data/hydroclimate-scenarios/BCSD_hadcm_A1B/swe_stats/jd_10pc_accum.2030-2059.asc
ncols	311
nrows	91
xllcenter	102.75
yllcenter	31.75
cellsize	0.5
NODATA_value	-9999
[rows 0 to 31 of 91, columns 213 to 283 of 311]
-9999 -9999 -9999 -9999 -9999 -9999 -9999 -9999 -9999 -9999 -9999 -9999 -9999 -9999 -9999 -9999 -9999 -9999 -9999 -9999 -9999 -9999 -9999 -9999 -9999 -9999 -9999 -9999 -9999 -9999 -9999 -9999 -9999 -9999 -9999 -9999 -9999 -9999 -9999 -9999 -9999 -9999 -9999 -9999 -9999 -9999 -9999 -9999 -9999 -9999 -9999 -9999 -9999 -9999 -9999 -9999 -9999 -9999 -9999 -9999 -9999 -9999 -9999 -9999 -9999 -9999 -9999 -9999 -9999 -9999 -9999
-9999 -9999 -9999 -9999 -9999 -9999 -9999 -9999 -9999 -9999 -9999 -9999 -9999 -9999 -9999 -9999 -9999 -9999 -9999 -9999 -9999 -9999 -9999 -9999 -9999 -9999 -9999 -9999 -9999 -9999 -9999 -9999 -9999 -9999 -9999 -9999 -9999 -9999 -9999 -9999 -9999 -9999 -9999 -9999 -9999 -9999 -9999 -9999 -9999 -9999 -9999 -9999 -9999 -9999 -9999 -9999 -9999 -9999 -9999 -9999 -9999 -9999 -9999 -9999 -9999 -9999 -9999 -9999 -9999 -9999 -9999
-9999 -9999 -9999 -9999 -9999 -9999 -9999 -9999 -9999 -9999 -9999 -9999 -9999 -9999 -9999 -9999 -9999 -9999 -9999 -9999 -9999 -9999 -9999 -9999 -9999 -9999 -9999 -9999 -9999 -9999 -9999 -9999 -9999 -9999 -9999 -9999 -9999 -9999 -9999 -9999 -9999 -9999 -9999 -9999 -9999 -9999 -9999 -9999 -9999 -9999 -9999 -9999 -9999 -9999 -9999 -9999 -9999 -9999 -9999 -9999 -9999 -9999 -9999 -9999 -9999 -9999 -9999 -9999 -9999 -9999 -9999
-9999 -9999 -9999 -9999 -9999 -9999 -9999 -9999 -9999 -9999 -9999 -9999 -9999 -9999 -9999 -9999 -9999 -9999 -9999 -9999 -9999 -9999 -9999 -9999 -9999 -9999 -9999 -9999 -9999 -9999 -9999 -9999 -9999 -9999 -9999 -9999 -9999 -9999 -9999 -9999 -9999 -9999 -9999 -9999 -9999 -9999 -9999 -9999 -9999 -9999 -9999 -9999 -9999 -9999 -9999 -9999 -9999 -9999 -9999 -9999 -9999 -9999 -9999 -9999 -9999 -9999 -9999 -9999 -9999 -9999 -9999
-9999 -9999 -9999 -9999 -9999 -9999 -9999 -9999 -9999 -9999 -9999 -9999 -9999 -9999 -9999 -9999 -9999 -9999 -9999 -9999 -9999 -9999 -9999 -9999 -9999 -9999 -9999 -9999 -9999 -9999 -9999 -9999 -9999 -9999 -9999 -9999 -9999 -9999 -9999 -9999 -9999 -9999 -9999 -9999 -9999 -9999 -9999 -9999 -9999 -9999 -9999 -9999 -9999 -9999 -9999 -9999 -9999 -9999 -9999 -9999 -9999 -9999 -9999 -9999 -9999 -9999 -9999 -9999 -9999 -9999 -9999
-9999 -9999 -9999 -9999 -9999 -9999 -9999 -9999 -9999 -9999 -9999 -9999 -9999 -9999 -9999 -9999 -9999 -9999 -9999 -9999 -9999 -9999 -9999 -9999 -9999 -9999 -9999 -9999 -9999 -9999 -9999 -9999 -9999 -9999 -9999 -9999 -9999 -9999 -9999 -9999 -9999 -9999 -9999 -9999 -9999 -9999 -9999 -9999 -9999 -9999 -9999 -9999 -9999 -9999 -9999 -9999 -9999 -9999 -9999 -9999 -9999 -9999 -9999 -9999 -9999 -9999 -9999 -9999 -9999 -9999 -9999
-9999 -9999 -9999 -9999 -9999 -9999 -9999 -9999 -9999 -9999 -9999 -9999 -9999 -9999 -9999 -9999 -9999 -9999 -9999 -9999 -9999 -9999 -9999 -9999 -9999 -9999 -9999 -9999 -9999 -9999 -9999 -9999 -9999 -9999 -9999 -9999 -9999 -9999 -9999 -9999 -9999 -9999 -9999 -9999 -9999 -9999 -9999 -9999 -9999 -9999 -9999 -9999 -9999 -9999 -9999 -9999 -9999 -9999 -9999 -9999 -9999 -9999 -9999 -9999 -9999 -9999 -9999 -9999 -9999 -9999 -9999
-9999 -9999 -9999 -9999 -9999 -9999 -9999 -9999 -9999 -9999 -9999 -9999 -9999 -9999 -9999 -9999 -9999 -9999 -9999 -9999 -9999 -9999 -9999 -9999 -9999 -9999 -9999 -9999 -9999 -9999 -9999 -9999 -9999 -9999 -9999 -9999 -9999 -9999 -9999 -9999 -9999 -9999 -9999 -9999 -9999 -9999 -9999 -9999 -9999 -9999 -9999 -9999 -9999 -9999 -9999 -9999 -9999 -9999 -9999 -9999 -9999 -9999 -9999 -9999 -9999 -9999 -9999 -9999 -9999 -9999 -9999
-9999 -9999 -9999 -9999 -9999 -9999 -9999 -9999 -9999 -9999 -9999 -9999 -9999 -9999 -9999 -9999 -9999 -9999 -9999 -9999 -9999 -9999 -9999 -9999 -9999 -9999 -9999 -9999 -9999 -9999 -9999 -9999 -9999 -9999 -9999 -9999 -9999 -9999 -9999 -9999 -9999 -9999 -9999 -9999 -9999 -9999 -9999 -9999 -9999 -9999 -9999 -9999 -9999 -9999 -9999 -9999 -9999 -9999 -9999 -9999 -9999 -9999 -9999 -9999 -9999 -9999 -9999 -9999 -9999 -9999 -9999
-9999 -9999 -9999 -9999 -9999 -9999 -9999 -9999 -9999 -9999 -9999 -9999 -9999 -9999 -9999 -9999 -9999 -9999 -9999 -9999 -9999 -9999 -9999 -9999 -9999 -9999 -9999 -9999 -9999 -9999 -9999 -9999 -9999 -9999 -9999 -9999 -9999 -9999 -9999 -9999 -9999 -9999 -9999 -9999 -9999 -9999 -9999 -9999 -9999 -9999 -9999 -9999 -9999 -9999 -9999 -9999 -9999 -9999 -9999 -9999 -9999 -9999 -9999 -9999 -9999 -9999 -9999 -9999 -9999 -9999 -9999
-9999 -9999 -9999 -9999 -9999 -9999 -9999 -9999 -9999 -9999 -9999 -9999 -9999 -9999 -9999 -9999 -9999 -9999 -9999 -9999 -9999 -9999 -9999 -9999 -9999 -9999 -9999 -9999 -9999 -9999 -9999 -9999 -9999 -9999 -9999 -9999 -9999 -9999 -9999 -9999 -9999 -9999 -9999 -9999 -9999 -9999 -9999 -9999 -9999 -9999 -9999 -9999 -9999 -9999 -9999 -9999 -9999 -9999 -9999 -9999 -9999 -9999 -9999 -9999 -9999 -9999 -9999 -9999 -9999 -9999 -9999
-9999 -9999 -9999 -9999 -9999 -9999 -9999 -9999 -9999 -9999 -9999 -9999 -9999 -9999 -9999 -9999 -9999 -9999 -9999 -9999 -9999 -9999 -9999 -9999 -9999 -9999 -9999 -9999 -9999 -9999 -9999 -9999 -9999 -9999 -9999 -9999 -9999 -9999 -9999 -9999 -9999 -9999 -9999 -9999 -9999 -9999 -9999 -9999 -9999 -9999 -9999 -9999 -9999 -9999 -9999 -9999 -9999 -9999 -9999 -9999 -9999 -9999 -9999 -9999 -9999 -9999 -9999 -9999 -9999 -9999 -9999
-9999 -9999 -9999 -9999 -9999 -9999 -9999 -9999 -9999 -9999 -9999 -9999 -9999 -9999 -9999 -9999 -9999 -9999 -9999 -9999 -9999 -9999 -9999 -9999 -9999 -9999 -9999 -9999 -9999 -9999 -9999 -9999 -9999 -9999 -9999 -9999 -9999 -9999 -9999 -9999 -9999 -9999 -9999 -9999 -9999 -9999 -9999 -9999 -9999 -9999 -9999 -9999 -9999 -9999 -9999 -9999 -9999 -9999 -9999 -9999 -9999 -9999 -9999 -9999 -9999 -9999 -9999 -9999 -9999 -9999 -9999
48.90000 48.76670 52.20000 52.00000 49.73330 48.40000 -9999 -9999 -9999 -9999 -9999 -9999 -9999 -9999 -9999 -9999 -9999 -9999 -9999 -9999 -9999 -9999 -9999 -9999 -9999 -9999 -9999 -9999 -9999 -9999 -9999 -9999 -9999 -9999 -9999 -9999 -9999 -9999 -9999 -9999 -9999 -9999 -9999 -9999 -9999 -9999 -9999 55.33330 -9999 -9999 -9999 -9999 -9999 -9999 -9999 -9999 -9999 -9999 -9999 -9999 -9999 -9999 -9999 -9999 -9999 -9999 -9999 -9999 -9999 -9999 -9999
45.53330 45.20000 48.03330 48.30000 46.73330 47.03330 45.33330 43.80000 41.46670 40.80000 83.96670 72.50000 80.66670 48.36670 45.63330 46.76670 47.56670 48.56670 40.73330 -9999 -9999 -9999 -9999 -9999 -9999 -9999 -9999 -9999 -9999 -9999 -9999 -9999 -9999 -9999 -9999 -9999 -9999 -9999 -9999 -9999 -9999 -9999 67.90000 46.26670 52.26670 157.46700 163.60001 65.96670 55.50000 -9999 -9999 -9999 62.73330 -9999 -9999 -9999 58.10000 55.36670 53.66670 -9999 -9999 -9999 -9999 -9999 -9999 -9999 -9999 -9999 -9999 -9999 -9999
45.40000 45.10000 44.20000 43.63330 44.36670 43.43330 63.23330 211.60001 203.34500 210.00000 213.83299 226.89999 215.80000 213.36700 276.03299 219.70000 222.39999 223.00000 246.96700 240.16701 202.23300 122.90000 36.70000 38.13330 44.90000 -9999 -9999 -9999 -9999 -9999 44.20000 44.56670 44.63330 45.20000 47.86670 49.70000 52.23330 51.76670 49.66670 49.00000 50.20000 49.23330 131.83299 111.16700 152.33299 134.63300 148.13300 130.46700 55.20000 56.70000 54.33330 56.60000 61.33330 62.46670 61.83330 60.16670 55.76670 53.93330 55.10000 53.06670 52.13330 52.20000 50.80000 51.10000 -9999 -9999 -9999 -9999 -9999 -9999 -9999
44.53330 43.50000 40.96670 53.80000 58.03330 53.03330 215.03300 221.60001 222.00000 218.63300 275.36700 236.73300 220.03300 228.73300 221.86700 224.86700 223.70000 218.36700 227.93300 193.16701 137.66701 132.13300 38.26670 92.13330 40.70000 40.63330 44.83330 46.50000 43.63330 44.86670 44.56670 45.50000 45.26670 45.46670 48.36670 49.33330 49.80000 49.80000 47.80000 48.03330 47.96670 48.26670 47.33330 47.50000 52.40000 51.66670 54.86670 55.43330 56.43330 55.43330 55.23330 56.06670 55.26670 55.86670 55.76670 55.83330 54.36670 53.23330 54.90000 55.00000 53.63330 51.93330 50.43330 46.76670 49.73330 48.53330 49.50000 48.63330 46.83330 46.96670 48.93330
34.26670 64.83330 25.76670 179.53300 178.60001 227.00000 217.70000 217.73300 209.60001 206.13800 210.56700 212.56700 217.13300 217.13300 217.00000 215.70000 210.63300 125.70000 76.03330 66.90000 78.80000 43.86670 41.80000 41.86670 41.96670 42.00000 46.43330 45.76670 43.83330 44.96670 44.10000 49.13330 47.56670 48.10000 51.40000 51.40000 51.10000 51.93330 51.30000 51.33330 52.23330 52.80000 52.50000 52.33330 53.56670 53.46670 56.80000 56.36670 55.80000 56.76670 56.53330 56.20000 55.33330 55.90000 56.96670 56.86670 55.20000 54.76670 55.73330 56.00000 53.96670 53.30000 52.13330 49.63330 51.13330 51.03330 50.00000 49.40000 47.63330 47.56670 49.30000
59.46670 52.56670 51.60000 49.06670 40.93330 53.36670 58.16670 98.70000 78.20000 61.40000 53.93330 57.46670 76.50000 72.50000 221.00000 69.93330 48.33330 89.63330 74.36670 67.76670 46.86670 45.40000 44.80000 44.13330 47.53330 44.70000 47.76670 54.43330 54.00000 56.46670 49.10000 51.50000 54.73330 55.40000 56.60000 56.46670 56.10000 57.10000 58.06670 57.66670 59.43330 60.46670 56.56670 56.40000 57.76670 58.26670 54.93330 54.40000 55.76670 56.13330 56.30000 56.53330 56.90000 55.30000 55.43330 54.80000 54.56670 55.00000 53.43330 52.93330 51.33330 51.63330 50.46670 51.16670 52.23330 51.00000 51.76670 52.00000 48.73330 49.30000 50.03330
42.90000 40.83330 60.83330 62.20000 61.70000 62.56670 68.86670 64.66670 51.36670 54.26670 55.56670 55.56670 51.86670 52.23330 51.50000 50.73330 53.80000 56.40000 50.13330 49.10000 52.63330 52.40000 50.06670 47.86670 51.43330 48.73330 53.33330 51.80000 50.90000 54.46670 49.13330 51.36670 55.83330 52.46670 56.83330 58.36670 58.13330 58.73330 58.23330 58.83330 60.93330 61.76670 62.10000 60.60000 58.53330 61.46670 55.56670 55.00000 56.70000 56.66670 58.00000 58.30000 55.70000 55.36670 54.96670 54.10000 54.33330 54.46670 53.73330 53.56670 51.63330 51.70000 53.66670 55.06670 52.96670 53.20000 52.63330 52.53330 50.63330 50.00000 52.16670
44.36670 36.56670 38.46670 42.53330 46.16670 48.93330 54.93330 54.80000 55.66670 55.70000 63.10000 61.46670 53.50000 56.06670 53.33330 53.53330 51.33330 54.00000 50.56670 50.26670 73.26670 71.60000 64.33330 79.40000 52.50000 51.40000 54.53330 54.50000 48.23330 48.40000 49.70000 52.93330 55.86670 54.96670 54.90000 56.13330 57.50000 58.53330 58.80000 60.46670 65.96670 66.26670 60.83330 60.16670 58.86670 59.80000 61.06670 58.06670 59.73330 58.86670 57.80000 53.46670 53.83330 54.86670 50.86670 52.20000 51.03330 50.66670 53.10000 53.33330 57.23330 57.46670 51.76670 51.83330 53.90000 53.73330 52.40000 53.26670 50.43330 50.76670 51.56670
43.86670 45.40000 48.03330 56.90000 57.00000 57.00000 63.06670 61.23330 65.30000 64.93330 63.96670 61.00000 55.26670 53.36670 57.40000 57.33330 53.73330 55.46670 51.50000 51.96670 91.76670 162.06700 179.86700 115.36700 54.93330 51.30000 54.46670 54.53330 52.66670 52.36670 52.60000 51.73330 52.10000 54.96670 57.06670 56.83330 56.06670 55.33330 57.00000 58.43330 65.96670 64.36670 59.60000 60.66670 60.70000 59.43330 61.30000 60.90000 61.73330 60.76670 53.76670 53.56670 54.46670 54.93330 56.33330 55.20000 53.60000 52.16670 53.43330 53.83330 56.66670 58.93330 53.80000 52.66670 54.03330 54.73330 56.60000 59.36670 53.96670 51.36670 54.80000
46.43330 52.90000 50.26670 51.03330 54.93330 54.66670 57.56670 79.33330 78.16670 53.13330 72.93330 67.90000 54.86670 54.90000 54.43330 54.63330 54.80000 56.63330 58.93330 58.66670 93.63330 165.96700 168.20000 123.53300 97.23330 59.90000 53.70000 55.03330 54.33330 54.06670 56.50000 56.63330 56.86670 53.50000 55.43330 54.96670 55.13330 55.50000 54.80000 54.53330 55.43330 57.46670 60.53330 62.26670 61.66670 60.26670 64.46670 61.13330 59.86670 60.40000 60.90000 57.96670 57.96670 58.63330 59.66670 59.30000 56.83330 55.90000 54.66670 60.00000 59.60000 54.23330 56.53330 54.53330 52.96670 52.80000 63.33330 61.90000 55.40000 54.50000 56.96670
62.40000 61.46670 56.70000 60.60000 67.50000 66.50000 61.13330 60.36670 79.36670 68.10000 62.33330 58.00000 51.32140 57.76670 63.50000 65.30000 55.70000 54.50000 57.10000 60.56670 92.26670 166.66701 116.83300 111.66700 90.50000 80.00000 77.63330 78.03330 74.40000 63.76670 55.16670 53.86670 55.20000 56.46670 65.96670 71.90000 82.63330 77.30000 64.13330 58.60000 66.06670 60.06670 54.93330 55.26670 56.66670 57.00000 61.30000 65.73330 66.13330 63.26670 62.76670 62.93330 58.53330 56.96670 58.46670 56.93330 54.56670 53.60000 60.40000 58.60000 56.60000 60.43330 58.36670 60.33330 60.26670 61.13330 65.60000 65.63330 60.10000 56.36670 57.33330
60.56670 60.20000 60.80000 63.26670 64.70000 68.76670 67.30000 67.20000 64.13330 66.76670 67.23330 63.46670 76.24140 74.43330 164.43300 107.46700 278.58301 43.28000 140.03300 63.53330 52.96670 167.33299 173.23300 172.30000 170.56700 118.70000 169.73300 81.90000 80.06670 79.56670 84.00000 87.33330 81.56670 86.10000 90.70000 87.43330 87.40000 88.20000 85.86670 83.66670 84.03330 80.73330 68.30000 68.13330 62.63330 61.66670 60.73330 57.73330 59.10000 62.43330 60.93330 62.10000 60.30000 56.60000 53.06670 52.56670 58.70000 61.83330 62.60000 62.43330 60.13330 57.80000 62.06670 58.96670 66.70000 66.36670 66.00000 63.36670 63.70000 59.90000 61.03330
64.33330 61.86670 55.40000 57.80000 52.66670 55.20000 62.33330 62.76670 61.53330 63.40000 59.66670 55.70000 76.16670 63.73330 117.03300 133.66701 148.73300 53.37500 84.76670 83.03330 74.46670 70.36670 121.23300 80.06670 80.23330 116.90000 124.96700 88.23330 83.80000 77.50000 76.06670 77.56670 79.90000 81.93330 81.00000 84.53330 77.86670 80.90000 83.26670 81.10000 82.20000 78.83330 60.40000 58.70000 55.20000 55.96670 57.56670 55.80000 52.73330 54.63330 58.20000 60.70000 59.50000 57.43330 54.03330 56.46670 59.66670 59.33330 60.90000 62.86670 60.10000 61.33330 62.33330 57.73330 61.23330 63.83330 66.76670 65.93330 65.73330 65.66670 63.90000
59.50000 59.00000 49.93330 47.20000 51.83330 42.76670 61.83330 60.03330 52.13330 63.13330 50.56670 57.73330 50.16670 61.20000 60.40000 58.13330 55.10000 54.16670 73.53330 90.56670 80.83330 80.26670 81.60000 74.80000 70.30000 70.73330 70.30000 74.40000 74.46670 66.20000 66.30000 68.50000 69.10000 72.00000 75.33330 69.93330 79.36670 76.36670 76.20000 70.70000 65.56670 60.30000 56.46670 54.66670 55.60000 53.60000 53.93330 55.96670 52.83330 51.40000 54.93330 59.80000 61.43330 62.36670 60.96670 60.06670 61.76670 63.06670 60.96670 64.00000 63.23330 65.33330 63.90000 64.00000 63.06670 63.33330 67.26670 67.80000 67.50000 67.16670 62.66670
-9999 44.16670 37.00000 42.46670 42.30000 47.06670 47.53330 45.16670 73.63330 72.43330 83.56670 83.40000 70.86670 50.13330 45.20000 52.00000 57.03330 57.36670 50.73330 51.36670 56.23330 65.73330 70.60000 65.83330 75.43330 72.66670 73.93330 71.30000 72.90000 72.46670 72.63330 77.53330 76.73330 74.83330 81.30000 82.96670 78.73330 73.26670 71.23330 67.23330 62.03330 56.30000 55.73330 52.60000 52.03330 52.23330 53.66670 54.13330 52.60000 51.46670 53.33330 55.20000 58.73330 60.93330 61.23330 60.80000 59.10000 61.13330 65.66670 64.93330 63.40000 66.16670 65.90000 64.03330 62.20000 64.66670 67.13330 68.36670 69.33330 68.13330 65.63330
45.36670 64.83330 57.56670 45.10000 48.60000 47.13330 48.03330 51.10000 55.40000 55.26670 54.46670 54.50000 59.43330 55.93330 59.40000 53.70000 51.83330 57.13330 50.36670 53.50000 55.70000 62.03330 62.50000 70.20000 79.23330 83.26670 72.76670 70.93330 72.00000 69.60000 72.53330 73.86670 77.46670 79.73330 80.13330 79.36670 76.36670 75.56670 72.46670 65.63330 63.50000 58.26670 53.83330 51.73330 51.50000 51.53330 50.73330 52.40000 53.86670 56.20000 55.26670 56.06670 59.43330 64.60000 63.46670 64.23330 65.96670 67.46670 66.43330 66.10000 64.53330 63.76670 65.63330 65.93330 67.63330 68.56670 68.63330 69.66670 68.46670 68.10000 69.03330
75.23330 77.26670 67.63330 46.13330 41.83330 41.73330 45.70000 47.50000 56.53330 58.66670 64.03330 65.13330 51.73330 31.23330 33.90000 38.30000 39.50000 45.33330 46.86670 50.23330 61.90000 60.33330 58.56670 61.70000 63.53330 72.80000 74.70000 76.30000 75.60000 70.83330 74.70000 77.13330 78.86670 81.43330 79.43330 80.16670 72.90000 73.00000 68.06670 67.30000 64.56670 60.10000 55.93330 52.83330 51.60000 51.60000 50.36670 51.63330 53.90000 56.10000 55.90000 55.96670 58.90000 64.10000 63.43330 68.83330 71.10000 69.43330 68.00000 68.36670 68.56670 67.80000 65.20000 66.03330 69.63330 71.36670 72.36670 71.26670 71.83330 69.66670 65.66670
76.53330 77.93330 77.20000 65.50000 53.20000 45.53330 43.90000 42.36670 47.86670 53.30000 57.10000 64.13330 57.43330 45.63330 -9999 -9999 1.00000 32.93330 39.30000 44.20000 47.90000 48.73330 53.26670 54.16670 61.96670 72.06670 67.36670 69.00000 72.20000 76.86670 78.36670 80.73330 82.00000 80.96670 79.50000 80.10000 78.10000 70.36670 66.06670 64.83330 66.06670 60.43330 64.46670 55.40000 53.10000 51.93330 52.13330 53.56670 55.46670 57.90000 59.83330 60.06670 56.96670 61.43330 67.30000 68.03330 70.70000 68.76670 71.13330 70.30000 69.13330 69.60000 72.90000 73.56670 75.43330 76.20000 75.23330 73.60000 77.86670 76.60000 74.76670
83.53330 -9999 78.80000 60.46670 52.86670 -9999 -9999 -9999 -9999 41.40000 52.10000 55.60000 55.80000 55.33330 51.00000 55.16670 63.63330 41.60000 -9999 -9999 -9999 -9999 1.00000 49.73330 51.86670 54.80000 55.76670 59.96670 60.36670 64.93330 73.00000 78.66670 84.60000 82.93330 80.30000 77.33330 70.56670 70.86670 66.73330 63.63330 60.53330 58.53330 64.10000 65.70000 56.73330 55.40000 55.86670 56.90000 59.46670 63.80000 63.43330 63.00000 58.66670 59.26670 69.73330 71.66670 72.23330 71.63330 71.66670 71.60000 69.50000 71.20000 74.23330 74.43330 77.63330 77.03330 75.66670 75.90000 77.26670 76.03330 75.43330
