data/hydroclimate-scenarios/BCSD_hadcm_A1B/swe_stats/jd_90pc_melt.2070-2099.asc
ncols	311
nrows	91
xllcenter	102.75
yllcenter	31.75
cellsize	0.5
NODATA_value	-9999
[rows 31 to 61 of 91, columns 0 to 69 of 311]
-9999 -9999 -9999 -9999 -9999 -9999 -9999 -9999 -9999 -9999 -9999 246.23300 237.89999 248.50000 247.89999 250.60001 253.30000 253.86700 258.29999 256.26700 255.43300 246.23300 246.00000 254.46700 252.53300 248.96700 251.30000 249.16701 245.86700 244.53300 243.46700 246.56700 233.86700 231.66701 244.63300 241.03300 247.43300 230.50000 232.33299 236.50000 233.80000 235.36700 248.39999 248.10001 246.93300 245.13300 244.10001 245.76700 244.46700 240.93300 241.03300 246.50000 247.26700 246.86700 236.70000 232.80000 233.56700 231.83299 231.86700 239.20000 240.93300 236.06700 237.96700 241.80000 242.26700 243.66701 244.96700 245.89999 253.53300 258.56699
-9999 -9999 -9999 -9999 -9999 -9999 -9999 -9999 -9999 -9999 -9999 251.66701 251.73300 250.10001 252.30000 257.06699 255.33299 254.80000 259.20001 256.66699 258.36700 253.86700 252.33299 251.39999 251.06700 251.26700 249.70000 249.60001 249.63300 247.16701 246.70000 246.76700 248.06700 247.30000 246.39999 241.03300 227.23300 228.53300 229.86700 245.06700 244.10001 245.16701 237.06700 239.03300 248.23300 245.86700 242.76700 246.06700 242.86700 245.73300 243.96700 243.13300 243.80000 237.56700 238.26700 235.06700 234.13300 237.03300 240.20000 242.26700 241.83299 242.60001 242.00000 243.30000 242.76700 242.06700 243.50000 242.86700 251.39999 258.00000
-9999 -9999 -9999 -9999 -9999 -9999 -9999 -9999 -9999 -9999 -9999 253.73300 254.30000 252.10001 253.20000 255.23300 255.50000 255.56700 255.03300 254.39999 255.36700 252.50000 250.96700 249.83299 251.46700 249.43300 250.10001 250.63300 248.23300 245.93300 240.30000 247.10001 247.66701 246.73300 247.33299 241.96700 244.89999 245.00000 249.00000 252.66701 251.10001 251.83299 249.20000 250.30000 252.73300 250.36700 249.70000 249.66701 248.70000 248.66701 248.13300 245.10001 244.80000 243.33299 241.96700 240.53300 241.76700 243.00000 241.36700 244.13300 241.89999 244.53300 242.73300 242.83299 249.33299 245.36700 245.43300 248.66701 251.63300 257.03299
-9999 -9999 -9999 -9999 -9999 -9999 -9999 -9999 -9999 -9999 -9999 -9999 252.83299 252.46700 251.63300 252.23300 253.36700 252.10001 250.53300 237.13300 251.80000 250.70000 252.86700 255.03300 254.39999 257.73300 254.20000 252.30000 246.03300 243.73300 245.66701 244.06700 244.26700 245.43300 245.00000 245.20000 247.93300 248.86700 248.46700 250.76700 249.13300 251.53300 251.50000 247.43300 245.06700 250.43300 249.53300 250.39999 249.33299 246.56700 246.43300 247.46700 247.39999 244.63300 244.83299 243.93300 243.50000 243.13300 243.30000 242.66701 242.36700 243.36700 243.80000 242.70000 243.63300 243.76700 244.56700 247.46700 256.56699 260.56699
-9999 -9999 -9999 -9999 -9999 -9999 -9999 -9999 -9999 -9999 -9999 -9999 250.56700 250.53300 251.23300 250.66701 250.43300 250.13300 249.13300 239.86700 247.60001 256.13300 257.46701 256.06699 256.33301 251.73300 248.76700 251.60001 246.66701 242.39999 248.00000 246.56700 242.53300 242.30000 244.03300 245.23300 246.53300 247.00000 246.33299 250.63300 249.53300 253.80000 253.00000 251.36700 251.13300 253.20000 252.83299 250.86700 249.66701 248.50000 247.16701 247.39999 247.16701 244.10001 242.96700 242.30000 241.96700 242.06700 243.93300 247.96700 245.56700 248.89999 249.03300 251.10001 248.43300 241.70000 243.16701 248.43300 253.06700 254.16701
-9999 -9999 -9999 -9999 -9999 -9999 -9999 -9999 -9999 -9999 -9999 -9999 250.16701 247.83299 246.93300 248.80000 248.89999 248.13300 244.86700 250.43300 256.00000 256.66699 255.00000 254.16701 250.86700 250.60001 247.86700 244.23300 243.50000 243.00000 244.83299 242.30000 244.89999 245.06700 243.10001 243.36700 244.16701 246.80000 246.23300 248.89999 252.36700 254.33299 251.56700 254.20000 254.73300 256.73300 256.29999 257.00000 255.53300 250.00000 249.60001 248.83299 247.93300 245.20000 243.60001 243.46700 244.63300 246.83299 248.86700 251.46700 249.76700 251.33299 247.80000 243.63300 246.23300 246.30000 247.80000 250.00000 256.10001 255.00000
-9999 -9999 -9999 247.63300 248.30000 247.86700 247.16701 247.89999 248.73300 -9999 248.60001 249.30000 247.76700 245.93300 246.06700 246.89999 247.89999 245.03300 251.06700 254.03300 253.60001 251.13300 248.83299 246.86700 246.53300 244.83299 242.66701 245.60001 245.63300 246.03300 245.10001 240.53300 234.06700 239.20000 234.53300 238.20000 237.26700 243.43300 244.03300 248.10001 249.60001 251.50000 246.89999 249.33299 252.26700 254.66701 258.33301 254.63300 253.86700 251.10001 250.89999 251.23300 253.66701 254.06700 250.96700 253.43300 253.26700 247.03300 248.89999 247.26700 246.56700 249.60001 248.39999 247.46700 246.53300 247.16701 249.23300 252.73300 253.60001 254.96700
-9999 -9999 -9999 244.10001 243.73300 244.10001 245.63300 245.53300 245.53300 245.33299 244.93300 244.30000 245.83299 245.13300 249.56700 250.13300 250.83299 250.56700 249.73300 247.66701 247.03300 250.13300 247.30000 245.70000 247.80000 244.06700 243.39999 241.73300 241.80000 243.16701 238.76700 238.86700 238.96700 236.63300 236.66701 238.10001 237.16701 244.33299 239.50000 249.10001 248.20000 246.26700 242.10001 248.63300 255.46700 259.16699 259.20001 252.39999 256.26700 256.20001 255.83299 252.63300 255.53300 254.53300 250.23300 251.43300 248.03300 249.03300 250.83299 251.86700 249.89999 250.80000 251.26700 246.83299 247.60001 246.86700 249.13300 245.60001 250.20000 256.89999
-9999 -9999 -9999 238.36700 239.30000 241.43300 243.60001 243.13300 241.23300 240.60001 242.16701 243.26700 246.60001 248.70000 245.86700 238.76700 251.43300 249.66701 241.60001 242.89999 246.73300 249.50000 245.89999 247.03300 247.46700 247.16701 245.46700 242.36700 241.00000 245.80000 253.50000 247.43300 240.16701 235.23300 237.80000 239.39999 238.83299 238.66701 238.26700 243.06700 245.43300 245.23300 243.80000 242.43300 247.66701 254.13300 255.20000 254.93300 255.46700 257.20001 258.00000 251.26700 251.23300 251.30000 249.00000 247.60001 247.00000 247.70000 249.70000 250.83299 248.36700 248.36700 247.06700 247.76700 247.46700 249.06700 250.06700 254.36700 263.23300 270.63300
-9999 -9999 -9999 236.03300 232.30000 239.70000 241.33299 242.00000 240.73300 241.20000 240.00000 239.33299 241.73300 243.20000 241.70000 240.33299 242.60001 244.89999 248.26700 245.43300 242.93300 246.10001 248.50000 248.39999 246.39999 248.56700 238.66701 231.73300 237.73300 247.46700 247.46700 234.76700 240.60001 243.53300 245.13300 239.73300 230.83299 229.03300 230.16701 235.53300 239.30000 246.56700 251.16701 248.23300 244.00000 247.63300 251.13300 249.39999 255.00000 253.43300 255.60001 252.30000 252.13300 254.89999 251.80000 248.70000 248.39999 249.06700 250.63300 254.10001 259.13300 252.43300 250.46700 249.03300 250.00000 250.93300 253.39999 260.73300 272.53299 277.66699
-9999 -9999 -9999 230.10001 228.10001 237.46700 238.86700 238.76700 241.16701 239.56700 236.06700 242.03300 240.26700 242.23300 246.20000 245.53300 246.13300 247.30000 246.46700 238.86700 241.53300 241.50000 244.73300 246.00000 242.33299 241.03300 235.23300 223.56700 232.20000 241.60001 241.06700 239.03300 240.36700 236.13300 232.80000 234.36700 234.00000 228.13300 227.70000 231.73300 237.46700 240.73300 246.39999 247.46700 243.03300 243.56700 245.23300 246.83299 248.30000 249.96700 250.43300 245.26700 248.00000 253.23300 249.00000 253.23300 245.89999 243.16701 246.13300 257.86700 255.50000 255.30000 254.03300 256.53299 258.53299 252.83299 257.60001 267.66699 274.70001 276.53299
-9999 -9999 -9999 -9999 232.89999 236.89999 237.46700 241.66701 242.10001 238.20000 233.83299 240.03300 244.53300 246.30000 -9999 -9999 -9999 -9999 -9999 248.73300 242.86700 236.26700 238.36700 243.16701 236.43300 231.76700 224.83299 224.00000 230.93300 225.16701 228.03300 229.76700 231.63300 228.13300 220.39999 221.36700 222.30000 222.06700 222.26700 224.13300 225.30000 228.36700 230.10001 235.70000 237.03300 237.83299 239.96700 242.56700 241.63300 239.56700 242.70000 243.76700 241.23300 249.73300 251.36700 251.43300 253.20000 254.13300 254.06700 252.93300 255.46700 258.16699 259.10001 257.39999 258.83301 260.53299 260.96701 260.79999 254.66701 -9999
-9999 -9999 227.23300 229.66701 231.83299 232.76700 234.10001 241.76700 236.73300 235.70000 232.10001 238.70000 246.56700 -9999 -9999 -9999 -9999 -9999 248.06700 239.86700 239.23300 226.83299 226.06700 231.30000 232.50000 230.73300 218.80000 214.39999 215.03300 217.66701 217.96700 223.30000 223.03300 220.73300 216.96700 215.30000 218.83299 220.26700 220.43300 222.03300 224.93300 221.93300 223.93300 226.96700 226.33299 230.33299 233.73300 233.80000 231.86700 227.10001 228.16701 234.46700 236.13300 238.10001 243.36700 240.30000 244.39999 250.26700 251.26700 247.16701 249.26700 251.33299 251.00000 252.36700 251.03300 253.26700 253.53300 -9999 -9999 -9999
-9999 -9999 227.16701 228.10001 227.76700 228.39999 228.70000 234.93300 232.20000 230.60001 234.66701 240.33299 247.00000 -9999 -9999 -9999 -9999 245.46700 239.63300 231.63300 230.43300 227.39999 225.53300 224.56700 218.16701 208.73300 208.26700 214.66701 208.53300 205.16701 218.30000 219.23300 216.46700 215.26700 216.96700 218.20000 217.56700 217.53300 221.36700 222.26700 217.86700 219.70000 218.60001 223.89999 225.36700 227.93300 228.56700 226.63300 219.83299 224.16701 222.86700 224.10001 225.10001 227.60001 229.06700 225.66701 229.13300 240.76700 247.03300 244.73300 240.96700 247.36700 243.20000 242.03300 240.23300 -9999 -9999 -9999 -9999 -9999
-9999 -9999 225.70000 230.10001 229.33299 229.53300 227.80000 228.60001 230.33299 232.10001 238.53300 243.20000 218.26700 -9999 -9999 -9999 -9999 248.36700 235.46700 228.53300 228.46700 222.60001 214.16701 211.70000 211.30000 207.70000 215.46700 211.46700 209.33299 212.36700 217.89999 216.06700 217.06700 218.70000 217.30000 213.76700 212.86700 212.66701 220.26700 216.26700 211.70000 211.13300 210.86700 221.70000 219.60001 227.50000 231.83299 226.16701 221.73300 229.83299 225.93300 221.43300 224.76700 226.20000 226.26700 221.16701 223.50000 230.96700 234.46700 236.00000 230.03300 229.93300 230.70000 239.23300 247.73300 253.26700 243.26700 251.43300 255.33299 -9999
-9999 -9999 -9999 227.70000 228.00000 225.39999 223.13300 223.16701 230.53300 237.93300 239.03300 219.23300 -9999 -9999 -9999 -9999 242.39999 232.73300 226.60001 222.70000 214.16701 214.06700 215.39999 210.76700 207.13300 211.89999 211.66701 212.39999 208.83299 217.70000 215.70000 212.56700 208.13300 213.83299 209.36700 205.30000 205.26700 204.96700 209.43300 207.16701 206.13300 209.43300 202.43300 206.76700 209.20000 210.63300 210.26700 211.70000 213.76700 218.46700 221.03300 227.39999 226.43300 223.43300 229.30000 237.66701 234.10001 244.86700 245.39999 239.50000 232.83299 232.10001 241.83299 256.26700 265.26700 247.53300 240.10001 243.00000 245.80000 251.46700
-9999 -9999 -9999 -9999 225.53300 218.76700 218.53300 229.20000 235.66701 230.23300 218.80000 -9999 -9999 -9999 -9999 243.63300 231.46700 221.80000 220.76700 219.39999 213.36700 211.46700 210.63300 211.36700 209.83299 210.60001 212.06700 212.06700 211.26700 205.20000 212.10001 204.86700 204.33299 207.33299 207.93300 203.63300 208.10001 216.16701 216.16701 209.10001 210.30000 211.16701 209.20000 208.10001 200.96700 204.76700 208.96700 209.10001 210.03300 216.33299 215.50000 214.83299 218.33299 219.53300 216.83299 220.10001 219.66701 228.70000 230.56700 229.63300 236.30000 241.00000 242.63300 242.89999 249.66701 246.36700 236.89999 232.10001 244.03300 245.30000
-9999 -9999 -9999 -9999 -9999 -9999 226.13300 227.93300 212.76700 218.96700 224.66701 -9999 -9999 -9999 -9999 -9999 223.56700 217.96700 216.06700 213.70000 215.33299 204.63300 209.83299 213.39999 214.00000 209.96700 208.16701 212.36700 208.50000 208.20000 208.10001 204.13300 204.53300 202.46700 204.46700 199.13300 210.89999 218.43300 215.76700 212.86700 213.60001 215.36700 219.06700 212.86700 205.20000 197.63300 205.46700 217.30000 211.63300 217.93300 213.00000 211.76700 212.86700 212.63300 214.16701 214.13300 215.80000 224.33299 226.10001 229.46700 236.89999 240.56700 244.03300 244.80000 254.03300 247.23300 235.56700 226.16701 229.26700 230.63300
-9999 -9999 -9999 -9999 -9999 -9999 -9999 -9999 -9999 -9999 -9999 -9999 -9999 -9999 -9999 -9999 -9999 -9999 -9999 212.96700 210.00000 207.20000 210.50000 209.36700 209.46700 209.00000 210.70000 206.10001 206.96700 212.56700 210.70000 204.30000 206.26700 201.43300 204.13300 204.60001 198.03300 201.46700 201.80000 206.73300 208.63300 204.16701 205.46700 204.63300 200.50000 202.56700 203.13300 207.03300 215.30000 211.86700 213.26700 211.30000 211.70000 210.16701 210.26700 211.56700 211.89999 217.83299 222.43300 226.53300 236.93300 236.60001 240.43300 245.89999 252.83299 236.80000 224.96700 221.70000 223.36700 238.73300
-9999 -9999 -9999 -9999 -9999 -9999 -9999 -9999 -9999 -9999 -9999 -9999 -9999 -9999 -9999 -9999 -9999 -9999 218.00000 220.93300 212.56700 206.13300 205.80000 206.96700 207.39999 207.36700 203.76700 206.50000 206.70000 209.89999 209.03300 208.03300 206.83299 202.66701 201.46700 203.76700 200.53300 200.93300 205.73300 208.00000 215.23300 212.63300 209.86700 209.30000 205.63300 204.96700 201.53300 208.66701 205.36700 206.73300 210.86700 208.83299 207.96700 209.63300 208.39999 207.56700 210.13300 223.00000 227.33299 224.50000 225.33299 225.80000 232.70000 238.36700 241.36700 233.30000 229.83299 218.93300 223.26700 227.66701
-9999 -9999 -9999 -9999 -9999 -9999 -9999 -9999 -9999 -9999 -9999 -9999 -9999 -9999 -9999 -9999 -9999 219.39999 218.76700 214.00000 212.93300 208.96700 203.76700 204.36700 203.50000 202.50000 202.60001 204.50000 205.23300 210.39999 210.30000 207.93300 207.33299 206.46700 206.73300 202.70000 204.46700 205.93300 204.16701 212.73300 216.23300 216.06700 209.46700 206.60001 205.33299 204.53300 205.50000 206.89999 204.73300 207.53300 208.30000 208.53300 210.83299 210.36700 208.86700 207.89999 216.30000 225.30000 224.20000 221.96700 216.76700 222.73300 238.10001 242.33299 231.20000 230.96700 229.70000 220.16701 220.06700 228.66701
-9999 -9999 -9999 -9999 -9999 -9999 -9999 -9999 -9999 -9999 -9999 -9999 -9999 -9999 -9999 -9999 -9999 217.60001 214.33299 213.39999 209.63300 211.26700 209.43300 203.93300 198.76700 205.10001 205.00000 202.26700 204.76700 207.10001 208.26700 210.53300 209.73300 206.46700 206.30000 207.96700 205.53300 210.26700 220.60001 216.30000 215.33299 208.43300 204.23300 208.73300 208.76700 203.39999 201.70000 208.93300 206.03300 204.93300 205.86700 207.16701 207.96700 212.36700 212.53300 211.06700 224.43300 227.16701 224.20000 218.06700 221.76700 233.53300 230.43300 236.70000 242.56700 234.53300 227.76700 234.63300 222.43300 227.43300
-9999 -9999 -9999 -9999 -9999 -9999 -9999 -9999 -9999 -9999 -9999 -9999 -9999 -9999 -9999 -9999 224.86700 220.33299 220.56700 213.00000 207.53300 205.89999 206.73300 199.13300 194.39999 201.23300 201.26700 198.23300 198.53300 204.70000 204.56700 206.70000 207.89999 205.00000 205.06700 205.03300 206.16701 208.73300 214.26700 210.63300 210.20000 208.93300 209.00000 207.16701 202.63300 201.03300 203.60001 209.33299 206.10001 205.60001 206.23300 205.86700 207.20000 210.53300 211.43300 209.86700 218.70000 221.36700 222.03300 220.93300 219.63300 227.73300 234.20000 244.73300 239.43300 235.00000 229.33299 227.36700 218.63300 218.56700
-9999 -9999 -9999 -9999 -9999 -9999 -9999 -9999 -9999 -9999 -9999 -9999 -9999 224.39999 228.06700 222.30000 224.66701 228.80000 222.33299 207.66701 205.60001 199.76700 193.00000 199.76700 200.03300 192.80000 196.53300 197.36700 197.83299 199.83299 200.06700 202.73300 204.36700 206.80000 207.66701 208.86700 208.06700 203.63300 207.53300 209.89999 207.33299 208.13300 205.86700 198.50000 196.89999 201.39999 202.63300 204.39999 201.83299 205.50000 204.96700 206.73300 207.89999 210.56700 210.70000 207.13300 217.50000 218.39999 217.26700 218.36700 221.83299 224.23300 224.80000 230.30000 226.70000 212.30000 213.10001 219.73300 220.89999 219.26700
-9999 -9999 -9999 -9999 -9999 -9999 -9999 -9999 -9999 -9999 -9999 -9999 213.39999 223.06700 223.86700 221.89999 220.63300 215.33299 215.13300 195.89999 201.89999 191.63300 193.30000 196.53300 196.60001 190.96700 192.39999 196.56700 196.73300 197.89999 198.76700 199.89999 201.86700 205.33299 205.89999 206.33299 207.26700 203.30000 206.20000 203.00000 205.26700 204.70000 199.73300 190.89999 195.33299 201.06700 198.10001 202.80000 203.23300 204.46700 204.13300 205.30000 205.60001 207.33299 208.83299 206.83299 201.06700 216.33299 217.66701 223.33299 221.53300 220.33299 218.23300 222.33299 218.53300 212.80000 213.23300 218.26700 218.23300 222.83299
-9999 -9999 -9999 -9999 -9999 -9999 -9999 -9999 -9999 -9999 -9999 233.83299 223.89999 229.33299 224.00000 210.93300 204.06700 208.39999 205.43300 205.76700 200.66701 190.70000 187.56700 196.26700 196.53300 195.46700 195.93300 192.06700 191.53300 194.16701 194.80000 196.03300 196.53300 201.66701 201.83299 206.13300 209.43300 209.20000 207.36700 199.93300 196.10001 197.50000 196.60001 190.00000 194.03300 199.46700 197.36700 199.30000 200.33299 198.56700 202.60001 209.73300 206.23300 212.63300 213.20000 202.06700 201.06700 204.13300 202.53300 204.33299 205.93300 207.80000 210.80000 211.13300 211.56700 212.66701 213.76700 214.73300 217.76700 235.03300
-9999 -9999 -9999 -9999 -9999 -9999 -9999 -9999 -9999 -9999 222.30000 227.26700 217.33299 222.76700 216.10001 205.23300 199.93300 199.70000 200.96700 206.46700 197.63300 180.06700 184.10001 191.30000 193.53300 192.50000 193.86700 188.13300 189.43300 192.93300 193.20000 195.50000 195.93300 197.70000 204.36700 206.46700 208.43300 211.39999 208.93300 198.26700 193.23300 191.96700 188.66701 189.76700 190.30000 195.36700 196.53300 196.23300 197.33299 198.30000 205.06700 208.23300 205.70000 210.39999 209.70000 197.93300 195.26700 198.63300 200.10001 202.39999 202.96700 205.96700 208.76700 207.33299 208.76700 210.96700 210.43300 212.93300 228.96700 243.33299
-9999 -9999 -9999 -9999 -9999 -9999 -9999 -9999 -9999 208.76700 208.53300 208.56700 214.00000 213.80000 206.80000 204.53300 201.96700 195.20000 188.93300 186.80000 184.10001 181.23300 185.39999 188.33299 190.63300 183.43300 180.96700 185.63300 185.66701 189.56700 191.70000 193.80000 195.73300 203.20000 210.63300 206.66701 213.20000 211.53300 205.86700 194.03300 190.23300 187.86700 181.96700 179.03300 180.43300 184.13300 188.26700 194.66701 197.43300 197.43300 196.50000 196.80000 202.20000 208.23300 206.20000 195.73300 198.03300 197.96700 198.46700 197.66701 199.30000 200.30000 201.80000 204.16701 204.50000 205.56700 200.10001 203.53300 237.33299 246.53300
-9999 -9999 -9999 -9999 -9999 -9999 -9999 -9999 -9999 -9999 204.93300 199.89999 201.43300 196.16701 187.33299 196.80000 199.83299 190.46700 190.10001 190.39999 187.83299 182.30000 181.16701 -9999 -9999 -9999 -9999 -9999 -9999 188.56700 189.89999 191.50000 194.00000 201.73300 210.83299 204.13300 214.26700 205.73300 201.70000 193.63300 180.16701 179.06700 175.80000 178.83299 178.86700 180.53300 185.93300 193.46700 195.13300 195.10001 195.80000 193.93300 200.13300 213.43300 211.13300 198.10001 196.23300 195.89999 196.73300 195.16701 197.10001 198.53300 199.89999 202.30000 208.96700 205.03300 217.60001 229.39999 252.80000 250.39999
-9999 -9999 -9999 -9999 -9999 -9999 -9999 -9999 -9999 -9999 -9999 -9999 192.63300 178.82800 185.70000 175.10001 171.53300 180.03300 181.03300 -9999 -9999 -9999 -9999 -9999 -9999 -9999 -9999 -9999 -9999 -9999 -9999 -9999 -9999 196.80000 212.39999 203.89999 204.89999 198.70000 189.23300 182.10001 179.50000 175.60001 172.63300 172.13300 175.36700 180.16701 185.30000 190.10001 189.93300 195.36700 197.43300 204.60001 206.33299 206.46700 204.60001 193.13300 194.96700 191.93300 191.43300 195.43300 197.80000 198.80000 200.20000 204.39999 209.16701 215.10001 222.46700 233.46700 246.43300 237.03300
-9999 -9999 -9999 -9999 -9999 -9999 -9999 -9999 -9999 -9999 -9999 -9999 -9999 -9999 -9999 -9999 -9999 -9999 -9999 -9999 -9999 -9999 -9999 -9999 -9999 -9999 -9999 -9999 -9999 -9999 -9999 -9999 -9999 -9999 204.16701 200.23300 193.66701 192.46700 173.10001 177.16701 177.13300 170.46700 163.00000 164.80000 169.96700 182.23300 186.30000 188.06700 190.76700 192.89999 194.86700 204.16701 207.00000 202.66701 203.13300 191.00000 192.73300 191.96700 193.10001 197.00000 198.53300 198.96700 199.76700 201.16701 206.39999 215.30000 224.23300 231.89999 244.30000 236.76700
