data/hydroclimate-scenarios/BCSD_hadcm_A1B/swe_stats/jd_90pc_melt.2030-2059.asc
ncols	311
nrows	91
xllcenter	102.75
yllcenter	31.75
cellsize	0.5
NODATA_value	-9999
[rows 0 to 30 of 91, columns 70 to 139 of 311]
-9999 -9999 -9999 -9999 -9999 -9999 -9999 -9999 -9999 -9999 -9999 -9999 -9999 -9999 -9999 -9999 -9999 -9999 -9999 -9999 -9999 -9999 -9999 -9999 -9999 -9999 -9999 -9999 -9999 -9999 -9999 -9999 -9999 -9999 -9999 -9999 -9999 -9999 -9999 -9999 -9999 -9999 -9999 -9999 -9999 -9999 -9999 -9999 -9999 -9999 -9999 -9999 -9999 -9999 -9999 -9999 -9999 -9999 -9999 -9999 -9999 -9999 -9999 -9999 -9999 -9999 -9999 -9999 -9999 -9999
-9999 -9999 -9999 -9999 -9999 -9999 -9999 -9999 -9999 -9999 -9999 -9999 -9999 -9999 -9999 -9999 -9999 -9999 -9999 -9999 -9999 -9999 -9999 -9999 -9999 -9999 -9999 -9999 -9999 -9999 -9999 -9999 -9999 -9999 -9999 -9999 -9999 -9999 -9999 -9999 -9999 -9999 -9999 -9999 -9999 -9999 -9999 -9999 -9999 -9999 -9999 -9999 -9999 -9999 -9999 -9999 -9999 -9999 -9999 -9999 -9999 -9999 -9999 -9999 -9999 -9999 -9999 -9999 -9999 -9999
-9999 -9999 -9999 -9999 -9999 -9999 -9999 -9999 -9999 -9999 -9999 -9999 -9999 -9999 -9999 -9999 -9999 -9999 -9999 -9999 -9999 -9999 -9999 -9999 -9999 -9999 -9999 -9999 -9999 -9999 -9999 -9999 -9999 -9999 -9999 -9999 -9999 -9999 -9999 -9999 -9999 -9999 -9999 -9999 -9999 -9999 -9999 -9999 -9999 -9999 -9999 -9999 -9999 -9999 -9999 -9999 -9999 -9999 -9999 -9999 -9999 -9999 -9999 -9999 -9999 -9999 -9999 -9999 -9999 -9999
-9999 -9999 -9999 -9999 -9999 -9999 -9999 -9999 -9999 -9999 -9999 -9999 -9999 -9999 -9999 -9999 -9999 -9999 -9999 -9999 -9999 -9999 -9999 -9999 -9999 -9999 -9999 -9999 -9999 -9999 -9999 -9999 -9999 -9999 -9999 -9999 -9999 -9999 -9999 -9999 -9999 -9999 -9999 -9999 -9999 -9999 -9999 -9999 -9999 -9999 -9999 -9999 -9999 -9999 -9999 -9999 -9999 -9999 -9999 -9999 -9999 -9999 -9999 -9999 -9999 -9999 -9999 -9999 -9999 -9999
-9999 -9999 -9999 -9999 -9999 -9999 -9999 -9999 -9999 -9999 -9999 -9999 -9999 -9999 -9999 -9999 -9999 -9999 -9999 -9999 -9999 -9999 -9999 -9999 -9999 -9999 -9999 -9999 -9999 -9999 -9999 -9999 -9999 -9999 -9999 -9999 -9999 -9999 -9999 -9999 -9999 -9999 -9999 -9999 -9999 -9999 -9999 -9999 -9999 -9999 -9999 -9999 -9999 -9999 -9999 -9999 -9999 -9999 -9999 -9999 -9999 -9999 -9999 -9999 -9999 -9999 -9999 -9999 -9999 -9999
-9999 -9999 -9999 -9999 -9999 -9999 -9999 -9999 -9999 -9999 -9999 -9999 -9999 -9999 -9999 -9999 -9999 -9999 -9999 -9999 -9999 -9999 -9999 -9999 -9999 -9999 -9999 -9999 -9999 -9999 -9999 -9999 -9999 -9999 -9999 -9999 -9999 -9999 -9999 -9999 -9999 -9999 -9999 -9999 -9999 -9999 -9999 -9999 -9999 -9999 -9999 -9999 -9999 -9999 -9999 -9999 -9999 -9999 -9999 -9999 -9999 -9999 -9999 -9999 -9999 -9999 -9999 -9999 -9999 -9999
-9999 -9999 -9999 -9999 -9999 -9999 -9999 -9999 -9999 -9999 -9999 -9999 -9999 -9999 -9999 -9999 -9999 -9999 -9999 -9999 -9999 -9999 -9999 -9999 -9999 -9999 -9999 -9999 -9999 -9999 -9999 -9999 -9999 -9999 -9999 -9999 -9999 -9999 -9999 -9999 -9999 -9999 -9999 -9999 -9999 -9999 -9999 -9999 -9999 -9999 -9999 -9999 -9999 -9999 -9999 -9999 -9999 -9999 -9999 -9999 -9999 -9999 -9999 -9999 -9999 -9999 -9999 -9999 -9999 -9999
-9999 -9999 -9999 -9999 -9999 -9999 -9999 -9999 -9999 -9999 -9999 -9999 -9999 -9999 -9999 -9999 -9999 -9999 -9999 -9999 -9999 -9999 -9999 -9999 -9999 -9999 -9999 -9999 -9999 -9999 -9999 -9999 -9999 -9999 -9999 -9999 -9999 -9999 -9999 -9999 -9999 -9999 -9999 -9999 -9999 -9999 -9999 -9999 -9999 -9999 -9999 -9999 -9999 -9999 -9999 -9999 -9999 -9999 -9999 -9999 -9999 -9999 -9999 -9999 -9999 -9999 -9999 -9999 -9999 -9999
-9999 -9999 -9999 -9999 -9999 -9999 -9999 262.36700 -9999 -9999 -9999 -9999 -9999 -9999 -9999 -9999 -9999 -9999 -9999 -9999 -9999 -9999 -9999 -9999 -9999 -9999 -9999 -9999 -9999 -9999 -9999 -9999 -9999 -9999 -9999 -9999 -9999 -9999 -9999 -9999 -9999 -9999 -9999 -9999 -9999 -9999 -9999 -9999 -9999 -9999 -9999 -9999 -9999 -9999 -9999 -9999 -9999 -9999 -9999 -9999 -9999 -9999 -9999 -9999 -9999 -9999 -9999 -9999 -9999 -9999
-9999 -9999 -9999 274.53299 262.66699 258.03299 260.10001 260.36700 263.46701 264.70001 268.46701 272.73300 274.10001 276.83301 277.79999 279.26700 279.83301 280.10001 280.23300 279.43301 279.76700 278.66699 278.46701 -9999 -9999 -9999 -9999 -9999 -9999 -9999 -9999 -9999 -9999 -9999 -9999 -9999 -9999 -9999 -9999 -9999 -9999 -9999 -9999 -9999 -9999 -9999 -9999 -9999 -9999 -9999 -9999 -9999 -9999 -9999 -9999 -9999 -9999 -9999 -9999 -9999 -9999 -9999 -9999 -9999 -9999 -9999 -9999 -9999 -9999 -9999
-9999 -9999 -9999 -9999 -9999 260.26700 261.53299 262.96701 264.33301 268.70001 269.66699 271.16699 272.93301 274.29999 274.96701 277.20001 277.86700 276.20001 276.96701 276.86700 277.36700 278.66699 278.56699 -9999 -9999 -9999 -9999 -9999 -9999 -9999 -9999 -9999 -9999 -9999 -9999 -9999 -9999 -9999 -9999 -9999 -9999 -9999 -9999 -9999 -9999 -9999 -9999 -9999 -9999 -9999 -9999 -9999 -9999 -9999 -9999 -9999 -9999 -9999 -9999 -9999 -9999 -9999 -9999 -9999 -9999 -9999 -9999 -9999 -9999 -9999
253.89999 253.86700 254.13300 253.26700 254.20000 258.66699 259.66699 261.39999 262.23300 265.83301 267.13300 269.13300 270.23300 271.43301 272.39999 275.06699 276.13300 274.76700 276.00000 275.86700 276.20001 277.29999 277.43301 275.36700 274.79999 273.26700 272.63300 271.66699 270.70001 -9999 -9999 -9999 -9999 -9999 -9999 -9999 -9999 -9999 -9999 -9999 -9999 -9999 -9999 -9999 -9999 -9999 -9999 -9999 -9999 -9999 -9999 -9999 -9999 -9999 -9999 -9999 -9999 -9999 -9999 -9999 -9999 -9999 -9999 -9999 -9999 -9999 -9999 -9999 -9999 -9999
250.73300 250.73300 250.83299 252.13300 253.03300 255.66701 258.36700 258.73300 260.56699 262.89999 264.83301 266.10001 267.00000 269.73300 271.76700 271.93301 274.20001 273.26700 274.03299 272.83301 273.53299 274.20001 274.13300 274.56699 273.23300 272.36700 271.29999 272.26700 271.50000 270.56699 269.50000 267.73300 267.23300 268.29999 268.00000 263.66699 263.50000 264.16699 264.29999 259.06699 258.63300 258.66699 259.00000 261.20001 -9999 -9999 -9999 -9999 -9999 -9999 -9999 -9999 -9999 -9999 -9999 -9999 -9999 -9999 -9999 -9999 -9999 -9999 -9999 -9999 -9999 -9999 -9999 -9999 -9999 -9999
249.80000 249.43300 249.80000 251.20000 252.00000 255.53300 256.70001 256.26700 257.60001 260.53299 262.43301 263.96701 264.89999 267.53299 268.60001 269.46701 270.79999 271.03299 272.29999 270.36700 271.53299 272.89999 273.06699 273.10001 272.46701 271.43301 270.29999 271.00000 270.86700 270.26700 270.36700 267.66699 267.10001 267.20001 266.70001 263.26700 263.00000 264.56699 264.10001 258.26700 257.79999 258.29999 258.73300 260.70001 261.06699 -9999 -9999 -9999 -9999 -9999 -9999 -9999 -9999 -9999 -9999 -9999 -9999 -9999 -9999 -9999 -9999 -9999 -9999 -9999 -9999 -9999 -9999 -9999 -9999 -9999
255.03300 258.56699 258.39999 254.23300 258.06699 254.89999 255.16701 258.33301 258.23300 260.79999 259.63300 264.76700 264.86700 265.86700 266.56699 266.83301 268.03299 269.56699 270.89999 272.06699 273.43301 272.39999 272.56699 272.43301 271.93301 271.20001 272.26700 268.83301 267.46701 266.36700 265.70001 266.50000 265.46701 265.13300 265.13300 261.03299 260.70001 262.43301 261.33301 260.86700 260.56699 258.73300 258.66699 259.70001 259.76700 -9999 -9999 -9999 -9999 -9999 -9999 -9999 -9999 -9999 -9999 -9999 -9999 -9999 -9999 -9999 266.53299 269.13300 -9999 -9999 -9999 -9999 276.73300 279.13300 280.89999 279.10001
251.66701 254.20000 255.83299 254.00000 257.79999 253.33299 253.33299 254.46700 256.50000 257.89999 260.39999 262.00000 263.29999 264.39999 266.39999 266.66699 266.56699 268.33301 268.00000 269.66699 270.06699 270.39999 271.10001 270.79999 268.60001 268.06699 268.03299 266.83301 266.73300 265.06699 264.66699 265.29999 264.43301 264.39999 264.23300 260.50000 260.43301 261.43301 261.16699 260.70001 260.60001 258.66699 258.29999 259.39999 259.66699 260.06699 260.26700 260.70001 262.29999 266.89999 269.33301 269.13300 270.46701 271.79999 272.46701 273.33301 273.20001 269.60001 269.36700 266.26700 267.16699 269.36700 -9999 -9999 -9999 -9999 -9999 276.26700 277.33301 277.33301
257.93301 263.60001 254.50000 254.93300 263.10001 254.63300 254.16701 255.33299 255.89999 255.36700 255.33299 254.86700 257.43301 260.83301 262.60001 264.56699 265.20001 265.79999 265.53299 266.36700 267.10001 267.83301 268.56699 268.96701 268.33301 267.10001 267.10001 265.33301 265.56699 265.60001 264.79999 265.96701 265.23300 265.06699 265.36700 264.43301 262.36700 262.56699 263.13300 260.13300 260.29999 262.36700 262.89999 264.03299 264.29999 263.13300 263.23300 262.33301 262.76700 267.53299 269.70001 268.00000 267.06699 268.56699 275.16699 276.60001 271.60001 278.36700 280.43301 276.06699 274.00000 277.36700 278.56699 274.63300 273.36700 272.29999 272.66699 273.60001 274.16699 273.16699
252.86700 262.63300 291.46701 253.33299 265.20001 264.50000 255.93300 255.46700 256.79999 252.13300 253.06700 253.00000 255.50000 259.73300 261.70001 262.46701 262.10001 263.76700 264.53299 263.50000 265.86700 267.06699 266.60001 267.36700 267.56699 265.63300 265.60001 263.83301 264.00000 263.79999 260.53299 261.23300 255.03300 257.70001 264.23300 263.23300 261.63300 262.83301 262.66699 259.66699 258.93301 260.96701 262.63300 264.16699 263.33301 261.00000 262.00000 262.36700 262.63300 263.50000 265.10001 265.89999 265.66699 266.46701 267.89999 270.53299 275.33301 280.76700 279.60001 276.89999 277.86700 280.26700 287.23300 282.36700 276.16699 272.29999 271.76700 272.26700 272.36700 270.73300
270.13300 273.96701 284.70001 267.16699 255.10001 256.16699 253.63300 252.70000 257.66699 252.86700 251.93300 253.39999 254.46700 257.33301 259.39999 258.06699 258.86700 260.53299 261.96701 262.26700 266.73300 266.23300 265.83301 265.16699 264.79999 264.36700 263.63300 262.36700 262.56699 265.16699 264.89999 264.50000 264.33301 264.20001 263.60001 261.20001 261.00000 260.03299 261.79999 260.03299 260.36700 261.00000 260.66699 266.10001 266.39999 268.96701 262.79999 262.89999 262.43301 262.20001 265.16699 266.83301 268.06699 269.70001 270.63300 271.66699 271.43301 271.36700 277.83301 277.89999 278.63300 279.83301 281.66699 286.33301 281.83301 279.86700 277.83301 278.23300 278.13300 279.29999
253.33299 261.23300 278.20001 266.96701 267.46701 259.16699 251.53300 249.06700 254.60001 254.93300 250.63300 261.56699 262.00000 261.53299 258.86700 257.93301 259.06699 259.33301 259.79999 260.06699 262.89999 264.46701 264.03299 263.86700 263.46701 263.53299 262.96701 260.73300 260.73300 262.00000 263.36700 263.50000 262.76700 264.43301 264.06699 263.20001 263.70001 261.89999 262.63300 261.00000 261.86700 262.29999 261.89999 263.70001 264.03299 268.70001 268.89999 268.06699 263.10001 262.20001 265.63300 267.79999 268.39999 269.53299 269.00000 272.23300 274.06699 277.13300 280.86700 277.39999 275.23300 276.63300 276.53299 277.63300 280.36700 281.89999 279.06699 282.03299 279.96701 279.66699
261.16699 260.73300 266.50000 269.96701 275.93301 279.56699 266.20001 256.79999 254.16701 250.30000 249.23300 257.16699 264.46701 275.66699 286.46701 274.53299 268.26700 261.39999 260.39999 260.39999 261.63300 263.00000 263.60001 261.79999 262.53299 263.56699 263.60001 263.23300 263.39999 264.73300 265.39999 265.43301 265.89999 266.53299 266.50000 265.29999 266.73300 264.33301 266.16699 263.56699 263.23300 269.96701 270.79999 265.63300 265.39999 270.89999 269.20001 270.46701 271.10001 267.23300 267.29999 266.76700 269.10001 269.60001 271.00000 272.50000 274.20001 279.36700 281.50000 277.39999 286.46701 282.16699 280.46701 279.96701 279.10001 279.00000 279.56699 280.79999 281.63300 281.36700
273.79999 272.29999 272.33301 280.10001 280.86700 279.16699 273.43301 266.43301 264.23300 257.89999 253.63300 251.46700 255.30000 260.86700 267.39999 278.33301 278.29999 272.29999 271.89999 267.26700 266.03299 264.23300 264.10001 261.00000 262.03299 263.33301 264.00000 263.46701 263.60001 266.56699 267.13300 265.16699 268.16699 269.26700 269.39999 268.83301 268.76700 265.23300 266.10001 264.23300 264.63300 270.53299 270.89999 265.03299 267.36700 272.23300 273.26700 274.20001 274.06699 271.50000 270.96701 275.76700 274.26700 275.93301 276.33301 278.10001 279.36700 283.03299 279.73300 278.20001 285.70001 280.56699 280.56699 280.43301 277.06699 278.60001 279.23300 282.29999 280.89999 279.66699
253.06700 266.46701 275.26700 281.33301 278.73300 276.00000 281.70001 274.53299 268.16699 263.93301 260.20001 257.46701 259.66699 259.39999 259.36700 262.03299 263.26700 273.26700 282.83301 275.43301 274.73300 268.93301 268.20001 266.23300 264.60001 264.46701 265.23300 263.56699 264.56699 266.79999 266.36700 263.16699 262.89999 265.79999 264.66699 265.79999 262.29999 261.60001 262.83301 266.00000 265.43301 265.83301 265.20001 265.93301 266.86700 268.79999 271.29999 275.10001 272.53299 276.29999 279.93301 282.33301 281.26700 281.89999 286.46701 286.13300 288.86700 282.29999 285.43301 282.10001 279.76700 280.33301 279.26700 279.20001 279.20001 278.93301 277.36700 273.86700 273.66699 278.39999
256.06699 265.70001 267.03299 266.06699 265.66699 267.96701 271.39999 271.39999 272.36700 266.46701 260.53299 256.50000 270.39999 270.70001 264.60001 280.39999 286.50000 292.10001 260.13300 273.56699 284.96701 279.13300 274.83301 273.13300 264.36700 264.06699 264.20001 263.10001 264.03299 265.73300 265.73300 263.26700 262.96701 263.39999 262.93301 260.86700 261.26700 262.20001 262.06699 264.93301 265.79999 271.03299 269.13300 268.00000 269.50000 263.46701 263.50000 269.89999 272.63300 278.70001 280.70001 282.79999 282.00000 281.50000 282.89999 287.93301 289.86700 285.66699 286.03299 281.60001 280.10001 277.06699 276.39999 278.50000 280.73300 273.83301 271.60001 270.79999 270.70001 274.56699
259.86700 258.13300 257.36700 261.03299 259.79999 263.29999 264.56699 267.46701 268.23300 261.70001 262.39999 259.53299 261.66699 264.60001 263.26700 270.10001 271.73300 288.50000 282.29999 272.50000 268.20001 270.33301 271.39999 270.13300 268.70001 265.36700 263.50000 261.39999 262.23300 263.50000 262.96701 263.33301 262.66699 262.66699 263.16699 262.46701 262.20001 264.13300 264.96701 265.60001 266.93301 274.29999 274.79999 272.86700 272.43301 267.33301 266.60001 271.13300 273.63300 277.36700 282.16699 284.43301 282.26700 282.00000 287.10001 285.10001 283.73300 282.29999 281.29999 285.66699 282.50000 280.73300 279.33301 278.60001 275.56699 272.36700 272.26700 271.86700 272.83301 277.13300
260.33301 259.66699 260.16699 264.70001 264.96701 264.03299 260.43301 261.23300 260.13300 257.53299 257.03299 260.26700 267.06699 266.10001 262.10001 262.50000 266.56699 275.76700 277.16699 285.63300 280.16699 270.83301 267.13300 265.03299 266.36700 268.56699 267.70001 262.23300 262.23300 263.46701 264.43301 262.39999 262.29999 261.13300 261.96701 262.00000 263.50000 265.36700 268.93301 266.50000 269.70001 278.13300 275.39999 273.06699 277.00000 275.23300 271.06699 271.96701 273.46701 274.83301 277.26700 281.46701 277.89999 276.66699 276.76700 275.79999 277.39999 279.00000 280.79999 279.39999 282.63300 279.23300 278.79999 277.56699 276.76700 273.16699 272.06699 271.39999 272.36700 275.13300
254.39999 271.83301 275.43301 279.53299 276.43301 265.10001 263.00000 259.73300 257.89999 256.56699 258.46701 257.03299 260.53299 266.56699 264.03299 261.50000 262.43301 271.70001 275.13300 278.79999 280.53299 270.10001 268.83301 269.63300 268.23300 268.50000 266.70001 268.03299 266.70001 260.00000 260.96701 259.60001 260.16699 261.26700 264.43301 267.16699 263.66699 266.53299 275.03299 271.86700 270.36700 272.86700 275.93301 276.29999 273.39999 271.66699 270.73300 270.50000 272.03299 273.36700 275.83301 277.23300 278.63300 278.89999 279.73300 282.16699 282.93301 280.66699 277.03299 277.53299 275.63300 273.66699 275.13300 276.16699 275.96701 277.23300 276.06699 275.89999 276.29999 280.23300
254.03300 263.43301 267.86700 281.56699 281.66699 270.29999 263.33301 261.33301 257.73300 258.36700 256.46701 251.13300 254.86700 262.03299 267.63300 270.83301 270.76700 273.46701 271.73300 268.79999 268.20001 278.00000 269.10001 269.26700 267.83301 267.89999 268.73300 272.33301 268.73300 260.66699 259.56699 261.33301 260.20001 262.53299 264.76700 269.23300 265.29999 267.13300 273.06699 274.63300 274.56699 273.50000 274.76700 273.23300 274.66699 270.66699 271.96701 268.43301 271.29999 275.23300 275.70001 276.29999 277.86700 278.20001 276.79999 278.93301 277.06699 278.29999 276.56699 275.33301 274.70001 273.76700 275.00000 276.46701 277.33301 282.76700 282.06699 281.76700 281.50000 281.63300
253.13300 268.36700 268.13300 275.13300 277.66699 278.86700 286.66699 279.76700 263.89999 264.50000 262.10001 258.73300 261.70001 262.76700 267.79999 274.66699 272.16699 266.10001 266.06699 266.76700 266.63300 266.03299 270.46701 273.60001 270.06699 268.56699 266.13300 267.16699 266.26700 260.03299 261.03299 259.00000 260.29999 264.36700 265.56699 270.63300 271.29999 269.03299 272.89999 280.06699 283.00000 277.96701 278.20001 277.83301 273.26700 273.26700 271.16699 263.66699 262.29999 264.33301 264.39999 266.76700 267.86700 268.56699 271.16699 276.46701 277.66699 276.83301 274.16699 273.50000 273.63300 276.20001 276.60001 280.23300 285.06699 288.66699 287.39999 287.33301 287.46701 284.70001
253.03300 260.26700 267.13300 274.63300 273.73300 280.66699 283.83301 289.73300 282.93301 270.73300 274.76700 272.56699 268.66699 270.20001 274.66699 273.96701 271.63300 269.93301 268.10001 265.63300 266.73300 269.00000 272.86700 279.53299 272.56699 269.26700 268.70001 270.86700 268.96701 265.03299 266.76700 264.03299 263.10001 267.03299 268.00000 273.73300 272.43301 272.53299 273.56699 281.46701 282.70001 279.16699 273.53299 273.96701 269.50000 263.96701 263.93301 261.93301 263.23300 268.93301 267.10001 -9999 -9999 267.53299 267.50000 269.33301 273.96701 275.83301 274.10001 274.23300 277.29999 279.36700 284.06699 287.83301 291.73300 292.06699 294.39999 295.10001 296.70001 288.56699
265.50000 269.20001 266.39999 270.76700 274.66699 279.29999 276.73300 283.33301 275.23300 277.53299 281.76700 281.60001 276.86700 277.93301 277.93301 273.53299 271.29999 272.60001 271.43301 268.29999 270.73300 273.13300 272.73300 272.13300 273.16699 281.06699 277.00000 275.46701 270.39999 266.66699 267.06699 269.33301 265.26700 268.29999 271.66699 275.70001 279.43301 281.60001 277.29999 273.96701 -9999 -9999 -9999 -9999 262.26700 -9999 270.96701 273.63300 270.06699 272.39999 264.06699 -9999 -9999 271.10001 270.76700 271.63300 271.79999 271.16699 273.89999 277.33301 280.66699 281.60001 284.16699 286.16699 288.83301 286.86700 297.79999 299.86700 297.33301 289.66699
