data/hydroclimate-scenarios/BCSD_hadcm_A1B/swe_stats/jd_last_10mm.2070-2099.asc
ncols	311
nrows	91
xllcenter	102.75
yllcenter	31.75
cellsize	0.5
NODATA_value	-9999
[rows 31 to 61 of 91, columns 0 to 69 of 311]
-9999 -9999 -9999 -9999 -9999 -9999 -9999 -9999 -9999 -9999 -9999 247.60001 241.50000 248.39999 248.33299 251.53300 253.93300 253.80000 259.36700 257.96701 257.46701 251.30000 251.00000 255.30000 253.73300 249.83299 251.66701 249.46700 246.03300 244.96700 243.80000 246.30000 236.70000 231.46700 244.89999 242.53300 247.26700 229.66701 231.70000 238.63300 233.66701 234.53300 247.70000 247.39999 246.46700 244.66701 244.00000 245.03300 244.33299 240.53300 242.53300 246.39999 247.13300 246.80000 236.53300 231.96700 232.56700 231.10001 231.23300 238.53300 240.43300 235.13300 238.26700 241.39999 241.86700 243.10001 244.60001 245.00000 253.10001 258.06699
-9999 -9999 -9999 -9999 -9999 -9999 -9999 -9999 -9999 -9999 -9999 251.96700 252.23300 250.93300 252.86700 256.89999 256.76700 256.00000 259.43301 258.39999 259.46701 255.89999 253.56700 252.20000 251.36700 251.50000 250.06700 249.66701 249.39999 246.86700 246.13300 246.16701 247.30000 246.56700 245.96700 241.96700 226.53300 227.86700 229.60001 246.00000 245.66701 245.76700 241.20000 240.43300 248.39999 247.16701 244.46700 247.26700 245.56700 246.73300 245.30000 243.43300 243.93300 238.63300 239.46700 234.33299 233.50000 236.93300 239.83299 242.10001 241.60001 242.16701 241.60001 243.30000 242.53300 241.83299 243.26700 242.20000 251.30000 257.03299
-9999 -9999 -9999 -9999 -9999 -9999 -9999 -9999 -9999 -9999 -9999 253.50000 254.13300 252.36700 253.50000 255.36700 255.76700 256.13300 256.03299 255.33299 255.93300 253.83299 252.13300 251.10001 252.10001 250.73300 251.10001 250.26700 247.63300 245.39999 241.06700 246.39999 246.73300 245.93300 246.46700 242.16701 244.53300 245.36700 248.60001 252.56700 251.46700 252.26700 250.30000 251.13300 253.36700 251.73300 251.20000 250.10001 249.30000 248.70000 248.06700 244.93300 244.53300 242.89999 241.70000 240.73300 241.53300 243.86700 241.33299 244.43300 242.39999 245.13300 242.26700 244.26700 249.83299 245.60001 245.50000 248.20000 251.23300 256.06699
-9999 -9999 -9999 -9999 -9999 -9999 -9999 -9999 -9999 -9999 -9999 -9999 252.56700 252.00000 251.70000 252.36700 253.50000 252.76700 251.70000 245.93300 252.70000 251.66701 253.60001 255.73300 255.10001 259.10001 254.70000 252.70000 245.60001 243.33299 244.76700 243.23300 243.36700 244.43300 244.06700 244.33299 247.13300 248.23300 248.30000 250.76700 249.93300 252.39999 252.60001 248.33299 247.43300 251.89999 250.06700 251.10001 250.26700 247.00000 246.06700 247.16701 247.00000 244.06700 244.06700 243.20000 242.80000 242.43300 242.60001 242.46700 241.76700 242.96700 243.53300 242.46700 243.23300 243.53300 244.89999 247.33299 256.60001 260.56699
-9999 -9999 -9999 -9999 -9999 -9999 -9999 -9999 -9999 -9999 -9999 -9999 250.06700 250.06700 250.93300 250.46700 250.30000 250.39999 250.16701 246.50000 250.03300 258.56699 259.53299 256.86700 256.26700 251.66701 248.30000 251.39999 245.83299 241.39999 246.89999 245.39999 240.93300 241.00000 242.93300 244.20000 245.80000 246.13300 246.00000 250.13300 249.93300 253.89999 253.39999 252.39999 252.16701 254.10001 253.56700 252.13300 249.80000 249.50000 247.33299 246.73300 246.53300 243.43300 242.36700 241.83299 241.23300 241.26700 244.56700 247.93300 246.16701 249.96700 250.43300 251.80000 249.46700 241.39999 243.33299 248.60001 253.10001 254.26700
-9999 -9999 -9999 -9999 -9999 -9999 -9999 -9999 -9999 -9999 -9999 -9999 249.60001 247.43300 246.56700 248.43300 248.83299 248.39999 247.30000 251.89999 257.79999 258.16699 256.33301 254.39999 250.83299 250.20000 247.16701 243.00000 242.36700 241.13300 243.36700 240.46700 243.63300 243.76700 241.93300 242.36700 243.16701 245.96700 245.50000 248.30000 252.26700 254.66701 252.36700 254.26700 254.89999 257.79999 257.79999 258.70001 256.23300 250.66701 249.73300 249.13300 247.26700 244.50000 243.46700 243.33299 244.00000 247.03300 248.89999 251.39999 250.00000 251.70000 247.39999 243.06700 246.13300 246.53300 247.36700 250.39999 255.83299 255.06700
-9999 -9999 -9999 247.26700 247.73300 247.33299 246.70000 247.26700 248.13300 -9999 247.96700 248.60001 247.03300 245.30000 245.63300 246.30000 247.39999 245.13300 251.30000 254.43300 254.46700 252.00000 249.33299 246.80000 246.20000 244.13300 239.89999 244.50000 244.36700 245.03300 242.80000 236.70000 232.39999 236.63300 233.23300 235.63300 234.70000 241.96700 242.70000 247.30000 248.93300 251.36700 247.96700 250.33299 253.66701 255.20000 258.79999 254.86700 253.73300 251.20000 250.53300 251.43300 254.06700 255.46700 251.56700 253.63300 253.26700 246.76700 249.06700 246.93300 246.63300 250.63300 248.10001 247.23300 246.23300 246.80000 248.96700 253.60001 254.53300 255.46700
-9999 -9999 -9999 243.60001 243.10001 243.33299 244.96700 244.66701 244.89999 244.89999 244.33299 243.56700 245.10001 244.33299 249.30000 250.06700 250.60001 250.10001 248.96700 247.20000 246.76700 249.83299 246.89999 244.96700 246.76700 241.96700 241.06700 239.73300 239.39999 242.03300 236.73300 234.66701 234.80000 234.66701 235.56700 236.83299 236.06700 243.33299 238.63300 248.46700 247.60001 245.76700 243.13300 249.43300 255.93300 258.93301 258.73300 252.30000 256.43301 256.36700 255.70000 253.13300 255.50000 254.96700 250.66701 251.76700 248.03300 248.89999 251.60001 252.16701 249.86700 250.76700 251.46700 247.20000 247.63300 246.86700 249.23300 245.36700 250.66701 257.13300
-9999 -9999 -9999 237.50000 238.23300 240.50000 242.80000 242.33299 240.39999 239.73300 241.46700 242.50000 246.39999 248.50000 245.43300 238.20000 250.73300 248.89999 240.33299 241.89999 245.39999 248.30000 244.16701 246.20000 246.43300 244.30000 241.80000 237.30000 237.76700 241.93300 246.43300 243.56700 235.96700 232.93300 236.39999 237.46700 237.00000 237.33299 237.30000 241.86700 245.23300 244.56700 243.20000 244.46700 247.89999 254.23300 255.16701 255.39999 256.06699 257.66699 258.36700 251.30000 251.10001 251.03300 249.06700 247.26700 247.16701 247.96700 250.16701 250.93300 248.39999 248.36700 246.63300 247.50000 247.23300 249.50000 250.43300 255.03300 264.13300 272.33301
-9999 -9999 -9999 235.03300 231.36700 238.93300 241.00000 241.50000 240.16701 240.46700 239.30000 238.46700 241.50000 243.16701 241.39999 239.70000 242.06700 244.46700 246.83299 244.36700 242.26700 245.33299 247.86700 247.23300 243.46700 244.43300 233.89999 227.66701 234.50000 242.33299 239.00000 223.89999 232.43300 238.10001 239.60001 232.76700 227.00000 226.33299 228.10001 234.50000 238.36700 245.93300 251.50000 248.56700 245.33299 247.86700 252.36700 249.46700 255.50000 253.50000 255.93300 252.00000 251.66701 255.06700 251.83299 248.30000 248.26700 249.63300 251.16701 254.76700 259.39999 252.80000 250.63300 248.89999 249.93300 252.39999 255.20000 261.56699 273.20001 279.00000
-9999 -9999 -9999 228.96700 227.03300 236.63300 238.00000 237.83299 240.30000 238.83299 235.10001 241.56700 239.70000 242.26700 245.86700 245.23300 246.06700 246.50000 244.36700 235.13300 238.39999 240.23300 243.23300 241.00000 235.89999 230.60001 225.70000 218.56700 224.30000 232.23300 232.16701 229.03300 232.36700 230.56700 228.60001 227.83299 229.26700 225.26700 224.76700 228.50000 235.20000 239.36700 245.70000 247.06700 242.10001 242.83299 244.70000 246.36700 247.73300 249.70000 250.10001 244.53300 247.26700 252.96700 248.60001 253.39999 245.36700 242.36700 246.89999 257.96701 255.83299 255.56700 254.39999 257.66699 259.66699 253.43300 258.50000 268.53299 276.33301 278.00000
-9999 -9999 -9999 -9999 231.80000 236.13300 236.53300 240.93300 241.33299 237.30000 232.83299 239.00000 244.16701 245.33299 -9999 -9999 -9999 -9999 -9999 244.89999 239.30000 233.46700 234.93300 237.53300 231.10001 223.39999 210.23300 214.89999 216.83299 214.39999 217.73300 221.00000 223.56700 217.70000 215.10001 217.30000 218.23300 219.13300 219.36700 221.20000 222.93300 226.43300 228.23300 233.13300 235.16701 236.43300 238.86700 241.80000 240.80000 237.83299 242.10001 242.93300 240.33299 249.23300 251.23300 251.30000 254.26700 254.03300 254.56700 252.73300 255.66701 258.50000 259.50000 258.00000 259.66699 262.06699 262.50000 264.00000 257.89999 -9999
-9999 -9999 226.13300 228.50000 230.53300 231.36700 232.89999 240.56700 235.50000 234.50000 230.96700 237.63300 246.26700 -9999 -9999 -9999 -9999 -9999 246.73300 235.93300 233.50000 215.16701 215.23300 223.10001 223.00000 217.63300 198.83299 199.03400 195.79300 197.46700 198.66701 204.70000 208.60001 207.46700 203.00000 204.16701 211.36700 216.76700 216.73300 218.60001 221.00000 218.89999 220.16701 224.66701 224.36700 228.30000 232.36700 232.56700 229.56700 225.23300 227.20000 232.63300 233.50000 236.26700 241.96700 238.83299 243.70000 249.76700 250.83299 246.83299 249.23300 251.39999 251.50000 253.33299 252.43300 254.70000 255.66701 -9999 -9999 -9999
-9999 -9999 225.80000 226.96700 226.16701 226.56700 227.26700 233.56700 230.70000 229.39999 233.60001 239.33299 246.33299 -9999 -9999 -9999 -9999 241.43300 236.76700 222.50000 219.46700 209.44800 207.06900 200.31000 192.48300 193.31000 191.69000 198.34500 189.48300 188.10300 195.65500 194.82800 192.48300 193.24100 198.60001 208.26700 210.60001 213.56700 216.46700 214.26700 205.33299 209.86700 211.00000 219.10001 220.33299 224.20000 225.00000 223.76700 218.36700 221.13300 219.03300 221.96700 223.20000 225.70000 227.93300 224.43300 227.33299 239.96700 247.03300 244.96700 241.13300 247.53300 243.20000 242.46700 240.39999 -9999 -9999 -9999 -9999 -9999
-9999 -9999 224.16701 228.66701 227.70000 227.70000 226.13300 226.33299 228.20000 230.83299 237.23300 242.80000 215.36700 -9999 -9999 -9999 -9999 244.56700 231.36700 217.60001 212.36700 185.39999 184.05299 179.69600 184.78900 186.62100 190.89700 190.60699 188.50000 188.53799 191.74100 189.75900 190.17200 197.60001 197.30000 195.93300 196.63300 200.63300 209.56700 200.63300 197.53300 202.89999 201.83299 202.76700 203.76700 222.00000 225.76700 216.30000 212.39999 224.96700 222.83299 219.73300 222.33299 223.83299 224.06700 219.56700 221.70000 229.96700 232.83299 234.93300 229.13300 229.16701 230.00000 239.36700 249.76700 255.46700 245.20000 255.66701 257.26700 -9999
-9999 -9999 -9999 226.36700 226.06700 222.83299 220.06700 221.00000 229.00000 236.80000 238.33299 216.46700 -9999 -9999 -9999 -9999 237.89999 227.00000 215.30000 209.33299 191.82100 179.63200 183.55000 179.78900 183.75000 187.40900 184.50000 188.04201 185.24001 193.52200 193.87500 189.75000 191.03400 191.13800 195.28600 194.76700 195.03300 193.89999 200.30000 194.83299 193.23300 197.53300 191.66701 195.76700 199.60001 202.80000 202.26700 203.89999 208.20000 211.43300 215.23300 223.63300 223.36700 218.33299 221.73300 233.89999 231.36700 242.70000 243.80000 237.33299 231.73300 231.20000 241.63300 257.36700 267.26700 248.56700 239.70000 245.60001 247.53300 252.63300
-9999 -9999 -9999 -9999 224.03300 215.76700 214.83299 227.46700 234.20000 228.76700 216.60001 -9999 -9999 -9999 -9999 242.06700 229.80000 216.10001 207.16701 204.20700 191.03799 176.05600 175.50000 170.27299 179.83299 186.52901 186.00000 185.65199 185.39999 190.92000 193.12500 186.77800 184.34500 183.77800 191.89301 186.16701 189.63300 196.43300 199.70000 199.10001 201.73300 200.60001 194.03400 193.83299 191.82800 194.60001 198.63300 199.76700 202.60001 207.39999 208.53300 211.53300 214.26700 215.66701 214.03300 217.50000 217.13300 226.26700 228.53300 227.89999 234.16701 239.66701 242.56700 243.00000 249.89999 246.60001 236.56700 231.30000 245.43300 246.13300
-9999 -9999 -9999 -9999 -9999 -9999 224.63300 226.16701 208.63300 216.10001 223.30000 -9999 -9999 -9999 -9999 -9999 220.60001 211.50000 205.80000 194.82800 190.17900 180.25000 180.50000 161.07100 158.33299 183.45000 180.76500 183.30400 183.88000 185.12000 189.88901 177.44400 181.28600 181.15401 185.24100 186.17900 186.58600 196.58600 198.39999 184.36700 191.73300 195.21400 201.82800 203.37900 193.17900 190.86700 193.86700 203.13300 201.73300 206.13300 208.00000 208.39999 209.70000 208.56700 210.10001 211.23300 213.20000 220.30000 222.43300 227.73300 236.16701 240.53300 243.60001 245.03300 254.30000 247.66701 235.16701 225.36700 228.60001 230.66701
-9999 -9999 -9999 -9999 -9999 -9999 -9999 -9999 -9999 -9999 -9999 -9999 -9999 -9999 -9999 -9999 -9999 -9999 -9999 195.17200 192.18201 185.30800 183.11800 157.53799 166.53799 180.94400 188.91701 192.48300 195.34500 198.50000 189.57100 182.82100 182.71400 181.26900 185.85201 184.37000 178.42900 179.89700 181.82100 180.65500 177.93100 182.25000 183.57100 185.00000 189.85699 190.00000 190.96600 193.70000 203.39999 202.06700 205.96700 206.86700 207.66701 206.16701 204.80000 207.86700 207.80000 215.86700 219.30000 224.93300 235.53300 235.63300 240.06700 245.70000 253.50000 236.30000 223.10001 219.76700 221.43300 238.43300
-9999 -9999 -9999 -9999 -9999 -9999 -9999 -9999 -9999 -9999 -9999 -9999 -9999 -9999 -9999 -9999 -9999 -9999 206.72400 198.51700 189.33299 184.68201 191.77299 184.47600 188.95500 185.72000 187.70799 193.00000 188.52200 185.60001 185.03799 189.04300 187.73900 181.00000 183.55600 181.55600 180.71400 183.07100 181.64301 178.80000 182.39999 180.00000 181.88901 178.14301 179.86200 184.86200 188.14799 192.53600 196.07100 197.13800 195.06700 202.39999 204.00000 204.16701 204.50000 199.83299 205.26700 221.03300 224.20000 221.13300 222.39999 224.46700 230.66701 238.06700 240.86700 231.43300 228.70000 217.26700 223.23300 226.16701
-9999 -9999 -9999 -9999 -9999 -9999 -9999 -9999 -9999 -9999 -9999 -9999 -9999 -9999 -9999 -9999 -9999 210.23300 205.86200 194.42900 190.00000 185.40900 185.87000 182.60899 189.95799 189.76900 187.23100 195.12000 175.00000 179.23801 185.70799 191.04201 187.50000 190.96400 189.51700 179.20000 182.03799 181.00000 180.22200 182.80800 185.80000 185.48000 181.75000 180.96001 181.12000 188.14799 193.32100 193.67900 194.10699 197.83299 200.06700 203.03300 204.66701 204.46700 203.39999 200.03300 209.00000 221.83299 220.36700 217.60001 214.86700 220.50000 237.23300 241.43300 228.60001 227.30000 227.33299 219.20000 219.20000 227.46700
-9999 -9999 -9999 -9999 -9999 -9999 -9999 -9999 -9999 -9999 -9999 -9999 -9999 -9999 -9999 -9999 -9999 201.44000 197.91299 198.60899 194.69600 189.64700 166.20000 177.92000 184.44400 190.48000 190.80000 185.50000 191.46201 193.13000 193.50000 196.25900 196.44400 196.20000 189.65500 185.46201 182.75999 184.96400 192.22200 182.08299 176.78300 177.48000 175.56000 184.23100 184.85699 193.40700 191.66701 194.21400 197.17900 193.93100 195.53300 203.89999 205.36700 210.13300 209.10001 205.20000 218.23300 224.00000 219.00000 214.70000 217.16701 229.06700 227.03300 235.39999 241.96700 231.66701 225.93300 232.56700 221.16701 225.43300
-9999 -9999 -9999 -9999 -9999 -9999 -9999 -9999 -9999 -9999 -9999 -9999 -9999 -9999 -9999 -9999 211.39301 208.87500 201.66701 181.85699 181.31799 182.17599 187.44400 181.45000 179.00000 182.48000 184.08000 184.96201 190.52000 193.84599 193.76900 194.46400 195.96400 195.20700 193.24100 196.07100 192.00000 181.85699 185.65401 181.95799 184.39101 179.81000 188.13600 184.00000 185.76900 183.18500 186.50000 190.64301 194.28600 192.63300 195.63300 202.46700 204.63300 208.03300 208.96700 203.00000 214.10001 215.80000 216.60001 216.70000 215.00000 224.56700 230.39999 243.60001 237.60001 232.89999 228.06700 225.89999 217.10001 217.39999
-9999 -9999 -9999 -9999 -9999 -9999 -9999 -9999 -9999 -9999 -9999 -9999 -9999 203.46201 210.39999 200.87500 191.79201 201.78300 189.25000 148.89999 161.39999 157.21400 165.26700 181.55600 177.11099 171.39999 185.60899 181.73100 183.26900 189.03799 187.50000 190.52000 190.25000 195.85699 195.27600 194.07100 191.03700 182.75000 180.64999 170.80000 170.64999 158.31200 158.75000 169.28000 180.92300 187.03999 186.08299 183.22200 172.70399 193.33299 198.67900 201.66701 203.46700 205.89999 207.20000 195.10001 212.26700 212.33299 209.33299 211.70000 217.60001 219.83299 221.60001 227.76700 223.93300 210.96700 212.10001 218.86700 220.56700 217.60001
-9999 -9999 -9999 -9999 -9999 -9999 -9999 -9999 -9999 -9999 -9999 -9999 192.81000 195.52400 182.50000 182.00000 178.05901 190.25000 177.85699 153.12500 160.66701 150.00000 162.86700 173.47099 167.82401 165.52600 169.21100 178.15401 179.64000 183.85699 183.48100 187.67999 188.60699 190.93100 191.00000 192.82100 191.81500 183.57100 175.72200 158.00000 172.15800 161.37500 156.25000 170.33299 177.63600 190.38499 188.84599 183.65401 175.00000 183.96300 188.92599 194.10300 196.86700 198.66701 203.16701 201.66701 189.06700 200.10001 208.23300 217.89999 215.96700 213.26700 212.30000 218.36700 216.10001 210.73300 211.86700 217.20000 216.16701 221.30000
-9999 -9999 -9999 -9999 -9999 -9999 -9999 -9999 -9999 -9999 -9999 207.63200 183.76500 199.54500 193.25000 164.33299 154.57899 161.88901 148.11800 158.26700 169.66701 138.54500 143.91701 177.60001 175.26700 169.69200 167.35699 157.82401 164.19000 174.29201 174.83299 180.91701 186.66701 184.44800 185.39301 186.14799 177.59100 162.80000 160.61501 160.83299 153.00000 133.18201 153.00000 148.33299 173.72200 181.09500 181.75000 184.85201 188.88901 177.92300 169.65401 191.29601 190.10300 191.53600 196.58600 195.50000 191.80000 187.93100 195.50000 196.33299 197.56700 203.36700 206.93300 208.06700 209.86700 211.26700 212.46700 213.23300 213.93300 233.96700
-9999 -9999 -9999 -9999 -9999 -9999 -9999 -9999 -9999 -9999 202.03799 200.48000 180.00000 197.55000 193.19000 155.85699 155.43800 165.05299 170.10500 162.50000 139.42900 137.83299 152.39999 172.37500 180.50000 164.46700 163.60001 162.95500 164.95500 170.90900 162.12500 176.00000 177.83299 182.64301 182.62100 180.07700 170.61501 168.00000 176.58800 154.10001 153.00000 145.53799 145.76900 151.22200 167.70000 157.31200 176.36800 178.75999 182.19200 180.50000 180.08000 193.08701 171.64000 189.56000 180.42900 185.96600 180.34500 184.00000 194.80000 196.06700 197.56700 201.13300 204.39999 205.56700 207.46700 209.39999 208.66701 210.06700 227.23300 243.10001
-9999 -9999 -9999 -9999 -9999 -9999 -9999 -9999 -9999 178.44400 185.00000 186.85699 190.00000 182.89999 182.05000 180.82401 178.68800 159.28600 149.00000 153.75000 156.58299 164.33299 169.25000 159.12500 165.77800 168.41701 166.66701 148.64700 151.88200 161.56200 162.94701 160.52901 164.09100 178.95799 173.55600 167.39999 173.25000 181.05901 157.09100 143.00000 136.11099 136.85699 135.71400 159.50000 169.39999 160.61501 152.64700 176.80000 178.79201 173.66701 167.45000 155.16701 164.44400 169.39999 177.33299 175.69000 189.51700 191.73300 192.26700 192.53300 194.56700 196.96700 199.20000 199.30000 200.66701 202.20000 192.46700 198.83299 235.53300 246.43300
-9999 -9999 -9999 -9999 -9999 -9999 -9999 -9999 -9999 -9999 179.33299 168.44400 157.53300 160.38901 159.80000 169.14301 168.64301 161.80000 174.50000 159.78600 156.69200 183.75000 185.25000 -9999 -9999 -9999 -9999 -9999 -9999 172.61501 162.46700 151.57100 152.00000 164.70799 169.95799 159.31599 174.11800 167.00000 107.00000 133.33299 136.90900 129.39999 131.00000 154.27299 162.05600 175.88200 174.00000 180.38100 170.21100 175.66701 162.66701 153.78900 159.00000 169.55600 166.00000 184.48300 187.17200 189.35699 189.30000 191.23300 192.60001 194.66701 196.83299 198.00000 204.13300 192.66701 204.56700 225.76700 252.86700 250.86700
-9999 -9999 -9999 -9999 -9999 -9999 -9999 -9999 -9999 -9999 -9999 -9999 136.28600 88.00000 110.83300 171.00000 170.60001 165.69200 168.28600 -9999 -9999 -9999 -9999 -9999 -9999 -9999 -9999 -9999 -9999 -9999 -9999 -9999 -9999 161.11099 179.91701 154.27299 140.88901 135.30000 140.00000 152.00000 151.33299 132.20000 118.00000 145.20000 144.66701 142.75000 156.21700 173.63600 162.75000 181.54201 180.21700 163.35001 167.44400 163.31799 184.34801 179.63000 182.43300 184.39301 185.37900 192.20000 193.46700 193.60001 195.20000 197.53300 201.53300 210.06700 219.66701 231.76700 245.83299 236.43300
-9999 -9999 -9999 -9999 -9999 -9999 -9999 -9999 -9999 -9999 -9999 -9999 -9999 -9999 -9999 -9999 -9999 -9999 -9999 -9999 -9999 -9999 -9999 -9999 -9999 -9999 -9999 -9999 -9999 -9999 -9999 -9999 -9999 -9999 160.66701 165.60001 127.25000 131.00000 109.33300 134.66701 158.00000 105.00000 106.33300 103.83300 135.50000 127.50000 150.23801 177.14301 174.50000 181.82600 183.00000 173.89999 175.70799 178.13000 184.29601 180.17200 179.17900 176.39301 185.62100 192.66701 194.10001 194.86700 196.43300 196.96700 199.93300 207.53300 220.86700 231.20000 244.10001 235.73300
