data/hydroclimate-scenarios/BCSD_hadcm_A1B/swe_stats/jd_last_10mm.2030-2059.asc
ncols	311
nrows	91
xllcenter	102.75
yllcenter	31.75
cellsize	0.5
NODATA_value	-9999
[rows 31 to 61 of 91, columns 0 to 69 of 311]
-9999 -9999 -9999 -9999 -9999 -9999 -9999 -9999 -9999 -9999 -9999 251.26700 244.13300 252.60001 252.23300 255.23300 257.63300 257.70001 262.83301 261.43301 260.66699 253.60001 252.93300 258.00000 255.76700 251.30000 253.73300 251.36700 247.76700 245.60001 242.89999 246.89999 237.13300 235.46700 245.00000 241.60001 248.63300 231.30000 234.13300 241.16701 237.13300 237.16701 249.80000 250.16701 248.66701 246.89999 246.00000 245.50000 244.73300 242.76700 243.56700 247.46700 247.83299 247.43300 238.23300 231.83299 232.16701 231.93300 231.96700 241.26700 242.26700 236.03300 239.00000 240.70000 240.89999 240.39999 241.73300 245.39999 253.63300 262.10001
-9999 -9999 -9999 -9999 -9999 -9999 -9999 -9999 -9999 -9999 -9999 255.60001 255.63300 254.76700 257.00000 260.96701 260.79999 259.89999 262.79999 261.89999 262.79999 259.06699 256.93301 255.70000 254.63300 254.86700 253.20000 251.96700 251.46700 249.13300 248.39999 247.33299 248.73300 247.89999 246.53300 241.96700 228.50000 229.96700 232.43300 247.46700 247.56700 247.86700 243.20000 241.63300 250.26700 248.63300 246.66701 247.20000 245.13300 246.63300 245.00000 244.70000 245.39999 238.73300 239.36700 235.00000 234.30000 236.66701 240.60001 241.76700 241.26700 242.50000 241.96700 243.66701 243.26700 241.43300 242.56700 243.13300 254.16701 261.06699
-9999 -9999 -9999 -9999 -9999 -9999 -9999 -9999 -9999 -9999 -9999 257.33301 258.10001 256.63300 257.73300 259.50000 260.03299 259.89999 259.83301 259.36700 259.86700 257.76700 255.63300 254.46700 255.39999 254.23300 254.53300 253.20000 249.83299 247.76700 242.70000 248.03300 248.46700 247.86700 248.50000 244.20000 246.66701 247.13300 250.60001 255.83299 253.96700 255.39999 252.83299 253.66701 256.23300 253.60001 253.16701 250.50000 249.46700 248.20000 247.93300 246.20000 245.80000 243.89999 242.39999 241.06700 241.76700 243.03300 241.36700 244.06700 241.36700 244.70000 242.70000 243.56700 249.16701 244.93300 245.00000 249.86700 254.36700 260.63300
-9999 -9999 -9999 -9999 -9999 -9999 -9999 -9999 -9999 -9999 -9999 -9999 256.10001 256.23300 256.03299 256.60001 257.60001 256.29999 255.66701 249.43300 257.03299 256.16699 257.89999 260.39999 259.43301 263.16699 258.66699 256.26700 247.66701 243.83299 247.13300 245.70000 245.70000 246.96700 246.53300 246.20000 249.93300 251.10001 250.93300 253.89999 252.73300 255.56700 255.60001 250.86700 250.16701 253.53300 252.26700 250.66701 249.26700 248.00000 246.33299 248.73300 248.23300 243.26700 242.96700 243.70000 243.30000 243.53300 243.60001 241.66701 241.20000 241.06700 242.26700 241.89999 242.16701 243.66701 246.53300 248.50000 257.86700 264.93301
-9999 -9999 -9999 -9999 -9999 -9999 -9999 -9999 -9999 -9999 -9999 -9999 253.89999 254.50000 255.70000 255.00000 254.60001 254.60001 254.30000 250.56700 254.36700 262.60001 263.79999 262.70001 262.23300 256.10001 251.16701 254.56700 248.20000 243.16701 249.53300 247.60001 242.89999 243.36700 245.70000 246.76700 248.39999 249.26700 249.03300 253.60001 253.13300 257.79999 257.36700 254.86700 254.46700 255.89999 255.10001 253.26700 249.26700 249.86700 248.43300 248.39999 247.66701 242.50000 241.50000 242.50000 242.00000 241.76700 244.53300 248.06700 245.60001 248.46700 248.80000 252.73300 249.80000 242.36700 244.83299 250.30000 255.43300 259.76700
-9999 -9999 -9999 -9999 -9999 -9999 -9999 -9999 -9999 -9999 -9999 -9999 253.66701 251.39999 250.66701 253.06700 253.66701 253.70000 252.50000 256.76700 262.63300 262.83301 260.46701 260.43301 256.70001 255.36700 251.03300 243.96700 242.73300 240.06700 245.36700 241.50000 245.26700 245.73300 243.53300 245.13300 246.13300 248.66701 248.36700 251.30000 256.26700 258.63300 256.13300 257.33301 258.10001 260.73300 260.46701 261.00000 258.16699 252.13300 250.13300 249.93300 247.33299 244.80000 243.39999 242.60001 243.46700 247.10001 249.33299 250.60001 248.83299 251.23300 248.20000 245.46700 247.96700 250.06700 251.43300 253.03300 259.53299 258.96701
-9999 -9999 -9999 251.73300 251.80000 251.36700 250.96700 251.73300 252.30000 -9999 252.26700 252.46700 251.16701 249.76700 249.89999 251.03300 252.30000 250.39999 257.06699 259.43301 259.50000 256.53299 253.60001 252.26700 251.86700 246.89999 241.86700 246.53300 246.63300 246.26700 244.26700 237.63300 231.03300 236.73300 232.43300 238.33299 237.33299 244.96700 245.33299 250.43300 252.43300 255.26700 251.60001 253.73300 256.73300 258.89999 262.70001 257.00000 255.70000 252.66701 251.16701 253.53300 256.29999 257.79999 253.03300 254.00000 254.50000 246.36700 249.10001 244.30000 244.30000 249.73300 248.56700 249.26700 248.93300 250.76700 253.33299 256.13300 257.39999 259.73300
-9999 -9999 -9999 248.93300 248.53300 248.83299 250.20000 249.83299 250.00000 250.16701 249.66701 248.50000 249.56700 249.13300 254.36700 256.26700 256.66699 255.86700 254.39999 252.36700 251.93300 254.46700 251.53300 248.50000 250.39999 245.83299 245.23300 244.89999 244.60001 246.03300 239.80000 235.80000 235.89999 234.50000 235.83299 238.33299 238.60001 246.26700 241.63300 253.06700 253.06700 252.20000 249.53300 252.76700 259.29999 260.60001 260.10001 256.03299 260.06699 260.43301 259.93301 255.23300 258.06699 256.36700 251.36700 251.43300 248.13300 247.39999 249.56700 251.30000 248.50000 251.13300 252.23300 249.76700 250.76700 249.89999 252.56700 250.60001 255.76700 262.33301
-9999 -9999 -9999 243.20000 243.89999 246.10001 248.56700 247.86700 246.20000 246.06700 247.36700 247.56700 250.93300 253.46700 248.96700 243.33299 257.29999 254.13300 245.56700 247.26700 251.13300 252.80000 249.39999 250.39999 250.86700 248.33299 246.86700 242.33299 243.39999 247.36700 252.56700 247.63300 237.63300 232.83299 236.10001 239.70000 238.86700 240.00000 238.46700 247.36700 249.89999 251.66701 250.16701 247.63300 250.56700 255.93300 256.53299 259.89999 260.00000 261.89999 262.70001 254.10001 254.10001 252.06700 250.00000 247.76700 247.33299 246.66701 248.20000 251.03300 248.39999 248.89999 247.89999 250.66701 250.60001 253.30000 255.16701 258.53299 267.93301 275.50000
-9999 -9999 -9999 241.46700 238.00000 245.10001 246.76700 248.00000 246.63300 246.56700 245.73300 244.70000 246.89999 247.06700 246.60001 242.66701 244.60001 248.33299 251.76700 248.63300 246.00000 253.00000 256.06699 250.06700 246.13300 248.23300 239.80000 231.26700 241.26700 250.66701 246.66701 227.39999 233.10001 241.10001 242.83299 237.80000 226.83299 226.86700 230.10001 235.33299 239.63300 251.06700 256.23300 251.06700 249.20000 251.76700 255.33299 253.03300 258.00000 258.23300 261.36700 255.23300 254.33299 256.20001 252.73300 249.73300 249.50000 249.03300 250.26700 254.73300 259.73300 253.89999 253.20000 252.30000 253.70000 255.53300 259.13300 263.89999 275.13300 282.96701
-9999 -9999 -9999 235.83299 234.03300 243.03300 244.06700 245.00000 246.96700 245.56700 241.63300 247.26700 245.03300 247.73300 251.36700 249.50000 250.56700 251.46700 248.50000 237.83299 242.56700 246.16701 250.00000 243.93300 239.50000 237.23300 231.20000 220.93300 228.89999 237.83299 236.96700 228.96700 231.53300 232.26700 230.00000 232.60001 233.66701 225.03300 225.13300 230.50000 236.36700 242.70000 249.96700 251.33299 245.30000 246.20000 247.53300 250.00000 251.39999 253.76700 253.73300 247.16701 249.53300 254.66701 249.10001 253.86700 246.10001 244.39999 247.73300 258.76700 257.50000 258.10001 257.36700 261.60001 263.23300 257.86700 262.70001 271.29999 278.33301 281.56699
-9999 -9999 -9999 -9999 238.50000 243.50000 243.80000 246.83299 247.13300 244.43300 239.89999 245.83299 250.86700 251.76700 -9999 -9999 -9999 -9999 -9999 248.20000 243.66701 236.86700 239.53300 243.00000 238.43300 229.80000 209.63300 219.89999 222.39999 215.96700 220.50000 224.50000 229.89999 223.16701 215.83299 217.60001 219.00000 219.06700 219.66701 223.56700 224.39999 228.43300 230.30000 236.56700 238.83299 236.73300 241.06700 245.50000 243.16701 241.16701 246.53300 246.83299 243.66701 250.10001 251.50000 253.03300 254.56700 253.10001 253.39999 252.00000 254.63300 260.60001 262.16699 261.89999 263.76700 264.66699 264.56699 266.79999 260.46701 -9999
-9999 -9999 232.80000 236.03300 237.56700 238.89999 240.30000 246.86700 242.86700 241.73300 238.03300 244.66701 252.33299 -9999 -9999 -9999 -9999 -9999 249.13300 239.60001 236.96700 221.50000 221.70000 228.16701 230.56700 225.26700 202.26700 199.20000 198.53300 200.53300 201.80000 203.86700 208.16701 206.50000 203.46700 201.53300 209.56700 216.50000 217.06700 219.33299 223.06700 222.16701 223.16701 225.53300 226.06700 228.66701 232.23300 232.93300 228.50000 229.06700 231.36700 231.96700 231.56700 233.80000 241.26700 238.10001 242.96700 248.76700 250.60001 246.36700 249.13300 253.43300 253.80000 256.00000 256.53299 257.89999 258.00000 -9999 -9999 -9999
-9999 -9999 232.20000 234.33299 233.10001 232.80000 233.53300 240.73300 238.06700 236.93300 241.80000 246.70000 251.53300 -9999 -9999 -9999 -9999 242.00000 240.26700 224.93300 220.16701 218.56700 208.66701 207.80000 195.62100 190.86700 192.20000 203.93300 196.20700 192.64301 199.03300 201.20000 199.70000 197.00000 201.36700 208.30000 209.66701 210.06700 215.46700 216.43300 206.46700 209.56700 213.76700 216.86700 216.86700 219.60001 218.70000 224.70000 215.83299 221.96700 220.16701 220.30000 221.50000 223.16701 224.86700 223.70000 226.50000 240.16701 245.96700 246.46700 242.63300 251.16701 247.96700 245.93300 243.46700 -9999 -9999 -9999 -9999 -9999
-9999 -9999 229.76700 236.43300 235.10001 233.76700 231.73300 232.30000 235.23300 238.83299 244.66701 248.33299 218.03300 -9999 -9999 -9999 -9999 247.20000 229.73300 217.86700 212.96700 191.39301 184.57899 182.00000 183.31599 185.71400 191.44800 194.00000 194.30800 194.22200 200.10699 199.43300 198.06700 201.39999 200.53300 201.73300 201.73300 198.06700 208.93300 206.13300 200.73300 199.93300 200.80000 203.36700 203.06700 215.76700 221.39999 213.96700 208.26700 226.66701 222.70000 218.76700 219.86700 221.36700 221.39999 218.03300 222.36700 229.70000 232.63300 237.43300 230.80000 230.66701 232.00000 242.13300 254.43300 259.53299 247.63300 257.06699 258.06699 -9999
-9999 -9999 -9999 231.86700 231.39999 227.23300 222.30000 223.50000 233.89999 240.73300 241.73300 218.06700 -9999 -9999 -9999 -9999 242.10001 234.56700 217.46700 215.36700 195.92900 179.60001 185.00000 177.28600 180.81000 183.56000 186.84000 186.51900 187.96400 196.07401 194.74100 186.82100 189.76700 191.03300 190.50000 192.26700 193.03300 191.50000 198.80000 191.37900 190.89700 200.20000 193.86700 194.16701 196.50000 199.66701 198.26700 203.16701 207.20000 210.83299 215.23300 222.33299 221.26700 216.46700 219.30000 237.10001 234.16701 244.60001 246.06700 239.56700 232.60001 236.39999 246.10001 260.66699 271.60001 253.89999 240.76700 246.06700 247.70000 253.66701
-9999 -9999 -9999 -9999 228.53300 220.00000 219.26700 231.56700 237.89999 230.33299 215.73300 -9999 -9999 -9999 -9999 246.30000 229.66701 216.13300 206.82800 207.70000 197.50000 171.81200 183.07100 181.83299 184.61501 168.00000 172.18201 182.56500 186.57700 188.61501 190.96300 184.57100 187.41400 186.46400 187.82100 189.63300 192.73300 192.46700 195.13300 193.62100 199.37900 201.36700 198.58600 194.65500 192.13300 192.39999 194.80000 199.43300 201.26700 206.66701 208.36700 207.60001 210.43300 214.33299 212.53300 218.86700 216.93300 227.66701 230.13300 226.63300 234.70000 245.43300 247.80000 248.96700 254.53300 251.50000 236.76700 233.26700 245.60001 247.06700
-9999 -9999 -9999 -9999 -9999 -9999 229.66701 230.80000 213.10001 216.00000 223.83299 -9999 -9999 -9999 -9999 -9999 222.06700 210.76700 206.89999 196.71400 192.28600 186.73900 189.25000 177.30000 183.50000 170.38901 166.59100 174.81799 175.11501 186.79201 187.32001 179.17200 181.20700 186.96400 190.67900 187.36700 188.56700 196.50000 196.53300 190.06700 196.86700 198.73300 206.26700 193.53300 189.89700 188.00000 191.43300 203.73300 203.46700 204.39999 204.39999 208.30000 210.39999 210.30000 212.36700 213.53300 215.23300 222.39999 225.60001 230.70000 238.66701 243.20000 246.70000 252.36700 260.39999 253.53300 239.89999 226.13300 228.53300 233.60001
-9999 -9999 -9999 -9999 -9999 -9999 -9999 -9999 -9999 -9999 -9999 -9999 -9999 -9999 -9999 -9999 -9999 -9999 -9999 197.89301 185.00000 185.13000 184.54500 162.71400 171.33299 168.50000 176.20000 192.75000 196.34500 192.71400 189.20000 184.89700 181.46400 188.33299 189.10699 188.14301 186.85201 189.75900 189.92900 186.07100 188.11099 189.66701 189.71400 184.48100 187.24100 189.10001 189.26700 194.66701 204.56700 201.03300 205.53300 204.16701 206.10001 207.73300 206.56700 208.53300 208.56700 218.20000 222.23300 228.13300 238.30000 236.53300 242.50000 252.83299 258.83301 241.33299 224.23300 220.93300 222.73300 240.43300
-9999 -9999 -9999 -9999 -9999 -9999 -9999 -9999 -9999 -9999 -9999 -9999 -9999 -9999 -9999 -9999 -9999 -9999 208.85699 192.22200 181.08299 177.27299 184.89999 186.14301 185.58800 178.27299 174.67999 183.44000 177.88000 181.52000 186.03799 189.03999 189.11501 182.56000 185.44400 184.42900 183.44800 182.28600 184.55600 178.56000 186.38499 189.12000 189.80000 189.75900 191.27600 187.89700 185.51700 190.89999 194.39999 196.24100 200.26700 203.13300 204.23300 206.93300 206.36700 199.60001 205.56700 221.39999 226.46700 221.93300 223.60001 222.53300 232.39999 237.80000 242.66701 229.46700 226.13300 221.26700 225.60001 229.43300
-9999 -9999 -9999 -9999 -9999 -9999 -9999 -9999 -9999 -9999 -9999 -9999 -9999 -9999 -9999 -9999 -9999 212.96400 207.96400 193.52000 191.33299 175.72701 175.71400 178.18800 177.58299 180.80000 181.28000 183.03999 174.64301 184.30000 181.60001 189.60001 189.61501 186.75900 185.60001 181.69200 181.64301 183.19200 182.88499 183.03799 182.69200 183.92000 185.48000 185.03999 186.07700 183.60699 186.06700 189.76700 193.76700 199.26700 200.39999 204.03300 206.10001 207.39999 206.56700 198.53300 209.43300 219.80000 221.86700 217.33299 213.10001 216.86700 240.80000 243.86700 226.63300 226.16701 225.89999 222.83299 223.13300 230.46700
-9999 -9999 -9999 -9999 -9999 -9999 -9999 -9999 -9999 -9999 -9999 -9999 -9999 -9999 -9999 -9999 -9999 206.39101 208.75000 207.42101 194.88200 179.20000 173.38499 183.92300 184.78900 177.10500 177.70000 192.00000 190.04500 184.34801 190.75999 195.03700 196.57100 197.20000 190.21400 185.80800 184.80000 185.74100 193.65401 182.00000 184.04800 168.00000 166.08299 184.70399 192.74100 188.79300 186.89700 192.16701 196.20000 196.76700 200.06700 205.00000 205.63300 206.60001 205.93300 201.96700 218.00000 225.13300 219.00000 212.73300 215.76700 231.89999 231.16701 237.30000 245.80000 234.50000 225.43300 236.56700 225.43300 229.70000
-9999 -9999 -9999 -9999 -9999 -9999 -9999 -9999 -9999 -9999 -9999 -9999 -9999 -9999 -9999 -9999 215.46201 215.75000 211.66701 203.29401 179.50000 161.92900 174.68800 180.57100 178.85001 170.52901 177.76500 187.70799 190.73900 191.12500 190.00000 197.39999 198.25900 193.30000 193.89301 191.51700 188.60699 183.03799 188.91701 183.75000 181.58299 165.13600 172.69600 190.23801 181.34599 183.67999 182.59300 193.66701 195.00000 198.16701 200.50000 203.26700 205.03300 205.26700 205.93300 198.60001 213.16701 215.46700 216.36700 215.66701 213.70000 227.46700 233.00000 247.06700 239.89999 234.50000 229.56700 229.70000 220.43300 221.23300
-9999 -9999 -9999 -9999 -9999 -9999 -9999 -9999 -9999 -9999 -9999 -9999 -9999 204.44000 198.46201 202.04300 200.00000 208.23500 193.13300 157.91701 136.36400 197.33299 192.83299 191.00000 185.76900 179.15401 176.57899 170.14301 174.33299 179.87500 179.65199 182.20799 184.77800 188.14799 188.22200 199.46400 193.07100 185.60699 167.12500 156.00000 149.47099 147.75000 154.69200 168.76199 174.70799 171.75000 176.37500 183.43500 175.00000 193.93100 198.53300 199.89999 202.00000 203.53300 204.16701 197.06700 212.73300 211.73300 209.39999 210.63300 216.70000 220.73300 221.76700 230.86700 226.43300 216.70000 218.10001 220.83299 220.96700 219.63300
-9999 -9999 -9999 -9999 -9999 -9999 -9999 -9999 -9999 -9999 -9999 -9999 190.50000 186.16701 182.94099 192.50000 188.00000 191.46201 178.76900 104.16700 137.30000 180.00000 179.64301 180.75000 193.71400 176.07700 176.69200 166.85699 165.15800 183.54500 177.00000 182.69600 179.46201 184.72000 183.60001 191.24100 193.35699 180.25900 159.00000 149.35699 160.28600 136.54500 130.33299 155.14301 166.14301 182.74100 179.80800 183.70799 170.68201 185.16000 189.85699 193.23300 196.63300 198.43300 201.46700 204.10001 192.80000 204.00000 209.30000 215.76700 213.89999 215.39999 214.46700 222.39999 219.93300 216.46700 217.63300 219.43300 216.93300 226.86700
-9999 -9999 -9999 -9999 -9999 -9999 -9999 -9999 -9999 -9999 -9999 214.00000 189.66701 196.88901 196.33299 177.93300 184.26700 141.93300 164.91701 166.44400 148.66701 157.37500 163.39999 147.57100 146.66701 191.00000 191.75000 146.63600 156.23100 177.50000 173.23500 180.14999 180.90500 184.57700 185.55600 183.29201 167.47099 149.54500 143.50000 163.00000 152.80000 143.42900 146.42900 147.57100 166.50000 178.25000 179.06700 181.90900 187.33299 168.12500 167.21700 189.00000 191.27600 186.56700 194.13300 196.96700 193.20000 189.20000 199.43300 198.30000 198.89999 205.50000 208.93300 212.76700 215.73300 215.03300 217.26700 213.26700 214.86700 239.70000
-9999 -9999 -9999 -9999 -9999 -9999 -9999 -9999 -9999 -9999 196.84000 210.17400 190.53799 194.06200 189.00000 179.25000 183.58299 177.81799 180.08299 177.20000 151.60001 148.00000 149.57100 125.33300 128.62500 170.90900 183.55600 176.90900 171.08299 163.29401 160.44400 174.16701 173.64700 180.34599 185.11501 163.95200 142.07100 163.14301 175.45500 163.55600 144.88901 136.62500 155.50000 129.83299 137.42900 150.39999 169.92900 176.11800 183.95200 179.25000 167.23801 188.36400 177.91299 187.69200 179.44800 183.37900 182.31000 184.89700 198.46700 198.36700 199.63300 204.33299 207.83299 209.80000 212.23300 213.53300 213.63300 210.53300 231.36700 250.73300
-9999 -9999 -9999 -9999 -9999 -9999 -9999 -9999 -9999 152.38901 155.19000 173.00000 174.55000 172.25000 173.85699 206.71400 198.63600 165.00000 137.77800 188.00000 188.00000 113.16700 113.33300 90.16670 102.37500 138.11099 138.55600 162.27299 170.30000 174.87500 167.00000 159.38499 164.44400 160.45500 173.77299 165.11099 156.92300 174.10001 175.83299 137.28600 148.42900 148.44400 144.70000 173.28600 170.85699 147.42900 154.60001 173.05299 180.04800 179.76199 174.80000 175.33299 177.95500 169.87000 170.33299 175.18500 188.16701 196.26700 197.36700 199.56700 201.10001 200.06700 202.73300 203.26700 204.50000 205.43300 192.80000 202.00000 244.56700 255.93300
-9999 -9999 -9999 -9999 -9999 -9999 -9999 -9999 -9999 -9999 158.13300 161.50000 171.53799 158.83299 146.30000 187.77800 168.60001 148.36400 148.54500 183.00000 180.83299 111.14300 113.16700 -9999 -9999 -9999 -9999 -9999 -9999 169.20000 170.91701 133.30000 147.53799 152.14301 166.36400 151.64301 165.83299 178.25000 160.50000 171.25000 158.66701 147.71400 145.37500 179.00000 151.55600 141.00000 156.85699 170.52600 158.55600 167.61099 175.17599 170.47600 177.05000 169.09100 171.04300 185.55200 188.06700 194.66701 195.20000 198.60001 200.23300 199.36700 201.36700 202.80000 206.43300 198.10300 212.10300 235.26700 261.20001 260.53299
-9999 -9999 -9999 -9999 -9999 -9999 -9999 -9999 -9999 -9999 -9999 -9999 140.00000 139.85699 139.85699 169.66701 176.50000 140.00000 142.41701 -9999 -9999 -9999 -9999 -9999 -9999 -9999 -9999 -9999 -9999 -9999 -9999 -9999 -9999 117.90900 133.46201 140.00000 134.12500 136.71400 120.66700 187.33299 189.33299 133.60001 124.00000 160.00000 140.20000 153.10001 155.75000 173.64999 171.73700 175.57100 172.68201 168.53300 164.60001 168.70799 180.37000 177.33299 184.37900 187.03300 189.76700 193.39999 194.83299 193.06700 194.89999 199.76700 206.82800 218.37900 228.86700 242.66701 257.33301 246.43300
-9999 -9999 -9999 -9999 -9999 -9999 -9999 -9999 -9999 -9999 -9999 -9999 -9999 -9999 -9999 -9999 -9999 -9999 -9999 -9999 -9999 -9999 -9999 -9999 -9999 -9999 -9999 -9999 -9999 -9999 -9999 -9999 -9999 -9999 134.63600 123.16700 55.33330 176.75000 166.00000 191.00000 192.00000 129.33299 130.66701 125.00000 155.00000 161.37500 154.07100 179.20000 171.28600 185.90900 181.39999 173.33299 174.90500 178.34599 180.79300 175.57100 175.65500 183.00000 189.86700 193.00000 195.66701 194.60001 199.66701 200.06900 204.75900 218.58600 231.39999 242.13300 256.23300 247.43300
