data/hydroclimate-scenarios/BCSD_hadcm_A1B/swe_stats/jd_max_swe.2070-2099.asc
ncols	311
nrows	91
xllcenter	102.75
yllcenter	31.75
cellsize	0.5
NODATA_value	-9999
[rows 0 to 30 of 91, columns 70 to 139 of 311]
-9999 -9999 -9999 -9999 -9999 -9999 -9999 -9999 -9999 -9999 -9999 -9999 -9999 -9999 -9999 -9999 -9999 -9999 -9999 -9999 -9999 -9999 -9999 -9999 -9999 -9999 -9999 -9999 -9999 -9999 -9999 -9999 -9999 -9999 -9999 -9999 -9999 -9999 -9999 -9999 -9999 -9999 -9999 -9999 -9999 -9999 -9999 -9999 -9999 -9999 -9999 -9999 -9999 -9999 -9999 -9999 -9999 -9999 -9999 -9999 -9999 -9999 -9999 -9999 -9999 -9999 -9999 -9999 -9999 -9999
-9999 -9999 -9999 -9999 -9999 -9999 -9999 -9999 -9999 -9999 -9999 -9999 -9999 -9999 -9999 -9999 -9999 -9999 -9999 -9999 -9999 -9999 -9999 -9999 -9999 -9999 -9999 -9999 -9999 -9999 -9999 -9999 -9999 -9999 -9999 -9999 -9999 -9999 -9999 -9999 -9999 -9999 -9999 -9999 -9999 -9999 -9999 -9999 -9999 -9999 -9999 -9999 -9999 -9999 -9999 -9999 -9999 -9999 -9999 -9999 -9999 -9999 -9999 -9999 -9999 -9999 -9999 -9999 -9999 -9999
-9999 -9999 -9999 -9999 -9999 -9999 -9999 -9999 -9999 -9999 -9999 -9999 -9999 -9999 -9999 -9999 -9999 -9999 -9999 -9999 -9999 -9999 -9999 -9999 -9999 -9999 -9999 -9999 -9999 -9999 -9999 -9999 -9999 -9999 -9999 -9999 -9999 -9999 -9999 -9999 -9999 -9999 -9999 -9999 -9999 -9999 -9999 -9999 -9999 -9999 -9999 -9999 -9999 -9999 -9999 -9999 -9999 -9999 -9999 -9999 -9999 -9999 -9999 -9999 -9999 -9999 -9999 -9999 -9999 -9999
-9999 -9999 -9999 -9999 -9999 -9999 -9999 -9999 -9999 -9999 -9999 -9999 -9999 -9999 -9999 -9999 -9999 -9999 -9999 -9999 -9999 -9999 -9999 -9999 -9999 -9999 -9999 -9999 -9999 -9999 -9999 -9999 -9999 -9999 -9999 -9999 -9999 -9999 -9999 -9999 -9999 -9999 -9999 -9999 -9999 -9999 -9999 -9999 -9999 -9999 -9999 -9999 -9999 -9999 -9999 -9999 -9999 -9999 -9999 -9999 -9999 -9999 -9999 -9999 -9999 -9999 -9999 -9999 -9999 -9999
-9999 -9999 -9999 -9999 -9999 -9999 -9999 -9999 -9999 -9999 -9999 -9999 -9999 -9999 -9999 -9999 -9999 -9999 -9999 -9999 -9999 -9999 -9999 -9999 -9999 -9999 -9999 -9999 -9999 -9999 -9999 -9999 -9999 -9999 -9999 -9999 -9999 -9999 -9999 -9999 -9999 -9999 -9999 -9999 -9999 -9999 -9999 -9999 -9999 -9999 -9999 -9999 -9999 -9999 -9999 -9999 -9999 -9999 -9999 -9999 -9999 -9999 -9999 -9999 -9999 -9999 -9999 -9999 -9999 -9999
-9999 -9999 -9999 -9999 -9999 -9999 -9999 -9999 -9999 -9999 -9999 -9999 -9999 -9999 -9999 -9999 -9999 -9999 -9999 -9999 -9999 -9999 -9999 -9999 -9999 -9999 -9999 -9999 -9999 -9999 -9999 -9999 -9999 -9999 -9999 -9999 -9999 -9999 -9999 -9999 -9999 -9999 -9999 -9999 -9999 -9999 -9999 -9999 -9999 -9999 -9999 -9999 -9999 -9999 -9999 -9999 -9999 -9999 -9999 -9999 -9999 -9999 -9999 -9999 -9999 -9999 -9999 -9999 -9999 -9999
-9999 -9999 -9999 -9999 -9999 -9999 -9999 -9999 -9999 -9999 -9999 -9999 -9999 -9999 -9999 -9999 -9999 -9999 -9999 -9999 -9999 -9999 -9999 -9999 -9999 -9999 -9999 -9999 -9999 -9999 -9999 -9999 -9999 -9999 -9999 -9999 -9999 -9999 -9999 -9999 -9999 -9999 -9999 -9999 -9999 -9999 -9999 -9999 -9999 -9999 -9999 -9999 -9999 -9999 -9999 -9999 -9999 -9999 -9999 -9999 -9999 -9999 -9999 -9999 -9999 -9999 -9999 -9999 -9999 -9999
-9999 -9999 -9999 -9999 -9999 -9999 -9999 -9999 -9999 -9999 -9999 -9999 -9999 -9999 -9999 -9999 -9999 -9999 -9999 -9999 -9999 -9999 -9999 -9999 -9999 -9999 -9999 -9999 -9999 -9999 -9999 -9999 -9999 -9999 -9999 -9999 -9999 -9999 -9999 -9999 -9999 -9999 -9999 -9999 -9999 -9999 -9999 -9999 -9999 -9999 -9999 -9999 -9999 -9999 -9999 -9999 -9999 -9999 -9999 -9999 -9999 -9999 -9999 -9999 -9999 -9999 -9999 -9999 -9999 -9999
-9999 -9999 -9999 -9999 -9999 -9999 -9999 253.56700 -9999 -9999 -9999 -9999 -9999 -9999 -9999 -9999 -9999 -9999 -9999 -9999 -9999 -9999 -9999 -9999 -9999 -9999 -9999 -9999 -9999 -9999 -9999 -9999 -9999 -9999 -9999 -9999 -9999 -9999 -9999 -9999 -9999 -9999 -9999 -9999 -9999 -9999 -9999 -9999 -9999 -9999 -9999 -9999 -9999 -9999 -9999 -9999 -9999 -9999 -9999 -9999 -9999 -9999 -9999 -9999 -9999 -9999 -9999 -9999 -9999 -9999
-9999 -9999 -9999 255.56700 248.89999 247.33299 252.16701 252.46700 252.96700 253.06700 253.43300 255.96700 257.16699 254.06700 253.63300 258.70001 258.73300 260.36700 259.13300 255.86700 255.56700 255.80000 254.13300 -9999 -9999 -9999 -9999 -9999 -9999 -9999 -9999 -9999 -9999 -9999 -9999 -9999 -9999 -9999 -9999 -9999 -9999 -9999 -9999 -9999 -9999 -9999 -9999 -9999 -9999 -9999 -9999 -9999 -9999 -9999 -9999 -9999 -9999 -9999 -9999 -9999 -9999 -9999 -9999 -9999 -9999 -9999 -9999 -9999 -9999 -9999
-9999 -9999 -9999 -9999 -9999 252.20000 252.46700 251.46700 251.46700 252.56700 252.96700 253.20000 254.13300 250.53300 250.83299 253.83299 254.46700 256.89999 257.16699 255.96700 255.96700 255.60001 255.06700 -9999 -9999 -9999 -9999 -9999 -9999 -9999 -9999 -9999 -9999 -9999 -9999 -9999 -9999 -9999 -9999 -9999 -9999 -9999 -9999 -9999 -9999 -9999 -9999 -9999 -9999 -9999 -9999 -9999 -9999 -9999 -9999 -9999 -9999 -9999 -9999 -9999 -9999 -9999 -9999 -9999 -9999 -9999 -9999 -9999 -9999 -9999
243.93300 245.96700 245.96700 244.60001 245.43300 249.56700 250.16701 249.06700 249.06700 250.89999 251.03300 250.46700 251.39999 249.13300 249.70000 252.60001 252.93300 255.03300 255.03300 254.23300 254.23300 253.06700 252.46700 251.80000 250.93300 247.06700 247.03300 246.39999 244.80000 -9999 -9999 -9999 -9999 -9999 -9999 -9999 -9999 -9999 -9999 -9999 -9999 -9999 -9999 -9999 -9999 -9999 -9999 -9999 -9999 -9999 -9999 -9999 -9999 -9999 -9999 -9999 -9999 -9999 -9999 -9999 -9999 -9999 -9999 -9999 -9999 -9999 -9999 -9999 -9999 -9999
242.33299 244.23300 244.10001 245.30000 245.86700 247.93300 248.16701 247.26700 247.96700 249.70000 250.70000 249.46700 249.46700 249.30000 249.60001 250.73300 251.23300 252.06700 252.06700 252.03300 252.03300 251.43300 251.43300 250.76700 250.16701 247.03300 246.13300 249.53300 249.50000 247.83299 246.80000 242.96700 242.76700 242.13300 242.13300 240.89999 240.89999 238.83299 238.80000 237.60001 237.33299 240.89999 240.89999 237.23300 -9999 -9999 -9999 -9999 -9999 -9999 -9999 -9999 -9999 -9999 -9999 -9999 -9999 -9999 -9999 -9999 -9999 -9999 -9999 -9999 -9999 -9999 -9999 -9999 -9999 -9999
241.80000 242.89999 243.23300 242.86700 243.33299 246.43300 246.60001 245.63300 245.63300 247.93300 248.50000 246.83299 246.83299 246.36700 246.89999 247.76700 247.89999 249.63300 250.13300 248.96700 249.06700 249.76700 250.10001 249.50000 248.83299 245.23300 244.56700 249.53300 248.33299 244.26700 244.26700 240.80000 239.56700 238.16701 238.00000 238.23300 238.23300 235.56700 235.53300 234.56700 235.80000 239.86700 239.30000 236.63300 236.63300 -9999 -9999 -9999 -9999 -9999 -9999 -9999 -9999 -9999 -9999 -9999 -9999 -9999 -9999 -9999 -9999 -9999 -9999 -9999 -9999 -9999 -9999 -9999 -9999 -9999
245.06700 245.33299 245.30000 244.20000 246.03300 243.36700 243.50000 245.80000 245.86700 246.89999 246.46700 246.96700 246.63300 246.10001 245.80000 246.03300 246.50000 247.23300 248.23300 248.70000 249.20000 249.39999 249.39999 248.00000 247.20000 244.80000 244.80000 246.10001 245.70000 244.86700 244.86700 243.86700 243.80000 243.43300 243.43300 241.60001 241.66701 243.13300 243.03300 244.80000 243.43300 240.26700 240.13300 241.43300 241.43300 -9999 -9999 -9999 -9999 -9999 -9999 -9999 -9999 -9999 -9999 -9999 -9999 -9999 -9999 -9999 238.20000 237.10001 -9999 -9999 -9999 -9999 240.06700 242.66701 246.06700 245.53300
240.89999 241.30000 241.50000 241.03300 242.56700 240.30000 240.50000 240.96700 241.13300 245.10001 245.13300 243.50000 243.30000 244.36700 245.06700 243.70000 243.89999 243.73300 243.76700 243.53300 243.56700 246.96700 247.96700 245.76700 241.96700 241.36700 241.96700 242.83299 243.60001 242.83299 242.83299 243.03300 242.00000 240.93300 240.30000 238.20000 236.63300 240.60001 240.96700 238.93300 238.36700 239.10001 239.80000 239.96700 239.96700 238.83299 238.83299 235.56700 237.23300 239.80000 240.36700 242.56700 242.96700 243.53300 243.03300 241.26700 241.00000 239.43300 239.43300 240.36700 240.33299 238.46700 -9999 -9999 -9999 -9999 -9999 240.20000 241.76700 245.43300
243.20000 242.10001 239.86700 240.23300 241.73300 240.86700 240.63300 239.89999 240.89999 240.33299 240.53300 239.39999 239.66701 241.13300 241.36700 239.13300 240.89999 241.43300 240.16701 240.10001 242.33299 240.89999 241.16701 240.89999 240.53300 238.46700 238.60001 239.50000 239.70000 241.33299 239.66701 239.10001 238.70000 237.73300 239.26700 235.30000 234.43300 237.83299 237.60001 238.39999 237.89999 236.80000 237.39999 234.43300 235.53300 239.63300 239.16701 237.63300 238.60001 240.20000 240.96700 241.89999 239.43300 241.33299 245.30000 245.56700 243.26700 244.66701 244.76700 243.13300 241.86700 239.83299 239.83299 239.96700 239.23300 239.60001 239.60001 240.63300 240.63300 243.70000
237.26700 239.10001 244.89999 237.80000 239.20000 240.96700 238.56700 238.26700 240.30000 236.63300 236.80000 236.13300 237.53300 239.20000 238.73300 237.50000 236.23300 237.60001 238.66701 235.20000 237.16701 238.16701 239.39999 239.63300 239.66701 237.03300 237.66701 237.10001 237.80000 237.23300 236.06700 235.36700 235.30000 234.13300 235.76700 234.00000 232.96700 236.33299 235.86700 236.16701 234.20000 233.33299 236.46700 234.50000 230.66701 234.50000 235.50000 238.36700 238.70000 235.33299 236.36700 236.80000 237.60001 239.23300 240.93300 242.70000 243.39999 244.30000 244.56700 242.80000 242.80000 239.60001 242.30000 242.86700 240.13300 237.93300 237.93300 239.43300 239.43300 240.89999
236.63300 239.03300 242.76700 235.80000 232.26700 234.53300 233.63300 229.73300 235.30000 236.83299 235.83299 236.16701 236.33299 234.06700 233.63300 232.43300 231.96700 232.16701 232.89999 232.30000 234.70000 238.73300 240.39999 237.39999 236.86700 239.33299 238.13300 236.89999 235.10001 235.66701 235.26700 236.20000 235.46700 234.46700 234.00000 233.26700 233.26700 232.13300 235.46700 234.06700 233.53300 234.70000 234.50000 237.96700 236.73300 234.10001 233.30000 232.63300 232.70000 234.96700 237.60001 238.73300 239.50000 239.86700 240.46700 241.13300 241.83299 240.20000 241.00000 240.86700 241.80000 245.16701 246.56700 244.76700 241.16701 244.33299 242.80000 245.00000 244.76700 241.00000
230.83299 235.86700 238.43300 237.23300 235.50000 232.26700 231.46700 225.66701 225.89999 233.20000 229.50000 237.66701 238.06700 235.26700 232.03300 233.13300 233.26700 231.46700 230.03300 228.60001 230.60001 235.33299 237.30000 234.89999 235.63300 235.96700 235.73300 231.93300 234.23300 228.60001 231.26700 233.26700 230.13300 233.53300 235.89999 233.60001 233.76700 233.96700 235.36700 236.10001 236.80000 234.16701 234.13300 235.36700 235.20000 237.66701 236.39999 231.73300 227.13300 230.50000 233.26700 234.83299 236.93300 239.00000 236.50000 241.89999 243.10001 240.39999 241.20000 240.39999 240.10001 239.16701 240.73300 240.76700 240.89999 247.23300 245.66701 248.33299 245.33299 241.86700
235.36700 239.13300 242.16701 236.36700 240.39999 237.13300 232.39999 230.20000 229.66701 230.70000 223.43300 233.86700 238.80000 243.10001 246.26700 238.89999 234.16701 234.76700 231.73300 228.73300 227.96700 226.66701 227.73300 228.00000 233.26700 231.56700 230.86700 232.06700 233.86700 231.53300 232.10001 231.13300 233.63300 233.26700 233.26700 233.96700 235.30000 236.76700 237.46700 236.46700 237.46700 237.60001 238.86700 235.23300 235.06700 235.43300 231.26700 225.80000 229.10001 231.26700 228.60001 227.96700 232.56700 237.50000 239.89999 239.53300 239.73300 243.86700 245.26700 241.46700 243.46700 245.20000 245.03300 241.86700 241.73300 242.30000 242.30000 244.03300 244.76700 237.46700
239.39999 240.66701 241.10001 240.60001 239.30000 238.00000 238.06700 237.53300 236.70000 231.83299 223.50000 218.33299 223.00000 227.63300 231.03300 236.96700 239.00000 240.33299 236.73300 235.03300 231.30000 227.76700 225.83299 224.93300 224.89999 227.86700 229.13300 235.23300 235.73300 231.50000 233.56700 233.73300 235.63300 233.73300 233.76700 234.89999 233.83299 236.43300 237.16701 235.93300 237.16701 237.80000 235.89999 233.66701 235.06700 239.36700 239.46700 238.53300 238.56700 234.70000 229.46700 234.66701 241.00000 244.03300 245.10001 242.96700 241.46700 245.46700 244.96700 242.20000 244.56700 244.16701 244.80000 242.20000 238.10001 239.60001 239.60001 241.06700 239.53300 236.13300
226.63300 230.43300 233.16701 227.46700 228.39999 235.96700 236.60001 234.73300 234.16701 232.76700 227.39999 228.63300 226.39999 230.93300 230.89999 231.13300 232.30000 234.10001 237.10001 243.10001 241.56700 239.89999 239.56700 234.20000 225.39999 227.30000 229.66701 231.13300 232.16701 238.16701 237.76700 238.03300 238.20000 234.36700 232.93300 231.70000 229.60001 230.10001 231.06700 235.26700 234.70000 231.26700 231.06700 230.30000 230.23300 235.13300 235.00000 235.53300 234.36700 235.43300 240.73300 240.66701 240.06700 245.83299 248.89999 248.86700 251.30000 245.00000 248.39999 244.30000 243.70000 242.89999 242.60001 237.70000 237.70000 244.33299 240.89999 234.56700 233.00000 236.66701
227.53300 230.43300 230.43300 225.13300 226.16701 235.46700 239.60001 237.10001 239.66701 232.76700 228.96700 227.50000 236.73300 238.43300 236.06700 236.63300 238.30000 240.00000 223.39999 234.50000 244.53300 245.89999 243.83299 241.23300 232.80000 231.16701 230.50000 227.83299 226.20000 236.63300 237.36700 237.76700 237.80000 232.39999 232.39999 229.89999 230.10001 231.26700 230.10001 234.63300 235.20000 234.06700 232.46700 231.20000 231.00000 229.16701 226.33299 228.86700 233.66701 238.26700 241.30000 241.36700 239.89999 241.10001 243.80000 249.83299 249.86700 246.70000 247.20000 243.26700 242.86700 239.83299 238.13300 237.56700 238.30000 231.86700 223.83299 224.89999 227.50000 234.76700
234.83299 232.16701 231.23300 231.46700 230.23300 231.66701 235.89999 234.63300 234.13300 234.03300 231.60001 224.03300 232.39999 238.26700 237.50000 240.60001 242.73300 242.39999 236.26700 232.13300 232.03300 237.03300 239.63300 235.39999 235.43300 233.70000 227.56700 225.20000 227.50000 231.03300 232.83299 233.86700 233.53300 226.80000 228.73300 235.53300 235.23300 235.00000 235.96700 233.70000 235.56700 245.43300 245.50000 235.23300 234.76700 231.70000 232.13300 234.16701 234.60001 239.33299 243.60001 249.20000 243.39999 241.23300 245.96700 244.26700 243.63300 244.56700 242.39999 245.76700 244.83299 241.66701 239.23300 236.53300 234.50000 235.93300 227.93300 232.13300 234.60001 238.20000
234.26700 232.53300 232.53300 233.86700 234.89999 234.93300 228.26700 230.86700 224.06700 223.56700 222.70000 231.96700 234.16701 236.96700 236.03300 236.86700 240.96700 236.43300 238.80000 240.86700 238.13300 236.00000 233.03300 230.33299 230.96700 236.30000 235.03300 230.36700 230.96700 233.26700 233.36700 234.93300 234.93300 229.66701 231.73300 235.50000 235.86700 235.60001 237.39999 235.00000 239.39999 250.83299 246.00000 237.43300 243.13300 240.30000 238.10001 234.60001 236.23300 236.16701 239.63300 242.56700 239.30000 235.03300 235.63300 235.03300 236.00000 241.00000 241.70000 242.00000 244.46700 239.26700 239.80000 235.86700 235.80000 236.23300 233.46700 233.53300 236.06700 235.53300
225.30000 229.53300 229.53300 234.56700 237.20000 240.16701 239.70000 233.23300 231.33299 228.56700 231.50000 228.30000 231.13300 238.30000 237.33299 236.06700 236.30000 232.60001 234.50000 236.73300 236.76700 238.89999 237.86700 237.20000 232.89999 232.83299 228.93300 232.53300 232.93300 228.30000 229.23300 218.89999 226.80000 226.60001 234.83299 235.56700 231.26700 234.73300 238.00000 234.60001 234.63300 241.00000 241.76700 239.26700 237.43300 237.43300 236.80000 234.96700 236.00000 235.80000 237.76700 240.26700 241.43300 238.39999 239.70000 238.63300 239.50000 240.80000 234.83299 237.10001 235.96700 232.13300 233.36700 233.96700 234.93300 235.46700 235.39999 231.56700 231.56700 241.73300
223.16701 227.76700 228.80000 235.16701 236.86700 242.20000 239.30000 236.93300 233.06700 232.00000 231.66701 222.03300 226.70000 235.83299 237.56700 240.36700 239.10001 234.10001 232.60001 234.50000 233.39999 239.80000 237.70000 233.06700 231.36700 233.86700 233.86700 237.36700 233.00000 229.26700 225.96700 218.89999 217.23300 228.63300 233.89999 236.30000 230.96700 233.93300 236.39999 237.46700 236.63300 241.66701 242.30000 237.20000 237.89999 236.86700 236.80000 231.80000 235.06700 235.33299 236.10001 237.66701 239.39999 237.23300 237.13300 237.60001 238.13300 236.00000 234.13300 235.10001 231.96700 231.76700 231.89999 235.23300 237.86700 244.30000 239.23300 238.30000 237.83299 242.70000
223.30000 232.00000 231.86700 230.89999 235.53300 247.76700 250.23300 246.56700 238.56700 236.86700 236.30000 229.26700 233.36700 234.76700 236.26700 239.93300 236.53300 233.89999 232.66701 230.96700 230.96700 236.30000 239.43300 239.60001 235.43300 225.36700 223.23300 231.46700 231.93300 227.43300 222.50000 213.76700 215.06700 228.73300 233.26700 237.66701 236.73300 238.43300 241.10001 247.56700 249.76700 243.16701 243.03300 242.36700 237.96700 233.43300 232.53300 227.50000 226.16701 225.26700 225.26700 226.60001 226.16701 231.06700 233.03300 234.80000 234.63300 233.30000 232.16701 232.50000 234.00000 233.80000 234.76700 240.96700 247.43300 255.03300 252.76700 253.23300 252.63300 247.00000
222.53300 223.06700 231.96700 230.43300 231.43300 248.83299 249.76700 251.63300 248.83299 240.86700 242.80000 240.13300 239.96700 240.36700 242.13300 239.83299 234.76700 235.20000 234.39999 230.26700 230.46700 234.96700 238.06700 240.56700 236.53300 227.23300 228.56700 235.30000 236.10001 232.03300 230.23300 219.10001 218.00000 231.73300 234.56700 239.23300 239.16701 240.30000 240.06700 246.76700 248.56700 243.03300 235.13300 236.50000 234.43300 223.93300 228.00000 227.30000 228.43300 227.86700 225.63300 -9999 -9999 230.03300 230.23300 226.39999 231.30000 231.16701 228.89999 232.93300 235.26700 235.86700 244.46700 250.93300 253.76700 255.23300 258.63300 258.86700 259.89999 250.93300
232.63300 239.26700 233.36700 236.43300 240.33299 239.26700 239.26700 241.56700 239.33299 245.56700 246.73300 241.00000 240.93300 237.53300 237.60001 229.73300 224.66701 232.56700 229.33299 228.46700 231.63300 238.56700 235.86700 231.46700 229.13300 239.43300 236.46700 233.10001 229.30000 230.53300 228.16701 233.46700 229.86700 233.86700 237.70000 239.56700 239.56700 244.46700 237.06700 234.39999 -9999 -9999 -9999 -9999 223.89999 -9999 231.20000 235.10001 229.96700 228.89999 222.30000 -9999 -9999 230.46700 228.70000 225.80000 225.53300 228.56700 230.33299 233.56700 237.39999 240.50000 242.20000 245.06700 246.50000 245.23300 259.20001 255.30000 253.93300 244.96700
