data/hydroclimate-scenarios/BCSD_hadcm_A1B/swe_stats/jd_max_swe.2030-2059.asc
ncols	311
nrows	91
xllcenter	102.75
yllcenter	31.75
cellsize	0.5
NODATA_value	-9999
[rows 0 to 30 of 91, columns 70 to 139 of 311]
-9999 -9999 -9999 -9999 -9999 -9999 -9999 -9999 -9999 -9999 -9999 -9999 -9999 -9999 -9999 -9999 -9999 -9999 -9999 -9999 -9999 -9999 -9999 -9999 -9999 -9999 -9999 -9999 -9999 -9999 -9999 -9999 -9999 -9999 -9999 -9999 -9999 -9999 -9999 -9999 -9999 -9999 -9999 -9999 -9999 -9999 -9999 -9999 -9999 -9999 -9999 -9999 -9999 -9999 -9999 -9999 -9999 -9999 -9999 -9999 -9999 -9999 -9999 -9999 -9999 -9999 -9999 -9999 -9999 -9999
-9999 -9999 -9999 -9999 -9999 -9999 -9999 -9999 -9999 -9999 -9999 -9999 -9999 -9999 -9999 -9999 -9999 -9999 -9999 -9999 -9999 -9999 -9999 -9999 -9999 -9999 -9999 -9999 -9999 -9999 -9999 -9999 -9999 -9999 -9999 -9999 -9999 -9999 -9999 -9999 -9999 -9999 -9999 -9999 -9999 -9999 -9999 -9999 -9999 -9999 -9999 -9999 -9999 -9999 -9999 -9999 -9999 -9999 -9999 -9999 -9999 -9999 -9999 -9999 -9999 -9999 -9999 -9999 -9999 -9999
-9999 -9999 -9999 -9999 -9999 -9999 -9999 -9999 -9999 -9999 -9999 -9999 -9999 -9999 -9999 -9999 -9999 -9999 -9999 -9999 -9999 -9999 -9999 -9999 -9999 -9999 -9999 -9999 -9999 -9999 -9999 -9999 -9999 -9999 -9999 -9999 -9999 -9999 -9999 -9999 -9999 -9999 -9999 -9999 -9999 -9999 -9999 -9999 -9999 -9999 -9999 -9999 -9999 -9999 -9999 -9999 -9999 -9999 -9999 -9999 -9999 -9999 -9999 -9999 -9999 -9999 -9999 -9999 -9999 -9999
-9999 -9999 -9999 -9999 -9999 -9999 -9999 -9999 -9999 -9999 -9999 -9999 -9999 -9999 -9999 -9999 -9999 -9999 -9999 -9999 -9999 -9999 -9999 -9999 -9999 -9999 -9999 -9999 -9999 -9999 -9999 -9999 -9999 -9999 -9999 -9999 -9999 -9999 -9999 -9999 -9999 -9999 -9999 -9999 -9999 -9999 -9999 -9999 -9999 -9999 -9999 -9999 -9999 -9999 -9999 -9999 -9999 -9999 -9999 -9999 -9999 -9999 -9999 -9999 -9999 -9999 -9999 -9999 -9999 -9999
-9999 -9999 -9999 -9999 -9999 -9999 -9999 -9999 -9999 -9999 -9999 -9999 -9999 -9999 -9999 -9999 -9999 -9999 -9999 -9999 -9999 -9999 -9999 -9999 -9999 -9999 -9999 -9999 -9999 -9999 -9999 -9999 -9999 -9999 -9999 -9999 -9999 -9999 -9999 -9999 -9999 -9999 -9999 -9999 -9999 -9999 -9999 -9999 -9999 -9999 -9999 -9999 -9999 -9999 -9999 -9999 -9999 -9999 -9999 -9999 -9999 -9999 -9999 -9999 -9999 -9999 -9999 -9999 -9999 -9999
-9999 -9999 -9999 -9999 -9999 -9999 -9999 -9999 -9999 -9999 -9999 -9999 -9999 -9999 -9999 -9999 -9999 -9999 -9999 -9999 -9999 -9999 -9999 -9999 -9999 -9999 -9999 -9999 -9999 -9999 -9999 -9999 -9999 -9999 -9999 -9999 -9999 -9999 -9999 -9999 -9999 -9999 -9999 -9999 -9999 -9999 -9999 -9999 -9999 -9999 -9999 -9999 -9999 -9999 -9999 -9999 -9999 -9999 -9999 -9999 -9999 -9999 -9999 -9999 -9999 -9999 -9999 -9999 -9999 -9999
-9999 -9999 -9999 -9999 -9999 -9999 -9999 -9999 -9999 -9999 -9999 -9999 -9999 -9999 -9999 -9999 -9999 -9999 -9999 -9999 -9999 -9999 -9999 -9999 -9999 -9999 -9999 -9999 -9999 -9999 -9999 -9999 -9999 -9999 -9999 -9999 -9999 -9999 -9999 -9999 -9999 -9999 -9999 -9999 -9999 -9999 -9999 -9999 -9999 -9999 -9999 -9999 -9999 -9999 -9999 -9999 -9999 -9999 -9999 -9999 -9999 -9999 -9999 -9999 -9999 -9999 -9999 -9999 -9999 -9999
-9999 -9999 -9999 -9999 -9999 -9999 -9999 -9999 -9999 -9999 -9999 -9999 -9999 -9999 -9999 -9999 -9999 -9999 -9999 -9999 -9999 -9999 -9999 -9999 -9999 -9999 -9999 -9999 -9999 -9999 -9999 -9999 -9999 -9999 -9999 -9999 -9999 -9999 -9999 -9999 -9999 -9999 -9999 -9999 -9999 -9999 -9999 -9999 -9999 -9999 -9999 -9999 -9999 -9999 -9999 -9999 -9999 -9999 -9999 -9999 -9999 -9999 -9999 -9999 -9999 -9999 -9999 -9999 -9999 -9999
-9999 -9999 -9999 -9999 -9999 -9999 -9999 232.80000 -9999 -9999 -9999 -9999 -9999 -9999 -9999 -9999 -9999 -9999 -9999 -9999 -9999 -9999 -9999 -9999 -9999 -9999 -9999 -9999 -9999 -9999 -9999 -9999 -9999 -9999 -9999 -9999 -9999 -9999 -9999 -9999 -9999 -9999 -9999 -9999 -9999 -9999 -9999 -9999 -9999 -9999 -9999 -9999 -9999 -9999 -9999 -9999 -9999 -9999 -9999 -9999 -9999 -9999 -9999 -9999 -9999 -9999 -9999 -9999 -9999 -9999
-9999 -9999 -9999 237.23300 225.83299 227.06700 232.30000 230.70000 232.96700 233.70000 235.83299 235.70000 238.46700 239.03300 239.83299 243.00000 243.00000 247.60001 245.50000 242.50000 242.89999 246.46700 241.93300 -9999 -9999 -9999 -9999 -9999 -9999 -9999 -9999 -9999 -9999 -9999 -9999 -9999 -9999 -9999 -9999 -9999 -9999 -9999 -9999 -9999 -9999 -9999 -9999 -9999 -9999 -9999 -9999 -9999 -9999 -9999 -9999 -9999 -9999 -9999 -9999 -9999 -9999 -9999 -9999 -9999 -9999 -9999 -9999 -9999 -9999 -9999
-9999 -9999 -9999 -9999 -9999 231.20000 231.46700 232.30000 233.80000 240.93300 241.53300 242.06700 244.10001 243.13300 243.30000 243.46700 242.89999 243.13300 244.43300 241.16701 241.80000 243.86700 243.73300 -9999 -9999 -9999 -9999 -9999 -9999 -9999 -9999 -9999 -9999 -9999 -9999 -9999 -9999 -9999 -9999 -9999 -9999 -9999 -9999 -9999 -9999 -9999 -9999 -9999 -9999 -9999 -9999 -9999 -9999 -9999 -9999 -9999 -9999 -9999 -9999 -9999 -9999 -9999 -9999 -9999 -9999 -9999 -9999 -9999 -9999 -9999
225.53300 224.30000 224.66701 224.33299 224.33299 230.56700 230.56700 229.70000 230.53300 237.83299 238.60001 240.76700 241.63300 240.86700 241.50000 242.56700 242.73300 241.66701 242.06700 240.53300 240.39999 242.89999 243.06700 238.50000 237.33299 240.23300 240.26700 238.70000 237.13300 -9999 -9999 -9999 -9999 -9999 -9999 -9999 -9999 -9999 -9999 -9999 -9999 -9999 -9999 -9999 -9999 -9999 -9999 -9999 -9999 -9999 -9999 -9999 -9999 -9999 -9999 -9999 -9999 -9999 -9999 -9999 -9999 -9999 -9999 -9999 -9999 -9999 -9999 -9999 -9999 -9999
226.23300 225.13300 225.13300 225.89999 226.23300 230.60001 232.03300 230.70000 231.50000 237.23300 241.06700 242.13300 242.13300 242.63300 243.00000 243.66701 245.43300 241.93300 242.10001 241.80000 243.16701 243.50000 243.50000 241.73300 239.36700 235.73300 233.66701 237.80000 237.80000 236.46700 234.06700 229.56700 230.13300 232.39999 232.39999 228.86700 227.73300 225.70000 226.30000 224.03300 224.30000 220.26700 220.80000 227.53300 -9999 -9999 -9999 -9999 -9999 -9999 -9999 -9999 -9999 -9999 -9999 -9999 -9999 -9999 -9999 -9999 -9999 -9999 -9999 -9999 -9999 -9999 -9999 -9999 -9999 -9999
224.96700 224.26700 224.26700 225.43300 225.96700 231.53300 231.53300 229.56700 229.76700 234.10001 235.30000 241.03300 241.23300 239.86700 240.20000 242.13300 242.36700 241.33299 241.53300 239.46700 240.76700 242.83299 244.00000 239.86700 239.00000 236.39999 234.56700 235.39999 233.39999 236.39999 235.83299 231.86700 231.36700 227.56700 227.93300 223.83299 223.83299 225.36700 224.96700 222.56700 224.03300 218.56700 218.56700 222.16701 221.70000 -9999 -9999 -9999 -9999 -9999 -9999 -9999 -9999 -9999 -9999 -9999 -9999 -9999 -9999 -9999 -9999 -9999 -9999 -9999 -9999 -9999 -9999 -9999 -9999 -9999
228.13300 230.80000 231.63300 227.96700 234.50000 232.93300 232.46700 232.39999 232.39999 237.43300 235.83299 240.46700 240.66701 239.23300 239.30000 236.73300 237.36700 241.50000 242.16701 240.26700 243.50000 240.53300 241.39999 241.00000 240.83299 238.53300 239.80000 239.13300 238.16701 233.03300 233.03300 231.50000 230.66701 233.26700 234.63300 232.50000 232.50000 228.89999 227.93300 227.36700 227.36700 226.20000 226.20000 228.66701 227.73300 -9999 -9999 -9999 -9999 -9999 -9999 -9999 -9999 -9999 -9999 -9999 -9999 -9999 -9999 -9999 222.63300 221.96700 -9999 -9999 -9999 -9999 235.53300 241.56700 246.16701 238.80000
225.50000 228.80000 228.80000 228.66701 231.80000 231.20000 231.20000 230.53300 231.53300 235.20000 236.30000 235.46700 236.93300 239.16701 240.50000 235.89999 236.46700 236.50000 237.16701 234.63300 234.46700 236.70000 236.96700 240.83299 234.96700 231.86700 235.30000 235.33299 237.06700 231.23300 231.30000 230.76700 229.06700 230.70000 230.66701 231.70000 229.66701 224.36700 225.30000 225.06700 224.53300 223.10001 225.03300 226.53300 225.83299 227.76700 226.93300 227.70000 230.73300 231.80000 234.53300 232.46700 232.73300 234.63300 232.33299 235.53300 234.76700 225.60001 225.60001 224.76700 228.63300 227.36700 -9999 -9999 -9999 -9999 -9999 235.43300 238.83299 240.33299
231.73300 231.73300 229.89999 231.06700 234.50000 231.83299 231.06700 230.70000 231.76700 231.70000 231.66701 231.33299 230.76700 232.33299 232.36700 233.36700 233.33299 231.63300 229.26700 227.53300 234.06700 231.80000 231.83299 229.03300 229.03300 228.26700 228.26700 230.63300 231.20000 230.73300 226.70000 227.36700 227.30000 227.39999 228.53300 227.46700 224.80000 223.66701 223.66701 223.89999 222.36700 224.53300 225.10001 224.33299 225.56700 228.63300 228.63300 227.26700 227.33299 232.70000 235.70000 233.03300 228.86700 233.10001 237.66701 242.66701 239.39999 239.50000 238.96700 241.39999 239.46700 237.80000 238.43300 235.03300 233.20000 235.26700 235.26700 236.46700 236.46700 238.46700
228.39999 231.46700 236.13300 228.80000 231.23300 234.03300 231.53300 229.93300 229.93300 229.26700 229.76700 227.96700 230.10001 231.73300 231.26700 229.96700 226.33299 227.89999 229.30000 223.83299 226.36700 229.56700 230.96700 230.13300 230.63300 227.10001 228.66701 227.63300 229.16701 224.36700 223.43300 222.00000 221.03300 223.86700 226.10001 226.70000 223.73300 223.13300 222.83299 220.70000 218.46700 224.20000 227.06700 225.46700 222.70000 222.80000 224.93300 226.66701 229.86700 225.46700 226.80000 228.30000 228.63300 227.39999 233.36700 240.03300 242.10001 241.39999 240.63300 243.83299 244.80000 243.20000 250.50000 244.16701 238.13300 236.70000 237.39999 236.53300 238.33299 238.46700
237.23300 237.03300 241.86700 234.83299 227.96700 225.16701 217.23300 216.39999 225.89999 224.66701 222.96700 224.30000 229.16701 226.93300 223.30000 222.43300 221.63300 221.93300 223.70000 220.39999 226.26700 233.36700 234.39999 234.26700 231.89999 229.70000 228.33299 228.53300 227.39999 225.10001 225.73300 223.96700 223.96700 223.86700 223.60001 223.96700 223.96700 219.66701 224.03300 227.36700 227.36700 227.53300 227.26700 238.83299 234.89999 227.13300 224.00000 223.73300 224.20000 228.30000 230.76700 235.06700 235.60001 235.70000 237.16701 240.13300 240.13300 235.23300 240.96700 243.89999 247.06700 244.36700 250.89999 253.16701 248.23300 244.20000 243.60001 241.03300 241.86700 241.66701
231.00000 235.39999 237.46700 240.36700 239.50000 226.56700 218.30000 215.10001 216.03300 224.39999 219.13300 230.76700 231.30000 234.70000 230.89999 226.73300 226.93300 226.36700 220.70000 217.23300 223.46700 232.83299 235.33299 231.89999 231.96700 229.00000 229.53300 227.23300 228.00000 222.13300 222.36700 224.43300 223.56700 226.50000 230.50000 228.16701 228.13300 227.39999 230.26700 231.50000 231.80000 236.86700 236.26700 239.70000 235.16701 238.73300 237.36700 232.60001 223.10001 226.46700 228.86700 229.33299 232.43300 235.86700 233.96700 240.83299 243.26700 240.96700 245.63300 245.10001 241.80000 242.66701 243.66701 244.39999 250.93300 250.39999 248.56700 248.33299 245.73300 241.93300
233.66701 238.56700 241.23300 241.20000 247.50000 244.73300 235.93300 222.20000 219.53300 224.63300 217.03300 230.06700 235.89999 241.70000 246.70000 237.70000 234.63300 232.46700 225.39999 220.50000 220.50000 223.30000 224.00000 225.96700 230.20000 233.16701 230.83299 230.76700 234.63300 228.10001 228.93300 230.36700 234.20000 235.10001 235.10001 233.93300 235.83299 235.43300 238.63300 232.66701 232.66701 240.30000 240.50000 239.23300 237.56700 238.20000 228.86700 225.50000 227.60001 229.89999 227.53300 227.76700 235.89999 235.70000 237.13300 238.23300 239.73300 239.83299 245.03300 244.89999 253.16701 252.63300 251.39999 247.30000 247.89999 243.20000 243.63300 246.89999 249.20000 249.50000
242.66701 243.36700 242.73300 247.86700 247.53300 244.43300 243.23300 236.26700 234.13300 226.03300 221.76700 219.23300 220.23300 224.63300 231.33299 240.46700 243.43300 246.06700 244.66701 237.96700 230.80000 229.66701 224.96700 225.46700 226.06700 228.50000 230.83299 239.43300 238.16701 231.80000 236.16701 236.20000 242.73300 239.20000 239.16701 236.56700 239.13300 237.13300 238.33299 233.66701 233.46700 240.63300 238.13300 236.13300 240.80000 239.76700 240.03300 239.96700 242.70000 240.46700 234.46700 240.10001 243.20000 243.50000 247.10001 243.83299 243.30000 253.26700 246.20000 246.96700 253.33299 250.26700 252.20000 250.10001 247.06700 243.83299 244.03300 246.86700 246.00000 246.36700
228.50000 231.16701 233.70000 238.66701 239.53300 244.80000 243.89999 237.86700 234.03300 231.46700 226.56700 229.86700 227.06700 227.46700 227.93300 233.46700 234.43300 238.23300 242.10001 242.70000 241.06700 243.80000 242.39999 231.73300 225.73300 230.80000 236.89999 234.73300 234.70000 240.10001 239.39999 234.80000 234.80000 236.23300 236.13300 238.23300 233.60001 233.00000 233.00000 239.30000 238.33299 240.20000 240.23300 233.39999 235.03300 239.23300 237.76700 239.80000 239.80000 244.76700 248.96700 249.93300 249.20000 248.26700 254.73300 252.70000 257.26700 246.43300 252.20000 248.80000 243.33299 247.96700 247.56700 243.16701 243.20000 244.43300 244.13300 244.03300 243.46700 241.63300
228.89999 229.80000 231.66701 232.43300 232.76700 241.63300 245.03300 238.83299 239.10001 233.23300 226.63300 225.80000 238.23300 237.80000 232.96700 241.16701 248.43300 242.80000 225.39999 236.63300 247.23300 247.60001 245.13300 242.03300 232.36700 236.76700 235.23300 231.39999 230.60001 237.70000 239.00000 235.70000 235.06700 235.76700 235.76700 232.06700 233.53300 232.46700 233.00000 237.73300 237.73300 242.43300 242.10001 238.26700 238.26700 229.83299 226.86700 229.60001 239.20000 247.39999 247.93300 249.93300 248.89999 244.96700 247.63300 254.96700 255.93300 249.03300 252.50000 247.03300 244.36700 243.93300 240.33299 243.20000 245.46700 241.06700 234.30000 231.60001 234.53300 240.83299
232.76700 233.66701 232.83299 234.20000 233.70000 231.60001 234.33299 236.73300 236.76700 239.06700 238.06700 220.76700 231.06700 237.39999 236.13300 240.26700 242.43300 247.73300 243.06700 240.00000 238.60001 241.03300 244.76700 239.83299 238.63300 235.50000 231.46700 227.46700 228.56700 232.89999 237.00000 235.00000 234.96700 228.23300 233.10001 235.96700 235.73300 234.83299 234.83299 239.13300 239.76700 243.60001 243.89999 241.86700 241.56700 230.86700 230.03300 232.00000 236.93300 243.46700 249.03300 254.20000 249.93300 244.83299 252.23300 251.10001 249.70000 246.56700 246.30000 254.66701 250.43300 248.66701 245.73300 242.23300 239.76700 241.23300 233.50000 237.33299 241.53300 244.33299
232.76700 233.43300 234.53300 237.26700 238.10001 233.30000 230.10001 232.03300 224.53300 227.20000 226.53300 232.73300 233.83299 234.96700 234.50000 236.10001 240.26700 241.23300 243.39999 246.16701 245.20000 243.06700 236.39999 233.73300 236.50000 239.70000 237.86700 234.26700 234.36700 238.23300 239.20000 237.76700 236.63300 231.86700 234.26700 235.30000 238.70000 239.70000 243.33299 240.16701 244.50000 248.53300 244.36700 242.96700 245.13300 243.06700 237.56700 235.06700 238.60001 244.46700 246.43300 252.30000 245.63300 239.39999 239.23300 240.00000 239.96700 243.56700 246.50000 246.30000 250.50000 246.70000 247.83299 242.70000 241.23300 241.46700 239.73300 240.10001 242.16701 243.23300
224.20000 239.70000 241.30000 245.30000 245.73300 239.30000 235.73300 232.50000 231.73300 224.80000 232.96700 231.13300 234.33299 242.00000 240.89999 236.70000 238.30000 240.03300 243.10001 246.63300 246.46700 238.50000 239.46700 242.30000 239.46700 235.70000 230.43300 239.20000 239.13300 235.43300 235.16701 228.56700 232.73300 235.13300 237.73300 236.36700 234.63300 240.56700 242.89999 237.80000 237.83299 244.10001 244.93300 245.33299 242.39999 244.03300 241.86700 240.46700 243.50000 241.06700 241.39999 244.16701 245.93300 247.73300 248.56700 247.86700 247.50000 242.50000 240.93300 239.43300 238.36700 239.13300 240.16701 241.86700 243.63300 245.36700 245.39999 239.60001 240.50000 245.83299
220.83299 233.73300 235.89999 245.30000 246.16701 242.20000 235.43300 237.63300 234.30000 231.10001 229.80000 226.60001 229.26700 236.13300 241.23300 240.00000 240.00000 241.83299 238.96700 241.89999 241.26700 242.23300 238.76700 240.96700 236.96700 235.13300 235.80000 241.56700 239.70000 235.43300 233.06700 229.36700 226.06700 235.63300 237.50000 239.43300 237.26700 239.43300 241.63300 238.39999 238.43300 244.30000 244.33299 243.86700 243.86700 242.39999 242.39999 237.53300 240.23300 241.39999 241.39999 243.86700 245.00000 244.46700 242.33299 244.80000 243.33299 242.06700 241.23300 238.46700 235.33299 239.39999 240.30000 244.36700 245.16701 251.39999 248.43300 247.56700 247.39999 247.26700
219.10001 240.86700 239.56700 243.80000 246.96700 244.13300 249.76700 243.86700 239.06700 240.53300 240.10001 232.13300 233.46700 235.03300 241.23300 242.93300 241.33299 241.03300 240.63300 241.39999 241.06700 238.53300 241.43300 239.96700 238.43300 234.43300 227.00000 236.03300 236.20000 237.26700 232.43300 225.73300 226.00000 233.93300 236.53300 239.73300 241.96700 241.13300 242.53300 248.83299 250.93300 248.63300 249.00000 246.06700 242.36700 240.13300 237.00000 232.76700 232.26700 226.86700 228.06700 234.96700 235.06700 230.89999 233.73300 241.56700 241.63300 240.26700 239.86700 237.30000 241.23300 242.06700 243.50000 247.43300 255.96700 259.23300 257.43301 257.43301 257.83301 254.43300
216.50000 227.53300 239.26700 240.26700 242.03300 247.43300 246.80000 252.96700 248.03300 245.16701 247.60001 241.66701 240.70000 242.53300 244.83299 242.93300 241.70000 242.73300 241.89999 239.96700 241.03300 235.76700 240.39999 247.23300 238.23300 236.50000 238.20000 238.70000 238.43300 238.80000 236.80000 231.46700 231.46700 234.43300 238.80000 243.13300 241.70000 242.20000 242.20000 248.26700 248.26700 248.26700 241.06700 240.43300 239.06700 221.53300 227.16701 231.96700 232.39999 231.20000 229.60001 -9999 -9999 230.73300 230.46700 232.76700 238.23300 239.43300 239.39999 239.96700 243.43300 243.66701 253.16701 257.36700 263.39999 261.16699 263.73300 262.13300 264.66699 259.26700
239.60001 241.30000 237.36700 239.86700 243.50000 248.80000 247.60001 250.66701 242.86700 244.86700 247.76700 251.76700 249.06700 246.36700 246.36700 239.93300 236.43300 243.33299 241.83299 239.86700 241.63300 244.03300 239.93300 240.13300 238.76700 248.33299 245.70000 240.39999 239.13300 236.56700 235.43300 241.50000 238.93300 239.53300 242.20000 247.20000 247.73300 250.23300 241.39999 239.20000 -9999 -9999 -9999 -9999 229.33299 -9999 236.46700 240.53300 238.13300 234.63300 228.20000 -9999 -9999 236.46700 234.66701 232.46700 233.23300 232.80000 236.63300 241.83299 246.13300 244.39999 249.86700 254.43300 257.33301 251.20000 259.73300 262.33301 261.36700 251.89999
