data/hydroclimate-scenarios/BCSD_hadcm_A1B/swe_stats/max_swe.2070-2099.asc
ncols	311
nrows	91
xllcenter	102.75
yllcenter	31.75
cellsize	0.5
NODATA_value	-9999
[rows 0 to 30 of 91, columns 213 to 283 of 311]
-9999 -9999 -9999 -9999 -9999 -9999 -9999 -9999 -9999 -9999 -9999 -9999 -9999 -9999 -9999 -9999 -9999 -9999 -9999 -9999 -9999 -9999 -9999 -9999 -9999 -9999 -9999 -9999 -9999 -9999 -9999 -9999 -9999 -9999 -9999 -9999 -9999 -9999 -9999 -9999 -9999 -9999 -9999 -9999 -9999 -9999 -9999 -9999 -9999 -9999 -9999 -9999 -9999 -9999 -9999 -9999 -9999 -9999 -9999 -9999 -9999 -9999 -9999 -9999 -9999 -9999 -9999 -9999 -9999 -9999 -9999
-9999 -9999 -9999 -9999 -9999 -9999 -9999 -9999 -9999 -9999 -9999 -9999 -9999 -9999 -9999 -9999 -9999 -9999 -9999 -9999 -9999 -9999 -9999 -9999 -9999 -9999 -9999 -9999 -9999 -9999 -9999 -9999 -9999 -9999 -9999 -9999 -9999 -9999 -9999 -9999 -9999 -9999 -9999 -9999 -9999 -9999 -9999 -9999 -9999 -9999 -9999 -9999 -9999 -9999 -9999 -9999 -9999 -9999 -9999 -9999 -9999 -9999 -9999 -9999 -9999 -9999 -9999 -9999 -9999 -9999 -9999
-9999 -9999 -9999 -9999 -9999 -9999 -9999 -9999 -9999 -9999 -9999 -9999 -9999 -9999 -9999 -9999 -9999 -9999 -9999 -9999 -9999 -9999 -9999 -9999 -9999 -9999 -9999 -9999 -9999 -9999 -9999 -9999 -9999 -9999 -9999 -9999 -9999 -9999 -9999 -9999 -9999 -9999 -9999 -9999 -9999 -9999 -9999 -9999 -9999 -9999 -9999 -9999 -9999 -9999 -9999 -9999 -9999 -9999 -9999 -9999 -9999 -9999 -9999 -9999 -9999 -9999 -9999 -9999 -9999 -9999 -9999
-9999 -9999 -9999 -9999 -9999 -9999 -9999 -9999 -9999 -9999 -9999 -9999 -9999 -9999 -9999 -9999 -9999 -9999 -9999 -9999 -9999 -9999 -9999 -9999 -9999 -9999 -9999 -9999 -9999 -9999 -9999 -9999 -9999 -9999 -9999 -9999 -9999 -9999 -9999 -9999 -9999 -9999 -9999 -9999 -9999 -9999 -9999 -9999 -9999 -9999 -9999 -9999 -9999 -9999 -9999 -9999 -9999 -9999 -9999 -9999 -9999 -9999 -9999 -9999 -9999 -9999 -9999 -9999 -9999 -9999 -9999
-9999 -9999 -9999 -9999 -9999 -9999 -9999 -9999 -9999 -9999 -9999 -9999 -9999 -9999 -9999 -9999 -9999 -9999 -9999 -9999 -9999 -9999 -9999 -9999 -9999 -9999 -9999 -9999 -9999 -9999 -9999 -9999 -9999 -9999 -9999 -9999 -9999 -9999 -9999 -9999 -9999 -9999 -9999 -9999 -9999 -9999 -9999 -9999 -9999 -9999 -9999 -9999 -9999 -9999 -9999 -9999 -9999 -9999 -9999 -9999 -9999 -9999 -9999 -9999 -9999 -9999 -9999 -9999 -9999 -9999 -9999
-9999 -9999 -9999 -9999 -9999 -9999 -9999 -9999 -9999 -9999 -9999 -9999 -9999 -9999 -9999 -9999 -9999 -9999 -9999 -9999 -9999 -9999 -9999 -9999 -9999 -9999 -9999 -9999 -9999 -9999 -9999 -9999 -9999 -9999 -9999 -9999 -9999 -9999 -9999 -9999 -9999 -9999 -9999 -9999 -9999 -9999 -9999 -9999 -9999 -9999 -9999 -9999 -9999 -9999 -9999 -9999 -9999 -9999 -9999 -9999 -9999 -9999 -9999 -9999 -9999 -9999 -9999 -9999 -9999 -9999 -9999
-9999 -9999 -9999 -9999 -9999 -9999 -9999 -9999 -9999 -9999 -9999 -9999 -9999 -9999 -9999 -9999 -9999 -9999 -9999 -9999 -9999 -9999 -9999 -9999 -9999 -9999 -9999 -9999 -9999 -9999 -9999 -9999 -9999 -9999 -9999 -9999 -9999 -9999 -9999 -9999 -9999 -9999 -9999 -9999 -9999 -9999 -9999 -9999 -9999 -9999 -9999 -9999 -9999 -9999 -9999 -9999 -9999 -9999 -9999 -9999 -9999 -9999 -9999 -9999 -9999 -9999 -9999 -9999 -9999 -9999 -9999
-9999 -9999 -9999 -9999 -9999 -9999 -9999 -9999 -9999 -9999 -9999 -9999 -9999 -9999 -9999 -9999 -9999 -9999 -9999 -9999 -9999 -9999 -9999 -9999 -9999 -9999 -9999 -9999 -9999 -9999 -9999 -9999 -9999 -9999 -9999 -9999 -9999 -9999 -9999 -9999 -9999 -9999 -9999 -9999 -9999 -9999 -9999 -9999 -9999 -9999 -9999 -9999 -9999 -9999 -9999 -9999 -9999 -9999 -9999 -9999 -9999 -9999 -9999 -9999 -9999 -9999 -9999 -9999 -9999 -9999 -9999
-9999 -9999 -9999 -9999 -9999 -9999 -9999 -9999 -9999 -9999 -9999 -9999 -9999 -9999 -9999 -9999 -9999 -9999 -9999 -9999 -9999 -9999 -9999 -9999 -9999 -9999 -9999 -9999 -9999 -9999 -9999 -9999 -9999 -9999 -9999 -9999 -9999 -9999 -9999 -9999 -9999 -9999 -9999 -9999 -9999 -9999 -9999 -9999 -9999 -9999 -9999 -9999 -9999 -9999 -9999 -9999 -9999 -9999 -9999 -9999 -9999 -9999 -9999 -9999 -9999 -9999 -9999 -9999 -9999 -9999 -9999
-9999 -9999 -9999 -9999 -9999 -9999 -9999 -9999 -9999 -9999 -9999 -9999 -9999 -9999 -9999 -9999 -9999 -9999 -9999 -9999 -9999 -9999 -9999 -9999 -9999 -9999 -9999 -9999 -9999 -9999 -9999 -9999 -9999 -9999 -9999 -9999 -9999 -9999 -9999 -9999 -9999 -9999 -9999 -9999 -9999 -9999 -9999 -9999 -9999 -9999 -9999 -9999 -9999 -9999 -9999 -9999 -9999 -9999 -9999 -9999 -9999 -9999 -9999 -9999 -9999 -9999 -9999 -9999 -9999 -9999 -9999
-9999 -9999 -9999 -9999 -9999 -9999 -9999 -9999 -9999 -9999 -9999 -9999 -9999 -9999 -9999 -9999 -9999 -9999 -9999 -9999 -9999 -9999 -9999 -9999 -9999 -9999 -9999 -9999 -9999 -9999 -9999 -9999 -9999 -9999 -9999 -9999 -9999 -9999 -9999 -9999 -9999 -9999 -9999 -9999 -9999 -9999 -9999 -9999 -9999 -9999 -9999 -9999 -9999 -9999 -9999 -9999 -9999 -9999 -9999 -9999 -9999 -9999 -9999 -9999 -9999 -9999 -9999 -9999 -9999 -9999 -9999
-9999 -9999 -9999 -9999 -9999 -9999 -9999 -9999 -9999 -9999 -9999 -9999 -9999 -9999 -9999 -9999 -9999 -9999 -9999 -9999 -9999 -9999 -9999 -9999 -9999 -9999 -9999 -9999 -9999 -9999 -9999 -9999 -9999 -9999 -9999 -9999 -9999 -9999 -9999 -9999 -9999 -9999 -9999 -9999 -9999 -9999 -9999 -9999 -9999 -9999 -9999 -9999 -9999 -9999 -9999 -9999 -9999 -9999 -9999 -9999 -9999 -9999 -9999 -9999 -9999 -9999 -9999 -9999 -9999 -9999 -9999
-9999 -9999 -9999 -9999 -9999 -9999 -9999 -9999 -9999 -9999 -9999 -9999 -9999 -9999 -9999 -9999 -9999 -9999 -9999 -9999 -9999 -9999 -9999 -9999 -9999 -9999 -9999 -9999 -9999 -9999 -9999 -9999 -9999 -9999 -9999 -9999 -9999 -9999 -9999 -9999 -9999 -9999 -9999 -9999 -9999 -9999 -9999 -9999 -9999 -9999 -9999 -9999 -9999 -9999 -9999 -9999 -9999 -9999 -9999 -9999 -9999 -9999 -9999 -9999 -9999 -9999 -9999 -9999 -9999 -9999 -9999
137.68300 139.13699 139.33299 137.64700 120.16300 116.91000 -9999 -9999 -9999 -9999 -9999 -9999 -9999 -9999 -9999 -9999 -9999 -9999 -9999 -9999 -9999 -9999 -9999 -9999 -9999 -9999 -9999 -9999 -9999 -9999 -9999 -9999 -9999 -9999 -9999 -9999 -9999 -9999 -9999 -9999 -9999 -9999 -9999 -9999 -9999 -9999 -9999 96.54000 -9999 -9999 -9999 -9999 -9999 -9999 -9999 -9999 -9999 -9999 -9999 -9999 -9999 -9999 -9999 -9999 -9999 -9999 -9999 -9999 -9999 -9999 -9999
166.80000 161.22000 152.15700 149.38699 151.07300 150.58000 121.68700 113.29000 97.52670 102.75000 69.21670 69.40330 76.31330 182.61700 178.42999 172.98000 159.94701 132.67700 640.98999 -9999 -9999 -9999 -9999 -9999 -9999 -9999 -9999 -9999 -9999 -9999 -9999 -9999 -9999 -9999 -9999 -9999 -9999 -9999 -9999 -9999 -9999 -9999 34.13670 60.90670 49.67670 28.39000 33.97330 61.53330 130.24300 -9999 -9999 -9999 112.19300 -9999 -9999 -9999 111.54000 140.41000 138.99699 -9999 -9999 -9999 -9999 -9999 -9999 -9999 -9999 -9999 -9999 -9999 -9999
177.50999 164.52299 159.39301 160.21700 160.19000 162.24300 39.55000 17.93670 20.40000 21.38000 24.06000 28.17670 27.80670 28.70330 10.28330 23.94330 19.29670 16.11330 10.54000 8.85667 9.10667 24.63000 97.90000 183.99699 121.14000 -9999 -9999 -9999 -9999 -9999 147.59700 146.43700 158.78300 170.98000 171.26300 158.05701 142.20000 143.38300 143.75700 135.30701 129.61000 130.36700 33.34330 42.37000 37.07330 39.54330 47.19330 60.92670 157.68300 161.41299 163.39700 150.22701 142.39999 159.88000 151.88000 142.47301 165.45700 166.87700 130.93300 133.20000 149.31000 146.73700 157.11700 145.99699 -9999 -9999 -9999 -9999 -9999 -9999 -9999
184.08299 182.98700 182.17300 124.26300 123.11300 79.20330 22.17000 25.89330 27.22330 26.33000 3.99667 30.55670 30.42670 32.19330 22.03670 17.38330 13.08670 11.67330 9.09000 7.49333 16.68000 23.48670 146.28999 61.33000 96.14000 124.02300 147.99699 181.03300 200.03300 189.70300 179.16299 174.82300 173.50999 201.75000 217.31000 193.28300 171.81300 178.09000 183.96300 171.86700 171.88699 171.32700 165.82700 167.27699 170.68700 167.77000 165.17300 166.92700 160.51700 156.01300 167.42000 160.39700 167.45300 172.54300 181.67000 211.21700 215.92000 211.94000 226.59000 231.69701 207.98300 230.77699 216.48000 207.10300 182.02299 158.75999 152.06000 149.22301 136.86000 142.62000 149.72701
152.69000 115.80300 196.56300 71.95670 67.22670 34.68330 28.14000 24.58330 24.67000 20.73330 19.63330 19.22330 23.73000 17.36670 9.28333 7.24000 7.94000 8.93000 53.37330 57.54000 66.95330 123.21000 308.42999 333.53299 138.82700 153.03999 137.79700 184.87700 220.04700 245.12300 260.69699 191.50301 187.84300 212.11000 249.51300 265.82999 258.70999 256.57700 233.20700 220.96300 203.58000 209.03300 192.83701 179.34000 180.83701 175.76300 169.32001 174.88300 180.53999 173.94299 179.28300 182.72000 188.16701 202.73000 210.92000 230.33701 246.24300 229.11000 228.93300 241.44299 250.06300 273.73999 232.14999 232.42700 201.28000 190.04700 182.47301 201.23700 216.02699 228.09700 231.03700
193.11000 198.18700 143.45000 121.83300 101.03300 77.28000 75.93000 45.08330 42.76000 36.64330 37.13000 34.94330 21.94000 16.46330 4.58667 18.55670 62.95000 25.26330 46.50330 43.75330 159.94000 232.38699 316.35001 337.13699 170.01300 161.03999 201.20000 151.60300 149.21300 202.29300 339.29700 262.79999 245.96700 233.01300 245.76700 263.37299 272.90302 248.22301 221.73000 212.12700 198.41701 183.55701 178.65700 188.27299 197.56000 197.77000 217.39700 224.41299 225.67700 220.08000 221.03700 209.07300 204.85001 207.65700 222.09300 220.77299 217.00700 239.38300 256.23300 264.28000 256.35999 263.20999 233.09700 236.18300 232.33299 250.64700 259.79001 251.08299 234.27000 241.57300 244.34000
236.95700 274.79700 228.45700 177.34300 151.68300 135.28300 114.52700 78.14000 118.05300 103.24000 90.17000 75.28330 88.07000 84.06000 94.74000 90.56000 85.83000 97.39670 336.71301 315.16699 200.64999 249.71300 210.45300 273.03699 129.99001 159.13699 215.25301 236.80299 272.68701 259.25000 403.16299 375.49701 298.96701 286.39999 253.87700 226.14301 217.87700 206.63000 213.07300 223.14700 201.92000 184.63699 204.04300 228.05701 228.63699 221.61301 239.08000 243.43700 243.39999 226.89999 226.85699 245.43700 221.29300 219.69000 227.99699 232.47301 247.56700 258.82999 258.90701 250.38699 236.15300 229.58701 237.13300 250.29700 258.35001 266.92999 276.42700 304.95700 318.38000 321.78699 314.06000
226.82700 330.36301 334.77701 248.85300 179.30299 137.38699 125.63000 121.69000 101.03000 98.83330 90.03670 92.32670 100.20700 98.31000 110.30000 115.80000 126.57700 126.84300 214.62000 141.86301 38.76330 52.46670 122.49700 100.05700 97.90670 150.48000 184.51700 222.65700 254.38699 293.85699 300.28699 328.06699 310.57999 285.88300 253.60001 220.16299 219.39999 226.14999 220.12700 211.25999 206.29300 183.91299 205.08701 205.68700 203.35699 197.38699 207.48700 227.49001 235.95700 239.19299 243.57700 235.66000 239.92000 239.13000 238.77699 235.35300 264.55701 239.67000 234.58701 218.46300 207.78300 202.88000 208.11700 220.88300 229.87700 247.11700 262.24301 294.04999 304.57300 317.05301 314.12299
285.45999 263.13699 198.01700 123.01300 107.15300 109.11700 106.07300 113.02300 104.96700 104.87700 101.01700 103.81000 115.53700 126.70000 127.59300 119.26700 125.21700 122.65000 298.63699 244.13000 26.13670 17.33670 19.65000 46.88000 89.41330 175.64999 234.38300 254.16299 232.64301 267.54001 274.49701 335.84698 345.34299 296.68701 258.87000 239.55000 241.99300 231.66299 220.89000 216.94000 201.87700 184.50700 193.32001 186.89700 182.02299 192.57300 209.95700 217.39000 232.59000 234.63000 256.90701 246.75301 228.58299 214.25999 206.69299 204.84700 204.22301 225.74300 218.89000 220.16701 199.42999 197.69299 198.49001 206.64301 204.55299 187.64301 199.07001 221.58000 262.47000 296.29700 315.91299
274.32300 180.69701 145.21001 145.12700 136.86000 160.64999 240.23300 239.89301 195.35300 202.86700 81.51670 85.29330 133.94000 138.08299 159.27299 153.36000 146.67000 124.66000 171.20700 222.53300 30.52670 27.07330 28.05670 53.94330 46.95670 128.67700 153.85699 170.33000 216.32001 251.67999 242.11301 239.01300 248.60300 267.90302 253.71001 268.23700 287.81000 269.42300 303.97000 291.23300 301.40302 272.23001 240.06700 216.20700 207.43300 245.86000 271.26300 327.84299 348.00299 328.96701 302.71701 288.02701 238.34700 219.08701 200.95700 217.03700 210.14000 220.04300 192.78700 176.08000 182.86700 185.64000 181.65700 192.90300 193.56700 198.15300 206.15300 221.52000 261.60300 282.35999 309.91299
173.48300 173.19701 187.01300 150.34300 107.88300 131.75301 199.05701 194.84700 180.11000 92.60000 58.80000 59.61330 9.19667 43.76000 36.36330 33.65000 144.88699 153.71001 198.66701 252.91299 67.89000 25.06000 42.47000 57.89670 56.40000 62.45000 102.35700 116.14700 151.41000 199.92700 239.02699 262.98999 273.77701 247.79300 283.78699 242.30701 229.00301 276.49701 354.51999 321.17700 364.45001 404.73300 471.69299 465.51700 480.63699 471.35001 416.47000 356.67001 400.29999 370.84698 300.76999 241.07300 251.77699 237.70000 209.14700 228.58701 228.46700 210.08701 176.72301 205.37700 218.47301 172.86301 179.80000 187.16000 186.91299 190.67999 188.71700 203.13000 230.02699 251.83701 260.88699
150.46700 146.53000 139.08299 128.68700 118.49300 119.54700 120.12700 125.95300 160.17300 165.94000 76.97670 40.58670 8.43667 7.90333 4.20667 6.82667 1.16000 4.29000 20.10330 300.41000 348.47299 28.00330 27.35330 27.30000 31.69670 41.50000 32.66330 57.84000 79.05670 96.06670 89.59670 104.06000 112.54000 127.92300 109.23300 139.70300 166.81700 162.55701 234.44299 284.41000 369.23001 409.23001 509.26700 520.96301 610.47699 706.22699 737.71002 609.70697 451.41000 338.92300 292.68701 227.40700 217.14700 257.95999 247.83000 232.58701 210.22301 197.78999 170.89301 174.83000 197.06300 222.23700 232.21300 226.62700 198.36000 177.84300 169.07001 189.95000 194.55299 209.39999 219.08000
128.21300 131.46300 134.81700 125.78000 136.66000 129.96300 147.38000 126.69700 113.05700 108.57700 125.05000 147.96300 95.50000 77.79000 35.10000 25.29000 20.43000 3.92333 39.78330 80.81000 80.06000 175.34700 26.48330 89.73670 47.90330 33.07330 34.83670 44.82000 77.76330 134.86301 136.17999 158.14000 114.93700 129.86301 97.15330 126.32300 173.21700 189.84300 262.90302 333.39999 372.93301 460.40302 570.94702 643.37701 660.61298 693.51001 754.95697 726.39301 669.71002 513.25000 411.01001 321.05701 240.87700 309.23700 336.18701 252.12000 228.22301 226.10001 203.31000 197.10001 207.50700 226.95000 224.95300 216.55299 232.17999 226.34000 187.95000 172.92999 189.49300 187.64700 201.63000
235.24699 251.67000 261.42999 246.64999 214.42999 311.78000 393.36301 403.70700 264.43301 280.43301 333.82700 392.73999 210.38300 118.37300 100.13300 99.62000 98.08330 98.15000 115.82300 64.86330 128.28999 88.12330 105.66700 142.79300 122.75000 145.62000 194.11301 202.84300 216.26700 260.22000 267.57999 185.87700 173.66000 169.54700 161.08299 180.80000 165.00000 212.98000 280.12701 361.59000 450.45001 525.68701 589.03003 705.56702 753.19299 796.48999 813.90997 835.66302 733.71301 608.45300 482.23700 411.63699 314.44000 262.23700 259.72000 291.10300 237.70000 228.85300 231.65300 220.44000 215.67000 219.83000 225.67000 238.21300 229.25000 219.76300 199.27000 184.00000 177.36700 180.87300 201.09700
-9999 868.36700 548.97998 382.39700 356.47000 336.32001 365.78299 482.95300 482.48999 549.81000 481.92999 489.77701 444.35999 382.84698 295.37000 141.16000 86.14000 80.36330 328.10699 320.85300 249.78700 259.54300 196.89700 253.78300 129.72301 149.98700 178.64301 238.85001 214.87300 237.99300 222.23700 141.69701 108.95700 124.82300 96.05000 129.28300 173.42999 225.53999 267.26300 349.90302 456.89700 593.46002 668.70001 746.51703 820.90698 865.54700 903.28998 899.26703 778.46301 667.48700 620.11700 518.33698 404.98001 327.94699 247.61000 285.84299 265.66299 244.56000 225.02699 246.11000 235.71700 230.39301 222.07700 214.25000 229.39000 230.62700 214.53300 207.07700 177.83299 175.57300 176.61700
1428.59998 730.30701 544.64697 450.67999 323.06699 302.71301 318.75699 203.59700 189.40300 199.50700 212.64000 223.43300 164.71700 190.79300 206.78000 222.48700 156.10001 74.61670 333.60300 393.44299 439.13000 486.00699 328.73700 208.56700 57.04330 35.80330 140.73300 169.75999 150.17999 176.10699 179.41701 117.36300 98.97670 63.96000 69.91330 124.15300 193.43300 229.02299 299.39301 391.41299 431.58701 559.55701 671.09003 763.44702 910.18298 945.26703 997.22998 970.01001 819.62701 823.96698 693.82001 581.88702 485.69699 352.87701 312.84299 232.48000 251.80701 247.31300 211.61301 209.58701 207.07001 210.60699 218.49699 215.08299 218.67300 226.69299 242.38000 232.01300 217.71300 185.32300 180.96700
417.26300 267.75699 476.35999 665.77301 749.98700 493.35300 283.23999 206.44701 134.41701 134.47701 125.89000 123.62000 281.78299 542.26300 575.66998 469.97299 372.25299 212.95300 312.93301 357.35001 377.41299 716.24298 634.51300 324.01999 157.25700 107.54300 109.82300 92.86670 123.14000 138.61000 117.89300 79.75000 85.09670 53.40330 76.86330 126.57000 211.05701 261.17001 344.51300 407.86700 496.78299 589.21002 717.44000 870.78003 977.98700 1079.10999 979.94702 967.84003 955.41302 903.91302 741.68298 674.16998 600.56000 431.84299 345.14001 234.21300 240.23700 256.99301 218.13000 236.62000 272.34000 337.45001 355.89301 348.00699 328.75699 258.80301 216.65700 220.26700 217.57300 210.77000 204.33000
281.39301 196.72701 197.15700 357.11301 426.98700 310.28699 615.14301 925.42297 822.26001 419.56299 294.57300 167.08000 229.56700 391.83701 -9999 -9999 8179.93018 784.38702 666.20697 731.83301 708.97998 960.70001 753.41998 402.84698 203.23000 159.51700 176.49001 197.64999 165.08000 138.17000 95.87000 65.58330 58.07670 60.41670 104.91700 165.78000 214.61000 261.51001 293.23300 368.23001 423.08301 534.04700 537.13000 732.57703 913.44299 957.89001 981.63702 785.15302 659.97699 589.17297 510.68701 522.62701 581.70001 397.84299 284.81699 278.07001 238.32700 251.98000 194.14000 200.89000 208.38000 229.15700 227.50000 224.99001 217.19701 214.92300 210.38699 216.11700 223.36700 229.14700 208.52299
