data/hydroclimate-scenarios/BCSD_hadcm_A1B/swe_stats/max_swe.2030-2059.asc
ncols	311
nrows	91
xllcenter	102.75
yllcenter	31.75
cellsize	0.5
NODATA_value	-9999
[rows 31 to 61 of 91, columns 0 to 70 of 311]
-9999 -9999 -9999 -9999 -9999 -9999 -9999 -9999 -9999 -9999 -9999 127.48700 131.62000 143.10300 144.92300 153.49001 164.02699 176.18300 186.08299 182.34300 171.50000 170.06000 163.44299 158.42999 150.36700 144.69701 130.19000 120.03700 116.27000 113.48300 108.26700 107.43700 105.80000 106.97700 108.14300 110.26700 117.03300 117.00300 118.27300 123.55000 124.82300 123.39300 138.20700 135.58701 127.82300 126.40300 124.92700 129.24001 122.36700 120.71000 115.05300 115.09300 115.33000 116.31700 107.43700 103.29000 104.86700 99.72000 100.80000 108.21700 111.54300 106.02700 108.13700 115.03300 116.14000 116.53700 115.75300 109.92700 125.36300 134.14000 134.65300
-9999 -9999 -9999 -9999 -9999 -9999 -9999 -9999 -9999 -9999 -9999 135.12700 137.84300 139.23300 144.69299 154.56300 164.08000 164.89301 175.99699 180.93300 182.54300 171.40300 163.91000 150.48300 143.34300 142.22301 130.85300 125.61700 115.83700 112.74000 106.61700 106.21000 104.33300 105.42000 105.78000 107.47700 113.69300 115.95300 116.38000 123.77300 126.85000 131.36000 130.96001 132.60300 133.38699 129.28000 131.09000 135.36301 133.28000 129.08701 123.52700 122.69300 122.33000 116.06000 111.75700 112.18300 108.53300 111.55700 113.78000 114.72700 115.39300 113.74700 114.79300 123.05700 121.47700 118.75700 119.83700 110.10300 123.59000 137.64000 133.57700
-9999 -9999 -9999 -9999 -9999 -9999 -9999 -9999 -9999 -9999 -9999 150.26700 150.31700 143.62000 149.27699 153.17000 157.59300 165.70000 175.37700 176.36301 178.13699 172.35001 160.60300 149.27699 142.87000 136.44299 130.97301 115.88000 108.58300 110.27000 110.08700 101.94300 100.83300 99.19670 106.80300 112.46300 112.80000 116.04300 120.91300 132.73700 136.81000 138.53700 139.09300 142.69299 147.36000 146.22301 147.88300 148.89301 145.84300 143.48300 141.13300 135.31000 133.47301 127.25000 123.96700 118.99700 120.95700 127.06300 122.23300 118.09000 117.23700 121.27000 124.40700 120.49700 124.74000 128.12300 129.27299 128.22000 134.86301 145.30000 146.78999
-9999 -9999 -9999 -9999 -9999 -9999 -9999 -9999 -9999 -9999 -9999 -9999 145.52000 144.71700 142.78300 150.92700 160.23300 161.35699 166.99699 173.67999 177.30000 167.55000 164.90700 157.35699 146.95700 144.09000 129.52000 119.59300 104.72700 98.45670 95.07000 94.95000 94.41330 95.57330 95.64000 97.34000 110.95300 117.45700 120.53000 131.66299 138.98300 148.08000 154.58000 153.76700 156.47000 158.81700 160.41701 154.39999 150.72000 147.00700 144.18300 144.73300 139.07001 136.52699 139.42999 145.14999 142.91701 135.89999 127.31300 124.99000 128.96700 129.83000 131.48300 126.07000 132.81700 134.54300 133.68300 127.27000 151.50301 156.56000 151.15700
-9999 -9999 -9999 -9999 -9999 -9999 -9999 -9999 -9999 -9999 -9999 -9999 131.71001 135.78000 144.58701 144.17300 152.24699 157.24699 160.93700 167.68300 170.03000 176.04300 168.45700 161.65300 155.92300 138.64999 123.67700 109.80300 101.55700 90.16670 89.40670 85.87330 83.07330 85.47000 90.17330 95.51330 104.99700 111.16000 112.33300 126.63000 138.93700 150.95700 155.37000 157.08000 164.06700 169.63000 167.36000 161.37000 156.73300 147.25000 142.87000 146.49001 143.94000 142.28700 142.10001 144.02000 140.19000 139.32001 125.55000 116.64700 124.04700 123.50700 128.09000 132.38699 125.78300 127.71000 132.10699 140.21001 150.07001 156.17700 171.94299
-9999 -9999 -9999 -9999 -9999 -9999 -9999 -9999 -9999 -9999 -9999 -9999 133.17700 130.15700 124.85300 137.70300 143.21300 147.10300 155.06300 165.16701 180.91299 170.25301 162.67700 153.25301 131.22301 118.82000 100.50000 88.52670 84.38000 81.21670 77.69000 78.63670 80.06000 79.86670 82.66000 90.45000 92.39670 102.05000 105.60300 120.08300 130.97000 147.22701 152.33701 160.55299 170.97701 190.28300 187.17999 174.78000 161.76700 150.66701 148.64700 137.51700 141.10001 135.83000 123.56300 121.36700 125.72000 126.35300 124.91700 121.86300 124.37700 126.81700 127.67300 127.81300 139.96001 142.99001 141.81300 152.12300 171.65700 170.01700 182.85001
-9999 -9999 -9999 134.54700 134.98700 130.00999 130.62000 133.15700 130.96001 -9999 135.91299 140.51700 132.44000 125.18700 124.02300 122.23300 126.64700 126.16000 139.32700 151.10001 152.29700 144.52299 129.94701 120.73000 112.73300 97.04670 86.64670 88.12000 81.48000 89.60670 73.82000 68.04330 74.37330 76.58670 77.12670 83.86000 83.68000 90.11000 94.16670 112.25300 124.62700 133.13699 135.51300 146.67999 165.61301 195.88699 202.53300 186.48700 174.93700 157.75700 148.12300 141.36000 143.53300 142.44000 137.23700 148.84000 148.92999 137.99300 134.57001 127.78000 123.87000 131.20300 133.02299 134.85699 144.80000 149.75700 157.67999 156.35300 153.96300 173.49001 202.65700
-9999 -9999 -9999 128.47000 124.94300 125.75300 126.54000 128.20300 130.35699 127.45000 135.43700 132.06300 134.12300 122.12300 123.24000 124.14300 120.09000 112.90300 109.90000 110.16000 111.94000 110.65300 105.76700 101.21700 96.62670 88.82000 83.45670 84.19000 80.78330 84.91000 71.97670 67.32000 68.22000 72.62000 81.95330 78.95330 85.90000 93.04000 92.45670 106.19300 121.89300 129.27699 124.66300 141.31000 176.82700 212.59700 218.04700 197.11700 183.13000 179.97301 179.50000 167.96300 164.40700 144.37000 138.33701 142.57700 143.32001 138.14700 140.89999 139.28300 137.17700 146.26300 150.71001 139.19701 144.17700 147.87700 150.47701 144.58000 162.58701 194.49300 218.35001
-9999 -9999 -9999 108.19700 105.80700 109.20700 124.26700 122.86300 116.99300 120.87300 124.44700 122.01300 123.11300 124.76700 125.93300 113.96000 113.88000 105.11300 96.22670 96.84000 100.09700 97.39000 89.72330 94.93670 92.79000 78.36670 76.56330 68.88670 71.52670 72.98000 72.93670 66.63000 59.77670 65.16000 70.36670 75.71000 78.19670 80.85000 92.03330 106.29300 123.38000 123.99700 122.89000 131.74300 149.80299 191.17999 187.41701 182.62000 181.02000 181.00301 177.13000 161.90700 154.31000 146.25000 130.69299 135.03300 137.51300 129.09700 137.03999 138.92000 138.78300 142.74001 145.87300 149.62000 150.81700 146.15300 157.41701 178.82001 216.38300 238.48000 280.82001
-9999 -9999 -9999 104.69300 101.32300 119.48000 131.95300 129.06300 118.19000 113.46700 113.77700 107.49000 118.78300 112.09700 121.70300 116.21300 106.15000 106.07700 100.65000 92.26000 98.40330 95.21330 97.14000 82.86330 71.18000 66.24330 64.81000 63.29000 68.61670 68.46330 53.27330 43.90670 52.29670 62.81670 66.29000 56.44000 59.55000 63.14330 65.64330 78.69330 101.08300 111.87700 121.57000 122.98700 132.23000 142.23700 147.72701 149.97000 171.24001 169.51300 163.33000 148.53000 143.56700 136.65700 125.78000 128.28700 127.70700 132.92000 140.43300 140.16000 157.82300 142.13699 154.65700 159.08701 160.78300 156.34300 170.60001 197.91000 256.00000 285.26001 257.02701
-9999 -9999 -9999 90.33330 94.28000 106.80300 105.15700 105.16700 105.96700 103.48300 101.35300 103.80300 109.66000 118.28000 131.55701 121.78700 121.97300 106.24700 89.32670 72.79330 74.64330 81.84000 73.33000 60.62330 57.84000 52.67000 48.60000 44.98330 46.63330 45.97330 46.13330 44.65670 49.63000 53.74000 57.61330 60.47670 61.82330 56.14670 60.07000 66.19330 76.80330 84.75330 105.39000 116.25700 103.58300 109.38300 116.06000 131.38699 131.75700 135.60699 132.42700 116.83000 111.67700 129.78000 122.17700 124.10000 114.83700 125.13000 137.64000 150.84300 160.21001 164.93700 168.47000 209.60300 224.45700 203.66299 226.34300 248.69299 281.15302 253.38000 227.32001
-9999 -9999 -9999 -9999 90.76670 100.75000 101.86700 106.50300 102.89000 99.53000 101.04700 103.00300 123.13700 105.74000 -9999 -9999 -9999 -9999 -9999 72.45330 68.57000 54.84000 52.96670 56.39330 52.71330 41.23330 35.25670 36.31000 32.70330 30.51670 34.26330 35.37000 40.23000 45.88670 43.28330 46.10330 46.86670 51.93670 51.27330 58.59330 69.59000 72.20670 70.91670 71.79670 77.54670 80.67000 91.92330 104.67700 98.48330 95.77330 103.62300 94.36330 94.73330 111.47300 121.02700 127.78700 130.89999 135.20300 142.95300 149.60300 159.70700 170.87700 191.60300 209.42999 229.89700 245.30701 247.28999 235.47000 234.28000 -9999 -9999
-9999 -9999 84.88670 88.37330 87.11670 86.88330 91.65670 97.12000 90.65000 93.15000 93.62330 96.04000 115.54700 -9999 -9999 -9999 -9999 -9999 94.01330 60.55330 50.53330 32.75670 33.64000 36.17330 36.92670 31.93670 27.94330 26.64000 23.52330 24.42000 22.67670 24.01000 28.12670 29.36330 32.24330 34.70330 37.43000 46.07330 46.55330 52.89000 59.47330 54.45000 55.37000 60.56330 62.89000 67.18000 72.91000 82.79670 79.06000 77.73670 78.65000 68.81670 63.33670 68.86670 74.85000 78.86670 98.57330 120.24700 138.67000 132.31000 140.44299 153.49699 164.90300 181.45000 194.95300 206.83701 215.54300 -9999 -9999 -9999 -9999
-9999 -9999 86.42330 87.70330 79.05670 73.60330 76.78000 85.63330 79.03330 85.45330 96.72670 105.96300 106.29000 -9999 -9999 -9999 -9999 68.58670 64.30000 47.15000 36.82330 26.78000 22.54000 22.00670 20.43670 24.01330 23.34670 23.77670 21.27330 20.81330 22.51670 22.89000 26.65000 26.85000 32.33000 33.57330 36.26330 37.93670 40.36000 39.31330 37.36330 36.88670 41.13330 46.08330 46.42330 52.15330 54.40000 65.04000 61.14330 65.26000 64.52330 59.86000 61.33330 65.40000 71.05670 72.39000 71.27000 91.34000 110.80000 106.52300 108.57700 121.70000 124.07000 140.09300 153.02299 -9999 -9999 -9999 -9999 -9999 237.30000
-9999 -9999 82.90000 84.81000 79.54000 72.96670 70.85000 71.68000 74.18670 83.38330 90.46330 106.65700 59.59670 -9999 -9999 -9999 -9999 61.38670 53.73330 36.35330 26.07670 15.64670 12.92670 14.14000 13.27330 17.59000 19.29000 20.22330 18.03000 18.73670 19.63670 20.97330 22.59330 25.59670 29.69000 27.06330 28.22670 27.82670 29.43000 29.92670 30.20000 34.75000 35.06000 36.13000 40.56330 44.62670 46.54000 47.66000 47.86670 51.37330 56.37670 55.04670 62.82330 67.05670 61.56000 66.33000 75.34670 78.05330 83.73330 88.04330 95.59670 94.62670 107.78000 131.40300 160.65700 170.61700 159.25700 173.00301 184.63699 -9999 -9999
-9999 -9999 -9999 80.07670 72.23330 63.79670 63.33330 67.08670 77.43000 90.35670 94.25670 71.15000 -9999 -9999 -9999 -9999 64.56670 56.04670 38.98670 30.96330 19.47000 13.05330 12.61330 12.71670 13.13000 14.44670 15.08330 15.12330 15.93330 14.44000 14.97670 17.88670 21.29000 22.70670 23.41670 26.23670 27.26330 27.14670 29.77330 28.31000 27.89670 30.71670 28.76000 30.06330 35.88000 40.08670 41.03670 48.04330 43.89670 43.89330 46.75000 48.97670 51.11000 53.73330 54.58330 63.87330 68.15000 76.39000 83.11000 84.27000 90.83330 102.76000 124.66700 187.87300 237.02000 151.57300 122.87300 154.88000 156.76300 140.31300 -9999
-9999 -9999 -9999 -9999 74.54000 66.43000 63.69000 72.02330 83.70330 79.85670 55.45000 -9999 -9999 -9999 -9999 79.65000 63.94670 48.18330 31.62670 25.10330 16.81330 11.14000 11.13000 8.88000 9.49667 12.80670 13.52670 13.60330 14.48000 15.71330 14.72330 18.13330 19.77670 19.39670 20.92000 22.28670 24.30330 26.68670 25.74670 26.48670 27.78670 29.45000 27.00670 27.94000 29.45000 35.18670 38.80670 40.45670 38.35330 38.83330 43.72000 49.29670 50.41330 54.26000 56.43330 63.85670 67.51330 69.05000 73.36000 78.82000 85.45330 108.34700 139.42000 141.48700 170.85300 144.05000 113.69000 111.77000 124.46300 125.09300 136.59700
-9999 -9999 -9999 -9999 -9999 -9999 72.71330 76.06330 62.06330 48.76330 70.47330 -9999 -9999 -9999 -9999 -9999 60.02000 42.23000 34.78330 20.03330 16.89670 14.42330 9.73667 8.40000 8.13667 11.86000 11.89000 13.49330 15.13670 15.21670 15.61330 17.96670 19.58330 18.69000 21.02000 24.28670 23.83000 23.34330 23.63000 21.57670 23.49000 21.41000 25.42000 26.13670 25.90330 27.86670 30.58670 33.24330 35.23670 34.99330 41.95670 44.84330 51.17000 49.40330 52.30670 62.81000 66.48330 70.14000 74.74330 77.92330 102.26000 121.40300 134.11700 157.71300 179.03000 151.03700 113.99300 103.29300 110.33300 111.87000 124.91000
-9999 -9999 -9999 -9999 -9999 -9999 -9999 -9999 -9999 -9999 -9999 -9999 -9999 -9999 -9999 -9999 -9999 -9999 -9999 19.55330 14.44000 13.82670 10.24000 7.78333 8.31333 10.97670 15.06000 19.04000 23.18670 19.28330 17.83670 19.95330 18.22000 19.02670 20.56000 21.20670 21.33670 20.19330 19.90670 18.84670 17.60000 18.85670 20.52670 20.08330 22.96330 25.13000 27.60670 29.57000 31.39670 34.11670 39.23670 41.19670 46.43670 47.72330 48.32330 55.58670 58.53670 72.36670 72.06670 74.76330 88.33330 100.87000 119.25700 148.05701 155.55299 95.19000 80.18330 88.19670 92.32330 104.70300 121.16700
-9999 -9999 -9999 -9999 -9999 -9999 -9999 -9999 -9999 -9999 -9999 -9999 -9999 -9999 -9999 -9999 -9999 -9999 21.86670 18.05330 14.76330 10.29670 10.45000 10.59670 11.47330 13.58670 14.05330 15.60670 14.29670 15.13330 16.63000 16.15330 16.64670 17.74670 20.27330 20.52670 20.83670 19.87670 17.96330 15.17330 16.16330 15.13670 16.18000 19.09330 20.30670 21.47000 22.18670 27.38000 28.79000 32.06000 36.15000 41.25670 46.87000 49.26330 48.90000 48.78330 53.64670 63.77000 70.14330 74.33670 73.56330 67.71000 83.76000 104.39300 112.95300 83.91330 89.43670 90.82670 98.12670 94.77670 117.84300
-9999 -9999 -9999 -9999 -9999 -9999 -9999 -9999 -9999 -9999 -9999 -9999 -9999 -9999 -9999 -9999 -9999 24.18330 21.44330 16.53670 13.37670 9.90333 10.96670 11.39000 13.52670 15.23670 15.94330 15.28000 11.05330 13.25000 14.86670 15.98670 17.50330 19.92670 22.02000 17.76330 18.43000 18.57670 17.35330 16.70000 15.85330 14.82670 14.61670 16.78000 16.86670 20.48670 23.13000 24.42000 28.40000 33.88000 38.94670 46.67670 53.34330 49.37670 48.90330 44.46330 49.88670 54.31000 56.85670 56.91330 61.93670 59.36330 96.37000 99.86330 72.48000 75.70670 83.35330 102.29000 104.69700 94.85000 118.88700
-9999 -9999 -9999 -9999 -9999 -9999 -9999 -9999 -9999 -9999 -9999 -9999 -9999 -9999 -9999 -9999 -9999 17.62000 15.44000 12.68670 11.43330 10.40670 9.46333 10.79330 14.63670 15.06330 15.54330 16.29670 15.34670 14.22330 16.98000 19.79000 20.33330 24.68330 18.94330 17.95000 17.14330 19.01000 17.83670 15.69670 14.85670 14.04670 14.11670 18.37670 20.51000 24.86000 23.68000 22.09670 26.29670 32.81670 37.66670 49.63330 51.68330 52.68330 47.44330 42.12670 43.21670 48.28330 51.47000 52.62000 54.67000 63.64330 75.38670 85.58330 105.41000 102.70000 80.37000 93.15000 92.10330 84.23670 106.01000
-9999 -9999 -9999 -9999 -9999 -9999 -9999 -9999 -9999 -9999 -9999 -9999 -9999 -9999 -9999 -9999 19.78670 15.16000 11.61330 11.06670 9.84667 10.28670 11.22000 10.73000 15.46000 13.57670 14.47670 19.53670 18.17000 17.59000 17.08330 21.95000 22.89000 23.27670 20.43330 21.39670 19.65330 17.95000 16.77670 16.18000 15.53000 13.65000 14.26670 17.32670 18.78330 19.38330 20.40670 19.80670 22.50000 34.31670 41.21670 45.85330 49.18000 51.72000 49.94000 41.52330 40.17000 38.69670 44.64670 56.80000 59.98670 63.49000 72.07670 94.90670 89.68670 91.69330 102.24300 91.47670 93.81330 90.10000 111.96000
-9999 -9999 -9999 -9999 -9999 -9999 -9999 -9999 -9999 -9999 -9999 -9999 -9999 18.21000 16.13330 13.90330 13.17330 12.74330 10.08670 8.53333 8.39667 9.91667 10.90000 10.65330 10.65670 12.14670 14.88000 14.55330 15.90670 17.33670 16.21330 17.06330 18.77670 19.01330 18.49330 20.03330 18.26330 17.28000 12.68330 11.82000 11.64670 10.40000 10.36000 13.36000 15.74670 15.25330 15.73330 16.14000 16.16330 25.45670 31.40330 39.05330 45.48670 50.69000 53.01000 36.96000 39.32330 40.53670 42.46670 47.47670 51.41000 51.88670 68.46670 68.22670 70.84670 83.13670 108.81300 115.45300 107.32000 97.80670 116.81700
-9999 -9999 -9999 -9999 -9999 -9999 -9999 -9999 -9999 -9999 -9999 -9999 12.58000 11.05000 10.61330 10.69000 9.41667 10.69670 10.13000 6.79667 8.28333 9.03000 10.49330 9.65667 9.55000 11.57000 11.41670 13.43330 12.95330 15.90330 15.47670 16.18000 17.88670 16.86330 16.03670 20.74000 19.30330 16.43000 11.71670 10.40000 10.80670 9.21000 9.42000 10.28670 13.27000 17.57330 16.46000 16.25000 15.00670 19.29330 23.88670 28.16000 31.63330 34.80670 45.76330 48.16000 33.39000 34.24000 38.88670 41.18000 44.18000 49.75330 55.82670 65.37000 77.27000 96.55670 113.67000 114.55000 94.48330 102.47000 127.10300
-9999 -9999 -9999 -9999 -9999 -9999 -9999 -9999 -9999 -9999 -9999 12.53670 10.26330 12.49000 9.63667 10.84330 11.79000 10.95330 10.23330 8.37667 7.87667 8.98000 9.30667 7.89333 8.33000 9.02000 9.10333 8.98667 10.50000 12.53330 12.63330 14.17670 14.09330 16.10670 15.96330 15.62330 12.05670 9.22000 8.21667 8.98667 8.25667 7.27333 7.81667 7.63000 10.71000 11.25330 11.13670 15.06330 18.51330 15.51670 15.09000 18.60330 23.66000 23.40330 27.07330 34.43330 31.99000 28.30670 34.75000 36.66000 37.98000 59.76670 70.27670 83.64330 98.36330 103.61300 100.83300 86.24670 78.96670 105.03700 142.35001
-9999 -9999 -9999 -9999 -9999 -9999 -9999 -9999 -9999 -9999 17.19000 13.75330 10.05330 11.86330 10.73670 10.21000 10.67670 10.21670 10.74000 8.29667 6.98667 7.63667 8.54333 7.29667 7.68333 9.36333 9.09667 10.48000 10.31670 11.46670 12.13000 13.77000 13.77670 16.22000 16.78670 14.38000 9.83333 10.02330 8.52333 8.31000 8.07667 7.73667 8.05333 6.72333 7.39333 7.30000 10.06330 11.61000 14.39670 15.68670 14.24330 14.93000 16.46670 17.53000 20.98000 25.10330 25.80670 25.50000 41.65000 45.52000 46.15670 58.99670 70.28000 81.30000 85.89670 95.89670 90.20000 76.32330 89.01670 127.20700 148.01300
-9999 -9999 -9999 -9999 -9999 -9999 -9999 -9999 -9999 11.84330 12.45000 13.02670 13.95670 11.91330 11.49330 11.15670 10.68330 9.32333 8.00667 7.56000 7.56667 7.40333 7.57333 8.16667 8.54667 8.65667 8.67667 10.25330 9.92333 8.59667 10.26670 10.77670 12.75670 14.08330 15.05330 12.51000 10.17000 9.06667 7.24667 7.57667 7.43333 8.95667 9.17000 8.42333 8.24333 7.65333 9.55000 12.46330 14.39000 13.32330 12.77330 13.24000 16.21000 17.73670 19.00330 20.98670 30.65330 41.11330 43.12330 48.48000 52.86670 61.74000 68.97000 72.11330 68.76670 70.67670 62.98670 68.90330 103.63700 141.18300 145.71700
-9999 -9999 -9999 -9999 -9999 -9999 -9999 -9999 -9999 -9999 10.72000 9.85000 10.04670 10.23000 9.07333 9.60000 9.80000 8.84667 8.73000 7.98667 7.84667 7.31667 7.29333 -9999 -9999 -9999 -9999 -9999 -9999 8.64000 9.27667 8.98667 10.25670 12.93000 13.90330 11.42670 9.95667 7.98000 5.34333 7.06333 7.49333 7.38667 7.73000 7.35000 8.38333 8.84667 10.51330 12.80330 11.87000 10.95670 11.95330 12.83670 14.60000 16.60000 18.71000 23.37330 33.22000 38.35330 39.24670 46.14000 53.03330 60.68670 64.53670 68.60670 61.60670 54.25330 65.22000 83.41670 147.27699 153.55701 165.44000
-9999 -9999 -9999 -9999 -9999 -9999 -9999 -9999 -9999 -9999 -9999 -9999 7.90667 7.64000 7.65667 7.20000 6.55000 9.00667 9.48000 -9999 -9999 -9999 -9999 -9999 -9999 -9999 -9999 -9999 -9999 -9999 -9999 -9999 -9999 9.38333 11.15670 9.18667 8.38333 7.67000 6.81000 5.59000 5.76333 6.28333 6.52667 6.27667 6.43333 9.29667 10.69000 14.14670 12.77330 15.12670 14.86330 11.33330 12.10670 14.19670 18.05670 18.25000 21.18670 29.66670 35.83000 47.19000 52.69000 42.62000 44.89330 55.32670 52.02330 59.81670 76.99330 96.64000 129.16701 128.16701 149.77299
-9999 -9999 -9999 -9999 -9999 -9999 -9999 -9999 -9999 -9999 -9999 -9999 -9999 -9999 -9999 -9999 -9999 -9999 -9999 -9999 -9999 -9999 -9999 -9999 -9999 -9999 -9999 -9999 -9999 -9999 -9999 -9999 -9999 -9999 9.71333 9.68667 7.16000 7.18333 6.53667 5.18000 5.33000 5.97000 5.87000 5.18000 6.99667 8.60667 10.98330 14.44000 13.05330 15.25000 16.46330 11.69000 13.95330 16.96670 20.29000 20.66000 19.93330 23.55000 34.01670 51.94330 55.35330 50.24000 63.96330 58.35670 51.20000 55.96330 78.85000 120.21700 133.12700 137.19000 144.85300
