data/hydroclimate-scenarios/BCSD_hadcm_A1B/swe_stats/numdays_10pcaccum-90pcmelt.2030-2059.asc
ncols	311
nrows	91
xllcenter	102.75
yllcenter	31.75
cellsize	0.5
NODATA_value	-9999
[rows 0 to 30 of 91, columns 210 to 279 of 311]
-9999 -9999 -9999 -9999 -9999 -9999 -9999 -9999 -9999 -9999 -9999 -9999 -9999 -9999 -9999 -9999 -9999 -9999 -9999 -9999 -9999 -9999 -9999 -9999 -9999 -9999 -9999 -9999 -9999 -9999 -9999 -9999 -9999 -9999 -9999 -9999 -9999 -9999 -9999 -9999 -9999 -9999 -9999 -9999 -9999 -9999 -9999 -9999 -9999 -9999 -9999 -9999 -9999 -9999 -9999 -9999 -9999 -9999 -9999 -9999 -9999 -9999 -9999 -9999 -9999 -9999 -9999 -9999 -9999 -9999
-9999 -9999 -9999 -9999 -9999 -9999 -9999 -9999 -9999 -9999 -9999 -9999 -9999 -9999 -9999 -9999 -9999 -9999 -9999 -9999 -9999 -9999 -9999 -9999 -9999 -9999 -9999 -9999 -9999 -9999 -9999 -9999 -9999 -9999 -9999 -9999 -9999 -9999 -9999 -9999 -9999 -9999 -9999 -9999 -9999 -9999 -9999 -9999 -9999 -9999 -9999 -9999 -9999 -9999 -9999 -9999 -9999 -9999 -9999 -9999 -9999 -9999 -9999 -9999 -9999 -9999 -9999 -9999 -9999 -9999
-9999 -9999 -9999 -9999 -9999 -9999 -9999 -9999 -9999 -9999 -9999 -9999 -9999 -9999 -9999 -9999 -9999 -9999 -9999 -9999 -9999 -9999 -9999 -9999 -9999 -9999 -9999 -9999 -9999 -9999 -9999 -9999 -9999 -9999 -9999 -9999 -9999 -9999 -9999 -9999 -9999 -9999 -9999 -9999 -9999 -9999 -9999 -9999 -9999 -9999 -9999 -9999 -9999 -9999 -9999 -9999 -9999 -9999 -9999 -9999 -9999 -9999 -9999 -9999 -9999 -9999 -9999 -9999 -9999 -9999
-9999 -9999 -9999 -9999 -9999 -9999 -9999 -9999 -9999 -9999 -9999 -9999 -9999 -9999 -9999 -9999 -9999 -9999 -9999 -9999 -9999 -9999 -9999 -9999 -9999 -9999 -9999 -9999 -9999 -9999 -9999 -9999 -9999 -9999 -9999 -9999 -9999 -9999 -9999 -9999 -9999 -9999 -9999 -9999 -9999 -9999 -9999 -9999 -9999 -9999 -9999 -9999 -9999 -9999 -9999 -9999 -9999 -9999 -9999 -9999 -9999 -9999 -9999 -9999 -9999 -9999 -9999 -9999 -9999 -9999
-9999 -9999 -9999 -9999 -9999 -9999 -9999 -9999 -9999 -9999 -9999 -9999 -9999 -9999 -9999 -9999 -9999 -9999 -9999 -9999 -9999 -9999 -9999 -9999 -9999 -9999 -9999 -9999 -9999 -9999 -9999 -9999 -9999 -9999 -9999 -9999 -9999 -9999 -9999 -9999 -9999 -9999 -9999 -9999 -9999 -9999 -9999 -9999 -9999 -9999 -9999 -9999 -9999 -9999 -9999 -9999 -9999 -9999 -9999 -9999 -9999 -9999 -9999 -9999 -9999 -9999 -9999 -9999 -9999 -9999
-9999 -9999 -9999 -9999 -9999 -9999 -9999 -9999 -9999 -9999 -9999 -9999 -9999 -9999 -9999 -9999 -9999 -9999 -9999 -9999 -9999 -9999 -9999 -9999 -9999 -9999 -9999 -9999 -9999 -9999 -9999 -9999 -9999 -9999 -9999 -9999 -9999 -9999 -9999 -9999 -9999 -9999 -9999 -9999 -9999 -9999 -9999 -9999 -9999 -9999 -9999 -9999 -9999 -9999 -9999 -9999 -9999 -9999 -9999 -9999 -9999 -9999 -9999 -9999 -9999 -9999 -9999 -9999 -9999 -9999
-9999 -9999 -9999 -9999 -9999 -9999 -9999 -9999 -9999 -9999 -9999 -9999 -9999 -9999 -9999 -9999 -9999 -9999 -9999 -9999 -9999 -9999 -9999 -9999 -9999 -9999 -9999 -9999 -9999 -9999 -9999 -9999 -9999 -9999 -9999 -9999 -9999 -9999 -9999 -9999 -9999 -9999 -9999 -9999 -9999 -9999 -9999 -9999 -9999 -9999 -9999 -9999 -9999 -9999 -9999 -9999 -9999 -9999 -9999 -9999 -9999 -9999 -9999 -9999 -9999 -9999 -9999 -9999 -9999 -9999
-9999 -9999 -9999 -9999 -9999 -9999 -9999 -9999 -9999 -9999 -9999 -9999 -9999 -9999 -9999 -9999 -9999 -9999 -9999 -9999 -9999 -9999 -9999 -9999 -9999 -9999 -9999 -9999 -9999 -9999 -9999 -9999 -9999 -9999 -9999 -9999 -9999 -9999 -9999 -9999 -9999 -9999 -9999 -9999 -9999 -9999 -9999 -9999 -9999 -9999 -9999 -9999 -9999 -9999 -9999 -9999 -9999 -9999 -9999 -9999 -9999 -9999 -9999 -9999 -9999 -9999 -9999 -9999 -9999 -9999
-9999 -9999 -9999 -9999 -9999 -9999 -9999 -9999 -9999 -9999 -9999 -9999 -9999 -9999 -9999 -9999 -9999 -9999 -9999 -9999 -9999 -9999 -9999 -9999 -9999 -9999 -9999 -9999 -9999 -9999 -9999 -9999 -9999 -9999 -9999 -9999 -9999 -9999 -9999 -9999 -9999 -9999 -9999 -9999 -9999 -9999 -9999 -9999 -9999 -9999 -9999 -9999 -9999 -9999 -9999 -9999 -9999 -9999 -9999 -9999 -9999 -9999 -9999 -9999 -9999 -9999 -9999 -9999 -9999 -9999
-9999 -9999 -9999 -9999 -9999 -9999 -9999 -9999 -9999 -9999 -9999 -9999 -9999 -9999 -9999 -9999 -9999 -9999 -9999 -9999 -9999 -9999 -9999 -9999 -9999 -9999 -9999 -9999 -9999 -9999 -9999 -9999 -9999 -9999 -9999 -9999 -9999 -9999 -9999 -9999 -9999 -9999 -9999 -9999 -9999 -9999 -9999 -9999 -9999 -9999 -9999 -9999 -9999 -9999 -9999 -9999 -9999 -9999 -9999 -9999 -9999 -9999 -9999 -9999 -9999 -9999 -9999 -9999 -9999 -9999
-9999 -9999 -9999 -9999 -9999 -9999 -9999 -9999 -9999 -9999 -9999 -9999 -9999 -9999 -9999 -9999 -9999 -9999 -9999 -9999 -9999 -9999 -9999 -9999 -9999 -9999 -9999 -9999 -9999 -9999 -9999 -9999 -9999 -9999 -9999 -9999 -9999 -9999 -9999 -9999 -9999 -9999 -9999 -9999 -9999 -9999 -9999 -9999 -9999 -9999 -9999 -9999 -9999 -9999 -9999 -9999 -9999 -9999 -9999 -9999 -9999 -9999 -9999 -9999 -9999 -9999 -9999 -9999 -9999 -9999
-9999 -9999 -9999 -9999 -9999 -9999 -9999 -9999 -9999 -9999 -9999 -9999 -9999 -9999 -9999 -9999 -9999 -9999 -9999 -9999 -9999 -9999 -9999 -9999 -9999 -9999 -9999 -9999 -9999 -9999 -9999 -9999 -9999 -9999 -9999 -9999 -9999 -9999 -9999 -9999 -9999 -9999 -9999 -9999 -9999 -9999 -9999 -9999 -9999 -9999 -9999 -9999 -9999 -9999 -9999 -9999 -9999 -9999 -9999 -9999 -9999 -9999 -9999 -9999 -9999 -9999 -9999 -9999 -9999 -9999
-9999 -9999 -9999 -9999 -9999 -9999 -9999 -9999 -9999 -9999 -9999 -9999 -9999 -9999 -9999 -9999 -9999 -9999 -9999 -9999 -9999 -9999 -9999 -9999 -9999 -9999 -9999 -9999 -9999 -9999 -9999 -9999 -9999 -9999 -9999 -9999 -9999 -9999 -9999 -9999 -9999 -9999 -9999 -9999 -9999 -9999 -9999 -9999 -9999 -9999 -9999 -9999 -9999 -9999 -9999 -9999 -9999 -9999 -9999 -9999 -9999 -9999 -9999 -9999 -9999 -9999 -9999 -9999 -9999 -9999
215.83299 219.83299 220.00000 222.73300 222.60001 216.83299 217.33299 212.93300 212.66701 -9999 -9999 -9999 -9999 -9999 -9999 -9999 -9999 -9999 -9999 -9999 -9999 -9999 -9999 -9999 -9999 -9999 -9999 -9999 -9999 -9999 -9999 -9999 -9999 -9999 -9999 -9999 -9999 -9999 -9999 -9999 -9999 -9999 -9999 -9999 -9999 -9999 -9999 -9999 -9999 -9999 207.89999 -9999 -9999 -9999 -9999 -9999 -9999 -9999 -9999 -9999 -9999 -9999 -9999 -9999 -9999 -9999 -9999 -9999 -9999 -9999
218.36700 219.16701 218.56700 221.89999 221.26700 216.10001 215.53300 219.00000 218.13300 223.80000 225.30000 218.66701 220.20000 169.00000 183.76700 179.70000 226.10001 225.53300 223.66701 225.89999 223.20000 234.76700 -9999 -9999 -9999 -9999 -9999 -9999 -9999 -9999 -9999 -9999 -9999 -9999 -9999 -9999 -9999 -9999 -9999 -9999 -9999 -9999 -9999 -9999 -9999 201.63300 213.06700 217.46700 132.26700 135.70000 219.20000 204.86700 -9999 -9999 -9999 200.86700 -9999 -9999 -9999 204.53300 214.70000 213.23300 -9999 -9999 -9999 -9999 -9999 -9999 -9999 -9999
217.96700 218.63300 218.16701 220.43300 218.20000 216.63300 216.56700 212.93300 213.16701 175.20000 45.03330 44.46670 52.00000 59.43330 69.70000 87.30000 107.06700 70.16670 83.96670 72.96670 75.10000 55.23330 64.56670 103.16700 169.63300 241.00000 232.73300 212.60001 -9999 -9999 -9999 -9999 -9999 215.70000 215.26700 214.06700 215.00000 213.36700 210.43300 205.06700 205.23300 206.36700 205.23300 202.00000 203.13300 144.89999 164.70000 129.89999 147.80000 155.03300 167.30000 205.63300 205.39999 210.43300 207.36700 202.26700 202.83299 202.26700 204.13300 211.23300 218.63300 215.23300 215.23300 215.89999 215.16701 215.63300 211.66701 -9999 -9999 -9999
218.63300 219.66701 218.73300 216.00000 216.20000 218.06700 201.33299 197.30000 192.70000 54.50000 69.30000 72.50000 72.36670 55.90000 67.40000 83.10000 83.70000 88.90000 78.83330 37.16670 45.16670 48.46670 80.86670 143.10001 164.56700 223.76700 185.86700 223.26700 222.06700 219.66701 219.86700 221.20000 218.39999 214.06700 212.23300 214.26700 215.70000 213.93300 211.10001 209.86700 210.93300 210.00000 208.06700 209.06700 208.86700 210.23300 211.00000 206.16701 205.96700 205.80000 206.03300 201.06700 201.83299 208.00000 207.83299 208.70000 208.76700 209.63300 212.10001 211.70000 212.60001 213.00000 213.63300 213.70000 217.30000 219.89999 225.93300 220.96700 219.36700 221.06700
210.86700 202.73300 210.23300 261.56699 229.56700 253.73300 114.60000 106.13300 77.70000 71.53330 60.10000 58.20000 52.36670 64.03330 48.16670 61.56670 54.33330 47.10000 38.20000 43.36670 107.70000 156.20000 184.26700 175.89999 220.63300 223.80000 226.10001 217.10001 218.93300 217.73300 223.26700 226.39999 226.46700 221.46700 210.16701 222.70000 218.16701 209.63300 210.36700 211.89999 211.20000 208.03300 207.10001 205.23300 204.89999 204.03300 202.43300 200.43300 200.70000 199.23300 200.63300 199.73300 199.00000 204.00000 205.10001 205.76700 206.43300 206.20000 208.10001 209.26700 208.86700 209.93300 210.39999 213.00000 216.23300 218.50000 222.10001 217.00000 216.63300 218.30000
188.83299 191.10001 221.39999 196.16701 207.80000 212.13300 220.16701 213.00000 199.39999 182.70000 141.66701 162.76700 171.10001 169.83299 174.26700 150.20000 151.66701 26.73330 175.43300 190.39999 131.46700 146.26700 154.10001 204.66701 214.43300 217.23300 219.43300 210.10001 213.26700 219.86700 212.73300 214.80000 213.00000 221.06700 220.13300 217.26700 214.06700 204.13300 205.23300 207.33299 206.53300 198.46700 198.63300 195.66701 189.86700 198.36700 199.30000 197.23300 196.86700 203.80000 205.33299 203.33299 203.26700 200.70000 200.43300 199.96700 201.86700 203.80000 204.43300 203.53300 205.20000 213.16701 214.33299 212.60001 213.86700 216.10001 215.60001 213.80000 216.80000 220.10001
210.70000 205.50000 209.16701 208.63300 213.96700 192.89999 188.50000 186.76700 184.00000 170.30000 169.60001 186.13300 180.06700 180.76700 179.39999 189.56700 189.13300 192.80000 193.06700 182.86700 181.06700 197.16701 200.53300 197.96700 205.33299 204.63300 211.39999 198.76700 204.23300 206.46700 209.39999 212.66701 212.80000 219.39999 214.13300 205.23300 206.50000 200.86700 195.50000 194.00000 191.23300 195.53300 202.83299 191.96700 188.80000 186.80000 195.06700 195.76700 191.26700 201.16701 203.13300 200.93300 200.06700 196.70000 198.53300 199.70000 200.50000 202.53300 203.86700 203.86700 204.80000 210.10001 210.03300 209.43300 209.89999 208.96700 208.66701 212.03300 212.83299 216.10001
195.73300 191.43300 193.60001 203.13300 220.33299 220.16701 209.33299 197.93300 190.50000 180.70000 177.00000 172.66701 173.03300 171.00000 175.63300 184.13300 180.86700 185.13300 185.03300 187.60001 184.39999 194.80000 195.86700 156.76700 167.89999 181.33299 163.26700 188.96700 197.06700 197.03300 199.86700 210.39999 214.73300 215.56700 208.06700 202.86700 203.23300 201.16701 198.06700 195.70000 194.66701 192.96700 188.73300 180.66701 177.96700 188.50000 190.26700 190.86700 185.60001 185.36700 196.60001 195.60001 197.86700 196.06700 200.50000 201.66701 200.73300 208.16701 206.36700 208.66701 207.89999 207.39999 206.03300 200.43300 200.36700 205.46700 207.20000 208.83299 210.89999 212.83299
187.43300 186.66701 196.73300 206.63300 208.36700 203.06700 187.20000 186.16701 186.06700 178.30000 179.46700 175.60001 177.43300 179.63300 178.60001 183.50000 187.06700 180.80000 179.33299 182.96700 180.80000 197.13300 198.39999 137.70000 78.70000 85.33330 125.16700 184.46700 197.63300 199.13300 199.70000 201.46700 205.73300 209.46700 210.46700 209.46700 202.39999 197.00000 196.73300 197.39999 197.36700 194.60001 192.60001 182.83299 183.80000 190.66701 182.63300 184.80000 187.13300 186.50000 189.06700 188.76700 191.73300 198.56700 198.56700 196.86700 196.60001 198.80000 204.50000 201.70000 204.30000 204.66701 203.80000 198.46700 197.10001 201.00000 203.53300 204.93300 203.06700 202.50000
197.83299 206.10001 210.70000 202.89999 193.53300 197.00000 197.06700 189.56700 184.33299 183.60001 161.53300 168.33299 192.26700 146.86700 171.33299 191.70000 194.53300 186.36700 183.03300 183.03300 179.93300 180.30000 186.16701 140.60001 78.56670 75.46670 109.46700 144.66701 185.00000 190.96700 192.20000 197.86700 199.60001 193.80000 191.96700 194.46700 200.53300 200.43300 201.16701 201.43300 201.30000 204.00000 203.80000 202.70000 196.83299 189.80000 185.30000 184.00000 191.16701 183.76700 194.00000 197.00000 196.53300 195.03300 197.93300 196.36700 195.33299 189.60001 193.30000 199.50000 202.80000 202.03300 201.73300 203.39999 197.36700 195.96700 199.70000 200.30000 201.83299 195.70000
184.73300 187.93300 180.60001 180.53300 176.53300 184.23300 180.80000 170.66701 172.33299 175.53300 174.16701 162.63300 154.36700 159.60001 167.50000 101.80000 154.00000 140.70000 131.46700 183.56700 184.70000 183.73300 185.63300 143.76700 78.86670 114.46700 124.16700 143.06700 155.23300 157.43300 160.56700 173.10001 188.60001 196.89999 197.93300 200.23300 197.89999 195.00000 187.83299 174.46700 184.26700 200.73300 205.30000 201.63300 208.39999 213.00000 211.50000 206.10001 205.63300 195.53300 187.20000 194.30000 197.73300 194.10001 191.26700 190.70000 193.33299 190.13300 196.46700 195.83299 194.83299 194.36700 206.20000 209.66701 192.89999 192.56700 192.76700 192.50000 189.93300 186.06700
179.43300 174.53300 174.26700 172.83299 173.00000 175.86700 174.23300 174.76700 169.60001 171.06700 172.43300 180.83299 172.73300 171.86700 152.89999 107.80000 119.13300 96.33330 95.26670 21.00000 113.46700 79.06670 185.10001 200.53300 69.96670 60.40000 58.46670 76.16670 120.26700 58.80000 150.00000 156.16701 158.70000 153.73300 153.03300 161.63300 161.60001 158.89999 167.13300 167.06700 167.53300 175.86700 181.56700 189.10001 194.66701 207.26700 208.50000 216.70000 219.30000 217.56700 213.76700 200.46700 196.30000 199.66701 193.43300 193.70000 195.56700 198.20000 197.20000 191.30000 193.70000 181.86700 180.46700 185.33299 194.60001 195.70000 199.26700 186.50000 184.03300 182.43300
165.53300 167.89999 169.03300 170.96700 168.70000 179.16701 176.63300 187.23300 184.30000 180.39999 175.96700 177.96700 171.60001 186.83299 193.33299 165.60001 178.36700 109.20000 85.63330 72.50000 72.46670 134.89999 148.50000 159.36700 172.76700 109.63300 154.39999 154.03300 121.10000 104.43300 141.10001 146.86700 163.23300 163.96700 164.86700 159.66701 161.76700 163.33299 167.06700 173.76700 173.70000 177.89999 185.00000 188.43300 197.96700 214.89999 220.06700 222.89999 224.96700 222.56700 219.66701 216.23300 207.16701 200.03300 198.60001 194.86700 205.50000 202.63300 193.56700 189.70000 191.20000 186.86700 183.06700 187.89999 186.70000 191.76700 196.43300 192.73300 190.63300 183.00000
160.76700 165.33299 172.66701 186.93300 188.70000 197.13300 201.46700 194.96700 213.00000 202.36700 210.39999 222.93300 203.39999 207.73300 208.20000 191.93300 164.80000 164.63300 165.23300 167.56700 171.13300 158.70000 141.36700 156.53300 153.63300 161.63300 174.03300 176.00000 176.13300 177.10001 177.63300 180.63300 188.83299 179.03300 175.46700 172.73300 178.53300 178.36700 185.56700 176.53300 183.10001 182.39999 192.36700 203.66701 211.93300 219.73300 225.26700 227.63300 228.13300 224.63300 224.23300 222.03300 215.93300 207.73300 200.53300 187.80000 189.63300 193.66701 192.73300 184.43300 185.33299 188.36700 189.76700 184.00000 180.76700 184.63300 188.56700 189.36700 187.06700 182.73300
172.66701 193.43300 -9999 -9999 253.16701 238.53300 222.06700 216.20000 208.50000 207.36700 217.06700 198.03300 203.06700 184.13300 196.20000 196.30000 208.50000 209.39999 184.36700 166.56700 165.39999 191.73300 201.60001 200.13300 191.73300 184.60001 189.89999 172.96700 174.86700 175.20000 178.06700 179.13300 178.43300 171.66701 168.50000 169.63300 171.70000 164.43300 170.86700 180.56700 188.06700 190.83299 195.03300 205.80000 218.56700 221.33299 224.53300 230.03300 232.60001 233.89999 230.53300 222.96700 218.43300 214.63300 208.53300 197.63300 188.80000 192.26700 195.60001 190.36700 186.50000 180.23300 184.33299 183.93300 181.26700 182.06700 185.06700 186.86700 184.50000 182.00000
233.23300 364.23300 -9999 261.36700 206.46700 203.30000 216.56700 207.56700 209.50000 208.43300 194.53300 190.36700 191.80000 193.20000 193.63300 180.23300 188.70000 183.33299 191.73300 186.56700 163.73300 191.93300 194.13300 204.23300 206.53300 199.63300 182.93300 159.56700 146.33299 174.93300 175.96700 172.46700 176.39999 173.93300 169.63300 167.46700 157.06700 157.00000 167.60001 179.60001 184.26700 188.30000 200.63300 206.43300 214.80000 224.33299 228.50000 233.53300 234.53300 241.56700 241.76700 231.36700 229.30000 221.36700 216.39999 202.80000 190.63300 193.10001 187.83299 183.70000 180.46700 178.39999 179.26700 181.76700 183.50000 181.73300 181.96700 180.13300 179.96700 181.56700
210.20000 182.96700 179.26700 174.16701 158.20000 189.43300 226.96700 241.96700 231.70000 212.73300 203.93300 182.66701 177.89999 171.73300 168.86700 198.36700 269.66699 258.29999 234.36700 231.30000 203.06700 206.83299 207.93300 189.63300 201.93300 201.16701 196.20000 182.43300 162.80000 155.00000 152.13300 166.63300 171.89999 165.33299 157.43300 157.56700 141.00000 148.83299 162.26700 180.86700 183.20000 192.63300 192.83299 201.06700 212.13300 218.70000 234.43300 231.73300 240.63300 241.13300 238.60001 236.20000 230.96700 223.16701 217.83299 207.50000 198.96700 197.53300 181.43300 180.23300 183.63300 178.66701 180.16701 182.30000 186.16701 190.76700 191.03300 188.56700 187.06700 180.00000
364.23300 213.03300 174.56700 160.76700 157.00000 167.56700 192.86700 211.26700 214.20000 229.46700 239.56700 225.83299 203.96700 191.16701 170.89999 184.26700 224.36700 -9999 -9999 364.23300 259.46701 250.33299 242.86700 229.60001 234.56700 217.39999 205.00000 187.83299 171.80000 174.00000 167.70000 162.56700 165.96700 159.26700 150.83299 143.70000 139.66701 143.93300 157.66701 168.93300 185.63300 195.63300 194.00000 193.76700 208.33299 211.13300 225.43300 227.23300 230.03300 235.73300 230.26700 221.39999 209.73300 204.56700 204.43300 210.36700 196.63300 196.93300 185.76700 179.46700 184.89999 177.20000 178.83299 180.93300 182.86700 179.50000 171.66701 168.60001 167.03300 176.70000
