data/hydroclimate-scenarios/BCSD_hadcm_A1B/monthly_summaries/baseflow_monthly_tot_jan.2070-2099.asc
ncols	311
nrows	91
xllcenter	102.75
yllcenter	31.75
cellsize	0.5
NODATA_value	-9999
[rows 32 to 63 of 91, columns 0 to 72 of 311]
-9999 -9999 -9999 -9999 -9999 -9999 -9999 -9999 -9999 -9999 -9999 0.35414 0.41518 1.19305 1.00721 1.02484 1.11809 1.25225 1.80800 2.36567 2.48630 2.36899 2.47755 2.51473 4.41801 4.33366 4.26514 4.40292 4.24726 1.63898 1.40649 0.98226 1.07425 1.23845 1.39714 1.45280 1.69332 1.59181 1.91959 2.18539 2.00739 1.73601 2.12930 2.08254 1.91986 1.89895 1.80139 1.63154 1.48949 1.42459 1.24762 1.31083 1.15166 2.43539 2.46764 2.52552 2.73496 2.64123 2.17475 1.20765 1.33269 1.32797 2.25455 2.65827 2.93784 2.54625 2.67260 3.28080 3.03189 2.97844 2.26042 2.83016 2.92948
-9999 -9999 -9999 -9999 -9999 -9999 -9999 -9999 -9999 -9999 -9999 0.68913 0.68877 0.88953 0.87950 0.98948 1.05199 1.63732 1.90427 2.54611 2.64491 2.68655 4.43391 4.66104 4.38001 2.20688 2.41936 1.80560 1.41016 3.59175 3.55256 1.29677 1.61316 1.38586 1.88367 1.36227 3.13960 2.13438 2.96337 3.21048 2.20901 3.18262 2.44412 2.59948 2.75270 2.46639 2.32634 2.10606 1.88726 1.42688 1.28612 1.46786 1.29187 2.07863 1.15532 1.55326 1.58370 1.47482 1.61469 1.76350 1.66521 3.31429 3.12603 1.58089 3.65241 3.09813 2.92962 3.36556 3.18251 3.14643 2.21076 2.81330 2.72671
-9999 -9999 -9999 -9999 -9999 -9999 -9999 -9999 -9999 -9999 -9999 -9999 1.03376 1.22506 1.24965 1.23435 1.31688 2.15853 2.42694 2.73243 4.64840 2.84991 3.20756 2.34566 2.31993 2.15335 2.02365 1.19235 0.87262 0.94300 3.13321 3.39414 3.26759 3.32388 3.23985 3.27297 3.43506 2.27794 2.98945 2.70354 2.85544 3.29202 3.41686 2.45352 2.63227 2.73073 2.51850 2.58046 2.30148 2.18227 1.80728 1.65707 1.57218 1.31020 0.99641 0.99863 1.02126 2.22471 3.16434 3.22100 3.06492 2.15323 2.12514 2.89880 3.01372 4.11108 3.59950 3.15035 2.94009 3.18655 2.25857 2.77556 3.04223
-9999 -9999 -9999 -9999 -9999 -9999 -9999 -9999 -9999 -9999 -9999 -9999 1.03695 1.05685 1.37027 1.22303 1.63522 4.46131 4.62680 2.81853 2.81623 2.29447 1.85543 1.42994 1.02070 1.13291 0.68208 0.90982 0.79356 1.32880 1.20036 3.08996 3.44479 3.21397 3.61996 1.54754 1.26606 1.49166 1.61064 1.46351 3.33331 2.49242 2.43873 3.32870 3.03490 3.23807 3.28500 2.90143 2.22646 2.37406 1.98516 1.39812 1.07163 1.34665 1.22764 2.05584 3.15115 2.37592 1.21564 3.16769 2.84416 1.08591 0.98783 2.14460 3.31502 3.65652 3.65564 3.20910 3.30308 3.78262 3.93376 3.49609 3.82267
-9999 -9999 -9999 -9999 -9999 -9999 -9999 -9999 -9999 -9999 -9999 -9999 0.93680 1.21062 4.07834 4.17131 4.56872 1.97660 2.95481 2.91773 2.55206 2.17540 1.87749 1.29734 1.23078 1.05063 1.09781 1.67365 1.68824 2.29565 2.15221 2.91593 1.31771 1.33427 1.19976 1.42070 1.74162 1.65433 1.64864 1.89984 2.33862 2.64529 2.83934 3.36237 3.93910 4.23166 3.87019 3.46752 3.24869 2.78752 2.31535 2.33365 1.68970 2.01379 2.29956 2.03738 1.86026 1.53610 1.61797 3.23777 1.57335 1.65059 1.68362 1.72368 2.96995 3.44607 3.73400 3.90980 4.14433 4.13865 4.46449 4.64936 4.44171
-9999 -9999 -9999 0.59609 0.65060 0.44057 0.35947 0.51411 0.51311 -9999 0.67792 3.48535 3.71402 0.93539 1.13231 1.04862 1.69161 2.49302 2.24098 2.01640 2.40328 2.20000 1.78792 1.80387 2.00208 1.54297 1.53353 1.36373 1.74044 1.61359 1.29046 1.41476 0.80362 1.83540 1.55267 0.83092 1.56212 1.48091 2.02946 1.99430 2.40129 2.77092 3.27204 3.81125 3.93160 3.71295 3.62806 3.44945 2.92616 3.00027 3.01196 3.20782 2.88874 2.67289 2.43415 1.77367 1.78584 1.65986 1.97042 1.84270 3.26705 2.05592 2.35797 2.40871 2.10012 2.37454 2.54240 3.07772 3.87090 3.96577 4.45242 4.88233 5.01453
-9999 -9999 -9999 0.78833 0.61411 0.64672 0.60856 0.75507 0.66925 2.67967 3.57866 3.21581 0.77143 0.97998 1.40848 0.85996 2.30102 1.38802 1.57695 1.70299 1.82398 1.61334 1.88865 2.05988 2.38649 2.74546 2.44773 2.05194 1.61809 2.10531 1.00778 1.86522 1.31589 1.53836 1.89556 1.96902 1.31754 1.57551 1.65231 2.46672 2.28374 2.55900 3.54712 3.66021 3.58233 3.47218 3.50503 3.49711 3.56136 3.40965 3.30732 2.90343 2.74515 2.65331 2.28791 1.98819 1.61934 1.57060 1.64999 1.91887 2.06452 2.24103 2.39692 2.98803 2.89391 2.78382 2.88138 3.68348 4.44561 4.72731 4.88990 5.23865 5.16014
-9999 -9999 -9999 0.52094 0.53146 0.51476 3.23584 3.46426 3.37072 3.43920 3.59261 3.38137 0.50680 0.37681 0.34991 0.25137 1.67270 1.88902 1.31780 1.21163 1.43742 1.86887 1.27859 2.39556 1.95476 2.40814 1.97367 2.25342 2.19959 2.32569 2.40293 1.98343 1.98424 1.97565 2.08062 1.85201 1.38671 1.38851 1.93582 2.67976 2.68752 2.89128 3.46447 3.92715 3.83069 3.42923 3.61361 3.85653 3.75666 3.64287 3.61291 3.28848 3.11671 2.83479 2.50964 2.10978 1.76043 2.06428 2.03562 2.10765 2.78313 3.03975 2.86340 3.10268 3.48693 3.63408 3.68177 4.47136 4.71372 4.95071 5.11107 5.62220 5.72140
-9999 -9999 -9999 0.72341 0.56466 0.70550 3.19053 3.60408 2.82332 2.42846 2.94784 0.48655 0.29249 0.48323 0.19653 0.85236 1.19625 1.76711 1.80129 1.53376 1.96818 1.87493 2.20854 2.42338 1.99873 2.66246 1.85963 1.25076 1.91924 2.81429 2.72547 1.99211 2.31767 2.18853 2.04722 2.25079 2.07930 2.02787 2.14309 2.13776 2.42443 3.17969 3.47092 3.90906 4.25485 4.16384 3.99827 3.96971 3.76829 3.58156 3.46280 3.68171 3.49481 3.30001 2.80142 3.23000 2.97472 2.88370 3.04881 3.25556 3.07054 3.69808 3.74623 3.59119 3.98084 4.34341 4.50034 4.93108 5.16572 5.24780 5.95501 6.28781 -9999
-9999 -9999 -9999 0.51576 0.51353 0.71553 3.05723 3.18225 2.95635 2.76451 2.98063 2.33686 0.52239 0.60110 0.96187 1.15782 1.12844 1.48866 1.11257 2.42878 2.41950 1.66778 2.51173 2.26187 2.41951 2.47191 1.44876 1.23710 1.81256 2.11790 2.39965 2.19001 2.25358 1.60978 1.24330 1.35936 1.47144 1.60730 1.79448 2.14442 2.62186 3.11749 3.36507 3.40680 3.89049 3.98671 4.04610 3.93677 3.87612 3.81548 3.75515 3.87930 3.65251 3.43945 3.29263 3.55570 3.41511 3.45731 3.43671 3.38183 3.67570 3.85820 4.10307 4.15811 4.31380 4.33318 4.66499 5.04312 5.37866 5.85337 6.52746 -9999 -9999
-9999 -9999 -9999 -9999 2.92700 3.24693 3.27212 3.61874 3.07696 2.70296 3.34374 0.82100 0.81557 1.41956 -9999 -9999 -9999 -9999 -9999 2.50994 2.72205 2.47210 2.78597 2.42285 2.01927 1.82273 1.80140 1.44708 1.47822 1.24181 1.23634 1.74617 1.60352 1.14369 1.29127 0.89136 1.23318 1.52884 1.57874 1.87830 1.88166 2.77217 3.37545 3.55503 3.72237 3.81701 3.76048 3.88263 4.05053 4.19854 3.84843 3.86824 3.78099 3.63067 3.48559 3.48465 3.39440 3.42052 3.62511 3.60936 3.66049 3.90261 4.21603 4.57080 4.72987 4.72767 5.10483 5.43252 5.76711 -9999 -9999 -9999 -9999
-9999 -9999 1.58553 3.37628 3.27403 3.23689 3.28942 3.53256 3.16577 3.08263 3.44469 0.92619 0.78259 -9999 -9999 -9999 -9999 -9999 2.85186 2.28327 2.55842 1.46273 1.27569 1.65544 2.18629 2.10253 1.51001 1.35869 1.48926 1.37319 2.03443 1.52744 1.27565 1.41803 1.55538 1.19184 1.16604 1.01273 1.50603 1.48151 1.87174 2.75271 3.22649 3.10715 3.16974 3.43442 3.70742 3.90616 3.93786 3.83764 3.75903 3.97026 4.28321 4.13353 4.01570 3.41068 3.38427 3.68673 3.84272 3.91832 4.04228 4.05787 4.48320 4.68450 4.89190 5.17345 5.22103 -9999 -9999 -9999 -9999 -9999 -9999
-9999 -9999 4.11115 3.60775 3.12410 2.95983 2.97077 3.31782 2.92084 3.44924 1.48206 1.12747 0.80145 -9999 -9999 -9999 -9999 1.25087 1.58027 1.16349 1.69717 1.17162 1.36757 1.75990 1.61508 1.08137 1.41779 1.07710 1.34033 1.28004 1.02610 1.31428 1.28875 1.32532 1.46955 1.20297 1.08961 1.48068 1.79564 2.09065 2.51927 2.90494 3.19396 3.39370 3.63154 3.65898 3.89030 3.76599 3.83990 3.74698 4.17456 4.18663 4.27255 3.94364 3.71984 3.71806 4.19202 4.04642 4.22944 4.50336 4.69044 4.77661 5.04509 5.28367 5.36248 -9999 -9999 -9999 -9999 -9999 6.16774 -9999 -9999
-9999 -9999 3.86941 4.06610 3.59642 3.37455 2.96483 2.77533 2.98235 3.35083 1.34508 0.90987 0.17439 -9999 -9999 -9999 -9999 1.50253 1.10044 1.46948 1.79010 1.52700 1.09368 0.84307 0.94315 1.05036 0.94305 1.09033 1.12999 1.22812 1.23174 0.98696 1.22170 1.31734 1.36698 1.41698 1.61381 1.99574 2.09109 1.65837 2.32591 2.18238 2.63411 3.68206 3.80894 3.74139 3.88371 3.85427 3.82857 3.78877 3.85474 3.90678 3.70356 3.60178 4.04614 3.88319 3.83615 4.22441 4.48622 4.77722 5.02821 5.14450 5.11742 4.94698 4.93753 5.41697 5.64571 5.38548 5.62912 -9999 -9999 -9999 5.79282
-9999 -9999 -9999 3.68694 3.36516 2.75008 2.33377 2.20880 1.17783 1.53520 1.00429 0.23691 -9999 -9999 -9999 -9999 0.89925 1.04555 0.81212 0.76601 0.91935 0.57162 0.62501 0.68750 0.77184 0.68380 0.91159 1.23660 1.35623 1.27602 1.05911 1.13885 1.35204 1.87889 2.50794 2.47987 1.54283 1.30399 1.15772 1.27154 1.85776 2.00842 4.05495 3.83999 3.88377 4.24689 3.87283 3.72362 3.77965 3.61075 3.89322 4.35068 4.29587 4.77631 4.87708 4.70808 4.97699 4.79203 5.00694 5.23998 5.25314 5.03656 5.27122 4.95754 4.37653 5.35663 5.81483 4.82489 5.31988 5.80068 -9999 -9999 6.31197
-9999 -9999 -9999 -9999 3.13382 2.18251 2.27764 1.29740 1.50085 0.56500 0.25424 -9999 -9999 -9999 -9999 1.21698 1.11911 1.07584 1.19367 1.20024 1.00553 1.23625 1.09900 1.21364 0.71614 1.16896 1.66333 1.81677 2.12990 1.76110 1.71531 1.81212 1.93495 2.12794 2.51093 1.45771 1.35775 1.36851 1.28371 1.15116 1.44607 1.74114 2.28392 2.26213 2.68022 3.76577 3.37641 3.98514 3.93592 3.38419 2.95518 3.48710 3.87378 4.50333 4.48763 3.97844 4.50664 4.92613 5.25934 5.07786 5.34502 5.04318 4.95428 5.08982 4.93515 5.46323 5.34243 4.74704 4.70306 5.31205 5.25676 5.37964 5.66051
-9999 -9999 -9999 -9999 -9999 -9999 2.17840 2.87787 0.29191 0.82561 1.44385 -9999 -9999 -9999 -9999 -9999 1.20264 1.14956 0.59358 1.21767 0.85712 0.62321 0.65900 0.66127 1.27850 1.25101 0.67985 1.84419 1.86111 2.10516 1.48337 1.80984 1.28040 2.36437 2.30190 2.31133 1.49515 1.46941 1.09447 1.43397 1.61092 2.31481 2.53164 1.90291 3.35694 3.59679 3.47062 3.42988 3.73861 3.61585 3.82398 4.48090 4.15059 4.24570 4.39580 4.38411 4.54585 4.68661 4.95828 4.55749 4.44745 4.65001 4.89344 4.60474 4.50690 4.90993 5.33351 4.17471 4.29976 4.70128 4.71771 4.96196 5.48762
-9999 -9999 -9999 -9999 -9999 -9999 -9999 -9999 -9999 -9999 -9999 -9999 -9999 -9999 -9999 -9999 -9999 -9999 -9999 0.83005 0.53961 0.08454 0.72676 0.92211 0.67433 0.67435 1.29691 0.97985 0.90373 0.53718 1.12632 1.03948 0.59187 1.32277 2.15569 1.99303 1.01125 1.45562 1.41209 1.90820 2.32958 2.77830 2.66458 2.46723 2.52640 2.41897 1.74587 3.51370 3.37658 2.93807 2.88223 4.18191 4.81457 4.94457 3.76390 4.03143 4.32647 4.38805 4.25030 4.35905 4.89100 5.29254 4.44338 4.30144 4.20650 5.12743 4.84197 4.03906 3.98820 4.83071 4.57250 4.74039 5.20930
-9999 -9999 -9999 -9999 -9999 -9999 -9999 -9999 -9999 -9999 -9999 -9999 -9999 -9999 -9999 -9999 -9999 -9999 0.99055 0.53652 0.39375 0.71481 0.85647 0.92102 0.31316 0.12364 0.50170 0.49955 0.36561 0.94576 1.07914 1.48238 1.94748 1.68815 1.15793 1.95499 1.20716 1.04239 1.35041 1.73656 2.02964 2.36544 2.54261 2.63244 2.72019 3.56412 2.06623 0.05771 2.08119 2.56282 2.97488 4.11507 4.24803 4.19637 4.84089 4.79525 4.19935 4.21694 4.73120 4.54586 5.06087 4.90808 4.82322 4.73128 5.29197 5.04076 4.61407 4.26875 5.00704 4.57766 5.11895 5.24086 5.32433
-9999 -9999 -9999 -9999 -9999 -9999 -9999 -9999 -9999 -9999 -9999 -9999 -9999 -9999 -9999 -9999 -9999 1.21826 0.77621 0.77120 0.81266 0.71539 0.39219 0.16803 0.04472 0.07154 0.73783 0.24175 0.59638 0.81023 1.05199 1.11595 0.95978 1.40780 1.06524 2.19800 2.70371 1.33657 1.19135 1.75311 1.99240 2.97283 2.31109 3.14698 1.88670 1.80240 3.23495 2.40264 1.04359 2.57361 2.96627 4.29470 3.67756 3.42563 4.14876 3.94488 4.02209 4.09879 4.16402 4.37902 4.93277 5.33668 4.78789 4.97494 4.49076 4.47719 4.63113 4.44693 4.80785 5.55218 5.37000 5.49901 5.58983
-9999 -9999 -9999 -9999 -9999 -9999 -9999 -9999 -9999 -9999 -9999 -9999 -9999 -9999 -9999 -9999 -9999 0.95298 1.00049 1.21064 0.70809 0.72253 0.48499 0.00648 0.00913 0.06883 0.04998 0.07385 0.03809 0.40935 0.44007 0.54411 0.77746 0.55369 0.82847 1.16626 1.99394 0.70859 1.33495 1.50167 1.33039 1.19282 2.44657 0.97558 2.58394 2.85531 2.60064 0.07269 0.07872 1.02896 2.73759 4.30368 4.49231 4.47214 4.71944 4.38147 4.60765 4.33935 4.41281 4.65477 4.51871 4.57151 4.55938 4.45437 4.41192 4.38444 4.54938 4.62080 4.88516 5.11443 5.68788 5.65848 5.32841
-9999 -9999 -9999 -9999 -9999 -9999 -9999 -9999 -9999 -9999 -9999 -9999 -9999 -9999 -9999 -9999 0.63277 0.59076 1.12477 0.56130 0.39822 0.02267 0.03096 0.01039 0.00472 0.02755 0.04176 0.07140 0.03582 0.02125 0.02864 0.01906 0.40484 0.29518 0.37978 0.65810 0.96963 1.49283 0.83482 0.92135 0.65814 0.83528 2.48893 1.78173 0.70264 2.01933 2.27774 0.18126 0.15605 0.79171 2.97927 4.04504 4.20216 4.58275 4.56827 4.33113 4.39552 4.65488 5.11764 4.43619 4.34882 4.52813 4.68818 4.77342 4.84297 5.32493 5.27789 5.48395 5.73968 5.68448 6.28590 5.63700 5.61183
-9999 -9999 -9999 -9999 -9999 -9999 -9999 -9999 -9999 -9999 -9999 -9999 -9999 1.02755 1.01264 0.68018 0.75867 0.79072 1.06011 0.21568 0.00615 0.01819 0.01022 0.00355 0.00362 0.02823 0.01853 0.00010 0.00000 0.00000 0.09866 0.38208 0.00041 0.00021 0.09041 0.03987 0.15393 0.28236 0.01958 0.01795 0.01342 1.22911 0.93247 0.00626 0.99163 0.64867 1.16527 1.34458 1.71750 2.35701 2.98077 3.21091 2.60946 2.27687 4.09010 7.72334 6.59702 7.18182 6.05657 6.80651 6.60663 9.74061 9.41483 13.58160 13.79080 12.02440 12.43050 6.09800 6.83437 7.40699 7.40475 5.96588 5.85711
-9999 -9999 -9999 -9999 -9999 -9999 -9999 -9999 -9999 -9999 -9999 -9999 0.66152 0.77215 1.01084 0.79090 0.91994 0.05284 0.03138 0.00129 0.00138 0.00307 0.00229 0.00696 0.00575 0.02094 0.01788 0.00000 0.01304 0.05117 0.00442 0.02801 0.06038 0.09190 0.14377 0.04410 0.00041 0.00145 0.01644 0.01276 0.01289 0.00742 0.87409 0.83763 0.32141 0.42515 0.76495 1.19213 1.66645 1.60345 1.95651 1.21324 2.88956 0.96778 3.65702 3.74842 6.12753 5.59721 6.56060 9.65520 8.71178 10.10040 11.43930 13.39140 14.40020 11.94090 12.56260 7.04898 7.69790 7.72175 6.39680 6.37570 6.21377
-9999 -9999 -9999 -9999 -9999 -9999 -9999 -9999 -9999 -9999 -9999 1.30588 0.25385 0.85014 0.05683 0.02911 0.02111 0.01415 0.01295 0.00820 0.01077 0.00093 0.00083 0.00046 0.00072 0.00048 0.18128 0.04960 0.02324 0.09983 0.00832 0.00000 0.00021 0.00021 0.00000 0.10489 0.00264 0.00869 0.01776 0.01228 0.00813 0.82865 0.45729 0.25501 0.21644 0.45967 0.59171 0.82848 1.30107 2.47682 3.36822 2.71027 2.24998 6.20068 2.62674 1.91640 5.43229 2.61405 3.49189 7.36214 7.43690 7.71451 8.51821 10.01950 12.73700 13.99860 11.72010 8.02903 7.13697 6.89991 5.99715 5.83851 6.23371
-9999 -9999 -9999 -9999 -9999 -9999 -9999 -9999 -9999 -9999 0.16948 0.10607 0.04089 0.01507 0.00462 0.00304 0.00074 0.00021 0.00072 0.00085 0.00052 0.00000 0.00000 0.00021 0.00041 0.00031 0.00010 0.06610 0.01878 0.00000 0.00000 0.00010 0.00076 0.12637 0.03454 0.12864 0.00535 0.01166 0.02701 0.01140 0.75684 0.26139 0.08205 0.08146 0.11258 0.54252 0.66284 0.72395 1.48864 2.60592 4.46903 3.23514 6.95261 2.52667 2.26810 1.63644 6.32264 6.74362 4.07078 3.96692 6.34981 8.64424 9.15481 11.88700 11.71500 13.41370 9.67183 7.75231 7.37401 6.52029 6.27907 7.16040 7.53036
-9999 -9999 -9999 -9999 -9999 -9999 -9999 -9999 -9999 0.00103 0.00041 0.00041 0.00041 0.00072 0.00022 0.00000 0.00000 0.00000 0.00000 0.00000 0.00000 0.00000 0.00000 0.00000 0.00000 0.00000 0.00010 0.00103 0.00093 0.00034 0.00049 0.00000 0.00031 0.00041 0.07897 0.41348 0.02490 0.01994 0.00813 0.56681 0.07265 0.02847 0.06205 1.47304 0.05996 1.22017 0.39731 1.33714 1.73843 2.42263 3.66320 6.79614 3.62142 9.26230 6.29343 3.84939 2.69390 2.67226 2.82660 4.46184 7.34766 9.93828 9.04263 9.48105 8.34745 10.36470 13.36400 12.16410 11.29050 9.90148 10.81230 12.12750 14.00390
-9999 -9999 -9999 -9999 -9999 -9999 -9999 -9999 -9999 -9999 0.00010 0.00010 0.00010 0.00010 0.00000 0.00000 0.00000 0.00000 0.00000 0.00000 0.00000 0.00000 0.00000 -9999 -9999 -9999 -9999 -9999 -9999 0.00361 0.00819 0.00000 0.00000 0.00010 0.00052 0.34403 0.62506 0.00385 0.00322 0.42138 0.08809 0.11914 1.31949 0.94788 1.27313 0.98798 1.47480 1.05431 2.36017 2.84713 3.97938 1.76471 2.97272 4.83184 7.29662 2.88584 2.18193 2.32142 1.75852 3.79725 5.87340 7.34937 4.42973 7.37873 8.08875 11.63520 14.12680 11.79120 10.14580 10.47070 10.64050 14.13800 14.96110
-9999 -9999 -9999 -9999 -9999 -9999 -9999 -9999 -9999 -9999 -9999 -9999 0.00021 0.00000 0.00000 0.00000 0.00000 0.00000 0.00000 -9999 -9999 -9999 -9999 -9999 -9999 -9999 -9999 -9999 -9999 -9999 -9999 -9999 -9999 0.00031 0.10129 0.15389 0.11534 0.17049 0.00103 0.00303 0.18994 0.07207 0.25715 0.25901 0.30170 1.44853 1.43261 0.41510 0.92455 1.14966 1.67284 5.79631 6.24755 6.17986 3.71804 1.82950 2.58735 2.07035 0.29894 3.11981 6.37746 6.62725 8.87385 3.97306 7.76757 12.29900 15.20840 10.77190 10.93430 13.14310 15.29490 15.84590 -9999
-9999 -9999 -9999 -9999 -9999 -9999 -9999 -9999 -9999 -9999 -9999 -9999 -9999 -9999 -9999 -9999 -9999 -9999 -9999 -9999 -9999 -9999 -9999 -9999 -9999 -9999 -9999 -9999 -9999 -9999 -9999 -9999 -9999 -9999 0.11873 0.04496 0.04482 0.04188 0.00010 0.07830 0.09227 0.04688 1.26176 1.04285 1.09685 1.28273 0.68529 0.28064 1.00628 1.09833 1.90723 5.22237 3.77613 4.61557 4.78514 2.87771 1.86271 3.06096 2.28976 3.80727 4.96711 5.40379 3.91833 4.18836 8.89864 9.97935 15.67280 11.28270 11.59830 14.27150 17.16320 -9999 -9999
-9999 -9999 -9999 -9999 -9999 -9999 -9999 -9999 -9999 -9999 -9999 -9999 -9999 -9999 -9999 -9999 -9999 -9999 -9999 -9999 -9999 -9999 -9999 -9999 -9999 -9999 -9999 -9999 -9999 -9999 -9999 -9999 -9999 -9999 0.05070 0.03634 0.04937 0.17950 0.00093 0.01652 0.01114 0.60559 0.53088 0.07234 0.43359 0.17577 0.25969 0.29179 0.64704 1.10441 1.70737 1.29315 2.60824 3.84439 3.69399 2.36831 2.51692 2.01763 1.75698 3.31808 6.80068 7.98405 6.57996 3.76024 6.12312 13.29110 14.43740 18.03170 19.68330 22.03090 -9999 -9999 -9999
-9999 -9999 -9999 -9999 -9999 -9999 -9999 -9999 -9999 -9999 -9999 -9999 -9999 -9999 -9999 -9999 -9999 -9999 -9999 -9999 -9999 -9999 -9999 -9999 -9999 -9999 -9999 -9999 -9999 -9999 -9999 -9999 -9999 -9999 -9999 -9999 -9999 -9999 0.06119 0.02101 0.01031 0.02280 0.36423 0.58862 0.06560 0.25555 0.59760 0.36208 0.61464 1.05934 0.75509 1.53761 1.41582 3.04056 3.31537 1.56558 0.13974 0.38596 1.89049 3.71420 5.89620 4.09110 4.53894 5.73107 10.77160 13.93620 15.88460 19.19840 22.01770 -9999 -9999 -9999 -9999
