data/hydroclimate-scenarios/BCSD_hadcm_A1B/monthly_summaries/baseflow_monthly_tot_jun.2070-2099.asc
ncols	311
nrows	91
xllcenter	102.75
yllcenter	31.75
cellsize	0.5
NODATA_value	-9999
[rows 0 to 31 of 91, columns 216 to 287 of 311]
-9999 -9999 -9999 -9999 -9999 -9999 -9999 -9999 -9999 -9999 -9999 -9999 -9999 -9999 -9999 -9999 -9999 -9999 -9999 -9999 -9999 -9999 -9999 -9999 -9999 -9999 -9999 -9999 -9999 -9999 -9999 -9999 -9999 -9999 -9999 -9999 -9999 -9999 -9999 -9999 -9999 -9999 -9999 -9999 -9999 -9999 -9999 -9999 -9999 -9999 -9999 -9999 -9999 -9999 -9999 -9999 -9999 -9999 -9999 -9999 -9999 -9999 -9999 -9999 -9999 -9999 -9999 -9999 -9999 -9999 -9999 -9999
-9999 -9999 -9999 -9999 -9999 -9999 -9999 -9999 -9999 -9999 -9999 -9999 -9999 -9999 -9999 -9999 -9999 -9999 -9999 -9999 -9999 -9999 -9999 -9999 -9999 -9999 -9999 -9999 -9999 -9999 -9999 -9999 -9999 -9999 -9999 -9999 -9999 -9999 -9999 -9999 -9999 -9999 -9999 -9999 -9999 -9999 -9999 -9999 -9999 -9999 -9999 -9999 -9999 -9999 -9999 -9999 -9999 -9999 -9999 -9999 -9999 -9999 -9999 -9999 -9999 -9999 -9999 -9999 -9999 -9999 -9999 -9999
-9999 -9999 -9999 -9999 -9999 -9999 -9999 -9999 -9999 -9999 -9999 -9999 -9999 -9999 -9999 -9999 -9999 -9999 -9999 -9999 -9999 -9999 -9999 -9999 -9999 -9999 -9999 -9999 -9999 -9999 -9999 -9999 -9999 -9999 -9999 -9999 -9999 -9999 -9999 -9999 -9999 -9999 -9999 -9999 -9999 -9999 -9999 -9999 -9999 -9999 -9999 -9999 -9999 -9999 -9999 -9999 -9999 -9999 -9999 -9999 -9999 -9999 -9999 -9999 -9999 -9999 -9999 -9999 -9999 -9999 -9999 -9999
-9999 -9999 -9999 -9999 -9999 -9999 -9999 -9999 -9999 -9999 -9999 -9999 -9999 -9999 -9999 -9999 -9999 -9999 -9999 -9999 -9999 -9999 -9999 -9999 -9999 -9999 -9999 -9999 -9999 -9999 -9999 -9999 -9999 -9999 -9999 -9999 -9999 -9999 -9999 -9999 -9999 -9999 -9999 -9999 -9999 -9999 -9999 -9999 -9999 -9999 -9999 -9999 -9999 -9999 -9999 -9999 -9999 -9999 -9999 -9999 -9999 -9999 -9999 -9999 -9999 -9999 -9999 -9999 -9999 -9999 -9999 -9999
-9999 -9999 -9999 -9999 -9999 -9999 -9999 -9999 -9999 -9999 -9999 -9999 -9999 -9999 -9999 -9999 -9999 -9999 -9999 -9999 -9999 -9999 -9999 -9999 -9999 -9999 -9999 -9999 -9999 -9999 -9999 -9999 -9999 -9999 -9999 -9999 -9999 -9999 -9999 -9999 -9999 -9999 -9999 -9999 -9999 -9999 -9999 -9999 -9999 -9999 -9999 -9999 -9999 -9999 -9999 -9999 -9999 -9999 -9999 -9999 -9999 -9999 -9999 -9999 -9999 -9999 -9999 -9999 -9999 -9999 -9999 -9999
-9999 -9999 -9999 -9999 -9999 -9999 -9999 -9999 -9999 -9999 -9999 -9999 -9999 -9999 -9999 -9999 -9999 -9999 -9999 -9999 -9999 -9999 -9999 -9999 -9999 -9999 -9999 -9999 -9999 -9999 -9999 -9999 -9999 -9999 -9999 -9999 -9999 -9999 -9999 -9999 -9999 -9999 -9999 -9999 -9999 -9999 -9999 -9999 -9999 -9999 -9999 -9999 -9999 -9999 -9999 -9999 -9999 -9999 -9999 -9999 -9999 -9999 -9999 -9999 -9999 -9999 -9999 -9999 -9999 -9999 -9999 -9999
-9999 -9999 -9999 -9999 -9999 -9999 -9999 -9999 -9999 -9999 -9999 -9999 -9999 -9999 -9999 -9999 -9999 -9999 -9999 -9999 -9999 -9999 -9999 -9999 -9999 -9999 -9999 -9999 -9999 -9999 -9999 -9999 -9999 -9999 -9999 -9999 -9999 -9999 -9999 -9999 -9999 -9999 -9999 -9999 -9999 -9999 -9999 -9999 -9999 -9999 -9999 -9999 -9999 -9999 -9999 -9999 -9999 -9999 -9999 -9999 -9999 -9999 -9999 -9999 -9999 -9999 -9999 -9999 -9999 -9999 -9999 -9999
-9999 -9999 -9999 -9999 -9999 -9999 -9999 -9999 -9999 -9999 -9999 -9999 -9999 -9999 -9999 -9999 -9999 -9999 -9999 -9999 -9999 -9999 -9999 -9999 -9999 -9999 -9999 -9999 -9999 -9999 -9999 -9999 -9999 -9999 -9999 -9999 -9999 -9999 -9999 -9999 -9999 -9999 -9999 -9999 -9999 -9999 -9999 -9999 -9999 -9999 -9999 -9999 -9999 -9999 -9999 -9999 -9999 -9999 -9999 -9999 -9999 -9999 -9999 -9999 -9999 -9999 -9999 -9999 -9999 -9999 -9999 -9999
-9999 -9999 -9999 -9999 -9999 -9999 -9999 -9999 -9999 -9999 -9999 -9999 -9999 -9999 -9999 -9999 -9999 -9999 -9999 -9999 -9999 -9999 -9999 -9999 -9999 -9999 -9999 -9999 -9999 -9999 -9999 -9999 -9999 -9999 -9999 -9999 -9999 -9999 -9999 -9999 -9999 -9999 -9999 -9999 -9999 -9999 -9999 -9999 -9999 -9999 -9999 -9999 -9999 -9999 -9999 -9999 -9999 -9999 -9999 -9999 -9999 -9999 -9999 -9999 -9999 -9999 -9999 -9999 -9999 -9999 -9999 -9999
-9999 -9999 -9999 -9999 -9999 -9999 -9999 -9999 -9999 -9999 -9999 -9999 -9999 -9999 -9999 -9999 -9999 -9999 -9999 -9999 -9999 -9999 -9999 -9999 -9999 -9999 -9999 -9999 -9999 -9999 -9999 -9999 -9999 -9999 -9999 -9999 -9999 -9999 -9999 -9999 -9999 -9999 -9999 -9999 -9999 -9999 -9999 -9999 -9999 -9999 -9999 -9999 -9999 -9999 -9999 -9999 -9999 -9999 -9999 -9999 -9999 -9999 -9999 -9999 -9999 -9999 -9999 -9999 -9999 -9999 -9999 -9999
-9999 -9999 -9999 -9999 -9999 -9999 -9999 -9999 -9999 -9999 -9999 -9999 -9999 -9999 -9999 -9999 -9999 -9999 -9999 -9999 -9999 -9999 -9999 -9999 -9999 -9999 -9999 -9999 -9999 -9999 -9999 -9999 -9999 -9999 -9999 -9999 -9999 -9999 -9999 -9999 -9999 -9999 -9999 -9999 -9999 -9999 -9999 -9999 -9999 -9999 -9999 -9999 -9999 -9999 -9999 -9999 -9999 -9999 -9999 -9999 -9999 -9999 -9999 -9999 -9999 -9999 -9999 -9999 -9999 -9999 -9999 -9999
-9999 -9999 -9999 -9999 -9999 -9999 -9999 -9999 -9999 -9999 -9999 -9999 -9999 -9999 -9999 -9999 -9999 -9999 -9999 -9999 -9999 -9999 -9999 -9999 -9999 -9999 -9999 -9999 -9999 -9999 -9999 -9999 -9999 -9999 -9999 -9999 -9999 -9999 -9999 -9999 -9999 -9999 -9999 -9999 -9999 -9999 -9999 -9999 -9999 -9999 -9999 -9999 -9999 -9999 -9999 -9999 -9999 -9999 -9999 -9999 -9999 -9999 -9999 -9999 -9999 -9999 -9999 -9999 -9999 -9999 -9999 -9999
-9999 -9999 -9999 -9999 -9999 -9999 -9999 -9999 -9999 -9999 -9999 -9999 -9999 -9999 -9999 -9999 -9999 -9999 -9999 -9999 -9999 -9999 -9999 -9999 -9999 -9999 -9999 -9999 -9999 -9999 -9999 -9999 -9999 -9999 -9999 -9999 -9999 -9999 -9999 -9999 -9999 -9999 -9999 -9999 -9999 -9999 -9999 -9999 -9999 -9999 -9999 -9999 -9999 -9999 -9999 -9999 -9999 -9999 -9999 -9999 -9999 -9999 -9999 -9999 -9999 -9999 -9999 -9999 -9999 -9999 -9999 -9999
14.10030 8.38145 8.24468 -9999 -9999 -9999 -9999 -9999 -9999 -9999 -9999 -9999 -9999 -9999 -9999 -9999 -9999 -9999 -9999 -9999 -9999 -9999 -9999 -9999 -9999 -9999 -9999 -9999 -9999 -9999 -9999 -9999 -9999 -9999 -9999 -9999 -9999 -9999 -9999 -9999 -9999 -9999 -9999 -9999 4.54614 -9999 -9999 -9999 -9999 -9999 -9999 -9999 -9999 -9999 -9999 -9999 -9999 -9999 -9999 -9999 -9999 -9999 -9999 -9999 -9999 -9999 -9999 -9999 -9999 -9999 -9999 -9999
17.26990 19.54630 20.41460 8.34361 7.88140 7.52524 12.25900 3.83023 5.63382 5.93492 49.73240 48.29560 45.20010 37.37170 18.71720 151.04500 -9999 -9999 -9999 -9999 -9999 -9999 -9999 -9999 -9999 -9999 -9999 -9999 -9999 -9999 -9999 -9999 -9999 -9999 -9999 -9999 -9999 -9999 -9999 0.32061 0.65019 0.12859 0.08049 0.16156 0.66798 16.28680 -9999 -9999 -9999 16.66670 -9999 -9999 -9999 16.06670 26.15970 25.23020 -9999 -9999 -9999 -9999 -9999 -9999 -9999 -9999 -9999 -9999 -9999 -9999 -9999 -9999 -9999 -9999
19.33040 21.26870 21.23850 0.31316 0.03801 0.12510 0.39806 0.61476 1.58602 2.03514 3.12659 2.00596 1.80099 0.98350 0.61794 1.23192 0.89016 0.75384 1.03887 12.17130 40.63940 13.88680 -9999 -9999 -9999 -9999 -9999 17.96060 14.93920 16.07600 25.25460 27.19580 24.73610 17.80700 12.54500 13.16960 10.01420 6.28035 7.00862 0.13708 0.20164 0.12224 0.15655 0.46166 1.69582 27.21450 30.88750 35.86350 31.10440 27.35920 32.11950 28.86630 26.02390 34.34590 40.79110 28.06000 28.58880 33.43830 29.68990 32.59010 26.06400 -9999 -9999 -9999 -9999 -9999 -9999 -9999 -9999 -9999 -9999 -9999
14.65400 14.80000 6.56395 1.00431 2.79315 2.51367 2.57685 0.74371 2.61603 2.77528 5.74782 1.98585 1.61347 0.86527 0.64000 0.19589 0.12678 0.18525 0.14930 21.96810 4.33442 9.96067 17.39940 21.88890 33.35170 31.41260 26.90350 18.42040 18.87730 21.90720 30.67080 30.65180 24.24890 19.69110 20.38580 19.40070 17.02640 17.62230 19.54390 18.79330 22.61150 32.62240 28.51400 33.40290 34.83130 30.08530 27.85580 35.32620 33.43420 38.94840 39.92840 38.39350 47.12690 42.50520 41.68040 51.74890 54.47020 42.02250 51.18270 52.96340 61.83510 46.76740 35.96500 31.12120 31.74280 26.44200 27.72590 30.48930 29.56110 -9999 -9999 -9999
11.29710 9.79983 4.36462 1.99410 1.03130 0.72201 0.20692 0.04409 0.02856 0.08471 0.02508 0.01437 0.01053 0.01578 0.01301 0.64763 1.03760 1.36918 11.12950 37.63150 43.26430 14.92590 21.92230 27.92710 28.86810 44.40710 52.00170 39.34310 25.02820 28.59700 34.64230 32.05110 29.70350 26.99260 28.98090 32.51660 31.13750 30.83530 36.53950 30.84210 26.74320 29.68300 27.58860 27.23310 30.46470 27.41950 26.36510 29.67730 31.46670 32.88040 37.05110 37.00870 41.83910 41.85130 38.41190 41.42520 44.69380 43.65030 53.91480 54.75890 60.29880 44.09010 41.35930 38.96590 50.64480 52.14700 62.79640 67.25200 47.63920 -9999 23.69340 -9999
14.69530 10.00630 4.10176 2.67575 0.12999 0.04985 0.06956 0.05135 0.05349 0.00553 0.01964 0.00511 0.02998 0.90484 0.02906 0.37551 0.14234 13.90730 30.53220 49.74640 52.76080 29.26300 24.74860 27.54640 13.36430 15.39850 37.47360 53.07380 51.33480 51.80140 47.34960 50.40160 50.21250 52.38360 49.48200 44.52060 42.46160 31.47270 35.18340 25.79220 28.61050 29.46850 32.35430 34.52410 30.21560 29.01220 25.47230 28.12210 25.83420 25.59850 26.03050 26.44620 25.50360 23.04090 25.85820 34.60420 36.84850 28.34070 33.04520 48.72730 49.05480 38.68320 47.01950 61.08080 60.37960 63.71780 65.08200 70.56600 74.71100 49.35240 -9999 -9999
17.50660 13.32890 11.82710 6.53020 2.59291 6.06258 3.95699 2.44558 0.99438 1.76619 1.19268 2.38321 1.89516 1.11554 1.90939 25.25220 37.12910 25.83830 46.49130 29.19250 38.67980 19.06620 24.34410 27.42830 26.28370 38.52240 39.67640 43.39250 63.64360 51.84140 32.84430 38.01120 39.18300 37.32080 33.83100 40.52110 48.70110 32.95570 29.45050 46.85960 50.34250 36.78250 39.61710 40.52240 32.08170 30.56370 24.96860 32.08570 33.94120 29.83870 24.50880 23.40330 22.60060 22.01520 23.60440 27.01490 26.97660 22.59750 24.80360 29.87840 35.94420 34.38690 36.12740 49.81510 57.90100 70.05480 70.27610 79.15640 100.39400 68.03600 54.95310 -9999
17.90590 10.36820 7.44603 6.22722 4.74130 1.86126 1.32931 1.87394 1.99263 1.87333 2.21183 2.22239 4.07050 5.04444 5.43780 13.26610 9.90375 0.12951 0.44101 6.89988 4.02103 5.11902 22.36260 26.58120 29.58520 24.28530 29.36990 30.32590 44.21300 39.28400 24.04160 15.96570 15.72000 15.59650 17.61610 19.49230 20.83250 24.61980 20.27340 22.48180 22.43130 24.45850 24.59070 27.21490 28.50240 29.77710 30.19280 40.61460 27.97170 24.56400 24.76420 28.53740 32.63440 26.42780 22.43370 23.45590 22.15910 19.44860 21.66180 24.48400 26.46440 29.04510 31.27020 36.24420 57.53270 53.91100 59.48160 76.83900 78.17780 82.66860 86.37440 68.33770
4.02904 2.56771 2.56921 2.12249 2.49396 2.14007 2.04755 2.16896 2.28444 2.60666 3.40767 4.63323 3.58186 3.74221 3.71767 12.81800 14.89610 0.01382 0.00154 0.00073 0.02087 0.57824 17.17920 21.55360 29.41660 21.16550 25.75020 21.35560 20.82470 25.47560 17.54580 13.71080 11.08580 8.18084 7.12606 8.23703 8.67589 9.03672 11.69020 15.50360 15.53110 16.72570 14.81790 17.24490 19.41760 24.58370 24.71350 23.18040 21.55210 18.38650 19.57360 25.80950 21.22010 20.39110 21.08910 22.90180 21.00400 23.17720 20.35830 20.77340 21.81810 22.97770 22.48720 31.54680 52.09970 42.64600 39.92090 66.71180 61.48970 50.26180 49.31850 37.35550
6.84248 7.65462 7.74903 10.21100 11.86820 11.47300 10.84950 1.67246 2.31360 5.24345 3.81624 7.11768 6.41427 11.50030 7.51423 16.94160 28.18970 0.00517 0.00047 0.00032 0.00873 0.00221 7.18576 11.79260 16.93810 15.35620 16.76230 19.02350 13.58670 12.81410 15.72380 17.53570 14.30110 16.21570 20.04300 20.30860 13.86930 18.83260 13.29760 12.51890 12.55490 14.11800 16.05870 20.03060 28.27090 32.73230 34.43000 27.56590 24.20540 26.27440 25.67730 22.28950 25.32940 22.60770 21.48110 17.62500 17.59850 20.18100 17.26650 21.88400 21.10280 21.72470 25.26800 39.78950 40.65190 38.60520 37.59160 43.50010 44.94620 37.42880 36.51700 34.01450
7.15704 4.77216 5.53282 7.50090 7.57199 9.18006 4.45367 2.24197 2.18873 0.26052 0.71569 0.48779 0.19149 11.98450 9.36448 21.14150 34.64150 1.35145 0.00012 0.01384 0.17556 0.06355 0.11296 2.45910 4.35686 8.75324 12.60140 15.87660 13.83820 16.36420 17.18500 17.80990 18.15290 19.42650 24.68950 20.29020 18.40200 27.66920 29.34020 35.65260 54.13330 50.11020 51.06060 33.09480 21.35080 32.93370 36.95920 23.45500 18.44690 21.34590 16.65910 18.08030 19.14710 16.52430 20.03960 16.98840 20.64760 24.46040 18.15770 19.88820 26.89330 26.90340 31.70430 35.42050 35.47680 30.70180 26.19480 30.14930 34.03600 34.16170 34.78620 27.33000
5.79170 4.83081 4.43489 4.07922 4.93458 7.69859 8.97819 5.30926 1.02422 0.54934 0.54855 0.35911 0.23077 0.05692 0.00256 0.01111 47.34880 61.97620 0.46047 0.30452 0.32243 0.00009 0.00054 0.00301 0.05014 0.79811 2.36057 1.70675 4.70403 6.04748 9.34895 5.79171 11.01490 16.29830 17.43260 25.87280 30.90290 54.84260 64.90640 70.05020 78.57720 113.75800 153.17400 135.36301 62.14410 43.01520 19.42490 16.42890 13.11690 16.46140 18.78930 14.08070 15.74300 16.19560 17.39460 15.83080 16.58760 18.66860 24.01310 31.68550 27.24410 22.85600 19.30530 20.70430 18.22290 23.91030 21.25590 22.85420 21.78260 24.58980 28.70190 25.82430
4.34940 5.96222 5.54924 6.34555 5.09829 4.99265 4.62289 6.19417 7.85838 5.34987 5.22938 1.52776 0.17241 0.03534 0.00583 0.15745 1.17657 0.78229 14.61480 0.00098 1.03168 0.03716 0.37186 0.00829 0.00166 0.65911 4.44529 4.49818 8.22212 2.19918 4.96617 1.37740 5.74812 14.59270 16.90200 25.14640 35.49570 41.80270 68.55350 66.87980 98.11440 101.79300 126.19900 128.51500 79.81020 36.12010 38.39570 29.27680 16.61950 12.59880 24.96120 24.25360 14.61280 16.04950 16.15750 14.92190 15.82680 16.53880 19.51810 19.80050 16.86840 17.62410 20.03380 18.90240 17.82230 22.75590 18.22960 19.98140 22.06600 19.65860 21.15740 21.80900
13.47330 10.63070 28.93180 61.03580 85.44780 76.08770 52.55380 25.11110 36.34480 27.48660 7.49106 4.95808 3.40097 2.06711 1.07190 6.54468 0.54013 3.36509 1.34155 1.88431 7.16701 3.84570 6.69644 16.20370 17.01650 21.11000 32.96270 30.33530 14.91410 11.94550 13.86790 16.20060 22.09790 14.02090 21.94470 36.90040 59.70720 89.19450 111.50700 69.21080 70.67120 148.16100 124.96500 77.58450 97.04120 51.81250 16.41000 34.91010 26.19780 13.73900 11.68170 14.53480 14.47170 14.96820 14.02630 13.98460 14.02520 14.70550 16.77430 18.44580 19.87090 18.04480 15.64490 16.66320 16.65250 16.62280 16.60530 12.66800 14.38350 16.89790 15.48610 17.80130
35.93360 30.31690 23.30980 22.85220 42.21830 76.57480 100.05600 41.92730 99.02150 98.20600 86.56620 60.79480 13.71160 1.45650 1.07640 45.00350 50.10880 37.31140 43.02090 22.08000 32.39130 3.73270 7.47902 10.50030 23.44020 19.01730 24.13780 18.69460 3.34228 1.04215 3.17142 1.12033 6.61767 18.97440 37.84540 51.95840 73.43040 101.57700 146.63200 70.48480 69.86490 127.54300 167.73801 168.25900 140.79201 51.84760 22.31540 30.31940 29.18140 26.39390 15.77660 12.96650 12.56680 10.71300 13.34980 13.26790 13.47330 14.01940 15.24360 15.44540 14.34310 13.83130 13.93250 14.70210 15.44400 15.48390 14.62400 14.65810 15.17030 17.35820 16.35540 18.52180
26.16890 14.16190 16.60410 50.96390 17.44920 11.66080 10.54720 9.65616 9.84698 14.03840 25.13640 18.86380 29.87170 16.61430 1.04703 35.10920 54.65000 80.01080 100.93000 61.02440 27.35830 0.03977 0.00189 5.93437 11.49760 7.91247 14.00840 14.79860 3.89313 1.62020 0.09431 0.06292 1.68497 17.78190 33.81150 61.44990 94.35280 117.72500 150.18700 70.80580 70.47080 154.64301 167.64500 247.19901 271.45099 145.53300 153.59801 60.43990 40.95210 37.88020 16.08150 14.76930 8.71332 10.03840 12.92240 11.75030 11.71150 9.14138 9.06206 9.24387 9.49621 9.78340 14.11480 14.51480 15.36610 15.31240 13.84050 13.85780 13.77120 14.73440 17.05350 18.12460
69.73220 129.96201 98.04720 57.01610 23.95290 6.48589 5.64501 4.38467 4.23081 37.68120 97.61710 99.96060 118.29600 85.39670 33.87250 51.28750 67.35670 68.20920 166.64600 138.34599 55.71190 13.53560 1.80961 1.00334 0.09058 1.50957 7.36821 3.67757 0.25072 0.40254 0.05000 0.27176 3.78493 26.17380 40.05180 61.93170 93.61630 135.62700 164.54500 185.45700 71.71920 130.82899 227.84700 186.80901 187.81500 203.12900 176.30901 81.55320 37.50950 28.39890 31.60880 14.68600 7.75094 11.25910 11.89840 11.15460 11.93910 15.23320 20.24110 20.92310 20.19920 16.30030 12.25110 14.33170 14.03820 15.02880 14.20000 13.55320 13.21970 15.78530 15.73530 17.08940
20.24020 23.84710 19.12490 51.78870 124.98100 81.79090 23.39720 9.10663 5.53762 24.44550 54.02310 87.98960 311.40500 87.61150 88.00680 179.04500 183.94099 181.41499 275.55499 213.02499 84.06560 25.10180 9.09211 13.03180 20.32130 4.47659 8.29500 2.13098 0.27936 0.19112 0.08529 1.65630 8.98673 23.11810 43.72620 60.83700 84.44660 97.19760 59.95940 60.09460 60.67780 118.56300 142.27800 187.60699 141.38600 91.88330 53.44430 41.63730 38.73220 20.65240 26.55580 16.69120 9.40337 10.28630 10.68020 8.93130 8.90658 9.88828 10.36660 11.22450 11.49870 11.59600 11.51880 11.51440 11.99250 12.50990 13.41360 13.28060 12.29100 12.54620 16.99870 10.97110
13.51790 106.91400 647.70398 -9999 810.60101 701.52802 554.99597 510.70599 62.37630 77.08610 66.37670 62.54220 58.53230 33.53070 77.00830 82.23330 76.81860 240.33000 206.24699 369.37500 272.65201 152.56599 105.54200 55.06520 39.77000 39.02170 35.20150 22.47050 7.06153 0.53205 1.47254 5.74490 17.53610 37.78880 52.58420 73.50000 63.09030 56.85140 59.24070 57.76790 57.70040 107.63800 147.66499 128.05701 98.71280 66.44030 59.65970 44.77380 35.51330 37.10140 28.29750 12.06910 8.03280 8.64865 8.67846 8.90296 9.05397 9.66419 9.48070 9.75495 9.83959 10.38770 10.78130 10.90430 10.84570 11.26300 11.67650 11.56960 15.97920 16.18430 14.86980 10.90630
