data/hydroclimate-scenarios/BCSD_hadcm_A1B/monthly_summaries/baseflow_monthly_tot_jul.2030-2059.asc
ncols	311
nrows	91
xllcenter	102.75
yllcenter	31.75
cellsize	0.5
NODATA_value	-9999
[rows 0 to 31 of 91, columns 0 to 72 of 311]
-9999 -9999 -9999 -9999 -9999 -9999 -9999 -9999 -9999 -9999 -9999 -9999 -9999 -9999 -9999 -9999 -9999 -9999 -9999 -9999 -9999 -9999 -9999 -9999 -9999 -9999 -9999 -9999 -9999 -9999 -9999 -9999 -9999 -9999 -9999 -9999 -9999 -9999 -9999 -9999 -9999 -9999 -9999 -9999 -9999 -9999 -9999 -9999 -9999 -9999 -9999 -9999 -9999 -9999 -9999 -9999 -9999 -9999 -9999 -9999 -9999 -9999 -9999 -9999 -9999 -9999 -9999 -9999 -9999 -9999 -9999 -9999 -9999
-9999 -9999 -9999 -9999 -9999 -9999 -9999 -9999 -9999 -9999 -9999 -9999 -9999 -9999 -9999 -9999 -9999 -9999 -9999 -9999 -9999 -9999 -9999 -9999 -9999 -9999 -9999 -9999 -9999 -9999 -9999 -9999 -9999 -9999 -9999 -9999 -9999 -9999 -9999 -9999 -9999 -9999 -9999 -9999 -9999 -9999 -9999 -9999 -9999 -9999 -9999 -9999 -9999 -9999 -9999 -9999 -9999 -9999 -9999 -9999 -9999 -9999 -9999 -9999 -9999 -9999 -9999 -9999 -9999 -9999 -9999 -9999 -9999
-9999 -9999 -9999 -9999 -9999 -9999 -9999 -9999 -9999 -9999 -9999 -9999 -9999 -9999 -9999 -9999 -9999 -9999 -9999 -9999 -9999 -9999 -9999 -9999 -9999 -9999 -9999 -9999 -9999 -9999 -9999 -9999 -9999 -9999 -9999 -9999 -9999 -9999 -9999 -9999 -9999 -9999 -9999 -9999 -9999 -9999 -9999 -9999 -9999 -9999 -9999 -9999 -9999 -9999 -9999 -9999 -9999 -9999 -9999 -9999 -9999 -9999 -9999 -9999 -9999 -9999 -9999 -9999 -9999 -9999 -9999 -9999 -9999
-9999 -9999 -9999 -9999 -9999 -9999 -9999 -9999 -9999 -9999 -9999 -9999 -9999 -9999 -9999 -9999 -9999 -9999 -9999 -9999 -9999 -9999 -9999 -9999 -9999 -9999 -9999 -9999 -9999 -9999 -9999 -9999 -9999 -9999 -9999 -9999 -9999 -9999 -9999 -9999 -9999 -9999 -9999 -9999 -9999 -9999 -9999 -9999 -9999 -9999 -9999 -9999 -9999 -9999 -9999 -9999 -9999 -9999 -9999 -9999 -9999 -9999 -9999 -9999 -9999 -9999 -9999 -9999 -9999 -9999 -9999 -9999 -9999
-9999 -9999 -9999 -9999 -9999 -9999 -9999 -9999 -9999 -9999 -9999 -9999 -9999 -9999 -9999 -9999 -9999 -9999 -9999 -9999 -9999 -9999 -9999 -9999 -9999 -9999 -9999 -9999 -9999 -9999 -9999 -9999 -9999 -9999 -9999 -9999 -9999 -9999 -9999 -9999 -9999 -9999 -9999 -9999 -9999 -9999 -9999 -9999 -9999 -9999 -9999 -9999 -9999 -9999 -9999 -9999 -9999 -9999 -9999 -9999 -9999 -9999 -9999 -9999 -9999 -9999 -9999 -9999 -9999 -9999 -9999 -9999 -9999
-9999 -9999 -9999 -9999 -9999 -9999 -9999 -9999 -9999 -9999 -9999 -9999 -9999 -9999 -9999 -9999 -9999 -9999 -9999 -9999 -9999 -9999 -9999 -9999 -9999 -9999 -9999 -9999 -9999 -9999 -9999 -9999 -9999 -9999 -9999 -9999 -9999 -9999 -9999 -9999 -9999 -9999 -9999 -9999 -9999 -9999 -9999 -9999 -9999 -9999 -9999 -9999 -9999 -9999 -9999 -9999 -9999 -9999 -9999 -9999 -9999 -9999 -9999 -9999 -9999 -9999 -9999 -9999 -9999 -9999 -9999 -9999 -9999
-9999 -9999 -9999 -9999 -9999 -9999 -9999 -9999 -9999 -9999 -9999 -9999 -9999 -9999 -9999 -9999 -9999 -9999 -9999 -9999 -9999 -9999 -9999 -9999 -9999 -9999 -9999 -9999 -9999 -9999 -9999 -9999 -9999 -9999 -9999 -9999 -9999 -9999 -9999 -9999 -9999 -9999 -9999 -9999 -9999 -9999 -9999 -9999 -9999 -9999 -9999 -9999 -9999 -9999 -9999 -9999 -9999 -9999 -9999 -9999 -9999 -9999 -9999 -9999 -9999 -9999 -9999 -9999 -9999 -9999 -9999 -9999 -9999
-9999 -9999 -9999 -9999 -9999 -9999 -9999 -9999 -9999 -9999 -9999 -9999 -9999 -9999 -9999 -9999 -9999 -9999 -9999 -9999 -9999 -9999 -9999 -9999 -9999 -9999 -9999 -9999 -9999 -9999 -9999 -9999 -9999 -9999 -9999 -9999 -9999 -9999 -9999 -9999 -9999 -9999 1.75836 1.93008 1.78692 1.63068 1.52495 1.46394 1.27667 1.11484 1.08492 3.48485 -9999 -9999 -9999 -9999 -9999 -9999 -9999 -9999 -9999 -9999 -9999 -9999 -9999 -9999 -9999 -9999 -9999 -9999 -9999 -9999 -9999
-9999 -9999 -9999 -9999 -9999 -9999 -9999 -9999 -9999 -9999 -9999 -9999 -9999 -9999 -9999 -9999 -9999 -9999 -9999 -9999 -9999 -9999 -9999 -9999 -9999 -9999 -9999 -9999 -9999 -9999 -9999 -9999 -9999 -9999 -9999 -9999 -9999 -9999 1.71149 3.26521 2.22794 1.74954 1.78098 1.93151 1.74561 1.77267 1.70754 1.60277 1.32770 1.14023 0.83015 3.92157 3.54598 3.16558 -9999 -9999 -9999 -9999 -9999 -9999 -9999 -9999 -9999 -9999 -9999 -9999 -9999 -9999 -9999 -9999 -9999 -9999 -9999
-9999 -9999 -9999 -9999 -9999 -9999 -9999 -9999 -9999 -9999 -9999 -9999 -9999 -9999 -9999 -9999 -9999 -9999 -9999 -9999 -9999 -9999 -9999 -9999 -9999 -9999 -9999 -9999 -9999 -9999 -9999 -9999 -9999 -9999 -9999 -9999 -9999 -9999 -9999 -9999 1.53327 1.57894 1.89597 2.24566 2.01816 1.86762 1.67966 1.22181 1.66105 1.55562 1.43843 3.55505 3.22293 2.25967 -9999 -9999 -9999 -9999 -9999 -9999 -9999 -9999 -9999 -9999 -9999 -9999 -9999 -9999 -9999 -9999 -9999 -9999 -9999
-9999 -9999 -9999 -9999 -9999 -9999 -9999 -9999 -9999 -9999 -9999 -9999 -9999 -9999 -9999 -9999 -9999 -9999 -9999 -9999 -9999 -9999 -9999 -9999 -9999 -9999 -9999 -9999 -9999 -9999 -9999 -9999 -9999 -9999 -9999 -9999 -9999 -9999 -9999 -9999 -9999 -9999 -9999 -9999 2.20150 2.21868 2.83728 2.41976 1.83578 1.82591 1.67985 4.75848 1.90843 2.04542 -9999 -9999 -9999 -9999 -9999 -9999 0.80634 -9999 -9999 -9999 -9999 -9999 -9999 -9999 -9999 -9999 -9999 -9999 -9999
-9999 -9999 -9999 -9999 -9999 -9999 -9999 -9999 -9999 -9999 -9999 -9999 -9999 -9999 -9999 -9999 -9999 -9999 -9999 -9999 -9999 -9999 -9999 -9999 -9999 -9999 -9999 -9999 -9999 -9999 -9999 -9999 -9999 -9999 -9999 -9999 -9999 -9999 -9999 -9999 -9999 2.29054 2.19456 2.83143 2.69404 1.94495 2.30673 2.65590 2.18369 1.89120 2.78595 4.36795 1.57146 2.37170 -9999 -9999 -9999 -9999 -9999 0.59040 0.47516 0.35125 0.27346 0.17977 0.16687 0.19870 0.19117 0.27369 0.18554 0.16498 0.17411 0.14715 0.17397
-9999 -9999 -9999 -9999 -9999 -9999 -9999 -9999 -9999 -9999 -9999 -9999 -9999 -9999 -9999 -9999 -9999 -9999 -9999 -9999 -9999 -9999 -9999 -9999 -9999 -9999 -9999 -9999 -9999 -9999 -9999 -9999 -9999 -9999 -9999 -9999 -9999 -9999 -9999 -9999 -9999 1.74901 2.03699 2.91225 2.22295 2.08212 1.82532 2.11960 2.19096 1.93679 1.85769 5.70892 3.58280 3.59348 2.32775 4.60387 2.99236 -9999 1.45276 0.55793 0.42279 0.32639 0.24098 0.27409 0.28080 0.26621 0.22154 0.39593 0.33617 0.27485 0.22355 0.34866 0.40363
-9999 -9999 -9999 -9999 -9999 -9999 -9999 -9999 -9999 -9999 -9999 -9999 -9999 -9999 -9999 -9999 -9999 -9999 -9999 -9999 -9999 -9999 -9999 -9999 -9999 -9999 -9999 -9999 -9999 -9999 -9999 -9999 -9999 -9999 -9999 1.77489 1.51507 1.96435 1.98148 1.34502 1.22348 1.00579 1.31015 1.92789 1.78557 1.35302 1.53837 1.55915 1.64331 2.15082 2.53319 6.06475 8.62275 5.92587 2.95610 5.63727 3.64419 1.68261 1.13037 0.39716 0.25380 0.17150 0.20395 0.50920 0.30434 0.24293 0.20492 0.25208 0.29227 0.04242 0.04879 0.04814 0.06182
-9999 -9999 -9999 -9999 -9999 -9999 -9999 -9999 -9999 -9999 -9999 -9999 -9999 -9999 -9999 -9999 -9999 -9999 -9999 -9999 -9999 -9999 -9999 -9999 -9999 -9999 -9999 -9999 -9999 -9999 -9999 -9999 -9999 -9999 1.21564 1.27808 1.55918 1.53327 1.88072 1.58324 1.42016 1.12319 1.01106 1.23794 1.38678 1.13909 1.09647 1.12192 1.97910 2.69578 3.82813 4.80123 8.28757 6.41784 4.95786 6.14750 2.61467 1.35922 0.81732 0.59307 0.57153 0.70803 0.63716 0.98227 0.46794 0.34533 0.24243 0.42702 0.87867 0.70101 1.05715 0.81173 1.25274
-9999 -9999 -9999 -9999 -9999 -9999 -9999 -9999 -9999 -9999 -9999 -9999 -9999 -9999 -9999 -9999 -9999 -9999 -9999 -9999 -9999 -9999 -9999 -9999 -9999 -9999 -9999 -9999 -9999 -9999 -9999 -9999 -9999 1.23444 1.27500 1.03890 1.06710 1.08642 1.24355 0.98571 1.01503 1.00999 1.47191 1.41890 1.01301 0.95522 1.12302 1.17122 2.75958 4.42853 6.76477 10.63260 10.36710 7.19761 2.97779 5.00086 3.78683 1.09922 0.68965 0.69929 0.67694 0.36367 0.29712 0.27118 0.34663 0.32022 0.29286 0.48026 0.65415 0.48477 0.33371 0.72183 0.82062
-9999 -9999 -9999 -9999 -9999 -9999 -9999 -9999 -9999 -9999 -9999 -9999 -9999 -9999 -9999 -9999 -9999 -9999 -9999 -9999 -9999 -9999 -9999 -9999 -9999 -9999 -9999 -9999 -9999 -9999 -9999 1.03363 0.71145 0.74052 0.74275 0.84012 0.83278 0.84415 0.85425 0.78670 0.94331 0.72767 0.93945 0.91942 0.92011 0.98511 0.94015 0.84823 1.39946 1.93826 4.00911 10.02630 11.31880 6.98579 4.51309 5.28254 2.46175 1.92838 2.13578 0.74851 0.53414 0.29457 0.22067 0.16955 0.22114 0.35233 0.33737 0.20610 0.19090 0.40423 0.93476 1.51955 0.20150
-9999 -9999 -9999 -9999 -9999 -9999 -9999 -9999 -9999 -9999 -9999 -9999 -9999 -9999 -9999 -9999 -9999 -9999 -9999 -9999 -9999 -9999 -9999 -9999 -9999 -9999 -9999 -9999 -9999 0.48661 0.32528 0.65842 0.83396 0.76722 0.71036 0.76139 0.71209 0.63904 0.71188 0.62821 0.50696 0.84965 0.54120 0.63728 0.69795 1.06156 1.14252 0.98397 2.58416 3.10100 4.06631 11.44840 10.23210 5.94439 6.17584 6.30682 2.27576 2.00114 0.85379 0.16047 0.24838 0.14709 0.11720 0.16492 0.17465 0.20535 0.41529 0.73783 0.80275 0.75911 0.51098 1.80618 6.48586
-9999 -9999 -9999 -9999 -9999 -9999 -9999 -9999 -9999 -9999 -9999 -9999 -9999 -9999 -9999 -9999 -9999 -9999 -9999 -9999 -9999 -9999 -9999 -9999 0.67994 0.64654 0.50928 0.42952 0.44781 0.42215 0.45113 0.32451 0.40385 0.40491 0.42085 0.37103 0.36129 0.51043 0.46355 0.57020 0.47593 0.61927 0.36619 0.45540 0.40330 0.52386 0.60668 1.12179 2.56085 4.38311 4.39617 18.96240 14.15610 7.01442 3.77472 3.39214 1.84198 0.94058 0.66687 0.35070 0.25454 0.18972 0.13355 0.08537 0.10110 0.17924 0.19356 0.14550 0.21086 0.33024 2.28678 2.16720 5.85794
-9999 -9999 -9999 -9999 -9999 -9999 2.91802 3.46414 3.77248 3.69230 3.03497 -9999 -9999 -9999 -9999 -9999 -9999 -9999 -9999 -9999 -9999 0.99955 1.43564 0.76837 0.65098 0.72524 0.61945 0.60022 0.55878 0.44616 0.38657 0.35506 0.39629 0.35505 0.41768 0.37077 0.43637 0.43666 0.39257 0.47282 0.42953 0.40834 0.70342 0.41530 0.38333 0.46050 0.48492 0.68326 1.90358 4.15244 7.50393 13.58720 13.10530 6.71859 2.51893 2.25652 1.75340 0.74380 0.43356 0.28785 0.22354 0.15610 0.18362 0.20843 0.32058 0.13089 0.09438 0.10886 0.12387 0.09850 0.30606 1.07129 3.72635
-9999 -9999 -9999 -9999 -9999 2.66461 3.07453 5.15313 3.28220 3.89601 3.53719 4.34547 3.75193 3.86416 -9999 -9999 -9999 1.51009 1.40149 1.38715 1.22080 1.55185 1.46883 0.68787 1.09386 0.55878 0.40098 0.33773 0.32129 0.30073 0.31147 0.31398 0.32608 0.30154 0.24254 0.28708 0.36868 0.37138 0.31654 0.32480 0.32917 0.39261 0.72966 0.71455 0.37825 0.36622 0.68134 1.49337 2.06416 3.24140 4.12485 6.51579 5.64272 2.39788 1.41342 2.14526 1.46176 0.54594 0.15695 0.26145 0.12432 0.08937 0.20283 0.08293 0.42994 0.78424 0.42635 0.29172 0.16425 0.27833 0.50045 1.35960 2.38128
-9999 5.38323 7.32542 3.10572 3.33674 2.65118 3.05840 3.40186 3.81326 3.11206 3.71130 3.74355 4.13319 3.33742 2.78999 1.63611 1.02290 1.38361 1.63714 0.96907 0.87492 1.07518 1.01589 0.56197 0.39953 0.46200 0.43184 0.41809 0.38755 0.27010 0.19306 0.16463 0.14241 0.13955 0.15894 0.22420 0.22531 0.23915 0.18877 0.19853 0.19757 0.24370 0.50436 0.50057 0.31665 0.37445 0.42739 0.69211 1.06765 1.54123 2.11846 7.54338 5.37683 7.32387 3.73608 3.36756 1.86370 0.31542 0.26439 0.40613 0.08569 0.27806 0.31634 0.27034 0.64308 0.59465 0.25856 0.49703 0.19274 0.56124 2.16454 4.43642 4.39374
-9999 6.29832 5.76505 3.09681 2.97103 2.56253 1.69940 1.17058 0.97578 1.27375 1.78594 2.10237 2.47764 1.75511 1.75899 1.79087 2.33961 1.83678 1.55304 1.35439 1.31192 1.07945 1.04112 0.64393 0.55288 0.39888 0.39406 0.34784 0.33997 0.32330 0.21833 0.20201 0.16316 0.13436 0.15332 0.22658 0.24607 0.22922 0.21216 0.10109 0.11303 0.10409 0.07552 0.88487 0.72576 0.08866 0.13928 0.55378 1.11586 1.84418 2.36153 3.24267 4.12483 9.17971 7.79418 2.86859 1.21431 0.70145 0.46610 0.19957 0.28470 0.25428 0.30269 0.22044 0.41041 0.49056 0.58408 0.64799 0.56338 0.71031 0.81730 2.13586 4.93926
-9999 -9999 -9999 3.71006 4.39083 3.54523 2.84612 1.86018 1.64033 1.70932 1.89652 1.58166 1.52891 1.26183 1.26316 1.50043 1.86943 1.25999 1.29083 1.40414 1.70491 1.55441 1.61696 0.85107 0.58696 0.39460 0.33365 0.23908 0.17977 0.16619 0.12349 0.11842 0.11364 0.08878 0.10151 0.34284 0.15243 0.19798 0.15516 0.06457 0.09588 0.68157 0.25682 0.45224 1.08005 0.42581 0.70812 0.63094 0.77310 0.93760 1.57695 1.92672 3.76116 6.87670 4.36911 4.39165 1.90202 1.43233 1.78601 0.52926 0.48659 0.85237 1.42132 0.69320 0.43865 0.30883 0.20210 0.35376 1.05753 1.65883 1.75558 2.02730 2.54000
-9999 -9999 -9999 -9999 -9999 -9999 1.86280 1.70796 1.72817 1.30852 1.23544 1.13108 1.07632 0.93640 0.70582 0.92713 0.94944 0.92804 0.59861 0.79158 1.04460 1.18465 0.89911 0.59339 0.44872 0.32992 0.23762 0.16362 0.43302 0.08614 0.10660 0.09971 0.27588 0.26551 0.21672 0.23490 0.24093 0.26117 0.17919 0.14466 0.15639 0.24275 0.30301 0.17024 0.16524 0.22618 0.97146 2.30236 2.57486 2.41022 4.30115 4.33096 4.97553 1.44841 2.64646 4.56591 1.73100 3.43529 4.13175 2.84632 1.90158 2.95006 2.26886 1.29262 1.57337 1.87913 0.43060 0.89255 2.11897 2.42406 3.65546 2.35921 2.11069
-9999 -9999 -9999 -9999 -9999 -9999 1.10646 1.08066 0.79070 1.12086 0.89821 0.78782 0.68031 0.50554 0.44838 0.70713 0.60847 0.79980 0.82098 1.13613 1.09776 0.96859 0.88032 0.51089 0.39948 0.23337 0.13436 0.06000 0.14401 0.11514 0.22431 0.19296 0.18300 0.13786 0.13484 0.13469 0.17943 0.20769 0.23112 0.17837 0.13672 0.18178 0.17502 0.17869 0.19060 0.30012 0.40278 0.39488 0.60317 1.09551 2.16923 1.17597 1.37073 1.76725 1.43538 0.74008 0.87372 2.28936 2.00098 2.01162 3.78169 3.84479 3.20402 1.89566 1.76026 0.76373 0.52558 0.72293 1.02815 1.55868 3.69196 3.06981 3.34851
-9999 -9999 -9999 -9999 -9999 -9999 -9999 -9999 -9999 -9999 0.43350 0.72128 0.63008 0.28653 0.36111 0.51121 0.76183 0.98078 0.71918 0.63343 0.65982 0.56316 0.54527 0.28373 0.19770 0.16488 0.07575 0.02224 0.01400 0.22549 0.17168 0.15556 0.16839 0.11107 0.07209 0.09038 0.07873 0.08814 0.09544 0.14328 0.56898 0.37568 0.03111 0.33391 0.35466 0.51285 0.67016 0.54448 0.35802 0.12884 0.13213 0.14922 0.16224 0.25440 0.23929 0.84596 1.02301 0.37934 0.47355 0.61098 0.23764 0.51722 0.53489 0.49427 0.60231 0.13435 0.12360 0.20423 0.34510 0.41661 1.02786 5.54840 7.26037
-9999 -9999 -9999 -9999 -9999 -9999 -9999 -9999 -9999 -9999 0.16239 0.15592 0.28858 0.19994 0.25102 0.40005 0.54165 0.58609 0.73546 0.76994 0.65383 0.52329 0.45463 0.21484 0.14939 0.05375 0.02614 0.02039 0.01158 0.17053 0.18537 0.15878 0.20416 0.16103 0.23981 0.22697 0.20151 0.01717 0.02609 0.04072 0.05035 0.04206 0.05028 0.04519 0.03415 0.08679 0.11503 0.11184 0.07769 0.21043 0.10307 0.10516 0.08550 0.09640 0.17471 0.14690 0.15283 0.13898 0.11235 0.08890 0.08526 0.08373 0.09011 0.35055 0.31418 0.23349 0.20398 0.08914 0.11501 0.39516 1.28677 2.86379 4.83043
-9999 -9999 -9999 -9999 -9999 -9999 -9999 -9999 -9999 -9999 -9999 -9999 0.13439 0.25727 0.35889 0.35004 0.34584 0.34331 0.51325 0.38628 0.38669 0.47119 0.38658 0.09317 0.06353 0.02229 0.01516 0.01319 0.00890 0.00678 0.16603 0.19427 0.19486 0.00779 0.00893 0.01067 0.01294 0.01904 0.02581 0.09036 0.14063 0.16837 0.29628 0.32988 0.31460 0.27638 0.33358 0.04795 0.04316 0.02196 0.31132 0.25975 0.17598 0.24997 0.19698 0.13088 0.08363 0.10052 0.09571 0.08979 0.08747 0.07539 0.10893 0.30064 0.15653 0.09827 0.24529 0.07041 0.12403 0.23092 1.14292 5.18441 5.29206
-9999 -9999 -9999 -9999 -9999 -9999 -9999 -9999 -9999 -9999 -9999 -9999 0.09275 0.14797 0.22610 0.21571 0.18581 0.23672 0.49466 0.44870 0.45260 0.53674 0.48731 0.09699 0.09927 0.03365 0.01648 0.01169 0.00795 0.00659 0.00658 0.01579 0.00988 0.00667 0.01341 0.01330 0.02330 0.04925 0.06158 0.13367 0.16102 0.17487 0.25056 0.32862 0.29589 0.74840 0.83083 0.43052 0.21638 0.20815 0.38540 0.28315 0.24102 0.20485 0.21148 0.07948 0.08655 0.09566 0.09228 0.08995 0.11432 0.13989 0.14175 0.10890 0.11432 0.25311 0.28672 0.40678 0.40281 1.13153 1.43935 2.72676 4.63542
-9999 -9999 -9999 -9999 -9999 -9999 -9999 -9999 -9999 -9999 -9999 0.07483 0.12337 0.09238 0.10799 0.12149 0.12885 0.22788 0.27233 0.25025 0.09814 0.20352 0.09293 0.18580 0.18522 0.06208 0.05510 0.01194 0.00553 0.00422 0.00359 0.02642 0.01901 0.00581 0.00723 0.00687 0.01342 0.01824 0.03800 0.28848 0.28949 0.08908 0.09757 0.06833 0.05356 0.02803 0.02595 0.23906 0.21627 0.15092 0.15377 0.17388 0.15442 0.13170 0.09903 0.08118 0.07926 0.09150 0.09009 0.16476 0.17154 0.10914 0.11905 0.10331 0.10693 0.18085 0.24571 0.29810 0.55381 0.99001 3.43947 5.35357 3.76399
-9999 -9999 -9999 -9999 -9999 -9999 -9999 -9999 -9999 -9999 -9999 0.04663 0.06357 0.07551 0.07288 0.08470 0.10953 0.15008 0.14554 0.16049 0.09161 0.15648 0.07591 0.12795 0.10337 0.03059 0.03280 0.01734 0.01077 0.00762 0.00647 0.03329 0.01708 0.00644 0.00667 0.00508 0.00667 0.00838 0.03528 0.12347 0.19545 0.06835 0.37246 0.39812 0.37639 0.28724 0.26532 0.14992 0.01780 0.01098 0.01345 0.02048 0.01968 0.01740 0.01333 0.08535 0.08546 0.14777 0.15172 0.15371 0.11362 0.12500 0.12435 0.12543 0.17910 0.44301 0.29326 0.33872 0.96401 2.43830 2.12037 3.19428 3.82788
