data/hydroclimate-scenarios/BCSD_hadcm_A1B/monthly_summaries/baseflow_monthly_tot_dec.2070-2099.asc
ncols	311
nrows	91
xllcenter	102.75
yllcenter	31.75
cellsize	0.5
NODATA_value	-9999
[rows 32 to 63 of 91, columns 0 to 72 of 311]
-9999 -9999 -9999 -9999 -9999 -9999 -9999 -9999 -9999 -9999 -9999 0.26621 0.33151 1.57718 1.15905 1.04369 1.21353 1.43056 2.32851 3.69270 3.80735 3.91486 4.42044 4.10192 7.73235 7.03402 6.83495 6.95695 6.43409 2.12454 1.68321 1.16880 1.25218 1.46778 1.75413 1.74473 2.10535 1.98244 2.36380 2.83822 2.61210 2.09720 2.64963 2.62965 2.41285 2.33887 2.22678 2.00613 1.81292 1.75506 1.53011 1.55342 1.34067 3.17777 3.22345 3.22575 3.56888 3.51521 2.82106 1.41970 1.57238 1.61809 2.95711 3.57100 4.07885 3.46386 3.60658 4.61158 4.19128 4.12697 3.04347 3.99608 4.10285
-9999 -9999 -9999 -9999 -9999 -9999 -9999 -9999 -9999 -9999 -9999 0.56346 0.57710 1.07467 1.00109 0.99371 1.08502 1.99118 2.54587 4.30132 4.51029 4.95397 8.05088 8.25692 7.40751 3.01309 3.36683 2.24429 1.65320 5.43401 5.06747 1.53429 1.96767 1.66688 2.36702 1.64209 4.33024 2.68240 4.02684 4.57360 2.93140 4.44368 3.18518 3.48880 3.78661 3.32633 3.12720 2.73561 2.43762 1.82577 1.64828 1.82064 1.57330 2.75985 1.42876 1.92498 1.99073 1.94054 2.11005 2.23889 2.08824 4.75320 4.44382 2.01198 5.49155 4.42301 4.09752 4.78320 4.45843 4.40629 2.96965 3.91581 3.76662
-9999 -9999 -9999 -9999 -9999 -9999 -9999 -9999 -9999 -9999 -9999 -9999 1.04177 1.48079 1.54980 1.32209 1.45181 2.98568 3.60097 4.97976 8.39055 5.12084 5.47347 3.41414 3.32683 2.94490 2.70099 1.48719 1.02381 1.13209 4.30672 4.72784 4.46962 4.57671 4.44863 4.52103 4.79680 2.89469 4.07791 3.71953 3.94961 4.56738 4.79318 3.24210 3.56331 3.72529 3.40859 3.48848 3.06649 2.90041 2.37006 2.12563 2.00761 1.58896 1.17075 1.22937 1.27335 3.05304 4.52956 4.63507 4.37204 2.87644 2.82649 4.12627 4.34206 6.32657 5.26286 4.46973 4.07331 4.50343 3.09461 3.89633 4.34218
-9999 -9999 -9999 -9999 -9999 -9999 -9999 -9999 -9999 -9999 -9999 -9999 1.02936 1.20218 1.70442 1.28847 1.92858 7.43521 7.83872 5.13000 4.82098 3.56386 2.62168 1.87120 1.29802 1.41007 0.81914 1.14340 0.95162 1.68936 1.49084 4.20588 4.73713 4.44813 5.08986 1.93250 1.51351 1.76366 1.89680 1.78651 4.78089 3.40034 3.33792 4.80185 4.28481 4.55948 4.61959 4.07674 3.00401 3.23221 2.64075 1.75721 1.29745 1.60814 1.45423 2.70530 4.37014 3.25517 1.49900 4.64875 4.08287 1.30969 1.19836 2.95280 4.80217 5.31213 5.26773 4.55475 4.66246 5.50047 5.76771 5.17938 5.79022
-9999 -9999 -9999 -9999 -9999 -9999 -9999 -9999 -9999 -9999 -9999 -9999 0.95173 1.28955 6.12418 6.10181 6.93459 2.51054 4.30433 4.46699 3.72905 3.03122 2.54518 1.63536 1.49802 1.30827 1.31632 2.03074 2.02777 3.10977 2.87465 3.94681 1.50650 1.55154 1.33110 1.70144 2.15028 1.93998 1.92820 2.37719 3.08176 3.71934 4.05737 4.83890 5.90022 6.82548 5.93587 5.09182 4.73968 4.00010 3.18836 3.27763 2.27133 2.70994 3.19643 2.70642 2.51420 2.05663 2.18002 4.68740 2.02130 2.20104 2.26107 2.33318 4.28087 5.08746 5.58971 5.76567 6.18070 6.24269 6.88913 7.35212 6.89073
-9999 -9999 -9999 0.57841 0.62850 0.39022 0.29439 0.41763 0.41474 -9999 0.56842 4.85102 5.35200 0.91890 1.18320 0.96961 1.75102 3.26204 2.97143 2.70962 3.37362 2.98225 2.36150 2.25807 2.62132 1.83396 1.78959 1.62037 2.16246 2.01950 1.55062 1.69467 0.89395 2.43410 1.96337 1.05540 1.98215 1.74215 2.47652 2.51506 3.14892 3.83708 4.61964 5.70409 6.05694 5.69028 5.45427 5.24188 4.22322 4.39274 4.51903 4.82364 4.19283 3.73989 3.41010 2.33429 2.35220 2.28520 2.72857 2.51790 4.74140 2.86299 3.37748 3.46105 2.94724 3.42710 3.69042 4.41972 5.82198 6.03458 6.93119 7.90640 8.17640
-9999 -9999 -9999 0.81682 0.61417 0.59792 0.56598 0.68240 0.58368 3.38801 4.91305 4.29390 0.70960 1.10296 1.69148 0.86053 2.97876 1.57892 1.88912 2.13534 2.39703 1.94515 2.32462 2.65821 3.27700 3.81423 3.30313 2.73367 2.03756 2.83621 1.26230 2.45585 1.60977 1.96819 2.50240 2.66256 1.65954 2.04043 2.10965 3.39700 3.12401 3.50586 5.12932 5.45685 5.44718 5.16286 5.17799 5.35949 5.40228 5.15812 4.91938 4.03818 3.75901 3.64539 3.14878 2.66416 2.21828 2.14440 2.24305 2.73698 2.95126 3.22683 3.49306 4.49864 4.31861 4.07258 4.22971 5.55906 7.06777 7.62440 8.18576 8.61478 8.42640
-9999 -9999 -9999 0.50606 0.50949 0.46859 4.14938 4.63557 4.43120 4.48214 4.77461 4.42407 0.40353 0.35068 0.34894 0.20798 2.02951 2.45537 1.51332 1.38766 1.75899 2.41046 1.56832 3.41296 2.60335 3.23880 2.50721 2.99493 2.96245 3.15339 3.25809 2.60686 2.62462 2.62589 2.79976 2.41987 1.73414 1.73599 2.56901 3.72160 3.73445 4.07828 5.00180 5.86475 5.80132 5.19153 5.50375 6.00499 5.77650 5.31585 5.19282 4.67766 4.35413 3.92769 3.44900 2.87188 2.40292 2.82871 2.77058 2.95202 4.12142 4.57875 4.21916 4.66985 5.36659 5.68512 5.72230 7.11370 7.87345 8.26365 8.55900 9.60745 9.87678
-9999 -9999 -9999 0.69454 0.50884 0.67704 3.96718 4.66396 3.50180 2.91161 3.56746 0.47993 0.28606 0.48380 0.16742 0.92337 1.41613 2.18256 2.20904 1.89561 2.63579 2.61113 3.03632 3.20172 2.58056 3.67940 2.38854 1.48367 2.48476 3.90182 3.77366 2.57593 3.07657 2.89668 2.65889 3.04481 2.79155 2.67816 2.85974 2.82363 3.28372 4.51220 4.99031 5.82887 6.70146 6.37825 5.99636 6.01052 5.47462 5.10634 4.87917 5.31658 4.98110 4.71776 3.75863 4.74605 4.36836 4.10613 4.35375 4.87858 4.56676 5.73170 5.79885 5.49381 6.25942 7.18755 7.33127 8.04652 8.40996 8.79546 10.84940 11.55880 -9999
-9999 -9999 -9999 0.45627 0.43196 0.67916 3.71221 3.95051 3.66933 3.36876 3.60651 2.89273 0.56873 0.59068 1.01558 1.29413 1.31711 1.81559 1.25460 3.42318 3.38438 2.12718 3.41243 2.99495 3.28715 3.33994 1.68734 1.45081 2.33003 2.75347 3.20511 2.86187 2.94178 1.99777 1.47769 1.70324 1.85410 2.02851 2.28337 2.79205 3.55257 4.29061 4.67012 4.74985 5.72072 6.00127 6.12815 5.92172 5.86476 5.53961 5.46841 5.91852 5.51791 4.97460 4.72116 5.29378 5.08296 5.19090 5.01528 4.85801 5.49440 5.90369 6.33076 6.41825 6.84447 7.08774 7.59052 8.38378 8.93883 10.53020 12.43580 -9999 -9999
-9999 -9999 -9999 -9999 3.68522 4.25111 4.27112 4.89611 4.04502 3.38752 4.30927 0.81894 0.88751 1.73757 -9999 -9999 -9999 -9999 -9999 3.46280 3.71279 3.31792 3.77941 3.25638 2.67479 2.30155 2.26730 1.76657 1.78570 1.45281 1.44235 2.26407 2.01259 1.38743 1.61030 1.05324 1.50274 1.88632 1.94112 2.41526 2.42682 3.78453 4.79424 5.00678 5.35284 5.63350 5.60733 5.76760 6.09370 6.47718 5.76123 5.70119 5.50299 5.18318 4.92156 4.87673 4.72078 4.90763 5.39427 5.36331 5.39874 5.75251 6.37515 7.03392 7.41205 7.65386 8.47736 9.29546 9.78329 -9999 -9999 -9999 -9999
-9999 -9999 1.78598 4.46591 4.26287 4.32826 4.38660 4.81309 4.17762 3.99878 4.47992 0.97161 0.83986 -9999 -9999 -9999 -9999 -9999 3.90810 2.99786 3.40077 1.77750 1.51313 2.07809 2.85096 2.72914 1.85032 1.68298 1.84212 1.66765 2.60647 1.97915 1.60481 1.79645 1.99147 1.46615 1.41918 1.23494 1.89227 1.90616 2.43342 3.71492 4.52821 4.32196 4.44143 4.95163 5.47017 5.85514 6.08137 6.01385 5.85324 6.04104 6.62640 6.30273 6.03878 5.00151 4.88057 5.49976 5.81507 5.97560 6.23077 6.22094 6.99623 7.53244 8.04494 8.95935 9.18766 -9999 -9999 -9999 -9999 -9999 -9999
-9999 -9999 5.82478 5.01191 4.17261 3.88533 3.88679 4.41425 3.78167 4.69791 1.76652 1.21002 0.84515 -9999 -9999 -9999 -9999 1.52177 1.95268 1.35360 2.12752 1.41101 1.64082 2.17751 1.96039 1.32698 1.81289 1.33085 1.67295 1.56825 1.21275 1.59972 1.59205 1.64999 1.86744 1.45866 1.29526 1.86590 2.29827 2.74562 3.34163 3.97369 4.48881 4.85209 5.39027 5.48479 5.92338 5.80746 6.05432 5.68448 6.44124 6.58189 6.72624 6.04962 5.59274 5.73561 6.66187 6.15741 6.41343 6.93072 7.48747 7.69314 8.26310 8.76493 9.15280 -9999 -9999 -9999 -9999 -9999 11.18470 -9999 -9999
-9999 -9999 5.60838 5.76533 4.89882 4.50220 3.85438 3.50973 3.82282 4.52258 1.67284 1.03806 0.13178 -9999 -9999 -9999 -9999 1.87681 1.34196 1.83347 2.28544 1.79140 1.18541 0.89840 1.02852 1.24218 1.12330 1.30411 1.35196 1.47146 1.45179 1.16529 1.47963 1.60792 1.67837 1.68224 1.92306 2.48838 2.62868 2.07727 3.02163 2.84542 3.51929 5.24591 5.57876 5.54699 5.88940 6.05139 6.13263 5.95476 6.02300 6.19759 5.65325 5.47804 6.24523 6.06277 5.95688 6.59306 7.02652 7.54903 8.32767 8.62323 8.57296 8.41281 8.46479 9.26526 9.95011 9.56520 10.10500 -9999 -9999 -9999 10.25700
-9999 -9999 -9999 5.11288 4.58532 3.57106 2.90597 2.68413 1.34299 1.84429 1.18846 0.21055 -9999 -9999 -9999 -9999 1.00497 1.22903 0.88713 0.82473 0.97918 0.55851 0.63938 0.74521 0.86244 0.71380 1.00118 1.43030 1.59049 1.46159 1.17781 1.33159 1.62644 2.33873 3.34385 3.41572 1.93599 1.57168 1.36330 1.53792 2.33376 2.52710 5.75459 5.36700 5.50531 6.24196 5.67554 5.55129 5.74019 5.49557 5.89415 6.58874 6.54868 7.76894 7.97333 7.45450 7.83017 7.63413 8.03259 8.62766 8.72604 8.19204 8.68878 8.15773 7.09582 9.18162 10.00250 8.30308 9.10505 10.27380 -9999 -9999 10.48640
-9999 -9999 -9999 -9999 4.20209 2.71869 2.88885 1.47701 1.78911 0.57424 0.22264 -9999 -9999 -9999 -9999 1.35677 1.32865 1.26840 1.30665 1.45848 1.17159 1.43477 1.22872 1.44582 0.78244 1.30705 2.08677 2.29111 2.81043 2.19985 2.13091 2.25901 2.43945 2.70669 3.25944 1.76492 1.56733 1.57286 1.48550 1.35030 1.76620 2.17074 2.93192 2.85988 3.41798 5.31329 4.75723 5.75032 5.78527 4.90137 4.27659 4.99699 5.66361 7.05078 7.02074 6.04524 7.09363 7.87762 8.54565 8.31022 8.83750 8.31645 8.29012 8.86750 8.51084 9.21000 9.04843 7.93016 7.85855 8.83561 8.61387 8.79960 9.53344
-9999 -9999 -9999 -9999 -9999 -9999 2.75463 3.79650 0.27441 0.81351 1.79738 -9999 -9999 -9999 -9999 -9999 1.47138 1.38442 0.66826 1.51247 1.00809 0.65982 0.69414 0.71818 1.52430 1.50638 0.72501 2.15688 2.15483 2.53332 1.82420 2.25030 1.43748 3.04014 2.92058 2.93414 1.75288 1.66875 1.20325 1.64582 1.94556 3.01680 3.36163 2.41536 4.47328 4.84970 4.71092 4.71797 5.25434 5.07473 5.40134 6.74855 6.33773 6.43323 6.79305 6.92410 7.28597 7.45169 8.04936 7.75003 7.52921 7.96747 8.37356 7.82450 7.58553 8.45625 8.93961 7.21067 7.23689 7.73945 7.56334 8.14176 9.14504
-9999 -9999 -9999 -9999 -9999 -9999 -9999 -9999 -9999 -9999 -9999 -9999 -9999 -9999 -9999 -9999 -9999 -9999 -9999 0.99332 0.60469 0.07013 0.79207 1.04054 0.71821 0.72360 1.51032 1.14302 1.04770 0.60763 1.33924 1.14815 0.58279 1.48795 2.64317 2.41520 1.09129 1.63187 1.58485 2.28770 2.94946 3.65940 3.49576 3.10506 3.19805 3.05628 2.14590 4.80844 4.61768 3.91009 3.87128 6.25677 7.32127 7.57025 5.58662 6.31289 7.20837 7.27213 7.04262 7.49287 8.14504 8.94312 7.75825 7.33160 7.14499 8.82004 8.04021 6.83493 6.60506 7.86589 7.28821 7.62652 8.72732
-9999 -9999 -9999 -9999 -9999 -9999 -9999 -9999 -9999 -9999 -9999 -9999 -9999 -9999 -9999 -9999 -9999 -9999 1.14655 0.60277 0.41667 0.79380 0.94516 1.04608 0.29829 0.11156 0.51405 0.51193 0.38077 1.14228 1.30645 1.81630 2.48246 2.01575 1.29665 2.16190 1.24011 1.04058 1.45492 2.02304 2.43888 2.92103 3.20957 3.40007 3.56901 4.92935 2.60302 0.05370 2.15485 2.75199 3.23390 5.92017 6.31668 6.30471 7.47294 7.49909 6.74098 6.92515 7.65247 7.62007 8.41678 8.20530 8.28743 8.19381 8.97195 8.81980 7.95566 6.57659 8.00216 7.49218 8.44003 8.99275 9.17755
-9999 -9999 -9999 -9999 -9999 -9999 -9999 -9999 -9999 -9999 -9999 -9999 -9999 -9999 -9999 -9999 -9999 1.43616 0.86377 0.91436 0.94418 0.76843 0.39252 0.14413 0.03478 0.06161 0.79615 0.24342 0.61221 0.85410 1.14809 1.22306 1.07792 1.59289 1.11259 2.46394 3.25703 1.44364 1.27534 2.04246 2.42832 3.77883 2.87541 4.11756 2.37319 2.23326 4.30900 2.50125 1.03811 2.74497 3.20016 6.21816 5.33008 4.88347 6.25263 5.83829 6.44856 6.73534 6.89170 7.40744 8.77291 9.05074 8.10293 8.38707 7.97819 7.89962 7.98992 7.40437 7.56379 9.42921 9.50164 10.29880 10.97750
-9999 -9999 -9999 -9999 -9999 -9999 -9999 -9999 -9999 -9999 -9999 -9999 -9999 -9999 -9999 -9999 -9999 1.05441 1.13435 1.45436 0.79850 0.74349 0.50364 0.00576 0.00740 0.06416 0.04530 0.07269 0.03267 0.42575 0.44620 0.55817 0.82747 0.55624 0.82383 1.16171 2.20446 0.71684 1.52458 1.71536 1.54553 1.38598 3.02288 1.12399 3.32674 3.79786 3.39968 0.06778 0.07476 1.02887 2.91450 6.38329 6.85043 6.61560 7.18425 6.55257 7.58685 7.14681 7.39601 8.15807 8.11014 7.99268 8.00544 7.92954 7.71016 7.97519 8.19263 8.42265 8.56936 8.67459 10.39570 10.89530 10.37380
-9999 -9999 -9999 -9999 -9999 -9999 -9999 -9999 -9999 -9999 -9999 -9999 -9999 -9999 -9999 -9999 0.73433 0.61726 1.33529 0.62832 0.41013 0.01984 0.02788 0.00969 0.00460 0.02656 0.04135 0.06748 0.03149 0.01779 0.02433 0.01459 0.43065 0.28017 0.36214 0.62395 0.98820 1.65366 0.92233 1.02484 0.73600 0.95927 3.00286 2.13896 0.81861 2.49963 2.88708 0.17303 0.14922 0.79733 3.22199 6.03444 6.33586 6.97681 7.02126 6.51416 6.67149 7.72683 8.39470 7.75102 7.73023 7.91050 8.15818 8.02212 8.36276 9.17796 9.47877 10.01280 10.52170 10.33160 12.06420 11.30550 11.52480
-9999 -9999 -9999 -9999 -9999 -9999 -9999 -9999 -9999 -9999 -9999 -9999 -9999 1.27362 1.27819 0.79454 0.89379 0.90854 1.18827 0.20625 0.00529 0.01652 0.00998 0.00263 0.00252 0.02628 0.01636 0.00010 0.00000 0.00000 0.09616 0.37544 0.00040 0.00004 0.08649 0.03793 0.14814 0.27434 0.01840 0.01647 0.01245 1.23964 0.93665 0.00579 0.99942 0.63706 1.16704 1.35108 1.74507 2.51196 3.26028 3.51231 2.79719 2.40515 4.54615 9.10726 7.72304 8.58284 7.27158 8.39648 8.14075 12.29680 11.85680 17.98740 18.50230 15.82210 16.17850 10.23250 12.26480 14.17460 14.96590 13.06590 13.20230
-9999 -9999 -9999 -9999 -9999 -9999 -9999 -9999 -9999 -9999 -9999 -9999 0.81722 0.95202 1.17267 0.87658 1.02632 0.04390 0.02676 0.00107 0.00117 0.00235 0.00179 0.00452 0.00406 0.01966 0.01663 0.00000 0.01295 0.04983 0.00428 0.02707 0.05828 0.08996 0.13778 0.04174 0.00041 0.00134 0.01558 0.01146 0.01165 0.00706 0.87069 0.84785 0.31557 0.41841 0.76082 1.20900 1.70709 1.65789 2.05595 1.28414 3.10560 1.00900 3.96162 4.02603 6.87542 6.40084 7.82681 11.82970 10.73240 12.59560 14.48600 17.61350 19.39840 15.50670 16.43740 12.86830 15.08540 16.06920 14.11640 15.34160 14.71710
-9999 -9999 -9999 -9999 -9999 -9999 -9999 -9999 -9999 -9999 -9999 1.52403 0.25728 0.97223 0.04788 0.02425 0.01829 0.01087 0.00995 0.00705 0.00931 0.00093 0.00083 0.00041 0.00072 0.00037 0.17683 0.04954 0.02308 0.09606 0.00772 0.00000 0.00015 0.00021 0.00000 0.09891 0.00247 0.00809 0.01673 0.01132 0.00767 0.82217 0.44728 0.25029 0.21060 0.46306 0.59814 0.84026 1.34826 2.66881 3.69032 2.98673 2.47160 7.09228 2.83663 2.01071 5.96380 2.78788 3.80067 8.65784 8.74528 9.15840 10.31910 12.61660 16.92070 18.86470 15.21810 15.16420 13.25480 14.44230 13.00920 12.91050 14.47520
-9999 -9999 -9999 -9999 -9999 -9999 -9999 -9999 -9999 -9999 0.19419 0.10343 0.03536 0.01215 0.00338 0.00224 0.00053 0.00021 0.00060 0.00068 0.00042 0.00000 0.00000 0.00021 0.00041 0.00013 0.00010 0.06515 0.01856 0.00000 0.00000 0.00010 0.00072 0.11919 0.03200 0.12122 0.00490 0.01104 0.02543 0.01067 0.76006 0.25514 0.07885 0.07872 0.10946 0.55727 0.69038 0.74701 1.58685 2.85495 5.03718 3.61435 8.17143 2.72921 2.42191 1.69646 7.11323 7.57125 4.32203 4.29104 7.31291 10.42540 11.16170 15.41850 15.15190 17.75010 11.82110 14.91730 14.72170 14.18490 13.85310 16.85570 18.22480
-9999 -9999 -9999 -9999 -9999 -9999 -9999 -9999 -9999 0.00103 0.00041 0.00040 0.00039 0.00065 0.00021 0.00000 0.00000 0.00000 0.00000 0.00000 0.00000 0.00000 0.00000 0.00000 0.00000 0.00000 0.00010 0.00103 0.00083 0.00028 0.00039 0.00000 0.00028 0.00041 0.07385 0.39786 0.02303 0.01827 0.00738 0.56543 0.07087 0.02743 0.05924 1.50034 0.05697 1.25022 0.39715 1.42920 1.90319 2.68549 4.13247 8.02949 4.12734 11.43250 7.49242 4.09554 2.72981 2.66077 2.83398 4.75063 8.49040 12.10440 10.84700 11.44520 9.84878 12.46400 16.91760 23.51120 23.92770 19.86770 23.29590 26.34150 30.49130
-9999 -9999 -9999 -9999 -9999 -9999 -9999 -9999 -9999 -9999 0.00010 0.00010 0.00010 0.00010 0.00000 0.00000 0.00000 0.00000 0.00000 0.00000 0.00000 0.00000 0.00000 -9999 -9999 -9999 -9999 -9999 -9999 0.00306 0.00693 0.00000 0.00000 0.00010 0.00038 0.32722 0.61165 0.00340 0.00298 0.42142 0.08606 0.11589 1.38896 0.95920 1.29118 1.00006 1.52500 1.10860 2.59152 3.15889 4.46671 1.92503 3.34842 5.65064 8.66967 2.98671 2.17473 2.28563 1.71466 3.99587 6.55019 8.40786 4.92101 8.33328 9.60576 14.02820 18.47430 23.56360 20.30160 20.48200 22.16550 31.34210 37.02300
-9999 -9999 -9999 -9999 -9999 -9999 -9999 -9999 -9999 -9999 -9999 -9999 0.00021 0.00000 0.00000 0.00000 0.00000 0.00000 0.00000 -9999 -9999 -9999 -9999 -9999 -9999 -9999 -9999 -9999 -9999 -9999 -9999 -9999 -9999 0.00025 0.09688 0.14498 0.10852 0.16309 0.00103 0.00285 0.18672 0.06961 0.25966 0.26070 0.30420 1.47530 1.45128 0.40976 0.94253 1.18616 1.75353 6.65954 7.22534 7.02575 3.98870 1.80128 2.57283 2.02208 0.28899 3.14694 7.05911 7.24514 10.32450 4.14666 8.73851 15.03580 21.24440 23.02810 24.09940 30.74900 36.44850 38.79310 -9999
-9999 -9999 -9999 -9999 -9999 -9999 -9999 -9999 -9999 -9999 -9999 -9999 -9999 -9999 -9999 -9999 -9999 -9999 -9999 -9999 -9999 -9999 -9999 -9999 -9999 -9999 -9999 -9999 -9999 -9999 -9999 -9999 -9999 -9999 0.11185 0.04214 0.04237 0.04013 0.00010 0.07597 0.09057 0.04583 1.29058 1.06872 1.10220 1.30020 0.69583 0.27067 1.00751 1.09281 1.94846 5.82688 4.09462 5.05098 5.22730 2.89147 1.77886 3.05243 2.22272 3.81444 5.20376 5.69173 3.99951 4.36488 10.14550 12.00110 21.63590 24.24800 25.77780 33.62410 41.09660 -9999 -9999
-9999 -9999 -9999 -9999 -9999 -9999 -9999 -9999 -9999 -9999 -9999 -9999 -9999 -9999 -9999 -9999 -9999 -9999 -9999 -9999 -9999 -9999 -9999 -9999 -9999 -9999 -9999 -9999 -9999 -9999 -9999 -9999 -9999 -9999 0.04858 0.03478 0.04754 0.17440 0.00093 0.01576 0.01070 0.60022 0.52421 0.06957 0.43426 0.16875 0.24670 0.27106 0.61514 1.06983 1.70154 1.24415 2.60516 4.06579 3.86514 2.35562 2.51682 1.99469 1.73852 3.34935 7.41195 8.87003 7.21983 4.06612 6.93007 18.49970 19.84790 28.14600 31.61010 34.49790 -9999 -9999 -9999
-9999 -9999 -9999 -9999 -9999 -9999 -9999 -9999 -9999 -9999 -9999 -9999 -9999 -9999 -9999 -9999 -9999 -9999 -9999 -9999 -9999 -9999 -9999 -9999 -9999 -9999 -9999 -9999 -9999 -9999 -9999 -9999 -9999 -9999 -9999 -9999 -9999 -9999 0.05861 0.02021 0.00983 0.02186 0.36403 0.59165 0.06124 0.24098 0.57249 0.33864 0.57452 1.01704 0.71150 1.47991 1.35633 3.11225 3.41792 1.50800 0.11956 0.34825 1.86940 3.74366 6.40184 4.28594 4.87316 6.58905 13.53100 19.83200 23.06770 28.64700 37.33860 -9999 -9999 -9999 -9999
