data/hydroclimate-scenarios/BCSD_hadcm_A1B/monthly_summaries/baseflow_monthly_tot_oct.2070-2099.asc
ncols	311
nrows	91
xllcenter	102.75
yllcenter	31.75
cellsize	0.5
NODATA_value	-9999
[rows 0 to 31 of 91, columns 0 to 71 of 311]
-9999 -9999 -9999 -9999 -9999 -9999 -9999 -9999 -9999 -9999 -9999 -9999 -9999 -9999 -9999 -9999 -9999 -9999 -9999 -9999 -9999 -9999 -9999 -9999 -9999 -9999 -9999 -9999 -9999 -9999 -9999 -9999 -9999 -9999 -9999 -9999 -9999 -9999 -9999 -9999 -9999 -9999 -9999 -9999 -9999 -9999 -9999 -9999 -9999 -9999 -9999 -9999 -9999 -9999 -9999 -9999 -9999 -9999 -9999 -9999 -9999 -9999 -9999 -9999 -9999 -9999 -9999 -9999 -9999 -9999 -9999 -9999
-9999 -9999 -9999 -9999 -9999 -9999 -9999 -9999 -9999 -9999 -9999 -9999 -9999 -9999 -9999 -9999 -9999 -9999 -9999 -9999 -9999 -9999 -9999 -9999 -9999 -9999 -9999 -9999 -9999 -9999 -9999 -9999 -9999 -9999 -9999 -9999 -9999 -9999 -9999 -9999 -9999 -9999 -9999 -9999 -9999 -9999 -9999 -9999 -9999 -9999 -9999 -9999 -9999 -9999 -9999 -9999 -9999 -9999 -9999 -9999 -9999 -9999 -9999 -9999 -9999 -9999 -9999 -9999 -9999 -9999 -9999 -9999
-9999 -9999 -9999 -9999 -9999 -9999 -9999 -9999 -9999 -9999 -9999 -9999 -9999 -9999 -9999 -9999 -9999 -9999 -9999 -9999 -9999 -9999 -9999 -9999 -9999 -9999 -9999 -9999 -9999 -9999 -9999 -9999 -9999 -9999 -9999 -9999 -9999 -9999 -9999 -9999 -9999 -9999 -9999 -9999 -9999 -9999 -9999 -9999 -9999 -9999 -9999 -9999 -9999 -9999 -9999 -9999 -9999 -9999 -9999 -9999 -9999 -9999 -9999 -9999 -9999 -9999 -9999 -9999 -9999 -9999 -9999 -9999
-9999 -9999 -9999 -9999 -9999 -9999 -9999 -9999 -9999 -9999 -9999 -9999 -9999 -9999 -9999 -9999 -9999 -9999 -9999 -9999 -9999 -9999 -9999 -9999 -9999 -9999 -9999 -9999 -9999 -9999 -9999 -9999 -9999 -9999 -9999 -9999 -9999 -9999 -9999 -9999 -9999 -9999 -9999 -9999 -9999 -9999 -9999 -9999 -9999 -9999 -9999 -9999 -9999 -9999 -9999 -9999 -9999 -9999 -9999 -9999 -9999 -9999 -9999 -9999 -9999 -9999 -9999 -9999 -9999 -9999 -9999 -9999
-9999 -9999 -9999 -9999 -9999 -9999 -9999 -9999 -9999 -9999 -9999 -9999 -9999 -9999 -9999 -9999 -9999 -9999 -9999 -9999 -9999 -9999 -9999 -9999 -9999 -9999 -9999 -9999 -9999 -9999 -9999 -9999 -9999 -9999 -9999 -9999 -9999 -9999 -9999 -9999 -9999 -9999 -9999 -9999 -9999 -9999 -9999 -9999 -9999 -9999 -9999 -9999 -9999 -9999 -9999 -9999 -9999 -9999 -9999 -9999 -9999 -9999 -9999 -9999 -9999 -9999 -9999 -9999 -9999 -9999 -9999 -9999
-9999 -9999 -9999 -9999 -9999 -9999 -9999 -9999 -9999 -9999 -9999 -9999 -9999 -9999 -9999 -9999 -9999 -9999 -9999 -9999 -9999 -9999 -9999 -9999 -9999 -9999 -9999 -9999 -9999 -9999 -9999 -9999 -9999 -9999 -9999 -9999 -9999 -9999 -9999 -9999 -9999 -9999 -9999 -9999 -9999 -9999 -9999 -9999 -9999 -9999 -9999 -9999 -9999 -9999 -9999 -9999 -9999 -9999 -9999 -9999 -9999 -9999 -9999 -9999 -9999 -9999 -9999 -9999 -9999 -9999 -9999 -9999
-9999 -9999 -9999 -9999 -9999 -9999 -9999 -9999 -9999 -9999 -9999 -9999 -9999 -9999 -9999 -9999 -9999 -9999 -9999 -9999 -9999 -9999 -9999 -9999 -9999 -9999 -9999 -9999 -9999 -9999 -9999 -9999 -9999 -9999 -9999 -9999 -9999 -9999 -9999 -9999 -9999 -9999 -9999 -9999 -9999 -9999 -9999 -9999 -9999 -9999 -9999 -9999 -9999 -9999 -9999 -9999 -9999 -9999 -9999 -9999 -9999 -9999 -9999 -9999 -9999 -9999 -9999 -9999 -9999 -9999 -9999 -9999
-9999 -9999 -9999 -9999 -9999 -9999 -9999 -9999 -9999 -9999 -9999 -9999 -9999 -9999 -9999 -9999 -9999 -9999 -9999 -9999 -9999 -9999 -9999 -9999 -9999 -9999 -9999 -9999 -9999 -9999 -9999 -9999 -9999 -9999 -9999 -9999 -9999 -9999 -9999 -9999 -9999 -9999 1.39272 1.28692 1.90185 1.97326 2.41531 3.28217 2.52924 3.08317 2.86676 1.99934 -9999 -9999 -9999 -9999 -9999 -9999 -9999 -9999 -9999 -9999 -9999 -9999 -9999 -9999 -9999 -9999 -9999 -9999 -9999 -9999
-9999 -9999 -9999 -9999 -9999 -9999 -9999 -9999 -9999 -9999 -9999 -9999 -9999 -9999 -9999 -9999 -9999 -9999 -9999 -9999 -9999 -9999 -9999 -9999 -9999 -9999 -9999 -9999 -9999 -9999 -9999 -9999 -9999 -9999 -9999 -9999 -9999 -9999 0.60895 1.84783 1.25230 1.05950 1.38447 1.84881 2.29352 2.11148 1.86537 2.09361 2.53977 3.25435 2.87096 6.38874 3.32295 3.37781 -9999 -9999 -9999 -9999 -9999 -9999 -9999 -9999 -9999 -9999 -9999 -9999 -9999 -9999 -9999 -9999 -9999 -9999
-9999 -9999 -9999 -9999 -9999 -9999 -9999 -9999 -9999 -9999 -9999 -9999 -9999 -9999 -9999 -9999 -9999 -9999 -9999 -9999 -9999 -9999 -9999 -9999 -9999 -9999 -9999 -9999 -9999 -9999 -9999 -9999 -9999 -9999 -9999 -9999 -9999 -9999 -9999 -9999 0.63422 0.60839 1.01467 1.84215 1.89516 3.10480 2.92985 3.23139 2.69907 3.05557 2.88644 2.97131 3.49553 3.18318 -9999 -9999 -9999 -9999 -9999 -9999 -9999 -9999 -9999 -9999 -9999 -9999 -9999 -9999 -9999 -9999 -9999 -9999
-9999 -9999 -9999 -9999 -9999 -9999 -9999 -9999 -9999 -9999 -9999 -9999 -9999 -9999 -9999 -9999 -9999 -9999 -9999 -9999 -9999 -9999 -9999 -9999 -9999 -9999 -9999 -9999 -9999 -9999 -9999 -9999 -9999 -9999 -9999 -9999 -9999 -9999 -9999 -9999 -9999 -9999 -9999 -9999 2.98932 3.28279 4.25333 4.51426 2.70402 4.01548 4.38220 4.66726 1.47893 3.25697 -9999 -9999 -9999 -9999 -9999 -9999 0.03404 -9999 -9999 -9999 -9999 -9999 -9999 -9999 -9999 -9999 -9999 -9999
-9999 -9999 -9999 -9999 -9999 -9999 -9999 -9999 -9999 -9999 -9999 -9999 -9999 -9999 -9999 -9999 -9999 -9999 -9999 -9999 -9999 -9999 -9999 -9999 -9999 -9999 -9999 -9999 -9999 -9999 -9999 -9999 -9999 -9999 -9999 -9999 -9999 -9999 -9999 -9999 -9999 1.96358 2.56897 3.30348 3.35014 2.93666 3.53206 3.31960 3.16418 4.26214 4.35273 4.23624 1.16291 2.40902 -9999 -9999 -9999 -9999 -9999 0.01801 0.01076 0.00291 0.00177 0.00042 0.00072 0.00156 0.00114 0.01234 0.01705 0.00969 0.01502 0.00099
-9999 -9999 -9999 -9999 -9999 -9999 -9999 -9999 -9999 -9999 -9999 -9999 -9999 -9999 -9999 -9999 -9999 -9999 -9999 -9999 -9999 -9999 -9999 -9999 -9999 -9999 -9999 -9999 -9999 -9999 -9999 -9999 -9999 -9999 -9999 -9999 -9999 -9999 -9999 -9999 -9999 1.82794 2.88808 3.28977 3.26090 2.80476 4.98109 4.79563 2.92922 3.76246 2.99893 3.46852 1.70154 2.22808 1.60844 0.93660 0.37934 -9999 0.02914 0.01081 0.00537 0.00126 0.00031 0.00029 0.00064 0.01023 0.00802 0.02526 0.02965 0.00804 0.00655 0.00334
-9999 -9999 -9999 -9999 -9999 -9999 -9999 -9999 -9999 -9999 -9999 -9999 -9999 -9999 -9999 -9999 -9999 -9999 -9999 -9999 -9999 -9999 -9999 -9999 -9999 -9999 -9999 -9999 -9999 -9999 -9999 -9999 -9999 -9999 -9999 0.84907 0.21008 0.65961 0.87579 1.23956 1.32552 1.33269 1.95119 3.19567 5.96046 3.88195 2.66487 2.40979 2.40515 2.59269 3.06599 2.25129 4.81163 4.02331 0.94130 1.60901 0.77665 0.05460 0.05060 0.00768 0.00148 0.00015 0.00033 0.00328 0.00092 0.01252 0.00758 0.01195 0.03175 0.00006 0.00012 0.00002
-9999 -9999 -9999 -9999 -9999 -9999 -9999 -9999 -9999 -9999 -9999 -9999 -9999 -9999 -9999 -9999 -9999 -9999 -9999 -9999 -9999 -9999 -9999 -9999 -9999 -9999 -9999 -9999 -9999 -9999 -9999 -9999 -9999 -9999 0.61207 0.35306 0.72293 0.87920 1.41156 1.00233 1.31721 1.35825 1.54221 4.33670 2.39675 1.49070 1.68447 2.68899 2.54764 3.56726 6.54773 5.02995 7.27380 3.94958 3.13510 1.63956 0.12384 0.12213 0.02461 0.24644 0.25798 0.24579 0.18441 0.09663 0.01427 0.00703 0.00197 0.00155 0.02328 0.17363 0.29063 0.08997
-9999 -9999 -9999 -9999 -9999 -9999 -9999 -9999 -9999 -9999 -9999 -9999 -9999 -9999 -9999 -9999 -9999 -9999 -9999 -9999 -9999 -9999 -9999 -9999 -9999 -9999 -9999 -9999 -9999 -9999 -9999 -9999 -9999 0.43396 0.54698 0.40807 0.50957 0.76082 0.97631 0.56579 0.86731 1.32369 7.40647 4.44652 2.16907 1.05838 1.20724 2.12760 3.65850 4.39065 5.77483 7.13634 7.77902 3.86272 0.95069 1.13327 0.67251 0.02214 0.00771 0.29015 0.27524 0.15015 0.11272 0.00406 0.00708 0.00885 0.00522 0.00265 0.00875 0.08524 0.02115 0.08835
-9999 -9999 -9999 -9999 -9999 -9999 -9999 -9999 -9999 -9999 -9999 -9999 -9999 -9999 -9999 -9999 -9999 -9999 -9999 -9999 -9999 -9999 -9999 -9999 -9999 -9999 -9999 -9999 -9999 -9999 -9999 0.24997 0.01155 0.01202 0.01889 0.03329 0.05508 0.53261 0.66773 0.50499 0.80000 0.65805 2.92014 1.04903 1.44482 1.42490 0.76360 0.45415 2.11909 4.33842 4.94450 7.62726 6.16709 3.34337 2.72075 1.12169 0.13694 0.04753 0.04940 0.18474 0.12556 0.05629 0.03627 0.00082 0.00226 0.01324 0.00685 0.00050 0.00032 0.05689 0.22110 0.32538
-9999 -9999 -9999 -9999 -9999 -9999 -9999 -9999 -9999 -9999 -9999 -9999 -9999 -9999 -9999 -9999 -9999 -9999 -9999 -9999 -9999 -9999 -9999 -9999 -9999 -9999 -9999 -9999 -9999 0.01075 0.00455 0.02280 0.03058 0.02632 0.03598 0.04645 0.06989 0.44948 0.59881 0.49135 1.30340 5.73147 1.20525 0.90551 1.02357 1.49544 1.35584 0.68694 3.45271 4.93988 4.13561 8.23229 4.72389 2.53066 3.34269 0.89023 0.02801 0.02386 0.00349 0.01532 0.04236 0.01298 0.01375 0.00167 0.00276 0.00734 0.04542 0.05181 0.09027 0.32426 0.13920 0.80707
-9999 -9999 -9999 -9999 -9999 -9999 -9999 -9999 -9999 -9999 -9999 -9999 -9999 -9999 -9999 -9999 -9999 -9999 -9999 -9999 -9999 -9999 -9999 -9999 0.05520 0.07644 0.05157 0.01489 0.01667 0.03640 0.03905 0.07436 0.10976 0.24939 0.40857 0.33830 0.29471 0.62707 1.03292 0.88419 1.08509 6.86165 0.82629 1.46599 0.85203 0.72375 0.75143 1.51939 2.74906 3.04997 3.35603 7.18116 4.84860 2.06891 0.60044 0.15899 0.03362 0.01275 0.00547 0.00137 0.00055 0.00056 0.00020 0.00000 0.00000 0.00032 0.00070 0.00746 0.00913 0.04660 0.93407 0.64422
-9999 -9999 -9999 -9999 -9999 -9999 0.71640 0.89568 1.00870 0.67758 0.55604 -9999 -9999 -9999 -9999 -9999 -9999 -9999 -9999 -9999 -9999 0.04965 0.11246 0.13155 0.08789 0.13267 0.08922 0.04987 0.04348 0.04807 0.04225 0.13182 0.16593 0.37331 0.46849 0.38830 0.56984 0.61185 0.74437 0.60366 0.58042 0.94950 7.21399 1.28273 0.92979 0.62877 0.64360 0.74186 1.59835 3.13968 5.99542 5.58605 3.83640 0.90463 0.14937 0.04522 0.02355 0.00973 0.00829 0.00339 0.00091 0.00051 0.00063 0.00084 0.00219 0.00024 0.00034 0.00260 0.00251 0.00459 0.05612 0.16697
-9999 -9999 -9999 -9999 -9999 0.07243 0.08114 0.04190 0.02819 0.01080 0.01567 0.49223 0.44358 0.28571 -9999 -9999 -9999 0.01226 0.02244 0.10380 0.07407 0.16696 0.17022 0.14789 0.58453 0.30610 0.25951 0.20782 0.15975 0.18250 0.24025 0.32780 0.41973 0.51434 0.38245 0.45672 0.57820 0.31904 0.25996 0.66863 0.88290 0.84523 6.07605 4.33133 0.26516 0.45978 0.61797 1.33956 0.52880 3.05843 3.94670 3.16130 4.47945 1.13624 0.63258 0.31647 0.06455 0.01622 0.00188 0.02137 0.00383 0.00009 0.00043 0.00021 0.01406 0.02970 0.00645 0.00611 0.00388 0.01203 0.04712 0.21123
-9999 0.13822 0.25331 0.12674 0.17895 0.11198 0.09265 0.05266 0.04230 0.02013 0.02155 0.49971 0.55445 0.31646 0.19448 0.03915 0.02656 0.01243 0.02399 0.01976 0.03340 0.10333 0.09616 0.15612 0.11504 0.17321 0.21515 0.28315 0.26779 0.19487 0.14320 0.19963 0.18919 0.20414 0.26301 0.24889 0.27013 0.12508 0.10083 0.26737 0.25842 0.23937 4.42639 3.28521 0.14376 0.31607 0.17349 0.32553 0.21813 1.37788 1.61851 3.80516 3.35693 2.73751 1.46923 0.60495 0.17179 0.01120 0.00596 0.05076 0.00311 0.00566 0.00465 0.01035 0.03057 0.02863 0.00427 0.02769 0.00799 0.04660 0.29419 0.90215
-9999 0.31563 0.19773 0.13302 0.09422 0.08663 0.04116 0.15805 0.13936 0.38510 0.35653 0.10734 0.16911 0.10606 0.12263 0.15803 0.23656 0.08600 0.07944 0.05939 0.10101 0.06371 0.14474 0.11662 0.07671 0.23718 0.24617 0.49668 0.43350 0.35417 0.26102 0.38665 0.42211 0.69286 0.89657 0.28007 0.23753 0.25650 0.18536 0.13748 0.19439 0.54046 0.73444 4.53232 3.17681 0.04893 0.04354 0.26070 0.38302 1.79942 2.42892 2.36104 3.77171 5.35113 5.11982 3.13440 1.25871 0.29421 0.24486 0.06830 0.13349 0.05671 0.06612 0.03242 0.06891 0.08816 0.08850 0.23304 0.13547 0.25512 0.18160 0.98744
-9999 -9999 -9999 0.67756 0.71200 0.55160 0.34215 0.53948 0.55263 0.97860 0.52622 0.23379 0.20594 0.15984 0.14705 0.28804 0.39885 0.15007 0.13039 0.14635 0.53816 0.44124 0.48667 0.41944 0.21161 0.43581 0.43411 0.60010 0.52532 0.47570 0.48727 0.53347 0.52573 0.93956 1.04480 3.57425 0.18724 0.21877 0.22971 0.22254 0.16171 2.33937 1.74205 1.94546 3.46142 2.04293 2.07940 0.27459 0.31502 1.03745 1.09740 1.14627 2.47344 3.68235 2.60035 3.73423 2.54298 1.02481 1.88009 0.29346 0.36804 0.27737 0.68372 0.20964 0.13854 0.05169 0.02333 0.07451 0.26008 0.69540 0.86338 0.71386
-9999 -9999 -9999 -9999 -9999 -9999 0.41951 0.88097 0.87971 0.39047 0.25990 0.44041 0.44032 0.52724 0.45254 0.21921 0.19917 0.64986 0.60616 0.42096 0.70814 1.46967 1.08951 0.40721 0.32009 0.62601 0.47017 0.79320 3.16051 0.45229 0.31542 0.66122 3.64537 2.21233 3.15204 1.54358 3.08898 2.43988 0.69565 0.71790 0.46001 1.17898 1.24630 0.79105 1.18767 0.94038 3.01399 3.65598 3.21059 2.54813 1.98642 3.43323 3.36864 0.85069 1.65048 2.77230 0.86832 1.86297 2.39070 1.82571 0.73438 0.96645 0.48279 0.36651 0.98805 0.96279 0.15149 0.12842 0.51306 0.95491 2.52006 1.58951
-9999 -9999 -9999 -9999 -9999 -9999 0.17082 0.46024 0.29993 0.55617 0.43927 0.24307 0.22516 0.25879 0.32908 0.45673 0.69711 0.82739 0.80743 0.38460 0.39671 1.17628 1.02151 0.65223 0.53032 0.60456 0.59763 0.85412 1.81587 1.94314 2.60567 2.52412 2.60793 2.20613 2.48574 1.58869 2.38468 1.99905 1.58842 0.82799 1.43086 1.91363 1.30979 0.77434 0.70535 0.88234 1.49382 1.61482 1.30964 3.80690 3.55976 2.72155 2.77645 1.94373 1.04609 0.30633 0.65312 1.40852 1.45480 1.25970 1.53606 1.50221 1.03496 1.34031 1.16498 0.33256 0.10239 0.09749 0.26444 0.69123 2.91480 1.69412
-9999 -9999 -9999 -9999 -9999 -9999 -9999 -9999 -9999 -9999 0.15052 0.23546 0.22507 0.27204 0.27620 0.60647 0.64979 0.52980 0.62712 1.29728 1.34555 1.90708 1.97357 1.48398 1.39451 0.88226 0.85329 0.84906 0.65993 4.34550 3.61914 3.35016 3.67545 2.13847 1.69277 1.51356 1.17061 0.84001 0.69856 0.90609 3.27262 2.19967 0.06051 3.17819 2.80679 3.36245 3.67675 3.05904 1.86841 1.16668 0.96229 1.00479 0.89173 2.10130 1.63955 1.42904 1.41070 0.52120 0.83330 2.30878 0.65256 1.57565 1.65728 0.32421 0.48622 0.28653 0.30721 0.14165 0.27170 0.40005 2.33082 5.01779
-9999 -9999 -9999 -9999 -9999 -9999 -9999 -9999 -9999 -9999 0.10918 0.09051 0.15005 0.17996 0.31679 0.65035 0.57508 0.56892 0.72553 1.57506 1.69470 2.51316 2.43593 1.92674 1.84066 1.09022 0.79981 0.91968 0.69034 3.63571 3.75748 3.24695 3.97180 2.72403 3.96124 3.63401 2.51939 0.10104 0.09535 0.13897 0.09842 0.04424 0.04005 0.05691 0.04835 0.08258 0.10362 0.08879 0.09251 2.61414 0.81731 0.76771 0.65333 0.52382 1.26938 0.26560 0.24923 0.55607 0.40552 0.45337 0.39995 0.31418 0.40606 2.19864 1.70622 2.01172 1.84489 0.08787 0.18640 0.55791 5.10146 2.88022
-9999 -9999 -9999 -9999 -9999 -9999 -9999 -9999 -9999 -9999 -9999 -9999 0.24035 0.10814 0.23189 0.29944 0.39937 0.43126 0.49791 0.91733 0.85682 1.24043 1.33622 1.44501 0.93022 0.86660 0.85442 0.98661 0.69638 0.55963 3.13195 2.45584 2.38056 0.16303 0.21718 0.21219 0.15852 0.27295 0.19036 0.08719 0.06322 0.05392 0.06695 0.04787 0.05181 0.15736 0.21212 0.09379 0.09456 0.05743 2.13622 2.50047 0.81915 1.40141 0.62212 0.21987 0.14847 0.61211 0.54006 0.56603 0.45553 0.36120 0.50065 2.46276 1.09765 1.01631 3.57788 0.09329 0.35050 0.32890 2.82977 6.50239
-9999 -9999 -9999 -9999 -9999 -9999 -9999 -9999 -9999 -9999 -9999 -9999 0.24100 0.06510 0.13379 0.13927 0.21200 0.51806 0.85578 1.21297 1.64240 1.04237 1.55380 1.38772 0.79520 0.86006 0.91115 1.11212 0.62281 0.60641 0.36809 0.14471 0.16711 0.20744 0.24286 0.26257 0.20489 0.46512 0.28424 0.09912 0.08420 0.06288 0.06173 0.05509 0.06342 3.05818 3.30087 4.50951 1.42131 1.04141 3.50296 2.38579 1.53237 1.08883 0.74029 0.13340 0.27677 0.74525 0.65840 0.44963 0.48440 0.48992 0.98971 0.67368 1.13491 4.28679 4.44851 4.70585 3.38574 5.45478 3.76901 4.73843
-9999 -9999 -9999 -9999 -9999 -9999 -9999 -9999 -9999 -9999 -9999 0.02900 0.01750 0.02209 0.04530 0.17234 0.17162 0.26168 0.40310 0.29398 0.21464 0.78878 1.11821 0.46631 0.33618 0.41944 0.67219 0.81312 0.46098 0.19639 0.13320 0.17515 0.15382 0.15026 0.14780 0.13636 0.15592 0.26322 0.27133 0.12888 0.11310 0.19262 0.24876 0.35989 0.22510 0.23960 0.25895 3.15263 3.42467 1.91146 2.08588 1.67978 1.52440 0.58988 0.17273 0.34547 0.62984 0.95060 0.85100 0.77469 1.12095 0.91271 1.32947 1.37493 1.65806 2.87278 3.36615 3.67893 4.16701 3.87940 9.49667 10.31280
-9999 -9999 -9999 -9999 -9999 -9999 -9999 -9999 -9999 -9999 -9999 0.00460 0.01933 0.02843 0.05681 0.11453 0.10177 0.15742 0.64705 0.28221 0.44400 1.18077 0.90656 0.54606 0.49532 0.62591 0.69049 0.61331 0.35486 0.23779 0.16700 0.10129 0.09897 0.12298 0.21696 0.37199 0.33482 0.44549 0.56035 0.23658 0.25707 0.52365 3.56375 4.19847 4.37768 4.92533 4.67503 1.54560 0.51877 0.23375 0.39807 0.39836 0.32972 0.25424 0.28771 1.55698 1.90101 3.09605 3.59401 1.69955 0.98758 1.84633 1.61746 1.25454 1.93493 4.50594 2.63222 4.55283 5.08816 7.90885 5.38821 10.45430
