data/hydroclimate-scenarios/BCSD_hadcm_A1B/monthly_summaries/baseflow_monthly_tot_may.2030-2059.asc
ncols	311
nrows	91
xllcenter	102.75
yllcenter	31.75
cellsize	0.5
NODATA_value	-9999
[rows 0 to 31 of 91, columns 72 to 143 of 311]
-9999 -9999 -9999 -9999 -9999 -9999 -9999 -9999 -9999 -9999 -9999 -9999 -9999 -9999 -9999 -9999 -9999 -9999 -9999 -9999 -9999 -9999 -9999 -9999 -9999 -9999 -9999 -9999 -9999 -9999 -9999 -9999 -9999 -9999 -9999 -9999 -9999 -9999 -9999 -9999 -9999 -9999 -9999 -9999 -9999 -9999 -9999 -9999 -9999 -9999 -9999 -9999 -9999 -9999 -9999 -9999 -9999 -9999 -9999 -9999 -9999 -9999 -9999 -9999 -9999 -9999 -9999 -9999 -9999 -9999 -9999 -9999
-9999 -9999 -9999 -9999 -9999 -9999 -9999 -9999 -9999 -9999 -9999 -9999 -9999 -9999 -9999 -9999 -9999 -9999 -9999 -9999 -9999 -9999 -9999 -9999 -9999 -9999 -9999 -9999 -9999 -9999 -9999 -9999 -9999 -9999 -9999 -9999 -9999 -9999 -9999 -9999 -9999 -9999 -9999 -9999 -9999 -9999 -9999 -9999 -9999 -9999 -9999 -9999 -9999 -9999 -9999 -9999 -9999 -9999 -9999 -9999 -9999 -9999 -9999 -9999 -9999 -9999 -9999 -9999 -9999 -9999 -9999 -9999
-9999 -9999 -9999 -9999 -9999 -9999 -9999 -9999 -9999 -9999 -9999 -9999 -9999 -9999 -9999 -9999 -9999 -9999 -9999 -9999 -9999 -9999 -9999 -9999 -9999 -9999 -9999 -9999 -9999 -9999 -9999 -9999 -9999 -9999 -9999 -9999 -9999 -9999 -9999 -9999 -9999 -9999 -9999 -9999 -9999 -9999 -9999 -9999 -9999 -9999 -9999 -9999 -9999 -9999 -9999 -9999 -9999 -9999 -9999 -9999 -9999 -9999 -9999 -9999 -9999 -9999 -9999 -9999 -9999 -9999 -9999 -9999
-9999 -9999 -9999 -9999 -9999 -9999 -9999 -9999 -9999 -9999 -9999 -9999 -9999 -9999 -9999 -9999 -9999 -9999 -9999 -9999 -9999 -9999 -9999 -9999 -9999 -9999 -9999 -9999 -9999 -9999 -9999 -9999 -9999 -9999 -9999 -9999 -9999 -9999 -9999 -9999 -9999 -9999 -9999 -9999 -9999 -9999 -9999 -9999 -9999 -9999 -9999 -9999 -9999 -9999 -9999 -9999 -9999 -9999 -9999 -9999 -9999 -9999 -9999 -9999 -9999 -9999 -9999 -9999 -9999 -9999 -9999 -9999
-9999 -9999 -9999 -9999 -9999 -9999 -9999 -9999 -9999 -9999 -9999 -9999 -9999 -9999 -9999 -9999 -9999 -9999 -9999 -9999 -9999 -9999 -9999 -9999 -9999 -9999 -9999 -9999 -9999 -9999 -9999 -9999 -9999 -9999 -9999 -9999 -9999 -9999 -9999 -9999 -9999 -9999 -9999 -9999 -9999 -9999 -9999 -9999 -9999 -9999 -9999 -9999 -9999 -9999 -9999 -9999 -9999 -9999 -9999 -9999 -9999 -9999 -9999 -9999 -9999 -9999 -9999 -9999 -9999 -9999 -9999 -9999
-9999 -9999 -9999 -9999 -9999 -9999 -9999 -9999 -9999 -9999 -9999 -9999 -9999 -9999 -9999 -9999 -9999 -9999 -9999 -9999 -9999 -9999 -9999 -9999 -9999 -9999 -9999 -9999 -9999 -9999 -9999 -9999 -9999 -9999 -9999 -9999 -9999 -9999 -9999 -9999 -9999 -9999 -9999 -9999 -9999 -9999 -9999 -9999 -9999 -9999 -9999 -9999 -9999 -9999 -9999 -9999 -9999 -9999 -9999 -9999 -9999 -9999 -9999 -9999 -9999 -9999 -9999 -9999 -9999 -9999 -9999 -9999
-9999 -9999 -9999 -9999 -9999 -9999 -9999 -9999 -9999 -9999 -9999 -9999 -9999 -9999 -9999 -9999 -9999 -9999 -9999 -9999 -9999 -9999 -9999 -9999 -9999 -9999 -9999 -9999 -9999 -9999 -9999 -9999 -9999 -9999 -9999 -9999 -9999 -9999 -9999 -9999 -9999 -9999 -9999 -9999 -9999 -9999 -9999 -9999 -9999 -9999 -9999 -9999 -9999 -9999 -9999 -9999 -9999 -9999 -9999 -9999 -9999 -9999 -9999 -9999 -9999 -9999 -9999 -9999 -9999 -9999 -9999 -9999
-9999 -9999 -9999 -9999 -9999 -9999 -9999 -9999 -9999 -9999 -9999 -9999 -9999 -9999 -9999 -9999 -9999 -9999 -9999 -9999 -9999 -9999 -9999 -9999 -9999 -9999 -9999 -9999 -9999 -9999 -9999 -9999 -9999 -9999 -9999 -9999 -9999 -9999 -9999 -9999 -9999 -9999 -9999 -9999 -9999 -9999 -9999 -9999 -9999 -9999 -9999 -9999 -9999 -9999 -9999 -9999 -9999 -9999 -9999 -9999 -9999 -9999 -9999 -9999 -9999 -9999 -9999 -9999 -9999 -9999 -9999 -9999
-9999 -9999 -9999 -9999 -9999 2.18705 -9999 -9999 -9999 -9999 -9999 -9999 -9999 -9999 -9999 -9999 -9999 -9999 -9999 -9999 -9999 -9999 -9999 -9999 -9999 -9999 -9999 -9999 -9999 -9999 -9999 -9999 -9999 -9999 -9999 -9999 -9999 -9999 -9999 -9999 -9999 -9999 -9999 -9999 -9999 -9999 -9999 -9999 -9999 -9999 -9999 -9999 -9999 -9999 -9999 -9999 -9999 -9999 -9999 -9999 -9999 -9999 -9999 -9999 -9999 -9999 -9999 -9999 -9999 -9999 -9999 -9999
-9999 0.86125 0.38656 2.01383 2.59779 3.08909 4.06161 2.65200 2.35135 1.54173 1.26248 0.33816 0.38582 0.25868 0.30700 0.32507 0.27425 0.30287 0.32746 0.67166 0.72959 -9999 -9999 -9999 -9999 -9999 -9999 -9999 -9999 -9999 -9999 -9999 -9999 -9999 -9999 -9999 -9999 -9999 -9999 -9999 -9999 -9999 -9999 -9999 -9999 -9999 -9999 -9999 -9999 -9999 -9999 -9999 -9999 -9999 -9999 -9999 -9999 -9999 -9999 -9999 -9999 -9999 -9999 -9999 -9999 -9999 -9999 -9999 -9999 -9999 -9999 -9999
-9999 -9999 -9999 1.51771 1.78186 2.05104 1.79181 1.45243 1.60057 1.69854 1.64626 2.64369 2.67726 1.16027 1.04792 1.72245 1.46147 2.01402 1.93035 0.38307 0.34461 -9999 -9999 -9999 -9999 -9999 -9999 -9999 -9999 -9999 -9999 -9999 -9999 -9999 -9999 -9999 -9999 -9999 -9999 -9999 -9999 -9999 -9999 -9999 -9999 -9999 -9999 -9999 -9999 -9999 -9999 -9999 -9999 -9999 -9999 -9999 -9999 -9999 -9999 -9999 -9999 -9999 -9999 -9999 -9999 -9999 -9999 -9999 -9999 -9999 -9999 -9999
0.77114 1.02836 1.26369 1.63137 2.42626 4.21959 3.55808 2.86457 3.20367 3.05605 2.92767 3.75638 3.83137 2.31084 1.97853 2.62092 2.43177 2.68458 2.28559 1.14163 1.94629 0.95312 1.05149 2.23205 2.31724 2.68353 2.30788 -9999 -9999 -9999 -9999 -9999 -9999 -9999 -9999 -9999 -9999 -9999 -9999 -9999 -9999 -9999 -9999 -9999 -9999 -9999 -9999 -9999 -9999 -9999 -9999 -9999 -9999 -9999 -9999 -9999 -9999 -9999 -9999 -9999 -9999 -9999 -9999 -9999 -9999 -9999 -9999 -9999 -9999 -9999 -9999 -9999
3.11464 2.93815 3.95078 5.95287 7.10747 7.13134 8.93672 6.68017 7.28669 7.27337 8.17959 8.16486 7.93809 5.46774 5.29932 6.97159 6.64056 9.17918 4.99672 3.58597 3.72245 3.77812 3.59056 5.98839 5.46952 4.69675 4.45669 3.14883 2.82647 2.78817 2.67344 1.39905 1.30594 1.17748 0.87991 0.40611 0.34980 0.49423 0.42978 0.63105 0.57782 0.25944 -9999 -9999 -9999 -9999 -9999 -9999 -9999 -9999 -9999 -9999 -9999 -9999 -9999 -9999 -9999 -9999 -9999 -9999 -9999 -9999 -9999 -9999 -9999 -9999 -9999 -9999 -9999 -9999 -9999 -9999
0.96873 0.99191 3.05271 6.83941 5.21211 7.99549 9.72962 7.58452 6.53086 8.66214 13.09370 10.09610 13.32180 11.63650 10.51920 11.99960 11.01860 9.72104 8.22828 6.98120 6.64271 6.99715 4.43059 8.14894 10.13520 8.52076 8.31071 4.73479 3.68881 4.19306 4.11631 1.31807 0.97563 1.13451 0.94627 0.69776 0.45397 0.67247 0.56067 0.92848 0.87428 0.34637 1.92423 -9999 -9999 -9999 -9999 -9999 -9999 -9999 -9999 -9999 -9999 -9999 -9999 -9999 -9999 -9999 -9999 -9999 -9999 -9999 -9999 -9999 -9999 -9999 -9999 -9999 -9999 -9999 -9999 -9999
6.45152 4.18932 7.83825 5.97373 5.75470 9.41043 9.62866 10.92080 13.61580 8.96610 9.77021 11.67160 11.97640 14.34390 14.82420 13.56030 11.32910 9.16008 13.32450 11.34650 11.17710 9.83339 9.99711 11.06860 8.67784 12.47630 13.37040 13.19670 10.72290 7.19349 6.35715 5.07400 4.78508 6.42751 6.13943 2.19739 1.76487 1.81864 1.49529 2.27581 1.93757 1.58345 1.06643 -9999 -9999 -9999 -9999 -9999 -9999 -9999 -9999 -9999 -9999 -9999 -9999 -9999 -9999 -9999 0.32478 0.45157 -9999 -9999 -9999 -9999 0.29544 0.78605 1.02572 0.88057 0.43169 0.60947 0.67885 0.58559
4.77620 3.47721 7.63232 5.06775 5.40550 6.56681 10.23650 9.85622 10.45510 7.97522 9.63443 11.15580 12.98370 13.93300 13.65270 12.36680 13.00710 15.84290 9.78585 11.28620 12.12090 11.96800 9.76653 9.49385 12.16590 9.88447 11.87030 16.48030 15.42730 10.34640 8.81338 7.29674 5.56773 6.23756 7.34982 2.24379 2.04649 2.28459 4.88353 8.85443 8.21003 7.55291 3.58809 1.98142 1.61666 3.18025 0.36428 1.25863 1.41477 0.95656 0.54382 0.60509 0.28810 1.04235 0.33363 0.07238 0.09930 1.06037 0.90220 0.63351 -9999 -9999 -9999 -9999 -9999 0.45635 0.90524 0.78051 0.90590 1.01950 0.67409 0.69606
2.69762 4.66651 5.20302 4.09806 7.36956 9.82413 8.53204 7.23692 7.96220 9.76458 12.68120 13.08450 13.80600 11.16620 18.47490 12.17720 10.42750 10.00660 12.01630 11.41320 11.39720 7.82997 7.10099 9.30846 10.36760 12.77000 13.93930 12.42870 9.22779 8.42243 7.32817 4.70363 6.14064 4.80704 2.37768 2.30928 1.57836 10.84680 7.20305 1.54079 5.97140 1.20816 1.41096 1.72687 1.28651 1.07267 1.21976 0.88525 0.88186 1.37683 0.77884 1.64891 1.30885 2.13558 2.69480 0.89495 0.99033 0.83595 0.56283 0.25323 0.28859 1.45904 1.77631 1.75080 1.77788 1.88116 2.21142 2.37480 1.65783 1.26904 0.67440 0.92972
7.02665 5.83244 3.35569 6.99610 5.65513 8.89468 10.31910 7.41151 7.30306 8.36913 11.36730 11.76190 21.28020 11.63660 9.40636 12.60420 12.29900 8.38420 11.19720 7.56006 10.73450 10.64470 11.50580 10.90670 13.89500 14.10200 16.89600 10.40600 7.25717 5.27215 4.05187 3.08265 5.88894 5.35311 2.89207 7.59339 2.42198 3.56494 1.86570 2.40142 2.95424 1.36507 0.56762 1.18026 1.74382 2.15876 2.52271 1.63212 1.75355 1.52283 2.87910 3.04970 3.50549 3.96180 3.24801 1.18767 1.01639 0.95867 1.13842 0.66542 0.61406 1.24266 1.93920 3.48150 6.02859 3.75861 3.48487 5.30841 4.27847 1.07987 1.13476 1.12327
5.58335 3.61843 1.97017 2.95954 2.27910 3.28730 4.73158 6.83634 6.91069 9.95931 13.38300 13.07240 13.39200 13.16760 12.11140 13.20570 13.63110 11.35900 8.92537 12.46410 14.53400 15.25740 18.81530 16.04070 15.19660 17.18140 15.21050 12.66960 12.67160 12.11490 24.05230 11.05390 7.76909 6.64799 6.35862 8.18427 12.00290 7.28330 4.99043 8.65064 9.76818 8.19756 5.37429 3.92945 3.97873 3.61135 6.88325 6.93134 5.81307 5.63113 5.43324 4.38181 4.96503 4.68207 5.04593 3.51084 4.05558 2.88663 1.73229 2.34626 2.36931 2.30948 3.32492 2.59300 2.94857 2.74041 3.15423 1.89536 1.38354 2.20919 2.17446 3.23168
4.31969 4.82769 3.69283 2.23962 2.47486 1.40774 1.65833 3.58065 3.20797 6.97275 12.51310 11.33340 17.77640 17.61190 14.43400 11.69180 13.64510 11.38580 13.17360 14.92220 16.61880 19.12870 22.57530 18.55620 17.44900 17.04960 20.25530 7.83520 20.42990 15.87430 12.43060 13.34930 14.87290 14.59420 8.59019 12.26190 12.15550 15.20090 14.96650 8.96801 8.88843 12.19150 10.49370 7.64484 8.04643 7.93932 3.86406 6.06869 5.85091 6.45590 7.67465 6.18992 5.76425 6.67494 7.37001 4.58569 3.54535 3.60646 3.68314 4.81553 5.91274 4.75489 4.49375 2.32419 3.53074 2.64091 3.09543 2.59039 2.25973 4.78212 7.52511 5.60967
4.64968 4.33257 4.80051 4.34092 1.99965 1.95662 1.27288 6.88079 1.74608 3.37838 6.20602 7.68560 8.93053 13.17340 16.97930 14.09630 15.50070 10.66520 15.75190 11.09320 11.96590 16.57720 19.55830 18.43140 18.04080 21.31730 23.26230 16.12740 13.08090 11.52010 10.14580 16.80150 18.69820 21.95500 16.89780 22.94070 18.68650 18.28740 20.75050 8.02107 8.19857 8.98180 7.62877 8.48527 7.36975 4.06994 6.41746 9.12113 7.70137 5.62295 5.86470 6.19663 5.14205 5.15307 4.66892 4.71465 3.84056 6.63546 4.18258 4.12162 5.00857 3.67625 5.25939 4.03276 5.40169 2.93196 2.98879 3.78866 5.05539 6.85376 8.13971 10.28120
5.49977 4.71146 6.21541 4.91634 4.56572 5.19885 4.95614 7.51539 3.78033 2.49063 5.90925 7.17316 10.38990 9.21875 11.62110 9.90552 11.72480 11.59000 8.18596 14.12150 12.12830 16.37630 22.74740 21.65270 24.95740 32.49440 34.85950 14.06910 14.11010 14.70960 10.89850 16.73190 11.26760 18.51710 17.59270 18.64630 17.01000 16.77210 23.50910 16.71990 12.85530 11.16100 17.49830 13.53210 11.99600 9.10101 8.42586 10.32020 9.58013 8.77184 7.64309 7.43483 5.67118 5.92396 5.64270 2.77528 5.75230 6.82342 3.79074 6.18001 6.38470 5.98410 8.85476 7.05170 6.38190 4.82091 5.57062 6.39313 7.56152 10.85030 13.07700 15.57380
8.67771 7.39296 7.17145 6.62729 8.84849 9.16552 6.65837 8.77039 7.74900 4.79523 2.44671 7.53425 3.40645 7.70934 5.44194 8.41440 10.93910 8.91548 11.56350 9.36588 16.99930 16.26630 12.89350 20.92970 27.24610 32.96010 28.34390 26.61450 22.42770 23.79250 22.24650 20.65000 26.92380 19.94080 18.76040 19.85250 24.86580 21.71760 23.38920 20.11150 14.64780 12.18740 16.79630 12.95950 9.79842 8.28223 7.40826 5.98698 4.84914 2.58149 2.57756 4.51754 2.43043 2.07372 1.41166 5.54889 4.36445 9.92262 11.22050 6.44407 8.30305 13.30100 13.34630 12.07610 14.35810 19.62220 19.22310 10.89430 7.66499 12.92310 17.28400 12.01760
13.67690 13.47800 7.58533 7.11732 7.34620 6.50176 6.88364 6.15889 4.28583 3.38163 8.49637 7.02926 7.18628 4.93130 7.90231 9.52777 7.64070 12.63620 7.23089 7.54124 9.32874 11.66350 23.87460 24.82680 30.93530 35.20460 31.59100 28.11120 29.84540 34.41240 34.35050 33.29460 30.11080 27.09120 22.66380 19.51170 22.69380 21.45230 21.21000 16.90860 19.00460 16.43210 14.60870 17.61340 17.30830 8.25336 8.49855 4.42057 5.00510 2.74785 3.04521 6.10213 6.00326 2.61957 2.07848 5.34536 4.60826 13.14400 14.66820 12.21230 12.50350 15.56510 13.39590 21.98080 16.46190 15.75330 20.66390 19.24430 14.82970 19.17430 21.89690 19.39040
14.80870 14.70220 12.96440 10.05270 8.17534 5.09554 4.81305 4.09704 3.59797 2.18564 6.09490 4.37002 9.06672 5.94352 6.01731 10.26220 9.14952 9.79716 13.42850 10.45530 11.52730 13.65640 15.89000 28.12470 35.79510 36.09740 28.66260 24.89740 27.86060 25.65250 25.80450 32.00780 30.79830 26.32930 27.89550 29.20390 26.56840 21.79000 19.71730 14.84040 13.16550 11.91730 13.72910 19.84420 19.47620 11.69290 9.80844 8.11957 7.07361 6.26163 8.42938 5.62194 3.13451 5.16724 6.12464 9.91730 10.77500 6.70504 10.91740 11.92350 17.44300 16.88150 21.12990 28.14020 18.35190 23.42920 28.63040 17.04850 21.15770 21.28400 20.46070 18.48410
14.86080 17.73370 17.24600 12.53480 11.68310 5.08482 3.49996 2.68507 2.78838 6.14529 8.56931 9.44655 10.99490 5.47098 6.99609 10.86340 13.04280 9.49666 10.69650 9.59218 16.96810 19.49970 23.72020 26.23340 19.59730 38.56120 41.76970 26.63600 26.95950 29.63480 29.51510 30.40910 28.92920 30.56010 23.57120 17.98580 21.25480 29.38140 15.78690 9.80201 13.88890 17.09670 12.46550 10.74930 16.93900 15.39130 13.86370 15.07190 11.84930 8.79057 10.33410 14.37780 17.51500 18.41690 15.08400 14.04190 13.31180 17.54450 14.07830 14.54050 15.31150 18.97250 22.89090 31.67750 31.01550 31.25170 30.02710 23.70580 18.81930 16.95430 24.95770 25.39600
14.66430 15.25670 14.84020 19.40970 15.03460 13.85320 7.64215 3.06001 4.82770 6.96224 11.84400 13.78250 14.31650 7.32421 7.97860 9.19830 11.62790 9.99335 11.08910 14.12280 20.08750 16.05620 26.24210 22.78800 18.47420 29.18060 38.04150 42.44360 36.66440 36.95990 47.28120 29.75110 25.45660 24.90880 27.81520 17.51000 15.19700 21.23310 28.33730 17.20330 15.09330 14.02240 16.93430 15.28060 15.81420 18.69320 15.98590 16.69350 14.44070 15.60540 14.23240 12.44520 14.31880 11.61570 14.03880 17.89360 27.39600 28.09750 36.87010 45.58500 42.97860 42.18280 47.16880 33.63690 37.47790 38.78470 36.35080 25.97710 20.16210 17.71150 22.47040 28.55610
21.02130 15.98920 17.83420 17.13300 22.42990 19.36570 18.93690 7.50806 4.23681 5.65810 6.88400 10.35850 14.04640 12.35000 13.11530 14.03440 11.96650 14.36900 15.75910 12.60130 20.28180 22.54730 28.79520 33.30190 26.05480 19.44860 32.61890 49.80000 42.49860 32.09010 35.22830 30.68980 26.81380 22.72060 28.91170 18.12090 22.67640 21.90400 22.25430 17.82420 17.10480 19.68950 18.33070 20.55230 18.12740 21.55570 20.57970 18.43340 18.55390 21.42420 20.70570 22.08110 31.54380 27.35610 35.16530 33.59070 42.81880 48.67680 52.49410 55.99800 51.66500 53.46360 51.08630 20.09100 21.94610 25.18220 26.58970 26.19120 33.93120 28.75820 27.99430 30.75190
23.07920 17.83540 21.04290 19.30170 15.75440 20.77980 21.41160 14.54000 11.81440 17.94920 17.07560 15.16760 14.11510 14.50570 14.87150 19.13030 19.14480 22.73590 18.47820 21.28970 20.92620 21.35290 33.29020 30.40030 38.14730 30.85200 42.20790 71.66280 48.92910 36.58510 26.65240 25.69290 26.77020 21.52450 17.42060 24.08400 17.76570 10.34970 7.22447 12.58940 11.54570 16.32550 19.78490 19.40450 24.81960 40.53050 41.70600 43.64350 45.87860 43.28770 45.12960 58.40950 57.29060 44.88060 47.67430 54.89480 63.70050 68.13410 64.72770 51.66340 52.85880 33.37960 16.31080 13.00380 14.58840 12.93520 14.30080 15.22400 19.00930 16.46430 18.92010 17.98340
26.04040 20.19400 19.14390 15.91690 16.73900 14.57440 25.20220 17.32310 13.98650 18.20660 21.05410 17.38930 13.20900 16.50060 13.93570 16.40220 21.72750 23.28760 22.42650 28.03650 25.29090 16.00300 25.98910 35.90960 37.88610 29.44360 38.29930 62.39890 46.56160 45.77350 55.36800 28.93530 30.46440 25.11280 25.34980 21.92290 19.84560 11.53950 11.01810 12.79880 22.39330 24.73810 31.11420 32.56570 38.55870 49.47720 51.43430 41.82260 47.05350 -9999 -9999 74.45530 79.15190 78.58450 69.58610 72.51700 74.80000 78.52270 66.87300 50.10420 25.28040 14.09810 9.91204 13.76290 9.54773 7.75057 6.20254 10.33230 19.64990 17.60920 31.98500 22.96530
33.81760 29.58440 24.66070 19.91280 16.50250 16.77740 17.77060 16.95690 13.24180 13.92950 13.55830 16.46240 17.28440 18.91920 17.32360 19.46340 23.54470 25.72240 24.87640 24.85120 29.16310 32.42190 24.82290 17.40600 28.71130 25.76060 34.07560 42.87200 41.88520 43.81940 61.03120 50.79720 40.56680 26.38250 18.20720 7.03224 18.07800 29.91510 -9999 -9999 -9999 -9999 52.08870 -9999 44.75930 43.39890 48.04370 45.13730 74.26800 -9999 -9999 64.12240 68.52030 67.63290 67.66610 83.31980 76.39020 58.37770 43.92330 47.98420 38.26200 26.21730 22.90820 21.17350 5.95664 6.88393 8.77714 17.03110 21.40330 26.18810 50.28660 -9999
37.12480 35.00180 28.33110 19.31090 22.89470 17.00830 23.88320 26.53150 20.36250 18.73080 18.82480 17.12060 15.23400 18.54970 30.85980 25.84160 24.72000 25.08320 24.72800 20.18590 31.45470 33.69910 38.44620 25.50500 29.93710 31.15960 29.13600 49.17000 54.71250 52.77920 51.53660 44.03850 42.85230 19.21200 25.83720 22.53110 -9999 -9999 -9999 -9999 -9999 -9999 -9999 54.55550 58.48590 57.74170 -9999 -9999 -9999 -9999 -9999 87.23220 79.30570 54.07210 63.99940 55.84250 67.07700 70.03220 48.06370 75.75810 69.78170 51.05750 39.61950 38.71160 40.20420 26.87700 13.23590 21.29560 50.90130 -9999 -9999 -9999
