data/hydroclimate-scenarios/BCSD_hadcm_A1B/monthly_summaries/baseflow_monthly_tot_oct.2030-2059.asc
ncols	311
nrows	91
xllcenter	102.75
yllcenter	31.75
cellsize	0.5
NODATA_value	-9999
[rows 0 to 31 of 91, columns 72 to 143 of 311]
-9999 -9999 -9999 -9999 -9999 -9999 -9999 -9999 -9999 -9999 -9999 -9999 -9999 -9999 -9999 -9999 -9999 -9999 -9999 -9999 -9999 -9999 -9999 -9999 -9999 -9999 -9999 -9999 -9999 -9999 -9999 -9999 -9999 -9999 -9999 -9999 -9999 -9999 -9999 -9999 -9999 -9999 -9999 -9999 -9999 -9999 -9999 -9999 -9999 -9999 -9999 -9999 -9999 -9999 -9999 -9999 -9999 -9999 -9999 -9999 -9999 -9999 -9999 -9999 -9999 -9999 -9999 -9999 -9999 -9999 -9999 -9999
-9999 -9999 -9999 -9999 -9999 -9999 -9999 -9999 -9999 -9999 -9999 -9999 -9999 -9999 -9999 -9999 -9999 -9999 -9999 -9999 -9999 -9999 -9999 -9999 -9999 -9999 -9999 -9999 -9999 -9999 -9999 -9999 -9999 -9999 -9999 -9999 -9999 -9999 -9999 -9999 -9999 -9999 -9999 -9999 -9999 -9999 -9999 -9999 -9999 -9999 -9999 -9999 -9999 -9999 -9999 -9999 -9999 -9999 -9999 -9999 -9999 -9999 -9999 -9999 -9999 -9999 -9999 -9999 -9999 -9999 -9999 -9999
-9999 -9999 -9999 -9999 -9999 -9999 -9999 -9999 -9999 -9999 -9999 -9999 -9999 -9999 -9999 -9999 -9999 -9999 -9999 -9999 -9999 -9999 -9999 -9999 -9999 -9999 -9999 -9999 -9999 -9999 -9999 -9999 -9999 -9999 -9999 -9999 -9999 -9999 -9999 -9999 -9999 -9999 -9999 -9999 -9999 -9999 -9999 -9999 -9999 -9999 -9999 -9999 -9999 -9999 -9999 -9999 -9999 -9999 -9999 -9999 -9999 -9999 -9999 -9999 -9999 -9999 -9999 -9999 -9999 -9999 -9999 -9999
-9999 -9999 -9999 -9999 -9999 -9999 -9999 -9999 -9999 -9999 -9999 -9999 -9999 -9999 -9999 -9999 -9999 -9999 -9999 -9999 -9999 -9999 -9999 -9999 -9999 -9999 -9999 -9999 -9999 -9999 -9999 -9999 -9999 -9999 -9999 -9999 -9999 -9999 -9999 -9999 -9999 -9999 -9999 -9999 -9999 -9999 -9999 -9999 -9999 -9999 -9999 -9999 -9999 -9999 -9999 -9999 -9999 -9999 -9999 -9999 -9999 -9999 -9999 -9999 -9999 -9999 -9999 -9999 -9999 -9999 -9999 -9999
-9999 -9999 -9999 -9999 -9999 -9999 -9999 -9999 -9999 -9999 -9999 -9999 -9999 -9999 -9999 -9999 -9999 -9999 -9999 -9999 -9999 -9999 -9999 -9999 -9999 -9999 -9999 -9999 -9999 -9999 -9999 -9999 -9999 -9999 -9999 -9999 -9999 -9999 -9999 -9999 -9999 -9999 -9999 -9999 -9999 -9999 -9999 -9999 -9999 -9999 -9999 -9999 -9999 -9999 -9999 -9999 -9999 -9999 -9999 -9999 -9999 -9999 -9999 -9999 -9999 -9999 -9999 -9999 -9999 -9999 -9999 -9999
-9999 -9999 -9999 -9999 -9999 -9999 -9999 -9999 -9999 -9999 -9999 -9999 -9999 -9999 -9999 -9999 -9999 -9999 -9999 -9999 -9999 -9999 -9999 -9999 -9999 -9999 -9999 -9999 -9999 -9999 -9999 -9999 -9999 -9999 -9999 -9999 -9999 -9999 -9999 -9999 -9999 -9999 -9999 -9999 -9999 -9999 -9999 -9999 -9999 -9999 -9999 -9999 -9999 -9999 -9999 -9999 -9999 -9999 -9999 -9999 -9999 -9999 -9999 -9999 -9999 -9999 -9999 -9999 -9999 -9999 -9999 -9999
-9999 -9999 -9999 -9999 -9999 -9999 -9999 -9999 -9999 -9999 -9999 -9999 -9999 -9999 -9999 -9999 -9999 -9999 -9999 -9999 -9999 -9999 -9999 -9999 -9999 -9999 -9999 -9999 -9999 -9999 -9999 -9999 -9999 -9999 -9999 -9999 -9999 -9999 -9999 -9999 -9999 -9999 -9999 -9999 -9999 -9999 -9999 -9999 -9999 -9999 -9999 -9999 -9999 -9999 -9999 -9999 -9999 -9999 -9999 -9999 -9999 -9999 -9999 -9999 -9999 -9999 -9999 -9999 -9999 -9999 -9999 -9999
-9999 -9999 -9999 -9999 -9999 -9999 -9999 -9999 -9999 -9999 -9999 -9999 -9999 -9999 -9999 -9999 -9999 -9999 -9999 -9999 -9999 -9999 -9999 -9999 -9999 -9999 -9999 -9999 -9999 -9999 -9999 -9999 -9999 -9999 -9999 -9999 -9999 -9999 -9999 -9999 -9999 -9999 -9999 -9999 -9999 -9999 -9999 -9999 -9999 -9999 -9999 -9999 -9999 -9999 -9999 -9999 -9999 -9999 -9999 -9999 -9999 -9999 -9999 -9999 -9999 -9999 -9999 -9999 -9999 -9999 -9999 -9999
-9999 -9999 -9999 -9999 -9999 0.79383 -9999 -9999 -9999 -9999 -9999 -9999 -9999 -9999 -9999 -9999 -9999 -9999 -9999 -9999 -9999 -9999 -9999 -9999 -9999 -9999 -9999 -9999 -9999 -9999 -9999 -9999 -9999 -9999 -9999 -9999 -9999 -9999 -9999 -9999 -9999 -9999 -9999 -9999 -9999 -9999 -9999 -9999 -9999 -9999 -9999 -9999 -9999 -9999 -9999 -9999 -9999 -9999 -9999 -9999 -9999 -9999 -9999 -9999 -9999 -9999 -9999 -9999 -9999 -9999 -9999 -9999
-9999 1.57304 0.02997 0.23410 0.46658 0.71855 1.13929 0.91328 1.07394 1.06703 1.06978 0.57881 0.69318 0.71806 0.95282 0.91115 0.71635 0.56888 0.65557 0.78750 0.81984 -9999 -9999 -9999 -9999 -9999 -9999 -9999 -9999 -9999 -9999 -9999 -9999 -9999 -9999 -9999 -9999 -9999 -9999 -9999 -9999 -9999 -9999 -9999 -9999 -9999 -9999 -9999 -9999 -9999 -9999 -9999 -9999 -9999 -9999 -9999 -9999 -9999 -9999 -9999 -9999 -9999 -9999 -9999 -9999 -9999 -9999 -9999 -9999 -9999 -9999 -9999
-9999 -9999 -9999 0.10571 0.14058 0.06896 0.11500 0.08612 0.12974 0.17019 0.25400 0.80212 0.79290 0.88785 0.89127 0.61606 0.63799 0.91961 0.97952 0.93133 0.87973 -9999 -9999 -9999 -9999 -9999 -9999 -9999 -9999 -9999 -9999 -9999 -9999 -9999 -9999 -9999 -9999 -9999 -9999 -9999 -9999 -9999 -9999 -9999 -9999 -9999 -9999 -9999 -9999 -9999 -9999 -9999 -9999 -9999 -9999 -9999 -9999 -9999 -9999 -9999 -9999 -9999 -9999 -9999 -9999 -9999 -9999 -9999 -9999 -9999 -9999 -9999
0.06257 0.16053 0.23514 0.13428 0.22209 0.12189 0.14068 0.08324 0.17428 0.22368 0.24060 0.74365 0.87370 0.94824 0.96644 0.81374 0.83919 0.97096 0.89271 1.24140 2.04353 0.66754 0.70023 0.51697 0.47044 0.21105 0.28416 -9999 -9999 -9999 -9999 -9999 -9999 -9999 -9999 -9999 -9999 -9999 -9999 -9999 -9999 -9999 -9999 -9999 -9999 -9999 -9999 -9999 -9999 -9999 -9999 -9999 -9999 -9999 -9999 -9999 -9999 -9999 -9999 -9999 -9999 -9999 -9999 -9999 -9999 -9999 -9999 -9999 -9999 -9999 -9999 -9999
0.13680 0.19481 0.30951 0.31774 0.35416 0.11516 0.20799 0.04433 0.06502 0.53653 0.63988 0.84118 0.79720 0.68722 0.81908 0.98985 0.99060 2.37015 1.00499 1.19184 1.19318 1.14838 0.94648 0.72130 0.58022 0.21110 0.20578 0.07076 0.04213 0.02989 0.01808 0.10528 0.09747 0.07486 0.05843 0.03630 0.03334 0.02706 0.02589 0.03885 0.04081 0.03836 -9999 -9999 -9999 -9999 -9999 -9999 -9999 -9999 -9999 -9999 -9999 -9999 -9999 -9999 -9999 -9999 -9999 -9999 -9999 -9999 -9999 -9999 -9999 -9999 -9999 -9999 -9999 -9999 -9999 -9999
0.02275 0.08676 0.39275 0.41844 0.38641 0.18594 0.25029 0.06125 0.04004 0.56555 0.85305 0.86722 1.41890 1.15873 1.21534 1.36023 1.24062 0.99463 1.06146 1.37693 1.50364 1.48492 0.80802 0.64309 0.75813 0.32569 0.30563 0.08384 0.06722 0.02419 0.01963 0.08299 0.06239 0.05642 0.04826 0.04867 0.03734 0.02994 0.02757 0.04972 0.05777 0.04424 0.62397 -9999 -9999 -9999 -9999 -9999 -9999 -9999 -9999 -9999 -9999 -9999 -9999 -9999 -9999 -9999 -9999 -9999 -9999 -9999 -9999 -9999 -9999 -9999 -9999 -9999 -9999 -9999 -9999 -9999
1.00687 0.42027 1.55951 0.42632 0.40835 0.58892 0.57294 0.92375 0.87525 1.14373 1.09802 1.12854 1.05936 1.09573 1.16011 1.31599 1.35366 1.06533 3.75086 1.26538 1.17931 0.93384 0.82114 0.72678 0.75940 0.34323 0.17948 0.14856 0.11453 0.07160 0.04564 0.02334 0.02170 0.03776 0.04785 0.08666 0.07433 0.07476 0.07514 0.07151 0.07905 0.09185 0.06923 -9999 -9999 -9999 -9999 -9999 -9999 -9999 -9999 -9999 -9999 -9999 -9999 -9999 -9999 -9999 0.04536 0.06736 -9999 -9999 -9999 -9999 0.30051 1.16877 2.30144 1.43490 0.20527 0.42464 0.29266 0.24255
0.92110 0.35077 1.21416 0.27438 0.29010 0.27143 0.54557 0.78526 0.82828 0.78467 0.86645 1.05175 1.15504 1.07528 0.93341 0.85668 0.70600 2.92263 0.64511 0.79952 0.80165 0.72791 0.52428 0.37345 0.30176 0.04609 0.05014 0.07387 0.05333 0.03162 0.01979 0.01417 0.00877 0.01284 0.03330 0.07474 0.06362 0.05689 0.25196 0.55894 0.51974 0.72241 0.27669 0.23613 0.22686 0.52137 0.06038 0.20906 0.36342 0.13520 0.13616 0.14811 0.08384 0.28019 0.06296 0.01127 0.01059 0.07393 0.07985 0.05759 -9999 -9999 -9999 -9999 -9999 0.12541 0.46362 0.70805 1.46398 2.08618 0.91502 1.16837
0.43214 0.89605 1.51370 0.25965 0.44672 0.60579 0.46079 0.72130 0.58693 0.45781 0.50860 0.51917 0.52808 0.33903 1.20568 0.42610 0.54154 0.26173 0.12795 0.37260 0.32028 0.47172 0.38787 0.34631 0.31735 0.12283 0.11626 0.01920 0.01618 0.00971 0.00519 0.00824 0.00924 0.02118 0.02239 0.12080 0.11557 0.96726 0.54933 0.11615 0.84461 0.11299 0.10856 0.13708 0.12464 0.11483 0.10316 0.09008 0.15652 0.14339 0.06902 0.10228 0.39113 0.82332 0.18557 0.42764 0.65534 0.26949 0.04950 0.07451 0.12736 0.15382 0.14149 0.12650 0.15889 0.15041 0.26614 0.27073 0.45900 2.50072 1.13227 3.07294
4.00689 0.77967 1.34450 1.47083 0.82085 0.81532 1.03345 0.44187 0.28702 0.19562 0.23618 0.29994 1.17953 0.26656 0.48032 0.49008 0.34997 0.16523 0.40526 0.20131 0.11941 0.31754 0.27857 0.21230 0.18004 0.06277 0.05089 0.01453 0.01563 0.00633 0.00604 0.00805 0.00712 0.01292 0.01491 0.72405 0.09949 0.09675 0.10047 0.13538 0.12846 0.06877 0.07358 0.13852 0.13545 0.11786 0.09914 0.04865 0.04821 0.06163 0.06268 0.07952 0.07856 0.14394 0.55644 0.67885 0.38033 0.31854 0.53508 0.47892 1.37030 0.51016 0.08584 0.15082 0.29963 0.17691 0.19428 0.41105 2.01869 3.28688 4.05680 5.67488
3.46719 2.04625 0.02442 0.59774 0.18707 0.28369 0.82062 0.58856 0.27107 0.32609 0.34901 0.34460 0.39836 0.37792 0.41388 0.24069 0.18415 0.22028 0.75644 0.39296 0.11243 0.22198 0.11307 0.03727 0.03223 0.01174 0.01341 0.01232 0.01160 0.01017 0.57385 0.01785 0.01063 0.01388 0.01384 0.01737 0.02847 0.02452 0.03035 0.02071 0.02197 0.08594 0.09468 0.06692 0.02096 0.01267 0.01769 0.01099 0.01127 0.02192 0.02385 0.22753 0.28392 0.06805 0.06275 0.03697 0.87978 0.70435 0.75032 2.15662 3.71869 5.34093 2.88850 2.02432 1.15693 0.74505 0.62781 1.44481 2.08940 2.75154 3.64244 5.90820
2.26274 2.43044 2.45332 0.55529 0.10812 0.06127 0.28260 0.44549 0.10613 1.09695 1.25292 0.73228 0.58234 0.33348 0.16285 0.02188 0.06856 0.09888 0.18032 0.29789 0.07901 0.15042 0.10906 0.02294 0.01298 0.01011 0.00544 0.00609 0.24457 0.01033 0.01297 0.03075 0.01510 0.00794 0.00586 0.01216 0.01907 0.03706 0.08322 0.04773 0.02997 0.05704 0.06186 0.06287 0.06831 0.06126 0.02235 0.00667 0.01758 0.05026 0.03501 0.23826 0.18188 0.33434 0.80442 0.82528 2.26345 0.80964 0.42128 1.14063 1.94128 1.63004 4.01220 5.01228 2.72054 4.87711 1.94621 2.08140 2.34052 4.10588 2.53303 2.89432
1.49050 2.72409 3.53599 4.15075 0.33242 0.02126 0.00094 0.38818 0.01653 0.12527 1.05209 2.31867 4.50904 2.03771 0.86517 0.08253 0.01543 0.01043 0.01861 0.00725 0.00925 0.01822 0.00709 0.00384 0.00563 0.00323 0.00180 0.00614 0.00650 0.00556 0.00822 0.04338 0.06175 0.04799 0.06446 0.11406 0.15321 0.06477 0.09038 0.05329 0.08005 0.04625 0.03254 0.07359 0.06340 0.03224 0.04484 0.01556 0.01000 0.00581 0.01281 0.18580 0.18896 0.20377 0.27575 0.90457 2.08475 1.32957 3.56747 2.70950 2.21503 1.21972 1.83689 1.11966 2.09587 1.15687 1.70075 2.30249 4.02713 2.26941 1.31027 1.67719
2.04136 3.79518 5.19097 3.77558 2.40973 1.61165 0.87213 0.80409 0.12307 0.00640 0.05679 0.40845 1.30705 2.50948 2.97759 1.64438 1.09981 0.31499 0.00798 0.02052 0.01328 0.01611 0.03304 0.01573 0.01741 0.00790 0.01384 0.00689 0.01199 0.01458 0.04081 0.33224 0.11397 0.32710 0.28806 0.08680 0.09204 0.01462 0.23152 0.27469 0.17778 0.04663 0.46073 0.23363 0.37702 0.20547 0.10259 0.08607 0.06186 0.78196 0.31763 1.19848 0.40310 1.03671 0.95823 1.85555 1.46628 1.21541 1.98538 1.33757 1.55706 2.06299 1.05341 1.39669 0.83036 3.34473 3.06425 3.21123 2.97340 1.26329 1.05425 1.89076
3.12792 4.20692 2.76194 3.89887 5.26624 3.42979 1.29024 1.58357 0.57261 0.08180 0.05813 0.18261 0.00451 0.08515 0.01792 0.24662 2.12020 1.73321 1.13542 0.35681 0.75291 0.28352 0.09402 0.04233 0.05864 0.02412 0.01985 0.04930 0.02639 0.03226 0.04004 0.10075 0.10525 0.19875 0.03268 0.03530 0.10865 0.42787 0.44720 0.16912 0.05720 0.06345 0.27778 0.38016 0.62938 0.55812 0.13216 0.31625 1.11411 1.69525 0.99714 2.15210 3.35891 1.98506 3.87366 1.58891 2.76705 1.34267 0.64217 0.83027 0.68785 1.38601 0.78568 3.82406 2.28765 1.76844 1.43806 1.79118 1.96551 1.43752 1.70090 3.12985
2.20722 1.80732 0.45785 2.06705 3.48215 2.43758 2.55850 1.71017 0.45607 0.06119 0.79323 0.84647 0.40419 1.62488 2.46805 4.59590 0.00057 1.15089 3.09077 3.66796 2.46983 1.50954 0.36498 0.10249 0.10498 0.04519 0.05583 0.05252 0.04961 0.15052 0.18367 0.13659 0.08886 0.02562 0.02688 0.03874 0.05130 0.21297 0.37395 1.87906 0.93676 0.35494 0.28816 0.00845 0.04208 0.05005 0.15126 0.37980 0.91256 2.24883 0.83552 1.50226 1.46230 3.65821 4.33462 2.42519 2.29561 2.13222 1.20804 0.60797 0.61205 0.90241 1.57752 1.25281 1.29140 1.28195 1.15021 1.82223 2.53259 1.89622 2.10023 1.97214
1.72973 1.64936 0.69843 1.60987 0.85018 0.42172 0.46010 0.08556 0.12231 0.07715 0.10618 0.02621 0.17351 0.56658 0.76626 2.70280 3.16090 1.02530 0.47428 0.79472 1.09716 0.99614 0.91174 0.49470 0.25485 0.05536 0.02372 0.03179 0.03255 0.03277 0.03671 0.04021 0.04931 0.05266 0.05993 0.21995 0.23177 0.12457 0.33241 2.44524 1.32271 1.28796 0.78210 0.09805 0.10423 0.17983 0.30175 0.36161 1.92647 2.15920 1.50740 0.60432 2.48209 1.76449 1.76332 1.53377 1.56694 2.50999 0.82956 1.17233 1.68460 1.15246 0.70250 0.68160 0.76880 0.90827 2.33052 2.69053 2.70245 1.83531 2.17711 2.11264
2.29472 4.46500 3.72951 2.35258 0.89443 0.13795 0.04946 0.00795 0.00450 0.18417 1.05136 0.92936 0.16171 0.04652 0.25252 1.26214 2.27723 4.08549 3.07543 0.86959 0.50880 0.40422 0.89355 1.22771 0.19347 0.07203 0.06949 0.02222 0.04978 0.02228 0.03703 0.01302 0.02567 0.08485 0.11790 0.07104 0.71682 0.74139 0.67348 3.60027 3.95861 3.33342 5.00230 1.65822 0.77492 0.23206 0.29994 0.18689 0.35958 1.76372 0.47066 0.48898 1.08834 0.79987 0.75879 0.91023 1.55613 1.39325 1.28739 0.88543 0.95503 1.11877 1.33166 1.56995 1.13061 1.23971 1.86386 1.91597 1.76814 1.39961 2.94877 2.99187
4.76236 6.67894 5.48901 3.81976 1.25091 0.56735 0.09369 0.00928 0.04725 0.02725 0.28188 2.64226 1.20830 0.41529 0.39176 0.62221 2.72227 3.65760 3.95353 1.81216 2.29065 1.55792 1.34254 0.85124 0.18509 0.61467 0.40676 0.03375 0.03511 0.03005 0.18208 0.15860 0.36732 0.75203 0.37192 0.19414 0.92818 0.60968 2.11523 3.83972 5.44469 4.10770 2.21974 1.92123 1.13041 2.48350 0.88786 0.48134 1.70723 0.78525 1.24690 1.13228 1.71309 2.34078 2.65987 2.89583 1.26714 1.02609 1.29851 1.18983 1.77656 1.66808 1.81071 1.31291 0.76019 1.27563 0.80335 3.19581 4.17355 3.55755 3.09879 4.22438
4.62066 8.31410 6.57208 7.26343 3.42941 0.85674 0.48987 0.07435 0.00735 0.00165 0.01007 0.35440 2.22420 2.06979 2.29711 2.66515 1.03389 1.66009 1.45529 4.11471 1.92240 1.77101 1.36098 1.85585 1.11030 1.62504 0.82520 0.12480 0.03641 0.14852 0.20098 0.20103 0.50911 1.04312 0.72250 0.40566 1.44817 3.00702 2.55553 2.87429 4.35280 3.01853 4.24560 3.47213 3.41508 1.10041 1.59683 1.92749 1.64260 1.50108 1.89706 1.40463 1.51205 2.58591 2.29952 2.22212 1.82204 1.63409 2.29241 1.96828 2.40214 3.45142 2.98659 2.96461 1.82732 1.94896 2.05614 4.34994 3.16017 3.19707 4.10547 3.56662
6.08325 8.68672 7.12193 6.92072 7.53697 5.19905 1.65097 1.32387 0.84202 0.66357 1.13639 0.91728 1.45769 4.70997 3.00979 1.69349 1.00276 1.47526 0.87724 1.20646 2.36598 2.41068 1.89531 1.50925 0.97503 0.71492 0.75318 0.54531 0.30083 0.50220 0.27417 0.27884 0.44579 0.96422 0.84972 1.15049 2.03198 4.90599 6.00484 5.33424 3.60170 6.36255 2.45571 2.42127 2.25928 0.78802 0.15309 0.40168 0.48434 0.37097 0.38337 0.44321 1.79573 1.57134 2.12882 2.19784 1.34196 2.80719 1.28642 2.67067 3.41225 2.47035 3.87976 4.50373 3.95400 4.65657 4.78556 5.38536 5.22766 4.79776 5.11368 7.21416
6.01139 8.90668 7.40874 9.88794 8.02891 8.31478 6.73136 6.82945 7.13387 7.62790 5.63428 4.04968 4.34629 5.18657 2.43515 2.62239 3.08865 1.15955 1.02771 1.88877 3.04570 4.32738 1.80394 1.98547 1.08174 1.61392 1.01032 1.45914 1.28571 0.72536 1.12839 0.56274 0.83221 2.64046 2.21963 2.00040 2.52086 5.12437 5.66169 4.40644 2.37314 3.60112 2.04908 0.93809 0.94573 0.41574 0.32120 1.20232 0.55693 -9999 -9999 1.09644 2.92137 1.90718 2.40519 3.71556 2.11826 1.73672 2.21725 2.88051 4.04529 5.16392 4.93436 4.05777 5.67356 6.55437 8.08351 8.15894 8.20851 9.53072 7.27528 8.61610
6.94452 8.87102 9.19945 11.85880 8.18117 7.76408 7.22959 8.91821 6.55448 5.02736 5.86712 6.84967 7.81304 3.94335 2.44651 5.60273 4.05646 2.10315 3.75667 3.27413 3.44487 4.07136 3.21571 5.20184 3.92182 3.10032 2.28545 1.23116 1.40104 1.19445 1.26376 2.35735 3.05028 3.77908 2.52503 2.88553 2.96193 2.33537 -9999 -9999 -9999 -9999 1.08347 -9999 1.27606 4.65153 2.21863 0.78983 0.75408 -9999 -9999 1.69013 2.85922 3.74031 3.21398 2.06634 2.11843 2.12854 2.60743 1.95151 2.63148 3.99063 3.22842 3.73707 8.48362 8.45811 8.36433 5.90586 4.47267 4.78345 6.89359 -9999
6.68709 9.26398 10.11270 9.46481 6.02312 10.81240 9.95995 5.13077 4.48294 3.11049 3.86516 5.24464 5.47869 4.26202 2.79422 6.02906 5.93752 6.30303 5.01760 7.22271 5.51661 6.38520 6.98263 4.48374 3.85096 3.17555 3.73413 4.20468 3.42160 2.88613 2.93777 5.66081 4.95623 4.63865 2.96154 2.53459 -9999 -9999 -9999 -9999 -9999 -9999 -9999 1.57178 2.68583 2.37565 -9999 -9999 -9999 -9999 -9999 5.19383 2.44985 4.53654 5.77920 7.61374 6.53110 2.61063 3.09893 1.38220 1.55414 3.09173 6.96680 5.31627 3.06247 6.18837 7.48872 5.62299 3.28553 -9999 -9999 -9999
