data/hydroclimate-scenarios/BCSD_hadcm_A1B/monthly_summaries/baseflow_monthly_tot_jul.2070-2099.asc
ncols	311
nrows	91
xllcenter	102.75
yllcenter	31.75
cellsize	0.5
NODATA_value	-9999
[rows 0 to 31 of 91, columns 0 to 72 of 311]
-9999 -9999 -9999 -9999 -9999 -9999 -9999 -9999 -9999 -9999 -9999 -9999 -9999 -9999 -9999 -9999 -9999 -9999 -9999 -9999 -9999 -9999 -9999 -9999 -9999 -9999 -9999 -9999 -9999 -9999 -9999 -9999 -9999 -9999 -9999 -9999 -9999 -9999 -9999 -9999 -9999 -9999 -9999 -9999 -9999 -9999 -9999 -9999 -9999 -9999 -9999 -9999 -9999 -9999 -9999 -9999 -9999 -9999 -9999 -9999 -9999 -9999 -9999 -9999 -9999 -9999 -9999 -9999 -9999 -9999 -9999 -9999 -9999
-9999 -9999 -9999 -9999 -9999 -9999 -9999 -9999 -9999 -9999 -9999 -9999 -9999 -9999 -9999 -9999 -9999 -9999 -9999 -9999 -9999 -9999 -9999 -9999 -9999 -9999 -9999 -9999 -9999 -9999 -9999 -9999 -9999 -9999 -9999 -9999 -9999 -9999 -9999 -9999 -9999 -9999 -9999 -9999 -9999 -9999 -9999 -9999 -9999 -9999 -9999 -9999 -9999 -9999 -9999 -9999 -9999 -9999 -9999 -9999 -9999 -9999 -9999 -9999 -9999 -9999 -9999 -9999 -9999 -9999 -9999 -9999 -9999
-9999 -9999 -9999 -9999 -9999 -9999 -9999 -9999 -9999 -9999 -9999 -9999 -9999 -9999 -9999 -9999 -9999 -9999 -9999 -9999 -9999 -9999 -9999 -9999 -9999 -9999 -9999 -9999 -9999 -9999 -9999 -9999 -9999 -9999 -9999 -9999 -9999 -9999 -9999 -9999 -9999 -9999 -9999 -9999 -9999 -9999 -9999 -9999 -9999 -9999 -9999 -9999 -9999 -9999 -9999 -9999 -9999 -9999 -9999 -9999 -9999 -9999 -9999 -9999 -9999 -9999 -9999 -9999 -9999 -9999 -9999 -9999 -9999
-9999 -9999 -9999 -9999 -9999 -9999 -9999 -9999 -9999 -9999 -9999 -9999 -9999 -9999 -9999 -9999 -9999 -9999 -9999 -9999 -9999 -9999 -9999 -9999 -9999 -9999 -9999 -9999 -9999 -9999 -9999 -9999 -9999 -9999 -9999 -9999 -9999 -9999 -9999 -9999 -9999 -9999 -9999 -9999 -9999 -9999 -9999 -9999 -9999 -9999 -9999 -9999 -9999 -9999 -9999 -9999 -9999 -9999 -9999 -9999 -9999 -9999 -9999 -9999 -9999 -9999 -9999 -9999 -9999 -9999 -9999 -9999 -9999
-9999 -9999 -9999 -9999 -9999 -9999 -9999 -9999 -9999 -9999 -9999 -9999 -9999 -9999 -9999 -9999 -9999 -9999 -9999 -9999 -9999 -9999 -9999 -9999 -9999 -9999 -9999 -9999 -9999 -9999 -9999 -9999 -9999 -9999 -9999 -9999 -9999 -9999 -9999 -9999 -9999 -9999 -9999 -9999 -9999 -9999 -9999 -9999 -9999 -9999 -9999 -9999 -9999 -9999 -9999 -9999 -9999 -9999 -9999 -9999 -9999 -9999 -9999 -9999 -9999 -9999 -9999 -9999 -9999 -9999 -9999 -9999 -9999
-9999 -9999 -9999 -9999 -9999 -9999 -9999 -9999 -9999 -9999 -9999 -9999 -9999 -9999 -9999 -9999 -9999 -9999 -9999 -9999 -9999 -9999 -9999 -9999 -9999 -9999 -9999 -9999 -9999 -9999 -9999 -9999 -9999 -9999 -9999 -9999 -9999 -9999 -9999 -9999 -9999 -9999 -9999 -9999 -9999 -9999 -9999 -9999 -9999 -9999 -9999 -9999 -9999 -9999 -9999 -9999 -9999 -9999 -9999 -9999 -9999 -9999 -9999 -9999 -9999 -9999 -9999 -9999 -9999 -9999 -9999 -9999 -9999
-9999 -9999 -9999 -9999 -9999 -9999 -9999 -9999 -9999 -9999 -9999 -9999 -9999 -9999 -9999 -9999 -9999 -9999 -9999 -9999 -9999 -9999 -9999 -9999 -9999 -9999 -9999 -9999 -9999 -9999 -9999 -9999 -9999 -9999 -9999 -9999 -9999 -9999 -9999 -9999 -9999 -9999 -9999 -9999 -9999 -9999 -9999 -9999 -9999 -9999 -9999 -9999 -9999 -9999 -9999 -9999 -9999 -9999 -9999 -9999 -9999 -9999 -9999 -9999 -9999 -9999 -9999 -9999 -9999 -9999 -9999 -9999 -9999
-9999 -9999 -9999 -9999 -9999 -9999 -9999 -9999 -9999 -9999 -9999 -9999 -9999 -9999 -9999 -9999 -9999 -9999 -9999 -9999 -9999 -9999 -9999 -9999 -9999 -9999 -9999 -9999 -9999 -9999 -9999 -9999 -9999 -9999 -9999 -9999 -9999 -9999 -9999 -9999 -9999 -9999 1.45509 1.55683 1.44137 1.38958 1.32660 1.21952 1.11855 1.05409 1.08727 4.12079 -9999 -9999 -9999 -9999 -9999 -9999 -9999 -9999 -9999 -9999 -9999 -9999 -9999 -9999 -9999 -9999 -9999 -9999 -9999 -9999 -9999
-9999 -9999 -9999 -9999 -9999 -9999 -9999 -9999 -9999 -9999 -9999 -9999 -9999 -9999 -9999 -9999 -9999 -9999 -9999 -9999 -9999 -9999 -9999 -9999 -9999 -9999 -9999 -9999 -9999 -9999 -9999 -9999 -9999 -9999 -9999 -9999 -9999 -9999 1.23017 2.66713 1.74463 1.43920 1.48014 1.41587 1.27186 1.53187 1.48658 1.35613 1.13572 0.99468 0.73295 4.07869 3.96969 4.15703 -9999 -9999 -9999 -9999 -9999 -9999 -9999 -9999 -9999 -9999 -9999 -9999 -9999 -9999 -9999 -9999 -9999 -9999 -9999
-9999 -9999 -9999 -9999 -9999 -9999 -9999 -9999 -9999 -9999 -9999 -9999 -9999 -9999 -9999 -9999 -9999 -9999 -9999 -9999 -9999 -9999 -9999 -9999 -9999 -9999 -9999 -9999 -9999 -9999 -9999 -9999 -9999 -9999 -9999 -9999 -9999 -9999 -9999 -9999 1.15815 1.27378 1.55323 1.58324 1.45734 1.60111 1.45764 0.99277 1.42966 1.33761 1.26055 3.80443 3.45034 2.81308 -9999 -9999 -9999 -9999 -9999 -9999 -9999 -9999 -9999 -9999 -9999 -9999 -9999 -9999 -9999 -9999 -9999 -9999 -9999
-9999 -9999 -9999 -9999 -9999 -9999 -9999 -9999 -9999 -9999 -9999 -9999 -9999 -9999 -9999 -9999 -9999 -9999 -9999 -9999 -9999 -9999 -9999 -9999 -9999 -9999 -9999 -9999 -9999 -9999 -9999 -9999 -9999 -9999 -9999 -9999 -9999 -9999 -9999 -9999 -9999 -9999 -9999 -9999 1.73302 1.67593 2.19181 2.05005 1.59373 1.57443 1.49964 4.59613 1.84914 2.50786 -9999 -9999 -9999 -9999 -9999 -9999 1.51311 -9999 -9999 -9999 -9999 -9999 -9999 -9999 -9999 -9999 -9999 -9999 -9999
-9999 -9999 -9999 -9999 -9999 -9999 -9999 -9999 -9999 -9999 -9999 -9999 -9999 -9999 -9999 -9999 -9999 -9999 -9999 -9999 -9999 -9999 -9999 -9999 -9999 -9999 -9999 -9999 -9999 -9999 -9999 -9999 -9999 -9999 -9999 -9999 -9999 -9999 -9999 -9999 -9999 1.63071 1.56981 2.11897 2.01103 1.46732 1.72002 2.15699 1.81736 1.53013 2.47554 4.01807 1.38207 2.72807 -9999 -9999 -9999 -9999 -9999 1.05280 0.91210 0.80042 0.70737 0.51718 0.48274 0.45646 0.43925 0.77571 0.61068 0.56488 0.59866 0.59062 0.62393
-9999 -9999 -9999 -9999 -9999 -9999 -9999 -9999 -9999 -9999 -9999 -9999 -9999 -9999 -9999 -9999 -9999 -9999 -9999 -9999 -9999 -9999 -9999 -9999 -9999 -9999 -9999 -9999 -9999 -9999 -9999 -9999 -9999 -9999 -9999 -9999 -9999 -9999 -9999 -9999 -9999 1.29656 1.52206 1.81685 1.29116 1.33860 1.25386 1.77657 1.79172 1.64353 1.56343 4.96681 2.96853 3.81368 2.52920 4.99149 3.38313 -9999 1.89920 0.85748 0.70835 0.55518 0.49412 0.48809 0.49633 0.52930 0.51149 0.99203 0.90029 0.78776 0.69324 0.83725 0.88868
-9999 -9999 -9999 -9999 -9999 -9999 -9999 -9999 -9999 -9999 -9999 -9999 -9999 -9999 -9999 -9999 -9999 -9999 -9999 -9999 -9999 -9999 -9999 -9999 -9999 -9999 -9999 -9999 -9999 -9999 -9999 -9999 -9999 -9999 -9999 1.31946 1.05955 1.59859 1.62364 1.05319 0.97528 0.82241 1.12093 1.05148 1.12069 0.82865 0.91117 1.16492 1.19242 1.73018 2.02111 4.96686 6.86197 5.47004 2.56946 5.50434 3.80391 2.02564 1.38033 0.60820 0.49411 0.41783 0.43453 0.71263 0.52361 0.49680 0.45665 0.71694 0.75146 0.15376 0.16568 0.17328 0.20416
-9999 -9999 -9999 -9999 -9999 -9999 -9999 -9999 -9999 -9999 -9999 -9999 -9999 -9999 -9999 -9999 -9999 -9999 -9999 -9999 -9999 -9999 -9999 -9999 -9999 -9999 -9999 -9999 -9999 -9999 -9999 -9999 -9999 -9999 0.79541 0.72397 0.93246 0.89449 1.17035 1.22396 1.11417 0.87017 0.78116 0.96381 1.11890 0.68154 0.64215 0.84537 1.45126 2.41349 3.24686 3.32623 6.89830 5.24793 3.91442 6.24244 3.13374 1.72342 1.10047 0.96680 0.99669 1.14092 1.12175 1.60663 0.94260 0.75672 0.60975 0.91228 1.43780 1.34118 1.74903 1.62721 2.19082
-9999 -9999 -9999 -9999 -9999 -9999 -9999 -9999 -9999 -9999 -9999 -9999 -9999 -9999 -9999 -9999 -9999 -9999 -9999 -9999 -9999 -9999 -9999 -9999 -9999 -9999 -9999 -9999 -9999 -9999 -9999 -9999 -9999 0.80386 0.83000 0.58731 0.59757 0.59639 0.71612 0.77444 0.81729 0.80218 1.40012 1.23266 0.78518 0.54801 0.63832 0.94017 2.35049 3.86756 5.68537 9.03120 13.02220 5.85788 1.85442 4.95611 3.82156 1.37887 0.95465 1.05432 1.06498 0.72651 0.64596 0.59895 0.73406 0.67152 0.64679 0.90693 1.12753 1.05725 0.83440 1.46691 1.64241
-9999 -9999 -9999 -9999 -9999 -9999 -9999 -9999 -9999 -9999 -9999 -9999 -9999 -9999 -9999 -9999 -9999 -9999 -9999 -9999 -9999 -9999 -9999 -9999 -9999 -9999 -9999 -9999 -9999 -9999 -9999 0.69219 0.42054 0.38985 0.40282 0.52026 0.52175 0.58179 0.60103 0.56128 0.72389 0.61837 0.88036 0.66794 0.58714 0.63344 0.59663 0.77243 1.27581 2.48712 4.73485 9.43640 11.22520 5.61240 3.19024 4.90699 2.32155 1.47440 1.72655 1.00095 0.76629 0.61840 0.53851 0.42588 0.49314 0.69651 0.70128 0.51332 0.49190 1.07458 2.09954 2.81500 0.60821
-9999 -9999 -9999 -9999 -9999 -9999 -9999 -9999 -9999 -9999 -9999 -9999 -9999 -9999 -9999 -9999 -9999 -9999 -9999 -9999 -9999 -9999 -9999 -9999 -9999 -9999 -9999 -9999 -9999 0.32213 0.21194 0.36655 0.48569 0.43683 0.41152 0.47875 0.44879 0.42095 0.49788 0.46141 0.50801 0.77728 0.48754 0.40572 0.45451 0.70721 0.75442 0.91475 2.50893 3.75303 4.56855 13.59900 9.72459 4.67490 4.96461 6.11843 2.06980 1.45117 0.76201 0.35061 0.41792 0.37347 0.31306 0.35799 0.36593 0.41528 0.75552 1.20303 1.30466 1.53885 1.21209 3.03927 8.80656
-9999 -9999 -9999 -9999 -9999 -9999 -9999 -9999 -9999 -9999 -9999 -9999 -9999 -9999 -9999 -9999 -9999 -9999 -9999 -9999 -9999 -9999 -9999 -9999 0.35544 0.39129 0.30913 0.25806 0.28501 0.31383 0.32227 0.31423 0.34688 0.29693 0.31250 0.23864 0.23108 0.40163 0.40696 0.42836 0.36582 0.48525 0.26271 0.41081 0.38611 0.48088 0.57965 0.93328 2.02041 3.49913 3.52765 18.81170 14.36080 7.18405 3.88460 3.31052 1.64305 0.92118 0.72906 0.46926 0.37646 0.27711 0.22634 0.21308 0.22883 0.42319 0.47945 0.32010 0.43603 0.87137 3.24247 2.67376 6.14082
-9999 -9999 -9999 -9999 -9999 -9999 1.44636 1.60938 1.70166 1.58933 1.30287 -9999 -9999 -9999 -9999 -9999 -9999 -9999 -9999 -9999 -9999 0.43393 0.71471 0.39164 0.33318 0.45981 0.40393 0.42905 0.38032 0.34105 0.29765 0.31734 0.40472 0.28372 0.37370 0.26849 0.33827 0.39426 0.34605 0.43887 0.38255 0.27189 0.65158 0.37664 0.36316 0.41979 0.46708 0.60563 1.53419 3.57084 6.41499 14.18790 13.06770 6.73084 2.73045 2.08389 1.49349 0.73606 0.45553 0.39281 0.33821 0.23764 0.27638 0.39579 0.55139 0.36291 0.29317 0.24314 0.28303 0.39172 0.83015 1.58356 3.96483
-9999 -9999 -9999 -9999 -9999 1.15783 1.33729 2.18265 1.29818 1.73153 1.64460 1.84976 1.56742 1.64363 -9999 -9999 -9999 0.59566 0.56582 0.66235 0.61658 0.67104 0.65561 0.30349 0.43660 0.44856 0.34334 0.20541 0.19777 0.24929 0.26719 0.32874 0.39823 0.18573 0.15563 0.19817 0.26818 0.41194 0.38829 0.48631 0.43262 0.35814 0.77945 0.73963 0.39384 0.36636 0.71330 1.27768 1.65228 4.31817 5.34802 6.48619 6.03044 3.24444 1.99163 2.47097 1.81823 0.84164 0.34979 0.39815 0.25153 0.23724 0.38648 0.28023 0.79999 1.17107 0.81850 0.67372 0.44003 0.70233 0.99482 1.74356 2.79253
-9999 3.16197 4.31939 1.32797 1.45508 1.11474 1.33930 1.33666 1.50768 1.40687 1.64501 1.59256 1.74920 1.40747 1.19058 0.63977 0.40626 0.55315 0.67516 0.44185 0.40613 0.45215 0.45296 0.24276 0.20255 0.40673 0.39915 0.25738 0.24600 0.20799 0.15503 0.15442 0.14673 0.09718 0.11484 0.14101 0.14855 0.21588 0.20121 0.21958 0.19320 0.22068 0.54850 0.52546 0.33453 0.35149 0.45701 0.62575 0.86293 2.35929 2.93910 7.26273 5.43592 7.74730 4.77313 3.83065 2.22192 0.56739 0.50682 0.54127 0.22730 0.46577 0.56726 0.61648 1.00931 0.92653 0.56412 0.92885 0.52876 1.11455 2.58200 4.37169 4.33590
-9999 3.82905 3.43937 0.93284 0.86675 0.79723 0.55230 0.52630 0.43235 0.56452 0.73681 0.65036 0.78585 0.56756 0.59206 0.69363 0.93182 0.72739 0.61431 0.53052 0.49857 0.43868 0.44864 0.36236 0.33997 0.29639 0.31148 0.31719 0.31986 0.26536 0.18284 0.16718 0.14109 0.12435 0.14858 0.19080 0.21424 0.19739 0.19117 0.19576 0.23422 0.12260 0.09117 0.46018 0.39323 0.08676 0.13088 0.59731 1.12614 2.64755 3.08267 3.43699 4.21869 6.81285 5.56198 3.15665 1.57105 0.79249 0.52600 0.24522 0.35731 0.35230 0.42098 0.31242 0.50367 0.59401 0.71225 1.10756 1.03235 0.81761 0.95548 2.72390 4.96332
-9999 -9999 -9999 1.20791 1.42444 1.23282 0.99469 0.81524 0.74589 0.69774 0.77090 0.48764 0.48374 0.44435 0.42726 0.63778 0.80394 0.46206 0.47588 0.48826 0.55825 0.53634 0.59494 0.46213 0.35562 0.28384 0.25117 0.21425 0.16139 0.13611 0.10748 0.10031 0.09892 0.07996 0.09514 0.41363 0.13448 0.16100 0.13273 0.13314 0.23331 0.67066 0.26014 0.19368 0.41987 0.36384 0.49266 0.56636 0.62582 1.45278 1.96712 2.04197 3.46854 4.47089 2.97907 4.26745 2.03814 1.14212 1.31696 0.49279 0.50191 0.79127 1.15529 0.68103 0.44844 0.39941 0.29523 0.76611 1.57112 1.42578 1.54344 2.34068 2.83944
-9999 -9999 -9999 -9999 -9999 -9999 0.60903 0.59473 0.60699 0.46365 0.42922 0.39678 0.37552 0.33569 0.24528 0.31414 0.33512 0.33078 0.22839 0.22589 0.29212 0.35133 0.30040 0.31637 0.25573 0.25920 0.19731 0.11485 0.29901 0.08020 0.10029 0.08777 0.28300 0.36720 0.54403 0.22572 0.26897 0.22651 0.15730 0.23767 0.27293 0.42230 0.50395 0.20882 0.16964 0.15722 0.59315 1.45442 1.48532 1.55508 2.74179 3.97017 4.24878 1.54853 2.34388 4.13711 1.69001 3.10289 3.67043 2.04487 1.35313 2.57310 1.72357 0.98472 1.37980 2.45114 0.76910 1.16467 2.10679 1.95323 2.65417 2.64434 2.35842
-9999 -9999 -9999 -9999 -9999 -9999 0.32702 0.35808 0.27614 0.36769 0.30408 0.26600 0.22862 0.19579 0.17309 0.23599 0.20479 0.29071 0.30712 0.40484 0.39402 0.32050 0.32151 0.30321 0.25959 0.17852 0.10578 0.04853 0.11321 0.10419 0.20869 0.18619 0.18556 0.20498 0.26075 0.14363 0.18953 0.18160 0.19664 0.23900 0.21457 0.19251 0.19060 0.16718 0.17227 0.18281 0.17678 0.22754 0.30143 0.59572 1.29074 1.21625 1.34361 2.14709 1.69180 0.89209 0.97912 2.29861 2.13990 1.70296 2.97753 3.72387 3.09229 1.77185 1.62882 1.31910 0.90185 0.97968 1.19695 1.47577 2.78390 3.04524 3.13230
-9999 -9999 -9999 -9999 -9999 -9999 -9999 -9999 -9999 -9999 0.15900 0.32899 0.30411 0.12630 0.15200 0.26588 0.40452 0.47568 0.35889 0.27416 0.28907 0.25694 0.24688 0.10605 0.08403 0.06470 0.03223 0.01794 0.01138 0.18205 0.13975 0.18068 0.19854 0.11113 0.07322 0.14000 0.10282 0.07375 0.07438 0.08742 0.23090 0.22430 0.01645 0.23714 0.25662 0.28239 0.33579 0.30424 0.17955 0.11078 0.11509 0.17531 0.20382 0.43034 0.37021 0.40237 0.47775 0.15034 0.16552 0.36285 0.18519 0.40279 0.42144 0.78789 0.89815 0.81362 0.61123 0.25337 0.40455 0.46616 0.98392 4.32999 5.23751
-9999 -9999 -9999 -9999 -9999 -9999 -9999 -9999 -9999 -9999 0.08095 0.10160 0.17106 0.08567 0.10690 0.21015 0.28609 0.30956 0.38260 0.31123 0.26914 0.22264 0.20947 0.07146 0.05827 0.02151 0.01282 0.01589 0.00913 0.12878 0.14145 0.17392 0.23179 0.15401 0.23025 0.42367 0.28407 0.01251 0.01746 0.01664 0.01740 0.02637 0.03121 0.02059 0.01393 0.01278 0.01954 0.01981 0.01386 0.20266 0.09531 0.11535 0.09387 0.10060 0.24794 0.11038 0.09585 0.07205 0.06730 0.08436 0.08150 0.08377 0.09177 0.53004 0.44477 0.79847 0.64648 0.11944 0.13377 0.39390 1.20386 2.50960 3.75509
-9999 -9999 -9999 -9999 -9999 -9999 -9999 -9999 -9999 -9999 -9999 -9999 0.06368 0.09977 0.14248 0.22890 0.20229 0.19079 0.28395 0.17121 0.18271 0.17910 0.15191 0.04113 0.03342 0.01457 0.01083 0.00953 0.00716 0.00554 0.14845 0.16838 0.17421 0.00823 0.00981 0.00986 0.01086 0.01405 0.01704 0.02772 0.02965 0.03549 0.03660 0.01905 0.02238 0.01795 0.01978 0.03103 0.02693 0.02523 0.39426 0.35694 0.20442 0.52540 0.31457 0.18883 0.13399 0.10520 0.09832 0.12913 0.13150 0.09817 0.13630 0.36477 0.16085 0.13451 0.55260 0.09133 0.14528 0.24037 0.95573 3.73408 3.58297
-9999 -9999 -9999 -9999 -9999 -9999 -9999 -9999 -9999 -9999 -9999 -9999 0.04625 0.05798 0.08824 0.11651 0.10111 0.12434 0.25535 0.17848 0.17068 0.17136 0.14854 0.04330 0.04609 0.02032 0.01109 0.00824 0.00633 0.00466 0.00461 0.00713 0.00611 0.00671 0.01367 0.01153 0.01720 0.02905 0.03317 0.03050 0.02755 0.02664 0.02688 0.01516 0.01537 0.16145 0.20587 0.41001 0.19639 0.24094 0.58319 0.37879 0.30654 0.39260 0.31670 0.10899 0.15709 0.10850 0.10202 0.15377 0.19630 0.18870 0.17074 0.11225 0.11787 0.57876 0.62754 0.53657 0.45394 0.99977 1.13952 1.89927 3.20126
-9999 -9999 -9999 -9999 -9999 -9999 -9999 -9999 -9999 -9999 -9999 0.03143 0.04585 0.03994 0.04563 0.03550 0.04523 0.07919 0.09799 0.11797 0.04769 0.06668 0.02500 0.04035 0.04410 0.02900 0.02521 0.00759 0.00372 0.00234 0.00219 0.00242 0.00239 0.00389 0.00521 0.00800 0.01439 0.01431 0.02563 0.04969 0.04254 0.04025 0.04177 0.03171 0.03137 0.02089 0.01863 0.20369 0.17645 0.15554 0.16779 0.19113 0.17831 0.15288 0.10129 0.08807 0.09398 0.18284 0.18147 0.17150 0.17136 0.14424 0.18063 0.10453 0.10720 0.21182 0.29212 0.25542 0.41371 0.58131 2.12540 4.54890 3.16405
-9999 -9999 -9999 -9999 -9999 -9999 -9999 -9999 -9999 -9999 -9999 0.02113 0.02678 0.03204 0.03177 0.02303 0.03679 0.05054 0.05011 0.06923 0.03981 0.03146 0.01891 0.01435 0.01274 0.01218 0.01265 0.01054 0.00668 0.00362 0.00334 0.00404 0.00288 0.00381 0.00412 0.00498 0.00512 0.00541 0.01896 0.02042 0.02800 0.03486 0.19564 0.21928 0.22820 0.26067 0.23639 0.14329 0.01864 0.01295 0.01721 0.01875 0.01883 0.01746 0.01236 0.12961 0.14211 0.35162 0.38470 0.15217 0.11285 0.18296 0.18123 0.11915 0.16190 0.39408 0.25667 0.28002 0.67189 1.73780 1.31347 3.31392 3.60308
