data/hydroclimate-scenarios/BCSD_hadcm_A1B/monthly_summaries/baseflow_monthly_tot_mar.2030-2059.asc
ncols	311
nrows	91
xllcenter	102.75
yllcenter	31.75
cellsize	0.5
NODATA_value	-9999
[rows 0 to 31 of 91, columns 219 to 291 of 311]
-9999 -9999 -9999 -9999 -9999 -9999 -9999 -9999 -9999 -9999 -9999 -9999 -9999 -9999 -9999 -9999 -9999 -9999 -9999 -9999 -9999 -9999 -9999 -9999 -9999 -9999 -9999 -9999 -9999 -9999 -9999 -9999 -9999 -9999 -9999 -9999 -9999 -9999 -9999 -9999 -9999 -9999 -9999 -9999 -9999 -9999 -9999 -9999 -9999 -9999 -9999 -9999 -9999 -9999 -9999 -9999 -9999 -9999 -9999 -9999 -9999 -9999 -9999 -9999 -9999 -9999 -9999 -9999 -9999 -9999 -9999 -9999 -9999
-9999 -9999 -9999 -9999 -9999 -9999 -9999 -9999 -9999 -9999 -9999 -9999 -9999 -9999 -9999 -9999 -9999 -9999 -9999 -9999 -9999 -9999 -9999 -9999 -9999 -9999 -9999 -9999 -9999 -9999 -9999 -9999 -9999 -9999 -9999 -9999 -9999 -9999 -9999 -9999 -9999 -9999 -9999 -9999 -9999 -9999 -9999 -9999 -9999 -9999 -9999 -9999 -9999 -9999 -9999 -9999 -9999 -9999 -9999 -9999 -9999 -9999 -9999 -9999 -9999 -9999 -9999 -9999 -9999 -9999 -9999 -9999 -9999
-9999 -9999 -9999 -9999 -9999 -9999 -9999 -9999 -9999 -9999 -9999 -9999 -9999 -9999 -9999 -9999 -9999 -9999 -9999 -9999 -9999 -9999 -9999 -9999 -9999 -9999 -9999 -9999 -9999 -9999 -9999 -9999 -9999 -9999 -9999 -9999 -9999 -9999 -9999 -9999 -9999 -9999 -9999 -9999 -9999 -9999 -9999 -9999 -9999 -9999 -9999 -9999 -9999 -9999 -9999 -9999 -9999 -9999 -9999 -9999 -9999 -9999 -9999 -9999 -9999 -9999 -9999 -9999 -9999 -9999 -9999 -9999 -9999
-9999 -9999 -9999 -9999 -9999 -9999 -9999 -9999 -9999 -9999 -9999 -9999 -9999 -9999 -9999 -9999 -9999 -9999 -9999 -9999 -9999 -9999 -9999 -9999 -9999 -9999 -9999 -9999 -9999 -9999 -9999 -9999 -9999 -9999 -9999 -9999 -9999 -9999 -9999 -9999 -9999 -9999 -9999 -9999 -9999 -9999 -9999 -9999 -9999 -9999 -9999 -9999 -9999 -9999 -9999 -9999 -9999 -9999 -9999 -9999 -9999 -9999 -9999 -9999 -9999 -9999 -9999 -9999 -9999 -9999 -9999 -9999 -9999
-9999 -9999 -9999 -9999 -9999 -9999 -9999 -9999 -9999 -9999 -9999 -9999 -9999 -9999 -9999 -9999 -9999 -9999 -9999 -9999 -9999 -9999 -9999 -9999 -9999 -9999 -9999 -9999 -9999 -9999 -9999 -9999 -9999 -9999 -9999 -9999 -9999 -9999 -9999 -9999 -9999 -9999 -9999 -9999 -9999 -9999 -9999 -9999 -9999 -9999 -9999 -9999 -9999 -9999 -9999 -9999 -9999 -9999 -9999 -9999 -9999 -9999 -9999 -9999 -9999 -9999 -9999 -9999 -9999 -9999 -9999 -9999 -9999
-9999 -9999 -9999 -9999 -9999 -9999 -9999 -9999 -9999 -9999 -9999 -9999 -9999 -9999 -9999 -9999 -9999 -9999 -9999 -9999 -9999 -9999 -9999 -9999 -9999 -9999 -9999 -9999 -9999 -9999 -9999 -9999 -9999 -9999 -9999 -9999 -9999 -9999 -9999 -9999 -9999 -9999 -9999 -9999 -9999 -9999 -9999 -9999 -9999 -9999 -9999 -9999 -9999 -9999 -9999 -9999 -9999 -9999 -9999 -9999 -9999 -9999 -9999 -9999 -9999 -9999 -9999 -9999 -9999 -9999 -9999 -9999 -9999
-9999 -9999 -9999 -9999 -9999 -9999 -9999 -9999 -9999 -9999 -9999 -9999 -9999 -9999 -9999 -9999 -9999 -9999 -9999 -9999 -9999 -9999 -9999 -9999 -9999 -9999 -9999 -9999 -9999 -9999 -9999 -9999 -9999 -9999 -9999 -9999 -9999 -9999 -9999 -9999 -9999 -9999 -9999 -9999 -9999 -9999 -9999 -9999 -9999 -9999 -9999 -9999 -9999 -9999 -9999 -9999 -9999 -9999 -9999 -9999 -9999 -9999 -9999 -9999 -9999 -9999 -9999 -9999 -9999 -9999 -9999 -9999 -9999
-9999 -9999 -9999 -9999 -9999 -9999 -9999 -9999 -9999 -9999 -9999 -9999 -9999 -9999 -9999 -9999 -9999 -9999 -9999 -9999 -9999 -9999 -9999 -9999 -9999 -9999 -9999 -9999 -9999 -9999 -9999 -9999 -9999 -9999 -9999 -9999 -9999 -9999 -9999 -9999 -9999 -9999 -9999 -9999 -9999 -9999 -9999 -9999 -9999 -9999 -9999 -9999 -9999 -9999 -9999 -9999 -9999 -9999 -9999 -9999 -9999 -9999 -9999 -9999 -9999 -9999 -9999 -9999 -9999 -9999 -9999 -9999 -9999
-9999 -9999 -9999 -9999 -9999 -9999 -9999 -9999 -9999 -9999 -9999 -9999 -9999 -9999 -9999 -9999 -9999 -9999 -9999 -9999 -9999 -9999 -9999 -9999 -9999 -9999 -9999 -9999 -9999 -9999 -9999 -9999 -9999 -9999 -9999 -9999 -9999 -9999 -9999 -9999 -9999 -9999 -9999 -9999 -9999 -9999 -9999 -9999 -9999 -9999 -9999 -9999 -9999 -9999 -9999 -9999 -9999 -9999 -9999 -9999 -9999 -9999 -9999 -9999 -9999 -9999 -9999 -9999 -9999 -9999 -9999 -9999 -9999
-9999 -9999 -9999 -9999 -9999 -9999 -9999 -9999 -9999 -9999 -9999 -9999 -9999 -9999 -9999 -9999 -9999 -9999 -9999 -9999 -9999 -9999 -9999 -9999 -9999 -9999 -9999 -9999 -9999 -9999 -9999 -9999 -9999 -9999 -9999 -9999 -9999 -9999 -9999 -9999 -9999 -9999 -9999 -9999 -9999 -9999 -9999 -9999 -9999 -9999 -9999 -9999 -9999 -9999 -9999 -9999 -9999 -9999 -9999 -9999 -9999 -9999 -9999 -9999 -9999 -9999 -9999 -9999 -9999 -9999 -9999 -9999 -9999
-9999 -9999 -9999 -9999 -9999 -9999 -9999 -9999 -9999 -9999 -9999 -9999 -9999 -9999 -9999 -9999 -9999 -9999 -9999 -9999 -9999 -9999 -9999 -9999 -9999 -9999 -9999 -9999 -9999 -9999 -9999 -9999 -9999 -9999 -9999 -9999 -9999 -9999 -9999 -9999 -9999 -9999 -9999 -9999 -9999 -9999 -9999 -9999 -9999 -9999 -9999 -9999 -9999 -9999 -9999 -9999 -9999 -9999 -9999 -9999 -9999 -9999 -9999 -9999 -9999 -9999 -9999 -9999 -9999 -9999 -9999 -9999 -9999
-9999 -9999 -9999 -9999 -9999 -9999 -9999 -9999 -9999 -9999 -9999 -9999 -9999 -9999 -9999 -9999 -9999 -9999 -9999 -9999 -9999 -9999 -9999 -9999 -9999 -9999 -9999 -9999 -9999 -9999 -9999 -9999 -9999 -9999 -9999 -9999 -9999 -9999 -9999 -9999 -9999 -9999 -9999 -9999 -9999 -9999 -9999 -9999 -9999 -9999 -9999 -9999 -9999 -9999 -9999 -9999 -9999 -9999 -9999 -9999 -9999 -9999 -9999 -9999 -9999 -9999 -9999 -9999 -9999 -9999 -9999 -9999 -9999
-9999 -9999 -9999 -9999 -9999 -9999 -9999 -9999 -9999 -9999 -9999 -9999 -9999 -9999 -9999 -9999 -9999 -9999 -9999 -9999 -9999 -9999 -9999 -9999 -9999 -9999 -9999 -9999 -9999 -9999 -9999 -9999 -9999 -9999 -9999 -9999 -9999 -9999 -9999 -9999 -9999 -9999 -9999 -9999 -9999 -9999 -9999 -9999 -9999 -9999 -9999 -9999 -9999 -9999 -9999 -9999 -9999 -9999 -9999 -9999 -9999 -9999 -9999 -9999 -9999 -9999 -9999 -9999 -9999 -9999 -9999 -9999 -9999
-9999 -9999 -9999 -9999 -9999 -9999 -9999 -9999 -9999 -9999 -9999 -9999 -9999 -9999 -9999 -9999 -9999 -9999 -9999 -9999 -9999 -9999 -9999 -9999 -9999 -9999 -9999 -9999 -9999 -9999 -9999 -9999 -9999 -9999 -9999 -9999 -9999 -9999 -9999 -9999 -9999 0.35882 -9999 -9999 -9999 -9999 -9999 -9999 -9999 -9999 -9999 -9999 -9999 -9999 -9999 -9999 -9999 -9999 -9999 -9999 -9999 -9999 -9999 -9999 -9999 -9999 -9999 -9999 -9999 -9999 -9999 -9999 -9999
0.02146 0.02755 0.08431 0.16810 0.25653 0.63447 0.67400 0.67049 0.59824 0.58824 0.65508 0.47375 2.25707 -9999 -9999 -9999 -9999 -9999 -9999 -9999 -9999 -9999 -9999 -9999 -9999 -9999 -9999 -9999 -9999 -9999 -9999 -9999 -9999 -9999 -9999 -9999 0.04401 0.01255 0.00156 0.01115 0.11866 0.13133 0.24747 -9999 -9999 -9999 0.72111 -9999 -9999 -9999 0.72553 1.04123 1.04537 -9999 -9999 -9999 -9999 -9999 -9999 -9999 -9999 -9999 -9999 -9999 -9999 -9999 -9999 -9999 -9999 -9999 -9999 -9999 -9999
0.06323 0.06785 0.16120 0.32884 0.33034 0.83262 0.87951 1.13958 1.25880 1.12331 0.92048 0.85972 0.44537 0.37592 0.33513 0.45180 0.78184 1.11103 0.53585 -9999 -9999 -9999 -9999 -9999 0.41124 0.26649 0.20236 0.34158 0.37847 0.39912 0.10688 0.00369 0.01966 0.01300 0.01044 0.01245 0.00034 0.00029 0.00662 0.00616 0.18446 0.28383 0.34113 0.43600 0.47590 0.61047 0.75015 0.95910 0.77542 0.78275 0.93137 1.06917 1.28790 1.27313 1.25649 1.09860 1.07610 1.03021 -9999 -9999 -9999 -9999 -9999 -9999 -9999 -9999 -9999 -9999 -9999 -9999 -9999 -9999 -9999
0.87998 1.32064 1.47779 1.46888 1.40322 1.75443 1.19789 1.92690 1.44766 1.51885 0.78442 0.59409 0.24842 0.19854 0.58056 0.37830 1.59989 0.87472 0.77872 0.89507 0.76863 0.68839 0.52961 0.35825 0.12438 0.16359 0.16707 0.16737 0.04753 0.04716 0.04473 0.01881 0.02410 0.01461 0.03030 0.02650 0.00719 0.00985 0.02549 0.02004 0.09692 0.13313 0.17449 0.25336 0.47837 0.61845 0.70593 0.79948 0.81383 0.88429 0.80659 0.96545 1.13546 1.14413 1.15489 1.21089 1.21890 1.19530 1.20806 1.22403 1.28253 1.31712 1.28675 1.37865 1.45108 1.29901 -9999 -9999 -9999 -9999 -9999 -9999 -9999
1.63763 0.87449 0.69566 0.14504 0.00984 0.00470 0.07410 0.00542 0.00267 0.00155 0.00390 0.00929 0.36710 0.37771 0.43511 0.58659 1.64558 1.89011 0.31673 0.54762 1.07331 0.32858 0.28991 0.24150 0.24207 0.32187 0.20961 0.24638 0.08640 0.05549 0.14235 0.11161 0.08665 0.05469 0.05266 0.05938 0.02773 0.01784 0.01724 0.01269 0.03563 0.05974 0.09029 0.12584 0.21229 0.33245 0.37063 0.66543 0.61344 0.69357 0.80770 0.77821 0.98304 0.96348 1.10793 1.11069 1.02756 1.06776 1.09936 1.19032 1.30534 1.46633 1.47108 1.56315 1.69582 1.57067 -9999 1.18425 -9999 -9999 -9999 -9999 -9999
0.20052 0.00344 0.00317 0.03888 0.01267 0.01844 0.00093 0.02804 0.00388 0.03367 0.03867 0.01111 0.19325 0.07222 0.53876 1.20584 2.03709 1.37023 0.49717 0.36022 0.73946 0.53792 0.26914 0.17080 0.21402 0.42881 0.36655 0.10865 0.12665 0.09368 0.07961 0.11645 0.05498 0.06420 0.01781 0.01465 0.06539 0.06809 0.01931 0.03957 0.07455 0.03608 0.09169 0.16708 0.23696 0.28552 0.32642 0.36365 0.46951 0.60502 0.63760 0.77036 0.83057 0.83161 0.86821 0.79267 1.05779 1.30274 1.24890 1.42433 1.23941 1.41135 1.39828 1.43784 1.69206 1.80727 1.62573 -9999 -9999 -9999 -9999 -9999 -9999
0.30994 0.33683 0.32669 0.09439 0.01706 0.00928 0.01864 0.01071 0.03275 0.02594 0.01357 0.02186 1.77356 1.68110 0.75780 1.32241 0.60031 0.80571 0.22059 0.24289 0.29134 0.13565 0.50159 0.09627 0.10623 0.26204 0.48084 0.26666 1.67916 1.52782 1.68681 1.69382 1.58133 1.63219 1.61419 1.57932 1.51605 1.51415 1.32487 1.48800 1.32184 1.31828 1.60652 1.67473 1.84384 0.33377 0.44376 0.49959 0.12719 0.17808 0.24244 0.32491 0.68541 1.01651 0.91899 2.23570 2.24609 2.24897 2.19103 2.28454 2.44685 1.30186 1.25705 2.05810 2.09607 1.71232 1.87822 1.44589 -9999 -9999 -9999 -9999 -9999
0.45352 0.19392 0.01647 0.00519 0.02029 0.02125 0.00832 0.00527 0.00484 0.02170 0.05510 0.06901 0.58503 0.16394 0.04697 0.05766 0.11958 0.08058 0.02728 0.14153 0.33144 0.34526 0.06785 0.02479 0.00977 0.24005 0.55211 0.47075 0.31184 0.09849 0.01786 0.05913 0.17657 0.14962 2.01508 1.90906 1.60358 1.46643 1.48312 1.57214 1.53422 1.47676 1.69494 1.68991 1.72058 1.73024 1.62625 1.66181 1.44791 1.55713 1.58598 1.62065 1.83488 1.79417 0.86384 2.13446 1.81643 1.95449 2.00089 2.05249 0.93289 1.01083 1.26832 1.44488 1.72153 1.78115 2.02373 2.01432 1.47480 1.57666 1.74385 1.74197 -9999
0.02984 0.03245 0.01979 0.00832 0.01700 0.01305 0.00231 0.00207 0.01074 0.00961 0.01893 0.02529 1.11758 0.62318 0.01362 0.00986 0.00070 0.00143 0.00108 0.08842 0.11529 0.15640 0.02413 0.01194 0.01092 0.10191 0.26615 0.43605 0.38634 0.28556 0.27375 0.20916 0.41335 0.44473 0.56272 0.45913 1.49511 1.45577 1.61637 0.29246 0.09142 0.14346 1.83973 1.97137 1.92036 1.73423 1.64749 1.70605 1.64711 1.78093 1.63658 1.60947 1.66487 1.84732 2.39313 2.00218 1.76194 1.83319 1.87194 1.79152 0.40787 0.61403 0.76891 1.09405 1.36316 1.38725 1.48524 1.46809 1.78811 1.62317 1.59387 1.64262 1.42104
3.25809 3.11120 2.17091 1.17730 0.49892 0.23786 0.04847 0.00135 0.02407 0.04819 0.32491 0.12663 0.65354 0.71709 0.00205 0.00010 0.00000 0.00000 0.00000 0.00083 0.00120 0.00334 0.00931 0.18947 0.02375 0.18226 0.15686 0.04323 0.26191 0.14919 0.09961 0.08876 0.27593 0.10899 0.03470 0.07404 0.62791 0.56305 1.77790 1.82607 1.72954 1.61909 1.78131 1.78894 0.27082 0.34035 1.87225 2.02597 1.66740 1.59815 1.64804 1.90172 1.70745 2.23325 2.37449 1.66576 1.73770 1.69142 1.36890 1.30170 0.25164 0.31241 0.38058 0.53832 1.11032 1.21573 1.37508 1.38706 1.30759 1.46833 1.71899 1.23311 1.22017
3.52490 3.60314 2.31149 1.96714 2.25835 2.19156 1.42822 1.72575 1.22538 0.54109 0.31476 0.05904 0.89103 0.76177 0.05180 0.00000 0.00000 0.00000 0.00000 0.00000 0.00000 0.00021 0.00218 0.00540 0.03257 0.00519 0.00416 0.00202 0.01720 0.02305 0.01588 0.04328 0.02095 0.03259 0.05122 0.07759 0.27705 0.37744 0.37421 0.40252 0.49933 0.48280 1.22118 2.28632 2.11419 2.07149 1.68307 0.12638 1.61708 1.52905 1.64214 2.19582 1.89762 1.79214 1.66252 1.55823 1.42936 1.47759 1.16027 1.27552 0.18490 0.18250 0.15401 0.20919 0.48105 0.85138 1.19689 1.32002 1.06757 1.23380 1.34133 1.60133 1.24923
0.43571 0.65741 2.01226 1.56115 1.92092 1.86322 2.09866 1.78242 1.09364 0.78509 0.16546 0.01262 0.03011 0.77589 1.19853 0.32180 0.21321 0.22742 0.00000 0.00000 0.00000 0.00000 0.00000 0.00010 0.00021 0.05164 0.04074 0.08004 0.05430 0.05384 0.09663 0.11438 0.14874 0.09727 0.32563 0.31220 0.41542 0.37726 0.39101 0.45856 0.37204 0.52251 0.54700 0.72582 0.63240 0.63133 1.69591 1.20706 0.04083 1.26485 1.34068 1.53392 1.45608 1.46691 1.32414 1.25338 1.31702 1.04187 1.30432 1.42151 1.49294 0.06406 0.11962 0.09421 0.26229 0.44650 0.67741 0.98460 1.04416 1.19399 1.21461 1.33801 1.43144
1.78327 1.76079 1.38631 0.67890 1.08460 1.49776 2.01761 2.70535 2.50953 0.37192 0.08628 0.03363 0.07601 0.03683 0.01378 0.03371 0.00026 0.00214 0.00279 0.18810 0.00010 0.00000 0.00000 0.00000 0.00000 0.00052 0.00034 0.00198 0.00101 0.00260 0.00653 0.01692 0.05536 0.35339 0.26190 0.29637 0.38737 0.52997 0.53926 0.63078 0.56921 0.46906 0.54679 0.66965 0.63659 0.67607 0.29208 1.67037 1.09487 0.03153 1.54419 1.28578 1.24679 1.31912 1.18565 1.16761 1.27808 0.99013 1.05236 1.15645 1.44903 1.38129 1.35576 0.06951 0.11730 0.23130 0.44561 0.66442 0.82784 0.99407 1.10124 1.24072 1.39302
4.29511 3.84335 3.51965 3.82027 4.40229 4.18997 3.44890 1.69836 1.91927 0.84071 0.32494 0.06854 0.21714 0.00838 0.01485 0.01149 0.00247 0.00423 0.00015 0.00007 0.00132 0.00071 0.00221 0.01700 0.02875 0.00709 0.00620 0.01704 0.02025 0.03060 0.00610 0.00638 0.03082 0.11611 0.26215 0.28484 0.51674 0.80724 0.85836 1.04168 0.79815 0.76589 0.42478 0.37448 0.47892 0.64607 0.30682 0.22545 1.73419 0.10849 1.54797 1.57168 1.61089 1.68560 1.41613 1.40644 1.34066 1.22730 1.18153 1.21856 1.50278 1.37718 1.51735 1.60765 0.03039 0.10414 0.48170 0.62130 0.59234 0.73470 1.08349 1.24682 1.55798
3.60573 3.53575 3.21010 3.26776 4.28936 2.81902 3.35687 4.64807 4.82287 1.87677 0.10109 0.08666 2.26245 1.42729 0.52388 0.57109 0.09011 0.23085 0.00052 0.00093 0.00127 0.00345 0.00667 0.01202 0.00367 0.00125 0.00521 0.01725 0.00172 0.00549 0.02917 0.06076 0.07254 0.17195 0.33030 0.66388 1.00221 1.26516 1.43382 1.61397 1.39262 1.24677 0.64212 0.70406 0.67963 0.47509 0.47377 0.36346 1.98238 0.17615 0.05266 1.53084 1.79866 1.73791 1.44608 1.59261 1.50555 1.24949 1.17035 1.14365 1.32273 1.47729 1.63246 1.68687 1.18874 1.13106 1.72639 0.56232 0.60778 0.80620 0.96339 1.20765 1.41944
2.76455 2.42877 2.53928 2.65076 2.89252 2.92672 2.46815 3.08916 3.18646 3.78876 3.17455 0.18250 3.86477 3.49188 2.97707 2.01530 0.98451 0.28626 0.00021 0.00000 0.00349 0.01440 0.01428 0.06288 0.10382 0.02030 0.01022 0.00365 0.00021 0.00032 0.00877 0.03815 0.14226 0.51891 0.62231 0.82529 0.99076 1.44196 1.75729 1.99631 1.94893 1.72979 1.32954 1.30405 0.91650 0.87261 0.76970 0.80239 2.27277 0.46235 0.21608 2.01267 2.10408 2.02476 0.19907 0.12254 0.21001 0.15651 0.12396 1.30173 1.49866 1.31455 1.31013 1.68895 1.79397 2.06463 1.76246 1.78040 2.00614 2.24485 2.41925 1.06203 1.19215
2.48545 2.17954 1.26972 1.46291 1.15534 1.38508 4.01908 3.46196 3.27228 3.79498 4.32049 3.98251 3.69434 3.46851 4.04183 4.97874 4.58551 2.06231 0.11010 0.00321 0.00014 0.00000 0.00042 0.05642 0.02126 0.00231 0.00353 0.00654 0.00074 0.00146 0.05263 0.04659 0.14648 0.80638 1.26685 1.60940 1.66448 2.00815 2.30784 2.62431 2.55704 2.32400 1.95646 1.60306 1.29330 0.89075 0.85628 1.25082 0.86520 1.01503 2.94417 2.64834 2.46233 2.30450 1.96588 1.54186 1.26945 1.38028 0.21043 0.16281 1.72642 1.66706 2.11636 2.18873 2.18594 2.35716 2.38423 1.74853 2.32360 2.32901 2.31501 2.42670 0.80034
2.81124 2.64547 2.88252 2.87313 2.35316 1.45208 3.38042 4.79207 5.40924 4.88926 4.73239 3.79457 3.73787 3.90753 4.07369 4.40594 4.38250 2.51491 0.25796 0.00902 0.02169 0.25511 0.00140 0.11879 0.02087 0.00737 0.01030 0.00178 0.04178 0.07327 0.03996 0.29144 0.65021 1.00839 0.98894 2.24316 3.45341 3.02769 3.07272 3.48772 3.03034 2.61674 2.51312 2.54415 1.92625 1.61055 0.91345 0.98261 1.22738 1.05385 3.23571 2.78888 2.61260 2.32844 2.20488 2.24625 2.18388 1.99042 1.94101 1.94823 2.08104 2.34225 2.84317 3.12999 3.15308 2.98472 2.26530 2.67725 1.89966 2.08011 2.32190 1.93252 2.69582
-9999 23.17300 27.08560 12.66940 5.13575 4.06180 5.11568 4.40996 5.41420 5.76958 5.03315 4.49807 4.45269 3.37478 3.82755 3.56208 4.63932 4.59691 3.84772 1.71613 1.49320 1.00461 1.15586 0.68040 0.35305 0.28036 0.00941 0.01210 0.03886 0.17485 0.51296 0.44730 0.26840 1.29505 2.02827 1.55860 4.34958 3.83016 3.04064 3.10409 2.78602 2.66781 2.85699 2.89314 2.61503 2.18803 1.67488 1.34246 1.71440 1.81799 2.57695 2.25781 2.05638 2.13206 1.57689 1.38576 1.57799 1.36437 1.24072 1.06582 1.00153 1.68909 2.23643 2.85993 2.59717 2.75001 2.70293 2.42348 3.11536 3.53461 2.98126 2.50464 2.76305
