data/hydroclimate-scenarios/BCSD_hadcm_A1B/monthly_summaries/baseflow_monthly_tot_sep.2070-2099.asc
ncols	311
nrows	91
xllcenter	102.75
yllcenter	31.75
cellsize	0.5
NODATA_value	-9999
[rows 0 to 31 of 91, columns 0 to 72 of 311]
-9999 -9999 -9999 -9999 -9999 -9999 -9999 -9999 -9999 -9999 -9999 -9999 -9999 -9999 -9999 -9999 -9999 -9999 -9999 -9999 -9999 -9999 -9999 -9999 -9999 -9999 -9999 -9999 -9999 -9999 -9999 -9999 -9999 -9999 -9999 -9999 -9999 -9999 -9999 -9999 -9999 -9999 -9999 -9999 -9999 -9999 -9999 -9999 -9999 -9999 -9999 -9999 -9999 -9999 -9999 -9999 -9999 -9999 -9999 -9999 -9999 -9999 -9999 -9999 -9999 -9999 -9999 -9999 -9999 -9999 -9999 -9999 -9999
-9999 -9999 -9999 -9999 -9999 -9999 -9999 -9999 -9999 -9999 -9999 -9999 -9999 -9999 -9999 -9999 -9999 -9999 -9999 -9999 -9999 -9999 -9999 -9999 -9999 -9999 -9999 -9999 -9999 -9999 -9999 -9999 -9999 -9999 -9999 -9999 -9999 -9999 -9999 -9999 -9999 -9999 -9999 -9999 -9999 -9999 -9999 -9999 -9999 -9999 -9999 -9999 -9999 -9999 -9999 -9999 -9999 -9999 -9999 -9999 -9999 -9999 -9999 -9999 -9999 -9999 -9999 -9999 -9999 -9999 -9999 -9999 -9999
-9999 -9999 -9999 -9999 -9999 -9999 -9999 -9999 -9999 -9999 -9999 -9999 -9999 -9999 -9999 -9999 -9999 -9999 -9999 -9999 -9999 -9999 -9999 -9999 -9999 -9999 -9999 -9999 -9999 -9999 -9999 -9999 -9999 -9999 -9999 -9999 -9999 -9999 -9999 -9999 -9999 -9999 -9999 -9999 -9999 -9999 -9999 -9999 -9999 -9999 -9999 -9999 -9999 -9999 -9999 -9999 -9999 -9999 -9999 -9999 -9999 -9999 -9999 -9999 -9999 -9999 -9999 -9999 -9999 -9999 -9999 -9999 -9999
-9999 -9999 -9999 -9999 -9999 -9999 -9999 -9999 -9999 -9999 -9999 -9999 -9999 -9999 -9999 -9999 -9999 -9999 -9999 -9999 -9999 -9999 -9999 -9999 -9999 -9999 -9999 -9999 -9999 -9999 -9999 -9999 -9999 -9999 -9999 -9999 -9999 -9999 -9999 -9999 -9999 -9999 -9999 -9999 -9999 -9999 -9999 -9999 -9999 -9999 -9999 -9999 -9999 -9999 -9999 -9999 -9999 -9999 -9999 -9999 -9999 -9999 -9999 -9999 -9999 -9999 -9999 -9999 -9999 -9999 -9999 -9999 -9999
-9999 -9999 -9999 -9999 -9999 -9999 -9999 -9999 -9999 -9999 -9999 -9999 -9999 -9999 -9999 -9999 -9999 -9999 -9999 -9999 -9999 -9999 -9999 -9999 -9999 -9999 -9999 -9999 -9999 -9999 -9999 -9999 -9999 -9999 -9999 -9999 -9999 -9999 -9999 -9999 -9999 -9999 -9999 -9999 -9999 -9999 -9999 -9999 -9999 -9999 -9999 -9999 -9999 -9999 -9999 -9999 -9999 -9999 -9999 -9999 -9999 -9999 -9999 -9999 -9999 -9999 -9999 -9999 -9999 -9999 -9999 -9999 -9999
-9999 -9999 -9999 -9999 -9999 -9999 -9999 -9999 -9999 -9999 -9999 -9999 -9999 -9999 -9999 -9999 -9999 -9999 -9999 -9999 -9999 -9999 -9999 -9999 -9999 -9999 -9999 -9999 -9999 -9999 -9999 -9999 -9999 -9999 -9999 -9999 -9999 -9999 -9999 -9999 -9999 -9999 -9999 -9999 -9999 -9999 -9999 -9999 -9999 -9999 -9999 -9999 -9999 -9999 -9999 -9999 -9999 -9999 -9999 -9999 -9999 -9999 -9999 -9999 -9999 -9999 -9999 -9999 -9999 -9999 -9999 -9999 -9999
-9999 -9999 -9999 -9999 -9999 -9999 -9999 -9999 -9999 -9999 -9999 -9999 -9999 -9999 -9999 -9999 -9999 -9999 -9999 -9999 -9999 -9999 -9999 -9999 -9999 -9999 -9999 -9999 -9999 -9999 -9999 -9999 -9999 -9999 -9999 -9999 -9999 -9999 -9999 -9999 -9999 -9999 -9999 -9999 -9999 -9999 -9999 -9999 -9999 -9999 -9999 -9999 -9999 -9999 -9999 -9999 -9999 -9999 -9999 -9999 -9999 -9999 -9999 -9999 -9999 -9999 -9999 -9999 -9999 -9999 -9999 -9999 -9999
-9999 -9999 -9999 -9999 -9999 -9999 -9999 -9999 -9999 -9999 -9999 -9999 -9999 -9999 -9999 -9999 -9999 -9999 -9999 -9999 -9999 -9999 -9999 -9999 -9999 -9999 -9999 -9999 -9999 -9999 -9999 -9999 -9999 -9999 -9999 -9999 -9999 -9999 -9999 -9999 -9999 -9999 0.20013 0.06842 0.11456 0.89629 1.11916 0.45077 0.29988 0.69644 0.62036 0.30044 -9999 -9999 -9999 -9999 -9999 -9999 -9999 -9999 -9999 -9999 -9999 -9999 -9999 -9999 -9999 -9999 -9999 -9999 -9999 -9999 -9999
-9999 -9999 -9999 -9999 -9999 -9999 -9999 -9999 -9999 -9999 -9999 -9999 -9999 -9999 -9999 -9999 -9999 -9999 -9999 -9999 -9999 -9999 -9999 -9999 -9999 -9999 -9999 -9999 -9999 -9999 -9999 -9999 -9999 -9999 -9999 -9999 -9999 -9999 0.03070 0.62023 0.18236 0.15938 0.23690 0.11342 0.15512 0.11706 0.09468 0.28030 0.41906 1.01700 0.91528 2.26997 0.95278 1.94009 -9999 -9999 -9999 -9999 -9999 -9999 -9999 -9999 -9999 -9999 -9999 -9999 -9999 -9999 -9999 -9999 -9999 -9999 -9999
-9999 -9999 -9999 -9999 -9999 -9999 -9999 -9999 -9999 -9999 -9999 -9999 -9999 -9999 -9999 -9999 -9999 -9999 -9999 -9999 -9999 -9999 -9999 -9999 -9999 -9999 -9999 -9999 -9999 -9999 -9999 -9999 -9999 -9999 -9999 -9999 -9999 -9999 -9999 -9999 0.04690 0.07659 0.18359 0.14746 0.14084 0.36247 0.28885 0.68306 0.54286 0.90776 0.86349 0.56058 0.94734 1.59679 -9999 -9999 -9999 -9999 -9999 -9999 -9999 -9999 -9999 -9999 -9999 -9999 -9999 -9999 -9999 -9999 -9999 -9999 -9999
-9999 -9999 -9999 -9999 -9999 -9999 -9999 -9999 -9999 -9999 -9999 -9999 -9999 -9999 -9999 -9999 -9999 -9999 -9999 -9999 -9999 -9999 -9999 -9999 -9999 -9999 -9999 -9999 -9999 -9999 -9999 -9999 -9999 -9999 -9999 -9999 -9999 -9999 -9999 -9999 -9999 -9999 -9999 -9999 0.70296 1.72705 2.60530 2.18530 0.95723 1.20872 1.66543 1.49905 0.30222 0.87091 -9999 -9999 -9999 -9999 -9999 -9999 0.00532 -9999 -9999 -9999 -9999 -9999 -9999 -9999 -9999 -9999 -9999 -9999 -9999
-9999 -9999 -9999 -9999 -9999 -9999 -9999 -9999 -9999 -9999 -9999 -9999 -9999 -9999 -9999 -9999 -9999 -9999 -9999 -9999 -9999 -9999 -9999 -9999 -9999 -9999 -9999 -9999 -9999 -9999 -9999 -9999 -9999 -9999 -9999 -9999 -9999 -9999 -9999 -9999 -9999 0.28266 0.43408 1.28398 1.22693 1.70355 2.23528 1.53161 1.38592 1.34901 2.16880 1.27692 0.08908 0.43472 -9999 -9999 -9999 -9999 -9999 0.00271 0.00194 0.00075 0.00054 0.00036 0.00033 0.00041 0.00054 0.00641 0.00647 0.00476 0.00608 0.00293 0.00316
-9999 -9999 -9999 -9999 -9999 -9999 -9999 -9999 -9999 -9999 -9999 -9999 -9999 -9999 -9999 -9999 -9999 -9999 -9999 -9999 -9999 -9999 -9999 -9999 -9999 -9999 -9999 -9999 -9999 -9999 -9999 -9999 -9999 -9999 -9999 -9999 -9999 -9999 -9999 -9999 -9999 0.31444 0.69543 1.81200 1.37553 1.26305 2.54643 2.30375 1.15168 0.99304 0.72890 0.88622 0.25331 0.93286 0.43003 0.14706 0.05932 -9999 0.01230 0.00122 0.00072 0.00063 0.00028 0.00026 0.00033 0.00095 0.00088 0.01081 0.01227 0.00551 0.00473 0.00370 0.00410
-9999 -9999 -9999 -9999 -9999 -9999 -9999 -9999 -9999 -9999 -9999 -9999 -9999 -9999 -9999 -9999 -9999 -9999 -9999 -9999 -9999 -9999 -9999 -9999 -9999 -9999 -9999 -9999 -9999 -9999 -9999 -9999 -9999 -9999 -9999 0.23699 0.01619 0.07882 0.11615 0.48117 0.48043 0.18556 0.35641 1.23210 2.81768 1.81431 1.09868 0.72856 0.81994 0.57095 0.99553 0.42491 2.38522 2.25407 0.39993 0.83662 0.11261 0.01609 0.01069 0.00076 0.00021 0.00012 0.00024 0.00194 0.00073 0.00122 0.00099 0.00649 0.01068 0.00041 0.00046 0.00043 0.00053
-9999 -9999 -9999 -9999 -9999 -9999 -9999 -9999 -9999 -9999 -9999 -9999 -9999 -9999 -9999 -9999 -9999 -9999 -9999 -9999 -9999 -9999 -9999 -9999 -9999 -9999 -9999 -9999 -9999 -9999 -9999 -9999 -9999 -9999 0.26942 0.11741 0.29158 0.47431 0.72181 0.39260 0.46219 0.54915 0.59073 1.49692 0.54859 0.17336 0.21307 0.44049 0.38215 0.74221 2.88602 2.42514 5.82541 3.39992 2.63603 0.64192 0.04205 0.01939 0.00631 0.09799 0.10460 0.10498 0.06556 0.08097 0.00684 0.00536 0.00305 0.00444 0.01749 0.05480 0.14398 0.04216 0.20658
-9999 -9999 -9999 -9999 -9999 -9999 -9999 -9999 -9999 -9999 -9999 -9999 -9999 -9999 -9999 -9999 -9999 -9999 -9999 -9999 -9999 -9999 -9999 -9999 -9999 -9999 -9999 -9999 -9999 -9999 -9999 -9999 -9999 0.27155 0.30878 0.20059 0.26998 0.52095 0.61646 0.27686 0.31882 0.49673 3.62718 1.27734 0.33823 0.11970 0.14504 0.35069 1.01448 1.51877 2.98419 5.85474 8.12387 3.24811 0.32436 0.35872 0.19082 0.00792 0.00501 0.13619 0.12022 0.05530 0.03850 0.00358 0.00577 0.00773 0.00492 0.00464 0.00762 0.01644 0.00868 0.03371 0.04863
-9999 -9999 -9999 -9999 -9999 -9999 -9999 -9999 -9999 -9999 -9999 -9999 -9999 -9999 -9999 -9999 -9999 -9999 -9999 -9999 -9999 -9999 -9999 -9999 -9999 -9999 -9999 -9999 -9999 -9999 -9999 0.18487 0.00522 0.00193 0.00161 0.00136 0.00240 0.36786 0.44155 0.09261 0.13289 0.23067 1.07556 0.18143 0.29062 0.15135 0.09126 0.03565 0.40394 1.66662 2.88321 9.27092 7.55614 3.16627 2.18693 0.47867 0.04808 0.01421 0.02028 0.05758 0.03902 0.01832 0.01151 0.00220 0.00306 0.01219 0.00739 0.00261 0.00240 0.00866 0.04546 0.19613 0.00235
-9999 -9999 -9999 -9999 -9999 -9999 -9999 -9999 -9999 -9999 -9999 -9999 -9999 -9999 -9999 -9999 -9999 -9999 -9999 -9999 -9999 -9999 -9999 -9999 -9999 -9999 -9999 -9999 -9999 0.00659 0.00331 0.01240 0.01556 0.00473 0.00549 0.00257 0.00512 0.35884 0.50992 0.10969 0.39516 2.69637 0.34035 0.12347 0.14778 0.17402 0.22674 0.06270 1.20398 2.08211 1.69441 9.90879 5.47181 2.15075 3.17089 0.54097 0.01896 0.01254 0.00467 0.00430 0.01043 0.00431 0.00443 0.00218 0.00283 0.00811 0.03437 0.05673 0.08466 0.08153 0.02563 0.29485 2.68762
-9999 -9999 -9999 -9999 -9999 -9999 -9999 -9999 -9999 -9999 -9999 -9999 -9999 -9999 -9999 -9999 -9999 -9999 -9999 -9999 -9999 -9999 -9999 -9999 0.01054 0.01150 0.00700 0.00375 0.00582 0.02574 0.02639 0.06799 0.10051 0.02234 0.03913 0.03090 0.01875 0.07576 0.07578 0.14647 0.12977 2.07705 0.05801 0.04418 0.02806 0.01431 0.01602 0.20430 0.73810 1.42696 1.73238 6.94165 4.37298 1.11533 0.23106 0.05282 0.01609 0.00923 0.00557 0.00250 0.00154 0.00113 0.00079 0.00071 0.00079 0.00188 0.00210 0.00225 0.00317 0.02801 0.69068 0.32654 2.84478
-9999 -9999 -9999 -9999 -9999 -9999 0.17435 0.12851 0.12329 0.11648 0.10404 -9999 -9999 -9999 -9999 -9999 -9999 -9999 -9999 -9999 -9999 0.03657 0.06790 0.03153 0.01647 0.02275 0.01552 0.01492 0.01216 0.02592 0.02083 0.08339 0.12019 0.03428 0.04420 0.04176 0.04996 0.06485 0.04617 0.10621 0.07671 0.04855 2.36152 0.03854 0.02300 0.01021 0.00844 0.05420 0.27736 1.72713 5.06399 5.58189 2.88055 0.42938 0.05988 0.01999 0.01288 0.00605 0.00327 0.00217 0.00150 0.00104 0.00150 0.00241 0.00498 0.00160 0.00152 0.00139 0.00156 0.00439 0.03888 0.06514 1.28714
-9999 -9999 -9999 -9999 -9999 0.00392 0.00629 0.00843 0.00357 0.00228 0.00290 0.15438 0.12729 0.06722 -9999 -9999 -9999 0.00229 0.00524 0.01079 0.01051 0.02313 0.02683 0.03848 0.24217 0.05413 0.05468 0.02477 0.02252 0.01953 0.02221 0.13275 0.16448 0.07779 0.06167 0.03136 0.03764 0.02617 0.02221 0.06149 0.09247 0.06122 1.74483 0.80136 0.02116 0.01060 0.04104 0.24898 0.07977 1.33054 1.72298 1.60337 1.86893 0.38984 0.18408 0.08204 0.02470 0.00683 0.00196 0.00228 0.00105 0.00101 0.00211 0.00112 0.01039 0.01643 0.00619 0.00440 0.00240 0.00532 0.01235 0.05491 0.08089
-9999 0.02319 0.05083 0.00821 0.02061 0.00390 0.00873 0.00645 0.00579 0.00311 0.00366 0.13783 0.15857 0.07500 0.03865 0.00210 0.00075 0.00177 0.00438 0.00167 0.00311 0.00782 0.00913 0.03425 0.02560 0.01633 0.02209 0.01739 0.01863 0.00989 0.00690 0.07283 0.07445 0.01672 0.02793 0.01269 0.01235 0.01191 0.00954 0.01957 0.01659 0.00979 0.99221 0.54145 0.00471 0.00407 0.00630 0.02902 0.02035 0.25003 0.41265 1.93456 1.19496 1.90459 0.63045 0.20945 0.06763 0.00488 0.00345 0.00515 0.00091 0.00339 0.00387 0.00489 0.01071 0.00957 0.00276 0.00853 0.00360 0.01274 0.08791 0.31715 0.36258
-9999 0.05377 0.02741 0.00766 0.00501 0.00292 0.00122 0.01178 0.00765 0.02403 0.02756 0.01803 0.04063 0.01840 0.02441 0.06634 0.07925 0.02593 0.01771 0.00522 0.01036 0.00481 0.01534 0.01182 0.00740 0.01415 0.01981 0.03620 0.02524 0.03113 0.01757 0.17773 0.18402 0.06951 0.16523 0.00570 0.00390 0.01756 0.00898 0.00468 0.00621 0.02847 0.03033 0.65587 0.44539 0.00082 0.00145 0.01773 0.06622 0.71365 1.26914 1.46139 2.69532 4.47467 3.82054 1.05256 0.24762 0.05010 0.03485 0.02167 0.03405 0.01948 0.02283 0.00767 0.02199 0.02887 0.02686 0.05723 0.03183 0.04465 0.03771 0.26269 0.88304
-9999 -9999 -9999 0.17827 0.21201 0.07776 0.04524 0.13985 0.14773 0.21391 0.07945 0.03575 0.02191 0.02247 0.03644 0.15742 0.20235 0.03098 0.02784 0.01272 0.07480 0.04830 0.04124 0.04097 0.01602 0.01985 0.01735 0.03250 0.01885 0.01731 0.01355 0.17412 0.18697 0.09682 0.17911 0.74064 0.00212 0.01623 0.01471 0.00805 0.00899 0.82663 0.33857 0.22172 0.55143 0.28248 0.34307 0.01406 0.02811 0.29691 0.34525 0.58597 1.44110 2.53586 1.64536 1.43316 0.70069 0.22874 0.50925 0.17401 0.13657 0.10200 0.34956 0.06841 0.04208 0.01473 0.00638 0.01093 0.06522 0.14807 0.19513 0.17523 0.37999
-9999 -9999 -9999 -9999 -9999 -9999 0.14910 0.25814 0.28924 0.08364 0.04038 0.08721 0.08045 0.10224 0.07655 0.02448 0.02335 0.11154 0.06860 0.03984 0.05527 0.18242 0.06680 0.02213 0.01112 0.07220 0.05517 0.13185 1.30333 0.00549 0.00273 0.13792 1.62482 0.73719 1.22737 0.21246 0.49470 0.64583 0.16030 0.15874 0.11442 0.34082 0.34996 0.15376 0.23200 0.18804 0.77199 1.27887 1.23957 1.40373 0.91760 1.88236 1.85898 0.33657 0.62347 1.20304 0.29948 0.82455 1.20052 1.02517 0.36636 0.48730 0.18201 0.09474 0.34924 0.31520 0.02665 0.03249 0.16064 0.33559 1.24503 0.57964 0.62370
-9999 -9999 -9999 -9999 -9999 -9999 0.04235 0.09232 0.04732 0.12312 0.07818 0.03319 0.02393 0.02283 0.02610 0.03813 0.04458 0.05732 0.05365 0.02533 0.02143 0.08011 0.04240 0.01843 0.01364 0.03807 0.04258 0.11595 0.50424 0.24505 0.45686 0.83387 0.88013 0.55127 0.70773 0.22886 0.40356 0.52842 0.41974 0.20931 0.33456 0.39269 0.27341 0.14614 0.14596 0.17946 0.31193 0.27799 0.26909 1.37214 1.79755 1.21866 1.40444 0.73094 0.43519 0.08360 0.21429 0.68090 0.87318 0.61713 0.92145 1.09513 0.61655 0.62154 0.51880 0.07980 0.02430 0.03817 0.10117 0.20335 1.54173 0.69975 0.87887
-9999 -9999 -9999 -9999 -9999 -9999 -9999 -9999 -9999 -9999 0.00596 0.07477 0.06408 0.09748 0.09377 0.13275 0.12966 0.07074 0.07966 0.09723 0.09100 0.03213 0.02518 0.03909 0.03490 0.02427 0.01375 0.16432 0.11120 1.38153 1.16779 1.12548 1.29526 0.64156 0.43431 0.34673 0.23444 0.28722 0.26279 0.27886 1.46331 0.82518 0.00779 0.90583 0.79653 1.03135 1.13585 0.51771 0.22770 0.20310 0.19079 0.18401 0.20218 0.72530 0.60377 0.51724 0.59391 0.20017 0.29670 1.51539 0.40598 0.87177 0.89869 0.18496 0.25240 0.12830 0.11134 0.01532 0.03619 0.09673 0.81477 3.23658 3.51829
-9999 -9999 -9999 -9999 -9999 -9999 -9999 -9999 -9999 -9999 0.00160 0.01363 0.02361 0.03739 0.06358 0.08769 0.06695 0.05608 0.08081 0.06509 0.05729 0.03963 0.03550 0.07900 0.07312 0.05292 0.02683 0.13017 0.08180 1.20164 1.23022 1.11431 1.35821 0.75100 1.44234 1.18650 0.71889 0.05528 0.05418 0.02090 0.01491 0.00771 0.00681 0.00588 0.00372 0.00646 0.01010 0.00178 0.00190 0.54365 0.18698 0.15888 0.14164 0.17416 0.51609 0.12673 0.11714 0.14744 0.12100 0.25190 0.23555 0.14950 0.19596 0.98742 0.86987 0.83404 0.72487 0.00970 0.01935 0.16347 2.37848 1.76471 3.58791
-9999 -9999 -9999 -9999 -9999 -9999 -9999 -9999 -9999 -9999 -9999 -9999 0.02338 0.01892 0.03874 0.02063 0.01494 0.01181 0.01866 0.03112 0.02833 0.11279 0.10608 0.10413 0.06498 0.10471 0.11414 0.02289 0.01713 0.01177 0.54837 0.67994 0.63435 0.02994 0.03326 0.01151 0.00865 0.01292 0.00862 0.00900 0.00499 0.01577 0.01491 0.00214 0.00238 0.00441 0.00682 0.00491 0.00757 0.00403 0.78850 0.90122 0.36728 0.58193 0.34166 0.14595 0.09888 0.24932 0.22650 0.23522 0.20475 0.16070 0.25764 1.32846 0.53123 0.30842 1.26846 0.01461 0.06732 0.04883 0.97569 4.38075 4.86215
-9999 -9999 -9999 -9999 -9999 -9999 -9999 -9999 -9999 -9999 -9999 -9999 0.02324 0.00822 0.01623 0.00474 0.00646 0.01173 0.02973 0.04154 0.05562 0.05184 0.09361 0.09954 0.06392 0.10595 0.12927 0.02672 0.01379 0.01272 0.00766 0.04991 0.04742 0.03226 0.04929 0.01297 0.01331 0.02646 0.01556 0.00973 0.00632 0.01130 0.01031 0.00392 0.00377 0.73254 0.93416 1.24120 0.36650 0.32616 1.21637 0.93483 0.66600 0.47552 0.38459 0.09488 0.14024 0.26727 0.24409 0.18584 0.24113 0.26663 0.43278 0.31549 0.49175 1.60103 1.55394 1.66020 1.04984 1.76483 1.30271 2.40047 4.65972
-9999 -9999 -9999 -9999 -9999 -9999 -9999 -9999 -9999 -9999 -9999 0.00125 0.00193 0.00043 0.00086 0.00249 0.00165 0.00105 0.00144 0.00855 0.00215 0.01867 0.03112 0.02030 0.01352 0.03008 0.03407 0.05399 0.02112 0.00438 0.00275 0.00289 0.00272 0.01272 0.01249 0.00213 0.00321 0.03326 0.03953 0.00975 0.00818 0.01708 0.02438 0.02575 0.01639 0.01063 0.02314 0.60966 0.70059 0.37107 0.39744 0.35470 0.33003 0.20838 0.08132 0.11309 0.16436 0.18154 0.16251 0.40176 0.53608 0.42933 0.60269 0.51620 0.61479 0.86413 1.15129 1.06905 1.26922 1.91050 7.19613 7.19436 5.41431
-9999 -9999 -9999 -9999 -9999 -9999 -9999 -9999 -9999 -9999 -9999 0.00013 0.00137 0.00068 0.00129 0.00145 0.00105 0.00054 0.00288 0.00320 0.00377 0.02323 0.01501 0.01986 0.01664 0.01957 0.02234 0.03213 0.01487 0.00591 0.00374 0.00140 0.00149 0.00462 0.00669 0.00650 0.00579 0.02423 0.04957 0.01080 0.01354 0.05753 1.04607 1.39715 1.50850 1.48128 1.37448 0.27854 0.02188 0.01749 0.03057 0.03153 0.02649 0.04522 0.05553 0.30183 0.37634 0.53024 0.65174 0.68582 0.39445 0.71351 0.67151 0.45399 0.74677 1.61156 0.84964 1.17825 1.86848 5.50284 3.15385 6.26844 5.71324
