data/hydroclimate-scenarios/BCSD_hadcm_A1B/monthly_summaries/baseflow_monthly_tot_may.2070-2099.asc
ncols	311
nrows	91
xllcenter	102.75
yllcenter	31.75
cellsize	0.5
NODATA_value	-9999
[rows 0 to 31 of 91, columns 0 to 71 of 311]
-9999 -9999 -9999 -9999 -9999 -9999 -9999 -9999 -9999 -9999 -9999 -9999 -9999 -9999 -9999 -9999 -9999 -9999 -9999 -9999 -9999 -9999 -9999 -9999 -9999 -9999 -9999 -9999 -9999 -9999 -9999 -9999 -9999 -9999 -9999 -9999 -9999 -9999 -9999 -9999 -9999 -9999 -9999 -9999 -9999 -9999 -9999 -9999 -9999 -9999 -9999 -9999 -9999 -9999 -9999 -9999 -9999 -9999 -9999 -9999 -9999 -9999 -9999 -9999 -9999 -9999 -9999 -9999 -9999 -9999 -9999 -9999
-9999 -9999 -9999 -9999 -9999 -9999 -9999 -9999 -9999 -9999 -9999 -9999 -9999 -9999 -9999 -9999 -9999 -9999 -9999 -9999 -9999 -9999 -9999 -9999 -9999 -9999 -9999 -9999 -9999 -9999 -9999 -9999 -9999 -9999 -9999 -9999 -9999 -9999 -9999 -9999 -9999 -9999 -9999 -9999 -9999 -9999 -9999 -9999 -9999 -9999 -9999 -9999 -9999 -9999 -9999 -9999 -9999 -9999 -9999 -9999 -9999 -9999 -9999 -9999 -9999 -9999 -9999 -9999 -9999 -9999 -9999 -9999
-9999 -9999 -9999 -9999 -9999 -9999 -9999 -9999 -9999 -9999 -9999 -9999 -9999 -9999 -9999 -9999 -9999 -9999 -9999 -9999 -9999 -9999 -9999 -9999 -9999 -9999 -9999 -9999 -9999 -9999 -9999 -9999 -9999 -9999 -9999 -9999 -9999 -9999 -9999 -9999 -9999 -9999 -9999 -9999 -9999 -9999 -9999 -9999 -9999 -9999 -9999 -9999 -9999 -9999 -9999 -9999 -9999 -9999 -9999 -9999 -9999 -9999 -9999 -9999 -9999 -9999 -9999 -9999 -9999 -9999 -9999 -9999
-9999 -9999 -9999 -9999 -9999 -9999 -9999 -9999 -9999 -9999 -9999 -9999 -9999 -9999 -9999 -9999 -9999 -9999 -9999 -9999 -9999 -9999 -9999 -9999 -9999 -9999 -9999 -9999 -9999 -9999 -9999 -9999 -9999 -9999 -9999 -9999 -9999 -9999 -9999 -9999 -9999 -9999 -9999 -9999 -9999 -9999 -9999 -9999 -9999 -9999 -9999 -9999 -9999 -9999 -9999 -9999 -9999 -9999 -9999 -9999 -9999 -9999 -9999 -9999 -9999 -9999 -9999 -9999 -9999 -9999 -9999 -9999
-9999 -9999 -9999 -9999 -9999 -9999 -9999 -9999 -9999 -9999 -9999 -9999 -9999 -9999 -9999 -9999 -9999 -9999 -9999 -9999 -9999 -9999 -9999 -9999 -9999 -9999 -9999 -9999 -9999 -9999 -9999 -9999 -9999 -9999 -9999 -9999 -9999 -9999 -9999 -9999 -9999 -9999 -9999 -9999 -9999 -9999 -9999 -9999 -9999 -9999 -9999 -9999 -9999 -9999 -9999 -9999 -9999 -9999 -9999 -9999 -9999 -9999 -9999 -9999 -9999 -9999 -9999 -9999 -9999 -9999 -9999 -9999
-9999 -9999 -9999 -9999 -9999 -9999 -9999 -9999 -9999 -9999 -9999 -9999 -9999 -9999 -9999 -9999 -9999 -9999 -9999 -9999 -9999 -9999 -9999 -9999 -9999 -9999 -9999 -9999 -9999 -9999 -9999 -9999 -9999 -9999 -9999 -9999 -9999 -9999 -9999 -9999 -9999 -9999 -9999 -9999 -9999 -9999 -9999 -9999 -9999 -9999 -9999 -9999 -9999 -9999 -9999 -9999 -9999 -9999 -9999 -9999 -9999 -9999 -9999 -9999 -9999 -9999 -9999 -9999 -9999 -9999 -9999 -9999
-9999 -9999 -9999 -9999 -9999 -9999 -9999 -9999 -9999 -9999 -9999 -9999 -9999 -9999 -9999 -9999 -9999 -9999 -9999 -9999 -9999 -9999 -9999 -9999 -9999 -9999 -9999 -9999 -9999 -9999 -9999 -9999 -9999 -9999 -9999 -9999 -9999 -9999 -9999 -9999 -9999 -9999 -9999 -9999 -9999 -9999 -9999 -9999 -9999 -9999 -9999 -9999 -9999 -9999 -9999 -9999 -9999 -9999 -9999 -9999 -9999 -9999 -9999 -9999 -9999 -9999 -9999 -9999 -9999 -9999 -9999 -9999
-9999 -9999 -9999 -9999 -9999 -9999 -9999 -9999 -9999 -9999 -9999 -9999 -9999 -9999 -9999 -9999 -9999 -9999 -9999 -9999 -9999 -9999 -9999 -9999 -9999 -9999 -9999 -9999 -9999 -9999 -9999 -9999 -9999 -9999 -9999 -9999 -9999 -9999 -9999 -9999 -9999 -9999 47.98370 47.63010 52.02550 54.04110 54.26050 53.91240 52.55010 53.64520 48.23970 28.97540 -9999 -9999 -9999 -9999 -9999 -9999 -9999 -9999 -9999 -9999 -9999 -9999 -9999 -9999 -9999 -9999 -9999 -9999 -9999 -9999
-9999 -9999 -9999 -9999 -9999 -9999 -9999 -9999 -9999 -9999 -9999 -9999 -9999 -9999 -9999 -9999 -9999 -9999 -9999 -9999 -9999 -9999 -9999 -9999 -9999 -9999 -9999 -9999 -9999 -9999 -9999 -9999 -9999 -9999 -9999 -9999 -9999 -9999 44.66320 42.94260 46.71970 49.08970 50.17800 55.83590 60.50900 58.26360 61.73770 59.05840 61.53140 65.05610 61.37250 34.08600 22.68690 7.83729 -9999 -9999 -9999 -9999 -9999 -9999 -9999 -9999 -9999 -9999 -9999 -9999 -9999 -9999 -9999 -9999 -9999 -9999
-9999 -9999 -9999 -9999 -9999 -9999 -9999 -9999 -9999 -9999 -9999 -9999 -9999 -9999 -9999 -9999 -9999 -9999 -9999 -9999 -9999 -9999 -9999 -9999 -9999 -9999 -9999 -9999 -9999 -9999 -9999 -9999 -9999 -9999 -9999 -9999 -9999 -9999 -9999 -9999 51.79490 53.00380 49.12790 51.84810 57.89590 59.38730 64.55330 77.60020 70.97780 69.19840 65.49710 41.28060 40.01150 15.74710 -9999 -9999 -9999 -9999 -9999 -9999 -9999 -9999 -9999 -9999 -9999 -9999 -9999 -9999 -9999 -9999 -9999 -9999
-9999 -9999 -9999 -9999 -9999 -9999 -9999 -9999 -9999 -9999 -9999 -9999 -9999 -9999 -9999 -9999 -9999 -9999 -9999 -9999 -9999 -9999 -9999 -9999 -9999 -9999 -9999 -9999 -9999 -9999 -9999 -9999 -9999 -9999 -9999 -9999 -9999 -9999 -9999 -9999 -9999 -9999 -9999 -9999 69.46480 66.25170 59.62500 53.39310 54.05730 66.91250 67.08690 62.40340 60.94440 27.69670 -9999 -9999 -9999 -9999 -9999 -9999 11.56700 -9999 -9999 -9999 -9999 -9999 -9999 -9999 -9999 -9999 -9999 -9999
-9999 -9999 -9999 -9999 -9999 -9999 -9999 -9999 -9999 -9999 -9999 -9999 -9999 -9999 -9999 -9999 -9999 -9999 -9999 -9999 -9999 -9999 -9999 -9999 -9999 -9999 -9999 -9999 -9999 -9999 -9999 -9999 -9999 -9999 -9999 -9999 -9999 -9999 -9999 -9999 -9999 63.99540 66.27080 66.32680 70.34960 73.40830 72.22690 53.04730 64.26920 72.99100 64.95000 68.84460 64.67940 56.75700 -9999 -9999 -9999 -9999 -9999 17.05670 15.51180 13.46930 12.23870 6.02105 6.86921 6.52218 6.30815 7.29555 5.17894 4.65954 4.28485 2.13360
-9999 -9999 -9999 -9999 -9999 -9999 -9999 -9999 -9999 -9999 -9999 -9999 -9999 -9999 -9999 -9999 -9999 -9999 -9999 -9999 -9999 -9999 -9999 -9999 -9999 -9999 -9999 -9999 -9999 -9999 -9999 -9999 -9999 -9999 -9999 -9999 -9999 -9999 -9999 -9999 -9999 61.79300 66.55190 63.92670 75.17180 67.66320 72.43450 54.12080 53.13210 59.63600 50.60340 42.13780 38.68830 43.78730 50.17510 31.18840 31.93710 -9999 22.14270 27.61320 23.69170 18.47820 14.39140 12.43060 13.98670 11.98700 10.34340 9.79405 8.62246 7.04830 5.95914 5.57879
-9999 -9999 -9999 -9999 -9999 -9999 -9999 -9999 -9999 -9999 -9999 -9999 -9999 -9999 -9999 -9999 -9999 -9999 -9999 -9999 -9999 -9999 -9999 -9999 -9999 -9999 -9999 -9999 -9999 -9999 -9999 -9999 -9999 -9999 -9999 45.17230 43.92610 42.34700 45.81060 68.55250 72.03310 79.18110 81.40820 80.45440 87.81690 81.12740 81.55340 65.12730 60.92840 50.92200 48.73680 38.77880 36.14770 44.46210 39.07840 25.93920 34.02620 23.00920 27.51950 27.94160 19.69140 11.97640 14.40360 15.44800 10.57830 12.53960 10.56480 7.53811 9.51780 4.32323 4.32738 2.03627
-9999 -9999 -9999 -9999 -9999 -9999 -9999 -9999 -9999 -9999 -9999 -9999 -9999 -9999 -9999 -9999 -9999 -9999 -9999 -9999 -9999 -9999 -9999 -9999 -9999 -9999 -9999 -9999 -9999 -9999 -9999 -9999 -9999 -9999 51.46040 43.73840 53.86710 59.31260 68.27530 69.88190 75.47410 84.93680 88.87030 91.22570 79.89090 97.68630 99.28080 82.20960 62.00880 47.76440 49.33270 50.72330 37.62060 39.79040 44.27610 34.15640 26.09080 34.57430 33.71370 23.69530 19.31360 17.02290 13.34270 13.33220 14.50360 11.89890 8.41239 8.51361 10.29670 11.22780 11.62060 6.79889
-9999 -9999 -9999 -9999 -9999 -9999 -9999 -9999 -9999 -9999 -9999 -9999 -9999 -9999 -9999 -9999 -9999 -9999 -9999 -9999 -9999 -9999 -9999 -9999 -9999 -9999 -9999 -9999 -9999 -9999 -9999 -9999 -9999 55.80230 60.26380 51.02430 55.43280 64.77110 70.37380 73.20000 72.86700 79.45050 87.17610 76.82980 95.24370 100.04500 98.68990 79.18660 58.69530 40.95710 33.33880 29.08920 25.17270 38.47580 44.80730 33.56180 30.92160 23.61240 23.57640 21.48020 17.14500 11.83030 11.23020 11.77950 12.22930 9.95068 7.75325 8.09854 9.54235 9.17003 4.43306 9.44228
-9999 -9999 -9999 -9999 -9999 -9999 -9999 -9999 -9999 -9999 -9999 -9999 -9999 -9999 -9999 -9999 -9999 -9999 -9999 -9999 -9999 -9999 -9999 -9999 -9999 -9999 -9999 -9999 -9999 -9999 -9999 53.87410 49.51740 54.20950 54.23430 47.53750 53.36480 60.20350 68.36460 75.36050 70.42820 80.03940 71.70120 84.41160 98.79710 101.14600 91.09380 64.71510 65.24010 57.12700 44.43180 42.47310 40.62330 31.74000 41.79510 37.45780 31.17850 26.63370 21.82960 15.10840 14.80570 12.98340 10.34390 8.67117 9.05687 10.72830 9.66547 4.87888 4.00110 3.49734 5.98005 6.54162
-9999 -9999 -9999 -9999 -9999 -9999 -9999 -9999 -9999 -9999 -9999 -9999 -9999 -9999 -9999 -9999 -9999 -9999 -9999 -9999 -9999 -9999 -9999 -9999 -9999 -9999 -9999 -9999 -9999 39.70170 39.54490 48.53100 49.26890 54.80270 58.48850 56.27420 59.45910 57.89520 67.51680 73.29420 91.14730 96.02940 86.71120 95.00580 94.37340 94.90470 92.65700 64.64060 53.88330 46.96800 38.93040 32.80080 40.87970 34.28050 36.30260 27.85300 17.89530 14.90930 9.73053 6.61952 10.31150 7.29711 6.22069 6.04037 6.75830 7.03817 9.82500 11.05700 11.55270 9.42530 7.01450 11.44680
-9999 -9999 -9999 -9999 -9999 -9999 -9999 -9999 -9999 -9999 -9999 -9999 -9999 -9999 -9999 -9999 -9999 -9999 -9999 -9999 -9999 -9999 -9999 -9999 41.90740 42.87570 42.13600 44.87610 45.99970 51.74370 50.35520 51.50610 50.11890 52.47260 57.56770 64.49860 56.80870 62.03120 64.32770 69.72120 71.22050 98.29230 97.01820 92.22020 91.69730 94.90550 93.73360 78.01440 63.00480 50.65650 52.74340 24.03110 24.93390 41.97770 36.18930 22.13110 17.21480 14.55770 11.05390 10.33890 10.46550 9.50382 6.01815 4.90836 4.90299 4.61284 6.35722 4.61567 5.54840 6.69488 9.12627 7.16786
-9999 -9999 -9999 -9999 -9999 -9999 42.00620 37.24100 34.45310 34.39840 38.95430 -9999 -9999 -9999 -9999 -9999 -9999 -9999 -9999 -9999 -9999 40.13990 39.94470 41.94480 39.12740 41.44520 43.05210 47.99210 45.58930 49.02700 49.08850 48.94190 50.21120 54.29980 57.54600 65.64290 68.53010 65.29090 65.22490 78.08670 75.27980 73.62940 92.56150 84.95410 87.68340 89.02540 88.14520 74.43870 58.89130 54.65770 48.77550 30.59540 26.96880 31.10140 29.72380 19.90650 16.72800 12.81830 12.77400 11.39450 9.38920 8.51936 7.11672 7.63140 9.23769 5.72652 5.36412 3.38961 3.20815 3.41089 8.88077 7.23066
-9999 -9999 -9999 -9999 -9999 27.48750 24.97360 16.74460 22.41020 18.26450 21.51100 25.49450 27.82480 28.37270 -9999 -9999 -9999 29.89130 34.79500 37.46990 38.26580 35.64830 32.52100 37.69010 44.14520 36.08780 40.34810 43.13500 43.93180 47.01160 45.51490 44.90200 48.75790 50.77180 53.82980 60.25390 57.02870 60.45820 71.91120 72.88390 72.75040 72.97290 82.15160 84.07000 74.70580 78.68690 82.66000 74.12160 54.79610 52.94830 48.76580 38.04700 42.75200 43.76220 39.95310 30.69410 17.23060 11.77900 6.51555 11.24660 6.82788 3.36056 6.65818 5.21494 11.34950 7.89973 5.24652 3.71398 3.16219 3.69821 7.55610 12.13410
-9999 21.89400 21.06500 31.34350 37.36930 30.73640 28.08420 23.41000 22.92380 22.69800 20.54060 29.34720 28.41990 32.51370 33.10230 37.02500 40.05510 32.75660 31.92510 32.95040 40.04830 36.38140 33.43130 36.63560 33.14580 31.03430 30.79330 34.61580 35.02520 39.46560 37.44820 37.05600 39.45800 40.15810 43.07740 50.48480 54.29960 56.72480 66.18120 64.04500 63.57050 66.51340 77.80970 82.86070 64.09240 64.08250 71.32120 71.77500 63.04700 58.12330 44.87230 35.46180 38.65120 38.85930 37.44030 25.86050 19.00590 9.57510 8.04161 14.62370 6.01522 9.83325 7.84054 8.52435 11.55260 10.30320 5.27409 7.23971 4.53832 5.46679 7.48732 7.96800
-9999 21.57840 19.82910 25.48870 24.15370 29.32870 33.63510 35.15800 35.31500 33.87350 30.26410 34.98600 34.85590 38.01130 37.70980 38.43900 30.90540 34.60600 34.87870 31.04620 39.59830 42.72460 37.31320 35.15510 32.15400 35.95910 35.70980 32.45420 30.78560 34.58190 35.34370 36.54510 35.85470 38.96100 41.19680 39.08060 40.90800 44.93680 50.31870 58.01580 60.65000 60.55710 62.03800 77.92230 77.17760 62.50410 62.15080 60.67220 64.61010 64.60060 63.09960 49.82480 55.08020 41.94900 46.10750 36.70350 26.00410 20.33550 21.79480 16.16140 18.47230 15.41660 15.27680 12.32980 13.61070 14.51630 13.61640 15.84950 13.52730 20.02700 19.31730 19.48130
-9999 -9999 -9999 38.75700 32.96830 37.82520 40.05150 40.63390 41.91810 42.48240 30.28250 33.94250 32.51620 34.84360 38.19590 36.98560 33.68870 34.87020 35.75760 30.93490 35.73350 36.57110 38.63760 37.04270 35.13080 36.39020 34.28180 32.40110 32.25880 34.04660 33.72230 36.73270 36.92340 41.33610 43.62870 55.46430 37.38410 41.16140 45.11780 55.45300 56.50540 71.66370 61.10230 63.15580 72.45950 76.99770 76.95150 54.56370 54.13570 63.14240 53.79380 47.46360 50.75590 43.49500 45.33020 32.84020 31.45600 29.71690 32.24930 21.56490 23.15050 21.36010 28.49220 16.62290 16.01850 12.68170 10.64470 9.27346 16.19860 23.73890 24.43720 19.05160
-9999 -9999 -9999 -9999 -9999 -9999 44.82270 44.31390 42.01660 34.34100 29.32810 35.48130 37.86550 39.47120 42.69760 32.74370 32.92570 41.92750 45.07660 52.03360 49.98250 44.96490 42.69750 39.01410 38.31270 36.20040 33.78430 38.51040 51.11620 35.40810 32.81160 32.94520 51.01910 49.30050 53.36900 51.09900 55.95290 57.92990 47.69180 48.58350 49.44010 56.30720 59.93250 59.90410 61.05970 60.37110 71.44990 68.48960 70.18970 74.47740 68.11130 56.10080 51.09290 39.28250 38.29500 33.03180 23.73560 29.04890 30.81040 36.16220 27.79170 28.53100 21.59730 22.84250 29.77110 26.21370 17.70990 12.69500 17.91760 23.86330 31.81670 23.50880
-9999 -9999 -9999 -9999 -9999 -9999 43.53010 43.60550 47.64440 40.99060 42.34780 42.94610 43.12540 44.32640 45.38770 45.53770 50.04640 56.08900 55.51200 54.88920 54.74930 54.76870 50.64800 45.53870 43.24240 43.34020 38.81400 39.87650 43.01280 44.70330 50.51450 48.94720 49.39790 48.62600 50.69650 49.77250 55.76490 55.53110 59.77120 51.83550 53.28630 54.13880 55.15970 57.92420 60.79390 65.59910 66.48350 58.27860 60.18480 69.70720 72.48610 68.08080 60.74270 50.57770 42.14850 24.74250 26.13580 32.88230 28.20720 30.82990 28.22670 25.79990 22.95990 33.03770 28.95940 22.34970 16.56280 13.29520 18.48190 24.13630 33.07280 23.08400
-9999 -9999 -9999 -9999 -9999 -9999 -9999 -9999 -9999 -9999 51.92580 46.16390 45.96390 49.86650 52.71700 61.93390 60.09830 58.95520 61.00370 66.89840 67.40200 68.00570 62.56900 58.56100 55.96030 54.49200 52.81720 46.74470 40.43320 55.65800 53.85490 56.68050 56.92100 48.93570 45.24810 46.62610 44.52420 41.38980 40.57840 45.29510 55.02020 54.96940 41.99940 56.13320 58.81090 62.72130 64.77080 66.41330 63.22990 57.17560 54.33250 47.65540 41.20980 38.68750 35.32920 33.23930 36.87880 28.25200 32.44850 33.68900 28.81530 36.54820 36.32830 24.71380 26.39890 22.12890 21.52730 19.62360 22.53980 28.03900 41.58500 35.45450
-9999 -9999 -9999 -9999 -9999 -9999 -9999 -9999 -9999 -9999 58.21380 52.92770 50.31510 53.98150 55.72470 66.70280 67.16980 69.95840 72.18730 76.00770 73.36940 72.25820 69.23700 66.64020 62.35110 60.28500 54.45160 47.41820 43.97640 54.53730 53.93820 56.90900 56.24630 51.96740 54.76160 53.75330 52.64470 35.69130 36.31930 41.90910 42.71600 43.15260 41.72380 41.30630 43.10290 47.07230 48.61490 47.54070 46.62730 53.69100 42.69790 39.70050 32.44190 30.99190 32.25120 24.87320 24.39400 26.86810 23.28570 25.13060 23.92290 24.85020 23.76970 29.63120 28.29520 27.77250 27.92470 18.96940 21.86050 29.86790 43.46900 34.69140
-9999 -9999 -9999 -9999 -9999 -9999 -9999 -9999 -9999 -9999 -9999 -9999 53.26490 58.69640 64.80080 77.60990 82.35930 81.84470 83.40530 83.38670 82.06140 80.98960 79.02750 76.53590 66.50290 60.18460 53.50200 46.86990 41.76310 39.30680 48.91940 52.79040 55.35750 39.79130 41.97150 40.39070 39.15660 38.67650 38.33640 41.60220 41.04580 45.42230 45.91030 44.02420 44.58480 47.16900 49.70860 46.78950 44.15200 39.37560 48.43050 45.10670 41.30490 38.05150 29.00970 21.94410 20.64120 25.69690 27.48950 28.70350 26.06130 25.42220 27.64090 32.32890 28.52210 22.75350 30.19060 19.94690 25.37600 30.30410 40.29670 39.35350
-9999 -9999 -9999 -9999 -9999 -9999 -9999 -9999 -9999 -9999 -9999 -9999 54.82410 57.66200 66.48640 73.07290 79.09040 81.53040 90.96080 92.44210 93.43880 86.67980 85.71780 82.24120 70.86470 65.47150 54.98790 47.56830 41.17950 36.06750 34.14860 41.27420 41.31290 40.21890 41.76710 39.43660 40.96930 46.12840 42.90570 45.83820 44.66400 44.14440 45.41140 45.58260 45.86930 59.61230 60.05470 58.27040 52.96090 46.41930 48.72160 47.11370 39.84350 36.02080 29.10400 21.87810 23.10030 28.61290 28.34670 28.79960 29.02750 30.43070 33.78220 29.56660 30.41260 36.37760 37.18100 37.79740 37.56960 40.28300 42.10440 41.33970
-9999 -9999 -9999 -9999 -9999 -9999 -9999 -9999 -9999 -9999 -9999 47.05910 53.13970 54.60740 61.55060 72.50790 84.94130 90.69080 92.37980 102.54100 89.08980 90.56980 88.27720 87.55550 77.64340 70.52300 62.75790 50.59410 43.32700 37.75420 33.53750 34.94950 34.74040 36.54400 37.25500 34.03450 37.71350 43.16500 46.81610 50.51540 49.59210 52.66560 51.19940 49.98120 46.73180 44.63140 46.18410 58.36550 57.17740 53.83480 54.15570 44.91170 42.82310 35.08700 23.59720 27.31620 29.33200 32.58950 31.77340 36.99340 37.43660 35.03500 36.00830 37.98450 37.50610 41.71350 44.28430 44.51550 50.98120 51.69470 52.83630 43.81420
-9999 -9999 -9999 -9999 -9999 -9999 -9999 -9999 -9999 -9999 -9999 35.07990 45.81750 53.59610 57.81460 70.97070 82.99400 84.85080 99.92730 93.25790 90.84960 93.64560 85.58290 85.06060 77.24410 70.01870 60.55500 51.68400 45.76710 42.26080 37.07260 33.06010 32.95190 33.00150 35.73390 34.80440 38.60530 45.16580 50.02180 50.18040 52.74870 56.78530 71.86800 70.54460 66.15140 60.75510 60.04160 54.25720 45.36900 41.42010 44.17580 38.15680 37.11760 34.21020 33.43850 39.28900 41.82160 43.91420 45.92470 41.66950 39.81910 43.35620 44.40610 42.83890 49.16930 53.22310 49.01510 48.52520 56.38940 53.63440 47.88850 55.67020
