data/hydroclimate-scenarios/BCSD_hadcm_A1B/monthly_summaries/baseflow_monthly_tot_sep.2030-2059.asc
ncols	311
nrows	91
xllcenter	102.75
yllcenter	31.75
cellsize	0.5
NODATA_value	-9999
[rows 32 to 63 of 91, columns 0 to 72 of 311]
-9999 -9999 -9999 -9999 -9999 -9999 -9999 -9999 -9999 -9999 -9999 0.00130 0.00236 0.00441 0.00256 0.07214 0.09585 0.07600 0.24993 0.16082 0.32399 0.13917 0.10846 0.09108 0.91709 1.14301 1.16195 1.60070 1.25319 0.01068 0.01185 0.00637 0.00614 0.00779 0.01756 0.00282 0.00339 0.00788 0.03392 0.04704 0.07086 0.03871 0.06139 0.08789 0.07688 0.11061 0.07755 0.05844 0.04255 0.03696 0.02563 0.02652 0.02200 0.28404 0.27392 0.94157 1.23684 0.71094 0.37725 0.02062 0.02321 0.03623 0.31570 0.87860 1.01078 0.41066 0.58530 0.59370 0.90957 2.14805 0.92483 5.77065 5.75044
-9999 -9999 -9999 -9999 -9999 -9999 -9999 -9999 -9999 -9999 -9999 0.00371 0.00554 0.00167 0.00299 0.04097 0.06526 0.08322 0.13195 0.16844 0.23261 0.21999 1.18352 1.29407 1.44284 0.43690 0.57420 0.25138 0.07990 0.63554 0.57560 0.01274 0.01789 0.00827 0.05198 0.01170 0.26969 0.05741 0.38307 0.99536 0.18603 0.83419 0.14935 0.25325 0.32126 0.35105 0.33716 0.16628 0.11586 0.05722 0.04430 0.02023 0.01599 0.18444 0.01227 0.44889 0.53459 0.13114 0.11514 0.05461 0.04637 1.44878 0.98744 0.02451 1.53309 0.91401 0.82248 0.79123 0.91843 1.99898 0.79724 4.82299 4.00449
-9999 -9999 -9999 -9999 -9999 -9999 -9999 -9999 -9999 -9999 -9999 -9999 0.00976 0.00765 0.01186 0.02519 0.03466 0.03175 0.04786 0.08107 1.31496 0.36646 0.74417 0.76974 1.11121 0.97684 0.56916 0.25967 0.03032 0.01063 0.38142 0.41686 0.37274 0.43980 0.54770 1.05208 1.10709 0.21244 0.81925 0.94684 1.07824 0.93005 1.09148 0.06714 0.08178 0.54415 0.36391 0.20333 0.13874 0.18699 0.09880 0.10224 0.10117 0.17337 0.12879 0.01175 0.01347 0.28188 0.89397 0.98112 0.72535 0.30808 0.29959 0.62391 0.72401 2.46133 1.10712 0.99799 2.22943 4.37194 0.87084 1.68885 2.34247
-9999 -9999 -9999 -9999 -9999 -9999 -9999 -9999 -9999 -9999 -9999 -9999 0.00654 0.00359 0.00592 0.00768 0.01057 0.53357 0.68824 0.09804 0.12919 0.52874 0.47401 1.01474 1.15588 0.24693 0.06243 0.27862 0.06203 0.08001 0.03754 0.71071 0.57708 0.43867 0.72587 0.10051 0.07670 0.03470 0.03316 0.07240 1.35277 0.29380 0.29956 0.25926 0.06239 0.32538 0.32783 0.14242 0.07198 0.32734 0.20493 0.07515 0.03966 0.19154 0.14372 0.20625 1.02259 0.32925 0.00844 0.71821 0.45930 0.02099 0.01723 0.42290 1.62073 1.15617 1.45933 0.90695 1.66299 3.24159 4.95383 2.72927 3.22915
-9999 -9999 -9999 -9999 -9999 -9999 -9999 -9999 -9999 -9999 -9999 -9999 0.00492 0.00106 0.33287 0.32336 0.45788 0.00311 0.04215 0.11966 0.13071 0.56509 0.53985 0.36931 0.39904 0.13845 0.09641 0.16105 0.17022 0.27320 0.13860 0.52106 0.02197 0.03375 0.01419 0.01252 0.02433 0.01885 0.01315 0.09272 0.41969 0.67740 0.56043 0.61922 1.01311 4.79927 2.31685 1.82924 1.32003 0.82717 0.47646 0.15725 0.04444 0.09529 0.14911 0.34818 0.30508 0.05423 0.04510 1.41709 0.08211 0.33937 0.38439 0.38897 1.89604 1.49616 1.74811 2.20034 4.84012 5.32073 6.69891 7.10754 6.66962
-9999 -9999 -9999 0.00481 0.00588 0.00527 0.00233 0.00159 0.00154 -9999 0.00110 0.40212 0.39714 0.00065 0.00095 0.00082 0.00359 0.01100 0.02932 0.07029 0.10949 0.39168 0.47786 0.39337 0.70004 0.08639 0.06939 0.23763 0.28762 0.79144 0.08107 0.05171 0.01450 0.59892 0.13905 0.00636 0.04670 0.02684 0.04430 0.13763 0.29326 0.58059 0.82043 1.61484 2.72515 4.87763 5.71953 3.70102 1.65380 2.33629 3.87222 3.29881 2.55219 2.30003 1.21038 1.35962 1.53583 0.29663 0.73228 0.32404 1.75397 1.08849 2.11494 1.92214 1.64049 0.94278 1.24124 2.70304 4.84882 6.62389 9.91816 11.34760 14.58540
-9999 -9999 -9999 0.01375 0.00826 0.00467 0.00349 0.00271 0.00135 0.19504 0.24433 0.25078 0.00102 0.00188 0.00731 0.00377 0.08245 0.00949 0.01824 0.02583 0.03798 0.39288 0.45010 0.48243 1.00960 1.53607 1.53519 0.27700 0.23446 1.51270 0.18719 0.59501 0.16244 0.50527 0.58912 0.93265 0.17540 0.20340 0.06679 1.39612 1.28575 1.01205 1.86406 3.16712 4.98956 7.55070 6.89852 4.03478 8.11504 10.14170 9.92971 3.34964 3.37949 3.43583 1.26481 3.21442 1.87068 0.96894 1.19460 1.70396 1.86628 2.63959 3.68664 3.85591 3.66390 3.21543 3.24271 3.28491 6.88961 11.39480 18.90930 20.05220 25.32870
-9999 -9999 -9999 0.00864 0.00800 0.00426 0.51499 0.41576 0.32142 0.25613 0.25938 0.32128 0.00137 0.00141 0.00161 0.00041 0.05151 0.07052 0.01478 0.01330 0.03723 0.65948 0.41193 1.55430 1.38570 1.64384 1.08767 0.39155 0.51477 2.29433 3.39376 1.28659 0.66718 0.88394 1.42422 1.08884 0.26383 0.08833 0.27639 2.25344 2.49472 2.22217 2.44520 3.40090 2.68381 3.52603 5.15730 12.84950 12.15370 10.13810 11.54990 3.98277 3.97127 2.96348 1.70546 2.82443 1.78971 1.02380 1.37398 1.92767 3.57225 4.92631 3.25618 3.91571 4.58787 6.54511 6.34458 9.55408 21.42100 22.55700 27.64640 29.77440 30.38860
-9999 -9999 -9999 0.00476 0.00214 0.00452 0.34427 0.55493 0.35764 0.31745 0.30037 0.00096 0.00098 0.00601 0.00127 0.00698 0.03683 0.12955 0.08464 0.04804 0.26129 1.39803 2.75295 2.70496 1.76232 3.34376 1.62318 0.30051 1.53140 5.49230 4.91029 0.71275 1.40909 2.87329 2.31748 2.06667 0.61739 0.24230 0.40199 0.30171 0.67699 5.26955 9.04441 7.61206 3.78211 7.63244 10.13240 7.58014 9.46005 8.57879 11.49100 7.33003 6.47078 12.81180 4.64518 5.84149 4.22438 4.53255 5.36625 7.79763 10.11270 7.23269 5.94491 4.90454 7.93158 11.03990 10.04310 13.65890 22.50840 28.09090 31.60950 37.86980 -9999
-9999 -9999 -9999 0.00363 0.00198 0.00771 0.49930 0.55290 0.57702 0.43637 0.32899 0.35546 0.00657 0.01798 0.08956 0.07388 0.28358 0.30673 0.03467 0.14213 0.45612 0.47829 2.20258 1.47484 1.97721 2.34208 0.78850 0.14190 0.86284 2.02634 2.55330 1.33261 1.45854 1.03223 0.43587 0.32224 0.33466 0.11113 0.11403 0.29655 1.18585 3.50001 5.81011 5.17983 6.04710 7.65585 8.22418 8.16424 12.28980 10.81270 12.68710 9.33645 12.16910 16.21720 7.62245 11.70790 5.69008 4.90122 5.43847 7.84308 8.94288 7.98037 7.31775 12.89990 15.49290 13.41120 14.30100 23.34270 26.02310 27.65440 30.99000 -9999 -9999
-9999 -9999 -9999 -9999 0.78074 1.51281 1.19617 1.08595 0.74205 0.84519 0.72848 0.00714 0.13678 0.20938 -9999 -9999 -9999 -9999 -9999 1.44660 2.05923 0.84901 1.88114 2.75904 1.24574 0.58951 0.42189 0.74851 0.75382 0.26787 0.31282 0.69808 0.55873 0.46355 0.45222 0.08642 0.25612 0.27370 0.26263 0.62307 0.70131 1.34705 4.15453 7.76346 8.85512 7.57320 8.20415 12.59270 10.61300 11.72560 8.99426 10.66720 7.23387 11.60170 9.99879 10.61590 10.80120 8.87791 11.93200 12.79290 12.96370 14.81590 17.70970 12.71890 13.42530 21.96210 19.02490 17.02480 11.05320 -9999 -9999 -9999 -9999
-9999 -9999 0.11079 1.15431 1.16231 1.56010 1.39261 1.62289 0.80166 1.19676 0.96560 0.01534 0.15642 -9999 -9999 -9999 -9999 -9999 3.86897 1.38920 2.14270 0.15496 0.11430 0.49284 1.23050 1.17339 0.21498 0.53253 0.54710 0.17398 0.70448 0.32191 0.15836 0.65027 0.68514 0.12894 0.14374 0.11346 0.33481 0.50068 0.84904 1.42913 3.01971 3.34713 3.30333 3.79651 5.38646 5.98472 6.77910 6.08626 6.10153 9.25611 14.86590 9.79600 12.67260 4.95887 6.30666 11.38030 13.07160 10.20530 12.33690 11.93250 14.40650 16.73120 18.32100 23.48080 21.02160 -9999 -9999 -9999 -9999 -9999 -9999
-9999 -9999 1.97568 2.14838 1.45969 2.02903 1.72032 2.12462 1.31211 1.18814 0.05324 0.07129 0.03287 -9999 -9999 -9999 -9999 0.08765 0.71349 0.12687 0.49233 0.15824 0.26438 0.41891 0.28180 0.12786 0.48928 0.16221 0.18966 0.14225 0.07563 0.25033 0.21089 0.32418 0.46758 0.15633 0.11607 0.43511 0.79055 1.37653 1.77399 3.34908 4.89887 3.49896 9.05275 11.90360 11.67520 10.42610 7.00797 6.31826 9.60030 8.17470 7.52265 6.08582 4.84359 3.94592 6.33388 11.37050 13.20590 12.14510 14.03280 20.36960 18.41470 14.35730 15.54130 -9999 -9999 -9999 -9999 -9999 8.16845 -9999 -9999
-9999 -9999 1.91974 4.08678 3.00464 3.37299 2.28680 1.31184 1.49291 1.58054 0.18373 0.10687 0.00554 -9999 -9999 -9999 -9999 0.63952 0.28114 0.45467 1.06487 0.41047 0.15054 0.11177 0.14136 0.17464 0.17257 0.16141 0.13135 0.18098 0.14132 0.14762 0.17983 0.29652 0.27593 0.15804 0.25267 0.50896 0.75942 0.56106 1.16875 1.10406 1.93991 3.98983 5.91526 12.63920 14.65140 14.97530 14.33430 14.28620 8.92885 8.56519 4.91725 5.87428 7.59076 4.68102 3.52445 9.37781 9.10428 10.17170 9.88996 11.07340 9.66348 17.31820 23.72360 24.59890 18.14540 17.54370 11.80800 -9999 -9999 -9999 15.30750
-9999 -9999 -9999 2.92446 2.88069 1.66517 1.01935 1.48028 0.25213 0.35928 0.16772 0.01117 -9999 -9999 -9999 -9999 0.23498 0.69468 0.25353 0.20815 0.26388 0.11716 0.15126 0.16636 0.17973 0.26824 0.37607 0.73080 0.58460 0.54145 0.27786 0.11418 0.17973 0.46569 1.42776 1.27138 0.18445 0.12130 0.08081 0.08585 0.25809 0.18307 3.46858 6.55543 6.84123 10.25600 5.18664 4.40475 5.92185 8.17111 8.35384 7.35466 8.05714 12.75270 16.92710 14.62900 14.30710 16.60190 15.88980 13.66860 12.21890 11.41210 17.37670 33.90390 46.56570 25.14780 17.20330 8.57705 5.88397 13.19920 -9999 -9999 6.98082
-9999 -9999 -9999 -9999 2.57878 1.01374 1.09824 0.72638 0.85261 0.10953 0.06517 -9999 -9999 -9999 -9999 0.34122 0.55147 0.78030 0.69077 0.99893 0.67101 1.14168 0.80024 1.27318 0.23622 1.40488 3.51040 2.59051 3.16638 1.64944 1.33107 0.73333 0.86096 0.71517 1.11531 0.08934 0.04978 0.07722 0.08183 0.08022 0.17495 0.21431 0.37473 0.97812 1.35807 5.35104 4.08725 6.40519 7.06942 4.53172 3.42840 3.20901 4.84759 10.04580 8.51537 8.11389 12.74640 19.04440 21.27210 14.22380 18.75810 23.60200 26.46520 32.00260 36.42160 23.07270 16.59580 7.36106 5.97539 3.09500 2.22557 3.32151 3.85936
-9999 -9999 -9999 -9999 -9999 -9999 1.26768 2.92608 0.31474 0.21480 0.37534 -9999 -9999 -9999 -9999 -9999 2.73990 2.01712 0.79224 1.91370 1.17062 0.65086 0.56021 1.09266 3.16188 3.52406 0.92207 1.46781 1.08321 2.05819 0.92994 1.28528 0.40255 1.06994 0.86566 1.10892 0.13174 0.11660 0.11365 0.14690 0.24981 0.48018 0.59736 0.70693 3.22265 4.68707 4.64647 6.74609 7.59022 7.78638 6.17039 7.32855 7.61018 10.54240 14.41010 11.48590 12.51850 17.20320 21.64210 25.87810 26.92180 26.74610 30.26560 40.89270 41.46510 31.61880 14.60550 3.04803 1.65612 3.40917 2.58826 2.40695 3.74699
-9999 -9999 -9999 -9999 -9999 -9999 -9999 -9999 -9999 -9999 -9999 -9999 -9999 -9999 -9999 -9999 -9999 -9999 -9999 1.29735 0.70634 0.05524 1.05743 2.87281 1.55681 1.41972 2.99712 0.70502 0.42886 0.16088 0.52009 0.33448 0.08778 0.09900 0.67139 0.47880 0.04616 0.09623 0.17467 0.31006 0.52117 0.64576 0.65385 1.16847 1.05133 1.47404 0.93534 8.06244 7.16271 3.96024 3.49339 7.39751 10.96880 14.18750 9.44330 10.25330 18.20980 16.57390 20.80590 26.48780 31.24700 27.99610 36.62310 46.24670 45.61070 27.51460 12.73420 2.10797 1.26791 4.12184 3.06422 2.29714 3.92723
-9999 -9999 -9999 -9999 -9999 -9999 -9999 -9999 -9999 -9999 -9999 -9999 -9999 -9999 -9999 -9999 -9999 -9999 2.12724 0.77516 0.51693 1.29421 1.61762 1.64801 0.32177 0.05561 0.25128 0.28385 0.19983 0.49361 0.41736 0.50056 0.95336 0.50502 0.09677 0.86073 0.19188 0.05509 0.14036 0.32068 0.47359 2.33889 2.75618 0.58107 0.69264 6.57506 1.97623 0.02462 1.14398 1.34597 1.47160 6.32736 5.56898 6.16770 12.01120 18.99680 20.70470 21.54950 22.80050 17.83930 16.86840 19.79610 29.51870 34.47490 31.65480 23.57950 14.04060 4.68740 7.89082 3.16901 3.89791 4.26248 2.13810
-9999 -9999 -9999 -9999 -9999 -9999 -9999 -9999 -9999 -9999 -9999 -9999 -9999 -9999 -9999 -9999 -9999 2.36278 1.23399 1.88652 2.26454 1.76920 0.60058 0.15746 0.01451 0.00329 0.24285 0.10541 0.30166 0.25656 0.33296 0.25044 0.08775 0.48437 0.13552 1.10799 2.17717 0.14538 0.16120 0.42797 0.62215 4.79909 2.90878 2.48030 0.33153 1.41431 5.57392 1.38354 0.50599 1.27786 1.47386 4.86998 2.86311 4.07464 7.23396 7.89460 20.68710 22.38370 25.50240 20.77880 15.35050 22.43140 33.54770 36.71720 31.17360 24.94200 17.61270 10.43990 7.45048 6.53573 12.72540 8.23540 10.72380
-9999 -9999 -9999 -9999 -9999 -9999 -9999 -9999 -9999 -9999 -9999 -9999 -9999 -9999 -9999 -9999 -9999 2.69766 3.12111 3.87038 1.86667 1.33164 0.62885 0.00619 0.00400 0.01887 0.01178 0.00503 0.00059 0.14339 0.11572 0.12350 0.22642 0.17787 0.34002 1.39809 2.46629 0.19408 0.66545 0.85845 0.90562 1.63427 3.93633 0.30083 1.59883 2.43946 3.27058 0.04195 0.03837 0.46623 1.15518 3.70143 4.73415 6.18232 8.73190 8.32832 27.14860 26.50080 26.78420 18.56350 24.41170 33.13330 32.71510 36.68900 39.59020 34.26330 26.00330 18.77510 7.87799 4.18013 5.96116 14.39150 15.32880
-9999 -9999 -9999 -9999 -9999 -9999 -9999 -9999 -9999 -9999 -9999 -9999 -9999 -9999 -9999 -9999 0.63958 1.41312 4.23015 1.28772 0.53292 0.05399 0.02966 0.01246 0.00728 0.02017 0.02568 0.00176 0.00056 0.00161 0.00076 0.00046 0.14939 0.09937 0.11168 0.57045 1.05611 1.02486 0.48735 0.71034 0.65887 1.52524 4.34205 1.41260 0.27225 2.40678 3.81521 0.08896 0.06765 0.33474 1.13227 4.48128 5.24258 5.82483 7.53361 7.89811 9.82939 27.34520 22.75420 18.77450 19.13790 26.21610 29.46780 35.88690 30.89780 32.66990 25.56560 20.44360 13.18750 6.80466 11.41690 16.49910 20.92850
-9999 -9999 -9999 -9999 -9999 -9999 -9999 -9999 -9999 -9999 -9999 -9999 -9999 3.39095 3.32514 0.57680 0.94981 1.10755 1.59338 0.28868 0.00736 0.03499 0.00762 0.00437 0.00447 0.00150 0.00141 0.00000 0.00000 0.00000 0.05686 0.19398 0.00000 0.00000 0.04603 0.01550 0.05564 0.09468 0.00273 0.00527 0.00574 0.77249 0.68086 0.00520 0.49812 0.33923 0.61326 0.73435 0.82943 1.30549 1.50766 1.08927 0.72823 0.54533 1.53634 5.63358 5.20254 5.63042 4.52858 6.27300 5.78787 10.26060 9.77952 20.07850 18.82940 12.76340 11.24870 17.02000 19.32680 11.47340 17.99130 26.33820 32.36050
-9999 -9999 -9999 -9999 -9999 -9999 -9999 -9999 -9999 -9999 -9999 -9999 0.99014 2.71158 2.53952 0.97917 1.50825 0.04742 0.03848 0.00348 0.00179 0.00233 0.00086 0.00142 0.00216 0.00072 0.00052 0.00000 0.00818 0.03371 0.00326 0.01617 0.02956 0.06555 0.07191 0.01712 0.00000 0.00003 0.00165 0.00209 0.00292 0.00378 0.56956 0.37589 0.11965 0.16027 0.27984 0.57975 0.77242 0.83047 0.88466 0.16083 1.03489 0.11841 1.36249 1.62519 3.87481 3.28235 5.19573 9.40454 8.39454 10.51360 12.09750 17.75850 20.57740 11.14350 12.58170 23.49600 25.92890 20.49600 36.10100 34.81330 36.74330
-9999 -9999 -9999 -9999 -9999 -9999 -9999 -9999 -9999 -9999 -9999 2.31625 0.31891 0.91326 0.02859 0.04432 0.03847 0.01968 0.01462 0.00074 0.00026 0.00000 0.00000 0.00034 0.00021 0.00068 0.21079 0.04503 0.01874 0.05384 0.00377 0.00000 0.00000 0.00000 0.00000 0.03753 0.00011 0.00045 0.00116 0.00134 0.00109 0.39562 0.20329 0.06725 0.05241 0.14164 0.17386 0.28662 0.42757 1.41698 2.01658 0.96811 0.76815 4.41125 0.92378 0.44673 3.10104 1.21349 1.83926 4.99036 5.02524 5.77359 5.90580 6.36306 10.30810 12.02780 10.00200 25.01200 20.84070 29.51780 44.59350 50.07280 46.89990
-9999 -9999 -9999 -9999 -9999 -9999 -9999 -9999 -9999 -9999 0.19044 0.15884 0.04178 0.01852 0.00647 0.04082 0.03730 0.02290 0.01943 0.00045 0.00016 0.00000 0.00000 0.00010 0.00003 0.00030 0.00050 0.05290 0.01524 0.00000 0.00000 0.00000 0.00000 0.05987 0.01500 0.04724 0.00032 0.00082 0.00303 0.00103 0.34117 0.10036 0.02672 0.01557 0.02333 0.17200 0.21114 0.23446 0.53406 1.40237 3.55559 1.27370 5.76723 0.81725 0.69665 0.39613 4.54194 4.78620 2.25718 1.70660 3.50870 6.39755 5.91364 9.04362 9.39979 13.92290 7.12325 23.46540 31.55620 41.71750 49.05160 44.93020 49.66030
-9999 -9999 -9999 -9999 -9999 -9999 -9999 -9999 -9999 0.00063 0.00029 0.00067 0.00079 0.00163 0.00161 0.00060 0.00075 0.00014 0.00010 0.00017 0.00011 0.00001 0.00000 0.00000 0.00000 0.00000 0.00000 0.00028 0.00016 0.00007 0.00004 0.00000 0.00000 0.00000 0.02444 0.17844 0.00324 0.00343 0.00188 0.24341 0.02415 0.00904 0.01457 0.87666 0.01351 0.56726 0.07352 0.47964 0.52510 1.15546 2.19107 6.33200 1.57976 11.05930 5.35840 1.68018 0.88470 0.82492 0.86336 1.26124 3.40181 5.05491 4.42246 6.92054 5.61456 8.97782 14.07460 50.04100 65.99030 64.60380 67.51620 69.46060 72.35980
-9999 -9999 -9999 -9999 -9999 -9999 -9999 -9999 -9999 -9999 0.00000 0.00016 0.00013 0.00071 0.00060 0.00019 0.00035 0.00006 0.00005 0.00018 0.00013 0.00000 0.00000 -9999 -9999 -9999 -9999 -9999 -9999 0.00065 0.00084 0.00000 0.00000 0.00000 0.00000 0.15857 0.33773 0.00112 0.00119 0.21372 0.03859 0.04592 0.79538 0.52347 0.84055 0.51938 0.74969 0.41064 1.13036 1.72087 3.02696 0.48549 1.16829 3.84978 7.06336 1.19969 0.66074 0.73561 0.52334 1.37857 2.53797 2.97506 1.65475 4.20583 7.82519 11.82940 20.08730 58.36790 75.71120 71.16890 79.37840 78.67170 89.11130
-9999 -9999 -9999 -9999 -9999 -9999 -9999 -9999 -9999 -9999 -9999 -9999 0.00002 0.00000 0.00000 0.00000 0.00000 0.00000 0.00000 -9999 -9999 -9999 -9999 -9999 -9999 -9999 -9999 -9999 -9999 -9999 -9999 -9999 -9999 0.00000 0.04649 0.08487 0.06602 0.11087 0.00052 0.00047 0.09924 0.03046 0.10965 0.09795 0.10220 0.96305 0.76759 0.08913 0.21399 0.37973 0.68424 4.95160 5.37448 5.38792 2.11478 0.91311 1.31422 0.98167 0.09673 1.59544 3.85651 3.39808 6.30602 2.36901 6.70211 12.16840 24.71990 59.85940 67.53570 64.70820 68.50110 83.12080 -9999
-9999 -9999 -9999 -9999 -9999 -9999 -9999 -9999 -9999 -9999 -9999 -9999 -9999 -9999 -9999 -9999 -9999 -9999 -9999 -9999 -9999 -9999 -9999 -9999 -9999 -9999 -9999 -9999 -9999 -9999 -9999 -9999 -9999 -9999 0.05429 0.02835 0.03247 0.03104 0.00010 0.04925 0.05948 0.02360 1.03960 0.63044 0.68496 0.88695 0.28352 0.07704 0.31580 0.40373 0.92703 4.13823 2.50008 3.53886 3.10172 1.59794 0.88552 1.97525 1.06742 1.37945 2.28513 2.76419 1.68217 2.61912 6.60472 10.84830 25.16600 62.87530 72.84190 68.14290 73.69710 -9999 -9999
-9999 -9999 -9999 -9999 -9999 -9999 -9999 -9999 -9999 -9999 -9999 -9999 -9999 -9999 -9999 -9999 -9999 -9999 -9999 -9999 -9999 -9999 -9999 -9999 -9999 -9999 -9999 -9999 -9999 -9999 -9999 -9999 -9999 -9999 0.04220 0.02421 0.03303 0.11976 0.00024 0.01235 0.00771 0.52463 0.45380 0.03158 0.22057 0.06419 0.09486 0.11101 0.22205 0.36666 0.64845 0.41787 0.97466 3.27441 2.71478 1.46882 1.34258 1.00726 0.67421 1.64649 3.63722 4.33129 4.23140 3.14839 6.82494 23.04100 24.65170 36.77810 43.94670 38.38930 -9999 -9999 -9999
-9999 -9999 -9999 -9999 -9999 -9999 -9999 -9999 -9999 -9999 -9999 -9999 -9999 -9999 -9999 -9999 -9999 -9999 -9999 -9999 -9999 -9999 -9999 -9999 -9999 -9999 -9999 -9999 -9999 -9999 -9999 -9999 -9999 -9999 -9999 -9999 -9999 -9999 0.03559 0.01427 0.00638 0.01823 0.32827 0.34758 0.02268 0.11077 0.25877 0.17612 0.24470 0.50718 0.38334 0.55407 0.60081 2.50718 2.72729 0.80860 0.08466 0.25481 0.63487 1.56525 3.29892 2.02947 3.86097 6.58042 17.76920 25.40980 30.49160 30.19820 34.56680 -9999 -9999 -9999 -9999
