data/hydroclimate-scenarios/BCSD_hadcm_A1B/monthly_summaries/baseflow_monthly_tot_feb.2030-2059.asc
ncols	311
nrows	91
xllcenter	102.75
yllcenter	31.75
cellsize	0.5
NODATA_value	-9999
[rows 0 to 31 of 91, columns 219 to 291 of 311]
-9999 -9999 -9999 -9999 -9999 -9999 -9999 -9999 -9999 -9999 -9999 -9999 -9999 -9999 -9999 -9999 -9999 -9999 -9999 -9999 -9999 -9999 -9999 -9999 -9999 -9999 -9999 -9999 -9999 -9999 -9999 -9999 -9999 -9999 -9999 -9999 -9999 -9999 -9999 -9999 -9999 -9999 -9999 -9999 -9999 -9999 -9999 -9999 -9999 -9999 -9999 -9999 -9999 -9999 -9999 -9999 -9999 -9999 -9999 -9999 -9999 -9999 -9999 -9999 -9999 -9999 -9999 -9999 -9999 -9999 -9999 -9999 -9999
-9999 -9999 -9999 -9999 -9999 -9999 -9999 -9999 -9999 -9999 -9999 -9999 -9999 -9999 -9999 -9999 -9999 -9999 -9999 -9999 -9999 -9999 -9999 -9999 -9999 -9999 -9999 -9999 -9999 -9999 -9999 -9999 -9999 -9999 -9999 -9999 -9999 -9999 -9999 -9999 -9999 -9999 -9999 -9999 -9999 -9999 -9999 -9999 -9999 -9999 -9999 -9999 -9999 -9999 -9999 -9999 -9999 -9999 -9999 -9999 -9999 -9999 -9999 -9999 -9999 -9999 -9999 -9999 -9999 -9999 -9999 -9999 -9999
-9999 -9999 -9999 -9999 -9999 -9999 -9999 -9999 -9999 -9999 -9999 -9999 -9999 -9999 -9999 -9999 -9999 -9999 -9999 -9999 -9999 -9999 -9999 -9999 -9999 -9999 -9999 -9999 -9999 -9999 -9999 -9999 -9999 -9999 -9999 -9999 -9999 -9999 -9999 -9999 -9999 -9999 -9999 -9999 -9999 -9999 -9999 -9999 -9999 -9999 -9999 -9999 -9999 -9999 -9999 -9999 -9999 -9999 -9999 -9999 -9999 -9999 -9999 -9999 -9999 -9999 -9999 -9999 -9999 -9999 -9999 -9999 -9999
-9999 -9999 -9999 -9999 -9999 -9999 -9999 -9999 -9999 -9999 -9999 -9999 -9999 -9999 -9999 -9999 -9999 -9999 -9999 -9999 -9999 -9999 -9999 -9999 -9999 -9999 -9999 -9999 -9999 -9999 -9999 -9999 -9999 -9999 -9999 -9999 -9999 -9999 -9999 -9999 -9999 -9999 -9999 -9999 -9999 -9999 -9999 -9999 -9999 -9999 -9999 -9999 -9999 -9999 -9999 -9999 -9999 -9999 -9999 -9999 -9999 -9999 -9999 -9999 -9999 -9999 -9999 -9999 -9999 -9999 -9999 -9999 -9999
-9999 -9999 -9999 -9999 -9999 -9999 -9999 -9999 -9999 -9999 -9999 -9999 -9999 -9999 -9999 -9999 -9999 -9999 -9999 -9999 -9999 -9999 -9999 -9999 -9999 -9999 -9999 -9999 -9999 -9999 -9999 -9999 -9999 -9999 -9999 -9999 -9999 -9999 -9999 -9999 -9999 -9999 -9999 -9999 -9999 -9999 -9999 -9999 -9999 -9999 -9999 -9999 -9999 -9999 -9999 -9999 -9999 -9999 -9999 -9999 -9999 -9999 -9999 -9999 -9999 -9999 -9999 -9999 -9999 -9999 -9999 -9999 -9999
-9999 -9999 -9999 -9999 -9999 -9999 -9999 -9999 -9999 -9999 -9999 -9999 -9999 -9999 -9999 -9999 -9999 -9999 -9999 -9999 -9999 -9999 -9999 -9999 -9999 -9999 -9999 -9999 -9999 -9999 -9999 -9999 -9999 -9999 -9999 -9999 -9999 -9999 -9999 -9999 -9999 -9999 -9999 -9999 -9999 -9999 -9999 -9999 -9999 -9999 -9999 -9999 -9999 -9999 -9999 -9999 -9999 -9999 -9999 -9999 -9999 -9999 -9999 -9999 -9999 -9999 -9999 -9999 -9999 -9999 -9999 -9999 -9999
-9999 -9999 -9999 -9999 -9999 -9999 -9999 -9999 -9999 -9999 -9999 -9999 -9999 -9999 -9999 -9999 -9999 -9999 -9999 -9999 -9999 -9999 -9999 -9999 -9999 -9999 -9999 -9999 -9999 -9999 -9999 -9999 -9999 -9999 -9999 -9999 -9999 -9999 -9999 -9999 -9999 -9999 -9999 -9999 -9999 -9999 -9999 -9999 -9999 -9999 -9999 -9999 -9999 -9999 -9999 -9999 -9999 -9999 -9999 -9999 -9999 -9999 -9999 -9999 -9999 -9999 -9999 -9999 -9999 -9999 -9999 -9999 -9999
-9999 -9999 -9999 -9999 -9999 -9999 -9999 -9999 -9999 -9999 -9999 -9999 -9999 -9999 -9999 -9999 -9999 -9999 -9999 -9999 -9999 -9999 -9999 -9999 -9999 -9999 -9999 -9999 -9999 -9999 -9999 -9999 -9999 -9999 -9999 -9999 -9999 -9999 -9999 -9999 -9999 -9999 -9999 -9999 -9999 -9999 -9999 -9999 -9999 -9999 -9999 -9999 -9999 -9999 -9999 -9999 -9999 -9999 -9999 -9999 -9999 -9999 -9999 -9999 -9999 -9999 -9999 -9999 -9999 -9999 -9999 -9999 -9999
-9999 -9999 -9999 -9999 -9999 -9999 -9999 -9999 -9999 -9999 -9999 -9999 -9999 -9999 -9999 -9999 -9999 -9999 -9999 -9999 -9999 -9999 -9999 -9999 -9999 -9999 -9999 -9999 -9999 -9999 -9999 -9999 -9999 -9999 -9999 -9999 -9999 -9999 -9999 -9999 -9999 -9999 -9999 -9999 -9999 -9999 -9999 -9999 -9999 -9999 -9999 -9999 -9999 -9999 -9999 -9999 -9999 -9999 -9999 -9999 -9999 -9999 -9999 -9999 -9999 -9999 -9999 -9999 -9999 -9999 -9999 -9999 -9999
-9999 -9999 -9999 -9999 -9999 -9999 -9999 -9999 -9999 -9999 -9999 -9999 -9999 -9999 -9999 -9999 -9999 -9999 -9999 -9999 -9999 -9999 -9999 -9999 -9999 -9999 -9999 -9999 -9999 -9999 -9999 -9999 -9999 -9999 -9999 -9999 -9999 -9999 -9999 -9999 -9999 -9999 -9999 -9999 -9999 -9999 -9999 -9999 -9999 -9999 -9999 -9999 -9999 -9999 -9999 -9999 -9999 -9999 -9999 -9999 -9999 -9999 -9999 -9999 -9999 -9999 -9999 -9999 -9999 -9999 -9999 -9999 -9999
-9999 -9999 -9999 -9999 -9999 -9999 -9999 -9999 -9999 -9999 -9999 -9999 -9999 -9999 -9999 -9999 -9999 -9999 -9999 -9999 -9999 -9999 -9999 -9999 -9999 -9999 -9999 -9999 -9999 -9999 -9999 -9999 -9999 -9999 -9999 -9999 -9999 -9999 -9999 -9999 -9999 -9999 -9999 -9999 -9999 -9999 -9999 -9999 -9999 -9999 -9999 -9999 -9999 -9999 -9999 -9999 -9999 -9999 -9999 -9999 -9999 -9999 -9999 -9999 -9999 -9999 -9999 -9999 -9999 -9999 -9999 -9999 -9999
-9999 -9999 -9999 -9999 -9999 -9999 -9999 -9999 -9999 -9999 -9999 -9999 -9999 -9999 -9999 -9999 -9999 -9999 -9999 -9999 -9999 -9999 -9999 -9999 -9999 -9999 -9999 -9999 -9999 -9999 -9999 -9999 -9999 -9999 -9999 -9999 -9999 -9999 -9999 -9999 -9999 -9999 -9999 -9999 -9999 -9999 -9999 -9999 -9999 -9999 -9999 -9999 -9999 -9999 -9999 -9999 -9999 -9999 -9999 -9999 -9999 -9999 -9999 -9999 -9999 -9999 -9999 -9999 -9999 -9999 -9999 -9999 -9999
-9999 -9999 -9999 -9999 -9999 -9999 -9999 -9999 -9999 -9999 -9999 -9999 -9999 -9999 -9999 -9999 -9999 -9999 -9999 -9999 -9999 -9999 -9999 -9999 -9999 -9999 -9999 -9999 -9999 -9999 -9999 -9999 -9999 -9999 -9999 -9999 -9999 -9999 -9999 -9999 -9999 -9999 -9999 -9999 -9999 -9999 -9999 -9999 -9999 -9999 -9999 -9999 -9999 -9999 -9999 -9999 -9999 -9999 -9999 -9999 -9999 -9999 -9999 -9999 -9999 -9999 -9999 -9999 -9999 -9999 -9999 -9999 -9999
-9999 -9999 -9999 -9999 -9999 -9999 -9999 -9999 -9999 -9999 -9999 -9999 -9999 -9999 -9999 -9999 -9999 -9999 -9999 -9999 -9999 -9999 -9999 -9999 -9999 -9999 -9999 -9999 -9999 -9999 -9999 -9999 -9999 -9999 -9999 -9999 -9999 -9999 -9999 -9999 -9999 0.34751 -9999 -9999 -9999 -9999 -9999 -9999 -9999 -9999 -9999 -9999 -9999 -9999 -9999 -9999 -9999 -9999 -9999 -9999 -9999 -9999 -9999 -9999 -9999 -9999 -9999 -9999 -9999 -9999 -9999 -9999 -9999
0.01770 0.02329 0.06879 0.13507 0.24378 0.62964 0.65090 0.65883 0.57993 0.58685 0.67459 0.48095 2.63990 -9999 -9999 -9999 -9999 -9999 -9999 -9999 -9999 -9999 -9999 -9999 -9999 -9999 -9999 -9999 -9999 -9999 -9999 -9999 -9999 -9999 -9999 -9999 0.03859 0.00968 0.00117 0.00898 0.11344 0.12896 0.23971 -9999 -9999 -9999 0.74121 -9999 -9999 -9999 0.74562 1.09822 1.11342 -9999 -9999 -9999 -9999 -9999 -9999 -9999 -9999 -9999 -9999 -9999 -9999 -9999 -9999 -9999 -9999 -9999 -9999 -9999 -9999
0.06403 0.06879 0.16437 0.34173 0.33866 0.89487 0.94982 1.25113 1.39055 1.23061 1.00065 0.93314 0.46950 0.39398 0.34709 0.47153 0.81853 1.19475 0.54531 -9999 -9999 -9999 -9999 -9999 0.41458 0.25963 0.19658 0.34627 0.36669 0.38595 0.09267 0.00262 0.01494 0.00975 0.00793 0.00959 0.00028 0.00019 0.00527 0.00495 0.18099 0.28442 0.33377 0.44159 0.48917 0.62592 0.75842 0.98963 0.81141 0.81352 0.96227 1.12283 1.37455 1.36616 1.37164 1.19220 1.15214 1.09678 -9999 -9999 -9999 -9999 -9999 -9999 -9999 -9999 -9999 -9999 -9999 -9999 -9999 -9999 -9999
0.93325 1.44327 1.62130 1.60135 1.52419 1.88280 1.24950 2.07043 1.53980 1.62646 0.81334 0.62185 0.24106 0.18875 0.59220 0.37364 1.66040 0.90352 0.79536 0.92739 0.76841 0.70793 0.53715 0.35213 0.12022 0.15267 0.15806 0.15814 0.03739 0.03699 0.03591 0.01441 0.01921 0.01129 0.02592 0.02220 0.00568 0.00814 0.02094 0.01614 0.08875 0.12596 0.16225 0.23875 0.46421 0.61254 0.69663 0.78931 0.82961 0.92004 0.80770 0.99480 1.22930 1.24155 1.23034 1.30607 1.31531 1.28617 1.29122 1.30182 1.34501 1.38871 1.36063 1.47928 1.58155 1.39664 -9999 -9999 -9999 -9999 -9999 -9999 -9999
1.73095 0.88940 0.69307 0.13699 0.00829 0.00401 0.07026 0.00460 0.00225 0.00126 0.00316 0.00761 0.33572 0.34780 0.39579 0.55576 1.75105 2.11267 0.30138 0.55492 1.15818 0.32783 0.27897 0.22847 0.23793 0.30517 0.19955 0.24014 0.07259 0.04372 0.12828 0.09604 0.07245 0.04568 0.04600 0.05176 0.02251 0.01397 0.01363 0.00974 0.03111 0.05402 0.08145 0.11493 0.18505 0.30222 0.35080 0.65085 0.61158 0.70299 0.82119 0.79388 1.04251 1.02063 1.19147 1.20926 1.09680 1.13922 1.16509 1.26906 1.38391 1.58471 1.58974 1.69698 1.90105 1.74418 -9999 1.31824 -9999 -9999 -9999 -9999 -9999
0.18524 0.00293 0.00241 0.03257 0.01048 0.01540 0.00077 0.02459 0.00329 0.02839 0.03125 0.00903 0.17510 0.06219 0.51573 1.25358 2.26488 1.57163 0.51261 0.36050 0.74226 0.51971 0.26021 0.16848 0.21424 0.44637 0.35763 0.09438 0.11559 0.08158 0.06747 0.10140 0.04323 0.05432 0.01372 0.01110 0.05422 0.05624 0.01452 0.03042 0.06234 0.02975 0.07768 0.14689 0.20752 0.25635 0.31367 0.35886 0.46090 0.60413 0.62631 0.77189 0.83616 0.83307 0.89887 0.80885 1.05924 1.33401 1.26967 1.47386 1.30187 1.52557 1.52399 1.56604 1.88508 2.09792 1.90448 -9999 -9999 -9999 -9999 -9999 -9999
0.26520 0.30562 0.29797 0.07938 0.01351 0.00713 0.01584 0.00874 0.02763 0.02155 0.01083 0.01758 1.92887 1.80904 0.76178 1.39897 0.59404 0.85288 0.21825 0.23858 0.27496 0.12149 0.48578 0.09261 0.09707 0.26327 0.51822 0.24710 1.80384 1.62591 1.80683 1.80696 1.67141 1.73363 1.68534 1.64071 1.59203 1.59358 1.34307 1.53152 1.32778 1.32231 1.66311 1.74816 1.96165 0.30116 0.42324 0.48361 0.11274 0.16075 0.21123 0.29141 0.66708 1.01682 0.91727 2.49832 2.50601 2.51106 2.41453 2.54890 2.79850 1.37989 1.35995 2.30607 2.35044 1.90638 2.18789 1.64956 -9999 -9999 -9999 -9999 -9999
0.39993 0.16709 0.01299 0.00395 0.01629 0.01717 0.00671 0.00431 0.00377 0.01807 0.04665 0.05789 0.55977 0.14777 0.04137 0.05122 0.11164 0.07339 0.02412 0.13288 0.33862 0.35628 0.05883 0.02071 0.00759 0.23759 0.63736 0.54049 0.32185 0.09659 0.01370 0.04822 0.15054 0.12620 2.18307 2.04144 1.67791 1.51708 1.51425 1.62053 1.56715 1.50107 1.76483 1.75651 1.81916 1.83820 1.69100 1.73925 1.47511 1.61527 1.64953 1.68257 1.97365 1.91589 0.85728 2.36445 1.94762 2.12052 2.19796 2.26937 0.94588 1.02143 1.30282 1.51257 1.87013 1.94133 2.26083 2.25249 1.64937 1.79870 2.02878 2.01389 -9999
0.02365 0.02625 0.01580 0.00655 0.01369 0.01046 0.00179 0.00156 0.00883 0.00781 0.01532 0.02069 1.12639 0.60488 0.01161 0.00854 0.00057 0.00119 0.00085 0.07463 0.10952 0.15000 0.01979 0.00989 0.00867 0.09560 0.29518 0.50282 0.40898 0.29269 0.27246 0.20289 0.41623 0.45397 0.57826 0.43720 1.53423 1.48716 1.64990 0.25873 0.08123 0.13527 1.90755 2.07503 2.06437 1.84326 1.71031 1.78548 1.72460 1.89483 1.72564 1.69257 1.75906 1.98308 2.74508 2.17838 1.87632 1.96582 2.01755 1.89041 0.38584 0.59340 0.76297 1.12486 1.42690 1.44723 1.54016 1.52167 1.93225 1.80300 1.81707 1.88496 1.60384
3.67526 3.45480 2.31317 1.19386 0.42022 0.18259 0.03990 0.00115 0.01999 0.04048 0.29465 0.10640 0.64430 0.70775 0.00152 0.00009 0.00000 0.00000 0.00000 0.00073 0.00129 0.00306 0.00735 0.16967 0.01817 0.17293 0.14652 0.03665 0.24686 0.13491 0.08868 0.07902 0.26191 0.09938 0.02839 0.06157 0.63120 0.53648 1.85445 1.92264 1.80294 1.66977 1.89766 1.90157 0.26779 0.34093 1.95468 2.15629 1.75357 1.67464 1.73055 2.05239 1.78125 2.43735 2.63179 1.72259 1.83709 1.78429 1.37980 1.29184 0.22697 0.28890 0.34469 0.50482 1.11052 1.24034 1.42168 1.43684 1.34845 1.56529 1.86460 1.34614 1.38117
4.07765 4.11595 2.56584 2.02513 2.26753 2.18943 1.56867 1.59208 1.09218 0.44030 0.27015 0.04826 0.88379 0.75600 0.04445 0.00000 0.00000 0.00000 0.00000 0.00000 0.00000 0.00021 0.00186 0.00484 0.03291 0.00384 0.00356 0.00209 0.01791 0.02324 0.01655 0.04384 0.01836 0.02804 0.04584 0.06894 0.26482 0.37667 0.37282 0.40910 0.50299 0.48430 1.27552 2.52516 2.28453 2.21521 1.75131 0.11933 1.66005 1.58833 1.72338 2.46351 2.00645 1.87309 1.74558 1.59977 1.45868 1.51555 1.14688 1.27060 0.15851 0.15686 0.12902 0.17640 0.42497 0.81572 1.20437 1.35706 1.07443 1.28907 1.40101 1.72673 1.36497
0.37125 0.60478 2.09803 1.60466 1.91927 1.89811 2.26949 1.89591 1.15080 0.81398 0.16746 0.01113 0.02583 0.79198 1.23896 0.29828 0.19402 0.20755 0.00000 0.00000 0.00000 0.00000 0.00000 0.00009 0.00019 0.05249 0.04098 0.08158 0.05493 0.05423 0.09814 0.11359 0.15018 0.09352 0.33148 0.31249 0.43041 0.38225 0.39619 0.47015 0.38249 0.54674 0.57151 0.74575 0.63310 0.61487 1.76014 1.19511 0.03393 1.24046 1.38030 1.60845 1.48568 1.49831 1.35004 1.27490 1.31267 1.00197 1.32299 1.45531 1.48427 0.05073 0.09594 0.07467 0.22686 0.40885 0.67187 1.01810 1.05820 1.23032 1.27164 1.42255 1.56085
1.94702 1.89865 1.39065 0.67665 1.06956 1.47152 2.01858 3.05353 2.68986 0.34523 0.07606 0.02949 0.05790 0.02686 0.01091 0.02873 0.00019 0.00171 0.00255 0.16917 0.00005 0.00000 0.00000 0.00000 0.00000 0.00043 0.00019 0.00165 0.00083 0.00220 0.00641 0.01527 0.05555 0.36333 0.26514 0.30373 0.39928 0.55112 0.55805 0.65372 0.59811 0.49267 0.58467 0.71740 0.66060 0.68125 0.27537 1.74151 1.07041 0.02554 1.60321 1.30952 1.24287 1.32163 1.18971 1.16955 1.25858 0.93215 1.04107 1.15173 1.43619 1.35432 1.33955 0.05367 0.09295 0.19423 0.42362 0.65910 0.81602 1.00774 1.13841 1.31449 1.52039
5.25699 4.50078 4.11153 4.46163 5.24425 5.00295 4.06824 1.67725 1.76732 0.57942 0.17291 0.03139 0.20179 0.00616 0.01260 0.00871 0.00199 0.00352 0.00008 0.00013 0.00189 0.00145 0.00330 0.01571 0.02563 0.00650 0.00575 0.01458 0.01682 0.02590 0.00681 0.00888 0.03657 0.12634 0.27650 0.29023 0.55193 0.87824 0.89873 1.12332 0.87445 0.82386 0.41830 0.35954 0.49006 0.66901 0.29828 0.21864 1.79288 0.10505 1.52822 1.57922 1.65116 1.72935 1.44943 1.42893 1.34097 1.20711 1.15551 1.18956 1.49764 1.34225 1.49806 1.59104 0.02289 0.08123 0.45602 0.60640 0.54583 0.70875 1.15013 1.35887 1.72916
4.45992 4.37142 3.80936 3.93629 5.01994 3.36377 4.33578 5.84674 6.03524 1.91201 0.06229 0.04873 2.58827 1.51968 0.50295 0.55092 0.07673 0.21004 0.00039 0.00091 0.00137 0.00384 0.00636 0.01133 0.00409 0.00110 0.00371 0.01318 0.00134 0.00450 0.02637 0.05686 0.07125 0.17255 0.34891 0.73115 1.09790 1.38887 1.57611 1.78539 1.54706 1.37688 0.65890 0.71600 0.70319 0.48210 0.47389 0.35402 2.08439 0.16840 0.04626 1.52836 1.86407 1.79593 1.49461 1.65877 1.52120 1.22509 1.14190 1.10877 1.28702 1.45782 1.62327 1.68598 1.12549 1.07260 1.83880 0.55348 0.55810 0.77311 0.96968 1.28400 1.51672
3.30786 2.83121 2.92557 3.07324 3.42643 3.47418 3.02097 3.94182 4.08363 4.62021 3.06849 0.06940 4.79747 4.35206 3.63423 2.25474 0.99327 0.26206 0.00019 0.00000 0.00279 0.01162 0.01205 0.05545 0.08769 0.01580 0.00745 0.00290 0.00019 0.00025 0.00966 0.03735 0.13468 0.51649 0.64340 0.89180 1.12352 1.62355 1.99188 2.26033 2.19541 1.92861 1.42149 1.39736 0.95496 0.88533 0.79556 0.81868 2.46429 0.45607 0.20575 2.08614 2.22885 2.11392 0.16557 0.09896 0.19087 0.13601 0.10452 1.28711 1.48000 1.27933 1.26233 1.70679 1.84013 2.18874 1.85092 1.88356 2.16082 2.48255 2.71202 1.08858 1.22604
2.94911 2.53915 1.42321 1.60873 1.21163 1.44797 5.24382 4.57322 4.34376 4.85849 5.29640 4.40214 4.56479 4.20292 5.04832 6.86868 5.90140 2.24551 0.09288 0.00256 0.00009 0.00000 0.00034 0.04740 0.01557 0.00129 0.00208 0.00608 0.00057 0.00119 0.04738 0.04544 0.13517 0.80995 1.34242 1.77265 1.94082 2.34727 2.70521 3.09535 3.01537 2.70812 2.15892 1.73400 1.36819 0.93017 0.87865 1.31764 0.86834 1.03901 3.31429 2.91164 2.65264 2.49751 2.09300 1.59073 1.28068 1.39797 0.18565 0.13431 1.72150 1.67516 2.24312 2.34547 2.33370 2.55816 2.60839 1.82245 2.55590 2.55945 2.57180 2.73094 0.80074
3.48876 3.29550 3.64530 3.57689 2.82680 1.65336 3.97337 5.77281 7.43889 6.32101 6.80204 5.31164 4.85534 5.12316 5.29775 5.99264 5.91522 2.92857 0.24329 0.00838 0.01856 0.22938 0.00180 0.10200 0.01624 0.00556 0.00575 0.00100 0.04065 0.07653 0.04085 0.28354 0.59500 0.98042 1.06037 2.65652 4.33928 3.79974 3.78488 4.37246 3.70147 3.10848 2.92412 2.96555 2.18344 1.78184 0.94434 1.01791 1.21817 1.05168 3.65284 3.01779 2.81097 2.46288 2.31378 2.40258 2.35664 2.11320 2.02790 2.03728 2.12697 2.45625 3.17844 3.54401 3.54981 3.31874 2.37554 2.98802 1.92786 2.16309 2.62522 2.12535 3.12530
-9999 14.79280 15.34190 7.99921 5.21629 4.25863 6.27681 5.47144 5.37078 5.46347 4.95045 5.86518 6.84729 4.96480 5.18808 4.64749 6.50326 6.28691 4.90377 1.95767 1.68870 1.09170 1.31502 0.71557 0.31517 0.20596 0.00550 0.00484 0.03899 0.15007 0.49274 0.42394 0.23839 1.34533 2.38008 1.76377 5.56727 4.85223 3.76260 3.86110 3.44097 3.25860 3.47234 3.51858 3.12104 2.54946 1.85774 1.43803 1.77477 1.86895 2.75896 2.35816 2.13372 2.22529 1.56293 1.34739 1.62120 1.37212 1.21025 1.02086 0.91011 1.64918 2.35668 3.16627 2.77750 3.03726 3.00538 2.62596 3.50565 4.19727 3.53602 2.86081 3.19633
