data/hydroclimate-scenarios/BCSD_hadcm_A1B/monthly_summaries/baseflow_monthly_tot_mar.2070-2099.asc
ncols	311
nrows	91
xllcenter	102.75
yllcenter	31.75
cellsize	0.5
NODATA_value	-9999
[rows 32 to 63 of 91, columns 0 to 72 of 311]
-9999 -9999 -9999 -9999 -9999 -9999 -9999 -9999 -9999 -9999 -9999 0.37682 0.42032 0.87931 0.73266 0.84664 0.88409 0.91782 1.21376 1.43083 1.52380 1.45911 1.51782 1.60892 2.56494 2.53901 2.51010 2.61209 2.58203 1.15569 1.02962 0.77447 0.85250 0.93622 1.00426 1.04460 1.18237 1.16121 1.39890 1.51590 1.39885 1.28119 1.52320 1.46715 1.36124 1.36836 1.29771 1.19842 1.11837 1.07109 0.95113 0.99908 0.89408 1.68451 1.70776 1.76122 1.86818 1.79188 1.52163 0.92199 1.01190 0.98760 1.54834 1.79537 1.92077 1.69801 1.79548 2.10931 1.98502 1.94435 1.52857 1.81208 1.88697
-9999 -9999 -9999 -9999 -9999 -9999 -9999 -9999 -9999 -9999 -9999 0.62729 0.63542 0.65561 0.64206 0.80443 0.83850 1.12419 1.23899 1.54725 1.59339 1.61120 2.56919 2.66938 2.55477 1.51302 1.61128 1.31049 1.09390 2.23630 2.26981 1.00385 1.21178 1.03263 1.33633 1.00641 2.02758 1.50657 1.94652 2.04479 1.50336 2.05150 1.67296 1.73967 1.81753 1.65839 1.57277 1.46707 1.33406 1.04836 0.94494 1.06114 0.95031 1.42365 0.85174 1.13821 1.14448 1.02719 1.13494 1.25140 1.19518 2.10532 2.00882 1.12694 2.23449 1.97415 1.90727 2.14572 2.05597 2.02885 1.51472 1.82916 1.78588
-9999 -9999 -9999 -9999 -9999 -9999 -9999 -9999 -9999 -9999 -9999 -9999 0.81324 0.88848 0.91278 0.94710 1.00241 1.43379 1.55416 1.67016 2.67018 1.73256 1.95360 1.49317 1.49195 1.45058 1.38974 0.90818 0.69797 0.73227 2.04174 2.18521 2.13248 2.15343 2.10635 2.11184 2.18695 1.58023 1.94896 1.78557 1.87020 2.14502 2.20138 1.66354 1.74104 1.81299 1.68961 1.72065 1.55764 1.48520 1.24932 1.17387 1.11909 0.97228 0.76320 0.75076 0.75593 1.47155 2.02572 2.04939 1.96998 1.46867 1.45361 1.87233 1.92212 2.44754 2.23359 2.02507 1.93239 2.05001 1.51465 1.80740 1.94474
-9999 -9999 -9999 -9999 -9999 -9999 -9999 -9999 -9999 -9999 -9999 -9999 0.83616 0.81406 1.01195 0.94860 1.19450 2.61034 2.67010 1.69928 1.72055 1.47160 1.23257 1.00517 0.76796 0.85572 0.55009 0.70646 0.62548 0.98141 0.90619 2.03144 2.22918 2.08392 2.29084 1.10662 0.94468 1.10973 1.19846 1.07368 2.11411 1.67623 1.63261 2.09106 1.93857 2.05693 2.09061 1.88308 1.49944 1.57641 1.34793 1.00359 0.80270 1.01302 0.93724 1.40761 2.05841 1.57342 0.88240 1.98439 1.81329 0.81747 0.74247 1.41994 2.09473 2.27355 2.28288 2.05854 2.11638 2.35150 2.42538 2.14841 2.31100
-9999 -9999 -9999 -9999 -9999 -9999 -9999 -9999 -9999 -9999 -9999 -9999 0.73727 0.91991 2.61135 2.56180 2.70075 1.40466 1.87707 1.79412 1.62030 1.46378 1.28505 0.94358 0.92474 0.80575 0.85961 1.24038 1.26552 1.56196 1.49496 1.95633 1.01964 1.02796 0.96875 1.07065 1.26642 1.23965 1.23213 1.37460 1.61354 1.73857 1.83644 2.11272 2.38003 2.44043 2.32041 2.16524 2.04416 1.75914 1.51385 1.52326 1.15149 1.36781 1.51313 1.39015 1.26140 1.05774 1.10794 2.03789 1.11060 1.13385 1.15159 1.15537 1.91264 2.14320 2.28581 2.39802 2.50820 2.48754 2.62805 2.69976 2.62860
-9999 -9999 -9999 0.54003 0.59030 0.42776 0.37693 0.49621 0.48747 -9999 0.61861 2.28668 2.41697 0.81267 0.94114 0.98265 1.33186 1.71292 1.52468 1.36431 1.57350 1.48780 1.23353 1.27860 1.37194 1.16938 1.17904 1.04275 1.25708 1.16387 0.99401 1.07669 0.65832 1.25511 1.14723 0.66844 1.19634 1.12164 1.45925 1.42996 1.65255 1.83315 2.10447 2.30027 2.33865 2.22999 2.22787 2.09551 1.85657 1.87196 1.85086 1.96030 1.82187 1.74956 1.59430 1.23252 1.24136 1.12594 1.31641 1.22816 2.05998 1.36161 1.52666 1.54302 1.37115 1.52987 1.62942 1.95912 2.36517 2.39446 2.62061 2.78634 2.84459
-9999 -9999 -9999 0.66149 0.53842 0.58705 0.53175 0.69031 0.63206 1.89435 2.34629 2.17504 0.67115 0.88997 1.09801 0.76155 1.58491 1.06465 1.14908 1.18704 1.23696 1.17910 1.33597 1.46038 1.58158 1.80355 1.63729 1.39765 1.17138 1.40798 0.75586 1.31493 1.00288 1.09515 1.28902 1.32315 0.95459 1.11200 1.17967 1.62413 1.52345 1.69449 2.21560 2.24474 2.17335 2.16253 2.19779 2.13464 2.17179 2.06932 2.02680 1.87952 1.81533 1.75747 1.51689 1.37312 1.11417 1.08417 1.13790 1.24565 1.33375 1.43092 1.51797 1.84159 1.79180 1.71332 1.77458 2.23595 2.59444 2.69769 2.71151 2.94793 2.91955
-9999 -9999 -9999 0.53244 0.50061 0.47776 2.16235 2.26505 2.23504 2.30127 2.36249 2.26034 0.50447 0.37429 0.31080 0.26398 1.22385 1.30068 1.00460 0.91183 1.02666 1.29050 0.92891 1.53735 1.32209 1.64643 1.42635 1.55188 1.49949 1.54594 1.59888 1.37382 1.41240 1.34518 1.39602 1.28934 1.03967 1.03134 1.33784 1.72570 1.73982 1.85444 2.16891 2.38403 2.32057 2.11819 2.21350 2.27021 2.23574 2.26030 2.26094 2.08161 2.01076 1.86180 1.66540 1.44015 1.21072 1.39074 1.38325 1.39307 1.74022 1.86588 1.78969 1.90967 2.10791 2.14927 2.19749 2.59208 2.62741 2.75175 2.83896 3.10433 3.14045
-9999 -9999 -9999 0.73105 0.65947 0.63145 2.16235 2.34901 1.94163 1.74245 2.05646 0.44396 0.25542 0.43248 0.20710 0.72343 0.91027 1.28247 1.31607 1.13775 1.31742 1.22032 1.46360 1.66398 1.41092 1.79449 1.36835 0.98531 1.35369 1.83864 1.82029 1.47410 1.63802 1.47428 1.41131 1.51152 1.43477 1.56127 1.55919 1.47448 1.61930 2.01273 2.16905 2.36653 2.49332 2.49008 2.42645 2.38929 2.34147 2.25640 2.20438 2.28700 2.19838 2.06456 1.87828 2.00523 1.86630 1.84819 1.94351 1.97821 1.87216 2.19560 2.21905 2.17274 2.35103 2.47283 2.58617 2.80570 2.92055 2.90878 3.22841 3.63337 -9999
-9999 -9999 -9999 0.61338 0.60523 0.64869 2.13329 2.17507 2.03865 1.95646 2.12299 1.75878 0.43591 0.54562 0.81413 0.94504 0.87552 1.15287 0.95491 1.64202 1.60086 1.15930 1.68386 1.61367 1.73422 1.82853 1.23909 1.00848 1.32244 1.50248 1.64107 1.53686 1.56331 1.17071 0.94610 0.98353 1.06302 1.28027 1.47123 1.54631 1.75306 2.03422 2.17359 2.19111 2.39241 2.41101 2.43396 2.37831 2.32828 2.36093 2.31580 2.30083 2.18458 2.12785 2.06644 2.15522 2.08793 2.10723 2.13760 2.12282 2.24628 2.30964 2.43136 2.47387 2.50205 2.48318 2.67441 2.80809 2.99466 3.20333 3.87429 -9999 -9999
-9999 -9999 -9999 -9999 2.15343 2.21926 2.21758 2.34671 2.09444 1.88111 2.29972 0.69855 0.66336 1.13002 -9999 -9999 -9999 -9999 -9999 1.65840 1.83174 1.75653 1.86207 1.65293 1.41260 1.34219 1.49719 1.29524 1.22325 1.09492 1.05343 1.34448 1.24790 0.92544 1.14667 0.78350 1.02737 1.24196 1.25118 1.52210 1.53248 1.99812 2.19713 2.30098 2.34889 2.40271 2.31167 2.35333 2.43624 2.49288 2.33166 2.36347 2.33452 2.28835 2.22388 2.23447 2.19509 2.16861 2.21686 2.20826 2.26260 2.40553 2.52958 2.70564 2.76297 2.70190 2.86808 2.99176 3.20065 -9999 -9999 -9999 -9999
-9999 -9999 1.29191 2.45301 2.30457 2.27340 2.25417 2.30638 2.19789 2.08617 2.36462 0.74690 0.63995 -9999 -9999 -9999 -9999 -9999 1.86954 1.57121 1.74758 1.21738 1.10945 1.20428 1.54994 1.53857 1.33957 1.34106 1.37494 1.30007 1.75275 1.30414 1.17444 1.17187 1.32526 1.11154 1.04036 0.90135 1.25193 1.33263 1.52782 2.25886 2.41425 2.28915 2.30900 2.62596 2.47942 2.37417 2.35578 2.55766 2.42246 2.91845 2.73935 2.67347 2.48133 2.12462 2.13046 2.24447 2.31224 2.34834 2.40240 2.42259 2.62931 2.68817 2.75793 2.84211 2.88337 -9999 -9999 -9999 -9999 -9999 -9999
-9999 -9999 3.02759 2.45691 2.25671 2.34018 2.24468 2.22145 2.15025 2.36163 1.11877 0.91144 0.75413 -9999 -9999 -9999 -9999 0.93830 1.15805 0.90936 1.29967 0.98574 1.11660 1.40489 1.37613 0.98609 1.28935 0.95137 1.17847 1.26044 0.99765 1.10376 1.19298 1.31370 1.45397 1.24460 1.21144 1.39499 1.45544 1.64752 2.11244 2.41084 2.58533 2.96568 3.09402 2.59399 2.68899 2.41460 3.90722 2.72441 3.15541 3.78937 3.72039 3.43891 3.11136 2.54797 2.55225 2.41968 2.53398 2.67597 2.71590 2.77347 2.93653 3.03639 3.06917 -9999 -9999 -9999 -9999 -9999 3.53927 -9999 -9999
-9999 -9999 3.51160 2.85365 2.52337 2.45870 2.42024 2.55746 2.40977 2.39548 0.98536 0.80870 0.31884 -9999 -9999 -9999 -9999 1.09680 0.82343 1.23837 1.57124 1.33228 1.02579 0.82118 0.87137 0.94142 0.82451 0.99810 1.00101 1.16944 1.13639 0.92195 1.10485 1.22572 1.40570 1.46810 1.59009 1.74899 1.71566 1.55084 2.10952 2.24547 2.64151 3.23697 3.70374 2.98854 2.84253 3.05925 3.63901 3.33936 3.90751 3.89946 3.71461 3.41181 3.50839 3.52699 3.00704 2.53942 2.71527 2.83498 3.06409 3.19431 3.20553 3.24338 2.97748 2.98319 3.12957 2.95169 3.15732 -9999 -9999 -9999 3.33464
-9999 -9999 -9999 3.26496 2.75705 2.94528 2.90105 3.49045 1.22861 1.23927 1.52993 0.30360 -9999 -9999 -9999 -9999 0.76456 0.82972 0.73625 0.81165 0.96771 0.61242 0.61231 0.63729 0.70484 0.71087 0.88183 1.09202 1.20153 1.10330 0.96947 0.99900 1.24454 1.81464 2.47645 2.96461 2.02997 1.59138 1.35172 1.32604 1.78228 2.13364 3.54008 3.51017 4.14414 4.79856 4.90240 4.95868 4.48916 5.07874 4.07206 3.44830 3.57966 3.75808 3.43747 3.17327 3.25530 2.93906 3.04874 3.38180 3.52058 3.61937 3.19156 2.77250 2.47218 2.92191 3.21253 2.81255 3.23818 3.66213 -9999 -9999 3.42941
-9999 -9999 -9999 -9999 3.81740 3.21694 3.40566 1.52990 1.41992 1.01844 0.50254 -9999 -9999 -9999 -9999 0.97105 0.88498 0.94715 1.35261 1.38648 0.99560 1.08668 0.97903 0.95985 0.63097 1.10284 1.44880 1.53314 1.70937 1.51846 1.40278 1.63103 1.86788 2.04167 2.32514 1.72092 1.60770 1.59837 1.44925 1.17484 1.35598 1.75306 2.29236 2.38609 3.09941 4.60753 4.63509 4.89697 4.93574 4.87298 4.67761 3.94173 3.67044 4.34417 4.60892 4.10178 4.69989 3.35723 3.40255 3.87345 3.43183 3.04501 2.93735 2.75058 2.67723 3.02228 3.17370 3.43275 3.01266 3.58652 3.71875 3.14263 3.18382
-9999 -9999 -9999 -9999 -9999 -9999 2.44850 3.42396 2.22630 2.00043 2.29653 -9999 -9999 -9999 -9999 -9999 2.03734 2.97595 1.27697 1.28420 0.81206 0.74908 0.57996 0.59966 1.01225 1.05285 0.65425 1.52612 1.56881 1.75701 1.28848 1.77836 1.47441 2.16770 2.30532 2.91868 1.67021 1.45116 1.20434 1.36818 1.44275 1.84706 2.01017 1.84067 3.20481 4.37609 4.62537 4.59869 4.87144 5.28629 5.71189 4.93977 5.20294 5.84334 6.41043 5.68205 6.09169 4.23000 3.92369 4.05989 3.28454 2.65431 2.72227 2.54748 2.48497 2.69092 3.39651 4.77305 3.86507 4.04765 3.24802 3.19536 3.32033
-9999 -9999 -9999 -9999 -9999 -9999 -9999 -9999 -9999 -9999 -9999 -9999 -9999 -9999 -9999 -9999 -9999 -9999 -9999 1.04900 0.54004 0.11022 0.64235 0.78061 0.62433 0.62628 1.12494 0.86798 0.82319 0.53789 1.10507 1.26850 0.65176 1.34849 2.14608 2.21458 1.21692 1.45589 1.43088 1.67906 1.87748 2.23737 2.25449 2.31489 2.55124 3.25795 3.03962 4.94124 4.35512 4.26067 4.52892 5.69699 5.98716 7.31046 7.01245 6.44254 8.14338 5.75225 4.83539 4.32788 3.30326 3.09598 2.56051 2.39663 2.37715 3.56043 5.83837 7.23470 6.58748 3.90763 3.07741 2.92452 3.11247
-9999 -9999 -9999 -9999 -9999 -9999 -9999 -9999 -9999 -9999 -9999 -9999 -9999 -9999 -9999 -9999 -9999 -9999 1.65410 0.60859 0.43727 0.63240 0.78509 0.85440 0.33796 0.14874 0.50000 0.50383 0.36434 0.85889 1.02356 1.40193 1.78723 1.71535 1.28785 2.01144 1.43650 1.32192 1.37853 1.56711 1.76475 2.07567 2.25343 2.28093 2.51011 3.24764 2.40293 0.07866 2.21905 2.62811 3.06821 6.04767 6.67503 7.08941 7.90006 6.65775 7.30301 3.95780 3.38493 4.22630 4.48570 4.61601 3.77224 3.29936 3.27042 4.49721 5.80246 9.16410 9.57265 6.76423 4.42883 2.90919 3.13099
-9999 -9999 -9999 -9999 -9999 -9999 -9999 -9999 -9999 -9999 -9999 -9999 -9999 -9999 -9999 -9999 -9999 2.11177 1.16653 0.91883 0.84767 0.67332 0.39630 0.20795 0.06032 0.08584 0.69942 0.24550 0.57317 0.74641 0.96268 1.05436 0.97162 1.43078 1.18981 2.04840 2.35644 1.38219 1.29418 1.62521 1.75296 2.50810 2.10278 2.77310 1.90635 1.86807 3.29482 2.42005 1.20575 2.67264 3.14377 6.61476 6.25801 5.85531 7.07817 4.81969 6.33422 3.81881 3.61036 5.32827 7.30174 5.21763 3.14393 3.09983 5.24057 5.92012 5.90449 12.23500 10.41830 7.43486 4.25963 3.18130 3.45394
-9999 -9999 -9999 -9999 -9999 -9999 -9999 -9999 -9999 -9999 -9999 -9999 -9999 -9999 -9999 -9999 -9999 1.29497 1.22023 1.11605 0.68444 0.65601 0.42465 0.00829 0.01243 0.07112 0.05524 0.07384 0.04286 0.37895 0.42983 0.53905 0.74271 0.61594 0.89432 1.21075 1.82232 0.78591 1.17005 1.32371 1.19268 1.21865 2.26916 1.02452 2.32642 2.90992 3.00308 0.08906 0.10049 1.22772 3.00136 6.26092 6.41298 5.74053 6.21735 4.79341 4.64810 3.89702 5.32479 6.57534 6.18375 4.92393 5.23262 5.27318 3.61492 4.02871 7.32459 6.29275 8.87107 8.46222 10.55280 4.37949 3.18329
-9999 -9999 -9999 -9999 -9999 -9999 -9999 -9999 -9999 -9999 -9999 -9999 -9999 -9999 -9999 -9999 0.66654 0.58979 0.96970 0.48840 0.37219 0.02475 0.03264 0.01166 0.00511 0.02754 0.03990 0.08176 0.04223 0.02667 0.03317 0.03054 0.39989 0.35526 0.42235 0.71912 0.97459 1.44480 0.79938 0.89585 0.66101 0.94405 2.27364 1.72330 0.79481 2.18622 2.46721 0.20526 0.18214 0.92736 3.15477 5.96314 6.13334 5.81829 5.99515 4.88684 4.23652 4.91386 5.36253 5.74102 6.10987 5.97266 4.80582 3.54604 4.63838 4.81321 6.16901 8.83652 13.48590 12.04480 11.03060 5.11913 4.40151
-9999 -9999 -9999 -9999 -9999 -9999 -9999 -9999 -9999 -9999 -9999 -9999 -9999 1.07086 0.99196 0.66453 0.70039 0.64973 0.88455 0.21139 0.00751 0.01962 0.00981 0.00449 0.00463 0.02696 0.01924 0.00010 0.00000 0.00006 0.10301 0.39100 0.00049 0.00021 0.09718 0.04319 0.16623 0.30007 0.02213 0.02097 0.01581 1.20642 0.92385 0.00754 0.99774 0.68034 1.18588 1.37623 1.74785 2.33743 2.82323 3.12869 2.66724 2.37160 3.95572 6.98196 5.86585 6.13987 5.36172 6.07246 5.68586 7.70405 7.35471 9.77562 10.41720 10.47860 10.96390 11.19660 12.49810 11.24370 6.36166 3.49069 3.10849
-9999 -9999 -9999 -9999 -9999 -9999 -9999 -9999 -9999 -9999 -9999 -9999 0.66043 0.70786 0.87831 0.72764 0.80501 0.06264 0.03686 0.00162 0.00191 0.00422 0.00328 0.00887 0.00702 0.01993 0.01749 0.00000 0.01353 0.05296 0.00451 0.02921 0.06425 0.09430 0.15124 0.04805 0.00052 0.00171 0.01859 0.01474 0.01509 0.00812 0.86318 0.81662 0.33272 0.44147 0.77765 1.19741 1.64180 1.60313 1.97930 1.22948 2.92889 0.99958 3.69023 4.00374 5.97845 5.03854 5.59920 7.89639 7.34827 8.49808 9.52000 10.38630 11.52070 10.80480 11.17110 15.70190 14.89170 8.86619 5.11649 5.68232 3.73381
-9999 -9999 -9999 -9999 -9999 -9999 -9999 -9999 -9999 -9999 -9999 1.11381 0.27652 0.71820 0.06913 0.03422 0.02354 0.01659 0.01538 0.00902 0.01182 0.00092 0.00088 0.00042 0.00083 0.00068 0.17542 0.04961 0.02363 0.10312 0.00850 0.00000 0.00021 0.00021 0.00000 0.11258 0.00322 0.00960 0.01916 0.01344 0.00882 0.79962 0.45193 0.25398 0.22096 0.44586 0.57050 0.82014 1.27103 2.35955 3.19060 2.42321 2.04702 5.39742 2.51239 2.06751 5.55418 2.68955 3.73977 7.16218 7.25548 7.74504 8.63994 9.44779 11.38560 12.31140 10.54760 17.48320 11.22660 5.22682 3.30177 2.73587 2.83497
-9999 -9999 -9999 -9999 -9999 -9999 -9999 -9999 -9999 -9999 0.17396 0.15625 0.06340 0.02114 0.00722 0.00455 0.00098 0.00021 0.00086 0.00123 0.00064 0.00000 0.00000 0.00021 0.00041 0.00031 0.00021 0.06814 0.01899 0.00000 0.00000 0.00010 0.00083 0.13452 0.03778 0.13821 0.00611 0.01271 0.02898 0.01259 0.72818 0.25884 0.08380 0.08327 0.11336 0.50533 0.61694 0.68656 1.36471 2.39866 3.91594 2.74685 5.74440 2.31506 2.20238 1.77646 6.04754 6.39070 4.42411 4.27245 6.60159 8.73955 9.64309 11.11410 11.13460 12.24700 9.23934 17.01230 9.44128 4.23793 3.23226 3.62581 3.67098
-9999 -9999 -9999 -9999 -9999 -9999 -9999 -9999 -9999 0.00125 0.00077 0.00045 0.00042 0.00097 0.00031 0.00000 0.00000 0.00000 0.00000 0.00000 0.00000 0.00000 0.00000 0.00000 0.00000 0.00000 0.00010 0.00111 0.00090 0.00038 0.00052 0.00000 0.00031 0.00044 0.08430 0.42834 0.02724 0.02204 0.00896 0.54565 0.07296 0.02899 0.06337 1.36927 0.06148 1.13502 0.38725 1.21543 1.52297 2.11080 3.17213 5.33044 3.00664 6.93066 4.95697 3.70781 2.81896 2.97884 3.11304 4.70079 7.20924 9.26306 8.79961 9.96810 9.15448 10.34150 12.27040 16.27080 9.84281 5.48168 5.83884 6.21961 6.98434
-9999 -9999 -9999 -9999 -9999 -9999 -9999 -9999 -9999 -9999 0.00010 0.00010 0.00010 0.00010 0.00000 0.00000 0.00000 0.00000 0.00000 0.00000 0.00000 0.00000 0.00000 -9999 -9999 -9999 -9999 -9999 -9999 0.00394 0.00900 0.00000 0.00000 0.00010 0.00052 0.35885 0.62273 0.00429 0.00358 0.40738 0.08823 0.11894 1.16695 0.88923 1.19308 0.93122 1.35364 0.96265 2.05851 2.43929 3.37466 1.56199 2.49244 3.79394 5.74212 2.80614 2.34522 2.64467 2.01496 4.08160 6.05543 7.43487 4.82201 8.07821 8.10474 11.16580 11.63230 12.92890 5.72189 5.51237 5.27987 8.06795 12.68160
-9999 -9999 -9999 -9999 -9999 -9999 -9999 -9999 -9999 -9999 -9999 -9999 0.00021 0.00000 0.00000 0.00000 0.00000 0.00000 0.00000 -9999 -9999 -9999 -9999 -9999 -9999 -9999 -9999 -9999 -9999 -9999 -9999 -9999 -9999 0.00031 0.10434 0.16115 0.12133 0.17721 0.00103 0.00305 0.18757 0.07275 0.24269 0.24578 0.28627 1.35747 1.35120 0.41362 0.87971 1.17005 1.65565 4.67766 5.02691 5.00277 3.21385 1.87386 2.68628 2.28588 0.33819 3.45583 6.45879 7.27139 9.10011 4.39736 8.00833 10.47850 10.69590 9.44612 7.78616 10.80240 10.37070 12.84450 -9999
-9999 -9999 -9999 -9999 -9999 -9999 -9999 -9999 -9999 -9999 -9999 -9999 -9999 -9999 -9999 -9999 -9999 -9999 -9999 -9999 -9999 -9999 -9999 -9999 -9999 -9999 -9999 -9999 -9999 -9999 -9999 -9999 -9999 -9999 0.12343 0.04694 0.04652 0.04382 0.00010 0.07877 0.09156 0.04659 1.17296 0.95026 1.03015 1.19401 0.64184 0.28703 0.98887 1.12264 1.89808 4.35702 3.25480 3.86687 4.02075 2.87359 1.99407 3.23852 2.65457 4.26108 5.67204 6.01107 4.80917 4.85757 9.33034 8.93255 11.14500 7.82086 8.95937 11.59520 24.69230 -9999 -9999
-9999 -9999 -9999 -9999 -9999 -9999 -9999 -9999 -9999 -9999 -9999 -9999 -9999 -9999 -9999 -9999 -9999 -9999 -9999 -9999 -9999 -9999 -9999 -9999 -9999 -9999 -9999 -9999 -9999 -9999 -9999 -9999 -9999 -9999 0.05185 0.03777 0.05081 0.18112 0.00098 0.01697 0.01128 0.58898 0.51813 0.07249 0.40891 0.17626 0.26177 0.30442 0.66110 1.06943 1.60923 1.28313 2.46041 3.37484 3.25874 2.27238 2.41493 2.17707 1.93791 3.68671 7.13716 8.19265 7.20305 4.00191 6.04405 9.79710 10.07420 10.80210 11.56800 13.93220 -9999 -9999 -9999
-9999 -9999 -9999 -9999 -9999 -9999 -9999 -9999 -9999 -9999 -9999 -9999 -9999 -9999 -9999 -9999 -9999 -9999 -9999 -9999 -9999 -9999 -9999 -9999 -9999 -9999 -9999 -9999 -9999 -9999 -9999 -9999 -9999 -9999 -9999 -9999 -9999 -9999 0.06200 0.02109 0.01044 0.02258 0.35160 0.55625 0.06700 0.25655 0.58356 0.37675 0.62960 1.05153 0.77104 1.49760 1.41594 2.78210 2.95132 1.53451 0.15763 0.42100 2.10874 4.33500 6.73596 4.70782 4.79175 5.40363 8.37659 9.99499 10.86940 13.08090 20.22900 -9999 -9999 -9999 -9999
