data/hydroclimate-scenarios/BCSD_hadcm_A1B/monthly_summaries/baseflow_monthly_tot_feb.2070-2099.asc
ncols	311
nrows	91
xllcenter	102.75
yllcenter	31.75
cellsize	0.5
NODATA_value	-9999
[rows 0 to 31 of 91, columns 73 to 145 of 311]
-9999 -9999 -9999 -9999 -9999 -9999 -9999 -9999 -9999 -9999 -9999 -9999 -9999 -9999 -9999 -9999 -9999 -9999 -9999 -9999 -9999 -9999 -9999 -9999 -9999 -9999 -9999 -9999 -9999 -9999 -9999 -9999 -9999 -9999 -9999 -9999 -9999 -9999 -9999 -9999 -9999 -9999 -9999 -9999 -9999 -9999 -9999 -9999 -9999 -9999 -9999 -9999 -9999 -9999 -9999 -9999 -9999 -9999 -9999 -9999 -9999 -9999 -9999 -9999 -9999 -9999 -9999 -9999 -9999 -9999 -9999 -9999 -9999
-9999 -9999 -9999 -9999 -9999 -9999 -9999 -9999 -9999 -9999 -9999 -9999 -9999 -9999 -9999 -9999 -9999 -9999 -9999 -9999 -9999 -9999 -9999 -9999 -9999 -9999 -9999 -9999 -9999 -9999 -9999 -9999 -9999 -9999 -9999 -9999 -9999 -9999 -9999 -9999 -9999 -9999 -9999 -9999 -9999 -9999 -9999 -9999 -9999 -9999 -9999 -9999 -9999 -9999 -9999 -9999 -9999 -9999 -9999 -9999 -9999 -9999 -9999 -9999 -9999 -9999 -9999 -9999 -9999 -9999 -9999 -9999 -9999
-9999 -9999 -9999 -9999 -9999 -9999 -9999 -9999 -9999 -9999 -9999 -9999 -9999 -9999 -9999 -9999 -9999 -9999 -9999 -9999 -9999 -9999 -9999 -9999 -9999 -9999 -9999 -9999 -9999 -9999 -9999 -9999 -9999 -9999 -9999 -9999 -9999 -9999 -9999 -9999 -9999 -9999 -9999 -9999 -9999 -9999 -9999 -9999 -9999 -9999 -9999 -9999 -9999 -9999 -9999 -9999 -9999 -9999 -9999 -9999 -9999 -9999 -9999 -9999 -9999 -9999 -9999 -9999 -9999 -9999 -9999 -9999 -9999
-9999 -9999 -9999 -9999 -9999 -9999 -9999 -9999 -9999 -9999 -9999 -9999 -9999 -9999 -9999 -9999 -9999 -9999 -9999 -9999 -9999 -9999 -9999 -9999 -9999 -9999 -9999 -9999 -9999 -9999 -9999 -9999 -9999 -9999 -9999 -9999 -9999 -9999 -9999 -9999 -9999 -9999 -9999 -9999 -9999 -9999 -9999 -9999 -9999 -9999 -9999 -9999 -9999 -9999 -9999 -9999 -9999 -9999 -9999 -9999 -9999 -9999 -9999 -9999 -9999 -9999 -9999 -9999 -9999 -9999 -9999 -9999 -9999
-9999 -9999 -9999 -9999 -9999 -9999 -9999 -9999 -9999 -9999 -9999 -9999 -9999 -9999 -9999 -9999 -9999 -9999 -9999 -9999 -9999 -9999 -9999 -9999 -9999 -9999 -9999 -9999 -9999 -9999 -9999 -9999 -9999 -9999 -9999 -9999 -9999 -9999 -9999 -9999 -9999 -9999 -9999 -9999 -9999 -9999 -9999 -9999 -9999 -9999 -9999 -9999 -9999 -9999 -9999 -9999 -9999 -9999 -9999 -9999 -9999 -9999 -9999 -9999 -9999 -9999 -9999 -9999 -9999 -9999 -9999 -9999 -9999
-9999 -9999 -9999 -9999 -9999 -9999 -9999 -9999 -9999 -9999 -9999 -9999 -9999 -9999 -9999 -9999 -9999 -9999 -9999 -9999 -9999 -9999 -9999 -9999 -9999 -9999 -9999 -9999 -9999 -9999 -9999 -9999 -9999 -9999 -9999 -9999 -9999 -9999 -9999 -9999 -9999 -9999 -9999 -9999 -9999 -9999 -9999 -9999 -9999 -9999 -9999 -9999 -9999 -9999 -9999 -9999 -9999 -9999 -9999 -9999 -9999 -9999 -9999 -9999 -9999 -9999 -9999 -9999 -9999 -9999 -9999 -9999 -9999
-9999 -9999 -9999 -9999 -9999 -9999 -9999 -9999 -9999 -9999 -9999 -9999 -9999 -9999 -9999 -9999 -9999 -9999 -9999 -9999 -9999 -9999 -9999 -9999 -9999 -9999 -9999 -9999 -9999 -9999 -9999 -9999 -9999 -9999 -9999 -9999 -9999 -9999 -9999 -9999 -9999 -9999 -9999 -9999 -9999 -9999 -9999 -9999 -9999 -9999 -9999 -9999 -9999 -9999 -9999 -9999 -9999 -9999 -9999 -9999 -9999 -9999 -9999 -9999 -9999 -9999 -9999 -9999 -9999 -9999 -9999 -9999 -9999
-9999 -9999 -9999 -9999 -9999 -9999 -9999 -9999 -9999 -9999 -9999 -9999 -9999 -9999 -9999 -9999 -9999 -9999 -9999 -9999 -9999 -9999 -9999 -9999 -9999 -9999 -9999 -9999 -9999 -9999 -9999 -9999 -9999 -9999 -9999 -9999 -9999 -9999 -9999 -9999 -9999 -9999 -9999 -9999 -9999 -9999 -9999 -9999 -9999 -9999 -9999 -9999 -9999 -9999 -9999 -9999 -9999 -9999 -9999 -9999 -9999 -9999 -9999 -9999 -9999 -9999 -9999 -9999 -9999 -9999 -9999 -9999 -9999
-9999 -9999 -9999 -9999 0.58592 -9999 -9999 -9999 -9999 -9999 -9999 -9999 -9999 -9999 -9999 -9999 -9999 -9999 -9999 -9999 -9999 -9999 -9999 -9999 -9999 -9999 -9999 -9999 -9999 -9999 -9999 -9999 -9999 -9999 -9999 -9999 -9999 -9999 -9999 -9999 -9999 -9999 -9999 -9999 -9999 -9999 -9999 -9999 -9999 -9999 -9999 -9999 -9999 -9999 -9999 -9999 -9999 -9999 -9999 -9999 -9999 -9999 -9999 -9999 -9999 -9999 -9999 -9999 -9999 -9999 -9999 -9999 -9999
0.93163 0.17999 0.36848 0.44763 0.48626 0.62903 0.63750 0.68811 0.50576 0.50171 0.36977 0.43991 0.26644 0.35968 0.42129 0.30857 0.33125 0.35593 0.48671 0.51821 -9999 -9999 -9999 -9999 -9999 -9999 -9999 -9999 -9999 -9999 -9999 -9999 -9999 -9999 -9999 -9999 -9999 -9999 -9999 -9999 -9999 -9999 -9999 -9999 -9999 -9999 -9999 -9999 -9999 -9999 -9999 -9999 -9999 -9999 -9999 -9999 -9999 -9999 -9999 -9999 -9999 -9999 -9999 -9999 -9999 -9999 -9999 -9999 -9999 -9999 -9999 -9999 -9999
-9999 -9999 0.16162 0.17184 0.17134 0.17887 0.20294 0.22174 0.22300 0.25572 0.28913 0.29882 0.32300 0.34855 0.30331 0.34758 0.37120 0.40622 0.38615 0.33046 -9999 -9999 -9999 -9999 -9999 -9999 -9999 -9999 -9999 -9999 -9999 -9999 -9999 -9999 -9999 -9999 -9999 -9999 -9999 -9999 -9999 -9999 -9999 -9999 -9999 -9999 -9999 -9999 -9999 -9999 -9999 -9999 -9999 -9999 -9999 -9999 -9999 -9999 -9999 -9999 -9999 -9999 -9999 -9999 -9999 -9999 -9999 -9999 -9999 -9999 -9999 -9999 -9999
0.05789 0.06613 0.07151 0.10844 0.11706 0.11687 0.14035 0.18249 0.14589 0.15705 0.18095 0.24699 0.30595 0.33737 0.30488 0.34098 0.36436 0.32246 0.57563 1.17818 0.18324 0.19878 0.11712 0.10375 0.07743 0.13506 -9999 -9999 -9999 -9999 -9999 -9999 -9999 -9999 -9999 -9999 -9999 -9999 -9999 -9999 -9999 -9999 -9999 -9999 -9999 -9999 -9999 -9999 -9999 -9999 -9999 -9999 -9999 -9999 -9999 -9999 -9999 -9999 -9999 -9999 -9999 -9999 -9999 -9999 -9999 -9999 -9999 -9999 -9999 -9999 -9999 -9999 -9999
0.04370 0.06098 0.15475 0.15568 0.13878 0.18783 0.10245 0.10633 0.13800 0.19207 0.29559 0.32457 0.28827 0.37588 0.49499 0.51275 1.30983 0.38342 0.48110 0.49096 0.38257 0.25255 0.21325 0.14589 0.13869 0.13359 0.11993 0.09812 0.03946 0.03561 0.02820 0.03410 0.03693 0.03542 0.02218 0.02358 0.02659 0.03663 0.06685 0.06658 0.07782 -9999 -9999 -9999 -9999 -9999 -9999 -9999 -9999 -9999 -9999 -9999 -9999 -9999 -9999 -9999 -9999 -9999 -9999 -9999 -9999 -9999 -9999 -9999 -9999 -9999 -9999 -9999 -9999 -9999 -9999 -9999 -9999
0.00185 0.03600 0.13384 0.10646 0.13145 0.16020 0.10262 0.08182 0.10926 0.23470 0.15739 0.43721 0.40371 0.44473 0.55298 0.56720 0.30607 0.36190 0.57678 0.66058 0.56317 0.12030 0.14722 0.29469 0.21938 0.20499 0.14426 0.13985 0.03775 0.04082 0.01719 0.01303 0.01825 0.01959 0.02392 0.01913 0.02405 0.03123 0.07708 0.09886 0.08843 1.11272 -9999 -9999 -9999 -9999 -9999 -9999 -9999 -9999 -9999 -9999 -9999 -9999 -9999 -9999 -9999 -9999 -9999 -9999 -9999 -9999 -9999 -9999 -9999 -9999 -9999 -9999 -9999 -9999 -9999 -9999 -9999
0.04074 0.39973 0.15466 0.11849 0.25685 0.23131 0.24806 0.26321 0.21930 0.21782 0.24355 0.24066 0.25729 0.32681 0.37616 0.46012 0.36623 1.74061 0.60623 0.57413 0.41150 0.32641 0.27778 0.32680 0.19790 0.09321 0.10193 0.09372 0.03692 0.02937 0.01848 0.02295 0.01916 0.02290 0.03580 0.04331 0.03611 0.04977 0.08443 0.11505 0.07888 0.06466 -9999 -9999 -9999 -9999 -9999 -9999 -9999 -9999 -9999 -9999 -9999 -9999 -9999 -9999 -9999 0.56760 0.92512 -9999 -9999 -9999 -9999 1.30703 1.05706 1.52341 1.41673 0.68773 0.80103 0.96106 1.03037 2.40755 3.35424
0.02965 0.25616 0.09202 0.05776 0.11232 0.24940 0.19624 0.20882 0.13279 0.14408 0.16485 0.19924 0.22517 0.19174 0.17480 0.13791 1.67035 0.24806 0.25286 0.29219 0.27151 0.14328 0.12024 0.08417 0.03107 0.04140 0.09900 0.07801 0.04140 0.03025 0.03024 0.02196 0.01217 0.02868 0.03337 0.03489 0.02810 0.36476 0.92010 0.83870 0.93982 0.29174 0.46500 0.51236 1.37714 0.25995 0.39453 0.63870 0.33811 0.35051 0.34364 0.18608 0.39126 0.12889 0.02216 0.01935 0.40287 0.39479 0.42403 -9999 -9999 -9999 -9999 -9999 0.21636 0.65277 0.91107 1.30469 1.61494 0.98787 0.87149 1.14587 1.97729
0.10876 0.27857 0.00300 0.03843 0.09795 0.06283 0.06603 0.07044 0.09059 0.10515 0.08748 0.09438 0.09899 0.47558 0.12541 0.19217 0.18798 0.13058 0.18915 0.18834 0.15830 0.12842 0.08984 0.09194 0.06852 0.07169 0.09375 0.09892 0.06839 0.04950 0.07477 0.09356 0.10665 0.12204 0.13234 0.13964 1.23906 0.86047 0.10031 1.44653 0.15693 0.15202 0.09552 0.09595 0.19615 0.19035 0.18061 0.31566 0.24706 0.13077 0.12119 0.41681 0.66827 0.29428 0.51076 0.68098 0.39403 0.22247 0.31594 0.41495 0.67885 0.94035 0.68279 0.77394 0.11045 0.32764 0.44967 0.58368 1.54381 0.79319 1.17958 1.58854 2.11389
0.10435 0.20339 0.26470 0.08269 0.15628 0.23770 0.05151 0.04682 0.06447 0.07443 0.07894 0.35779 0.10047 0.12829 0.16541 0.14480 0.17119 0.34137 0.15521 0.12368 0.13102 0.11426 0.10268 0.09048 0.08633 0.07634 0.12063 0.15571 0.09702 0.10717 0.10461 0.07555 0.10445 0.12060 1.07583 0.10666 0.05853 0.06094 0.16062 0.14129 0.07252 0.08064 0.14163 0.12074 0.19811 0.18195 0.07763 0.07340 0.09984 0.13501 0.08487 0.06545 0.22516 0.49649 0.60049 0.38766 0.39464 0.51643 0.43433 0.60933 0.27491 0.06699 0.31515 0.90579 0.14975 0.17915 0.44811 1.11329 1.28198 1.48317 1.49231 1.71853 2.03248
0.42073 0.00038 0.05551 0.01916 0.02841 0.09471 0.04800 0.03872 0.02990 0.05593 0.05784 0.08530 0.13501 0.15243 0.15962 0.14942 0.19809 0.38069 0.33624 0.21649 0.21108 0.18538 0.14134 0.14957 0.11025 0.13297 0.15358 0.13504 0.12539 1.23864 0.14247 0.10471 0.20054 0.20155 0.20439 0.25655 0.13953 0.14059 0.15513 0.16567 0.28249 0.25024 0.24964 0.15828 0.11621 0.20973 0.21081 0.18595 0.08585 0.08324 0.13658 0.21245 0.03752 0.02328 0.13430 0.89981 0.89778 0.74430 1.14227 1.54556 1.68619 0.96234 0.87659 0.59173 0.49470 0.52536 0.94107 1.27665 1.43610 1.87306 2.83189 2.45565 2.59406
0.69621 0.49135 0.02002 0.01584 0.00619 0.02319 0.03736 0.01601 0.10834 0.20730 0.11711 0.17374 0.16550 0.11727 0.10291 0.13865 0.17637 0.22957 0.36658 0.24524 0.25212 0.25467 0.16300 0.11426 0.10297 0.07647 0.06330 0.76699 0.14378 0.23654 0.19983 0.12075 0.15564 0.12478 0.14221 0.18316 0.17519 0.25855 0.17594 0.12540 0.23009 0.24309 0.26399 0.30315 0.24573 0.15917 0.21987 0.25887 0.17186 0.14803 0.15979 0.10093 0.20047 0.62797 0.94124 1.43087 1.06011 0.82809 0.87177 1.20357 0.82132 1.54100 1.82915 1.10816 1.98116 1.03790 1.18049 1.34749 2.33924 2.81223 3.13283 3.25854 3.21391
0.58285 0.83764 1.00085 0.05614 0.01078 0.00200 0.06692 0.00329 0.02327 0.23906 0.75414 1.37245 0.63385 0.39420 0.17960 0.12534 0.05281 0.09945 0.09010 0.10403 0.15460 0.08064 0.05890 0.06016 0.05458 0.03127 0.06978 0.06557 0.04481 0.03762 0.13673 0.20191 0.20350 0.20587 0.42751 0.47564 0.32703 0.41028 0.26422 0.31718 0.13434 0.10701 0.27645 0.29179 0.23759 0.33205 0.26065 0.22291 0.06035 0.06693 0.12991 0.08926 0.17707 0.19410 1.08374 1.42719 1.60718 1.86472 1.46227 1.43220 0.68046 1.23404 1.06827 1.69167 0.82547 1.12359 1.56836 2.59334 2.99148 3.31912 3.88650 3.96832 2.86979
1.24020 1.52092 1.10840 0.76189 0.35484 0.23703 0.19067 0.03897 0.00561 0.03813 0.17465 0.49528 0.91191 1.04302 0.65310 0.47296 0.25031 0.05720 0.14704 0.14169 0.14078 0.20178 0.16650 0.14802 0.09655 0.12999 0.05827 0.08221 0.06102 0.12940 0.32687 0.15887 0.34932 0.35698 0.29187 0.32189 0.11218 0.65007 0.67531 0.58392 0.19616 0.71008 0.63430 0.74909 0.63909 0.46962 0.52216 0.49317 0.79389 0.59893 0.94802 0.32596 1.19097 0.98823 0.99839 1.47548 1.67539 1.57495 1.22311 1.26558 1.36848 1.16866 1.41351 0.81230 2.04005 2.12764 2.47834 2.75045 3.25672 3.96042 4.54507 3.12789 4.33859
1.44516 1.01887 1.30865 1.51376 0.95582 0.31395 0.61647 0.26897 0.07560 0.04474 0.19329 0.03015 0.17162 0.07957 0.10552 0.71580 0.73059 0.58503 0.22137 0.49393 0.32651 0.19686 0.20573 0.21441 0.19259 0.14400 0.28829 0.17186 0.17123 0.17970 0.26691 0.30314 0.22307 0.06273 0.18388 0.39164 0.65455 0.70062 0.42956 0.24771 0.30732 0.62108 0.71016 0.78889 0.77298 0.41489 0.79981 1.21845 1.20108 1.03336 1.28900 1.49531 0.93279 1.28478 1.28465 1.48524 1.14312 0.90140 0.91807 0.89809 1.42115 0.97506 2.22537 2.15495 1.89341 1.83045 1.84742 1.99941 2.57364 3.52827 4.32174 4.11563 6.30210
0.96060 0.44153 0.86669 1.20286 0.81796 0.82132 0.67733 0.23260 0.06015 0.36724 0.43703 0.31343 0.72612 1.19245 1.27308 0.02696 0.62493 1.09634 1.07355 0.88699 0.69165 0.34590 0.24377 0.26280 0.26182 0.27563 0.29096 0.27468 0.36016 0.38056 0.32653 0.28475 0.05733 0.06087 0.17801 0.26409 0.47188 0.60620 1.17587 0.92412 0.67890 0.49588 0.12731 0.32918 0.26381 0.48590 0.81889 1.14247 1.39780 0.93516 1.20818 1.11767 1.63076 1.74842 1.48955 1.44926 1.81832 1.65035 1.54113 1.44307 1.39505 1.49361 2.47300 2.82638 1.83556 2.08172 2.82272 3.08457 3.17766 4.21485 6.38753 7.95187 8.99418
1.01362 0.60283 0.90999 0.62418 0.31820 0.32769 0.10868 0.11278 0.08542 0.14526 0.06229 0.18052 0.39921 0.47236 1.11899 0.93148 0.44511 0.43788 0.51931 0.62346 0.51959 0.47024 0.35277 0.29669 0.19822 0.12012 0.13823 0.13875 0.19366 0.18495 0.12922 0.14559 0.09730 0.12773 0.54352 0.59061 0.44199 0.66264 1.36990 1.05433 1.01296 0.67857 0.63926 0.65974 0.31594 0.41394 0.64652 1.27403 1.24072 1.21215 0.92341 1.38632 1.59386 1.89967 1.50947 2.14217 1.46024 1.00247 1.07499 1.64101 1.49208 1.42525 1.44799 1.54585 1.54138 2.79524 2.68813 3.21221 2.98306 4.00971 5.65956 7.00344 7.99882
1.45894 1.36131 1.18731 0.74412 0.22337 0.11993 0.04008 0.02387 0.15594 0.42771 0.45867 0.19108 0.08549 0.21367 0.33882 0.63126 1.30745 1.05022 0.53562 0.42912 0.34517 0.50329 0.58001 0.24549 0.19030 0.17924 0.09336 0.13107 0.16320 0.20171 0.04806 0.08111 0.15540 0.20685 0.28951 0.78083 0.89620 0.79678 1.22742 1.62318 1.41227 1.67697 1.18453 1.06709 0.29101 0.31408 0.45313 0.50519 1.23447 0.90253 1.06244 1.48743 4.76345 4.42923 3.01069 2.93100 2.34733 1.66913 1.31378 1.29266 1.59555 1.92451 2.41089 2.26073 2.39871 3.16387 2.80066 2.38534 2.42598 4.57387 6.88434 6.67274 7.89811
1.92292 1.69265 1.50172 1.04440 0.60052 0.22221 0.05419 0.13696 0.14289 0.40402 0.66062 0.37640 0.13123 0.13880 0.26134 0.79292 1.22392 1.27417 0.80579 0.93362 0.70502 0.65671 0.54379 0.22868 0.41517 0.32745 0.14086 0.14276 0.14057 0.35058 0.21394 0.39592 0.57341 0.46650 0.52672 0.77601 0.69374 1.59668 1.79135 1.95785 1.28830 1.00254 0.89312 0.79883 1.35356 0.70885 0.43808 1.09513 0.79168 1.30867 1.21587 1.47181 1.82169 2.43412 2.77791 3.39479 2.81642 3.80081 3.23928 3.17696 2.28250 2.48426 2.95663 2.59050 3.06217 2.53097 2.44469 2.48157 2.64285 3.28539 5.07245 5.51953 7.53585
2.07201 2.03836 1.89014 1.53553 0.60385 0.68223 0.23456 0.05490 0.03867 0.09281 0.19304 0.55491 0.61734 0.67612 0.67963 0.34652 0.66011 0.59987 1.43266 0.89269 0.82158 0.74234 0.87346 0.56355 0.69996 0.42910 0.24422 0.12236 0.28183 0.32917 0.24922 0.44053 0.62086 0.59803 0.59940 0.87137 1.57343 1.14928 1.19513 1.47480 1.12596 1.74047 1.70379 1.69949 1.08654 1.18290 1.25453 1.21855 1.63860 1.79779 1.40884 2.05419 3.41088 4.90124 4.77865 5.72003 5.51836 6.17750 5.21045 4.79455 3.63950 2.96587 2.52930 2.33219 2.07574 2.51332 3.07764 3.74812 3.55206 4.12978 5.10349 5.36154 5.53781
1.98158 2.03187 2.03761 1.82963 1.64366 0.93564 0.66781 0.73729 0.61302 0.73530 0.56497 0.67464 1.27650 0.97071 0.65382 0.39365 0.66626 0.46645 0.66215 1.10452 1.13513 1.01919 0.77777 0.63407 0.37004 0.41113 0.61415 0.37243 0.51839 0.34963 0.29626 0.39143 0.67457 0.50921 0.77473 0.90872 1.57122 1.82689 1.76992 1.15647 1.87569 1.33781 1.35416 1.54190 1.46951 1.07014 1.28349 1.81827 2.23114 2.59517 2.62663 3.69672 4.13436 5.41400 5.23243 6.94719 5.64814 5.27831 5.81642 5.85734 2.69907 1.99163 2.24036 2.29334 2.46197 2.85287 3.18989 3.92568 3.98999 4.82873 5.41476 6.92679 11.17820
1.98464 1.93028 2.17734 2.16939 2.00753 1.75440 1.82707 1.86981 1.91015 1.60556 1.33388 1.08310 1.42159 0.90137 0.86330 1.15027 0.55670 0.52712 0.89094 1.32660 1.59176 0.94231 1.05549 0.50917 0.67561 0.48241 0.82625 0.62175 0.57863 0.75906 0.39601 0.51478 1.02643 1.09620 0.95938 1.13844 1.73042 1.80756 1.73803 1.56004 1.73455 1.50856 1.37232 1.52389 1.27953 1.30114 1.63279 1.82042 -9999 -9999 4.12737 6.24506 8.71760 8.35650 8.34059 8.83320 6.09374 4.92637 5.31729 4.05800 2.17876 1.88176 2.37955 2.16692 2.23162 2.42171 3.21241 4.27095 4.59783 6.90266 7.14925 11.46810 16.83620
1.97847 2.04738 2.13166 2.03836 2.23396 1.99324 2.02420 2.16621 1.91857 1.81803 1.83685 1.93711 1.51174 1.07979 1.67450 1.56934 1.02702 1.51106 0.91870 1.39123 1.54841 1.32532 1.45415 1.45089 1.23043 1.01072 0.40288 0.63776 0.69022 1.02253 1.17462 1.20144 1.43066 1.11024 1.10779 1.35172 1.37526 -9999 -9999 -9999 -9999 1.38608 -9999 1.01521 1.75196 1.50969 1.35520 1.93714 -9999 -9999 2.36687 3.69284 5.24868 5.40671 4.84052 4.03965 3.53354 2.36492 1.54885 1.57641 1.56023 1.69209 2.01189 2.36107 2.09212 2.22769 2.58393 2.90572 3.81654 7.65127 -9999 -9999 -9999
2.02035 2.11389 2.19453 1.99544 2.28073 2.15003 1.67168 1.52728 1.38426 1.49620 1.73654 1.72457 1.60891 1.25833 1.88932 1.90986 1.95340 1.87534 2.01443 1.91047 1.92872 2.02687 1.25509 1.56770 1.09015 1.57444 1.42627 1.35462 1.35036 1.32974 1.80281 1.68419 1.75678 1.30039 1.33200 -9999 -9999 -9999 -9999 -9999 -9999 -9999 1.78927 1.92048 1.83625 -9999 -9999 -9999 -9999 -9999 6.66112 5.14633 2.91849 5.47820 3.85710 4.36271 4.11800 2.46870 2.35296 2.09306 1.79126 2.47088 2.88246 2.27257 2.46409 2.24775 2.55003 4.30696 -9999 -9999 -9999 -9999 -9999
