data/hydroclimate-scenarios/BCSD_hadcm_A1B/monthly_summaries/baseflow_monthly_tot_aug.2070-2099.asc
ncols	311
nrows	91
xllcenter	102.75
yllcenter	31.75
cellsize	0.5
NODATA_value	-9999
[rows 0 to 31 of 91, columns 73 to 145 of 311]
-9999 -9999 -9999 -9999 -9999 -9999 -9999 -9999 -9999 -9999 -9999 -9999 -9999 -9999 -9999 -9999 -9999 -9999 -9999 -9999 -9999 -9999 -9999 -9999 -9999 -9999 -9999 -9999 -9999 -9999 -9999 -9999 -9999 -9999 -9999 -9999 -9999 -9999 -9999 -9999 -9999 -9999 -9999 -9999 -9999 -9999 -9999 -9999 -9999 -9999 -9999 -9999 -9999 -9999 -9999 -9999 -9999 -9999 -9999 -9999 -9999 -9999 -9999 -9999 -9999 -9999 -9999 -9999 -9999 -9999 -9999 -9999 -9999
-9999 -9999 -9999 -9999 -9999 -9999 -9999 -9999 -9999 -9999 -9999 -9999 -9999 -9999 -9999 -9999 -9999 -9999 -9999 -9999 -9999 -9999 -9999 -9999 -9999 -9999 -9999 -9999 -9999 -9999 -9999 -9999 -9999 -9999 -9999 -9999 -9999 -9999 -9999 -9999 -9999 -9999 -9999 -9999 -9999 -9999 -9999 -9999 -9999 -9999 -9999 -9999 -9999 -9999 -9999 -9999 -9999 -9999 -9999 -9999 -9999 -9999 -9999 -9999 -9999 -9999 -9999 -9999 -9999 -9999 -9999 -9999 -9999
-9999 -9999 -9999 -9999 -9999 -9999 -9999 -9999 -9999 -9999 -9999 -9999 -9999 -9999 -9999 -9999 -9999 -9999 -9999 -9999 -9999 -9999 -9999 -9999 -9999 -9999 -9999 -9999 -9999 -9999 -9999 -9999 -9999 -9999 -9999 -9999 -9999 -9999 -9999 -9999 -9999 -9999 -9999 -9999 -9999 -9999 -9999 -9999 -9999 -9999 -9999 -9999 -9999 -9999 -9999 -9999 -9999 -9999 -9999 -9999 -9999 -9999 -9999 -9999 -9999 -9999 -9999 -9999 -9999 -9999 -9999 -9999 -9999
-9999 -9999 -9999 -9999 -9999 -9999 -9999 -9999 -9999 -9999 -9999 -9999 -9999 -9999 -9999 -9999 -9999 -9999 -9999 -9999 -9999 -9999 -9999 -9999 -9999 -9999 -9999 -9999 -9999 -9999 -9999 -9999 -9999 -9999 -9999 -9999 -9999 -9999 -9999 -9999 -9999 -9999 -9999 -9999 -9999 -9999 -9999 -9999 -9999 -9999 -9999 -9999 -9999 -9999 -9999 -9999 -9999 -9999 -9999 -9999 -9999 -9999 -9999 -9999 -9999 -9999 -9999 -9999 -9999 -9999 -9999 -9999 -9999
-9999 -9999 -9999 -9999 -9999 -9999 -9999 -9999 -9999 -9999 -9999 -9999 -9999 -9999 -9999 -9999 -9999 -9999 -9999 -9999 -9999 -9999 -9999 -9999 -9999 -9999 -9999 -9999 -9999 -9999 -9999 -9999 -9999 -9999 -9999 -9999 -9999 -9999 -9999 -9999 -9999 -9999 -9999 -9999 -9999 -9999 -9999 -9999 -9999 -9999 -9999 -9999 -9999 -9999 -9999 -9999 -9999 -9999 -9999 -9999 -9999 -9999 -9999 -9999 -9999 -9999 -9999 -9999 -9999 -9999 -9999 -9999 -9999
-9999 -9999 -9999 -9999 -9999 -9999 -9999 -9999 -9999 -9999 -9999 -9999 -9999 -9999 -9999 -9999 -9999 -9999 -9999 -9999 -9999 -9999 -9999 -9999 -9999 -9999 -9999 -9999 -9999 -9999 -9999 -9999 -9999 -9999 -9999 -9999 -9999 -9999 -9999 -9999 -9999 -9999 -9999 -9999 -9999 -9999 -9999 -9999 -9999 -9999 -9999 -9999 -9999 -9999 -9999 -9999 -9999 -9999 -9999 -9999 -9999 -9999 -9999 -9999 -9999 -9999 -9999 -9999 -9999 -9999 -9999 -9999 -9999
-9999 -9999 -9999 -9999 -9999 -9999 -9999 -9999 -9999 -9999 -9999 -9999 -9999 -9999 -9999 -9999 -9999 -9999 -9999 -9999 -9999 -9999 -9999 -9999 -9999 -9999 -9999 -9999 -9999 -9999 -9999 -9999 -9999 -9999 -9999 -9999 -9999 -9999 -9999 -9999 -9999 -9999 -9999 -9999 -9999 -9999 -9999 -9999 -9999 -9999 -9999 -9999 -9999 -9999 -9999 -9999 -9999 -9999 -9999 -9999 -9999 -9999 -9999 -9999 -9999 -9999 -9999 -9999 -9999 -9999 -9999 -9999 -9999
-9999 -9999 -9999 -9999 -9999 -9999 -9999 -9999 -9999 -9999 -9999 -9999 -9999 -9999 -9999 -9999 -9999 -9999 -9999 -9999 -9999 -9999 -9999 -9999 -9999 -9999 -9999 -9999 -9999 -9999 -9999 -9999 -9999 -9999 -9999 -9999 -9999 -9999 -9999 -9999 -9999 -9999 -9999 -9999 -9999 -9999 -9999 -9999 -9999 -9999 -9999 -9999 -9999 -9999 -9999 -9999 -9999 -9999 -9999 -9999 -9999 -9999 -9999 -9999 -9999 -9999 -9999 -9999 -9999 -9999 -9999 -9999 -9999
-9999 -9999 -9999 -9999 0.11087 -9999 -9999 -9999 -9999 -9999 -9999 -9999 -9999 -9999 -9999 -9999 -9999 -9999 -9999 -9999 -9999 -9999 -9999 -9999 -9999 -9999 -9999 -9999 -9999 -9999 -9999 -9999 -9999 -9999 -9999 -9999 -9999 -9999 -9999 -9999 -9999 -9999 -9999 -9999 -9999 -9999 -9999 -9999 -9999 -9999 -9999 -9999 -9999 -9999 -9999 -9999 -9999 -9999 -9999 -9999 -9999 -9999 -9999 -9999 -9999 -9999 -9999 -9999 -9999 -9999 -9999 -9999 -9999
2.27026 0.10198 0.04255 0.07282 0.08904 0.13837 0.15675 0.22043 0.30852 0.33145 0.90635 0.99766 1.13154 1.54108 2.06144 1.88815 1.56339 1.61908 1.42856 1.44456 -9999 -9999 -9999 -9999 -9999 -9999 -9999 -9999 -9999 -9999 -9999 -9999 -9999 -9999 -9999 -9999 -9999 -9999 -9999 -9999 -9999 -9999 -9999 -9999 -9999 -9999 -9999 -9999 -9999 -9999 -9999 -9999 -9999 -9999 -9999 -9999 -9999 -9999 -9999 -9999 -9999 -9999 -9999 -9999 -9999 -9999 -9999 -9999 -9999 -9999 -9999 -9999 -9999
-9999 -9999 0.11262 0.14629 0.20941 0.24148 0.36585 0.45497 0.56722 0.69964 0.80258 0.86523 0.99316 1.09787 1.29990 1.40882 1.38086 1.45734 1.63347 1.54401 -9999 -9999 -9999 -9999 -9999 -9999 -9999 -9999 -9999 -9999 -9999 -9999 -9999 -9999 -9999 -9999 -9999 -9999 -9999 -9999 -9999 -9999 -9999 -9999 -9999 -9999 -9999 -9999 -9999 -9999 -9999 -9999 -9999 -9999 -9999 -9999 -9999 -9999 -9999 -9999 -9999 -9999 -9999 -9999 -9999 -9999 -9999 -9999 -9999 -9999 -9999 -9999 -9999
0.06431 0.07655 0.08918 0.11113 0.14434 0.19022 0.27580 0.32793 0.45668 0.55073 0.60348 0.69646 0.87666 0.94629 1.08664 1.23610 1.18706 1.17866 1.74749 1.85516 1.27749 1.24609 0.53766 0.52641 0.39305 0.68714 -9999 -9999 -9999 -9999 -9999 -9999 -9999 -9999 -9999 -9999 -9999 -9999 -9999 -9999 -9999 -9999 -9999 -9999 -9999 -9999 -9999 -9999 -9999 -9999 -9999 -9999 -9999 -9999 -9999 -9999 -9999 -9999 -9999 -9999 -9999 -9999 -9999 -9999 -9999 -9999 -9999 -9999 -9999 -9999 -9999 -9999 -9999
0.07703 0.08554 0.09718 0.12302 0.15264 0.17259 0.19231 0.23014 0.31055 0.36599 0.52066 0.61476 0.70764 0.83587 0.89652 0.82003 1.22096 1.26395 1.49667 1.43456 1.35175 1.20913 0.53860 0.43409 0.47082 0.46106 0.78388 0.65846 0.48920 0.44549 1.49919 1.45242 1.18721 1.08313 0.87960 0.84616 0.72597 0.67573 0.71488 0.74248 0.85883 -9999 -9999 -9999 -9999 -9999 -9999 -9999 -9999 -9999 -9999 -9999 -9999 -9999 -9999 -9999 -9999 -9999 -9999 -9999 -9999 -9999 -9999 -9999 -9999 -9999 -9999 -9999 -9999 -9999 -9999 -9999 -9999
0.01390 0.07109 0.10350 0.09382 0.11705 0.13621 0.15957 0.17952 0.22213 0.26962 0.34531 0.42530 0.48598 0.58171 0.65876 0.70673 0.59115 0.85630 1.33626 1.42064 1.11896 0.40666 0.36212 0.29207 0.28748 0.25775 0.71728 0.74267 0.50439 0.47529 1.29967 1.13625 1.06110 0.97758 1.00975 0.89950 0.74057 0.70443 0.90795 0.98936 0.96181 2.29956 -9999 -9999 -9999 -9999 -9999 -9999 -9999 -9999 -9999 -9999 -9999 -9999 -9999 -9999 -9999 -9999 -9999 -9999 -9999 -9999 -9999 -9999 -9999 -9999 -9999 -9999 -9999 -9999 -9999 -9999 -9999
0.13771 0.93203 0.13030 0.13233 0.19776 0.18373 0.26911 0.27540 0.39474 0.39777 0.41730 0.43689 0.47301 0.59100 0.57790 0.69820 0.60961 1.21179 0.50850 0.47282 0.41805 0.38801 0.40036 0.47821 0.32970 0.24369 0.22439 0.21422 0.15097 0.12447 0.42121 0.41836 0.33275 0.32178 1.33650 1.18612 1.20932 1.17355 1.04119 1.12161 1.30418 1.22698 -9999 -9999 -9999 -9999 -9999 -9999 -9999 -9999 -9999 -9999 -9999 -9999 -9999 -9999 -9999 1.56870 1.49290 -9999 -9999 -9999 -9999 2.47136 5.05798 7.87133 3.32380 1.59187 1.27915 1.17515 1.20794 3.01421 3.59415
0.11016 0.40498 0.10100 0.10077 0.14628 0.19420 0.28044 0.26415 0.23684 0.32419 0.37855 0.50886 0.56839 0.51647 0.53505 0.45067 0.97483 0.57208 0.27867 0.29913 0.33762 0.25074 0.28615 0.21152 0.16369 0.16221 0.18328 0.17335 0.13607 0.11688 0.38249 0.30569 0.24113 0.33116 1.25913 1.12943 1.14044 1.95966 2.27631 2.33058 2.71138 2.10362 2.14599 2.16017 2.79608 1.41270 1.69259 2.21835 2.29125 2.38071 2.22501 1.77102 2.30146 0.85457 0.54924 0.53559 1.82663 1.90781 1.56986 -9999 -9999 -9999 -9999 -9999 2.35212 3.34867 2.02807 2.50706 3.01805 2.54893 2.74308 2.72124 2.95934
0.11733 0.23811 0.04680 0.11764 0.13002 0.13602 0.15487 0.16019 0.16510 0.20945 0.26478 0.31761 0.39188 0.70803 0.44798 0.54368 0.54908 0.39561 0.19326 0.20887 0.20511 0.19889 0.26267 0.25153 0.21829 0.21698 0.20545 0.21807 0.19122 0.16911 0.53460 0.49422 0.52023 0.52724 1.77520 1.76236 2.99621 2.68218 1.55192 3.12900 1.66639 1.66608 1.70695 1.64034 1.82878 1.74286 1.65973 2.16027 1.91161 1.59931 1.86504 2.69547 3.97621 2.30007 3.16092 3.52454 3.03021 1.06779 1.04079 1.30193 2.38466 2.04610 2.00812 2.15270 2.25432 2.52236 1.28188 1.64903 2.94391 1.79611 3.14293 6.15252 6.79282
0.10206 0.29851 0.41612 0.19804 0.17379 0.35167 0.10395 0.11048 0.11444 0.15596 0.20069 0.50712 0.34668 0.52606 0.40563 0.41426 0.50466 0.50318 0.18218 0.14320 0.15841 0.15127 0.25013 0.20885 0.19962 0.18638 0.21625 0.22729 0.22581 0.21933 0.59988 0.50398 0.49382 0.48267 3.10020 1.67179 1.52392 1.60816 1.72074 1.59695 1.33349 1.47120 1.84525 1.72226 1.72694 1.59556 1.30624 1.33512 1.44067 1.39979 1.65741 1.73189 2.09874 3.27378 3.63697 3.08774 3.07251 3.50433 3.32383 3.84861 2.27004 1.00877 2.12912 2.21831 2.09959 2.06508 0.97068 2.00070 3.28676 3.87143 4.85105 7.06105 9.53418
0.85714 0.00881 0.05640 0.03260 0.02772 0.07865 0.04479 0.03805 0.07427 0.10254 0.06464 0.08369 0.09801 0.12347 0.14098 0.14390 0.16368 0.30658 0.22784 0.14620 0.13549 0.12681 0.18828 0.19237 0.17494 0.19658 0.63038 0.59284 0.51443 0.84968 0.49061 0.44599 0.55178 0.50767 0.45375 0.45509 0.36193 0.37227 0.33452 0.34536 0.50869 0.58381 0.54578 0.36575 0.28612 0.30703 0.34742 0.37012 0.46991 0.51283 2.48585 2.72062 1.09777 1.08625 0.75750 3.50661 3.17998 3.45718 5.12338 6.94381 7.93965 5.19696 4.94323 3.02768 2.51176 2.13652 2.05809 3.07000 3.98154 4.92669 4.23727 5.14120 6.73445
0.60117 1.38456 0.03155 0.02280 0.01531 0.04167 0.05172 0.02958 0.32433 0.65148 0.12675 0.11769 0.12477 0.06859 0.05657 0.09902 0.13960 0.17307 0.22888 0.12770 0.13554 0.12458 0.16068 0.15102 0.15228 0.12062 0.57795 0.85557 0.47460 0.51868 0.44224 0.36034 0.37150 0.34238 0.35771 0.39076 0.37196 0.47605 0.39876 0.34062 0.43057 0.42911 0.45869 0.47788 0.34871 0.38277 0.34015 0.45848 0.66314 0.59054 2.58215 2.36948 3.26011 4.47845 3.58382 5.03594 3.15632 2.60439 3.27061 3.92739 3.86265 6.23491 8.63293 5.74059 8.19054 3.57999 2.34959 2.65440 5.48766 4.17859 2.12583 4.32034 6.06202
1.71057 2.57843 3.50708 0.15866 0.01119 0.00563 0.03578 0.01669 0.04430 0.38428 1.65027 4.99272 1.67468 0.49587 0.07519 0.05357 0.05271 0.06650 0.08334 0.08861 0.09239 0.06545 0.08463 0.09965 0.11943 0.09792 0.44432 0.42810 0.41024 0.37667 0.45848 0.43499 0.34831 0.38896 0.48938 0.63378 0.48905 0.46741 0.42808 0.48443 0.42699 0.38680 0.51404 0.46188 0.44801 0.48074 0.34604 0.39374 0.35292 0.41006 2.53752 2.55910 2.70190 3.22521 3.33319 4.45147 3.86926 6.48875 5.88494 5.11991 2.68294 4.37020 3.85824 4.40632 2.91975 3.63055 2.37320 4.55983 4.42100 3.98764 1.74772 2.85756 4.19381
1.51337 3.65102 2.06008 0.64497 0.54569 0.20447 0.11167 0.03559 0.01308 0.03324 0.09199 0.51423 2.29727 2.67209 1.21849 0.68670 0.25732 0.03148 0.06362 0.07115 0.06563 0.07899 0.12111 0.11960 0.10413 0.10581 0.42833 0.43318 0.39488 0.57455 0.68002 0.61540 0.55760 0.54394 0.57049 0.63457 0.18775 0.67258 0.54910 0.51951 0.40365 0.63676 0.65229 0.78320 0.70042 0.67400 0.52352 0.51177 1.19525 0.88199 5.37699 3.44324 5.50888 5.63726 4.37422 4.48693 4.33160 5.84214 4.85972 5.30603 5.29551 3.90260 4.40103 2.56899 6.49793 5.61332 4.08170 4.13193 3.78217 3.75073 1.87603 3.04811 5.80976
2.45468 1.24990 2.45112 3.77501 2.33024 0.63271 0.48483 0.21389 0.04785 0.06968 0.07702 0.01853 0.06744 0.03130 0.12328 1.13005 0.71709 0.40000 0.30365 0.76304 0.51648 0.45553 0.40660 0.43941 0.40031 0.42199 0.60778 0.49176 0.48702 0.48754 0.62007 0.53952 0.57370 0.35871 0.39849 0.47437 0.72467 0.64960 0.49805 0.41442 0.45577 0.65115 1.00631 1.36372 1.52431 0.99219 1.10887 1.81433 2.26588 1.87768 2.27466 3.52413 2.18904 4.14322 1.33089 2.26173 1.09617 0.84381 4.95994 4.63270 5.50160 3.30683 6.55191 4.93802 3.84788 3.46850 4.52943 5.38219 3.84602 3.91747 7.58322 12.12700 7.53506
0.21943 0.10984 0.61141 1.73056 1.08269 1.58483 1.17047 0.31721 0.10727 0.37325 0.46535 0.29802 1.30561 2.91245 3.49968 0.01926 0.34699 1.89448 2.72625 2.05493 1.39923 0.46465 0.33194 0.35390 0.40476 0.45836 0.49093 0.50626 0.57111 0.59426 0.61988 0.52868 0.30969 0.32376 0.42688 0.43110 0.62592 0.75720 1.74152 1.17064 0.83413 0.63139 0.14081 0.43997 0.72624 1.10746 1.46121 1.98998 2.60202 2.10100 2.11426 2.59484 4.64618 6.58666 2.01027 2.45435 1.33072 1.01141 4.35339 4.57911 5.03619 6.11004 4.14101 4.77424 4.33572 3.34646 3.88782 5.29620 3.85963 4.19125 6.26272 6.24677 7.20986
0.36610 0.20528 0.21228 0.14959 0.11800 0.14842 0.06693 0.08508 0.08180 0.08342 0.04587 0.09714 0.49631 0.51448 2.45574 1.67947 0.75418 0.14581 0.82936 0.91412 0.78381 0.66574 0.40906 0.33266 0.36398 0.30924 0.39266 0.37860 0.42526 0.40063 0.40486 0.43473 0.39249 0.36488 0.47431 0.50271 0.49015 0.71454 2.22648 2.06744 1.70224 1.07954 0.63905 0.60318 0.85459 1.18672 1.56785 2.98531 3.88095 2.19861 1.86320 3.50633 2.86580 2.58012 1.47872 1.30975 1.91071 1.11352 6.57984 6.59605 5.08256 3.94575 2.85099 3.46099 3.05038 3.98571 5.51574 5.16809 4.72629 5.31254 6.64994 7.01697 9.51197
1.35111 1.13998 0.45569 0.18979 0.06593 0.05126 0.03473 0.02953 0.12298 0.64345 0.63547 0.08212 0.07754 0.21168 0.26752 0.46776 2.04049 1.40718 1.01994 0.53389 0.44416 0.55590 0.68939 0.48992 0.32837 0.30737 0.33517 0.41467 0.34568 0.35821 0.27543 0.31362 0.37983 0.44902 0.45725 0.80384 0.64208 0.96584 2.52482 2.53254 1.80809 3.32440 1.54920 0.94355 0.47113 0.57850 0.52394 0.89744 2.33309 1.22930 1.06100 1.15539 0.97514 1.24311 0.81569 1.24263 0.82131 1.10893 5.31539 5.65212 4.71330 5.30701 4.40857 3.72523 3.48845 3.85018 5.11649 3.78329 3.80717 6.09140 6.75185 10.73180 15.49070
3.00399 2.17547 1.88246 0.50975 0.18704 0.07281 0.15132 0.24323 0.21403 0.35897 1.38489 0.67555 0.36344 0.38638 0.78761 1.46643 3.04630 3.73581 1.45744 1.32250 1.10115 0.60225 0.62970 0.46620 0.57935 0.44128 0.29383 0.33196 0.26456 0.27886 0.57783 0.92475 1.17433 0.78728 0.93891 1.54252 0.50846 1.42306 2.80738 3.89483 2.91045 1.75453 1.10010 0.85229 1.53905 0.68714 0.73526 2.53228 1.59521 2.78152 2.05051 2.82236 3.08655 3.17667 1.61777 0.86634 0.93085 0.71377 0.74953 0.97883 1.01877 1.03090 2.69062 0.89142 2.24851 0.82902 1.93831 2.93546 3.10956 2.47655 4.63620 6.32117 1.64202
6.11155 4.79386 5.74291 1.57254 0.26696 0.13374 0.25349 0.16000 0.10343 0.17866 0.41104 1.13372 0.94764 0.98319 1.37126 0.81941 1.31759 1.09413 3.60536 1.18233 0.90917 0.56686 0.69530 0.61124 1.49101 0.63561 0.35863 0.28573 0.40549 0.35502 0.68538 0.96414 1.39101 1.02648 1.03945 1.50627 2.10316 1.40648 1.72146 3.00480 1.81252 3.34750 2.09507 2.79268 1.25650 1.73184 2.41589 2.51693 2.80062 3.41607 2.32409 2.18604 2.56556 2.20526 1.47736 1.11435 0.87159 0.86107 0.88977 1.14082 1.25550 1.19609 4.92650 1.99528 2.09059 2.03762 2.74025 1.70495 2.08729 2.94620 3.16953 5.34675 8.27540
6.78318 7.81947 9.31049 8.71500 7.03482 0.73273 0.71183 0.86819 0.46563 0.78321 0.66546 1.03500 2.38256 1.60410 1.27457 0.92477 1.33114 0.99288 0.84410 1.60589 1.19614 0.73519 0.51682 0.35281 0.43738 0.39329 0.30289 0.34640 0.36600 0.36662 0.79358 0.86515 1.35166 0.76651 1.44822 2.18107 4.38069 6.17707 3.24946 1.97337 4.54659 2.10910 1.89878 1.55614 0.85926 0.18927 0.83131 0.88229 1.09241 1.29339 0.37016 1.81845 2.31582 2.69632 1.24322 0.83641 0.85013 0.83393 1.08645 1.13371 0.64506 1.46359 6.14992 5.23805 6.50303 6.62920 5.07480 3.97964 4.45904 4.96373 7.47732 7.25883 7.92239
6.63972 4.05332 12.36620 12.48160 12.97880 10.27840 5.15725 6.08122 7.12744 3.54320 2.30270 2.97818 2.69984 1.52394 2.01884 1.90051 0.94882 0.90182 1.19014 1.77271 2.78708 0.84249 0.52685 0.13910 0.77090 0.45160 0.49760 0.58907 0.45414 0.39375 0.97526 1.09489 3.02148 1.83814 2.01120 2.93065 5.77094 5.73256 3.72849 1.67458 2.89269 1.76109 0.79918 0.74633 0.21999 0.26107 1.17743 0.88117 -9999 -9999 0.40366 1.56236 1.24886 2.03161 1.18317 0.84041 0.28828 0.45728 0.53674 1.33819 2.66467 3.96782 10.24280 11.78490 14.20690 18.09030 9.20868 8.30880 9.75016 6.34235 7.46150 7.77492 5.87037
4.35163 4.98665 7.94461 3.61068 10.43870 4.54898 8.39902 9.16541 6.56101 4.48988 4.47057 5.35033 2.65203 1.46664 4.64356 3.47159 1.92455 2.83909 1.17992 1.76132 1.92462 2.17052 3.86167 2.23674 2.22087 1.36742 0.23285 0.61078 0.79477 0.46778 0.69474 1.12155 2.25640 1.72608 2.82330 2.50709 1.87903 -9999 -9999 -9999 -9999 0.23325 -9999 0.43826 2.41737 1.20586 0.62973 0.23257 -9999 -9999 2.15273 2.56267 1.60556 1.51100 0.20240 0.26447 0.40666 0.78711 1.48007 2.28554 2.36486 3.31971 5.33856 20.47300 21.70980 18.25960 9.24064 5.61484 4.59560 5.22876 -9999 -9999 -9999
4.63292 5.92040 4.97026 2.26930 8.43535 7.05513 2.99497 2.96131 2.02362 2.23958 3.71602 3.36122 2.77959 1.13227 4.25974 4.35910 4.47754 3.33057 3.98376 2.09661 2.27733 2.27619 1.25978 1.82464 0.88568 2.35016 1.49087 1.03097 1.06055 1.08080 2.93211 2.25144 3.97553 1.72234 2.12378 -9999 -9999 -9999 -9999 -9999 -9999 -9999 0.40799 0.50049 0.73047 -9999 -9999 -9999 -9999 -9999 2.58537 2.05193 2.07420 2.16377 1.98112 1.43359 0.39836 0.80345 0.87791 1.12603 1.12892 3.46667 5.38597 2.95983 5.68578 12.22410 6.75474 2.29256 -9999 -9999 -9999 -9999 -9999
