data/hydroclimate-scenarios/BCSD_hadcm_A1B/monthly_summaries/baseflow_monthly_tot_apr.2030-2059.asc
ncols	311
nrows	91
xllcenter	102.75
yllcenter	31.75
cellsize	0.5
NODATA_value	-9999
[rows 0 to 31 of 91, columns 0 to 71 of 311]
-9999 -9999 -9999 -9999 -9999 -9999 -9999 -9999 -9999 -9999 -9999 -9999 -9999 -9999 -9999 -9999 -9999 -9999 -9999 -9999 -9999 -9999 -9999 -9999 -9999 -9999 -9999 -9999 -9999 -9999 -9999 -9999 -9999 -9999 -9999 -9999 -9999 -9999 -9999 -9999 -9999 -9999 -9999 -9999 -9999 -9999 -9999 -9999 -9999 -9999 -9999 -9999 -9999 -9999 -9999 -9999 -9999 -9999 -9999 -9999 -9999 -9999 -9999 -9999 -9999 -9999 -9999 -9999 -9999 -9999 -9999 -9999
-9999 -9999 -9999 -9999 -9999 -9999 -9999 -9999 -9999 -9999 -9999 -9999 -9999 -9999 -9999 -9999 -9999 -9999 -9999 -9999 -9999 -9999 -9999 -9999 -9999 -9999 -9999 -9999 -9999 -9999 -9999 -9999 -9999 -9999 -9999 -9999 -9999 -9999 -9999 -9999 -9999 -9999 -9999 -9999 -9999 -9999 -9999 -9999 -9999 -9999 -9999 -9999 -9999 -9999 -9999 -9999 -9999 -9999 -9999 -9999 -9999 -9999 -9999 -9999 -9999 -9999 -9999 -9999 -9999 -9999 -9999 -9999
-9999 -9999 -9999 -9999 -9999 -9999 -9999 -9999 -9999 -9999 -9999 -9999 -9999 -9999 -9999 -9999 -9999 -9999 -9999 -9999 -9999 -9999 -9999 -9999 -9999 -9999 -9999 -9999 -9999 -9999 -9999 -9999 -9999 -9999 -9999 -9999 -9999 -9999 -9999 -9999 -9999 -9999 -9999 -9999 -9999 -9999 -9999 -9999 -9999 -9999 -9999 -9999 -9999 -9999 -9999 -9999 -9999 -9999 -9999 -9999 -9999 -9999 -9999 -9999 -9999 -9999 -9999 -9999 -9999 -9999 -9999 -9999
-9999 -9999 -9999 -9999 -9999 -9999 -9999 -9999 -9999 -9999 -9999 -9999 -9999 -9999 -9999 -9999 -9999 -9999 -9999 -9999 -9999 -9999 -9999 -9999 -9999 -9999 -9999 -9999 -9999 -9999 -9999 -9999 -9999 -9999 -9999 -9999 -9999 -9999 -9999 -9999 -9999 -9999 -9999 -9999 -9999 -9999 -9999 -9999 -9999 -9999 -9999 -9999 -9999 -9999 -9999 -9999 -9999 -9999 -9999 -9999 -9999 -9999 -9999 -9999 -9999 -9999 -9999 -9999 -9999 -9999 -9999 -9999
-9999 -9999 -9999 -9999 -9999 -9999 -9999 -9999 -9999 -9999 -9999 -9999 -9999 -9999 -9999 -9999 -9999 -9999 -9999 -9999 -9999 -9999 -9999 -9999 -9999 -9999 -9999 -9999 -9999 -9999 -9999 -9999 -9999 -9999 -9999 -9999 -9999 -9999 -9999 -9999 -9999 -9999 -9999 -9999 -9999 -9999 -9999 -9999 -9999 -9999 -9999 -9999 -9999 -9999 -9999 -9999 -9999 -9999 -9999 -9999 -9999 -9999 -9999 -9999 -9999 -9999 -9999 -9999 -9999 -9999 -9999 -9999
-9999 -9999 -9999 -9999 -9999 -9999 -9999 -9999 -9999 -9999 -9999 -9999 -9999 -9999 -9999 -9999 -9999 -9999 -9999 -9999 -9999 -9999 -9999 -9999 -9999 -9999 -9999 -9999 -9999 -9999 -9999 -9999 -9999 -9999 -9999 -9999 -9999 -9999 -9999 -9999 -9999 -9999 -9999 -9999 -9999 -9999 -9999 -9999 -9999 -9999 -9999 -9999 -9999 -9999 -9999 -9999 -9999 -9999 -9999 -9999 -9999 -9999 -9999 -9999 -9999 -9999 -9999 -9999 -9999 -9999 -9999 -9999
-9999 -9999 -9999 -9999 -9999 -9999 -9999 -9999 -9999 -9999 -9999 -9999 -9999 -9999 -9999 -9999 -9999 -9999 -9999 -9999 -9999 -9999 -9999 -9999 -9999 -9999 -9999 -9999 -9999 -9999 -9999 -9999 -9999 -9999 -9999 -9999 -9999 -9999 -9999 -9999 -9999 -9999 -9999 -9999 -9999 -9999 -9999 -9999 -9999 -9999 -9999 -9999 -9999 -9999 -9999 -9999 -9999 -9999 -9999 -9999 -9999 -9999 -9999 -9999 -9999 -9999 -9999 -9999 -9999 -9999 -9999 -9999
-9999 -9999 -9999 -9999 -9999 -9999 -9999 -9999 -9999 -9999 -9999 -9999 -9999 -9999 -9999 -9999 -9999 -9999 -9999 -9999 -9999 -9999 -9999 -9999 -9999 -9999 -9999 -9999 -9999 -9999 -9999 -9999 -9999 -9999 -9999 -9999 -9999 -9999 -9999 -9999 -9999 -9999 0.73570 0.78198 0.86144 0.78489 0.80460 0.71652 0.59738 0.60862 0.58213 0.57407 -9999 -9999 -9999 -9999 -9999 -9999 -9999 -9999 -9999 -9999 -9999 -9999 -9999 -9999 -9999 -9999 -9999 -9999 -9999 -9999
-9999 -9999 -9999 -9999 -9999 -9999 -9999 -9999 -9999 -9999 -9999 -9999 -9999 -9999 -9999 -9999 -9999 -9999 -9999 -9999 -9999 -9999 -9999 -9999 -9999 -9999 -9999 -9999 -9999 -9999 -9999 -9999 -9999 -9999 -9999 -9999 -9999 -9999 0.43708 0.80514 0.71584 0.78705 0.83910 0.88634 0.89854 0.80280 0.72410 0.56622 0.60248 0.62906 0.55099 1.18155 0.86572 0.94744 -9999 -9999 -9999 -9999 -9999 -9999 -9999 -9999 -9999 -9999 -9999 -9999 -9999 -9999 -9999 -9999 -9999 -9999
-9999 -9999 -9999 -9999 -9999 -9999 -9999 -9999 -9999 -9999 -9999 -9999 -9999 -9999 -9999 -9999 -9999 -9999 -9999 -9999 -9999 -9999 -9999 -9999 -9999 -9999 -9999 -9999 -9999 -9999 -9999 -9999 -9999 -9999 -9999 -9999 -9999 -9999 -9999 -9999 0.47108 0.56961 0.71170 0.86188 0.84512 0.91884 0.87122 0.71950 0.63368 0.61517 0.58750 0.57609 0.64203 0.69221 -9999 -9999 -9999 -9999 -9999 -9999 -9999 -9999 -9999 -9999 -9999 -9999 -9999 -9999 -9999 -9999 -9999 -9999
-9999 -9999 -9999 -9999 -9999 -9999 -9999 -9999 -9999 -9999 -9999 -9999 -9999 -9999 -9999 -9999 -9999 -9999 -9999 -9999 -9999 -9999 -9999 -9999 -9999 -9999 -9999 -9999 -9999 -9999 -9999 -9999 -9999 -9999 -9999 -9999 -9999 -9999 -9999 -9999 -9999 -9999 -9999 -9999 0.59967 0.70156 0.76972 0.88299 0.48161 0.63746 0.71692 0.85300 0.30604 0.79823 -9999 -9999 -9999 -9999 -9999 -9999 0.01081 -9999 -9999 -9999 -9999 -9999 -9999 -9999 -9999 -9999 -9999 -9999
-9999 -9999 -9999 -9999 -9999 -9999 -9999 -9999 -9999 -9999 -9999 -9999 -9999 -9999 -9999 -9999 -9999 -9999 -9999 -9999 -9999 -9999 -9999 -9999 -9999 -9999 -9999 -9999 -9999 -9999 -9999 -9999 -9999 -9999 -9999 -9999 -9999 -9999 -9999 -9999 -9999 0.67168 0.73548 0.65453 0.64119 0.60608 0.68275 0.74265 0.73256 0.66603 0.73339 0.79227 0.25848 0.68067 -9999 -9999 -9999 -9999 -9999 0.00839 0.00546 0.00235 0.00211 0.00263 0.00555 0.01526 0.01694 0.01868 0.01811 0.03938 0.04379 0.07822
-9999 -9999 -9999 -9999 -9999 -9999 -9999 -9999 -9999 -9999 -9999 -9999 -9999 -9999 -9999 -9999 -9999 -9999 -9999 -9999 -9999 -9999 -9999 -9999 -9999 -9999 -9999 -9999 -9999 -9999 -9999 -9999 -9999 -9999 -9999 -9999 -9999 -9999 -9999 -9999 -9999 0.51279 0.67450 0.59698 0.55935 0.51885 0.86206 0.91341 0.54917 0.64786 0.58008 0.79232 0.39282 0.55866 0.59909 0.28344 0.22345 -9999 0.01898 0.01271 0.00707 0.01145 0.00455 0.01926 0.03467 0.03944 0.03829 0.02089 0.02667 0.02877 0.02491 0.08732
-9999 -9999 -9999 -9999 -9999 -9999 -9999 -9999 -9999 -9999 -9999 -9999 -9999 -9999 -9999 -9999 -9999 -9999 -9999 -9999 -9999 -9999 -9999 -9999 -9999 -9999 -9999 -9999 -9999 -9999 -9999 -9999 -9999 -9999 -9999 0.40846 0.13510 0.24237 0.27844 0.29766 0.31381 0.40838 0.53435 0.46491 0.93102 0.69688 0.44145 0.43584 0.46007 0.54654 0.63956 0.67772 0.93203 0.90852 0.31011 0.35045 0.35295 0.02737 0.03107 0.00838 0.00191 0.00201 0.00652 0.10762 0.05418 0.04330 0.04469 0.01415 0.03098 0.00249 0.00606 0.02818
-9999 -9999 -9999 -9999 -9999 -9999 -9999 -9999 -9999 -9999 -9999 -9999 -9999 -9999 -9999 -9999 -9999 -9999 -9999 -9999 -9999 -9999 -9999 -9999 -9999 -9999 -9999 -9999 -9999 -9999 -9999 -9999 -9999 -9999 0.28420 0.03069 0.08063 0.12901 0.24088 0.37631 0.42552 0.40063 0.40877 0.78434 0.41468 0.41917 0.44695 0.57447 0.63971 0.76835 1.06534 0.89771 1.11479 0.72370 0.61523 0.73291 0.21887 0.24875 0.13671 0.02091 0.02826 0.05222 0.03257 0.11746 0.05710 0.03243 0.02084 0.12817 0.26688 0.20026 0.31292 0.17396
-9999 -9999 -9999 -9999 -9999 -9999 -9999 -9999 -9999 -9999 -9999 -9999 -9999 -9999 -9999 -9999 -9999 -9999 -9999 -9999 -9999 -9999 -9999 -9999 -9999 -9999 -9999 -9999 -9999 -9999 -9999 -9999 -9999 0.23676 0.27535 0.02204 0.03238 0.06592 0.11748 0.23320 0.27999 0.32143 1.43609 0.74641 0.38827 0.37391 0.42779 0.56835 0.81816 0.91936 1.07736 1.15431 1.05216 0.75621 0.38176 0.64171 0.51285 0.13090 0.09095 0.05611 0.06384 0.03863 0.03458 0.05050 0.07294 0.05319 0.06452 0.21320 0.26080 0.15605 0.11390 0.23216
-9999 -9999 -9999 -9999 -9999 -9999 -9999 -9999 -9999 -9999 -9999 -9999 -9999 -9999 -9999 -9999 -9999 -9999 -9999 -9999 -9999 -9999 -9999 -9999 -9999 -9999 -9999 -9999 -9999 -9999 -9999 0.29306 0.02953 0.01251 0.01275 0.05328 0.08195 0.07136 0.10059 0.17503 0.23691 0.28249 0.79977 0.23650 0.31714 0.46597 0.36539 0.32938 0.70265 0.88273 0.85358 1.02032 1.02047 0.73619 0.83546 0.66217 0.29663 0.19630 0.20846 0.12999 0.09701 0.03224 0.02163 0.02417 0.05072 0.13410 0.11580 0.01498 0.01475 0.10997 0.26172 0.37810
-9999 -9999 -9999 -9999 -9999 -9999 -9999 -9999 -9999 -9999 -9999 -9999 -9999 -9999 -9999 -9999 -9999 -9999 -9999 -9999 -9999 -9999 -9999 -9999 -9999 -9999 -9999 -9999 -9999 0.18834 0.09185 0.04353 0.04585 0.02288 0.02772 0.10566 0.12413 0.06006 0.10227 0.15253 0.50788 1.39427 0.36343 0.22905 0.25102 0.46302 0.50826 0.45801 0.93432 1.00934 0.88064 0.99636 0.90930 0.66921 0.93597 0.61142 0.17297 0.17449 0.09182 0.01833 0.06196 0.01526 0.01843 0.04439 0.06246 0.09847 0.19193 0.22296 0.24630 0.26107 0.18829 0.54111
-9999 -9999 -9999 -9999 -9999 -9999 -9999 -9999 -9999 -9999 -9999 -9999 -9999 -9999 -9999 -9999 -9999 -9999 -9999 -9999 -9999 -9999 -9999 -9999 0.03897 0.05304 0.04829 0.08795 0.08372 0.11165 0.10397 0.07830 0.09593 0.06618 0.08978 0.15485 0.13500 0.20946 0.27540 0.22331 0.25536 1.22677 0.22505 0.25504 0.25776 0.32246 0.37041 0.49102 0.78540 0.88407 0.93010 1.34283 1.08566 0.95862 0.66535 0.38194 0.25702 0.21508 0.19224 0.15454 0.18207 0.04687 0.02795 0.03115 0.05181 0.03815 0.06677 0.11821 0.11992 0.20019 0.49634 0.46609
-9999 -9999 -9999 -9999 -9999 -9999 0.59297 0.60679 0.65062 0.66078 0.63429 -9999 -9999 -9999 -9999 -9999 -9999 -9999 -9999 -9999 -9999 0.09304 0.15193 0.08369 0.05197 0.08682 0.07327 0.10878 0.09802 0.12714 0.11173 0.11884 0.11964 0.09091 0.10572 0.16726 0.20285 0.18796 0.20762 0.16504 0.15953 0.25218 1.28287 0.21308 0.22755 0.26730 0.28609 0.34047 0.63508 0.87929 1.17131 1.11091 1.07759 0.83634 0.46686 0.31031 0.24999 0.20859 0.21338 0.22529 0.17224 0.07848 0.06089 0.08318 0.14097 0.03899 0.04577 0.07623 0.07579 0.10224 0.24493 0.29089
-9999 -9999 -9999 -9999 -9999 0.07903 0.10262 0.19927 0.12798 0.18034 0.19536 0.12556 0.10404 0.20565 -9999 -9999 -9999 0.14850 0.19053 0.23852 0.20339 0.19953 0.19301 0.10159 0.38251 0.27184 0.19510 0.16110 0.11599 0.16882 0.20639 0.19001 0.22841 0.27174 0.17860 0.20760 0.27112 0.25715 0.24980 0.28387 0.31098 0.37284 1.34274 1.20670 0.26485 0.33379 0.52722 0.84946 0.60924 0.89389 1.01869 0.81329 1.10468 0.82740 0.70589 0.63331 0.30509 0.10601 0.01597 0.23836 0.12927 0.01195 0.03802 0.01280 0.10318 0.18610 0.09497 0.11263 0.09906 0.09809 0.17872 0.34388
-9999 0.16416 0.28228 0.09935 0.12935 0.11319 0.11512 0.13483 0.14982 0.14413 0.18013 0.10978 0.14432 0.21794 0.16473 0.20755 0.17004 0.17729 0.23002 0.12424 0.17590 0.18603 0.15338 0.16027 0.11141 0.17688 0.17253 0.16108 0.14258 0.15331 0.14272 0.10451 0.09074 0.10525 0.12393 0.12818 0.15056 0.16306 0.16499 0.16940 0.17356 0.26719 1.32700 1.21666 0.25332 0.27131 0.30593 0.48386 0.46900 0.69636 0.72163 1.02665 0.96085 0.94315 0.94709 0.78424 0.44976 0.05495 0.04331 0.33068 0.11669 0.12059 0.07913 0.03384 0.11373 0.13561 0.03698 0.14803 0.08748 0.14547 0.35680 0.64707
-9999 0.24584 0.21108 0.20875 0.18050 0.10525 0.06146 0.12784 0.10577 0.09566 0.11927 0.26243 0.35539 0.25461 0.27719 0.28698 0.41403 0.35401 0.34810 0.18481 0.23340 0.24826 0.39775 0.29702 0.23018 0.27843 0.25078 0.16714 0.14764 0.14250 0.11495 0.14310 0.15244 0.17507 0.19116 0.13461 0.14659 0.17238 0.15413 0.41657 0.45136 0.28682 0.33135 1.43251 1.27856 0.29143 0.30768 0.39509 0.54689 0.77726 0.92550 0.81602 0.94682 1.19753 1.18132 0.96942 0.70930 0.51961 0.50716 0.10871 0.22697 0.26159 0.24634 0.12380 0.19419 0.27812 0.26832 0.28620 0.23128 0.50513 0.45732 0.67562
-9999 -9999 -9999 0.51758 0.55708 0.39413 0.31125 0.42271 0.39423 0.47125 0.17568 0.27336 0.22996 0.22301 0.20422 0.29417 0.42532 0.32395 0.31575 0.19771 0.51204 0.47784 0.46985 0.41904 0.30973 0.32225 0.28186 0.18190 0.17053 0.17405 0.18306 0.18880 0.18540 0.22396 0.22301 1.25766 0.12438 0.19487 0.24807 0.61802 0.96783 1.17813 0.77372 0.99194 1.40300 1.29110 1.27634 0.43973 0.49635 0.58140 0.52294 0.63296 0.83573 1.05216 0.91431 1.00529 0.89697 0.76434 0.91553 0.28362 0.37717 0.49123 0.74599 0.30560 0.22268 0.19717 0.13936 0.09961 0.29274 0.65893 0.61055 0.61361
-9999 -9999 -9999 -9999 -9999 -9999 0.42099 0.59660 0.59450 0.18643 0.14309 0.43911 0.44831 0.49822 0.44378 0.28020 0.26272 0.65227 0.62183 0.49467 0.60905 0.66281 0.54247 0.45180 0.42053 0.40542 0.32799 0.28419 1.32490 0.21761 0.17133 0.17540 1.27617 0.81138 1.21900 0.77020 1.36906 1.19582 0.64853 0.63486 0.50854 0.55546 0.58717 0.64289 0.89161 1.00459 1.50769 1.40334 1.30676 1.40974 1.00788 1.09122 1.09326 0.61511 0.75257 1.07479 0.73536 0.90623 0.93716 0.79823 0.49229 0.58433 0.41146 0.33385 0.57780 0.68194 0.35808 0.25784 0.54782 0.56481 0.81461 0.71821
-9999 -9999 -9999 -9999 -9999 -9999 0.29184 0.43072 0.31945 0.47961 0.41289 0.39184 0.40132 0.44249 0.52032 0.63608 0.73551 0.75590 0.72898 0.51028 0.50125 0.56729 0.53407 0.53493 0.48552 0.37816 0.34448 0.34421 0.92858 0.97789 1.06668 0.97793 1.02472 0.94916 1.04007 1.03834 1.61403 1.27523 1.20500 1.00698 0.95087 0.95281 0.75882 0.73920 0.71357 1.06164 1.18758 1.07374 0.92790 1.94387 1.87907 1.15588 1.15620 0.85010 0.68605 0.58973 0.73791 1.10469 1.14400 0.82720 0.78636 0.73169 0.63394 0.68098 0.61734 0.52005 0.28332 0.22772 0.42364 0.54014 0.85427 0.80206
-9999 -9999 -9999 -9999 -9999 -9999 -9999 -9999 -9999 -9999 0.37537 0.34696 0.34022 0.44503 0.42887 0.69916 0.72753 0.59964 0.66788 0.77093 0.76312 0.64806 0.66428 0.58509 0.55310 0.41827 0.38820 0.31331 0.27287 2.10178 1.98296 1.54952 1.58277 1.10306 0.99785 1.12566 0.99509 0.89647 0.97221 0.83440 1.54613 1.40440 0.19210 2.19608 3.13212 3.15273 2.43040 1.45532 1.04715 1.01871 0.94081 1.03473 1.07106 2.15927 2.18232 1.91853 2.52857 1.46923 1.07266 2.27504 1.11186 2.22104 1.98269 0.62118 0.76029 0.82631 0.69672 0.40237 0.51235 0.56706 0.94672 1.05186
-9999 -9999 -9999 -9999 -9999 -9999 -9999 -9999 -9999 -9999 0.51764 0.28719 0.32648 0.51582 0.60570 0.87456 0.84842 0.69854 0.73165 0.90332 0.93905 0.85486 0.81083 0.74797 0.68628 0.52336 0.42883 0.33170 0.29045 2.13234 2.17567 1.92517 1.96485 1.59562 1.96098 1.94272 2.00459 0.40961 0.49140 0.28732 0.29550 0.18940 0.25771 1.21130 1.02993 0.83142 0.93511 0.37772 0.39332 1.40393 1.25855 1.18244 1.47402 1.45228 3.79375 1.07173 1.27544 1.27156 1.24446 1.29373 1.16757 1.47469 1.38724 2.34869 2.36100 3.30296 2.60436 0.64304 0.60054 0.78634 1.68404 0.92320
-9999 -9999 -9999 -9999 -9999 -9999 -9999 -9999 -9999 -9999 -9999 -9999 0.24002 0.77340 0.92003 1.80020 1.34375 1.83650 1.61714 1.03692 1.04810 1.12338 1.00413 1.02114 0.92318 1.07234 0.96785 0.45869 0.38275 0.39607 2.23514 2.52055 2.27644 0.24894 0.27212 0.66156 0.58904 0.72158 0.81942 0.22567 0.22237 0.21362 0.26941 0.34620 0.50059 1.00625 0.66473 0.64071 0.46928 0.44888 2.27576 2.04416 1.32836 3.09244 5.44042 2.48016 2.50820 1.17572 1.14818 1.18880 1.27466 1.86140 2.64296 2.84961 0.99733 0.92138 1.86416 0.75641 1.18600 0.88551 1.32040 1.16099
-9999 -9999 -9999 -9999 -9999 -9999 -9999 -9999 -9999 -9999 -9999 -9999 0.62406 0.91280 1.12715 1.37421 1.94793 2.26329 2.24952 1.36950 1.69944 0.99281 1.20539 1.62335 1.02385 1.41026 1.39623 0.80096 0.58372 0.89705 0.76951 0.72843 0.74740 0.43345 0.35312 1.04426 0.81910 0.85837 0.88054 0.28058 0.29520 0.31935 0.30247 0.44713 0.51872 2.62086 2.82362 2.07396 1.77638 1.38396 2.07770 2.63996 3.91241 3.89570 6.02730 2.48144 2.46047 1.24439 1.20060 2.01529 3.33910 4.31136 1.60830 1.54279 1.10871 1.80352 1.82489 2.71180 1.76132 1.61632 1.47455 1.02946
-9999 -9999 -9999 -9999 -9999 -9999 -9999 -9999 -9999 -9999 -9999 0.55348 0.78851 1.03177 1.14736 0.65832 0.48040 0.70086 0.68148 0.94945 1.23612 0.81753 1.29334 1.45666 1.24010 2.48952 1.76390 1.23916 1.54922 1.89741 1.66586 1.57450 1.48610 1.38246 1.24819 1.26614 0.81236 0.72513 0.51987 0.41011 0.37602 0.39717 0.47748 0.36737 0.36484 0.63152 1.01837 3.54501 2.46927 1.99494 2.15950 1.31455 1.84481 2.97410 3.56913 3.23383 2.60659 2.92618 2.76957 3.45768 2.24394 1.41031 1.49317 1.22271 1.24322 1.66910 1.53842 1.55794 1.80185 0.93001 1.26044 1.30670
-9999 -9999 -9999 -9999 -9999 -9999 -9999 -9999 -9999 -9999 -9999 0.62541 1.04066 1.37480 1.70163 0.90831 0.56267 0.68852 0.99671 1.08844 1.47606 1.68347 1.46423 2.15513 2.11096 3.09339 2.23798 1.70321 1.83427 2.16208 1.80009 1.67685 1.72449 1.72308 1.62259 1.70765 1.63077 1.18248 0.84694 1.03266 0.79515 0.53560 2.61192 2.15046 2.17057 2.82060 2.75960 4.52561 1.67179 2.50302 2.04713 1.15315 1.13927 1.54171 1.09287 2.41679 2.36091 3.41417 3.37653 2.71873 2.56234 1.44408 1.53258 2.69214 2.88443 5.23364 1.96228 1.99995 1.98517 1.33139 1.02385 1.53209
