data/hydroclimate-scenarios/BCSD_hadcm_A1B/monthly_summaries/baseflow_monthly_tot_jan.2030-2059.asc
ncols	311
nrows	91
xllcenter	102.75
yllcenter	31.75
cellsize	0.5
NODATA_value	-9999
[rows 0 to 31 of 91, columns 0 to 72 of 311]
-9999 -9999 -9999 -9999 -9999 -9999 -9999 -9999 -9999 -9999 -9999 -9999 -9999 -9999 -9999 -9999 -9999 -9999 -9999 -9999 -9999 -9999 -9999 -9999 -9999 -9999 -9999 -9999 -9999 -9999 -9999 -9999 -9999 -9999 -9999 -9999 -9999 -9999 -9999 -9999 -9999 -9999 -9999 -9999 -9999 -9999 -9999 -9999 -9999 -9999 -9999 -9999 -9999 -9999 -9999 -9999 -9999 -9999 -9999 -9999 -9999 -9999 -9999 -9999 -9999 -9999 -9999 -9999 -9999 -9999 -9999 -9999 -9999
-9999 -9999 -9999 -9999 -9999 -9999 -9999 -9999 -9999 -9999 -9999 -9999 -9999 -9999 -9999 -9999 -9999 -9999 -9999 -9999 -9999 -9999 -9999 -9999 -9999 -9999 -9999 -9999 -9999 -9999 -9999 -9999 -9999 -9999 -9999 -9999 -9999 -9999 -9999 -9999 -9999 -9999 -9999 -9999 -9999 -9999 -9999 -9999 -9999 -9999 -9999 -9999 -9999 -9999 -9999 -9999 -9999 -9999 -9999 -9999 -9999 -9999 -9999 -9999 -9999 -9999 -9999 -9999 -9999 -9999 -9999 -9999 -9999
-9999 -9999 -9999 -9999 -9999 -9999 -9999 -9999 -9999 -9999 -9999 -9999 -9999 -9999 -9999 -9999 -9999 -9999 -9999 -9999 -9999 -9999 -9999 -9999 -9999 -9999 -9999 -9999 -9999 -9999 -9999 -9999 -9999 -9999 -9999 -9999 -9999 -9999 -9999 -9999 -9999 -9999 -9999 -9999 -9999 -9999 -9999 -9999 -9999 -9999 -9999 -9999 -9999 -9999 -9999 -9999 -9999 -9999 -9999 -9999 -9999 -9999 -9999 -9999 -9999 -9999 -9999 -9999 -9999 -9999 -9999 -9999 -9999
-9999 -9999 -9999 -9999 -9999 -9999 -9999 -9999 -9999 -9999 -9999 -9999 -9999 -9999 -9999 -9999 -9999 -9999 -9999 -9999 -9999 -9999 -9999 -9999 -9999 -9999 -9999 -9999 -9999 -9999 -9999 -9999 -9999 -9999 -9999 -9999 -9999 -9999 -9999 -9999 -9999 -9999 -9999 -9999 -9999 -9999 -9999 -9999 -9999 -9999 -9999 -9999 -9999 -9999 -9999 -9999 -9999 -9999 -9999 -9999 -9999 -9999 -9999 -9999 -9999 -9999 -9999 -9999 -9999 -9999 -9999 -9999 -9999
-9999 -9999 -9999 -9999 -9999 -9999 -9999 -9999 -9999 -9999 -9999 -9999 -9999 -9999 -9999 -9999 -9999 -9999 -9999 -9999 -9999 -9999 -9999 -9999 -9999 -9999 -9999 -9999 -9999 -9999 -9999 -9999 -9999 -9999 -9999 -9999 -9999 -9999 -9999 -9999 -9999 -9999 -9999 -9999 -9999 -9999 -9999 -9999 -9999 -9999 -9999 -9999 -9999 -9999 -9999 -9999 -9999 -9999 -9999 -9999 -9999 -9999 -9999 -9999 -9999 -9999 -9999 -9999 -9999 -9999 -9999 -9999 -9999
-9999 -9999 -9999 -9999 -9999 -9999 -9999 -9999 -9999 -9999 -9999 -9999 -9999 -9999 -9999 -9999 -9999 -9999 -9999 -9999 -9999 -9999 -9999 -9999 -9999 -9999 -9999 -9999 -9999 -9999 -9999 -9999 -9999 -9999 -9999 -9999 -9999 -9999 -9999 -9999 -9999 -9999 -9999 -9999 -9999 -9999 -9999 -9999 -9999 -9999 -9999 -9999 -9999 -9999 -9999 -9999 -9999 -9999 -9999 -9999 -9999 -9999 -9999 -9999 -9999 -9999 -9999 -9999 -9999 -9999 -9999 -9999 -9999
-9999 -9999 -9999 -9999 -9999 -9999 -9999 -9999 -9999 -9999 -9999 -9999 -9999 -9999 -9999 -9999 -9999 -9999 -9999 -9999 -9999 -9999 -9999 -9999 -9999 -9999 -9999 -9999 -9999 -9999 -9999 -9999 -9999 -9999 -9999 -9999 -9999 -9999 -9999 -9999 -9999 -9999 -9999 -9999 -9999 -9999 -9999 -9999 -9999 -9999 -9999 -9999 -9999 -9999 -9999 -9999 -9999 -9999 -9999 -9999 -9999 -9999 -9999 -9999 -9999 -9999 -9999 -9999 -9999 -9999 -9999 -9999 -9999
-9999 -9999 -9999 -9999 -9999 -9999 -9999 -9999 -9999 -9999 -9999 -9999 -9999 -9999 -9999 -9999 -9999 -9999 -9999 -9999 -9999 -9999 -9999 -9999 -9999 -9999 -9999 -9999 -9999 -9999 -9999 -9999 -9999 -9999 -9999 -9999 -9999 -9999 -9999 -9999 -9999 -9999 1.01342 1.07162 1.24552 1.14348 1.21670 1.01043 0.81130 0.85913 0.81111 0.74628 -9999 -9999 -9999 -9999 -9999 -9999 -9999 -9999 -9999 -9999 -9999 -9999 -9999 -9999 -9999 -9999 -9999 -9999 -9999 -9999 -9999
-9999 -9999 -9999 -9999 -9999 -9999 -9999 -9999 -9999 -9999 -9999 -9999 -9999 -9999 -9999 -9999 -9999 -9999 -9999 -9999 -9999 -9999 -9999 -9999 -9999 -9999 -9999 -9999 -9999 -9999 -9999 -9999 -9999 -9999 -9999 -9999 -9999 -9999 0.51416 1.13218 0.96148 1.08005 1.18833 1.27751 1.34055 1.13842 0.99710 0.75454 0.85564 0.91985 0.78942 1.87764 1.22991 1.40451 -9999 -9999 -9999 -9999 -9999 -9999 -9999 -9999 -9999 -9999 -9999 -9999 -9999 -9999 -9999 -9999 -9999 -9999 -9999
-9999 -9999 -9999 -9999 -9999 -9999 -9999 -9999 -9999 -9999 -9999 -9999 -9999 -9999 -9999 -9999 -9999 -9999 -9999 -9999 -9999 -9999 -9999 -9999 -9999 -9999 -9999 -9999 -9999 -9999 -9999 -9999 -9999 -9999 -9999 -9999 -9999 -9999 -9999 -9999 0.57728 0.70791 0.96680 1.23656 1.20873 1.40242 1.32663 1.08079 0.91134 0.87496 0.83345 0.79758 0.94085 1.06952 -9999 -9999 -9999 -9999 -9999 -9999 -9999 -9999 -9999 -9999 -9999 -9999 -9999 -9999 -9999 -9999 -9999 -9999 -9999
-9999 -9999 -9999 -9999 -9999 -9999 -9999 -9999 -9999 -9999 -9999 -9999 -9999 -9999 -9999 -9999 -9999 -9999 -9999 -9999 -9999 -9999 -9999 -9999 -9999 -9999 -9999 -9999 -9999 -9999 -9999 -9999 -9999 -9999 -9999 -9999 -9999 -9999 -9999 -9999 -9999 -9999 -9999 -9999 0.85737 1.00911 1.15213 1.41678 0.69384 0.94191 1.11792 1.33315 0.41054 1.26977 -9999 -9999 -9999 -9999 -9999 -9999 0.00685 -9999 -9999 -9999 -9999 -9999 -9999 -9999 -9999 -9999 -9999 -9999 -9999
-9999 -9999 -9999 -9999 -9999 -9999 -9999 -9999 -9999 -9999 -9999 -9999 -9999 -9999 -9999 -9999 -9999 -9999 -9999 -9999 -9999 -9999 -9999 -9999 -9999 -9999 -9999 -9999 -9999 -9999 -9999 -9999 -9999 -9999 -9999 -9999 -9999 -9999 -9999 -9999 -9999 0.96508 1.09329 0.97824 0.95310 0.83690 0.98201 1.09317 1.10905 0.99643 1.12632 1.22697 0.31361 1.06258 -9999 -9999 -9999 -9999 -9999 0.00511 0.00314 0.00137 0.00103 0.00160 0.00349 0.01161 0.01324 0.01440 0.01425 0.03990 0.04747 0.09108 0.12368
-9999 -9999 -9999 -9999 -9999 -9999 -9999 -9999 -9999 -9999 -9999 -9999 -9999 -9999 -9999 -9999 -9999 -9999 -9999 -9999 -9999 -9999 -9999 -9999 -9999 -9999 -9999 -9999 -9999 -9999 -9999 -9999 -9999 -9999 -9999 -9999 -9999 -9999 -9999 -9999 -9999 0.67751 0.94142 0.84846 0.76824 0.69510 1.34202 1.39881 0.74516 0.95508 0.80498 1.24048 0.53945 0.83118 0.82987 0.34453 0.22228 -9999 0.01207 0.00776 0.00420 0.00707 0.00266 0.01293 0.02649 0.03601 0.03473 0.01427 0.02070 0.02231 0.01927 0.12131 0.15601
-9999 -9999 -9999 -9999 -9999 -9999 -9999 -9999 -9999 -9999 -9999 -9999 -9999 -9999 -9999 -9999 -9999 -9999 -9999 -9999 -9999 -9999 -9999 -9999 -9999 -9999 -9999 -9999 -9999 -9999 -9999 -9999 -9999 -9999 -9999 0.45408 0.12311 0.25430 0.30394 0.31716 0.34086 0.51285 0.71010 0.62902 1.40384 1.00689 0.57370 0.57805 0.61329 0.73382 0.91658 0.96328 1.53473 1.45212 0.40727 0.50512 0.42574 0.01897 0.02045 0.00498 0.00089 0.00119 0.00402 0.11181 0.04921 0.04172 0.05085 0.01010 0.02685 0.00150 0.00406 0.02867 0.05991
-9999 -9999 -9999 -9999 -9999 -9999 -9999 -9999 -9999 -9999 -9999 -9999 -9999 -9999 -9999 -9999 -9999 -9999 -9999 -9999 -9999 -9999 -9999 -9999 -9999 -9999 -9999 -9999 -9999 -9999 -9999 -9999 -9999 -9999 0.32024 0.02407 0.07385 0.12165 0.25814 0.41049 0.48997 0.55080 0.56820 1.15439 0.54504 0.51879 0.55949 0.83878 0.92810 1.10606 1.76983 1.33350 1.83666 1.14486 0.96387 1.11111 0.23270 0.26983 0.10783 0.00830 0.01720 0.03645 0.02409 0.14504 0.05509 0.02384 0.01512 0.09108 0.28378 0.24865 0.43084 0.23643 0.46075
-9999 -9999 -9999 -9999 -9999 -9999 -9999 -9999 -9999 -9999 -9999 -9999 -9999 -9999 -9999 -9999 -9999 -9999 -9999 -9999 -9999 -9999 -9999 -9999 -9999 -9999 -9999 -9999 -9999 -9999 -9999 -9999 -9999 0.24839 0.29933 0.01554 0.02355 0.05162 0.10195 0.22562 0.28796 0.40491 2.39283 1.08825 0.49456 0.43682 0.52114 0.80760 1.29843 1.40339 1.74042 1.89281 1.73502 1.23199 0.51625 0.92311 0.70185 0.11503 0.06249 0.03743 0.05432 0.01877 0.01150 0.03891 0.06830 0.04482 0.06314 0.17683 0.24201 0.20399 0.15238 0.32524 0.34913
-9999 -9999 -9999 -9999 -9999 -9999 -9999 -9999 -9999 -9999 -9999 -9999 -9999 -9999 -9999 -9999 -9999 -9999 -9999 -9999 -9999 -9999 -9999 -9999 -9999 -9999 -9999 -9999 -9999 -9999 -9999 0.23006 0.00861 0.00619 0.00670 0.02168 0.03814 0.05953 0.08925 0.15929 0.23191 0.29774 1.21000 0.30200 0.41728 0.60428 0.41222 0.37174 1.06045 1.34385 1.36101 1.76083 1.72287 1.18695 1.28731 0.99392 0.35397 0.20837 0.24286 0.15786 0.10006 0.01735 0.01207 0.01636 0.04236 0.15238 0.12831 0.01064 0.01082 0.12619 0.38029 0.57941 0.16850
-9999 -9999 -9999 -9999 -9999 -9999 -9999 -9999 -9999 -9999 -9999 -9999 -9999 -9999 -9999 -9999 -9999 -9999 -9999 -9999 -9999 -9999 -9999 -9999 -9999 -9999 -9999 -9999 -9999 0.10483 0.02954 0.01614 0.02276 0.01230 0.01542 0.04474 0.06261 0.05289 0.09672 0.14805 0.62757 2.28922 0.43747 0.28849 0.31749 0.59142 0.65735 0.56613 1.49132 1.60759 1.40026 1.70894 1.53597 1.07165 1.49607 0.87312 0.19669 0.18376 0.06875 0.01249 0.05271 0.00673 0.00915 0.03814 0.05447 0.10648 0.28459 0.30253 0.35066 0.38675 0.27033 0.82194 1.29621
-9999 -9999 -9999 -9999 -9999 -9999 -9999 -9999 -9999 -9999 -9999 -9999 -9999 -9999 -9999 -9999 -9999 -9999 -9999 -9999 -9999 -9999 -9999 -9999 0.02953 0.03825 0.03678 0.10108 0.08853 0.10972 0.10814 0.07123 0.09090 0.05756 0.08750 0.18695 0.16113 0.24410 0.34022 0.25634 0.30423 1.98093 0.28151 0.34370 0.34042 0.42255 0.49445 0.64358 1.13373 1.31366 1.41890 2.38614 1.95341 1.58354 1.00431 0.48691 0.28295 0.27858 0.24831 0.09344 0.08201 0.01931 0.01392 0.02380 0.05118 0.03846 0.07175 0.15026 0.15402 0.24161 0.72657 0.70832 1.38794
-9999 -9999 -9999 -9999 -9999 -9999 0.70300 0.79585 0.87510 0.92990 0.88124 -9999 -9999 -9999 -9999 -9999 -9999 -9999 -9999 -9999 -9999 0.08230 0.15419 0.06903 0.03999 0.07041 0.06054 0.10702 0.09732 0.13224 0.11784 0.13073 0.13044 0.08837 0.11203 0.20715 0.26820 0.22313 0.24860 0.17962 0.17258 0.33211 2.12049 0.28429 0.30718 0.34679 0.37656 0.43168 0.84625 1.34784 1.98335 2.00554 1.90694 1.29783 0.63040 0.35479 0.27650 0.26729 0.25710 0.12116 0.08646 0.02005 0.03749 0.08028 0.15433 0.03080 0.03471 0.07797 0.07857 0.09343 0.26236 0.45713 0.95143
-9999 -9999 -9999 -9999 -9999 0.06540 0.08839 0.19914 0.11935 0.16204 0.17844 0.09940 0.07682 0.18572 -9999 -9999 -9999 0.12519 0.16449 0.22517 0.18184 0.19043 0.18351 0.09474 0.44049 0.30030 0.21103 0.15961 0.10599 0.18303 0.25292 0.20211 0.25441 0.31391 0.19691 0.22784 0.31134 0.30767 0.30208 0.29590 0.34133 0.43552 2.12870 1.84513 0.36580 0.42738 0.72994 1.26464 0.83884 1.40155 1.64996 1.42087 1.85454 1.23985 0.91465 0.76795 0.32521 0.09917 0.00891 0.08713 0.03319 0.00423 0.01464 0.00840 0.12489 0.23931 0.10290 0.13775 0.12303 0.11945 0.27146 0.51871 0.52827
-9999 0.17445 0.34956 0.09052 0.12075 0.09282 0.09747 0.12447 0.14121 0.12245 0.15575 0.08649 0.12202 0.20306 0.14755 0.22227 0.18625 0.15724 0.22159 0.10200 0.15550 0.18890 0.15496 0.16123 0.10989 0.19707 0.19671 0.17383 0.14771 0.18193 0.16287 0.10773 0.09232 0.11083 0.12636 0.12861 0.14823 0.17429 0.17396 0.13737 0.13755 0.23942 2.08700 1.80599 0.32845 0.32284 0.37634 0.63440 0.63460 1.08799 1.12435 1.73179 1.61472 1.54989 1.43132 1.12122 0.54535 0.04377 0.03274 0.15573 0.02459 0.06525 0.05349 0.02636 0.12182 0.13509 0.02921 0.19443 0.09680 0.18421 0.50672 0.95806 0.97097
-9999 0.26081 0.21641 0.22123 0.17815 0.09079 0.05171 0.12150 0.10093 0.07330 0.09813 0.28254 0.41474 0.28744 0.32019 0.33058 0.52032 0.45338 0.44365 0.21221 0.28586 0.27373 0.46360 0.36588 0.27831 0.32087 0.28222 0.19778 0.17434 0.17150 0.13382 0.18310 0.20135 0.20234 0.22003 0.16078 0.16807 0.19233 0.16188 0.18752 0.22966 0.32462 0.37636 2.38584 2.01916 0.34813 0.38414 0.50253 0.77685 1.21142 1.51206 1.35901 1.59981 2.06281 2.04074 1.40282 0.80917 0.41370 0.30913 0.10871 0.21355 0.17078 0.17849 0.04102 0.13043 0.30756 0.31950 0.36285 0.28413 0.49204 0.44434 1.05364 1.40353
-9999 -9999 -9999 0.68051 0.74309 0.49039 0.36911 0.50683 0.46865 0.49389 0.15701 0.32160 0.26411 0.25530 0.23439 0.36909 0.56929 0.43478 0.42067 0.25148 0.66703 0.56405 0.56754 0.56922 0.41730 0.41067 0.36786 0.24640 0.22546 0.20334 0.21156 0.26510 0.26419 0.28700 0.28723 1.90044 0.14335 0.21504 0.27377 0.39463 0.22570 1.66519 1.09865 1.53321 2.29620 2.02121 2.02508 0.54619 0.64603 0.85685 0.78756 1.03733 1.39880 1.78740 1.54488 1.52999 1.11039 0.73366 1.04552 0.33683 0.36029 0.36365 0.61782 0.21144 0.12013 0.13054 0.06708 0.07510 0.38435 0.78844 0.87123 0.88395 1.17084
-9999 -9999 -9999 -9999 -9999 -9999 0.55236 0.73464 0.72565 0.20405 0.15765 0.48068 0.50799 0.59266 0.51014 0.33635 0.31449 0.94681 0.85388 0.61707 0.77999 0.91555 0.71439 0.57372 0.52982 0.55390 0.43247 0.38758 1.93887 0.27941 0.21032 0.21386 1.95414 1.02509 1.81021 1.00474 2.04401 1.90333 0.94342 0.80313 0.49523 0.70503 0.75725 0.92797 1.34473 1.44421 2.44234 2.20257 2.00028 1.74153 1.51395 1.80603 1.80105 1.02469 1.27483 1.70095 1.03588 1.14831 1.25274 1.22204 0.72189 0.75765 0.47294 0.37017 0.67310 0.82559 0.23494 0.20602 0.66025 0.85157 1.32752 1.06502 1.09290
-9999 -9999 -9999 -9999 -9999 -9999 0.32384 0.47206 0.33722 0.51963 0.44471 0.41940 0.44220 0.50704 0.61916 0.88033 1.07150 1.19325 1.12976 0.64363 0.63505 0.75138 0.69619 0.73312 0.66481 0.49989 0.45192 0.47866 1.33103 1.37664 1.56987 1.42773 1.50012 1.37804 1.59874 1.39384 1.87237 1.79647 1.63668 0.82771 1.41944 1.41423 1.06403 1.07603 1.04323 1.42288 1.87283 1.63651 1.33428 2.21108 2.02365 1.81410 1.80020 1.36087 1.10544 0.58125 0.77771 1.12797 1.00820 1.10531 1.21609 0.99854 0.83737 0.90084 0.80888 0.44734 0.19539 0.16586 0.39632 0.66399 1.41170 1.21891 1.33575
-9999 -9999 -9999 -9999 -9999 -9999 -9999 -9999 -9999 -9999 0.38519 0.39122 0.38881 0.47511 0.47896 0.98168 1.01835 0.83818 0.97975 1.12511 1.10447 0.89948 0.90026 0.72774 0.67756 0.53905 0.50309 0.40710 0.33149 2.37569 2.15869 2.16877 2.27809 1.50213 1.33183 1.56352 1.39368 1.17889 1.06642 0.86155 2.15676 1.92553 0.15197 2.40371 2.14015 2.19184 2.30302 2.25401 1.61350 1.35651 1.16080 0.98686 0.88194 1.53918 1.38473 1.58051 1.45306 0.71322 0.85578 1.45950 0.60196 0.99218 0.98203 0.32681 0.45380 0.28180 0.29684 0.22524 0.37839 0.49078 1.21096 1.78531 1.93864
-9999 -9999 -9999 -9999 -9999 -9999 -9999 -9999 -9999 -9999 0.51192 0.30656 0.38744 0.44618 0.65482 1.35623 1.29112 1.06941 1.12322 1.42417 1.49091 1.27722 1.18736 0.99053 0.88604 0.63551 0.48336 0.39710 0.33048 2.21958 2.30091 2.17456 2.47832 1.78213 2.42301 2.58880 2.19659 0.22615 0.17596 0.15725 0.15383 0.09933 0.09437 0.15888 0.15097 0.25423 0.30086 0.45791 0.46892 2.04773 1.14740 0.95164 0.88115 0.79238 1.29821 0.70279 0.67296 0.75981 0.62339 0.58974 0.51174 0.26705 0.30583 1.19466 0.98615 1.12897 1.09664 0.21289 0.28816 0.61442 1.77162 1.44371 1.87785
-9999 -9999 -9999 -9999 -9999 -9999 -9999 -9999 -9999 -9999 -9999 -9999 0.21743 0.36261 0.54364 1.03069 1.24910 1.15177 1.14985 1.60764 1.50223 1.48558 1.45295 1.24943 0.87278 0.53918 0.45718 0.45157 0.37802 0.32793 2.17571 2.25234 2.20495 0.22024 0.24058 0.33250 0.26129 0.29162 0.21034 0.22115 0.22681 0.18198 0.24767 0.17464 0.17876 0.23716 0.28935 0.42497 0.46276 0.33651 1.79138 2.00580 0.99285 1.70965 1.19951 0.37621 0.31437 0.64284 0.53895 0.47462 0.40588 0.33458 0.40664 1.29580 0.68566 0.70690 1.60910 0.18212 0.36901 0.34268 1.34250 2.07868 2.16790
-9999 -9999 -9999 -9999 -9999 -9999 -9999 -9999 -9999 -9999 -9999 -9999 0.23506 0.38712 0.51644 0.99458 1.12550 1.31215 1.42831 1.68646 1.99862 1.41400 1.54355 1.32375 0.84995 0.57940 0.52210 0.51722 0.38361 0.36529 0.30318 0.29203 0.32279 0.27303 0.25553 0.36585 0.29809 0.44187 0.30723 0.27275 0.29340 0.24435 0.26316 0.19267 0.20646 1.99693 2.01745 2.71992 1.47581 1.29637 2.25211 1.99651 1.62908 1.57255 1.32771 0.25881 0.45148 0.67889 0.57491 0.41980 0.43304 0.40732 0.64345 0.56339 0.81927 1.73710 1.79108 2.00283 1.60274 1.89835 1.50546 1.71118 2.17062
-9999 -9999 -9999 -9999 -9999 -9999 -9999 -9999 -9999 -9999 -9999 0.39940 0.27669 0.41662 0.59778 0.88119 0.66214 0.74993 0.82783 0.81316 0.91873 1.06183 1.38840 1.15912 0.91540 0.47489 0.56245 0.74346 0.56925 0.39375 0.32511 0.44349 0.44595 0.46218 0.44592 0.24223 0.22266 0.24953 0.24956 0.27507 0.29867 0.34090 0.38699 0.37479 0.27899 0.26895 0.30662 2.12009 2.20033 1.60907 1.64934 1.42436 1.28663 0.64613 0.19955 0.47704 0.68048 0.87899 0.72158 0.76222 0.98049 0.93994 1.10786 1.08739 1.14689 1.54362 1.62063 1.54069 1.54935 1.42075 2.18596 2.32938 2.17475
-9999 -9999 -9999 -9999 -9999 -9999 -9999 -9999 -9999 -9999 -9999 0.19342 0.42566 0.51098 0.71982 0.84665 0.64974 0.59836 0.90862 0.82986 1.08490 1.45763 1.21817 1.35145 1.13569 0.76914 0.72735 0.70751 0.58904 0.47709 0.39031 0.39675 0.42918 0.41527 0.52149 0.37598 0.33880 0.32942 0.35956 0.41806 0.44382 0.45931 1.93095 2.13419 2.22729 2.48308 2.45081 1.09589 0.42855 0.35284 0.60524 0.62694 0.49135 0.37683 0.33683 1.39249 1.48448 1.73684 1.90664 1.36872 0.97174 1.43602 1.30952 0.98873 1.18579 2.10753 1.37858 1.77187 1.75345 2.13821 1.68730 2.12758 2.14764
