data/hydroclimate-scenarios/BCSD_hadcm_A1B/monthly_summaries/baseflow_monthly_tot_aug.2030-2059.asc
ncols	311
nrows	91
xllcenter	102.75
yllcenter	31.75
cellsize	0.5
NODATA_value	-9999
[rows 0 to 31 of 91, columns 219 to 291 of 311]
-9999 -9999 -9999 -9999 -9999 -9999 -9999 -9999 -9999 -9999 -9999 -9999 -9999 -9999 -9999 -9999 -9999 -9999 -9999 -9999 -9999 -9999 -9999 -9999 -9999 -9999 -9999 -9999 -9999 -9999 -9999 -9999 -9999 -9999 -9999 -9999 -9999 -9999 -9999 -9999 -9999 -9999 -9999 -9999 -9999 -9999 -9999 -9999 -9999 -9999 -9999 -9999 -9999 -9999 -9999 -9999 -9999 -9999 -9999 -9999 -9999 -9999 -9999 -9999 -9999 -9999 -9999 -9999 -9999 -9999 -9999 -9999 -9999
-9999 -9999 -9999 -9999 -9999 -9999 -9999 -9999 -9999 -9999 -9999 -9999 -9999 -9999 -9999 -9999 -9999 -9999 -9999 -9999 -9999 -9999 -9999 -9999 -9999 -9999 -9999 -9999 -9999 -9999 -9999 -9999 -9999 -9999 -9999 -9999 -9999 -9999 -9999 -9999 -9999 -9999 -9999 -9999 -9999 -9999 -9999 -9999 -9999 -9999 -9999 -9999 -9999 -9999 -9999 -9999 -9999 -9999 -9999 -9999 -9999 -9999 -9999 -9999 -9999 -9999 -9999 -9999 -9999 -9999 -9999 -9999 -9999
-9999 -9999 -9999 -9999 -9999 -9999 -9999 -9999 -9999 -9999 -9999 -9999 -9999 -9999 -9999 -9999 -9999 -9999 -9999 -9999 -9999 -9999 -9999 -9999 -9999 -9999 -9999 -9999 -9999 -9999 -9999 -9999 -9999 -9999 -9999 -9999 -9999 -9999 -9999 -9999 -9999 -9999 -9999 -9999 -9999 -9999 -9999 -9999 -9999 -9999 -9999 -9999 -9999 -9999 -9999 -9999 -9999 -9999 -9999 -9999 -9999 -9999 -9999 -9999 -9999 -9999 -9999 -9999 -9999 -9999 -9999 -9999 -9999
-9999 -9999 -9999 -9999 -9999 -9999 -9999 -9999 -9999 -9999 -9999 -9999 -9999 -9999 -9999 -9999 -9999 -9999 -9999 -9999 -9999 -9999 -9999 -9999 -9999 -9999 -9999 -9999 -9999 -9999 -9999 -9999 -9999 -9999 -9999 -9999 -9999 -9999 -9999 -9999 -9999 -9999 -9999 -9999 -9999 -9999 -9999 -9999 -9999 -9999 -9999 -9999 -9999 -9999 -9999 -9999 -9999 -9999 -9999 -9999 -9999 -9999 -9999 -9999 -9999 -9999 -9999 -9999 -9999 -9999 -9999 -9999 -9999
-9999 -9999 -9999 -9999 -9999 -9999 -9999 -9999 -9999 -9999 -9999 -9999 -9999 -9999 -9999 -9999 -9999 -9999 -9999 -9999 -9999 -9999 -9999 -9999 -9999 -9999 -9999 -9999 -9999 -9999 -9999 -9999 -9999 -9999 -9999 -9999 -9999 -9999 -9999 -9999 -9999 -9999 -9999 -9999 -9999 -9999 -9999 -9999 -9999 -9999 -9999 -9999 -9999 -9999 -9999 -9999 -9999 -9999 -9999 -9999 -9999 -9999 -9999 -9999 -9999 -9999 -9999 -9999 -9999 -9999 -9999 -9999 -9999
-9999 -9999 -9999 -9999 -9999 -9999 -9999 -9999 -9999 -9999 -9999 -9999 -9999 -9999 -9999 -9999 -9999 -9999 -9999 -9999 -9999 -9999 -9999 -9999 -9999 -9999 -9999 -9999 -9999 -9999 -9999 -9999 -9999 -9999 -9999 -9999 -9999 -9999 -9999 -9999 -9999 -9999 -9999 -9999 -9999 -9999 -9999 -9999 -9999 -9999 -9999 -9999 -9999 -9999 -9999 -9999 -9999 -9999 -9999 -9999 -9999 -9999 -9999 -9999 -9999 -9999 -9999 -9999 -9999 -9999 -9999 -9999 -9999
-9999 -9999 -9999 -9999 -9999 -9999 -9999 -9999 -9999 -9999 -9999 -9999 -9999 -9999 -9999 -9999 -9999 -9999 -9999 -9999 -9999 -9999 -9999 -9999 -9999 -9999 -9999 -9999 -9999 -9999 -9999 -9999 -9999 -9999 -9999 -9999 -9999 -9999 -9999 -9999 -9999 -9999 -9999 -9999 -9999 -9999 -9999 -9999 -9999 -9999 -9999 -9999 -9999 -9999 -9999 -9999 -9999 -9999 -9999 -9999 -9999 -9999 -9999 -9999 -9999 -9999 -9999 -9999 -9999 -9999 -9999 -9999 -9999
-9999 -9999 -9999 -9999 -9999 -9999 -9999 -9999 -9999 -9999 -9999 -9999 -9999 -9999 -9999 -9999 -9999 -9999 -9999 -9999 -9999 -9999 -9999 -9999 -9999 -9999 -9999 -9999 -9999 -9999 -9999 -9999 -9999 -9999 -9999 -9999 -9999 -9999 -9999 -9999 -9999 -9999 -9999 -9999 -9999 -9999 -9999 -9999 -9999 -9999 -9999 -9999 -9999 -9999 -9999 -9999 -9999 -9999 -9999 -9999 -9999 -9999 -9999 -9999 -9999 -9999 -9999 -9999 -9999 -9999 -9999 -9999 -9999
-9999 -9999 -9999 -9999 -9999 -9999 -9999 -9999 -9999 -9999 -9999 -9999 -9999 -9999 -9999 -9999 -9999 -9999 -9999 -9999 -9999 -9999 -9999 -9999 -9999 -9999 -9999 -9999 -9999 -9999 -9999 -9999 -9999 -9999 -9999 -9999 -9999 -9999 -9999 -9999 -9999 -9999 -9999 -9999 -9999 -9999 -9999 -9999 -9999 -9999 -9999 -9999 -9999 -9999 -9999 -9999 -9999 -9999 -9999 -9999 -9999 -9999 -9999 -9999 -9999 -9999 -9999 -9999 -9999 -9999 -9999 -9999 -9999
-9999 -9999 -9999 -9999 -9999 -9999 -9999 -9999 -9999 -9999 -9999 -9999 -9999 -9999 -9999 -9999 -9999 -9999 -9999 -9999 -9999 -9999 -9999 -9999 -9999 -9999 -9999 -9999 -9999 -9999 -9999 -9999 -9999 -9999 -9999 -9999 -9999 -9999 -9999 -9999 -9999 -9999 -9999 -9999 -9999 -9999 -9999 -9999 -9999 -9999 -9999 -9999 -9999 -9999 -9999 -9999 -9999 -9999 -9999 -9999 -9999 -9999 -9999 -9999 -9999 -9999 -9999 -9999 -9999 -9999 -9999 -9999 -9999
-9999 -9999 -9999 -9999 -9999 -9999 -9999 -9999 -9999 -9999 -9999 -9999 -9999 -9999 -9999 -9999 -9999 -9999 -9999 -9999 -9999 -9999 -9999 -9999 -9999 -9999 -9999 -9999 -9999 -9999 -9999 -9999 -9999 -9999 -9999 -9999 -9999 -9999 -9999 -9999 -9999 -9999 -9999 -9999 -9999 -9999 -9999 -9999 -9999 -9999 -9999 -9999 -9999 -9999 -9999 -9999 -9999 -9999 -9999 -9999 -9999 -9999 -9999 -9999 -9999 -9999 -9999 -9999 -9999 -9999 -9999 -9999 -9999
-9999 -9999 -9999 -9999 -9999 -9999 -9999 -9999 -9999 -9999 -9999 -9999 -9999 -9999 -9999 -9999 -9999 -9999 -9999 -9999 -9999 -9999 -9999 -9999 -9999 -9999 -9999 -9999 -9999 -9999 -9999 -9999 -9999 -9999 -9999 -9999 -9999 -9999 -9999 -9999 -9999 -9999 -9999 -9999 -9999 -9999 -9999 -9999 -9999 -9999 -9999 -9999 -9999 -9999 -9999 -9999 -9999 -9999 -9999 -9999 -9999 -9999 -9999 -9999 -9999 -9999 -9999 -9999 -9999 -9999 -9999 -9999 -9999
-9999 -9999 -9999 -9999 -9999 -9999 -9999 -9999 -9999 -9999 -9999 -9999 -9999 -9999 -9999 -9999 -9999 -9999 -9999 -9999 -9999 -9999 -9999 -9999 -9999 -9999 -9999 -9999 -9999 -9999 -9999 -9999 -9999 -9999 -9999 -9999 -9999 -9999 -9999 -9999 -9999 -9999 -9999 -9999 -9999 -9999 -9999 -9999 -9999 -9999 -9999 -9999 -9999 -9999 -9999 -9999 -9999 -9999 -9999 -9999 -9999 -9999 -9999 -9999 -9999 -9999 -9999 -9999 -9999 -9999 -9999 -9999 -9999
-9999 -9999 -9999 -9999 -9999 -9999 -9999 -9999 -9999 -9999 -9999 -9999 -9999 -9999 -9999 -9999 -9999 -9999 -9999 -9999 -9999 -9999 -9999 -9999 -9999 -9999 -9999 -9999 -9999 -9999 -9999 -9999 -9999 -9999 -9999 -9999 -9999 -9999 -9999 -9999 -9999 0.79492 -9999 -9999 -9999 -9999 -9999 -9999 -9999 -9999 -9999 -9999 -9999 -9999 -9999 -9999 -9999 -9999 -9999 -9999 -9999 -9999 -9999 -9999 -9999 -9999 -9999 -9999 -9999 -9999 -9999 -9999 -9999
0.28107 0.25514 0.25811 0.37769 0.14975 0.39389 0.39024 1.76957 1.81272 1.68225 1.61000 0.89376 2.02630 -9999 -9999 -9999 -9999 -9999 -9999 -9999 -9999 -9999 -9999 -9999 -9999 -9999 -9999 -9999 -9999 -9999 -9999 -9999 -9999 -9999 -9999 -9999 0.01359 0.02368 0.00075 0.00189 0.03262 0.10795 0.70537 -9999 -9999 -9999 1.38445 -9999 -9999 -9999 1.49361 2.35919 2.75340 -9999 -9999 -9999 -9999 -9999 -9999 -9999 -9999 -9999 -9999 -9999 -9999 -9999 -9999 -9999 -9999 -9999 -9999 -9999 -9999
0.00656 0.02361 0.18126 0.71366 0.57225 5.77217 6.28833 14.81610 21.41890 14.34200 7.46251 6.01545 1.09267 0.59516 0.25456 0.44804 1.76803 2.21129 0.81009 -9999 -9999 -9999 -9999 -9999 0.74859 0.59550 1.04823 1.58197 1.86607 1.77594 1.25045 0.19302 0.21293 0.13536 0.08038 0.09692 0.00009 0.00007 0.00197 0.00268 0.33111 1.02123 1.18439 1.53159 1.75934 1.83421 1.83184 2.08907 2.15505 2.12774 3.09020 4.21630 5.07569 4.87990 3.78280 2.93253 3.22898 2.14503 -9999 -9999 -9999 -9999 -9999 -9999 -9999 -9999 -9999 -9999 -9999 -9999 -9999 -9999 -9999
6.20905 21.90330 20.09520 13.83330 8.88939 7.15157 3.69778 9.09257 3.47953 5.24043 1.14788 0.66685 0.06314 0.02361 0.07730 0.04752 1.53878 0.93435 1.16500 1.35268 1.01380 0.50480 0.64015 0.53091 0.30600 1.47735 1.27892 1.69963 0.47823 0.39151 0.32156 0.29718 0.30825 0.24744 0.26772 0.29095 0.29335 0.42269 0.58344 0.46083 0.86272 0.95248 1.08943 1.16606 1.63883 1.90838 2.20138 2.34786 2.62666 2.92664 2.68071 2.68811 2.86575 2.88010 2.70148 2.94924 3.86538 5.29540 4.68481 3.73546 2.63000 2.87182 2.87749 3.12000 3.32221 3.01566 -9999 -9999 -9999 -9999 -9999 -9999 -9999
4.77615 1.14197 0.71575 0.10500 0.00455 0.00203 0.09157 0.00339 0.00007 0.00001 0.00002 0.00005 0.02845 0.05470 0.10098 0.51964 2.05187 1.92934 0.77372 1.27105 1.96433 1.45488 1.14694 1.15447 0.57778 1.60731 1.45230 1.57261 0.25424 0.29700 0.41467 0.49749 0.45721 0.38631 0.39408 0.44940 0.39014 0.31855 0.31445 0.32712 0.43484 0.53355 0.72869 0.73385 0.92458 1.06818 1.27779 1.75685 2.03231 2.20920 2.16217 2.07688 2.40091 2.36589 2.31181 2.45011 3.85366 4.18740 3.20188 2.99476 2.77797 3.47591 3.72138 3.98623 4.22858 3.27946 -9999 1.47235 -9999 -9999 -9999 -9999 -9999
0.06761 0.00392 0.00251 0.00386 0.00172 0.00207 0.00002 0.00054 0.00040 0.00102 0.00440 0.00018 0.00984 0.00305 0.66761 1.81664 2.17460 1.45853 1.38188 1.22162 1.89574 1.41479 1.46452 1.17284 0.50884 0.18810 0.15724 0.21373 0.22221 0.23289 0.31295 0.27580 0.25894 0.28463 0.28936 0.35707 0.23526 0.26584 0.26051 0.30719 0.54005 0.65667 0.73415 0.77392 0.70062 0.78745 0.93291 0.97208 1.08873 1.41742 1.43353 1.59538 1.96778 1.97616 1.79107 2.27199 2.84900 4.19688 3.87146 4.21705 2.79723 2.79119 3.25975 3.23956 2.89605 2.47865 1.80691 -9999 -9999 -9999 -9999 -9999 -9999
0.11565 0.05969 0.15082 0.07437 0.03331 0.01211 0.01921 0.01245 0.04035 0.02511 0.00964 0.02917 0.98356 1.18741 1.20005 1.92625 1.32815 1.50897 0.81328 1.08607 1.39244 1.49554 2.06795 2.42191 0.42619 0.22580 0.19911 1.64442 2.48746 2.47362 2.44090 2.37954 2.46912 2.59527 2.97290 2.84572 3.29638 3.33324 2.85232 2.92696 3.11052 3.04651 3.00728 2.97898 3.19535 2.24639 2.39168 2.42684 0.80483 0.74311 1.26792 1.39908 1.42773 3.13245 3.13767 4.91829 4.40788 4.55151 4.49831 4.57572 5.03272 3.68926 4.01383 4.18211 4.15721 4.44836 3.80476 1.78990 -9999 -9999 -9999 -9999 -9999
0.13367 0.08880 0.02247 0.01355 0.02022 0.02061 0.02097 0.02770 0.03054 0.08780 0.13801 0.14916 0.63320 0.28173 0.00207 0.01274 0.18759 0.08633 0.13734 0.99232 1.23600 1.29766 1.39258 1.62543 0.38097 0.17742 0.17223 0.15403 0.14814 0.13332 0.12450 0.12133 1.38881 1.39999 2.90438 2.72855 2.73955 2.71885 2.54659 2.54509 2.78742 2.80832 2.79922 2.88406 3.23135 2.94027 3.36057 3.40668 3.35560 3.38252 3.14995 3.04716 3.51313 3.35908 2.38576 3.55959 3.40486 3.50282 3.32875 3.68450 2.65009 3.33641 3.42368 3.61090 3.95100 4.06882 4.53408 4.74266 2.65203 2.40100 2.40545 2.43425 -9999
0.02430 0.03188 0.02990 0.02471 0.02359 0.02422 0.03712 0.05801 0.10087 0.07196 0.08539 0.08476 0.66304 0.73534 0.00025 0.00038 0.00014 0.00078 0.00786 0.91330 1.15851 1.29106 1.26476 1.44304 0.36164 0.19314 0.19097 0.13912 0.12662 0.12626 0.12579 0.12878 0.12862 0.13171 0.14588 1.43071 2.09233 2.08914 2.08844 1.40214 1.52790 1.66363 2.66577 2.77192 2.73171 2.57804 2.79740 2.85086 2.97826 2.71514 2.47192 2.53045 2.88778 2.98040 6.86306 3.06650 3.01968 3.25514 2.91334 2.82036 2.13071 3.02459 2.78168 2.83156 3.12871 3.19329 3.27963 3.36044 3.33756 3.40475 1.73622 1.77888 1.68760
1.42456 2.88840 1.17426 0.62582 0.05904 0.04838 0.15212 0.08714 0.23101 0.22821 0.46566 0.24066 0.83031 1.47068 0.00030 0.00002 0.00000 0.00016 0.00000 0.25851 0.61707 0.98748 1.05482 1.04749 0.14797 0.12851 0.12985 0.14825 1.19223 1.12638 1.33969 1.45517 1.45984 0.18268 0.21560 0.16638 1.32967 1.38430 2.31058 2.42761 2.58021 2.85836 2.73159 2.93631 1.92762 1.88500 2.77487 2.80227 2.75051 2.86849 2.73975 2.71969 2.53200 2.44240 2.75403 2.53392 2.79089 2.80707 2.81333 3.08272 2.57267 2.57864 2.23355 2.28232 2.63825 2.74298 2.57020 2.63789 2.72652 2.86973 2.76233 1.28739 1.32679
0.96698 1.11687 1.29534 0.75426 0.97032 0.93142 0.73527 0.40216 0.03451 0.00746 0.41195 0.28676 1.16318 1.97778 0.05309 0.00000 0.00002 0.00066 0.00008 0.00014 0.05815 0.17444 0.51464 0.98028 1.17440 0.98706 1.16845 1.20233 1.58244 1.61185 1.79917 2.10796 2.06494 1.97293 2.57236 2.56071 2.23825 2.29624 2.42030 2.40766 2.01653 1.90048 1.86021 2.94334 2.48435 2.21638 2.21763 1.46851 2.39099 2.49892 2.26939 5.82602 2.37710 2.78843 2.83424 2.51291 2.65688 3.12134 3.02003 3.26626 2.30420 2.33746 1.85189 1.78638 2.08300 2.23180 2.26452 2.33010 2.31239 2.47210 2.50791 2.53128 2.66477
0.10267 0.15395 0.54973 0.89559 0.73885 0.45276 1.49973 1.88335 1.39428 0.24502 0.05849 0.00044 0.00095 2.89129 6.42791 0.24375 0.17941 0.19740 0.00000 0.00000 0.00000 0.00029 0.01087 0.06836 0.04609 0.36382 0.52237 0.92573 0.49604 0.98851 1.70976 1.87869 2.78732 2.69449 4.58011 4.36560 3.60109 3.42309 4.08068 4.13717 3.85360 3.19509 2.10701 1.66981 1.53371 1.37948 1.84408 2.02634 1.41311 2.08533 2.15326 2.30647 2.07588 2.18181 2.62334 3.02083 3.27124 3.14773 2.82039 2.56068 2.61276 1.59468 1.52153 1.41989 1.70300 1.83232 1.76557 1.95444 2.13063 2.25266 2.35642 2.38951 2.34586
0.50322 0.69071 0.43357 0.19563 0.32841 0.55798 0.78647 1.23815 0.68824 0.01531 0.00202 0.00051 0.00476 0.03407 0.03889 1.18563 0.00007 0.04976 0.00410 0.19386 0.00005 0.00000 0.00687 0.14048 0.13446 0.36165 0.08901 0.23159 0.03914 0.21997 1.19589 1.56375 2.66159 4.34370 3.90672 4.42414 3.53285 3.77704 3.60264 4.03962 4.14576 3.27498 2.51605 2.06499 1.91165 1.58488 1.24860 2.37700 2.46635 1.48660 2.19343 2.17858 1.99215 2.11008 2.34820 2.75553 2.71510 2.42506 2.44434 2.64948 2.53078 2.38468 2.30696 1.33848 1.52303 1.67395 1.45288 1.60690 1.77867 1.88469 2.02729 2.10554 2.12511
43.58920 65.85650 70.71440 36.79600 11.66650 22.21300 2.59647 0.40289 0.26809 0.15938 0.13184 0.05289 0.45417 0.02969 0.25067 0.08273 0.10264 0.47058 0.17255 0.35734 1.16821 1.21781 1.75155 2.97262 2.67816 1.14243 0.91270 1.02708 1.12187 1.72845 1.15622 2.23443 4.53270 8.01440 12.60570 15.67570 12.73920 15.93040 5.32703 4.80861 3.96118 4.47436 3.48211 2.57680 2.61150 2.49879 1.73416 1.58403 2.23238 1.79957 2.72884 2.55404 2.52226 2.50407 2.21332 2.50845 2.74234 2.83357 2.42551 2.14577 2.35007 2.32766 2.25696 2.24169 1.33181 1.51202 1.62308 1.55620 1.78678 1.97356 2.13197 2.29171 2.17834
19.66730 24.90470 40.69960 52.83810 32.09550 88.69180 60.62550 47.62810 20.76980 1.14295 0.10234 0.07792 4.95005 5.52165 4.33390 5.04707 2.15604 3.27055 0.21238 0.46210 0.67992 1.87159 1.54617 2.10801 1.53972 0.16696 0.05350 0.19104 0.04183 0.35545 1.73582 4.19731 6.37201 9.85528 13.86470 20.25170 15.43450 13.61370 4.43702 5.44676 6.52089 5.68697 3.64519 3.18111 3.30162 2.73610 2.26752 1.92925 2.09963 1.64096 1.58063 2.48272 2.40592 2.42790 2.12080 2.31830 2.37789 2.16612 1.95630 1.94791 2.08542 2.18399 2.11638 1.99787 1.80716 1.84560 1.97552 1.59180 1.76428 1.79238 1.93882 2.10741 1.94349
29.63570 5.76824 3.64502 3.04535 1.80147 1.53096 1.20208 7.82143 3.95431 11.58780 4.55905 0.07001 4.13135 6.35137 9.24115 12.31140 7.09525 2.92203 0.00164 0.00024 0.38149 0.80907 0.62708 1.21224 1.29423 0.27331 0.09036 0.00433 0.00181 0.05984 1.62519 3.78472 7.76164 12.64160 17.72890 23.47870 15.60900 16.45000 5.56378 5.72967 8.15469 9.18612 5.76115 7.53795 4.93569 4.20111 2.66334 2.03042 2.47233 1.24622 1.52707 2.45595 2.16289 2.15515 1.24325 1.22675 1.24710 1.26488 1.16619 1.96865 2.16824 2.21993 2.09903 1.85356 1.87365 1.86519 1.65875 1.94532 2.13062 2.37672 2.51976 1.91578 1.80053
28.51690 7.77864 1.13481 0.68938 0.29930 0.29383 12.17260 69.36510 62.23660 45.86050 39.45460 20.21410 13.36190 13.27660 9.32292 21.98150 17.16810 6.74468 1.73811 0.19268 0.07686 0.00330 0.12014 0.68126 0.31588 0.01437 0.02484 0.01029 0.01188 0.20090 3.04182 4.85151 8.32819 12.78000 20.60400 27.41120 32.06660 26.03350 4.91115 7.73842 7.65586 8.16076 7.95154 7.79473 5.92218 4.40538 2.97127 2.79431 2.08611 1.20069 2.51973 2.40290 2.11250 2.06273 2.37277 2.83869 2.92274 2.92960 1.61492 1.39513 2.11672 1.99893 2.04279 1.92649 1.86726 1.80508 2.08460 1.85606 2.00061 2.04076 1.93367 2.05692 1.46440
30.59120 46.93430 32.79700 4.56158 0.70819 0.45132 2.65716 22.76020 83.12470 230.91200 84.74730 75.90300 58.52400 46.58140 36.28830 59.38890 33.90950 11.77490 4.01417 1.33828 1.49580 2.26359 0.55872 1.03018 0.19051 0.02081 0.01901 0.00832 0.23956 1.12320 2.80971 5.85596 8.61698 12.36760 19.34700 17.00150 16.65090 23.71040 4.73497 5.41841 6.73345 5.12321 4.00008 3.09157 3.32032 3.48780 3.51598 3.18090 3.25076 2.18612 2.96088 2.55594 1.91558 1.83730 1.83531 1.89452 2.00426 2.04889 1.96652 1.93663 1.95205 2.04862 2.08419 2.34330 2.30779 2.12937 2.09575 5.73748 1.78103 2.59724 0.74603 0.74542 0.98825
-9999 642.67200 400.85300 140.25999 59.71300 4.31294 16.43880 13.65930 13.93550 12.29400 4.00711 42.67760 89.27670 92.22170 332.10901 283.81699 127.85800 58.84320 29.74070 15.30810 6.06586 3.94092 4.21802 4.87930 3.10322 0.80579 0.05597 0.15528 0.75078 2.29052 5.19330 7.41242 10.92400 9.45230 11.14320 14.07200 16.63820 12.40350 3.95922 4.48284 4.29807 3.70380 3.15261 3.22180 3.20235 3.35926 4.20889 3.40615 3.13677 2.36386 2.18145 1.89458 1.89970 1.89441 1.79526 1.74474 1.71401 1.72313 1.75417 1.82989 1.85976 1.85305 1.94396 2.04105 2.06269 5.74175 5.56003 4.66481 1.99043 1.85062 0.71444 0.76046 0.87290
