data/hydroclimate-scenarios/BCSD_hadcm_A1B/monthly_summaries/baseflow_monthly_tot_dec.2030-2059.asc
ncols	311
nrows	91
xllcenter	102.75
yllcenter	31.75
cellsize	0.5
NODATA_value	-9999
[rows 0 to 31 of 91, columns 0 to 72 of 311]
-9999 -9999 -9999 -9999 -9999 -9999 -9999 -9999 -9999 -9999 -9999 -9999 -9999 -9999 -9999 -9999 -9999 -9999 -9999 -9999 -9999 -9999 -9999 -9999 -9999 -9999 -9999 -9999 -9999 -9999 -9999 -9999 -9999 -9999 -9999 -9999 -9999 -9999 -9999 -9999 -9999 -9999 -9999 -9999 -9999 -9999 -9999 -9999 -9999 -9999 -9999 -9999 -9999 -9999 -9999 -9999 -9999 -9999 -9999 -9999 -9999 -9999 -9999 -9999 -9999 -9999 -9999 -9999 -9999 -9999 -9999 -9999 -9999
-9999 -9999 -9999 -9999 -9999 -9999 -9999 -9999 -9999 -9999 -9999 -9999 -9999 -9999 -9999 -9999 -9999 -9999 -9999 -9999 -9999 -9999 -9999 -9999 -9999 -9999 -9999 -9999 -9999 -9999 -9999 -9999 -9999 -9999 -9999 -9999 -9999 -9999 -9999 -9999 -9999 -9999 -9999 -9999 -9999 -9999 -9999 -9999 -9999 -9999 -9999 -9999 -9999 -9999 -9999 -9999 -9999 -9999 -9999 -9999 -9999 -9999 -9999 -9999 -9999 -9999 -9999 -9999 -9999 -9999 -9999 -9999 -9999
-9999 -9999 -9999 -9999 -9999 -9999 -9999 -9999 -9999 -9999 -9999 -9999 -9999 -9999 -9999 -9999 -9999 -9999 -9999 -9999 -9999 -9999 -9999 -9999 -9999 -9999 -9999 -9999 -9999 -9999 -9999 -9999 -9999 -9999 -9999 -9999 -9999 -9999 -9999 -9999 -9999 -9999 -9999 -9999 -9999 -9999 -9999 -9999 -9999 -9999 -9999 -9999 -9999 -9999 -9999 -9999 -9999 -9999 -9999 -9999 -9999 -9999 -9999 -9999 -9999 -9999 -9999 -9999 -9999 -9999 -9999 -9999 -9999
-9999 -9999 -9999 -9999 -9999 -9999 -9999 -9999 -9999 -9999 -9999 -9999 -9999 -9999 -9999 -9999 -9999 -9999 -9999 -9999 -9999 -9999 -9999 -9999 -9999 -9999 -9999 -9999 -9999 -9999 -9999 -9999 -9999 -9999 -9999 -9999 -9999 -9999 -9999 -9999 -9999 -9999 -9999 -9999 -9999 -9999 -9999 -9999 -9999 -9999 -9999 -9999 -9999 -9999 -9999 -9999 -9999 -9999 -9999 -9999 -9999 -9999 -9999 -9999 -9999 -9999 -9999 -9999 -9999 -9999 -9999 -9999 -9999
-9999 -9999 -9999 -9999 -9999 -9999 -9999 -9999 -9999 -9999 -9999 -9999 -9999 -9999 -9999 -9999 -9999 -9999 -9999 -9999 -9999 -9999 -9999 -9999 -9999 -9999 -9999 -9999 -9999 -9999 -9999 -9999 -9999 -9999 -9999 -9999 -9999 -9999 -9999 -9999 -9999 -9999 -9999 -9999 -9999 -9999 -9999 -9999 -9999 -9999 -9999 -9999 -9999 -9999 -9999 -9999 -9999 -9999 -9999 -9999 -9999 -9999 -9999 -9999 -9999 -9999 -9999 -9999 -9999 -9999 -9999 -9999 -9999
-9999 -9999 -9999 -9999 -9999 -9999 -9999 -9999 -9999 -9999 -9999 -9999 -9999 -9999 -9999 -9999 -9999 -9999 -9999 -9999 -9999 -9999 -9999 -9999 -9999 -9999 -9999 -9999 -9999 -9999 -9999 -9999 -9999 -9999 -9999 -9999 -9999 -9999 -9999 -9999 -9999 -9999 -9999 -9999 -9999 -9999 -9999 -9999 -9999 -9999 -9999 -9999 -9999 -9999 -9999 -9999 -9999 -9999 -9999 -9999 -9999 -9999 -9999 -9999 -9999 -9999 -9999 -9999 -9999 -9999 -9999 -9999 -9999
-9999 -9999 -9999 -9999 -9999 -9999 -9999 -9999 -9999 -9999 -9999 -9999 -9999 -9999 -9999 -9999 -9999 -9999 -9999 -9999 -9999 -9999 -9999 -9999 -9999 -9999 -9999 -9999 -9999 -9999 -9999 -9999 -9999 -9999 -9999 -9999 -9999 -9999 -9999 -9999 -9999 -9999 -9999 -9999 -9999 -9999 -9999 -9999 -9999 -9999 -9999 -9999 -9999 -9999 -9999 -9999 -9999 -9999 -9999 -9999 -9999 -9999 -9999 -9999 -9999 -9999 -9999 -9999 -9999 -9999 -9999 -9999 -9999
-9999 -9999 -9999 -9999 -9999 -9999 -9999 -9999 -9999 -9999 -9999 -9999 -9999 -9999 -9999 -9999 -9999 -9999 -9999 -9999 -9999 -9999 -9999 -9999 -9999 -9999 -9999 -9999 -9999 -9999 -9999 -9999 -9999 -9999 -9999 -9999 -9999 -9999 -9999 -9999 -9999 -9999 1.13535 1.19590 1.43383 1.33517 1.45396 1.14941 0.90287 0.97200 0.91264 0.79571 -9999 -9999 -9999 -9999 -9999 -9999 -9999 -9999 -9999 -9999 -9999 -9999 -9999 -9999 -9999 -9999 -9999 -9999 -9999 -9999 -9999
-9999 -9999 -9999 -9999 -9999 -9999 -9999 -9999 -9999 -9999 -9999 -9999 -9999 -9999 -9999 -9999 -9999 -9999 -9999 -9999 -9999 -9999 -9999 -9999 -9999 -9999 -9999 -9999 -9999 -9999 -9999 -9999 -9999 -9999 -9999 -9999 -9999 -9999 0.52044 1.30116 1.06697 1.20401 1.35045 1.46228 1.56607 1.28464 1.11056 0.83149 0.97892 1.06494 0.90693 2.32353 1.40744 1.65460 -9999 -9999 -9999 -9999 -9999 -9999 -9999 -9999 -9999 -9999 -9999 -9999 -9999 -9999 -9999 -9999 -9999 -9999 -9999
-9999 -9999 -9999 -9999 -9999 -9999 -9999 -9999 -9999 -9999 -9999 -9999 -9999 -9999 -9999 -9999 -9999 -9999 -9999 -9999 -9999 -9999 -9999 -9999 -9999 -9999 -9999 -9999 -9999 -9999 -9999 -9999 -9999 -9999 -9999 -9999 -9999 -9999 -9999 -9999 0.60240 0.74166 1.07677 1.41002 1.37770 1.65972 1.56412 1.28529 1.05327 1.00010 0.95111 0.89789 1.09931 1.29346 -9999 -9999 -9999 -9999 -9999 -9999 -9999 -9999 -9999 -9999 -9999 -9999 -9999 -9999 -9999 -9999 -9999 -9999 -9999
-9999 -9999 -9999 -9999 -9999 -9999 -9999 -9999 -9999 -9999 -9999 -9999 -9999 -9999 -9999 -9999 -9999 -9999 -9999 -9999 -9999 -9999 -9999 -9999 -9999 -9999 -9999 -9999 -9999 -9999 -9999 -9999 -9999 -9999 -9999 -9999 -9999 -9999 -9999 -9999 -9999 -9999 -9999 -9999 0.99441 1.13734 1.35632 1.75123 0.81352 1.09999 1.35747 1.63772 0.45231 1.57366 -9999 -9999 -9999 -9999 -9999 -9999 0.00502 -9999 -9999 -9999 -9999 -9999 -9999 -9999 -9999 -9999 -9999 -9999 -9999
-9999 -9999 -9999 -9999 -9999 -9999 -9999 -9999 -9999 -9999 -9999 -9999 -9999 -9999 -9999 -9999 -9999 -9999 -9999 -9999 -9999 -9999 -9999 -9999 -9999 -9999 -9999 -9999 -9999 -9999 -9999 -9999 -9999 -9999 -9999 -9999 -9999 -9999 -9999 -9999 -9999 1.10642 1.28442 1.17671 1.14064 0.92836 1.12190 1.29081 1.33394 1.17708 1.36038 1.49920 0.31546 1.29654 -9999 -9999 -9999 -9999 -9999 0.00366 0.00225 0.00092 0.00087 0.00113 0.00260 0.00934 0.01074 0.01147 0.01141 0.03583 0.04386 0.08836 0.12712
-9999 -9999 -9999 -9999 -9999 -9999 -9999 -9999 -9999 -9999 -9999 -9999 -9999 -9999 -9999 -9999 -9999 -9999 -9999 -9999 -9999 -9999 -9999 -9999 -9999 -9999 -9999 -9999 -9999 -9999 -9999 -9999 -9999 -9999 -9999 -9999 -9999 -9999 -9999 -9999 -9999 0.74936 1.07575 0.98864 0.87410 0.76469 1.62342 1.67945 0.83221 1.09930 0.88838 1.50573 0.59759 0.97829 0.92650 0.34828 0.19838 -9999 0.00885 0.00578 0.00299 0.00531 0.00197 0.00978 0.02097 0.03385 0.03262 0.01099 0.01675 0.01781 0.01538 0.13056 0.18308
-9999 -9999 -9999 -9999 -9999 -9999 -9999 -9999 -9999 -9999 -9999 -9999 -9999 -9999 -9999 -9999 -9999 -9999 -9999 -9999 -9999 -9999 -9999 -9999 -9999 -9999 -9999 -9999 -9999 -9999 -9999 -9999 -9999 -9999 -9999 0.44938 0.10675 0.24232 0.29560 0.30216 0.32892 0.54457 0.77705 0.71792 1.66987 1.15826 0.62178 0.63424 0.67566 0.79362 1.03661 1.08012 1.92499 1.79340 0.45298 0.59383 0.42948 0.01467 0.01511 0.00359 0.00066 0.00093 0.00296 0.10277 0.04238 0.04083 0.05239 0.00794 0.02268 0.00106 0.00302 0.02481 0.06115
-9999 -9999 -9999 -9999 -9999 -9999 -9999 -9999 -9999 -9999 -9999 -9999 -9999 -9999 -9999 -9999 -9999 -9999 -9999 -9999 -9999 -9999 -9999 -9999 -9999 -9999 -9999 -9999 -9999 -9999 -9999 -9999 -9999 -9999 0.31969 0.01973 0.06506 0.10854 0.24576 0.39052 0.48141 0.61689 0.63924 1.35675 0.58979 0.54043 0.58539 0.98054 1.07136 1.25966 2.24204 1.56558 2.31010 1.40957 1.18028 1.32340 0.22621 0.25386 0.08913 0.00609 0.01362 0.02961 0.01960 0.15555 0.05040 0.01886 0.01189 0.09083 0.30683 0.26960 0.48481 0.28473 0.54509
-9999 -9999 -9999 -9999 -9999 -9999 -9999 -9999 -9999 -9999 -9999 -9999 -9999 -9999 -9999 -9999 -9999 -9999 -9999 -9999 -9999 -9999 -9999 -9999 -9999 -9999 -9999 -9999 -9999 -9999 -9999 -9999 -9999 0.23977 0.29447 0.01230 0.01870 0.04192 0.08671 0.20142 0.26534 0.42437 3.02963 1.26424 0.51758 0.43536 0.53002 0.91390 1.60127 1.67285 2.15092 2.37815 2.18830 1.54213 0.57216 1.06023 0.77848 0.09855 0.05085 0.03089 0.04722 0.01469 0.00889 0.03219 0.06127 0.03780 0.05736 0.19030 0.26815 0.23084 0.17576 0.39498 0.42240
-9999 -9999 -9999 -9999 -9999 -9999 -9999 -9999 -9999 -9999 -9999 -9999 -9999 -9999 -9999 -9999 -9999 -9999 -9999 -9999 -9999 -9999 -9999 -9999 -9999 -9999 -9999 -9999 -9999 -9999 -9999 0.21253 0.00647 0.00471 0.00485 0.01603 0.03025 0.04850 0.07585 0.13664 0.20704 0.27892 1.41800 0.33052 0.45778 0.63426 0.39770 0.36083 1.23957 1.61535 1.68591 2.28743 2.19447 1.47799 1.56232 1.17157 0.36957 0.21463 0.26300 0.16395 0.09708 0.01417 0.00974 0.01305 0.03640 0.14925 0.12471 0.00906 0.00927 0.12482 0.45066 0.72213 0.21639
-9999 -9999 -9999 -9999 -9999 -9999 -9999 -9999 -9999 -9999 -9999 -9999 -9999 -9999 -9999 -9999 -9999 -9999 -9999 -9999 -9999 -9999 -9999 -9999 -9999 -9999 -9999 -9999 -9999 0.09960 0.02309 0.01210 0.01736 0.00926 0.01163 0.03531 0.05234 0.04363 0.08448 0.13184 0.64799 2.88860 0.45218 0.31722 0.34688 0.62014 0.69474 0.58007 1.82758 1.98576 1.72348 2.21356 1.96445 1.32891 1.86445 1.00693 0.19816 0.18750 0.06282 0.01017 0.04765 0.00526 0.00714 0.03251 0.04809 0.10220 0.33218 0.33779 0.40470 0.46926 0.32114 1.02672 1.66589
-9999 -9999 -9999 -9999 -9999 -9999 -9999 -9999 -9999 -9999 -9999 -9999 -9999 -9999 -9999 -9999 -9999 -9999 -9999 -9999 -9999 -9999 -9999 -9999 0.02353 0.02952 0.02864 0.09566 0.07762 0.10098 0.10067 0.06042 0.07849 0.04834 0.07766 0.19122 0.16296 0.24250 0.35319 0.25728 0.31227 2.44299 0.31298 0.39066 0.37843 0.45883 0.54515 0.71626 1.30169 1.55487 1.70408 3.16744 2.61547 2.01471 1.18512 0.54651 0.29044 0.30407 0.27006 0.08814 0.07633 0.01657 0.01180 0.02037 0.04902 0.03728 0.07237 0.15544 0.15943 0.28888 0.89379 0.88161 1.74709
-9999 -9999 -9999 -9999 -9999 -9999 0.68894 0.86642 0.96964 1.03967 0.97008 -9999 -9999 -9999 -9999 -9999 -9999 -9999 -9999 -9999 -9999 0.07115 0.14398 0.05755 0.03204 0.05751 0.04988 0.09221 0.08392 0.13290 0.11924 0.12102 0.12239 0.07850 0.10524 0.21331 0.29009 0.22606 0.25099 0.18088 0.16954 0.37633 2.65926 0.31993 0.34567 0.38062 0.41368 0.48082 0.93470 1.62953 2.53933 2.68701 2.53957 1.56290 0.69480 0.36847 0.28040 0.28682 0.27461 0.11538 0.07922 0.01698 0.03314 0.08132 0.17352 0.02786 0.03251 0.07052 0.07185 0.09306 0.31271 0.57909 1.17726
-9999 -9999 -9999 -9999 -9999 0.05396 0.07450 0.18140 0.10328 0.13756 0.15189 0.08033 0.05954 0.15886 -9999 -9999 -9999 0.10215 0.13479 0.19810 0.15543 0.16927 0.16263 0.08402 0.43951 0.29037 0.20330 0.14582 0.09213 0.17157 0.25305 0.19074 0.24696 0.30987 0.19036 0.22330 0.31080 0.31184 0.30661 0.29100 0.34303 0.47240 2.66153 2.22513 0.41876 0.46738 0.84300 1.48914 0.94445 1.72177 2.06228 1.87098 2.40831 1.52588 1.07147 0.86594 0.31479 0.09033 0.00678 0.07457 0.02572 0.00315 0.01173 0.00648 0.12945 0.25967 0.10126 0.13840 0.12455 0.12042 0.33119 0.64441 0.66505
-9999 0.15770 0.34439 0.07783 0.10647 0.07446 0.08099 0.10697 0.12251 0.09995 0.12914 0.07016 0.10304 0.17750 0.12654 0.20447 0.17242 0.13176 0.19441 0.08370 0.13120 0.17295 0.14253 0.15069 0.10152 0.19664 0.19903 0.16618 0.13928 0.18367 0.15484 0.09872 0.08498 0.10457 0.11673 0.12158 0.13687 0.16865 0.16526 0.12584 0.12465 0.23173 2.56007 2.18236 0.35021 0.33487 0.39658 0.69622 0.70847 1.34651 1.38198 2.25467 2.11406 2.02573 1.81731 1.33259 0.55750 0.03637 0.02628 0.14959 0.01878 0.05543 0.04551 0.02168 0.11664 0.12736 0.02419 0.20681 0.09112 0.19228 0.60393 1.14454 1.16711
-9999 0.24163 0.19245 0.19881 0.15378 0.07178 0.03981 0.10569 0.08792 0.05864 0.08142 0.26693 0.41690 0.28613 0.32543 0.33481 0.55367 0.47664 0.46607 0.21629 0.30456 0.30814 0.50995 0.37892 0.28302 0.33581 0.29082 0.21018 0.18692 0.18648 0.13948 0.19975 0.21976 0.20382 0.22291 0.17188 0.17270 0.18856 0.15081 0.17685 0.21811 0.31752 0.37354 3.04773 2.49849 0.34491 0.39552 0.53087 0.88848 1.46863 1.90109 1.74886 2.08598 2.69516 2.67697 1.77838 0.93683 0.40987 0.30094 0.10467 0.22170 0.17826 0.18372 0.03469 0.12769 0.34213 0.35712 0.40169 0.30631 0.56837 0.50443 1.28406 1.75406
-9999 -9999 -9999 0.73022 0.80506 0.50811 0.37009 0.50797 0.47634 0.45763 0.13561 0.31118 0.25273 0.25025 0.24065 0.38679 0.63214 0.47900 0.46475 0.27513 0.73461 0.62870 0.63953 0.63977 0.46260 0.45828 0.41474 0.28136 0.25232 0.21693 0.22403 0.30779 0.30830 0.31645 0.31852 2.28616 0.14769 0.20714 0.26299 0.42383 0.20975 1.94296 1.24196 1.85806 2.90937 2.52227 2.54879 0.59045 0.72733 1.00146 0.93745 1.31986 1.81939 2.33131 2.01469 1.94683 1.35686 0.85483 1.26746 0.38013 0.39592 0.38443 0.69081 0.20200 0.10895 0.11983 0.05713 0.06512 0.41640 0.94067 1.04620 1.03254 1.42778
-9999 -9999 -9999 -9999 -9999 -9999 0.58211 0.75323 0.73678 0.20451 0.15662 0.46848 0.50701 0.58841 0.50493 0.34708 0.33128 1.07232 0.95229 0.69035 0.86058 1.02301 0.78377 0.64540 0.60426 0.61413 0.46868 0.46285 2.36709 0.30538 0.21787 0.23424 2.31759 1.17055 2.17202 1.13440 2.47709 2.38452 1.10471 0.87275 0.48412 0.74627 0.80343 1.05982 1.60752 1.73222 3.14146 2.74841 2.47109 2.17648 1.95481 2.33426 2.32030 1.30286 1.66089 2.19610 1.27429 1.41259 1.56381 1.54345 0.85204 0.90411 0.54511 0.39743 0.75863 0.98115 0.23381 0.19720 0.75767 1.03039 1.69990 1.25683 1.30013
-9999 -9999 -9999 -9999 -9999 -9999 0.29955 0.44844 0.32081 0.50177 0.43333 0.41921 0.44784 0.50736 0.62323 0.96867 1.21009 1.44549 1.34721 0.73205 0.72607 0.84317 0.77081 0.83310 0.76014 0.53949 0.48549 0.56526 1.58309 1.59552 1.87631 1.69001 1.75891 1.62306 1.93354 1.59829 2.23757 2.24247 2.02575 0.93548 1.71405 1.68322 1.20349 1.24868 1.21654 1.73149 2.37261 2.05022 1.65036 2.82286 2.55279 2.26392 2.24263 1.73231 1.39771 0.67391 0.92066 1.37533 1.21345 1.31916 1.50313 1.20539 0.97584 1.06711 0.94308 0.48331 0.18654 0.15562 0.41360 0.76601 1.82890 1.46126 1.63486
-9999 -9999 -9999 -9999 -9999 -9999 -9999 -9999 -9999 -9999 0.35852 0.38943 0.39464 0.47969 0.49967 1.07457 1.11501 0.95690 1.16210 1.28955 1.26626 1.01260 0.99485 0.76418 0.70667 0.60604 0.57384 0.44814 0.35640 2.94321 2.59560 2.55749 2.73955 1.74524 1.49023 1.84486 1.60411 1.37994 1.22710 0.95136 2.68082 2.31396 0.12038 3.00566 2.60684 2.70511 2.86568 2.82308 2.00577 1.61273 1.35374 1.13919 1.00132 1.88643 1.66537 1.90720 1.75573 0.83607 1.00813 1.72445 0.69466 1.06382 1.05619 0.33127 0.46777 0.28009 0.29332 0.22444 0.38945 0.51675 1.53043 2.29248 2.48166
-9999 -9999 -9999 -9999 -9999 -9999 -9999 -9999 -9999 -9999 0.49508 0.30174 0.41271 0.46909 0.68502 1.59428 1.49741 1.31567 1.40586 1.72750 1.81564 1.49809 1.37142 1.05932 0.94371 0.68881 0.52390 0.44160 0.36351 2.64378 2.77931 2.57596 3.07025 2.15475 3.05640 3.35100 2.72203 0.21221 0.16646 0.14551 0.14389 0.07839 0.07435 0.14699 0.13462 0.23825 0.28484 0.46791 0.47320 2.57896 1.32147 1.05163 0.95522 0.89193 1.53349 0.78864 0.76519 0.86402 0.69511 0.69126 0.60017 0.24418 0.28435 1.33874 1.08591 1.23946 1.20216 0.21941 0.29881 0.67082 2.28235 1.80612 2.44993
-9999 -9999 -9999 -9999 -9999 -9999 -9999 -9999 -9999 -9999 -9999 -9999 0.20634 0.42106 0.61811 1.28191 1.57701 1.46083 1.45794 2.06687 1.90892 1.87205 1.79962 1.44693 0.96038 0.57624 0.48980 0.53864 0.45339 0.38687 2.66741 2.75203 2.67510 0.20330 0.21762 0.30101 0.22736 0.26544 0.18957 0.22108 0.22169 0.15287 0.21922 0.16122 0.15843 0.25944 0.30880 0.43664 0.46777 0.30306 2.18695 2.49535 1.07079 2.06717 1.34926 0.37293 0.31289 0.69703 0.57190 0.51479 0.44124 0.36938 0.44980 1.46753 0.76412 0.77908 1.91386 0.18402 0.37257 0.34030 1.66945 2.76905 2.94608
-9999 -9999 -9999 -9999 -9999 -9999 -9999 -9999 -9999 -9999 -9999 -9999 0.21950 0.44082 0.58914 1.19291 1.37868 1.67966 1.85355 2.22815 2.69626 1.80714 1.97631 1.52418 0.93639 0.61849 0.55490 0.60939 0.47047 0.42132 0.34805 0.28401 0.31600 0.25715 0.23325 0.34365 0.27317 0.44037 0.29106 0.28219 0.30160 0.23075 0.24266 0.18260 0.18775 2.35907 2.40482 3.54222 1.80361 1.49631 2.86999 2.48464 1.90562 1.84233 1.50506 0.24230 0.45961 0.73469 0.61245 0.45921 0.47084 0.45190 0.70910 0.61048 0.91359 2.11520 2.18758 2.47170 1.95911 2.43405 1.90271 2.22096 2.98087
-9999 -9999 -9999 -9999 -9999 -9999 -9999 -9999 -9999 -9999 -9999 0.42628 0.30484 0.48236 0.67706 1.00338 0.76644 0.87702 0.97672 0.99732 1.12141 1.25875 1.64204 1.38156 1.04040 0.50973 0.59392 0.79791 0.59616 0.41363 0.34544 0.48947 0.49519 0.49567 0.46854 0.23839 0.20369 0.22811 0.22316 0.26117 0.28464 0.35761 0.41523 0.36991 0.26139 0.24665 0.28069 2.64143 2.77964 1.94246 1.99964 1.65174 1.47936 0.69102 0.18958 0.51054 0.74593 0.93817 0.75529 0.86561 1.14216 1.07233 1.27681 1.25931 1.33968 1.87184 1.97032 1.86218 1.87482 1.78908 2.97472 3.12950 2.90794
-9999 -9999 -9999 -9999 -9999 -9999 -9999 -9999 -9999 -9999 -9999 0.18918 0.44228 0.56992 0.79436 0.92200 0.72694 0.67275 1.11050 0.97989 1.29280 1.74069 1.39112 1.58408 1.28395 0.83239 0.77099 0.75444 0.62124 0.50680 0.42019 0.44517 0.48651 0.44770 0.57947 0.39814 0.33785 0.30580 0.33297 0.40677 0.43834 0.48754 2.34772 2.61966 2.76992 3.17581 3.12128 1.24748 0.41530 0.33048 0.59554 0.63181 0.48641 0.36785 0.32486 1.61006 1.74131 2.13288 2.38583 1.63234 1.12707 1.68839 1.53563 1.18040 1.43529 2.68347 1.64827 2.22902 2.19075 2.81458 2.16282 2.89997 2.87631
