data/hydroclimate-scenarios/BCSD_hadcm_A1B/monthly_summaries/baseflow_monthly_tot_nov.2030-2059.asc
ncols	311
nrows	91
xllcenter	102.75
yllcenter	31.75
cellsize	0.5
NODATA_value	-9999
[rows 0 to 31 of 91, columns 0 to 71 of 311]
-9999 -9999 -9999 -9999 -9999 -9999 -9999 -9999 -9999 -9999 -9999 -9999 -9999 -9999 -9999 -9999 -9999 -9999 -9999 -9999 -9999 -9999 -9999 -9999 -9999 -9999 -9999 -9999 -9999 -9999 -9999 -9999 -9999 -9999 -9999 -9999 -9999 -9999 -9999 -9999 -9999 -9999 -9999 -9999 -9999 -9999 -9999 -9999 -9999 -9999 -9999 -9999 -9999 -9999 -9999 -9999 -9999 -9999 -9999 -9999 -9999 -9999 -9999 -9999 -9999 -9999 -9999 -9999 -9999 -9999 -9999 -9999
-9999 -9999 -9999 -9999 -9999 -9999 -9999 -9999 -9999 -9999 -9999 -9999 -9999 -9999 -9999 -9999 -9999 -9999 -9999 -9999 -9999 -9999 -9999 -9999 -9999 -9999 -9999 -9999 -9999 -9999 -9999 -9999 -9999 -9999 -9999 -9999 -9999 -9999 -9999 -9999 -9999 -9999 -9999 -9999 -9999 -9999 -9999 -9999 -9999 -9999 -9999 -9999 -9999 -9999 -9999 -9999 -9999 -9999 -9999 -9999 -9999 -9999 -9999 -9999 -9999 -9999 -9999 -9999 -9999 -9999 -9999 -9999
-9999 -9999 -9999 -9999 -9999 -9999 -9999 -9999 -9999 -9999 -9999 -9999 -9999 -9999 -9999 -9999 -9999 -9999 -9999 -9999 -9999 -9999 -9999 -9999 -9999 -9999 -9999 -9999 -9999 -9999 -9999 -9999 -9999 -9999 -9999 -9999 -9999 -9999 -9999 -9999 -9999 -9999 -9999 -9999 -9999 -9999 -9999 -9999 -9999 -9999 -9999 -9999 -9999 -9999 -9999 -9999 -9999 -9999 -9999 -9999 -9999 -9999 -9999 -9999 -9999 -9999 -9999 -9999 -9999 -9999 -9999 -9999
-9999 -9999 -9999 -9999 -9999 -9999 -9999 -9999 -9999 -9999 -9999 -9999 -9999 -9999 -9999 -9999 -9999 -9999 -9999 -9999 -9999 -9999 -9999 -9999 -9999 -9999 -9999 -9999 -9999 -9999 -9999 -9999 -9999 -9999 -9999 -9999 -9999 -9999 -9999 -9999 -9999 -9999 -9999 -9999 -9999 -9999 -9999 -9999 -9999 -9999 -9999 -9999 -9999 -9999 -9999 -9999 -9999 -9999 -9999 -9999 -9999 -9999 -9999 -9999 -9999 -9999 -9999 -9999 -9999 -9999 -9999 -9999
-9999 -9999 -9999 -9999 -9999 -9999 -9999 -9999 -9999 -9999 -9999 -9999 -9999 -9999 -9999 -9999 -9999 -9999 -9999 -9999 -9999 -9999 -9999 -9999 -9999 -9999 -9999 -9999 -9999 -9999 -9999 -9999 -9999 -9999 -9999 -9999 -9999 -9999 -9999 -9999 -9999 -9999 -9999 -9999 -9999 -9999 -9999 -9999 -9999 -9999 -9999 -9999 -9999 -9999 -9999 -9999 -9999 -9999 -9999 -9999 -9999 -9999 -9999 -9999 -9999 -9999 -9999 -9999 -9999 -9999 -9999 -9999
-9999 -9999 -9999 -9999 -9999 -9999 -9999 -9999 -9999 -9999 -9999 -9999 -9999 -9999 -9999 -9999 -9999 -9999 -9999 -9999 -9999 -9999 -9999 -9999 -9999 -9999 -9999 -9999 -9999 -9999 -9999 -9999 -9999 -9999 -9999 -9999 -9999 -9999 -9999 -9999 -9999 -9999 -9999 -9999 -9999 -9999 -9999 -9999 -9999 -9999 -9999 -9999 -9999 -9999 -9999 -9999 -9999 -9999 -9999 -9999 -9999 -9999 -9999 -9999 -9999 -9999 -9999 -9999 -9999 -9999 -9999 -9999
-9999 -9999 -9999 -9999 -9999 -9999 -9999 -9999 -9999 -9999 -9999 -9999 -9999 -9999 -9999 -9999 -9999 -9999 -9999 -9999 -9999 -9999 -9999 -9999 -9999 -9999 -9999 -9999 -9999 -9999 -9999 -9999 -9999 -9999 -9999 -9999 -9999 -9999 -9999 -9999 -9999 -9999 -9999 -9999 -9999 -9999 -9999 -9999 -9999 -9999 -9999 -9999 -9999 -9999 -9999 -9999 -9999 -9999 -9999 -9999 -9999 -9999 -9999 -9999 -9999 -9999 -9999 -9999 -9999 -9999 -9999 -9999
-9999 -9999 -9999 -9999 -9999 -9999 -9999 -9999 -9999 -9999 -9999 -9999 -9999 -9999 -9999 -9999 -9999 -9999 -9999 -9999 -9999 -9999 -9999 -9999 -9999 -9999 -9999 -9999 -9999 -9999 -9999 -9999 -9999 -9999 -9999 -9999 -9999 -9999 -9999 -9999 -9999 -9999 1.20974 1.27332 1.60131 1.52777 1.72773 1.27519 0.97112 1.04957 0.97975 0.78587 -9999 -9999 -9999 -9999 -9999 -9999 -9999 -9999 -9999 -9999 -9999 -9999 -9999 -9999 -9999 -9999 -9999 -9999 -9999 -9999
-9999 -9999 -9999 -9999 -9999 -9999 -9999 -9999 -9999 -9999 -9999 -9999 -9999 -9999 -9999 -9999 -9999 -9999 -9999 -9999 -9999 -9999 -9999 -9999 -9999 -9999 -9999 -9999 -9999 -9999 -9999 -9999 -9999 -9999 -9999 -9999 -9999 -9999 0.45965 1.47531 1.12654 1.27171 1.47206 1.62808 1.78890 1.39709 1.19387 0.87743 1.08771 1.19295 1.00765 2.90349 1.53677 1.91529 -9999 -9999 -9999 -9999 -9999 -9999 -9999 -9999 -9999 -9999 -9999 -9999 -9999 -9999 -9999 -9999 -9999 -9999
-9999 -9999 -9999 -9999 -9999 -9999 -9999 -9999 -9999 -9999 -9999 -9999 -9999 -9999 -9999 -9999 -9999 -9999 -9999 -9999 -9999 -9999 -9999 -9999 -9999 -9999 -9999 -9999 -9999 -9999 -9999 -9999 -9999 -9999 -9999 -9999 -9999 -9999 -9999 -9999 0.56175 0.70501 1.13718 1.56248 1.52445 1.92981 1.80283 1.51677 1.18747 1.10208 1.03933 0.95396 1.24768 1.56159 -9999 -9999 -9999 -9999 -9999 -9999 -9999 -9999 -9999 -9999 -9999 -9999 -9999 -9999 -9999 -9999 -9999 -9999
-9999 -9999 -9999 -9999 -9999 -9999 -9999 -9999 -9999 -9999 -9999 -9999 -9999 -9999 -9999 -9999 -9999 -9999 -9999 -9999 -9999 -9999 -9999 -9999 -9999 -9999 -9999 -9999 -9999 -9999 -9999 -9999 -9999 -9999 -9999 -9999 -9999 -9999 -9999 -9999 -9999 -9999 -9999 -9999 1.12012 1.18230 1.54552 2.19302 0.95862 1.25544 1.64270 2.04843 0.47401 1.94590 -9999 -9999 -9999 -9999 -9999 -9999 0.00322 -9999 -9999 -9999 -9999 -9999 -9999 -9999 -9999 -9999 -9999 -9999
-9999 -9999 -9999 -9999 -9999 -9999 -9999 -9999 -9999 -9999 -9999 -9999 -9999 -9999 -9999 -9999 -9999 -9999 -9999 -9999 -9999 -9999 -9999 -9999 -9999 -9999 -9999 -9999 -9999 -9999 -9999 -9999 -9999 -9999 -9999 -9999 -9999 -9999 -9999 -9999 -9999 1.21703 1.47132 1.42609 1.36821 0.95556 1.22505 1.53371 1.62414 1.35968 1.64843 1.84885 0.27396 1.54439 -9999 -9999 -9999 -9999 -9999 0.00223 0.00153 0.00050 0.00050 0.00067 0.00156 0.00626 0.00715 0.00755 0.00749 0.02605 0.03304 0.07120
-9999 -9999 -9999 -9999 -9999 -9999 -9999 -9999 -9999 -9999 -9999 -9999 -9999 -9999 -9999 -9999 -9999 -9999 -9999 -9999 -9999 -9999 -9999 -9999 -9999 -9999 -9999 -9999 -9999 -9999 -9999 -9999 -9999 -9999 -9999 -9999 -9999 -9999 -9999 -9999 -9999 0.79911 1.20808 1.16235 0.98781 0.79668 1.94317 2.00330 0.89313 1.18859 0.89607 1.78793 0.59874 1.12189 0.95214 0.30040 0.14561 -9999 0.00522 0.00347 0.00182 0.00328 0.00116 0.00610 0.01362 0.02820 0.02693 0.00713 0.01140 0.01166 0.01005 0.11948
-9999 -9999 -9999 -9999 -9999 -9999 -9999 -9999 -9999 -9999 -9999 -9999 -9999 -9999 -9999 -9999 -9999 -9999 -9999 -9999 -9999 -9999 -9999 -9999 -9999 -9999 -9999 -9999 -9999 -9999 -9999 -9999 -9999 -9999 -9999 0.40007 0.07724 0.20233 0.25260 0.24935 0.27723 0.53548 0.80121 0.82274 1.98136 1.28762 0.62834 0.65073 0.69921 0.77246 1.09560 1.10454 2.43108 2.23385 0.49499 0.69140 0.37180 0.00935 0.00894 0.00221 0.00041 0.00053 0.00184 0.07948 0.03037 0.03567 0.04847 0.00523 0.01602 0.00059 0.00181 0.01679
-9999 -9999 -9999 -9999 -9999 -9999 -9999 -9999 -9999 -9999 -9999 -9999 -9999 -9999 -9999 -9999 -9999 -9999 -9999 -9999 -9999 -9999 -9999 -9999 -9999 -9999 -9999 -9999 -9999 -9999 -9999 -9999 -9999 -9999 0.28201 0.01365 0.04887 0.08275 0.20314 0.31791 0.40915 0.63721 0.66553 1.56541 0.58750 0.51042 0.55632 1.11966 1.18473 1.33597 2.92325 1.81489 2.99783 1.77561 1.47238 1.51921 0.19472 0.19974 0.05975 0.00376 0.00900 0.02011 0.01349 0.15940 0.03961 0.01231 0.00789 0.08227 0.32242 0.28941 0.53587 0.37490
-9999 -9999 -9999 -9999 -9999 -9999 -9999 -9999 -9999 -9999 -9999 -9999 -9999 -9999 -9999 -9999 -9999 -9999 -9999 -9999 -9999 -9999 -9999 -9999 -9999 -9999 -9999 -9999 -9999 -9999 -9999 -9999 -9999 0.20521 0.25570 0.00828 0.01245 0.02847 0.06220 0.15103 0.20551 0.39258 3.95817 1.41064 0.48221 0.38234 0.47749 0.96168 1.96960 1.93926 2.66016 3.08010 2.85204 1.96914 0.60957 1.15136 0.80508 0.07061 0.03443 0.02145 0.03451 0.00960 0.00545 0.02224 0.04649 0.02701 0.04472 0.19687 0.28890 0.25972 0.20278 0.52021
-9999 -9999 -9999 -9999 -9999 -9999 -9999 -9999 -9999 -9999 -9999 -9999 -9999 -9999 -9999 -9999 -9999 -9999 -9999 -9999 -9999 -9999 -9999 -9999 -9999 -9999 -9999 -9999 -9999 -9999 -9999 0.17544 0.00402 0.00292 0.00270 0.00822 0.01624 0.02929 0.04938 0.09358 0.14999 0.21848 1.54682 0.34761 0.47805 0.58295 0.32861 0.29824 1.36275 1.93391 2.12960 3.13563 2.88820 1.89616 1.91705 1.33030 0.35548 0.20102 0.26253 0.15164 0.08235 0.00989 0.00693 0.00850 0.02626 0.12811 0.10634 0.00713 0.00722 0.10630 0.52724 0.95100
-9999 -9999 -9999 -9999 -9999 -9999 -9999 -9999 -9999 -9999 -9999 -9999 -9999 -9999 -9999 -9999 -9999 -9999 -9999 -9999 -9999 -9999 -9999 -9999 -9999 -9999 -9999 -9999 -9999 0.06134 0.01162 0.00695 0.00987 0.00543 0.00697 0.01971 0.03087 0.02637 0.05653 0.09176 0.57792 3.72142 0.41501 0.34283 0.37071 0.57944 0.66279 0.52338 2.21293 2.49252 2.13994 3.02226 2.61357 1.68803 2.40580 1.13017 0.17787 0.17200 0.05006 0.00705 0.03689 0.00342 0.00476 0.02316 0.03595 0.08597 0.37035 0.35586 0.45086 0.57134 0.36138 1.40034
-9999 -9999 -9999 -9999 -9999 -9999 -9999 -9999 -9999 -9999 -9999 -9999 -9999 -9999 -9999 -9999 -9999 -9999 -9999 -9999 -9999 -9999 -9999 -9999 0.01544 0.01841 0.01705 0.05576 0.04215 0.06327 0.06544 0.03921 0.05297 0.03208 0.05571 0.16533 0.13737 0.20499 0.31777 0.22435 0.27965 2.95299 0.34205 0.42501 0.40222 0.45332 0.55260 0.78855 1.45108 1.85096 2.06739 4.48254 3.74870 2.63182 1.34856 0.55905 0.25988 0.29717 0.26547 0.07189 0.06056 0.01272 0.00917 0.01445 0.03903 0.03337 0.06429 0.13810 0.14155 0.34896 1.18200 1.17649
-9999 -9999 -9999 -9999 -9999 -9999 0.54913 0.78360 0.90209 0.99030 0.88606 -9999 -9999 -9999 -9999 -9999 -9999 -9999 -9999 -9999 -9999 0.05193 0.11694 0.04016 0.02128 0.03840 0.03367 0.05570 0.05009 0.09697 0.08424 0.08214 0.09255 0.05643 0.08244 0.18530 0.27513 0.19866 0.21771 0.16311 0.14381 0.42682 3.28559 0.34402 0.37343 0.39299 0.42184 0.53262 0.99849 2.00109 3.38638 3.85363 3.63490 1.85495 0.72221 0.33266 0.24719 0.27202 0.26016 0.09323 0.06115 0.01303 0.02658 0.07224 0.18187 0.02219 0.02654 0.05236 0.05426 0.08218 0.36867 0.77161
-9999 -9999 -9999 -9999 -9999 0.03441 0.04895 0.13746 0.07035 0.09289 0.10032 0.05286 0.03670 0.11037 -9999 -9999 -9999 0.06420 0.08461 0.14516 0.10979 0.12514 0.11994 0.06276 0.38542 0.23857 0.16866 0.11176 0.06596 0.12770 0.19932 0.14730 0.19893 0.25563 0.15597 0.19252 0.27092 0.28011 0.27170 0.25161 0.30071 0.45535 3.26210 2.64369 0.45545 0.46805 0.95863 1.73213 1.03338 2.16697 2.66399 2.57796 3.35453 1.84795 1.18232 0.87347 0.25533 0.06887 0.00407 0.04975 0.01563 0.00185 0.00798 0.00400 0.11831 0.25857 0.08883 0.11762 0.10511 0.10298 0.39254 0.85654
-9999 0.10217 0.24337 0.05207 0.07703 0.04435 0.05275 0.07181 0.08301 0.06232 0.08471 0.04702 0.07327 0.12760 0.08885 0.13917 0.10826 0.08666 0.13743 0.05588 0.08910 0.13048 0.10930 0.12154 0.08043 0.17590 0.18029 0.13289 0.11093 0.15586 0.11441 0.07221 0.06480 0.08282 0.08964 0.10085 0.10974 0.14605 0.13744 0.09872 0.09558 0.17992 2.97404 2.61444 0.32518 0.30147 0.37485 0.72366 0.75705 1.72214 1.73057 3.09930 2.96839 2.80238 2.37048 1.47352 0.48851 0.02498 0.01717 0.11409 0.01101 0.03818 0.03206 0.01528 0.09620 0.10346 0.01678 0.18872 0.06979 0.17325 0.72846 1.39683
-9999 0.18284 0.13009 0.13493 0.09977 0.04029 0.02011 0.07307 0.06167 0.03773 0.05533 0.21138 0.36996 0.25703 0.30469 0.30264 0.51222 0.42695 0.41163 0.20063 0.30480 0.35190 0.56018 0.34051 0.24853 0.31567 0.26586 0.21160 0.18883 0.18787 0.12706 0.19062 0.20974 0.17346 0.19254 0.17366 0.16254 0.15706 0.11298 0.13886 0.16829 0.25665 0.31346 4.03988 3.03491 0.28004 0.34915 0.48916 0.95742 1.75688 2.41519 2.36395 2.91813 3.75877 3.77040 2.31887 1.05583 0.35430 0.25293 0.08454 0.20528 0.17098 0.17230 0.02507 0.11242 0.35321 0.37818 0.41453 0.30412 0.65155 0.57311 1.58385
-9999 -9999 -9999 0.66775 0.74629 0.40663 0.27775 0.41923 0.41438 0.34298 0.09588 0.23321 0.19236 0.21194 0.23354 0.33371 0.59881 0.42508 0.42476 0.29174 0.77764 0.70386 0.73128 0.65653 0.45545 0.47930 0.44078 0.30523 0.25690 0.21648 0.22214 0.33040 0.32929 0.31135 0.31482 2.55289 0.13821 0.16620 0.20252 0.36875 0.15647 2.14061 1.26347 2.09683 3.79833 3.18522 3.30839 0.55638 0.74315 1.11148 1.10257 1.72479 2.53244 3.26887 2.81850 2.54251 1.67115 0.97552 1.51609 0.41213 0.42106 0.38292 0.74275 0.17178 0.08615 0.09244 0.03956 0.04772 0.40908 1.12275 1.26418 1.21318
-9999 -9999 -9999 -9999 -9999 -9999 0.49362 0.64392 0.64075 0.18086 0.13523 0.41144 0.46108 0.49885 0.44241 0.30252 0.31444 1.04395 0.95617 0.86388 1.02766 1.10236 0.84892 0.67636 0.64521 0.59887 0.43562 0.50154 2.74386 0.29622 0.19215 0.20972 2.57585 1.26843 2.44056 1.20833 2.80443 2.91797 1.16761 0.81306 0.38877 0.67315 0.72676 1.04123 1.79770 1.95410 4.18147 3.51324 3.15256 2.83112 2.62985 3.20107 3.16814 1.69638 2.30408 2.95232 1.53863 1.74270 1.98927 1.96414 0.96507 1.07122 0.60423 0.39674 0.80911 1.13763 0.20025 0.16130 0.81829 1.23750 2.30811 1.46778
-9999 -9999 -9999 -9999 -9999 -9999 0.20823 0.34518 0.26048 0.43449 0.38465 0.38924 0.42762 0.47337 0.57285 0.90664 1.16366 1.56481 1.45719 0.95423 0.96034 0.97208 0.87407 0.87555 0.80703 0.50813 0.44442 0.61858 1.76152 1.69031 2.08501 1.89235 1.94040 1.80652 2.22997 1.65759 2.43754 2.68661 2.38155 0.94826 1.92268 1.89034 1.20872 1.26278 1.23005 1.98217 3.05495 2.48886 1.97826 3.62610 3.35508 2.93961 2.89061 2.33665 1.83116 0.72789 1.05522 1.67040 1.43950 1.54641 1.85333 1.46433 1.11537 1.23142 1.06261 0.46729 0.15169 0.12481 0.38193 0.84233 2.52455 1.73249
-9999 -9999 -9999 -9999 -9999 -9999 -9999 -9999 -9999 -9999 0.27571 0.35016 0.36841 0.45569 0.52596 0.97365 1.03567 1.01185 1.29016 1.36382 1.35870 1.07092 1.04537 0.76484 0.69997 0.63607 0.60332 0.42379 0.32422 3.34399 2.78200 2.60603 2.90110 1.75492 1.39265 1.99763 1.68496 1.48947 1.29766 0.95366 3.25077 2.45019 0.06519 3.46080 2.91853 3.24150 3.47321 3.46637 2.44107 1.72485 1.42391 1.21792 1.07609 2.31370 2.00092 2.36873 2.20512 0.97683 1.19879 2.03949 0.84212 1.05039 1.05123 0.30464 0.43628 0.25439 0.26209 0.19684 0.35767 0.47990 1.98223 3.03680
-9999 -9999 -9999 -9999 -9999 -9999 -9999 -9999 -9999 -9999 0.37904 0.25533 0.40456 0.47331 0.67660 1.52718 1.43155 1.51333 1.70617 1.90460 2.00814 1.59198 1.42105 1.02886 0.91729 0.69702 0.52547 0.44325 0.35198 2.76125 2.99607 2.59478 3.35094 2.26721 3.55292 4.16115 3.12698 0.14964 0.11835 0.10371 0.10405 0.04414 0.04159 0.10566 0.09008 0.16875 0.20434 0.35672 0.35660 3.10701 1.32673 1.01266 0.90931 0.91618 1.71128 0.80635 0.81125 0.95165 0.75494 0.87439 0.76877 0.19396 0.23081 1.42443 1.12289 1.26535 1.22030 0.20458 0.27967 0.66287 3.09191 2.26168
-9999 -9999 -9999 -9999 -9999 -9999 -9999 -9999 -9999 -9999 -9999 -9999 0.16103 0.51685 0.74427 1.54072 1.89154 1.66224 1.76541 2.40970 2.18348 2.25977 2.09639 1.51687 1.00662 0.63707 0.54695 0.75641 0.59175 0.44787 3.12756 2.94112 2.84513 0.15177 0.15549 0.20406 0.14731 0.18639 0.13247 0.18309 0.17360 0.09371 0.14443 0.11836 0.10960 0.23907 0.27663 0.33233 0.33727 0.18254 2.47826 2.87487 1.00547 2.33754 1.37341 0.32371 0.27486 0.69229 0.56038 0.56599 0.48196 0.40954 0.50579 1.61170 0.82123 0.81766 2.21458 0.16399 0.33737 0.29207 2.06354 3.85462
-9999 -9999 -9999 -9999 -9999 -9999 -9999 -9999 -9999 -9999 -9999 -9999 0.16445 0.51434 0.72192 1.32154 1.55473 1.91556 2.28282 2.82418 3.51387 2.18277 2.45744 1.58272 0.99121 0.67278 0.61109 0.89214 0.70110 0.47638 0.35867 0.22772 0.25122 0.19840 0.16893 0.24670 0.19392 0.36198 0.21993 0.24485 0.25806 0.16989 0.17003 0.13650 0.13476 2.66548 2.73766 4.56903 2.02174 1.44597 3.50563 2.83315 1.97111 1.95196 1.53392 0.19443 0.41320 0.72973 0.60491 0.51811 0.52096 0.50190 0.79568 0.60905 0.95265 2.57998 2.66045 2.96642 2.29769 3.14240 2.39242 2.90086
-9999 -9999 -9999 -9999 -9999 -9999 -9999 -9999 -9999 -9999 -9999 0.41276 0.31890 0.61350 0.82407 1.03647 0.84918 0.92326 1.05799 1.19799 1.27685 1.39167 1.78584 1.44140 1.06853 0.55417 0.59150 0.79412 0.60497 0.38962 0.32355 0.55414 0.55869 0.43889 0.40451 0.19464 0.14486 0.16887 0.15746 0.19717 0.21716 0.31964 0.39331 0.30585 0.19461 0.17088 0.19116 3.09596 3.36335 2.07818 2.16846 1.70834 1.52948 0.65179 0.15527 0.49411 0.75869 0.86042 0.69718 0.94584 1.29536 1.18444 1.44914 1.43339 1.55082 2.22955 2.34983 2.16086 2.20881 2.25885 4.44576 4.53071
-9999 -9999 -9999 -9999 -9999 -9999 -9999 -9999 -9999 -9999 -9999 0.13986 0.39617 0.66563 0.89088 0.91669 0.77414 0.69402 1.26020 1.08447 1.37025 1.88706 1.39347 1.62640 1.28582 0.83316 0.75771 0.76190 0.63528 0.50371 0.41563 0.49221 0.53239 0.41485 0.58090 0.36240 0.27777 0.22831 0.24636 0.32301 0.35117 0.45659 2.72060 2.97681 3.19048 3.89207 3.76148 1.21956 0.29324 0.22286 0.42416 0.48500 0.37318 0.28389 0.25852 1.66503 1.85851 2.36864 2.74945 1.87634 1.23556 1.98036 1.78491 1.44017 1.78689 3.57989 1.91173 2.75987 2.73753 3.94632 2.88157 4.27997
