data/hydroclimate-scenarios/BCSD_hadcm_A1B/monthly_summaries/baseflow_monthly_tot_jun.2030-2059.asc
ncols	311
nrows	91
xllcenter	102.75
yllcenter	31.75
cellsize	0.5
NODATA_value	-9999
[rows 0 to 31 of 91, columns 216 to 287 of 311]
-9999 -9999 -9999 -9999 -9999 -9999 -9999 -9999 -9999 -9999 -9999 -9999 -9999 -9999 -9999 -9999 -9999 -9999 -9999 -9999 -9999 -9999 -9999 -9999 -9999 -9999 -9999 -9999 -9999 -9999 -9999 -9999 -9999 -9999 -9999 -9999 -9999 -9999 -9999 -9999 -9999 -9999 -9999 -9999 -9999 -9999 -9999 -9999 -9999 -9999 -9999 -9999 -9999 -9999 -9999 -9999 -9999 -9999 -9999 -9999 -9999 -9999 -9999 -9999 -9999 -9999 -9999 -9999 -9999 -9999 -9999 -9999
-9999 -9999 -9999 -9999 -9999 -9999 -9999 -9999 -9999 -9999 -9999 -9999 -9999 -9999 -9999 -9999 -9999 -9999 -9999 -9999 -9999 -9999 -9999 -9999 -9999 -9999 -9999 -9999 -9999 -9999 -9999 -9999 -9999 -9999 -9999 -9999 -9999 -9999 -9999 -9999 -9999 -9999 -9999 -9999 -9999 -9999 -9999 -9999 -9999 -9999 -9999 -9999 -9999 -9999 -9999 -9999 -9999 -9999 -9999 -9999 -9999 -9999 -9999 -9999 -9999 -9999 -9999 -9999 -9999 -9999 -9999 -9999
-9999 -9999 -9999 -9999 -9999 -9999 -9999 -9999 -9999 -9999 -9999 -9999 -9999 -9999 -9999 -9999 -9999 -9999 -9999 -9999 -9999 -9999 -9999 -9999 -9999 -9999 -9999 -9999 -9999 -9999 -9999 -9999 -9999 -9999 -9999 -9999 -9999 -9999 -9999 -9999 -9999 -9999 -9999 -9999 -9999 -9999 -9999 -9999 -9999 -9999 -9999 -9999 -9999 -9999 -9999 -9999 -9999 -9999 -9999 -9999 -9999 -9999 -9999 -9999 -9999 -9999 -9999 -9999 -9999 -9999 -9999 -9999
-9999 -9999 -9999 -9999 -9999 -9999 -9999 -9999 -9999 -9999 -9999 -9999 -9999 -9999 -9999 -9999 -9999 -9999 -9999 -9999 -9999 -9999 -9999 -9999 -9999 -9999 -9999 -9999 -9999 -9999 -9999 -9999 -9999 -9999 -9999 -9999 -9999 -9999 -9999 -9999 -9999 -9999 -9999 -9999 -9999 -9999 -9999 -9999 -9999 -9999 -9999 -9999 -9999 -9999 -9999 -9999 -9999 -9999 -9999 -9999 -9999 -9999 -9999 -9999 -9999 -9999 -9999 -9999 -9999 -9999 -9999 -9999
-9999 -9999 -9999 -9999 -9999 -9999 -9999 -9999 -9999 -9999 -9999 -9999 -9999 -9999 -9999 -9999 -9999 -9999 -9999 -9999 -9999 -9999 -9999 -9999 -9999 -9999 -9999 -9999 -9999 -9999 -9999 -9999 -9999 -9999 -9999 -9999 -9999 -9999 -9999 -9999 -9999 -9999 -9999 -9999 -9999 -9999 -9999 -9999 -9999 -9999 -9999 -9999 -9999 -9999 -9999 -9999 -9999 -9999 -9999 -9999 -9999 -9999 -9999 -9999 -9999 -9999 -9999 -9999 -9999 -9999 -9999 -9999
-9999 -9999 -9999 -9999 -9999 -9999 -9999 -9999 -9999 -9999 -9999 -9999 -9999 -9999 -9999 -9999 -9999 -9999 -9999 -9999 -9999 -9999 -9999 -9999 -9999 -9999 -9999 -9999 -9999 -9999 -9999 -9999 -9999 -9999 -9999 -9999 -9999 -9999 -9999 -9999 -9999 -9999 -9999 -9999 -9999 -9999 -9999 -9999 -9999 -9999 -9999 -9999 -9999 -9999 -9999 -9999 -9999 -9999 -9999 -9999 -9999 -9999 -9999 -9999 -9999 -9999 -9999 -9999 -9999 -9999 -9999 -9999
-9999 -9999 -9999 -9999 -9999 -9999 -9999 -9999 -9999 -9999 -9999 -9999 -9999 -9999 -9999 -9999 -9999 -9999 -9999 -9999 -9999 -9999 -9999 -9999 -9999 -9999 -9999 -9999 -9999 -9999 -9999 -9999 -9999 -9999 -9999 -9999 -9999 -9999 -9999 -9999 -9999 -9999 -9999 -9999 -9999 -9999 -9999 -9999 -9999 -9999 -9999 -9999 -9999 -9999 -9999 -9999 -9999 -9999 -9999 -9999 -9999 -9999 -9999 -9999 -9999 -9999 -9999 -9999 -9999 -9999 -9999 -9999
-9999 -9999 -9999 -9999 -9999 -9999 -9999 -9999 -9999 -9999 -9999 -9999 -9999 -9999 -9999 -9999 -9999 -9999 -9999 -9999 -9999 -9999 -9999 -9999 -9999 -9999 -9999 -9999 -9999 -9999 -9999 -9999 -9999 -9999 -9999 -9999 -9999 -9999 -9999 -9999 -9999 -9999 -9999 -9999 -9999 -9999 -9999 -9999 -9999 -9999 -9999 -9999 -9999 -9999 -9999 -9999 -9999 -9999 -9999 -9999 -9999 -9999 -9999 -9999 -9999 -9999 -9999 -9999 -9999 -9999 -9999 -9999
-9999 -9999 -9999 -9999 -9999 -9999 -9999 -9999 -9999 -9999 -9999 -9999 -9999 -9999 -9999 -9999 -9999 -9999 -9999 -9999 -9999 -9999 -9999 -9999 -9999 -9999 -9999 -9999 -9999 -9999 -9999 -9999 -9999 -9999 -9999 -9999 -9999 -9999 -9999 -9999 -9999 -9999 -9999 -9999 -9999 -9999 -9999 -9999 -9999 -9999 -9999 -9999 -9999 -9999 -9999 -9999 -9999 -9999 -9999 -9999 -9999 -9999 -9999 -9999 -9999 -9999 -9999 -9999 -9999 -9999 -9999 -9999
-9999 -9999 -9999 -9999 -9999 -9999 -9999 -9999 -9999 -9999 -9999 -9999 -9999 -9999 -9999 -9999 -9999 -9999 -9999 -9999 -9999 -9999 -9999 -9999 -9999 -9999 -9999 -9999 -9999 -9999 -9999 -9999 -9999 -9999 -9999 -9999 -9999 -9999 -9999 -9999 -9999 -9999 -9999 -9999 -9999 -9999 -9999 -9999 -9999 -9999 -9999 -9999 -9999 -9999 -9999 -9999 -9999 -9999 -9999 -9999 -9999 -9999 -9999 -9999 -9999 -9999 -9999 -9999 -9999 -9999 -9999 -9999
-9999 -9999 -9999 -9999 -9999 -9999 -9999 -9999 -9999 -9999 -9999 -9999 -9999 -9999 -9999 -9999 -9999 -9999 -9999 -9999 -9999 -9999 -9999 -9999 -9999 -9999 -9999 -9999 -9999 -9999 -9999 -9999 -9999 -9999 -9999 -9999 -9999 -9999 -9999 -9999 -9999 -9999 -9999 -9999 -9999 -9999 -9999 -9999 -9999 -9999 -9999 -9999 -9999 -9999 -9999 -9999 -9999 -9999 -9999 -9999 -9999 -9999 -9999 -9999 -9999 -9999 -9999 -9999 -9999 -9999 -9999 -9999
-9999 -9999 -9999 -9999 -9999 -9999 -9999 -9999 -9999 -9999 -9999 -9999 -9999 -9999 -9999 -9999 -9999 -9999 -9999 -9999 -9999 -9999 -9999 -9999 -9999 -9999 -9999 -9999 -9999 -9999 -9999 -9999 -9999 -9999 -9999 -9999 -9999 -9999 -9999 -9999 -9999 -9999 -9999 -9999 -9999 -9999 -9999 -9999 -9999 -9999 -9999 -9999 -9999 -9999 -9999 -9999 -9999 -9999 -9999 -9999 -9999 -9999 -9999 -9999 -9999 -9999 -9999 -9999 -9999 -9999 -9999 -9999
-9999 -9999 -9999 -9999 -9999 -9999 -9999 -9999 -9999 -9999 -9999 -9999 -9999 -9999 -9999 -9999 -9999 -9999 -9999 -9999 -9999 -9999 -9999 -9999 -9999 -9999 -9999 -9999 -9999 -9999 -9999 -9999 -9999 -9999 -9999 -9999 -9999 -9999 -9999 -9999 -9999 -9999 -9999 -9999 -9999 -9999 -9999 -9999 -9999 -9999 -9999 -9999 -9999 -9999 -9999 -9999 -9999 -9999 -9999 -9999 -9999 -9999 -9999 -9999 -9999 -9999 -9999 -9999 -9999 -9999 -9999 -9999
5.39458 3.04341 3.20024 -9999 -9999 -9999 -9999 -9999 -9999 -9999 -9999 -9999 -9999 -9999 -9999 -9999 -9999 -9999 -9999 -9999 -9999 -9999 -9999 -9999 -9999 -9999 -9999 -9999 -9999 -9999 -9999 -9999 -9999 -9999 -9999 -9999 -9999 -9999 -9999 -9999 -9999 -9999 -9999 -9999 2.39672 -9999 -9999 -9999 -9999 -9999 -9999 -9999 -9999 -9999 -9999 -9999 -9999 -9999 -9999 -9999 -9999 -9999 -9999 -9999 -9999 -9999 -9999 -9999 -9999 -9999 -9999 -9999
7.69052 9.51237 10.18200 3.45564 3.51350 3.65970 5.75317 2.22818 4.00112 4.28569 24.83050 25.01270 23.01460 19.27210 10.41940 124.27100 -9999 -9999 -9999 -9999 -9999 -9999 -9999 -9999 -9999 -9999 -9999 -9999 -9999 -9999 -9999 -9999 -9999 -9999 -9999 -9999 -9999 -9999 -9999 0.04582 0.06104 0.00295 0.01189 0.09497 0.23001 7.41775 -9999 -9999 -9999 7.54019 -9999 -9999 -9999 9.52832 20.23040 20.44780 -9999 -9999 -9999 -9999 -9999 -9999 -9999 -9999 -9999 -9999 -9999 -9999 -9999 -9999 -9999 -9999
10.76490 11.74370 12.67050 0.15862 0.11348 0.46451 0.85077 0.98244 1.81267 2.57090 3.98769 1.16174 3.18494 1.69037 0.96307 0.27521 0.20624 0.18007 0.43519 9.49859 34.91640 11.06290 -9999 -9999 -9999 -9999 -9999 9.87158 7.53788 8.30072 15.18290 19.40550 16.61730 8.39120 4.24237 5.16058 3.33429 1.73031 2.01701 0.00046 0.00037 0.00853 0.01034 0.29872 0.85465 14.73310 17.82190 19.14580 16.12940 15.77670 22.48760 21.53150 18.68700 29.18980 30.93770 21.90080 22.38120 27.11270 23.67800 26.59870 20.91800 -9999 -9999 -9999 -9999 -9999 -9999 -9999 -9999 -9999 -9999 -9999
11.90380 11.17260 4.55597 1.59256 2.98815 3.51228 3.79587 0.68740 3.61718 4.82847 7.72557 3.31745 2.28747 0.73868 0.43784 0.14794 0.12055 0.53566 0.33600 16.10700 3.10552 6.05715 11.65750 14.15380 24.24020 25.56610 20.80480 13.61460 13.25190 12.45960 18.20660 20.30440 16.02410 10.48520 10.16420 12.56250 9.89005 9.18631 9.72806 8.61130 10.04700 14.66100 12.82690 15.38230 17.26920 16.33840 16.53170 22.19260 21.88470 26.04390 28.57050 30.58350 41.23550 38.37370 37.96530 45.36830 46.73120 42.46860 50.89240 49.69700 49.80970 37.69960 28.07140 27.12620 26.71770 22.58300 25.27870 29.07150 29.11060 -9999 -9999 -9999
10.36830 8.93335 5.41885 2.82159 1.68532 1.49710 0.46717 0.06357 0.02920 0.59517 0.03803 0.00136 0.00059 0.00162 0.00304 0.63331 1.04551 1.53258 6.15350 45.68960 56.77370 9.42288 16.18830 17.27830 15.64720 32.93260 40.47260 31.72120 19.41230 17.04090 21.70340 24.16320 23.57180 24.30510 24.45990 23.05470 20.98460 18.70240 22.42870 17.04540 13.79280 15.58260 14.82910 14.25650 16.78070 18.02440 17.85690 20.87540 23.84160 24.58390 31.28640 32.01660 37.96450 39.34540 35.75700 42.96860 45.72470 50.77800 59.20520 54.88210 58.84660 43.26270 38.72950 39.52670 49.40720 55.35190 62.68350 68.23040 53.61180 -9999 25.34310 -9999
8.92905 7.23088 1.90417 1.26757 0.04547 0.03733 0.07195 0.03323 0.04036 0.00058 0.00922 0.00099 0.01248 0.08694 0.00463 0.17019 0.05464 8.45791 24.07740 48.74530 53.91880 18.96520 15.40050 25.11140 6.70069 7.88686 26.17960 59.73330 48.12440 40.45550 32.60870 32.49110 33.03950 35.45820 31.88160 26.95570 24.31830 15.97190 15.83220 13.34510 15.69520 18.91180 21.19110 23.10640 21.13130 24.60100 24.11370 22.79030 21.16700 19.49500 20.28050 25.51210 26.27140 26.53880 30.93240 46.63170 49.69590 40.43460 44.06400 45.11440 45.73850 48.85710 58.64360 58.46490 58.60650 57.05070 60.03660 73.31390 82.67580 65.27100 -9999 -9999
11.88360 8.38411 6.58766 2.59279 1.34233 2.96275 1.49397 0.65969 0.24203 0.38391 0.24948 0.78383 0.48392 0.19378 0.56760 24.22860 31.06910 20.03560 38.83030 21.48730 35.68070 9.05789 14.53380 27.21220 26.07520 39.11000 31.28640 53.68700 64.01260 50.33570 31.99340 35.04060 34.48930 31.97220 28.96170 32.30940 37.46960 28.43000 25.15260 36.03320 38.85820 31.34000 32.92680 35.51020 30.34460 29.79690 25.88550 28.77570 27.88350 23.47600 20.62630 20.63690 21.23110 25.36060 28.21370 34.90570 35.52490 32.05880 34.71690 36.76540 41.13620 46.87170 51.14410 59.37110 64.19810 74.98970 76.18670 85.11730 108.68300 92.33250 76.02690 -9999
19.29540 8.79636 4.89656 3.37930 2.27791 0.47584 0.28906 0.42173 0.42723 0.43414 0.56188 0.61527 1.72487 2.58461 2.85291 12.13760 4.97653 0.03465 0.17127 2.88831 1.26383 1.49383 14.70460 22.79910 28.33410 26.00890 30.91940 36.72760 46.69390 41.40650 27.32900 16.76900 15.63260 14.97490 17.10130 18.87900 18.95550 25.54280 20.73710 24.86520 24.28320 23.70400 23.57070 27.55500 28.40170 29.23540 29.96980 34.46940 25.84670 25.32700 25.78180 25.53980 28.68780 28.33330 24.91770 29.95640 28.32050 24.32360 26.40690 24.61610 27.25510 33.77190 38.47460 42.16010 56.96890 69.40570 75.34870 78.89610 80.70680 89.29310 91.18280 91.46990
1.40500 0.77245 0.76377 0.63276 0.82542 0.62976 0.52176 0.49781 0.50844 0.76021 1.17812 2.04752 1.47140 1.69799 1.65347 12.91110 13.89380 0.00551 0.00521 0.00068 0.00900 0.08835 12.37610 20.43370 28.45410 21.91440 28.66560 30.15590 31.54550 30.22780 21.70320 15.88580 13.32810 10.98820 9.32357 10.40320 11.03720 11.54340 12.73620 16.34770 16.28320 17.34010 14.76370 16.64730 19.37160 24.74380 25.12690 23.00900 21.62000 19.33050 21.06170 24.68120 21.27230 22.38900 22.71540 27.79300 26.83520 26.11900 24.48330 21.25240 22.23220 26.40320 25.02200 28.84320 46.54840 50.04980 56.08270 68.76610 66.30820 55.03840 54.90280 58.44310
3.54071 4.57671 7.02619 9.99390 11.06360 11.44700 10.64560 0.89866 0.85050 2.45281 1.42693 3.85945 3.74626 6.48352 3.40410 11.68500 21.85330 0.00238 0.00029 0.00000 0.00140 0.00010 2.32613 5.80756 9.50078 14.38090 17.84970 19.17820 15.64010 13.89190 14.21210 20.95170 17.13040 18.32470 21.53360 25.05340 19.09510 21.05960 15.56390 13.47010 13.26760 16.33300 18.04560 20.10080 25.47770 30.75060 32.88700 24.29150 22.85140 25.86980 25.93540 24.81820 28.20450 25.56280 24.54350 21.96690 21.73200 24.14950 18.13490 23.64740 22.81620 21.66380 24.98980 31.53180 33.13370 30.83020 31.32630 40.97960 43.74460 44.72310 43.48110 45.99100
5.80802 2.93625 5.63864 7.70093 7.65750 9.98325 3.55633 1.62456 1.57105 0.25609 0.57031 0.36050 0.12660 6.75989 3.96158 15.94250 27.26940 0.39731 0.00007 0.00062 0.00608 0.00120 0.00267 0.43379 1.37393 5.36527 10.81180 12.89020 12.51280 12.91040 12.87740 17.50750 16.31700 16.20890 20.68000 25.72880 23.52210 32.65680 36.13790 37.55770 48.77390 45.94880 45.65470 27.62030 19.65420 29.23480 33.61850 24.06450 19.89540 21.48640 16.30430 18.95510 20.54100 17.62030 20.18990 19.91130 28.67050 26.45040 20.72750 22.02230 29.82730 26.34630 31.08580 29.53270 29.12380 24.54590 21.59020 28.09090 31.29940 38.39690 39.29480 34.78830
3.61133 3.37745 3.14572 2.15325 3.17036 7.71550 8.80789 3.03314 0.80014 0.85774 0.96202 0.69102 0.32464 0.04004 0.00225 0.01336 38.56900 53.94920 0.35501 0.24169 0.26131 0.00000 0.00000 0.00000 0.00200 0.07987 0.56784 0.33756 1.96279 3.62795 6.08618 2.63666 6.98702 11.56130 11.76910 21.21000 27.64910 53.24310 64.08570 73.07500 74.76160 94.16440 121.76000 100.43400 54.72430 41.24520 21.88390 17.67300 13.81180 17.09980 19.65680 14.84240 16.44240 17.33840 18.87420 16.95800 17.93120 21.91160 30.37620 37.05380 31.83550 24.23330 20.45210 21.43190 16.46600 20.31100 18.19850 22.68470 24.12900 25.88900 29.35820 31.50690
2.91418 5.69826 5.22459 6.10572 4.64709 4.10530 3.15153 5.39598 8.16551 4.93898 4.90776 2.30182 0.15678 0.02757 0.00722 0.06584 0.43967 0.30788 9.72356 0.00082 0.40027 0.00693 0.26265 0.00045 0.00000 0.06930 1.51763 1.42042 4.03150 0.77773 2.16206 0.33435 1.92061 11.77660 14.07300 20.96550 32.55530 44.80750 58.01120 70.44260 98.42210 99.26340 116.96800 109.75600 71.63820 44.72510 40.84790 31.62870 17.99170 13.48110 26.79230 27.54410 16.18300 17.46380 17.60120 16.27550 17.32200 18.20780 23.55110 23.27780 19.37350 19.21630 22.09780 20.17430 18.66010 23.69520 17.25860 20.55710 23.69120 22.74920 25.23200 25.28530
13.86390 11.72090 29.28180 51.96970 74.00140 66.39910 47.70230 30.80150 48.00430 27.39170 6.35776 3.99685 2.24735 1.23619 0.51435 4.08774 0.23782 1.82351 0.64531 0.89173 4.21425 1.57042 3.22967 10.41870 10.52070 13.71740 25.00100 23.53290 10.00360 7.46932 8.39340 9.25731 14.12630 6.61086 12.03440 24.79320 44.84850 68.95540 88.62400 68.69680 70.69710 149.53900 135.00000 113.02900 131.98900 74.47640 24.33150 43.08900 36.32860 15.60990 12.98680 15.92030 17.04850 16.34000 15.35350 15.08400 15.10300 16.08760 18.46420 20.59210 22.95390 19.77080 16.83890 18.53520 18.31820 18.25780 18.01240 13.47160 15.97290 18.93650 17.38110 21.19180
34.17550 30.94110 24.54370 23.79480 38.27090 79.50550 109.82600 62.23060 114.86600 92.71870 87.02040 58.70700 13.29140 0.89029 0.66936 45.83980 50.33370 35.46300 42.50000 19.45870 30.56710 2.00055 4.47504 6.48025 17.95420 13.53170 18.29850 13.14140 1.45782 0.43604 1.57683 0.33298 2.73918 11.05280 26.11210 36.59620 55.85600 81.28250 116.42600 70.55120 70.30810 151.05200 186.23500 197.16299 177.53101 81.42010 37.46810 42.02020 37.96800 33.72120 18.33360 14.26080 14.84640 12.15260 14.63010 14.28890 14.54450 15.34640 16.67470 17.03880 15.69200 14.89300 14.91060 16.18860 17.06510 16.91650 15.77840 15.65250 16.47910 18.45020 18.40140 23.07730
27.05000 18.62650 19.95540 36.14100 12.64230 12.28470 12.38850 11.52100 11.39710 14.08560 24.93180 18.45130 27.96650 16.64110 0.65850 39.05450 59.46770 83.80350 100.31400 61.36750 26.87940 0.01299 0.00052 3.73023 7.98462 5.59653 10.98670 11.90930 2.50784 0.75383 0.03587 0.01567 0.47257 10.19160 23.10350 46.50580 75.50100 92.57040 122.83700 70.77920 70.74630 190.08400 212.05800 273.85300 286.98199 173.25600 178.54500 98.65440 69.29670 46.73590 19.23250 16.42590 9.87118 11.37850 14.08600 12.88190 12.76150 10.90780 10.78330 11.03120 11.30590 10.96040 15.18680 16.61140 17.52440 16.73570 15.07390 15.06460 15.01200 15.62520 18.41370 20.43570
74.37080 156.17900 101.63900 44.06930 17.99260 7.79111 6.45384 4.91540 4.81967 37.38240 94.85310 97.52930 113.38400 82.60440 33.99480 53.74620 68.44200 77.70600 170.74001 143.21400 62.09150 14.96390 1.47420 0.70629 0.03162 1.01352 6.17269 2.90061 0.13233 0.20808 0.02478 0.09630 1.56115 20.03740 30.81540 49.53480 78.54500 115.32200 138.90401 158.60001 71.24030 181.63200 267.07999 221.52100 219.31799 233.68600 205.62000 127.19800 77.13120 37.49000 41.06070 18.06080 8.77644 12.38550 13.04960 12.30080 13.13730 17.26020 22.47320 25.33900 24.57160 20.35140 14.47420 16.30900 15.95890 16.60760 15.65060 14.88200 14.47580 17.32390 17.01900 18.98640
28.41980 44.67820 30.35280 67.41400 155.67101 104.03700 30.52740 14.65370 7.84030 26.86570 54.92940 83.42020 218.53999 83.62020 87.90070 173.78200 183.37000 174.74800 249.32600 207.41499 90.64600 26.32130 8.30017 12.24410 19.68070 3.81013 7.47268 1.37960 0.15018 0.13540 0.05936 1.02181 6.14337 17.44350 35.69160 53.17990 74.82410 83.63800 60.28250 60.32520 60.36670 151.41200 168.87801 208.82001 159.24200 100.81500 65.00890 51.56990 48.25360 29.04810 34.36760 26.85150 12.61910 11.28340 11.75580 10.05080 10.00070 11.35230 11.89190 12.51600 12.78870 12.78430 12.68460 12.81540 13.36490 13.78610 14.60950 14.33130 13.20880 13.66090 17.53280 12.69420
27.01500 210.24400 647.19202 -9999 695.25000 695.99200 564.30200 520.40698 103.84200 79.61530 71.24360 66.13490 61.78000 34.17130 76.90040 74.01840 62.29380 163.80600 139.55299 327.07700 251.17700 155.34500 109.94500 53.95980 39.28500 38.92600 34.27810 22.08430 5.87539 0.39085 1.08225 4.45594 15.69790 33.07710 46.29190 64.35210 62.04910 57.92180 59.53020 58.83280 58.86630 131.67500 159.42300 152.17799 115.91200 79.11900 74.53880 58.62990 46.46460 46.69210 35.53020 18.75020 11.28160 9.60233 9.64124 10.12590 10.24500 11.20640 10.94130 10.80920 10.87100 11.30830 11.77460 11.97910 11.91050 12.26810 12.73550 12.61960 16.59780 16.83730 15.50940 12.79550
