data/hydroclimate-scenarios/BCSD_hadcm_A1B/monthly_summaries/baseflow_monthly_tot_nov.2070-2099.asc
ncols	311
nrows	91
xllcenter	102.75
yllcenter	31.75
cellsize	0.5
NODATA_value	-9999
[rows 0 to 31 of 91, columns 216 to 287 of 311]
-9999 -9999 -9999 -9999 -9999 -9999 -9999 -9999 -9999 -9999 -9999 -9999 -9999 -9999 -9999 -9999 -9999 -9999 -9999 -9999 -9999 -9999 -9999 -9999 -9999 -9999 -9999 -9999 -9999 -9999 -9999 -9999 -9999 -9999 -9999 -9999 -9999 -9999 -9999 -9999 -9999 -9999 -9999 -9999 -9999 -9999 -9999 -9999 -9999 -9999 -9999 -9999 -9999 -9999 -9999 -9999 -9999 -9999 -9999 -9999 -9999 -9999 -9999 -9999 -9999 -9999 -9999 -9999 -9999 -9999 -9999 -9999
-9999 -9999 -9999 -9999 -9999 -9999 -9999 -9999 -9999 -9999 -9999 -9999 -9999 -9999 -9999 -9999 -9999 -9999 -9999 -9999 -9999 -9999 -9999 -9999 -9999 -9999 -9999 -9999 -9999 -9999 -9999 -9999 -9999 -9999 -9999 -9999 -9999 -9999 -9999 -9999 -9999 -9999 -9999 -9999 -9999 -9999 -9999 -9999 -9999 -9999 -9999 -9999 -9999 -9999 -9999 -9999 -9999 -9999 -9999 -9999 -9999 -9999 -9999 -9999 -9999 -9999 -9999 -9999 -9999 -9999 -9999 -9999
-9999 -9999 -9999 -9999 -9999 -9999 -9999 -9999 -9999 -9999 -9999 -9999 -9999 -9999 -9999 -9999 -9999 -9999 -9999 -9999 -9999 -9999 -9999 -9999 -9999 -9999 -9999 -9999 -9999 -9999 -9999 -9999 -9999 -9999 -9999 -9999 -9999 -9999 -9999 -9999 -9999 -9999 -9999 -9999 -9999 -9999 -9999 -9999 -9999 -9999 -9999 -9999 -9999 -9999 -9999 -9999 -9999 -9999 -9999 -9999 -9999 -9999 -9999 -9999 -9999 -9999 -9999 -9999 -9999 -9999 -9999 -9999
-9999 -9999 -9999 -9999 -9999 -9999 -9999 -9999 -9999 -9999 -9999 -9999 -9999 -9999 -9999 -9999 -9999 -9999 -9999 -9999 -9999 -9999 -9999 -9999 -9999 -9999 -9999 -9999 -9999 -9999 -9999 -9999 -9999 -9999 -9999 -9999 -9999 -9999 -9999 -9999 -9999 -9999 -9999 -9999 -9999 -9999 -9999 -9999 -9999 -9999 -9999 -9999 -9999 -9999 -9999 -9999 -9999 -9999 -9999 -9999 -9999 -9999 -9999 -9999 -9999 -9999 -9999 -9999 -9999 -9999 -9999 -9999
-9999 -9999 -9999 -9999 -9999 -9999 -9999 -9999 -9999 -9999 -9999 -9999 -9999 -9999 -9999 -9999 -9999 -9999 -9999 -9999 -9999 -9999 -9999 -9999 -9999 -9999 -9999 -9999 -9999 -9999 -9999 -9999 -9999 -9999 -9999 -9999 -9999 -9999 -9999 -9999 -9999 -9999 -9999 -9999 -9999 -9999 -9999 -9999 -9999 -9999 -9999 -9999 -9999 -9999 -9999 -9999 -9999 -9999 -9999 -9999 -9999 -9999 -9999 -9999 -9999 -9999 -9999 -9999 -9999 -9999 -9999 -9999
-9999 -9999 -9999 -9999 -9999 -9999 -9999 -9999 -9999 -9999 -9999 -9999 -9999 -9999 -9999 -9999 -9999 -9999 -9999 -9999 -9999 -9999 -9999 -9999 -9999 -9999 -9999 -9999 -9999 -9999 -9999 -9999 -9999 -9999 -9999 -9999 -9999 -9999 -9999 -9999 -9999 -9999 -9999 -9999 -9999 -9999 -9999 -9999 -9999 -9999 -9999 -9999 -9999 -9999 -9999 -9999 -9999 -9999 -9999 -9999 -9999 -9999 -9999 -9999 -9999 -9999 -9999 -9999 -9999 -9999 -9999 -9999
-9999 -9999 -9999 -9999 -9999 -9999 -9999 -9999 -9999 -9999 -9999 -9999 -9999 -9999 -9999 -9999 -9999 -9999 -9999 -9999 -9999 -9999 -9999 -9999 -9999 -9999 -9999 -9999 -9999 -9999 -9999 -9999 -9999 -9999 -9999 -9999 -9999 -9999 -9999 -9999 -9999 -9999 -9999 -9999 -9999 -9999 -9999 -9999 -9999 -9999 -9999 -9999 -9999 -9999 -9999 -9999 -9999 -9999 -9999 -9999 -9999 -9999 -9999 -9999 -9999 -9999 -9999 -9999 -9999 -9999 -9999 -9999
-9999 -9999 -9999 -9999 -9999 -9999 -9999 -9999 -9999 -9999 -9999 -9999 -9999 -9999 -9999 -9999 -9999 -9999 -9999 -9999 -9999 -9999 -9999 -9999 -9999 -9999 -9999 -9999 -9999 -9999 -9999 -9999 -9999 -9999 -9999 -9999 -9999 -9999 -9999 -9999 -9999 -9999 -9999 -9999 -9999 -9999 -9999 -9999 -9999 -9999 -9999 -9999 -9999 -9999 -9999 -9999 -9999 -9999 -9999 -9999 -9999 -9999 -9999 -9999 -9999 -9999 -9999 -9999 -9999 -9999 -9999 -9999
-9999 -9999 -9999 -9999 -9999 -9999 -9999 -9999 -9999 -9999 -9999 -9999 -9999 -9999 -9999 -9999 -9999 -9999 -9999 -9999 -9999 -9999 -9999 -9999 -9999 -9999 -9999 -9999 -9999 -9999 -9999 -9999 -9999 -9999 -9999 -9999 -9999 -9999 -9999 -9999 -9999 -9999 -9999 -9999 -9999 -9999 -9999 -9999 -9999 -9999 -9999 -9999 -9999 -9999 -9999 -9999 -9999 -9999 -9999 -9999 -9999 -9999 -9999 -9999 -9999 -9999 -9999 -9999 -9999 -9999 -9999 -9999
-9999 -9999 -9999 -9999 -9999 -9999 -9999 -9999 -9999 -9999 -9999 -9999 -9999 -9999 -9999 -9999 -9999 -9999 -9999 -9999 -9999 -9999 -9999 -9999 -9999 -9999 -9999 -9999 -9999 -9999 -9999 -9999 -9999 -9999 -9999 -9999 -9999 -9999 -9999 -9999 -9999 -9999 -9999 -9999 -9999 -9999 -9999 -9999 -9999 -9999 -9999 -9999 -9999 -9999 -9999 -9999 -9999 -9999 -9999 -9999 -9999 -9999 -9999 -9999 -9999 -9999 -9999 -9999 -9999 -9999 -9999 -9999
-9999 -9999 -9999 -9999 -9999 -9999 -9999 -9999 -9999 -9999 -9999 -9999 -9999 -9999 -9999 -9999 -9999 -9999 -9999 -9999 -9999 -9999 -9999 -9999 -9999 -9999 -9999 -9999 -9999 -9999 -9999 -9999 -9999 -9999 -9999 -9999 -9999 -9999 -9999 -9999 -9999 -9999 -9999 -9999 -9999 -9999 -9999 -9999 -9999 -9999 -9999 -9999 -9999 -9999 -9999 -9999 -9999 -9999 -9999 -9999 -9999 -9999 -9999 -9999 -9999 -9999 -9999 -9999 -9999 -9999 -9999 -9999
-9999 -9999 -9999 -9999 -9999 -9999 -9999 -9999 -9999 -9999 -9999 -9999 -9999 -9999 -9999 -9999 -9999 -9999 -9999 -9999 -9999 -9999 -9999 -9999 -9999 -9999 -9999 -9999 -9999 -9999 -9999 -9999 -9999 -9999 -9999 -9999 -9999 -9999 -9999 -9999 -9999 -9999 -9999 -9999 -9999 -9999 -9999 -9999 -9999 -9999 -9999 -9999 -9999 -9999 -9999 -9999 -9999 -9999 -9999 -9999 -9999 -9999 -9999 -9999 -9999 -9999 -9999 -9999 -9999 -9999 -9999 -9999
-9999 -9999 -9999 -9999 -9999 -9999 -9999 -9999 -9999 -9999 -9999 -9999 -9999 -9999 -9999 -9999 -9999 -9999 -9999 -9999 -9999 -9999 -9999 -9999 -9999 -9999 -9999 -9999 -9999 -9999 -9999 -9999 -9999 -9999 -9999 -9999 -9999 -9999 -9999 -9999 -9999 -9999 -9999 -9999 -9999 -9999 -9999 -9999 -9999 -9999 -9999 -9999 -9999 -9999 -9999 -9999 -9999 -9999 -9999 -9999 -9999 -9999 -9999 -9999 -9999 -9999 -9999 -9999 -9999 -9999 -9999 -9999
0.24271 0.23929 0.38150 -9999 -9999 -9999 -9999 -9999 -9999 -9999 -9999 -9999 -9999 -9999 -9999 -9999 -9999 -9999 -9999 -9999 -9999 -9999 -9999 -9999 -9999 -9999 -9999 -9999 -9999 -9999 -9999 -9999 -9999 -9999 -9999 -9999 -9999 -9999 -9999 -9999 -9999 -9999 -9999 -9999 2.23706 -9999 -9999 -9999 -9999 -9999 -9999 -9999 -9999 -9999 -9999 -9999 -9999 -9999 -9999 -9999 -9999 -9999 -9999 -9999 -9999 -9999 -9999 -9999 -9999 -9999 -9999 -9999
0.06025 0.09249 0.14556 0.13191 0.14842 0.19265 0.27380 0.49778 1.71006 1.43934 1.37682 1.15408 1.13274 1.04435 0.78269 14.47250 -9999 -9999 -9999 -9999 -9999 -9999 -9999 -9999 -9999 -9999 -9999 -9999 -9999 -9999 -9999 -9999 -9999 -9999 -9999 -9999 -9999 -9999 -9999 0.52006 0.51248 0.41101 0.43564 0.64799 0.75094 2.03546 -9999 -9999 -9999 3.30020 -9999 -9999 -9999 4.13488 6.20665 6.75239 -9999 -9999 -9999 -9999 -9999 -9999 -9999 -9999 -9999 -9999 -9999 -9999 -9999 -9999 -9999 -9999
0.03038 0.05696 0.08607 0.15443 0.18480 0.44642 0.98996 0.91627 2.83310 2.67523 3.73652 4.45465 3.59201 2.68544 2.42692 0.79950 0.55271 0.33756 0.61169 2.39653 4.87751 2.06231 -9999 -9999 -9999 -9999 -9999 1.51619 1.18519 1.10589 1.46590 1.56415 1.74474 0.70238 0.29412 0.30825 0.22132 0.18843 0.24942 0.24629 0.28295 0.43671 0.49159 0.69630 1.01957 2.11516 2.47414 2.58633 2.94684 3.01653 3.79559 3.82093 3.78463 4.78317 5.05366 6.00434 6.44492 6.31905 5.58329 5.19965 4.74770 -9999 -9999 -9999 -9999 -9999 -9999 -9999 -9999 -9999 -9999 -9999
5.01086 3.44165 4.74313 2.73155 4.30549 5.15847 5.05250 4.81986 5.41432 3.46052 5.80922 3.80913 4.11921 1.79584 1.20696 0.44939 0.33506 0.77058 0.62648 2.85335 1.71163 1.24581 1.62646 1.66064 1.73416 1.79165 1.40714 1.20604 1.10329 0.64949 0.66398 0.60712 0.68941 0.28388 0.15031 0.16476 0.15633 0.13501 0.19899 0.29982 0.40697 0.71468 0.75962 0.90983 1.05314 1.45357 1.83619 1.64519 2.07984 2.52579 2.98539 3.16551 3.64656 3.72992 4.58270 6.67376 6.49723 6.16987 7.01988 5.70669 4.74171 4.40167 4.08208 5.15067 5.08290 6.03491 6.54571 6.03384 5.04652 -9999 -9999 -9999
5.37473 5.43332 7.40499 5.30017 3.22935 2.57650 0.87492 0.30158 0.20345 0.57466 0.30843 0.16783 0.11459 0.25076 0.29289 1.31537 1.37323 1.06733 1.30549 4.90715 7.99912 0.70656 0.97663 2.31973 0.66816 0.82293 0.79173 0.97131 1.27012 0.58594 0.74768 0.77353 0.63789 0.25760 0.20790 0.22128 0.17124 0.18977 0.30396 0.48130 0.51481 0.75455 0.78891 0.75716 0.88543 1.14584 1.35211 0.95141 1.28932 1.29355 2.27337 2.19561 2.62250 3.27152 3.17131 4.61324 4.56222 5.37249 5.99369 3.98931 3.88854 3.48247 3.75757 5.01505 5.78715 7.68706 8.17999 8.77508 7.33808 -9999 4.13781 -9999
9.18715 8.40094 2.45465 1.03039 0.20556 0.05432 0.09839 0.04700 0.06796 0.01618 0.05520 0.03718 0.21725 0.18142 0.08396 0.58660 0.26592 1.84385 3.81029 8.10782 7.18447 1.50388 0.89891 0.94528 0.48752 0.28387 0.17545 0.58999 1.93827 0.91998 0.32391 0.10530 0.12044 0.25194 0.36735 0.29460 0.28100 0.21043 0.29621 0.33036 0.45322 0.59697 0.80184 0.81936 0.79377 1.04729 1.26721 1.31482 1.35042 1.07972 1.14887 1.53808 1.81205 1.57216 1.96706 2.80774 2.67123 3.33922 2.45999 2.73054 3.53309 3.81523 4.36154 3.51674 4.69813 6.03322 6.54029 7.84252 10.34860 7.84350 -9999 -9999
8.54751 5.11204 3.78427 0.83670 0.96321 0.71192 0.16951 0.02378 0.01262 0.02423 0.01575 0.07793 0.08161 0.09586 0.15443 8.86346 7.61354 3.22694 4.56102 1.34889 2.21777 0.48959 0.64193 0.62241 0.26189 0.92493 0.06206 0.29536 1.17466 2.37961 0.86144 4.58181 3.98747 4.39451 4.43621 4.14018 4.33464 4.37551 4.15563 4.12206 4.19860 3.29192 3.79774 3.49626 3.45127 3.86099 4.04055 4.62235 1.25900 1.26541 1.30838 0.53399 0.63297 0.68604 0.80204 1.44827 2.33676 2.47162 8.28658 7.75502 7.92467 8.28862 9.24722 10.92290 4.00543 5.26063 9.38340 9.07849 9.09564 9.49222 5.96653 -9999
13.09220 5.89563 2.35036 0.52079 0.20450 0.01309 0.00512 0.01666 0.01748 0.02336 0.02225 0.00590 0.07147 0.52389 0.68843 3.26491 0.61788 0.04145 0.04770 0.19214 0.12068 0.03160 0.48357 0.67896 0.73907 0.15330 0.04144 0.02556 0.71696 2.07313 1.83047 1.30343 0.26287 0.03154 0.10992 0.31094 0.29096 5.31335 4.62122 3.80668 3.12757 2.91457 3.15461 3.04236 2.94225 3.37925 3.39682 4.85823 5.01296 3.12855 3.23922 3.17275 3.62828 3.46454 3.05534 5.35907 5.06710 1.55255 7.00514 5.48620 6.42424 9.55904 10.09950 2.88401 2.72872 2.70073 3.42118 5.14347 5.59791 5.27367 4.93256 3.12635
0.10079 0.08900 0.07226 0.01929 0.02487 0.01335 0.00680 0.01155 0.00749 0.00906 0.00948 0.01002 0.01126 0.16765 0.23425 5.64097 3.06995 0.00708 0.00126 0.00094 0.00142 0.00213 0.30656 0.18197 0.26389 0.09360 0.04741 0.03748 0.61642 0.93293 2.08207 2.19876 1.75689 1.20649 0.93924 1.55185 1.61963 2.04491 1.20569 3.00525 2.88003 2.73902 0.62772 0.34713 0.47677 2.95873 3.45419 5.23813 4.57373 2.90253 3.11361 3.52103 4.04226 3.18356 3.07940 4.42983 5.08888 10.57290 5.71283 4.72945 5.09953 7.69879 6.14791 0.87072 1.15768 0.99544 1.77967 3.10833 3.07980 2.25349 2.13321 2.62068
0.40600 1.46921 6.26248 16.49200 12.92160 8.61629 4.48487 0.68788 0.18468 0.04974 0.00501 0.04321 0.08736 1.17999 0.55036 2.09946 2.44864 0.00369 0.00032 0.00010 0.00018 0.00000 0.02302 0.03507 0.04861 0.06243 1.02082 0.17791 1.27801 0.33343 0.06271 0.39033 0.22774 0.08833 0.08383 1.55415 0.88374 0.29501 0.49749 1.29765 0.81981 3.60098 3.91282 3.34229 2.98921 3.81247 3.68168 0.56649 0.80490 4.33601 5.28642 3.36462 3.22132 3.53812 4.87699 4.35630 6.57873 7.89578 4.08854 5.46553 5.41982 3.68012 3.39284 0.61452 0.76457 0.22209 0.31711 0.78750 0.90684 0.93356 1.01295 2.09434
5.04083 1.65885 6.25076 15.08660 15.06050 7.33011 6.79264 5.89946 5.74386 5.80211 4.10098 3.69059 1.12608 0.92475 0.21210 2.90406 2.33192 0.05213 0.00012 0.00010 0.00059 0.00017 0.00028 0.00802 0.01427 0.01569 0.02059 0.09786 0.04288 0.03109 0.03213 0.06336 0.06787 0.07342 0.11982 0.06494 0.08096 0.09719 0.10629 0.25744 0.41032 0.98968 1.04371 1.23172 1.19124 2.65516 6.20069 5.28223 4.80007 3.75746 0.23099 2.59494 3.01107 3.48293 7.37679 4.76025 4.30535 4.40068 3.56679 3.80771 4.00135 2.68337 3.07520 0.39532 0.39839 0.09575 0.11776 0.24467 0.49878 0.89690 1.04080 1.87320
3.63580 2.28824 1.42412 0.66251 1.18552 7.20437 5.29879 5.05025 4.95686 8.58603 6.97446 4.09515 2.80207 0.67768 0.01186 0.00932 1.01578 3.90895 0.28057 0.19929 0.21316 0.00000 0.00000 0.00448 0.00050 0.00156 0.00459 0.00318 0.12145 0.09413 0.18039 0.13014 0.11955 0.21599 0.21939 0.28250 0.13949 0.54170 0.38302 0.26759 0.21353 0.40225 0.48351 0.34973 0.46793 0.76817 1.18476 1.37171 1.03284 3.77626 2.85271 0.08805 2.14101 2.52221 3.15705 2.05684 2.16482 2.43327 2.30325 3.39616 2.41320 1.97156 2.26186 2.59279 0.15722 0.13195 0.13245 0.14698 0.18170 0.47264 0.73845 2.07736
1.96718 4.89714 3.56733 5.38854 5.43056 4.14826 2.03912 2.60014 4.10629 5.48247 9.16793 9.87792 0.93850 0.06943 0.02147 0.01942 0.00829 0.00485 0.06282 0.00000 0.00402 0.01785 0.18020 0.00665 0.00000 0.00113 0.00787 0.00805 0.01381 0.00583 0.01323 0.00407 0.01639 0.03979 0.05111 0.13999 0.67223 0.40582 0.63229 0.53528 0.51069 0.72949 0.84032 0.64378 0.59089 0.77288 1.29226 2.01084 1.85098 0.72724 4.57155 2.03978 0.09515 3.44252 2.66059 1.69038 1.93186 2.21252 2.29524 3.23305 2.14997 1.44456 1.60958 2.88086 2.61289 1.67107 0.09222 0.11682 0.21838 0.56304 0.81666 1.66362
15.81190 14.15500 21.25870 18.08110 18.03040 16.28180 16.75970 24.42650 20.48040 22.15800 4.59797 3.23541 0.43998 0.07782 0.01106 0.14835 0.00395 0.01715 0.00678 0.00760 0.02520 0.01284 0.02233 0.05743 0.06063 0.08977 0.13225 0.14186 0.05762 0.05559 0.06499 0.08377 0.12409 0.11873 0.19604 0.35214 0.65085 1.07212 1.07228 0.80676 1.39887 1.17571 2.22901 1.35441 0.98318 0.69118 0.72435 0.63207 0.97318 0.36945 0.22333 3.48525 0.27720 1.84650 2.10357 2.91691 2.80916 2.43610 2.43968 2.83004 2.30118 1.89386 1.98158 2.20737 1.85636 2.52083 2.73533 0.10458 0.24109 0.73274 0.95583 1.38443
19.62570 22.10110 22.64230 23.29410 24.71300 15.03420 15.49120 17.40770 14.30820 44.11090 39.39470 35.40510 5.42963 0.05031 0.04092 10.13480 4.33507 0.68404 0.65078 0.12666 0.33946 0.01232 0.02388 0.03336 0.07370 0.07303 0.09408 0.07293 0.01280 0.00477 0.01511 0.00549 0.03277 0.15153 0.30530 0.43844 0.68724 0.95766 2.13753 1.93427 3.13565 3.84676 4.32298 2.90334 2.25534 1.33981 1.77470 1.22745 0.59164 0.84156 0.55575 4.16243 0.48241 0.12447 2.14080 3.21248 3.14779 2.82435 3.23994 3.58651 2.60699 2.10963 2.05873 1.83263 2.25613 3.46233 3.28702 2.14058 2.22533 3.28550 0.87171 1.29710
27.20820 23.21690 20.43840 21.16990 17.31110 12.93230 14.18320 17.22630 17.96220 12.47920 24.12030 20.34420 21.18600 11.14710 0.14399 36.22710 30.76290 20.18660 7.51215 1.87584 0.31264 0.00022 0.00000 0.01824 0.03612 0.03043 0.06094 0.09665 0.01829 0.00808 0.00043 0.00006 0.00800 0.14302 0.27544 0.51073 1.14327 1.50720 2.24576 3.32551 4.75579 4.77067 4.95705 5.45956 4.28889 2.38398 2.70574 1.27438 0.95720 1.80901 1.65793 4.22667 0.75917 0.48288 3.95691 4.00552 3.78265 0.33760 0.24392 0.26805 0.19769 0.19385 2.44276 2.57901 2.17523 1.90335 2.69568 2.98952 3.91506 3.17119 3.25980 4.57965
32.94160 22.57990 18.49450 17.01810 14.36190 5.26022 5.09089 2.72856 3.55970 36.27370 47.77770 44.10050 36.55840 37.81870 22.11690 25.82890 21.05860 25.87380 55.55710 39.36220 5.55810 0.11656 0.00706 0.00320 0.00016 0.00559 0.03131 0.01606 0.00076 0.00187 0.01193 0.00143 0.01816 0.21596 0.32712 0.56345 1.57618 3.87801 5.16866 6.83100 7.60310 8.40522 9.64624 9.90459 8.52600 4.20289 3.14588 1.81084 1.15227 1.81208 2.47981 1.69932 1.87049 6.72030 6.01332 5.21589 5.20166 4.55957 3.26219 2.91762 2.79983 0.41979 0.44549 3.02853 2.96301 4.10395 4.38100 4.05293 4.38134 4.02099 2.49010 4.58805
39.80190 28.52260 20.43730 26.82620 27.92920 26.67850 23.56570 17.85560 6.11171 23.23250 50.34150 72.98080 69.69070 70.12120 64.00860 37.60410 40.13260 33.67380 46.68730 40.31210 8.50283 0.31382 0.05422 0.05598 0.11471 0.03013 0.05851 0.01997 0.00429 0.00201 0.00069 0.08308 0.19235 0.22551 0.49290 1.12662 2.61523 3.24500 10.82600 17.69790 15.82550 13.53050 17.19790 13.55630 8.73414 5.77231 6.05757 3.81756 2.98602 1.68040 1.78396 1.94372 2.15255 6.83318 4.97547 5.52090 5.11028 5.49366 6.10992 4.84420 4.12532 4.17569 3.94649 3.34882 3.73940 4.26687 5.19487 6.63417 5.58031 2.97143 6.75400 2.99946
53.08040 80.58700 100.69500 -9999 76.59990 121.40900 82.60530 64.63840 48.35850 57.37760 51.58160 52.43260 53.78480 39.91990 63.79170 65.25350 55.01220 52.02420 38.63430 52.02800 42.88510 24.84410 6.16477 3.92939 1.22620 1.63325 0.37680 0.26517 0.08072 0.00440 0.01121 0.09919 0.13707 0.51475 0.61305 0.80116 3.97437 7.91481 6.36613 23.19800 19.02920 13.55320 14.62310 11.91020 10.42800 9.56720 9.06959 8.27402 5.27352 3.33336 2.22706 2.61629 3.14613 4.21025 3.74117 4.41901 4.91441 3.95780 3.47748 3.21864 2.60156 2.22014 1.75970 1.10000 1.88855 2.53597 3.98748 4.06230 6.51880 6.61410 4.90560 5.59585
