data/hydroclimate-scenarios/BCSD_hadcm_A1B/monthly_summaries/baseflow_monthly_tot_apr.2070-2099.asc
ncols	311
nrows	91
xllcenter	102.75
yllcenter	31.75
cellsize	0.5
NODATA_value	-9999
[rows 32 to 63 of 91, columns 0 to 71 of 311]
-9999 -9999 -9999 -9999 -9999 -9999 -9999 -9999 -9999 -9999 -9999 2.58248 2.16670 4.06013 3.42904 2.07030 2.60457 2.38721 2.68980 4.26823 3.76915 5.12980 6.04862 5.32650 7.10829 7.24965 6.43758 6.44931 5.78781 6.35057 5.15635 4.68118 4.42829 5.26290 4.45659 6.91145 7.13352 5.31436 4.08686 3.93672 3.53146 3.41413 3.39092 2.09818 2.11460 2.09595 1.91352 2.13145 1.80695 1.97748 2.00368 3.11246 3.15488 3.21840 3.87930 3.17626 3.53700 4.56432 5.13205 2.41931 2.59522 3.13477 5.65294 8.56058 9.00195 5.47555 3.35824 2.79834 2.95237 2.15465 2.00858 2.16904
-9999 -9999 -9999 -9999 -9999 -9999 -9999 -9999 -9999 -9999 -9999 3.71902 2.93150 4.34495 4.13151 3.77356 4.08245 4.27820 5.24852 7.57288 7.67888 7.34920 8.99151 8.66794 6.58872 5.25170 4.94981 4.01857 4.34165 11.50870 14.03410 6.15492 5.87259 5.79410 6.74244 9.59914 10.34460 6.05554 5.78328 3.82728 4.19631 3.41498 3.62920 2.53896 2.18489 2.27940 2.12261 2.50229 2.46080 2.68983 2.81981 5.50262 5.75363 7.05811 5.67830 3.78245 3.60894 4.90116 4.53415 3.04876 2.86875 6.93102 10.65910 4.48264 6.13502 4.14757 4.61513 5.27086 4.86316 2.94495 2.72562 2.60584
-9999 -9999 -9999 -9999 -9999 -9999 -9999 -9999 -9999 -9999 -9999 -9999 5.61914 5.51277 6.37342 6.77415 6.82134 8.19705 9.27548 13.42590 13.74610 11.53590 9.88866 4.69712 4.22183 3.62692 3.82516 3.59293 3.90145 4.68424 8.03488 10.89740 9.93636 10.26920 11.03520 9.83784 8.64139 7.09514 7.85271 3.73247 3.15062 3.56284 3.53426 4.77979 3.66669 2.73375 3.15411 2.20121 2.13428 3.95136 5.38902 3.45692 3.06145 5.71508 7.28887 8.31468 8.37116 10.49480 9.81116 10.68990 13.82330 12.50910 10.85440 6.94960 8.84441 10.08240 9.55792 4.16468 3.15209 2.56669 3.42229 2.14397
-9999 -9999 -9999 -9999 -9999 -9999 -9999 -9999 -9999 -9999 -9999 -9999 6.92172 6.46997 7.23119 7.59228 9.19001 11.68450 12.56740 15.45520 13.78980 7.00599 5.30433 2.78611 1.52574 4.20782 3.55660 2.77136 3.91856 4.84129 4.25700 6.69204 10.74610 13.37580 12.58500 7.34663 6.60494 8.21178 8.50024 3.62870 5.81586 3.90835 4.31482 5.31036 6.08885 5.43739 5.81365 3.22240 2.88777 3.26797 3.38647 4.55331 4.23920 10.33290 11.88660 15.41710 19.90640 16.30980 7.23688 8.02886 10.44380 3.36802 2.53591 4.85107 6.83096 13.04550 10.41210 7.93243 6.21910 4.70953 3.92170 2.77735
-9999 -9999 -9999 -9999 -9999 -9999 -9999 -9999 -9999 -9999 -9999 -9999 6.38015 9.28633 13.41600 12.03600 12.34060 11.52660 13.10850 11.86890 8.94506 6.18543 6.27614 2.37480 2.63347 3.00656 3.25872 5.66174 4.97225 8.04316 8.76336 10.67170 5.73382 6.18157 8.25247 9.57768 10.36630 7.45308 8.20545 6.78312 4.39134 2.53006 3.48885 5.10294 5.61780 5.16122 4.66506 2.96523 2.33495 3.40941 3.55955 3.03369 4.54194 7.93348 8.73904 6.85006 8.04072 6.88104 6.06170 5.40409 4.47563 2.78759 3.88206 8.91684 14.15130 12.79720 11.39770 5.81432 4.36702 3.82663 4.16518 3.92952
-9999 -9999 -9999 7.13653 5.91079 6.02119 6.69677 4.99934 4.63046 -9999 5.12592 10.27380 13.93880 11.23400 11.76460 9.30244 10.02510 13.83700 8.64048 7.43165 8.50879 8.44593 7.75322 4.96500 4.99344 4.56653 5.78953 4.44030 5.95496 6.51924 5.21658 6.95092 5.64783 9.47434 10.49570 9.78894 10.11990 6.92440 7.85589 7.29386 7.42622 4.54132 5.67104 7.79086 5.57019 5.00476 3.01751 4.32579 3.44431 3.71963 3.63494 3.74473 4.29486 4.75841 5.56046 2.90819 2.27677 9.29155 5.30513 7.23281 8.10493 5.45490 7.77623 8.28781 12.16540 12.14920 10.75080 3.81825 4.14491 3.86153 4.00389 3.32908
-9999 -9999 -9999 9.78736 8.18120 7.52338 6.51425 7.33166 7.69223 14.72440 15.71200 18.68830 9.39997 10.81250 9.73511 7.96009 10.77680 7.18108 6.28768 6.47267 7.81787 5.04125 8.25961 8.18651 6.94818 8.93585 7.45100 8.48548 6.25673 6.23831 5.78954 7.22268 5.54466 6.90452 11.66840 10.30070 8.82055 6.13933 8.03756 6.02795 5.83554 8.04625 8.28429 5.86735 3.99078 2.66665 2.36198 10.95800 6.91894 6.26226 5.60393 5.87446 4.84782 3.85256 6.51788 6.12740 8.37177 9.02850 6.00922 5.51672 6.85358 7.03979 7.47292 8.48939 6.85602 8.64091 6.76680 9.14947 8.12698 5.21199 3.88612 7.11758
-9999 -9999 -9999 12.07810 8.73669 8.03178 15.11720 15.92760 17.92990 19.65390 18.23950 17.38400 8.78445 6.71531 5.79648 6.12613 6.68672 8.31020 8.77929 7.15735 7.33043 6.80786 8.52376 7.63979 5.06490 7.73986 6.47221 6.95484 9.16786 6.30855 4.17594 4.65821 6.26662 8.66035 9.22610 9.72976 7.98813 7.24724 12.10970 10.64930 9.90522 9.97100 8.98818 7.74181 10.05920 7.14886 5.77864 9.84802 10.36910 5.28939 4.01480 9.16536 7.78338 6.77475 8.08893 8.51281 9.74072 10.82940 8.66857 6.01335 11.64540 13.36600 11.73450 10.09830 11.24070 7.36097 7.93039 8.96175 4.92519 3.55088 2.65432 10.46040
-9999 -9999 -9999 13.63430 14.68340 14.80650 26.55430 21.52370 19.87870 18.69630 19.32160 12.55660 9.93506 10.88970 8.60029 13.74190 9.79483 8.48580 8.01537 8.96465 10.88770 7.33745 5.65119 5.39137 5.34005 8.61860 8.03119 6.94852 7.26916 7.03466 6.45690 4.94792 5.82408 5.70105 5.45097 6.49500 8.54786 9.83167 8.59572 10.36280 12.32910 10.15980 7.25993 6.60919 15.09420 6.91348 4.92516 12.99020 5.70111 11.83250 7.17281 7.76668 7.16386 6.45478 6.33050 11.76770 12.65890 16.82620 15.10420 9.07147 6.30772 10.88620 14.19800 10.99460 9.69459 7.41842 5.66921 6.65753 3.43760 2.87023 8.32183 21.94170
-9999 -9999 -9999 11.77560 13.02790 13.89420 21.00620 20.54160 17.60270 18.48630 22.79850 20.52730 13.60370 14.33630 11.88890 11.58140 9.68426 9.84237 8.05814 12.95590 10.78590 8.10128 6.35913 7.67898 8.98056 8.49816 5.27745 4.77037 5.84350 5.16122 6.08797 4.66594 4.54673 5.55711 5.13709 5.83936 6.36640 6.16276 7.82732 10.17440 10.42090 10.42390 10.62380 10.89750 11.16960 10.76860 11.49870 14.85390 13.65060 12.29660 11.64980 15.63410 11.24890 6.56836 11.01980 9.28198 14.27620 22.39630 20.39550 5.67224 8.11448 11.47020 12.69100 10.24590 11.68250 14.92990 10.48320 5.69515 4.46514 10.54670 25.60790 -9999
-9999 -9999 -9999 -9999 22.05600 23.36400 22.91420 19.69310 20.79390 24.20990 27.25160 15.13680 12.49450 20.52020 -9999 -9999 -9999 -9999 -9999 7.52293 7.77165 7.58720 7.22429 6.10644 6.33103 5.62875 5.81765 4.17221 3.16838 2.86991 3.23839 3.65916 3.56606 3.29582 4.52134 4.83791 6.60046 9.44850 8.12492 9.64581 12.48410 14.36410 13.32610 13.56870 15.54990 16.88860 18.93730 15.73180 16.25300 22.61050 17.15480 11.53830 14.63510 9.65601 8.86898 7.89306 7.02090 6.88271 9.69130 8.43544 5.57813 6.87245 9.46333 12.60940 13.36060 10.44490 13.81520 35.90950 41.43970 -9999 -9999 -9999
-9999 -9999 17.20320 24.05260 20.97540 22.28540 22.67680 18.67730 21.75600 24.20980 25.28710 15.15550 10.88410 -9999 -9999 -9999 -9999 -9999 6.17822 7.25878 6.32483 3.36315 3.10533 3.38750 3.91669 4.23144 3.21256 2.49791 2.43208 2.61725 3.78224 2.36348 2.34114 3.12609 3.68259 4.42203 4.88946 5.41303 7.32236 7.19301 9.21493 10.38730 11.47730 15.76980 17.61320 18.77290 20.78020 22.55330 25.81960 29.11960 27.64580 22.27840 18.85440 20.22520 14.66590 14.75830 12.53950 10.41850 11.99510 18.87430 18.36700 20.14520 19.47940 22.33060 32.76540 37.24300 54.96080 -9999 -9999 -9999 -9999 -9999
-9999 -9999 27.07600 24.73610 19.74980 19.05510 19.62630 21.06180 22.32060 23.77360 17.99320 16.98070 15.41240 -9999 -9999 -9999 -9999 7.14882 5.92161 5.60779 5.89947 2.54500 2.34466 2.65954 2.30019 1.48395 2.15266 1.32694 1.45037 1.54022 1.45822 2.01494 2.27330 2.78516 3.97309 4.34776 4.63873 4.67874 6.34567 6.05098 7.40875 8.37185 10.17750 11.99750 16.99830 22.90800 25.92270 28.81080 27.26940 25.55700 27.90890 27.11200 27.20580 25.29280 23.22550 28.45660 26.93500 18.29080 16.72660 23.46300 29.43830 23.24410 31.40990 44.78940 60.82700 -9999 -9999 -9999 -9999 -9999 55.59270 -9999
-9999 -9999 28.59250 26.70340 21.77620 19.19400 18.95970 21.36920 22.63590 24.47390 16.61700 18.73880 4.63491 -9999 -9999 -9999 -9999 6.03162 5.55208 6.06193 4.54148 1.97917 1.19255 0.90581 0.89443 0.99938 1.03490 1.11833 1.04450 1.36340 1.51053 1.29668 1.73571 2.49055 2.97623 4.28186 4.84579 4.52116 4.89108 3.99578 5.80933 6.67823 7.65203 9.64683 13.43960 19.33210 22.38520 24.20540 25.02800 24.85810 24.79940 26.74490 26.92130 28.64610 26.31190 28.13480 30.25480 27.20800 26.26500 27.95850 45.80050 46.43780 48.69250 55.45910 48.91790 38.28680 74.99120 57.66220 59.97810 -9999 -9999 -9999
-9999 -9999 -9999 28.50790 24.34920 19.05550 16.67110 20.23910 18.38210 22.13400 24.39820 7.13501 -9999 -9999 -9999 -9999 7.59751 6.68259 4.27489 3.05260 1.88499 0.64200 0.60413 0.58072 0.68396 0.88472 1.13184 1.24684 1.48964 1.55030 1.38327 1.18666 1.70945 3.30139 5.44684 6.73327 4.17990 3.78636 3.52302 2.90762 3.88606 4.82451 7.40855 9.58791 12.35600 18.04700 18.84250 17.93150 17.22510 19.63320 21.08060 19.74060 22.52880 24.52750 24.31090 24.03980 25.87300 21.65580 22.38810 27.05450 32.14340 38.41530 31.35320 15.53750 7.13223 31.59450 54.12130 68.83370 73.69450 46.04050 -9999 -9999
-9999 -9999 -9999 -9999 27.35180 19.51090 18.10260 18.01800 19.71490 16.29470 4.01990 -9999 -9999 -9999 -9999 11.18020 12.62220 10.06580 4.14366 3.68901 1.49270 1.17109 0.94654 0.81611 0.55917 1.12356 1.89191 1.84583 2.63832 2.23483 1.98694 2.38576 2.98478 3.35037 4.58321 3.01845 2.90152 3.39141 3.17696 2.22368 2.82823 3.61764 4.40681 5.78463 7.07167 12.69730 14.42870 13.36060 13.86280 14.48420 15.68280 18.86680 21.03220 23.58860 25.63650 27.16390 34.10390 30.27790 31.68250 31.13940 25.31430 28.35720 33.25420 36.15120 28.82540 33.80110 63.81800 69.94310 55.37820 45.82930 47.27060 41.28120
-9999 -9999 -9999 -9999 -9999 -9999 20.52550 27.63040 6.43892 10.00350 26.78630 -9999 -9999 -9999 -9999 -9999 20.92290 10.01000 3.40567 3.18742 1.45496 0.68413 0.48014 0.53006 0.93988 1.02300 0.50017 1.44610 1.55795 2.11864 1.81695 2.84417 1.91797 3.69273 4.26122 5.87903 3.28515 2.77822 2.08867 1.98338 2.26672 3.06801 3.90840 3.67975 6.81718 8.30685 9.19345 11.01370 13.64190 16.13710 18.05070 21.17750 23.84260 21.33570 25.13030 30.16170 35.64080 37.37560 39.97880 41.51140 41.92250 39.11300 34.26250 33.65470 24.40910 39.91500 56.51040 64.71540 63.22840 51.96260 39.61250 36.10660
-9999 -9999 -9999 -9999 -9999 -9999 -9999 -9999 -9999 -9999 -9999 -9999 -9999 -9999 -9999 -9999 -9999 -9999 -9999 2.31151 0.84486 0.10247 0.54562 0.64118 0.49126 0.49103 1.26347 1.04021 1.12974 0.64645 1.59766 1.72005 0.77755 1.75622 3.48252 3.97626 1.96872 2.02207 2.06984 2.29855 2.49668 3.21121 3.38074 3.54147 4.66106 5.94476 5.38673 9.93967 11.01880 13.22320 14.50140 20.73280 23.48860 22.85320 23.31280 29.02960 35.09650 41.76460 41.92250 42.21910 35.16710 38.52360 40.47090 35.54290 30.12420 46.04790 52.21750 52.18850 54.63800 41.94850 34.51780 29.19910
-9999 -9999 -9999 -9999 -9999 -9999 -9999 -9999 -9999 -9999 -9999 -9999 -9999 -9999 -9999 -9999 -9999 -9999 3.15644 0.95356 0.51928 0.49938 0.60781 0.69025 0.23715 0.13955 0.46159 0.46177 0.29222 0.97572 1.29004 1.75260 2.57746 2.74512 2.08519 2.34805 1.73308 1.83963 2.00996 1.89970 2.24446 2.72293 3.10146 3.54391 4.39511 6.32635 4.52917 0.11537 2.83642 3.46741 4.23908 15.70190 17.91780 20.53330 25.10980 26.97050 31.96300 36.80700 34.38740 36.31690 34.83250 37.69470 39.53040 41.69360 34.44800 41.67760 50.98470 53.54060 62.75140 60.55450 53.10190 21.19250
-9999 -9999 -9999 -9999 -9999 -9999 -9999 -9999 -9999 -9999 -9999 -9999 -9999 -9999 -9999 -9999 -9999 4.52156 2.17988 1.26281 0.91711 0.53361 0.28239 0.15187 0.05340 0.10949 0.71127 0.22341 0.48138 0.67997 0.96594 1.06609 1.09229 1.93503 1.54119 2.17098 3.10224 1.89818 1.61303 1.93330 2.17739 3.43461 2.78577 3.88343 2.35142 3.12009 6.09839 2.85662 1.57461 3.56135 4.42535 17.90730 19.35830 17.64100 20.76540 18.34330 29.52160 31.55600 33.81370 32.43370 36.06550 36.42970 35.51690 33.32900 44.96570 46.18410 48.62770 65.79360 63.45460 59.59350 49.54090 44.11190
-9999 -9999 -9999 -9999 -9999 -9999 -9999 -9999 -9999 -9999 -9999 -9999 -9999 -9999 -9999 -9999 -9999 1.81275 1.56626 1.52451 0.74245 0.52191 0.33230 0.00684 0.01225 0.06313 0.04931 0.06621 0.03549 0.35006 0.44091 0.58981 0.79099 0.91262 1.01985 1.29111 2.07928 0.91140 1.34511 1.43107 1.27926 1.21142 2.75131 1.10661 3.06209 4.19676 4.24200 0.10722 0.13006 1.57553 3.93695 15.58000 16.96410 20.67230 20.79530 17.91170 24.49780 23.47020 28.54890 31.04590 35.40380 36.71430 42.52610 47.01850 45.12850 54.41900 53.35840 54.97060 52.94290 42.74810 59.92930 54.36120
-9999 -9999 -9999 -9999 -9999 -9999 -9999 -9999 -9999 -9999 -9999 -9999 -9999 -9999 -9999 -9999 1.13087 0.80053 1.27836 0.62910 0.34111 0.01697 0.02616 0.00839 0.00332 0.01993 0.02970 0.08364 0.04024 0.03248 0.03657 0.03859 0.45171 0.47211 0.49424 0.81065 1.04844 1.65467 0.89166 0.94615 0.59806 0.81871 2.60902 1.85434 0.74775 2.54238 2.90070 0.21994 0.20600 1.16813 4.12841 12.76780 14.95800 17.89920 18.64870 16.50290 15.05760 18.59250 21.91530 32.33180 33.89290 37.48400 38.48720 35.78710 42.12580 47.27770 56.00680 56.41870 56.01170 48.64550 64.42770 64.25210
-9999 -9999 -9999 -9999 -9999 -9999 -9999 -9999 -9999 -9999 -9999 -9999 -9999 1.73568 1.83334 0.85977 1.03194 0.99359 0.92709 0.16693 0.00492 0.01400 0.00664 0.00402 0.00447 0.02350 0.01816 0.00003 0.00000 0.00004 0.09710 0.37597 0.00046 0.00019 0.09840 0.04735 0.17446 0.29793 0.02203 0.02087 0.01541 1.05629 0.81128 0.00623 0.91817 0.63335 1.07889 1.22960 1.54245 2.41724 3.19593 4.14932 4.11622 3.96350 6.52548 9.77389 8.25424 8.60615 8.02157 10.05830 9.72699 13.80880 15.44430 18.20500 21.85780 24.90570 27.92150 56.83970 64.74370 50.59100 61.41160 59.81770
-9999 -9999 -9999 -9999 -9999 -9999 -9999 -9999 -9999 -9999 -9999 -9999 0.59553 0.79630 0.91551 0.73541 0.75972 0.08482 0.05727 0.00090 0.00174 0.00550 0.00427 0.00829 0.00741 0.01516 0.01206 0.00000 0.01238 0.04921 0.00423 0.02749 0.06095 0.09139 0.14570 0.05140 0.00050 0.00176 0.01813 0.01323 0.01377 0.00661 0.74177 0.70978 0.30307 0.42294 0.75400 1.04489 1.37950 1.47577 2.03529 1.50760 3.63171 1.48049 5.46337 6.01890 7.69192 6.59763 7.98928 11.46460 12.00760 14.48530 17.60640 21.31970 26.97870 26.85260 28.65250 65.55040 63.19040 60.04240 72.49420 77.38920
-9999 -9999 -9999 -9999 -9999 -9999 -9999 -9999 -9999 -9999 -9999 1.47550 0.31585 1.04776 0.08809 0.03236 0.02418 0.02286 0.01731 0.01062 0.01343 0.00060 0.00055 0.00026 0.00053 0.00050 0.12507 0.04746 0.02206 0.09470 0.00800 0.00000 0.00016 0.00020 0.00000 0.11533 0.00347 0.01024 0.01938 0.01143 0.00719 0.66926 0.37962 0.22540 0.20005 0.39498 0.49901 0.78197 1.29727 2.17575 2.89189 2.55792 2.33623 5.64927 2.98725 2.81499 6.45359 3.75030 5.33560 9.72248 10.44100 13.13680 17.43110 21.89250 29.13460 33.63010 28.95000 54.97480 55.71970 60.14830 64.30990 49.34080
-9999 -9999 -9999 -9999 -9999 -9999 -9999 -9999 -9999 -9999 0.54135 0.22111 0.07088 0.04329 0.01217 0.00623 0.00128 0.00011 0.00123 0.00188 0.00078 0.00000 0.00005 0.00012 0.00021 0.00030 0.00007 0.06462 0.01792 0.00000 0.00000 0.00010 0.00074 0.13080 0.03645 0.13787 0.00657 0.01330 0.02740 0.01015 0.59488 0.21672 0.06905 0.07184 0.09684 0.40790 0.50958 0.60065 1.28024 2.22891 3.38068 2.59927 5.15640 2.20000 2.26460 2.08762 6.60406 7.56428 5.85505 6.38494 10.19400 14.80000 19.75650 24.36360 26.09290 29.84210 22.58460 46.39070 64.36320 61.44070 50.52450 70.61100
-9999 -9999 -9999 -9999 -9999 -9999 -9999 -9999 -9999 0.00135 0.00092 0.00088 0.00106 0.00102 0.00026 0.00000 0.00000 0.00000 0.00000 0.00000 0.00000 0.00000 0.00000 0.00000 0.00000 0.00000 0.00009 0.00070 0.00059 0.00022 0.00041 0.00000 0.00030 0.00041 0.08268 0.40265 0.02442 0.01980 0.00729 0.46553 0.06298 0.02464 0.05692 1.18310 0.05467 0.90798 0.30828 1.08306 1.43186 2.03822 2.96042 4.36605 2.76333 6.37490 4.98882 3.58691 3.24489 4.25827 4.50150 6.81500 10.57700 14.54410 14.94970 17.52380 16.53610 19.01420 22.13290 55.63240 72.66440 69.04700 78.28600 71.48550
-9999 -9999 -9999 -9999 -9999 -9999 -9999 -9999 -9999 -9999 0.00004 0.00007 0.00007 0.00003 0.00000 0.00000 0.00000 0.00000 0.00000 0.00000 0.00000 0.00000 0.00000 -9999 -9999 -9999 -9999 -9999 -9999 0.00290 0.00678 0.00000 0.00000 0.00015 0.00050 0.32924 0.54894 0.00340 0.00281 0.35643 0.07548 0.10347 0.97198 0.73388 0.98787 0.74202 1.08352 0.84598 1.84287 2.21201 3.04986 1.42335 2.26174 3.52069 5.46348 2.68837 2.74195 3.52482 2.72468 5.41184 8.59718 11.64850 8.58342 13.91300 16.37550 18.05670 23.56540 62.04280 56.78300 64.25990 68.61590 90.57030
-9999 -9999 -9999 -9999 -9999 -9999 -9999 -9999 -9999 -9999 -9999 -9999 0.00014 0.00000 0.00000 0.00000 0.00000 0.00000 0.00000 -9999 -9999 -9999 -9999 -9999 -9999 -9999 -9999 -9999 -9999 -9999 -9999 -9999 -9999 0.00037 0.10108 0.14563 0.10705 0.15630 0.00093 0.00244 0.15940 0.06426 0.20402 0.19170 0.22835 1.13916 1.13857 0.38196 0.79069 1.10616 1.52029 4.31935 4.68657 4.45439 3.06591 1.72403 2.59462 2.42914 0.42543 4.24567 8.36971 10.41500 13.20880 7.90141 13.64280 16.83960 23.74780 68.19300 70.22440 92.36960 103.93000 124.41500
-9999 -9999 -9999 -9999 -9999 -9999 -9999 -9999 -9999 -9999 -9999 -9999 -9999 -9999 -9999 -9999 -9999 -9999 -9999 -9999 -9999 -9999 -9999 -9999 -9999 -9999 -9999 -9999 -9999 -9999 -9999 -9999 -9999 -9999 0.12314 0.04609 0.04310 0.03991 0.00010 0.06930 0.07801 0.04034 1.04961 0.75795 0.81982 0.95881 0.51924 0.26260 0.93470 1.09945 1.81090 4.13488 3.26422 3.70736 4.17064 2.80193 1.90389 3.21112 3.04437 6.13115 8.51299 9.12066 8.44241 8.58804 14.09730 14.72540 23.21710 75.35130 83.44940 95.42510 114.51300 -9999
-9999 -9999 -9999 -9999 -9999 -9999 -9999 -9999 -9999 -9999 -9999 -9999 -9999 -9999 -9999 -9999 -9999 -9999 -9999 -9999 -9999 -9999 -9999 -9999 -9999 -9999 -9999 -9999 -9999 -9999 -9999 -9999 -9999 -9999 0.04966 0.03612 0.04854 0.17181 0.00088 0.01510 0.01022 0.51620 0.45250 0.06504 0.34734 0.15689 0.23602 0.30306 0.69222 1.11616 1.71514 1.24768 2.55524 3.15778 3.14351 2.07615 2.29822 2.20579 2.21346 4.77065 9.69615 11.88690 11.77420 7.65895 10.95570 24.50930 24.48270 30.25100 32.98400 37.21040 -9999 -9999
-9999 -9999 -9999 -9999 -9999 -9999 -9999 -9999 -9999 -9999 -9999 -9999 -9999 -9999 -9999 -9999 -9999 -9999 -9999 -9999 -9999 -9999 -9999 -9999 -9999 -9999 -9999 -9999 -9999 -9999 -9999 -9999 -9999 -9999 -9999 -9999 -9999 -9999 0.05664 0.01879 0.00944 0.01939 0.29883 0.48460 0.06278 0.23211 0.54010 0.37519 0.66663 1.02646 0.71206 1.49595 1.28046 2.52061 2.70320 1.41231 0.17082 0.44743 2.49116 6.01349 9.50626 7.40626 7.40896 9.43160 16.49930 26.01010 29.37200 30.34480 46.60210 -9999 -9999 -9999
