data/hydroclimate-scenarios/BCSD_hadcm_A1B/monthly_summaries/et_monthly_tot_may.2030-2059.asc
ncols	311
nrows	91
xllcenter	102.75
yllcenter	31.75
cellsize	0.5
NODATA_value	-9999
[rows 0 to 31 of 91, columns 71 to 141 of 311]
-9999 -9999 -9999 -9999 -9999 -9999 -9999 -9999 -9999 -9999 -9999 -9999 -9999 -9999 -9999 -9999 -9999 -9999 -9999 -9999 -9999 -9999 -9999 -9999 -9999 -9999 -9999 -9999 -9999 -9999 -9999 -9999 -9999 -9999 -9999 -9999 -9999 -9999 -9999 -9999 -9999 -9999 -9999 -9999 -9999 -9999 -9999 -9999 -9999 -9999 -9999 -9999 -9999 -9999 -9999 -9999 -9999 -9999 -9999 -9999 -9999 -9999 -9999 -9999 -9999 -9999 -9999 -9999 -9999 -9999 -9999
-9999 -9999 -9999 -9999 -9999 -9999 -9999 -9999 -9999 -9999 -9999 -9999 -9999 -9999 -9999 -9999 -9999 -9999 -9999 -9999 -9999 -9999 -9999 -9999 -9999 -9999 -9999 -9999 -9999 -9999 -9999 -9999 -9999 -9999 -9999 -9999 -9999 -9999 -9999 -9999 -9999 -9999 -9999 -9999 -9999 -9999 -9999 -9999 -9999 -9999 -9999 -9999 -9999 -9999 -9999 -9999 -9999 -9999 -9999 -9999 -9999 -9999 -9999 -9999 -9999 -9999 -9999 -9999 -9999 -9999 -9999
-9999 -9999 -9999 -9999 -9999 -9999 -9999 -9999 -9999 -9999 -9999 -9999 -9999 -9999 -9999 -9999 -9999 -9999 -9999 -9999 -9999 -9999 -9999 -9999 -9999 -9999 -9999 -9999 -9999 -9999 -9999 -9999 -9999 -9999 -9999 -9999 -9999 -9999 -9999 -9999 -9999 -9999 -9999 -9999 -9999 -9999 -9999 -9999 -9999 -9999 -9999 -9999 -9999 -9999 -9999 -9999 -9999 -9999 -9999 -9999 -9999 -9999 -9999 -9999 -9999 -9999 -9999 -9999 -9999 -9999 -9999
-9999 -9999 -9999 -9999 -9999 -9999 -9999 -9999 -9999 -9999 -9999 -9999 -9999 -9999 -9999 -9999 -9999 -9999 -9999 -9999 -9999 -9999 -9999 -9999 -9999 -9999 -9999 -9999 -9999 -9999 -9999 -9999 -9999 -9999 -9999 -9999 -9999 -9999 -9999 -9999 -9999 -9999 -9999 -9999 -9999 -9999 -9999 -9999 -9999 -9999 -9999 -9999 -9999 -9999 -9999 -9999 -9999 -9999 -9999 -9999 -9999 -9999 -9999 -9999 -9999 -9999 -9999 -9999 -9999 -9999 -9999
-9999 -9999 -9999 -9999 -9999 -9999 -9999 -9999 -9999 -9999 -9999 -9999 -9999 -9999 -9999 -9999 -9999 -9999 -9999 -9999 -9999 -9999 -9999 -9999 -9999 -9999 -9999 -9999 -9999 -9999 -9999 -9999 -9999 -9999 -9999 -9999 -9999 -9999 -9999 -9999 -9999 -9999 -9999 -9999 -9999 -9999 -9999 -9999 -9999 -9999 -9999 -9999 -9999 -9999 -9999 -9999 -9999 -9999 -9999 -9999 -9999 -9999 -9999 -9999 -9999 -9999 -9999 -9999 -9999 -9999 -9999
-9999 -9999 -9999 -9999 -9999 -9999 -9999 -9999 -9999 -9999 -9999 -9999 -9999 -9999 -9999 -9999 -9999 -9999 -9999 -9999 -9999 -9999 -9999 -9999 -9999 -9999 -9999 -9999 -9999 -9999 -9999 -9999 -9999 -9999 -9999 -9999 -9999 -9999 -9999 -9999 -9999 -9999 -9999 -9999 -9999 -9999 -9999 -9999 -9999 -9999 -9999 -9999 -9999 -9999 -9999 -9999 -9999 -9999 -9999 -9999 -9999 -9999 -9999 -9999 -9999 -9999 -9999 -9999 -9999 -9999 -9999
-9999 -9999 -9999 -9999 -9999 -9999 -9999 -9999 -9999 -9999 -9999 -9999 -9999 -9999 -9999 -9999 -9999 -9999 -9999 -9999 -9999 -9999 -9999 -9999 -9999 -9999 -9999 -9999 -9999 -9999 -9999 -9999 -9999 -9999 -9999 -9999 -9999 -9999 -9999 -9999 -9999 -9999 -9999 -9999 -9999 -9999 -9999 -9999 -9999 -9999 -9999 -9999 -9999 -9999 -9999 -9999 -9999 -9999 -9999 -9999 -9999 -9999 -9999 -9999 -9999 -9999 -9999 -9999 -9999 -9999 -9999
-9999 -9999 -9999 -9999 -9999 -9999 -9999 -9999 -9999 -9999 -9999 -9999 -9999 -9999 -9999 -9999 -9999 -9999 -9999 -9999 -9999 -9999 -9999 -9999 -9999 -9999 -9999 -9999 -9999 -9999 -9999 -9999 -9999 -9999 -9999 -9999 -9999 -9999 -9999 -9999 -9999 -9999 -9999 -9999 -9999 -9999 -9999 -9999 -9999 -9999 -9999 -9999 -9999 -9999 -9999 -9999 -9999 -9999 -9999 -9999 -9999 -9999 -9999 -9999 -9999 -9999 -9999 -9999 -9999 -9999 -9999
-9999 -9999 -9999 -9999 -9999 -9999 30.02810 -9999 -9999 -9999 -9999 -9999 -9999 -9999 -9999 -9999 -9999 -9999 -9999 -9999 -9999 -9999 -9999 -9999 -9999 -9999 -9999 -9999 -9999 -9999 -9999 -9999 -9999 -9999 -9999 -9999 -9999 -9999 -9999 -9999 -9999 -9999 -9999 -9999 -9999 -9999 -9999 -9999 -9999 -9999 -9999 -9999 -9999 -9999 -9999 -9999 -9999 -9999 -9999 -9999 -9999 -9999 -9999 -9999 -9999 -9999 -9999 -9999 -9999 -9999 -9999
-9999 -9999 27.10190 30.55610 30.43020 30.75710 29.25760 29.94430 31.19150 31.04250 28.52840 28.17410 27.16410 27.03410 26.39650 25.77700 23.86430 24.07650 24.78280 24.62490 25.37440 25.76870 -9999 -9999 -9999 -9999 -9999 -9999 -9999 -9999 -9999 -9999 -9999 -9999 -9999 -9999 -9999 -9999 -9999 -9999 -9999 -9999 -9999 -9999 -9999 -9999 -9999 -9999 -9999 -9999 -9999 -9999 -9999 -9999 -9999 -9999 -9999 -9999 -9999 -9999 -9999 -9999 -9999 -9999 -9999 -9999 -9999 -9999 -9999 -9999 -9999
-9999 -9999 -9999 -9999 27.07540 27.07560 27.07940 26.79770 26.98750 26.70940 26.30000 25.69810 23.86780 23.80080 22.96970 22.72030 23.73060 23.41230 24.42420 23.73060 24.60910 24.61440 -9999 -9999 -9999 -9999 -9999 -9999 -9999 -9999 -9999 -9999 -9999 -9999 -9999 -9999 -9999 -9999 -9999 -9999 -9999 -9999 -9999 -9999 -9999 -9999 -9999 -9999 -9999 -9999 -9999 -9999 -9999 -9999 -9999 -9999 -9999 -9999 -9999 -9999 -9999 -9999 -9999 -9999 -9999 -9999 -9999 -9999 -9999 -9999 -9999
36.25010 34.83420 33.10970 33.45470 30.62220 29.92170 29.59630 29.12020 28.79860 28.17230 28.21360 27.79870 25.47300 25.23220 23.73370 23.57400 25.24430 24.71130 25.50320 25.48910 25.47910 25.63010 27.08200 28.14760 28.31500 28.72790 30.20410 31.03880 -9999 -9999 -9999 -9999 -9999 -9999 -9999 -9999 -9999 -9999 -9999 -9999 -9999 -9999 -9999 -9999 -9999 -9999 -9999 -9999 -9999 -9999 -9999 -9999 -9999 -9999 -9999 -9999 -9999 -9999 -9999 -9999 -9999 -9999 -9999 -9999 -9999 -9999 -9999 -9999 -9999 -9999 -9999
36.05830 35.30250 35.60580 33.85210 32.65550 31.81870 30.77250 29.92800 29.01470 27.56150 28.28640 27.12750 24.78750 23.88390 22.07170 21.55150 23.04250 22.44560 24.08570 23.40310 23.96070 23.67540 23.92320 24.68590 25.97510 27.24950 25.77380 26.16040 28.65970 29.71470 31.81810 32.16100 31.56490 31.68770 32.83550 33.43430 33.17090 33.06460 32.07310 31.56720 31.16280 30.90600 31.37430 -9999 -9999 -9999 -9999 -9999 -9999 -9999 -9999 -9999 -9999 -9999 -9999 -9999 -9999 -9999 -9999 -9999 -9999 -9999 -9999 -9999 -9999 -9999 -9999 -9999 -9999 -9999 -9999
41.63700 40.07380 39.77160 37.46550 34.42350 34.49890 34.69480 34.16090 33.21070 32.39540 32.64110 31.35540 27.98850 26.66180 24.84040 23.66220 24.39510 23.85480 24.89780 24.30550 23.96280 23.56670 24.70510 24.92600 26.85130 28.12240 27.22950 27.38180 29.42540 29.38970 31.62960 32.11810 32.57530 32.45170 34.17480 34.17380 33.79060 34.15750 33.62500 32.86300 31.76570 31.50480 31.74170 31.64380 -9999 -9999 -9999 -9999 -9999 -9999 -9999 -9999 -9999 -9999 -9999 -9999 -9999 -9999 -9999 -9999 -9999 -9999 -9999 -9999 -9999 -9999 -9999 -9999 -9999 -9999 -9999
28.90280 28.13060 31.10660 26.57450 30.55310 30.59600 28.90430 29.33710 27.15340 29.02700 26.35070 26.32710 26.52910 25.85610 24.89790 23.90910 21.41990 20.52160 20.01180 19.32380 19.78170 19.82230 21.18970 21.30720 23.57920 22.97740 25.26440 25.96980 27.10840 27.23110 26.99070 27.20230 26.21820 25.98960 28.41320 28.75710 28.94450 28.82770 28.54870 28.24980 27.76910 27.32810 26.91080 26.51620 -9999 -9999 -9999 -9999 -9999 -9999 -9999 -9999 -9999 -9999 -9999 -9999 -9999 -9999 -9999 29.47320 28.45820 -9999 -9999 -9999 -9999 27.81390 24.77550 22.88690 25.88600 28.89330 29.43330
31.06740 30.03910 31.33600 27.45210 32.56780 35.32980 33.80120 30.56280 28.72640 27.62170 29.97960 29.30600 28.73760 25.96980 24.55140 25.34890 22.10340 22.35240 19.37220 19.86190 20.29900 20.66040 21.54760 21.07930 22.48170 24.82090 26.46530 27.06060 27.80390 27.88000 27.28740 27.93990 27.71060 28.10480 29.10970 27.49930 29.04430 30.29140 29.32000 28.40210 28.31640 28.03790 27.75950 27.48180 28.77510 28.04570 26.21530 28.20300 26.48760 27.00850 27.34650 27.01800 26.91660 27.64880 26.96530 26.93740 30.17010 30.51870 29.69630 30.15800 28.81340 -9999 -9999 -9999 -9999 -9999 27.78250 26.23540 27.39180 26.48800 25.97760
27.38550 32.95720 30.91500 24.78920 31.71410 34.89990 33.15560 33.27830 35.67390 37.22410 36.14110 33.37070 31.88450 29.26170 23.99360 22.95400 21.53750 19.00350 18.44770 19.95260 20.34260 20.09330 18.61490 18.42640 18.87950 19.33400 21.40360 21.37460 22.45340 20.12330 20.34960 20.32210 20.04690 22.95150 20.35090 17.23200 20.26750 18.88970 21.89180 20.58910 20.37300 20.18210 20.11520 21.23890 22.48790 22.27500 18.70710 20.30860 22.43260 22.42860 23.29690 21.49840 22.95960 23.86010 23.17610 24.58710 25.12230 24.87920 24.90040 25.56610 24.18130 23.89930 25.18520 25.84050 26.39940 26.78880 26.32640 26.31010 28.54770 27.95820 24.41040
26.67600 19.62760 36.43540 26.75380 26.55110 30.45680 31.59390 30.58300 40.41490 40.74950 39.57930 36.83310 35.62110 32.00000 26.67950 21.21780 23.15140 22.43230 18.53170 18.07220 20.16590 22.75840 21.64540 22.26320 19.49620 21.27220 22.23000 23.24040 20.38230 18.02920 17.18550 16.00250 17.16560 21.85700 20.47970 17.88560 20.53650 21.11740 21.92230 19.14000 20.63760 23.41920 24.01470 18.98780 17.91660 20.93390 21.30890 23.16060 21.07030 22.05600 21.08040 22.84420 21.78780 23.63000 24.57230 23.60490 24.53990 24.98590 24.56380 24.38480 22.82770 20.80390 22.87680 24.84580 25.76640 25.80570 26.08400 26.11980 28.58690 27.49580 23.25010
25.28030 21.43000 27.61960 41.28190 34.37560 38.18950 41.02800 32.73520 36.55080 40.17580 39.04340 39.00070 36.70340 32.02580 29.80020 26.19780 25.38300 24.64180 21.79810 17.49010 19.78480 21.56920 22.72830 23.78350 23.31250 22.61860 23.19900 20.98940 21.72380 22.16480 21.86430 20.91730 20.20900 19.07070 18.05540 18.31960 20.10460 23.16390 20.67850 19.40640 23.13270 23.54220 22.04550 20.27340 20.05890 20.85060 21.63400 22.83110 22.81080 21.70630 21.58790 21.54710 20.52490 21.23690 21.98220 22.07700 24.35160 23.16870 22.14710 21.50450 22.01240 21.14370 20.22560 21.67300 22.31140 22.94100 23.78820 23.86900 23.02360 22.23890 22.21820
30.78050 25.29710 24.10930 24.68710 30.82920 39.83670 39.93800 32.15150 32.84080 38.49890 24.95230 26.31670 29.58810 33.50870 34.61170 34.37650 32.32740 28.28770 23.82600 23.03840 21.58470 23.26070 24.54050 25.71110 26.36990 26.64060 24.44760 27.43100 20.63450 23.06830 24.95590 20.89260 20.43240 23.20150 25.98880 24.16050 25.30770 24.16660 23.79990 22.34850 23.33100 24.31750 23.90480 23.31190 22.67940 21.90080 21.95400 18.95550 20.79290 20.35370 19.94960 21.11540 20.12120 20.47470 21.37180 21.35540 23.06300 21.79050 22.04130 22.84620 22.58570 22.71340 22.81960 21.79110 20.80480 22.32750 21.64370 22.88760 22.85110 22.55070 22.51370
31.86990 27.44320 24.96550 21.18300 19.28220 29.89130 35.96500 39.57820 35.71910 36.85560 29.11880 19.58760 18.08120 18.06660 21.78720 26.24820 28.65810 30.97090 30.31990 28.93840 24.91040 24.92480 26.01470 29.21540 27.96280 26.86540 25.67220 27.19010 25.34580 23.73080 23.13720 23.90860 23.02710 22.33960 24.24660 21.32470 21.74740 20.44850 21.66560 22.14930 21.55720 20.66380 23.31090 23.09390 20.72200 19.91460 18.15240 18.59880 20.64110 19.50890 19.58500 20.19350 20.29480 20.70760 21.75660 21.63150 20.93560 19.94260 20.83000 19.34660 19.61480 19.94130 21.01980 21.19740 21.48580 21.39440 20.44350 20.08060 20.73020 20.74520 21.34710
23.32420 23.71810 19.48700 19.84900 19.91340 20.66140 20.14530 22.65140 27.34070 33.06770 37.32780 30.92290 26.39100 21.55410 20.51370 19.67350 18.67410 19.69370 22.80280 23.84860 26.11270 24.73320 28.12640 28.22770 26.87500 26.52070 29.00370 28.85660 25.32250 24.44850 26.95070 20.19220 19.45740 19.20370 20.58810 19.84320 21.17150 20.09160 21.48180 20.99480 21.19960 20.55110 24.30010 22.38300 20.63470 20.11510 18.99680 18.95280 20.00430 19.48350 19.61720 19.57850 19.92450 20.03930 20.88270 20.46790 19.21620 20.43690 20.50200 19.41150 20.37860 20.31240 20.83510 21.83100 21.17460 21.17900 20.22270 20.70520 21.23540 21.34000 21.81150
25.84580 22.59090 23.05910 22.90420 21.15900 20.48870 20.74030 22.52050 20.93490 26.14950 26.12600 24.63810 25.35370 28.56530 26.60460 25.12480 22.63720 20.15640 17.90370 18.47290 19.14750 20.17360 24.17310 25.62970 28.87610 28.41420 31.35690 28.77910 24.02710 24.55170 26.42430 25.58780 20.71290 22.16620 20.76140 25.64210 25.23230 23.05040 20.17240 21.01470 22.98490 23.36520 22.69360 21.41870 18.85020 19.05930 18.54590 18.23370 18.57550 18.03870 18.39300 18.71940 19.52630 18.00570 18.66770 17.69980 19.31510 18.68700 18.86030 19.45460 18.91830 19.21570 20.05240 19.95660 21.23910 21.38730 21.08970 21.04490 19.50860 16.82570 19.56600
26.93970 26.22900 27.51670 27.46990 22.39090 20.30500 19.88460 20.32650 21.16560 23.84990 29.13030 18.39420 20.45030 23.39390 19.66710 23.53480 19.05150 28.37730 20.77770 18.01260 16.26300 17.34390 19.42240 28.92080 30.71030 31.77520 32.08310 28.66230 26.58130 26.27660 26.84840 27.03590 24.68260 25.04880 29.68010 27.40390 24.48390 24.13470 21.62330 20.86390 20.31630 20.80420 21.90580 20.74190 21.48790 20.88710 18.30970 18.55940 18.48100 18.15180 18.53100 18.76000 20.05590 19.98830 18.55440 17.79750 18.94390 18.70480 19.16130 19.48810 19.92340 19.60320 20.54640 19.51110 20.90210 18.01860 17.49200 19.24770 20.02760 17.93310 21.10150
28.20240 28.51980 28.00420 28.41350 25.97380 25.00990 24.61550 22.92990 23.62730 23.14170 22.79210 21.87780 23.24530 24.48730 19.89600 18.44360 21.54940 18.96700 20.45840 21.40520 19.69050 18.64460 19.92800 21.59410 28.83720 33.57060 33.87780 33.89510 30.36040 31.41720 28.55830 29.57980 29.75290 27.68960 26.75720 26.48900 25.17870 23.79150 22.16430 20.71790 18.49700 18.24200 19.25910 19.47650 21.37110 21.74520 19.67180 18.81690 18.56060 18.14210 18.03100 18.83060 20.04300 18.61890 18.58940 19.03550 18.49300 18.53360 17.16530 17.55830 17.50830 18.20790 18.72790 19.72590 20.94500 17.84470 18.89270 20.32590 19.02580 18.09210 20.06630
26.67500 25.94710 23.98840 23.50260 24.59040 28.00810 28.26360 28.35220 28.22920 28.95390 25.08020 21.26610 23.73940 25.51720 25.27560 21.07240 19.54280 18.63470 16.79770 17.76810 19.20900 22.46690 24.67690 23.51040 22.85770 26.05040 33.58200 34.06090 30.51120 27.92270 30.57520 30.22230 34.97490 32.06440 28.95250 24.01770 22.36540 19.42140 20.62480 17.62220 17.10420 17.34050 18.69410 18.02680 17.69650 18.28420 18.89580 18.51020 19.10960 18.42590 18.78930 19.02610 20.53170 20.45640 20.06580 19.75240 18.84480 18.63530 17.58080 17.68190 17.98950 18.12900 18.98660 19.09460 20.18180 20.13530 19.93410 20.22980 19.13190 18.26960 18.76520
23.25570 21.29510 19.67620 19.12890 22.76370 24.51450 28.10780 30.22400 32.82350 29.46910 27.20950 24.80980 19.37630 20.51630 25.10330 25.52520 21.37710 19.50260 18.27490 18.74380 18.04550 18.38510 19.87050 21.80050 23.46400 25.15110 24.56870 27.57050 36.54140 31.82880 34.88520 33.43450 34.98370 26.42630 22.86420 25.78920 21.46230 18.54920 20.00160 20.10290 18.30700 18.19570 19.30230 19.19020 18.30260 18.50560 17.82250 17.81620 19.60090 19.66970 19.67290 19.21870 18.40010 18.18840 17.70300 17.68890 17.06320 17.07090 16.93550 17.01630 19.09850 19.12390 17.61410 17.91390 17.33960 17.54840 18.40520 18.29350 17.81560 17.19470 17.97940
29.34220 25.31290 19.80500 20.66480 19.73470 24.76890 26.48540 31.99670 30.54400 33.66480 37.41990 32.37320 25.89930 20.51610 21.13680 21.41230 20.70150 22.10350 20.94880 21.70240 17.79440 18.85390 22.44360 22.98700 24.87880 23.24930 20.99510 24.61430 34.99700 36.56100 26.80950 28.01110 30.75270 26.21280 21.02350 24.32320 21.54540 19.70070 19.15510 19.11270 18.40740 18.52750 19.33560 19.43050 18.67550 18.77710 18.99540 18.61630 19.84360 19.90290 19.46520 19.33940 18.55280 19.17590 17.55050 17.69070 17.02540 17.31060 16.60780 16.48370 19.05760 19.45880 17.40000 17.14590 16.25350 16.30990 16.92810 16.86880 17.32550 16.94690 17.69360
26.03370 25.93510 21.04630 22.32870 22.93880 25.09610 23.53440 24.55900 24.60990 26.61350 28.68760 24.94100 26.72830 23.25540 18.76100 20.49670 22.84710 23.99400 22.02090 22.22960 22.19690 19.11930 18.88090 21.62330 23.09290 27.26820 24.99230 27.58320 39.87890 32.94460 27.66090 26.41920 27.56460 26.31630 22.44860 22.01110 22.67440 19.64970 18.42680 18.11650 18.95380 19.08570 19.38970 20.12390 22.66450 22.47220 25.40040 27.04770 26.96240 27.33190 26.54690 25.70260 24.38990 22.32850 19.01490 18.81160 17.53730 17.64300 18.37580 19.31890 19.13030 18.67350 17.37620 17.93350 16.93670 16.70190 17.20120 16.87700 17.48440 17.37740 18.45170
32.64120 28.20880 21.36180 20.81230 21.05280 24.96780 25.36170 25.35860 21.43890 19.97910 22.22080 20.69540 21.57370 19.10440 19.16040 20.45300 20.19960 21.18970 23.74920 23.30170 22.16740 19.69440 16.41310 20.10340 22.44020 24.96710 20.59630 23.63680 27.94450 24.06250 27.89410 29.39940 25.34780 24.15340 21.14430 21.72950 20.15870 20.46100 18.90430 18.37710 19.59710 21.65950 21.10300 22.66090 28.86430 28.43370 27.16820 25.98180 23.82210 25.65910 -9999 -9999 25.95440 24.14860 23.09250 20.39900 18.15190 17.54230 18.41870 17.24610 17.01290 16.81640 17.37140 18.44190 17.46260 17.10660 17.73180 17.33090 16.89370 16.61680 17.65220
22.23750 24.98030 22.01520 20.31310 19.91790 19.84840 24.79820 21.15530 20.37090 22.99770 23.04880 18.81170 17.85280 17.57680 18.98930 20.13990 17.55370 19.08710 21.66990 19.54630 18.23860 19.47320 19.10880 18.16190 15.73910 18.01090 18.91980 20.94090 23.10630 22.93020 22.62120 26.61420 24.95140 22.54640 22.10440 21.18600 19.94280 23.45620 27.23860 -9999 -9999 -9999 -9999 32.24390 -9999 24.76560 22.81490 23.92030 24.29850 28.16290 -9999 -9999 25.62370 25.22820 24.45190 23.47630 21.93270 21.09160 20.89760 20.30630 21.44820 21.72390 22.02120 22.85700 21.76070 21.94950 22.25820 22.66850 21.69370 21.31910 21.18450
26.97830 24.29960 21.77310 19.57480 19.89900 23.07950 18.56420 20.43990 24.07120 23.11480 21.34990 20.10850 19.16890 17.57530 18.72860 23.02030 19.72390 18.20220 18.01560 18.70820 16.48560 18.24830 17.12190 17.61130 15.91820 16.85710 17.96870 17.47190 21.02760 21.50240 21.30050 20.83100 22.11400 21.49630 20.64510 21.21980 21.89140 -9999 -9999 -9999 -9999 -9999 -9999 -9999 25.06860 22.47390 23.83120 -9999 -9999 -9999 -9999 -9999 26.26740 25.11020 22.32520 21.30340 19.91510 19.92150 19.44100 19.54340 20.09550 20.27820 20.27940 20.89120 20.83260 20.99410 21.96630 22.27280 20.69500 18.96770 -9999
