data/hydroclimate-scenarios/BCSD_hadcm_A1B/monthly_summaries/et_monthly_tot_mar.2070-2099.asc
ncols	311
nrows	91
xllcenter	102.75
yllcenter	31.75
cellsize	0.5
NODATA_value	-9999
[rows 0 to 31 of 91, columns 0 to 71 of 311]
-9999 -9999 -9999 -9999 -9999 -9999 -9999 -9999 -9999 -9999 -9999 -9999 -9999 -9999 -9999 -9999 -9999 -9999 -9999 -9999 -9999 -9999 -9999 -9999 -9999 -9999 -9999 -9999 -9999 -9999 -9999 -9999 -9999 -9999 -9999 -9999 -9999 -9999 -9999 -9999 -9999 -9999 -9999 -9999 -9999 -9999 -9999 -9999 -9999 -9999 -9999 -9999 -9999 -9999 -9999 -9999 -9999 -9999 -9999 -9999 -9999 -9999 -9999 -9999 -9999 -9999 -9999 -9999 -9999 -9999 -9999 -9999
-9999 -9999 -9999 -9999 -9999 -9999 -9999 -9999 -9999 -9999 -9999 -9999 -9999 -9999 -9999 -9999 -9999 -9999 -9999 -9999 -9999 -9999 -9999 -9999 -9999 -9999 -9999 -9999 -9999 -9999 -9999 -9999 -9999 -9999 -9999 -9999 -9999 -9999 -9999 -9999 -9999 -9999 -9999 -9999 -9999 -9999 -9999 -9999 -9999 -9999 -9999 -9999 -9999 -9999 -9999 -9999 -9999 -9999 -9999 -9999 -9999 -9999 -9999 -9999 -9999 -9999 -9999 -9999 -9999 -9999 -9999 -9999
-9999 -9999 -9999 -9999 -9999 -9999 -9999 -9999 -9999 -9999 -9999 -9999 -9999 -9999 -9999 -9999 -9999 -9999 -9999 -9999 -9999 -9999 -9999 -9999 -9999 -9999 -9999 -9999 -9999 -9999 -9999 -9999 -9999 -9999 -9999 -9999 -9999 -9999 -9999 -9999 -9999 -9999 -9999 -9999 -9999 -9999 -9999 -9999 -9999 -9999 -9999 -9999 -9999 -9999 -9999 -9999 -9999 -9999 -9999 -9999 -9999 -9999 -9999 -9999 -9999 -9999 -9999 -9999 -9999 -9999 -9999 -9999
-9999 -9999 -9999 -9999 -9999 -9999 -9999 -9999 -9999 -9999 -9999 -9999 -9999 -9999 -9999 -9999 -9999 -9999 -9999 -9999 -9999 -9999 -9999 -9999 -9999 -9999 -9999 -9999 -9999 -9999 -9999 -9999 -9999 -9999 -9999 -9999 -9999 -9999 -9999 -9999 -9999 -9999 -9999 -9999 -9999 -9999 -9999 -9999 -9999 -9999 -9999 -9999 -9999 -9999 -9999 -9999 -9999 -9999 -9999 -9999 -9999 -9999 -9999 -9999 -9999 -9999 -9999 -9999 -9999 -9999 -9999 -9999
-9999 -9999 -9999 -9999 -9999 -9999 -9999 -9999 -9999 -9999 -9999 -9999 -9999 -9999 -9999 -9999 -9999 -9999 -9999 -9999 -9999 -9999 -9999 -9999 -9999 -9999 -9999 -9999 -9999 -9999 -9999 -9999 -9999 -9999 -9999 -9999 -9999 -9999 -9999 -9999 -9999 -9999 -9999 -9999 -9999 -9999 -9999 -9999 -9999 -9999 -9999 -9999 -9999 -9999 -9999 -9999 -9999 -9999 -9999 -9999 -9999 -9999 -9999 -9999 -9999 -9999 -9999 -9999 -9999 -9999 -9999 -9999
-9999 -9999 -9999 -9999 -9999 -9999 -9999 -9999 -9999 -9999 -9999 -9999 -9999 -9999 -9999 -9999 -9999 -9999 -9999 -9999 -9999 -9999 -9999 -9999 -9999 -9999 -9999 -9999 -9999 -9999 -9999 -9999 -9999 -9999 -9999 -9999 -9999 -9999 -9999 -9999 -9999 -9999 -9999 -9999 -9999 -9999 -9999 -9999 -9999 -9999 -9999 -9999 -9999 -9999 -9999 -9999 -9999 -9999 -9999 -9999 -9999 -9999 -9999 -9999 -9999 -9999 -9999 -9999 -9999 -9999 -9999 -9999
-9999 -9999 -9999 -9999 -9999 -9999 -9999 -9999 -9999 -9999 -9999 -9999 -9999 -9999 -9999 -9999 -9999 -9999 -9999 -9999 -9999 -9999 -9999 -9999 -9999 -9999 -9999 -9999 -9999 -9999 -9999 -9999 -9999 -9999 -9999 -9999 -9999 -9999 -9999 -9999 -9999 -9999 -9999 -9999 -9999 -9999 -9999 -9999 -9999 -9999 -9999 -9999 -9999 -9999 -9999 -9999 -9999 -9999 -9999 -9999 -9999 -9999 -9999 -9999 -9999 -9999 -9999 -9999 -9999 -9999 -9999 -9999
-9999 -9999 -9999 -9999 -9999 -9999 -9999 -9999 -9999 -9999 -9999 -9999 -9999 -9999 -9999 -9999 -9999 -9999 -9999 -9999 -9999 -9999 -9999 -9999 -9999 -9999 -9999 -9999 -9999 -9999 -9999 -9999 -9999 -9999 -9999 -9999 -9999 -9999 -9999 -9999 -9999 -9999 1.92804 1.83549 1.83666 1.89441 1.90939 2.08620 2.10304 2.38334 2.40157 2.82383 -9999 -9999 -9999 -9999 -9999 -9999 -9999 -9999 -9999 -9999 -9999 -9999 -9999 -9999 -9999 -9999 -9999 -9999 -9999 -9999
-9999 -9999 -9999 -9999 -9999 -9999 -9999 -9999 -9999 -9999 -9999 -9999 -9999 -9999 -9999 -9999 -9999 -9999 -9999 -9999 -9999 -9999 -9999 -9999 -9999 -9999 -9999 -9999 -9999 -9999 -9999 -9999 -9999 -9999 -9999 -9999 -9999 -9999 1.16058 1.10613 1.13672 1.18118 1.18448 1.24040 1.25740 1.35915 1.36721 1.45524 1.46098 1.78859 1.80415 2.26645 2.23840 3.06533 -9999 -9999 -9999 -9999 -9999 -9999 -9999 -9999 -9999 -9999 -9999 -9999 -9999 -9999 -9999 -9999 -9999 -9999
-9999 -9999 -9999 -9999 -9999 -9999 -9999 -9999 -9999 -9999 -9999 -9999 -9999 -9999 -9999 -9999 -9999 -9999 -9999 -9999 -9999 -9999 -9999 -9999 -9999 -9999 -9999 -9999 -9999 -9999 -9999 -9999 -9999 -9999 -9999 -9999 -9999 -9999 -9999 -9999 1.23129 1.25012 1.23496 1.26776 1.28326 1.36314 1.42166 1.56611 1.55729 1.86708 1.86249 2.40058 2.37753 3.24240 -9999 -9999 -9999 -9999 -9999 -9999 -9999 -9999 -9999 -9999 -9999 -9999 -9999 -9999 -9999 -9999 -9999 -9999
-9999 -9999 -9999 -9999 -9999 -9999 -9999 -9999 -9999 -9999 -9999 -9999 -9999 -9999 -9999 -9999 -9999 -9999 -9999 -9999 -9999 -9999 -9999 -9999 -9999 -9999 -9999 -9999 -9999 -9999 -9999 -9999 -9999 -9999 -9999 -9999 -9999 -9999 -9999 -9999 -9999 -9999 -9999 -9999 0.91544 1.01029 1.00829 1.04239 1.08928 1.37121 1.37253 1.42860 1.49160 2.08111 -9999 -9999 -9999 -9999 -9999 -9999 1.81239 -9999 -9999 -9999 -9999 -9999 -9999 -9999 -9999 -9999 -9999 -9999
-9999 -9999 -9999 -9999 -9999 -9999 -9999 -9999 -9999 -9999 -9999 -9999 -9999 -9999 -9999 -9999 -9999 -9999 -9999 -9999 -9999 -9999 -9999 -9999 -9999 -9999 -9999 -9999 -9999 -9999 -9999 -9999 -9999 -9999 -9999 -9999 -9999 -9999 -9999 -9999 -9999 0.76546 0.77867 0.91397 0.93418 1.08428 1.08392 1.09168 1.14510 1.43477 1.37470 1.46363 1.54092 1.76579 -9999 -9999 -9999 -9999 -9999 1.97583 1.97336 1.91927 1.95983 2.08670 2.12493 2.08656 2.08418 1.94177 1.98583 1.86956 1.83640 1.60954
-9999 -9999 -9999 -9999 -9999 -9999 -9999 -9999 -9999 -9999 -9999 -9999 -9999 -9999 -9999 -9999 -9999 -9999 -9999 -9999 -9999 -9999 -9999 -9999 -9999 -9999 -9999 -9999 -9999 -9999 -9999 -9999 -9999 -9999 -9999 -9999 -9999 -9999 -9999 -9999 -9999 0.66075 0.67145 0.80589 0.83480 0.93245 0.94832 0.98038 0.96400 1.07402 1.05726 1.01737 1.01546 1.17711 1.26071 1.26018 1.35934 -9999 1.57125 1.51221 1.51077 1.57599 1.59375 1.53602 1.55468 1.55927 1.58026 1.87943 1.89873 1.54704 1.56580 1.33717
-9999 -9999 -9999 -9999 -9999 -9999 -9999 -9999 -9999 -9999 -9999 -9999 -9999 -9999 -9999 -9999 -9999 -9999 -9999 -9999 -9999 -9999 -9999 -9999 -9999 -9999 -9999 -9999 -9999 -9999 -9999 -9999 -9999 -9999 -9999 0.69423 0.69233 0.62306 0.60389 0.70459 0.70129 0.75010 0.75422 0.89359 0.91106 1.01328 1.03106 1.06309 1.05441 1.12834 1.08659 1.05791 0.97096 1.13803 1.17808 1.18117 1.33408 1.56552 1.68734 1.62367 1.64390 1.69366 1.71387 1.53754 1.59623 1.63794 1.66846 2.00536 2.05293 1.67212 1.67334 1.44038
-9999 -9999 -9999 -9999 -9999 -9999 -9999 -9999 -9999 -9999 -9999 -9999 -9999 -9999 -9999 -9999 -9999 -9999 -9999 -9999 -9999 -9999 -9999 -9999 -9999 -9999 -9999 -9999 -9999 -9999 -9999 -9999 -9999 -9999 0.93375 0.78504 0.74922 0.75305 0.74612 0.74778 0.75158 0.76362 0.77387 0.87463 0.94508 0.97307 0.98047 0.81477 0.79621 0.81992 0.78218 0.77907 0.68709 0.77465 0.80186 0.87469 0.98966 1.15975 1.27868 1.28539 1.26317 1.24543 1.23659 1.24117 1.31837 1.48664 1.43968 1.39739 1.32727 1.43720 1.39045 1.08855
-9999 -9999 -9999 -9999 -9999 -9999 -9999 -9999 -9999 -9999 -9999 -9999 -9999 -9999 -9999 -9999 -9999 -9999 -9999 -9999 -9999 -9999 -9999 -9999 -9999 -9999 -9999 -9999 -9999 -9999 -9999 -9999 -9999 0.97009 0.94731 0.85796 0.84591 0.84004 0.82851 0.85894 0.90999 0.91050 1.00541 1.11716 0.95908 1.02315 1.02610 0.85799 0.80536 0.80851 0.75615 0.68222 0.67046 0.79512 0.91660 0.96229 1.00410 1.27607 1.35421 1.36093 1.31148 1.42950 1.45878 1.52227 1.55125 1.58823 1.49355 1.45293 1.45788 1.54855 1.54844 1.21241
-9999 -9999 -9999 -9999 -9999 -9999 -9999 -9999 -9999 -9999 -9999 -9999 -9999 -9999 -9999 -9999 -9999 -9999 -9999 -9999 -9999 -9999 -9999 -9999 -9999 -9999 -9999 -9999 -9999 -9999 -9999 1.19647 1.15401 1.03430 1.07576 1.11752 1.10425 1.04586 0.96837 0.93439 1.00339 0.95244 1.18808 1.07097 0.96128 0.94684 0.95012 0.72796 0.68408 0.71840 0.65277 0.55047 0.62952 0.68173 0.74933 0.79907 0.91113 1.10010 1.07820 1.05608 1.13415 1.22218 1.20665 1.37963 1.36177 1.35583 1.33498 1.41878 1.40297 1.24799 1.19175 0.97214
-9999 -9999 -9999 -9999 -9999 -9999 -9999 -9999 -9999 -9999 -9999 -9999 -9999 -9999 -9999 -9999 -9999 -9999 -9999 -9999 -9999 -9999 -9999 -9999 -9999 -9999 -9999 -9999 -9999 1.68343 1.45259 1.35955 1.37242 1.22048 1.16659 1.21489 1.19365 1.22450 1.12397 1.09596 0.96136 1.00638 1.05509 1.06290 1.05382 0.99976 1.00754 0.76982 0.67515 0.70425 0.69090 0.55330 0.71249 0.75694 0.77919 0.84108 0.97451 1.16227 1.23148 1.21262 1.23120 1.31461 1.36417 1.45521 1.53096 1.51798 1.41064 1.41167 1.40496 1.30840 1.34434 1.03010
-9999 -9999 -9999 -9999 -9999 -9999 -9999 -9999 -9999 -9999 -9999 -9999 -9999 -9999 -9999 -9999 -9999 -9999 -9999 -9999 -9999 -9999 -9999 -9999 1.35785 1.50782 1.55926 1.50308 1.41853 1.27983 1.32225 1.61800 1.71750 1.51019 1.40058 1.32680 1.29237 1.32290 1.32520 1.28318 1.29540 1.03559 0.92393 0.91763 0.90499 0.85657 0.86100 0.89887 0.81979 0.74685 0.75348 0.61211 0.67393 0.88609 1.00986 0.97484 1.07612 1.22018 1.23336 1.37913 1.45065 1.76596 1.89597 1.41893 1.36693 1.48520 1.59463 1.80767 1.45749 1.22845 1.03498 0.93818
-9999 -9999 -9999 -9999 -9999 -9999 2.01006 2.00597 2.24424 1.94615 1.77736 -9999 -9999 -9999 -9999 -9999 -9999 -9999 -9999 -9999 -9999 1.62013 1.51898 1.57010 1.61390 1.71278 1.69309 1.46064 1.56568 1.58865 1.61228 1.93475 1.82957 1.67303 1.59739 1.37328 1.38716 1.40848 1.42228 1.23523 1.26785 1.35700 1.25013 1.03576 0.99142 0.93931 0.95682 1.01768 0.90746 0.82303 0.75759 0.72744 0.75700 0.97535 1.11873 1.11115 1.15510 1.32631 1.44391 1.62425 1.58698 1.90653 1.88483 1.37187 1.35679 1.73890 1.74643 1.76673 1.59704 1.55543 1.34963 1.03895
-9999 -9999 -9999 -9999 -9999 1.84696 1.89549 1.97179 1.93018 1.72484 1.69678 1.58347 1.53121 1.50424 -9999 -9999 -9999 1.67789 1.57315 1.67259 1.59303 1.78271 1.86740 1.75080 1.81474 2.31493 2.03549 1.72873 1.58828 1.62254 2.04237 2.24630 2.20966 2.19753 1.79266 1.52247 1.76209 1.57350 1.23324 1.08555 1.10800 1.34347 1.45162 1.44209 1.26130 1.19397 1.04759 1.03735 0.98181 0.79437 0.78772 0.75749 0.80724 0.94852 1.01270 0.93280 0.99216 1.12863 1.29886 1.40710 1.45024 1.42415 1.29905 1.17861 1.05585 1.05005 1.06796 1.23930 1.31703 1.23493 1.17134 0.97561
-9999 2.37415 2.83002 2.32814 2.09562 2.19644 2.05429 2.03301 2.04058 1.80813 1.80799 1.64800 1.62203 1.62068 1.63487 1.68344 1.65399 1.76736 1.82627 1.75304 1.79177 2.15110 2.12187 2.22201 2.32449 2.56251 2.67501 2.34025 2.22756 2.18295 2.37076 2.39725 2.09681 2.22175 2.22896 1.89856 1.82110 1.59344 1.22071 1.21411 1.22611 1.52425 1.74472 1.56465 1.70583 1.63830 1.18997 1.17594 1.11735 0.94411 0.92458 0.83900 0.89365 0.93480 1.01711 0.99418 1.09825 1.32721 1.30551 1.39881 1.51586 1.37754 1.35324 1.17127 1.05650 1.16178 1.37713 1.28985 1.30554 1.15936 1.06001 0.93504
-9999 2.34493 2.78906 2.87798 3.00025 2.87393 2.19353 2.16684 2.07977 1.92335 2.17008 1.85218 1.66980 1.69434 1.82357 1.86643 2.36074 2.12643 2.21394 2.28030 2.15339 2.08408 2.24779 2.71323 2.66643 2.49116 2.34730 2.53531 2.67737 2.69731 2.46290 2.58886 2.72411 2.60860 2.50639 2.24283 2.25527 1.89597 1.66768 1.46253 1.52597 1.81564 1.97059 1.88286 1.84468 1.71340 1.69358 1.20058 1.08899 0.96915 0.96124 0.79244 0.82564 0.80429 0.89114 0.92714 1.04753 1.26338 1.32753 1.18667 1.27035 1.18518 1.15532 1.23399 1.12350 1.17408 1.15711 1.38892 1.37022 1.40246 1.26992 1.14427
-9999 -9999 -9999 2.64734 3.01970 3.14114 2.86568 2.78699 2.55535 2.73218 2.81677 2.85426 2.62407 2.51600 2.07705 2.44495 2.72406 2.91016 2.70212 2.67170 2.82305 2.76963 2.91131 3.04579 3.07760 2.93948 3.06971 2.96250 3.20887 3.16204 3.29730 3.06879 3.01937 2.90383 2.82230 2.61937 2.52159 2.39765 2.24448 2.06133 1.59185 1.76846 2.22892 2.16058 2.08252 1.90364 2.13569 1.58762 1.43134 1.17538 1.09349 0.92056 0.92411 0.96005 1.05800 1.01898 1.13094 1.37406 1.35093 1.29542 1.39697 1.21629 1.20462 1.20102 1.23557 1.32209 1.36288 1.45310 1.38510 1.37962 1.35684 1.27509
-9999 -9999 -9999 -9999 -9999 -9999 3.25259 3.34349 3.25099 3.29349 3.43371 3.28362 3.12188 3.17560 2.71126 3.27076 3.04763 3.11761 2.95326 2.41189 3.02334 3.16803 3.33195 3.25538 3.25480 3.51081 3.46750 3.61008 3.66222 3.55483 3.56533 3.27617 3.27769 3.03054 3.04269 2.86015 2.80721 2.67623 2.59797 2.48554 2.20834 2.28918 2.30706 1.99538 2.16483 2.11893 2.16811 1.73429 1.66741 1.32478 1.20087 0.90805 0.93131 1.16382 1.16194 1.07453 1.17660 1.24053 1.24500 1.17486 1.15679 1.18943 1.22315 1.39109 1.39182 1.24139 1.33737 1.28847 1.30499 1.48696 1.43814 1.25812
-9999 -9999 -9999 -9999 -9999 -9999 3.60021 3.48933 3.04374 3.59369 3.51429 3.30783 3.44714 3.54199 3.56699 3.66465 3.54285 3.45932 3.41688 3.05227 3.01404 3.04106 3.28682 3.57921 3.59227 3.88874 3.98156 4.01232 4.00435 3.86372 3.72963 3.62602 3.56724 3.37107 3.26510 3.10682 2.87239 2.59119 2.29652 2.36267 2.72035 2.66629 2.59283 2.37565 2.33436 2.37144 2.38914 2.30227 2.13131 2.02445 1.68973 1.20838 1.18258 1.31755 1.33271 1.51367 1.45576 1.39223 1.51738 1.31036 1.22774 1.24596 1.28214 1.42552 1.51398 1.41911 1.40427 1.47668 1.46951 1.68953 1.57193 1.33765
-9999 -9999 -9999 -9999 -9999 -9999 -9999 -9999 -9999 -9999 3.87092 3.81158 3.88026 4.03839 3.57699 3.39610 3.58749 3.50560 3.71599 3.27471 3.14034 2.80215 3.29055 3.73129 3.85744 3.71073 3.87675 4.14664 4.22531 4.07717 4.08913 3.80133 3.76563 3.53243 3.47582 3.41327 3.31589 3.26569 3.15255 2.78619 2.83154 2.68172 2.74325 2.18625 1.99150 1.93261 2.06963 2.25976 2.35864 2.40470 2.45582 2.49847 2.47252 2.53110 2.54347 2.57632 2.21067 2.50978 2.72527 2.63398 2.62925 2.17320 2.20143 1.80284 1.86539 1.90376 2.06724 2.11558 1.82148 1.85982 1.70129 1.56270
-9999 -9999 -9999 -9999 -9999 -9999 -9999 -9999 -9999 -9999 4.44777 4.09801 4.20572 3.86552 4.22492 4.14793 4.07212 3.90351 3.69599 3.59849 3.71756 3.55063 3.48222 3.91665 3.93318 4.12574 4.22061 4.39763 4.43055 4.31427 4.27876 4.01170 3.95009 3.79872 3.66263 3.50755 3.33094 3.20686 3.01385 2.89048 2.73320 2.74629 2.50507 2.00933 2.00618 2.14268 2.14926 2.52758 2.56261 2.64906 2.75422 2.74710 2.89087 2.91897 2.70815 2.87812 2.86263 3.31811 3.36559 3.17519 3.20403 3.12437 3.36411 3.05785 2.85174 2.62270 2.65475 2.80695 2.85636 2.09022 1.87896 1.91205
-9999 -9999 -9999 -9999 -9999 -9999 -9999 -9999 -9999 -9999 -9999 -9999 4.25774 3.24967 3.45345 3.34815 4.15346 4.24566 3.95776 4.12397 3.86026 4.09451 4.20485 4.27726 4.24234 4.49369 4.57963 4.71000 4.68776 4.67260 4.60376 4.44992 4.28383 4.03141 3.90756 3.79451 3.66162 3.44577 3.01189 3.04712 3.12334 2.95612 2.89746 2.39067 2.24178 2.13280 2.30758 2.42447 2.58196 2.79149 2.61077 2.85565 2.85285 2.98482 2.38314 2.51279 2.33525 3.24738 3.14518 3.25947 3.23938 3.18165 3.13685 3.12445 3.52015 3.78879 3.79165 3.13229 2.96343 2.59744 2.12207 1.55331
-9999 -9999 -9999 -9999 -9999 -9999 -9999 -9999 -9999 -9999 -9999 -9999 4.28254 3.97150 3.78235 4.29709 4.18701 4.64154 4.19102 3.80725 4.22462 4.21133 4.35527 4.33941 4.20025 4.53583 4.80776 4.98420 4.93202 4.92094 4.90291 4.57690 4.51057 4.23654 4.03125 3.92899 3.66727 3.48164 3.40787 3.33081 3.36473 3.12182 3.11605 2.54586 2.46307 2.49271 2.48062 2.63668 2.64705 2.80277 2.89466 2.97555 2.74574 3.08774 2.71616 2.52578 2.82713 3.36459 3.35299 3.16218 2.86886 2.97106 3.81763 3.25468 3.65299 3.93890 3.89827 3.44792 3.35075 2.96203 2.53901 2.05316
-9999 -9999 -9999 -9999 -9999 -9999 -9999 -9999 -9999 -9999 -9999 5.18956 3.99675 4.26905 4.61448 4.39931 3.75192 3.99657 3.87182 3.28221 4.24653 4.26191 4.37758 4.56702 4.53702 4.02606 4.63650 4.85063 4.97664 5.08916 5.06914 4.91548 4.84449 4.64124 4.45341 4.11648 3.93970 3.94938 3.76328 3.38335 3.35097 2.89227 2.88541 2.80855 2.59930 2.76948 2.64728 2.96549 3.19308 3.44167 3.48080 3.74270 3.70906 3.51069 3.16261 3.72098 3.99810 3.86342 3.87844 2.99508 3.46769 3.54250 3.59991 4.02137 4.01509 4.10943 4.00686 3.48753 2.80068 2.02665 1.76977 1.89257
-9999 -9999 -9999 -9999 -9999 -9999 -9999 -9999 -9999 -9999 -9999 5.72818 5.55753 4.75667 5.15831 4.63114 4.24731 3.98323 4.03340 3.86655 4.34497 4.50218 4.57094 4.94866 4.92616 4.79559 4.98146 4.85304 5.05042 5.13538 5.03672 4.92428 4.98013 4.75459 4.65077 4.39792 4.19416 4.14691 3.91092 3.67077 3.61171 3.20102 2.56642 2.46103 2.57068 2.62913 2.72262 2.65064 3.10748 3.22521 3.59453 3.95369 3.89189 3.76372 4.01979 4.28484 4.20640 4.14864 4.22409 3.49615 3.43422 3.82411 3.83164 3.71040 3.80054 3.71712 3.78053 3.60614 2.61898 1.96482 1.98381 2.22066
