data/hydroclimate-scenarios/BCSD_hadcm_A1B/monthly_summaries/et_monthly_tot_feb.2070-2099.asc
ncols	311
nrows	91
xllcenter	102.75
yllcenter	31.75
cellsize	0.5
NODATA_value	-9999
[rows 33 to 65 of 91, columns 0 to 72 of 311]
-9999 -9999 -9999 -9999 -9999 -9999 -9999 -9999 -9999 -9999 -9999 1.64601 1.55263 1.47584 1.34504 1.34480 1.28261 1.25141 1.21308 1.26426 1.26256 1.19400 1.13936 1.09704 1.08301 1.03520 1.06471 1.16351 1.23187 1.19938 0.92357 1.14993 1.15144 1.02984 0.88431 0.58736 0.67238 0.54091 0.51287 0.41688 0.33939 0.27974 0.25086 0.24440 0.21983 0.17788 0.18604 0.12695 0.15221 0.10830 0.10881 0.17434 0.19778 0.26108 0.29669 0.45835 0.44544 0.44516 0.50763 0.57423 0.58429 0.52214 0.45424 0.59417 0.61264 0.56910 0.46829 0.36100 0.25178 0.20919 0.16598 0.28100 0.27845
-9999 -9999 -9999 -9999 -9999 -9999 -9999 -9999 -9999 -9999 -9999 -9999 1.92555 1.90339 1.76847 1.78732 1.76500 1.69493 1.67238 1.76023 1.71947 1.51401 1.38854 1.21629 1.16156 1.00526 1.06045 0.98582 1.18821 1.30242 1.35203 1.36077 1.30829 1.22927 1.12501 0.94071 0.84749 0.76666 0.65954 0.49718 0.44482 0.39137 0.33087 0.26370 0.25822 0.23565 0.21805 0.19976 0.23202 0.23970 0.18754 0.24316 0.30206 0.34970 0.22571 0.26354 0.30192 0.47787 0.59505 0.74746 0.66688 0.80334 0.80732 0.96953 0.94294 0.94624 0.92022 0.99939 0.73241 0.77285 0.79132 0.98019 1.00861
-9999 -9999 -9999 -9999 -9999 -9999 -9999 -9999 -9999 -9999 -9999 -9999 1.96501 1.93306 1.86234 1.89189 1.86057 1.82386 1.74816 1.79817 1.68406 1.37519 1.19921 0.83258 0.65411 0.73374 0.77436 0.92002 1.02521 1.28115 1.37007 1.39279 1.48570 1.40453 1.39013 1.16325 0.98743 0.92786 0.88370 0.70771 0.56824 0.50548 0.40984 0.38720 0.31760 0.28801 0.29595 0.26800 0.22446 0.31105 0.29803 0.16937 0.17147 0.22146 0.22230 0.29996 0.32776 0.43817 0.68840 0.99936 0.87636 1.02187 1.02055 0.99181 1.05773 1.00096 0.91500 0.92019 0.79864 0.88985 0.86059 1.07146 1.06203
-9999 -9999 -9999 -9999 -9999 -9999 -9999 -9999 -9999 -9999 -9999 -9999 1.99286 2.09353 2.01965 2.15540 2.01580 2.02032 1.83453 1.68106 1.58609 1.31172 1.11991 0.80567 0.85689 0.86062 1.09976 1.25033 1.26849 1.41171 1.54867 1.61255 1.64688 1.55363 1.58305 1.35800 1.28722 1.15930 1.07889 0.88381 0.79744 0.64424 0.55348 0.50919 0.43711 0.38906 0.34794 0.34250 0.41743 0.35985 0.30639 0.46652 0.28855 0.45770 0.67379 0.79111 0.68560 0.87345 0.95508 1.27319 1.21670 1.33843 1.30952 1.43962 1.34548 1.62272 1.57975 1.72951 1.64410 1.81893 1.85647 2.07558 2.10308
-9999 -9999 -9999 1.69546 1.73831 1.75966 1.70791 2.02110 1.94786 -9999 2.12101 2.22390 2.17093 2.19829 2.14127 2.20445 2.12852 2.09287 1.93223 1.75511 1.62527 1.35967 1.18077 1.06358 1.03364 1.19652 1.38199 1.14807 1.24432 0.96499 1.49107 1.76603 1.40722 1.15257 1.36475 1.18504 1.24062 1.18500 1.17906 1.11677 0.99585 0.80924 0.71146 0.56433 0.47455 0.22282 0.21349 0.12434 0.11930 0.32108 0.35505 0.44194 0.33285 0.42031 0.46782 0.40310 0.43571 0.70865 0.81931 1.15162 1.30168 1.39398 1.38568 1.59858 1.52719 1.78045 1.67970 1.76722 1.71974 1.89062 1.86784 2.14892 2.04365
-9999 -9999 -9999 1.80102 1.75450 1.85329 1.68232 1.78312 1.66810 1.82928 1.93474 1.97974 2.02430 1.97466 1.90474 1.75545 1.78964 1.81919 1.80459 1.65693 1.51611 1.40080 1.34286 1.31019 1.28261 1.33613 1.31794 1.10478 1.10002 0.92034 1.27069 1.34178 1.40867 1.20899 1.07729 1.16983 0.94564 0.88172 1.16786 0.98852 0.73151 0.62406 0.83323 0.56958 0.27208 0.06305 0.06425 0.06801 0.18492 0.21884 0.20399 0.25810 0.28765 0.46704 0.50034 0.54861 0.56067 0.76386 0.79444 1.06219 1.12228 1.50202 1.48711 2.04545 2.06761 2.77064 2.64104 2.87219 2.76647 3.42328 3.21202 3.87334 3.56959
-9999 -9999 -9999 1.88820 1.97539 1.82723 1.81777 1.86508 1.87476 2.06004 2.00860 2.07178 1.85921 1.47602 1.18808 1.51903 1.80567 1.77576 1.77015 1.72295 1.53198 1.41965 1.44642 1.16893 1.04885 1.39267 1.39184 1.44305 1.30883 1.09765 1.06503 1.29758 1.54651 1.39551 1.27828 1.07960 1.12401 1.11091 0.98323 0.73102 0.57067 0.62252 0.85815 0.70514 0.44506 0.09575 0.16148 0.23917 0.18638 0.23636 0.25144 0.31625 0.34582 0.47805 0.55733 0.61683 0.63057 1.01679 0.95473 1.17534 1.26491 1.63969 1.68652 2.23223 2.35131 2.77860 2.78713 3.17146 2.91025 3.43238 3.38164 4.18359 4.01929
-9999 -9999 -9999 1.78645 1.84402 1.67184 1.57043 1.60615 1.43601 1.53334 1.66576 1.72985 1.01907 1.26812 0.94859 1.05588 1.21850 1.24439 1.34643 1.40223 1.03360 1.00381 0.92732 1.14972 1.43773 1.62307 1.61755 1.36235 1.14969 1.23400 1.58261 2.04251 1.72949 1.34604 1.34283 1.78419 1.91727 1.80976 1.70705 1.51927 1.09158 0.84959 0.83689 0.92017 0.81133 0.70193 0.65878 0.57840 0.42563 0.55755 0.54775 0.64293 0.63556 0.61193 0.71690 0.87464 0.87312 1.00379 1.03329 1.26877 1.12919 1.87616 1.84766 2.56644 2.57738 2.99274 2.97491 3.70069 3.66313 4.36817 4.51620 5.50150 -9999
-9999 -9999 -9999 1.78067 1.89606 1.71698 1.68760 1.68652 1.52513 1.70261 1.74483 1.47220 1.00511 0.90443 0.71668 0.88846 0.81899 1.07688 1.52427 1.96904 1.55037 1.24026 1.34558 1.86441 1.88687 2.14324 2.31043 2.03010 1.74881 1.83031 1.80334 1.92708 1.75452 1.63906 1.60849 1.61841 1.64788 1.92172 2.01990 1.97809 1.65569 1.30536 0.92988 0.74994 1.04677 0.92026 0.84408 0.69919 0.69470 0.78950 0.80077 0.91495 0.93041 0.74836 0.84634 0.98378 1.11625 1.28213 1.21205 1.30340 1.35178 1.97488 2.03068 2.73042 2.78241 3.73613 3.64786 3.99122 3.92579 5.13253 5.07460 -9999 -9999
-9999 -9999 -9999 -9999 1.60593 1.46380 1.47141 1.40049 1.25190 1.30952 1.42642 1.30469 0.51032 0.94320 -9999 -9999 -9999 -9999 -9999 1.29477 1.21135 1.52102 1.51961 1.48524 1.55150 1.97854 2.54829 2.18254 2.26819 2.37975 2.24236 2.38377 2.14243 1.96985 2.46762 2.30396 2.22447 2.32033 2.43141 2.37063 2.08979 2.17431 2.15542 1.77646 1.68044 1.62953 1.37480 1.30548 1.42851 1.48638 1.33764 1.35112 1.38718 1.38638 1.34533 1.39109 1.37487 1.45595 1.49905 1.52677 1.45791 1.95266 1.97719 2.85367 2.90738 3.71904 3.83916 5.12211 5.28042 -9999 -9999 -9999 -9999
-9999 -9999 1.96174 1.70912 1.66163 1.58024 1.48200 1.38537 1.38345 1.38377 1.43285 1.26389 0.66354 -9999 -9999 -9999 -9999 -9999 0.92259 1.46815 1.72892 2.58738 2.44792 2.31488 2.21761 2.38778 3.07661 3.01063 3.24005 3.18239 3.09772 3.31426 3.23273 3.11711 3.20695 3.28304 3.01941 2.63769 2.59216 2.58298 2.37942 2.78350 2.72101 2.23082 2.10579 1.96800 1.81815 1.75084 1.89135 2.02180 1.88519 2.01040 2.13608 2.23592 1.99536 2.15145 1.86430 1.71252 1.70502 1.84521 1.77473 2.34286 2.37497 3.02193 3.19549 4.29849 4.50550 -9999 -9999 -9999 -9999 -9999 -9999
-9999 -9999 2.09299 1.75970 1.71751 1.60589 1.53034 1.38864 1.36609 1.28671 1.18904 1.07473 0.90670 -9999 -9999 -9999 -9999 1.51078 1.35278 1.97281 2.35561 2.94418 3.04964 3.20910 3.39938 3.33446 3.29850 3.20971 3.60744 3.74214 3.42582 3.35367 3.56451 3.80092 3.50369 3.48293 3.43466 3.42469 3.09554 3.51896 3.82814 3.82634 3.68233 3.48526 3.32263 3.07374 3.08395 2.62813 3.00371 2.73383 2.78749 2.66468 2.66717 2.77633 2.62850 2.78574 2.73611 2.15282 1.96445 2.12698 2.22005 2.22099 2.35121 3.08152 3.21515 -9999 -9999 -9999 -9999 -9999 5.18591 -9999 -9999
-9999 -9999 2.17948 1.77977 1.74677 1.61292 1.52660 1.43100 1.43534 1.26239 1.11700 0.82504 1.47825 -9999 -9999 -9999 -9999 1.56466 1.75087 2.61149 3.08862 3.51210 3.73014 3.76816 3.85855 3.83216 3.39903 3.56188 3.84748 3.83399 3.73121 3.72227 3.78535 3.78982 3.94990 4.12471 3.96070 4.10618 3.82499 4.25077 4.31956 4.48955 4.59930 4.16906 3.90992 3.44540 3.32764 3.21719 3.36407 3.19688 3.18668 2.86982 2.63867 2.82813 2.95319 3.10658 2.92042 2.67123 2.68775 2.71662 2.88419 3.22695 3.07258 3.41338 3.16490 3.81842 4.38226 4.61172 4.59847 -9999 -9999 -9999 6.16045
-9999 -9999 -9999 2.05307 1.96236 1.87431 1.63923 1.31434 1.46176 1.23661 1.06655 0.98090 -9999 -9999 -9999 -9999 1.32055 1.60059 2.35993 2.76359 3.47330 3.81236 3.65621 3.61295 3.72362 3.73527 3.77819 3.79331 3.85880 3.50328 3.58617 3.97425 4.19536 4.26088 4.48173 4.51008 4.46158 4.53970 4.27846 4.56478 4.63610 4.94809 5.02221 5.17529 4.94287 4.28535 4.18705 4.07488 4.01698 3.78169 3.45752 3.27759 3.21210 3.11981 2.99528 2.85551 2.83768 2.52549 2.56068 2.70586 2.55280 2.32073 2.02014 1.83564 1.54526 2.92526 3.40730 3.88990 3.91967 4.21465 -9999 -9999 4.24017
-9999 -9999 -9999 -9999 1.98204 1.60620 1.55834 1.55709 1.42212 1.22081 1.63434 -9999 -9999 -9999 -9999 1.31263 1.45934 2.12807 2.96149 3.14035 3.65330 3.93106 3.79875 3.45328 3.50968 4.10578 3.98577 4.07512 3.92517 3.83222 3.72884 4.29343 4.51453 4.67329 4.61104 4.74468 4.66804 4.57545 4.49915 4.63327 4.53927 5.07486 5.25397 5.40720 5.47058 4.81577 4.42187 4.52827 4.46387 4.06825 3.90894 3.52035 3.43247 3.29556 3.30966 3.14695 3.26044 2.83638 2.83918 2.78586 2.66651 2.27229 1.93573 2.33656 2.11089 3.19606 3.57754 4.35082 4.01972 4.41569 4.34132 4.70951 4.36622
-9999 -9999 -9999 -9999 -9999 -9999 2.06373 1.77427 1.61401 2.42793 1.71753 -9999 -9999 -9999 -9999 -9999 1.72788 2.79221 3.08483 4.12623 4.07292 4.66024 3.94640 4.06488 3.97105 4.23430 4.50343 4.31223 4.32974 4.35629 4.34092 4.23410 4.41561 4.54096 4.61101 4.87978 4.80896 4.69335 4.80076 4.89073 4.92760 5.16440 4.98896 5.76015 5.66482 5.64442 5.43206 4.60224 4.41313 4.21236 3.89530 3.48946 3.22620 3.47216 3.29270 2.72214 2.70985 2.86894 2.65214 2.31977 1.74528 1.62466 1.62782 1.69370 1.52841 2.00212 2.34615 3.37094 3.14028 3.75121 3.46494 3.76248 3.45006
-9999 -9999 -9999 -9999 -9999 -9999 -9999 -9999 -9999 -9999 -9999 -9999 -9999 -9999 -9999 -9999 -9999 -9999 -9999 4.17456 4.14128 4.79716 4.22391 4.12521 4.29531 4.53479 4.44708 4.24196 3.84138 3.98992 4.27361 4.26836 4.27520 4.61301 4.66362 4.88623 5.02440 5.13098 5.22679 5.08982 5.06407 5.38210 5.44426 5.80617 5.79934 5.72135 5.66391 4.92079 4.75445 4.50663 4.16284 3.85332 3.68158 3.76491 3.71527 3.10286 3.12913 2.69451 2.62602 2.27297 1.97814 1.89936 1.80301 1.83266 1.79707 2.74808 3.14933 3.89129 3.70753 3.81287 3.45990 3.64617 3.39290
-9999 -9999 -9999 -9999 -9999 -9999 -9999 -9999 -9999 -9999 -9999 -9999 -9999 -9999 -9999 -9999 -9999 -9999 4.71151 4.63528 4.74422 4.87984 4.83660 5.35397 5.54116 5.67919 5.89002 5.20862 4.96834 4.69360 4.72482 4.33503 4.41002 4.81913 4.84909 5.06309 5.08254 5.15045 4.97207 5.60173 5.51195 5.50194 5.54782 5.45941 5.57940 5.87481 5.96288 5.15551 5.09165 4.82634 4.66829 3.85247 3.54331 3.06849 3.21291 3.46204 3.23464 2.24598 1.95350 2.00800 2.08080 2.28736 1.98549 1.76725 1.75843 2.37475 2.28539 2.56686 2.73972 3.62686 3.14490 3.12079 3.26394
-9999 -9999 -9999 -9999 -9999 -9999 -9999 -9999 -9999 -9999 -9999 -9999 -9999 -9999 -9999 -9999 -9999 4.63472 4.74413 4.96816 4.56184 4.72099 5.20918 6.16244 6.68606 6.77024 6.45119 5.41689 4.92502 4.73903 4.73816 4.31921 4.45942 4.67779 4.79909 4.97725 4.92108 4.88969 5.12108 5.63137 5.59583 5.46962 5.60520 5.66810 5.68115 6.28155 6.22814 5.34045 5.32341 4.86398 4.63312 3.57456 3.21647 3.07382 3.28231 3.56915 3.24218 2.53483 2.46603 2.61193 2.63461 2.69195 1.86443 1.92467 2.63999 2.74892 2.50897 2.53886 2.45777 3.71365 3.15108 3.49082 3.40951
-9999 -9999 -9999 -9999 -9999 -9999 -9999 -9999 -9999 -9999 -9999 -9999 -9999 -9999 -9999 -9999 -9999 4.54092 4.29598 4.34754 4.36334 4.35122 4.37960 7.06456 8.65911 7.86718 7.56350 6.77236 6.20274 5.71163 5.81036 4.93073 5.11682 4.69059 4.97147 5.20171 5.32232 5.84812 5.61360 5.59033 5.64724 5.64877 5.83609 6.73182 7.08115 6.81038 6.39388 5.42810 5.32671 4.91471 4.61519 3.41799 3.27501 2.84402 3.22369 3.30611 3.10546 2.98980 2.93084 2.90016 2.92133 2.75518 2.41316 1.91445 1.69271 2.05268 2.72613 2.64219 2.58540 3.63322 3.23844 3.43341 2.96938
-9999 -9999 -9999 -9999 -9999 -9999 -9999 -9999 -9999 -9999 -9999 -9999 -9999 -9999 -9999 -9999 4.10405 3.87843 3.65046 3.87642 4.47892 4.81007 5.34882 6.99192 8.70233 7.33753 7.57703 7.46570 7.10844 6.44864 6.32446 5.19354 5.10342 4.84808 5.01032 5.28797 5.27869 5.94169 5.88412 5.79113 5.93562 5.58178 5.57515 6.76293 6.94437 6.32332 6.11458 5.48773 5.52479 4.88576 4.74175 3.75450 3.53840 3.02647 3.06676 3.36013 3.29164 3.54302 3.36500 2.76393 2.70241 2.75013 2.57959 1.91860 2.12927 2.42213 2.19291 2.69139 2.64174 3.63437 3.21982 3.70335 3.40478
-9999 -9999 -9999 -9999 -9999 -9999 -9999 -9999 -9999 -9999 -9999 -9999 -9999 3.96679 4.22506 4.43420 4.40823 3.14240 3.51805 3.72770 3.87718 3.48696 4.44226 6.43848 6.12841 7.34314 8.33409 8.96827 8.96999 9.01864 8.74746 7.62412 6.89886 6.59745 6.79126 6.67463 6.59915 6.51066 5.75573 6.17753 6.23124 5.44455 5.51834 6.31562 6.94105 6.67370 6.30115 5.84293 5.87384 6.16789 6.13281 4.95130 4.65634 3.87326 3.58727 3.91704 3.76032 3.72910 3.60675 3.38144 3.20104 3.63900 3.01079 3.10976 3.13428 3.14329 2.67075 2.74543 3.04589 4.53686 3.95892 3.70511 3.54640
-9999 -9999 -9999 -9999 -9999 -9999 -9999 -9999 -9999 -9999 -9999 -9999 4.43519 4.06112 3.85079 4.07286 3.80804 3.71556 2.90659 4.00765 3.58712 3.89121 5.40932 6.21914 6.21266 7.41571 7.13741 9.16641 8.94410 9.34147 9.22086 7.82744 7.64290 7.19936 7.19091 7.13449 7.35037 6.68720 5.62109 6.06514 6.18783 5.13512 5.55619 6.07968 7.20519 7.44474 7.25102 6.20025 5.85856 5.97654 6.37096 5.70251 5.48494 4.92897 4.06435 3.32246 4.48088 4.23927 3.88025 3.74940 3.72839 3.79787 3.69184 3.19027 2.96186 2.99767 2.71070 2.83231 3.83062 4.49572 3.68132 3.87519 3.77918
-9999 -9999 -9999 -9999 -9999 -9999 -9999 -9999 -9999 -9999 -9999 3.96189 4.04696 4.08883 3.99461 4.25849 4.63508 4.31541 4.37694 3.47044 3.59736 6.05376 6.37384 6.60175 6.42448 6.14577 6.01552 6.73521 8.30821 8.80744 8.75719 8.65212 8.61519 8.23399 8.28460 8.18598 6.92237 5.70351 5.37336 5.50633 4.93356 5.09850 5.30606 5.14869 6.59678 6.58528 6.49947 6.75709 7.03805 6.33676 6.06356 5.63334 5.70155 5.61822 5.47606 4.94523 5.34721 5.09264 4.82510 4.67772 4.68525 3.84065 3.61270 3.61217 3.29881 3.41745 3.34789 4.04068 4.12496 4.44372 4.06315 4.42954 4.69715
-9999 -9999 -9999 -9999 -9999 -9999 -9999 -9999 -9999 -9999 5.16433 5.04436 4.88861 3.57401 4.60704 4.42475 4.79292 4.57016 4.87576 3.98032 4.01469 5.37526 6.33770 6.18905 5.86455 5.92398 5.48483 8.67135 8.54152 8.69355 8.72681 8.86273 9.02462 8.55468 7.72447 7.49842 6.08872 5.72151 5.06741 5.13914 4.86312 5.22310 5.30664 4.80334 5.07227 5.31053 6.07712 6.39041 6.85752 6.32261 5.78644 5.42315 5.98569 5.86503 6.00614 5.94757 5.82083 5.45079 4.64089 4.41566 4.44718 4.08908 3.85262 3.92215 3.67443 3.54606 3.68169 4.54389 4.01221 4.13353 3.86982 5.09288 4.72960
-9999 -9999 -9999 -9999 -9999 -9999 -9999 -9999 -9999 5.56865 5.45105 5.63239 5.76359 4.93355 4.67926 4.46923 4.61110 4.67593 4.04961 4.46050 4.56099 3.58936 3.75580 5.26520 5.82344 6.35086 6.21407 5.99930 5.97242 7.19484 9.04805 7.99084 8.56765 8.16556 7.99232 6.89953 5.58977 4.93185 4.65471 4.23379 4.65338 4.41324 4.47880 5.41410 5.43098 5.48106 6.09656 6.18126 6.36251 6.15703 6.04944 5.77354 6.19966 5.83935 5.90067 6.08606 6.36472 6.73607 6.68244 5.96308 5.62409 5.17033 4.75060 4.91816 4.77342 5.28654 5.54724 5.61230 4.53070 4.57620 4.67743 5.88803 6.00601
-9999 -9999 -9999 -9999 -9999 -9999 -9999 -9999 -9999 -9999 5.55460 4.52318 3.58325 4.88218 4.65786 4.97051 5.06192 4.70367 4.79528 4.70129 4.63517 3.71010 3.71054 -9999 -9999 -9999 -9999 -9999 -9999 7.24132 8.54980 6.43721 7.71187 8.14335 7.47539 6.61839 5.29996 4.92450 3.54466 4.38724 4.58533 4.07693 4.26565 5.18040 5.55813 6.21125 6.96599 6.61697 5.97523 5.66677 5.78158 5.89614 5.86744 5.61145 6.00031 6.16956 6.63315 6.88943 6.74359 6.02685 5.90980 5.27656 5.09334 5.27641 5.09499 5.96796 5.55582 5.26531 3.93081 4.71292 4.79410 6.37994 7.10106
-9999 -9999 -9999 -9999 -9999 -9999 -9999 -9999 -9999 -9999 -9999 -9999 2.05879 3.91023 4.01179 6.62688 4.82361 7.18520 7.10106 -9999 -9999 -9999 -9999 -9999 -9999 -9999 -9999 -9999 -9999 -9999 -9999 -9999 -9999 5.47230 5.53511 5.81171 5.23348 5.00832 4.78406 4.25834 4.45115 4.27831 3.56042 4.44033 4.41893 6.72316 7.53238 7.04119 6.41795 6.50946 6.32665 6.00330 6.06362 6.07851 6.88950 7.53289 7.47181 7.74556 7.76570 6.76603 6.65162 6.68384 6.42192 6.94794 6.52360 6.52409 5.80159 5.77317 5.32859 6.82029 6.84161 7.94035 -9999
-9999 -9999 -9999 -9999 -9999 -9999 -9999 -9999 -9999 -9999 -9999 -9999 -9999 -9999 -9999 -9999 -9999 -9999 -9999 -9999 -9999 -9999 -9999 -9999 -9999 -9999 -9999 -9999 -9999 -9999 -9999 -9999 -9999 -9999 4.24029 3.53902 4.12780 3.72617 3.33442 3.52278 3.67062 3.39629 3.31300 4.00494 4.40287 4.89900 7.23837 7.06148 6.77934 6.86416 6.78874 6.10184 6.33732 6.55899 7.09113 7.52497 7.05377 6.70532 7.42360 7.06576 6.66220 6.75614 6.42515 7.20286 6.74578 6.72853 5.99749 5.77972 6.10689 7.25860 7.36568 -9999 -9999
-9999 -9999 -9999 -9999 -9999 -9999 -9999 -9999 -9999 -9999 -9999 -9999 -9999 -9999 -9999 -9999 -9999 -9999 -9999 -9999 -9999 -9999 -9999 -9999 -9999 -9999 -9999 -9999 -9999 -9999 -9999 -9999 -9999 -9999 3.86348 3.03872 2.91342 3.30830 3.48225 4.40580 4.49790 4.00318 3.83867 3.79344 4.00759 6.05583 6.11298 6.89937 7.70618 6.76017 7.38979 6.85923 7.77103 5.70942 6.25946 6.96153 7.63527 8.41944 9.47469 9.32873 9.39736 8.53936 7.61910 8.28435 7.13642 6.88638 6.69045 7.95034 8.22353 10.08180 -9999 -9999 -9999
-9999 -9999 -9999 -9999 -9999 -9999 -9999 -9999 -9999 -9999 -9999 -9999 -9999 -9999 -9999 -9999 -9999 -9999 -9999 -9999 -9999 -9999 -9999 -9999 -9999 -9999 -9999 -9999 -9999 -9999 -9999 -9999 -9999 -9999 -9999 -9999 -9999 -9999 3.74769 4.51374 4.34254 4.13145 5.81441 5.80050 5.76634 5.70469 6.07538 6.90724 7.17322 6.36189 6.21757 7.04820 6.26194 5.51003 5.65892 7.13714 7.54301 8.54734 9.37481 9.47976 8.93817 8.72375 7.50389 7.05673 6.12664 6.87861 6.96781 8.44499 9.68156 -9999 -9999 -9999 -9999
-9999 -9999 -9999 -9999 -9999 -9999 -9999 -9999 -9999 -9999 -9999 -9999 -9999 -9999 -9999 -9999 -9999 -9999 -9999 -9999 -9999 -9999 -9999 -9999 -9999 -9999 -9999 -9999 -9999 -9999 -9999 -9999 -9999 -9999 -9999 -9999 -9999 -9999 -9999 3.86985 3.89621 4.64480 4.40270 5.17471 5.15987 5.35431 6.23153 6.69874 7.23451 7.62357 6.23824 5.69624 6.22107 6.89562 7.72928 7.04777 6.98656 7.50524 9.54765 11.06770 11.32700 10.35920 9.53438 8.25249 8.00054 8.49218 9.52218 11.10490 -9999 -9999 -9999 -9999 -9999
-9999 -9999 -9999 -9999 -9999 -9999 -9999 -9999 -9999 -9999 -9999 -9999 -9999 -9999 -9999 -9999 -9999 -9999 -9999 -9999 -9999 -9999 -9999 -9999 -9999 -9999 -9999 -9999 -9999 -9999 -9999 -9999 -9999 -9999 -9999 -9999 -9999 -9999 -9999 -9999 -9999 -9999 -9999 5.74707 6.56550 5.79837 6.52744 7.18861 6.85873 5.92120 6.07170 5.17640 5.63961 7.39400 6.36714 6.29378 7.58771 9.38377 9.57368 10.81920 9.45935 9.31867 8.99810 8.38178 8.36308 9.52193 9.56220 -9999 -9999 -9999 -9999 -9999 -9999
