data/hydroclimate-scenarios/BCSD_hadcm_A1B/monthly_summaries/et_monthly_tot_feb.2030-2059.asc
ncols	311
nrows	91
xllcenter	102.75
yllcenter	31.75
cellsize	0.5
NODATA_value	-9999
[rows 0 to 32 of 91, columns 73 to 145 of 311]
-9999 -9999 -9999 -9999 -9999 -9999 -9999 -9999 -9999 -9999 -9999 -9999 -9999 -9999 -9999 -9999 -9999 -9999 -9999 -9999 -9999 -9999 -9999 -9999 -9999 -9999 -9999 -9999 -9999 -9999 -9999 -9999 -9999 -9999 -9999 -9999 -9999 -9999 -9999 -9999 -9999 -9999 -9999 -9999 -9999 -9999 -9999 -9999 -9999 -9999 -9999 -9999 -9999 -9999 -9999 -9999 -9999 -9999 -9999 -9999 -9999 -9999 -9999 -9999 -9999 -9999 -9999 -9999 -9999 -9999 -9999 -9999 -9999
-9999 -9999 -9999 -9999 -9999 -9999 -9999 -9999 -9999 -9999 -9999 -9999 -9999 -9999 -9999 -9999 -9999 -9999 -9999 -9999 -9999 -9999 -9999 -9999 -9999 -9999 -9999 -9999 -9999 -9999 -9999 -9999 -9999 -9999 -9999 -9999 -9999 -9999 -9999 -9999 -9999 -9999 -9999 -9999 -9999 -9999 -9999 -9999 -9999 -9999 -9999 -9999 -9999 -9999 -9999 -9999 -9999 -9999 -9999 -9999 -9999 -9999 -9999 -9999 -9999 -9999 -9999 -9999 -9999 -9999 -9999 -9999 -9999
-9999 -9999 -9999 -9999 -9999 -9999 -9999 -9999 -9999 -9999 -9999 -9999 -9999 -9999 -9999 -9999 -9999 -9999 -9999 -9999 -9999 -9999 -9999 -9999 -9999 -9999 -9999 -9999 -9999 -9999 -9999 -9999 -9999 -9999 -9999 -9999 -9999 -9999 -9999 -9999 -9999 -9999 -9999 -9999 -9999 -9999 -9999 -9999 -9999 -9999 -9999 -9999 -9999 -9999 -9999 -9999 -9999 -9999 -9999 -9999 -9999 -9999 -9999 -9999 -9999 -9999 -9999 -9999 -9999 -9999 -9999 -9999 -9999
-9999 -9999 -9999 -9999 -9999 -9999 -9999 -9999 -9999 -9999 -9999 -9999 -9999 -9999 -9999 -9999 -9999 -9999 -9999 -9999 -9999 -9999 -9999 -9999 -9999 -9999 -9999 -9999 -9999 -9999 -9999 -9999 -9999 -9999 -9999 -9999 -9999 -9999 -9999 -9999 -9999 -9999 -9999 -9999 -9999 -9999 -9999 -9999 -9999 -9999 -9999 -9999 -9999 -9999 -9999 -9999 -9999 -9999 -9999 -9999 -9999 -9999 -9999 -9999 -9999 -9999 -9999 -9999 -9999 -9999 -9999 -9999 -9999
-9999 -9999 -9999 -9999 -9999 -9999 -9999 -9999 -9999 -9999 -9999 -9999 -9999 -9999 -9999 -9999 -9999 -9999 -9999 -9999 -9999 -9999 -9999 -9999 -9999 -9999 -9999 -9999 -9999 -9999 -9999 -9999 -9999 -9999 -9999 -9999 -9999 -9999 -9999 -9999 -9999 -9999 -9999 -9999 -9999 -9999 -9999 -9999 -9999 -9999 -9999 -9999 -9999 -9999 -9999 -9999 -9999 -9999 -9999 -9999 -9999 -9999 -9999 -9999 -9999 -9999 -9999 -9999 -9999 -9999 -9999 -9999 -9999
-9999 -9999 -9999 -9999 -9999 -9999 -9999 -9999 -9999 -9999 -9999 -9999 -9999 -9999 -9999 -9999 -9999 -9999 -9999 -9999 -9999 -9999 -9999 -9999 -9999 -9999 -9999 -9999 -9999 -9999 -9999 -9999 -9999 -9999 -9999 -9999 -9999 -9999 -9999 -9999 -9999 -9999 -9999 -9999 -9999 -9999 -9999 -9999 -9999 -9999 -9999 -9999 -9999 -9999 -9999 -9999 -9999 -9999 -9999 -9999 -9999 -9999 -9999 -9999 -9999 -9999 -9999 -9999 -9999 -9999 -9999 -9999 -9999
-9999 -9999 -9999 -9999 -9999 -9999 -9999 -9999 -9999 -9999 -9999 -9999 -9999 -9999 -9999 -9999 -9999 -9999 -9999 -9999 -9999 -9999 -9999 -9999 -9999 -9999 -9999 -9999 -9999 -9999 -9999 -9999 -9999 -9999 -9999 -9999 -9999 -9999 -9999 -9999 -9999 -9999 -9999 -9999 -9999 -9999 -9999 -9999 -9999 -9999 -9999 -9999 -9999 -9999 -9999 -9999 -9999 -9999 -9999 -9999 -9999 -9999 -9999 -9999 -9999 -9999 -9999 -9999 -9999 -9999 -9999 -9999 -9999
-9999 -9999 -9999 -9999 -9999 -9999 -9999 -9999 -9999 -9999 -9999 -9999 -9999 -9999 -9999 -9999 -9999 -9999 -9999 -9999 -9999 -9999 -9999 -9999 -9999 -9999 -9999 -9999 -9999 -9999 -9999 -9999 -9999 -9999 -9999 -9999 -9999 -9999 -9999 -9999 -9999 -9999 -9999 -9999 -9999 -9999 -9999 -9999 -9999 -9999 -9999 -9999 -9999 -9999 -9999 -9999 -9999 -9999 -9999 -9999 -9999 -9999 -9999 -9999 -9999 -9999 -9999 -9999 -9999 -9999 -9999 -9999 -9999
-9999 -9999 -9999 -9999 0.21450 -9999 -9999 -9999 -9999 -9999 -9999 -9999 -9999 -9999 -9999 -9999 -9999 -9999 -9999 -9999 -9999 -9999 -9999 -9999 -9999 -9999 -9999 -9999 -9999 -9999 -9999 -9999 -9999 -9999 -9999 -9999 -9999 -9999 -9999 -9999 -9999 -9999 -9999 -9999 -9999 -9999 -9999 -9999 -9999 -9999 -9999 -9999 -9999 -9999 -9999 -9999 -9999 -9999 -9999 -9999 -9999 -9999 -9999 -9999 -9999 -9999 -9999 -9999 -9999 -9999 -9999 -9999 -9999
0.23640 0.19478 0.17551 0.17625 0.22702 0.22463 0.39065 0.38349 0.39498 0.40372 0.24956 0.24655 0.20153 0.20175 0.18113 0.17827 0.19479 0.19592 0.25223 0.25278 -9999 -9999 -9999 -9999 -9999 -9999 -9999 -9999 -9999 -9999 -9999 -9999 -9999 -9999 -9999 -9999 -9999 -9999 -9999 -9999 -9999 -9999 -9999 -9999 -9999 -9999 -9999 -9999 -9999 -9999 -9999 -9999 -9999 -9999 -9999 -9999 -9999 -9999 -9999 -9999 -9999 -9999 -9999 -9999 -9999 -9999 -9999 -9999 -9999 -9999 -9999 -9999 -9999
-9999 -9999 0.12066 0.11668 0.11395 0.11150 0.12369 0.12417 0.12157 0.11619 0.08010 0.07581 0.03697 0.03231 -0.00381 -0.00958 -0.03604 -0.04598 0.01806 0.02057 -9999 -9999 -9999 -9999 -9999 -9999 -9999 -9999 -9999 -9999 -9999 -9999 -9999 -9999 -9999 -9999 -9999 -9999 -9999 -9999 -9999 -9999 -9999 -9999 -9999 -9999 -9999 -9999 -9999 -9999 -9999 -9999 -9999 -9999 -9999 -9999 -9999 -9999 -9999 -9999 -9999 -9999 -9999 -9999 -9999 -9999 -9999 -9999 -9999 -9999 -9999 -9999 -9999
0.15234 0.15310 0.13010 0.12930 0.12358 0.11970 0.13685 0.13743 0.13602 0.13348 0.09310 0.08833 0.05120 0.04602 0.01024 -0.00039 -0.03114 -0.03663 0.02193 0.02564 0.06971 0.07405 0.04659 0.04314 0.08239 0.08130 -9999 -9999 -9999 -9999 -9999 -9999 -9999 -9999 -9999 -9999 -9999 -9999 -9999 -9999 -9999 -9999 -9999 -9999 -9999 -9999 -9999 -9999 -9999 -9999 -9999 -9999 -9999 -9999 -9999 -9999 -9999 -9999 -9999 -9999 -9999 -9999 -9999 -9999 -9999 -9999 -9999 -9999 -9999 -9999 -9999 -9999 -9999
0.10108 0.10237 0.08413 0.08145 0.06295 0.05657 0.05092 0.04751 0.03550 0.03099 0.00109 -0.00470 -0.04512 -0.05665 -0.08422 -0.09627 -0.12871 -0.14242 -0.12266 -0.11154 -0.08886 -0.08540 -0.07180 -0.06610 -0.03607 -0.03022 0.01786 0.02204 0.05790 0.06113 0.09439 0.10067 0.13999 0.14568 0.16088 0.16852 0.19368 0.20373 0.23563 0.23405 0.31573 -9999 -9999 -9999 -9999 -9999 -9999 -9999 -9999 -9999 -9999 -9999 -9999 -9999 -9999 -9999 -9999 -9999 -9999 -9999 -9999 -9999 -9999 -9999 -9999 -9999 -9999 -9999 -9999 -9999 -9999 -9999 -9999
0.10673 0.10859 0.09408 0.09481 0.07391 0.06945 0.05965 0.05635 0.04063 0.03526 0.01045 0.00154 -0.03842 -0.04746 -0.07430 -0.08565 -0.11259 -0.12650 -0.10549 -0.09168 -0.06887 -0.06875 -0.05106 -0.05379 -0.02916 -0.02570 0.02956 0.03389 0.06452 0.06791 0.10996 0.12410 0.14881 0.15644 0.17202 0.17333 0.20815 0.22186 0.24448 0.24939 0.33233 0.33902 -9999 -9999 -9999 -9999 -9999 -9999 -9999 -9999 -9999 -9999 -9999 -9999 -9999 -9999 -9999 -9999 -9999 -9999 -9999 -9999 -9999 -9999 -9999 -9999 -9999 -9999 -9999 -9999 -9999 -9999 -9999
0.05051 0.05295 0.03948 0.04041 0.02763 0.02326 0.02161 0.01546 -0.00132 -0.00720 -0.04593 -0.05625 -0.09271 -0.10647 -0.13293 -0.14744 -0.16428 -0.17402 -0.17569 -0.17325 -0.16248 -0.16035 -0.14525 -0.12807 -0.12343 -0.12854 -0.09243 -0.08429 -0.08160 -0.08180 -0.08011 -0.07867 -0.08331 -0.08098 -0.06419 -0.06134 -0.04986 -0.04955 0.00126 0.00012 0.05480 0.05190 -9999 -9999 -9999 -9999 -9999 -9999 -9999 -9999 -9999 -9999 -9999 -9999 -9999 -9999 -9999 0.30968 0.46591 -9999 -9999 -9999 -9999 0.55979 0.50482 0.43667 0.42627 0.47257 0.55492 0.52161 0.79544 0.76635 1.01808
0.06000 0.06310 0.05501 0.05195 0.04105 0.03768 0.03672 0.03656 0.00721 -0.00287 -0.03684 -0.04491 -0.07547 -0.09533 -0.11860 -0.13985 -0.12690 -0.14509 -0.16541 -0.16372 -0.15259 -0.13307 -0.10431 -0.12878 -0.11525 -0.12203 -0.08308 -0.08577 -0.07589 -0.07468 -0.07703 -0.07795 -0.07037 -0.04782 -0.03381 -0.05049 -0.04122 -0.02953 0.00981 0.00007 0.05536 0.05583 0.13120 0.13814 0.18742 0.15970 0.15433 0.15804 0.16770 0.16507 0.18668 0.20729 0.21581 0.20849 0.30337 0.28985 0.32547 0.33458 0.49222 -9999 -9999 -9999 -9999 -9999 0.59123 0.56646 0.48135 0.45399 0.55731 0.53568 0.75812 0.76514 0.99558
0.03544 0.03904 0.02537 0.01794 0.01021 0.00570 -0.00277 -0.01514 -0.02058 -0.02546 -0.05203 -0.05469 -0.05740 -0.07244 -0.08930 -0.07725 -0.09499 -0.14128 -0.12821 -0.13471 -0.11081 -0.10139 -0.09520 -0.10009 -0.10186 -0.10705 -0.10067 -0.06653 -0.07469 -0.07063 -0.04697 -0.09050 -0.05746 -0.00703 -0.02915 -0.01439 -0.07763 -0.05093 -0.03991 -0.04793 -0.01786 -0.04707 -0.02670 -0.02632 0.08257 0.04614 -0.01627 -0.02514 -0.01268 0.01481 0.09050 0.05978 0.10046 0.08156 0.14302 0.14831 0.23906 0.23137 0.35041 0.34039 0.48081 0.44845 0.56921 0.57723 0.58909 0.57526 0.39557 0.37116 0.41663 0.40653 0.62901 0.57961 0.80518
0.04770 0.04162 0.02953 0.03023 0.02433 0.01754 -0.00258 -0.01091 -0.01027 -0.01952 -0.04486 -0.04738 -0.03525 -0.00773 -0.06357 -0.08596 -0.05027 -0.06938 -0.09238 -0.13050 -0.11677 -0.12674 -0.07849 -0.10249 -0.09113 -0.10366 -0.04341 -0.00278 0.00763 0.02539 0.01728 -0.05330 -0.04931 -0.00184 -0.02234 -0.03172 -0.04708 -0.00086 -0.02402 -0.08869 -0.07537 0.01704 0.09427 0.02916 0.03760 -0.01432 0.01061 -0.01960 0.02133 -0.02337 0.11187 0.06531 0.10814 0.10397 0.13782 0.14055 0.21826 0.22159 0.37168 0.31862 0.44844 0.47458 0.59588 0.60351 0.63435 0.60900 0.42535 0.37064 0.40086 0.37316 0.60847 0.61046 0.78937
0.03461 0.03534 0.04005 0.03968 0.02984 0.02726 0.01242 0.00701 0.00573 -0.00564 -0.01625 -0.00545 0.03520 0.04259 0.03082 0.00785 0.02685 0.02832 -0.03964 -0.07143 -0.08742 -0.09672 -0.08155 -0.05902 -0.07922 -0.04764 -0.10562 -0.10992 -0.11497 -0.10625 -0.12000 -0.10000 -0.08672 -0.08608 -0.10320 -0.16293 -0.14236 -0.13861 -0.19581 -0.20719 -0.20109 -0.17545 -0.15677 -0.17922 -0.17149 -0.21312 -0.15132 -0.15402 -0.06976 -0.09229 0.08786 0.07653 0.23842 0.25483 0.34908 0.31340 0.32897 0.33281 0.35870 0.35791 0.39451 0.39151 0.56056 0.60561 0.64112 0.65724 0.54809 0.50989 0.57626 0.56509 0.82391 0.75200 0.85594
0.04441 0.04244 0.04432 0.04187 0.05161 0.05797 0.03940 0.03394 0.02982 0.01481 0.00268 -0.00526 0.00354 -0.01379 -0.01241 0.01808 0.04249 0.01166 -0.01385 -0.06077 -0.07233 -0.08695 -0.06460 -0.06892 -0.05043 -0.08119 -0.03297 -0.07677 -0.11946 -0.06464 -0.11579 -0.17192 -0.17218 -0.16554 -0.17458 -0.18352 -0.18964 -0.19005 -0.20234 -0.22500 -0.23065 -0.22487 -0.22801 -0.22637 -0.20942 -0.13516 -0.10162 -0.11348 -0.03048 -0.06468 0.10228 0.10441 0.26877 0.25794 0.32619 0.32110 0.34918 0.39702 0.42377 0.43384 0.48277 0.42990 0.56830 0.57381 0.61713 0.65836 0.57769 0.55984 0.63397 0.65216 0.96650 0.84955 0.96250
0.03194 0.03242 0.03186 0.03399 0.02588 0.02552 0.03220 0.04438 0.03248 0.02832 0.02459 0.01299 0.01299 0.00813 0.03463 0.02357 0.05843 0.05497 0.08191 0.06854 0.03190 -0.02634 -0.06968 -0.04338 -0.06803 -0.09124 -0.07605 -0.06904 -0.09549 -0.12416 -0.14848 -0.15651 -0.18161 -0.17715 -0.17374 -0.17147 -0.20110 -0.20769 -0.21350 -0.21879 -0.24413 -0.24978 -0.23509 -0.21751 -0.18269 -0.21373 -0.12873 -0.12578 -0.02373 -0.05134 0.15304 0.15261 0.35799 0.37042 0.43092 0.42689 0.40652 0.39171 0.42025 0.44807 0.54627 0.56548 0.74711 0.73171 0.81147 0.79214 0.76141 0.75401 0.89891 0.92862 1.31435 1.16507 1.14417
0.04429 0.03937 0.03651 0.04217 0.03519 0.03881 0.05005 0.05558 0.06581 0.05034 0.05718 0.04096 0.02549 0.02521 0.05031 0.04040 0.04293 0.04998 0.02970 0.07393 0.04254 0.02475 -0.00382 -0.02756 -0.09044 -0.09062 -0.07982 -0.09002 -0.11641 -0.09786 -0.11507 -0.12500 -0.14622 -0.15623 -0.16360 -0.17165 -0.19198 -0.19515 -0.20732 -0.21026 -0.25366 -0.24259 -0.25425 -0.25102 -0.23877 -0.26996 -0.16274 -0.14559 -0.03961 -0.03533 0.14518 0.14651 0.34630 0.36575 0.44104 0.46003 0.45179 0.42963 0.46515 0.47290 0.61949 0.65473 0.86194 0.84040 0.86427 0.88113 0.88814 0.89433 1.08584 1.06204 1.41272 1.11245 1.21532
0.02238 0.02072 0.01882 0.02130 0.02190 0.02083 0.03417 0.03232 0.03363 0.04141 0.05173 0.03417 0.04652 0.04310 0.06791 0.05149 0.09279 0.08895 0.08753 0.08961 0.05626 0.10295 -0.00862 -0.01932 -0.05671 -0.04267 -0.04467 -0.04888 -0.04352 -0.05020 -0.05471 -0.06989 -0.07840 -0.10478 -0.10768 -0.11518 -0.11565 -0.13280 -0.16969 -0.18897 -0.16749 -0.16515 -0.11781 -0.12878 -0.09508 -0.11320 -0.00923 0.00235 0.13375 0.13638 0.27206 0.29190 0.37619 0.37098 0.38097 0.39179 0.38188 0.40660 0.51003 0.56654 0.66294 0.67681 0.72537 0.74598 0.89894 0.86580 1.05259 1.06503 1.26228 1.29296 1.41736 1.15316 1.41874
0.02771 0.02630 0.02392 0.02312 0.02699 0.02449 0.03648 0.04471 0.03952 0.03685 0.04146 0.03354 0.04842 0.07187 0.06239 0.09103 0.10303 0.11993 0.10286 0.09549 0.04887 0.05781 -0.02532 -0.01394 -0.02154 0.00836 -0.02503 -0.04160 -0.03011 -0.03233 -0.04870 -0.06096 -0.10488 -0.11048 -0.10741 -0.12027 -0.12731 -0.13047 -0.11640 -0.14749 -0.15321 -0.15458 -0.14605 -0.14624 -0.07865 -0.09471 0.00544 -0.00758 0.15442 0.14027 0.30845 0.33647 0.38789 0.34683 0.40698 0.42141 0.44193 0.49826 0.64049 0.71789 0.68463 0.68868 0.93098 1.13814 1.21455 1.07216 1.29841 1.26798 1.37679 1.38437 1.67691 1.54118 1.75677
0.02887 0.02676 0.03097 0.03093 0.03431 0.04043 0.05000 0.05008 0.08916 0.06214 0.07789 0.07386 0.07566 0.07277 0.14902 0.10427 0.13462 0.13922 0.15127 0.15241 0.10697 0.12503 0.06476 0.08811 0.05891 0.05293 0.06797 0.03657 0.06485 0.06443 0.06120 0.04171 0.00184 -0.00514 0.03227 0.01429 0.00295 0.02167 0.02282 0.01801 0.01453 0.01114 0.09969 0.09485 0.19692 0.19156 0.31482 0.30139 0.38586 0.42535 0.56499 0.54359 0.54467 0.56842 0.46066 0.47485 0.43474 0.46615 0.60563 0.66605 0.75886 0.84398 0.85416 1.05987 0.99491 0.98198 1.25800 1.24345 1.61106 1.48043 1.97085 1.89330 2.36385
0.03265 0.03246 0.03859 0.03971 0.04427 0.06547 0.07434 0.07196 0.06881 0.06457 0.08846 0.08792 0.09613 0.08643 0.13351 0.12628 0.14019 0.13837 0.16369 0.16627 0.11697 0.12377 0.07883 0.07857 0.03772 0.04573 0.04951 0.05252 0.05395 0.05876 0.03563 0.02979 0.01859 0.01138 0.01624 0.02486 0.01821 0.02494 0.04008 0.02322 0.03002 0.03077 0.08943 0.08679 0.19623 0.20528 0.37682 0.33642 0.42876 0.47097 0.62704 0.63223 0.68598 0.72448 0.52525 0.52662 0.52136 0.55024 0.66629 0.70479 0.85280 0.89472 0.93701 0.92080 0.99517 0.99434 1.31825 1.12635 1.42573 1.39487 1.99759 1.81202 2.26767
0.09687 0.09867 0.10307 0.10700 0.13584 0.13701 0.15174 0.14424 0.14950 0.14145 0.16592 0.17789 0.19114 0.19179 0.22385 0.20859 0.21259 0.19112 0.21942 0.22157 0.22657 0.25677 0.21996 0.26732 0.21925 0.23484 0.24013 0.24502 0.28812 0.23578 0.24901 0.22554 0.27804 0.28004 0.33806 0.33043 0.36706 0.36673 0.42371 0.41828 0.52908 0.56156 0.62652 0.64257 0.80592 0.76384 1.10432 1.08168 1.15159 1.18385 1.05301 1.10340 0.89367 0.90718 0.69317 0.72996 0.66448 0.74258 0.76250 0.80222 0.75218 0.78810 0.78827 0.81776 0.96908 0.92971 1.15888 1.01456 1.45054 1.57613 2.53720 2.30448 3.45826
0.11047 0.14188 0.11452 0.12061 0.14101 0.14078 0.15880 0.15727 0.17714 0.17249 0.20116 0.19040 0.19507 0.20905 0.23970 0.24583 0.27084 0.25979 0.22488 0.25675 0.27031 0.30031 0.23926 0.24607 0.19548 0.22381 0.26246 0.30055 0.32091 0.33369 0.26514 0.25845 0.28204 0.31473 0.37422 0.36256 0.38559 0.37814 0.45472 0.43686 0.59109 0.58081 0.66003 0.66480 0.87384 0.82295 1.12985 1.13582 1.24370 1.26374 1.10512 1.14010 0.96550 0.95452 0.71993 0.82003 0.74003 0.79511 0.81294 0.86416 0.78302 0.80895 0.67853 0.67371 0.78828 0.84783 1.12259 1.06047 1.55140 1.55320 2.43180 2.26204 2.97788
0.13899 0.20952 0.27810 0.23749 0.28643 0.26451 0.30683 0.32805 0.37596 0.37104 0.46259 0.45375 0.41442 0.45264 0.49117 0.51746 0.51159 0.53034 0.54730 0.53825 0.52892 0.56231 0.58651 0.61098 0.58470 0.60301 0.71767 0.72418 0.83810 0.82673 0.75815 0.72515 0.75366 0.78091 1.01179 0.94513 0.90288 0.86253 1.02803 1.04687 1.17251 1.29159 1.31796 1.41771 1.68953 1.74439 2.14438 2.17142 2.25157 2.21619 1.89310 1.87078 1.67541 1.74551 1.76899 1.85004 1.72940 1.78978 1.78744 1.73801 1.79289 1.67918 1.70490 1.57948 1.79559 1.80625 2.36858 2.38044 2.97796 2.92782 3.79487 3.84739 4.96237
0.16429 0.16602 0.21634 0.25268 0.26024 0.30993 0.32071 0.30514 0.30557 0.36535 0.48242 0.42945 0.46909 0.47789 0.49922 0.53386 0.57222 0.57908 0.60333 0.55713 0.48930 0.56960 0.56293 0.60715 0.54249 0.54805 0.61399 0.63279 0.74649 0.77106 0.76671 0.75252 0.72745 0.85825 1.01615 0.99435 0.93776 0.98750 1.08625 1.25900 1.35901 1.47742 1.68913 1.67906 1.84891 1.80785 2.16499 2.24458 -9999 -9999 1.94810 2.01575 1.79482 1.83374 1.93929 1.93302 1.79483 1.76360 1.80540 1.68576 1.60292 1.47380 1.51485 1.47836 1.62433 1.65090 2.29898 2.38547 2.95369 3.09634 3.98824 4.03501 5.17306
0.24131 0.23896 0.31607 0.35757 0.54038 0.52859 0.63017 0.65302 0.73476 0.72657 0.79750 0.79815 0.94423 1.01994 1.00134 1.07851 1.22440 1.18139 1.16587 1.19792 1.14080 1.11220 1.01331 1.12366 1.10025 1.19562 1.30304 1.32821 1.45845 1.60758 1.81946 1.73719 1.73431 1.85581 1.94810 2.20841 2.42766 -9999 -9999 -9999 -9999 2.98926 -9999 2.64497 2.44827 2.66228 2.85060 3.08884 -9999 -9999 3.20057 3.09580 3.30708 3.45871 3.94463 3.96415 4.40278 4.36923 4.43832 4.37890 4.53499 4.40930 4.98950 4.25507 4.28579 4.49276 5.37971 5.59366 6.55301 6.73990 -9999 -9999 -9999
0.26991 0.27400 0.39695 0.43177 0.57073 0.58726 0.83035 0.78797 0.91289 0.89020 0.91188 0.92842 0.97474 1.12770 1.10928 1.07884 1.12609 1.20170 1.09932 1.24492 1.15699 1.15168 1.11692 1.19690 1.16912 1.12873 1.29749 1.38713 1.56197 1.58205 1.64750 1.77395 1.75816 2.15401 2.35044 -9999 -9999 -9999 -9999 -9999 -9999 -9999 2.95095 2.79642 2.91746 -9999 -9999 -9999 -9999 -9999 3.32096 3.29560 3.35194 3.56089 3.96866 4.04520 4.60153 4.49395 5.21940 5.19018 5.38810 5.13326 5.85726 6.05653 5.81131 5.24528 6.06167 6.56619 -9999 -9999 -9999 -9999 -9999
0.43395 0.42509 0.64808 0.67653 0.94265 0.89547 1.19826 1.31741 1.43050 1.42640 1.42046 1.55150 1.57824 1.69854 1.63051 1.57301 1.67322 1.59492 1.65717 1.73986 1.76907 1.64967 1.63222 1.73738 1.84738 1.82565 1.85435 1.94491 2.21408 2.18784 2.55506 2.74463 3.03718 3.67672 -9999 -9999 -9999 -9999 -9999 -9999 -9999 -9999 -9999 3.40267 -9999 -9999 -9999 -9999 4.56285 4.51602 5.14346 4.95076 5.65957 5.97462 6.84783 7.05222 7.82519 8.17075 9.48457 9.71985 10.23770 9.72219 10.50010 10.04040 10.44610 -9999 -9999 -9999 -9999 -9999 -9999 -9999 -9999
