data/hydroclimate-scenarios/BCSD_hadcm_A1B/monthly_summaries/et_monthly_tot_dec.2070-2099.asc
ncols	311
nrows	91
xllcenter	102.75
yllcenter	31.75
cellsize	0.5
NODATA_value	-9999
[rows 0 to 31 of 91, columns 73 to 145 of 311]
-9999 -9999 -9999 -9999 -9999 -9999 -9999 -9999 -9999 -9999 -9999 -9999 -9999 -9999 -9999 -9999 -9999 -9999 -9999 -9999 -9999 -9999 -9999 -9999 -9999 -9999 -9999 -9999 -9999 -9999 -9999 -9999 -9999 -9999 -9999 -9999 -9999 -9999 -9999 -9999 -9999 -9999 -9999 -9999 -9999 -9999 -9999 -9999 -9999 -9999 -9999 -9999 -9999 -9999 -9999 -9999 -9999 -9999 -9999 -9999 -9999 -9999 -9999 -9999 -9999 -9999 -9999 -9999 -9999 -9999 -9999 -9999 -9999
-9999 -9999 -9999 -9999 -9999 -9999 -9999 -9999 -9999 -9999 -9999 -9999 -9999 -9999 -9999 -9999 -9999 -9999 -9999 -9999 -9999 -9999 -9999 -9999 -9999 -9999 -9999 -9999 -9999 -9999 -9999 -9999 -9999 -9999 -9999 -9999 -9999 -9999 -9999 -9999 -9999 -9999 -9999 -9999 -9999 -9999 -9999 -9999 -9999 -9999 -9999 -9999 -9999 -9999 -9999 -9999 -9999 -9999 -9999 -9999 -9999 -9999 -9999 -9999 -9999 -9999 -9999 -9999 -9999 -9999 -9999 -9999 -9999
-9999 -9999 -9999 -9999 -9999 -9999 -9999 -9999 -9999 -9999 -9999 -9999 -9999 -9999 -9999 -9999 -9999 -9999 -9999 -9999 -9999 -9999 -9999 -9999 -9999 -9999 -9999 -9999 -9999 -9999 -9999 -9999 -9999 -9999 -9999 -9999 -9999 -9999 -9999 -9999 -9999 -9999 -9999 -9999 -9999 -9999 -9999 -9999 -9999 -9999 -9999 -9999 -9999 -9999 -9999 -9999 -9999 -9999 -9999 -9999 -9999 -9999 -9999 -9999 -9999 -9999 -9999 -9999 -9999 -9999 -9999 -9999 -9999
-9999 -9999 -9999 -9999 -9999 -9999 -9999 -9999 -9999 -9999 -9999 -9999 -9999 -9999 -9999 -9999 -9999 -9999 -9999 -9999 -9999 -9999 -9999 -9999 -9999 -9999 -9999 -9999 -9999 -9999 -9999 -9999 -9999 -9999 -9999 -9999 -9999 -9999 -9999 -9999 -9999 -9999 -9999 -9999 -9999 -9999 -9999 -9999 -9999 -9999 -9999 -9999 -9999 -9999 -9999 -9999 -9999 -9999 -9999 -9999 -9999 -9999 -9999 -9999 -9999 -9999 -9999 -9999 -9999 -9999 -9999 -9999 -9999
-9999 -9999 -9999 -9999 -9999 -9999 -9999 -9999 -9999 -9999 -9999 -9999 -9999 -9999 -9999 -9999 -9999 -9999 -9999 -9999 -9999 -9999 -9999 -9999 -9999 -9999 -9999 -9999 -9999 -9999 -9999 -9999 -9999 -9999 -9999 -9999 -9999 -9999 -9999 -9999 -9999 -9999 -9999 -9999 -9999 -9999 -9999 -9999 -9999 -9999 -9999 -9999 -9999 -9999 -9999 -9999 -9999 -9999 -9999 -9999 -9999 -9999 -9999 -9999 -9999 -9999 -9999 -9999 -9999 -9999 -9999 -9999 -9999
-9999 -9999 -9999 -9999 -9999 -9999 -9999 -9999 -9999 -9999 -9999 -9999 -9999 -9999 -9999 -9999 -9999 -9999 -9999 -9999 -9999 -9999 -9999 -9999 -9999 -9999 -9999 -9999 -9999 -9999 -9999 -9999 -9999 -9999 -9999 -9999 -9999 -9999 -9999 -9999 -9999 -9999 -9999 -9999 -9999 -9999 -9999 -9999 -9999 -9999 -9999 -9999 -9999 -9999 -9999 -9999 -9999 -9999 -9999 -9999 -9999 -9999 -9999 -9999 -9999 -9999 -9999 -9999 -9999 -9999 -9999 -9999 -9999
-9999 -9999 -9999 -9999 -9999 -9999 -9999 -9999 -9999 -9999 -9999 -9999 -9999 -9999 -9999 -9999 -9999 -9999 -9999 -9999 -9999 -9999 -9999 -9999 -9999 -9999 -9999 -9999 -9999 -9999 -9999 -9999 -9999 -9999 -9999 -9999 -9999 -9999 -9999 -9999 -9999 -9999 -9999 -9999 -9999 -9999 -9999 -9999 -9999 -9999 -9999 -9999 -9999 -9999 -9999 -9999 -9999 -9999 -9999 -9999 -9999 -9999 -9999 -9999 -9999 -9999 -9999 -9999 -9999 -9999 -9999 -9999 -9999
-9999 -9999 -9999 -9999 -9999 -9999 -9999 -9999 -9999 -9999 -9999 -9999 -9999 -9999 -9999 -9999 -9999 -9999 -9999 -9999 -9999 -9999 -9999 -9999 -9999 -9999 -9999 -9999 -9999 -9999 -9999 -9999 -9999 -9999 -9999 -9999 -9999 -9999 -9999 -9999 -9999 -9999 -9999 -9999 -9999 -9999 -9999 -9999 -9999 -9999 -9999 -9999 -9999 -9999 -9999 -9999 -9999 -9999 -9999 -9999 -9999 -9999 -9999 -9999 -9999 -9999 -9999 -9999 -9999 -9999 -9999 -9999 -9999
-9999 -9999 -9999 -9999 -0.20461 -9999 -9999 -9999 -9999 -9999 -9999 -9999 -9999 -9999 -9999 -9999 -9999 -9999 -9999 -9999 -9999 -9999 -9999 -9999 -9999 -9999 -9999 -9999 -9999 -9999 -9999 -9999 -9999 -9999 -9999 -9999 -9999 -9999 -9999 -9999 -9999 -9999 -9999 -9999 -9999 -9999 -9999 -9999 -9999 -9999 -9999 -9999 -9999 -9999 -9999 -9999 -9999 -9999 -9999 -9999 -9999 -9999 -9999 -9999 -9999 -9999 -9999 -9999 -9999 -9999 -9999 -9999 -9999
-0.15251 0.36645 0.07929 0.07531 -0.14376 -0.19493 -0.07214 -0.13356 -0.09481 -0.15004 -0.20380 -0.26853 -0.25553 -0.32691 -0.48057 -0.51635 -0.57571 -0.62583 -0.52219 -0.53600 -9999 -9999 -9999 -9999 -9999 -9999 -9999 -9999 -9999 -9999 -9999 -9999 -9999 -9999 -9999 -9999 -9999 -9999 -9999 -9999 -9999 -9999 -9999 -9999 -9999 -9999 -9999 -9999 -9999 -9999 -9999 -9999 -9999 -9999 -9999 -9999 -9999 -9999 -9999 -9999 -9999 -9999 -9999 -9999 -9999 -9999 -9999 -9999 -9999 -9999 -9999 -9999 -9999
-9999 -9999 -0.17509 -0.21150 -0.33061 -0.36940 -0.51514 -0.58206 -0.58690 -0.65872 -0.64218 -0.72682 -0.82498 -0.91874 -0.97215 -1.05057 -1.12062 -1.18333 -1.18737 -1.17531 -9999 -9999 -9999 -9999 -9999 -9999 -9999 -9999 -9999 -9999 -9999 -9999 -9999 -9999 -9999 -9999 -9999 -9999 -9999 -9999 -9999 -9999 -9999 -9999 -9999 -9999 -9999 -9999 -9999 -9999 -9999 -9999 -9999 -9999 -9999 -9999 -9999 -9999 -9999 -9999 -9999 -9999 -9999 -9999 -9999 -9999 -9999 -9999 -9999 -9999 -9999 -9999 -9999
-0.07530 -0.09936 -0.12276 -0.13498 -0.24506 -0.27397 -0.41050 -0.46068 -0.46619 -0.53003 -0.50300 -0.59015 -0.66092 -0.75224 -0.80388 -0.90431 -1.01829 -1.07927 -1.05250 -1.04068 -0.94852 -0.89795 -0.58827 -0.53982 -0.30448 -0.27877 -9999 -9999 -9999 -9999 -9999 -9999 -9999 -9999 -9999 -9999 -9999 -9999 -9999 -9999 -9999 -9999 -9999 -9999 -9999 -9999 -9999 -9999 -9999 -9999 -9999 -9999 -9999 -9999 -9999 -9999 -9999 -9999 -9999 -9999 -9999 -9999 -9999 -9999 -9999 -9999 -9999 -9999 -9999 -9999 -9999 -9999 -9999
-0.21481 -0.22448 -0.24443 -0.27475 -0.31288 -0.35143 -0.43778 -0.48563 -0.54011 -0.58313 -0.63327 -0.70213 -0.77874 -0.85803 -0.95663 -1.07579 -1.13907 -1.28445 -1.18899 -1.13568 -1.07647 -1.03924 -0.82645 -0.76564 -0.63969 -0.57927 -0.44398 -0.37837 -0.17161 -0.14486 0.10693 0.12737 0.13375 0.12942 0.21037 0.21924 0.21154 0.20798 0.39761 0.36547 0.52100 -9999 -9999 -9999 -9999 -9999 -9999 -9999 -9999 -9999 -9999 -9999 -9999 -9999 -9999 -9999 -9999 -9999 -9999 -9999 -9999 -9999 -9999 -9999 -9999 -9999 -9999 -9999 -9999 -9999 -9999 -9999 -9999
-0.17186 -0.17799 -0.17594 -0.20334 -0.23999 -0.27405 -0.35434 -0.39563 -0.44253 -0.48881 -0.51703 -0.58684 -0.63496 -0.71503 -0.80274 -0.90596 -0.97381 -1.05673 -0.98880 -0.90714 -0.87511 -0.85117 -0.68528 -0.66464 -0.57784 -0.54072 -0.37943 -0.34529 -0.17944 -0.16184 0.10629 0.12282 0.10661 0.13113 0.18402 0.19050 0.20275 0.18555 0.37110 0.32753 0.46586 0.41459 -9999 -9999 -9999 -9999 -9999 -9999 -9999 -9999 -9999 -9999 -9999 -9999 -9999 -9999 -9999 -9999 -9999 -9999 -9999 -9999 -9999 -9999 -9999 -9999 -9999 -9999 -9999 -9999 -9999 -9999 -9999
-0.15946 -0.15205 -0.18634 -0.20275 -0.22874 -0.25338 -0.30572 -0.35670 -0.40004 -0.45749 -0.51023 -0.57284 -0.63678 -0.71781 -0.80969 -0.89152 -0.92793 -0.99613 -0.97601 -0.97332 -0.92426 -0.90781 -0.86268 -0.78578 -0.79384 -0.79330 -0.73647 -0.68729 -0.65819 -0.64606 -0.55791 -0.55849 -0.50492 -0.51510 -0.44354 -0.44602 -0.46387 -0.49892 -0.54565 -0.63754 -0.50305 -0.63597 -9999 -9999 -9999 -9999 -9999 -9999 -9999 -9999 -9999 -9999 -9999 -9999 -9999 -9999 -9999 -0.11231 -0.06896 -9999 -9999 -9999 -9999 -0.56212 -0.44321 -0.52554 -0.29794 -0.32538 -0.53539 -0.69469 -0.61023 -0.71188 -0.71568
-0.14559 -0.13932 -0.16646 -0.19935 -0.22350 -0.23505 -0.27776 -0.29800 -0.39932 -0.44739 -0.49257 -0.54233 -0.58887 -0.68323 -0.76379 -0.84797 -0.85069 -0.92134 -0.92729 -0.92250 -0.87093 -0.89008 -0.83015 -0.81291 -0.78056 -0.76347 -0.70619 -0.69669 -0.65678 -0.64711 -0.56020 -0.56089 -0.49453 -0.49127 -0.43093 -0.46490 -0.48360 -0.50476 -0.51637 -0.61678 -0.48133 -0.55883 -0.49268 -0.60417 -0.63973 -0.74084 -0.57311 -0.54696 -0.62435 -0.61827 -0.53370 -0.50336 -0.45041 -0.44382 0.04584 -0.01352 0.16753 0.17537 0.18001 -9999 -9999 -9999 -9999 -9999 -0.22418 -0.21549 -0.05826 -0.16308 -0.13546 -0.28167 -0.14905 -0.27562 -0.32851
-0.13363 -0.12384 -0.16090 -0.19958 -0.22969 -0.24987 -0.29587 -0.34329 -0.39223 -0.43075 -0.49663 -0.54770 -0.57643 -0.63998 -0.72483 -0.77045 -0.79628 -0.85829 -0.87961 -0.89353 -0.87054 -0.87006 -0.81362 -0.78859 -0.75859 -0.74292 -0.70759 -0.71099 -0.69486 -0.69817 -0.67308 -0.69408 -0.65028 -0.61473 -0.56785 -0.57118 -0.67809 -0.68579 -0.71991 -0.79590 -0.80035 -0.88297 -0.78372 -0.84673 -0.83458 -0.92448 -0.86920 -0.87029 -0.84071 -0.83158 -0.71290 -0.71608 -0.62018 -0.74858 -0.16909 -0.11792 0.19674 0.15442 0.26657 0.24547 0.22754 0.09450 -0.24553 -0.27531 -0.23397 -0.33131 0.01780 -0.01637 0.06163 -0.05459 -0.18320 -0.32723 -0.32512
-0.13322 -0.12278 -0.14334 -0.16171 -0.19094 -0.21472 -0.30135 -0.34180 -0.37809 -0.41654 -0.47783 -0.52074 -0.53642 -0.58245 -0.67703 -0.73845 -0.75635 -0.75810 -0.77008 -0.83298 -0.82000 -0.82163 -0.77336 -0.75284 -0.72198 -0.71557 -0.68375 -0.68323 -0.66518 -0.65318 -0.63470 -0.67675 -0.64635 -0.61702 -0.58432 -0.58593 -0.64646 -0.66057 -0.71727 -0.79152 -0.83161 -0.78068 -0.58119 -0.68650 -0.85194 -0.94196 -0.75961 -0.83396 -0.73550 -0.77992 -0.62510 -0.67533 -0.55874 -0.52722 -0.10396 -0.12740 0.16382 0.20257 0.43787 0.32055 0.37472 0.33150 -0.02918 -0.09067 -0.10628 -0.17829 0.17444 0.07744 0.10628 -0.01645 -0.13404 -0.13786 -0.18433
-0.09777 -0.14022 -0.13955 -0.16354 -0.20769 -0.20480 -0.25640 -0.29189 -0.31613 -0.36694 -0.39715 -0.42850 -0.44813 -0.48552 -0.60315 -0.65608 -0.64287 -0.57682 -0.66073 -0.71744 -0.72485 -0.76303 -0.76318 -0.74355 -0.71459 -0.68704 -0.71361 -0.71616 -0.74338 -0.75464 -0.78764 -0.79056 -0.82397 -0.82599 -0.81768 -0.85118 -0.89376 -0.90833 -1.01588 -1.08127 -1.07466 -1.09954 -1.05994 -1.13827 -1.18342 -1.27840 -1.16201 -1.14177 -0.96546 -0.99747 -0.81873 -0.82695 -0.64421 -0.65942 -0.39704 -0.39786 -0.15225 -0.13549 0.09526 0.12255 0.10047 0.02945 -0.10460 -0.07359 -0.03866 -0.07196 -0.00459 -0.07730 -0.07796 -0.14652 -0.17880 -0.30015 -0.29354
-0.07744 -0.08766 -0.11654 -0.15513 -0.17015 -0.15214 -0.18232 -0.23458 -0.21093 -0.26474 -0.30280 -0.36110 -0.42105 -0.48264 -0.58460 -0.59952 -0.57941 -0.59493 -0.59666 -0.66683 -0.67864 -0.70819 -0.72491 -0.71313 -0.67523 -0.67695 -0.65935 -0.67745 -0.71388 -0.71091 -0.73298 -0.78036 -0.81165 -0.79921 -0.80481 -0.83224 -0.87152 -0.86974 -0.93837 -1.02246 -1.10505 -1.12006 -1.01365 -1.06084 -1.11911 -1.02837 -1.02997 -1.03348 -0.89782 -0.92942 -0.78169 -0.78887 -0.61452 -0.59042 -0.35479 -0.29703 -0.15089 -0.13549 0.04922 0.05833 0.05918 -0.02566 -0.05265 -0.16621 -0.10035 -0.10734 -0.02373 -0.08150 -0.02716 -0.12397 -0.15256 -0.25489 -0.23939
-0.09487 -0.09071 -0.09735 -0.12324 -0.14984 -0.16541 -0.18613 -0.20045 -0.19084 -0.17495 -0.16175 -0.18071 -0.25737 -0.33908 -0.43152 -0.51193 -0.53436 -0.57543 -0.57013 -0.59923 -0.60816 -0.67487 -0.70719 -0.68012 -0.65997 -0.67200 -0.65756 -0.64515 -0.64674 -0.65232 -0.69032 -0.70207 -0.77133 -0.75279 -0.75283 -0.74105 -0.82610 -0.88522 -0.95334 -0.97793 -1.05856 -1.11510 -0.98468 -1.02177 -1.06536 -1.14746 -1.19218 -1.19761 -1.11413 -1.14992 -0.92100 -0.91468 -0.70393 -0.69147 -0.49519 -0.44659 -0.30616 -0.26720 -0.08903 -0.05341 -0.11465 -0.13962 -0.32279 -0.32678 -0.22058 -0.27061 -0.16293 -0.20796 -0.09721 -0.19877 -0.18207 -0.30706 -0.31452
-0.06122 -0.07055 -0.08556 -0.08119 -0.08867 -0.08931 -0.11780 -0.13920 -0.15314 -0.16094 -0.14200 -0.16131 -0.18450 -0.20100 -0.24123 -0.30131 -0.38144 -0.42013 -0.49679 -0.49705 -0.53245 -0.57289 -0.60656 -0.61543 -0.62376 -0.61483 -0.57659 -0.57026 -0.59844 -0.53670 -0.56974 -0.59377 -0.64862 -0.67227 -0.71358 -0.72797 -0.80430 -0.83609 -0.92427 -0.95888 -1.06774 -1.05311 -0.99553 -1.00664 -1.07878 -1.15478 -1.18897 -1.19149 -1.04874 -1.02592 -0.86250 -0.84541 -0.68832 -0.66612 -0.46261 -0.55722 -0.32043 -0.31669 -0.12650 -0.13769 -0.11770 -0.16478 -0.22053 -0.28112 -0.21097 -0.25422 -0.10752 -0.17043 -0.09597 -0.25001 -0.27038 -0.48158 -0.50313
-0.08083 -0.08793 -0.07976 -0.07718 -0.07011 -0.07545 -0.06395 -0.08563 -0.07555 -0.07811 -0.07407 -0.12010 -0.13713 -0.16334 -0.18922 -0.21369 -0.20360 -0.24357 -0.32724 -0.37528 -0.47124 -0.49010 -0.56258 -0.57807 -0.57984 -0.53678 -0.47463 -0.47986 -0.49783 -0.51916 -0.51302 -0.56615 -0.58734 -0.69854 -0.73025 -0.73928 -0.74029 -0.80468 -0.93335 -1.01945 -1.01496 -1.01408 -0.88698 -0.91846 -0.93868 -0.98973 -0.98109 -0.94484 -0.86853 -0.93191 -0.70675 -0.64334 -0.64323 -0.58055 -0.63217 -0.52690 -0.49395 -0.50982 -0.30277 -0.29038 -0.20992 -0.23019 -0.28424 -0.33442 -0.19408 -0.28345 0.12954 0.03740 0.33898 0.26083 0.05787 -0.20025 -0.16014
-0.08768 -0.08961 -0.07584 -0.06850 -0.05424 -0.05795 -0.05655 -0.05806 -0.06512 -0.05190 -0.05870 -0.08968 -0.08590 -0.09665 -0.13906 -0.20911 -0.19899 -0.17238 -0.22129 -0.26830 -0.37428 -0.49971 -0.55463 -0.54118 -0.52075 -0.47262 -0.43017 -0.44876 -0.45961 -0.48005 -0.52435 -0.54446 -0.68385 -0.69781 -0.68896 -0.73241 -0.75651 -0.77222 -0.78757 -0.89589 -0.92797 -0.95327 -1.02057 -1.04729 -0.96297 -0.97946 -0.94478 -0.97036 -0.86286 -0.94059 -0.76957 -0.73355 -0.66956 -0.70597 -0.60957 -0.56802 -0.51112 -0.44706 -0.29819 -0.19851 -0.31586 -0.19279 -0.21295 0.02904 0.05739 -0.08287 0.29857 0.28431 0.33374 0.30493 0.12141 -0.24073 -0.11239
-0.08084 -0.08560 -0.07422 -0.06777 -0.05065 -0.03904 -0.03700 -0.03649 -0.00348 -0.02539 -0.03700 -0.06101 -0.06142 -0.07129 -0.08507 -0.12378 -0.15393 -0.18661 -0.21458 -0.22373 -0.29367 -0.29684 -0.41204 -0.43671 -0.40476 -0.39724 -0.32616 -0.35270 -0.34980 -0.38220 -0.52853 -0.53955 -0.62388 -0.65389 -0.67679 -0.71075 -0.72212 -0.69533 -0.69875 -0.74772 -0.73165 -0.79156 -0.82624 -0.88153 -0.66702 -0.68145 -0.57161 -0.57285 -0.49278 -0.49423 -0.43200 -0.35724 -0.45276 -0.47917 -0.43958 -0.48308 -0.33843 -0.36519 -0.39385 -0.37653 -0.24618 -0.18038 -0.26818 -0.02436 -0.07456 -0.13653 0.43358 0.39789 0.65870 0.58709 0.68027 0.39837 0.76018
-0.07856 -0.07868 -0.06924 -0.07179 -0.04939 -0.03246 -0.02670 -0.02768 -0.02029 -0.02806 -0.03223 -0.04670 -0.05586 -0.07404 -0.09309 -0.11615 -0.11618 -0.15240 -0.20352 -0.26906 -0.32537 -0.31559 -0.33766 -0.35654 -0.36033 -0.34014 -0.28529 -0.27828 -0.32226 -0.33548 -0.51931 -0.54276 -0.58584 -0.57864 -0.61995 -0.59568 -0.65959 -0.61594 -0.59562 -0.69915 -0.70278 -0.69014 -0.70837 -0.78310 -0.62789 -0.64823 -0.51162 -0.58246 -0.44726 -0.54628 -0.45800 -0.54923 -0.52760 -0.51058 -0.48495 -0.44912 -0.38694 -0.31126 -0.44702 -0.36984 -0.17904 -0.15484 -0.21346 -0.26814 -0.17280 -0.17978 0.50702 0.24052 0.46312 0.35022 0.58590 0.35880 0.75284
-0.05655 -0.05491 -0.04659 -0.04149 -0.02015 -0.01928 0.00016 0.00819 0.02208 0.01041 -0.01888 -0.03590 -0.05593 -0.08216 -0.04249 -0.06567 -0.03699 -0.07303 -0.11475 -0.12513 -0.13690 -0.14946 -0.18633 -0.15817 -0.10312 -0.09362 -0.05899 -0.05634 -0.13094 -0.17187 -0.30344 -0.29052 -0.35495 -0.43719 -0.35021 -0.33125 -0.35035 -0.42541 -0.30806 -0.33127 -0.24483 -0.28622 -0.19684 -0.22814 0.14117 0.03652 0.74291 0.69759 0.99322 0.98421 0.66340 0.65585 0.45961 0.40465 0.21863 0.13279 -0.01604 0.13886 -0.56828 -0.48241 -0.48850 -0.46876 -0.27929 -0.20108 -0.16257 -0.19577 0.11173 -0.08807 0.26125 0.42344 1.20590 1.13818 2.09595
-0.06409 -0.06336 -0.04453 -0.04848 -0.02764 -0.02964 -0.00479 0.00226 0.02242 0.00871 -0.03328 -0.04961 -0.05876 -0.07699 -0.05305 -0.08913 -0.04449 -0.07804 -0.12160 -0.14074 -0.15655 -0.15769 -0.20443 -0.16781 -0.10604 -0.08820 -0.04292 -0.02674 -0.07519 -0.11553 -0.27623 -0.25458 -0.34247 -0.39044 -0.32757 -0.34462 -0.31521 -0.38552 -0.31084 -0.35108 -0.24748 -0.27551 -0.19676 -0.20823 0.18337 0.08423 0.74599 0.67511 1.08318 1.02112 0.67476 0.61724 0.49779 0.42098 0.16848 0.22086 0.10533 0.22660 -0.56087 -0.53168 -0.58007 -0.54350 -0.34643 -0.38620 -0.37189 -0.33844 0.06124 -0.07726 0.45187 0.44239 1.00551 0.86805 2.00174
-0.06652 -0.05478 -0.02339 -0.04004 0.01222 0.01925 0.06501 0.07408 0.09744 0.09073 0.06241 0.04226 0.04458 0.03642 0.10128 0.09796 0.15190 0.15387 0.10087 0.11788 0.09562 0.07497 0.05379 0.05890 0.11801 0.14410 0.21011 0.23902 0.25646 0.24752 0.12531 0.11571 0.10879 0.14267 0.28611 0.23987 0.22389 0.16454 0.33793 0.27939 0.56018 0.66904 0.68813 0.73831 1.11146 1.07958 1.91223 1.90013 2.27904 2.23189 1.55322 1.48566 1.34702 1.38895 1.13705 1.22511 0.92141 0.97558 0.29650 0.26668 0.36830 0.39036 0.62584 0.38397 0.66723 0.69026 1.12523 1.02031 1.81462 1.64095 2.86956 2.87882 4.02076
-0.07475 -0.08165 -0.05547 -0.06528 -0.02885 -0.01512 0.04018 0.03846 0.03735 0.05798 0.04546 0.00486 0.03054 -0.00033 0.07900 0.07691 0.14524 0.13031 0.10444 0.06935 0.02537 0.03036 -0.04531 0.01601 0.05177 0.06875 0.12567 0.17036 0.16686 0.16436 0.07034 0.07111 0.00589 0.10644 0.23470 0.16216 0.15290 0.17363 0.25850 0.36833 0.63122 0.68026 0.85887 0.78223 1.17441 1.04753 1.85731 1.89806 -9999 -9999 1.54452 1.76738 1.57454 1.45782 1.22056 1.21054 0.94034 0.91450 0.26602 0.34860 0.22523 0.22942 0.19457 0.24810 0.57112 0.60872 1.01758 0.95133 1.62734 1.62156 2.77762 2.66887 3.68845
-0.07667 -0.07332 -0.03808 -0.01569 0.01622 0.04471 0.15100 0.11307 0.19029 0.23957 0.24120 0.22621 0.33279 0.34671 0.47931 0.49509 0.66896 0.65494 0.60935 0.58916 0.51276 0.52671 0.23262 0.29741 0.28141 0.33177 0.44259 0.48852 0.58248 0.63449 0.94140 0.90743 0.88091 1.01761 1.23009 1.26738 1.37299 -9999 -9999 -9999 -9999 2.20517 -9999 2.29290 2.11138 2.18030 2.17599 2.32006 -9999 -9999 2.55714 2.51246 2.56028 2.63171 2.46704 2.58193 2.86100 2.78836 2.60533 2.49066 2.64663 2.54908 3.09384 2.76535 2.94624 3.05731 3.93234 4.32365 5.37637 5.34689 -9999 -9999 -9999
-0.11149 -0.09968 -0.03163 -0.05982 0.04562 0.00395 0.15007 0.11463 0.26387 0.25174 0.23703 0.26474 0.30922 0.32915 0.51704 0.49824 0.62593 0.64785 0.56715 0.61562 0.51160 0.46233 0.16991 0.21534 0.24237 0.23740 0.33784 0.42720 0.58313 0.57942 0.70619 0.79108 0.80002 1.06360 1.20215 -9999 -9999 -9999 -9999 -9999 -9999 -9999 2.33022 2.18600 2.35622 -9999 -9999 -9999 -9999 -9999 2.64521 2.59524 2.32566 2.35725 2.40493 2.28833 2.51773 2.50415 2.66088 2.67359 2.77704 2.64736 3.18739 3.35164 3.50529 3.21068 4.03626 4.32006 -9999 -9999 -9999 -9999 -9999
