data/hydroclimate-scenarios/BCSD_hadcm_A1B/monthly_summaries/et_monthly_tot_oct.2070-2099.asc
ncols	311
nrows	91
xllcenter	102.75
yllcenter	31.75
cellsize	0.5
NODATA_value	-9999
[rows 0 to 31 of 91, columns 0 to 71 of 311]
-9999 -9999 -9999 -9999 -9999 -9999 -9999 -9999 -9999 -9999 -9999 -9999 -9999 -9999 -9999 -9999 -9999 -9999 -9999 -9999 -9999 -9999 -9999 -9999 -9999 -9999 -9999 -9999 -9999 -9999 -9999 -9999 -9999 -9999 -9999 -9999 -9999 -9999 -9999 -9999 -9999 -9999 -9999 -9999 -9999 -9999 -9999 -9999 -9999 -9999 -9999 -9999 -9999 -9999 -9999 -9999 -9999 -9999 -9999 -9999 -9999 -9999 -9999 -9999 -9999 -9999 -9999 -9999 -9999 -9999 -9999 -9999
-9999 -9999 -9999 -9999 -9999 -9999 -9999 -9999 -9999 -9999 -9999 -9999 -9999 -9999 -9999 -9999 -9999 -9999 -9999 -9999 -9999 -9999 -9999 -9999 -9999 -9999 -9999 -9999 -9999 -9999 -9999 -9999 -9999 -9999 -9999 -9999 -9999 -9999 -9999 -9999 -9999 -9999 -9999 -9999 -9999 -9999 -9999 -9999 -9999 -9999 -9999 -9999 -9999 -9999 -9999 -9999 -9999 -9999 -9999 -9999 -9999 -9999 -9999 -9999 -9999 -9999 -9999 -9999 -9999 -9999 -9999 -9999
-9999 -9999 -9999 -9999 -9999 -9999 -9999 -9999 -9999 -9999 -9999 -9999 -9999 -9999 -9999 -9999 -9999 -9999 -9999 -9999 -9999 -9999 -9999 -9999 -9999 -9999 -9999 -9999 -9999 -9999 -9999 -9999 -9999 -9999 -9999 -9999 -9999 -9999 -9999 -9999 -9999 -9999 -9999 -9999 -9999 -9999 -9999 -9999 -9999 -9999 -9999 -9999 -9999 -9999 -9999 -9999 -9999 -9999 -9999 -9999 -9999 -9999 -9999 -9999 -9999 -9999 -9999 -9999 -9999 -9999 -9999 -9999
-9999 -9999 -9999 -9999 -9999 -9999 -9999 -9999 -9999 -9999 -9999 -9999 -9999 -9999 -9999 -9999 -9999 -9999 -9999 -9999 -9999 -9999 -9999 -9999 -9999 -9999 -9999 -9999 -9999 -9999 -9999 -9999 -9999 -9999 -9999 -9999 -9999 -9999 -9999 -9999 -9999 -9999 -9999 -9999 -9999 -9999 -9999 -9999 -9999 -9999 -9999 -9999 -9999 -9999 -9999 -9999 -9999 -9999 -9999 -9999 -9999 -9999 -9999 -9999 -9999 -9999 -9999 -9999 -9999 -9999 -9999 -9999
-9999 -9999 -9999 -9999 -9999 -9999 -9999 -9999 -9999 -9999 -9999 -9999 -9999 -9999 -9999 -9999 -9999 -9999 -9999 -9999 -9999 -9999 -9999 -9999 -9999 -9999 -9999 -9999 -9999 -9999 -9999 -9999 -9999 -9999 -9999 -9999 -9999 -9999 -9999 -9999 -9999 -9999 -9999 -9999 -9999 -9999 -9999 -9999 -9999 -9999 -9999 -9999 -9999 -9999 -9999 -9999 -9999 -9999 -9999 -9999 -9999 -9999 -9999 -9999 -9999 -9999 -9999 -9999 -9999 -9999 -9999 -9999
-9999 -9999 -9999 -9999 -9999 -9999 -9999 -9999 -9999 -9999 -9999 -9999 -9999 -9999 -9999 -9999 -9999 -9999 -9999 -9999 -9999 -9999 -9999 -9999 -9999 -9999 -9999 -9999 -9999 -9999 -9999 -9999 -9999 -9999 -9999 -9999 -9999 -9999 -9999 -9999 -9999 -9999 -9999 -9999 -9999 -9999 -9999 -9999 -9999 -9999 -9999 -9999 -9999 -9999 -9999 -9999 -9999 -9999 -9999 -9999 -9999 -9999 -9999 -9999 -9999 -9999 -9999 -9999 -9999 -9999 -9999 -9999
-9999 -9999 -9999 -9999 -9999 -9999 -9999 -9999 -9999 -9999 -9999 -9999 -9999 -9999 -9999 -9999 -9999 -9999 -9999 -9999 -9999 -9999 -9999 -9999 -9999 -9999 -9999 -9999 -9999 -9999 -9999 -9999 -9999 -9999 -9999 -9999 -9999 -9999 -9999 -9999 -9999 -9999 -9999 -9999 -9999 -9999 -9999 -9999 -9999 -9999 -9999 -9999 -9999 -9999 -9999 -9999 -9999 -9999 -9999 -9999 -9999 -9999 -9999 -9999 -9999 -9999 -9999 -9999 -9999 -9999 -9999 -9999
-9999 -9999 -9999 -9999 -9999 -9999 -9999 -9999 -9999 -9999 -9999 -9999 -9999 -9999 -9999 -9999 -9999 -9999 -9999 -9999 -9999 -9999 -9999 -9999 -9999 -9999 -9999 -9999 -9999 -9999 -9999 -9999 -9999 -9999 -9999 -9999 -9999 -9999 -9999 -9999 -9999 -9999 1.05927 0.80963 0.91408 1.03461 1.01392 1.51511 1.57679 1.73149 1.89381 1.94848 -9999 -9999 -9999 -9999 -9999 -9999 -9999 -9999 -9999 -9999 -9999 -9999 -9999 -9999 -9999 -9999 -9999 -9999 -9999 -9999
-9999 -9999 -9999 -9999 -9999 -9999 -9999 -9999 -9999 -9999 -9999 -9999 -9999 -9999 -9999 -9999 -9999 -9999 -9999 -9999 -9999 -9999 -9999 -9999 -9999 -9999 -9999 -9999 -9999 -9999 -9999 -9999 -9999 -9999 -9999 -9999 -9999 -9999 0.44187 -0.08362 -0.08289 0.04605 0.07492 0.13045 0.15202 0.37385 0.45841 0.86803 0.85857 1.45567 1.62146 1.77840 1.87277 2.79537 -9999 -9999 -9999 -9999 -9999 -9999 -9999 -9999 -9999 -9999 -9999 -9999 -9999 -9999 -9999 -9999 -9999 -9999
-9999 -9999 -9999 -9999 -9999 -9999 -9999 -9999 -9999 -9999 -9999 -9999 -9999 -9999 -9999 -9999 -9999 -9999 -9999 -9999 -9999 -9999 -9999 -9999 -9999 -9999 -9999 -9999 -9999 -9999 -9999 -9999 -9999 -9999 -9999 -9999 -9999 -9999 -9999 -9999 0.06921 0.11447 0.16458 0.17161 0.23893 0.41560 0.46393 0.98253 0.98068 1.49958 1.58492 1.93999 2.00615 3.28823 -9999 -9999 -9999 -9999 -9999 -9999 -9999 -9999 -9999 -9999 -9999 -9999 -9999 -9999 -9999 -9999 -9999 -9999
-9999 -9999 -9999 -9999 -9999 -9999 -9999 -9999 -9999 -9999 -9999 -9999 -9999 -9999 -9999 -9999 -9999 -9999 -9999 -9999 -9999 -9999 -9999 -9999 -9999 -9999 -9999 -9999 -9999 -9999 -9999 -9999 -9999 -9999 -9999 -9999 -9999 -9999 -9999 -9999 -9999 -9999 -9999 -9999 -0.68366 -0.70482 -0.64254 -0.35346 -0.31185 0.09194 0.28752 0.99715 1.18947 2.21778 -9999 -9999 -9999 -9999 -9999 -9999 2.40510 -9999 -9999 -9999 -9999 -9999 -9999 -9999 -9999 -9999 -9999 -9999
-9999 -9999 -9999 -9999 -9999 -9999 -9999 -9999 -9999 -9999 -9999 -9999 -9999 -9999 -9999 -9999 -9999 -9999 -9999 -9999 -9999 -9999 -9999 -9999 -9999 -9999 -9999 -9999 -9999 -9999 -9999 -9999 -9999 -9999 -9999 -9999 -9999 -9999 -9999 -9999 -9999 -0.86007 -0.86042 -0.68173 -0.65321 -0.63355 -0.58579 -0.32005 -0.25346 0.23664 0.11579 1.03028 1.11458 1.92478 -9999 -9999 -9999 -9999 -9999 2.55398 2.59762 1.92588 1.96281 1.51868 1.57696 1.25161 1.38995 1.67754 1.69738 1.37881 1.36917 1.58600
-9999 -9999 -9999 -9999 -9999 -9999 -9999 -9999 -9999 -9999 -9999 -9999 -9999 -9999 -9999 -9999 -9999 -9999 -9999 -9999 -9999 -9999 -9999 -9999 -9999 -9999 -9999 -9999 -9999 -9999 -9999 -9999 -9999 -9999 -9999 -9999 -9999 -9999 -9999 -9999 -9999 -1.14851 -1.15506 -1.08558 -1.06784 -0.93386 -0.94123 -0.74146 -0.70980 -0.26265 -0.23583 0.62205 0.63385 1.19308 1.42401 1.71963 1.96891 -9999 2.22946 1.36195 1.49188 0.53803 0.67340 0.69303 0.69863 0.74456 0.88672 0.49980 0.36276 0.31310 0.29543 0.72092
-9999 -9999 -9999 -9999 -9999 -9999 -9999 -9999 -9999 -9999 -9999 -9999 -9999 -9999 -9999 -9999 -9999 -9999 -9999 -9999 -9999 -9999 -9999 -9999 -9999 -9999 -9999 -9999 -9999 -9999 -9999 -9999 -9999 -9999 -9999 -1.13717 -1.14308 -1.15631 -1.14297 -1.04407 -1.04889 -1.11741 -1.12746 -0.97733 -0.99204 -0.88650 -0.85792 -0.56973 -0.64915 -0.20242 -0.15946 0.69900 0.44498 1.01607 1.19211 1.54651 1.97810 2.26442 2.46205 1.68750 1.74129 0.74166 0.84025 0.81659 0.80558 0.86274 0.80623 0.56277 0.49165 0.37042 0.36625 0.77995
-9999 -9999 -9999 -9999 -9999 -9999 -9999 -9999 -9999 -9999 -9999 -9999 -9999 -9999 -9999 -9999 -9999 -9999 -9999 -9999 -9999 -9999 -9999 -9999 -9999 -9999 -9999 -9999 -9999 -9999 -9999 -9999 -9999 -9999 -1.31958 -1.18625 -1.20593 -1.05487 -1.05182 -1.02873 -1.02081 -0.90337 -0.89941 -0.84477 -0.78217 -0.41267 -0.46067 -0.72479 -0.71767 -0.56883 -0.55269 0.14186 -0.09174 0.35816 0.49693 0.37666 0.60195 0.38719 0.53879 0.05248 0.24416 0.00744 0.05682 -0.04610 -0.02835 0.23015 0.26817 0.00123 -0.06108 0.03359 -0.01153 0.17125
-9999 -9999 -9999 -9999 -9999 -9999 -9999 -9999 -9999 -9999 -9999 -9999 -9999 -9999 -9999 -9999 -9999 -9999 -9999 -9999 -9999 -9999 -9999 -9999 -9999 -9999 -9999 -9999 -9999 -9999 -9999 -9999 -9999 -1.26084 -1.27535 -1.22356 -1.20167 -0.93341 -0.96160 -0.99407 -0.94643 -0.81512 -0.73581 -0.51390 -0.75949 -0.28810 -0.39856 -0.60447 -0.69853 -0.48417 -0.43182 -0.11328 0.26670 0.56483 0.64438 0.54236 0.62882 0.52075 0.57722 0.19188 0.32293 0.13762 0.19862 0.13429 0.18220 0.39198 0.36939 0.06608 0.02819 0.17888 0.14929 0.52304
-9999 -9999 -9999 -9999 -9999 -9999 -9999 -9999 -9999 -9999 -9999 -9999 -9999 -9999 -9999 -9999 -9999 -9999 -9999 -9999 -9999 -9999 -9999 -9999 -9999 -9999 -9999 -9999 -9999 -9999 -9999 -0.65141 -0.73543 -0.86839 -0.78858 -0.59176 -0.58798 -0.47644 -0.53467 -0.46457 -0.49581 -0.46106 -0.34966 -0.34480 -0.43454 -0.27094 -0.26863 -0.59178 -0.68433 -0.33638 -0.30892 -0.18085 0.80419 0.03154 0.17667 0.22555 0.34846 0.22566 0.25858 0.16613 0.16745 -0.01032 -0.00824 -0.01551 -0.02894 -0.07196 -0.06864 0.10001 0.07122 -0.07042 -0.04509 -0.02656
-9999 -9999 -9999 -9999 -9999 -9999 -9999 -9999 -9999 -9999 -9999 -9999 -9999 -9999 -9999 -9999 -9999 -9999 -9999 -9999 -9999 -9999 -9999 -9999 -9999 -9999 -9999 -9999 -9999 0.01307 -0.20646 -0.52205 -0.48484 -0.65467 -0.68345 -0.44536 -0.46300 -0.23247 -0.28841 -0.34724 -0.41154 -0.25353 -0.21354 -0.22000 -0.27616 -0.24241 -0.25175 -0.62892 -0.57549 -0.30837 -0.26780 -0.15278 0.77153 0.11538 0.18492 0.22814 0.45468 0.34393 0.36384 0.12416 0.18987 0.04265 0.10144 0.05909 0.09184 0.01828 -0.01693 0.11569 0.12737 -0.04603 -0.10727 0.11878
-9999 -9999 -9999 -9999 -9999 -9999 -9999 -9999 -9999 -9999 -9999 -9999 -9999 -9999 -9999 -9999 -9999 -9999 -9999 -9999 -9999 -9999 -9999 -9999 0.35016 0.51018 0.70774 0.75861 0.75395 0.51235 0.44500 0.70226 0.70952 1.21620 1.01271 0.60508 0.54090 0.66631 0.68161 0.33073 0.60049 0.08057 -0.11736 0.73753 0.68897 0.62021 0.58039 -0.00051 -0.23200 -0.44306 -0.40704 -0.41900 -0.34633 -0.01560 0.07665 -0.12449 -0.07024 0.20967 0.24484 0.59277 0.58765 0.58468 0.71665 0.49526 0.50687 0.33078 0.39502 0.48529 0.36776 0.14800 0.12820 0.24235
-9999 -9999 -9999 -9999 -9999 -9999 0.36746 0.40519 0.73095 1.10220 0.91841 -9999 -9999 -9999 -9999 -9999 -9999 -9999 -9999 -9999 -9999 1.08841 0.84525 0.29182 0.41213 0.54788 0.55088 0.60863 0.63270 0.76454 0.74021 1.08345 0.85896 1.40596 1.37864 0.65028 0.62928 0.80542 0.86203 0.25600 0.41472 0.52010 0.34890 0.89543 0.82244 0.71347 0.74738 0.19581 -0.09550 -0.37176 -0.32611 -0.37741 -0.28600 0.08003 0.10725 -0.10190 -0.04179 0.21183 0.44331 0.71438 0.71493 0.58426 0.66912 0.56300 0.54801 0.35961 0.36856 0.54730 0.46965 0.38036 0.20344 0.19809
-9999 -9999 -9999 -9999 -9999 0.66072 0.71167 0.79240 0.78954 0.88429 0.79517 0.93371 0.97859 0.62066 -9999 -9999 -9999 0.45788 0.41825 0.51330 0.40929 0.42457 0.39015 0.11026 0.16968 0.69538 0.66244 0.81134 0.87370 0.85235 1.16952 1.34825 1.37548 1.65442 1.33234 0.98253 1.19622 0.73639 0.56633 0.60210 0.63762 0.89990 0.98658 1.59526 1.14133 0.88548 0.65062 0.20586 0.11571 -0.15392 -0.09319 -0.24002 -0.15720 0.11780 0.21313 -0.10170 -0.04912 0.22313 0.32954 0.57681 0.70561 0.30839 0.29387 0.24163 0.20868 0.16675 0.15631 0.28529 0.30515 0.38293 0.31524 0.10098
-9999 0.58096 0.80044 0.51328 0.38918 0.97975 0.89803 0.86841 0.79857 0.89122 0.88293 1.04688 0.97608 0.79221 0.83593 0.48517 0.64158 0.48182 0.57791 0.51203 0.50187 1.03926 0.97236 0.52617 0.60725 1.06322 1.14108 1.41844 1.29970 1.26797 1.54562 1.71974 1.56406 1.91277 2.03481 1.52933 1.52443 0.90868 0.69353 0.85687 0.94941 1.19547 1.36038 1.87790 1.88984 1.36845 0.87964 0.42663 0.28154 0.06354 0.00553 -0.11960 0.01638 0.09790 0.26083 -0.00209 0.10790 0.35039 0.30274 0.62606 0.73742 0.29749 0.30025 0.27397 0.22724 0.20627 0.21657 0.29277 0.33208 0.23747 0.25478 0.22480
-9999 0.77707 1.04721 1.00097 1.16037 1.28716 0.62971 1.09211 1.06413 1.09890 1.30685 1.32455 1.23944 0.90328 0.96803 0.91205 1.28929 1.08382 1.15861 1.17773 1.06199 0.71904 0.85334 1.48717 1.50718 1.25231 1.11807 1.06295 1.15757 1.36089 1.37892 1.43609 1.62041 1.49413 1.45280 1.03369 0.98532 1.16246 0.98992 0.82933 1.01291 1.54570 1.72787 1.89646 1.66783 1.77837 1.54684 0.82890 0.52501 -0.07749 -0.06841 -0.06540 0.01055 -0.09677 -0.04478 0.19567 0.36478 -0.05865 -0.00318 0.41038 0.51872 0.40510 0.35491 -0.05736 -0.01576 0.00631 -0.01237 0.70484 0.58130 0.51023 0.46251 0.35111
-9999 -9999 -9999 0.87090 1.09356 1.61876 1.38417 1.53410 1.39949 2.08502 1.80947 2.30903 1.91589 1.67439 1.24055 1.65226 2.01848 2.13023 1.75177 1.59535 1.71945 1.52884 1.51315 1.81471 1.75039 1.84760 2.11312 1.43841 1.73449 2.38475 2.49100 2.11468 1.98278 2.02266 1.83826 1.33444 1.21596 1.71360 1.54902 1.62246 1.07659 1.38877 1.97588 2.44543 2.22310 2.32759 2.21120 1.30349 1.03968 0.17266 0.10375 0.04463 0.13109 0.01681 0.05401 0.17933 0.42784 0.00618 0.00295 0.42781 0.53281 0.41589 0.39752 0.03381 -0.01145 0.03662 0.06330 0.68780 0.62489 0.50331 0.52819 0.40484
-9999 -9999 -9999 -9999 -9999 -9999 1.64610 1.75029 1.55054 2.65163 2.70883 2.72959 2.57781 2.72183 2.29832 2.55135 2.29406 2.33991 2.25614 2.09396 2.48952 2.54778 2.67261 2.41242 2.61671 2.42318 2.47686 2.82090 2.92445 2.77415 2.77978 2.32502 2.41107 1.71761 1.83159 1.67509 1.60554 1.79837 1.58380 1.66915 1.17959 1.25580 1.37361 2.03707 2.38124 2.41425 2.34987 1.58785 1.49060 0.23014 0.07308 0.11233 0.13991 0.26315 0.26398 -0.02994 0.02496 0.02286 0.05234 0.29905 0.29733 0.33062 0.40173 0.16778 0.11220 0.10124 0.10602 0.38823 0.31755 0.50000 0.47224 0.18241
-9999 -9999 -9999 -9999 -9999 -9999 2.26277 2.04039 1.84378 2.82303 2.84499 3.01252 3.16770 3.30373 3.16418 2.91049 2.88640 2.79265 2.54036 2.52613 2.46055 2.59568 2.84151 2.83760 2.95073 3.27378 3.62074 3.90217 3.74457 3.40426 3.20438 2.65947 2.69865 2.30182 2.15474 2.08208 1.86715 1.78366 1.52253 1.56471 2.28711 2.10634 2.00542 2.65458 2.69198 2.66354 2.85225 2.97615 2.55497 1.58574 0.75089 0.70610 0.51859 0.51392 0.49787 0.44990 0.28778 0.03926 0.11138 0.30224 0.33025 0.29159 0.30875 0.14817 0.18778 0.15131 0.12905 0.47814 0.42284 0.59835 0.43512 0.23675
-9999 -9999 -9999 -9999 -9999 -9999 -9999 -9999 -9999 -9999 2.93231 3.35868 3.30912 3.65696 3.10766 2.45504 2.48782 2.34927 2.91552 2.96858 2.88941 2.15563 2.88490 2.74735 3.10252 3.01224 3.40825 4.94608 5.09391 4.45149 4.37256 3.52802 3.44095 2.60424 2.54820 3.23921 2.91043 3.05102 2.75884 2.76112 2.88238 2.62742 2.71143 3.19318 2.70148 2.54067 2.77030 2.69740 2.64237 2.55464 2.36364 2.29267 1.90320 2.00169 1.82581 1.22836 0.80429 0.71912 0.65701 0.58633 0.53336 0.19862 0.17611 0.19362 0.14801 0.25178 0.27181 0.37876 0.23814 0.20129 0.08356 0.06679
-9999 -9999 -9999 -9999 -9999 -9999 -9999 -9999 -9999 -9999 4.03245 4.00690 3.84553 3.82227 3.95107 3.09514 3.14512 3.09703 2.91315 3.55479 3.75773 3.27803 3.23473 3.27885 3.41569 4.04317 4.54118 5.74907 5.93715 4.95933 4.90910 4.01803 3.98170 3.53762 3.07747 3.40152 3.04625 2.97278 2.53046 3.03597 2.94315 2.79084 2.54545 3.11032 3.03109 2.95030 2.94619 3.20034 3.32097 3.08417 3.12884 2.66952 2.78639 2.56739 2.51860 1.75096 1.57052 1.52512 1.51108 1.06217 1.11001 0.79112 0.85142 0.66983 0.55820 0.64739 0.79659 1.04954 0.99196 0.35766 0.21758 0.24244
-9999 -9999 -9999 -9999 -9999 -9999 -9999 -9999 -9999 -9999 -9999 -9999 4.07073 2.95587 3.02132 3.10940 4.28468 5.29451 4.55360 4.43498 4.19619 4.30020 4.67574 4.71128 4.89306 4.90346 5.03284 6.10227 6.00222 5.46328 5.59247 4.13862 3.93238 3.75681 3.70130 3.92591 3.70108 3.48893 3.08621 3.32726 3.35821 3.24100 3.27961 3.97004 3.90655 3.21500 3.40550 3.21890 3.35304 3.71458 3.22403 3.11627 2.90763 2.61445 2.49736 2.07183 1.86206 1.94377 1.61062 1.47248 1.37345 1.44682 1.24348 0.97741 1.14699 1.30151 1.38674 0.91487 0.70143 0.68556 0.20559 0.24423
-9999 -9999 -9999 -9999 -9999 -9999 -9999 -9999 -9999 -9999 -9999 -9999 4.38019 4.29927 4.04579 4.56706 4.72051 5.52510 4.79894 4.08567 4.65636 4.25288 4.86906 5.18633 4.76641 5.02169 5.38622 6.64861 6.51910 5.87477 5.93681 4.82010 4.50675 4.18239 3.71534 4.04731 3.52948 3.36107 3.47401 3.55573 3.59949 3.96081 4.03357 4.54996 4.45451 3.76201 3.67390 3.70952 3.49290 3.51148 3.57013 3.40051 3.08631 2.94668 2.78142 2.29378 2.41964 2.20579 1.88789 1.63116 1.48231 1.46757 1.84297 1.29318 1.43238 1.69453 1.88479 1.21017 0.90720 0.71056 0.42431 0.72251
-9999 -9999 -9999 -9999 -9999 -9999 -9999 -9999 -9999 -9999 -9999 5.85579 4.46520 5.30989 5.72088 4.75637 4.08499 3.67119 3.52417 4.01491 5.49761 3.97256 4.71450 4.49010 4.57177 4.14919 4.94263 5.55280 6.26752 6.62868 6.60451 5.75676 5.79814 5.33916 5.04528 4.87091 4.46682 4.53232 4.08629 2.90055 3.00873 3.25928 3.45433 4.10051 4.24285 4.27916 4.15899 3.66264 3.88246 3.32744 3.17239 3.56099 3.43912 2.68656 2.50999 2.87243 2.80442 2.72809 2.47899 2.07428 2.35675 2.52623 2.40836 2.17608 2.13270 2.39516 2.26173 1.18190 0.82257 0.45811 0.26262 0.03619
-9999 -9999 -9999 -9999 -9999 -9999 -9999 -9999 -9999 -9999 -9999 6.29723 6.26279 5.98480 6.39026 5.50229 5.02618 4.07563 4.12214 4.71422 5.30165 4.64129 5.15146 5.30032 5.23625 5.23196 5.54584 5.52874 6.37262 6.44741 6.36549 5.50363 5.24607 5.09952 5.14701 5.00598 5.18100 4.65947 4.22057 3.55851 3.55810 3.63547 2.80802 3.65697 3.92560 3.98940 4.19998 3.10579 3.79253 3.30133 3.61160 4.12490 3.99454 3.22206 3.20192 3.40858 3.18492 3.23452 3.12710 2.69856 2.54347 2.89989 2.87359 2.25451 2.34110 2.52468 2.23607 1.55547 0.86809 0.42673 0.53579 0.53413
