data/hydroclimate-scenarios/BCSD_hadcm_A1B/monthly_summaries/et_monthly_tot_aug.2070-2099.asc
ncols	311
nrows	91
xllcenter	102.75
yllcenter	31.75
cellsize	0.5
NODATA_value	-9999
[rows 0 to 31 of 91, columns 0 to 70 of 311]
-9999 -9999 -9999 -9999 -9999 -9999 -9999 -9999 -9999 -9999 -9999 -9999 -9999 -9999 -9999 -9999 -9999 -9999 -9999 -9999 -9999 -9999 -9999 -9999 -9999 -9999 -9999 -9999 -9999 -9999 -9999 -9999 -9999 -9999 -9999 -9999 -9999 -9999 -9999 -9999 -9999 -9999 -9999 -9999 -9999 -9999 -9999 -9999 -9999 -9999 -9999 -9999 -9999 -9999 -9999 -9999 -9999 -9999 -9999 -9999 -9999 -9999 -9999 -9999 -9999 -9999 -9999 -9999 -9999 -9999 -9999
-9999 -9999 -9999 -9999 -9999 -9999 -9999 -9999 -9999 -9999 -9999 -9999 -9999 -9999 -9999 -9999 -9999 -9999 -9999 -9999 -9999 -9999 -9999 -9999 -9999 -9999 -9999 -9999 -9999 -9999 -9999 -9999 -9999 -9999 -9999 -9999 -9999 -9999 -9999 -9999 -9999 -9999 -9999 -9999 -9999 -9999 -9999 -9999 -9999 -9999 -9999 -9999 -9999 -9999 -9999 -9999 -9999 -9999 -9999 -9999 -9999 -9999 -9999 -9999 -9999 -9999 -9999 -9999 -9999 -9999 -9999
-9999 -9999 -9999 -9999 -9999 -9999 -9999 -9999 -9999 -9999 -9999 -9999 -9999 -9999 -9999 -9999 -9999 -9999 -9999 -9999 -9999 -9999 -9999 -9999 -9999 -9999 -9999 -9999 -9999 -9999 -9999 -9999 -9999 -9999 -9999 -9999 -9999 -9999 -9999 -9999 -9999 -9999 -9999 -9999 -9999 -9999 -9999 -9999 -9999 -9999 -9999 -9999 -9999 -9999 -9999 -9999 -9999 -9999 -9999 -9999 -9999 -9999 -9999 -9999 -9999 -9999 -9999 -9999 -9999 -9999 -9999
-9999 -9999 -9999 -9999 -9999 -9999 -9999 -9999 -9999 -9999 -9999 -9999 -9999 -9999 -9999 -9999 -9999 -9999 -9999 -9999 -9999 -9999 -9999 -9999 -9999 -9999 -9999 -9999 -9999 -9999 -9999 -9999 -9999 -9999 -9999 -9999 -9999 -9999 -9999 -9999 -9999 -9999 -9999 -9999 -9999 -9999 -9999 -9999 -9999 -9999 -9999 -9999 -9999 -9999 -9999 -9999 -9999 -9999 -9999 -9999 -9999 -9999 -9999 -9999 -9999 -9999 -9999 -9999 -9999 -9999 -9999
-9999 -9999 -9999 -9999 -9999 -9999 -9999 -9999 -9999 -9999 -9999 -9999 -9999 -9999 -9999 -9999 -9999 -9999 -9999 -9999 -9999 -9999 -9999 -9999 -9999 -9999 -9999 -9999 -9999 -9999 -9999 -9999 -9999 -9999 -9999 -9999 -9999 -9999 -9999 -9999 -9999 -9999 -9999 -9999 -9999 -9999 -9999 -9999 -9999 -9999 -9999 -9999 -9999 -9999 -9999 -9999 -9999 -9999 -9999 -9999 -9999 -9999 -9999 -9999 -9999 -9999 -9999 -9999 -9999 -9999 -9999
-9999 -9999 -9999 -9999 -9999 -9999 -9999 -9999 -9999 -9999 -9999 -9999 -9999 -9999 -9999 -9999 -9999 -9999 -9999 -9999 -9999 -9999 -9999 -9999 -9999 -9999 -9999 -9999 -9999 -9999 -9999 -9999 -9999 -9999 -9999 -9999 -9999 -9999 -9999 -9999 -9999 -9999 -9999 -9999 -9999 -9999 -9999 -9999 -9999 -9999 -9999 -9999 -9999 -9999 -9999 -9999 -9999 -9999 -9999 -9999 -9999 -9999 -9999 -9999 -9999 -9999 -9999 -9999 -9999 -9999 -9999
-9999 -9999 -9999 -9999 -9999 -9999 -9999 -9999 -9999 -9999 -9999 -9999 -9999 -9999 -9999 -9999 -9999 -9999 -9999 -9999 -9999 -9999 -9999 -9999 -9999 -9999 -9999 -9999 -9999 -9999 -9999 -9999 -9999 -9999 -9999 -9999 -9999 -9999 -9999 -9999 -9999 -9999 -9999 -9999 -9999 -9999 -9999 -9999 -9999 -9999 -9999 -9999 -9999 -9999 -9999 -9999 -9999 -9999 -9999 -9999 -9999 -9999 -9999 -9999 -9999 -9999 -9999 -9999 -9999 -9999 -9999
-9999 -9999 -9999 -9999 -9999 -9999 -9999 -9999 -9999 -9999 -9999 -9999 -9999 -9999 -9999 -9999 -9999 -9999 -9999 -9999 -9999 -9999 -9999 -9999 -9999 -9999 -9999 -9999 -9999 -9999 -9999 -9999 -9999 -9999 -9999 -9999 -9999 -9999 -9999 -9999 -9999 -9999 41.04290 41.57530 41.29350 40.76690 40.91600 42.06300 41.29310 43.49190 43.68420 45.62720 -9999 -9999 -9999 -9999 -9999 -9999 -9999 -9999 -9999 -9999 -9999 -9999 -9999 -9999 -9999 -9999 -9999 -9999 -9999
-9999 -9999 -9999 -9999 -9999 -9999 -9999 -9999 -9999 -9999 -9999 -9999 -9999 -9999 -9999 -9999 -9999 -9999 -9999 -9999 -9999 -9999 -9999 -9999 -9999 -9999 -9999 -9999 -9999 -9999 -9999 -9999 -9999 -9999 -9999 -9999 -9999 -9999 44.07930 43.76990 45.22050 42.19730 42.56840 41.45030 41.10480 41.67540 41.64890 43.61570 42.50250 43.00470 42.26870 41.08520 41.35180 37.60760 -9999 -9999 -9999 -9999 -9999 -9999 -9999 -9999 -9999 -9999 -9999 -9999 -9999 -9999 -9999 -9999 -9999
-9999 -9999 -9999 -9999 -9999 -9999 -9999 -9999 -9999 -9999 -9999 -9999 -9999 -9999 -9999 -9999 -9999 -9999 -9999 -9999 -9999 -9999 -9999 -9999 -9999 -9999 -9999 -9999 -9999 -9999 -9999 -9999 -9999 -9999 -9999 -9999 -9999 -9999 -9999 -9999 45.41850 42.90230 43.90520 42.38410 42.86580 41.53070 42.00380 42.61150 44.31460 46.63040 46.27430 46.01500 44.82080 42.06900 -9999 -9999 -9999 -9999 -9999 -9999 -9999 -9999 -9999 -9999 -9999 -9999 -9999 -9999 -9999 -9999 -9999
-9999 -9999 -9999 -9999 -9999 -9999 -9999 -9999 -9999 -9999 -9999 -9999 -9999 -9999 -9999 -9999 -9999 -9999 -9999 -9999 -9999 -9999 -9999 -9999 -9999 -9999 -9999 -9999 -9999 -9999 -9999 -9999 -9999 -9999 -9999 -9999 -9999 -9999 -9999 -9999 -9999 -9999 -9999 -9999 43.41760 39.97490 40.77390 41.16620 41.65920 43.80070 42.69470 46.51530 48.61980 45.08370 -9999 -9999 -9999 -9999 -9999 -9999 41.59980 -9999 -9999 -9999 -9999 -9999 -9999 -9999 -9999 -9999 -9999
-9999 -9999 -9999 -9999 -9999 -9999 -9999 -9999 -9999 -9999 -9999 -9999 -9999 -9999 -9999 -9999 -9999 -9999 -9999 -9999 -9999 -9999 -9999 -9999 -9999 -9999 -9999 -9999 -9999 -9999 -9999 -9999 -9999 -9999 -9999 -9999 -9999 -9999 -9999 -9999 -9999 42.29760 42.66230 45.18340 45.36330 41.17920 41.63620 44.44910 44.53690 45.57520 44.57840 47.86140 50.35570 48.00000 -9999 -9999 -9999 -9999 -9999 41.62770 40.78330 37.73840 37.51690 40.96730 40.57890 37.26580 36.64440 36.84370 37.31310 37.58070 38.44020
-9999 -9999 -9999 -9999 -9999 -9999 -9999 -9999 -9999 -9999 -9999 -9999 -9999 -9999 -9999 -9999 -9999 -9999 -9999 -9999 -9999 -9999 -9999 -9999 -9999 -9999 -9999 -9999 -9999 -9999 -9999 -9999 -9999 -9999 -9999 -9999 -9999 -9999 -9999 -9999 -9999 44.79520 46.06050 42.58960 41.94440 44.02940 45.15010 47.04530 46.64040 49.10150 48.92060 50.06200 52.89500 46.74970 45.86190 45.46570 44.22460 -9999 45.30590 40.88380 39.86950 41.22590 41.35250 38.81420 38.31040 33.19790 32.84720 37.83660 37.90800 37.70300 37.90610
-9999 -9999 -9999 -9999 -9999 -9999 -9999 -9999 -9999 -9999 -9999 -9999 -9999 -9999 -9999 -9999 -9999 -9999 -9999 -9999 -9999 -9999 -9999 -9999 -9999 -9999 -9999 -9999 -9999 -9999 -9999 -9999 -9999 -9999 -9999 36.62150 44.34490 45.94230 46.40010 43.56000 43.42600 44.81440 46.26020 41.95640 43.85950 45.06640 44.33930 45.83620 46.93050 51.56450 50.29530 52.89740 49.66090 46.09430 51.96360 49.89130 45.52050 46.84000 43.27540 41.39140 41.17720 43.72050 42.47780 41.17710 41.30360 34.50910 34.34500 39.36230 38.18250 38.40780 38.56670
-9999 -9999 -9999 -9999 -9999 -9999 -9999 -9999 -9999 -9999 -9999 -9999 -9999 -9999 -9999 -9999 -9999 -9999 -9999 -9999 -9999 -9999 -9999 -9999 -9999 -9999 -9999 -9999 -9999 -9999 -9999 -9999 -9999 -9999 32.51460 40.93070 41.37800 41.72840 42.59140 44.24940 44.83940 45.00110 45.57970 45.74600 45.34030 47.45920 47.67570 49.53680 52.83320 55.21120 53.05180 50.10310 45.99570 51.57500 51.35040 47.47790 47.27800 43.69120 41.12620 41.56180 42.19010 41.44070 41.63420 41.73020 39.18810 38.51560 38.99190 39.63990 40.92690 38.30550 39.22950
-9999 -9999 -9999 -9999 -9999 -9999 -9999 -9999 -9999 -9999 -9999 -9999 -9999 -9999 -9999 -9999 -9999 -9999 -9999 -9999 -9999 -9999 -9999 -9999 -9999 -9999 -9999 -9999 -9999 -9999 -9999 -9999 -9999 33.81590 33.58100 41.03920 41.59590 41.98060 42.45650 44.57780 44.83880 45.47470 39.82960 46.36310 46.22380 48.22620 48.87120 51.50190 53.76660 55.62430 53.18280 47.72240 46.41980 52.19120 54.99060 47.77470 47.72990 46.74630 43.14920 43.83850 44.26880 42.15990 40.17070 38.91900 39.45900 40.26260 41.30590 41.17950 41.56620 39.60840 41.27770
-9999 -9999 -9999 -9999 -9999 -9999 -9999 -9999 -9999 -9999 -9999 -9999 -9999 -9999 -9999 -9999 -9999 -9999 -9999 -9999 -9999 -9999 -9999 -9999 -9999 -9999 -9999 -9999 -9999 -9999 -9999 36.63040 44.01090 43.24580 43.11920 44.70750 44.61530 43.50230 43.79110 45.21460 45.32540 46.62960 45.23000 45.76630 47.29570 52.89580 54.14190 53.42640 53.20870 52.52450 51.23180 45.30720 48.92460 53.65500 50.08460 48.84100 48.11460 44.98490 45.55970 46.86340 44.18370 40.26650 40.05280 36.52470 37.37470 40.55200 41.01150 39.55300 40.09050 46.14370 47.06970
-9999 -9999 -9999 -9999 -9999 -9999 -9999 -9999 -9999 -9999 -9999 -9999 -9999 -9999 -9999 -9999 -9999 -9999 -9999 -9999 -9999 -9999 -9999 -9999 -9999 -9999 -9999 -9999 -9999 44.11150 43.47980 44.79950 45.69500 45.12920 45.32460 45.71660 45.96570 43.47010 44.36680 45.09790 47.68970 42.46930 46.49410 46.89350 47.79390 55.22410 55.69750 54.82750 55.23810 54.38140 54.83530 47.51100 53.64370 55.38660 50.95940 51.77390 51.46530 49.43130 46.21120 45.24870 43.10920 40.61180 39.55440 38.49380 37.69040 40.08990 42.00080 43.12920 43.27020 46.49210 46.68100
-9999 -9999 -9999 -9999 -9999 -9999 -9999 -9999 -9999 -9999 -9999 -9999 -9999 -9999 -9999 -9999 -9999 -9999 -9999 -9999 -9999 -9999 -9999 -9999 50.40040 49.72650 48.24360 48.30350 49.04910 48.42070 48.29740 45.74800 46.06240 46.42480 46.96110 50.77050 51.64740 49.74270 48.16380 49.26140 48.49700 43.20650 49.06170 50.67300 50.63130 52.00010 52.88740 55.93050 56.58060 55.94770 54.82390 47.82010 54.30730 52.61040 52.50310 53.69480 51.63750 50.69710 49.57510 43.50780 40.24440 38.45080 38.64310 38.85910 39.58900 42.90160 41.95830 40.90740 43.37370 43.44630 47.23670
-9999 -9999 -9999 -9999 -9999 -9999 46.71660 42.12610 41.57580 37.76180 37.11720 -9999 -9999 -9999 -9999 -9999 -9999 -9999 -9999 -9999 -9999 50.14260 51.30370 53.04930 51.69940 51.42130 50.58290 51.90650 50.93970 49.62680 48.94200 46.70090 47.68650 47.85460 48.38260 53.00590 53.25420 50.84100 50.73190 52.76660 51.93920 46.80120 43.37840 50.77450 51.41710 52.23360 53.27530 56.30470 58.70760 54.96540 52.00320 52.55310 56.88140 56.96890 55.40020 54.95210 53.48920 51.80800 47.46300 43.12860 42.30030 40.64390 41.33520 42.67890 43.89820 42.23060 42.91820 43.44440 45.05030 42.03510 43.93990
-9999 -9999 -9999 -9999 -9999 60.53860 60.67110 57.73120 56.60810 55.53210 55.44690 54.92390 54.73480 55.60440 -9999 -9999 -9999 57.58000 57.24890 55.27170 55.55650 53.78580 53.71400 53.45250 54.42760 53.34160 52.95290 54.13630 54.97100 51.99280 51.31940 45.50770 44.94770 47.86880 48.31420 51.86460 52.05030 52.03410 52.76100 51.40720 51.12080 49.39880 43.20620 45.72750 53.20030 54.56620 56.58050 59.06260 61.20940 57.06290 57.78800 63.66780 59.56250 56.93810 56.47540 56.75560 57.70280 53.61170 48.09560 42.78960 41.14170 44.64900 44.58230 45.53810 48.38930 53.69270 53.94660 51.05200 49.76170 49.74530 49.51980
-9999 61.73610 62.93890 61.51130 60.89400 60.93530 61.94390 58.93790 58.97430 56.45030 57.39620 56.79860 56.70660 56.86180 56.39440 60.50010 59.19630 58.94400 59.53730 57.79650 55.52530 53.19670 53.20370 55.03710 54.69920 55.38620 54.26410 56.41830 56.64150 52.73770 51.11300 46.27120 45.26600 48.07020 48.29800 52.43590 52.56580 52.74410 53.36670 51.09060 50.90510 49.59890 43.43740 46.27520 53.16010 54.85110 57.29980 59.99870 61.08100 59.90450 61.61360 61.67330 62.51540 59.53740 60.70370 60.68210 60.47610 53.90470 53.23490 46.50650 43.60160 48.11220 49.76410 51.33130 54.02510 53.32310 52.78340 53.00120 52.02560 54.71000 57.12380
-9999 60.94410 59.25350 61.86190 61.10670 61.00340 60.83110 61.32510 60.31120 58.73700 59.21200 56.80340 58.09240 59.71830 59.59990 58.66390 59.13920 60.02630 59.17360 59.94080 58.45650 55.34770 55.83970 55.60150 55.33210 50.96850 50.09860 50.12260 49.89900 50.24130 48.55550 49.07220 46.39790 43.35460 45.17760 48.46970 47.74350 50.12960 51.19410 51.25400 50.93100 46.01190 43.18220 44.48000 45.19270 53.85800 55.62490 58.53080 61.02850 62.68290 62.15150 62.57760 59.96640 59.02140 60.35780 57.59070 57.43870 53.98350 49.68290 57.76560 51.98580 53.60860 54.38030 55.83520 57.90710 56.44180 58.10450 54.81730 55.69300 54.14240 55.57660
-9999 -9999 -9999 65.98370 64.29900 64.65900 64.20860 64.44660 63.73310 60.63300 58.95490 54.29260 55.95990 58.60420 60.04950 58.51110 58.29830 57.08870 58.21920 61.08980 60.43590 56.84440 55.72520 57.17920 55.76840 51.32560 50.05740 49.88310 47.42340 47.08490 44.16930 44.64800 45.18990 43.05660 43.81680 40.99660 46.75370 49.41900 48.83150 47.08080 49.73370 41.07750 39.58440 42.37060 44.14920 47.57280 49.23790 57.34730 59.40780 60.68130 63.89540 64.18430 63.76500 63.64640 63.66660 60.12380 58.68490 55.65520 53.93760 61.27650 53.90570 57.51990 56.62870 61.59000 59.18620 57.02370 55.95850 57.96840 59.14670 58.39410 58.40260
-9999 -9999 -9999 -9999 -9999 -9999 63.82240 62.03000 61.75060 56.10270 55.95960 58.42930 59.86910 54.94880 53.66360 56.76700 59.03130 59.54270 58.45310 57.76930 55.33650 54.03350 52.42930 57.59540 56.46660 51.70650 50.41430 43.34180 38.06950 41.70450 43.13420 43.57950 37.22850 39.30000 39.41570 42.15680 42.42950 42.67970 41.86510 40.10470 41.10000 38.84810 38.85180 43.38870 42.32680 43.46590 44.68100 47.86400 49.31880 55.88510 64.53870 67.54500 68.74650 66.06600 66.83120 64.46250 64.54980 64.10250 62.83110 60.86170 64.84620 62.00720 65.67890 64.76070 59.38820 61.25280 59.00900 62.82270 64.57760 63.99150 63.17300
-9999 -9999 -9999 -9999 -9999 -9999 61.18370 60.07980 62.09350 55.08330 55.50480 59.27360 56.89720 51.49640 49.88150 56.82860 53.84560 57.64070 57.86310 59.42090 59.79110 55.69920 53.95740 56.28670 55.32450 51.70380 48.28660 40.01040 38.20210 36.73330 37.26660 36.79550 36.63000 38.05060 38.32410 41.44680 42.27750 42.55990 43.14160 40.40870 39.53340 37.66090 38.35240 43.93190 44.75360 45.02580 44.71790 44.18230 46.61740 50.79740 54.94670 59.96920 62.16020 63.89900 67.77100 62.34270 63.63040 64.95480 61.93050 65.15380 66.40230 65.93240 65.92330 63.37850 63.90960 63.31280 63.79060 65.01330 65.22950 66.73190 66.46850
-9999 -9999 -9999 -9999 -9999 -9999 -9999 -9999 -9999 -9999 59.38630 55.16220 54.41230 51.27220 55.19500 53.95650 56.31020 58.51680 55.32030 59.48350 60.73700 58.05390 57.63300 53.29560 52.07080 49.56870 46.77520 41.57560 40.89210 39.72510 39.86080 36.95380 37.07440 39.02840 38.44360 39.34870 39.30510 39.95830 40.39040 38.70860 39.14390 39.76520 42.94920 41.61880 42.50520 42.76340 44.32630 45.75250 44.78310 45.13160 46.36910 45.71310 46.79370 44.86390 44.94030 52.20460 53.87830 53.01730 52.44730 55.54160 55.87040 58.41240 57.98420 66.38070 66.60730 60.28990 60.21750 63.12450 66.95620 68.41620 69.48600
-9999 -9999 -9999 -9999 -9999 -9999 -9999 -9999 -9999 -9999 55.25040 51.53410 51.25250 52.39310 51.58550 50.29100 51.47410 52.14550 55.30850 58.63990 56.79630 55.30790 55.53070 51.79620 50.93690 47.70940 45.85520 42.37420 41.44500 40.33290 39.57700 37.15420 36.36160 39.30090 39.85540 40.62660 41.43140 47.65000 48.49800 45.16120 45.69890 46.63120 47.90790 49.28730 49.23520 49.00800 49.73920 49.43410 48.62800 45.71040 46.34080 46.29110 45.23490 43.53560 44.25670 49.99130 51.68170 50.07270 50.87060 55.02360 55.46270 54.32990 54.84760 56.53190 58.31750 54.08840 55.21510 63.10620 62.94050 70.02060 66.54180
-9999 -9999 -9999 -9999 -9999 -9999 -9999 -9999 -9999 -9999 -9999 -9999 48.18410 55.84400 57.32400 60.05870 58.40980 55.18930 56.62010 55.20770 57.99890 57.02720 56.20510 54.99640 55.17660 49.67840 48.60060 48.13630 48.15150 46.58820 45.39040 43.78430 43.40330 45.31270 45.24830 47.86780 48.35190 51.38490 52.64270 53.33750 53.86200 46.60710 47.33470 49.92880 50.92690 51.88830 52.16420 53.14630 53.24550 49.52620 48.04120 50.09130 49.37990 50.14280 50.62600 50.50000 51.68850 55.79580 56.42940 58.28910 58.93440 54.29850 55.12200 59.67970 58.57250 55.98580 57.35560 64.17930 66.24030 70.08640 73.93580
-9999 -9999 -9999 -9999 -9999 -9999 -9999 -9999 -9999 -9999 -9999 -9999 48.59040 54.73200 56.39050 57.67260 58.29900 53.91030 57.78470 59.82080 58.92610 56.31100 57.23580 57.99220 58.74280 52.93150 50.69920 50.31750 50.55770 49.51410 49.16500 47.82790 46.74010 46.88030 49.09490 50.13900 52.17390 54.66070 55.78960 54.82280 54.96230 47.56310 48.06850 51.16740 51.84670 49.01040 49.98320 50.20910 51.07680 48.40540 49.00920 51.56380 51.81040 51.42790 50.12380 51.52630 52.98700 56.77810 57.44730 60.55370 61.61740 57.34770 55.08090 59.38890 59.12480 57.82480 59.42110 61.19090 62.73360 67.16330 73.87450
-9999 -9999 -9999 -9999 -9999 -9999 -9999 -9999 -9999 -9999 -9999 53.30500 57.55610 53.95200 54.87420 58.43100 59.14860 65.62340 66.46160 65.15100 58.63730 61.79950 62.05690 56.16230 57.31000 58.03080 56.44300 54.45810 53.63250 54.30940 54.07400 51.87130 51.16410 51.23310 51.95000 51.94900 53.13320 50.13230 51.94490 57.91720 57.34320 57.10410 56.51440 53.11480 53.27570 56.07500 55.97560 54.77030 55.34340 51.22840 51.34860 50.86700 51.34270 52.60960 51.83150 51.23310 51.84610 57.07730 57.85730 55.44930 55.29700 53.31570 53.69200 57.67600 58.88800 61.17940 63.61620 60.85900 64.21180 74.27840 72.88300
-9999 -9999 -9999 -9999 -9999 -9999 -9999 -9999 -9999 -9999 -9999 50.23580 53.97160 53.06020 52.43420 58.28260 58.28730 65.76830 65.48310 63.02230 58.97050 64.13200 62.14040 54.42550 54.32100 56.59700 55.82380 57.13050 56.14560 55.98680 56.07690 54.17570 52.86550 52.67500 51.59360 50.50920 50.84710 48.56260 52.27650 56.64010 58.54130 58.45560 54.66170 52.02020 52.03190 54.46980 54.04280 55.88390 56.38280 54.07450 54.27190 52.98840 52.98750 55.22100 54.00890 50.78260 51.55550 56.00450 55.70240 55.51390 56.17880 53.90720 54.71460 59.93070 60.98560 64.00840 65.58850 62.01230 66.88500 70.31630 76.36920
