data/hydroclimate-scenarios/BCSD_hadcm_A1B/monthly_summaries/et_monthly_tot_jun.2030-2059.asc
ncols	311
nrows	91
xllcenter	102.75
yllcenter	31.75
cellsize	0.5
NODATA_value	-9999
[rows 0 to 30 of 91, columns 0 to 70 of 311]
-9999 -9999 -9999 -9999 -9999 -9999 -9999 -9999 -9999 -9999 -9999 -9999 -9999 -9999 -9999 -9999 -9999 -9999 -9999 -9999 -9999 -9999 -9999 -9999 -9999 -9999 -9999 -9999 -9999 -9999 -9999 -9999 -9999 -9999 -9999 -9999 -9999 -9999 -9999 -9999 -9999 -9999 -9999 -9999 -9999 -9999 -9999 -9999 -9999 -9999 -9999 -9999 -9999 -9999 -9999 -9999 -9999 -9999 -9999 -9999 -9999 -9999 -9999 -9999 -9999 -9999 -9999 -9999 -9999 -9999 -9999
-9999 -9999 -9999 -9999 -9999 -9999 -9999 -9999 -9999 -9999 -9999 -9999 -9999 -9999 -9999 -9999 -9999 -9999 -9999 -9999 -9999 -9999 -9999 -9999 -9999 -9999 -9999 -9999 -9999 -9999 -9999 -9999 -9999 -9999 -9999 -9999 -9999 -9999 -9999 -9999 -9999 -9999 -9999 -9999 -9999 -9999 -9999 -9999 -9999 -9999 -9999 -9999 -9999 -9999 -9999 -9999 -9999 -9999 -9999 -9999 -9999 -9999 -9999 -9999 -9999 -9999 -9999 -9999 -9999 -9999 -9999
-9999 -9999 -9999 -9999 -9999 -9999 -9999 -9999 -9999 -9999 -9999 -9999 -9999 -9999 -9999 -9999 -9999 -9999 -9999 -9999 -9999 -9999 -9999 -9999 -9999 -9999 -9999 -9999 -9999 -9999 -9999 -9999 -9999 -9999 -9999 -9999 -9999 -9999 -9999 -9999 -9999 -9999 -9999 -9999 -9999 -9999 -9999 -9999 -9999 -9999 -9999 -9999 -9999 -9999 -9999 -9999 -9999 -9999 -9999 -9999 -9999 -9999 -9999 -9999 -9999 -9999 -9999 -9999 -9999 -9999 -9999
-9999 -9999 -9999 -9999 -9999 -9999 -9999 -9999 -9999 -9999 -9999 -9999 -9999 -9999 -9999 -9999 -9999 -9999 -9999 -9999 -9999 -9999 -9999 -9999 -9999 -9999 -9999 -9999 -9999 -9999 -9999 -9999 -9999 -9999 -9999 -9999 -9999 -9999 -9999 -9999 -9999 -9999 -9999 -9999 -9999 -9999 -9999 -9999 -9999 -9999 -9999 -9999 -9999 -9999 -9999 -9999 -9999 -9999 -9999 -9999 -9999 -9999 -9999 -9999 -9999 -9999 -9999 -9999 -9999 -9999 -9999
-9999 -9999 -9999 -9999 -9999 -9999 -9999 -9999 -9999 -9999 -9999 -9999 -9999 -9999 -9999 -9999 -9999 -9999 -9999 -9999 -9999 -9999 -9999 -9999 -9999 -9999 -9999 -9999 -9999 -9999 -9999 -9999 -9999 -9999 -9999 -9999 -9999 -9999 -9999 -9999 -9999 -9999 -9999 -9999 -9999 -9999 -9999 -9999 -9999 -9999 -9999 -9999 -9999 -9999 -9999 -9999 -9999 -9999 -9999 -9999 -9999 -9999 -9999 -9999 -9999 -9999 -9999 -9999 -9999 -9999 -9999
-9999 -9999 -9999 -9999 -9999 -9999 -9999 -9999 -9999 -9999 -9999 -9999 -9999 -9999 -9999 -9999 -9999 -9999 -9999 -9999 -9999 -9999 -9999 -9999 -9999 -9999 -9999 -9999 -9999 -9999 -9999 -9999 -9999 -9999 -9999 -9999 -9999 -9999 -9999 -9999 -9999 -9999 -9999 -9999 -9999 -9999 -9999 -9999 -9999 -9999 -9999 -9999 -9999 -9999 -9999 -9999 -9999 -9999 -9999 -9999 -9999 -9999 -9999 -9999 -9999 -9999 -9999 -9999 -9999 -9999 -9999
-9999 -9999 -9999 -9999 -9999 -9999 -9999 -9999 -9999 -9999 -9999 -9999 -9999 -9999 -9999 -9999 -9999 -9999 -9999 -9999 -9999 -9999 -9999 -9999 -9999 -9999 -9999 -9999 -9999 -9999 -9999 -9999 -9999 -9999 -9999 -9999 -9999 -9999 -9999 -9999 -9999 -9999 -9999 -9999 -9999 -9999 -9999 -9999 -9999 -9999 -9999 -9999 -9999 -9999 -9999 -9999 -9999 -9999 -9999 -9999 -9999 -9999 -9999 -9999 -9999 -9999 -9999 -9999 -9999 -9999 -9999
-9999 -9999 -9999 -9999 -9999 -9999 -9999 -9999 -9999 -9999 -9999 -9999 -9999 -9999 -9999 -9999 -9999 -9999 -9999 -9999 -9999 -9999 -9999 -9999 -9999 -9999 -9999 -9999 -9999 -9999 -9999 -9999 -9999 -9999 -9999 -9999 -9999 -9999 -9999 -9999 -9999 -9999 91.55440 95.88760 94.52610 93.17630 93.32750 92.30710 91.29840 90.93790 91.24120 94.75920 -9999 -9999 -9999 -9999 -9999 -9999 -9999 -9999 -9999 -9999 -9999 -9999 -9999 -9999 -9999 -9999 -9999 -9999 -9999
-9999 -9999 -9999 -9999 -9999 -9999 -9999 -9999 -9999 -9999 -9999 -9999 -9999 -9999 -9999 -9999 -9999 -9999 -9999 -9999 -9999 -9999 -9999 -9999 -9999 -9999 -9999 -9999 -9999 -9999 -9999 -9999 -9999 -9999 -9999 -9999 -9999 -9999 93.57030 87.92600 91.40440 91.04430 91.61770 91.86830 91.29470 94.66220 95.00520 97.20380 95.82490 90.38070 88.55000 77.84620 81.98140 72.21830 -9999 -9999 -9999 -9999 -9999 -9999 -9999 -9999 -9999 -9999 -9999 -9999 -9999 -9999 -9999 -9999 -9999
-9999 -9999 -9999 -9999 -9999 -9999 -9999 -9999 -9999 -9999 -9999 -9999 -9999 -9999 -9999 -9999 -9999 -9999 -9999 -9999 -9999 -9999 -9999 -9999 -9999 -9999 -9999 -9999 -9999 -9999 -9999 -9999 -9999 -9999 -9999 -9999 -9999 -9999 -9999 -9999 92.06640 93.40710 92.24760 90.33430 91.77490 88.58470 91.43010 92.32050 97.31630 95.92750 96.11680 93.58520 88.04220 74.98000 -9999 -9999 -9999 -9999 -9999 -9999 -9999 -9999 -9999 -9999 -9999 -9999 -9999 -9999 -9999 -9999 -9999
-9999 -9999 -9999 -9999 -9999 -9999 -9999 -9999 -9999 -9999 -9999 -9999 -9999 -9999 -9999 -9999 -9999 -9999 -9999 -9999 -9999 -9999 -9999 -9999 -9999 -9999 -9999 -9999 -9999 -9999 -9999 -9999 -9999 -9999 -9999 -9999 -9999 -9999 -9999 -9999 -9999 -9999 -9999 -9999 91.30100 90.51920 88.37880 87.83780 97.81760 96.82030 93.98000 91.93590 102.65100 77.13930 -9999 -9999 -9999 -9999 -9999 -9999 88.35880 -9999 -9999 -9999 -9999 -9999 -9999 -9999 -9999 -9999 -9999
-9999 -9999 -9999 -9999 -9999 -9999 -9999 -9999 -9999 -9999 -9999 -9999 -9999 -9999 -9999 -9999 -9999 -9999 -9999 -9999 -9999 -9999 -9999 -9999 -9999 -9999 -9999 -9999 -9999 -9999 -9999 -9999 -9999 -9999 -9999 -9999 -9999 -9999 -9999 -9999 -9999 90.86350 91.96530 88.42220 89.46900 92.70260 91.23670 92.06700 94.47480 97.94340 95.68370 93.25530 103.44200 89.16790 -9999 -9999 -9999 -9999 -9999 86.57260 84.62410 80.42540 79.12270 77.51630 75.75360 72.76100 72.03620 72.44580 72.15330 71.21390 72.93790
-9999 -9999 -9999 -9999 -9999 -9999 -9999 -9999 -9999 -9999 -9999 -9999 -9999 -9999 -9999 -9999 -9999 -9999 -9999 -9999 -9999 -9999 -9999 -9999 -9999 -9999 -9999 -9999 -9999 -9999 -9999 -9999 -9999 -9999 -9999 -9999 -9999 -9999 -9999 -9999 -9999 94.22900 94.30250 91.35110 94.48340 96.08300 83.96480 85.99360 98.91800 100.20700 99.53010 91.36600 98.20270 96.99830 87.60040 102.84100 93.44610 -9999 90.58210 83.77260 81.22430 79.43210 79.29970 80.72930 78.90080 72.38100 71.21100 74.19540 73.12740 72.98500 72.90630
-9999 -9999 -9999 -9999 -9999 -9999 -9999 -9999 -9999 -9999 -9999 -9999 -9999 -9999 -9999 -9999 -9999 -9999 -9999 -9999 -9999 -9999 -9999 -9999 -9999 -9999 -9999 -9999 -9999 -9999 -9999 -9999 -9999 -9999 -9999 93.18040 95.00010 91.45240 91.81560 94.56130 96.18800 99.88950 97.16360 96.25780 83.12970 90.03890 101.05400 105.32100 103.44500 101.04900 96.90910 94.72210 86.47740 87.70690 98.90230 99.06690 95.68890 96.97390 85.70640 80.57970 80.83410 81.62700 78.55100 82.70690 82.57010 71.55550 71.77540 76.24120 72.20910 78.54570 79.51140
-9999 -9999 -9999 -9999 -9999 -9999 -9999 -9999 -9999 -9999 -9999 -9999 -9999 -9999 -9999 -9999 -9999 -9999 -9999 -9999 -9999 -9999 -9999 -9999 -9999 -9999 -9999 -9999 -9999 -9999 -9999 -9999 -9999 -9999 98.48220 101.17900 98.07430 95.80170 94.25200 97.35080 99.62470 101.66500 104.17300 90.31520 105.84900 108.54400 108.91900 108.87500 103.33300 97.41530 89.92380 88.57360 79.36560 85.32830 89.40230 93.62370 96.96130 85.99620 77.40780 76.24520 76.11780 77.49590 81.17540 80.63020 72.26950 72.80200 76.02330 78.62540 82.52200 77.36270 80.81460
-9999 -9999 -9999 -9999 -9999 -9999 -9999 -9999 -9999 -9999 -9999 -9999 -9999 -9999 -9999 -9999 -9999 -9999 -9999 -9999 -9999 -9999 -9999 -9999 -9999 -9999 -9999 -9999 -9999 -9999 -9999 -9999 -9999 95.87030 96.25480 101.27800 101.67600 99.92360 98.58680 102.34800 105.41600 105.81600 87.21670 92.15540 105.19000 108.28600 106.44900 106.18300 96.25620 91.40510 85.03920 75.10210 79.89010 82.67060 96.46690 93.16820 92.96360 90.49340 81.74770 77.35600 79.96380 73.76700 71.78080 67.45280 67.78890 73.63280 79.56430 81.31190 83.31160 80.81530 86.11700
-9999 -9999 -9999 -9999 -9999 -9999 -9999 -9999 -9999 -9999 -9999 -9999 -9999 -9999 -9999 -9999 -9999 -9999 -9999 -9999 -9999 -9999 -9999 -9999 -9999 -9999 -9999 -9999 -9999 -9999 -9999 97.15370 100.77600 102.20500 103.88200 104.22900 105.53700 103.17800 104.23800 106.08300 107.65000 107.34000 98.01100 107.25200 104.94200 104.84400 105.73700 107.07600 99.79620 93.13270 89.95980 74.34690 76.72560 81.89010 85.67880 92.48050 92.11810 86.49730 88.34920 83.39670 77.31000 71.81420 74.35470 68.85330 72.21860 75.47040 77.77330 80.18850 83.87170 90.72910 92.02020
-9999 -9999 -9999 -9999 -9999 -9999 -9999 -9999 -9999 -9999 -9999 -9999 -9999 -9999 -9999 -9999 -9999 -9999 -9999 -9999 -9999 -9999 -9999 -9999 -9999 -9999 -9999 -9999 -9999 102.07100 104.96600 103.20900 102.77900 103.54600 103.02000 104.43000 104.94200 105.95100 105.05500 108.27600 93.26440 85.39420 108.02600 107.56600 107.26000 102.53900 101.06400 104.27200 92.37610 88.78340 89.51680 74.70840 79.51900 86.30200 83.03110 94.39730 97.95610 93.73090 91.83980 83.36330 77.13460 76.68510 76.41660 77.13200 74.06990 75.98640 80.45720 84.87190 86.31840 86.60610 86.47360
-9999 -9999 -9999 -9999 -9999 -9999 -9999 -9999 -9999 -9999 -9999 -9999 -9999 -9999 -9999 -9999 -9999 -9999 -9999 -9999 -9999 -9999 -9999 -9999 97.54190 96.06580 97.61790 101.13400 100.28800 99.99090 102.30700 100.85000 101.39300 102.17800 102.64100 102.89000 104.67100 102.60300 104.67100 103.35100 104.69000 79.60910 100.91900 103.27200 105.35500 106.79400 102.93100 101.14200 92.70350 90.12830 90.03690 69.25260 74.27840 89.04780 97.66070 100.04900 98.42970 94.78290 94.03620 85.43080 77.50320 78.45890 76.66170 76.22950 78.40360 84.12580 81.91080 81.00610 84.63440 83.66830 88.78090
-9999 -9999 -9999 -9999 -9999 -9999 95.49240 95.54440 95.99900 97.03660 99.33500 -9999 -9999 -9999 -9999 -9999 -9999 -9999 -9999 -9999 -9999 99.52820 96.82220 98.16110 98.84250 96.97460 96.59160 99.68110 101.51900 102.38100 102.30200 101.40500 100.77800 101.70100 101.44900 101.10600 101.68000 103.72000 103.76600 97.65590 100.39700 104.00100 78.72040 103.08000 104.02700 106.50500 104.57300 103.63100 96.02460 90.32680 82.14730 76.63990 78.56350 93.30890 101.76800 101.52900 101.09600 99.18130 90.36540 82.25250 79.78300 80.42100 84.59790 85.86010 88.83750 82.29530 77.42310 86.86620 89.58090 86.26900 85.22760
-9999 -9999 -9999 -9999 -9999 102.40500 100.31100 94.36730 102.16600 99.18170 100.34300 96.06900 97.16310 96.27220 -9999 -9999 -9999 101.93100 101.53000 100.78400 101.92000 100.17600 99.56960 102.19000 91.02560 92.73330 94.32200 95.01080 97.39180 94.65610 94.45590 94.82210 94.22810 96.14100 94.80930 92.31610 95.04090 94.37900 91.07490 85.82160 88.85520 95.51630 83.38750 84.06030 97.34670 97.67720 94.78110 92.32840 98.20000 92.48290 90.49250 91.36880 90.09080 98.01620 98.61260 101.03700 104.98400 101.94100 94.59740 89.81550 85.35790 91.93170 94.32510 86.52970 89.60230 96.52690 98.20130 97.67660 94.55470 98.60560 95.56840
-9999 101.09800 98.19280 105.87900 102.92800 103.61500 101.44300 102.40200 100.81500 103.27600 101.56000 99.34900 97.85500 98.99350 101.83900 101.45900 104.43000 103.30900 101.74100 104.75500 103.94300 103.45600 103.45100 98.62200 100.28800 98.34680 98.43770 97.82480 98.56210 97.68260 96.42450 96.01220 94.10760 98.92530 101.27000 95.91510 96.68640 93.99600 88.85370 88.39920 91.77230 95.64340 89.09300 80.47650 100.00100 99.99830 100.39200 98.45220 105.09400 100.03900 99.71690 89.91680 94.50890 93.72320 97.82970 103.45400 104.87300 101.31200 101.91000 93.94660 92.02470 91.67300 97.94920 94.76280 97.91710 98.65510 98.13930 98.66230 96.37010 100.98500 98.45270
-9999 99.40860 100.07100 98.90610 99.34860 101.43600 106.47400 103.68100 105.68700 103.91200 102.89300 98.81090 97.09840 100.88100 100.39500 101.25100 98.29140 101.92100 103.92500 104.71700 104.90400 106.59100 96.66440 101.49200 101.62800 99.58790 98.14190 98.88190 99.18900 97.14630 96.54230 95.42990 100.56300 101.24000 96.53310 96.11410 99.06050 94.30110 91.83920 88.24390 89.17640 98.78140 108.75400 78.10430 82.35020 97.18890 98.35250 100.51900 99.43880 96.65830 91.93300 97.66120 94.05610 86.57590 89.67440 99.08140 102.79800 103.19100 98.20370 108.22900 97.60950 96.36490 98.11630 98.58310 95.33920 96.67600 99.81290 97.45320 100.38800 98.71820 99.95920
-9999 -9999 -9999 95.01080 93.79390 95.31250 97.60760 96.00670 96.93630 97.13040 101.50400 102.99900 103.38400 105.12100 105.14700 103.58100 101.82800 106.68500 107.11000 107.57200 97.26840 97.99180 97.48660 103.44500 103.03800 99.88980 99.30500 98.66850 98.38060 100.06100 103.25300 104.33600 100.47300 98.17220 93.75350 74.05750 98.16750 97.26170 93.59880 87.16030 77.42580 66.92170 87.72720 86.91400 72.56500 72.61430 81.04070 98.66270 100.23800 96.02670 104.57100 104.54400 99.51800 93.78580 99.22510 99.59220 102.80500 105.66000 96.50380 107.57400 96.28330 99.07310 93.99820 97.83930 97.10950 100.20200 101.14800 105.52000 103.15800 98.88540 99.80220
-9999 -9999 -9999 -9999 -9999 -9999 97.88700 98.52840 97.47590 106.73100 107.79100 98.36990 96.17790 99.13230 102.13200 110.09000 108.97800 98.46810 99.40690 98.27120 102.81100 105.41400 109.73800 107.46800 107.02500 111.31600 108.04200 101.10100 79.87920 103.82700 99.65880 95.46000 73.96740 82.56300 73.56680 81.66950 67.76160 70.26950 84.30520 86.44260 86.19870 84.08930 85.58540 85.42840 84.44780 87.40910 73.55440 82.57870 85.25530 88.38980 92.01170 93.78710 94.38400 106.15900 103.89400 95.85870 104.48900 101.78900 98.95080 97.73460 107.19600 102.85100 103.26200 103.34400 93.53130 95.10910 97.75080 103.87500 99.35300 99.24900 94.56840
-9999 -9999 -9999 -9999 -9999 -9999 102.53900 103.29800 101.42500 103.44400 103.31600 99.17210 101.91300 105.52600 110.16000 103.30800 106.94700 103.16400 106.07400 105.93900 106.95100 107.99300 110.34600 113.26200 113.25800 109.01100 108.58100 108.11600 88.83410 86.04820 83.02860 79.87240 77.37620 77.18320 76.03850 75.50950 61.73400 58.73450 58.77700 74.47620 77.15440 78.97720 82.53110 84.47140 84.84680 84.09100 82.16880 84.33830 88.20910 77.59200 81.72610 87.60280 92.73610 94.35740 98.69510 100.05000 98.19570 97.42580 93.40410 95.44180 100.13300 99.33370 98.72560 96.06000 97.46750 98.32090 102.70600 105.64400 104.09100 102.37400 96.53790
-9999 -9999 -9999 -9999 -9999 -9999 -9999 -9999 -9999 -9999 99.39150 104.56600 104.77900 105.51200 100.80400 104.10100 106.91300 109.23700 114.40500 109.85800 107.88500 105.31900 106.41000 114.04700 115.00700 116.38500 117.60000 114.85000 108.72500 75.96430 76.33120 75.02410 70.36530 75.79990 77.03970 72.06240 74.15730 73.94510 74.04020 75.96120 63.41850 68.64240 93.63030 67.34760 66.10100 66.67950 69.90640 75.75630 83.37180 84.54970 85.12590 83.43610 82.75490 68.81710 68.75560 65.87110 66.89790 78.38330 82.16310 70.78900 83.05320 78.21440 78.91210 87.62410 88.07090 84.05460 87.55820 103.98300 104.16600 103.23000 100.22300
-9999 -9999 -9999 -9999 -9999 -9999 -9999 -9999 -9999 -9999 98.12860 103.18500 107.98300 101.42600 107.41200 111.32800 116.59200 119.33400 117.05800 115.75000 119.45700 117.00100 114.78200 120.35200 119.27300 119.44800 116.95700 113.59600 111.15600 75.77580 71.45210 72.10110 66.52800 72.20860 65.84330 62.17380 66.13810 90.12170 84.87260 86.02070 91.42730 93.90920 91.11440 88.48390 91.65150 98.38250 98.11450 106.22700 106.91900 75.22270 77.86570 79.95110 75.68840 76.37110 62.25020 74.40250 73.02750 71.67100 70.10060 76.00940 75.48040 75.72360 74.17880 60.37960 61.43230 60.32300 67.73520 89.90540 100.58700 104.63500 97.63490
-9999 -9999 -9999 -9999 -9999 -9999 -9999 -9999 -9999 -9999 -9999 -9999 97.70400 96.67890 97.55590 98.51540 107.73500 110.75100 111.75700 120.38100 116.30800 117.64600 119.60500 120.16700 117.35200 114.34600 112.86400 113.51200 109.85300 104.88300 70.02430 73.44970 72.87710 103.86300 103.11200 100.22700 96.30680 95.73760 91.52700 94.43630 94.70660 93.42030 95.68020 91.69190 90.67810 90.98430 93.84550 98.96720 100.86700 99.25600 70.12070 65.66780 77.07370 63.61230 58.91440 64.99640 64.43370 74.55910 76.24290 75.44720 73.39090 72.53870 69.31640 58.73990 71.04650 72.50990 61.64670 84.01500 85.67880 102.26200 101.19900
-9999 -9999 -9999 -9999 -9999 -9999 -9999 -9999 -9999 -9999 -9999 -9999 94.37320 96.24840 97.30690 103.96200 104.97000 107.49700 108.77400 112.11100 114.80100 125.62900 119.67300 109.73700 113.30800 111.71800 110.04700 109.25900 107.84700 102.23100 97.98350 100.35700 100.07500 103.30400 101.66300 98.02800 95.99060 101.71900 94.46560 96.43410 96.35990 93.11140 93.76800 91.29740 92.83710 75.94660 73.73400 71.91820 84.43860 84.22400 70.82540 67.22720 64.34190 63.27620 56.60670 65.72400 66.79330 75.92240 76.62490 72.75090 67.65390 68.35740 73.75840 72.71680 72.84220 60.40700 63.99270 67.11130 88.48130 94.86640 99.41220
-9999 -9999 -9999 -9999 -9999 -9999 -9999 -9999 -9999 -9999 -9999 99.49610 94.88110 91.27240 94.85550 102.92000 115.39800 115.62600 120.50600 117.46800 124.85600 124.95300 117.89800 116.39700 114.39700 105.43700 108.71700 110.19100 106.23900 102.97900 99.34730 96.90000 96.27870 98.10350 96.59840 93.15540 96.11870 100.47700 102.15500 100.32400 102.81000 97.36660 98.44550 99.02630 95.19800 95.94710 90.98710 70.07810 71.10450 81.59520 80.08820 79.84570 77.03420 72.58130 65.25010 71.12340 73.16800 76.29330 76.22870 72.05540 72.44640 74.56330 72.96790 73.96140 74.09940 75.01400 82.59820 89.18220 94.27390 101.55400 93.33410
