data/hydroclimate-scenarios/BCSD_hadcm_A1B/monthly_summaries/et_monthly_tot_jul.2070-2099.asc
ncols	311
nrows	91
xllcenter	102.75
yllcenter	31.75
cellsize	0.5
NODATA_value	-9999
[rows 0 to 30 of 91, columns 213 to 283 of 311]
-9999 -9999 -9999 -9999 -9999 -9999 -9999 -9999 -9999 -9999 -9999 -9999 -9999 -9999 -9999 -9999 -9999 -9999 -9999 -9999 -9999 -9999 -9999 -9999 -9999 -9999 -9999 -9999 -9999 -9999 -9999 -9999 -9999 -9999 -9999 -9999 -9999 -9999 -9999 -9999 -9999 -9999 -9999 -9999 -9999 -9999 -9999 -9999 -9999 -9999 -9999 -9999 -9999 -9999 -9999 -9999 -9999 -9999 -9999 -9999 -9999 -9999 -9999 -9999 -9999 -9999 -9999 -9999 -9999 -9999 -9999
-9999 -9999 -9999 -9999 -9999 -9999 -9999 -9999 -9999 -9999 -9999 -9999 -9999 -9999 -9999 -9999 -9999 -9999 -9999 -9999 -9999 -9999 -9999 -9999 -9999 -9999 -9999 -9999 -9999 -9999 -9999 -9999 -9999 -9999 -9999 -9999 -9999 -9999 -9999 -9999 -9999 -9999 -9999 -9999 -9999 -9999 -9999 -9999 -9999 -9999 -9999 -9999 -9999 -9999 -9999 -9999 -9999 -9999 -9999 -9999 -9999 -9999 -9999 -9999 -9999 -9999 -9999 -9999 -9999 -9999 -9999
-9999 -9999 -9999 -9999 -9999 -9999 -9999 -9999 -9999 -9999 -9999 -9999 -9999 -9999 -9999 -9999 -9999 -9999 -9999 -9999 -9999 -9999 -9999 -9999 -9999 -9999 -9999 -9999 -9999 -9999 -9999 -9999 -9999 -9999 -9999 -9999 -9999 -9999 -9999 -9999 -9999 -9999 -9999 -9999 -9999 -9999 -9999 -9999 -9999 -9999 -9999 -9999 -9999 -9999 -9999 -9999 -9999 -9999 -9999 -9999 -9999 -9999 -9999 -9999 -9999 -9999 -9999 -9999 -9999 -9999 -9999
-9999 -9999 -9999 -9999 -9999 -9999 -9999 -9999 -9999 -9999 -9999 -9999 -9999 -9999 -9999 -9999 -9999 -9999 -9999 -9999 -9999 -9999 -9999 -9999 -9999 -9999 -9999 -9999 -9999 -9999 -9999 -9999 -9999 -9999 -9999 -9999 -9999 -9999 -9999 -9999 -9999 -9999 -9999 -9999 -9999 -9999 -9999 -9999 -9999 -9999 -9999 -9999 -9999 -9999 -9999 -9999 -9999 -9999 -9999 -9999 -9999 -9999 -9999 -9999 -9999 -9999 -9999 -9999 -9999 -9999 -9999
-9999 -9999 -9999 -9999 -9999 -9999 -9999 -9999 -9999 -9999 -9999 -9999 -9999 -9999 -9999 -9999 -9999 -9999 -9999 -9999 -9999 -9999 -9999 -9999 -9999 -9999 -9999 -9999 -9999 -9999 -9999 -9999 -9999 -9999 -9999 -9999 -9999 -9999 -9999 -9999 -9999 -9999 -9999 -9999 -9999 -9999 -9999 -9999 -9999 -9999 -9999 -9999 -9999 -9999 -9999 -9999 -9999 -9999 -9999 -9999 -9999 -9999 -9999 -9999 -9999 -9999 -9999 -9999 -9999 -9999 -9999
-9999 -9999 -9999 -9999 -9999 -9999 -9999 -9999 -9999 -9999 -9999 -9999 -9999 -9999 -9999 -9999 -9999 -9999 -9999 -9999 -9999 -9999 -9999 -9999 -9999 -9999 -9999 -9999 -9999 -9999 -9999 -9999 -9999 -9999 -9999 -9999 -9999 -9999 -9999 -9999 -9999 -9999 -9999 -9999 -9999 -9999 -9999 -9999 -9999 -9999 -9999 -9999 -9999 -9999 -9999 -9999 -9999 -9999 -9999 -9999 -9999 -9999 -9999 -9999 -9999 -9999 -9999 -9999 -9999 -9999 -9999
-9999 -9999 -9999 -9999 -9999 -9999 -9999 -9999 -9999 -9999 -9999 -9999 -9999 -9999 -9999 -9999 -9999 -9999 -9999 -9999 -9999 -9999 -9999 -9999 -9999 -9999 -9999 -9999 -9999 -9999 -9999 -9999 -9999 -9999 -9999 -9999 -9999 -9999 -9999 -9999 -9999 -9999 -9999 -9999 -9999 -9999 -9999 -9999 -9999 -9999 -9999 -9999 -9999 -9999 -9999 -9999 -9999 -9999 -9999 -9999 -9999 -9999 -9999 -9999 -9999 -9999 -9999 -9999 -9999 -9999 -9999
-9999 -9999 -9999 -9999 -9999 -9999 -9999 -9999 -9999 -9999 -9999 -9999 -9999 -9999 -9999 -9999 -9999 -9999 -9999 -9999 -9999 -9999 -9999 -9999 -9999 -9999 -9999 -9999 -9999 -9999 -9999 -9999 -9999 -9999 -9999 -9999 -9999 -9999 -9999 -9999 -9999 -9999 -9999 -9999 -9999 -9999 -9999 -9999 -9999 -9999 -9999 -9999 -9999 -9999 -9999 -9999 -9999 -9999 -9999 -9999 -9999 -9999 -9999 -9999 -9999 -9999 -9999 -9999 -9999 -9999 -9999
-9999 -9999 -9999 -9999 -9999 -9999 -9999 -9999 -9999 -9999 -9999 -9999 -9999 -9999 -9999 -9999 -9999 -9999 -9999 -9999 -9999 -9999 -9999 -9999 -9999 -9999 -9999 -9999 -9999 -9999 -9999 -9999 -9999 -9999 -9999 -9999 -9999 -9999 -9999 -9999 -9999 -9999 -9999 -9999 -9999 -9999 -9999 -9999 -9999 -9999 -9999 -9999 -9999 -9999 -9999 -9999 -9999 -9999 -9999 -9999 -9999 -9999 -9999 -9999 -9999 -9999 -9999 -9999 -9999 -9999 -9999
-9999 -9999 -9999 -9999 -9999 -9999 -9999 -9999 -9999 -9999 -9999 -9999 -9999 -9999 -9999 -9999 -9999 -9999 -9999 -9999 -9999 -9999 -9999 -9999 -9999 -9999 -9999 -9999 -9999 -9999 -9999 -9999 -9999 -9999 -9999 -9999 -9999 -9999 -9999 -9999 -9999 -9999 -9999 -9999 -9999 -9999 -9999 -9999 -9999 -9999 -9999 -9999 -9999 -9999 -9999 -9999 -9999 -9999 -9999 -9999 -9999 -9999 -9999 -9999 -9999 -9999 -9999 -9999 -9999 -9999 -9999
-9999 -9999 -9999 -9999 -9999 -9999 -9999 -9999 -9999 -9999 -9999 -9999 -9999 -9999 -9999 -9999 -9999 -9999 -9999 -9999 -9999 -9999 -9999 -9999 -9999 -9999 -9999 -9999 -9999 -9999 -9999 -9999 -9999 -9999 -9999 -9999 -9999 -9999 -9999 -9999 -9999 -9999 -9999 -9999 -9999 -9999 -9999 -9999 -9999 -9999 -9999 -9999 -9999 -9999 -9999 -9999 -9999 -9999 -9999 -9999 -9999 -9999 -9999 -9999 -9999 -9999 -9999 -9999 -9999 -9999 -9999
-9999 -9999 -9999 -9999 -9999 -9999 -9999 -9999 -9999 -9999 -9999 -9999 -9999 -9999 -9999 -9999 -9999 -9999 -9999 -9999 -9999 -9999 -9999 -9999 -9999 -9999 -9999 -9999 -9999 -9999 -9999 -9999 -9999 -9999 -9999 -9999 -9999 -9999 -9999 -9999 -9999 -9999 -9999 -9999 -9999 -9999 -9999 -9999 -9999 -9999 -9999 -9999 -9999 -9999 -9999 -9999 -9999 -9999 -9999 -9999 -9999 -9999 -9999 -9999 -9999 -9999 -9999 -9999 -9999 -9999 -9999
-9999 -9999 -9999 -9999 -9999 -9999 -9999 -9999 -9999 -9999 -9999 -9999 -9999 -9999 -9999 -9999 -9999 -9999 -9999 -9999 -9999 -9999 -9999 -9999 -9999 -9999 -9999 -9999 -9999 -9999 -9999 -9999 -9999 -9999 -9999 -9999 -9999 -9999 -9999 -9999 -9999 -9999 -9999 -9999 -9999 -9999 -9999 -9999 -9999 -9999 -9999 -9999 -9999 -9999 -9999 -9999 -9999 -9999 -9999 -9999 -9999 -9999 -9999 -9999 -9999 -9999 -9999 -9999 -9999 -9999 -9999
60.06230 60.50060 60.58680 62.72210 63.36730 63.10390 -9999 -9999 -9999 -9999 -9999 -9999 -9999 -9999 -9999 -9999 -9999 -9999 -9999 -9999 -9999 -9999 -9999 -9999 -9999 -9999 -9999 -9999 -9999 -9999 -9999 -9999 -9999 -9999 -9999 -9999 -9999 -9999 -9999 -9999 -9999 -9999 -9999 -9999 -9999 -9999 -9999 51.47680 -9999 -9999 -9999 -9999 -9999 -9999 -9999 -9999 -9999 -9999 -9999 -9999 -9999 -9999 -9999 -9999 -9999 -9999 -9999 -9999 -9999 -9999 -9999
54.02370 56.12330 60.28260 62.32060 62.56890 62.63130 59.89230 59.63300 59.40120 60.57790 58.64400 60.60950 62.44760 81.22640 79.27180 78.13470 78.52190 76.48530 80.38710 -9999 -9999 -9999 -9999 -9999 -9999 -9999 -9999 -9999 -9999 -9999 -9999 -9999 -9999 -9999 -9999 -9999 -9999 -9999 -9999 -9999 -9999 -9999 40.83200 45.98530 50.56480 50.43270 54.96110 62.29470 65.87400 -9999 -9999 -9999 62.25780 -9999 -9999 -9999 60.68870 64.58460 67.85080 -9999 -9999 -9999 -9999 -9999 -9999 -9999 -9999 -9999 -9999 -9999 -9999
52.47070 52.27400 59.53290 60.34190 58.32180 59.34650 46.53660 50.73260 57.34660 59.17980 62.52290 64.72460 65.66140 69.52130 65.06010 72.72950 70.75600 66.97130 64.53640 60.94730 57.36850 60.42340 72.94670 73.83190 65.41310 -9999 -9999 -9999 -9999 -9999 65.47330 64.86700 65.50790 60.58570 55.74480 54.48000 55.04510 65.39740 63.47150 62.58450 60.51710 61.17840 50.27530 52.80040 57.10060 57.31790 63.89120 66.07390 71.60200 71.68910 71.41770 70.47810 68.66270 68.40070 69.25990 70.33940 67.86010 69.33900 69.91680 71.08350 74.10200 73.56420 71.89870 70.88050 -9999 -9999 -9999 -9999 -9999 -9999 -9999
67.03140 71.55590 73.72030 76.12200 72.71640 70.25130 70.74580 67.79160 70.40850 72.03100 70.41880 76.09910 79.06000 75.71160 77.81210 82.11380 80.50490 77.13380 67.81930 62.86590 60.98920 59.75860 73.95890 67.53390 67.51920 68.99310 72.51490 78.29870 71.11390 68.04510 67.36600 64.11930 65.92780 69.02260 76.75460 73.53200 70.44510 73.11660 75.52940 75.16980 73.90260 74.90960 75.64110 77.33370 81.78410 79.33660 84.99400 84.31610 82.35790 80.00670 77.10750 73.95670 73.60610 73.89810 71.10710 72.87590 75.27620 75.58920 76.95400 76.63520 77.61860 78.27300 76.19220 75.60240 76.49500 75.46480 74.61930 74.49570 72.69030 71.53990 74.82940
74.71630 74.84850 76.56490 73.66410 72.40930 70.74030 79.18570 79.73480 85.80850 80.44990 70.85830 68.46470 74.87670 69.51330 62.86750 60.67260 66.88070 64.55100 74.35470 75.60810 76.46700 84.67020 85.07210 72.89560 80.22860 77.39440 63.71070 90.86770 78.70960 75.36380 65.18620 59.37190 68.89520 67.08610 78.33710 78.89320 74.71470 75.74230 80.00280 81.74160 79.50340 80.57380 80.58880 79.55310 79.30080 78.19950 84.60100 84.85530 81.96620 82.62180 80.79120 80.57040 78.92410 75.86060 73.90240 75.35960 78.22600 77.86340 78.71150 78.81220 80.62850 81.16830 78.85100 79.03960 79.08120 79.55290 77.43020 78.63230 78.97270 79.43640 81.68880
93.27470 91.49340 90.77420 89.59660 88.89290 85.77780 77.87700 69.14550 66.41540 61.20440 60.50860 59.21830 55.67470 52.49440 53.34390 57.16840 63.16050 55.25800 68.86060 64.82360 87.67880 86.51420 79.93250 75.36210 74.84020 75.57450 76.43710 84.47290 81.41040 81.90470 66.98750 61.86880 75.61250 87.52360 86.72920 86.95270 90.67810 88.36470 86.45710 87.33640 83.78550 86.92790 79.44640 79.69340 83.14540 83.97510 85.14570 87.08890 88.28380 84.16250 83.43500 84.29870 81.51640 81.74730 79.61820 75.66200 75.16790 76.63060 76.67690 76.99580 76.02690 80.71060 81.33500 76.36360 73.31120 73.78510 79.76160 77.87440 79.03420 78.89450 76.82930
97.14190 98.01490 97.07890 94.56070 92.54270 90.23480 77.76000 70.35080 71.52260 65.54440 59.79780 53.28220 58.05410 54.49110 63.58920 67.23260 63.52800 69.29490 90.82890 91.67610 88.85970 87.62280 86.40160 86.79230 75.90370 76.21490 77.95050 83.19220 72.02230 86.34180 72.63030 66.31210 64.44690 66.70060 47.74910 50.39790 51.40020 51.30240 50.75810 51.71230 46.37530 45.95450 51.00450 51.50650 52.39080 52.76550 53.66710 54.18150 56.94680 56.89680 59.53690 80.72450 74.89180 72.27860 83.87330 85.57510 80.81280 82.21140 78.38250 70.56250 71.05210 55.20790 62.26800 61.74470 61.38090 61.18940 57.12420 77.12730 75.96540 69.69310 66.70590
101.28900 100.04400 99.56130 96.74200 88.99170 80.08020 74.17320 67.28550 52.91100 48.00920 44.96010 44.69830 45.29180 50.43160 56.59520 73.99360 79.14350 80.95370 88.51250 86.22960 64.88910 67.40700 83.03280 78.22180 76.18750 74.97320 75.49420 74.35610 74.35950 77.93490 74.79440 73.26740 62.33550 59.75690 57.21070 66.34890 76.17860 77.66860 69.94580 72.36190 49.74600 49.88020 49.83000 51.02580 50.45310 50.50200 54.68320 56.13120 59.08570 60.82210 62.25840 61.27480 60.63060 60.34260 53.79880 53.55000 54.25760 53.69060 51.46250 50.62920 71.38140 58.03000 58.91450 59.14680 59.07620 58.70500 71.08970 73.35210 74.37190 73.99990 71.54780
100.51600 96.06340 84.20300 58.53020 52.18380 54.47150 55.89110 62.90080 60.79320 57.97060 49.78120 49.12500 49.95450 52.12400 60.72640 66.20410 71.29210 71.95070 88.66850 90.23190 63.64200 59.71020 62.50100 65.20660 69.51010 71.36370 80.39240 78.27790 74.11950 76.87620 72.14220 67.42450 64.90170 59.35840 56.28080 56.40010 56.74760 56.01040 57.67780 58.49800 57.97970 57.10060 45.43310 45.93110 45.74730 64.65050 70.32280 71.57720 60.02790 60.58890 60.64640 59.99270 59.10240 57.73990 51.48560 48.66510 50.27820 51.04230 50.03370 51.14660 41.88230 57.41760 60.38200 60.02400 58.99240 58.92970 73.28480 78.45440 77.41530 74.02870 73.38540
90.48290 76.84480 67.16660 66.53670 74.05030 91.11840 106.99800 109.12200 103.95000 102.15300 89.40920 87.58750 82.47000 60.02980 77.73800 82.80580 91.49750 84.20710 87.09260 84.99660 68.09640 64.07000 61.66510 65.83570 59.42920 69.22300 72.48430 73.32610 72.01360 61.77760 70.75550 63.62930 63.57010 68.17730 57.86780 61.58800 63.96890 65.74810 60.06400 70.19410 71.41010 69.74490 56.00040 62.66100 49.24430 51.13510 53.82160 57.97980 57.16680 58.84750 82.00030 79.37200 60.29730 58.80550 57.97840 59.18290 54.16710 53.27740 56.22010 50.61710 52.44010 56.46840 54.71180 54.00380 51.96010 53.31030 80.59140 80.66170 77.40860 75.77980 73.46790
80.43440 79.37010 85.94200 83.45170 69.47530 79.90540 99.42260 99.85340 98.93620 94.95450 95.92720 97.33430 86.54360 79.75300 83.07560 75.32230 74.63300 79.59860 87.88880 87.95640 79.74330 64.44390 64.16350 67.27440 61.42450 61.87210 70.09720 71.17530 73.64470 73.77120 71.65260 70.31560 71.72020 72.29370 73.40750 73.19220 74.47280 74.42420 76.06110 74.13970 78.42970 79.13410 75.21190 78.40210 82.30870 82.90750 75.46470 74.56490 73.08940 56.97240 60.46070 57.83000 58.37860 77.21130 57.33460 58.51050 53.26950 42.08520 56.04080 53.00320 54.83710 52.82930 53.98450 56.22830 53.22950 53.81390 81.17690 79.11560 76.68230 73.46850 70.65300
86.82670 86.91630 90.63580 89.79520 80.19210 76.72340 72.06740 77.37110 93.89270 102.48800 104.27800 99.46290 95.71970 96.23220 97.94360 95.90390 85.63710 74.06850 72.36120 96.00330 93.20080 62.18740 59.76620 60.12520 58.39810 57.44490 55.63160 58.64950 69.75910 72.50600 71.11610 71.57800 71.10120 72.43220 69.64050 71.68250 70.56070 73.07580 77.13150 80.45860 80.75310 85.34860 88.80760 92.07420 94.99280 99.03170 98.86920 91.88390 85.50200 76.86920 74.70730 73.17580 54.91910 58.94630 77.23730 60.74790 60.10350 59.01190 56.25070 56.27050 54.78830 57.68640 54.68780 53.65620 53.83500 49.71200 49.58630 69.58010 66.87310 64.92910 70.77500
83.30040 84.94540 81.26180 78.36280 93.82290 90.83370 95.66350 99.69890 95.36770 92.75100 98.44460 102.23200 103.09700 106.53100 100.53700 89.75660 76.88980 70.91070 74.07800 80.01380 78.94150 89.54490 62.98830 73.74030 59.77070 54.03090 58.32560 56.48630 66.16040 73.78090 76.19100 76.57320 71.00890 73.11470 67.78750 74.50580 70.17610 75.31920 90.83590 84.33940 82.27760 83.81170 88.50210 93.46670 99.30270 100.14900 100.56200 97.28660 90.94670 88.17940 86.18890 79.59630 73.67080 60.91250 66.90760 79.43900 61.36660 61.17640 57.57340 56.54520 54.40210 56.56100 51.42570 48.06810 52.43590 53.23510 49.46230 46.88380 45.77920 62.26210 69.15780
103.17300 102.57100 103.48700 102.64000 102.43500 88.62130 88.06120 87.83340 85.43780 96.07240 106.09900 98.66230 98.77510 73.91130 78.94630 87.97960 83.58970 80.52640 89.89550 82.02600 86.59800 82.79870 75.02350 78.61510 75.24970 78.52500 78.35290 79.08000 81.33820 82.43000 82.09540 70.89800 68.06780 66.37980 61.36250 64.51550 77.68280 90.20740 92.81240 92.72940 97.38130 103.63700 114.36900 116.66500 98.55890 99.49560 100.41300 102.52700 100.84600 92.94930 91.60190 87.84740 81.15010 77.67740 60.74610 83.75190 62.10630 58.83850 59.55660 56.52150 54.71240 55.11900 52.38120 52.60850 50.15440 46.47990 46.60420 44.41080 42.47470 40.65300 59.15990
76.77170 91.82750 88.98880 90.17710 89.00060 93.00480 102.06800 100.56900 94.09310 94.40490 98.06830 90.58150 92.18260 92.60470 102.02700 101.10400 81.55440 82.03110 98.06000 95.83650 94.91250 95.70560 86.52040 84.64300 66.63240 64.48820 67.40080 70.81530 70.36660 73.55530 77.89890 67.66650 61.48120 62.32850 59.51530 65.05960 66.28710 74.50280 87.16330 92.57670 95.36230 94.55070 112.71200 119.51900 104.90100 104.01000 101.48300 104.50900 102.33500 94.87780 94.48050 94.57640 90.71810 85.62120 62.06140 82.11150 79.71510 61.02440 59.56730 58.25050 55.59980 54.21310 49.35390 47.08810 48.25200 46.51040 45.83590 43.92490 40.93400 39.26890 40.04630
95.73310 108.19800 110.35800 100.03100 95.49220 97.89540 99.50770 105.58100 105.17400 104.72400 98.00470 96.54050 97.90820 107.99400 102.12200 105.86700 106.87100 79.28520 99.54230 100.65100 99.48230 106.77500 103.49700 91.45580 58.21560 58.00530 56.26690 57.93930 56.77750 57.40970 54.92220 51.78860 50.64980 50.71310 55.21280 65.20710 74.62780 79.91630 84.17700 87.01910 98.60980 100.91700 123.85900 124.88600 107.12000 109.25600 104.19200 102.82600 109.99700 100.01600 101.94600 102.41700 98.22300 90.43810 67.61410 73.84020 85.24690 65.80970 59.98580 56.57720 74.56920 72.00220 67.05900 66.82880 64.92050 47.34820 45.67480 44.91500 44.17320 40.17120 40.83240
109.49600 100.65300 107.10000 96.06910 94.20780 85.08000 92.07710 100.68100 95.81980 90.56920 76.65800 77.67860 101.53100 97.80840 101.89100 94.03860 88.72550 93.12570 101.61500 103.21900 105.63900 119.29400 116.59300 98.23460 88.28250 78.60820 73.46640 59.01900 59.16230 53.24650 52.57180 49.57450 48.00070 49.24710 54.50750 62.21000 66.15970 78.60110 88.21380 90.08880 92.11070 101.55700 108.41100 124.86800 109.41100 104.66100 105.14600 101.87200 104.91600 104.33100 103.61000 106.24100 102.23900 99.00730 91.23650 76.32460 69.59170 66.50070 60.88140 56.12550 61.67520 65.08460 60.62560 58.84360 72.96530 65.47600 45.16650 43.40810 43.32320 43.20140 43.59940
81.35330 68.50200 88.38080 95.05540 85.94540 85.45340 98.02020 106.76000 106.52000 98.97690 83.57360 68.54410 90.85390 96.42760 91.21210 80.74990 89.95040 96.11510 103.38000 112.51100 123.44400 127.78900 128.17300 112.56700 105.11400 100.08300 87.25310 81.68270 82.99000 65.83980 60.85090 53.85480 53.13300 54.57390 57.53930 66.82560 74.57710 74.04110 75.25850 84.86350 96.57630 118.82900 124.33800 125.89500 103.15200 104.26900 101.97400 109.16700 109.57300 105.42200 105.37700 106.75700 102.79100 100.58000 93.92630 91.64250 76.12440 72.47240 59.86600 53.66670 53.15950 51.60210 54.29600 53.54580 47.97630 44.62330 41.59910 40.67740 42.10020 44.04650 44.41580
