data/hydroclimate-scenarios/BCSD_hadcm_A1B/monthly_summaries/et_monthly_tot_jan.2030-2059.asc
ncols	311
nrows	91
xllcenter	102.75
yllcenter	31.75
cellsize	0.5
NODATA_value	-9999
[rows 0 to 31 of 91, columns 219 to 291 of 311]
-9999 -9999 -9999 -9999 -9999 -9999 -9999 -9999 -9999 -9999 -9999 -9999 -9999 -9999 -9999 -9999 -9999 -9999 -9999 -9999 -9999 -9999 -9999 -9999 -9999 -9999 -9999 -9999 -9999 -9999 -9999 -9999 -9999 -9999 -9999 -9999 -9999 -9999 -9999 -9999 -9999 -9999 -9999 -9999 -9999 -9999 -9999 -9999 -9999 -9999 -9999 -9999 -9999 -9999 -9999 -9999 -9999 -9999 -9999 -9999 -9999 -9999 -9999 -9999 -9999 -9999 -9999 -9999 -9999 -9999 -9999 -9999 -9999
-9999 -9999 -9999 -9999 -9999 -9999 -9999 -9999 -9999 -9999 -9999 -9999 -9999 -9999 -9999 -9999 -9999 -9999 -9999 -9999 -9999 -9999 -9999 -9999 -9999 -9999 -9999 -9999 -9999 -9999 -9999 -9999 -9999 -9999 -9999 -9999 -9999 -9999 -9999 -9999 -9999 -9999 -9999 -9999 -9999 -9999 -9999 -9999 -9999 -9999 -9999 -9999 -9999 -9999 -9999 -9999 -9999 -9999 -9999 -9999 -9999 -9999 -9999 -9999 -9999 -9999 -9999 -9999 -9999 -9999 -9999 -9999 -9999
-9999 -9999 -9999 -9999 -9999 -9999 -9999 -9999 -9999 -9999 -9999 -9999 -9999 -9999 -9999 -9999 -9999 -9999 -9999 -9999 -9999 -9999 -9999 -9999 -9999 -9999 -9999 -9999 -9999 -9999 -9999 -9999 -9999 -9999 -9999 -9999 -9999 -9999 -9999 -9999 -9999 -9999 -9999 -9999 -9999 -9999 -9999 -9999 -9999 -9999 -9999 -9999 -9999 -9999 -9999 -9999 -9999 -9999 -9999 -9999 -9999 -9999 -9999 -9999 -9999 -9999 -9999 -9999 -9999 -9999 -9999 -9999 -9999
-9999 -9999 -9999 -9999 -9999 -9999 -9999 -9999 -9999 -9999 -9999 -9999 -9999 -9999 -9999 -9999 -9999 -9999 -9999 -9999 -9999 -9999 -9999 -9999 -9999 -9999 -9999 -9999 -9999 -9999 -9999 -9999 -9999 -9999 -9999 -9999 -9999 -9999 -9999 -9999 -9999 -9999 -9999 -9999 -9999 -9999 -9999 -9999 -9999 -9999 -9999 -9999 -9999 -9999 -9999 -9999 -9999 -9999 -9999 -9999 -9999 -9999 -9999 -9999 -9999 -9999 -9999 -9999 -9999 -9999 -9999 -9999 -9999
-9999 -9999 -9999 -9999 -9999 -9999 -9999 -9999 -9999 -9999 -9999 -9999 -9999 -9999 -9999 -9999 -9999 -9999 -9999 -9999 -9999 -9999 -9999 -9999 -9999 -9999 -9999 -9999 -9999 -9999 -9999 -9999 -9999 -9999 -9999 -9999 -9999 -9999 -9999 -9999 -9999 -9999 -9999 -9999 -9999 -9999 -9999 -9999 -9999 -9999 -9999 -9999 -9999 -9999 -9999 -9999 -9999 -9999 -9999 -9999 -9999 -9999 -9999 -9999 -9999 -9999 -9999 -9999 -9999 -9999 -9999 -9999 -9999
-9999 -9999 -9999 -9999 -9999 -9999 -9999 -9999 -9999 -9999 -9999 -9999 -9999 -9999 -9999 -9999 -9999 -9999 -9999 -9999 -9999 -9999 -9999 -9999 -9999 -9999 -9999 -9999 -9999 -9999 -9999 -9999 -9999 -9999 -9999 -9999 -9999 -9999 -9999 -9999 -9999 -9999 -9999 -9999 -9999 -9999 -9999 -9999 -9999 -9999 -9999 -9999 -9999 -9999 -9999 -9999 -9999 -9999 -9999 -9999 -9999 -9999 -9999 -9999 -9999 -9999 -9999 -9999 -9999 -9999 -9999 -9999 -9999
-9999 -9999 -9999 -9999 -9999 -9999 -9999 -9999 -9999 -9999 -9999 -9999 -9999 -9999 -9999 -9999 -9999 -9999 -9999 -9999 -9999 -9999 -9999 -9999 -9999 -9999 -9999 -9999 -9999 -9999 -9999 -9999 -9999 -9999 -9999 -9999 -9999 -9999 -9999 -9999 -9999 -9999 -9999 -9999 -9999 -9999 -9999 -9999 -9999 -9999 -9999 -9999 -9999 -9999 -9999 -9999 -9999 -9999 -9999 -9999 -9999 -9999 -9999 -9999 -9999 -9999 -9999 -9999 -9999 -9999 -9999 -9999 -9999
-9999 -9999 -9999 -9999 -9999 -9999 -9999 -9999 -9999 -9999 -9999 -9999 -9999 -9999 -9999 -9999 -9999 -9999 -9999 -9999 -9999 -9999 -9999 -9999 -9999 -9999 -9999 -9999 -9999 -9999 -9999 -9999 -9999 -9999 -9999 -9999 -9999 -9999 -9999 -9999 -9999 -9999 -9999 -9999 -9999 -9999 -9999 -9999 -9999 -9999 -9999 -9999 -9999 -9999 -9999 -9999 -9999 -9999 -9999 -9999 -9999 -9999 -9999 -9999 -9999 -9999 -9999 -9999 -9999 -9999 -9999 -9999 -9999
-9999 -9999 -9999 -9999 -9999 -9999 -9999 -9999 -9999 -9999 -9999 -9999 -9999 -9999 -9999 -9999 -9999 -9999 -9999 -9999 -9999 -9999 -9999 -9999 -9999 -9999 -9999 -9999 -9999 -9999 -9999 -9999 -9999 -9999 -9999 -9999 -9999 -9999 -9999 -9999 -9999 -9999 -9999 -9999 -9999 -9999 -9999 -9999 -9999 -9999 -9999 -9999 -9999 -9999 -9999 -9999 -9999 -9999 -9999 -9999 -9999 -9999 -9999 -9999 -9999 -9999 -9999 -9999 -9999 -9999 -9999 -9999 -9999
-9999 -9999 -9999 -9999 -9999 -9999 -9999 -9999 -9999 -9999 -9999 -9999 -9999 -9999 -9999 -9999 -9999 -9999 -9999 -9999 -9999 -9999 -9999 -9999 -9999 -9999 -9999 -9999 -9999 -9999 -9999 -9999 -9999 -9999 -9999 -9999 -9999 -9999 -9999 -9999 -9999 -9999 -9999 -9999 -9999 -9999 -9999 -9999 -9999 -9999 -9999 -9999 -9999 -9999 -9999 -9999 -9999 -9999 -9999 -9999 -9999 -9999 -9999 -9999 -9999 -9999 -9999 -9999 -9999 -9999 -9999 -9999 -9999
-9999 -9999 -9999 -9999 -9999 -9999 -9999 -9999 -9999 -9999 -9999 -9999 -9999 -9999 -9999 -9999 -9999 -9999 -9999 -9999 -9999 -9999 -9999 -9999 -9999 -9999 -9999 -9999 -9999 -9999 -9999 -9999 -9999 -9999 -9999 -9999 -9999 -9999 -9999 -9999 -9999 -9999 -9999 -9999 -9999 -9999 -9999 -9999 -9999 -9999 -9999 -9999 -9999 -9999 -9999 -9999 -9999 -9999 -9999 -9999 -9999 -9999 -9999 -9999 -9999 -9999 -9999 -9999 -9999 -9999 -9999 -9999 -9999
-9999 -9999 -9999 -9999 -9999 -9999 -9999 -9999 -9999 -9999 -9999 -9999 -9999 -9999 -9999 -9999 -9999 -9999 -9999 -9999 -9999 -9999 -9999 -9999 -9999 -9999 -9999 -9999 -9999 -9999 -9999 -9999 -9999 -9999 -9999 -9999 -9999 -9999 -9999 -9999 -9999 -9999 -9999 -9999 -9999 -9999 -9999 -9999 -9999 -9999 -9999 -9999 -9999 -9999 -9999 -9999 -9999 -9999 -9999 -9999 -9999 -9999 -9999 -9999 -9999 -9999 -9999 -9999 -9999 -9999 -9999 -9999 -9999
-9999 -9999 -9999 -9999 -9999 -9999 -9999 -9999 -9999 -9999 -9999 -9999 -9999 -9999 -9999 -9999 -9999 -9999 -9999 -9999 -9999 -9999 -9999 -9999 -9999 -9999 -9999 -9999 -9999 -9999 -9999 -9999 -9999 -9999 -9999 -9999 -9999 -9999 -9999 -9999 -9999 -9999 -9999 -9999 -9999 -9999 -9999 -9999 -9999 -9999 -9999 -9999 -9999 -9999 -9999 -9999 -9999 -9999 -9999 -9999 -9999 -9999 -9999 -9999 -9999 -9999 -9999 -9999 -9999 -9999 -9999 -9999 -9999
-9999 -9999 -9999 -9999 -9999 -9999 -9999 -9999 -9999 -9999 -9999 -9999 -9999 -9999 -9999 -9999 -9999 -9999 -9999 -9999 -9999 -9999 -9999 -9999 -9999 -9999 -9999 -9999 -9999 -9999 -9999 -9999 -9999 -9999 -9999 -9999 -9999 -9999 -9999 -9999 -9999 0.52372 -9999 -9999 -9999 -9999 -9999 -9999 -9999 -9999 -9999 -9999 -9999 -9999 -9999 -9999 -9999 -9999 -9999 -9999 -9999 -9999 -9999 -9999 -9999 -9999 -9999 -9999 -9999 -9999 -9999 -9999 -9999
0.72755 0.77076 0.67292 0.67023 1.14980 1.19681 1.11585 0.61011 0.46036 0.49312 0.49484 0.57072 0.23149 -9999 -9999 -9999 -9999 -9999 -9999 -9999 -9999 -9999 -9999 -9999 -9999 -9999 -9999 -9999 -9999 -9999 -9999 -9999 -9999 -9999 -9999 -9999 0.68032 0.52635 0.58181 0.28741 0.09080 0.46663 0.01887 -9999 -9999 -9999 0.06444 -9999 -9999 -9999 0.06971 -0.01767 -0.11341 -9999 -9999 -9999 -9999 -9999 -9999 -9999 -9999 -9999 -9999 -9999 -9999 -9999 -9999 -9999 -9999 -9999 -9999 -9999 -9999
0.17973 0.14403 0.15152 0.20429 0.16730 0.31078 0.27365 0.29138 0.40533 0.25570 0.19618 0.20905 0.15538 0.15348 0.07864 0.08282 0.19077 -0.13078 0.05223 -9999 -9999 -9999 -9999 -9999 0.20625 0.25224 0.20020 0.16662 0.15065 0.13814 0.18366 0.18630 0.13061 0.14481 0.26833 0.26152 1.13556 0.82407 0.22012 1.09875 0.08140 1.01833 -0.00503 -0.02748 0.04030 0.05176 0.05118 -0.01513 0.02397 0.06170 0.00284 0.00977 0.08544 0.05629 -0.17138 -0.16927 -0.05711 -0.00234 -9999 -9999 -9999 -9999 -9999 -9999 -9999 -9999 -9999 -9999 -9999 -9999 -9999 -9999 -9999
0.22274 0.34773 0.28242 0.24500 0.21423 0.22133 0.18255 0.18626 0.19743 0.18072 0.17271 0.16221 0.14533 0.09508 0.03643 0.03830 -0.16357 0.13242 0.02708 -0.07903 0.00930 -0.08446 -0.15964 -0.08441 -0.07085 -0.02616 0.04486 -0.00214 -0.03269 -0.02417 -0.07334 -0.09526 -0.10648 -0.09137 -0.04899 -0.05658 0.07570 0.06763 0.08253 0.06359 -0.00612 -0.01939 -0.02636 -0.04944 -0.05133 -0.05288 -0.11749 -0.14447 -0.10017 -0.15035 -0.15288 -0.16288 -0.32254 -0.32406 -0.44264 -0.45064 -0.28090 -0.17284 -0.06824 0.00692 0.02934 0.04492 0.14478 0.11720 0.14229 0.11628 -9999 -9999 -9999 -9999 -9999 -9999 -9999
0.19773 0.17686 0.16232 0.15198 0.13362 0.13126 0.15772 0.17063 0.16363 0.15478 0.16540 0.06063 0.00572 0.02520 0.07162 0.59913 -0.41413 -0.41246 -0.06194 -0.08383 0.13421 0.05486 -0.07359 -0.06341 -0.11401 0.06078 0.19516 0.13070 0.03972 -0.01876 -0.14192 -0.16586 -0.13638 -0.12653 -0.05458 -0.05885 0.11876 0.12268 0.10953 0.08502 0.01237 -0.01843 -0.05359 -0.05620 -0.04161 -0.07007 -0.11059 -0.14568 -0.10647 -0.15235 -0.16527 -0.14296 -0.25524 -0.27739 -0.41475 -0.42990 -0.22729 -0.19233 -0.09226 -0.06321 -0.00468 -0.01225 0.04412 0.03366 0.06469 0.08113 -9999 0.14318 -9999 -9999 -9999 -9999 -9999
-0.17804 -0.15951 -0.22089 -0.12130 -0.22800 -0.28451 -0.33036 -0.21056 0.16428 -0.25219 -0.01254 -0.08759 -0.10065 -0.11559 -0.34311 -0.48033 -0.54362 -0.57596 -0.29615 -0.28601 -0.31528 -0.13145 -0.11136 -0.19810 -0.39040 -0.12983 0.09594 0.00823 -0.18458 -0.26919 -0.28802 -0.26175 -0.19594 -0.19645 -0.26857 -0.20765 -0.21145 -0.22403 -0.19780 -0.20131 -0.24576 -0.27768 -0.29049 -0.31723 -0.26668 -0.25599 -0.31379 -0.33822 -0.37161 -0.38234 -0.38530 -0.40090 -0.47196 -0.48448 -0.45039 -0.42851 -0.24670 -0.23334 -0.32785 -0.31344 -0.27043 -0.24800 -0.19987 -0.20363 -0.10581 -0.13469 -0.10516 -9999 -9999 -9999 -9999 -9999 -9999
-0.23477 -0.13484 -0.20374 -0.15523 -0.12313 -0.08907 0.00364 0.02500 -0.14114 -0.12999 -0.06846 -0.10047 -0.36301 -0.31671 -0.19622 -0.29448 -0.32223 -0.41192 -0.07175 -0.15074 -0.25340 -0.26891 -0.34044 -0.25769 -0.40414 -0.26417 -0.08234 -0.20536 -0.19256 -0.17999 -0.13724 -0.15909 -0.10816 -0.10721 -0.21594 -0.19631 -0.14378 -0.19570 -0.20518 -0.20199 -0.22557 -0.28285 -0.27154 -0.29440 -0.24009 -0.26431 -0.30326 -0.32283 -0.34448 -0.37361 -0.39682 -0.40126 -0.45606 -0.44137 -0.41112 -0.38466 -0.24801 -0.24541 -0.32030 -0.30753 -0.25982 -0.26752 -0.24003 -0.25316 -0.13592 -0.17037 -0.15249 -0.15371 -9999 -9999 -9999 -9999 -9999
-0.21356 -0.16359 -0.24521 -0.25412 -0.13640 -0.16125 -0.23230 -0.14485 -0.15866 -0.20086 -0.35585 -0.35498 -0.58100 -0.55086 0.13460 0.08307 -0.31308 -0.12912 -0.02962 -0.16551 -0.26444 -0.30670 -0.40009 -0.41491 -0.34546 -0.26500 -0.17205 -0.22850 -0.30539 -0.26488 -0.24030 -0.25428 -0.24280 -0.21949 -0.21155 -0.18305 -0.20848 -0.20991 -0.19681 -0.19953 -0.19986 -0.27125 -0.28531 -0.32006 -0.28097 -0.31971 -0.39373 -0.40223 -0.40922 -0.39976 -0.45611 -0.43221 -0.44937 -0.43391 -0.38896 -0.38414 -0.35709 -0.35612 -0.35265 -0.36169 -0.35378 -0.33288 -0.34139 -0.33749 -0.30919 -0.30879 -0.21417 -0.21909 -0.20737 -0.20497 -0.14418 -0.14470 -9999
0.06035 -0.02968 -0.13442 -0.16838 -0.23124 -0.27500 -0.32784 -0.30187 -0.28662 -0.34718 -0.43060 -0.37863 -0.65218 -0.54652 0.28740 0.13471 0.11767 0.27671 -0.04372 -0.22353 -0.33827 -0.29286 -0.28451 -0.31052 -0.29047 -0.32350 -0.26747 -0.21667 -0.22080 -0.24951 -0.27317 -0.31836 -0.25530 -0.25064 -0.18836 -0.18640 -0.17444 -0.15224 -0.13652 -0.18578 -0.19728 -0.22709 -0.24039 -0.25188 -0.29835 -0.32314 -0.37510 -0.34215 -0.28574 -0.28570 -0.31063 -0.35426 -0.37002 -0.39643 -0.43873 -0.36282 -0.34044 -0.33375 -0.32266 -0.30889 -0.22302 -0.20553 -0.25877 -0.30817 -0.28707 -0.27596 -0.15739 -0.16710 -0.15583 -0.15641 -0.09741 -0.11870 -0.08227
-0.59054 -0.64797 -0.65602 -0.87834 -0.67918 0.02723 0.05479 0.10090 -0.39565 -0.47701 -0.67038 -0.44557 -0.31763 -0.38166 0.40569 0.12431 0.11820 0.34182 0.29614 0.14711 -0.17187 -0.13978 -0.27617 -0.28771 -0.18676 -0.18244 -0.19811 -0.26164 -0.08830 -0.17873 -0.14649 -0.11667 -0.09614 -0.09949 -0.03441 0.01592 0.02743 0.10637 0.04040 0.00277 -0.18317 -0.24180 -0.33010 -0.31814 -0.31100 -0.32836 -0.22716 -0.20061 -0.20557 -0.21978 -0.18261 -0.19842 -0.24438 -0.08639 -0.13717 -0.33798 -0.28476 -0.30482 -0.29485 -0.27909 -0.23532 -0.25644 -0.33666 -0.34619 -0.34771 -0.34872 -0.33976 -0.33858 -0.31960 -0.34009 -0.30740 -0.30137 -0.25225
-0.61274 -0.78721 -0.85347 -0.44580 -0.40443 -0.47113 0.00881 -0.28303 -0.24143 -0.07784 -0.50998 -0.56174 -0.38852 -0.35650 0.27634 0.12055 0.36430 0.37525 0.09613 0.28672 -0.05044 -0.06186 -0.21643 -0.30027 -0.33040 -0.35316 -0.34501 -0.29834 -0.24420 -0.19905 -0.06275 -0.15414 -0.19006 -0.16660 -0.13088 -0.14063 -0.17526 -0.12553 -0.16377 -0.14434 -0.25859 -0.22138 -0.25334 -0.26144 -0.24588 -0.21575 -0.23368 -0.24249 -0.20966 -0.20944 -0.24451 -0.36574 -0.15919 -0.03907 -0.17574 -0.18505 -0.24615 -0.19604 -0.18403 -0.16900 -0.16090 -0.20033 -0.27615 -0.31223 -0.31212 -0.32629 -0.33094 -0.33920 -0.29842 -0.31320 -0.27446 -0.28527 -0.22906
-0.03858 -0.12021 -0.29445 -0.48418 -0.00377 -0.00053 0.08003 0.06534 0.11615 0.10949 0.20431 0.20363 0.13163 -0.22190 -0.14183 0.13373 0.13152 0.12819 0.09880 0.51560 0.08825 0.17341 0.03684 -0.07827 0.06620 0.02842 -0.00886 0.02351 0.16999 0.09697 0.28111 0.28103 0.13909 0.04236 0.10857 0.07227 -0.00033 0.02872 -0.04581 -0.07929 -0.33965 -0.30470 -0.26465 -0.15592 -0.08772 -0.06044 -0.10708 -0.21650 -0.28131 -0.28382 -0.24112 -0.15958 -0.15286 -0.16132 -0.21413 -0.20127 -0.25288 -0.29085 -0.20133 -0.20717 -0.23225 -0.27005 -0.25674 -0.30488 -0.32062 -0.35826 -0.37000 -0.38744 -0.37745 -0.38090 -0.35538 -0.35659 -0.32643
-0.55483 -0.61615 -0.42836 -0.41926 0.17607 0.08846 -0.40582 -0.01420 0.00964 0.11098 0.17113 0.15348 0.76714 0.36993 0.52545 0.18692 0.50075 0.76160 0.64376 0.43047 0.47527 0.54176 0.10746 -0.06982 -0.10136 -0.16065 0.00749 0.01026 0.24198 0.19096 0.23694 0.17629 0.06820 -0.10446 0.07078 0.00681 -0.03998 -0.06082 -0.04603 -0.08011 -0.37335 -0.37590 -0.45299 -0.32293 -0.23476 -0.13320 -0.11508 -0.09788 -0.26416 -0.18825 -0.20948 -0.20267 -0.17191 -0.14493 -0.20746 -0.20272 -0.25714 -0.28297 -0.28761 -0.24931 -0.21544 -0.20741 -0.23951 -0.21605 -0.25027 -0.26968 -0.33719 -0.35536 -0.35518 -0.37180 -0.35818 -0.36413 -0.31962
-0.95148 -0.80714 -0.15502 -0.64861 -0.48086 -0.61062 0.04097 0.26810 0.18424 0.16255 0.22905 0.32581 0.32698 1.03700 0.12430 0.70781 0.66176 0.50579 0.36031 0.33501 0.18276 0.19400 0.07677 0.01127 -0.09185 -0.13874 -0.06496 0.03138 0.28001 0.17759 0.42737 0.23612 0.12216 -0.06059 0.05430 0.02779 0.11773 0.06681 0.01233 -0.01480 -0.26197 -0.27571 -0.30787 -0.28155 -0.08582 0.04283 -0.05486 0.01912 -0.15814 -0.20174 -0.19658 -0.20328 -0.24610 -0.19644 -0.24876 -0.18672 -0.24140 -0.27527 -0.30435 -0.32754 -0.32989 -0.28478 -0.30728 -0.31279 -0.29692 -0.30832 -0.32712 -0.37830 -0.39377 -0.39604 -0.40806 -0.41480 -0.41007
-0.81240 -0.82834 -0.74218 -0.83090 -0.55746 -0.37258 -0.38311 -0.32546 -0.28206 0.19793 0.37726 0.51826 0.02152 0.14294 0.12985 0.23037 0.52626 0.42289 0.56964 0.48494 0.35179 0.18983 0.18248 0.06706 -0.05545 0.16474 0.35257 0.22855 0.36506 0.33286 0.54057 0.37077 0.35791 0.10606 0.14209 -0.01645 0.12098 0.09858 0.02767 -0.00296 -0.31683 -0.30607 -0.34844 -0.30751 -0.22363 -0.12914 -0.06810 0.01537 -0.12328 -0.14110 -0.25116 -0.20374 -0.18626 -0.23634 -0.23895 -0.18977 -0.23786 -0.29323 -0.36097 -0.36418 -0.36069 -0.30898 -0.28699 -0.30027 -0.27636 -0.31899 -0.36252 -0.34614 -0.34400 -0.37977 -0.37539 -0.39413 -0.40627
-0.03756 0.20771 0.35146 0.29922 0.77129 0.66576 0.80701 0.78878 0.42176 0.37133 0.45140 0.95252 0.19993 0.39462 0.46945 0.56810 0.63640 0.86361 0.99215 0.92368 0.54095 0.40905 0.41614 0.25045 0.19291 0.27185 0.34603 0.50866 0.51384 0.44338 0.44290 0.44035 0.40280 0.29276 0.51999 0.29014 0.24381 0.23259 0.03867 0.01620 -0.32200 -0.32032 -0.29998 -0.35303 -0.22944 -0.17223 -0.18886 -0.00269 -0.18452 -0.11456 -0.23891 -0.24230 -0.28703 -0.29639 -0.32479 -0.33576 -0.33785 -0.32237 -0.35684 -0.33938 -0.39580 -0.36408 -0.36963 -0.37063 -0.32288 -0.34527 -0.39446 -0.35712 -0.37397 -0.36121 -0.36520 -0.36234 -0.36987
-0.09516 0.17010 0.57590 0.55785 1.10789 1.11871 0.56911 0.22617 0.04266 0.16612 0.00242 0.26005 0.04186 0.24514 0.39617 0.44200 0.67204 0.83366 0.53503 0.48747 0.24365 0.53192 0.49407 0.33403 0.25773 0.32563 0.17819 0.39680 0.47603 0.23249 0.36187 0.33804 0.33736 0.31768 0.51372 0.45357 0.39502 0.25988 0.06950 -0.03278 -0.30935 -0.33667 -0.36460 -0.36338 -0.23627 -0.20139 -0.32635 -0.02281 -0.17426 -0.08103 -0.19457 -0.18175 -0.26662 -0.25816 -0.29220 -0.33000 -0.34692 -0.32673 -0.32818 -0.25320 -0.33780 -0.34216 -0.35441 -0.37975 -0.35661 -0.37564 -0.36401 -0.40503 -0.33015 -0.31456 -0.32357 -0.33379 -0.30150
1.40212 1.31740 1.68533 1.90956 1.92322 1.69741 1.83091 1.83460 1.32324 1.35613 1.10316 1.12506 0.71199 0.86954 0.61324 0.74209 0.64249 0.51900 0.36171 0.49952 0.18347 0.20274 -0.01699 0.18140 0.17704 0.30181 0.30049 0.20975 0.03499 -0.16912 -0.04208 0.03652 0.26842 0.04620 0.14895 0.06056 0.27071 -0.00272 -0.23972 -0.26513 -0.52659 -0.34736 -0.34563 -0.30640 -0.38271 -0.41473 -0.61679 -0.38927 -0.18311 -0.28200 -0.31138 -0.23665 -0.25589 -0.24957 -0.31239 -0.34887 -0.37054 -0.39319 -0.37068 -0.34628 -0.31315 -0.28048 -0.27403 -0.30818 -0.30737 -0.40052 -0.37111 -0.48505 -0.40370 -0.39360 -0.38918 -0.35143 -0.34870
-9999 1.43380 1.72093 1.77035 1.67029 1.78030 2.00475 1.88050 1.72117 1.72527 1.53921 1.35399 0.38131 0.43603 0.07857 0.21543 -0.06600 0.27427 0.23812 0.15577 -0.10794 -0.02456 -0.23156 -0.19670 -0.25342 -0.12642 0.22454 0.04291 -0.18351 -0.05796 -0.01442 0.04756 -0.02820 -0.09792 -0.06663 -0.01556 0.26763 0.36369 -0.02323 0.10708 -0.25790 -0.23379 -0.18869 -0.05188 -0.23785 -0.25495 -0.53975 -0.45853 -0.20420 -0.24462 -0.28453 -0.24837 -0.31960 -0.30831 -0.37307 -0.36694 -0.35871 -0.37903 -0.34719 -0.33668 -0.27980 -0.23517 -0.32209 -0.35521 -0.31277 -0.49590 -0.49098 -0.47728 -0.17597 -0.31753 -0.30009 -0.32103 -0.34170
