data/hydroclimate-scenarios/BCSD_hadcm_A1B/monthly_summaries/et_monthly_tot_jan.2070-2099.asc
ncols	311
nrows	91
xllcenter	102.75
yllcenter	31.75
cellsize	0.5
NODATA_value	-9999
[rows 32 to 63 of 91, columns 0 to 72 of 311]
-9999 -9999 -9999 -9999 -9999 -9999 -9999 -9999 -9999 -9999 -9999 0.66320 0.60576 0.57624 0.59168 0.53227 0.40702 0.37861 0.45690 0.36826 0.36633 0.30498 0.28649 0.30302 0.32034 0.30465 0.32554 0.44952 0.47995 0.53382 0.52853 0.44923 0.43676 0.36818 0.32053 0.22571 0.20676 0.15120 0.13793 0.07831 0.05502 0.02993 0.03929 0.00472 -0.00687 -0.00083 -0.00511 0.03102 0.04809 0.06319 0.07419 0.08911 0.09545 0.10866 0.11420 0.10893 0.11295 0.08776 0.07444 0.05871 0.05482 0.02703 0.01888 0.00543 -0.00037 0.00183 -0.00011 0.02615 -0.00581 -0.02526 -0.03662 -0.01682 -0.03325
-9999 -9999 -9999 -9999 -9999 -9999 -9999 -9999 -9999 -9999 -9999 0.73729 0.69611 0.65254 0.58916 0.52027 0.48222 0.48543 0.43074 0.42021 0.39756 0.32370 0.27329 0.32419 0.30922 0.30385 0.33733 0.48752 0.50825 0.54616 0.42082 0.50785 0.49353 0.44229 0.37641 0.19936 0.24198 0.19800 0.19108 0.13901 0.08963 0.07776 0.05283 0.01590 0.01323 -0.02320 -0.01604 0.01887 0.02930 0.02127 0.02838 0.06394 0.07546 0.07878 0.08476 0.11005 0.10784 0.08756 0.09509 0.07735 0.07314 0.03231 -0.00058 0.04023 0.04024 0.01864 -0.01377 -0.01720 -0.04748 -0.05533 -0.09160 -0.04572 -0.07213
-9999 -9999 -9999 -9999 -9999 -9999 -9999 -9999 -9999 -9999 -9999 -9999 0.95711 1.01979 0.92419 0.91913 0.90280 0.83419 0.81925 0.68176 0.68970 0.56074 0.49424 0.43574 0.42059 0.35868 0.37717 0.32494 0.41308 0.45227 0.48150 0.54909 0.52709 0.50284 0.44913 0.31937 0.28983 0.23976 0.16599 0.08896 0.05593 0.01955 -0.02132 -0.11963 -0.12669 -0.11120 -0.11573 0.03366 0.05576 0.05204 0.02730 0.08225 0.10853 0.08227 0.04615 -0.00151 0.01388 0.04777 0.07251 0.11744 0.08927 0.09199 0.09376 0.14090 0.12075 0.13589 0.12253 0.14555 0.11074 0.18829 0.16460 0.33856 0.36169
-9999 -9999 -9999 -9999 -9999 -9999 -9999 -9999 -9999 -9999 -9999 -9999 0.94235 1.03184 0.98482 0.94843 0.93137 0.88369 0.81518 0.70280 0.66413 0.49157 0.41302 0.24701 0.18274 0.21484 0.23136 0.30900 0.33897 0.45797 0.52059 0.60043 0.62350 0.59898 0.58813 0.43000 0.32976 0.29454 0.24420 0.19881 0.10139 0.07504 0.00364 -0.08459 -0.12916 -0.13395 -0.11278 0.05637 0.03390 0.08174 0.07143 0.05124 0.05842 0.02997 0.03589 -0.00432 0.00975 0.03092 0.10224 0.19109 0.14506 0.17335 0.14399 0.16416 0.15491 0.15262 0.13314 0.15023 0.12252 0.21613 0.20915 0.38778 0.38974
-9999 -9999 -9999 -9999 -9999 -9999 -9999 -9999 -9999 -9999 -9999 -9999 1.00692 1.07984 1.04450 1.09937 0.98556 0.91092 0.82661 0.70684 0.66867 0.50257 0.38686 0.22894 0.25656 0.24452 0.34999 0.42571 0.44901 0.50817 0.57761 0.62978 0.66705 0.68260 0.64437 0.50631 0.45500 0.42977 0.33990 0.23734 0.22360 0.12367 0.04515 0.00562 -0.03750 -0.07529 -0.07662 0.08380 0.13337 0.06154 0.03445 0.12041 0.04204 0.06130 0.13378 0.12586 0.09416 0.15730 0.17743 0.28143 0.23804 0.30044 0.28139 0.33604 0.31141 0.43462 0.42427 0.56928 0.57193 0.74484 0.78260 1.14184 1.17229
-9999 -9999 -9999 0.76221 0.81642 0.81548 0.75708 0.90174 0.88765 -9999 1.04741 1.15725 1.10878 1.12257 1.08209 1.09399 1.04879 0.94646 0.90930 0.74766 0.66394 0.50277 0.40598 0.33595 0.33341 0.36883 0.46141 0.38076 0.44110 0.30608 0.56829 0.71725 0.53118 0.44171 0.51397 0.45066 0.46211 0.45059 0.43465 0.32078 0.25943 0.17398 0.10533 0.01202 -0.04572 -0.17666 -0.13344 -0.07388 -0.05657 0.02512 0.05561 0.10919 0.06864 0.06380 0.07764 0.02505 0.04526 0.10055 0.15065 0.21684 0.25817 0.32463 0.30515 0.40689 0.35508 0.49649 0.47247 0.60996 0.58893 0.77996 0.79683 1.20633 1.18675
-9999 -9999 -9999 0.70926 0.71254 0.78594 0.69823 0.79013 0.71917 0.81304 0.89575 0.98575 1.02378 0.97910 0.96704 0.92536 0.93056 0.93279 0.88793 0.77979 0.68535 0.58737 0.53544 0.51972 0.54398 0.50381 0.51958 0.36225 0.36839 0.27857 0.44947 0.49453 0.53660 0.48064 0.40633 0.45014 0.29599 0.29892 0.36816 0.26757 0.13247 0.07240 0.15901 0.06082 -0.07031 -0.13353 -0.11801 -0.16439 -0.06326 -0.05623 -0.03941 -0.03348 -0.01711 0.03058 0.02956 0.06264 0.04655 0.09894 0.11994 0.26053 0.27191 0.49061 0.47029 0.71704 0.73421 1.11201 1.10215 1.37115 1.36638 1.83638 1.73479 2.29069 2.15615
-9999 -9999 -9999 0.72379 0.78368 0.75917 0.75063 0.81557 0.80867 0.92664 0.93329 1.04411 0.92611 0.72836 0.57215 0.76065 0.93666 0.87301 0.85959 0.80106 0.69874 0.59748 0.58686 0.52253 0.47414 0.54770 0.54790 0.53115 0.45287 0.36880 0.35466 0.46571 0.57032 0.56590 0.49289 0.40609 0.40633 0.38186 0.32017 0.12321 0.04261 0.07172 0.15768 0.11767 -0.02489 -0.11793 -0.08225 -0.04917 -0.06367 -0.04583 -0.02314 -0.02306 -0.00041 0.01938 0.03953 0.06013 0.05527 0.18108 0.16448 0.29775 0.30401 0.52112 0.52088 0.79417 0.84499 1.15639 1.19485 1.56088 1.50498 1.91536 1.95914 2.63803 2.56301
-9999 -9999 -9999 0.57818 0.55818 0.52428 0.46754 0.56757 0.48106 0.53651 0.62700 0.67894 0.29868 0.45906 0.32178 0.37857 0.44950 0.44217 0.48122 0.50553 0.30655 0.29975 0.27328 0.35286 0.50981 0.54668 0.49634 0.40136 0.33577 0.40821 0.53045 0.80216 0.62501 0.47567 0.48968 0.71000 0.74766 0.64777 0.58241 0.43728 0.22820 0.17303 0.16532 0.17167 0.08095 0.09630 0.11222 0.01550 0.01386 -0.00341 0.03135 0.07387 0.07625 0.05672 0.08199 0.13226 0.11928 0.20120 0.21572 0.37560 0.32927 0.67484 0.66340 0.98530 0.99151 1.41516 1.45370 1.97604 2.14064 2.74712 2.93666 3.73110 -9999
-9999 -9999 -9999 0.53917 0.57867 0.53710 0.53106 0.58428 0.52899 0.62018 0.63724 0.54655 0.30511 0.29881 0.24876 0.29750 0.26013 0.33356 0.57182 0.78924 0.56914 0.39383 0.43947 0.68589 0.66734 0.76017 0.86071 0.71868 0.61202 0.63655 0.65041 0.73825 0.66765 0.61363 0.60585 0.59478 0.62372 0.71563 0.74046 0.67249 0.51766 0.39958 0.21738 0.13192 0.21812 0.19132 0.17526 0.09396 0.11172 0.09936 0.11049 0.13366 0.16405 0.10237 0.11232 0.18281 0.19276 0.28443 0.27060 0.40716 0.41938 0.73647 0.73970 1.06203 1.10032 1.69552 1.74601 2.21810 2.35552 3.40423 3.38242 -9999 -9999
-9999 -9999 -9999 -9999 0.41106 0.35023 0.35059 0.32236 0.25089 0.27960 0.30418 0.28764 -0.00722 0.18278 -9999 -9999 -9999 -9999 -9999 0.39237 0.31307 0.44099 0.47637 0.47397 0.48297 0.71470 0.94195 0.81013 0.84631 0.93236 0.86948 0.84478 0.78078 0.81973 1.03716 0.91351 0.88556 0.88222 0.91352 0.90789 0.77026 0.72625 0.69108 0.55680 0.51427 0.47108 0.37578 0.38385 0.41975 0.40468 0.38198 0.38635 0.37744 0.34770 0.34292 0.34976 0.35300 0.42076 0.43648 0.49177 0.45474 0.66048 0.65379 1.05844 1.12330 1.58983 1.75514 2.63800 2.82049 -9999 -9999 -9999 -9999
-9999 -9999 0.59799 0.44065 0.43940 0.38254 0.34472 0.34048 0.30030 0.30269 0.31283 0.27449 0.05895 -9999 -9999 -9999 -9999 -9999 0.20933 0.45763 0.57676 0.96349 0.89012 0.83710 0.78148 0.90975 1.19521 1.23915 1.28969 1.26006 1.27088 1.32720 1.25902 1.33359 1.37032 1.34560 1.22851 1.01948 1.00152 1.00449 0.92515 1.00451 0.96082 0.77357 0.68971 0.62129 0.54925 0.53769 0.56208 0.56903 0.52927 0.58879 0.62320 0.60108 0.53514 0.57503 0.48900 0.51334 0.49282 0.56150 0.52279 0.76350 0.77431 1.12419 1.20998 1.82011 2.09702 -9999 -9999 -9999 -9999 -9999 -9999
-9999 -9999 0.66281 0.38180 0.38628 0.29695 0.27120 0.23604 0.20692 0.17963 0.16366 0.16507 0.09366 -9999 -9999 -9999 -9999 0.38172 0.24725 0.63220 0.77586 1.14215 1.22509 1.39796 1.49454 1.49062 1.44961 1.39906 1.56993 1.59240 1.46378 1.35286 1.38334 1.54474 1.43832 1.38757 1.37034 1.27435 1.15784 1.26370 1.39910 1.36668 1.33258 1.24358 1.13934 1.02008 1.03366 0.88891 0.93250 0.85174 0.83549 0.82282 0.78944 0.74522 0.67953 0.64085 0.67295 0.59752 0.52942 0.59790 0.58805 0.74046 0.76686 1.08546 1.16668 -9999 -9999 -9999 -9999 -9999 3.56441 -9999 -9999
-9999 -9999 0.65757 0.39366 0.38433 0.28764 0.23246 0.18406 0.19712 0.17939 0.14044 0.04622 0.11424 -9999 -9999 -9999 -9999 0.38071 0.39824 0.94894 1.20902 1.74776 1.83178 1.85225 1.80284 1.78244 1.51883 1.66918 1.71351 1.68850 1.59986 1.52238 1.52116 1.56882 1.65030 1.66420 1.57944 1.58991 1.40267 1.56820 1.58693 1.63424 1.71873 1.58772 1.44838 1.18731 1.14868 1.10050 1.08689 1.06997 1.05815 0.92825 0.81388 0.75427 0.85398 0.78099 0.69519 0.79592 0.78558 0.80889 0.81266 1.07120 1.02101 1.21255 1.17482 1.59396 2.04011 2.36879 2.70134 -9999 -9999 -9999 5.03584
-9999 -9999 -9999 0.51529 0.50663 0.29684 0.22743 0.05455 0.19646 0.15491 0.06827 -0.06386 -9999 -9999 -9999 -9999 0.28707 0.44324 0.80553 1.16790 1.66492 2.02996 1.98458 2.13837 2.08921 1.98824 1.92584 1.68032 1.66927 1.57185 1.60874 1.65972 1.68033 1.79495 1.89417 1.89675 1.82958 1.88383 1.73792 1.85282 1.90768 1.95440 2.05736 2.07326 1.89312 1.64033 1.52259 1.37989 1.31628 1.14868 0.99729 0.96693 0.93961 0.84242 0.82934 0.77920 0.73522 0.69477 0.66523 0.71589 0.64240 0.66626 0.58081 0.63357 0.52451 1.08170 1.38148 1.88790 2.07667 2.27330 -9999 -9999 3.11932
-9999 -9999 -9999 -9999 0.37381 0.11499 0.13326 0.19864 0.18493 0.05894 0.14783 -9999 -9999 -9999 -9999 0.34513 0.31957 0.70462 1.07506 1.38959 1.71039 2.20776 2.16537 2.10667 2.09490 2.16743 2.06063 1.85562 1.78838 1.70041 1.67428 1.83980 1.87142 2.00584 2.00687 2.05635 1.99533 1.97133 1.86899 1.92519 1.95726 2.04660 2.18577 2.22592 2.15773 1.85543 1.67047 1.54671 1.50432 1.29764 1.22020 1.00289 1.01322 0.94118 0.92123 0.82100 0.87708 0.80321 0.73351 0.68743 0.63841 0.67225 0.58359 0.78224 0.70349 1.15119 1.45369 2.07031 2.07711 2.59748 2.69111 3.25563 3.08779
-9999 -9999 -9999 -9999 -9999 -9999 0.35245 0.22492 0.04695 0.43536 0.21971 -9999 -9999 -9999 -9999 -9999 0.50092 1.06300 1.18591 2.03503 2.02073 2.33640 2.23259 2.43150 2.38752 2.36658 2.33934 2.07891 2.04466 1.94402 1.93600 1.92792 1.96944 1.94707 2.03438 2.14101 2.08642 2.06379 2.01803 2.19258 2.24108 2.15061 2.10028 2.35250 2.28486 2.23980 2.09737 1.74216 1.62893 1.39824 1.26049 0.98345 0.86631 0.98711 0.93704 0.79869 0.74166 0.72663 0.60293 0.49757 0.29388 0.33090 0.34547 0.50288 0.45399 0.69883 0.93059 1.61089 1.62387 1.91009 1.90294 2.31869 2.15324
-9999 -9999 -9999 -9999 -9999 -9999 -9999 -9999 -9999 -9999 -9999 -9999 -9999 -9999 -9999 -9999 -9999 -9999 -9999 2.00263 2.20121 2.45749 2.36442 2.58392 2.51578 2.55268 2.30717 1.95068 1.71634 1.68929 1.89096 1.97334 1.98207 2.03082 2.08012 2.22306 2.25620 2.29881 2.28230 2.36940 2.41240 2.30079 2.34854 2.50741 2.41867 2.36392 2.30099 1.98112 1.79566 1.53328 1.39369 1.16526 1.11432 1.10313 1.17901 1.00584 0.96291 0.61851 0.56933 0.48814 0.39301 0.41833 0.40203 0.56819 0.55390 0.97771 1.20888 1.83322 1.82015 1.99158 1.95963 2.39835 2.26547
-9999 -9999 -9999 -9999 -9999 -9999 -9999 -9999 -9999 -9999 -9999 -9999 -9999 -9999 -9999 -9999 -9999 -9999 2.19466 2.55940 2.74096 3.08351 3.02081 3.06925 3.04557 3.06930 3.08183 2.45909 2.35827 2.14065 2.11090 2.08222 2.08641 2.19267 2.19432 2.27100 2.30845 2.43032 2.36600 2.49324 2.47513 2.65952 2.68608 2.59140 2.55145 2.50012 2.47410 2.13755 2.00297 1.76269 1.64263 1.15197 1.06425 0.82206 0.94101 1.04591 0.90586 0.48496 0.37948 0.29264 0.30798 0.42698 0.36316 0.42740 0.44570 0.86918 0.94292 1.17271 1.26661 1.80882 1.73314 1.78250 1.89402
-9999 -9999 -9999 -9999 -9999 -9999 -9999 -9999 -9999 -9999 -9999 -9999 -9999 -9999 -9999 -9999 -9999 2.21980 2.30777 2.91211 2.86133 3.15711 3.23699 3.43472 3.60607 3.67346 3.44898 2.61001 2.47217 2.26474 2.22929 2.14345 2.16686 2.07745 2.17922 2.34021 2.30468 2.44730 2.52543 2.58893 2.58414 2.78454 2.86497 2.86355 2.78905 2.75286 2.58406 2.32265 2.19846 1.73693 1.58844 0.94784 0.85413 0.80863 0.91209 1.11228 0.90618 0.60705 0.57698 0.53444 0.48148 0.58903 0.37013 0.50429 0.78190 1.04576 1.02707 1.14082 1.14694 1.88513 1.71199 1.94736 1.98931
-9999 -9999 -9999 -9999 -9999 -9999 -9999 -9999 -9999 -9999 -9999 -9999 -9999 -9999 -9999 -9999 -9999 2.84157 2.96696 2.75649 2.80138 3.09670 3.33988 4.56412 4.92464 4.62908 4.36126 3.82631 3.44310 2.84829 2.76890 2.41651 2.40815 2.08189 2.32924 2.36103 2.43735 2.55399 2.42950 2.68607 2.82809 2.99509 3.09791 3.42542 3.53443 3.35470 3.18376 2.51979 2.40142 1.93853 1.72634 1.13211 1.09826 0.84870 1.05067 1.09437 0.96228 0.81392 0.70045 0.53080 0.54845 0.64858 0.50740 0.46941 0.41229 0.62071 0.87304 1.07421 1.05837 1.67923 1.48833 1.77717 1.65410
-9999 -9999 -9999 -9999 -9999 -9999 -9999 -9999 -9999 -9999 -9999 -9999 -9999 -9999 -9999 -9999 2.37477 2.71343 2.92837 2.70346 3.15926 4.08243 4.28298 4.81332 4.98548 4.47971 4.55892 4.30738 3.87619 3.14535 3.06429 2.56876 2.45548 2.16006 2.26497 2.33728 2.39150 2.69218 2.68702 2.95025 3.15321 3.20225 3.16381 3.71647 3.58887 3.41432 3.24845 2.75056 2.70395 1.95035 1.83758 1.32675 1.26919 0.94218 0.98908 1.12169 1.05235 1.03424 0.90413 0.52806 0.45491 0.63761 0.61019 0.50755 0.57381 0.77337 0.69882 1.02893 1.02529 1.63081 1.44827 1.90147 1.81477
-9999 -9999 -9999 -9999 -9999 -9999 -9999 -9999 -9999 -9999 -9999 -9999 -9999 2.17918 2.30001 2.74289 2.85743 2.27363 2.25225 3.21971 3.30259 3.05156 3.85257 5.88835 5.61547 5.47309 5.28354 4.54420 4.45146 3.87356 3.81326 3.48607 3.17195 3.06265 3.15950 3.15743 3.19452 3.67798 3.43546 3.56528 3.70666 4.04028 4.18368 4.58483 4.61420 3.68345 3.51389 3.32284 3.31068 2.77344 2.57657 1.82519 1.67831 1.16966 1.07541 1.43340 1.27585 1.18382 1.09468 0.79721 0.70972 1.00391 0.74172 0.73546 0.73026 0.77522 0.61327 0.92678 1.09567 1.99058 1.81321 2.20171 2.16229
-9999 -9999 -9999 -9999 -9999 -9999 -9999 -9999 -9999 -9999 -9999 -9999 2.52244 2.57085 2.41602 2.96876 2.78467 2.56016 1.95213 4.14720 3.22122 3.34328 5.24045 5.78712 5.64861 5.77766 5.56685 4.78686 4.69558 4.13025 4.11680 3.69439 3.58239 3.51451 3.54550 3.51504 3.66912 3.88529 3.65012 3.98655 4.12380 4.40073 4.64575 5.00674 4.90560 3.77729 3.93980 3.56494 3.63084 3.26224 3.07854 2.46095 2.22589 1.80224 1.33398 1.09883 1.61178 1.50809 1.26914 1.03044 0.97897 1.14201 1.03158 0.74670 0.60687 0.70049 0.63937 0.96754 1.44991 2.00506 1.72794 2.24998 2.27811
-9999 -9999 -9999 -9999 -9999 -9999 -9999 -9999 -9999 -9999 -9999 2.50350 2.68957 2.66597 2.82864 3.48812 3.68863 3.74944 3.72518 3.75204 3.47968 5.25149 5.14210 5.80694 5.67032 5.57023 5.47072 5.77041 6.06748 5.45403 5.30166 4.80489 4.70767 4.64143 4.64904 4.40588 4.00082 3.87556 3.93470 4.22014 4.43091 4.22370 4.75848 4.75451 4.69670 4.42013 4.23820 3.64196 3.70120 3.14346 3.14444 2.86008 2.65891 2.60524 2.47151 1.98710 2.10301 2.11227 1.88313 1.54832 1.55352 0.99132 0.90712 0.78523 0.66986 0.75084 0.71999 1.88353 1.99238 2.53247 2.39605 3.03977 3.32374
-9999 -9999 -9999 -9999 -9999 -9999 -9999 -9999 -9999 -9999 2.59752 2.98828 3.11105 3.47697 3.32699 3.62753 3.78780 4.02666 4.01713 3.92926 3.97346 5.01275 5.40025 5.57702 5.46498 6.04297 5.82515 6.72188 6.54601 5.81827 5.65860 5.14665 5.29367 5.10907 4.54534 4.42039 3.95452 3.86041 3.77537 4.26929 4.55519 4.42749 4.76014 4.50949 4.31603 4.14841 4.07786 3.60543 3.67884 3.07649 3.18694 2.90180 3.23874 3.01558 2.96791 2.56504 2.53339 2.43742 1.73040 1.39298 1.44203 1.16211 1.05505 0.93624 0.83376 0.80081 0.87695 2.15995 1.96067 2.40941 2.32867 3.43668 3.25371
-9999 -9999 -9999 -9999 -9999 -9999 -9999 -9999 -9999 3.36818 3.70647 4.08859 4.04497 3.96806 4.23927 4.22172 4.34306 4.41215 4.01605 3.97739 4.06098 4.12503 4.20392 5.91963 6.07076 6.02624 6.21240 5.97675 5.95795 5.71578 6.78020 6.02583 6.26470 5.99484 5.57788 4.80037 4.10478 4.09954 4.44406 4.73308 5.23672 4.50504 4.73501 5.44808 5.22300 4.47051 4.25720 3.67142 3.56883 3.51581 3.75094 3.58167 3.52039 3.48243 3.42442 3.85957 3.59900 3.04164 2.87230 2.95707 2.82622 2.35225 2.10821 2.04584 2.05151 2.55948 2.74907 3.06347 2.50607 3.06968 3.29185 4.57179 4.88291
-9999 -9999 -9999 -9999 -9999 -9999 -9999 -9999 -9999 -9999 3.87255 3.55327 2.93285 4.38268 4.52853 4.34576 4.57129 4.25662 4.21195 4.21572 4.11631 4.27755 4.37533 -9999 -9999 -9999 -9999 -9999 -9999 5.77471 6.18634 6.16499 6.35816 6.25296 5.66369 4.88139 4.31073 4.45119 3.32728 5.17630 5.63863 4.77492 4.84691 5.55606 5.45210 4.71506 4.63911 3.67300 3.66797 3.76767 3.93544 3.75507 3.73131 3.43471 3.60842 4.03566 3.89976 3.45079 3.30368 3.23197 3.10179 2.53988 2.43707 2.31418 2.31541 3.21605 2.92576 2.89145 2.33254 3.25851 3.37046 4.78164 5.69471
-9999 -9999 -9999 -9999 -9999 -9999 -9999 -9999 -9999 -9999 -9999 -9999 2.38622 1.26011 3.74194 5.38078 4.55501 5.58940 5.43324 -9999 -9999 -9999 -9999 -9999 -9999 -9999 -9999 -9999 -9999 -9999 -9999 -9999 -9999 6.01102 5.57782 5.58705 5.50541 5.41611 5.84929 5.40378 5.67180 5.47277 4.35016 4.55866 4.56798 5.56836 5.52647 4.23882 4.06283 3.94311 4.09326 4.02039 4.02493 4.04481 4.60458 5.02577 4.96124 4.84404 4.70025 4.34510 4.23974 3.84280 3.70585 3.50527 3.50913 3.82072 3.42693 3.89064 3.48919 5.06247 5.25820 6.40614 -9999
-9999 -9999 -9999 -9999 -9999 -9999 -9999 -9999 -9999 -9999 -9999 -9999 -9999 -9999 -9999 -9999 -9999 -9999 -9999 -9999 -9999 -9999 -9999 -9999 -9999 -9999 -9999 -9999 -9999 -9999 -9999 -9999 -9999 -9999 5.43311 4.15024 5.45079 3.50288 3.79705 4.11727 3.87340 3.80870 3.48391 3.89977 4.69643 5.26800 5.69671 4.45599 4.38356 4.36000 4.39957 4.23269 4.18716 4.62989 5.07231 5.55860 5.16021 4.78127 4.92580 4.94140 4.50952 4.01638 3.83386 3.83170 3.80859 4.09541 3.50501 4.09224 4.24195 5.44097 5.35862 -9999 -9999
-9999 -9999 -9999 -9999 -9999 -9999 -9999 -9999 -9999 -9999 -9999 -9999 -9999 -9999 -9999 -9999 -9999 -9999 -9999 -9999 -9999 -9999 -9999 -9999 -9999 -9999 -9999 -9999 -9999 -9999 -9999 -9999 -9999 -9999 3.65350 3.83030 2.97635 3.28412 2.99105 5.19697 5.13114 3.38491 3.38158 3.51058 3.89506 6.30133 6.05545 4.74910 4.92068 4.67166 4.86007 5.88494 6.37590 4.42249 4.78166 5.41860 6.01041 6.15942 6.38386 6.44060 6.37443 6.40549 5.62874 5.54871 4.66636 4.78343 4.70714 5.77760 6.12469 7.62688 -9999 -9999 -9999
-9999 -9999 -9999 -9999 -9999 -9999 -9999 -9999 -9999 -9999 -9999 -9999 -9999 -9999 -9999 -9999 -9999 -9999 -9999 -9999 -9999 -9999 -9999 -9999 -9999 -9999 -9999 -9999 -9999 -9999 -9999 -9999 -9999 -9999 -9999 -9999 -9999 -9999 3.23692 5.42587 5.27296 3.54758 5.05548 5.85860 5.83524 6.04227 6.19866 4.87370 5.06263 4.71625 4.78894 6.30043 5.51058 4.41515 4.56593 5.69112 5.77009 6.51441 6.83962 6.90680 6.28424 6.50575 5.44581 4.79280 4.10355 5.00652 5.16698 6.14744 7.11908 -9999 -9999 -9999 -9999
