data/hydroclimate-scenarios/BCSD_hadcm_A1B/monthly_summaries/et_monthly_tot_mar.2030-2059.asc
ncols	311
nrows	91
xllcenter	102.75
yllcenter	31.75
cellsize	0.5
NODATA_value	-9999
[rows 0 to 31 of 91, columns 73 to 145 of 311]
-9999 -9999 -9999 -9999 -9999 -9999 -9999 -9999 -9999 -9999 -9999 -9999 -9999 -9999 -9999 -9999 -9999 -9999 -9999 -9999 -9999 -9999 -9999 -9999 -9999 -9999 -9999 -9999 -9999 -9999 -9999 -9999 -9999 -9999 -9999 -9999 -9999 -9999 -9999 -9999 -9999 -9999 -9999 -9999 -9999 -9999 -9999 -9999 -9999 -9999 -9999 -9999 -9999 -9999 -9999 -9999 -9999 -9999 -9999 -9999 -9999 -9999 -9999 -9999 -9999 -9999 -9999 -9999 -9999 -9999 -9999 -9999 -9999
-9999 -9999 -9999 -9999 -9999 -9999 -9999 -9999 -9999 -9999 -9999 -9999 -9999 -9999 -9999 -9999 -9999 -9999 -9999 -9999 -9999 -9999 -9999 -9999 -9999 -9999 -9999 -9999 -9999 -9999 -9999 -9999 -9999 -9999 -9999 -9999 -9999 -9999 -9999 -9999 -9999 -9999 -9999 -9999 -9999 -9999 -9999 -9999 -9999 -9999 -9999 -9999 -9999 -9999 -9999 -9999 -9999 -9999 -9999 -9999 -9999 -9999 -9999 -9999 -9999 -9999 -9999 -9999 -9999 -9999 -9999 -9999 -9999
-9999 -9999 -9999 -9999 -9999 -9999 -9999 -9999 -9999 -9999 -9999 -9999 -9999 -9999 -9999 -9999 -9999 -9999 -9999 -9999 -9999 -9999 -9999 -9999 -9999 -9999 -9999 -9999 -9999 -9999 -9999 -9999 -9999 -9999 -9999 -9999 -9999 -9999 -9999 -9999 -9999 -9999 -9999 -9999 -9999 -9999 -9999 -9999 -9999 -9999 -9999 -9999 -9999 -9999 -9999 -9999 -9999 -9999 -9999 -9999 -9999 -9999 -9999 -9999 -9999 -9999 -9999 -9999 -9999 -9999 -9999 -9999 -9999
-9999 -9999 -9999 -9999 -9999 -9999 -9999 -9999 -9999 -9999 -9999 -9999 -9999 -9999 -9999 -9999 -9999 -9999 -9999 -9999 -9999 -9999 -9999 -9999 -9999 -9999 -9999 -9999 -9999 -9999 -9999 -9999 -9999 -9999 -9999 -9999 -9999 -9999 -9999 -9999 -9999 -9999 -9999 -9999 -9999 -9999 -9999 -9999 -9999 -9999 -9999 -9999 -9999 -9999 -9999 -9999 -9999 -9999 -9999 -9999 -9999 -9999 -9999 -9999 -9999 -9999 -9999 -9999 -9999 -9999 -9999 -9999 -9999
-9999 -9999 -9999 -9999 -9999 -9999 -9999 -9999 -9999 -9999 -9999 -9999 -9999 -9999 -9999 -9999 -9999 -9999 -9999 -9999 -9999 -9999 -9999 -9999 -9999 -9999 -9999 -9999 -9999 -9999 -9999 -9999 -9999 -9999 -9999 -9999 -9999 -9999 -9999 -9999 -9999 -9999 -9999 -9999 -9999 -9999 -9999 -9999 -9999 -9999 -9999 -9999 -9999 -9999 -9999 -9999 -9999 -9999 -9999 -9999 -9999 -9999 -9999 -9999 -9999 -9999 -9999 -9999 -9999 -9999 -9999 -9999 -9999
-9999 -9999 -9999 -9999 -9999 -9999 -9999 -9999 -9999 -9999 -9999 -9999 -9999 -9999 -9999 -9999 -9999 -9999 -9999 -9999 -9999 -9999 -9999 -9999 -9999 -9999 -9999 -9999 -9999 -9999 -9999 -9999 -9999 -9999 -9999 -9999 -9999 -9999 -9999 -9999 -9999 -9999 -9999 -9999 -9999 -9999 -9999 -9999 -9999 -9999 -9999 -9999 -9999 -9999 -9999 -9999 -9999 -9999 -9999 -9999 -9999 -9999 -9999 -9999 -9999 -9999 -9999 -9999 -9999 -9999 -9999 -9999 -9999
-9999 -9999 -9999 -9999 -9999 -9999 -9999 -9999 -9999 -9999 -9999 -9999 -9999 -9999 -9999 -9999 -9999 -9999 -9999 -9999 -9999 -9999 -9999 -9999 -9999 -9999 -9999 -9999 -9999 -9999 -9999 -9999 -9999 -9999 -9999 -9999 -9999 -9999 -9999 -9999 -9999 -9999 -9999 -9999 -9999 -9999 -9999 -9999 -9999 -9999 -9999 -9999 -9999 -9999 -9999 -9999 -9999 -9999 -9999 -9999 -9999 -9999 -9999 -9999 -9999 -9999 -9999 -9999 -9999 -9999 -9999 -9999 -9999
-9999 -9999 -9999 -9999 -9999 -9999 -9999 -9999 -9999 -9999 -9999 -9999 -9999 -9999 -9999 -9999 -9999 -9999 -9999 -9999 -9999 -9999 -9999 -9999 -9999 -9999 -9999 -9999 -9999 -9999 -9999 -9999 -9999 -9999 -9999 -9999 -9999 -9999 -9999 -9999 -9999 -9999 -9999 -9999 -9999 -9999 -9999 -9999 -9999 -9999 -9999 -9999 -9999 -9999 -9999 -9999 -9999 -9999 -9999 -9999 -9999 -9999 -9999 -9999 -9999 -9999 -9999 -9999 -9999 -9999 -9999 -9999 -9999
-9999 -9999 -9999 -9999 1.39312 -9999 -9999 -9999 -9999 -9999 -9999 -9999 -9999 -9999 -9999 -9999 -9999 -9999 -9999 -9999 -9999 -9999 -9999 -9999 -9999 -9999 -9999 -9999 -9999 -9999 -9999 -9999 -9999 -9999 -9999 -9999 -9999 -9999 -9999 -9999 -9999 -9999 -9999 -9999 -9999 -9999 -9999 -9999 -9999 -9999 -9999 -9999 -9999 -9999 -9999 -9999 -9999 -9999 -9999 -9999 -9999 -9999 -9999 -9999 -9999 -9999 -9999 -9999 -9999 -9999 -9999 -9999 -9999
1.97537 1.56736 1.54187 1.46755 1.48788 1.41903 1.36241 1.27618 1.24815 1.21286 1.22690 1.19778 1.19129 1.16689 1.13388 1.12628 1.20917 1.20602 1.25313 1.25893 -9999 -9999 -9999 -9999 -9999 -9999 -9999 -9999 -9999 -9999 -9999 -9999 -9999 -9999 -9999 -9999 -9999 -9999 -9999 -9999 -9999 -9999 -9999 -9999 -9999 -9999 -9999 -9999 -9999 -9999 -9999 -9999 -9999 -9999 -9999 -9999 -9999 -9999 -9999 -9999 -9999 -9999 -9999 -9999 -9999 -9999 -9999 -9999 -9999 -9999 -9999 -9999 -9999
-9999 -9999 1.14505 1.10108 1.07548 1.06731 0.93401 0.91075 0.81875 0.79206 0.85537 0.85564 0.84767 0.83324 0.75473 0.73056 0.78976 0.78166 0.74199 0.75045 -9999 -9999 -9999 -9999 -9999 -9999 -9999 -9999 -9999 -9999 -9999 -9999 -9999 -9999 -9999 -9999 -9999 -9999 -9999 -9999 -9999 -9999 -9999 -9999 -9999 -9999 -9999 -9999 -9999 -9999 -9999 -9999 -9999 -9999 -9999 -9999 -9999 -9999 -9999 -9999 -9999 -9999 -9999 -9999 -9999 -9999 -9999 -9999 -9999 -9999 -9999 -9999 -9999
1.31900 1.30145 1.22079 1.19109 1.19507 1.14548 1.03045 1.00223 0.89434 0.87176 0.94333 0.92397 0.92058 0.91351 0.80511 0.79253 0.86616 0.85744 0.80147 0.81105 1.01241 1.03978 1.29716 1.31092 1.49916 1.49984 -9999 -9999 -9999 -9999 -9999 -9999 -9999 -9999 -9999 -9999 -9999 -9999 -9999 -9999 -9999 -9999 -9999 -9999 -9999 -9999 -9999 -9999 -9999 -9999 -9999 -9999 -9999 -9999 -9999 -9999 -9999 -9999 -9999 -9999 -9999 -9999 -9999 -9999 -9999 -9999 -9999 -9999 -9999 -9999 -9999 -9999 -9999
1.01054 0.99278 0.95183 0.91264 0.80882 0.77292 0.77693 0.74241 0.69503 0.67289 0.72984 0.70556 0.70611 0.69400 0.60069 0.58324 0.57911 0.56540 0.49213 0.50078 0.65002 0.66322 0.76694 0.77408 0.93130 0.95119 0.92605 0.93647 1.17097 1.19206 1.44712 1.47535 1.69747 1.73047 1.67194 1.68013 2.07068 2.10021 2.24417 2.22156 2.04812 -9999 -9999 -9999 -9999 -9999 -9999 -9999 -9999 -9999 -9999 -9999 -9999 -9999 -9999 -9999 -9999 -9999 -9999 -9999 -9999 -9999 -9999 -9999 -9999 -9999 -9999 -9999 -9999 -9999 -9999 -9999 -9999
1.08599 1.06238 1.00943 0.99413 0.90489 0.87691 0.85987 0.82494 0.75861 0.74937 0.79830 0.78937 0.77835 0.76922 0.67267 0.65106 0.64332 0.63629 0.55104 0.54512 0.71051 0.71909 0.81110 0.83658 1.01711 1.03726 0.98455 0.98495 1.24269 1.25474 1.58183 1.60690 1.80652 1.84481 1.74214 1.79525 2.22139 2.23634 2.33914 2.35170 2.14250 2.16695 -9999 -9999 -9999 -9999 -9999 -9999 -9999 -9999 -9999 -9999 -9999 -9999 -9999 -9999 -9999 -9999 -9999 -9999 -9999 -9999 -9999 -9999 -9999 -9999 -9999 -9999 -9999 -9999 -9999 -9999 -9999
0.74605 0.68285 0.76636 0.75856 0.72386 0.71258 0.61866 0.62613 0.56505 0.55694 0.52646 0.51889 0.44697 0.43025 0.38050 0.36164 0.39160 0.38214 0.30250 0.30779 0.34001 0.34295 0.40149 0.39934 0.48067 0.49674 0.64143 0.64763 0.87195 0.88066 0.91283 0.92707 1.10606 1.12176 1.09051 1.11855 1.31335 1.34393 1.41539 1.42787 1.56502 1.57900 -9999 -9999 -9999 -9999 -9999 -9999 -9999 -9999 -9999 -9999 -9999 -9999 -9999 -9999 -9999 2.33772 2.30703 -9999 -9999 -9999 -9999 2.32455 2.08138 1.88266 1.99442 2.21230 2.31992 2.26067 2.37141 2.31684 2.36958
0.80395 0.77992 0.86205 0.86891 0.86110 0.80039 0.69126 0.68385 0.64119 0.62145 0.58580 0.55806 0.51039 0.48911 0.45093 0.43031 0.53250 0.51218 0.37994 0.35885 0.40141 0.50008 0.59068 0.52136 0.57417 0.56777 0.74161 0.73521 0.97755 0.99737 1.01826 1.03550 1.21334 1.25186 1.21317 1.23678 1.44869 1.47314 1.54363 1.55233 1.72421 1.71267 1.99056 1.99939 1.76728 1.72109 1.59647 1.55156 1.58007 1.52746 1.65400 1.73345 1.82019 1.77845 2.27473 2.30698 2.44393 2.42610 2.44698 -9999 -9999 -9999 -9999 -9999 2.42230 2.31153 2.13408 2.07557 2.16078 2.17933 2.24092 2.28720 2.32178
0.79332 0.75847 0.79644 0.80190 0.88378 0.85126 0.70169 0.69159 0.63089 0.59339 0.57832 0.57948 0.62952 0.59605 0.54157 0.59815 0.45863 0.31721 0.51576 0.51297 0.50452 0.53113 0.54356 0.52418 0.50077 0.49019 0.61328 0.72234 0.77435 0.79326 0.93618 0.81754 1.01027 1.13146 1.04206 1.10971 1.00204 1.08248 1.20529 1.19434 1.36205 1.31367 1.22194 1.22749 1.50435 1.42529 1.11629 1.06728 1.28256 1.35545 1.52145 1.36389 1.35516 1.47455 1.78724 1.78716 1.94285 2.00992 2.11943 2.05559 2.23680 2.25098 2.33105 2.30477 2.33404 2.31448 2.30894 2.19176 2.00703 2.01729 2.09530 1.96245 1.97898
0.91479 0.79795 0.79614 0.84592 0.94401 0.89877 0.79248 0.77215 0.71284 0.65744 0.62100 0.64052 0.74764 0.85510 0.66429 0.62752 0.64608 0.54253 0.62902 0.56134 0.51010 0.48436 0.63947 0.55752 0.58263 0.54081 0.83357 0.97516 1.08873 1.15217 1.20967 1.00780 1.12590 1.28808 1.15818 1.15276 1.16914 1.32803 1.34036 1.18223 1.33617 1.55226 1.59001 1.44396 1.54970 1.44523 1.39027 1.30831 1.43717 1.42993 1.65765 1.60540 1.59398 1.48961 1.80943 1.83978 1.95516 1.93686 2.09575 1.88544 2.09884 2.28040 2.43272 2.40962 2.48227 2.44234 2.40511 2.22362 1.94843 1.91108 2.05855 1.98617 1.95869
0.76604 0.96071 0.98384 1.03333 0.99509 0.89262 0.81862 0.82734 0.82003 0.79690 0.78813 0.83083 0.93256 0.95991 0.95410 0.88799 0.85917 0.78368 0.57976 0.50453 0.43436 0.45479 0.54910 0.62918 0.63577 0.74852 0.67346 0.66647 0.66314 0.69843 0.72620 0.80425 1.03726 1.05145 1.00185 0.76380 0.90276 0.91165 0.78197 0.78755 0.67681 0.77425 1.07907 1.12578 1.25539 1.24045 1.26000 1.17892 1.35206 1.31142 1.46080 1.44938 1.67057 1.71236 2.04528 1.84521 1.90706 1.85994 1.86881 1.77252 1.75090 1.89080 2.04937 2.16015 2.32126 2.32012 2.33466 2.25090 2.24671 2.23465 2.10680 1.96962 1.96643
0.81026 0.80700 0.99854 1.09744 1.14916 1.07639 0.91562 0.96749 0.76970 0.74153 0.75740 0.81546 0.83975 0.81446 0.89444 0.98015 0.97836 0.83596 0.69000 0.58187 0.51692 0.49824 0.63437 0.63755 0.75747 0.65336 0.95927 0.83039 0.69746 0.89603 0.72421 0.55789 0.69297 0.69454 0.66678 0.67843 0.66780 0.65364 0.71928 0.73331 0.77899 0.79338 0.95224 0.97541 1.18436 1.41725 1.46916 1.30745 1.49091 1.44867 1.58498 1.63202 1.77924 1.68428 1.94082 1.77808 2.02607 2.17613 2.19414 2.19063 2.20697 2.01946 1.95256 2.13728 2.16931 2.32034 2.46336 2.41031 2.45950 2.62488 2.50780 2.23656 2.21221
0.80031 0.73719 0.86164 0.98535 1.04986 1.08942 0.96373 1.05693 0.95485 0.82484 0.67286 0.58962 0.79875 0.90926 0.87460 0.92575 1.04105 1.01017 1.04773 1.01363 0.91019 0.72650 0.61001 0.70956 0.70670 0.62047 0.70366 0.71327 0.69256 0.56903 0.50799 0.49829 0.53408 0.50749 0.54805 0.54629 0.59936 0.63231 0.65448 0.63752 0.68333 0.71396 0.91520 1.06880 1.25200 1.18509 1.46238 1.53422 1.52537 1.42834 1.68119 1.65518 1.81673 1.78934 1.80700 1.73503 1.90630 1.73537 2.07033 2.13891 2.18419 2.27648 2.35018 2.30941 2.39290 2.33514 2.69877 2.68543 2.78487 2.94089 2.78671 2.51584 2.41650
0.80738 0.77070 0.93856 0.98069 0.95318 0.97230 0.93095 0.93832 1.14356 1.06660 0.94857 0.81598 0.82776 0.83167 0.76086 0.76446 0.82302 0.89105 0.83571 1.00712 0.95107 0.88341 0.85261 0.78176 0.61870 0.62821 0.63044 0.54726 0.60972 0.54073 0.50290 0.50690 0.53525 0.53308 0.59019 0.57190 0.64242 0.65076 0.71607 0.73920 0.80319 0.75361 0.96470 0.94797 1.10814 1.08484 1.43048 1.49523 1.37073 1.39351 1.58152 1.58457 1.73572 1.73275 1.81464 1.94490 2.11577 1.94754 2.27706 2.32392 2.40975 2.58103 2.59333 2.54331 2.51415 2.59425 3.03344 3.08595 3.27309 3.29824 3.00794 2.50257 2.68317
0.69892 0.71459 0.75537 0.71521 1.04218 1.05877 0.79250 0.85469 1.00598 0.98585 0.99980 0.99320 0.94782 0.92468 0.97899 0.85207 0.84972 0.86079 0.99768 1.02500 1.04871 1.24668 1.12607 1.10586 0.98049 0.97893 0.85447 0.86257 0.93055 0.92638 0.79814 0.82734 0.74528 0.84203 1.08860 1.05474 1.11334 1.16930 0.98902 1.02596 1.21119 1.19789 1.27740 1.23975 1.53119 1.58925 1.58621 1.52548 1.67677 1.73963 2.10619 1.98220 2.01550 1.90626 2.05298 1.95719 2.04243 2.14706 2.18601 2.31012 2.47247 2.50226 2.30257 2.43831 2.77953 2.79309 3.14111 2.94939 3.36399 3.55550 3.59860 3.17288 3.53994
0.89763 0.89229 0.87550 0.78561 1.12810 1.06812 0.80966 0.90249 1.08641 0.88487 0.87781 0.94490 0.83306 1.11459 0.84561 1.24351 0.97801 1.03310 0.94112 0.95105 0.92431 1.17410 1.11740 1.18976 1.14990 1.18951 0.98293 0.93889 1.01072 1.01874 0.92669 0.94221 0.93150 0.90895 1.14045 1.15815 1.22835 1.25044 1.01333 1.07893 1.25136 1.21997 1.59199 1.61159 1.87956 1.77701 1.67286 1.61751 1.82315 1.87702 2.35908 2.38000 2.12955 2.01042 2.14542 2.13297 2.24345 2.32323 2.55612 2.65514 2.66896 2.59172 2.85519 2.99855 3.14672 3.16965 3.73128 3.52533 3.80658 3.79998 4.22994 4.02200 4.14324
1.00469 0.99324 1.06500 1.02066 1.01291 0.97786 0.96223 0.93260 1.10070 0.96103 1.04456 1.07392 0.96793 0.92236 1.41672 1.04696 1.23023 1.32695 1.14513 1.11443 1.16938 1.21442 1.22591 1.41319 1.37594 1.34530 1.37241 1.32114 1.17139 1.20189 1.23870 1.14755 1.20916 1.22586 1.44301 1.42987 1.34121 1.36497 1.26265 1.27533 1.38784 1.41249 2.09739 2.09746 2.20608 2.10117 2.10592 1.95943 2.09772 2.24055 2.72986 2.48714 2.50917 2.58641 2.20164 2.27109 2.01765 2.13495 2.29546 2.44438 2.45631 2.66033 2.75326 2.80894 2.95896 2.97319 3.40755 3.44996 3.86557 3.66048 4.34583 4.31666 4.74540
1.01553 1.00912 1.13358 1.17398 1.15742 1.22335 1.19105 1.14763 1.07326 0.95213 1.11661 1.16727 1.19877 1.10652 1.27899 1.24775 1.23299 1.26890 1.22529 1.34843 1.39984 1.37306 1.23074 1.29158 1.32650 1.33593 1.35775 1.32946 1.19893 1.21455 1.25347 1.22488 1.35187 1.25333 1.41276 1.36519 1.39674 1.30534 1.21876 1.30335 1.46079 1.34697 1.79813 1.97195 2.20329 2.17919 2.34080 2.19609 2.30138 2.49040 3.09969 3.09961 3.09203 3.09736 2.46069 2.38915 2.31630 2.25566 2.44253 2.46275 2.58168 2.67443 2.85583 2.82973 3.04625 3.05152 3.56985 3.29147 3.58127 3.61848 4.52180 4.15779 4.62878
1.25473 1.23301 1.18596 1.19129 1.38839 1.52857 1.68383 1.50505 1.42208 1.34214 1.29547 1.36504 1.66124 1.68749 1.63990 1.53111 1.43580 1.39400 1.44756 1.47216 1.55755 1.70119 1.53552 1.67029 1.62548 1.72510 1.70786 1.66797 2.05927 1.88547 1.86647 1.67229 1.84930 1.97112 1.93791 1.82620 2.02802 2.11052 1.88736 1.84653 1.98759 2.08412 2.28349 2.31747 2.72045 2.62854 3.38558 3.23466 3.26544 3.24640 3.32828 3.24098 2.75857 2.80848 2.83545 3.00120 2.96466 3.08683 3.21462 3.15555 2.85772 2.95108 2.83605 2.88830 3.27689 3.22854 3.25742 3.03018 3.63629 3.85268 4.99743 4.49805 5.72214
1.37133 1.54969 1.21107 1.32553 1.39024 1.46250 1.74334 1.67128 1.69662 1.64310 1.55734 1.51055 1.68356 1.73763 1.74169 1.84337 1.79578 1.84384 1.47631 1.68873 1.85149 1.96881 1.75556 1.69984 1.57340 1.73555 1.82498 1.94504 2.07521 2.19483 1.92677 1.82304 1.92380 2.09243 2.09116 2.03791 2.08864 2.11405 2.03376 1.99432 2.20319 2.16149 2.42238 2.36662 2.93990 2.83701 3.47823 3.45954 3.44990 3.40874 3.62205 3.74697 3.13356 3.22998 3.15934 3.28635 3.40113 3.48024 3.35918 3.37962 3.01724 3.00307 2.53667 2.59442 2.89583 3.00522 3.22974 3.34856 3.94611 3.88708 4.95826 4.70112 5.01128
1.40029 1.81791 1.85378 1.66511 1.91397 1.77096 1.96449 1.90480 2.01188 1.90748 2.19612 2.12443 1.96966 2.13642 2.39538 2.47641 2.55607 2.61279 2.56211 2.37399 2.24439 2.45828 2.54510 2.71179 2.43933 2.49711 3.04582 2.93018 3.22915 3.19101 2.88919 2.74731 2.66729 2.63265 2.99399 2.76979 2.66111 2.55625 2.64239 2.66541 2.81759 3.08887 3.45692 3.59055 4.13445 4.25437 5.18159 5.23153 5.31316 5.26592 4.74546 4.57734 4.23690 4.30645 4.11354 4.27760 4.28221 4.29168 4.40366 4.30215 4.00984 3.65447 3.49696 3.38859 3.87617 3.93271 4.70332 4.84086 5.34224 5.36105 5.71003 5.81413 7.13166
1.54768 1.56173 1.53241 1.69789 1.83091 2.03691 1.92627 1.73893 1.67490 1.84207 2.21471 1.99582 2.20488 2.29676 2.40637 2.53279 2.86097 2.89318 2.74433 2.56831 2.16127 2.57800 2.70039 2.77131 2.44054 2.51522 2.74837 2.66647 3.14886 3.20847 2.96553 2.87543 2.69268 2.90981 3.02658 2.99472 2.81840 2.88303 2.83200 3.22479 3.35021 3.59694 4.40717 4.31938 4.60896 4.43973 5.21681 5.39818 -9999 -9999 5.17087 5.06136 5.00398 4.87549 4.54956 4.52877 4.56029 4.45724 4.53139 4.13369 3.75877 3.48629 3.51807 3.32131 3.63958 3.61381 4.66741 4.95924 5.43900 5.76863 6.00273 6.16059 7.53503
1.95047 1.80708 1.90790 2.00213 2.55039 2.28463 2.69888 2.91812 3.07156 2.71443 2.67695 2.62671 3.22716 3.41273 3.16207 3.37602 4.00069 3.75139 3.66083 3.86189 3.72556 3.60964 3.27528 3.58813 3.51617 3.76734 4.24493 4.23946 4.57025 5.16283 5.41072 5.13444 4.87453 4.94148 4.55971 5.18946 5.51260 -9999 -9999 -9999 -9999 6.76326 -9999 5.63625 5.64295 6.05673 6.16561 6.85974 -9999 -9999 6.88584 6.75717 6.64143 6.69510 7.33772 7.25507 7.40467 7.02332 7.45810 7.19170 6.93584 6.75577 7.42922 6.12904 6.41578 6.72092 8.23979 8.54627 9.56091 9.95265 -9999 -9999 -9999
1.98902 1.92433 2.03749 2.30322 2.38389 2.54080 3.50007 3.33976 3.41102 3.27587 3.13640 3.07644 3.38558 3.86350 3.62393 3.45254 3.73134 3.91516 3.56982 4.02946 3.82085 3.84177 3.71083 3.90504 3.85129 3.71913 4.25134 4.47450 4.91352 4.99353 5.01887 5.25029 4.82472 5.57764 5.57057 -9999 -9999 -9999 -9999 -9999 -9999 -9999 6.47975 6.15629 6.92703 -9999 -9999 -9999 -9999 -9999 7.53760 7.30702 6.54924 6.76718 7.29718 7.39370 7.64571 7.49402 8.74385 8.68686 8.46841 7.94002 8.83551 8.96801 8.85504 7.87314 9.37731 10.49850 -9999 -9999 -9999 -9999 -9999
