data/hydroclimate-scenarios/BCSD_hadcm_A1B/monthly_summaries/et_monthly_tot_sep.2030-2059.asc
ncols	311
nrows	91
xllcenter	102.75
yllcenter	31.75
cellsize	0.5
NODATA_value	-9999
[rows 0 to 31 of 91, columns 213 to 283 of 311]
-9999 -9999 -9999 -9999 -9999 -9999 -9999 -9999 -9999 -9999 -9999 -9999 -9999 -9999 -9999 -9999 -9999 -9999 -9999 -9999 -9999 -9999 -9999 -9999 -9999 -9999 -9999 -9999 -9999 -9999 -9999 -9999 -9999 -9999 -9999 -9999 -9999 -9999 -9999 -9999 -9999 -9999 -9999 -9999 -9999 -9999 -9999 -9999 -9999 -9999 -9999 -9999 -9999 -9999 -9999 -9999 -9999 -9999 -9999 -9999 -9999 -9999 -9999 -9999 -9999 -9999 -9999 -9999 -9999 -9999 -9999
-9999 -9999 -9999 -9999 -9999 -9999 -9999 -9999 -9999 -9999 -9999 -9999 -9999 -9999 -9999 -9999 -9999 -9999 -9999 -9999 -9999 -9999 -9999 -9999 -9999 -9999 -9999 -9999 -9999 -9999 -9999 -9999 -9999 -9999 -9999 -9999 -9999 -9999 -9999 -9999 -9999 -9999 -9999 -9999 -9999 -9999 -9999 -9999 -9999 -9999 -9999 -9999 -9999 -9999 -9999 -9999 -9999 -9999 -9999 -9999 -9999 -9999 -9999 -9999 -9999 -9999 -9999 -9999 -9999 -9999 -9999
-9999 -9999 -9999 -9999 -9999 -9999 -9999 -9999 -9999 -9999 -9999 -9999 -9999 -9999 -9999 -9999 -9999 -9999 -9999 -9999 -9999 -9999 -9999 -9999 -9999 -9999 -9999 -9999 -9999 -9999 -9999 -9999 -9999 -9999 -9999 -9999 -9999 -9999 -9999 -9999 -9999 -9999 -9999 -9999 -9999 -9999 -9999 -9999 -9999 -9999 -9999 -9999 -9999 -9999 -9999 -9999 -9999 -9999 -9999 -9999 -9999 -9999 -9999 -9999 -9999 -9999 -9999 -9999 -9999 -9999 -9999
-9999 -9999 -9999 -9999 -9999 -9999 -9999 -9999 -9999 -9999 -9999 -9999 -9999 -9999 -9999 -9999 -9999 -9999 -9999 -9999 -9999 -9999 -9999 -9999 -9999 -9999 -9999 -9999 -9999 -9999 -9999 -9999 -9999 -9999 -9999 -9999 -9999 -9999 -9999 -9999 -9999 -9999 -9999 -9999 -9999 -9999 -9999 -9999 -9999 -9999 -9999 -9999 -9999 -9999 -9999 -9999 -9999 -9999 -9999 -9999 -9999 -9999 -9999 -9999 -9999 -9999 -9999 -9999 -9999 -9999 -9999
-9999 -9999 -9999 -9999 -9999 -9999 -9999 -9999 -9999 -9999 -9999 -9999 -9999 -9999 -9999 -9999 -9999 -9999 -9999 -9999 -9999 -9999 -9999 -9999 -9999 -9999 -9999 -9999 -9999 -9999 -9999 -9999 -9999 -9999 -9999 -9999 -9999 -9999 -9999 -9999 -9999 -9999 -9999 -9999 -9999 -9999 -9999 -9999 -9999 -9999 -9999 -9999 -9999 -9999 -9999 -9999 -9999 -9999 -9999 -9999 -9999 -9999 -9999 -9999 -9999 -9999 -9999 -9999 -9999 -9999 -9999
-9999 -9999 -9999 -9999 -9999 -9999 -9999 -9999 -9999 -9999 -9999 -9999 -9999 -9999 -9999 -9999 -9999 -9999 -9999 -9999 -9999 -9999 -9999 -9999 -9999 -9999 -9999 -9999 -9999 -9999 -9999 -9999 -9999 -9999 -9999 -9999 -9999 -9999 -9999 -9999 -9999 -9999 -9999 -9999 -9999 -9999 -9999 -9999 -9999 -9999 -9999 -9999 -9999 -9999 -9999 -9999 -9999 -9999 -9999 -9999 -9999 -9999 -9999 -9999 -9999 -9999 -9999 -9999 -9999 -9999 -9999
-9999 -9999 -9999 -9999 -9999 -9999 -9999 -9999 -9999 -9999 -9999 -9999 -9999 -9999 -9999 -9999 -9999 -9999 -9999 -9999 -9999 -9999 -9999 -9999 -9999 -9999 -9999 -9999 -9999 -9999 -9999 -9999 -9999 -9999 -9999 -9999 -9999 -9999 -9999 -9999 -9999 -9999 -9999 -9999 -9999 -9999 -9999 -9999 -9999 -9999 -9999 -9999 -9999 -9999 -9999 -9999 -9999 -9999 -9999 -9999 -9999 -9999 -9999 -9999 -9999 -9999 -9999 -9999 -9999 -9999 -9999
-9999 -9999 -9999 -9999 -9999 -9999 -9999 -9999 -9999 -9999 -9999 -9999 -9999 -9999 -9999 -9999 -9999 -9999 -9999 -9999 -9999 -9999 -9999 -9999 -9999 -9999 -9999 -9999 -9999 -9999 -9999 -9999 -9999 -9999 -9999 -9999 -9999 -9999 -9999 -9999 -9999 -9999 -9999 -9999 -9999 -9999 -9999 -9999 -9999 -9999 -9999 -9999 -9999 -9999 -9999 -9999 -9999 -9999 -9999 -9999 -9999 -9999 -9999 -9999 -9999 -9999 -9999 -9999 -9999 -9999 -9999
-9999 -9999 -9999 -9999 -9999 -9999 -9999 -9999 -9999 -9999 -9999 -9999 -9999 -9999 -9999 -9999 -9999 -9999 -9999 -9999 -9999 -9999 -9999 -9999 -9999 -9999 -9999 -9999 -9999 -9999 -9999 -9999 -9999 -9999 -9999 -9999 -9999 -9999 -9999 -9999 -9999 -9999 -9999 -9999 -9999 -9999 -9999 -9999 -9999 -9999 -9999 -9999 -9999 -9999 -9999 -9999 -9999 -9999 -9999 -9999 -9999 -9999 -9999 -9999 -9999 -9999 -9999 -9999 -9999 -9999 -9999
-9999 -9999 -9999 -9999 -9999 -9999 -9999 -9999 -9999 -9999 -9999 -9999 -9999 -9999 -9999 -9999 -9999 -9999 -9999 -9999 -9999 -9999 -9999 -9999 -9999 -9999 -9999 -9999 -9999 -9999 -9999 -9999 -9999 -9999 -9999 -9999 -9999 -9999 -9999 -9999 -9999 -9999 -9999 -9999 -9999 -9999 -9999 -9999 -9999 -9999 -9999 -9999 -9999 -9999 -9999 -9999 -9999 -9999 -9999 -9999 -9999 -9999 -9999 -9999 -9999 -9999 -9999 -9999 -9999 -9999 -9999
-9999 -9999 -9999 -9999 -9999 -9999 -9999 -9999 -9999 -9999 -9999 -9999 -9999 -9999 -9999 -9999 -9999 -9999 -9999 -9999 -9999 -9999 -9999 -9999 -9999 -9999 -9999 -9999 -9999 -9999 -9999 -9999 -9999 -9999 -9999 -9999 -9999 -9999 -9999 -9999 -9999 -9999 -9999 -9999 -9999 -9999 -9999 -9999 -9999 -9999 -9999 -9999 -9999 -9999 -9999 -9999 -9999 -9999 -9999 -9999 -9999 -9999 -9999 -9999 -9999 -9999 -9999 -9999 -9999 -9999 -9999
-9999 -9999 -9999 -9999 -9999 -9999 -9999 -9999 -9999 -9999 -9999 -9999 -9999 -9999 -9999 -9999 -9999 -9999 -9999 -9999 -9999 -9999 -9999 -9999 -9999 -9999 -9999 -9999 -9999 -9999 -9999 -9999 -9999 -9999 -9999 -9999 -9999 -9999 -9999 -9999 -9999 -9999 -9999 -9999 -9999 -9999 -9999 -9999 -9999 -9999 -9999 -9999 -9999 -9999 -9999 -9999 -9999 -9999 -9999 -9999 -9999 -9999 -9999 -9999 -9999 -9999 -9999 -9999 -9999 -9999 -9999
-9999 -9999 -9999 -9999 -9999 -9999 -9999 -9999 -9999 -9999 -9999 -9999 -9999 -9999 -9999 -9999 -9999 -9999 -9999 -9999 -9999 -9999 -9999 -9999 -9999 -9999 -9999 -9999 -9999 -9999 -9999 -9999 -9999 -9999 -9999 -9999 -9999 -9999 -9999 -9999 -9999 -9999 -9999 -9999 -9999 -9999 -9999 -9999 -9999 -9999 -9999 -9999 -9999 -9999 -9999 -9999 -9999 -9999 -9999 -9999 -9999 -9999 -9999 -9999 -9999 -9999 -9999 -9999 -9999 -9999 -9999
12.37600 12.31290 12.87250 13.18450 12.24590 12.42160 -9999 -9999 -9999 -9999 -9999 -9999 -9999 -9999 -9999 -9999 -9999 -9999 -9999 -9999 -9999 -9999 -9999 -9999 -9999 -9999 -9999 -9999 -9999 -9999 -9999 -9999 -9999 -9999 -9999 -9999 -9999 -9999 -9999 -9999 -9999 -9999 -9999 -9999 -9999 -9999 -9999 10.81520 -9999 -9999 -9999 -9999 -9999 -9999 -9999 -9999 -9999 -9999 -9999 -9999 -9999 -9999 -9999 -9999 -9999 -9999 -9999 -9999 -9999 -9999 -9999
9.92222 10.30400 10.55240 10.68050 11.21390 11.41900 20.83480 21.12100 21.85040 22.36550 21.79360 20.99870 21.84070 22.52110 22.40360 22.31380 21.70510 21.21730 15.68680 -9999 -9999 -9999 -9999 -9999 -9999 -9999 -9999 -9999 -9999 -9999 -9999 -9999 -9999 -9999 -9999 -9999 -9999 -9999 -9999 -9999 -9999 -9999 7.58432 9.00458 8.40081 7.16787 6.52907 7.56788 10.94240 -9999 -9999 -9999 11.80400 -9999 -9999 -9999 12.85090 12.77950 11.38930 -9999 -9999 -9999 -9999 -9999 -9999 -9999 -9999 -9999 -9999 -9999 -9999
10.17230 10.22280 10.45410 10.71940 11.30480 11.34560 22.81260 6.93254 7.05053 7.53127 6.68112 6.87552 6.77477 6.42679 7.25652 6.71661 6.43773 6.58739 4.98536 4.78279 7.12521 7.94677 10.21520 12.68060 13.35980 -9999 -9999 -9999 -9999 -9999 14.85270 14.66620 14.24590 14.07860 15.02640 14.51350 13.50750 13.91790 13.29730 13.04680 12.92430 12.86800 7.52762 7.96179 7.27831 7.83558 6.52128 7.08518 12.01260 11.96000 13.80140 13.63470 13.11300 13.22430 14.21540 13.62660 12.89140 11.80750 9.13359 9.62295 10.36620 11.16270 10.83900 11.38740 -9999 -9999 -9999 -9999 -9999 -9999 -9999
10.06780 9.96539 10.00150 10.25990 10.64120 10.80440 8.06606 8.74757 8.23677 7.90327 6.75852 7.04635 6.34330 6.19165 6.72282 6.41917 6.73109 6.99524 5.87697 8.66130 8.46274 7.88818 11.44670 9.20520 10.55480 11.53920 12.83960 14.14940 14.72360 14.87850 14.20720 14.39670 14.20070 13.92650 15.76680 15.38080 14.68390 13.86850 13.11270 12.75990 12.91590 12.79320 12.58180 11.93190 11.80770 12.11170 11.11550 11.16960 11.37970 11.13810 11.93970 11.97270 12.67070 12.40360 13.68850 13.65070 14.26710 14.32060 13.19700 13.13230 12.52500 12.41190 10.61030 9.64633 9.75262 9.78367 9.95297 9.86278 10.33350 10.68780 10.95130
7.79016 7.67762 7.13076 6.07538 6.23523 6.77811 6.69381 6.52552 6.33083 6.84903 6.50036 6.19830 6.15751 6.16477 6.56114 6.79886 12.54260 21.66890 17.10820 16.87530 12.26960 12.18630 15.07600 13.56190 12.56850 12.27040 10.77570 12.46740 12.51900 13.03240 12.94230 14.45530 15.05110 14.73090 16.62360 16.39990 16.08590 15.76430 14.68600 14.24890 13.71840 13.49820 13.50900 13.50500 13.45000 13.56400 12.10070 11.99050 12.74550 12.36260 13.53240 13.33260 14.30820 14.20290 15.36490 15.44930 15.63010 15.52550 14.57240 14.57410 13.47370 13.51820 11.12460 10.89810 11.02130 11.05290 10.86560 10.99850 11.01220 11.35870 11.59580
13.51830 11.96290 11.35170 10.09920 9.93350 11.35910 13.51540 7.67607 9.70884 10.63020 9.70689 9.73194 8.79418 9.74995 5.60266 10.99130 11.71960 12.17380 13.43310 12.70500 14.09450 14.47920 14.57440 14.25500 13.00530 12.77440 12.64130 11.79710 10.25310 10.09860 13.55130 14.67380 14.25840 15.03260 15.27490 15.84940 15.79180 15.14430 15.06080 14.71840 14.36550 13.78150 14.32490 14.44640 14.50880 14.33220 13.92620 14.09780 14.64160 14.27060 13.61310 13.34010 13.72420 13.47160 14.37110 14.37620 14.19600 13.89720 14.51780 14.21090 13.68870 13.81620 12.23410 11.67170 11.35890 11.09310 12.50420 12.26810 11.75820 11.97820 13.84780
18.09430 16.97980 14.56200 14.75750 14.43010 14.46980 16.90200 17.01140 14.43700 13.12070 12.93920 12.07060 11.37970 10.80420 12.34160 12.64600 12.98000 13.80510 17.55120 17.01240 14.47990 14.87790 13.95920 14.16920 12.40720 13.14270 14.22470 15.14020 13.39860 12.03750 15.20620 14.20960 14.70920 16.04050 15.19050 15.15990 15.43780 15.54980 15.08950 14.59160 14.63090 14.70290 14.30950 14.59590 15.24300 14.82510 14.16160 14.32800 14.29720 14.46600 13.94820 14.23100 14.39180 14.35710 15.80100 15.67980 16.07860 15.60360 15.44860 14.56790 14.33830 13.27050 12.78430 12.69700 11.60220 11.67720 12.28160 13.75190 13.01100 13.07450 15.18290
19.64900 17.40150 17.09950 19.56410 18.17720 17.41620 17.90200 17.53780 17.37800 16.88700 15.02010 15.07150 15.49800 14.17560 14.06340 15.10680 15.83350 16.20200 18.67730 17.57490 14.61150 14.01290 14.89070 12.90050 12.02470 13.53820 13.21490 13.64450 14.13720 12.79500 12.67730 14.42010 15.24860 15.69830 17.01060 16.77330 16.59980 16.44120 15.74810 15.28350 16.08300 16.13620 16.77520 16.71680 17.16570 16.65560 16.71170 16.86160 15.78380 15.38040 14.39890 14.85140 14.73050 14.19630 14.11180 14.20030 14.96800 14.44170 14.75070 14.82830 16.16610 15.24280 14.16790 14.16970 13.64400 13.43250 15.06120 13.67470 12.88250 13.10080 13.37280
19.73260 18.45400 18.42530 17.05760 16.09990 16.31460 17.09330 17.91620 17.66030 16.39760 15.37390 15.43410 15.01050 14.32870 14.94070 15.89900 17.84320 17.89830 22.34460 21.17200 14.57420 12.01560 9.00945 11.09980 12.44920 14.55090 14.80970 13.99060 14.45450 13.79970 12.43370 14.04370 15.50320 16.57930 17.01240 17.36050 17.61370 18.18140 17.74700 17.55190 17.70150 17.14650 18.18200 18.18400 19.37680 19.22200 18.35080 18.28040 17.03530 16.66600 16.90070 16.42290 16.43180 15.74360 15.21060 15.49530 16.01650 15.73380 14.94200 16.17120 10.22410 16.38630 15.88870 15.40230 14.99850 15.29000 15.10470 13.84840 13.56020 13.78010 14.26490
19.90550 18.59120 15.91850 15.71180 17.59320 22.23760 24.52360 23.98890 21.93390 21.74080 22.14670 21.46650 19.11150 14.66850 15.94140 17.40710 20.02990 18.42460 24.14450 23.37990 14.87050 12.06430 9.82775 10.95440 10.49640 14.37910 14.13550 14.52200 14.56300 14.68750 15.77890 16.61780 16.80690 16.72470 16.08910 17.71410 18.01520 17.20060 17.34280 18.75940 19.21090 19.91040 21.69670 22.11720 21.16750 21.30650 19.04170 18.47700 18.19170 17.05450 17.51130 17.15180 16.38540 15.73830 14.70780 14.54050 14.35480 15.67070 16.41270 15.95430 15.51420 16.89670 15.54350 15.93040 15.80480 15.58900 14.76790 14.84420 15.11860 15.36970 14.05530
24.87410 25.15740 23.43340 23.64540 21.57410 23.78390 25.68190 24.59230 22.05770 20.79920 21.84630 20.73870 19.56200 19.90540 19.29520 20.14440 18.57870 18.02540 26.38410 25.20530 17.02950 12.32880 12.02870 12.56630 11.26630 11.29390 12.61820 13.17010 12.61990 13.39670 15.56430 17.68750 16.41530 15.55560 14.35670 13.95640 13.39810 14.15620 16.12830 16.27930 15.51200 16.61290 20.41630 20.49110 21.55310 22.02180 21.77630 20.42060 20.49630 19.20180 18.90080 18.38860 17.27800 17.34730 16.30960 15.92900 17.17660 11.09060 16.58810 14.60320 15.40700 15.35450 15.72850 14.43320 14.71090 14.42580 14.74860 14.79220 15.15750 15.81150 14.82340
26.89270 27.02750 25.74430 25.82580 23.09480 22.58920 22.34870 21.81240 24.95870 24.71790 26.48240 24.76100 20.49610 19.26670 15.91630 17.99450 13.32950 18.20370 19.12840 22.20590 22.27380 11.43890 7.62360 6.42620 8.36795 8.72046 7.16600 8.78436 9.68739 10.03980 8.63313 9.76660 10.61720 10.09360 8.47862 10.34470 10.56810 10.51780 12.27690 13.26220 13.57130 13.95020 16.56180 17.73630 19.92110 20.76790 22.09890 20.27750 21.58680 21.19190 20.53570 21.06440 19.32940 18.24640 17.65990 17.42770 16.44600 15.59710 15.99370 15.82810 15.10490 14.43130 14.69890 14.71000 13.62540 14.28820 14.70800 15.63850 15.03420 15.43540 14.91540
26.96410 26.53630 24.95040 25.29880 25.04890 24.66830 28.18920 28.87850 26.88120 24.40140 26.41010 26.25390 25.43890 24.72520 20.92090 21.34750 20.10490 18.98360 18.83680 19.15050 17.79020 18.61530 12.54040 14.49490 9.84771 7.33950 6.59696 7.91049 9.70300 12.32870 12.63530 13.73940 12.57340 13.47390 11.31750 11.95820 13.43650 13.02930 15.26200 15.64900 15.08830 18.27620 21.27500 21.80140 22.41960 22.03390 22.72180 25.05700 22.91960 22.78490 21.78170 21.51860 20.54150 19.05620 17.21150 17.68640 17.25130 16.74980 17.35950 16.54150 15.96540 14.93410 16.01450 16.38120 14.81340 14.22360 15.19260 15.25870 14.63660 14.71040 14.11900
32.89720 32.03820 27.96310 25.89680 26.15120 20.41620 16.49220 15.53830 16.03300 22.39600 28.39770 23.20220 27.06880 25.32500 23.28920 22.35980 21.10300 19.63070 21.67710 18.39340 17.74810 15.83560 15.74340 16.23830 14.20750 14.05170 14.91640 13.98970 15.03270 17.81210 18.66360 17.12050 16.33060 16.14230 16.38600 16.58680 14.45900 15.77560 17.10900 17.74680 18.13760 19.31280 23.69970 24.64290 24.04360 26.08740 27.18570 26.03890 27.30750 24.78010 23.63080 22.81420 22.24330 21.10440 20.64230 19.67430 17.26770 17.36570 17.22500 16.96130 17.05740 16.00220 14.13240 13.98170 14.93300 15.37750 14.90770 14.41050 15.08770 15.01120 16.17100
15.60290 20.61430 18.75070 22.15620 20.13740 22.96580 25.76580 24.11080 21.66790 22.36890 24.03130 27.41880 20.29990 20.59480 23.90220 24.30940 20.22320 19.72720 21.89360 21.00400 19.38030 20.08100 19.31770 21.31670 14.79990 14.67290 14.68160 15.58100 16.68880 17.60830 17.85790 16.31830 15.54820 16.65580 14.55650 15.04240 16.15380 16.95390 17.31590 17.22540 19.69820 22.15870 25.19470 27.34770 26.57250 26.00120 25.01940 25.85490 28.16230 25.67180 24.75260 24.22580 22.93590 21.97410 22.03630 21.52920 20.16650 18.44300 18.17640 18.22420 17.95150 17.07980 15.38240 15.80680 16.38450 16.30240 15.87120 15.19980 15.41020 15.75560 16.68990
27.61410 37.04440 36.11370 29.20650 29.90000 29.19180 28.76530 31.16240 30.21810 30.38180 32.72800 33.09250 32.98060 34.22120 31.41820 27.67400 29.53120 23.59970 30.99150 28.57590 24.99830 25.51240 25.11990 22.62470 12.11970 9.68200 15.36520 16.43230 17.54650 19.14140 20.14720 19.01460 17.68990 15.17640 14.39070 16.03260 18.00140 18.03240 18.98680 20.91350 21.46010 22.92940 27.42400 28.26470 28.00840 27.36860 26.72680 25.47640 26.02200 25.77980 27.52920 24.01180 25.07010 24.05930 22.40300 22.62430 22.25720 20.61330 20.59000 19.84560 20.56530 20.18690 19.46140 19.22210 18.70310 17.62240 17.07050 16.34710 17.19220 17.69370 17.60490
45.38080 42.61480 38.23860 26.49040 25.89710 20.49270 24.50510 30.43370 26.95250 26.70210 28.55730 29.65780 35.62320 23.66860 21.91220 17.93170 18.61710 24.63990 26.30330 26.77520 28.75320 33.13190 31.82300 26.83480 22.44910 18.41770 16.36060 10.96300 15.62490 18.66240 18.63540 17.33610 17.06390 14.62340 15.39110 16.29040 19.44400 19.41940 21.59080 22.01260 23.68210 24.48980 29.34130 27.59520 30.30410 27.88490 28.43250 28.66030 27.17000 27.27770 27.96000 30.10990 26.76940 26.10400 26.55840 26.52970 25.10450 23.60900 22.32480 20.54430 19.57760 18.21460 17.77660 17.55010 18.73630 17.09260 16.65640 17.19120 17.95050 18.73140 19.45610
41.13520 37.14110 38.51230 34.54610 26.53810 25.06800 26.54740 33.30950 38.13920 34.45140 34.28770 29.37440 35.63090 28.95800 21.46230 18.63680 20.79430 25.19730 24.65470 26.70810 27.87490 31.70150 38.97270 30.39420 24.30480 20.84920 20.40060 21.21790 20.65550 20.41470 19.22020 18.44320 19.55600 17.89140 19.20090 19.58690 20.42060 21.12730 23.73370 24.24410 24.59510 26.38930 28.77890 32.11290 32.37990 32.74540 29.75410 30.03100 31.16940 30.08650 29.38510 28.88840 29.58320 29.54030 28.36400 29.88720 26.84150 25.63040 23.98030 22.26840 22.55280 21.32480 20.56120 20.06960 17.85930 17.31110 15.90620 16.83600 16.98340 17.55920 18.97410
43.76790 -9999 36.97500 27.16580 31.52570 22.28580 -9999 13.73170 24.21180 27.45070 27.52550 36.06660 38.50370 33.75270 35.61850 37.29230 37.16290 31.32860 16.85480 15.47290 15.49990 14.65210 28.41360 36.31250 35.06200 31.62950 25.79560 23.36150 24.62530 22.87850 21.35250 21.25110 19.16510 19.39650 20.04460 20.92630 22.58660 21.42780 22.70550 23.71540 28.02390 30.22610 27.40350 31.57550 32.52980 32.98630 31.43910 32.79770 30.44920 29.89410 30.32260 30.76610 29.36530 31.11860 30.45020 32.39550 28.41910 26.68090 25.51340 24.33390 23.44170 23.02150 22.68370 21.94120 19.58200 18.92180 17.60340 17.77930 19.69250 20.23010 21.03990
