data/hydroclimate-scenarios/BCSD_hadcm_A1B/monthly_summaries/et_monthly_tot_nov.2030-2059.asc
ncols	311
nrows	91
xllcenter	102.75
yllcenter	31.75
cellsize	0.5
NODATA_value	-9999
[rows 0 to 31 of 91, columns 219 to 291 of 311]
-9999 -9999 -9999 -9999 -9999 -9999 -9999 -9999 -9999 -9999 -9999 -9999 -9999 -9999 -9999 -9999 -9999 -9999 -9999 -9999 -9999 -9999 -9999 -9999 -9999 -9999 -9999 -9999 -9999 -9999 -9999 -9999 -9999 -9999 -9999 -9999 -9999 -9999 -9999 -9999 -9999 -9999 -9999 -9999 -9999 -9999 -9999 -9999 -9999 -9999 -9999 -9999 -9999 -9999 -9999 -9999 -9999 -9999 -9999 -9999 -9999 -9999 -9999 -9999 -9999 -9999 -9999 -9999 -9999 -9999 -9999 -9999 -9999
-9999 -9999 -9999 -9999 -9999 -9999 -9999 -9999 -9999 -9999 -9999 -9999 -9999 -9999 -9999 -9999 -9999 -9999 -9999 -9999 -9999 -9999 -9999 -9999 -9999 -9999 -9999 -9999 -9999 -9999 -9999 -9999 -9999 -9999 -9999 -9999 -9999 -9999 -9999 -9999 -9999 -9999 -9999 -9999 -9999 -9999 -9999 -9999 -9999 -9999 -9999 -9999 -9999 -9999 -9999 -9999 -9999 -9999 -9999 -9999 -9999 -9999 -9999 -9999 -9999 -9999 -9999 -9999 -9999 -9999 -9999 -9999 -9999
-9999 -9999 -9999 -9999 -9999 -9999 -9999 -9999 -9999 -9999 -9999 -9999 -9999 -9999 -9999 -9999 -9999 -9999 -9999 -9999 -9999 -9999 -9999 -9999 -9999 -9999 -9999 -9999 -9999 -9999 -9999 -9999 -9999 -9999 -9999 -9999 -9999 -9999 -9999 -9999 -9999 -9999 -9999 -9999 -9999 -9999 -9999 -9999 -9999 -9999 -9999 -9999 -9999 -9999 -9999 -9999 -9999 -9999 -9999 -9999 -9999 -9999 -9999 -9999 -9999 -9999 -9999 -9999 -9999 -9999 -9999 -9999 -9999
-9999 -9999 -9999 -9999 -9999 -9999 -9999 -9999 -9999 -9999 -9999 -9999 -9999 -9999 -9999 -9999 -9999 -9999 -9999 -9999 -9999 -9999 -9999 -9999 -9999 -9999 -9999 -9999 -9999 -9999 -9999 -9999 -9999 -9999 -9999 -9999 -9999 -9999 -9999 -9999 -9999 -9999 -9999 -9999 -9999 -9999 -9999 -9999 -9999 -9999 -9999 -9999 -9999 -9999 -9999 -9999 -9999 -9999 -9999 -9999 -9999 -9999 -9999 -9999 -9999 -9999 -9999 -9999 -9999 -9999 -9999 -9999 -9999
-9999 -9999 -9999 -9999 -9999 -9999 -9999 -9999 -9999 -9999 -9999 -9999 -9999 -9999 -9999 -9999 -9999 -9999 -9999 -9999 -9999 -9999 -9999 -9999 -9999 -9999 -9999 -9999 -9999 -9999 -9999 -9999 -9999 -9999 -9999 -9999 -9999 -9999 -9999 -9999 -9999 -9999 -9999 -9999 -9999 -9999 -9999 -9999 -9999 -9999 -9999 -9999 -9999 -9999 -9999 -9999 -9999 -9999 -9999 -9999 -9999 -9999 -9999 -9999 -9999 -9999 -9999 -9999 -9999 -9999 -9999 -9999 -9999
-9999 -9999 -9999 -9999 -9999 -9999 -9999 -9999 -9999 -9999 -9999 -9999 -9999 -9999 -9999 -9999 -9999 -9999 -9999 -9999 -9999 -9999 -9999 -9999 -9999 -9999 -9999 -9999 -9999 -9999 -9999 -9999 -9999 -9999 -9999 -9999 -9999 -9999 -9999 -9999 -9999 -9999 -9999 -9999 -9999 -9999 -9999 -9999 -9999 -9999 -9999 -9999 -9999 -9999 -9999 -9999 -9999 -9999 -9999 -9999 -9999 -9999 -9999 -9999 -9999 -9999 -9999 -9999 -9999 -9999 -9999 -9999 -9999
-9999 -9999 -9999 -9999 -9999 -9999 -9999 -9999 -9999 -9999 -9999 -9999 -9999 -9999 -9999 -9999 -9999 -9999 -9999 -9999 -9999 -9999 -9999 -9999 -9999 -9999 -9999 -9999 -9999 -9999 -9999 -9999 -9999 -9999 -9999 -9999 -9999 -9999 -9999 -9999 -9999 -9999 -9999 -9999 -9999 -9999 -9999 -9999 -9999 -9999 -9999 -9999 -9999 -9999 -9999 -9999 -9999 -9999 -9999 -9999 -9999 -9999 -9999 -9999 -9999 -9999 -9999 -9999 -9999 -9999 -9999 -9999 -9999
-9999 -9999 -9999 -9999 -9999 -9999 -9999 -9999 -9999 -9999 -9999 -9999 -9999 -9999 -9999 -9999 -9999 -9999 -9999 -9999 -9999 -9999 -9999 -9999 -9999 -9999 -9999 -9999 -9999 -9999 -9999 -9999 -9999 -9999 -9999 -9999 -9999 -9999 -9999 -9999 -9999 -9999 -9999 -9999 -9999 -9999 -9999 -9999 -9999 -9999 -9999 -9999 -9999 -9999 -9999 -9999 -9999 -9999 -9999 -9999 -9999 -9999 -9999 -9999 -9999 -9999 -9999 -9999 -9999 -9999 -9999 -9999 -9999
-9999 -9999 -9999 -9999 -9999 -9999 -9999 -9999 -9999 -9999 -9999 -9999 -9999 -9999 -9999 -9999 -9999 -9999 -9999 -9999 -9999 -9999 -9999 -9999 -9999 -9999 -9999 -9999 -9999 -9999 -9999 -9999 -9999 -9999 -9999 -9999 -9999 -9999 -9999 -9999 -9999 -9999 -9999 -9999 -9999 -9999 -9999 -9999 -9999 -9999 -9999 -9999 -9999 -9999 -9999 -9999 -9999 -9999 -9999 -9999 -9999 -9999 -9999 -9999 -9999 -9999 -9999 -9999 -9999 -9999 -9999 -9999 -9999
-9999 -9999 -9999 -9999 -9999 -9999 -9999 -9999 -9999 -9999 -9999 -9999 -9999 -9999 -9999 -9999 -9999 -9999 -9999 -9999 -9999 -9999 -9999 -9999 -9999 -9999 -9999 -9999 -9999 -9999 -9999 -9999 -9999 -9999 -9999 -9999 -9999 -9999 -9999 -9999 -9999 -9999 -9999 -9999 -9999 -9999 -9999 -9999 -9999 -9999 -9999 -9999 -9999 -9999 -9999 -9999 -9999 -9999 -9999 -9999 -9999 -9999 -9999 -9999 -9999 -9999 -9999 -9999 -9999 -9999 -9999 -9999 -9999
-9999 -9999 -9999 -9999 -9999 -9999 -9999 -9999 -9999 -9999 -9999 -9999 -9999 -9999 -9999 -9999 -9999 -9999 -9999 -9999 -9999 -9999 -9999 -9999 -9999 -9999 -9999 -9999 -9999 -9999 -9999 -9999 -9999 -9999 -9999 -9999 -9999 -9999 -9999 -9999 -9999 -9999 -9999 -9999 -9999 -9999 -9999 -9999 -9999 -9999 -9999 -9999 -9999 -9999 -9999 -9999 -9999 -9999 -9999 -9999 -9999 -9999 -9999 -9999 -9999 -9999 -9999 -9999 -9999 -9999 -9999 -9999 -9999
-9999 -9999 -9999 -9999 -9999 -9999 -9999 -9999 -9999 -9999 -9999 -9999 -9999 -9999 -9999 -9999 -9999 -9999 -9999 -9999 -9999 -9999 -9999 -9999 -9999 -9999 -9999 -9999 -9999 -9999 -9999 -9999 -9999 -9999 -9999 -9999 -9999 -9999 -9999 -9999 -9999 -9999 -9999 -9999 -9999 -9999 -9999 -9999 -9999 -9999 -9999 -9999 -9999 -9999 -9999 -9999 -9999 -9999 -9999 -9999 -9999 -9999 -9999 -9999 -9999 -9999 -9999 -9999 -9999 -9999 -9999 -9999 -9999
-9999 -9999 -9999 -9999 -9999 -9999 -9999 -9999 -9999 -9999 -9999 -9999 -9999 -9999 -9999 -9999 -9999 -9999 -9999 -9999 -9999 -9999 -9999 -9999 -9999 -9999 -9999 -9999 -9999 -9999 -9999 -9999 -9999 -9999 -9999 -9999 -9999 -9999 -9999 -9999 -9999 -9999 -9999 -9999 -9999 -9999 -9999 -9999 -9999 -9999 -9999 -9999 -9999 -9999 -9999 -9999 -9999 -9999 -9999 -9999 -9999 -9999 -9999 -9999 -9999 -9999 -9999 -9999 -9999 -9999 -9999 -9999 -9999
-9999 -9999 -9999 -9999 -9999 -9999 -9999 -9999 -9999 -9999 -9999 -9999 -9999 -9999 -9999 -9999 -9999 -9999 -9999 -9999 -9999 -9999 -9999 -9999 -9999 -9999 -9999 -9999 -9999 -9999 -9999 -9999 -9999 -9999 -9999 -9999 -9999 -9999 -9999 -9999 -9999 -0.06315 -9999 -9999 -9999 -9999 -9999 -9999 -9999 -9999 -9999 -9999 -9999 -9999 -9999 -9999 -9999 -9999 -9999 -9999 -9999 -9999 -9999 -9999 -9999 -9999 -9999 -9999 -9999 -9999 -9999 -9999 -9999
0.75116 0.79442 0.66938 0.63100 1.63356 1.57441 1.48846 0.32048 0.29286 0.30630 0.28064 0.45130 -0.19545 -9999 -9999 -9999 -9999 -9999 -9999 -9999 -9999 -9999 -9999 -9999 -9999 -9999 -9999 -9999 -9999 -9999 -9999 -9999 -9999 -9999 -9999 -9999 -0.17195 -0.45056 -0.28550 0.60618 -0.03710 0.12442 -0.64030 -9999 -9999 -9999 -0.50812 -9999 -9999 -9999 -0.82643 -1.07745 -1.06417 -9999 -9999 -9999 -9999 -9999 -9999 -9999 -9999 -9999 -9999 -9999 -9999 -9999 -9999 -9999 -9999 -9999 -9999 -9999 -9999
2.30406 0.15583 0.15456 0.20270 0.16210 0.26433 0.22830 0.24314 0.40142 0.25668 0.20504 0.22208 0.17306 0.16980 0.01267 -0.09861 -0.39853 -0.58719 -0.37498 -9999 -9999 -9999 -9999 -9999 -0.26788 -0.22619 -0.25031 -0.25232 -0.29268 -0.33187 -0.35186 -0.33074 -0.41881 -0.43485 -0.54824 -0.57290 0.59471 0.61052 -0.02028 0.65992 -0.01828 0.64208 -0.64430 -0.67454 -0.63091 -0.65648 -0.42112 -0.52387 -0.83667 -0.84295 -1.01607 -0.98089 -0.75275 -0.86602 -1.04402 -1.04422 -1.06888 -0.96865 -9999 -9999 -9999 -9999 -9999 -9999 -9999 -9999 -9999 -9999 -9999 -9999 -9999 -9999 -9999
0.22099 0.33843 0.28305 0.23910 0.19390 0.19611 0.16950 0.16024 0.19521 0.17501 0.17793 0.17191 0.16263 -0.00439 -0.12285 -0.13489 -0.77594 0.15139 -0.51038 -0.60582 -0.54588 -0.59390 -0.64864 -0.56668 -0.53953 -0.49038 -0.50562 -0.53712 -0.52459 -0.55554 -0.62853 -0.64354 -0.66770 -0.67914 -0.82485 -0.84121 -0.85714 -0.85503 -0.83464 -0.82352 -0.79650 -0.79082 -0.84225 -0.87543 -0.81435 -0.80351 -0.75122 -0.77123 -0.95889 -0.99175 -0.93222 -1.03991 -1.33164 -1.32978 -1.30747 -1.39897 -1.24411 -1.05587 -1.06889 -0.97034 -1.05053 -1.01597 -0.99014 -0.99328 -0.93042 -0.94903 -9999 -9999 -9999 -9999 -9999 -9999 -9999
0.20385 0.18427 0.16597 0.15840 0.14953 0.14881 0.17195 0.18838 0.19081 0.18589 0.19118 -0.09876 1.72812 1.27078 1.86606 0.26318 -0.93067 -0.90772 -0.57260 -0.55110 -0.42372 -0.49113 -0.50584 -0.47428 -0.48400 -0.37440 -0.34355 -0.37766 -0.42122 -0.48781 -0.63287 -0.65043 -0.61968 -0.64657 -0.75160 -0.80787 -0.75437 -0.80377 -0.76589 -0.76147 -0.67422 -0.72461 -0.75902 -0.80437 -0.75350 -0.78931 -0.78611 -0.85345 -0.86694 -0.97291 -0.91529 -0.94388 -1.18125 -1.19053 -1.24630 -1.32481 -1.08237 -1.01022 -1.04020 -0.98527 -1.01979 -1.01557 -0.98578 -1.01540 -0.94606 -0.94816 -9999 -1.03194 -9999 -9999 -9999 -9999 -9999
-0.08267 0.38493 0.36284 0.21067 -0.48794 -0.53791 -0.25101 -0.25258 0.20678 -0.27374 -0.62726 0.43488 0.31876 0.50108 -0.94187 -1.02862 -1.04222 -1.05774 -0.81506 -0.73491 -0.87038 -0.55422 -0.49143 -0.55880 -0.81289 -0.68104 -0.49638 -0.53062 -0.66487 -0.75437 -0.82237 -0.79186 -0.78801 -0.78315 -0.89072 -0.88991 -0.88874 -0.90625 -0.92739 -0.96104 -0.91164 -0.98942 -0.98012 -1.03437 -0.98287 -0.98147 -1.08085 -1.13523 -1.15194 -1.17643 -1.20256 -1.23045 -1.34779 -1.38687 -1.42150 -1.40829 -1.25607 -1.27100 -1.29508 -1.30112 -1.25555 -1.25670 -1.28444 -1.27780 -1.27331 -1.34002 -1.37274 -9999 -9999 -9999 -9999 -9999 -9999
0.24145 0.15543 -0.47345 -0.39099 -0.77958 -0.74294 -0.73183 -0.67570 -0.69350 -0.70393 -0.36743 -0.40798 -0.60815 -0.59101 -0.75512 -0.81273 -0.80417 -0.85212 -0.57503 -0.62527 -0.86311 -0.86557 -0.79039 -0.63745 -0.84778 -0.79158 -0.65961 -0.76694 -0.70338 -0.68697 -0.67120 -0.70361 -0.68266 -0.71151 -0.82780 -0.80827 -0.78198 -0.79635 -0.89161 -0.92542 -0.82991 -0.90729 -0.94389 -0.96072 -0.92712 -0.95000 -1.03288 -1.06090 -1.06243 -1.09680 -1.13430 -1.18189 -1.24238 -1.27987 -1.25929 -1.26701 -1.25484 -1.25985 -1.30089 -1.29529 -1.28921 -1.31923 -1.37363 -1.36519 -1.33265 -1.38589 -1.40918 -1.39937 -9999 -9999 -9999 -9999 -9999
-0.63210 -0.54725 -0.52474 -0.50371 -0.47656 -0.44369 -0.63116 -0.60662 -0.55103 -0.62639 -0.68702 -0.72782 -1.01964 -0.93051 -0.08105 -0.12622 -0.72867 -0.21230 -0.49642 -0.66601 -0.81226 -0.83702 -0.82189 -0.74248 -0.73802 -0.78994 -0.79109 -0.82713 -0.80305 -0.79799 -0.78444 -0.81888 -0.79808 -0.77439 -0.61455 -0.60354 -0.78643 -0.76384 -0.77665 -0.80557 -0.82682 -0.88559 -0.92203 -0.94452 -0.95813 -1.01420 -1.07009 -1.12945 -1.09879 -1.15058 -1.20324 -1.21412 -1.22280 -1.24721 -1.24841 -1.27856 -1.28449 -1.30778 -1.37616 -1.37380 -1.34103 -1.25185 -1.27377 -1.27178 -1.20998 -1.22405 -1.21097 -1.21677 -1.20090 -1.18517 -1.13979 -1.11633 -9999
-0.17272 -0.25470 -0.21987 -0.18614 -0.41747 -0.43244 -0.61338 -0.64867 -0.66167 -0.78436 -0.88529 -0.79509 -1.07165 -0.96357 0.40576 0.16183 0.14754 0.50703 -0.47096 -0.70255 -0.86429 -0.82059 -0.74626 -0.73618 -0.67637 -0.79792 -0.85033 -0.84373 -0.75583 -0.81685 -0.85780 -0.92822 -0.83919 -0.79678 -0.62867 -0.61270 -0.71699 -0.67754 -0.68108 -0.76611 -0.82478 -0.84165 -0.89851 -0.94276 -0.96721 -0.99711 -1.07985 -1.07918 -1.08939 -1.11794 -1.19366 -1.21242 -1.16693 -1.20438 -1.27933 -1.16044 -1.27527 -1.24118 -1.33889 -1.36123 -1.23791 -1.14278 -1.20886 -1.27302 -1.22752 -1.21420 -1.15680 -1.16777 -1.14609 -1.13610 -1.02230 -1.02367 -1.06499
-1.05187 -0.48823 -0.47586 -1.23432 -0.20048 -0.40184 -0.67641 -0.49547 -0.86771 -1.02832 -1.10417 -0.93723 -0.77829 -0.81315 0.23397 0.16591 0.15118 0.49498 0.26316 -0.48968 -0.59233 -0.56522 -0.65432 -0.67781 -0.64545 -0.63483 -0.64042 -0.69530 -0.60349 -0.70233 -0.79296 -0.74817 -0.63017 -0.62114 -0.54560 -0.49857 -0.52108 -0.42961 -0.49976 -0.54949 -0.71455 -0.76414 -0.81263 -0.80990 -0.98842 -1.03611 -1.08461 -1.10495 -1.06016 -1.09588 -1.16416 -1.19124 -1.18329 -1.05343 -1.04983 -1.26439 -1.24914 -1.26715 -1.27500 -1.27482 -1.16509 -1.19689 -1.29832 -1.35414 -1.26914 -1.27677 -1.28326 -1.24520 -1.20218 -1.24760 -1.09231 -1.05050 -0.88590
-0.81503 -1.05483 -0.44900 -0.61568 -0.43180 -0.42104 -0.07260 -0.21009 -0.70414 -0.54953 -0.86813 -0.94133 -0.86086 -0.76846 0.26435 0.17108 0.54606 0.28190 0.16035 0.00533 -0.16173 -0.16785 -0.41401 -0.58410 -0.72768 -0.78039 -0.72402 -0.68834 -0.64344 -0.56740 -0.25524 -0.51454 -0.57423 -0.58629 -0.44930 -0.55144 -0.74654 -0.68641 -0.76266 -0.74676 -0.78519 -0.78440 -0.76229 -0.74916 -0.85371 -0.83284 -1.07804 -1.07954 -1.06469 -1.08850 -1.16898 -1.23806 -1.08890 -1.01457 -1.05676 -1.08739 -1.15550 -1.10073 -1.15117 -1.11754 -0.98809 -1.05801 -1.22003 -1.31610 -1.23546 -1.26335 -1.21417 -1.20783 -1.19602 -1.21372 -0.91734 -1.05685 -0.87668
-0.18486 -0.24197 -0.39874 -0.55560 -0.29508 -0.25563 0.06417 -0.01513 0.09654 0.05071 0.25573 0.24947 0.12058 -0.42208 -0.81106 0.16056 0.17986 0.17154 0.13362 0.82766 0.12766 0.40047 0.07947 0.05266 0.32561 0.25505 -0.07515 -0.09747 0.20995 0.07340 -0.15082 -0.13467 0.15933 0.02473 0.03927 0.00959 -0.44163 -0.37155 -0.45211 -0.51703 -0.60420 -0.69691 -0.66469 -0.52671 -0.61011 -0.66695 -0.97007 -1.02482 -1.05001 -1.09949 -1.03131 -1.02332 -1.05610 -1.09397 -1.12175 -1.07159 -1.14127 -1.10250 -1.16798 -1.12307 -1.09668 -1.20770 -1.23490 -1.30024 -1.14574 -1.25083 -1.29169 -1.31013 -1.23387 -1.24598 -1.08896 -1.07850 -0.75278
-0.74093 -0.69470 -0.48435 -0.57316 -0.77180 -0.87181 -0.00177 -0.21303 -0.06166 0.04355 0.21891 0.21417 0.83362 0.64580 0.21501 -0.24664 0.94981 0.17129 0.38584 0.73651 0.83873 0.50742 0.19805 -0.09442 -0.02220 -0.09406 -0.10402 -0.07240 0.12336 0.16463 -0.18306 -0.22775 0.02855 -0.16623 0.03881 -0.06117 -0.54758 -0.61323 -0.57137 -0.59728 -0.69594 -0.76380 -0.94572 -0.82038 -0.83090 -0.73924 -0.98617 -0.95042 -1.03262 -1.02074 -1.01797 -1.02704 -1.05126 -1.06011 -1.09375 -1.08021 -1.12951 -1.16650 -1.21696 -1.16423 -1.09904 -1.13009 -1.20309 -1.21256 -1.17434 -1.14957 -1.25817 -1.30517 -1.15513 -1.19602 -1.01584 -1.01491 -0.78327
-0.82336 -0.96780 -0.88306 -0.82319 -0.85015 -1.01404 -0.61313 -0.29382 -0.24930 -0.21657 -0.14924 -0.06440 0.34921 0.57904 0.30513 0.66268 0.69026 0.31149 0.11893 0.03160 -0.22198 -0.18778 -0.22227 -0.43219 -0.56650 -0.50001 -0.42957 -0.36718 -0.18491 -0.32453 0.16397 -0.12691 -0.24154 -0.42543 -0.43075 -0.53568 -0.23914 -0.37420 -0.33577 -0.44337 -0.57070 -0.55693 -0.62940 -0.68295 -0.76182 -0.63194 -0.86858 -0.76961 -0.89338 -0.91498 -1.04692 -1.08073 -1.17540 -1.17177 -1.10724 -1.15216 -1.15996 -1.15537 -1.16572 -1.23327 -1.16044 -1.13836 -1.13924 -1.19126 -1.30780 -1.34728 -1.23086 -1.32069 -1.27565 -1.28463 -1.19803 -1.21167 -1.14409
-1.08290 -1.26736 -0.52976 -0.59870 -0.09038 0.32282 -0.16361 -0.98848 -0.61172 -0.12886 0.04526 0.09511 -0.39747 -0.11942 0.02312 0.10440 0.38486 0.25083 0.50410 0.27776 0.03484 -0.25706 -0.19389 -0.39588 -0.46767 -0.00127 0.23210 -0.13756 0.24813 0.19082 0.10510 -0.14463 -0.13556 -0.33715 -0.43286 -0.53823 -0.32349 -0.44178 -0.43389 -0.45010 -0.59094 -0.58525 -0.67772 -0.72073 -0.92367 -0.82921 -0.85216 -0.78112 -0.78786 -0.84651 -1.03132 -1.05755 -1.14895 -1.19053 -1.09195 -1.06544 -1.14905 -1.20273 -1.22094 -1.20826 -1.19310 -1.19533 -1.07813 -1.14854 -1.33319 -1.37345 -1.31035 -1.30243 -1.30724 -1.33749 -1.22567 -1.23997 -1.13450
-0.31377 -0.02630 0.06979 0.04209 0.24872 0.17042 0.22824 0.04743 0.15817 0.03828 0.21495 0.72750 -0.11727 0.09597 0.13289 0.31742 0.56800 0.82347 1.47654 1.69108 0.53227 0.21578 0.02045 -0.28779 -0.39432 -0.24955 -0.12542 0.50625 0.58640 0.27855 -0.02833 -0.07394 -0.17127 -0.33867 -0.13502 -0.39316 -0.11644 -0.22462 -0.33310 -0.33473 -0.50691 -0.45683 -0.43486 -0.46099 -0.55563 -0.59961 -0.74930 -0.51352 -0.80092 -0.71317 -0.95688 -1.00204 -1.13035 -1.15737 -1.10713 -1.14310 -1.14401 -1.17028 -1.13302 -1.12385 -1.28822 -1.28635 -1.24476 -1.26246 -1.35519 -1.41009 -1.41831 -1.36623 -1.34066 -1.33097 -1.29276 -1.30971 -1.20221
-0.39392 -0.12943 0.29860 0.26632 0.68509 0.65624 -0.21047 -0.58071 -0.27874 -0.11700 -0.34069 -0.09068 -0.32792 -0.07776 0.10059 0.09324 0.57382 0.86457 0.54741 0.69216 0.37208 0.76978 0.25786 -0.21243 -0.22060 0.17032 -0.05726 0.76755 0.49288 0.15142 -0.29315 -0.31941 -0.37396 -0.43333 -0.26160 -0.33324 -0.06305 -0.19762 -0.26893 -0.38018 -0.46554 -0.47354 -0.50626 -0.47905 -0.53753 -0.49653 -0.88062 -0.51369 -0.69347 -0.69458 -0.83984 -0.87385 -1.10187 -1.09823 -1.03518 -1.07930 -1.06223 -1.07739 -1.06428 -1.04668 -1.17180 -1.22597 -1.15501 -1.25054 -1.31253 -1.34231 -1.21830 -1.38868 -1.34756 -1.33970 -1.33624 -1.35168 -1.08800
1.14411 1.20004 1.51498 1.49915 1.81998 1.73197 1.43131 0.99929 0.80633 0.93400 0.61644 0.62761 0.34252 0.52977 0.52982 0.64622 0.52542 0.41688 0.37884 0.76059 0.13194 0.01151 -0.20178 -0.08341 0.13048 0.43374 0.37460 0.36658 0.37913 0.23592 -0.11104 -0.29655 -0.19133 -0.44011 -0.27913 -0.38798 0.15932 -0.09495 -0.25256 -0.25309 -0.42990 -0.18867 -0.11509 -0.25833 -0.54657 -0.58186 -0.84283 -0.55248 -0.39727 -0.54920 -0.59491 -0.58390 -0.61028 -0.64062 -0.86282 -0.90894 -0.81633 -0.90318 -1.11026 -1.03589 -1.09409 -1.10486 -1.02290 -1.22699 -0.91287 -1.05597 -0.97595 -1.33049 -1.25938 -1.19039 -1.07682 -1.01065 -1.19688
-9999 0.47460 0.55383 1.07449 1.59022 1.71271 1.53116 1.22616 1.09571 1.09247 1.01880 0.89599 -0.03119 0.07497 -0.18849 -0.01356 -0.35316 0.12128 0.10322 0.06872 -0.38608 -0.26950 -0.71777 -0.73548 -0.60388 -0.16365 0.44343 0.18503 0.18588 -0.21945 -0.33544 -0.23275 -0.47010 -0.53641 -0.50383 -0.19241 0.15080 0.27780 0.07075 0.23682 -0.06758 0.03610 -0.08805 0.07178 -0.37298 -0.34708 -0.62655 -0.57988 -0.38146 -0.45120 -0.32371 -0.33529 -0.59928 -0.65203 -0.85132 -0.88614 -0.67814 -0.70388 -0.90856 -0.84873 -0.85602 -0.77456 -0.85926 -1.03298 -0.68500 -1.02288 -1.26880 -1.26438 -0.38822 -0.84924 -0.76897 -0.89955 -1.16393
