data/hydroclimate-scenarios/BCSD_hadcm_A1B/monthly_summaries/et_monthly_tot_aug.2030-2059.asc
ncols	311
nrows	91
xllcenter	102.75
yllcenter	31.75
cellsize	0.5
NODATA_value	-9999
[rows 0 to 31 of 91, columns 71 to 141 of 311]
-9999 -9999 -9999 -9999 -9999 -9999 -9999 -9999 -9999 -9999 -9999 -9999 -9999 -9999 -9999 -9999 -9999 -9999 -9999 -9999 -9999 -9999 -9999 -9999 -9999 -9999 -9999 -9999 -9999 -9999 -9999 -9999 -9999 -9999 -9999 -9999 -9999 -9999 -9999 -9999 -9999 -9999 -9999 -9999 -9999 -9999 -9999 -9999 -9999 -9999 -9999 -9999 -9999 -9999 -9999 -9999 -9999 -9999 -9999 -9999 -9999 -9999 -9999 -9999 -9999 -9999 -9999 -9999 -9999 -9999 -9999
-9999 -9999 -9999 -9999 -9999 -9999 -9999 -9999 -9999 -9999 -9999 -9999 -9999 -9999 -9999 -9999 -9999 -9999 -9999 -9999 -9999 -9999 -9999 -9999 -9999 -9999 -9999 -9999 -9999 -9999 -9999 -9999 -9999 -9999 -9999 -9999 -9999 -9999 -9999 -9999 -9999 -9999 -9999 -9999 -9999 -9999 -9999 -9999 -9999 -9999 -9999 -9999 -9999 -9999 -9999 -9999 -9999 -9999 -9999 -9999 -9999 -9999 -9999 -9999 -9999 -9999 -9999 -9999 -9999 -9999 -9999
-9999 -9999 -9999 -9999 -9999 -9999 -9999 -9999 -9999 -9999 -9999 -9999 -9999 -9999 -9999 -9999 -9999 -9999 -9999 -9999 -9999 -9999 -9999 -9999 -9999 -9999 -9999 -9999 -9999 -9999 -9999 -9999 -9999 -9999 -9999 -9999 -9999 -9999 -9999 -9999 -9999 -9999 -9999 -9999 -9999 -9999 -9999 -9999 -9999 -9999 -9999 -9999 -9999 -9999 -9999 -9999 -9999 -9999 -9999 -9999 -9999 -9999 -9999 -9999 -9999 -9999 -9999 -9999 -9999 -9999 -9999
-9999 -9999 -9999 -9999 -9999 -9999 -9999 -9999 -9999 -9999 -9999 -9999 -9999 -9999 -9999 -9999 -9999 -9999 -9999 -9999 -9999 -9999 -9999 -9999 -9999 -9999 -9999 -9999 -9999 -9999 -9999 -9999 -9999 -9999 -9999 -9999 -9999 -9999 -9999 -9999 -9999 -9999 -9999 -9999 -9999 -9999 -9999 -9999 -9999 -9999 -9999 -9999 -9999 -9999 -9999 -9999 -9999 -9999 -9999 -9999 -9999 -9999 -9999 -9999 -9999 -9999 -9999 -9999 -9999 -9999 -9999
-9999 -9999 -9999 -9999 -9999 -9999 -9999 -9999 -9999 -9999 -9999 -9999 -9999 -9999 -9999 -9999 -9999 -9999 -9999 -9999 -9999 -9999 -9999 -9999 -9999 -9999 -9999 -9999 -9999 -9999 -9999 -9999 -9999 -9999 -9999 -9999 -9999 -9999 -9999 -9999 -9999 -9999 -9999 -9999 -9999 -9999 -9999 -9999 -9999 -9999 -9999 -9999 -9999 -9999 -9999 -9999 -9999 -9999 -9999 -9999 -9999 -9999 -9999 -9999 -9999 -9999 -9999 -9999 -9999 -9999 -9999
-9999 -9999 -9999 -9999 -9999 -9999 -9999 -9999 -9999 -9999 -9999 -9999 -9999 -9999 -9999 -9999 -9999 -9999 -9999 -9999 -9999 -9999 -9999 -9999 -9999 -9999 -9999 -9999 -9999 -9999 -9999 -9999 -9999 -9999 -9999 -9999 -9999 -9999 -9999 -9999 -9999 -9999 -9999 -9999 -9999 -9999 -9999 -9999 -9999 -9999 -9999 -9999 -9999 -9999 -9999 -9999 -9999 -9999 -9999 -9999 -9999 -9999 -9999 -9999 -9999 -9999 -9999 -9999 -9999 -9999 -9999
-9999 -9999 -9999 -9999 -9999 -9999 -9999 -9999 -9999 -9999 -9999 -9999 -9999 -9999 -9999 -9999 -9999 -9999 -9999 -9999 -9999 -9999 -9999 -9999 -9999 -9999 -9999 -9999 -9999 -9999 -9999 -9999 -9999 -9999 -9999 -9999 -9999 -9999 -9999 -9999 -9999 -9999 -9999 -9999 -9999 -9999 -9999 -9999 -9999 -9999 -9999 -9999 -9999 -9999 -9999 -9999 -9999 -9999 -9999 -9999 -9999 -9999 -9999 -9999 -9999 -9999 -9999 -9999 -9999 -9999 -9999
-9999 -9999 -9999 -9999 -9999 -9999 -9999 -9999 -9999 -9999 -9999 -9999 -9999 -9999 -9999 -9999 -9999 -9999 -9999 -9999 -9999 -9999 -9999 -9999 -9999 -9999 -9999 -9999 -9999 -9999 -9999 -9999 -9999 -9999 -9999 -9999 -9999 -9999 -9999 -9999 -9999 -9999 -9999 -9999 -9999 -9999 -9999 -9999 -9999 -9999 -9999 -9999 -9999 -9999 -9999 -9999 -9999 -9999 -9999 -9999 -9999 -9999 -9999 -9999 -9999 -9999 -9999 -9999 -9999 -9999 -9999
-9999 -9999 -9999 -9999 -9999 -9999 37.65340 -9999 -9999 -9999 -9999 -9999 -9999 -9999 -9999 -9999 -9999 -9999 -9999 -9999 -9999 -9999 -9999 -9999 -9999 -9999 -9999 -9999 -9999 -9999 -9999 -9999 -9999 -9999 -9999 -9999 -9999 -9999 -9999 -9999 -9999 -9999 -9999 -9999 -9999 -9999 -9999 -9999 -9999 -9999 -9999 -9999 -9999 -9999 -9999 -9999 -9999 -9999 -9999 -9999 -9999 -9999 -9999 -9999 -9999 -9999 -9999 -9999 -9999 -9999 -9999
-9999 -9999 39.40120 34.64630 35.06280 36.75270 38.68390 39.44700 37.80320 38.48050 38.88260 38.62940 42.48300 41.79810 43.64820 43.25320 40.84800 40.28950 40.34160 39.83430 36.41850 35.11020 -9999 -9999 -9999 -9999 -9999 -9999 -9999 -9999 -9999 -9999 -9999 -9999 -9999 -9999 -9999 -9999 -9999 -9999 -9999 -9999 -9999 -9999 -9999 -9999 -9999 -9999 -9999 -9999 -9999 -9999 -9999 -9999 -9999 -9999 -9999 -9999 -9999 -9999 -9999 -9999 -9999 -9999 -9999 -9999 -9999 -9999 -9999 -9999 -9999
-9999 -9999 -9999 -9999 38.35270 39.03560 38.40800 38.57530 40.89040 41.10590 42.74200 43.07000 42.29700 41.79200 42.86440 42.36870 40.65600 40.19910 40.70600 40.67310 40.39120 40.11500 -9999 -9999 -9999 -9999 -9999 -9999 -9999 -9999 -9999 -9999 -9999 -9999 -9999 -9999 -9999 -9999 -9999 -9999 -9999 -9999 -9999 -9999 -9999 -9999 -9999 -9999 -9999 -9999 -9999 -9999 -9999 -9999 -9999 -9999 -9999 -9999 -9999 -9999 -9999 -9999 -9999 -9999 -9999 -9999 -9999 -9999 -9999 -9999 -9999
34.84340 34.70270 36.18750 36.19220 38.43100 38.14450 36.63700 37.65430 39.35480 40.29570 42.56520 42.80710 42.09020 42.19390 43.44980 42.86810 41.06990 40.90010 40.76310 40.33680 36.22060 35.86210 39.93240 39.93600 35.96820 35.62070 35.39990 33.61050 -9999 -9999 -9999 -9999 -9999 -9999 -9999 -9999 -9999 -9999 -9999 -9999 -9999 -9999 -9999 -9999 -9999 -9999 -9999 -9999 -9999 -9999 -9999 -9999 -9999 -9999 -9999 -9999 -9999 -9999 -9999 -9999 -9999 -9999 -9999 -9999 -9999 -9999 -9999 -9999 -9999 -9999 -9999
34.11670 34.01860 35.23820 34.86840 33.78240 34.54560 35.63180 35.96850 39.00180 39.42390 40.90180 41.03900 39.28020 39.41070 41.11690 40.83550 39.94710 38.41680 34.84260 40.97150 40.91970 40.42770 38.96820 38.86630 37.22460 37.07550 35.90560 35.85760 36.01750 35.58000 34.84510 34.80370 35.05960 35.53010 34.83980 34.93380 32.11480 31.88700 30.43690 30.76040 33.33460 33.01210 35.04860 -9999 -9999 -9999 -9999 -9999 -9999 -9999 -9999 -9999 -9999 -9999 -9999 -9999 -9999 -9999 -9999 -9999 -9999 -9999 -9999 -9999 -9999 -9999 -9999 -9999 -9999 -9999 -9999
36.09110 36.49810 37.05450 36.41840 36.68780 36.13580 36.14880 35.71360 39.05570 40.03040 40.05410 39.29580 38.28160 38.10860 39.71020 39.31100 39.75690 38.51410 39.24570 40.17700 40.58670 40.29070 38.16560 41.62240 36.59560 35.89840 34.89830 34.52850 36.37950 37.66380 36.27110 36.29850 34.81660 34.84880 35.01240 34.79210 33.53810 32.87710 31.31870 31.29590 34.11970 34.89240 37.13090 33.59910 -9999 -9999 -9999 -9999 -9999 -9999 -9999 -9999 -9999 -9999 -9999 -9999 -9999 -9999 -9999 -9999 -9999 -9999 -9999 -9999 -9999 -9999 -9999 -9999 -9999 -9999 -9999
41.80010 40.64170 37.48890 37.76550 39.78520 39.95760 40.73260 39.96470 38.55640 37.65540 41.03930 40.42560 41.51550 41.08620 41.53790 40.83210 41.86430 41.89410 39.79140 34.58870 38.42180 38.10880 39.65320 39.42870 38.01140 38.84670 37.21670 36.37610 39.14840 39.18730 38.01460 37.86080 36.67930 36.75960 35.73110 36.14950 34.00610 34.02660 35.86140 36.56100 39.19470 39.77720 40.63110 40.39770 -9999 -9999 -9999 -9999 -9999 -9999 -9999 -9999 -9999 -9999 -9999 -9999 -9999 -9999 -9999 35.48740 37.81820 -9999 -9999 -9999 -9999 39.04650 39.30410 37.08480 42.37030 43.03070 44.31000
41.53730 41.85720 39.83550 39.54770 40.63460 39.52750 40.88020 40.83430 38.96960 38.46380 41.18750 41.77370 42.61780 43.22060 43.78030 42.94330 43.35820 42.63740 35.85390 40.81870 39.69860 38.84400 41.03210 39.46950 37.78560 36.96030 36.80270 37.13930 39.41360 39.74760 39.44470 39.28270 37.66870 37.64230 36.27730 36.71800 34.13190 33.83430 35.56590 30.78220 35.00440 35.58070 35.39190 35.50710 34.03950 33.34640 32.92330 37.34970 39.57460 39.63670 35.55350 36.39460 38.01340 37.58880 37.87550 40.61550 35.99180 36.54190 35.93750 36.15620 38.79900 -9999 -9999 -9999 -9999 -9999 42.58450 42.09230 45.85530 43.75490 43.43810
44.46570 45.12460 42.50600 43.69610 47.04150 43.43100 41.38370 41.09470 40.11470 39.42360 40.14610 40.23400 41.93450 41.59650 43.73000 36.61390 41.47660 41.06120 40.58060 40.04160 38.27100 37.93040 37.98840 37.61960 35.73600 36.00080 36.85810 37.08880 37.67030 38.43600 39.58670 39.03110 35.85320 37.04360 37.09640 37.53470 36.60850 36.86660 32.25400 32.54660 38.57300 32.96780 41.49790 41.24760 38.29880 37.92470 37.59890 36.59040 40.18290 41.33680 38.08460 37.62180 40.60790 41.43710 40.42270 40.49190 37.28970 37.60250 38.57010 41.37770 44.62510 45.55950 40.80180 41.37160 42.16530 42.17620 43.97060 44.32480 47.17940 46.32260 44.56810
45.43680 45.11710 42.94100 45.07170 47.72390 47.43950 44.13290 42.92290 38.80910 38.60710 39.31950 40.47530 42.07690 36.49630 43.91400 44.27960 41.65800 41.15430 41.09330 39.70280 39.95380 38.23560 38.53510 38.07690 36.81710 36.28480 37.20150 37.66440 39.14620 39.77830 40.55200 40.89400 37.43450 37.23800 38.51940 38.59460 32.23650 37.37450 37.46400 38.72490 39.13600 38.97040 42.21150 41.28560 38.88460 38.60570 37.96570 36.42060 39.29500 39.67750 38.25320 36.70840 40.60870 40.69510 41.26470 41.11100 39.34960 39.65940 41.07070 40.97000 42.30200 45.62380 45.94800 45.82140 41.16340 40.32480 43.43520 43.17300 45.96450 44.07370 46.00270
48.62270 45.37720 47.94350 47.85620 48.43570 45.90530 42.00230 44.71140 44.04720 41.83280 41.04860 41.19200 40.22210 40.38160 41.70800 41.94920 41.81950 41.53140 41.47800 43.43940 40.06360 38.58690 37.49010 36.40360 37.03090 37.52410 39.66670 39.44950 39.38470 39.68460 39.99390 35.03690 41.67070 42.02340 39.89150 39.90090 39.39210 39.85500 39.26840 40.35790 40.82190 40.54830 43.23000 43.61820 42.49930 40.07510 39.05360 38.18000 38.38520 38.94470 39.64690 40.29200 38.48010 38.20900 41.05600 40.62450 42.26720 39.94570 40.29170 42.66200 42.02360 41.14660 40.19820 43.14950 45.25640 47.53590 49.07810 49.95760 45.17900 44.23400 44.53840
49.63870 47.87990 50.79300 50.99250 52.62650 46.65040 42.76720 44.70310 45.02000 42.41720 47.07140 44.97560 42.54300 40.77610 41.44420 40.26410 41.38780 41.96730 42.32540 43.24100 40.50830 39.46120 38.52740 37.72820 37.85380 37.34670 40.25840 39.59910 39.82000 33.76100 40.09160 40.18860 41.20400 42.51550 38.81230 39.51280 40.04760 40.70630 39.60320 41.35250 43.61870 43.09010 43.44890 43.18180 42.95520 41.40480 40.93600 41.12540 39.21170 40.12260 41.00250 40.32870 38.56190 37.76650 38.87470 38.86970 41.43710 40.89540 41.18730 41.80180 42.38470 42.21830 43.90640 41.79850 43.29610 46.78410 45.30430 51.02550 46.30650 46.45130 42.03420
51.55550 52.25950 53.05700 51.93260 48.11090 52.88580 49.47380 45.99610 44.52340 42.66060 45.90560 49.32610 44.85370 39.58690 41.60300 42.05080 43.24060 40.50190 40.59950 39.87450 36.92770 36.92660 36.06700 34.82430 38.96930 39.71750 41.07130 40.24390 40.47620 41.04240 41.26170 42.65660 42.67170 42.60120 38.46060 39.87700 41.38180 42.45760 41.86030 40.82580 44.03980 44.24910 43.55360 43.08720 41.96740 41.30810 42.25440 40.37380 39.21320 38.79790 39.45730 40.11210 38.86560 39.78140 40.34470 41.68610 43.71280 42.95010 42.58740 43.20760 43.68440 44.68900 50.76440 47.47250 51.39160 49.88010 54.05130 52.66970 47.84820 43.37620 45.44420
54.43190 54.38000 53.64720 49.60940 50.82110 52.49570 54.50540 51.50260 48.19700 45.57150 41.78730 44.55070 46.87990 46.79290 42.01760 41.05450 44.98250 45.82960 44.46760 47.15360 38.28990 37.84560 36.67750 36.60120 40.55080 41.69250 43.11250 42.01320 43.10730 44.11840 43.94540 45.63420 44.03330 45.67310 41.18250 41.64740 43.55190 44.60430 46.12450 42.53740 43.33510 43.95330 44.61800 42.89420 43.22810 42.84760 43.26830 42.90750 43.33240 42.04020 42.06750 42.86990 41.09910 44.78170 41.29720 42.08380 47.58190 43.78400 45.16100 47.31740 47.10080 47.21330 49.02230 50.27180 52.84200 56.87160 50.97960 50.55070 46.02670 44.96530 47.56700
51.23870 51.12200 48.16910 50.32600 49.75100 47.04080 49.67630 54.03830 48.11980 47.13610 47.29380 48.42090 48.36200 49.83260 45.54910 48.21710 46.76270 42.73560 44.43610 45.38680 51.81690 46.80470 48.26130 47.69530 42.70560 43.17080 43.99670 43.91910 43.58440 43.00160 44.98000 45.05890 45.07140 43.82160 45.20100 43.89180 44.06690 43.39490 46.02680 45.45740 45.46720 47.00020 47.95890 46.03420 47.65980 47.04510 46.38300 46.84600 43.56740 41.97200 41.79010 41.98000 41.89300 42.83490 46.79320 45.82830 42.37790 43.42280 43.77390 46.06270 46.75970 47.44730 47.33800 52.59720 49.33440 50.99170 49.31570 50.53520 48.65240 49.63160 47.11630
53.28970 51.85800 52.56270 54.30280 55.65990 52.20910 54.09000 51.77970 48.44450 49.02530 47.39020 48.44360 50.47240 50.38950 47.14060 47.32560 39.94290 44.46940 44.57630 46.58200 47.53660 48.39330 50.60380 48.56700 43.66780 42.23350 44.12390 43.93100 43.45410 43.89620 45.24320 45.08930 45.01380 44.65400 43.60530 44.97880 45.97200 45.04650 47.43720 47.38520 46.91300 47.38840 48.09560 50.81490 48.77820 45.55820 47.71800 47.11390 45.68150 44.07710 42.33510 42.92030 43.15130 43.19460 43.82320 43.86350 44.58390 46.22380 44.15560 44.95150 48.25420 48.53340 49.92710 51.05450 52.64640 53.60260 52.22120 51.08070 47.55850 47.64140 47.24370
54.38270 53.09650 54.90150 54.54930 54.37340 53.66240 56.54050 55.32180 53.17650 52.43070 50.29620 48.72990 51.38880 47.67340 50.26520 51.04190 46.81760 43.90660 47.84070 44.45400 50.58950 50.64560 52.08510 51.76020 45.38300 42.88470 43.58760 44.88420 44.67290 45.23690 44.42330 43.25430 44.66060 45.29860 46.90140 45.60040 46.32360 46.43410 49.15770 49.09660 48.93560 50.19120 50.60170 52.75410 49.05150 48.20020 47.56120 47.25640 45.29460 42.27040 43.36400 43.59070 46.24890 45.67690 45.08140 45.07130 45.88670 45.63870 45.92070 47.46100 47.99270 46.83440 48.02190 48.73050 49.44260 50.70020 48.74310 47.63650 48.20280 47.31270 44.62900
58.08030 57.57120 56.55670 55.66580 56.08950 54.72780 56.97390 55.23720 53.25440 51.16530 49.41830 49.22520 48.94870 49.04840 51.91790 53.17430 47.99250 46.77940 44.82810 45.31540 51.74810 50.43400 52.39750 52.05520 48.93060 51.06880 46.30720 45.27700 46.77910 48.34960 46.15770 46.15350 46.22160 47.64950 47.01250 49.05470 50.07810 49.51000 49.05850 51.88480 54.65530 50.50250 50.44900 49.45090 51.55720 49.33030 50.49670 50.48240 48.06460 47.91510 44.02800 44.93790 43.98710 43.88000 43.45650 45.39300 47.32700 47.96270 46.12700 48.28980 50.00930 50.68190 49.54430 50.25210 51.38060 51.13250 50.44260 50.36170 48.94240 52.15170 50.63650
61.15030 60.83660 57.71070 58.64410 57.85020 58.19780 55.50190 54.52110 52.53440 52.56810 51.70340 51.54100 51.75300 53.66240 52.17690 51.84840 52.05120 49.42790 49.25350 47.93100 51.32840 50.25400 49.07830 48.47310 50.72190 51.17180 49.19770 48.34470 48.94990 49.54730 49.05580 47.24960 50.13020 52.74180 50.90000 49.44560 50.97170 50.02670 53.23010 48.75510 50.30270 49.27000 53.38130 53.71400 51.91580 51.19260 46.90350 50.66000 49.95960 46.89380 49.49420 46.75220 48.19120 49.01890 50.54950 50.41660 50.28240 51.28810 51.48350 51.21390 50.18360 50.49230 51.64350 52.19660 53.42050 54.56040 51.62500 52.94520 52.54290 52.75600 53.28240
66.05740 63.26330 57.82780 60.39730 58.68650 59.11250 61.03850 54.39900 56.20870 53.20430 49.61320 52.67680 56.97650 55.93980 53.99300 52.65300 51.80720 52.53750 52.57380 51.76510 50.72250 52.71480 49.94020 49.97920 50.32880 51.91860 52.35220 51.38760 51.51370 50.29480 52.03230 49.72320 52.80610 52.75510 52.45580 50.21550 51.47520 49.44180 50.41260 54.08260 56.47850 53.81920 55.00790 50.72550 49.25960 50.07700 51.25070 50.81840 48.61100 49.30960 49.98330 49.23770 50.45320 50.08510 51.08370 51.98190 54.35080 53.82540 51.95260 52.31700 51.24750 51.64470 51.19260 51.04960 53.81790 57.68020 56.13360 54.87310 54.16080 53.76650 53.95160
65.59300 65.05870 61.17030 65.74800 64.12380 58.88610 63.50800 63.30510 64.73860 60.85640 55.77140 56.72920 58.35280 59.14890 56.43260 57.35290 54.30230 53.59180 56.04670 56.82230 56.65690 55.83460 53.74760 51.72750 52.24080 51.01800 51.43010 49.84410 48.62540 49.33170 47.61900 50.25780 51.97860 51.81190 49.81720 53.80460 48.58630 50.26390 51.51720 51.63670 52.97300 58.12020 52.69800 53.65410 52.63840 51.42600 47.29950 49.45980 44.12090 44.87060 49.32330 49.64740 51.67440 50.33490 54.03330 53.89560 55.81980 55.46440 51.87890 51.78420 51.00490 49.52550 54.94180 56.61300 57.80800 57.54820 58.84050 58.91920 57.64040 57.55170 57.99730
67.74970 66.10650 63.97060 65.02540 59.20890 60.65300 56.40270 61.60940 59.35010 57.64260 52.70820 57.57720 59.55640 61.79170 57.42260 60.23460 57.34450 54.90850 57.53150 58.46520 57.64280 57.79760 55.82610 55.94040 53.75620 57.12680 53.00600 52.13010 50.86050 51.95160 51.37120 48.48520 53.37640 52.87660 49.23520 49.74980 51.06280 51.61260 50.79410 52.97200 54.22710 57.02660 57.25120 56.47420 52.29430 50.76520 50.57350 51.14840 47.01460 46.71050 -9999 -9999 53.39050 50.34920 53.92230 54.32670 55.79380 56.09380 53.88790 54.88790 54.50020 56.73530 58.33800 63.38050 64.56530 63.64960 64.25130 64.37440 59.99450 55.09160 55.52770
64.94570 65.31290 66.50340 66.25820 62.86840 67.48270 64.08230 63.76340 58.07130 59.67920 62.86860 59.19550 60.28020 57.11170 60.10400 61.18270 58.11440 57.41260 57.04210 56.46750 60.59990 55.52260 57.41020 59.34040 57.92230 55.66430 52.74680 49.84470 55.90130 53.29400 54.83760 51.35530 50.11140 50.59040 49.27840 52.51530 56.53900 53.38690 53.58100 -9999 -9999 -9999 -9999 54.78510 -9999 55.99680 49.00330 51.30920 52.59290 49.76120 -9999 -9999 54.36900 56.80780 56.70960 55.91460 58.15350 58.49110 56.79240 57.36650 60.25830 61.09550 61.86230 66.12330 61.99930 61.60250 61.80760 62.90040 56.94180 58.44760 60.43910
66.02240 66.70920 68.21370 67.12590 68.75180 69.74320 65.13320 64.02570 65.20890 66.14760 67.58930 66.09220 64.71930 66.08780 63.63780 61.59570 58.00230 59.03240 59.53930 59.38110 58.56520 56.49250 59.12760 57.81940 62.53000 57.64000 57.93700 52.31850 52.89470 53.38370 55.84820 56.19570 50.75140 51.64640 52.30560 54.71570 55.88190 -9999 -9999 -9999 -9999 -9999 -9999 -9999 57.82730 55.98430 55.35420 -9999 -9999 -9999 -9999 -9999 51.31470 57.19340 58.82460 55.49370 54.80200 55.12570 58.50900 59.20570 60.07150 60.45930 60.58810 56.40610 56.85860 60.38580 61.40700 64.41680 59.77060 58.70860 -9999
