data/hydroclimate-scenarios/BCSD_hadcm_A1B/monthly_summaries/et_monthly_tot_dec.2030-2059.asc
ncols	311
nrows	91
xllcenter	102.75
yllcenter	31.75
cellsize	0.5
NODATA_value	-9999
[rows 0 to 31 of 91, columns 0 to 72 of 311]
-9999 -9999 -9999 -9999 -9999 -9999 -9999 -9999 -9999 -9999 -9999 -9999 -9999 -9999 -9999 -9999 -9999 -9999 -9999 -9999 -9999 -9999 -9999 -9999 -9999 -9999 -9999 -9999 -9999 -9999 -9999 -9999 -9999 -9999 -9999 -9999 -9999 -9999 -9999 -9999 -9999 -9999 -9999 -9999 -9999 -9999 -9999 -9999 -9999 -9999 -9999 -9999 -9999 -9999 -9999 -9999 -9999 -9999 -9999 -9999 -9999 -9999 -9999 -9999 -9999 -9999 -9999 -9999 -9999 -9999 -9999 -9999 -9999
-9999 -9999 -9999 -9999 -9999 -9999 -9999 -9999 -9999 -9999 -9999 -9999 -9999 -9999 -9999 -9999 -9999 -9999 -9999 -9999 -9999 -9999 -9999 -9999 -9999 -9999 -9999 -9999 -9999 -9999 -9999 -9999 -9999 -9999 -9999 -9999 -9999 -9999 -9999 -9999 -9999 -9999 -9999 -9999 -9999 -9999 -9999 -9999 -9999 -9999 -9999 -9999 -9999 -9999 -9999 -9999 -9999 -9999 -9999 -9999 -9999 -9999 -9999 -9999 -9999 -9999 -9999 -9999 -9999 -9999 -9999 -9999 -9999
-9999 -9999 -9999 -9999 -9999 -9999 -9999 -9999 -9999 -9999 -9999 -9999 -9999 -9999 -9999 -9999 -9999 -9999 -9999 -9999 -9999 -9999 -9999 -9999 -9999 -9999 -9999 -9999 -9999 -9999 -9999 -9999 -9999 -9999 -9999 -9999 -9999 -9999 -9999 -9999 -9999 -9999 -9999 -9999 -9999 -9999 -9999 -9999 -9999 -9999 -9999 -9999 -9999 -9999 -9999 -9999 -9999 -9999 -9999 -9999 -9999 -9999 -9999 -9999 -9999 -9999 -9999 -9999 -9999 -9999 -9999 -9999 -9999
-9999 -9999 -9999 -9999 -9999 -9999 -9999 -9999 -9999 -9999 -9999 -9999 -9999 -9999 -9999 -9999 -9999 -9999 -9999 -9999 -9999 -9999 -9999 -9999 -9999 -9999 -9999 -9999 -9999 -9999 -9999 -9999 -9999 -9999 -9999 -9999 -9999 -9999 -9999 -9999 -9999 -9999 -9999 -9999 -9999 -9999 -9999 -9999 -9999 -9999 -9999 -9999 -9999 -9999 -9999 -9999 -9999 -9999 -9999 -9999 -9999 -9999 -9999 -9999 -9999 -9999 -9999 -9999 -9999 -9999 -9999 -9999 -9999
-9999 -9999 -9999 -9999 -9999 -9999 -9999 -9999 -9999 -9999 -9999 -9999 -9999 -9999 -9999 -9999 -9999 -9999 -9999 -9999 -9999 -9999 -9999 -9999 -9999 -9999 -9999 -9999 -9999 -9999 -9999 -9999 -9999 -9999 -9999 -9999 -9999 -9999 -9999 -9999 -9999 -9999 -9999 -9999 -9999 -9999 -9999 -9999 -9999 -9999 -9999 -9999 -9999 -9999 -9999 -9999 -9999 -9999 -9999 -9999 -9999 -9999 -9999 -9999 -9999 -9999 -9999 -9999 -9999 -9999 -9999 -9999 -9999
-9999 -9999 -9999 -9999 -9999 -9999 -9999 -9999 -9999 -9999 -9999 -9999 -9999 -9999 -9999 -9999 -9999 -9999 -9999 -9999 -9999 -9999 -9999 -9999 -9999 -9999 -9999 -9999 -9999 -9999 -9999 -9999 -9999 -9999 -9999 -9999 -9999 -9999 -9999 -9999 -9999 -9999 -9999 -9999 -9999 -9999 -9999 -9999 -9999 -9999 -9999 -9999 -9999 -9999 -9999 -9999 -9999 -9999 -9999 -9999 -9999 -9999 -9999 -9999 -9999 -9999 -9999 -9999 -9999 -9999 -9999 -9999 -9999
-9999 -9999 -9999 -9999 -9999 -9999 -9999 -9999 -9999 -9999 -9999 -9999 -9999 -9999 -9999 -9999 -9999 -9999 -9999 -9999 -9999 -9999 -9999 -9999 -9999 -9999 -9999 -9999 -9999 -9999 -9999 -9999 -9999 -9999 -9999 -9999 -9999 -9999 -9999 -9999 -9999 -9999 -9999 -9999 -9999 -9999 -9999 -9999 -9999 -9999 -9999 -9999 -9999 -9999 -9999 -9999 -9999 -9999 -9999 -9999 -9999 -9999 -9999 -9999 -9999 -9999 -9999 -9999 -9999 -9999 -9999 -9999 -9999
-9999 -9999 -9999 -9999 -9999 -9999 -9999 -9999 -9999 -9999 -9999 -9999 -9999 -9999 -9999 -9999 -9999 -9999 -9999 -9999 -9999 -9999 -9999 -9999 -9999 -9999 -9999 -9999 -9999 -9999 -9999 -9999 -9999 -9999 -9999 -9999 -9999 -9999 -9999 -9999 -9999 -9999 0.24663 0.25066 0.24436 0.24910 0.25135 0.28163 0.28063 0.28847 0.28592 0.31967 -9999 -9999 -9999 -9999 -9999 -9999 -9999 -9999 -9999 -9999 -9999 -9999 -9999 -9999 -9999 -9999 -9999 -9999 -9999 -9999 -9999
-9999 -9999 -9999 -9999 -9999 -9999 -9999 -9999 -9999 -9999 -9999 -9999 -9999 -9999 -9999 -9999 -9999 -9999 -9999 -9999 -9999 -9999 -9999 -9999 -9999 -9999 -9999 -9999 -9999 -9999 -9999 -9999 -9999 -9999 -9999 -9999 -9999 -9999 0.09384 0.12126 0.12282 0.14069 0.14605 0.15251 0.14966 0.16553 0.16500 0.20554 0.20556 0.22013 0.21748 0.25238 0.25964 0.29873 -9999 -9999 -9999 -9999 -9999 -9999 -9999 -9999 -9999 -9999 -9999 -9999 -9999 -9999 -9999 -9999 -9999 -9999 -9999
-9999 -9999 -9999 -9999 -9999 -9999 -9999 -9999 -9999 -9999 -9999 -9999 -9999 -9999 -9999 -9999 -9999 -9999 -9999 -9999 -9999 -9999 -9999 -9999 -9999 -9999 -9999 -9999 -9999 -9999 -9999 -9999 -9999 -9999 -9999 -9999 -9999 -9999 -9999 -9999 0.12724 0.14526 0.13915 0.13848 0.13931 0.14991 0.15748 0.20060 0.20008 0.20535 0.21046 0.25752 0.25639 0.31955 -9999 -9999 -9999 -9999 -9999 -9999 -9999 -9999 -9999 -9999 -9999 -9999 -9999 -9999 -9999 -9999 -9999 -9999 -9999
-9999 -9999 -9999 -9999 -9999 -9999 -9999 -9999 -9999 -9999 -9999 -9999 -9999 -9999 -9999 -9999 -9999 -9999 -9999 -9999 -9999 -9999 -9999 -9999 -9999 -9999 -9999 -9999 -9999 -9999 -9999 -9999 -9999 -9999 -9999 -9999 -9999 -9999 -9999 -9999 -9999 -9999 -9999 -9999 -0.03046 -0.00720 -0.00065 0.05079 0.05459 0.07840 0.07963 0.09141 0.09851 0.11072 -9999 -9999 -9999 -9999 -9999 -9999 0.08498 -9999 -9999 -9999 -9999 -9999 -9999 -9999 -9999 -9999 -9999 -9999 -9999
-9999 -9999 -9999 -9999 -9999 -9999 -9999 -9999 -9999 -9999 -9999 -9999 -9999 -9999 -9999 -9999 -9999 -9999 -9999 -9999 -9999 -9999 -9999 -9999 -9999 -9999 -9999 -9999 -9999 -9999 -9999 -9999 -9999 -9999 -9999 -9999 -9999 -9999 -9999 -9999 -9999 -0.04504 -0.04133 -0.04479 -0.04032 -0.01362 -0.00561 0.04234 0.05085 0.07590 0.06386 0.08579 0.09236 0.10119 -9999 -9999 -9999 -9999 -9999 0.08770 0.09207 0.08908 0.09348 0.12156 0.12421 0.13594 0.13763 0.12892 0.13280 0.11900 0.11930 0.11947 0.11645
-9999 -9999 -9999 -9999 -9999 -9999 -9999 -9999 -9999 -9999 -9999 -9999 -9999 -9999 -9999 -9999 -9999 -9999 -9999 -9999 -9999 -9999 -9999 -9999 -9999 -9999 -9999 -9999 -9999 -9999 -9999 -9999 -9999 -9999 -9999 -9999 -9999 -9999 -9999 -9999 -9999 -0.13001 -0.12816 -0.11091 -0.10980 -0.08533 -0.08273 -0.03274 -0.03194 -0.02399 -0.01860 0.00997 0.01907 0.02802 0.04202 0.03755 0.04670 -9999 0.03535 0.01481 0.01945 0.02293 0.02353 0.04539 0.04923 0.05944 0.06070 0.05049 0.04964 0.03564 0.03254 -0.00573 -0.00740
-9999 -9999 -9999 -9999 -9999 -9999 -9999 -9999 -9999 -9999 -9999 -9999 -9999 -9999 -9999 -9999 -9999 -9999 -9999 -9999 -9999 -9999 -9999 -9999 -9999 -9999 -9999 -9999 -9999 -9999 -9999 -9999 -9999 -9999 -9999 -0.19063 -0.19356 -0.16598 -0.16138 -0.17304 -0.16883 -0.14544 -0.13600 -0.11670 -0.11490 -0.09306 -0.08594 -0.03593 -0.03659 -0.02578 -0.01917 0.00889 0.01151 0.00823 0.02754 0.03250 0.05253 0.02944 0.03414 0.01723 0.02309 0.02113 0.02405 0.05144 0.05269 0.05654 0.05434 0.04846 0.04893 0.03455 0.03566 -0.00434 -0.00179
-9999 -9999 -9999 -9999 -9999 -9999 -9999 -9999 -9999 -9999 -9999 -9999 -9999 -9999 -9999 -9999 -9999 -9999 -9999 -9999 -9999 -9999 -9999 -9999 -9999 -9999 -9999 -9999 -9999 -9999 -9999 -9999 -9999 -9999 -0.20842 -0.20339 -0.20706 -0.18816 -0.18773 -0.19278 -0.18756 -0.17493 -0.17101 -0.14372 -0.12245 -0.13295 -0.12803 -0.12564 -0.11441 -0.08942 -0.07555 -0.05462 -0.05070 -0.04739 -0.04362 -0.04678 -0.04052 -0.05561 -0.05774 -0.05004 -0.04180 -0.02182 -0.01849 -0.00444 -0.00851 -0.01138 -0.01309 -0.02066 -0.01585 -0.03562 -0.03414 -0.03028 -0.02998
-9999 -9999 -9999 -9999 -9999 -9999 -9999 -9999 -9999 -9999 -9999 -9999 -9999 -9999 -9999 -9999 -9999 -9999 -9999 -9999 -9999 -9999 -9999 -9999 -9999 -9999 -9999 -9999 -9999 -9999 -9999 -9999 -9999 -0.22468 -0.22359 -0.21019 -0.21109 -0.19305 -0.19544 -0.19771 -0.18329 -0.17249 -0.15487 -0.11817 -0.14138 -0.13933 -0.12686 -0.12344 -0.09671 -0.07783 -0.06582 -0.05351 -0.03648 -0.03838 -0.03122 -0.03714 -0.03151 -0.05251 -0.04935 -0.03953 -0.03266 -0.01428 -0.01577 -0.00537 0.00355 -0.00754 -0.01081 -0.01598 -0.01482 -0.03022 -0.02911 -0.02854 -0.02750
-9999 -9999 -9999 -9999 -9999 -9999 -9999 -9999 -9999 -9999 -9999 -9999 -9999 -9999 -9999 -9999 -9999 -9999 -9999 -9999 -9999 -9999 -9999 -9999 -9999 -9999 -9999 -9999 -9999 -9999 -9999 -0.26572 -0.26237 -0.23516 -0.22173 -0.20728 -0.21557 -0.21105 -0.21388 -0.22659 -0.20325 -0.20396 -0.16351 -0.17898 -0.18540 -0.18121 -0.16565 -0.15786 -0.13341 -0.11616 -0.09489 -0.08626 -0.06126 -0.06189 -0.06150 -0.07184 -0.07469 -0.08410 -0.07126 -0.06502 -0.06516 -0.05466 -0.05203 -0.04334 -0.04124 -0.04740 -0.04896 -0.04730 -0.04868 -0.04713 -0.04203 -0.04173 -0.04761
-9999 -9999 -9999 -9999 -9999 -9999 -9999 -9999 -9999 -9999 -9999 -9999 -9999 -9999 -9999 -9999 -9999 -9999 -9999 -9999 -9999 -9999 -9999 -9999 -9999 -9999 -9999 -9999 -9999 -0.28170 -0.30684 -0.26307 -0.24614 -0.22650 -0.23279 -0.22329 -0.22125 -0.20235 -0.21267 -0.22214 -0.24196 -0.21292 -0.20094 -0.20593 -0.19170 -0.17635 -0.16423 -0.15250 -0.11372 -0.10785 -0.08666 -0.06828 -0.05633 -0.06108 -0.05301 -0.06473 -0.06985 -0.07447 -0.07338 -0.07456 -0.06674 -0.05095 -0.04883 -0.03620 -0.03336 -0.04270 -0.04072 -0.03871 -0.03693 -0.04649 -0.05061 -0.03632 -0.02837
-9999 -9999 -9999 -9999 -9999 -9999 -9999 -9999 -9999 -9999 -9999 -9999 -9999 -9999 -9999 -9999 -9999 -9999 -9999 -9999 -9999 -9999 -9999 -9999 -0.29013 -0.33051 -0.32345 -0.38237 -0.37542 -0.37111 -0.34224 -0.33269 -0.31191 -0.28099 -0.28140 -0.23925 -0.23032 -0.18480 -0.17993 -0.21759 -0.21541 -0.25030 -0.25652 -0.24749 -0.22616 -0.20537 -0.19186 -0.14229 -0.11509 -0.11930 -0.10810 -0.07574 -0.06449 -0.07550 -0.07375 -0.07915 -0.08223 -0.09251 -0.08433 -0.08525 -0.08695 -0.08498 -0.07856 -0.07271 -0.07517 -0.06093 -0.05568 -0.03241 -0.04433 -0.05291 -0.04328 -0.03657 -0.03556
-9999 -9999 -9999 -9999 -9999 -9999 -0.26614 -0.29311 -0.25487 -0.28324 -0.32544 -9999 -9999 -9999 -9999 -9999 -9999 -9999 -9999 -9999 -9999 -0.35537 -0.33207 -0.28079 -0.26648 -0.31681 -0.32117 -0.37213 -0.34715 -0.33194 -0.32375 -0.31517 -0.30810 -0.28647 -0.27896 -0.24116 -0.23692 -0.19670 -0.19669 -0.24107 -0.24039 -0.21641 -0.22418 -0.23581 -0.22001 -0.19573 -0.18487 -0.13925 -0.10943 -0.11905 -0.10230 -0.08260 -0.06248 -0.06894 -0.08020 -0.08485 -0.07985 -0.08926 -0.09084 -0.08623 -0.08295 -0.08546 -0.07455 -0.06392 -0.06178 -0.05720 -0.06589 -0.03325 -0.03975 -0.04740 -0.05408 -0.04522 -0.04120
-9999 -9999 -9999 -9999 -9999 -0.35574 -0.34000 -0.31750 -0.36728 -0.37027 -0.39572 -0.36817 -0.39522 -0.38147 -9999 -9999 -9999 -0.33465 -0.35474 -0.35289 -0.36054 -0.31037 -0.29044 -0.28681 -0.25150 -0.23008 -0.26455 -0.35811 -0.36797 -0.33929 -0.30610 -0.28463 -0.27969 -0.26990 -0.30335 -0.24917 -0.22148 -0.22188 -0.26116 -0.31090 -0.30122 -0.26257 -0.22823 -0.22418 -0.22202 -0.21274 -0.18869 -0.14485 -0.12407 -0.12751 -0.10564 -0.09466 -0.08308 -0.10048 -0.10051 -0.09854 -0.09385 -0.10048 -0.10719 -0.09887 -0.09547 -0.09213 -0.08963 -0.09049 -0.08166 -0.07149 -0.07703 -0.05583 -0.06203 -0.06708 -0.06757 -0.05511 -0.05593
-9999 -0.23112 -0.13313 -0.30269 -0.32722 -0.28573 -0.30786 -0.33980 -0.33025 -0.36001 -0.35876 -0.36708 -0.37099 -0.38735 -0.39616 -0.38992 -0.41923 -0.36006 -0.33906 -0.38133 -0.36949 -0.29147 -0.27931 -0.25095 -0.24844 -0.21387 -0.18595 -0.29049 -0.28565 -0.30519 -0.29610 -0.28855 -0.30881 -0.28967 -0.26912 -0.23137 -0.23520 -0.24001 -0.28230 -0.30648 -0.29548 -0.25646 -0.21074 -0.22445 -0.18510 -0.17716 -0.18588 -0.15433 -0.13297 -0.12446 -0.10467 -0.08947 -0.08059 -0.08398 -0.08255 -0.08414 -0.08748 -0.10116 -0.09326 -0.09351 -0.09485 -0.08758 -0.07905 -0.07450 -0.06607 -0.06369 -0.06489 -0.05143 -0.06072 -0.05895 -0.05001 -0.04070 -0.04375
-9999 -0.16590 -0.09359 -0.09207 -0.06381 -0.12283 -0.28797 -0.28296 -0.30376 -0.29553 -0.25314 -0.22925 -0.25157 -0.24878 -0.22307 -0.32665 -0.24356 -0.29688 -0.29751 -0.25257 -0.26539 -0.25902 -0.21888 -0.15792 -0.16336 -0.22964 -0.24268 -0.29461 -0.26069 -0.26716 -0.29236 -0.27079 -0.25091 -0.25098 -0.25391 -0.28691 -0.27322 -0.27504 -0.30864 -0.29414 -0.27752 -0.23446 -0.19506 -0.20890 -0.21259 -0.22503 -0.19984 -0.18000 -0.15965 -0.15685 -0.14351 -0.11761 -0.10757 -0.08640 -0.07927 -0.08893 -0.09324 -0.09260 -0.09396 -0.08872 -0.09156 -0.08515 -0.08185 -0.08250 -0.07971 -0.07767 -0.07533 -0.07359 -0.07787 -0.07275 -0.07556 -0.06710 -0.05952
-9999 -9999 -9999 -0.14304 -0.03228 -0.05609 -0.12865 -0.14765 -0.18777 -0.14241 -0.12699 -0.03150 -0.10325 -0.10508 -0.18679 -0.25326 -0.18241 -0.20291 -0.23569 -0.19413 -0.16498 -0.14996 -0.10222 -0.08859 -0.08887 -0.15260 -0.14325 -0.26453 -0.24695 -0.23871 -0.22647 -0.21528 -0.22264 -0.22658 -0.23780 -0.25896 -0.26086 -0.23214 -0.24473 -0.23427 -0.27289 -0.25179 -0.18508 -0.17923 -0.17827 -0.21349 -0.16141 -0.15013 -0.14541 -0.16024 -0.13200 -0.11672 -0.09736 -0.08337 -0.08356 -0.07757 -0.08542 -0.08339 -0.07958 -0.07918 -0.08601 -0.07442 -0.07232 -0.07164 -0.07495 -0.07620 -0.08217 -0.07134 -0.06835 -0.06385 -0.06438 -0.06611 -0.06599
-9999 -9999 -9999 -9999 -9999 -9999 -0.02676 -0.02217 -0.02187 -0.02077 -0.01631 0.06581 0.01557 0.01592 -0.06019 -0.13780 -0.19678 -0.11811 -0.18551 -0.20944 -0.10451 -0.03641 -0.01106 0.00616 -0.00897 0.00835 -0.00833 -0.12127 -0.10451 -0.15449 -0.14970 -0.18875 -0.17602 -0.24005 -0.24075 -0.27735 -0.26330 -0.26051 -0.25821 -0.25111 -0.27084 -0.23953 -0.22557 -0.24386 -0.20474 -0.21000 -0.19046 -0.15395 -0.14674 -0.15599 -0.12759 -0.10215 -0.08924 -0.10817 -0.08564 -0.07883 -0.07868 -0.07355 -0.06690 -0.06871 -0.06452 -0.05967 -0.05903 -0.06010 -0.06639 -0.06615 -0.07802 -0.07191 -0.06868 -0.06579 -0.06446 -0.06503 -0.06534
-9999 -9999 -9999 -9999 -9999 -9999 0.05622 0.03709 -0.07959 0.02669 0.00950 0.04720 0.07740 0.09280 0.09286 -0.06668 -0.10101 -0.06840 -0.07354 -0.08391 -0.08757 -0.05819 0.00055 0.06260 0.06460 0.03568 0.01979 -0.05438 -0.05091 -0.10107 -0.12225 -0.14733 -0.15623 -0.21924 -0.20203 -0.24953 -0.27427 -0.27734 -0.29685 -0.26434 -0.21764 -0.20845 -0.20362 -0.22071 -0.21054 -0.21477 -0.17845 -0.16029 -0.15073 -0.16029 -0.14473 -0.13085 -0.10851 -0.10388 -0.09776 -0.09334 -0.08800 -0.07999 -0.08220 -0.07278 -0.05855 -0.05941 -0.05824 -0.06244 -0.06368 -0.07397 -0.07773 -0.07732 -0.07864 -0.07561 -0.06895 -0.06800 -0.06801
-9999 -9999 -9999 -9999 -9999 -9999 -9999 -9999 -9999 -9999 -0.03721 -0.04303 -0.03808 -0.08626 -0.17261 -0.18709 -0.17371 -0.14106 -0.14225 -0.15703 -0.17287 -0.17851 -0.10032 0.04084 0.03981 0.04946 0.05213 0.04924 0.05988 -0.03509 -0.03566 -0.12043 -0.12303 -0.20669 -0.22078 -0.27253 -0.26204 -0.26655 -0.28032 -0.29669 -0.29301 -0.27447 -0.26672 -0.27089 -0.26706 -0.27644 -0.24823 -0.22655 -0.20583 -0.19708 -0.18202 -0.15783 -0.13629 -0.13565 -0.12544 -0.11071 -0.11071 -0.10423 -0.08604 -0.08403 -0.08307 -0.08720 -0.08450 -0.07682 -0.07280 -0.08566 -0.07744 -0.07433 -0.08349 -0.08885 -0.08536 -0.05719 -0.05445
-9999 -9999 -9999 -9999 -9999 -9999 -9999 -9999 -9999 -9999 0.01351 -0.06168 -0.00786 -0.12155 -0.06734 -0.06613 -0.08682 -0.07283 -0.11509 -0.05977 -0.04941 -0.02225 -0.02028 0.08334 0.08756 0.07814 0.05819 0.08523 0.09294 0.00826 0.01846 -0.09245 -0.11520 -0.19442 -0.20316 -0.26003 -0.27771 -0.27978 -0.28936 -0.29719 -0.29787 -0.27199 -0.28068 -0.28316 -0.26781 -0.25813 -0.24091 -0.21615 -0.19985 -0.19187 -0.17859 -0.15598 -0.14597 -0.13846 -0.13593 -0.11507 -0.10704 -0.10084 -0.09827 -0.08893 -0.08636 -0.08934 -0.08796 -0.08193 -0.09506 -0.10053 -0.09881 -0.09369 -0.09195 -0.09408 -0.10374 -0.07495 -0.07301
-9999 -9999 -9999 -9999 -9999 -9999 -9999 -9999 -9999 -9999 -9999 -9999 0.00189 -0.16007 -0.13435 -0.17119 -0.09875 -0.08262 -0.09709 -0.00035 -0.03155 0.06739 0.08447 0.19971 0.18426 0.21726 0.22789 0.22052 0.23181 0.16782 0.14652 0.06772 0.02480 -0.08992 -0.12629 -0.18793 -0.20430 -0.22242 -0.25802 -0.26306 -0.25016 -0.25583 -0.24670 -0.26500 -0.25742 -0.27026 -0.24939 -0.20558 -0.18176 -0.17634 -0.17007 -0.13210 -0.11825 -0.11136 -0.12977 -0.11776 -0.11626 -0.07960 -0.07994 -0.08011 -0.08341 -0.08967 -0.09281 -0.08023 -0.07612 -0.07319 -0.08474 -0.10290 -0.10639 -0.10281 -0.09073 -0.07724 -0.07595
-9999 -9999 -9999 -9999 -9999 -9999 -9999 -9999 -9999 -9999 -9999 -9999 -0.03028 -0.07141 -0.11535 -0.05854 -0.11491 -0.03482 -0.07029 -0.03817 0.01233 0.09662 0.10148 0.18986 0.18279 0.24810 0.26723 0.25887 0.27746 0.19905 0.23110 0.14778 0.08691 -0.08474 -0.12021 -0.18081 -0.20620 -0.20803 -0.22621 -0.25668 -0.24833 -0.26626 -0.26137 -0.27788 -0.25786 -0.27076 -0.25201 -0.21018 -0.19860 -0.18197 -0.16280 -0.14147 -0.13585 -0.11875 -0.12112 -0.11659 -0.10411 -0.08151 -0.08290 -0.10043 -0.10734 -0.10438 -0.07806 -0.08056 -0.07996 -0.08173 -0.08866 -0.10075 -0.10117 -0.07996 -0.10063 -0.10025 -0.09336
-9999 -9999 -9999 -9999 -9999 -9999 -9999 -9999 -9999 -9999 -9999 0.37845 0.13502 0.22083 0.24782 0.23406 0.11034 0.16137 0.14685 0.13340 0.23924 0.32874 0.31176 0.35485 0.34497 0.21166 0.31597 0.33976 0.33596 0.32938 0.31546 0.33220 0.32017 0.20318 0.14856 0.03084 0.02612 -0.01720 -0.02394 -0.09525 -0.09869 -0.13377 -0.12652 -0.13482 -0.14096 -0.17219 -0.17315 -0.13086 -0.09310 -0.13126 -0.11163 -0.10825 -0.10313 -0.10563 -0.12605 -0.06140 -0.04005 -0.03475 -0.03733 -0.06200 -0.03805 -0.05394 -0.05621 -0.06217 -0.07029 -0.08481 -0.09340 -0.09925 -0.11997 -0.10865 -0.10329 -0.07500 -0.09774
-9999 -9999 -9999 -9999 -9999 -9999 -9999 -9999 -9999 -9999 -9999 0.43016 0.36482 0.31211 0.34374 0.24963 0.20163 0.17712 0.22680 0.25914 0.32342 0.33274 0.33731 0.42241 0.39682 0.30953 0.38745 0.35381 0.35421 0.32314 0.31357 0.30796 0.27047 0.18652 0.17563 0.07062 0.03849 -0.02185 -0.00957 -0.10158 -0.10212 -0.11557 -0.18518 -0.17504 -0.15077 -0.18145 -0.17149 -0.16952 -0.12464 -0.17510 -0.13234 -0.12853 -0.10439 -0.09980 -0.07342 -0.01499 -0.01395 -0.01768 -0.01583 -0.03983 -0.04385 -0.04811 -0.04953 -0.08015 -0.09026 -0.11052 -0.11242 -0.11794 -0.13703 -0.12014 -0.12849 -0.12353 -0.12974
