data/hydroclimate-scenarios/BCSD_hadcm_A1B/monthly_summaries/et_monthly_tot_nov.2070-2099.asc
ncols	311
nrows	91
xllcenter	102.75
yllcenter	31.75
cellsize	0.5
NODATA_value	-9999
[rows 32 to 63 of 91, columns 0 to 72 of 311]
-9999 -9999 -9999 -9999 -9999 -9999 -9999 -9999 -9999 -9999 -9999 1.24366 1.15820 1.24060 1.22953 1.28787 0.99579 0.99201 1.16710 1.04677 1.00661 0.90240 0.86628 0.96652 0.98829 0.92942 0.97736 1.17627 1.27331 1.01657 0.99295 0.74800 0.77482 0.57306 0.53623 0.43642 0.37919 0.04657 0.07808 -0.05438 -0.11560 -0.23110 -0.19251 -0.29831 -0.34150 -0.27612 -0.27373 -0.32562 -0.30353 -0.28646 -0.23174 -0.09929 -0.06376 0.02229 0.04626 0.00935 0.02060 -0.05846 -0.09330 -0.08742 -0.10447 -0.11507 -0.12376 -0.24441 -0.27489 -0.31219 -0.31738 -0.24762 -0.27640 -0.24610 -0.27352 -0.16754 -0.18774
-9999 -9999 -9999 -9999 -9999 -9999 -9999 -9999 -9999 -9999 -9999 1.47255 1.41601 1.39656 1.22296 1.33681 1.22641 1.29992 1.17173 1.18611 1.12438 0.94588 0.90542 0.99451 1.00875 0.91939 0.92186 1.07647 1.24216 1.08347 0.76844 0.89229 0.91032 0.76704 0.70930 0.44878 0.56907 0.16169 0.15454 0.03166 -0.05331 -0.12411 -0.13788 -0.26794 -0.27292 -0.29806 -0.28906 -0.35361 -0.32366 -0.36624 -0.32221 -0.19012 -0.13961 -0.13082 -0.10534 -0.03018 -0.04280 -0.09968 -0.04409 -0.02246 -0.07152 -0.12950 -0.22591 -0.20456 -0.22958 -0.31154 -0.38040 -0.35882 -0.40032 -0.34241 -0.39669 -0.23201 -0.28796
-9999 -9999 -9999 -9999 -9999 -9999 -9999 -9999 -9999 -9999 -9999 -9999 2.02395 2.24879 1.96547 1.89979 1.82320 1.73316 1.67548 1.68297 1.72872 1.55548 1.37431 1.29543 1.21357 0.79260 0.85315 0.65798 0.91384 0.79172 0.85407 0.78008 0.69918 0.73947 0.58646 0.28768 0.26570 0.35751 0.21234 -0.02011 -0.08981 -0.05808 -0.13150 -0.07650 -0.11372 -0.05350 -0.07957 -0.04273 -0.03106 -0.05630 -0.12703 0.02838 0.11850 -0.01048 -0.12018 -0.19643 -0.17374 -0.16091 -0.07250 -0.07355 -0.15940 -0.06782 -0.05798 0.05924 -0.01619 0.01406 -0.03085 0.00514 -0.04293 0.03599 -0.07790 0.12036 0.13393
-9999 -9999 -9999 -9999 -9999 -9999 -9999 -9999 -9999 -9999 -9999 -9999 2.02919 2.23517 2.09370 1.98031 1.94634 1.95016 1.75805 1.72252 1.63989 1.35862 1.16119 0.77737 0.58122 0.50616 0.53681 0.59385 0.72827 0.74759 0.89072 0.82281 0.87692 0.81251 0.83182 0.47047 0.35404 0.45506 0.34558 0.19769 0.02488 0.02463 -0.09619 -0.01455 -0.00176 0.00286 -0.02744 0.03447 -0.06743 -0.02650 -0.00428 -0.08929 -0.08559 -0.18452 -0.17887 -0.22087 -0.18907 -0.22422 -0.03564 0.09603 -0.02329 0.13041 0.09596 0.08140 0.04403 -0.00701 -0.03331 -0.06934 -0.10810 -0.02740 -0.03616 0.11154 0.24482
-9999 -9999 -9999 -9999 -9999 -9999 -9999 -9999 -9999 -9999 -9999 -9999 2.04121 2.25073 2.16157 2.27926 2.05184 2.03256 1.81857 1.67161 1.51933 1.20442 0.95442 0.67109 0.70828 0.42897 0.69852 0.71371 0.79352 0.68226 0.84750 0.75342 0.86963 0.85864 0.75313 0.57302 0.48032 0.53579 0.41137 0.32100 0.20396 0.04588 0.00525 0.14132 0.06701 0.13895 0.09329 0.07136 0.18237 0.04695 -0.02204 0.21573 0.01291 0.03346 0.19651 0.13857 0.11806 0.17624 0.24141 0.25837 0.16924 0.33937 0.25465 0.37865 0.26719 0.45539 0.42741 0.71343 0.68207 0.90542 0.91432 1.41691 1.41924
-9999 -9999 -9999 1.60817 1.76798 1.92420 1.80340 2.14468 2.09742 -9999 2.55656 2.40867 2.36193 2.42112 2.33710 2.31855 2.14508 2.10785 1.93173 1.66760 1.53808 1.29625 1.01107 0.87151 0.86139 0.76368 0.91606 0.67389 0.78718 0.27363 0.83706 1.00790 0.62299 0.42781 0.61519 0.44497 0.45200 0.49549 0.50205 0.44342 0.33223 0.17317 0.05960 0.16424 0.00405 -0.11482 -0.13098 -0.17031 -0.20386 -0.06282 -0.02512 0.12207 0.03985 0.01837 0.05517 -0.01321 0.03724 0.03052 0.15927 0.06730 0.13815 0.31042 0.22412 0.48641 0.33744 0.49586 0.45251 0.75697 0.71710 0.90307 0.89372 1.53992 1.54484
-9999 -9999 -9999 1.50644 1.52377 1.83389 1.66429 1.92353 1.78146 1.97788 2.20324 2.43764 2.42848 2.26993 2.13933 1.78734 1.70291 1.74164 1.61178 1.44098 1.30796 1.05511 0.99237 1.27711 1.25363 1.06194 1.03531 0.60077 0.58146 0.32149 0.66656 0.56843 0.64304 0.39253 0.29235 0.52519 0.26482 0.21898 0.38869 0.25615 0.05985 0.05298 0.12391 0.09958 -0.18501 -0.24398 -0.22714 -0.32088 -0.18493 -0.15439 -0.12093 -0.06489 -0.02360 0.04459 0.05649 0.09037 0.06616 0.04163 0.09143 0.12304 0.11482 0.46226 0.41151 0.89073 0.86373 1.39476 1.35434 1.98745 1.91142 3.06768 2.88723 4.42528 4.39655
-9999 -9999 -9999 1.59880 1.74600 1.76083 1.83928 1.99331 1.99783 2.29669 2.28565 2.56494 2.18607 1.65012 1.12972 1.44019 1.76374 1.68251 1.61113 1.60841 1.34149 1.10473 1.12428 1.17939 1.04137 1.11409 1.11984 0.99191 0.83196 0.50056 0.48536 0.55236 0.71074 0.59674 0.44315 0.42829 0.46393 0.44263 0.33530 0.07037 -0.03036 0.06064 0.16035 0.24350 -0.02800 -0.20931 -0.15451 -0.12725 -0.18125 -0.12828 -0.07825 -0.04688 0.02026 0.03714 0.07722 0.08189 0.08397 0.17703 0.15810 0.18025 0.14438 0.44577 0.42037 0.93110 0.94974 1.57671 1.51831 2.17349 2.10704 3.09472 3.19399 4.67925 4.47349
-9999 -9999 -9999 1.36113 1.43816 1.07422 0.96476 1.45412 1.23402 1.27211 1.51363 1.63361 0.74010 0.93421 0.62251 0.71753 0.82450 0.81154 0.88078 0.91358 0.53195 0.48890 0.42123 0.58533 0.91580 0.86855 0.81758 0.61120 0.45474 0.51135 0.69154 1.00805 0.74653 0.45796 0.50006 0.82330 0.84214 0.74884 0.64384 0.38382 0.08927 0.05587 0.04234 0.05391 0.02832 0.05736 0.05202 -0.11696 -0.12684 -0.08321 -0.00737 0.04440 0.06600 0.00351 0.04735 0.16473 0.15151 0.18476 0.20868 0.25146 0.19569 0.64497 0.56490 1.21577 1.21124 1.95447 1.88498 2.90792 2.99041 4.51867 4.20398 5.57184 -9999
-9999 -9999 -9999 1.36189 1.59984 1.13637 1.14096 1.50101 1.38209 1.49754 1.62590 1.32971 0.66038 0.65047 0.44839 0.61049 0.51736 0.64853 1.09508 1.55464 1.05251 0.78138 0.79117 1.33431 1.27636 1.24057 1.38053 1.15973 0.94632 0.87946 0.90487 0.92925 0.83892 0.64605 0.62388 0.50102 0.56951 0.85190 0.91407 0.72812 0.52867 0.40632 0.14106 0.00693 0.13141 0.20414 0.15566 0.00181 0.02662 0.08882 0.10804 0.16095 0.19750 0.07773 0.09032 0.23831 0.26080 0.29814 0.26639 0.32246 0.28915 0.65964 0.60727 1.33644 1.30764 2.16092 2.12736 3.05795 2.99929 4.61669 4.28015 -9999 -9999
-9999 -9999 -9999 -9999 1.26811 0.91976 0.96045 0.89131 0.69031 0.92985 1.13977 1.06006 0.21124 0.62552 -9999 -9999 -9999 -9999 -9999 0.80082 0.66154 0.69648 0.69146 0.75145 0.78079 1.22715 1.59805 1.25145 1.26240 1.25864 1.27484 0.95483 0.86087 0.78212 1.13578 1.07981 1.06466 1.14582 1.14496 1.10418 0.92977 0.89819 0.76353 0.53505 0.46088 0.37983 0.23236 0.29813 0.34868 0.34430 0.34148 0.32302 0.29098 0.27567 0.26769 0.22598 0.22707 0.31306 0.31876 0.36592 0.32725 0.55540 0.51516 1.25359 1.26759 2.09439 2.10748 3.25784 3.31824 -9999 -9999 -9999 -9999
-9999 -9999 1.91017 1.33578 1.32466 1.12401 0.96760 0.93687 0.93353 1.02091 1.21406 1.03320 0.40167 -9999 -9999 -9999 -9999 -9999 0.36172 0.91219 1.06829 1.42419 1.38999 1.24096 1.23832 1.51022 1.97672 1.76932 1.82975 1.63672 1.65714 1.52036 1.49496 1.62343 1.66729 1.70269 1.55588 1.38269 1.28318 1.30875 1.19217 1.32874 1.22918 0.77333 0.67000 0.65332 0.53681 0.48146 0.52707 0.57351 0.53317 0.58712 0.64636 0.59777 0.51604 0.51346 0.37605 0.41883 0.38578 0.40822 0.34039 0.62304 0.69075 1.43589 1.58802 2.43782 2.33754 -9999 -9999 -9999 -9999 -9999 -9999
-9999 -9999 1.65965 1.14271 1.16649 0.90365 0.86852 0.75049 0.68549 0.97674 0.93739 0.88895 0.60516 -9999 -9999 -9999 -9999 0.95925 0.66450 1.13289 1.24208 1.80387 1.84284 1.63719 1.77488 1.58441 1.52199 1.80531 2.02320 1.90926 1.81420 1.55498 1.58660 1.88257 1.78440 1.78700 1.77287 1.62300 1.51105 1.65759 1.73812 1.63200 1.57206 1.47658 1.33412 1.18755 1.22504 1.01160 1.13445 0.91111 0.89575 0.86603 0.76862 0.76972 0.63551 0.60834 0.66489 0.55425 0.47208 0.52021 0.53930 0.72987 0.76301 1.48435 1.57536 -9999 -9999 -9999 -9999 -9999 4.62051 -9999 -9999
-9999 -9999 1.83236 1.24983 1.20786 0.89948 0.81737 0.76420 0.84080 0.96629 0.74247 0.54637 1.54562 -9999 -9999 -9999 -9999 0.89835 0.98888 1.43331 1.64472 2.17368 2.24455 2.16727 2.11239 1.86106 1.57894 1.99788 2.01720 2.04699 1.96282 1.62167 1.68461 1.86220 1.94407 2.07588 1.99328 2.04918 1.85759 2.09274 2.14669 1.98968 2.08288 1.98830 1.81683 1.42302 1.39282 1.37663 1.32529 1.23839 1.12170 0.99767 0.77341 0.71789 0.95105 0.88075 0.71458 0.81943 0.86883 0.88454 0.82825 1.21815 1.10287 1.63895 1.42528 2.23627 2.66292 3.42359 3.63117 -9999 -9999 -9999 7.04697
-9999 -9999 -9999 1.40377 1.26829 1.11811 0.98461 0.76977 0.87843 0.59707 0.52678 0.97717 -9999 -9999 -9999 -9999 0.81035 0.90667 1.42676 1.69912 1.96236 2.30407 2.31623 2.51959 2.51807 2.22664 2.23426 2.18252 2.13187 1.94291 1.96762 1.98583 2.02630 2.24441 2.36440 2.28580 2.30241 2.32835 2.23852 2.03118 2.07676 2.45220 2.46944 2.50703 2.27697 2.17223 2.06123 1.74590 1.61110 1.53967 1.38875 1.32209 1.25525 1.15754 1.13349 1.13164 1.05904 0.98943 0.98320 0.88442 0.71131 0.69106 0.56254 0.72902 0.59315 1.52377 1.86013 2.36876 2.54856 3.10186 -9999 -9999 4.65287
-9999 -9999 -9999 -9999 1.33022 1.01899 0.97917 1.04395 0.85262 0.79919 1.61767 -9999 -9999 -9999 -9999 1.14021 0.97388 1.39418 1.76639 1.91893 1.96656 2.29788 2.28697 2.50738 2.56481 2.37125 2.26265 2.32928 2.31345 1.94422 1.96808 2.13599 2.09992 2.34959 2.44469 2.41937 2.40476 2.48356 2.38618 2.13508 2.13991 2.50995 2.61120 2.71666 2.62322 2.46369 2.25743 1.95437 1.85664 1.82322 1.69585 1.41934 1.46510 1.39199 1.39035 1.31013 1.24528 1.12858 1.04711 0.80652 0.73759 0.69878 0.52628 0.98703 0.88531 1.64108 1.97903 2.79991 2.82013 3.94688 3.84528 5.28431 5.03844
-9999 -9999 -9999 -9999 -9999 -9999 1.39285 0.88406 0.96842 1.84707 1.12867 -9999 -9999 -9999 -9999 -9999 1.33992 1.51780 1.68823 1.94655 1.96292 2.17816 2.28757 2.63842 2.63409 2.42100 2.44894 2.13419 2.12328 2.15207 2.25439 2.33017 2.33415 2.46713 2.45558 2.40272 2.45087 2.52325 2.43962 2.82167 2.76836 2.51945 2.47899 2.74485 2.70331 2.65182 2.55953 2.08635 1.92364 1.67233 1.55079 1.40106 1.31319 1.51309 1.42466 1.39423 1.29635 1.18509 1.02474 0.74000 0.46346 0.51072 0.53907 0.89276 0.74701 1.17007 1.57092 2.16887 2.07982 2.91056 2.82751 4.09197 3.64779
-9999 -9999 -9999 -9999 -9999 -9999 -9999 -9999 -9999 -9999 -9999 -9999 -9999 -9999 -9999 -9999 -9999 -9999 -9999 1.99523 2.09701 2.25555 2.37197 2.57712 2.61148 2.51740 2.38325 2.26748 2.22681 2.07414 2.14015 2.29891 2.32224 2.48694 2.51710 2.39772 2.50535 2.64540 2.60838 2.90558 2.90147 2.69296 2.67126 2.85960 2.76632 2.86404 2.74798 2.25897 2.02806 1.89109 1.72919 1.61147 1.62443 1.67320 1.82839 1.74318 1.62469 1.14786 1.05245 0.77736 0.64160 0.70009 0.66225 0.97851 0.93888 1.65264 2.12649 2.35263 2.50572 3.12565 2.94750 4.34945 3.98784
-9999 -9999 -9999 -9999 -9999 -9999 -9999 -9999 -9999 -9999 -9999 -9999 -9999 -9999 -9999 -9999 -9999 -9999 2.37469 2.68909 2.63605 3.00138 2.98352 3.09360 3.07884 3.20773 3.30371 3.10750 2.99053 2.95325 3.00224 3.05669 3.06676 2.54745 2.67488 2.59413 2.69066 2.66300 2.59606 2.99444 2.97214 2.73997 2.70985 2.70056 2.63440 2.86122 2.70443 2.47573 2.32476 2.17814 2.09073 1.63043 1.64101 1.55128 1.65937 1.59586 1.36726 1.14908 0.96776 0.87910 0.92505 1.02324 0.84485 0.76041 0.73174 1.22276 1.53636 1.89506 1.92972 2.39059 2.30589 2.52216 2.58692
-9999 -9999 -9999 -9999 -9999 -9999 -9999 -9999 -9999 -9999 -9999 -9999 -9999 -9999 -9999 -9999 -9999 2.55567 2.55547 2.81323 2.77279 2.93815 2.95016 3.26192 3.48301 3.59409 3.49553 3.15271 2.94998 2.99774 3.02110 3.12601 3.13713 2.54645 2.63155 2.64621 2.77693 2.72236 2.69989 3.15937 3.13103 2.84212 2.83295 2.78845 2.68414 2.95493 2.80846 2.50586 2.30910 2.11075 2.02552 1.54456 1.59814 1.70496 1.72713 1.66161 1.44522 1.41416 1.26136 1.35176 1.17231 1.34333 0.88561 0.83169 1.44366 1.55575 1.60419 1.77133 1.94604 2.64790 2.28941 2.84032 3.04907
-9999 -9999 -9999 -9999 -9999 -9999 -9999 -9999 -9999 -9999 -9999 -9999 -9999 -9999 -9999 -9999 -9999 3.85244 3.94634 3.32423 3.34021 3.75211 3.72843 4.15193 4.56928 4.19271 4.12775 3.93057 3.66286 3.47980 3.58516 2.96642 2.98816 2.94767 2.79797 3.00917 3.05306 2.97699 2.98024 3.46960 3.53050 2.84226 2.80000 3.06568 3.07876 2.86153 2.75280 2.48992 2.29435 2.04474 2.00305 1.78367 1.85630 1.58106 1.73759 1.75379 1.63280 1.80982 1.61957 1.80457 1.65696 1.51680 1.32868 0.85569 0.86703 0.94420 1.25874 1.42640 1.74141 2.45650 2.21515 2.19644 2.18285
-9999 -9999 -9999 -9999 -9999 -9999 -9999 -9999 -9999 -9999 -9999 -9999 -9999 -9999 -9999 -9999 2.56594 3.75264 3.65451 3.18909 3.11202 3.80802 3.98790 3.92531 4.34376 3.76155 3.87439 3.74955 3.88251 3.73517 3.74426 3.08222 3.12436 3.20193 3.10531 3.24674 3.19229 3.00000 3.01729 3.77270 3.96482 2.93563 2.87536 3.13563 3.01830 2.95157 2.85419 2.49164 2.35200 2.06162 1.93005 1.92081 1.96296 1.82286 1.85298 1.86021 1.90950 2.14438 1.98491 1.98556 1.82721 1.72580 1.48667 1.01511 1.05170 1.17994 1.22533 1.65790 1.90233 2.47630 2.15730 2.40012 2.28607
-9999 -9999 -9999 -9999 -9999 -9999 -9999 -9999 -9999 -9999 -9999 -9999 -9999 2.56590 2.58051 2.84606 2.86984 3.98074 3.97121 3.90724 3.93345 5.41561 5.92925 5.32535 5.48782 4.48896 4.50593 3.71210 4.10028 3.42891 3.45811 4.58542 4.31465 3.29229 3.48500 3.47230 3.32179 3.27664 3.15830 2.90952 2.99263 3.26218 3.41084 3.77166 3.77815 3.30075 3.18307 3.24844 3.18775 3.37849 3.40923 2.47648 2.30747 2.37640 2.39236 2.24603 2.22093 2.37950 2.20428 2.02070 1.84706 2.13475 1.90339 1.65673 1.77336 1.58423 1.37956 1.74255 1.98832 2.82886 2.43396 2.88532 2.64445
-9999 -9999 -9999 -9999 -9999 -9999 -9999 -9999 -9999 -9999 -9999 -9999 2.67712 2.72710 2.81368 2.93569 2.99224 4.74325 4.21195 3.88148 4.52479 5.41888 5.80700 5.26381 5.01159 4.39272 4.32491 3.95036 3.95965 3.42843 3.45072 4.43930 4.46603 3.34122 3.32633 3.50964 3.52112 3.23879 3.06469 2.79337 2.98757 3.38845 3.50576 3.74697 3.68754 3.49741 3.42704 3.52764 3.53436 3.76310 3.67437 2.88230 2.74146 3.00769 2.83231 2.15863 2.52285 2.43576 2.08234 1.97223 1.87660 2.34762 2.27375 1.66819 1.66359 1.59406 1.58111 2.04052 2.81873 2.83083 2.09677 2.99588 2.83584
-9999 -9999 -9999 -9999 -9999 -9999 -9999 -9999 -9999 -9999 -9999 3.26796 3.41857 3.82536 3.81404 4.20184 4.49232 4.57118 4.31847 5.42587 4.50237 5.07745 5.11166 4.20790 4.33854 4.53946 4.59246 4.06385 4.04539 4.06889 4.30828 4.39354 4.41241 3.98127 3.95850 4.27018 3.68717 3.09553 2.93391 3.32767 3.51153 3.00466 3.18831 3.89828 4.29748 4.06405 3.97924 4.13684 4.35699 3.12231 3.12731 3.86463 4.08221 3.42500 3.32758 2.62902 2.53900 2.72529 2.73991 2.29922 2.32445 2.64555 2.56806 1.93989 1.59320 1.61346 2.36550 2.90474 2.65937 3.35953 2.71388 3.97743 4.06848
-9999 -9999 -9999 -9999 -9999 -9999 -9999 -9999 -9999 -9999 3.29540 3.94404 3.71436 4.16114 4.36747 4.54930 4.67389 4.80653 4.46479 5.01814 4.94546 4.51942 4.37855 3.68314 3.70492 4.37237 4.37046 4.06014 4.04945 3.89415 4.26198 4.57343 4.50537 4.15882 4.01549 4.08713 3.57612 3.16589 3.10899 3.32681 3.34900 2.96917 2.95569 3.94984 4.01431 3.49815 3.92038 3.95849 4.28368 3.22849 3.31524 3.87247 3.89522 3.71194 3.53573 2.73861 2.61372 2.83877 2.85902 2.29336 2.25726 2.55660 2.15097 1.72995 2.10410 2.44129 2.94850 3.48140 2.99630 3.21764 2.93996 4.51729 4.32863
-9999 -9999 -9999 -9999 -9999 -9999 -9999 -9999 -9999 4.27220 4.61440 4.46621 4.46441 4.02649 4.07554 5.36145 5.41763 4.80540 4.02274 4.91910 4.78423 5.55692 5.50701 4.50319 4.59788 4.33705 4.31295 5.00827 5.09154 4.88174 4.77839 5.76608 6.06596 5.19101 5.53027 3.92892 3.51153 4.35960 3.95486 3.12674 3.19117 5.32617 5.18171 3.94608 4.14590 3.31815 3.37692 2.98229 2.79866 2.73376 2.88257 4.22291 4.39942 3.38925 3.21678 3.93776 3.73742 3.36233 3.20373 1.99137 2.09909 1.94367 2.50418 3.07069 3.95416 3.51145 3.99727 3.84515 3.67924 4.83783 5.33147 7.93210 8.45723
-9999 -9999 -9999 -9999 -9999 -9999 -9999 -9999 -9999 -9999 4.66079 4.17313 4.20070 4.16208 4.43673 5.29683 5.33066 3.93043 3.95220 5.04756 4.67692 5.32895 5.37382 -9999 -9999 -9999 -9999 -9999 -9999 4.79925 4.91044 5.51984 5.52500 5.20886 5.33412 3.95992 3.69096 4.34505 3.97818 3.40832 3.42964 4.59967 4.76569 3.98891 4.40007 3.79592 3.70519 3.32756 3.05231 3.09173 3.23770 4.78092 4.43036 3.52263 3.37327 4.48968 3.87675 3.84799 4.03458 2.79847 2.59264 2.76268 2.84323 3.61497 3.84961 4.23204 3.91493 4.05644 3.03873 4.69929 4.60005 8.04766 11.30000
-9999 -9999 -9999 -9999 -9999 -9999 -9999 -9999 -9999 -9999 -9999 -9999 4.36768 4.12780 4.10129 4.37097 4.32283 4.59301 4.51955 -9999 -9999 -9999 -9999 -9999 -9999 -9999 -9999 -9999 -9999 -9999 -9999 -9999 -9999 5.16576 5.54178 4.23349 4.09369 3.75066 3.84452 4.34344 4.44145 4.57960 4.90389 3.64898 3.59949 3.35953 3.12447 3.76601 3.66356 3.45355 3.58817 4.21034 4.19190 4.19604 4.54356 5.92711 5.76416 4.71518 5.27325 5.10611 4.51825 4.35577 4.26893 3.65792 4.58263 5.73178 5.36954 5.98581 5.47513 7.94284 9.04363 11.36210 -9999
-9999 -9999 -9999 -9999 -9999 -9999 -9999 -9999 -9999 -9999 -9999 -9999 -9999 -9999 -9999 -9999 -9999 -9999 -9999 -9999 -9999 -9999 -9999 -9999 -9999 -9999 -9999 -9999 -9999 -9999 -9999 -9999 -9999 -9999 5.00789 4.47483 4.06659 3.96810 4.12439 4.57951 4.87424 4.87209 4.76265 3.75634 3.99231 3.91888 3.74174 4.17704 3.68432 3.31389 3.58182 4.73239 4.78024 4.67484 4.71816 5.57434 5.89085 4.88444 5.09165 4.40032 4.82284 4.51160 4.96239 4.57044 5.81750 6.48860 5.66068 6.44831 5.37886 9.04880 9.72754 -9999 -9999
-9999 -9999 -9999 -9999 -9999 -9999 -9999 -9999 -9999 -9999 -9999 -9999 -9999 -9999 -9999 -9999 -9999 -9999 -9999 -9999 -9999 -9999 -9999 -9999 -9999 -9999 -9999 -9999 -9999 -9999 -9999 -9999 -9999 -9999 3.85563 4.32622 4.38207 3.79285 3.83542 3.97635 4.07012 4.08738 4.43207 3.56607 3.96099 3.49865 3.14158 3.26822 3.02966 5.73854 5.75920 4.83611 4.43700 4.47941 4.36509 4.70843 4.65838 5.27017 4.70144 6.35734 5.25752 3.87739 5.31893 6.39870 7.61666 7.78702 8.35208 8.99510 8.83318 11.73810 -9999 -9999 -9999
-9999 -9999 -9999 -9999 -9999 -9999 -9999 -9999 -9999 -9999 -9999 -9999 -9999 -9999 -9999 -9999 -9999 -9999 -9999 -9999 -9999 -9999 -9999 -9999 -9999 -9999 -9999 -9999 -9999 -9999 -9999 -9999 -9999 -9999 -9999 -9999 -9999 -9999 4.10522 3.70682 3.60040 4.90156 5.70782 4.22146 3.59979 3.37628 3.32779 3.97150 3.02553 6.58070 7.12296 4.80715 5.30587 4.89779 4.77847 4.94451 5.52519 5.09118 3.93281 5.33038 6.56614 3.86972 6.28958 7.84230 7.28348 8.22986 8.12587 10.13340 11.89350 -9999 -9999 -9999 -9999
