data/hydroclimate-scenarios/BCSD_hadcm_A1B/monthly_summaries/et_monthly_tot_may.2070-2099.asc
ncols	311
nrows	91
xllcenter	102.75
yllcenter	31.75
cellsize	0.5
NODATA_value	-9999
[rows 0 to 31 of 91, columns 71 to 141 of 311]
-9999 -9999 -9999 -9999 -9999 -9999 -9999 -9999 -9999 -9999 -9999 -9999 -9999 -9999 -9999 -9999 -9999 -9999 -9999 -9999 -9999 -9999 -9999 -9999 -9999 -9999 -9999 -9999 -9999 -9999 -9999 -9999 -9999 -9999 -9999 -9999 -9999 -9999 -9999 -9999 -9999 -9999 -9999 -9999 -9999 -9999 -9999 -9999 -9999 -9999 -9999 -9999 -9999 -9999 -9999 -9999 -9999 -9999 -9999 -9999 -9999 -9999 -9999 -9999 -9999 -9999 -9999 -9999 -9999 -9999 -9999
-9999 -9999 -9999 -9999 -9999 -9999 -9999 -9999 -9999 -9999 -9999 -9999 -9999 -9999 -9999 -9999 -9999 -9999 -9999 -9999 -9999 -9999 -9999 -9999 -9999 -9999 -9999 -9999 -9999 -9999 -9999 -9999 -9999 -9999 -9999 -9999 -9999 -9999 -9999 -9999 -9999 -9999 -9999 -9999 -9999 -9999 -9999 -9999 -9999 -9999 -9999 -9999 -9999 -9999 -9999 -9999 -9999 -9999 -9999 -9999 -9999 -9999 -9999 -9999 -9999 -9999 -9999 -9999 -9999 -9999 -9999
-9999 -9999 -9999 -9999 -9999 -9999 -9999 -9999 -9999 -9999 -9999 -9999 -9999 -9999 -9999 -9999 -9999 -9999 -9999 -9999 -9999 -9999 -9999 -9999 -9999 -9999 -9999 -9999 -9999 -9999 -9999 -9999 -9999 -9999 -9999 -9999 -9999 -9999 -9999 -9999 -9999 -9999 -9999 -9999 -9999 -9999 -9999 -9999 -9999 -9999 -9999 -9999 -9999 -9999 -9999 -9999 -9999 -9999 -9999 -9999 -9999 -9999 -9999 -9999 -9999 -9999 -9999 -9999 -9999 -9999 -9999
-9999 -9999 -9999 -9999 -9999 -9999 -9999 -9999 -9999 -9999 -9999 -9999 -9999 -9999 -9999 -9999 -9999 -9999 -9999 -9999 -9999 -9999 -9999 -9999 -9999 -9999 -9999 -9999 -9999 -9999 -9999 -9999 -9999 -9999 -9999 -9999 -9999 -9999 -9999 -9999 -9999 -9999 -9999 -9999 -9999 -9999 -9999 -9999 -9999 -9999 -9999 -9999 -9999 -9999 -9999 -9999 -9999 -9999 -9999 -9999 -9999 -9999 -9999 -9999 -9999 -9999 -9999 -9999 -9999 -9999 -9999
-9999 -9999 -9999 -9999 -9999 -9999 -9999 -9999 -9999 -9999 -9999 -9999 -9999 -9999 -9999 -9999 -9999 -9999 -9999 -9999 -9999 -9999 -9999 -9999 -9999 -9999 -9999 -9999 -9999 -9999 -9999 -9999 -9999 -9999 -9999 -9999 -9999 -9999 -9999 -9999 -9999 -9999 -9999 -9999 -9999 -9999 -9999 -9999 -9999 -9999 -9999 -9999 -9999 -9999 -9999 -9999 -9999 -9999 -9999 -9999 -9999 -9999 -9999 -9999 -9999 -9999 -9999 -9999 -9999 -9999 -9999
-9999 -9999 -9999 -9999 -9999 -9999 -9999 -9999 -9999 -9999 -9999 -9999 -9999 -9999 -9999 -9999 -9999 -9999 -9999 -9999 -9999 -9999 -9999 -9999 -9999 -9999 -9999 -9999 -9999 -9999 -9999 -9999 -9999 -9999 -9999 -9999 -9999 -9999 -9999 -9999 -9999 -9999 -9999 -9999 -9999 -9999 -9999 -9999 -9999 -9999 -9999 -9999 -9999 -9999 -9999 -9999 -9999 -9999 -9999 -9999 -9999 -9999 -9999 -9999 -9999 -9999 -9999 -9999 -9999 -9999 -9999
-9999 -9999 -9999 -9999 -9999 -9999 -9999 -9999 -9999 -9999 -9999 -9999 -9999 -9999 -9999 -9999 -9999 -9999 -9999 -9999 -9999 -9999 -9999 -9999 -9999 -9999 -9999 -9999 -9999 -9999 -9999 -9999 -9999 -9999 -9999 -9999 -9999 -9999 -9999 -9999 -9999 -9999 -9999 -9999 -9999 -9999 -9999 -9999 -9999 -9999 -9999 -9999 -9999 -9999 -9999 -9999 -9999 -9999 -9999 -9999 -9999 -9999 -9999 -9999 -9999 -9999 -9999 -9999 -9999 -9999 -9999
-9999 -9999 -9999 -9999 -9999 -9999 -9999 -9999 -9999 -9999 -9999 -9999 -9999 -9999 -9999 -9999 -9999 -9999 -9999 -9999 -9999 -9999 -9999 -9999 -9999 -9999 -9999 -9999 -9999 -9999 -9999 -9999 -9999 -9999 -9999 -9999 -9999 -9999 -9999 -9999 -9999 -9999 -9999 -9999 -9999 -9999 -9999 -9999 -9999 -9999 -9999 -9999 -9999 -9999 -9999 -9999 -9999 -9999 -9999 -9999 -9999 -9999 -9999 -9999 -9999 -9999 -9999 -9999 -9999 -9999 -9999
-9999 -9999 -9999 -9999 -9999 -9999 29.39680 -9999 -9999 -9999 -9999 -9999 -9999 -9999 -9999 -9999 -9999 -9999 -9999 -9999 -9999 -9999 -9999 -9999 -9999 -9999 -9999 -9999 -9999 -9999 -9999 -9999 -9999 -9999 -9999 -9999 -9999 -9999 -9999 -9999 -9999 -9999 -9999 -9999 -9999 -9999 -9999 -9999 -9999 -9999 -9999 -9999 -9999 -9999 -9999 -9999 -9999 -9999 -9999 -9999 -9999 -9999 -9999 -9999 -9999 -9999 -9999 -9999 -9999 -9999 -9999
-9999 -9999 27.06280 30.59890 30.11420 29.87230 28.57040 29.12110 29.72830 29.52300 28.15270 27.78070 27.63870 27.34170 26.02410 25.39200 23.50640 23.70320 24.40920 24.35010 25.92780 26.36730 -9999 -9999 -9999 -9999 -9999 -9999 -9999 -9999 -9999 -9999 -9999 -9999 -9999 -9999 -9999 -9999 -9999 -9999 -9999 -9999 -9999 -9999 -9999 -9999 -9999 -9999 -9999 -9999 -9999 -9999 -9999 -9999 -9999 -9999 -9999 -9999 -9999 -9999 -9999 -9999 -9999 -9999 -9999 -9999 -9999 -9999 -9999 -9999 -9999
-9999 -9999 -9999 -9999 26.67120 26.58880 26.00370 25.27440 25.15860 24.50510 25.15000 24.71660 24.92480 25.01970 23.84200 23.75280 23.81980 23.45620 24.00340 23.46170 24.61300 24.60720 -9999 -9999 -9999 -9999 -9999 -9999 -9999 -9999 -9999 -9999 -9999 -9999 -9999 -9999 -9999 -9999 -9999 -9999 -9999 -9999 -9999 -9999 -9999 -9999 -9999 -9999 -9999 -9999 -9999 -9999 -9999 -9999 -9999 -9999 -9999 -9999 -9999 -9999 -9999 -9999 -9999 -9999 -9999 -9999 -9999 -9999 -9999 -9999 -9999
35.02060 33.70140 31.63600 31.85330 29.96130 29.41760 28.66110 28.02390 26.95610 26.12700 26.02970 25.70690 26.35770 26.13400 23.86150 23.90270 24.45850 24.28660 24.81800 24.57690 25.09210 25.15500 25.42650 26.42290 29.40820 29.76820 30.57150 31.39400 -9999 -9999 -9999 -9999 -9999 -9999 -9999 -9999 -9999 -9999 -9999 -9999 -9999 -9999 -9999 -9999 -9999 -9999 -9999 -9999 -9999 -9999 -9999 -9999 -9999 -9999 -9999 -9999 -9999 -9999 -9999 -9999 -9999 -9999 -9999 -9999 -9999 -9999 -9999 -9999 -9999 -9999 -9999
35.55050 34.60500 33.67360 32.37050 31.78390 31.08380 29.93860 28.80930 26.87750 25.95280 27.07510 25.86840 24.52870 23.69760 21.93610 21.76620 21.14540 20.93070 21.34820 20.90110 21.61750 21.68170 23.23210 23.91920 25.64600 26.75110 25.09670 25.77540 28.34770 30.04210 33.27020 34.02660 34.19090 34.07120 35.63350 36.22320 35.35980 34.85960 34.09720 33.00170 32.30380 31.81680 32.31740 -9999 -9999 -9999 -9999 -9999 -9999 -9999 -9999 -9999 -9999 -9999 -9999 -9999 -9999 -9999 -9999 -9999 -9999 -9999 -9999 -9999 -9999 -9999 -9999 -9999 -9999 -9999 -9999
40.31730 38.28650 37.67930 35.28150 33.75230 33.88230 34.57040 33.37730 31.63010 30.01590 31.03040 29.99170 27.82300 26.68320 23.84960 22.73630 22.14580 21.92210 22.44600 21.66290 21.32890 21.17900 23.53190 24.00190 26.16570 27.34240 27.13530 27.61190 29.57430 29.93410 33.73600 34.26000 36.29400 36.12280 37.77210 37.47410 36.42490 36.82760 35.98090 34.51300 32.90570 32.31970 33.00680 32.45840 -9999 -9999 -9999 -9999 -9999 -9999 -9999 -9999 -9999 -9999 -9999 -9999 -9999 -9999 -9999 -9999 -9999 -9999 -9999 -9999 -9999 -9999 -9999 -9999 -9999 -9999 -9999
28.15390 27.07290 30.42170 24.59930 29.34170 29.57230 27.45360 28.25040 26.53630 28.55650 26.01890 26.45620 26.29820 25.84750 24.26000 23.09280 21.26930 20.27650 20.79360 20.20300 17.93260 17.97720 20.13980 20.63110 23.36070 22.78720 24.22600 24.89160 26.16070 26.66800 28.16750 29.17860 28.18050 27.77710 30.69900 30.87750 29.95230 30.25860 30.30740 29.81790 30.13750 28.92370 28.24660 27.57380 -9999 -9999 -9999 -9999 -9999 -9999 -9999 -9999 -9999 -9999 -9999 -9999 -9999 -9999 -9999 29.18260 29.51000 -9999 -9999 -9999 -9999 29.73080 25.94900 24.30250 25.42230 28.47500 27.76590
31.03120 29.50400 31.09910 26.52200 32.32960 35.46820 33.66670 30.09340 28.12050 27.15260 30.49280 29.71670 28.69260 25.83350 23.54250 24.62910 22.08340 22.76240 20.43180 20.70000 19.08540 19.20810 20.61410 21.24190 22.82600 25.33120 25.61120 26.26670 27.72490 28.16690 29.39200 30.74270 29.68500 30.13940 31.99940 30.09290 30.85320 32.20590 31.63550 30.95810 30.89780 30.19430 29.39340 29.03960 27.92700 26.98410 25.74510 28.07750 25.14430 25.50670 26.33560 26.26880 27.89870 28.71510 27.72510 27.52600 30.17800 29.90720 28.80440 28.97110 29.60620 -9999 -9999 -9999 -9999 -9999 29.41280 28.10060 27.38650 26.44940 25.07750
25.96650 31.96770 31.28460 24.03230 30.00090 33.60850 33.31520 33.42870 34.99760 36.30830 37.18690 35.06270 31.53640 28.91570 24.55090 23.40630 21.14370 18.42590 19.29110 21.55020 19.71210 19.69190 19.01030 19.05480 20.52880 21.23130 23.02990 23.18000 22.87190 20.92550 22.81100 23.26210 21.35050 23.49270 22.45760 19.47230 22.84680 21.10650 24.35120 22.69090 22.56360 21.70290 21.02530 21.92830 23.07190 22.79840 19.21460 20.62250 21.81430 21.67060 23.68400 22.30650 22.74120 24.14870 24.82800 25.92130 26.38300 26.18460 26.42070 26.79280 26.09380 26.02050 26.66810 26.63230 26.73230 27.12620 28.16590 28.29630 28.51750 27.97200 24.52380
25.92150 17.32770 38.22920 26.69770 25.12610 28.98350 31.43640 30.31860 39.52470 39.71350 41.07760 38.09860 35.87610 31.29120 26.75680 20.81120 22.96900 22.76980 18.92570 19.23610 19.85500 22.13690 22.04860 22.68870 21.37200 23.81330 23.98700 25.53770 21.48710 19.84340 19.84010 18.94990 19.97070 23.48480 22.55790 20.16280 23.22460 23.82330 24.94310 21.24120 23.35590 25.90470 26.16500 20.51800 19.25040 22.40280 22.51390 24.47700 21.83270 22.87370 22.56960 24.94270 22.02880 23.32880 26.08320 25.15960 26.22660 26.57300 26.25240 26.32290 25.56630 24.18940 24.90970 25.95780 26.15830 26.05160 27.05660 27.03290 27.87720 27.43970 23.92730
24.42980 20.12470 27.34700 42.28570 33.28790 37.40610 40.87000 31.39190 34.83890 38.20810 38.18980 37.49040 37.38470 31.77400 28.90170 25.16790 24.91050 24.64350 22.58500 18.83140 20.36970 22.27730 23.21990 24.47710 25.30160 24.49780 25.12910 23.03530 24.13450 25.00800 24.49120 23.81460 25.53930 24.14480 20.62450 21.01750 22.57380 25.32990 24.18130 22.63040 25.23240 25.91000 22.86250 21.01500 21.87410 23.20820 24.35920 26.57580 27.13620 24.32040 22.98690 22.66110 22.69730 23.11080 24.23770 24.31840 27.15360 25.79610 25.53160 25.11870 23.84130 23.03680 23.57290 24.52590 23.80920 23.92850 23.44230 23.40390 23.76360 23.48540 22.47530
31.61250 24.91490 22.80930 23.86150 29.66450 39.72690 41.25620 32.16850 31.09920 38.22890 24.40000 25.83820 30.76770 35.14000 35.43490 35.27620 33.02060 28.75580 24.37680 24.47900 22.70630 25.33400 25.36820 27.21060 28.10330 28.77140 26.70310 30.20050 23.20020 26.35110 27.57600 23.64520 25.61570 29.25200 28.20530 25.98220 27.07410 26.46720 27.62400 24.50790 24.74430 26.37860 26.95440 25.75470 24.58530 23.57770 24.68130 21.95240 25.10890 23.16040 21.16730 22.47580 23.08160 23.98250 23.23290 22.47910 25.34450 24.51310 25.54010 26.07700 24.40070 24.41270 25.05980 24.81680 22.78280 23.32130 21.97180 22.62420 23.14160 22.80350 22.27090
33.15490 27.31720 24.07870 19.93140 17.83320 29.56820 36.03320 40.04000 35.15940 36.88380 29.43770 19.78670 17.19210 16.67690 20.99900 25.91880 28.48550 31.09910 31.20330 29.90280 27.23390 27.43420 28.05620 32.05580 32.63620 31.37790 29.38200 31.49130 29.87920 28.83450 27.72130 28.97900 27.13490 26.71080 29.02600 25.68570 26.28540 23.59570 23.86510 24.70140 24.20010 22.18460 25.04710 24.79390 22.31230 22.06200 20.83390 21.17050 23.57400 22.22260 22.20220 21.92260 21.47840 21.46220 22.43970 21.63630 23.64980 22.84270 23.17850 22.39010 21.42040 21.34280 22.24000 22.11970 22.15390 22.21920 21.32650 21.23610 22.01820 21.84010 20.88430
23.77940 24.00030 18.90710 19.17320 19.25760 20.11880 19.85180 22.52740 27.07980 33.41840 40.71980 32.87060 27.61110 22.31200 19.81840 18.93170 17.82450 19.20770 24.39790 25.77190 28.91600 27.31450 30.76920 30.85250 31.01930 31.12190 33.19300 33.29740 30.28700 30.15980 32.63600 24.13570 22.09060 21.94710 23.57080 22.90790 24.63720 23.55030 23.38500 22.78620 23.53460 22.71670 26.74390 23.27440 22.34830 21.38780 20.93320 20.87700 21.65680 21.44050 20.01580 19.29760 19.10650 18.98240 20.50610 20.20170 22.17560 22.29430 22.53420 21.99980 21.37030 21.29420 21.58250 21.68380 21.43230 21.66500 20.99100 20.94750 22.09030 21.94590 21.79530
27.76900 23.16560 23.89030 23.70940 22.82470 21.53640 21.25090 23.72780 20.72040 27.13370 29.37760 26.72560 26.14760 29.15240 27.62900 25.93340 23.21410 20.74450 17.69520 18.11770 20.11530 21.29570 26.65690 27.96190 34.22180 34.38270 35.61100 32.72600 26.23470 27.22540 26.80020 26.04030 22.63860 24.71320 23.25320 31.38990 29.73040 27.17320 23.38230 24.83590 26.84050 27.85680 25.35230 23.89130 19.93360 19.91580 19.49930 19.19220 18.39590 17.14590 17.73030 17.80040 19.71140 19.16110 19.97740 19.24850 20.95390 20.90820 20.93170 20.42990 19.66760 19.43330 19.81990 19.57430 20.50950 20.65340 20.44400 20.54870 19.23080 16.52440 18.87700
30.36100 29.33070 30.45280 29.79310 25.19300 22.25020 21.00960 21.02380 20.95530 25.13560 33.31570 20.02900 20.74990 24.10820 20.12440 20.22340 19.15090 29.81290 20.91210 16.47930 16.36180 17.87100 21.25500 31.69170 37.37210 37.80680 36.86480 32.69510 29.88450 29.52740 27.32360 27.32040 27.30370 28.49020 36.03450 33.41260 28.75220 28.63710 25.31560 24.65430 21.19220 22.00620 23.75380 22.33720 26.15860 25.30590 21.06870 19.49290 17.70410 16.98680 17.67740 17.50460 19.52740 19.40940 19.79900 19.04680 20.78540 20.56900 20.17310 20.10320 19.46130 19.11180 19.61640 19.14840 20.43110 17.47440 16.54970 18.46930 19.52940 17.48800 20.61850
32.43900 32.94350 31.83690 32.62430 30.65910 29.33110 29.09270 26.44770 25.30460 24.34020 25.43860 24.30540 23.16310 24.36330 20.28850 19.01130 17.28580 18.79220 21.03960 22.05140 20.82800 19.61440 22.25600 24.57280 33.21240 38.48880 40.13120 40.27380 36.22310 37.01470 31.52420 33.08780 34.41870 32.13710 30.25970 30.56780 30.81240 28.96060 26.68740 24.53880 18.08510 18.17100 20.34090 20.70160 26.51670 26.75230 22.12260 20.13890 18.10840 17.16060 17.52980 17.56120 19.86510 19.54350 19.90080 19.90200 18.46610 18.16850 19.23130 18.47230 16.45030 16.94830 17.55940 18.74660 21.56690 18.02300 18.96030 20.91070 18.65600 17.94850 19.73800
31.31950 30.62020 27.83580 26.93180 29.21400 33.08940 33.91070 33.43560 31.07730 32.37460 27.94580 22.49740 23.32480 25.00370 25.26570 21.15420 19.39800 18.28500 16.90580 18.33810 19.97510 24.06250 28.16980 27.03930 27.15220 30.87230 41.09240 41.67380 37.27860 33.51320 34.86270 34.31680 40.97820 37.99070 33.21560 27.51910 27.20390 22.58630 24.62810 20.13270 16.44760 17.01920 19.04530 18.03320 19.09120 20.79000 20.80760 19.68820 19.16320 17.57030 17.54670 18.21560 19.95780 19.53130 19.99040 19.39150 18.11960 17.90930 17.51530 17.94940 17.06380 17.02220 18.14250 18.25860 21.10900 20.98800 20.55420 20.74240 18.85940 17.68840 17.32160
27.21220 24.55200 22.12160 21.11040 24.63860 26.02030 30.67810 32.61490 37.19020 32.29800 30.05060 26.37110 18.55810 19.92140 25.04540 26.06350 20.80030 18.46910 17.26630 18.30730 18.62120 19.01080 21.07900 24.20240 26.71260 29.60480 30.50010 35.82500 42.77300 37.48140 41.71790 39.56360 39.99540 28.15110 25.82330 31.01510 25.51580 21.37310 22.64080 22.98390 18.52810 18.03570 19.20740 19.62020 19.60500 19.89980 20.99000 20.36830 21.23070 20.58900 20.39850 20.10870 19.41110 19.20180 18.49780 18.24210 17.34690 18.06280 17.63700 18.63540 19.41790 19.03160 18.25060 18.70800 18.20540 18.70970 18.93280 18.79800 16.64930 16.21500 16.50000
36.77800 31.68420 22.47600 21.03380 20.85420 26.39400 28.05550 34.80910 34.03070 37.59120 43.00500 35.91680 26.04630 19.74510 20.90110 21.42560 19.86420 22.19240 20.28110 21.46120 18.52520 19.87400 25.24170 26.64650 29.64220 27.85900 25.96450 31.89520 41.79330 44.25400 32.56950 34.79340 35.36440 28.39910 23.40330 29.20470 25.83410 22.89450 20.65940 20.54850 18.97000 18.57290 19.43670 19.34100 20.10010 20.08560 23.29720 21.62610 21.08360 21.16090 20.35860 19.90800 19.01990 19.99150 18.48470 18.92830 18.69780 19.74650 19.19610 19.23630 20.19290 20.12950 18.79120 18.07740 15.28650 15.51890 15.89630 15.86210 16.01930 15.90620 15.67910
30.39100 31.26410 24.54780 20.11560 18.86030 24.11000 19.27900 23.45230 24.54770 26.45030 30.32820 24.91190 26.58110 23.05120 17.94730 20.10580 23.21600 25.26040 23.03970 23.79220 23.91140 20.15870 20.88920 25.37000 30.42730 37.13330 32.70970 36.70180 50.43490 42.35390 35.84310 34.42400 33.25160 31.01390 26.12050 24.89720 26.73670 21.94160 19.88760 18.68300 19.72480 19.83480 19.82190 22.10620 28.38100 28.57340 32.59320 35.22740 33.26070 34.15640 33.34060 31.63690 29.30490 25.37640 21.75760 20.86460 20.03890 21.84430 20.98610 21.82960 21.42760 20.36030 18.04480 17.29240 16.13290 15.79220 16.16850 15.72920 16.13040 15.82390 17.19120
40.84670 34.62390 25.43180 24.36420 19.45980 19.33240 24.41390 21.00210 21.84330 20.12310 21.07910 18.90230 21.33990 18.02350 18.45970 19.91660 19.71470 21.66710 26.43680 26.44600 24.35710 20.93700 17.70160 21.66880 30.34020 34.42190 26.44600 31.34370 34.94320 29.35940 34.12210 36.57510 29.45550 27.29900 23.34960 24.47200 22.23690 22.36680 19.92080 19.31950 20.64110 25.97740 23.43690 26.64070 39.82280 38.67390 35.13170 33.73500 27.63930 31.34250 -9999 -9999 32.91700 30.13970 31.80470 26.49230 23.23150 22.77170 21.54710 19.01030 19.47220 17.05300 16.48080 17.85410 15.69330 16.43700 16.92940 16.40960 15.81550 15.10970 15.98620
24.78240 29.96230 26.49130 22.70700 22.13200 21.06600 21.86460 21.24860 19.86080 19.36790 21.60740 19.68760 18.68520 18.90840 19.98840 21.46750 18.77420 21.72000 24.96620 21.58310 21.42100 23.72680 22.52380 20.25420 17.97920 21.60020 23.49710 27.58450 29.33730 29.28670 27.40600 34.56220 28.20020 24.42460 22.80950 21.88810 19.91270 25.92340 32.11470 -9999 -9999 -9999 -9999 42.08410 -9999 29.96850 24.38850 27.16580 29.12420 37.19910 -9999 -9999 30.34130 29.92970 29.12950 27.96410 27.54790 25.26160 22.64770 20.05770 20.03040 20.43580 21.35330 21.88160 19.97400 21.11120 21.79820 21.54200 20.62990 19.70480 20.01680
31.25480 28.61480 25.95710 21.39010 22.06270 26.45510 18.81780 21.22340 26.62140 24.59850 23.98470 22.60850 20.87390 18.11320 20.35420 28.19690 22.75760 19.89810 19.43450 20.53080 17.99180 22.10170 19.46870 19.57110 18.35820 20.57950 22.00320 20.61250 25.00840 25.85540 24.29310 23.30780 22.24580 21.73320 19.60920 21.73180 22.98200 -9999 -9999 -9999 -9999 -9999 -9999 -9999 30.97570 27.74390 28.63360 -9999 -9999 -9999 -9999 -9999 32.87390 31.02220 24.55320 23.64640 20.99450 22.10800 21.81040 19.70470 20.35530 19.77510 19.88810 20.07890 18.61090 19.64380 19.07170 20.38000 19.39780 19.35000 -9999
