data/hydroclimate-scenarios/BCSD_hadcm_A1B/monthly_summaries/et_monthly_tot_sep.2070-2099.asc
ncols	311
nrows	91
xllcenter	102.75
yllcenter	31.75
cellsize	0.5
NODATA_value	-9999
[rows 0 to 31 of 91, columns 71 to 141 of 311]
-9999 -9999 -9999 -9999 -9999 -9999 -9999 -9999 -9999 -9999 -9999 -9999 -9999 -9999 -9999 -9999 -9999 -9999 -9999 -9999 -9999 -9999 -9999 -9999 -9999 -9999 -9999 -9999 -9999 -9999 -9999 -9999 -9999 -9999 -9999 -9999 -9999 -9999 -9999 -9999 -9999 -9999 -9999 -9999 -9999 -9999 -9999 -9999 -9999 -9999 -9999 -9999 -9999 -9999 -9999 -9999 -9999 -9999 -9999 -9999 -9999 -9999 -9999 -9999 -9999 -9999 -9999 -9999 -9999 -9999 -9999
-9999 -9999 -9999 -9999 -9999 -9999 -9999 -9999 -9999 -9999 -9999 -9999 -9999 -9999 -9999 -9999 -9999 -9999 -9999 -9999 -9999 -9999 -9999 -9999 -9999 -9999 -9999 -9999 -9999 -9999 -9999 -9999 -9999 -9999 -9999 -9999 -9999 -9999 -9999 -9999 -9999 -9999 -9999 -9999 -9999 -9999 -9999 -9999 -9999 -9999 -9999 -9999 -9999 -9999 -9999 -9999 -9999 -9999 -9999 -9999 -9999 -9999 -9999 -9999 -9999 -9999 -9999 -9999 -9999 -9999 -9999
-9999 -9999 -9999 -9999 -9999 -9999 -9999 -9999 -9999 -9999 -9999 -9999 -9999 -9999 -9999 -9999 -9999 -9999 -9999 -9999 -9999 -9999 -9999 -9999 -9999 -9999 -9999 -9999 -9999 -9999 -9999 -9999 -9999 -9999 -9999 -9999 -9999 -9999 -9999 -9999 -9999 -9999 -9999 -9999 -9999 -9999 -9999 -9999 -9999 -9999 -9999 -9999 -9999 -9999 -9999 -9999 -9999 -9999 -9999 -9999 -9999 -9999 -9999 -9999 -9999 -9999 -9999 -9999 -9999 -9999 -9999
-9999 -9999 -9999 -9999 -9999 -9999 -9999 -9999 -9999 -9999 -9999 -9999 -9999 -9999 -9999 -9999 -9999 -9999 -9999 -9999 -9999 -9999 -9999 -9999 -9999 -9999 -9999 -9999 -9999 -9999 -9999 -9999 -9999 -9999 -9999 -9999 -9999 -9999 -9999 -9999 -9999 -9999 -9999 -9999 -9999 -9999 -9999 -9999 -9999 -9999 -9999 -9999 -9999 -9999 -9999 -9999 -9999 -9999 -9999 -9999 -9999 -9999 -9999 -9999 -9999 -9999 -9999 -9999 -9999 -9999 -9999
-9999 -9999 -9999 -9999 -9999 -9999 -9999 -9999 -9999 -9999 -9999 -9999 -9999 -9999 -9999 -9999 -9999 -9999 -9999 -9999 -9999 -9999 -9999 -9999 -9999 -9999 -9999 -9999 -9999 -9999 -9999 -9999 -9999 -9999 -9999 -9999 -9999 -9999 -9999 -9999 -9999 -9999 -9999 -9999 -9999 -9999 -9999 -9999 -9999 -9999 -9999 -9999 -9999 -9999 -9999 -9999 -9999 -9999 -9999 -9999 -9999 -9999 -9999 -9999 -9999 -9999 -9999 -9999 -9999 -9999 -9999
-9999 -9999 -9999 -9999 -9999 -9999 -9999 -9999 -9999 -9999 -9999 -9999 -9999 -9999 -9999 -9999 -9999 -9999 -9999 -9999 -9999 -9999 -9999 -9999 -9999 -9999 -9999 -9999 -9999 -9999 -9999 -9999 -9999 -9999 -9999 -9999 -9999 -9999 -9999 -9999 -9999 -9999 -9999 -9999 -9999 -9999 -9999 -9999 -9999 -9999 -9999 -9999 -9999 -9999 -9999 -9999 -9999 -9999 -9999 -9999 -9999 -9999 -9999 -9999 -9999 -9999 -9999 -9999 -9999 -9999 -9999
-9999 -9999 -9999 -9999 -9999 -9999 -9999 -9999 -9999 -9999 -9999 -9999 -9999 -9999 -9999 -9999 -9999 -9999 -9999 -9999 -9999 -9999 -9999 -9999 -9999 -9999 -9999 -9999 -9999 -9999 -9999 -9999 -9999 -9999 -9999 -9999 -9999 -9999 -9999 -9999 -9999 -9999 -9999 -9999 -9999 -9999 -9999 -9999 -9999 -9999 -9999 -9999 -9999 -9999 -9999 -9999 -9999 -9999 -9999 -9999 -9999 -9999 -9999 -9999 -9999 -9999 -9999 -9999 -9999 -9999 -9999
-9999 -9999 -9999 -9999 -9999 -9999 -9999 -9999 -9999 -9999 -9999 -9999 -9999 -9999 -9999 -9999 -9999 -9999 -9999 -9999 -9999 -9999 -9999 -9999 -9999 -9999 -9999 -9999 -9999 -9999 -9999 -9999 -9999 -9999 -9999 -9999 -9999 -9999 -9999 -9999 -9999 -9999 -9999 -9999 -9999 -9999 -9999 -9999 -9999 -9999 -9999 -9999 -9999 -9999 -9999 -9999 -9999 -9999 -9999 -9999 -9999 -9999 -9999 -9999 -9999 -9999 -9999 -9999 -9999 -9999 -9999
-9999 -9999 -9999 -9999 -9999 -9999 10.77270 -9999 -9999 -9999 -9999 -9999 -9999 -9999 -9999 -9999 -9999 -9999 -9999 -9999 -9999 -9999 -9999 -9999 -9999 -9999 -9999 -9999 -9999 -9999 -9999 -9999 -9999 -9999 -9999 -9999 -9999 -9999 -9999 -9999 -9999 -9999 -9999 -9999 -9999 -9999 -9999 -9999 -9999 -9999 -9999 -9999 -9999 -9999 -9999 -9999 -9999 -9999 -9999 -9999 -9999 -9999 -9999 -9999 -9999 -9999 -9999 -9999 -9999 -9999 -9999
-9999 -9999 14.74920 14.48110 13.94570 13.89530 11.47300 11.60180 10.06220 10.02140 13.59990 13.53610 13.77570 13.77180 15.85730 15.68800 15.44180 15.38930 14.45560 14.40010 15.39870 15.13290 -9999 -9999 -9999 -9999 -9999 -9999 -9999 -9999 -9999 -9999 -9999 -9999 -9999 -9999 -9999 -9999 -9999 -9999 -9999 -9999 -9999 -9999 -9999 -9999 -9999 -9999 -9999 -9999 -9999 -9999 -9999 -9999 -9999 -9999 -9999 -9999 -9999 -9999 -9999 -9999 -9999 -9999 -9999 -9999 -9999 -9999 -9999 -9999 -9999
-9999 -9999 -9999 -9999 10.13640 10.11170 10.01470 10.05930 11.74310 11.70620 12.20410 12.30870 12.53830 12.13090 13.21650 13.23720 13.55900 13.28420 12.50790 12.51220 13.24760 13.06200 -9999 -9999 -9999 -9999 -9999 -9999 -9999 -9999 -9999 -9999 -9999 -9999 -9999 -9999 -9999 -9999 -9999 -9999 -9999 -9999 -9999 -9999 -9999 -9999 -9999 -9999 -9999 -9999 -9999 -9999 -9999 -9999 -9999 -9999 -9999 -9999 -9999 -9999 -9999 -9999 -9999 -9999 -9999 -9999 -9999 -9999 -9999 -9999 -9999
14.55930 14.64850 13.26870 13.31610 11.01280 10.56420 10.22650 10.47000 11.93330 12.11190 12.99400 13.03280 13.30700 13.14030 13.80460 13.69930 14.43030 14.31610 13.56380 13.14080 13.19680 13.43360 13.57550 13.51700 12.79070 12.90280 12.91130 12.36820 -9999 -9999 -9999 -9999 -9999 -9999 -9999 -9999 -9999 -9999 -9999 -9999 -9999 -9999 -9999 -9999 -9999 -9999 -9999 -9999 -9999 -9999 -9999 -9999 -9999 -9999 -9999 -9999 -9999 -9999 -9999 -9999 -9999 -9999 -9999 -9999 -9999 -9999 -9999 -9999 -9999 -9999 -9999
14.79360 14.76450 13.92480 13.59610 10.88540 10.89830 11.44980 11.39270 12.19340 12.16290 13.15150 13.16730 12.93350 12.74520 12.92080 12.69530 12.10420 11.82660 12.14110 12.91740 13.35290 12.93150 12.74540 13.01760 13.10600 13.16370 12.32190 11.96480 12.15190 11.90830 10.53850 10.45820 10.78190 10.86580 10.94900 10.84480 11.16030 11.27210 12.74250 12.78160 12.07640 12.46660 12.18380 -9999 -9999 -9999 -9999 -9999 -9999 -9999 -9999 -9999 -9999 -9999 -9999 -9999 -9999 -9999 -9999 -9999 -9999 -9999 -9999 -9999 -9999 -9999 -9999 -9999 -9999 -9999 -9999
16.01230 15.65270 15.16320 14.87890 11.43260 11.61610 12.05210 11.95750 12.75510 12.91920 13.87990 13.61580 13.45290 13.05640 13.09150 13.05650 13.02820 12.48130 13.50290 13.63800 13.69560 12.75570 12.74330 13.43960 13.02840 13.15480 12.53670 12.40460 12.31800 12.58420 11.29010 11.22500 11.23440 11.16890 11.46980 11.47250 12.00660 11.97400 13.80170 13.81260 13.00300 13.05670 12.89880 12.56040 -9999 -9999 -9999 -9999 -9999 -9999 -9999 -9999 -9999 -9999 -9999 -9999 -9999 -9999 -9999 -9999 -9999 -9999 -9999 -9999 -9999 -9999 -9999 -9999 -9999 -9999 -9999
11.97310 11.35620 11.68620 9.68232 10.60170 10.92750 10.26950 10.67660 11.66680 12.05590 12.08210 12.24450 14.22230 14.23400 14.77560 14.90670 13.50820 13.37460 12.61150 11.65590 12.78510 12.59560 13.11230 12.97640 12.86780 12.39720 12.26090 12.45570 12.23570 11.53640 11.04350 11.06010 13.48480 13.30900 11.90450 12.01070 12.24580 12.15960 11.64600 11.65470 11.57910 11.58180 13.15910 13.49110 -9999 -9999 -9999 -9999 -9999 -9999 -9999 -9999 -9999 -9999 -9999 -9999 -9999 -9999 -9999 13.26110 13.51820 -9999 -9999 -9999 -9999 11.48860 11.33330 9.56932 9.89286 11.30820 12.53700
12.80500 12.84730 12.63360 11.34960 11.99460 12.80860 11.96600 11.29060 12.07000 12.03360 13.10510 13.42090 15.39570 15.30900 15.56850 15.86770 14.31770 14.60000 12.93040 13.42990 14.15750 13.71680 14.01610 13.77740 13.78680 13.78970 13.52640 13.54710 12.82290 13.05590 12.26810 12.07580 14.45640 14.38780 12.64380 12.57130 12.80310 12.62910 11.93020 11.00120 11.61760 11.70560 13.23390 13.06940 13.20100 13.18140 13.12460 14.18430 12.16070 11.69000 12.11520 11.76520 12.09180 12.92850 11.63970 12.51010 14.02650 14.07900 14.20140 13.99400 14.24290 -9999 -9999 -9999 -9999 -9999 14.53750 13.02120 11.88820 11.21640 12.11390
12.53350 14.97180 14.12380 12.55420 13.09230 13.47360 13.54890 13.58660 13.77500 13.95400 13.86250 13.97870 15.98350 15.97760 16.55500 15.29800 14.95560 14.41090 13.62560 13.61490 14.24040 14.00100 14.33050 13.83360 14.25990 14.29040 13.42540 13.53420 13.36160 13.16180 11.91970 11.72100 12.46970 12.96250 12.59150 12.27430 13.42050 13.38630 13.71200 13.46770 13.36190 12.93890 13.35250 13.49290 13.53790 13.46240 12.90500 13.24690 12.82450 12.36900 13.10180 13.54940 13.40030 11.70110 10.16880 12.26380 11.89940 11.74170 12.40550 14.18060 14.00470 13.82190 13.69090 14.33670 14.45470 13.99870 14.87310 14.95410 12.69860 11.98240 10.64420
13.42970 9.85808 16.14990 13.34380 11.33540 13.11010 13.49970 13.44860 15.05920 15.30310 14.72370 15.03120 16.88160 15.93530 17.30570 16.68780 15.80400 15.92100 14.14400 13.78290 14.44080 14.80920 15.19160 15.19510 15.10180 15.42260 14.11400 14.29350 13.89290 13.72470 12.20790 12.02940 12.77010 13.04310 13.16960 12.77550 14.25730 14.08770 14.54480 14.29340 14.32750 14.48790 14.28760 14.03010 13.58330 13.94910 13.95640 14.17640 13.81000 14.03410 14.21770 14.53130 14.56820 14.47020 13.30510 11.65630 12.02950 12.68580 12.88360 12.48420 12.30750 12.02660 13.86190 15.22330 14.02930 14.14300 16.05050 15.95880 13.64380 12.25500 10.83470
12.15800 10.45760 12.76430 17.39490 15.39580 15.67880 15.01660 14.18440 15.19710 15.70670 15.76610 15.82680 17.62530 17.41980 16.06030 15.75100 15.78460 15.72900 14.64820 13.29910 13.67710 14.29140 14.48440 14.84370 15.94120 15.77950 14.51430 14.20740 13.16570 12.87900 12.88730 12.22810 13.18750 13.12950 13.24010 13.37200 12.86970 13.41150 13.79680 13.68860 14.39280 14.38730 14.77660 14.23670 14.65620 14.66840 13.95370 14.26010 14.47500 14.67870 14.90490 14.96340 12.91010 12.63730 13.65970 13.93590 13.58120 11.43200 11.82470 11.75250 11.75980 10.93200 10.60210 12.69680 14.06540 14.95580 14.06210 14.13950 13.59600 12.91190 11.87980
14.20700 12.42570 12.94000 12.95030 16.21970 16.89890 15.27700 14.25040 14.33790 15.05990 14.01640 13.85590 16.79240 17.29380 16.70380 17.01360 16.86580 16.66000 15.55170 15.16550 14.67730 15.60980 15.90600 15.92500 17.13700 16.75020 15.46360 15.34730 12.89880 12.56670 13.57470 12.93120 13.58500 14.42340 14.92260 14.65360 14.17330 14.59270 15.04330 15.04330 15.37520 15.60790 15.94520 15.58600 15.28570 14.91160 15.03130 14.37600 14.78330 14.86540 15.20790 15.19480 13.72020 14.08100 13.66420 12.78080 12.02470 10.41930 12.73200 13.14350 14.20970 14.06060 14.13000 12.88710 12.89200 14.75570 11.90530 13.54680 14.35510 13.93470 12.88350
14.61770 13.83510 13.32640 12.14790 11.06490 14.94150 16.21610 15.90960 14.92060 15.21870 15.47280 13.07610 10.72400 10.00770 12.82550 15.48200 17.12750 17.46270 17.09350 17.05110 16.93790 17.10040 16.50080 16.84290 17.32660 17.23010 16.70110 16.78800 15.02020 14.76470 14.00110 14.33560 15.25630 15.13320 16.61840 16.29900 15.99240 15.05420 15.39950 15.19680 15.74210 15.93340 17.04490 16.52710 16.01900 16.04590 16.02180 16.00610 15.34560 15.15230 16.32090 16.73510 16.02970 16.07650 14.91830 15.34950 13.79280 12.96620 14.52750 12.59720 12.48540 12.96690 14.64520 14.89270 15.81220 15.38390 15.82470 15.09010 16.51280 16.04430 17.13550
12.75970 12.97530 11.81690 11.26550 11.34790 11.46150 12.29430 12.95770 13.83230 15.07650 16.04950 15.88030 15.01050 13.22030 12.17100 11.89790 12.97960 14.45790 15.96520 17.34710 18.26790 18.04190 17.59610 17.91360 18.27750 18.63450 18.92790 18.32280 16.32510 16.24790 15.74950 14.52000 14.88770 15.42540 16.45490 16.61060 16.60010 16.53160 16.53090 15.61280 16.06270 16.33250 17.70310 17.04910 17.03830 16.34120 16.86170 17.07240 16.41110 16.55570 15.90220 15.83960 14.78380 15.15190 14.27120 14.66750 13.41030 14.41810 15.05240 13.85540 14.82050 14.67690 15.21140 16.75970 17.01260 17.63840 15.49290 16.46920 17.70260 17.86870 19.05700
15.95430 14.10650 12.83700 13.42090 12.19530 11.42070 11.87820 13.61670 13.65350 15.26380 15.61220 14.98150 16.31630 17.34010 16.67620 17.09410 18.02510 14.39000 13.78830 14.73450 16.32880 16.28510 18.61390 18.69530 18.33240 18.74070 20.20470 19.10640 18.10670 17.92420 17.69690 17.43910 16.04700 16.13580 17.12980 18.37190 18.98410 18.45930 16.88700 17.64700 17.87710 18.53000 18.08060 17.34390 18.66270 18.03270 18.74960 19.68720 19.04530 17.63860 16.26040 16.78990 14.32320 13.06690 14.78740 13.59220 14.81580 13.92520 16.10050 17.25790 17.70150 18.40720 17.81990 19.17490 18.45790 19.75770 20.63170 21.07540 20.07900 19.53850 20.24090
17.21130 16.60230 17.49430 17.95750 14.28220 12.64310 12.86370 12.85830 13.33950 15.04060 16.81440 12.72330 14.26770 16.30350 13.73220 13.04410 12.11180 20.01100 16.20020 12.52700 12.25220 13.92850 16.61480 20.80490 19.96450 19.83820 20.66140 19.92550 19.23760 19.68010 18.52870 18.27170 17.64220 17.67950 19.49730 19.57330 20.04260 19.75210 19.17010 18.59580 16.30380 18.03330 18.89660 18.73720 21.58310 20.53260 20.86300 20.45750 19.49280 18.96300 17.20470 17.68380 16.58250 15.83460 14.85990 14.46430 15.03330 15.26480 17.29510 17.90590 19.75190 19.61670 19.39970 18.83960 21.36470 21.26480 21.74020 21.81530 20.57270 20.09490 21.09570
18.62470 18.88800 18.77800 19.24500 17.27290 16.84190 17.26320 16.15640 16.49530 16.06510 15.92010 15.43060 17.26330 18.41070 15.35690 15.06710 12.81360 14.23090 18.03130 19.41980 17.19210 16.85950 17.96330 18.82800 20.59740 20.61720 20.72940 20.91230 19.38990 20.42000 20.79200 20.59750 19.29710 18.92950 21.07770 20.82300 19.43160 19.75910 21.13380 19.51420 17.78300 18.04340 19.01290 19.08810 22.35920 21.77220 21.93390 21.08480 21.55800 19.69320 16.80140 18.55980 17.90910 15.34220 16.77250 17.21730 18.34790 19.50930 17.91180 20.54240 21.27920 21.72990 22.61450 23.59110 25.02440 23.91660 24.67180 23.84650 21.08000 21.26300 21.62730
20.19120 19.75820 18.71230 18.53560 17.70160 19.33950 19.78220 19.10330 19.30820 19.01550 16.76100 14.82350 16.85850 19.53240 19.13210 18.16110 17.14140 16.36790 14.86050 16.40280 17.37240 19.74870 20.34830 19.89180 19.77140 21.10490 21.88570 21.21450 20.16980 19.88940 21.82650 21.73400 20.07720 20.33640 21.26690 20.97130 20.95750 19.40860 20.80390 18.99800 16.93920 18.00480 18.85000 16.82430 20.76440 21.82980 22.77220 22.17230 23.64430 22.88140 18.77110 20.85120 19.99100 19.97690 20.17490 20.86100 20.67690 20.11680 21.74780 21.24200 23.13890 23.53870 23.80220 24.52810 25.80380 25.85130 26.54850 25.47740 22.85530 22.71540 23.34460
19.75100 18.07840 17.62110 16.77710 16.37030 17.20600 18.17820 18.65910 21.05190 18.92170 18.58620 17.42960 14.22020 16.06880 20.02730 20.32310 18.96010 17.02850 15.27810 15.41210 17.49810 18.27770 18.09490 19.09990 20.31390 20.81150 20.32110 20.92710 21.26230 20.66630 21.02690 20.83040 21.13640 20.66390 20.03820 21.22370 21.02580 19.64580 20.85100 19.81520 18.56040 17.51610 18.41160 20.02610 19.90850 20.63300 20.01440 20.42600 21.02750 19.85380 19.98820 18.66750 20.17850 20.07630 20.71210 21.33130 21.67310 23.20900 24.07160 24.67110 25.71930 25.00610 24.88980 25.18660 25.32660 25.26870 25.71390 25.13410 23.26750 22.37640 22.93010
23.62620 21.65430 18.30400 18.02290 15.76860 18.51660 20.19000 20.50830 22.15900 21.96750 21.27170 21.83520 19.60620 17.13940 19.47200 19.69110 19.30570 21.21400 19.52760 20.03880 16.50780 20.21680 19.88380 20.55090 20.95260 20.53120 19.76650 21.37160 22.05020 21.54070 20.68590 20.47800 21.78850 20.65260 19.98910 21.07200 21.34940 20.17100 18.88630 19.96180 20.75710 19.48530 21.34110 20.20590 20.82680 20.41980 22.61910 22.00860 21.60890 21.69320 21.07230 21.10990 22.14610 23.12360 23.50480 24.87840 24.78150 25.07510 25.77080 25.76910 26.59600 25.79490 25.83440 25.26570 23.12220 25.10760 24.68120 24.62720 24.32060 25.81310 25.06910
24.79390 24.81200 20.27410 17.82030 18.22710 22.08490 18.50140 22.84770 23.24440 22.43810 22.55590 21.48290 22.27940 21.26470 19.67630 21.81600 23.00700 23.12710 22.45390 23.07660 23.44720 20.96840 21.21380 22.54850 22.77770 23.26510 22.32560 22.21490 24.81650 23.20530 21.42860 21.46960 23.10940 22.73100 21.71720 21.73140 22.88700 22.40250 20.58040 19.14160 21.95460 23.82410 21.83950 23.60040 26.19270 26.25530 26.17050 27.16290 25.33150 25.85640 25.02680 25.49870 26.72890 26.18320 28.25700 28.23320 28.34230 29.26750 29.60430 29.27080 28.65790 27.90800 27.90170 25.77940 24.11270 25.48680 25.33120 25.53570 26.70310 27.24350 28.36620
28.43110 26.56370 22.84400 23.58760 19.55920 18.88710 24.10780 20.98170 21.11820 19.75140 18.77600 21.40970 21.68210 20.87690 21.67320 24.60510 23.68690 23.59730 24.49960 24.98500 23.80080 22.97700 20.42210 24.33940 24.82750 25.85150 22.43090 23.10780 24.50490 22.75090 23.64800 23.67470 23.98060 23.48300 21.18770 22.29700 23.73840 23.94110 21.21370 21.88690 23.88240 27.77720 26.20070 27.31210 28.17030 27.95540 28.60350 28.63140 26.42410 26.93790 -9999 -9999 28.06580 27.13840 29.67120 29.49670 29.58040 30.00640 30.57150 30.37470 28.65600 27.16020 26.24050 28.89190 24.89160 29.14320 27.47640 27.11070 27.15260 27.05150 28.61940
23.72660 26.50850 26.55230 24.97260 23.40170 25.63650 21.12280 24.05450 22.32450 20.60340 22.51490 22.30960 21.34040 20.81540 22.80300 24.65270 23.60240 25.89980 27.46750 26.26730 27.51460 27.62240 26.11730 25.84960 23.50450 25.17700 24.97970 25.41020 24.98210 24.19910 24.14950 24.98180 25.11570 23.72200 23.46970 24.82190 26.20390 27.85150 30.93650 -9999 -9999 -9999 -9999 34.41500 -9999 29.75930 26.07780 27.87550 30.05120 30.59290 -9999 -9999 28.42040 29.58650 30.50790 29.65010 30.65720 30.67660 32.20440 31.13470 31.87140 31.29820 29.75800 29.08830 29.62820 27.50760 27.47070 29.11260 29.47640 31.69510 32.37280
29.29250 28.85700 29.03610 26.73960 27.70580 31.35110 24.85510 26.87420 32.01980 31.51720 31.01650 29.98080 26.18820 25.68990 26.00550 28.22480 27.74170 26.76970 26.85790 27.97480 26.43910 28.64640 27.59650 27.44540 28.38040 27.30640 27.67970 25.51700 24.97320 25.32400 25.69030 25.77410 24.08390 24.65760 23.79260 27.71280 30.64340 -9999 -9999 -9999 -9999 -9999 -9999 -9999 32.02700 30.63340 30.94180 -9999 -9999 -9999 -9999 -9999 29.45960 30.63760 30.48380 30.18720 29.50790 30.36080 33.27140 32.80570 33.89270 34.01020 32.91950 30.29530 31.15940 31.84240 31.55510 32.68880 31.75520 34.16060 -9999
