data/hydroclimate-scenarios/BCSD_hadcm_A1B/monthly_summaries/et_monthly_tot_apr.2030-2059.asc
ncols	311
nrows	91
xllcenter	102.75
yllcenter	31.75
cellsize	0.5
NODATA_value	-9999
[rows 0 to 31 of 91, columns 0 to 70 of 311]
-9999 -9999 -9999 -9999 -9999 -9999 -9999 -9999 -9999 -9999 -9999 -9999 -9999 -9999 -9999 -9999 -9999 -9999 -9999 -9999 -9999 -9999 -9999 -9999 -9999 -9999 -9999 -9999 -9999 -9999 -9999 -9999 -9999 -9999 -9999 -9999 -9999 -9999 -9999 -9999 -9999 -9999 -9999 -9999 -9999 -9999 -9999 -9999 -9999 -9999 -9999 -9999 -9999 -9999 -9999 -9999 -9999 -9999 -9999 -9999 -9999 -9999 -9999 -9999 -9999 -9999 -9999 -9999 -9999 -9999 -9999
-9999 -9999 -9999 -9999 -9999 -9999 -9999 -9999 -9999 -9999 -9999 -9999 -9999 -9999 -9999 -9999 -9999 -9999 -9999 -9999 -9999 -9999 -9999 -9999 -9999 -9999 -9999 -9999 -9999 -9999 -9999 -9999 -9999 -9999 -9999 -9999 -9999 -9999 -9999 -9999 -9999 -9999 -9999 -9999 -9999 -9999 -9999 -9999 -9999 -9999 -9999 -9999 -9999 -9999 -9999 -9999 -9999 -9999 -9999 -9999 -9999 -9999 -9999 -9999 -9999 -9999 -9999 -9999 -9999 -9999 -9999
-9999 -9999 -9999 -9999 -9999 -9999 -9999 -9999 -9999 -9999 -9999 -9999 -9999 -9999 -9999 -9999 -9999 -9999 -9999 -9999 -9999 -9999 -9999 -9999 -9999 -9999 -9999 -9999 -9999 -9999 -9999 -9999 -9999 -9999 -9999 -9999 -9999 -9999 -9999 -9999 -9999 -9999 -9999 -9999 -9999 -9999 -9999 -9999 -9999 -9999 -9999 -9999 -9999 -9999 -9999 -9999 -9999 -9999 -9999 -9999 -9999 -9999 -9999 -9999 -9999 -9999 -9999 -9999 -9999 -9999 -9999
-9999 -9999 -9999 -9999 -9999 -9999 -9999 -9999 -9999 -9999 -9999 -9999 -9999 -9999 -9999 -9999 -9999 -9999 -9999 -9999 -9999 -9999 -9999 -9999 -9999 -9999 -9999 -9999 -9999 -9999 -9999 -9999 -9999 -9999 -9999 -9999 -9999 -9999 -9999 -9999 -9999 -9999 -9999 -9999 -9999 -9999 -9999 -9999 -9999 -9999 -9999 -9999 -9999 -9999 -9999 -9999 -9999 -9999 -9999 -9999 -9999 -9999 -9999 -9999 -9999 -9999 -9999 -9999 -9999 -9999 -9999
-9999 -9999 -9999 -9999 -9999 -9999 -9999 -9999 -9999 -9999 -9999 -9999 -9999 -9999 -9999 -9999 -9999 -9999 -9999 -9999 -9999 -9999 -9999 -9999 -9999 -9999 -9999 -9999 -9999 -9999 -9999 -9999 -9999 -9999 -9999 -9999 -9999 -9999 -9999 -9999 -9999 -9999 -9999 -9999 -9999 -9999 -9999 -9999 -9999 -9999 -9999 -9999 -9999 -9999 -9999 -9999 -9999 -9999 -9999 -9999 -9999 -9999 -9999 -9999 -9999 -9999 -9999 -9999 -9999 -9999 -9999
-9999 -9999 -9999 -9999 -9999 -9999 -9999 -9999 -9999 -9999 -9999 -9999 -9999 -9999 -9999 -9999 -9999 -9999 -9999 -9999 -9999 -9999 -9999 -9999 -9999 -9999 -9999 -9999 -9999 -9999 -9999 -9999 -9999 -9999 -9999 -9999 -9999 -9999 -9999 -9999 -9999 -9999 -9999 -9999 -9999 -9999 -9999 -9999 -9999 -9999 -9999 -9999 -9999 -9999 -9999 -9999 -9999 -9999 -9999 -9999 -9999 -9999 -9999 -9999 -9999 -9999 -9999 -9999 -9999 -9999 -9999
-9999 -9999 -9999 -9999 -9999 -9999 -9999 -9999 -9999 -9999 -9999 -9999 -9999 -9999 -9999 -9999 -9999 -9999 -9999 -9999 -9999 -9999 -9999 -9999 -9999 -9999 -9999 -9999 -9999 -9999 -9999 -9999 -9999 -9999 -9999 -9999 -9999 -9999 -9999 -9999 -9999 -9999 -9999 -9999 -9999 -9999 -9999 -9999 -9999 -9999 -9999 -9999 -9999 -9999 -9999 -9999 -9999 -9999 -9999 -9999 -9999 -9999 -9999 -9999 -9999 -9999 -9999 -9999 -9999 -9999 -9999
-9999 -9999 -9999 -9999 -9999 -9999 -9999 -9999 -9999 -9999 -9999 -9999 -9999 -9999 -9999 -9999 -9999 -9999 -9999 -9999 -9999 -9999 -9999 -9999 -9999 -9999 -9999 -9999 -9999 -9999 -9999 -9999 -9999 -9999 -9999 -9999 -9999 -9999 -9999 -9999 -9999 -9999 10.49170 9.77042 9.74518 10.47890 10.51780 11.35760 11.47740 11.67260 11.84600 12.07710 -9999 -9999 -9999 -9999 -9999 -9999 -9999 -9999 -9999 -9999 -9999 -9999 -9999 -9999 -9999 -9999 -9999 -9999 -9999
-9999 -9999 -9999 -9999 -9999 -9999 -9999 -9999 -9999 -9999 -9999 -9999 -9999 -9999 -9999 -9999 -9999 -9999 -9999 -9999 -9999 -9999 -9999 -9999 -9999 -9999 -9999 -9999 -9999 -9999 -9999 -9999 -9999 -9999 -9999 -9999 -9999 -9999 7.27546 6.76224 7.17135 7.24975 7.23327 8.23603 8.32759 8.42590 8.45825 8.99003 9.12183 9.84183 9.96748 10.66520 10.75900 13.29740 -9999 -9999 -9999 -9999 -9999 -9999 -9999 -9999 -9999 -9999 -9999 -9999 -9999 -9999 -9999 -9999 -9999
-9999 -9999 -9999 -9999 -9999 -9999 -9999 -9999 -9999 -9999 -9999 -9999 -9999 -9999 -9999 -9999 -9999 -9999 -9999 -9999 -9999 -9999 -9999 -9999 -9999 -9999 -9999 -9999 -9999 -9999 -9999 -9999 -9999 -9999 -9999 -9999 -9999 -9999 -9999 -9999 7.59833 7.58766 7.40070 8.21122 8.31738 8.42709 8.63258 9.48716 9.53035 10.13260 10.17350 11.19510 11.14440 13.94860 -9999 -9999 -9999 -9999 -9999 -9999 -9999 -9999 -9999 -9999 -9999 -9999 -9999 -9999 -9999 -9999 -9999
-9999 -9999 -9999 -9999 -9999 -9999 -9999 -9999 -9999 -9999 -9999 -9999 -9999 -9999 -9999 -9999 -9999 -9999 -9999 -9999 -9999 -9999 -9999 -9999 -9999 -9999 -9999 -9999 -9999 -9999 -9999 -9999 -9999 -9999 -9999 -9999 -9999 -9999 -9999 -9999 -9999 -9999 -9999 -9999 6.73235 7.17123 7.00685 7.32645 7.57709 8.57892 8.63871 8.82461 9.27212 11.08240 -9999 -9999 -9999 -9999 -9999 -9999 10.27100 -9999 -9999 -9999 -9999 -9999 -9999 -9999 -9999 -9999 -9999
-9999 -9999 -9999 -9999 -9999 -9999 -9999 -9999 -9999 -9999 -9999 -9999 -9999 -9999 -9999 -9999 -9999 -9999 -9999 -9999 -9999 -9999 -9999 -9999 -9999 -9999 -9999 -9999 -9999 -9999 -9999 -9999 -9999 -9999 -9999 -9999 -9999 -9999 -9999 -9999 -9999 6.17541 6.15203 6.70967 6.79983 7.73340 7.46633 7.66045 7.93026 8.97606 8.65604 9.12621 9.72186 10.08710 -9999 -9999 -9999 -9999 -9999 11.06430 11.02980 10.98930 11.05830 12.02340 12.12320 12.88950 12.66940 12.49690 12.71330 13.68440 13.53420
-9999 -9999 -9999 -9999 -9999 -9999 -9999 -9999 -9999 -9999 -9999 -9999 -9999 -9999 -9999 -9999 -9999 -9999 -9999 -9999 -9999 -9999 -9999 -9999 -9999 -9999 -9999 -9999 -9999 -9999 -9999 -9999 -9999 -9999 -9999 -9999 -9999 -9999 -9999 -9999 -9999 5.23484 5.19520 6.10579 6.28723 6.89529 7.08707 6.47660 6.66830 7.09854 7.03005 7.54287 7.58811 8.46533 8.99330 8.46689 9.17382 -9999 9.96073 9.09919 9.21611 10.11910 10.18830 10.03690 10.04960 11.62690 11.71550 12.08820 12.18850 12.20860 12.29690
-9999 -9999 -9999 -9999 -9999 -9999 -9999 -9999 -9999 -9999 -9999 -9999 -9999 -9999 -9999 -9999 -9999 -9999 -9999 -9999 -9999 -9999 -9999 -9999 -9999 -9999 -9999 -9999 -9999 -9999 -9999 -9999 -9999 -9999 -9999 6.28915 6.27377 5.87993 5.80977 5.83418 5.98542 5.83007 5.77457 6.75875 6.90346 7.40729 7.48358 7.04457 7.10397 7.36981 7.09715 7.78841 7.30943 8.31141 8.38131 8.09641 8.83629 9.94094 10.59450 9.67711 9.77772 10.66830 10.75060 9.96814 10.18270 12.12570 12.21840 12.62080 12.71780 12.78840 12.67880
-9999 -9999 -9999 -9999 -9999 -9999 -9999 -9999 -9999 -9999 -9999 -9999 -9999 -9999 -9999 -9999 -9999 -9999 -9999 -9999 -9999 -9999 -9999 -9999 -9999 -9999 -9999 -9999 -9999 -9999 -9999 -9999 -9999 -9999 6.44824 5.72423 5.76851 6.21904 6.24651 6.75402 6.80076 7.36795 7.48988 5.77425 5.82155 5.69333 5.85891 5.99649 5.75885 5.46840 5.32327 5.91045 5.47804 5.54754 5.69235 6.73662 7.42125 8.85056 9.91974 9.91043 9.90264 10.17800 9.77116 8.02858 8.69377 9.67305 9.74012 10.31730 9.71557 9.88602 9.50552
-9999 -9999 -9999 -9999 -9999 -9999 -9999 -9999 -9999 -9999 -9999 -9999 -9999 -9999 -9999 -9999 -9999 -9999 -9999 -9999 -9999 -9999 -9999 -9999 -9999 -9999 -9999 -9999 -9999 -9999 -9999 -9999 -9999 6.82038 6.82235 6.14111 6.14414 6.53573 6.56784 7.22219 7.12599 7.56224 7.48049 6.13456 6.19839 6.06038 6.02670 6.13382 5.61554 5.26142 5.05416 5.39826 6.38668 5.63837 6.16072 7.12771 7.40851 9.41287 10.27610 10.14760 10.01340 11.30390 11.39410 9.77498 9.72728 10.38930 9.92701 10.50430 10.28420 10.30260 10.23800
-9999 -9999 -9999 -9999 -9999 -9999 -9999 -9999 -9999 -9999 -9999 -9999 -9999 -9999 -9999 -9999 -9999 -9999 -9999 -9999 -9999 -9999 -9999 -9999 -9999 -9999 -9999 -9999 -9999 -9999 -9999 7.84817 7.74980 7.55373 7.38612 6.60500 6.69946 6.95384 7.01562 7.47577 7.22618 7.84266 7.10594 6.69849 6.80237 5.88932 5.87144 5.56978 5.23160 4.96234 4.52684 4.82681 5.76851 5.31051 5.68576 6.50065 7.41700 8.01153 7.82328 8.78046 9.30256 10.33230 10.18210 9.47823 9.36564 8.92731 8.78929 9.82193 9.66563 8.89933 8.45878
-9999 -9999 -9999 -9999 -9999 -9999 -9999 -9999 -9999 -9999 -9999 -9999 -9999 -9999 -9999 -9999 -9999 -9999 -9999 -9999 -9999 -9999 -9999 -9999 -9999 -9999 -9999 -9999 -9999 7.91417 7.95480 7.98878 7.74939 7.88416 7.90180 7.06173 7.06668 7.20781 7.35322 7.79675 8.01889 8.37429 8.28918 7.20948 7.11796 6.05712 6.00585 5.65759 4.96126 4.75762 4.58494 5.55625 6.21189 5.67380 5.77918 6.66992 7.67645 8.31219 8.78484 9.91417 9.82927 10.61950 10.79790 9.44227 9.50485 9.42072 8.96506 9.40904 9.22535 9.27472 9.48692
-9999 -9999 -9999 -9999 -9999 -9999 -9999 -9999 -9999 -9999 -9999 -9999 -9999 -9999 -9999 -9999 -9999 -9999 -9999 -9999 -9999 -9999 -9999 -9999 7.74774 7.79899 8.11538 7.79438 7.78542 7.51823 7.37732 7.74291 7.57774 7.41318 7.33416 7.34061 7.15320 7.17377 7.02119 7.84395 7.84823 8.32032 8.44723 9.07184 8.99547 8.21368 8.16648 6.38829 5.93720 5.12662 5.13106 4.27229 4.54230 5.66822 6.35281 7.07171 7.67530 8.87224 8.88351 9.78260 10.11700 10.06620 9.70479 9.83475 10.03710 9.41783 9.06809 7.84300 7.92187 7.59846 6.45568
-9999 -9999 -9999 -9999 -9999 -9999 7.86126 7.17144 7.10459 6.97041 7.06688 -9999 -9999 -9999 -9999 -9999 -9999 -9999 -9999 -9999 -9999 8.51637 8.11750 7.90147 8.04037 8.08458 8.33219 7.90405 7.85148 7.79287 7.80656 7.86726 7.76650 7.69762 7.61731 7.53396 7.42514 7.64614 7.52473 8.83663 8.64877 8.20080 8.34147 9.52732 9.45136 8.67971 8.54536 6.91773 6.20468 5.46902 5.13568 4.92514 4.87777 5.96453 6.92613 7.72417 7.87606 9.22769 9.73118 10.53480 10.42840 10.47770 10.31710 9.96886 9.56951 9.61220 10.22210 8.05632 8.07602 8.00855 7.83937
-9999 -9999 -9999 -9999 -9999 8.03668 7.97649 6.84360 7.15521 7.02435 7.18853 6.65913 6.74861 6.52520 -9999 -9999 -9999 7.36768 7.39470 7.65529 7.65678 7.46290 7.52462 8.25240 7.95639 8.22711 8.32063 7.80940 7.74252 8.19182 8.13802 8.14621 8.15813 7.96357 8.24603 8.06085 7.69105 7.97831 8.22073 9.29833 9.14966 8.95888 8.48870 8.44419 9.13949 9.08765 8.92832 6.78780 6.47145 6.00801 5.84831 5.36167 5.56397 6.85395 7.23284 7.54440 7.95869 8.38796 8.88730 8.85291 9.22157 9.17604 9.17168 9.62775 9.12026 8.68433 8.84586 6.82238 7.07064 6.76048 6.65377
-9999 8.29132 7.96092 8.60575 8.52722 8.39841 8.22006 7.41294 7.33836 7.41796 7.27956 6.87470 6.80967 6.90116 7.01220 7.36674 7.62221 7.74079 7.56151 8.17039 8.27937 8.20825 8.33082 8.93631 8.98268 8.64582 8.50269 8.24516 8.14068 8.50206 8.54598 8.82179 9.08329 8.64854 8.52768 8.26837 8.22339 8.44884 8.87956 9.73605 9.51649 9.40299 8.37361 8.91167 8.36892 8.59096 9.29219 7.47887 7.04799 6.62690 6.42329 5.62081 5.92390 6.46248 6.85027 7.70034 8.27769 9.08260 9.04441 9.05814 9.37536 9.68319 9.28661 9.45999 9.05409 9.18262 9.21539 6.86097 7.17855 6.57571 5.98173
-9999 8.32739 8.29465 8.10619 8.05612 8.31775 8.91175 8.54014 8.54387 8.13295 7.98447 7.86753 7.70884 7.68522 7.78769 7.82458 7.81258 7.76645 7.94697 8.54828 8.23163 8.63319 8.65573 9.09228 9.20121 9.80948 9.83316 9.07477 8.93925 9.20858 9.53817 9.17044 8.86390 8.94823 8.87270 8.81977 8.65201 9.23312 9.52037 10.55160 10.17780 9.41957 8.62512 8.55319 8.73592 9.21309 9.06708 8.54526 8.37356 7.03332 7.12743 6.11641 6.28509 6.25602 6.77928 8.94179 9.63515 9.60800 9.97411 8.16819 8.60181 9.14607 8.85488 9.06562 8.85965 8.17692 7.70353 8.26211 8.16383 8.42015 8.30588
-9999 -9999 -9999 8.47336 8.15669 8.55171 8.74919 8.69586 8.70574 8.62556 8.37114 8.50009 8.55880 8.52483 8.39416 8.33129 8.16164 8.41887 8.41792 8.61998 8.68368 8.84542 8.80520 9.01165 9.30840 9.79749 9.99872 9.65783 9.73237 9.80226 9.63561 9.16411 9.13775 9.46822 9.25076 9.15162 9.12375 9.19051 9.34017 9.92808 11.25200 11.14970 9.22454 8.80035 8.97334 9.71016 8.47162 8.78233 8.83364 7.87049 7.50180 6.66633 6.45609 7.01501 7.63553 9.09680 9.83591 9.87468 9.73084 8.41447 8.98715 8.97497 8.90378 8.87147 9.02527 8.47555 8.51283 8.52014 8.04331 8.33173 8.09751
-9999 -9999 -9999 -9999 -9999 -9999 9.10944 8.75884 8.68817 8.96228 9.00207 8.79331 8.89619 8.89348 8.95099 8.76912 8.76047 8.88141 9.08758 9.31757 9.10134 9.21349 9.38116 9.52859 9.69377 9.54273 9.83261 10.36260 10.44970 10.40570 10.23700 10.08920 9.83510 9.83458 9.74540 9.72088 9.62782 9.37187 9.33484 9.34996 9.68588 9.83851 9.54747 8.96479 8.72078 8.99282 8.89644 9.07369 9.11551 8.79216 8.27341 6.59839 6.63579 7.74834 7.47031 9.28576 9.78698 8.90207 8.64810 8.57197 8.38931 8.09769 8.33563 8.90444 8.96658 9.13143 9.45710 9.09888 8.91185 8.91207 8.53826
-9999 -9999 -9999 -9999 -9999 -9999 9.48646 9.13831 9.61940 9.20382 9.39721 9.38335 9.38955 9.52687 9.43449 9.10522 9.20304 9.29601 9.19167 9.29064 9.26062 9.55740 9.42448 9.52481 9.72414 10.15840 10.46120 10.93930 10.87560 10.64930 10.76650 10.36390 10.33390 10.17540 10.12120 10.22180 10.60400 10.64400 10.65940 10.48560 9.64413 9.69595 9.60166 9.02319 9.17154 9.33503 9.15578 9.51587 9.92104 9.38386 9.02202 8.10853 7.88567 8.07232 8.33610 10.28500 10.65310 9.72131 9.58660 9.05012 8.35086 8.15107 8.15119 8.77842 9.01535 9.51121 9.48735 9.40827 9.35533 9.40891 8.80254
-9999 -9999 -9999 -9999 -9999 -9999 -9999 -9999 -9999 -9999 10.33830 9.34021 9.40101 10.26110 10.01240 9.77092 9.69125 9.73299 9.83118 10.04110 10.13460 11.13950 10.67980 10.13290 10.18310 9.95908 10.15290 10.59560 10.80500 10.86500 10.86360 10.75890 10.72080 10.63970 10.70050 10.36850 10.29220 10.33530 10.49860 10.63820 10.32020 9.87368 9.63380 9.80387 10.30360 10.33820 9.93673 9.72822 9.59945 10.03330 10.13570 9.74331 9.90180 10.41490 10.66750 10.63340 11.17270 11.07080 10.05930 10.97600 10.81760 10.75650 10.65810 10.12410 9.94961 11.42700 10.91300 10.52540 10.68130 11.27040 11.11900
-9999 -9999 -9999 -9999 -9999 -9999 -9999 -9999 -9999 -9999 11.15150 10.54340 10.16000 10.80280 10.49470 10.01570 9.86881 9.91766 9.91803 9.82471 9.71472 10.47750 10.57850 10.22080 10.35140 10.75610 11.24570 11.20600 11.28620 11.25490 11.24020 11.32660 11.24420 11.21010 11.08250 10.57710 10.72480 10.68560 10.88500 10.74660 10.71040 10.11320 10.42320 10.70840 10.60410 10.16170 10.18100 9.72005 9.78507 10.29250 10.50480 10.08090 10.35440 10.41250 11.07070 10.84190 10.95290 10.50280 10.70710 10.89390 10.84120 10.95630 10.89530 10.61040 10.84060 12.10290 11.62570 11.14930 10.65430 11.42780 11.53630
-9999 -9999 -9999 -9999 -9999 -9999 -9999 -9999 -9999 -9999 -9999 -9999 11.41590 11.10700 10.85070 11.56380 11.12440 11.43920 11.05450 10.33910 10.55290 11.01530 10.88690 10.91200 11.37630 11.71190 11.81480 11.51230 11.60370 11.35220 11.45340 11.22870 11.08580 10.97210 10.88350 10.71650 10.85920 10.37410 10.60960 10.05950 10.04130 9.75939 9.71052 10.12450 10.41390 10.97800 10.59400 10.35090 10.34810 10.41380 10.57890 10.61510 10.59970 10.66710 11.93650 11.77970 12.12840 10.91960 10.91900 11.46200 11.57400 12.28130 12.61770 11.24710 10.78320 10.69470 10.85300 11.73130 11.66570 11.34710 10.77830
-9999 -9999 -9999 -9999 -9999 -9999 -9999 -9999 -9999 -9999 -9999 -9999 11.77040 11.56970 11.35150 11.40460 11.68800 11.53650 11.15520 10.89450 10.76950 10.90410 11.16530 11.62860 11.54900 11.93110 12.17280 11.79070 11.81930 11.63780 11.60130 11.27870 11.24960 11.37660 11.15430 11.12160 11.21920 10.27250 10.43400 10.32790 10.29150 10.13910 10.04420 10.42380 10.43570 10.79280 10.88640 10.54200 10.61170 10.57160 10.66040 10.86950 11.24080 10.95680 11.93220 12.20150 12.00220 10.99180 11.11250 12.30810 12.82590 13.48790 11.89730 11.44570 11.07690 10.91780 10.93740 11.29790 11.07420 10.47940 10.68430
-9999 -9999 -9999 -9999 -9999 -9999 -9999 -9999 -9999 -9999 -9999 12.39640 12.41710 12.67270 12.58150 11.39520 11.53800 11.13470 10.76570 11.16450 11.45830 10.73140 11.19570 11.30030 11.41550 12.55050 11.96270 11.92950 12.29010 12.02950 11.99200 12.04990 11.99900 11.91180 11.81490 12.46280 11.93740 11.08770 10.87100 10.45800 10.42510 10.62830 10.57780 10.57190 10.87000 11.02480 11.27010 10.99410 10.71490 10.57320 10.65850 11.54940 11.66470 12.23570 13.38020 12.22290 11.72200 11.27070 11.40650 12.78800 12.17260 12.08740 12.23940 11.89000 11.75110 11.39150 11.38030 11.46010 11.88920 10.46640 9.58000
-9999 -9999 -9999 -9999 -9999 -9999 -9999 -9999 -9999 -9999 -9999 12.83820 12.75530 12.88530 12.98940 11.99080 11.84620 11.37830 11.25900 11.44750 11.47610 11.39020 11.48480 11.85950 12.05630 12.63050 12.25990 12.32300 12.56470 12.05630 12.01050 12.33780 12.31590 12.29950 12.01820 12.42970 12.27750 11.44300 11.00400 10.80830 10.76310 10.88150 10.80650 10.95360 11.05420 11.29960 11.35420 11.69310 11.28970 11.23020 10.93290 11.89070 11.82840 12.11260 11.62690 11.25780 11.14830 10.92510 10.98640 12.29610 12.46780 11.78410 11.87720 12.75720 12.60500 12.44450 11.93370 11.84540 12.30290 10.17400 9.99655
