data/hydroclimate-scenarios/BCSD_hadcm_A1B/monthly_summaries/et_monthly_tot_jul.2030-2059.asc
ncols	311
nrows	91
xllcenter	102.75
yllcenter	31.75
cellsize	0.5
NODATA_value	-9999
[rows 0 to 30 of 91, columns 0 to 70 of 311]
-9999 -9999 -9999 -9999 -9999 -9999 -9999 -9999 -9999 -9999 -9999 -9999 -9999 -9999 -9999 -9999 -9999 -9999 -9999 -9999 -9999 -9999 -9999 -9999 -9999 -9999 -9999 -9999 -9999 -9999 -9999 -9999 -9999 -9999 -9999 -9999 -9999 -9999 -9999 -9999 -9999 -9999 -9999 -9999 -9999 -9999 -9999 -9999 -9999 -9999 -9999 -9999 -9999 -9999 -9999 -9999 -9999 -9999 -9999 -9999 -9999 -9999 -9999 -9999 -9999 -9999 -9999 -9999 -9999 -9999 -9999
-9999 -9999 -9999 -9999 -9999 -9999 -9999 -9999 -9999 -9999 -9999 -9999 -9999 -9999 -9999 -9999 -9999 -9999 -9999 -9999 -9999 -9999 -9999 -9999 -9999 -9999 -9999 -9999 -9999 -9999 -9999 -9999 -9999 -9999 -9999 -9999 -9999 -9999 -9999 -9999 -9999 -9999 -9999 -9999 -9999 -9999 -9999 -9999 -9999 -9999 -9999 -9999 -9999 -9999 -9999 -9999 -9999 -9999 -9999 -9999 -9999 -9999 -9999 -9999 -9999 -9999 -9999 -9999 -9999 -9999 -9999
-9999 -9999 -9999 -9999 -9999 -9999 -9999 -9999 -9999 -9999 -9999 -9999 -9999 -9999 -9999 -9999 -9999 -9999 -9999 -9999 -9999 -9999 -9999 -9999 -9999 -9999 -9999 -9999 -9999 -9999 -9999 -9999 -9999 -9999 -9999 -9999 -9999 -9999 -9999 -9999 -9999 -9999 -9999 -9999 -9999 -9999 -9999 -9999 -9999 -9999 -9999 -9999 -9999 -9999 -9999 -9999 -9999 -9999 -9999 -9999 -9999 -9999 -9999 -9999 -9999 -9999 -9999 -9999 -9999 -9999 -9999
-9999 -9999 -9999 -9999 -9999 -9999 -9999 -9999 -9999 -9999 -9999 -9999 -9999 -9999 -9999 -9999 -9999 -9999 -9999 -9999 -9999 -9999 -9999 -9999 -9999 -9999 -9999 -9999 -9999 -9999 -9999 -9999 -9999 -9999 -9999 -9999 -9999 -9999 -9999 -9999 -9999 -9999 -9999 -9999 -9999 -9999 -9999 -9999 -9999 -9999 -9999 -9999 -9999 -9999 -9999 -9999 -9999 -9999 -9999 -9999 -9999 -9999 -9999 -9999 -9999 -9999 -9999 -9999 -9999 -9999 -9999
-9999 -9999 -9999 -9999 -9999 -9999 -9999 -9999 -9999 -9999 -9999 -9999 -9999 -9999 -9999 -9999 -9999 -9999 -9999 -9999 -9999 -9999 -9999 -9999 -9999 -9999 -9999 -9999 -9999 -9999 -9999 -9999 -9999 -9999 -9999 -9999 -9999 -9999 -9999 -9999 -9999 -9999 -9999 -9999 -9999 -9999 -9999 -9999 -9999 -9999 -9999 -9999 -9999 -9999 -9999 -9999 -9999 -9999 -9999 -9999 -9999 -9999 -9999 -9999 -9999 -9999 -9999 -9999 -9999 -9999 -9999
-9999 -9999 -9999 -9999 -9999 -9999 -9999 -9999 -9999 -9999 -9999 -9999 -9999 -9999 -9999 -9999 -9999 -9999 -9999 -9999 -9999 -9999 -9999 -9999 -9999 -9999 -9999 -9999 -9999 -9999 -9999 -9999 -9999 -9999 -9999 -9999 -9999 -9999 -9999 -9999 -9999 -9999 -9999 -9999 -9999 -9999 -9999 -9999 -9999 -9999 -9999 -9999 -9999 -9999 -9999 -9999 -9999 -9999 -9999 -9999 -9999 -9999 -9999 -9999 -9999 -9999 -9999 -9999 -9999 -9999 -9999
-9999 -9999 -9999 -9999 -9999 -9999 -9999 -9999 -9999 -9999 -9999 -9999 -9999 -9999 -9999 -9999 -9999 -9999 -9999 -9999 -9999 -9999 -9999 -9999 -9999 -9999 -9999 -9999 -9999 -9999 -9999 -9999 -9999 -9999 -9999 -9999 -9999 -9999 -9999 -9999 -9999 -9999 -9999 -9999 -9999 -9999 -9999 -9999 -9999 -9999 -9999 -9999 -9999 -9999 -9999 -9999 -9999 -9999 -9999 -9999 -9999 -9999 -9999 -9999 -9999 -9999 -9999 -9999 -9999 -9999 -9999
-9999 -9999 -9999 -9999 -9999 -9999 -9999 -9999 -9999 -9999 -9999 -9999 -9999 -9999 -9999 -9999 -9999 -9999 -9999 -9999 -9999 -9999 -9999 -9999 -9999 -9999 -9999 -9999 -9999 -9999 -9999 -9999 -9999 -9999 -9999 -9999 -9999 -9999 -9999 -9999 -9999 -9999 63.51390 68.20750 66.16610 69.13290 68.25940 69.11320 66.76340 65.22070 65.00400 66.64960 -9999 -9999 -9999 -9999 -9999 -9999 -9999 -9999 -9999 -9999 -9999 -9999 -9999 -9999 -9999 -9999 -9999 -9999 -9999
-9999 -9999 -9999 -9999 -9999 -9999 -9999 -9999 -9999 -9999 -9999 -9999 -9999 -9999 -9999 -9999 -9999 -9999 -9999 -9999 -9999 -9999 -9999 -9999 -9999 -9999 -9999 -9999 -9999 -9999 -9999 -9999 -9999 -9999 -9999 -9999 -9999 -9999 65.42230 66.54850 67.24540 66.43800 66.47430 66.29180 65.16850 69.53730 69.14410 71.52620 68.84200 63.16350 61.30840 53.00070 55.54930 49.12710 -9999 -9999 -9999 -9999 -9999 -9999 -9999 -9999 -9999 -9999 -9999 -9999 -9999 -9999 -9999 -9999 -9999
-9999 -9999 -9999 -9999 -9999 -9999 -9999 -9999 -9999 -9999 -9999 -9999 -9999 -9999 -9999 -9999 -9999 -9999 -9999 -9999 -9999 -9999 -9999 -9999 -9999 -9999 -9999 -9999 -9999 -9999 -9999 -9999 -9999 -9999 -9999 -9999 -9999 -9999 -9999 -9999 66.11840 66.40240 68.35100 67.75990 66.06280 67.94990 68.12910 65.77620 70.97610 70.61290 69.21470 65.24130 61.52010 55.85000 -9999 -9999 -9999 -9999 -9999 -9999 -9999 -9999 -9999 -9999 -9999 -9999 -9999 -9999 -9999 -9999 -9999
-9999 -9999 -9999 -9999 -9999 -9999 -9999 -9999 -9999 -9999 -9999 -9999 -9999 -9999 -9999 -9999 -9999 -9999 -9999 -9999 -9999 -9999 -9999 -9999 -9999 -9999 -9999 -9999 -9999 -9999 -9999 -9999 -9999 -9999 -9999 -9999 -9999 -9999 -9999 -9999 -9999 -9999 -9999 -9999 70.39430 70.15180 70.83010 71.11060 77.48400 73.01820 70.56840 72.46830 75.31670 57.11260 -9999 -9999 -9999 -9999 -9999 -9999 60.22100 -9999 -9999 -9999 -9999 -9999 -9999 -9999 -9999 -9999 -9999
-9999 -9999 -9999 -9999 -9999 -9999 -9999 -9999 -9999 -9999 -9999 -9999 -9999 -9999 -9999 -9999 -9999 -9999 -9999 -9999 -9999 -9999 -9999 -9999 -9999 -9999 -9999 -9999 -9999 -9999 -9999 -9999 -9999 -9999 -9999 -9999 -9999 -9999 -9999 -9999 -9999 73.32800 72.94620 73.57400 73.73310 70.91640 72.87590 77.19110 75.04800 75.03210 73.34770 73.53640 77.01880 62.12560 -9999 -9999 -9999 -9999 -9999 58.89440 56.82850 55.07950 54.74710 49.76180 48.40580 48.28490 48.71950 47.32200 47.61980 47.42120 48.91610
-9999 -9999 -9999 -9999 -9999 -9999 -9999 -9999 -9999 -9999 -9999 -9999 -9999 -9999 -9999 -9999 -9999 -9999 -9999 -9999 -9999 -9999 -9999 -9999 -9999 -9999 -9999 -9999 -9999 -9999 -9999 -9999 -9999 -9999 -9999 -9999 -9999 -9999 -9999 -9999 -9999 69.56850 70.87730 74.63690 72.29000 74.14770 69.53920 67.30710 73.44070 73.81850 73.80050 75.27550 82.32320 69.81850 65.33200 64.35110 61.54550 -9999 59.30610 54.31760 52.63450 54.16790 53.94670 51.33320 50.40010 47.96290 48.15310 48.77240 48.64460 51.77270 52.44780
-9999 -9999 -9999 -9999 -9999 -9999 -9999 -9999 -9999 -9999 -9999 -9999 -9999 -9999 -9999 -9999 -9999 -9999 -9999 -9999 -9999 -9999 -9999 -9999 -9999 -9999 -9999 -9999 -9999 -9999 -9999 -9999 -9999 -9999 -9999 58.60990 67.97580 71.22050 70.88950 68.26810 68.34920 67.12840 67.24950 71.52160 66.40600 71.54900 74.31450 73.27430 73.24000 78.20990 76.62580 80.77630 76.01680 69.84550 80.54590 75.28480 63.27890 62.56190 55.69480 53.54880 53.04410 56.67510 54.54950 54.81940 53.86740 49.05910 49.87680 49.60070 48.64250 52.13500 53.33190
-9999 -9999 -9999 -9999 -9999 -9999 -9999 -9999 -9999 -9999 -9999 -9999 -9999 -9999 -9999 -9999 -9999 -9999 -9999 -9999 -9999 -9999 -9999 -9999 -9999 -9999 -9999 -9999 -9999 -9999 -9999 -9999 -9999 -9999 58.56020 75.36000 72.06520 71.09440 69.29810 67.77370 67.70790 66.59730 67.81980 64.60840 71.73400 69.38850 69.87490 69.78590 73.61350 75.74910 71.07710 78.92080 73.79170 84.16300 81.91690 76.04570 73.17790 62.80500 56.16300 59.35100 60.35610 60.58420 60.70570 62.95480 56.23420 49.01850 50.16950 56.83920 61.08500 59.92210 63.19680
-9999 -9999 -9999 -9999 -9999 -9999 -9999 -9999 -9999 -9999 -9999 -9999 -9999 -9999 -9999 -9999 -9999 -9999 -9999 -9999 -9999 -9999 -9999 -9999 -9999 -9999 -9999 -9999 -9999 -9999 -9999 -9999 -9999 58.25490 57.76530 71.39900 71.24890 71.18390 69.53440 68.15200 70.38400 70.15680 52.74480 65.81430 68.84690 68.94850 70.43310 70.18020 73.86830 78.57930 77.48770 78.49250 77.21740 86.14570 87.86760 76.59830 75.09610 67.27660 60.71370 63.62930 65.21930 59.81450 56.68120 54.40330 56.07070 51.86820 54.39090 59.97890 61.72680 61.51220 64.69270
-9999 -9999 -9999 -9999 -9999 -9999 -9999 -9999 -9999 -9999 -9999 -9999 -9999 -9999 -9999 -9999 -9999 -9999 -9999 -9999 -9999 -9999 -9999 -9999 -9999 -9999 -9999 -9999 -9999 -9999 -9999 57.08480 68.99540 71.15540 72.06090 73.10180 72.95240 71.80690 72.25540 70.63040 73.50780 72.71230 70.24310 71.79580 70.21550 70.33400 72.97230 74.51190 72.54420 75.01600 79.99070 75.71480 76.52710 92.47030 81.99400 75.33720 71.39900 70.56460 71.03970 65.09980 59.80660 58.02490 58.11650 53.44610 55.35020 56.39540 57.54200 57.10600 58.80490 67.78200 70.94380
-9999 -9999 -9999 -9999 -9999 -9999 -9999 -9999 -9999 -9999 -9999 -9999 -9999 -9999 -9999 -9999 -9999 -9999 -9999 -9999 -9999 -9999 -9999 -9999 -9999 -9999 -9999 -9999 -9999 70.85240 69.95890 71.91620 73.45730 73.15710 72.01750 72.33600 72.14230 72.97700 72.43340 72.61190 67.64140 53.46160 72.48940 70.98700 72.19060 72.65700 72.54590 75.15310 77.41740 80.60100 86.86100 82.82530 85.75790 93.28950 83.91900 81.39460 78.81840 77.75120 72.90390 62.14130 58.80720 60.13020 57.86760 58.35720 56.47200 54.65950 60.11170 64.93580 66.15310 67.49420 67.16690
-9999 -9999 -9999 -9999 -9999 -9999 -9999 -9999 -9999 -9999 -9999 -9999 -9999 -9999 -9999 -9999 -9999 -9999 -9999 -9999 -9999 -9999 -9999 -9999 78.43120 76.69070 75.50940 71.14790 70.63950 71.09770 72.96110 73.82250 73.89390 74.13450 74.36840 71.10750 73.08630 73.74530 73.83660 72.39790 71.17960 50.88130 69.79210 70.07050 71.74650 74.78690 73.46020 78.37990 82.60910 85.58050 84.00950 77.08620 86.05470 82.25880 81.96670 79.57090 75.58440 71.27580 69.46930 68.03150 62.50590 57.95490 56.75630 57.16090 57.51790 61.42620 60.01250 62.06440 66.34020 70.86230 81.87680
-9999 -9999 -9999 -9999 -9999 -9999 71.11390 70.35000 71.01440 69.53980 66.21650 -9999 -9999 -9999 -9999 -9999 -9999 -9999 -9999 -9999 -9999 79.16620 81.57350 81.18220 81.04800 79.15320 77.99590 75.14410 74.47700 74.14510 73.06360 75.20110 76.35970 74.59620 75.02360 72.92220 74.01200 73.87790 73.83670 70.54450 70.79610 71.80490 52.99470 71.54680 72.44400 75.47250 75.83830 78.45700 85.04850 84.25070 79.97320 81.88270 90.08250 90.68850 86.09160 81.14890 79.35560 74.92630 66.50970 66.65440 65.39030 61.49400 63.57950 65.48700 68.23060 60.46940 58.01450 65.94530 68.98340 68.03380 72.30770
-9999 -9999 -9999 -9999 -9999 85.37920 84.54200 88.68000 84.69760 85.42630 81.74260 84.17370 82.30910 84.41180 -9999 -9999 -9999 87.22550 85.78400 82.29100 82.32700 85.81120 85.04690 83.67320 79.51410 81.43630 81.44960 78.28230 79.60990 76.99560 75.48950 76.42180 75.84350 71.50970 71.30460 71.78710 72.67200 71.72490 71.57300 70.76670 71.56000 73.94870 56.06760 58.39160 76.67870 75.20050 77.39700 82.95670 92.87110 86.39470 88.26460 96.61620 87.15600 86.38790 85.00650 79.19830 81.98730 76.85520 66.63310 71.42240 67.45610 68.56580 67.55830 63.71080 70.84200 77.35360 76.21300 77.31350 73.51510 76.61660 75.67320
-9999 89.27670 92.11310 88.75560 86.34670 84.45040 85.37900 86.04290 87.09560 84.41390 85.51640 85.00260 85.08530 83.94810 84.15300 81.55090 79.15630 86.07030 87.51740 82.80880 80.58150 83.26140 83.48210 81.12000 81.57530 84.44510 83.43190 81.56160 81.36350 78.39580 75.95020 77.37600 76.23430 72.19360 72.36990 73.68430 73.98540 73.38760 72.16150 72.40240 73.19640 74.89880 56.11840 58.42510 77.40520 77.71920 80.46110 85.70290 92.27870 90.64670 93.84970 91.63930 90.91950 91.21790 91.02080 87.03420 84.61270 75.65300 75.13390 77.69610 71.33250 73.55230 76.96260 74.39910 78.67190 77.59170 74.01240 80.86160 76.33800 83.23930 88.56530
-9999 88.38900 87.76090 88.68120 87.92060 85.45600 82.32600 79.39750 79.36980 81.73930 84.33730 85.85230 85.53800 85.17680 84.99060 86.45640 88.24880 87.26220 86.14030 85.38560 84.73630 86.08330 82.00550 80.78540 81.35770 80.34820 79.74830 80.77540 81.21820 79.44070 77.83800 72.06710 68.78440 68.63970 69.98110 72.65430 72.38040 71.52660 73.04370 75.67060 75.88700 75.87750 72.19710 54.15350 57.34800 74.93880 78.37370 85.00560 87.50510 87.09600 84.77100 94.08550 89.70810 87.75600 88.21090 85.83390 86.01690 83.21570 77.06040 82.16910 72.38150 73.82940 74.16780 72.06450 75.10040 76.31470 79.33970 75.24460 77.70580 77.92980 79.85660
-9999 -9999 -9999 82.40840 83.49180 80.30110 78.83300 75.63190 74.88800 75.86940 83.17240 84.06670 84.16150 83.57600 84.52950 85.98300 87.00880 84.89060 85.93630 88.92980 80.37450 82.76480 81.62530 83.18380 81.47680 80.16260 79.94940 80.06510 77.52930 74.90480 70.58130 65.59630 65.77500 65.92740 66.84670 50.01570 70.57950 70.01100 68.34430 68.99350 73.05390 61.80060 60.95950 54.84340 55.65840 57.16730 61.38630 84.20940 86.17700 86.06940 91.33130 96.05340 96.45270 92.57390 92.96650 89.41380 87.04370 84.64850 81.11730 86.29470 74.48120 79.41320 76.48540 80.74180 78.58280 78.27970 76.67050 81.41340 82.16920 82.97770 83.90160
-9999 -9999 -9999 -9999 -9999 -9999 80.74890 76.07830 75.33270 82.39870 83.43330 75.02980 73.44600 74.22640 74.76420 83.97660 84.73410 76.93620 75.87400 75.99960 77.02480 81.98340 83.63210 82.53060 81.94270 81.25360 78.26430 72.29860 54.36450 66.55780 68.84670 74.38450 53.91160 53.62190 50.59410 52.58810 51.45140 53.45900 55.51950 59.73590 62.54240 62.14720 62.70100 55.23800 53.04360 54.60080 54.95780 68.86150 70.75690 79.43290 91.33320 95.23410 96.79820 92.90260 95.04930 94.76020 96.56070 91.24210 89.22690 84.74290 93.45940 88.96570 94.09700 93.45780 82.33720 84.63820 81.02660 86.51900 87.95250 87.06460 84.45120
-9999 -9999 -9999 -9999 -9999 -9999 80.36000 76.89200 73.59880 76.72470 74.51310 73.17370 72.51660 72.26750 73.31910 75.59940 75.52520 75.43480 76.95820 80.92000 81.94010 84.60080 85.41690 83.41420 81.53780 78.59370 73.66440 65.39900 53.91910 50.59150 51.47550 54.35960 53.26800 51.05280 50.42460 49.42090 51.09780 53.43330 56.18100 60.18250 56.06190 56.64400 59.63140 55.58840 55.73580 54.83080 54.29170 60.86990 65.61890 68.46090 76.30690 82.96300 85.23420 85.33780 90.17900 91.45390 91.62270 87.65230 83.44930 85.68850 92.79320 92.34890 91.84900 86.42780 86.75740 84.08400 86.63410 87.99390 87.69260 89.08620 87.85940
-9999 -9999 -9999 -9999 -9999 -9999 -9999 -9999 -9999 -9999 67.43350 74.98110 74.08130 68.23770 71.05740 72.61660 77.43910 76.39000 75.47110 73.61220 74.27340 77.23470 78.59320 78.80040 76.74200 79.33720 74.87690 67.63700 64.21890 55.50530 55.08660 50.13160 49.62670 50.26370 49.23040 46.36420 46.97800 46.91210 48.50630 53.44940 53.17820 54.62750 65.56440 55.11980 56.58780 56.57020 58.46160 58.13000 57.47660 60.04120 61.67070 60.00490 61.35910 62.75080 62.40750 60.17780 62.27120 62.52510 62.09170 62.35530 61.98900 64.94010 64.34800 80.27440 80.32950 80.24540 80.90420 80.10940 85.61950 90.28000 91.85630
-9999 -9999 -9999 -9999 -9999 -9999 -9999 -9999 -9999 -9999 60.26100 65.90770 69.43570 66.69530 68.75390 70.69090 76.25440 74.89530 76.69110 76.25550 76.89600 78.92950 79.04100 78.55890 76.47080 72.71220 67.76950 66.61400 63.12270 55.60750 54.95080 49.83550 49.24580 50.13810 50.10970 46.65410 48.78300 64.21450 70.48800 72.45710 71.94430 73.63420 75.59660 75.33320 75.51430 72.28090 71.63740 66.23860 63.20660 56.04830 58.79430 58.79420 56.61170 58.01940 59.13120 56.42360 57.10270 55.25570 54.53380 56.60220 55.70220 54.20810 53.69960 55.89700 56.71720 60.73510 63.08160 73.60820 75.42980 90.24370 83.19900
-9999 -9999 -9999 -9999 -9999 -9999 -9999 -9999 -9999 -9999 -9999 -9999 63.65530 69.70320 71.37800 69.93680 71.75530 69.55450 73.46720 72.38230 73.37640 75.94160 74.78230 71.17800 70.64330 67.04370 65.77470 64.35790 63.19460 61.14260 53.91160 52.66690 52.82560 57.78320 58.35260 59.48760 61.83520 62.68320 67.47840 75.96030 75.82350 77.52880 77.87680 75.66550 75.65300 76.78250 75.41240 72.75480 70.08230 64.86580 58.80220 61.59900 61.39150 58.81560 58.42810 60.51600 61.00240 56.89470 56.92810 59.37930 58.97000 56.02040 55.51500 53.60420 52.58340 58.54940 60.89170 74.26530 79.23050 87.71380 94.48950
-9999 -9999 -9999 -9999 -9999 -9999 -9999 -9999 -9999 -9999 -9999 -9999 61.52930 67.63470 70.41620 69.57920 69.27010 66.10330 71.68430 72.25840 73.10760 79.12170 74.93330 70.97030 74.78020 71.32310 67.58220 64.83470 63.60600 63.46720 63.70200 65.19340 63.20820 59.37320 64.58820 63.59590 69.11850 67.70110 72.16860 76.47040 75.57530 78.07250 78.04930 75.53360 74.55880 60.57580 61.05640 59.93540 60.22600 59.08440 58.35160 62.57110 62.58610 59.05720 56.27070 60.18500 60.96060 56.91100 57.06960 59.58730 58.32900 57.19060 55.34750 53.56150 52.76730 59.68800 62.64910 61.91600 66.90600 78.63980 92.80820
-9999 -9999 -9999 -9999 -9999 -9999 -9999 -9999 -9999 -9999 -9999 58.96440 63.92180 65.90680 67.34570 75.19830 80.58170 82.65400 85.53750 81.99310 76.11080 81.10500 73.19420 77.21900 79.56710 81.90710 78.24380 66.74550 62.53070 60.31700 60.43260 64.19330 64.25210 64.02050 66.14290 66.91900 70.75250 73.45220 77.74470 83.75080 81.74190 85.03270 84.07390 79.87310 78.51450 74.75070 73.87250 58.86530 58.67040 61.57200 61.44920 60.92580 60.07420 60.69610 58.52650 56.94580 57.05360 59.31410 59.38330 58.48450 56.73610 56.21830 55.75440 54.99430 55.08950 54.62540 59.26780 68.92920 76.47570 89.50890 89.42290
