data/hydroclimate-scenarios/BCSD_hadcm_A1B/monthly_summaries/et_monthly_tot_apr.2070-2099.asc
ncols	311
nrows	91
xllcenter	102.75
yllcenter	31.75
cellsize	0.5
NODATA_value	-9999
[rows 0 to 31 of 91, columns 213 to 283 of 311]
-9999 -9999 -9999 -9999 -9999 -9999 -9999 -9999 -9999 -9999 -9999 -9999 -9999 -9999 -9999 -9999 -9999 -9999 -9999 -9999 -9999 -9999 -9999 -9999 -9999 -9999 -9999 -9999 -9999 -9999 -9999 -9999 -9999 -9999 -9999 -9999 -9999 -9999 -9999 -9999 -9999 -9999 -9999 -9999 -9999 -9999 -9999 -9999 -9999 -9999 -9999 -9999 -9999 -9999 -9999 -9999 -9999 -9999 -9999 -9999 -9999 -9999 -9999 -9999 -9999 -9999 -9999 -9999 -9999 -9999 -9999
-9999 -9999 -9999 -9999 -9999 -9999 -9999 -9999 -9999 -9999 -9999 -9999 -9999 -9999 -9999 -9999 -9999 -9999 -9999 -9999 -9999 -9999 -9999 -9999 -9999 -9999 -9999 -9999 -9999 -9999 -9999 -9999 -9999 -9999 -9999 -9999 -9999 -9999 -9999 -9999 -9999 -9999 -9999 -9999 -9999 -9999 -9999 -9999 -9999 -9999 -9999 -9999 -9999 -9999 -9999 -9999 -9999 -9999 -9999 -9999 -9999 -9999 -9999 -9999 -9999 -9999 -9999 -9999 -9999 -9999 -9999
-9999 -9999 -9999 -9999 -9999 -9999 -9999 -9999 -9999 -9999 -9999 -9999 -9999 -9999 -9999 -9999 -9999 -9999 -9999 -9999 -9999 -9999 -9999 -9999 -9999 -9999 -9999 -9999 -9999 -9999 -9999 -9999 -9999 -9999 -9999 -9999 -9999 -9999 -9999 -9999 -9999 -9999 -9999 -9999 -9999 -9999 -9999 -9999 -9999 -9999 -9999 -9999 -9999 -9999 -9999 -9999 -9999 -9999 -9999 -9999 -9999 -9999 -9999 -9999 -9999 -9999 -9999 -9999 -9999 -9999 -9999
-9999 -9999 -9999 -9999 -9999 -9999 -9999 -9999 -9999 -9999 -9999 -9999 -9999 -9999 -9999 -9999 -9999 -9999 -9999 -9999 -9999 -9999 -9999 -9999 -9999 -9999 -9999 -9999 -9999 -9999 -9999 -9999 -9999 -9999 -9999 -9999 -9999 -9999 -9999 -9999 -9999 -9999 -9999 -9999 -9999 -9999 -9999 -9999 -9999 -9999 -9999 -9999 -9999 -9999 -9999 -9999 -9999 -9999 -9999 -9999 -9999 -9999 -9999 -9999 -9999 -9999 -9999 -9999 -9999 -9999 -9999
-9999 -9999 -9999 -9999 -9999 -9999 -9999 -9999 -9999 -9999 -9999 -9999 -9999 -9999 -9999 -9999 -9999 -9999 -9999 -9999 -9999 -9999 -9999 -9999 -9999 -9999 -9999 -9999 -9999 -9999 -9999 -9999 -9999 -9999 -9999 -9999 -9999 -9999 -9999 -9999 -9999 -9999 -9999 -9999 -9999 -9999 -9999 -9999 -9999 -9999 -9999 -9999 -9999 -9999 -9999 -9999 -9999 -9999 -9999 -9999 -9999 -9999 -9999 -9999 -9999 -9999 -9999 -9999 -9999 -9999 -9999
-9999 -9999 -9999 -9999 -9999 -9999 -9999 -9999 -9999 -9999 -9999 -9999 -9999 -9999 -9999 -9999 -9999 -9999 -9999 -9999 -9999 -9999 -9999 -9999 -9999 -9999 -9999 -9999 -9999 -9999 -9999 -9999 -9999 -9999 -9999 -9999 -9999 -9999 -9999 -9999 -9999 -9999 -9999 -9999 -9999 -9999 -9999 -9999 -9999 -9999 -9999 -9999 -9999 -9999 -9999 -9999 -9999 -9999 -9999 -9999 -9999 -9999 -9999 -9999 -9999 -9999 -9999 -9999 -9999 -9999 -9999
-9999 -9999 -9999 -9999 -9999 -9999 -9999 -9999 -9999 -9999 -9999 -9999 -9999 -9999 -9999 -9999 -9999 -9999 -9999 -9999 -9999 -9999 -9999 -9999 -9999 -9999 -9999 -9999 -9999 -9999 -9999 -9999 -9999 -9999 -9999 -9999 -9999 -9999 -9999 -9999 -9999 -9999 -9999 -9999 -9999 -9999 -9999 -9999 -9999 -9999 -9999 -9999 -9999 -9999 -9999 -9999 -9999 -9999 -9999 -9999 -9999 -9999 -9999 -9999 -9999 -9999 -9999 -9999 -9999 -9999 -9999
-9999 -9999 -9999 -9999 -9999 -9999 -9999 -9999 -9999 -9999 -9999 -9999 -9999 -9999 -9999 -9999 -9999 -9999 -9999 -9999 -9999 -9999 -9999 -9999 -9999 -9999 -9999 -9999 -9999 -9999 -9999 -9999 -9999 -9999 -9999 -9999 -9999 -9999 -9999 -9999 -9999 -9999 -9999 -9999 -9999 -9999 -9999 -9999 -9999 -9999 -9999 -9999 -9999 -9999 -9999 -9999 -9999 -9999 -9999 -9999 -9999 -9999 -9999 -9999 -9999 -9999 -9999 -9999 -9999 -9999 -9999
-9999 -9999 -9999 -9999 -9999 -9999 -9999 -9999 -9999 -9999 -9999 -9999 -9999 -9999 -9999 -9999 -9999 -9999 -9999 -9999 -9999 -9999 -9999 -9999 -9999 -9999 -9999 -9999 -9999 -9999 -9999 -9999 -9999 -9999 -9999 -9999 -9999 -9999 -9999 -9999 -9999 -9999 -9999 -9999 -9999 -9999 -9999 -9999 -9999 -9999 -9999 -9999 -9999 -9999 -9999 -9999 -9999 -9999 -9999 -9999 -9999 -9999 -9999 -9999 -9999 -9999 -9999 -9999 -9999 -9999 -9999
-9999 -9999 -9999 -9999 -9999 -9999 -9999 -9999 -9999 -9999 -9999 -9999 -9999 -9999 -9999 -9999 -9999 -9999 -9999 -9999 -9999 -9999 -9999 -9999 -9999 -9999 -9999 -9999 -9999 -9999 -9999 -9999 -9999 -9999 -9999 -9999 -9999 -9999 -9999 -9999 -9999 -9999 -9999 -9999 -9999 -9999 -9999 -9999 -9999 -9999 -9999 -9999 -9999 -9999 -9999 -9999 -9999 -9999 -9999 -9999 -9999 -9999 -9999 -9999 -9999 -9999 -9999 -9999 -9999 -9999 -9999
-9999 -9999 -9999 -9999 -9999 -9999 -9999 -9999 -9999 -9999 -9999 -9999 -9999 -9999 -9999 -9999 -9999 -9999 -9999 -9999 -9999 -9999 -9999 -9999 -9999 -9999 -9999 -9999 -9999 -9999 -9999 -9999 -9999 -9999 -9999 -9999 -9999 -9999 -9999 -9999 -9999 -9999 -9999 -9999 -9999 -9999 -9999 -9999 -9999 -9999 -9999 -9999 -9999 -9999 -9999 -9999 -9999 -9999 -9999 -9999 -9999 -9999 -9999 -9999 -9999 -9999 -9999 -9999 -9999 -9999 -9999
-9999 -9999 -9999 -9999 -9999 -9999 -9999 -9999 -9999 -9999 -9999 -9999 -9999 -9999 -9999 -9999 -9999 -9999 -9999 -9999 -9999 -9999 -9999 -9999 -9999 -9999 -9999 -9999 -9999 -9999 -9999 -9999 -9999 -9999 -9999 -9999 -9999 -9999 -9999 -9999 -9999 -9999 -9999 -9999 -9999 -9999 -9999 -9999 -9999 -9999 -9999 -9999 -9999 -9999 -9999 -9999 -9999 -9999 -9999 -9999 -9999 -9999 -9999 -9999 -9999 -9999 -9999 -9999 -9999 -9999 -9999
-9999 -9999 -9999 -9999 -9999 -9999 -9999 -9999 -9999 -9999 -9999 -9999 -9999 -9999 -9999 -9999 -9999 -9999 -9999 -9999 -9999 -9999 -9999 -9999 -9999 -9999 -9999 -9999 -9999 -9999 -9999 -9999 -9999 -9999 -9999 -9999 -9999 -9999 -9999 -9999 -9999 -9999 -9999 -9999 -9999 -9999 -9999 -9999 -9999 -9999 -9999 -9999 -9999 -9999 -9999 -9999 -9999 -9999 -9999 -9999 -9999 -9999 -9999 -9999 -9999 -9999 -9999 -9999 -9999 -9999 -9999
10.06520 10.31770 9.27636 9.22518 11.14700 11.37970 -9999 -9999 -9999 -9999 -9999 -9999 -9999 -9999 -9999 -9999 -9999 -9999 -9999 -9999 -9999 -9999 -9999 -9999 -9999 -9999 -9999 -9999 -9999 -9999 -9999 -9999 -9999 -9999 -9999 -9999 -9999 -9999 -9999 -9999 -9999 -9999 -9999 -9999 -9999 -9999 -9999 12.42190 -9999 -9999 -9999 -9999 -9999 -9999 -9999 -9999 -9999 -9999 -9999 -9999 -9999 -9999 -9999 -9999 -9999 -9999 -9999 -9999 -9999 -9999 -9999
8.78409 9.09348 8.80219 8.89561 9.92446 10.01840 6.26316 6.33361 6.13262 5.99386 15.48400 15.25850 15.48070 5.35656 5.55938 5.55552 5.32080 5.57337 5.62695 -9999 -9999 -9999 -9999 -9999 -9999 -9999 -9999 -9999 -9999 -9999 -9999 -9999 -9999 -9999 -9999 -9999 -9999 -9999 -9999 -9999 -9999 -9999 11.44640 12.42910 11.48770 10.02230 9.70259 10.00630 11.87130 -9999 -9999 -9999 11.77140 -9999 -9999 -9999 13.57530 12.45310 11.86100 -9999 -9999 -9999 -9999 -9999 -9999 -9999 -9999 -9999 -9999 -9999 -9999
8.97188 9.37421 9.71818 10.10760 10.78370 11.03560 13.33150 9.08717 9.66187 10.48430 10.19530 13.17070 13.15020 13.51340 5.90465 12.13320 10.19430 9.44461 6.95990 6.20048 4.89912 11.63560 9.96027 9.97872 11.38210 -9999 -9999 -9999 -9999 -9999 11.25570 11.08830 11.43100 11.26030 10.34260 10.26210 11.04350 11.38810 11.88480 12.48660 13.40410 13.59250 10.60080 10.62150 10.44150 10.52880 9.26067 9.16968 12.04720 11.78350 10.36930 10.48760 11.33270 11.43820 11.73190 11.53440 11.96700 10.81840 9.48439 9.79440 10.80860 11.80490 11.85410 12.80250 -9999 -9999 -9999 -9999 -9999 -9999 -9999
8.14863 8.53931 9.24396 8.75711 7.67921 15.16620 11.39690 13.79740 13.84810 12.99180 2.89239 12.95010 12.28420 13.27420 11.57040 9.67844 7.10978 5.95369 4.36670 3.17876 7.74129 10.06970 9.93017 10.60770 9.78902 9.63747 10.04280 10.08700 11.28350 11.46150 10.19990 10.19170 10.77740 10.34590 9.85258 9.94571 9.83388 9.79790 10.54210 10.89110 9.54387 9.18743 9.62825 9.27436 8.21644 8.76786 8.87423 9.32532 10.04410 10.51700 9.93198 10.06440 9.71061 9.74614 9.63143 9.71031 11.26820 11.41180 10.56250 10.47940 9.15507 9.02315 10.57860 9.71197 10.31080 10.76470 10.76020 10.64260 10.09730 9.89061 10.82010
7.33415 7.53879 7.97300 15.88480 11.66240 11.71620 11.96810 10.39540 9.37492 8.72823 7.71364 7.54191 8.34188 6.49349 4.80595 4.57681 4.87202 5.66961 11.48940 8.80102 6.60402 5.04349 12.30080 11.84430 10.70180 10.09330 9.74245 9.01763 10.39280 10.48100 9.80547 10.50090 10.69860 10.88540 10.82800 10.78180 10.89670 10.62670 11.18110 11.05620 9.39601 9.16058 9.54145 9.48016 9.44413 9.66879 10.66470 10.70790 11.61920 11.51350 10.61270 10.55670 10.28310 10.16300 10.65970 10.52910 12.69440 12.56150 11.28700 11.24340 9.85688 9.80540 10.86150 10.65400 11.27520 11.42040 11.18260 10.77170 9.67930 9.49382 10.93180
11.10690 10.83990 10.80450 11.35940 16.68760 14.92330 11.03750 10.25540 9.51863 8.92537 9.16466 8.82482 7.60031 6.79922 3.07045 6.94418 12.18800 12.29530 9.76227 9.52565 10.54340 10.29750 10.28190 10.54990 9.61580 9.65901 9.96994 9.11468 8.22826 8.20590 8.65742 8.13373 7.41493 7.37062 8.17473 8.50043 9.09138 8.59645 7.10694 6.94890 7.49556 6.82593 7.69768 7.67239 8.44021 8.31415 8.83778 9.23649 9.47774 9.46434 9.81940 9.77953 10.44730 10.50730 10.79440 10.92470 11.17670 11.03280 11.65070 11.53820 11.39350 11.28300 8.80821 8.71382 10.06950 9.78986 9.25124 9.13050 9.16297 8.97046 9.03703
13.38000 13.83360 13.07180 13.08070 11.31060 11.00160 11.51340 10.44460 12.93030 12.91800 12.76020 13.51650 12.53190 12.84890 13.19780 13.75760 14.20210 14.49750 13.58750 10.96990 9.71596 9.17179 9.72809 10.15510 9.29835 9.72769 11.03230 11.21960 10.89440 9.91146 10.26010 9.46683 8.10262 8.48470 9.42445 8.92198 8.85297 8.80798 8.09638 7.77149 8.08189 8.01568 7.64393 7.92705 9.24282 8.73724 9.46737 10.08280 10.34010 10.65730 10.35350 10.16070 11.09130 11.82750 11.56660 11.62870 12.22960 12.14010 12.53480 12.60260 12.35140 12.36650 9.91359 9.88161 11.14560 11.15530 10.51750 10.24300 9.95727 9.75933 9.88860
13.67030 14.05250 12.52430 12.15930 12.79730 13.04600 13.07120 14.98530 16.84720 16.55560 12.87250 11.92510 12.37430 12.29190 13.00130 13.70910 14.59110 14.56580 13.52430 11.50440 10.17260 10.04460 10.00520 9.55804 8.55639 8.77588 10.08440 10.53210 10.79670 10.65840 8.57526 8.52171 8.28466 8.53924 9.80644 9.66735 9.77122 9.59014 8.67616 8.30679 7.86825 8.00538 8.28743 8.31432 8.58217 8.40129 8.41465 8.64292 8.43125 8.40627 8.36466 9.46809 9.73018 9.93455 10.31550 9.78211 10.73260 11.06980 12.42520 12.55240 12.66760 12.58210 11.45020 11.24240 12.08190 12.04630 9.89914 8.85990 8.64095 8.49965 8.40387
14.03420 12.85790 12.19370 12.65970 12.65510 12.73780 12.89190 13.86610 12.61140 11.96610 12.77580 12.64960 12.20200 11.89400 12.14120 15.30780 16.88460 17.19830 13.83100 12.13690 9.82981 5.57572 6.51785 9.27368 10.24910 10.38100 11.89480 10.91540 10.82950 10.85680 8.80787 9.66033 9.10272 9.15943 9.84224 10.15700 11.29460 11.83390 10.00570 9.68195 9.06645 8.98852 9.37901 9.12182 9.79935 9.55047 9.49615 9.24858 8.81324 8.85427 10.23890 10.51940 11.19930 10.59310 9.77740 10.18370 11.02320 11.47470 12.19840 13.12320 12.86300 13.23000 12.29020 12.05750 12.97190 13.09480 9.59214 8.03957 8.87284 9.34843 9.23461
12.99270 12.70940 11.66430 11.16220 12.22970 15.61320 15.05090 13.89050 13.53060 13.51050 21.88510 21.83710 14.87380 9.95642 12.70630 15.66680 19.04030 19.55780 17.04370 15.15160 10.08210 6.15275 6.08527 10.85460 9.75581 11.85500 12.50300 11.88310 11.81970 11.73050 10.06400 9.98533 10.67560 11.28930 9.94743 10.78570 11.87920 11.14530 10.10900 10.18940 10.62730 10.47150 10.19720 9.60577 9.74200 9.73127 8.96329 8.29581 8.87997 8.55694 8.85650 9.16633 8.82083 8.53639 8.77053 8.90771 9.81339 10.60740 11.64080 10.24370 9.68973 12.99730 11.21100 11.76990 11.22970 10.80230 8.50551 8.79086 10.41540 10.74380 10.32300
15.83050 18.66260 18.07490 15.95060 18.15650 21.35790 21.75490 23.28330 16.40070 13.84050 14.77640 17.72460 17.07060 18.72810 19.07530 22.30360 17.24190 17.38390 18.06050 15.30920 11.10550 5.80764 9.06420 10.50060 9.31432 9.97766 12.03060 12.19450 12.15460 12.67150 12.29960 12.71500 12.62820 12.19420 11.22200 10.53820 10.78180 10.99430 10.12870 9.98118 10.22650 10.70570 11.21640 10.43350 10.50720 10.13400 9.40689 9.38305 8.82885 8.80791 8.89100 9.12837 9.33213 9.69374 9.89850 10.08590 11.74270 12.83250 10.77830 9.32680 10.42590 10.87320 11.31360 10.02360 9.85553 9.27073 8.13083 8.60423 10.82410 11.69060 11.06100
17.43610 17.60290 16.98750 16.98110 17.54130 19.16940 17.13510 16.10290 15.69120 14.51640 19.79810 16.86340 11.58720 11.78980 10.77150 11.52800 7.61572 10.58610 11.51070 14.30680 14.59280 8.34194 5.42288 5.71884 7.71907 8.22565 6.47470 9.48091 9.83014 10.40140 9.86047 10.12780 10.39160 9.95593 8.76783 8.44476 9.43433 9.02049 8.88604 9.34449 10.64730 10.71430 9.75015 9.44171 9.51488 9.70607 9.19902 9.53118 9.43402 9.94956 9.38728 9.67662 9.86792 9.98191 10.56500 11.08410 10.66950 9.95071 9.98607 9.75810 9.44329 9.26174 9.90108 10.57460 9.84830 10.02360 8.93602 9.44665 8.91819 9.78246 8.77828
17.74260 18.36070 19.10040 18.64070 16.98420 17.15820 15.12760 16.42670 16.65430 17.57950 17.86070 15.94250 19.80910 21.31110 13.19910 18.41780 17.37120 8.56562 16.64680 15.26640 12.24510 13.44410 8.82036 12.37760 10.12290 7.28461 7.95338 8.09459 9.49868 11.14760 10.38920 10.64450 10.66580 10.40080 9.27723 8.87839 10.85520 10.47920 10.49990 10.73190 11.55900 11.39050 10.61670 10.36320 10.55420 10.15380 9.53775 10.04250 10.08560 10.08050 9.57372 9.78131 10.35620 9.65332 10.43490 10.44510 11.19010 11.02410 11.31310 10.39650 10.35300 9.59953 10.88600 11.71360 11.65660 11.18090 9.51566 9.93000 9.45553 9.29604 9.03054
14.36060 13.35460 13.10100 13.36610 13.31690 13.58580 11.99260 11.29150 9.67699 11.06160 11.97250 11.18180 15.53490 20.81470 26.33830 29.66100 29.96950 23.87770 19.57640 14.42240 13.80270 12.74500 12.45620 12.22930 12.01550 11.90510 11.53330 11.03720 10.59810 10.37780 10.92940 11.92540 11.88150 11.31480 10.97120 11.15950 11.56170 12.38250 14.57700 16.04160 13.59950 13.80570 14.73440 14.33570 13.20240 13.43530 12.95820 12.79810 12.06090 12.30640 11.16490 10.39620 10.87260 10.97690 10.58390 10.08060 9.97688 10.25040 10.94900 10.74660 11.43720 10.24590 9.92706 9.72583 10.95990 11.52980 10.59880 10.28020 9.99522 10.30520 11.49020
8.69051 11.12700 12.34660 12.51650 13.38490 13.23850 12.45710 12.09360 9.53893 9.45845 10.72680 10.41110 17.47460 16.98140 14.48820 17.56320 22.36340 22.57520 13.94740 12.18650 13.54030 14.02740 11.48920 11.73400 12.52200 12.62900 12.00460 11.70960 11.30060 10.76780 11.38240 10.92610 11.08750 11.64190 11.06420 10.70920 11.13070 11.26180 11.71670 13.83800 13.71070 13.78370 15.46700 15.61800 14.30050 13.81080 12.77040 13.02840 12.22290 12.12400 12.10060 11.63020 10.77800 10.84880 11.59740 10.76970 11.30880 11.06550 11.38120 11.31250 12.24990 11.25000 11.15510 11.60670 13.14700 13.14480 12.22070 11.24680 10.08960 10.91150 11.53150
11.15290 9.86853 11.70120 13.09400 14.31470 15.17230 15.83970 14.94950 15.58550 15.68920 15.97900 15.74020 16.41040 16.91790 18.54710 18.80350 23.26510 33.07260 20.71500 15.53750 13.54370 13.45870 12.04070 13.61710 12.92750 10.44620 13.97580 13.49420 13.54000 13.77690 14.28780 15.41970 14.39580 10.93550 10.37750 11.08550 11.90870 11.51660 11.80220 11.77260 13.09220 14.36110 16.26520 16.06230 15.37450 15.36840 13.47990 13.40370 12.71170 12.62540 13.45860 13.26360 10.85400 11.69590 11.53090 13.49900 10.94380 10.87790 13.36510 13.17360 13.15580 13.31400 12.73540 12.51880 11.89860 11.78590 12.50600 11.74840 11.57360 12.05850 11.14300
11.67850 15.81540 11.66170 12.15700 13.40650 14.67980 16.91440 16.50350 14.77750 15.68220 19.77960 21.33700 17.61150 15.40330 15.52440 16.36860 16.21130 20.60980 16.45520 14.23910 13.93200 11.82190 11.24760 13.21110 16.75160 17.50870 15.25100 12.57450 13.86610 15.87900 17.13040 15.80750 17.24970 9.98463 10.30540 11.98720 12.64400 12.07080 12.36300 11.80510 13.67490 13.83780 14.73820 15.74890 15.72290 15.17780 13.24940 13.14600 12.89610 12.92030 13.69370 13.58910 11.25090 11.39390 11.40840 14.99440 12.27760 11.58160 14.55690 13.45200 11.66390 10.98830 11.42080 11.44560 10.96650 11.33620 11.06790 11.59470 11.51850 12.17950 11.63960
19.07950 19.82770 19.30300 16.85160 16.08220 18.38670 18.35730 17.52850 17.89690 19.51680 20.09800 21.51980 22.52370 21.47120 17.11350 17.62940 16.51320 16.10720 14.65290 13.68890 12.91780 11.58350 10.34640 13.08880 14.34710 14.37190 15.07930 15.09880 15.12200 14.34700 15.48470 16.08950 18.68710 12.42220 13.99090 14.51910 13.37650 12.77200 13.28240 13.53330 13.11580 13.28920 12.70300 14.32500 15.82080 15.02450 14.48510 14.45660 13.39270 13.22320 13.69330 13.89280 14.79180 12.38260 10.82090 12.59060 13.67740 13.00260 14.68310 14.48580 14.34470 13.62790 11.83900 11.82680 12.58900 12.34300 12.46340 12.23610 11.00700 10.85690 11.24790
26.32140 -9999 28.31700 16.67030 12.37210 8.51340 -9999 10.47720 10.80220 13.04140 13.73960 13.00190 12.51440 14.83540 15.08740 15.77780 21.97980 16.22290 11.87980 13.13040 11.92110 11.39700 11.29340 10.83680 12.06140 12.98080 12.95050 13.16530 12.78560 12.49500 13.02590 17.55550 15.18110 15.91090 15.67080 13.69310 13.46820 12.84540 14.08980 14.12300 14.95280 14.46350 13.36170 13.14420 15.31060 13.78080 14.85880 14.64880 13.21200 12.71500 12.67240 13.08210 13.39310 12.92090 11.38070 13.69690 16.39670 16.07230 14.83890 14.36310 14.95420 15.55730 14.19230 14.05460 14.51130 13.98000 13.64260 13.53870 13.06770 12.71760 14.29310
