data/hydroclimate-scenarios/BCSD_hadcm_A1B/monthly_summaries/et_monthly_tot_jun.2070-2099.asc
ncols	311
nrows	91
xllcenter	102.75
yllcenter	31.75
cellsize	0.5
NODATA_value	-9999
[rows 31 to 61 of 91, columns 0 to 70 of 311]
-9999 -9999 -9999 -9999 -9999 -9999 -9999 -9999 -9999 -9999 -9999 108.16200 93.93400 91.13580 94.20030 98.31060 113.27000 117.18600 113.91900 121.92200 124.39600 114.87100 120.37200 111.40900 110.44900 104.60200 108.79200 106.50100 102.71000 104.15900 101.14500 95.76350 95.47300 94.06210 97.66200 96.71790 97.14460 106.11300 109.26400 105.49900 104.71700 102.05500 82.92980 83.43670 80.73100 78.08250 77.52590 88.28460 101.99100 97.56790 97.17080 94.12650 93.69810 89.79360 90.40790 77.54990 77.86100 75.88140 74.74390 77.41750 79.82210 77.09280 77.05030 75.79450 74.93410 66.47840 88.96170 90.29980 97.59800 102.33000 106.52600
-9999 -9999 -9999 -9999 -9999 -9999 -9999 -9999 -9999 -9999 -9999 112.05400 112.78900 102.43400 115.36300 116.01900 118.79500 101.18900 115.43300 122.43700 111.28900 114.46100 110.16700 108.45000 85.15980 83.72010 83.31750 74.92400 75.38740 100.48000 101.88100 98.05910 98.83710 97.38860 97.65170 88.74680 90.62020 93.09640 95.74180 100.23700 103.71800 102.35000 102.58700 105.53700 105.12900 107.99000 110.35100 111.00000 111.44900 107.90000 107.09000 105.01100 103.89300 90.37230 84.42730 83.65270 80.67890 79.76970 80.93260 96.60720 95.06270 90.62430 75.16940 62.23600 62.09130 76.58640 83.48300 91.86220 99.19950 101.45900 106.58300
-9999 -9999 -9999 -9999 -9999 -9999 -9999 -9999 -9999 -9999 -9999 112.22200 113.99500 113.46200 112.92300 114.71300 114.81000 106.15800 106.43200 111.18500 111.77500 110.68200 88.35050 85.67350 87.15110 112.34800 108.36200 112.82600 108.31300 73.75530 70.00780 93.60200 90.54510 95.06860 85.86020 83.14320 74.29240 92.06680 82.66580 94.20820 105.92200 96.42710 107.62100 108.68000 109.96000 115.33500 116.34300 114.75700 114.00500 110.86900 109.58800 106.07000 104.24200 93.20070 100.09200 99.32290 98.47200 97.64600 96.26180 97.25490 97.07880 66.66020 62.50010 87.96400 64.52260 81.34180 85.08050 90.30550 95.36200 100.79100 105.12300
-9999 -9999 -9999 -9999 -9999 -9999 -9999 -9999 -9999 -9999 -9999 -9999 109.06000 107.79000 108.42900 111.89500 114.31300 105.43600 104.78400 105.09000 85.11030 111.78500 107.69300 120.41500 116.72800 114.25100 113.05200 117.02200 113.72400 108.23400 80.84570 72.35930 73.56130 73.66030 73.36410 74.52330 79.15070 95.77340 88.16140 96.39420 100.83400 102.51400 105.13000 118.49900 119.36200 120.11100 119.65600 117.00000 116.66900 113.48700 110.97500 111.89400 110.63800 106.29000 101.69800 97.94780 94.25910 83.78740 73.81320 71.07030 68.76760 78.57810 81.11890 84.90210 83.47520 70.92610 86.48910 93.21080 98.38310 98.38760 103.80700
-9999 -9999 -9999 -9999 -9999 -9999 -9999 -9999 -9999 -9999 -9999 -9999 104.67500 103.80500 108.24300 110.01000 108.66900 80.40790 80.50230 109.20200 112.80000 121.33100 123.65700 124.32000 123.85800 116.69200 116.22700 118.63500 113.11300 107.68700 110.20700 85.04840 72.15690 72.65910 71.88600 98.39410 103.67300 104.44500 107.82500 114.06100 98.62260 117.00300 119.07700 119.85200 125.01400 124.36500 124.25600 123.87900 122.27700 120.73300 119.41800 117.31400 116.74300 105.96000 100.15700 86.49580 73.32690 78.96970 102.25600 84.25940 84.17080 107.67700 109.02400 103.08800 89.82650 84.86730 91.46820 91.05960 93.83240 96.03020 96.18070
-9999 -9999 -9999 -9999 -9999 -9999 -9999 -9999 -9999 -9999 -9999 -9999 105.78900 101.50000 71.56720 77.03810 78.16790 107.45200 103.12900 110.87400 118.97500 123.27800 124.77800 123.83900 122.36200 121.23700 119.54600 109.97700 111.48700 98.53070 95.42490 78.30670 99.26330 100.68500 95.18630 95.88590 95.96230 105.82500 106.80200 112.72800 118.46700 122.40200 122.01500 126.00500 126.26400 121.11900 126.68100 124.57700 123.02200 120.09700 119.33400 120.19000 117.54800 111.42100 105.87000 103.08200 98.26590 104.67000 106.15400 90.90030 107.79800 111.10400 109.15900 105.62800 90.93500 92.81150 95.36490 91.77270 92.76590 95.02170 94.87900
-9999 -9999 -9999 102.49000 102.58300 100.73200 98.32230 98.43800 99.99960 -9999 103.04500 75.51260 70.18160 94.36830 95.65910 101.08500 101.02600 95.52680 106.35800 114.38500 117.36100 118.24300 119.23500 121.84000 116.62300 118.45200 113.49900 118.03100 109.79000 109.11400 109.53700 97.24210 103.05000 101.21400 97.35640 107.65000 103.42700 110.27800 110.89600 111.94800 115.06200 121.67100 122.34600 124.80400 125.79700 128.03400 129.45300 122.34200 126.77900 123.50900 117.54400 113.55600 112.45300 117.08600 115.22500 116.10800 114.70100 102.60600 105.53200 103.07300 91.58210 110.08700 104.86800 110.74300 106.64900 107.03900 108.66600 103.58700 101.42100 101.13200 95.95840
-9999 -9999 -9999 94.92420 95.92220 95.58570 97.01520 95.90840 95.37480 73.01970 69.06050 67.18760 96.11900 91.33910 93.39230 100.12000 93.03550 105.18300 108.72000 107.99000 106.67800 116.57700 111.88900 111.97800 109.65000 104.09600 106.69600 108.29400 113.32500 107.60600 114.45200 104.26000 108.54900 108.76900 103.16500 100.73700 106.86700 114.26300 112.30300 118.45900 122.61900 122.27800 121.95700 123.35100 123.66000 123.88200 124.68100 124.01600 121.87800 117.53200 116.84100 118.13300 119.99800 120.85900 116.46900 114.68300 110.23200 108.50800 112.84400 111.30300 109.91600 108.84700 107.16300 107.19300 111.10000 107.21600 106.85000 101.82300 101.41400 100.09900 92.91820
-9999 -9999 -9999 86.86900 89.62770 91.21090 69.70630 68.31950 64.79600 64.03710 65.35250 66.55610 95.53450 98.74620 102.77500 101.08900 102.01800 97.83360 100.11900 101.05100 104.59000 107.14700 113.33900 104.28400 112.59800 106.32700 109.97200 109.45900 103.97000 109.07400 113.91200 115.19900 107.23900 106.70400 107.09100 104.24200 108.44400 109.65500 106.90500 108.69700 114.24100 119.94200 123.53200 123.47100 125.54200 128.27000 128.79800 119.99900 118.23100 124.59200 121.27100 117.57400 116.18300 119.28600 116.95200 115.18800 113.46500 111.90700 113.68500 115.55700 106.66100 103.20900 111.50000 112.45400 109.94900 108.56700 106.38600 100.42800 92.84120 91.41730 84.01130
-9999 -9999 -9999 85.55190 79.26100 91.32800 66.26590 67.26360 66.60840 66.70540 63.12160 88.27110 95.11100 98.32200 106.12800 90.92810 98.07530 98.75830 99.60870 103.31100 98.06410 109.07500 108.11000 103.96200 112.91900 103.21300 105.53500 107.27900 111.98900 107.30900 105.89100 98.04160 103.92200 112.92600 115.21400 109.36400 104.33900 100.48600 108.75800 112.49500 115.89900 118.56500 120.36200 121.43700 119.74300 127.74300 129.02600 126.05600 128.70000 126.79000 125.32500 123.94700 123.48600 116.28100 118.61900 111.95400 109.85500 108.71800 108.73800 105.07600 115.67300 110.74200 112.56800 115.98200 113.14400 109.48700 110.23000 104.88700 91.55240 83.44510 84.97080
-9999 -9999 -9999 80.08420 74.98910 88.45040 64.96230 64.52310 68.44890 64.94900 58.59830 68.08210 91.82740 95.06260 98.05980 92.86720 101.61800 99.45770 99.28710 87.51250 94.30810 105.93700 101.03400 99.06690 93.69920 94.53570 94.19300 100.44200 107.52000 111.65500 109.17700 105.70400 108.23900 108.88000 108.76100 106.74900 109.11300 106.94900 107.24500 110.79100 114.96900 119.60200 123.37200 123.22100 120.98200 124.41100 125.37100 123.77700 119.45600 125.89500 123.16100 117.96700 116.21100 118.03800 112.38000 114.16100 107.85300 104.72600 108.37500 115.17300 109.59700 115.38000 114.61700 109.41900 107.63800 111.11400 109.17100 97.43360 89.92700 88.66060 90.59490
-9999 -9999 -9999 -9999 64.97060 66.52460 64.00000 73.08840 73.80200 70.09480 60.02690 85.97370 99.07410 85.73500 -9999 -9999 -9999 -9999 -9999 105.88800 100.08200 100.30000 103.07800 110.61300 105.89600 99.23050 83.10390 95.05170 100.20900 97.63780 102.58600 101.78000 105.50600 95.47830 90.42740 99.87330 102.01800 100.65300 106.43400 103.89200 105.27100 108.39200 113.47800 117.10400 117.72500 119.33200 119.80300 123.31600 123.57600 114.53000 123.94800 125.42700 123.77400 121.51200 119.99900 117.35200 117.46100 115.59600 109.37500 112.33700 115.82700 115.92500 117.84900 117.16600 116.98900 111.28800 107.95600 104.37500 107.54200 -9999 -9999
-9999 -9999 78.85670 65.85400 66.12250 62.80830 63.46700 76.11820 68.77440 65.99680 59.31640 86.06080 101.50900 -9999 -9999 -9999 -9999 -9999 97.29230 100.09900 97.77870 98.96860 98.86290 104.68300 95.09770 89.22960 77.23430 81.28110 86.00780 85.36550 86.56360 92.74800 94.37950 90.00030 88.59110 90.23870 97.59300 99.61520 102.37400 99.18210 104.76500 103.07900 105.81300 108.80000 108.67400 114.45800 117.55900 120.04400 116.61300 111.40000 113.62600 115.52400 107.78500 112.05000 109.49900 114.48800 117.18600 115.09400 111.54600 112.25400 113.39300 118.15500 122.92700 123.25100 120.29200 114.34500 110.71400 -9999 -9999 -9999 -9999
-9999 -9999 64.87360 65.46820 63.11430 65.69400 63.39860 69.71360 67.71040 60.46460 85.47550 90.36720 88.88480 -9999 -9999 -9999 -9999 94.02570 105.50400 96.99140 92.29250 87.25270 87.33070 82.53020 73.10370 72.30100 73.82430 77.62060 76.97670 76.87900 83.28030 90.13840 87.55250 82.93330 87.45990 92.41160 92.46480 90.16010 99.56380 101.79800 95.40350 101.72600 105.31700 104.76600 102.65700 100.33900 100.83100 109.38300 104.61200 106.83500 101.92200 108.03400 107.90300 106.90300 107.84300 99.33050 103.10300 115.28100 117.92200 121.71000 121.27300 122.75000 122.38600 121.46900 118.25600 -9999 -9999 -9999 -9999 -9999 97.34790
-9999 -9999 64.64400 68.31950 66.49710 68.12160 66.13820 65.78820 65.34280 63.88900 93.71300 93.98560 70.90400 -9999 -9999 -9999 -9999 103.06500 103.99500 92.72650 85.48760 75.07540 64.80620 65.99930 67.18070 68.93200 77.03140 73.51430 74.91160 76.57910 81.29940 83.40070 88.10990 88.68400 85.10890 91.78570 90.29450 93.73480 100.07400 92.41490 92.97140 95.70720 96.98770 100.05400 97.80760 102.44700 102.26000 101.32100 96.81350 94.92170 95.12450 104.88000 111.40600 106.51800 109.23100 96.57530 99.50740 112.79200 114.13800 119.11800 118.73000 117.41800 119.85500 115.45800 113.41300 118.93200 117.73600 113.61400 108.17600 -9999 -9999
-9999 -9999 -9999 69.41670 69.92460 73.13390 67.52910 64.80270 83.13760 87.14280 70.52640 71.91160 -9999 -9999 -9999 -9999 100.42200 102.90800 91.58320 81.96810 73.62510 61.25530 62.99010 64.59500 67.34140 71.23560 72.74990 75.59350 76.35550 86.14050 87.42610 80.91900 79.80970 81.19890 83.10030 81.28640 82.53030 80.59100 85.37670 87.77990 90.24980 93.15070 75.16990 78.17380 79.52510 83.92770 99.06590 98.27660 99.42500 95.85250 104.72900 103.65900 102.25000 103.66300 104.33100 106.55500 111.32800 117.18300 118.88200 117.07400 119.32300 121.07000 125.19600 121.24100 109.09300 121.78700 123.88100 119.65300 112.15300 106.17200 -9999
-9999 -9999 -9999 -9999 71.02220 76.97180 70.12370 85.81340 88.89110 77.12760 66.66460 -9999 -9999 -9999 -9999 98.29930 98.98100 87.44980 68.08270 69.44190 63.79950 56.44950 57.21350 65.97740 69.07000 63.87210 63.09700 67.22860 70.82620 72.92560 78.55590 69.82580 69.31130 73.91620 79.28900 80.50840 81.01370 78.09890 80.82220 85.46160 90.71300 92.64890 91.00860 89.85720 86.17920 80.87770 84.15050 81.92240 83.39720 99.37980 103.67200 107.47900 107.04300 102.94800 105.34400 106.62300 102.59600 112.65900 115.19900 117.87900 123.70200 122.30900 120.43800 117.98200 116.56600 123.00700 124.14300 116.56100 113.65600 110.59000 110.49400
-9999 -9999 -9999 -9999 -9999 -9999 85.09340 63.25310 71.28360 64.17440 59.72740 -9999 -9999 -9999 -9999 -9999 85.99550 78.14040 75.42750 68.26010 66.17030 51.60680 62.73070 66.06550 62.13080 57.65820 57.23140 59.27280 59.57190 62.27220 72.64520 69.60820 67.61390 75.62660 77.82660 74.33940 81.37560 88.89380 86.00620 87.74860 92.04310 98.40310 100.31200 97.11670 81.55630 75.98690 75.84930 76.41020 81.58830 85.11890 90.84580 88.48560 85.33680 86.05710 85.24950 88.45940 108.02100 108.71700 111.20500 110.25700 113.30800 115.40400 116.01300 114.94800 119.42600 119.51800 123.60100 111.81800 110.21800 106.41700 108.01200
-9999 -9999 -9999 -9999 -9999 -9999 -9999 -9999 -9999 -9999 -9999 -9999 -9999 -9999 -9999 -9999 -9999 -9999 -9999 68.91800 66.86560 56.49020 58.64300 59.18820 59.27940 59.20960 56.23940 59.53200 60.62830 69.57070 69.44960 66.30270 71.90090 76.14280 76.13930 76.14040 77.70440 82.28380 85.03420 88.43050 92.12750 92.95550 93.37140 90.41240 92.25500 87.15150 84.26880 75.71060 81.51150 91.99930 95.47380 88.56120 88.20560 88.21320 104.40700 110.05000 102.05200 108.92000 109.47900 109.79900 119.94900 123.40300 111.67500 112.69400 111.47800 119.90200 119.82000 109.93700 109.11300 112.98400 110.10200
-9999 -9999 -9999 -9999 -9999 -9999 -9999 -9999 -9999 -9999 -9999 -9999 -9999 -9999 -9999 -9999 -9999 -9999 68.97230 69.37150 63.29520 57.68540 56.73310 60.32890 61.22570 64.87800 59.46950 54.16600 56.25710 60.15240 62.25370 69.44910 71.70890 71.28870 72.79870 76.56860 86.85480 89.66030 95.44900 97.69050 100.40100 99.04820 101.11900 93.17240 93.31710 80.20480 83.18990 122.24600 109.65700 116.93700 120.64300 85.13130 86.85010 89.45560 94.36110 91.91350 101.36500 111.87300 122.98500 111.36300 120.28900 122.80300 112.51800 113.29400 121.18700 115.48000 107.56400 109.95400 92.30360 111.13400 110.72600
-9999 -9999 -9999 -9999 -9999 -9999 -9999 -9999 -9999 -9999 -9999 -9999 -9999 -9999 -9999 -9999 -9999 68.26180 70.67050 62.69220 60.58090 58.14190 58.99180 65.02030 66.16120 68.96050 56.26640 54.08150 53.95690 58.00170 59.54130 65.55800 71.75100 65.42500 66.07090 76.35510 83.16680 96.27830 94.92290 97.35030 102.72300 91.02350 100.57900 81.28770 85.90010 88.81870 81.95730 111.26800 114.47200 115.39600 117.46200 97.84670 99.46230 97.22680 94.49770 94.72780 104.80000 111.43500 114.71500 108.24300 112.31600 119.10200 116.57500 118.49300 106.66900 106.29700 108.11800 102.42100 92.68870 93.97740 90.11530
-9999 -9999 -9999 -9999 -9999 -9999 -9999 -9999 -9999 -9999 -9999 -9999 -9999 -9999 -9999 -9999 -9999 69.40680 67.77380 67.05200 63.43300 58.76030 59.68080 67.09950 62.03960 58.91910 59.80730 56.32180 56.84550 59.08420 60.01730 62.25820 61.70080 67.32930 72.62590 81.64330 82.44260 98.47460 106.26500 104.12100 100.28300 98.72410 93.81920 97.09520 93.23480 82.50090 82.08710 127.23000 128.25500 120.49700 125.33700 98.35550 99.67760 99.30420 93.42210 97.11050 95.21420 107.86100 110.89100 113.54600 111.21700 111.11900 112.08200 110.44100 109.87000 109.84700 106.69300 106.73900 97.26190 96.22610 95.21520
-9999 -9999 -9999 -9999 -9999 -9999 -9999 -9999 -9999 -9999 -9999 -9999 -9999 -9999 -9999 -9999 78.54360 74.39780 72.39460 67.41350 55.50180 60.27860 60.77140 60.46670 52.05350 55.74420 54.55690 47.36760 49.50920 60.72050 64.71010 63.59960 59.92880 65.17520 72.08440 84.66120 87.21510 91.55430 105.88500 103.75300 98.68370 94.06810 94.23100 88.35240 94.38150 81.43360 81.33510 128.40199 127.51800 119.15200 125.50200 96.85150 98.31650 99.20440 94.81370 101.02900 97.41950 92.36450 113.74300 113.69600 113.58400 112.39500 114.75000 109.32500 108.98900 107.88700 104.92100 96.36720 86.98930 95.59290 94.73390
-9999 -9999 -9999 -9999 -9999 -9999 -9999 -9999 -9999 -9999 -9999 -9999 -9999 71.89810 75.13900 77.73930 78.51220 79.74190 66.20620 59.25360 61.63380 65.73680 63.12360 63.47720 62.21540 52.60840 50.77350 52.67550 53.43110 54.21360 57.44910 61.18930 68.70550 71.76520 78.48440 92.52460 95.92220 100.61600 113.33800 110.21500 108.51300 93.58460 93.26800 104.59200 105.90900 107.08600 107.87200 110.52100 113.35800 120.50500 125.11000 127.87900 136.59500 138.58800 134.85800 132.88300 131.82899 125.60900 138.50000 140.62000 142.06599 137.10800 134.68500 135.76199 134.52499 129.91600 129.34399 100.63300 103.82900 103.38500 100.60900
-9999 -9999 -9999 -9999 -9999 -9999 -9999 -9999 -9999 -9999 -9999 -9999 71.64200 71.15760 67.05520 69.53720 67.13380 69.72000 69.27910 55.70850 60.01500 64.57220 63.33220 63.23700 60.02240 50.49360 49.76040 49.45960 50.17020 50.45600 52.12460 55.34490 59.89030 63.99740 73.14990 88.51410 100.99300 105.35800 110.20000 103.08000 103.60500 98.04030 92.01540 98.68150 106.26900 108.62700 114.08900 111.40000 114.70200 122.44800 128.38400 138.97000 130.28101 142.57600 131.06100 131.45599 127.66100 145.66600 142.57700 135.56000 136.74100 134.67999 139.12900 139.06599 133.59900 130.20599 121.69900 107.81800 102.90600 115.54800 100.50200
-9999 -9999 -9999 -9999 -9999 -9999 -9999 -9999 -9999 -9999 -9999 69.32590 71.16500 66.08130 64.26330 64.84370 62.72060 67.72030 64.96930 62.23140 62.00570 55.20490 55.51150 54.19250 54.21730 51.50550 49.05780 47.57490 47.72240 46.71100 48.89450 54.02120 58.57470 66.74540 75.45590 86.10260 99.08250 101.04500 102.42000 101.60000 96.69390 89.96310 89.49520 91.19010 96.87680 103.55900 109.27500 116.09600 123.61200 117.61900 121.62800 141.58600 140.39600 123.98000 141.64301 140.48399 121.92300 142.36900 141.80600 130.55400 137.49200 130.52600 137.94200 138.80800 131.81000 133.99100 134.73000 108.65800 115.53500 111.17900 97.42910
-9999 -9999 -9999 -9999 -9999 -9999 -9999 -9999 -9999 -9999 75.11180 69.26900 62.73030 66.09440 61.93460 61.63120 59.26070 61.58630 60.97640 59.46410 56.60930 52.51790 52.21170 50.79890 50.50170 47.91390 47.42490 46.63430 46.31760 46.55420 48.85390 52.59150 58.22620 67.82060 72.37740 85.66660 95.76660 97.83050 98.89890 92.83530 84.52890 86.58500 83.96910 86.05660 89.16300 97.21370 101.96900 111.18900 119.65000 120.17600 117.46300 143.01700 119.92800 144.67000 144.09300 140.63100 121.64900 124.48400 122.22700 129.50800 129.47400 127.57300 135.52299 129.78600 127.45900 128.42599 133.95900 102.42400 111.43900 99.90950 93.46200
-9999 -9999 -9999 -9999 -9999 -9999 -9999 -9999 -9999 61.56880 62.02280 66.36840 68.35270 69.50220 68.20780 62.99750 61.99020 60.89870 55.94190 56.17600 54.82320 51.48370 50.87750 51.74520 50.82790 48.72970 48.30260 49.78620 51.01210 54.61210 53.37400 54.42740 60.20970 72.46010 83.10630 85.05440 99.99690 96.04810 90.95190 78.86000 80.14860 72.41020 75.50190 71.73130 87.31640 82.48450 97.01750 104.95800 117.34900 120.51800 120.76600 118.28200 144.33200 125.28300 142.15800 118.30500 121.75400 124.63000 124.77300 129.07001 124.21200 125.44600 128.56300 125.62800 127.80400 128.01100 126.26700 122.79900 108.71400 101.04000 96.28270
-9999 -9999 -9999 -9999 -9999 -9999 -9999 -9999 -9999 -9999 54.74020 55.69410 57.67160 57.58390 55.03670 55.47840 56.88700 55.81440 54.10690 53.75840 54.58860 49.02770 48.24100 -9999 -9999 -9999 -9999 -9999 -9999 54.10330 55.18320 55.45760 61.54170 73.64750 86.00950 82.00580 85.73310 85.70660 84.89850 75.88840 76.96530 72.47690 71.05810 73.70420 71.95680 78.50920 83.84420 100.25300 110.99800 116.79500 115.13400 134.67999 142.92999 142.54201 128.01700 114.90000 119.03800 121.42200 120.96800 120.80600 123.17600 127.17700 132.84500 132.91000 129.63300 124.50400 122.12500 114.81600 100.38500 98.17150 93.04060
-9999 -9999 -9999 -9999 -9999 -9999 -9999 -9999 -9999 -9999 -9999 -9999 50.92420 54.07670 55.50680 42.52990 45.40910 44.49700 44.50780 -9999 -9999 -9999 -9999 -9999 -9999 -9999 -9999 -9999 -9999 -9999 -9999 -9999 -9999 71.58250 80.66280 81.68890 84.75670 74.14700 79.33420 74.79760 72.46840 73.91530 73.26120 73.70040 76.85310 69.94080 77.94980 92.47080 100.24800 109.83600 112.75000 119.01000 120.54900 117.17400 122.45100 112.86900 113.41200 113.51700 119.69800 111.33800 113.96100 122.64500 116.18500 128.78500 125.75600 119.39500 115.93600 106.19400 100.21100 101.06000 97.70360
-9999 -9999 -9999 -9999 -9999 -9999 -9999 -9999 -9999 -9999 -9999 -9999 -9999 -9999 -9999 -9999 -9999 -9999 -9999 -9999 -9999 -9999 -9999 -9999 -9999 -9999 -9999 -9999 -9999 -9999 -9999 -9999 -9999 -9999 80.88980 83.51720 77.64630 74.72680 77.11590 71.68780 69.39250 74.20300 64.49030 72.54010 70.17980 71.23500 88.29780 87.21110 97.80390 107.52500 109.45600 115.32900 121.90300 118.60500 120.74200 112.98000 113.03100 113.99500 117.02700 122.01800 121.73300 120.74700 124.08000 126.14400 123.40700 125.54800 112.38600 104.97700 99.49460 98.91560 97.45110
