data/hydroclimate-scenarios/BCSD_hadcm_A1B/monthly_summaries/isr_monthly_avg_jun.2070-2099.asc
ncols	311
nrows	91
xllcenter	102.75
yllcenter	31.75
cellsize	0.5
NODATA_value	-9999
[rows 31 to 61 of 91, columns 0 to 69 of 311]
-9999 -9999 -9999 -9999 -9999 -9999 -9999 -9999 -9999 -9999 -9999 301.52200 301.60199 301.47000 301.44601 300.47601 302.59500 301.58401 302.28500 305.17300 303.21201 305.32999 302.52802 295.66000 294.62000 294.64801 293.64200 295.19400 293.38599 295.01599 294.42801 296.16901 295.29099 293.34900 294.84698 288.54199 287.33499 290.45801 292.00000 294.82101 294.19901 294.58801 295.18799 291.07700 290.49200 290.82401 290.81100 288.96701 287.52200 289.76901 290.25601 287.45300 287.56299 288.31900 289.47101 291.48901 292.41599 294.39200 295.10999 295.23700 295.66400 298.67099 298.39499 297.83899 297.04599 295.35901 299.90100 297.44000 309.43600 316.67700
-9999 -9999 -9999 -9999 -9999 -9999 -9999 -9999 -9999 -9999 -9999 304.17200 304.62799 302.56699 303.22800 302.17099 304.44199 302.36099 303.61301 303.95401 304.01901 301.32599 296.35400 293.47699 291.42801 289.11899 289.67599 293.18201 291.81201 292.05499 293.14200 294.89600 293.48099 293.69699 295.41299 288.28900 286.39600 286.54401 287.43701 290.73099 290.99100 290.21600 290.22601 285.69299 286.68301 287.82901 288.23300 292.39499 293.05099 292.20700 291.17401 290.58899 290.72000 292.12399 290.75000 291.94101 292.45401 292.88501 292.70901 294.33499 295.40302 298.11301 298.01901 295.77399 294.21701 293.20001 296.50400 297.57300 305.77100 311.05301
-9999 -9999 -9999 -9999 -9999 -9999 -9999 -9999 -9999 -9999 -9999 305.92001 307.47101 304.56799 305.76901 302.36600 302.83899 301.56699 301.26999 300.36099 300.25900 299.50101 296.03699 293.56900 294.96600 294.97501 294.91901 297.26300 292.58200 291.36401 293.03201 296.29901 294.94901 293.89001 294.10599 287.95200 286.96301 287.54401 288.75800 295.48901 292.37500 295.32599 292.38501 287.73199 290.55600 292.10400 294.15500 296.12799 296.26401 295.63501 294.91400 291.36200 291.81699 290.53400 289.33401 291.22501 292.53799 294.20599 294.67899 295.42401 296.14301 300.24600 297.00601 295.38901 295.74399 297.76300 298.87799 297.99100 303.10101 306.95901
-9999 -9999 -9999 -9999 -9999 -9999 -9999 -9999 -9999 -9999 -9999 -9999 304.08600 302.93701 303.28000 301.55701 301.70599 298.48401 297.00201 295.87100 296.87000 292.05701 295.29300 298.11801 298.15601 307.71100 303.62701 304.36801 294.69699 292.48599 291.18799 288.16901 287.85999 288.29999 288.32300 289.59399 290.90900 287.61301 288.24899 292.58600 292.20001 291.54001 292.18399 288.67801 289.69299 290.63300 289.48401 288.21201 288.50101 288.91199 287.42200 287.60999 287.95801 291.78400 293.06699 294.97000 294.48999 294.77899 296.31201 293.26901 292.22198 295.28400 297.68600 299.56799 298.47900 299.89099 298.65100 302.09299 317.03000 314.65201
-9999 -9999 -9999 -9999 -9999 -9999 -9999 -9999 -9999 -9999 -9999 -9999 303.47000 301.98999 303.08200 299.95999 298.49600 294.86600 295.53000 296.76401 296.87500 304.62701 307.85901 310.09100 315.18301 308.18701 303.64600 307.57700 299.19000 299.59100 298.06601 295.04800 289.16800 288.10501 288.49500 289.66400 291.13901 287.17999 286.63699 290.35001 291.49799 293.61801 292.23599 289.54300 287.89600 286.11499 285.20099 287.21600 287.36200 290.52499 291.59100 288.34698 288.12201 292.29001 290.78299 292.67499 292.42999 293.53299 293.45001 291.74500 293.23401 302.93600 303.47800 306.73401 302.92200 297.12399 301.58899 301.72000 307.89700 304.90601
-9999 -9999 -9999 -9999 -9999 -9999 -9999 -9999 -9999 -9999 -9999 -9999 302.85999 299.14200 298.39600 297.00699 297.15601 294.95099 297.51801 301.47800 305.06799 306.23901 307.35999 308.60999 305.58200 308.92599 303.00400 294.87000 296.33401 293.53400 290.20901 287.82101 288.60400 289.51700 285.73599 285.35901 285.35999 283.65201 282.43701 284.45499 290.85699 294.87000 289.20901 287.21500 285.85999 287.88599 289.39600 292.08200 289.94601 284.46899 284.97800 285.14401 284.49701 286.28101 284.82300 287.78900 287.81400 290.55301 292.17599 292.41501 293.92499 299.79001 297.86099 299.47198 302.15601 301.42700 302.00601 297.93399 307.11499 305.48001
-9999 -9999 -9999 304.13599 304.92099 305.85599 305.02399 303.60599 303.93701 -9999 301.64200 302.18399 299.89999 298.05899 297.14401 296.92801 296.87601 294.58899 300.05399 305.12201 304.86801 300.73901 302.06299 301.02899 301.49600 300.97101 296.20599 302.12100 299.62399 307.83499 296.47601 290.13000 293.78201 300.42899 292.61899 290.97699 291.50601 290.06400 287.47601 287.77399 287.90799 291.54501 287.78000 287.44901 290.64700 298.06299 306.16299 294.61600 293.88101 291.27899 293.00500 294.45700 295.93799 305.09201 300.50601 311.63300 314.94800 298.95999 306.23700 297.46500 294.13300 298.90500 298.41901 305.17499 302.40399 301.08499 305.08801 303.83301 302.25000 305.59299
-9999 -9999 -9999 305.60800 305.70001 306.16000 307.82999 303.55701 302.73300 302.99399 299.96701 299.71799 300.99899 299.39700 302.41800 304.08200 306.70901 303.16501 303.98099 306.67200 305.02899 307.31100 301.75699 292.77499 296.57700 296.97299 299.66800 299.07599 302.38599 312.23901 301.37799 299.81000 299.00800 303.33401 299.81400 298.49500 299.98300 303.98999 293.57199 299.22101 298.34601 292.44199 287.48599 292.45200 298.38699 308.95599 308.47299 293.73901 299.14301 300.43100 302.46399 300.82501 306.46701 308.35501 297.84000 305.62000 300.95901 303.43399 311.70999 308.02399 303.65601 307.32599 308.66699 304.61801 305.59201 296.78900 299.12799 293.57599 297.20401 300.92300
-9999 -9999 -9999 302.48999 304.27600 306.53400 308.12299 303.02802 300.97699 300.29700 300.49100 300.40900 303.57800 308.34299 316.44601 309.07300 313.09500 308.81799 303.92700 305.66599 307.81400 309.77802 306.40799 301.78900 307.61899 301.89700 301.58499 300.28601 299.61801 315.93701 324.41800 315.46600 304.27399 302.90201 306.63400 306.22501 301.48999 299.45700 297.04001 299.67200 300.28699 296.35001 292.07501 289.06400 287.99600 296.92599 298.97900 298.21799 299.68799 305.74301 311.81500 297.57401 299.73199 302.08099 298.24100 302.16599 300.03000 300.88101 308.43600 310.23901 302.76801 304.97601 302.55801 306.90900 302.28699 302.86301 303.29999 306.19199 318.87399 317.75400
-9999 -9999 -9999 301.88699 301.35999 304.74600 304.06100 305.54099 305.72800 306.17401 302.90201 300.14200 310.79800 313.34299 317.63800 314.68799 318.64899 316.72900 313.28601 312.18900 319.80899 324.74100 331.65399 318.40100 312.92599 305.93301 302.20700 302.51599 313.50000 327.94501 318.75800 301.64899 310.47198 319.86801 319.14801 309.77899 299.27701 292.05099 295.68701 296.02899 297.49200 305.66000 310.78500 299.63400 285.52301 296.86600 303.94000 296.41199 307.78799 300.63800 307.31799 298.52301 299.16101 307.23499 301.59698 303.43799 302.34201 304.16901 308.10901 310.88300 321.01300 308.26001 305.98599 304.98801 306.59299 306.70200 311.47101 312.02701 325.73499 329.27600
-9999 -9999 -9999 302.21100 303.02701 306.40900 305.82101 306.65100 308.25299 306.95901 302.60199 305.17801 314.65201 320.91199 328.70001 323.89301 327.76999 318.11200 306.90302 305.89999 313.73901 320.76801 325.82199 307.04401 303.77100 300.05600 297.10101 297.41901 304.42899 318.59299 319.92599 315.79599 317.38699 313.16501 310.32800 308.76901 306.29999 297.69299 294.43500 295.52802 299.16501 304.82800 307.26901 305.04700 294.25900 295.47299 297.00601 296.82401 298.19000 298.85699 300.42001 290.93799 295.97601 310.59799 297.36600 310.21500 300.98099 298.84399 304.07300 320.03400 318.07401 314.30099 311.78601 323.01199 324.35999 315.22800 319.95901 325.97601 331.20401 316.92401
-9999 -9999 -9999 -9999 305.27399 309.31699 307.24799 311.35800 312.16199 307.56799 302.81500 307.76999 328.52499 313.95001 -9999 -9999 -9999 -9999 -9999 327.14499 328.29999 319.88901 324.01501 331.26501 322.92700 312.76801 303.17099 305.27899 308.76801 307.28400 309.47900 314.02399 315.48700 310.28400 305.09201 297.55899 298.93900 294.67300 294.51099 298.66699 296.44501 297.01001 298.74399 304.26501 300.62701 296.28799 297.11700 304.00800 299.39499 294.48499 298.60699 301.73801 298.44601 312.23401 315.72101 316.69699 318.55301 321.47101 320.36200 316.75000 323.14899 326.16400 326.34601 324.57501 323.54199 328.40701 325.30801 315.09799 309.08701 -9999
-9999 -9999 302.29999 303.95200 306.29501 307.99799 308.88000 313.57401 309.45901 307.57101 303.74600 309.22299 327.02301 -9999 -9999 -9999 -9999 -9999 340.46100 327.71799 326.23599 314.02100 313.54599 319.16299 317.50800 313.42999 304.98901 303.38599 303.36700 303.81400 304.51700 308.24701 307.46399 307.08301 305.06100 296.43399 297.82901 296.57999 295.99500 299.48999 299.53400 297.98199 298.97198 298.06900 294.68500 292.67001 293.48199 292.19800 287.69699 284.69199 286.76801 288.87601 291.65500 293.44800 300.66101 293.40100 299.98001 313.75299 316.76599 305.81299 308.96399 309.63101 310.96799 315.95599 312.06699 313.66400 310.23401 -9999 -9999 -9999
-9999 -9999 300.53699 304.07300 304.41000 304.81900 304.79700 309.88400 307.98499 308.91199 310.50800 311.53699 311.05899 -9999 -9999 -9999 -9999 314.49701 335.70300 322.46301 322.44501 317.92801 316.58099 313.66101 309.88000 305.58801 306.12201 308.99301 307.33499 305.75299 307.51099 311.11600 307.91699 304.20099 305.06601 299.37399 298.50601 299.58801 302.43201 307.97601 305.48199 305.22101 304.43399 300.55899 300.31299 296.78101 292.29700 291.63300 283.39899 284.78299 282.71799 284.48401 284.41501 288.40100 289.34299 282.99301 287.58200 297.55200 303.99799 298.99399 297.23801 305.50400 299.57101 290.42401 286.08701 -9999 -9999 -9999 -9999 -9999
-9999 -9999 298.86700 303.63000 304.29901 304.92801 304.57901 306.64700 306.99701 310.26901 314.26401 314.34900 301.54599 -9999 -9999 -9999 -9999 328.53799 325.91199 322.18900 321.22000 314.83099 311.85699 309.04099 308.83401 306.82401 309.43201 308.34698 308.50400 306.95901 309.53000 309.45999 309.18201 308.64099 305.98401 302.31601 302.78500 304.23099 306.26199 304.90399 304.01300 300.53601 299.13101 301.11899 297.65500 300.04599 298.35300 294.06201 289.60699 287.35101 281.60501 285.07599 284.14301 288.48199 289.50800 281.60800 282.28201 286.17499 285.78201 288.29001 280.85501 280.75201 280.19901 287.55301 299.29800 309.37000 294.87900 308.07800 301.70801 -9999
-9999 -9999 -9999 301.22601 304.22198 305.44000 304.28799 302.40201 303.68799 309.56799 306.31500 301.21899 -9999 -9999 -9999 -9999 324.82300 325.67899 316.38300 320.90601 319.70801 315.69800 315.37601 310.91299 311.49100 311.82001 310.99701 309.60599 308.38101 313.58099 313.28601 307.11401 304.35001 303.61200 302.27600 303.80499 301.94901 300.63800 299.57101 298.70499 298.55499 296.07599 296.94199 298.14301 293.61401 291.29800 287.83701 285.64801 285.32599 284.81100 287.89899 287.77600 284.35800 287.01901 290.84900 289.91501 289.87701 295.34000 294.23001 283.16000 282.03299 285.38800 297.27100 322.28500 338.23300 309.95999 295.09698 301.43399 294.44000 291.69299
-9999 -9999 -9999 -9999 300.48401 302.98599 302.90500 303.28601 305.30701 302.65900 299.44800 -9999 -9999 -9999 -9999 320.24701 324.82901 313.86099 311.91901 317.74399 316.79800 315.66400 315.84601 313.29901 313.22299 311.18399 309.53101 307.68301 308.33701 309.64200 310.05899 302.53000 302.15799 301.18399 302.31299 304.22699 302.62299 301.04199 300.99100 300.32700 299.94501 298.23300 296.68399 296.03500 292.84900 290.28799 287.91299 286.24200 283.76700 282.60400 282.89700 282.10699 283.97800 283.56000 283.32401 281.32401 281.08600 289.57199 291.11401 283.50500 290.36801 300.75800 305.02701 303.35501 315.60101 308.67999 293.09601 291.39999 298.88400 297.85501
-9999 -9999 -9999 -9999 -9999 -9999 299.44000 299.92499 296.61499 298.67999 300.89200 -9999 -9999 -9999 -9999 -9999 313.93301 312.53000 311.79999 315.31100 316.49500 314.38599 317.73401 315.54999 314.32700 309.31900 307.71701 306.48901 305.33499 304.98499 305.58899 301.40900 299.71399 296.72101 295.60400 298.14700 299.50101 301.38400 299.20999 299.12500 298.52301 300.10400 297.56699 294.69101 292.06799 290.28900 286.68701 285.10800 284.08701 282.31299 280.39801 283.97198 283.01901 280.48300 281.17999 279.74600 281.26999 283.76099 285.98901 286.27399 293.68201 301.87701 306.88800 316.90399 327.67401 313.02701 293.28699 287.51999 290.77802 298.90500
-9999 -9999 -9999 -9999 -9999 -9999 -9999 -9999 -9999 -9999 -9999 -9999 -9999 -9999 -9999 -9999 -9999 -9999 -9999 315.34299 315.61899 315.01099 315.86801 312.30701 311.77701 309.10599 308.17700 302.87601 302.31299 302.90799 303.86200 299.71799 302.12701 296.09799 296.35300 300.25101 298.95099 301.20401 301.24301 302.12601 303.21100 301.72699 297.85599 296.10800 292.54599 291.75900 286.53201 284.16501 282.58099 281.94299 280.62500 282.03000 281.62900 276.81000 278.29099 278.53101 279.74701 280.02899 285.41400 286.39301 298.53799 298.02100 304.07199 318.22000 323.24701 297.23599 285.98499 285.56100 287.27701 301.45700
-9999 -9999 -9999 -9999 -9999 -9999 -9999 -9999 -9999 -9999 -9999 -9999 -9999 -9999 -9999 -9999 -9999 -9999 313.96399 314.59601 313.32300 311.35400 311.36499 312.34601 310.81201 307.72601 306.39499 306.48401 307.31201 305.25800 305.74500 308.78400 310.10300 305.76801 305.24600 280.37900 280.93399 271.02499 273.69199 278.56400 278.99200 282.06400 280.20001 299.66400 296.07001 295.34601 289.23001 283.39200 279.13199 280.35699 278.66599 280.36700 279.02399 280.80301 282.84698 275.39301 276.88599 283.78201 289.38400 290.15701 290.22101 291.95700 298.75900 301.09900 308.75900 296.44901 289.08600 285.97299 286.14200 287.40100
-9999 -9999 -9999 -9999 -9999 -9999 -9999 -9999 -9999 -9999 -9999 -9999 -9999 -9999 -9999 -9999 -9999 312.15701 312.70599 310.53799 311.37900 311.17700 310.82101 310.58600 308.81500 306.13901 305.29999 306.79501 310.97299 307.52499 307.11801 308.34698 309.13000 302.77499 302.66800 281.63800 284.09000 274.29300 274.20700 278.81699 278.14301 281.38101 279.72800 297.91901 294.79001 293.04001 289.14999 285.50400 278.63000 278.34399 275.18100 276.38501 278.37900 280.67999 280.49100 275.35999 278.17899 283.41400 287.02701 287.93100 281.12900 288.30099 308.19101 308.41901 290.17700 289.95001 289.48700 284.70401 283.54999 284.20801
-9999 -9999 -9999 -9999 -9999 -9999 -9999 -9999 -9999 -9999 -9999 -9999 -9999 -9999 -9999 -9999 -9999 310.62000 310.82599 314.47800 314.12399 312.29300 309.61499 306.25000 301.44699 304.70300 304.92700 303.45999 305.09299 306.55399 306.33099 309.00500 308.70200 299.41299 302.53601 285.34201 288.48300 272.94699 275.67801 276.37500 274.01801 279.91901 277.42700 295.40601 291.80899 289.64301 286.55801 287.83701 283.47800 274.54300 271.89200 277.05899 278.88800 276.90302 276.93301 276.91000 284.31400 283.42999 281.62701 282.98700 284.94601 288.94901 290.57599 293.32401 306.16101 296.90900 284.12399 291.19800 282.01901 279.93100
-9999 -9999 -9999 -9999 -9999 -9999 -9999 -9999 -9999 -9999 -9999 -9999 -9999 -9999 -9999 -9999 315.05099 315.02499 316.05301 315.88400 311.34500 307.65201 307.60001 303.86200 300.25000 303.03299 302.44601 300.21899 302.17499 303.94299 303.97000 306.35901 305.51401 296.39301 298.01700 282.10001 285.71701 272.80301 275.39899 273.14200 270.85599 278.43301 275.76001 292.14899 288.59100 287.52802 285.52701 288.82501 285.16599 274.77499 272.04501 277.30301 278.75900 276.62701 276.20001 274.65201 276.56100 278.04501 278.66400 284.43701 283.63199 283.45401 288.73300 302.59399 291.85800 287.83701 283.39001 282.51901 274.95200 275.36099
-9999 -9999 -9999 -9999 -9999 -9999 -9999 -9999 -9999 -9999 -9999 -9999 -9999 311.34100 315.25400 312.45599 313.42200 317.77802 313.28601 309.98300 306.02701 307.95401 303.65701 301.44699 300.46799 300.39600 300.00900 304.22699 304.71701 306.28500 306.74399 304.68301 305.11600 298.17999 299.51199 298.48599 300.84799 301.38000 304.34698 302.81500 300.07700 296.49799 292.74701 288.87900 285.27100 286.60001 286.22501 287.18799 286.39499 284.16101 281.69601 278.29001 276.14301 272.40900 270.22699 275.14700 276.26401 277.18900 278.73300 281.01700 282.46100 279.37799 280.47800 264.50299 259.83301 250.68500 248.49500 250.33099 249.96400 255.04601
-9999 -9999 -9999 -9999 -9999 -9999 -9999 -9999 -9999 -9999 -9999 -9999 309.92401 313.67099 316.02499 312.17001 310.99399 312.03500 311.00900 305.83099 306.46600 304.32199 302.12299 300.64899 300.12701 299.58701 299.31201 302.42401 303.67001 303.34698 303.82800 303.57199 304.39899 297.48901 296.63699 295.96701 298.14999 299.11301 301.15399 297.62299 296.47198 293.91699 291.04700 287.25101 282.85199 283.58200 282.93100 284.76901 286.95999 288.17401 284.44199 279.91599 277.79501 273.40399 269.45599 271.50500 273.04001 279.20801 282.52301 283.14401 282.05099 274.14700 273.62201 258.43799 254.46700 245.51100 246.14799 246.44800 247.32001 256.56601
-9999 -9999 -9999 -9999 -9999 -9999 -9999 -9999 -9999 -9999 -9999 316.75201 316.37701 316.44400 312.75000 308.25101 308.25699 306.88101 307.08600 306.14801 304.01501 301.17300 299.30301 300.25601 300.29599 302.15701 302.71201 304.51700 301.68500 303.03400 304.45700 304.52802 304.75299 303.64301 302.35199 303.12299 306.26999 307.46600 305.92700 301.09201 297.76700 297.14999 292.29001 290.17801 286.66199 283.67700 283.92999 283.14999 283.93600 283.88199 283.04999 286.87201 283.07001 279.19800 276.96100 273.98999 271.86700 278.33301 275.09698 270.92599 271.09601 264.97699 263.25201 252.57100 251.18900 240.31300 240.54300 242.76300 248.53799 257.00201
-9999 -9999 -9999 -9999 -9999 -9999 -9999 -9999 -9999 -9999 319.03799 316.80801 314.02600 314.45801 310.94101 306.88501 307.29300 306.89999 306.72699 304.66101 303.33401 299.22000 297.81799 300.34900 299.29199 301.02200 301.88400 303.22198 303.06900 303.97501 305.64200 304.53400 306.45499 304.31201 305.11099 304.45999 307.14801 306.63101 302.67099 295.96100 291.82101 289.55301 285.22000 284.89301 282.93500 280.59500 280.07700 278.95901 279.20901 279.66699 280.64600 286.48099 283.60999 281.42899 278.94400 276.21799 275.59500 278.37299 272.45901 268.77701 268.61899 262.81900 262.48599 250.58501 250.01100 238.81000 239.59801 242.10800 248.67400 258.93301
-9999 -9999 -9999 -9999 -9999 -9999 -9999 -9999 -9999 313.50101 314.74799 311.19299 312.68100 312.71100 311.28299 309.50601 309.73099 308.18399 307.40399 304.49799 302.71600 303.67099 303.60800 302.99399 302.38501 301.92599 300.17401 301.60199 301.07599 300.07599 300.97601 302.63000 304.11899 303.60901 306.30600 310.74100 311.18399 301.49600 297.46799 293.26099 287.35699 285.13599 280.52301 280.68500 280.24701 279.67499 277.78699 277.76001 278.90302 278.09601 282.45401 281.33200 283.55801 287.24200 287.50201 274.50699 271.29599 267.93301 266.35001 268.79099 268.99600 263.97198 263.06900 259.09799 258.06699 259.10199 259.77399 244.62700 249.40199 252.42799
-9999 -9999 -9999 -9999 -9999 -9999 -9999 -9999 -9999 -9999 314.87000 311.22299 310.32401 310.53299 309.30399 308.19400 309.36301 308.45001 308.44800 306.86899 306.03000 305.10199 303.96100 -9999 -9999 -9999 -9999 -9999 -9999 301.94101 302.58401 302.74500 304.72699 305.35199 307.65500 310.87399 308.54800 298.16800 293.94199 287.81699 282.71899 280.35901 276.17599 277.14499 277.62201 276.94400 277.13501 276.17001 276.42700 275.14301 278.91599 278.44199 283.75900 286.42899 285.69000 271.79401 267.96899 267.39200 265.63800 267.66000 267.67599 264.43399 263.91501 260.64099 266.60300 260.79199 264.67499 246.60100 261.79700 259.14001
-9999 -9999 -9999 -9999 -9999 -9999 -9999 -9999 -9999 -9999 -9999 -9999 315.34698 312.87500 312.50601 313.43799 313.30301 314.06500 313.84299 -9999 -9999 -9999 -9999 -9999 -9999 -9999 -9999 -9999 -9999 -9999 -9999 -9999 -9999 305.19101 308.54599 305.11401 301.74301 298.06601 292.70499 286.25601 280.51700 277.31201 273.70001 278.26300 277.75201 277.15799 275.87100 272.84201 273.60999 270.09201 272.65900 276.95401 279.35101 277.93900 275.34399 268.10999 267.97299 267.35599 264.43399 265.41501 266.23700 265.36899 267.14200 262.77600 262.82300 262.94501 266.20999 249.01601 251.69901 248.13300
-9999 -9999 -9999 -9999 -9999 -9999 -9999 -9999 -9999 -9999 -9999 -9999 -9999 -9999 -9999 -9999 -9999 -9999 -9999 -9999 -9999 -9999 -9999 -9999 -9999 -9999 -9999 -9999 -9999 -9999 -9999 -9999 -9999 -9999 304.66800 302.21600 296.38501 295.47000 288.79800 283.33801 278.05200 276.49600 274.65799 277.06000 277.18701 276.18301 275.39499 272.16400 273.82599 269.53699 272.20901 273.66000 275.76501 274.89401 273.41199 266.47000 267.81900 272.16599 269.17401 268.93100 267.21600 265.53299 264.02600 261.06299 260.45700 263.92999 269.88800 251.99800 257.69000 249.53500
