data/hydroclimate-scenarios/BCSD_hadcm_A1B/monthly_summaries/isr_monthly_avg_nov.2070-2099.asc
ncols	311
nrows	91
xllcenter	102.75
yllcenter	31.75
cellsize	0.5
NODATA_value	-9999
[rows 32 to 63 of 91, columns 0 to 70 of 311]
-9999 -9999 -9999 -9999 -9999 -9999 -9999 -9999 -9999 -9999 -9999 32.93030 32.99070 32.58290 32.67550 33.13300 33.53750 33.30320 33.51620 33.34170 33.29570 32.53550 32.13080 31.51720 31.19370 31.36820 31.52940 31.38980 31.13250 31.24560 31.19380 30.95900 30.63250 30.46150 30.50440 29.56770 29.50680 29.72640 30.03290 30.27560 30.32430 30.14920 30.15960 30.24260 30.32240 30.68240 30.81010 31.58330 31.71450 31.91400 31.82100 32.02780 31.98050 32.49850 32.36340 32.70180 32.74120 32.81620 32.85260 33.24830 33.38810 33.43110 33.62580 33.86740 33.67500 33.34630 33.62970 33.25650 33.95660 34.54690 34.11140
-9999 -9999 -9999 -9999 -9999 -9999 -9999 -9999 -9999 -9999 -9999 34.67660 34.84140 34.00100 34.07820 34.55600 34.40400 34.49410 34.39250 34.02210 33.99290 33.70620 33.25040 32.61800 32.92000 33.32660 33.44050 32.99900 32.34540 32.16500 32.38230 32.18720 32.00100 31.53640 31.35040 30.38160 30.69310 31.06430 31.44980 32.38300 31.92440 32.39810 32.01150 31.88650 32.34730 32.87890 33.12800 33.59020 33.69600 33.76250 33.72930 33.57980 33.49080 33.53660 33.50590 33.98550 34.18070 34.35010 34.60920 34.78920 34.99130 35.09580 34.82980 35.29270 35.41910 35.42050 35.05390 34.51220 34.89430 35.20880 34.74420
-9999 -9999 -9999 -9999 -9999 -9999 -9999 -9999 -9999 -9999 -9999 -9999 35.61530 35.28070 35.26550 35.37010 35.45920 35.28700 35.08110 34.94650 34.91660 33.95840 34.08450 34.25470 34.36130 36.40280 36.07470 36.19000 34.80130 34.78330 34.28800 33.36220 33.27020 33.49420 33.20870 33.05860 33.33130 33.56240 33.79050 34.13210 34.30570 34.39370 34.36570 33.28660 33.46020 33.72960 33.89150 33.67840 33.69570 34.53560 34.51010 34.60480 34.73000 35.31000 35.46830 35.02980 34.99960 35.47440 35.81070 36.01380 36.10370 37.00320 37.33560 36.56310 36.34200 36.13420 35.76840 36.73910 37.95180 37.41110 35.56530
-9999 -9999 -9999 -9999 -9999 -9999 -9999 -9999 -9999 -9999 -9999 -9999 36.57420 36.25470 36.45260 36.59530 36.38960 36.06810 36.14510 36.03100 36.07130 36.88490 37.06770 37.18750 37.91900 37.76270 37.18270 38.02320 36.84570 37.25630 37.08490 36.21470 35.01490 34.84160 34.80780 34.88380 35.02170 34.99970 35.12180 35.26470 35.66730 36.11360 35.74280 34.71050 34.56370 34.63600 34.47090 34.92860 35.02820 36.39620 36.66330 36.14080 36.17170 36.85230 36.68380 36.46240 36.27130 36.82890 36.90700 37.38600 37.78780 39.46980 39.69280 38.97910 38.35650 37.31830 37.46440 38.02570 38.32110 37.40570 37.82300
-9999 -9999 -9999 -9999 -9999 -9999 -9999 -9999 -9999 -9999 -9999 -9999 38.24590 38.10570 37.89310 37.72680 37.75610 37.58980 37.93710 38.20920 38.51040 39.04890 38.97110 39.13810 38.79690 40.44910 39.57250 38.38180 38.72250 38.65650 38.20770 37.51090 37.66210 37.79160 36.85570 36.70190 36.72280 36.73930 36.69060 37.34070 38.48050 38.48690 37.76660 36.65280 36.48670 36.46150 36.85940 37.69800 37.34990 36.99940 37.11980 36.90580 36.67540 37.58120 37.25390 37.97360 38.02900 38.46270 38.68440 39.70580 39.91410 40.30580 40.13060 39.61010 39.63530 38.88520 38.62870 38.82600 39.53230 39.38660 38.86730
-9999 -9999 -9999 40.30360 40.22050 40.53260 40.21320 40.24690 40.30600 -9999 39.53170 39.75860 39.19570 39.01030 38.76040 38.90590 39.01250 38.90450 39.51380 39.86370 39.74720 39.45630 39.21770 39.01620 39.14130 40.64300 40.00490 41.09200 40.98710 42.93880 41.15380 39.86690 40.79820 41.64460 40.32030 39.59960 39.76100 39.66790 39.48110 39.73580 39.75870 39.64620 38.95800 37.97780 38.81180 39.55640 40.76080 39.78890 39.50620 39.73700 40.06330 39.60120 40.03590 41.60030 41.10710 43.38170 43.65490 41.66980 42.57230 42.24960 41.83040 41.84100 41.69510 41.98290 41.25330 40.19120 40.43170 40.77220 40.04790 40.52490 40.64170
-9999 -9999 -9999 41.09590 41.10770 41.02950 41.46780 40.83460 40.70250 40.97240 40.28480 40.22360 40.66960 40.10890 40.45100 40.92380 41.30400 40.96470 41.00290 41.07860 40.59410 42.04240 40.74210 38.36340 39.51070 40.67460 41.36980 42.89720 43.75820 45.75020 44.08890 44.58960 44.41130 45.35710 45.00800 43.88320 44.32600 44.12740 42.88140 43.02170 42.81640 41.13600 40.14470 40.68050 41.67610 42.26490 42.42740 41.16210 42.04610 42.59980 42.78830 42.19280 42.95840 43.90320 42.52520 44.95340 44.52110 44.98750 46.41720 45.92350 45.03200 44.06390 44.26400 44.39750 44.03480 42.65590 42.35990 40.10310 40.14600 42.49060 42.82260
-9999 -9999 -9999 41.91280 41.92440 42.65180 43.05220 42.20900 41.61520 41.67750 41.62510 42.02690 42.50220 43.21260 44.88430 43.42960 44.02640 43.53400 42.56680 42.46140 42.77070 44.29100 43.29810 41.88220 43.02280 43.30000 43.57210 45.01160 45.21950 48.10790 49.25200 49.48450 47.50540 47.61820 48.16890 47.13220 46.38190 45.56450 45.28270 44.90670 45.04010 43.56550 42.80280 41.94420 41.69220 42.30070 42.58620 43.40820 43.74110 44.87230 45.88510 43.57050 43.80920 44.74110 44.12190 46.54930 46.32470 46.54270 47.55670 47.96780 46.46900 45.85920 45.06900 46.47490 44.81110 45.06200 44.57820 43.43140 45.16980 46.62440 46.83900
-9999 -9999 -9999 43.68670 43.36360 43.94820 43.77610 44.09890 44.01830 44.29630 43.48290 43.08510 45.96580 46.60140 47.64270 46.95840 47.65910 48.32730 47.78130 47.06090 48.32870 49.38180 50.46870 48.58970 47.83190 47.60400 47.51070 48.26850 50.29490 52.60570 51.09720 48.48330 50.23200 51.23130 51.10950 50.77360 48.85090 46.77510 47.56330 47.19640 47.67900 48.32010 48.60720 47.50500 45.46410 45.21860 46.12200 46.13610 47.73980 47.57370 48.36510 46.36980 46.51970 48.75250 47.84270 48.72520 48.78080 49.50970 49.97070 50.27280 51.51250 48.41670 47.79170 48.18170 48.12640 48.36960 48.31720 48.17460 49.58710 49.95480 45.15860
-9999 -9999 -9999 44.86260 45.03280 45.65810 45.39940 45.58660 46.01700 45.68330 44.33080 46.07600 48.25580 49.71090 50.84040 50.29650 50.93820 50.62290 48.40730 47.55920 49.31780 51.01830 52.00570 48.67820 47.97280 48.39550 47.65490 48.46500 50.47510 53.12810 53.62490 53.23990 53.21900 52.24600 51.98500 52.81660 52.07930 49.96870 49.30460 49.16580 49.89270 49.95850 50.14600 50.22070 48.71180 46.85980 46.98190 47.73870 48.22630 48.94990 49.19850 47.05930 47.75780 51.00340 49.01660 51.63930 50.21410 50.30340 51.22680 53.33340 52.83580 51.19870 50.25500 53.13520 53.22420 51.19230 51.38510 51.80670 51.71660 48.53690 43.11650
-9999 -9999 -9999 -9999 47.38940 48.14240 47.58470 48.36270 48.53680 47.80100 45.84600 47.22100 51.65030 49.23880 -9999 -9999 -9999 -9999 -9999 54.39320 54.76320 54.12450 54.52370 54.80570 53.64370 52.01770 49.37230 51.27590 52.70690 53.01040 54.18130 54.72230 54.75630 54.09380 52.92980 52.39110 52.57630 51.29060 51.42070 51.32760 50.92660 50.64760 51.01590 51.67410 51.14560 50.60970 50.78560 51.59130 51.14270 50.05610 50.50880 51.33210 51.05570 53.12970 53.64190 54.28890 54.77710 54.92600 54.49460 54.81950 55.88530 56.33280 56.25430 55.80760 55.01190 55.85040 54.74800 50.37920 48.71890 -9999 -9999
-9999 -9999 48.61940 48.93200 49.30620 49.07250 49.57710 50.36320 49.45300 48.88000 47.44160 49.33870 53.29610 -9999 -9999 -9999 -9999 -9999 58.03140 56.44740 56.24050 54.67080 54.46310 55.15040 54.87390 54.23330 51.76880 52.27900 52.63510 53.37380 54.31190 55.17460 55.36740 54.94540 54.69790 53.68750 54.24270 53.41980 53.41190 53.40520 53.54430 52.87070 53.05010 52.56070 51.93580 51.69570 51.96240 51.42720 50.46330 49.83750 49.99530 51.27650 51.72090 52.13840 53.50030 53.02210 54.26790 55.55230 55.88280 55.46330 55.85460 55.79490 55.73760 55.71100 54.31450 55.17380 53.70190 -9999 -9999 -9999 -9999
-9999 -9999 51.87630 50.78270 50.29230 50.74280 50.61370 52.28700 51.52010 49.30100 50.02270 51.52170 51.50380 -9999 -9999 -9999 -9999 56.79730 60.82000 58.18930 58.51140 57.51030 56.97140 56.48830 55.33170 51.75080 51.95460 54.94450 54.55660 54.78430 55.92890 57.61900 56.32500 56.96560 57.18890 57.61680 57.26040 56.67670 57.41630 57.45140 57.22180 57.50550 57.64890 56.65010 56.59860 55.95640 55.18820 54.36060 52.96690 51.48690 51.30900 52.48080 52.52830 52.76660 53.24950 52.54650 53.47440 56.31600 57.28120 55.96090 55.53500 56.13700 54.61430 53.92730 52.74080 -9999 -9999 -9999 -9999 -9999 49.81270
-9999 -9999 52.86640 52.69110 52.28470 52.67840 52.55910 52.52660 52.75240 51.36210 52.80570 54.73880 47.81460 -9999 -9999 -9999 -9999 61.46680 61.45570 60.23890 60.12620 58.58340 56.33660 56.52070 56.70850 54.25120 55.04950 56.36550 57.03490 57.17110 58.36590 58.34890 58.92520 59.98350 59.53100 60.24160 60.26270 59.65420 60.42470 59.05460 58.77850 58.54240 58.34600 58.84820 57.79870 58.55870 58.43330 56.94130 55.85550 54.29570 53.18100 54.73240 54.80490 55.14480 55.55440 54.32120 54.61600 56.20900 55.98400 55.88010 54.19570 53.49520 53.27330 55.67220 57.32700 58.42350 54.80610 56.73440 53.84790 -9999 -9999
-9999 -9999 -9999 53.77940 54.50610 54.83250 54.01210 53.10310 54.20230 55.82160 54.51530 50.82310 -9999 -9999 -9999 -9999 61.12610 63.20180 61.07910 61.97850 61.01920 58.79010 58.72020 58.80830 58.77760 59.95170 59.75690 58.99450 58.98610 61.50640 61.54770 61.44750 60.52690 61.97660 61.72490 61.04250 60.58850 60.54880 60.38740 60.46850 60.62920 59.41080 59.93770 60.50760 59.38500 59.49630 58.78660 57.91360 57.85670 56.76130 57.88670 57.39100 56.82320 56.97520 58.33580 58.56350 58.49380 59.71990 58.99310 56.73590 56.07740 56.25400 58.02340 63.32010 65.92440 60.57340 57.18040 57.59710 55.05460 51.73790 -9999
-9999 -9999 -9999 -9999 54.95010 55.23090 55.21070 55.90170 57.26530 54.16530 52.15560 -9999 -9999 -9999 -9999 61.64740 63.09090 62.52770 61.52860 60.88890 60.49430 60.41160 60.77040 61.36900 61.46080 61.37900 61.05090 60.23520 61.09360 62.03040 62.07380 61.45030 61.21370 62.73080 63.54520 62.81250 62.70990 62.47190 62.65050 62.74250 63.21930 61.79960 61.49670 61.92180 60.94860 61.09840 60.67320 60.03640 59.31200 58.32520 57.95800 58.45670 59.07580 58.92970 58.80590 58.70860 58.66010 60.86610 60.87310 58.96370 60.21470 61.44740 61.85970 63.17290 65.16620 62.84750 59.21410 57.78440 59.25650 56.68490 55.82480
-9999 -9999 -9999 -9999 -9999 -9999 57.67470 56.83560 55.24660 54.76780 55.85840 -9999 -9999 -9999 -9999 -9999 63.56030 63.31700 62.75150 62.61410 62.70910 60.83120 63.55860 63.39790 63.21390 62.22830 61.96130 62.19250 62.17340 63.53370 63.92570 62.38840 62.24570 65.52880 65.10080 63.54950 64.61870 65.75580 65.26690 64.62170 64.61190 65.63060 65.29490 64.08830 63.51650 62.60120 61.65570 61.62960 61.08890 59.81450 59.78660 60.41380 60.74860 60.99190 61.47480 61.66750 61.71810 61.05450 61.02720 62.24340 63.35100 64.61010 65.42440 65.91890 67.12210 66.17730 61.63660 58.42630 58.60610 58.80340 58.45600
-9999 -9999 -9999 -9999 -9999 -9999 -9999 -9999 -9999 -9999 -9999 -9999 -9999 -9999 -9999 -9999 -9999 -9999 -9999 64.75770 64.76040 63.90300 64.84260 64.57640 64.51950 64.30380 63.96690 62.93510 63.13420 64.83400 65.10650 63.81330 65.31100 67.16410 67.28290 66.40180 66.13150 67.99100 68.24600 68.03540 68.57190 68.18030 67.31280 66.38690 65.80690 65.08510 63.91970 63.42450 62.63460 62.20630 62.06140 62.11630 62.70870 62.32840 63.24290 63.61370 63.90340 62.31160 62.85150 64.06170 66.60220 65.85220 67.22900 68.30220 68.51870 65.34240 62.21930 59.65240 59.66590 61.59040 61.65840
-9999 -9999 -9999 -9999 -9999 -9999 -9999 -9999 -9999 -9999 -9999 -9999 -9999 -9999 -9999 -9999 -9999 -9999 67.98860 67.85350 66.74310 66.11160 65.99350 66.77000 66.44930 65.84340 65.35250 66.90950 66.94880 66.72230 66.61410 67.62840 68.18520 68.16260 68.51440 69.22220 70.36790 69.66260 71.72920 70.60270 70.85090 70.54290 70.19230 71.06420 70.06410 69.35810 67.93330 63.88760 63.07120 62.46230 62.28850 62.83550 63.11600 64.11680 64.82660 64.86040 65.21640 66.94040 68.28290 65.37000 64.93840 64.91430 66.37910 68.57350 69.51280 66.64210 64.19610 61.75000 61.08370 60.64490 60.95530
-9999 -9999 -9999 -9999 -9999 -9999 -9999 -9999 -9999 -9999 -9999 -9999 -9999 -9999 -9999 -9999 -9999 70.44150 70.32760 68.89280 68.97380 69.01170 68.73210 68.79010 68.63390 68.14660 67.67350 69.50670 70.59250 70.05570 69.85730 69.63590 70.31860 68.95660 69.22360 71.84640 73.80360 73.99760 74.16000 72.93000 72.87530 73.04430 72.69550 72.63540 71.34950 71.39680 70.22810 66.44560 64.63500 64.09590 63.50640 63.44120 64.61620 65.99760 66.43240 66.70380 67.67400 69.00870 69.52600 66.68920 64.06850 65.62890 70.51500 72.07880 67.40050 66.67570 66.43780 62.71290 62.15830 61.74240 63.50190
-9999 -9999 -9999 -9999 -9999 -9999 -9999 -9999 -9999 -9999 -9999 -9999 -9999 -9999 -9999 -9999 -9999 69.92850 69.87300 73.49140 72.62970 72.73210 71.12150 70.14980 68.19980 69.57210 69.78160 70.96000 72.05250 72.96520 72.72900 71.62190 71.36240 68.90570 70.42540 72.98020 74.14150 75.06630 76.66240 74.59050 74.01000 75.10500 74.16380 73.76730 73.16010 71.16670 69.76560 70.78180 69.36810 64.84050 64.40460 64.97640 66.32560 67.76080 68.41180 68.90520 72.31820 70.92490 69.60900 68.07880 68.43170 70.73960 70.85420 71.82230 75.01050 71.57090 68.01280 66.43670 63.71880 63.06610 62.86330
-9999 -9999 -9999 -9999 -9999 -9999 -9999 -9999 -9999 -9999 -9999 -9999 -9999 -9999 -9999 -9999 77.03540 74.11000 74.24550 76.88780 73.94880 73.00970 73.18590 71.30660 69.63340 70.71550 70.65070 70.85420 72.47090 74.10750 74.03460 72.96360 72.77230 69.22550 70.85660 73.73040 75.05090 76.58950 78.13740 75.09390 74.61440 76.70040 76.05490 75.55130 73.89340 71.98990 71.59330 73.31320 72.47950 67.19740 66.19470 66.63920 68.46810 69.82420 70.27970 70.61520 70.96500 71.20630 70.94580 70.34040 69.75070 70.10470 71.37990 76.85490 73.14110 71.14310 69.93650 66.26260 62.27550 62.66800 63.89290
-9999 -9999 -9999 -9999 -9999 -9999 -9999 -9999 -9999 -9999 -9999 -9999 -9999 77.23680 79.32990 81.57930 82.42950 78.64310 75.53870 76.62880 74.99460 72.96490 71.64380 72.37660 72.07610 70.39370 70.23640 71.05250 71.55900 72.21050 71.88520 72.13430 72.43980 73.38560 74.93720 74.81380 75.71130 76.17340 77.30390 77.45470 77.36620 76.81600 76.54250 72.96610 72.08470 71.23140 71.16940 72.68560 72.84600 72.05220 70.85930 71.54010 71.63960 71.27220 71.23070 71.81230 71.21640 70.46970 70.14750 71.52040 71.40040 68.48130 68.81390 69.86180 67.24230 63.64980 62.30940 63.84350 63.57810 65.51240 67.43210
-9999 -9999 -9999 -9999 -9999 -9999 -9999 -9999 -9999 -9999 -9999 -9999 80.97640 81.15170 82.44050 84.01140 83.32990 78.41650 77.22350 76.58830 77.53830 73.85250 73.31420 73.72840 73.50620 71.73320 71.80120 72.62680 73.57020 72.43740 72.46940 73.35490 73.63350 74.85570 74.32750 75.22590 75.92740 75.20160 76.38040 76.89240 78.19550 78.36800 78.65030 74.78360 73.32680 72.70230 72.57940 74.60450 75.63230 75.52660 74.86620 74.64800 74.11130 73.72040 72.95570 71.74390 72.04420 72.66250 73.00680 73.84470 72.89790 67.82040 67.29450 68.79820 65.98870 62.28860 61.88420 64.01720 64.17040 68.76520 71.92620
-9999 -9999 -9999 -9999 -9999 -9999 -9999 -9999 -9999 -9999 -9999 86.90420 86.77570 85.66220 84.38420 84.12670 83.73210 81.16500 80.51260 80.63310 79.01130 77.54750 76.85440 76.25420 76.30170 75.30380 75.33850 76.39480 74.64330 75.50580 77.07140 75.84590 76.12080 77.19240 76.56320 77.98690 78.78710 77.71860 75.31100 76.47080 78.00300 79.30260 78.77370 74.71680 73.85390 72.45610 72.30060 73.31420 74.36570 75.76470 75.92370 77.93120 76.90940 78.01140 76.24190 75.51190 74.09710 72.69060 69.87990 68.45510 68.36940 67.28860 65.53660 64.19750 62.46610 61.08020 62.27350 63.74120 67.33530 70.96920 76.16650
-9999 -9999 -9999 -9999 -9999 -9999 -9999 -9999 -9999 -9999 88.72590 89.91360 88.80330 88.06960 86.38290 86.02410 85.64790 84.48840 84.17290 81.76910 79.71720 78.70040 77.95730 77.54760 77.40730 76.69220 76.55530 76.96410 76.65690 77.97780 79.43960 77.93700 78.84530 79.87230 80.17930 81.55350 82.00400 79.94580 77.27850 76.53730 77.24520 77.83120 76.81010 73.65880 73.12790 72.57100 72.20610 72.91400 73.96130 75.54040 76.66950 79.12020 78.64830 80.24860 78.37440 77.18260 76.58710 72.72780 69.98380 69.68250 69.45200 68.09750 66.98680 65.45510 64.31600 62.24210 62.83040 66.16020 70.21380 75.55030 78.51980
-9999 -9999 -9999 -9999 -9999 -9999 -9999 -9999 -9999 85.38100 86.40530 89.00050 89.43120 88.83740 88.43830 89.49490 89.48970 85.58470 83.22450 83.83960 82.27200 78.59040 77.81480 79.38910 79.02470 77.89690 77.17010 77.56560 78.23650 80.58280 80.25180 83.91970 84.54030 85.75600 87.12650 86.97440 87.21960 81.20740 80.05340 77.06010 75.97800 72.16030 72.20630 72.93370 72.90200 73.53890 72.92100 74.30710 74.09820 75.96270 77.99540 79.28620 80.00510 84.47830 84.50300 76.58480 73.60420 70.92660 70.96780 69.53440 69.97640 69.67510 69.10340 66.50590 65.29340 66.09770 66.41660 70.63980 73.41320 76.36580 75.20490
-9999 -9999 -9999 -9999 -9999 -9999 -9999 -9999 -9999 -9999 88.62930 90.39440 90.17320 89.00970 88.46360 91.17230 91.85850 88.18300 86.31240 86.15720 85.55980 80.33040 79.25830 -9999 -9999 -9999 -9999 -9999 -9999 83.48740 84.37380 86.33930 87.21380 88.88110 90.48780 90.38830 88.41580 83.72460 80.94240 77.44180 76.07590 71.27110 70.57570 72.44210 72.93870 73.80540 74.07130 74.52800 74.93490 75.65200 78.18030 79.95850 82.11680 86.25010 85.57280 77.28990 73.83660 71.63420 71.40970 70.76090 71.50320 72.37400 71.80940 69.21180 73.74470 70.36040 71.74380 75.53660 81.21550 81.15680 80.38290
-9999 -9999 -9999 -9999 -9999 -9999 -9999 -9999 -9999 -9999 -9999 -9999 91.23870 90.98370 91.86540 88.76790 89.92000 89.17560 87.67170 -9999 -9999 -9999 -9999 -9999 -9999 -9999 -9999 -9999 -9999 -9999 -9999 -9999 -9999 91.23680 93.62140 90.43170 88.86330 84.18620 80.30720 75.51470 74.37880 72.55000 72.42280 74.62400 75.35600 76.56350 76.15880 75.45430 75.45150 76.29770 78.96030 83.49570 85.03300 85.04960 83.19750 75.71480 74.93200 76.01500 75.14480 74.60760 75.36070 75.82960 76.05770 74.71030 74.30050 73.95020 75.36170 78.33960 80.52320 78.08990 76.18030
-9999 -9999 -9999 -9999 -9999 -9999 -9999 -9999 -9999 -9999 -9999 -9999 -9999 -9999 -9999 -9999 -9999 -9999 -9999 -9999 -9999 -9999 -9999 -9999 -9999 -9999 -9999 -9999 -9999 -9999 -9999 -9999 -9999 -9999 93.50330 91.15620 86.87530 84.54170 80.33240 77.04190 76.00260 74.73490 74.27210 75.32330 76.09010 78.35600 78.12290 76.60840 76.72470 78.08290 80.63240 84.50320 85.73910 85.26380 84.03420 76.37120 76.90260 80.72210 79.89170 78.56790 78.31430 78.47260 78.24660 76.40840 76.54850 77.45370 79.57280 82.15420 85.02790 79.85470 74.78850
-9999 -9999 -9999 -9999 -9999 -9999 -9999 -9999 -9999 -9999 -9999 -9999 -9999 -9999 -9999 -9999 -9999 -9999 -9999 -9999 -9999 -9999 -9999 -9999 -9999 -9999 -9999 -9999 -9999 -9999 -9999 -9999 -9999 -9999 90.50910 90.14700 89.23710 83.14210 78.01610 77.77680 77.52620 76.12270 75.23650 78.24570 78.12760 78.12810 78.09750 76.27110 76.30470 79.14150 81.51040 86.99890 86.16180 89.89870 88.11300 82.63720 79.82850 81.42870 81.66250 77.87800 76.78310 78.46960 80.37900 80.48170 79.61310 83.70650 83.48340 85.65160 85.93970 79.35560 -9999
-9999 -9999 -9999 -9999 -9999 -9999 -9999 -9999 -9999 -9999 -9999 -9999 -9999 -9999 -9999 -9999 -9999 -9999 -9999 -9999 -9999 -9999 -9999 -9999 -9999 -9999 -9999 -9999 -9999 -9999 -9999 -9999 -9999 -9999 -9999 -9999 -9999 -9999 78.29620 79.39820 79.09660 77.35340 77.05510 78.43540 78.64410 79.67910 79.90220 78.46590 79.06630 81.45880 83.84030 88.18380 87.99700 92.03090 90.40510 84.37040 82.12530 82.22330 82.38220 77.28120 77.30560 79.59290 82.60770 82.58450 86.29490 85.84030 85.80390 84.46920 80.88930 -9999 -9999
