data/hydroclimate-scenarios/BCSD_hadcm_A1B/monthly_summaries/isr_monthly_avg_mar.2070-2099.asc
ncols	311
nrows	91
xllcenter	102.75
yllcenter	31.75
cellsize	0.5
NODATA_value	-9999
[rows 0 to 30 of 91, columns 70 to 139 of 311]
-9999 -9999 -9999 -9999 -9999 -9999 -9999 -9999 -9999 -9999 -9999 -9999 -9999 -9999 -9999 -9999 -9999 -9999 -9999 -9999 -9999 -9999 -9999 -9999 -9999 -9999 -9999 -9999 -9999 -9999 -9999 -9999 -9999 -9999 -9999 -9999 -9999 -9999 -9999 -9999 -9999 -9999 -9999 -9999 -9999 -9999 -9999 -9999 -9999 -9999 -9999 -9999 -9999 -9999 -9999 -9999 -9999 -9999 -9999 -9999 -9999 -9999 -9999 -9999 -9999 -9999 -9999 -9999 -9999 -9999
-9999 -9999 -9999 -9999 -9999 -9999 -9999 -9999 -9999 -9999 -9999 -9999 -9999 -9999 -9999 -9999 -9999 -9999 -9999 -9999 -9999 -9999 -9999 -9999 -9999 -9999 -9999 -9999 -9999 -9999 -9999 -9999 -9999 -9999 -9999 -9999 -9999 -9999 -9999 -9999 -9999 -9999 -9999 -9999 -9999 -9999 -9999 -9999 -9999 -9999 -9999 -9999 -9999 -9999 -9999 -9999 -9999 -9999 -9999 -9999 -9999 -9999 -9999 -9999 -9999 -9999 -9999 -9999 -9999 -9999
-9999 -9999 -9999 -9999 -9999 -9999 -9999 -9999 -9999 -9999 -9999 -9999 -9999 -9999 -9999 -9999 -9999 -9999 -9999 -9999 -9999 -9999 -9999 -9999 -9999 -9999 -9999 -9999 -9999 -9999 -9999 -9999 -9999 -9999 -9999 -9999 -9999 -9999 -9999 -9999 -9999 -9999 -9999 -9999 -9999 -9999 -9999 -9999 -9999 -9999 -9999 -9999 -9999 -9999 -9999 -9999 -9999 -9999 -9999 -9999 -9999 -9999 -9999 -9999 -9999 -9999 -9999 -9999 -9999 -9999
-9999 -9999 -9999 -9999 -9999 -9999 -9999 -9999 -9999 -9999 -9999 -9999 -9999 -9999 -9999 -9999 -9999 -9999 -9999 -9999 -9999 -9999 -9999 -9999 -9999 -9999 -9999 -9999 -9999 -9999 -9999 -9999 -9999 -9999 -9999 -9999 -9999 -9999 -9999 -9999 -9999 -9999 -9999 -9999 -9999 -9999 -9999 -9999 -9999 -9999 -9999 -9999 -9999 -9999 -9999 -9999 -9999 -9999 -9999 -9999 -9999 -9999 -9999 -9999 -9999 -9999 -9999 -9999 -9999 -9999
-9999 -9999 -9999 -9999 -9999 -9999 -9999 -9999 -9999 -9999 -9999 -9999 -9999 -9999 -9999 -9999 -9999 -9999 -9999 -9999 -9999 -9999 -9999 -9999 -9999 -9999 -9999 -9999 -9999 -9999 -9999 -9999 -9999 -9999 -9999 -9999 -9999 -9999 -9999 -9999 -9999 -9999 -9999 -9999 -9999 -9999 -9999 -9999 -9999 -9999 -9999 -9999 -9999 -9999 -9999 -9999 -9999 -9999 -9999 -9999 -9999 -9999 -9999 -9999 -9999 -9999 -9999 -9999 -9999 -9999
-9999 -9999 -9999 -9999 -9999 -9999 -9999 -9999 -9999 -9999 -9999 -9999 -9999 -9999 -9999 -9999 -9999 -9999 -9999 -9999 -9999 -9999 -9999 -9999 -9999 -9999 -9999 -9999 -9999 -9999 -9999 -9999 -9999 -9999 -9999 -9999 -9999 -9999 -9999 -9999 -9999 -9999 -9999 -9999 -9999 -9999 -9999 -9999 -9999 -9999 -9999 -9999 -9999 -9999 -9999 -9999 -9999 -9999 -9999 -9999 -9999 -9999 -9999 -9999 -9999 -9999 -9999 -9999 -9999 -9999
-9999 -9999 -9999 -9999 -9999 -9999 -9999 -9999 -9999 -9999 -9999 -9999 -9999 -9999 -9999 -9999 -9999 -9999 -9999 -9999 -9999 -9999 -9999 -9999 -9999 -9999 -9999 -9999 -9999 -9999 -9999 -9999 -9999 -9999 -9999 -9999 -9999 -9999 -9999 -9999 -9999 -9999 -9999 -9999 -9999 -9999 -9999 -9999 -9999 -9999 -9999 -9999 -9999 -9999 -9999 -9999 -9999 -9999 -9999 -9999 -9999 -9999 -9999 -9999 -9999 -9999 -9999 -9999 -9999 -9999
-9999 -9999 -9999 -9999 -9999 -9999 -9999 -9999 -9999 -9999 -9999 -9999 -9999 -9999 -9999 -9999 -9999 -9999 -9999 -9999 -9999 -9999 -9999 -9999 -9999 -9999 -9999 -9999 -9999 -9999 -9999 -9999 -9999 -9999 -9999 -9999 -9999 -9999 -9999 -9999 -9999 -9999 -9999 -9999 -9999 -9999 -9999 -9999 -9999 -9999 -9999 -9999 -9999 -9999 -9999 -9999 -9999 -9999 -9999 -9999 -9999 -9999 -9999 -9999 -9999 -9999 -9999 -9999 -9999 -9999
-9999 -9999 -9999 -9999 -9999 -9999 -9999 71.75130 -9999 -9999 -9999 -9999 -9999 -9999 -9999 -9999 -9999 -9999 -9999 -9999 -9999 -9999 -9999 -9999 -9999 -9999 -9999 -9999 -9999 -9999 -9999 -9999 -9999 -9999 -9999 -9999 -9999 -9999 -9999 -9999 -9999 -9999 -9999 -9999 -9999 -9999 -9999 -9999 -9999 -9999 -9999 -9999 -9999 -9999 -9999 -9999 -9999 -9999 -9999 -9999 -9999 -9999 -9999 -9999 -9999 -9999 -9999 -9999 -9999 -9999
-9999 -9999 -9999 74.20660 72.63820 73.15830 73.63530 74.38990 75.43840 76.20590 77.58690 77.77380 78.21020 77.62540 77.87040 77.56160 77.24840 77.70200 77.42020 77.19570 76.89500 76.39950 76.46190 -9999 -9999 -9999 -9999 -9999 -9999 -9999 -9999 -9999 -9999 -9999 -9999 -9999 -9999 -9999 -9999 -9999 -9999 -9999 -9999 -9999 -9999 -9999 -9999 -9999 -9999 -9999 -9999 -9999 -9999 -9999 -9999 -9999 -9999 -9999 -9999 -9999 -9999 -9999 -9999 -9999 -9999 -9999 -9999 -9999 -9999 -9999
-9999 -9999 -9999 -9999 -9999 76.75950 77.51410 78.64820 78.86310 80.32660 80.69700 80.76590 81.80000 82.30820 82.46780 82.13340 82.34430 82.63070 81.96640 82.23350 81.91410 81.43950 81.26700 -9999 -9999 -9999 -9999 -9999 -9999 -9999 -9999 -9999 -9999 -9999 -9999 -9999 -9999 -9999 -9999 -9999 -9999 -9999 -9999 -9999 -9999 -9999 -9999 -9999 -9999 -9999 -9999 -9999 -9999 -9999 -9999 -9999 -9999 -9999 -9999 -9999 -9999 -9999 -9999 -9999 -9999 -9999 -9999 -9999 -9999 -9999
81.80120 79.96330 79.61380 79.63120 79.87680 80.13100 80.43040 81.90190 82.36420 83.16240 83.50450 84.23430 84.66010 85.03680 85.52110 85.36240 85.08390 85.27810 85.45300 85.15480 84.70700 84.29360 84.38950 84.79280 84.92370 84.40850 84.43010 83.41490 83.30670 -9999 -9999 -9999 -9999 -9999 -9999 -9999 -9999 -9999 -9999 -9999 -9999 -9999 -9999 -9999 -9999 -9999 -9999 -9999 -9999 -9999 -9999 -9999 -9999 -9999 -9999 -9999 -9999 -9999 -9999 -9999 -9999 -9999 -9999 -9999 -9999 -9999 -9999 -9999 -9999 -9999
84.52750 84.30730 83.85010 83.35890 83.35340 83.92280 84.76920 84.47360 85.24090 85.98960 86.77380 87.61280 87.62100 88.36000 88.70830 87.88970 88.74410 89.14890 88.17710 87.73960 86.92150 86.82020 87.00600 87.47990 87.46890 87.30780 86.97640 86.62350 85.86430 84.95050 84.58710 85.00080 84.94850 83.44560 83.23500 83.76110 83.42340 82.26150 82.03040 81.91570 81.53220 82.31190 82.37700 79.10570 -9999 -9999 -9999 -9999 -9999 -9999 -9999 -9999 -9999 -9999 -9999 -9999 -9999 -9999 -9999 -9999 -9999 -9999 -9999 -9999 -9999 -9999 -9999 -9999 -9999 -9999
87.45010 87.27350 86.87540 86.53840 86.68920 87.17860 87.41980 86.85720 87.57110 88.85000 89.68900 90.65510 91.15870 91.38810 91.80120 91.00300 91.01400 91.88840 91.74240 90.47250 90.40780 90.17560 90.14030 90.39110 90.39270 90.09310 90.04630 89.48390 89.43890 88.35640 88.29030 88.95720 88.65770 86.05650 85.33650 87.02120 86.61170 85.72960 85.15920 84.84210 84.41650 85.62220 85.42170 81.94020 81.81260 -9999 -9999 -9999 -9999 -9999 -9999 -9999 -9999 -9999 -9999 -9999 -9999 -9999 -9999 -9999 -9999 -9999 -9999 -9999 -9999 -9999 -9999 -9999 -9999 -9999
91.23610 91.05460 90.77640 89.21300 89.42700 90.66510 90.53690 91.31010 91.27730 92.37570 92.59720 93.20950 93.33500 92.96650 93.10190 93.51880 93.70630 93.04630 92.26590 91.93140 92.05500 90.74760 90.79000 90.83270 90.82790 91.26640 91.19800 92.35920 91.80370 91.68360 90.79770 91.64390 91.12600 90.84470 90.57260 90.81490 90.23000 89.81700 89.03520 88.84540 88.56340 88.41440 88.23570 87.35550 87.31640 -9999 -9999 -9999 -9999 -9999 -9999 -9999 -9999 -9999 -9999 -9999 -9999 -9999 -9999 -9999 86.87800 88.02960 -9999 -9999 -9999 -9999 88.76540 88.57110 88.87310 89.29480
93.28920 93.26730 93.32450 92.24810 91.99310 92.83640 93.21870 93.54020 93.84610 94.86320 95.07940 95.72850 96.70290 95.73640 96.72180 97.20730 96.70450 96.28870 95.36920 95.28290 94.94640 93.94620 93.90910 94.02230 93.58860 93.92390 94.04700 95.61040 95.59420 95.35440 94.67370 95.49280 94.85710 94.72550 94.13200 94.51720 94.21510 93.21750 92.61960 92.64340 92.34450 91.91060 91.53390 90.93940 90.67870 90.69830 90.52090 89.67760 90.17240 90.36280 91.07140 90.64840 90.90920 91.66850 91.96200 92.65400 92.55290 91.69790 92.02690 90.96450 91.08160 92.15420 -9999 -9999 -9999 -9999 -9999 91.98060 91.95570 92.92790
95.38650 94.63230 94.04820 95.95710 96.28220 95.31110 95.37020 95.89290 96.47830 95.14760 95.61640 97.28270 98.43580 98.77740 99.61350 99.75230 99.94340 99.93550 99.19570 97.77540 97.25580 95.44800 95.68550 95.34370 94.94380 95.98370 96.17680 97.04630 97.27040 97.75670 97.48570 97.45410 96.75520 96.59400 96.52110 96.95650 95.84750 95.07310 94.91810 94.77510 94.45450 93.11620 93.16170 92.90870 92.84820 93.52410 93.07700 93.98500 94.28950 93.93430 94.80630 94.78860 94.89210 94.34700 94.93250 96.23900 96.41540 95.48300 95.41650 96.15370 96.31230 97.00220 97.16330 96.17000 95.55000 95.82610 95.69620 95.25130 95.23180 96.84500
98.05040 97.72340 98.60010 98.59380 99.51520 99.66170 99.06380 99.25900 99.55470 98.34730 98.72350 100.08000 101.55300 101.28000 102.69700 102.76600 103.14800 102.38700 102.40900 100.90700 100.85100 98.97530 98.60960 98.28870 98.59850 99.59850 99.45530 100.40900 100.76500 101.15600 100.93100 101.21200 100.85900 100.63600 100.30800 100.21800 99.40540 98.91060 98.40550 98.01550 97.93300 96.89810 96.91520 96.54070 96.30090 96.73620 96.45060 97.72790 97.74040 97.36620 97.86230 98.17110 98.60630 97.40370 98.47740 99.07600 99.95160 99.51290 100.09200 101.50800 101.77300 101.00900 102.99600 101.56900 100.72600 100.11000 100.03000 98.83300 97.93460 99.35040
99.82710 99.71580 100.89000 100.05600 99.91990 100.20800 100.60600 101.02300 101.49500 102.17200 102.24000 101.62000 102.32000 104.46000 105.25200 105.54700 106.04600 107.21500 106.90800 104.74000 104.57000 103.51100 103.73200 99.71530 100.22500 101.18900 100.91500 100.48200 101.05500 102.02600 101.97900 102.12600 101.69700 100.84300 99.92970 100.67600 100.04800 98.08290 98.11120 97.74730 97.36700 96.64580 95.97880 98.38080 98.38700 99.27480 98.18120 98.96170 98.82120 99.29340 99.74050 100.31500 100.97600 101.21600 101.50400 101.46800 101.64400 101.38900 102.42500 104.61900 104.89700 105.35200 105.79100 105.22900 105.18800 104.62600 103.74300 104.07300 103.61200 103.51500
101.49000 103.11700 103.56300 103.93000 103.63400 103.87200 103.50300 103.71300 104.12100 104.56100 104.80200 105.24500 105.76600 107.06000 107.74000 108.50500 108.74000 109.63100 109.66700 107.80900 107.97100 106.93600 106.24200 103.13500 103.20200 104.51900 103.87900 103.38500 103.39600 104.71300 104.67500 105.17600 104.98100 103.67100 103.11900 103.96500 102.86800 101.57600 101.22800 101.00600 100.75700 99.65680 99.64070 100.53900 100.38500 102.24300 102.30500 102.82000 102.73100 102.59600 102.90500 103.85500 104.80100 104.46400 104.88400 104.96100 105.93100 105.78800 106.08000 108.24300 108.11100 107.85000 108.41500 108.27600 109.50700 108.70000 109.59400 109.51700 108.64300 108.04000
102.44100 102.45100 103.71400 106.10900 107.03900 108.99600 107.27300 107.48100 107.36000 107.50200 106.87600 108.20900 109.55900 111.13600 111.64900 112.72300 112.41400 111.24700 111.38000 110.51200 110.84800 108.72900 108.79200 105.84700 105.68400 106.70900 107.20000 106.26400 106.26500 106.97000 107.20300 107.75500 107.65700 106.82300 105.82100 105.01200 104.57000 102.59300 102.93200 102.74400 102.35700 101.09200 100.90700 103.16000 102.62300 103.77000 103.58700 104.51700 104.68500 104.87100 105.47500 104.62800 105.95400 107.22700 107.38000 106.71300 107.68400 108.34400 108.84900 108.44500 109.91200 111.62300 111.55200 111.54900 112.10000 111.33200 111.06000 111.46800 111.69800 111.39000
106.45200 106.42100 106.90200 109.08400 110.22800 113.19400 112.35500 113.20000 111.96300 110.90500 109.86600 108.42400 111.01100 112.35700 113.64400 115.59000 115.85100 114.65000 114.50600 113.36400 113.69200 111.82200 111.98800 108.57700 108.96200 110.66600 110.91700 110.46000 110.78900 111.78000 111.30400 111.59900 111.48200 110.35100 109.69400 108.84100 108.34200 106.57800 105.79800 106.33200 105.83300 104.49000 104.17400 105.98000 106.20800 107.60700 107.26000 108.65300 108.75700 109.81500 109.43000 109.30500 110.43400 111.61600 112.54000 111.96100 112.10900 113.28700 113.35700 113.08200 114.51900 115.23900 115.99600 115.98700 115.34100 115.09700 114.74200 115.50700 114.43700 113.70300
113.79100 113.00300 113.80200 115.21000 115.63800 116.76100 116.86600 116.16600 115.49700 115.15700 115.68000 113.99000 113.94500 115.43200 116.29800 115.38800 115.96900 117.88400 118.65200 117.08600 117.34800 117.72500 117.51800 116.97400 117.43200 119.07500 120.13700 119.28100 119.91000 120.24200 119.75800 118.62800 117.87900 118.14000 117.24000 116.04800 114.32300 113.46800 112.74100 113.57000 112.93100 111.88600 111.12100 111.42200 111.66400 112.43500 111.99000 113.23400 113.09900 113.09900 114.28900 114.17900 114.50100 117.09000 117.66300 117.04200 118.26000 116.01200 116.85200 114.32000 114.30200 116.12400 116.39400 119.02100 118.94500 120.31200 119.39200 118.64500 117.65500 115.72800
116.85800 116.32700 116.44900 116.63000 116.95200 118.79600 119.97400 119.21100 119.70200 120.47200 119.62900 118.20700 119.41300 120.94500 120.51100 120.30400 127.66500 121.16900 120.55100 119.37200 121.08600 120.55500 121.27700 120.67400 120.53600 122.00100 123.17300 122.87500 123.39300 123.26300 122.83200 122.28700 121.61100 121.27700 120.18400 118.43200 117.44200 116.78700 116.09400 116.16600 115.97500 115.44800 115.07300 114.53000 114.74100 114.10600 113.72900 115.21900 116.18400 117.02000 118.37000 117.53700 117.88400 119.63100 120.84700 121.46100 122.42400 120.22200 120.64800 117.44800 117.26400 118.72300 119.45400 122.83600 123.36300 122.60200 121.24000 121.27700 119.44700 117.64600
120.43600 119.26500 118.74500 119.00900 119.48400 120.55700 120.80000 120.59000 120.96800 120.82100 121.10400 121.22000 122.08400 122.90300 122.46200 122.88900 123.36700 125.94800 124.54800 123.67500 123.49400 122.41300 123.18100 123.76400 123.09100 124.18100 125.02700 124.93100 125.51800 125.45900 125.46500 126.16000 125.20400 124.53600 122.67200 122.53700 121.26100 120.00400 119.19800 119.30700 119.20700 118.23200 118.03000 117.59900 117.53700 117.44200 116.90300 116.88200 117.78600 119.24000 120.69200 121.74600 121.28300 122.18100 123.60800 122.51900 122.86100 118.98900 119.39600 118.89800 118.47400 120.07500 120.38900 121.55100 120.84700 124.03200 123.51700 123.63500 122.50400 122.45800
123.57200 122.52100 122.79300 123.42500 123.35800 123.94100 123.38100 123.19200 122.81600 123.31700 123.11900 124.74800 126.09300 125.87400 125.01300 123.73500 125.24800 127.72500 127.63800 127.90700 127.03200 125.33300 125.50600 125.39900 126.15300 127.47900 128.24100 127.52700 127.79600 128.36099 128.56799 128.95300 127.52000 126.23300 125.19800 124.91400 124.30600 122.62100 122.38800 121.98300 122.31200 121.67200 120.47100 120.34100 121.03400 121.84200 120.29400 119.22700 120.18700 120.27100 121.34400 123.29200 121.77500 122.17200 122.20200 121.49700 122.50500 119.99700 121.42800 118.87200 120.37400 121.71100 122.32100 123.77700 124.02400 126.63900 125.84500 126.21200 125.47800 124.45900
124.85100 126.23800 127.12200 127.58200 127.71800 126.23500 125.83300 125.81100 125.67800 126.88400 127.71600 126.93900 127.89900 131.34100 130.34500 128.59801 128.73399 130.98399 130.73900 129.72200 129.98599 129.86400 129.69901 129.80099 130.37500 129.66000 129.74899 132.20799 132.70599 131.88600 131.86800 131.31500 130.66901 129.12399 129.16200 128.49800 126.23400 125.77500 125.91000 124.63100 124.41200 126.07600 125.97400 124.20100 123.07600 123.28300 122.83600 122.44400 123.75500 124.22800 125.40900 125.61100 126.12300 125.98300 126.60000 126.46500 127.35500 126.59200 125.96700 125.49900 124.79000 126.30700 128.09900 128.25700 128.42200 129.50200 128.97301 129.68900 129.17300 130.38901
125.95600 127.16200 129.18600 131.02600 131.17599 129.89000 128.94000 129.11000 128.53200 130.26900 130.40800 129.69701 129.09801 131.04300 132.24800 132.90700 132.11200 134.15700 133.14999 132.04601 131.71600 133.07700 132.42101 131.95500 132.59500 131.96100 133.12300 135.40100 136.02600 135.07201 134.61700 135.28600 133.86200 132.23300 131.52699 131.83701 129.25301 128.18900 128.32500 128.24001 128.05499 128.77699 129.06100 126.11600 126.31100 125.93400 125.69000 123.81100 126.16800 127.60400 128.06799 127.67400 128.50200 128.97600 128.93700 128.94000 129.32700 128.35500 127.75200 125.94000 126.55100 128.35600 129.70799 130.13000 130.59399 133.52400 133.17101 135.11900 134.68300 133.89301
127.83400 127.95000 128.03700 134.17000 135.19000 132.66400 155.78700 134.55901 133.12900 134.52100 133.60400 133.36000 133.78500 134.14799 135.57100 137.41499 135.67700 134.46400 133.83099 134.54601 134.69600 134.53600 135.71500 135.49600 136.20500 135.09900 135.39301 134.70599 135.72200 137.45799 136.99001 136.23700 135.38000 134.68300 133.59599 132.32001 130.23801 128.94400 129.46400 130.33701 131.35800 128.11000 127.86000 129.15401 127.06000 125.08500 124.65700 125.19800 124.73200 128.03000 128.51300 127.22300 127.93900 129.20799 130.61000 130.52100 131.11000 130.04800 128.99400 129.69200 130.26300 131.54800 132.22301 133.91800 135.95399 137.42500 137.23500 136.03200 135.84500 135.91000
131.73801 129.87700 130.90800 135.75600 136.81000 135.90800 136.41701 160.95500 148.68100 138.54201 139.02000 139.86600 138.94400 138.65500 139.75600 139.80800 138.74300 137.77800 137.31599 136.24800 136.91901 137.08501 138.91600 139.87399 138.69600 137.64301 137.24899 137.13200 137.65900 138.91000 139.10699 139.84399 138.21800 138.29201 137.66000 136.73300 134.11301 132.69000 132.75600 133.18201 132.85201 130.61000 127.84700 130.57800 129.22000 124.83600 124.47900 127.22900 128.25600 132.22800 131.78600 -9999 -9999 131.32899 130.95100 129.80400 131.80200 130.49300 130.25500 131.22400 133.12700 134.37100 137.46001 139.77600 142.43500 142.27901 142.91800 141.52299 140.86800 138.93100
135.44000 137.06500 136.97400 138.67200 139.51601 140.29500 139.25101 148.17300 139.85600 141.95399 143.19299 152.87500 142.65900 143.37700 143.19400 141.06000 140.61600 140.53101 140.24899 140.12801 140.65700 140.88200 140.83701 139.62801 140.07001 142.12399 140.84700 140.93800 140.82201 142.65700 143.57300 144.13300 142.98900 141.55600 142.05499 141.56799 139.15401 135.51700 133.67400 130.73700 -9999 -9999 -9999 -9999 129.38100 -9999 133.55000 138.22301 137.02901 137.91701 135.95700 -9999 -9999 136.63300 135.51100 132.58200 132.43600 133.42200 135.26100 136.58501 138.19600 140.22501 141.47501 142.56100 143.85001 142.31400 144.44901 143.08099 142.19299 140.54300
