data/hydroclimate-scenarios/BCSD_hadcm_A1B/monthly_summaries/isr_monthly_avg_may.2070-2099.asc
ncols	311
nrows	91
xllcenter	102.75
yllcenter	31.75
cellsize	0.5
NODATA_value	-9999
[rows 0 to 30 of 91, columns 70 to 139 of 311]
-9999 -9999 -9999 -9999 -9999 -9999 -9999 -9999 -9999 -9999 -9999 -9999 -9999 -9999 -9999 -9999 -9999 -9999 -9999 -9999 -9999 -9999 -9999 -9999 -9999 -9999 -9999 -9999 -9999 -9999 -9999 -9999 -9999 -9999 -9999 -9999 -9999 -9999 -9999 -9999 -9999 -9999 -9999 -9999 -9999 -9999 -9999 -9999 -9999 -9999 -9999 -9999 -9999 -9999 -9999 -9999 -9999 -9999 -9999 -9999 -9999 -9999 -9999 -9999 -9999 -9999 -9999 -9999 -9999 -9999
-9999 -9999 -9999 -9999 -9999 -9999 -9999 -9999 -9999 -9999 -9999 -9999 -9999 -9999 -9999 -9999 -9999 -9999 -9999 -9999 -9999 -9999 -9999 -9999 -9999 -9999 -9999 -9999 -9999 -9999 -9999 -9999 -9999 -9999 -9999 -9999 -9999 -9999 -9999 -9999 -9999 -9999 -9999 -9999 -9999 -9999 -9999 -9999 -9999 -9999 -9999 -9999 -9999 -9999 -9999 -9999 -9999 -9999 -9999 -9999 -9999 -9999 -9999 -9999 -9999 -9999 -9999 -9999 -9999 -9999
-9999 -9999 -9999 -9999 -9999 -9999 -9999 -9999 -9999 -9999 -9999 -9999 -9999 -9999 -9999 -9999 -9999 -9999 -9999 -9999 -9999 -9999 -9999 -9999 -9999 -9999 -9999 -9999 -9999 -9999 -9999 -9999 -9999 -9999 -9999 -9999 -9999 -9999 -9999 -9999 -9999 -9999 -9999 -9999 -9999 -9999 -9999 -9999 -9999 -9999 -9999 -9999 -9999 -9999 -9999 -9999 -9999 -9999 -9999 -9999 -9999 -9999 -9999 -9999 -9999 -9999 -9999 -9999 -9999 -9999
-9999 -9999 -9999 -9999 -9999 -9999 -9999 -9999 -9999 -9999 -9999 -9999 -9999 -9999 -9999 -9999 -9999 -9999 -9999 -9999 -9999 -9999 -9999 -9999 -9999 -9999 -9999 -9999 -9999 -9999 -9999 -9999 -9999 -9999 -9999 -9999 -9999 -9999 -9999 -9999 -9999 -9999 -9999 -9999 -9999 -9999 -9999 -9999 -9999 -9999 -9999 -9999 -9999 -9999 -9999 -9999 -9999 -9999 -9999 -9999 -9999 -9999 -9999 -9999 -9999 -9999 -9999 -9999 -9999 -9999
-9999 -9999 -9999 -9999 -9999 -9999 -9999 -9999 -9999 -9999 -9999 -9999 -9999 -9999 -9999 -9999 -9999 -9999 -9999 -9999 -9999 -9999 -9999 -9999 -9999 -9999 -9999 -9999 -9999 -9999 -9999 -9999 -9999 -9999 -9999 -9999 -9999 -9999 -9999 -9999 -9999 -9999 -9999 -9999 -9999 -9999 -9999 -9999 -9999 -9999 -9999 -9999 -9999 -9999 -9999 -9999 -9999 -9999 -9999 -9999 -9999 -9999 -9999 -9999 -9999 -9999 -9999 -9999 -9999 -9999
-9999 -9999 -9999 -9999 -9999 -9999 -9999 -9999 -9999 -9999 -9999 -9999 -9999 -9999 -9999 -9999 -9999 -9999 -9999 -9999 -9999 -9999 -9999 -9999 -9999 -9999 -9999 -9999 -9999 -9999 -9999 -9999 -9999 -9999 -9999 -9999 -9999 -9999 -9999 -9999 -9999 -9999 -9999 -9999 -9999 -9999 -9999 -9999 -9999 -9999 -9999 -9999 -9999 -9999 -9999 -9999 -9999 -9999 -9999 -9999 -9999 -9999 -9999 -9999 -9999 -9999 -9999 -9999 -9999 -9999
-9999 -9999 -9999 -9999 -9999 -9999 -9999 -9999 -9999 -9999 -9999 -9999 -9999 -9999 -9999 -9999 -9999 -9999 -9999 -9999 -9999 -9999 -9999 -9999 -9999 -9999 -9999 -9999 -9999 -9999 -9999 -9999 -9999 -9999 -9999 -9999 -9999 -9999 -9999 -9999 -9999 -9999 -9999 -9999 -9999 -9999 -9999 -9999 -9999 -9999 -9999 -9999 -9999 -9999 -9999 -9999 -9999 -9999 -9999 -9999 -9999 -9999 -9999 -9999 -9999 -9999 -9999 -9999 -9999 -9999
-9999 -9999 -9999 -9999 -9999 -9999 -9999 -9999 -9999 -9999 -9999 -9999 -9999 -9999 -9999 -9999 -9999 -9999 -9999 -9999 -9999 -9999 -9999 -9999 -9999 -9999 -9999 -9999 -9999 -9999 -9999 -9999 -9999 -9999 -9999 -9999 -9999 -9999 -9999 -9999 -9999 -9999 -9999 -9999 -9999 -9999 -9999 -9999 -9999 -9999 -9999 -9999 -9999 -9999 -9999 -9999 -9999 -9999 -9999 -9999 -9999 -9999 -9999 -9999 -9999 -9999 -9999 -9999 -9999 -9999
-9999 -9999 -9999 -9999 -9999 -9999 -9999 241.78000 -9999 -9999 -9999 -9999 -9999 -9999 -9999 -9999 -9999 -9999 -9999 -9999 -9999 -9999 -9999 -9999 -9999 -9999 -9999 -9999 -9999 -9999 -9999 -9999 -9999 -9999 -9999 -9999 -9999 -9999 -9999 -9999 -9999 -9999 -9999 -9999 -9999 -9999 -9999 -9999 -9999 -9999 -9999 -9999 -9999 -9999 -9999 -9999 -9999 -9999 -9999 -9999 -9999 -9999 -9999 -9999 -9999 -9999 -9999 -9999 -9999 -9999
-9999 -9999 -9999 238.56200 234.73399 241.16299 241.82300 242.98700 244.20599 242.48900 243.28000 241.82800 241.58299 239.43500 238.49400 235.25600 234.33600 229.16600 228.69099 229.08400 228.79700 229.46001 229.23000 -9999 -9999 -9999 -9999 -9999 -9999 -9999 -9999 -9999 -9999 -9999 -9999 -9999 -9999 -9999 -9999 -9999 -9999 -9999 -9999 -9999 -9999 -9999 -9999 -9999 -9999 -9999 -9999 -9999 -9999 -9999 -9999 -9999 -9999 -9999 -9999 -9999 -9999 -9999 -9999 -9999 -9999 -9999 -9999 -9999 -9999 -9999
-9999 -9999 -9999 -9999 -9999 243.81000 244.62000 243.47400 242.87399 239.83400 240.30200 241.72099 243.13499 243.99100 243.33501 240.11200 238.80099 240.69501 239.56100 239.22501 237.60800 240.71201 238.70399 -9999 -9999 -9999 -9999 -9999 -9999 -9999 -9999 -9999 -9999 -9999 -9999 -9999 -9999 -9999 -9999 -9999 -9999 -9999 -9999 -9999 -9999 -9999 -9999 -9999 -9999 -9999 -9999 -9999 -9999 -9999 -9999 -9999 -9999 -9999 -9999 -9999 -9999 -9999 -9999 -9999 -9999 -9999 -9999 -9999 -9999 -9999
242.84200 240.32300 239.83099 241.77200 241.76300 246.10400 245.68401 244.74899 245.02499 241.45900 241.86301 244.69501 244.17599 246.05901 244.87601 241.96100 241.16499 242.21300 240.80099 240.82201 239.32001 241.09599 240.98000 239.76401 241.51700 238.73399 238.28101 234.27901 234.59599 -9999 -9999 -9999 -9999 -9999 -9999 -9999 -9999 -9999 -9999 -9999 -9999 -9999 -9999 -9999 -9999 -9999 -9999 -9999 -9999 -9999 -9999 -9999 -9999 -9999 -9999 -9999 -9999 -9999 -9999 -9999 -9999 -9999 -9999 -9999 -9999 -9999 -9999 -9999 -9999 -9999
245.87100 245.47501 244.58299 244.84599 244.94000 249.07700 249.60201 246.14999 246.14000 243.34801 243.56799 248.18500 246.73599 243.14900 241.99400 246.08501 245.47000 244.72000 243.75900 243.61900 242.86700 242.92101 243.38901 243.19099 244.16701 241.03300 240.66499 227.61600 228.78101 233.52699 233.60400 233.48801 233.99800 233.30200 234.12300 237.03600 236.76500 234.50101 233.46500 238.68900 238.48199 239.52000 240.24300 238.57201 -9999 -9999 -9999 -9999 -9999 -9999 -9999 -9999 -9999 -9999 -9999 -9999 -9999 -9999 -9999 -9999 -9999 -9999 -9999 -9999 -9999 -9999 -9999 -9999 -9999 -9999
248.78500 247.96400 247.35201 248.14700 248.39101 252.17000 251.85500 247.10899 246.55901 244.32001 244.68600 250.39600 249.24400 245.21899 244.17500 248.22400 246.94800 246.68700 245.56500 245.41299 245.01900 246.01100 247.74300 245.87601 245.84500 244.43500 243.00500 230.42599 229.66901 235.50900 236.46700 237.68100 237.05701 236.10300 235.28799 239.61000 239.15700 236.14301 235.58501 240.48599 240.54300 242.03900 241.24001 239.94800 241.20500 -9999 -9999 -9999 -9999 -9999 -9999 -9999 -9999 -9999 -9999 -9999 -9999 -9999 -9999 -9999 -9999 -9999 -9999 -9999 -9999 -9999 -9999 -9999 -9999 -9999
255.43300 255.48399 255.75000 255.12601 257.61301 256.59799 255.98100 255.65199 254.16901 254.71100 252.57001 253.76500 252.07100 247.13100 245.21600 246.01300 244.81900 248.23100 242.42400 245.31400 246.15199 245.97600 246.71800 246.11099 246.72400 246.48599 246.15601 244.37601 242.67799 244.05099 245.30800 244.33600 243.58299 242.34900 242.02699 245.32201 245.14500 239.53500 237.51100 244.14999 244.16100 246.57899 246.03700 245.75800 245.91299 -9999 -9999 -9999 -9999 -9999 -9999 -9999 -9999 -9999 -9999 -9999 -9999 -9999 -9999 -9999 242.86099 238.67999 -9999 -9999 -9999 -9999 241.14700 243.75301 245.56200 244.30901
256.47601 256.50000 257.28799 258.13400 258.26700 257.12701 255.15199 256.02499 256.85199 255.90100 255.26900 254.26300 254.50400 248.48000 250.15100 250.10699 247.35100 247.22600 248.35899 249.75101 248.10201 249.27800 249.96600 248.42799 247.80600 246.40401 246.85500 245.62500 245.91800 247.43600 247.73100 246.53200 246.76900 245.84801 245.26700 248.03700 247.69400 241.88499 240.35100 245.79700 246.77600 248.19099 246.95000 247.22701 246.24001 243.25999 243.79300 241.87900 243.01300 249.77499 251.30299 248.73300 249.57001 250.86301 249.30200 249.56200 249.42101 248.73801 248.55901 245.13000 245.32001 241.25000 -9999 -9999 -9999 -9999 -9999 243.80701 245.00700 244.86301
257.26501 257.88699 254.14999 254.01601 255.85600 257.02701 254.54800 255.17900 255.55499 253.35100 251.61200 255.05800 256.53101 250.92400 251.54300 247.03000 246.86000 254.40900 251.75500 253.40800 251.90601 250.10400 249.71001 248.46600 248.61800 248.92999 248.50500 249.77100 248.59500 249.55299 249.94299 249.71800 247.76500 244.49300 244.26300 251.06400 249.14999 249.25900 248.32201 250.14101 248.95700 247.12399 248.62500 247.29800 247.57401 245.16800 244.12300 242.86501 243.69299 248.72900 250.49699 251.96899 251.06200 252.53400 254.57100 257.81601 254.99400 255.15100 255.14101 253.52499 250.52499 246.60001 246.96800 243.84300 242.34300 245.54401 246.15500 244.50700 244.92799 248.31400
257.39600 261.20200 266.05801 253.44901 258.97198 264.79999 261.29800 260.94501 260.71600 254.58701 254.44901 257.84100 259.27399 253.27699 249.24400 249.18201 248.97701 255.83000 255.01401 256.54700 255.99100 253.98100 252.51900 250.21800 251.48399 250.73700 251.22200 251.78000 252.33600 252.45700 251.77100 253.30099 251.66800 247.98000 247.71800 253.24800 251.65900 252.01801 250.58099 252.54500 251.60899 251.28799 250.42900 249.37801 249.66100 246.53400 246.81900 244.28400 244.70300 249.13200 250.22200 252.02000 252.48900 253.28600 253.42300 256.00299 258.55200 259.66501 259.99701 258.16400 258.64899 252.41701 255.77299 250.64101 245.98700 249.31000 248.45399 247.49500 246.66299 250.49200
249.71800 251.93600 255.10600 247.59801 242.79900 242.47800 241.33600 252.00600 254.20000 257.07599 255.56700 258.78000 259.23099 256.41901 253.17400 257.96399 257.83600 257.64001 256.51901 258.41101 260.86700 260.14999 260.11099 258.04199 257.78900 257.48401 256.74301 259.36899 258.57599 254.27600 254.96800 253.31200 252.79500 252.32201 250.71899 253.23599 252.87900 245.67799 245.44901 249.23100 249.74800 248.50800 246.86600 251.07899 251.14000 250.34300 247.58600 246.59000 245.25301 240.64700 242.73100 246.89700 248.17599 250.85899 251.79601 251.60300 251.43201 251.25700 255.07300 255.08800 256.14600 255.55000 256.55499 257.25000 254.53500 251.34500 248.39000 247.54300 245.63499 250.27299
244.68800 253.10600 255.89700 252.83299 251.99600 246.81300 243.84801 253.68300 256.36499 261.97198 259.87100 268.73199 268.15399 263.05701 260.42700 261.27100 259.83801 259.10901 258.35599 259.92401 261.19501 263.19199 260.69901 260.46899 260.36700 259.75800 258.83200 260.53699 261.09601 256.45001 255.49400 255.78200 255.98000 254.86800 252.89700 257.07999 256.73999 249.37399 248.55200 252.41600 253.69701 253.31000 251.02600 249.81400 250.49300 253.51500 251.74600 251.88000 249.43300 242.68800 244.72600 249.52800 249.42300 254.17000 252.63600 252.54601 256.76501 257.58401 260.27899 257.72699 256.08899 255.19901 255.51401 256.74200 259.47101 258.41901 257.26801 255.80400 252.80600 253.84000
248.64600 248.87399 252.62801 253.80000 255.91499 254.01700 247.35500 251.13000 249.83800 259.46899 257.84000 265.77399 271.03299 272.18701 272.78000 268.79300 264.61801 262.34299 260.09201 258.66800 258.81699 258.00201 258.67599 260.58701 260.06799 262.00800 262.15201 264.00299 263.97198 262.30399 262.83600 263.20901 262.84900 263.28000 262.66599 257.73499 258.64001 251.54401 252.10699 252.34300 251.22000 253.38600 253.14200 250.28200 249.94299 252.23100 250.50301 249.09599 248.62801 243.63200 244.45300 244.19701 246.67101 248.62100 249.14500 251.72200 251.87601 256.95300 258.85199 258.05399 262.03299 259.97501 257.86700 258.69299 257.39099 254.47099 254.61900 252.49500 253.20700 253.23199
254.90700 256.16501 256.11700 257.26901 260.11899 257.09399 255.46001 263.19800 258.95901 265.27600 262.37000 263.24899 266.10101 266.76999 268.83899 273.32199 273.04099 272.59000 270.74200 265.59900 264.60599 262.65799 262.19000 264.22198 263.51501 265.45200 265.02100 267.84100 267.89200 267.55801 269.14099 266.10501 269.44501 269.10599 267.41800 263.89499 263.04800 255.82201 255.21300 255.80400 255.28200 256.14200 255.27699 252.83200 253.14900 253.94000 254.89400 254.91499 254.50400 249.51100 249.06700 252.27100 253.60699 256.19601 256.94901 258.04800 258.67801 262.36200 261.32999 261.10400 264.28500 262.19199 262.67200 262.35001 258.70599 257.21701 257.80899 257.88501 255.75500 255.89400
270.04901 269.65701 273.69101 274.88000 274.82001 273.35101 274.72000 272.33099 268.63400 267.85800 266.54300 270.84698 270.73599 269.30399 268.19601 268.12100 268.84000 272.49500 273.67999 275.25601 273.45401 272.08099 270.09500 267.81699 267.08401 267.11200 267.98901 265.03101 268.35599 274.03000 273.43201 271.89801 271.50601 272.29300 270.02802 269.59100 265.31601 264.58899 263.35300 266.98700 265.08701 256.13300 254.34200 255.77400 257.42599 257.76700 257.33600 256.31500 254.46300 248.44400 251.14301 253.95900 252.97501 260.04199 261.01199 262.70001 266.48801 264.30301 266.96600 264.48099 263.20599 264.02802 263.51901 265.47900 264.77701 267.39999 264.43701 263.32001 259.87799 254.42599
272.96799 271.70200 272.05301 270.66901 270.89001 272.41199 275.54401 272.89001 273.72501 275.45099 271.68301 274.04800 279.92499 278.86099 275.15701 278.11099 293.14899 278.58801 268.30899 273.81699 278.85101 278.37601 277.07001 276.35501 269.05099 268.30801 269.95999 268.22699 270.42499 275.71799 274.47900 275.35400 274.41501 272.59601 271.19299 267.15500 266.65100 267.34100 265.14301 266.16800 267.26199 261.92999 255.99200 259.87100 260.20401 254.32401 254.66400 253.64500 256.59000 253.18800 255.34399 256.43701 255.53500 261.29700 260.44299 266.06299 267.66800 267.49701 269.18900 266.23199 265.17099 263.61301 264.14899 269.17700 269.55801 266.22501 263.11401 263.54001 258.38300 253.61099
276.53400 274.31500 273.42001 270.03500 270.28400 271.82001 272.68701 271.87701 273.11600 275.69501 276.22601 276.47299 277.34900 276.91199 274.60599 280.22501 279.89499 279.21500 275.03201 273.25900 270.87201 274.20001 274.69199 276.63800 274.48001 273.34500 270.97601 273.14499 274.57599 274.90399 274.46701 274.91699 272.18799 271.45901 270.14999 267.80701 266.29300 264.86401 264.84698 263.20999 264.76801 252.65300 252.01601 261.24600 260.74100 253.55000 252.32401 253.40199 256.25201 255.04201 258.41800 259.73499 258.42801 262.31100 265.73901 264.07001 264.06400 260.17401 258.90799 267.47198 264.30701 263.67099 262.70700 265.19000 263.64499 266.86099 265.57800 263.59100 263.16000 261.08200
278.17999 276.47601 276.81601 273.14999 273.95499 273.85199 271.92401 272.01999 271.38101 274.21899 273.82999 279.24799 282.56799 279.88000 275.58401 275.11200 277.98401 276.47400 275.15900 278.89001 276.66400 275.80301 273.08401 273.55301 275.57800 277.35501 277.74600 275.91400 277.44501 278.00201 278.89801 275.29901 274.56900 271.58600 270.38501 269.85999 270.56100 268.57800 269.09201 266.13901 269.55701 258.15601 253.99699 259.83401 263.23001 259.28799 253.06300 255.92101 256.41400 252.68100 255.89600 257.91299 252.77699 257.84100 256.81000 257.44699 259.56400 257.82599 260.76300 261.59500 264.20300 263.15799 263.38501 265.95099 266.09000 267.35800 264.98401 264.66501 263.96701 261.87100
281.85999 281.15100 283.25000 283.48199 282.97601 276.24899 275.67300 274.14499 274.39099 278.89600 282.04401 285.67999 285.82199 287.60400 283.60999 277.26599 276.01300 276.53601 277.45599 277.38699 276.76901 279.70599 277.97101 278.19601 278.50101 275.67899 275.00800 279.50601 278.78400 279.01401 280.26199 276.80200 275.72299 270.06299 272.98499 271.52499 266.75000 268.32199 270.37201 269.80701 269.43701 272.56100 272.67300 271.44400 269.07599 267.40201 266.21701 264.94601 265.01001 263.48199 265.94501 268.01700 269.34000 265.62500 265.75400 265.78101 264.46899 263.81799 260.50000 258.23999 257.20300 258.69699 262.31601 264.66901 265.77200 263.22800 261.64899 261.45901 260.74701 263.91800
280.93799 277.38699 280.39401 283.61801 284.92300 279.12500 275.57300 275.93701 273.93500 281.51901 280.78101 284.00601 282.76199 282.97400 284.80499 281.70700 279.43600 278.13599 274.97400 274.03699 272.28601 282.53299 278.19101 278.01901 277.85400 275.23001 279.23300 283.56601 281.53101 282.48801 280.68900 281.35999 277.63000 272.38901 273.58600 275.68799 269.64600 268.95200 270.41199 273.89200 274.00000 273.65601 274.71201 271.56799 270.37399 268.15799 267.20401 261.55801 265.47900 266.40900 266.16299 264.99301 266.74799 265.45901 265.31299 264.76599 263.62201 262.12399 259.74399 254.94701 256.30099 258.64700 261.40601 264.29999 266.52100 270.05701 268.17499 271.15601 269.82800 267.59100
280.31201 280.51199 280.54001 282.91299 285.81299 280.09698 323.57401 283.39401 279.56000 283.22800 282.91599 283.73300 284.85699 280.08899 280.85300 283.53601 278.67499 273.59299 270.98999 272.59299 272.80600 273.39999 276.26199 277.87299 275.10400 270.57199 270.80399 275.64099 277.20999 278.58499 279.19000 276.45099 275.72000 274.14001 273.25800 272.81900 270.60300 266.40302 269.15201 271.49500 273.71399 270.96600 271.60800 272.91501 267.53900 262.95499 259.72198 261.08499 259.32101 261.47601 261.14899 259.29001 260.77899 260.10599 263.86401 265.32300 266.73300 258.68799 255.75400 256.78201 258.59000 263.95200 265.08701 268.77399 275.12500 273.34698 272.71600 273.43600 272.19000 269.66599
280.56699 276.52301 278.69501 281.83499 281.29501 280.39401 281.36700 326.00800 303.80200 284.57800 286.42599 290.55399 287.27499 281.24301 283.69901 281.09399 277.04901 275.69101 272.42599 271.56699 271.26001 273.00400 276.71600 281.42499 270.95999 270.94601 270.54599 276.37100 277.15799 280.44501 283.21899 278.68701 276.64899 276.42499 276.39301 276.85901 272.16699 270.45700 270.53500 271.56000 271.06601 271.66501 265.91400 271.36401 266.32101 255.71201 254.70700 260.25699 262.07501 266.86899 263.51599 -9999 -9999 260.48401 260.00900 258.36600 263.13599 258.39099 257.57700 258.99200 263.81900 268.08801 275.29001 279.23801 295.47501 279.38400 289.41800 291.12500 289.37399 274.85300
285.54599 284.76099 279.46399 278.79501 281.21399 281.28299 279.06699 295.10101 279.32901 276.09601 278.73401 299.48700 279.26700 287.37201 285.91101 282.19000 279.83801 279.94299 276.14600 274.04099 277.19901 274.46600 272.99301 272.19601 268.22299 275.51501 271.93600 274.48801 274.07901 276.76801 277.03500 280.36301 276.63101 282.02600 284.82001 280.32501 278.64801 273.02499 267.48999 263.35101 -9999 -9999 -9999 -9999 261.25900 -9999 272.19901 281.42599 276.85501 275.65100 269.34201 -9999 -9999 270.32501 269.04999 265.09201 264.37000 259.55899 266.04501 269.69601 275.66901 281.17801 284.37100 285.54401 289.44299 283.53900 299.33600 301.76700 298.32901 285.94699
