data/hydroclimate-scenarios/BCSD_hadcm_A1B/monthly_summaries/isr_monthly_avg_dec.2070-2099.asc
ncols	311
nrows	91
xllcenter	102.75
yllcenter	31.75
cellsize	0.5
NODATA_value	-9999
[rows 32 to 63 of 91, columns 0 to 70 of 311]
-9999 -9999 -9999 -9999 -9999 -9999 -9999 -9999 -9999 -9999 -9999 25.49840 25.52730 25.43000 25.48530 25.68280 25.81130 25.68670 25.75330 25.69620 25.69200 25.54250 25.42700 25.13910 25.03890 25.19630 25.11900 25.02690 24.82830 24.68170 24.52800 24.41210 24.22580 24.16050 24.26220 23.84920 24.08550 24.16470 24.24160 24.35460 24.35340 24.35760 24.32830 24.44480 24.41510 24.47700 24.51050 24.63660 24.65050 24.62900 24.51340 24.81950 24.77700 24.89710 24.80540 24.68800 24.67290 24.63240 24.64900 24.78570 24.83130 24.79560 24.84780 24.99370 24.94510 24.77850 24.90710 24.65670 24.93110 25.07690 24.90010
-9999 -9999 -9999 -9999 -9999 -9999 -9999 -9999 -9999 -9999 -9999 27.04200 27.07860 26.78530 26.83840 27.13550 27.09520 27.02690 27.06250 27.02730 26.99120 26.88440 26.67640 26.37870 26.40520 26.55680 26.52140 26.20800 25.81320 25.49850 25.35530 25.23370 25.06840 24.73960 24.84280 24.47070 24.83880 25.14930 25.26760 25.64930 25.59670 25.81520 25.73370 25.74200 25.95950 26.09530 26.11000 26.13180 26.15670 26.08340 25.98320 26.20080 26.02390 25.98420 25.92900 25.93930 25.97130 25.97940 26.05800 26.03950 26.15930 26.08890 26.11370 26.30900 26.41480 26.35150 26.14970 25.93900 26.07190 26.08720 25.88530
-9999 -9999 -9999 -9999 -9999 -9999 -9999 -9999 -9999 -9999 -9999 -9999 28.16050 28.10710 28.10800 28.21360 28.27260 28.29420 28.28130 28.11230 28.07260 27.87220 27.91920 27.97270 27.79210 28.42730 28.13510 27.94910 26.95900 26.76360 26.36480 25.76570 25.73960 25.71360 25.64470 25.55520 26.02270 26.30860 26.52270 26.96580 27.25300 27.38550 27.39030 27.24290 27.32650 27.61310 27.59670 27.15730 27.05830 27.43230 27.24800 27.48210 27.43000 27.40030 27.38760 26.77560 26.76900 26.87480 26.95600 27.18130 27.30510 27.69590 27.85660 27.37020 27.39770 27.27410 27.05920 27.67490 28.15420 27.65020 27.02840
-9999 -9999 -9999 -9999 -9999 -9999 -9999 -9999 -9999 -9999 -9999 -9999 28.94760 29.00010 29.32090 29.33560 29.29420 29.39480 29.49800 29.32070 29.41830 29.94640 29.92790 29.90050 30.12970 29.53960 28.94560 29.06210 28.11860 28.20620 27.99780 27.04840 26.51270 26.50530 26.46910 26.62620 26.83370 27.13600 27.40340 27.80990 28.35060 28.66480 28.52680 28.44010 28.54240 28.73760 28.76860 28.43630 28.35700 28.84910 28.86280 28.70160 28.68420 28.67220 28.57310 27.95130 27.86370 28.06450 28.05600 28.39620 28.55570 29.43910 29.52250 28.99620 28.58570 28.27800 28.26230 28.86010 28.87640 28.39290 28.58060
-9999 -9999 -9999 -9999 -9999 -9999 -9999 -9999 -9999 -9999 -9999 -9999 30.10170 30.18730 29.93710 30.02500 30.23570 30.14760 30.55150 30.90120 31.23800 31.39930 31.22710 31.36790 30.73630 30.92130 30.01920 28.87740 29.05350 28.82890 28.35330 27.89450 27.88370 28.20230 27.97530 27.69700 27.82090 27.79850 28.03520 28.99330 29.81930 30.07210 29.77060 29.69590 29.83640 30.51750 30.69990 30.50340 30.16460 29.76460 29.65180 29.87400 29.54530 29.73490 29.52120 29.24900 29.15230 29.21370 29.30110 30.01080 30.15910 30.28280 30.22680 29.95760 29.98430 29.37840 29.21450 29.35520 29.73550 29.91580 29.67950
-9999 -9999 -9999 31.77230 31.68470 31.57070 31.54860 31.15670 31.18040 -9999 31.08880 31.40470 31.00100 31.02900 30.80580 30.66900 30.92150 30.78260 31.49230 31.92820 31.99160 31.74540 31.28630 31.22080 30.85680 31.05430 30.47550 30.73090 30.30820 31.25100 30.12880 29.06780 29.67900 30.32250 29.86580 29.21200 29.39600 29.51130 29.54730 30.31960 30.60590 30.60040 30.44620 30.71540 31.58460 32.69410 33.26400 32.24580 31.83450 31.67020 31.77170 31.89170 31.88680 32.52320 32.18850 32.66010 32.68920 31.48350 31.98760 31.83190 31.58510 31.57790 31.37190 31.72080 31.39350 30.48320 30.57400 30.91400 30.45390 31.13430 31.21560
-9999 -9999 -9999 32.27010 32.11780 32.03470 32.34400 32.01900 32.01670 32.08620 31.78710 31.95950 32.10030 31.64490 31.63830 31.87680 32.01960 31.69050 31.68280 31.98910 31.81440 32.55980 31.56880 30.92810 31.45620 31.78720 32.00080 31.40040 31.69290 32.80630 31.47070 31.85930 31.76400 32.12860 32.00950 31.74140 32.06270 31.99420 31.46130 31.93000 32.14650 31.40650 30.95180 32.41990 33.60710 34.34270 34.58260 33.07310 33.43500 33.54280 33.48710 33.59820 34.04330 34.47540 33.50550 34.03330 33.80690 33.92030 34.67280 34.38770 33.81290 33.08000 33.11690 32.61530 32.38010 32.13760 32.07510 31.15180 31.43370 32.34820 32.78620
-9999 -9999 -9999 32.62620 32.35090 32.84730 33.48220 32.98730 32.46500 32.51280 32.60740 32.99920 33.40280 33.50590 34.49510 33.51160 33.75610 33.45820 32.54880 32.74170 32.86530 33.64010 32.80950 33.11610 33.64670 33.35080 33.33580 32.59040 32.64100 34.12340 34.84220 35.02370 33.60910 33.52300 34.05110 33.75340 33.35510 32.80090 32.85210 33.03590 33.39600 32.78700 32.73710 33.27610 33.50800 34.62940 34.83730 34.79990 34.78770 35.25340 35.71930 34.90440 34.92480 35.24970 34.75950 35.38210 35.26520 35.21180 35.82690 36.02490 35.14390 34.36870 34.00800 34.26270 33.38160 33.98230 33.83110 33.54610 34.71540 35.31150 35.61340
-9999 -9999 -9999 33.78940 33.51890 34.35790 35.03690 34.39930 34.09510 34.28350 33.79590 33.73090 35.42740 35.94790 36.61970 35.81980 36.10440 36.83940 36.27740 35.51130 35.98150 36.63020 37.11790 36.35480 35.72840 35.19930 34.80210 34.78180 35.77080 37.22210 35.82610 33.62250 34.90250 36.14710 36.27700 35.67440 34.45610 33.38570 33.95170 34.17850 34.93890 35.61010 36.12470 36.33950 35.42160 36.13240 36.80810 36.33740 37.46390 37.41580 37.74960 36.58890 36.42060 37.58440 37.03970 36.78110 36.84290 37.67540 37.91900 38.03060 38.74030 36.75850 36.50860 36.31960 36.19550 36.67270 36.83860 36.69510 37.52320 37.82570 36.16710
-9999 -9999 -9999 34.51220 34.70620 35.39560 35.15900 34.98730 35.37870 35.20230 34.60690 35.70050 37.10330 38.25450 39.01990 38.48860 38.72180 38.39730 36.65870 35.77090 36.57120 37.55210 37.95870 36.26780 35.64920 35.55360 34.99360 34.80350 35.79720 37.41440 37.47970 36.78800 36.80770 36.87980 36.76020 37.01290 36.60520 35.47590 35.11120 35.58190 36.22300 36.49940 36.92880 37.51490 36.77480 36.67620 37.14990 37.24740 37.57200 38.35560 38.42760 37.05310 37.30820 39.36180 38.14720 39.00180 37.94750 38.23600 38.90450 40.19500 40.05900 38.77770 38.52720 39.82600 40.12780 39.08200 39.45740 39.63600 39.83000 38.32440 36.30990
-9999 -9999 -9999 -9999 35.51040 36.28640 35.92840 37.22040 37.45140 36.85840 36.13100 36.63490 39.49030 38.32740 -9999 -9999 -9999 -9999 -9999 39.74140 39.57180 38.74720 39.00070 39.25220 38.33250 37.19930 35.74340 36.24140 36.87840 37.01690 37.51980 37.65940 37.63940 37.21890 36.77660 36.86790 36.90110 36.09770 36.31650 36.23760 36.20860 36.29570 36.61670 37.63140 37.55810 37.50640 38.32270 39.08520 39.07810 38.49090 38.65500 38.52510 38.30250 40.21500 40.45580 41.33550 41.53420 41.50900 41.13710 41.59050 42.38620 42.57270 42.74400 42.28490 42.11750 42.40900 42.04910 39.62480 39.21560 -9999 -9999
-9999 -9999 36.95330 36.70130 37.03820 36.94000 37.33390 38.70320 38.22160 38.10250 37.32120 38.48250 40.98460 -9999 -9999 -9999 -9999 -9999 43.13850 41.30530 40.67330 39.01290 38.84850 39.45730 39.11370 38.82540 37.41140 37.23210 37.38950 37.75490 37.87860 38.07770 38.28410 38.11760 38.13710 38.00870 38.43330 38.00960 37.88980 37.67800 37.89970 37.67750 37.88580 38.20900 37.81120 38.06460 38.76000 38.85840 38.27390 38.31470 38.45800 38.67040 39.10370 39.92640 40.59950 40.50130 41.40110 42.14380 42.29110 42.06450 42.61330 42.71200 43.03540 42.82560 42.17330 43.03840 42.84150 -9999 -9999 -9999 -9999
-9999 -9999 39.71820 38.56120 38.10630 37.89420 38.12960 39.44980 39.44960 38.66130 39.20240 40.91700 41.18580 -9999 -9999 -9999 -9999 42.37260 44.75650 42.24680 41.81170 41.01930 40.51880 40.20220 39.43640 39.16990 39.10720 38.93250 38.62840 38.35390 38.82810 39.99710 39.68890 39.53160 39.84890 40.42280 40.20890 40.03600 40.46480 40.75570 40.72290 40.49420 40.82620 40.52510 40.63470 40.77130 40.72480 40.38510 39.72460 39.08250 39.09310 39.75880 39.99100 40.42690 40.70870 40.07610 40.62630 42.52550 43.19790 42.39250 42.27450 42.94230 41.99710 42.07130 42.00410 -9999 -9999 -9999 -9999 -9999 42.29060
-9999 -9999 40.85240 40.18240 39.79510 39.51760 39.58490 40.10710 40.47840 40.53140 41.78070 43.50840 38.27310 -9999 -9999 -9999 -9999 46.05220 45.48160 43.86180 43.01060 41.94850 41.01140 40.86460 40.80990 40.94070 41.29000 40.46430 40.56260 40.20020 40.76850 41.22460 41.47990 41.76390 41.70750 42.27830 42.45310 42.29430 42.81640 42.12280 42.01750 41.68030 41.68170 42.21350 41.84740 42.76330 43.09830 42.13450 41.79250 41.05830 40.80270 41.59750 41.62660 42.30730 42.69010 41.81840 42.00270 42.82210 42.76910 42.78190 41.95380 41.72000 42.04540 43.85350 45.25240 45.68010 44.33710 45.80400 44.94040 -9999 -9999
-9999 -9999 -9999 41.97610 41.91270 41.50920 41.12880 41.74700 42.69840 44.33990 44.44340 40.29430 -9999 -9999 -9999 -9999 46.56890 47.45900 45.13510 44.46810 43.51850 42.57810 42.22190 42.57420 42.56500 42.85820 42.71550 42.69670 42.67530 42.75790 42.65410 42.46410 42.25460 42.78300 42.59630 43.50310 43.25610 42.83240 42.82600 43.33900 43.44650 42.57640 42.93930 43.44050 43.29200 43.58470 43.42730 42.97400 42.81800 42.58660 43.52950 43.41060 43.18050 43.39860 44.36340 45.31600 45.17940 45.66560 45.21080 43.37350 42.82830 43.24170 44.31720 48.90400 50.97660 46.78490 45.42000 46.90700 45.70320 43.78730 -9999
-9999 -9999 -9999 -9999 43.29810 42.79210 42.49830 43.84570 44.88810 44.42940 41.77330 -9999 -9999 -9999 -9999 48.27740 48.39830 47.18970 45.90470 44.95290 44.22090 44.16290 44.20230 44.78740 44.76950 44.59800 44.26660 44.35050 44.63840 44.08970 43.87600 43.47510 43.47480 43.54970 43.99680 45.04310 45.13910 44.77180 44.92440 45.29060 45.52120 44.50460 44.36010 45.08860 44.67190 45.20120 45.28010 44.60980 44.25880 44.26730 44.50070 44.50370 44.99640 45.12060 45.25340 46.00250 46.38630 46.90770 47.05230 45.25830 46.09020 46.85220 47.41980 49.06690 50.70300 48.77150 46.97350 46.99320 47.96860 46.97920 46.88320
-9999 -9999 -9999 -9999 -9999 -9999 45.89820 46.03180 44.44420 44.40740 46.51090 -9999 -9999 -9999 -9999 -9999 48.99740 48.26860 46.93180 46.55990 46.36460 45.90550 46.18050 46.79590 46.70610 45.78550 45.45550 45.65810 45.92580 45.92530 46.00550 45.43150 45.26650 45.59560 45.23160 45.75770 46.25420 47.16020 46.89410 47.36140 47.47380 47.46610 47.30050 47.82980 47.48450 46.56050 46.37010 46.31010 46.48910 46.10630 46.46290 46.68930 46.94760 46.87010 47.31170 47.74410 47.80070 47.70960 47.56450 47.49210 48.11270 49.32580 50.06500 51.97520 52.78240 51.68620 49.19360 48.02310 48.46160 48.43290 48.35570
-9999 -9999 -9999 -9999 -9999 -9999 -9999 -9999 -9999 -9999 -9999 -9999 -9999 -9999 -9999 -9999 -9999 -9999 -9999 48.50810 48.25410 48.00260 47.88280 48.52000 48.34940 47.78730 47.87170 47.42010 47.43280 47.76520 47.90090 47.47340 47.92110 47.59080 47.62270 47.99950 48.04360 49.30190 49.43760 50.30700 50.65200 49.85570 49.41310 49.90770 49.80890 48.71620 48.41610 48.19960 48.02520 48.23570 48.47690 48.33920 48.93590 48.63420 49.14930 49.51880 49.51520 49.17040 49.30350 49.06390 50.72350 50.31660 51.70260 53.77960 54.00860 51.67790 49.81220 49.50450 49.65190 50.47700 50.82710
-9999 -9999 -9999 -9999 -9999 -9999 -9999 -9999 -9999 -9999 -9999 -9999 -9999 -9999 -9999 -9999 -9999 -9999 51.70060 51.51820 50.89890 49.76930 49.53210 50.65970 50.56810 50.69590 50.28910 50.30740 50.20150 49.49680 49.66710 50.34380 50.55610 50.19590 50.44100 50.44530 50.88630 51.07000 51.67560 52.31370 52.65330 51.99110 51.93390 51.86530 51.22480 51.17610 50.48080 50.11510 49.75350 49.86450 50.10800 50.43630 50.69750 50.73520 51.47660 51.16840 51.51350 52.03390 52.68730 50.91720 50.87550 50.78870 51.91970 53.16180 54.01490 52.51890 51.43900 50.96810 51.20150 51.05780 51.45690
-9999 -9999 -9999 -9999 -9999 -9999 -9999 -9999 -9999 -9999 -9999 -9999 -9999 -9999 -9999 -9999 -9999 53.90340 53.97210 53.00840 52.85720 52.12160 51.91330 52.87540 52.71900 52.71240 52.47650 52.64940 53.04850 52.23210 52.13260 52.50950 52.81620 51.88420 51.77920 52.73090 53.60120 53.96280 54.15350 54.80540 54.60630 54.39810 54.16070 53.49010 53.14050 53.12770 52.82260 52.39790 51.80820 51.50800 51.82550 51.94780 52.69160 52.93700 53.20750 52.91500 53.48330 53.70150 54.07010 52.28840 51.37520 52.23710 54.92490 56.17780 53.74950 53.65550 53.46250 53.16340 52.85340 52.53560 53.85180
-9999 -9999 -9999 -9999 -9999 -9999 -9999 -9999 -9999 -9999 -9999 -9999 -9999 -9999 -9999 -9999 -9999 56.16900 55.96400 55.85300 55.63480 54.49850 53.77980 54.72870 54.28440 54.74300 54.75460 54.36620 54.85330 54.61310 54.65570 53.95850 53.92310 53.61380 54.14850 54.85030 55.49770 56.03970 56.77780 56.95420 56.52680 56.52320 56.16620 55.72580 55.36940 54.81810 54.36640 55.21140 54.60830 52.73860 52.71580 53.31330 54.14750 54.65820 54.93870 55.48850 56.95260 55.57900 54.84100 54.28550 54.56760 55.52010 55.95050 57.11890 59.25840 57.37840 55.73570 55.80040 54.02580 53.41310 53.49480
-9999 -9999 -9999 -9999 -9999 -9999 -9999 -9999 -9999 -9999 -9999 -9999 -9999 -9999 -9999 -9999 58.58440 59.04020 58.85520 58.49370 57.15060 55.79070 55.84050 56.42350 56.22650 56.16760 56.08730 55.56780 56.08870 56.39170 56.21750 55.93230 55.55270 55.03800 55.47480 56.27050 56.95080 57.90770 58.75100 58.23220 57.98460 58.54570 58.30240 57.51250 56.86290 56.45660 56.51860 57.55870 57.24810 54.43410 54.58540 55.24950 56.11700 56.58640 56.67300 57.28510 57.10710 56.36500 56.31900 56.56450 56.32220 56.70280 57.60950 60.92980 59.32910 58.26680 57.93430 56.59210 54.35850 54.29370 55.15030
-9999 -9999 -9999 -9999 -9999 -9999 -9999 -9999 -9999 -9999 -9999 -9999 -9999 60.49990 61.58150 61.87220 62.10710 61.92630 60.61500 60.01510 59.26060 57.40940 56.90220 58.97510 58.72810 57.29990 56.77910 57.43250 57.79910 58.56440 58.27250 57.80980 58.10700 58.03900 58.28760 58.33860 58.68280 59.43150 59.81570 59.65070 59.62300 60.55160 60.46830 59.94150 59.28500 57.92280 57.91010 58.12040 58.36430 58.13780 57.64250 57.51760 57.84580 57.80790 57.81990 58.96080 58.46980 58.23080 57.93470 57.53250 57.86100 57.69130 58.07430 58.22590 57.36860 56.49850 56.02370 56.58330 56.55580 56.52200 58.01480
-9999 -9999 -9999 -9999 -9999 -9999 -9999 -9999 -9999 -9999 -9999 -9999 61.95700 63.10970 63.71860 64.10990 63.99500 63.28500 62.25740 61.42000 61.49170 58.99380 58.73070 61.06430 60.79870 58.75220 58.85110 58.86860 58.83290 59.53770 59.31710 59.74210 60.12510 59.95650 59.66590 59.34090 60.02070 59.91930 60.42690 59.86640 60.78030 62.19920 62.43190 61.66200 60.65630 59.50460 59.20920 59.91490 60.81750 61.11390 60.91930 60.12960 60.27200 59.59380 59.31080 60.11100 60.17390 60.50900 60.39280 60.06580 59.64790 58.48600 58.60630 58.61610 57.97130 56.60100 56.88170 57.83160 58.24580 59.57090 61.38800
-9999 -9999 -9999 -9999 -9999 -9999 -9999 -9999 -9999 -9999 -9999 66.87690 66.91910 66.99000 66.12850 65.38260 65.21450 65.50260 65.31140 63.97920 63.19810 62.23380 61.87100 61.31620 61.39940 61.94690 62.00530 60.89480 59.88310 61.29020 62.10490 61.55280 61.86610 62.57350 62.28970 62.06280 62.65980 61.63900 60.19620 59.91020 61.06660 62.01520 62.01150 61.62860 61.01130 60.27780 60.15990 62.30240 62.82950 63.30680 63.60830 62.90440 62.58380 62.72100 62.05350 62.39710 62.19270 62.45310 61.72190 59.75080 59.69660 58.27330 57.68790 57.91370 57.63470 56.89020 57.36940 58.43600 59.89990 62.20120 64.89780
-9999 -9999 -9999 -9999 -9999 -9999 -9999 -9999 -9999 -9999 68.16170 69.98400 69.11410 69.26880 68.40860 67.37700 67.56440 68.11080 67.74540 65.88650 64.91460 63.61040 63.46840 63.13910 62.84810 63.82890 63.74180 62.21970 61.72310 63.76230 64.52340 64.20700 64.79850 65.19440 65.53960 64.62790 65.27920 64.03350 62.67950 61.17800 62.00650 62.56240 62.76690 62.77820 62.39560 61.68150 61.34310 63.15460 63.77800 64.45960 65.38050 64.56310 64.83390 64.65400 64.16770 64.70950 64.39480 64.21830 62.73320 61.36660 61.48560 59.97160 59.69970 59.37760 59.33740 58.64680 58.75190 60.65840 62.74860 65.32030 67.66260
-9999 -9999 -9999 -9999 -9999 -9999 -9999 -9999 -9999 69.51620 70.27750 70.18490 70.66610 70.87810 70.50630 69.00140 69.05620 66.93640 65.75990 66.88490 65.93850 64.51680 64.00360 64.78720 64.59670 63.68060 63.44540 63.20610 63.27500 65.41680 65.88750 67.82450 68.55660 67.75630 68.71710 68.94930 68.34720 66.52520 65.60970 64.56740 63.58070 62.05100 61.84150 63.55260 63.56370 62.48690 62.09800 63.47060 63.87860 63.96880 65.12910 67.02160 67.48280 69.35700 69.79820 64.26570 63.39750 62.41020 62.37030 62.38220 62.21540 62.03990 61.97750 60.14870 59.72460 60.29210 60.36410 63.60160 65.79440 68.16330 68.01240
-9999 -9999 -9999 -9999 -9999 -9999 -9999 -9999 -9999 -9999 72.27600 72.04160 71.97640 72.26480 71.97020 70.86500 71.12000 69.66730 67.97210 69.50580 68.79470 65.43770 65.00600 -9999 -9999 -9999 -9999 -9999 -9999 68.20660 68.76880 70.34530 71.16150 70.54160 71.38100 71.93970 70.66510 68.57710 67.34900 65.49150 64.41880 61.20160 61.47360 64.22630 64.43650 64.03070 63.75650 64.61580 64.94460 64.99360 65.94310 68.54430 70.36580 71.27530 71.29710 65.77980 64.82470 64.23070 63.86580 64.33740 64.60890 64.47360 64.02970 62.72940 64.10520 63.07010 64.23350 67.04710 71.25110 72.29200 72.61600
-9999 -9999 -9999 -9999 -9999 -9999 -9999 -9999 -9999 -9999 -9999 -9999 70.14020 68.91930 69.40630 71.18870 71.95170 70.68460 70.01110 -9999 -9999 -9999 -9999 -9999 -9999 -9999 -9999 -9999 -9999 -9999 -9999 -9999 -9999 73.22210 74.29690 72.65320 71.80310 69.68380 68.04520 67.89290 67.34140 63.17840 63.67450 65.67510 65.58550 66.60990 66.45850 66.74730 66.98110 67.56470 69.08480 71.61370 72.41610 72.04760 70.84900 68.31960 68.25680 67.17500 66.82590 67.22320 67.89410 67.07730 67.31960 65.31790 64.97810 65.89750 67.59320 70.10600 72.33690 71.20680 72.16970
-9999 -9999 -9999 -9999 -9999 -9999 -9999 -9999 -9999 -9999 -9999 -9999 -9999 -9999 -9999 -9999 -9999 -9999 -9999 -9999 -9999 -9999 -9999 -9999 -9999 -9999 -9999 -9999 -9999 -9999 -9999 -9999 -9999 -9999 75.57170 74.31440 72.86370 70.92940 68.90780 69.97180 69.44940 65.74580 65.81660 66.69000 67.78290 68.70320 68.90710 68.95280 69.35410 69.61010 71.16120 73.71730 74.27150 73.33780 72.55960 70.27690 70.45800 71.40290 70.95800 70.81460 70.75690 69.50810 68.89990 67.75270 67.27940 68.75050 70.79320 74.15390 76.39740 74.42370 69.76340
-9999 -9999 -9999 -9999 -9999 -9999 -9999 -9999 -9999 -9999 -9999 -9999 -9999 -9999 -9999 -9999 -9999 -9999 -9999 -9999 -9999 -9999 -9999 -9999 -9999 -9999 -9999 -9999 -9999 -9999 -9999 -9999 -9999 -9999 77.31710 75.58470 75.18740 70.19060 67.35640 65.24570 65.67210 66.38750 67.09440 68.38500 68.61400 69.82760 70.17550 70.55100 70.88740 73.09600 74.44340 74.42870 74.17300 75.92380 75.03780 73.11570 71.73110 71.94890 72.19530 71.20400 70.79000 70.63220 71.71320 71.42010 71.07800 72.89560 73.44460 75.21450 77.09040 73.98360 -9999
-9999 -9999 -9999 -9999 -9999 -9999 -9999 -9999 -9999 -9999 -9999 -9999 -9999 -9999 -9999 -9999 -9999 -9999 -9999 -9999 -9999 -9999 -9999 -9999 -9999 -9999 -9999 -9999 -9999 -9999 -9999 -9999 -9999 -9999 -9999 -9999 -9999 -9999 68.16630 66.89260 66.81420 66.65370 66.61440 70.02530 70.57540 71.83020 72.67780 72.76710 74.08670 76.19970 77.54280 76.76280 76.83240 79.08520 77.85100 75.27430 73.80770 73.66860 73.91140 72.35400 72.23020 71.92510 73.35580 73.96790 76.44510 75.77800 75.97280 75.91060 72.96500 -9999 -9999
