data/hydroclimate-scenarios/BCSD_hadcm_A1B/monthly_summaries/isr_monthly_avg_sep.2070-2099.asc
ncols	311
nrows	91
xllcenter	102.75
yllcenter	31.75
cellsize	0.5
NODATA_value	-9999
[rows 31 to 61 of 91, columns 0 to 69 of 311]
-9999 -9999 -9999 -9999 -9999 -9999 -9999 -9999 -9999 -9999 -9999 112.66100 112.35500 112.23900 112.05000 112.98800 113.04600 113.62600 113.08200 113.20700 112.96400 113.01700 112.17400 112.88000 112.80700 113.56400 113.80700 114.82500 114.13900 115.59900 115.74300 114.99500 114.68000 114.15100 114.07000 113.44800 113.00600 114.56900 114.93600 113.15300 112.64700 114.11300 113.54400 114.84800 114.46100 114.61900 114.01700 112.67500 112.30400 113.40500 113.70000 112.49800 112.69400 114.24700 115.36400 115.48500 115.52600 115.67500 116.31700 115.51500 115.98600 116.22600 115.74300 114.97500 114.96000 114.24700 115.96900 116.31400 119.48500 121.69600
-9999 -9999 -9999 -9999 -9999 -9999 -9999 -9999 -9999 -9999 -9999 115.33400 115.08800 114.43600 114.20700 115.07000 114.86500 114.95100 114.75200 115.13900 115.21600 114.45700 113.63000 113.59600 113.67100 114.59500 115.08000 115.22600 115.83400 117.64900 117.62800 117.97400 117.36300 117.16600 118.03000 116.35600 115.77800 114.77700 115.32100 115.32700 114.98600 114.64500 113.85500 115.06900 115.48600 115.66300 115.68000 115.53300 116.01700 116.72700 116.86200 116.90200 117.12600 117.67500 117.41400 117.40700 117.82200 117.25800 117.16500 116.52000 116.66200 117.21600 117.05100 116.21100 115.68800 114.58500 115.99200 117.62000 120.16800 122.28900
-9999 -9999 -9999 -9999 -9999 -9999 -9999 -9999 -9999 -9999 -9999 117.99000 117.95200 117.33000 116.95800 117.23900 116.86700 116.76200 116.33400 117.59700 117.29300 116.22200 115.88800 116.24000 116.84400 118.71200 118.98600 119.24300 118.35100 119.74100 120.26200 120.38900 120.21800 120.25200 119.71400 118.54900 118.33000 117.92100 119.06300 119.74800 117.94000 118.22700 117.19800 118.27300 118.62400 119.13800 119.57800 118.87600 119.41000 120.11300 119.86400 119.81600 119.90400 119.37700 119.31000 119.55600 119.93000 119.71100 119.48100 119.34400 118.97000 119.50100 118.86700 117.88400 117.52500 117.80200 118.24300 119.54200 120.87100 122.10000
-9999 -9999 -9999 -9999 -9999 -9999 -9999 -9999 -9999 -9999 -9999 -9999 121.42900 120.74000 120.35900 119.59700 119.26500 119.62300 118.88900 118.43000 118.43100 118.67000 119.58500 120.41200 120.44300 123.89600 123.98000 125.40800 123.21600 122.55200 121.93300 122.92900 122.77200 122.90000 122.50700 121.65400 122.33800 120.59400 121.22400 121.18300 120.76500 120.80200 120.60400 118.01700 117.84700 118.44000 118.22700 117.94000 118.16900 120.54000 120.50200 121.53600 121.81200 122.59900 123.15000 121.63900 121.33500 120.26200 120.38200 120.42600 119.73400 120.54100 120.64700 120.41300 119.43200 120.58300 119.91400 122.45900 126.00400 126.09000
-9999 -9999 -9999 -9999 -9999 -9999 -9999 -9999 -9999 -9999 -9999 -9999 124.25800 123.38000 123.09900 122.31500 121.78000 121.49200 120.62600 121.42200 121.30300 124.22100 125.72100 125.82100 128.24400 127.79200 128.09000 129.63300 128.14600 127.82600 127.56200 127.75500 126.15800 125.12600 125.42400 125.21200 125.36700 123.38000 123.17100 123.47200 123.07600 123.98500 123.59400 121.09500 119.95400 119.55200 119.54800 120.17600 120.61400 123.72100 124.32700 124.65900 125.20100 125.44000 124.97500 123.75300 123.34200 121.79400 121.60000 122.32500 122.40000 125.26300 125.11600 124.15700 123.12300 122.14600 123.47900 125.12900 126.37000 125.68500
-9999 -9999 -9999 -9999 -9999 -9999 -9999 -9999 -9999 -9999 -9999 -9999 125.57700 124.74700 124.76600 124.81200 124.31400 124.55500 124.68700 123.55800 124.58100 126.59300 127.68800 129.06700 129.71400 130.17999 129.31700 129.56900 130.82500 129.48000 128.85500 128.93100 129.47900 130.25999 128.89200 127.14200 126.97200 126.52700 126.13500 125.29000 126.77200 127.69600 125.36900 122.49200 121.84900 120.80000 121.37500 122.48400 122.00400 122.71300 122.88700 125.14400 124.82000 126.20600 125.76200 123.86700 123.88600 124.68200 125.26200 125.01800 124.97000 126.28600 125.71300 125.99100 126.36400 125.99800 126.52400 126.15800 128.09900 126.62500
-9999 -9999 -9999 129.69800 129.66400 129.44901 128.95300 128.88800 129.07600 -9999 129.29601 127.94800 126.85700 127.02000 126.96200 127.55800 128.25000 127.14100 128.78999 128.79601 128.26500 128.87100 129.76900 130.18800 131.72900 130.82800 130.51801 135.08299 135.49800 138.04401 133.73599 132.89799 135.40601 137.85699 134.72099 133.40700 132.99600 132.12399 130.49400 129.29201 128.99001 129.48100 127.79600 125.29900 126.00200 127.16600 129.20799 126.68700 126.87500 126.87600 127.77900 130.65800 131.89301 134.58400 133.30400 133.31200 133.81400 130.26801 131.62601 129.07899 127.51200 128.33000 127.98800 129.62601 128.80701 127.87000 129.02699 129.35201 128.35899 128.22200
-9999 -9999 -9999 131.78000 131.72301 131.66400 132.13699 130.71800 130.57700 130.20500 129.36900 130.50600 131.03799 130.55099 131.68800 133.00101 133.47701 132.71800 133.34801 133.97501 132.56000 133.56000 131.62801 132.59200 134.61600 135.84200 137.83501 137.09200 139.03500 143.28900 140.08501 141.16800 139.90300 141.22099 139.53400 138.63901 139.56900 139.80499 135.98399 135.20399 134.72501 132.45000 130.75500 129.91299 130.94901 132.89900 132.94501 130.72200 132.00600 132.21700 132.67500 132.43900 133.90100 133.77100 130.79201 134.84500 133.66100 134.96700 136.91701 133.82800 132.59500 132.06599 132.24400 132.66701 132.52400 129.80600 130.36800 129.90100 130.29500 129.84000
-9999 -9999 -9999 133.39999 133.68800 134.49800 134.78000 133.26199 132.53999 132.04500 131.70900 133.53999 134.71600 136.57201 139.28500 137.41600 138.46600 137.48000 136.01401 136.18100 136.73300 137.80299 136.79601 139.48900 141.99800 141.17900 141.70200 140.19400 140.42599 147.88400 151.78101 149.76199 145.91200 143.46500 145.26500 145.09300 143.10500 141.64999 140.10899 138.73500 138.55901 136.94200 134.53600 131.85400 131.61200 132.81300 133.44600 133.93600 135.15900 136.72099 138.51700 134.39700 134.83299 135.13400 133.95599 137.41100 136.21300 136.65500 138.31500 136.84000 134.62300 134.69200 133.58701 135.47501 134.19600 133.17300 133.21300 134.01900 135.73500 135.46400
-9999 -9999 -9999 138.07800 137.49500 138.03999 137.35300 136.69000 136.98199 137.33000 136.65100 138.03799 142.59000 142.97600 144.41200 143.19000 144.45200 143.50301 142.92999 143.47701 146.00500 147.41600 149.06200 147.78200 146.20399 144.25700 143.61700 146.01500 150.57899 155.25400 152.48199 146.82700 150.34801 153.18500 152.42300 149.10100 144.68800 142.62300 143.50400 141.69800 141.73700 141.43800 141.88300 138.05701 134.27499 135.72000 138.24800 137.01801 140.37399 138.66800 140.46201 136.62100 136.89999 139.87399 137.53799 140.63400 140.11900 141.08600 141.54601 139.89900 141.36400 137.68300 136.56799 135.59500 135.27699 133.82100 134.51100 136.00000 138.93500 138.61501
-9999 -9999 -9999 140.87000 140.75800 141.46001 140.76199 140.03101 140.90199 140.22099 138.45799 142.83099 147.04800 148.84900 149.75400 149.04300 150.36700 147.86900 143.80099 143.25600 147.35699 149.63300 151.84100 147.01100 146.93401 145.12000 143.37801 145.91499 150.10100 155.14500 156.25200 155.76300 156.19400 153.69400 152.44299 152.31700 150.41000 147.67999 145.58600 144.31300 145.07100 144.10201 144.21400 143.29201 140.08099 139.10400 139.75900 140.52901 140.89301 140.91800 141.28500 138.40199 139.75101 143.55901 139.56799 145.29601 142.73100 141.97400 142.91499 144.24200 142.96201 141.36900 140.43100 141.34000 140.72800 137.66299 138.37900 140.56400 141.22600 137.30000
-9999 -9999 -9999 -9999 144.43300 145.75200 145.00900 147.66400 148.64400 146.78999 144.40700 146.67799 153.77400 150.03600 -9999 -9999 -9999 -9999 -9999 154.60500 155.93600 154.08400 155.38800 158.23900 156.49400 152.29300 147.69600 151.07700 153.46600 154.34500 155.89000 156.69501 157.45900 156.43300 152.77699 147.57100 147.46201 149.80200 149.14400 146.66701 145.61700 145.48801 146.33701 146.61900 145.24001 143.84900 144.30701 143.96500 143.11000 144.12300 145.08200 145.61099 144.74001 149.04800 150.00999 151.68100 150.81000 150.37900 148.78600 144.38300 145.23500 145.78999 144.67200 143.44400 142.03000 142.77200 140.95300 136.33501 134.48599 -9999
-9999 -9999 146.99699 146.95399 147.67799 147.78900 148.00200 151.20100 150.32800 149.20900 147.16701 149.88600 156.83800 -9999 -9999 -9999 -9999 -9999 161.85500 158.73801 158.95200 155.40900 155.22800 157.40199 157.78999 155.67599 151.25200 152.07201 152.80499 154.83099 155.74300 156.21500 155.98801 157.01300 155.77699 148.85100 149.94000 153.12601 152.85400 149.93201 149.58800 148.72000 148.46500 146.55200 145.06700 144.59801 145.42300 143.11301 141.96201 142.89101 143.71201 143.46001 144.64900 146.03200 148.40100 147.57600 148.60600 150.82300 150.70200 144.43201 144.92900 143.81900 142.28400 142.51100 141.45399 141.15401 140.02499 -9999 -9999 -9999
-9999 -9999 149.80701 149.48100 148.80200 150.49100 150.72600 154.07300 152.72701 152.77699 153.87199 155.28000 155.46400 -9999 -9999 -9999 -9999 157.08299 165.64500 160.60100 161.91200 159.55901 159.24899 157.57899 155.43900 154.57800 154.94701 156.44299 156.08299 156.95100 158.94400 160.38901 158.46800 158.13100 157.83900 156.69701 156.19299 155.90401 157.36000 157.32100 155.72400 154.39700 153.28999 151.42799 151.79401 148.25101 147.39400 147.11301 144.67999 145.04800 144.81300 144.13200 144.23700 145.05099 145.57500 144.53000 146.02699 147.81400 148.84599 144.82899 143.17700 144.01500 141.22000 139.63000 137.08701 -9999 -9999 -9999 -9999 -9999
-9999 -9999 151.08701 152.73801 152.59100 153.76500 153.89000 155.05299 155.36000 156.36501 158.60001 159.56200 152.09100 -9999 -9999 -9999 -9999 165.70200 165.82800 163.64900 163.91400 160.96500 159.58099 157.36000 157.67400 157.93300 159.43800 158.79401 159.46800 160.67799 162.30299 161.74600 161.58701 162.72200 160.48199 160.76300 160.52600 160.93300 161.74500 158.81300 157.71700 154.04500 152.46500 153.74200 152.64799 152.25101 152.07700 150.84100 149.76700 148.82500 146.59000 146.81799 146.53799 147.32001 147.94901 145.75900 145.73700 146.15700 145.40601 142.41200 139.52400 138.17000 137.46899 140.86700 143.44200 144.82500 139.53900 140.85600 138.43201 -9999
-9999 -9999 -9999 155.66400 156.84500 157.33299 156.57800 155.89301 157.29601 160.49400 158.77299 155.67300 -9999 -9999 -9999 -9999 167.99100 169.96001 166.72000 165.75800 165.21400 162.41499 162.64000 159.92300 160.00999 163.03500 163.28200 163.10100 162.63901 165.35201 165.34500 164.13100 162.59200 164.58800 163.50700 162.27299 161.24699 160.38600 159.91600 160.97200 159.95500 156.44000 155.48900 154.68300 152.87801 152.81599 152.17999 150.18700 150.77000 148.82001 150.61600 152.28799 150.85400 151.49100 153.05701 151.77499 151.23100 150.95799 149.61000 145.99100 144.30800 144.60100 147.76700 154.11400 157.13901 149.09100 144.34500 143.06000 140.15300 140.05701
-9999 -9999 -9999 -9999 158.12100 159.18201 158.83600 160.07201 161.29800 160.03600 157.17300 -9999 -9999 -9999 -9999 167.48900 169.92500 167.83299 166.32401 166.64799 166.00800 164.70500 165.40100 163.58501 164.00600 165.48100 164.69901 164.31799 165.39700 165.14999 165.93800 164.07600 163.20900 164.53799 165.43900 164.51801 163.40100 162.61600 162.91200 164.21600 163.49500 160.06200 158.17200 156.47200 155.08501 154.79300 154.91901 152.72600 152.12199 150.09700 150.28000 152.16000 152.59900 152.48199 151.35800 149.97900 149.41901 151.39101 150.87100 149.17900 150.61400 151.66200 152.02400 153.64101 155.67101 151.48801 146.08800 142.62000 143.93800 142.75800
-9999 -9999 -9999 -9999 -9999 -9999 161.45500 162.44501 160.28400 159.86200 160.82899 -9999 -9999 -9999 -9999 -9999 169.48801 168.59000 168.37500 168.69501 169.43201 166.62000 169.78000 167.77000 167.35400 167.87000 167.05000 166.95599 166.60300 166.47000 167.02800 165.69901 164.72099 166.00700 165.41400 165.29300 166.52800 167.60300 166.30299 166.91800 166.47400 166.00700 164.31000 161.80499 160.57201 157.95300 156.77699 155.09700 155.25101 153.83099 153.15199 155.23599 154.60100 154.35800 154.19400 151.13000 150.93300 151.07300 151.25400 151.76700 153.76500 154.89600 155.90601 158.09100 159.83200 154.74300 148.92700 145.43401 146.07001 145.85699
-9999 -9999 -9999 -9999 -9999 -9999 -9999 -9999 -9999 -9999 -9999 -9999 -9999 -9999 -9999 -9999 -9999 -9999 -9999 171.83501 171.65601 169.90900 170.64101 168.27699 167.94600 170.40800 169.92599 166.89600 167.22200 167.49500 168.61400 167.61301 169.05099 168.25400 167.79500 168.94200 167.99500 169.53500 169.73199 170.90601 171.49100 169.52800 167.34801 165.37300 163.41200 161.42500 159.99200 157.67300 157.37601 156.26300 155.67101 156.69000 156.15500 155.22501 155.20200 153.23900 152.90300 152.14700 153.31200 154.70599 158.36501 157.04300 157.75000 161.20100 161.07600 153.80299 148.17300 145.71100 145.98900 149.05701
-9999 -9999 -9999 -9999 -9999 -9999 -9999 -9999 -9999 -9999 -9999 -9999 -9999 -9999 -9999 -9999 -9999 -9999 174.27400 171.50900 170.78400 170.24500 169.49100 170.70500 170.08200 171.87700 170.69501 170.03000 170.75500 171.60899 171.37399 170.46201 170.93401 170.32300 170.23300 171.28900 171.20000 170.76500 172.27100 172.20399 172.78999 170.31599 169.44800 169.03799 167.87000 166.27299 163.38901 160.42999 159.29700 158.97000 157.87100 155.78101 154.77100 155.16600 155.32700 154.96100 155.35699 158.18800 160.24500 158.20300 158.04300 156.05200 158.34599 160.21300 161.23000 156.13200 151.59100 149.20799 148.32700 149.49500
-9999 -9999 -9999 -9999 -9999 -9999 -9999 -9999 -9999 -9999 -9999 -9999 -9999 -9999 -9999 -9999 -9999 176.49200 177.10699 172.32201 172.26199 173.12601 172.72800 172.86700 172.05099 172.97701 172.26601 172.70399 174.76601 175.25000 175.39301 172.45799 172.97400 170.91600 170.84700 174.75500 175.81300 175.18201 174.73100 174.23300 173.98900 172.46500 171.76500 170.50000 169.37100 166.98599 165.82500 163.58900 161.46001 160.54201 159.49600 156.45799 156.51500 157.60600 157.39600 157.70100 159.27100 160.70100 161.37000 159.85500 156.18401 156.83701 163.20000 164.38300 158.12700 156.01500 154.98199 151.54800 150.05499 150.60001
-9999 -9999 -9999 -9999 -9999 -9999 -9999 -9999 -9999 -9999 -9999 -9999 -9999 -9999 -9999 -9999 -9999 179.89000 179.52000 178.34200 178.02200 177.45300 175.76900 172.97701 170.30499 174.14101 174.31900 174.52499 175.94099 176.65100 176.99100 174.79300 174.02901 170.66499 172.45599 177.61000 178.15800 176.21800 177.85800 175.52000 174.35600 172.87801 171.53101 171.18800 170.15199 166.31700 165.22800 166.99600 165.38600 161.77000 160.76700 157.02100 157.20100 157.44400 156.84700 159.11800 162.34500 162.34700 160.93900 159.46899 160.62199 161.55701 161.88400 164.14000 167.35800 163.54401 158.30701 157.78000 153.23500 152.05099
-9999 -9999 -9999 -9999 -9999 -9999 -9999 -9999 -9999 -9999 -9999 -9999 -9999 -9999 -9999 -9999 184.14000 185.21400 185.74100 182.07001 179.31100 177.34000 177.12500 174.02400 171.40900 175.73801 175.24400 174.52499 176.00101 177.35600 177.49300 175.21899 174.93401 172.21800 172.59000 177.56900 179.10001 178.38699 179.83299 175.71500 174.58800 173.97800 173.22099 172.15700 170.49300 167.46100 167.29601 169.50999 167.31400 163.98300 162.10400 159.06000 159.01100 159.39600 159.08000 160.35800 161.20500 162.10201 161.87801 163.05600 162.00200 162.02000 163.89101 169.78000 166.21899 164.08900 161.04300 157.29500 152.80200 153.09399
-9999 -9999 -9999 -9999 -9999 -9999 -9999 -9999 -9999 -9999 -9999 -9999 -9999 183.87900 186.20399 186.58600 187.34399 189.02901 186.09399 183.83299 181.63000 182.44400 180.63499 179.40401 179.11400 176.93900 176.83501 176.96700 177.03101 177.05701 176.60400 176.22501 176.44099 177.20200 178.20000 176.72701 177.29700 177.88300 178.95599 178.45300 176.63499 174.87801 173.38300 170.96400 170.16800 168.66400 168.45300 168.38200 168.42999 165.05299 164.01801 161.99800 162.21700 161.06000 160.46400 162.12900 162.50500 163.10800 162.99400 161.86200 162.21899 161.59399 162.10699 161.75600 158.71100 154.93100 154.11700 156.02901 155.48300 156.26401
-9999 -9999 -9999 -9999 -9999 -9999 -9999 -9999 -9999 -9999 -9999 -9999 184.53500 187.69299 189.26700 189.04601 188.17200 187.74001 187.20900 183.70900 184.19299 183.03900 181.57600 181.34801 181.15199 179.34900 178.94501 178.91800 179.48300 178.43800 177.53400 177.41100 177.83200 178.87801 178.92200 177.37000 178.11501 178.79700 180.71400 178.13100 177.80901 176.52499 174.45200 172.66901 171.21500 169.86700 169.57100 169.17200 168.98199 166.67300 166.24200 164.11000 164.31400 163.14000 162.19800 161.83200 163.47400 165.61600 166.43700 165.52100 164.06900 161.67500 161.42900 160.94600 158.73399 156.42000 155.69099 157.02901 157.34399 161.05200
-9999 -9999 -9999 -9999 -9999 -9999 -9999 -9999 -9999 -9999 -9999 191.45500 191.34599 191.96500 189.23199 188.78799 187.72800 188.91200 188.97000 186.35699 185.30600 184.04201 182.98300 183.93300 183.90500 184.05200 183.73500 180.61501 179.10100 178.92500 179.50999 181.05701 181.93600 181.86700 181.70100 181.32899 183.35001 182.21300 181.41701 180.52200 178.32700 177.51100 175.11400 174.06300 173.38699 171.36200 171.05499 169.90500 169.90700 170.61700 170.25700 171.15700 170.42101 169.34300 167.83600 166.79201 166.21899 166.67200 164.27000 163.08400 162.17101 158.82001 157.95000 158.73700 157.60300 156.81000 156.59000 158.24600 161.27699 164.99001
-9999 -9999 -9999 -9999 -9999 -9999 -9999 -9999 -9999 -9999 197.08600 194.49899 192.28999 193.26801 190.03900 189.86900 189.76601 190.95300 191.41200 187.75700 186.93900 185.51900 184.68500 185.70700 185.19701 185.13699 185.24600 181.63600 181.36600 181.94600 181.60699 183.30800 183.74800 183.58701 184.39301 184.09700 185.47900 183.77100 181.84700 180.87100 178.60699 176.18700 174.09801 174.39700 173.86000 172.32600 171.98599 171.02800 171.12100 171.50500 172.50900 173.12700 172.24300 172.16100 171.15199 169.82401 170.21001 168.73700 164.43401 163.53300 162.97800 160.63400 160.06100 160.41800 159.60500 159.14500 158.50500 161.07800 164.80200 169.76199
-9999 -9999 -9999 -9999 -9999 -9999 -9999 -9999 -9999 196.49400 196.78600 194.53900 195.38800 195.89700 194.13600 194.15800 193.57001 191.70799 189.89301 188.78600 188.44800 188.43700 188.11099 190.05499 189.56700 188.74400 188.05701 187.26601 187.30400 186.81500 186.19600 185.88000 186.03700 187.52901 189.13901 190.49500 191.11400 186.94099 185.44501 181.98300 179.76500 175.37100 173.73100 173.64200 173.40700 173.44600 172.98000 173.33099 173.13499 172.43201 173.78200 176.59599 176.98599 178.93300 179.79100 172.23599 170.58900 168.71201 168.25600 164.90100 164.08600 162.95300 162.11400 162.35600 161.90700 162.36400 163.16000 166.90601 169.47099 171.33400
-9999 -9999 -9999 -9999 -9999 -9999 -9999 -9999 -9999 -9999 197.60300 195.75101 195.93600 195.83501 194.24200 194.73300 194.79800 193.81000 193.08400 192.57100 192.77901 191.76900 190.96300 -9999 -9999 -9999 -9999 -9999 -9999 189.19901 188.98599 187.47000 188.09700 189.88000 190.98300 192.29300 191.94200 187.15700 184.88600 182.36600 180.02000 175.55701 174.47800 174.66400 174.25301 174.13200 174.27400 174.30701 174.77000 173.66800 174.84500 177.38699 180.17400 180.69600 180.98599 172.91400 170.30299 170.61000 169.84399 166.25900 165.52800 165.22000 164.70500 164.42000 167.78400 165.66600 167.74400 171.13699 176.88000 175.71100
-9999 -9999 -9999 -9999 -9999 -9999 -9999 -9999 -9999 -9999 -9999 -9999 200.48801 200.05000 199.70200 194.47701 194.87199 195.50700 195.63300 -9999 -9999 -9999 -9999 -9999 -9999 -9999 -9999 -9999 -9999 -9999 -9999 -9999 -9999 193.22000 194.71300 193.60300 192.18201 189.07899 185.87399 184.06799 181.95700 179.71800 179.25900 178.14200 177.05600 175.62399 175.63400 175.53200 175.77200 175.61900 176.96300 181.79201 183.24899 182.57300 180.26900 176.92300 176.35800 174.80901 172.98500 170.22400 169.09399 169.48399 169.49699 167.18201 166.80901 166.37399 168.46600 171.80901 174.07100 171.28999
-9999 -9999 -9999 -9999 -9999 -9999 -9999 -9999 -9999 -9999 -9999 -9999 -9999 -9999 -9999 -9999 -9999 -9999 -9999 -9999 -9999 -9999 -9999 -9999 -9999 -9999 -9999 -9999 -9999 -9999 -9999 -9999 -9999 -9999 195.75500 194.36400 190.91000 189.82300 186.58400 184.67599 183.08200 181.23801 180.69099 179.19099 178.80099 176.94701 177.41000 177.12300 177.86301 177.29401 178.33900 182.78400 183.74100 182.94299 181.50101 178.38901 178.92400 180.22800 178.43900 173.34900 172.09900 171.34599 169.36200 168.08600 167.50200 169.10500 172.71201 176.07500 177.75301 173.51900
