data/hydroclimate-scenarios/BCSD_hadcm_A1B/monthly_summaries/isr_monthly_avg_dec.2030-2059.asc
ncols	311
nrows	91
xllcenter	102.75
yllcenter	31.75
cellsize	0.5
NODATA_value	-9999
[rows 32 to 63 of 91, columns 0 to 70 of 311]
-9999 -9999 -9999 -9999 -9999 -9999 -9999 -9999 -9999 -9999 -9999 25.24530 25.28280 25.24130 25.31830 25.32910 25.56980 25.34810 25.46010 25.54820 25.54400 25.48150 25.36050 25.08300 24.98120 25.26430 25.21380 25.07060 24.89020 24.66360 24.50830 24.58410 24.46330 24.10430 24.17820 23.91940 24.14270 24.26730 24.37070 24.47660 24.50050 24.48140 24.45400 24.54910 24.52380 24.43000 24.49700 24.66100 24.70190 24.71690 24.55530 24.72710 24.67380 24.81120 24.71920 24.55360 24.52720 24.31990 24.34760 24.61510 24.62610 24.55610 24.61290 24.62070 24.54090 24.58430 24.83050 24.64480 25.13710 25.38660 25.28340
-9999 -9999 -9999 -9999 -9999 -9999 -9999 -9999 -9999 -9999 -9999 26.74440 26.76640 26.56410 26.62800 26.60050 26.58540 26.63360 26.76050 26.81910 26.79680 26.83110 26.61780 26.34560 26.36290 26.69330 26.62060 26.19170 25.84280 25.50740 25.31340 25.39470 25.26370 24.70230 24.78700 24.70120 24.95520 25.28490 25.39760 25.87650 25.80120 25.87020 25.87650 25.88000 26.15760 26.10160 26.15060 26.13230 26.20690 26.14630 26.03240 26.04760 25.87700 25.94190 25.82670 25.72430 25.73680 25.65430 25.69960 25.75260 25.84150 25.80570 25.75940 25.77960 25.88890 26.04490 25.94990 25.77460 26.13960 26.48210 26.31330
-9999 -9999 -9999 -9999 -9999 -9999 -9999 -9999 -9999 -9999 -9999 -9999 27.97910 27.85980 27.89400 27.98580 28.06320 28.03020 28.08330 28.17150 28.14170 27.96170 28.02610 28.02990 27.83990 28.54530 28.27500 27.77280 26.79600 26.50290 26.22180 25.88210 25.86470 25.72330 25.71220 25.44620 25.84900 26.19830 26.43920 27.04530 27.32880 27.53240 27.59370 27.39310 27.48430 27.50280 27.51420 27.32000 27.20430 27.38690 27.18750 27.18640 27.16220 27.22350 27.24150 27.07520 26.96340 26.88040 26.93010 26.87260 26.93730 27.24470 27.41430 27.38050 27.33690 27.34640 27.18240 27.26090 28.01630 27.99960 27.16170
-9999 -9999 -9999 -9999 -9999 -9999 -9999 -9999 -9999 -9999 -9999 -9999 28.91350 28.89480 29.23760 29.07640 29.12010 29.12410 29.25900 29.36140 29.46460 29.94610 29.94750 29.92420 29.96170 29.75520 29.15020 28.85280 27.96800 27.96480 27.80030 27.30550 26.66700 26.45190 26.54420 26.54900 26.69930 27.06060 27.30200 27.84740 28.40190 28.89350 28.87350 28.71840 28.85080 28.80490 28.81900 28.62630 28.48770 28.76550 28.69420 28.30190 28.29830 28.40580 28.24970 28.08070 27.95530 27.65900 27.74950 27.90180 28.06770 28.93170 29.02050 28.83740 28.57530 28.30960 28.41370 28.45250 28.56590 28.47110 28.75940
-9999 -9999 -9999 -9999 -9999 -9999 -9999 -9999 -9999 -9999 -9999 -9999 30.06600 29.93910 29.69980 29.93890 30.16070 30.50260 30.90460 31.02110 31.31770 31.55230 31.40910 31.33230 30.62850 30.63960 29.71560 28.81110 28.96370 28.72080 28.26430 27.92860 27.97240 27.78060 27.50310 27.37390 27.48270 27.73620 27.96820 29.01060 29.82320 30.19390 29.92260 29.92050 30.04970 30.54890 30.65240 30.48190 30.08370 29.87830 29.70620 29.63730 29.25620 29.52260 29.25970 29.18640 29.05980 29.08220 29.20350 29.67930 29.89560 30.13120 30.03020 29.56640 29.64860 29.42950 29.25110 29.36500 29.84970 29.80860 29.70620
-9999 -9999 -9999 31.47270 31.39480 31.09200 31.15660 31.14270 31.08380 -9999 31.02570 31.37740 31.08590 30.85570 30.71760 30.77030 30.95640 31.25940 32.00630 32.14200 32.21320 31.92750 31.43850 31.20720 30.82620 30.76910 30.21150 30.68900 30.22030 31.23410 30.04820 29.10060 29.63390 30.14470 29.36310 29.23520 29.50460 29.57270 29.64260 30.35900 30.70200 30.83910 30.78150 30.95600 31.69650 32.44300 32.90380 32.15450 31.70980 31.69160 31.59090 31.51020 31.40930 32.28550 31.89010 32.39670 32.39660 31.34720 32.02960 31.59570 31.16900 31.43060 31.27410 31.28270 31.01420 30.50970 30.67400 31.00580 30.54140 31.14920 31.27630
-9999 -9999 -9999 32.38500 32.24300 31.91060 32.19530 32.21430 32.17000 32.35100 32.18990 31.91140 32.04530 31.79270 31.93930 32.63010 32.83420 32.27780 32.35000 32.28450 32.02550 32.58430 31.56080 31.17130 31.53150 31.48960 31.70960 31.92970 32.23300 32.79660 31.66310 31.35680 31.33920 31.57130 31.42110 31.19230 31.42320 31.61720 31.15040 32.02820 32.30180 31.53760 31.34170 32.33530 33.17900 33.83900 34.01410 32.81270 32.81100 33.00910 33.05400 33.45770 33.71730 33.87830 32.74990 33.16900 32.86020 33.04460 33.70670 33.70370 33.21180 33.02590 33.10540 32.98130 32.99930 31.79260 31.70970 31.16200 31.52620 32.69530 33.37540
-9999 -9999 -9999 32.68780 32.43080 32.75200 33.36610 33.26760 32.97840 32.99790 33.10880 33.15930 33.36530 33.99830 34.74180 34.34040 34.60130 34.16080 33.24640 33.06440 33.19270 33.62660 32.86590 33.05740 33.42550 33.15380 33.09570 33.16250 33.19830 34.33830 35.43420 34.29420 32.97940 32.94320 33.34080 33.21730 32.92870 32.30970 32.46620 33.10830 33.53090 32.89760 32.99770 33.18660 33.49880 34.42870 34.50340 34.22510 34.23970 34.85350 35.36830 34.83920 34.57500 34.55130 34.03620 34.47170 34.01400 34.26520 34.85510 35.24320 34.53150 34.33460 34.28510 34.73300 34.19550 33.67600 33.52420 33.71340 34.66140 35.84720 36.35890
-9999 -9999 -9999 33.54110 33.17050 34.19870 34.83670 34.69630 34.46610 34.33820 33.79490 33.80320 35.43720 36.34660 36.82260 36.23090 36.47980 36.75810 36.15620 35.23970 35.65910 36.15930 36.43840 35.63200 35.08500 34.90610 34.58260 35.25280 36.12260 37.21180 36.07290 33.72590 35.01620 35.74380 35.82460 34.99910 34.13050 33.32820 34.00030 34.25590 34.86310 35.45710 36.20940 36.30470 35.28450 35.94510 36.64930 36.37290 37.12590 36.97320 37.29340 36.22400 35.99820 36.37910 35.94500 35.71120 35.69200 36.34100 36.62780 37.14690 37.90940 36.29490 36.20040 36.37230 36.42270 35.87540 36.03120 36.56340 37.47550 38.47470 36.69880
-9999 -9999 -9999 34.32820 34.36640 35.35460 35.14060 35.38970 35.87310 35.30300 34.76630 35.84020 37.01500 38.58130 39.28770 38.75540 39.02720 38.49010 36.68620 35.47290 36.25300 37.14400 37.40750 35.82270 35.35980 35.38160 34.78980 35.30780 36.27470 37.62600 37.64120 36.94780 37.02700 36.66100 36.28810 36.64130 36.33650 35.43080 35.17790 35.48570 36.06480 36.29690 36.76360 37.38180 36.64420 36.51240 36.94240 37.46320 37.48490 38.03740 38.02960 36.84500 37.01180 38.18670 37.05090 37.96270 37.07120 37.25270 37.85660 39.25520 39.41590 38.37410 38.44350 39.57980 39.75950 38.26130 38.56150 39.45080 39.74160 38.78360 36.84260
-9999 -9999 -9999 -9999 35.68990 36.08170 35.84950 37.34860 37.62920 37.23390 36.45480 37.06110 39.53680 38.56830 -9999 -9999 -9999 -9999 -9999 39.34000 39.20530 38.60680 38.80650 39.79790 38.88260 37.37500 35.98070 36.26600 37.08780 36.98820 37.55180 37.43560 37.45140 37.20390 36.77860 36.41870 36.46760 36.15870 36.36000 36.65880 36.56450 36.78710 37.03100 37.44700 37.26980 37.34810 38.06530 38.67320 38.38810 38.54620 38.64660 38.68740 38.17070 39.87100 40.10740 40.87560 40.97920 40.77860 40.58240 40.31330 41.03640 41.42220 41.56530 41.46420 41.60010 42.02320 41.49360 40.72810 40.02020 -9999 -9999
-9999 -9999 37.43100 36.81520 37.16620 36.86690 37.24910 38.85620 38.46540 38.52010 37.84010 38.94090 41.13120 -9999 -9999 -9999 -9999 -9999 43.19990 41.07150 40.50430 38.77600 38.67420 39.97480 39.69210 39.10120 37.65630 37.30380 37.43940 37.75910 37.87210 37.91190 38.11570 38.08900 38.06470 37.75160 38.02440 37.99870 37.89910 38.04150 38.30310 38.02350 38.25550 38.14840 37.79420 37.97560 38.55900 38.44430 38.10760 38.39790 38.63660 38.05350 38.74380 38.76730 39.77890 40.03220 40.61840 41.97400 42.15020 41.16760 41.78150 41.80970 42.16050 42.33400 42.41840 42.53910 42.16390 -9999 -9999 -9999 -9999
-9999 -9999 39.75730 38.82090 38.39360 37.96010 38.15170 39.59920 39.55920 39.37230 40.12850 41.43080 41.76970 -9999 -9999 -9999 -9999 42.14000 44.70070 41.99560 41.61890 40.62630 40.12250 40.59860 39.44770 39.09240 39.10920 38.98040 38.74080 38.54570 39.06540 39.96340 39.72310 39.80860 40.05960 39.54280 39.35230 39.62600 40.01790 40.82410 40.95910 40.43260 40.77990 40.80160 40.94940 40.50670 40.46410 40.58440 40.00610 39.97600 39.94080 38.97410 39.16200 39.76310 39.99230 39.26140 39.91390 42.17240 42.77730 42.08070 42.13520 42.81710 42.36510 41.90740 41.60630 -9999 -9999 -9999 -9999 -9999 43.07500
-9999 -9999 41.00880 40.61100 40.23330 39.62420 39.64760 40.38460 40.70460 41.31590 42.75200 43.86960 38.68690 -9999 -9999 -9999 -9999 45.93070 45.42770 43.72400 42.93320 41.35640 40.47210 40.92680 40.84680 40.89570 41.20350 40.65650 40.70380 40.41690 41.04980 41.30940 41.55210 42.09110 42.00890 41.49360 41.64520 41.91940 42.29520 42.42110 42.30160 41.53690 41.57140 42.47560 42.21140 42.62610 42.78360 42.39580 42.02520 41.99560 41.56720 40.79130 40.82060 41.48330 41.87500 40.86210 40.99330 42.67710 42.67550 42.52850 41.43290 41.57400 41.99990 43.39400 45.25780 46.32490 44.53820 45.13140 44.93450 -9999 -9999
-9999 -9999 -9999 42.19270 42.22820 41.98010 41.49340 41.94680 42.78310 44.11240 43.99370 40.83540 -9999 -9999 -9999 -9999 46.25870 47.35160 44.90260 44.54850 43.29300 42.58310 42.66910 42.57000 42.55800 42.62500 42.48980 42.64590 42.60550 43.22360 43.17590 42.90910 42.64040 42.57830 42.38820 43.18760 42.98470 42.66470 42.64200 43.07590 43.16890 42.87740 43.17380 43.32240 43.25760 43.55010 42.95250 42.86430 42.63570 42.31340 43.13370 43.14600 42.79280 43.37890 44.17560 44.43350 44.41470 45.62260 45.20360 42.89150 42.45410 43.01940 45.75420 49.60210 51.44010 47.40780 45.53510 46.47360 45.74920 44.43040 -9999
-9999 -9999 -9999 -9999 43.48920 43.32450 42.98930 44.07850 45.06480 44.25690 42.02080 -9999 -9999 -9999 -9999 47.95450 48.15860 47.02880 45.83580 45.28540 44.48900 44.12240 44.63730 44.79500 44.79040 44.32130 44.02050 44.32060 44.56030 44.52890 44.39030 43.83260 43.82530 43.37260 43.78520 44.81300 44.86020 44.61390 44.76950 45.10620 45.21710 44.82230 44.74950 44.95660 44.65930 44.73690 44.82550 44.50990 44.04080 43.77390 44.14220 44.05050 44.49270 44.66520 44.71430 45.01490 45.23480 46.66190 46.81380 44.78270 45.83150 47.77230 48.46990 49.47750 51.12470 49.40210 47.11000 47.06100 47.85430 47.58330 47.54670
-9999 -9999 -9999 -9999 -9999 -9999 46.70760 46.58980 44.95440 44.60250 46.30770 -9999 -9999 -9999 -9999 -9999 48.77460 48.59140 47.85310 46.72240 46.55930 45.46450 45.83490 47.20480 47.12330 46.05800 45.67380 46.21020 46.16250 45.98620 46.10120 45.94510 45.77610 45.65940 45.34060 46.38470 46.86440 47.56400 47.08710 47.58990 47.70240 47.79070 47.67710 47.24220 46.75890 46.70500 46.38500 45.81440 45.95160 45.58130 45.75790 45.84720 46.05940 46.28140 46.65510 46.60480 46.65010 47.54010 47.57610 46.98910 47.84850 49.46670 50.28560 53.19730 54.09220 52.94360 49.45920 47.87070 48.38440 49.03450 49.13450
-9999 -9999 -9999 -9999 -9999 -9999 -9999 -9999 -9999 -9999 -9999 -9999 -9999 -9999 -9999 -9999 -9999 -9999 -9999 48.67730 48.41710 47.60000 47.37530 48.92000 48.74550 48.01710 48.09470 47.75960 47.78840 47.78250 47.91430 47.95750 48.44910 47.69460 47.73430 48.69730 48.72520 49.60080 49.75070 50.46900 50.86370 50.25970 49.73490 49.22140 49.02820 48.86680 48.36350 47.71120 47.48860 47.61040 47.78180 47.50250 48.03830 48.01080 48.44210 48.41010 48.40890 48.85720 49.24660 48.65000 50.69540 50.23390 51.65470 54.90910 55.22280 52.19040 50.10040 49.42710 49.76720 51.08330 51.58170
-9999 -9999 -9999 -9999 -9999 -9999 -9999 -9999 -9999 -9999 -9999 -9999 -9999 -9999 -9999 -9999 -9999 -9999 51.86830 51.74910 51.20800 50.79780 50.42070 50.58090 50.47080 50.62840 50.22650 50.17170 50.09580 49.24900 49.43040 50.18720 50.45040 50.34680 50.59840 50.89270 51.32460 51.75150 52.27480 52.87530 53.20960 52.94860 52.75270 51.70880 51.00450 51.04400 50.16770 49.68860 49.24800 49.26290 49.40840 49.63180 49.83850 50.12890 50.75860 50.96210 51.20280 51.68280 52.58870 51.05460 51.03930 50.91790 52.63730 54.36090 55.43790 52.73410 51.78450 51.61490 51.89750 51.57780 52.15770
-9999 -9999 -9999 -9999 -9999 -9999 -9999 -9999 -9999 -9999 -9999 -9999 -9999 -9999 -9999 -9999 -9999 54.00780 54.13560 53.31380 53.13790 53.08870 52.80610 52.75350 52.56220 52.54660 52.34320 52.47830 52.86880 51.99290 51.83260 52.36130 52.69490 52.12930 52.04650 53.21300 54.06480 54.72840 54.90520 55.40370 55.25470 55.32310 55.07140 53.26440 52.91960 52.90080 52.45310 52.03790 51.41140 50.87960 51.14000 51.25630 51.88720 52.41850 52.64750 52.77410 53.28050 53.50540 53.86550 52.21140 51.26710 52.25390 55.56530 57.46470 53.59960 54.02500 53.96040 53.91530 53.70100 53.24090 54.68330
-9999 -9999 -9999 -9999 -9999 -9999 -9999 -9999 -9999 -9999 -9999 -9999 -9999 -9999 -9999 -9999 -9999 56.00390 55.86500 56.18780 55.90840 55.73610 55.05320 54.42330 53.96760 54.97080 54.98530 54.66260 55.14770 54.96380 54.98170 53.98850 53.67450 53.52240 54.15980 55.07190 55.76800 56.56690 57.25590 57.09740 56.66820 56.59440 56.17520 55.31470 54.95390 54.64650 54.13930 54.87510 54.34110 52.42450 52.41350 53.11770 53.71250 54.44100 54.65680 54.35190 55.52010 55.97080 55.49450 54.80570 55.15290 55.72630 56.24570 56.89530 58.83160 57.59090 55.56210 56.46230 54.58650 54.18970 54.09380
-9999 -9999 -9999 -9999 -9999 -9999 -9999 -9999 -9999 -9999 -9999 -9999 -9999 -9999 -9999 -9999 59.04620 58.94350 58.88920 58.93550 57.42650 57.04790 57.08630 56.19810 55.93070 56.53400 56.47350 56.49480 56.63420 56.70490 56.53770 55.71210 55.39700 55.10230 55.43670 56.50940 57.23850 58.51410 59.27820 58.64330 58.39340 58.56760 58.32850 57.05400 56.58950 56.29970 56.39030 57.15570 56.66260 54.22380 54.40930 55.25040 55.89130 56.38410 56.44040 56.17840 56.06890 56.88910 56.69240 57.09860 56.88280 56.64760 57.92090 60.41450 59.17060 58.37200 57.67570 57.20020 55.49170 55.15020 56.11720
-9999 -9999 -9999 -9999 -9999 -9999 -9999 -9999 -9999 -9999 -9999 -9999 -9999 60.83220 62.05940 62.58340 62.78140 61.19870 59.79440 60.08560 59.28400 58.42980 57.89520 58.29020 58.05170 57.21360 57.03340 57.09400 57.49110 58.73880 58.49220 56.96940 57.25180 57.38370 57.61840 57.71820 58.07090 59.49010 59.91160 59.86640 59.79270 60.40390 60.18400 59.58430 58.79840 58.34720 58.14430 57.89660 58.13370 57.80510 57.38500 57.71250 57.93950 57.83320 57.81960 58.11020 57.84010 57.93790 57.74870 57.76130 58.13280 58.19490 58.58830 58.05470 57.05620 55.98030 55.82210 56.78960 56.97020 57.73240 59.38590
-9999 -9999 -9999 -9999 -9999 -9999 -9999 -9999 -9999 -9999 -9999 -9999 62.82900 63.88720 64.64280 64.98660 64.50970 62.27680 62.76680 61.70150 61.46580 59.78270 59.36880 60.38710 60.13040 59.10810 58.88600 58.47550 58.44040 60.10310 59.87260 58.28720 58.60810 59.33480 59.16710 59.09190 59.37430 60.49420 61.01720 60.50250 61.37730 62.30680 62.53160 61.64410 60.74520 60.19440 59.79100 59.87370 60.59560 60.90870 60.68530 60.44570 60.48950 60.02770 59.75880 59.69350 59.82800 60.38280 60.57770 60.45060 60.07210 59.09570 59.04290 58.60820 57.74250 57.12730 57.47630 58.43110 59.03200 60.75480 62.99650
-9999 -9999 -9999 -9999 -9999 -9999 -9999 -9999 -9999 -9999 -9999 67.06040 66.94990 66.87620 65.86290 65.95600 65.68310 64.51090 64.33960 63.79360 63.02760 61.55280 61.20570 61.55720 61.68700 59.93810 59.79160 60.13510 59.02680 60.66300 61.54730 61.78980 62.10790 62.90240 62.63900 61.14010 61.38390 61.28390 59.93730 60.70090 61.74890 63.03210 63.11750 63.00080 62.39070 61.79090 61.64280 61.86830 62.36950 62.89390 63.14260 63.95330 63.56690 63.62320 62.96080 61.62810 61.51430 62.35020 61.67780 60.50080 60.49590 59.96300 59.54540 58.92190 58.49410 58.36630 59.04850 59.98130 62.21140 64.19830 66.87170
-9999 -9999 -9999 -9999 -9999 -9999 -9999 -9999 -9999 -9999 69.49040 69.94770 69.01260 68.95740 68.06000 68.10540 68.22580 66.99460 66.64590 65.13790 64.65670 63.11820 63.01550 63.40780 63.15500 61.72370 61.67870 61.67250 61.24340 62.82700 63.92000 64.22380 64.91470 65.33630 65.88870 63.62240 63.93470 63.62330 62.35490 62.31610 63.07520 63.92670 64.20740 64.24630 63.85740 63.42660 63.03030 63.15240 63.73600 64.13530 65.00950 65.94830 66.08130 65.77390 65.51500 64.12190 63.71140 64.19350 63.03810 61.97890 62.13090 62.04620 61.83100 60.63860 60.59680 60.04980 60.26270 62.27850 65.13490 67.44810 69.69370
-9999 -9999 -9999 -9999 -9999 -9999 -9999 -9999 -9999 68.44000 69.14050 69.90020 70.36800 70.02950 69.69970 69.26760 69.25900 66.02710 64.98330 67.17640 66.65480 66.86200 66.32020 65.37070 65.19320 65.03460 64.80760 66.18420 66.22650 65.53730 66.00140 67.61870 68.31770 67.22930 68.25500 68.39230 67.95250 67.16590 66.42530 65.43930 65.00330 64.62080 64.83600 65.25670 65.22760 64.70360 64.31120 61.68350 62.02380 63.80960 64.87450 67.69340 68.25730 69.32050 69.62710 65.79130 64.99520 64.65550 64.31880 64.15090 63.99820 63.63360 63.58940 62.96120 62.49490 62.76040 63.23510 65.53280 68.02360 70.33250 70.36470
-9999 -9999 -9999 -9999 -9999 -9999 -9999 -9999 -9999 -9999 71.02700 71.83890 71.74620 71.42610 71.32620 71.00360 71.08560 68.30500 67.07850 69.79010 69.35230 69.00690 68.56650 -9999 -9999 -9999 -9999 -9999 -9999 68.33540 68.89800 70.17780 70.97550 70.01720 70.89630 71.16950 70.06760 69.23720 68.75660 67.24260 65.89040 64.46290 64.41590 66.54660 66.65180 66.61260 66.53540 63.15540 63.34100 64.33610 66.41870 69.69230 71.31950 71.22830 71.46660 67.39030 66.76120 66.58730 66.20540 66.29090 66.53640 66.53620 66.18170 65.64430 66.87550 65.73920 67.33250 69.00160 74.29510 74.43580 75.12270
-9999 -9999 -9999 -9999 -9999 -9999 -9999 -9999 -9999 -9999 -9999 -9999 72.69430 72.75500 72.90930 70.07620 70.37440 70.63120 69.98430 -9999 -9999 -9999 -9999 -9999 -9999 -9999 -9999 -9999 -9999 -9999 -9999 -9999 -9999 73.60760 74.83030 72.58400 71.70730 68.11210 67.08170 67.74400 67.42410 65.94670 66.39980 68.16920 68.07780 69.00960 69.11250 66.59430 66.81740 66.88940 67.88070 71.27850 72.04760 71.66680 70.37910 68.97440 68.89530 69.73890 69.54790 69.05700 69.49420 69.27030 69.61550 68.00000 67.72480 68.67600 70.05760 71.89050 73.81910 72.67550 73.77180
-9999 -9999 -9999 -9999 -9999 -9999 -9999 -9999 -9999 -9999 -9999 -9999 -9999 -9999 -9999 -9999 -9999 -9999 -9999 -9999 -9999 -9999 -9999 -9999 -9999 -9999 -9999 -9999 -9999 -9999 -9999 -9999 -9999 -9999 76.16090 74.24680 72.91480 70.88960 69.13560 69.79710 69.52790 69.01710 69.05390 69.65090 70.18380 71.18850 71.54570 69.08570 69.29900 69.02390 70.36240 73.00820 73.44780 72.95250 72.19720 70.97580 71.12300 73.55450 73.48450 72.71290 72.50220 72.06090 71.78510 69.78070 69.31010 71.54270 73.31240 76.19880 77.80640 75.88430 72.97200
-9999 -9999 -9999 -9999 -9999 -9999 -9999 -9999 -9999 -9999 -9999 -9999 -9999 -9999 -9999 -9999 -9999 -9999 -9999 -9999 -9999 -9999 -9999 -9999 -9999 -9999 -9999 -9999 -9999 -9999 -9999 -9999 -9999 -9999 77.59050 78.02110 77.58900 72.04650 70.17140 71.00990 70.56550 69.19540 69.77980 71.36970 70.89640 71.62720 71.78820 72.91690 73.13230 73.15040 74.02930 76.66530 76.44770 77.60210 76.92760 74.14650 73.07130 73.79020 74.06500 74.15980 73.61330 73.28490 74.04300 75.04410 75.07070 76.14090 77.07000 78.87540 80.69010 78.36440 -9999
-9999 -9999 -9999 -9999 -9999 -9999 -9999 -9999 -9999 -9999 -9999 -9999 -9999 -9999 -9999 -9999 -9999 -9999 -9999 -9999 -9999 -9999 -9999 -9999 -9999 -9999 -9999 -9999 -9999 -9999 -9999 -9999 -9999 -9999 -9999 -9999 -9999 -9999 70.74830 72.38800 72.31500 71.27690 70.86420 71.38810 72.11980 73.48270 74.06110 75.53790 76.17750 76.13290 76.88920 79.53800 79.60260 81.12990 79.92970 76.52770 75.20970 75.54640 75.84170 74.98020 74.86750 74.47410 76.23290 77.98350 79.49170 79.39690 79.99650 80.58440 78.46190 -9999 -9999
