data/hydroclimate-scenarios/BCSD_hadcm_A1B/monthly_summaries/isr_monthly_avg_jul.2070-2099.asc
ncols	311
nrows	91
xllcenter	102.75
yllcenter	31.75
cellsize	0.5
NODATA_value	-9999
[rows 0 to 30 of 91, columns 70 to 139 of 311]
-9999 -9999 -9999 -9999 -9999 -9999 -9999 -9999 -9999 -9999 -9999 -9999 -9999 -9999 -9999 -9999 -9999 -9999 -9999 -9999 -9999 -9999 -9999 -9999 -9999 -9999 -9999 -9999 -9999 -9999 -9999 -9999 -9999 -9999 -9999 -9999 -9999 -9999 -9999 -9999 -9999 -9999 -9999 -9999 -9999 -9999 -9999 -9999 -9999 -9999 -9999 -9999 -9999 -9999 -9999 -9999 -9999 -9999 -9999 -9999 -9999 -9999 -9999 -9999 -9999 -9999 -9999 -9999 -9999 -9999
-9999 -9999 -9999 -9999 -9999 -9999 -9999 -9999 -9999 -9999 -9999 -9999 -9999 -9999 -9999 -9999 -9999 -9999 -9999 -9999 -9999 -9999 -9999 -9999 -9999 -9999 -9999 -9999 -9999 -9999 -9999 -9999 -9999 -9999 -9999 -9999 -9999 -9999 -9999 -9999 -9999 -9999 -9999 -9999 -9999 -9999 -9999 -9999 -9999 -9999 -9999 -9999 -9999 -9999 -9999 -9999 -9999 -9999 -9999 -9999 -9999 -9999 -9999 -9999 -9999 -9999 -9999 -9999 -9999 -9999
-9999 -9999 -9999 -9999 -9999 -9999 -9999 -9999 -9999 -9999 -9999 -9999 -9999 -9999 -9999 -9999 -9999 -9999 -9999 -9999 -9999 -9999 -9999 -9999 -9999 -9999 -9999 -9999 -9999 -9999 -9999 -9999 -9999 -9999 -9999 -9999 -9999 -9999 -9999 -9999 -9999 -9999 -9999 -9999 -9999 -9999 -9999 -9999 -9999 -9999 -9999 -9999 -9999 -9999 -9999 -9999 -9999 -9999 -9999 -9999 -9999 -9999 -9999 -9999 -9999 -9999 -9999 -9999 -9999 -9999
-9999 -9999 -9999 -9999 -9999 -9999 -9999 -9999 -9999 -9999 -9999 -9999 -9999 -9999 -9999 -9999 -9999 -9999 -9999 -9999 -9999 -9999 -9999 -9999 -9999 -9999 -9999 -9999 -9999 -9999 -9999 -9999 -9999 -9999 -9999 -9999 -9999 -9999 -9999 -9999 -9999 -9999 -9999 -9999 -9999 -9999 -9999 -9999 -9999 -9999 -9999 -9999 -9999 -9999 -9999 -9999 -9999 -9999 -9999 -9999 -9999 -9999 -9999 -9999 -9999 -9999 -9999 -9999 -9999 -9999
-9999 -9999 -9999 -9999 -9999 -9999 -9999 -9999 -9999 -9999 -9999 -9999 -9999 -9999 -9999 -9999 -9999 -9999 -9999 -9999 -9999 -9999 -9999 -9999 -9999 -9999 -9999 -9999 -9999 -9999 -9999 -9999 -9999 -9999 -9999 -9999 -9999 -9999 -9999 -9999 -9999 -9999 -9999 -9999 -9999 -9999 -9999 -9999 -9999 -9999 -9999 -9999 -9999 -9999 -9999 -9999 -9999 -9999 -9999 -9999 -9999 -9999 -9999 -9999 -9999 -9999 -9999 -9999 -9999 -9999
-9999 -9999 -9999 -9999 -9999 -9999 -9999 -9999 -9999 -9999 -9999 -9999 -9999 -9999 -9999 -9999 -9999 -9999 -9999 -9999 -9999 -9999 -9999 -9999 -9999 -9999 -9999 -9999 -9999 -9999 -9999 -9999 -9999 -9999 -9999 -9999 -9999 -9999 -9999 -9999 -9999 -9999 -9999 -9999 -9999 -9999 -9999 -9999 -9999 -9999 -9999 -9999 -9999 -9999 -9999 -9999 -9999 -9999 -9999 -9999 -9999 -9999 -9999 -9999 -9999 -9999 -9999 -9999 -9999 -9999
-9999 -9999 -9999 -9999 -9999 -9999 -9999 -9999 -9999 -9999 -9999 -9999 -9999 -9999 -9999 -9999 -9999 -9999 -9999 -9999 -9999 -9999 -9999 -9999 -9999 -9999 -9999 -9999 -9999 -9999 -9999 -9999 -9999 -9999 -9999 -9999 -9999 -9999 -9999 -9999 -9999 -9999 -9999 -9999 -9999 -9999 -9999 -9999 -9999 -9999 -9999 -9999 -9999 -9999 -9999 -9999 -9999 -9999 -9999 -9999 -9999 -9999 -9999 -9999 -9999 -9999 -9999 -9999 -9999 -9999
-9999 -9999 -9999 -9999 -9999 -9999 -9999 -9999 -9999 -9999 -9999 -9999 -9999 -9999 -9999 -9999 -9999 -9999 -9999 -9999 -9999 -9999 -9999 -9999 -9999 -9999 -9999 -9999 -9999 -9999 -9999 -9999 -9999 -9999 -9999 -9999 -9999 -9999 -9999 -9999 -9999 -9999 -9999 -9999 -9999 -9999 -9999 -9999 -9999 -9999 -9999 -9999 -9999 -9999 -9999 -9999 -9999 -9999 -9999 -9999 -9999 -9999 -9999 -9999 -9999 -9999 -9999 -9999 -9999 -9999
-9999 -9999 -9999 -9999 -9999 -9999 -9999 254.87700 -9999 -9999 -9999 -9999 -9999 -9999 -9999 -9999 -9999 -9999 -9999 -9999 -9999 -9999 -9999 -9999 -9999 -9999 -9999 -9999 -9999 -9999 -9999 -9999 -9999 -9999 -9999 -9999 -9999 -9999 -9999 -9999 -9999 -9999 -9999 -9999 -9999 -9999 -9999 -9999 -9999 -9999 -9999 -9999 -9999 -9999 -9999 -9999 -9999 -9999 -9999 -9999 -9999 -9999 -9999 -9999 -9999 -9999 -9999 -9999 -9999 -9999
-9999 -9999 -9999 264.28201 245.69501 252.45399 253.11600 255.82500 255.64200 257.69901 258.41101 254.53500 255.55200 250.63499 250.44200 249.71700 249.53400 247.75600 247.37601 255.12500 255.06599 253.50700 252.96800 -9999 -9999 -9999 -9999 -9999 -9999 -9999 -9999 -9999 -9999 -9999 -9999 -9999 -9999 -9999 -9999 -9999 -9999 -9999 -9999 -9999 -9999 -9999 -9999 -9999 -9999 -9999 -9999 -9999 -9999 -9999 -9999 -9999 -9999 -9999 -9999 -9999 -9999 -9999 -9999 -9999 -9999 -9999 -9999 -9999 -9999 -9999
-9999 -9999 -9999 -9999 -9999 251.89999 252.19000 249.28000 248.82700 244.00400 244.32700 248.29300 249.98100 249.32201 249.65300 251.67599 251.51401 254.39999 254.05200 251.81400 252.06100 251.16499 250.21201 -9999 -9999 -9999 -9999 -9999 -9999 -9999 -9999 -9999 -9999 -9999 -9999 -9999 -9999 -9999 -9999 -9999 -9999 -9999 -9999 -9999 -9999 -9999 -9999 -9999 -9999 -9999 -9999 -9999 -9999 -9999 -9999 -9999 -9999 -9999 -9999 -9999 -9999 -9999 -9999 -9999 -9999 -9999 -9999 -9999 -9999 -9999
247.64000 248.06400 248.41400 250.09100 250.05200 251.80800 251.84200 248.72701 248.19701 242.97000 242.68600 248.29900 248.77600 248.27100 248.99899 250.53500 250.33099 252.38600 252.92400 250.42700 249.97900 248.79300 248.98500 248.32201 248.91000 248.27000 247.34000 245.97501 245.81400 -9999 -9999 -9999 -9999 -9999 -9999 -9999 -9999 -9999 -9999 -9999 -9999 -9999 -9999 -9999 -9999 -9999 -9999 -9999 -9999 -9999 -9999 -9999 -9999 -9999 -9999 -9999 -9999 -9999 -9999 -9999 -9999 -9999 -9999 -9999 -9999 -9999 -9999 -9999 -9999 -9999
252.07401 251.76801 251.96400 251.01300 250.72800 251.64101 251.92799 245.62000 245.68300 241.73700 241.37100 246.02200 246.33299 247.43700 248.28999 251.79100 252.51100 249.58299 248.76601 247.91200 247.14200 245.97800 246.20100 246.78799 245.32001 245.40500 243.81599 242.28101 241.83800 241.71700 241.26900 243.96201 243.70300 242.69299 242.82100 247.91400 247.26401 248.32800 247.71001 248.85300 248.55901 251.12801 250.36400 249.56700 -9999 -9999 -9999 -9999 -9999 -9999 -9999 -9999 -9999 -9999 -9999 -9999 -9999 -9999 -9999 -9999 -9999 -9999 -9999 -9999 -9999 -9999 -9999 -9999 -9999 -9999
253.92000 253.28400 253.75101 253.54401 253.86800 253.90700 252.70500 246.74400 246.52100 242.51900 241.75301 246.65900 245.70900 247.37700 247.72301 250.80099 251.37100 247.94400 248.44299 246.11900 246.70300 246.60201 248.75600 248.02299 246.69800 246.84500 244.59801 242.89200 242.61800 242.71001 243.09801 244.64000 244.40100 243.10400 242.97000 248.55499 248.27100 248.27100 248.58701 248.93600 248.76601 250.91600 250.56000 250.49800 249.98199 -9999 -9999 -9999 -9999 -9999 -9999 -9999 -9999 -9999 -9999 -9999 -9999 -9999 -9999 -9999 -9999 -9999 -9999 -9999 -9999 -9999 -9999 -9999 -9999 -9999
261.38000 260.86200 261.28400 259.32401 262.43301 259.99500 259.07999 258.53900 256.76099 255.02000 252.66800 251.69501 250.06300 249.35600 248.69000 247.60300 248.07700 249.77200 249.19200 250.42900 251.37100 256.83099 256.33701 257.99200 257.03201 252.43800 254.37399 250.11301 247.97800 248.22900 249.03200 250.84200 250.87801 250.70500 249.74400 247.61200 246.82401 245.84300 246.14101 247.36501 247.61900 247.09900 246.87300 246.66600 246.14200 -9999 -9999 -9999 -9999 -9999 -9999 -9999 -9999 -9999 -9999 -9999 -9999 -9999 -9999 -9999 246.99500 250.09700 -9999 -9999 -9999 -9999 252.54500 260.80701 265.91400 260.73300
261.95499 260.92599 261.41199 261.01501 262.01199 258.85699 256.31100 257.12601 258.27200 255.66299 255.75400 250.55701 250.11000 250.28600 251.72900 251.56300 248.68401 251.02299 249.83200 251.03101 250.83000 255.33400 256.72400 257.67700 254.61200 250.16000 250.02800 248.91200 248.80901 247.96100 248.11700 251.57201 251.35500 250.79700 250.41701 247.31400 247.40700 246.50301 246.80901 247.95300 248.20300 248.16100 247.06700 246.57001 246.82201 248.19200 248.35600 247.86900 249.98300 251.96100 255.44299 254.77699 257.47198 256.70700 254.85899 254.14301 254.27800 247.21001 247.05701 247.84000 249.11800 250.07201 -9999 -9999 -9999 -9999 -9999 253.41600 256.46201 258.71701
263.89099 265.28900 260.05301 261.63599 265.71100 259.48901 255.62900 256.73700 256.42899 252.46800 251.47301 251.29300 251.22900 248.69600 248.27499 249.65199 248.92700 248.94299 248.42200 248.18300 248.71700 249.87601 250.88300 249.82201 249.68900 244.23199 243.57201 243.17500 243.63600 244.95399 244.82600 245.04900 244.64200 244.25700 244.11800 244.48199 243.96300 245.24100 244.95300 245.81799 244.72301 238.94701 238.44501 243.87100 243.88600 245.23399 244.91701 245.95100 247.25500 250.20700 252.98801 250.79700 249.71001 250.34500 256.78500 263.44000 256.33701 257.06601 258.48199 255.41901 252.57300 255.51300 256.98599 253.18201 250.55200 248.64101 247.26601 247.83800 248.23300 251.14799
261.60001 267.97800 281.74899 259.54901 268.22699 268.44400 263.22299 261.01199 261.62500 252.48700 251.35500 251.66701 251.49400 248.80400 248.82700 249.21700 250.03300 248.74001 249.53300 249.42200 252.84700 254.36900 251.85201 250.63100 251.03799 244.76601 244.33900 243.24300 243.63800 245.48300 245.16100 246.85201 245.58299 245.89200 244.99300 245.24300 244.45799 245.20000 245.02299 246.19299 245.77100 240.18300 240.12500 245.33299 244.83400 245.32001 245.26100 245.84300 245.88000 246.74200 247.87700 249.71600 248.96800 248.59000 250.43900 252.88499 260.90900 262.45700 261.01401 260.39801 263.08401 262.00800 271.32501 264.29501 254.72200 249.56400 248.59700 247.94200 247.45399 248.71400
262.01501 258.50601 266.54501 262.11301 252.47099 260.06799 257.45099 259.47000 263.42700 258.32700 255.72400 254.86800 254.10001 253.12500 252.88699 249.91400 249.96899 253.28799 253.83099 253.99600 260.63599 258.97000 257.18500 254.45000 251.86000 250.18300 248.81000 250.31500 250.77100 250.98100 251.03101 250.02100 250.06400 247.44701 246.74899 246.05299 245.55400 244.85500 245.31100 245.89799 246.60001 245.01500 244.17799 248.74001 250.35001 250.57600 247.90800 246.36400 244.66901 242.08900 244.88300 247.87100 248.70799 251.14000 252.20300 251.33299 250.11200 252.65500 260.50900 261.71500 265.52802 271.16000 276.43100 279.75800 268.68900 264.99701 259.67401 259.08401 257.25201 260.86099
252.96899 256.54099 262.77399 268.47101 268.06201 265.44199 259.20200 261.81699 265.29401 262.83499 259.88501 269.52499 267.78799 262.99301 258.54501 253.57100 252.41901 254.26500 253.91000 254.57500 257.61099 260.07501 256.59698 254.37900 252.22000 249.77699 249.43100 251.24400 250.82899 251.56000 251.64999 251.25000 250.92300 250.54900 248.62100 247.39200 248.30499 248.44200 247.49500 247.87000 249.01700 248.39400 246.37000 246.42101 247.35699 252.52499 252.46300 249.27699 247.12700 242.93600 246.23599 249.76601 249.64000 250.75500 248.64999 253.15500 257.73099 262.11401 269.98801 263.59500 259.30801 263.42200 263.76801 266.50601 273.17700 279.32999 271.54300 275.56601 267.92401 265.59201
251.24400 253.66499 259.19901 266.38800 271.66400 283.17099 266.41299 263.45599 261.50400 261.62601 259.69101 266.00800 277.10300 283.91101 290.06000 273.36099 262.92899 257.99500 253.37601 251.91800 250.89999 250.10800 249.84100 250.15300 249.35400 248.46800 248.45300 253.58701 252.89101 252.28799 253.97000 255.55800 257.08801 256.59799 256.39899 249.20500 250.80600 250.17999 252.69701 247.73399 246.60699 250.83099 251.05299 247.23100 246.63901 247.65300 247.16000 246.94600 245.78101 241.03999 240.62700 242.41800 244.35899 245.39301 246.12700 250.12500 252.25101 262.40701 268.87000 262.02802 273.63101 273.64801 271.55600 269.37900 266.62201 265.51901 265.21500 269.08701 270.72299 265.45801
260.29300 265.47101 265.58099 274.20999 278.24200 285.39899 281.94800 284.30099 276.80801 270.07501 263.69000 261.32800 264.74200 266.38199 272.50699 283.27600 283.64001 281.49899 274.51901 264.45700 260.29599 254.26500 252.48300 251.56100 250.23000 249.71100 249.66600 253.71600 254.57401 257.02499 258.58200 257.40799 264.20001 264.64801 263.28201 255.93401 255.48599 253.57899 254.46300 250.42700 249.76199 252.32899 250.99001 246.25000 249.41800 249.14101 250.62801 250.33099 250.42000 246.17101 244.64900 250.96300 252.30499 256.55099 259.32300 260.35501 262.25299 274.09299 268.42300 264.22601 275.39401 272.35699 272.39301 272.50101 263.34900 265.57199 265.76801 276.00500 269.20401 263.73700
270.07300 273.12701 280.70999 284.17899 281.65100 284.16400 286.69699 284.56799 277.72900 275.82300 270.26700 268.81799 269.51801 269.97000 267.59299 266.85199 268.02100 272.02802 280.14700 283.11200 278.85800 272.30701 266.70901 260.96600 256.09100 251.04601 250.91499 248.84399 252.58299 256.47000 255.96500 255.46300 256.36499 260.67099 256.41901 258.54800 250.08800 248.46800 249.55701 251.24100 248.14400 241.86600 239.13800 247.40601 248.44901 255.29900 256.73999 257.76599 254.91400 252.53900 258.63901 257.12399 255.47800 263.90701 272.00601 268.02200 276.13300 264.73499 272.83401 268.47699 264.56100 267.88000 266.55899 271.52100 270.20300 278.73901 271.70700 265.77100 261.67401 257.56601
273.82800 273.28000 274.41699 271.24100 270.91199 277.32501 285.05399 285.95599 287.33600 285.81500 276.39899 270.76700 286.90201 285.56100 278.35001 289.83099 317.74399 292.01599 263.30399 275.06201 295.00299 288.43399 282.81299 276.54700 257.06601 252.25800 251.43201 249.84801 252.28500 255.65199 255.00000 257.64001 257.59698 256.53601 255.09399 249.25101 250.44200 250.74600 249.60600 248.77000 250.33000 249.47000 245.68201 250.13901 252.09399 247.05800 247.56500 250.47400 254.57100 256.60199 261.42801 258.51001 256.98401 259.62100 262.84500 272.21301 276.18100 271.88400 273.88800 267.73599 264.96100 261.94800 263.57700 272.21301 277.58600 267.42001 262.25900 261.24799 257.99701 252.52600
271.44400 271.18600 270.17599 269.39899 269.23300 268.38699 269.05801 271.11499 273.53201 274.13000 275.73999 275.44000 277.56299 280.75400 275.90201 285.11700 287.58801 297.43399 285.49799 276.14700 269.81699 270.51801 271.86301 270.38800 264.52301 255.63200 250.83600 248.54900 249.32001 252.63499 252.68401 253.06500 251.26801 251.17700 252.15601 248.93401 247.20500 244.15601 245.92700 244.67000 246.68500 248.84200 248.76900 252.22400 250.80701 248.18201 247.06200 251.68100 254.68900 253.61000 262.74100 261.12799 254.73399 255.42300 265.58401 260.22501 258.09601 258.80600 256.50699 272.76700 267.17300 269.61700 265.84399 266.01099 260.96899 262.04901 262.74200 259.03699 261.33200 264.14899
271.84601 272.17801 274.05600 275.31699 275.84500 270.79901 267.41299 267.72000 267.06500 269.75201 269.27301 277.71500 285.54700 282.73300 274.81400 271.97101 278.59100 281.30899 282.04501 293.93100 284.83801 272.10001 263.66299 261.53400 263.00400 264.19501 261.66501 250.89200 251.86501 254.65500 257.63501 253.75600 252.71800 248.37900 249.41701 248.62100 251.45900 247.74001 253.24699 247.87801 253.15601 260.19299 251.25301 254.08400 260.78699 261.32599 253.34100 253.31000 254.85001 248.59200 254.00600 255.21500 244.92101 243.52800 243.94400 241.02299 245.06799 249.56500 255.34300 257.82599 265.29901 264.01401 265.71500 265.57599 263.87299 264.55399 261.38501 259.65900 258.45001 260.21201
274.01901 276.03101 281.34201 283.81799 284.94501 278.76001 275.95999 272.16901 271.27600 270.30399 275.42999 278.01501 281.27701 294.64999 284.25400 273.58401 271.03601 274.99100 281.11401 287.59799 285.47601 277.18799 272.56299 272.83701 267.45499 264.55899 260.48700 266.28500 262.14700 261.05399 264.31100 258.66599 260.51001 254.50600 261.88101 261.63400 254.66299 259.02399 265.94299 264.78000 262.12201 269.50601 271.87701 268.48001 262.71500 258.22000 255.44000 254.76300 256.88501 256.82999 262.29099 263.90701 265.38300 260.89499 264.64499 264.06400 263.83301 264.29501 256.88000 252.40300 248.87900 250.94200 257.15201 260.74701 261.38000 259.97699 257.47400 257.71500 256.31000 270.23700
271.69400 268.39001 273.87399 286.30801 287.93201 287.66800 275.29199 274.84399 269.91400 272.23801 271.52301 272.61600 273.04501 277.56100 286.94699 282.60400 278.47198 277.61200 270.81799 273.84799 270.10999 284.65601 271.27899 267.77399 264.92899 261.56100 265.55701 275.88300 268.53699 265.12100 261.53201 266.79599 262.80600 256.45700 262.24500 266.29599 257.53201 260.98001 263.72900 270.74301 269.03601 268.11700 270.47900 263.88000 263.46500 257.12799 256.85199 249.64400 254.08400 258.95200 259.66101 259.88400 261.89600 258.87601 255.30600 257.31500 253.49699 254.89400 253.70900 245.53300 245.60600 251.81200 256.15500 260.22000 261.76099 275.48099 271.07700 274.92700 272.86499 275.83401
267.98401 270.25699 270.88000 281.70801 290.21701 289.89301 357.55701 292.22000 276.58600 279.53299 277.86401 271.41101 275.30701 271.05701 274.51599 288.65900 277.76901 267.97299 264.51099 265.98999 264.08899 259.18799 267.41199 266.87201 260.38400 256.17499 253.23399 257.02399 256.29999 250.06000 252.99400 253.32700 254.54800 253.37100 255.54401 258.98199 257.46600 252.70399 259.53201 267.68201 272.91699 262.39899 260.88000 262.47000 252.37199 247.91200 244.00700 241.09100 237.86600 243.14400 240.62601 240.63800 241.42000 240.26700 244.40900 249.32899 251.63901 251.76900 244.97400 245.83800 248.43401 255.58000 257.14600 265.41000 280.44299 287.55099 283.92401 282.63901 281.97400 277.28500
266.26199 261.83499 268.03201 277.18799 277.29401 288.59900 291.67099 359.72400 322.61401 287.83301 292.80499 294.00601 286.67599 278.62900 285.67099 283.86499 274.98001 274.58899 268.77802 260.18399 259.16400 259.07300 265.34299 278.94601 260.45901 255.48801 253.69901 261.05899 258.47900 257.46799 262.20499 256.60199 254.67200 256.67001 258.55200 263.48300 257.75400 257.73599 257.50299 265.62100 266.14600 259.50299 247.54100 251.82500 246.08099 236.08900 235.52699 238.01801 239.23000 247.53500 243.75101 -9999 -9999 237.42400 237.20900 237.27499 242.84500 244.82500 244.22099 246.49100 253.90199 259.29800 275.80099 287.92300 335.79800 297.85001 335.52600 334.56601 332.78101 287.00601
269.62601 272.23499 265.92099 271.82901 278.24799 280.77899 277.64700 310.83301 279.44501 284.19901 291.17200 320.05099 285.24200 286.22699 285.28101 277.13599 270.52200 273.69601 264.29099 258.21701 263.77399 259.09900 253.74001 257.69800 258.93900 270.54300 259.25400 262.19101 257.38400 257.29401 257.10901 263.70099 255.24200 262.46100 269.18500 269.50601 268.46301 259.87500 245.93500 241.22600 -9999 -9999 -9999 -9999 233.83299 -9999 250.65401 265.28500 257.39801 250.64000 240.09700 -9999 -9999 245.93800 245.24899 240.69600 241.53400 239.29401 246.65800 256.87601 267.03000 275.28101 284.12299 290.35999 296.76199 286.08099 337.77499 335.65201 333.06100 284.51700
