data/hydroclimate-scenarios/BCSD_hadcm_A1B/monthly_summaries/isr_monthly_avg_feb.2070-2099.asc
ncols	311
nrows	91
xllcenter	102.75
yllcenter	31.75
cellsize	0.5
NODATA_value	-9999
[rows 0 to 30 of 91, columns 70 to 139 of 311]
-9999 -9999 -9999 -9999 -9999 -9999 -9999 -9999 -9999 -9999 -9999 -9999 -9999 -9999 -9999 -9999 -9999 -9999 -9999 -9999 -9999 -9999 -9999 -9999 -9999 -9999 -9999 -9999 -9999 -9999 -9999 -9999 -9999 -9999 -9999 -9999 -9999 -9999 -9999 -9999 -9999 -9999 -9999 -9999 -9999 -9999 -9999 -9999 -9999 -9999 -9999 -9999 -9999 -9999 -9999 -9999 -9999 -9999 -9999 -9999 -9999 -9999 -9999 -9999 -9999 -9999 -9999 -9999 -9999 -9999
-9999 -9999 -9999 -9999 -9999 -9999 -9999 -9999 -9999 -9999 -9999 -9999 -9999 -9999 -9999 -9999 -9999 -9999 -9999 -9999 -9999 -9999 -9999 -9999 -9999 -9999 -9999 -9999 -9999 -9999 -9999 -9999 -9999 -9999 -9999 -9999 -9999 -9999 -9999 -9999 -9999 -9999 -9999 -9999 -9999 -9999 -9999 -9999 -9999 -9999 -9999 -9999 -9999 -9999 -9999 -9999 -9999 -9999 -9999 -9999 -9999 -9999 -9999 -9999 -9999 -9999 -9999 -9999 -9999 -9999
-9999 -9999 -9999 -9999 -9999 -9999 -9999 -9999 -9999 -9999 -9999 -9999 -9999 -9999 -9999 -9999 -9999 -9999 -9999 -9999 -9999 -9999 -9999 -9999 -9999 -9999 -9999 -9999 -9999 -9999 -9999 -9999 -9999 -9999 -9999 -9999 -9999 -9999 -9999 -9999 -9999 -9999 -9999 -9999 -9999 -9999 -9999 -9999 -9999 -9999 -9999 -9999 -9999 -9999 -9999 -9999 -9999 -9999 -9999 -9999 -9999 -9999 -9999 -9999 -9999 -9999 -9999 -9999 -9999 -9999
-9999 -9999 -9999 -9999 -9999 -9999 -9999 -9999 -9999 -9999 -9999 -9999 -9999 -9999 -9999 -9999 -9999 -9999 -9999 -9999 -9999 -9999 -9999 -9999 -9999 -9999 -9999 -9999 -9999 -9999 -9999 -9999 -9999 -9999 -9999 -9999 -9999 -9999 -9999 -9999 -9999 -9999 -9999 -9999 -9999 -9999 -9999 -9999 -9999 -9999 -9999 -9999 -9999 -9999 -9999 -9999 -9999 -9999 -9999 -9999 -9999 -9999 -9999 -9999 -9999 -9999 -9999 -9999 -9999 -9999
-9999 -9999 -9999 -9999 -9999 -9999 -9999 -9999 -9999 -9999 -9999 -9999 -9999 -9999 -9999 -9999 -9999 -9999 -9999 -9999 -9999 -9999 -9999 -9999 -9999 -9999 -9999 -9999 -9999 -9999 -9999 -9999 -9999 -9999 -9999 -9999 -9999 -9999 -9999 -9999 -9999 -9999 -9999 -9999 -9999 -9999 -9999 -9999 -9999 -9999 -9999 -9999 -9999 -9999 -9999 -9999 -9999 -9999 -9999 -9999 -9999 -9999 -9999 -9999 -9999 -9999 -9999 -9999 -9999 -9999
-9999 -9999 -9999 -9999 -9999 -9999 -9999 -9999 -9999 -9999 -9999 -9999 -9999 -9999 -9999 -9999 -9999 -9999 -9999 -9999 -9999 -9999 -9999 -9999 -9999 -9999 -9999 -9999 -9999 -9999 -9999 -9999 -9999 -9999 -9999 -9999 -9999 -9999 -9999 -9999 -9999 -9999 -9999 -9999 -9999 -9999 -9999 -9999 -9999 -9999 -9999 -9999 -9999 -9999 -9999 -9999 -9999 -9999 -9999 -9999 -9999 -9999 -9999 -9999 -9999 -9999 -9999 -9999 -9999 -9999
-9999 -9999 -9999 -9999 -9999 -9999 -9999 -9999 -9999 -9999 -9999 -9999 -9999 -9999 -9999 -9999 -9999 -9999 -9999 -9999 -9999 -9999 -9999 -9999 -9999 -9999 -9999 -9999 -9999 -9999 -9999 -9999 -9999 -9999 -9999 -9999 -9999 -9999 -9999 -9999 -9999 -9999 -9999 -9999 -9999 -9999 -9999 -9999 -9999 -9999 -9999 -9999 -9999 -9999 -9999 -9999 -9999 -9999 -9999 -9999 -9999 -9999 -9999 -9999 -9999 -9999 -9999 -9999 -9999 -9999
-9999 -9999 -9999 -9999 -9999 -9999 -9999 -9999 -9999 -9999 -9999 -9999 -9999 -9999 -9999 -9999 -9999 -9999 -9999 -9999 -9999 -9999 -9999 -9999 -9999 -9999 -9999 -9999 -9999 -9999 -9999 -9999 -9999 -9999 -9999 -9999 -9999 -9999 -9999 -9999 -9999 -9999 -9999 -9999 -9999 -9999 -9999 -9999 -9999 -9999 -9999 -9999 -9999 -9999 -9999 -9999 -9999 -9999 -9999 -9999 -9999 -9999 -9999 -9999 -9999 -9999 -9999 -9999 -9999 -9999
-9999 -9999 -9999 -9999 -9999 -9999 -9999 21.34660 -9999 -9999 -9999 -9999 -9999 -9999 -9999 -9999 -9999 -9999 -9999 -9999 -9999 -9999 -9999 -9999 -9999 -9999 -9999 -9999 -9999 -9999 -9999 -9999 -9999 -9999 -9999 -9999 -9999 -9999 -9999 -9999 -9999 -9999 -9999 -9999 -9999 -9999 -9999 -9999 -9999 -9999 -9999 -9999 -9999 -9999 -9999 -9999 -9999 -9999 -9999 -9999 -9999 -9999 -9999 -9999 -9999 -9999 -9999 -9999 -9999 -9999
-9999 -9999 -9999 23.45020 22.75550 22.93600 23.14260 23.26600 23.79440 24.00720 24.48560 24.54220 24.69090 24.82700 24.90520 24.76900 24.76280 24.83530 24.80620 24.88100 24.85740 24.79630 24.77960 -9999 -9999 -9999 -9999 -9999 -9999 -9999 -9999 -9999 -9999 -9999 -9999 -9999 -9999 -9999 -9999 -9999 -9999 -9999 -9999 -9999 -9999 -9999 -9999 -9999 -9999 -9999 -9999 -9999 -9999 -9999 -9999 -9999 -9999 -9999 -9999 -9999 -9999 -9999 -9999 -9999 -9999 -9999 -9999 -9999 -9999 -9999
-9999 -9999 -9999 -9999 -9999 24.94910 25.31030 25.66970 25.78880 26.31030 26.46140 26.44350 26.72070 26.88140 26.93680 26.98180 27.06110 27.01880 26.98060 26.96360 26.97000 26.94830 26.92440 -9999 -9999 -9999 -9999 -9999 -9999 -9999 -9999 -9999 -9999 -9999 -9999 -9999 -9999 -9999 -9999 -9999 -9999 -9999 -9999 -9999 -9999 -9999 -9999 -9999 -9999 -9999 -9999 -9999 -9999 -9999 -9999 -9999 -9999 -9999 -9999 -9999 -9999 -9999 -9999 -9999 -9999 -9999 -9999 -9999 -9999 -9999
26.93300 26.66400 26.50090 26.56650 26.73980 26.84280 27.03260 27.46030 27.73590 27.99740 28.16680 28.33340 28.48150 28.62820 28.75920 28.79810 28.78850 28.77730 28.83480 28.75710 28.74930 28.74960 28.76050 28.67910 28.72360 28.57120 28.55570 28.44880 28.42970 -9999 -9999 -9999 -9999 -9999 -9999 -9999 -9999 -9999 -9999 -9999 -9999 -9999 -9999 -9999 -9999 -9999 -9999 -9999 -9999 -9999 -9999 -9999 -9999 -9999 -9999 -9999 -9999 -9999 -9999 -9999 -9999 -9999 -9999 -9999 -9999 -9999 -9999 -9999 -9999 -9999
28.39410 28.43470 28.26200 28.30320 28.33890 28.62110 28.93720 29.14070 29.50940 29.55960 29.92960 30.12500 30.21270 30.41800 30.53950 30.53760 30.68640 30.70880 30.61630 30.49940 30.42920 30.46970 30.48530 30.49860 30.46890 30.40550 30.32180 30.35180 30.19020 30.10110 29.96770 29.74570 29.68820 29.55870 29.48410 29.22460 29.19270 28.94270 28.88350 28.44260 28.30860 28.37130 28.46420 28.41210 -9999 -9999 -9999 -9999 -9999 -9999 -9999 -9999 -9999 -9999 -9999 -9999 -9999 -9999 -9999 -9999 -9999 -9999 -9999 -9999 -9999 -9999 -9999 -9999 -9999 -9999
29.91010 29.96630 29.76270 29.80920 29.93750 30.12710 30.39610 30.52820 30.89750 31.11550 31.52430 31.82640 32.00420 32.15890 32.26810 32.24240 32.31250 32.37880 32.40600 32.16290 32.17180 32.17960 32.22490 32.20640 32.19260 32.12750 32.05420 32.08100 32.05810 31.94460 31.96460 31.70170 31.58450 31.14920 30.85260 31.04880 30.88930 30.85190 30.64150 30.11050 29.93730 30.16190 30.21550 30.18630 30.12510 -9999 -9999 -9999 -9999 -9999 -9999 -9999 -9999 -9999 -9999 -9999 -9999 -9999 -9999 -9999 -9999 -9999 -9999 -9999 -9999 -9999 -9999 -9999 -9999 -9999
31.20860 31.13650 30.99670 30.94900 31.00790 31.51990 31.62220 32.06090 32.23040 32.80930 33.11440 33.42200 33.56550 34.00240 34.02400 34.00950 34.08380 33.90920 33.81440 33.72770 33.81060 33.85800 33.88920 33.88950 33.94800 33.94030 33.94370 33.89620 33.73640 33.78640 33.59400 33.53060 33.31840 33.08370 32.98960 33.04090 32.90320 32.68730 32.30750 32.24990 32.13030 32.10190 32.15710 31.95740 31.95870 -9999 -9999 -9999 -9999 -9999 -9999 -9999 -9999 -9999 -9999 -9999 -9999 -9999 -9999 -9999 32.88450 33.07960 -9999 -9999 -9999 -9999 33.19600 33.36460 33.52020 33.52530
32.35460 32.32180 32.33340 32.65800 32.45290 32.93560 33.45190 33.47760 33.73000 34.40150 34.62360 35.04930 35.42830 35.73830 36.06910 36.01610 35.95320 35.73270 35.65340 35.56590 35.55590 35.62510 35.74240 35.69400 35.62020 35.61040 35.60540 35.74080 35.72200 35.69890 35.58970 35.48080 35.38000 35.10050 34.91490 35.04610 34.98800 34.67080 34.39590 34.33350 34.26480 34.14350 33.99180 33.85510 33.87160 33.78220 33.77180 33.84730 34.05160 34.05630 34.36530 34.35530 34.46580 34.82360 35.02820 35.10520 35.11990 35.09170 35.17120 35.06050 35.18640 35.27370 -9999 -9999 -9999 -9999 -9999 35.40180 35.38310 35.68440
33.65160 33.55360 33.64340 33.88510 33.76970 33.98170 34.45680 34.97250 35.49580 35.46240 35.74810 36.54210 36.99600 37.49010 37.77110 37.71830 37.75010 37.66050 37.56290 37.42040 37.41860 37.39080 37.46130 37.34320 37.35180 37.33250 37.39540 37.32830 37.37350 37.42610 37.36440 37.40780 37.20330 36.88770 36.87560 36.88520 36.53110 36.48780 36.40330 36.10080 36.06210 35.98310 36.00020 36.00090 36.00380 35.89080 35.76330 35.86400 36.01430 36.18320 36.46110 36.46690 36.51160 36.92940 37.12150 37.47940 37.60550 37.34870 37.32210 37.10840 37.26970 37.68970 37.77440 37.56940 37.40010 37.11430 37.14640 37.18140 37.28430 37.84610
35.33660 35.21750 34.98930 35.67920 35.41620 35.72830 35.98850 36.64620 36.91130 37.33040 37.58610 38.21100 38.82820 39.24270 39.62640 39.59370 39.65440 39.42710 39.43800 39.29550 39.43670 39.34890 39.26660 39.22490 39.28340 39.28990 39.27440 39.17310 39.27070 39.38150 39.36730 39.47770 39.37890 38.97430 38.92940 38.74540 38.47320 38.64690 38.50520 38.14390 38.11820 38.13970 38.07580 38.21220 38.08180 37.78920 37.72370 37.83800 37.95560 38.33020 38.54110 38.46750 38.67340 38.79200 39.21240 39.39410 39.70100 39.67610 39.86460 39.80310 39.89130 39.87220 40.43820 40.11420 39.87150 39.21670 39.30310 39.17370 38.96820 39.61980
37.10700 36.40380 36.86690 36.75410 37.51040 37.39610 37.95590 38.24340 38.26810 38.86110 39.26780 39.69980 40.09480 40.65390 40.93120 41.03350 41.18680 41.41380 41.39850 41.38720 41.42300 41.53600 41.54290 41.39290 41.54030 41.38260 41.33530 41.14490 41.29170 41.41440 41.37610 41.26910 41.22820 41.36650 41.16350 41.05660 40.81990 40.10930 40.12770 39.92870 39.81130 39.58890 39.46080 40.01770 39.96850 39.99790 39.74060 39.81250 39.77350 39.89860 40.00760 40.19440 40.50980 40.80900 41.00200 40.83010 40.86200 40.99420 41.32150 41.69420 41.91110 42.36230 42.42650 42.17500 42.11090 42.08800 41.90350 41.56110 41.62150 41.89460
38.84830 38.62980 38.61940 38.55290 38.44060 39.15120 39.60890 39.55290 39.70300 39.95890 40.47440 41.26650 41.70310 42.14030 42.64240 42.86730 43.02840 43.16140 43.26840 43.20970 43.39380 43.64310 43.40820 43.46310 43.49550 43.40350 43.26330 43.04090 43.06810 43.34640 43.33560 43.27040 43.24600 43.29190 43.10770 43.16430 42.75380 42.13070 41.95020 41.95650 41.83290 41.48840 41.63750 41.57500 41.58000 41.89720 41.90990 41.82730 41.91390 41.91840 42.06670 42.37830 42.77680 42.86050 42.92950 42.96920 43.28100 43.44180 43.62940 43.90620 43.79020 44.07490 44.24250 44.06700 44.61190 44.61870 44.67010 44.44360 44.08550 44.38300
40.41810 39.88940 40.39410 40.42640 41.15530 40.78650 40.89540 40.95520 41.09580 41.62560 41.44170 42.20740 42.58910 43.23440 43.63070 44.54820 44.77620 44.70630 44.90550 44.97630 45.16610 45.06800 45.11590 45.22280 45.21050 45.27610 45.39360 45.24410 45.29540 45.44240 45.53330 45.66100 45.65970 45.67280 45.37950 44.95860 44.73220 44.15080 44.29030 43.74160 43.62200 43.56230 43.67130 43.60850 43.36820 43.48880 43.35090 43.56150 43.90580 43.68910 43.97120 43.83360 44.38810 44.49980 44.70890 44.28590 44.41800 44.99340 45.24540 45.63240 46.14050 46.49180 46.38670 46.30340 46.37570 46.24300 46.20970 46.11140 46.26530 46.21410
42.54340 41.98800 42.25450 42.41060 42.94850 43.40370 42.96050 43.09810 42.87110 43.18000 43.62410 43.67980 44.21400 44.79570 45.47310 45.91020 46.19150 46.21810 46.38580 46.83750 47.17690 47.07580 47.20380 47.18950 47.38050 47.55630 47.59990 47.57950 47.70980 48.03190 48.07490 47.92470 48.14970 48.06840 47.79440 47.42490 47.18110 46.62730 46.41960 45.89080 45.86750 45.85590 45.78450 45.48500 45.59500 45.81860 45.72680 46.10870 46.34460 46.60690 46.34140 46.43760 46.93310 47.28110 47.49520 47.00560 47.14800 47.50100 47.42710 47.88730 48.45340 48.68180 48.81870 48.56740 48.31320 48.17560 48.25180 48.51020 48.24600 48.04630
44.69000 44.55210 44.75370 45.08490 45.54390 45.21400 45.20970 45.02030 44.90600 44.62470 45.29020 45.42760 46.11330 46.55940 47.26190 47.55830 48.16780 48.63830 49.05150 48.73000 49.17610 49.44970 49.36870 49.61450 49.72050 49.81350 50.04980 50.05100 50.34480 50.93570 50.80210 50.21530 50.12850 49.82590 49.47230 49.30320 48.73010 48.39640 48.05060 48.33650 48.12390 48.21160 47.95190 47.76900 47.96060 47.66000 47.60610 48.36900 48.29300 48.99750 49.47930 49.48970 49.69880 50.26080 50.66790 50.72160 51.18760 50.69260 50.93950 50.74600 50.67050 51.02610 50.87860 50.86280 50.89160 51.03060 50.72210 50.18820 49.91030 49.61370
46.68620 46.94480 47.04470 46.76680 47.12950 47.00070 47.61810 47.03970 47.29980 47.57040 47.41600 48.03060 48.41440 49.24250 49.52970 49.87940 52.98520 50.27130 50.90810 50.52790 51.17870 51.06100 51.78660 51.86580 51.79200 51.93050 52.16040 52.29630 52.52660 52.99500 52.97820 52.51040 52.43920 51.83640 51.57110 51.09660 50.77230 50.46860 50.20080 50.23680 50.13940 50.37960 50.32340 49.90780 49.89140 49.17750 49.04000 49.88950 50.53760 51.62030 52.10380 51.85310 52.01040 52.16590 52.47670 53.21400 53.61760 53.06220 53.02750 52.79780 52.58800 52.69940 52.75060 53.32290 53.35820 52.53190 52.25870 51.99590 51.43440 51.20190
49.03800 49.31870 49.00800 48.62910 48.97510 48.87360 49.10280 48.54080 48.93180 48.14380 48.28180 48.96820 49.70250 50.78120 50.65620 51.99870 52.56350 52.99560 52.61750 52.79780 52.73730 52.76860 53.35230 54.04280 53.82420 54.32190 54.52360 54.31310 54.54460 54.90650 54.86550 54.22740 53.90730 53.56900 53.08940 53.04540 52.52390 52.06050 51.79010 51.60920 51.57620 51.98520 52.03470 51.53740 51.72440 51.12180 50.82660 51.34130 52.08460 53.17820 53.89760 54.26040 53.85270 54.16820 54.76560 54.37210 54.34840 54.61000 54.60920 54.94520 54.74900 54.71320 54.44910 54.83110 54.51110 54.36750 54.26120 54.14450 54.22180 54.44700
51.24130 51.86530 51.98500 51.66530 51.57080 51.33870 50.99930 50.60560 50.39480 49.94820 50.05960 51.17600 51.94410 52.51310 52.54520 53.23150 54.10790 54.66780 54.83680 55.16580 54.94790 54.82640 55.15850 55.47190 56.02640 56.85970 57.15150 56.55280 56.74290 57.15870 57.37980 56.31820 55.89890 55.28280 55.00650 54.83050 54.60300 53.72950 53.67200 53.45750 53.40310 54.01960 53.51980 53.40460 53.85820 53.51680 52.83700 52.95310 53.73540 54.20340 54.93710 55.46540 54.85740 54.78350 54.77680 54.69320 55.33130 56.06440 56.58320 56.26700 56.62900 56.55630 56.52720 57.00950 56.93580 56.54410 56.34150 56.42650 56.23460 56.33650
53.56240 53.95250 54.49960 54.33450 54.47460 54.59570 54.32360 53.13660 52.71650 52.86440 53.31440 53.46240 54.03690 56.01970 55.64040 55.90180 56.26100 57.05490 57.55320 56.96610 57.45830 58.09120 58.06200 57.82590 58.29790 58.53180 58.57570 58.80430 59.13360 58.70280 58.69640 58.34710 57.87160 57.79430 57.80690 57.65640 56.46240 56.02570 56.10130 55.06990 55.08510 55.87350 55.80980 55.53320 55.14240 55.41370 55.32750 54.98170 55.87460 55.99530 56.86440 56.88240 56.95220 57.02340 57.58190 57.69260 57.99990 57.50530 57.19880 56.92510 56.75460 57.61910 58.16800 58.33780 58.28110 58.62990 58.47560 58.84540 58.79000 59.12540
55.80030 55.86120 56.41560 56.80910 57.03680 57.42910 56.81710 55.60810 55.34680 55.48030 55.49760 55.63670 55.91770 57.56950 58.60170 58.67540 58.54620 59.49090 59.16150 59.23420 59.25700 60.28470 60.25310 59.70730 60.22650 60.31370 60.96750 61.19440 61.41150 61.17950 60.90280 60.86590 60.17190 60.13030 59.62760 59.81340 58.64340 57.85190 57.94570 57.30410 57.62760 57.87480 57.88220 57.15430 57.29390 57.43740 57.38410 56.17400 57.47990 58.38370 58.53710 58.40650 58.64390 59.01510 58.97310 59.06250 59.25370 58.89280 58.75940 58.10230 58.24940 59.42870 60.00830 60.37170 60.55720 61.53740 61.44710 62.08350 61.75210 61.52620
57.73720 58.17390 58.11440 58.53980 59.12960 58.76000 70.02650 59.37370 58.50310 58.52240 58.49380 58.56340 58.84370 59.90260 60.41250 61.56630 60.90950 60.40200 60.31760 60.75310 61.07990 61.55450 62.40630 61.90340 62.53770 62.18150 62.35290 62.00510 62.65680 62.44900 62.32370 61.61990 61.17720 61.67250 61.11900 60.76540 59.56810 58.90360 59.21220 59.42550 60.23120 59.40940 59.40930 59.65090 58.29500 58.47230 58.47190 57.75770 57.59800 58.28120 58.62380 58.22710 58.83610 59.72930 60.21840 60.01850 60.52750 60.29700 59.62490 60.33120 60.62350 61.56670 61.81550 62.61680 63.47930 64.21240 64.28080 64.14260 63.84810 63.44400
60.44590 60.14790 60.53500 60.71380 60.82830 61.66910 61.92130 73.64100 67.67120 61.57180 61.73470 62.66980 62.00740 62.71340 63.71440 63.86850 63.16760 62.90950 62.69240 62.15480 62.76360 63.59590 64.76130 65.29340 64.74310 64.46730 64.13850 64.00750 64.36620 64.02770 64.23490 64.04070 63.44750 64.41650 63.95340 63.90750 62.35980 61.75520 61.89710 61.76590 61.71350 61.36660 60.02650 60.85910 60.18510 58.80500 58.71590 59.42220 59.99570 61.19790 61.11220 -9999 -9999 61.21800 61.13160 60.24670 61.63300 61.30630 61.18930 62.11940 63.03700 63.92590 64.93120 65.93210 66.90760 67.40080 67.44470 67.07570 66.76190 65.69820
62.96060 64.09180 63.19030 64.21040 64.58410 64.40560 63.66160 67.33810 62.84430 64.47170 65.25440 69.97890 65.01340 64.98560 65.06060 65.30450 65.07650 65.04740 65.25960 64.96610 65.50210 65.89300 65.96230 66.18670 66.54530 67.12460 66.66020 66.20790 66.24680 66.93650 67.49990 67.98680 67.38300 67.42580 67.87970 67.70940 66.54590 65.57070 64.28730 63.56660 -9999 -9999 -9999 -9999 61.87070 -9999 63.65030 65.42830 64.84090 65.05040 63.67840 -9999 -9999 64.98360 64.31790 63.73890 64.01850 63.68430 64.57560 65.43810 66.48680 67.01470 67.76390 68.44930 69.04410 68.48390 69.59060 69.46830 69.01890 67.92580
