data/hydroclimate-scenarios/BCSD_hadcm_A1B/monthly_summaries/isr_monthly_avg_oct.2030-2059.asc
ncols	311
nrows	91
xllcenter	102.75
yllcenter	31.75
cellsize	0.5
NODATA_value	-9999
[rows 0 to 30 of 91, columns 71 to 141 of 311]
-9999 -9999 -9999 -9999 -9999 -9999 -9999 -9999 -9999 -9999 -9999 -9999 -9999 -9999 -9999 -9999 -9999 -9999 -9999 -9999 -9999 -9999 -9999 -9999 -9999 -9999 -9999 -9999 -9999 -9999 -9999 -9999 -9999 -9999 -9999 -9999 -9999 -9999 -9999 -9999 -9999 -9999 -9999 -9999 -9999 -9999 -9999 -9999 -9999 -9999 -9999 -9999 -9999 -9999 -9999 -9999 -9999 -9999 -9999 -9999 -9999 -9999 -9999 -9999 -9999 -9999 -9999 -9999 -9999 -9999 -9999
-9999 -9999 -9999 -9999 -9999 -9999 -9999 -9999 -9999 -9999 -9999 -9999 -9999 -9999 -9999 -9999 -9999 -9999 -9999 -9999 -9999 -9999 -9999 -9999 -9999 -9999 -9999 -9999 -9999 -9999 -9999 -9999 -9999 -9999 -9999 -9999 -9999 -9999 -9999 -9999 -9999 -9999 -9999 -9999 -9999 -9999 -9999 -9999 -9999 -9999 -9999 -9999 -9999 -9999 -9999 -9999 -9999 -9999 -9999 -9999 -9999 -9999 -9999 -9999 -9999 -9999 -9999 -9999 -9999 -9999 -9999
-9999 -9999 -9999 -9999 -9999 -9999 -9999 -9999 -9999 -9999 -9999 -9999 -9999 -9999 -9999 -9999 -9999 -9999 -9999 -9999 -9999 -9999 -9999 -9999 -9999 -9999 -9999 -9999 -9999 -9999 -9999 -9999 -9999 -9999 -9999 -9999 -9999 -9999 -9999 -9999 -9999 -9999 -9999 -9999 -9999 -9999 -9999 -9999 -9999 -9999 -9999 -9999 -9999 -9999 -9999 -9999 -9999 -9999 -9999 -9999 -9999 -9999 -9999 -9999 -9999 -9999 -9999 -9999 -9999 -9999 -9999
-9999 -9999 -9999 -9999 -9999 -9999 -9999 -9999 -9999 -9999 -9999 -9999 -9999 -9999 -9999 -9999 -9999 -9999 -9999 -9999 -9999 -9999 -9999 -9999 -9999 -9999 -9999 -9999 -9999 -9999 -9999 -9999 -9999 -9999 -9999 -9999 -9999 -9999 -9999 -9999 -9999 -9999 -9999 -9999 -9999 -9999 -9999 -9999 -9999 -9999 -9999 -9999 -9999 -9999 -9999 -9999 -9999 -9999 -9999 -9999 -9999 -9999 -9999 -9999 -9999 -9999 -9999 -9999 -9999 -9999 -9999
-9999 -9999 -9999 -9999 -9999 -9999 -9999 -9999 -9999 -9999 -9999 -9999 -9999 -9999 -9999 -9999 -9999 -9999 -9999 -9999 -9999 -9999 -9999 -9999 -9999 -9999 -9999 -9999 -9999 -9999 -9999 -9999 -9999 -9999 -9999 -9999 -9999 -9999 -9999 -9999 -9999 -9999 -9999 -9999 -9999 -9999 -9999 -9999 -9999 -9999 -9999 -9999 -9999 -9999 -9999 -9999 -9999 -9999 -9999 -9999 -9999 -9999 -9999 -9999 -9999 -9999 -9999 -9999 -9999 -9999 -9999
-9999 -9999 -9999 -9999 -9999 -9999 -9999 -9999 -9999 -9999 -9999 -9999 -9999 -9999 -9999 -9999 -9999 -9999 -9999 -9999 -9999 -9999 -9999 -9999 -9999 -9999 -9999 -9999 -9999 -9999 -9999 -9999 -9999 -9999 -9999 -9999 -9999 -9999 -9999 -9999 -9999 -9999 -9999 -9999 -9999 -9999 -9999 -9999 -9999 -9999 -9999 -9999 -9999 -9999 -9999 -9999 -9999 -9999 -9999 -9999 -9999 -9999 -9999 -9999 -9999 -9999 -9999 -9999 -9999 -9999 -9999
-9999 -9999 -9999 -9999 -9999 -9999 -9999 -9999 -9999 -9999 -9999 -9999 -9999 -9999 -9999 -9999 -9999 -9999 -9999 -9999 -9999 -9999 -9999 -9999 -9999 -9999 -9999 -9999 -9999 -9999 -9999 -9999 -9999 -9999 -9999 -9999 -9999 -9999 -9999 -9999 -9999 -9999 -9999 -9999 -9999 -9999 -9999 -9999 -9999 -9999 -9999 -9999 -9999 -9999 -9999 -9999 -9999 -9999 -9999 -9999 -9999 -9999 -9999 -9999 -9999 -9999 -9999 -9999 -9999 -9999 -9999
-9999 -9999 -9999 -9999 -9999 -9999 -9999 -9999 -9999 -9999 -9999 -9999 -9999 -9999 -9999 -9999 -9999 -9999 -9999 -9999 -9999 -9999 -9999 -9999 -9999 -9999 -9999 -9999 -9999 -9999 -9999 -9999 -9999 -9999 -9999 -9999 -9999 -9999 -9999 -9999 -9999 -9999 -9999 -9999 -9999 -9999 -9999 -9999 -9999 -9999 -9999 -9999 -9999 -9999 -9999 -9999 -9999 -9999 -9999 -9999 -9999 -9999 -9999 -9999 -9999 -9999 -9999 -9999 -9999 -9999 -9999
-9999 -9999 -9999 -9999 -9999 -9999 24.06130 -9999 -9999 -9999 -9999 -9999 -9999 -9999 -9999 -9999 -9999 -9999 -9999 -9999 -9999 -9999 -9999 -9999 -9999 -9999 -9999 -9999 -9999 -9999 -9999 -9999 -9999 -9999 -9999 -9999 -9999 -9999 -9999 -9999 -9999 -9999 -9999 -9999 -9999 -9999 -9999 -9999 -9999 -9999 -9999 -9999 -9999 -9999 -9999 -9999 -9999 -9999 -9999 -9999 -9999 -9999 -9999 -9999 -9999 -9999 -9999 -9999 -9999 -9999 -9999
-9999 -9999 25.00500 25.29730 25.41610 25.45300 25.24860 25.27420 25.49240 25.59050 25.71860 25.57630 25.47240 25.49800 25.05870 25.02560 24.60290 24.67890 24.46820 24.39440 25.28650 25.13240 -9999 -9999 -9999 -9999 -9999 -9999 -9999 -9999 -9999 -9999 -9999 -9999 -9999 -9999 -9999 -9999 -9999 -9999 -9999 -9999 -9999 -9999 -9999 -9999 -9999 -9999 -9999 -9999 -9999 -9999 -9999 -9999 -9999 -9999 -9999 -9999 -9999 -9999 -9999 -9999 -9999 -9999 -9999 -9999 -9999 -9999 -9999 -9999 -9999
-9999 -9999 -9999 -9999 26.28660 26.31780 26.60100 26.60450 25.95120 25.84320 25.64430 25.57230 26.09930 26.27330 26.26980 26.29780 26.76150 26.73040 27.02240 26.99630 26.47020 26.38070 -9999 -9999 -9999 -9999 -9999 -9999 -9999 -9999 -9999 -9999 -9999 -9999 -9999 -9999 -9999 -9999 -9999 -9999 -9999 -9999 -9999 -9999 -9999 -9999 -9999 -9999 -9999 -9999 -9999 -9999 -9999 -9999 -9999 -9999 -9999 -9999 -9999 -9999 -9999 -9999 -9999 -9999 -9999 -9999 -9999 -9999 -9999 -9999 -9999
27.76270 27.80580 27.43460 27.32910 27.43790 27.42120 27.86490 27.78290 27.01620 27.07530 26.79890 26.80720 27.22920 27.20330 27.41070 27.38660 27.87360 27.89740 27.86850 27.96760 27.47840 27.43310 27.58330 27.61980 27.07680 27.10640 26.99500 26.92480 -9999 -9999 -9999 -9999 -9999 -9999 -9999 -9999 -9999 -9999 -9999 -9999 -9999 -9999 -9999 -9999 -9999 -9999 -9999 -9999 -9999 -9999 -9999 -9999 -9999 -9999 -9999 -9999 -9999 -9999 -9999 -9999 -9999 -9999 -9999 -9999 -9999 -9999 -9999 -9999 -9999 -9999 -9999
28.36470 28.37430 28.69710 28.70400 28.58590 28.66720 28.71660 28.72360 28.24590 28.07880 28.64200 28.52460 28.65960 28.72930 28.72540 28.83080 29.21440 29.13810 28.99740 28.65920 27.69980 27.85120 27.79300 27.44100 27.72150 27.79910 27.68200 27.51490 26.50660 26.49200 26.03670 25.95030 26.67490 26.60740 26.51570 26.47490 26.73440 26.56140 26.52240 26.61340 25.65710 25.70310 26.87690 -9999 -9999 -9999 -9999 -9999 -9999 -9999 -9999 -9999 -9999 -9999 -9999 -9999 -9999 -9999 -9999 -9999 -9999 -9999 -9999 -9999 -9999 -9999 -9999 -9999 -9999 -9999 -9999
29.87810 29.89250 30.15530 30.19620 30.26210 30.25220 30.13200 29.96460 29.37850 29.34120 29.87970 29.76310 29.77880 29.85030 29.70710 29.85070 30.24620 30.16150 29.76870 29.78390 28.88990 29.27390 29.18920 29.02790 29.41360 29.21710 28.93180 28.79600 27.72840 27.97710 27.30720 27.39030 27.76970 27.36860 27.89930 27.62530 27.85580 27.63830 27.68470 27.60260 26.74660 27.17550 28.13710 28.22180 -9999 -9999 -9999 -9999 -9999 -9999 -9999 -9999 -9999 -9999 -9999 -9999 -9999 -9999 -9999 -9999 -9999 -9999 -9999 -9999 -9999 -9999 -9999 -9999 -9999 -9999 -9999
33.30500 33.31400 32.59100 33.24340 33.02700 32.62070 33.21700 33.01700 32.64050 32.15130 32.00530 31.87960 31.32960 31.02450 30.73670 30.82690 30.49240 30.41260 29.89690 30.31120 29.31800 29.39080 30.09840 29.96210 28.76600 28.94410 28.51460 27.87430 28.88720 29.08950 28.18770 28.03160 27.88950 27.84860 27.90790 27.89900 27.92770 27.94480 28.21590 28.09260 28.35020 28.48070 29.02370 28.91550 -9999 -9999 -9999 -9999 -9999 -9999 -9999 -9999 -9999 -9999 -9999 -9999 -9999 -9999 -9999 29.37290 28.56970 -9999 -9999 -9999 -9999 29.59950 30.63950 31.29190 30.50470 29.47160 28.49240
34.68360 34.84330 34.21630 34.80280 34.06680 33.77790 34.31430 34.52080 34.19400 34.02940 33.12010 33.15530 32.72950 32.74740 32.67780 32.18500 32.05440 31.69730 31.61670 31.28770 30.55720 30.87780 31.30560 30.15570 29.47470 29.54870 29.36570 29.43480 30.37090 30.30230 29.33420 29.45340 29.31720 29.22590 29.35370 29.39300 29.38090 29.44760 29.47580 29.29840 29.76740 29.74940 30.18470 30.20070 30.40300 30.41450 30.68280 31.14590 31.92470 32.35890 32.84820 33.02540 33.30960 32.96150 32.23050 32.34060 31.55960 30.97330 30.43390 30.55830 29.33500 -9999 -9999 -9999 -9999 -9999 30.68980 31.21800 31.33920 31.63180 30.92160
37.54460 36.14750 36.57400 38.12680 36.38110 35.66240 35.86870 35.60400 35.43960 35.02390 34.28050 34.53800 33.45420 33.31450 33.90470 33.66450 32.80600 32.61360 32.32890 32.31000 31.42410 31.34580 30.71700 30.71820 30.31280 30.38050 30.79000 30.78080 31.38040 31.59800 31.18590 30.97390 30.56560 30.53440 30.64080 30.30120 29.74040 29.55420 30.40710 30.36110 30.89020 30.94250 31.75860 31.61330 31.48680 31.73880 31.91260 32.40630 32.71950 34.25700 33.28650 33.02330 34.07170 35.83740 36.77620 35.50210 35.05600 35.04760 34.64310 33.92090 33.42390 33.63270 33.31380 32.07170 31.65990 31.65120 31.49030 31.56690 32.85310 33.54830 33.06800
39.90390 43.14250 37.87050 40.08170 39.75620 38.58220 38.37200 38.41180 36.67610 36.39450 35.88650 35.96820 34.98700 34.92430 35.32270 35.02790 34.27440 34.02890 33.79000 34.55590 33.57060 32.93170 32.30260 32.12620 31.66320 31.51280 32.34990 32.37900 32.97050 32.81770 32.55290 32.59460 32.14070 32.09810 32.03560 31.82630 31.47610 31.15080 31.88610 31.83480 32.36120 32.44530 32.82700 32.60750 32.19780 32.08070 32.87990 32.78770 32.82520 33.39270 33.96020 33.59270 35.19170 35.39420 36.30190 37.55910 37.32760 36.77760 36.96030 37.11770 35.95320 37.12160 36.35640 34.59250 33.54400 32.96050 32.49410 32.44960 33.83560 34.84700 35.21270
42.15040 43.92690 41.48110 39.27820 38.75040 38.06970 38.92030 40.03290 38.80920 38.03920 37.53110 36.91430 36.76380 36.53070 35.90380 35.68860 35.97430 36.03960 34.96270 36.39410 35.86160 35.31630 35.47740 34.93680 35.21980 35.03410 34.50870 34.62260 35.03170 35.11040 34.96010 35.01540 34.50910 34.12230 33.32130 33.08420 32.98860 33.07980 33.34290 33.34860 33.02140 32.61350 34.87110 35.42110 35.59310 33.87150 33.75300 33.04540 32.56140 33.44850 34.69110 35.21400 35.21470 35.50110 36.02400 35.78010 35.92230 37.11700 37.94140 38.52360 39.21660 40.16640 40.23770 37.75040 37.21970 36.80380 35.54070 34.59390 36.45720 36.41550 36.19110
43.65170 44.98810 44.96490 44.59200 41.26980 40.05640 41.09920 42.11840 41.37810 40.34530 42.33790 42.14560 41.00140 39.43290 38.21940 37.66710 37.52070 37.45970 36.13580 37.17750 37.41390 36.82770 37.02960 36.52050 36.63440 36.43460 36.14670 36.38770 36.62100 36.65410 36.66270 36.96610 36.78630 36.21280 35.12620 35.52230 35.35530 35.27800 35.22210 35.76680 35.37030 34.88650 35.19560 35.38540 37.65760 37.47390 36.03840 35.73420 34.11600 34.85770 36.33720 36.49520 36.46080 36.07480 37.63350 38.90860 38.94890 40.08430 39.39720 38.52620 38.79580 38.73790 38.60320 40.55790 41.50150 39.67360 40.07130 38.89320 38.46050 37.91730 37.02400
44.69360 45.94550 47.15500 48.34690 48.88550 45.11050 43.35030 42.94120 42.66280 41.67030 43.18530 45.75570 46.88160 47.88450 44.46240 42.35650 40.18330 39.43110 37.76860 37.79140 38.12740 38.04000 38.35610 38.09830 37.79490 37.70910 37.93470 37.98050 38.47510 38.82820 39.48280 39.74580 39.32000 38.98490 37.28150 37.60230 37.27140 37.81040 36.60480 36.28710 37.03850 36.93970 36.98100 36.98980 37.93320 37.27470 38.02380 37.72450 35.99000 35.70120 35.66310 36.06360 37.00040 37.34300 38.03100 38.60470 39.30100 40.07540 40.37760 42.09040 41.99290 41.05870 41.56950 40.98300 40.49030 40.03510 39.79260 39.79130 40.19620 39.43370 37.93350
49.32020 49.25030 50.56100 51.27220 51.36210 50.53610 49.39880 47.87790 47.03240 44.41100 43.24120 44.34510 45.70450 47.02530 47.78000 47.68100 46.23040 45.34250 42.30280 41.45440 40.89320 40.16070 40.20380 40.14970 39.54870 39.61080 40.05470 40.26830 41.16990 41.87200 41.33490 43.65940 42.78980 42.67600 41.05430 40.94930 39.67040 39.71230 38.40160 38.57140 39.32550 39.00540 38.60210 39.31570 39.91250 40.53080 41.50780 41.20780 39.73540 39.52050 40.10390 40.47690 41.04370 41.48720 41.51400 41.53200 41.87680 41.30230 42.00250 43.70350 42.51900 42.60760 43.15320 41.50880 41.52180 41.61350 42.07140 41.16940 40.92700 40.11030 37.73900
50.49200 51.88020 53.29890 52.78360 52.69780 53.09810 51.35460 50.32830 49.75110 48.40060 48.18410 48.11230 47.45510 47.18290 47.18640 47.24460 46.50250 47.68490 47.29800 46.20990 46.27580 45.15360 43.45720 42.12800 41.64150 41.51890 41.54410 42.29790 43.45070 43.21150 43.36430 43.66900 43.66470 43.07650 42.86500 40.93580 40.51920 40.77860 41.27920 40.58850 39.58120 38.84960 40.89480 41.57020 42.45650 42.88800 44.21460 43.62800 43.19750 44.51190 43.97280 43.19020 44.56410 45.97080 45.61300 46.64870 44.59320 45.28890 43.76910 42.45150 43.13960 42.39960 42.96330 42.73860 44.21130 43.11220 41.96680 41.22350 42.77970 41.67410 40.49810
52.57750 52.75740 52.51750 52.50800 53.79570 54.66480 53.58160 53.27120 53.82210 52.00060 50.49560 52.98550 52.57700 51.23560 53.09930 73.87120 52.28220 46.70230 47.94380 61.46290 51.42190 49.79910 48.11600 43.89920 43.03060 43.19190 43.40990 44.05720 44.94300 45.01030 45.50250 45.36590 44.42390 44.40310 42.14440 42.53710 42.49350 42.45820 42.34350 42.55000 43.40690 41.97840 43.58100 44.02540 41.74320 41.68160 43.61630 45.02540 46.17050 46.37340 45.65460 44.83270 45.47300 45.65610 47.61210 48.37830 47.02840 47.21460 44.35990 43.93360 43.31620 43.32140 45.10110 45.14660 43.94020 42.64110 42.46870 41.68720 43.14190 43.19410 42.62980
54.88800 54.42940 54.67080 54.38220 54.88140 54.54540 54.00520 54.38320 53.72100 53.52950 52.90440 53.24120 54.25860 53.45090 55.01450 55.37560 74.95900 53.73230 51.76920 50.53290 51.84070 51.69910 50.56720 48.76990 46.83560 45.32050 44.72340 45.18060 46.21500 45.96980 46.65250 46.08760 44.86300 45.27800 45.00500 44.47530 44.01590 44.27120 44.69330 45.31030 45.52560 45.32790 46.29350 46.08190 44.69490 43.98560 45.81870 46.90680 47.38010 48.40210 49.09190 47.46060 46.26010 47.80130 47.61810 47.21950 47.37680 46.47880 48.09680 47.20610 45.80420 45.02050 45.56580 44.11760 43.67220 43.52760 44.58370 44.65750 46.40280 44.99720 42.82630
57.05400 57.49960 58.10600 57.75050 57.28580 55.98110 55.33730 54.78310 54.37510 53.75010 55.39100 56.48820 56.67370 55.23440 54.98910 55.75070 55.53820 55.64270 56.35640 55.04540 54.14780 52.25370 49.93960 49.85910 51.24660 50.58970 47.95640 47.83930 48.94380 49.71020 48.50160 48.20730 45.78340 46.05750 46.54400 47.66210 46.70650 48.48910 46.96210 48.93770 49.25620 47.85800 48.49340 49.91310 50.22770 48.14570 48.78910 48.59320 47.04970 48.94590 49.85330 47.42520 45.37160 45.07840 44.86880 45.59160 47.05320 48.51970 47.18140 48.83730 46.46300 46.71690 47.09800 46.90330 45.94450 45.33590 45.50820 45.28140 47.17720 47.89150 46.67300
59.76980 60.64480 61.96200 61.92040 59.97530 59.10300 58.43780 58.27470 57.45650 58.11670 57.42700 58.18640 59.99940 58.81540 57.38010 56.69000 58.38510 59.26900 59.42240 59.17250 57.54570 56.38660 55.55000 54.34020 52.72870 51.44860 52.48410 51.28100 50.88670 51.49490 50.01120 50.67590 48.48590 50.74680 51.35260 48.72500 50.00340 52.20250 51.48280 50.52510 52.76220 53.27820 53.22320 51.82770 51.77760 50.93510 50.91190 51.28030 49.23110 50.07110 51.03510 50.94170 50.21180 50.41420 49.34150 48.99790 49.24310 47.60070 46.36130 45.38140 44.95520 45.93200 46.96530 47.39030 46.98370 46.90940 46.92760 47.15800 49.26040 49.74400 49.76660
60.18570 61.43860 66.07060 74.18580 63.63290 61.28270 61.25770 59.58220 60.11360 59.59560 58.57150 58.88260 60.03490 61.38090 60.60300 59.93040 60.93830 59.80860 59.41460 58.63070 60.42750 58.13330 56.69510 55.85900 54.18020 55.48310 56.40180 55.14420 53.91820 53.00100 54.64040 52.69060 51.69570 53.02210 54.19980 51.71680 52.13090 52.97450 55.35380 54.58180 54.54460 54.77350 53.90190 53.97780 53.50710 53.44030 51.01690 51.89020 51.46670 51.44290 51.55070 51.82070 50.53470 49.07700 48.19230 46.96110 48.05870 47.66220 45.92790 45.81660 45.86730 46.95000 48.15790 49.19440 51.94360 51.12160 51.87960 51.45340 51.33640 49.49190 49.91600
63.46350 63.43670 66.16380 87.13500 85.07270 87.12390 82.15080 64.28770 62.62920 62.42610 61.35820 61.66230 61.32910 62.01430 64.49440 62.71940 60.98850 60.09090 60.60990 60.35800 58.82780 59.89160 59.48590 58.25090 55.45490 54.66710 55.77250 55.76630 52.76000 53.15200 54.01800 54.03790 54.06670 54.37280 56.03590 55.55620 54.39660 55.33990 57.21730 58.73770 56.29000 55.68350 55.91740 53.16000 52.69170 51.38290 48.54930 46.77250 48.26940 47.27640 46.87340 47.06030 47.42260 47.94020 48.91820 49.07590 47.26880 45.46790 45.93510 46.58420 48.17120 49.26970 52.57940 56.27470 57.37970 55.36680 55.63720 54.94430 52.41930 50.48360 50.93810
63.29290 65.06380 67.29880 67.19580 73.58310 83.91580 90.27880 89.01620 66.63690 66.71330 67.15060 65.56870 65.09430 66.03870 66.18810 64.44520 64.31690 63.50720 61.82130 61.60350 61.13950 61.81050 63.91070 60.58100 57.68230 56.87920 58.63060 58.11770 56.79400 57.55590 56.88440 55.68020 56.37880 56.84110 58.39310 57.32670 56.84630 56.33230 57.88830 57.97060 57.07070 54.58880 54.90250 52.06750 48.84790 48.71520 48.33250 48.68460 51.36370 49.71120 -9999 -9999 48.25800 47.67540 45.91010 48.69390 47.18430 47.28890 47.92130 49.57570 51.15050 54.30610 60.47570 83.86160 84.90030 85.08950 84.41940 83.67250 56.42550 52.29120 52.97610
69.20010 67.44840 68.80740 69.62580 69.52610 68.57190 91.63720 68.81590 69.71630 83.53750 92.43560 69.60510 70.03830 69.83660 67.73800 66.64400 67.03300 65.55240 62.72440 63.81820 64.07320 62.81060 62.37180 62.38220 64.54670 61.88500 61.15800 59.67990 60.65680 59.84230 61.30460 58.59660 59.63750 61.02270 62.03920 61.29490 60.56290 56.93870 53.95290 -9999 -9999 -9999 -9999 49.78680 -9999 53.61450 58.99320 55.74040 54.57090 49.64640 -9999 -9999 51.39920 50.59150 49.04170 49.24880 47.86220 49.67920 52.19370 54.58230 56.31380 58.74300 61.71310 83.61880 59.79310 87.51080 87.09210 86.21940 57.83720 55.02570 51.97680
