data/hydroclimate-scenarios/BCSD_hadcm_A1B/monthly_summaries/isr_monthly_avg_may.2030-2059.asc
ncols	311
nrows	91
xllcenter	102.75
yllcenter	31.75
cellsize	0.5
NODATA_value	-9999
[rows 0 to 30 of 91, columns 70 to 139 of 311]
-9999 -9999 -9999 -9999 -9999 -9999 -9999 -9999 -9999 -9999 -9999 -9999 -9999 -9999 -9999 -9999 -9999 -9999 -9999 -9999 -9999 -9999 -9999 -9999 -9999 -9999 -9999 -9999 -9999 -9999 -9999 -9999 -9999 -9999 -9999 -9999 -9999 -9999 -9999 -9999 -9999 -9999 -9999 -9999 -9999 -9999 -9999 -9999 -9999 -9999 -9999 -9999 -9999 -9999 -9999 -9999 -9999 -9999 -9999 -9999 -9999 -9999 -9999 -9999 -9999 -9999 -9999 -9999 -9999 -9999
-9999 -9999 -9999 -9999 -9999 -9999 -9999 -9999 -9999 -9999 -9999 -9999 -9999 -9999 -9999 -9999 -9999 -9999 -9999 -9999 -9999 -9999 -9999 -9999 -9999 -9999 -9999 -9999 -9999 -9999 -9999 -9999 -9999 -9999 -9999 -9999 -9999 -9999 -9999 -9999 -9999 -9999 -9999 -9999 -9999 -9999 -9999 -9999 -9999 -9999 -9999 -9999 -9999 -9999 -9999 -9999 -9999 -9999 -9999 -9999 -9999 -9999 -9999 -9999 -9999 -9999 -9999 -9999 -9999 -9999
-9999 -9999 -9999 -9999 -9999 -9999 -9999 -9999 -9999 -9999 -9999 -9999 -9999 -9999 -9999 -9999 -9999 -9999 -9999 -9999 -9999 -9999 -9999 -9999 -9999 -9999 -9999 -9999 -9999 -9999 -9999 -9999 -9999 -9999 -9999 -9999 -9999 -9999 -9999 -9999 -9999 -9999 -9999 -9999 -9999 -9999 -9999 -9999 -9999 -9999 -9999 -9999 -9999 -9999 -9999 -9999 -9999 -9999 -9999 -9999 -9999 -9999 -9999 -9999 -9999 -9999 -9999 -9999 -9999 -9999
-9999 -9999 -9999 -9999 -9999 -9999 -9999 -9999 -9999 -9999 -9999 -9999 -9999 -9999 -9999 -9999 -9999 -9999 -9999 -9999 -9999 -9999 -9999 -9999 -9999 -9999 -9999 -9999 -9999 -9999 -9999 -9999 -9999 -9999 -9999 -9999 -9999 -9999 -9999 -9999 -9999 -9999 -9999 -9999 -9999 -9999 -9999 -9999 -9999 -9999 -9999 -9999 -9999 -9999 -9999 -9999 -9999 -9999 -9999 -9999 -9999 -9999 -9999 -9999 -9999 -9999 -9999 -9999 -9999 -9999
-9999 -9999 -9999 -9999 -9999 -9999 -9999 -9999 -9999 -9999 -9999 -9999 -9999 -9999 -9999 -9999 -9999 -9999 -9999 -9999 -9999 -9999 -9999 -9999 -9999 -9999 -9999 -9999 -9999 -9999 -9999 -9999 -9999 -9999 -9999 -9999 -9999 -9999 -9999 -9999 -9999 -9999 -9999 -9999 -9999 -9999 -9999 -9999 -9999 -9999 -9999 -9999 -9999 -9999 -9999 -9999 -9999 -9999 -9999 -9999 -9999 -9999 -9999 -9999 -9999 -9999 -9999 -9999 -9999 -9999
-9999 -9999 -9999 -9999 -9999 -9999 -9999 -9999 -9999 -9999 -9999 -9999 -9999 -9999 -9999 -9999 -9999 -9999 -9999 -9999 -9999 -9999 -9999 -9999 -9999 -9999 -9999 -9999 -9999 -9999 -9999 -9999 -9999 -9999 -9999 -9999 -9999 -9999 -9999 -9999 -9999 -9999 -9999 -9999 -9999 -9999 -9999 -9999 -9999 -9999 -9999 -9999 -9999 -9999 -9999 -9999 -9999 -9999 -9999 -9999 -9999 -9999 -9999 -9999 -9999 -9999 -9999 -9999 -9999 -9999
-9999 -9999 -9999 -9999 -9999 -9999 -9999 -9999 -9999 -9999 -9999 -9999 -9999 -9999 -9999 -9999 -9999 -9999 -9999 -9999 -9999 -9999 -9999 -9999 -9999 -9999 -9999 -9999 -9999 -9999 -9999 -9999 -9999 -9999 -9999 -9999 -9999 -9999 -9999 -9999 -9999 -9999 -9999 -9999 -9999 -9999 -9999 -9999 -9999 -9999 -9999 -9999 -9999 -9999 -9999 -9999 -9999 -9999 -9999 -9999 -9999 -9999 -9999 -9999 -9999 -9999 -9999 -9999 -9999 -9999
-9999 -9999 -9999 -9999 -9999 -9999 -9999 -9999 -9999 -9999 -9999 -9999 -9999 -9999 -9999 -9999 -9999 -9999 -9999 -9999 -9999 -9999 -9999 -9999 -9999 -9999 -9999 -9999 -9999 -9999 -9999 -9999 -9999 -9999 -9999 -9999 -9999 -9999 -9999 -9999 -9999 -9999 -9999 -9999 -9999 -9999 -9999 -9999 -9999 -9999 -9999 -9999 -9999 -9999 -9999 -9999 -9999 -9999 -9999 -9999 -9999 -9999 -9999 -9999 -9999 -9999 -9999 -9999 -9999 -9999
-9999 -9999 -9999 -9999 -9999 -9999 -9999 243.51199 -9999 -9999 -9999 -9999 -9999 -9999 -9999 -9999 -9999 -9999 -9999 -9999 -9999 -9999 -9999 -9999 -9999 -9999 -9999 -9999 -9999 -9999 -9999 -9999 -9999 -9999 -9999 -9999 -9999 -9999 -9999 -9999 -9999 -9999 -9999 -9999 -9999 -9999 -9999 -9999 -9999 -9999 -9999 -9999 -9999 -9999 -9999 -9999 -9999 -9999 -9999 -9999 -9999 -9999 -9999 -9999 -9999 -9999 -9999 -9999 -9999 -9999
-9999 -9999 -9999 239.75301 236.26801 242.75000 243.21001 244.66200 245.58000 245.41400 245.85201 243.54601 243.10600 237.81400 236.68100 232.20399 231.21100 226.50800 226.12199 227.41000 227.11301 223.17400 222.96899 -9999 -9999 -9999 -9999 -9999 -9999 -9999 -9999 -9999 -9999 -9999 -9999 -9999 -9999 -9999 -9999 -9999 -9999 -9999 -9999 -9999 -9999 -9999 -9999 -9999 -9999 -9999 -9999 -9999 -9999 -9999 -9999 -9999 -9999 -9999 -9999 -9999 -9999 -9999 -9999 -9999 -9999 -9999 -9999 -9999 -9999 -9999
-9999 -9999 -9999 -9999 -9999 243.89600 244.50400 242.18900 241.46300 238.98199 239.30000 240.46600 241.53700 238.74800 238.03900 234.94800 233.40900 236.54500 235.50400 235.58299 233.99300 234.17599 232.35600 -9999 -9999 -9999 -9999 -9999 -9999 -9999 -9999 -9999 -9999 -9999 -9999 -9999 -9999 -9999 -9999 -9999 -9999 -9999 -9999 -9999 -9999 -9999 -9999 -9999 -9999 -9999 -9999 -9999 -9999 -9999 -9999 -9999 -9999 -9999 -9999 -9999 -9999 -9999 -9999 -9999 -9999 -9999 -9999 -9999 -9999 -9999
238.77800 240.57899 240.21100 242.57800 242.51300 245.95700 245.41701 243.13600 243.19800 240.55299 240.81100 243.03300 242.35600 240.63800 239.18500 236.57899 235.71899 237.88300 236.39400 236.86501 235.51300 234.26100 234.32800 235.21700 237.10300 232.44000 232.16701 228.64101 229.36301 -9999 -9999 -9999 -9999 -9999 -9999 -9999 -9999 -9999 -9999 -9999 -9999 -9999 -9999 -9999 -9999 -9999 -9999 -9999 -9999 -9999 -9999 -9999 -9999 -9999 -9999 -9999 -9999 -9999 -9999 -9999 -9999 -9999 -9999 -9999 -9999 -9999 -9999 -9999 -9999 -9999
241.19299 247.26500 246.52600 245.80099 245.79500 246.58000 247.00000 243.81799 243.59000 239.91400 239.78000 242.97800 241.47200 236.76700 235.49699 239.67999 238.78200 240.73000 240.09399 239.87801 239.28999 239.01100 239.64000 239.14200 240.40199 236.03600 235.88600 227.35300 228.80901 228.46800 229.01300 228.14999 228.85201 229.32001 230.24800 234.12900 233.93100 231.04300 230.01199 237.79700 237.45599 240.27699 240.75999 239.36200 -9999 -9999 -9999 -9999 -9999 -9999 -9999 -9999 -9999 -9999 -9999 -9999 -9999 -9999 -9999 -9999 -9999 -9999 -9999 -9999 -9999 -9999 -9999 -9999 -9999 -9999
243.94400 249.69901 249.18900 248.96300 249.11301 249.45500 249.15900 244.73000 244.03101 240.95700 240.97800 245.28700 243.85800 238.67999 237.48801 241.86099 240.46201 242.83501 241.67900 241.63600 241.28999 242.32700 244.28300 242.17900 242.43700 239.63600 238.38600 230.41600 229.76199 230.47301 231.59500 232.20599 231.88400 232.19901 231.48000 236.67000 236.23500 232.53700 231.98599 239.55099 239.56300 242.86200 241.74200 240.63600 241.86301 -9999 -9999 -9999 -9999 -9999 -9999 -9999 -9999 -9999 -9999 -9999 -9999 -9999 -9999 -9999 -9999 -9999 -9999 -9999 -9999 -9999 -9999 -9999 -9999 -9999
254.83400 253.27699 253.51801 254.48000 256.93799 254.71899 253.98000 253.53600 251.99001 248.98900 246.90401 247.96201 246.14301 241.45799 239.50000 241.21100 239.89500 242.65100 238.88600 240.23399 241.36000 240.82201 241.81200 243.52000 244.24699 243.29201 243.09500 242.56400 241.21100 242.88901 244.52299 240.34000 239.63300 235.86099 235.68401 239.80000 239.63901 242.61501 240.69099 242.44000 242.48399 244.83501 244.05901 241.90900 241.98500 -9999 -9999 -9999 -9999 -9999 -9999 -9999 -9999 -9999 -9999 -9999 -9999 -9999 -9999 -9999 241.39000 237.92900 -9999 -9999 -9999 -9999 235.92700 236.20100 237.82800 240.21800
256.15100 254.53600 255.29800 257.45599 257.55899 255.12399 253.12601 253.86600 254.65700 249.92000 249.09399 248.31400 248.18700 242.59599 243.81500 244.85600 242.06799 243.14301 242.92999 244.56400 243.06100 244.11501 245.03101 245.58200 244.88000 243.24400 243.89600 243.51100 244.04700 246.00900 246.59700 242.17200 242.61099 239.12601 238.69901 242.32001 242.05200 244.85201 243.46600 243.93700 244.91499 246.50301 245.07899 243.38200 242.28799 240.64200 241.11700 240.78500 241.74899 246.59200 247.96800 245.77600 246.42999 248.18300 246.40401 248.98300 248.73599 245.74300 245.50301 243.75500 243.93500 240.21600 -9999 -9999 -9999 -9999 -9999 236.59100 237.58200 241.16499
255.72099 258.25299 254.23100 254.01199 255.68100 253.37500 250.73500 251.48000 251.54800 248.78200 247.10600 248.81200 250.06599 246.23900 246.51199 245.04300 244.75000 248.14101 245.68700 247.03400 245.89000 244.94800 244.64600 245.09801 245.64600 246.95599 246.63499 248.83900 247.83400 248.46800 249.04300 248.20599 246.64400 245.78500 245.62700 248.50301 246.71100 246.85699 246.00900 248.98399 247.69501 246.56300 247.99001 244.23801 244.40401 243.44099 242.28300 242.46700 243.15401 244.71500 246.40401 249.22900 248.12801 250.78600 252.73801 255.85100 253.10600 252.42400 252.36000 250.82401 247.75600 242.99699 243.22900 241.28101 240.02699 239.22000 240.01601 237.77000 238.31799 244.42799
256.03101 261.68701 267.89700 253.59599 259.02499 261.33499 257.41000 257.19299 256.82501 249.81400 249.57401 251.38600 252.40500 248.73500 245.71201 246.94400 246.52800 249.47600 248.82300 250.12199 249.79900 248.79800 247.48199 246.87199 248.28300 248.37300 249.00200 250.50301 251.11099 251.00200 250.63901 251.70900 250.30600 248.99800 248.94800 250.53200 249.17200 249.42700 248.08000 251.31799 250.25800 250.83900 249.80499 246.26601 246.44000 244.87000 245.01601 243.73199 244.14500 244.93100 246.04800 249.38100 249.79300 251.90500 251.71800 254.42500 256.53000 256.82800 256.94901 255.19400 255.49899 248.70100 251.56000 247.30701 243.16701 242.66200 242.04201 240.61501 239.96899 246.73100
246.68100 246.85699 250.29401 243.97900 238.47000 238.12801 236.79700 247.40601 249.62500 254.28600 252.54100 254.53400 254.84599 251.58501 249.82001 252.64999 252.25101 252.57600 251.78500 251.85400 254.83099 256.27100 256.18100 255.03400 254.74200 254.62500 254.21400 256.90601 256.31699 253.11099 254.06300 249.82700 249.61800 248.70200 247.37700 249.02600 248.80800 250.22701 250.25400 252.29900 252.76199 249.58800 247.84200 250.06400 249.90900 247.17599 244.42599 241.58900 240.21300 240.10100 242.05499 244.71100 245.97701 248.61600 249.39999 249.80000 249.56400 247.63499 250.97000 248.79800 249.67799 251.00999 251.78101 251.09700 248.50101 245.83400 243.74200 244.68900 242.89101 246.43800
241.71500 248.25101 251.03101 249.46899 248.46500 242.64200 239.57201 249.42101 251.99800 259.67899 257.30499 264.78201 264.00400 258.84399 255.85699 256.17300 254.58299 254.30200 253.71800 253.64301 255.11501 259.16199 256.78900 257.33499 257.40100 256.87100 256.16400 258.06100 258.81400 255.09399 254.50700 252.44501 252.70200 251.37900 249.57001 252.64700 252.63000 254.03999 253.19701 255.32800 256.66101 254.37801 251.95399 249.09300 249.64999 250.43700 248.59000 246.91499 244.50200 242.23900 244.07201 247.32899 247.05000 251.72301 250.12900 250.69099 254.72701 253.40199 255.65500 251.09700 249.63901 250.74001 250.85400 250.63000 253.19701 252.32100 251.73900 251.89000 249.65500 249.91000
246.07600 246.88800 250.53999 251.19099 252.96400 250.87000 243.71300 248.09100 246.86301 259.41199 257.68399 263.31400 268.73300 269.99899 270.57001 265.42001 260.94199 257.57599 255.30200 254.27100 254.28300 252.98000 253.80099 256.73999 256.56500 258.38599 258.48099 261.62000 261.74100 258.34900 259.02499 259.41101 259.12500 258.18301 257.82101 254.65300 255.60600 255.45100 256.23001 256.76001 255.70599 254.21300 253.82500 251.42999 251.14799 250.13400 248.67599 246.89900 246.17300 240.91901 241.62199 241.49001 243.60300 248.61400 248.81799 250.55299 250.34900 250.72501 252.16901 251.02299 254.28200 252.23199 250.20000 253.78400 252.64700 248.67000 249.05701 248.14000 248.91901 248.90800
252.60400 254.54201 254.21300 254.77901 257.60300 253.98399 252.41499 260.10400 255.74001 265.33099 262.30801 261.08499 263.89899 264.63199 266.28799 270.86401 270.39801 268.72800 266.83099 261.71100 260.56699 258.11301 257.53799 260.55801 260.09698 261.68600 261.28500 265.48099 265.65701 263.31900 265.12000 262.26999 265.31601 263.79599 262.43701 260.42499 259.74301 259.74701 259.34601 260.23801 259.77399 256.94000 255.98500 254.41100 254.48399 251.85699 252.90800 252.93900 252.20700 246.41901 245.99699 249.10100 250.08800 255.41000 255.93700 255.85800 256.30399 255.28700 254.35699 253.56799 256.20099 254.27000 254.47501 256.79401 253.72501 251.01900 251.90900 252.97800 251.28999 251.31100
269.41299 267.68301 271.63400 272.91000 272.53699 271.06299 272.78201 269.71100 266.10901 267.83701 266.52301 269.51099 269.10101 267.25699 265.87201 265.74701 265.95499 268.74500 269.74301 269.93600 268.11600 265.81900 264.11899 261.50699 260.78101 262.85901 263.49301 266.35400 269.74399 272.28000 271.90701 269.19601 269.49301 270.81000 269.00201 268.70700 264.88300 262.43701 261.33600 263.33499 261.68399 258.07700 256.32901 256.95901 258.50201 257.33899 256.88101 256.77200 254.79100 250.04900 252.16600 253.59700 252.46700 256.87399 257.46799 257.43500 260.49301 257.52301 259.72501 254.97701 253.96700 257.26300 256.66101 258.89200 258.59399 262.18799 259.76999 256.56699 253.63901 250.77400
272.29501 269.92001 270.31201 268.78900 268.75900 270.86099 273.31699 270.78299 271.38199 275.74600 271.96799 272.92899 278.23801 277.19000 273.31201 275.70300 322.49500 276.34698 265.25699 269.04999 294.23199 273.25101 270.97900 269.54401 262.70599 264.12000 265.75299 269.45300 271.76401 274.04599 273.05801 272.85800 272.51700 271.52301 270.45700 266.90601 266.61301 265.38101 263.37399 262.90302 263.96899 264.07199 259.91000 261.16599 261.32599 254.78500 255.12500 254.58200 257.06699 254.60899 256.26999 256.02802 254.82401 258.17099 256.76501 260.21899 261.37500 260.23401 261.62701 256.50900 255.34700 256.92001 257.00699 262.33899 262.56799 260.85800 258.48401 256.48199 252.11301 250.30600
274.82401 272.34201 271.47400 269.96399 269.98001 268.65201 269.39600 269.65201 270.54700 274.63101 275.04700 276.27100 276.98001 274.43500 272.26099 275.72101 275.29001 321.18900 272.48199 269.69400 267.62299 267.91501 268.39801 269.83899 267.63300 267.85999 265.47101 269.79700 271.29501 272.48199 272.72800 274.15701 271.81900 270.15399 269.25000 266.67401 265.60199 261.98801 262.06500 261.59601 263.07300 261.68201 261.06500 264.34000 263.93201 254.30499 253.27400 253.08600 255.27100 256.01199 258.55701 257.98999 256.57599 257.01700 259.65100 258.18500 257.96500 256.18201 254.73900 257.91299 254.95599 259.23401 258.09299 258.66299 257.83099 261.16501 259.93201 258.00500 258.08499 257.44501
276.55499 274.40701 274.75400 272.85999 273.51001 270.78699 268.97101 270.05801 269.22900 273.64001 272.94199 279.19501 282.17001 277.70401 273.29099 271.42099 273.84299 274.36401 272.98801 275.64999 273.33899 269.87100 267.40302 267.53400 269.37701 272.46500 273.02499 273.30701 274.91699 276.41599 277.78601 275.27499 274.74301 271.02499 270.12100 269.59201 270.20700 266.25601 266.62201 264.97501 267.70099 267.20599 263.34201 265.35599 268.12799 261.11200 255.52400 255.80099 255.79500 254.26401 256.94101 257.04501 250.30000 252.38200 253.06300 253.22400 254.95399 255.21899 257.42899 253.93300 255.56400 259.60199 259.46899 260.15500 260.44000 261.75299 260.11301 259.28201 258.83499 258.56699
280.10501 277.53101 279.43900 279.61600 278.97400 274.04501 273.38000 273.85800 274.16000 276.26300 278.89801 282.69800 282.70499 284.12100 280.36600 271.97800 270.62100 271.70300 272.64499 273.92700 273.19101 275.41901 273.95801 273.73999 274.28201 269.75400 269.26999 274.31201 273.93600 279.15399 280.75000 278.59399 277.71600 274.08899 276.87299 274.06000 269.97400 271.92700 273.76099 272.68500 272.24399 274.02701 273.88000 272.33701 270.12500 267.50299 266.46701 263.79401 263.55600 261.30200 263.36099 265.16699 264.28900 259.81100 259.55200 260.86099 259.35300 262.49100 259.65399 257.32501 256.42401 255.17000 257.81601 259.48099 260.76901 259.83600 258.30701 258.23801 257.57199 261.50299
280.17899 274.31400 277.20700 281.37399 300.55801 276.89999 273.56900 275.51999 273.78900 278.69800 277.99899 281.77701 280.33701 280.05701 281.31201 276.33499 274.06201 273.29001 270.40201 271.15100 269.66199 278.44101 274.70901 274.18799 274.16400 269.84299 274.34799 278.95001 277.39301 283.64200 282.16199 284.05600 280.62500 277.27399 278.37201 278.91101 273.41299 273.21701 274.68301 277.16299 277.21600 275.60501 276.39899 273.33600 271.92001 268.80200 267.82599 261.20200 264.43399 264.56900 264.11401 263.16400 264.68301 260.17899 259.91501 260.47000 259.28900 262.47601 260.20901 256.25400 257.25101 256.18799 258.42899 259.86499 262.22299 266.71899 265.21701 266.88300 266.11600 264.83401
279.76801 275.47299 275.64600 280.09201 324.21899 317.62799 323.83099 312.04401 277.31799 279.79901 279.42099 280.01901 280.80701 275.59698 276.27899 279.13901 274.69699 270.81900 268.69901 271.19699 271.42899 273.90201 276.23599 276.21500 273.80600 268.12701 268.82199 272.53400 274.44901 280.84799 281.57501 280.50500 280.04599 278.39301 277.55499 276.97900 274.79300 271.94601 274.48700 275.24701 277.34900 272.67700 273.20200 273.09698 267.85699 259.75101 256.46201 263.46799 261.26099 260.66101 260.03400 257.60599 259.20499 259.17899 262.53400 262.95200 264.56100 262.57401 259.83801 260.08401 261.40601 260.42700 261.32901 264.39899 269.99399 272.04901 270.72000 271.41501 270.01199 266.50299
279.84201 272.76199 274.54199 278.87500 278.08301 287.47198 309.39001 324.89099 322.41299 280.90601 282.42001 285.87000 282.92001 276.81699 278.80600 277.28299 273.72299 273.22900 270.28000 271.18701 271.01801 274.14999 277.73300 280.13599 273.82700 269.10501 269.40799 273.86301 274.86401 282.93100 285.75201 283.12701 281.47800 281.07599 280.84399 281.12900 276.74100 276.07599 276.20099 276.08401 275.41901 273.85901 268.63901 272.14801 267.13901 253.83501 252.94501 262.95200 264.30899 266.14999 262.72699 -9999 -9999 260.27301 259.98401 257.43799 261.79501 264.03900 263.23999 263.58701 267.22299 265.67300 271.58301 275.68600 293.23300 291.91599 292.36401 294.33801 292.57599 272.72601
285.35300 283.87000 278.95200 276.91400 278.96399 278.34900 276.32599 319.96201 277.90601 276.60400 300.98001 317.54800 276.03000 281.70001 280.29700 278.06100 276.25400 280.74500 277.45001 276.69400 279.92099 276.51901 275.55701 276.24600 275.54099 275.87201 273.03000 276.91501 276.98599 280.22699 280.44800 283.79700 280.57800 283.94501 286.13199 283.12799 281.22400 278.66699 273.74200 270.37201 -9999 -9999 -9999 -9999 262.85800 -9999 274.03400 281.83600 277.39600 276.03699 269.78400 -9999 -9999 271.46600 270.96100 269.49701 268.77399 265.46500 269.94000 270.83701 275.97299 280.23599 283.49899 283.21899 295.90500 283.87799 301.87799 304.00699 300.63000 283.20700
