data/hydroclimate-scenarios/BCSD_hadcm_A1B/monthly_summaries/isr_monthly_avg_jun.2030-2059.asc
ncols	311
nrows	91
xllcenter	102.75
yllcenter	31.75
cellsize	0.5
NODATA_value	-9999
[rows 0 to 30 of 91, columns 70 to 139 of 311]
-9999 -9999 -9999 -9999 -9999 -9999 -9999 -9999 -9999 -9999 -9999 -9999 -9999 -9999 -9999 -9999 -9999 -9999 -9999 -9999 -9999 -9999 -9999 -9999 -9999 -9999 -9999 -9999 -9999 -9999 -9999 -9999 -9999 -9999 -9999 -9999 -9999 -9999 -9999 -9999 -9999 -9999 -9999 -9999 -9999 -9999 -9999 -9999 -9999 -9999 -9999 -9999 -9999 -9999 -9999 -9999 -9999 -9999 -9999 -9999 -9999 -9999 -9999 -9999 -9999 -9999 -9999 -9999 -9999 -9999
-9999 -9999 -9999 -9999 -9999 -9999 -9999 -9999 -9999 -9999 -9999 -9999 -9999 -9999 -9999 -9999 -9999 -9999 -9999 -9999 -9999 -9999 -9999 -9999 -9999 -9999 -9999 -9999 -9999 -9999 -9999 -9999 -9999 -9999 -9999 -9999 -9999 -9999 -9999 -9999 -9999 -9999 -9999 -9999 -9999 -9999 -9999 -9999 -9999 -9999 -9999 -9999 -9999 -9999 -9999 -9999 -9999 -9999 -9999 -9999 -9999 -9999 -9999 -9999 -9999 -9999 -9999 -9999 -9999 -9999
-9999 -9999 -9999 -9999 -9999 -9999 -9999 -9999 -9999 -9999 -9999 -9999 -9999 -9999 -9999 -9999 -9999 -9999 -9999 -9999 -9999 -9999 -9999 -9999 -9999 -9999 -9999 -9999 -9999 -9999 -9999 -9999 -9999 -9999 -9999 -9999 -9999 -9999 -9999 -9999 -9999 -9999 -9999 -9999 -9999 -9999 -9999 -9999 -9999 -9999 -9999 -9999 -9999 -9999 -9999 -9999 -9999 -9999 -9999 -9999 -9999 -9999 -9999 -9999 -9999 -9999 -9999 -9999 -9999 -9999
-9999 -9999 -9999 -9999 -9999 -9999 -9999 -9999 -9999 -9999 -9999 -9999 -9999 -9999 -9999 -9999 -9999 -9999 -9999 -9999 -9999 -9999 -9999 -9999 -9999 -9999 -9999 -9999 -9999 -9999 -9999 -9999 -9999 -9999 -9999 -9999 -9999 -9999 -9999 -9999 -9999 -9999 -9999 -9999 -9999 -9999 -9999 -9999 -9999 -9999 -9999 -9999 -9999 -9999 -9999 -9999 -9999 -9999 -9999 -9999 -9999 -9999 -9999 -9999 -9999 -9999 -9999 -9999 -9999 -9999
-9999 -9999 -9999 -9999 -9999 -9999 -9999 -9999 -9999 -9999 -9999 -9999 -9999 -9999 -9999 -9999 -9999 -9999 -9999 -9999 -9999 -9999 -9999 -9999 -9999 -9999 -9999 -9999 -9999 -9999 -9999 -9999 -9999 -9999 -9999 -9999 -9999 -9999 -9999 -9999 -9999 -9999 -9999 -9999 -9999 -9999 -9999 -9999 -9999 -9999 -9999 -9999 -9999 -9999 -9999 -9999 -9999 -9999 -9999 -9999 -9999 -9999 -9999 -9999 -9999 -9999 -9999 -9999 -9999 -9999
-9999 -9999 -9999 -9999 -9999 -9999 -9999 -9999 -9999 -9999 -9999 -9999 -9999 -9999 -9999 -9999 -9999 -9999 -9999 -9999 -9999 -9999 -9999 -9999 -9999 -9999 -9999 -9999 -9999 -9999 -9999 -9999 -9999 -9999 -9999 -9999 -9999 -9999 -9999 -9999 -9999 -9999 -9999 -9999 -9999 -9999 -9999 -9999 -9999 -9999 -9999 -9999 -9999 -9999 -9999 -9999 -9999 -9999 -9999 -9999 -9999 -9999 -9999 -9999 -9999 -9999 -9999 -9999 -9999 -9999
-9999 -9999 -9999 -9999 -9999 -9999 -9999 -9999 -9999 -9999 -9999 -9999 -9999 -9999 -9999 -9999 -9999 -9999 -9999 -9999 -9999 -9999 -9999 -9999 -9999 -9999 -9999 -9999 -9999 -9999 -9999 -9999 -9999 -9999 -9999 -9999 -9999 -9999 -9999 -9999 -9999 -9999 -9999 -9999 -9999 -9999 -9999 -9999 -9999 -9999 -9999 -9999 -9999 -9999 -9999 -9999 -9999 -9999 -9999 -9999 -9999 -9999 -9999 -9999 -9999 -9999 -9999 -9999 -9999 -9999
-9999 -9999 -9999 -9999 -9999 -9999 -9999 -9999 -9999 -9999 -9999 -9999 -9999 -9999 -9999 -9999 -9999 -9999 -9999 -9999 -9999 -9999 -9999 -9999 -9999 -9999 -9999 -9999 -9999 -9999 -9999 -9999 -9999 -9999 -9999 -9999 -9999 -9999 -9999 -9999 -9999 -9999 -9999 -9999 -9999 -9999 -9999 -9999 -9999 -9999 -9999 -9999 -9999 -9999 -9999 -9999 -9999 -9999 -9999 -9999 -9999 -9999 -9999 -9999 -9999 -9999 -9999 -9999 -9999 -9999
-9999 -9999 -9999 -9999 -9999 -9999 -9999 307.49701 -9999 -9999 -9999 -9999 -9999 -9999 -9999 -9999 -9999 -9999 -9999 -9999 -9999 -9999 -9999 -9999 -9999 -9999 -9999 -9999 -9999 -9999 -9999 -9999 -9999 -9999 -9999 -9999 -9999 -9999 -9999 -9999 -9999 -9999 -9999 -9999 -9999 -9999 -9999 -9999 -9999 -9999 -9999 -9999 -9999 -9999 -9999 -9999 -9999 -9999 -9999 -9999 -9999 -9999 -9999 -9999 -9999 -9999 -9999 -9999 -9999 -9999
-9999 -9999 -9999 314.25000 298.56799 302.09000 304.74899 306.81400 308.60199 308.28101 310.25101 305.63300 306.51300 295.88800 296.60001 289.59601 289.92300 291.31601 290.53000 293.25101 292.07599 293.37399 293.27301 -9999 -9999 -9999 -9999 -9999 -9999 -9999 -9999 -9999 -9999 -9999 -9999 -9999 -9999 -9999 -9999 -9999 -9999 -9999 -9999 -9999 -9999 -9999 -9999 -9999 -9999 -9999 -9999 -9999 -9999 -9999 -9999 -9999 -9999 -9999 -9999 -9999 -9999 -9999 -9999 -9999 -9999 -9999 -9999 -9999 -9999 -9999
-9999 -9999 -9999 -9999 -9999 300.13800 300.48499 300.61801 301.56299 303.81900 304.47900 300.71799 301.32800 298.97699 298.97900 300.38101 300.84100 305.23801 304.81500 306.15701 305.60400 300.72900 300.60599 -9999 -9999 -9999 -9999 -9999 -9999 -9999 -9999 -9999 -9999 -9999 -9999 -9999 -9999 -9999 -9999 -9999 -9999 -9999 -9999 -9999 -9999 -9999 -9999 -9999 -9999 -9999 -9999 -9999 -9999 -9999 -9999 -9999 -9999 -9999 -9999 -9999 -9999 -9999 -9999 -9999 -9999 -9999 -9999 -9999 -9999 -9999
300.60001 302.11301 302.87601 303.06500 302.75900 297.72601 298.35001 299.01001 299.84201 300.62000 301.23401 298.38800 299.26300 297.38000 298.07999 299.89899 299.18900 304.06900 304.70300 304.62500 304.23801 299.58701 299.59900 304.42599 304.32199 305.57101 305.70200 307.53500 306.72101 -9999 -9999 -9999 -9999 -9999 -9999 -9999 -9999 -9999 -9999 -9999 -9999 -9999 -9999 -9999 -9999 -9999 -9999 -9999 -9999 -9999 -9999 -9999 -9999 -9999 -9999 -9999 -9999 -9999 -9999 -9999 -9999 -9999 -9999 -9999 -9999 -9999 -9999 -9999 -9999 -9999
301.60400 301.62799 301.04501 300.81799 301.64999 295.48099 296.42099 296.47800 298.06500 294.64001 295.37000 298.39700 299.82999 297.24701 297.81000 299.48401 301.21100 306.06100 305.04800 308.03799 306.82800 303.00800 305.65701 306.95901 305.97800 308.54700 307.20700 307.49200 305.90500 305.09299 305.34698 305.87900 305.83301 307.01901 306.73499 302.70401 302.46201 303.54999 303.96899 303.73401 303.04599 300.49200 301.32300 306.31400 -9999 -9999 -9999 -9999 -9999 -9999 -9999 -9999 -9999 -9999 -9999 -9999 -9999 -9999 -9999 -9999 -9999 -9999 -9999 -9999 -9999 -9999 -9999 -9999 -9999 -9999
302.39899 300.58499 301.13000 301.61301 302.74100 296.80801 295.96201 294.89301 295.08899 293.23599 294.23401 297.14200 297.62799 294.26901 296.47198 298.03299 298.93100 303.56000 304.40601 305.02899 306.28699 304.28400 307.46701 307.07901 307.20099 309.38199 308.66599 306.48901 307.83301 307.01801 308.74799 307.64001 307.85101 307.22699 306.39999 303.65799 302.68799 304.54099 303.36499 304.35501 303.62399 301.16101 301.18900 307.03500 306.43100 -9999 -9999 -9999 -9999 -9999 -9999 -9999 -9999 -9999 -9999 -9999 -9999 -9999 -9999 -9999 -9999 -9999 -9999 -9999 -9999 -9999 -9999 -9999 -9999 -9999
306.49399 306.96899 307.43500 303.83401 309.89099 305.55899 303.78699 303.97400 302.05200 306.89499 304.34100 305.18301 303.39600 304.86499 304.14600 300.14301 301.05099 301.32999 301.02802 303.73099 304.62500 306.82199 307.73499 304.03000 304.21799 307.15201 310.23999 310.18900 308.01099 304.77399 305.48999 306.04199 305.22601 305.10800 305.96701 310.02200 309.66699 308.88800 307.57700 310.04300 310.26599 311.17401 310.16299 304.70300 304.41901 -9999 -9999 -9999 -9999 -9999 -9999 -9999 -9999 -9999 -9999 -9999 -9999 -9999 -9999 -9999 305.63199 303.60101 -9999 -9999 -9999 -9999 308.16599 313.11200 315.15302 311.83801
304.33600 305.50699 306.22501 305.33801 308.45200 301.52802 298.26999 298.33099 301.31699 306.44901 307.27899 301.86801 302.33600 304.75400 306.67401 303.83099 301.71899 301.69299 300.04401 303.35001 303.64700 305.66101 307.93900 304.42999 300.09000 304.08600 304.78699 308.25699 307.91901 305.23801 305.23300 305.85300 306.05600 305.76801 304.63300 311.28400 310.60400 309.26901 308.33899 311.93701 311.16299 310.23401 311.13000 304.22400 304.92700 308.43701 307.79401 302.87100 304.79800 308.03299 310.34100 309.98300 311.45200 311.70999 309.86499 311.12000 310.74799 307.48999 307.33600 306.26001 306.72501 304.92001 -9999 -9999 -9999 -9999 -9999 309.94601 310.67499 312.00201
303.82101 303.85101 294.85901 299.22501 306.38501 298.03101 292.62201 296.90799 296.28400 295.69000 294.48401 294.60599 297.01401 298.12100 300.45599 296.79001 297.55099 300.05399 299.90701 301.96701 302.12799 301.16400 302.45901 301.84698 302.02200 303.89600 304.24600 305.62900 306.46899 304.24200 304.77600 302.34100 301.59201 302.47699 302.80200 304.43399 303.32300 303.84698 303.96799 301.90201 302.94199 304.29599 303.87299 304.80200 303.54901 303.57800 303.08200 305.71600 305.27399 306.39899 309.48001 307.64099 305.94800 308.18701 313.40302 316.64499 313.48801 312.92599 314.04999 313.55200 311.13599 313.07300 313.47400 311.13599 308.93301 306.00699 305.00500 304.75000 303.67899 306.89600
297.63199 305.57501 322.31100 294.68799 308.63000 310.36301 302.77200 302.54300 303.31201 294.07101 292.69501 293.76801 296.01199 297.32001 299.33801 295.95300 296.92099 299.48999 299.11801 302.26001 305.69299 304.93799 302.22299 302.74600 302.64899 303.58701 304.97400 306.68301 306.96600 304.70599 305.20700 302.48001 303.12399 303.03101 302.84900 304.58600 304.28500 305.15799 305.67499 302.20200 302.78400 304.35800 304.86499 305.41400 304.43799 303.88400 302.17099 304.64999 304.64401 301.61200 303.75299 306.26099 304.86401 306.45801 307.93301 310.76801 316.21799 316.86899 316.35300 317.88300 319.08401 318.06299 324.00699 320.64700 314.37601 308.06299 307.29401 305.00299 303.19000 307.19000
312.74600 309.35800 317.86499 306.58801 289.61600 297.69800 292.46799 298.84000 306.03500 300.73499 298.34601 298.51599 297.85999 295.82300 296.84201 295.44800 297.06799 296.56400 296.77600 298.89499 308.40500 307.82599 305.13901 306.21600 304.54901 305.01099 305.38000 306.25000 307.28500 305.63101 306.91599 307.14001 306.34900 307.85599 307.34100 306.54700 305.60501 303.33801 305.03101 307.86899 308.16599 306.85800 306.14499 308.84900 310.71399 305.36200 300.89499 296.92599 295.39499 301.55200 305.75800 308.07901 309.23901 310.95700 311.06000 312.39899 310.92401 308.41699 315.22601 318.85199 320.71600 324.00299 326.21701 327.41199 322.35800 319.58200 316.19000 312.44501 312.35101 311.79300
296.88901 306.30099 314.37201 314.29999 313.54001 304.30600 293.63901 301.85199 307.94000 307.53900 301.20499 318.09799 316.74701 309.42599 302.93100 298.48099 298.20401 296.19400 297.06900 299.70401 304.28799 308.63300 304.77802 306.77499 305.51599 305.55801 305.66501 306.71301 306.59900 305.79300 306.50299 306.90701 308.69101 310.93701 309.64801 307.48700 307.92599 307.68399 307.64200 310.97101 311.81799 311.49399 308.62900 305.60199 305.86301 306.84399 307.08200 303.60501 300.52899 302.82300 307.92300 310.84000 311.09601 311.38300 309.78400 314.31699 318.62900 316.65100 320.86301 319.22601 316.39200 319.37399 319.62500 321.83099 326.21301 327.93201 324.07800 324.07501 319.21399 317.14999
297.07599 302.39401 309.42099 317.43900 322.32101 325.69601 306.23001 303.50000 301.37701 305.75900 302.13699 309.82999 323.80899 326.36801 329.32999 319.41800 308.59100 301.43900 298.07800 295.20999 296.48700 295.84399 295.81201 299.07300 299.33401 304.74399 305.18600 305.35901 306.14999 305.67801 308.24600 309.06699 310.74899 314.27301 314.26001 307.31201 309.00299 309.13000 312.03201 311.65701 308.95700 306.75400 307.40399 302.88101 301.71100 306.34698 304.03101 303.98999 304.51099 303.97198 302.64899 301.16901 304.17700 305.92599 306.77100 307.52701 309.85800 311.09399 315.14401 317.88400 324.50101 325.76999 323.78000 324.30499 322.74600 319.05499 318.49200 319.34299 319.71500 317.12601
313.76401 317.22699 317.09601 323.82501 327.10699 328.47198 325.10699 329.46100 323.37799 317.94199 309.43301 302.13000 308.79099 310.97900 318.23801 328.39099 328.14899 325.63699 321.36099 311.32101 307.03101 301.09100 299.98099 301.01901 301.67200 305.55899 306.98901 307.18201 308.32700 312.46399 315.12601 311.33301 319.82501 324.05899 322.90601 316.54001 315.75299 313.86401 314.31201 313.19901 313.37100 310.25500 308.99600 303.48401 306.53900 309.77301 311.53201 311.39099 310.54800 312.88101 310.93201 313.03500 314.49799 316.12601 317.23499 316.77100 316.46600 318.31601 315.98700 319.98801 326.30499 325.00500 325.38901 326.63199 322.23199 319.13901 319.19800 323.96701 319.95200 315.31601
304.12900 312.16000 320.75800 329.23401 327.04999 332.53299 334.11499 332.47000 326.67200 322.04401 315.96201 312.67300 314.01001 313.75400 312.24799 312.59100 313.70999 313.68900 320.77100 324.85101 321.81699 317.52600 314.09000 311.18600 306.33099 307.39001 308.18301 311.96701 317.37000 319.70499 319.18900 318.59601 319.67001 324.50400 320.82800 322.32401 313.11600 315.32199 316.34500 319.27600 317.05099 309.86899 305.79099 307.55701 309.98199 312.86600 314.46399 315.38599 312.68399 311.50900 315.73300 317.59100 316.79501 319.98801 324.53601 323.16400 326.32999 323.09601 326.41400 321.09100 319.13300 325.08200 324.11099 327.97501 326.68701 326.09698 322.48001 317.42200 314.39801 316.21701
309.85001 313.14499 314.82800 317.06500 316.28000 327.87701 332.72198 334.01199 334.78201 331.77301 323.10300 313.73099 330.07001 329.78101 324.07700 332.06699 395.24200 329.50400 306.48700 320.97501 357.81100 329.24701 325.51801 326.03699 307.54999 308.23700 308.26999 313.66699 318.32300 318.38501 319.20200 321.61600 321.73801 321.42999 320.15302 312.37299 312.54901 318.11801 318.11099 319.20801 319.47198 321.00500 314.14899 312.79501 314.55899 304.23801 303.16501 309.84000 313.77100 315.96100 318.45599 319.71701 317.83499 317.95200 319.97501 326.72601 328.57700 326.44101 327.40500 320.77802 320.06500 321.09500 320.86099 328.90701 331.66699 319.90601 316.87900 315.06601 311.38699 313.01001
314.88000 313.90900 312.45300 312.51401 311.61200 321.78900 322.92300 323.02100 325.51199 320.50800 322.18301 321.04501 323.13599 322.65601 318.90399 328.43301 329.49701 388.28400 325.26599 324.10400 319.50601 319.24301 320.52200 323.46100 318.06900 315.01999 310.26801 313.99500 316.30899 314.79300 314.99600 318.87701 317.24799 314.83701 314.85501 313.51199 311.38300 311.24600 312.03201 312.39499 315.71799 316.74100 315.94501 317.46399 316.09601 303.90100 301.78299 305.71100 309.84299 316.57599 321.11899 320.67300 314.92499 315.35001 321.72900 321.53201 320.32700 319.64700 318.51300 326.67099 322.20099 323.32199 321.34900 325.34299 321.73499 318.20999 317.24200 315.40799 316.26001 319.19901
316.37500 316.06000 317.69601 320.19501 320.12299 325.03400 319.99500 319.51501 317.79199 314.96100 314.35400 323.05399 330.28000 324.68600 317.99600 318.74399 324.56201 322.87900 324.92899 335.85699 330.96301 321.17999 315.01401 315.78400 317.45700 324.82999 322.14301 318.13300 319.67999 318.85901 322.34000 320.08401 318.59201 311.71301 313.43600 313.22198 316.54800 317.25299 321.24701 316.75201 323.08301 323.67700 317.99899 319.37100 324.13199 317.05600 308.84299 308.31100 310.87399 312.00900 315.96899 317.26401 309.61700 307.46201 307.19299 306.79001 309.98499 314.29999 318.11700 317.59299 321.42999 321.25299 321.56799 325.80801 324.74100 319.61401 318.25900 315.95599 315.82901 316.66800
317.82999 322.85699 327.83401 330.47601 331.15701 322.26999 319.50201 316.46301 314.14700 318.86401 324.87000 326.07901 329.52499 332.89001 326.08801 318.65201 317.06500 328.85599 332.59900 334.20599 333.45401 332.44501 330.06100 329.16800 324.74799 322.30399 318.79901 326.12601 323.71201 320.04800 323.75400 316.08401 317.75601 314.21899 321.48599 321.64401 313.57101 312.36499 318.82800 314.51199 312.67300 322.83301 324.42499 323.40399 318.49100 318.95901 316.50500 316.81799 319.93600 316.10901 318.88501 317.23700 317.42099 311.01300 312.15500 313.69400 314.92599 315.71399 311.28799 310.84698 310.03699 310.11200 313.49799 319.10999 318.91101 320.53000 319.42200 317.94800 318.38699 324.64200
315.22900 314.03201 321.44699 334.32700 356.20700 328.45999 320.40601 318.91901 312.62000 322.17001 321.02899 318.22101 321.42999 321.74799 328.22101 325.60599 323.25400 330.62701 325.86099 326.72501 324.67499 337.33600 329.70599 326.96100 324.55600 321.53500 326.91400 334.50900 329.67499 325.22501 322.12701 324.87299 320.92801 319.14001 322.89001 327.07101 317.27802 314.03299 317.42099 320.41901 319.73599 323.55301 325.09500 321.42200 320.91901 318.20801 318.76599 312.78101 316.85101 318.91800 318.44199 315.39999 316.48700 309.50299 306.30200 308.80801 306.88000 311.46799 309.93500 306.03299 306.87201 310.44400 314.26300 318.71500 321.26001 330.85400 329.76401 329.40900 327.69400 328.26401
314.32700 321.33499 321.60501 330.23001 386.25699 375.03601 383.55301 370.19400 323.25400 330.62601 329.03101 323.20099 327.10599 322.28799 326.10501 332.47601 324.78799 322.77499 320.26199 323.39801 322.85400 326.13501 332.22601 331.82999 327.68799 320.35999 316.92401 323.10800 322.94601 317.86499 321.40799 317.24100 318.11499 321.24701 322.26300 324.72699 321.97000 313.60001 319.65302 319.88699 323.39600 319.19800 319.02200 320.77802 309.85400 310.03201 306.47198 305.13599 301.79599 304.58499 303.68799 300.76501 300.98401 297.54901 301.97800 308.72900 309.65100 307.91901 304.80399 307.21799 309.47900 313.94400 316.89600 324.06900 334.57199 336.43500 333.15399 334.17499 333.53900 329.89301
313.85599 311.86301 318.60001 327.43399 327.05701 337.10999 365.22101 387.53699 383.24301 336.05399 340.21399 339.36200 336.44000 329.09698 334.07800 329.89200 323.89200 327.38699 325.03201 318.92999 319.71600 325.82901 332.22601 340.95401 329.87000 321.04199 319.40500 327.53201 326.62701 326.55499 330.45200 322.63101 319.70300 326.03500 326.56601 328.84900 324.10800 319.04099 318.42001 318.64600 319.34201 319.50500 307.30399 311.81799 303.50699 296.01099 294.56799 301.86301 304.50101 311.32901 306.81299 -9999 -9999 294.78601 295.11099 292.87601 299.46600 301.99399 302.55801 305.91599 312.45999 318.73001 329.98700 340.82300 372.70099 370.64099 371.88800 371.93900 370.99200 337.89899
326.38501 323.52499 318.01001 318.21799 322.86200 329.96100 327.28500 385.83401 331.48999 335.58801 365.60800 388.12100 336.25900 335.50400 335.28101 329.40900 324.60199 327.07300 322.64801 319.93100 325.14801 324.97400 321.66400 325.14499 326.61301 334.70801 329.38901 328.11301 324.62399 328.91501 329.22299 331.96701 325.13901 326.04599 329.73700 329.08801 326.75201 322.49701 313.09799 302.26901 -9999 -9999 -9999 -9999 287.32199 -9999 308.27899 323.70099 316.76401 314.06601 301.20300 -9999 -9999 305.14899 302.98401 302.24799 302.13000 301.78000 306.93301 315.00900 324.26999 328.55301 336.46899 342.85199 367.63800 342.85901 375.53400 373.86801 371.25400 339.29999
