data/hydroclimate-scenarios/BCSD_hadcm_A1B/monthly_summaries/isr_monthly_avg_apr.2030-2059.asc
ncols	311
nrows	91
xllcenter	102.75
yllcenter	31.75
cellsize	0.5
NODATA_value	-9999
[rows 0 to 30 of 91, columns 210 to 279 of 311]
-9999 -9999 -9999 -9999 -9999 -9999 -9999 -9999 -9999 -9999 -9999 -9999 -9999 -9999 -9999 -9999 -9999 -9999 -9999 -9999 -9999 -9999 -9999 -9999 -9999 -9999 -9999 -9999 -9999 -9999 -9999 -9999 -9999 -9999 -9999 -9999 -9999 -9999 -9999 -9999 -9999 -9999 -9999 -9999 -9999 -9999 -9999 -9999 -9999 -9999 -9999 -9999 -9999 -9999 -9999 -9999 -9999 -9999 -9999 -9999 -9999 -9999 -9999 -9999 -9999 -9999 -9999 -9999 -9999 -9999
-9999 -9999 -9999 -9999 -9999 -9999 -9999 -9999 -9999 -9999 -9999 -9999 -9999 -9999 -9999 -9999 -9999 -9999 -9999 -9999 -9999 -9999 -9999 -9999 -9999 -9999 -9999 -9999 -9999 -9999 -9999 -9999 -9999 -9999 -9999 -9999 -9999 -9999 -9999 -9999 -9999 -9999 -9999 -9999 -9999 -9999 -9999 -9999 -9999 -9999 -9999 -9999 -9999 -9999 -9999 -9999 -9999 -9999 -9999 -9999 -9999 -9999 -9999 -9999 -9999 -9999 -9999 -9999 -9999 -9999
-9999 -9999 -9999 -9999 -9999 -9999 -9999 -9999 -9999 -9999 -9999 -9999 -9999 -9999 -9999 -9999 -9999 -9999 -9999 -9999 -9999 -9999 -9999 -9999 -9999 -9999 -9999 -9999 -9999 -9999 -9999 -9999 -9999 -9999 -9999 -9999 -9999 -9999 -9999 -9999 -9999 -9999 -9999 -9999 -9999 -9999 -9999 -9999 -9999 -9999 -9999 -9999 -9999 -9999 -9999 -9999 -9999 -9999 -9999 -9999 -9999 -9999 -9999 -9999 -9999 -9999 -9999 -9999 -9999 -9999
-9999 -9999 -9999 -9999 -9999 -9999 -9999 -9999 -9999 -9999 -9999 -9999 -9999 -9999 -9999 -9999 -9999 -9999 -9999 -9999 -9999 -9999 -9999 -9999 -9999 -9999 -9999 -9999 -9999 -9999 -9999 -9999 -9999 -9999 -9999 -9999 -9999 -9999 -9999 -9999 -9999 -9999 -9999 -9999 -9999 -9999 -9999 -9999 -9999 -9999 -9999 -9999 -9999 -9999 -9999 -9999 -9999 -9999 -9999 -9999 -9999 -9999 -9999 -9999 -9999 -9999 -9999 -9999 -9999 -9999
-9999 -9999 -9999 -9999 -9999 -9999 -9999 -9999 -9999 -9999 -9999 -9999 -9999 -9999 -9999 -9999 -9999 -9999 -9999 -9999 -9999 -9999 -9999 -9999 -9999 -9999 -9999 -9999 -9999 -9999 -9999 -9999 -9999 -9999 -9999 -9999 -9999 -9999 -9999 -9999 -9999 -9999 -9999 -9999 -9999 -9999 -9999 -9999 -9999 -9999 -9999 -9999 -9999 -9999 -9999 -9999 -9999 -9999 -9999 -9999 -9999 -9999 -9999 -9999 -9999 -9999 -9999 -9999 -9999 -9999
-9999 -9999 -9999 -9999 -9999 -9999 -9999 -9999 -9999 -9999 -9999 -9999 -9999 -9999 -9999 -9999 -9999 -9999 -9999 -9999 -9999 -9999 -9999 -9999 -9999 -9999 -9999 -9999 -9999 -9999 -9999 -9999 -9999 -9999 -9999 -9999 -9999 -9999 -9999 -9999 -9999 -9999 -9999 -9999 -9999 -9999 -9999 -9999 -9999 -9999 -9999 -9999 -9999 -9999 -9999 -9999 -9999 -9999 -9999 -9999 -9999 -9999 -9999 -9999 -9999 -9999 -9999 -9999 -9999 -9999
-9999 -9999 -9999 -9999 -9999 -9999 -9999 -9999 -9999 -9999 -9999 -9999 -9999 -9999 -9999 -9999 -9999 -9999 -9999 -9999 -9999 -9999 -9999 -9999 -9999 -9999 -9999 -9999 -9999 -9999 -9999 -9999 -9999 -9999 -9999 -9999 -9999 -9999 -9999 -9999 -9999 -9999 -9999 -9999 -9999 -9999 -9999 -9999 -9999 -9999 -9999 -9999 -9999 -9999 -9999 -9999 -9999 -9999 -9999 -9999 -9999 -9999 -9999 -9999 -9999 -9999 -9999 -9999 -9999 -9999
-9999 -9999 -9999 -9999 -9999 -9999 -9999 -9999 -9999 -9999 -9999 -9999 -9999 -9999 -9999 -9999 -9999 -9999 -9999 -9999 -9999 -9999 -9999 -9999 -9999 -9999 -9999 -9999 -9999 -9999 -9999 -9999 -9999 -9999 -9999 -9999 -9999 -9999 -9999 -9999 -9999 -9999 -9999 -9999 -9999 -9999 -9999 -9999 -9999 -9999 -9999 -9999 -9999 -9999 -9999 -9999 -9999 -9999 -9999 -9999 -9999 -9999 -9999 -9999 -9999 -9999 -9999 -9999 -9999 -9999
-9999 -9999 -9999 -9999 -9999 -9999 -9999 -9999 -9999 -9999 -9999 -9999 -9999 -9999 -9999 -9999 -9999 -9999 -9999 -9999 -9999 -9999 -9999 -9999 -9999 -9999 -9999 -9999 -9999 -9999 -9999 -9999 -9999 -9999 -9999 -9999 -9999 -9999 -9999 -9999 -9999 -9999 -9999 -9999 -9999 -9999 -9999 -9999 -9999 -9999 -9999 -9999 -9999 -9999 -9999 -9999 -9999 -9999 -9999 -9999 -9999 -9999 -9999 -9999 -9999 -9999 -9999 -9999 -9999 -9999
-9999 -9999 -9999 -9999 -9999 -9999 -9999 -9999 -9999 -9999 -9999 -9999 -9999 -9999 -9999 -9999 -9999 -9999 -9999 -9999 -9999 -9999 -9999 -9999 -9999 -9999 -9999 -9999 -9999 -9999 -9999 -9999 -9999 -9999 -9999 -9999 -9999 -9999 -9999 -9999 -9999 -9999 -9999 -9999 -9999 -9999 -9999 -9999 -9999 -9999 -9999 -9999 -9999 -9999 -9999 -9999 -9999 -9999 -9999 -9999 -9999 -9999 -9999 -9999 -9999 -9999 -9999 -9999 -9999 -9999
-9999 -9999 -9999 -9999 -9999 -9999 -9999 -9999 -9999 -9999 -9999 -9999 -9999 -9999 -9999 -9999 -9999 -9999 -9999 -9999 -9999 -9999 -9999 -9999 -9999 -9999 -9999 -9999 -9999 -9999 -9999 -9999 -9999 -9999 -9999 -9999 -9999 -9999 -9999 -9999 -9999 -9999 -9999 -9999 -9999 -9999 -9999 -9999 -9999 -9999 -9999 -9999 -9999 -9999 -9999 -9999 -9999 -9999 -9999 -9999 -9999 -9999 -9999 -9999 -9999 -9999 -9999 -9999 -9999 -9999
-9999 -9999 -9999 -9999 -9999 -9999 -9999 -9999 -9999 -9999 -9999 -9999 -9999 -9999 -9999 -9999 -9999 -9999 -9999 -9999 -9999 -9999 -9999 -9999 -9999 -9999 -9999 -9999 -9999 -9999 -9999 -9999 -9999 -9999 -9999 -9999 -9999 -9999 -9999 -9999 -9999 -9999 -9999 -9999 -9999 -9999 -9999 -9999 -9999 -9999 -9999 -9999 -9999 -9999 -9999 -9999 -9999 -9999 -9999 -9999 -9999 -9999 -9999 -9999 -9999 -9999 -9999 -9999 -9999 -9999
-9999 -9999 -9999 -9999 -9999 -9999 -9999 -9999 -9999 -9999 -9999 -9999 -9999 -9999 -9999 -9999 -9999 -9999 -9999 -9999 -9999 -9999 -9999 -9999 -9999 -9999 -9999 -9999 -9999 -9999 -9999 -9999 -9999 -9999 -9999 -9999 -9999 -9999 -9999 -9999 -9999 -9999 -9999 -9999 -9999 -9999 -9999 -9999 -9999 -9999 -9999 -9999 -9999 -9999 -9999 -9999 -9999 -9999 -9999 -9999 -9999 -9999 -9999 -9999 -9999 -9999 -9999 -9999 -9999 -9999
172.40900 168.96500 168.70500 168.51500 169.15800 169.15800 169.11600 166.11200 165.75301 -9999 -9999 -9999 -9999 -9999 -9999 -9999 -9999 -9999 -9999 -9999 -9999 -9999 -9999 -9999 -9999 -9999 -9999 -9999 -9999 -9999 -9999 -9999 -9999 -9999 -9999 -9999 -9999 -9999 -9999 -9999 -9999 -9999 -9999 -9999 -9999 -9999 -9999 -9999 -9999 -9999 158.73399 -9999 -9999 -9999 -9999 -9999 -9999 -9999 -9999 -9999 -9999 -9999 -9999 -9999 -9999 -9999 -9999 -9999 -9999 -9999
172.52901 175.00700 174.16000 172.58501 172.34500 170.55400 169.70700 171.12399 170.24100 138.11700 137.41400 135.73801 141.10300 172.83099 172.89500 173.53000 147.15199 147.96800 147.24699 146.40500 144.80499 170.31700 -9999 -9999 -9999 -9999 -9999 -9999 -9999 -9999 -9999 -9999 -9999 -9999 -9999 -9999 -9999 -9999 -9999 -9999 -9999 -9999 -9999 -9999 -9999 154.66100 155.72099 152.75900 150.95200 152.32899 153.96400 163.07300 -9999 -9999 -9999 158.37300 -9999 -9999 -9999 158.58800 159.92900 159.83501 -9999 -9999 -9999 -9999 -9999 -9999 -9999 -9999
177.60400 179.91499 179.28900 176.36800 175.27000 174.34100 173.81200 174.58000 174.32401 173.31599 170.97600 171.90700 172.09700 173.53300 174.30299 175.69701 174.69299 156.98801 173.23801 172.49400 171.80099 168.72200 168.86800 170.16100 171.03400 169.27699 175.25900 173.53200 -9999 -9999 -9999 -9999 -9999 176.18700 175.53999 178.56599 179.14999 176.77600 174.77000 173.13000 173.64301 172.85899 172.46001 172.58600 172.08299 158.55099 159.51700 156.35800 157.20900 155.22701 159.76500 168.78999 168.96600 166.64500 164.80701 164.32401 165.56900 164.10699 162.00700 165.02699 164.24200 160.65199 160.48399 164.37900 166.78500 163.29100 164.56500 -9999 -9999 -9999
181.44000 180.95100 180.70799 176.03000 176.49400 174.71800 170.19800 162.46100 175.81700 174.87900 175.52600 175.87700 175.43600 158.74300 177.58800 178.10899 177.95100 176.45300 176.53500 174.34700 172.76601 172.28400 171.51700 172.36099 173.92200 176.28300 170.52000 166.98801 168.99200 177.96700 181.69600 183.96300 183.04201 181.95200 181.36301 179.67500 181.09900 184.06400 181.12000 177.46500 177.61600 181.53400 180.65300 174.46800 174.83099 172.58299 172.76900 173.39101 172.77699 174.01601 173.44099 173.25101 172.28300 170.10800 168.27901 169.50400 169.40300 169.97301 171.91600 173.29900 172.45700 174.10800 174.44099 168.55600 171.18401 171.48000 170.56799 167.99001 166.82899 168.28700
186.93900 183.97000 185.54401 177.15601 175.20399 178.01199 183.58501 180.09801 177.63800 179.48000 177.72900 178.33000 176.85300 177.61700 176.88200 177.82800 176.40800 173.41600 172.20799 173.31200 172.87000 178.48300 140.86600 141.39400 142.46100 190.96100 193.29700 171.82800 173.64600 181.32001 186.64200 190.03600 191.51100 191.67000 185.87300 184.57500 186.51900 190.92500 191.21201 189.44701 188.60300 190.44501 189.36600 181.41800 182.22501 179.71400 178.00500 178.31900 178.10001 179.22301 178.71100 179.13000 178.35800 175.34599 174.69000 174.98199 176.06700 176.39900 177.44400 179.88901 177.52100 178.22501 178.93700 176.69701 179.73900 175.97701 177.06100 172.84599 173.53101 174.03300
176.33900 187.32500 190.24800 186.57500 187.10500 179.34900 178.29500 185.77699 182.87399 176.87801 174.03000 173.50800 173.47099 176.91701 176.66299 168.42799 166.39799 166.22900 171.24899 155.07001 151.09700 175.35600 175.14101 177.36301 183.04201 188.98700 191.99001 184.12500 184.36501 186.93600 186.66701 186.43300 191.00600 200.76300 194.42000 193.12601 192.16901 193.38901 194.16000 195.12700 192.00900 186.26199 185.16901 184.12199 183.57201 185.71700 186.43100 188.70000 188.63300 184.43100 183.72600 185.94099 183.98399 183.45700 181.70200 180.29100 179.69701 180.07201 178.82300 178.70000 180.62500 184.40199 185.15601 184.88699 186.57100 177.66800 178.36000 181.19400 183.55901 184.23199
182.02800 189.03101 190.18201 190.22000 192.79201 186.20900 183.39400 175.51401 173.86000 175.85800 178.41600 170.39900 169.38901 156.51100 155.37199 153.64600 152.84399 149.77000 149.56799 159.56700 162.31700 180.15700 179.18201 186.08800 190.19299 185.41800 191.52800 184.93100 187.20900 190.59900 192.69501 198.59000 198.88800 208.55800 206.89900 201.95700 199.49800 197.00200 194.93700 194.69099 193.22800 190.33299 191.06200 188.92900 187.74899 192.88901 194.76401 196.63200 196.61000 191.87900 190.06799 191.63200 188.58200 188.04601 188.96400 185.78000 184.47501 183.76300 183.60300 186.12801 185.51801 189.21600 188.40700 186.74500 187.19299 182.07201 185.00800 186.72200 188.87601 190.61600
189.76700 190.24600 190.29601 187.47301 195.77299 198.15601 190.77299 184.51300 181.96100 182.55299 181.65900 177.22400 176.96300 162.08200 162.91499 170.32500 170.08400 174.13000 175.12300 174.78101 175.45900 184.94501 179.59599 178.07001 179.95399 184.33800 182.72800 183.50500 188.30800 195.67101 198.87300 200.18700 204.53400 202.72400 206.05901 204.26300 201.56400 199.99500 197.09200 193.71100 194.46500 196.05299 195.74899 196.71201 194.88200 196.37900 196.58701 198.19501 197.56100 196.39200 196.49300 196.67000 195.65601 195.34000 192.85100 191.47200 191.01500 188.92999 188.43600 190.51801 187.42300 188.48700 186.69200 186.56900 186.27000 189.20799 190.55800 194.47000 196.66600 195.46300
187.65700 189.78700 193.49699 194.19501 192.00500 189.30099 183.00600 182.18900 182.10800 183.73199 183.69099 181.32100 181.75900 165.76100 165.67500 174.20100 174.59700 178.96201 177.35800 176.41499 176.78600 192.80901 190.24600 180.36800 187.06300 187.57100 182.14301 185.53900 193.09000 203.35400 205.52800 202.29300 204.82100 203.99600 208.94200 208.93900 205.98100 204.88800 202.69901 198.72501 197.19800 199.30600 199.08501 199.85201 198.35699 199.46700 199.26401 201.31900 201.15300 201.16299 200.39999 200.39101 199.00301 199.19600 197.37700 194.14000 193.37700 190.77699 190.02299 190.48801 191.43201 192.25000 192.09900 189.96100 190.30099 192.61200 193.08299 195.14799 194.34801 194.90900
198.84399 199.96201 202.00400 197.77100 191.42200 188.08800 187.44000 188.00000 187.77299 191.08000 191.22000 178.42700 179.56500 189.81700 147.64200 150.79900 152.23100 186.22600 186.49100 184.40601 181.21201 191.60001 196.87601 176.55701 194.52499 193.39000 191.00301 186.82300 192.02000 199.34000 200.89799 199.24200 202.64500 206.57100 206.54300 208.17599 210.50999 207.62300 208.54601 210.05600 208.84000 206.71100 204.85300 206.72200 205.29401 203.00301 201.73700 201.59700 204.48100 208.70500 210.60001 211.67500 208.87000 206.56000 205.34300 200.28101 198.11600 197.88200 198.31900 196.57401 197.79201 196.39101 195.20900 196.40199 195.44600 196.45300 197.75400 199.03700 200.43800 194.43100
192.53200 193.27499 192.28000 190.63499 190.00999 190.61600 188.70700 186.72301 186.62199 189.08299 187.79700 179.03500 191.94901 190.00800 190.15500 172.05499 184.84700 184.85800 183.87601 185.93100 186.22900 196.50200 202.71500 183.05299 197.97900 192.80901 193.26801 191.49001 191.50500 200.12900 199.81599 197.32201 200.80200 208.13901 209.48399 212.29601 210.19000 213.69299 209.78000 210.00999 213.96500 214.20900 210.55800 214.10201 217.88200 223.78101 223.86600 224.65401 222.68600 221.26100 215.78400 217.82001 215.36200 209.86000 204.81599 204.52699 202.38100 200.94299 202.08600 200.77901 198.80099 200.00600 200.38300 201.31400 198.42999 199.86600 201.64000 201.92999 203.87500 196.37399
192.75600 191.10899 191.11301 194.27901 194.55600 190.12100 188.92000 184.27800 183.50500 185.75200 187.37399 184.93300 185.29800 150.08200 189.43401 176.07899 176.85600 175.83299 177.25999 178.40100 177.68401 195.52400 209.52699 208.69200 184.32100 196.55901 197.32300 192.83800 194.32201 201.77200 194.72000 196.08099 198.70500 196.32700 198.41901 199.04700 201.53799 194.47301 197.19400 203.63699 204.14400 208.54100 212.05600 220.20300 222.13800 235.39400 237.82600 238.93300 239.13300 238.43900 232.83299 224.48801 216.22000 211.31599 205.36700 206.80400 208.73300 206.94200 204.89799 203.60001 202.60300 200.67200 200.76801 201.08000 203.76900 205.98000 205.37300 198.98399 198.14400 201.73801
190.84000 190.92999 191.85600 193.85001 194.37500 190.68700 190.91901 187.42799 187.38400 190.84399 189.82500 183.98300 183.01401 155.01300 157.16499 153.31500 152.13200 193.71201 192.48399 193.46500 180.94200 190.72701 196.31799 189.82201 198.63600 195.31700 201.23700 196.26300 195.00500 197.93700 197.94901 198.63000 202.92599 201.55400 203.94501 201.00999 202.83900 195.20100 197.46899 206.95399 207.69800 213.29201 220.81900 222.72301 238.92000 243.15601 243.17900 241.29201 240.03900 241.69400 239.69600 237.26199 231.99100 225.85100 217.92200 211.91400 218.73399 219.45200 210.80800 208.96400 208.05800 205.51801 205.93300 205.06000 207.46899 208.45100 206.77699 203.84500 204.46899 207.13499
194.58501 196.17700 198.58000 199.93800 202.25900 201.55400 201.07899 194.05400 201.64600 214.75900 212.83600 194.67799 196.38699 188.57899 193.48599 209.23801 201.48000 196.40300 197.17599 197.41800 199.95200 200.11501 198.80901 195.99600 192.73000 204.83000 208.98000 209.07899 211.86800 211.10001 211.52200 202.88400 204.85001 210.07700 204.29601 203.05901 203.30600 203.42400 206.24600 205.34700 210.76100 221.05901 227.64700 224.85600 229.62399 244.62601 244.45799 242.31799 242.08501 244.30600 244.31300 239.37500 236.30099 232.29401 228.70799 220.47800 215.53900 215.83000 218.23900 212.25999 210.64600 211.66100 210.72000 210.43100 212.16701 209.46100 210.69501 208.54100 208.28600 205.91701
200.76300 208.98700 234.63901 227.44200 227.02200 223.41600 212.60300 206.12700 205.06300 212.97099 222.00301 212.95000 217.03400 202.00301 210.81200 233.28900 228.14500 217.13400 203.71100 199.40800 199.62300 219.57100 220.53700 206.31599 208.78400 214.33200 221.46001 212.04700 214.12601 212.76100 217.82401 204.41701 204.81000 209.95599 202.96800 199.61400 201.05299 200.23801 203.28700 207.93500 213.61700 222.03000 228.85699 226.07800 236.74699 246.65800 246.02299 244.08400 243.57401 246.56799 246.76401 241.80099 240.76100 240.48900 237.09801 231.93300 225.59801 217.61800 220.94701 217.05701 214.76199 215.13300 216.15199 214.77600 215.26900 211.50700 210.48399 210.01601 211.03999 209.35001
221.96899 225.57800 230.73599 231.65700 230.85699 225.97600 220.55400 211.64700 210.22501 213.46700 204.92500 206.93600 208.70000 198.29401 198.82700 199.04500 200.91200 207.98500 209.82700 199.96899 191.65199 214.46500 222.63400 220.53600 225.85001 222.36800 213.43401 197.38200 196.94400 215.44099 216.47800 210.26601 211.33299 204.66701 199.54100 195.18700 193.53999 199.52299 204.82899 211.50301 214.27901 226.73900 233.38901 233.04601 240.34801 243.62300 244.01601 246.60001 245.77200 246.84200 247.03700 245.54401 245.28999 243.10699 240.11000 239.19299 229.99200 225.57700 216.57700 221.16600 219.88300 214.15100 213.08800 211.54100 211.34500 212.31900 212.30200 214.25301 215.89600 214.13100
227.19299 218.69400 217.75999 218.83299 209.97000 224.19299 231.25700 232.52299 226.15800 212.57401 207.85699 204.52699 205.93700 192.59900 191.32899 208.86900 231.41701 236.84399 234.22099 220.38000 206.45900 216.06200 221.49300 218.46500 230.86800 237.14200 226.66100 209.52699 205.65199 216.86800 213.41299 212.39301 210.97400 203.38499 200.79800 198.40500 213.01401 215.79100 207.40300 215.07899 219.55800 233.03700 237.61501 238.96201 242.53500 246.45300 245.71500 247.26801 247.20599 247.53900 248.41200 247.49100 247.39101 245.31700 245.02400 244.23700 239.40900 230.51700 218.52499 221.38400 223.10899 216.73199 218.32401 221.21700 227.48399 228.98199 228.65601 227.40900 221.89101 214.66701
231.30400 232.16000 222.31500 208.03700 202.03900 206.38200 220.31700 222.34300 214.11600 237.07100 239.26801 241.73500 235.37700 228.99200 217.21800 214.53000 228.82100 242.78600 240.23700 243.96700 245.24300 235.22900 236.11600 234.95900 236.55701 241.83099 237.09399 216.86000 213.60400 217.98399 220.12700 221.48100 216.16100 204.88300 202.48900 206.08800 216.70000 221.04601 218.02299 217.56500 221.01500 223.34700 230.04800 235.71899 241.76100 244.90700 248.63499 249.43800 249.32800 249.94800 248.87601 249.25301 247.74200 242.27699 243.36099 249.00101 240.45700 229.67700 229.75500 224.76700 224.45100 209.95500 209.30800 215.23399 218.42300 225.12900 225.14700 222.73599 223.08000 221.16200
