data/hydroclimate-scenarios/BCSD_hadcm_A1B/monthly_summaries/isr_monthly_avg_apr.2070-2099.asc
ncols	311
nrows	91
xllcenter	102.75
yllcenter	31.75
cellsize	0.5
NODATA_value	-9999
[rows 0 to 30 of 91, columns 210 to 279 of 311]
-9999 -9999 -9999 -9999 -9999 -9999 -9999 -9999 -9999 -9999 -9999 -9999 -9999 -9999 -9999 -9999 -9999 -9999 -9999 -9999 -9999 -9999 -9999 -9999 -9999 -9999 -9999 -9999 -9999 -9999 -9999 -9999 -9999 -9999 -9999 -9999 -9999 -9999 -9999 -9999 -9999 -9999 -9999 -9999 -9999 -9999 -9999 -9999 -9999 -9999 -9999 -9999 -9999 -9999 -9999 -9999 -9999 -9999 -9999 -9999 -9999 -9999 -9999 -9999 -9999 -9999 -9999 -9999 -9999 -9999
-9999 -9999 -9999 -9999 -9999 -9999 -9999 -9999 -9999 -9999 -9999 -9999 -9999 -9999 -9999 -9999 -9999 -9999 -9999 -9999 -9999 -9999 -9999 -9999 -9999 -9999 -9999 -9999 -9999 -9999 -9999 -9999 -9999 -9999 -9999 -9999 -9999 -9999 -9999 -9999 -9999 -9999 -9999 -9999 -9999 -9999 -9999 -9999 -9999 -9999 -9999 -9999 -9999 -9999 -9999 -9999 -9999 -9999 -9999 -9999 -9999 -9999 -9999 -9999 -9999 -9999 -9999 -9999 -9999 -9999
-9999 -9999 -9999 -9999 -9999 -9999 -9999 -9999 -9999 -9999 -9999 -9999 -9999 -9999 -9999 -9999 -9999 -9999 -9999 -9999 -9999 -9999 -9999 -9999 -9999 -9999 -9999 -9999 -9999 -9999 -9999 -9999 -9999 -9999 -9999 -9999 -9999 -9999 -9999 -9999 -9999 -9999 -9999 -9999 -9999 -9999 -9999 -9999 -9999 -9999 -9999 -9999 -9999 -9999 -9999 -9999 -9999 -9999 -9999 -9999 -9999 -9999 -9999 -9999 -9999 -9999 -9999 -9999 -9999 -9999
-9999 -9999 -9999 -9999 -9999 -9999 -9999 -9999 -9999 -9999 -9999 -9999 -9999 -9999 -9999 -9999 -9999 -9999 -9999 -9999 -9999 -9999 -9999 -9999 -9999 -9999 -9999 -9999 -9999 -9999 -9999 -9999 -9999 -9999 -9999 -9999 -9999 -9999 -9999 -9999 -9999 -9999 -9999 -9999 -9999 -9999 -9999 -9999 -9999 -9999 -9999 -9999 -9999 -9999 -9999 -9999 -9999 -9999 -9999 -9999 -9999 -9999 -9999 -9999 -9999 -9999 -9999 -9999 -9999 -9999
-9999 -9999 -9999 -9999 -9999 -9999 -9999 -9999 -9999 -9999 -9999 -9999 -9999 -9999 -9999 -9999 -9999 -9999 -9999 -9999 -9999 -9999 -9999 -9999 -9999 -9999 -9999 -9999 -9999 -9999 -9999 -9999 -9999 -9999 -9999 -9999 -9999 -9999 -9999 -9999 -9999 -9999 -9999 -9999 -9999 -9999 -9999 -9999 -9999 -9999 -9999 -9999 -9999 -9999 -9999 -9999 -9999 -9999 -9999 -9999 -9999 -9999 -9999 -9999 -9999 -9999 -9999 -9999 -9999 -9999
-9999 -9999 -9999 -9999 -9999 -9999 -9999 -9999 -9999 -9999 -9999 -9999 -9999 -9999 -9999 -9999 -9999 -9999 -9999 -9999 -9999 -9999 -9999 -9999 -9999 -9999 -9999 -9999 -9999 -9999 -9999 -9999 -9999 -9999 -9999 -9999 -9999 -9999 -9999 -9999 -9999 -9999 -9999 -9999 -9999 -9999 -9999 -9999 -9999 -9999 -9999 -9999 -9999 -9999 -9999 -9999 -9999 -9999 -9999 -9999 -9999 -9999 -9999 -9999 -9999 -9999 -9999 -9999 -9999 -9999
-9999 -9999 -9999 -9999 -9999 -9999 -9999 -9999 -9999 -9999 -9999 -9999 -9999 -9999 -9999 -9999 -9999 -9999 -9999 -9999 -9999 -9999 -9999 -9999 -9999 -9999 -9999 -9999 -9999 -9999 -9999 -9999 -9999 -9999 -9999 -9999 -9999 -9999 -9999 -9999 -9999 -9999 -9999 -9999 -9999 -9999 -9999 -9999 -9999 -9999 -9999 -9999 -9999 -9999 -9999 -9999 -9999 -9999 -9999 -9999 -9999 -9999 -9999 -9999 -9999 -9999 -9999 -9999 -9999 -9999
-9999 -9999 -9999 -9999 -9999 -9999 -9999 -9999 -9999 -9999 -9999 -9999 -9999 -9999 -9999 -9999 -9999 -9999 -9999 -9999 -9999 -9999 -9999 -9999 -9999 -9999 -9999 -9999 -9999 -9999 -9999 -9999 -9999 -9999 -9999 -9999 -9999 -9999 -9999 -9999 -9999 -9999 -9999 -9999 -9999 -9999 -9999 -9999 -9999 -9999 -9999 -9999 -9999 -9999 -9999 -9999 -9999 -9999 -9999 -9999 -9999 -9999 -9999 -9999 -9999 -9999 -9999 -9999 -9999 -9999
-9999 -9999 -9999 -9999 -9999 -9999 -9999 -9999 -9999 -9999 -9999 -9999 -9999 -9999 -9999 -9999 -9999 -9999 -9999 -9999 -9999 -9999 -9999 -9999 -9999 -9999 -9999 -9999 -9999 -9999 -9999 -9999 -9999 -9999 -9999 -9999 -9999 -9999 -9999 -9999 -9999 -9999 -9999 -9999 -9999 -9999 -9999 -9999 -9999 -9999 -9999 -9999 -9999 -9999 -9999 -9999 -9999 -9999 -9999 -9999 -9999 -9999 -9999 -9999 -9999 -9999 -9999 -9999 -9999 -9999
-9999 -9999 -9999 -9999 -9999 -9999 -9999 -9999 -9999 -9999 -9999 -9999 -9999 -9999 -9999 -9999 -9999 -9999 -9999 -9999 -9999 -9999 -9999 -9999 -9999 -9999 -9999 -9999 -9999 -9999 -9999 -9999 -9999 -9999 -9999 -9999 -9999 -9999 -9999 -9999 -9999 -9999 -9999 -9999 -9999 -9999 -9999 -9999 -9999 -9999 -9999 -9999 -9999 -9999 -9999 -9999 -9999 -9999 -9999 -9999 -9999 -9999 -9999 -9999 -9999 -9999 -9999 -9999 -9999 -9999
-9999 -9999 -9999 -9999 -9999 -9999 -9999 -9999 -9999 -9999 -9999 -9999 -9999 -9999 -9999 -9999 -9999 -9999 -9999 -9999 -9999 -9999 -9999 -9999 -9999 -9999 -9999 -9999 -9999 -9999 -9999 -9999 -9999 -9999 -9999 -9999 -9999 -9999 -9999 -9999 -9999 -9999 -9999 -9999 -9999 -9999 -9999 -9999 -9999 -9999 -9999 -9999 -9999 -9999 -9999 -9999 -9999 -9999 -9999 -9999 -9999 -9999 -9999 -9999 -9999 -9999 -9999 -9999 -9999 -9999
-9999 -9999 -9999 -9999 -9999 -9999 -9999 -9999 -9999 -9999 -9999 -9999 -9999 -9999 -9999 -9999 -9999 -9999 -9999 -9999 -9999 -9999 -9999 -9999 -9999 -9999 -9999 -9999 -9999 -9999 -9999 -9999 -9999 -9999 -9999 -9999 -9999 -9999 -9999 -9999 -9999 -9999 -9999 -9999 -9999 -9999 -9999 -9999 -9999 -9999 -9999 -9999 -9999 -9999 -9999 -9999 -9999 -9999 -9999 -9999 -9999 -9999 -9999 -9999 -9999 -9999 -9999 -9999 -9999 -9999
-9999 -9999 -9999 -9999 -9999 -9999 -9999 -9999 -9999 -9999 -9999 -9999 -9999 -9999 -9999 -9999 -9999 -9999 -9999 -9999 -9999 -9999 -9999 -9999 -9999 -9999 -9999 -9999 -9999 -9999 -9999 -9999 -9999 -9999 -9999 -9999 -9999 -9999 -9999 -9999 -9999 -9999 -9999 -9999 -9999 -9999 -9999 -9999 -9999 -9999 -9999 -9999 -9999 -9999 -9999 -9999 -9999 -9999 -9999 -9999 -9999 -9999 -9999 -9999 -9999 -9999 -9999 -9999 -9999 -9999
174.02499 171.40800 170.93401 171.65100 172.40900 171.68900 171.58800 168.74699 168.40500 -9999 -9999 -9999 -9999 -9999 -9999 -9999 -9999 -9999 -9999 -9999 -9999 -9999 -9999 -9999 -9999 -9999 -9999 -9999 -9999 -9999 -9999 -9999 -9999 -9999 -9999 -9999 -9999 -9999 -9999 -9999 -9999 -9999 -9999 -9999 -9999 -9999 -9999 -9999 -9999 -9999 160.00600 -9999 -9999 -9999 -9999 -9999 -9999 -9999 -9999 -9999 -9999 -9999 -9999 -9999 -9999 -9999 -9999 -9999 -9999 -9999
176.47200 179.80701 178.67500 177.90199 177.41901 170.04601 169.18401 171.91800 170.99699 141.34300 140.41100 138.61099 140.30499 174.30800 174.17400 174.99300 149.23300 148.91299 148.07100 146.87801 144.57899 175.56799 -9999 -9999 -9999 -9999 -9999 -9999 -9999 -9999 -9999 -9999 -9999 -9999 -9999 -9999 -9999 -9999 -9999 -9999 -9999 -9999 -9999 -9999 -9999 153.66200 155.17500 151.99300 149.88000 150.50900 153.48801 164.96001 -9999 -9999 -9999 155.75400 -9999 -9999 -9999 158.08000 159.72400 155.46899 -9999 -9999 -9999 -9999 -9999 -9999 -9999 -9999
182.41901 185.68100 184.56700 182.31900 180.83701 174.34700 173.94299 175.87601 175.58900 173.85300 171.58800 172.62900 172.84300 173.17599 174.05800 175.27699 174.24600 155.98900 172.99699 172.41499 171.26100 168.66200 169.55600 169.33501 170.58099 169.28200 178.66499 174.51100 -9999 -9999 -9999 -9999 -9999 174.91200 174.31900 176.69000 177.53400 177.33701 174.97200 171.98000 172.47501 174.81700 174.14799 174.65700 174.15199 157.54900 158.69800 155.44600 156.39101 154.83099 158.61900 171.74600 171.95799 165.08600 162.95500 162.13800 163.61000 165.03600 162.70100 165.79100 164.89400 156.82800 156.62300 160.42500 162.48801 166.72501 167.67000 -9999 -9999 -9999
186.44299 182.05800 181.42400 177.27499 177.54401 175.33501 170.05600 161.62399 175.49001 175.33000 175.99100 176.46800 176.00500 158.42799 177.34100 177.53000 177.37900 176.14700 176.08600 173.31000 172.28700 171.42200 170.67599 171.04201 173.32401 177.89900 171.06700 169.83900 173.63300 180.03700 184.36400 190.31100 189.24400 181.95599 181.39500 182.72301 184.78200 185.67500 182.10500 178.50200 178.74300 181.88600 180.66299 177.62199 177.93401 176.44901 176.67700 175.92999 175.17000 176.74200 176.19099 174.09399 173.02400 169.91901 167.89600 167.99200 167.95900 167.77200 170.06900 174.27400 173.26100 169.91100 170.12900 162.66901 165.35300 172.47800 171.79100 171.85699 170.42500 172.09200
194.21100 186.02600 187.68500 176.65401 173.69099 178.82600 184.79500 170.05200 166.49300 180.05701 178.74600 178.72099 177.14301 177.01500 176.26801 177.06000 175.56700 172.74600 171.39101 172.70700 171.79100 178.79300 141.25900 140.56300 143.93600 195.23500 198.89200 177.18900 179.39900 183.58600 189.93201 197.70200 199.79300 194.02600 186.51801 188.34200 190.88699 193.79100 194.43600 192.65401 191.72600 192.03200 190.66499 185.69299 186.62300 184.58000 182.56100 181.07001 180.73399 182.17000 181.60100 180.42101 179.47501 175.38901 174.68500 173.81700 174.98500 174.50900 175.75900 181.37601 178.59700 174.07300 174.69299 171.39000 174.75400 177.45100 178.83200 177.33900 177.84200 178.41600
187.12300 191.60500 194.43300 191.14799 191.32001 181.08501 179.52699 187.67599 184.17599 166.70100 166.19200 166.52901 164.59000 177.13400 175.89400 157.77400 154.92799 163.44901 168.83600 157.16600 153.21201 175.97501 175.92200 178.90199 186.14101 195.24400 198.57800 183.98399 183.72501 194.55800 192.86501 192.01300 198.01100 208.18201 199.43600 194.97301 193.87000 198.27100 199.40300 200.57600 196.76801 190.27699 189.15100 186.50600 185.96100 187.22400 188.11900 187.87900 187.81000 191.18900 190.49400 189.35100 187.23599 186.22501 184.08600 183.46400 182.75500 183.67300 182.31300 182.61099 184.94400 187.55600 188.47000 183.29100 185.09500 178.82800 178.10400 184.53000 186.95900 186.16800
194.00301 193.12000 194.42300 195.63499 198.82201 191.01100 186.58000 177.52000 175.49500 178.34399 169.74100 174.47900 173.33200 154.28000 152.71700 153.23599 153.74100 149.75000 149.35699 162.18401 164.83800 177.73801 177.48801 189.03200 194.49899 190.15700 197.72301 183.88300 186.78600 198.14301 200.77100 206.46800 207.22301 216.53700 214.17999 205.05000 202.08501 201.96201 199.31500 198.75700 197.04300 194.38100 195.23300 191.24699 189.69600 195.29201 197.73199 196.39101 196.33299 199.43500 197.44800 195.58099 192.04601 191.05200 192.24300 189.41200 187.81500 187.55200 187.37500 190.69200 190.26500 192.48199 191.52400 184.52699 184.73300 181.49800 184.78700 190.34200 192.51801 192.96500
195.89101 192.55000 192.38901 195.84900 205.85800 202.48399 191.70599 179.03900 175.99500 182.61700 181.67101 176.06900 175.65900 165.51900 165.02901 171.91701 171.56200 174.42700 175.20599 175.87199 176.20200 187.63300 180.98801 176.97800 179.22900 184.48300 183.12199 183.99001 190.04800 200.92400 204.95599 206.57001 211.96100 207.56900 211.04100 211.03700 207.65800 203.72800 200.16400 199.17000 200.11400 200.44600 200.06700 198.14799 195.82300 197.99899 198.22000 199.64799 198.96800 199.48100 199.83099 197.92999 196.81599 197.52400 194.59200 193.30800 192.83501 192.04300 191.53101 194.77499 191.12500 192.57001 190.25000 188.50999 188.03200 189.14700 190.67300 197.22400 199.66200 196.39301
191.83400 190.64700 195.49800 204.13600 201.55499 190.89600 182.58701 176.75800 176.62100 183.98100 184.08200 180.49699 180.90700 168.11099 167.97301 176.36000 175.43800 179.51900 177.22900 176.84399 177.18100 197.36700 193.46899 178.62500 187.17900 187.62300 181.23500 185.64600 195.31100 209.41701 212.37000 208.28900 211.75400 208.16600 213.98199 215.66400 212.12700 208.91499 206.20599 204.59100 202.75999 203.65401 203.49400 201.26401 199.37000 200.57899 200.29500 202.30901 202.40800 204.30800 203.66600 201.74899 200.36200 201.52699 199.33900 195.89400 194.81799 193.39400 192.41800 193.69200 194.80600 196.08600 195.74300 191.51801 191.91299 192.27600 192.93700 197.19701 196.13800 195.08000
204.04800 200.92200 202.79601 202.75600 194.49001 192.80600 192.14600 184.73199 183.97400 188.84700 189.58900 182.60201 182.95399 190.22701 147.23000 151.64600 154.02400 189.29500 188.18201 181.98500 179.25600 194.50800 200.99100 177.43401 194.12601 193.88300 192.79401 187.61600 194.36700 201.68700 203.63600 205.55499 209.58900 211.88200 211.32899 210.77600 213.33800 213.33800 214.57800 216.88600 215.47900 209.60001 207.36301 210.21700 208.44099 209.55499 208.00600 206.62700 210.31799 209.58800 212.79800 215.26700 212.07201 211.42700 209.93700 203.08200 200.53799 201.18900 201.75600 200.17000 201.21100 198.34599 196.97501 198.08800 196.85800 196.03200 197.50101 198.14200 199.58400 200.05600
195.09599 191.36200 190.00200 191.90800 190.76199 194.37000 192.15401 181.86501 181.28000 183.14400 180.89000 181.00400 192.61301 187.04300 187.28200 171.97400 182.92200 182.83501 182.67700 184.79800 185.20300 199.46400 207.21400 184.78700 197.40401 194.23801 195.30901 192.34100 192.50500 201.49500 201.43300 202.37500 206.66701 212.84399 214.47301 214.92799 212.74200 220.22400 215.60201 216.13400 221.06599 218.39799 213.81799 219.54700 223.33701 231.80701 231.58000 231.15401 229.58299 223.45900 217.65500 220.94200 218.58400 214.54601 208.19400 207.53000 204.78400 204.23500 205.62199 204.13901 201.51700 201.79500 202.62199 203.38400 199.82300 199.53700 201.60500 201.08900 203.15500 201.78700
193.39500 192.49800 192.69299 195.60300 195.59200 193.44099 191.89999 188.41000 187.35001 185.07100 186.96800 188.53000 189.18500 149.57800 188.21800 174.99200 175.95500 176.03999 177.22701 178.36099 177.34100 193.69200 214.32201 218.99899 191.82300 198.54401 200.86900 198.80701 200.46899 203.21300 197.05499 198.00101 201.04300 197.39999 199.75301 201.90401 204.90199 196.79800 200.21800 208.36200 208.78799 209.21001 213.66499 224.96400 226.58299 234.19501 233.03200 236.00000 236.15601 234.39101 230.53700 226.04100 217.56000 215.17599 208.04700 206.58701 209.28999 209.76801 207.47600 205.28000 204.32401 203.32100 203.46600 206.33501 209.36400 209.22900 208.66600 203.53799 202.42599 202.04300
190.19299 190.97301 192.89400 194.41400 194.75600 192.87300 193.03799 191.52800 191.32001 189.92200 188.53000 186.39500 185.75700 155.31000 157.67400 152.80400 151.29300 193.42599 191.78700 191.48300 180.34100 191.81599 197.98801 198.14999 208.15700 196.03799 202.90700 202.61900 200.76801 199.70599 199.95300 200.58400 206.02299 203.11700 205.92700 203.78600 205.94501 197.13800 200.12399 211.69299 212.85899 214.32800 223.38800 227.14999 231.82401 237.16701 237.95799 238.33701 237.06000 237.60899 235.44800 233.84100 230.90900 229.05701 221.22000 211.32500 219.10100 222.79401 213.20200 210.26601 209.43100 208.28900 208.57700 209.93300 212.72099 210.91901 209.19000 208.41600 209.10400 207.30000
192.02299 194.33600 197.38400 202.50200 204.39301 197.37199 197.06700 196.49300 206.56500 214.88200 214.84700 190.81599 190.98100 198.64301 205.44901 211.59900 202.12801 196.18500 196.33701 197.70500 200.88200 203.57899 201.64000 199.62199 195.90800 206.36301 210.97701 206.83200 210.01401 214.96600 215.93100 209.07300 211.32800 213.66200 206.11000 208.49200 208.78600 209.55099 212.76801 213.21100 219.41800 226.45799 234.08200 233.99200 235.85100 243.61400 243.44600 241.46201 241.16901 242.00800 241.97600 241.20700 239.28400 234.86700 231.83900 224.48000 218.71001 219.51601 222.57100 215.60201 213.65500 213.27699 212.13499 212.93500 214.80600 207.87399 209.32100 208.69501 208.35400 213.91400
199.18800 209.58900 231.72600 227.87199 227.39600 220.64999 211.09900 211.43300 209.69200 211.62700 219.77400 208.24001 210.71500 213.02400 213.09700 235.32500 232.89000 219.25800 204.95900 200.57401 200.61099 224.92900 226.96500 212.02299 214.67300 216.72800 224.48900 209.60100 212.02699 216.22701 222.29100 210.00999 210.76900 212.37700 204.25700 204.15100 205.81599 205.77901 209.53600 215.58900 222.10500 227.00999 234.75200 234.21899 238.34399 245.65500 244.97900 243.21500 242.69000 244.24500 244.41701 243.66100 242.69000 240.73500 238.26601 234.62100 228.87500 220.37700 224.66901 220.00800 217.73599 215.95000 217.14400 217.06400 217.69299 209.35500 208.24001 209.45599 210.65601 216.95599
227.37000 226.17300 231.41000 233.22200 231.74699 222.64301 218.52499 211.48100 210.59599 212.68700 203.17999 203.16600 204.68600 197.18900 197.85400 200.78101 202.54500 208.74899 210.69200 202.71600 194.15700 217.00600 225.14500 229.85300 234.29601 227.65300 217.75301 203.29601 202.52400 212.57401 214.15199 213.00600 214.47701 207.00800 200.86800 201.29700 199.47000 201.57401 208.28900 216.83701 220.69200 231.89301 238.94099 236.13901 239.40401 242.34801 242.71899 244.34300 243.43600 245.97900 246.18201 245.18900 244.92799 243.33400 241.14999 237.70500 229.47400 229.33800 219.53900 222.57700 221.34599 213.70599 212.61200 216.25600 216.09200 214.93800 215.00400 211.23900 213.09700 222.45300
228.75400 219.91901 218.97501 220.49100 211.33900 220.54700 228.39200 229.48300 225.09801 212.15401 206.24699 200.74800 201.53300 190.54201 189.41901 211.26900 231.70799 236.37199 234.16600 224.58400 209.26500 219.00999 225.09000 227.75600 235.94501 239.56000 231.45799 215.77600 212.02200 213.30701 209.82300 214.97501 212.94400 204.27000 201.58701 203.98500 213.86400 217.03999 210.37801 220.01700 225.83701 237.82001 241.95599 240.64200 241.81400 245.14400 244.43600 244.98801 244.84100 246.65100 247.50301 247.15100 247.02800 245.54100 245.21201 241.55499 237.72099 234.01601 220.60800 222.55000 224.34399 215.53799 217.81500 226.53200 232.87801 231.65900 231.66901 224.52901 219.13400 222.66000
229.76500 233.16100 222.73300 208.91299 202.73300 205.76199 219.94299 221.12500 214.72701 235.42400 236.88300 238.84399 234.85201 225.80600 212.74100 218.69299 233.20799 243.56100 241.06000 243.65800 244.81900 237.52400 238.38100 237.43401 239.03999 243.02000 242.37199 219.14999 216.11000 219.46300 221.92799 221.26500 215.63600 211.03900 208.42000 210.60800 217.77600 223.50600 223.81700 216.63300 221.22200 228.40401 235.32401 241.19400 244.50400 245.56700 247.19099 247.30499 247.14700 249.23199 248.15700 248.21899 247.56900 245.21001 246.11000 251.18100 244.10500 229.75999 229.97301 223.78101 223.61600 214.47099 213.75800 219.17599 222.64000 225.61501 225.66100 221.53500 221.86900 218.69000
