data/hydroclimate-scenarios/BCSD_hadcm_A1B/monthly_summaries/isr_monthly_avg_jan.2030-2059.asc
ncols	311
nrows	91
xllcenter	102.75
yllcenter	31.75
cellsize	0.5
NODATA_value	-9999
[rows 0 to 31 of 91, columns 71 to 141 of 311]
-9999 -9999 -9999 -9999 -9999 -9999 -9999 -9999 -9999 -9999 -9999 -9999 -9999 -9999 -9999 -9999 -9999 -9999 -9999 -9999 -9999 -9999 -9999 -9999 -9999 -9999 -9999 -9999 -9999 -9999 -9999 -9999 -9999 -9999 -9999 -9999 -9999 -9999 -9999 -9999 -9999 -9999 -9999 -9999 -9999 -9999 -9999 -9999 -9999 -9999 -9999 -9999 -9999 -9999 -9999 -9999 -9999 -9999 -9999 -9999 -9999 -9999 -9999 -9999 -9999 -9999 -9999 -9999 -9999 -9999 -9999
-9999 -9999 -9999 -9999 -9999 -9999 -9999 -9999 -9999 -9999 -9999 -9999 -9999 -9999 -9999 -9999 -9999 -9999 -9999 -9999 -9999 -9999 -9999 -9999 -9999 -9999 -9999 -9999 -9999 -9999 -9999 -9999 -9999 -9999 -9999 -9999 -9999 -9999 -9999 -9999 -9999 -9999 -9999 -9999 -9999 -9999 -9999 -9999 -9999 -9999 -9999 -9999 -9999 -9999 -9999 -9999 -9999 -9999 -9999 -9999 -9999 -9999 -9999 -9999 -9999 -9999 -9999 -9999 -9999 -9999 -9999
-9999 -9999 -9999 -9999 -9999 -9999 -9999 -9999 -9999 -9999 -9999 -9999 -9999 -9999 -9999 -9999 -9999 -9999 -9999 -9999 -9999 -9999 -9999 -9999 -9999 -9999 -9999 -9999 -9999 -9999 -9999 -9999 -9999 -9999 -9999 -9999 -9999 -9999 -9999 -9999 -9999 -9999 -9999 -9999 -9999 -9999 -9999 -9999 -9999 -9999 -9999 -9999 -9999 -9999 -9999 -9999 -9999 -9999 -9999 -9999 -9999 -9999 -9999 -9999 -9999 -9999 -9999 -9999 -9999 -9999 -9999
-9999 -9999 -9999 -9999 -9999 -9999 -9999 -9999 -9999 -9999 -9999 -9999 -9999 -9999 -9999 -9999 -9999 -9999 -9999 -9999 -9999 -9999 -9999 -9999 -9999 -9999 -9999 -9999 -9999 -9999 -9999 -9999 -9999 -9999 -9999 -9999 -9999 -9999 -9999 -9999 -9999 -9999 -9999 -9999 -9999 -9999 -9999 -9999 -9999 -9999 -9999 -9999 -9999 -9999 -9999 -9999 -9999 -9999 -9999 -9999 -9999 -9999 -9999 -9999 -9999 -9999 -9999 -9999 -9999 -9999 -9999
-9999 -9999 -9999 -9999 -9999 -9999 -9999 -9999 -9999 -9999 -9999 -9999 -9999 -9999 -9999 -9999 -9999 -9999 -9999 -9999 -9999 -9999 -9999 -9999 -9999 -9999 -9999 -9999 -9999 -9999 -9999 -9999 -9999 -9999 -9999 -9999 -9999 -9999 -9999 -9999 -9999 -9999 -9999 -9999 -9999 -9999 -9999 -9999 -9999 -9999 -9999 -9999 -9999 -9999 -9999 -9999 -9999 -9999 -9999 -9999 -9999 -9999 -9999 -9999 -9999 -9999 -9999 -9999 -9999 -9999 -9999
-9999 -9999 -9999 -9999 -9999 -9999 -9999 -9999 -9999 -9999 -9999 -9999 -9999 -9999 -9999 -9999 -9999 -9999 -9999 -9999 -9999 -9999 -9999 -9999 -9999 -9999 -9999 -9999 -9999 -9999 -9999 -9999 -9999 -9999 -9999 -9999 -9999 -9999 -9999 -9999 -9999 -9999 -9999 -9999 -9999 -9999 -9999 -9999 -9999 -9999 -9999 -9999 -9999 -9999 -9999 -9999 -9999 -9999 -9999 -9999 -9999 -9999 -9999 -9999 -9999 -9999 -9999 -9999 -9999 -9999 -9999
-9999 -9999 -9999 -9999 -9999 -9999 -9999 -9999 -9999 -9999 -9999 -9999 -9999 -9999 -9999 -9999 -9999 -9999 -9999 -9999 -9999 -9999 -9999 -9999 -9999 -9999 -9999 -9999 -9999 -9999 -9999 -9999 -9999 -9999 -9999 -9999 -9999 -9999 -9999 -9999 -9999 -9999 -9999 -9999 -9999 -9999 -9999 -9999 -9999 -9999 -9999 -9999 -9999 -9999 -9999 -9999 -9999 -9999 -9999 -9999 -9999 -9999 -9999 -9999 -9999 -9999 -9999 -9999 -9999 -9999 -9999
-9999 -9999 -9999 -9999 -9999 -9999 -9999 -9999 -9999 -9999 -9999 -9999 -9999 -9999 -9999 -9999 -9999 -9999 -9999 -9999 -9999 -9999 -9999 -9999 -9999 -9999 -9999 -9999 -9999 -9999 -9999 -9999 -9999 -9999 -9999 -9999 -9999 -9999 -9999 -9999 -9999 -9999 -9999 -9999 -9999 -9999 -9999 -9999 -9999 -9999 -9999 -9999 -9999 -9999 -9999 -9999 -9999 -9999 -9999 -9999 -9999 -9999 -9999 -9999 -9999 -9999 -9999 -9999 -9999 -9999 -9999
-9999 -9999 -9999 -9999 -9999 -9999 0.00000 -9999 -9999 -9999 -9999 -9999 -9999 -9999 -9999 -9999 -9999 -9999 -9999 -9999 -9999 -9999 -9999 -9999 -9999 -9999 -9999 -9999 -9999 -9999 -9999 -9999 -9999 -9999 -9999 -9999 -9999 -9999 -9999 -9999 -9999 -9999 -9999 -9999 -9999 -9999 -9999 -9999 -9999 -9999 -9999 -9999 -9999 -9999 -9999 -9999 -9999 -9999 -9999 -9999 -9999 -9999 -9999 -9999 -9999 -9999 -9999 -9999 -9999 -9999 -9999
-9999 -9999 0.00000 0.00000 0.00000 0.00000 0.00000 0.00000 0.00000 0.00000 0.00000 0.00000 0.00000 0.00000 0.00000 0.00000 0.00000 0.00000 0.00000 0.00000 0.00000 0.00000 -9999 -9999 -9999 -9999 -9999 -9999 -9999 -9999 -9999 -9999 -9999 -9999 -9999 -9999 -9999 -9999 -9999 -9999 -9999 -9999 -9999 -9999 -9999 -9999 -9999 -9999 -9999 -9999 -9999 -9999 -9999 -9999 -9999 -9999 -9999 -9999 -9999 -9999 -9999 -9999 -9999 -9999 -9999 -9999 -9999 -9999 -9999 -9999 -9999
-9999 -9999 -9999 -9999 0.40122 0.40122 0.40122 0.40122 0.40121 0.40121 0.40121 0.40121 0.40122 0.40122 0.40121 0.40120 0.40120 0.40120 0.40120 0.40120 0.40120 0.40120 -9999 -9999 -9999 -9999 -9999 -9999 -9999 -9999 -9999 -9999 -9999 -9999 -9999 -9999 -9999 -9999 -9999 -9999 -9999 -9999 -9999 -9999 -9999 -9999 -9999 -9999 -9999 -9999 -9999 -9999 -9999 -9999 -9999 -9999 -9999 -9999 -9999 -9999 -9999 -9999 -9999 -9999 -9999 -9999 -9999 -9999 -9999 -9999 -9999
1.02704 1.02704 1.02710 1.02710 1.02711 1.02711 1.02709 1.02708 1.02705 1.02705 1.02707 1.02707 1.02710 1.02710 1.02707 1.02707 1.02703 1.02702 1.02703 1.02703 1.02705 1.02704 1.02704 1.02704 1.02704 1.02704 1.02701 1.02701 -9999 -9999 -9999 -9999 -9999 -9999 -9999 -9999 -9999 -9999 -9999 -9999 -9999 -9999 -9999 -9999 -9999 -9999 -9999 -9999 -9999 -9999 -9999 -9999 -9999 -9999 -9999 -9999 -9999 -9999 -9999 -9999 -9999 -9999 -9999 -9999 -9999 -9999 -9999 -9999 -9999 -9999 -9999
1.81851 1.81854 1.81853 1.81857 1.81865 1.81865 1.81862 1.81861 1.81837 1.81837 1.81856 1.81854 1.81871 1.81871 1.81874 1.81874 1.81850 1.81848 1.81843 1.81840 1.81849 1.81858 1.81853 1.81845 1.81843 1.81843 1.81839 1.81838 1.81836 1.81836 1.81835 1.81835 1.81833 1.81836 1.81829 1.81830 1.81840 1.81842 1.81834 1.81832 1.81825 1.81824 1.81815 -9999 -9999 -9999 -9999 -9999 -9999 -9999 -9999 -9999 -9999 -9999 -9999 -9999 -9999 -9999 -9999 -9999 -9999 -9999 -9999 -9999 -9999 -9999 -9999 -9999 -9999 -9999 -9999
2.81610 2.81626 2.81650 2.81660 2.81644 2.81631 2.81605 2.81594 2.81571 2.81571 2.81598 2.81588 2.81606 2.81611 2.81617 2.81607 2.81564 2.81563 2.81550 2.81549 2.81580 2.81623 2.81601 2.81603 2.81603 2.81589 2.81577 2.81569 2.81554 2.81578 2.81549 2.81547 2.81535 2.81539 2.81535 2.81532 2.81553 2.81554 2.81535 2.81533 2.81518 2.81514 2.81503 2.81498 -9999 -9999 -9999 -9999 -9999 -9999 -9999 -9999 -9999 -9999 -9999 -9999 -9999 -9999 -9999 -9999 -9999 -9999 -9999 -9999 -9999 -9999 -9999 -9999 -9999 -9999 -9999
3.92881 3.92905 3.92910 3.93075 3.92934 3.92873 3.92819 3.92712 3.92790 3.92650 3.92672 3.92616 3.92564 3.92531 3.92498 3.92491 3.92400 3.92399 3.92360 3.92434 3.92465 3.92486 3.92563 3.92558 3.92492 3.92543 3.92486 3.92392 3.92360 3.92397 3.92386 3.92391 3.92344 3.92330 3.92345 3.92350 3.92287 3.92283 3.92283 3.92291 3.92330 3.92323 3.92333 3.92318 -9999 -9999 -9999 -9999 -9999 -9999 -9999 -9999 -9999 -9999 -9999 -9999 -9999 -9999 -9999 3.92298 3.92223 -9999 -9999 -9999 -9999 3.92373 3.92564 3.92680 3.92613 3.92348 3.92251
5.19690 5.19775 5.19882 5.19916 5.19538 5.19282 5.19366 5.19385 5.19458 5.19389 5.19208 5.19214 5.19230 5.19268 5.19219 5.19124 5.18972 5.18913 5.18858 5.18804 5.18966 5.19059 5.19116 5.18970 5.18843 5.18851 5.18872 5.18847 5.18774 5.18766 5.18789 5.18788 5.18726 5.18732 5.18799 5.18789 5.18706 5.18722 5.18757 5.18752 5.18801 5.18774 5.18780 5.18773 5.18747 5.18738 5.18781 5.18934 5.19219 5.19426 5.19269 5.19400 5.19498 5.19258 5.19411 5.19369 5.19001 5.18889 5.18850 5.18812 5.18680 -9999 -9999 -9999 -9999 -9999 5.18775 5.18940 5.19135 5.19212 5.19125
6.63461 6.62631 6.62727 6.63293 6.62836 6.62165 6.62122 6.61990 6.61593 6.61438 6.61278 6.61371 6.61530 6.61482 6.61244 6.61258 6.61200 6.61147 6.61073 6.61180 6.61076 6.61141 6.61002 6.60952 6.61017 6.61025 6.60928 6.60914 6.60813 6.60884 6.60827 6.60788 6.60760 6.60831 6.60865 6.60876 6.60918 6.60954 6.60827 6.60770 6.60849 6.60827 6.61018 6.60988 6.60982 6.60979 6.61025 6.61201 6.61285 6.61729 6.61269 6.61127 6.61432 6.62191 6.62824 6.62544 6.62442 6.62409 6.61874 6.61511 6.61316 6.61377 6.60885 6.60625 6.60408 6.60269 6.60328 6.60348 6.60910 6.61150 6.61490
8.27464 8.29512 8.25675 8.27564 8.28669 8.27387 8.26567 8.26635 8.24668 8.24435 8.24382 8.24345 8.24668 8.24590 8.24299 8.24265 8.24247 8.24336 8.24312 8.24967 8.24724 8.24389 8.24072 8.23985 8.24027 8.23908 8.23853 8.23801 8.23593 8.23629 8.23759 8.23672 8.23639 8.23617 8.23782 8.23772 8.23965 8.23885 8.23729 8.23705 8.23932 8.23985 8.24113 8.24033 8.23977 8.23952 8.24021 8.24093 8.23838 8.24157 8.24208 8.24029 8.24603 8.24600 8.25374 8.26417 8.27123 8.26848 8.26630 8.26782 8.25826 8.26795 8.25559 8.24130 8.23384 8.23199 8.23110 8.23094 8.23916 8.24713 8.25663
10.16260 10.21160 10.17270 10.17340 10.17310 10.17270 10.17140 10.18250 10.18340 10.17510 10.17000 10.16660 10.16390 10.16260 10.15870 10.15790 10.15780 10.15880 10.16270 10.18150 10.18740 10.18050 10.17230 10.16600 10.16060 10.15910 10.15190 10.15190 10.15090 10.15180 10.15500 10.15310 10.14980 10.15020 10.15160 10.15240 10.15690 10.16190 10.16400 10.16730 10.16410 10.16120 10.17280 10.18030 10.16880 10.15740 10.14340 10.14100 10.14020 10.14880 10.14910 10.15680 10.16770 10.17110 10.17430 10.17070 10.17070 10.18950 10.18840 10.19390 10.20300 10.20350 10.19650 10.17680 10.17350 10.16490 10.15540 10.15430 10.16100 10.16260 10.16430
12.34630 12.35430 12.36820 12.34690 12.35250 12.35960 12.35920 12.36770 12.37950 12.38430 12.42100 12.42880 12.41310 12.39220 12.37330 12.36690 12.36100 12.36290 12.36580 12.38390 12.40890 12.39080 12.37920 12.37200 12.36330 12.35970 12.35150 12.35200 12.34950 12.34900 12.35370 12.35790 12.36060 12.35750 12.35830 12.36480 12.37600 12.37890 12.38010 12.39040 12.38790 12.37710 12.37120 12.37330 12.38180 12.38270 12.36300 12.34970 12.33830 12.35360 12.35560 12.35910 12.37430 12.36920 12.38950 12.40290 12.40880 12.42170 12.40330 12.38490 12.39710 12.39340 12.38770 12.40290 12.41700 12.40380 12.39540 12.37790 12.37620 12.37510 12.36260
14.78770 14.85360 14.82670 14.91110 14.90540 14.83470 14.84360 14.84990 14.89130 14.85610 14.89290 14.96480 15.02140 15.05620 14.99170 14.94920 14.90000 14.87830 14.87790 14.87480 14.88410 14.88800 14.88190 14.87950 14.87550 14.87670 14.87190 14.86890 14.85860 14.86840 14.87610 14.88370 14.89280 14.89370 14.88180 14.89810 14.89670 14.91810 14.89990 14.89690 14.90860 14.91510 14.89950 14.89290 14.88020 14.87760 14.85560 14.85150 14.84760 14.84470 14.83490 14.84670 14.88180 14.88500 14.89220 14.90380 14.93570 14.94750 14.94860 14.97670 14.93530 14.91990 14.90360 14.89330 14.90050 14.89580 14.88280 14.88790 14.88490 14.86850 14.84640
16.67720 16.71690 16.73160 16.77440 16.85160 16.80300 16.77590 16.72150 16.73540 16.74950 16.71310 16.76970 16.81830 16.88520 16.93650 16.94770 16.92020 16.90720 16.87840 16.84850 16.82370 16.81640 16.80360 16.79560 16.78730 16.78410 16.77640 16.78140 16.78940 16.81200 16.79520 16.84270 16.86470 16.85640 16.85040 16.85030 16.84650 16.85380 16.83180 16.83730 16.84590 16.84290 16.81380 16.83310 16.80790 16.82390 16.78990 16.79760 16.81050 16.79400 16.80020 16.80080 16.86590 16.87080 16.86070 16.85800 16.89180 16.87300 16.86410 16.91600 16.84950 16.84710 16.80530 16.77930 16.77740 16.79190 16.81520 16.79630 16.76930 16.75280 16.71920
18.27510 18.34900 18.46670 18.53880 18.44750 18.47690 18.46940 18.40790 18.30490 18.38920 18.38520 18.43230 18.41600 18.45380 18.50160 18.51210 18.55570 18.63860 18.63920 18.64060 18.65440 18.60470 18.55480 18.51590 18.45630 18.44980 18.44370 18.47740 18.53210 18.53030 18.53180 18.55500 18.59160 18.56810 18.59700 18.52970 18.51730 18.54490 18.57870 18.55210 18.52810 18.49710 18.51570 18.54020 18.57400 18.58640 18.57210 18.54510 18.59220 18.62460 18.63560 18.62360 18.63230 18.66270 18.62860 18.64430 18.57670 18.58670 18.52420 18.50470 18.53820 18.50320 18.47990 18.47000 18.51130 18.48320 18.43950 18.42650 18.47080 18.45760 18.42440
19.80020 19.84920 19.81660 19.89520 19.95910 20.02620 19.99920 20.00390 20.02420 19.89590 19.95980 20.05150 20.06390 20.09420 20.17590 20.57600 20.23020 20.08030 20.15360 20.46190 20.35890 20.32560 20.28550 20.09300 20.02840 20.02650 20.00600 20.04580 20.10340 20.11250 20.15060 20.15820 20.12990 20.14100 20.09700 20.10960 20.14460 20.13280 20.14140 20.16460 20.20830 20.14350 20.11710 20.16070 20.04700 20.04000 20.05160 20.11060 20.25250 20.28160 20.24580 20.22270 20.20690 20.20520 20.25040 20.26860 20.18180 20.17760 20.08160 20.04220 20.05310 20.04940 20.07560 20.07470 19.99760 19.95790 19.94220 19.91380 19.97620 19.98450 19.99150
21.33410 21.27340 21.33050 21.38450 21.34930 21.38630 21.36660 21.38260 21.28730 21.27390 21.20740 21.38190 21.54700 21.53080 21.75830 21.82960 22.18120 21.75020 21.72790 21.68760 21.80460 21.83810 21.80380 21.68800 21.65000 21.59900 21.55820 21.58230 21.60690 21.62390 21.66450 21.64420 21.63200 21.64190 21.65530 21.64050 21.63740 21.63650 21.63600 21.67330 21.74660 21.74690 21.69860 21.70550 21.59610 21.53860 21.63590 21.69440 21.78580 21.85170 21.87840 21.78750 21.78370 21.84200 21.69580 21.65500 21.66020 21.63240 21.67540 21.62870 21.59300 21.55540 21.55570 21.49840 21.43600 21.43130 21.45930 21.49260 21.59390 21.55220 21.52670
22.84010 22.86770 22.94250 22.93450 22.89850 22.79090 22.79970 22.68290 22.61980 22.57760 22.61800 22.83790 22.94260 22.91840 22.99240 23.18610 23.22170 23.26510 23.44580 23.32870 23.34660 23.33760 23.21190 23.24730 23.30950 23.28930 23.10870 23.13010 23.17130 23.23850 23.20110 23.16730 23.10060 23.11800 23.19570 23.24190 23.19620 23.27490 23.21770 23.31730 23.39480 23.30740 23.24360 23.35190 23.30210 23.13370 23.16720 23.20930 23.21410 23.29710 23.33920 23.20830 23.14890 23.15210 22.96360 23.01280 23.07060 23.10560 23.05120 23.09160 23.07070 23.03900 23.04600 23.02120 22.93560 22.92560 22.96230 22.97180 23.06360 23.14450 23.10440
24.50080 24.68300 24.72050 24.72420 24.54620 24.36480 24.20520 24.16280 24.17570 24.19370 23.91630 24.10560 24.49130 24.39920 24.35450 24.45240 24.60990 24.80680 24.76200 24.85930 24.85350 24.82590 24.83910 24.81140 24.75080 24.70110 24.69830 24.63980 24.58830 24.68260 24.57620 24.62950 24.52650 24.70090 24.76780 24.61740 24.63970 24.74220 24.72280 24.72120 24.85500 24.85420 24.90160 24.79380 24.78360 24.72040 24.62220 24.74740 24.76880 24.83950 24.80730 24.80180 24.69950 24.72370 24.72900 24.74920 24.69740 24.62080 24.54860 24.47420 24.45340 24.52470 24.56320 24.55850 24.51440 24.49810 24.48890 24.49140 24.63670 24.67980 24.73620
25.87690 26.07630 26.30910 26.76850 26.18950 25.95220 25.75680 25.68850 25.75320 25.68230 25.30350 25.43320 25.72000 26.03990 26.00100 25.95220 26.16630 26.08280 26.17850 26.17390 26.44770 26.33520 26.26350 26.25600 26.23280 26.37020 26.38610 26.31030 26.23850 26.16030 26.30300 26.20840 26.10350 26.19950 26.37780 26.18620 26.12120 26.20770 26.35940 26.39110 26.36790 26.41340 26.36500 26.35970 26.31070 26.28750 25.95750 26.15270 26.32910 26.35690 26.21790 26.23950 26.12300 26.07500 26.09040 26.05930 26.09390 26.03830 25.91150 25.89650 25.90990 26.04200 26.03900 26.10600 26.23200 26.20640 26.19310 26.15350 26.17630 26.02860 26.13490
27.30960 27.27870 27.86550 29.13020 28.99420 29.21370 28.78240 27.48960 27.24720 27.22860 26.92700 27.07780 27.19900 27.37530 27.63160 27.49620 27.47010 27.43530 27.43300 27.50970 27.72070 27.86990 27.73590 27.72180 27.65210 27.65510 27.65310 27.70690 27.56200 27.62740 27.50040 27.54470 27.60620 27.65890 27.80410 27.64350 27.48040 27.68680 27.86190 28.05800 27.81200 27.80740 27.81250 27.40920 27.57800 27.35420 27.12130 26.99610 27.23990 27.17890 27.07910 27.12380 27.35910 27.45130 27.44370 27.46110 27.39160 27.28770 27.26940 27.36300 27.46170 27.55260 27.66400 27.94200 27.97520 27.98570 27.87990 27.78160 27.73960 27.67830 27.76670
28.58360 28.80100 29.27870 29.32260 29.86840 30.62110 31.18100 30.78950 29.11250 29.14870 29.09130 28.91050 28.94510 29.31070 29.22890 29.01270 29.14550 29.06090 28.83850 28.98790 29.26130 29.45660 29.63070 29.27970 29.21980 29.19650 29.27250 29.30280 29.28050 29.37540 29.12750 29.04140 29.26640 29.29870 29.51780 29.25710 29.12870 29.22070 29.36900 29.37480 29.26930 28.80450 28.94270 28.52820 28.36950 28.34690 28.42820 28.55790 28.94460 28.85100 -9999 -9999 28.85180 28.71890 28.64640 28.83370 28.81960 28.76690 28.76990 29.01860 29.13150 29.39050 29.63850 29.88230 29.81810 29.85260 29.74490 29.61090 29.39400 29.25650 29.36260
30.93820 30.40390 31.01090 31.18030 31.10270 30.83580 32.71520 30.90260 30.99240 32.11970 32.72310 31.03720 31.49490 31.44830 31.07100 31.03420 31.03030 31.04720 31.03240 31.24900 30.82990 30.85150 30.87570 30.89000 31.57460 31.32990 31.26930 31.27210 31.25100 31.29800 31.38330 31.17560 31.22300 31.40400 31.68850 31.49420 31.33920 31.05100 30.82420 -9999 -9999 -9999 -9999 30.30070 -9999 30.55550 31.24880 30.86330 30.87580 30.43640 -9999 -9999 30.59830 30.49620 30.42990 30.41390 30.36660 30.52640 30.67120 31.00230 31.11350 31.33400 31.27950 31.46140 31.26470 31.65380 31.70380 31.56320 31.14280 30.83620 30.87820
31.98980 32.04850 32.52580 32.99160 32.16480 31.56300 32.62370 32.48770 31.77970 32.11200 32.09990 32.27220 32.99040 32.95030 32.79000 32.47990 32.63090 33.02780 33.11760 33.02100 32.70430 32.47710 32.55840 32.53000 33.01400 32.90670 32.84050 33.05630 32.94600 32.85140 33.00650 33.12710 33.31180 33.21970 33.53390 32.92170 32.74670 -9999 -9999 -9999 -9999 -9999 -9999 -9999 32.10900 32.28830 32.38810 -9999 -9999 -9999 -9999 -9999 31.82440 31.87890 32.34260 32.23720 32.36560 32.37460 32.22280 32.66830 32.41630 32.52820 32.65840 32.87930 32.59640 32.61890 32.67980 32.94860 32.55700 32.23230 -9999
