data/hydroclimate-scenarios/BCSD_hadcm_A1B/monthly_summaries/isr_monthly_avg_oct.2070-2099.asc
ncols	311
nrows	91
xllcenter	102.75
yllcenter	31.75
cellsize	0.5
NODATA_value	-9999
[rows 31 to 61 of 91, columns 0 to 70 of 311]
-9999 -9999 -9999 -9999 -9999 -9999 -9999 -9999 -9999 -9999 -9999 53.97820 54.11200 53.60810 53.34290 54.71310 55.19400 55.49780 55.27770 55.01770 55.13010 55.31990 54.94070 53.35040 53.39530 53.97270 54.14240 53.21750 52.79950 52.84870 52.70640 53.75990 53.52080 53.30820 53.65920 52.34630 51.93000 52.64390 53.50280 54.17870 53.99670 54.03410 54.53880 52.54060 51.92720 51.68170 51.89140 52.89960 53.04530 53.77480 54.41560 53.26230 53.92040 54.86830 55.55900 55.72630 56.12540 56.66260 56.62730 56.46750 56.38820 56.66310 56.70370 56.48090 56.25450 56.96530 58.18560 59.31910 64.16160 65.74000 65.81940
-9999 -9999 -9999 -9999 -9999 -9999 -9999 -9999 -9999 -9999 -9999 57.81830 57.73180 57.30810 57.63600 57.47040 57.44590 57.15650 57.00530 57.77770 58.04590 55.24620 54.01100 54.38000 54.04920 55.12980 55.28510 56.18330 55.84000 55.85990 56.61920 57.37580 56.60310 56.32410 57.35980 54.78170 54.62220 53.89520 54.59790 54.64590 54.78330 54.09100 53.90570 53.07210 53.35350 52.99820 53.36700 56.07270 56.56900 57.13120 57.21930 57.94230 58.05570 58.63000 58.19450 59.95490 59.98890 58.12540 58.01300 58.62120 58.48070 58.19060 57.17800 57.28840 56.64080 56.71390 57.81190 60.65180 63.62410 65.13980 64.17380
-9999 -9999 -9999 -9999 -9999 -9999 -9999 -9999 -9999 -9999 -9999 59.62580 60.44430 59.29470 59.88230 59.25760 58.95520 58.59320 57.86450 58.26770 58.26020 56.26390 55.67940 55.91880 57.64020 58.88360 60.10260 60.47440 58.84390 57.11340 58.75300 60.07210 59.72210 58.62110 58.34160 56.31990 56.79550 56.76340 57.09780 59.31440 57.58440 58.64340 57.13630 56.33970 57.25210 57.08310 57.74240 59.75060 60.21980 60.58410 61.03730 60.20470 59.95520 59.40890 59.30680 61.16010 61.84960 60.14060 60.41830 60.04230 60.19610 59.15790 58.21350 57.98690 58.25420 59.31530 59.63790 62.01150 63.37050 64.03540 63.74810
-9999 -9999 -9999 -9999 -9999 -9999 -9999 -9999 -9999 -9999 -9999 -9999 62.11090 61.97170 61.80210 60.94890 60.70120 60.19070 59.27620 58.07920 57.80400 57.10880 58.74700 61.14980 62.45670 66.98680 66.66560 66.80650 64.29960 63.96690 63.63960 59.92740 59.96840 60.15090 60.00120 60.53750 60.42210 59.87730 60.65750 61.80160 61.77240 60.20970 60.08750 58.66330 58.70070 59.39770 59.58630 57.68660 58.13240 59.86860 60.01590 61.26330 62.00400 62.29250 62.89720 62.91900 62.42490 61.87020 62.61070 62.00170 62.02500 61.77340 62.20370 61.77860 61.29010 61.01030 61.03270 62.22920 66.47920 67.48420 63.50700
-9999 -9999 -9999 -9999 -9999 -9999 -9999 -9999 -9999 -9999 -9999 -9999 64.22480 63.01810 63.00390 63.22440 62.14870 60.51500 60.43550 59.59810 59.70880 64.06940 65.11980 67.87160 70.88090 69.73010 69.40070 71.77680 68.55840 69.69600 69.75240 67.73320 64.15140 62.71030 63.12230 63.27560 63.77960 62.38370 62.50830 62.98080 63.26320 63.59740 62.57390 61.15120 60.24810 60.48410 60.09200 59.13660 60.07240 62.89030 63.59000 64.01690 63.97430 65.00790 64.29350 64.51180 64.20400 63.20790 63.24540 64.38380 64.23300 66.22690 66.45390 66.67360 65.21080 63.37410 63.80580 64.11140 65.43430 65.82340 66.78790
-9999 -9999 -9999 -9999 -9999 -9999 -9999 -9999 -9999 -9999 -9999 -9999 65.68350 64.67830 64.50520 64.98720 64.74500 63.58970 64.12400 66.18480 66.60580 68.97370 69.48610 71.71600 72.02120 73.54630 72.59720 70.65670 71.78680 70.95630 69.62320 66.19660 67.60030 68.23710 65.63430 65.33480 65.40630 66.09440 65.85330 65.65470 68.11670 69.13140 66.22020 64.06000 63.02740 62.94750 63.91340 63.68740 63.69900 63.59780 64.11850 65.38650 65.29370 67.57920 66.88330 66.84200 66.67010 66.70970 67.82920 67.15410 67.61040 70.02490 69.14330 66.83300 67.47560 67.44750 67.30890 66.16290 69.18930 67.82240 66.64550
-9999 -9999 -9999 68.50460 69.02360 69.17930 68.10560 67.80530 68.35690 -9999 67.47590 67.28400 65.42130 66.46420 65.90020 67.33700 67.03750 66.36690 67.61750 69.84320 69.58600 69.08110 70.06670 70.59130 71.59070 73.45550 72.87860 75.82980 75.86530 79.91950 76.50270 71.80460 73.85050 77.80390 73.31050 71.78960 72.15130 72.38360 71.14230 69.43600 69.54320 69.98200 68.32370 66.76250 68.07420 68.77900 71.00130 67.46540 67.32380 68.17780 69.22880 70.95330 71.79390 76.67310 75.38430 78.02060 79.07310 72.75870 74.99340 71.41080 69.77950 71.84770 71.64470 71.11610 69.66570 68.76130 69.54460 69.74640 68.52270 68.66470 69.09990
-9999 -9999 -9999 68.58120 68.74550 69.45700 70.03630 69.84650 69.74420 69.41570 68.04140 66.37770 67.78390 67.33350 69.12170 70.66230 72.16040 71.70190 72.87680 72.56320 71.61920 74.35700 70.88350 69.95560 73.74140 73.45230 76.21180 77.17780 79.91550 84.15180 80.29420 81.58500 81.55660 83.60240 82.42810 80.36290 80.87940 81.19670 77.60630 78.64350 78.14280 75.14120 72.16520 72.39930 74.60050 75.74400 75.94320 73.81060 75.18710 77.21860 77.72160 77.67580 79.51650 82.13590 79.07470 80.38440 78.88280 79.77370 81.72620 80.44170 78.53150 76.27710 76.23170 75.19800 74.75560 70.69320 70.93320 68.80050 68.92850 70.24060 71.83360
-9999 -9999 -9999 69.61080 70.16560 72.06790 72.68320 72.02390 70.25570 69.75530 69.94740 69.14690 71.13960 74.15040 78.22480 75.48470 77.66440 77.02390 74.90560 74.86910 76.16300 78.72580 77.24290 78.85220 82.43650 80.06350 80.88350 80.70380 82.08990 89.80560 92.56560 91.66070 87.73540 86.94540 88.80430 86.29190 84.35680 83.05480 81.83370 82.01920 82.05060 79.90820 77.38990 74.34050 73.21380 74.79050 75.50900 78.30780 79.07970 81.46300 83.04280 79.71210 80.71460 82.65760 81.77610 82.35990 81.34460 80.81210 82.84850 83.28170 79.98530 77.95260 76.77020 78.07170 75.23100 74.30970 74.02700 73.59910 77.40620 76.95140 77.67300
-9999 -9999 -9999 71.98560 71.51390 73.23510 72.35970 73.03070 72.67270 73.62370 72.34850 72.32110 79.14110 81.11370 83.20890 81.57190 83.10520 83.66910 83.19730 83.01120 86.02400 88.58640 90.88610 89.35850 87.85030 86.30390 85.32470 86.18110 92.54230 98.19030 95.01150 87.65880 90.30080 95.63410 94.94250 90.98730 86.95360 83.31090 85.09590 84.09660 85.13540 86.76110 87.54720 83.78200 77.28810 81.57290 83.17290 81.70200 85.08570 85.14030 87.66230 85.06130 85.27420 87.22290 85.54130 85.80260 85.22400 86.59350 86.83500 86.01380 88.38470 83.76460 82.10490 79.77860 79.48610 78.25960 78.32530 79.65820 82.03140 82.14140 74.22250
-9999 -9999 -9999 74.21580 73.64950 76.48730 75.98020 75.56330 76.86340 76.30710 72.82380 78.05990 83.48010 86.29510 89.14430 87.58650 89.12370 87.12290 83.00910 81.64090 86.99300 91.16910 93.51650 88.50140 87.72220 86.16290 84.25280 86.42190 92.58230 97.74160 98.81620 95.87340 96.54040 97.12530 95.01440 93.50660 92.26000 89.77150 87.19380 86.99180 88.46040 89.67380 89.84450 88.86310 85.02610 84.73040 84.95010 84.74930 85.31260 87.66570 88.39540 85.64360 87.42500 90.79480 86.76180 90.85360 87.11340 87.08140 88.20450 91.16330 89.24380 87.87610 86.07600 87.36420 86.48410 82.26820 82.84430 84.12470 84.74200 77.83140 72.13950
-9999 -9999 -9999 -9999 78.50150 79.36270 78.62180 82.29440 82.48390 78.95630 76.46970 79.85740 91.02180 86.16830 -9999 -9999 -9999 -9999 -9999 95.97990 96.82340 96.54050 98.42230 100.35000 98.39530 94.82570 88.49490 92.19560 96.03180 95.29860 97.68560 98.41820 98.66090 96.26250 92.80390 90.56030 91.14410 89.31140 89.67780 89.04920 87.61460 88.56950 89.84930 91.45730 89.92350 88.37670 88.87750 89.58540 88.28470 87.70280 89.08550 88.74550 87.54940 92.65600 93.20250 95.56050 95.64780 94.97820 94.34500 91.09290 92.33410 93.74820 92.27280 90.32190 88.69450 86.81580 84.67780 80.91760 78.66530 -9999 -9999
-9999 -9999 80.87300 80.53210 81.32960 80.68120 81.28980 85.91620 83.75360 81.31380 79.11170 83.37340 93.37570 -9999 -9999 -9999 -9999 -9999 102.63500 99.86120 99.91400 97.43060 97.26610 99.90890 99.52050 98.17160 91.79480 92.06580 93.51370 93.98570 96.08060 97.68790 97.28390 96.49210 95.46550 92.07510 93.17510 92.68530 92.50260 91.47020 92.53920 91.38800 91.56330 90.98380 89.03700 89.22590 89.68980 88.53540 85.79620 85.03630 85.85710 85.57940 87.00030 86.61320 90.66150 89.49970 91.37270 95.31930 94.92190 89.81430 90.21420 90.49290 89.73040 89.05650 85.14730 84.36850 83.24910 -9999 -9999 -9999 -9999
-9999 -9999 84.52460 83.90390 83.18300 83.76990 83.28680 85.89320 84.42010 83.41120 84.95300 88.17060 88.13410 -9999 -9999 -9999 -9999 97.03280 106.50800 101.05600 102.29000 101.72400 100.99700 98.30280 95.54440 90.86550 91.36710 92.96760 94.18870 94.65340 97.73160 100.06100 97.89750 97.99030 98.39420 97.04860 96.42090 96.43880 98.79550 99.95320 98.08760 96.43780 95.96770 96.30400 96.31470 92.77760 90.43720 90.85730 86.99150 86.22250 85.48550 86.76950 86.90930 86.64560 87.77200 85.35700 86.58580 92.45600 93.25340 90.38640 89.04980 91.62450 88.02080 82.94920 80.92000 -9999 -9999 -9999 -9999 -9999 77.41610
-9999 -9999 85.66860 87.02510 87.00970 86.95810 86.41360 85.71390 86.51810 86.70690 90.01490 92.35060 81.76090 -9999 -9999 -9999 -9999 106.49600 106.44100 103.95900 104.25200 102.58600 99.09680 95.24280 95.90310 94.26670 96.57620 95.48370 95.49860 98.07510 100.74300 100.73000 101.77200 102.57500 100.97800 100.56800 100.74200 101.83600 102.71100 100.68300 100.12600 96.42750 95.92230 98.81620 95.93630 96.60660 96.02270 94.57470 91.37660 90.29160 87.41640 89.27100 89.28380 89.65080 90.12980 86.99050 86.96050 88.79290 87.90130 88.18390 84.07180 83.32890 82.93860 85.15630 87.82920 88.38380 83.26650 86.01750 82.70640 -9999 -9999
-9999 -9999 -9999 88.70430 89.64300 87.97580 86.43270 86.23640 88.17440 89.63890 87.49520 82.99180 -9999 -9999 -9999 -9999 102.22400 105.20800 101.14300 102.71100 101.98200 98.81030 99.07500 97.43250 97.99900 99.18000 98.88010 98.01510 97.64600 102.01100 101.83500 102.53500 100.31300 101.69300 101.39500 101.65100 100.50700 100.16000 100.04300 100.45000 100.53000 99.24410 99.83820 96.99790 94.88000 96.10240 94.25060 92.00960 92.18940 91.77610 93.20510 92.38500 90.68980 92.48350 94.94360 94.41170 93.18760 95.62820 93.49450 89.86640 87.66680 87.81340 91.62820 100.69400 105.51500 93.07270 86.72640 86.48230 84.18650 81.54080 -9999
-9999 -9999 -9999 -9999 90.71220 89.52070 88.77140 91.04970 92.33320 88.11660 86.97080 -9999 -9999 -9999 -9999 101.17800 104.21300 100.78800 99.31110 101.34700 99.76730 98.89730 100.04300 101.86600 101.52200 99.57580 98.92670 98.48120 99.98130 99.93220 101.06900 99.35980 100.80200 101.81300 103.49000 103.54400 102.84200 102.48000 102.70400 103.33600 104.16900 102.59400 101.48800 98.15750 96.59850 97.03210 96.30760 94.53600 93.04020 93.19070 92.65070 92.11530 92.99480 93.42710 92.64970 91.73290 91.49920 95.13060 94.81800 91.80480 94.56650 96.81890 97.36850 97.90740 100.93500 95.93490 89.15390 87.10520 88.48530 85.74390 84.85640
-9999 -9999 -9999 -9999 -9999 -9999 93.00670 92.92310 91.16760 91.48100 92.15580 -9999 -9999 -9999 -9999 -9999 101.38800 101.75700 100.93100 101.76100 102.34400 98.39550 102.58200 102.73200 102.21400 99.96800 99.31170 99.85020 99.50910 99.68800 101.53200 102.66000 101.48300 104.78700 104.23400 101.57900 103.37600 106.65000 105.26000 106.53500 106.64800 108.76300 106.98300 100.51800 99.18470 99.08960 97.48970 97.86750 97.38180 95.59770 94.79990 93.51300 92.87800 93.11650 92.99940 93.84990 93.86190 94.44020 95.40580 96.31960 98.16260 101.75900 102.33800 103.36200 105.25600 101.13900 91.57690 88.87160 88.82900 89.54710 89.34010
-9999 -9999 -9999 -9999 -9999 -9999 -9999 -9999 -9999 -9999 -9999 -9999 -9999 -9999 -9999 -9999 -9999 -9999 -9999 103.79500 103.67600 101.47300 102.83400 102.13400 102.19600 102.79400 102.40600 99.05770 99.34140 100.68400 101.33200 104.01200 105.78600 106.15100 106.21600 105.27600 104.43500 108.64300 109.04900 111.71200 112.64000 110.96400 109.17200 102.97600 101.96900 101.70000 99.54920 99.98750 99.51120 97.90400 97.65460 95.14430 95.21180 94.44330 94.78960 95.66340 96.09520 95.03350 97.56460 99.17000 104.26200 102.95800 104.57400 106.76400 106.57800 97.62400 91.87360 90.78180 90.66070 92.32910 92.99960
-9999 -9999 -9999 -9999 -9999 -9999 -9999 -9999 -9999 -9999 -9999 -9999 -9999 -9999 -9999 -9999 -9999 -9999 107.01200 107.79300 106.85700 106.87300 106.39400 105.42000 104.80000 105.20700 104.08800 104.49300 105.34400 107.51600 107.77300 108.36300 109.87200 108.48600 108.93000 108.78800 111.07900 111.08000 114.66900 117.17600 117.64900 114.44400 113.61000 112.70500 110.54600 105.85700 102.39500 101.28200 99.28700 99.59580 98.62220 99.67880 99.40070 98.91690 99.75300 98.71030 99.19760 100.61300 104.13300 100.62500 100.37500 99.85180 102.62800 104.67300 106.67100 98.35120 93.82040 92.38950 92.22430 91.98230 92.72060
-9999 -9999 -9999 -9999 -9999 -9999 -9999 -9999 -9999 -9999 -9999 -9999 -9999 -9999 -9999 -9999 -9999 109.86400 109.97900 108.75300 109.32900 109.77000 109.28800 107.60600 106.56800 107.08600 106.37200 107.23600 109.54100 111.94700 111.70900 110.00000 111.52500 108.94600 109.02400 113.19200 116.03300 116.65100 116.78200 119.30600 119.11200 116.95000 116.05800 113.50900 111.80200 106.84200 104.76800 104.77400 101.61200 101.32900 100.27500 100.69300 101.72600 101.63800 101.37600 101.07800 102.26300 103.89300 105.18100 102.60300 97.64410 100.52500 109.08700 111.11900 99.83340 97.86140 96.92990 94.95110 94.53000 93.86420 96.37880
-9999 -9999 -9999 -9999 -9999 -9999 -9999 -9999 -9999 -9999 -9999 -9999 -9999 -9999 -9999 -9999 -9999 113.52500 113.58000 115.16600 114.06400 112.98500 111.86800 109.40300 107.04400 107.59000 107.41200 109.02800 110.05700 112.75900 112.94000 112.31300 111.91000 109.83600 112.10800 115.67000 117.54500 117.50300 120.34000 120.52000 118.89000 117.96300 116.31400 113.36300 111.77800 109.12500 108.07100 107.69600 106.14400 103.29000 102.23900 102.77200 103.41000 103.55300 103.33100 104.22400 108.77500 107.13200 104.83700 102.38500 102.69900 106.16700 106.51800 105.96400 111.37800 105.05400 99.01950 100.12100 96.65720 96.30300 95.60590
-9999 -9999 -9999 -9999 -9999 -9999 -9999 -9999 -9999 -9999 -9999 -9999 -9999 -9999 -9999 -9999 121.14000 120.72200 121.41700 119.80500 115.87600 113.68800 113.82500 111.13200 108.67500 108.95400 108.18600 109.26500 110.95100 113.40500 113.68600 113.04400 113.18800 110.56000 112.04400 114.84500 117.55500 119.48700 121.96900 118.96200 117.57900 119.21000 117.20800 114.04100 112.41000 110.56300 109.98100 110.48900 109.00100 105.64600 104.33200 105.21100 105.78600 105.79000 105.89700 106.14700 107.06500 106.61800 106.02600 105.82600 104.95100 105.61800 107.48900 114.09000 107.20900 103.98600 101.78100 100.03400 97.23170 97.43590 98.37710
-9999 -9999 -9999 -9999 -9999 -9999 -9999 -9999 -9999 -9999 -9999 -9999 -9999 118.92700 122.52300 120.55200 122.07000 124.36600 120.64500 120.90000 118.65200 116.91000 114.68700 115.07300 114.74500 112.51100 112.33500 113.87600 114.26900 113.49100 113.64600 115.16100 115.80700 115.74900 116.96200 116.70200 117.66400 118.62100 120.59300 120.11800 118.65900 116.87900 115.58100 115.07800 114.02400 111.90300 111.63400 112.00100 111.89400 110.33700 109.12900 107.99600 107.92900 106.87600 106.32200 105.01600 104.88100 108.02300 107.74900 104.69500 105.11200 106.16500 106.26900 104.97500 102.23500 99.54640 98.44370 100.25000 100.75600 101.19000 103.25200
-9999 -9999 -9999 -9999 -9999 -9999 -9999 -9999 -9999 -9999 -9999 -9999 124.06500 123.44400 125.62200 123.51600 122.47400 122.86500 122.09600 121.37900 121.33600 117.95400 116.52300 117.50500 117.01100 115.08400 115.02500 116.15100 116.70600 115.22000 115.13900 117.04600 117.73200 117.18100 117.24000 116.93400 118.50100 118.79000 120.28600 119.42300 119.51100 118.14400 117.01800 117.13400 115.63500 113.57000 113.14500 113.34400 114.02900 113.48900 112.63100 111.36500 110.72400 109.67900 108.52900 105.54300 106.19500 111.09700 112.13800 108.31400 107.05500 106.89100 106.21400 104.66500 102.91000 100.54200 100.11800 102.70700 102.73200 104.87300 107.56900
-9999 -9999 -9999 -9999 -9999 -9999 -9999 -9999 -9999 -9999 -9999 132.23700 131.13901 133.76100 130.34500 126.74100 125.69900 125.95400 125.76000 125.06100 123.18800 122.40600 121.27600 119.36100 119.26600 119.54800 119.52800 118.29700 117.42000 117.55500 118.19400 118.85900 119.10500 117.54500 117.29200 118.23600 119.97700 123.57800 122.09800 121.89500 121.16000 120.10200 118.41200 116.11100 115.15700 114.81700 114.11900 114.06900 114.63100 115.62700 115.49900 116.15500 114.96800 114.82300 113.55200 109.47100 109.07000 110.32500 108.52000 106.91600 106.40400 106.71000 105.86000 103.11000 102.61900 102.03700 102.20600 103.24400 105.18000 110.09500 113.01200
-9999 -9999 -9999 -9999 -9999 -9999 -9999 -9999 -9999 -9999 136.11700 135.16901 131.13200 134.41600 130.90100 128.42900 128.15601 128.84801 128.47200 127.01100 125.64600 123.83100 123.19500 121.67900 121.53700 121.22600 121.72900 120.36200 120.11500 120.75300 121.15300 121.97500 122.02600 119.89100 120.81100 121.68400 123.14700 125.48700 123.48600 122.14800 121.38700 119.24800 118.14800 116.64300 116.04500 115.60100 115.16900 115.28500 115.66200 116.72300 117.53100 118.34400 117.62900 117.45400 116.90000 112.74100 112.20400 112.36200 109.44800 108.09200 107.79500 108.51900 107.94200 105.49400 105.28700 104.74500 104.30500 106.01300 109.25600 114.13500 116.78000
-9999 -9999 -9999 -9999 -9999 -9999 -9999 -9999 -9999 134.22600 134.65601 133.03700 133.87100 134.66299 133.50700 131.24500 130.91000 132.53999 130.72301 129.15199 128.12300 127.81600 127.24400 125.32900 124.71800 122.67200 122.09500 123.20700 122.87600 118.95900 118.42300 124.02600 124.82100 125.47300 127.76200 130.22301 130.85500 126.60700 124.88800 120.15500 118.20400 118.83400 117.78900 118.55500 118.16100 117.42500 116.97700 115.32100 115.19300 116.41800 117.96100 120.38700 121.63100 125.61400 125.93500 115.25200 113.92100 112.29100 111.37500 110.85700 110.76300 111.26800 110.80200 109.19700 108.42200 108.70200 109.36100 112.06400 114.36100 114.45400 113.56200
-9999 -9999 -9999 -9999 -9999 -9999 -9999 -9999 -9999 -9999 135.12399 132.14500 131.95300 134.66701 133.64000 132.63000 132.91800 135.51700 134.08600 132.69400 132.35899 131.27901 130.12601 -9999 -9999 -9999 -9999 -9999 -9999 121.34800 121.73300 126.68300 127.74000 128.58200 130.39900 132.57500 131.72000 127.72400 125.69100 121.07300 118.91100 119.93200 118.94400 119.92600 119.44800 116.93300 118.89900 116.76600 116.83900 118.06800 119.15700 121.94300 124.79300 127.25300 124.70800 115.05700 115.56100 114.33800 113.60100 113.34300 113.01200 114.12600 113.87800 112.38900 114.42700 113.18100 113.79100 115.98300 121.01600 119.13100 119.28400
-9999 -9999 -9999 -9999 -9999 -9999 -9999 -9999 -9999 -9999 -9999 -9999 132.66600 132.26900 132.38400 132.73300 133.49300 132.96700 132.53400 -9999 -9999 -9999 -9999 -9999 -9999 -9999 -9999 -9999 -9999 -9999 -9999 -9999 -9999 129.87601 132.46100 131.62500 130.53101 127.58000 125.32500 117.17400 115.92600 121.09300 120.47600 120.50200 120.56100 118.42600 120.52000 119.13500 119.95100 116.77200 118.00100 125.48100 126.81000 125.71700 123.42800 117.96800 117.83900 117.79200 116.67300 117.28900 117.10200 116.93600 117.02100 115.98200 115.57000 114.63900 116.44000 118.52200 120.21700 119.47100 119.83600
-9999 -9999 -9999 -9999 -9999 -9999 -9999 -9999 -9999 -9999 -9999 -9999 -9999 -9999 -9999 -9999 -9999 -9999 -9999 -9999 -9999 -9999 -9999 -9999 -9999 -9999 -9999 -9999 -9999 -9999 -9999 -9999 -9999 -9999 133.30701 133.32401 130.38200 128.98300 126.69800 118.68100 117.47400 123.18500 122.64800 122.45400 122.30400 122.81500 122.82500 121.64500 122.30900 119.36600 120.79700 126.95500 128.37500 126.85300 125.52100 120.56200 120.64000 122.78200 121.70100 121.31200 120.55600 119.52200 118.65700 118.01500 117.74800 118.21800 120.48300 123.66900 124.71800 122.23100 118.70500
