data/hydroclimate-scenarios/BCSD_hadcm_A1B/monthly_summaries/isr_monthly_avg_jan.2070-2099.asc
ncols	311
nrows	91
xllcenter	102.75
yllcenter	31.75
cellsize	0.5
NODATA_value	-9999
[rows 0 to 31 of 91, columns 71 to 141 of 311]
-9999 -9999 -9999 -9999 -9999 -9999 -9999 -9999 -9999 -9999 -9999 -9999 -9999 -9999 -9999 -9999 -9999 -9999 -9999 -9999 -9999 -9999 -9999 -9999 -9999 -9999 -9999 -9999 -9999 -9999 -9999 -9999 -9999 -9999 -9999 -9999 -9999 -9999 -9999 -9999 -9999 -9999 -9999 -9999 -9999 -9999 -9999 -9999 -9999 -9999 -9999 -9999 -9999 -9999 -9999 -9999 -9999 -9999 -9999 -9999 -9999 -9999 -9999 -9999 -9999 -9999 -9999 -9999 -9999 -9999 -9999
-9999 -9999 -9999 -9999 -9999 -9999 -9999 -9999 -9999 -9999 -9999 -9999 -9999 -9999 -9999 -9999 -9999 -9999 -9999 -9999 -9999 -9999 -9999 -9999 -9999 -9999 -9999 -9999 -9999 -9999 -9999 -9999 -9999 -9999 -9999 -9999 -9999 -9999 -9999 -9999 -9999 -9999 -9999 -9999 -9999 -9999 -9999 -9999 -9999 -9999 -9999 -9999 -9999 -9999 -9999 -9999 -9999 -9999 -9999 -9999 -9999 -9999 -9999 -9999 -9999 -9999 -9999 -9999 -9999 -9999 -9999
-9999 -9999 -9999 -9999 -9999 -9999 -9999 -9999 -9999 -9999 -9999 -9999 -9999 -9999 -9999 -9999 -9999 -9999 -9999 -9999 -9999 -9999 -9999 -9999 -9999 -9999 -9999 -9999 -9999 -9999 -9999 -9999 -9999 -9999 -9999 -9999 -9999 -9999 -9999 -9999 -9999 -9999 -9999 -9999 -9999 -9999 -9999 -9999 -9999 -9999 -9999 -9999 -9999 -9999 -9999 -9999 -9999 -9999 -9999 -9999 -9999 -9999 -9999 -9999 -9999 -9999 -9999 -9999 -9999 -9999 -9999
-9999 -9999 -9999 -9999 -9999 -9999 -9999 -9999 -9999 -9999 -9999 -9999 -9999 -9999 -9999 -9999 -9999 -9999 -9999 -9999 -9999 -9999 -9999 -9999 -9999 -9999 -9999 -9999 -9999 -9999 -9999 -9999 -9999 -9999 -9999 -9999 -9999 -9999 -9999 -9999 -9999 -9999 -9999 -9999 -9999 -9999 -9999 -9999 -9999 -9999 -9999 -9999 -9999 -9999 -9999 -9999 -9999 -9999 -9999 -9999 -9999 -9999 -9999 -9999 -9999 -9999 -9999 -9999 -9999 -9999 -9999
-9999 -9999 -9999 -9999 -9999 -9999 -9999 -9999 -9999 -9999 -9999 -9999 -9999 -9999 -9999 -9999 -9999 -9999 -9999 -9999 -9999 -9999 -9999 -9999 -9999 -9999 -9999 -9999 -9999 -9999 -9999 -9999 -9999 -9999 -9999 -9999 -9999 -9999 -9999 -9999 -9999 -9999 -9999 -9999 -9999 -9999 -9999 -9999 -9999 -9999 -9999 -9999 -9999 -9999 -9999 -9999 -9999 -9999 -9999 -9999 -9999 -9999 -9999 -9999 -9999 -9999 -9999 -9999 -9999 -9999 -9999
-9999 -9999 -9999 -9999 -9999 -9999 -9999 -9999 -9999 -9999 -9999 -9999 -9999 -9999 -9999 -9999 -9999 -9999 -9999 -9999 -9999 -9999 -9999 -9999 -9999 -9999 -9999 -9999 -9999 -9999 -9999 -9999 -9999 -9999 -9999 -9999 -9999 -9999 -9999 -9999 -9999 -9999 -9999 -9999 -9999 -9999 -9999 -9999 -9999 -9999 -9999 -9999 -9999 -9999 -9999 -9999 -9999 -9999 -9999 -9999 -9999 -9999 -9999 -9999 -9999 -9999 -9999 -9999 -9999 -9999 -9999
-9999 -9999 -9999 -9999 -9999 -9999 -9999 -9999 -9999 -9999 -9999 -9999 -9999 -9999 -9999 -9999 -9999 -9999 -9999 -9999 -9999 -9999 -9999 -9999 -9999 -9999 -9999 -9999 -9999 -9999 -9999 -9999 -9999 -9999 -9999 -9999 -9999 -9999 -9999 -9999 -9999 -9999 -9999 -9999 -9999 -9999 -9999 -9999 -9999 -9999 -9999 -9999 -9999 -9999 -9999 -9999 -9999 -9999 -9999 -9999 -9999 -9999 -9999 -9999 -9999 -9999 -9999 -9999 -9999 -9999 -9999
-9999 -9999 -9999 -9999 -9999 -9999 -9999 -9999 -9999 -9999 -9999 -9999 -9999 -9999 -9999 -9999 -9999 -9999 -9999 -9999 -9999 -9999 -9999 -9999 -9999 -9999 -9999 -9999 -9999 -9999 -9999 -9999 -9999 -9999 -9999 -9999 -9999 -9999 -9999 -9999 -9999 -9999 -9999 -9999 -9999 -9999 -9999 -9999 -9999 -9999 -9999 -9999 -9999 -9999 -9999 -9999 -9999 -9999 -9999 -9999 -9999 -9999 -9999 -9999 -9999 -9999 -9999 -9999 -9999 -9999 -9999
-9999 -9999 -9999 -9999 -9999 -9999 0.00000 -9999 -9999 -9999 -9999 -9999 -9999 -9999 -9999 -9999 -9999 -9999 -9999 -9999 -9999 -9999 -9999 -9999 -9999 -9999 -9999 -9999 -9999 -9999 -9999 -9999 -9999 -9999 -9999 -9999 -9999 -9999 -9999 -9999 -9999 -9999 -9999 -9999 -9999 -9999 -9999 -9999 -9999 -9999 -9999 -9999 -9999 -9999 -9999 -9999 -9999 -9999 -9999 -9999 -9999 -9999 -9999 -9999 -9999 -9999 -9999 -9999 -9999 -9999 -9999
-9999 -9999 0.00000 0.00000 0.00000 0.00000 0.00000 0.00000 0.00000 0.00000 0.00000 0.00000 0.00000 0.00000 0.00000 0.00000 0.00000 0.00000 0.00000 0.00000 0.00000 0.00000 -9999 -9999 -9999 -9999 -9999 -9999 -9999 -9999 -9999 -9999 -9999 -9999 -9999 -9999 -9999 -9999 -9999 -9999 -9999 -9999 -9999 -9999 -9999 -9999 -9999 -9999 -9999 -9999 -9999 -9999 -9999 -9999 -9999 -9999 -9999 -9999 -9999 -9999 -9999 -9999 -9999 -9999 -9999 -9999 -9999 -9999 -9999 -9999 -9999
-9999 -9999 -9999 -9999 0.40118 0.40118 0.40118 0.40118 0.40117 0.40117 0.40117 0.40117 0.40116 0.40117 0.40118 0.40118 0.40118 0.40118 0.40118 0.40118 0.40118 0.40118 -9999 -9999 -9999 -9999 -9999 -9999 -9999 -9999 -9999 -9999 -9999 -9999 -9999 -9999 -9999 -9999 -9999 -9999 -9999 -9999 -9999 -9999 -9999 -9999 -9999 -9999 -9999 -9999 -9999 -9999 -9999 -9999 -9999 -9999 -9999 -9999 -9999 -9999 -9999 -9999 -9999 -9999 -9999 -9999 -9999 -9999 -9999 -9999 -9999
1.02697 1.02697 1.02699 1.02699 1.02699 1.02699 1.02700 1.02699 1.02692 1.02692 1.02694 1.02693 1.02697 1.02697 1.02697 1.02697 1.02694 1.02692 1.02693 1.02692 1.02693 1.02693 1.02693 1.02693 1.02689 1.02689 1.02689 1.02690 -9999 -9999 -9999 -9999 -9999 -9999 -9999 -9999 -9999 -9999 -9999 -9999 -9999 -9999 -9999 -9999 -9999 -9999 -9999 -9999 -9999 -9999 -9999 -9999 -9999 -9999 -9999 -9999 -9999 -9999 -9999 -9999 -9999 -9999 -9999 -9999 -9999 -9999 -9999 -9999 -9999 -9999 -9999
1.81839 1.81843 1.81831 1.81835 1.81838 1.81838 1.81832 1.81832 1.81815 1.81814 1.81812 1.81809 1.81835 1.81834 1.81841 1.81840 1.81816 1.81812 1.81811 1.81806 1.81824 1.81834 1.81827 1.81818 1.81816 1.81817 1.81805 1.81804 1.81794 1.81794 1.81797 1.81799 1.81807 1.81809 1.81808 1.81809 1.81807 1.81807 1.81808 1.81807 1.81782 1.81777 1.81782 -9999 -9999 -9999 -9999 -9999 -9999 -9999 -9999 -9999 -9999 -9999 -9999 -9999 -9999 -9999 -9999 -9999 -9999 -9999 -9999 -9999 -9999 -9999 -9999 -9999 -9999 -9999 -9999
2.81590 2.81607 2.81608 2.81619 2.81598 2.81587 2.81555 2.81544 2.81525 2.81528 2.81515 2.81505 2.81549 2.81549 2.81557 2.81543 2.81497 2.81493 2.81485 2.81482 2.81538 2.81583 2.81556 2.81558 2.81550 2.81535 2.81508 2.81500 2.81468 2.81490 2.81475 2.81474 2.81484 2.81486 2.81492 2.81486 2.81481 2.81480 2.81480 2.81474 2.81429 2.81420 2.81434 2.81423 -9999 -9999 -9999 -9999 -9999 -9999 -9999 -9999 -9999 -9999 -9999 -9999 -9999 -9999 -9999 -9999 -9999 -9999 -9999 -9999 -9999 -9999 -9999 -9999 -9999 -9999 -9999
3.92756 3.92785 3.92737 3.92903 3.92843 3.92775 3.92707 3.92602 3.92660 3.92522 3.92549 3.92491 3.92394 3.92358 3.92355 3.92345 3.92261 3.92254 3.92267 3.92337 3.92472 3.92492 3.92537 3.92531 3.92346 3.92400 3.92308 3.92216 3.92223 3.92262 3.92245 3.92249 3.92186 3.92171 3.92221 3.92222 3.92141 3.92134 3.92146 3.92149 3.92226 3.92209 3.92173 3.92145 -9999 -9999 -9999 -9999 -9999 -9999 -9999 -9999 -9999 -9999 -9999 -9999 -9999 -9999 -9999 3.92072 3.92070 -9999 -9999 -9999 -9999 3.92358 3.92512 3.92633 3.92433 3.92152 3.92105
5.19492 5.19577 5.19625 5.19663 5.19404 5.19169 5.19237 5.19257 5.19260 5.19192 5.19007 5.19010 5.18979 5.19011 5.19009 5.18906 5.18763 5.18697 5.18743 5.18675 5.19003 5.19099 5.19109 5.18954 5.18600 5.18611 5.18561 5.18537 5.18532 5.18523 5.18546 5.18547 5.18501 5.18505 5.18613 5.18598 5.18453 5.18467 5.18522 5.18511 5.18628 5.18588 5.18533 5.18512 5.18505 5.18476 5.18511 5.18672 5.19060 5.19280 5.19148 5.19297 5.19274 5.19031 5.19069 5.19028 5.18671 5.18562 5.18530 5.18491 5.18495 -9999 -9999 -9999 -9999 -9999 5.18717 5.18892 5.18887 5.18963 5.18984
6.62970 6.62094 6.62327 6.62934 6.62549 6.61876 6.61993 6.61859 6.61388 6.61225 6.61228 6.61319 6.61322 6.61267 6.60893 6.60896 6.60733 6.60674 6.60776 6.60874 6.61207 6.61270 6.61123 6.61069 6.60547 6.60558 6.60394 6.60381 6.60289 6.60361 6.60384 6.60349 6.60358 6.60429 6.60352 6.60360 6.60248 6.60277 6.60387 6.60318 6.60512 6.60473 6.60434 6.60387 6.60374 6.60352 6.60265 6.60444 6.61006 6.61463 6.60986 6.60837 6.60892 6.61682 6.62450 6.62136 6.61828 6.61805 6.61366 6.61005 6.61026 6.61094 6.60820 6.60542 6.60491 6.60349 6.60257 6.60276 6.60733 6.60980 6.61603
8.27242 8.29348 8.25372 8.27635 8.28645 8.27167 8.26451 8.26489 8.24380 8.24143 8.24310 8.24265 8.24298 8.24207 8.23815 8.23766 8.23608 8.23674 8.23867 8.24512 8.24985 8.24626 8.24257 8.24166 8.23309 8.23195 8.22999 8.22947 8.22775 8.22817 8.23072 8.22983 8.23148 8.23122 8.23031 8.23012 8.22918 8.22836 8.22995 8.22963 8.23465 8.23508 8.23290 8.23191 8.23061 8.23022 8.22941 8.23014 8.23502 8.23835 8.23934 8.23745 8.23886 8.23887 8.24894 8.25962 8.26250 8.25977 8.25901 8.26061 8.25504 8.26488 8.25605 8.24116 8.23587 8.23391 8.23118 8.23101 8.23733 8.24550 8.25933
10.20520 10.22470 10.19600 10.17170 10.17700 10.16810 10.16860 10.18210 10.17310 10.16500 10.16170 10.15740 10.16380 10.16240 10.15880 10.15780 10.15230 10.15310 10.16050 10.17920 10.18540 10.17850 10.16850 10.16220 10.15370 10.15210 10.14560 10.14570 10.14180 10.14270 10.14440 10.14260 10.14290 10.14320 10.14140 10.14230 10.13830 10.14310 10.14840 10.15150 10.15700 10.15350 10.16770 10.17490 10.15460 10.14310 10.12370 10.12150 10.12160 10.12980 10.14060 10.14820 10.15770 10.16130 10.16370 10.16020 10.16090 10.18000 10.18210 10.18670 10.19570 10.19680 10.19460 10.17440 10.17460 10.16610 10.16220 10.16100 10.16530 10.16670 10.16820
12.41800 12.42930 12.41340 12.40770 12.39450 12.36850 12.37060 12.38700 12.38310 12.37530 12.42690 12.42360 12.41370 12.39470 12.37820 12.36970 12.35600 12.35700 12.36340 12.38180 12.40680 12.38840 12.37500 12.36770 12.35320 12.34970 12.34310 12.34360 12.33740 12.33680 12.33980 12.34400 12.35250 12.34930 12.34460 12.35110 12.34980 12.35200 12.35790 12.36810 12.37760 12.36650 12.36500 12.36700 12.36440 12.36540 12.33820 12.32450 12.31460 12.33130 12.34980 12.35220 12.36550 12.35910 12.37760 12.39050 12.39770 12.41190 12.39800 12.38280 12.39040 12.38670 12.38590 12.40110 12.41930 12.40620 12.40710 12.38880 12.38330 12.38200 12.36870
14.87630 14.93140 14.92440 14.98470 14.93740 14.90680 14.89340 14.88960 14.91250 14.89250 14.93870 15.02100 15.05750 15.07360 15.01570 14.96220 14.90880 14.88570 14.87940 14.87480 14.87800 14.88020 14.87080 14.86810 14.86030 14.86130 14.85290 14.84990 14.84900 14.85880 14.85650 14.86380 14.87600 14.87670 14.86010 14.87540 14.86990 14.89040 14.87500 14.87200 14.89190 14.89670 14.87800 14.87280 14.85750 14.85610 14.83800 14.83030 14.82040 14.81490 14.81430 14.82380 14.86060 14.86460 14.87150 14.88340 14.91700 14.92950 14.93620 14.96530 14.91460 14.89870 14.87920 14.86800 14.88260 14.87740 14.87350 14.87850 14.87850 14.86350 14.84520
16.76400 16.79780 16.80980 16.86180 16.89290 16.84940 16.89290 16.84510 16.86160 16.82030 16.78830 16.83250 16.89030 16.94620 17.02120 17.02480 16.97290 16.94650 16.88580 16.85050 16.82290 16.81110 16.79220 16.78270 16.76710 16.76370 16.75220 16.75710 16.77730 16.79990 16.76950 16.81630 16.84290 16.83460 16.82120 16.82120 16.80960 16.81570 16.79580 16.80180 16.82350 16.81900 16.78880 16.80850 16.78220 16.79640 16.76680 16.77310 16.77680 16.75990 16.77440 16.77580 16.84190 16.84420 16.83530 16.83270 16.86920 16.85090 16.84780 16.90090 16.81980 16.81800 16.77260 16.74740 16.75660 16.76990 16.80300 16.78370 16.76080 16.74600 16.71620
18.37310 18.39340 18.46380 18.55050 18.59850 18.58880 18.56250 18.53030 18.48330 18.50360 18.47710 18.53400 18.55270 18.57390 18.61850 18.64180 18.66770 18.73450 18.72480 18.70170 18.67060 18.61190 18.55340 18.51090 18.45930 18.45160 18.44370 18.47680 18.52160 18.51960 18.52490 18.54730 18.56090 18.53760 18.57310 18.50590 18.50420 18.53310 18.56530 18.54080 18.51990 18.49140 18.48490 18.51170 18.56850 18.58320 18.57480 18.55410 18.58650 18.61760 18.63250 18.61910 18.61020 18.64040 18.58720 18.60130 18.54280 18.55640 18.49340 18.47550 18.49080 18.45580 18.45210 18.44420 18.46880 18.44050 18.41880 18.40410 18.45760 18.44440 18.40210
19.91470 19.93700 19.91780 19.98810 20.05180 20.20530 20.08350 20.10700 20.15630 20.10110 20.05340 20.21070 20.29780 20.31200 20.35580 20.48800 20.39490 20.19350 20.28860 20.46650 20.39760 20.35810 20.29990 20.08890 20.03240 20.02830 20.00750 20.04580 20.09100 20.09970 20.14360 20.15020 20.09010 20.10130 20.06780 20.07950 20.12770 20.11900 20.12780 20.15170 20.19930 20.14110 20.08470 20.12550 20.05970 20.06210 20.06910 20.12920 20.25170 20.27450 20.24500 20.21730 20.17430 20.17200 20.19710 20.21360 20.13290 20.13000 20.04230 20.00350 19.99340 19.99020 20.05300 20.04510 19.94700 19.90710 19.92130 19.89220 19.96560 19.97260 19.96180
21.42560 21.36360 21.32690 21.40370 21.42290 21.44380 21.43620 21.49260 21.34070 21.35110 21.45320 21.59490 21.76990 21.76670 21.95560 22.00890 21.99950 21.93090 21.85260 21.77590 21.92560 21.93280 21.87800 21.75790 21.63920 21.58360 21.54020 21.56390 21.60830 21.62610 21.66410 21.64160 21.63660 21.64520 21.65170 21.63560 21.64820 21.64740 21.63570 21.67430 21.73580 21.74040 21.69930 21.71070 21.56760 21.53720 21.59970 21.68040 21.80460 21.87270 21.89820 21.79980 21.72460 21.78550 21.68510 21.63500 21.63890 21.60660 21.63970 21.58650 21.52670 21.48700 21.50300 21.44490 21.38210 21.37770 21.41900 21.45380 21.55980 21.51610 21.49650
22.93500 22.93650 22.93650 22.91940 22.91630 22.78080 22.80530 22.72430 22.63780 22.66620 22.90160 23.09180 23.21200 23.21050 23.26410 23.43090 23.43760 23.46920 23.58140 23.48620 23.51530 23.44100 23.31700 23.33620 23.31930 23.27720 23.08850 23.10630 23.16640 23.23130 23.19470 23.16210 23.10430 23.11870 23.18410 23.22820 23.20510 23.29300 23.19880 23.29450 23.38160 23.27920 23.21560 23.34370 23.27570 23.10030 23.12090 23.15890 23.22870 23.31930 23.34350 23.21320 23.07040 23.06980 22.96480 23.00980 23.06110 23.08960 23.03770 23.06520 22.99570 22.95440 22.99100 22.96250 22.87020 22.85960 22.90760 22.91810 23.02230 23.10210 23.07130
24.36230 24.50680 24.46850 24.49880 24.61700 24.49420 24.20520 24.16300 24.10890 24.25960 24.16190 24.32480 24.86560 24.74520 24.66390 24.69140 24.91540 25.04520 25.02710 25.10350 25.08870 25.02680 24.91900 24.87030 24.83620 24.74980 24.75110 24.69260 24.55880 24.64180 24.50020 24.55180 24.45850 24.64200 24.69600 24.52420 24.59470 24.68990 24.59730 24.61220 24.76160 24.76930 24.78110 24.68830 24.69530 24.64300 24.64010 24.76120 24.69560 24.76440 24.73940 24.74060 24.66260 24.69110 24.73610 24.73330 24.68810 24.58620 24.52220 24.44320 24.40460 24.47040 24.48040 24.47600 24.45390 24.43370 24.45670 24.45800 24.65710 24.70620 24.75610
25.68110 25.80870 26.00560 26.03070 26.24530 26.02010 25.68780 25.56640 25.60130 25.60630 25.47170 25.62170 26.14090 26.37370 26.31750 26.24600 26.48390 26.42230 26.44150 26.40770 26.72220 26.56380 26.38430 26.33740 26.34450 26.45380 26.50480 26.37440 26.18270 26.10910 26.20130 26.09600 26.00560 26.12340 26.28170 26.04910 26.04510 26.13730 26.15790 26.19670 26.23230 26.27580 26.15150 26.16020 26.15420 26.13070 25.86890 26.11550 26.19300 26.22070 26.07590 26.11300 26.05800 26.02310 26.06140 26.02470 26.02320 25.97120 25.84680 25.83070 25.87110 25.98560 25.95760 26.01440 26.15940 26.13060 26.15500 26.11410 26.20130 26.07760 26.15600
27.08280 27.07490 27.49420 27.70250 27.68100 29.20470 27.62120 27.23520 27.25480 27.31190 27.16260 27.35450 27.55730 27.70640 27.90990 27.70280 27.83130 27.75890 27.69190 27.74020 27.87600 28.07350 27.80780 27.74080 27.68440 27.65660 27.61690 27.63860 27.53060 27.59710 27.49380 27.51970 27.60530 27.67250 27.69670 27.53540 27.33730 27.54020 27.63960 27.81860 27.64150 27.61730 27.56530 27.15540 27.31780 27.18140 27.02350 26.90690 26.92370 26.93680 26.85560 26.89950 27.22460 27.32950 27.27450 27.32380 27.37890 27.26170 27.30240 27.36280 27.32420 27.39570 27.54750 27.77940 27.95590 27.97120 27.91970 27.81690 27.75010 27.70080 27.75410
28.28210 28.49860 28.92660 29.02230 29.43700 29.44530 31.23450 30.21070 29.01530 29.07860 29.32190 29.13830 29.24760 29.62450 29.43520 29.20460 29.47200 29.38620 28.96230 29.08120 29.39500 29.61290 29.61600 29.30820 29.23350 29.15050 29.22930 29.22940 29.26550 29.35720 29.11110 29.03530 29.26770 29.30970 29.39750 29.08620 28.97860 29.03700 29.03360 29.03980 28.99720 28.48450 28.66870 28.42500 28.03950 27.96980 28.19560 28.39250 28.50180 28.39320 -9999 -9999 28.56200 28.42350 28.27240 28.52600 28.64070 28.61700 28.76530 28.96030 28.95180 29.21970 29.45660 29.75180 29.80680 29.85020 29.80110 29.66440 29.40920 29.28660 29.35540
30.33640 29.98210 30.53330 30.65470 30.92380 30.57700 31.70100 30.47080 30.70360 31.07230 32.08720 31.20150 31.64920 31.62210 31.11400 31.03200 31.10650 31.13520 30.84500 31.09810 30.83670 30.80610 30.81460 30.86300 31.67080 31.39920 31.33900 31.31780 31.24750 31.28710 31.34360 31.14220 31.24780 31.46790 31.55170 31.34840 31.01080 30.62550 30.36040 -9999 -9999 -9999 -9999 29.52790 -9999 30.16050 30.86720 30.53170 30.65490 30.15760 -9999 -9999 30.37480 30.05480 30.20990 30.20870 30.08570 30.32310 30.76060 30.98060 31.03480 31.20490 31.23850 31.42270 31.25400 31.65630 31.72370 31.57750 31.14240 30.86810 30.81390
31.53870 31.59620 32.10420 32.40330 32.02230 31.40520 32.04780 31.96890 31.91490 32.06820 32.02210 32.27440 32.54960 32.70000 32.60870 32.12940 32.63340 33.03700 32.90110 32.74170 32.63370 32.38480 32.41060 32.39060 33.03910 32.94510 32.85200 33.08470 32.93630 32.87690 33.02980 33.14160 33.37880 33.26660 33.41600 32.81410 32.44430 -9999 -9999 -9999 -9999 -9999 -9999 -9999 31.66440 31.86760 31.88260 -9999 -9999 -9999 -9999 -9999 30.95660 31.04220 32.17860 31.91740 32.08900 32.10190 32.19420 32.63050 32.23220 32.38530 32.60450 32.84380 32.58690 32.60770 32.69410 32.96910 32.59210 32.27870 -9999
