data/hydroclimate-scenarios/BCSD_hadcm_A1B/monthly_summaries/isr_monthly_avg_aug.2070-2099.asc
ncols	311
nrows	91
xllcenter	102.75
yllcenter	31.75
cellsize	0.5
NODATA_value	-9999
[rows 31 to 61 of 91, columns 0 to 69 of 311]
-9999 -9999 -9999 -9999 -9999 -9999 -9999 -9999 -9999 -9999 -9999 197.72400 197.92500 196.68500 196.09700 195.92700 196.02400 195.08200 194.30099 194.53700 194.07600 194.17700 193.60300 193.25600 193.31700 193.09500 193.22800 193.77200 192.22600 195.39700 195.08400 193.90100 193.22301 194.62601 194.76100 193.04900 191.68201 193.95900 195.19299 194.01801 193.80499 192.47400 193.08501 194.16100 194.48700 192.63800 192.45000 192.55000 192.07300 192.06799 192.15800 189.29500 189.36301 189.64600 190.12199 191.54401 192.37900 194.02800 194.10699 194.35100 194.61600 196.84300 196.84000 193.72800 193.29700 192.34399 194.87300 196.38300 201.99200 205.98700
-9999 -9999 -9999 -9999 -9999 -9999 -9999 -9999 -9999 -9999 -9999 199.04700 199.32201 198.21400 198.04500 196.43600 196.59399 196.35699 196.20799 195.16100 195.06300 193.29601 191.54401 190.93800 190.69901 191.02800 191.88901 192.57201 192.62399 194.53999 195.56500 193.90401 194.01601 194.61600 196.10500 193.24400 191.40300 192.35899 193.13600 193.50000 192.68300 190.49500 190.91901 192.46700 193.16800 193.69800 193.76300 193.35100 193.39999 193.54800 193.94501 191.48500 191.74699 192.00400 191.41701 191.48900 191.75999 193.06900 192.88300 195.16299 195.64000 196.49500 195.68900 194.10500 193.00301 190.94299 193.68201 195.44000 199.64200 202.37000
-9999 -9999 -9999 -9999 -9999 -9999 -9999 -9999 -9999 -9999 -9999 200.38400 201.41299 200.21700 200.84500 197.70799 197.49001 196.80499 195.97501 195.57300 195.82899 193.89301 192.71800 192.06599 193.42700 195.14600 195.78000 196.04601 194.60500 194.95500 196.52800 195.77400 196.05299 196.23900 195.73399 192.74001 192.48700 194.69800 195.61400 196.44200 194.29100 194.90800 192.27400 192.96100 194.18201 195.80200 196.53200 194.77699 194.55000 196.16200 195.53799 191.62199 191.82700 190.92999 191.23801 191.81700 192.57500 195.11000 194.70599 195.96201 196.40700 197.22600 195.49899 193.75999 193.87700 194.10899 194.53300 195.40601 198.33400 200.15700
-9999 -9999 -9999 -9999 -9999 -9999 -9999 -9999 -9999 -9999 -9999 -9999 201.66400 199.35699 199.19901 201.47301 200.78900 198.97501 198.53000 195.82600 195.71400 195.04401 196.14500 196.30000 197.30901 201.53600 201.17200 203.63300 198.87000 200.37199 199.30701 198.19701 198.12601 198.42700 198.28400 195.85500 196.64301 193.73500 193.84200 196.37100 195.71800 196.56200 196.03000 191.66100 192.07800 191.06100 190.21899 190.17599 190.56200 190.70700 190.56500 193.03300 193.63699 193.80299 195.21001 193.99300 194.63100 194.18300 195.11600 195.04201 194.77699 194.48199 195.63699 195.96899 194.81200 194.16600 193.77100 196.80000 203.42999 201.73801
-9999 -9999 -9999 -9999 -9999 -9999 -9999 -9999 -9999 -9999 -9999 -9999 202.45200 199.80701 199.98700 202.28200 200.66800 198.87601 198.75700 197.35400 196.79201 201.28300 203.59599 203.70000 206.02499 205.14301 204.64999 207.22099 204.27800 206.20599 205.25000 204.27600 200.92300 199.65800 199.58099 198.01500 198.04700 194.30000 194.62399 196.16100 196.39301 198.47701 196.92599 191.99800 191.11301 188.39900 187.36301 189.40300 190.47200 192.80200 193.32700 194.77600 195.02901 194.94701 194.34200 194.18100 193.75301 193.45599 193.37500 195.13000 196.05000 198.85800 199.21500 199.30099 197.39101 193.98300 196.23100 196.82500 199.59801 197.93300
-9999 -9999 -9999 -9999 -9999 -9999 -9999 -9999 -9999 -9999 -9999 -9999 201.70900 200.00600 199.98599 199.99001 199.72200 198.91200 199.72301 197.60100 198.01900 202.12100 203.63699 203.65500 203.42101 205.73100 203.32600 203.57001 204.89799 202.80299 201.29100 200.95799 202.37100 202.39700 199.15401 194.29100 194.12000 195.34100 194.20399 194.63901 197.98500 199.08701 195.70000 190.91000 189.17300 188.05000 189.07800 192.04100 191.82201 190.97099 191.79401 192.57100 191.85100 193.23399 192.54700 191.69800 191.55901 194.29500 196.11900 196.88699 198.00400 200.02400 198.90900 195.00600 196.30000 196.57899 196.82401 195.35300 199.08299 197.29900
-9999 -9999 -9999 202.41400 203.27901 204.69000 203.89000 204.20500 204.46899 -9999 204.39500 202.93900 201.49001 200.66400 200.36900 201.21400 201.51700 200.58501 203.51199 201.51700 200.94600 202.41100 202.81200 202.32001 203.17700 203.71201 202.04800 209.11501 208.51500 213.03799 206.61501 204.04201 207.51500 212.46500 206.01401 199.77901 200.65100 200.53700 198.65199 198.23801 197.66200 198.96700 196.67799 192.45599 193.51700 194.73199 197.84700 195.49699 195.42799 195.87700 197.25900 198.63000 199.72200 204.56300 202.43700 205.22501 206.49001 200.18401 204.05701 201.22701 199.03400 199.39799 199.64400 197.86200 195.82500 196.17000 197.14799 197.13200 196.40500 196.08701
-9999 -9999 -9999 202.18800 202.20200 203.51300 204.50301 207.23000 207.09200 206.59100 204.49800 203.15100 205.02100 203.04300 205.17000 204.41800 206.30099 205.58800 206.26199 204.92999 203.09700 204.46899 201.05901 201.57001 205.34000 205.14600 208.61301 208.68700 211.63699 215.63300 209.86900 210.24899 209.96300 212.09599 209.17400 209.80800 210.66000 212.57401 205.28799 206.82600 206.32300 199.53600 195.75000 197.96899 199.33501 203.27800 202.99001 197.88499 200.12500 202.64301 204.83501 205.22900 206.98599 207.62500 202.84599 204.42700 202.19701 202.85899 206.50500 204.50000 202.54300 203.36200 203.61000 199.40700 199.16800 194.65900 194.78900 193.48900 194.34399 193.70500
-9999 -9999 -9999 202.21400 203.12399 205.32899 205.95799 208.55901 207.20100 205.96500 205.49300 205.61600 208.26801 210.07201 214.36400 208.81200 211.35100 209.91400 207.09900 205.55499 207.08099 208.69000 206.26900 209.87500 214.11900 211.37900 211.72900 211.14400 211.12399 218.36700 223.11900 220.81599 215.03000 213.49800 215.16701 215.83299 213.10100 211.52100 209.37801 209.25800 209.45500 203.64101 199.85600 197.34300 196.62300 200.26601 200.26401 200.92999 202.47600 207.52200 210.27901 204.40401 205.13400 206.05499 204.32100 205.15500 202.93900 201.70000 205.53101 205.43500 202.26801 203.22701 201.11200 200.88300 198.34100 197.13499 196.54800 197.72099 202.72099 201.58200
-9999 -9999 -9999 206.07100 204.63400 207.39799 206.01801 208.21700 208.58900 209.11800 206.54201 204.55299 212.23399 214.03999 215.70900 212.06400 214.13100 214.40601 213.17200 209.71800 213.81500 216.49001 219.39101 218.16499 215.74500 213.71201 212.02699 214.07800 220.87700 225.07001 222.07500 211.94901 217.35300 222.29800 221.28700 217.24800 210.57899 207.80499 209.53999 208.39900 208.52100 210.13800 210.50900 201.99699 194.85699 198.50000 202.07899 201.41701 206.43700 204.16800 208.10001 205.82600 207.09200 211.13100 208.00800 205.01601 204.05800 206.22200 207.14999 208.20700 211.20799 204.27000 202.57100 199.74001 199.99600 196.09200 197.42000 199.38800 205.97301 206.32300
-9999 -9999 -9999 206.50101 205.65401 210.17900 209.61301 211.00000 212.32600 210.51900 206.49800 210.18201 216.50900 219.05299 221.22701 218.16000 220.01700 217.36600 211.53101 207.16400 212.43500 216.82899 219.77000 213.70200 212.76401 210.90100 208.44901 210.74200 217.46800 223.27600 224.97099 222.65300 223.13000 220.86200 218.69099 219.31900 216.31100 212.82600 210.36600 209.56200 211.31400 211.72200 211.68300 207.57201 202.70500 201.72000 201.82500 203.68401 205.09599 205.19901 207.11900 204.31400 207.51199 214.07001 207.81599 209.24100 205.48900 205.03101 206.59000 212.12700 211.75400 207.47400 205.73000 207.13901 207.08200 198.92200 200.02800 205.45200 208.12801 197.60100
-9999 -9999 -9999 -9999 211.13600 213.79300 212.02100 213.69099 214.54201 212.75400 207.67599 209.92300 222.42000 214.36099 -9999 -9999 -9999 -9999 -9999 221.72600 223.00500 220.34399 221.77400 224.59801 222.39900 218.94800 211.17000 217.33600 221.22900 220.45000 222.36700 221.80901 222.37900 220.00600 214.73801 213.92799 215.13300 211.04500 211.51100 210.17500 207.58400 206.54601 207.97701 207.83200 205.63000 202.94800 203.56400 209.67500 207.44600 206.49899 208.50999 209.26100 207.56700 214.18900 215.62300 215.76500 215.97900 215.82600 214.80800 212.36099 214.46899 215.00700 213.14000 207.11800 206.31100 207.35600 203.45399 198.42000 194.39200 -9999
-9999 -9999 208.72200 211.42999 212.98500 213.33600 214.01401 216.54401 213.79401 213.02699 209.89200 213.00999 223.60500 -9999 -9999 -9999 -9999 -9999 230.80099 224.83000 224.67900 218.94000 219.23000 222.45300 221.26500 220.96300 213.62500 216.18201 216.54601 216.50900 218.63000 218.31599 217.50000 218.02699 215.22400 213.11501 214.58600 213.21400 212.95799 210.94299 212.09100 209.06700 210.19299 205.82500 203.17400 201.50700 201.87900 204.29300 200.81599 200.57800 201.49100 201.84399 203.86200 204.22301 209.58501 204.54700 208.24600 214.17900 214.13100 208.45300 209.82700 208.06100 206.71100 204.19600 200.84200 199.28300 197.09500 -9999 -9999 -9999
-9999 -9999 209.80400 211.07201 210.36800 211.25800 210.55299 218.17000 216.65100 213.17799 214.18401 215.25700 214.71600 -9999 -9999 -9999 -9999 218.98500 230.08701 222.78300 223.67500 223.01700 222.62199 220.24800 216.34801 213.29700 214.73000 216.60300 215.53999 216.21899 218.54601 220.80099 217.12500 215.26100 215.78000 216.69000 214.58800 214.19800 216.74300 214.07700 212.49699 212.89500 213.00200 210.28700 209.53101 205.00101 201.09599 205.25301 198.77400 198.48801 197.22701 197.75301 198.20300 197.55099 198.59500 193.69901 197.07300 205.92101 208.35899 205.32700 203.09500 207.23700 203.39600 194.53400 190.29700 -9999 -9999 -9999 -9999 -9999
-9999 -9999 209.10201 212.89600 211.92999 213.28999 213.06900 216.94501 216.58600 215.53300 218.80200 217.74001 205.17300 -9999 -9999 -9999 -9999 228.36400 228.05000 224.85899 224.76700 221.58900 218.35699 215.99100 216.44800 216.29900 218.53600 216.83099 218.13600 218.39700 221.41701 219.16800 218.85100 219.64400 216.61700 219.84100 219.20900 219.28300 220.32401 213.04500 212.02400 209.72000 209.72200 211.76601 208.53200 208.64301 207.58099 209.03700 204.97800 202.40500 196.28500 198.78600 199.65900 198.92300 199.05600 192.36099 192.20100 198.63100 198.02499 198.34599 191.80400 191.49001 191.66200 193.88200 200.28400 203.42599 194.36099 200.46899 195.82100 -9999
-9999 -9999 -9999 211.73300 213.97000 215.96400 213.95799 213.22900 215.48700 219.14999 215.55600 210.92999 -9999 -9999 -9999 -9999 226.96400 228.17799 223.81200 223.77400 222.33000 219.17500 219.57401 218.42000 219.37500 219.56700 219.19800 221.98100 220.72900 227.08000 226.73199 220.98399 218.13699 217.61800 216.73100 214.84100 212.43600 212.65401 211.89700 211.39900 211.14200 210.82700 212.81000 214.66299 210.53700 209.32100 206.59900 199.03799 199.06799 198.29601 202.05800 201.53600 198.53999 202.12300 205.86400 202.29401 201.26700 204.16000 201.66200 198.66901 196.71500 195.86400 203.33099 214.91499 223.15401 207.27299 199.67101 203.16901 199.08800 197.44200
-9999 -9999 -9999 -9999 212.25500 214.65601 213.61400 216.84200 219.12900 213.68500 208.95500 -9999 -9999 -9999 -9999 223.85300 228.01900 223.61000 221.90401 222.31799 220.39700 219.12601 219.78500 222.86700 222.99600 218.88000 217.49899 219.92500 222.04500 223.52200 224.23399 216.74600 216.03000 214.98000 217.58200 214.93401 213.83501 213.27800 213.53500 213.22400 214.29201 213.42400 212.70000 213.11400 210.08000 207.58701 206.87199 199.60899 198.27000 197.62199 196.83800 197.74500 199.31400 200.30400 198.78700 194.67300 194.03700 201.53500 201.14400 198.78400 203.66400 207.19501 208.80499 209.91499 215.21400 209.31200 200.62900 201.02000 203.82001 202.91100
-9999 -9999 -9999 -9999 -9999 -9999 214.52400 214.75900 209.79700 210.11900 212.39900 -9999 -9999 -9999 -9999 -9999 221.86800 221.39999 220.51300 223.32001 223.95599 216.94600 223.42101 225.21300 223.95100 219.48399 217.82201 220.21100 219.35699 219.90300 220.58600 217.90700 215.08800 217.95300 216.09801 213.49400 215.13499 218.47501 215.30299 216.41901 217.46600 220.11800 219.22200 216.62700 214.20100 208.49800 205.88100 202.27100 201.45300 197.90900 195.86400 197.47301 197.22200 197.00200 198.07100 193.97400 194.45100 197.21300 198.70100 202.51199 207.34599 210.60300 212.43500 216.04100 219.83099 214.99699 203.60899 198.80800 200.49300 204.43600
-9999 -9999 -9999 -9999 -9999 -9999 -9999 -9999 -9999 -9999 -9999 -9999 -9999 -9999 -9999 -9999 -9999 -9999 -9999 224.38100 224.32300 219.72400 221.70000 222.84801 222.29800 220.70300 219.54800 216.17101 216.14799 218.78999 219.95300 216.45399 219.49699 217.65700 217.35600 216.60699 215.34100 218.99100 218.88600 221.34200 222.63400 222.76300 219.57800 218.06700 215.99200 210.47200 205.94800 202.60300 202.03900 198.64301 197.64301 197.09500 197.41200 195.41800 196.31200 194.73900 195.41800 195.62601 199.58000 204.15100 212.56100 210.90401 212.92799 218.80400 220.00000 209.16100 200.45599 198.77699 200.00200 207.30800
-9999 -9999 -9999 -9999 -9999 -9999 -9999 -9999 -9999 -9999 -9999 -9999 -9999 -9999 -9999 -9999 -9999 -9999 224.80901 225.70700 224.27000 224.14301 223.52901 222.06200 220.97501 220.64799 218.36200 218.77100 219.31700 219.83800 220.44600 218.55000 219.33000 219.14101 218.29900 217.39101 219.27499 218.23100 221.60201 225.27600 226.46700 223.29300 222.29401 221.53500 218.31100 215.53999 210.11200 205.75700 202.13699 203.30299 202.32600 199.69701 198.06900 198.97400 200.22800 193.83099 195.20900 203.77200 209.23199 207.17300 206.39301 207.59500 212.02299 215.02400 218.29401 209.57700 202.51100 197.86099 197.73300 202.53000
-9999 -9999 -9999 -9999 -9999 -9999 -9999 -9999 -9999 -9999 -9999 -9999 -9999 -9999 -9999 -9999 -9999 225.36000 226.02299 223.87900 223.76100 226.55299 225.38000 221.95399 220.04100 220.49699 218.86800 220.56700 224.61501 224.16499 223.86800 218.96800 220.21001 217.20399 216.23100 220.46400 223.71300 223.49800 222.99500 226.83800 225.93600 223.44099 222.57899 220.81900 218.40500 214.23300 210.83099 209.00999 203.06599 203.89301 200.77699 197.25999 198.92500 201.29700 200.11900 196.13300 198.01601 206.26801 209.26100 206.76801 199.73500 206.55099 218.89400 221.21300 208.61900 206.27299 204.94800 199.15300 197.53700 200.91499
-9999 -9999 -9999 -9999 -9999 -9999 -9999 -9999 -9999 -9999 -9999 -9999 -9999 -9999 -9999 -9999 -9999 230.28300 230.46800 233.39000 231.67700 229.33501 226.39799 221.72800 216.46700 219.70799 219.55299 221.45799 223.49600 225.40700 226.19600 218.92500 217.89200 215.47501 218.69600 221.99899 223.98700 224.61000 227.77299 227.56200 225.27699 221.15601 219.32600 218.40800 216.98500 209.75400 206.68800 213.85300 209.72501 203.50600 200.86301 200.68700 201.68600 200.39900 200.62399 198.91000 206.42101 205.97200 202.91400 203.15500 204.55299 212.49699 213.44299 214.27499 220.37500 214.91200 204.00301 208.21500 198.90401 196.27499
-9999 -9999 -9999 -9999 -9999 -9999 -9999 -9999 -9999 -9999 -9999 -9999 -9999 -9999 -9999 -9999 236.30400 236.93100 237.84300 237.04201 230.80600 226.43500 226.61400 220.00200 214.44501 219.24001 217.87500 216.63901 219.78799 224.55901 224.36200 217.49100 217.11600 214.18201 216.65300 219.01601 222.07500 225.87700 228.44099 225.11000 222.68201 220.19600 219.28999 217.08501 213.63499 209.46001 207.82700 216.06900 212.18300 204.25999 201.75800 202.00200 202.79100 201.71600 201.44501 199.32700 200.44299 203.04601 202.28500 205.73100 205.07800 208.63200 212.60899 221.38699 214.35699 209.49500 205.96300 202.16901 194.06300 193.80099
-9999 -9999 -9999 -9999 -9999 -9999 -9999 -9999 -9999 -9999 -9999 -9999 -9999 234.70399 239.73100 239.93401 241.85899 244.35800 239.39999 234.66299 231.27499 231.77000 226.48100 223.84900 223.17400 216.34100 215.79401 217.91901 218.96800 219.76401 219.57401 220.22600 220.43300 218.70000 220.41200 221.92799 223.68800 223.35800 226.15900 227.57100 224.76500 223.67599 220.80000 213.47900 211.43600 211.04601 210.67000 212.10300 211.67900 210.06599 207.90800 204.10600 202.49600 199.37700 198.26100 202.26401 202.38499 201.30800 201.93500 201.87900 202.92700 204.34599 205.53600 205.77000 199.78900 194.07401 192.69000 192.08501 193.45799 194.33200
-9999 -9999 -9999 -9999 -9999 -9999 -9999 -9999 -9999 -9999 -9999 -9999 233.50200 239.14101 241.51801 241.83800 241.05400 239.53700 239.52499 231.35100 232.92000 229.41000 226.52000 224.81100 223.38100 216.93401 216.64900 217.48300 219.38600 218.10899 218.70399 219.98900 220.60500 219.58501 219.20900 220.54700 221.82500 222.88300 225.32401 224.55400 224.24899 222.39200 220.53700 213.07500 210.80600 209.90900 209.30800 212.38300 213.51900 212.70700 211.42000 206.21800 205.10899 201.30800 197.91701 199.27800 200.62100 204.47000 207.71700 206.00000 204.85001 201.09200 199.73000 201.89101 196.03300 191.73300 191.40401 191.59700 193.47501 198.03799
-9999 -9999 -9999 -9999 -9999 -9999 -9999 -9999 -9999 -9999 -9999 242.48599 241.43300 243.84100 240.48700 238.91901 237.93900 238.03300 238.02200 236.42999 234.01500 227.18600 225.39400 226.51900 226.45000 225.96400 225.30000 222.45100 219.43100 217.75600 220.10699 222.89101 223.49699 222.85201 222.93500 224.53200 228.07001 228.53400 226.75800 226.64900 223.09801 220.68500 216.33400 214.31599 212.49699 211.41299 210.75301 211.13000 211.89700 212.93800 212.03600 216.32300 212.72600 208.09801 205.19299 203.80400 200.76199 204.77200 200.87700 195.86700 196.18100 192.78200 192.26900 192.13800 191.16800 188.69600 191.02299 189.28400 196.23000 202.14900
-9999 -9999 -9999 -9999 -9999 -9999 -9999 -9999 -9999 -9999 245.80800 244.05901 239.46400 243.40700 238.40601 238.58600 237.57800 238.46201 238.70300 236.56100 234.16600 226.92000 225.25301 227.10500 227.23300 226.73801 226.04100 221.84500 220.52800 220.91000 221.42999 223.78999 225.29800 224.73300 225.41901 228.00500 230.09900 229.68401 224.70799 223.48801 219.88400 215.45799 211.27800 210.85201 210.06799 209.34900 209.45599 208.84900 209.91800 210.77699 212.11600 217.23000 213.74300 209.39900 208.02600 206.26601 205.74800 205.10100 197.98199 194.46500 194.46899 193.90500 191.23500 191.57700 191.25900 189.42700 190.60201 190.87900 199.91299 207.19800
-9999 -9999 -9999 -9999 -9999 -9999 -9999 -9999 -9999 237.11900 238.05299 239.98199 241.57500 242.04401 240.18600 239.50999 239.10100 239.20799 237.90500 235.81700 233.41100 233.31599 232.04201 226.53300 225.86400 226.39799 223.46001 225.57899 226.13699 225.96500 224.81599 228.54900 230.41299 232.57401 235.66600 235.77000 236.63000 231.09801 226.80000 221.31000 216.11600 212.44701 208.55600 208.72301 208.42101 208.46201 207.41100 211.08099 211.44099 211.03500 212.54900 216.90601 218.38800 222.32800 222.43500 204.00500 199.81300 195.96700 193.72400 196.19000 196.19400 194.60899 194.10500 190.16299 189.73300 192.54500 194.20799 200.93500 206.88699 208.90800
-9999 -9999 -9999 -9999 -9999 -9999 -9999 -9999 -9999 -9999 237.41499 239.31900 239.39799 239.45700 236.95300 238.81599 239.50400 241.28000 240.41800 238.40800 237.82100 234.94701 232.97800 -9999 -9999 -9999 -9999 -9999 -9999 227.72900 228.49600 230.17101 232.12900 234.27400 238.03300 237.40199 235.04900 228.74001 225.16499 217.98500 212.95900 210.06599 206.15500 206.22800 207.36400 207.07401 208.13699 209.39500 210.44299 209.56300 211.17500 214.32800 220.67700 222.43100 223.12900 201.63499 197.81200 195.52800 193.66400 196.27901 195.94501 195.98199 196.24899 193.34300 200.85800 196.52600 201.40199 206.42599 218.95100 214.84100
-9999 -9999 -9999 -9999 -9999 -9999 -9999 -9999 -9999 -9999 -9999 -9999 242.41299 244.01199 243.87601 237.68401 239.67101 238.38000 238.56100 -9999 -9999 -9999 -9999 -9999 -9999 -9999 -9999 -9999 -9999 -9999 -9999 -9999 -9999 236.20300 241.37399 235.33099 232.93600 228.98399 222.06900 218.69299 214.41499 210.79401 209.03500 207.24699 208.14900 207.85100 207.46600 206.78101 206.57201 207.20399 210.75200 218.08600 221.20700 216.73900 213.59100 201.64400 201.52800 197.84000 195.73000 198.65601 198.39900 200.87601 202.32001 198.32401 198.44800 198.67999 204.24600 208.14900 212.07001 208.15601
-9999 -9999 -9999 -9999 -9999 -9999 -9999 -9999 -9999 -9999 -9999 -9999 -9999 -9999 -9999 -9999 -9999 -9999 -9999 -9999 -9999 -9999 -9999 -9999 -9999 -9999 -9999 -9999 -9999 -9999 -9999 -9999 -9999 -9999 238.94400 235.43900 228.17400 226.77699 219.61900 217.82401 214.18600 211.81200 210.81799 206.95799 208.32700 208.20700 208.11800 207.14799 207.40401 208.58000 210.60600 216.62801 218.63800 214.50301 213.99001 201.48100 202.97701 205.40500 201.83400 202.92799 201.88200 202.34000 200.04800 197.67200 196.42799 201.83099 208.87000 213.55299 218.11400 211.13699
