data/hydroclimate-scenarios/BCSD_hadcm_A1B/monthly_summaries/isr_monthly_avg_aug.2030-2059.asc
ncols	311
nrows	91
xllcenter	102.75
yllcenter	31.75
cellsize	0.5
NODATA_value	-9999
[rows 0 to 30 of 91, columns 210 to 279 of 311]
-9999 -9999 -9999 -9999 -9999 -9999 -9999 -9999 -9999 -9999 -9999 -9999 -9999 -9999 -9999 -9999 -9999 -9999 -9999 -9999 -9999 -9999 -9999 -9999 -9999 -9999 -9999 -9999 -9999 -9999 -9999 -9999 -9999 -9999 -9999 -9999 -9999 -9999 -9999 -9999 -9999 -9999 -9999 -9999 -9999 -9999 -9999 -9999 -9999 -9999 -9999 -9999 -9999 -9999 -9999 -9999 -9999 -9999 -9999 -9999 -9999 -9999 -9999 -9999 -9999 -9999 -9999 -9999 -9999 -9999
-9999 -9999 -9999 -9999 -9999 -9999 -9999 -9999 -9999 -9999 -9999 -9999 -9999 -9999 -9999 -9999 -9999 -9999 -9999 -9999 -9999 -9999 -9999 -9999 -9999 -9999 -9999 -9999 -9999 -9999 -9999 -9999 -9999 -9999 -9999 -9999 -9999 -9999 -9999 -9999 -9999 -9999 -9999 -9999 -9999 -9999 -9999 -9999 -9999 -9999 -9999 -9999 -9999 -9999 -9999 -9999 -9999 -9999 -9999 -9999 -9999 -9999 -9999 -9999 -9999 -9999 -9999 -9999 -9999 -9999
-9999 -9999 -9999 -9999 -9999 -9999 -9999 -9999 -9999 -9999 -9999 -9999 -9999 -9999 -9999 -9999 -9999 -9999 -9999 -9999 -9999 -9999 -9999 -9999 -9999 -9999 -9999 -9999 -9999 -9999 -9999 -9999 -9999 -9999 -9999 -9999 -9999 -9999 -9999 -9999 -9999 -9999 -9999 -9999 -9999 -9999 -9999 -9999 -9999 -9999 -9999 -9999 -9999 -9999 -9999 -9999 -9999 -9999 -9999 -9999 -9999 -9999 -9999 -9999 -9999 -9999 -9999 -9999 -9999 -9999
-9999 -9999 -9999 -9999 -9999 -9999 -9999 -9999 -9999 -9999 -9999 -9999 -9999 -9999 -9999 -9999 -9999 -9999 -9999 -9999 -9999 -9999 -9999 -9999 -9999 -9999 -9999 -9999 -9999 -9999 -9999 -9999 -9999 -9999 -9999 -9999 -9999 -9999 -9999 -9999 -9999 -9999 -9999 -9999 -9999 -9999 -9999 -9999 -9999 -9999 -9999 -9999 -9999 -9999 -9999 -9999 -9999 -9999 -9999 -9999 -9999 -9999 -9999 -9999 -9999 -9999 -9999 -9999 -9999 -9999
-9999 -9999 -9999 -9999 -9999 -9999 -9999 -9999 -9999 -9999 -9999 -9999 -9999 -9999 -9999 -9999 -9999 -9999 -9999 -9999 -9999 -9999 -9999 -9999 -9999 -9999 -9999 -9999 -9999 -9999 -9999 -9999 -9999 -9999 -9999 -9999 -9999 -9999 -9999 -9999 -9999 -9999 -9999 -9999 -9999 -9999 -9999 -9999 -9999 -9999 -9999 -9999 -9999 -9999 -9999 -9999 -9999 -9999 -9999 -9999 -9999 -9999 -9999 -9999 -9999 -9999 -9999 -9999 -9999 -9999
-9999 -9999 -9999 -9999 -9999 -9999 -9999 -9999 -9999 -9999 -9999 -9999 -9999 -9999 -9999 -9999 -9999 -9999 -9999 -9999 -9999 -9999 -9999 -9999 -9999 -9999 -9999 -9999 -9999 -9999 -9999 -9999 -9999 -9999 -9999 -9999 -9999 -9999 -9999 -9999 -9999 -9999 -9999 -9999 -9999 -9999 -9999 -9999 -9999 -9999 -9999 -9999 -9999 -9999 -9999 -9999 -9999 -9999 -9999 -9999 -9999 -9999 -9999 -9999 -9999 -9999 -9999 -9999 -9999 -9999
-9999 -9999 -9999 -9999 -9999 -9999 -9999 -9999 -9999 -9999 -9999 -9999 -9999 -9999 -9999 -9999 -9999 -9999 -9999 -9999 -9999 -9999 -9999 -9999 -9999 -9999 -9999 -9999 -9999 -9999 -9999 -9999 -9999 -9999 -9999 -9999 -9999 -9999 -9999 -9999 -9999 -9999 -9999 -9999 -9999 -9999 -9999 -9999 -9999 -9999 -9999 -9999 -9999 -9999 -9999 -9999 -9999 -9999 -9999 -9999 -9999 -9999 -9999 -9999 -9999 -9999 -9999 -9999 -9999 -9999
-9999 -9999 -9999 -9999 -9999 -9999 -9999 -9999 -9999 -9999 -9999 -9999 -9999 -9999 -9999 -9999 -9999 -9999 -9999 -9999 -9999 -9999 -9999 -9999 -9999 -9999 -9999 -9999 -9999 -9999 -9999 -9999 -9999 -9999 -9999 -9999 -9999 -9999 -9999 -9999 -9999 -9999 -9999 -9999 -9999 -9999 -9999 -9999 -9999 -9999 -9999 -9999 -9999 -9999 -9999 -9999 -9999 -9999 -9999 -9999 -9999 -9999 -9999 -9999 -9999 -9999 -9999 -9999 -9999 -9999
-9999 -9999 -9999 -9999 -9999 -9999 -9999 -9999 -9999 -9999 -9999 -9999 -9999 -9999 -9999 -9999 -9999 -9999 -9999 -9999 -9999 -9999 -9999 -9999 -9999 -9999 -9999 -9999 -9999 -9999 -9999 -9999 -9999 -9999 -9999 -9999 -9999 -9999 -9999 -9999 -9999 -9999 -9999 -9999 -9999 -9999 -9999 -9999 -9999 -9999 -9999 -9999 -9999 -9999 -9999 -9999 -9999 -9999 -9999 -9999 -9999 -9999 -9999 -9999 -9999 -9999 -9999 -9999 -9999 -9999
-9999 -9999 -9999 -9999 -9999 -9999 -9999 -9999 -9999 -9999 -9999 -9999 -9999 -9999 -9999 -9999 -9999 -9999 -9999 -9999 -9999 -9999 -9999 -9999 -9999 -9999 -9999 -9999 -9999 -9999 -9999 -9999 -9999 -9999 -9999 -9999 -9999 -9999 -9999 -9999 -9999 -9999 -9999 -9999 -9999 -9999 -9999 -9999 -9999 -9999 -9999 -9999 -9999 -9999 -9999 -9999 -9999 -9999 -9999 -9999 -9999 -9999 -9999 -9999 -9999 -9999 -9999 -9999 -9999 -9999
-9999 -9999 -9999 -9999 -9999 -9999 -9999 -9999 -9999 -9999 -9999 -9999 -9999 -9999 -9999 -9999 -9999 -9999 -9999 -9999 -9999 -9999 -9999 -9999 -9999 -9999 -9999 -9999 -9999 -9999 -9999 -9999 -9999 -9999 -9999 -9999 -9999 -9999 -9999 -9999 -9999 -9999 -9999 -9999 -9999 -9999 -9999 -9999 -9999 -9999 -9999 -9999 -9999 -9999 -9999 -9999 -9999 -9999 -9999 -9999 -9999 -9999 -9999 -9999 -9999 -9999 -9999 -9999 -9999 -9999
-9999 -9999 -9999 -9999 -9999 -9999 -9999 -9999 -9999 -9999 -9999 -9999 -9999 -9999 -9999 -9999 -9999 -9999 -9999 -9999 -9999 -9999 -9999 -9999 -9999 -9999 -9999 -9999 -9999 -9999 -9999 -9999 -9999 -9999 -9999 -9999 -9999 -9999 -9999 -9999 -9999 -9999 -9999 -9999 -9999 -9999 -9999 -9999 -9999 -9999 -9999 -9999 -9999 -9999 -9999 -9999 -9999 -9999 -9999 -9999 -9999 -9999 -9999 -9999 -9999 -9999 -9999 -9999 -9999 -9999
-9999 -9999 -9999 -9999 -9999 -9999 -9999 -9999 -9999 -9999 -9999 -9999 -9999 -9999 -9999 -9999 -9999 -9999 -9999 -9999 -9999 -9999 -9999 -9999 -9999 -9999 -9999 -9999 -9999 -9999 -9999 -9999 -9999 -9999 -9999 -9999 -9999 -9999 -9999 -9999 -9999 -9999 -9999 -9999 -9999 -9999 -9999 -9999 -9999 -9999 -9999 -9999 -9999 -9999 -9999 -9999 -9999 -9999 -9999 -9999 -9999 -9999 -9999 -9999 -9999 -9999 -9999 -9999 -9999 -9999
150.59500 146.87700 147.53900 144.77600 146.76601 147.19901 146.74200 148.13200 147.89400 -9999 -9999 -9999 -9999 -9999 -9999 -9999 -9999 -9999 -9999 -9999 -9999 -9999 -9999 -9999 -9999 -9999 -9999 -9999 -9999 -9999 -9999 -9999 -9999 -9999 -9999 -9999 -9999 -9999 -9999 -9999 -9999 -9999 -9999 -9999 -9999 -9999 -9999 -9999 -9999 -9999 143.69099 -9999 -9999 -9999 -9999 -9999 -9999 -9999 -9999 -9999 -9999 -9999 -9999 -9999 -9999 -9999 -9999 -9999 -9999 -9999
156.30800 156.01500 155.66000 157.84000 157.80800 159.38200 158.56500 159.46500 160.03400 157.84100 157.90800 158.41701 158.91901 159.23199 159.75301 161.67799 160.92300 158.37300 157.65199 160.25000 158.61400 164.40199 -9999 -9999 -9999 -9999 -9999 -9999 -9999 -9999 -9999 -9999 -9999 -9999 -9999 -9999 -9999 -9999 -9999 -9999 -9999 -9999 -9999 -9999 -9999 149.64301 149.05800 150.99100 150.33900 151.74899 150.74400 148.36301 -9999 -9999 -9999 140.10300 -9999 -9999 -9999 144.63200 145.49699 148.24200 -9999 -9999 -9999 -9999 -9999 -9999 -9999 -9999
158.85699 158.89400 159.39400 161.04401 160.82899 162.48300 161.18300 161.89799 161.47501 159.59900 161.12100 163.75800 164.14400 163.96400 165.90199 168.65900 169.32700 166.91800 164.77000 165.84300 164.88400 164.28799 164.89101 163.67999 162.78700 163.14301 161.74100 162.05400 -9999 -9999 -9999 -9999 -9999 155.17700 156.23399 156.02600 155.64700 155.49001 153.30800 154.18700 156.31400 156.28700 156.35600 158.10300 157.30800 155.54700 156.01199 156.12000 155.68700 156.17900 155.92700 153.07100 150.40300 151.63600 148.52200 146.20000 147.14000 146.44200 147.22701 150.93900 151.47400 152.94000 153.26100 151.32500 151.22301 152.40401 150.65100 -9999 -9999 -9999
161.51100 161.17700 162.36800 163.72501 163.83600 164.51300 164.87399 164.55800 164.77800 164.64200 167.81700 166.08000 166.74600 165.31500 165.75999 164.60600 165.17900 167.20000 167.63000 165.39600 163.62601 166.40900 165.29201 165.34100 164.63300 167.87801 166.76601 167.43500 166.89200 165.31799 164.41400 165.43201 165.49001 161.43600 162.57401 161.43100 163.16800 164.62000 163.38901 160.65601 161.57899 163.05299 163.25900 163.27200 163.33900 161.07899 161.63000 160.71800 159.80600 160.09801 158.02901 158.16800 157.02000 155.66000 153.28101 153.27299 152.33299 152.38200 155.03200 155.44501 155.62300 156.69901 157.98599 157.54601 158.16000 158.87500 159.20100 157.48900 156.39000 153.93401
166.59000 166.46800 169.01700 172.96201 173.12100 172.83000 172.69299 173.64600 175.27499 171.27901 170.75700 167.80600 166.27600 164.66200 164.60500 163.81100 163.57700 166.18300 165.51601 166.09100 164.92101 164.78999 165.35300 166.03400 166.07401 168.50101 170.09300 172.55299 172.78200 173.26500 174.77299 174.19501 172.50900 168.58000 165.81700 165.41499 166.67101 168.52299 169.03700 167.44299 166.45900 167.52200 167.92300 168.26401 168.52699 165.72900 165.26401 164.66701 164.40700 162.85400 162.61700 162.87601 161.30701 159.75200 159.64301 159.92400 157.68300 159.56599 158.78300 158.67300 160.20300 160.56400 161.94901 162.06599 163.01199 163.33900 162.31500 161.36000 159.50101 156.81700
165.95700 167.33299 167.60100 170.32700 171.31500 170.07201 170.63200 172.36501 170.48399 171.33701 171.68201 168.76300 167.64400 169.20399 169.92900 169.94099 168.61400 170.14600 169.78400 170.53300 169.36301 167.32700 168.10800 169.89101 169.89200 169.55901 170.02400 172.74500 174.07401 175.36501 178.60800 175.87801 175.87500 173.87700 169.54100 167.65300 169.29601 168.89600 169.60100 172.36400 172.41000 170.05901 169.55701 171.53400 172.57401 170.83299 169.90800 170.42999 169.35800 169.23599 167.57001 166.85400 166.13400 165.20700 164.19901 161.72800 162.17300 161.33299 161.79500 162.29300 162.41701 164.84100 165.61800 166.32201 166.11200 163.70900 164.11099 162.39200 162.10400 159.91800
167.18201 166.17000 166.97600 168.33800 169.97301 169.58000 170.48000 171.22000 171.11700 172.28200 171.81599 169.19400 168.90900 169.48399 168.50101 169.57100 169.48399 170.51700 170.52400 172.69600 172.09200 167.96001 169.44701 172.21400 173.65500 174.76300 175.29300 178.67999 178.19701 177.26199 177.23100 176.54500 180.15700 179.13699 175.42799 171.37700 172.34900 172.59000 171.72800 174.45200 173.92300 173.60699 174.39700 175.35100 175.62801 175.45900 175.12100 174.81900 174.38000 173.52800 171.85400 170.80400 169.59100 169.04500 168.59000 166.86099 166.70300 166.15900 166.13300 166.61099 166.54800 169.17799 168.81700 168.87500 168.88200 167.06799 167.36200 165.98500 166.12000 163.89200
167.02299 165.41000 165.16299 167.18201 169.21899 172.57201 170.90900 172.24200 170.98199 170.26401 169.89301 170.50999 169.97701 170.96700 171.52000 170.92700 171.19600 174.28000 174.13100 173.25200 174.78200 173.33000 175.65800 175.82201 177.35201 179.91901 180.51100 181.07800 179.96400 179.14700 179.74001 179.09801 181.28700 181.75400 177.89400 176.67500 176.40900 173.72600 174.34100 174.80099 174.50600 176.29601 176.93700 177.07600 176.73399 177.23399 177.52000 176.55299 175.45300 174.98500 173.42400 171.50500 170.69400 171.48500 170.80099 171.36501 171.33099 169.45599 169.59200 170.60100 169.51401 171.84599 172.11800 170.63100 170.27100 168.84100 168.83299 168.30499 168.80600 166.53200
167.97099 167.63300 168.82300 170.47600 169.46300 170.87000 170.24200 172.80400 171.92500 172.01801 170.56100 171.87199 172.18800 172.91499 172.99600 172.23000 174.03300 177.13400 176.98199 176.64700 176.79601 174.43201 177.16200 179.36200 182.21400 185.42400 184.77600 184.29601 183.36600 184.12100 184.43800 183.24100 184.70700 186.56900 183.98599 182.10100 180.93300 177.95300 177.59900 177.75600 178.21500 179.50800 179.75999 179.74100 179.74300 179.02699 179.06900 179.18600 178.49500 177.07001 175.98900 174.12199 173.41400 174.39400 174.68500 174.70599 173.84900 172.64500 172.49699 172.59801 173.54201 176.37000 174.35500 173.66800 173.53600 170.52699 170.58000 169.61000 168.77699 168.74100
171.22301 172.88901 174.51801 174.92700 173.80701 173.98500 173.85899 176.70599 176.04900 177.65199 179.04401 180.13300 180.17999 177.88600 177.31200 178.08600 178.40700 179.21899 180.40800 180.40900 180.44701 179.90601 182.35500 185.92300 189.47099 188.05701 188.61900 189.11800 186.93700 187.07100 187.46201 186.59599 186.05099 187.31700 185.47301 185.11099 186.45399 184.39700 183.98199 184.78900 184.79900 182.15800 181.26300 182.31799 181.19200 182.72900 182.24400 181.47000 181.13699 178.47501 177.84500 177.58501 176.49699 178.01500 177.38100 176.56400 175.82300 176.11000 176.69299 177.80701 177.02600 177.89101 177.24500 177.41901 175.96001 174.70200 173.88400 173.26801 173.06599 172.45300
171.28600 172.52100 173.81799 174.29401 175.88000 176.61501 175.76401 177.39700 178.61400 180.17200 180.31300 183.20300 184.71100 183.12100 182.96001 184.58600 183.92000 184.96800 184.05299 183.40199 183.64799 183.07201 184.97200 190.38000 192.66800 191.31900 191.66200 192.85100 192.90199 193.79500 192.73500 193.50301 193.22200 192.68700 191.47099 192.29201 192.77699 193.43100 193.28101 194.35001 193.80400 191.59300 188.67700 191.91800 191.80000 193.41299 191.24899 189.21600 187.13400 180.94000 178.16200 178.03300 178.35001 179.50800 179.23300 179.89400 178.82500 178.73900 179.47900 179.67799 179.47501 180.45100 183.08200 183.95000 181.08099 178.27000 178.05299 177.04100 176.13200 176.27100
172.65401 171.64600 172.74200 173.87000 174.33099 174.74800 174.79601 177.27200 177.96001 179.01199 178.94400 180.35899 180.81200 182.49300 183.97400 187.62399 189.11800 189.75400 189.90601 190.71600 189.23000 190.31799 189.18500 189.55200 194.37399 195.23801 197.53700 198.65500 198.95900 197.89999 195.95100 196.44200 197.90199 200.07800 200.79201 198.05400 199.37300 195.94400 196.43201 195.58200 195.26100 194.86301 193.40100 204.19200 205.03900 217.36501 238.47501 260.44199 260.36499 256.66000 193.38901 181.50500 178.81200 178.35800 177.62700 180.22800 182.28799 181.83200 181.54401 183.49200 183.27200 185.65601 185.38600 185.22900 185.39101 182.22000 181.99001 180.03999 178.36900 179.44901
173.83800 174.48199 173.86000 175.02299 175.89600 177.47099 178.23599 180.80499 181.18500 183.10001 181.52800 181.72800 182.00800 181.96400 183.74200 186.85300 189.41100 192.79300 192.01500 190.74200 191.03999 192.24300 193.48399 193.50900 194.64600 194.36600 194.89500 199.55099 200.85201 200.75000 201.22600 200.35201 199.73300 201.40199 201.11400 199.67400 199.29401 197.62601 196.58600 195.43100 195.94200 196.52299 199.00000 204.41200 261.87701 264.65601 264.78601 262.03799 261.29800 258.73300 253.84399 198.42799 185.70200 183.71899 182.09100 183.29800 186.34801 188.19000 185.75101 186.71100 186.47000 188.07401 188.81000 188.01300 189.20300 185.00101 183.81300 183.90300 182.61200 182.10001
173.21400 172.27100 173.13200 177.73300 180.27699 182.73599 184.41400 186.53400 190.32800 196.85899 200.67200 195.48599 190.85699 190.12199 193.38800 189.81799 191.05499 191.57600 192.26700 193.68201 195.54500 193.00200 195.08501 197.51900 196.14600 194.12900 194.63800 197.94299 199.07700 200.48900 202.05299 201.76900 199.97900 199.25101 200.41901 198.36301 198.77299 196.59000 197.58000 198.55701 199.49699 198.20200 200.21001 205.02600 211.85899 263.92801 263.39999 260.87601 258.85199 257.47900 258.40701 256.65799 195.70200 187.85899 185.11600 185.87500 185.29100 187.97400 190.33400 191.14000 190.91200 189.20000 189.36301 188.30099 189.31200 187.35100 187.06100 187.41100 185.72501 185.10001
176.94000 177.98100 250.42200 254.06100 252.79401 201.59399 187.92400 190.72701 190.19800 189.89999 195.04900 206.87900 217.38000 203.58501 260.85800 217.80000 204.51700 197.62500 194.70700 194.45399 195.62900 193.51401 195.71700 196.69400 198.15300 196.04601 197.16499 200.71201 201.15500 203.44501 204.28101 203.06000 202.78500 204.99699 203.64000 200.81500 199.54201 201.31799 201.44901 200.43600 199.95599 198.42101 200.77699 203.63100 253.44701 265.38101 263.58401 261.66501 261.17599 261.59000 261.03601 259.29300 209.42999 203.25200 194.47600 191.40900 189.61600 189.55499 192.03700 193.95000 193.35600 191.03900 191.81500 191.83200 192.12601 189.33701 188.73599 188.87900 189.12300 188.28300
193.00101 246.90800 251.14999 249.83800 194.69701 186.39999 186.52299 187.31000 188.77499 189.60400 189.02000 192.46400 194.43800 197.21001 197.21800 198.08099 198.37601 196.13400 198.32899 196.56300 191.76700 190.85300 193.91901 195.63100 201.42900 198.47099 199.37900 203.91299 206.17500 205.93100 205.24200 206.13499 205.48100 203.84399 203.34300 202.50999 203.44600 203.85500 203.03400 202.55000 202.59900 202.07899 201.69000 204.74600 219.13000 263.81100 262.95599 260.99899 260.69199 261.89600 262.44400 260.50601 261.16901 260.19299 212.10800 195.71100 190.59801 191.47701 189.33501 193.07401 193.71300 192.18201 191.81799 193.44000 193.17500 190.02699 189.92101 189.82899 189.43600 192.24500
194.59000 175.68800 175.73000 177.34700 177.40300 181.14101 208.19099 257.76700 205.79601 193.80000 191.80901 195.46800 197.01300 200.17999 198.82800 200.96201 273.35501 270.88101 225.49200 208.77100 202.28200 199.28400 200.95700 196.26401 216.78799 209.95000 200.72400 205.52600 209.00200 212.01100 211.64301 211.19099 208.06100 206.59700 207.54900 206.58600 207.31500 206.30299 207.17900 204.83099 204.90100 203.41100 203.49800 208.01401 218.61501 264.73999 265.80200 261.72601 262.20700 261.90900 262.76099 263.78101 263.28500 262.51700 261.25101 210.70599 195.44299 193.45399 190.57100 193.50400 194.37500 193.23199 194.42999 196.91901 199.17000 196.33600 195.66400 196.22400 193.83000 195.19299
249.41499 215.03000 179.23801 177.50500 177.67400 179.61800 184.05099 192.02299 192.21201 210.32300 261.32199 262.54401 200.66800 202.46500 201.20799 199.90900 206.07201 273.84100 274.73999 273.25601 272.39200 268.38901 267.51700 265.49500 266.86099 265.91901 211.28101 211.25800 213.34500 216.54900 215.81700 217.99400 213.92200 210.54601 210.06100 208.29401 211.12000 211.13000 212.19800 210.68401 208.60300 204.08000 203.94600 207.37801 217.24600 214.69000 269.20099 268.07800 267.23801 268.33801 266.19400 263.62500 210.03999 204.85201 207.15700 216.50500 197.59900 195.14900 193.72099 193.36400 194.38200 194.20399 195.48700 195.87399 197.05299 199.05200 199.58800 199.91200 200.12500 198.39200
