data/hydroclimate-scenarios/BCSD_hadcm_A1B/monthly_summaries/isr_monthly_avg_feb.2030-2059.asc
ncols	311
nrows	91
xllcenter	102.75
yllcenter	31.75
cellsize	0.5
NODATA_value	-9999
[rows 31 to 61 of 91, columns 0 to 69 of 311]
-9999 -9999 -9999 -9999 -9999 -9999 -9999 -9999 -9999 -9999 -9999 65.94760 66.10450 66.34640 66.76310 68.31920 69.02270 68.62850 68.97720 68.71540 68.56700 68.36600 67.75920 67.43730 67.03810 66.37070 65.34470 65.18400 64.78390 64.81170 64.17980 63.41240 63.17660 63.09130 62.86240 62.69210 62.73570 63.34900 63.21070 63.25780 63.25690 62.69490 62.69500 62.83690 62.35050 62.39420 62.37010 61.52460 61.45130 62.20950 62.23480 63.33860 63.31150 63.56720 63.49750 63.64220 63.94340 63.67260 63.89720 63.94860 64.16510 64.32230 64.36420 64.41100 64.45160 64.84180 65.52070 62.37310 63.73660 65.66160
-9999 -9999 -9999 -9999 -9999 -9999 -9999 -9999 -9999 -9999 -9999 68.95270 69.11510 68.68930 69.12280 69.47390 70.61830 69.73230 70.58640 70.50790 70.47760 69.46740 68.85740 68.57730 67.87030 69.25170 68.54860 67.94900 67.05760 66.90200 66.34780 66.22650 65.81090 64.84420 64.66540 64.00110 64.12670 64.12010 64.31690 64.89530 64.76770 63.87400 63.97260 64.39100 64.22550 63.74040 64.04270 64.26670 64.26320 65.41940 65.20950 65.95130 65.87610 66.96100 66.86770 66.51490 66.44820 66.66910 66.69120 66.71860 66.87710 66.67220 66.83070 66.35820 66.17890 67.43010 67.84150 65.20000 66.31390 67.10420
-9999 -9999 -9999 -9999 -9999 -9999 -9999 -9999 -9999 -9999 -9999 72.30630 72.32390 71.38110 71.64840 71.93790 72.12720 72.13330 73.04300 72.28740 72.32890 71.90010 70.94610 70.76970 70.49900 71.71160 71.31540 69.99280 69.08190 68.74440 68.33230 68.32030 68.07300 66.63720 66.61840 65.78940 66.26680 66.62710 66.85520 68.08510 67.83960 67.03680 66.88860 67.48090 67.92350 67.32840 67.59990 67.50660 67.63280 68.71700 68.51910 68.78100 68.69040 69.49760 69.40860 69.30910 69.36900 69.67400 69.96560 69.38400 69.71880 69.51500 69.48930 68.95440 69.23390 71.00530 70.65180 67.87030 68.36600 69.19350
-9999 -9999 -9999 -9999 -9999 -9999 -9999 -9999 -9999 -9999 -9999 -9999 74.59080 74.05440 74.09170 73.87420 74.36730 74.05460 74.43230 74.27870 74.16080 74.07010 73.92940 74.10580 73.27860 75.17170 74.35670 73.67270 71.78820 71.30070 70.79960 70.36630 70.19970 69.41710 69.07930 68.03120 68.75930 69.07570 69.42550 70.20820 70.44650 70.49860 70.44190 69.73940 69.89790 69.54690 69.70860 70.35190 70.37090 71.63840 71.24080 71.18420 71.27330 72.30590 72.26400 72.23560 72.07560 71.92780 71.99960 71.75110 71.65850 72.76780 73.17120 73.36580 73.35180 73.16320 72.66800 71.43960 72.58740 72.08740
-9999 -9999 -9999 -9999 -9999 -9999 -9999 -9999 -9999 -9999 -9999 -9999 76.16560 75.92390 76.79890 75.83740 76.27260 75.85800 76.24280 75.98090 76.23490 77.92890 77.51540 77.43950 76.99130 77.54190 76.36640 75.59010 74.47720 74.21180 73.96640 73.08800 72.10730 71.28720 71.54410 70.91110 71.36780 71.42270 71.64210 72.13360 73.03920 73.18320 72.79070 72.26900 72.14870 72.10540 72.21080 73.04080 72.78730 74.20450 74.28570 73.57330 73.41390 74.73540 74.47310 74.53130 74.37940 73.78520 73.81570 73.88580 74.30320 75.89410 76.34370 76.12120 75.51140 74.73070 75.00340 73.66550 73.79180 73.41180
-9999 -9999 -9999 -9999 -9999 -9999 -9999 -9999 -9999 -9999 -9999 -9999 78.98960 77.98890 77.35310 77.39080 78.06420 78.32140 79.28900 79.92480 80.84760 81.73950 81.30340 79.98810 78.62760 79.51690 78.13770 76.76220 76.95240 76.65530 75.97550 75.49450 75.57650 74.84260 74.39920 74.15020 74.08840 73.24880 73.40350 74.93410 75.93300 75.31460 74.65010 74.09370 74.07240 74.88980 75.16900 75.87690 75.18090 76.81240 76.80130 75.73530 75.45970 76.53000 76.51620 76.53130 76.50090 76.81920 77.15200 77.17980 77.63430 78.52870 78.33530 77.94020 78.21940 77.83650 77.49150 75.40750 76.28710 75.98470
-9999 -9999 -9999 81.47290 81.22630 80.48550 80.63740 81.29920 81.01810 -9999 80.89230 81.41580 80.74410 79.48250 79.36710 78.76390 79.06580 79.26280 80.42490 81.29760 81.46510 81.97180 80.64370 79.87590 79.34790 80.11260 79.30050 80.45320 79.75220 81.13610 79.32990 77.75500 78.88160 78.94280 77.79630 77.52570 77.66440 76.29330 76.28020 78.04400 78.51820 76.89940 76.40690 75.93180 77.01170 78.33120 79.37800 79.32330 78.66610 80.31610 80.14820 79.09400 79.03570 81.34590 81.03060 81.86010 81.96710 80.92310 81.81200 80.89750 80.11280 81.00470 80.84470 81.21480 81.08240 80.25570 80.49310 78.60340 77.89900 78.34100
-9999 -9999 -9999 82.44350 82.04320 82.13600 82.52710 82.02340 82.12760 82.14110 81.92800 82.45470 82.37510 80.79890 81.02630 82.04110 82.45220 81.37990 81.46910 80.52700 80.05020 81.87620 80.22630 78.78430 79.28920 81.00780 81.46640 82.00490 82.53720 83.42980 81.80970 81.87030 81.90920 82.40560 82.09810 80.66550 81.34610 80.78740 80.19380 80.52780 80.59700 79.35200 78.48870 79.15330 80.32680 80.50970 80.93690 81.58600 81.25050 82.38150 82.39340 82.34440 83.36510 84.33370 82.93410 83.25830 83.30670 84.10210 85.46610 84.91250 84.04940 83.69270 83.88550 84.37870 84.42060 81.81650 81.71510 81.43570 81.45200 82.20620
-9999 -9999 -9999 82.71810 82.42950 83.41330 84.55360 84.01070 83.38590 83.20510 83.22820 84.11550 84.40400 84.39560 85.29870 84.76140 85.32810 84.40020 83.18820 81.86310 82.05010 83.81810 82.71320 81.75890 82.58270 83.68560 83.89430 84.05440 84.35220 85.88390 87.28450 86.69570 85.02540 84.67870 85.37250 84.28280 83.89280 82.47290 82.46210 82.64870 83.17970 81.81720 81.55770 81.20070 81.83780 81.98890 82.36400 83.42390 83.72830 85.33880 86.21430 84.87080 84.54610 85.43840 84.88330 85.60300 85.47280 86.29530 87.29590 87.52930 86.76010 86.15580 86.32010 87.45600 86.44330 85.17380 84.91710 85.42460 86.43290 87.17500
-9999 -9999 -9999 85.25600 84.95580 86.22660 87.54080 87.15870 86.49990 86.48590 85.51060 84.67540 87.21360 88.90120 89.51240 88.64450 88.85870 89.10740 88.42280 86.87950 87.83610 87.59490 88.06230 88.06340 87.33250 87.91770 87.71590 88.56060 89.78520 90.93960 89.40270 86.36810 88.21650 89.62330 89.53750 87.56100 86.13090 85.01920 85.80200 86.86760 87.58130 87.26240 87.87490 87.36100 86.10100 86.75120 87.44240 87.97180 88.57500 89.15530 89.23210 88.30410 88.09030 89.47330 88.99610 88.12940 88.41280 89.40440 90.06570 90.21430 91.47630 89.78090 89.85490 89.90190 90.16110 90.02400 90.28600 89.84830 91.04270 93.21520
-9999 -9999 -9999 86.58570 86.94450 88.18030 87.65620 88.10090 88.67640 88.02590 86.90340 87.68790 89.61970 92.32770 92.62940 92.35650 92.61100 91.84560 89.20410 87.19330 88.53700 89.34760 89.68060 88.51750 88.12570 88.83680 88.19510 88.32570 89.98190 91.62290 91.77550 91.45720 91.32390 91.23780 90.93820 90.78180 90.00590 88.36890 87.99480 88.78820 89.46430 88.64570 89.28670 89.82220 88.49610 88.07890 88.60670 89.34510 89.32640 90.26680 90.36760 89.51710 89.79230 92.23430 90.95960 91.20740 90.55200 91.13200 92.05200 93.39630 93.90880 92.96160 93.02270 95.29030 95.51710 93.97390 94.43470 94.73330 94.98320 93.71560
-9999 -9999 -9999 -9999 89.32510 90.75490 90.29950 92.24190 92.83720 91.86100 90.47050 89.94620 93.16940 91.67870 -9999 -9999 -9999 -9999 -9999 93.12240 93.26850 93.46870 93.54440 92.28750 91.83080 90.56200 88.81070 89.85350 90.97280 89.76240 90.65400 92.34090 92.26160 91.93810 91.29700 91.38590 91.30850 90.44110 90.57160 90.75340 90.39920 91.02110 91.21830 90.61410 90.11390 89.64320 90.32240 91.67620 91.27180 91.68680 91.84050 92.69990 92.53620 95.33640 95.94590 97.26760 97.44520 96.59270 96.38710 94.78590 95.92510 97.71540 98.27500 98.90720 99.10060 99.73300 99.04870 95.98240 94.99840 -9999
-9999 -9999 92.13890 91.29980 91.57230 92.07650 92.63660 94.41670 93.88960 93.73180 92.45660 92.44520 95.56500 -9999 -9999 -9999 -9999 -9999 98.39400 95.87270 95.29140 94.26320 94.12370 93.55460 93.36650 93.47670 91.78620 90.76980 91.50390 90.84100 91.14610 92.85860 93.28650 92.30690 92.30550 93.52710 93.58370 93.16450 92.92110 92.88260 93.22320 93.03780 93.13350 91.62730 91.01060 90.81750 91.40110 91.97680 91.20520 91.90200 92.22820 92.20170 93.26240 94.37170 95.80310 96.55680 97.46810 98.10390 98.79810 96.80280 97.61600 98.61520 99.08840 99.71030 99.85680 100.36200 100.21800 -9999 -9999 -9999
-9999 -9999 95.64430 94.95390 94.17330 94.22750 94.27160 96.25990 95.96170 95.71480 96.77660 97.34050 97.58990 -9999 -9999 -9999 -9999 97.47920 101.17300 98.12110 97.91870 94.24840 94.29360 92.28500 90.86700 90.42270 90.48440 90.92530 89.35360 93.22890 94.13310 94.71010 94.57010 95.51920 96.01500 93.80120 93.64320 94.82110 95.27790 97.10290 97.32140 97.19550 97.35220 96.86830 96.81320 96.09620 95.87070 95.68230 94.89890 94.85400 94.87610 93.44680 93.67710 95.12580 95.77110 96.47300 97.53940 99.44660 100.68400 98.94390 99.21150 100.10500 99.57300 99.74940 99.34580 -9999 -9999 -9999 -9999 -9999
-9999 -9999 97.52220 97.50770 96.82270 96.49730 96.51400 97.58510 97.89210 98.44470 100.17700 100.50400 93.47650 -9999 -9999 -9999 -9999 102.56800 102.13000 100.59000 97.71800 95.43000 94.30850 94.66210 92.62620 92.79940 93.09650 93.15330 92.53590 95.76500 96.93970 96.55680 96.96470 98.92770 98.86710 96.58810 96.68360 98.04800 98.37890 98.05810 98.39260 98.82480 98.47010 99.05180 98.53390 99.09790 99.09920 98.24910 97.65430 97.90890 97.21220 95.85890 96.12430 97.51100 98.50950 98.74120 99.39070 100.24800 100.64600 99.74350 98.50350 99.08970 99.38940 101.71000 104.12600 103.99800 101.67100 100.30300 100.30900 -9999
-9999 -9999 -9999 100.23600 99.87590 99.66230 98.91520 98.83510 100.15700 101.93900 101.75900 97.39670 -9999 -9999 -9999 -9999 103.87900 105.44300 102.34400 98.67710 97.40860 96.53460 96.16720 94.36650 94.50890 94.34230 94.08070 99.45100 99.56900 100.35500 99.25400 99.87670 99.66790 98.43160 98.20360 101.01100 99.99130 98.94590 98.83560 99.81060 99.61230 100.29200 100.27500 100.01600 99.68900 99.75100 99.05780 98.07820 97.43860 97.37570 98.66620 97.54130 97.11730 96.45200 97.66250 101.30800 101.73100 103.52500 103.52400 102.08600 101.56700 100.73300 103.83500 108.83000 111.33000 105.82100 103.09900 104.33900 103.16800 98.68400
-9999 -9999 -9999 -9999 101.84500 101.46300 100.83800 101.95400 103.27100 102.22900 98.57040 -9999 -9999 -9999 -9999 106.15300 106.48800 105.16100 103.48900 99.46130 99.28640 99.37860 96.84050 97.27150 97.34700 96.45310 95.99290 101.58900 102.13000 102.25000 102.03500 101.09500 101.28100 99.51840 100.09700 103.03800 102.32200 101.58800 101.57800 102.62900 102.37000 103.14300 102.59500 100.00800 101.61400 101.54500 100.88300 100.21500 99.52430 99.38920 99.88320 98.76850 99.27840 98.16540 98.30700 102.21900 103.02800 105.16200 105.54300 105.12600 106.48900 106.86500 107.47000 109.21100 110.94000 108.28600 105.20700 104.45600 105.27100 102.69500
-9999 -9999 -9999 -9999 -9999 -9999 105.40600 105.64400 102.91100 102.87600 105.21600 -9999 -9999 -9999 -9999 -9999 106.75000 103.71900 101.86700 101.91100 101.97300 99.98450 100.85800 101.48700 101.22000 101.75300 102.11100 98.66510 98.51600 101.72200 102.10200 103.20000 102.95700 104.57000 104.48000 105.65700 104.78300 103.51500 102.97000 102.84600 102.85900 102.96400 102.76100 104.36900 103.13300 102.72400 102.18500 102.50400 101.88800 102.54400 102.64700 100.56600 101.08300 100.87800 101.56100 102.36700 103.45600 106.98000 107.39700 107.51700 108.76100 109.70700 110.39300 112.88700 113.99100 112.65900 108.03400 106.09200 106.43000 105.06400
-9999 -9999 -9999 -9999 -9999 -9999 -9999 -9999 -9999 -9999 -9999 -9999 -9999 -9999 -9999 -9999 -9999 -9999 -9999 104.68500 104.20100 102.44200 102.13300 103.31400 102.42400 105.78600 104.86100 100.26300 100.39300 103.60600 103.93900 105.47800 106.27000 107.04300 107.07200 107.80100 108.42800 105.82700 105.89000 106.11300 106.46100 106.19800 105.46100 107.11200 106.49400 105.43400 104.58700 104.16100 104.50100 105.13900 105.30300 102.66100 103.47700 102.87000 103.43800 104.54000 104.95400 108.74800 109.49000 109.60600 112.14800 110.65400 111.93300 114.92700 114.87400 111.57400 108.68200 107.89700 108.10100 107.23100
-9999 -9999 -9999 -9999 -9999 -9999 -9999 -9999 -9999 -9999 -9999 -9999 -9999 -9999 -9999 -9999 -9999 -9999 104.40600 109.84000 108.58200 106.57900 103.15100 104.01900 103.82100 103.05900 102.45100 108.39000 108.43500 107.24100 107.38000 108.14900 108.74300 110.78100 110.49500 111.30900 111.90900 110.24500 110.65900 111.40600 111.73700 112.00900 111.67400 112.09400 110.44200 109.26700 108.05900 104.23600 103.52300 104.96800 105.08900 107.25000 107.62600 107.09800 108.10500 109.08300 109.84800 109.52500 110.73600 109.96100 110.11600 111.35900 113.06600 115.44700 116.33300 110.03800 108.35000 109.15200 109.28500 108.04900
-9999 -9999 -9999 -9999 -9999 -9999 -9999 -9999 -9999 -9999 -9999 -9999 -9999 -9999 -9999 -9999 -9999 107.02600 106.98900 110.10700 111.62300 109.38100 109.10800 106.29400 106.00200 105.09500 104.84500 111.28700 111.75900 110.49400 110.49300 110.46700 111.25100 111.93600 113.00300 113.95800 115.13000 114.53500 113.87600 114.27000 113.84600 114.74200 114.18700 114.09700 113.41700 111.48000 110.80100 106.62900 105.80200 106.73000 106.86000 108.80800 109.89500 108.71200 109.28500 110.95900 112.07600 111.42600 111.99500 111.28000 109.91400 112.58200 116.35800 118.86900 113.94900 110.99300 110.75800 111.65000 111.46300 109.54000
-9999 -9999 -9999 -9999 -9999 -9999 -9999 -9999 -9999 -9999 -9999 -9999 -9999 -9999 -9999 -9999 -9999 112.84500 113.53900 113.83200 113.85600 113.61100 111.92000 112.73000 110.88300 108.19400 108.25900 110.44900 111.04200 115.23700 115.23700 112.03800 111.42300 113.49700 114.22500 116.16900 117.12000 117.25300 117.89200 117.52300 116.75200 116.20300 115.61500 115.42800 114.85500 112.11300 111.38100 110.66000 109.68900 108.04900 108.75400 108.90100 110.01500 111.21200 111.68300 112.11100 113.92800 114.70700 114.40700 114.18800 114.74900 116.07600 116.77900 117.29900 119.38700 117.81100 113.78800 114.87700 112.19400 111.82300
-9999 -9999 -9999 -9999 -9999 -9999 -9999 -9999 -9999 -9999 -9999 -9999 -9999 -9999 -9999 -9999 119.41000 118.15700 118.96400 118.09900 116.07000 115.19300 115.07200 115.65400 115.53300 112.42200 112.33200 111.01100 112.98300 113.73200 116.87500 113.89600 113.28200 114.88500 115.22700 117.48600 118.51700 119.35600 120.01000 118.79100 118.40500 118.35700 117.89400 117.38400 116.74700 113.95900 113.84800 113.46800 112.30400 109.30900 108.97300 111.28400 112.29800 113.30200 113.66300 114.03600 114.14200 114.69500 115.55900 116.58700 116.36800 116.81800 118.11300 121.61300 119.64400 118.19500 116.40000 115.89200 112.92700 112.22700
-9999 -9999 -9999 -9999 -9999 -9999 -9999 -9999 -9999 -9999 -9999 -9999 -9999 120.76300 122.59900 119.90500 119.26700 120.04500 118.27600 120.14000 118.05200 116.45600 114.82000 116.42800 115.90400 115.57200 115.68200 110.91400 110.54200 112.07900 112.55800 114.66800 115.03800 116.53700 116.91200 118.12500 118.75900 115.22800 115.61600 119.06100 118.87500 116.32300 115.99500 119.73200 118.90500 117.16800 117.01900 115.91900 115.83800 117.28600 115.52500 114.85600 115.36600 115.63900 115.69100 116.18000 116.06100 117.43700 117.22600 118.06200 118.24300 118.06700 119.07800 116.40100 114.81300 113.98900 113.95700 115.46000 115.61300 116.93700
-9999 -9999 -9999 -9999 -9999 -9999 -9999 -9999 -9999 -9999 -9999 -9999 120.89100 124.36100 125.21900 121.54900 121.72300 120.94800 119.84600 121.76900 120.42400 118.02200 117.97200 118.51900 116.34600 117.94100 119.08500 112.56900 112.61300 117.40800 117.28000 116.40600 116.52700 118.22200 117.67000 118.99200 119.44000 115.61000 115.84300 118.82500 119.76100 117.64400 118.10000 121.44200 120.61500 119.09400 118.82100 117.92000 119.36400 120.95600 120.56000 118.20200 117.97700 118.20200 117.57500 117.28000 117.94400 119.72600 120.17800 120.71900 119.95100 118.20600 117.94300 116.29400 115.36900 115.58000 115.15800 116.83000 117.55200 119.95100
-9999 -9999 -9999 -9999 -9999 -9999 -9999 -9999 -9999 -9999 -9999 129.05499 129.32001 126.55300 125.31000 123.13500 120.99000 122.72800 122.33700 123.64300 121.56900 123.44100 122.49000 120.27000 119.25700 122.00600 121.95500 118.35700 117.21500 118.57600 119.34400 118.20100 118.84500 118.29400 117.84100 120.98700 121.04000 119.21800 117.61400 122.39600 123.62900 120.54400 120.88700 120.05400 118.78600 121.86000 121.64900 119.93000 121.54700 124.98200 123.59600 123.60600 123.23500 121.40300 120.68000 121.31100 121.27300 120.96300 120.17100 119.92600 119.68200 119.31000 119.12500 117.17500 116.20900 115.67100 116.36900 117.94500 119.69800 124.17600
-9999 -9999 -9999 -9999 -9999 -9999 -9999 -9999 -9999 -9999 131.69600 132.44800 131.44000 126.58200 126.81000 123.73300 123.67800 124.73700 124.33500 126.04600 123.57200 124.68000 123.57900 121.10500 123.39900 124.07400 124.05700 120.77300 120.11600 121.33800 122.00700 121.11500 120.20700 121.34100 121.44500 124.00800 123.99500 121.90500 119.74600 123.72900 124.58100 121.97300 122.37400 120.65700 120.48100 123.16800 122.79900 121.78100 122.51000 126.30600 127.40000 125.63100 126.16800 123.97400 123.62600 124.24600 123.41900 122.66800 121.09700 120.88200 121.08800 120.89600 120.99700 118.76000 117.88700 117.46300 117.42800 119.92500 123.11100 128.15500
-9999 -9999 -9999 -9999 -9999 -9999 -9999 -9999 -9999 128.34700 129.34500 131.18800 131.15300 129.99699 129.77000 129.66100 129.77499 125.60400 124.21000 127.78500 126.45500 125.67700 125.01000 123.42200 123.07000 120.14600 119.97200 120.44500 120.52300 124.67800 125.53700 121.78400 122.58300 130.56700 131.43100 130.30800 129.59000 123.75900 122.55500 121.35000 120.88100 113.50600 113.68800 120.09100 121.17800 122.63200 122.29800 122.09200 122.15400 121.76200 123.48500 126.79100 127.35200 124.03100 124.25500 124.58400 123.28200 122.61200 122.33000 121.26100 121.19100 119.90000 119.86000 122.42200 121.42600 121.53900 121.45500 123.63800 126.51600 129.91100
-9999 -9999 -9999 -9999 -9999 -9999 -9999 -9999 -9999 -9999 131.11400 131.62300 132.58701 130.98599 131.27100 131.61099 132.24699 128.25600 126.90300 130.83900 129.66100 126.95900 127.31600 -9999 -9999 -9999 -9999 -9999 -9999 128.10201 128.69800 124.29900 125.14200 133.69800 134.52800 133.40700 131.92999 125.92700 123.93200 120.51900 122.68800 113.84500 114.69900 122.49000 122.91800 125.36800 124.35600 123.78900 123.74700 122.91600 125.02500 128.71001 130.57899 125.92200 125.88200 126.25400 124.95300 124.55400 124.28200 123.41200 123.52400 122.57800 122.85800 125.19100 126.24600 125.59100 127.04100 127.97900 133.86000 135.78300
-9999 -9999 -9999 -9999 -9999 -9999 -9999 -9999 -9999 -9999 -9999 -9999 134.59500 133.36800 134.60400 133.88600 134.11000 134.34399 133.35800 -9999 -9999 -9999 -9999 -9999 -9999 -9999 -9999 -9999 -9999 -9999 -9999 -9999 -9999 136.42799 137.31799 134.46600 133.35500 126.75900 121.44900 122.11500 121.81600 123.06400 122.96800 127.08300 126.52100 128.51199 128.20700 126.10100 126.35600 128.91000 130.42900 130.23700 131.58501 130.70900 128.73801 129.56300 128.27000 129.43300 129.03101 127.81000 127.90600 128.84300 128.98100 128.70900 128.00500 128.77699 130.35699 133.51900 135.97200 135.31599
-9999 -9999 -9999 -9999 -9999 -9999 -9999 -9999 -9999 -9999 -9999 -9999 -9999 -9999 -9999 -9999 -9999 -9999 -9999 -9999 -9999 -9999 -9999 -9999 -9999 -9999 -9999 -9999 -9999 -9999 -9999 -9999 -9999 -9999 138.75700 135.70100 134.06100 128.03200 126.82300 124.17700 125.36100 125.02600 125.40300 129.10400 129.74300 130.73500 130.87000 128.51700 129.03101 131.53799 133.04900 132.06599 132.64400 131.46300 130.46600 132.08800 131.88300 133.28500 132.94800 131.12000 131.26801 131.39301 131.69200 130.99300 130.44501 132.16299 134.98000 138.87700 141.42500 139.09500
