data/hydroclimate-scenarios/BCSD_hadcm_A1B/monthly_summaries/isr_monthly_avg_sep.2030-2059.asc
ncols	311
nrows	91
xllcenter	102.75
yllcenter	31.75
cellsize	0.5
NODATA_value	-9999
[rows 0 to 30 of 91, columns 70 to 139 of 311]
-9999 -9999 -9999 -9999 -9999 -9999 -9999 -9999 -9999 -9999 -9999 -9999 -9999 -9999 -9999 -9999 -9999 -9999 -9999 -9999 -9999 -9999 -9999 -9999 -9999 -9999 -9999 -9999 -9999 -9999 -9999 -9999 -9999 -9999 -9999 -9999 -9999 -9999 -9999 -9999 -9999 -9999 -9999 -9999 -9999 -9999 -9999 -9999 -9999 -9999 -9999 -9999 -9999 -9999 -9999 -9999 -9999 -9999 -9999 -9999 -9999 -9999 -9999 -9999 -9999 -9999 -9999 -9999 -9999 -9999
-9999 -9999 -9999 -9999 -9999 -9999 -9999 -9999 -9999 -9999 -9999 -9999 -9999 -9999 -9999 -9999 -9999 -9999 -9999 -9999 -9999 -9999 -9999 -9999 -9999 -9999 -9999 -9999 -9999 -9999 -9999 -9999 -9999 -9999 -9999 -9999 -9999 -9999 -9999 -9999 -9999 -9999 -9999 -9999 -9999 -9999 -9999 -9999 -9999 -9999 -9999 -9999 -9999 -9999 -9999 -9999 -9999 -9999 -9999 -9999 -9999 -9999 -9999 -9999 -9999 -9999 -9999 -9999 -9999 -9999
-9999 -9999 -9999 -9999 -9999 -9999 -9999 -9999 -9999 -9999 -9999 -9999 -9999 -9999 -9999 -9999 -9999 -9999 -9999 -9999 -9999 -9999 -9999 -9999 -9999 -9999 -9999 -9999 -9999 -9999 -9999 -9999 -9999 -9999 -9999 -9999 -9999 -9999 -9999 -9999 -9999 -9999 -9999 -9999 -9999 -9999 -9999 -9999 -9999 -9999 -9999 -9999 -9999 -9999 -9999 -9999 -9999 -9999 -9999 -9999 -9999 -9999 -9999 -9999 -9999 -9999 -9999 -9999 -9999 -9999
-9999 -9999 -9999 -9999 -9999 -9999 -9999 -9999 -9999 -9999 -9999 -9999 -9999 -9999 -9999 -9999 -9999 -9999 -9999 -9999 -9999 -9999 -9999 -9999 -9999 -9999 -9999 -9999 -9999 -9999 -9999 -9999 -9999 -9999 -9999 -9999 -9999 -9999 -9999 -9999 -9999 -9999 -9999 -9999 -9999 -9999 -9999 -9999 -9999 -9999 -9999 -9999 -9999 -9999 -9999 -9999 -9999 -9999 -9999 -9999 -9999 -9999 -9999 -9999 -9999 -9999 -9999 -9999 -9999 -9999
-9999 -9999 -9999 -9999 -9999 -9999 -9999 -9999 -9999 -9999 -9999 -9999 -9999 -9999 -9999 -9999 -9999 -9999 -9999 -9999 -9999 -9999 -9999 -9999 -9999 -9999 -9999 -9999 -9999 -9999 -9999 -9999 -9999 -9999 -9999 -9999 -9999 -9999 -9999 -9999 -9999 -9999 -9999 -9999 -9999 -9999 -9999 -9999 -9999 -9999 -9999 -9999 -9999 -9999 -9999 -9999 -9999 -9999 -9999 -9999 -9999 -9999 -9999 -9999 -9999 -9999 -9999 -9999 -9999 -9999
-9999 -9999 -9999 -9999 -9999 -9999 -9999 -9999 -9999 -9999 -9999 -9999 -9999 -9999 -9999 -9999 -9999 -9999 -9999 -9999 -9999 -9999 -9999 -9999 -9999 -9999 -9999 -9999 -9999 -9999 -9999 -9999 -9999 -9999 -9999 -9999 -9999 -9999 -9999 -9999 -9999 -9999 -9999 -9999 -9999 -9999 -9999 -9999 -9999 -9999 -9999 -9999 -9999 -9999 -9999 -9999 -9999 -9999 -9999 -9999 -9999 -9999 -9999 -9999 -9999 -9999 -9999 -9999 -9999 -9999
-9999 -9999 -9999 -9999 -9999 -9999 -9999 -9999 -9999 -9999 -9999 -9999 -9999 -9999 -9999 -9999 -9999 -9999 -9999 -9999 -9999 -9999 -9999 -9999 -9999 -9999 -9999 -9999 -9999 -9999 -9999 -9999 -9999 -9999 -9999 -9999 -9999 -9999 -9999 -9999 -9999 -9999 -9999 -9999 -9999 -9999 -9999 -9999 -9999 -9999 -9999 -9999 -9999 -9999 -9999 -9999 -9999 -9999 -9999 -9999 -9999 -9999 -9999 -9999 -9999 -9999 -9999 -9999 -9999 -9999
-9999 -9999 -9999 -9999 -9999 -9999 -9999 -9999 -9999 -9999 -9999 -9999 -9999 -9999 -9999 -9999 -9999 -9999 -9999 -9999 -9999 -9999 -9999 -9999 -9999 -9999 -9999 -9999 -9999 -9999 -9999 -9999 -9999 -9999 -9999 -9999 -9999 -9999 -9999 -9999 -9999 -9999 -9999 -9999 -9999 -9999 -9999 -9999 -9999 -9999 -9999 -9999 -9999 -9999 -9999 -9999 -9999 -9999 -9999 -9999 -9999 -9999 -9999 -9999 -9999 -9999 -9999 -9999 -9999 -9999
-9999 -9999 -9999 -9999 -9999 -9999 -9999 58.27160 -9999 -9999 -9999 -9999 -9999 -9999 -9999 -9999 -9999 -9999 -9999 -9999 -9999 -9999 -9999 -9999 -9999 -9999 -9999 -9999 -9999 -9999 -9999 -9999 -9999 -9999 -9999 -9999 -9999 -9999 -9999 -9999 -9999 -9999 -9999 -9999 -9999 -9999 -9999 -9999 -9999 -9999 -9999 -9999 -9999 -9999 -9999 -9999 -9999 -9999 -9999 -9999 -9999 -9999 -9999 -9999 -9999 -9999 -9999 -9999 -9999 -9999
-9999 -9999 -9999 60.73160 58.83130 59.36530 59.71030 60.94030 60.71860 61.26050 60.66800 59.15790 59.05330 56.63380 56.21900 55.18050 55.16580 54.23590 54.16690 55.15810 54.44180 54.03960 54.53120 -9999 -9999 -9999 -9999 -9999 -9999 -9999 -9999 -9999 -9999 -9999 -9999 -9999 -9999 -9999 -9999 -9999 -9999 -9999 -9999 -9999 -9999 -9999 -9999 -9999 -9999 -9999 -9999 -9999 -9999 -9999 -9999 -9999 -9999 -9999 -9999 -9999 -9999 -9999 -9999 -9999 -9999 -9999 -9999 -9999 -9999 -9999
-9999 -9999 -9999 -9999 -9999 65.74960 65.63140 65.42490 65.19200 63.55530 63.26010 62.85520 62.69550 61.15530 60.82430 59.68590 59.46670 59.01380 58.64260 58.94470 58.54730 58.28860 58.32340 -9999 -9999 -9999 -9999 -9999 -9999 -9999 -9999 -9999 -9999 -9999 -9999 -9999 -9999 -9999 -9999 -9999 -9999 -9999 -9999 -9999 -9999 -9999 -9999 -9999 -9999 -9999 -9999 -9999 -9999 -9999 -9999 -9999 -9999 -9999 -9999 -9999 -9999 -9999 -9999 -9999 -9999 -9999 -9999 -9999 -9999 -9999
66.05770 66.03640 65.77490 65.81650 66.19870 67.74480 67.93740 67.21370 67.32080 66.13610 65.78370 64.92310 64.80800 63.16090 63.12500 62.01900 61.62910 61.36530 60.73390 61.04290 60.31820 60.30990 60.60410 61.98820 61.80160 61.92470 61.87640 63.00670 62.73140 -9999 -9999 -9999 -9999 -9999 -9999 -9999 -9999 -9999 -9999 -9999 -9999 -9999 -9999 -9999 -9999 -9999 -9999 -9999 -9999 -9999 -9999 -9999 -9999 -9999 -9999 -9999 -9999 -9999 -9999 -9999 -9999 -9999 -9999 -9999 -9999 -9999 -9999 -9999 -9999 -9999
70.20440 69.36910 69.11040 68.89280 69.13730 69.56970 69.38880 69.25180 69.46560 68.42260 67.55140 67.47210 67.49000 66.48720 65.88980 65.70780 64.80620 64.97410 64.44280 63.02220 63.02150 62.93670 63.88670 64.90800 65.17360 65.29050 65.48990 65.48510 65.90800 65.82980 65.81310 66.39180 66.75210 66.80170 66.77590 67.11600 67.43500 67.75290 67.66820 67.12980 67.25820 66.75140 67.26160 67.81170 -9999 -9999 -9999 -9999 -9999 -9999 -9999 -9999 -9999 -9999 -9999 -9999 -9999 -9999 -9999 -9999 -9999 -9999 -9999 -9999 -9999 -9999 -9999 -9999 -9999 -9999
73.54270 72.00100 72.71370 72.74010 73.13630 73.12100 72.66630 71.92440 72.06140 71.01170 70.26500 70.34690 70.14580 69.00260 68.51470 68.20410 67.36040 67.45690 66.58530 66.04350 65.77880 65.54250 68.08280 68.33110 68.18470 68.40950 68.04620 68.32560 68.24750 68.65140 69.26400 69.50140 69.08050 69.49850 69.26970 69.87150 69.87410 70.08670 70.27090 69.60130 69.12280 69.28580 69.22940 69.82570 70.08090 -9999 -9999 -9999 -9999 -9999 -9999 -9999 -9999 -9999 -9999 -9999 -9999 -9999 -9999 -9999 -9999 -9999 -9999 -9999 -9999 -9999 -9999 -9999 -9999 -9999
80.16070 78.38250 78.70750 78.86900 81.57320 79.25210 78.59220 78.37990 77.54050 77.45070 74.75590 74.24320 72.87600 70.67220 69.94840 69.16960 68.67590 68.72990 68.12950 69.30850 69.16860 69.87050 69.83580 70.38710 70.77250 70.98780 72.23060 70.41810 69.94180 70.04310 70.90550 70.61240 70.49730 70.42270 70.31390 71.63730 71.91560 71.79300 71.94690 73.19240 73.40310 72.98160 72.63490 70.93170 70.97580 -9999 -9999 -9999 -9999 -9999 -9999 -9999 -9999 -9999 -9999 -9999 -9999 -9999 -9999 -9999 71.07910 70.28280 -9999 -9999 -9999 -9999 70.43950 71.36920 72.32370 71.65530
82.02710 81.23820 81.58770 82.25940 83.70890 80.57340 78.99110 79.79950 80.51490 78.75850 78.83790 75.35710 74.69880 73.30680 72.97040 72.62980 71.75020 71.85900 70.97590 71.57550 71.39550 72.57150 72.89720 73.17400 71.96170 72.32040 72.15970 72.59720 72.36280 72.37270 72.65220 72.99190 72.91070 72.72720 72.85440 74.33370 74.32080 74.38070 73.99360 75.42900 75.56110 75.59770 75.72180 73.93680 74.11360 74.00260 74.37460 73.29460 73.91530 75.56820 77.27080 76.31490 76.81310 76.79990 75.87560 76.12270 76.18480 74.43060 74.33880 74.24410 73.78500 72.50060 -9999 -9999 -9999 -9999 -9999 72.24100 72.42520 73.57440
86.28980 87.44570 83.65170 85.56290 87.57360 85.35660 83.33040 83.58040 82.59130 78.91980 77.63180 76.76810 77.00010 75.35960 75.07640 73.86180 73.09350 73.61220 73.47330 73.13850 73.14610 73.81270 74.05660 74.18180 74.11050 74.92960 74.95280 74.69160 74.70550 74.87110 74.93200 75.73120 75.99520 75.59510 75.34530 75.35240 75.43060 75.79180 76.01700 76.69740 76.18870 75.94670 75.67560 76.19770 76.19420 76.89240 76.98330 76.89490 76.82350 79.07400 79.91130 79.43900 78.70870 79.24490 82.93110 84.20910 81.77020 82.06380 82.31190 81.33010 79.76190 79.27020 78.77080 77.09950 76.10370 76.19460 76.09300 75.30480 74.68350 75.79150
86.82160 91.26270 102.44100 85.50900 91.77100 93.64620 90.33820 87.43750 87.79780 80.80160 80.28160 79.53100 79.38600 77.88330 77.84190 76.04340 75.65460 76.44950 76.42120 76.25660 77.26630 77.77340 77.18690 76.78720 77.13130 77.32010 77.21980 76.98960 77.27930 77.36900 77.84800 78.39380 78.24750 77.30220 77.18870 77.89590 77.93290 78.35660 78.45050 79.11460 78.63520 78.60290 79.34460 78.71310 78.97730 79.39810 79.06200 79.01970 79.19520 79.11250 80.48510 81.84830 80.51000 81.66810 81.87920 83.51980 86.00680 86.84520 85.79150 86.33930 86.48580 84.00490 87.58090 83.12540 80.49380 79.54400 79.09730 78.48020 77.99910 78.74480
97.36930 97.52340 103.97200 94.74030 87.61520 89.55340 87.27220 85.95770 88.33370 86.60710 85.56770 84.27640 83.20710 80.88850 80.90410 80.48890 80.35840 80.04930 79.63880 80.13680 82.95220 82.90600 81.82270 81.86970 80.49400 80.19810 79.49490 79.89840 79.91390 80.55010 79.95020 81.12010 80.87820 80.22080 80.08170 80.71330 80.76650 80.85400 80.76210 81.69420 82.39050 82.35150 81.70660 83.46890 84.27930 83.50080 81.69070 80.58300 80.35770 79.77960 80.92740 83.06080 83.72910 84.43680 84.70000 84.95450 84.85430 84.59740 87.42520 87.97870 89.27180 92.15920 93.12420 93.76930 88.62050 87.50740 85.71910 84.57070 83.64780 83.23310
91.54230 97.77140 102.58600 101.87800 100.70700 94.32540 90.48100 90.20490 91.49330 92.32490 89.40840 94.14860 93.00040 89.25570 85.52160 84.42800 83.60620 82.64410 82.58050 82.99250 84.25010 86.28820 84.27760 83.79400 83.14800 82.47340 81.67600 82.58000 82.36070 82.57720 83.15040 83.32880 83.25230 84.01600 83.39160 83.81500 83.90150 84.13100 84.39360 85.32070 86.21600 86.72560 85.30800 84.85450 85.53210 86.43980 86.79090 85.51730 83.85360 83.22600 84.58710 85.98080 86.53420 87.22810 86.22480 88.26520 89.96710 90.29360 93.08990 90.89730 89.17570 91.70000 91.27790 90.03100 92.51330 95.37730 91.62850 91.82250 88.74230 87.42910
95.04060 98.88490 102.74200 105.24300 108.56700 109.71100 97.67890 94.62300 93.65650 93.88970 92.21060 95.50670 100.95700 102.56300 106.17100 96.01970 90.57490 88.14590 86.21900 85.10710 84.73150 84.94660 85.04620 85.57890 85.12730 84.74680 84.95690 85.22960 85.08750 85.54100 86.15050 86.69000 87.55710 87.15940 86.89930 85.70820 86.92650 87.32190 88.42950 87.47970 87.40860 88.01220 88.09390 86.96460 86.54690 87.20140 86.04190 86.82170 86.22480 85.15950 84.59870 84.35040 85.67110 87.24600 87.31740 88.40070 89.26730 92.03550 93.81350 92.52180 96.02090 95.43960 94.32500 92.70970 92.49990 92.01500 92.35990 91.33680 91.00280 89.22410
104.57500 109.70600 109.20000 112.76900 113.69100 113.05100 110.82900 109.36300 104.83500 101.07400 96.89210 94.63280 97.10030 97.77080 99.64070 103.77000 104.04700 101.03800 98.37710 93.32700 90.96890 89.11260 88.71140 88.46650 88.30910 87.36070 87.24190 87.54780 87.82680 89.49210 89.87580 89.90350 92.72710 92.63390 92.12530 91.59350 91.15730 90.76060 91.20900 90.18960 90.56860 90.95930 90.20430 89.33040 90.55510 89.69510 90.94380 91.14760 91.44540 90.32220 89.61340 90.93710 90.35520 93.22240 93.59550 93.80460 93.62260 96.93100 94.77070 94.22700 97.22500 96.47280 95.99970 95.23980 93.06330 92.84580 93.76050 94.88430 93.17200 89.82670
104.30500 104.38500 108.84800 112.60100 111.11400 113.21800 113.55900 111.24700 107.59600 105.68100 102.17800 101.80300 101.55100 101.00600 99.58150 99.31430 99.13510 100.21100 103.15800 104.80400 101.87500 100.20700 98.05370 94.32340 92.10530 92.18670 91.81580 90.57920 92.26720 94.52920 94.91430 94.64180 95.48330 96.69680 95.19340 96.23510 92.98620 92.43810 93.43960 94.76570 94.17990 91.79230 90.66830 91.37150 92.21170 93.55850 94.87790 91.43950 89.87570 90.15250 92.03750 95.42040 93.79640 99.03590 103.00700 100.60800 104.21900 98.65820 102.02400 98.09750 96.75690 96.56490 95.60270 95.62730 95.39850 96.16370 94.35240 92.58590 91.81420 92.24650
109.03800 106.87900 107.47900 108.95300 107.14800 111.81400 114.64300 114.20000 114.64700 113.48700 107.54200 104.83400 111.80000 110.77600 106.99800 111.19000 159.11900 113.56600 98.98550 104.48200 133.49300 110.49800 106.82100 102.70100 94.95970 94.86860 94.46600 93.26580 94.74400 96.64800 96.73970 97.79560 98.24610 97.20150 97.12390 94.71300 94.73940 96.18020 95.95070 96.20780 97.18690 97.29440 95.52720 95.09820 96.11250 92.73630 92.51210 90.73520 92.37590 93.89770 94.43690 97.85700 95.95530 100.11500 100.42900 103.75300 105.43300 102.81900 103.10500 98.76290 98.09450 96.36450 96.21300 98.56650 99.02100 95.56910 94.68580 93.74750 92.30330 92.08020
111.40700 109.45500 108.67400 108.80300 108.25100 111.06900 110.96600 111.42800 112.09300 110.44800 110.90100 110.66500 110.80600 110.85000 109.38700 112.62000 112.63500 162.36301 113.10100 108.34600 106.25400 106.84800 106.30100 104.32000 101.88100 99.06110 96.99870 97.40360 97.49920 99.46050 99.61760 98.33440 97.83550 98.73690 99.02950 97.79720 96.95620 97.33220 97.27540 98.03760 99.30740 99.37750 99.67590 99.59100 98.49700 92.89730 92.21110 92.07030 93.25910 94.42260 96.79650 100.94400 98.69360 100.63100 103.91300 101.96900 100.89000 100.93500 100.33500 102.37900 100.69400 99.04220 98.22800 98.14710 96.97960 96.27310 95.85790 94.87490 94.89730 96.22110
113.76600 112.13500 112.67800 113.96500 113.59600 114.15100 111.58600 111.97900 110.51200 110.84400 110.12200 114.30300 116.92200 114.53900 110.59600 110.33500 112.51300 114.39500 114.23900 119.04300 113.36100 109.81800 106.38100 103.74100 104.10700 105.17600 103.84400 101.47500 101.18200 103.10800 103.77500 100.91400 100.76500 99.94240 100.70100 100.56900 101.57400 101.56600 103.25400 101.68600 104.33100 106.22300 103.07500 102.15200 104.96100 100.18700 97.14440 95.27370 95.74390 94.62270 97.16940 101.58700 98.40770 99.93370 99.31190 98.87810 100.52400 101.30000 102.04000 101.32300 102.20300 101.05600 101.03700 100.63700 100.06800 99.28200 98.74720 97.68140 97.27060 97.81620
113.67200 115.19500 117.93600 120.33700 120.92700 118.80300 117.89600 115.32500 114.74900 112.48900 115.40800 115.82400 116.63400 121.94300 117.97300 113.03300 111.79300 114.82700 116.43300 117.09200 116.32300 113.13400 111.35700 110.88600 108.42000 107.66600 106.17400 107.66400 105.95400 104.76600 105.97100 102.92900 103.55400 102.01100 105.91000 104.71100 102.31000 103.65400 106.08000 106.09400 105.42400 108.36600 109.23300 108.51200 106.58600 105.48100 105.01000 104.11500 104.98400 104.66900 105.29800 105.27300 105.32200 104.52800 104.73000 103.98300 103.95800 103.80100 102.00600 102.11800 100.67300 100.63400 101.75100 102.92200 102.52000 102.25800 101.23400 101.05200 100.68900 102.22100
114.64300 114.39200 117.08900 123.72900 142.78799 124.07000 119.22800 118.37600 116.16400 115.94800 114.90900 114.53300 115.00600 118.24900 120.84900 117.33200 116.21300 118.22200 115.42500 114.02500 113.05100 118.24200 112.97100 111.96000 110.47200 109.14200 110.63400 113.27700 110.52500 108.83000 107.45700 108.52300 107.03700 105.87900 108.01200 108.61300 105.77600 106.17100 107.51400 110.86400 110.28600 110.22900 111.35700 109.46000 109.77000 107.68300 107.19700 104.41400 106.36100 107.76100 107.32100 105.96100 106.40100 105.80200 104.47200 104.25900 103.65100 103.96400 103.38500 102.42500 102.03200 103.02700 104.08200 105.69800 105.61800 107.68100 106.52200 106.05200 104.84100 104.80600
114.97000 117.55600 117.54800 123.64700 170.94600 166.92400 173.01500 160.66200 122.06100 121.63500 120.57500 117.57200 118.98400 118.77100 119.54900 122.98300 119.53100 116.47100 114.37100 114.76300 114.42500 113.37300 114.77100 114.24000 112.21500 109.43400 108.56400 110.69000 110.46100 106.86300 107.60300 107.41900 107.85900 108.15400 109.38000 109.53800 109.53100 106.51100 108.74500 110.86100 113.80100 110.23800 110.32800 110.37600 107.08100 106.51700 104.77200 104.21700 103.76400 103.43600 103.66100 104.56900 105.17300 104.63700 105.12000 104.24400 103.59200 102.53700 102.10600 102.64200 103.22300 105.38000 105.70500 107.67200 112.17300 115.04000 113.17000 112.36200 110.96400 106.96000
117.17900 116.02900 118.45800 124.20300 123.43200 135.99600 160.21201 177.66299 175.33099 125.60400 127.28100 127.31400 124.04900 123.44800 125.12500 124.12800 121.18600 120.34500 119.07100 116.18900 115.07400 115.02900 116.62400 121.44000 114.43200 112.43200 111.59300 114.56100 113.56200 111.79200 112.86500 110.80700 110.42500 111.95500 112.25000 112.88700 110.41400 109.84500 109.60300 111.43200 111.49500 111.12500 107.49700 108.42700 107.40100 104.24100 103.09400 105.47900 106.36300 106.86700 105.78000 -9999 -9999 106.66900 106.01600 103.65600 104.38700 104.14900 103.70000 104.64100 106.29900 107.80600 111.40900 118.51600 166.05701 165.68800 165.93300 164.45599 163.90300 113.35300
125.69100 127.02400 124.61000 125.18600 127.40200 127.95900 126.67600 178.14900 127.16300 129.11501 158.08600 178.96001 127.83000 130.50301 129.63200 125.78000 123.47500 123.40100 121.06000 118.49800 119.45000 117.93500 116.71300 116.71300 116.73900 119.02400 115.54700 115.10600 114.04700 114.98100 114.93600 115.38200 111.71900 112.87700 115.37800 115.34900 114.85500 110.85500 107.22200 105.14300 -9999 -9999 -9999 -9999 103.45000 -9999 110.77100 114.39700 112.41100 111.19800 108.58400 -9999 -9999 109.73900 109.03300 108.90500 108.33600 106.96100 108.04100 109.44700 110.36700 112.43000 115.70200 118.89100 160.41400 116.96400 169.49400 169.85400 168.31900 114.46600
