data/hydroclimate-scenarios/BCSD_hadcm_A1B/monthly_summaries/isr_monthly_avg_mar.2030-2059.asc
ncols	311
nrows	91
xllcenter	102.75
yllcenter	31.75
cellsize	0.5
NODATA_value	-9999
[rows 0 to 30 of 91, columns 70 to 139 of 311]
-9999 -9999 -9999 -9999 -9999 -9999 -9999 -9999 -9999 -9999 -9999 -9999 -9999 -9999 -9999 -9999 -9999 -9999 -9999 -9999 -9999 -9999 -9999 -9999 -9999 -9999 -9999 -9999 -9999 -9999 -9999 -9999 -9999 -9999 -9999 -9999 -9999 -9999 -9999 -9999 -9999 -9999 -9999 -9999 -9999 -9999 -9999 -9999 -9999 -9999 -9999 -9999 -9999 -9999 -9999 -9999 -9999 -9999 -9999 -9999 -9999 -9999 -9999 -9999 -9999 -9999 -9999 -9999 -9999 -9999
-9999 -9999 -9999 -9999 -9999 -9999 -9999 -9999 -9999 -9999 -9999 -9999 -9999 -9999 -9999 -9999 -9999 -9999 -9999 -9999 -9999 -9999 -9999 -9999 -9999 -9999 -9999 -9999 -9999 -9999 -9999 -9999 -9999 -9999 -9999 -9999 -9999 -9999 -9999 -9999 -9999 -9999 -9999 -9999 -9999 -9999 -9999 -9999 -9999 -9999 -9999 -9999 -9999 -9999 -9999 -9999 -9999 -9999 -9999 -9999 -9999 -9999 -9999 -9999 -9999 -9999 -9999 -9999 -9999 -9999
-9999 -9999 -9999 -9999 -9999 -9999 -9999 -9999 -9999 -9999 -9999 -9999 -9999 -9999 -9999 -9999 -9999 -9999 -9999 -9999 -9999 -9999 -9999 -9999 -9999 -9999 -9999 -9999 -9999 -9999 -9999 -9999 -9999 -9999 -9999 -9999 -9999 -9999 -9999 -9999 -9999 -9999 -9999 -9999 -9999 -9999 -9999 -9999 -9999 -9999 -9999 -9999 -9999 -9999 -9999 -9999 -9999 -9999 -9999 -9999 -9999 -9999 -9999 -9999 -9999 -9999 -9999 -9999 -9999 -9999
-9999 -9999 -9999 -9999 -9999 -9999 -9999 -9999 -9999 -9999 -9999 -9999 -9999 -9999 -9999 -9999 -9999 -9999 -9999 -9999 -9999 -9999 -9999 -9999 -9999 -9999 -9999 -9999 -9999 -9999 -9999 -9999 -9999 -9999 -9999 -9999 -9999 -9999 -9999 -9999 -9999 -9999 -9999 -9999 -9999 -9999 -9999 -9999 -9999 -9999 -9999 -9999 -9999 -9999 -9999 -9999 -9999 -9999 -9999 -9999 -9999 -9999 -9999 -9999 -9999 -9999 -9999 -9999 -9999 -9999
-9999 -9999 -9999 -9999 -9999 -9999 -9999 -9999 -9999 -9999 -9999 -9999 -9999 -9999 -9999 -9999 -9999 -9999 -9999 -9999 -9999 -9999 -9999 -9999 -9999 -9999 -9999 -9999 -9999 -9999 -9999 -9999 -9999 -9999 -9999 -9999 -9999 -9999 -9999 -9999 -9999 -9999 -9999 -9999 -9999 -9999 -9999 -9999 -9999 -9999 -9999 -9999 -9999 -9999 -9999 -9999 -9999 -9999 -9999 -9999 -9999 -9999 -9999 -9999 -9999 -9999 -9999 -9999 -9999 -9999
-9999 -9999 -9999 -9999 -9999 -9999 -9999 -9999 -9999 -9999 -9999 -9999 -9999 -9999 -9999 -9999 -9999 -9999 -9999 -9999 -9999 -9999 -9999 -9999 -9999 -9999 -9999 -9999 -9999 -9999 -9999 -9999 -9999 -9999 -9999 -9999 -9999 -9999 -9999 -9999 -9999 -9999 -9999 -9999 -9999 -9999 -9999 -9999 -9999 -9999 -9999 -9999 -9999 -9999 -9999 -9999 -9999 -9999 -9999 -9999 -9999 -9999 -9999 -9999 -9999 -9999 -9999 -9999 -9999 -9999
-9999 -9999 -9999 -9999 -9999 -9999 -9999 -9999 -9999 -9999 -9999 -9999 -9999 -9999 -9999 -9999 -9999 -9999 -9999 -9999 -9999 -9999 -9999 -9999 -9999 -9999 -9999 -9999 -9999 -9999 -9999 -9999 -9999 -9999 -9999 -9999 -9999 -9999 -9999 -9999 -9999 -9999 -9999 -9999 -9999 -9999 -9999 -9999 -9999 -9999 -9999 -9999 -9999 -9999 -9999 -9999 -9999 -9999 -9999 -9999 -9999 -9999 -9999 -9999 -9999 -9999 -9999 -9999 -9999 -9999
-9999 -9999 -9999 -9999 -9999 -9999 -9999 -9999 -9999 -9999 -9999 -9999 -9999 -9999 -9999 -9999 -9999 -9999 -9999 -9999 -9999 -9999 -9999 -9999 -9999 -9999 -9999 -9999 -9999 -9999 -9999 -9999 -9999 -9999 -9999 -9999 -9999 -9999 -9999 -9999 -9999 -9999 -9999 -9999 -9999 -9999 -9999 -9999 -9999 -9999 -9999 -9999 -9999 -9999 -9999 -9999 -9999 -9999 -9999 -9999 -9999 -9999 -9999 -9999 -9999 -9999 -9999 -9999 -9999 -9999
-9999 -9999 -9999 -9999 -9999 -9999 -9999 70.83230 -9999 -9999 -9999 -9999 -9999 -9999 -9999 -9999 -9999 -9999 -9999 -9999 -9999 -9999 -9999 -9999 -9999 -9999 -9999 -9999 -9999 -9999 -9999 -9999 -9999 -9999 -9999 -9999 -9999 -9999 -9999 -9999 -9999 -9999 -9999 -9999 -9999 -9999 -9999 -9999 -9999 -9999 -9999 -9999 -9999 -9999 -9999 -9999 -9999 -9999 -9999 -9999 -9999 -9999 -9999 -9999 -9999 -9999 -9999 -9999 -9999 -9999
-9999 -9999 -9999 73.26270 71.76270 72.24570 72.60700 73.38250 74.19580 75.10990 76.16060 76.33580 76.59830 75.25730 75.39560 74.96700 74.64650 75.13920 74.96760 75.14060 74.90070 73.38310 73.42780 -9999 -9999 -9999 -9999 -9999 -9999 -9999 -9999 -9999 -9999 -9999 -9999 -9999 -9999 -9999 -9999 -9999 -9999 -9999 -9999 -9999 -9999 -9999 -9999 -9999 -9999 -9999 -9999 -9999 -9999 -9999 -9999 -9999 -9999 -9999 -9999 -9999 -9999 -9999 -9999 -9999 -9999 -9999 -9999 -9999 -9999 -9999
-9999 -9999 -9999 -9999 -9999 75.12710 75.67440 76.91220 77.07810 78.57560 78.85360 78.93090 79.61020 79.48310 79.64660 79.13040 79.21600 79.70930 79.19170 79.55140 79.31000 78.24800 78.11610 -9999 -9999 -9999 -9999 -9999 -9999 -9999 -9999 -9999 -9999 -9999 -9999 -9999 -9999 -9999 -9999 -9999 -9999 -9999 -9999 -9999 -9999 -9999 -9999 -9999 -9999 -9999 -9999 -9999 -9999 -9999 -9999 -9999 -9999 -9999 -9999 -9999 -9999 -9999 -9999 -9999 -9999 -9999 -9999 -9999 -9999 -9999
79.69130 78.59680 78.41060 78.63400 78.79520 78.12820 78.29010 79.85250 80.08210 81.14090 81.41180 81.89880 82.18440 81.96650 82.20640 81.93990 81.66750 82.12330 82.31900 82.11620 81.84760 80.65240 80.84430 81.43460 81.66270 82.15280 82.19050 82.05010 82.05450 -9999 -9999 -9999 -9999 -9999 -9999 -9999 -9999 -9999 -9999 -9999 -9999 -9999 -9999 -9999 -9999 -9999 -9999 -9999 -9999 -9999 -9999 -9999 -9999 -9999 -9999 -9999 -9999 -9999 -9999 -9999 -9999 -9999 -9999 -9999 -9999 -9999 -9999 -9999 -9999 -9999
82.84000 82.83160 82.53080 81.21700 81.16300 81.51490 82.24190 82.33670 82.89350 83.58030 84.09400 85.09260 85.07850 85.64250 85.89370 84.26140 84.88500 85.70390 85.07990 84.96980 84.43230 83.62640 83.81930 84.54520 84.63390 84.82720 84.56500 84.75650 84.20640 83.41590 83.24150 83.12810 83.15810 82.75820 82.61590 82.82060 82.55000 81.44200 81.26190 81.34070 80.93270 81.35330 81.30050 78.81490 -9999 -9999 -9999 -9999 -9999 -9999 -9999 -9999 -9999 -9999 -9999 -9999 -9999 -9999 -9999 -9999 -9999 -9999 -9999 -9999 -9999 -9999 -9999 -9999 -9999 -9999
85.67380 85.73580 85.50270 84.28080 84.31810 84.64620 84.83400 84.71320 85.21990 86.45610 86.93910 88.16220 88.42950 88.37150 88.70410 87.20490 87.21970 88.46250 88.29820 87.37180 87.52440 86.97970 86.98800 87.45190 87.61220 87.64460 87.65770 87.73260 87.66440 86.74290 86.79700 86.84480 86.73160 85.42430 84.84630 85.98020 85.65300 84.84930 84.37270 84.15530 83.74370 84.63520 84.30410 81.60630 81.47180 -9999 -9999 -9999 -9999 -9999 -9999 -9999 -9999 -9999 -9999 -9999 -9999 -9999 -9999 -9999 -9999 -9999 -9999 -9999 -9999 -9999 -9999 -9999 -9999 -9999
89.60430 89.38890 89.16250 87.94910 88.22810 88.38960 88.15010 88.50550 88.35960 89.60000 89.67110 90.49540 90.50930 89.88280 89.88550 90.16980 90.21510 90.13040 89.56410 88.79670 89.14490 87.37580 87.62950 88.16520 88.25950 88.34100 88.41500 89.59040 89.25230 89.69420 89.18270 89.79270 89.30110 89.48420 89.29270 88.83110 88.36990 88.52780 87.81120 87.79080 87.50090 87.44110 87.10050 86.28650 86.25060 -9999 -9999 -9999 -9999 -9999 -9999 -9999 -9999 -9999 -9999 -9999 -9999 -9999 -9999 -9999 86.50040 86.80860 -9999 -9999 -9999 -9999 86.70420 86.81460 87.06260 87.16260
91.69430 91.65090 91.69890 90.87140 90.72970 90.39530 90.50860 90.59150 90.78110 91.76720 91.86700 92.80640 93.43710 92.56150 93.17790 93.53410 92.83080 93.11720 92.46660 91.81250 91.60630 90.33820 90.50040 91.00080 90.45240 90.73940 90.98950 92.45340 92.58270 93.03910 92.61500 93.22670 92.80570 93.03870 92.56950 92.32930 92.09080 91.62190 91.16070 91.33890 91.05360 90.76470 90.36160 89.68700 89.37830 89.35080 89.11370 88.15640 88.58550 88.73960 89.28390 88.50980 88.64590 89.19520 89.28640 89.47840 89.38020 89.23760 89.51580 89.95360 90.07200 90.37760 -9999 -9999 -9999 -9999 -9999 90.11980 90.16790 90.54890
94.78820 93.51930 92.71830 93.42690 93.89480 93.41930 93.12270 93.84020 94.11730 92.45020 92.86170 94.04980 94.93690 94.90550 95.47820 95.33460 95.37560 96.21170 95.71070 93.99370 93.75700 92.80730 93.22510 91.88920 91.71520 93.26830 93.56600 93.59760 93.93670 95.11830 94.99720 95.07820 94.58710 94.78110 94.68440 94.83400 93.91090 93.46790 93.38440 93.00310 92.67490 92.04350 92.02720 91.75800 91.67770 90.97860 90.49870 91.27950 91.45640 91.27120 92.04600 91.78570 91.74390 92.49720 93.14840 93.74410 93.77040 92.77390 92.66630 93.28330 93.33140 93.92450 94.00030 93.82390 93.51690 93.33110 93.38110 92.93210 93.09010 94.85870
97.28640 96.68400 99.38760 95.82690 97.07360 98.01510 96.95110 97.10860 97.27310 95.36470 95.62400 96.66860 97.65020 97.20000 98.16950 98.00460 98.19510 98.60030 98.69480 96.91940 97.14050 96.28810 96.02790 94.70710 95.01650 96.44220 96.45140 96.58540 97.00490 98.16250 98.11390 98.52980 98.34390 98.37850 98.19910 97.85070 97.24070 97.05820 96.62760 96.01410 95.91350 95.57920 95.57090 95.19790 94.87330 93.99710 93.62190 94.78950 94.62910 94.15270 94.63970 94.79330 95.08000 95.55460 96.26450 96.26660 96.98820 96.49290 96.86450 98.08660 98.20450 97.56020 99.31570 98.38690 97.93970 97.07410 97.13630 96.15740 95.54770 97.15340
98.35260 97.42820 99.23960 97.98950 97.25560 98.03320 98.08540 97.34170 97.92470 98.92450 98.60140 99.00930 99.45090 99.43690 100.01600 99.34650 99.61710 101.94000 101.76800 100.73100 101.14300 100.25700 100.31100 96.83350 97.23330 98.64290 98.56780 98.01480 98.70310 99.48760 99.64580 99.75060 99.56290 98.83240 98.09090 98.11260 97.56840 96.43660 96.52930 96.00150 95.65430 94.68130 93.99890 96.95840 96.91860 97.09410 96.02630 96.37510 96.12800 97.23400 97.60140 97.81150 98.34430 98.94700 99.06100 98.65940 98.75870 99.04540 99.96140 100.16700 100.41200 101.43300 101.80400 101.94900 101.79500 101.76800 101.25900 100.80400 100.47400 100.70900
99.49080 100.70600 101.53300 102.34000 101.85100 101.75100 101.07900 100.20800 100.65100 101.67600 101.70900 103.39800 103.65900 102.79600 102.84100 102.33300 102.46700 104.51500 104.65200 103.91500 104.20500 103.60300 103.00400 100.12800 100.27200 101.85700 101.38300 100.85200 101.08100 102.04800 102.28300 102.65300 102.62400 101.80700 101.32400 101.27400 100.39800 99.88150 99.66350 99.01390 98.92890 97.77530 97.55240 99.10290 98.91630 100.04700 100.05200 100.23400 99.93270 100.45300 100.66700 101.20900 101.89800 102.00600 102.19800 102.00400 103.00300 103.27700 103.44000 103.47500 103.19400 103.70600 104.08000 104.63700 105.96400 105.54300 106.66700 105.78500 105.32200 104.97600
101.52800 101.43400 102.74000 105.21600 106.15900 109.05800 106.09300 104.96700 104.72500 104.58600 103.75100 105.74100 107.49200 108.74800 109.46900 109.13500 108.14300 105.93200 105.92100 105.78000 105.98300 104.06500 104.28200 101.42200 101.39400 103.37200 103.90200 103.30500 103.43500 103.30200 103.62900 104.66500 104.72400 103.73700 103.00100 102.20700 101.94500 100.58900 100.87800 100.27300 99.89910 99.10870 98.81880 101.36000 100.91600 101.63400 101.53300 101.65300 101.56100 102.61100 103.03600 102.30100 103.29500 104.45600 104.41400 103.28100 104.00300 103.96800 104.39400 104.10700 105.27100 106.86200 106.73500 107.02600 107.73500 106.65500 106.59400 107.14500 107.53200 107.76400
106.04600 106.14100 106.34300 108.80500 109.73000 113.13900 112.16700 111.48700 109.93200 108.45500 106.19000 105.97800 108.57100 109.55800 110.71300 112.85000 112.92900 110.66800 110.33000 109.60000 109.59000 107.52300 107.62300 104.17900 104.71000 107.22300 107.64600 107.49100 107.87500 107.86200 107.70100 108.43800 108.54800 107.31100 106.84100 105.90300 105.60600 104.50100 103.93000 103.80000 103.40300 102.45600 102.05000 104.45100 104.45800 105.55800 105.23200 105.97900 105.84200 107.43800 106.95900 107.01300 107.80700 108.47300 109.26200 107.98800 107.97400 109.20000 109.22100 109.05100 110.30600 110.39500 110.98700 111.37900 111.05400 110.24500 110.13200 111.04000 110.03700 109.84000
111.69700 112.58000 112.92400 114.26900 114.40500 114.81900 115.23400 115.05800 114.03500 111.77100 112.10000 112.43500 112.69100 112.82000 113.27200 112.90700 113.19200 114.28000 115.22000 113.60500 113.58100 114.20600 114.03400 113.29600 113.54300 114.46100 115.35800 115.22700 115.96800 116.37900 116.04500 115.77500 115.37200 115.45300 114.79400 113.60900 112.01000 111.36900 110.88100 111.82500 111.22700 108.48800 107.72500 108.51600 108.64900 110.53400 110.19300 111.58400 111.20600 111.17200 112.09200 110.70900 110.83300 114.44700 115.04300 112.69500 113.53900 112.32300 112.91300 109.10300 109.21500 111.54500 111.98400 114.18200 114.39000 115.64100 115.05200 114.70400 113.81900 113.73400
115.00000 116.00700 116.22000 116.01100 116.21700 117.78800 118.68300 118.29200 118.56900 117.53600 116.24600 116.53100 117.92500 118.84500 118.13000 118.43500 140.38300 119.22600 116.90600 115.95200 128.75800 118.23300 118.04300 117.68500 116.77700 117.45000 118.59900 118.84900 119.51100 119.37100 119.06600 119.55400 119.00600 118.53300 117.66500 115.96800 115.21100 114.78400 114.35300 114.50500 114.45600 112.32900 111.79400 111.75200 111.97100 112.49200 112.08400 113.66300 114.35600 115.08800 116.06500 114.09900 114.16400 117.18000 118.04800 116.89900 117.63500 116.60800 116.85500 112.32900 112.17000 114.40600 115.23200 118.37700 118.82800 118.16800 117.00800 117.05200 115.74600 115.82700
119.55000 119.00500 118.52800 117.72800 117.98000 119.06900 119.23700 119.52700 119.68700 118.53600 118.67400 118.42500 119.17900 120.60900 120.04400 120.26400 120.62600 143.03900 121.16100 120.68800 120.46900 118.82300 119.46400 120.60700 119.74000 120.39000 121.16600 121.96200 122.69400 123.09400 123.19800 122.45600 121.68900 121.54700 120.00900 120.19400 119.24700 118.10800 117.52100 117.27300 117.40600 115.33300 115.15200 114.11800 113.95900 114.98200 114.34600 115.77500 116.35700 117.98300 118.98400 119.40100 118.71600 119.50400 120.66000 119.70800 119.91000 115.49200 115.79300 114.93300 114.58000 116.53700 116.84100 117.78600 117.42100 120.08800 119.58800 119.59200 118.78200 119.78500
122.78900 122.18000 122.49500 122.08600 121.87700 122.56100 121.98800 122.25500 121.69300 121.14300 120.73400 122.09000 123.32400 123.85500 122.78700 121.32900 122.65000 124.47600 124.45000 125.81000 124.58100 122.03400 122.18300 122.55500 123.21300 124.34200 125.10100 125.28200 125.68700 126.79200 127.11100 125.89000 124.69200 123.90900 123.12600 123.29200 122.72000 121.28100 121.39500 120.37100 120.88500 118.96500 117.82200 117.14100 117.52900 119.60600 118.09500 118.56500 119.11200 119.41100 120.20600 121.47300 119.65900 120.53000 120.51000 119.51500 120.35200 117.28800 118.50800 115.73500 116.93800 118.92300 118.85200 120.55300 120.82300 123.15800 122.54000 122.49200 121.83300 122.10300
126.09400 125.66900 126.59600 126.74600 126.73800 123.43300 122.79800 123.24300 123.19300 125.41100 125.17100 125.42900 126.24500 128.65601 127.43800 126.71400 126.81500 127.81700 128.43800 127.50700 127.59500 127.33900 127.26700 127.37700 127.83600 127.45800 127.54600 128.96100 129.57201 128.47501 128.75800 128.62700 127.51900 127.17800 127.35000 126.44500 124.49100 123.49600 123.80200 123.68700 123.32700 123.76800 123.55700 122.39900 121.21200 121.33100 120.91700 120.28600 121.33100 123.11600 124.08100 123.67000 123.91100 124.51100 124.86300 124.07100 125.11300 124.66400 124.37800 123.54100 123.26200 123.85900 125.10000 125.91900 126.16200 125.59400 124.95400 126.06200 125.43700 126.97100
129.14101 127.40100 128.71600 131.73100 140.80099 127.33700 126.13700 126.64000 126.11400 128.98801 127.97900 128.19299 128.35201 128.44400 131.21600 131.18201 130.40199 131.07600 130.19501 129.86700 129.65199 131.08200 130.33900 129.90199 130.52600 130.19400 131.74500 132.71300 133.50101 132.44901 132.12700 132.76100 131.43800 130.96400 130.26100 130.30499 127.95500 126.37600 126.55700 127.80200 127.55100 126.69600 126.86800 124.59200 124.66200 124.39400 124.02800 122.06600 124.06100 126.83100 127.17000 126.24900 126.98700 127.97000 127.99600 127.35300 127.70700 127.73000 127.31300 125.31400 125.87400 126.79000 127.99500 128.31500 128.93800 130.10201 129.72501 131.47000 131.37500 130.57600
129.73500 128.21500 128.33099 131.09900 153.37801 151.59500 153.86800 149.32600 130.90900 133.24600 131.26199 131.25200 131.47200 132.44200 132.88600 134.52499 132.95100 132.31599 131.87601 131.29601 131.44200 132.85201 133.74100 133.65601 134.34300 132.39000 132.99699 131.97099 133.23500 137.25800 136.96300 134.89301 134.28900 133.56400 132.61800 132.29100 130.31700 129.49600 130.00101 130.78600 132.04900 127.57000 127.17500 127.78300 125.60300 125.20300 124.53100 124.33200 123.76400 127.21500 127.38100 126.72200 127.39700 128.11099 129.53900 130.97200 131.81200 130.36301 129.33099 129.45000 129.10201 131.25500 131.96500 132.10001 134.06700 135.90401 135.22000 134.26300 134.22501 134.16600
133.56200 130.01100 131.17500 132.48199 133.34599 139.41100 150.55400 158.44901 156.81000 137.37100 136.94501 136.94099 136.01801 136.54500 137.40700 137.42000 136.62399 136.10300 135.69600 133.78900 134.47501 135.87300 137.53000 138.41499 137.26500 135.56200 135.66400 134.86000 135.73500 139.22400 139.61400 138.85001 137.46300 137.58400 136.96800 136.94501 134.57100 133.48599 133.60001 134.15199 133.82401 130.45700 127.72400 129.30901 127.49800 125.66100 125.46600 126.68100 127.55100 131.77901 131.16100 -9999 -9999 130.60600 130.48100 130.84399 132.83900 131.61301 131.35600 131.58400 133.04100 134.60600 137.24400 138.62500 141.51100 143.03600 142.92400 141.92799 141.27800 138.27800
137.36900 138.83800 136.49800 137.67300 138.59599 139.32001 138.34599 161.96001 140.19200 141.71001 154.50900 161.98300 140.78500 140.94299 140.67999 140.44200 140.15900 138.83200 138.76100 138.56900 139.08200 139.34399 139.55499 138.50400 138.61900 140.40900 139.39999 140.74800 140.86600 142.22501 142.99200 144.09801 143.35100 142.65300 142.81400 142.13600 139.70500 135.92400 134.55099 132.22400 -9999 -9999 -9999 -9999 131.00800 -9999 133.38499 138.84599 137.51700 136.70799 134.41100 -9999 -9999 135.04201 134.49899 131.89000 131.88499 134.20799 135.66400 137.14101 138.94099 140.52200 142.13901 142.12700 144.43700 141.81100 144.76199 144.79601 143.91499 140.88300
