data/hydroclimate-scenarios/BCSD_hadcm_A1B/monthly_summaries/isr_monthly_avg_nov.2030-2059.asc
ncols	311
nrows	91
xllcenter	102.75
yllcenter	31.75
cellsize	0.5
NODATA_value	-9999
[rows 0 to 31 of 91, columns 213 to 283 of 311]
-9999 -9999 -9999 -9999 -9999 -9999 -9999 -9999 -9999 -9999 -9999 -9999 -9999 -9999 -9999 -9999 -9999 -9999 -9999 -9999 -9999 -9999 -9999 -9999 -9999 -9999 -9999 -9999 -9999 -9999 -9999 -9999 -9999 -9999 -9999 -9999 -9999 -9999 -9999 -9999 -9999 -9999 -9999 -9999 -9999 -9999 -9999 -9999 -9999 -9999 -9999 -9999 -9999 -9999 -9999 -9999 -9999 -9999 -9999 -9999 -9999 -9999 -9999 -9999 -9999 -9999 -9999 -9999 -9999 -9999 -9999
-9999 -9999 -9999 -9999 -9999 -9999 -9999 -9999 -9999 -9999 -9999 -9999 -9999 -9999 -9999 -9999 -9999 -9999 -9999 -9999 -9999 -9999 -9999 -9999 -9999 -9999 -9999 -9999 -9999 -9999 -9999 -9999 -9999 -9999 -9999 -9999 -9999 -9999 -9999 -9999 -9999 -9999 -9999 -9999 -9999 -9999 -9999 -9999 -9999 -9999 -9999 -9999 -9999 -9999 -9999 -9999 -9999 -9999 -9999 -9999 -9999 -9999 -9999 -9999 -9999 -9999 -9999 -9999 -9999 -9999 -9999
-9999 -9999 -9999 -9999 -9999 -9999 -9999 -9999 -9999 -9999 -9999 -9999 -9999 -9999 -9999 -9999 -9999 -9999 -9999 -9999 -9999 -9999 -9999 -9999 -9999 -9999 -9999 -9999 -9999 -9999 -9999 -9999 -9999 -9999 -9999 -9999 -9999 -9999 -9999 -9999 -9999 -9999 -9999 -9999 -9999 -9999 -9999 -9999 -9999 -9999 -9999 -9999 -9999 -9999 -9999 -9999 -9999 -9999 -9999 -9999 -9999 -9999 -9999 -9999 -9999 -9999 -9999 -9999 -9999 -9999 -9999
-9999 -9999 -9999 -9999 -9999 -9999 -9999 -9999 -9999 -9999 -9999 -9999 -9999 -9999 -9999 -9999 -9999 -9999 -9999 -9999 -9999 -9999 -9999 -9999 -9999 -9999 -9999 -9999 -9999 -9999 -9999 -9999 -9999 -9999 -9999 -9999 -9999 -9999 -9999 -9999 -9999 -9999 -9999 -9999 -9999 -9999 -9999 -9999 -9999 -9999 -9999 -9999 -9999 -9999 -9999 -9999 -9999 -9999 -9999 -9999 -9999 -9999 -9999 -9999 -9999 -9999 -9999 -9999 -9999 -9999 -9999
-9999 -9999 -9999 -9999 -9999 -9999 -9999 -9999 -9999 -9999 -9999 -9999 -9999 -9999 -9999 -9999 -9999 -9999 -9999 -9999 -9999 -9999 -9999 -9999 -9999 -9999 -9999 -9999 -9999 -9999 -9999 -9999 -9999 -9999 -9999 -9999 -9999 -9999 -9999 -9999 -9999 -9999 -9999 -9999 -9999 -9999 -9999 -9999 -9999 -9999 -9999 -9999 -9999 -9999 -9999 -9999 -9999 -9999 -9999 -9999 -9999 -9999 -9999 -9999 -9999 -9999 -9999 -9999 -9999 -9999 -9999
-9999 -9999 -9999 -9999 -9999 -9999 -9999 -9999 -9999 -9999 -9999 -9999 -9999 -9999 -9999 -9999 -9999 -9999 -9999 -9999 -9999 -9999 -9999 -9999 -9999 -9999 -9999 -9999 -9999 -9999 -9999 -9999 -9999 -9999 -9999 -9999 -9999 -9999 -9999 -9999 -9999 -9999 -9999 -9999 -9999 -9999 -9999 -9999 -9999 -9999 -9999 -9999 -9999 -9999 -9999 -9999 -9999 -9999 -9999 -9999 -9999 -9999 -9999 -9999 -9999 -9999 -9999 -9999 -9999 -9999 -9999
-9999 -9999 -9999 -9999 -9999 -9999 -9999 -9999 -9999 -9999 -9999 -9999 -9999 -9999 -9999 -9999 -9999 -9999 -9999 -9999 -9999 -9999 -9999 -9999 -9999 -9999 -9999 -9999 -9999 -9999 -9999 -9999 -9999 -9999 -9999 -9999 -9999 -9999 -9999 -9999 -9999 -9999 -9999 -9999 -9999 -9999 -9999 -9999 -9999 -9999 -9999 -9999 -9999 -9999 -9999 -9999 -9999 -9999 -9999 -9999 -9999 -9999 -9999 -9999 -9999 -9999 -9999 -9999 -9999 -9999 -9999
-9999 -9999 -9999 -9999 -9999 -9999 -9999 -9999 -9999 -9999 -9999 -9999 -9999 -9999 -9999 -9999 -9999 -9999 -9999 -9999 -9999 -9999 -9999 -9999 -9999 -9999 -9999 -9999 -9999 -9999 -9999 -9999 -9999 -9999 -9999 -9999 -9999 -9999 -9999 -9999 -9999 -9999 -9999 -9999 -9999 -9999 -9999 -9999 -9999 -9999 -9999 -9999 -9999 -9999 -9999 -9999 -9999 -9999 -9999 -9999 -9999 -9999 -9999 -9999 -9999 -9999 -9999 -9999 -9999 -9999 -9999
-9999 -9999 -9999 -9999 -9999 -9999 -9999 -9999 -9999 -9999 -9999 -9999 -9999 -9999 -9999 -9999 -9999 -9999 -9999 -9999 -9999 -9999 -9999 -9999 -9999 -9999 -9999 -9999 -9999 -9999 -9999 -9999 -9999 -9999 -9999 -9999 -9999 -9999 -9999 -9999 -9999 -9999 -9999 -9999 -9999 -9999 -9999 -9999 -9999 -9999 -9999 -9999 -9999 -9999 -9999 -9999 -9999 -9999 -9999 -9999 -9999 -9999 -9999 -9999 -9999 -9999 -9999 -9999 -9999 -9999 -9999
-9999 -9999 -9999 -9999 -9999 -9999 -9999 -9999 -9999 -9999 -9999 -9999 -9999 -9999 -9999 -9999 -9999 -9999 -9999 -9999 -9999 -9999 -9999 -9999 -9999 -9999 -9999 -9999 -9999 -9999 -9999 -9999 -9999 -9999 -9999 -9999 -9999 -9999 -9999 -9999 -9999 -9999 -9999 -9999 -9999 -9999 -9999 -9999 -9999 -9999 -9999 -9999 -9999 -9999 -9999 -9999 -9999 -9999 -9999 -9999 -9999 -9999 -9999 -9999 -9999 -9999 -9999 -9999 -9999 -9999 -9999
-9999 -9999 -9999 -9999 -9999 -9999 -9999 -9999 -9999 -9999 -9999 -9999 -9999 -9999 -9999 -9999 -9999 -9999 -9999 -9999 -9999 -9999 -9999 -9999 -9999 -9999 -9999 -9999 -9999 -9999 -9999 -9999 -9999 -9999 -9999 -9999 -9999 -9999 -9999 -9999 -9999 -9999 -9999 -9999 -9999 -9999 -9999 -9999 -9999 -9999 -9999 -9999 -9999 -9999 -9999 -9999 -9999 -9999 -9999 -9999 -9999 -9999 -9999 -9999 -9999 -9999 -9999 -9999 -9999 -9999 -9999
-9999 -9999 -9999 -9999 -9999 -9999 -9999 -9999 -9999 -9999 -9999 -9999 -9999 -9999 -9999 -9999 -9999 -9999 -9999 -9999 -9999 -9999 -9999 -9999 -9999 -9999 -9999 -9999 -9999 -9999 -9999 -9999 -9999 -9999 -9999 -9999 -9999 -9999 -9999 -9999 -9999 -9999 -9999 -9999 -9999 -9999 -9999 -9999 -9999 -9999 -9999 -9999 -9999 -9999 -9999 -9999 -9999 -9999 -9999 -9999 -9999 -9999 -9999 -9999 -9999 -9999 -9999 -9999 -9999 -9999 -9999
-9999 -9999 -9999 -9999 -9999 -9999 -9999 -9999 -9999 -9999 -9999 -9999 -9999 -9999 -9999 -9999 -9999 -9999 -9999 -9999 -9999 -9999 -9999 -9999 -9999 -9999 -9999 -9999 -9999 -9999 -9999 -9999 -9999 -9999 -9999 -9999 -9999 -9999 -9999 -9999 -9999 -9999 -9999 -9999 -9999 -9999 -9999 -9999 -9999 -9999 -9999 -9999 -9999 -9999 -9999 -9999 -9999 -9999 -9999 -9999 -9999 -9999 -9999 -9999 -9999 -9999 -9999 -9999 -9999 -9999 -9999
7.52521 7.58952 7.70723 7.70985 7.67539 7.66635 -9999 -9999 -9999 -9999 -9999 -9999 -9999 -9999 -9999 -9999 -9999 -9999 -9999 -9999 -9999 -9999 -9999 -9999 -9999 -9999 -9999 -9999 -9999 -9999 -9999 -9999 -9999 -9999 -9999 -9999 -9999 -9999 -9999 -9999 -9999 -9999 -9999 -9999 -9999 -9999 -9999 7.57472 -9999 -9999 -9999 -9999 -9999 -9999 -9999 -9999 -9999 -9999 -9999 -9999 -9999 -9999 -9999 -9999 -9999 -9999 -9999 -9999 -9999 -9999 -9999
8.58565 8.58244 9.08859 9.08137 8.53069 8.53582 8.96333 8.99033 9.04600 9.09790 8.48335 8.50640 7.93661 9.16488 9.09647 9.05366 9.01405 8.93533 9.68282 -9999 -9999 -9999 -9999 -9999 -9999 -9999 -9999 -9999 -9999 -9999 -9999 -9999 -9999 -9999 -9999 -9999 -9999 -9999 -9999 -9999 -9999 -9999 8.07504 8.19275 8.15421 4.79370 0.30577 8.09219 8.40510 -9999 -9999 -9999 7.45298 -9999 -9999 -9999 7.54762 7.75459 7.29160 -9999 -9999 -9999 -9999 -9999 -9999 -9999 -9999 -9999 -9999 -9999 -9999
10.70650 10.36880 10.66870 10.67090 10.64140 10.66460 9.87576 0.54508 0.57220 0.58839 0.60729 0.67774 0.65476 0.68382 1.03021 0.64912 0.62514 0.62014 0.59013 0.60061 0.88891 2.81471 10.39830 11.09110 10.20710 -9999 -9999 -9999 -9999 -9999 10.56950 10.56390 10.47320 10.49980 9.97317 9.87534 10.17990 10.18940 10.00660 9.83441 10.17000 10.26010 6.41514 6.40819 0.78508 6.00785 0.49171 5.91279 9.72275 9.68689 9.84213 9.59169 9.28571 9.16768 9.23004 9.21895 9.18584 9.46769 9.13148 9.13399 9.23012 9.26289 9.19999 9.36828 -9999 -9999 -9999 -9999 -9999 -9999 -9999
12.49130 12.17890 12.59300 10.23120 9.13198 9.27632 0.85080 0.91301 0.92945 0.92238 0.94675 0.94142 0.92888 0.96891 0.91991 0.91730 0.87450 0.85112 0.84464 1.17396 1.52295 2.24353 12.17590 7.64390 11.05370 11.83170 12.21130 12.36870 12.19420 12.11900 12.21490 12.13130 11.70690 11.91800 12.25000 12.12100 11.84500 11.88460 11.58080 11.54520 11.76900 11.74180 11.61000 11.89580 11.95710 11.93640 11.67140 11.63340 11.47790 11.42950 11.25080 11.07550 10.90080 10.87510 10.68680 10.79920 10.84160 10.88230 10.83480 10.98240 10.88910 11.07110 11.27940 11.52050 10.81600 10.68910 10.69890 10.81390 11.29710 11.33280 11.22880
12.60590 8.34082 13.85560 1.29195 1.27557 1.32380 1.25472 1.22687 1.22453 1.18978 1.15935 1.14574 1.18843 1.16431 1.10979 1.08728 1.49203 2.68101 12.89370 12.97480 13.03470 13.70440 14.44100 14.46850 13.28820 13.59280 13.91840 14.27370 14.17970 14.22720 14.39740 13.80870 13.36260 13.44680 14.10140 14.12880 13.91640 13.88300 13.54580 13.48170 13.36930 13.39730 13.41680 13.35250 13.65930 13.61600 13.12330 13.12650 13.28340 13.22380 12.97950 12.98990 12.69600 12.74290 12.55300 12.62260 12.69910 12.68760 12.48820 12.89370 12.71070 12.82100 13.25300 13.24730 12.40800 12.38690 12.63960 12.99140 13.59510 13.68360 13.56720
13.17380 13.74540 13.12430 13.56710 13.44840 12.50530 13.16990 12.16160 11.92340 13.01450 11.61970 11.60180 10.80790 10.72610 1.36151 11.11470 14.32590 12.19210 11.93620 11.39160 15.31300 16.02950 16.19300 16.23360 15.41850 15.62550 15.84570 15.16170 15.26500 15.51780 16.38970 15.85490 15.90120 15.85290 15.84490 15.87950 15.82180 15.65770 15.01870 14.98460 14.68970 14.71850 15.02010 15.03570 15.12800 15.11470 15.48610 15.48440 15.41350 15.11120 15.19920 15.12810 15.05560 15.07110 14.96690 14.97020 14.99920 15.16940 15.22720 15.24180 14.30800 14.31120 15.45180 15.45990 15.59790 15.70890 15.26320 15.14640 15.15710 15.15590 15.48170
17.57820 17.98950 14.59290 14.21420 14.28220 14.13100 13.98290 14.04800 16.74190 16.61950 16.43940 15.97840 16.10800 15.76670 15.86910 15.94040 15.17370 15.62370 17.02850 17.16000 17.29630 17.40270 17.01060 17.42600 16.66890 16.91460 16.76410 17.17030 17.74500 17.44410 18.18840 17.89570 17.65960 17.53760 17.33510 17.17320 16.99970 16.82400 16.39910 16.48160 16.05390 15.95060 16.90270 17.01210 16.80910 16.71270 17.12010 17.09520 16.75260 16.57670 16.63730 16.70730 16.59290 16.56980 16.42930 16.51970 16.80700 16.79850 16.64740 16.60610 15.50340 15.50370 16.90730 17.00740 17.15450 17.16870 16.63330 16.66510 16.89810 16.99200 17.36790
19.08730 20.45100 20.12000 19.79390 18.41110 17.38200 17.14980 17.09300 17.03480 16.64590 17.27250 17.28870 17.24400 17.33860 17.09570 17.25710 17.68620 17.64700 19.58930 18.49990 14.11190 14.13860 16.97150 15.03200 17.66480 18.19040 17.98880 18.17640 18.85280 19.09240 19.02000 19.02810 19.13760 18.92910 17.84930 17.62430 18.63430 18.62850 18.05440 18.02550 17.55980 17.37980 17.82920 17.81780 17.83320 17.80230 17.81850 17.86890 17.61580 17.56660 17.86720 17.76850 17.70580 17.63420 17.82060 17.58900 17.86400 17.60600 17.37350 17.18030 17.33400 17.32420 17.36360 17.45200 17.18160 17.66440 17.98940 18.66580 18.34980 18.35380 18.62850
20.99860 20.77260 20.00890 18.41340 17.79570 17.85760 17.71040 17.71810 17.89380 17.75440 18.45040 18.46840 18.56110 18.66660 18.53950 18.30430 18.26540 18.20230 20.82890 20.63500 14.94280 3.12519 3.09238 15.24160 18.54250 18.99900 19.63300 20.10190 19.78170 19.99600 19.92420 20.43730 20.80200 20.43960 19.24300 18.73450 19.90000 19.75760 19.19960 19.16130 18.61740 18.50230 18.83460 18.77110 18.81970 18.91970 18.86540 18.84440 18.72680 18.67960 19.05670 18.96510 18.64080 18.60270 18.72670 18.55300 18.52900 18.67510 18.59830 18.50610 18.55760 18.53680 18.33760 18.46540 17.96280 17.79060 18.58760 19.30110 19.21950 19.53510 19.94210
21.93050 20.66460 20.35230 20.40230 20.29830 19.83440 20.00110 16.17280 16.02040 19.53210 15.14990 17.40790 18.73650 19.83100 19.05200 19.05120 18.84310 18.59630 20.36820 21.08110 16.41520 4.99664 3.88193 14.75770 14.81790 20.05590 20.17490 20.50030 20.91870 21.30500 20.78100 20.34890 21.28990 21.48660 21.24040 21.20820 20.49220 20.37810 21.43970 21.26380 21.44230 21.12940 20.60580 20.43090 20.27340 20.67630 20.25780 20.91100 20.34020 20.29290 20.47480 20.33270 20.15100 20.01290 19.56080 19.69940 19.36010 19.37090 19.19330 19.01880 19.55490 19.18870 19.00330 19.04930 18.68430 18.77630 19.16570 19.28310 19.41590 19.58320 20.55480
20.39040 20.41750 21.01990 20.28780 18.88450 19.02350 19.88160 19.92510 16.93420 17.17520 16.45590 16.62710 5.48792 16.50020 14.99490 14.82030 19.92330 19.58080 21.70940 22.16990 17.96060 5.35701 15.60950 16.03320 15.77100 15.87780 18.10140 18.09630 20.66760 21.69600 21.94760 22.02410 22.61500 22.11690 22.32990 21.57180 17.93320 21.88420 22.86830 22.75830 22.67760 23.25370 23.88300 23.90390 23.79140 23.57110 22.18280 21.50180 21.42600 21.40840 21.38840 20.91220 21.38600 21.15040 20.59970 20.80390 20.39160 20.13020 20.06110 20.95900 21.53070 20.29000 20.24430 20.45890 19.78840 19.82680 20.16630 20.24370 20.20310 20.34720 21.16710
20.94970 21.03990 20.77760 20.51920 19.91180 19.86120 20.28520 20.48140 21.11170 20.85300 18.06830 17.65830 8.15898 7.14493 5.68305 6.68089 5.77506 6.17970 5.55671 23.45700 25.29680 5.74643 5.91605 6.06224 6.54230 17.81790 6.60048 19.62110 19.32950 19.47790 19.47190 19.56940 18.88190 19.12780 19.99870 20.37260 20.77140 20.75360 20.70630 20.92150 21.86710 22.27830 26.14250 27.37030 28.96940 29.08160 28.84480 25.47030 23.73990 22.83830 22.65340 21.87800 22.06410 22.91080 22.67770 22.24420 21.68220 21.92250 21.05920 21.14720 21.39130 22.18220 21.84660 21.69880 20.83040 20.61230 20.58560 20.76590 20.95520 21.02500 21.14660
21.65910 21.96110 21.92020 21.78340 21.66520 21.41390 22.66290 21.66220 21.31280 21.38730 20.43630 21.56870 17.35890 18.03020 7.27136 6.66390 7.20835 7.25756 18.62810 19.09320 20.49880 23.41200 17.82890 19.07350 19.01320 18.46900 19.80450 20.74280 20.27800 20.83500 20.93250 20.98420 19.93160 19.87420 21.03090 21.00330 21.84770 22.01280 21.69270 22.36880 23.15600 31.16340 30.96180 30.98850 30.76240 30.82190 30.68410 30.46820 27.21210 25.87410 25.27340 24.33960 23.61830 24.98630 25.25300 24.19970 23.64760 23.59660 22.63950 22.63550 22.81990 23.21690 22.81660 22.42200 22.13990 22.20820 21.80400 21.67900 21.80780 21.79820 22.06790
24.73330 25.32550 25.98570 26.39760 24.97480 27.89140 25.34040 26.02680 23.06200 21.48120 25.91930 24.99150 23.86030 21.93100 22.44110 22.89210 22.87860 23.22080 21.67060 21.24820 21.53810 20.61950 21.58780 23.63950 23.62170 23.92790 24.44290 24.51070 25.18030 26.17810 24.99300 24.12980 24.23520 24.26620 23.19340 23.91170 22.26770 24.70580 25.02220 26.53330 27.58660 28.61470 32.77640 32.80960 32.75760 32.54220 32.50110 32.66610 32.33480 29.36970 27.77070 26.98020 25.51530 24.88160 24.96690 25.61840 24.33630 24.06750 23.46170 23.14620 23.67400 24.12530 24.14520 24.23480 23.60020 23.02200 23.17470 22.88310 22.97720 23.08140 23.60230
35.08700 34.87350 32.28450 30.36530 29.79160 29.19420 28.70330 30.44010 24.16850 26.23300 22.93060 34.32820 24.94580 27.41130 29.23200 25.66860 23.71510 23.97430 28.59160 28.55520 26.66670 26.25880 25.65850 26.71780 24.27130 24.90740 25.37840 26.07390 26.32520 26.58940 25.36510 24.22990 22.53230 23.51220 21.10300 21.22540 25.04920 26.30860 26.85150 28.08930 29.04130 34.25700 34.69860 34.50260 34.50310 34.58450 34.80960 34.77280 34.32030 31.88060 30.67100 29.57480 28.46770 27.31620 25.93880 26.73380 25.99880 25.45390 24.61820 24.73620 25.21880 25.24270 24.79710 24.35020 24.09500 24.09400 24.29470 24.22820 23.97270 23.88380 24.18580
35.83430 29.07540 30.50390 31.62910 30.34150 30.27510 30.90110 26.89700 27.01720 27.43280 25.88620 25.91270 25.50300 26.63430 26.56360 27.96410 27.63520 25.14750 30.24250 31.04580 30.29290 30.45650 28.59020 26.57460 24.43110 24.41400 26.00510 26.47010 26.10130 26.66670 25.07080 24.18160 24.15940 23.04140 23.38510 23.72170 25.84480 26.58720 27.95190 29.22940 30.03870 32.19030 36.23290 36.13050 36.28880 36.33310 36.73350 36.97050 36.64250 36.85520 36.29690 32.35000 30.74790 29.12770 28.34620 26.56530 27.00080 26.75200 24.86610 24.73180 25.95180 25.79850 25.78180 25.64350 24.70110 24.84540 25.82620 25.72190 25.49830 24.75420 24.62520
26.28240 24.79560 29.58960 35.12570 38.67700 35.99380 33.25560 30.56270 27.58580 27.17930 25.20850 25.31830 29.88470 39.64570 38.97630 36.76530 34.90490 31.47410 32.41510 32.41360 30.87830 33.30520 32.44640 30.58170 29.14490 27.39300 26.36440 25.78300 26.54440 27.04550 25.41010 24.55030 24.37180 23.83060 24.46310 25.10720 27.52100 28.24010 29.84080 30.58720 31.60780 33.39230 37.92990 38.40280 38.07100 38.34670 38.25710 38.48180 38.92910 38.95200 38.50970 38.20240 33.61320 31.65950 30.09170 27.26870 27.04110 27.53810 25.74200 26.26650 28.53540 29.48000 29.97700 29.63970 28.10340 26.61650 26.04680 26.09120 26.38690 26.34260 25.93100
25.18910 24.34380 24.60640 27.78890 30.86460 32.06400 35.84870 40.15450 40.12500 32.55540 31.09630 28.19350 29.94380 33.91780 41.55670 42.35030 42.11630 41.68150 41.30360 40.85730 40.08930 40.06180 39.71210 34.86870 31.57480 29.82070 30.12410 29.84690 28.83000 26.64040 25.34270 24.07910 23.05710 22.87000 25.10310 26.40620 28.05740 28.97350 30.33120 31.46470 32.16150 34.33300 33.83900 39.74100 39.80640 39.54620 40.39200 40.07980 40.01250 34.67160 33.84040 34.20770 35.74350 33.03730 30.70720 29.58080 28.38880 28.58960 27.30210 27.34360 28.36300 28.74850 26.93320 26.87060 26.24350 25.95920 26.02810 26.05150 25.75930 25.88160 26.50390
21.37980 -9999 21.15390 28.12400 40.84890 41.65560 -9999 42.22830 41.62950 41.45580 41.59340 41.48140 41.67060 36.21510 34.99730 33.19680 30.95790 42.70560 44.14000 44.99200 44.72270 44.76410 43.20510 42.57170 42.41270 42.59810 35.93170 33.55410 33.13590 30.75620 30.12270 26.49710 23.64830 24.00390 26.72180 28.09880 29.44200 30.88600 32.90960 34.01200 35.30230 42.04270 35.79270 34.43330 41.60940 41.31330 42.15340 41.81240 36.33810 35.10370 34.96800 34.73110 35.49300 34.57660 31.52950 30.27500 28.52510 28.46330 28.91120 29.19020 29.99420 29.33550 27.03730 26.84480 26.99010 26.92830 26.82210 26.99490 26.30660 26.55530 26.48430
