data/hydroclimate-scenarios/BCSD_hadcm_A1B/monthly_summaries/isr_monthly_avg_jul.2030-2059.asc
ncols	311
nrows	91
xllcenter	102.75
yllcenter	31.75
cellsize	0.5
NODATA_value	-9999
[rows 0 to 30 of 91, columns 210 to 279 of 311]
-9999 -9999 -9999 -9999 -9999 -9999 -9999 -9999 -9999 -9999 -9999 -9999 -9999 -9999 -9999 -9999 -9999 -9999 -9999 -9999 -9999 -9999 -9999 -9999 -9999 -9999 -9999 -9999 -9999 -9999 -9999 -9999 -9999 -9999 -9999 -9999 -9999 -9999 -9999 -9999 -9999 -9999 -9999 -9999 -9999 -9999 -9999 -9999 -9999 -9999 -9999 -9999 -9999 -9999 -9999 -9999 -9999 -9999 -9999 -9999 -9999 -9999 -9999 -9999 -9999 -9999 -9999 -9999 -9999 -9999
-9999 -9999 -9999 -9999 -9999 -9999 -9999 -9999 -9999 -9999 -9999 -9999 -9999 -9999 -9999 -9999 -9999 -9999 -9999 -9999 -9999 -9999 -9999 -9999 -9999 -9999 -9999 -9999 -9999 -9999 -9999 -9999 -9999 -9999 -9999 -9999 -9999 -9999 -9999 -9999 -9999 -9999 -9999 -9999 -9999 -9999 -9999 -9999 -9999 -9999 -9999 -9999 -9999 -9999 -9999 -9999 -9999 -9999 -9999 -9999 -9999 -9999 -9999 -9999 -9999 -9999 -9999 -9999 -9999 -9999
-9999 -9999 -9999 -9999 -9999 -9999 -9999 -9999 -9999 -9999 -9999 -9999 -9999 -9999 -9999 -9999 -9999 -9999 -9999 -9999 -9999 -9999 -9999 -9999 -9999 -9999 -9999 -9999 -9999 -9999 -9999 -9999 -9999 -9999 -9999 -9999 -9999 -9999 -9999 -9999 -9999 -9999 -9999 -9999 -9999 -9999 -9999 -9999 -9999 -9999 -9999 -9999 -9999 -9999 -9999 -9999 -9999 -9999 -9999 -9999 -9999 -9999 -9999 -9999 -9999 -9999 -9999 -9999 -9999 -9999
-9999 -9999 -9999 -9999 -9999 -9999 -9999 -9999 -9999 -9999 -9999 -9999 -9999 -9999 -9999 -9999 -9999 -9999 -9999 -9999 -9999 -9999 -9999 -9999 -9999 -9999 -9999 -9999 -9999 -9999 -9999 -9999 -9999 -9999 -9999 -9999 -9999 -9999 -9999 -9999 -9999 -9999 -9999 -9999 -9999 -9999 -9999 -9999 -9999 -9999 -9999 -9999 -9999 -9999 -9999 -9999 -9999 -9999 -9999 -9999 -9999 -9999 -9999 -9999 -9999 -9999 -9999 -9999 -9999 -9999
-9999 -9999 -9999 -9999 -9999 -9999 -9999 -9999 -9999 -9999 -9999 -9999 -9999 -9999 -9999 -9999 -9999 -9999 -9999 -9999 -9999 -9999 -9999 -9999 -9999 -9999 -9999 -9999 -9999 -9999 -9999 -9999 -9999 -9999 -9999 -9999 -9999 -9999 -9999 -9999 -9999 -9999 -9999 -9999 -9999 -9999 -9999 -9999 -9999 -9999 -9999 -9999 -9999 -9999 -9999 -9999 -9999 -9999 -9999 -9999 -9999 -9999 -9999 -9999 -9999 -9999 -9999 -9999 -9999 -9999
-9999 -9999 -9999 -9999 -9999 -9999 -9999 -9999 -9999 -9999 -9999 -9999 -9999 -9999 -9999 -9999 -9999 -9999 -9999 -9999 -9999 -9999 -9999 -9999 -9999 -9999 -9999 -9999 -9999 -9999 -9999 -9999 -9999 -9999 -9999 -9999 -9999 -9999 -9999 -9999 -9999 -9999 -9999 -9999 -9999 -9999 -9999 -9999 -9999 -9999 -9999 -9999 -9999 -9999 -9999 -9999 -9999 -9999 -9999 -9999 -9999 -9999 -9999 -9999 -9999 -9999 -9999 -9999 -9999 -9999
-9999 -9999 -9999 -9999 -9999 -9999 -9999 -9999 -9999 -9999 -9999 -9999 -9999 -9999 -9999 -9999 -9999 -9999 -9999 -9999 -9999 -9999 -9999 -9999 -9999 -9999 -9999 -9999 -9999 -9999 -9999 -9999 -9999 -9999 -9999 -9999 -9999 -9999 -9999 -9999 -9999 -9999 -9999 -9999 -9999 -9999 -9999 -9999 -9999 -9999 -9999 -9999 -9999 -9999 -9999 -9999 -9999 -9999 -9999 -9999 -9999 -9999 -9999 -9999 -9999 -9999 -9999 -9999 -9999 -9999
-9999 -9999 -9999 -9999 -9999 -9999 -9999 -9999 -9999 -9999 -9999 -9999 -9999 -9999 -9999 -9999 -9999 -9999 -9999 -9999 -9999 -9999 -9999 -9999 -9999 -9999 -9999 -9999 -9999 -9999 -9999 -9999 -9999 -9999 -9999 -9999 -9999 -9999 -9999 -9999 -9999 -9999 -9999 -9999 -9999 -9999 -9999 -9999 -9999 -9999 -9999 -9999 -9999 -9999 -9999 -9999 -9999 -9999 -9999 -9999 -9999 -9999 -9999 -9999 -9999 -9999 -9999 -9999 -9999 -9999
-9999 -9999 -9999 -9999 -9999 -9999 -9999 -9999 -9999 -9999 -9999 -9999 -9999 -9999 -9999 -9999 -9999 -9999 -9999 -9999 -9999 -9999 -9999 -9999 -9999 -9999 -9999 -9999 -9999 -9999 -9999 -9999 -9999 -9999 -9999 -9999 -9999 -9999 -9999 -9999 -9999 -9999 -9999 -9999 -9999 -9999 -9999 -9999 -9999 -9999 -9999 -9999 -9999 -9999 -9999 -9999 -9999 -9999 -9999 -9999 -9999 -9999 -9999 -9999 -9999 -9999 -9999 -9999 -9999 -9999
-9999 -9999 -9999 -9999 -9999 -9999 -9999 -9999 -9999 -9999 -9999 -9999 -9999 -9999 -9999 -9999 -9999 -9999 -9999 -9999 -9999 -9999 -9999 -9999 -9999 -9999 -9999 -9999 -9999 -9999 -9999 -9999 -9999 -9999 -9999 -9999 -9999 -9999 -9999 -9999 -9999 -9999 -9999 -9999 -9999 -9999 -9999 -9999 -9999 -9999 -9999 -9999 -9999 -9999 -9999 -9999 -9999 -9999 -9999 -9999 -9999 -9999 -9999 -9999 -9999 -9999 -9999 -9999 -9999 -9999
-9999 -9999 -9999 -9999 -9999 -9999 -9999 -9999 -9999 -9999 -9999 -9999 -9999 -9999 -9999 -9999 -9999 -9999 -9999 -9999 -9999 -9999 -9999 -9999 -9999 -9999 -9999 -9999 -9999 -9999 -9999 -9999 -9999 -9999 -9999 -9999 -9999 -9999 -9999 -9999 -9999 -9999 -9999 -9999 -9999 -9999 -9999 -9999 -9999 -9999 -9999 -9999 -9999 -9999 -9999 -9999 -9999 -9999 -9999 -9999 -9999 -9999 -9999 -9999 -9999 -9999 -9999 -9999 -9999 -9999
-9999 -9999 -9999 -9999 -9999 -9999 -9999 -9999 -9999 -9999 -9999 -9999 -9999 -9999 -9999 -9999 -9999 -9999 -9999 -9999 -9999 -9999 -9999 -9999 -9999 -9999 -9999 -9999 -9999 -9999 -9999 -9999 -9999 -9999 -9999 -9999 -9999 -9999 -9999 -9999 -9999 -9999 -9999 -9999 -9999 -9999 -9999 -9999 -9999 -9999 -9999 -9999 -9999 -9999 -9999 -9999 -9999 -9999 -9999 -9999 -9999 -9999 -9999 -9999 -9999 -9999 -9999 -9999 -9999 -9999
-9999 -9999 -9999 -9999 -9999 -9999 -9999 -9999 -9999 -9999 -9999 -9999 -9999 -9999 -9999 -9999 -9999 -9999 -9999 -9999 -9999 -9999 -9999 -9999 -9999 -9999 -9999 -9999 -9999 -9999 -9999 -9999 -9999 -9999 -9999 -9999 -9999 -9999 -9999 -9999 -9999 -9999 -9999 -9999 -9999 -9999 -9999 -9999 -9999 -9999 -9999 -9999 -9999 -9999 -9999 -9999 -9999 -9999 -9999 -9999 -9999 -9999 -9999 -9999 -9999 -9999 -9999 -9999 -9999 -9999
250.84100 243.25301 243.85600 242.19200 242.74800 245.31200 246.59300 242.77400 243.91800 -9999 -9999 -9999 -9999 -9999 -9999 -9999 -9999 -9999 -9999 -9999 -9999 -9999 -9999 -9999 -9999 -9999 -9999 -9999 -9999 -9999 -9999 -9999 -9999 -9999 -9999 -9999 -9999 -9999 -9999 -9999 -9999 -9999 -9999 -9999 -9999 -9999 -9999 -9999 -9999 -9999 234.32800 -9999 -9999 -9999 -9999 -9999 -9999 -9999 -9999 -9999 -9999 -9999 -9999 -9999 -9999 -9999 -9999 -9999 -9999 -9999
250.02499 250.76801 251.57401 249.06500 248.91499 248.93500 249.89000 250.50500 250.23500 247.64400 248.20599 249.25400 249.08200 251.14700 250.82600 250.70799 256.30099 259.65500 259.62900 258.01300 255.44299 270.53101 -9999 -9999 -9999 -9999 -9999 -9999 -9999 -9999 -9999 -9999 -9999 -9999 -9999 -9999 -9999 -9999 -9999 -9999 -9999 -9999 -9999 -9999 -9999 245.42300 245.68500 248.34200 245.75400 243.45599 243.50700 242.75500 -9999 -9999 -9999 241.25700 -9999 -9999 -9999 239.89999 243.33200 247.06599 -9999 -9999 -9999 -9999 -9999 -9999 -9999 -9999
252.27400 251.92900 253.00301 250.20799 248.83600 249.13000 249.01100 249.28900 248.82500 247.39999 248.04300 249.61400 250.38000 251.09900 254.00400 253.02200 255.88100 257.86401 254.85201 253.91901 254.36200 251.58200 252.41299 252.06200 250.81500 252.20599 251.48599 248.42999 -9999 -9999 -9999 -9999 -9999 241.86600 241.76199 240.00500 243.52000 253.77800 254.70799 256.00299 255.83099 253.76500 254.01401 253.74500 254.00999 246.38100 246.86501 248.99600 247.73900 247.79601 247.01601 245.14999 242.75000 245.06000 243.69000 246.28101 246.36900 244.82700 245.80499 246.47000 248.20900 251.66499 253.99699 250.46899 249.75400 252.91701 252.37601 -9999 -9999 -9999
250.51100 249.70500 250.27600 249.84700 250.08800 252.50301 251.92400 252.47501 253.03400 249.31799 251.20500 254.53300 254.77800 252.80299 254.37300 254.53600 256.52399 255.77901 256.31799 253.25700 252.12399 252.88499 253.73700 255.62601 255.41000 255.50999 247.68401 252.41701 250.67000 246.72301 246.67900 245.56000 242.05400 245.54601 244.37500 237.80000 242.41400 256.41400 256.20700 256.43100 257.50900 257.22699 255.07100 251.26401 251.91800 243.78300 244.56400 253.69701 252.00700 250.36600 249.87000 246.60500 245.59100 245.76199 244.71201 242.53000 243.72301 247.28500 251.14400 251.91200 253.73199 258.57300 259.51099 256.70599 259.26901 259.77899 260.01501 256.92700 253.19000 252.81700
254.80901 251.86099 255.23700 254.95000 254.67400 260.35101 256.62399 258.46600 259.07300 253.94600 251.92000 254.01500 252.08701 249.27699 248.55499 252.11700 252.11000 252.16000 251.35300 251.47099 249.90500 248.34700 249.66600 252.36200 251.90800 260.26001 263.10300 253.59599 254.13699 249.58000 257.92099 258.39401 257.95200 257.07599 246.27499 239.52600 244.50301 258.81299 262.74899 262.68399 263.56201 260.44299 259.80099 254.17700 255.49300 245.07001 243.64000 252.73700 251.44901 251.68600 249.81200 248.30000 246.65199 247.48300 246.96500 244.98500 247.27000 251.12000 254.02200 255.33200 254.94701 258.73901 260.75699 260.31900 263.22101 262.80200 263.32001 257.30301 257.94101 255.15401
248.57401 252.11501 253.77901 251.81100 253.77000 249.64999 250.93401 250.53200 248.88300 249.67999 249.86501 248.76601 248.09599 251.14400 250.79900 253.03300 251.21001 251.83600 250.76500 250.21600 249.62900 249.14200 252.11400 253.95000 255.80000 259.13800 260.82401 254.94701 254.65401 256.08099 258.70001 257.23999 261.80801 264.41501 248.83501 253.74699 255.28999 256.17599 259.82401 262.89099 260.97400 258.46899 259.95001 259.70700 259.70401 257.03000 257.68301 254.84000 254.16000 254.10800 253.78400 251.49100 249.92500 247.29900 246.41600 248.90199 249.14799 251.28900 250.24200 253.11800 255.11099 257.42200 259.49799 261.04901 261.74701 259.05801 258.44601 257.16101 258.38699 259.26401
248.04401 248.05499 248.72501 247.66100 248.98300 245.99200 247.76199 247.53700 246.19099 247.76700 248.82700 247.52000 247.46500 248.71100 248.89000 250.55000 249.57700 250.11900 248.98199 248.64900 250.42400 248.53000 252.57401 254.85400 257.21899 256.68701 260.92599 257.36200 255.84900 255.41600 254.25000 259.72800 268.57800 269.56900 263.02301 260.24799 260.21100 257.29700 258.91000 260.71500 259.28799 259.50101 260.35599 260.17801 259.81201 259.02499 260.83701 257.75101 255.81200 255.36700 254.62000 253.01700 250.12900 248.28400 250.15300 250.56100 248.81300 251.85699 253.30099 255.44299 257.23801 258.57300 259.00601 258.33899 258.31601 257.35901 258.89001 259.92700 260.99600 260.74799
243.21500 245.49500 245.57899 241.42400 246.57800 245.78300 242.88699 240.68800 240.42500 244.13400 244.06200 244.17400 244.94400 247.84200 248.21800 246.94501 247.58400 247.03799 244.16499 247.26500 247.12700 248.28500 250.43600 253.03101 254.25200 251.85400 251.28000 254.82001 253.06599 254.12000 254.58299 258.30600 267.23599 263.70001 256.97299 257.81299 257.24600 255.49200 255.82899 257.60599 258.32501 258.85901 258.17300 256.91299 255.41499 253.60800 253.21700 254.57001 252.70100 248.93500 248.75700 250.28900 249.11301 250.50101 249.52400 249.08400 249.47600 252.94800 252.91100 257.88901 256.74600 257.03799 256.16400 256.94501 256.71100 251.93300 252.56300 254.20300 256.10001 256.78400
242.76900 245.15401 245.70399 244.69901 243.11400 241.00999 242.63800 242.44501 241.41600 245.18800 243.90199 242.89400 243.78999 247.27200 247.51801 247.33299 247.85600 246.76601 246.64799 246.92700 246.95000 247.37100 249.55099 255.50900 258.75900 255.34200 254.41701 255.96800 255.74800 258.74500 259.74200 259.78400 264.45499 267.30701 265.22501 266.63300 260.90500 258.42499 258.00299 259.93799 258.21500 258.51300 258.59000 256.98999 256.21301 253.05200 252.97501 253.35100 251.76500 249.68700 247.71001 249.42999 247.83600 249.33900 249.30299 249.43600 249.76401 253.00900 252.79800 256.58701 257.25500 257.71600 256.34799 257.17099 257.50699 252.10600 252.12500 252.50101 251.98700 252.50500
245.03799 250.38901 251.62300 249.64600 248.76401 249.09700 248.63100 247.67400 246.55200 243.41600 245.03200 247.32001 247.34399 247.05400 245.05701 244.50400 246.24699 246.39000 245.84801 248.55800 247.93201 250.70000 252.73700 256.10199 259.29901 259.02301 260.36099 260.54099 257.84601 258.84799 258.75400 260.01901 261.05701 261.89401 260.00201 261.92499 264.92499 262.12701 261.00900 266.40399 266.61899 265.65100 263.10800 262.37701 258.33600 252.44099 251.03600 248.46001 247.23801 249.25000 250.32201 252.78600 252.38400 252.11501 251.95000 252.86200 253.07700 252.60899 253.66100 255.36501 254.45300 256.98999 257.25000 256.74200 257.42099 257.46600 258.25299 255.91901 255.21300 256.57599
245.36900 248.64000 248.78000 249.77299 250.20500 250.21201 248.93201 247.60800 246.06700 244.45200 245.20700 249.13499 250.99500 251.21899 250.44299 250.85400 249.99800 249.05499 248.31300 249.53000 250.95300 252.35001 255.20500 258.93799 261.23700 260.12799 259.61899 262.92099 262.44901 264.34799 263.42300 266.04999 267.07700 268.13199 266.47900 270.16599 270.44299 276.07300 272.30701 278.52899 282.56900 285.63000 276.66501 283.99301 284.98401 279.02499 275.84698 270.03299 266.17401 255.54300 250.27800 251.78500 253.54201 251.40100 250.65500 253.45799 253.59801 253.73300 255.13901 254.23900 253.62700 257.44800 262.36899 261.38300 260.50201 258.92899 260.23700 257.61401 257.43100 256.06900
243.17599 245.97600 246.29700 246.36501 245.44701 243.01700 243.70799 245.26401 245.45200 244.20799 243.55299 244.24699 244.49800 245.21800 247.23500 249.77400 251.81799 252.76700 252.67999 258.11801 256.41599 252.08800 251.38400 260.36401 260.82300 262.14499 263.57199 265.35599 266.47800 269.20499 267.87399 267.86499 268.40701 270.40500 270.82199 270.06601 271.67099 270.24701 270.81500 272.37900 272.79001 281.33899 282.78000 295.07001 296.15799 302.68900 320.10599 339.97000 339.74500 339.81201 285.63199 261.14700 249.93401 248.52400 247.42599 250.40800 253.45500 252.77299 251.88300 254.72800 254.41100 257.61899 257.96301 259.79300 261.89301 260.13901 259.84799 259.51700 257.75400 255.13400
242.30299 245.29700 244.71600 245.07100 244.83400 243.67700 245.36099 246.87100 247.40800 246.49400 245.09801 244.37601 245.31400 243.52499 245.56500 247.25500 250.38400 253.13699 253.99100 257.22699 257.60001 252.15500 253.84200 258.20801 258.37100 258.80301 258.94101 263.90601 266.27100 271.00800 270.93399 270.13699 269.77802 270.50000 269.04999 270.98199 270.24200 270.74500 270.08801 269.43500 273.02499 281.82901 291.20300 294.76199 345.68701 344.12701 342.40701 340.59698 339.79300 341.20999 336.04199 292.34100 270.34900 259.70599 251.23500 251.72900 258.10300 261.44299 255.08099 255.87399 256.44699 258.54300 258.90302 261.46899 263.72601 259.70401 258.70099 260.69299 259.37601 256.34399
244.46700 242.44800 242.60201 244.16800 246.92500 247.08501 248.65500 247.49800 256.20099 273.43799 277.47800 262.07001 253.94099 249.99600 258.76199 251.32500 251.33501 251.72099 252.97099 254.58501 255.47200 254.48300 257.95700 260.89499 259.45599 261.45599 262.93100 264.45700 266.79999 266.26199 268.69101 271.23300 270.51700 269.38800 270.14301 271.86401 272.04501 267.99600 268.75500 270.70901 274.41699 279.91599 289.06000 295.44199 299.94400 343.32401 343.54199 341.62100 339.14200 339.74399 340.34299 339.11401 287.36600 273.75500 264.08600 255.71001 254.27499 255.56400 259.88199 259.50201 259.21799 257.51099 256.77301 258.64200 260.02399 258.32700 259.31500 260.95901 259.48801 259.36801
246.53999 246.20799 329.51700 329.38599 327.85199 281.45801 263.10999 259.68799 254.55000 255.28900 271.26801 283.98499 295.01700 277.58301 332.20700 295.84299 278.55801 262.28201 253.25900 254.88400 255.33299 254.80499 258.75101 260.95401 263.22900 263.18201 266.25101 267.45999 268.67401 268.44601 271.30301 271.22501 271.24899 273.54401 272.84799 273.48401 271.78201 272.84399 272.01901 271.48199 274.45999 277.73099 287.95901 293.43900 336.25800 344.41299 342.33801 341.12399 340.90201 342.58801 342.07001 340.53101 299.63300 295.81500 282.98300 270.28601 261.08801 257.35999 260.00900 260.73001 261.59201 258.05200 258.66000 259.74899 260.72101 258.19000 257.78101 260.80499 259.56400 261.17200
276.42499 323.81201 328.15100 320.51300 276.77899 256.74701 255.14799 248.93700 247.37900 250.07001 244.75999 246.19200 247.98900 254.03600 255.88499 255.47301 254.70900 252.42900 255.51601 251.90100 248.07800 249.85800 256.88800 264.37500 277.59698 273.01801 265.98300 271.06699 273.53699 271.10400 270.74701 271.15399 271.53299 273.45200 273.51001 273.17401 274.28500 275.38199 274.09399 273.77100 276.83301 278.69601 283.94000 292.89999 308.25800 344.39999 342.54700 340.77499 341.20200 341.98901 342.93701 340.94699 340.93799 339.80801 300.95401 282.15701 262.31400 257.01999 253.46201 257.12201 257.62799 254.37399 255.25200 257.32800 257.50601 257.39700 256.59900 260.29599 260.67099 260.79401
279.14600 247.46201 246.17200 241.07700 236.90700 246.19701 282.60101 323.35501 277.72601 252.97200 247.62900 247.20900 248.56799 253.58400 254.04700 257.96701 338.62399 336.38501 297.24899 276.71500 257.57199 260.64899 266.39200 262.79300 295.25500 293.63300 273.12900 270.58600 274.42801 276.48599 276.67700 275.66599 272.75500 276.26700 277.64099 277.22699 276.94601 276.52499 277.76801 275.48300 279.14801 280.88599 284.19800 294.96100 306.07300 343.48401 343.97900 340.58600 341.19000 339.71899 340.88000 342.36801 343.01401 340.99701 339.34299 298.82300 278.00900 261.47299 253.54700 256.43201 257.17401 254.49899 256.61200 260.90701 269.72000 271.41599 270.67099 271.12799 264.49600 263.56500
321.67499 293.32001 243.07800 235.69800 235.25101 227.84100 235.88100 243.25400 235.87801 264.90701 306.23300 315.73001 259.80801 260.54401 254.54100 254.70399 271.39499 337.64899 336.40100 335.05600 336.36700 332.20801 332.11401 329.14899 330.46399 335.32501 288.63699 275.31500 275.85300 281.79501 281.38800 283.48401 278.51300 276.07001 275.60699 276.28101 279.40601 280.98901 282.15100 281.70700 281.87500 277.89200 282.82999 289.80499 304.99500 300.95099 345.46301 344.04800 344.34299 342.92899 341.12799 336.80099 293.45901 289.31799 291.38699 302.52499 277.62100 263.37100 258.08499 257.78799 258.19501 255.63699 255.06200 259.34698 260.81601 260.61200 261.26901 266.58600 267.18600 267.30899
