data/hydroclimate-scenarios/BCSD_hadcm_A1B/monthly_summaries/olr_monthly_avg_jul.2030-2059.asc
ncols	311
nrows	91
xllcenter	102.75
yllcenter	31.75
cellsize	0.5
NODATA_value	-9999
[rows 0 to 30 of 91, columns 70 to 139 of 311]
-9999 -9999 -9999 -9999 -9999 -9999 -9999 -9999 -9999 -9999 -9999 -9999 -9999 -9999 -9999 -9999 -9999 -9999 -9999 -9999 -9999 -9999 -9999 -9999 -9999 -9999 -9999 -9999 -9999 -9999 -9999 -9999 -9999 -9999 -9999 -9999 -9999 -9999 -9999 -9999 -9999 -9999 -9999 -9999 -9999 -9999 -9999 -9999 -9999 -9999 -9999 -9999 -9999 -9999 -9999 -9999 -9999 -9999 -9999 -9999 -9999 -9999 -9999 -9999 -9999 -9999 -9999 -9999 -9999 -9999
-9999 -9999 -9999 -9999 -9999 -9999 -9999 -9999 -9999 -9999 -9999 -9999 -9999 -9999 -9999 -9999 -9999 -9999 -9999 -9999 -9999 -9999 -9999 -9999 -9999 -9999 -9999 -9999 -9999 -9999 -9999 -9999 -9999 -9999 -9999 -9999 -9999 -9999 -9999 -9999 -9999 -9999 -9999 -9999 -9999 -9999 -9999 -9999 -9999 -9999 -9999 -9999 -9999 -9999 -9999 -9999 -9999 -9999 -9999 -9999 -9999 -9999 -9999 -9999 -9999 -9999 -9999 -9999 -9999 -9999
-9999 -9999 -9999 -9999 -9999 -9999 -9999 -9999 -9999 -9999 -9999 -9999 -9999 -9999 -9999 -9999 -9999 -9999 -9999 -9999 -9999 -9999 -9999 -9999 -9999 -9999 -9999 -9999 -9999 -9999 -9999 -9999 -9999 -9999 -9999 -9999 -9999 -9999 -9999 -9999 -9999 -9999 -9999 -9999 -9999 -9999 -9999 -9999 -9999 -9999 -9999 -9999 -9999 -9999 -9999 -9999 -9999 -9999 -9999 -9999 -9999 -9999 -9999 -9999 -9999 -9999 -9999 -9999 -9999 -9999
-9999 -9999 -9999 -9999 -9999 -9999 -9999 -9999 -9999 -9999 -9999 -9999 -9999 -9999 -9999 -9999 -9999 -9999 -9999 -9999 -9999 -9999 -9999 -9999 -9999 -9999 -9999 -9999 -9999 -9999 -9999 -9999 -9999 -9999 -9999 -9999 -9999 -9999 -9999 -9999 -9999 -9999 -9999 -9999 -9999 -9999 -9999 -9999 -9999 -9999 -9999 -9999 -9999 -9999 -9999 -9999 -9999 -9999 -9999 -9999 -9999 -9999 -9999 -9999 -9999 -9999 -9999 -9999 -9999 -9999
-9999 -9999 -9999 -9999 -9999 -9999 -9999 -9999 -9999 -9999 -9999 -9999 -9999 -9999 -9999 -9999 -9999 -9999 -9999 -9999 -9999 -9999 -9999 -9999 -9999 -9999 -9999 -9999 -9999 -9999 -9999 -9999 -9999 -9999 -9999 -9999 -9999 -9999 -9999 -9999 -9999 -9999 -9999 -9999 -9999 -9999 -9999 -9999 -9999 -9999 -9999 -9999 -9999 -9999 -9999 -9999 -9999 -9999 -9999 -9999 -9999 -9999 -9999 -9999 -9999 -9999 -9999 -9999 -9999 -9999
-9999 -9999 -9999 -9999 -9999 -9999 -9999 -9999 -9999 -9999 -9999 -9999 -9999 -9999 -9999 -9999 -9999 -9999 -9999 -9999 -9999 -9999 -9999 -9999 -9999 -9999 -9999 -9999 -9999 -9999 -9999 -9999 -9999 -9999 -9999 -9999 -9999 -9999 -9999 -9999 -9999 -9999 -9999 -9999 -9999 -9999 -9999 -9999 -9999 -9999 -9999 -9999 -9999 -9999 -9999 -9999 -9999 -9999 -9999 -9999 -9999 -9999 -9999 -9999 -9999 -9999 -9999 -9999 -9999 -9999
-9999 -9999 -9999 -9999 -9999 -9999 -9999 -9999 -9999 -9999 -9999 -9999 -9999 -9999 -9999 -9999 -9999 -9999 -9999 -9999 -9999 -9999 -9999 -9999 -9999 -9999 -9999 -9999 -9999 -9999 -9999 -9999 -9999 -9999 -9999 -9999 -9999 -9999 -9999 -9999 -9999 -9999 -9999 -9999 -9999 -9999 -9999 -9999 -9999 -9999 -9999 -9999 -9999 -9999 -9999 -9999 -9999 -9999 -9999 -9999 -9999 -9999 -9999 -9999 -9999 -9999 -9999 -9999 -9999 -9999
-9999 -9999 -9999 -9999 -9999 -9999 -9999 -9999 -9999 -9999 -9999 -9999 -9999 -9999 -9999 -9999 -9999 -9999 -9999 -9999 -9999 -9999 -9999 -9999 -9999 -9999 -9999 -9999 -9999 -9999 -9999 -9999 -9999 -9999 -9999 -9999 -9999 -9999 -9999 -9999 -9999 -9999 -9999 -9999 -9999 -9999 -9999 -9999 -9999 -9999 -9999 -9999 -9999 -9999 -9999 -9999 -9999 -9999 -9999 -9999 -9999 -9999 -9999 -9999 -9999 -9999 -9999 -9999 -9999 -9999
-9999 -9999 -9999 -9999 -9999 -9999 -9999 303.45001 -9999 -9999 -9999 -9999 -9999 -9999 -9999 -9999 -9999 -9999 -9999 -9999 -9999 -9999 -9999 -9999 -9999 -9999 -9999 -9999 -9999 -9999 -9999 -9999 -9999 -9999 -9999 -9999 -9999 -9999 -9999 -9999 -9999 -9999 -9999 -9999 -9999 -9999 -9999 -9999 -9999 -9999 -9999 -9999 -9999 -9999 -9999 -9999 -9999 -9999 -9999 -9999 -9999 -9999 -9999 -9999 -9999 -9999 -9999 -9999 -9999 -9999
-9999 -9999 -9999 282.87201 311.09900 306.97699 305.07101 304.87299 304.13101 303.98199 303.67401 304.60599 304.50101 305.18500 304.41501 303.96600 303.11099 303.84698 302.95300 299.93399 299.36099 300.33899 300.22000 -9999 -9999 -9999 -9999 -9999 -9999 -9999 -9999 -9999 -9999 -9999 -9999 -9999 -9999 -9999 -9999 -9999 -9999 -9999 -9999 -9999 -9999 -9999 -9999 -9999 -9999 -9999 -9999 -9999 -9999 -9999 -9999 -9999 -9999 -9999 -9999 -9999 -9999 -9999 -9999 -9999 -9999 -9999 -9999 -9999 -9999 -9999
-9999 -9999 -9999 -9999 -9999 309.41699 308.76801 308.92200 308.51501 309.44000 308.50500 307.84799 306.64600 306.62701 306.06100 304.84000 304.64999 303.96399 303.22101 302.80701 302.20200 301.35300 301.20499 -9999 -9999 -9999 -9999 -9999 -9999 -9999 -9999 -9999 -9999 -9999 -9999 -9999 -9999 -9999 -9999 -9999 -9999 -9999 -9999 -9999 -9999 -9999 -9999 -9999 -9999 -9999 -9999 -9999 -9999 -9999 -9999 -9999 -9999 -9999 -9999 -9999 -9999 -9999 -9999 -9999 -9999 -9999 -9999 -9999 -9999 -9999
317.98499 317.59299 316.47299 315.01501 314.88000 312.06400 311.12100 311.86401 311.44699 312.35400 311.52200 310.47699 309.51199 308.90799 308.28699 307.30399 306.45801 306.01901 305.17700 304.73801 303.85699 303.11099 303.21701 302.42700 302.00800 302.44901 303.41901 302.87100 303.65201 -9999 -9999 -9999 -9999 -9999 -9999 -9999 -9999 -9999 -9999 -9999 -9999 -9999 -9999 -9999 -9999 -9999 -9999 -9999 -9999 -9999 -9999 -9999 -9999 -9999 -9999 -9999 -9999 -9999 -9999 -9999 -9999 -9999 -9999 -9999 -9999 -9999 -9999 -9999 -9999 -9999
318.46100 318.11899 318.10599 317.58401 316.72699 315.02100 314.45700 315.28699 314.71100 315.42801 315.03601 313.18500 312.56400 312.02100 310.90900 309.45499 309.15799 309.01099 307.76501 307.67300 307.01599 306.02301 305.44000 304.14600 305.29501 305.58701 306.16501 306.06400 306.11801 306.76700 306.72299 306.47198 306.63501 305.98001 305.79099 305.87399 305.42001 304.65601 304.66501 303.72601 303.79199 302.68500 303.35800 303.45099 -9999 -9999 -9999 -9999 -9999 -9999 -9999 -9999 -9999 -9999 -9999 -9999 -9999 -9999 -9999 -9999 -9999 -9999 -9999 -9999 -9999 -9999 -9999 -9999 -9999 -9999
318.36899 319.27200 317.57901 317.89200 316.54099 314.42401 315.59698 316.59500 316.96301 317.80099 317.58600 316.01700 315.75500 314.89401 313.88199 312.56601 311.53900 311.53699 310.53299 310.43799 309.19000 307.44501 304.94199 304.83499 305.74301 306.06201 307.87900 308.48999 308.29300 307.01599 306.09799 307.93900 307.81201 306.96899 306.78201 306.87900 306.72501 306.38101 305.72198 305.41101 304.92801 303.92999 303.66599 303.43600 304.19601 -9999 -9999 -9999 -9999 -9999 -9999 -9999 -9999 -9999 -9999 -9999 -9999 -9999 -9999 -9999 -9999 -9999 -9999 -9999 -9999 -9999 -9999 -9999 -9999 -9999
309.56299 309.89301 308.95901 310.67999 304.88699 309.26801 310.26099 309.82501 310.90900 310.69299 313.11899 311.95599 313.10699 315.12000 314.68900 315.76901 314.80099 313.10001 311.77100 310.26599 308.56699 305.40201 305.50000 304.22501 304.69400 307.08401 303.92599 307.14499 308.80301 307.85199 305.65701 306.81299 306.85001 308.23801 307.87601 308.06201 308.12399 308.00000 307.22800 306.48001 305.93900 306.55200 306.29700 305.54800 306.16901 -9999 -9999 -9999 -9999 -9999 -9999 -9999 -9999 -9999 -9999 -9999 -9999 -9999 -9999 -9999 303.76300 302.78699 -9999 -9999 -9999 -9999 296.92001 290.76999 286.93701 289.59601
310.55399 311.53500 310.38599 310.37500 306.60400 311.96399 315.98401 314.31799 311.34601 311.17899 310.20599 315.66901 316.26401 316.41000 314.94601 314.96301 316.26901 313.98801 314.39301 311.96100 311.35901 309.14499 307.45700 306.65799 308.81400 310.22000 310.50000 310.81500 311.17599 311.08099 310.69400 310.11600 309.91800 310.12601 309.62900 310.60400 310.50699 309.85999 309.71600 308.44699 307.92599 308.48199 308.39700 308.16599 307.66501 307.60101 308.02399 308.17001 306.48901 301.39001 298.44699 299.92999 297.91599 297.84601 299.69199 299.10001 298.78699 304.08499 304.45801 304.99100 304.34900 304.70999 -9999 -9999 -9999 -9999 -9999 299.17200 295.64700 293.96399
305.94601 304.74600 312.04599 310.03699 304.03101 309.45401 315.08401 314.64301 314.99500 317.77200 319.63000 320.51001 319.64099 320.42099 320.18500 319.06299 318.33899 317.69101 316.70700 315.50101 314.32800 313.89999 313.06601 313.55200 313.40601 313.84201 314.47501 314.58899 314.25000 315.07401 314.98599 314.54401 314.38199 315.18500 315.14899 315.43701 314.95300 313.44501 313.52399 312.63800 312.81900 312.85999 313.08301 311.42599 310.99799 310.58899 310.26501 309.13901 308.44601 303.83499 301.11099 304.01801 305.19199 302.84201 297.37799 292.37399 298.60999 296.66199 296.04999 297.59698 301.15799 301.51801 300.18100 304.36801 307.08499 306.16199 305.61801 305.20001 304.33899 302.16501
312.68100 303.73599 290.22601 315.34201 303.60101 302.49701 307.56000 310.73901 310.11099 322.37000 322.98901 322.77899 321.93201 322.70801 321.92999 321.05801 319.95401 319.52100 318.75000 317.14999 313.74399 312.25400 314.26401 314.87100 315.04999 316.20901 316.20300 317.13199 316.95300 317.12201 317.12100 315.46799 316.14899 316.74100 316.89600 317.28699 316.95700 316.15399 315.19400 315.13699 314.28900 314.82700 313.97501 312.73700 312.89499 312.64801 312.20599 311.23700 311.20200 310.57599 308.67001 306.27499 307.57800 305.42599 305.16199 301.14801 295.47400 294.71899 296.65601 297.23401 296.19000 298.08301 293.85901 298.61600 305.55399 308.04901 308.27200 308.68399 307.93799 305.97198
305.05600 303.23401 297.29700 305.23499 321.76700 313.47900 318.50601 319.49701 312.37100 317.19501 320.29901 321.13599 322.17899 322.70901 321.88901 322.25601 321.37900 320.17599 318.48901 317.17899 308.07599 310.21399 312.03601 312.63699 315.79099 317.29099 318.04199 317.89099 317.72101 318.20901 317.67300 318.67099 318.15799 318.83600 318.03500 318.52802 318.07300 317.91699 317.03601 315.28699 313.92300 314.32700 314.91000 309.22800 307.30899 308.14700 311.00000 312.42801 314.26401 315.57501 311.98901 308.37201 308.16000 304.94101 304.46799 304.68301 306.29599 305.66199 299.95801 298.92899 297.14401 294.79099 292.62399 290.23401 297.80099 300.34900 303.14001 302.84100 303.85800 302.01901
320.34601 309.45200 301.95001 300.46301 300.88199 308.30701 319.53500 318.61401 312.35300 311.74799 317.55099 305.28299 307.35999 311.45901 317.65701 321.05801 321.15399 321.36099 320.30399 318.45901 313.91501 311.95599 314.40701 315.05301 317.60199 319.43100 320.26501 320.01099 320.14499 319.98599 319.98599 320.48499 319.74399 318.23300 319.52802 319.22198 317.28000 316.05600 315.96899 314.69299 312.45001 311.74301 314.33899 314.73801 313.16299 307.52200 307.05301 309.40701 311.01599 315.69501 311.22101 307.96399 308.23700 306.78201 308.97198 304.73999 301.12399 299.38400 294.59100 300.05399 303.31699 302.30701 303.12900 301.54501 298.05801 293.43500 300.28799 295.94501 300.09500 302.42599
318.66599 311.34000 306.24799 300.81799 296.37299 291.52100 307.52899 313.69699 316.79300 316.98700 319.40201 311.78601 299.37601 292.20300 287.66699 301.08600 310.89600 315.26300 321.11301 321.75201 321.84900 321.84100 321.84900 321.39999 322.33499 322.24100 322.77499 321.39499 322.07199 322.41599 320.27399 320.39401 318.81201 316.95901 316.54999 319.96399 316.63599 315.45700 311.70700 314.82800 315.57800 312.38901 311.68600 314.70401 314.72501 310.84299 312.52899 311.40100 312.11499 315.66901 316.71500 316.39099 314.45200 310.95300 310.16400 309.43500 308.55801 302.00900 298.36401 302.91901 296.16800 299.17700 301.47400 302.42401 305.16101 306.04099 305.78299 303.38300 302.28000 304.78000
306.59100 300.34500 300.94299 293.60800 292.62000 292.28500 294.15100 294.05600 299.11899 306.17099 314.92700 320.51001 314.53000 307.69699 301.32599 294.21399 293.84201 295.09799 299.37201 308.03500 312.16501 318.53400 320.69699 322.26599 323.43701 324.11099 324.26199 323.73300 323.60199 320.80801 318.38300 321.34201 312.85901 310.91599 311.04800 314.02701 313.64600 313.62500 311.76999 314.69199 314.17099 312.37000 312.70401 316.84399 312.11600 311.78000 309.27899 308.48901 309.11099 312.29199 313.39999 307.99701 307.17599 302.69299 301.50000 303.61899 303.76199 297.29300 302.51199 304.21100 298.79199 303.43500 304.70099 304.35999 310.83801 308.84000 308.51999 303.17401 305.74200 308.35501
310.39700 303.62500 296.78601 293.23300 296.17200 291.92801 290.40701 293.32999 298.05099 298.71600 306.50500 308.42801 306.80499 307.07401 310.34500 308.95099 307.58301 303.68701 296.35599 294.62299 297.68799 302.07599 306.34601 314.87399 320.63699 325.21701 326.40601 328.75900 324.91599 320.17300 320.09000 319.39401 317.96799 312.74100 315.61899 311.81900 319.75299 319.45700 317.29199 312.15302 314.16901 319.24200 321.13400 316.51300 313.74301 305.73999 303.80499 303.65701 305.55399 306.29001 301.52399 301.39401 303.44699 300.52802 295.76199 299.25900 295.61099 304.66199 299.92899 305.59698 309.49600 309.96399 313.30200 311.45901 312.07199 307.27899 311.29099 314.61401 315.47501 314.17099
306.19699 305.56799 304.57800 304.64499 306.10699 297.19501 292.67099 293.06100 292.89499 294.89700 302.59601 311.56799 294.09299 295.83600 301.31900 291.16501 285.26501 287.77301 313.88000 300.93799 287.07199 289.62900 294.62900 302.16699 321.09299 326.58899 328.35699 330.17999 327.17599 323.10699 322.80801 319.81201 318.99200 318.93701 318.72601 324.32800 321.79700 318.22101 318.99301 315.21600 313.27499 310.45099 314.91800 313.71600 311.29599 316.95099 315.78000 311.48499 307.52200 304.93500 302.47601 301.89301 304.85999 304.65799 304.23700 299.30701 298.21701 302.41400 302.75400 309.49600 312.06400 317.00601 318.60300 314.96799 312.32001 319.29999 321.44000 320.54901 321.09201 320.29599
305.23199 306.78900 307.37100 306.96301 308.96301 305.35400 304.62500 303.16901 301.04901 302.38000 301.13599 302.35901 300.98499 300.53799 303.87500 295.81500 293.18301 285.76001 292.31699 300.27100 305.54800 301.51501 301.11700 305.24500 309.88599 321.08099 328.55200 330.46301 330.02499 327.90500 328.36200 324.34799 325.10999 326.58600 323.65100 323.07999 323.35999 323.39401 321.16000 319.63699 315.80701 310.53900 310.15701 308.00000 309.19501 317.69400 318.31900 312.74701 309.44101 307.30099 301.71899 302.38901 306.61301 308.54700 302.34698 306.07300 308.13599 310.09500 313.40500 306.69101 312.42099 314.44400 318.59900 319.79999 324.86499 326.20300 325.23099 324.81799 320.94699 315.93799
304.60400 306.00699 304.03500 302.57800 302.44800 304.04001 307.94400 308.16299 308.85501 309.10901 309.88300 302.95599 296.28799 299.38800 305.14999 305.31299 299.52200 297.08499 296.00601 288.79199 293.78500 300.37299 308.09799 313.19000 311.71600 312.53101 317.09698 327.81400 327.63699 326.68600 323.08701 325.63599 324.35300 330.10400 327.10999 324.33401 319.02802 319.76501 312.66101 317.17099 309.41199 302.38000 308.31500 307.42401 301.76801 304.36600 311.09299 310.49600 309.28500 311.24100 307.68201 306.63901 313.65100 315.81500 316.93301 318.41101 317.46899 317.11301 314.51501 316.34000 313.56400 318.33899 319.06100 320.68799 322.91101 325.16101 326.59799 325.34698 324.07901 320.04501
309.40399 302.27899 298.31100 294.78699 294.29199 299.19199 301.64001 305.36801 307.10699 310.78299 305.25299 304.59299 300.78500 292.39499 297.64401 305.60400 307.13199 301.31000 296.96600 291.98401 294.32401 298.54999 301.78000 304.42599 310.18100 312.60599 318.35199 316.97299 322.79501 325.30099 321.22400 326.58801 322.18399 325.37500 315.27301 313.25299 319.31201 313.81100 306.66501 308.70999 310.71899 303.25601 300.96799 301.64700 305.36801 304.62201 306.33499 308.06400 307.81000 309.33499 306.25800 306.36499 305.63800 307.76801 306.97000 308.08401 310.23300 311.31500 317.72601 322.22900 326.06100 326.98801 324.80701 324.02701 324.60901 326.37299 327.91501 326.38400 325.23300 316.64899
313.39801 310.62201 305.27399 293.95801 292.99899 293.03500 302.61401 303.26999 309.72198 308.42001 311.40601 315.00000 310.44901 305.46399 296.78500 299.64899 301.06900 299.51599 303.78299 301.64700 305.00101 294.28101 302.83301 307.80399 311.28299 314.54700 312.89700 308.17401 317.32800 322.90601 326.36899 318.02802 321.59399 321.79700 313.92300 309.67801 316.75201 313.06699 309.77399 304.26901 305.81699 305.64899 303.72601 306.87000 306.26700 307.38901 306.14401 313.72101 311.16000 309.46201 309.64499 310.39801 309.66800 312.16000 316.15100 315.59698 319.44699 319.35101 321.64401 326.93201 328.42499 326.85699 325.46500 325.00201 324.29300 316.41400 319.28201 317.22501 317.64899 315.47601
312.75101 306.17899 305.67300 297.06699 291.94299 290.63599 286.20300 291.00601 301.91299 301.92899 303.72000 309.04199 303.58499 307.79401 303.09201 294.41501 299.29401 306.55701 308.25101 305.64301 306.91400 308.52301 302.79901 304.82401 311.96899 318.24799 324.56799 320.70300 324.25400 333.55200 328.76199 328.25101 324.81900 320.51501 317.06201 312.71899 311.07001 314.88599 309.33401 303.60101 300.45401 308.09000 309.40601 306.95401 314.42899 316.50201 319.49899 324.39301 327.45099 326.89801 328.24600 328.58200 328.65500 328.11200 325.11600 322.82199 322.63199 324.48901 328.96799 329.30099 328.91901 325.73300 326.71399 320.74100 313.10300 309.51599 312.41400 312.02701 314.00900 317.08801
314.95099 315.77399 308.79599 299.73099 300.83701 291.93301 290.86099 282.00101 289.22000 296.16800 292.83401 292.04199 295.25500 300.07101 294.94601 296.38000 301.13000 301.08099 303.53299 308.91199 310.10501 307.75000 303.81201 297.83600 310.40100 318.26501 320.97699 314.32101 319.51300 320.72101 315.92700 322.92300 324.12900 317.56299 314.68600 310.12201 312.18399 310.74799 311.98401 306.28500 305.26501 311.52499 321.04999 316.79800 322.24701 330.30899 330.30399 328.10699 326.68500 322.30200 325.89301 -9999 -9999 330.16101 329.43100 331.51999 327.45300 327.35001 329.26001 327.93701 324.79999 323.52301 315.85501 310.09500 303.63800 307.32401 303.61499 302.28400 301.45801 313.56100
304.96899 301.53101 306.53900 302.36099 297.99100 296.96500 298.58899 288.94601 298.34100 294.70300 290.99399 288.64099 294.23700 292.69699 292.04401 297.72000 300.92200 296.81799 302.86401 308.63699 304.17001 306.27301 310.81000 310.47900 309.42499 301.76999 310.26199 310.31601 315.87500 314.55200 316.59900 314.27399 321.95999 317.34698 311.21500 309.73300 309.15302 308.24301 319.16699 327.16599 -9999 -9999 -9999 -9999 335.89099 -9999 320.97501 311.45401 317.96301 320.48199 330.55399 -9999 -9999 325.63699 325.85101 328.61499 328.65399 330.04901 327.39099 323.51700 319.55701 318.12201 315.08499 311.81299 309.69501 315.05899 299.11301 298.82700 302.35901 316.93500
