data/hydroclimate-scenarios/BCSD_hadcm_A1B/monthly_summaries/olr_monthly_avg_mar.2030-2059.asc
ncols	311
nrows	91
xllcenter	102.75
yllcenter	31.75
cellsize	0.5
NODATA_value	-9999
[rows 0 to 30 of 91, columns 70 to 139 of 311]
-9999 -9999 -9999 -9999 -9999 -9999 -9999 -9999 -9999 -9999 -9999 -9999 -9999 -9999 -9999 -9999 -9999 -9999 -9999 -9999 -9999 -9999 -9999 -9999 -9999 -9999 -9999 -9999 -9999 -9999 -9999 -9999 -9999 -9999 -9999 -9999 -9999 -9999 -9999 -9999 -9999 -9999 -9999 -9999 -9999 -9999 -9999 -9999 -9999 -9999 -9999 -9999 -9999 -9999 -9999 -9999 -9999 -9999 -9999 -9999 -9999 -9999 -9999 -9999 -9999 -9999 -9999 -9999 -9999 -9999
-9999 -9999 -9999 -9999 -9999 -9999 -9999 -9999 -9999 -9999 -9999 -9999 -9999 -9999 -9999 -9999 -9999 -9999 -9999 -9999 -9999 -9999 -9999 -9999 -9999 -9999 -9999 -9999 -9999 -9999 -9999 -9999 -9999 -9999 -9999 -9999 -9999 -9999 -9999 -9999 -9999 -9999 -9999 -9999 -9999 -9999 -9999 -9999 -9999 -9999 -9999 -9999 -9999 -9999 -9999 -9999 -9999 -9999 -9999 -9999 -9999 -9999 -9999 -9999 -9999 -9999 -9999 -9999 -9999 -9999
-9999 -9999 -9999 -9999 -9999 -9999 -9999 -9999 -9999 -9999 -9999 -9999 -9999 -9999 -9999 -9999 -9999 -9999 -9999 -9999 -9999 -9999 -9999 -9999 -9999 -9999 -9999 -9999 -9999 -9999 -9999 -9999 -9999 -9999 -9999 -9999 -9999 -9999 -9999 -9999 -9999 -9999 -9999 -9999 -9999 -9999 -9999 -9999 -9999 -9999 -9999 -9999 -9999 -9999 -9999 -9999 -9999 -9999 -9999 -9999 -9999 -9999 -9999 -9999 -9999 -9999 -9999 -9999 -9999 -9999
-9999 -9999 -9999 -9999 -9999 -9999 -9999 -9999 -9999 -9999 -9999 -9999 -9999 -9999 -9999 -9999 -9999 -9999 -9999 -9999 -9999 -9999 -9999 -9999 -9999 -9999 -9999 -9999 -9999 -9999 -9999 -9999 -9999 -9999 -9999 -9999 -9999 -9999 -9999 -9999 -9999 -9999 -9999 -9999 -9999 -9999 -9999 -9999 -9999 -9999 -9999 -9999 -9999 -9999 -9999 -9999 -9999 -9999 -9999 -9999 -9999 -9999 -9999 -9999 -9999 -9999 -9999 -9999 -9999 -9999
-9999 -9999 -9999 -9999 -9999 -9999 -9999 -9999 -9999 -9999 -9999 -9999 -9999 -9999 -9999 -9999 -9999 -9999 -9999 -9999 -9999 -9999 -9999 -9999 -9999 -9999 -9999 -9999 -9999 -9999 -9999 -9999 -9999 -9999 -9999 -9999 -9999 -9999 -9999 -9999 -9999 -9999 -9999 -9999 -9999 -9999 -9999 -9999 -9999 -9999 -9999 -9999 -9999 -9999 -9999 -9999 -9999 -9999 -9999 -9999 -9999 -9999 -9999 -9999 -9999 -9999 -9999 -9999 -9999 -9999
-9999 -9999 -9999 -9999 -9999 -9999 -9999 -9999 -9999 -9999 -9999 -9999 -9999 -9999 -9999 -9999 -9999 -9999 -9999 -9999 -9999 -9999 -9999 -9999 -9999 -9999 -9999 -9999 -9999 -9999 -9999 -9999 -9999 -9999 -9999 -9999 -9999 -9999 -9999 -9999 -9999 -9999 -9999 -9999 -9999 -9999 -9999 -9999 -9999 -9999 -9999 -9999 -9999 -9999 -9999 -9999 -9999 -9999 -9999 -9999 -9999 -9999 -9999 -9999 -9999 -9999 -9999 -9999 -9999 -9999
-9999 -9999 -9999 -9999 -9999 -9999 -9999 -9999 -9999 -9999 -9999 -9999 -9999 -9999 -9999 -9999 -9999 -9999 -9999 -9999 -9999 -9999 -9999 -9999 -9999 -9999 -9999 -9999 -9999 -9999 -9999 -9999 -9999 -9999 -9999 -9999 -9999 -9999 -9999 -9999 -9999 -9999 -9999 -9999 -9999 -9999 -9999 -9999 -9999 -9999 -9999 -9999 -9999 -9999 -9999 -9999 -9999 -9999 -9999 -9999 -9999 -9999 -9999 -9999 -9999 -9999 -9999 -9999 -9999 -9999
-9999 -9999 -9999 -9999 -9999 -9999 -9999 -9999 -9999 -9999 -9999 -9999 -9999 -9999 -9999 -9999 -9999 -9999 -9999 -9999 -9999 -9999 -9999 -9999 -9999 -9999 -9999 -9999 -9999 -9999 -9999 -9999 -9999 -9999 -9999 -9999 -9999 -9999 -9999 -9999 -9999 -9999 -9999 -9999 -9999 -9999 -9999 -9999 -9999 -9999 -9999 -9999 -9999 -9999 -9999 -9999 -9999 -9999 -9999 -9999 -9999 -9999 -9999 -9999 -9999 -9999 -9999 -9999 -9999 -9999
-9999 -9999 -9999 -9999 -9999 -9999 -9999 156.16600 -9999 -9999 -9999 -9999 -9999 -9999 -9999 -9999 -9999 -9999 -9999 -9999 -9999 -9999 -9999 -9999 -9999 -9999 -9999 -9999 -9999 -9999 -9999 -9999 -9999 -9999 -9999 -9999 -9999 -9999 -9999 -9999 -9999 -9999 -9999 -9999 -9999 -9999 -9999 -9999 -9999 -9999 -9999 -9999 -9999 -9999 -9999 -9999 -9999 -9999 -9999 -9999 -9999 -9999 -9999 -9999 -9999 -9999 -9999 -9999 -9999 -9999
-9999 -9999 -9999 168.31599 157.77800 157.17799 156.87500 157.23801 157.41901 157.13400 157.28101 158.80701 158.97400 162.02100 162.77299 164.12700 164.89301 164.93800 165.63100 165.99001 166.80400 168.65300 168.53000 -9999 -9999 -9999 -9999 -9999 -9999 -9999 -9999 -9999 -9999 -9999 -9999 -9999 -9999 -9999 -9999 -9999 -9999 -9999 -9999 -9999 -9999 -9999 -9999 -9999 -9999 -9999 -9999 -9999 -9999 -9999 -9999 -9999 -9999 -9999 -9999 -9999 -9999 -9999 -9999 -9999 -9999 -9999 -9999 -9999 -9999 -9999
-9999 -9999 -9999 -9999 -9999 158.00999 158.15700 157.96400 158.58400 159.12199 158.99600 159.89301 160.24400 160.97301 161.94099 163.19099 164.10600 164.78900 165.42200 165.48199 166.77100 168.39500 168.31200 -9999 -9999 -9999 -9999 -9999 -9999 -9999 -9999 -9999 -9999 -9999 -9999 -9999 -9999 -9999 -9999 -9999 -9999 -9999 -9999 -9999 -9999 -9999 -9999 -9999 -9999 -9999 -9999 -9999 -9999 -9999 -9999 -9999 -9999 -9999 -9999 -9999 -9999 -9999 -9999 -9999 -9999 -9999 -9999 -9999 -9999 -9999
158.09599 158.42300 158.22900 158.34100 158.72800 158.88000 159.27200 159.19200 159.65500 159.87399 160.02499 160.64600 161.34300 161.95000 162.71001 163.95500 165.02699 165.65900 166.55800 167.55800 168.61700 170.25999 169.98399 169.12199 168.57800 167.57300 167.77000 167.47200 167.48000 -9999 -9999 -9999 -9999 -9999 -9999 -9999 -9999 -9999 -9999 -9999 -9999 -9999 -9999 -9999 -9999 -9999 -9999 -9999 -9999 -9999 -9999 -9999 -9999 -9999 -9999 -9999 -9999 -9999 -9999 -9999 -9999 -9999 -9999 -9999 -9999 -9999 -9999 -9999 -9999 -9999
158.03500 158.01601 158.15500 159.32100 159.17799 159.94099 160.27400 160.37500 161.01900 160.86099 161.04900 161.47099 162.19800 162.73000 163.57300 165.61301 166.76900 165.89700 167.58000 169.59000 171.22701 171.42400 170.31599 169.01601 169.12500 169.14900 168.96100 168.10699 168.07100 169.30901 168.98100 168.74001 168.69501 169.37801 169.72400 168.50400 168.95000 169.57600 169.77499 169.43700 169.47099 169.41901 169.62601 171.81000 -9999 -9999 -9999 -9999 -9999 -9999 -9999 -9999 -9999 -9999 -9999 -9999 -9999 -9999 -9999 -9999 -9999 -9999 -9999 -9999 -9999 -9999 -9999 -9999 -9999 -9999
157.85899 158.38000 157.69000 159.10500 159.00101 158.89000 159.89400 160.90601 161.50200 161.36700 161.76900 161.94299 163.13100 163.76900 164.76500 166.48500 167.64600 167.07401 168.16100 169.90199 171.16800 170.82700 168.57899 168.82201 168.42999 168.34399 169.01100 168.93900 168.85400 168.89600 168.68100 169.41000 169.46899 170.55600 170.38100 169.53200 169.91499 170.64500 171.01801 170.75600 170.75800 170.15700 170.39101 172.71800 173.11800 -9999 -9999 -9999 -9999 -9999 -9999 -9999 -9999 -9999 -9999 -9999 -9999 -9999 -9999 -9999 -9999 -9999 -9999 -9999 -9999 -9999 -9999 -9999 -9999 -9999
152.26900 152.13100 151.96600 154.12199 151.02100 154.39301 155.55299 156.20300 157.62199 157.34000 159.84399 159.64700 161.17000 164.21800 165.43500 167.13200 167.97301 168.86600 169.68800 170.65401 171.10001 171.32500 171.05499 170.83701 170.91200 171.21500 169.08900 169.79201 170.84900 170.14200 169.27100 169.73399 170.03999 170.46800 170.56799 170.72501 171.31100 170.45599 170.93300 171.22301 171.47800 171.53200 171.72600 172.10600 172.46001 -9999 -9999 -9999 -9999 -9999 -9999 -9999 -9999 -9999 -9999 -9999 -9999 -9999 -9999 -9999 177.37601 177.46201 -9999 -9999 -9999 -9999 175.69400 172.81200 170.91499 172.42799
152.97400 153.09801 152.70700 154.11200 152.16000 155.94800 158.32001 158.45799 157.25500 157.31599 157.66400 161.23700 162.47501 164.69200 164.90500 165.69299 168.34399 168.52800 170.36700 170.96899 171.95700 172.14799 171.93100 171.67999 173.06100 172.88200 172.80099 172.00999 171.94800 171.86400 171.96100 171.43300 171.56700 171.93500 172.09599 172.17200 172.35699 172.26900 172.65900 172.83501 173.24200 173.66901 173.53101 174.10300 174.43300 175.34500 175.57100 176.47099 175.76900 171.75900 170.54800 172.54601 171.61900 171.88499 173.44600 172.75600 172.58600 176.77600 177.57401 177.65100 177.60899 178.39000 -9999 -9999 -9999 -9999 -9999 177.15401 175.27299 173.91400
150.30600 150.15401 154.11600 153.40100 150.44701 153.51900 157.24400 157.66200 158.59801 161.59599 163.79201 164.48300 164.93300 166.74800 167.58400 168.36000 169.79500 169.84801 170.52400 172.09500 172.77699 174.06000 174.18500 175.01300 175.22501 174.11800 173.91000 174.46400 174.53000 173.60800 173.70000 173.69200 173.76801 173.87601 174.02400 174.31200 174.91800 175.02400 175.50500 176.23000 176.28300 177.15601 177.30901 177.31900 177.44701 177.96400 177.96800 177.48700 177.25900 174.62199 172.92000 175.30400 176.75999 174.86099 170.73900 168.13800 172.70200 171.49899 171.27100 171.84300 174.24899 174.93900 174.50200 177.48300 179.71899 179.49300 179.41000 179.30800 179.53200 176.79900
154.02800 149.63800 142.01700 156.18700 149.94200 149.22800 152.84300 155.06500 155.14101 163.86099 165.04500 165.23399 165.96001 167.28000 167.99100 169.14000 170.03600 170.47301 171.29900 172.59300 171.23100 172.40100 174.37100 175.67200 176.01401 175.07300 175.38699 175.50600 175.60600 174.89301 174.98700 174.87000 175.05800 175.11400 175.66000 175.99200 176.42700 176.68900 177.55400 178.10500 178.46600 179.02000 178.56799 179.07001 179.24200 180.06700 180.37399 179.63400 180.10500 180.06200 179.38600 177.89500 179.02100 176.73199 176.78101 174.46500 170.99600 170.61600 171.48199 171.09000 170.64600 172.52600 169.35800 173.05099 177.46899 178.94200 179.76801 180.28500 180.45399 177.92200
149.87601 148.63699 145.31200 150.26300 160.36099 156.14200 159.37500 161.79201 157.86200 160.75200 163.37500 164.80400 166.58200 167.76300 168.32100 169.90800 170.78799 170.24899 170.94600 171.81500 167.57600 169.51900 171.49400 174.41600 176.65100 176.82899 176.88300 177.77400 177.88200 177.72000 177.52600 177.78999 178.39700 179.14500 179.39200 179.79300 180.56700 181.73500 181.57100 181.84399 181.14900 182.03700 183.41499 178.57500 177.95599 178.73300 181.52600 182.73700 184.19200 183.63499 181.54601 179.20799 178.98100 178.11400 178.19200 178.01401 178.89999 178.60500 174.42599 173.22301 171.87199 170.15100 168.16499 166.77800 171.59300 173.53799 175.29300 175.44400 176.34500 174.84599
159.24001 152.30800 148.51801 147.99300 148.83099 153.44000 160.31100 161.33800 157.95500 157.13499 161.42101 155.03700 156.97800 160.45900 165.49800 168.61900 170.32899 170.69000 171.60300 172.00301 170.16299 169.97600 172.43100 175.62300 177.30099 177.42300 177.94099 178.61000 178.38800 178.41701 178.93500 178.93700 179.18500 178.57201 179.97900 180.77699 180.29700 181.28900 181.43201 181.84900 180.56900 180.97501 183.35300 182.77499 182.55400 179.82600 180.06400 181.24800 182.97099 184.60800 181.67400 180.32100 180.19800 180.28500 181.54800 178.92900 176.27901 174.98900 171.73100 174.65199 176.58299 175.54401 175.53799 174.66100 171.91499 169.36301 173.77600 171.28700 174.17700 175.22701
158.90900 154.61400 152.09300 149.13699 146.80400 144.27100 152.99100 157.66400 159.49699 160.29700 162.49500 158.22301 151.88100 148.32300 146.66100 154.96100 161.70300 167.13499 171.65900 173.35201 174.38200 175.73199 176.22800 178.46899 179.60699 178.58501 178.51900 179.82700 180.14600 180.52000 179.84900 179.76500 179.43300 179.45300 180.40100 182.98700 181.76401 182.00301 180.26300 183.23000 184.63000 183.88000 184.14200 184.49001 185.03999 182.62399 184.29201 184.24500 184.68300 185.61200 186.75301 187.70200 186.44701 184.81700 184.23500 184.07500 183.21700 179.82600 177.29401 179.17300 174.82700 175.30901 177.00500 177.01801 178.80099 179.95799 179.81900 178.06100 177.80600 178.79300
153.11200 149.39600 150.04401 145.88100 145.18600 145.11800 146.35001 146.84500 149.30099 154.32600 160.06100 164.46800 160.40100 157.07700 154.30800 150.79601 151.65500 154.39900 158.01500 164.55901 168.06900 173.41400 175.00800 178.79401 179.31400 179.19000 179.24300 180.49500 180.23199 178.89500 177.89600 180.31300 175.84300 175.63901 176.82401 179.18900 180.11400 181.05099 181.68500 183.61700 184.30600 184.82600 185.85201 186.70000 184.67300 183.95200 182.94800 182.69901 183.74100 184.48199 185.21800 182.94600 182.47600 180.69299 179.46300 181.21899 181.52600 177.30499 180.65300 181.04601 176.91299 179.41701 180.03600 180.18500 183.94901 182.95700 182.62900 179.39101 181.71500 183.68700
156.11700 152.02000 148.55499 146.48000 148.15601 145.99899 144.77299 146.00400 148.91200 149.31799 154.02600 155.46500 155.37500 156.17999 159.26100 159.52901 160.21400 158.59700 155.45500 155.75301 158.58900 161.87100 164.71800 170.96100 174.46400 176.96600 177.70799 178.04601 176.10300 173.62801 174.29300 175.29601 175.40401 172.75500 175.44200 174.78999 181.06100 181.67799 181.37900 178.99200 181.33400 186.12601 188.33900 187.03400 185.81100 180.37601 179.92900 179.80400 181.50999 181.90199 179.21600 178.68600 180.50101 177.55299 174.55600 178.91299 176.84200 182.39200 179.13699 186.15199 188.19501 186.75301 188.78400 186.15500 186.69200 182.90199 185.88300 187.97701 189.53400 189.32201
155.16299 154.30099 153.67000 153.52200 154.20700 149.46500 146.50500 146.52299 146.49400 147.31300 151.63800 157.15100 147.97501 149.34700 153.89600 149.57600 147.41299 149.49899 166.39799 159.79900 152.67999 154.69000 158.21201 163.21300 174.97400 177.70000 178.60001 179.02499 177.17101 175.54401 176.13200 175.24400 176.19099 176.61600 177.91800 183.11099 183.08299 181.62399 183.29800 181.95100 181.91600 181.37399 185.57600 186.30600 184.68201 188.61501 188.96899 186.06799 183.82899 182.31700 181.10100 180.51601 183.08299 181.87199 181.64301 180.59399 180.01500 183.14999 182.61400 190.74300 191.28900 193.50400 193.69000 189.83099 187.63699 191.96001 193.72800 193.31400 195.20000 195.70200
155.46500 155.76199 156.11400 156.43300 156.90601 154.78600 154.15100 153.06400 151.23000 151.90199 151.26300 152.16200 151.76100 153.13901 156.20599 153.28500 153.07800 149.60600 154.40401 160.03799 163.90700 163.26401 163.19901 166.12500 168.19000 174.80400 178.63000 179.68401 179.48199 177.68800 178.36600 177.33000 178.99600 181.42200 181.71400 182.04601 183.31500 184.38100 184.90700 184.92400 183.36501 181.97701 182.66600 183.09801 184.13000 190.17799 191.43401 188.45200 186.58299 185.52000 182.36200 181.56000 184.55000 186.13300 181.68100 185.11099 186.43800 190.28799 191.93100 189.84399 193.15800 194.10400 195.63800 194.94000 197.74001 196.59000 196.57201 196.46700 196.15900 193.19099
156.86700 157.21899 156.36200 155.32700 155.28101 155.58600 157.84100 156.94299 157.17101 156.79500 156.69501 153.12801 150.31100 153.20799 158.41901 160.84500 158.81599 158.12300 158.69099 155.71500 159.55800 164.42300 170.10800 172.85699 172.17999 171.49699 173.74200 178.61099 178.60201 177.25500 175.93600 178.49899 179.29601 184.63400 184.45200 183.52699 181.26300 183.03700 180.25101 184.16901 180.11600 177.72701 182.23700 183.59300 180.48900 182.36200 187.47099 187.72900 187.61301 189.00800 187.41000 184.91901 190.34300 191.69200 192.32401 194.23399 194.58501 195.52600 193.62300 196.81599 194.30099 196.81000 196.89200 195.96899 196.59300 196.00500 197.10600 197.10500 196.63100 195.08701
161.60500 157.68300 155.28999 153.11301 152.60201 156.18600 157.25101 158.47000 158.84100 159.42500 155.64999 155.25800 154.57001 151.28799 156.25600 162.44099 164.97000 162.11700 160.88400 159.50900 161.38699 165.26900 167.35400 169.47301 172.63100 174.98100 177.11900 175.55701 178.07300 180.20300 178.49400 182.32600 181.32401 184.63699 179.91000 179.87199 185.23801 182.79201 179.30400 181.74100 183.98100 180.45399 179.56500 180.61800 184.05299 184.63100 186.48300 188.47400 188.42500 189.15800 187.47301 188.66299 188.72400 189.72600 189.68600 190.63100 191.92700 193.24100 196.62801 198.74500 200.33299 200.33200 198.47301 196.97099 197.31599 196.97200 197.65100 196.75900 196.57300 192.13300
165.74899 164.17300 161.42799 154.87300 154.14999 154.97501 159.91701 159.88499 163.10201 159.91400 160.81000 162.31100 162.27200 162.09700 158.55299 161.83200 164.12601 164.10800 167.96600 168.27200 171.00600 165.43600 171.42999 174.74500 177.21899 179.20500 176.91299 173.32201 176.65700 180.19400 182.17101 178.75999 182.34200 184.17999 181.00301 179.68500 185.02901 183.72099 182.80000 179.93600 181.66901 182.87801 182.16800 184.96001 184.84200 187.36400 186.98000 192.83000 191.50101 189.87000 190.67700 192.33400 191.99100 193.74500 196.59801 196.65401 199.14400 199.25301 200.59900 203.01900 202.87300 202.07401 200.12000 198.96500 197.49400 191.60201 193.11800 191.47400 192.27400 191.78101
168.55400 165.18500 165.34900 159.68800 156.68401 156.46100 153.75999 155.73599 161.17101 160.01900 161.13800 163.95000 162.55800 165.50101 165.45599 161.93600 166.72501 171.54300 174.50200 174.55299 176.33000 177.78500 174.32800 175.61400 180.16701 184.47800 187.34700 184.08099 184.23100 186.02100 183.84599 186.40401 186.48000 184.81799 184.14500 183.19400 182.93700 186.12500 183.31900 180.39500 178.99800 185.86099 187.42599 186.46600 191.49600 195.04401 197.26500 200.62000 203.77299 202.26100 203.75301 204.84599 205.73300 205.88000 204.15800 202.28000 202.54500 203.82800 205.84100 205.21700 204.67700 202.38901 201.17101 197.54601 191.55200 188.33600 189.36301 189.17500 190.42101 192.47900
170.91000 172.90601 169.67400 163.94800 164.00000 159.82899 159.11099 153.10600 157.47501 160.53101 158.55600 158.67400 161.70200 165.12500 163.56900 165.96100 170.51199 171.03300 173.90601 178.84599 180.37199 179.93900 177.81799 174.44600 182.47200 188.00900 188.57001 184.24400 185.58299 183.96001 181.09700 186.70500 188.96400 186.14900 185.28700 184.00200 185.88800 186.60500 187.66100 184.44400 184.74001 190.29201 197.00000 194.47900 198.96201 205.83200 206.84900 205.65199 205.61301 201.42500 204.66901 -9999 -9999 210.23900 210.34599 211.77600 208.93900 209.04601 209.92999 208.75999 205.84801 204.38400 198.35500 193.79100 189.40800 189.96001 187.07500 186.09700 185.54500 192.91701
167.19000 165.30000 169.33600 167.01500 164.39500 163.88600 164.69501 158.62000 163.92200 161.17999 159.40199 158.94501 163.05400 163.17700 164.45399 168.59000 171.85001 170.67999 175.53000 179.77100 177.98801 181.23700 184.74400 186.00800 184.98599 179.82800 184.40300 182.97000 184.96500 183.99899 184.74600 183.98500 189.66299 188.31700 186.07600 186.27901 186.94901 187.97099 196.06400 202.85699 -9999 -9999 -9999 -9999 209.61501 -9999 202.73900 196.18500 201.65601 204.07899 211.32300 -9999 -9999 211.18201 212.97200 215.41701 215.84500 216.22800 214.01700 211.51401 208.31599 206.27100 203.94400 200.40800 198.23000 200.84801 190.39799 189.85699 192.48399 202.15199
