data/hydroclimate-scenarios/BCSD_hadcm_A1B/monthly_summaries/olr_monthly_avg_jan.2030-2059.asc
ncols	311
nrows	91
xllcenter	102.75
yllcenter	31.75
cellsize	0.5
NODATA_value	-9999
[rows 0 to 30 of 91, columns 70 to 139 of 311]
-9999 -9999 -9999 -9999 -9999 -9999 -9999 -9999 -9999 -9999 -9999 -9999 -9999 -9999 -9999 -9999 -9999 -9999 -9999 -9999 -9999 -9999 -9999 -9999 -9999 -9999 -9999 -9999 -9999 -9999 -9999 -9999 -9999 -9999 -9999 -9999 -9999 -9999 -9999 -9999 -9999 -9999 -9999 -9999 -9999 -9999 -9999 -9999 -9999 -9999 -9999 -9999 -9999 -9999 -9999 -9999 -9999 -9999 -9999 -9999 -9999 -9999 -9999 -9999 -9999 -9999 -9999 -9999 -9999 -9999
-9999 -9999 -9999 -9999 -9999 -9999 -9999 -9999 -9999 -9999 -9999 -9999 -9999 -9999 -9999 -9999 -9999 -9999 -9999 -9999 -9999 -9999 -9999 -9999 -9999 -9999 -9999 -9999 -9999 -9999 -9999 -9999 -9999 -9999 -9999 -9999 -9999 -9999 -9999 -9999 -9999 -9999 -9999 -9999 -9999 -9999 -9999 -9999 -9999 -9999 -9999 -9999 -9999 -9999 -9999 -9999 -9999 -9999 -9999 -9999 -9999 -9999 -9999 -9999 -9999 -9999 -9999 -9999 -9999 -9999
-9999 -9999 -9999 -9999 -9999 -9999 -9999 -9999 -9999 -9999 -9999 -9999 -9999 -9999 -9999 -9999 -9999 -9999 -9999 -9999 -9999 -9999 -9999 -9999 -9999 -9999 -9999 -9999 -9999 -9999 -9999 -9999 -9999 -9999 -9999 -9999 -9999 -9999 -9999 -9999 -9999 -9999 -9999 -9999 -9999 -9999 -9999 -9999 -9999 -9999 -9999 -9999 -9999 -9999 -9999 -9999 -9999 -9999 -9999 -9999 -9999 -9999 -9999 -9999 -9999 -9999 -9999 -9999 -9999 -9999
-9999 -9999 -9999 -9999 -9999 -9999 -9999 -9999 -9999 -9999 -9999 -9999 -9999 -9999 -9999 -9999 -9999 -9999 -9999 -9999 -9999 -9999 -9999 -9999 -9999 -9999 -9999 -9999 -9999 -9999 -9999 -9999 -9999 -9999 -9999 -9999 -9999 -9999 -9999 -9999 -9999 -9999 -9999 -9999 -9999 -9999 -9999 -9999 -9999 -9999 -9999 -9999 -9999 -9999 -9999 -9999 -9999 -9999 -9999 -9999 -9999 -9999 -9999 -9999 -9999 -9999 -9999 -9999 -9999 -9999
-9999 -9999 -9999 -9999 -9999 -9999 -9999 -9999 -9999 -9999 -9999 -9999 -9999 -9999 -9999 -9999 -9999 -9999 -9999 -9999 -9999 -9999 -9999 -9999 -9999 -9999 -9999 -9999 -9999 -9999 -9999 -9999 -9999 -9999 -9999 -9999 -9999 -9999 -9999 -9999 -9999 -9999 -9999 -9999 -9999 -9999 -9999 -9999 -9999 -9999 -9999 -9999 -9999 -9999 -9999 -9999 -9999 -9999 -9999 -9999 -9999 -9999 -9999 -9999 -9999 -9999 -9999 -9999 -9999 -9999
-9999 -9999 -9999 -9999 -9999 -9999 -9999 -9999 -9999 -9999 -9999 -9999 -9999 -9999 -9999 -9999 -9999 -9999 -9999 -9999 -9999 -9999 -9999 -9999 -9999 -9999 -9999 -9999 -9999 -9999 -9999 -9999 -9999 -9999 -9999 -9999 -9999 -9999 -9999 -9999 -9999 -9999 -9999 -9999 -9999 -9999 -9999 -9999 -9999 -9999 -9999 -9999 -9999 -9999 -9999 -9999 -9999 -9999 -9999 -9999 -9999 -9999 -9999 -9999 -9999 -9999 -9999 -9999 -9999 -9999
-9999 -9999 -9999 -9999 -9999 -9999 -9999 -9999 -9999 -9999 -9999 -9999 -9999 -9999 -9999 -9999 -9999 -9999 -9999 -9999 -9999 -9999 -9999 -9999 -9999 -9999 -9999 -9999 -9999 -9999 -9999 -9999 -9999 -9999 -9999 -9999 -9999 -9999 -9999 -9999 -9999 -9999 -9999 -9999 -9999 -9999 -9999 -9999 -9999 -9999 -9999 -9999 -9999 -9999 -9999 -9999 -9999 -9999 -9999 -9999 -9999 -9999 -9999 -9999 -9999 -9999 -9999 -9999 -9999 -9999
-9999 -9999 -9999 -9999 -9999 -9999 -9999 -9999 -9999 -9999 -9999 -9999 -9999 -9999 -9999 -9999 -9999 -9999 -9999 -9999 -9999 -9999 -9999 -9999 -9999 -9999 -9999 -9999 -9999 -9999 -9999 -9999 -9999 -9999 -9999 -9999 -9999 -9999 -9999 -9999 -9999 -9999 -9999 -9999 -9999 -9999 -9999 -9999 -9999 -9999 -9999 -9999 -9999 -9999 -9999 -9999 -9999 -9999 -9999 -9999 -9999 -9999 -9999 -9999 -9999 -9999 -9999 -9999 -9999 -9999
-9999 -9999 -9999 -9999 -9999 -9999 -9999 137.79201 -9999 -9999 -9999 -9999 -9999 -9999 -9999 -9999 -9999 -9999 -9999 -9999 -9999 -9999 -9999 -9999 -9999 -9999 -9999 -9999 -9999 -9999 -9999 -9999 -9999 -9999 -9999 -9999 -9999 -9999 -9999 -9999 -9999 -9999 -9999 -9999 -9999 -9999 -9999 -9999 -9999 -9999 -9999 -9999 -9999 -9999 -9999 -9999 -9999 -9999 -9999 -9999 -9999 -9999 -9999 -9999 -9999 -9999 -9999 -9999 -9999 -9999
-9999 -9999 -9999 161.60800 136.22800 136.73801 136.79601 137.91499 138.63100 139.89101 140.82899 142.93201 144.24100 145.74400 147.22099 148.89500 150.40300 152.06300 153.77800 155.25200 156.26100 157.30600 157.87300 -9999 -9999 -9999 -9999 -9999 -9999 -9999 -9999 -9999 -9999 -9999 -9999 -9999 -9999 -9999 -9999 -9999 -9999 -9999 -9999 -9999 -9999 -9999 -9999 -9999 -9999 -9999 -9999 -9999 -9999 -9999 -9999 -9999 -9999 -9999 -9999 -9999 -9999 -9999 -9999 -9999 -9999 -9999 -9999 -9999 -9999 -9999
-9999 -9999 -9999 -9999 -9999 136.19200 136.83600 137.37399 138.25900 139.47400 140.36700 142.27400 143.75000 145.10300 146.72099 148.96400 150.26500 152.03600 153.67799 154.86099 156.22200 157.52699 157.83099 -9999 -9999 -9999 -9999 -9999 -9999 -9999 -9999 -9999 -9999 -9999 -9999 -9999 -9999 -9999 -9999 -9999 -9999 -9999 -9999 -9999 -9999 -9999 -9999 -9999 -9999 -9999 -9999 -9999 -9999 -9999 -9999 -9999 -9999 -9999 -9999 -9999 -9999 -9999 -9999 -9999 -9999 -9999 -9999 -9999 -9999 -9999
134.27499 134.72000 134.84000 134.71001 135.56700 135.86600 136.76601 137.25200 138.15199 139.23599 140.43100 142.11900 143.33501 144.93700 146.42700 148.71100 150.29201 152.32001 154.20599 156.01300 157.33000 158.68600 158.73199 158.16600 157.70700 157.35699 157.39101 156.60400 156.52000 -9999 -9999 -9999 -9999 -9999 -9999 -9999 -9999 -9999 -9999 -9999 -9999 -9999 -9999 -9999 -9999 -9999 -9999 -9999 -9999 -9999 -9999 -9999 -9999 -9999 -9999 -9999 -9999 -9999 -9999 -9999 -9999 -9999 -9999 -9999 -9999 -9999 -9999 -9999 -9999 -9999
133.30000 134.16400 133.90900 134.79900 135.03200 135.51900 136.40800 137.24800 138.06900 139.48300 140.37601 141.91901 143.41600 144.70300 145.94099 148.28700 149.81300 151.80800 153.98801 156.37900 158.71100 159.33299 157.99400 157.73500 158.04601 157.46100 157.14900 157.06100 157.18800 157.47501 157.76801 157.18100 157.15900 157.92000 158.28101 157.92900 158.40401 159.11900 159.62801 160.11501 160.74001 161.61700 162.57899 163.18401 -9999 -9999 -9999 -9999 -9999 -9999 -9999 -9999 -9999 -9999 -9999 -9999 -9999 -9999 -9999 -9999 -9999 -9999 -9999 -9999 -9999 -9999 -9999 -9999 -9999 -9999
132.10899 133.29700 132.77000 133.49899 133.39500 133.94600 134.76401 136.46500 137.68401 138.87000 139.77800 141.52699 143.16200 144.24699 145.94000 147.57001 149.75000 151.55099 153.51199 155.67101 157.45900 157.67700 156.07201 156.33200 156.18100 156.14101 156.58900 156.94400 156.95200 157.14400 156.43800 157.42599 157.48399 158.17700 158.23801 158.39600 159.46500 159.87300 160.44501 161.17500 161.65900 162.68600 163.30400 163.92500 165.02600 -9999 -9999 -9999 -9999 -9999 -9999 -9999 -9999 -9999 -9999 -9999 -9999 -9999 -9999 -9999 -9999 -9999 -9999 -9999 -9999 -9999 -9999 -9999 -9999 -9999
126.63000 127.85700 127.62500 129.49600 127.42900 129.98500 131.55800 132.61000 134.17599 134.66800 137.29300 138.01500 140.45300 143.46700 145.61501 147.77299 149.52901 151.56900 153.23599 155.60100 156.80000 156.55600 156.35400 156.09300 156.32600 157.13800 155.29700 156.86501 157.84801 157.35899 156.16400 157.11501 157.49300 158.58200 159.03500 159.06300 159.53600 160.08400 160.75500 161.41701 161.91800 162.96201 163.87801 164.06000 165.49200 -9999 -9999 -9999 -9999 -9999 -9999 -9999 -9999 -9999 -9999 -9999 -9999 -9999 -9999 -9999 176.03300 176.52100 -9999 -9999 -9999 -9999 176.65500 174.11301 172.98300 174.70399
126.82300 127.79000 127.81700 128.70200 127.59300 130.64600 132.76199 133.80701 133.52299 134.01100 134.91400 139.00900 140.90800 143.41000 144.73599 146.50000 149.25400 151.11000 153.17599 154.74200 156.61000 156.48300 155.81700 156.28400 158.04100 158.16200 157.91100 158.10201 158.01801 157.78200 157.72900 157.94701 158.25500 159.06200 159.75101 159.28999 160.42999 160.39600 161.09300 161.68700 162.17101 163.73399 164.57500 165.22000 166.01401 168.13600 168.98900 169.35100 169.35300 166.99899 166.56000 168.42300 167.62300 167.95500 169.77800 169.95500 170.62300 174.98801 175.79401 175.65401 176.43700 177.41499 -9999 -9999 -9999 -9999 -9999 178.06799 176.91499 176.33400
123.62100 123.60900 127.25900 127.20400 125.08300 127.75100 131.15300 132.80901 134.11099 136.30200 138.78500 140.85001 142.28300 144.25000 145.85699 147.71700 149.68800 151.11501 152.66400 154.29201 155.36099 156.31300 156.71400 157.77901 158.01100 158.10400 158.22800 158.06700 158.40800 158.50900 158.22900 158.40100 158.54601 159.50900 159.44501 159.82899 160.28000 161.24899 162.15100 162.47200 163.09300 164.09599 164.98900 166.06400 166.99899 168.63200 169.64900 170.67700 170.96300 169.43700 168.88400 171.51601 173.09100 171.71899 169.01500 167.43600 171.64200 170.82100 170.76100 172.61800 174.67500 176.15900 175.55299 178.99500 180.89101 181.60899 181.27901 181.86099 182.27901 180.44099
125.85700 122.82300 117.31200 128.78400 124.40200 123.75400 127.03500 129.76300 130.89400 137.60899 139.42999 140.83299 142.51801 144.04201 145.91499 147.89000 149.53101 151.07500 152.54401 153.78200 153.34100 154.08900 155.63000 157.17300 157.53500 158.03300 158.26801 158.19099 158.41100 158.60500 158.58501 158.19800 158.85001 159.55299 160.08800 160.25101 161.36400 161.77800 162.68800 163.02901 163.86000 164.84700 165.39500 166.81200 168.10699 169.98100 170.74400 171.79900 172.63000 173.39900 173.75700 173.64999 175.26300 173.58800 174.41901 172.90800 170.42500 170.22400 171.61099 172.57600 171.78500 173.85201 171.73700 175.11000 179.34599 181.19901 181.91800 182.60100 182.85899 181.00000
121.79000 120.82500 118.24400 123.19700 131.31599 128.56500 131.79300 133.71800 131.72501 134.72701 137.58701 139.77400 142.14000 143.92200 145.77901 148.15300 150.10899 151.29300 152.46899 153.53799 150.11800 151.22701 153.06700 154.56700 156.44000 157.13600 157.37399 158.46600 158.47400 158.30600 158.54401 158.61800 159.25101 159.90100 160.52200 161.24400 161.68300 162.36700 162.42900 163.01601 163.09300 164.29900 166.04500 165.08099 165.33200 169.31200 172.42599 175.55499 177.41200 178.61400 178.06700 177.34200 177.48100 175.19299 175.83800 176.57300 177.61099 178.15601 174.98900 174.14000 173.80901 173.04100 171.98199 172.24300 176.35500 177.70700 179.05901 180.13100 180.96100 179.41600
128.58701 123.25600 120.09700 120.71200 121.21600 125.93400 131.66800 132.79700 130.95700 131.02901 135.19901 130.99600 133.73399 136.85699 142.34300 146.16400 148.48300 150.57100 151.56000 152.53300 151.46400 150.48500 152.79100 154.02600 155.55499 156.45100 156.98900 157.94600 158.03600 158.13800 158.42101 158.88200 158.88000 158.78799 160.28200 161.15500 160.97099 161.18500 161.99899 162.57500 162.47400 163.56100 165.78999 168.23300 169.00101 169.53600 170.81500 174.20300 176.54800 179.61099 178.34000 177.97701 178.58099 176.88400 178.80000 176.84399 175.51700 175.43700 172.63100 176.20900 178.07600 178.16701 178.72800 179.41000 176.73500 174.09000 177.78500 176.42900 179.22099 179.62700
126.63600 123.73000 121.88500 120.84400 119.16100 118.11800 125.17100 128.95500 131.12000 131.48900 134.14700 132.05901 127.80300 126.17400 125.78700 133.95100 139.82001 144.66499 149.03101 151.09700 152.29300 152.73801 153.12100 154.21300 154.89301 155.58600 155.65401 155.92101 156.59900 157.48199 156.50101 157.27299 157.44099 157.69600 158.75999 161.26900 160.69800 161.24001 160.90700 163.76401 165.50700 165.23900 166.18800 169.31900 170.77200 171.99899 174.40500 177.07201 178.42500 180.80800 182.87399 184.21800 183.97501 180.84399 180.82201 180.95599 180.75500 178.14999 176.29800 178.71400 175.25400 177.57201 179.08900 180.99600 182.49600 183.25400 183.15401 182.27299 181.95399 183.20799
121.61000 119.14300 119.84400 117.80200 117.42200 118.08300 119.03600 119.83400 122.45400 125.83500 130.45399 134.80200 133.37700 131.57300 130.39999 128.93600 130.36501 132.63699 136.39500 142.22000 145.64500 149.24500 150.63800 152.32201 153.22200 154.03000 154.57600 155.14700 155.46400 154.57600 154.03400 156.67400 153.39900 153.83000 155.45599 157.73900 159.13400 160.80000 161.67101 164.31100 165.19400 166.72000 167.76100 171.53300 170.82001 173.57899 173.93800 176.75000 177.99100 180.06300 181.90700 180.38600 180.97301 176.96300 177.32700 178.28000 179.46899 176.31900 179.46001 180.83900 177.43600 180.95100 181.66100 183.61400 187.20399 185.73500 185.10201 182.78900 184.92500 186.75800
125.06800 122.25000 119.50300 117.94600 118.97700 117.23200 116.74800 118.50000 120.63600 121.28500 125.29700 127.50300 128.12100 129.86600 133.46500 134.46500 135.75900 134.71700 133.15100 133.97200 136.99200 139.92101 142.45599 147.78500 150.68500 153.60699 153.86099 154.61099 153.02000 151.32600 152.17000 153.47800 154.46800 153.30600 156.17200 155.71400 161.49200 163.35899 163.89200 162.96100 165.77901 169.30901 172.08099 172.82700 172.86800 170.49100 170.97200 173.36800 175.64101 175.79100 174.00200 174.28000 176.73199 176.60899 174.16800 177.71700 176.34000 181.45300 179.57300 184.60400 186.70799 186.24800 188.20300 187.95599 188.17000 185.00999 187.37801 189.53500 191.00101 189.27200
123.87100 123.78200 123.40500 123.18400 123.71900 119.62300 117.47200 118.24100 118.15100 118.96900 122.22400 127.78600 121.30300 123.92700 128.07500 125.56700 124.61000 126.70100 140.69400 136.03600 131.02100 133.17700 136.10600 140.75500 149.96201 152.55901 153.21899 154.05000 152.85201 151.15500 152.10899 152.27699 154.06200 155.59399 157.72200 162.35699 163.46400 163.86700 165.97400 166.26199 166.96400 166.39301 170.40800 172.89700 172.88800 177.80400 179.24200 179.71899 178.43600 176.26199 176.05600 176.40500 179.13499 180.24699 180.40900 179.22301 179.41499 182.64101 182.61900 188.53000 189.84300 192.58400 192.84700 190.80701 188.74100 191.76300 193.78900 193.93100 195.69000 194.34300
123.68000 124.34900 125.02800 124.98400 125.45500 123.54900 123.28500 123.05100 121.80800 122.16700 122.05800 123.48600 124.06800 125.77100 129.24200 127.48100 128.23900 127.35300 131.83900 137.44501 141.33400 138.93201 139.35400 142.59300 144.27299 149.45399 152.91400 153.93401 153.16499 153.01601 154.17799 153.52499 155.96800 159.42400 160.58501 161.71300 164.17400 166.00200 168.14600 168.91000 168.91701 167.71899 169.01300 170.45500 172.35800 179.42300 181.53900 179.99800 179.56000 179.01900 177.07100 177.47701 181.06599 183.47200 180.44600 185.35400 187.32700 188.51601 190.83000 188.48900 191.83600 193.06700 194.58299 194.32600 196.40100 196.74300 196.56100 196.21600 195.92101 192.95900
124.30400 124.88400 125.25000 124.04200 124.53900 125.09400 126.53900 126.64100 126.60100 126.24000 126.38600 124.28500 123.48400 126.70500 131.62801 134.18600 133.50301 135.06100 136.27499 134.62801 138.37199 140.55901 145.33400 148.52000 147.72701 147.16800 148.92300 153.06100 152.09100 151.93900 150.96800 153.48700 155.24800 160.86301 161.95399 162.00999 161.68100 164.47701 163.23599 167.48100 165.20500 163.46700 167.77499 170.28300 168.27499 172.28999 178.07100 179.13901 179.90401 181.71899 181.09200 180.96700 186.54700 189.16000 190.53700 194.44000 194.88300 194.48599 193.52000 195.57600 193.36700 196.38300 196.52499 196.78799 196.87500 197.83000 198.32500 198.28200 198.32001 196.21800
127.97700 124.84000 123.55100 123.11500 123.45700 125.66200 126.74100 128.44701 128.86400 129.65900 126.64100 128.05400 128.90800 127.07400 131.86501 138.88300 141.58000 139.87300 139.61200 139.61700 141.49899 144.49200 146.30400 148.45599 150.79300 151.65401 152.76601 151.80000 152.87100 153.52100 152.40800 156.89999 157.17200 162.12700 159.31700 159.96201 165.55400 164.69000 163.31100 166.33400 169.00400 167.42700 167.69800 168.36301 171.97701 173.39400 176.55400 178.81300 179.64400 182.02699 181.66499 183.75900 184.77600 187.35400 188.41100 190.00301 191.77901 193.99300 197.91200 199.78600 201.43300 201.99699 200.35800 199.28700 198.92599 198.60600 199.19400 199.46600 199.76401 195.67999
131.21600 129.69000 128.41701 124.87600 124.94400 125.67200 129.82401 130.82899 133.19400 131.87601 131.29100 133.86800 135.97200 135.51700 134.99001 139.83501 142.99400 143.19099 146.93700 148.47099 151.47600 145.98399 151.00301 154.19501 155.41299 155.98100 153.00200 150.57600 152.03600 152.96300 154.75700 153.64900 157.75200 161.04201 159.72301 159.39400 164.73300 165.12500 165.01199 164.36400 166.74699 168.30099 168.98000 171.08701 172.49699 175.16400 176.07700 181.91100 182.56500 182.47400 184.56700 186.87700 188.14301 191.70599 195.28600 195.92700 199.08400 200.75500 202.22200 204.57001 204.97600 204.84399 203.23300 202.49699 200.79900 196.08701 197.43401 197.21600 198.11099 197.31599
133.20900 131.09700 131.95799 128.63100 127.22500 128.41000 126.90800 129.48199 134.06000 134.59000 134.81500 138.42900 138.79700 141.34200 142.85400 142.22501 147.29700 151.44299 154.72099 156.37900 158.23100 159.29100 156.28900 158.13100 161.45000 163.09100 163.49699 159.59700 158.08701 158.81000 157.40300 160.72200 162.13499 162.44000 162.71700 162.60699 163.57899 167.02901 165.56900 164.10500 164.20300 170.03000 171.93900 172.34599 178.16200 180.63901 184.18401 188.64000 192.57899 193.78101 196.69000 199.06500 201.45000 202.40199 202.44299 202.80600 203.96600 206.76401 208.91600 208.62300 208.76199 207.27901 206.74001 203.09000 197.28700 195.38699 196.42900 196.33099 198.28300 200.83099
136.22200 137.59801 136.09200 132.28600 133.60001 131.84599 131.88300 128.38300 132.07600 136.17999 134.86800 136.37500 139.41800 142.52100 142.70599 146.58099 151.57600 152.09599 155.29401 161.31500 163.26199 162.26801 160.72200 158.30800 164.69701 167.83501 166.98599 161.48199 161.13400 159.83600 157.71899 162.74001 165.05499 164.16100 164.71700 164.33299 167.22501 168.25900 170.56200 168.95399 170.13699 174.67400 181.19901 180.25200 184.92599 190.43500 192.28400 192.91499 194.65300 194.09300 198.23300 -9999 -9999 206.36000 208.23900 211.00800 209.79100 211.56300 212.40601 212.05901 209.61700 208.11501 203.28900 198.96600 194.54601 196.95300 194.49800 193.76300 193.90601 200.94299
133.55200 133.59801 137.11301 136.00101 135.14101 135.34399 137.01100 133.17400 137.70399 136.53999 135.59900 135.52800 139.42000 139.51801 141.52901 146.50900 150.15700 150.24200 155.16800 160.10600 158.95100 163.92599 167.17101 168.27400 167.07300 160.12000 163.18800 161.67200 162.30499 160.91299 161.14000 160.88499 165.77299 165.73300 165.27499 166.29900 168.11400 168.67400 176.82100 183.42999 -9999 -9999 -9999 -9999 194.06700 -9999 190.95200 186.96001 192.90401 196.05499 203.67200 -9999 -9999 207.95500 210.63800 213.76601 214.54401 216.16200 214.73599 212.09599 208.53799 206.52100 203.88499 202.01500 200.25200 203.06000 193.90500 193.47400 196.12399 204.93900
