data/hydroclimate-scenarios/BCSD_hadcm_A1B/monthly_summaries/olr_monthly_avg_jun.2030-2059.asc
ncols	311
nrows	91
xllcenter	102.75
yllcenter	31.75
cellsize	0.5
NODATA_value	-9999
[rows 0 to 30 of 91, columns 210 to 279 of 311]
-9999 -9999 -9999 -9999 -9999 -9999 -9999 -9999 -9999 -9999 -9999 -9999 -9999 -9999 -9999 -9999 -9999 -9999 -9999 -9999 -9999 -9999 -9999 -9999 -9999 -9999 -9999 -9999 -9999 -9999 -9999 -9999 -9999 -9999 -9999 -9999 -9999 -9999 -9999 -9999 -9999 -9999 -9999 -9999 -9999 -9999 -9999 -9999 -9999 -9999 -9999 -9999 -9999 -9999 -9999 -9999 -9999 -9999 -9999 -9999 -9999 -9999 -9999 -9999 -9999 -9999 -9999 -9999 -9999 -9999
-9999 -9999 -9999 -9999 -9999 -9999 -9999 -9999 -9999 -9999 -9999 -9999 -9999 -9999 -9999 -9999 -9999 -9999 -9999 -9999 -9999 -9999 -9999 -9999 -9999 -9999 -9999 -9999 -9999 -9999 -9999 -9999 -9999 -9999 -9999 -9999 -9999 -9999 -9999 -9999 -9999 -9999 -9999 -9999 -9999 -9999 -9999 -9999 -9999 -9999 -9999 -9999 -9999 -9999 -9999 -9999 -9999 -9999 -9999 -9999 -9999 -9999 -9999 -9999 -9999 -9999 -9999 -9999 -9999 -9999
-9999 -9999 -9999 -9999 -9999 -9999 -9999 -9999 -9999 -9999 -9999 -9999 -9999 -9999 -9999 -9999 -9999 -9999 -9999 -9999 -9999 -9999 -9999 -9999 -9999 -9999 -9999 -9999 -9999 -9999 -9999 -9999 -9999 -9999 -9999 -9999 -9999 -9999 -9999 -9999 -9999 -9999 -9999 -9999 -9999 -9999 -9999 -9999 -9999 -9999 -9999 -9999 -9999 -9999 -9999 -9999 -9999 -9999 -9999 -9999 -9999 -9999 -9999 -9999 -9999 -9999 -9999 -9999 -9999 -9999
-9999 -9999 -9999 -9999 -9999 -9999 -9999 -9999 -9999 -9999 -9999 -9999 -9999 -9999 -9999 -9999 -9999 -9999 -9999 -9999 -9999 -9999 -9999 -9999 -9999 -9999 -9999 -9999 -9999 -9999 -9999 -9999 -9999 -9999 -9999 -9999 -9999 -9999 -9999 -9999 -9999 -9999 -9999 -9999 -9999 -9999 -9999 -9999 -9999 -9999 -9999 -9999 -9999 -9999 -9999 -9999 -9999 -9999 -9999 -9999 -9999 -9999 -9999 -9999 -9999 -9999 -9999 -9999 -9999 -9999
-9999 -9999 -9999 -9999 -9999 -9999 -9999 -9999 -9999 -9999 -9999 -9999 -9999 -9999 -9999 -9999 -9999 -9999 -9999 -9999 -9999 -9999 -9999 -9999 -9999 -9999 -9999 -9999 -9999 -9999 -9999 -9999 -9999 -9999 -9999 -9999 -9999 -9999 -9999 -9999 -9999 -9999 -9999 -9999 -9999 -9999 -9999 -9999 -9999 -9999 -9999 -9999 -9999 -9999 -9999 -9999 -9999 -9999 -9999 -9999 -9999 -9999 -9999 -9999 -9999 -9999 -9999 -9999 -9999 -9999
-9999 -9999 -9999 -9999 -9999 -9999 -9999 -9999 -9999 -9999 -9999 -9999 -9999 -9999 -9999 -9999 -9999 -9999 -9999 -9999 -9999 -9999 -9999 -9999 -9999 -9999 -9999 -9999 -9999 -9999 -9999 -9999 -9999 -9999 -9999 -9999 -9999 -9999 -9999 -9999 -9999 -9999 -9999 -9999 -9999 -9999 -9999 -9999 -9999 -9999 -9999 -9999 -9999 -9999 -9999 -9999 -9999 -9999 -9999 -9999 -9999 -9999 -9999 -9999 -9999 -9999 -9999 -9999 -9999 -9999
-9999 -9999 -9999 -9999 -9999 -9999 -9999 -9999 -9999 -9999 -9999 -9999 -9999 -9999 -9999 -9999 -9999 -9999 -9999 -9999 -9999 -9999 -9999 -9999 -9999 -9999 -9999 -9999 -9999 -9999 -9999 -9999 -9999 -9999 -9999 -9999 -9999 -9999 -9999 -9999 -9999 -9999 -9999 -9999 -9999 -9999 -9999 -9999 -9999 -9999 -9999 -9999 -9999 -9999 -9999 -9999 -9999 -9999 -9999 -9999 -9999 -9999 -9999 -9999 -9999 -9999 -9999 -9999 -9999 -9999
-9999 -9999 -9999 -9999 -9999 -9999 -9999 -9999 -9999 -9999 -9999 -9999 -9999 -9999 -9999 -9999 -9999 -9999 -9999 -9999 -9999 -9999 -9999 -9999 -9999 -9999 -9999 -9999 -9999 -9999 -9999 -9999 -9999 -9999 -9999 -9999 -9999 -9999 -9999 -9999 -9999 -9999 -9999 -9999 -9999 -9999 -9999 -9999 -9999 -9999 -9999 -9999 -9999 -9999 -9999 -9999 -9999 -9999 -9999 -9999 -9999 -9999 -9999 -9999 -9999 -9999 -9999 -9999 -9999 -9999
-9999 -9999 -9999 -9999 -9999 -9999 -9999 -9999 -9999 -9999 -9999 -9999 -9999 -9999 -9999 -9999 -9999 -9999 -9999 -9999 -9999 -9999 -9999 -9999 -9999 -9999 -9999 -9999 -9999 -9999 -9999 -9999 -9999 -9999 -9999 -9999 -9999 -9999 -9999 -9999 -9999 -9999 -9999 -9999 -9999 -9999 -9999 -9999 -9999 -9999 -9999 -9999 -9999 -9999 -9999 -9999 -9999 -9999 -9999 -9999 -9999 -9999 -9999 -9999 -9999 -9999 -9999 -9999 -9999 -9999
-9999 -9999 -9999 -9999 -9999 -9999 -9999 -9999 -9999 -9999 -9999 -9999 -9999 -9999 -9999 -9999 -9999 -9999 -9999 -9999 -9999 -9999 -9999 -9999 -9999 -9999 -9999 -9999 -9999 -9999 -9999 -9999 -9999 -9999 -9999 -9999 -9999 -9999 -9999 -9999 -9999 -9999 -9999 -9999 -9999 -9999 -9999 -9999 -9999 -9999 -9999 -9999 -9999 -9999 -9999 -9999 -9999 -9999 -9999 -9999 -9999 -9999 -9999 -9999 -9999 -9999 -9999 -9999 -9999 -9999
-9999 -9999 -9999 -9999 -9999 -9999 -9999 -9999 -9999 -9999 -9999 -9999 -9999 -9999 -9999 -9999 -9999 -9999 -9999 -9999 -9999 -9999 -9999 -9999 -9999 -9999 -9999 -9999 -9999 -9999 -9999 -9999 -9999 -9999 -9999 -9999 -9999 -9999 -9999 -9999 -9999 -9999 -9999 -9999 -9999 -9999 -9999 -9999 -9999 -9999 -9999 -9999 -9999 -9999 -9999 -9999 -9999 -9999 -9999 -9999 -9999 -9999 -9999 -9999 -9999 -9999 -9999 -9999 -9999 -9999
-9999 -9999 -9999 -9999 -9999 -9999 -9999 -9999 -9999 -9999 -9999 -9999 -9999 -9999 -9999 -9999 -9999 -9999 -9999 -9999 -9999 -9999 -9999 -9999 -9999 -9999 -9999 -9999 -9999 -9999 -9999 -9999 -9999 -9999 -9999 -9999 -9999 -9999 -9999 -9999 -9999 -9999 -9999 -9999 -9999 -9999 -9999 -9999 -9999 -9999 -9999 -9999 -9999 -9999 -9999 -9999 -9999 -9999 -9999 -9999 -9999 -9999 -9999 -9999 -9999 -9999 -9999 -9999 -9999 -9999
-9999 -9999 -9999 -9999 -9999 -9999 -9999 -9999 -9999 -9999 -9999 -9999 -9999 -9999 -9999 -9999 -9999 -9999 -9999 -9999 -9999 -9999 -9999 -9999 -9999 -9999 -9999 -9999 -9999 -9999 -9999 -9999 -9999 -9999 -9999 -9999 -9999 -9999 -9999 -9999 -9999 -9999 -9999 -9999 -9999 -9999 -9999 -9999 -9999 -9999 -9999 -9999 -9999 -9999 -9999 -9999 -9999 -9999 -9999 -9999 -9999 -9999 -9999 -9999 -9999 -9999 -9999 -9999 -9999 -9999
278.59399 273.78400 271.44000 272.96799 273.56601 276.25400 274.55399 276.54199 276.15399 -9999 -9999 -9999 -9999 -9999 -9999 -9999 -9999 -9999 -9999 -9999 -9999 -9999 -9999 -9999 -9999 -9999 -9999 -9999 -9999 -9999 -9999 -9999 -9999 -9999 -9999 -9999 -9999 -9999 -9999 -9999 -9999 -9999 -9999 -9999 -9999 -9999 -9999 -9999 -9999 -9999 274.98001 -9999 -9999 -9999 -9999 -9999 -9999 -9999 -9999 -9999 -9999 -9999 -9999 -9999 -9999 -9999 -9999 -9999 -9999 -9999
289.76001 288.29099 286.54300 286.11801 284.67401 281.81000 280.22198 278.64499 278.80801 277.17001 277.28699 278.91101 279.17899 278.82300 277.15399 276.60001 272.99100 270.89899 271.10199 271.39700 270.75699 301.35699 -9999 -9999 -9999 -9999 -9999 -9999 -9999 -9999 -9999 -9999 -9999 -9999 -9999 -9999 -9999 -9999 -9999 -9999 -9999 -9999 -9999 -9999 -9999 260.28101 264.06699 261.93701 257.64301 256.46399 261.51599 274.88300 -9999 -9999 -9999 280.33401 -9999 -9999 -9999 280.43399 279.32999 278.87799 -9999 -9999 -9999 -9999 -9999 -9999 -9999 -9999
292.12601 290.97900 290.27802 290.51700 290.06601 290.50000 290.21600 289.89899 289.76001 290.50101 290.59799 289.71201 288.67599 288.65500 281.04401 282.54999 279.04199 274.87500 282.41599 284.92700 285.00101 280.88199 277.18500 274.57501 269.36499 271.97299 275.41901 274.65701 -9999 -9999 -9999 -9999 -9999 281.65100 282.30399 281.57300 280.60699 279.58600 276.66000 275.39001 275.83600 275.99600 276.15399 276.00601 275.75000 259.25699 260.76401 257.97198 260.39200 256.81799 259.23199 276.35800 276.49500 280.14099 279.70200 279.44601 280.97800 281.21600 279.76999 277.76001 273.28000 268.79501 269.33200 272.86801 275.82800 277.26599 280.13101 -9999 -9999 -9999
293.28500 292.06100 291.54599 292.00400 291.85699 291.32300 290.56201 290.98901 290.27200 288.41699 283.00699 282.57700 284.23901 281.32199 282.68500 283.51199 279.25201 285.48499 285.32599 291.35101 294.68701 286.78699 286.17899 279.74399 272.56100 275.78400 272.32800 270.31000 272.46799 275.92499 278.93900 282.01300 284.01300 286.72101 288.45599 286.06500 284.81799 284.04999 282.01401 279.26199 278.31601 277.95401 278.68500 278.05399 277.52802 277.23999 276.54099 277.47800 278.04599 274.46301 274.93900 276.64700 277.18900 278.73801 278.83301 278.81000 279.81100 279.56699 280.85199 279.79599 279.42899 279.60800 279.02802 278.69299 278.44901 275.91599 273.09100 274.21301 274.89099 277.34900
290.84000 290.92499 287.19400 283.10999 282.25500 280.87299 279.62601 280.22000 277.12799 283.27499 286.68600 288.82300 294.69800 300.38901 302.20999 296.06299 296.93201 301.72299 304.73499 303.08701 307.69400 306.26001 299.80600 290.76001 284.89499 286.63000 284.76001 275.30600 274.02100 272.89499 273.03400 274.55899 277.16400 284.95901 292.70599 292.37201 292.03201 292.30099 289.71899 285.94601 283.45700 282.95999 282.58499 281.84500 282.26501 282.80200 284.15201 284.79099 284.95901 280.76401 280.07001 281.45001 281.67001 282.33099 282.13501 281.87799 282.41800 282.57999 282.17099 281.66299 280.97101 281.20200 281.16299 280.68799 280.37100 275.61099 274.31699 276.81799 277.47900 277.45300
301.98300 296.51099 296.49500 296.77499 293.47699 295.41000 291.86801 287.79901 293.76001 299.03000 299.06500 303.20801 310.40799 308.35699 308.59201 309.46301 310.02301 308.26001 309.95901 315.50000 317.16800 309.21301 300.08099 297.16299 290.31000 291.68900 290.79599 282.35501 278.85599 279.94000 273.07501 273.05600 273.49200 285.34698 296.47299 298.73401 298.14401 296.78000 295.78799 292.35199 289.80301 289.65100 287.75800 288.75800 288.11401 292.08801 292.78500 291.79401 292.02600 288.41101 287.43500 287.32199 287.17300 287.09698 285.87701 285.06100 285.18500 285.92001 285.36301 284.68201 283.79599 282.62000 282.85599 282.69400 281.64200 277.52100 277.91699 279.35199 278.27899 280.17401
307.84799 309.52701 307.77100 309.95599 307.49100 304.36499 303.01599 301.62100 303.63000 309.40601 310.48901 318.77802 320.48700 321.69699 322.92899 320.29199 319.53500 318.20200 317.96301 320.42001 319.24500 322.26199 313.68600 301.35699 295.09900 289.76700 288.97101 279.69699 281.95099 288.49100 289.50699 288.60599 278.38400 290.24399 296.54999 302.50601 302.78799 300.80099 299.86499 298.59299 297.63800 295.17200 293.25601 294.32599 295.17599 295.52100 296.52399 297.96500 298.38400 294.77200 293.59399 292.98401 292.11700 291.93100 289.87900 290.03900 287.81000 288.77701 288.48300 287.27100 286.17499 285.20801 285.47101 284.77899 284.53500 283.21399 283.01599 282.09100 282.33301 284.04599
315.35999 318.56699 317.76001 312.85599 305.01599 308.14301 316.82199 322.56900 326.79501 328.83200 329.55499 331.73700 332.42300 332.47000 331.48099 330.50601 327.37799 323.54999 322.70901 321.47601 321.62799 320.62500 310.23099 297.84698 289.96701 290.00900 286.05801 281.79599 286.53000 291.60199 293.60501 292.42899 287.20300 286.66400 299.30499 304.13699 305.52899 305.82901 304.19901 302.83801 302.79199 301.49301 300.42099 300.04800 300.89001 303.17499 303.74301 305.14301 306.20599 304.11301 302.01001 300.41501 297.78699 295.38501 294.94601 293.94299 292.70499 291.67801 292.35999 291.32501 290.34698 291.67899 291.80399 292.06299 291.60501 289.98499 288.64999 287.51199 286.97000 288.36401
319.64801 320.01300 315.14999 311.67899 314.87399 319.85300 325.16101 327.17099 328.73599 330.66000 331.32199 331.20099 331.03601 331.89001 332.05600 331.69400 329.08600 325.04501 325.15799 325.36600 325.12799 323.30899 314.23499 295.80099 286.52899 281.67099 283.64899 283.80200 290.93201 294.73001 295.03400 293.75500 292.03601 285.94101 294.61301 300.39001 305.99500 307.87201 307.77600 306.30301 306.54099 306.03101 305.82401 305.84900 306.34601 309.60199 311.59500 313.31799 312.65900 310.30099 308.28101 306.63300 303.76999 301.24799 300.67499 300.23999 299.64801 297.50101 299.72101 298.08301 296.65399 294.32501 296.18100 296.37900 294.41901 294.05600 292.25000 290.81900 291.68600 291.39700
317.27301 313.93600 312.11899 315.96399 318.54300 318.73099 318.38199 319.95801 321.84601 321.94101 318.87000 318.95001 320.63699 320.85300 324.83499 326.70401 327.61401 327.44400 327.25101 323.90399 325.17200 319.73401 313.64301 297.40799 289.68500 285.35001 286.40900 281.39899 289.52499 291.04099 291.54099 295.19299 297.79300 297.69901 301.53699 303.04401 301.00699 301.04501 302.54800 301.14301 298.28299 302.79599 303.95999 302.84500 307.70700 312.07501 313.77802 314.82700 315.70001 314.57599 310.28900 309.51700 306.66901 304.93900 303.68799 303.06000 301.95801 300.76001 299.25000 297.40601 298.45700 300.39499 299.93399 297.44501 297.37201 295.94400 294.59399 293.66000 293.47198 289.67099
319.54199 317.36401 317.39001 318.96100 318.14999 317.25900 319.50000 322.34299 322.26801 322.47000 322.02399 318.18201 314.86600 313.95401 312.17801 309.13501 313.46899 317.96899 323.48801 325.74100 325.29300 319.85901 312.54001 300.90701 289.57700 289.73099 290.71600 284.09698 284.63699 286.52301 287.30600 287.54001 289.28699 293.08701 297.81900 296.59100 293.34201 290.07401 287.60001 284.43100 286.05499 291.07800 292.55801 287.61899 289.80399 298.60800 301.71600 305.90302 306.79599 315.82501 318.61401 318.22000 312.06799 311.37201 311.29501 306.83401 305.16800 304.31799 302.23999 303.15201 303.91901 303.51501 296.92200 295.47900 297.75101 296.95999 294.23999 293.83600 293.58899 292.35199
321.69400 320.60001 320.39099 321.24301 322.51599 324.26599 324.50800 322.88901 323.93399 325.79501 324.49399 322.55701 320.98099 318.60699 315.13300 308.52100 305.25699 303.47601 305.87000 304.47000 312.50299 310.03900 313.69901 309.61801 293.18399 288.21799 285.14099 283.33301 283.64801 279.66000 283.20599 282.97900 282.39099 279.88000 279.98801 280.77100 280.21600 277.20700 278.55301 279.19000 276.69800 279.41901 282.64999 279.75400 280.59000 284.96399 284.44901 285.11899 286.43301 291.67001 299.52701 312.32101 317.43100 313.60599 313.72400 313.16299 307.64700 306.26599 306.94000 305.88800 304.27701 304.76199 303.91199 300.80899 296.84100 295.32599 294.79199 297.96399 300.83600 300.75101
323.27100 319.82901 321.55200 323.84799 324.13599 322.79099 321.92999 317.49799 317.18900 317.94901 320.10599 321.18900 323.32401 322.86600 321.70499 320.71100 315.57101 306.81699 311.03699 313.37299 311.83600 312.57901 308.85999 304.13599 304.19901 295.12100 297.75500 289.08701 286.06500 283.57199 283.17001 283.98499 287.42999 288.17300 290.08301 285.85300 287.60001 282.31400 282.24600 285.43201 281.87299 283.88501 284.72101 282.73001 281.22601 287.06100 286.87799 288.39600 287.36401 291.16699 297.73999 305.19299 311.21899 312.49301 314.33200 316.07599 308.71399 304.01999 308.00201 308.57700 306.72900 307.38800 306.12900 303.06601 300.50900 300.45999 300.43799 300.02499 299.84601 302.73401
324.72601 325.42899 323.92300 315.48700 308.92401 304.08099 300.29099 302.62701 293.15201 288.32800 288.11499 293.17300 304.27600 313.48199 307.35400 317.05600 320.61301 322.21399 321.95001 318.43100 314.89301 317.13599 308.88699 303.69299 300.43500 301.27899 302.54901 299.05099 299.61700 301.10599 297.77802 297.48300 301.51401 302.89001 298.02100 296.92700 297.79401 299.92200 299.00601 289.94601 290.44699 289.54199 288.57599 289.31000 290.39999 288.52802 289.15201 288.51300 293.18301 294.51099 292.13800 296.50000 304.30899 307.71899 312.55701 314.58301 315.65500 314.90799 309.54401 309.79700 309.58301 309.13400 307.97699 307.56699 304.15201 304.05801 302.61899 302.36700 304.57800 304.85300
315.96500 310.08600 290.30301 280.89099 285.17499 291.40100 294.24200 295.53699 299.07300 302.70401 300.64899 296.73001 296.63101 301.80801 290.84000 292.14700 296.38800 305.29800 315.84500 315.58701 314.65799 319.35800 312.39099 304.60901 303.74899 302.28900 306.10101 299.07199 300.77200 300.67999 302.47501 301.88101 302.38699 298.81400 296.45901 295.29599 299.86600 292.35501 291.82199 293.64700 294.35800 291.61801 289.85400 291.85199 289.83600 288.83801 292.37500 291.38501 289.68600 285.70801 288.38501 295.84799 301.79001 303.51300 305.60001 308.81601 312.57999 318.54401 312.39600 310.98199 311.41199 312.32199 311.53000 309.43500 307.73099 308.81699 308.27100 307.65399 307.58600 307.47101
290.97299 287.94601 281.94901 297.69699 312.96799 312.19699 303.88199 301.96399 301.46201 301.39600 306.47800 304.87000 303.89200 304.94901 305.11200 306.35599 306.68600 310.05899 304.78601 314.67300 325.80899 321.37900 317.56000 311.31601 304.79901 301.63501 302.37799 292.91699 290.85101 299.89700 302.12299 300.57599 303.53201 305.76801 303.16501 300.08401 293.32999 290.89200 293.64600 295.70300 292.16599 293.75699 297.38101 292.54001 292.17001 289.35501 290.83200 289.41501 288.50201 285.29599 282.43201 287.26901 286.23300 292.69000 294.53101 306.46399 314.42499 318.24200 322.20999 316.62701 315.73001 317.20901 316.40399 314.83801 313.59799 313.57700 312.21100 310.41800 309.37601 310.35300
301.50601 318.10501 317.71600 320.48401 323.18399 317.10999 299.32501 291.39401 292.62100 295.63199 302.03400 303.58200 304.25900 307.24301 313.46799 314.27802 293.58801 286.34299 288.57599 292.18600 301.45099 301.10800 300.27499 307.83701 310.22800 311.18100 305.32300 299.92700 296.77200 294.81201 291.16501 296.09698 302.97601 303.03500 299.51300 299.99100 291.90399 290.84698 289.63901 297.32700 294.65302 298.26401 300.55899 299.18100 296.44699 295.51599 286.20099 291.25601 287.48499 288.86801 288.68600 285.39301 286.05399 289.34299 294.37799 302.25000 308.74799 315.11499 324.86499 321.50601 319.72900 320.50101 318.53101 313.33099 307.75299 306.44101 305.48801 305.48499 308.74899 312.29001
293.95401 310.62000 319.22501 322.62299 323.26901 317.51099 307.86301 300.81400 298.63501 299.49799 298.53400 299.95901 303.23401 304.39001 307.46399 312.53699 304.61899 275.72601 267.34000 275.71500 284.49301 286.16699 289.76901 289.79401 294.52899 300.83499 297.88599 292.03799 289.81799 291.95499 296.11301 290.92700 294.89700 295.90201 298.01099 301.52802 295.15601 291.41699 288.76599 289.51901 292.60101 297.04401 299.68500 296.53799 294.82700 298.26999 291.73499 292.29199 293.70300 290.12500 290.70200 293.64499 301.69699 298.74600 298.96701 298.10400 303.87799 304.32800 314.67401 319.98700 317.93100 321.76199 322.42499 320.68500 318.02899 313.96899 313.74899 313.46799 313.94400 314.64899
