data/hydroclimate-scenarios/BCSD_hadcm_A1B/monthly_summaries/olr_monthly_avg_nov.2070-2099.asc
ncols	311
nrows	91
xllcenter	102.75
yllcenter	31.75
cellsize	0.5
NODATA_value	-9999
[rows 31 to 61 of 91, columns 0 to 69 of 311]
-9999 -9999 -9999 -9999 -9999 -9999 -9999 -9999 -9999 -9999 -9999 203.36501 204.05499 204.03000 205.23599 202.60600 202.23399 202.39500 202.47000 201.64999 202.56700 202.74500 203.19099 204.32300 204.78799 203.84399 203.26700 203.11800 204.32800 203.74899 203.20900 203.69800 203.88901 205.66499 204.97400 207.59399 208.49001 204.51199 202.41499 201.82300 202.01500 199.79201 199.17700 198.90199 198.58000 198.73801 198.72900 198.70799 198.53300 197.63000 196.20500 194.83299 192.50301 189.87700 187.46100 185.65601 183.91299 182.83800 181.66600 180.99800 180.52600 180.34900 179.49300 180.22501 180.89301 182.07300 180.85201 181.96300 177.80701 173.57100
-9999 -9999 -9999 -9999 -9999 -9999 -9999 -9999 -9999 -9999 -9999 204.35500 204.17900 206.44501 206.53400 204.75101 204.93100 205.03101 205.04300 205.57001 204.97400 206.23801 208.00500 207.33701 207.90800 206.15700 204.68201 205.54201 205.51401 205.20000 203.69000 204.18700 205.51401 206.22501 206.35500 209.88000 210.30400 208.78999 207.24699 204.78999 204.14000 204.39900 204.50400 203.27000 202.28999 200.66499 200.51700 197.91299 196.68600 195.40900 194.11501 192.28400 190.83400 188.57600 188.05400 187.29300 186.43401 185.31200 185.33600 184.14900 183.81400 183.58600 183.67999 183.99600 186.01300 187.95799 187.17400 186.33701 183.16600 180.55701
-9999 -9999 -9999 -9999 -9999 -9999 -9999 -9999 -9999 -9999 -9999 205.85300 205.02600 207.71500 207.08900 206.93300 206.71500 207.46201 208.53101 208.68500 208.89301 208.92400 209.60899 208.87199 206.74500 203.46700 202.11800 203.58299 205.46800 207.08800 205.51100 205.40300 206.35001 208.22501 209.48801 212.38400 211.69099 209.88901 208.46100 203.17400 205.33200 202.66901 204.37199 204.64200 203.59700 202.20000 200.75800 198.74200 197.48199 195.42700 193.80499 194.33600 192.85400 191.86501 191.65300 190.36301 189.73599 188.04100 187.65601 187.36600 186.94600 186.73801 188.59300 189.12500 190.47501 190.42799 190.69000 190.26401 189.45000 186.47900
-9999 -9999 -9999 -9999 -9999 -9999 -9999 -9999 -9999 -9999 -9999 -9999 207.59200 209.09599 209.14301 210.06799 210.03700 211.68600 212.67599 214.64700 213.94000 213.11000 210.40300 208.40700 206.21300 198.75500 198.94701 196.95799 201.32300 201.84300 203.39000 205.62500 206.13499 207.19299 207.65300 207.89700 207.51500 207.83900 206.74300 204.63499 204.65700 204.55901 204.97501 209.16701 209.26401 208.73500 208.00700 207.27299 204.90199 201.50999 200.42500 198.41299 196.86200 194.23700 192.86200 191.27800 191.29601 190.49899 189.71500 190.12399 190.45399 191.00600 189.79601 189.56900 191.59200 192.79900 194.48199 192.33000 187.27200 185.88400
-9999 -9999 -9999 -9999 -9999 -9999 -9999 -9999 -9999 -9999 -9999 -9999 209.82700 211.16000 211.35100 212.31200 213.46400 215.16200 215.20700 216.07600 215.75600 209.26401 206.96001 204.63300 200.21201 200.25800 201.56799 196.33800 199.84801 198.74100 199.62100 200.54401 205.58900 207.64200 208.14200 207.90100 207.08800 208.55800 208.33900 206.60001 206.45599 205.50900 206.87900 211.76500 213.84599 215.58000 215.25301 210.94800 207.93700 202.02901 199.68401 199.65300 198.17300 195.46600 195.70799 193.55600 193.53200 192.24899 192.42101 192.04300 191.15900 188.80600 188.76700 189.02400 192.19600 196.48500 195.19000 195.77200 194.54401 195.07600
-9999 -9999 -9999 -9999 -9999 -9999 -9999 -9999 -9999 -9999 -9999 -9999 210.94501 213.00500 213.51100 213.98500 214.05600 214.67300 214.15199 213.22900 212.24600 208.25999 206.88400 203.82500 203.01801 197.91400 199.00999 201.17700 199.39999 200.20900 201.57100 204.60400 203.16299 203.44000 207.18500 207.84399 207.68900 207.51500 208.32700 207.74800 204.37199 204.13499 207.74600 212.59900 215.91100 218.89101 216.02499 209.47501 207.15100 206.16701 203.68401 202.62700 202.31700 198.34599 198.21700 195.50700 193.98399 193.14700 192.75400 190.28900 190.46899 188.59700 190.48801 194.07100 194.74200 195.56100 196.75900 198.53500 196.67599 200.11900
-9999 -9999 -9999 213.08501 212.67400 211.99200 212.74699 212.27699 211.79100 -9999 212.50999 212.68800 214.15500 215.36200 215.51300 215.61600 215.10100 215.61600 213.09300 212.25301 212.76300 210.92300 209.03300 208.15500 206.15700 202.68800 203.52800 198.96500 198.95599 192.75600 198.14000 202.53300 200.26300 195.99001 201.07201 203.40500 202.31700 203.07001 204.51900 206.86400 206.87801 205.78000 208.95100 213.22800 213.54900 213.33200 207.94501 209.82500 207.34000 203.63901 200.52699 199.52200 196.16499 189.92500 191.17500 184.16299 182.02200 190.32001 186.61700 189.74899 191.86301 190.75101 192.03400 193.38699 196.96500 198.96800 198.84801 200.04800 203.15401 205.33299
-9999 -9999 -9999 216.62199 215.50700 215.18201 213.56100 214.52200 215.00600 214.68700 216.60800 217.20000 215.54201 215.53500 213.27600 212.06300 210.89500 211.91800 211.25900 211.36900 212.35100 209.01300 211.25500 215.61600 211.07300 208.95200 206.10800 200.20700 196.69501 191.20100 195.36000 195.06100 195.39200 192.98300 194.32300 196.52499 197.15500 194.95100 201.51601 198.63800 199.36099 204.67700 207.64000 209.11700 208.22800 206.00800 205.45399 210.11200 203.71899 199.28500 196.10100 195.52600 192.09000 189.47501 192.60001 185.75101 188.52800 187.79601 184.69299 186.70100 189.12399 189.15500 190.91499 193.14999 195.57100 201.72501 203.37000 209.65100 211.02499 210.69501
-9999 -9999 -9999 219.00301 217.71400 215.51401 214.46001 216.20100 217.72301 218.76700 218.42500 217.44600 214.88699 211.65500 207.60001 210.56900 209.09200 210.38100 212.63699 213.14500 211.53700 207.92799 209.63800 210.75101 206.18600 206.18201 205.05499 199.40100 199.13499 190.25101 185.03600 187.59801 192.34100 192.51199 191.04800 193.50600 195.72600 197.27299 198.90800 198.28500 198.43700 202.16499 204.91200 208.92799 211.46400 209.19800 208.12700 205.09599 203.45500 196.89101 192.94800 197.89999 194.43600 192.02800 193.09300 188.49500 189.66000 189.68600 187.14400 187.59700 191.38600 192.59700 196.31300 194.85699 199.38300 202.30099 205.39000 207.93300 205.66100 207.98599
-9999 -9999 -9999 218.91299 220.08701 216.63200 217.77000 216.95599 216.82899 216.34100 218.50700 218.31300 212.41200 209.79100 208.32800 209.71700 207.43201 205.54100 206.69299 207.92799 203.78101 199.74899 195.78300 199.99200 200.67300 201.30299 201.52901 199.35400 191.56900 184.79300 187.00101 194.80200 189.86700 185.53799 186.08600 188.19200 193.27699 198.55901 196.49600 198.38600 197.53700 195.80400 194.81599 199.43700 207.35800 204.96899 201.73801 203.84399 197.62300 198.22099 192.22400 194.72200 193.08400 187.59700 190.03900 188.68401 189.48199 187.29800 186.59599 187.57500 185.40300 192.66600 196.41701 198.49600 200.18500 204.50999 205.97501 206.80800 203.68900 207.04500
-9999 -9999 -9999 220.95000 222.01401 216.80499 216.75600 217.63100 215.95300 217.51801 221.25301 216.77299 211.71899 208.43401 205.07600 206.79700 204.91000 205.95000 209.98700 212.26601 207.27600 202.71201 199.00101 205.72301 206.25000 205.71600 207.40300 202.37000 195.39900 188.74100 187.07899 188.19800 186.28700 189.43500 190.72800 190.52299 190.73100 195.93100 197.68800 197.31400 195.23100 195.04100 194.61400 196.07001 199.78799 202.79601 202.90300 200.87700 198.85100 197.13699 195.07001 198.72600 194.43100 187.27000 192.44000 185.40300 190.80901 190.52000 189.16901 185.14000 188.07201 191.56900 195.07899 193.85300 196.59700 204.61800 205.44099 203.92799 205.52299 217.03900
-9999 -9999 -9999 -9999 217.88699 216.02499 217.31799 215.40401 215.44299 218.11900 222.92700 219.17599 207.84200 214.52100 -9999 -9999 -9999 -9999 -9999 199.37700 198.79700 201.05099 197.72099 194.55499 197.02499 199.16901 205.68300 201.37900 197.42900 196.23599 192.86700 191.06599 189.73199 192.04100 195.88800 197.45000 195.26801 198.44800 197.75200 197.39301 198.38499 198.15900 196.59399 194.63800 196.80800 198.80400 198.19299 195.23599 197.62300 199.53600 195.85899 192.46201 194.30299 188.61501 187.09500 184.65100 183.38400 184.23100 185.57001 188.05901 188.02200 188.46001 192.09599 195.31200 198.88000 199.75500 204.95399 213.47501 220.51601 -9999
-9999 -9999 223.35800 220.80000 218.41200 218.83000 218.09300 214.96600 218.92900 220.70399 224.74100 220.32700 210.33701 -9999 -9999 -9999 -9999 -9999 196.35300 200.87399 200.50800 205.11501 204.50900 199.85600 199.93900 200.68900 206.87601 205.24600 203.27400 200.58299 197.98000 195.77499 195.97701 194.91499 195.91800 199.73700 197.22400 198.81400 197.62700 197.14799 195.81799 197.69800 196.90700 198.29800 200.09500 201.17400 200.48700 201.76700 203.91400 206.55901 204.22099 200.82600 197.76401 199.03400 193.74300 196.24699 192.13000 187.42900 188.10699 194.51401 195.42900 196.79700 199.43800 199.67500 204.75000 208.47301 213.30200 -9999 -9999 -9999
-9999 -9999 224.77400 222.29601 221.02100 219.29601 220.27000 216.42000 218.63901 222.13400 220.57500 219.16000 220.81400 -9999 -9999 -9999 -9999 209.57201 199.86900 205.59200 204.66400 206.24100 204.66100 204.26801 206.51900 209.94400 207.93800 204.91100 204.37500 204.33299 200.67599 196.23801 198.23000 199.90900 198.51100 198.13100 198.23100 198.61000 194.89500 191.78400 194.12399 192.13699 192.09100 194.94000 194.86000 198.11600 201.34700 200.44400 207.47701 205.63400 205.79900 205.20799 203.91901 202.39799 201.52699 205.74100 202.44200 194.28200 192.92300 197.59900 200.54500 197.33800 203.05901 209.41299 214.99699 -9999 -9999 -9999 -9999 -9999
-9999 -9999 228.53500 223.14900 222.39799 220.92900 221.46100 221.16299 220.99400 221.83600 218.94099 218.86800 235.35600 -9999 -9999 -9999 -9999 204.45500 205.26199 206.64600 206.16400 209.45200 211.46700 211.54601 209.69299 210.72301 206.88499 207.08099 205.57500 204.74001 201.46201 199.64200 198.80299 198.47099 200.47099 197.93600 196.72600 196.76300 193.97200 195.68500 194.98399 196.50600 196.72400 194.65900 197.28700 196.68500 198.34399 199.72501 203.66299 204.90800 208.96100 205.97600 204.58701 203.38800 202.48700 208.80800 208.71001 201.88699 203.45599 204.99001 211.21899 212.55299 214.36800 211.49800 208.86099 208.52400 217.72600 215.65199 223.29401 -9999
-9999 -9999 -9999 226.99500 223.91200 222.91901 224.25000 225.46100 223.32800 220.56200 224.42000 232.90300 -9999 -9999 -9999 -9999 211.76401 207.31200 211.00700 210.40401 212.14400 214.22501 211.97400 211.86400 210.78999 210.50800 208.77200 206.95799 206.43700 198.86600 199.14900 201.33800 203.32401 202.41400 202.04401 202.96201 202.53300 202.22501 201.33501 200.19000 198.43100 199.56599 198.00400 198.95200 203.05299 202.87199 205.70500 208.14101 206.84000 208.06599 204.63800 205.62700 206.40300 202.84399 199.47099 201.25800 202.12199 199.43800 201.49800 208.09801 209.45500 210.40601 205.38600 195.10800 190.35400 206.04800 215.29601 216.99400 222.56300 227.77800
-9999 -9999 -9999 -9999 229.88100 227.68700 227.13000 225.30901 222.96700 229.09801 235.08501 -9999 -9999 -9999 -9999 217.08900 213.47800 214.66200 216.55600 215.15300 215.92101 216.03999 214.52901 210.90199 209.89101 213.50600 212.47701 211.34700 208.04500 205.23000 202.61099 207.36501 207.93800 206.64900 203.16400 204.61501 203.68201 204.19901 202.27299 201.44200 198.87700 199.35699 200.95799 202.36000 205.66000 206.55600 207.86200 209.97600 210.58000 211.40601 211.09900 211.01900 208.53101 206.15500 206.59900 209.14400 210.52000 204.23100 204.56400 210.15401 206.27800 202.44800 202.56799 203.79900 200.30200 206.62500 215.81200 219.58501 218.76700 223.70700
-9999 -9999 -9999 -9999 -9999 -9999 228.00600 227.98399 231.56300 233.32401 230.06500 -9999 -9999 -9999 -9999 -9999 219.13300 217.83800 218.99699 216.21600 215.54601 223.45300 213.75301 211.90601 212.09100 215.92200 215.93201 213.01601 212.59300 210.41600 207.84399 209.73700 211.18800 205.83501 206.01601 208.72400 205.56200 201.42700 203.43401 201.69200 200.65900 195.86700 196.89301 201.46300 203.36099 207.70700 210.20200 211.30200 211.80600 212.19901 213.29100 212.05400 211.88100 210.43500 208.82500 210.27901 209.67999 209.14400 208.48100 207.85400 204.18100 202.28000 201.47200 199.46600 197.26300 203.32001 213.39999 221.18201 221.68700 223.33800
-9999 -9999 -9999 -9999 -9999 -9999 -9999 -9999 -9999 -9999 -9999 -9999 -9999 -9999 -9999 -9999 -9999 -9999 -9999 217.40900 216.95900 221.09399 217.17999 216.02000 215.48399 215.66400 214.90401 217.93900 216.75800 211.85800 210.31900 212.60100 209.26601 208.06200 207.17101 208.56900 208.34700 204.06599 202.92500 200.98100 199.39500 198.66200 199.95200 203.18600 204.76199 208.69000 212.61700 213.89301 214.75301 214.76601 214.99699 216.26700 214.71800 215.76401 213.23700 212.71300 212.12900 213.53600 211.09801 209.82700 203.71500 204.62000 203.43700 199.51500 198.79500 210.60300 218.50999 224.07700 224.92500 221.84900
-9999 -9999 -9999 -9999 -9999 -9999 -9999 -9999 -9999 -9999 -9999 -9999 -9999 -9999 -9999 -9999 -9999 -9999 219.43300 217.17599 218.36301 220.24300 219.51801 220.02901 219.49100 217.98100 218.50301 216.65401 214.80600 212.96800 212.66800 210.96201 209.81900 208.91000 209.01801 208.97099 207.10001 206.94600 202.28900 201.61099 200.49200 200.76500 201.37601 202.04700 204.20900 206.58501 211.18800 217.47400 220.39200 218.99300 220.10201 220.39799 220.60400 219.24001 216.63100 217.36000 216.38200 210.75800 206.89700 211.10500 212.69600 213.48599 210.30901 207.21001 205.76500 215.68500 221.33400 225.74300 227.79500 229.10600
-9999 -9999 -9999 -9999 -9999 -9999 -9999 -9999 -9999 -9999 -9999 -9999 -9999 -9999 -9999 -9999 -9999 220.45100 220.27600 221.38100 220.31300 219.46400 219.46800 221.12801 221.53400 219.77299 219.34500 216.20000 211.90500 211.37500 211.29900 212.49500 211.51500 212.96001 212.75999 208.49400 205.10500 204.98801 204.97000 203.77000 203.25101 203.56200 203.19901 205.93600 207.74600 210.45900 213.48199 217.33900 223.06300 222.53799 224.89301 226.07600 224.04700 221.12801 220.10201 219.28600 217.35400 212.79300 210.99800 215.00301 221.12700 217.42500 206.92500 205.77800 216.82600 220.87199 222.32600 228.86099 231.19701 232.75900
-9999 -9999 -9999 -9999 -9999 -9999 -9999 -9999 -9999 -9999 -9999 -9999 -9999 -9999 -9999 -9999 -9999 221.98500 223.11900 217.15100 218.96001 219.30299 220.27800 222.54900 227.27499 222.27600 221.50700 218.24500 216.47000 213.20200 213.49400 214.45500 215.68100 218.09599 214.59399 210.79401 208.50301 207.11600 203.07600 205.78200 206.61600 206.21600 207.20399 209.63200 211.45200 218.64900 221.65100 216.67000 221.16600 227.74001 228.97400 228.85300 226.59399 224.02200 223.08400 220.62900 215.04601 215.11600 218.10400 220.63000 219.14400 214.75900 215.20799 214.11900 210.03900 215.70500 225.21300 224.07899 233.18401 236.40700
-9999 -9999 -9999 -9999 -9999 -9999 -9999 -9999 -9999 -9999 -9999 -9999 -9999 -9999 -9999 -9999 213.75900 217.39000 217.40601 215.90199 220.68201 223.66100 221.66701 225.90500 230.99200 223.98801 223.94901 224.89301 221.13600 216.85800 216.11700 217.86000 217.91100 221.92000 219.67799 216.47000 212.82600 209.57700 206.68500 211.37700 212.94701 210.32500 210.23599 213.98599 216.21300 221.41800 223.48199 217.91100 221.66701 229.73801 232.17900 230.92200 227.77699 226.39400 225.32001 223.55701 222.42999 221.73000 222.47701 220.97400 222.89400 221.62300 218.79900 211.76801 218.45300 222.38400 227.57201 232.50400 240.73700 241.35201
-9999 -9999 -9999 -9999 -9999 -9999 -9999 -9999 -9999 -9999 -9999 -9999 -9999 216.26500 213.29401 212.11700 210.87500 212.31100 216.82001 221.70100 223.45300 225.02499 228.24200 224.59801 223.76700 227.60201 227.40700 226.09900 225.08501 225.09500 223.78200 225.29700 224.68700 222.91299 221.34900 219.36900 218.07500 217.75600 215.70200 214.59801 214.68100 216.35100 216.87399 223.29300 223.68100 225.16000 225.99899 226.19901 226.61099 227.48500 228.74600 227.84500 226.74800 229.79300 229.75000 226.60600 227.16600 228.42799 228.75301 227.13100 227.26199 229.77600 229.87500 229.99699 235.38100 241.83900 244.10699 243.58000 244.76900 245.12601
-9999 -9999 -9999 -9999 -9999 -9999 -9999 -9999 -9999 -9999 -9999 -9999 216.68900 214.57401 213.02400 211.93100 212.30499 217.53900 218.16100 226.94200 223.86800 230.25200 231.57201 227.65100 227.48700 231.59200 230.54100 230.41200 228.91299 229.79900 228.58501 229.99100 228.51700 226.00800 226.33400 224.87801 223.54601 223.96300 223.27400 222.61700 220.14301 220.83701 220.60500 226.37000 227.35300 228.25101 228.96100 228.43900 227.34399 227.39301 228.54800 228.80099 229.23900 231.57500 232.56900 232.25999 231.43600 229.64400 227.78200 227.85500 228.71899 234.98599 236.64799 235.52699 240.80000 246.87700 248.17300 247.98900 249.01100 243.90601
-9999 -9999 -9999 -9999 -9999 -9999 -9999 -9999 -9999 -9999 -9999 209.49400 210.79900 210.97000 213.95200 217.35500 218.69000 221.00600 222.22600 223.71700 225.92799 232.54201 232.91901 229.05400 228.54300 228.70700 228.06599 231.87601 234.47400 233.77400 230.91100 230.03900 229.65800 228.13800 228.94901 225.95000 224.08900 225.59599 230.27600 230.70599 229.72501 225.68100 226.97900 231.32500 232.16701 233.56900 234.02100 234.07201 232.84599 230.30600 230.43401 227.78400 229.89799 228.84200 230.32700 231.73700 235.07500 234.33600 238.69501 239.05901 238.73700 244.94200 246.54100 246.56799 248.97301 252.29201 251.83099 252.19000 247.64000 243.50900
-9999 -9999 -9999 -9999 -9999 -9999 -9999 -9999 -9999 -9999 212.75101 210.37199 213.92900 212.19501 216.49100 218.39301 220.30499 221.51199 222.09100 225.78700 228.72301 234.06599 235.30600 232.15601 231.85600 231.45000 231.24500 236.50700 236.46100 234.83099 232.92799 232.35201 231.44800 230.71700 229.59100 226.41800 225.62399 228.13800 232.30701 234.66701 234.70399 233.05099 234.51500 236.77901 236.96700 237.62900 238.01601 238.37601 237.32600 234.99300 234.04900 229.73300 232.55299 231.29300 233.19501 235.19701 235.04300 238.39900 244.60899 243.41400 243.71700 247.10800 248.48500 249.42700 251.64500 254.21100 254.96600 253.70500 248.58701 241.85800
-9999 -9999 -9999 -9999 -9999 -9999 -9999 -9999 -9999 221.03799 219.28101 217.19600 217.15100 217.37601 218.02200 218.52600 219.63901 222.28600 227.45500 230.50400 233.63200 236.37700 237.01100 236.74699 237.16100 235.69600 236.79800 237.12500 235.57300 234.34801 235.25101 230.83099 229.32800 225.84200 223.77499 223.04900 222.68201 231.92500 234.95399 239.44200 240.92200 246.99699 247.24200 245.04800 244.93900 242.71500 244.07899 240.34801 240.29601 239.28700 237.16400 235.44701 232.99500 224.93700 225.58600 242.18900 246.35600 250.30400 249.92999 248.08701 247.05200 248.57899 249.71899 252.31799 254.38499 253.47800 253.76801 249.93201 247.06799 245.88800
-9999 -9999 -9999 -9999 -9999 -9999 -9999 -9999 -9999 -9999 219.43100 219.27800 219.20000 220.44000 223.50500 220.70500 220.05701 223.67700 226.77000 230.20100 231.37100 237.17300 238.98100 -9999 -9999 -9999 -9999 -9999 -9999 235.94200 235.16000 233.01601 231.13499 226.92700 223.96100 224.53799 225.98599 234.46899 238.70700 243.63400 245.25301 251.40300 252.46500 250.18800 249.63400 246.47501 246.04401 244.13400 243.21899 243.56599 240.92900 240.26700 235.94000 227.61700 228.28300 246.08000 250.94701 252.85400 252.93800 250.65700 250.20799 249.85300 250.55400 252.79401 246.87199 252.66000 250.55701 247.88200 238.23399 243.99100
-9999 -9999 -9999 -9999 -9999 -9999 -9999 -9999 -9999 -9999 -9999 -9999 222.11000 222.98900 222.58200 231.47099 230.25900 231.55600 233.18201 -9999 -9999 -9999 -9999 -9999 -9999 -9999 -9999 -9999 -9999 -9999 -9999 -9999 -9999 231.51801 226.36700 230.26601 231.78500 238.75000 244.02000 250.19800 252.00700 255.01601 254.99800 252.68900 251.80400 249.94701 250.15100 249.73399 249.75500 247.80600 244.45300 237.07500 235.45300 235.79300 237.69600 250.44099 251.93500 252.09500 253.94800 253.42599 252.48900 250.44200 249.58299 250.80200 252.29900 253.09000 250.21899 248.74899 247.11700 253.87801
-9999 -9999 -9999 -9999 -9999 -9999 -9999 -9999 -9999 -9999 -9999 -9999 -9999 -9999 -9999 -9999 -9999 -9999 -9999 -9999 -9999 -9999 -9999 -9999 -9999 -9999 -9999 -9999 -9999 -9999 -9999 -9999 -9999 -9999 231.81599 232.70700 240.08900 243.06400 247.98000 253.98801 255.51900 256.21600 256.52802 256.42401 255.14600 252.50101 252.87300 252.98900 252.21500 249.49600 246.65800 240.27901 238.64400 238.94299 240.05600 254.22000 254.24100 249.72600 252.59500 253.66200 253.18401 251.36600 252.57201 254.56100 255.78999 253.93800 250.39700 248.87700 245.78101 255.30600
