data/hydroclimate-scenarios/BCSD_hadcm_A1B/monthly_summaries/olr_monthly_avg_dec.2070-2099.asc
ncols	311
nrows	91
xllcenter	102.75
yllcenter	31.75
cellsize	0.5
NODATA_value	-9999
[rows 0 to 30 of 91, columns 70 to 139 of 311]
-9999 -9999 -9999 -9999 -9999 -9999 -9999 -9999 -9999 -9999 -9999 -9999 -9999 -9999 -9999 -9999 -9999 -9999 -9999 -9999 -9999 -9999 -9999 -9999 -9999 -9999 -9999 -9999 -9999 -9999 -9999 -9999 -9999 -9999 -9999 -9999 -9999 -9999 -9999 -9999 -9999 -9999 -9999 -9999 -9999 -9999 -9999 -9999 -9999 -9999 -9999 -9999 -9999 -9999 -9999 -9999 -9999 -9999 -9999 -9999 -9999 -9999 -9999 -9999 -9999 -9999 -9999 -9999 -9999 -9999
-9999 -9999 -9999 -9999 -9999 -9999 -9999 -9999 -9999 -9999 -9999 -9999 -9999 -9999 -9999 -9999 -9999 -9999 -9999 -9999 -9999 -9999 -9999 -9999 -9999 -9999 -9999 -9999 -9999 -9999 -9999 -9999 -9999 -9999 -9999 -9999 -9999 -9999 -9999 -9999 -9999 -9999 -9999 -9999 -9999 -9999 -9999 -9999 -9999 -9999 -9999 -9999 -9999 -9999 -9999 -9999 -9999 -9999 -9999 -9999 -9999 -9999 -9999 -9999 -9999 -9999 -9999 -9999 -9999 -9999
-9999 -9999 -9999 -9999 -9999 -9999 -9999 -9999 -9999 -9999 -9999 -9999 -9999 -9999 -9999 -9999 -9999 -9999 -9999 -9999 -9999 -9999 -9999 -9999 -9999 -9999 -9999 -9999 -9999 -9999 -9999 -9999 -9999 -9999 -9999 -9999 -9999 -9999 -9999 -9999 -9999 -9999 -9999 -9999 -9999 -9999 -9999 -9999 -9999 -9999 -9999 -9999 -9999 -9999 -9999 -9999 -9999 -9999 -9999 -9999 -9999 -9999 -9999 -9999 -9999 -9999 -9999 -9999 -9999 -9999
-9999 -9999 -9999 -9999 -9999 -9999 -9999 -9999 -9999 -9999 -9999 -9999 -9999 -9999 -9999 -9999 -9999 -9999 -9999 -9999 -9999 -9999 -9999 -9999 -9999 -9999 -9999 -9999 -9999 -9999 -9999 -9999 -9999 -9999 -9999 -9999 -9999 -9999 -9999 -9999 -9999 -9999 -9999 -9999 -9999 -9999 -9999 -9999 -9999 -9999 -9999 -9999 -9999 -9999 -9999 -9999 -9999 -9999 -9999 -9999 -9999 -9999 -9999 -9999 -9999 -9999 -9999 -9999 -9999 -9999
-9999 -9999 -9999 -9999 -9999 -9999 -9999 -9999 -9999 -9999 -9999 -9999 -9999 -9999 -9999 -9999 -9999 -9999 -9999 -9999 -9999 -9999 -9999 -9999 -9999 -9999 -9999 -9999 -9999 -9999 -9999 -9999 -9999 -9999 -9999 -9999 -9999 -9999 -9999 -9999 -9999 -9999 -9999 -9999 -9999 -9999 -9999 -9999 -9999 -9999 -9999 -9999 -9999 -9999 -9999 -9999 -9999 -9999 -9999 -9999 -9999 -9999 -9999 -9999 -9999 -9999 -9999 -9999 -9999 -9999
-9999 -9999 -9999 -9999 -9999 -9999 -9999 -9999 -9999 -9999 -9999 -9999 -9999 -9999 -9999 -9999 -9999 -9999 -9999 -9999 -9999 -9999 -9999 -9999 -9999 -9999 -9999 -9999 -9999 -9999 -9999 -9999 -9999 -9999 -9999 -9999 -9999 -9999 -9999 -9999 -9999 -9999 -9999 -9999 -9999 -9999 -9999 -9999 -9999 -9999 -9999 -9999 -9999 -9999 -9999 -9999 -9999 -9999 -9999 -9999 -9999 -9999 -9999 -9999 -9999 -9999 -9999 -9999 -9999 -9999
-9999 -9999 -9999 -9999 -9999 -9999 -9999 -9999 -9999 -9999 -9999 -9999 -9999 -9999 -9999 -9999 -9999 -9999 -9999 -9999 -9999 -9999 -9999 -9999 -9999 -9999 -9999 -9999 -9999 -9999 -9999 -9999 -9999 -9999 -9999 -9999 -9999 -9999 -9999 -9999 -9999 -9999 -9999 -9999 -9999 -9999 -9999 -9999 -9999 -9999 -9999 -9999 -9999 -9999 -9999 -9999 -9999 -9999 -9999 -9999 -9999 -9999 -9999 -9999 -9999 -9999 -9999 -9999 -9999 -9999
-9999 -9999 -9999 -9999 -9999 -9999 -9999 -9999 -9999 -9999 -9999 -9999 -9999 -9999 -9999 -9999 -9999 -9999 -9999 -9999 -9999 -9999 -9999 -9999 -9999 -9999 -9999 -9999 -9999 -9999 -9999 -9999 -9999 -9999 -9999 -9999 -9999 -9999 -9999 -9999 -9999 -9999 -9999 -9999 -9999 -9999 -9999 -9999 -9999 -9999 -9999 -9999 -9999 -9999 -9999 -9999 -9999 -9999 -9999 -9999 -9999 -9999 -9999 -9999 -9999 -9999 -9999 -9999 -9999 -9999
-9999 -9999 -9999 -9999 -9999 -9999 -9999 185.00000 -9999 -9999 -9999 -9999 -9999 -9999 -9999 -9999 -9999 -9999 -9999 -9999 -9999 -9999 -9999 -9999 -9999 -9999 -9999 -9999 -9999 -9999 -9999 -9999 -9999 -9999 -9999 -9999 -9999 -9999 -9999 -9999 -9999 -9999 -9999 -9999 -9999 -9999 -9999 -9999 -9999 -9999 -9999 -9999 -9999 -9999 -9999 -9999 -9999 -9999 -9999 -9999 -9999 -9999 -9999 -9999 -9999 -9999 -9999 -9999 -9999 -9999
-9999 -9999 -9999 210.40500 179.91400 179.37700 179.93300 182.39900 184.33200 186.47900 188.67200 191.43700 193.49899 197.01900 199.51500 201.83000 204.41499 206.36900 208.10100 209.61700 211.25700 212.05400 212.61800 -9999 -9999 -9999 -9999 -9999 -9999 -9999 -9999 -9999 -9999 -9999 -9999 -9999 -9999 -9999 -9999 -9999 -9999 -9999 -9999 -9999 -9999 -9999 -9999 -9999 -9999 -9999 -9999 -9999 -9999 -9999 -9999 -9999 -9999 -9999 -9999 -9999 -9999 -9999 -9999 -9999 -9999 -9999 -9999 -9999 -9999 -9999
-9999 -9999 -9999 -9999 -9999 175.50101 177.01300 178.45700 180.38901 181.51199 183.57600 186.61400 188.75999 191.24899 193.35699 195.93100 198.47800 200.91400 202.96400 204.78900 206.43401 208.18500 208.20399 -9999 -9999 -9999 -9999 -9999 -9999 -9999 -9999 -9999 -9999 -9999 -9999 -9999 -9999 -9999 -9999 -9999 -9999 -9999 -9999 -9999 -9999 -9999 -9999 -9999 -9999 -9999 -9999 -9999 -9999 -9999 -9999 -9999 -9999 -9999 -9999 -9999 -9999 -9999 -9999 -9999 -9999 -9999 -9999 -9999 -9999 -9999
165.10500 166.50500 168.12700 168.20399 169.87900 170.91701 172.17799 173.54201 175.04401 176.90199 178.71100 181.70500 184.11301 186.04401 188.69200 190.67300 193.50200 196.25200 198.55099 201.57001 203.35699 204.93201 204.72501 204.00700 203.19400 201.95000 200.65199 198.64301 197.07500 -9999 -9999 -9999 -9999 -9999 -9999 -9999 -9999 -9999 -9999 -9999 -9999 -9999 -9999 -9999 -9999 -9999 -9999 -9999 -9999 -9999 -9999 -9999 -9999 -9999 -9999 -9999 -9999 -9999 -9999 -9999 -9999 -9999 -9999 -9999 -9999 -9999 -9999 -9999 -9999 -9999
160.34399 161.35400 162.52901 163.71400 164.56300 165.84700 167.18600 168.85400 170.77600 171.98399 174.01700 176.66800 178.23000 180.78799 183.27100 186.31599 188.58600 191.56799 194.48199 197.24300 200.76300 201.22800 199.79100 198.63200 198.23500 197.42599 196.11700 194.33800 192.64999 192.70700 190.60400 189.46400 187.88100 188.40500 188.52400 187.89000 188.44600 189.29300 189.89500 190.09300 191.80600 194.51601 197.66000 201.33000 -9999 -9999 -9999 -9999 -9999 -9999 -9999 -9999 -9999 -9999 -9999 -9999 -9999 -9999 -9999 -9999 -9999 -9999 -9999 -9999 -9999 -9999 -9999 -9999 -9999 -9999
155.58501 156.92700 156.80000 158.45399 158.84300 159.70399 161.63400 163.63499 165.70100 166.85699 168.77800 171.38200 173.53900 175.86900 178.22200 181.03000 183.74001 186.54100 189.53600 192.40401 194.72000 195.18201 192.76199 192.69200 191.98100 191.64200 191.65100 191.02901 189.85001 189.52400 187.70100 188.53900 188.22000 188.81200 188.71899 188.78999 188.88000 190.56200 190.80901 191.11900 192.71500 195.46700 198.62700 202.27200 205.55901 -9999 -9999 -9999 -9999 -9999 -9999 -9999 -9999 -9999 -9999 -9999 -9999 -9999 -9999 -9999 -9999 -9999 -9999 -9999 -9999 -9999 -9999 -9999 -9999 -9999
147.96500 149.03600 149.46800 151.34500 149.89200 153.59000 155.77699 156.61800 159.13300 160.87601 164.50800 165.73700 168.51900 171.43300 174.40800 177.85800 180.80000 183.24400 186.17200 188.61000 190.02000 189.50301 189.77699 189.48100 189.03300 189.33000 186.54500 187.93201 188.51401 188.09399 186.41499 187.08299 187.19800 188.02200 188.30400 188.25101 189.16000 189.40900 190.25800 190.69000 192.34300 195.23700 198.45399 201.19099 204.84599 -9999 -9999 -9999 -9999 -9999 -9999 -9999 -9999 -9999 -9999 -9999 -9999 -9999 -9999 -9999 221.17500 221.52901 -9999 -9999 -9999 -9999 221.27499 219.54601 218.21400 221.44701
147.48000 149.08400 148.88800 150.12100 149.63000 153.89900 157.31500 158.00900 158.22600 159.72000 161.43100 166.10500 168.72800 170.47301 172.66499 175.60201 179.64799 181.69299 184.71899 186.62000 188.74001 188.47200 188.34000 188.15800 189.34599 189.10899 188.56100 188.13300 187.53400 187.09900 187.18100 187.38100 187.17300 187.92000 188.15100 187.87700 188.66499 189.40401 190.23000 190.53400 192.21400 194.23700 197.18500 199.81599 202.38200 205.74001 208.56400 211.23599 211.23599 207.92599 206.70100 207.29201 206.61800 207.41299 208.78300 209.19099 209.02600 213.24899 214.89200 215.08200 215.45700 216.29900 -9999 -9999 -9999 -9999 -9999 218.59200 217.32800 216.61700
143.42599 144.18800 148.47301 148.25200 146.38400 149.86900 154.46100 156.42599 157.98500 161.41901 165.01199 167.22900 169.13901 171.00500 173.38699 176.41299 178.56400 181.20000 183.02200 185.15199 186.71400 188.03400 188.09599 188.43800 188.50999 188.47900 187.73700 187.74800 187.10699 187.05099 187.42000 186.87801 187.54201 187.97501 188.44000 188.36000 188.95000 189.77901 190.58099 191.05000 192.48399 194.72800 197.07401 198.49001 200.86000 203.37700 205.44600 207.88901 207.64600 204.75000 203.28200 205.75101 206.66299 206.25301 202.81200 200.04201 204.47501 203.75400 203.22400 204.73399 207.51100 207.77200 207.74500 211.71500 214.01801 213.91600 214.60001 214.97099 216.05299 215.35300
145.56599 142.57700 137.01500 150.10600 145.05299 145.50600 149.29601 152.87801 154.17500 162.71899 164.92500 166.68600 168.47501 170.02200 172.50900 175.21001 177.85800 179.86000 181.80499 183.67000 183.22400 183.86700 186.43800 186.72200 186.87601 186.98000 186.56100 186.71899 186.24400 186.33099 186.78101 186.49300 186.74200 187.38400 188.01300 188.24001 188.68900 189.98199 190.23300 190.80400 192.42999 194.25900 195.35001 197.10001 199.12000 201.39000 203.31799 204.94600 205.22501 204.85001 204.52400 203.08900 203.97900 203.00500 202.95599 200.15800 196.93800 197.25101 198.52400 199.14999 198.27299 199.61900 197.26100 201.11600 205.89301 207.68600 209.69299 209.83800 211.23100 210.40199
140.03999 139.58600 137.37500 142.96800 152.17400 150.21100 154.12500 156.34801 154.02299 158.29700 161.45200 164.41499 167.34900 170.07300 172.36700 174.78799 177.26300 178.82100 180.52000 181.60600 177.46500 180.05800 182.34000 183.73300 185.24100 185.31300 185.11000 185.91800 185.58501 185.39200 185.50500 185.75000 186.24300 187.23100 187.60400 188.22200 188.67500 189.52499 189.92500 190.26199 190.87801 192.37801 194.35400 192.24600 193.23100 196.46001 199.92900 201.96100 203.46800 203.87900 201.84700 200.08900 199.49699 199.67000 199.13901 198.34399 199.76601 198.94299 195.35300 194.09100 192.88400 192.04500 190.80000 189.55299 194.19099 196.69000 199.09700 199.66901 201.21100 201.68800
146.20200 141.16499 138.67000 139.51199 140.65300 146.52200 153.23300 154.12601 152.33000 152.78300 158.34700 153.31799 156.88600 161.33501 167.20200 171.28400 174.50000 176.87500 178.56900 179.35699 178.42900 177.70900 180.78900 181.99699 183.21800 184.19400 184.15800 184.60100 184.28500 184.47000 184.70700 185.06500 185.20599 185.22800 186.71700 187.73599 187.14500 187.63699 188.55200 188.62700 188.28700 189.30499 192.14999 194.37601 194.71100 194.02000 195.47000 197.71100 199.23801 201.84399 199.51601 197.66701 197.78300 197.95700 198.64999 196.34399 193.92200 192.79300 189.66499 192.33501 194.48801 194.43300 194.38699 192.95300 191.19800 189.23000 193.53500 191.97501 196.08701 198.19901
144.40800 141.52400 139.59500 137.97200 136.54700 136.93100 145.02901 149.36200 151.64500 152.57401 155.63300 153.81200 148.99300 147.46700 147.67101 156.93201 164.61900 169.66400 175.03700 177.73199 179.54700 180.40300 181.61099 182.45799 182.98399 182.96400 182.65500 182.94501 182.90601 183.14999 182.65601 183.20000 183.29601 183.38800 183.98000 186.69299 185.53200 185.91800 184.94299 188.00600 190.15300 189.82300 190.50999 193.44800 195.33400 195.28600 197.65401 198.34500 199.60001 201.07401 202.15199 203.40601 202.15500 201.60100 200.62900 200.47200 199.68100 195.59000 193.20599 194.83200 190.60800 192.11200 192.84000 193.38800 195.32001 196.01100 196.68201 196.49800 197.14600 199.71600
137.88499 136.12000 136.48300 133.70900 133.45700 135.81300 136.65900 137.55499 140.14999 144.39600 149.89200 155.57800 153.76801 152.66499 151.75999 150.66200 152.80600 155.33099 159.99800 167.14500 171.21800 176.24699 177.95700 180.67200 181.38400 181.97400 181.76700 181.85201 181.31900 179.86600 178.94600 181.95300 178.33200 178.19200 179.40900 181.39301 182.49800 183.76401 184.34801 187.16701 188.20000 188.75800 190.17000 193.83501 193.02000 194.59700 194.55400 195.70799 196.92500 198.67500 199.85001 198.03200 198.21201 196.94200 196.18401 197.28000 196.91600 192.88100 196.04100 196.08600 192.36800 194.84000 194.67200 194.60899 198.43700 197.28600 197.85600 195.59700 198.24500 201.64700
141.12199 138.93401 135.71500 134.26700 135.70200 133.75500 133.22000 135.96899 138.84300 139.10100 143.80299 146.92200 148.57201 149.87000 154.43800 156.05600 157.87000 157.62100 156.47200 157.46500 161.20000 164.41299 168.32001 174.01700 177.98801 180.38200 180.69400 180.82201 178.23700 176.08299 176.24899 177.19000 177.84100 176.62300 179.34000 177.55299 183.39101 185.63800 185.77600 183.09300 185.94600 190.22301 193.33099 193.78101 193.15401 190.45900 190.45200 192.24899 194.46800 195.33000 193.19501 192.67700 194.69800 192.58299 190.45900 193.87801 191.52901 196.65300 193.41800 196.75400 198.41800 198.25900 199.59500 197.50101 198.61501 196.22099 199.30200 202.76401 205.24001 205.53400
138.88800 139.29500 138.89101 138.78101 139.46899 135.68401 133.13400 134.42200 134.44000 135.26300 139.31200 145.83900 139.47301 141.77000 147.17999 144.98300 144.63699 147.73000 164.16499 159.02299 154.38200 156.89999 160.82401 165.90800 176.96001 179.90900 179.74899 179.64799 177.72701 175.33900 175.75900 175.69299 176.68900 178.59399 179.53101 183.91400 184.21001 184.37601 186.16299 184.81799 185.25900 185.16100 189.30200 191.35001 191.46100 196.75200 197.56100 196.50000 195.48700 194.00500 193.87500 193.55600 196.06100 196.63800 196.30499 195.30400 194.20500 196.79500 196.03101 200.01199 200.41800 203.46600 202.63699 200.01401 197.53799 201.96001 204.14799 206.02100 208.23599 208.94299
138.89799 139.74699 140.38699 140.32700 140.75000 139.74699 139.39301 139.75200 137.99500 137.98900 138.06599 140.66299 141.91400 143.31599 147.82100 146.53500 147.83099 145.98199 151.50101 158.24001 163.19099 162.20799 162.86099 166.93600 169.47501 175.10600 177.90700 178.13000 177.19600 176.25600 177.03900 175.47501 178.35600 180.62700 180.83299 181.90401 183.47301 185.35001 185.69701 186.98700 186.02901 184.56799 186.17799 187.52200 189.84801 196.94901 199.13400 197.57201 196.62801 196.34000 194.00500 195.11600 198.51100 199.84801 196.52400 200.30099 201.44901 202.36800 204.21300 199.88000 202.66100 202.88699 204.32401 203.92500 205.27600 205.50101 206.10100 207.62500 208.17101 207.10899
139.88000 140.33400 139.80701 139.19200 139.62700 140.52200 142.16000 142.96400 142.53300 141.54800 141.74100 140.38800 140.01401 142.90800 148.98000 152.05200 152.04700 152.48801 154.69600 153.28999 157.39200 161.81400 167.42900 171.44701 170.73801 169.93100 171.21400 174.92300 173.64000 173.24800 172.14700 174.02800 175.80499 180.82201 181.74300 181.38901 180.68600 182.66701 180.64799 185.04601 182.43900 180.43800 185.22200 187.43201 185.59000 189.58600 194.67101 196.32401 196.71400 198.32401 198.02699 197.64301 203.14400 204.62000 206.27299 208.17999 208.07001 207.19901 205.86400 207.03500 204.52699 206.40100 205.82800 205.30600 205.95700 206.74699 207.96800 209.66100 210.63200 210.57700
143.09399 140.24400 138.56000 137.45100 137.64600 140.25000 140.88499 141.97800 141.96500 143.50500 140.13000 141.06100 142.19299 140.18401 145.86400 153.18201 156.82401 156.17500 156.74300 157.42200 159.57500 163.27800 165.44299 168.64200 171.53300 171.82500 172.49800 171.75800 171.81500 172.62399 171.38499 175.03300 175.97000 179.33099 176.27100 176.49400 182.07800 180.85600 179.05000 181.63600 184.28200 182.76700 182.94800 185.02299 188.51700 189.69600 192.12801 195.64900 196.07700 199.51801 198.70500 202.55701 203.37700 204.84700 205.01199 207.49699 208.47701 210.35201 213.94600 214.79601 215.52699 212.76801 211.09300 209.14301 209.95300 209.05400 210.30299 211.23399 212.30701 208.94200
146.25999 145.61900 143.56900 139.08900 139.16100 139.84000 143.82300 143.72800 146.15900 145.06799 144.61000 145.88800 148.37500 148.28400 147.98599 152.64799 156.42300 157.78000 162.70100 164.74001 167.84900 162.82800 168.42900 172.62801 174.18500 174.31100 170.98500 168.07300 169.16800 170.07800 171.81300 170.48300 175.26300 177.50999 175.97800 175.61000 181.05099 181.19600 181.04800 179.57800 181.88200 184.07001 185.09500 187.69299 188.81700 191.26199 192.04100 198.40601 197.98500 199.30299 201.19099 205.38400 206.14000 207.53000 210.89799 212.53000 215.27000 216.43201 218.32700 219.30400 218.81799 215.89999 213.80099 212.69501 212.02699 206.54700 208.32700 208.13901 210.16000 211.34300
148.31200 146.14301 146.84000 143.24001 141.18700 141.64101 140.03500 142.00999 146.33400 146.49300 146.71100 149.33200 149.79700 153.33099 154.64101 153.82600 159.28700 166.42700 169.76401 171.62199 173.85600 175.87801 172.97701 174.31400 177.82300 179.70200 180.64900 175.69800 173.75500 174.42101 173.17500 176.03600 177.81700 177.63400 177.96899 177.90199 179.02499 183.07300 181.57300 180.03300 180.01500 185.96700 188.52000 189.32100 194.57800 197.73399 200.39101 205.21201 208.73199 211.69400 213.87199 216.75000 217.53200 218.33000 217.81500 218.11900 219.13600 221.13400 224.02499 222.40700 222.10400 217.52299 216.87601 212.27400 207.97701 205.86200 207.44701 208.18401 210.03700 214.24899
151.76401 153.45200 150.83701 147.63000 149.21500 146.21700 146.19400 142.33000 145.82600 149.77299 148.55400 148.55400 152.15401 155.36099 155.39301 159.42700 164.80901 167.54700 171.35800 177.75200 179.55600 179.19701 177.44901 174.32500 180.79300 184.58299 183.77600 177.92300 177.14700 175.61301 173.64200 177.86900 181.08400 179.02600 179.34000 178.89000 181.45200 182.50999 184.39799 182.33299 183.56599 188.70900 194.96001 194.92599 199.70599 205.52299 207.27800 207.84500 209.29700 210.08701 213.65900 -9999 -9999 221.10699 222.00400 225.48900 223.71201 224.74300 225.89301 224.18700 221.22301 217.05299 212.06400 207.25200 203.45000 205.93100 204.13100 203.69600 204.54401 212.75900
150.21899 151.17999 154.59599 153.35400 152.04601 152.06900 153.84399 149.31900 154.44600 153.14101 151.85899 152.07899 156.44501 157.68800 159.11400 164.65900 169.37199 170.32700 175.97301 181.97099 181.35100 183.80701 187.39000 187.49699 186.51801 178.98000 181.84700 180.01601 180.63499 178.86700 179.02699 179.20000 184.45200 182.90601 181.33600 181.08501 181.92000 182.18100 188.79100 194.60600 -9999 -9999 -9999 -9999 206.48100 -9999 203.48300 200.79700 206.35699 207.99100 215.11501 -9999 -9999 216.42500 218.14500 221.20300 221.83099 223.81700 222.14600 219.50800 215.85400 214.01801 211.51401 208.20599 206.56100 209.41800 201.00500 200.89600 204.05000 214.02699
