data/hydroclimate-scenarios/BCSD_hadcm_A1B/monthly_summaries/olr_monthly_avg_apr.2070-2099.asc
ncols	311
nrows	91
xllcenter	102.75
yllcenter	31.75
cellsize	0.5
NODATA_value	-9999
[rows 0 to 30 of 91, columns 210 to 279 of 311]
-9999 -9999 -9999 -9999 -9999 -9999 -9999 -9999 -9999 -9999 -9999 -9999 -9999 -9999 -9999 -9999 -9999 -9999 -9999 -9999 -9999 -9999 -9999 -9999 -9999 -9999 -9999 -9999 -9999 -9999 -9999 -9999 -9999 -9999 -9999 -9999 -9999 -9999 -9999 -9999 -9999 -9999 -9999 -9999 -9999 -9999 -9999 -9999 -9999 -9999 -9999 -9999 -9999 -9999 -9999 -9999 -9999 -9999 -9999 -9999 -9999 -9999 -9999 -9999 -9999 -9999 -9999 -9999 -9999 -9999
-9999 -9999 -9999 -9999 -9999 -9999 -9999 -9999 -9999 -9999 -9999 -9999 -9999 -9999 -9999 -9999 -9999 -9999 -9999 -9999 -9999 -9999 -9999 -9999 -9999 -9999 -9999 -9999 -9999 -9999 -9999 -9999 -9999 -9999 -9999 -9999 -9999 -9999 -9999 -9999 -9999 -9999 -9999 -9999 -9999 -9999 -9999 -9999 -9999 -9999 -9999 -9999 -9999 -9999 -9999 -9999 -9999 -9999 -9999 -9999 -9999 -9999 -9999 -9999 -9999 -9999 -9999 -9999 -9999 -9999
-9999 -9999 -9999 -9999 -9999 -9999 -9999 -9999 -9999 -9999 -9999 -9999 -9999 -9999 -9999 -9999 -9999 -9999 -9999 -9999 -9999 -9999 -9999 -9999 -9999 -9999 -9999 -9999 -9999 -9999 -9999 -9999 -9999 -9999 -9999 -9999 -9999 -9999 -9999 -9999 -9999 -9999 -9999 -9999 -9999 -9999 -9999 -9999 -9999 -9999 -9999 -9999 -9999 -9999 -9999 -9999 -9999 -9999 -9999 -9999 -9999 -9999 -9999 -9999 -9999 -9999 -9999 -9999 -9999 -9999
-9999 -9999 -9999 -9999 -9999 -9999 -9999 -9999 -9999 -9999 -9999 -9999 -9999 -9999 -9999 -9999 -9999 -9999 -9999 -9999 -9999 -9999 -9999 -9999 -9999 -9999 -9999 -9999 -9999 -9999 -9999 -9999 -9999 -9999 -9999 -9999 -9999 -9999 -9999 -9999 -9999 -9999 -9999 -9999 -9999 -9999 -9999 -9999 -9999 -9999 -9999 -9999 -9999 -9999 -9999 -9999 -9999 -9999 -9999 -9999 -9999 -9999 -9999 -9999 -9999 -9999 -9999 -9999 -9999 -9999
-9999 -9999 -9999 -9999 -9999 -9999 -9999 -9999 -9999 -9999 -9999 -9999 -9999 -9999 -9999 -9999 -9999 -9999 -9999 -9999 -9999 -9999 -9999 -9999 -9999 -9999 -9999 -9999 -9999 -9999 -9999 -9999 -9999 -9999 -9999 -9999 -9999 -9999 -9999 -9999 -9999 -9999 -9999 -9999 -9999 -9999 -9999 -9999 -9999 -9999 -9999 -9999 -9999 -9999 -9999 -9999 -9999 -9999 -9999 -9999 -9999 -9999 -9999 -9999 -9999 -9999 -9999 -9999 -9999 -9999
-9999 -9999 -9999 -9999 -9999 -9999 -9999 -9999 -9999 -9999 -9999 -9999 -9999 -9999 -9999 -9999 -9999 -9999 -9999 -9999 -9999 -9999 -9999 -9999 -9999 -9999 -9999 -9999 -9999 -9999 -9999 -9999 -9999 -9999 -9999 -9999 -9999 -9999 -9999 -9999 -9999 -9999 -9999 -9999 -9999 -9999 -9999 -9999 -9999 -9999 -9999 -9999 -9999 -9999 -9999 -9999 -9999 -9999 -9999 -9999 -9999 -9999 -9999 -9999 -9999 -9999 -9999 -9999 -9999 -9999
-9999 -9999 -9999 -9999 -9999 -9999 -9999 -9999 -9999 -9999 -9999 -9999 -9999 -9999 -9999 -9999 -9999 -9999 -9999 -9999 -9999 -9999 -9999 -9999 -9999 -9999 -9999 -9999 -9999 -9999 -9999 -9999 -9999 -9999 -9999 -9999 -9999 -9999 -9999 -9999 -9999 -9999 -9999 -9999 -9999 -9999 -9999 -9999 -9999 -9999 -9999 -9999 -9999 -9999 -9999 -9999 -9999 -9999 -9999 -9999 -9999 -9999 -9999 -9999 -9999 -9999 -9999 -9999 -9999 -9999
-9999 -9999 -9999 -9999 -9999 -9999 -9999 -9999 -9999 -9999 -9999 -9999 -9999 -9999 -9999 -9999 -9999 -9999 -9999 -9999 -9999 -9999 -9999 -9999 -9999 -9999 -9999 -9999 -9999 -9999 -9999 -9999 -9999 -9999 -9999 -9999 -9999 -9999 -9999 -9999 -9999 -9999 -9999 -9999 -9999 -9999 -9999 -9999 -9999 -9999 -9999 -9999 -9999 -9999 -9999 -9999 -9999 -9999 -9999 -9999 -9999 -9999 -9999 -9999 -9999 -9999 -9999 -9999 -9999 -9999
-9999 -9999 -9999 -9999 -9999 -9999 -9999 -9999 -9999 -9999 -9999 -9999 -9999 -9999 -9999 -9999 -9999 -9999 -9999 -9999 -9999 -9999 -9999 -9999 -9999 -9999 -9999 -9999 -9999 -9999 -9999 -9999 -9999 -9999 -9999 -9999 -9999 -9999 -9999 -9999 -9999 -9999 -9999 -9999 -9999 -9999 -9999 -9999 -9999 -9999 -9999 -9999 -9999 -9999 -9999 -9999 -9999 -9999 -9999 -9999 -9999 -9999 -9999 -9999 -9999 -9999 -9999 -9999 -9999 -9999
-9999 -9999 -9999 -9999 -9999 -9999 -9999 -9999 -9999 -9999 -9999 -9999 -9999 -9999 -9999 -9999 -9999 -9999 -9999 -9999 -9999 -9999 -9999 -9999 -9999 -9999 -9999 -9999 -9999 -9999 -9999 -9999 -9999 -9999 -9999 -9999 -9999 -9999 -9999 -9999 -9999 -9999 -9999 -9999 -9999 -9999 -9999 -9999 -9999 -9999 -9999 -9999 -9999 -9999 -9999 -9999 -9999 -9999 -9999 -9999 -9999 -9999 -9999 -9999 -9999 -9999 -9999 -9999 -9999 -9999
-9999 -9999 -9999 -9999 -9999 -9999 -9999 -9999 -9999 -9999 -9999 -9999 -9999 -9999 -9999 -9999 -9999 -9999 -9999 -9999 -9999 -9999 -9999 -9999 -9999 -9999 -9999 -9999 -9999 -9999 -9999 -9999 -9999 -9999 -9999 -9999 -9999 -9999 -9999 -9999 -9999 -9999 -9999 -9999 -9999 -9999 -9999 -9999 -9999 -9999 -9999 -9999 -9999 -9999 -9999 -9999 -9999 -9999 -9999 -9999 -9999 -9999 -9999 -9999 -9999 -9999 -9999 -9999 -9999 -9999
-9999 -9999 -9999 -9999 -9999 -9999 -9999 -9999 -9999 -9999 -9999 -9999 -9999 -9999 -9999 -9999 -9999 -9999 -9999 -9999 -9999 -9999 -9999 -9999 -9999 -9999 -9999 -9999 -9999 -9999 -9999 -9999 -9999 -9999 -9999 -9999 -9999 -9999 -9999 -9999 -9999 -9999 -9999 -9999 -9999 -9999 -9999 -9999 -9999 -9999 -9999 -9999 -9999 -9999 -9999 -9999 -9999 -9999 -9999 -9999 -9999 -9999 -9999 -9999 -9999 -9999 -9999 -9999 -9999 -9999
-9999 -9999 -9999 -9999 -9999 -9999 -9999 -9999 -9999 -9999 -9999 -9999 -9999 -9999 -9999 -9999 -9999 -9999 -9999 -9999 -9999 -9999 -9999 -9999 -9999 -9999 -9999 -9999 -9999 -9999 -9999 -9999 -9999 -9999 -9999 -9999 -9999 -9999 -9999 -9999 -9999 -9999 -9999 -9999 -9999 -9999 -9999 -9999 -9999 -9999 -9999 -9999 -9999 -9999 -9999 -9999 -9999 -9999 -9999 -9999 -9999 -9999 -9999 -9999 -9999 -9999 -9999 -9999 -9999 -9999
205.10899 205.95000 205.49400 204.69000 204.87100 204.89600 204.20799 206.63300 207.28400 -9999 -9999 -9999 -9999 -9999 -9999 -9999 -9999 -9999 -9999 -9999 -9999 -9999 -9999 -9999 -9999 -9999 -9999 -9999 -9999 -9999 -9999 -9999 -9999 -9999 -9999 -9999 -9999 -9999 -9999 -9999 -9999 -9999 -9999 -9999 -9999 -9999 -9999 -9999 -9999 -9999 209.16200 -9999 -9999 -9999 -9999 -9999 -9999 -9999 -9999 -9999 -9999 -9999 -9999 -9999 -9999 -9999 -9999 -9999 -9999 -9999
205.21500 203.54100 202.79201 204.03400 205.23801 207.40199 208.00200 207.50600 208.63100 218.94099 219.45300 220.25200 219.17799 205.93201 205.67700 205.83900 216.97900 216.42400 216.75301 217.12601 216.75700 239.51601 -9999 -9999 -9999 -9999 -9999 -9999 -9999 -9999 -9999 -9999 -9999 -9999 -9999 -9999 -9999 -9999 -9999 -9999 -9999 -9999 -9999 -9999 -9999 205.81200 209.10800 207.18700 203.17200 202.00600 204.66499 212.33701 -9999 -9999 -9999 216.87900 -9999 -9999 -9999 218.36301 218.32300 219.17400 -9999 -9999 -9999 -9999 -9999 -9999 -9999 -9999
206.54300 203.96400 203.26900 204.26300 205.30901 210.14101 211.64000 211.90401 213.62300 211.83800 212.27299 211.05200 209.84700 209.80600 206.89200 207.44600 206.04800 204.25600 208.62000 211.34399 213.70500 214.36099 211.43500 209.78500 204.57001 208.74300 210.53400 208.81599 -9999 -9999 -9999 -9999 -9999 212.07899 211.81799 211.52499 211.61600 211.42599 211.75101 212.43401 213.59500 213.74300 214.63800 214.26601 214.52100 204.43600 205.14700 203.17999 203.79500 201.38800 201.93401 212.72099 212.97501 216.48000 216.89301 217.74899 219.41600 219.54500 219.03999 217.44800 215.44701 213.15401 213.59500 214.97800 215.50900 213.53400 213.67300 -9999 -9999 -9999
208.13100 209.64400 210.99899 213.61301 215.11099 217.34599 216.81000 219.76601 213.32201 210.13400 208.38300 207.95900 208.08200 206.44000 205.95700 208.49001 206.45500 207.91400 211.83501 217.77600 222.40900 219.61900 218.60500 214.40601 208.58501 213.19501 208.94099 208.42700 209.66499 210.75500 212.12900 211.92200 212.59100 214.90900 215.13200 213.37601 212.95700 213.32600 214.08701 214.36301 214.80099 214.37199 215.14600 216.19400 215.98300 215.50800 215.06799 215.45399 215.70300 212.59500 212.87199 214.17599 214.64200 216.25999 217.00900 217.86600 219.15500 219.96700 220.71400 219.04500 219.40300 221.08200 220.95200 222.36099 221.20300 215.11700 211.51100 210.12601 209.49800 209.92599
211.08800 212.75700 210.88699 211.32899 211.68800 213.83501 209.66800 215.72800 214.70700 214.42101 218.92500 218.78700 217.92500 221.37900 222.94099 223.06799 228.02699 231.53000 233.36600 232.98900 234.37801 233.37801 243.15199 237.89200 233.68900 222.27600 220.29800 214.48700 213.30200 210.14900 209.09100 208.14700 208.39000 214.07401 218.46700 217.77800 217.19200 217.57401 217.02600 217.79300 217.90401 216.96899 217.36800 218.50999 218.12700 218.34399 218.86501 219.62000 218.99699 215.43300 215.89500 216.84700 217.10400 218.69099 219.53300 220.49400 220.82800 221.79401 222.34700 220.96600 220.73399 221.97301 222.42000 223.79300 222.53500 215.62801 213.48801 213.40800 211.75200 211.24200
224.11900 219.09500 219.75101 220.44901 219.25000 221.63400 220.03000 214.98100 219.44901 229.56400 230.53200 233.48399 235.64101 230.50101 233.57700 245.53101 248.05200 243.17400 243.08501 251.27901 252.48500 239.36700 233.85001 234.10500 229.03200 229.24699 228.37801 221.86301 219.15300 215.91400 210.17599 208.66701 207.94701 215.17101 221.66800 222.56000 222.70000 221.82100 221.36900 220.73000 220.43201 222.76199 222.14700 222.97301 222.06100 222.11900 221.45399 221.73100 221.62700 218.80400 219.29300 219.63000 219.76100 220.82800 220.45599 219.98599 220.62601 221.81000 222.52299 222.46300 221.99001 221.84000 221.10201 222.80400 221.27299 218.63901 218.67000 215.82800 214.22301 214.15199
230.60201 231.42900 230.54700 231.60300 230.17700 230.82800 230.08400 232.30800 234.60100 236.88100 241.62601 247.31300 249.12700 255.23500 254.17200 254.47000 254.22200 257.90601 258.56900 255.48500 255.92999 260.04501 253.62700 238.40800 233.39400 230.15700 228.09399 222.83800 223.11301 223.96100 223.35001 220.97301 213.56100 221.01801 223.49699 226.78600 226.98100 226.20700 225.97501 225.67799 225.70100 226.10300 225.53101 226.14200 226.20399 223.75301 223.90900 224.56300 223.96400 222.33800 222.00301 222.47301 223.49600 224.23300 223.82300 223.86200 224.08600 225.03500 224.50800 224.09399 224.25101 223.56300 223.05800 224.15500 223.33200 223.91200 222.04201 218.50400 217.47099 217.01900
236.69000 240.58200 240.77901 238.86099 234.28400 233.95900 241.07899 248.37199 250.23399 249.92999 254.85600 257.57999 255.92599 254.47000 251.71700 249.17000 250.13800 250.03500 251.84300 253.57100 255.34399 255.92200 248.61800 238.17900 231.56500 231.44901 229.26100 224.81900 227.69901 226.47800 227.20500 224.93401 220.42300 221.19200 228.02901 229.52699 230.27100 229.87399 230.10800 230.21400 229.85001 229.75800 228.98300 228.91600 228.96700 228.65300 228.11200 227.50800 227.81500 226.30901 225.76500 227.02901 226.55200 225.77100 226.63800 226.74699 227.54900 227.24100 228.42700 227.30200 227.40401 227.46300 228.09801 228.36200 227.14301 225.41200 224.08099 220.49899 219.27800 219.05299
251.33099 252.86800 248.79500 241.95399 241.22800 245.36400 248.56599 250.21001 250.38600 249.18201 250.66200 251.15300 248.93600 253.55099 253.97301 249.82800 249.45900 251.89101 258.52499 260.55200 261.21701 260.78000 253.63400 239.51100 228.44501 223.97501 228.62000 228.05400 232.20700 230.72600 230.23300 228.60899 226.52200 223.38200 227.61800 230.48801 233.15401 233.71400 233.89600 233.96001 233.97600 233.46100 233.16901 233.03400 232.49001 232.57401 232.81500 232.17799 231.15800 230.14500 230.05299 231.07600 231.07201 230.07401 230.55499 231.96800 231.96700 232.20300 233.79800 232.79700 231.79700 229.51601 230.27100 231.48900 229.85699 228.42101 226.41400 223.45500 222.96899 221.32899
251.64900 254.46300 248.44000 248.47600 247.52200 246.49100 246.45399 253.86600 262.34299 267.12601 264.77499 262.07101 261.05600 254.96500 274.49799 271.18701 258.39600 252.95799 259.39301 265.26001 265.27899 257.66901 252.34000 243.14700 230.04800 226.57300 229.19200 226.36800 232.16701 230.40700 230.26500 233.15401 233.90199 232.12601 234.10699 233.88699 231.64000 230.83501 231.22301 229.66901 227.97701 233.48801 233.98000 232.73700 235.11501 235.00400 235.09500 235.51199 235.39000 235.08000 232.84100 232.92000 232.64799 232.13200 232.24400 234.15100 234.35699 232.98700 232.77000 232.40100 232.70599 233.21700 232.90800 231.03700 230.73100 229.91701 228.32800 226.35100 224.82500 220.49899
253.50900 257.63901 259.38199 258.58200 261.66400 262.04199 256.64099 262.10999 268.89801 274.19199 276.26901 266.15799 249.74500 249.22900 251.69501 254.54401 252.35500 252.88300 256.09799 262.40100 263.24600 258.12399 252.07100 245.83600 231.37601 233.07899 234.24899 230.22800 230.51401 230.16499 230.25000 230.73100 231.35899 231.68100 234.59399 232.44501 229.91000 225.50101 223.62100 220.92400 220.92500 226.95500 227.08600 223.21700 224.50700 227.74300 228.23199 231.34801 231.91800 237.51900 239.38800 239.06500 236.84500 236.98199 238.96600 238.54300 238.13699 237.58501 236.34100 236.99800 237.33900 235.71600 232.50700 231.98199 232.57100 230.73300 227.89999 226.80299 225.16600 223.30400
261.15201 258.17001 257.46399 255.78200 255.45300 255.96300 255.99699 259.81900 262.77301 262.75699 261.78101 262.60300 259.82001 270.48901 252.11800 253.04300 252.84599 252.91499 252.30400 250.06900 255.44200 248.82700 253.08099 249.41000 237.09801 232.19600 229.93500 228.59900 228.78200 224.81900 229.55200 229.80701 229.14101 226.84801 225.91800 225.10899 222.85699 222.61501 222.27100 219.87300 217.09399 220.95200 221.76199 218.86099 219.32600 220.67799 219.99400 220.05499 220.98900 224.17999 229.04601 237.10899 241.88100 240.72900 242.37900 242.55099 239.88100 239.21100 239.94299 239.16299 238.71100 238.85800 237.62300 235.59200 232.13300 229.91600 228.05600 229.72200 230.31100 229.09100
267.24799 265.59601 260.75800 257.99799 256.95099 257.52100 257.21399 257.25400 257.24701 258.60400 258.97800 260.29001 262.09698 273.61801 272.61801 273.02701 271.95499 252.12601 255.80499 255.14000 250.23399 253.03000 249.50101 245.11301 246.79100 239.94600 242.33400 234.41901 232.66000 232.05299 232.05800 233.90700 236.23500 237.34900 237.21001 231.62801 231.59000 228.63300 227.44901 226.62100 223.56700 226.23100 224.95599 222.52699 221.37300 224.50400 223.95500 223.95900 223.85201 225.57201 230.22400 235.70399 239.35400 240.95399 243.57899 246.30200 241.78300 238.35500 241.62300 241.67599 240.92900 241.24699 240.20799 237.94000 234.97800 234.67000 233.46100 232.74100 230.73100 231.98900
262.62601 260.48001 259.46201 256.49500 254.04500 254.25301 251.99300 253.11400 247.47501 244.05000 243.56599 249.19501 255.30200 258.90601 255.07100 253.56599 259.21899 264.03299 265.63699 262.71100 256.23999 257.33899 249.60201 249.84500 248.25700 246.15500 247.23100 245.84100 246.53999 247.63699 246.32001 248.80901 252.60400 253.00700 247.40500 244.78400 242.53200 242.31900 240.84300 232.20799 231.10600 228.71500 227.02299 228.66800 228.80099 225.28600 225.31200 224.99100 228.44901 229.15300 227.19501 230.34500 235.62000 239.03000 242.67900 244.84599 246.36099 246.17599 242.62601 243.80701 244.08000 242.81700 242.56799 241.62601 238.85300 239.92599 237.62399 236.35899 236.82899 233.63901
260.39200 252.57001 241.09300 237.85300 238.71899 242.18500 245.18800 246.60001 248.25200 250.12100 248.23900 249.43700 248.37500 250.73500 243.18800 239.29201 243.24899 250.03600 255.53300 257.14001 257.15302 260.52899 254.74100 252.56500 252.87100 249.02699 251.99699 247.55000 249.60400 249.28400 251.77000 254.38600 255.91701 252.05800 249.20900 245.63000 246.89301 239.24699 237.26900 237.28900 236.49699 232.11900 230.05400 232.65401 230.62300 227.40300 230.04201 229.76601 228.73801 226.16100 227.79700 233.46600 237.22000 238.52699 239.67799 242.53900 246.02699 249.76700 246.18401 246.12601 246.41499 246.04500 245.06100 244.20399 242.51401 244.78600 243.79700 241.80200 240.32201 237.04800
245.20200 240.38300 232.51300 243.56900 255.31700 256.76999 252.91701 252.09500 248.62900 247.16200 251.24400 251.30901 251.05600 255.86400 255.94901 254.41299 255.05800 255.82401 255.99600 263.33401 268.44501 267.50601 263.91101 259.18201 254.29500 251.27400 252.48599 244.75000 243.27600 251.17300 253.49100 252.67500 255.25101 259.61801 256.20901 252.28300 246.25700 242.06900 242.26700 241.71001 238.55200 235.82201 236.79800 234.55299 233.76100 231.33600 232.03600 230.88901 230.37199 228.14301 225.77299 228.87500 228.69901 232.70500 234.32300 244.56000 249.74500 251.01900 253.77100 250.47301 249.90601 252.10800 251.01601 248.66901 247.86501 247.75500 246.45200 245.95100 244.59000 240.84100
253.53101 264.87500 263.49799 263.51999 267.56699 263.26501 252.46001 245.62000 244.47501 243.35100 243.71600 250.59500 253.46899 261.83499 265.44101 260.85199 246.95200 244.59300 246.82800 251.05200 257.70999 256.43399 255.15401 260.46701 261.12500 260.57001 255.32800 253.00600 250.51601 249.08800 247.38100 249.97200 255.69400 258.20599 254.91000 254.05400 242.58299 240.97501 242.48100 246.25101 242.88699 241.08299 241.26601 241.23599 238.89999 237.66100 231.19701 235.09700 232.84700 233.01900 233.02000 230.64301 230.47200 232.75000 236.65401 243.70599 247.86700 251.10699 257.52301 255.90199 254.48500 255.72301 254.14000 248.52200 244.28600 243.41400 242.75800 244.28000 245.48199 244.18900
251.83200 258.81601 267.41000 269.75400 269.91101 268.38501 263.17099 257.39801 253.64200 252.08600 248.82899 249.88901 253.09900 256.43301 259.87601 263.19601 261.67001 246.15700 240.39900 243.21001 250.80000 248.44200 250.11099 249.70700 251.09200 253.57700 249.90500 248.26900 247.06500 250.07800 255.08501 249.25101 252.69501 252.40800 252.77800 254.03101 246.90800 244.06400 243.21300 245.83600 246.44400 245.87601 246.16901 241.85500 240.02800 242.94000 238.40900 238.91400 240.58000 237.25000 236.88300 239.05499 243.29700 241.91499 242.54300 240.78799 244.60100 245.89301 253.09500 256.84100 255.19200 258.89301 258.73901 256.43900 254.48599 250.40800 249.37100 250.45000 250.02800 249.94099
