data/hydroclimate-scenarios/BCSD_hadcm_A1B/monthly_summaries/olr_monthly_avg_sep.2070-2099.asc
ncols	311
nrows	91
xllcenter	102.75
yllcenter	31.75
cellsize	0.5
NODATA_value	-9999
[rows 0 to 30 of 91, columns 210 to 279 of 311]
-9999 -9999 -9999 -9999 -9999 -9999 -9999 -9999 -9999 -9999 -9999 -9999 -9999 -9999 -9999 -9999 -9999 -9999 -9999 -9999 -9999 -9999 -9999 -9999 -9999 -9999 -9999 -9999 -9999 -9999 -9999 -9999 -9999 -9999 -9999 -9999 -9999 -9999 -9999 -9999 -9999 -9999 -9999 -9999 -9999 -9999 -9999 -9999 -9999 -9999 -9999 -9999 -9999 -9999 -9999 -9999 -9999 -9999 -9999 -9999 -9999 -9999 -9999 -9999 -9999 -9999 -9999 -9999 -9999 -9999
-9999 -9999 -9999 -9999 -9999 -9999 -9999 -9999 -9999 -9999 -9999 -9999 -9999 -9999 -9999 -9999 -9999 -9999 -9999 -9999 -9999 -9999 -9999 -9999 -9999 -9999 -9999 -9999 -9999 -9999 -9999 -9999 -9999 -9999 -9999 -9999 -9999 -9999 -9999 -9999 -9999 -9999 -9999 -9999 -9999 -9999 -9999 -9999 -9999 -9999 -9999 -9999 -9999 -9999 -9999 -9999 -9999 -9999 -9999 -9999 -9999 -9999 -9999 -9999 -9999 -9999 -9999 -9999 -9999 -9999
-9999 -9999 -9999 -9999 -9999 -9999 -9999 -9999 -9999 -9999 -9999 -9999 -9999 -9999 -9999 -9999 -9999 -9999 -9999 -9999 -9999 -9999 -9999 -9999 -9999 -9999 -9999 -9999 -9999 -9999 -9999 -9999 -9999 -9999 -9999 -9999 -9999 -9999 -9999 -9999 -9999 -9999 -9999 -9999 -9999 -9999 -9999 -9999 -9999 -9999 -9999 -9999 -9999 -9999 -9999 -9999 -9999 -9999 -9999 -9999 -9999 -9999 -9999 -9999 -9999 -9999 -9999 -9999 -9999 -9999
-9999 -9999 -9999 -9999 -9999 -9999 -9999 -9999 -9999 -9999 -9999 -9999 -9999 -9999 -9999 -9999 -9999 -9999 -9999 -9999 -9999 -9999 -9999 -9999 -9999 -9999 -9999 -9999 -9999 -9999 -9999 -9999 -9999 -9999 -9999 -9999 -9999 -9999 -9999 -9999 -9999 -9999 -9999 -9999 -9999 -9999 -9999 -9999 -9999 -9999 -9999 -9999 -9999 -9999 -9999 -9999 -9999 -9999 -9999 -9999 -9999 -9999 -9999 -9999 -9999 -9999 -9999 -9999 -9999 -9999
-9999 -9999 -9999 -9999 -9999 -9999 -9999 -9999 -9999 -9999 -9999 -9999 -9999 -9999 -9999 -9999 -9999 -9999 -9999 -9999 -9999 -9999 -9999 -9999 -9999 -9999 -9999 -9999 -9999 -9999 -9999 -9999 -9999 -9999 -9999 -9999 -9999 -9999 -9999 -9999 -9999 -9999 -9999 -9999 -9999 -9999 -9999 -9999 -9999 -9999 -9999 -9999 -9999 -9999 -9999 -9999 -9999 -9999 -9999 -9999 -9999 -9999 -9999 -9999 -9999 -9999 -9999 -9999 -9999 -9999
-9999 -9999 -9999 -9999 -9999 -9999 -9999 -9999 -9999 -9999 -9999 -9999 -9999 -9999 -9999 -9999 -9999 -9999 -9999 -9999 -9999 -9999 -9999 -9999 -9999 -9999 -9999 -9999 -9999 -9999 -9999 -9999 -9999 -9999 -9999 -9999 -9999 -9999 -9999 -9999 -9999 -9999 -9999 -9999 -9999 -9999 -9999 -9999 -9999 -9999 -9999 -9999 -9999 -9999 -9999 -9999 -9999 -9999 -9999 -9999 -9999 -9999 -9999 -9999 -9999 -9999 -9999 -9999 -9999 -9999
-9999 -9999 -9999 -9999 -9999 -9999 -9999 -9999 -9999 -9999 -9999 -9999 -9999 -9999 -9999 -9999 -9999 -9999 -9999 -9999 -9999 -9999 -9999 -9999 -9999 -9999 -9999 -9999 -9999 -9999 -9999 -9999 -9999 -9999 -9999 -9999 -9999 -9999 -9999 -9999 -9999 -9999 -9999 -9999 -9999 -9999 -9999 -9999 -9999 -9999 -9999 -9999 -9999 -9999 -9999 -9999 -9999 -9999 -9999 -9999 -9999 -9999 -9999 -9999 -9999 -9999 -9999 -9999 -9999 -9999
-9999 -9999 -9999 -9999 -9999 -9999 -9999 -9999 -9999 -9999 -9999 -9999 -9999 -9999 -9999 -9999 -9999 -9999 -9999 -9999 -9999 -9999 -9999 -9999 -9999 -9999 -9999 -9999 -9999 -9999 -9999 -9999 -9999 -9999 -9999 -9999 -9999 -9999 -9999 -9999 -9999 -9999 -9999 -9999 -9999 -9999 -9999 -9999 -9999 -9999 -9999 -9999 -9999 -9999 -9999 -9999 -9999 -9999 -9999 -9999 -9999 -9999 -9999 -9999 -9999 -9999 -9999 -9999 -9999 -9999
-9999 -9999 -9999 -9999 -9999 -9999 -9999 -9999 -9999 -9999 -9999 -9999 -9999 -9999 -9999 -9999 -9999 -9999 -9999 -9999 -9999 -9999 -9999 -9999 -9999 -9999 -9999 -9999 -9999 -9999 -9999 -9999 -9999 -9999 -9999 -9999 -9999 -9999 -9999 -9999 -9999 -9999 -9999 -9999 -9999 -9999 -9999 -9999 -9999 -9999 -9999 -9999 -9999 -9999 -9999 -9999 -9999 -9999 -9999 -9999 -9999 -9999 -9999 -9999 -9999 -9999 -9999 -9999 -9999 -9999
-9999 -9999 -9999 -9999 -9999 -9999 -9999 -9999 -9999 -9999 -9999 -9999 -9999 -9999 -9999 -9999 -9999 -9999 -9999 -9999 -9999 -9999 -9999 -9999 -9999 -9999 -9999 -9999 -9999 -9999 -9999 -9999 -9999 -9999 -9999 -9999 -9999 -9999 -9999 -9999 -9999 -9999 -9999 -9999 -9999 -9999 -9999 -9999 -9999 -9999 -9999 -9999 -9999 -9999 -9999 -9999 -9999 -9999 -9999 -9999 -9999 -9999 -9999 -9999 -9999 -9999 -9999 -9999 -9999 -9999
-9999 -9999 -9999 -9999 -9999 -9999 -9999 -9999 -9999 -9999 -9999 -9999 -9999 -9999 -9999 -9999 -9999 -9999 -9999 -9999 -9999 -9999 -9999 -9999 -9999 -9999 -9999 -9999 -9999 -9999 -9999 -9999 -9999 -9999 -9999 -9999 -9999 -9999 -9999 -9999 -9999 -9999 -9999 -9999 -9999 -9999 -9999 -9999 -9999 -9999 -9999 -9999 -9999 -9999 -9999 -9999 -9999 -9999 -9999 -9999 -9999 -9999 -9999 -9999 -9999 -9999 -9999 -9999 -9999 -9999
-9999 -9999 -9999 -9999 -9999 -9999 -9999 -9999 -9999 -9999 -9999 -9999 -9999 -9999 -9999 -9999 -9999 -9999 -9999 -9999 -9999 -9999 -9999 -9999 -9999 -9999 -9999 -9999 -9999 -9999 -9999 -9999 -9999 -9999 -9999 -9999 -9999 -9999 -9999 -9999 -9999 -9999 -9999 -9999 -9999 -9999 -9999 -9999 -9999 -9999 -9999 -9999 -9999 -9999 -9999 -9999 -9999 -9999 -9999 -9999 -9999 -9999 -9999 -9999 -9999 -9999 -9999 -9999 -9999 -9999
-9999 -9999 -9999 -9999 -9999 -9999 -9999 -9999 -9999 -9999 -9999 -9999 -9999 -9999 -9999 -9999 -9999 -9999 -9999 -9999 -9999 -9999 -9999 -9999 -9999 -9999 -9999 -9999 -9999 -9999 -9999 -9999 -9999 -9999 -9999 -9999 -9999 -9999 -9999 -9999 -9999 -9999 -9999 -9999 -9999 -9999 -9999 -9999 -9999 -9999 -9999 -9999 -9999 -9999 -9999 -9999 -9999 -9999 -9999 -9999 -9999 -9999 -9999 -9999 -9999 -9999 -9999 -9999 -9999 -9999
278.53400 279.57001 278.47900 279.78299 280.15100 280.34500 280.45901 280.63501 281.86499 -9999 -9999 -9999 -9999 -9999 -9999 -9999 -9999 -9999 -9999 -9999 -9999 -9999 -9999 -9999 -9999 -9999 -9999 -9999 -9999 -9999 -9999 -9999 -9999 -9999 -9999 -9999 -9999 -9999 -9999 -9999 -9999 -9999 -9999 -9999 -9999 -9999 -9999 -9999 -9999 -9999 291.83499 -9999 -9999 -9999 -9999 -9999 -9999 -9999 -9999 -9999 -9999 -9999 -9999 -9999 -9999 -9999 -9999 -9999 -9999 -9999
280.99799 279.27301 278.58301 278.07401 276.99701 278.22198 278.41299 279.23499 279.81699 291.37299 291.68100 292.02499 292.73901 292.16199 291.88300 292.52301 292.62000 292.69699 293.61401 294.68701 295.51599 296.39899 -9999 -9999 -9999 -9999 -9999 -9999 -9999 -9999 -9999 -9999 -9999 -9999 -9999 -9999 -9999 -9999 -9999 -9999 -9999 -9999 -9999 -9999 -9999 284.09399 288.60400 286.41101 280.52701 277.72400 281.20099 291.59201 -9999 -9999 -9999 296.89600 -9999 -9999 -9999 293.39499 291.43900 290.30899 -9999 -9999 -9999 -9999 -9999 -9999 -9999 -9999
279.31799 278.10101 277.70499 276.80301 276.85300 277.42401 277.28900 278.09799 278.42200 290.23599 273.92499 273.00500 272.36801 271.50500 265.16101 266.05301 262.97800 261.52899 268.13000 270.99701 271.98700 271.26199 271.24100 276.78101 275.50400 278.82101 284.44501 288.38501 -9999 -9999 -9999 -9999 -9999 295.72699 297.04300 296.82700 297.69901 298.94000 299.71701 299.34698 298.29800 297.39200 295.99600 295.88699 294.94699 279.62701 280.36600 278.01801 279.21799 275.02802 276.60599 291.35501 289.89600 293.44400 294.22800 294.84100 294.25000 296.27200 295.00000 291.09601 287.66901 282.26001 283.26099 286.64099 288.46799 286.94101 290.26401 -9999 -9999 -9999
276.78400 275.32999 274.36200 274.75400 273.71600 272.40100 271.34299 272.99399 272.91599 267.44299 263.67200 262.88400 264.74500 263.92801 263.72601 264.19800 261.62100 265.65799 266.50000 270.65201 273.15201 271.87799 279.80499 277.64401 274.91199 278.73700 275.90799 278.88400 280.98999 284.15500 286.09399 289.60400 292.12000 294.26001 296.51801 293.84601 292.84799 293.70999 294.30801 294.70001 294.34799 292.60001 292.89499 292.10300 292.18701 291.22601 291.04800 291.12201 291.26501 287.93600 287.56500 288.21100 289.00800 290.18100 290.45200 291.22601 292.20099 293.27301 292.52399 293.32901 292.91400 292.00000 292.12000 291.15900 290.69501 287.82501 285.58899 286.24100 288.20700 291.06000
271.07101 270.81299 267.68900 265.02600 263.42801 261.57501 256.85999 257.83401 255.67300 260.34100 261.21799 262.89001 265.90399 268.19800 268.64001 266.69000 269.23999 272.03101 275.00800 289.82700 293.98499 286.60599 285.75101 283.06699 281.37601 283.39499 282.30899 279.27600 278.72800 276.79501 275.97601 277.28601 279.57999 285.67999 293.62299 294.14700 292.69199 291.90601 291.07101 291.93799 291.50101 291.69501 291.83801 291.24799 292.02399 291.18201 292.40100 292.56699 292.36200 288.64001 288.78000 289.90201 290.46701 289.79599 291.19501 292.40500 292.62701 294.67401 293.55399 293.85001 293.66800 293.23099 293.39700 292.44800 292.45200 287.57999 286.45099 289.00601 289.89801 290.69199
280.32401 275.37299 274.75101 276.40100 272.39600 272.85101 269.81400 268.10699 272.70499 277.18701 269.92700 273.61301 276.81400 272.94699 273.37601 277.26401 279.89401 275.31100 280.14801 283.64600 287.60599 284.44601 281.72101 283.48099 282.54199 285.06601 284.56500 282.82199 279.67300 279.27899 273.33801 272.53400 272.59299 281.52802 291.49899 292.12299 292.19000 292.13901 292.41000 291.41501 291.65399 292.80701 292.23801 291.52499 290.25699 293.11600 292.93600 292.79599 292.76801 290.71799 290.63501 291.16599 291.67200 292.03799 291.46799 293.07800 293.21899 293.88199 293.95599 293.40601 292.98199 292.87500 292.68100 292.63101 291.58301 288.14999 290.02701 290.79001 290.54599 292.42401
284.45300 285.81100 284.24399 286.57101 282.83301 277.87701 277.70901 277.10501 278.89200 284.29199 283.99301 286.54401 287.92099 287.95901 286.78201 285.24799 284.78299 284.14401 284.46799 287.06299 288.98901 291.65100 289.93100 285.63501 284.42801 279.95700 280.49399 277.59500 278.53201 283.08600 283.65900 281.44800 273.52600 282.16000 286.13599 289.67700 291.65900 292.57300 293.20599 293.11700 293.90601 293.03799 292.17999 292.03699 292.46301 291.97699 292.20401 293.51901 293.95599 291.89899 292.35300 292.51999 292.35501 293.11801 291.95499 294.02200 293.95001 294.29199 293.87799 293.71100 293.32401 293.34698 293.50000 292.82501 292.85199 293.35101 293.07999 291.19699 292.04599 294.68201
290.57401 293.76901 292.83801 289.74500 282.58600 281.23499 287.01199 290.73401 294.18100 295.44400 295.65100 297.53101 298.29501 297.42700 296.66599 294.34299 291.36099 290.39499 290.32300 289.57999 290.58801 292.04501 288.47601 284.01401 280.70200 280.54401 277.63800 277.07001 281.27399 283.29199 284.46899 282.24301 277.96100 277.29300 286.24899 289.80600 291.44299 293.58301 294.37299 294.69101 294.59900 294.86301 294.62000 294.68301 295.34601 296.24301 294.91599 295.27802 295.76501 295.05801 294.60599 295.24399 293.77499 292.09799 292.93799 293.13901 293.47699 293.41400 294.03000 294.32700 293.51801 295.13000 296.82700 296.09399 296.00500 295.77899 295.47699 294.92300 295.23599 295.91800
293.01999 293.34100 290.73001 287.28400 287.58200 290.79700 295.92700 297.00500 298.18900 298.70599 299.20001 298.01999 297.99600 298.13699 298.56000 297.70499 294.86099 293.93900 295.47800 296.93799 296.92899 296.39099 292.93500 282.53000 277.76901 273.71600 275.15302 278.17099 283.05499 285.04300 284.79001 282.93799 280.91901 275.63101 282.39801 286.52301 291.02701 294.59299 294.89899 295.39499 296.15900 296.06299 296.81601 296.85001 296.71399 298.30301 298.78900 299.18701 298.35400 297.12100 297.36499 296.72198 295.82700 294.75000 295.45700 296.36499 296.55701 296.08701 297.71100 297.46399 296.55099 295.22198 297.46701 298.22501 297.58401 297.69000 295.92999 295.85001 297.05301 297.52701
291.49100 289.55801 286.70001 287.34100 291.29901 291.85501 290.85101 292.64700 294.65399 293.32901 290.10901 290.06000 291.54401 292.43600 295.47699 296.00699 294.86200 295.43100 295.68301 295.70001 297.25400 292.71201 290.53699 281.14801 276.45901 274.18500 274.88000 274.85300 280.75500 280.31201 280.35501 282.24100 283.82300 284.78601 288.50201 289.17099 287.79099 288.83899 291.32401 290.03900 288.98001 290.76501 292.47101 291.73001 295.96301 298.81799 299.51801 299.41400 299.59399 299.11899 295.93799 296.00699 294.37399 295.13699 294.59000 295.85599 295.21500 295.56500 294.64899 293.89499 294.68600 296.90799 298.19101 297.35501 297.97101 296.78601 296.45499 296.63501 296.79501 293.33200
297.47601 297.37100 297.62500 297.95801 296.51599 294.00201 296.83600 300.42700 299.14700 296.01099 294.06500 289.78101 287.10400 285.22900 283.57800 281.35901 284.37500 285.41599 290.50699 293.81500 294.97800 293.24701 290.30099 283.94101 277.15601 277.02600 278.35101 276.55801 276.29300 276.70801 276.59500 276.01901 277.04700 280.90399 284.42099 283.79999 281.62000 279.52399 279.01999 277.18701 278.35001 280.81900 281.95801 278.29800 279.95401 286.51099 288.10800 291.57300 293.06900 298.82401 300.99500 300.50500 297.56699 298.76001 300.15799 297.25601 296.68500 296.69601 295.83701 296.39700 298.82300 297.57101 292.82001 293.78601 296.65399 295.78699 294.41400 294.98401 294.74200 294.83301
298.62399 299.92401 300.39401 299.73499 299.99899 299.26901 300.14801 300.26001 301.25000 302.21100 300.84698 298.57800 296.01999 291.09601 287.12201 280.89801 278.86801 275.64999 278.68701 275.02301 286.14401 286.83401 290.59900 289.55499 278.15500 274.50900 270.16400 272.74799 272.54401 269.59900 272.51099 271.75800 271.37399 270.89301 271.67801 272.25201 271.48801 271.06799 271.92999 272.91101 271.47501 271.60001 274.22601 272.05801 272.10699 275.78601 275.71799 276.11099 276.71701 279.66800 285.66501 295.90701 300.44101 299.43301 301.05099 300.92001 297.42999 295.90302 296.94101 296.26599 296.06799 297.46100 298.22198 296.28000 293.62900 293.03699 292.77399 295.17999 297.87100 299.89801
304.22601 303.55200 303.84799 302.14301 300.74100 298.81299 298.72900 296.90701 296.78400 297.52899 300.04501 300.39401 300.04599 298.45901 295.29300 291.49600 287.18799 282.51999 286.90201 289.16299 289.24799 288.62500 287.17401 285.19299 286.84900 279.66400 280.97299 276.72601 273.55200 272.91199 273.06799 273.04599 276.28900 278.48001 280.21100 276.04001 277.89499 275.17401 275.67401 278.12799 275.15701 275.57901 275.40701 273.80499 272.69601 277.27899 277.42300 278.19501 278.06699 279.27701 284.96500 289.93100 295.53699 297.76999 300.05399 301.75201 296.03000 292.10300 296.19901 296.31100 296.36801 298.15399 298.05801 296.49399 295.05899 296.68500 296.95200 296.21799 295.72699 299.57101
305.60101 304.68201 302.73401 295.61401 292.02200 289.82101 287.02200 287.79001 279.43600 274.46399 273.31799 276.65302 286.14600 292.82199 287.46799 293.67099 295.36499 295.37299 295.44299 295.55301 292.85400 292.77399 287.82101 285.45300 283.30399 284.35400 285.32101 285.48401 285.39200 288.75500 286.00000 285.29999 288.61499 290.19800 286.97800 286.62799 287.76501 288.27301 287.73700 281.33899 281.57300 280.00800 278.79800 279.34399 280.12000 278.92801 279.34900 277.81100 282.00601 283.34698 281.83401 285.24100 290.98099 293.89401 297.01999 300.25000 301.32101 300.22900 296.12701 296.72101 299.05499 300.08099 300.87500 299.57901 297.97101 297.66199 297.19400 297.58301 300.16501 301.14999
299.80600 293.43100 276.08801 267.94699 272.29700 279.63901 282.09399 280.02499 283.27499 286.79999 285.36301 281.46500 280.86200 284.95999 275.66599 278.75101 282.61099 286.60599 292.22400 295.19601 294.02600 296.03000 292.25400 286.92801 285.85400 285.48801 288.25400 285.54599 286.45801 288.22400 289.70801 289.74100 291.16599 287.81100 286.89001 287.08200 290.59698 283.48700 282.67899 285.04599 285.15100 282.24899 280.09299 282.02399 280.69601 279.75800 282.07300 281.03799 280.30899 277.72400 279.39401 285.02100 289.50299 290.33499 291.75900 295.42300 297.81000 302.25101 298.28799 297.41000 299.63599 301.92499 302.15302 299.62100 298.94800 300.58099 301.61499 301.49500 301.72400 303.23401
281.51999 276.88000 270.17899 283.35400 298.73300 296.06601 288.10901 288.77100 287.76999 287.83301 291.12900 290.56201 290.05899 290.41000 290.51199 293.26300 292.65302 293.27701 288.09601 294.83499 302.54501 300.46100 299.25800 294.83600 288.58801 285.70801 286.50400 282.15500 280.34299 289.13699 290.99701 291.14700 294.19699 295.53601 294.49899 292.82199 287.53601 285.13000 286.41299 288.20801 285.40500 284.37601 286.37900 284.08200 283.70499 281.85699 282.37000 281.41901 280.51199 278.55600 276.29800 279.41000 278.67899 282.70901 284.96899 293.39499 298.43100 301.96100 305.61899 301.60501 302.29501 305.78101 305.34601 303.20599 303.35599 303.15900 304.00400 304.31000 304.17801 305.21799
292.11700 304.63599 305.54999 309.27802 312.32800 303.69299 285.86700 277.44299 278.09299 282.60300 290.01401 291.14401 291.04901 293.27899 297.71701 292.34799 269.63501 270.20200 274.17899 276.64301 284.27802 286.20801 286.13000 292.32101 293.88501 293.21701 288.70401 286.92700 284.60699 286.71201 284.33099 289.47601 295.36499 295.30499 294.24899 295.07700 287.97699 287.45499 285.67899 291.60800 289.23700 289.28101 290.66199 290.48099 287.46500 286.78799 280.59000 284.15201 280.73099 281.92099 282.33401 279.55899 279.83401 281.71100 285.91501 291.92099 295.60199 301.42001 309.46799 306.63599 305.90100 308.49600 306.92999 301.97400 297.95401 297.03201 297.73499 299.39899 303.74799 307.35699
280.78000 298.14801 307.41101 310.59500 311.92300 307.82300 296.95901 288.01300 284.82700 284.26401 282.83401 285.51801 289.08499 291.35901 295.01300 296.21201 288.80499 266.28101 259.84698 265.06000 270.36200 271.61899 275.29501 276.93201 280.42200 286.86600 284.23499 281.06900 280.60999 283.55499 287.57999 285.37500 289.01001 290.94101 293.27600 297.76501 291.87701 289.65601 286.92999 286.23999 287.91800 292.32700 293.46701 290.70300 288.54401 291.98599 286.60199 286.67300 287.42801 283.92001 284.81799 286.67499 292.63501 290.75201 290.45300 290.06699 294.82599 295.64200 304.50900 308.60800 305.81000 309.71600 309.47900 309.01001 308.28000 305.77802 306.16501 307.92001 309.39401 310.47198
