data/hydroclimate-scenarios/BCSD_hadcm_A1B/monthly_summaries/olr_monthly_avg_feb.2070-2099.asc
ncols	311
nrows	91
xllcenter	102.75
yllcenter	31.75
cellsize	0.5
NODATA_value	-9999
[rows 31 to 61 of 91, columns 0 to 69 of 311]
-9999 -9999 -9999 -9999 -9999 -9999 -9999 -9999 -9999 -9999 -9999 177.83800 177.69701 177.53600 178.06400 175.20300 174.60500 175.35899 175.43900 175.33299 175.72800 175.03000 175.47301 176.13600 175.86501 175.79300 175.01300 173.45399 174.93300 174.34100 174.13600 174.93700 175.48700 175.87500 175.78700 177.99100 178.80000 176.44000 174.55600 174.08800 174.09700 173.94200 173.07899 171.42101 170.70399 169.45200 169.36400 170.13699 170.24300 169.20900 168.10899 166.41100 164.92799 162.72800 161.04601 159.70399 158.00800 157.60400 157.16499 157.90300 157.69901 157.38200 157.72701 158.42000 159.41200 160.75800 159.96600 162.33200 158.31100 153.14600
-9999 -9999 -9999 -9999 -9999 -9999 -9999 -9999 -9999 -9999 -9999 176.86301 176.35899 177.00999 176.97800 176.29300 176.03700 176.41100 176.35001 177.18100 176.53400 177.11200 178.47501 177.07700 177.24100 176.19400 175.05200 174.75700 174.52299 174.66200 173.66299 174.49400 175.68401 176.20599 175.86099 179.10300 179.65800 180.11400 178.83501 177.30200 176.86000 177.40300 177.59801 175.43201 173.70599 171.62399 171.33299 170.89101 170.22501 169.26300 168.53600 165.98300 164.73199 161.94400 161.63699 161.11099 159.81100 159.47501 159.86000 159.92400 159.93100 159.81100 160.78200 161.64999 163.93500 166.11600 165.31900 166.18201 163.02800 160.26601
-9999 -9999 -9999 -9999 -9999 -9999 -9999 -9999 -9999 -9999 -9999 177.88699 176.61000 177.57500 176.88000 177.05400 177.02100 178.01100 178.45399 179.37000 179.08900 178.67200 179.17101 177.48199 175.42400 173.52800 172.56900 172.86301 174.45500 176.11301 174.76900 175.36700 175.88200 177.45900 178.25900 181.04800 181.27600 181.34801 180.49400 176.41901 178.48300 176.70300 178.41901 177.79300 176.47900 174.72501 173.43100 173.55200 172.35899 170.71800 169.46001 168.70000 166.98300 165.48100 164.85201 163.78600 162.44400 161.34200 161.68100 162.45100 162.50900 162.71800 164.95700 165.69099 167.41100 167.95700 168.60500 169.61200 168.64999 165.99300
-9999 -9999 -9999 -9999 -9999 -9999 -9999 -9999 -9999 -9999 -9999 -9999 178.01100 178.29500 178.23900 178.61099 178.88000 179.65800 180.52800 181.84900 181.28400 179.37801 177.12100 174.59900 173.20700 168.18401 168.69299 167.71001 171.75600 172.42200 173.46800 176.48100 176.99699 178.28300 178.77699 180.13100 180.70100 181.38600 180.81900 178.31300 178.85600 179.22000 179.47099 182.13699 181.60899 180.76801 180.24001 178.59200 176.96400 174.77699 173.76100 170.95700 168.88499 167.70500 165.63300 165.12601 164.66200 164.44299 164.31700 165.34500 165.89600 166.44099 166.43300 166.49200 168.98599 170.68401 172.10400 170.10201 165.45900 164.59200
-9999 -9999 -9999 -9999 -9999 -9999 -9999 -9999 -9999 -9999 -9999 -9999 178.84399 179.20500 179.16499 179.45700 180.60300 181.78101 181.99600 182.11099 181.49600 175.34100 173.18900 170.59500 167.21001 168.19299 169.15900 165.93900 169.34100 168.89900 169.58200 171.44701 176.04100 178.09700 179.00600 180.39200 180.11700 182.32700 182.77800 180.88499 181.11200 180.74100 182.33099 184.61400 187.02600 187.46600 186.58501 183.07100 179.95399 175.11400 172.85899 171.86501 170.47800 168.82600 168.57300 167.92101 167.52800 167.61000 167.72701 167.77699 167.56200 165.73500 166.04500 166.52100 169.82600 173.67700 172.67700 173.29700 171.57800 171.70200
-9999 -9999 -9999 -9999 -9999 -9999 -9999 -9999 -9999 -9999 -9999 -9999 179.28900 181.95000 181.63200 181.03500 180.93100 181.59500 180.62700 178.92999 177.72501 173.17400 171.48300 169.16600 168.40500 165.50301 166.64900 169.04601 168.01700 169.87900 171.12100 174.51300 173.85201 174.19400 177.94000 180.46800 181.23700 181.64301 183.31900 182.38100 180.32201 180.72000 184.53999 187.18201 189.52699 190.76500 188.33200 182.10500 179.44800 177.15300 174.75999 173.72000 173.04300 170.88200 170.77699 170.26300 169.83099 169.33200 168.72400 167.46500 167.82401 166.33400 168.14700 171.23199 171.95900 172.71700 173.42400 175.45399 173.04300 175.96700
-9999 -9999 -9999 180.28700 179.83000 178.91200 179.75800 180.16499 179.23100 -9999 179.41600 180.03000 181.52499 182.92400 183.21001 181.36000 180.92799 181.48700 178.93201 177.51500 177.56100 174.75301 172.51500 171.54401 170.15900 168.82401 169.65601 166.24899 166.97900 163.07899 167.89500 172.29300 171.11400 167.99400 173.48900 177.06700 176.92200 178.49100 180.50400 182.07100 182.58400 182.73199 185.71700 188.15100 188.05400 186.82800 181.52400 182.65700 179.65300 174.95500 171.91800 170.49300 168.33400 164.10400 165.41000 161.68700 160.10001 167.93201 164.84399 167.90300 170.26100 168.92400 170.28500 171.39200 174.50000 175.97800 175.11099 176.21700 178.10400 178.96400
-9999 -9999 -9999 183.20399 182.42000 181.75301 180.60201 180.03300 180.67000 180.72099 182.16000 183.02000 181.67101 182.20799 180.52100 178.61000 177.50301 178.33800 177.84399 177.32899 177.85201 174.75400 175.74600 175.85600 172.62199 171.41499 169.16100 166.79601 164.65800 162.45100 166.39799 165.84599 166.89500 166.35500 169.21700 172.03200 173.27299 171.99400 178.42999 175.73199 176.59500 182.11200 185.58501 184.94000 183.26801 180.02800 178.86700 182.40500 175.89900 171.08800 168.55499 167.03900 164.39700 163.13100 166.80901 164.09399 167.01900 167.06300 164.12399 165.73900 167.98300 168.25900 169.69501 172.42400 174.24600 179.05400 179.32300 183.67300 183.47099 182.59500
-9999 -9999 -9999 185.06900 183.63300 181.56900 180.90900 181.05600 182.14999 183.27299 182.97099 182.51300 180.54100 178.32600 174.63800 176.95500 175.58400 176.50999 178.44299 178.38901 177.13499 173.98801 174.88699 172.48900 168.70900 169.40700 168.55000 166.55800 166.67599 161.50200 157.72000 160.01601 164.71400 166.67000 166.55000 170.13800 172.76100 175.09200 176.97000 175.89000 176.41400 180.48000 183.67799 184.84000 186.30701 182.97400 181.38699 178.44000 176.00200 169.20300 166.07800 169.43401 167.28200 166.64600 168.00700 167.45599 168.70799 169.94200 167.56200 167.57401 171.00101 172.26801 174.98300 173.88300 177.70500 179.99600 180.98399 182.49001 179.33400 180.71001
-9999 -9999 -9999 184.50400 186.03600 182.33900 183.17900 181.34599 180.94800 180.91701 182.42500 182.37601 177.71800 175.13100 173.84000 174.40500 173.20200 171.69600 173.03500 175.41299 172.00900 168.19000 164.79800 166.39600 167.20000 167.99699 168.58000 166.92300 161.12500 156.73399 159.25400 167.63901 164.59399 160.92799 162.08701 166.25999 171.58800 176.64900 175.03700 176.72600 176.92400 175.30400 174.59900 177.83200 184.26601 179.71100 176.32401 179.28300 172.76199 171.62000 166.04201 168.42500 167.52600 164.38600 166.81500 167.80299 168.87000 168.46001 167.59801 168.62100 166.13400 171.78999 174.24699 176.46201 178.46100 181.82600 182.64101 182.98399 179.72099 181.64400
-9999 -9999 -9999 185.73900 186.70300 181.76100 181.73300 181.32899 179.55099 180.95599 183.79300 180.25000 175.63000 172.75000 169.67101 171.22600 170.26900 172.11501 176.34200 178.84500 174.65100 171.03200 168.04900 171.97200 172.52000 172.59801 173.68800 170.09200 164.45900 160.52901 159.90100 163.14000 162.25700 164.65300 166.84599 168.93100 170.02901 174.44200 177.07100 176.92799 175.63600 175.55800 175.13499 175.59599 179.09700 179.49800 178.82201 177.96500 175.21001 171.88400 169.66901 173.00800 170.08600 164.72701 169.66299 166.17300 170.93201 172.12399 170.66600 166.59000 168.84200 171.02100 173.95000 172.32300 174.51500 182.09500 182.48900 181.45700 182.34399 192.03999
-9999 -9999 -9999 -9999 182.59200 180.44800 180.96800 178.21899 177.89200 179.58400 183.12100 180.33099 170.70100 175.64200 -9999 -9999 -9999 -9999 -9999 169.66299 169.21500 170.88600 168.20799 164.86000 167.11501 170.62801 175.60699 171.36099 168.61501 170.38600 167.61800 165.47800 165.53900 169.03101 173.81799 175.80000 174.60300 177.64700 177.60100 178.04601 179.89799 179.75200 178.78101 176.54500 178.30200 179.96201 178.49500 174.66499 175.98100 176.74300 173.24300 172.33400 174.30000 168.71001 167.59100 165.19501 164.69200 166.22000 167.49600 169.77499 169.10899 167.93800 170.75500 174.67599 177.12199 178.17599 182.70200 191.85400 198.53600 -9999
-9999 -9999 187.47200 184.73199 182.37900 182.02000 180.67400 177.25200 179.67700 180.04100 182.80499 179.41200 171.51700 -9999 -9999 -9999 -9999 -9999 164.19200 170.21201 170.85001 174.82700 174.26700 169.90401 169.80600 172.00101 177.26500 176.61099 174.00600 174.61800 172.53500 169.84300 171.12399 172.82401 175.00800 178.35899 176.92500 178.18401 177.85100 178.79401 178.24300 180.35600 179.87700 181.24500 182.72400 182.58400 181.28200 180.88600 182.45900 183.79900 181.41100 180.20100 178.59300 178.79500 174.39799 176.23801 172.82401 169.68700 169.91200 175.79800 175.96600 175.59900 177.26199 178.34300 182.16100 185.53300 190.29300 -9999 -9999 -9999
-9999 -9999 187.65300 185.86800 184.57100 182.08400 182.37000 178.17101 179.15800 181.05099 178.96700 177.67200 177.98500 -9999 -9999 -9999 -9999 174.95000 168.58299 174.71100 175.51900 178.47000 176.68300 176.89799 178.97400 182.30800 180.39999 178.10400 177.35500 177.66499 175.25301 172.61400 176.26100 177.84000 177.71001 178.49899 179.23801 179.95799 176.70300 174.18100 177.24899 177.15700 178.02000 180.23599 179.40500 180.89700 182.60800 180.92999 186.10800 183.40700 183.43600 184.17700 184.44901 182.69901 181.33000 185.88499 183.23399 175.05299 173.38000 177.75500 180.14900 176.77699 181.05200 186.94299 191.25700 -9999 -9999 -9999 -9999 -9999
-9999 -9999 190.74300 186.51300 185.38400 183.42900 183.29401 181.67000 180.71500 180.56100 177.30400 177.61900 192.12399 -9999 -9999 -9999 -9999 170.80099 172.86700 175.52699 177.03400 181.70300 182.65500 183.33701 180.92200 181.74200 178.74300 179.97600 177.77499 177.16499 175.60699 175.84200 176.44901 176.83299 179.67700 178.64400 177.91100 177.45599 175.89400 177.96700 178.51801 181.35600 183.15199 180.90800 181.90300 179.87500 180.06500 179.90900 182.37700 181.69200 185.13400 184.06300 183.75700 181.95000 181.16800 187.21300 187.48100 180.65199 181.77499 183.71600 189.12399 190.35201 191.35400 189.15199 186.24500 187.54900 195.79300 194.75101 200.87300 -9999
-9999 -9999 -9999 189.17200 186.59599 185.47900 185.77000 185.71100 182.95000 180.36400 182.60201 190.72099 -9999 -9999 -9999 -9999 174.53400 173.04800 177.15401 180.38600 182.27000 185.23599 183.68401 183.92799 182.39700 181.41100 179.97600 177.62399 177.47200 173.43800 174.20500 175.84500 178.74400 180.00800 181.40500 182.04500 181.98399 182.20399 181.44400 182.09801 182.53900 183.99400 184.55000 186.54500 188.69299 186.66299 187.70200 188.65500 186.58701 185.33501 182.12100 183.70799 185.11000 182.08701 179.34300 178.64400 179.72099 177.51601 179.57700 185.17300 187.16400 188.89101 184.27499 174.32899 169.86900 185.06500 193.14101 193.56200 197.64400 201.00000
-9999 -9999 -9999 -9999 191.72800 189.30499 187.95799 185.49500 183.10001 186.83501 193.19000 -9999 -9999 -9999 -9999 177.74899 176.35899 179.02699 181.82500 183.79201 185.07001 186.87199 185.78999 182.64500 181.40800 182.92101 182.56500 179.71700 177.69200 177.58299 176.28700 180.07600 181.88300 182.28500 180.79800 181.61700 181.83299 182.48700 181.30200 182.18201 181.64600 182.96001 185.14900 189.30400 189.50500 188.93800 189.23700 189.12199 188.91600 186.72400 186.23000 187.08501 185.19701 183.85899 184.00999 183.83600 185.52600 180.28101 181.34700 186.25301 183.70599 181.81900 181.59200 182.06300 179.17999 185.17300 193.03400 195.28300 193.35500 196.27200
-9999 -9999 -9999 -9999 -9999 -9999 190.85100 188.89799 191.75301 193.43300 188.51801 -9999 -9999 -9999 -9999 -9999 182.89500 184.52400 186.06200 185.18900 184.96201 192.23500 184.21300 181.94701 181.65199 185.21001 184.42200 181.69600 181.18900 179.33099 177.69099 181.01199 183.77100 179.98300 181.09801 183.18900 181.59700 178.83800 181.30400 180.92101 181.37399 179.32700 181.12500 185.16299 186.89200 189.24001 190.35100 189.03200 188.66901 186.64200 186.84900 186.44701 186.53400 185.99200 184.55800 186.77600 186.58400 183.78400 183.84000 183.96600 182.25600 181.24400 180.89600 178.24899 176.18800 181.67000 189.12100 194.90401 193.47900 192.76100
-9999 -9999 -9999 -9999 -9999 -9999 -9999 -9999 -9999 -9999 -9999 -9999 -9999 -9999 -9999 -9999 -9999 -9999 -9999 186.92101 186.80800 190.60899 187.41400 185.47200 184.49899 184.26500 183.26801 185.40700 184.37399 179.54800 179.17599 182.45500 180.65800 180.48500 180.96400 181.62100 181.94400 179.94501 179.88499 179.58299 178.59300 179.97900 182.38699 184.59599 185.55600 188.42999 190.23700 190.27200 189.33400 187.56200 187.39101 188.48801 187.22701 188.47600 186.08299 187.00800 187.02400 185.86600 184.22400 184.13400 179.57800 182.10201 181.39500 177.39600 176.98100 187.19400 192.86099 195.91200 194.48599 190.04401
-9999 -9999 -9999 -9999 -9999 -9999 -9999 -9999 -9999 -9999 -9999 -9999 -9999 -9999 -9999 -9999 -9999 -9999 187.85400 188.86700 190.35899 191.37300 190.28799 189.18600 188.49699 188.53500 188.43201 184.01801 181.82500 180.38499 180.62500 179.85300 179.39500 178.92599 180.33099 182.42200 181.39000 183.83099 181.12500 177.39000 176.98100 181.10201 182.58000 183.42900 184.69000 184.14200 187.38600 191.10600 191.77000 190.09599 190.60500 189.23500 188.65800 189.17900 186.65800 188.57100 187.84801 183.53400 180.93100 185.32100 187.20799 188.42799 185.95900 183.22900 182.18600 191.56700 195.53000 199.16299 198.47301 196.17200
-9999 -9999 -9999 -9999 -9999 -9999 -9999 -9999 -9999 -9999 -9999 -9999 -9999 -9999 -9999 -9999 -9999 189.07899 188.93600 193.44299 192.89200 191.39600 190.78999 191.00000 190.86600 190.04100 189.33400 183.70799 179.74400 179.16800 179.11800 180.27200 180.04900 181.79700 182.08299 180.47701 178.58701 180.67599 181.85699 178.15500 178.98000 182.72600 182.84399 184.86501 186.62801 186.80600 188.38100 190.31900 193.64999 192.35300 193.79601 193.33600 190.41701 189.74300 188.91800 188.89799 187.15601 183.39301 182.54401 187.11600 193.17300 189.72400 181.16600 180.21001 190.04100 195.01100 195.11800 199.62700 199.67300 197.64301
-9999 -9999 -9999 -9999 -9999 -9999 -9999 -9999 -9999 -9999 -9999 -9999 -9999 -9999 -9999 -9999 -9999 191.57600 193.62000 190.46700 191.88600 192.70200 192.68900 191.77499 195.23399 191.53799 189.95900 187.18500 185.89500 181.19200 180.87801 182.74600 183.40300 184.73900 182.40401 180.02299 179.50500 178.33501 175.90401 179.71300 181.21600 185.41901 186.97000 186.76300 187.41000 193.98900 195.40100 189.79201 192.42999 195.88699 196.34200 196.12399 192.96201 192.28600 191.62500 190.91701 185.60201 184.57201 188.01900 189.23199 188.70399 185.85800 186.26199 187.25999 184.34500 187.84000 194.54900 193.11301 198.97900 199.59700
-9999 -9999 -9999 -9999 -9999 -9999 -9999 -9999 -9999 -9999 -9999 -9999 -9999 -9999 -9999 -9999 185.07899 188.18401 189.47000 190.31700 194.59599 197.21100 194.78300 195.93500 199.17300 193.82600 192.48700 193.65700 190.66000 184.11700 183.10699 184.79401 184.79800 186.94400 185.45100 183.25000 181.92799 179.64600 178.37700 183.72701 186.34700 188.26601 188.84599 189.51401 191.09100 195.32600 196.66600 189.97099 192.94299 197.47600 198.60400 197.50900 194.07800 193.69000 192.39999 192.07600 191.02100 189.31799 190.30099 188.15700 190.43500 190.06599 187.65900 183.84200 190.16100 192.03700 194.65100 198.52299 204.04201 203.16701
-9999 -9999 -9999 -9999 -9999 -9999 -9999 -9999 -9999 -9999 -9999 -9999 -9999 185.64799 183.87900 184.38699 184.12000 182.80000 187.59900 196.31000 197.58600 194.39799 196.19000 193.50000 191.77000 196.20000 195.15401 194.03700 192.65601 190.06599 188.43800 189.24699 188.27400 186.96700 186.23000 183.47400 184.71600 188.02400 188.22800 187.58099 188.85500 193.08400 193.85500 195.94400 195.41701 194.02000 194.52901 196.52600 196.60500 194.77901 195.27200 194.09399 193.25700 195.36200 194.28500 193.18100 193.98399 193.93800 194.73300 192.64301 193.06599 195.34399 195.61000 198.22301 202.59100 206.17700 206.81599 206.46800 206.31599 205.21400
-9999 -9999 -9999 -9999 -9999 -9999 -9999 -9999 -9999 -9999 -9999 -9999 184.85201 185.30099 183.73300 185.01401 186.01700 187.73700 189.92200 200.35800 196.36301 197.76601 198.02100 194.89600 193.81000 198.31799 197.21899 197.24699 195.55000 193.48100 191.36600 191.82899 190.63300 188.70500 188.73500 187.30000 188.18401 192.38200 193.30600 193.54300 192.70200 195.79100 196.54401 197.19400 197.01199 195.09300 195.91400 197.42599 196.53900 193.65800 194.27200 194.79201 194.47301 196.81500 196.31200 197.71201 197.80200 194.56000 193.33800 192.58600 193.67300 198.54800 200.36200 201.42200 205.91499 209.18800 209.36200 209.27800 209.36600 204.27400
-9999 -9999 -9999 -9999 -9999 -9999 -9999 -9999 -9999 -9999 -9999 179.94800 180.99200 181.66200 184.79601 185.97200 188.28700 192.80600 194.51199 194.40700 196.47800 198.58900 198.40100 196.88800 196.44800 194.70500 193.81900 198.47501 199.87700 196.74600 193.52699 192.49899 191.37100 190.44901 191.24899 188.98399 189.50700 191.75200 197.32001 198.05200 197.99100 199.01900 200.44501 199.86900 198.98900 197.61099 197.66901 197.99699 196.80299 194.47000 195.23900 192.00101 193.78400 194.49699 195.60100 197.59900 200.10899 198.25500 201.64500 202.34801 202.91400 206.41400 207.73900 208.42101 210.57001 213.33299 212.15900 213.63800 209.07899 203.50900
-9999 -9999 -9999 -9999 -9999 -9999 -9999 -9999 -9999 -9999 183.34500 181.07300 183.96600 183.02800 186.70900 187.17900 188.34900 192.72800 193.82899 194.01500 195.96300 200.00900 201.52400 199.83701 197.92000 196.95200 195.65700 201.39200 200.63600 196.87300 195.19501 194.21899 192.56799 192.16100 192.04800 190.00500 190.53200 193.61099 198.55499 200.75900 201.84801 204.62199 205.88901 203.39400 202.22099 200.75000 200.71201 200.12801 199.13600 197.13600 196.36200 193.38699 195.48300 196.19400 198.09100 200.93300 201.06400 202.72600 207.34900 206.46800 206.49600 208.48100 209.60500 210.26401 211.93500 214.44800 214.73300 214.68300 209.53900 201.70700
-9999 -9999 -9999 -9999 -9999 -9999 -9999 -9999 -9999 192.41800 191.01300 188.84500 187.37000 188.75500 188.86700 187.34700 187.87900 193.36600 197.26199 195.43500 197.48399 196.57201 196.64900 197.35400 197.45000 200.47200 200.54401 198.81599 197.51500 195.56500 195.77699 190.92599 188.99300 186.30299 184.90500 186.76199 188.33099 195.34100 199.16299 207.42599 209.86600 213.18700 213.33000 211.33900 208.91701 207.49899 207.54700 204.14500 202.64400 200.60800 199.32500 195.71600 193.98399 191.33400 192.08000 206.35001 210.19200 211.97600 211.37300 212.16000 211.50400 212.49699 213.53300 214.18100 215.74100 215.67900 215.02000 211.42900 207.78900 203.50700
-9999 -9999 -9999 -9999 -9999 -9999 -9999 -9999 -9999 -9999 193.17101 191.38499 190.54500 192.01900 193.71700 189.29700 188.04700 192.80400 196.77699 194.02200 194.51401 196.33099 196.84399 -9999 -9999 -9999 -9999 -9999 -9999 196.92500 195.86501 193.31799 191.60899 187.67500 185.24800 188.05099 190.56599 197.14101 202.34801 212.00301 213.15500 216.72099 217.18800 214.23599 211.80701 209.95300 208.75301 206.33299 205.14301 203.11000 201.13400 198.54201 195.53600 193.05299 194.10600 209.21201 213.69299 214.85800 214.20500 214.00500 213.88600 213.59200 214.19501 214.29401 210.73399 214.99200 212.50600 209.85400 200.64700 202.52699
-9999 -9999 -9999 -9999 -9999 -9999 -9999 -9999 -9999 -9999 -9999 -9999 192.29500 193.47501 191.90900 197.65800 196.34100 197.41600 198.51601 -9999 -9999 -9999 -9999 -9999 -9999 -9999 -9999 -9999 -9999 -9999 -9999 -9999 -9999 192.31599 188.30800 193.16100 195.88100 203.71700 211.18100 216.05099 218.13400 218.49600 217.58900 216.73700 214.56100 211.48801 210.28600 209.27299 208.32401 206.38600 204.35600 196.28999 195.83501 198.63800 201.23500 210.79800 212.83701 212.78300 213.86099 217.11400 216.19200 212.45900 211.62700 211.73700 213.94701 215.16000 211.46500 209.93100 208.61600 213.51900
-9999 -9999 -9999 -9999 -9999 -9999 -9999 -9999 -9999 -9999 -9999 -9999 -9999 -9999 -9999 -9999 -9999 -9999 -9999 -9999 -9999 -9999 -9999 -9999 -9999 -9999 -9999 -9999 -9999 -9999 -9999 -9999 -9999 -9999 194.06200 195.87500 203.36700 207.52800 213.18500 219.30701 221.12100 220.07600 219.58501 219.57700 217.30099 213.57201 212.01500 211.47400 209.46500 207.43201 205.17999 198.40900 197.82100 200.59801 202.92500 214.96800 215.45200 211.59399 212.95599 217.54900 216.86000 213.00600 213.63499 214.07201 216.38800 214.73801 211.77200 210.69400 208.39301 214.75900
