data/hydroclimate-scenarios/BCSD_hadcm_A1B/monthly_summaries/olr_monthly_avg_mar.2070-2099.asc
ncols	311
nrows	91
xllcenter	102.75
yllcenter	31.75
cellsize	0.5
NODATA_value	-9999
[rows 31 to 61 of 91, columns 0 to 69 of 311]
-9999 -9999 -9999 -9999 -9999 -9999 -9999 -9999 -9999 -9999 -9999 201.28700 201.37399 201.09100 202.07001 198.79201 197.89400 197.00700 197.02299 196.83900 197.50600 197.03400 197.67900 198.10699 198.13800 198.52699 197.80099 196.44501 198.07001 197.15300 196.50700 197.86900 198.63699 199.42500 198.87000 200.32100 201.04800 198.41400 195.85201 195.97099 195.93900 195.03300 194.02800 193.69299 193.03300 192.34100 193.10300 194.41000 195.45700 195.11301 194.77499 194.28999 193.55299 192.52100 191.55800 189.91400 188.63901 188.38699 188.72301 189.23199 189.23599 189.49699 189.79201 189.45000 189.94800 190.22200 188.52000 187.84599 182.14600 178.08600
-9999 -9999 -9999 -9999 -9999 -9999 -9999 -9999 -9999 -9999 -9999 200.27400 199.71001 200.24500 200.31400 198.92799 198.98500 198.13600 198.54300 198.53101 197.55299 198.49300 200.39200 199.62000 200.14400 199.29100 198.37300 198.08299 198.24400 198.01500 196.38699 197.53500 198.55600 199.45399 198.32100 202.02499 202.39101 201.91000 200.61400 199.28999 198.79601 199.18100 199.24300 197.59300 196.16100 194.74300 194.74300 193.38100 192.79401 192.16200 192.20599 192.45500 192.57100 189.95200 190.39999 190.71700 190.31000 189.90401 191.14799 191.10001 191.18100 190.83400 192.24899 192.50600 193.71300 195.69299 193.68100 190.30099 185.98300 182.23599
-9999 -9999 -9999 -9999 -9999 -9999 -9999 -9999 -9999 -9999 -9999 200.53900 199.35899 200.62100 199.84599 199.98300 200.09399 199.98199 200.40601 200.76199 200.75101 200.66701 201.70100 200.59399 198.70000 196.45900 195.42000 196.13300 198.18401 200.24001 198.04500 198.50200 198.55800 200.41499 201.15199 203.65800 203.63400 202.89101 201.46100 197.35699 200.07100 197.96600 199.13600 199.10800 197.70200 196.06500 194.98801 194.48300 193.96700 193.04601 192.53300 194.84599 194.44501 193.22099 194.30701 193.36000 192.37300 191.63000 192.34700 193.24001 193.38200 192.78600 194.88000 196.09801 196.14700 195.68100 195.06200 192.21001 190.39000 186.93800
-9999 -9999 -9999 -9999 -9999 -9999 -9999 -9999 -9999 -9999 -9999 -9999 200.87100 201.48000 201.29201 201.52299 201.60800 201.93300 202.61900 204.38901 204.10300 202.83501 200.00301 197.45399 196.13400 190.64799 191.51601 190.14101 195.27400 196.81200 197.79700 200.79900 200.88699 201.64600 201.46600 201.89400 201.59500 202.65800 201.28600 199.23801 198.92400 200.02600 199.98700 202.03600 201.05701 199.54201 200.12700 198.93600 198.60500 197.48199 197.87199 197.16000 196.32500 195.40700 194.37801 193.88000 193.82401 195.37700 195.50301 195.63100 196.03500 197.14101 196.29100 194.93500 196.19200 197.49500 198.39101 194.49300 187.73500 185.77400
-9999 -9999 -9999 -9999 -9999 -9999 -9999 -9999 -9999 -9999 -9999 -9999 202.25900 202.92200 202.40700 202.60800 203.77499 203.98500 204.24300 205.09000 204.81000 197.54201 195.30901 193.10400 189.42200 191.89101 193.00200 188.28799 192.78400 193.07201 193.19299 195.03000 200.51401 202.04100 202.47900 202.55701 201.98900 203.71400 203.78799 201.68201 201.42999 200.81599 201.99600 204.22200 206.14700 205.94600 205.86200 203.08701 201.43700 198.16299 196.87000 198.24001 197.34599 196.68700 197.60600 196.91701 197.20000 198.53500 198.59900 197.76300 197.58099 194.82100 194.46899 193.36301 195.79900 200.15300 197.97900 196.47301 193.87199 193.21700
-9999 -9999 -9999 -9999 -9999 -9999 -9999 -9999 -9999 -9999 -9999 -9999 202.01700 204.33701 204.23801 204.38901 203.63400 203.29401 202.65800 201.29401 200.10400 195.69000 195.05499 191.54601 191.23000 189.40800 190.83000 194.14600 192.47800 195.12100 196.40700 200.07600 198.94400 199.05299 202.76300 203.42200 203.71700 204.03799 205.01500 204.80901 201.10500 199.97200 203.56000 206.09900 208.04700 207.75101 205.98900 201.05600 200.75500 201.75400 199.88200 200.17799 200.42101 198.50999 199.54500 199.54300 199.33600 198.36501 198.04700 197.14101 197.47900 194.23100 195.70700 198.69099 198.03999 197.50800 197.42700 199.37100 195.53799 197.24800
-9999 -9999 -9999 203.01300 202.16499 201.44099 202.57100 203.12700 201.95399 -9999 202.22600 203.21001 204.44600 205.48399 205.34100 204.21300 203.55600 203.87500 200.86900 199.66600 199.51401 198.24699 196.32100 194.73801 193.73700 193.36800 194.85699 190.84599 191.50999 186.76401 192.40500 197.63100 196.13100 191.20799 197.67599 199.10001 198.38800 199.70700 201.80400 204.61900 204.77699 203.38400 205.58099 207.57600 206.49200 203.72301 199.03000 202.48199 201.31500 198.89101 197.09599 196.57300 194.75800 190.14900 192.69200 188.20300 186.53700 196.15601 192.40300 196.63901 198.69701 196.41200 196.87100 197.35800 199.92200 200.25900 198.62199 199.25000 200.80099 200.11600
-9999 -9999 -9999 205.52800 205.02100 203.82100 202.57700 203.01700 203.03799 203.61099 204.97200 206.59900 204.54900 204.22200 202.02901 199.94099 198.78799 198.77000 198.22701 198.70399 199.54500 196.62900 198.88300 200.49300 196.94000 196.88400 194.56200 192.33200 189.67599 184.93300 189.88000 189.28200 189.98900 188.67101 191.11501 192.45300 193.64999 191.46300 198.74100 196.59100 197.45500 202.87399 205.89999 204.00200 201.87700 197.32100 197.50500 203.37100 197.47800 194.31400 192.21001 192.53900 190.23300 189.15300 193.96400 190.12000 193.81599 194.08800 190.60899 193.08800 195.30200 194.67900 195.49200 197.84700 198.47701 203.42799 202.98900 206.94901 205.67700 204.89600
-9999 -9999 -9999 207.40800 206.20399 203.69800 203.42300 203.84300 205.12399 206.25800 205.58400 205.35600 202.70799 200.08900 195.52499 198.24100 196.73000 196.78500 199.64500 199.90100 198.70500 195.44701 197.05200 195.55701 191.50999 194.20599 193.15700 191.67900 192.04300 183.92500 178.85201 182.03700 187.70000 188.83501 187.91000 190.21100 193.21001 195.02901 197.30400 197.13800 197.50500 201.31300 204.53200 205.68700 207.61200 203.11400 202.15800 200.03900 198.64400 192.52699 189.55099 195.56700 193.57300 193.06100 195.06599 193.70799 195.92900 196.90800 193.81400 194.03799 197.90500 198.48900 200.84300 199.09900 201.97099 203.78900 204.13200 204.84700 200.05499 200.81300
-9999 -9999 -9999 208.14400 209.99100 205.14000 206.50600 204.97400 204.27200 203.73599 206.05299 206.95700 200.24699 197.36400 195.99200 196.19000 194.42400 192.51401 194.37199 196.33900 192.32500 189.05400 185.22900 188.46800 190.34000 192.39799 193.29100 192.36200 184.61501 178.98199 182.27499 191.88200 187.54201 181.71800 182.45300 186.56400 192.58299 198.72800 196.87300 199.57100 199.34900 196.39700 195.03000 199.61200 207.82600 202.65300 199.12300 202.28999 195.69901 196.77699 191.42000 194.92300 193.75700 190.74200 193.69701 194.59200 195.78600 193.69501 192.83800 194.16901 190.85100 198.04201 200.40401 201.81799 202.09900 204.92599 204.38901 204.66901 199.32700 199.97701
-9999 -9999 -9999 209.69299 211.52200 205.11000 205.10300 205.23000 203.04100 204.49300 208.19000 204.38200 198.78799 195.32800 191.44200 192.91800 191.03999 193.09500 197.82001 200.79500 195.11301 191.84100 188.54800 194.55000 196.28200 196.86900 199.47099 195.44299 188.30099 183.21500 182.90700 185.83299 183.82300 186.44299 188.42700 189.56400 190.39900 196.52100 199.35201 200.18600 198.07800 196.94901 196.39999 197.47900 202.29700 202.69400 202.91901 201.60699 199.42400 197.43700 195.67101 200.16701 196.76900 190.30800 196.32401 191.05000 197.17999 197.60699 195.73900 191.12199 194.05800 196.49699 198.59599 196.60001 198.00200 205.11200 204.31300 202.13901 201.36800 210.22701
-9999 -9999 -9999 -9999 206.79800 203.73599 204.74899 202.31100 201.81000 204.06500 208.17500 205.56300 193.45599 200.69800 -9999 -9999 -9999 -9999 -9999 188.55701 188.24400 191.84700 188.61800 184.35300 188.04601 191.67101 199.19800 195.55701 191.91100 192.32899 189.70700 188.53500 187.78101 190.83299 195.80600 198.78600 197.08099 200.34100 200.25800 201.33501 203.51801 202.71899 200.86700 199.11200 201.11600 202.96700 202.30800 198.37300 200.68201 202.33800 199.12900 198.00700 200.22501 193.54401 192.09700 190.05499 189.03600 190.06900 191.24200 194.49800 193.34801 192.48700 195.06900 198.28999 200.48399 201.30901 205.54601 212.98900 218.16800 -9999
-9999 -9999 211.19501 209.30400 207.09100 206.56799 205.44400 201.14301 204.75800 205.89500 208.95300 205.49899 195.26100 -9999 -9999 -9999 -9999 -9999 183.19600 189.22000 189.40900 196.26900 196.14900 190.92700 191.68401 193.58099 200.67799 200.20599 198.74899 197.82300 195.46400 194.32401 195.01300 193.79100 195.84801 201.60400 199.63699 200.84399 200.76401 202.45300 201.50800 203.14999 202.61900 204.35899 207.09200 206.69701 205.72400 206.37100 208.93600 211.50301 210.06500 208.20200 205.41000 205.62300 199.74500 203.46800 199.08900 193.84399 194.12000 201.56599 201.55200 201.31300 202.43201 202.81700 206.73801 210.57201 214.77400 -9999 -9999 -9999
-9999 -9999 213.02800 211.20000 210.98000 208.35899 208.83200 204.19200 206.21201 208.85600 206.37801 204.92799 205.27100 -9999 -9999 -9999 -9999 199.01500 188.99200 195.50700 195.07401 197.53600 196.60201 197.59100 200.93700 205.24899 202.39000 200.59599 200.99300 203.71800 201.06200 194.25800 198.06400 200.66400 200.18600 200.91100 202.16400 202.56300 199.29700 196.45399 199.91000 199.38200 200.37399 203.50900 203.34801 207.34200 210.00900 206.91400 214.25600 212.17000 213.54601 213.76401 213.19800 212.13699 210.54601 214.95700 211.26601 201.67599 199.87700 204.85201 207.25600 202.31300 207.39500 212.90900 217.77400 -9999 -9999 -9999 -9999 -9999
-9999 -9999 217.61600 212.40601 211.92799 210.08701 210.35001 209.47000 208.79100 208.88800 205.29700 204.90300 217.78799 -9999 -9999 -9999 -9999 193.29601 195.08501 196.69901 196.94600 200.95599 204.67400 204.81400 203.61200 204.48500 200.55200 203.10500 201.73000 203.36700 200.64200 198.17300 197.93300 198.73801 202.49300 200.85100 199.84500 199.58000 197.60699 200.45500 201.34000 204.93800 206.53900 204.35300 206.64000 206.03101 207.17599 206.22701 210.23500 211.20599 216.34700 214.17900 213.67400 212.16901 211.34700 218.14600 217.63400 209.84200 210.86600 212.40401 218.54500 218.94400 219.88400 215.89799 211.60001 210.72701 220.31200 218.24899 224.90199 -9999
-9999 -9999 -9999 216.61600 213.38699 212.76100 213.81100 214.79700 212.03700 209.27499 212.79800 217.58701 -9999 -9999 -9999 -9999 200.13901 197.05701 201.03000 202.39200 203.94099 207.50500 205.99400 204.75900 203.42500 203.45700 202.41299 200.26401 200.72900 195.77901 196.16400 199.28000 201.88800 202.14101 203.06900 204.27400 204.95100 204.97501 204.81700 205.65500 205.69600 207.87300 207.85300 210.33800 214.04201 210.81000 213.20399 216.97400 215.35899 216.75200 213.51199 214.11099 215.35001 210.42799 207.48000 209.41600 210.24300 205.40500 207.65900 214.48500 215.85699 216.26601 209.69600 198.26199 191.92700 208.03500 217.09599 219.08800 223.57100 224.65401
-9999 -9999 -9999 -9999 219.31500 217.51199 216.76801 214.96899 212.31700 218.25400 222.19200 -9999 -9999 -9999 -9999 206.09900 202.59100 204.99300 207.44800 207.32700 209.46700 210.64301 209.15300 204.00999 202.98900 206.72400 206.60800 204.65700 201.69901 201.74001 199.68600 204.86301 206.36800 205.53200 202.94299 204.80901 205.15800 206.71201 205.36700 205.79201 204.97000 206.90900 209.13499 212.60699 216.09700 214.24200 214.93800 217.76300 218.70000 219.24500 219.02200 218.60001 216.04100 213.73700 214.90401 217.63901 218.66499 209.95300 210.27000 216.00301 211.48000 207.38000 206.40800 208.00101 203.69200 208.44200 218.32401 223.21300 220.73700 222.67999
-9999 -9999 -9999 -9999 -9999 -9999 219.92400 219.71600 223.41701 224.16100 221.15900 -9999 -9999 -9999 -9999 -9999 208.60500 210.60800 211.51601 210.06799 209.97400 219.88901 209.90300 206.78300 206.81900 209.36200 210.31000 207.87000 207.45599 206.68700 204.34599 207.08600 209.36400 205.31900 206.57899 208.96400 205.94000 202.61600 205.81900 203.68300 204.06200 203.63600 205.60500 208.86200 210.97200 215.79500 217.59100 218.80400 218.81200 220.25500 221.51100 218.97301 219.00700 217.40800 216.41499 217.86900 217.17799 214.58200 213.38100 214.26100 209.96201 206.67101 205.28999 202.97900 199.39000 206.16100 216.57700 225.40100 223.15900 222.21201
-9999 -9999 -9999 -9999 -9999 -9999 -9999 -9999 -9999 -9999 -9999 -9999 -9999 -9999 -9999 -9999 -9999 -9999 -9999 212.35201 212.75600 218.58600 214.61501 211.85699 211.30701 211.29700 209.82201 213.78200 212.41800 208.31400 207.39700 210.09399 207.05701 207.06200 206.87199 207.13200 207.80901 204.78900 204.59900 202.16000 201.36800 204.44299 207.69800 209.08299 210.86099 215.38699 219.35001 220.28000 220.26900 221.50101 222.27000 221.19600 220.16600 221.56900 219.40401 218.89101 218.22501 217.78500 214.99400 214.50900 207.81799 208.31100 206.45599 201.97400 200.72701 213.67101 221.94800 227.29201 226.20200 219.63000
-9999 -9999 -9999 -9999 -9999 -9999 -9999 -9999 -9999 -9999 -9999 -9999 -9999 -9999 -9999 -9999 -9999 -9999 216.03300 214.65300 216.72099 219.07300 218.58701 217.58600 217.40100 213.78600 214.88000 215.86501 213.87100 210.70700 210.03500 207.64700 206.51700 206.49001 206.57100 208.44901 206.45599 206.90500 203.15800 201.72301 201.48900 204.18800 205.61301 207.78999 209.85100 211.66499 216.51601 219.93500 221.71500 221.70100 222.93500 222.89000 223.14600 221.15700 219.13600 222.45700 221.58800 215.01401 210.58501 213.06700 214.17200 215.54100 212.04800 209.41100 206.80299 217.18100 222.70200 226.63600 226.92101 226.37300
-9999 -9999 -9999 -9999 -9999 -9999 -9999 -9999 -9999 -9999 -9999 -9999 -9999 -9999 -9999 -9999 -9999 217.85500 218.14200 220.49300 219.84599 220.11200 219.44800 219.58900 220.23801 217.46600 217.25200 216.49100 211.36400 209.52200 209.12300 209.63600 208.14600 210.07800 209.74300 206.39000 203.47800 203.81200 204.86700 203.02901 203.80701 206.19501 206.59700 210.44400 212.59801 215.10800 217.72000 218.70399 223.42999 223.77200 226.13699 226.97600 224.63200 222.01900 221.21300 222.91600 220.15900 214.81900 212.52600 215.43600 221.83600 218.08600 206.47200 205.41600 217.00900 221.04601 222.23000 227.20900 228.63400 228.75200
-9999 -9999 -9999 -9999 -9999 -9999 -9999 -9999 -9999 -9999 -9999 -9999 -9999 -9999 -9999 -9999 -9999 218.33099 219.18300 217.03999 218.37300 221.40900 222.63000 220.33900 225.32800 222.68900 221.96500 219.77800 217.33600 213.66800 212.91299 212.22701 212.67599 214.09599 210.35800 208.00500 206.17999 204.96500 201.84599 203.91200 206.02299 208.78600 210.65300 213.71300 215.29100 222.95399 224.92900 218.50700 221.84200 227.13800 228.76601 228.08501 225.69400 225.33299 224.78400 222.85201 216.10001 216.15199 219.23500 220.55099 218.53500 214.26801 214.23599 214.33200 209.06900 214.89301 223.69501 221.67799 229.36501 231.76401
-9999 -9999 -9999 -9999 -9999 -9999 -9999 -9999 -9999 -9999 -9999 -9999 -9999 -9999 -9999 -9999 213.22000 214.45399 214.40401 215.98399 221.17999 226.83900 225.00800 225.00700 230.76700 225.19400 225.30600 227.53900 223.78000 217.56500 215.96300 215.89500 215.06599 217.06599 214.14000 212.31100 209.86501 206.63000 204.37399 208.79700 211.48500 212.27699 213.24600 217.82700 220.20500 225.21400 226.74600 218.82100 222.74899 228.72000 230.51900 229.58099 226.83299 226.81400 226.28000 224.36301 222.54401 220.87199 222.08200 219.42000 221.14500 219.83200 216.36800 209.90500 216.29601 220.17400 223.67799 228.11000 235.68900 234.67200
-9999 -9999 -9999 -9999 -9999 -9999 -9999 -9999 -9999 -9999 -9999 -9999 -9999 217.69099 213.92500 214.11600 212.75500 209.79700 213.65100 222.41299 224.61301 222.73000 226.27600 224.30400 223.63901 227.94901 226.81900 227.00200 225.43800 224.06599 221.94600 220.45900 219.06000 218.43401 215.75101 212.83299 212.37300 212.99400 212.00000 212.03799 214.56300 219.04201 221.21201 227.57300 228.24699 228.08701 228.40900 227.28999 227.75200 227.92900 227.46400 227.69600 226.87601 230.17599 229.15700 226.34100 225.59700 226.79201 227.64799 225.22600 224.47400 225.78700 225.53799 226.31300 231.29401 237.25600 238.50900 238.81200 238.80200 238.51300
-9999 -9999 -9999 -9999 -9999 -9999 -9999 -9999 -9999 -9999 -9999 -9999 221.79300 217.64200 215.57800 215.47099 216.11800 215.69800 216.28600 228.57500 224.81700 227.26601 228.95000 226.44600 225.86400 229.81200 228.63901 229.62399 227.55600 226.65500 224.99800 223.00999 221.25700 220.22800 219.49699 216.90500 215.98399 216.56500 216.20500 217.80299 218.10800 222.50301 224.89799 229.79800 230.27901 229.89000 230.32500 228.70799 227.77901 227.64301 227.66499 227.80901 227.84700 230.89500 231.41600 230.79401 229.04700 227.11301 224.89799 224.12900 225.64500 230.10400 231.61000 230.66100 235.20100 240.92400 241.16400 242.08900 241.25900 235.46700
-9999 -9999 -9999 -9999 -9999 -9999 -9999 -9999 -9999 -9999 -9999 214.47501 216.57001 214.90300 217.65700 221.18900 222.25900 223.97900 224.40500 224.58501 226.14600 232.32600 231.91701 227.99400 226.07001 226.41000 225.40601 232.41800 233.50101 229.60500 226.47099 224.46500 223.15500 221.35800 220.96300 217.12399 214.67999 216.39200 220.17300 224.28600 227.22900 227.40100 230.58800 230.15199 230.06700 231.50301 231.63901 230.91000 230.16400 229.49800 229.76601 224.31799 225.69099 226.58800 227.92700 228.83900 231.69701 229.47400 233.38000 235.21500 234.77800 239.68700 240.62300 241.31599 242.97501 244.24699 243.54300 245.51401 239.64101 233.52699
-9999 -9999 -9999 -9999 -9999 -9999 -9999 -9999 -9999 -9999 216.76801 217.13499 222.01199 218.18401 222.71800 224.73199 225.54300 225.74600 225.22701 226.15700 227.71100 233.88000 234.27499 230.70399 228.80701 228.64200 228.04700 236.50700 235.32401 229.76700 227.76700 226.42000 224.82201 223.10699 221.44099 217.30800 216.03400 218.10500 222.81300 228.32700 231.29500 233.39999 236.72000 233.64200 233.56799 234.81799 234.41499 233.05299 232.34000 232.03600 230.93201 224.48801 227.31700 227.54201 228.99800 230.83800 229.82600 232.25500 238.19400 238.96201 238.97400 241.82100 243.31599 243.99100 244.89900 245.77699 246.39400 245.83299 239.66499 230.80400
-9999 -9999 -9999 -9999 -9999 -9999 -9999 -9999 -9999 226.94600 226.44299 225.76300 225.45500 225.10600 225.90500 225.79601 226.06599 226.55701 228.89900 232.07401 232.45000 233.72900 233.43800 233.04700 232.22200 234.03101 234.98599 236.90601 235.39900 232.35400 232.38300 222.93900 220.88000 219.06900 215.97200 213.63901 213.26700 221.03900 224.50700 232.11800 235.43401 239.55200 241.61600 241.59700 241.00999 239.48300 240.22800 235.67700 234.86400 233.76100 231.88800 228.42400 226.59599 219.17599 219.52499 235.88200 239.00700 242.22600 242.74400 242.80200 241.75999 243.47900 243.95799 246.61200 247.31000 246.23700 245.38699 239.87399 235.17300 232.29401
-9999 -9999 -9999 -9999 -9999 -9999 -9999 -9999 -9999 -9999 229.40900 229.48300 228.60300 229.26900 232.18500 229.23199 227.88200 228.46300 229.08299 231.30901 230.83800 234.24200 235.15500 -9999 -9999 -9999 -9999 -9999 -9999 233.78900 232.46300 224.50400 222.73300 220.12199 215.68300 215.19400 216.65100 224.01801 228.62601 235.82401 239.87900 243.00400 245.03200 244.27400 243.77100 241.71899 240.94600 238.14600 236.94701 237.07401 234.75900 233.20300 228.60001 221.44600 221.66499 239.32201 243.46300 245.15601 245.82401 245.03500 245.48399 245.04500 245.42700 246.76700 240.42599 245.58400 241.88600 237.70599 226.67599 230.26700
-9999 -9999 -9999 -9999 -9999 -9999 -9999 -9999 -9999 -9999 -9999 -9999 230.42400 233.43401 233.03200 239.10699 237.29900 236.77901 235.93401 -9999 -9999 -9999 -9999 -9999 -9999 -9999 -9999 -9999 -9999 -9999 -9999 -9999 -9999 223.24899 217.59801 220.93500 222.54800 228.33600 234.43900 240.03200 243.10400 246.00999 247.40300 247.94600 246.90100 245.84399 245.59599 243.67700 243.24600 242.70799 240.24400 230.22501 228.62900 229.27699 231.09500 242.64200 243.42000 246.05400 248.32899 247.77000 247.60400 245.94099 244.43900 244.84000 245.98199 246.85800 241.98900 239.79201 236.53300 241.89101
-9999 -9999 -9999 -9999 -9999 -9999 -9999 -9999 -9999 -9999 -9999 -9999 -9999 -9999 -9999 -9999 -9999 -9999 -9999 -9999 -9999 -9999 -9999 -9999 -9999 -9999 -9999 -9999 -9999 -9999 -9999 -9999 -9999 -9999 222.56900 222.75400 230.76700 232.42000 238.35300 243.84300 246.32300 247.47600 248.41901 251.18201 249.88800 247.71001 247.12399 246.56500 245.22200 244.61400 242.54401 233.99500 232.18100 232.58900 233.64000 247.00101 246.53999 243.74100 246.13699 247.51500 248.18800 246.45799 248.03400 248.91100 249.73500 247.53700 242.81599 239.55099 235.68300 242.31100
