data/hydroclimate-scenarios/BCSD_hadcm_A1B/monthly_summaries/olr_monthly_avg_aug.2030-2059.asc
ncols	311
nrows	91
xllcenter	102.75
yllcenter	31.75
cellsize	0.5
NODATA_value	-9999
[rows 0 to 30 of 91, columns 210 to 279 of 311]
-9999 -9999 -9999 -9999 -9999 -9999 -9999 -9999 -9999 -9999 -9999 -9999 -9999 -9999 -9999 -9999 -9999 -9999 -9999 -9999 -9999 -9999 -9999 -9999 -9999 -9999 -9999 -9999 -9999 -9999 -9999 -9999 -9999 -9999 -9999 -9999 -9999 -9999 -9999 -9999 -9999 -9999 -9999 -9999 -9999 -9999 -9999 -9999 -9999 -9999 -9999 -9999 -9999 -9999 -9999 -9999 -9999 -9999 -9999 -9999 -9999 -9999 -9999 -9999 -9999 -9999 -9999 -9999 -9999 -9999
-9999 -9999 -9999 -9999 -9999 -9999 -9999 -9999 -9999 -9999 -9999 -9999 -9999 -9999 -9999 -9999 -9999 -9999 -9999 -9999 -9999 -9999 -9999 -9999 -9999 -9999 -9999 -9999 -9999 -9999 -9999 -9999 -9999 -9999 -9999 -9999 -9999 -9999 -9999 -9999 -9999 -9999 -9999 -9999 -9999 -9999 -9999 -9999 -9999 -9999 -9999 -9999 -9999 -9999 -9999 -9999 -9999 -9999 -9999 -9999 -9999 -9999 -9999 -9999 -9999 -9999 -9999 -9999 -9999 -9999
-9999 -9999 -9999 -9999 -9999 -9999 -9999 -9999 -9999 -9999 -9999 -9999 -9999 -9999 -9999 -9999 -9999 -9999 -9999 -9999 -9999 -9999 -9999 -9999 -9999 -9999 -9999 -9999 -9999 -9999 -9999 -9999 -9999 -9999 -9999 -9999 -9999 -9999 -9999 -9999 -9999 -9999 -9999 -9999 -9999 -9999 -9999 -9999 -9999 -9999 -9999 -9999 -9999 -9999 -9999 -9999 -9999 -9999 -9999 -9999 -9999 -9999 -9999 -9999 -9999 -9999 -9999 -9999 -9999 -9999
-9999 -9999 -9999 -9999 -9999 -9999 -9999 -9999 -9999 -9999 -9999 -9999 -9999 -9999 -9999 -9999 -9999 -9999 -9999 -9999 -9999 -9999 -9999 -9999 -9999 -9999 -9999 -9999 -9999 -9999 -9999 -9999 -9999 -9999 -9999 -9999 -9999 -9999 -9999 -9999 -9999 -9999 -9999 -9999 -9999 -9999 -9999 -9999 -9999 -9999 -9999 -9999 -9999 -9999 -9999 -9999 -9999 -9999 -9999 -9999 -9999 -9999 -9999 -9999 -9999 -9999 -9999 -9999 -9999 -9999
-9999 -9999 -9999 -9999 -9999 -9999 -9999 -9999 -9999 -9999 -9999 -9999 -9999 -9999 -9999 -9999 -9999 -9999 -9999 -9999 -9999 -9999 -9999 -9999 -9999 -9999 -9999 -9999 -9999 -9999 -9999 -9999 -9999 -9999 -9999 -9999 -9999 -9999 -9999 -9999 -9999 -9999 -9999 -9999 -9999 -9999 -9999 -9999 -9999 -9999 -9999 -9999 -9999 -9999 -9999 -9999 -9999 -9999 -9999 -9999 -9999 -9999 -9999 -9999 -9999 -9999 -9999 -9999 -9999 -9999
-9999 -9999 -9999 -9999 -9999 -9999 -9999 -9999 -9999 -9999 -9999 -9999 -9999 -9999 -9999 -9999 -9999 -9999 -9999 -9999 -9999 -9999 -9999 -9999 -9999 -9999 -9999 -9999 -9999 -9999 -9999 -9999 -9999 -9999 -9999 -9999 -9999 -9999 -9999 -9999 -9999 -9999 -9999 -9999 -9999 -9999 -9999 -9999 -9999 -9999 -9999 -9999 -9999 -9999 -9999 -9999 -9999 -9999 -9999 -9999 -9999 -9999 -9999 -9999 -9999 -9999 -9999 -9999 -9999 -9999
-9999 -9999 -9999 -9999 -9999 -9999 -9999 -9999 -9999 -9999 -9999 -9999 -9999 -9999 -9999 -9999 -9999 -9999 -9999 -9999 -9999 -9999 -9999 -9999 -9999 -9999 -9999 -9999 -9999 -9999 -9999 -9999 -9999 -9999 -9999 -9999 -9999 -9999 -9999 -9999 -9999 -9999 -9999 -9999 -9999 -9999 -9999 -9999 -9999 -9999 -9999 -9999 -9999 -9999 -9999 -9999 -9999 -9999 -9999 -9999 -9999 -9999 -9999 -9999 -9999 -9999 -9999 -9999 -9999 -9999
-9999 -9999 -9999 -9999 -9999 -9999 -9999 -9999 -9999 -9999 -9999 -9999 -9999 -9999 -9999 -9999 -9999 -9999 -9999 -9999 -9999 -9999 -9999 -9999 -9999 -9999 -9999 -9999 -9999 -9999 -9999 -9999 -9999 -9999 -9999 -9999 -9999 -9999 -9999 -9999 -9999 -9999 -9999 -9999 -9999 -9999 -9999 -9999 -9999 -9999 -9999 -9999 -9999 -9999 -9999 -9999 -9999 -9999 -9999 -9999 -9999 -9999 -9999 -9999 -9999 -9999 -9999 -9999 -9999 -9999
-9999 -9999 -9999 -9999 -9999 -9999 -9999 -9999 -9999 -9999 -9999 -9999 -9999 -9999 -9999 -9999 -9999 -9999 -9999 -9999 -9999 -9999 -9999 -9999 -9999 -9999 -9999 -9999 -9999 -9999 -9999 -9999 -9999 -9999 -9999 -9999 -9999 -9999 -9999 -9999 -9999 -9999 -9999 -9999 -9999 -9999 -9999 -9999 -9999 -9999 -9999 -9999 -9999 -9999 -9999 -9999 -9999 -9999 -9999 -9999 -9999 -9999 -9999 -9999 -9999 -9999 -9999 -9999 -9999 -9999
-9999 -9999 -9999 -9999 -9999 -9999 -9999 -9999 -9999 -9999 -9999 -9999 -9999 -9999 -9999 -9999 -9999 -9999 -9999 -9999 -9999 -9999 -9999 -9999 -9999 -9999 -9999 -9999 -9999 -9999 -9999 -9999 -9999 -9999 -9999 -9999 -9999 -9999 -9999 -9999 -9999 -9999 -9999 -9999 -9999 -9999 -9999 -9999 -9999 -9999 -9999 -9999 -9999 -9999 -9999 -9999 -9999 -9999 -9999 -9999 -9999 -9999 -9999 -9999 -9999 -9999 -9999 -9999 -9999 -9999
-9999 -9999 -9999 -9999 -9999 -9999 -9999 -9999 -9999 -9999 -9999 -9999 -9999 -9999 -9999 -9999 -9999 -9999 -9999 -9999 -9999 -9999 -9999 -9999 -9999 -9999 -9999 -9999 -9999 -9999 -9999 -9999 -9999 -9999 -9999 -9999 -9999 -9999 -9999 -9999 -9999 -9999 -9999 -9999 -9999 -9999 -9999 -9999 -9999 -9999 -9999 -9999 -9999 -9999 -9999 -9999 -9999 -9999 -9999 -9999 -9999 -9999 -9999 -9999 -9999 -9999 -9999 -9999 -9999 -9999
-9999 -9999 -9999 -9999 -9999 -9999 -9999 -9999 -9999 -9999 -9999 -9999 -9999 -9999 -9999 -9999 -9999 -9999 -9999 -9999 -9999 -9999 -9999 -9999 -9999 -9999 -9999 -9999 -9999 -9999 -9999 -9999 -9999 -9999 -9999 -9999 -9999 -9999 -9999 -9999 -9999 -9999 -9999 -9999 -9999 -9999 -9999 -9999 -9999 -9999 -9999 -9999 -9999 -9999 -9999 -9999 -9999 -9999 -9999 -9999 -9999 -9999 -9999 -9999 -9999 -9999 -9999 -9999 -9999 -9999
-9999 -9999 -9999 -9999 -9999 -9999 -9999 -9999 -9999 -9999 -9999 -9999 -9999 -9999 -9999 -9999 -9999 -9999 -9999 -9999 -9999 -9999 -9999 -9999 -9999 -9999 -9999 -9999 -9999 -9999 -9999 -9999 -9999 -9999 -9999 -9999 -9999 -9999 -9999 -9999 -9999 -9999 -9999 -9999 -9999 -9999 -9999 -9999 -9999 -9999 -9999 -9999 -9999 -9999 -9999 -9999 -9999 -9999 -9999 -9999 -9999 -9999 -9999 -9999 -9999 -9999 -9999 -9999 -9999 -9999
303.39099 302.52301 301.01199 301.15799 299.65900 299.79501 300.47198 301.29599 302.28900 -9999 -9999 -9999 -9999 -9999 -9999 -9999 -9999 -9999 -9999 -9999 -9999 -9999 -9999 -9999 -9999 -9999 -9999 -9999 -9999 -9999 -9999 -9999 -9999 -9999 -9999 -9999 -9999 -9999 -9999 -9999 -9999 -9999 -9999 -9999 -9999 -9999 -9999 -9999 -9999 -9999 302.87601 -9999 -9999 -9999 -9999 -9999 -9999 -9999 -9999 -9999 -9999 -9999 -9999 -9999 -9999 -9999 -9999 -9999 -9999 -9999
306.64499 306.30200 306.31400 304.95001 304.67801 303.97900 304.39200 304.14499 303.86600 305.06400 305.26901 305.47198 304.78400 301.39401 298.01001 296.32599 295.60800 296.56500 296.62601 295.24899 296.62500 314.14401 -9999 -9999 -9999 -9999 -9999 -9999 -9999 -9999 -9999 -9999 -9999 -9999 -9999 -9999 -9999 -9999 -9999 -9999 -9999 -9999 -9999 -9999 -9999 298.41699 301.48099 297.38599 291.85199 288.99500 291.80600 303.15201 -9999 -9999 -9999 301.94901 -9999 -9999 -9999 299.57901 298.68500 297.24200 -9999 -9999 -9999 -9999 -9999 -9999 -9999 -9999
306.85300 306.52301 306.48199 306.95901 309.17200 310.66101 312.43799 312.98199 313.37701 313.14499 309.20499 305.19101 303.44000 302.52899 294.21399 294.93701 290.90100 289.57501 295.60901 295.11301 294.56799 294.87701 293.12201 293.33499 291.42200 295.03299 299.83301 302.34900 -9999 -9999 -9999 -9999 -9999 313.59601 313.39801 314.01501 315.32199 315.04999 315.98099 315.14899 313.51599 313.26700 311.88800 310.57001 309.85199 294.34201 294.30301 290.96301 291.70099 287.33099 288.33301 302.81400 302.63599 301.89899 302.21301 302.58600 302.11401 302.23801 300.82401 297.44501 294.39801 289.14600 290.16400 293.97299 296.30701 296.10901 299.08701 -9999 -9999 -9999
307.14001 307.74600 308.23499 309.99701 311.13901 311.54800 310.30701 311.33600 310.21899 304.97299 297.17200 295.48700 295.69601 294.51501 293.74200 294.54700 291.10400 295.38199 295.97800 301.69601 305.07401 297.89301 299.63199 295.97800 292.69800 296.22699 292.99301 294.36600 296.46500 301.30301 304.71701 307.14001 308.53400 311.93600 312.54901 312.21701 312.51501 312.19101 312.39401 313.30600 311.91400 310.41599 309.69199 309.59698 309.10199 308.57999 306.97198 306.86200 307.05301 303.76001 303.56900 303.72101 302.61801 302.11801 302.00000 301.98001 301.82700 301.72400 300.79599 300.63800 300.54300 300.71500 299.68500 299.45700 298.76199 296.08200 292.90302 294.24399 295.56500 299.20300
299.54401 301.66800 297.30200 291.77399 292.72400 294.20401 293.63901 293.20200 289.20999 295.21399 297.06201 299.14099 303.80701 308.14001 309.18500 304.57501 305.28101 307.93500 310.22699 309.31699 313.09000 312.33499 308.89600 303.99200 300.82199 302.89099 302.10699 295.49899 294.81699 293.48700 293.92599 295.33099 297.56900 304.16599 311.54999 313.37500 313.40799 313.66901 313.19400 313.57901 312.63199 312.32001 311.55099 310.44299 309.84799 310.85101 311.37900 310.62000 310.33600 306.78699 305.96500 306.28500 305.90399 305.05099 304.64099 303.67401 304.16199 303.81799 303.67999 303.76199 302.86899 302.60400 302.01700 301.96301 301.25201 296.43701 295.83301 298.55099 298.95901 300.75800
310.03400 305.00101 304.91901 304.57700 302.30200 304.07300 300.09299 297.47800 302.28299 305.83899 305.03699 309.41101 314.06500 310.85999 309.29001 309.26401 312.45499 310.52301 311.74399 314.33701 316.71100 313.74399 308.57199 307.14899 303.47000 305.50699 305.32599 300.60800 297.22000 296.50299 290.25500 290.44699 290.61801 300.97000 311.12601 313.72800 314.82700 315.29800 314.95999 313.40302 312.48401 314.58099 313.06400 312.63800 310.41501 312.20099 312.15900 311.65399 311.75800 309.27200 309.52701 309.34100 308.58801 308.53000 307.53900 306.48499 306.35800 306.84500 306.08099 305.71100 305.52899 304.54300 304.07901 303.68799 303.24799 299.96100 300.41101 301.83701 302.01599 303.25000
314.73700 316.53900 315.40399 317.65500 315.09399 311.47198 310.26801 308.71201 310.18301 313.59100 314.55499 319.16800 320.55600 320.86600 321.60001 319.82001 320.32001 318.56500 318.00400 318.56100 318.91901 322.53699 317.37100 310.14200 306.21399 302.03500 301.32599 296.54199 297.74899 302.95599 303.82700 302.47101 293.44800 303.68600 309.52802 315.83701 316.84500 317.01099 317.18701 315.50500 316.91299 316.09299 314.73001 314.13101 314.46701 312.30301 313.10400 314.14899 314.41400 312.63599 312.01700 312.05099 311.94601 311.23099 309.75201 309.73300 308.88501 309.17001 308.57001 308.37799 307.28101 306.61700 306.85400 306.14099 305.98700 305.65500 305.53299 304.23700 304.52701 305.95801
321.51099 324.07599 324.94199 323.49399 315.68301 310.95300 316.95700 320.71701 323.92801 325.26599 325.98599 328.07599 329.07599 329.41901 329.58801 328.55301 324.89600 322.50299 322.10400 321.42001 320.65601 320.05801 313.88599 307.42001 302.57199 301.73199 299.26999 297.78101 301.60300 305.03000 306.70599 305.69400 300.31900 300.29501 311.84100 315.93100 318.12500 319.98700 319.42099 319.58200 319.47900 318.99399 317.99301 317.91199 318.46201 318.72900 317.79099 318.21701 319.65601 317.58301 316.96301 316.96799 315.97198 313.44299 313.58899 311.97299 311.52802 311.81000 312.01801 311.09698 310.66000 311.20099 311.24301 311.20499 310.78000 311.32300 310.90900 310.21100 309.54800 310.01801
323.76901 323.57999 321.01001 319.63400 322.26901 324.06500 327.84698 328.00601 329.46301 330.23300 331.75800 331.84500 331.92401 331.71301 331.87000 331.50900 327.86301 324.91000 324.76801 324.87799 324.76700 323.75800 317.83600 306.57401 300.21399 294.82300 297.15302 299.68900 305.00299 307.43500 307.81900 306.55399 304.82300 299.90302 308.26300 313.54501 318.74600 321.38800 322.10400 321.83899 321.71701 321.42899 321.37701 320.82901 321.26099 322.41800 323.45599 323.86099 322.87299 322.67700 320.79999 321.28400 320.12799 318.00101 317.38501 317.75299 317.02701 316.47299 317.74399 317.05899 315.69000 312.84900 314.38300 315.47699 314.42300 315.17801 313.65399 313.48300 314.61200 314.10001
320.64600 317.12100 314.17700 318.20801 324.37799 325.04199 325.03101 324.61499 325.16000 322.94901 319.20200 319.09698 320.88400 323.19199 325.79099 327.25101 328.20499 326.32700 324.50400 321.91000 323.42300 320.59399 316.05200 305.65500 300.22000 297.87201 299.10400 297.29001 304.04800 304.06601 303.94101 307.97501 309.97501 308.99500 313.69101 314.92999 313.01099 313.93500 315.68900 313.84399 312.02200 316.33301 317.55499 317.14999 321.16800 323.22900 324.87000 325.56201 325.50800 325.23901 321.88800 322.24301 320.70599 319.68600 318.99200 319.56799 318.80499 318.09399 316.88000 315.71100 316.16199 317.03299 317.08600 316.11700 316.90500 316.67801 317.04300 317.21701 317.27200 313.39099
325.25900 322.99701 322.38101 324.75400 323.56500 322.25800 325.28900 327.75800 325.93600 323.03101 321.39600 316.74799 313.71301 313.06900 313.42499 313.35501 316.42801 316.12100 320.18799 322.92899 323.36600 320.70099 316.98599 307.96100 301.49100 301.37399 303.22299 299.16699 299.50000 300.52600 300.60001 300.59799 302.60699 305.32300 309.78299 308.50000 305.80600 303.23599 301.27499 298.85300 300.00000 304.41000 305.91699 301.41000 303.36801 309.66699 311.95999 316.10599 317.01599 325.62701 328.48401 328.84201 324.84201 324.93701 325.76501 322.23599 322.17700 321.95001 319.72699 320.27399 321.60001 319.56601 314.30200 314.04300 317.90799 317.51099 316.22800 316.45401 317.30499 316.44901
326.22501 327.69901 327.96399 328.03201 328.77399 329.57501 329.87799 328.76001 329.16000 329.92001 328.73401 325.68600 323.24899 319.08701 315.45599 311.04700 308.55399 305.39200 307.29001 305.95999 313.89801 314.03500 316.73099 314.82300 302.38400 299.81601 297.51801 297.11301 297.39401 294.91699 297.33401 297.60300 297.05399 294.16501 294.32001 295.34399 294.55301 293.37000 294.00400 294.01801 291.96701 294.08301 295.94000 292.76700 294.15302 296.48001 295.51599 296.83499 298.09100 302.34100 311.03000 322.51401 328.64001 327.73499 328.79901 328.31201 322.33301 321.82700 322.59000 321.08600 320.58099 320.39700 320.44299 318.22000 314.88101 315.23401 315.70999 319.42001 322.75400 322.95700
329.87299 328.55200 330.73901 330.92700 330.43900 329.38901 328.74301 325.04401 324.66800 324.06699 327.10400 327.66501 327.05200 325.98199 322.53101 319.49500 315.14600 308.64200 313.18399 315.63300 315.86401 315.61200 313.24200 310.24600 311.63400 304.77701 307.63101 301.47400 298.81900 297.32999 297.55499 298.59201 301.65302 301.09500 302.59299 299.95801 300.92401 297.65201 297.66000 300.00101 296.00900 297.55600 297.19400 294.47699 292.93399 298.02899 297.15500 298.78400 298.65799 302.01801 307.49301 316.30200 322.07401 324.76300 327.96500 329.09799 322.49399 317.51401 321.54901 322.44101 321.32401 322.56601 321.76099 320.13199 317.32101 318.91000 320.51700 320.48999 321.05099 325.14099
333.16501 333.52499 332.26001 324.38300 319.06799 314.61401 311.45901 312.22101 301.98199 297.24701 296.54700 300.44000 311.24500 318.00800 311.82101 318.28699 320.35300 321.80600 322.06500 320.92001 318.16800 318.83301 312.87601 310.04700 308.67499 310.44101 312.31601 310.28799 310.44501 311.39999 308.53601 307.99399 311.33801 313.56900 309.72800 310.19101 310.46899 312.13501 312.10599 303.34698 303.26099 301.86700 300.22601 300.71701 301.02399 298.50400 298.99100 298.50699 304.07700 305.96500 304.12100 308.31601 316.20401 319.37500 323.43600 325.65601 328.09698 326.66000 321.45599 322.29700 322.64301 323.38901 323.19299 324.43799 321.10699 321.96500 321.01099 321.76300 325.23499 326.35901
325.84399 319.38101 299.30499 290.03699 294.80200 301.26999 304.77301 305.23901 308.60800 312.58200 310.49200 305.04999 304.42899 308.50000 297.45599 299.20401 302.53201 309.65701 318.53799 320.40799 319.35901 322.39499 317.07001 312.72501 310.44199 311.24899 314.53400 309.96600 311.67599 310.52701 311.55301 311.54099 312.93301 310.05301 308.92700 309.24100 312.41400 305.96899 305.56000 306.78601 307.07999 303.76199 302.04199 304.17300 301.05200 299.14801 302.44400 301.97800 300.40799 298.38199 300.51599 308.41699 313.70001 315.15799 317.05701 320.33600 323.85999 329.26199 324.02499 323.14401 323.78900 326.07999 325.34601 324.20300 323.90399 325.86301 326.43500 326.99701 327.29501 328.49200
302.90100 299.39099 291.82901 305.92300 322.82101 319.25900 310.88400 311.54901 311.32901 311.98801 316.42599 315.44601 314.39600 313.85101 314.00201 314.98099 313.43100 315.69000 312.36200 320.21201 330.72198 326.63699 323.38300 318.91000 312.35800 310.33801 311.59000 304.62000 302.14401 309.54501 311.59201 310.90201 313.97198 317.58499 315.85699 314.09500 308.55301 305.70700 307.90201 308.69800 305.42300 305.41000 307.76999 304.66699 304.06100 300.23599 301.53299 300.76599 299.74100 298.14801 295.97400 300.00699 299.58701 304.61499 307.50400 318.27499 325.26001 328.82599 333.55801 328.88901 327.69501 329.93701 329.42999 328.20300 328.09500 328.72601 328.79501 328.71301 328.80099 328.85599
314.54001 329.82700 330.01901 333.10599 335.62000 326.54401 306.26599 299.74600 302.20700 306.51001 312.62000 313.26999 314.05600 315.21500 319.48801 313.92001 289.68600 293.31299 297.70300 300.46201 307.53400 308.07101 307.60999 315.57101 317.43799 318.08301 313.37399 309.57401 307.12601 305.17099 302.69000 306.87701 313.60199 315.40799 313.54501 314.72000 307.62000 306.43100 304.99399 310.84500 307.55099 309.16000 310.84299 310.69299 307.59799 305.68701 297.14499 302.65201 298.83401 300.36099 301.42001 298.43500 299.53101 302.27802 307.08899 314.51999 320.83301 326.96399 336.00299 332.97299 332.37299 333.48199 330.98599 326.32300 320.89401 320.51999 321.01599 321.90900 326.70200 329.89401
304.13300 320.76501 331.00601 334.82800 335.47900 329.01001 318.34100 310.73599 309.74701 310.47601 308.77301 309.49600 311.95300 312.18301 315.65302 317.58499 308.63699 286.75299 280.48099 285.48999 289.46899 294.88101 297.88000 300.04700 303.26700 308.85800 306.92899 301.32700 300.54199 303.50900 307.48901 302.79999 307.85199 310.28000 312.36401 316.28699 310.63400 307.64600 304.16901 304.35400 306.02701 309.89301 311.72900 308.50400 306.13101 309.58701 303.18301 303.12100 303.95099 301.42300 302.10101 305.76401 312.42999 311.62500 312.59601 311.71799 317.05801 318.10101 329.11099 333.16199 330.78601 334.50800 333.91000 333.31201 331.53699 327.70200 327.35300 328.47601 330.12799 330.56299
