data/hydroclimate-scenarios/BCSD_hadcm_A1B/monthly_summaries/olr_monthly_avg_nov.2030-2059.asc
ncols	311
nrows	91
xllcenter	102.75
yllcenter	31.75
cellsize	0.5
NODATA_value	-9999
[rows 0 to 30 of 91, columns 70 to 139 of 311]
-9999 -9999 -9999 -9999 -9999 -9999 -9999 -9999 -9999 -9999 -9999 -9999 -9999 -9999 -9999 -9999 -9999 -9999 -9999 -9999 -9999 -9999 -9999 -9999 -9999 -9999 -9999 -9999 -9999 -9999 -9999 -9999 -9999 -9999 -9999 -9999 -9999 -9999 -9999 -9999 -9999 -9999 -9999 -9999 -9999 -9999 -9999 -9999 -9999 -9999 -9999 -9999 -9999 -9999 -9999 -9999 -9999 -9999 -9999 -9999 -9999 -9999 -9999 -9999 -9999 -9999 -9999 -9999 -9999 -9999
-9999 -9999 -9999 -9999 -9999 -9999 -9999 -9999 -9999 -9999 -9999 -9999 -9999 -9999 -9999 -9999 -9999 -9999 -9999 -9999 -9999 -9999 -9999 -9999 -9999 -9999 -9999 -9999 -9999 -9999 -9999 -9999 -9999 -9999 -9999 -9999 -9999 -9999 -9999 -9999 -9999 -9999 -9999 -9999 -9999 -9999 -9999 -9999 -9999 -9999 -9999 -9999 -9999 -9999 -9999 -9999 -9999 -9999 -9999 -9999 -9999 -9999 -9999 -9999 -9999 -9999 -9999 -9999 -9999 -9999
-9999 -9999 -9999 -9999 -9999 -9999 -9999 -9999 -9999 -9999 -9999 -9999 -9999 -9999 -9999 -9999 -9999 -9999 -9999 -9999 -9999 -9999 -9999 -9999 -9999 -9999 -9999 -9999 -9999 -9999 -9999 -9999 -9999 -9999 -9999 -9999 -9999 -9999 -9999 -9999 -9999 -9999 -9999 -9999 -9999 -9999 -9999 -9999 -9999 -9999 -9999 -9999 -9999 -9999 -9999 -9999 -9999 -9999 -9999 -9999 -9999 -9999 -9999 -9999 -9999 -9999 -9999 -9999 -9999 -9999
-9999 -9999 -9999 -9999 -9999 -9999 -9999 -9999 -9999 -9999 -9999 -9999 -9999 -9999 -9999 -9999 -9999 -9999 -9999 -9999 -9999 -9999 -9999 -9999 -9999 -9999 -9999 -9999 -9999 -9999 -9999 -9999 -9999 -9999 -9999 -9999 -9999 -9999 -9999 -9999 -9999 -9999 -9999 -9999 -9999 -9999 -9999 -9999 -9999 -9999 -9999 -9999 -9999 -9999 -9999 -9999 -9999 -9999 -9999 -9999 -9999 -9999 -9999 -9999 -9999 -9999 -9999 -9999 -9999 -9999
-9999 -9999 -9999 -9999 -9999 -9999 -9999 -9999 -9999 -9999 -9999 -9999 -9999 -9999 -9999 -9999 -9999 -9999 -9999 -9999 -9999 -9999 -9999 -9999 -9999 -9999 -9999 -9999 -9999 -9999 -9999 -9999 -9999 -9999 -9999 -9999 -9999 -9999 -9999 -9999 -9999 -9999 -9999 -9999 -9999 -9999 -9999 -9999 -9999 -9999 -9999 -9999 -9999 -9999 -9999 -9999 -9999 -9999 -9999 -9999 -9999 -9999 -9999 -9999 -9999 -9999 -9999 -9999 -9999 -9999
-9999 -9999 -9999 -9999 -9999 -9999 -9999 -9999 -9999 -9999 -9999 -9999 -9999 -9999 -9999 -9999 -9999 -9999 -9999 -9999 -9999 -9999 -9999 -9999 -9999 -9999 -9999 -9999 -9999 -9999 -9999 -9999 -9999 -9999 -9999 -9999 -9999 -9999 -9999 -9999 -9999 -9999 -9999 -9999 -9999 -9999 -9999 -9999 -9999 -9999 -9999 -9999 -9999 -9999 -9999 -9999 -9999 -9999 -9999 -9999 -9999 -9999 -9999 -9999 -9999 -9999 -9999 -9999 -9999 -9999
-9999 -9999 -9999 -9999 -9999 -9999 -9999 -9999 -9999 -9999 -9999 -9999 -9999 -9999 -9999 -9999 -9999 -9999 -9999 -9999 -9999 -9999 -9999 -9999 -9999 -9999 -9999 -9999 -9999 -9999 -9999 -9999 -9999 -9999 -9999 -9999 -9999 -9999 -9999 -9999 -9999 -9999 -9999 -9999 -9999 -9999 -9999 -9999 -9999 -9999 -9999 -9999 -9999 -9999 -9999 -9999 -9999 -9999 -9999 -9999 -9999 -9999 -9999 -9999 -9999 -9999 -9999 -9999 -9999 -9999
-9999 -9999 -9999 -9999 -9999 -9999 -9999 -9999 -9999 -9999 -9999 -9999 -9999 -9999 -9999 -9999 -9999 -9999 -9999 -9999 -9999 -9999 -9999 -9999 -9999 -9999 -9999 -9999 -9999 -9999 -9999 -9999 -9999 -9999 -9999 -9999 -9999 -9999 -9999 -9999 -9999 -9999 -9999 -9999 -9999 -9999 -9999 -9999 -9999 -9999 -9999 -9999 -9999 -9999 -9999 -9999 -9999 -9999 -9999 -9999 -9999 -9999 -9999 -9999 -9999 -9999 -9999 -9999 -9999 -9999
-9999 -9999 -9999 -9999 -9999 -9999 -9999 176.46001 -9999 -9999 -9999 -9999 -9999 -9999 -9999 -9999 -9999 -9999 -9999 -9999 -9999 -9999 -9999 -9999 -9999 -9999 -9999 -9999 -9999 -9999 -9999 -9999 -9999 -9999 -9999 -9999 -9999 -9999 -9999 -9999 -9999 -9999 -9999 -9999 -9999 -9999 -9999 -9999 -9999 -9999 -9999 -9999 -9999 -9999 -9999 -9999 -9999 -9999 -9999 -9999 -9999 -9999 -9999 -9999 -9999 -9999 -9999 -9999 -9999 -9999
-9999 -9999 -9999 200.85699 173.80499 174.45000 174.24001 175.56400 176.81300 178.03000 179.98300 182.31799 183.68700 187.23599 189.41400 191.51500 193.35201 195.30000 197.69901 198.57800 200.36099 200.67400 201.57300 -9999 -9999 -9999 -9999 -9999 -9999 -9999 -9999 -9999 -9999 -9999 -9999 -9999 -9999 -9999 -9999 -9999 -9999 -9999 -9999 -9999 -9999 -9999 -9999 -9999 -9999 -9999 -9999 -9999 -9999 -9999 -9999 -9999 -9999 -9999 -9999 -9999 -9999 -9999 -9999 -9999 -9999 -9999 -9999 -9999 -9999 -9999
-9999 -9999 -9999 -9999 -9999 171.35300 172.02600 173.17999 174.23199 175.05800 176.56900 179.07899 180.72800 182.92400 185.58299 187.67999 190.04900 191.65199 193.58299 194.85001 196.61400 197.83299 198.38800 -9999 -9999 -9999 -9999 -9999 -9999 -9999 -9999 -9999 -9999 -9999 -9999 -9999 -9999 -9999 -9999 -9999 -9999 -9999 -9999 -9999 -9999 -9999 -9999 -9999 -9999 -9999 -9999 -9999 -9999 -9999 -9999 -9999 -9999 -9999 -9999 -9999 -9999 -9999 -9999 -9999 -9999 -9999 -9999 -9999 -9999 -9999
166.63699 167.30099 167.95200 168.19400 169.29700 169.70799 170.38800 171.32700 172.45700 173.17599 174.80800 177.38400 178.78101 180.97400 183.14400 185.23100 187.37100 189.25900 192.00999 194.05701 195.46300 196.77100 196.58099 195.73199 195.05499 194.37900 193.42799 191.63499 190.76300 -9999 -9999 -9999 -9999 -9999 -9999 -9999 -9999 -9999 -9999 -9999 -9999 -9999 -9999 -9999 -9999 -9999 -9999 -9999 -9999 -9999 -9999 -9999 -9999 -9999 -9999 -9999 -9999 -9999 -9999 -9999 -9999 -9999 -9999 -9999 -9999 -9999 -9999 -9999 -9999 -9999
163.81599 164.79100 165.04300 166.46899 166.97800 167.46001 168.28999 169.02699 169.89999 171.87601 172.98199 174.86099 176.57300 177.96201 179.76700 182.64301 184.47701 186.66600 189.27600 191.53101 194.46500 194.77901 193.68500 192.24899 191.97800 191.70100 190.59801 190.32300 188.77100 188.78000 187.81900 187.28000 186.35899 186.45799 186.65401 185.86501 186.26199 185.72900 185.92999 187.37900 187.33600 187.75500 188.18300 187.73900 -9999 -9999 -9999 -9999 -9999 -9999 -9999 -9999 -9999 -9999 -9999 -9999 -9999 -9999 -9999 -9999 -9999 -9999 -9999 -9999 -9999 -9999 -9999 -9999 -9999 -9999
161.62801 162.85201 162.28101 163.86700 163.62100 163.95799 165.24600 166.63901 168.26100 169.25301 170.91000 172.58000 174.38800 175.64301 177.61000 179.78000 182.16100 183.76100 186.04300 188.73700 190.51100 190.61400 187.82401 186.96300 186.95900 187.42500 187.50400 187.80800 187.48199 186.80299 185.68500 186.74800 186.56000 186.66800 186.72099 186.36099 186.99100 186.35400 186.90300 188.19600 188.85201 188.68900 189.07401 188.70799 188.98801 -9999 -9999 -9999 -9999 -9999 -9999 -9999 -9999 -9999 -9999 -9999 -9999 -9999 -9999 -9999 -9999 -9999 -9999 -9999 -9999 -9999 -9999 -9999 -9999 -9999
154.50301 156.02200 155.89301 157.88699 154.97000 158.49899 160.01300 160.53200 162.33900 163.60201 166.98801 167.61501 170.56799 173.07201 174.96001 178.32800 180.43600 182.62500 184.84900 186.88600 188.08800 186.82600 185.97701 185.48900 185.19099 185.90199 183.21700 184.77600 185.78900 185.71600 184.46600 185.14500 185.39200 186.71100 186.50600 186.02699 186.80299 186.94600 187.76401 187.32700 187.45900 188.10100 188.40100 189.44400 190.36099 -9999 -9999 -9999 -9999 -9999 -9999 -9999 -9999 -9999 -9999 -9999 -9999 -9999 -9999 -9999 202.13200 203.01300 -9999 -9999 -9999 -9999 204.51601 202.30099 200.67900 203.57700
154.47501 155.99500 155.93201 157.00400 155.43600 158.98599 162.35001 162.35100 161.68700 163.00700 163.91499 168.87601 171.11200 172.75900 173.66000 176.25500 179.76100 181.56200 183.96500 185.44299 187.07800 186.46700 185.69501 184.84801 186.48900 186.84100 186.18600 185.84300 185.66701 185.78600 185.74001 185.38901 185.92799 186.32899 186.69701 186.53400 186.72200 187.23700 188.25200 188.05200 188.46500 189.04300 189.38699 190.36400 191.03799 191.28300 191.94501 192.44901 192.53900 189.06000 187.97501 189.56300 188.96600 189.26801 191.41000 192.40700 192.70000 197.76100 198.52299 199.88400 200.57500 201.82401 -9999 -9999 -9999 -9999 -9999 204.75800 203.67200 203.86000
150.79601 151.12199 155.57300 155.57201 152.76401 155.69099 159.92799 161.24300 162.65199 165.91701 168.46001 169.90700 171.24899 173.59500 175.31200 177.42599 179.37801 181.14301 182.73599 184.16901 185.19501 185.70100 186.17200 186.67000 186.64000 186.26500 185.60600 185.59000 185.46001 186.02499 185.93900 186.10201 185.95100 186.54201 186.79100 187.13300 187.65300 188.42900 189.04601 189.46100 190.55000 191.48500 191.89799 192.22800 192.51100 192.95399 193.41200 193.66200 193.77200 190.84000 189.50700 191.71400 194.06799 193.19800 189.64700 187.07600 192.12700 190.49699 190.62500 192.67700 195.56200 197.30901 197.08200 200.03200 202.81599 203.76300 204.19200 204.80800 205.87900 205.47099
153.68900 149.80600 142.96400 157.64700 151.72099 150.71400 154.66200 157.93600 158.58400 166.90199 168.55600 169.89101 171.12900 173.40700 174.77000 176.88100 178.90601 180.50600 182.05701 183.51401 182.36900 182.53200 184.65401 185.68100 185.63400 185.49899 185.14500 185.23599 185.32899 186.13699 185.67700 185.52299 185.70900 186.60400 187.01199 187.22000 187.90601 189.02100 189.76100 190.13699 191.22200 192.24500 192.14500 193.28000 194.04601 194.45799 195.15800 195.63000 195.65601 195.41400 194.61099 193.94099 195.48199 194.67101 194.92900 192.29100 189.29700 188.61301 190.14700 191.00400 190.34801 192.68401 189.91400 193.83600 198.96500 201.37000 202.55901 203.92900 204.61600 204.89000
148.05299 147.11900 144.14301 150.27499 160.40601 158.20500 161.80099 163.40800 160.35001 163.22800 167.01601 168.50000 171.57500 172.76700 174.45100 176.82500 178.52600 180.02400 181.34900 181.60201 177.31200 178.92900 181.10001 182.14600 184.01601 185.64101 185.72701 185.48199 185.37100 185.33099 185.42799 185.82001 186.23500 187.02100 187.92200 188.15800 188.70000 190.39301 191.11200 190.57401 190.36200 191.65700 193.21100 190.61099 190.06400 192.19901 195.27499 197.17900 198.70900 199.04300 197.13200 194.99001 194.82600 194.49100 194.71800 194.58600 195.45100 195.58200 191.87500 191.10800 190.02800 188.80099 187.22900 186.05901 191.46600 194.25400 196.29700 197.69800 199.07800 199.53700
155.94299 149.73199 146.23599 147.28799 147.91000 154.29500 161.31000 161.54800 158.90199 158.47200 163.37000 157.26500 160.34300 163.98700 169.88800 174.57100 176.78900 179.22200 180.70100 180.50101 178.85600 178.17400 180.40300 182.05400 183.33501 185.17000 185.07401 184.97200 184.94000 184.59000 184.99300 185.34399 185.48900 185.09900 187.11501 187.19200 187.01801 188.32100 189.32899 189.39700 188.65800 189.36900 191.93401 193.29500 193.57899 191.62100 192.62900 194.91000 196.94800 199.66299 196.69099 195.30701 195.61099 195.72000 197.17000 194.35300 192.43500 191.16800 187.91200 191.46001 193.66499 192.82899 192.63699 192.01900 190.46001 187.84500 192.90900 191.58701 195.67101 198.09900
154.75500 150.44600 148.27901 146.15199 144.20000 143.96700 152.82001 157.15800 159.83099 158.95700 161.66299 159.07401 153.63901 151.07899 150.31900 160.57300 168.21201 173.17599 178.05701 180.57401 182.09399 182.59500 183.31100 183.54401 184.28400 184.80600 184.67599 184.24200 184.00400 183.55299 182.40900 183.08800 182.44600 183.14000 183.50200 186.84000 186.39101 186.59399 185.75900 188.68300 190.34100 190.46500 190.46600 193.19400 194.72701 193.48399 195.96400 196.63499 197.92400 200.16499 201.72701 201.86000 201.28400 200.05800 199.78400 199.84000 198.62199 194.68300 192.23199 194.36900 189.66800 190.54401 191.75800 193.25999 195.12399 196.77299 197.59500 196.83099 197.25500 199.46600
147.94400 144.30901 145.32300 142.02901 141.65900 143.62700 144.68600 145.41800 148.05901 151.36200 156.72900 162.32500 160.14200 157.74300 156.42799 155.03101 156.99100 158.91000 163.14500 170.80701 174.42700 178.87100 180.60100 182.36000 183.20200 183.88000 183.70100 183.33501 182.58800 180.48000 178.99500 181.82600 177.22200 177.53101 178.87199 181.76500 182.93800 184.68600 185.11301 187.74600 188.78799 189.56000 190.75301 194.30701 193.12199 193.96899 193.81900 194.42700 196.22701 197.99600 199.47000 196.63400 196.53400 194.78900 194.91100 196.19600 196.36400 192.16701 196.09801 195.60899 191.74400 193.77499 194.10100 194.62500 198.52800 198.54800 198.15100 195.90800 198.65300 201.53200
151.31500 146.69200 143.21201 141.46100 142.77699 141.03400 140.20900 142.38100 145.07700 146.08000 150.88400 154.27400 155.23199 156.35300 161.00400 162.82700 164.80600 163.76900 161.47301 162.18600 165.43201 168.61900 171.52100 177.15700 180.86301 182.26801 182.25900 182.89999 180.22600 176.87199 177.19701 177.89101 178.20799 176.75400 179.92101 178.34399 184.55099 186.62100 186.68500 184.85899 187.56000 191.44901 194.52800 194.02800 193.67599 190.33900 190.38000 191.35201 193.92200 194.73199 192.69200 191.56500 193.97600 193.50999 190.29401 193.55299 191.59100 196.77200 193.66299 197.65199 199.18700 198.68100 199.70000 198.71400 199.43500 197.16200 200.12100 203.33701 205.61900 205.90601
149.32600 147.38901 147.00000 146.91100 147.62601 143.58000 140.94501 141.48500 141.14999 142.64700 146.97900 153.91200 146.57100 149.08501 154.56900 152.29201 151.28101 154.25301 171.31400 165.25301 158.94000 160.67500 163.94000 168.73100 180.52200 182.06300 182.22301 182.50800 179.36600 176.71400 177.29201 176.58400 177.42500 179.10100 180.73900 185.06700 186.07201 185.40800 187.31300 186.46201 186.95000 185.90401 190.62000 192.28600 192.25600 198.09801 198.66100 197.03000 195.40900 193.98100 193.66000 193.01601 195.57401 197.20900 197.44299 195.32700 194.62900 197.19701 196.19099 200.82100 201.78500 204.39600 203.87601 201.24899 198.63400 204.02000 205.97501 207.34100 209.46700 210.87601
150.57500 149.32201 149.88800 149.35600 149.87801 147.92599 146.90100 146.82001 145.19701 145.75000 145.42700 148.76300 149.64999 151.40900 156.17300 154.36000 155.74400 153.78000 158.97600 165.56799 170.02600 167.09200 167.35899 170.92200 173.36900 178.58299 181.57001 181.99100 180.78300 178.52699 178.84300 177.71500 179.78400 183.66800 183.86000 184.65800 186.58299 188.47701 189.51401 190.08501 189.12900 186.81900 188.47900 189.21001 191.87900 199.06000 201.51100 200.04401 198.59100 196.86501 194.48801 194.71899 198.26401 201.87100 198.07201 201.00301 202.28000 202.76500 204.08299 199.82401 203.44400 204.54700 206.10201 205.00000 207.25101 207.76300 208.23801 209.74600 209.80299 208.45799
151.66400 150.30299 150.22800 148.26801 148.19800 148.20900 149.96700 149.91400 149.68600 149.21899 149.42200 148.21800 147.00600 150.78600 156.89600 160.31599 160.24200 160.46899 161.84300 159.67599 163.82800 166.87100 172.04201 176.06599 175.01100 173.68401 175.10300 179.63699 178.25101 175.89999 174.45799 177.34100 179.15601 185.08701 185.92200 185.55299 184.36200 187.06500 184.77400 189.00101 185.74699 182.74500 187.98000 189.68600 187.50301 192.13499 198.04700 199.49800 199.89400 200.54800 199.55901 198.48900 204.20000 207.61700 209.18300 210.99300 210.31400 208.52901 206.39700 208.40100 205.26700 208.41901 207.90601 207.15401 207.72800 209.14700 210.72099 211.90601 212.75400 212.13000
155.80200 150.38200 148.74001 146.62900 146.27299 147.96899 148.48801 150.12399 150.08299 150.58099 146.75301 147.14200 148.20900 147.35001 153.54500 161.53000 165.20399 162.09500 161.60800 161.28999 163.03400 167.67300 169.76500 172.54100 175.31599 175.40300 176.91400 174.41600 175.22800 176.10201 174.31900 179.16901 179.84399 184.09300 180.53799 181.29700 187.26601 186.03799 183.10500 186.25000 189.35800 186.21600 186.76801 188.33000 192.33701 193.27200 195.79601 198.25000 198.88100 201.92300 200.70500 201.98300 203.16000 206.33800 206.88100 207.91800 209.19701 209.29201 213.24400 215.05299 216.41100 216.11200 213.81300 212.50200 212.34000 211.45700 212.65500 213.23300 214.09900 210.22701
159.65500 156.78200 154.88499 148.65100 148.05000 147.45300 151.49600 151.89900 153.92799 151.30901 150.91701 152.43500 154.60899 155.75999 155.06400 160.32600 163.93401 163.14200 167.55701 168.50101 171.29100 166.61900 172.51300 176.80701 178.39301 178.64999 175.34300 171.33400 173.23801 174.42900 176.38901 175.40601 180.23100 183.46201 181.53799 181.16499 186.96001 186.80200 186.60201 185.37300 187.45500 188.84700 189.27400 193.10800 193.68600 196.04800 196.63800 202.76199 202.33200 202.72000 204.32700 206.10899 207.08800 210.81500 214.35100 214.40500 217.49600 216.27800 218.22400 220.30400 219.81000 218.95000 217.05600 215.19901 214.12399 208.11099 210.16701 210.04100 211.78400 212.03600
160.91299 157.37100 158.51601 153.63499 150.42500 150.05701 147.19000 148.64000 152.70200 152.04201 152.30200 155.20100 155.37199 160.11099 160.91800 159.92101 165.08800 169.87399 173.63600 173.97600 175.85800 178.97000 176.04700 177.89101 182.19400 183.88100 185.29201 181.10600 180.06799 181.12399 179.72400 183.29100 185.03400 185.14799 185.63800 185.07100 186.35899 190.61600 188.87500 186.55701 186.44200 192.07300 194.15300 194.89700 200.65500 204.19200 207.28200 211.48300 215.25101 216.09100 218.35201 220.03000 221.39000 222.61700 221.81900 221.18401 221.66400 222.18800 225.01300 224.26401 223.15601 221.29500 220.43600 215.99001 210.29201 207.77600 209.82001 210.20100 212.43201 216.06700
164.41499 165.21500 163.33900 157.68401 158.21001 154.47800 153.17101 147.76401 150.99899 154.70500 152.66200 153.21100 156.73399 161.45900 161.18900 165.18900 170.07001 170.90500 174.46899 179.64700 182.12601 182.51199 180.66100 177.76700 185.15300 188.95100 188.50500 182.57201 182.77499 181.69200 179.26801 184.68300 187.94000 186.74600 187.12100 186.39600 189.24200 191.09000 193.14799 190.23199 191.18201 195.98700 202.98801 202.11099 207.46400 214.19800 215.76199 215.81799 216.34500 214.41200 218.54900 -9999 -9999 227.06300 227.47099 229.85899 227.42200 226.59700 227.72099 225.73700 222.34100 221.38300 215.15601 210.82100 206.06200 208.49699 206.40700 205.74800 206.25500 214.75000
160.58299 160.26199 164.93401 162.70399 160.56300 159.84599 160.90300 155.64000 160.67101 157.90199 156.36099 156.22000 161.11099 162.19701 164.08701 169.24500 173.46600 173.00999 178.33400 183.36301 181.75500 185.42400 188.95500 189.65700 188.27901 182.47000 185.74800 185.10300 186.45399 184.66200 184.89500 184.17700 190.45900 189.17599 187.18100 187.85300 188.98199 188.90601 196.81599 203.15401 -9999 -9999 -9999 -9999 214.59599 -9999 209.93100 206.17799 212.15500 214.48399 221.80800 -9999 -9999 223.04201 225.57700 228.12100 228.46001 229.95000 227.07401 223.77699 219.22301 217.59100 214.44299 212.64999 210.42200 216.80499 207.09399 206.12500 209.39101 217.75999
