data/hydroclimate-scenarios/BCSD_hadcm_A1B/monthly_summaries/olr_monthly_avg_dec.2030-2059.asc
ncols	311
nrows	91
xllcenter	102.75
yllcenter	31.75
cellsize	0.5
NODATA_value	-9999
[rows 31 to 61 of 91, columns 0 to 69 of 311]
-9999 -9999 -9999 -9999 -9999 -9999 -9999 -9999 -9999 -9999 -9999 173.56300 173.60201 174.68100 175.39000 172.37100 171.76199 172.89000 172.63600 173.06900 173.36099 172.86099 173.12199 173.57500 173.07700 171.21400 170.59500 170.28900 171.13100 169.99200 170.09300 171.05499 171.42101 172.58501 172.75500 174.36301 175.23801 173.16499 171.00700 170.92101 170.66299 169.42000 168.34300 167.45100 166.32700 165.10899 164.86301 165.33501 165.20599 162.36501 160.82100 159.22000 157.19800 154.54800 152.69701 151.93500 150.50700 150.30000 149.79401 149.36200 148.57300 147.67999 147.42400 148.46400 149.72099 151.08200 151.52400 152.55400 150.52000 148.02200
-9999 -9999 -9999 -9999 -9999 -9999 -9999 -9999 -9999 -9999 -9999 173.78400 173.52699 174.92300 175.04900 173.37199 173.48300 174.71300 174.83900 175.21100 174.38800 174.03101 175.66499 175.02901 174.71500 172.31799 171.12000 170.92500 170.80299 170.84599 169.92799 170.95900 172.08800 174.19600 173.78200 176.50200 176.36501 177.22800 175.89799 174.17599 173.90500 173.99001 173.69299 171.91800 170.39600 168.92101 168.43700 167.45100 166.25999 163.83501 162.25700 158.65601 156.74200 154.23900 153.34100 154.71001 153.51601 152.59900 152.56200 151.16299 150.90300 149.89900 150.64000 151.51601 153.89700 156.16499 156.73599 157.70700 155.99699 154.35400
-9999 -9999 -9999 -9999 -9999 -9999 -9999 -9999 -9999 -9999 -9999 173.97099 173.29500 174.93201 174.32600 173.90500 173.97400 175.56799 176.28000 176.28600 176.29300 175.70000 175.93300 174.99200 173.49800 170.32201 169.11301 169.09500 170.55299 171.68600 170.82201 171.67101 172.20200 174.62900 175.91499 177.61700 177.62300 177.61400 176.77100 172.85600 174.69901 173.18800 174.69901 174.12700 172.72701 172.04201 170.92300 170.10201 168.35500 165.40401 163.61400 160.94000 159.01700 157.17300 156.53400 157.05701 155.86800 154.05000 153.94099 153.54700 153.06599 152.60100 153.45900 154.73199 155.97099 157.56100 159.64500 160.81700 161.34300 160.18600
-9999 -9999 -9999 -9999 -9999 -9999 -9999 -9999 -9999 -9999 -9999 -9999 173.88400 173.32500 173.93401 173.95900 173.89700 175.87700 176.54900 177.45500 177.03700 175.07401 172.91400 171.18300 169.59300 164.47800 164.54700 164.40199 167.66000 168.94501 169.81599 171.76801 172.21500 173.00600 172.96700 174.25000 174.16600 174.67599 174.07700 172.73801 172.66299 173.64101 173.81400 176.01700 176.07300 175.35001 175.25800 175.03600 172.39500 168.72501 167.10001 163.38800 161.30200 159.06400 156.97000 156.19000 155.53799 154.76500 153.98000 153.69400 153.78000 154.13499 153.27499 154.24500 156.53101 158.62199 161.57600 162.33000 159.60699 160.08600
-9999 -9999 -9999 -9999 -9999 -9999 -9999 -9999 -9999 -9999 -9999 -9999 174.29500 174.34300 174.34900 174.59200 175.85300 176.88000 177.55099 177.31300 176.86200 171.07700 169.36000 167.37900 164.08200 164.67200 165.06000 162.73399 165.81799 165.49500 166.13400 166.82500 171.09599 172.34300 173.24300 174.18600 173.65500 174.78900 174.99899 173.71500 174.22501 173.98599 175.82001 178.26500 180.53300 181.87500 180.68401 178.31000 175.02699 169.34599 166.23700 164.33600 162.05701 159.89500 159.06700 158.15401 157.66901 156.74001 156.35699 155.27699 155.14200 152.77699 153.17000 154.30701 157.75301 161.55200 162.44200 164.84599 165.25800 167.11600
-9999 -9999 -9999 -9999 -9999 -9999 -9999 -9999 -9999 -9999 -9999 -9999 174.49100 175.67400 175.98801 176.22301 176.53000 175.99500 174.97800 174.11400 173.10800 169.31100 168.03000 164.61400 163.86800 160.92700 161.85300 165.10800 163.70700 164.75101 165.62900 167.98599 167.56799 168.20599 171.29300 173.12199 173.35600 173.97900 175.02400 173.88499 172.03799 172.68600 176.52200 179.13200 182.34599 184.75600 181.62500 177.19600 173.60899 171.09100 167.99899 165.26300 163.80701 160.75999 160.25900 159.16400 158.85800 157.35201 156.13800 155.10699 154.76100 154.06300 155.78000 158.90500 160.09801 162.05701 164.02499 167.31700 167.04201 170.86501
-9999 -9999 -9999 174.53200 173.84801 173.76199 174.50700 175.09200 174.57401 -9999 175.20500 174.82001 176.16400 176.52699 176.85100 176.66800 176.09500 175.95900 173.39101 172.42799 172.73801 170.70300 168.52600 166.55200 165.42999 163.42999 163.95799 161.79201 162.56400 158.11000 162.46001 166.00301 164.79100 162.00600 166.68401 169.38100 168.88800 170.47600 171.82100 173.39101 173.85500 174.00600 176.57899 178.88000 179.79401 179.42599 174.95700 176.84599 173.66100 168.57899 165.08299 162.23900 159.48300 154.43500 154.99899 151.31100 149.97701 155.72701 152.77400 155.11501 156.52499 156.28500 157.35400 158.85899 161.98599 165.10800 165.72200 168.34200 172.16901 173.75999
-9999 -9999 -9999 175.89400 175.44800 174.27400 173.46400 174.08400 174.81900 175.25700 176.86200 177.58099 176.35300 175.68100 174.43900 173.02100 171.77699 172.31300 171.69501 171.92799 172.05299 169.19000 170.31700 169.78300 166.87700 165.95000 163.92000 161.97501 159.53500 156.51700 159.75800 159.64000 160.57500 159.94701 162.20900 163.83600 164.93900 163.82001 169.26500 166.97600 168.00400 172.93500 175.43100 175.51199 174.29800 172.23700 171.63499 177.25800 170.99001 165.61600 162.16600 158.67700 155.73500 153.35899 155.68800 152.80400 155.09500 154.58099 151.99699 152.80000 154.71600 155.35800 156.92900 159.47600 161.58701 166.57001 168.51500 174.42599 176.32800 178.11099
-9999 -9999 -9999 177.14200 176.23500 174.49800 174.02600 174.87601 176.05299 177.54100 177.72800 177.11099 175.25800 172.80000 169.71001 171.84000 170.60400 170.91901 172.64000 173.03300 171.90500 169.01401 169.76100 166.90601 163.58701 164.30200 163.39500 161.31400 161.35699 155.95599 152.25000 154.72400 158.59599 159.89101 159.55701 161.83200 163.96400 165.86301 167.42599 166.63300 167.06400 170.53500 172.83299 174.51801 175.73399 173.16000 172.36099 171.89799 169.67400 162.84000 159.50000 159.96500 157.53500 155.46300 156.10699 154.78799 156.18100 156.47800 154.10500 153.72900 156.69901 158.22600 160.91499 160.73700 164.22701 167.05701 170.43700 173.60400 172.42900 175.85201
-9999 -9999 -9999 176.68100 177.78600 174.75999 175.92300 175.06500 175.41901 175.31400 176.67999 176.88000 172.78200 170.54601 169.55400 170.20900 169.02699 167.15199 168.07201 169.87900 167.20300 163.55800 160.47701 161.80600 162.43700 163.08099 163.59500 161.58701 156.15199 151.97099 153.69901 159.99800 157.25400 153.72000 154.48599 158.07500 162.37601 166.46400 165.22301 166.82300 166.46001 164.97800 163.92300 167.08600 172.51900 169.22400 166.47900 169.69200 163.55099 163.09300 157.73399 158.10699 156.65300 152.90601 154.29201 154.92799 155.85899 154.52600 153.48599 153.57700 151.69099 157.48000 159.97400 162.05400 164.42700 168.24899 171.08400 173.80499 172.75999 177.17999
-9999 -9999 -9999 177.45900 178.01300 174.45000 174.55299 174.92200 173.63699 174.99001 178.05299 174.93300 171.70100 169.56500 166.68500 167.97900 167.06700 167.93700 170.89500 173.03400 169.56900 166.19099 163.59300 166.67599 167.13800 167.17900 167.89301 164.25301 159.31100 155.24500 154.38300 156.23700 154.74800 156.74001 158.57001 160.36900 160.83000 164.46001 166.41400 166.50400 164.97000 164.87300 164.10100 164.64301 167.72501 168.22200 167.46800 167.04401 165.15800 162.22400 159.79601 161.25101 158.09500 152.54201 155.91299 152.67200 156.70700 157.39700 155.69701 151.80499 153.68900 156.75400 158.83000 158.27499 160.52299 167.74899 170.56599 171.65100 174.44701 187.01500
-9999 -9999 -9999 -9999 176.73700 174.96800 175.48000 172.24400 172.56300 174.56799 178.24500 176.24300 168.14900 172.40900 -9999 -9999 -9999 -9999 -9999 165.23300 165.05499 166.52100 163.82500 160.65900 162.60600 163.77499 168.17200 165.31200 162.18900 161.98801 159.77100 159.06400 158.46100 161.10001 164.67101 165.24100 163.93100 166.75400 166.82600 166.80800 167.99699 168.46100 167.24001 165.28300 166.79700 168.14101 166.64200 162.87700 164.19299 164.41299 160.64900 159.02400 160.03500 154.43401 153.27600 151.44701 151.37300 152.02100 152.56200 154.17101 153.89500 154.19701 156.59100 159.58900 161.74300 163.33299 170.09200 178.39700 186.58200 -9999
-9999 -9999 179.58200 178.88200 176.24899 175.83800 175.78600 171.60699 174.39799 175.49200 178.71300 176.09200 169.63800 -9999 -9999 -9999 -9999 -9999 161.74800 166.22600 166.67300 170.63200 169.75600 165.24600 164.92799 164.96600 169.43300 168.89200 167.06799 165.95799 163.99500 162.83099 163.34000 163.41299 164.63200 167.15500 165.41701 166.70799 166.37100 166.66000 166.02000 168.11501 167.32700 168.12300 170.14799 170.02400 168.92700 168.04401 168.96300 169.71001 167.18700 165.08501 162.44501 161.82001 158.20000 160.40500 157.49600 154.49699 154.44400 159.18300 158.92000 160.02100 161.23700 161.56799 165.10001 169.20700 175.44400 -9999 -9999 -9999
-9999 -9999 180.86301 180.05701 178.25700 176.85500 177.53999 173.78600 175.34000 177.31300 176.93100 175.63600 176.32500 -9999 -9999 -9999 -9999 170.80600 164.63499 170.44800 171.01801 173.45700 171.85300 168.99500 170.64101 172.05099 170.46800 168.71899 168.18500 169.05800 167.00500 163.32500 165.62700 166.62900 166.37500 167.78999 167.84801 167.09500 164.30499 161.75800 163.93300 164.59900 164.88499 166.42599 165.68500 167.84700 169.44701 167.24600 171.09801 169.22099 168.67300 167.27200 165.71500 165.14000 164.23199 167.92700 165.65700 160.16800 158.64799 161.41299 162.80099 159.74500 163.44800 168.27400 171.67900 -9999 -9999 -9999 -9999 -9999
-9999 -9999 184.59000 182.22200 180.83800 179.75101 179.83501 178.27600 178.05200 177.99001 175.82500 175.82500 192.07700 -9999 -9999 -9999 -9999 166.95500 168.42400 171.09100 171.88901 175.21700 176.11700 173.37900 172.06799 172.24200 169.16400 169.97800 168.35600 168.65700 166.60899 165.74800 165.75000 165.64200 168.09700 167.65500 166.34801 165.26199 162.98599 163.52499 164.09599 167.75500 169.24100 166.85899 167.97501 166.76801 166.86900 166.39700 168.22900 168.35100 170.68100 168.01700 166.49100 165.28600 164.31200 169.78400 170.14101 165.27600 165.41499 165.85400 170.02800 170.39000 171.54900 169.23100 166.70399 166.77499 176.31300 176.92000 185.09801 -9999
-9999 -9999 -9999 185.72701 183.15601 181.71700 182.22501 181.97701 180.25900 178.05800 180.50400 189.77901 -9999 -9999 -9999 -9999 171.69701 169.93201 172.84300 173.79100 175.00700 176.71100 174.50301 174.34100 173.25900 172.22701 170.82201 168.57201 168.45000 164.24400 164.43800 166.53999 168.63901 169.79401 170.30701 169.85899 169.54500 169.04201 167.76100 166.87900 166.63699 169.20300 169.94800 170.81900 172.80800 171.29201 172.11900 173.84500 171.71001 171.62300 168.26300 168.07401 167.91299 165.49899 163.21700 163.58099 164.27400 162.35300 163.45799 168.64000 169.59300 169.70000 166.14101 156.35500 152.82001 164.48199 172.88699 175.95599 182.77400 190.11000
-9999 -9999 -9999 -9999 188.84000 186.98399 185.88300 183.30099 181.25000 184.61600 191.37700 -9999 -9999 -9999 -9999 175.30901 173.42700 175.25900 176.62500 176.46700 177.28900 177.98000 175.85600 173.43100 172.33800 173.59500 172.94000 170.82800 168.55600 167.72701 166.03799 170.04500 171.36501 172.10899 170.11000 169.92999 169.29900 169.59200 167.88800 167.13699 166.34700 168.71001 170.53799 171.84200 174.15100 173.44901 173.41701 175.00101 174.66901 173.76100 173.20900 172.02600 169.60001 168.19800 167.84700 168.83099 169.93500 165.56799 165.43300 169.88300 167.05299 164.16499 163.65401 162.36800 160.08701 164.26199 172.23000 176.39000 178.11600 183.49200
-9999 -9999 -9999 -9999 -9999 -9999 187.53000 186.17400 188.68500 190.35201 186.13000 -9999 -9999 -9999 -9999 -9999 178.38699 177.56200 178.37700 177.67799 177.36800 183.68500 176.90100 173.11900 172.68401 175.12199 175.07001 172.16299 171.29700 170.10100 168.28600 170.06200 171.93900 170.53400 171.97200 171.87399 169.71001 166.87500 168.39700 166.12500 166.14600 165.00400 166.86800 170.53300 171.60699 173.88499 175.05400 176.06599 175.40601 174.97200 175.12300 173.15100 171.83000 170.66800 169.41000 170.27600 169.92900 168.44501 167.54800 168.04500 166.06599 163.40700 162.45799 158.91701 157.48700 161.84599 169.70000 177.62900 179.25301 181.41400
-9999 -9999 -9999 -9999 -9999 -9999 -9999 -9999 -9999 -9999 -9999 -9999 -9999 -9999 -9999 -9999 -9999 -9999 -9999 179.47800 178.80400 181.88499 179.02699 176.02000 175.24200 175.91200 174.51199 175.48199 174.13200 170.54800 169.81900 171.59300 169.97000 171.67101 171.50999 170.88600 170.96899 168.32100 167.97200 165.54201 164.99699 166.28700 168.26199 170.86301 171.99600 173.76601 176.54800 177.70500 177.44299 177.08000 176.37199 175.72501 173.80000 173.95200 171.65300 171.48199 171.10500 170.66901 168.76500 169.04700 164.40401 164.82899 163.74699 159.30499 158.91000 166.97701 173.16901 178.82899 180.83800 179.35001
-9999 -9999 -9999 -9999 -9999 -9999 -9999 -9999 -9999 -9999 -9999 -9999 -9999 -9999 -9999 -9999 -9999 -9999 180.29300 179.08099 179.90601 180.20399 179.79100 179.26199 178.50000 177.14999 176.76700 175.45300 172.87300 172.24300 172.26500 170.67500 170.03799 170.48100 171.30099 171.87900 170.50000 170.22501 167.53900 166.28700 165.75999 167.46500 168.34399 170.59900 172.32100 173.05800 176.78200 179.05600 180.69501 180.01199 179.72099 177.90300 176.94901 174.95000 172.36099 173.04100 172.25600 168.37900 165.64600 168.71500 169.52200 170.64000 168.14999 165.63600 164.15199 170.99100 176.00999 179.96001 182.59000 185.38100
-9999 -9999 -9999 -9999 -9999 -9999 -9999 -9999 -9999 -9999 -9999 -9999 -9999 -9999 -9999 -9999 -9999 182.24500 181.53200 183.29401 182.30299 181.59500 181.30499 180.87199 180.67400 178.93700 177.90900 175.41200 171.70200 172.26100 172.16299 172.18900 171.62199 173.72600 174.29100 171.39400 169.11000 169.07899 169.50101 167.87900 167.99899 169.29601 169.37900 172.94299 174.08600 176.06100 178.29800 178.72900 182.60600 183.14999 183.67300 181.88400 179.45900 176.52200 174.83701 174.65199 172.66800 169.76601 168.39500 171.58600 176.18700 173.43100 166.17900 164.82201 172.76300 175.65300 177.60001 182.78200 185.68100 188.74300
-9999 -9999 -9999 -9999 -9999 -9999 -9999 -9999 -9999 -9999 -9999 -9999 -9999 -9999 -9999 -9999 -9999 182.80400 183.85100 181.50000 182.51199 182.32100 182.55400 183.12900 185.91701 180.95000 179.58200 177.44099 175.64301 173.53799 173.29300 174.98300 176.01700 177.93201 175.42599 173.11900 171.66000 170.62601 168.25900 169.89101 170.90900 172.27100 173.08099 175.36501 176.30000 181.22701 182.89799 178.71600 182.38300 187.74100 187.71001 184.11600 181.38000 179.15700 177.27299 175.89600 171.87000 171.30901 173.10300 175.12500 174.25600 173.00900 172.77600 171.84000 169.10001 173.78300 180.78700 180.52600 187.87000 192.46600
-9999 -9999 -9999 -9999 -9999 -9999 -9999 -9999 -9999 -9999 -9999 -9999 -9999 -9999 -9999 -9999 179.77699 180.81500 181.26801 182.07300 184.92599 186.42000 184.95200 186.92200 189.99100 183.47900 182.76401 183.46300 180.70799 177.44400 176.95399 178.89600 178.64799 180.78999 179.33299 177.60300 175.54900 173.33701 171.72400 174.73100 176.21400 175.85800 175.34100 178.51801 180.13800 183.21700 184.52901 180.28700 183.07700 190.13499 190.60201 186.35201 182.77600 180.98300 179.35500 178.21400 177.46001 175.66200 176.66400 175.69701 177.64400 178.24600 175.68600 170.61501 175.94600 179.33299 183.09700 187.30000 194.18300 196.79500
-9999 -9999 -9999 -9999 -9999 -9999 -9999 -9999 -9999 -9999 -9999 -9999 -9999 180.75301 178.73199 178.70500 178.38100 178.36900 182.13800 186.69000 187.40100 185.92599 187.83600 186.70500 185.39500 189.07001 187.72099 186.72900 185.61000 184.06000 182.80299 183.27699 182.74500 182.07700 181.32899 180.55600 181.03101 180.42200 179.85300 180.04401 180.05099 179.92101 179.69000 182.12300 182.68500 182.99400 183.81900 185.51801 186.09399 187.05600 186.85899 185.16299 183.19099 184.58200 183.03999 180.49699 180.60001 181.70300 182.34000 181.98500 181.99899 182.56700 182.80701 184.70500 188.24200 193.58400 195.84700 197.76100 199.13600 200.23000
-9999 -9999 -9999 -9999 -9999 -9999 -9999 -9999 -9999 -9999 -9999 -9999 183.06100 180.71100 179.13800 179.17900 179.86000 182.71700 182.18100 190.73801 188.15700 190.11400 190.87500 189.45900 188.64101 192.66000 191.80000 191.48599 190.38499 188.27901 186.99500 186.83400 185.67799 184.67500 184.33099 184.66200 185.12801 185.95100 186.21400 187.09399 184.56200 183.09801 181.92400 183.89200 184.02699 184.34599 185.71300 186.64999 186.00800 185.81000 186.03600 185.97600 184.42700 185.63400 185.34100 184.75500 184.94701 183.12500 182.12500 182.93600 183.21500 186.82300 188.39400 189.17300 193.06000 198.69800 199.63499 201.40900 202.83900 200.36301
-9999 -9999 -9999 -9999 -9999 -9999 -9999 -9999 -9999 -9999 -9999 178.34399 179.03799 178.59000 181.00200 183.01401 184.18201 186.63200 187.92599 188.60500 190.04800 193.66499 193.94400 193.03101 192.04500 192.72600 192.01500 193.91701 195.50301 193.12700 189.82300 187.34000 186.23500 185.42200 186.02400 186.39200 186.21100 188.64700 194.14999 193.70100 191.48500 187.97501 187.49300 187.36099 187.31700 186.91800 187.83400 187.77299 187.64799 187.16100 186.67900 183.01500 183.53300 183.14799 183.77100 185.89301 188.34300 186.14301 189.23000 191.52299 191.24899 194.54900 195.93900 197.54300 199.55701 202.39700 202.85699 203.96800 202.23399 200.23100
-9999 -9999 -9999 -9999 -9999 -9999 -9999 -9999 -9999 -9999 181.04100 179.26900 181.83000 180.45300 183.42101 184.61700 185.23399 187.60201 188.44200 189.45500 191.16400 195.14500 195.67799 195.36400 195.21400 195.34700 194.40601 197.08701 197.16200 193.85800 191.80901 189.03500 187.68401 187.29700 187.13699 187.73199 188.01801 191.13100 195.58701 195.93401 195.02600 192.94000 193.31100 190.79500 190.30000 190.53600 191.09200 190.42500 189.38400 189.44400 188.23599 183.71899 185.42599 185.50400 186.70900 188.91800 189.10600 189.86800 194.22000 195.89101 195.66701 196.99500 198.22400 200.03101 201.95700 204.36400 206.39301 206.04500 203.58800 199.73100
-9999 -9999 -9999 -9999 -9999 -9999 -9999 -9999 -9999 188.70500 187.45300 185.55800 185.07700 185.11000 185.67200 186.09399 186.54601 190.32201 193.87900 192.89999 194.36501 194.05901 194.55200 197.10400 196.49100 197.07300 197.04601 194.63300 193.60201 193.24200 193.17799 188.06900 186.24001 185.83701 184.61501 185.51401 186.38901 191.06000 193.90401 197.31100 197.83299 198.99200 198.45399 196.54601 195.63400 195.06500 196.02499 195.31400 194.28300 193.58000 192.12300 186.96600 184.85400 180.59700 180.97900 193.87900 197.41200 199.49500 199.79700 199.69901 199.04500 199.52100 200.34399 202.26401 204.42000 204.97200 206.72400 204.08701 203.03300 202.78200
-9999 -9999 -9999 -9999 -9999 -9999 -9999 -9999 -9999 -9999 189.07401 187.56900 187.13699 188.35800 189.69299 187.98300 187.44800 191.21300 193.71001 192.49600 192.76900 194.23801 195.36600 -9999 -9999 -9999 -9999 -9999 -9999 194.17101 193.32401 190.20799 188.19600 187.36301 185.17300 186.28900 188.79500 192.98900 195.98900 199.93300 201.34500 203.34500 202.97501 200.36900 199.28000 197.75301 197.44200 198.03300 196.68401 196.35500 194.47301 189.62900 186.65700 182.53400 183.12500 197.18600 200.99001 202.46201 202.79601 202.52400 201.77499 200.85800 201.65500 203.17900 200.36000 205.77200 204.83299 203.80800 197.73599 202.39500
-9999 -9999 -9999 -9999 -9999 -9999 -9999 -9999 -9999 -9999 -9999 -9999 190.35800 191.00301 189.98500 197.03300 195.54900 195.88400 196.63800 -9999 -9999 -9999 -9999 -9999 -9999 -9999 -9999 -9999 -9999 -9999 -9999 -9999 -9999 190.34700 186.15900 190.74300 192.78400 200.44400 205.09801 205.27299 206.47600 208.37601 207.40300 204.04500 202.79601 201.06599 200.28000 202.40300 201.65700 200.32500 198.44400 189.41100 188.88300 189.83000 191.81500 200.76700 202.33600 203.18500 204.83099 205.42300 203.75200 202.06100 201.21001 203.87900 205.90900 206.94099 205.44501 206.43600 206.44400 212.71500
-9999 -9999 -9999 -9999 -9999 -9999 -9999 -9999 -9999 -9999 -9999 -9999 -9999 -9999 -9999 -9999 -9999 -9999 -9999 -9999 -9999 -9999 -9999 -9999 -9999 -9999 -9999 -9999 -9999 -9999 -9999 -9999 -9999 -9999 191.26601 193.02400 199.60201 203.29201 207.76100 209.23900 209.90100 209.75500 209.31000 207.69501 206.06700 203.80099 202.67500 205.22701 203.69299 202.52400 200.00500 191.78500 191.00301 192.17700 194.07001 204.26700 205.10500 202.71300 204.28300 206.03300 204.97000 202.49400 203.91200 206.50200 209.46300 208.42101 206.97600 207.19501 206.27200 213.53000
