data/hydroclimate-scenarios/BCSD_hadcm_A1B/monthly_summaries/olr_monthly_avg_apr.2030-2059.asc
ncols	311
nrows	91
xllcenter	102.75
yllcenter	31.75
cellsize	0.5
NODATA_value	-9999
[rows 0 to 30 of 91, columns 210 to 279 of 311]
-9999 -9999 -9999 -9999 -9999 -9999 -9999 -9999 -9999 -9999 -9999 -9999 -9999 -9999 -9999 -9999 -9999 -9999 -9999 -9999 -9999 -9999 -9999 -9999 -9999 -9999 -9999 -9999 -9999 -9999 -9999 -9999 -9999 -9999 -9999 -9999 -9999 -9999 -9999 -9999 -9999 -9999 -9999 -9999 -9999 -9999 -9999 -9999 -9999 -9999 -9999 -9999 -9999 -9999 -9999 -9999 -9999 -9999 -9999 -9999 -9999 -9999 -9999 -9999 -9999 -9999 -9999 -9999 -9999 -9999
-9999 -9999 -9999 -9999 -9999 -9999 -9999 -9999 -9999 -9999 -9999 -9999 -9999 -9999 -9999 -9999 -9999 -9999 -9999 -9999 -9999 -9999 -9999 -9999 -9999 -9999 -9999 -9999 -9999 -9999 -9999 -9999 -9999 -9999 -9999 -9999 -9999 -9999 -9999 -9999 -9999 -9999 -9999 -9999 -9999 -9999 -9999 -9999 -9999 -9999 -9999 -9999 -9999 -9999 -9999 -9999 -9999 -9999 -9999 -9999 -9999 -9999 -9999 -9999 -9999 -9999 -9999 -9999 -9999 -9999
-9999 -9999 -9999 -9999 -9999 -9999 -9999 -9999 -9999 -9999 -9999 -9999 -9999 -9999 -9999 -9999 -9999 -9999 -9999 -9999 -9999 -9999 -9999 -9999 -9999 -9999 -9999 -9999 -9999 -9999 -9999 -9999 -9999 -9999 -9999 -9999 -9999 -9999 -9999 -9999 -9999 -9999 -9999 -9999 -9999 -9999 -9999 -9999 -9999 -9999 -9999 -9999 -9999 -9999 -9999 -9999 -9999 -9999 -9999 -9999 -9999 -9999 -9999 -9999 -9999 -9999 -9999 -9999 -9999 -9999
-9999 -9999 -9999 -9999 -9999 -9999 -9999 -9999 -9999 -9999 -9999 -9999 -9999 -9999 -9999 -9999 -9999 -9999 -9999 -9999 -9999 -9999 -9999 -9999 -9999 -9999 -9999 -9999 -9999 -9999 -9999 -9999 -9999 -9999 -9999 -9999 -9999 -9999 -9999 -9999 -9999 -9999 -9999 -9999 -9999 -9999 -9999 -9999 -9999 -9999 -9999 -9999 -9999 -9999 -9999 -9999 -9999 -9999 -9999 -9999 -9999 -9999 -9999 -9999 -9999 -9999 -9999 -9999 -9999 -9999
-9999 -9999 -9999 -9999 -9999 -9999 -9999 -9999 -9999 -9999 -9999 -9999 -9999 -9999 -9999 -9999 -9999 -9999 -9999 -9999 -9999 -9999 -9999 -9999 -9999 -9999 -9999 -9999 -9999 -9999 -9999 -9999 -9999 -9999 -9999 -9999 -9999 -9999 -9999 -9999 -9999 -9999 -9999 -9999 -9999 -9999 -9999 -9999 -9999 -9999 -9999 -9999 -9999 -9999 -9999 -9999 -9999 -9999 -9999 -9999 -9999 -9999 -9999 -9999 -9999 -9999 -9999 -9999 -9999 -9999
-9999 -9999 -9999 -9999 -9999 -9999 -9999 -9999 -9999 -9999 -9999 -9999 -9999 -9999 -9999 -9999 -9999 -9999 -9999 -9999 -9999 -9999 -9999 -9999 -9999 -9999 -9999 -9999 -9999 -9999 -9999 -9999 -9999 -9999 -9999 -9999 -9999 -9999 -9999 -9999 -9999 -9999 -9999 -9999 -9999 -9999 -9999 -9999 -9999 -9999 -9999 -9999 -9999 -9999 -9999 -9999 -9999 -9999 -9999 -9999 -9999 -9999 -9999 -9999 -9999 -9999 -9999 -9999 -9999 -9999
-9999 -9999 -9999 -9999 -9999 -9999 -9999 -9999 -9999 -9999 -9999 -9999 -9999 -9999 -9999 -9999 -9999 -9999 -9999 -9999 -9999 -9999 -9999 -9999 -9999 -9999 -9999 -9999 -9999 -9999 -9999 -9999 -9999 -9999 -9999 -9999 -9999 -9999 -9999 -9999 -9999 -9999 -9999 -9999 -9999 -9999 -9999 -9999 -9999 -9999 -9999 -9999 -9999 -9999 -9999 -9999 -9999 -9999 -9999 -9999 -9999 -9999 -9999 -9999 -9999 -9999 -9999 -9999 -9999 -9999
-9999 -9999 -9999 -9999 -9999 -9999 -9999 -9999 -9999 -9999 -9999 -9999 -9999 -9999 -9999 -9999 -9999 -9999 -9999 -9999 -9999 -9999 -9999 -9999 -9999 -9999 -9999 -9999 -9999 -9999 -9999 -9999 -9999 -9999 -9999 -9999 -9999 -9999 -9999 -9999 -9999 -9999 -9999 -9999 -9999 -9999 -9999 -9999 -9999 -9999 -9999 -9999 -9999 -9999 -9999 -9999 -9999 -9999 -9999 -9999 -9999 -9999 -9999 -9999 -9999 -9999 -9999 -9999 -9999 -9999
-9999 -9999 -9999 -9999 -9999 -9999 -9999 -9999 -9999 -9999 -9999 -9999 -9999 -9999 -9999 -9999 -9999 -9999 -9999 -9999 -9999 -9999 -9999 -9999 -9999 -9999 -9999 -9999 -9999 -9999 -9999 -9999 -9999 -9999 -9999 -9999 -9999 -9999 -9999 -9999 -9999 -9999 -9999 -9999 -9999 -9999 -9999 -9999 -9999 -9999 -9999 -9999 -9999 -9999 -9999 -9999 -9999 -9999 -9999 -9999 -9999 -9999 -9999 -9999 -9999 -9999 -9999 -9999 -9999 -9999
-9999 -9999 -9999 -9999 -9999 -9999 -9999 -9999 -9999 -9999 -9999 -9999 -9999 -9999 -9999 -9999 -9999 -9999 -9999 -9999 -9999 -9999 -9999 -9999 -9999 -9999 -9999 -9999 -9999 -9999 -9999 -9999 -9999 -9999 -9999 -9999 -9999 -9999 -9999 -9999 -9999 -9999 -9999 -9999 -9999 -9999 -9999 -9999 -9999 -9999 -9999 -9999 -9999 -9999 -9999 -9999 -9999 -9999 -9999 -9999 -9999 -9999 -9999 -9999 -9999 -9999 -9999 -9999 -9999 -9999
-9999 -9999 -9999 -9999 -9999 -9999 -9999 -9999 -9999 -9999 -9999 -9999 -9999 -9999 -9999 -9999 -9999 -9999 -9999 -9999 -9999 -9999 -9999 -9999 -9999 -9999 -9999 -9999 -9999 -9999 -9999 -9999 -9999 -9999 -9999 -9999 -9999 -9999 -9999 -9999 -9999 -9999 -9999 -9999 -9999 -9999 -9999 -9999 -9999 -9999 -9999 -9999 -9999 -9999 -9999 -9999 -9999 -9999 -9999 -9999 -9999 -9999 -9999 -9999 -9999 -9999 -9999 -9999 -9999 -9999
-9999 -9999 -9999 -9999 -9999 -9999 -9999 -9999 -9999 -9999 -9999 -9999 -9999 -9999 -9999 -9999 -9999 -9999 -9999 -9999 -9999 -9999 -9999 -9999 -9999 -9999 -9999 -9999 -9999 -9999 -9999 -9999 -9999 -9999 -9999 -9999 -9999 -9999 -9999 -9999 -9999 -9999 -9999 -9999 -9999 -9999 -9999 -9999 -9999 -9999 -9999 -9999 -9999 -9999 -9999 -9999 -9999 -9999 -9999 -9999 -9999 -9999 -9999 -9999 -9999 -9999 -9999 -9999 -9999 -9999
-9999 -9999 -9999 -9999 -9999 -9999 -9999 -9999 -9999 -9999 -9999 -9999 -9999 -9999 -9999 -9999 -9999 -9999 -9999 -9999 -9999 -9999 -9999 -9999 -9999 -9999 -9999 -9999 -9999 -9999 -9999 -9999 -9999 -9999 -9999 -9999 -9999 -9999 -9999 -9999 -9999 -9999 -9999 -9999 -9999 -9999 -9999 -9999 -9999 -9999 -9999 -9999 -9999 -9999 -9999 -9999 -9999 -9999 -9999 -9999 -9999 -9999 -9999 -9999 -9999 -9999 -9999 -9999 -9999 -9999
198.01199 199.04300 198.68600 198.28900 198.53000 198.36400 197.96800 200.89200 201.81599 -9999 -9999 -9999 -9999 -9999 -9999 -9999 -9999 -9999 -9999 -9999 -9999 -9999 -9999 -9999 -9999 -9999 -9999 -9999 -9999 -9999 -9999 -9999 -9999 -9999 -9999 -9999 -9999 -9999 -9999 -9999 -9999 -9999 -9999 -9999 -9999 -9999 -9999 -9999 -9999 -9999 204.05600 -9999 -9999 -9999 -9999 -9999 -9999 -9999 -9999 -9999 -9999 -9999 -9999 -9999 -9999 -9999 -9999 -9999 -9999 -9999
198.95700 197.54300 196.87700 198.45100 199.68700 200.20000 201.05901 201.34000 202.72000 214.05200 214.83099 215.91600 213.89000 201.37601 201.05400 201.05600 211.58600 210.58099 210.83600 211.12199 210.72701 233.71100 -9999 -9999 -9999 -9999 -9999 -9999 -9999 -9999 -9999 -9999 -9999 -9999 -9999 -9999 -9999 -9999 -9999 -9999 -9999 -9999 -9999 -9999 -9999 199.65401 203.08299 201.44800 197.70000 196.38699 199.23399 206.63800 -9999 -9999 -9999 207.96800 -9999 -9999 -9999 209.41901 209.34200 208.97301 -9999 -9999 -9999 -9999 -9999 -9999 -9999 -9999
200.78600 198.46800 197.85201 199.16800 200.24800 203.33501 205.04300 206.02901 207.95200 207.10899 207.77200 206.86501 205.92200 205.48199 202.48599 202.85800 201.36301 199.54401 203.71899 206.28300 208.52600 209.15800 206.24001 204.55901 199.38100 203.24899 205.37601 203.15500 -9999 -9999 -9999 -9999 -9999 204.91901 204.61099 204.08200 204.10600 204.46300 204.70500 205.11000 206.15100 207.12100 207.93600 207.89301 208.36200 198.19400 199.08000 197.42000 198.24300 196.15700 196.21899 207.11099 206.94299 208.46600 208.48599 208.98599 210.20599 211.15401 210.56400 208.79401 206.78000 203.40601 203.76900 204.86400 205.24400 205.90401 206.10800 -9999 -9999 -9999
202.58299 202.91400 204.26900 207.12601 208.64400 211.10100 210.76500 213.57201 208.01500 205.91000 204.38901 204.19901 204.54100 202.42500 201.79201 204.00700 201.85899 203.24200 206.93600 212.65300 217.06200 214.15199 213.01401 208.73801 202.89799 207.25301 203.01401 203.03900 204.62601 204.68201 205.94400 206.79601 207.39600 207.51500 207.67999 207.02299 206.59100 205.86099 206.58501 207.09700 207.51601 206.84801 207.57899 209.77901 209.72501 209.99800 209.78900 209.68500 210.12700 207.31900 207.52901 207.86000 207.97800 208.98900 209.38200 209.28999 210.19701 210.64101 211.26300 210.35201 210.60100 210.70700 210.49001 211.23300 210.02699 206.16200 202.74001 202.77200 202.21500 202.64700
205.97301 206.46400 204.70300 205.49001 205.91400 208.28999 204.89000 207.40500 206.69000 210.46400 215.10699 215.18401 214.52600 217.39200 218.73000 218.50200 223.18700 226.47200 228.05000 227.53500 228.68600 227.28300 236.78400 230.84200 226.98500 215.58900 213.48399 208.83800 207.65401 203.59100 202.53300 202.67799 202.89600 206.33200 210.49899 210.91400 210.39000 209.70900 209.22900 210.25400 210.39600 209.31000 209.71100 212.02200 211.85500 212.78700 213.49300 213.70300 213.30099 210.02200 210.42599 210.47301 210.43201 211.45599 211.98801 212.03400 212.02901 212.68900 213.06300 212.42999 212.08000 211.69200 211.98100 212.63499 211.27299 206.69000 204.67300 205.99300 204.45500 203.97701
220.95799 213.80701 214.47000 215.80800 214.69600 216.62399 215.24300 210.76401 215.30099 221.23000 223.49200 226.98900 228.65800 226.63600 229.42000 236.97099 239.11800 237.98900 237.64999 246.29401 247.28799 233.45700 227.84500 227.15401 221.93900 222.15601 221.06700 213.19600 210.58800 209.57899 203.94901 202.41200 201.70399 208.04700 214.28500 214.17000 214.39799 214.27800 213.92599 213.42799 213.22900 215.68201 215.20700 215.69501 215.02600 215.25999 214.81799 214.26601 214.35100 214.45300 214.89301 213.77800 213.66200 214.18600 213.56400 213.41000 213.78300 214.79700 215.30299 215.48000 214.84599 213.67999 212.78200 212.70100 211.04401 209.48100 209.16600 207.78600 206.25200 205.45399
227.41499 225.87601 225.06500 226.76601 225.41200 225.69400 225.10400 227.41701 229.82300 232.62500 233.50101 244.27699 246.26401 249.90500 248.72099 249.38800 249.45599 252.36700 252.72600 250.42599 250.56900 251.54100 245.09100 231.26300 226.11700 223.03700 220.81000 214.14301 214.39301 217.40199 216.82700 214.39500 207.23399 213.81500 216.20300 218.37801 218.67101 218.65401 218.52800 218.38300 218.49500 219.13100 218.69000 218.93100 219.15401 216.97600 217.30299 217.02100 216.60300 217.91499 217.55200 216.55600 217.33299 217.54201 216.91701 217.29900 217.28900 218.09599 217.43100 217.25301 217.20700 215.50200 214.85100 214.14000 213.15900 214.27200 212.51801 210.53500 209.57100 208.40401
231.21800 234.01700 234.26601 234.51900 230.11099 228.01801 235.04800 240.62801 242.52400 244.59900 249.52200 251.90199 250.49001 250.77901 247.26700 244.30099 244.99300 244.18800 245.74600 247.63800 249.14400 249.12399 241.85600 231.10500 224.49001 223.92400 221.61400 217.34399 220.09000 219.94501 220.68401 218.46100 214.10899 213.92999 220.54700 222.81700 223.59599 222.74600 223.03400 223.95700 223.66800 223.02200 222.33900 221.68800 221.85001 221.75500 221.36000 220.82700 221.25999 220.50101 219.91800 220.11200 219.44200 218.79900 219.41200 219.56500 220.10001 219.87700 220.87900 220.13699 220.09000 220.12199 220.58200 220.24500 218.92599 216.50800 215.31300 212.53700 211.43800 210.61900
244.90300 245.49699 241.66800 237.19299 236.56799 238.67999 241.94800 241.98300 242.29700 243.53400 245.17599 245.35699 243.40900 249.04201 249.26801 244.79100 243.68600 245.88901 252.17200 254.42799 254.90300 253.99899 246.91600 232.67101 222.61000 217.97600 221.52100 220.97701 224.98199 224.65300 224.22099 222.61000 220.68900 216.70900 220.85100 224.44299 227.04201 227.07100 227.25700 228.10800 228.16299 227.04100 226.77901 226.00101 225.53700 225.79100 226.08701 225.45300 224.58600 224.22099 224.07899 224.03200 223.79201 222.96500 223.20799 224.59599 224.39000 224.69200 226.10201 225.54300 224.46100 222.25400 222.88300 223.50000 221.83800 219.69400 217.86600 215.73399 215.33600 213.18401
244.43900 245.27000 239.48700 241.41200 240.60500 241.03200 241.19099 245.79401 254.12399 258.71500 256.70999 257.16800 256.36200 250.28999 269.09500 265.45801 252.84000 247.53400 253.49500 258.30600 258.42001 251.53200 246.33400 237.42700 224.02100 220.85001 223.39301 220.47800 226.15700 224.17101 224.10600 228.04700 228.86800 226.77299 228.76401 227.76900 225.57800 225.63200 225.97400 224.53900 222.89200 226.62100 227.08701 226.23199 228.48801 229.88100 229.98399 230.15601 230.08400 227.96300 225.75000 225.90199 225.42700 225.43700 225.31900 226.66299 226.66901 225.78300 225.49800 225.17200 225.41200 225.50700 225.13300 223.06900 222.69501 221.23900 219.82300 217.59300 216.22501 214.39000
245.75900 247.80600 249.60001 250.74800 253.87801 255.71001 250.71700 253.36099 260.11899 265.10599 267.28400 260.82999 244.75301 244.34500 246.67900 249.28900 247.03999 247.62199 250.69400 255.79900 256.56400 252.12601 246.30800 240.25500 225.68500 227.66600 228.82600 224.74300 225.10500 224.53700 224.70900 226.30299 227.03101 227.00900 229.94400 227.06599 224.53500 221.04700 219.14700 216.54500 216.48900 220.79100 220.83299 217.37601 218.56799 223.06200 223.48399 226.24600 226.78500 230.36099 232.02400 231.82201 229.46400 230.11800 231.79700 230.90800 230.29800 230.22600 229.00600 229.68300 229.98500 228.09300 224.95700 224.23000 224.77299 222.35500 219.75000 218.39101 216.91400 217.48500
253.31599 250.66100 250.19701 248.48900 248.31300 249.79900 249.99600 254.49600 257.52399 256.06201 255.26500 257.75500 255.19901 264.98199 247.25500 248.06900 247.81300 247.81000 247.15100 244.70200 249.94901 242.90100 247.41400 246.29401 234.33900 227.56400 225.91901 225.38300 225.63800 220.32700 225.21100 225.25800 224.72600 222.20200 221.35500 221.06799 218.82300 218.22000 217.82401 215.72600 212.95799 214.92101 215.63800 213.14101 213.48900 214.35001 213.57700 214.30400 215.11400 217.83000 222.40700 229.80800 234.17300 233.86099 235.22600 234.56300 231.80901 231.72099 232.40401 231.50999 231.06599 231.55000 230.33501 228.76700 225.37801 222.74001 221.06900 223.51300 224.19600 221.99500
259.50800 258.21500 253.81300 251.08200 250.23900 251.72301 251.58501 252.42300 252.54201 252.36800 252.86700 255.80499 257.71600 268.28400 267.26300 267.60400 266.51700 247.02600 250.58400 249.72200 245.24400 247.86501 244.31200 242.42999 244.03000 234.96001 237.19299 231.21700 229.50700 227.70900 227.82100 229.46300 231.87100 232.61099 232.62500 227.70599 227.64200 224.41000 223.22600 222.69701 219.67300 220.46100 219.19200 217.12199 215.85800 218.41000 217.74001 218.38300 218.14600 219.39200 223.75101 228.68900 231.99300 234.33299 236.61800 238.40300 233.86700 231.12000 234.23500 234.13000 233.36501 234.03200 232.98801 231.16800 228.26199 227.43500 226.36501 226.50101 224.65700 224.80600
254.30800 252.74100 252.09801 250.56000 248.38000 246.45399 244.39000 247.77499 242.36301 237.37300 237.53000 242.03900 248.04100 256.44101 252.66100 248.60800 254.17799 258.91199 260.43600 257.71600 251.35400 252.66400 245.13600 245.28300 243.70399 241.09900 242.08299 239.13300 239.95000 242.95900 241.84599 245.06200 248.92101 248.15500 242.84100 241.50000 239.30000 239.69701 238.26801 229.93201 228.86000 224.88300 223.22501 225.70300 225.67000 220.93300 220.79700 220.37700 223.56400 223.66701 221.56799 225.75200 230.69701 232.97900 236.29300 238.03999 239.28999 239.52901 236.02100 236.97900 237.18100 235.33299 235.04900 234.27100 231.54401 231.48399 229.33299 228.83299 229.37199 228.88000
252.53400 245.59300 234.74400 232.93800 234.02499 235.35100 238.33800 241.81900 243.48900 243.58299 241.79500 242.54800 241.55200 248.63100 241.16100 234.95000 238.90800 245.65700 251.01401 252.76700 252.71300 256.18301 250.51100 248.22501 248.44600 244.11501 246.88699 240.90700 243.05200 244.72701 247.33200 250.71600 252.38100 247.43401 244.81100 242.55200 243.84300 236.96700 235.05400 235.29700 234.58701 228.64900 226.65500 230.06500 227.85300 223.36301 225.72501 225.32201 224.11000 220.95100 222.33600 228.98500 232.45100 232.67900 233.57700 236.00900 239.16600 243.21899 239.68401 239.38000 239.60800 238.60699 237.59399 236.89400 235.19501 236.25800 235.36600 234.15401 232.79401 232.24300
239.66000 235.31100 227.92999 239.32700 251.09200 250.99100 247.25900 246.72400 243.34300 241.74899 245.73100 245.41200 245.18401 250.60400 250.73900 250.37300 251.03300 251.33800 251.55000 259.54800 264.54999 263.12201 259.51501 256.18900 251.28600 247.13800 248.19400 241.60899 240.31500 244.74100 247.18100 248.59300 251.31200 255.43600 252.28900 250.29800 244.42799 238.95000 239.31000 239.07700 236.06700 232.62100 233.61000 230.83501 229.81200 227.54300 227.98000 226.30499 225.52200 223.57700 221.04201 223.99400 223.61700 227.35800 228.71600 237.21899 242.00301 244.57500 247.20000 243.23599 242.59399 244.14200 243.00500 242.52699 241.65100 240.97701 239.77600 237.41499 236.15199 236.02499
247.80701 259.09799 258.10800 258.87100 263.13501 257.44800 246.89000 240.45300 239.33701 238.03999 238.38699 244.70900 247.49800 256.44101 260.04300 256.75699 243.20799 240.64101 242.89600 247.90199 254.38100 252.66400 251.28200 257.72501 258.24301 256.47198 251.25101 249.90300 247.66800 242.99200 241.52499 246.23300 251.99300 254.31100 251.25301 252.30800 239.31700 237.84100 239.64200 243.80000 240.57600 237.99600 238.26199 237.62601 235.06500 233.93300 227.34300 230.56400 228.07800 228.45599 228.21400 225.85201 225.48599 227.54201 231.15500 236.58501 240.38699 244.87601 251.03400 248.70700 247.23100 247.81400 246.19299 242.54201 238.31900 236.86700 236.28300 235.92599 237.12700 239.40500
245.39301 252.66200 261.23099 264.12399 264.57101 263.26300 258.17899 252.09000 248.43201 246.64000 243.46300 244.33600 247.48399 250.01401 253.48500 259.33301 258.01901 242.58400 237.08900 239.63901 247.09000 245.65401 247.18100 246.73199 247.98700 249.80901 246.12900 244.02800 242.99100 245.68401 250.73000 244.71800 248.32001 250.98100 251.62900 252.74001 244.02600 241.32300 241.08501 241.14900 241.83000 243.70100 244.00900 239.48500 237.41000 239.06900 234.37399 234.39101 235.73000 232.68500 232.10001 233.88000 237.83900 236.91800 237.34801 235.45799 238.99899 239.28900 246.14799 249.63699 247.94501 253.04100 252.77901 250.17700 248.21300 243.19400 242.21800 242.75800 242.38600 241.69501
