data/hydroclimate-scenarios/BCSD_hadcm_A1B/monthly_summaries/olr_monthly_avg_oct.2030-2059.asc
ncols	311
nrows	91
xllcenter	102.75
yllcenter	31.75
cellsize	0.5
NODATA_value	-9999
[rows 0 to 30 of 91, columns 70 to 139 of 311]
-9999 -9999 -9999 -9999 -9999 -9999 -9999 -9999 -9999 -9999 -9999 -9999 -9999 -9999 -9999 -9999 -9999 -9999 -9999 -9999 -9999 -9999 -9999 -9999 -9999 -9999 -9999 -9999 -9999 -9999 -9999 -9999 -9999 -9999 -9999 -9999 -9999 -9999 -9999 -9999 -9999 -9999 -9999 -9999 -9999 -9999 -9999 -9999 -9999 -9999 -9999 -9999 -9999 -9999 -9999 -9999 -9999 -9999 -9999 -9999 -9999 -9999 -9999 -9999 -9999 -9999 -9999 -9999 -9999 -9999
-9999 -9999 -9999 -9999 -9999 -9999 -9999 -9999 -9999 -9999 -9999 -9999 -9999 -9999 -9999 -9999 -9999 -9999 -9999 -9999 -9999 -9999 -9999 -9999 -9999 -9999 -9999 -9999 -9999 -9999 -9999 -9999 -9999 -9999 -9999 -9999 -9999 -9999 -9999 -9999 -9999 -9999 -9999 -9999 -9999 -9999 -9999 -9999 -9999 -9999 -9999 -9999 -9999 -9999 -9999 -9999 -9999 -9999 -9999 -9999 -9999 -9999 -9999 -9999 -9999 -9999 -9999 -9999 -9999 -9999
-9999 -9999 -9999 -9999 -9999 -9999 -9999 -9999 -9999 -9999 -9999 -9999 -9999 -9999 -9999 -9999 -9999 -9999 -9999 -9999 -9999 -9999 -9999 -9999 -9999 -9999 -9999 -9999 -9999 -9999 -9999 -9999 -9999 -9999 -9999 -9999 -9999 -9999 -9999 -9999 -9999 -9999 -9999 -9999 -9999 -9999 -9999 -9999 -9999 -9999 -9999 -9999 -9999 -9999 -9999 -9999 -9999 -9999 -9999 -9999 -9999 -9999 -9999 -9999 -9999 -9999 -9999 -9999 -9999 -9999
-9999 -9999 -9999 -9999 -9999 -9999 -9999 -9999 -9999 -9999 -9999 -9999 -9999 -9999 -9999 -9999 -9999 -9999 -9999 -9999 -9999 -9999 -9999 -9999 -9999 -9999 -9999 -9999 -9999 -9999 -9999 -9999 -9999 -9999 -9999 -9999 -9999 -9999 -9999 -9999 -9999 -9999 -9999 -9999 -9999 -9999 -9999 -9999 -9999 -9999 -9999 -9999 -9999 -9999 -9999 -9999 -9999 -9999 -9999 -9999 -9999 -9999 -9999 -9999 -9999 -9999 -9999 -9999 -9999 -9999
-9999 -9999 -9999 -9999 -9999 -9999 -9999 -9999 -9999 -9999 -9999 -9999 -9999 -9999 -9999 -9999 -9999 -9999 -9999 -9999 -9999 -9999 -9999 -9999 -9999 -9999 -9999 -9999 -9999 -9999 -9999 -9999 -9999 -9999 -9999 -9999 -9999 -9999 -9999 -9999 -9999 -9999 -9999 -9999 -9999 -9999 -9999 -9999 -9999 -9999 -9999 -9999 -9999 -9999 -9999 -9999 -9999 -9999 -9999 -9999 -9999 -9999 -9999 -9999 -9999 -9999 -9999 -9999 -9999 -9999
-9999 -9999 -9999 -9999 -9999 -9999 -9999 -9999 -9999 -9999 -9999 -9999 -9999 -9999 -9999 -9999 -9999 -9999 -9999 -9999 -9999 -9999 -9999 -9999 -9999 -9999 -9999 -9999 -9999 -9999 -9999 -9999 -9999 -9999 -9999 -9999 -9999 -9999 -9999 -9999 -9999 -9999 -9999 -9999 -9999 -9999 -9999 -9999 -9999 -9999 -9999 -9999 -9999 -9999 -9999 -9999 -9999 -9999 -9999 -9999 -9999 -9999 -9999 -9999 -9999 -9999 -9999 -9999 -9999 -9999
-9999 -9999 -9999 -9999 -9999 -9999 -9999 -9999 -9999 -9999 -9999 -9999 -9999 -9999 -9999 -9999 -9999 -9999 -9999 -9999 -9999 -9999 -9999 -9999 -9999 -9999 -9999 -9999 -9999 -9999 -9999 -9999 -9999 -9999 -9999 -9999 -9999 -9999 -9999 -9999 -9999 -9999 -9999 -9999 -9999 -9999 -9999 -9999 -9999 -9999 -9999 -9999 -9999 -9999 -9999 -9999 -9999 -9999 -9999 -9999 -9999 -9999 -9999 -9999 -9999 -9999 -9999 -9999 -9999 -9999
-9999 -9999 -9999 -9999 -9999 -9999 -9999 -9999 -9999 -9999 -9999 -9999 -9999 -9999 -9999 -9999 -9999 -9999 -9999 -9999 -9999 -9999 -9999 -9999 -9999 -9999 -9999 -9999 -9999 -9999 -9999 -9999 -9999 -9999 -9999 -9999 -9999 -9999 -9999 -9999 -9999 -9999 -9999 -9999 -9999 -9999 -9999 -9999 -9999 -9999 -9999 -9999 -9999 -9999 -9999 -9999 -9999 -9999 -9999 -9999 -9999 -9999 -9999 -9999 -9999 -9999 -9999 -9999 -9999 -9999
-9999 -9999 -9999 -9999 -9999 -9999 -9999 207.08800 -9999 -9999 -9999 -9999 -9999 -9999 -9999 -9999 -9999 -9999 -9999 -9999 -9999 -9999 -9999 -9999 -9999 -9999 -9999 -9999 -9999 -9999 -9999 -9999 -9999 -9999 -9999 -9999 -9999 -9999 -9999 -9999 -9999 -9999 -9999 -9999 -9999 -9999 -9999 -9999 -9999 -9999 -9999 -9999 -9999 -9999 -9999 -9999 -9999 -9999 -9999 -9999 -9999 -9999 -9999 -9999 -9999 -9999 -9999 -9999 -9999 -9999
-9999 -9999 -9999 222.93600 209.25400 207.69400 207.47200 208.33701 209.02600 209.64200 210.54601 211.96700 212.71700 215.07401 215.47900 216.80600 217.25400 217.71500 218.36400 217.80901 218.39500 218.09599 218.71600 -9999 -9999 -9999 -9999 -9999 -9999 -9999 -9999 -9999 -9999 -9999 -9999 -9999 -9999 -9999 -9999 -9999 -9999 -9999 -9999 -9999 -9999 -9999 -9999 -9999 -9999 -9999 -9999 -9999 -9999 -9999 -9999 -9999 -9999 -9999 -9999 -9999 -9999 -9999 -9999 -9999 -9999 -9999 -9999 -9999 -9999 -9999
-9999 -9999 -9999 -9999 -9999 210.36000 210.79300 211.39600 211.79500 212.81000 213.71500 214.84900 215.32100 216.43401 216.92400 218.04201 218.57500 219.77200 220.22701 220.36000 220.75999 221.11301 220.94200 -9999 -9999 -9999 -9999 -9999 -9999 -9999 -9999 -9999 -9999 -9999 -9999 -9999 -9999 -9999 -9999 -9999 -9999 -9999 -9999 -9999 -9999 -9999 -9999 -9999 -9999 -9999 -9999 -9999 -9999 -9999 -9999 -9999 -9999 -9999 -9999 -9999 -9999 -9999 -9999 -9999 -9999 -9999 -9999 -9999 -9999 -9999
213.66800 213.27299 212.60699 212.73900 213.23399 213.52600 214.03000 213.89400 214.60400 216.31700 216.68600 217.96400 218.23399 219.32401 220.17200 220.66499 221.38300 222.34700 223.15800 223.92101 224.55800 224.26801 224.53300 223.53999 223.35400 223.57600 223.98700 224.17900 224.72099 -9999 -9999 -9999 -9999 -9999 -9999 -9999 -9999 -9999 -9999 -9999 -9999 -9999 -9999 -9999 -9999 -9999 -9999 -9999 -9999 -9999 -9999 -9999 -9999 -9999 -9999 -9999 -9999 -9999 -9999 -9999 -9999 -9999 -9999 -9999 -9999 -9999 -9999 -9999 -9999 -9999
214.77000 215.32300 215.12601 214.60201 214.98300 216.57700 216.94701 217.52600 217.96700 218.91800 219.72800 220.51401 221.59500 221.66100 222.39200 223.50301 224.19400 225.65100 226.39999 226.68700 228.06799 228.39700 227.29700 225.96001 227.18100 227.56000 227.26401 227.26401 227.71100 228.59801 229.08299 229.45799 230.09599 229.52699 229.49800 227.97701 228.35800 228.88100 229.53200 229.53300 228.89301 227.22099 226.71899 225.97900 -9999 -9999 -9999 -9999 -9999 -9999 -9999 -9999 -9999 -9999 -9999 -9999 -9999 -9999 -9999 -9999 -9999 -9999 -9999 -9999 -9999 -9999 -9999 -9999 -9999 -9999
216.41299 217.40700 216.50200 217.02299 216.78600 216.74100 217.89200 219.53500 220.71201 221.40601 222.01100 223.37700 223.96800 224.60600 225.36800 226.78400 227.23300 228.70200 229.47099 229.89900 230.46201 230.28400 227.54601 227.59200 227.61301 228.00400 229.22000 229.77299 229.94400 229.51700 228.67900 230.45000 230.63300 230.17700 230.76100 229.28300 229.56599 230.12100 231.15500 230.79401 230.71500 228.76700 227.23399 226.75000 226.58200 -9999 -9999 -9999 -9999 -9999 -9999 -9999 -9999 -9999 -9999 -9999 -9999 -9999 -9999 -9999 -9999 -9999 -9999 -9999 -9999 -9999 -9999 -9999 -9999 -9999
210.63699 210.28500 210.31000 212.07300 208.75101 212.87399 214.10100 214.71201 216.30299 217.55000 220.31599 220.80400 222.55200 224.53000 226.30200 227.55800 228.43700 229.71100 230.53999 231.77901 231.68700 231.46500 231.17500 230.41499 230.61099 230.38600 228.44099 229.34700 231.10201 230.57600 229.53700 231.33099 232.03600 232.19600 232.20599 231.66100 231.73900 231.22800 231.30600 231.13699 231.60500 231.54300 229.91200 228.51199 228.12900 -9999 -9999 -9999 -9999 -9999 -9999 -9999 -9999 -9999 -9999 -9999 -9999 -9999 -9999 -9999 225.52600 225.41200 -9999 -9999 -9999 -9999 222.93201 220.23399 217.81200 222.51500
211.02200 211.07300 210.58200 211.33200 209.10100 213.74200 217.01199 217.24800 215.84599 216.52299 217.22900 222.14200 223.22701 224.48500 224.94701 226.05099 228.18500 228.76500 230.65401 231.14600 232.10699 232.28600 231.26100 230.82300 232.94800 232.15100 231.76199 231.09700 231.08200 231.10001 231.12700 232.52800 232.56400 232.49200 232.91200 232.38400 232.53900 232.43600 231.99600 232.30299 232.62801 232.56599 232.05200 231.21400 230.32401 230.23500 229.74600 229.25000 228.16701 222.99001 221.49001 222.13300 220.86301 220.82100 222.22301 221.54500 220.87500 226.58200 227.49001 227.11099 226.90401 228.19400 -9999 -9999 -9999 -9999 -9999 227.05099 224.92900 226.25400
206.65700 205.06100 210.99100 209.60100 205.85600 211.49600 216.00101 215.61800 217.24600 219.71899 222.71700 224.78000 224.52000 225.47900 226.00101 227.82201 228.18500 229.40100 229.93401 230.58701 230.83600 234.17400 234.50800 234.34300 234.02200 232.36600 232.38400 231.48700 231.46100 231.58900 231.25400 232.13000 232.42599 232.93100 232.83299 234.06599 234.61800 234.62100 235.09399 235.28999 235.36301 235.31799 234.90700 233.35100 233.39900 231.93300 231.02499 231.49600 230.50700 226.10201 224.14000 226.34900 227.85699 225.91600 221.00301 217.40100 222.59801 220.79700 220.40199 221.23199 223.80600 225.83099 225.07800 228.13300 231.54401 231.33800 230.91600 231.15700 231.27299 231.47800
210.21100 203.97600 195.33701 212.29601 204.90100 205.45599 209.52000 211.77400 212.24800 221.79500 224.06799 224.66200 224.89900 225.57401 226.10001 227.86000 228.70799 229.49400 230.44400 230.68900 228.82201 231.42300 234.17400 233.89301 234.37000 232.71201 232.65900 231.74200 231.39700 231.51100 232.16200 232.56900 232.55400 232.97400 233.55499 234.41499 234.97400 235.10600 235.73199 236.69600 236.89600 236.73801 236.05701 235.23399 235.62000 234.77600 234.70100 234.45500 234.87900 233.31599 232.12801 230.10100 231.60001 229.30200 229.10500 226.11000 221.36800 220.86099 222.14400 221.74600 221.01500 223.86200 220.35201 224.23300 230.20599 231.56500 233.21001 234.17700 234.30800 234.22501
201.99600 201.22301 197.35001 203.67000 215.58600 211.68900 216.01801 217.86099 213.66701 218.00999 221.37100 223.36501 225.15100 225.96700 226.84100 228.28900 229.12199 231.20100 231.35500 233.14500 227.68100 228.54800 231.31799 231.21500 233.69600 232.51700 232.78300 232.41499 232.33501 232.08600 231.86200 231.39799 231.68600 232.33600 233.25700 233.76801 234.85201 237.51500 237.76199 238.28000 237.69701 235.24500 236.48100 232.73599 231.92999 233.24500 236.36099 237.89600 238.78900 239.51500 237.06900 234.01700 233.69099 232.31300 231.39000 231.27100 232.02499 232.07001 227.44200 225.59300 223.64600 221.92999 219.99300 218.48100 224.12601 227.44000 229.32001 230.69299 232.51100 232.13100
212.25301 204.81400 200.51700 200.37700 201.33501 208.37601 216.34599 216.88901 212.92400 213.05901 218.78999 210.82899 213.04201 216.67999 222.56599 226.37500 228.21201 230.86200 231.80200 233.41800 230.62500 228.89101 231.56799 231.84200 233.61200 232.75999 233.00999 233.03700 232.27600 232.22800 232.60201 231.62199 231.20300 230.92999 232.87300 234.02600 232.45500 235.83501 236.13499 236.74600 235.14900 232.86099 235.30299 237.68401 237.08200 232.80499 233.53300 236.38000 237.50999 240.57600 237.44501 235.28200 235.16800 234.49800 235.31599 232.03799 228.88300 227.87000 223.89799 227.05600 229.53300 228.16000 228.56100 227.29601 223.91100 221.86400 227.34801 225.51900 229.12199 232.21600
211.04201 206.39000 203.53600 199.99400 197.44400 196.20000 207.37500 212.91499 215.20300 215.42200 218.04800 213.68600 206.00000 201.52600 199.05400 210.34801 218.23000 225.64400 230.29300 234.05901 234.82201 234.22400 234.97000 233.32100 234.37900 233.01801 233.06900 232.79100 232.71001 231.94800 230.60300 230.72501 229.94501 230.20000 231.01900 234.41600 232.94701 234.45700 232.58000 236.65601 238.26401 233.76401 233.99800 236.34000 237.14200 235.33400 237.10400 236.69299 237.71201 240.40401 241.28700 241.72501 240.27800 238.31500 237.10800 236.54500 235.23599 231.17101 228.04201 229.69600 224.31900 225.15900 227.22701 227.78200 229.64400 231.37500 231.88600 230.38400 230.30800 233.41200
203.65601 199.36700 200.38901 195.89700 195.14000 196.77100 198.35201 198.94200 202.43700 207.53101 213.90500 219.21700 215.49100 211.33900 207.98700 204.75400 205.52200 209.52800 213.44701 222.78300 226.65300 230.62000 233.06400 233.12500 233.52100 233.42999 233.39999 232.99699 232.17900 229.14700 227.62900 230.73000 224.22200 224.90900 226.08000 228.63600 229.47200 232.32300 232.13901 235.73399 235.90199 233.14600 233.75600 237.54500 234.44501 235.48900 234.58099 233.41901 234.48199 237.55299 237.62000 234.57700 233.66901 231.29800 230.60500 231.88400 231.88600 227.80400 231.89799 230.91299 225.86301 228.27100 228.45200 228.89700 233.10800 232.71300 232.93600 229.64999 232.91600 235.77600
211.20200 204.06500 199.81900 196.92599 198.64400 197.29201 195.87000 198.09300 201.25101 201.66299 207.56599 209.48700 208.96201 210.17000 213.66600 214.40100 214.72600 215.12199 211.03101 211.55800 214.79800 217.18401 220.99699 226.96800 231.38600 233.54201 233.91901 233.26801 230.17799 227.47701 227.89101 228.18100 227.80000 224.78400 227.94200 227.08299 234.02400 235.16701 234.57600 231.78799 234.73801 237.92999 240.87500 237.82600 236.14799 230.91499 230.50101 230.31400 231.70700 232.34700 228.96500 227.48801 229.53600 227.11099 223.88400 226.94299 224.00101 230.64900 227.49699 231.11900 233.80499 232.96100 234.85600 233.52000 234.26199 230.56700 234.14700 237.70900 239.34100 239.23100
208.78799 205.90700 205.50600 205.32401 205.30901 201.01900 197.69400 198.23900 198.06500 199.28400 204.11200 210.63400 199.62000 201.81599 206.88800 202.07899 199.11501 203.70000 223.57401 215.31799 206.83099 207.77400 212.11800 217.43401 231.58299 234.04201 234.16100 233.85100 230.81000 228.46500 228.84300 227.73700 228.07800 228.79700 229.48199 236.21500 235.45900 234.87199 236.04500 234.82401 234.17900 231.89000 236.50200 235.33701 233.92101 239.07201 239.13901 236.20100 233.17999 230.69400 229.71899 228.53900 231.29800 231.50800 230.47301 227.87199 226.43300 229.70300 228.79601 234.61800 235.61700 238.73199 238.97800 235.70700 233.53700 237.73399 240.26601 241.34801 242.74800 243.36501
210.33501 207.75101 208.34100 207.52901 208.16299 206.60699 205.58501 205.55901 203.20000 203.62900 203.14600 204.91200 204.17400 205.01300 208.94400 204.51900 203.96001 201.85699 207.10899 214.32600 218.69000 215.06799 215.30701 218.77800 221.75200 228.72600 233.52600 234.10600 233.09801 231.21100 232.22900 229.82899 231.71100 234.38000 233.58400 234.38400 236.07001 237.29700 237.30901 237.46800 235.59599 232.29601 232.97600 231.73199 232.79601 240.13000 241.38400 237.96800 235.99100 233.13400 229.54601 228.57800 232.99899 235.47000 230.34200 232.77299 234.01500 234.85300 237.06200 231.87000 235.51199 237.92101 240.38000 239.83701 243.08701 242.65401 242.35300 242.79800 242.25400 239.90601
211.31900 208.42700 207.85899 205.52800 205.61400 206.85001 209.50101 209.34801 209.15800 208.69800 209.01500 204.62199 201.37900 204.47400 209.97099 211.92101 209.64200 210.20599 210.23100 207.24400 211.10699 214.71300 221.44800 225.18700 224.31200 222.74600 225.47400 231.46300 231.32001 229.92400 228.08400 230.46600 230.91499 237.26601 236.51100 235.58501 233.27100 235.25600 231.35100 236.69200 231.41400 226.83299 232.05800 232.08900 227.96800 230.92799 237.06599 236.43500 236.65900 237.34399 234.46800 232.69501 238.62801 241.86400 243.06799 243.77901 242.77000 241.53300 238.53101 240.16200 237.25200 242.03999 241.60899 241.85201 242.52299 242.54601 244.14900 245.23199 245.19099 243.60300
214.07001 208.11400 205.67700 202.59599 201.75700 205.80299 206.67700 208.50301 208.80200 210.60001 206.67300 206.15401 204.92000 200.75400 206.11200 212.98100 215.49800 212.05000 209.92599 207.41701 208.85699 212.79401 215.41200 217.49100 221.27600 222.80400 225.92200 224.23599 226.94099 229.14500 227.43100 232.58800 230.72600 234.17200 228.31000 227.85500 233.95599 231.21001 226.36600 229.86700 232.22800 227.86600 226.93500 227.53300 231.31300 231.53799 233.42300 234.95500 234.75500 237.34900 235.39101 234.94400 235.13000 237.73500 237.16100 237.97701 239.10201 240.44800 244.36200 246.71300 248.43201 248.96500 246.73399 244.87399 244.50500 244.32600 244.93900 246.14700 245.54900 241.47000
217.85400 215.00800 212.16901 203.81900 202.94299 203.49500 209.37399 209.07401 212.17300 210.26300 211.53799 213.05000 212.65100 210.75800 206.97200 210.62500 212.81300 212.19901 216.20900 215.82600 218.14799 211.38300 217.84100 221.31799 223.94200 225.63100 223.37300 219.61099 223.84399 227.74899 230.20300 227.01801 231.25301 232.36600 228.63499 226.58800 233.00000 231.53500 229.76100 227.41200 229.07401 229.96300 229.66200 232.29601 232.40401 234.04100 233.75200 239.94400 238.69800 237.72501 238.25000 239.44600 238.91000 241.97301 245.00700 244.44600 247.48000 247.42400 248.09801 251.17000 251.47099 250.47800 248.86900 247.10899 245.56799 238.71300 241.21899 240.59200 241.91499 242.04700
219.49800 213.84399 214.52800 207.52800 203.83501 204.50400 200.49300 202.95900 209.27499 209.31900 209.76199 212.88300 211.27400 214.82899 213.74600 208.12900 213.29201 219.24400 221.87900 220.47600 221.97600 224.01700 219.95399 221.61200 226.52600 231.13200 233.98399 229.60400 230.13100 235.61800 233.33501 234.97900 235.18401 232.48599 231.55200 230.39400 230.89600 233.40401 231.20599 227.43900 226.02200 232.89700 234.69701 233.17400 239.67101 242.25400 244.75101 249.10899 252.43700 252.21800 253.92700 254.50101 254.74400 254.30499 252.47800 250.51199 250.40300 252.05200 254.78999 254.63300 253.87500 251.57201 250.30299 245.32201 239.13300 235.88400 238.07500 238.46500 240.20799 245.10100
222.39700 222.95399 218.80499 211.69701 211.82001 207.91000 206.26401 200.03000 204.42599 209.08000 206.77200 205.91000 208.89101 213.19400 210.98900 212.35800 217.32201 218.30499 220.97099 225.36301 226.41100 225.54401 223.03300 218.99899 227.13000 233.72301 235.06000 228.92500 230.61099 231.48199 228.79900 234.28900 237.05000 233.21600 232.28000 231.06400 233.51401 233.31700 234.92700 231.32300 231.59599 237.02299 244.19901 241.89301 246.88800 253.92599 254.30400 253.49001 253.72301 250.05000 253.54300 -9999 -9999 257.50201 257.72601 259.17999 254.84000 255.91600 256.26199 255.24100 252.04401 250.48900 244.34000 239.08299 234.41299 235.21600 233.24699 232.78400 232.89301 243.72099
217.51601 215.52800 219.69400 216.71800 213.35400 212.77901 213.85699 207.39301 213.55400 210.17200 207.72800 206.41600 210.81300 210.29601 211.27200 216.22600 220.02000 217.59399 222.49899 227.17799 224.52901 226.94901 230.06700 230.80099 229.67300 224.76801 229.79900 229.40401 232.63100 231.30400 232.47000 231.05099 237.69600 235.31500 232.37300 232.15199 232.68500 232.96400 241.47099 248.88000 -9999 -9999 -9999 -9999 256.58499 -9999 249.40199 241.94501 247.97501 249.57700 257.03400 -9999 -9999 254.25301 255.58299 257.37500 256.88901 259.30701 256.27899 252.84700 249.04601 246.42700 243.57100 240.12100 238.88800 242.14500 230.89799 230.82800 234.36700 246.53500
