data/hydroclimate-scenarios/BCSD_hadcm_A1B/monthly_summaries/olr_monthly_avg_may.2030-2059.asc
ncols	311
nrows	91
xllcenter	102.75
yllcenter	31.75
cellsize	0.5
NODATA_value	-9999
[rows 0 to 30 of 91, columns 70 to 139 of 311]
-9999 -9999 -9999 -9999 -9999 -9999 -9999 -9999 -9999 -9999 -9999 -9999 -9999 -9999 -9999 -9999 -9999 -9999 -9999 -9999 -9999 -9999 -9999 -9999 -9999 -9999 -9999 -9999 -9999 -9999 -9999 -9999 -9999 -9999 -9999 -9999 -9999 -9999 -9999 -9999 -9999 -9999 -9999 -9999 -9999 -9999 -9999 -9999 -9999 -9999 -9999 -9999 -9999 -9999 -9999 -9999 -9999 -9999 -9999 -9999 -9999 -9999 -9999 -9999 -9999 -9999 -9999 -9999 -9999 -9999
-9999 -9999 -9999 -9999 -9999 -9999 -9999 -9999 -9999 -9999 -9999 -9999 -9999 -9999 -9999 -9999 -9999 -9999 -9999 -9999 -9999 -9999 -9999 -9999 -9999 -9999 -9999 -9999 -9999 -9999 -9999 -9999 -9999 -9999 -9999 -9999 -9999 -9999 -9999 -9999 -9999 -9999 -9999 -9999 -9999 -9999 -9999 -9999 -9999 -9999 -9999 -9999 -9999 -9999 -9999 -9999 -9999 -9999 -9999 -9999 -9999 -9999 -9999 -9999 -9999 -9999 -9999 -9999 -9999 -9999
-9999 -9999 -9999 -9999 -9999 -9999 -9999 -9999 -9999 -9999 -9999 -9999 -9999 -9999 -9999 -9999 -9999 -9999 -9999 -9999 -9999 -9999 -9999 -9999 -9999 -9999 -9999 -9999 -9999 -9999 -9999 -9999 -9999 -9999 -9999 -9999 -9999 -9999 -9999 -9999 -9999 -9999 -9999 -9999 -9999 -9999 -9999 -9999 -9999 -9999 -9999 -9999 -9999 -9999 -9999 -9999 -9999 -9999 -9999 -9999 -9999 -9999 -9999 -9999 -9999 -9999 -9999 -9999 -9999 -9999
-9999 -9999 -9999 -9999 -9999 -9999 -9999 -9999 -9999 -9999 -9999 -9999 -9999 -9999 -9999 -9999 -9999 -9999 -9999 -9999 -9999 -9999 -9999 -9999 -9999 -9999 -9999 -9999 -9999 -9999 -9999 -9999 -9999 -9999 -9999 -9999 -9999 -9999 -9999 -9999 -9999 -9999 -9999 -9999 -9999 -9999 -9999 -9999 -9999 -9999 -9999 -9999 -9999 -9999 -9999 -9999 -9999 -9999 -9999 -9999 -9999 -9999 -9999 -9999 -9999 -9999 -9999 -9999 -9999 -9999
-9999 -9999 -9999 -9999 -9999 -9999 -9999 -9999 -9999 -9999 -9999 -9999 -9999 -9999 -9999 -9999 -9999 -9999 -9999 -9999 -9999 -9999 -9999 -9999 -9999 -9999 -9999 -9999 -9999 -9999 -9999 -9999 -9999 -9999 -9999 -9999 -9999 -9999 -9999 -9999 -9999 -9999 -9999 -9999 -9999 -9999 -9999 -9999 -9999 -9999 -9999 -9999 -9999 -9999 -9999 -9999 -9999 -9999 -9999 -9999 -9999 -9999 -9999 -9999 -9999 -9999 -9999 -9999 -9999 -9999
-9999 -9999 -9999 -9999 -9999 -9999 -9999 -9999 -9999 -9999 -9999 -9999 -9999 -9999 -9999 -9999 -9999 -9999 -9999 -9999 -9999 -9999 -9999 -9999 -9999 -9999 -9999 -9999 -9999 -9999 -9999 -9999 -9999 -9999 -9999 -9999 -9999 -9999 -9999 -9999 -9999 -9999 -9999 -9999 -9999 -9999 -9999 -9999 -9999 -9999 -9999 -9999 -9999 -9999 -9999 -9999 -9999 -9999 -9999 -9999 -9999 -9999 -9999 -9999 -9999 -9999 -9999 -9999 -9999 -9999
-9999 -9999 -9999 -9999 -9999 -9999 -9999 -9999 -9999 -9999 -9999 -9999 -9999 -9999 -9999 -9999 -9999 -9999 -9999 -9999 -9999 -9999 -9999 -9999 -9999 -9999 -9999 -9999 -9999 -9999 -9999 -9999 -9999 -9999 -9999 -9999 -9999 -9999 -9999 -9999 -9999 -9999 -9999 -9999 -9999 -9999 -9999 -9999 -9999 -9999 -9999 -9999 -9999 -9999 -9999 -9999 -9999 -9999 -9999 -9999 -9999 -9999 -9999 -9999 -9999 -9999 -9999 -9999 -9999 -9999
-9999 -9999 -9999 -9999 -9999 -9999 -9999 -9999 -9999 -9999 -9999 -9999 -9999 -9999 -9999 -9999 -9999 -9999 -9999 -9999 -9999 -9999 -9999 -9999 -9999 -9999 -9999 -9999 -9999 -9999 -9999 -9999 -9999 -9999 -9999 -9999 -9999 -9999 -9999 -9999 -9999 -9999 -9999 -9999 -9999 -9999 -9999 -9999 -9999 -9999 -9999 -9999 -9999 -9999 -9999 -9999 -9999 -9999 -9999 -9999 -9999 -9999 -9999 -9999 -9999 -9999 -9999 -9999 -9999 -9999
-9999 -9999 -9999 -9999 -9999 -9999 -9999 242.14600 -9999 -9999 -9999 -9999 -9999 -9999 -9999 -9999 -9999 -9999 -9999 -9999 -9999 -9999 -9999 -9999 -9999 -9999 -9999 -9999 -9999 -9999 -9999 -9999 -9999 -9999 -9999 -9999 -9999 -9999 -9999 -9999 -9999 -9999 -9999 -9999 -9999 -9999 -9999 -9999 -9999 -9999 -9999 -9999 -9999 -9999 -9999 -9999 -9999 -9999 -9999 -9999 -9999 -9999 -9999 -9999 -9999 -9999 -9999 -9999 -9999 -9999
-9999 -9999 -9999 239.85300 250.02901 246.69701 245.10100 244.60800 243.95500 243.37900 242.88400 242.86900 242.28200 243.70200 243.54401 243.90500 243.22900 243.39700 243.35699 242.65601 242.27000 242.85800 242.80400 -9999 -9999 -9999 -9999 -9999 -9999 -9999 -9999 -9999 -9999 -9999 -9999 -9999 -9999 -9999 -9999 -9999 -9999 -9999 -9999 -9999 -9999 -9999 -9999 -9999 -9999 -9999 -9999 -9999 -9999 -9999 -9999 -9999 -9999 -9999 -9999 -9999 -9999 -9999 -9999 -9999 -9999 -9999 -9999 -9999 -9999 -9999
-9999 -9999 -9999 -9999 -9999 249.95399 249.25900 250.34399 249.15500 249.81799 249.09000 247.68800 246.79601 246.44501 246.47900 246.74200 246.33200 244.13200 243.08099 243.07700 242.71800 242.53999 242.89000 -9999 -9999 -9999 -9999 -9999 -9999 -9999 -9999 -9999 -9999 -9999 -9999 -9999 -9999 -9999 -9999 -9999 -9999 -9999 -9999 -9999 -9999 -9999 -9999 -9999 -9999 -9999 -9999 -9999 -9999 -9999 -9999 -9999 -9999 -9999 -9999 -9999 -9999 -9999 -9999 -9999 -9999 -9999 -9999 -9999 -9999 -9999
259.77701 258.53101 257.32401 255.72900 255.84801 253.58501 253.07100 253.44000 252.75101 253.03400 252.29900 250.63400 250.06200 249.73300 249.68700 249.63400 248.89200 246.80499 246.06200 245.44200 245.30299 245.58800 245.48801 245.72800 245.41200 247.31599 248.28000 249.84500 250.16701 -9999 -9999 -9999 -9999 -9999 -9999 -9999 -9999 -9999 -9999 -9999 -9999 -9999 -9999 -9999 -9999 -9999 -9999 -9999 -9999 -9999 -9999 -9999 -9999 -9999 -9999 -9999 -9999 -9999 -9999 -9999 -9999 -9999 -9999 -9999 -9999 -9999 -9999 -9999 -9999 -9999
262.29401 259.37799 259.15399 258.71201 257.64099 257.10599 256.99301 257.53299 256.97101 257.00201 256.39200 254.92500 254.46300 255.22000 254.45100 252.75500 251.96400 249.65500 248.45900 248.11200 247.50700 247.39101 246.70700 246.85100 247.66000 249.44800 250.09500 252.92400 252.53300 253.56300 253.41299 253.95399 254.00500 254.05200 253.51401 251.56700 251.27100 251.61099 251.26199 248.67599 248.20799 246.60600 245.72099 245.35300 -9999 -9999 -9999 -9999 -9999 -9999 -9999 -9999 -9999 -9999 -9999 -9999 -9999 -9999 -9999 -9999 -9999 -9999 -9999 -9999 -9999 -9999 -9999 -9999 -9999 -9999
263.20499 261.82700 261.02802 260.59500 259.43500 258.65601 258.75800 260.57101 260.50699 260.92899 259.94299 258.14899 258.43100 258.80899 258.31500 256.23801 255.36700 253.01100 252.03600 251.77100 250.79500 249.48000 247.37100 248.31000 248.75101 250.42101 252.02100 255.15900 255.20300 254.62801 253.97400 255.02000 255.40401 254.63300 254.43201 252.78999 252.61000 253.34200 253.00700 250.39301 249.44501 247.81000 246.91701 246.46800 245.32600 -9999 -9999 -9999 -9999 -9999 -9999 -9999 -9999 -9999 -9999 -9999 -9999 -9999 -9999 -9999 -9999 -9999 -9999 -9999 -9999 -9999 -9999 -9999 -9999 -9999
255.69600 255.46400 254.58099 255.93500 250.94099 254.47099 254.94501 254.74200 255.76900 256.26501 258.50900 256.55399 257.57401 259.03201 259.33899 258.77899 258.16901 255.67400 255.64000 254.18100 253.38901 251.91000 251.46100 250.87900 251.22099 251.90601 250.04100 252.46800 254.33800 253.73100 251.87500 253.86400 254.18600 255.26900 254.59300 253.47200 253.55600 252.00900 252.49400 251.43100 250.82201 249.03900 248.07001 247.86000 247.08299 -9999 -9999 -9999 -9999 -9999 -9999 -9999 -9999 -9999 -9999 -9999 -9999 -9999 -9999 -9999 241.44600 241.65900 -9999 -9999 -9999 -9999 239.52299 236.18800 233.37601 234.08299
256.00900 256.66599 255.48199 255.66100 252.39400 256.23199 258.79300 258.23499 256.07999 257.01901 256.45499 259.33099 259.46301 260.51501 258.82199 258.04099 259.13000 257.48199 257.18500 255.28200 255.47800 253.90199 252.87399 252.66100 254.42999 254.96300 255.13000 255.64400 255.77400 255.54401 255.19800 256.50000 256.10101 256.77301 256.51999 255.64700 255.47900 253.79800 253.84399 253.14101 252.37700 250.94701 250.69901 250.08299 249.81599 250.18100 249.14301 248.32001 247.11800 241.35600 239.36800 241.04900 239.06200 238.25999 239.15601 237.71300 236.94501 241.61099 242.33800 243.03999 242.63600 243.70200 -9999 -9999 -9999 -9999 -9999 242.89500 240.48300 238.08701
253.23399 251.40500 257.01901 256.20999 251.07899 255.24600 259.06601 259.12100 259.21399 261.66901 263.23099 262.84799 262.01001 262.96201 261.77301 261.60800 261.29901 259.02499 258.65500 257.18399 256.56699 257.07199 256.71799 256.58401 256.62399 256.20599 256.68100 256.39301 256.74301 256.88199 256.66800 257.50601 257.69699 257.80200 257.51901 256.47400 256.19699 255.77000 255.02699 253.98399 253.43700 253.23700 252.07201 252.18500 252.10201 251.75800 251.22600 250.34399 249.84000 245.22501 242.86700 243.73399 244.38300 241.35100 236.56200 232.93401 237.95599 235.91800 235.11000 236.59399 239.67900 241.33900 240.30499 244.08600 246.57500 246.64200 246.20900 246.79300 246.57899 242.97400
257.92300 250.66901 239.95500 259.75201 250.82100 249.23801 253.33400 255.85500 255.44200 264.81100 265.34900 264.09201 263.43799 263.76501 264.16000 263.61700 262.65500 260.82101 260.06299 258.64600 256.16400 256.22299 257.73499 258.10400 258.02301 258.32599 258.48199 258.14600 258.43500 258.48099 259.25101 258.58401 259.27301 259.37601 259.17599 257.67899 257.57999 256.90601 256.96799 255.33600 255.01700 254.58900 253.52499 254.47800 253.77000 254.03900 253.71201 253.38499 252.80800 251.76500 250.06300 247.46800 247.89999 244.60699 244.40500 240.63499 236.18700 235.48599 236.40500 236.74200 235.67101 238.81700 235.27299 239.92900 245.84900 247.44000 249.25000 249.37100 249.35600 245.09900
253.68100 251.84500 247.40199 254.70599 267.23700 262.87799 266.55499 264.88101 259.26801 261.32199 263.84100 263.56201 263.85800 264.56500 264.44501 263.48999 262.90100 261.99600 261.36600 259.82999 252.93900 253.17500 254.85500 255.66701 257.95700 258.56201 258.98499 258.94901 259.68600 261.10300 260.87701 261.60300 262.08600 262.02899 261.62900 260.44000 260.10199 259.02600 257.86301 256.31900 254.56599 255.19099 256.19501 251.58900 250.61301 251.99800 254.48199 256.13101 257.42599 257.01401 253.71600 250.06700 249.26401 247.53600 246.62399 245.63600 246.36000 246.96700 241.78999 241.11501 238.94400 237.20399 235.15199 234.04500 239.98000 243.29300 245.95799 245.40800 246.79401 244.74200
265.28601 255.98199 250.77100 250.86301 251.47701 259.16901 267.09601 264.48401 259.03601 256.39600 261.25101 251.13300 252.35699 255.91400 261.21799 262.38101 263.16299 263.20200 262.85901 261.03601 258.17200 255.08900 256.64301 257.66800 259.02701 260.93900 260.96799 260.84900 261.10699 262.30801 263.04001 262.83200 262.57001 261.29001 262.19199 261.27100 258.66800 257.85400 257.15799 255.58900 253.06400 253.17300 255.08400 256.10999 254.87801 251.52499 251.64101 253.37399 255.14900 257.23401 253.28999 250.06900 250.21400 248.41200 249.68201 246.46201 243.26700 241.91299 237.59399 241.59500 243.89200 243.21700 243.25900 242.55499 239.85001 237.80400 243.40700 240.14101 243.85100 244.97501
262.72400 257.29401 253.74800 251.01401 247.37399 246.51300 258.41299 261.32599 263.76999 260.37799 262.01099 255.85899 246.24300 240.99699 237.50301 247.22800 254.33400 259.03900 262.39801 263.24301 263.28601 263.03201 262.70999 261.68799 262.48599 262.46100 262.98401 262.16101 262.62000 263.42999 262.30499 261.95001 260.98999 259.87100 259.26599 261.49600 258.48300 257.11099 254.04500 255.19800 255.65601 254.20900 253.25999 255.43700 254.96001 252.49300 254.16800 253.90401 254.02800 256.57199 256.80899 256.68701 254.58701 251.78799 250.54500 249.49001 248.80200 244.72200 241.68100 244.19800 238.48900 240.10800 242.41000 242.72800 245.56200 247.69901 247.73500 246.20799 245.69000 246.73900
254.29601 248.95500 249.80400 245.11200 244.10899 246.97800 248.47000 246.03999 249.73300 252.44600 257.82700 262.55801 257.75000 252.87700 248.31200 242.05499 241.80099 242.92200 246.34700 253.23300 255.86000 260.62601 261.38501 262.03400 262.66101 263.55801 264.08499 263.59201 263.36700 262.21701 259.96701 263.17700 256.11401 254.76300 254.83501 256.33200 255.87500 255.20000 254.08099 254.51100 254.18600 254.10001 253.80499 256.27600 253.06000 252.85800 250.67900 250.39900 250.67101 253.16800 253.34100 248.84200 248.00800 244.59900 243.45700 244.23300 244.33099 240.31700 244.52299 244.84801 240.53400 244.14799 244.27200 244.74500 250.01700 250.03101 249.28999 245.66800 247.40500 249.02499
254.53101 250.43800 245.10699 242.53600 244.34000 242.17700 240.45799 242.93900 247.24899 245.82401 251.94000 252.38300 251.39700 251.76300 254.72200 253.48199 252.11900 248.62700 243.69299 242.23599 245.02901 248.60899 251.70500 258.01001 262.17599 264.64700 265.75500 265.09900 262.26099 258.41000 258.87701 259.07999 257.92200 253.36600 255.24699 252.25200 257.92999 257.54401 255.91499 251.41000 253.03101 256.51501 257.39401 255.32899 253.06200 247.99600 246.18500 245.91800 247.69099 248.29300 244.54401 242.57700 243.95700 241.09900 237.39700 240.31400 237.59200 243.51601 240.38200 246.16701 249.18900 248.45000 251.07800 250.25999 250.76100 246.77299 250.06900 253.00301 254.32201 254.19901
251.66200 251.49699 250.93300 251.19901 251.49800 245.92300 242.04601 243.10100 242.64700 242.75600 248.37300 254.38499 241.32300 243.02000 247.53101 240.09500 235.59500 236.97301 256.65601 246.80299 236.48300 238.90401 243.16299 248.05701 263.04401 265.29199 266.85699 266.11700 264.09201 260.69699 261.00500 259.03101 258.79199 257.84299 257.66199 261.79901 259.80301 257.04300 257.38800 254.39101 252.99899 249.33701 253.27000 252.47701 250.66200 255.65401 254.53799 251.57700 248.07100 246.42799 244.57001 242.38699 244.60600 243.52299 243.87300 240.49100 239.62199 242.32001 241.53200 248.93900 250.48300 254.56400 255.70500 252.31100 250.17200 255.46500 257.25800 257.35999 258.49200 258.41901
250.79401 251.95700 252.08099 252.20399 252.92500 251.00400 250.27901 250.08200 247.94701 247.83900 246.98300 247.38600 246.02200 247.07600 249.55901 243.01900 241.84000 235.86400 240.62300 246.95200 250.47099 247.99001 247.72400 250.31599 253.84801 261.21399 267.29999 266.80301 266.40799 264.59201 265.04999 261.80801 262.32999 264.02899 261.66199 260.74301 260.57501 260.51801 258.85800 257.33200 254.37399 249.97600 249.61200 247.47600 248.21001 256.55701 256.94601 253.49600 250.42500 248.50101 244.35201 243.30800 246.66200 247.81300 242.55499 245.91499 247.21100 248.57300 251.36000 246.97501 251.91600 253.43900 256.51401 256.81900 260.16299 260.30301 259.76999 259.44800 257.92401 254.22900
251.35100 251.40300 250.43401 249.65300 248.87900 250.36800 253.63800 253.42101 254.28600 253.11099 253.74300 247.88499 242.35600 245.86501 250.40800 250.69400 246.30000 244.71600 243.97600 238.36800 241.71400 246.47600 253.61200 256.80600 256.26300 255.21700 259.04999 264.73999 264.92899 263.71201 261.79800 263.51700 262.32501 266.63199 264.24301 261.52499 257.49600 257.72601 252.57401 255.61501 249.60201 244.03300 248.58000 248.35600 243.79300 247.67000 252.73801 252.31500 251.67599 252.80099 249.72600 247.94400 253.91901 255.25700 254.88800 256.31699 255.34399 254.74699 252.85201 255.69501 253.65900 256.97501 257.30099 258.72299 259.77899 260.28699 261.52802 261.32999 259.33899 257.21399
254.44200 249.33000 246.36501 243.81900 243.39799 247.47900 248.99500 251.36400 252.72900 254.85500 250.65300 249.16299 246.94701 240.37000 244.70300 251.57401 252.69901 247.71300 244.62601 241.07001 242.10100 245.15900 247.61099 249.84700 254.30800 257.70200 261.50000 260.92499 264.64401 265.86499 263.25500 266.53500 263.32199 265.35001 257.67599 255.70599 260.07300 254.73700 248.91200 250.12500 251.24699 246.58900 244.91200 243.95200 247.19099 247.34200 248.64200 250.33501 249.94701 252.02299 249.85300 249.68300 249.39101 251.71600 251.01601 250.95100 252.50200 252.76500 257.88501 260.84799 263.02200 264.03400 262.38400 262.02701 262.02399 261.70999 262.52802 261.58499 260.78900 255.07600
257.60599 255.69299 251.97900 243.78999 242.56400 243.37399 250.27699 250.18900 255.09700 253.02400 255.42000 257.39999 254.32800 250.36200 244.43800 247.63699 248.39799 247.25000 250.33701 248.86099 250.96600 242.12199 249.19600 253.11501 256.37900 259.80899 258.11301 254.86400 261.43201 264.75299 267.03500 260.76801 263.03900 263.50500 257.28799 253.08000 257.90500 254.46201 251.66901 247.25101 247.74001 247.94600 246.48599 247.95599 247.70599 250.22701 249.32500 255.78000 253.56400 252.55200 253.00900 254.21800 252.81799 255.84300 258.74301 257.84299 260.47601 259.49500 261.93399 265.17700 265.72400 265.25699 263.81299 262.81100 261.48001 255.09000 256.35999 255.10001 255.89999 254.52000
258.03400 253.52600 253.31900 246.04100 241.80000 242.12399 238.34700 241.72000 249.20799 248.95100 250.54300 253.80299 250.21300 252.92700 250.20000 243.63000 247.74500 252.42101 254.02499 251.83200 252.69400 253.24400 249.14301 250.82800 256.78601 262.83899 266.96399 263.70901 266.24200 271.54300 268.06100 267.49500 265.53299 261.82300 259.18600 255.56300 253.89900 255.67000 251.40199 246.87601 244.32700 250.26801 250.76700 249.66400 254.75200 259.08801 261.78000 263.49301 266.07700 265.93600 266.85300 267.81900 267.57101 267.51099 265.21899 263.56900 263.55399 265.39600 267.87299 267.73401 266.92099 265.56699 264.95099 260.69800 254.15300 250.84900 252.10400 251.20799 252.82001 255.99001
259.21201 260.47501 256.16101 248.29401 248.61600 243.44200 242.38800 234.94600 240.54601 246.16200 242.89900 241.93700 244.85201 248.96201 244.56000 246.34801 250.18800 249.45900 251.94400 254.75800 255.49300 253.93201 250.78799 246.43201 256.39001 263.33099 265.21899 259.79599 263.48700 262.51099 258.80099 264.17099 265.30899 260.01599 257.90399 254.07600 254.99899 253.36700 253.69000 249.33200 248.82800 252.95900 259.75400 256.50500 260.84900 269.36099 269.82501 266.39001 266.34201 262.79401 266.12100 -9999 -9999 269.71301 269.93701 271.32599 268.31699 267.40900 268.49100 267.79501 264.67099 263.51001 257.28400 252.70300 247.41499 249.49899 246.59700 244.58800 243.88300 253.28200
251.34399 249.83800 253.73199 250.96700 248.25200 247.48000 248.68100 241.77901 248.33299 245.95200 242.80299 241.69200 245.89700 243.77499 243.78400 247.47600 250.03400 246.02901 250.45000 254.21001 250.67500 253.96899 256.93301 257.06201 256.57101 251.43900 257.27499 256.12500 259.97299 259.33899 260.83899 258.84900 264.75500 260.02499 255.62300 254.77200 252.87700 251.34801 258.99399 264.66101 -9999 -9999 -9999 -9999 270.23300 -9999 261.10699 254.63100 259.78101 261.23199 268.40201 -9999 -9999 265.36099 266.63300 267.70001 267.49799 269.23999 266.54199 264.31799 260.85699 258.75699 256.10501 253.67599 250.92700 253.95000 241.76300 240.50400 243.62601 254.90601
