data/hydroclimate-scenarios/BCSD_hadcm_A1B/monthly_summaries/olr_monthly_avg_may.2070-2099.asc
ncols	311
nrows	91
xllcenter	102.75
yllcenter	31.75
cellsize	0.5
NODATA_value	-9999
[rows 0 to 30 of 91, columns 210 to 279 of 311]
-9999 -9999 -9999 -9999 -9999 -9999 -9999 -9999 -9999 -9999 -9999 -9999 -9999 -9999 -9999 -9999 -9999 -9999 -9999 -9999 -9999 -9999 -9999 -9999 -9999 -9999 -9999 -9999 -9999 -9999 -9999 -9999 -9999 -9999 -9999 -9999 -9999 -9999 -9999 -9999 -9999 -9999 -9999 -9999 -9999 -9999 -9999 -9999 -9999 -9999 -9999 -9999 -9999 -9999 -9999 -9999 -9999 -9999 -9999 -9999 -9999 -9999 -9999 -9999 -9999 -9999 -9999 -9999 -9999 -9999
-9999 -9999 -9999 -9999 -9999 -9999 -9999 -9999 -9999 -9999 -9999 -9999 -9999 -9999 -9999 -9999 -9999 -9999 -9999 -9999 -9999 -9999 -9999 -9999 -9999 -9999 -9999 -9999 -9999 -9999 -9999 -9999 -9999 -9999 -9999 -9999 -9999 -9999 -9999 -9999 -9999 -9999 -9999 -9999 -9999 -9999 -9999 -9999 -9999 -9999 -9999 -9999 -9999 -9999 -9999 -9999 -9999 -9999 -9999 -9999 -9999 -9999 -9999 -9999 -9999 -9999 -9999 -9999 -9999 -9999
-9999 -9999 -9999 -9999 -9999 -9999 -9999 -9999 -9999 -9999 -9999 -9999 -9999 -9999 -9999 -9999 -9999 -9999 -9999 -9999 -9999 -9999 -9999 -9999 -9999 -9999 -9999 -9999 -9999 -9999 -9999 -9999 -9999 -9999 -9999 -9999 -9999 -9999 -9999 -9999 -9999 -9999 -9999 -9999 -9999 -9999 -9999 -9999 -9999 -9999 -9999 -9999 -9999 -9999 -9999 -9999 -9999 -9999 -9999 -9999 -9999 -9999 -9999 -9999 -9999 -9999 -9999 -9999 -9999 -9999
-9999 -9999 -9999 -9999 -9999 -9999 -9999 -9999 -9999 -9999 -9999 -9999 -9999 -9999 -9999 -9999 -9999 -9999 -9999 -9999 -9999 -9999 -9999 -9999 -9999 -9999 -9999 -9999 -9999 -9999 -9999 -9999 -9999 -9999 -9999 -9999 -9999 -9999 -9999 -9999 -9999 -9999 -9999 -9999 -9999 -9999 -9999 -9999 -9999 -9999 -9999 -9999 -9999 -9999 -9999 -9999 -9999 -9999 -9999 -9999 -9999 -9999 -9999 -9999 -9999 -9999 -9999 -9999 -9999 -9999
-9999 -9999 -9999 -9999 -9999 -9999 -9999 -9999 -9999 -9999 -9999 -9999 -9999 -9999 -9999 -9999 -9999 -9999 -9999 -9999 -9999 -9999 -9999 -9999 -9999 -9999 -9999 -9999 -9999 -9999 -9999 -9999 -9999 -9999 -9999 -9999 -9999 -9999 -9999 -9999 -9999 -9999 -9999 -9999 -9999 -9999 -9999 -9999 -9999 -9999 -9999 -9999 -9999 -9999 -9999 -9999 -9999 -9999 -9999 -9999 -9999 -9999 -9999 -9999 -9999 -9999 -9999 -9999 -9999 -9999
-9999 -9999 -9999 -9999 -9999 -9999 -9999 -9999 -9999 -9999 -9999 -9999 -9999 -9999 -9999 -9999 -9999 -9999 -9999 -9999 -9999 -9999 -9999 -9999 -9999 -9999 -9999 -9999 -9999 -9999 -9999 -9999 -9999 -9999 -9999 -9999 -9999 -9999 -9999 -9999 -9999 -9999 -9999 -9999 -9999 -9999 -9999 -9999 -9999 -9999 -9999 -9999 -9999 -9999 -9999 -9999 -9999 -9999 -9999 -9999 -9999 -9999 -9999 -9999 -9999 -9999 -9999 -9999 -9999 -9999
-9999 -9999 -9999 -9999 -9999 -9999 -9999 -9999 -9999 -9999 -9999 -9999 -9999 -9999 -9999 -9999 -9999 -9999 -9999 -9999 -9999 -9999 -9999 -9999 -9999 -9999 -9999 -9999 -9999 -9999 -9999 -9999 -9999 -9999 -9999 -9999 -9999 -9999 -9999 -9999 -9999 -9999 -9999 -9999 -9999 -9999 -9999 -9999 -9999 -9999 -9999 -9999 -9999 -9999 -9999 -9999 -9999 -9999 -9999 -9999 -9999 -9999 -9999 -9999 -9999 -9999 -9999 -9999 -9999 -9999
-9999 -9999 -9999 -9999 -9999 -9999 -9999 -9999 -9999 -9999 -9999 -9999 -9999 -9999 -9999 -9999 -9999 -9999 -9999 -9999 -9999 -9999 -9999 -9999 -9999 -9999 -9999 -9999 -9999 -9999 -9999 -9999 -9999 -9999 -9999 -9999 -9999 -9999 -9999 -9999 -9999 -9999 -9999 -9999 -9999 -9999 -9999 -9999 -9999 -9999 -9999 -9999 -9999 -9999 -9999 -9999 -9999 -9999 -9999 -9999 -9999 -9999 -9999 -9999 -9999 -9999 -9999 -9999 -9999 -9999
-9999 -9999 -9999 -9999 -9999 -9999 -9999 -9999 -9999 -9999 -9999 -9999 -9999 -9999 -9999 -9999 -9999 -9999 -9999 -9999 -9999 -9999 -9999 -9999 -9999 -9999 -9999 -9999 -9999 -9999 -9999 -9999 -9999 -9999 -9999 -9999 -9999 -9999 -9999 -9999 -9999 -9999 -9999 -9999 -9999 -9999 -9999 -9999 -9999 -9999 -9999 -9999 -9999 -9999 -9999 -9999 -9999 -9999 -9999 -9999 -9999 -9999 -9999 -9999 -9999 -9999 -9999 -9999 -9999 -9999
-9999 -9999 -9999 -9999 -9999 -9999 -9999 -9999 -9999 -9999 -9999 -9999 -9999 -9999 -9999 -9999 -9999 -9999 -9999 -9999 -9999 -9999 -9999 -9999 -9999 -9999 -9999 -9999 -9999 -9999 -9999 -9999 -9999 -9999 -9999 -9999 -9999 -9999 -9999 -9999 -9999 -9999 -9999 -9999 -9999 -9999 -9999 -9999 -9999 -9999 -9999 -9999 -9999 -9999 -9999 -9999 -9999 -9999 -9999 -9999 -9999 -9999 -9999 -9999 -9999 -9999 -9999 -9999 -9999 -9999
-9999 -9999 -9999 -9999 -9999 -9999 -9999 -9999 -9999 -9999 -9999 -9999 -9999 -9999 -9999 -9999 -9999 -9999 -9999 -9999 -9999 -9999 -9999 -9999 -9999 -9999 -9999 -9999 -9999 -9999 -9999 -9999 -9999 -9999 -9999 -9999 -9999 -9999 -9999 -9999 -9999 -9999 -9999 -9999 -9999 -9999 -9999 -9999 -9999 -9999 -9999 -9999 -9999 -9999 -9999 -9999 -9999 -9999 -9999 -9999 -9999 -9999 -9999 -9999 -9999 -9999 -9999 -9999 -9999 -9999
-9999 -9999 -9999 -9999 -9999 -9999 -9999 -9999 -9999 -9999 -9999 -9999 -9999 -9999 -9999 -9999 -9999 -9999 -9999 -9999 -9999 -9999 -9999 -9999 -9999 -9999 -9999 -9999 -9999 -9999 -9999 -9999 -9999 -9999 -9999 -9999 -9999 -9999 -9999 -9999 -9999 -9999 -9999 -9999 -9999 -9999 -9999 -9999 -9999 -9999 -9999 -9999 -9999 -9999 -9999 -9999 -9999 -9999 -9999 -9999 -9999 -9999 -9999 -9999 -9999 -9999 -9999 -9999 -9999 -9999
-9999 -9999 -9999 -9999 -9999 -9999 -9999 -9999 -9999 -9999 -9999 -9999 -9999 -9999 -9999 -9999 -9999 -9999 -9999 -9999 -9999 -9999 -9999 -9999 -9999 -9999 -9999 -9999 -9999 -9999 -9999 -9999 -9999 -9999 -9999 -9999 -9999 -9999 -9999 -9999 -9999 -9999 -9999 -9999 -9999 -9999 -9999 -9999 -9999 -9999 -9999 -9999 -9999 -9999 -9999 -9999 -9999 -9999 -9999 -9999 -9999 -9999 -9999 -9999 -9999 -9999 -9999 -9999 -9999 -9999
247.28101 246.61900 245.42400 245.20399 245.75400 245.07800 243.07201 242.76801 242.34100 -9999 -9999 -9999 -9999 -9999 -9999 -9999 -9999 -9999 -9999 -9999 -9999 -9999 -9999 -9999 -9999 -9999 -9999 -9999 -9999 -9999 -9999 -9999 -9999 -9999 -9999 -9999 -9999 -9999 -9999 -9999 -9999 -9999 -9999 -9999 -9999 -9999 -9999 -9999 -9999 -9999 245.23500 -9999 -9999 -9999 -9999 -9999 -9999 -9999 -9999 -9999 -9999 -9999 -9999 -9999 -9999 -9999 -9999 -9999 -9999 -9999
251.31900 248.72400 246.86501 247.75400 248.38901 248.20500 247.41299 247.43300 247.45000 246.96300 247.15900 248.92900 248.83600 248.37500 248.63100 250.86400 247.90800 242.38200 242.80600 245.34801 245.51900 269.79300 -9999 -9999 -9999 -9999 -9999 -9999 -9999 -9999 -9999 -9999 -9999 -9999 -9999 -9999 -9999 -9999 -9999 -9999 -9999 -9999 -9999 -9999 -9999 236.37500 238.89999 237.53000 233.82500 236.25000 239.48199 249.77699 -9999 -9999 -9999 255.54300 -9999 -9999 -9999 258.45300 257.35101 256.12201 -9999 -9999 -9999 -9999 -9999 -9999 -9999 -9999
254.57899 250.96100 250.00301 250.07300 250.74100 254.75101 255.50999 256.46399 257.32999 260.35999 261.63800 261.26199 259.62100 258.71100 255.91200 257.99200 255.47600 248.71700 254.94400 259.36099 261.33099 258.20001 255.18900 253.39600 248.42300 249.73399 251.53500 249.35500 -9999 -9999 -9999 -9999 -9999 249.85001 249.51300 248.96201 249.69701 250.17200 249.71500 248.11301 249.38699 248.92300 249.25301 249.84599 249.51500 236.71600 237.11600 235.78300 236.59900 237.01900 239.15800 251.87801 253.29700 255.44600 255.99100 257.04300 259.08301 258.85101 258.16400 257.51199 255.02499 250.70399 250.48300 254.19800 255.03000 251.99899 252.61800 -9999 -9999 -9999
256.82199 256.85400 258.15701 258.78900 260.92499 263.59201 263.51599 262.43100 262.16000 261.18399 257.22699 260.03299 260.24600 257.82300 257.69501 255.67500 253.97600 256.66400 260.50800 266.14401 270.23999 265.37299 264.17999 259.71701 253.69501 254.29300 249.21300 246.34900 247.34000 254.04300 254.49300 254.15300 254.08900 252.77901 252.82500 253.74600 254.54100 253.45000 253.46899 253.21600 252.19000 250.72400 251.12100 250.83800 250.64600 250.05499 249.84300 251.31400 252.40700 253.66800 254.65700 253.93900 255.79500 256.62900 256.84601 257.90900 258.30301 259.71701 259.43301 259.63400 259.09201 259.14700 258.77701 257.65302 257.01001 253.63901 250.20399 249.87000 250.13100 251.60600
262.24899 263.53900 260.17899 257.47800 258.38300 259.77701 259.57999 259.33600 256.45801 260.69199 264.13699 268.75299 271.31000 274.30200 276.17801 271.20300 274.22198 276.94601 279.18399 278.14999 282.84799 282.91501 277.00201 270.76001 264.60800 263.97699 261.26300 252.54300 251.23700 252.46300 251.74300 250.79201 251.47701 252.44200 257.03900 259.31900 261.23401 260.28500 259.96600 258.79199 257.70901 255.67900 255.55600 254.49001 255.31300 255.62700 256.19800 258.38699 258.06799 259.40302 259.05899 258.92499 260.02301 260.81900 261.58801 261.33301 262.24301 261.75800 262.66901 261.80099 261.27899 261.91000 260.91901 260.09799 259.57599 254.55499 252.76900 253.96899 253.40800 253.30901
271.74899 266.77899 266.05499 268.34100 267.61600 270.97400 267.72000 261.76099 266.26801 274.08200 274.86600 277.16199 281.57001 279.38699 280.70801 282.35599 283.92499 284.93100 285.68399 289.11600 293.65399 288.67001 281.10501 279.19901 271.71301 268.24100 266.03101 258.79999 255.15199 255.51100 249.20399 247.92700 247.98300 254.98500 261.93500 263.87799 264.34698 266.23199 266.19601 264.45099 263.28400 263.57001 262.35101 262.43201 261.71899 264.26099 264.81799 263.38901 263.29599 261.41000 261.91800 263.15302 263.67700 264.09100 263.91299 262.99200 263.39999 263.44000 263.75601 262.89499 262.76999 263.02100 262.82999 261.51501 260.37399 256.48099 256.58801 256.56400 255.29800 255.43800
277.82101 280.02200 279.24399 283.67700 281.90900 279.48001 277.34201 273.80099 275.96600 284.52899 286.74399 293.95801 296.20401 293.83099 292.60501 289.71201 289.85001 290.51999 290.62900 293.47699 294.23999 300.04300 292.54501 283.65799 277.08200 267.96399 265.91800 258.07199 259.06100 263.01801 262.75400 261.48700 254.31799 261.26401 265.73099 270.91699 270.25201 271.70599 270.40701 270.14700 270.01001 268.35300 267.13400 267.02701 267.58701 267.65900 268.43201 268.39001 269.25101 267.39700 266.99301 267.54599 267.78500 267.85199 267.53201 266.70200 266.60800 265.95499 265.66599 265.26300 264.54599 265.27200 265.02499 263.87900 262.67001 262.07199 260.98901 259.38599 259.63199 259.85501
287.98300 293.21500 292.77499 290.88101 284.57700 282.72198 288.45401 294.60300 297.96100 299.22000 303.19699 305.27802 304.52600 299.17300 296.21701 295.23599 287.81000 285.88599 287.46399 289.83200 293.40302 297.45200 289.60001 279.35501 271.57700 268.38199 264.54300 259.52301 262.34900 265.13199 266.19601 265.77600 261.71500 260.88901 270.29501 274.35400 274.89899 276.24200 275.21701 274.80399 274.27701 274.01300 273.39899 273.23300 273.50101 272.66501 272.18500 272.13599 273.26001 272.55801 272.10501 272.55600 271.77301 270.89899 270.90900 269.43900 269.29700 268.55801 269.53000 269.53400 268.93900 269.76199 269.84100 267.80600 266.72900 267.74600 266.97101 265.63501 264.08701 262.93399
295.93900 297.31601 293.14001 290.38199 292.21799 294.83401 296.03900 297.67300 298.73700 299.00500 299.92499 299.89600 298.85400 297.27301 297.84399 296.63901 291.01199 290.92001 293.04800 296.65701 297.62299 301.75299 292.62100 278.29901 268.77600 261.64001 263.29001 261.34100 266.25400 269.15900 269.04501 268.43201 266.66800 262.04401 268.52100 273.33899 277.55801 279.99100 279.41699 279.06400 278.48401 278.21799 278.20901 277.99301 278.18100 277.19199 278.62601 278.83701 278.19901 277.81100 277.13300 278.02100 277.06900 276.09799 275.57300 274.51099 273.93301 272.97198 274.41400 274.29001 272.88501 272.34601 272.23801 271.57001 269.70901 270.66901 268.75601 267.39999 267.54099 265.83099
292.36700 290.12000 287.36801 294.36401 295.70099 293.61700 293.40500 294.15201 296.68201 298.70700 295.27200 293.71701 294.83099 293.60999 298.93600 298.71399 292.80099 296.23300 299.43600 300.06400 300.18600 295.08600 289.63800 277.71201 269.72400 264.67200 265.59601 261.12701 267.48401 270.02100 270.30600 270.55301 272.19800 274.48199 277.85101 278.71399 276.54199 275.16599 276.75800 275.28601 273.48599 275.72299 275.91901 274.98001 278.87601 280.91000 282.25299 281.68900 282.20099 281.25800 278.97699 280.04099 278.11401 279.48199 279.01401 277.88000 277.16400 275.63599 274.64099 274.20099 273.76801 273.93500 273.97198 271.84500 271.33600 271.25601 270.79501 269.27399 268.62799 266.25601
295.34399 294.16400 292.93399 294.76001 295.16901 296.03400 293.92499 296.92001 298.36700 300.56799 300.04901 292.38901 286.67099 284.12900 285.17499 284.22800 286.75800 292.27399 300.05301 302.98700 302.30301 294.20401 288.71100 280.80899 270.12100 268.94299 269.70001 264.14801 264.52802 268.09399 268.15900 265.74200 267.74200 273.19101 276.94601 275.32999 272.01501 268.60699 266.31400 264.00900 265.13000 267.92200 268.60901 264.34500 266.13901 272.61801 274.07800 277.00601 277.78500 284.13199 286.38199 286.63101 283.21100 285.44199 285.25699 281.73700 280.23199 280.19199 277.54999 278.29599 279.26001 276.99200 272.66800 271.60999 272.98801 272.33099 270.30200 269.48901 269.22400 269.27600
299.38101 297.53799 296.55899 296.39700 296.33801 296.55499 296.42001 295.82599 296.80899 300.34799 299.54401 296.59500 294.21899 290.99100 287.40500 282.60699 281.00299 282.85001 285.83401 282.62900 288.76401 285.94400 288.91501 285.74600 272.09500 268.75601 265.79999 263.32300 263.88300 261.45001 264.56799 264.10300 264.07599 263.09000 263.32800 264.17200 263.07501 259.64801 259.65399 259.71799 257.76700 260.27301 262.64301 259.97800 260.23901 263.11600 262.93900 263.31699 264.22699 266.43301 272.44501 282.25900 287.23999 286.08099 286.04199 287.31100 283.29800 281.27499 281.73801 280.98999 279.38300 280.05200 278.76599 275.51001 272.51501 273.00900 271.48401 272.77802 274.08401 275.02802
301.34601 298.65302 298.23700 298.26599 297.81601 296.39899 295.46600 291.86401 291.47501 294.42899 296.81100 297.36600 298.18799 296.29401 294.23499 292.38901 288.31799 283.42999 286.35300 285.88901 283.21500 287.42499 284.94501 281.05899 281.67899 274.94400 277.24200 268.71600 266.72601 265.65500 266.06000 265.90799 269.80200 271.64700 273.42401 269.28299 269.85101 264.33200 263.97900 266.12500 262.88699 264.49899 264.67200 262.91800 261.99500 266.14899 265.91901 266.65100 266.35699 268.27600 273.43201 279.10501 284.20300 286.18301 288.24100 291.11801 285.41101 280.44101 283.09500 283.69800 282.33200 282.35901 281.39401 278.43399 276.62399 277.41699 276.61600 275.27200 274.09799 278.01401
301.94901 300.68500 299.34698 293.09299 287.29001 282.61301 280.73001 281.28101 272.36600 269.27100 268.48199 272.48300 281.06299 286.21201 280.73300 288.72501 291.34000 293.14999 292.98999 291.59100 287.79199 292.61301 286.12100 281.69000 279.46399 279.92499 281.28201 278.53400 279.95200 280.86899 278.60599 280.50800 284.32800 283.28400 278.04599 276.95901 275.93701 277.08499 277.04300 270.07401 269.78201 268.45401 267.70700 268.41501 269.41699 267.35001 267.79901 267.48099 272.27499 271.64401 269.99200 273.92801 280.20599 283.05899 286.43201 289.09201 289.89200 288.46799 284.61301 285.39001 285.46799 284.23999 283.39899 282.75101 280.53699 279.38699 277.11099 277.19699 278.88901 279.01999
295.70099 289.39499 273.26999 266.42700 267.58301 267.27399 268.70599 270.40399 273.92999 277.61899 275.70300 272.74200 271.87299 273.91699 262.79800 267.03699 271.31699 278.36200 286.96100 290.04199 289.14001 294.02802 288.70200 282.92001 282.78000 282.39001 285.65900 279.05600 281.18100 281.23700 283.93701 284.93900 285.87900 280.85300 277.81100 276.32901 279.25601 272.22601 271.67499 273.88699 273.96201 270.54001 269.70801 272.01401 270.39099 269.10101 272.01901 271.90302 270.27399 266.76099 268.69000 275.56601 279.76001 280.76599 282.74200 284.99100 287.93301 291.90701 287.93701 287.82401 287.62701 288.11801 286.78101 285.68399 284.00000 284.31900 283.37500 283.06900 282.31100 282.24701
273.55399 271.35101 264.44101 277.10999 288.98401 286.51199 278.66901 278.49500 277.40100 277.73499 281.25500 281.82101 281.39801 281.07401 280.76099 282.60999 281.92499 285.65399 283.28201 291.14099 299.53000 296.69901 294.32401 291.23801 286.02100 282.73700 284.15701 274.83499 273.00400 281.30600 284.00800 282.98901 285.88101 288.80701 285.30301 281.26901 275.72198 272.56900 274.42899 275.31500 272.71399 273.40799 276.26199 273.43900 274.11401 270.91000 273.10300 272.00201 271.21600 268.89700 266.39801 269.64001 268.69901 273.77600 275.46399 285.48300 290.51300 292.28601 295.38800 291.72198 291.04599 292.85501 292.18701 290.75601 289.70401 288.44101 287.09201 285.82101 284.55801 286.18600
283.22000 296.34900 296.70200 298.40399 301.08701 293.43900 278.97000 271.94800 271.53101 273.26999 277.46701 282.47699 284.12799 285.24600 288.55499 286.29300 266.51401 267.30801 270.38599 273.37900 280.46201 281.52499 281.11899 288.49200 290.66199 291.14301 285.99200 280.45099 278.31799 277.13901 274.97000 279.39801 285.09698 286.67099 283.39899 281.78101 275.03299 273.44800 272.51599 278.27399 275.96201 277.92700 279.77802 279.99899 277.55899 277.31799 270.42300 275.25201 272.00201 272.79599 273.15601 269.48001 269.42401 272.09500 275.50299 282.62701 287.23099 290.99701 298.09299 296.01999 295.82999 297.25400 296.25900 290.72000 285.41901 283.87299 283.07199 282.49301 284.87900 288.93399
278.95801 291.04401 301.22198 304.77301 304.32001 301.63000 294.46201 285.40601 281.87000 284.89001 283.73001 281.76001 282.74500 284.17700 286.10699 288.43301 282.88000 259.54001 253.63699 260.36801 267.27301 269.22501 272.31299 273.41101 276.19800 280.97101 278.02100 272.21301 270.79300 274.58099 279.33701 275.83600 279.26501 279.87100 281.20499 284.03500 279.11801 276.67599 274.65302 274.87601 276.89301 279.89200 282.02100 278.42700 276.19800 281.72000 276.89600 277.15302 278.57901 275.11301 274.47400 277.96600 283.37399 280.56400 279.82300 278.78799 283.31900 283.94699 292.45999 297.27301 295.31100 298.97601 299.39600 298.88300 297.05701 292.13599 290.86099 290.39700 290.05399 289.93500
