data/hydroclimate-scenarios/BCSD_hadcm_A1B/monthly_summaries/olr_monthly_avg_oct.2070-2099.asc
ncols	311
nrows	91
xllcenter	102.75
yllcenter	31.75
cellsize	0.5
NODATA_value	-9999
[rows 31 to 61 of 91, columns 0 to 69 of 311]
-9999 -9999 -9999 -9999 -9999 -9999 -9999 -9999 -9999 -9999 -9999 258.11801 258.04800 259.30499 259.92599 256.36600 255.41299 255.66200 255.79300 256.27899 256.85699 256.63901 257.53400 259.18399 259.32800 258.96201 258.51999 258.73700 259.99399 259.45700 258.98599 258.60599 258.34299 259.12100 258.61200 259.72900 260.85999 258.49100 256.20801 256.21701 256.60400 255.73700 254.63000 255.82899 256.60400 257.63199 257.86499 257.74100 258.06799 256.76700 256.14700 255.95700 254.75400 252.75101 251.45900 250.99100 249.83800 249.90300 249.45300 248.95700 248.74200 248.71600 248.91499 248.92400 249.03900 249.29700 246.58900 245.01900 238.28900 231.99001
-9999 -9999 -9999 -9999 -9999 -9999 -9999 -9999 -9999 -9999 -9999 256.31201 256.06799 257.66299 257.22299 255.54601 255.69000 256.14700 256.72101 257.36499 257.03500 258.69299 261.42499 259.39099 260.14700 259.70901 258.94400 258.60199 258.68201 258.98801 257.44501 256.84500 257.48499 257.54599 255.97701 259.92801 259.74200 260.86099 259.28201 258.10199 257.53400 259.19800 259.49899 258.28101 257.89899 258.98599 258.30200 254.56799 253.60899 253.28000 253.05600 251.14500 250.71700 248.48300 249.44099 249.99400 250.02400 251.21800 251.25999 250.56700 250.73399 250.72200 252.03101 252.53101 254.24500 255.31799 252.57001 247.65199 242.28200 238.44800
-9999 -9999 -9999 -9999 -9999 -9999 -9999 -9999 -9999 -9999 -9999 257.18399 255.62399 257.55399 256.61899 256.59698 257.07800 257.99500 259.18100 260.03299 260.17999 260.99301 262.30899 260.64999 257.77200 256.12500 254.79601 255.11400 257.66800 260.16501 257.73700 256.85699 256.75400 257.80200 257.84000 260.60699 260.00800 260.30399 259.76999 254.20399 257.27100 254.90199 257.33801 257.33801 255.60400 255.89000 254.75101 252.79100 251.74899 251.31500 250.67900 251.31000 251.30299 251.30099 252.25600 252.58299 251.94200 252.48599 252.09900 252.45799 252.49899 252.88901 255.57001 257.14001 257.09399 255.10001 254.40100 250.64400 247.83800 244.32700
-9999 -9999 -9999 -9999 -9999 -9999 -9999 -9999 -9999 -9999 -9999 -9999 257.95001 257.72900 257.91699 259.10800 259.67801 261.15302 262.58401 263.50601 263.75699 262.39401 259.87900 256.79001 254.83800 247.47701 248.78200 247.22800 252.47701 254.06000 255.37500 258.37100 258.03601 258.33801 257.83401 257.60501 257.60901 258.55399 257.23300 255.10100 254.76900 255.70799 255.84200 259.67700 258.93701 257.88199 257.88300 260.02200 259.28799 256.72900 256.90399 253.16299 252.17101 251.71201 250.64799 251.37000 252.59000 253.25500 252.18100 253.73300 254.20500 254.75800 254.16200 254.38699 255.39000 255.64500 256.12500 253.06200 245.46600 243.29500
-9999 -9999 -9999 -9999 -9999 -9999 -9999 -9999 -9999 -9999 -9999 -9999 258.47800 259.17001 259.40799 260.14999 262.74899 264.14700 263.88199 264.35901 263.82401 255.65900 253.85300 250.98599 246.43700 248.38400 250.00600 244.34300 250.18800 249.23399 249.12601 250.69800 256.89899 258.55600 257.99600 258.65701 257.20901 259.09601 259.19101 256.86401 256.59601 255.39600 256.64801 259.04001 261.07401 261.05399 261.75000 262.28699 261.11899 255.46100 254.32100 253.83800 253.54401 251.81300 253.21600 253.52699 254.33900 255.06400 255.20100 254.76199 254.55099 250.52200 250.29800 250.64900 253.22400 256.91101 255.36301 255.33701 252.66200 251.73000
-9999 -9999 -9999 -9999 -9999 -9999 -9999 -9999 -9999 -9999 -9999 -9999 259.01099 261.51801 261.67401 262.57300 262.85101 262.85001 261.22900 258.57101 258.08200 253.34300 252.65800 249.13000 248.94600 245.81400 248.00999 251.60500 249.16701 250.71400 252.20000 255.89000 253.75000 253.45900 258.05099 258.92001 258.54199 257.91101 258.40302 258.02301 253.70500 252.13100 255.89600 258.50800 260.06299 259.61700 258.44400 257.28299 257.34100 258.67999 257.92099 255.81000 256.07800 253.57500 254.65199 253.98100 254.47501 254.35699 253.53799 253.62900 253.35699 249.12500 251.18600 254.63699 253.37601 254.10100 255.05600 256.66299 252.59599 255.25600
-9999 -9999 -9999 258.70901 258.00699 257.54199 259.17401 260.02802 259.09500 -9999 259.87900 260.17499 262.40900 262.72299 263.59900 262.78400 262.42899 262.07001 258.39801 256.52200 256.97900 256.55301 254.80400 253.26100 251.81900 250.78101 252.11600 247.25500 247.86099 240.70700 247.24600 252.46400 249.75700 244.16000 251.03500 253.20300 251.58501 252.16100 253.75400 257.53299 256.99301 254.54100 256.87799 258.72501 256.76199 254.24500 250.13000 257.13000 257.37399 255.13499 253.18500 250.38200 248.62199 242.49100 244.91499 239.23300 237.77000 249.32300 245.03000 251.92000 254.20700 250.85100 251.23900 251.52499 254.45500 256.68600 255.59900 255.69400 257.67001 257.83200
-9999 -9999 -9999 262.62601 262.13300 260.94101 259.62900 259.57700 260.10101 260.60699 263.42099 265.27100 263.29199 262.13300 259.93201 257.35999 255.16701 255.63300 254.08299 254.91400 256.33600 252.95900 256.80899 258.39499 253.87100 253.74600 250.96300 247.65300 243.74500 237.93201 243.51801 243.17000 243.20300 240.28400 243.23199 244.32201 245.13499 242.13699 249.93401 246.14200 246.53799 252.29201 255.69200 253.52499 251.06300 247.71100 247.50000 254.54100 249.46400 246.35800 244.55701 244.86700 241.95200 239.31100 245.28101 241.19600 245.37700 245.07500 242.30701 245.00999 247.72301 247.47701 248.25999 251.22400 251.95200 258.00000 258.66199 261.95801 261.74301 260.30301
-9999 -9999 -9999 264.73901 263.35300 260.58600 259.83099 260.81601 263.10300 264.66699 263.83099 264.46701 261.42099 256.45801 250.93100 253.65500 251.42700 252.41901 254.86800 255.53900 254.16499 250.54300 253.01801 250.95500 246.28500 249.17999 248.45700 246.02400 245.64799 235.79601 229.67599 233.56500 239.69901 240.19501 238.47200 240.72099 243.61000 245.38400 247.00500 245.96899 245.82100 249.41499 252.65500 254.49200 257.01300 253.53400 252.57800 249.45000 248.84900 243.54900 240.81400 247.12700 244.75301 243.66701 245.36800 244.47301 246.20599 247.40900 244.45100 245.09599 249.56700 251.17101 253.91100 251.88400 255.36800 257.61600 258.47501 257.95700 253.42000 254.67200
-9999 -9999 -9999 264.73001 267.18399 262.52399 264.47900 261.79501 261.79300 261.50000 263.39999 263.64200 255.64400 252.48000 250.03200 250.83200 248.51199 246.66499 247.92700 249.95900 245.64799 241.08200 237.07001 240.80400 242.75500 245.71600 247.08600 245.58501 236.22701 229.05800 232.27499 243.01601 237.91299 229.97701 230.42599 234.95000 241.80600 248.38000 245.17300 247.93201 246.12801 242.56400 240.43300 245.95399 255.96500 249.37601 246.01601 250.44800 244.10300 245.86700 239.65100 243.94099 242.85899 239.30901 242.75900 243.47600 244.83800 242.54500 242.14301 243.59801 240.31400 249.03999 251.78799 253.37801 253.87199 257.53101 258.01099 255.68500 250.73801 252.56300
-9999 -9999 -9999 266.47699 268.72101 262.28299 262.52802 262.05099 259.39499 261.49500 266.23499 260.27802 253.47900 249.35500 243.51900 246.06599 243.69400 246.29700 252.13901 254.76300 248.46100 243.22800 239.44200 246.88000 248.87399 250.18500 252.97200 247.66299 239.43900 232.99400 231.63000 235.08900 232.56300 234.16901 236.41600 238.21400 238.56700 244.06200 247.04900 247.12700 243.98300 242.72501 241.52299 242.94501 248.16901 248.61000 248.63901 248.71100 246.89700 245.17999 243.78600 249.05600 245.04900 238.29201 245.39101 239.06599 245.70500 246.86301 244.52901 239.60201 243.47000 246.57100 249.84599 246.67400 248.72701 257.10901 257.01099 252.33400 251.49400 262.25699
-9999 -9999 -9999 -9999 262.50500 259.91699 261.19101 257.40201 257.29199 259.36401 264.57501 260.83600 245.53101 252.53300 -9999 -9999 -9999 -9999 -9999 238.13400 237.78500 239.97400 236.40800 233.52400 237.59300 241.48700 250.01300 245.65100 241.38699 242.09399 239.06900 237.10300 235.59500 239.61099 244.96899 247.11600 244.54300 247.96201 247.12000 247.51401 249.18800 248.57401 246.00900 242.65500 244.91901 247.63901 247.00800 243.16701 246.41800 249.44901 246.13699 244.42799 247.62900 240.36099 239.64000 236.59399 235.57001 237.34599 238.59000 243.14900 241.99200 241.80499 244.97099 248.47800 250.67101 250.64400 255.65700 262.79401 268.07199 -9999
-9999 -9999 266.17700 264.46500 262.66199 263.10501 261.85800 255.83701 259.53900 260.29001 264.61801 259.27200 245.96600 -9999 -9999 -9999 -9999 -9999 232.06200 238.51100 238.52800 243.87199 244.11000 239.41901 240.25999 241.85201 250.20700 249.83000 248.09100 247.74600 244.68100 242.16600 242.61700 242.28200 244.42400 248.98801 246.92700 247.98599 247.38800 248.34000 246.31300 248.36700 247.07700 247.93700 250.60699 250.77901 250.05701 251.18201 255.00400 258.94101 257.04800 255.11900 252.32899 253.97800 248.16600 251.31200 246.47800 240.69400 242.00400 250.89700 251.23700 251.69299 253.16100 252.67000 257.63501 260.93301 265.98999 -9999 -9999 -9999
-9999 -9999 265.33899 265.04199 265.39801 263.77899 264.11700 259.20801 260.97101 261.60699 259.28000 257.28101 257.25699 -9999 -9999 -9999 -9999 247.47501 235.88901 243.15900 242.61000 243.73500 243.20399 245.11099 249.03500 254.85400 253.54500 252.14799 250.73100 251.43401 248.15100 242.54100 246.31200 247.82500 246.42000 247.90300 249.17700 249.31300 245.10699 241.64301 244.74001 243.00000 243.41600 245.40500 245.02299 250.36800 254.33900 251.45399 260.51999 258.93500 260.37900 260.84399 260.87000 259.76099 257.97000 264.16400 260.26099 249.52600 248.12100 254.42200 257.32300 252.36800 257.83701 265.41299 270.74600 -9999 -9999 -9999 -9999 -9999
-9999 -9999 268.24399 263.93701 263.92801 262.87000 263.56100 262.96301 261.60999 259.64301 255.82899 255.45200 271.63000 -9999 -9999 -9999 -9999 239.33299 240.99600 243.77600 243.57600 246.54401 249.87300 254.03900 252.67599 254.76100 250.80299 252.15199 252.67200 250.82800 247.87100 246.53101 245.46800 244.81700 248.04700 246.93300 245.67599 245.39700 243.43500 246.08701 245.80299 248.68700 249.35800 245.57201 248.68500 248.64500 250.31799 250.42200 256.08401 257.39801 263.62500 261.49899 260.95700 259.65601 258.86401 267.29800 267.10101 258.85400 260.35300 262.52100 269.89899 270.84399 271.78500 267.65601 263.34698 262.56000 273.45901 267.81201 275.35300 -9999
-9999 -9999 -9999 265.69199 263.32101 264.57599 265.80801 267.00299 263.25101 259.64301 263.73401 271.31000 -9999 -9999 -9999 -9999 247.72701 244.45799 248.50800 249.13100 250.01199 253.33900 252.55000 254.01100 253.21700 253.21201 252.32800 250.98000 251.61501 245.46700 246.13800 247.75999 250.58000 249.49800 249.31000 250.50301 251.81900 252.33099 252.01199 252.67999 250.48399 251.42101 249.29401 251.77699 256.14401 254.12700 257.32901 261.66800 260.39999 261.87799 259.10400 260.66299 263.03799 259.02802 255.20100 257.34900 259.06400 254.71600 257.16299 264.09000 266.20099 266.72900 259.85901 246.28600 240.06799 259.91199 270.82599 271.54099 276.52701 277.81000
-9999 -9999 -9999 -9999 267.39600 266.96201 266.69101 263.73599 261.07101 268.49899 273.26300 -9999 -9999 -9999 -9999 252.96700 248.85699 251.82500 254.39700 252.57401 254.77499 256.63400 255.38600 252.11501 252.27299 255.91200 256.20801 255.28600 252.99800 252.53300 250.26900 255.82800 255.25900 254.03799 249.91901 251.55600 252.42200 253.64900 253.15300 253.39700 250.59700 251.21001 252.17799 254.65700 258.62201 258.20599 259.31900 262.42001 264.25900 265.13000 265.85300 266.46500 263.89999 262.86401 264.52399 267.28299 268.55701 259.71899 260.06000 265.83401 260.56799 255.95700 255.91299 257.38501 253.03200 260.73199 272.28000 276.37100 273.38101 277.10501
-9999 -9999 -9999 -9999 -9999 -9999 266.48199 266.70499 271.28799 272.29999 268.56400 -9999 -9999 -9999 -9999 -9999 255.78400 255.78101 257.21100 254.67101 254.55600 265.50400 254.27499 253.71899 254.75500 258.72101 260.37299 258.67401 259.38199 258.34698 255.49800 255.87100 257.82101 252.12000 253.07100 257.51300 254.81400 249.97301 253.63600 250.33501 249.66000 246.05901 246.78000 255.16000 256.90100 259.23401 261.94501 262.83200 264.12201 265.39301 266.92599 267.35101 268.57700 268.82199 268.30801 269.19400 268.35901 264.90701 263.22400 261.96701 257.87201 254.74300 254.14000 251.10500 248.60600 257.02399 270.66101 279.78500 278.18799 276.79999
-9999 -9999 -9999 -9999 -9999 -9999 -9999 -9999 -9999 -9999 -9999 -9999 -9999 -9999 -9999 -9999 -9999 -9999 -9999 256.34299 256.49600 262.96799 258.55600 259.02399 258.71301 258.76099 258.78900 264.97299 264.35999 260.27701 259.11899 259.27899 255.03101 254.61200 254.37500 256.54999 257.71100 252.63200 252.10100 248.03400 246.48399 247.74100 250.42799 256.52701 257.41299 259.97900 264.12500 265.12201 266.13699 267.06201 267.54999 270.44699 270.07501 273.17499 271.96100 270.88101 269.48199 269.07199 264.73901 262.49600 254.77100 256.76599 254.73300 250.14500 249.76801 265.54401 276.71399 282.65302 281.83099 275.10101
-9999 -9999 -9999 -9999 -9999 -9999 -9999 -9999 -9999 -9999 -9999 -9999 -9999 -9999 -9999 -9999 -9999 -9999 257.91599 256.49701 259.17499 261.04001 261.26001 262.08600 263.17999 261.64899 263.35001 262.93100 261.36899 257.68799 257.74301 256.80099 254.65800 255.58501 255.80701 256.92899 255.31400 255.70500 251.35400 248.16701 246.98801 249.50301 250.29300 251.25301 253.47701 257.80899 263.28601 267.33801 270.62100 269.65100 271.66000 270.73599 271.71500 272.16000 270.45901 273.32599 272.23099 264.49600 258.93500 262.83801 264.64499 264.92001 261.28900 258.91501 257.38199 270.03201 277.67200 282.95099 283.45599 283.26700
-9999 -9999 -9999 -9999 -9999 -9999 -9999 -9999 -9999 -9999 -9999 -9999 -9999 -9999 -9999 -9999 -9999 259.29599 259.00101 262.36301 260.92999 261.25601 261.53000 263.64600 265.31799 263.70300 264.70999 263.07501 258.07700 255.57800 255.82800 258.40100 256.66501 259.71301 260.17401 255.22501 252.00000 252.69901 253.01801 249.86000 249.50600 251.46600 251.00500 254.61200 256.44501 261.32001 264.76300 266.02200 271.74701 271.70499 274.79700 275.17700 273.33600 272.47400 272.65701 273.70001 270.65500 264.83600 262.29901 265.76501 273.56699 267.84100 255.06100 254.03700 268.97900 274.77499 276.50900 282.83200 284.25101 284.61301
-9999 -9999 -9999 -9999 -9999 -9999 -9999 -9999 -9999 -9999 -9999 -9999 -9999 -9999 -9999 -9999 -9999 258.26999 259.08701 255.59900 258.97501 259.88800 262.16699 266.14099 271.16699 267.71600 267.93201 264.70099 263.72000 259.39700 259.22800 260.78601 261.35001 264.33801 260.28201 256.55399 254.17500 254.07401 249.71400 249.70200 251.32800 254.22099 255.89101 258.20700 259.82300 268.61301 271.06799 265.20901 269.12701 275.03699 276.81699 276.76599 275.06201 274.78500 275.13901 273.91800 265.83600 266.24600 269.21701 271.36801 269.25101 263.70001 263.69400 263.21100 257.87500 265.43701 276.92700 274.16800 283.54401 286.35300
-9999 -9999 -9999 -9999 -9999 -9999 -9999 -9999 -9999 -9999 -9999 -9999 -9999 -9999 -9999 -9999 252.48199 252.78500 253.17799 254.20599 260.74100 265.28799 264.44000 269.82199 276.30499 269.69299 270.93701 273.23099 268.81601 262.76599 262.13501 264.17801 263.90701 267.91501 265.28601 261.40500 257.78900 255.02600 251.52499 255.01100 257.01801 256.72699 258.23499 262.68201 265.25900 271.56900 273.64099 266.21701 269.59399 276.19699 278.48401 278.43799 276.72601 276.61700 275.97800 275.31000 273.47699 271.55301 272.21500 269.56100 271.43600 269.55399 265.34601 257.64401 265.67700 270.79800 275.45599 280.99500 288.63300 289.89899
-9999 -9999 -9999 -9999 -9999 -9999 -9999 -9999 -9999 -9999 -9999 -9999 -9999 257.76700 254.10001 255.62000 254.32001 249.17999 253.31799 260.07800 262.22501 261.74899 266.36200 266.33301 265.26801 272.88199 272.58401 271.27701 270.19699 270.51901 269.20901 268.08701 267.15799 267.34000 265.74899 262.57999 262.05099 260.63199 258.09900 258.43500 260.13501 263.67499 265.49899 269.85901 270.76999 271.99600 272.69299 273.58701 273.90500 274.14700 275.10699 276.13199 275.99100 279.77301 280.31201 279.77701 279.47900 277.30200 277.12399 277.95499 276.79700 276.29901 275.38699 276.69901 282.43600 289.13000 291.66800 290.53101 289.97299 289.84900
-9999 -9999 -9999 -9999 -9999 -9999 -9999 -9999 -9999 -9999 -9999 -9999 257.20300 256.60199 254.01700 256.01700 256.53400 255.60899 255.69400 265.80301 262.85501 267.15900 269.26001 268.31000 267.68301 275.36301 274.46100 273.79599 272.38400 273.73401 273.32401 271.64700 270.46701 270.32599 270.18301 267.53000 265.22699 263.93600 261.65201 263.71399 263.86301 266.86700 269.37100 272.53799 273.97000 274.63501 275.28201 275.67899 275.06699 274.90201 275.82199 276.81400 277.40701 281.23901 282.40701 284.91299 283.58401 276.95200 273.90601 276.63699 277.44299 279.83401 281.15302 281.52399 286.33099 292.98599 294.11301 292.19299 292.50201 286.63199
-9999 -9999 -9999 -9999 -9999 -9999 -9999 -9999 -9999 -9999 -9999 249.15601 251.18700 248.99699 253.25700 259.19101 260.64801 261.28299 261.89200 262.98199 265.16599 269.23700 270.40799 271.15302 270.03799 269.63300 269.68500 274.39001 277.01300 277.02499 274.78000 273.66101 273.27600 273.29199 273.27802 269.04800 265.40500 262.87100 265.18701 266.70700 269.43399 270.90302 275.14600 277.86401 278.14301 278.20200 278.46201 278.54501 277.85699 277.33499 277.54401 272.38400 275.13300 275.98499 278.11700 281.83899 284.35501 281.46899 285.41699 287.62701 286.95499 291.04401 291.54800 294.07101 295.42599 296.45801 296.06201 296.39999 290.62799 283.00201
-9999 -9999 -9999 -9999 -9999 -9999 -9999 -9999 -9999 -9999 249.91800 249.65900 255.81799 252.22900 257.31699 262.17899 263.78400 263.61499 263.57700 264.91901 266.85599 272.23999 272.90399 273.14001 272.73199 272.45001 271.83801 278.31000 278.71600 277.04901 276.27100 275.36401 274.85501 275.62601 273.62201 268.69199 266.35999 265.31500 268.73099 270.86700 274.23999 277.80499 282.17200 281.41199 281.77399 281.84201 282.05499 281.57199 280.80600 280.20801 279.25400 272.83301 275.50000 276.54401 278.22198 282.15399 281.17899 283.32001 290.05899 291.31799 291.56299 292.71500 293.91400 295.44901 296.58499 297.57599 298.04700 295.87500 289.07901 278.85400
-9999 -9999 -9999 -9999 -9999 -9999 -9999 -9999 -9999 257.70200 257.81400 257.82101 257.90201 258.15601 259.99701 262.82999 264.53101 264.63599 268.41400 270.11099 271.99500 271.62500 272.18799 274.68399 274.43301 276.42499 277.83701 276.59399 276.09500 278.88501 281.35800 274.94800 272.81400 268.62299 264.83401 263.39899 262.20499 269.00800 271.42801 279.49301 283.47800 286.59201 289.34601 288.61301 288.44501 287.50800 288.49200 285.26901 284.73700 284.47400 282.14499 276.34799 273.94000 266.81799 267.62701 286.53699 289.86899 292.95099 294.30301 295.21201 294.82001 294.95001 295.60699 296.87601 297.77200 297.03299 295.74899 290.15900 285.16199 282.60101
-9999 -9999 -9999 -9999 -9999 -9999 -9999 -9999 -9999 -9999 260.30899 262.50299 262.59900 262.72400 267.42801 266.14200 266.09201 265.97501 268.26999 269.67401 269.49600 272.28799 273.39700 -9999 -9999 -9999 -9999 -9999 -9999 281.10599 281.23300 276.16101 273.71600 269.40701 265.85199 265.14700 265.38699 271.73499 275.61401 283.96399 288.21600 290.48401 292.55801 291.71899 292.01099 291.61200 289.82599 288.09698 287.46899 286.25500 284.39099 280.09000 275.09601 268.40500 269.83701 291.12000 294.03400 295.49399 296.71600 297.02399 297.08099 295.91400 296.50601 297.20901 289.58099 294.62399 291.13199 286.74301 274.24200 278.78201
-9999 -9999 -9999 -9999 -9999 -9999 -9999 -9999 -9999 -9999 -9999 -9999 265.41199 268.20700 268.81100 277.34601 275.88400 277.06299 276.99799 -9999 -9999 -9999 -9999 -9999 -9999 -9999 -9999 -9999 -9999 -9999 -9999 -9999 -9999 274.14899 267.14999 270.70099 271.63800 277.87399 283.77899 291.85199 294.95099 294.20001 295.15302 295.71701 294.77802 294.89499 294.06100 293.70599 292.63000 292.77802 289.91599 276.51901 275.10699 277.19000 278.95999 292.38599 293.19400 294.89801 297.10800 297.75900 297.70200 296.18100 294.76300 295.45300 296.01001 296.73901 290.64099 287.88000 284.45700 289.47601
-9999 -9999 -9999 -9999 -9999 -9999 -9999 -9999 -9999 -9999 -9999 -9999 -9999 -9999 -9999 -9999 -9999 -9999 -9999 -9999 -9999 -9999 -9999 -9999 -9999 -9999 -9999 -9999 -9999 -9999 -9999 -9999 -9999 -9999 272.62299 272.12601 279.70801 281.64801 287.75500 295.48001 297.83801 295.42001 295.94901 298.04901 297.64401 295.78101 294.90701 295.47000 293.57199 294.06699 291.48999 279.76001 277.53299 278.82599 280.03601 294.63101 294.41299 290.39700 293.14801 295.77802 296.54300 296.13901 298.74399 298.91800 299.51599 296.00000 290.76901 286.45999 281.89801 288.75800
