data/hydroclimate-scenarios/BCSD_hadcm_A1B/monthly_summaries/olr_monthly_avg_jan.2070-2099.asc
ncols	311
nrows	91
xllcenter	102.75
yllcenter	31.75
cellsize	0.5
NODATA_value	-9999
[rows 0 to 30 of 91, columns 70 to 139 of 311]
-9999 -9999 -9999 -9999 -9999 -9999 -9999 -9999 -9999 -9999 -9999 -9999 -9999 -9999 -9999 -9999 -9999 -9999 -9999 -9999 -9999 -9999 -9999 -9999 -9999 -9999 -9999 -9999 -9999 -9999 -9999 -9999 -9999 -9999 -9999 -9999 -9999 -9999 -9999 -9999 -9999 -9999 -9999 -9999 -9999 -9999 -9999 -9999 -9999 -9999 -9999 -9999 -9999 -9999 -9999 -9999 -9999 -9999 -9999 -9999 -9999 -9999 -9999 -9999 -9999 -9999 -9999 -9999 -9999 -9999
-9999 -9999 -9999 -9999 -9999 -9999 -9999 -9999 -9999 -9999 -9999 -9999 -9999 -9999 -9999 -9999 -9999 -9999 -9999 -9999 -9999 -9999 -9999 -9999 -9999 -9999 -9999 -9999 -9999 -9999 -9999 -9999 -9999 -9999 -9999 -9999 -9999 -9999 -9999 -9999 -9999 -9999 -9999 -9999 -9999 -9999 -9999 -9999 -9999 -9999 -9999 -9999 -9999 -9999 -9999 -9999 -9999 -9999 -9999 -9999 -9999 -9999 -9999 -9999 -9999 -9999 -9999 -9999 -9999 -9999
-9999 -9999 -9999 -9999 -9999 -9999 -9999 -9999 -9999 -9999 -9999 -9999 -9999 -9999 -9999 -9999 -9999 -9999 -9999 -9999 -9999 -9999 -9999 -9999 -9999 -9999 -9999 -9999 -9999 -9999 -9999 -9999 -9999 -9999 -9999 -9999 -9999 -9999 -9999 -9999 -9999 -9999 -9999 -9999 -9999 -9999 -9999 -9999 -9999 -9999 -9999 -9999 -9999 -9999 -9999 -9999 -9999 -9999 -9999 -9999 -9999 -9999 -9999 -9999 -9999 -9999 -9999 -9999 -9999 -9999
-9999 -9999 -9999 -9999 -9999 -9999 -9999 -9999 -9999 -9999 -9999 -9999 -9999 -9999 -9999 -9999 -9999 -9999 -9999 -9999 -9999 -9999 -9999 -9999 -9999 -9999 -9999 -9999 -9999 -9999 -9999 -9999 -9999 -9999 -9999 -9999 -9999 -9999 -9999 -9999 -9999 -9999 -9999 -9999 -9999 -9999 -9999 -9999 -9999 -9999 -9999 -9999 -9999 -9999 -9999 -9999 -9999 -9999 -9999 -9999 -9999 -9999 -9999 -9999 -9999 -9999 -9999 -9999 -9999 -9999
-9999 -9999 -9999 -9999 -9999 -9999 -9999 -9999 -9999 -9999 -9999 -9999 -9999 -9999 -9999 -9999 -9999 -9999 -9999 -9999 -9999 -9999 -9999 -9999 -9999 -9999 -9999 -9999 -9999 -9999 -9999 -9999 -9999 -9999 -9999 -9999 -9999 -9999 -9999 -9999 -9999 -9999 -9999 -9999 -9999 -9999 -9999 -9999 -9999 -9999 -9999 -9999 -9999 -9999 -9999 -9999 -9999 -9999 -9999 -9999 -9999 -9999 -9999 -9999 -9999 -9999 -9999 -9999 -9999 -9999
-9999 -9999 -9999 -9999 -9999 -9999 -9999 -9999 -9999 -9999 -9999 -9999 -9999 -9999 -9999 -9999 -9999 -9999 -9999 -9999 -9999 -9999 -9999 -9999 -9999 -9999 -9999 -9999 -9999 -9999 -9999 -9999 -9999 -9999 -9999 -9999 -9999 -9999 -9999 -9999 -9999 -9999 -9999 -9999 -9999 -9999 -9999 -9999 -9999 -9999 -9999 -9999 -9999 -9999 -9999 -9999 -9999 -9999 -9999 -9999 -9999 -9999 -9999 -9999 -9999 -9999 -9999 -9999 -9999 -9999
-9999 -9999 -9999 -9999 -9999 -9999 -9999 -9999 -9999 -9999 -9999 -9999 -9999 -9999 -9999 -9999 -9999 -9999 -9999 -9999 -9999 -9999 -9999 -9999 -9999 -9999 -9999 -9999 -9999 -9999 -9999 -9999 -9999 -9999 -9999 -9999 -9999 -9999 -9999 -9999 -9999 -9999 -9999 -9999 -9999 -9999 -9999 -9999 -9999 -9999 -9999 -9999 -9999 -9999 -9999 -9999 -9999 -9999 -9999 -9999 -9999 -9999 -9999 -9999 -9999 -9999 -9999 -9999 -9999 -9999
-9999 -9999 -9999 -9999 -9999 -9999 -9999 -9999 -9999 -9999 -9999 -9999 -9999 -9999 -9999 -9999 -9999 -9999 -9999 -9999 -9999 -9999 -9999 -9999 -9999 -9999 -9999 -9999 -9999 -9999 -9999 -9999 -9999 -9999 -9999 -9999 -9999 -9999 -9999 -9999 -9999 -9999 -9999 -9999 -9999 -9999 -9999 -9999 -9999 -9999 -9999 -9999 -9999 -9999 -9999 -9999 -9999 -9999 -9999 -9999 -9999 -9999 -9999 -9999 -9999 -9999 -9999 -9999 -9999 -9999
-9999 -9999 -9999 -9999 -9999 -9999 -9999 149.41400 -9999 -9999 -9999 -9999 -9999 -9999 -9999 -9999 -9999 -9999 -9999 -9999 -9999 -9999 -9999 -9999 -9999 -9999 -9999 -9999 -9999 -9999 -9999 -9999 -9999 -9999 -9999 -9999 -9999 -9999 -9999 -9999 -9999 -9999 -9999 -9999 -9999 -9999 -9999 -9999 -9999 -9999 -9999 -9999 -9999 -9999 -9999 -9999 -9999 -9999 -9999 -9999 -9999 -9999 -9999 -9999 -9999 -9999 -9999 -9999 -9999 -9999
-9999 -9999 -9999 173.73000 146.98100 148.10800 148.32201 149.46300 150.36501 152.06400 153.17999 155.01100 156.50400 158.17400 159.84500 161.90800 163.62399 165.64301 167.48300 168.65100 169.73500 171.13300 171.75200 -9999 -9999 -9999 -9999 -9999 -9999 -9999 -9999 -9999 -9999 -9999 -9999 -9999 -9999 -9999 -9999 -9999 -9999 -9999 -9999 -9999 -9999 -9999 -9999 -9999 -9999 -9999 -9999 -9999 -9999 -9999 -9999 -9999 -9999 -9999 -9999 -9999 -9999 -9999 -9999 -9999 -9999 -9999 -9999 -9999 -9999 -9999
-9999 -9999 -9999 -9999 -9999 146.92101 147.74100 148.42900 149.49800 151.25800 152.33900 154.19000 155.83501 157.27000 159.07300 161.62500 163.10400 165.21100 166.96201 168.32401 169.77299 170.59599 170.91901 -9999 -9999 -9999 -9999 -9999 -9999 -9999 -9999 -9999 -9999 -9999 -9999 -9999 -9999 -9999 -9999 -9999 -9999 -9999 -9999 -9999 -9999 -9999 -9999 -9999 -9999 -9999 -9999 -9999 -9999 -9999 -9999 -9999 -9999 -9999 -9999 -9999 -9999 -9999 -9999 -9999 -9999 -9999 -9999 -9999 -9999 -9999
144.02800 144.87601 145.07500 145.44099 146.46201 146.43201 147.53400 148.12300 149.19501 150.78799 152.17799 153.77299 155.12700 156.81599 158.47800 161.06000 162.82100 165.16100 167.17500 169.18900 170.59100 171.46600 171.50301 171.12601 170.65100 170.43100 170.30701 169.40300 169.10800 -9999 -9999 -9999 -9999 -9999 -9999 -9999 -9999 -9999 -9999 -9999 -9999 -9999 -9999 -9999 -9999 -9999 -9999 -9999 -9999 -9999 -9999 -9999 -9999 -9999 -9999 -9999 -9999 -9999 -9999 -9999 -9999 -9999 -9999 -9999 -9999 -9999 -9999 -9999 -9999 -9999
142.64700 144.12000 143.94800 145.04500 145.39301 145.93800 146.97600 147.90700 148.88000 150.52200 151.55701 153.24699 154.90401 156.03900 157.40800 160.17300 161.87100 164.42000 166.74100 169.62199 172.10500 172.08400 170.64200 170.54201 170.87500 170.33900 169.83400 169.42599 169.35699 169.87000 169.94501 168.93300 168.60300 169.58299 170.12801 169.52299 170.17400 171.53999 172.23399 172.55400 173.77299 175.76100 177.74300 179.31700 -9999 -9999 -9999 -9999 -9999 -9999 -9999 -9999 -9999 -9999 -9999 -9999 -9999 -9999 -9999 -9999 -9999 -9999 -9999 -9999 -9999 -9999 -9999 -9999 -9999 -9999
141.29300 143.09200 142.63000 143.55000 143.52400 144.13600 145.07201 146.89400 148.26900 149.64500 150.66000 152.53799 154.33000 155.24600 157.09700 159.11000 161.46001 163.82300 165.90300 168.51700 170.41600 169.94299 168.22501 168.66499 168.51801 168.56300 168.88200 168.97800 168.82100 169.27901 168.35699 169.09300 168.96800 169.85600 170.07500 170.00800 171.30200 172.33400 173.10500 173.68500 174.74300 176.89200 178.50400 180.10100 182.26401 -9999 -9999 -9999 -9999 -9999 -9999 -9999 -9999 -9999 -9999 -9999 -9999 -9999 -9999 -9999 -9999 -9999 -9999 -9999 -9999 -9999 -9999 -9999 -9999 -9999
135.57201 137.15199 137.00999 139.30800 137.20000 140.13100 141.91000 142.84100 144.57800 145.20799 148.06000 149.05800 151.69299 154.50800 156.84500 159.43500 161.34599 163.49001 165.27000 167.31300 168.57401 168.63000 168.40199 168.24400 168.48399 169.39200 167.28999 168.72000 169.64200 168.93300 167.53600 168.53999 168.80200 169.54800 170.17101 170.67500 171.31100 172.27400 173.13100 173.54500 174.57100 176.49800 178.33800 179.78400 182.22000 -9999 -9999 -9999 -9999 -9999 -9999 -9999 -9999 -9999 -9999 -9999 -9999 -9999 -9999 -9999 191.23801 190.89600 -9999 -9999 -9999 -9999 191.31700 188.19600 187.00500 188.94600
135.36000 136.67300 136.82600 138.09599 137.03500 140.51801 142.85100 143.80000 143.61800 144.27299 145.31599 149.89799 151.97800 154.25000 155.73000 157.91200 160.90300 162.88600 165.05901 166.25999 168.25700 168.43600 167.71700 168.34700 170.20900 170.38200 169.98399 169.92400 169.71899 169.30099 169.13200 169.37601 169.57600 170.01500 170.84599 170.80600 172.12100 172.41100 173.25500 173.57401 174.48599 176.85899 178.45300 180.19800 181.76601 184.00900 185.65800 186.68900 186.23199 182.64101 181.71201 183.49699 182.17400 183.30901 184.81799 184.31700 184.88499 189.50800 190.20399 189.97099 190.65800 190.82899 -9999 -9999 -9999 -9999 -9999 191.48000 190.30901 189.78900
131.60100 132.19501 136.21100 136.03000 133.92900 136.83701 140.57401 142.66499 144.15199 146.08900 148.84200 151.56300 153.14101 154.86400 156.59399 158.93700 161.10699 163.04300 164.69200 166.09599 167.24001 167.92500 168.33900 169.51300 169.76500 170.19200 170.18401 170.13800 170.38901 170.05200 169.64400 170.01801 170.05701 170.94800 170.93800 171.90100 172.44400 173.37100 174.40199 174.57800 175.55600 176.79401 178.27800 180.35500 181.89400 183.86000 185.53400 186.98000 186.87399 183.89500 182.91499 185.63600 186.90601 186.06400 182.77699 180.60300 184.93300 183.94400 183.73399 185.83099 187.89400 188.81799 188.02100 191.64400 193.76100 194.66600 194.39999 195.05099 195.58200 193.07401
133.53900 130.99200 125.27100 137.34801 132.88901 132.31200 135.95100 139.15100 140.50000 147.22501 149.27100 151.31300 153.16901 154.44299 156.47501 158.96201 160.79700 162.87000 164.43300 165.42700 164.96500 165.41299 167.04100 168.71400 169.09700 169.95900 170.10201 170.17700 170.31900 170.13800 170.01500 169.82700 170.41600 170.96700 171.56700 172.25600 173.46100 173.74200 174.75000 174.90199 175.97400 177.02600 177.98399 180.22501 181.98500 184.04700 185.25400 186.53999 187.08501 186.61000 186.65100 186.53300 187.90601 186.86099 187.39900 185.31500 182.58501 182.19901 183.54300 184.71100 183.74800 185.30800 182.95300 186.53300 191.10201 193.22501 194.09200 194.89400 195.27699 192.72900
128.83800 128.19600 125.68700 131.02100 139.59801 136.91200 140.47501 142.82001 140.90500 144.25101 147.39301 150.20399 152.79900 154.05499 156.12300 158.64700 160.81799 162.66499 163.92200 164.64000 161.02600 162.33000 164.28400 166.06200 168.05200 168.40500 168.58099 169.53400 169.46001 169.93300 170.08800 170.12300 170.71100 171.18201 171.82899 172.79800 173.23801 174.73000 174.79700 174.88499 175.06000 176.29300 178.36900 176.67400 177.15401 181.68600 185.19400 188.61900 190.34100 191.30800 190.52901 188.87700 188.78400 186.59801 187.01100 187.92000 188.91701 189.33200 185.88300 184.92700 184.46700 183.64101 182.41499 182.42500 186.87900 188.64799 190.18201 190.72000 191.72900 190.70000
135.73000 130.44701 127.37200 128.20500 128.88600 133.84900 140.03000 141.51100 139.75000 139.97701 144.49300 140.54100 143.50900 146.22099 152.08501 156.12700 158.65199 161.43401 162.51401 163.20100 162.11200 161.23100 163.72400 165.26700 166.91901 167.55099 168.06300 168.86700 168.95399 169.73300 169.94299 170.45399 170.39101 170.02200 171.59000 172.66499 172.45700 173.39101 174.24699 174.28300 174.20599 175.26401 177.73500 179.63699 180.53300 181.31700 182.83099 186.46100 188.73700 191.81700 190.21600 189.03000 189.42999 187.90100 189.71800 187.82800 186.31100 186.08400 183.05499 186.72099 188.53799 188.73900 189.18900 189.59100 186.96100 184.55499 188.54900 186.57001 189.66400 190.69701
133.64101 130.55099 128.71100 128.14200 126.48500 125.32900 132.76300 136.62601 138.98100 139.71700 142.60300 140.77000 136.38300 134.11400 133.76900 142.60001 148.82300 154.39400 159.08000 161.30200 162.69400 163.25400 163.78400 165.02600 165.86600 166.60001 166.66600 167.34100 168.03400 168.93500 167.88300 169.21001 169.37700 169.20900 170.30400 173.02699 172.40199 172.89799 172.53200 175.89799 177.80200 177.25301 178.41100 181.70500 183.39301 184.39301 187.07800 189.42799 190.64600 193.51900 195.49300 196.24500 195.76401 192.87199 192.63699 192.29601 191.94901 189.11600 187.03600 189.05800 185.29900 188.39101 189.86501 191.60500 193.32500 194.07500 194.15500 193.21300 193.06599 194.50800
128.41800 125.66900 126.44500 124.72600 124.38100 124.98500 126.06100 126.71100 129.48100 133.25999 138.13200 143.05800 141.61501 139.14600 137.96800 136.69800 138.23801 141.04401 145.18401 151.38400 155.14700 159.08200 160.76100 162.68201 163.82700 164.76700 165.37801 166.41100 166.77000 165.84200 165.28400 168.64600 165.20500 165.22000 166.89600 169.38200 170.81900 172.51500 173.43600 176.59200 177.58701 178.91299 180.16499 184.18900 183.55200 186.20000 186.71400 189.23500 190.35800 192.88600 194.65401 192.45500 192.91100 189.05299 189.24600 189.80099 190.91499 187.48100 190.65700 191.55901 187.82800 192.20399 192.77600 194.57700 198.52299 196.92900 196.44000 194.04900 196.47501 198.54500
131.62801 129.24899 126.32600 124.81700 125.87200 124.18800 123.68500 125.16900 127.40300 128.45900 132.67000 135.07201 135.77299 137.10400 140.89200 141.89999 143.28600 141.92999 140.56300 141.49300 144.88699 148.65100 151.55901 157.52000 160.83701 163.88699 164.22400 165.44200 163.85500 162.23399 163.20399 164.15401 165.27800 164.52800 167.49800 166.81700 172.89500 174.50301 175.06799 174.43300 177.45000 181.54900 184.65900 185.46600 185.64500 183.45500 184.12100 185.99899 188.28600 188.53500 186.47099 186.14700 188.59599 188.37801 185.64600 189.84700 188.21700 193.37500 191.23801 196.18100 198.24500 197.53999 199.43900 198.92300 199.26401 196.63901 199.32001 201.56400 203.30600 201.56700
130.35100 130.78400 130.31300 130.10300 130.59801 126.38800 124.10500 124.46500 124.37000 125.49000 128.90300 134.76500 128.00200 130.29401 134.62199 132.02000 131.02499 132.94000 147.74200 143.08099 138.18401 141.14799 144.53600 149.86501 159.82001 162.58701 163.40800 164.73500 163.59200 162.02299 163.15300 162.94299 164.94400 167.03900 169.22600 173.92599 175.04300 175.14600 177.31500 177.99200 178.78300 178.54401 182.96100 185.58400 185.73300 191.35899 193.04300 192.89500 191.42300 189.20200 188.85300 188.66000 191.39900 192.52901 192.56900 191.76500 191.81400 194.92900 194.72800 200.60400 201.80400 204.48199 204.57201 202.09399 200.11301 204.09300 206.45200 206.53200 208.58600 207.25700
130.17700 131.21201 131.84801 131.84599 132.32300 130.15900 129.82600 129.10400 127.78800 128.51199 128.37000 129.79800 130.40100 131.98000 135.62900 133.59500 134.41000 133.09200 138.02000 144.12300 148.45599 146.43800 147.18401 151.19200 153.26401 158.81200 162.53900 164.20000 163.46899 162.97600 164.27100 163.90300 166.58400 169.75000 170.91100 172.21700 174.75400 176.58501 178.78999 179.74300 179.81000 178.78101 180.30400 182.27299 184.46400 192.22501 194.67200 193.40800 192.84200 191.53000 189.39400 189.68201 193.41901 196.07401 192.83400 197.74001 199.68201 200.82600 203.11400 200.30299 203.65900 205.28900 206.75200 206.08000 208.46800 209.34200 209.30901 209.18800 209.08099 206.27200
130.80499 131.74800 131.98900 130.76300 131.26900 131.81200 133.28101 132.92799 132.80701 132.85300 133.02100 130.80200 130.03799 133.16701 138.38699 140.85899 140.19600 141.44000 142.89500 141.41800 145.48000 148.13100 153.32100 157.18600 156.59000 155.99800 157.82899 162.65401 161.61400 161.00101 159.98000 162.88300 164.68700 170.08000 171.15300 171.32600 170.92000 173.75500 172.38901 176.97301 174.64500 173.05600 177.76401 180.78999 178.88300 183.44901 189.66299 191.15500 192.09500 193.19600 192.59200 192.45599 198.35201 201.34300 202.84300 206.80200 207.17900 206.73100 205.61600 207.50301 205.10100 208.70100 208.76801 208.63000 208.89900 210.40199 211.06300 211.23599 211.47501 209.55000
135.04900 132.42000 130.88100 130.30701 130.66200 132.15199 133.30499 134.69800 135.10600 135.99100 132.90199 134.21300 135.18700 133.64700 138.72701 146.08200 148.98801 147.23199 147.07001 147.01700 149.08701 152.25000 154.26700 157.16901 159.72400 160.32001 161.37100 160.32500 161.32201 162.15300 160.87100 165.47501 165.65601 170.18900 167.25900 168.20700 173.93500 172.67101 171.17999 174.49100 177.34000 175.67101 176.15601 177.51300 181.42500 183.21400 186.71800 189.07899 190.09399 192.84100 192.60899 195.33200 196.55000 199.32001 200.56000 202.06799 203.93900 205.35800 209.48399 211.46800 213.20700 214.34801 212.62500 211.80200 211.59000 210.95900 211.74300 212.17900 212.65601 208.10899
138.41400 137.46500 135.96300 132.15900 132.18500 132.16100 136.54500 137.23801 139.68600 138.41600 137.88300 140.45500 142.76601 142.68100 142.24600 147.40401 150.81300 151.06200 155.00101 156.44600 159.61301 153.80600 159.05099 162.93500 164.23000 164.41200 161.08701 158.39000 159.72200 160.74300 162.41100 161.05299 165.11400 167.89999 166.45700 166.42300 171.84801 171.88400 171.69299 171.23199 173.74600 175.31599 176.20300 179.10400 180.70300 183.76700 184.91600 190.98801 191.91400 192.19800 194.60800 197.69299 199.26801 203.15500 207.17500 207.78300 211.18800 212.06200 213.67700 216.24600 216.75900 217.26900 215.63901 215.15500 213.50800 208.18500 209.75301 209.62801 210.71201 209.63200
140.37900 137.98801 138.64500 135.32500 133.89700 134.90800 133.39101 135.87300 140.64999 140.71100 141.04100 145.38100 145.92999 148.94800 150.67599 149.92900 155.40900 159.78900 163.10800 164.77299 166.61600 167.63699 164.41100 166.86900 170.26601 171.53101 171.66600 167.46800 165.58200 165.70399 163.94800 166.54100 167.72000 167.77100 167.93401 168.62199 169.54900 172.87199 171.29401 169.94400 170.15199 175.81300 178.02299 178.47200 184.64900 187.73300 191.57899 196.49899 200.95100 202.91800 206.32600 209.00400 211.88200 213.66701 214.12500 214.31700 215.71400 217.52000 219.95000 220.09700 220.40300 220.10201 219.70900 215.93700 209.93800 207.28999 208.50900 208.42300 210.60300 213.10300
143.67400 144.89301 143.16100 139.18401 140.62000 138.64600 138.71600 134.80400 138.67000 142.50600 141.21800 143.39900 146.71201 150.30499 150.66600 154.65601 160.04500 160.63400 163.89700 170.09200 172.00999 170.88699 169.16600 167.16800 173.75800 176.58200 175.35201 169.41701 168.69501 166.68500 164.13901 168.46600 170.46800 169.36600 169.80901 170.24001 173.13100 174.06400 176.37100 174.96400 176.28000 180.64200 187.57600 186.75400 191.77499 198.10100 200.27000 201.29601 203.33299 203.38300 207.94400 -9999 -9999 217.43700 219.66100 222.31900 221.19000 221.87199 222.89200 222.97099 220.54500 220.18300 215.25200 210.78900 206.24500 208.17300 205.69600 204.92101 205.18800 212.41701
140.92799 141.46800 145.02299 143.65601 142.73801 142.77200 144.50000 139.85100 144.49300 143.36099 142.47200 142.54700 146.75800 147.40601 149.68800 154.99400 158.96700 158.68800 163.82100 169.15601 167.92700 173.19200 176.56500 178.00800 176.73000 169.04800 171.92700 170.18700 170.50500 168.69600 168.60201 167.72600 172.43500 172.31200 171.83200 173.19299 175.05000 176.11900 184.59100 191.34100 -9999 -9999 -9999 -9999 203.45300 -9999 201.34000 198.08099 204.19701 206.66000 214.53700 -9999 -9999 217.99600 220.68100 223.75700 224.56700 225.94400 224.45399 221.68500 217.96899 216.61600 213.86501 211.70599 210.01199 213.08800 203.63600 203.11301 206.01801 215.83800
