data/hydroclimate-scenarios/BCSD_hadcm_A1B/monthly_summaries/olr_monthly_avg_jul.2070-2099.asc
ncols	311
nrows	91
xllcenter	102.75
yllcenter	31.75
cellsize	0.5
NODATA_value	-9999
[rows 0 to 30 of 91, columns 70 to 139 of 311]
-9999 -9999 -9999 -9999 -9999 -9999 -9999 -9999 -9999 -9999 -9999 -9999 -9999 -9999 -9999 -9999 -9999 -9999 -9999 -9999 -9999 -9999 -9999 -9999 -9999 -9999 -9999 -9999 -9999 -9999 -9999 -9999 -9999 -9999 -9999 -9999 -9999 -9999 -9999 -9999 -9999 -9999 -9999 -9999 -9999 -9999 -9999 -9999 -9999 -9999 -9999 -9999 -9999 -9999 -9999 -9999 -9999 -9999 -9999 -9999 -9999 -9999 -9999 -9999 -9999 -9999 -9999 -9999 -9999 -9999
-9999 -9999 -9999 -9999 -9999 -9999 -9999 -9999 -9999 -9999 -9999 -9999 -9999 -9999 -9999 -9999 -9999 -9999 -9999 -9999 -9999 -9999 -9999 -9999 -9999 -9999 -9999 -9999 -9999 -9999 -9999 -9999 -9999 -9999 -9999 -9999 -9999 -9999 -9999 -9999 -9999 -9999 -9999 -9999 -9999 -9999 -9999 -9999 -9999 -9999 -9999 -9999 -9999 -9999 -9999 -9999 -9999 -9999 -9999 -9999 -9999 -9999 -9999 -9999 -9999 -9999 -9999 -9999 -9999 -9999
-9999 -9999 -9999 -9999 -9999 -9999 -9999 -9999 -9999 -9999 -9999 -9999 -9999 -9999 -9999 -9999 -9999 -9999 -9999 -9999 -9999 -9999 -9999 -9999 -9999 -9999 -9999 -9999 -9999 -9999 -9999 -9999 -9999 -9999 -9999 -9999 -9999 -9999 -9999 -9999 -9999 -9999 -9999 -9999 -9999 -9999 -9999 -9999 -9999 -9999 -9999 -9999 -9999 -9999 -9999 -9999 -9999 -9999 -9999 -9999 -9999 -9999 -9999 -9999 -9999 -9999 -9999 -9999 -9999 -9999
-9999 -9999 -9999 -9999 -9999 -9999 -9999 -9999 -9999 -9999 -9999 -9999 -9999 -9999 -9999 -9999 -9999 -9999 -9999 -9999 -9999 -9999 -9999 -9999 -9999 -9999 -9999 -9999 -9999 -9999 -9999 -9999 -9999 -9999 -9999 -9999 -9999 -9999 -9999 -9999 -9999 -9999 -9999 -9999 -9999 -9999 -9999 -9999 -9999 -9999 -9999 -9999 -9999 -9999 -9999 -9999 -9999 -9999 -9999 -9999 -9999 -9999 -9999 -9999 -9999 -9999 -9999 -9999 -9999 -9999
-9999 -9999 -9999 -9999 -9999 -9999 -9999 -9999 -9999 -9999 -9999 -9999 -9999 -9999 -9999 -9999 -9999 -9999 -9999 -9999 -9999 -9999 -9999 -9999 -9999 -9999 -9999 -9999 -9999 -9999 -9999 -9999 -9999 -9999 -9999 -9999 -9999 -9999 -9999 -9999 -9999 -9999 -9999 -9999 -9999 -9999 -9999 -9999 -9999 -9999 -9999 -9999 -9999 -9999 -9999 -9999 -9999 -9999 -9999 -9999 -9999 -9999 -9999 -9999 -9999 -9999 -9999 -9999 -9999 -9999
-9999 -9999 -9999 -9999 -9999 -9999 -9999 -9999 -9999 -9999 -9999 -9999 -9999 -9999 -9999 -9999 -9999 -9999 -9999 -9999 -9999 -9999 -9999 -9999 -9999 -9999 -9999 -9999 -9999 -9999 -9999 -9999 -9999 -9999 -9999 -9999 -9999 -9999 -9999 -9999 -9999 -9999 -9999 -9999 -9999 -9999 -9999 -9999 -9999 -9999 -9999 -9999 -9999 -9999 -9999 -9999 -9999 -9999 -9999 -9999 -9999 -9999 -9999 -9999 -9999 -9999 -9999 -9999 -9999 -9999
-9999 -9999 -9999 -9999 -9999 -9999 -9999 -9999 -9999 -9999 -9999 -9999 -9999 -9999 -9999 -9999 -9999 -9999 -9999 -9999 -9999 -9999 -9999 -9999 -9999 -9999 -9999 -9999 -9999 -9999 -9999 -9999 -9999 -9999 -9999 -9999 -9999 -9999 -9999 -9999 -9999 -9999 -9999 -9999 -9999 -9999 -9999 -9999 -9999 -9999 -9999 -9999 -9999 -9999 -9999 -9999 -9999 -9999 -9999 -9999 -9999 -9999 -9999 -9999 -9999 -9999 -9999 -9999 -9999 -9999
-9999 -9999 -9999 -9999 -9999 -9999 -9999 -9999 -9999 -9999 -9999 -9999 -9999 -9999 -9999 -9999 -9999 -9999 -9999 -9999 -9999 -9999 -9999 -9999 -9999 -9999 -9999 -9999 -9999 -9999 -9999 -9999 -9999 -9999 -9999 -9999 -9999 -9999 -9999 -9999 -9999 -9999 -9999 -9999 -9999 -9999 -9999 -9999 -9999 -9999 -9999 -9999 -9999 -9999 -9999 -9999 -9999 -9999 -9999 -9999 -9999 -9999 -9999 -9999 -9999 -9999 -9999 -9999 -9999 -9999
-9999 -9999 -9999 -9999 -9999 -9999 -9999 310.99399 -9999 -9999 -9999 -9999 -9999 -9999 -9999 -9999 -9999 -9999 -9999 -9999 -9999 -9999 -9999 -9999 -9999 -9999 -9999 -9999 -9999 -9999 -9999 -9999 -9999 -9999 -9999 -9999 -9999 -9999 -9999 -9999 -9999 -9999 -9999 -9999 -9999 -9999 -9999 -9999 -9999 -9999 -9999 -9999 -9999 -9999 -9999 -9999 -9999 -9999 -9999 -9999 -9999 -9999 -9999 -9999 -9999 -9999 -9999 -9999 -9999 -9999
-9999 -9999 -9999 289.82199 319.17200 315.40601 313.33401 312.73199 311.86700 310.76501 310.41599 310.36499 310.28900 311.68100 310.90900 310.70700 309.85300 310.28900 309.46399 306.60300 306.10300 306.36401 306.32599 -9999 -9999 -9999 -9999 -9999 -9999 -9999 -9999 -9999 -9999 -9999 -9999 -9999 -9999 -9999 -9999 -9999 -9999 -9999 -9999 -9999 -9999 -9999 -9999 -9999 -9999 -9999 -9999 -9999 -9999 -9999 -9999 -9999 -9999 -9999 -9999 -9999 -9999 -9999 -9999 -9999 -9999 -9999 -9999 -9999 -9999 -9999
-9999 -9999 -9999 -9999 -9999 318.83899 318.05701 317.95599 317.42099 318.38599 317.34100 315.61499 314.35901 314.36200 313.76199 312.40399 312.17700 310.51801 309.81699 309.65500 309.09000 308.86700 308.77301 -9999 -9999 -9999 -9999 -9999 -9999 -9999 -9999 -9999 -9999 -9999 -9999 -9999 -9999 -9999 -9999 -9999 -9999 -9999 -9999 -9999 -9999 -9999 -9999 -9999 -9999 -9999 -9999 -9999 -9999 -9999 -9999 -9999 -9999 -9999 -9999 -9999 -9999 -9999 -9999 -9999 -9999 -9999 -9999 -9999 -9999 -9999
327.88901 327.18201 325.82999 324.72198 324.46100 322.21899 321.09900 321.58701 321.01401 321.95499 320.98599 318.78900 317.72900 317.09000 316.38501 315.20801 314.28201 312.82199 311.97900 311.77100 310.86700 310.71100 310.86301 310.73001 310.32599 310.42801 311.44601 311.72000 312.53900 -9999 -9999 -9999 -9999 -9999 -9999 -9999 -9999 -9999 -9999 -9999 -9999 -9999 -9999 -9999 -9999 -9999 -9999 -9999 -9999 -9999 -9999 -9999 -9999 -9999 -9999 -9999 -9999 -9999 -9999 -9999 -9999 -9999 -9999 -9999 -9999 -9999 -9999 -9999 -9999 -9999
328.77499 328.20401 328.00699 327.71201 326.66901 325.59100 324.85901 326.21100 325.44299 325.46701 324.92401 322.39401 321.63501 320.55600 319.27100 317.19299 316.76901 316.63699 315.32501 314.95499 314.24500 313.78601 313.16000 312.20401 313.41699 313.73401 314.34900 315.00000 315.08200 315.85999 315.83701 315.00400 315.17700 315.37000 315.19199 312.90900 312.45700 311.82401 311.84698 310.94101 311.10901 310.63101 311.57599 312.08099 -9999 -9999 -9999 -9999 -9999 -9999 -9999 -9999 -9999 -9999 -9999 -9999 -9999 -9999 -9999 -9999 -9999 -9999 -9999 -9999 -9999 -9999 -9999 -9999 -9999 -9999
329.33600 330.12000 328.19601 328.69901 327.10599 325.57700 326.64001 328.17200 328.36499 328.48401 328.09100 325.78101 325.37100 323.92001 322.71600 320.71100 319.46399 319.45001 318.33401 317.92300 316.56400 315.27600 312.60300 312.86401 313.76501 314.08200 316.02701 317.48199 317.29199 316.08499 315.15900 316.50400 316.39801 316.40701 316.23700 313.95901 313.79700 313.62701 312.95801 312.69199 312.29800 311.95300 311.93399 312.09698 313.14700 -9999 -9999 -9999 -9999 -9999 -9999 -9999 -9999 -9999 -9999 -9999 -9999 -9999 -9999 -9999 -9999 -9999 -9999 -9999 -9999 -9999 -9999 -9999 -9999 -9999
320.23999 320.56100 319.44199 321.71899 315.38599 319.69000 320.54300 320.03699 320.97299 321.20200 323.56601 321.95801 323.00201 324.14999 323.54199 324.19400 323.01199 321.14001 319.67599 318.54901 316.68301 313.43201 313.45499 312.53799 312.97501 315.30499 312.05399 315.69800 317.46399 317.17200 314.90500 315.50201 315.57401 316.24200 315.87900 315.81601 315.89499 316.02399 315.22400 314.73599 314.26401 314.53601 314.49301 314.32599 315.18201 -9999 -9999 -9999 -9999 -9999 -9999 -9999 -9999 -9999 -9999 -9999 -9999 -9999 -9999 -9999 314.96701 313.50500 -9999 -9999 -9999 -9999 307.37900 301.29199 297.24899 299.38599
321.43500 322.50699 321.19501 321.62799 317.43600 322.77802 326.82999 324.99799 321.69199 321.97501 320.76599 326.13101 326.60999 325.77399 324.09500 323.59900 324.83600 322.37799 322.74701 320.67001 319.97900 317.74500 315.92999 315.49100 317.70499 319.00101 319.32901 319.91901 320.32800 320.89899 320.54300 319.30600 319.10400 318.51700 318.00000 318.71301 318.61600 318.19400 318.04401 316.98599 316.51599 316.67700 316.73999 317.05301 316.66101 316.64999 317.22501 317.73001 316.05399 311.03699 308.03900 309.62399 307.62900 307.87100 309.87701 309.35199 309.04001 315.10901 315.53101 315.58899 314.94699 314.85400 -9999 -9999 -9999 -9999 -9999 309.17001 305.42401 302.95001
317.31799 315.39499 323.01700 320.69800 314.18799 319.78000 325.48401 325.45599 325.61801 328.69199 330.45401 330.87100 329.82599 330.05399 329.65701 328.27301 327.36600 326.65601 325.58899 324.29001 323.03400 322.94000 322.03601 322.38501 322.19699 323.77899 324.44901 324.30701 324.01099 324.44501 324.36401 324.19699 324.05099 323.43799 323.36301 323.06299 322.50800 321.63000 321.67801 320.78601 321.01099 321.79099 322.11301 320.01401 319.66599 319.21899 318.97501 318.22000 317.56100 312.78799 310.00500 313.06601 314.31900 312.10501 306.51501 302.12299 308.58801 306.27899 305.61801 307.14200 310.81100 310.88300 309.46899 313.39700 316.06699 315.95599 315.24701 314.27301 313.25699 309.73999
324.54300 314.53900 300.32999 326.54401 313.98901 312.75500 317.87799 321.63000 320.78601 333.76999 334.23901 333.53699 332.52100 332.71899 331.79700 330.66901 329.36700 328.91400 328.08499 326.38800 322.84799 321.64200 323.70099 324.19901 324.35699 326.71500 326.68701 327.37299 327.19800 326.95700 326.93900 325.51401 326.24600 325.39600 325.53601 325.29401 324.87299 324.74301 323.67300 323.62100 322.72699 323.96500 323.11801 321.35800 321.55301 321.20401 320.77701 320.19000 320.14200 319.43500 317.49500 315.02100 316.38000 314.36801 314.13400 310.75699 304.76401 303.66699 305.60199 306.11600 304.95300 306.50400 302.04300 306.60501 313.63599 316.98599 317.06699 316.93799 316.04501 312.67700
316.14700 314.04501 307.83899 315.84601 332.99200 324.65900 329.73999 330.89700 323.29501 328.42999 331.51501 332.30600 333.25699 333.62000 332.63101 333.09000 332.02802 330.49301 328.75299 327.28900 317.74600 319.31799 321.18900 322.43201 325.70700 327.41699 328.20401 328.00699 327.84201 328.08701 327.52200 328.26300 327.73099 328.34799 327.42401 328.03699 327.50900 327.13501 326.19800 324.61401 323.16501 323.42599 323.99600 318.00400 315.94299 316.73001 319.61099 321.60501 323.48099 323.90799 320.22299 316.46201 316.28000 313.88901 313.37900 313.24500 314.80399 313.99301 307.94299 306.62500 304.65201 301.95999 299.57401 297.32700 305.02899 307.85699 310.58499 310.06601 310.94800 307.82199
332.17001 320.64401 312.78699 310.92899 311.23099 319.36301 330.90100 330.11200 323.38599 322.85999 328.82999 315.92801 318.06699 322.11801 328.48001 332.16501 332.20401 332.19901 331.08200 329.09900 324.32300 321.59000 324.16000 325.41400 328.09201 330.18900 330.99600 330.73001 330.86499 330.38199 330.37701 330.64099 329.87201 328.24301 329.48999 329.27200 327.19400 325.73999 325.60699 324.51901 322.12900 321.22400 323.81201 324.09500 322.38400 316.39999 315.81699 318.67099 320.29300 324.21399 319.52100 316.14001 316.40100 315.77899 318.06900 313.26801 309.34000 307.34799 302.22699 307.65500 310.91599 309.54401 310.26999 308.91400 305.10501 300.54099 307.50101 302.80801 306.94699 308.14801
330.21899 322.19400 316.83801 311.70401 306.94000 302.00000 318.55899 324.96301 328.04800 328.11899 330.54901 322.45801 309.43900 302.68399 297.90900 311.10199 321.35199 326.12399 332.26099 333.00400 333.10101 332.77200 332.81299 332.29800 333.28601 333.53299 334.09601 332.64600 333.34100 333.60400 331.38199 330.76599 329.12000 327.38501 326.89600 330.92001 327.38501 326.10501 322.14099 325.40701 326.15100 322.81201 321.97800 324.52301 324.47299 320.42401 322.13699 321.33600 321.98099 324.89700 325.95300 325.91599 323.85800 321.41901 320.53900 318.45599 317.40900 310.34399 306.41299 311.02600 303.82999 305.98199 308.23401 310.32700 313.07001 314.25500 313.88699 310.52802 309.28699 311.06699
317.41699 310.51300 311.13400 304.05701 302.92300 302.72601 304.54700 304.46799 309.64700 316.82101 325.92999 331.68900 325.46899 319.13599 312.45401 304.28101 303.88901 305.47000 309.97000 319.15100 323.52301 329.83200 332.16699 333.71301 334.97699 336.05701 336.22299 335.71201 335.57901 332.50800 329.95599 332.30301 323.45801 321.64499 321.76401 325.36600 324.93500 324.84500 322.86801 326.02899 325.42300 323.51099 323.78500 327.53500 322.47800 322.11499 319.42801 318.94800 319.50299 322.05899 323.12399 317.73300 316.80801 313.32101 311.99399 312.89301 312.90399 305.88901 311.19901 312.85300 307.03799 310.88101 312.03900 312.85400 319.55899 317.79199 317.40799 311.01700 313.62799 315.57401
321.05200 313.60800 306.45200 302.89700 305.88699 302.65701 301.00201 303.71399 308.57599 309.08200 317.20200 319.23599 317.60999 317.70801 321.16599 320.38699 319.01401 314.96600 307.36200 305.05399 308.30899 313.88699 318.42899 326.97900 333.07901 337.81699 339.07401 340.39600 336.34299 331.64899 331.54501 330.97400 329.49100 323.64001 326.64401 322.56299 330.85300 330.94501 328.68301 323.50101 325.56000 330.35199 332.26199 327.57700 324.56500 316.55801 314.42001 314.17001 316.03299 316.50500 311.40399 310.87799 312.96301 309.72000 304.64600 308.92599 304.96701 313.61499 308.51199 314.78900 318.69800 318.94101 322.25201 320.06000 320.71799 315.63699 319.82001 323.60800 324.49301 323.72299
316.50800 315.53900 314.47800 314.70001 316.18799 308.07800 303.29700 303.37399 303.16199 305.12000 313.18399 322.64700 304.51801 306.18900 312.02100 302.08701 296.37701 298.74399 326.08801 312.08899 297.86301 301.32199 306.62201 314.17001 334.12299 339.82700 341.69601 342.45001 339.33499 335.32401 334.97601 332.01700 331.14301 330.73801 330.54901 336.30701 333.67401 330.36700 331.19199 327.46500 325.38599 321.82300 326.45099 325.36401 322.72000 329.05600 327.70801 322.99301 318.72000 315.70001 312.98901 311.97800 314.99100 314.59399 314.04401 309.46100 308.17099 311.75101 311.93100 319.31100 321.83200 326.78699 328.28201 324.26401 321.54800 328.81900 331.11801 330.58401 331.21399 330.97800
316.01901 316.69000 317.24301 316.96899 319.03601 316.70801 315.93100 314.65900 312.41501 313.49301 312.23999 313.18399 311.88199 311.42200 315.02200 306.88901 304.26001 297.20099 303.63800 311.88800 317.49701 313.87100 313.54501 317.92300 322.92099 334.15201 342.03900 343.85999 343.42700 340.41599 340.91501 336.69400 337.48700 338.81799 335.77899 335.18900 335.51199 335.84201 333.50201 331.97699 327.91199 322.39401 321.89401 319.92200 321.08801 329.70300 330.21301 324.64999 320.98999 318.89499 312.86600 312.92801 317.23801 319.41000 312.73401 316.96600 318.97101 320.32199 323.61099 316.48199 322.33200 324.64001 328.80099 329.96600 335.34698 336.37799 335.41000 334.94000 330.92899 325.53299
315.56799 316.02399 313.83200 312.49500 312.35901 315.51999 319.62201 320.17401 320.90201 320.81799 321.69299 314.11099 307.26401 310.52399 316.64099 317.10599 311.16699 308.80701 307.74500 300.07300 305.60599 312.92401 321.17700 326.61700 325.15799 325.56400 330.40100 341.49100 341.36401 339.58899 335.85001 338.52301 337.15601 342.98199 339.80899 336.87900 331.28400 332.32001 324.82300 329.65100 321.36099 313.97900 320.15701 319.54401 313.44501 315.88300 322.87100 322.45499 320.98700 323.21100 319.26401 317.46600 324.67999 327.08200 328.02200 329.86099 328.71799 327.60599 324.70999 326.56699 323.48801 328.66501 329.25500 330.84299 333.17999 335.10800 336.63101 335.21799 333.89700 329.45901
320.33401 312.10800 307.77802 304.79999 304.32101 310.38300 312.98401 317.39401 319.25101 323.52802 317.79001 316.95700 313.07501 303.59601 309.20599 317.46799 319.20401 313.06799 308.58701 303.41299 304.85400 310.43100 313.92001 316.89001 323.09201 326.55399 332.72000 330.78201 337.00400 340.14099 335.82999 341.16599 336.51401 340.24899 329.50299 326.68900 333.07101 326.15900 318.58801 320.04401 322.11600 315.01599 312.48801 312.73700 316.57001 317.91000 319.63101 320.94299 320.46100 321.10901 317.63000 317.61301 316.58801 319.22299 318.16501 318.96500 321.08099 321.94901 328.53699 332.72198 336.55499 337.67001 335.21301 334.09799 334.69101 336.09299 337.67099 336.12900 334.85901 325.18600
324.77899 320.99899 315.14700 304.04401 303.28400 304.07901 314.19800 315.40701 322.26801 321.34201 324.55600 328.19601 323.52399 317.60199 308.56601 311.48001 313.08200 311.40601 315.99200 313.82700 316.33499 306.16299 315.26199 320.75000 324.53299 328.90900 327.25299 321.82101 331.59399 338.01700 341.77399 332.49899 336.34399 336.87399 328.44501 323.24200 330.69501 325.71100 322.20099 315.64401 317.24899 317.81000 315.67899 318.53500 317.79199 321.10101 319.65799 327.20401 324.21399 321.44101 321.35699 321.95999 320.90900 323.85699 327.75201 326.79901 330.68799 330.34399 332.61499 337.63400 339.02200 337.50601 335.87701 335.03299 334.20700 325.48001 328.40900 326.23801 326.61301 323.61600
324.99301 317.01001 316.17200 307.01700 302.16199 302.39301 297.38599 302.93900 314.17899 314.86200 316.82901 322.88901 317.22501 320.50299 315.65201 306.53000 311.78000 318.92200 320.87399 318.23499 319.67899 322.32101 316.37000 317.86200 325.53500 332.10999 338.94199 335.14600 339.01599 349.76901 344.71201 343.60999 339.96500 335.57501 331.82101 327.10199 325.29199 328.45901 322.53000 315.97101 312.56100 320.24799 321.54401 319.01599 326.85501 330.81799 333.88599 339.57599 342.49200 339.83301 340.90201 340.60699 340.34799 340.76801 337.27701 334.16000 333.79300 335.28699 339.81100 340.04199 339.50400 336.45901 337.34000 330.84799 322.73099 318.20499 321.08600 320.42801 322.36301 325.57101
327.60300 327.38199 319.74500 310.11600 311.41599 303.73099 302.91299 293.38599 301.32901 309.12601 305.68399 305.26401 308.73801 312.68600 307.36700 308.88101 313.99200 313.40302 316.20801 322.17200 323.22501 321.77200 317.69400 310.71500 324.13199 332.37100 335.36301 328.60800 334.23901 336.33499 331.30701 338.29800 339.64801 332.75500 329.54501 324.55499 326.63300 324.20001 325.41400 318.85599 317.65601 323.88400 333.92599 329.44199 335.13400 345.42499 345.31500 343.41699 341.56799 334.95300 338.46500 -9999 -9999 343.03400 341.97501 343.49500 339.00201 338.41599 340.22299 338.70901 335.24500 334.15900 325.92999 319.62601 312.69400 316.15601 311.74799 310.07800 309.08600 321.63800
318.36700 313.82700 318.92899 314.67300 310.14801 308.98901 310.79099 301.36600 311.11499 307.35001 303.71500 301.57999 307.36301 305.92200 305.28900 310.88400 314.36301 310.24600 316.72601 321.32199 316.62799 320.20401 325.09900 323.73499 322.71100 314.91501 324.03000 324.15201 330.15701 330.04401 332.34799 329.26501 337.55600 331.50299 324.76901 323.41199 322.60400 322.23300 333.66901 341.63800 -9999 -9999 -9999 -9999 349.75900 -9999 333.98001 323.68399 330.40201 333.53400 344.01700 -9999 -9999 337.39001 337.44699 340.18201 339.94800 341.65201 338.60400 334.45901 330.01501 328.23599 324.79199 321.26099 319.19901 324.13501 307.32901 306.69901 310.22000 325.15900
