data/hydroclimate-scenarios/BCSD_hadcm_A1B/monthly_summaries/olr_monthly_avg_feb.2030-2059.asc
ncols	311
nrows	91
xllcenter	102.75
yllcenter	31.75
cellsize	0.5
NODATA_value	-9999
[rows 31 to 61 of 91, columns 0 to 69 of 311]
-9999 -9999 -9999 -9999 -9999 -9999 -9999 -9999 -9999 -9999 -9999 170.42799 170.30000 169.76199 170.22099 166.94299 166.31000 167.19901 167.24100 167.12199 167.45900 166.90100 167.32600 167.90100 167.64400 167.73500 166.98000 165.74001 167.24200 167.00500 166.89500 167.47200 168.06200 168.82700 168.80299 170.60500 171.24500 168.92900 166.96700 166.75101 166.60001 166.11200 165.14301 162.87100 162.06000 160.92999 160.74800 161.62300 161.60400 160.40199 159.34399 157.68300 156.37399 154.70900 153.20200 151.73399 150.21100 149.82600 149.16600 149.24600 148.80800 148.30000 148.38800 148.81700 149.51900 150.47600 149.93401 153.23399 149.67900 144.43500
-9999 -9999 -9999 -9999 -9999 -9999 -9999 -9999 -9999 -9999 -9999 169.64400 169.16400 169.88100 169.77699 168.93500 168.61800 169.21400 169.13100 169.98300 169.32600 170.20799 171.53200 170.19200 170.37199 168.66200 167.53799 167.35201 167.18201 167.77200 166.85500 167.25301 168.41701 169.68900 169.37199 172.74300 173.17700 173.24899 171.88200 170.23500 169.68800 170.26601 170.34900 167.37601 165.60201 164.11900 163.74200 162.58900 161.84300 160.53900 159.83400 157.45799 156.35300 153.60699 153.40601 153.63699 152.48399 151.49001 151.57100 151.31000 151.01100 150.58000 151.22000 152.22800 154.09900 155.28500 154.76300 156.05299 153.34100 150.77000
-9999 -9999 -9999 -9999 -9999 -9999 -9999 -9999 -9999 -9999 -9999 170.89700 169.63200 170.67999 169.96300 169.91100 169.81400 171.06200 171.39700 172.33800 172.04500 171.97800 172.49200 170.89600 168.92599 166.39600 165.51601 165.88699 167.43300 169.47501 168.17599 168.31000 168.81500 171.03700 171.80200 174.75400 174.86200 174.57800 173.66701 169.58400 171.47701 169.87601 171.42599 169.94200 168.56500 167.42799 166.08200 165.47701 164.23700 162.30600 161.08800 160.39500 158.83501 157.28799 156.77499 156.49699 155.27901 153.52901 153.51500 153.84900 153.55701 153.40199 155.17999 155.99100 157.28400 156.84399 157.73199 159.21700 158.61600 156.21001
-9999 -9999 -9999 -9999 -9999 -9999 -9999 -9999 -9999 -9999 -9999 -9999 170.79601 171.23900 171.11099 172.11900 172.30499 173.53600 174.30701 175.49300 174.93700 172.64101 170.51900 168.07700 166.76601 161.19299 161.73300 160.87900 164.74500 166.40800 167.38400 169.64500 170.13100 171.56000 171.96800 173.07600 173.52699 174.16400 173.54300 171.62700 172.08200 172.58701 172.74400 174.73100 174.18700 173.14700 172.58600 170.77600 169.20100 166.50600 165.51900 163.25600 161.29100 159.70300 157.73599 157.00101 156.56400 156.57401 156.10500 156.94400 157.10500 156.85201 156.48500 156.40900 158.42000 159.91701 161.59300 161.32201 157.20599 156.97301
-9999 -9999 -9999 -9999 -9999 -9999 -9999 -9999 -9999 -9999 -9999 -9999 171.90199 172.39700 172.29800 173.23300 174.27699 175.91600 176.05000 176.09300 175.49600 169.11600 167.07700 164.55200 161.34599 161.59599 162.59000 159.58501 162.78101 163.27901 163.85001 164.97900 169.34300 171.47000 172.23100 173.29201 172.97099 175.09900 175.47600 174.18700 174.35201 174.15100 175.63499 177.35100 179.71700 180.00800 179.19299 175.71899 172.76801 167.60001 165.40199 164.74500 163.32300 161.14600 160.81900 159.81300 159.33900 159.52400 159.32001 159.27600 158.76601 156.28500 156.29500 156.64101 159.45900 163.09399 162.57800 164.91800 163.71201 164.51700
-9999 -9999 -9999 -9999 -9999 -9999 -9999 -9999 -9999 -9999 -9999 -9999 172.61400 174.99500 174.63100 175.48300 175.33701 175.54100 174.54800 173.05099 171.88699 167.32001 165.74400 163.28500 162.64700 159.77600 160.96201 163.22501 162.06500 164.24400 165.27600 168.38100 167.58501 167.89600 171.35300 173.21500 173.91701 174.73300 176.31000 175.60001 173.55800 173.85699 177.51300 180.04201 182.43600 183.66100 181.46800 175.22099 172.79700 170.46400 168.09900 167.00500 166.14900 163.49800 163.18800 162.32500 161.69400 160.63000 159.79500 159.13499 159.21300 157.36099 158.84300 161.65500 162.07700 163.00700 164.20799 168.16400 166.38300 169.72099
-9999 -9999 -9999 175.15401 174.69000 174.24300 174.89900 174.39999 173.36900 -9999 173.30600 173.69200 175.04800 176.22099 176.45500 176.10600 175.64999 175.78300 173.24300 172.02000 172.07401 169.20500 167.12801 165.96800 164.72701 163.39301 164.26401 160.89400 161.42101 157.88499 162.37100 166.41800 165.05400 161.95700 167.05099 169.89101 169.70500 171.69200 173.62801 175.34100 175.83701 175.90700 178.75999 181.20200 181.32500 180.28999 175.39101 176.35899 173.69099 169.10201 166.10001 164.51900 162.10100 157.35800 158.29201 154.25999 152.41100 159.20200 156.06500 159.56900 161.61200 159.96300 161.07100 162.06900 164.80701 166.46700 166.28700 169.46400 171.94200 173.42000
-9999 -9999 -9999 178.42300 177.66100 176.62100 175.41299 175.25700 175.74200 175.76100 177.08400 177.17500 175.78101 176.66800 174.99100 172.85800 171.75200 172.50999 171.99699 172.60699 173.14301 169.22000 170.30499 171.22701 168.16000 166.76801 164.63200 162.71001 160.34500 157.40401 160.99400 160.17799 160.91499 160.12801 162.62300 164.87601 166.09599 165.00800 171.25000 169.38000 170.24500 175.38600 178.71899 178.14200 176.83701 174.46300 173.68600 176.81100 170.82700 166.39700 163.84300 162.14500 159.12000 157.06000 160.17300 156.73399 159.10001 158.52400 155.57001 157.20000 159.20399 160.01300 161.24001 163.72701 165.29201 170.52200 171.53999 175.32700 175.95100 176.84700
-9999 -9999 -9999 180.37500 178.96800 176.58701 175.85300 176.42200 177.40700 178.47099 178.07600 176.91701 174.92300 173.12700 169.52200 171.49200 170.14200 170.97900 172.82899 173.89400 172.69200 168.67999 169.64000 168.14400 164.53600 164.94800 164.17900 162.59500 162.41400 156.56599 152.54100 154.56599 158.85400 160.47701 160.05600 163.08000 165.65100 168.03999 169.87399 169.63901 170.16200 173.94299 177.03900 178.18800 179.91600 177.51500 176.31300 173.12300 171.08000 164.71100 161.57500 164.58200 161.98599 160.48100 161.30901 159.93100 160.63000 161.16200 158.80099 158.96700 162.16100 163.98000 166.50000 165.39999 168.92999 171.74001 173.37199 174.35001 172.02400 175.00600
-9999 -9999 -9999 179.91200 181.41200 177.91200 178.63901 176.87300 176.40700 175.80701 177.19501 177.78900 173.15700 170.01199 168.73700 169.09700 167.91299 166.52100 167.80800 170.38100 167.05499 163.84599 160.53400 161.71300 162.48900 163.03900 163.64799 162.44099 156.51199 152.40700 154.64101 161.44099 158.29500 154.53200 155.40300 159.41200 164.64400 169.89400 168.37399 170.04100 170.27499 168.72000 168.06300 171.79700 178.25200 173.66800 170.61700 173.23199 167.13600 166.84700 161.29201 162.76500 161.44901 157.71001 159.60600 160.42200 160.99200 159.44000 158.59300 159.97099 157.58099 163.41701 165.75600 167.91299 169.79100 172.43100 173.62700 174.71100 172.00000 174.26100
-9999 -9999 -9999 181.37500 182.32600 177.59900 177.47501 177.10800 175.27699 176.07401 178.75999 175.89500 171.31700 167.88800 164.86301 166.22301 165.24699 167.13901 171.24200 173.96700 169.83200 166.72301 163.76500 167.01900 167.54100 167.44501 168.44400 165.34000 159.60600 155.86400 155.16100 156.97400 155.94400 158.17200 160.08200 162.06900 163.20399 167.86000 170.47200 170.38800 169.16000 169.11301 168.77000 169.74001 173.25301 173.39999 172.88000 171.69701 169.19701 166.68500 164.42500 166.81200 163.57100 157.72200 162.03400 158.61700 162.77299 162.75800 161.42500 158.00900 160.22200 162.81599 165.69000 164.23199 166.38600 172.98500 173.49300 172.97200 173.95100 183.38800
-9999 -9999 -9999 -9999 178.65800 176.14600 176.56000 173.39999 172.97000 174.48801 177.82800 175.84599 166.35100 171.08000 -9999 -9999 -9999 -9999 -9999 164.67300 164.20200 165.54500 162.87199 161.03600 163.03000 164.51601 169.26100 165.78600 162.96700 164.14700 161.67700 160.05901 159.55800 162.77600 167.24699 168.65401 167.54800 170.87700 170.84900 171.43500 173.29601 173.28799 172.39500 170.68401 172.43500 174.05200 172.67101 168.23900 169.57401 170.09599 166.54401 164.58501 166.07899 160.37801 158.93100 156.70900 155.85300 157.14301 158.48000 161.33400 160.81700 160.27400 163.11800 166.08400 168.57201 169.52600 173.68100 181.80200 188.01801 -9999
-9999 -9999 183.39101 181.03400 178.73000 177.92300 176.55299 172.69400 174.94400 175.16800 177.75400 175.14700 167.33000 -9999 -9999 -9999 -9999 -9999 159.90300 165.42400 165.85699 169.39301 168.72600 165.58800 165.45300 165.34100 170.31100 170.17999 168.08400 168.58800 166.37399 164.30299 165.41701 166.46899 168.44099 171.15601 169.87199 171.48199 171.21300 172.33000 171.84000 174.06799 173.64799 175.35600 176.75700 176.53600 175.24500 173.97701 175.46700 176.44000 173.91000 171.69299 169.78600 169.68201 165.13400 167.01100 163.41200 160.30701 160.72400 167.06000 167.43300 167.76199 169.60500 169.88200 173.79401 176.87500 180.91000 -9999 -9999 -9999
-9999 -9999 184.32001 182.34200 181.08099 178.67799 178.81700 174.21700 175.06400 176.75700 174.59300 173.33099 173.55000 -9999 -9999 -9999 -9999 169.62399 163.42000 169.70200 170.37601 173.97000 171.64301 172.50800 174.37100 176.24699 174.71201 172.23801 173.21500 171.39700 168.91200 165.94299 169.34399 170.74500 170.43900 172.88100 173.67200 173.50101 170.43600 168.24500 171.30099 170.65500 171.56700 173.90300 173.02499 174.45100 176.03000 173.92900 178.85400 176.25000 176.07201 175.96800 175.86900 174.15401 172.49001 175.80000 172.91000 165.87601 164.55000 169.17500 171.72200 168.64400 173.01300 178.25700 182.66701 -9999 -9999 -9999 -9999 -9999
-9999 -9999 187.83900 183.46600 182.35800 180.42799 180.17400 178.04100 176.97200 176.62199 173.28700 173.58800 187.63800 -9999 -9999 -9999 -9999 165.67000 167.61700 170.53700 173.15300 176.27400 177.50999 176.55400 176.39101 176.67999 173.59399 174.15800 173.29900 171.06100 169.40100 169.20300 169.66499 169.83701 172.49500 173.20000 172.57300 171.24300 169.83900 172.08400 172.73100 174.96100 176.79100 174.84900 175.70900 173.72600 173.83900 173.24400 175.56000 174.86800 177.93900 176.10699 175.43300 173.65401 172.53300 177.23300 177.07500 171.37300 172.66600 174.98000 180.40601 181.70399 182.92700 180.40300 177.87300 178.50700 185.92200 185.17300 190.52499 -9999
-9999 -9999 -9999 187.07001 184.51700 183.17599 183.28700 182.91800 180.01199 177.24600 179.25400 186.78799 -9999 -9999 -9999 -9999 169.59700 168.28999 172.18300 176.01300 177.26401 179.96700 178.32899 179.09300 177.45000 176.76199 175.69099 170.54800 170.21600 165.81700 167.24001 169.87100 172.58701 175.06300 176.29800 175.45300 175.96600 176.38699 175.74400 175.23000 175.76700 177.58200 178.22800 179.84000 181.83800 179.45700 180.39101 182.05099 179.97501 179.23599 175.83600 176.83900 177.79500 175.73700 172.69099 171.05200 171.70700 168.71500 170.91100 176.19901 178.34100 180.56300 176.38200 166.53101 162.44800 175.83600 183.17700 183.75500 187.30000 191.25301
-9999 -9999 -9999 -9999 190.08400 187.45200 185.88400 183.11200 180.52299 183.98100 190.01601 -9999 -9999 -9999 -9999 172.97900 171.49600 174.20799 176.81100 179.36900 180.10800 181.13100 181.84000 177.93100 176.59900 178.82401 178.35100 173.12601 170.55499 169.97400 168.60400 174.13300 175.76601 177.43401 175.86400 175.21700 176.02200 176.86501 175.80000 175.50800 175.11000 176.81100 179.05901 182.21100 182.90300 181.91499 181.63499 182.77100 182.44200 180.83000 180.10400 180.36200 178.12000 177.66901 177.40199 176.22200 177.43900 171.49001 172.72701 177.34200 175.12801 173.78999 173.81400 173.97800 171.46300 175.99899 183.22301 185.58701 183.52299 187.19200
-9999 -9999 -9999 -9999 -9999 -9999 188.42599 186.85300 189.44800 190.30400 185.21700 -9999 -9999 -9999 -9999 -9999 177.85400 180.12100 181.95700 180.82401 180.50700 188.79500 180.30299 178.14600 177.76300 179.06400 178.69701 178.49699 177.89101 174.74800 173.00301 174.95100 177.51601 174.24001 175.21800 177.23300 176.39900 175.07201 177.65700 175.85500 176.42999 175.12900 176.97900 179.17300 180.33200 183.00500 184.00900 182.90500 182.47200 181.05701 181.00200 180.87399 180.50000 179.46300 177.63800 177.81700 177.22099 174.04300 174.29601 175.12700 173.67599 172.76199 172.61400 170.45599 168.66600 173.80299 180.78500 186.37000 184.81900 185.09200
-9999 -9999 -9999 -9999 -9999 -9999 -9999 -9999 -9999 -9999 -9999 -9999 -9999 -9999 -9999 -9999 -9999 -9999 -9999 182.73399 182.55499 187.46300 184.16200 181.92200 181.38800 178.59399 178.00800 182.57800 181.41901 175.33900 174.85699 176.76801 174.88200 175.10699 175.45500 176.02200 176.49200 176.48000 176.52600 174.78999 173.91200 175.95700 178.38400 178.81700 179.67000 182.41800 184.13800 184.31300 183.35100 182.16901 181.76500 183.11700 181.49300 182.17200 179.45700 178.39200 177.95200 176.42101 175.02699 175.58900 171.39000 173.80000 173.25999 169.76601 169.57100 179.22701 184.61301 187.63400 186.19800 182.89500
-9999 -9999 -9999 -9999 -9999 -9999 -9999 -9999 -9999 -9999 -9999 -9999 -9999 -9999 -9999 -9999 -9999 -9999 187.33900 182.95799 184.76801 186.88200 188.26700 186.84200 186.13000 185.09500 184.98700 179.56900 177.22900 175.86800 175.97200 175.00500 174.40900 173.90700 175.11501 176.00000 175.05901 177.06000 174.50400 173.07100 172.72501 175.06599 176.54800 176.59700 178.20700 179.05800 182.18500 186.68300 187.71700 186.15500 186.41400 183.53700 182.59900 181.80600 179.00400 180.05200 179.00101 175.03500 172.71100 176.59399 178.47701 179.59700 177.34300 175.00200 174.09300 183.75900 187.54201 189.02699 188.82401 189.18600
-9999 -9999 -9999 -9999 -9999 -9999 -9999 -9999 -9999 -9999 -9999 -9999 -9999 -9999 -9999 -9999 -9999 189.12801 188.83000 188.77100 187.21300 187.84300 187.29300 189.25101 188.63400 187.22900 186.54300 179.85600 175.89500 175.35500 175.12000 176.00101 175.65800 177.28900 177.36800 174.67200 172.82500 173.91200 175.56000 174.11301 174.88699 176.80400 176.88699 178.08000 179.77699 181.79401 183.30499 186.03400 189.70300 188.53500 189.77901 187.82800 184.68600 183.24001 182.16000 180.94701 178.97701 175.59100 174.84599 178.86200 184.67700 181.28000 173.05600 172.35300 181.84599 187.27800 187.43500 190.33000 190.36800 191.09200
-9999 -9999 -9999 -9999 -9999 -9999 -9999 -9999 -9999 -9999 -9999 -9999 -9999 -9999 -9999 -9999 -9999 188.01199 189.36099 186.42900 187.72200 187.84300 188.39301 188.61400 192.45100 189.82500 188.32700 184.03400 182.54800 176.82600 176.37601 178.69400 179.74001 180.23599 177.78799 175.09500 174.51401 174.81599 172.37300 174.36400 175.75600 179.05000 180.46600 181.47400 182.08600 188.43300 189.79500 185.56300 188.15300 192.46300 192.33099 191.24001 187.92500 185.62601 184.75600 182.80000 177.46400 177.03400 180.31300 182.26500 181.64200 179.11000 179.44400 179.11800 176.24400 180.95200 188.00600 185.61200 191.43201 193.18401
-9999 -9999 -9999 -9999 -9999 -9999 -9999 -9999 -9999 -9999 -9999 -9999 -9999 -9999 -9999 -9999 182.17400 184.07201 184.74600 186.58501 190.29201 192.68500 190.44600 192.28799 195.57500 190.71001 189.94299 191.57800 187.55800 182.17101 179.14200 181.69200 181.70100 182.93201 181.34300 178.77000 177.32700 176.48900 175.10800 178.57201 180.98700 181.96100 182.37100 184.25900 185.80800 189.89000 191.21100 185.95300 188.92799 194.67999 195.70000 192.91701 189.39500 187.42500 186.03300 184.50800 183.31900 182.29900 183.16499 181.80200 183.86099 183.57401 181.11301 176.09000 182.02499 185.20700 188.36900 191.21899 196.76500 197.16100
-9999 -9999 -9999 -9999 -9999 -9999 -9999 -9999 -9999 -9999 -9999 -9999 -9999 183.00101 181.06400 183.30499 183.36200 181.13901 185.71800 191.35001 193.16901 191.23100 193.64799 192.01100 190.39700 194.29401 192.91901 194.34200 193.22000 190.87801 188.52600 186.12399 184.92700 183.58200 182.68201 180.97301 181.99400 185.37399 185.41299 184.53200 185.62700 188.61600 189.17999 189.62500 189.10400 189.25900 189.72200 191.17400 191.23801 189.86700 190.29500 189.92599 188.97800 189.74001 188.52699 185.82500 186.47301 186.87500 187.50600 186.69099 186.93401 188.16499 188.21400 190.86000 194.92400 199.24100 200.14101 199.52600 199.67700 198.55499
-9999 -9999 -9999 -9999 -9999 -9999 -9999 -9999 -9999 -9999 -9999 -9999 185.82500 183.06100 181.37900 184.43201 184.83099 186.07600 187.18800 195.95700 192.56900 195.09700 195.37000 193.79700 193.71700 196.65700 194.65199 197.65300 195.72000 191.97400 189.67500 188.85100 187.44701 185.48199 185.39500 184.92200 185.66701 189.93500 190.64700 190.68100 189.66800 191.54500 192.09300 191.08701 190.85899 190.44800 191.18700 192.12199 190.70200 188.75999 189.24800 190.55400 190.07800 191.06700 190.37801 190.07700 190.01401 187.34500 186.04601 186.55000 187.48199 191.71700 193.35800 194.04900 198.26700 202.30400 202.77600 202.43100 202.80200 197.81700
-9999 -9999 -9999 -9999 -9999 -9999 -9999 -9999 -9999 -9999 -9999 178.48399 179.51100 180.38800 183.42000 187.34399 190.17300 190.70100 192.31100 191.89600 194.38300 196.41800 195.69701 196.28200 195.38600 192.99800 192.10001 196.26900 197.43500 195.20500 191.81100 190.53300 189.16701 188.51500 189.09000 185.78000 186.14400 189.87500 195.15300 194.05200 193.78600 194.69701 195.90900 195.94000 195.45000 192.67000 192.60500 193.19400 191.98599 189.26401 190.32100 186.15800 187.69000 188.85100 189.72301 189.80499 192.54401 191.09801 194.34801 195.71100 196.10800 199.25400 200.46700 202.42000 204.44099 206.16701 205.37700 205.83099 201.76199 196.60500
-9999 -9999 -9999 -9999 -9999 -9999 -9999 -9999 -9999 -9999 182.00900 180.03200 182.89700 183.14301 186.30099 190.02400 191.13901 191.68600 192.71300 192.13400 194.46400 196.97400 197.85100 198.25400 196.68600 195.49300 194.12199 199.25900 198.32500 195.48900 193.63699 192.40900 191.48700 190.39900 190.12000 187.06900 187.43900 191.91400 196.69600 196.98000 197.85100 199.97200 201.03700 199.57001 198.30901 195.92599 195.71001 195.40300 194.32100 191.82800 190.92900 187.43700 189.28200 190.42599 192.02800 193.38699 193.32001 195.24800 199.73700 199.61700 199.54401 201.24699 202.30200 204.30299 205.89700 207.37700 208.00999 207.02699 202.41901 195.07700
-9999 -9999 -9999 -9999 -9999 -9999 -9999 -9999 -9999 192.00800 190.59200 188.09000 187.05400 187.47800 187.52600 187.98700 188.49200 192.48000 195.39500 194.88901 196.86099 196.75700 196.71300 198.97701 199.39000 201.18600 201.10800 199.29100 197.81100 194.50400 194.54500 192.23300 190.13300 184.08400 182.53200 184.29700 185.72099 194.18600 197.77699 203.34399 205.57800 211.43500 211.87801 206.69400 204.64900 202.14200 202.00800 198.52499 196.94701 197.10800 195.67000 191.37199 189.53999 186.31000 186.80099 199.04900 202.51100 204.85899 204.27400 204.28999 203.64600 204.67700 205.67500 205.51401 207.03400 207.33600 207.52200 204.59801 201.42599 198.51100
-9999 -9999 -9999 -9999 -9999 -9999 -9999 -9999 -9999 -9999 192.99400 191.31200 190.01500 190.96899 192.59801 190.22400 188.92300 192.68300 195.23500 193.72800 194.16701 197.31700 197.17700 -9999 -9999 -9999 -9999 -9999 -9999 195.85400 194.59599 194.08400 192.19200 185.36200 182.81100 185.49001 187.83000 196.43800 200.95900 208.38699 208.82899 215.48801 215.80701 209.62100 207.53900 204.03400 203.17799 200.66100 199.27800 199.48300 197.38300 194.10500 190.98801 187.88800 188.68500 201.70000 205.77699 207.10400 206.49500 206.04300 205.94099 205.76500 206.36900 205.72099 202.33299 206.79700 204.75400 203.16299 194.54700 197.18201
-9999 -9999 -9999 -9999 -9999 -9999 -9999 -9999 -9999 -9999 -9999 -9999 192.33000 193.77499 192.12801 198.34000 197.00999 197.52200 198.09100 -9999 -9999 -9999 -9999 -9999 -9999 -9999 -9999 -9999 -9999 -9999 -9999 -9999 -9999 189.46100 185.33299 189.78000 192.29700 201.45900 209.12900 212.19901 214.13600 215.16901 214.73500 211.39200 209.59000 206.68600 205.27200 204.45000 203.32300 200.60201 198.41400 191.89400 191.29601 193.21700 195.52901 203.06599 205.25700 206.00900 207.07401 207.45300 206.63901 204.37300 203.61600 205.07800 207.27499 208.20100 204.95200 203.28700 202.30200 207.65601
-9999 -9999 -9999 -9999 -9999 -9999 -9999 -9999 -9999 -9999 -9999 -9999 -9999 -9999 -9999 -9999 -9999 -9999 -9999 -9999 -9999 -9999 -9999 -9999 -9999 -9999 -9999 -9999 -9999 -9999 -9999 -9999 -9999 -9999 190.48399 191.99200 199.36700 204.92000 210.38800 215.12700 215.79900 216.59300 216.63000 214.03600 211.61700 208.60001 206.85100 206.48199 204.33200 201.51601 199.09300 193.84700 193.09500 195.03500 197.09500 206.55600 207.25500 204.80000 206.18500 207.90100 207.31200 204.98399 205.65401 207.45799 209.74400 207.95799 205.28200 204.03500 202.02600 208.72600
