data/hydroclimate-scenarios/BCSD_hadcm_A1B/monthly_summaries/precip_monthly_tot_nov.2070-2099.asc
ncols	311
nrows	91
xllcenter	102.75
yllcenter	31.75
cellsize	0.5
NODATA_value	-9999
[rows 0 to 31 of 91, columns 213 to 283 of 311]
-9999 -9999 -9999 -9999 -9999 -9999 -9999 -9999 -9999 -9999 -9999 -9999 -9999 -9999 -9999 -9999 -9999 -9999 -9999 -9999 -9999 -9999 -9999 -9999 -9999 -9999 -9999 -9999 -9999 -9999 -9999 -9999 -9999 -9999 -9999 -9999 -9999 -9999 -9999 -9999 -9999 -9999 -9999 -9999 -9999 -9999 -9999 -9999 -9999 -9999 -9999 -9999 -9999 -9999 -9999 -9999 -9999 -9999 -9999 -9999 -9999 -9999 -9999 -9999 -9999 -9999 -9999 -9999 -9999 -9999 -9999
-9999 -9999 -9999 -9999 -9999 -9999 -9999 -9999 -9999 -9999 -9999 -9999 -9999 -9999 -9999 -9999 -9999 -9999 -9999 -9999 -9999 -9999 -9999 -9999 -9999 -9999 -9999 -9999 -9999 -9999 -9999 -9999 -9999 -9999 -9999 -9999 -9999 -9999 -9999 -9999 -9999 -9999 -9999 -9999 -9999 -9999 -9999 -9999 -9999 -9999 -9999 -9999 -9999 -9999 -9999 -9999 -9999 -9999 -9999 -9999 -9999 -9999 -9999 -9999 -9999 -9999 -9999 -9999 -9999 -9999 -9999
-9999 -9999 -9999 -9999 -9999 -9999 -9999 -9999 -9999 -9999 -9999 -9999 -9999 -9999 -9999 -9999 -9999 -9999 -9999 -9999 -9999 -9999 -9999 -9999 -9999 -9999 -9999 -9999 -9999 -9999 -9999 -9999 -9999 -9999 -9999 -9999 -9999 -9999 -9999 -9999 -9999 -9999 -9999 -9999 -9999 -9999 -9999 -9999 -9999 -9999 -9999 -9999 -9999 -9999 -9999 -9999 -9999 -9999 -9999 -9999 -9999 -9999 -9999 -9999 -9999 -9999 -9999 -9999 -9999 -9999 -9999
-9999 -9999 -9999 -9999 -9999 -9999 -9999 -9999 -9999 -9999 -9999 -9999 -9999 -9999 -9999 -9999 -9999 -9999 -9999 -9999 -9999 -9999 -9999 -9999 -9999 -9999 -9999 -9999 -9999 -9999 -9999 -9999 -9999 -9999 -9999 -9999 -9999 -9999 -9999 -9999 -9999 -9999 -9999 -9999 -9999 -9999 -9999 -9999 -9999 -9999 -9999 -9999 -9999 -9999 -9999 -9999 -9999 -9999 -9999 -9999 -9999 -9999 -9999 -9999 -9999 -9999 -9999 -9999 -9999 -9999 -9999
-9999 -9999 -9999 -9999 -9999 -9999 -9999 -9999 -9999 -9999 -9999 -9999 -9999 -9999 -9999 -9999 -9999 -9999 -9999 -9999 -9999 -9999 -9999 -9999 -9999 -9999 -9999 -9999 -9999 -9999 -9999 -9999 -9999 -9999 -9999 -9999 -9999 -9999 -9999 -9999 -9999 -9999 -9999 -9999 -9999 -9999 -9999 -9999 -9999 -9999 -9999 -9999 -9999 -9999 -9999 -9999 -9999 -9999 -9999 -9999 -9999 -9999 -9999 -9999 -9999 -9999 -9999 -9999 -9999 -9999 -9999
-9999 -9999 -9999 -9999 -9999 -9999 -9999 -9999 -9999 -9999 -9999 -9999 -9999 -9999 -9999 -9999 -9999 -9999 -9999 -9999 -9999 -9999 -9999 -9999 -9999 -9999 -9999 -9999 -9999 -9999 -9999 -9999 -9999 -9999 -9999 -9999 -9999 -9999 -9999 -9999 -9999 -9999 -9999 -9999 -9999 -9999 -9999 -9999 -9999 -9999 -9999 -9999 -9999 -9999 -9999 -9999 -9999 -9999 -9999 -9999 -9999 -9999 -9999 -9999 -9999 -9999 -9999 -9999 -9999 -9999 -9999
-9999 -9999 -9999 -9999 -9999 -9999 -9999 -9999 -9999 -9999 -9999 -9999 -9999 -9999 -9999 -9999 -9999 -9999 -9999 -9999 -9999 -9999 -9999 -9999 -9999 -9999 -9999 -9999 -9999 -9999 -9999 -9999 -9999 -9999 -9999 -9999 -9999 -9999 -9999 -9999 -9999 -9999 -9999 -9999 -9999 -9999 -9999 -9999 -9999 -9999 -9999 -9999 -9999 -9999 -9999 -9999 -9999 -9999 -9999 -9999 -9999 -9999 -9999 -9999 -9999 -9999 -9999 -9999 -9999 -9999 -9999
-9999 -9999 -9999 -9999 -9999 -9999 -9999 -9999 -9999 -9999 -9999 -9999 -9999 -9999 -9999 -9999 -9999 -9999 -9999 -9999 -9999 -9999 -9999 -9999 -9999 -9999 -9999 -9999 -9999 -9999 -9999 -9999 -9999 -9999 -9999 -9999 -9999 -9999 -9999 -9999 -9999 -9999 -9999 -9999 -9999 -9999 -9999 -9999 -9999 -9999 -9999 -9999 -9999 -9999 -9999 -9999 -9999 -9999 -9999 -9999 -9999 -9999 -9999 -9999 -9999 -9999 -9999 -9999 -9999 -9999 -9999
-9999 -9999 -9999 -9999 -9999 -9999 -9999 -9999 -9999 -9999 -9999 -9999 -9999 -9999 -9999 -9999 -9999 -9999 -9999 -9999 -9999 -9999 -9999 -9999 -9999 -9999 -9999 -9999 -9999 -9999 -9999 -9999 -9999 -9999 -9999 -9999 -9999 -9999 -9999 -9999 -9999 -9999 -9999 -9999 -9999 -9999 -9999 -9999 -9999 -9999 -9999 -9999 -9999 -9999 -9999 -9999 -9999 -9999 -9999 -9999 -9999 -9999 -9999 -9999 -9999 -9999 -9999 -9999 -9999 -9999 -9999
-9999 -9999 -9999 -9999 -9999 -9999 -9999 -9999 -9999 -9999 -9999 -9999 -9999 -9999 -9999 -9999 -9999 -9999 -9999 -9999 -9999 -9999 -9999 -9999 -9999 -9999 -9999 -9999 -9999 -9999 -9999 -9999 -9999 -9999 -9999 -9999 -9999 -9999 -9999 -9999 -9999 -9999 -9999 -9999 -9999 -9999 -9999 -9999 -9999 -9999 -9999 -9999 -9999 -9999 -9999 -9999 -9999 -9999 -9999 -9999 -9999 -9999 -9999 -9999 -9999 -9999 -9999 -9999 -9999 -9999 -9999
-9999 -9999 -9999 -9999 -9999 -9999 -9999 -9999 -9999 -9999 -9999 -9999 -9999 -9999 -9999 -9999 -9999 -9999 -9999 -9999 -9999 -9999 -9999 -9999 -9999 -9999 -9999 -9999 -9999 -9999 -9999 -9999 -9999 -9999 -9999 -9999 -9999 -9999 -9999 -9999 -9999 -9999 -9999 -9999 -9999 -9999 -9999 -9999 -9999 -9999 -9999 -9999 -9999 -9999 -9999 -9999 -9999 -9999 -9999 -9999 -9999 -9999 -9999 -9999 -9999 -9999 -9999 -9999 -9999 -9999 -9999
-9999 -9999 -9999 -9999 -9999 -9999 -9999 -9999 -9999 -9999 -9999 -9999 -9999 -9999 -9999 -9999 -9999 -9999 -9999 -9999 -9999 -9999 -9999 -9999 -9999 -9999 -9999 -9999 -9999 -9999 -9999 -9999 -9999 -9999 -9999 -9999 -9999 -9999 -9999 -9999 -9999 -9999 -9999 -9999 -9999 -9999 -9999 -9999 -9999 -9999 -9999 -9999 -9999 -9999 -9999 -9999 -9999 -9999 -9999 -9999 -9999 -9999 -9999 -9999 -9999 -9999 -9999 -9999 -9999 -9999 -9999
-9999 -9999 -9999 -9999 -9999 -9999 -9999 -9999 -9999 -9999 -9999 -9999 -9999 -9999 -9999 -9999 -9999 -9999 -9999 -9999 -9999 -9999 -9999 -9999 -9999 -9999 -9999 -9999 -9999 -9999 -9999 -9999 -9999 -9999 -9999 -9999 -9999 -9999 -9999 -9999 -9999 -9999 -9999 -9999 -9999 -9999 -9999 -9999 -9999 -9999 -9999 -9999 -9999 -9999 -9999 -9999 -9999 -9999 -9999 -9999 -9999 -9999 -9999 -9999 -9999 -9999 -9999 -9999 -9999 -9999 -9999
22.96500 22.66920 21.87250 20.62420 19.51500 17.67500 -9999 -9999 -9999 -9999 -9999 -9999 -9999 -9999 -9999 -9999 -9999 -9999 -9999 -9999 -9999 -9999 -9999 -9999 -9999 -9999 -9999 -9999 -9999 -9999 -9999 -9999 -9999 -9999 -9999 -9999 -9999 -9999 -9999 -9999 -9999 -9999 -9999 -9999 -9999 -9999 -9999 8.78250 -9999 -9999 -9999 -9999 -9999 -9999 -9999 -9999 -9999 -9999 -9999 -9999 -9999 -9999 -9999 -9999 -9999 -9999 -9999 -9999 -9999 -9999 -9999
25.35500 24.30750 22.56170 21.49920 20.64750 19.37250 17.22500 15.42500 13.72500 11.82500 13.35000 14.65000 14.75000 13.67500 13.40000 13.10000 12.42500 10.95000 69.97500 -9999 -9999 -9999 -9999 -9999 -9999 -9999 -9999 -9999 -9999 -9999 -9999 -9999 -9999 -9999 -9999 -9999 -9999 -9999 -9999 -9999 -9999 -9999 2.62167 3.87333 2.56000 1.20667 0.00000 4.33917 13.08080 -9999 -9999 -9999 14.62920 -9999 -9999 -9999 16.92830 22.45250 24.40830 -9999 -9999 -9999 -9999 -9999 -9999 -9999 -9999 -9999 -9999 -9999 -9999
26.89580 25.33420 23.69080 23.33500 22.38500 21.92830 21.50000 0.00000 0.00000 0.00000 0.00000 0.00000 0.00000 0.00000 0.00000 0.00000 0.00000 0.00000 0.00000 0.00000 0.00000 0.00000 15.36330 24.81170 16.98500 -9999 -9999 -9999 -9999 -9999 17.21250 17.10420 17.79920 18.63920 18.53080 16.96580 15.27580 15.62080 14.44420 14.34750 12.72250 13.34500 1.25583 1.69417 0.00000 1.33667 0.00000 1.89250 16.16830 16.65000 17.73670 16.49330 18.18580 19.76330 19.90170 19.77330 22.39920 23.62670 19.67670 23.41920 24.20250 23.98500 24.75000 22.19580 -9999 -9999 -9999 -9999 -9999 -9999 -9999
27.22420 26.69830 25.73580 27.83920 27.69250 28.86420 0.00000 0.00000 0.00000 0.00000 0.00000 0.00000 0.00000 0.00000 0.00000 0.00000 0.00000 0.00000 0.00000 0.00000 0.00000 0.00000 27.12170 6.21250 14.43000 19.17170 21.64670 26.49750 27.32750 25.39330 22.58830 21.49830 19.71000 22.09500 22.55250 20.81500 18.42000 19.26330 18.76170 17.84420 18.02750 17.19000 16.25580 17.16830 17.16750 15.92330 15.36920 15.36920 16.73830 16.67170 19.22170 18.34330 19.30000 22.23580 23.19830 26.56000 27.01170 29.02670 32.59920 33.39000 31.22580 35.54580 29.87330 28.42250 24.25750 20.49250 18.57250 18.74250 17.38250 15.83420 16.40080
38.74000 0.00000 43.97420 0.00000 0.00000 0.00000 0.00000 0.00000 0.00000 0.00000 0.00000 0.00000 0.00000 0.00000 0.00000 0.00000 0.00000 0.00000 17.15000 24.50000 19.27500 26.45000 45.51830 51.37080 23.40170 24.69000 25.31330 29.20330 34.24580 34.96500 35.36920 24.47500 24.18580 25.60670 28.56330 28.00420 28.65580 27.24500 26.98750 24.32250 22.87920 23.12000 21.31830 20.16080 20.55330 19.06170 18.56000 19.25330 19.41250 19.09250 21.53830 22.78750 23.77920 25.44670 26.98750 29.22580 30.95250 29.71080 31.01580 32.55080 35.08170 40.15920 31.73580 31.63750 26.59330 26.10420 24.54330 25.33500 27.86830 28.75750 28.40080
34.09920 32.78000 30.24500 32.94670 34.65920 29.42830 26.10750 27.76500 24.46830 19.60580 20.68330 19.93920 17.72500 15.81830 0.00000 17.63670 16.77500 16.68000 17.91750 15.69920 36.69250 47.20250 50.94580 61.26420 31.00000 30.52170 33.11170 27.75080 24.82830 33.09000 50.02000 39.12000 37.01330 34.03080 34.50670 33.60670 34.56250 30.36750 28.53580 26.31330 24.86330 23.84750 22.14330 23.52250 23.03920 23.02250 23.90000 24.76420 25.35580 24.78830 24.71080 24.01580 25.21830 25.91420 27.36830 27.27500 27.67420 29.74420 32.25000 33.74420 34.33330 34.66830 30.95580 30.66580 32.15750 34.26000 34.24000 32.91500 31.86170 31.73830 31.20920
38.11420 41.47080 42.98080 33.08830 29.45670 27.70420 23.92500 24.64670 21.66250 19.64920 18.07330 18.00170 18.07420 17.73420 18.35830 18.91750 18.64920 19.65170 60.97000 58.99000 45.18580 49.77330 42.99750 57.43330 27.47830 29.75000 37.91330 41.49420 46.22580 40.77500 59.94920 58.29420 49.02420 43.06580 37.37330 33.74250 32.59250 30.02920 31.10330 30.65420 28.53670 24.85080 27.01500 30.13580 28.84670 29.00670 30.00080 28.17250 28.52000 26.60920 26.88330 29.79330 29.54420 28.81670 29.46250 30.50420 35.12080 33.54920 33.14250 32.53330 31.06250 30.89500 31.39250 34.09920 35.56420 37.52920 39.78330 42.24750 45.73580 44.89080 42.59670
46.55830 67.66670 74.41420 50.25000 37.68500 31.37000 28.03420 26.00420 19.64750 18.67000 18.88750 19.23670 19.85670 20.84750 22.59170 22.59670 23.14420 24.43830 45.37000 39.32830 17.86420 17.56330 34.47750 29.59420 21.07170 29.53580 35.05420 39.85750 44.09500 46.65830 46.67500 52.58330 49.54250 44.42500 38.81080 33.67750 33.74750 35.54500 32.50670 31.54420 32.57080 28.09830 30.23670 29.39750 29.70500 29.36000 29.44750 30.15920 31.54500 30.26080 32.71000 31.27750 31.37750 33.84250 33.34080 33.46420 39.18420 36.24830 36.22420 30.16330 29.90170 30.28330 32.62250 33.86830 36.22250 37.78000 40.15580 44.18670 46.41080 46.02670 46.17670
62.46000 58.70670 46.48830 28.26420 23.27330 24.23750 23.54920 22.79250 19.98080 20.87330 21.13170 22.38500 25.45670 28.50420 30.59500 28.04920 27.33830 26.47920 49.73080 44.65500 8.57667 0.00000 0.00000 6.87583 18.59250 32.42830 44.10580 46.66830 41.18920 46.89420 43.60250 53.25670 53.17330 48.42750 44.44250 39.95250 38.99420 36.83920 35.44500 34.14920 34.14830 30.19000 31.17500 30.07750 29.32420 30.65420 32.42830 31.18420 32.96750 33.94830 34.89330 35.83580 32.65000 34.35830 33.30250 32.38080 35.45000 36.09080 36.48170 37.89750 35.83330 36.00000 32.45170 35.01000 35.97080 34.59250 36.04330 39.52080 44.24000 52.86830 55.76080
63.84170 40.67000 33.79750 33.69000 30.30420 35.64170 52.72420 57.71420 48.26920 38.50330 34.81670 30.55670 28.39170 31.58000 36.75500 36.00830 36.29250 33.15330 54.79500 50.06830 9.37417 0.00000 0.00000 7.00750 10.09170 25.72830 29.52420 32.01000 38.40000 46.44330 47.05000 44.94170 44.25920 44.13750 43.00080 45.04670 45.73000 43.88080 48.09670 45.56670 47.23420 44.49420 39.97830 37.40830 34.10420 39.86500 40.53580 43.83080 44.64580 44.47330 42.62420 41.84750 38.42170 36.88500 35.03920 37.68920 36.86170 42.24250 38.64080 36.28330 37.06170 35.10420 37.95500 38.74670 37.98170 38.82580 42.26670 43.30920 49.91580 53.36830 55.89670
36.00170 34.81830 39.99420 30.95750 24.43830 34.95250 47.05420 46.99920 47.11250 49.22170 48.60250 48.43670 0.00000 40.74830 33.67080 34.22000 36.13330 35.58080 54.52330 61.85670 24.29170 0.00000 6.18917 10.85080 9.68750 12.73080 21.80000 23.61920 28.49580 36.68080 42.93500 45.95080 45.72830 40.89330 45.45330 39.95330 35.70500 41.16920 51.54080 46.90750 51.41750 59.14500 70.13500 69.74080 70.39750 68.33750 60.13170 51.13830 55.96500 51.89750 45.46330 38.26580 42.73670 38.61580 37.44580 39.01000 39.97670 38.59920 37.63330 39.08920 41.79420 35.56000 37.36420 40.25420 37.60250 41.51170 41.61750 43.57500 47.78170 50.14750 50.99000
27.50580 27.07670 26.92920 24.87330 25.24080 27.32920 25.28500 26.91830 36.21420 39.37830 44.40500 34.75170 0.00000 0.00000 0.00000 0.00000 0.00000 0.00000 0.00000 60.93330 64.89580 0.00000 0.00000 0.00000 0.00000 4.00750 0.00000 11.03170 16.07000 16.74000 14.56920 14.65920 17.38750 19.11330 14.15420 19.16750 20.15000 19.27250 29.88830 40.48500 50.82420 61.36920 76.25670 72.70670 83.93580 95.13580 97.20420 81.69830 65.90920 54.31000 47.08000 38.88580 38.93750 43.21580 41.49170 38.93580 37.83920 39.04420 35.19920 38.01330 39.87920 44.73000 49.13920 46.49920 42.19580 40.65170 41.83750 43.97920 47.05830 47.89080 46.71750
26.01170 26.72250 27.39330 26.90170 28.45250 28.00330 30.42750 28.66170 28.07170 29.54670 32.51920 36.05670 38.14830 43.44830 0.00000 0.00000 0.00000 0.00000 15.13500 22.96500 23.95170 29.12330 4.45750 18.91920 12.40830 4.22833 4.15083 9.33917 13.48920 27.68670 27.28250 29.43750 20.55250 20.68080 17.68420 17.61580 27.86500 27.89670 41.48080 57.15420 57.72670 75.85920 94.41330 104.65300 104.06800 107.40200 113.20000 111.94900 103.12200 82.67830 70.81170 56.73830 44.39420 54.38080 54.19920 47.02670 43.30830 42.52250 40.98080 40.49830 42.90750 47.87250 49.24000 46.92920 48.09830 51.08080 46.31580 45.66750 48.87080 48.17750 47.82250
43.15170 46.72170 45.22750 42.95170 37.30250 47.42250 75.37080 101.57600 90.31500 71.39080 56.28580 71.07170 42.59080 29.25250 26.37920 27.21830 25.52830 25.56830 39.62670 22.75330 25.17330 16.65750 20.98580 26.77580 26.83670 31.90830 40.83080 43.42330 44.99500 51.29330 52.13500 38.60080 35.16330 36.64330 35.28170 41.32080 34.64670 41.78330 49.85750 65.44670 77.16420 92.46250 99.78500 120.66400 128.68401 137.32300 136.10300 138.79100 119.84300 100.75700 82.56420 75.03830 57.60500 49.03080 48.57830 53.38500 45.93750 46.10500 46.26920 47.29420 45.92580 48.44580 50.67750 53.58500 50.99580 51.22080 50.35750 49.91830 48.14500 50.48330 51.74250
151.03999 147.63699 77.49170 56.35500 53.04420 53.76420 71.65830 76.25580 84.54330 96.05750 85.85080 65.63330 99.89080 68.71170 53.13000 30.35170 21.23750 20.90500 52.74920 51.14420 39.56750 37.77000 29.63170 37.46580 25.69170 32.78000 38.42750 50.98830 44.52580 47.95580 43.79000 30.84670 24.61670 31.03170 21.37670 26.81500 39.68170 50.01000 56.04000 65.38500 85.50830 108.15800 121.03000 138.98599 149.22200 160.78000 159.75700 159.06700 138.27200 116.68700 105.17800 88.72250 75.98000 62.86170 47.65500 54.46750 50.81500 49.78750 47.26000 52.47000 50.75420 51.73920 52.10250 48.61080 50.72580 52.80420 55.70670 56.02750 51.62750 51.84170 50.83920
193.04300 145.04601 98.57500 68.37830 51.93670 50.22330 61.08920 37.97080 38.10670 41.06330 44.77170 46.61420 36.83250 39.28170 39.86580 41.33670 32.70750 19.90670 50.95080 61.67330 64.61000 74.38000 49.77750 33.98750 14.72750 10.93080 35.34670 41.68830 36.53830 42.53000 40.84250 29.03750 26.34750 16.10830 16.93080 30.74170 46.71250 51.64670 61.86830 79.73830 90.09000 112.50800 129.10400 148.92000 171.30499 180.27400 187.19400 176.72800 146.50000 141.31400 115.19000 96.28250 87.67330 68.76330 61.20920 45.87330 52.40330 52.64750 46.33420 45.46500 46.00580 47.54500 49.25920 49.64580 54.91170 57.20420 63.20420 62.30330 59.71580 54.52500 54.37080
110.74300 98.49420 109.01900 108.83400 110.08800 83.55080 56.67500 41.90000 32.94750 33.15500 34.41000 37.45330 60.85830 81.15500 75.60670 65.69830 55.34580 39.47670 58.22420 64.69920 77.40420 126.02800 116.59700 66.35920 42.12420 31.83670 32.83080 24.72250 32.75080 35.98330 31.72000 24.23330 23.97500 12.08830 21.41750 29.02920 51.32750 61.34500 74.17330 91.37420 106.85700 125.21200 147.05400 169.10699 197.91299 213.32001 195.07800 186.82600 177.07899 159.58200 127.64900 112.09100 102.92900 82.21750 66.20500 49.22250 49.89750 53.90420 47.50670 52.34920 59.77080 72.50580 74.45830 74.93830 78.68330 67.43250 59.52830 60.76830 64.50250 63.95170 62.91250
77.06920 58.86920 66.50080 97.32500 90.36500 63.95170 105.37300 161.01801 161.64799 98.07080 77.81080 53.87920 66.59670 85.30750 128.77299 146.05000 125.88300 106.99100 110.68300 121.10700 116.90700 154.78400 144.82700 79.53080 46.78420 45.47170 48.23420 58.15500 42.72500 38.26170 27.74580 20.86920 20.02080 18.41330 26.78250 39.09170 46.45330 59.94250 69.34000 88.26170 96.71250 114.35800 122.35400 157.17799 192.33900 205.87199 200.62000 160.67999 130.13800 119.55900 98.22580 98.58580 99.46170 74.62170 53.50500 56.31420 51.14750 52.25830 42.08920 43.71830 46.26000 52.24580 54.90330 56.25500 56.14420 56.20330 57.26580 61.88670 65.08080 70.91670 69.28330
78.68500 -9999 57.04330 116.63400 247.39000 507.61099 -9999 659.22803 529.94800 414.65601 355.16699 223.48399 198.78700 157.18300 138.88699 129.61200 86.56580 116.37200 240.13000 253.11200 268.17200 238.41800 243.67101 191.03300 125.18200 111.90900 91.95750 77.57920 82.20000 65.73580 51.63250 34.77330 23.91170 25.74170 38.77500 47.27250 61.85420 63.32250 79.20250 92.13500 114.10800 121.06500 124.50600 123.00700 160.93600 156.86000 170.68900 148.12801 123.29100 105.39300 104.08300 89.06670 81.85920 75.41420 54.11170 53.98250 44.78750 45.54830 47.15670 50.73920 49.29580 47.36330 49.44170 51.05830 53.88830 55.76580 59.70670 59.26750 60.59420 64.73580 59.40330
