data/hydroclimate-scenarios/BCSD_hadcm_A1B/monthly_summaries/precip_monthly_tot_feb.2030-2059.asc
ncols	311
nrows	91
xllcenter	102.75
yllcenter	31.75
cellsize	0.5
NODATA_value	-9999
[rows 0 to 31 of 91, columns 72 to 143 of 311]
-9999 -9999 -9999 -9999 -9999 -9999 -9999 -9999 -9999 -9999 -9999 -9999 -9999 -9999 -9999 -9999 -9999 -9999 -9999 -9999 -9999 -9999 -9999 -9999 -9999 -9999 -9999 -9999 -9999 -9999 -9999 -9999 -9999 -9999 -9999 -9999 -9999 -9999 -9999 -9999 -9999 -9999 -9999 -9999 -9999 -9999 -9999 -9999 -9999 -9999 -9999 -9999 -9999 -9999 -9999 -9999 -9999 -9999 -9999 -9999 -9999 -9999 -9999 -9999 -9999 -9999 -9999 -9999 -9999 -9999 -9999 -9999
-9999 -9999 -9999 -9999 -9999 -9999 -9999 -9999 -9999 -9999 -9999 -9999 -9999 -9999 -9999 -9999 -9999 -9999 -9999 -9999 -9999 -9999 -9999 -9999 -9999 -9999 -9999 -9999 -9999 -9999 -9999 -9999 -9999 -9999 -9999 -9999 -9999 -9999 -9999 -9999 -9999 -9999 -9999 -9999 -9999 -9999 -9999 -9999 -9999 -9999 -9999 -9999 -9999 -9999 -9999 -9999 -9999 -9999 -9999 -9999 -9999 -9999 -9999 -9999 -9999 -9999 -9999 -9999 -9999 -9999 -9999 -9999
-9999 -9999 -9999 -9999 -9999 -9999 -9999 -9999 -9999 -9999 -9999 -9999 -9999 -9999 -9999 -9999 -9999 -9999 -9999 -9999 -9999 -9999 -9999 -9999 -9999 -9999 -9999 -9999 -9999 -9999 -9999 -9999 -9999 -9999 -9999 -9999 -9999 -9999 -9999 -9999 -9999 -9999 -9999 -9999 -9999 -9999 -9999 -9999 -9999 -9999 -9999 -9999 -9999 -9999 -9999 -9999 -9999 -9999 -9999 -9999 -9999 -9999 -9999 -9999 -9999 -9999 -9999 -9999 -9999 -9999 -9999 -9999
-9999 -9999 -9999 -9999 -9999 -9999 -9999 -9999 -9999 -9999 -9999 -9999 -9999 -9999 -9999 -9999 -9999 -9999 -9999 -9999 -9999 -9999 -9999 -9999 -9999 -9999 -9999 -9999 -9999 -9999 -9999 -9999 -9999 -9999 -9999 -9999 -9999 -9999 -9999 -9999 -9999 -9999 -9999 -9999 -9999 -9999 -9999 -9999 -9999 -9999 -9999 -9999 -9999 -9999 -9999 -9999 -9999 -9999 -9999 -9999 -9999 -9999 -9999 -9999 -9999 -9999 -9999 -9999 -9999 -9999 -9999 -9999
-9999 -9999 -9999 -9999 -9999 -9999 -9999 -9999 -9999 -9999 -9999 -9999 -9999 -9999 -9999 -9999 -9999 -9999 -9999 -9999 -9999 -9999 -9999 -9999 -9999 -9999 -9999 -9999 -9999 -9999 -9999 -9999 -9999 -9999 -9999 -9999 -9999 -9999 -9999 -9999 -9999 -9999 -9999 -9999 -9999 -9999 -9999 -9999 -9999 -9999 -9999 -9999 -9999 -9999 -9999 -9999 -9999 -9999 -9999 -9999 -9999 -9999 -9999 -9999 -9999 -9999 -9999 -9999 -9999 -9999 -9999 -9999
-9999 -9999 -9999 -9999 -9999 -9999 -9999 -9999 -9999 -9999 -9999 -9999 -9999 -9999 -9999 -9999 -9999 -9999 -9999 -9999 -9999 -9999 -9999 -9999 -9999 -9999 -9999 -9999 -9999 -9999 -9999 -9999 -9999 -9999 -9999 -9999 -9999 -9999 -9999 -9999 -9999 -9999 -9999 -9999 -9999 -9999 -9999 -9999 -9999 -9999 -9999 -9999 -9999 -9999 -9999 -9999 -9999 -9999 -9999 -9999 -9999 -9999 -9999 -9999 -9999 -9999 -9999 -9999 -9999 -9999 -9999 -9999
-9999 -9999 -9999 -9999 -9999 -9999 -9999 -9999 -9999 -9999 -9999 -9999 -9999 -9999 -9999 -9999 -9999 -9999 -9999 -9999 -9999 -9999 -9999 -9999 -9999 -9999 -9999 -9999 -9999 -9999 -9999 -9999 -9999 -9999 -9999 -9999 -9999 -9999 -9999 -9999 -9999 -9999 -9999 -9999 -9999 -9999 -9999 -9999 -9999 -9999 -9999 -9999 -9999 -9999 -9999 -9999 -9999 -9999 -9999 -9999 -9999 -9999 -9999 -9999 -9999 -9999 -9999 -9999 -9999 -9999 -9999 -9999
-9999 -9999 -9999 -9999 -9999 -9999 -9999 -9999 -9999 -9999 -9999 -9999 -9999 -9999 -9999 -9999 -9999 -9999 -9999 -9999 -9999 -9999 -9999 -9999 -9999 -9999 -9999 -9999 -9999 -9999 -9999 -9999 -9999 -9999 -9999 -9999 -9999 -9999 -9999 -9999 -9999 -9999 -9999 -9999 -9999 -9999 -9999 -9999 -9999 -9999 -9999 -9999 -9999 -9999 -9999 -9999 -9999 -9999 -9999 -9999 -9999 -9999 -9999 -9999 -9999 -9999 -9999 -9999 -9999 -9999 -9999 -9999
-9999 -9999 -9999 -9999 -9999 14.10750 -9999 -9999 -9999 -9999 -9999 -9999 -9999 -9999 -9999 -9999 -9999 -9999 -9999 -9999 -9999 -9999 -9999 -9999 -9999 -9999 -9999 -9999 -9999 -9999 -9999 -9999 -9999 -9999 -9999 -9999 -9999 -9999 -9999 -9999 -9999 -9999 -9999 -9999 -9999 -9999 -9999 -9999 -9999 -9999 -9999 -9999 -9999 -9999 -9999 -9999 -9999 -9999 -9999 -9999 -9999 -9999 -9999 -9999 -9999 -9999 -9999 -9999 -9999 -9999 -9999 -9999
-9999 10.49080 10.86170 10.81830 13.44330 13.40080 13.37250 13.75250 16.45830 16.64750 16.48500 18.73830 18.55500 18.50580 18.39170 20.92000 20.13750 20.19000 19.97170 19.92330 20.28000 -9999 -9999 -9999 -9999 -9999 -9999 -9999 -9999 -9999 -9999 -9999 -9999 -9999 -9999 -9999 -9999 -9999 -9999 -9999 -9999 -9999 -9999 -9999 -9999 -9999 -9999 -9999 -9999 -9999 -9999 -9999 -9999 -9999 -9999 -9999 -9999 -9999 -9999 -9999 -9999 -9999 -9999 -9999 -9999 -9999 -9999 -9999 -9999 -9999 -9999 -9999
-9999 -9999 -9999 12.75750 13.15330 13.22330 13.16420 15.57170 15.57330 15.64920 18.19330 18.30500 17.60000 19.53920 19.47250 19.51250 18.79750 20.97670 21.01250 20.96000 21.02750 -9999 -9999 -9999 -9999 -9999 -9999 -9999 -9999 -9999 -9999 -9999 -9999 -9999 -9999 -9999 -9999 -9999 -9999 -9999 -9999 -9999 -9999 -9999 -9999 -9999 -9999 -9999 -9999 -9999 -9999 -9999 -9999 -9999 -9999 -9999 -9999 -9999 -9999 -9999 -9999 -9999 -9999 -9999 -9999 -9999 -9999 -9999 -9999 -9999 -9999 -9999
11.78170 11.99250 12.10080 12.25000 12.66420 12.75420 12.87080 14.75250 14.97170 15.32750 17.62000 17.09250 16.92170 18.63000 18.24330 20.20580 19.87000 19.87670 20.05750 19.85670 19.76580 19.96330 20.17250 20.40830 20.35420 20.62920 20.69250 -9999 -9999 -9999 -9999 -9999 -9999 -9999 -9999 -9999 -9999 -9999 -9999 -9999 -9999 -9999 -9999 -9999 -9999 -9999 -9999 -9999 -9999 -9999 -9999 -9999 -9999 -9999 -9999 -9999 -9999 -9999 -9999 -9999 -9999 -9999 -9999 -9999 -9999 -9999 -9999 -9999 -9999 -9999 -9999 -9999
11.55580 11.68830 11.67750 12.03000 12.29330 12.47080 14.43170 13.99580 14.21330 16.50500 16.72830 16.80830 18.47000 18.31830 19.65920 19.36420 18.98080 20.71500 20.60250 20.65000 20.79500 21.24420 21.20830 21.48500 21.85080 21.83580 19.86000 20.11580 20.06580 19.83330 19.76580 19.79580 19.91080 18.24920 18.33170 17.72670 17.73830 15.88000 16.08250 16.37420 16.70500 17.00670 -9999 -9999 -9999 -9999 -9999 -9999 -9999 -9999 -9999 -9999 -9999 -9999 -9999 -9999 -9999 -9999 -9999 -9999 -9999 -9999 -9999 -9999 -9999 -9999 -9999 -9999 -9999 -9999 -9999 -9999
10.93420 10.86080 11.11080 11.20750 11.28750 11.52000 13.53170 13.41080 13.78580 15.95920 16.33000 18.16830 17.94670 17.78750 19.33920 18.84080 19.88670 19.79250 20.09330 20.20000 20.37250 20.30000 20.67250 20.97420 21.34250 21.31250 21.25750 21.47170 21.66420 21.48000 21.48000 18.86250 18.73250 18.80000 18.87670 19.01830 17.21670 17.33830 17.49500 17.75250 16.00920 16.04670 16.46000 -9999 -9999 -9999 -9999 -9999 -9999 -9999 -9999 -9999 -9999 -9999 -9999 -9999 -9999 -9999 -9999 -9999 -9999 -9999 -9999 -9999 -9999 -9999 -9999 -9999 -9999 -9999 -9999 -9999
8.81417 8.66917 8.73000 8.96833 10.64830 11.31750 11.34920 13.45330 13.23670 15.49170 15.42000 17.79250 17.59500 19.12170 18.84250 18.56670 19.82830 19.29330 19.32830 19.44920 19.63000 19.64170 19.99750 19.96330 20.04420 20.64080 20.78750 20.63670 20.13170 20.28830 20.30500 20.29330 20.23920 20.08170 18.64080 18.46000 18.53250 18.90920 16.72170 16.80080 16.89080 16.95580 16.97250 -9999 -9999 -9999 -9999 -9999 -9999 -9999 -9999 -9999 -9999 -9999 -9999 -9999 -9999 -9999 18.44830 18.24670 -9999 -9999 -9999 -9999 16.97170 15.99420 15.87000 15.15670 16.84170 17.00170 19.82750 20.14670
8.34000 8.38750 8.47083 10.32170 10.37500 10.29000 10.35830 12.52250 12.66830 15.20420 15.17000 17.27330 17.39580 18.87750 18.27750 19.37750 19.35580 18.94750 19.09670 19.09250 21.01250 21.20830 20.69830 21.05500 21.05420 22.53500 22.26920 22.58330 22.67750 21.77250 21.78330 21.74000 19.99500 19.98250 19.94580 19.71670 18.04080 18.38420 17.96330 17.92330 15.90500 16.12080 15.94750 15.53670 15.50830 15.48580 15.83500 14.46670 14.86420 15.30170 15.78330 16.33580 16.71500 17.34750 17.43420 19.77250 19.80080 19.89000 20.56420 20.66170 -9999 -9999 -9999 -9999 -9999 20.90330 17.99330 17.44920 19.29830 20.34580 20.31170 19.97420
8.07833 7.95333 8.20083 8.46167 10.04000 10.12830 12.05080 11.96670 13.81170 13.97670 15.89830 16.39420 18.30250 17.97500 19.18420 18.99580 19.03500 18.68830 20.21000 20.45250 20.35750 20.24000 20.04580 20.43750 20.62920 20.81420 22.64920 22.89250 22.67420 22.62080 20.63500 20.29420 21.52920 21.46330 21.42580 19.49250 19.45500 19.35920 19.48000 17.79250 17.75500 17.27580 16.90420 16.89830 15.15170 14.96920 15.40750 15.90330 16.33670 16.68000 17.06170 17.79670 18.03080 16.75250 19.12830 19.58000 19.46580 19.58670 20.02750 20.13670 20.48920 23.35670 22.72500 22.41330 23.26170 22.56500 22.21920 21.70920 22.56170 22.60500 22.39920 22.18000
6.42417 7.92250 7.98833 8.08083 8.29083 9.86583 9.90333 11.63830 13.40830 13.55750 15.57250 15.82670 17.92000 17.52420 19.12420 18.83670 18.73170 18.61500 18.45670 20.06830 20.33920 20.45000 19.98750 21.90170 21.86500 22.07170 22.53500 22.49500 22.72500 22.70500 22.55500 22.20420 22.45080 21.05330 20.79580 20.89670 20.77750 18.95330 18.92670 18.92580 18.97170 17.32000 16.96500 16.99750 17.31330 17.31330 17.38420 17.88500 18.20500 18.83080 19.20000 19.67420 20.15420 20.94670 18.90500 19.16080 21.57000 21.66330 22.02830 22.46000 22.92830 22.13000 25.21920 24.39170 25.83420 24.40250 22.39830 22.04080 23.18170 21.23500 23.51170 24.70830
6.22833 7.85000 9.51083 7.97667 9.47667 9.65083 9.68083 11.18080 11.37670 13.05500 14.84420 15.15830 17.14830 17.10170 18.61080 18.48330 18.60580 18.69420 18.25920 18.49170 20.28250 20.41830 22.11580 22.46080 21.91170 21.97080 23.99250 24.31750 24.45000 24.12830 24.47500 24.52670 22.50670 22.84670 22.54830 20.65580 20.66000 20.53580 18.62420 18.62830 18.82670 18.49420 16.75330 16.96580 17.08500 18.74330 18.96670 19.47920 20.09500 18.56330 20.83580 21.19750 21.59000 21.96500 23.01920 23.38670 23.67330 23.82750 22.02330 22.66920 23.42670 22.76670 25.58830 26.63670 25.46750 24.56830 24.41420 23.80580 23.29580 25.14750 25.32330 25.62750
6.07833 6.10250 6.14000 7.94583 9.59917 9.44500 9.49667 9.38167 10.85500 11.12580 11.52750 13.09830 14.91000 16.90670 16.85330 18.59170 18.58920 18.73250 18.52580 18.66920 20.35250 20.34000 22.24750 22.45500 23.27080 23.37750 23.42500 23.58670 23.87170 23.76250 23.84080 23.58330 23.46170 23.15080 21.54830 21.55330 19.63830 19.41000 19.53670 17.90920 17.77670 17.99000 18.02250 18.29830 18.70250 18.03170 19.08500 19.57250 19.60250 20.17170 20.68000 22.98250 22.59500 23.29080 23.33000 23.59420 23.85750 24.09500 24.37170 24.78330 25.29000 24.97500 25.76500 24.90580 28.20420 25.93420 27.06080 25.88580 25.40920 27.65330 30.15250 30.13500
5.99083 6.19833 5.88917 6.13917 7.75500 9.37167 9.44250 9.61417 10.95000 11.12500 11.12920 11.05000 11.45000 12.98000 14.72330 16.58830 18.24420 18.90330 20.48750 20.48750 20.49080 22.48580 21.79500 23.86750 24.07500 24.17670 25.95080 26.08420 25.60170 25.17330 25.06250 23.78080 23.83080 23.51000 21.69750 21.68170 19.75920 19.54420 19.66420 19.62420 19.63830 19.60670 19.76000 18.41670 18.28080 18.24750 18.86670 20.63170 21.10670 21.42250 23.56580 24.65500 24.99080 25.23330 27.36920 26.07670 26.23170 26.53420 26.81080 27.36170 28.01080 29.13250 30.15580 29.32830 29.05500 28.03670 29.12500 28.19250 29.94920 30.33420 32.49920 32.72750
6.09250 6.11417 6.13667 6.23750 6.24583 6.40083 7.93167 9.36583 11.32670 11.30670 11.17580 11.20000 13.06080 11.26750 13.17250 13.07580 14.95830 16.97750 18.71250 20.58000 20.89250 22.64750 22.98250 24.72000 25.10250 26.93250 27.10420 26.82830 26.32170 25.76250 25.18330 23.09920 23.22750 23.34580 23.28580 21.57000 21.56830 21.77080 21.78920 19.93330 20.00500 20.02920 20.17330 20.12500 20.06420 20.38500 20.69920 20.80920 20.87580 21.24170 23.25500 24.29500 24.67750 26.81170 29.34500 27.81580 30.40830 30.93000 31.02000 31.72500 32.60420 32.76250 34.63080 34.70580 33.16000 30.18670 29.66000 28.94500 32.11170 32.95750 35.16830 35.76670
6.21917 6.21083 6.21000 6.07167 6.23250 6.28083 8.05833 7.89083 9.52833 9.49083 11.30420 11.18080 12.80920 12.81920 14.52670 14.44670 14.94330 15.14420 17.30080 17.34170 19.59580 21.31670 23.14500 25.52080 27.44080 27.48580 27.61420 27.31000 26.51920 26.24420 25.74920 24.96330 24.71420 22.87420 22.83080 22.98080 21.45580 21.53080 21.63000 21.59250 21.65750 21.77000 20.17330 20.17250 18.19170 19.73000 20.22080 20.44330 20.80500 22.53080 23.30920 25.64670 26.31330 28.98750 30.22500 32.91830 33.13920 35.72330 36.48750 36.88750 41.15330 38.13920 38.10170 37.07000 35.68830 34.81330 34.01750 33.30500 33.38170 35.02750 37.76500 39.25080
6.12917 6.08667 6.20500 6.24917 6.38833 6.37583 7.76083 7.62750 9.32583 10.94920 9.35667 11.12670 10.86420 11.18000 11.05330 12.74420 16.45670 15.10080 15.34000 15.61500 17.59080 19.81000 25.27920 25.39580 27.53080 29.30580 28.78420 28.51420 28.13500 27.82080 27.16250 26.93080 24.93250 24.67920 24.39330 22.40170 22.72580 21.18920 21.21500 19.81750 21.64670 21.55080 20.16500 21.61830 21.52500 21.56420 22.21830 22.81830 23.20080 23.36420 25.06920 27.64000 29.98580 31.75670 34.23580 36.74920 37.11420 40.34830 41.15500 43.82920 45.36250 42.26670 41.77830 40.71080 39.89750 39.16330 36.46750 35.61670 36.24920 37.11580 40.44080 42.06330
6.24000 6.07667 6.27333 6.21250 7.92750 7.73500 7.88500 7.85667 9.40500 9.21250 9.62167 10.97080 11.04920 11.11750 12.66330 11.15080 13.15580 15.55000 17.36330 17.52670 19.50830 21.24500 23.26580 25.56670 27.45830 28.45250 30.48170 30.21080 29.89920 29.48920 29.05000 28.67170 26.29250 26.19170 24.27170 24.00670 22.20420 22.43580 20.63670 20.63330 20.91670 19.33580 19.42920 21.34920 21.47750 21.69580 21.93250 24.14420 24.41000 24.17080 26.25580 28.78830 31.29420 33.34670 35.83830 38.64000 41.66580 43.19580 44.17830 45.62250 46.21330 45.34500 44.80670 43.73750 43.48170 40.64330 38.28830 35.94750 35.96670 39.39250 42.85670 46.65250
6.19917 6.18833 6.18333 6.16667 7.76000 7.75167 9.50583 9.31333 9.45583 9.30250 9.41583 11.16670 12.93670 13.13670 13.50580 13.54080 13.89000 14.36250 16.11420 18.21080 20.29000 21.92420 23.75170 25.77170 27.06750 28.69920 30.75420 32.16420 31.88250 31.54580 29.35670 30.49830 28.56750 26.24920 24.53830 23.98830 22.19500 21.61580 20.05330 20.14000 20.01420 20.08750 18.50170 20.35920 20.49830 20.50250 22.60750 24.80580 25.00500 26.44670 28.00420 29.60000 31.70920 35.91080 39.02250 41.82670 44.01500 45.53580 47.11000 48.62420 49.50830 48.84580 47.66080 44.98500 44.86670 42.52330 40.20750 38.07670 39.32420 40.57830 45.28580 49.12080
5.95833 6.10000 6.13667 6.14000 7.71750 7.93417 7.62250 9.35333 9.31750 9.32750 10.86420 9.55917 11.25080 13.53080 15.20420 15.68420 16.29250 16.54330 16.96170 18.99920 20.83000 22.98750 24.15250 27.14330 28.04750 29.85830 33.38830 34.39830 33.78330 33.74920 31.45000 30.87420 29.23080 26.71580 25.96920 23.82830 21.92750 21.30750 21.08170 19.46170 19.30250 19.47830 19.64250 19.82330 21.71580 21.67670 23.79250 24.06000 26.14670 27.83830 29.61420 31.32580 35.08580 37.79170 42.96250 47.12080 50.61500 52.17920 53.78920 54.72670 53.60170 53.13250 49.74080 49.16580 47.08920 44.76830 42.94830 42.16750 40.91330 43.53420 46.94170 51.16250
5.93083 6.02583 5.89667 6.05500 7.77667 7.68750 9.27417 9.14833 10.90420 10.78670 11.25330 11.53420 11.64250 13.65920 14.03750 16.26500 16.60670 19.33500 19.47500 19.66500 21.49250 23.23750 25.95670 27.66920 28.97750 30.32830 33.45080 34.77830 36.64330 34.30330 33.72750 33.72830 29.56330 27.68670 26.71830 24.52750 23.78500 21.13830 21.06920 20.69580 20.69750 21.16830 21.19000 21.36500 21.50580 23.37920 25.33670 26.19420 28.75580 32.98420 35.14330 38.21420 43.31080 49.45420 54.66080 58.39500 59.77330 60.13330 61.54250 59.08000 59.75920 56.20750 52.78080 49.98170 49.40580 47.14080 48.21580 46.48830 46.35750 48.98500 52.26750 55.04670
5.83250 5.89750 5.80250 6.00833 6.03333 7.85750 7.93500 9.48917 9.53250 11.27830 11.41250 13.65580 13.79500 14.12000 14.69670 17.21000 19.33330 20.77330 22.96170 22.79000 23.10830 25.08420 27.46750 31.41670 32.66750 33.23250 34.00170 39.54920 38.94580 36.78830 36.14170 34.15750 31.66750 29.66170 27.19670 26.35250 24.18170 21.95500 21.29420 21.48580 21.29250 21.55000 22.94170 23.19250 25.09920 26.95080 29.68500 32.25250 35.13830 38.65920 41.88830 48.38420 54.36750 61.24920 69.45830 75.09080 74.86750 71.14000 67.72920 67.39830 64.11580 60.60080 56.83000 54.06750 52.84670 49.97830 51.96750 52.21250 51.12080 54.24420 57.22670 59.88580
7.41167 7.52833 7.44583 6.05833 7.91083 6.23083 8.12833 9.54167 9.92917 9.79833 11.76420 12.34330 12.44500 14.34080 16.58080 17.15670 19.67330 21.69000 24.05420 24.00750 26.34580 27.17580 29.14170 31.21750 32.78170 33.77500 34.73920 38.02750 37.50000 39.09920 38.07580 37.00500 34.48500 31.84330 29.34170 27.46500 26.89000 24.42170 23.76500 23.64000 23.21250 23.27670 24.87000 26.65420 26.86250 28.68250 31.47500 32.75080 37.76420 -9999 -9999 53.06750 61.65420 69.55000 76.25000 79.44420 79.39500 75.39920 71.73670 72.30080 70.64500 67.28670 63.88670 62.59330 59.44420 56.83670 56.31080 56.94750 59.26500 60.37000 62.82500 65.18750
7.34750 7.67333 7.89333 7.90667 8.10167 8.15667 9.70417 9.80500 9.79750 9.98250 11.72000 12.02580 14.09830 14.50080 16.57580 16.63420 21.00000 23.68580 24.09830 28.24670 28.31750 30.95420 31.08670 31.06830 33.31920 34.86580 36.30080 37.40500 40.83170 41.99420 42.48750 39.05580 37.90830 34.93500 32.55170 29.98670 29.80250 29.09250 -9999 -9999 -9999 -9999 26.73000 -9999 26.80670 28.69920 31.64080 36.35750 39.49170 -9999 -9999 55.06000 62.14830 66.58830 71.02500 73.01500 74.20920 72.34250 72.77000 70.30080 72.99250 69.56920 69.89080 69.17500 64.00330 63.81670 63.52250 65.28830 66.25830 68.23830 71.95420 -9999
9.11167 9.70833 9.63167 9.46083 9.67417 9.87167 9.75417 9.98250 11.34330 11.33170 11.57920 13.76080 14.12920 16.19670 18.52830 18.85670 21.68500 23.90080 24.84830 27.71250 28.90330 31.78830 32.88750 33.42830 36.57000 36.51330 38.79170 42.25670 44.84580 45.12920 45.42080 43.34580 41.70330 36.61420 35.89330 33.47330 -9999 -9999 -9999 -9999 -9999 -9999 -9999 28.24920 30.07830 31.66830 -9999 -9999 -9999 -9999 -9999 56.41500 59.88580 63.20830 65.71170 65.68250 68.21500 71.76670 70.37670 74.69670 76.06330 74.90830 75.94670 75.68500 75.08920 73.20920 72.18420 71.80250 76.93670 -9999 -9999 -9999
