data/hydroclimate-scenarios/BCSD_hadcm_A1B/monthly_summaries/precip_monthly_tot_jan.2030-2059.asc
ncols	311
nrows	91
xllcenter	102.75
yllcenter	31.75
cellsize	0.5
NODATA_value	-9999
[rows 0 to 31 of 91, columns 72 to 143 of 311]
-9999 -9999 -9999 -9999 -9999 -9999 -9999 -9999 -9999 -9999 -9999 -9999 -9999 -9999 -9999 -9999 -9999 -9999 -9999 -9999 -9999 -9999 -9999 -9999 -9999 -9999 -9999 -9999 -9999 -9999 -9999 -9999 -9999 -9999 -9999 -9999 -9999 -9999 -9999 -9999 -9999 -9999 -9999 -9999 -9999 -9999 -9999 -9999 -9999 -9999 -9999 -9999 -9999 -9999 -9999 -9999 -9999 -9999 -9999 -9999 -9999 -9999 -9999 -9999 -9999 -9999 -9999 -9999 -9999 -9999 -9999 -9999
-9999 -9999 -9999 -9999 -9999 -9999 -9999 -9999 -9999 -9999 -9999 -9999 -9999 -9999 -9999 -9999 -9999 -9999 -9999 -9999 -9999 -9999 -9999 -9999 -9999 -9999 -9999 -9999 -9999 -9999 -9999 -9999 -9999 -9999 -9999 -9999 -9999 -9999 -9999 -9999 -9999 -9999 -9999 -9999 -9999 -9999 -9999 -9999 -9999 -9999 -9999 -9999 -9999 -9999 -9999 -9999 -9999 -9999 -9999 -9999 -9999 -9999 -9999 -9999 -9999 -9999 -9999 -9999 -9999 -9999 -9999 -9999
-9999 -9999 -9999 -9999 -9999 -9999 -9999 -9999 -9999 -9999 -9999 -9999 -9999 -9999 -9999 -9999 -9999 -9999 -9999 -9999 -9999 -9999 -9999 -9999 -9999 -9999 -9999 -9999 -9999 -9999 -9999 -9999 -9999 -9999 -9999 -9999 -9999 -9999 -9999 -9999 -9999 -9999 -9999 -9999 -9999 -9999 -9999 -9999 -9999 -9999 -9999 -9999 -9999 -9999 -9999 -9999 -9999 -9999 -9999 -9999 -9999 -9999 -9999 -9999 -9999 -9999 -9999 -9999 -9999 -9999 -9999 -9999
-9999 -9999 -9999 -9999 -9999 -9999 -9999 -9999 -9999 -9999 -9999 -9999 -9999 -9999 -9999 -9999 -9999 -9999 -9999 -9999 -9999 -9999 -9999 -9999 -9999 -9999 -9999 -9999 -9999 -9999 -9999 -9999 -9999 -9999 -9999 -9999 -9999 -9999 -9999 -9999 -9999 -9999 -9999 -9999 -9999 -9999 -9999 -9999 -9999 -9999 -9999 -9999 -9999 -9999 -9999 -9999 -9999 -9999 -9999 -9999 -9999 -9999 -9999 -9999 -9999 -9999 -9999 -9999 -9999 -9999 -9999 -9999
-9999 -9999 -9999 -9999 -9999 -9999 -9999 -9999 -9999 -9999 -9999 -9999 -9999 -9999 -9999 -9999 -9999 -9999 -9999 -9999 -9999 -9999 -9999 -9999 -9999 -9999 -9999 -9999 -9999 -9999 -9999 -9999 -9999 -9999 -9999 -9999 -9999 -9999 -9999 -9999 -9999 -9999 -9999 -9999 -9999 -9999 -9999 -9999 -9999 -9999 -9999 -9999 -9999 -9999 -9999 -9999 -9999 -9999 -9999 -9999 -9999 -9999 -9999 -9999 -9999 -9999 -9999 -9999 -9999 -9999 -9999 -9999
-9999 -9999 -9999 -9999 -9999 -9999 -9999 -9999 -9999 -9999 -9999 -9999 -9999 -9999 -9999 -9999 -9999 -9999 -9999 -9999 -9999 -9999 -9999 -9999 -9999 -9999 -9999 -9999 -9999 -9999 -9999 -9999 -9999 -9999 -9999 -9999 -9999 -9999 -9999 -9999 -9999 -9999 -9999 -9999 -9999 -9999 -9999 -9999 -9999 -9999 -9999 -9999 -9999 -9999 -9999 -9999 -9999 -9999 -9999 -9999 -9999 -9999 -9999 -9999 -9999 -9999 -9999 -9999 -9999 -9999 -9999 -9999
-9999 -9999 -9999 -9999 -9999 -9999 -9999 -9999 -9999 -9999 -9999 -9999 -9999 -9999 -9999 -9999 -9999 -9999 -9999 -9999 -9999 -9999 -9999 -9999 -9999 -9999 -9999 -9999 -9999 -9999 -9999 -9999 -9999 -9999 -9999 -9999 -9999 -9999 -9999 -9999 -9999 -9999 -9999 -9999 -9999 -9999 -9999 -9999 -9999 -9999 -9999 -9999 -9999 -9999 -9999 -9999 -9999 -9999 -9999 -9999 -9999 -9999 -9999 -9999 -9999 -9999 -9999 -9999 -9999 -9999 -9999 -9999
-9999 -9999 -9999 -9999 -9999 -9999 -9999 -9999 -9999 -9999 -9999 -9999 -9999 -9999 -9999 -9999 -9999 -9999 -9999 -9999 -9999 -9999 -9999 -9999 -9999 -9999 -9999 -9999 -9999 -9999 -9999 -9999 -9999 -9999 -9999 -9999 -9999 -9999 -9999 -9999 -9999 -9999 -9999 -9999 -9999 -9999 -9999 -9999 -9999 -9999 -9999 -9999 -9999 -9999 -9999 -9999 -9999 -9999 -9999 -9999 -9999 -9999 -9999 -9999 -9999 -9999 -9999 -9999 -9999 -9999 -9999 -9999
-9999 -9999 -9999 -9999 -9999 11.01250 -9999 -9999 -9999 -9999 -9999 -9999 -9999 -9999 -9999 -9999 -9999 -9999 -9999 -9999 -9999 -9999 -9999 -9999 -9999 -9999 -9999 -9999 -9999 -9999 -9999 -9999 -9999 -9999 -9999 -9999 -9999 -9999 -9999 -9999 -9999 -9999 -9999 -9999 -9999 -9999 -9999 -9999 -9999 -9999 -9999 -9999 -9999 -9999 -9999 -9999 -9999 -9999 -9999 -9999 -9999 -9999 -9999 -9999 -9999 -9999 -9999 -9999 -9999 -9999 -9999 -9999
-9999 9.19583 10.70000 10.87080 10.89920 10.76920 12.83500 12.76170 14.45170 14.19580 15.94830 15.94670 17.74080 18.19170 17.91080 19.47330 19.38330 19.26830 19.18670 19.27170 19.01170 -9999 -9999 -9999 -9999 -9999 -9999 -9999 -9999 -9999 -9999 -9999 -9999 -9999 -9999 -9999 -9999 -9999 -9999 -9999 -9999 -9999 -9999 -9999 -9999 -9999 -9999 -9999 -9999 -9999 -9999 -9999 -9999 -9999 -9999 -9999 -9999 -9999 -9999 -9999 -9999 -9999 -9999 -9999 -9999 -9999 -9999 -9999 -9999 -9999 -9999 -9999
-9999 -9999 -9999 10.95170 10.95000 12.65580 12.66250 14.49830 14.66420 16.08170 16.00000 17.91420 17.64580 17.73500 19.45330 19.19250 19.06750 19.20500 20.44250 20.33920 20.67170 -9999 -9999 -9999 -9999 -9999 -9999 -9999 -9999 -9999 -9999 -9999 -9999 -9999 -9999 -9999 -9999 -9999 -9999 -9999 -9999 -9999 -9999 -9999 -9999 -9999 -9999 -9999 -9999 -9999 -9999 -9999 -9999 -9999 -9999 -9999 -9999 -9999 -9999 -9999 -9999 -9999 -9999 -9999 -9999 -9999 -9999 -9999 -9999 -9999 -9999 -9999
10.61830 10.73500 10.61920 10.83000 12.50580 12.57670 14.43920 14.26750 14.47830 16.41330 16.12170 17.44250 17.52170 18.92920 18.73330 20.77750 20.50750 20.54170 20.44170 22.21670 22.11580 22.02750 22.43920 22.12080 22.21670 22.27920 22.17000 -9999 -9999 -9999 -9999 -9999 -9999 -9999 -9999 -9999 -9999 -9999 -9999 -9999 -9999 -9999 -9999 -9999 -9999 -9999 -9999 -9999 -9999 -9999 -9999 -9999 -9999 -9999 -9999 -9999 -9999 -9999 -9999 -9999 -9999 -9999 -9999 -9999 -9999 -9999 -9999 -9999 -9999 -9999 -9999 -9999
10.69830 10.59000 10.64170 12.54000 12.61580 12.83750 14.30920 13.96830 15.86500 15.86830 17.66250 17.74000 19.28420 19.30080 20.58250 20.75080 20.54580 22.22580 22.12830 22.26830 22.13920 22.00670 23.60250 23.62250 23.82330 23.98920 23.99670 23.84000 23.96750 23.40170 23.84670 23.71330 23.77330 21.96330 22.40170 21.22170 21.70330 21.90830 20.59670 20.26750 21.12000 21.13170 -9999 -9999 -9999 -9999 -9999 -9999 -9999 -9999 -9999 -9999 -9999 -9999 -9999 -9999 -9999 -9999 -9999 -9999 -9999 -9999 -9999 -9999 -9999 -9999 -9999 -9999 -9999 -9999 -9999 -9999
10.47330 10.46000 10.46920 12.01920 12.27500 12.20170 14.00080 13.81420 15.89580 17.94920 17.76830 19.76330 19.31580 21.29500 21.15170 22.41420 22.12830 22.01920 23.94170 23.74670 21.76670 23.95830 23.75920 23.76670 23.88170 25.36000 25.33830 25.26580 25.21170 25.25000 24.97830 24.07080 22.42250 22.49670 22.54420 22.66580 22.92750 21.26500 21.41250 21.43250 21.90330 22.20750 20.99580 -9999 -9999 -9999 -9999 -9999 -9999 -9999 -9999 -9999 -9999 -9999 -9999 -9999 -9999 -9999 -9999 -9999 -9999 -9999 -9999 -9999 -9999 -9999 -9999 -9999 -9999 -9999 -9999 -9999
8.24333 8.23667 8.20417 9.92000 9.90583 10.43330 12.23250 14.03500 15.72000 16.17500 17.89670 19.70670 19.63920 21.13000 23.18920 22.87750 22.71000 23.96250 23.92750 23.87250 23.79420 23.72670 25.35250 25.16420 25.16670 24.98080 24.89670 26.48250 24.46670 24.13750 23.97170 24.02000 23.67830 23.69500 23.89170 23.90750 22.34250 22.25500 22.50670 22.38920 22.62420 21.13670 20.97750 -9999 -9999 -9999 -9999 -9999 -9999 -9999 -9999 -9999 -9999 -9999 -9999 -9999 -9999 -9999 27.66420 30.68670 -9999 -9999 -9999 -9999 28.53250 29.00330 28.62670 29.88670 31.17920 31.41330 33.31170 33.33420
8.00417 8.06500 8.11667 9.84333 11.55330 11.55170 11.57420 13.50170 13.62670 16.13920 17.89830 19.82920 21.78750 21.72500 23.28330 22.82000 24.21500 23.84420 24.20330 25.88670 25.50000 26.01170 26.44920 26.44830 26.31750 27.28750 27.13420 26.84080 26.56580 25.79000 25.72920 25.62330 25.44920 25.46080 25.60420 25.94000 23.79670 23.97750 23.94580 23.85750 23.19420 21.80920 21.74670 21.63250 21.22750 21.29830 21.73250 20.67500 21.03080 21.69250 22.11330 22.36500 24.36580 24.51250 24.55500 26.46670 28.04080 28.15750 27.95080 29.56830 -9999 -9999 -9999 -9999 -9999 30.44330 30.73670 30.26750 30.23500 32.23000 32.96750 33.33750
7.87417 8.08917 6.34667 8.28083 9.79833 11.49080 11.54080 13.11250 15.07250 17.13330 18.89500 21.27000 21.19250 23.08420 24.66170 24.94080 24.71750 26.23080 25.53000 25.49170 27.01500 26.75670 26.49330 26.43080 28.11250 27.68330 27.59420 27.13750 27.22670 26.94000 26.33580 26.25080 27.15000 27.47670 27.44080 25.63250 25.46250 25.44500 25.56170 24.70670 24.72080 23.08750 23.16750 23.13420 22.62750 22.37170 22.90250 21.82080 22.05580 22.55920 24.54580 24.79080 23.29420 23.52250 25.33330 25.14670 25.07170 26.50830 28.38080 28.26830 28.79830 30.39250 31.66330 31.14000 31.06330 32.47420 32.31830 32.23750 31.33080 31.83330 33.76920 33.96500
2.78500 9.32000 6.34417 6.41250 8.13750 9.78833 11.50750 14.91170 15.00000 17.07920 19.23830 21.38000 23.06000 23.19670 25.36420 25.15000 26.76830 26.70830 25.89420 25.52250 27.44670 27.26500 28.35750 28.21000 27.87330 29.51670 29.27750 29.16330 28.93250 28.53080 28.45250 28.12250 28.27920 28.46080 26.97170 26.89670 26.93080 26.90420 27.25330 26.79250 24.89750 25.20080 24.99080 24.75920 24.47080 24.23500 24.78580 24.82830 25.38750 25.42250 27.43670 25.93000 27.65250 25.90330 25.69500 25.64420 27.16250 26.91170 26.90750 27.56170 27.61500 28.81250 31.43080 30.92670 32.21420 31.97670 32.10080 31.97080 32.01670 32.86330 33.92830 35.03750
4.42417 6.23333 9.72417 9.71417 11.29750 11.64500 11.65920 13.20170 15.00830 16.80920 18.81420 21.23420 23.10250 23.14750 25.39500 25.72920 27.54080 26.77580 24.47420 25.79580 27.49250 27.53670 29.45750 30.83580 29.97330 29.69750 31.30330 31.38080 30.96250 30.47750 30.11830 30.60500 30.20670 28.67420 28.86000 28.89330 28.92080 27.16750 27.35170 27.29080 26.86000 26.64580 25.14250 26.10750 25.86250 25.80500 26.20330 28.22830 26.50330 26.87670 26.87080 28.99580 28.63830 28.61080 29.68250 29.28670 27.47830 27.20500 27.79830 27.68250 28.03500 27.44580 28.75080 29.98920 31.28830 30.91080 33.00000 32.71080 32.96750 33.11080 36.44420 37.14750
4.41333 4.48500 4.57333 7.89000 11.21000 11.22420 11.14750 11.02670 12.74250 13.35830 15.24080 17.35000 21.10920 22.97250 24.91330 25.45250 27.33000 27.30080 26.43170 26.09000 27.35080 29.13330 30.98330 31.18250 30.70920 30.71670 30.56330 31.98920 31.82670 31.96580 31.74580 30.01670 29.99750 29.84250 28.24250 28.26670 28.45420 28.18420 26.75080 26.69170 28.22420 28.04830 27.78170 25.48500 25.50500 26.88830 27.03920 28.93170 27.78830 27.81750 29.50000 29.67750 31.22080 29.33500 29.18080 29.10080 28.65250 29.98920 29.95750 30.19580 31.79750 31.35580 30.72080 29.58580 32.61170 31.41330 32.99250 34.72670 34.37000 36.32080 39.20580 42.81500
4.43833 4.50000 4.44250 4.51750 7.70667 9.36167 11.01830 11.05170 12.61080 12.86500 11.32920 11.44420 11.71830 16.90250 20.09670 22.15750 25.88580 26.52830 28.09670 27.49080 28.87420 30.42000 29.86170 31.52830 31.42670 33.08920 33.22080 32.74250 32.72420 32.33000 32.14250 32.52670 30.69750 30.60830 30.34500 28.86250 28.98580 28.63170 28.72580 28.61170 28.19000 29.90250 29.32000 27.49000 27.50750 26.84830 28.89750 29.34580 30.98750 31.13670 32.80750 33.03330 32.99750 32.84170 32.40500 32.45750 32.09830 32.12500 31.82920 32.00750 33.79920 33.46750 34.73080 34.84420 36.24250 35.97580 36.99250 37.30080 39.53500 41.49920 43.97000 46.31250
4.43833 2.79417 2.85167 4.45583 4.48250 6.06167 7.68500 9.27083 12.65000 14.29580 14.44080 14.40830 14.65750 14.59830 14.52750 16.65170 18.16750 21.89000 25.67920 27.18420 28.39500 29.99670 31.99170 34.01080 34.19170 35.79580 35.85420 35.82670 33.70420 34.94580 33.04330 31.06830 30.96920 30.95500 31.06000 29.36420 29.38830 29.40670 29.51170 29.27330 30.65000 30.29330 30.08000 29.80330 27.95170 29.23830 29.30500 30.96830 30.96080 31.18420 32.75420 32.93670 33.42920 35.33670 35.10420 35.00500 36.10420 36.09580 34.66830 36.50170 38.41750 38.22000 39.92170 39.63330 39.68920 39.77420 40.71750 42.42920 42.77170 45.52000 47.92000 50.23420
2.75583 2.81417 4.31917 4.40167 4.58167 4.39750 5.93167 7.40833 8.97167 10.54830 12.02670 13.68830 15.53170 15.79080 17.33920 17.65000 17.62580 18.03750 20.18170 23.64250 25.40000 28.49080 31.85750 34.29920 36.57250 36.49420 36.70080 36.37250 36.41250 36.19080 33.86250 31.93330 31.51750 31.34830 31.27500 31.45420 31.31580 29.87170 29.56080 31.49580 31.36170 30.50420 30.48080 28.47750 28.06750 29.23750 28.98000 30.77670 30.90580 31.15920 32.97830 35.47670 34.42920 36.35920 35.85420 38.85920 37.11500 40.85670 41.79000 43.99830 44.21830 44.12420 46.00830 43.82500 45.38750 45.35580 46.86750 46.57250 48.51580 51.29250 53.69250 54.85420
4.19000 4.03750 5.60667 4.25667 4.37417 4.29250 5.54583 5.57500 8.65833 11.35080 8.62333 10.34750 13.40330 11.87080 11.94420 13.58750 20.26920 18.92500 17.72750 19.85000 23.45000 24.98420 31.46830 33.81750 36.06670 38.17170 38.11170 38.24330 38.47170 36.71330 36.34330 34.31000 33.89670 35.35420 33.39330 31.59830 31.85420 31.81670 29.86580 29.97000 31.60830 30.62920 29.96670 31.19330 31.01000 30.77080 31.20330 31.21830 33.22830 33.51670 36.98420 37.07750 39.73580 40.06580 40.55920 42.47830 42.16830 46.55830 46.88500 50.02330 50.28670 50.17420 50.04170 53.81500 53.41080 51.48330 50.90170 50.95250 52.20170 54.81080 57.71580 60.80830
4.12833 4.12083 5.58333 5.37417 5.29250 5.50583 6.77333 6.77583 8.20417 8.24333 9.75833 11.29670 12.85580 11.53420 13.13080 13.39420 15.37080 18.92830 20.62170 21.05750 23.21500 26.24580 27.59750 32.81830 36.73000 38.57920 39.04500 38.80750 39.36080 37.72420 37.93420 37.45330 35.21670 33.49830 33.03750 32.76670 30.74750 31.08580 30.76500 28.90330 28.65500 27.78080 29.17330 30.86500 32.57080 32.75920 33.36420 35.26670 35.62670 37.26250 38.77170 41.26750 41.31080 42.27170 44.08170 44.42420 47.08750 48.29420 50.76000 52.24670 54.51830 54.99830 56.94420 58.52250 58.07830 55.94830 54.36080 52.66670 55.71000 58.57000 63.12580 66.14580
4.27167 4.11583 4.09833 5.46167 6.84000 6.90583 8.12250 8.40000 9.52333 8.15250 8.20667 9.71667 12.72170 12.95420 13.16830 14.85250 15.32670 15.59750 17.51170 20.97250 24.10670 27.22580 28.84670 30.19830 31.92170 37.11080 37.56750 39.25330 37.90670 37.64420 36.30580 37.55420 35.62750 33.48080 31.92750 30.09670 28.00580 29.62500 27.70250 25.70420 26.73080 26.82330 26.51920 28.41000 29.69330 31.73500 33.48250 35.03670 35.25500 36.77250 39.79080 42.37830 41.95670 43.81000 46.60580 47.41250 48.61170 50.06420 51.57250 54.54830 55.72830 58.13170 58.41920 60.30330 59.34670 59.30080 58.13670 57.47000 59.13920 62.75170 66.92420 70.28330
2.84167 2.67500 3.97083 4.10250 5.63083 6.84917 6.80417 8.25667 8.05083 9.15667 9.35917 9.57667 11.01670 12.58830 14.47670 14.91580 15.36920 15.63920 17.21170 20.73670 22.24080 23.62580 26.77500 29.80750 32.41000 34.35420 37.58420 39.67170 37.91750 40.03080 36.38830 36.57920 32.87170 31.07170 30.65580 29.14830 27.26670 27.09080 26.67330 26.36750 24.56170 26.01330 27.39920 27.58330 29.05920 30.62750 32.51580 34.34330 35.96580 37.62250 39.01580 41.42920 43.26080 44.04420 46.91920 49.48170 53.15250 56.77170 58.60580 59.72670 60.65500 60.74170 61.37750 61.91750 62.58170 62.76420 61.98330 60.91420 61.51170 65.13250 70.20500 74.84670
4.28917 4.25500 4.13667 4.14583 5.66083 6.86833 8.23000 8.17667 9.32750 10.53500 10.73920 11.08920 11.16750 12.55000 14.38500 14.88830 16.53330 18.24920 20.02250 18.96830 21.99250 24.80500 26.26000 29.14250 30.25000 31.45500 34.81920 38.05000 39.87920 36.56170 36.53670 34.96500 32.01920 30.06750 29.99580 27.95420 26.24920 26.11170 26.04750 25.85920 25.49920 25.71080 27.18670 28.74580 29.22920 32.00170 33.75250 36.02750 37.92250 41.44920 43.45830 45.82250 49.51000 51.04080 55.66580 56.72080 59.88830 60.88330 64.10920 64.43330 63.37250 64.34000 64.92250 63.53170 63.63420 64.55830 68.14170 66.99830 68.88830 72.92580 78.27170 84.14830
5.67500 4.08833 4.06333 4.19917 4.17083 5.56750 7.14167 8.39583 8.36500 9.81167 9.65417 11.09670 11.22580 11.28580 13.05500 16.46750 18.14580 17.95750 19.55580 21.43580 21.31330 22.51330 25.65420 28.32080 30.94500 32.54170 35.24080 41.17670 40.07420 38.39830 35.67250 33.76920 31.85330 29.03580 27.40250 27.36580 25.34920 23.80080 23.60420 25.79920 25.80420 27.25750 28.74080 30.61920 32.58330 35.98420 39.13670 41.32250 43.66670 45.77250 50.13330 53.80500 55.85080 59.10920 63.28420 66.17750 68.06170 68.11500 69.15080 66.97080 69.29170 68.62750 67.26830 65.17330 68.18000 67.27830 73.16250 76.68000 77.75920 81.05250 87.19920 89.66330
7.09250 5.68667 5.81250 5.69167 5.84750 4.19417 5.70083 7.17000 7.10167 8.59583 8.24333 11.38750 11.42000 12.87670 14.68000 14.83750 16.34000 19.14080 19.31250 20.93250 20.94250 21.44580 23.98330 28.37580 29.47330 29.28250 31.88170 34.65000 35.08670 36.83250 36.37500 33.14000 31.73920 28.75670 28.93330 27.04750 27.29920 25.15250 25.03830 26.52170 29.45080 29.50750 31.43830 35.53750 37.50500 39.44500 41.50670 43.29080 47.28750 -9999 -9999 57.70670 61.35670 66.30670 67.26750 69.18420 72.00750 70.53750 70.64920 71.47420 72.53830 73.66750 72.37830 75.43080 74.54330 75.25750 75.98750 82.69920 85.78580 91.54000 96.34330 100.08200
7.13500 7.12833 7.07833 7.37917 7.38917 5.74333 7.43333 7.37167 7.15000 7.17000 9.90917 10.02420 11.34670 13.02750 14.62830 14.45670 17.31920 18.77830 19.11170 21.63920 23.30330 22.84830 23.51080 23.40500 26.20670 25.88250 28.66670 30.10330 33.10250 33.19750 34.91920 33.75170 32.18580 30.78420 29.33500 28.09330 29.60330 31.34580 -9999 -9999 -9999 -9999 37.44670 -9999 40.20250 40.30500 44.47170 48.22500 51.99500 -9999 -9999 62.46920 65.25580 67.05750 66.64330 68.72250 71.91250 70.41420 72.09500 73.43670 76.46250 77.60170 79.47830 83.22420 81.85500 82.55500 83.38920 91.04670 95.51170 98.61750 105.78500 -9999
8.43417 9.00750 7.27083 8.78333 8.78750 7.29417 8.80750 10.25920 10.18670 10.02920 11.47250 11.53080 11.77750 13.19080 16.23000 15.99750 17.65830 17.81830 19.66000 19.33830 21.63670 22.95580 23.74000 23.34080 24.39080 25.17670 24.84170 27.64750 30.73580 32.64250 32.73750 33.34420 33.80000 31.19080 31.57080 31.69080 -9999 -9999 -9999 -9999 -9999 -9999 -9999 43.43250 45.68670 48.01000 -9999 -9999 -9999 -9999 -9999 65.36170 67.80250 66.09920 67.24330 67.12170 69.88420 73.65420 75.57420 79.39330 84.04670 87.55670 89.97250 91.66000 94.48420 95.16670 93.06670 98.14920 106.91100 -9999 -9999 -9999
