data/hydroclimate-scenarios/BCSD_hadcm_A1B/monthly_summaries/precip_monthly_tot_mar.2070-2099.asc
ncols	311
nrows	91
xllcenter	102.75
yllcenter	31.75
cellsize	0.5
NODATA_value	-9999
[rows 0 to 31 of 91, columns 0 to 70 of 311]
-9999 -9999 -9999 -9999 -9999 -9999 -9999 -9999 -9999 -9999 -9999 -9999 -9999 -9999 -9999 -9999 -9999 -9999 -9999 -9999 -9999 -9999 -9999 -9999 -9999 -9999 -9999 -9999 -9999 -9999 -9999 -9999 -9999 -9999 -9999 -9999 -9999 -9999 -9999 -9999 -9999 -9999 -9999 -9999 -9999 -9999 -9999 -9999 -9999 -9999 -9999 -9999 -9999 -9999 -9999 -9999 -9999 -9999 -9999 -9999 -9999 -9999 -9999 -9999 -9999 -9999 -9999 -9999 -9999 -9999 -9999
-9999 -9999 -9999 -9999 -9999 -9999 -9999 -9999 -9999 -9999 -9999 -9999 -9999 -9999 -9999 -9999 -9999 -9999 -9999 -9999 -9999 -9999 -9999 -9999 -9999 -9999 -9999 -9999 -9999 -9999 -9999 -9999 -9999 -9999 -9999 -9999 -9999 -9999 -9999 -9999 -9999 -9999 -9999 -9999 -9999 -9999 -9999 -9999 -9999 -9999 -9999 -9999 -9999 -9999 -9999 -9999 -9999 -9999 -9999 -9999 -9999 -9999 -9999 -9999 -9999 -9999 -9999 -9999 -9999 -9999 -9999
-9999 -9999 -9999 -9999 -9999 -9999 -9999 -9999 -9999 -9999 -9999 -9999 -9999 -9999 -9999 -9999 -9999 -9999 -9999 -9999 -9999 -9999 -9999 -9999 -9999 -9999 -9999 -9999 -9999 -9999 -9999 -9999 -9999 -9999 -9999 -9999 -9999 -9999 -9999 -9999 -9999 -9999 -9999 -9999 -9999 -9999 -9999 -9999 -9999 -9999 -9999 -9999 -9999 -9999 -9999 -9999 -9999 -9999 -9999 -9999 -9999 -9999 -9999 -9999 -9999 -9999 -9999 -9999 -9999 -9999 -9999
-9999 -9999 -9999 -9999 -9999 -9999 -9999 -9999 -9999 -9999 -9999 -9999 -9999 -9999 -9999 -9999 -9999 -9999 -9999 -9999 -9999 -9999 -9999 -9999 -9999 -9999 -9999 -9999 -9999 -9999 -9999 -9999 -9999 -9999 -9999 -9999 -9999 -9999 -9999 -9999 -9999 -9999 -9999 -9999 -9999 -9999 -9999 -9999 -9999 -9999 -9999 -9999 -9999 -9999 -9999 -9999 -9999 -9999 -9999 -9999 -9999 -9999 -9999 -9999 -9999 -9999 -9999 -9999 -9999 -9999 -9999
-9999 -9999 -9999 -9999 -9999 -9999 -9999 -9999 -9999 -9999 -9999 -9999 -9999 -9999 -9999 -9999 -9999 -9999 -9999 -9999 -9999 -9999 -9999 -9999 -9999 -9999 -9999 -9999 -9999 -9999 -9999 -9999 -9999 -9999 -9999 -9999 -9999 -9999 -9999 -9999 -9999 -9999 -9999 -9999 -9999 -9999 -9999 -9999 -9999 -9999 -9999 -9999 -9999 -9999 -9999 -9999 -9999 -9999 -9999 -9999 -9999 -9999 -9999 -9999 -9999 -9999 -9999 -9999 -9999 -9999 -9999
-9999 -9999 -9999 -9999 -9999 -9999 -9999 -9999 -9999 -9999 -9999 -9999 -9999 -9999 -9999 -9999 -9999 -9999 -9999 -9999 -9999 -9999 -9999 -9999 -9999 -9999 -9999 -9999 -9999 -9999 -9999 -9999 -9999 -9999 -9999 -9999 -9999 -9999 -9999 -9999 -9999 -9999 -9999 -9999 -9999 -9999 -9999 -9999 -9999 -9999 -9999 -9999 -9999 -9999 -9999 -9999 -9999 -9999 -9999 -9999 -9999 -9999 -9999 -9999 -9999 -9999 -9999 -9999 -9999 -9999 -9999
-9999 -9999 -9999 -9999 -9999 -9999 -9999 -9999 -9999 -9999 -9999 -9999 -9999 -9999 -9999 -9999 -9999 -9999 -9999 -9999 -9999 -9999 -9999 -9999 -9999 -9999 -9999 -9999 -9999 -9999 -9999 -9999 -9999 -9999 -9999 -9999 -9999 -9999 -9999 -9999 -9999 -9999 -9999 -9999 -9999 -9999 -9999 -9999 -9999 -9999 -9999 -9999 -9999 -9999 -9999 -9999 -9999 -9999 -9999 -9999 -9999 -9999 -9999 -9999 -9999 -9999 -9999 -9999 -9999 -9999 -9999
-9999 -9999 -9999 -9999 -9999 -9999 -9999 -9999 -9999 -9999 -9999 -9999 -9999 -9999 -9999 -9999 -9999 -9999 -9999 -9999 -9999 -9999 -9999 -9999 -9999 -9999 -9999 -9999 -9999 -9999 -9999 -9999 -9999 -9999 -9999 -9999 -9999 -9999 -9999 -9999 -9999 -9999 27.12750 27.02420 29.76580 29.73000 27.46670 27.93750 27.04000 28.10920 26.41420 26.24000 -9999 -9999 -9999 -9999 -9999 -9999 -9999 -9999 -9999 -9999 -9999 -9999 -9999 -9999 -9999 -9999 -9999 -9999 -9999
-9999 -9999 -9999 -9999 -9999 -9999 -9999 -9999 -9999 -9999 -9999 -9999 -9999 -9999 -9999 -9999 -9999 -9999 -9999 -9999 -9999 -9999 -9999 -9999 -9999 -9999 -9999 -9999 -9999 -9999 -9999 -9999 -9999 -9999 -9999 -9999 -9999 -9999 25.33250 27.93580 28.09830 28.68000 29.26670 29.43500 29.41080 29.38000 29.24830 29.35670 29.80750 27.73080 27.78750 26.12080 23.62170 14.18080 -9999 -9999 -9999 -9999 -9999 -9999 -9999 -9999 -9999 -9999 -9999 -9999 -9999 -9999 -9999 -9999 -9999
-9999 -9999 -9999 -9999 -9999 -9999 -9999 -9999 -9999 -9999 -9999 -9999 -9999 -9999 -9999 -9999 -9999 -9999 -9999 -9999 -9999 -9999 -9999 -9999 -9999 -9999 -9999 -9999 -9999 -9999 -9999 -9999 -9999 -9999 -9999 -9999 -9999 -9999 -9999 -9999 26.52920 27.33500 27.56920 27.64750 30.36670 30.68080 30.69330 31.25500 29.39580 30.15000 28.01500 26.17670 23.78330 14.33750 -9999 -9999 -9999 -9999 -9999 -9999 -9999 -9999 -9999 -9999 -9999 -9999 -9999 -9999 -9999 -9999 -9999
-9999 -9999 -9999 -9999 -9999 -9999 -9999 -9999 -9999 -9999 -9999 -9999 -9999 -9999 -9999 -9999 -9999 -9999 -9999 -9999 -9999 -9999 -9999 -9999 -9999 -9999 -9999 -9999 -9999 -9999 -9999 -9999 -9999 -9999 -9999 -9999 -9999 -9999 -9999 -9999 -9999 -9999 -9999 -9999 29.63830 30.11830 30.02000 30.31580 31.21500 32.27830 30.88420 29.03670 27.42330 14.66830 -9999 -9999 -9999 -9999 -9999 -9999 17.58750 -9999 -9999 -9999 -9999 -9999 -9999 -9999 -9999 -9999 -9999
-9999 -9999 -9999 -9999 -9999 -9999 -9999 -9999 -9999 -9999 -9999 -9999 -9999 -9999 -9999 -9999 -9999 -9999 -9999 -9999 -9999 -9999 -9999 -9999 -9999 -9999 -9999 -9999 -9999 -9999 -9999 -9999 -9999 -9999 -9999 -9999 -9999 -9999 -9999 -9999 -9999 27.25580 27.73830 27.88250 28.51920 28.32170 30.64750 31.20420 31.64670 32.37500 31.42420 29.84170 26.03670 24.54080 -9999 -9999 -9999 -9999 -9999 17.32420 17.40750 14.93500 15.44330 15.76330 16.36750 13.10420 13.40670 13.17420 12.80920 13.09750 13.17330
-9999 -9999 -9999 -9999 -9999 -9999 -9999 -9999 -9999 -9999 -9999 -9999 -9999 -9999 -9999 -9999 -9999 -9999 -9999 -9999 -9999 -9999 -9999 -9999 -9999 -9999 -9999 -9999 -9999 -9999 -9999 -9999 -9999 -9999 -9999 -9999 -9999 -9999 -9999 -9999 -9999 25.32250 26.04420 26.64670 27.00170 27.02920 29.09420 29.13580 29.10920 31.36330 29.81250 26.93670 25.68500 24.65750 22.86170 21.37420 19.13920 -9999 16.75000 17.19000 17.16920 14.86580 15.35500 15.69170 15.98000 13.34580 13.25420 13.22170 13.55500 13.29830 13.42080
-9999 -9999 -9999 -9999 -9999 -9999 -9999 -9999 -9999 -9999 -9999 -9999 -9999 -9999 -9999 -9999 -9999 -9999 -9999 -9999 -9999 -9999 -9999 -9999 -9999 -9999 -9999 -9999 -9999 -9999 -9999 -9999 -9999 -9999 -9999 19.61830 21.26420 21.35670 21.93830 22.00670 22.06170 22.65500 24.46420 25.06580 25.68420 25.92830 28.20750 28.27170 28.92750 29.53000 30.43000 28.95080 27.23920 24.10500 24.62920 23.03670 21.24000 18.72080 16.65500 16.95330 17.22000 15.21580 14.95330 15.27420 15.74170 13.13750 13.42000 13.01000 13.62080 13.45830 13.61580
-9999 -9999 -9999 -9999 -9999 -9999 -9999 -9999 -9999 -9999 -9999 -9999 -9999 -9999 -9999 -9999 -9999 -9999 -9999 -9999 -9999 -9999 -9999 -9999 -9999 -9999 -9999 -9999 -9999 -9999 -9999 -9999 -9999 -9999 18.38250 19.06170 20.74250 20.45420 21.07920 21.03330 21.44170 21.57250 21.70080 24.15250 24.54920 24.75420 25.15000 27.29920 27.99670 28.12000 27.02250 28.34500 27.06750 25.49420 24.48250 23.01580 19.78670 17.98920 16.23330 16.23580 14.12750 14.61250 14.82920 14.85000 12.92500 12.80080 12.89670 12.78670 13.02500 13.21500 13.55920
-9999 -9999 -9999 -9999 -9999 -9999 -9999 -9999 -9999 -9999 -9999 -9999 -9999 -9999 -9999 -9999 -9999 -9999 -9999 -9999 -9999 -9999 -9999 -9999 -9999 -9999 -9999 -9999 -9999 -9999 -9999 -9999 -9999 17.74500 17.73250 18.13420 18.08080 19.88420 19.66330 19.89170 20.59330 20.34670 20.73500 20.89000 23.03250 23.43500 23.85000 24.15080 26.76420 26.72830 25.33000 26.07420 24.50750 23.07250 21.43750 19.88670 18.73500 16.66000 14.77170 15.40420 15.43330 13.21500 13.63000 11.43420 11.57000 11.79500 11.98250 12.24330 12.46670 12.73500 12.69000
-9999 -9999 -9999 -9999 -9999 -9999 -9999 -9999 -9999 -9999 -9999 -9999 -9999 -9999 -9999 -9999 -9999 -9999 -9999 -9999 -9999 -9999 -9999 -9999 -9999 -9999 -9999 -9999 -9999 -9999 -9999 17.70420 17.68670 17.62750 17.62580 17.69920 17.97500 18.15750 19.61920 19.63080 19.68000 19.78830 19.85830 20.23500 20.50670 22.50330 23.07670 22.64170 22.92250 23.29670 23.45580 22.33330 22.55500 22.17330 20.25830 18.58920 15.00670 15.43750 15.70920 13.89420 12.46920 12.67330 12.66170 10.63920 11.04500 11.04420 11.55920 11.57330 11.57830 11.77580 12.16670
-9999 -9999 -9999 -9999 -9999 -9999 -9999 -9999 -9999 -9999 -9999 -9999 -9999 -9999 -9999 -9999 -9999 -9999 -9999 -9999 -9999 -9999 -9999 -9999 -9999 -9999 -9999 -9999 -9999 15.93000 15.80670 16.20580 17.79500 17.24830 17.63920 17.70920 17.79250 17.84170 17.90250 17.92080 19.48500 19.39920 19.43080 20.01170 20.10580 20.63920 20.56920 20.71420 22.52670 22.44330 21.07920 21.18830 21.70670 18.40250 18.85170 17.15330 14.26170 14.80920 12.97670 11.40080 11.42000 11.61580 9.97417 10.13000 10.17580 10.64080 10.68080 11.03920 11.28420 11.52500 11.86500
-9999 -9999 -9999 -9999 -9999 -9999 -9999 -9999 -9999 -9999 -9999 -9999 -9999 -9999 -9999 -9999 -9999 -9999 -9999 -9999 -9999 -9999 -9999 -9999 17.01500 16.88920 16.73250 16.74750 16.41420 15.94580 16.10000 15.90420 15.87920 15.67000 17.23330 17.26830 17.40330 17.50500 17.56250 17.81580 17.75420 19.31670 19.35580 19.94170 19.81250 20.14330 20.46170 20.41080 20.36500 20.59580 20.78080 20.56580 19.21170 17.92000 16.56670 15.34000 13.74000 12.32750 12.70000 10.74750 11.13330 9.41167 9.54417 9.67750 10.15920 10.21500 10.50420 8.61333 11.05580 11.24000 14.02580
-9999 -9999 -9999 -9999 -9999 -9999 16.35670 16.53250 16.62170 16.86170 16.96420 -9999 -9999 -9999 -9999 -9999 -9999 -9999 -9999 -9999 -9999 17.28250 17.00580 17.07670 16.76920 16.86330 16.64000 16.86330 16.48670 16.20750 16.32000 16.22580 15.95830 15.85250 16.16580 17.52000 17.65920 17.65420 17.80000 18.09420 17.87830 18.09330 18.24580 18.42330 18.80420 20.29830 18.64080 18.70330 20.46420 20.50000 18.72000 18.86170 18.90670 16.03170 14.62920 13.27500 13.51920 12.16080 10.71170 10.80250 10.89330 9.36667 9.74750 9.74917 10.25500 10.53080 8.40417 10.63080 11.06670 8.91583 11.60920
-9999 -9999 -9999 -9999 -9999 16.04420 16.14670 16.33500 16.57170 16.73500 16.69580 17.22250 17.20330 17.37830 -9999 -9999 -9999 17.86920 18.14830 18.46250 17.12500 17.26170 17.11580 15.65330 16.81420 15.38250 15.38420 15.26830 16.82580 16.60830 16.76500 16.80750 16.72580 16.69170 16.62750 16.43000 16.62750 16.73500 18.41170 18.48250 18.32830 18.54580 18.59420 18.97750 19.05500 19.08830 19.24670 19.11250 19.28420 19.40920 19.21670 17.74500 17.42000 16.31670 14.94080 13.50000 11.88250 12.11250 10.94250 10.76420 9.23250 9.50000 9.79833 9.93250 10.00330 10.29170 10.49420 10.75580 10.69500 11.04080 11.20830
-9999 15.09750 15.36000 15.35330 15.77330 16.16170 15.96250 16.14580 16.69080 16.85830 16.60330 17.14000 18.56420 17.43580 17.60000 17.74580 17.77000 17.89920 18.16250 16.76580 17.31500 17.10920 15.72750 15.67920 15.81580 15.69500 15.73000 15.81420 15.50330 15.60500 15.48500 15.55580 15.55500 15.55170 17.16420 17.23080 17.05670 17.23500 17.20580 17.18000 18.62670 18.82000 18.86250 18.90000 19.16420 19.74000 19.73830 19.83580 19.61330 18.06830 17.96080 17.61580 16.14920 16.15250 14.97920 13.39920 11.75330 10.48920 10.77250 10.88750 9.29167 9.61333 10.08250 9.66333 10.33330 10.46580 10.43750 10.63000 10.65670 10.96580 13.35170
-9999 15.31330 15.36750 15.27750 15.42830 15.45080 15.53580 15.75170 15.81250 16.50080 17.18000 17.32170 18.45750 17.39250 17.60670 17.82170 17.86750 18.15250 18.51170 17.15170 17.37670 17.72670 17.77500 16.30500 16.20750 16.20500 16.37750 16.33000 16.19330 16.24500 16.28830 16.16670 16.38580 16.19830 16.13750 16.22250 17.41580 17.47750 17.75170 17.62500 17.75330 17.26830 17.31250 17.70250 17.93580 18.18500 18.23330 18.49330 18.56330 18.30420 16.75830 16.55250 16.72920 16.78000 15.02250 13.41170 11.87330 10.40750 10.91830 10.99920 11.12830 11.65000 11.99080 10.27500 10.29580 10.74830 10.66420 10.83830 10.83420 10.97500 11.30080
-9999 -9999 -9999 15.40330 15.41500 15.71500 15.80580 15.86250 16.25000 17.05330 17.03920 16.77670 17.07670 17.18920 17.49250 17.56670 18.02920 18.38670 18.67170 19.10750 17.81080 17.94330 18.05080 16.76420 17.10750 16.96080 16.84330 16.86580 17.00500 16.93500 16.79670 16.99920 16.81920 16.84250 16.94080 16.63250 16.44080 16.65670 16.62420 18.17000 17.70830 17.16750 17.41920 17.53000 18.14420 18.26170 18.65000 18.70670 17.22330 17.27250 17.49750 17.21580 17.14250 15.25080 13.47920 13.26750 11.96920 10.47250 10.93420 11.23000 11.36000 11.68080 12.01750 12.19670 12.46750 10.55420 10.74580 10.90670 11.13580 13.22000 13.08830
-9999 -9999 -9999 -9999 -9999 -9999 15.85830 16.65080 16.63750 17.04080 17.11670 17.18750 17.08670 17.42330 17.73670 18.03670 18.45420 18.41250 19.11420 17.79330 18.17330 18.47670 18.74500 17.37750 17.58080 17.67670 17.74170 17.23750 15.44250 15.42170 15.42750 15.38080 17.27250 17.45500 17.26170 17.24420 17.14830 17.05670 16.81000 16.47080 16.07670 15.92250 17.08420 15.97250 16.53000 16.83920 17.36670 17.45000 17.71420 18.13920 18.10080 17.92080 17.95580 13.86330 13.73670 13.81500 12.26330 12.78580 12.67750 12.97420 13.29920 13.87000 11.55500 11.99170 12.39000 12.72330 10.45000 12.66750 12.77000 12.90170 13.00080
-9999 -9999 -9999 -9999 -9999 -9999 16.64830 16.76080 16.73420 17.24830 17.28670 17.56580 17.69080 17.70420 18.22330 18.45420 18.90170 19.08170 19.86250 20.08670 18.81830 19.10750 19.14500 19.85000 18.20500 18.19750 17.98580 15.76920 15.80670 15.78420 15.61170 15.75170 15.78420 15.94670 16.10170 15.75500 15.42170 15.13330 16.65580 16.44170 15.77170 15.82920 15.78170 15.90830 16.55420 16.92580 17.66000 17.89750 16.76170 16.94670 16.84080 16.62830 16.30250 13.94330 13.79000 12.12170 10.45330 12.40000 10.57330 12.82170 12.89830 13.19750 13.68750 13.58080 11.92170 12.21080 12.08670 12.17750 12.31250 12.40500 12.56580
-9999 -9999 -9999 -9999 -9999 -9999 -9999 -9999 -9999 -9999 17.46420 17.44750 17.55000 17.99830 18.32330 19.12670 19.43170 19.65580 20.45250 21.10330 19.50670 20.07830 20.12830 20.19580 18.58170 18.71920 18.75250 16.55500 16.20000 15.99080 16.15500 16.16830 16.17420 16.32330 16.21000 16.13420 15.79580 15.44580 14.87500 16.46250 15.80170 15.74920 15.49000 15.76080 16.21500 16.69580 17.30500 15.83080 16.76330 17.21830 14.95830 14.83500 12.11750 11.77000 9.95500 10.23580 10.50750 10.47580 10.62920 10.53830 10.54250 11.16330 11.07170 11.25000 11.36000 11.25580 9.87083 9.55667 11.61920 11.90670 12.10580
-9999 -9999 -9999 -9999 -9999 -9999 -9999 -9999 -9999 -9999 17.28920 17.47250 17.27920 17.96500 18.45920 19.51500 19.86000 20.49420 21.39080 21.94330 22.08830 20.28670 20.52750 20.78830 18.86330 19.08170 17.01080 16.97000 16.92000 16.51750 16.69500 16.51830 16.54420 16.62500 16.64830 16.69420 16.41000 15.94830 15.43080 16.65830 16.57330 15.93250 15.75420 15.52420 15.95670 16.35500 16.73420 15.25420 15.54080 15.80750 14.11830 13.59500 11.88670 11.97080 10.31750 10.01000 10.25000 10.49580 8.67167 10.54000 10.51170 8.88833 8.92167 9.11750 8.90750 8.84667 9.38667 9.55583 9.47750 11.43670 11.47920
-9999 -9999 -9999 -9999 -9999 -9999 -9999 -9999 -9999 -9999 -9999 -9999 17.43170 18.10580 19.03170 20.04750 21.08500 22.05080 22.19250 22.96750 23.07330 20.91670 21.03250 20.94750 18.95830 19.15580 17.26170 16.86920 16.85420 16.89330 15.04000 16.94920 16.99920 17.24500 17.32250 17.15420 16.54000 16.14580 17.29330 16.83250 16.00580 15.93580 15.64920 15.35920 15.84920 16.17500 16.26750 16.70830 14.77580 14.95920 14.96830 13.24250 13.44500 11.72080 11.42330 9.97500 10.00670 10.04830 10.06580 10.25920 10.21250 10.35250 10.11250 9.99167 10.00580 8.43417 8.61583 8.84083 8.95917 10.81000 11.06750
-9999 -9999 -9999 -9999 -9999 -9999 -9999 -9999 -9999 -9999 -9999 -9999 18.02830 18.65670 19.08420 20.35080 21.12420 21.70580 22.62250 23.12500 22.88750 22.85080 21.01420 20.96000 18.95500 19.35830 16.92920 17.17330 17.22330 15.32670 15.39750 15.34920 15.25500 17.08080 16.81920 16.76750 16.56000 18.08000 17.59170 16.91580 16.15420 15.74000 15.39080 15.41080 15.65170 16.03500 16.04250 15.96580 16.25830 13.99170 14.57920 14.59250 12.72920 11.24920 11.19580 11.56670 10.05580 9.92000 10.03670 10.02750 9.76083 10.14420 10.02670 10.18420 9.86083 10.06080 10.42080 10.73500 11.05420 11.27420 13.32830
-9999 -9999 -9999 -9999 -9999 -9999 -9999 -9999 -9999 -9999 -9999 17.76830 17.67330 18.30170 18.89830 21.22000 21.87080 22.53750 23.65920 23.79420 22.50670 23.03670 20.68420 20.87920 20.92000 19.07830 19.38330 17.10750 17.39670 15.42250 15.11000 15.15500 14.89000 16.61830 16.50670 16.08670 16.21000 17.76750 17.33670 18.45330 18.10330 17.48830 16.80580 16.43750 16.33750 15.64170 15.48170 15.60920 15.29670 15.75750 14.28080 14.43670 14.95420 13.40920 11.73670 11.81080 11.97920 12.29170 11.91330 12.17670 12.00500 11.88080 10.36170 10.46500 10.51330 10.69080 10.93750 11.09580 13.57420 13.87500 16.65750
-9999 -9999 -9999 -9999 -9999 -9999 -9999 -9999 -9999 -9999 -9999 17.67500 17.59420 18.33830 19.28580 21.55170 21.94920 22.05420 23.19250 23.75830 22.41580 22.59420 22.57420 20.71170 18.73670 19.08080 17.03000 17.08580 16.99830 14.73420 14.58170 14.74080 14.44500 16.12170 15.79170 15.72830 15.84580 17.44580 18.60500 18.45500 17.87170 17.55500 18.34920 18.23170 16.48500 16.49250 16.63920 16.74920 16.88580 15.70330 16.05830 14.87080 15.21330 13.78170 14.17170 14.01170 14.19830 12.38420 12.46080 12.40000 12.63420 12.35250 12.45580 12.48830 12.62250 12.39920 12.99580 13.38170 13.70420 15.69250 16.94500
