data/hydroclimate-scenarios/BCSD_hadcm_A1B/monthly_summaries/precip_monthly_tot_aug.2030-2059.asc
ncols	311
nrows	91
xllcenter	102.75
yllcenter	31.75
cellsize	0.5
NODATA_value	-9999
[rows 0 to 30 of 91, columns 0 to 70 of 311]
-9999 -9999 -9999 -9999 -9999 -9999 -9999 -9999 -9999 -9999 -9999 -9999 -9999 -9999 -9999 -9999 -9999 -9999 -9999 -9999 -9999 -9999 -9999 -9999 -9999 -9999 -9999 -9999 -9999 -9999 -9999 -9999 -9999 -9999 -9999 -9999 -9999 -9999 -9999 -9999 -9999 -9999 -9999 -9999 -9999 -9999 -9999 -9999 -9999 -9999 -9999 -9999 -9999 -9999 -9999 -9999 -9999 -9999 -9999 -9999 -9999 -9999 -9999 -9999 -9999 -9999 -9999 -9999 -9999 -9999 -9999
-9999 -9999 -9999 -9999 -9999 -9999 -9999 -9999 -9999 -9999 -9999 -9999 -9999 -9999 -9999 -9999 -9999 -9999 -9999 -9999 -9999 -9999 -9999 -9999 -9999 -9999 -9999 -9999 -9999 -9999 -9999 -9999 -9999 -9999 -9999 -9999 -9999 -9999 -9999 -9999 -9999 -9999 -9999 -9999 -9999 -9999 -9999 -9999 -9999 -9999 -9999 -9999 -9999 -9999 -9999 -9999 -9999 -9999 -9999 -9999 -9999 -9999 -9999 -9999 -9999 -9999 -9999 -9999 -9999 -9999 -9999
-9999 -9999 -9999 -9999 -9999 -9999 -9999 -9999 -9999 -9999 -9999 -9999 -9999 -9999 -9999 -9999 -9999 -9999 -9999 -9999 -9999 -9999 -9999 -9999 -9999 -9999 -9999 -9999 -9999 -9999 -9999 -9999 -9999 -9999 -9999 -9999 -9999 -9999 -9999 -9999 -9999 -9999 -9999 -9999 -9999 -9999 -9999 -9999 -9999 -9999 -9999 -9999 -9999 -9999 -9999 -9999 -9999 -9999 -9999 -9999 -9999 -9999 -9999 -9999 -9999 -9999 -9999 -9999 -9999 -9999 -9999
-9999 -9999 -9999 -9999 -9999 -9999 -9999 -9999 -9999 -9999 -9999 -9999 -9999 -9999 -9999 -9999 -9999 -9999 -9999 -9999 -9999 -9999 -9999 -9999 -9999 -9999 -9999 -9999 -9999 -9999 -9999 -9999 -9999 -9999 -9999 -9999 -9999 -9999 -9999 -9999 -9999 -9999 -9999 -9999 -9999 -9999 -9999 -9999 -9999 -9999 -9999 -9999 -9999 -9999 -9999 -9999 -9999 -9999 -9999 -9999 -9999 -9999 -9999 -9999 -9999 -9999 -9999 -9999 -9999 -9999 -9999
-9999 -9999 -9999 -9999 -9999 -9999 -9999 -9999 -9999 -9999 -9999 -9999 -9999 -9999 -9999 -9999 -9999 -9999 -9999 -9999 -9999 -9999 -9999 -9999 -9999 -9999 -9999 -9999 -9999 -9999 -9999 -9999 -9999 -9999 -9999 -9999 -9999 -9999 -9999 -9999 -9999 -9999 -9999 -9999 -9999 -9999 -9999 -9999 -9999 -9999 -9999 -9999 -9999 -9999 -9999 -9999 -9999 -9999 -9999 -9999 -9999 -9999 -9999 -9999 -9999 -9999 -9999 -9999 -9999 -9999 -9999
-9999 -9999 -9999 -9999 -9999 -9999 -9999 -9999 -9999 -9999 -9999 -9999 -9999 -9999 -9999 -9999 -9999 -9999 -9999 -9999 -9999 -9999 -9999 -9999 -9999 -9999 -9999 -9999 -9999 -9999 -9999 -9999 -9999 -9999 -9999 -9999 -9999 -9999 -9999 -9999 -9999 -9999 -9999 -9999 -9999 -9999 -9999 -9999 -9999 -9999 -9999 -9999 -9999 -9999 -9999 -9999 -9999 -9999 -9999 -9999 -9999 -9999 -9999 -9999 -9999 -9999 -9999 -9999 -9999 -9999 -9999
-9999 -9999 -9999 -9999 -9999 -9999 -9999 -9999 -9999 -9999 -9999 -9999 -9999 -9999 -9999 -9999 -9999 -9999 -9999 -9999 -9999 -9999 -9999 -9999 -9999 -9999 -9999 -9999 -9999 -9999 -9999 -9999 -9999 -9999 -9999 -9999 -9999 -9999 -9999 -9999 -9999 -9999 -9999 -9999 -9999 -9999 -9999 -9999 -9999 -9999 -9999 -9999 -9999 -9999 -9999 -9999 -9999 -9999 -9999 -9999 -9999 -9999 -9999 -9999 -9999 -9999 -9999 -9999 -9999 -9999 -9999
-9999 -9999 -9999 -9999 -9999 -9999 -9999 -9999 -9999 -9999 -9999 -9999 -9999 -9999 -9999 -9999 -9999 -9999 -9999 -9999 -9999 -9999 -9999 -9999 -9999 -9999 -9999 -9999 -9999 -9999 -9999 -9999 -9999 -9999 -9999 -9999 -9999 -9999 -9999 -9999 -9999 -9999 48.48830 50.54080 52.19330 52.53920 54.04830 53.89500 52.30670 56.09080 55.88330 54.36670 -9999 -9999 -9999 -9999 -9999 -9999 -9999 -9999 -9999 -9999 -9999 -9999 -9999 -9999 -9999 -9999 -9999 -9999 -9999
-9999 -9999 -9999 -9999 -9999 -9999 -9999 -9999 -9999 -9999 -9999 -9999 -9999 -9999 -9999 -9999 -9999 -9999 -9999 -9999 -9999 -9999 -9999 -9999 -9999 -9999 -9999 -9999 -9999 -9999 -9999 -9999 -9999 -9999 -9999 -9999 -9999 -9999 46.75670 49.25920 49.31250 49.33500 51.52080 53.07500 53.28250 54.76000 53.79330 55.06080 55.32830 55.77920 55.86580 56.75500 55.39750 55.56250 -9999 -9999 -9999 -9999 -9999 -9999 -9999 -9999 -9999 -9999 -9999 -9999 -9999 -9999 -9999 -9999 -9999
-9999 -9999 -9999 -9999 -9999 -9999 -9999 -9999 -9999 -9999 -9999 -9999 -9999 -9999 -9999 -9999 -9999 -9999 -9999 -9999 -9999 -9999 -9999 -9999 -9999 -9999 -9999 -9999 -9999 -9999 -9999 -9999 -9999 -9999 -9999 -9999 -9999 -9999 -9999 -9999 48.61420 49.34580 52.11250 54.02080 54.27080 56.05420 56.26500 55.59420 56.18330 58.08420 58.21330 56.98670 57.34000 55.88670 -9999 -9999 -9999 -9999 -9999 -9999 -9999 -9999 -9999 -9999 -9999 -9999 -9999 -9999 -9999 -9999 -9999
-9999 -9999 -9999 -9999 -9999 -9999 -9999 -9999 -9999 -9999 -9999 -9999 -9999 -9999 -9999 -9999 -9999 -9999 -9999 -9999 -9999 -9999 -9999 -9999 -9999 -9999 -9999 -9999 -9999 -9999 -9999 -9999 -9999 -9999 -9999 -9999 -9999 -9999 -9999 -9999 -9999 -9999 -9999 -9999 55.19330 56.81750 59.18080 59.34580 59.24750 60.06080 60.52580 62.16750 59.89920 58.40330 -9999 -9999 -9999 -9999 -9999 -9999 45.17000 -9999 -9999 -9999 -9999 -9999 -9999 -9999 -9999 -9999 -9999
-9999 -9999 -9999 -9999 -9999 -9999 -9999 -9999 -9999 -9999 -9999 -9999 -9999 -9999 -9999 -9999 -9999 -9999 -9999 -9999 -9999 -9999 -9999 -9999 -9999 -9999 -9999 -9999 -9999 -9999 -9999 -9999 -9999 -9999 -9999 -9999 -9999 -9999 -9999 -9999 -9999 52.84500 55.15830 56.95750 57.10250 57.03420 58.49500 60.95080 60.58420 61.00000 61.49580 62.12250 59.86670 58.58500 -9999 -9999 -9999 -9999 -9999 45.66420 45.28170 44.26420 43.47330 42.18250 42.50500 42.92830 41.46250 41.33420 41.48080 40.40830 40.75750
-9999 -9999 -9999 -9999 -9999 -9999 -9999 -9999 -9999 -9999 -9999 -9999 -9999 -9999 -9999 -9999 -9999 -9999 -9999 -9999 -9999 -9999 -9999 -9999 -9999 -9999 -9999 -9999 -9999 -9999 -9999 -9999 -9999 -9999 -9999 -9999 -9999 -9999 -9999 -9999 -9999 51.60670 54.28920 56.14080 54.79250 55.82750 57.01250 58.56830 59.27170 60.17170 60.92250 61.85670 62.51080 60.12830 56.92580 56.79080 53.13670 -9999 48.40500 46.56000 45.40080 44.42580 44.07830 44.61580 45.09500 43.76080 42.46080 42.70580 43.23830 43.61920 42.42580
-9999 -9999 -9999 -9999 -9999 -9999 -9999 -9999 -9999 -9999 -9999 -9999 -9999 -9999 -9999 -9999 -9999 -9999 -9999 -9999 -9999 -9999 -9999 -9999 -9999 -9999 -9999 -9999 -9999 -9999 -9999 -9999 -9999 -9999 -9999 42.46830 44.04080 45.38830 47.13920 47.67750 48.13830 49.95000 51.29080 53.03000 54.77920 55.01330 55.89920 57.16170 58.90080 61.09000 61.88330 62.71170 64.87420 61.63670 60.72500 59.71330 56.20080 52.63580 49.37250 47.48420 46.50500 45.53670 45.41830 48.34500 47.92420 45.55170 45.47580 45.84250 44.89670 44.87170 45.48000
-9999 -9999 -9999 -9999 -9999 -9999 -9999 -9999 -9999 -9999 -9999 -9999 -9999 -9999 -9999 -9999 -9999 -9999 -9999 -9999 -9999 -9999 -9999 -9999 -9999 -9999 -9999 -9999 -9999 -9999 -9999 -9999 -9999 -9999 41.26670 42.74830 44.48580 45.50420 46.34000 46.55250 48.40330 48.76330 50.49580 51.97420 53.21000 53.65330 55.14420 57.58420 59.88080 61.74830 63.88920 62.94750 66.01420 66.87080 65.55580 62.26580 57.03330 53.71170 50.32420 47.58580 47.74420 48.07500 48.05330 49.96000 46.11080 46.81750 46.96920 48.72250 51.99250 51.12170 53.59670
-9999 -9999 -9999 -9999 -9999 -9999 -9999 -9999 -9999 -9999 -9999 -9999 -9999 -9999 -9999 -9999 -9999 -9999 -9999 -9999 -9999 -9999 -9999 -9999 -9999 -9999 -9999 -9999 -9999 -9999 -9999 -9999 -9999 41.76580 41.32170 42.79250 44.47000 45.78250 45.92330 46.28830 48.00750 49.24080 49.33080 51.04500 52.16000 53.48170 54.64420 57.76670 61.51000 64.51250 65.29750 67.80250 70.62330 67.89830 64.16920 60.93920 60.70080 54.69170 51.18670 49.71830 49.91920 47.91000 46.50920 45.75500 46.35920 47.92920 50.76750 51.25080 52.93330 52.88250 53.75000
-9999 -9999 -9999 -9999 -9999 -9999 -9999 -9999 -9999 -9999 -9999 -9999 -9999 -9999 -9999 -9999 -9999 -9999 -9999 -9999 -9999 -9999 -9999 -9999 -9999 -9999 -9999 -9999 -9999 -9999 -9999 42.42830 41.63420 42.69830 42.52000 43.66000 43.38580 44.67330 46.07670 45.80500 47.17420 48.49920 49.91750 49.69000 52.55920 53.91580 55.14250 54.83080 58.41670 61.69420 64.28250 66.57580 70.58580 67.37250 65.11170 62.32750 58.32250 54.68000 54.94500 52.75830 49.75420 47.41080 47.44920 45.63670 47.73250 50.74830 50.86420 50.52750 51.89580 55.34080 58.35170
-9999 -9999 -9999 -9999 -9999 -9999 -9999 -9999 -9999 -9999 -9999 -9999 -9999 -9999 -9999 -9999 -9999 -9999 -9999 -9999 -9999 -9999 -9999 -9999 -9999 -9999 -9999 -9999 -9999 44.17580 43.64420 44.63420 44.11330 44.92080 44.75250 44.18580 45.32580 45.37080 46.00830 45.75920 47.20670 48.20750 49.13000 49.28670 51.52330 53.88000 55.51580 56.48170 62.40330 64.36170 66.54250 69.98750 71.19330 67.14000 67.03170 63.33500 58.66580 58.39830 54.77750 49.99170 48.98000 48.17170 48.21670 49.33000 48.52420 50.16330 54.00420 56.63830 58.02000 57.78830 56.44670
-9999 -9999 -9999 -9999 -9999 -9999 -9999 -9999 -9999 -9999 -9999 -9999 -9999 -9999 -9999 -9999 -9999 -9999 -9999 -9999 -9999 -9999 -9999 -9999 52.90170 51.17330 49.38170 47.54000 47.51250 47.07580 46.99500 44.96420 46.03080 45.35330 46.57920 44.98080 45.72080 46.74670 46.19170 47.28170 47.15750 48.13330 48.82830 48.62250 50.97500 52.19670 53.40920 57.95080 61.34920 64.17330 65.07920 69.75000 69.73080 66.54170 63.98750 61.32420 59.22080 57.66000 56.78830 52.69080 48.98830 46.85500 47.34670 47.94500 49.58920 52.39250 52.17170 52.33500 54.67580 56.46170 62.62080
-9999 -9999 -9999 -9999 -9999 -9999 62.76170 60.63830 61.39500 60.76920 60.32750 -9999 -9999 -9999 -9999 -9999 -9999 -9999 -9999 -9999 -9999 58.15170 58.43080 57.00750 55.07330 53.24420 51.50580 50.80750 49.37500 48.26750 46.75750 46.08330 46.95500 46.86580 46.36330 45.91080 46.70500 46.11330 46.32250 47.17000 46.84670 47.21580 46.82750 48.06670 50.30920 51.61080 53.01250 56.82000 61.10750 63.14170 66.86830 68.33250 69.95000 66.52250 62.71420 60.42500 60.40500 58.77170 55.20830 52.46750 50.55670 48.20920 49.90080 51.45330 54.53000 50.52250 51.50500 54.33080 55.13580 54.89920 56.79250
-9999 -9999 -9999 -9999 -9999 62.86250 63.88420 64.37250 64.27830 63.42750 64.13080 66.29670 65.39330 65.65170 -9999 -9999 -9999 63.61830 63.63080 62.41500 61.88170 61.25750 60.36670 57.99080 57.35000 54.08000 53.44670 50.39670 50.18420 48.51670 47.35250 45.58670 45.19670 44.88080 44.52920 45.39580 46.21750 45.65000 45.86670 45.47250 46.26250 45.79920 46.47250 47.61830 48.78420 51.13830 54.91500 59.90580 62.59080 65.00420 67.35420 67.96920 67.59330 63.95580 62.96250 62.27670 62.19920 58.99000 53.23750 53.65580 50.56420 50.59330 50.96750 50.89080 53.11670 57.91250 57.19580 58.04500 56.03420 56.99670 58.40420
-9999 65.83000 66.75170 65.36670 65.05830 64.31580 65.08580 65.82670 66.35250 64.67170 66.33250 67.46170 68.04670 67.35670 65.98920 64.72080 62.31420 65.05670 64.85670 63.61330 61.45420 60.94250 59.69080 57.84580 55.84830 55.03170 53.10830 51.30420 50.95580 48.28750 46.41000 45.99250 44.74830 44.34500 45.22170 44.83170 45.00330 45.69920 45.41170 45.00830 45.69330 45.24080 46.06580 47.33420 48.68420 49.70670 53.53920 57.50250 61.40000 64.22920 66.43250 69.56830 68.64500 68.40920 67.24000 65.48330 63.61170 57.91670 57.29420 54.31580 51.43500 52.46750 54.07670 52.31080 55.62170 55.44580 54.51670 57.49920 56.26250 59.24750 61.96500
-9999 70.52420 67.63250 66.49420 65.28170 64.56170 65.12000 65.67080 65.01000 65.57670 66.80500 66.99250 69.02250 67.99580 67.09170 67.54250 67.85670 67.91080 66.44750 65.11330 64.49920 63.95750 62.84830 59.36670 57.46750 55.22500 53.22330 52.49170 50.84170 49.23330 47.64920 45.97920 45.40080 44.02580 44.93920 44.70170 44.18000 44.03500 44.79080 45.57170 45.51330 44.78420 45.28500 46.62500 47.21580 49.13080 50.53080 54.94920 58.36830 62.74000 64.24250 68.43670 68.61670 71.47080 70.60170 67.48330 64.62750 61.17170 57.57080 56.33830 54.17750 53.86500 54.31500 53.22250 54.14500 55.15420 56.15830 55.80750 56.67080 57.72830 58.59500
-9999 -9999 -9999 70.40500 70.32750 67.53830 66.47830 65.92420 66.27500 65.47670 65.93500 65.82250 66.43250 66.71670 68.08250 67.38250 67.85500 66.53920 66.66580 66.88330 65.90580 65.45750 62.83670 60.82750 58.54170 56.76080 53.81920 52.87170 49.73080 49.41750 47.59000 47.13080 45.44670 45.05330 44.73500 44.21500 43.93170 44.68250 44.34920 44.34250 44.66750 44.26250 44.98080 46.18750 46.52080 47.80670 50.50250 53.09250 56.91080 59.13080 64.29250 67.37330 68.90830 71.30080 68.31420 68.33580 65.78920 62.04330 60.45830 57.87750 53.05750 55.28420 55.34250 54.65580 52.88420 52.88420 52.63330 55.37670 57.16000 59.23000 60.25500
-9999 -9999 -9999 -9999 -9999 -9999 67.96330 67.20330 67.66080 66.70330 65.73170 66.13830 66.64000 65.99830 66.40250 67.05580 67.46000 67.83250 66.43500 67.04330 64.99250 64.89830 62.73420 61.02080 58.80080 58.04330 54.49250 51.40580 49.88750 49.40000 47.56580 47.16500 46.42170 44.54500 43.94170 44.03080 43.84000 42.95920 44.26830 45.09080 45.60830 45.38080 45.11670 46.57080 47.00170 48.69420 49.76080 54.47670 56.46330 60.92920 65.40580 69.63000 69.97750 65.59920 68.09250 67.91500 65.91000 66.19330 64.45500 61.13670 60.24000 59.14420 58.31000 58.20750 56.64170 57.81500 55.54750 57.28170 60.35670 61.30000 63.20330
-9999 -9999 -9999 -9999 -9999 -9999 67.77580 68.10250 67.18830 67.73830 66.95500 67.22080 66.26920 65.83250 66.41670 67.80080 67.22500 67.69580 67.94750 68.06000 68.30000 66.27000 63.55750 62.20170 60.95250 57.18580 53.46420 51.55920 50.00000 48.51500 48.07500 46.35250 45.64500 43.82170 44.46000 42.93500 42.97330 42.88250 43.83000 44.42000 45.76330 45.84580 46.60330 47.17670 49.04750 49.47420 50.75750 52.19750 53.43750 56.29670 60.40920 61.80170 64.61250 64.80920 64.51420 62.08580 63.43750 64.68920 62.17830 62.35830 64.41000 63.25580 61.44580 61.10170 60.87750 59.19080 58.80330 60.75580 61.41170 64.47330 67.34000
-9999 -9999 -9999 -9999 -9999 -9999 -9999 -9999 -9999 -9999 65.16170 68.06170 67.30750 65.55080 66.93920 67.56500 68.15330 68.59420 69.30420 68.60920 67.79750 65.84330 65.88250 62.83080 60.37080 59.09000 55.28250 52.23250 50.34000 48.57420 47.94250 46.17830 45.80170 44.33830 43.52170 42.25830 42.28670 42.33080 42.42170 44.63250 46.09420 45.80080 47.21250 49.06000 49.56500 51.01750 52.91170 53.23420 53.17420 53.34420 54.38670 53.86170 54.45750 54.61830 53.70170 54.63170 55.56330 56.09000 56.52080 56.26080 55.41000 57.09580 56.35250 59.84420 60.51420 59.64920 60.18750 62.00920 64.87420 66.67000 70.60580
-9999 -9999 -9999 -9999 -9999 -9999 -9999 -9999 -9999 -9999 63.69750 64.93170 66.83250 66.19330 67.39750 69.06420 69.80830 70.72080 71.45500 71.25830 70.24920 68.70420 67.60080 65.21500 62.61000 58.64420 54.60330 52.29920 50.65830 48.57580 46.48580 45.83250 44.47170 43.96920 43.82580 42.58000 42.83330 44.61830 44.32500 46.27420 47.85080 48.87670 50.51420 52.16580 52.48580 53.78920 54.42080 54.56170 54.80830 55.26580 54.28250 53.99920 52.44750 52.96670 51.48000 52.33830 53.28750 54.70580 54.60420 54.78580 54.87670 54.52420 55.16580 55.32500 55.98080 57.36330 58.94170 61.62000 64.40080 70.17330 74.81080
-9999 -9999 -9999 -9999 -9999 -9999 -9999 -9999 -9999 -9999 -9999 -9999 64.91920 68.93580 70.23080 70.87750 70.76580 70.34000 71.25250 70.79250 69.73500 68.41420 67.08920 64.48750 61.87750 57.96330 55.34500 52.83500 51.18750 49.80750 47.96420 47.24080 45.26330 44.34330 43.75500 43.65670 44.72500 46.25920 46.91420 48.53000 50.29170 51.72920 53.65420 53.77250 55.28920 55.92830 56.17500 56.32170 57.84420 56.76330 56.95000 55.80580 54.30830 53.33580 51.78670 53.03830 53.99420 58.16080 57.57330 58.00330 57.77000 57.77920 58.37670 59.20420 59.21670 60.22170 61.34080 63.01830 66.75670 70.61920 77.65920
-9999 -9999 -9999 -9999 -9999 -9999 -9999 -9999 -9999 -9999 -9999 -9999 65.42830 68.67580 69.27080 70.49170 71.57000 70.17580 72.72330 72.45250 71.18000 71.19000 68.38420 64.81830 63.37170 59.99920 57.49330 54.14420 52.93500 52.22330 49.56920 48.36420 47.45500 46.22500 46.57500 45.24750 47.67670 49.83830 49.80580 50.74000 52.98250 53.74250 55.66250 56.23500 57.26420 57.87580 59.31250 59.20170 59.62920 59.02670 59.50080 56.50750 55.06250 54.26920 51.85920 53.87080 56.63170 58.91250 58.40330 59.09330 59.92830 60.02080 60.11330 60.07420 61.36000 62.73000 64.38080 65.63830 69.72170 74.32080 78.51920
-9999 -9999 -9999 -9999 -9999 -9999 -9999 -9999 -9999 -9999 -9999 64.66830 66.54750 65.29080 67.77420 70.95920 73.53670 73.21000 74.63080 73.67750 70.50250 72.54420 69.27250 66.75750 64.32420 62.14170 60.02670 57.28580 54.60500 54.14170 51.89330 50.99250 49.26920 48.13080 47.66080 46.43250 48.63420 52.21580 53.67670 56.53830 58.28670 60.30170 61.51080 61.59000 61.61830 60.79750 60.42830 59.95420 61.38920 60.96170 60.32250 59.20170 58.80080 56.34250 53.31920 55.85080 57.92580 60.02580 59.87580 59.89500 60.83750 61.24170 61.90750 62.09330 63.90170 65.37750 68.57250 70.56250 73.82330 79.15170 82.47330
