data/hydroclimate-scenarios/BCSD_hadcm_A1B/monthly_summaries/precip_monthly_tot_jun.2070-2099.asc
ncols	311
nrows	91
xllcenter	102.75
yllcenter	31.75
cellsize	0.5
NODATA_value	-9999
[rows 0 to 30 of 91, columns 0 to 70 of 311]
-9999 -9999 -9999 -9999 -9999 -9999 -9999 -9999 -9999 -9999 -9999 -9999 -9999 -9999 -9999 -9999 -9999 -9999 -9999 -9999 -9999 -9999 -9999 -9999 -9999 -9999 -9999 -9999 -9999 -9999 -9999 -9999 -9999 -9999 -9999 -9999 -9999 -9999 -9999 -9999 -9999 -9999 -9999 -9999 -9999 -9999 -9999 -9999 -9999 -9999 -9999 -9999 -9999 -9999 -9999 -9999 -9999 -9999 -9999 -9999 -9999 -9999 -9999 -9999 -9999 -9999 -9999 -9999 -9999 -9999 -9999
-9999 -9999 -9999 -9999 -9999 -9999 -9999 -9999 -9999 -9999 -9999 -9999 -9999 -9999 -9999 -9999 -9999 -9999 -9999 -9999 -9999 -9999 -9999 -9999 -9999 -9999 -9999 -9999 -9999 -9999 -9999 -9999 -9999 -9999 -9999 -9999 -9999 -9999 -9999 -9999 -9999 -9999 -9999 -9999 -9999 -9999 -9999 -9999 -9999 -9999 -9999 -9999 -9999 -9999 -9999 -9999 -9999 -9999 -9999 -9999 -9999 -9999 -9999 -9999 -9999 -9999 -9999 -9999 -9999 -9999 -9999
-9999 -9999 -9999 -9999 -9999 -9999 -9999 -9999 -9999 -9999 -9999 -9999 -9999 -9999 -9999 -9999 -9999 -9999 -9999 -9999 -9999 -9999 -9999 -9999 -9999 -9999 -9999 -9999 -9999 -9999 -9999 -9999 -9999 -9999 -9999 -9999 -9999 -9999 -9999 -9999 -9999 -9999 -9999 -9999 -9999 -9999 -9999 -9999 -9999 -9999 -9999 -9999 -9999 -9999 -9999 -9999 -9999 -9999 -9999 -9999 -9999 -9999 -9999 -9999 -9999 -9999 -9999 -9999 -9999 -9999 -9999
-9999 -9999 -9999 -9999 -9999 -9999 -9999 -9999 -9999 -9999 -9999 -9999 -9999 -9999 -9999 -9999 -9999 -9999 -9999 -9999 -9999 -9999 -9999 -9999 -9999 -9999 -9999 -9999 -9999 -9999 -9999 -9999 -9999 -9999 -9999 -9999 -9999 -9999 -9999 -9999 -9999 -9999 -9999 -9999 -9999 -9999 -9999 -9999 -9999 -9999 -9999 -9999 -9999 -9999 -9999 -9999 -9999 -9999 -9999 -9999 -9999 -9999 -9999 -9999 -9999 -9999 -9999 -9999 -9999 -9999 -9999
-9999 -9999 -9999 -9999 -9999 -9999 -9999 -9999 -9999 -9999 -9999 -9999 -9999 -9999 -9999 -9999 -9999 -9999 -9999 -9999 -9999 -9999 -9999 -9999 -9999 -9999 -9999 -9999 -9999 -9999 -9999 -9999 -9999 -9999 -9999 -9999 -9999 -9999 -9999 -9999 -9999 -9999 -9999 -9999 -9999 -9999 -9999 -9999 -9999 -9999 -9999 -9999 -9999 -9999 -9999 -9999 -9999 -9999 -9999 -9999 -9999 -9999 -9999 -9999 -9999 -9999 -9999 -9999 -9999 -9999 -9999
-9999 -9999 -9999 -9999 -9999 -9999 -9999 -9999 -9999 -9999 -9999 -9999 -9999 -9999 -9999 -9999 -9999 -9999 -9999 -9999 -9999 -9999 -9999 -9999 -9999 -9999 -9999 -9999 -9999 -9999 -9999 -9999 -9999 -9999 -9999 -9999 -9999 -9999 -9999 -9999 -9999 -9999 -9999 -9999 -9999 -9999 -9999 -9999 -9999 -9999 -9999 -9999 -9999 -9999 -9999 -9999 -9999 -9999 -9999 -9999 -9999 -9999 -9999 -9999 -9999 -9999 -9999 -9999 -9999 -9999 -9999
-9999 -9999 -9999 -9999 -9999 -9999 -9999 -9999 -9999 -9999 -9999 -9999 -9999 -9999 -9999 -9999 -9999 -9999 -9999 -9999 -9999 -9999 -9999 -9999 -9999 -9999 -9999 -9999 -9999 -9999 -9999 -9999 -9999 -9999 -9999 -9999 -9999 -9999 -9999 -9999 -9999 -9999 -9999 -9999 -9999 -9999 -9999 -9999 -9999 -9999 -9999 -9999 -9999 -9999 -9999 -9999 -9999 -9999 -9999 -9999 -9999 -9999 -9999 -9999 -9999 -9999 -9999 -9999 -9999 -9999 -9999
-9999 -9999 -9999 -9999 -9999 -9999 -9999 -9999 -9999 -9999 -9999 -9999 -9999 -9999 -9999 -9999 -9999 -9999 -9999 -9999 -9999 -9999 -9999 -9999 -9999 -9999 -9999 -9999 -9999 -9999 -9999 -9999 -9999 -9999 -9999 -9999 -9999 -9999 -9999 -9999 -9999 -9999 42.78830 43.16250 42.41330 42.21250 42.29170 42.03580 38.07170 37.53000 37.44170 36.92750 -9999 -9999 -9999 -9999 -9999 -9999 -9999 -9999 -9999 -9999 -9999 -9999 -9999 -9999 -9999 -9999 -9999 -9999 -9999
-9999 -9999 -9999 -9999 -9999 -9999 -9999 -9999 -9999 -9999 -9999 -9999 -9999 -9999 -9999 -9999 -9999 -9999 -9999 -9999 -9999 -9999 -9999 -9999 -9999 -9999 -9999 -9999 -9999 -9999 -9999 -9999 -9999 -9999 -9999 -9999 -9999 -9999 45.63330 48.63670 48.06500 45.96830 45.52250 44.31170 43.27500 42.71420 41.07330 41.11920 40.94000 38.94080 37.40830 37.90250 36.00670 37.68580 -9999 -9999 -9999 -9999 -9999 -9999 -9999 -9999 -9999 -9999 -9999 -9999 -9999 -9999 -9999 -9999 -9999
-9999 -9999 -9999 -9999 -9999 -9999 -9999 -9999 -9999 -9999 -9999 -9999 -9999 -9999 -9999 -9999 -9999 -9999 -9999 -9999 -9999 -9999 -9999 -9999 -9999 -9999 -9999 -9999 -9999 -9999 -9999 -9999 -9999 -9999 -9999 -9999 -9999 -9999 -9999 -9999 45.10750 44.93250 46.27080 46.95500 44.61080 45.42250 43.38500 41.43080 41.66080 41.36580 40.99080 39.10920 37.45170 38.61420 -9999 -9999 -9999 -9999 -9999 -9999 -9999 -9999 -9999 -9999 -9999 -9999 -9999 -9999 -9999 -9999 -9999
-9999 -9999 -9999 -9999 -9999 -9999 -9999 -9999 -9999 -9999 -9999 -9999 -9999 -9999 -9999 -9999 -9999 -9999 -9999 -9999 -9999 -9999 -9999 -9999 -9999 -9999 -9999 -9999 -9999 -9999 -9999 -9999 -9999 -9999 -9999 -9999 -9999 -9999 -9999 -9999 -9999 -9999 -9999 -9999 46.79670 47.64170 47.76500 47.81000 46.29830 45.40500 44.84500 45.96080 41.68750 41.54250 -9999 -9999 -9999 -9999 -9999 -9999 32.85000 -9999 -9999 -9999 -9999 -9999 -9999 -9999 -9999 -9999 -9999
-9999 -9999 -9999 -9999 -9999 -9999 -9999 -9999 -9999 -9999 -9999 -9999 -9999 -9999 -9999 -9999 -9999 -9999 -9999 -9999 -9999 -9999 -9999 -9999 -9999 -9999 -9999 -9999 -9999 -9999 -9999 -9999 -9999 -9999 -9999 -9999 -9999 -9999 -9999 -9999 -9999 51.06920 51.05420 52.28830 51.55330 48.31080 50.15330 51.02750 49.82250 48.42250 49.31670 49.68830 45.11170 43.36170 -9999 -9999 -9999 -9999 -9999 35.44000 33.98750 32.52920 32.88580 31.67170 31.66170 31.81080 32.39500 31.58670 31.87330 30.81920 31.36170
-9999 -9999 -9999 -9999 -9999 -9999 -9999 -9999 -9999 -9999 -9999 -9999 -9999 -9999 -9999 -9999 -9999 -9999 -9999 -9999 -9999 -9999 -9999 -9999 -9999 -9999 -9999 -9999 -9999 -9999 -9999 -9999 -9999 -9999 -9999 -9999 -9999 -9999 -9999 -9999 -9999 50.99080 52.84250 52.22750 48.79250 49.86580 49.16080 48.96750 50.26330 49.72250 49.67420 53.45500 52.29330 49.26250 46.17670 45.83750 41.58580 -9999 36.95420 37.14500 35.41830 35.52750 34.38500 35.47830 35.63920 34.95080 33.84420 34.40420 33.51830 34.06830 34.98920
-9999 -9999 -9999 -9999 -9999 -9999 -9999 -9999 -9999 -9999 -9999 -9999 -9999 -9999 -9999 -9999 -9999 -9999 -9999 -9999 -9999 -9999 -9999 -9999 -9999 -9999 -9999 -9999 -9999 -9999 -9999 -9999 -9999 -9999 -9999 45.35330 46.21170 48.29000 48.72420 46.78330 47.49500 48.01000 50.13170 49.90250 49.88330 49.91420 49.74500 51.04420 50.85670 53.60750 55.85500 56.84420 59.63830 56.32420 54.89580 54.54830 48.97500 44.48580 39.90920 38.52580 36.73250 36.89250 36.95080 42.06750 39.62580 35.85420 36.52920 37.57500 36.76250 37.31500 38.16830
-9999 -9999 -9999 -9999 -9999 -9999 -9999 -9999 -9999 -9999 -9999 -9999 -9999 -9999 -9999 -9999 -9999 -9999 -9999 -9999 -9999 -9999 -9999 -9999 -9999 -9999 -9999 -9999 -9999 -9999 -9999 -9999 -9999 -9999 44.00250 46.65000 47.79420 47.01420 48.22500 47.57580 46.89670 47.46170 48.25500 47.84250 49.49250 49.25420 49.63580 52.39420 55.07830 59.14080 61.65830 63.38170 66.08080 67.40080 64.28080 58.41830 52.15670 47.75830 41.69500 40.09330 40.13750 42.51670 42.32000 43.21670 38.21750 37.20670 39.47670 41.85670 46.71500 44.79670 49.08580
-9999 -9999 -9999 -9999 -9999 -9999 -9999 -9999 -9999 -9999 -9999 -9999 -9999 -9999 -9999 -9999 -9999 -9999 -9999 -9999 -9999 -9999 -9999 -9999 -9999 -9999 -9999 -9999 -9999 -9999 -9999 -9999 -9999 44.41330 44.62250 44.93080 45.89330 46.44250 47.25500 45.11500 46.04080 48.22500 48.62580 48.92250 48.89670 50.27920 51.43170 54.07330 61.04330 64.65000 67.30000 72.31080 77.56670 70.75250 64.11580 60.11500 58.17830 49.40920 44.70580 44.50750 45.76580 42.62920 39.81000 38.43250 39.29580 41.72330 43.68250 45.91500 48.38500 47.04670 49.96750
-9999 -9999 -9999 -9999 -9999 -9999 -9999 -9999 -9999 -9999 -9999 -9999 -9999 -9999 -9999 -9999 -9999 -9999 -9999 -9999 -9999 -9999 -9999 -9999 -9999 -9999 -9999 -9999 -9999 -9999 -9999 44.43080 44.34500 45.60750 44.57080 44.76750 45.51670 44.75580 45.62170 44.73250 46.94830 47.56670 48.11670 47.94670 49.24080 51.99250 52.25170 53.23420 58.41500 62.09750 67.20420 70.02750 80.15500 74.21500 68.28580 62.94580 56.14670 53.13000 54.62670 49.67580 45.87670 42.26920 42.26670 38.29000 40.91000 43.82580 44.82250 43.75250 45.49250 52.24250 56.68750
-9999 -9999 -9999 -9999 -9999 -9999 -9999 -9999 -9999 -9999 -9999 -9999 -9999 -9999 -9999 -9999 -9999 -9999 -9999 -9999 -9999 -9999 -9999 -9999 -9999 -9999 -9999 -9999 -9999 45.03670 45.18830 47.05250 46.75170 47.03170 45.62000 44.78170 45.27580 45.88830 46.62830 45.93670 46.62000 47.71000 48.51000 49.71330 50.85580 53.18250 54.27830 56.71330 64.56420 68.58250 71.82420 78.00920 82.44170 74.43330 73.57750 68.20420 60.85830 57.75750 53.17420 47.21000 45.43420 45.06920 44.79920 43.53000 42.13500 43.75580 48.15420 51.72580 53.96580 54.36000 53.13830
-9999 -9999 -9999 -9999 -9999 -9999 -9999 -9999 -9999 -9999 -9999 -9999 -9999 -9999 -9999 -9999 -9999 -9999 -9999 -9999 -9999 -9999 -9999 -9999 52.75000 51.35830 50.72170 48.01750 46.99080 47.02920 48.36750 45.49080 45.80500 45.66000 45.75500 45.28330 45.89750 46.58250 47.25000 46.65580 46.06750 46.63580 48.79580 49.52330 50.60750 53.07580 53.79580 60.80920 67.32750 69.46830 70.58920 78.73420 79.00920 72.52330 69.50830 65.46170 62.15420 59.96500 57.60420 51.82080 47.35750 45.47580 42.71920 42.16080 43.28670 46.08920 45.40420 45.92580 48.89000 52.56500 64.53170
-9999 -9999 -9999 -9999 -9999 -9999 56.68580 54.80830 54.16830 53.78830 52.49830 -9999 -9999 -9999 -9999 -9999 -9999 -9999 -9999 -9999 -9999 52.61250 55.95330 54.61000 53.42170 53.88170 51.39080 50.57920 49.90080 49.14500 47.44080 46.13330 45.71330 45.71170 45.78670 44.69920 45.34670 44.86000 45.53080 44.71920 45.32170 46.11830 47.37250 49.14000 51.01830 54.27250 55.57920 60.31830 66.98250 70.61750 74.42750 79.29420 81.73170 76.81000 69.22750 65.86170 64.70170 62.81500 56.64250 51.74080 50.25250 48.55920 49.41750 50.41750 51.36670 46.06330 44.70250 49.16500 50.91830 51.04830 54.03170
-9999 -9999 -9999 -9999 -9999 57.39750 56.78670 58.77830 55.70330 56.46670 54.47920 55.84920 55.20750 56.20250 -9999 -9999 -9999 54.16920 53.63670 54.15080 54.32250 54.93920 54.93170 54.31250 54.27000 52.44330 51.65750 49.80920 50.93670 49.64580 46.73830 45.38000 44.28830 43.79500 42.27170 43.39920 43.72080 43.19500 43.62000 43.50500 44.11080 44.63000 45.53080 47.79920 50.12920 53.43500 59.78670 66.14330 70.53420 74.37750 77.68500 80.08750 78.18580 73.95830 71.63420 70.77420 70.15670 64.67170 57.28250 55.24330 52.24250 53.08750 52.77170 49.08830 54.03920 58.10920 57.05670 57.00500 54.08670 56.01250 57.35000
-9999 58.59670 58.99500 57.62670 58.73330 58.40250 58.49580 57.84250 57.27580 55.66250 56.37500 57.19580 57.48420 55.96500 55.89080 54.50750 51.97750 54.96830 54.68170 53.54920 53.69670 53.77000 53.81330 53.25000 52.42670 53.16080 52.83170 51.14920 50.57670 49.47250 45.92920 44.28830 43.00750 43.13330 42.67920 42.74580 42.30750 43.47170 42.72330 41.75830 42.46420 43.28830 44.34750 46.57420 48.75580 52.63170 59.33920 64.17330 70.59080 72.80670 76.70580 81.92000 81.82500 82.39500 81.17080 78.83170 73.76750 64.70580 63.20250 59.75580 55.33000 55.83170 58.33000 56.30420 59.35420 59.12670 54.86000 58.93080 56.16330 60.87500 65.76920
-9999 60.38750 58.06830 58.02500 56.80250 57.50330 56.60080 56.28000 55.60830 56.25580 56.04750 56.54670 57.55580 57.06670 56.85250 56.80330 56.43080 56.45080 56.60330 55.43830 57.15750 57.35830 55.53250 53.39920 53.25420 52.54920 51.59750 52.06250 51.30250 49.27000 47.27920 44.25330 43.88250 42.65250 42.04250 42.27670 41.20580 41.61080 42.50250 42.49080 42.57250 43.39080 44.07250 45.25170 47.81170 50.30080 54.26920 60.35830 66.79000 73.13670 74.39750 81.17080 82.48330 89.86330 89.83330 82.74250 77.93250 72.96920 68.21750 66.14170 61.40170 62.04000 61.22330 58.00250 59.85330 60.72830 61.62170 59.35750 60.19000 61.36830 61.92250
-9999 -9999 -9999 61.57750 60.71170 58.02580 57.60000 56.56750 56.09750 54.27500 54.96250 53.79170 54.51830 54.59750 55.14830 55.18170 55.35500 54.41750 55.26670 55.96750 57.17670 57.72830 56.18170 55.38580 54.24500 52.64330 51.53670 51.25750 49.21000 48.01080 45.93920 44.40830 43.92420 42.01250 41.94420 40.42000 42.00420 41.35000 41.37670 41.82330 42.02080 43.01000 44.64920 46.01920 47.14250 49.44830 53.44670 60.33330 64.46420 69.05580 74.74580 80.55250 85.30580 89.31170 86.12250 86.83080 81.31580 76.87170 74.62500 70.09170 64.06500 65.57580 64.75080 63.48580 61.47500 60.81000 58.92750 62.00170 62.95830 65.36670 65.37250
-9999 -9999 -9999 -9999 -9999 -9999 57.13000 56.61750 55.31580 53.56170 52.96170 53.22920 51.72670 51.72080 51.89000 52.92830 52.87080 52.94250 52.59920 54.49580 54.63750 54.82920 55.21750 54.36670 53.52580 54.25170 51.96080 50.32670 49.51750 48.17580 45.98420 45.73080 43.85750 43.23500 41.66750 40.68330 41.62670 41.10920 42.21580 42.52830 44.51080 43.79250 45.83420 45.62670 47.91750 50.48330 52.02750 61.74830 64.61330 71.45670 78.23080 86.69580 88.17250 81.77500 85.71670 86.61250 82.85750 83.50670 83.29580 75.64330 74.41750 71.98000 70.36670 69.37420 65.57920 66.51750 61.23170 64.12250 67.22830 67.89580 67.63000
-9999 -9999 -9999 -9999 -9999 -9999 56.42420 55.72500 53.50750 53.61000 52.75750 51.72420 50.06920 49.15670 50.45420 51.45080 51.78750 52.25330 53.21420 54.76420 54.87670 55.60580 55.77670 55.06580 54.44750 52.82330 50.97420 50.74420 49.85500 48.96920 48.23170 46.26420 44.54000 44.12830 43.27670 42.02330 40.89330 40.73580 41.23670 43.87080 44.53420 45.42920 47.06500 48.33170 49.76000 50.98670 52.91000 55.49500 59.54670 63.75920 70.32330 73.85250 76.42080 78.56250 79.73330 75.17500 75.35670 78.95500 74.19670 74.41920 78.85170 74.78580 72.03330 68.08500 68.33250 62.92000 63.96920 63.97750 64.88830 66.79330 71.08250
-9999 -9999 -9999 -9999 -9999 -9999 -9999 -9999 -9999 -9999 49.09250 49.74500 49.17080 46.49080 47.68000 50.41330 51.06420 51.69000 52.01420 52.15000 53.00250 54.48330 54.43420 55.11920 55.00750 55.77920 54.55000 51.47670 50.87330 50.67670 48.91420 48.46170 46.40670 45.95170 44.28670 42.34830 42.38920 41.32420 41.21000 43.17830 44.88330 46.96420 47.63080 50.19580 50.53000 51.62670 54.23500 55.43080 56.32920 58.92000 58.76250 60.00750 61.28170 60.53830 59.55920 59.58830 60.37330 61.54250 60.64750 60.43920 58.24080 59.67080 58.31080 60.14500 60.57830 57.43080 58.60330 60.99830 64.80670 66.03330 70.18250
-9999 -9999 -9999 -9999 -9999 -9999 -9999 -9999 -9999 -9999 44.57250 45.13500 46.10830 44.77580 46.63750 49.52080 50.00080 50.35920 52.30670 52.66670 53.46920 53.86420 54.67750 55.98580 55.71750 54.53330 53.30250 53.14670 51.47420 51.13250 49.37750 48.90420 48.68670 46.50420 47.32580 45.70250 45.03080 44.97000 45.80670 47.36250 48.25000 49.89500 50.76080 52.47000 53.29920 55.70080 56.67000 57.03830 57.92420 58.53420 57.37580 58.43170 58.25580 57.36920 55.33580 56.60250 55.99920 55.76500 54.50670 54.99830 52.79750 51.70920 49.26330 48.95830 47.32250 48.19170 51.71080 53.89250 57.49080 65.57080 70.38420
-9999 -9999 -9999 -9999 -9999 -9999 -9999 -9999 -9999 -9999 -9999 -9999 42.66250 46.15920 47.30580 48.43170 47.08170 46.57250 49.09750 50.55670 50.71080 53.15580 53.37420 54.51670 54.59080 53.49830 53.60920 55.05420 54.09000 51.57250 49.88830 50.42920 50.18000 49.63080 48.97000 48.18750 48.04580 49.16000 49.65000 51.50830 51.50500 52.53920 54.79170 55.75420 55.89250 56.39580 58.60750 58.29920 60.20420 59.12000 59.46500 60.28000 58.84750 58.30500 55.41170 54.83670 54.45330 56.72170 55.76000 54.67580 53.61750 50.99580 49.51000 47.82250 46.66670 47.16670 49.42000 51.78920 55.34750 61.22830 70.58920
-9999 -9999 -9999 -9999 -9999 -9999 -9999 -9999 -9999 -9999 -9999 -9999 42.31250 44.29000 46.03250 46.68420 46.38000 46.84080 49.97080 50.53920 51.21080 54.14420 54.80170 53.50830 56.13170 55.18920 55.41500 54.35170 54.61670 52.22330 50.58170 51.63420 51.06420 51.58670 52.51580 50.72080 51.16420 55.02420 54.13250 54.45250 54.74000 55.42670 56.36250 57.22580 57.31580 59.41080 59.58750 60.31170 60.67500 61.67580 62.59420 61.02670 58.77330 57.22170 54.11250 54.04920 55.03670 56.19580 56.37750 54.17580 52.65670 51.79000 49.65670 48.35670 47.98000 48.40080 49.63170 52.51670 57.44170 64.30330 68.85000
-9999 -9999 -9999 -9999 -9999 -9999 -9999 -9999 -9999 -9999 -9999 42.63170 43.55580 43.09420 43.79670 48.26500 50.18000 50.09670 51.35080 52.83830 50.34920 55.20250 55.35750 56.38750 57.85500 58.43920 58.38250 58.36000 55.14580 53.80580 51.98420 51.53000 52.66420 52.14420 52.66170 51.21750 52.61170 56.20420 57.71080 60.85000 61.87750 62.58250 63.55830 63.73920 62.52170 60.05500 60.36330 60.62750 61.84000 62.38920 62.27080 60.90080 59.37500 57.69000 53.34580 54.17580 55.10330 56.14420 55.40000 54.77250 52.62170 51.87580 51.12750 50.13080 48.99000 49.57830 52.24750 56.99330 61.28750 67.88330 74.45000
