data/hydroclimate-scenarios/BCSD_hadcm_A1B/monthly_summaries/precip_monthly_tot_mar.2030-2059.asc
ncols	311
nrows	91
xllcenter	102.75
yllcenter	31.75
cellsize	0.5
NODATA_value	-9999
[rows 0 to 31 of 91, columns 72 to 143 of 311]
-9999 -9999 -9999 -9999 -9999 -9999 -9999 -9999 -9999 -9999 -9999 -9999 -9999 -9999 -9999 -9999 -9999 -9999 -9999 -9999 -9999 -9999 -9999 -9999 -9999 -9999 -9999 -9999 -9999 -9999 -9999 -9999 -9999 -9999 -9999 -9999 -9999 -9999 -9999 -9999 -9999 -9999 -9999 -9999 -9999 -9999 -9999 -9999 -9999 -9999 -9999 -9999 -9999 -9999 -9999 -9999 -9999 -9999 -9999 -9999 -9999 -9999 -9999 -9999 -9999 -9999 -9999 -9999 -9999 -9999 -9999 -9999
-9999 -9999 -9999 -9999 -9999 -9999 -9999 -9999 -9999 -9999 -9999 -9999 -9999 -9999 -9999 -9999 -9999 -9999 -9999 -9999 -9999 -9999 -9999 -9999 -9999 -9999 -9999 -9999 -9999 -9999 -9999 -9999 -9999 -9999 -9999 -9999 -9999 -9999 -9999 -9999 -9999 -9999 -9999 -9999 -9999 -9999 -9999 -9999 -9999 -9999 -9999 -9999 -9999 -9999 -9999 -9999 -9999 -9999 -9999 -9999 -9999 -9999 -9999 -9999 -9999 -9999 -9999 -9999 -9999 -9999 -9999 -9999
-9999 -9999 -9999 -9999 -9999 -9999 -9999 -9999 -9999 -9999 -9999 -9999 -9999 -9999 -9999 -9999 -9999 -9999 -9999 -9999 -9999 -9999 -9999 -9999 -9999 -9999 -9999 -9999 -9999 -9999 -9999 -9999 -9999 -9999 -9999 -9999 -9999 -9999 -9999 -9999 -9999 -9999 -9999 -9999 -9999 -9999 -9999 -9999 -9999 -9999 -9999 -9999 -9999 -9999 -9999 -9999 -9999 -9999 -9999 -9999 -9999 -9999 -9999 -9999 -9999 -9999 -9999 -9999 -9999 -9999 -9999 -9999
-9999 -9999 -9999 -9999 -9999 -9999 -9999 -9999 -9999 -9999 -9999 -9999 -9999 -9999 -9999 -9999 -9999 -9999 -9999 -9999 -9999 -9999 -9999 -9999 -9999 -9999 -9999 -9999 -9999 -9999 -9999 -9999 -9999 -9999 -9999 -9999 -9999 -9999 -9999 -9999 -9999 -9999 -9999 -9999 -9999 -9999 -9999 -9999 -9999 -9999 -9999 -9999 -9999 -9999 -9999 -9999 -9999 -9999 -9999 -9999 -9999 -9999 -9999 -9999 -9999 -9999 -9999 -9999 -9999 -9999 -9999 -9999
-9999 -9999 -9999 -9999 -9999 -9999 -9999 -9999 -9999 -9999 -9999 -9999 -9999 -9999 -9999 -9999 -9999 -9999 -9999 -9999 -9999 -9999 -9999 -9999 -9999 -9999 -9999 -9999 -9999 -9999 -9999 -9999 -9999 -9999 -9999 -9999 -9999 -9999 -9999 -9999 -9999 -9999 -9999 -9999 -9999 -9999 -9999 -9999 -9999 -9999 -9999 -9999 -9999 -9999 -9999 -9999 -9999 -9999 -9999 -9999 -9999 -9999 -9999 -9999 -9999 -9999 -9999 -9999 -9999 -9999 -9999 -9999
-9999 -9999 -9999 -9999 -9999 -9999 -9999 -9999 -9999 -9999 -9999 -9999 -9999 -9999 -9999 -9999 -9999 -9999 -9999 -9999 -9999 -9999 -9999 -9999 -9999 -9999 -9999 -9999 -9999 -9999 -9999 -9999 -9999 -9999 -9999 -9999 -9999 -9999 -9999 -9999 -9999 -9999 -9999 -9999 -9999 -9999 -9999 -9999 -9999 -9999 -9999 -9999 -9999 -9999 -9999 -9999 -9999 -9999 -9999 -9999 -9999 -9999 -9999 -9999 -9999 -9999 -9999 -9999 -9999 -9999 -9999 -9999
-9999 -9999 -9999 -9999 -9999 -9999 -9999 -9999 -9999 -9999 -9999 -9999 -9999 -9999 -9999 -9999 -9999 -9999 -9999 -9999 -9999 -9999 -9999 -9999 -9999 -9999 -9999 -9999 -9999 -9999 -9999 -9999 -9999 -9999 -9999 -9999 -9999 -9999 -9999 -9999 -9999 -9999 -9999 -9999 -9999 -9999 -9999 -9999 -9999 -9999 -9999 -9999 -9999 -9999 -9999 -9999 -9999 -9999 -9999 -9999 -9999 -9999 -9999 -9999 -9999 -9999 -9999 -9999 -9999 -9999 -9999 -9999
-9999 -9999 -9999 -9999 -9999 -9999 -9999 -9999 -9999 -9999 -9999 -9999 -9999 -9999 -9999 -9999 -9999 -9999 -9999 -9999 -9999 -9999 -9999 -9999 -9999 -9999 -9999 -9999 -9999 -9999 -9999 -9999 -9999 -9999 -9999 -9999 -9999 -9999 -9999 -9999 -9999 -9999 -9999 -9999 -9999 -9999 -9999 -9999 -9999 -9999 -9999 -9999 -9999 -9999 -9999 -9999 -9999 -9999 -9999 -9999 -9999 -9999 -9999 -9999 -9999 -9999 -9999 -9999 -9999 -9999 -9999 -9999
-9999 -9999 -9999 -9999 -9999 9.62500 -9999 -9999 -9999 -9999 -9999 -9999 -9999 -9999 -9999 -9999 -9999 -9999 -9999 -9999 -9999 -9999 -9999 -9999 -9999 -9999 -9999 -9999 -9999 -9999 -9999 -9999 -9999 -9999 -9999 -9999 -9999 -9999 -9999 -9999 -9999 -9999 -9999 -9999 -9999 -9999 -9999 -9999 -9999 -9999 -9999 -9999 -9999 -9999 -9999 -9999 -9999 -9999 -9999 -9999 -9999 -9999 -9999 -9999 -9999 -9999 -9999 -9999 -9999 -9999 -9999 -9999
-9999 11.77080 9.80250 9.79417 9.92667 12.82830 12.39670 12.84920 13.46080 16.38000 16.80250 17.05250 17.18750 17.31670 17.05500 17.49750 17.21830 17.11080 16.99080 16.78830 16.72500 -9999 -9999 -9999 -9999 -9999 -9999 -9999 -9999 -9999 -9999 -9999 -9999 -9999 -9999 -9999 -9999 -9999 -9999 -9999 -9999 -9999 -9999 -9999 -9999 -9999 -9999 -9999 -9999 -9999 -9999 -9999 -9999 -9999 -9999 -9999 -9999 -9999 -9999 -9999 -9999 -9999 -9999 -9999 -9999 -9999 -9999 -9999 -9999 -9999 -9999 -9999
-9999 -9999 -9999 9.90917 10.10170 12.85920 12.94250 13.05500 13.36920 16.23250 16.91920 17.65170 17.55000 17.59080 17.60750 20.84330 19.99170 20.13670 20.02000 20.17580 19.81670 -9999 -9999 -9999 -9999 -9999 -9999 -9999 -9999 -9999 -9999 -9999 -9999 -9999 -9999 -9999 -9999 -9999 -9999 -9999 -9999 -9999 -9999 -9999 -9999 -9999 -9999 -9999 -9999 -9999 -9999 -9999 -9999 -9999 -9999 -9999 -9999 -9999 -9999 -9999 -9999 -9999 -9999 -9999 -9999 -9999 -9999 -9999 -9999 -9999 -9999 -9999
9.62833 9.60750 9.85000 10.32000 10.26670 13.11330 13.19000 13.08000 13.59920 17.10330 17.24500 17.12670 17.41580 20.49330 20.09000 20.34420 20.16750 20.08080 20.29420 19.63330 19.98920 20.06170 17.18500 17.44420 17.06000 17.00920 16.61330 -9999 -9999 -9999 -9999 -9999 -9999 -9999 -9999 -9999 -9999 -9999 -9999 -9999 -9999 -9999 -9999 -9999 -9999 -9999 -9999 -9999 -9999 -9999 -9999 -9999 -9999 -9999 -9999 -9999 -9999 -9999 -9999 -9999 -9999 -9999 -9999 -9999 -9999 -9999 -9999 -9999 -9999 -9999 -9999 -9999
9.60667 9.79667 9.76750 9.97250 13.38500 13.66170 13.54670 13.37330 13.33830 16.48580 17.07330 17.43830 17.75170 20.71670 20.96250 20.59670 20.39670 20.00500 23.28250 20.43580 20.48750 20.54250 20.54000 20.46670 17.68170 17.22920 16.98670 16.59420 16.31830 13.38170 12.99000 12.71170 12.29330 11.65330 8.91250 8.52333 7.91333 7.79333 7.28417 6.78000 6.74417 6.30667 -9999 -9999 -9999 -9999 -9999 -9999 -9999 -9999 -9999 -9999 -9999 -9999 -9999 -9999 -9999 -9999 -9999 -9999 -9999 -9999 -9999 -9999 -9999 -9999 -9999 -9999 -9999 -9999 -9999 -9999
9.20083 9.29833 9.49667 12.40500 12.63830 12.90750 13.08670 13.19580 13.47580 16.24670 17.32500 17.47580 17.85500 20.91500 20.73420 20.65250 20.52670 20.17420 23.03580 23.23250 23.38250 20.82580 20.60250 20.32250 20.08250 17.20080 16.72830 16.56830 16.29580 16.01420 15.80330 12.42250 11.90500 11.74670 11.02500 10.53170 7.81667 7.24250 6.95000 6.92167 6.54000 6.12750 6.05917 -9999 -9999 -9999 -9999 -9999 -9999 -9999 -9999 -9999 -9999 -9999 -9999 -9999 -9999 -9999 -9999 -9999 -9999 -9999 -9999 -9999 -9999 -9999 -9999 -9999 -9999 -9999 -9999 -9999
11.38080 11.68250 11.78670 11.75580 12.15580 12.74580 12.97330 15.73670 16.01750 16.03330 16.44170 17.37420 17.39330 20.38500 19.93580 20.04250 19.40080 19.56670 22.75250 22.33750 22.53420 20.27500 20.11670 20.00330 19.76830 19.83500 19.86000 19.13920 15.89830 15.63330 15.20170 14.66080 14.33250 11.45080 11.05000 10.42670 9.98500 9.47667 9.14167 8.84833 6.65667 6.58167 6.36833 -9999 -9999 -9999 -9999 -9999 -9999 -9999 -9999 -9999 -9999 -9999 -9999 -9999 -9999 -9999 5.19667 5.27167 -9999 -9999 -9999 -9999 6.89833 8.31500 8.49000 8.35417 8.46917 8.45583 10.48750 10.50170
11.03420 11.34580 11.24830 11.45920 11.36080 11.49670 11.68830 14.55170 14.80920 15.44080 16.29000 16.25500 16.26920 19.62500 19.41420 18.91830 18.28750 18.36580 18.48750 21.62750 21.60670 22.03750 18.51920 18.56750 19.01920 18.88080 18.92250 18.48420 18.53170 18.04750 14.83920 14.85330 14.06170 13.59170 13.10920 10.37580 10.00330 9.82833 9.42250 9.17750 9.09083 8.81167 8.56083 7.94000 7.75750 7.37500 7.25083 6.98417 6.83250 6.67000 6.62250 6.37083 6.31000 6.44750 6.42250 6.39750 6.38917 6.67167 6.58083 6.68750 -9999 -9999 -9999 -9999 -9999 8.34667 9.64000 9.68000 9.79167 11.45250 11.55330 11.89670
10.91170 10.81580 11.16250 11.32500 11.44330 11.35420 11.49500 11.87830 11.77830 12.18500 14.61920 15.45080 15.68670 15.27670 17.63670 17.65330 18.06500 17.40830 17.25750 17.38330 17.66250 17.34670 17.78920 18.23250 17.97580 17.94500 18.10580 18.04830 17.94000 17.99920 17.40670 16.87330 14.01330 13.61750 13.68420 12.82750 12.43500 12.06500 9.51250 9.18333 9.15167 8.94583 8.70833 8.42250 8.07500 7.82833 7.69417 9.03000 8.77167 8.49500 8.22167 8.02083 7.88667 7.73583 7.84167 7.93583 7.77167 7.79333 7.94000 7.98667 7.86667 8.25250 8.27417 9.50000 9.53583 9.48083 9.26167 10.90750 10.98330 12.60920 12.83920 14.70170
12.56250 10.79170 10.71330 13.02080 11.11750 11.00330 10.87000 11.00500 11.29080 11.37080 14.40500 14.48670 14.21500 14.34920 16.67420 16.48920 16.50420 16.40000 16.35920 16.34750 16.64250 17.18670 19.34750 19.84920 19.70580 19.75920 20.22670 20.24000 17.66000 17.79830 17.29670 16.81420 16.41920 16.03830 13.56170 12.99250 12.62250 12.08000 11.42000 11.38500 11.20420 11.00830 10.54250 10.56750 10.00500 9.75250 9.41500 9.25083 8.94417 8.65333 8.21417 8.13667 9.45917 9.08333 9.18750 9.08667 8.88583 8.93333 9.19000 9.11417 10.46080 10.38420 9.14500 10.66250 10.69330 10.65420 10.66750 12.31750 12.51580 14.27330 14.91920 15.97000
12.12670 9.96750 10.51000 10.63250 10.90420 10.88750 10.77170 11.09830 11.06330 10.49000 11.02250 13.31250 13.42500 13.45330 13.42670 13.40420 15.47670 15.92830 15.68420 15.37330 18.17500 18.21420 18.81250 19.20830 19.09920 19.43830 19.36750 19.87580 19.90670 19.88420 19.89170 16.74250 16.34250 16.02500 15.04080 14.72250 12.27170 12.26250 12.01250 11.24580 11.09580 10.90830 10.84500 10.36080 10.03000 9.96333 9.71333 9.36250 10.56580 10.53670 9.88250 9.47667 9.37083 9.20500 9.33583 10.47580 10.12670 10.24420 10.24670 10.29250 11.67920 11.44750 11.74670 11.90920 11.84170 13.14920 13.50920 13.56250 14.04250 15.56580 16.34170 18.05250
12.14250 12.26330 12.14750 10.41500 10.50000 10.52500 10.44500 10.76580 10.49580 13.12830 12.90170 12.92500 12.93670 12.68580 12.99170 13.44330 13.49670 15.52500 15.56830 15.49670 15.55170 17.83080 18.46080 18.85830 18.01080 18.19420 18.44580 18.66500 19.16420 19.47920 19.12170 18.93670 18.57580 15.71330 15.42500 15.29500 14.78500 14.48670 13.99500 13.71580 13.46830 13.21000 12.88830 12.50500 12.31420 12.18670 11.85500 11.29500 10.95580 12.32500 11.92670 11.46500 11.35330 11.11500 12.23330 12.08330 11.92080 11.82500 11.64830 11.73000 11.78750 13.14750 13.15330 14.77000 14.99000 14.94500 15.13580 15.37580 16.96670 17.16250 17.85670 18.57830
11.56670 12.02670 12.24080 12.57000 10.85500 11.00170 10.96500 11.28830 11.08250 13.18500 13.07500 14.93670 15.02250 15.16170 12.75920 12.73920 12.97920 13.63500 16.17080 16.11330 16.03670 15.75170 18.05920 18.25670 18.56500 21.17750 21.68920 21.68580 21.62830 21.80420 19.22750 19.13830 18.82250 18.44170 18.14170 17.97670 17.44330 14.70500 14.63330 14.29830 14.06920 13.95670 13.33670 13.24670 12.72670 12.52000 12.34500 12.08170 13.23670 12.70920 12.47500 13.79420 13.66500 13.28750 14.60250 14.36500 14.35000 14.17580 15.37250 15.45330 15.57830 15.49750 15.71750 16.85170 16.70250 16.85250 17.05580 17.24920 17.78750 19.37750 19.80670 20.47670
11.90580 12.25080 12.54750 12.96830 13.24330 13.79000 13.63580 14.06250 11.64330 11.79000 13.63920 13.37830 13.31330 15.41000 15.28250 15.15750 15.48500 15.77330 16.08830 15.83000 16.29170 16.02830 18.47920 18.92330 21.95750 21.70580 22.27420 22.29170 22.23580 22.03830 22.07830 21.35670 21.16330 18.39170 18.41830 18.14330 17.95750 17.74580 17.24080 17.15000 16.86920 14.54330 16.00000 15.85920 15.36920 14.95830 14.82920 14.10500 13.71250 15.21080 14.80580 16.15420 16.05420 17.48080 17.30500 18.93000 18.22830 18.06750 18.06250 17.87580 18.52500 20.00920 19.93580 19.56580 19.41420 19.26420 19.56750 19.83000 20.38330 20.44000 22.64830 23.04250
12.21580 12.57080 13.15670 13.31420 15.97000 14.14750 14.44250 14.72580 14.78420 14.70580 14.26500 13.98170 13.56920 13.82250 13.44580 15.59670 15.75830 15.98920 16.22330 16.55330 19.01920 19.11750 19.39670 19.56670 22.47750 22.71420 22.70170 25.17170 24.85670 24.96670 21.96670 21.91000 21.46080 21.07170 18.50580 18.33830 18.15420 17.78670 18.04170 17.31830 17.37670 17.21670 17.04250 16.43500 16.23420 17.53080 16.99000 16.33170 18.07250 17.49250 18.87750 19.11420 20.68420 20.45080 22.41170 21.57750 20.85750 20.64830 21.46250 21.54250 23.69080 23.56580 23.39420 24.57080 22.49420 22.26500 21.89080 22.31000 22.68000 22.90670 25.27920 27.13330
12.45920 12.63580 13.00000 13.61670 16.07920 14.33170 16.97500 15.20000 15.34750 15.03000 17.21830 17.19330 14.51080 16.40670 16.37670 15.76250 13.95580 16.12330 18.72080 19.00580 19.18080 19.35330 19.38170 19.88080 22.39000 22.75080 25.09920 25.33920 25.06000 24.94750 24.74670 24.67420 21.33330 20.95920 20.56170 20.38250 20.59750 20.24000 20.07080 20.27500 19.86500 19.41000 19.42580 16.71420 16.44580 18.06330 17.65330 19.29080 21.02080 20.24750 22.00330 21.78500 24.17000 23.95170 25.82250 24.96920 26.34330 26.19000 26.35080 26.73330 27.00580 27.07830 28.31920 28.00750 27.29670 25.01000 24.83830 24.62330 25.07000 25.23670 27.26580 31.18330
11.96670 12.14170 12.90920 13.62000 13.78250 14.24580 14.52080 15.29580 15.41920 15.17080 14.97750 14.99670 14.81420 17.09250 16.64580 16.35000 16.65330 16.69750 16.82670 16.96080 19.23830 19.65750 19.80170 22.55830 22.69250 25.26500 25.24920 25.25170 25.18420 25.02420 24.88330 24.86250 24.42920 21.20920 21.06500 20.46330 20.35170 20.23920 19.71330 19.94670 19.46920 19.26830 19.41330 19.39250 19.69670 19.51080 21.62420 23.20330 24.76330 24.58330 24.43330 26.38580 28.25830 28.88250 27.98830 28.94250 28.47170 28.80500 29.21920 31.26170 31.24920 31.02830 30.93170 30.36170 30.08750 29.28500 27.32670 27.13330 27.64000 27.66500 30.91000 33.42750
11.49750 11.67830 12.41170 12.89420 13.40080 13.90670 14.64500 15.37750 15.10170 14.99920 17.41830 14.81750 14.75830 14.71920 17.24580 17.09080 17.75750 17.65080 17.46830 17.78170 17.70580 20.66170 20.91830 24.00250 26.57250 26.14170 25.76750 28.23500 28.81580 28.01080 27.46420 25.16000 24.86500 24.31000 23.87000 23.41580 23.24330 22.61250 22.40170 22.08250 21.86170 21.61580 23.86670 21.61170 21.74000 22.21330 24.35920 24.09670 26.18170 27.73830 27.46500 29.08250 29.67420 28.94250 30.00080 31.31830 33.00080 33.16000 33.25330 33.55830 33.46170 33.09580 34.67170 34.22250 32.33830 32.33330 30.58750 30.72920 31.17580 34.07250 33.54920 36.02420
12.65830 13.45670 14.03670 14.57500 15.10080 13.42330 13.88170 14.63830 14.68670 14.43250 14.44250 17.24330 17.36250 15.01920 15.15580 17.98670 18.52670 18.20750 18.34670 18.73000 21.36000 22.10250 25.09750 25.18420 27.61330 30.30330 29.72750 29.16830 31.44080 31.18670 28.19080 28.44330 27.83580 25.02750 24.61580 24.11330 23.69500 23.23500 22.59170 24.19580 24.12170 23.63500 24.20000 24.38920 24.63580 24.97580 26.83670 29.59750 29.27750 31.51830 33.17920 32.22170 33.27250 34.01500 35.54250 37.07420 37.21500 37.67080 38.17500 37.76920 39.52250 38.65330 37.96830 37.46580 37.14750 35.27750 35.77330 36.32250 36.93420 37.26080 39.53750 40.32670
12.18250 12.70170 13.47670 13.82920 14.63670 15.01830 13.50670 14.01080 14.54500 14.42080 14.59250 17.35920 17.37920 18.27000 18.67500 18.98330 19.02080 19.28670 19.53920 22.56920 22.74500 22.60830 26.08420 26.36170 28.70080 30.63920 33.19500 32.61420 31.94580 32.06000 31.65330 31.05500 28.36330 28.04080 25.10670 24.92920 26.24170 26.09920 25.84830 27.60920 26.98250 27.10750 27.32670 27.49330 27.67500 28.25330 30.91670 33.76830 33.67000 36.12080 37.78250 40.14830 42.16000 43.67250 45.28330 43.43250 45.81920 45.05500 44.96000 43.92500 42.99420 42.37580 41.94750 42.93080 40.49000 40.40750 42.54170 41.23670 40.30670 42.56580 44.65830 46.50170
11.83170 14.69580 15.32500 15.98580 16.71170 17.42750 15.57750 16.23830 16.97170 17.16580 17.26920 18.12580 18.29670 21.41750 18.87500 19.58750 20.18250 20.33330 20.59670 20.84420 24.10920 27.64330 28.02330 28.00000 29.97670 31.92830 34.04920 36.13830 35.58080 34.47000 34.47750 31.69330 31.38170 31.22670 27.89670 27.82080 30.56170 29.79250 31.99000 29.51250 31.16330 31.33420 30.93000 30.99500 32.00670 32.80670 35.38000 35.44080 38.27750 40.01500 42.99000 46.64750 50.12580 53.08330 54.79250 56.12420 54.10500 51.28500 50.76670 49.24000 48.14080 49.30830 47.85920 49.66420 47.10250 47.03580 49.79670 50.09420 49.46750 49.11170 51.32170 52.43000
12.45830 14.97670 15.73750 16.44920 17.19580 20.47420 21.19080 19.82250 20.05330 20.27330 20.84580 21.23670 21.68250 21.90670 22.40170 23.16580 23.07750 20.33500 23.66000 23.92920 27.31830 29.09420 29.16420 28.55250 31.42330 33.16080 34.81250 36.97250 36.39080 38.30920 37.58830 34.81830 34.93920 34.26330 31.42000 31.75580 31.04330 33.11420 32.64830 32.02750 32.04330 33.90750 33.76330 31.92920 34.49330 35.34750 38.02580 39.96750 40.15330 -9999 -9999 49.82920 55.39920 58.32170 59.51580 60.03830 61.49830 59.83250 58.05670 57.02920 56.48000 58.24330 57.56920 57.22420 58.63500 58.10500 57.78000 56.77830 55.68750 58.05000 57.39420 60.26500
15.03580 15.90920 18.73170 19.79750 20.60580 21.62330 22.11920 22.82670 23.27500 23.49920 23.53500 24.10500 24.50830 24.88500 25.09500 25.75920 23.14500 23.41000 27.37420 28.82750 28.57670 28.88080 28.98830 32.01500 32.01080 33.42170 32.41170 34.65830 37.27750 39.28000 38.56080 41.06420 37.92080 37.55670 34.93080 34.39000 34.02000 34.07250 -9999 -9999 -9999 -9999 33.00170 -9999 36.35750 39.04580 41.18080 40.65670 43.41000 -9999 -9999 51.46170 54.82330 56.94170 57.47750 59.54670 59.63080 62.08750 62.09750 64.03330 64.49750 63.54830 65.66170 65.46830 67.14000 65.93250 65.20080 61.24080 64.27670 63.51500 65.00580 -9999
15.55670 19.44250 20.01920 21.16670 21.17170 24.87830 22.78500 23.38580 23.44080 23.89080 24.21250 24.25000 27.95170 28.03250 25.75250 25.48330 27.35830 31.19830 27.83920 31.86670 28.98830 32.85080 32.47250 31.97500 31.31750 30.81750 32.72420 35.10000 37.70580 42.93830 44.58420 44.08250 43.93580 41.24580 40.81920 37.22000 -9999 -9999 -9999 -9999 -9999 -9999 -9999 36.00250 37.37920 39.58250 -9999 -9999 -9999 -9999 -9999 53.96330 55.03000 56.63580 57.94000 57.26750 60.40580 63.73500 65.00920 68.90250 69.65170 72.88250 72.26920 71.20080 72.62920 71.06000 71.75830 69.52000 71.52920 -9999 -9999 -9999
