data/hydroclimate-scenarios/BCSD_hadcm_A1B/monthly_summaries/precip_monthly_tot_may.2030-2059.asc
ncols	311
nrows	91
xllcenter	102.75
yllcenter	31.75
cellsize	0.5
NODATA_value	-9999
[rows 0 to 31 of 91, columns 213 to 283 of 311]
-9999 -9999 -9999 -9999 -9999 -9999 -9999 -9999 -9999 -9999 -9999 -9999 -9999 -9999 -9999 -9999 -9999 -9999 -9999 -9999 -9999 -9999 -9999 -9999 -9999 -9999 -9999 -9999 -9999 -9999 -9999 -9999 -9999 -9999 -9999 -9999 -9999 -9999 -9999 -9999 -9999 -9999 -9999 -9999 -9999 -9999 -9999 -9999 -9999 -9999 -9999 -9999 -9999 -9999 -9999 -9999 -9999 -9999 -9999 -9999 -9999 -9999 -9999 -9999 -9999 -9999 -9999 -9999 -9999 -9999 -9999
-9999 -9999 -9999 -9999 -9999 -9999 -9999 -9999 -9999 -9999 -9999 -9999 -9999 -9999 -9999 -9999 -9999 -9999 -9999 -9999 -9999 -9999 -9999 -9999 -9999 -9999 -9999 -9999 -9999 -9999 -9999 -9999 -9999 -9999 -9999 -9999 -9999 -9999 -9999 -9999 -9999 -9999 -9999 -9999 -9999 -9999 -9999 -9999 -9999 -9999 -9999 -9999 -9999 -9999 -9999 -9999 -9999 -9999 -9999 -9999 -9999 -9999 -9999 -9999 -9999 -9999 -9999 -9999 -9999 -9999 -9999
-9999 -9999 -9999 -9999 -9999 -9999 -9999 -9999 -9999 -9999 -9999 -9999 -9999 -9999 -9999 -9999 -9999 -9999 -9999 -9999 -9999 -9999 -9999 -9999 -9999 -9999 -9999 -9999 -9999 -9999 -9999 -9999 -9999 -9999 -9999 -9999 -9999 -9999 -9999 -9999 -9999 -9999 -9999 -9999 -9999 -9999 -9999 -9999 -9999 -9999 -9999 -9999 -9999 -9999 -9999 -9999 -9999 -9999 -9999 -9999 -9999 -9999 -9999 -9999 -9999 -9999 -9999 -9999 -9999 -9999 -9999
-9999 -9999 -9999 -9999 -9999 -9999 -9999 -9999 -9999 -9999 -9999 -9999 -9999 -9999 -9999 -9999 -9999 -9999 -9999 -9999 -9999 -9999 -9999 -9999 -9999 -9999 -9999 -9999 -9999 -9999 -9999 -9999 -9999 -9999 -9999 -9999 -9999 -9999 -9999 -9999 -9999 -9999 -9999 -9999 -9999 -9999 -9999 -9999 -9999 -9999 -9999 -9999 -9999 -9999 -9999 -9999 -9999 -9999 -9999 -9999 -9999 -9999 -9999 -9999 -9999 -9999 -9999 -9999 -9999 -9999 -9999
-9999 -9999 -9999 -9999 -9999 -9999 -9999 -9999 -9999 -9999 -9999 -9999 -9999 -9999 -9999 -9999 -9999 -9999 -9999 -9999 -9999 -9999 -9999 -9999 -9999 -9999 -9999 -9999 -9999 -9999 -9999 -9999 -9999 -9999 -9999 -9999 -9999 -9999 -9999 -9999 -9999 -9999 -9999 -9999 -9999 -9999 -9999 -9999 -9999 -9999 -9999 -9999 -9999 -9999 -9999 -9999 -9999 -9999 -9999 -9999 -9999 -9999 -9999 -9999 -9999 -9999 -9999 -9999 -9999 -9999 -9999
-9999 -9999 -9999 -9999 -9999 -9999 -9999 -9999 -9999 -9999 -9999 -9999 -9999 -9999 -9999 -9999 -9999 -9999 -9999 -9999 -9999 -9999 -9999 -9999 -9999 -9999 -9999 -9999 -9999 -9999 -9999 -9999 -9999 -9999 -9999 -9999 -9999 -9999 -9999 -9999 -9999 -9999 -9999 -9999 -9999 -9999 -9999 -9999 -9999 -9999 -9999 -9999 -9999 -9999 -9999 -9999 -9999 -9999 -9999 -9999 -9999 -9999 -9999 -9999 -9999 -9999 -9999 -9999 -9999 -9999 -9999
-9999 -9999 -9999 -9999 -9999 -9999 -9999 -9999 -9999 -9999 -9999 -9999 -9999 -9999 -9999 -9999 -9999 -9999 -9999 -9999 -9999 -9999 -9999 -9999 -9999 -9999 -9999 -9999 -9999 -9999 -9999 -9999 -9999 -9999 -9999 -9999 -9999 -9999 -9999 -9999 -9999 -9999 -9999 -9999 -9999 -9999 -9999 -9999 -9999 -9999 -9999 -9999 -9999 -9999 -9999 -9999 -9999 -9999 -9999 -9999 -9999 -9999 -9999 -9999 -9999 -9999 -9999 -9999 -9999 -9999 -9999
-9999 -9999 -9999 -9999 -9999 -9999 -9999 -9999 -9999 -9999 -9999 -9999 -9999 -9999 -9999 -9999 -9999 -9999 -9999 -9999 -9999 -9999 -9999 -9999 -9999 -9999 -9999 -9999 -9999 -9999 -9999 -9999 -9999 -9999 -9999 -9999 -9999 -9999 -9999 -9999 -9999 -9999 -9999 -9999 -9999 -9999 -9999 -9999 -9999 -9999 -9999 -9999 -9999 -9999 -9999 -9999 -9999 -9999 -9999 -9999 -9999 -9999 -9999 -9999 -9999 -9999 -9999 -9999 -9999 -9999 -9999
-9999 -9999 -9999 -9999 -9999 -9999 -9999 -9999 -9999 -9999 -9999 -9999 -9999 -9999 -9999 -9999 -9999 -9999 -9999 -9999 -9999 -9999 -9999 -9999 -9999 -9999 -9999 -9999 -9999 -9999 -9999 -9999 -9999 -9999 -9999 -9999 -9999 -9999 -9999 -9999 -9999 -9999 -9999 -9999 -9999 -9999 -9999 -9999 -9999 -9999 -9999 -9999 -9999 -9999 -9999 -9999 -9999 -9999 -9999 -9999 -9999 -9999 -9999 -9999 -9999 -9999 -9999 -9999 -9999 -9999 -9999
-9999 -9999 -9999 -9999 -9999 -9999 -9999 -9999 -9999 -9999 -9999 -9999 -9999 -9999 -9999 -9999 -9999 -9999 -9999 -9999 -9999 -9999 -9999 -9999 -9999 -9999 -9999 -9999 -9999 -9999 -9999 -9999 -9999 -9999 -9999 -9999 -9999 -9999 -9999 -9999 -9999 -9999 -9999 -9999 -9999 -9999 -9999 -9999 -9999 -9999 -9999 -9999 -9999 -9999 -9999 -9999 -9999 -9999 -9999 -9999 -9999 -9999 -9999 -9999 -9999 -9999 -9999 -9999 -9999 -9999 -9999
-9999 -9999 -9999 -9999 -9999 -9999 -9999 -9999 -9999 -9999 -9999 -9999 -9999 -9999 -9999 -9999 -9999 -9999 -9999 -9999 -9999 -9999 -9999 -9999 -9999 -9999 -9999 -9999 -9999 -9999 -9999 -9999 -9999 -9999 -9999 -9999 -9999 -9999 -9999 -9999 -9999 -9999 -9999 -9999 -9999 -9999 -9999 -9999 -9999 -9999 -9999 -9999 -9999 -9999 -9999 -9999 -9999 -9999 -9999 -9999 -9999 -9999 -9999 -9999 -9999 -9999 -9999 -9999 -9999 -9999 -9999
-9999 -9999 -9999 -9999 -9999 -9999 -9999 -9999 -9999 -9999 -9999 -9999 -9999 -9999 -9999 -9999 -9999 -9999 -9999 -9999 -9999 -9999 -9999 -9999 -9999 -9999 -9999 -9999 -9999 -9999 -9999 -9999 -9999 -9999 -9999 -9999 -9999 -9999 -9999 -9999 -9999 -9999 -9999 -9999 -9999 -9999 -9999 -9999 -9999 -9999 -9999 -9999 -9999 -9999 -9999 -9999 -9999 -9999 -9999 -9999 -9999 -9999 -9999 -9999 -9999 -9999 -9999 -9999 -9999 -9999 -9999
-9999 -9999 -9999 -9999 -9999 -9999 -9999 -9999 -9999 -9999 -9999 -9999 -9999 -9999 -9999 -9999 -9999 -9999 -9999 -9999 -9999 -9999 -9999 -9999 -9999 -9999 -9999 -9999 -9999 -9999 -9999 -9999 -9999 -9999 -9999 -9999 -9999 -9999 -9999 -9999 -9999 -9999 -9999 -9999 -9999 -9999 -9999 -9999 -9999 -9999 -9999 -9999 -9999 -9999 -9999 -9999 -9999 -9999 -9999 -9999 -9999 -9999 -9999 -9999 -9999 -9999 -9999 -9999 -9999 -9999 -9999
8.56083 8.64000 8.72333 8.81833 8.92250 9.00500 -9999 -9999 -9999 -9999 -9999 -9999 -9999 -9999 -9999 -9999 -9999 -9999 -9999 -9999 -9999 -9999 -9999 -9999 -9999 -9999 -9999 -9999 -9999 -9999 -9999 -9999 -9999 -9999 -9999 -9999 -9999 -9999 -9999 -9999 -9999 -9999 -9999 -9999 -9999 -9999 -9999 9.65250 -9999 -9999 -9999 -9999 -9999 -9999 -9999 -9999 -9999 -9999 -9999 -9999 -9999 -9999 -9999 -9999 -9999 -9999 -9999 -9999 -9999 -9999 -9999
8.62917 8.86583 9.09250 9.39833 9.65667 9.85000 9.60917 9.84500 10.26830 10.50670 11.87500 12.70000 12.54170 11.76920 11.53420 10.97830 10.33330 8.76333 27.96920 -9999 -9999 -9999 -9999 -9999 -9999 -9999 -9999 -9999 -9999 -9999 -9999 -9999 -9999 -9999 -9999 -9999 -9999 -9999 -9999 -9999 -9999 -9999 5.61417 7.70750 7.75833 7.67750 8.66250 9.58833 10.27920 -9999 -9999 -9999 11.62920 -9999 -9999 -9999 12.62170 11.66330 12.15000 -9999 -9999 -9999 -9999 -9999 -9999 -9999 -9999 -9999 -9999 -9999 -9999
9.03500 9.38833 10.26080 10.70170 10.81750 10.80000 11.77580 13.73420 15.41250 16.60080 17.24250 12.71500 20.96170 23.40750 12.71830 22.12000 19.45670 16.66920 9.02833 7.10250 6.39417 6.93167 8.24250 11.36830 11.19330 -9999 -9999 -9999 -9999 -9999 14.73670 13.67920 12.72250 11.75920 10.30750 7.69417 6.81167 7.20417 7.70500 7.32667 7.90000 8.25583 6.24750 6.51083 6.64500 7.87667 7.87833 8.97000 11.13420 12.20670 11.86830 11.58670 12.63750 12.30830 12.41500 12.51080 12.75080 11.59580 11.96750 12.22080 12.40330 12.62420 12.68330 12.81170 -9999 -9999 -9999 -9999 -9999 -9999 -9999
11.87250 12.89000 13.36830 14.55330 14.18580 15.22420 19.05170 23.34920 23.88500 25.65170 13.23420 26.49830 37.36250 39.19250 31.40000 26.19170 20.54920 18.95080 13.16750 14.79670 12.64420 9.69583 10.29670 9.70833 10.47750 11.62920 14.46000 15.66000 16.36080 17.32170 18.03830 17.40580 18.12830 16.27750 15.82830 14.20000 11.65330 10.78830 9.71583 10.08580 9.23250 9.29417 9.59500 9.78750 10.05420 10.03920 11.30750 11.22420 12.38830 12.25000 13.13750 13.35500 13.34330 13.11250 12.93830 13.26170 13.41170 13.24670 13.21170 13.51420 13.81500 12.75920 12.84750 12.92670 13.01830 13.27330 11.93920 11.98920 12.01000 13.63000 15.30920
21.32580 23.49670 25.51330 27.16500 25.59920 27.30080 24.26500 23.08080 24.08000 23.85170 22.69830 23.37080 31.50000 25.59500 16.74330 14.45750 14.71500 13.73580 25.24330 21.19250 17.56920 13.26580 16.17670 14.96670 13.31330 13.02170 13.03250 14.44080 15.64580 16.76000 18.81330 20.92420 21.92670 21.85830 22.05420 20.27580 17.02500 14.27250 13.19420 13.39580 12.10170 12.17750 10.77830 10.74250 10.90830 13.43080 13.50830 13.26500 14.40080 14.17920 15.33580 14.91920 14.73330 14.61670 14.88670 15.02670 15.27000 15.21170 15.30250 14.20670 14.19330 14.37500 14.44920 14.54500 14.65750 13.31920 13.65830 15.44580 15.51500 17.26420 19.21920
18.29580 19.35750 17.53830 19.10330 20.83830 18.77420 17.32330 18.39920 17.60420 15.98170 17.25170 18.39750 15.31670 10.40580 11.37830 11.46830 10.95250 10.42830 20.68420 15.82920 16.78500 17.38920 17.84580 19.16920 14.63170 14.58830 15.77170 14.21920 15.53080 15.52250 19.54080 21.53750 22.43920 23.48580 22.63500 20.76580 19.41000 16.72580 15.59250 14.35830 14.09670 12.79170 12.80750 12.67420 13.47670 14.40830 14.54830 14.20330 15.14580 15.19750 16.17500 15.49580 15.51580 15.44920 15.56920 15.85420 16.03420 17.13750 15.86080 15.98080 16.24420 16.17330 14.93170 15.16580 15.15420 15.19170 15.47580 17.25750 17.20500 18.98580 21.21750
20.67670 22.51080 23.70170 19.95420 18.84000 18.18080 16.20830 16.19670 13.44250 11.91420 10.66670 9.83917 9.83167 9.51750 10.35420 11.00670 10.74580 11.48920 20.37500 18.38500 18.01250 18.95080 17.42670 18.68330 14.54670 15.61330 18.14330 19.38000 19.52580 16.54330 20.56920 21.67170 22.47080 23.26250 22.76420 22.04500 20.90080 19.67250 17.24330 16.62170 15.33580 15.88830 14.54250 14.48170 14.64250 14.75920 15.54830 15.65330 15.48250 15.34670 16.44080 16.12830 16.19420 16.01000 16.07330 16.86170 17.29670 17.78670 17.83250 17.77830 17.95500 18.11170 16.80000 16.84170 16.97500 16.98250 16.33830 16.47830 18.18670 19.73670 21.16830
30.67250 44.45330 46.90250 31.24750 24.07670 20.38000 18.82500 17.30170 11.60920 10.12920 10.21920 10.78420 11.28420 11.33420 10.94580 12.16000 13.09000 14.22500 19.31500 19.13000 17.28170 16.26250 18.90420 17.49750 15.19420 16.46670 18.73750 18.44420 18.21920 18.02080 17.66000 21.35670 21.35250 22.01750 21.57580 21.44000 20.38750 19.16580 19.23670 18.02500 17.89920 16.57250 16.42580 16.55830 16.52580 16.39920 16.51500 16.40580 17.70330 17.43830 17.50250 17.37250 17.19670 17.30250 17.13580 17.48580 17.39080 17.58000 17.33250 17.89420 20.00170 18.96920 17.95750 18.79080 17.72830 17.52250 17.65580 16.87080 18.17000 18.15830 19.33670
40.52330 37.73920 30.64670 19.14500 15.68580 17.08080 17.26000 17.52420 14.73920 13.45000 12.07580 11.45330 11.27580 11.56330 12.76580 12.78330 14.54420 14.89920 22.22250 22.09250 18.19750 14.21500 14.40580 16.39000 15.73250 18.23170 19.29000 19.09080 18.84420 18.75580 17.06750 19.28580 20.05920 20.83000 20.58500 20.98920 19.96750 20.04830 19.97000 18.74920 18.79920 18.53500 18.28830 18.45500 17.11330 18.58080 18.57830 18.42420 18.45170 18.48920 19.74750 19.22170 19.25080 19.33080 19.09250 18.17580 17.94670 18.27500 18.57080 20.34250 19.70500 20.05330 20.41500 19.04830 18.13000 16.84080 16.41080 16.29080 17.28580 17.36420 17.23420
40.73580 28.96500 24.45920 24.86170 27.06000 32.55000 40.12920 44.30670 36.67830 30.10500 26.29580 21.82080 19.38170 14.33420 17.47920 19.29830 24.26670 20.95250 23.89580 24.57500 19.74500 16.71920 14.23170 15.80670 14.85750 17.11080 17.06000 17.06000 18.31830 19.30670 19.06420 19.50580 19.32580 19.21830 19.05830 19.44500 18.36170 18.65920 18.66170 18.62670 18.57420 19.52170 19.52420 19.41420 19.66170 20.72750 20.40330 20.61500 20.77500 20.66420 20.64170 20.68080 20.55080 20.43750 20.45000 20.38920 19.44500 21.65250 20.77170 19.67670 21.54920 20.74080 19.82080 18.49920 17.54000 17.96170 17.14830 16.02670 17.03330 17.06000 16.82750
26.75920 30.32420 34.36500 27.90330 23.28330 29.64170 37.53080 39.73330 39.61000 39.80080 38.69330 38.76670 41.35420 36.50670 34.75420 29.14420 25.41920 23.63750 27.66750 25.41080 22.47420 17.33170 16.28500 17.18750 15.76830 15.34670 16.43080 16.44080 16.45420 17.48330 18.50330 18.07330 17.70830 16.26830 16.70750 15.82920 15.96000 15.83170 17.28420 18.32250 18.19000 18.06500 20.47500 20.49500 21.70250 21.63670 22.87330 23.13420 23.23080 23.02170 22.95750 22.57500 22.78170 22.76330 21.69000 21.72500 22.81580 21.95170 22.17080 20.19250 20.51750 20.83500 20.96250 19.92250 18.77920 17.44500 17.14580 17.20830 16.01250 15.94830 16.88170
23.29670 22.14420 22.35170 21.21750 21.83330 23.39000 22.25170 23.67670 32.78420 33.66580 36.52080 40.08580 47.23670 49.00250 51.49250 45.33580 40.70000 31.55750 26.89670 28.50670 26.61420 18.60170 17.45920 16.05080 15.78250 15.48830 14.20920 15.16330 16.43830 16.53750 15.26250 14.87830 14.60830 14.52580 13.54580 14.65750 14.88670 14.93670 15.99580 17.38830 18.30500 19.29920 20.57580 21.52830 22.70670 22.96000 23.93080 25.09420 24.91080 24.77580 24.59330 24.82080 24.69080 23.66170 23.57250 23.56830 22.53420 22.65420 21.88500 22.27080 21.21170 20.13420 20.32750 19.76170 18.46170 17.75330 16.65750 16.37670 15.04830 15.13170 15.13830
25.13250 23.32170 22.99920 22.92250 24.50000 25.60000 29.14580 33.21330 33.46330 32.63580 35.45580 38.29670 41.98170 43.10750 40.45750 32.05250 28.86000 27.68500 28.81420 26.45920 24.88420 24.00080 20.54000 21.73420 18.31920 16.93250 16.62750 16.54080 16.67500 17.79920 17.65330 17.45330 15.76580 15.83670 14.82250 14.90500 16.06250 16.21080 17.06250 18.23170 19.39670 20.43580 22.72830 23.67170 24.96830 26.06420 26.86750 26.85170 27.88750 27.56000 27.90330 26.74920 26.96250 25.56920 25.58250 24.47420 24.51750 23.50500 23.51170 22.21170 21.05170 21.12330 20.24330 19.80170 18.49920 18.84330 18.34420 17.14000 15.51580 15.07920 15.09920
34.22250 34.92580 33.48750 32.98750 30.25080 41.99500 55.52580 74.08580 78.29000 70.52500 57.25000 62.44000 41.36830 25.01750 22.50000 28.09750 26.87500 26.02080 31.36500 27.67500 27.37580 25.48330 24.83830 24.88250 21.75830 21.49250 21.18580 20.08080 20.12670 21.17080 21.13330 18.55000 17.06080 17.16500 17.15750 17.13420 17.44500 18.06830 18.29330 19.32250 21.58670 22.45920 24.52250 25.59420 26.61420 28.44000 28.52250 29.35670 29.20580 29.29750 29.13250 29.14000 28.38080 28.57920 27.33750 25.90000 25.91420 24.76420 24.72080 23.81080 22.66420 21.58750 20.98420 20.18080 19.25000 18.20080 17.76420 16.74080 15.60170 14.73750 14.74580
96.24920 87.53250 47.44250 34.21920 32.93670 35.63920 50.65500 57.68500 71.96170 79.12420 65.52920 102.90200 89.87420 76.40750 60.04670 36.10670 26.25000 28.42420 34.61750 33.15500 31.84670 30.96420 30.07500 32.83420 22.42920 22.82580 21.27750 22.33170 20.94920 20.52670 19.60080 17.53170 15.98670 17.20080 16.13000 15.88000 16.97670 18.01420 19.06920 19.99830 22.06670 24.21250 26.51670 28.32170 29.13750 30.02080 30.66250 30.19080 31.27670 31.39250 31.63830 30.74580 30.84170 29.99330 29.10750 28.00330 27.83330 26.70170 26.64250 25.17330 24.58420 23.23000 22.19330 21.39920 21.24250 19.48580 18.55420 17.61670 16.65670 15.74580 15.68750
126.53800 85.59330 57.41500 39.14500 31.10420 42.92170 77.66750 54.37830 44.88580 41.20330 36.23250 36.88250 38.11250 48.36920 47.36080 52.39750 46.56580 32.82750 45.47920 43.53500 40.03670 39.31250 42.19500 37.25830 20.98830 18.66250 20.88920 20.47330 20.17420 20.07830 18.88670 17.41580 15.21330 14.32920 14.49080 15.61580 16.60920 17.50580 19.30750 21.30080 22.45500 25.48830 26.59330 29.56750 31.34830 31.89170 33.04000 32.50920 32.63580 32.77580 33.09170 33.44420 33.55830 32.93670 32.11330 30.96830 30.89080 29.36750 27.96420 26.58920 25.87920 24.57750 22.65250 21.90080 21.90750 21.09750 20.40750 19.87920 18.89920 17.75330 17.99420
64.26580 54.74920 64.96920 68.64330 84.61420 101.77200 76.90750 60.72250 38.87670 34.06250 28.26330 30.19500 53.33750 84.49920 82.68080 74.70670 66.41580 60.40330 56.12420 52.18500 52.30830 69.23080 62.14500 46.94580 38.58500 32.06080 27.13670 17.91250 18.74580 19.66080 17.39330 15.65750 14.33080 13.00920 14.61250 14.36170 17.56000 18.43500 20.42250 22.32420 24.31580 26.13670 28.66670 29.49670 32.30670 33.63750 33.65330 33.61670 33.75670 34.21670 35.65500 35.94920 36.46750 36.42920 36.15580 35.08670 34.10000 32.40500 29.65920 28.12580 27.61330 26.53750 25.86420 24.23000 24.01670 22.29170 21.82750 20.83500 19.96750 20.01920 20.54500
47.51000 35.45330 44.92420 74.41500 63.94830 53.23830 92.59580 120.77800 104.52100 59.04250 43.38000 33.60920 44.67250 63.40000 110.08200 126.47800 110.24800 99.25330 87.55250 82.41330 75.00920 89.72920 73.90830 58.87500 43.77080 34.71920 29.59500 30.78580 25.08750 23.92250 21.09170 18.21170 17.54670 16.69750 15.81330 18.18830 19.01920 20.35420 22.40000 24.64170 25.52170 26.90920 29.20250 31.12000 33.99250 35.61750 35.36830 35.23080 36.74670 37.37920 37.96500 39.75080 40.09080 40.36000 40.80670 39.87920 38.52500 35.96750 33.08250 30.47750 29.43670 28.87250 27.46250 27.10830 25.50000 24.94830 22.88000 23.47420 22.38580 22.47080 21.32000
53.52830 -9999 30.26080 57.51670 165.30600 418.51700 -9999 491.52600 344.15100 190.82001 127.27600 69.08750 71.82000 61.86000 63.65750 59.05170 45.94580 85.65500 136.14200 133.52600 131.44200 97.61170 101.24100 83.22580 66.61080 47.27330 35.83000 29.05670 26.36250 24.30330 23.97750 22.18080 19.89750 19.04000 18.86580 19.36330 21.08250 22.78250 22.90420 24.35500 26.31170 27.47580 29.83250 32.48580 34.09080 34.75250 35.36750 36.09250 36.78830 38.70920 40.44420 41.49750 42.80500 43.31670 43.26580 43.06750 40.93920 38.50250 36.34170 34.34420 33.48500 31.93170 30.79670 29.33000 28.52330 26.65250 25.83170 24.61420 25.33750 25.01170 27.60500
