data/hydroclimate-scenarios/BCSD_hadcm_A1B/monthly_summaries/precip_monthly_tot_aug.2070-2099.asc
ncols	311
nrows	91
xllcenter	102.75
yllcenter	31.75
cellsize	0.5
NODATA_value	-9999
[rows 0 to 30 of 91, columns 213 to 283 of 311]
-9999 -9999 -9999 -9999 -9999 -9999 -9999 -9999 -9999 -9999 -9999 -9999 -9999 -9999 -9999 -9999 -9999 -9999 -9999 -9999 -9999 -9999 -9999 -9999 -9999 -9999 -9999 -9999 -9999 -9999 -9999 -9999 -9999 -9999 -9999 -9999 -9999 -9999 -9999 -9999 -9999 -9999 -9999 -9999 -9999 -9999 -9999 -9999 -9999 -9999 -9999 -9999 -9999 -9999 -9999 -9999 -9999 -9999 -9999 -9999 -9999 -9999 -9999 -9999 -9999 -9999 -9999 -9999 -9999 -9999 -9999
-9999 -9999 -9999 -9999 -9999 -9999 -9999 -9999 -9999 -9999 -9999 -9999 -9999 -9999 -9999 -9999 -9999 -9999 -9999 -9999 -9999 -9999 -9999 -9999 -9999 -9999 -9999 -9999 -9999 -9999 -9999 -9999 -9999 -9999 -9999 -9999 -9999 -9999 -9999 -9999 -9999 -9999 -9999 -9999 -9999 -9999 -9999 -9999 -9999 -9999 -9999 -9999 -9999 -9999 -9999 -9999 -9999 -9999 -9999 -9999 -9999 -9999 -9999 -9999 -9999 -9999 -9999 -9999 -9999 -9999 -9999
-9999 -9999 -9999 -9999 -9999 -9999 -9999 -9999 -9999 -9999 -9999 -9999 -9999 -9999 -9999 -9999 -9999 -9999 -9999 -9999 -9999 -9999 -9999 -9999 -9999 -9999 -9999 -9999 -9999 -9999 -9999 -9999 -9999 -9999 -9999 -9999 -9999 -9999 -9999 -9999 -9999 -9999 -9999 -9999 -9999 -9999 -9999 -9999 -9999 -9999 -9999 -9999 -9999 -9999 -9999 -9999 -9999 -9999 -9999 -9999 -9999 -9999 -9999 -9999 -9999 -9999 -9999 -9999 -9999 -9999 -9999
-9999 -9999 -9999 -9999 -9999 -9999 -9999 -9999 -9999 -9999 -9999 -9999 -9999 -9999 -9999 -9999 -9999 -9999 -9999 -9999 -9999 -9999 -9999 -9999 -9999 -9999 -9999 -9999 -9999 -9999 -9999 -9999 -9999 -9999 -9999 -9999 -9999 -9999 -9999 -9999 -9999 -9999 -9999 -9999 -9999 -9999 -9999 -9999 -9999 -9999 -9999 -9999 -9999 -9999 -9999 -9999 -9999 -9999 -9999 -9999 -9999 -9999 -9999 -9999 -9999 -9999 -9999 -9999 -9999 -9999 -9999
-9999 -9999 -9999 -9999 -9999 -9999 -9999 -9999 -9999 -9999 -9999 -9999 -9999 -9999 -9999 -9999 -9999 -9999 -9999 -9999 -9999 -9999 -9999 -9999 -9999 -9999 -9999 -9999 -9999 -9999 -9999 -9999 -9999 -9999 -9999 -9999 -9999 -9999 -9999 -9999 -9999 -9999 -9999 -9999 -9999 -9999 -9999 -9999 -9999 -9999 -9999 -9999 -9999 -9999 -9999 -9999 -9999 -9999 -9999 -9999 -9999 -9999 -9999 -9999 -9999 -9999 -9999 -9999 -9999 -9999 -9999
-9999 -9999 -9999 -9999 -9999 -9999 -9999 -9999 -9999 -9999 -9999 -9999 -9999 -9999 -9999 -9999 -9999 -9999 -9999 -9999 -9999 -9999 -9999 -9999 -9999 -9999 -9999 -9999 -9999 -9999 -9999 -9999 -9999 -9999 -9999 -9999 -9999 -9999 -9999 -9999 -9999 -9999 -9999 -9999 -9999 -9999 -9999 -9999 -9999 -9999 -9999 -9999 -9999 -9999 -9999 -9999 -9999 -9999 -9999 -9999 -9999 -9999 -9999 -9999 -9999 -9999 -9999 -9999 -9999 -9999 -9999
-9999 -9999 -9999 -9999 -9999 -9999 -9999 -9999 -9999 -9999 -9999 -9999 -9999 -9999 -9999 -9999 -9999 -9999 -9999 -9999 -9999 -9999 -9999 -9999 -9999 -9999 -9999 -9999 -9999 -9999 -9999 -9999 -9999 -9999 -9999 -9999 -9999 -9999 -9999 -9999 -9999 -9999 -9999 -9999 -9999 -9999 -9999 -9999 -9999 -9999 -9999 -9999 -9999 -9999 -9999 -9999 -9999 -9999 -9999 -9999 -9999 -9999 -9999 -9999 -9999 -9999 -9999 -9999 -9999 -9999 -9999
-9999 -9999 -9999 -9999 -9999 -9999 -9999 -9999 -9999 -9999 -9999 -9999 -9999 -9999 -9999 -9999 -9999 -9999 -9999 -9999 -9999 -9999 -9999 -9999 -9999 -9999 -9999 -9999 -9999 -9999 -9999 -9999 -9999 -9999 -9999 -9999 -9999 -9999 -9999 -9999 -9999 -9999 -9999 -9999 -9999 -9999 -9999 -9999 -9999 -9999 -9999 -9999 -9999 -9999 -9999 -9999 -9999 -9999 -9999 -9999 -9999 -9999 -9999 -9999 -9999 -9999 -9999 -9999 -9999 -9999 -9999
-9999 -9999 -9999 -9999 -9999 -9999 -9999 -9999 -9999 -9999 -9999 -9999 -9999 -9999 -9999 -9999 -9999 -9999 -9999 -9999 -9999 -9999 -9999 -9999 -9999 -9999 -9999 -9999 -9999 -9999 -9999 -9999 -9999 -9999 -9999 -9999 -9999 -9999 -9999 -9999 -9999 -9999 -9999 -9999 -9999 -9999 -9999 -9999 -9999 -9999 -9999 -9999 -9999 -9999 -9999 -9999 -9999 -9999 -9999 -9999 -9999 -9999 -9999 -9999 -9999 -9999 -9999 -9999 -9999 -9999 -9999
-9999 -9999 -9999 -9999 -9999 -9999 -9999 -9999 -9999 -9999 -9999 -9999 -9999 -9999 -9999 -9999 -9999 -9999 -9999 -9999 -9999 -9999 -9999 -9999 -9999 -9999 -9999 -9999 -9999 -9999 -9999 -9999 -9999 -9999 -9999 -9999 -9999 -9999 -9999 -9999 -9999 -9999 -9999 -9999 -9999 -9999 -9999 -9999 -9999 -9999 -9999 -9999 -9999 -9999 -9999 -9999 -9999 -9999 -9999 -9999 -9999 -9999 -9999 -9999 -9999 -9999 -9999 -9999 -9999 -9999 -9999
-9999 -9999 -9999 -9999 -9999 -9999 -9999 -9999 -9999 -9999 -9999 -9999 -9999 -9999 -9999 -9999 -9999 -9999 -9999 -9999 -9999 -9999 -9999 -9999 -9999 -9999 -9999 -9999 -9999 -9999 -9999 -9999 -9999 -9999 -9999 -9999 -9999 -9999 -9999 -9999 -9999 -9999 -9999 -9999 -9999 -9999 -9999 -9999 -9999 -9999 -9999 -9999 -9999 -9999 -9999 -9999 -9999 -9999 -9999 -9999 -9999 -9999 -9999 -9999 -9999 -9999 -9999 -9999 -9999 -9999 -9999
-9999 -9999 -9999 -9999 -9999 -9999 -9999 -9999 -9999 -9999 -9999 -9999 -9999 -9999 -9999 -9999 -9999 -9999 -9999 -9999 -9999 -9999 -9999 -9999 -9999 -9999 -9999 -9999 -9999 -9999 -9999 -9999 -9999 -9999 -9999 -9999 -9999 -9999 -9999 -9999 -9999 -9999 -9999 -9999 -9999 -9999 -9999 -9999 -9999 -9999 -9999 -9999 -9999 -9999 -9999 -9999 -9999 -9999 -9999 -9999 -9999 -9999 -9999 -9999 -9999 -9999 -9999 -9999 -9999 -9999 -9999
-9999 -9999 -9999 -9999 -9999 -9999 -9999 -9999 -9999 -9999 -9999 -9999 -9999 -9999 -9999 -9999 -9999 -9999 -9999 -9999 -9999 -9999 -9999 -9999 -9999 -9999 -9999 -9999 -9999 -9999 -9999 -9999 -9999 -9999 -9999 -9999 -9999 -9999 -9999 -9999 -9999 -9999 -9999 -9999 -9999 -9999 -9999 -9999 -9999 -9999 -9999 -9999 -9999 -9999 -9999 -9999 -9999 -9999 -9999 -9999 -9999 -9999 -9999 -9999 -9999 -9999 -9999 -9999 -9999 -9999 -9999
44.81330 44.95330 45.45670 45.27670 45.41420 45.75250 -9999 -9999 -9999 -9999 -9999 -9999 -9999 -9999 -9999 -9999 -9999 -9999 -9999 -9999 -9999 -9999 -9999 -9999 -9999 -9999 -9999 -9999 -9999 -9999 -9999 -9999 -9999 -9999 -9999 -9999 -9999 -9999 -9999 -9999 -9999 -9999 -9999 -9999 -9999 -9999 -9999 50.96420 -9999 -9999 -9999 -9999 -9999 -9999 -9999 -9999 -9999 -9999 -9999 -9999 -9999 -9999 -9999 -9999 -9999 -9999 -9999 -9999 -9999 -9999 -9999
42.73920 46.37250 48.93170 49.46080 49.17500 50.12580 49.85170 50.87420 53.71830 55.70000 62.87920 68.36000 68.38170 65.23000 64.68750 63.98250 63.52500 60.92330 106.38200 -9999 -9999 -9999 -9999 -9999 -9999 -9999 -9999 -9999 -9999 -9999 -9999 -9999 -9999 -9999 -9999 -9999 -9999 -9999 -9999 -9999 -9999 -9999 47.72000 49.74000 50.53920 48.58330 50.72500 50.54500 51.83920 -9999 -9999 -9999 48.77670 -9999 -9999 -9999 50.37830 51.94580 51.11170 -9999 -9999 -9999 -9999 -9999 -9999 -9999 -9999 -9999 -9999 -9999 -9999
48.35330 50.16670 57.68420 59.84920 58.96920 60.17500 67.13750 80.21920 88.86500 93.05250 94.16170 112.57000 123.64600 148.35800 163.39799 137.90900 124.47100 118.86100 81.18830 73.87750 71.14080 66.95080 68.58920 73.38750 68.69170 -9999 -9999 -9999 -9999 -9999 64.69580 61.19580 58.56080 57.75170 55.51420 51.59580 48.97170 49.30580 50.29750 50.52750 51.11830 51.85580 49.30420 49.93750 51.08750 51.33420 51.87250 51.95170 55.28830 54.80920 54.51500 53.83250 53.40830 52.61830 51.72330 53.06920 52.40750 52.04750 51.08000 52.32500 52.11250 50.78750 50.35170 49.90250 -9999 -9999 -9999 -9999 -9999 -9999 -9999
79.35330 90.71170 98.12000 109.25300 99.02920 105.96700 131.87100 152.66000 151.94299 140.40300 137.06500 126.90200 98.74330 117.13400 112.18400 114.08600 101.47800 95.47580 80.61420 76.95670 72.38170 65.39080 69.06000 67.85420 63.20920 66.80000 70.38920 73.22000 70.53420 67.13330 63.46250 61.32580 58.59170 58.55080 57.78580 55.35170 53.13080 51.60000 50.52000 51.47170 52.48080 53.34500 52.54580 53.26580 55.15580 56.09670 57.00920 57.22170 57.10580 57.07420 56.74580 56.29580 56.31080 55.68080 56.90750 55.91000 55.30080 56.19670 54.79170 54.14080 52.73580 51.53670 50.78920 49.48580 49.82580 49.65330 49.74500 48.29670 48.21080 50.11000 50.36500
143.02699 144.10201 157.11900 170.24300 166.69099 174.37500 145.29800 126.98300 124.44200 106.86900 92.23500 87.30250 90.98920 81.86000 74.74420 71.95080 77.16500 72.48420 89.52170 80.30330 75.56080 70.85670 72.10080 71.02420 62.01420 63.43000 63.57830 62.99750 62.50670 60.56670 60.00330 59.05920 57.83420 58.20500 59.12830 58.25080 54.69420 53.99580 53.03080 52.80580 53.92750 55.08330 56.93830 57.61250 58.79420 59.93170 59.03080 59.53750 59.47670 60.30420 60.29080 60.78920 60.41330 60.40420 60.19670 58.68670 57.94580 58.11580 56.93170 55.97080 54.48750 52.72000 50.51830 50.94750 50.34080 50.67250 50.89170 50.63920 50.74330 52.33000 51.89580
123.98700 121.10700 108.68200 113.29600 119.10500 102.35600 91.37330 95.79250 85.97670 71.84080 74.60330 72.89670 66.89920 59.58580 63.62500 66.23000 62.44920 60.74830 77.94670 73.08080 71.52080 70.17500 71.74420 70.38670 61.61580 61.43250 61.87080 57.05250 55.89750 54.11830 55.00330 54.93000 53.67250 56.07420 56.94580 57.54000 55.29330 55.05250 54.41670 53.87750 54.73000 56.11000 57.33500 58.81000 60.71830 62.05080 63.43170 64.26330 64.82750 63.40670 63.39080 63.84250 64.44500 64.53750 63.74500 62.28670 60.83250 60.53670 59.25750 57.65830 54.36500 53.15000 52.41000 52.05080 52.14000 52.18080 51.58330 51.53830 53.29080 52.55250 54.34080
120.37400 133.68500 136.73599 111.30200 98.86170 92.78170 82.85920 83.75580 73.27750 64.85750 58.73500 56.02580 56.43500 55.08670 61.21330 64.06330 62.80670 65.15250 77.40830 75.66920 72.11250 71.62080 68.80670 66.93830 58.89000 59.31420 61.39250 60.45830 58.24330 52.20580 54.35670 53.86670 53.92830 56.01080 56.04420 56.13580 55.21000 56.46420 55.67080 54.92830 55.96250 57.51830 58.50580 59.97170 61.02000 62.68670 63.29080 64.65500 64.98500 65.60080 64.04750 63.86750 64.13420 63.82580 62.07170 62.27750 60.45830 60.41170 58.14170 56.29670 55.15500 54.08000 52.83920 51.67080 51.40670 51.49580 51.39670 53.12000 52.66330 54.43250 56.31250
108.46800 133.07899 136.04100 106.49800 86.06750 75.39080 70.89580 67.20000 59.13420 54.33080 56.36080 56.94750 57.28750 57.57580 59.31250 69.85750 75.52170 77.81250 77.87500 74.67670 72.17170 67.38750 68.98750 66.09750 58.77670 60.68500 61.85580 60.56000 58.25170 55.05670 52.97500 55.44750 56.84920 56.31330 56.46000 56.15580 56.33580 57.10500 56.18170 56.65580 57.21170 58.64170 59.39920 61.32500 62.04170 62.79420 63.48920 62.80750 63.83170 63.30170 63.93920 62.47830 62.47920 60.66580 60.82420 57.56830 56.51750 55.88250 55.34250 53.24170 55.90830 55.21670 50.81500 51.76920 52.11750 52.27330 52.62080 53.38420 53.73000 55.69420 56.74830
94.16580 80.94830 70.97250 63.04420 61.75670 60.84170 60.50830 65.39250 64.84170 57.50830 55.57250 54.66170 51.61830 51.55670 58.31830 63.96830 70.19750 70.44920 81.07500 79.52330 71.16170 64.75000 61.62250 63.15080 58.69080 60.82500 61.88250 59.51830 58.91750 56.20830 53.14750 55.00170 56.13670 56.75330 56.58920 57.03580 57.06580 57.05750 57.81500 58.06000 58.42830 59.08330 60.60500 61.18420 61.18000 61.92080 62.91670 62.77250 63.47170 62.37830 62.86170 60.62330 60.94080 58.92250 58.16580 55.73000 53.60920 52.77580 51.46420 55.23580 55.81670 54.18830 53.96000 53.54920 53.69420 52.79080 51.08500 53.27080 53.79830 56.12420 56.86750
92.38000 69.72330 61.89670 63.93250 88.06580 117.95300 151.09700 164.23000 134.85001 111.31800 103.40300 92.58670 76.65080 53.05750 69.71250 75.63920 88.26670 78.63420 85.09750 80.70080 73.11000 64.53080 60.79330 60.51420 54.82830 59.49830 56.82580 58.02750 56.74670 57.89000 56.54330 57.54000 56.83500 56.09920 54.96830 56.04250 55.68580 55.34170 57.12000 58.40750 58.24170 60.04750 61.27580 62.49250 62.85580 63.14920 63.66580 64.45080 63.05830 62.96080 61.62170 61.00580 59.50080 57.63250 55.46500 53.40920 53.17080 56.46250 55.06670 53.75750 54.30420 52.71750 48.18920 48.85830 49.25080 49.69170 52.47000 53.21580 54.07580 56.56330 56.28080
105.88500 103.00000 109.95600 108.23100 97.72670 113.63400 138.68401 134.79401 127.61600 126.09200 131.07401 131.16600 129.02000 114.55800 114.69200 98.40580 81.80830 71.36000 86.98500 81.70420 74.42170 64.37580 61.23750 60.69580 56.59420 54.28580 55.06080 54.80250 54.25580 54.59500 54.73580 56.35420 55.46670 54.33750 51.99920 52.34330 51.94000 52.77750 55.72500 56.06580 56.70500 58.20580 60.65500 61.73330 63.07000 64.57830 64.93920 65.72000 63.92920 63.49080 61.53420 59.08000 57.27330 55.83420 53.94750 52.62420 55.63000 54.41500 53.47500 49.04670 47.97250 49.20920 48.01670 48.00920 48.72250 49.86420 51.17920 52.25420 53.44420 55.63330 56.01750
106.46300 108.37300 116.70200 114.07200 101.30800 94.80420 80.43670 80.23500 113.26700 118.99600 132.72900 134.72099 144.24600 147.21600 155.17400 134.63699 116.01700 84.00000 77.39080 81.86000 79.69330 62.28250 57.95830 56.96250 52.38670 51.69830 49.70080 50.23500 50.11830 50.44330 50.46830 51.17920 50.33670 50.20670 49.37330 50.26920 51.09330 51.53920 53.75580 55.24000 56.82330 58.78920 62.13330 63.36170 65.28500 65.91420 65.61580 65.19500 65.20420 63.38080 61.63750 60.49670 58.07080 54.97920 53.80080 51.36330 49.90670 49.82920 49.11500 48.42920 47.79580 46.67330 47.68250 47.14170 46.91500 48.22330 48.27920 50.02750 52.09670 52.94920 55.01250
103.42100 101.67800 102.08900 101.13100 106.65800 103.48500 107.47400 108.16000 102.42500 96.93830 102.31000 112.16600 128.85201 127.77300 114.27700 83.02670 73.08080 71.86830 74.28750 71.81670 69.40830 67.04580 60.84330 62.04170 52.64000 48.50500 47.57420 47.12250 48.31420 51.31170 51.63000 52.73250 51.45580 52.18330 51.04250 51.74170 52.50420 53.28670 55.19830 57.85250 59.44420 60.96920 64.51500 66.17580 68.17670 68.44250 69.19670 68.26170 67.88670 67.09830 64.31330 62.24330 59.52170 56.24830 54.74080 51.88670 50.38170 49.16000 48.16330 47.15580 46.53830 45.60330 45.33830 45.27830 46.34080 46.38330 47.47830 46.93080 48.34830 50.55670 52.63000
144.25101 145.48700 140.51300 131.69800 120.86800 164.00200 191.43401 239.26700 249.28700 209.81900 161.82600 186.61501 112.95800 76.87750 67.81750 69.95830 65.01250 63.38250 69.97330 64.89750 64.37500 64.63670 63.71920 63.65000 55.06170 53.21170 52.44170 50.44830 51.37920 55.29830 57.75080 54.92670 54.12420 53.21830 53.86670 54.87580 54.22250 54.78920 57.65000 59.86250 62.54330 65.40170 66.82000 69.75330 70.76750 71.99830 72.31500 71.14330 70.51750 68.66170 66.57580 64.21580 61.47420 58.35080 53.92920 52.54920 51.11580 49.86920 48.38580 47.85420 45.58500 44.78920 44.67500 44.48920 44.51750 44.78580 45.62750 45.08170 45.98420 47.55330 49.38580
343.67099 362.33200 238.80000 182.11000 181.86200 175.14799 167.92101 183.90300 214.51700 246.18201 212.42900 318.67200 272.27399 220.44701 158.46001 87.21920 59.60920 61.75670 68.17750 67.25250 66.35580 69.88500 67.73000 73.49750 52.64500 50.83580 48.75080 49.68000 50.85330 53.27830 54.11670 52.03080 52.26500 53.12250 50.82580 52.04500 54.31000 56.53330 59.31080 61.82080 64.67830 66.85920 69.50580 72.61170 74.99500 75.91330 76.18500 75.18580 73.21250 71.09500 68.76080 67.07000 64.35500 59.91500 55.89750 53.28000 53.05250 50.53170 48.80500 48.43250 46.21330 45.51500 43.38250 43.84920 42.87920 42.60250 43.31250 42.52670 43.35580 45.32080 47.28830
304.02301 305.17401 292.50299 243.68600 196.38901 180.16901 154.13300 113.15500 98.52830 98.90000 102.53000 103.14100 99.87170 128.89799 115.65000 121.72700 100.92500 65.25330 91.99670 87.04170 80.07580 80.65830 84.27000 76.12500 46.82580 43.65830 45.28000 45.84330 48.37080 52.12080 54.03170 51.40500 51.26330 49.59670 50.46420 52.10500 54.45080 57.40670 60.16750 64.43500 66.23750 68.23750 71.92250 74.72580 79.18080 79.65580 79.65500 77.09750 75.28000 74.02330 71.89250 70.42080 67.48750 63.90330 60.22080 58.22830 54.97580 53.71250 51.42000 47.72250 46.56500 44.38420 42.61920 43.17670 42.00670 40.11580 40.82170 41.54250 42.17830 43.22500 45.42170
167.63901 144.84801 221.30701 270.03601 239.10300 171.68201 128.11200 103.12100 77.40830 74.52580 70.09170 72.50250 148.83200 220.74400 210.66400 185.71300 160.90300 121.32600 121.89700 108.20400 102.48300 120.31600 105.55200 82.89580 69.86500 59.77420 52.35420 39.71250 43.42830 48.12420 48.73170 46.74750 47.94750 46.61500 48.09250 50.49750 53.24330 56.24750 59.11750 63.34750 65.46830 68.48250 71.35500 74.53330 80.11750 81.92920 81.34920 79.90000 76.79670 74.39750 74.03920 72.55830 70.54500 68.96170 65.93170 63.44000 60.13330 56.40670 52.47330 50.22330 47.81000 45.46330 44.93170 43.41830 42.25420 39.71170 39.19000 39.67670 41.59080 43.52750 45.52830
144.90100 118.74400 134.30701 160.27400 138.20000 112.57500 172.87801 224.31900 196.58501 116.31300 87.09750 64.50580 104.49500 164.13699 301.70401 352.93201 304.76401 269.45801 171.34500 153.85400 133.63600 137.91200 118.22800 92.99080 71.77750 61.15420 53.97580 55.57500 54.01580 56.15250 55.20330 51.99080 53.92420 51.18080 51.61250 52.60920 55.13250 56.85170 60.78670 64.37080 62.83330 66.23580 69.15420 74.62420 80.54920 85.64000 82.50920 80.49420 79.27250 77.36920 76.68330 75.28500 73.52250 72.53830 70.29000 68.83000 65.43330 61.04500 55.58080 51.14500 50.02000 47.76920 46.13580 43.90170 41.12920 38.72250 36.98500 38.64500 41.16750 43.05580 44.75250
