data/hydroclimate-scenarios/BCSD_hadcm_A1B/monthly_summaries/precip_monthly_tot_oct.2030-2059.asc
ncols	311
nrows	91
xllcenter	102.75
yllcenter	31.75
cellsize	0.5
NODATA_value	-9999
[rows 0 to 31 of 91, columns 71 to 141 of 311]
-9999 -9999 -9999 -9999 -9999 -9999 -9999 -9999 -9999 -9999 -9999 -9999 -9999 -9999 -9999 -9999 -9999 -9999 -9999 -9999 -9999 -9999 -9999 -9999 -9999 -9999 -9999 -9999 -9999 -9999 -9999 -9999 -9999 -9999 -9999 -9999 -9999 -9999 -9999 -9999 -9999 -9999 -9999 -9999 -9999 -9999 -9999 -9999 -9999 -9999 -9999 -9999 -9999 -9999 -9999 -9999 -9999 -9999 -9999 -9999 -9999 -9999 -9999 -9999 -9999 -9999 -9999 -9999 -9999 -9999 -9999
-9999 -9999 -9999 -9999 -9999 -9999 -9999 -9999 -9999 -9999 -9999 -9999 -9999 -9999 -9999 -9999 -9999 -9999 -9999 -9999 -9999 -9999 -9999 -9999 -9999 -9999 -9999 -9999 -9999 -9999 -9999 -9999 -9999 -9999 -9999 -9999 -9999 -9999 -9999 -9999 -9999 -9999 -9999 -9999 -9999 -9999 -9999 -9999 -9999 -9999 -9999 -9999 -9999 -9999 -9999 -9999 -9999 -9999 -9999 -9999 -9999 -9999 -9999 -9999 -9999 -9999 -9999 -9999 -9999 -9999 -9999
-9999 -9999 -9999 -9999 -9999 -9999 -9999 -9999 -9999 -9999 -9999 -9999 -9999 -9999 -9999 -9999 -9999 -9999 -9999 -9999 -9999 -9999 -9999 -9999 -9999 -9999 -9999 -9999 -9999 -9999 -9999 -9999 -9999 -9999 -9999 -9999 -9999 -9999 -9999 -9999 -9999 -9999 -9999 -9999 -9999 -9999 -9999 -9999 -9999 -9999 -9999 -9999 -9999 -9999 -9999 -9999 -9999 -9999 -9999 -9999 -9999 -9999 -9999 -9999 -9999 -9999 -9999 -9999 -9999 -9999 -9999
-9999 -9999 -9999 -9999 -9999 -9999 -9999 -9999 -9999 -9999 -9999 -9999 -9999 -9999 -9999 -9999 -9999 -9999 -9999 -9999 -9999 -9999 -9999 -9999 -9999 -9999 -9999 -9999 -9999 -9999 -9999 -9999 -9999 -9999 -9999 -9999 -9999 -9999 -9999 -9999 -9999 -9999 -9999 -9999 -9999 -9999 -9999 -9999 -9999 -9999 -9999 -9999 -9999 -9999 -9999 -9999 -9999 -9999 -9999 -9999 -9999 -9999 -9999 -9999 -9999 -9999 -9999 -9999 -9999 -9999 -9999
-9999 -9999 -9999 -9999 -9999 -9999 -9999 -9999 -9999 -9999 -9999 -9999 -9999 -9999 -9999 -9999 -9999 -9999 -9999 -9999 -9999 -9999 -9999 -9999 -9999 -9999 -9999 -9999 -9999 -9999 -9999 -9999 -9999 -9999 -9999 -9999 -9999 -9999 -9999 -9999 -9999 -9999 -9999 -9999 -9999 -9999 -9999 -9999 -9999 -9999 -9999 -9999 -9999 -9999 -9999 -9999 -9999 -9999 -9999 -9999 -9999 -9999 -9999 -9999 -9999 -9999 -9999 -9999 -9999 -9999 -9999
-9999 -9999 -9999 -9999 -9999 -9999 -9999 -9999 -9999 -9999 -9999 -9999 -9999 -9999 -9999 -9999 -9999 -9999 -9999 -9999 -9999 -9999 -9999 -9999 -9999 -9999 -9999 -9999 -9999 -9999 -9999 -9999 -9999 -9999 -9999 -9999 -9999 -9999 -9999 -9999 -9999 -9999 -9999 -9999 -9999 -9999 -9999 -9999 -9999 -9999 -9999 -9999 -9999 -9999 -9999 -9999 -9999 -9999 -9999 -9999 -9999 -9999 -9999 -9999 -9999 -9999 -9999 -9999 -9999 -9999 -9999
-9999 -9999 -9999 -9999 -9999 -9999 -9999 -9999 -9999 -9999 -9999 -9999 -9999 -9999 -9999 -9999 -9999 -9999 -9999 -9999 -9999 -9999 -9999 -9999 -9999 -9999 -9999 -9999 -9999 -9999 -9999 -9999 -9999 -9999 -9999 -9999 -9999 -9999 -9999 -9999 -9999 -9999 -9999 -9999 -9999 -9999 -9999 -9999 -9999 -9999 -9999 -9999 -9999 -9999 -9999 -9999 -9999 -9999 -9999 -9999 -9999 -9999 -9999 -9999 -9999 -9999 -9999 -9999 -9999 -9999 -9999
-9999 -9999 -9999 -9999 -9999 -9999 -9999 -9999 -9999 -9999 -9999 -9999 -9999 -9999 -9999 -9999 -9999 -9999 -9999 -9999 -9999 -9999 -9999 -9999 -9999 -9999 -9999 -9999 -9999 -9999 -9999 -9999 -9999 -9999 -9999 -9999 -9999 -9999 -9999 -9999 -9999 -9999 -9999 -9999 -9999 -9999 -9999 -9999 -9999 -9999 -9999 -9999 -9999 -9999 -9999 -9999 -9999 -9999 -9999 -9999 -9999 -9999 -9999 -9999 -9999 -9999 -9999 -9999 -9999 -9999 -9999
-9999 -9999 -9999 -9999 -9999 -9999 22.36000 -9999 -9999 -9999 -9999 -9999 -9999 -9999 -9999 -9999 -9999 -9999 -9999 -9999 -9999 -9999 -9999 -9999 -9999 -9999 -9999 -9999 -9999 -9999 -9999 -9999 -9999 -9999 -9999 -9999 -9999 -9999 -9999 -9999 -9999 -9999 -9999 -9999 -9999 -9999 -9999 -9999 -9999 -9999 -9999 -9999 -9999 -9999 -9999 -9999 -9999 -9999 -9999 -9999 -9999 -9999 -9999 -9999 -9999 -9999 -9999 -9999 -9999 -9999 -9999
-9999 -9999 23.71080 20.04330 21.82830 22.10330 21.84170 23.99580 23.75250 26.17920 27.90670 28.01250 29.91500 29.64750 31.09080 31.56670 31.16580 32.53080 32.70420 32.58000 32.11080 30.53500 -9999 -9999 -9999 -9999 -9999 -9999 -9999 -9999 -9999 -9999 -9999 -9999 -9999 -9999 -9999 -9999 -9999 -9999 -9999 -9999 -9999 -9999 -9999 -9999 -9999 -9999 -9999 -9999 -9999 -9999 -9999 -9999 -9999 -9999 -9999 -9999 -9999 -9999 -9999 -9999 -9999 -9999 -9999 -9999 -9999 -9999 -9999 -9999 -9999
-9999 -9999 -9999 -9999 21.98750 21.95170 23.96170 23.68500 25.65500 25.96670 28.03000 27.68080 29.62580 31.50920 31.04920 31.14830 32.78250 32.40580 33.83250 33.98330 33.79920 32.40170 -9999 -9999 -9999 -9999 -9999 -9999 -9999 -9999 -9999 -9999 -9999 -9999 -9999 -9999 -9999 -9999 -9999 -9999 -9999 -9999 -9999 -9999 -9999 -9999 -9999 -9999 -9999 -9999 -9999 -9999 -9999 -9999 -9999 -9999 -9999 -9999 -9999 -9999 -9999 -9999 -9999 -9999 -9999 -9999 -9999 -9999 -9999 -9999 -9999
21.90080 22.12000 22.04330 22.06670 22.17750 21.82750 23.84670 23.75420 25.52420 25.98330 27.77750 27.83830 29.10670 30.78580 30.73750 32.39500 32.23500 33.94420 34.07330 35.66500 33.90920 34.01830 32.47500 32.72670 31.04830 31.15420 29.84500 29.87670 -9999 -9999 -9999 -9999 -9999 -9999 -9999 -9999 -9999 -9999 -9999 -9999 -9999 -9999 -9999 -9999 -9999 -9999 -9999 -9999 -9999 -9999 -9999 -9999 -9999 -9999 -9999 -9999 -9999 -9999 -9999 -9999 -9999 -9999 -9999 -9999 -9999 -9999 -9999 -9999 -9999 -9999 -9999
22.18170 22.08330 22.36000 22.42750 22.23420 23.76750 23.83500 23.75580 25.10000 25.35500 27.21000 27.64080 29.18420 30.96580 30.79920 32.47420 32.21330 33.58000 35.31250 37.21580 35.67670 34.13580 34.24830 32.93000 33.06170 31.39250 31.53750 30.11670 29.98670 30.75330 29.05170 29.16750 28.90750 26.97250 26.73750 26.50330 23.64580 23.48420 23.28000 21.46500 21.63080 21.41170 21.34580 -9999 -9999 -9999 -9999 -9999 -9999 -9999 -9999 -9999 -9999 -9999 -9999 -9999 -9999 -9999 -9999 -9999 -9999 -9999 -9999 -9999 -9999 -9999 -9999 -9999 -9999 -9999 -9999
21.71330 21.64080 21.63000 21.81920 21.63750 23.25750 23.43580 23.10670 25.04080 25.33250 27.46420 27.84170 29.47330 31.30580 30.78500 32.41170 33.71580 33.46830 35.14920 35.75750 35.78170 34.04830 34.51580 33.31920 33.51170 33.57170 31.96830 32.11750 31.95580 30.78170 30.76170 30.69580 27.64420 27.35580 27.27500 25.11080 25.03080 24.65830 22.94080 22.59250 22.67250 22.42580 22.48170 22.47920 -9999 -9999 -9999 -9999 -9999 -9999 -9999 -9999 -9999 -9999 -9999 -9999 -9999 -9999 -9999 -9999 -9999 -9999 -9999 -9999 -9999 -9999 -9999 -9999 -9999 -9999 -9999
21.46670 20.86750 20.85000 19.20080 20.97330 20.94670 21.41330 23.32080 23.09080 25.32580 25.62580 27.50000 29.42420 29.33170 30.86330 32.06330 31.98170 33.19500 32.69580 34.88420 33.13080 33.49170 33.78080 32.08750 32.66170 31.10250 31.20750 31.20000 31.58920 31.20830 31.01670 29.25580 29.02080 28.70500 26.57920 26.47830 26.19750 24.11330 24.04000 23.66670 23.58250 21.53580 21.53750 21.23330 -9999 -9999 -9999 -9999 -9999 -9999 -9999 -9999 -9999 -9999 -9999 -9999 -9999 -9999 -9999 17.99420 18.06170 -9999 -9999 -9999 -9999 20.39580 20.62000 20.72330 20.62670 22.50250 22.81830
20.32830 20.20830 20.26500 20.46170 20.53500 22.16420 22.14000 22.08250 22.16420 22.56500 24.91500 26.87330 27.29920 28.95500 30.56330 30.00000 31.03830 30.77170 32.32830 32.11670 32.24250 32.22000 30.92330 30.90250 30.87250 31.14000 32.49170 32.84330 33.12670 31.27670 30.65250 30.63670 30.29670 28.30250 27.87920 27.76830 25.85330 25.41080 24.97670 25.07580 23.29500 23.04000 22.68080 22.40580 22.17000 21.89670 21.63500 21.91420 20.56170 20.86170 21.30670 19.67580 19.95920 20.15250 18.47580 18.72580 18.76420 18.79170 18.82330 19.88500 19.99750 -9999 -9999 -9999 -9999 -9999 22.74000 22.92580 22.85000 24.54170 25.15580
19.79080 19.92250 20.03670 20.14670 20.06250 20.25830 21.80250 22.06420 22.09080 23.68670 24.02080 25.88920 26.54250 28.29670 29.77420 29.12920 30.43170 30.36920 30.00420 29.79420 30.98580 31.18330 29.69920 29.82330 30.08000 30.26750 30.40580 30.46080 30.83580 30.61170 30.54420 30.21330 30.34500 29.42500 28.83420 27.39830 26.69330 26.59920 24.82750 24.37170 24.63670 24.29920 24.27330 23.90670 23.73580 23.49920 23.20000 21.81420 22.12500 22.36420 22.57080 22.78580 21.18080 20.02080 20.50670 20.10830 18.91500 18.78080 18.85500 18.68330 20.40250 20.29670 21.81330 23.45500 23.49580 25.05580 25.28080 27.24330 26.77420 27.25580 27.53750
19.50330 18.22500 21.32000 19.90330 19.78750 19.85080 20.14830 19.97580 21.54830 23.36330 23.42830 24.42920 25.67830 27.48420 28.67750 28.59250 28.27330 29.48750 29.45830 28.83830 28.73670 28.67330 28.97000 28.51500 28.48000 28.44920 28.58830 29.97500 31.48330 31.46670 31.48170 31.37420 29.48670 29.37670 27.55920 27.72750 27.61920 25.93250 25.63500 25.71670 25.48500 25.64500 25.59420 23.59170 23.68000 23.60080 23.33330 23.61580 23.38920 23.67670 22.35500 24.04750 22.77830 23.16500 21.96420 21.83670 20.28250 20.40000 20.45920 20.61330 20.38830 20.33670 21.70330 25.21750 26.68420 26.66170 26.81920 25.78420 25.72750 26.33500 26.89330
19.08170 19.17580 19.43920 21.15830 21.42170 21.51080 21.57000 20.23420 21.47750 21.73080 21.44500 23.22920 24.98080 25.11000 26.70830 26.27500 27.41920 27.10330 26.98000 25.26330 26.48670 26.66580 26.67420 28.30500 28.69170 28.13080 28.09830 30.03170 31.10420 30.87500 31.06670 32.60080 30.60830 30.64830 29.24170 29.05670 27.18330 26.84330 26.81830 25.11750 25.04330 25.04000 24.68670 23.15080 24.45670 24.51420 24.40920 24.53250 24.60420 24.94500 23.55670 23.97330 24.11830 24.42580 23.04250 23.59920 23.46920 22.00580 22.19080 21.87670 22.19170 21.97750 21.76830 25.03830 26.40420 28.12250 28.10830 27.71000 27.93170 28.19080 28.40920
20.75670 20.91920 21.19420 19.76330 21.37750 23.01080 21.37830 19.85920 19.77420 21.19000 19.99330 19.93830 21.51170 23.12170 24.89170 26.35830 25.84420 27.11420 26.74000 25.18250 25.12420 26.23000 26.55250 27.85080 28.29670 26.94170 28.82330 28.92580 28.83750 29.78080 31.32420 31.53920 30.15250 29.66080 29.69420 27.95420 27.61830 25.76080 25.76500 25.57920 25.61750 25.45580 25.20500 25.20670 23.82750 23.74580 23.49420 23.83500 25.40250 24.16500 24.74170 25.02750 25.20080 24.59080 23.25000 23.25000 23.23330 21.79420 23.17750 23.46750 23.14830 23.27170 24.32500 25.86250 25.51580 29.42250 28.95920 28.87420 30.60330 30.63080 31.41330
22.13920 22.23250 20.90250 21.20580 19.67420 21.39500 21.55420 21.56250 22.02170 20.34000 19.86420 18.35920 18.12750 18.22500 21.23080 22.78670 23.76250 25.23080 25.57830 26.94500 26.88830 26.77750 26.46080 27.64330 27.57500 27.63250 29.26500 29.48500 29.65830 29.55000 31.14580 31.06500 30.02750 29.66080 29.56920 27.84750 27.06330 27.09750 26.81170 26.70830 26.65670 25.09080 26.32420 26.10580 24.81170 25.00170 25.02170 24.84670 25.00580 26.29580 26.80580 26.81170 25.25500 25.45250 25.79330 25.57250 23.95920 24.23580 24.39500 24.59000 24.35670 26.06830 27.32420 28.50420 30.03170 29.46580 29.55170 31.40670 31.43920 31.98830 34.29580
22.55920 23.02420 23.06750 21.61920 21.72170 21.88330 20.64170 20.70920 20.70170 20.57000 20.31170 20.29420 20.18000 20.07750 20.12170 19.94000 19.82580 21.26080 22.54080 23.99670 25.21420 26.50750 26.37670 28.02830 28.14170 29.96080 30.15330 30.38500 30.39000 30.29170 31.60750 29.90670 27.70330 27.69170 28.06080 27.56330 27.45250 27.20420 27.13420 26.82080 26.87080 26.96080 28.17330 26.61000 26.69330 27.03580 26.92170 26.59750 26.38830 26.13420 25.79580 26.15170 26.02670 26.05330 26.31500 26.16000 25.04500 26.90830 26.68500 27.00500 27.04080 28.79500 30.57170 32.37750 32.16080 32.08830 31.80750 32.18250 32.76670 34.53750 35.30000
26.54500 25.38750 25.54250 25.85420 24.31250 22.84750 22.99000 23.03670 21.46500 21.24580 20.86750 20.82500 20.60580 22.03000 21.85500 21.92750 21.42500 21.94330 21.39250 21.51750 22.78920 24.27170 25.41250 28.68580 30.25750 30.61670 30.87080 30.59670 30.82500 30.41750 30.13580 30.44330 28.28920 29.29170 27.29580 28.75420 28.59330 28.33250 28.79920 28.43420 29.67170 29.80830 29.94750 28.69000 26.95420 26.81920 26.78420 26.39920 27.21830 27.10920 26.70500 26.23250 26.17250 25.10330 26.44750 27.16830 27.02250 27.40170 29.12080 29.42170 31.40000 33.71170 34.94670 34.62170 34.78830 36.18500 36.52580 36.37750 35.68420 36.25170 37.53250
28.90580 29.43920 29.35420 29.61500 28.12500 26.57580 25.14750 23.72250 23.51250 21.19920 22.75750 20.93500 21.11080 21.08420 20.62500 20.62250 20.31750 25.32580 22.05830 20.30420 21.56420 22.97330 24.33750 28.27250 29.95420 31.81420 32.07500 32.21080 30.53170 30.68920 30.54670 30.38830 30.08580 29.35580 30.42250 30.05500 30.12000 29.80080 29.70250 29.90170 29.90920 31.59920 31.61000 29.58080 29.92080 29.59330 29.57250 29.00000 28.40170 28.24670 27.95420 28.69000 28.70500 28.94750 28.01330 27.76500 29.50670 30.32170 31.83500 32.16920 35.77830 36.33330 37.40170 37.43670 39.92330 39.75750 39.95250 38.98250 37.99580 39.16920 40.51330
32.45080 32.89830 33.08250 31.56330 30.17920 30.05420 28.15080 26.19670 24.26580 22.16330 21.91580 22.05920 22.10330 22.17670 21.93420 22.03420 22.17080 22.47920 24.07250 24.02750 23.67830 24.49000 25.71000 26.71330 29.35580 31.19920 31.38750 32.99830 31.65250 31.69250 31.69330 31.33750 32.83830 30.73420 31.80750 31.14170 30.88080 32.03750 31.63420 31.30830 31.96000 32.13830 32.10750 30.22830 31.68330 31.64000 30.30420 29.75580 30.54330 30.44420 29.96580 29.57330 30.75670 29.57920 29.79580 31.43080 31.91580 32.48920 32.86080 34.97170 37.01580 38.76670 40.03580 43.23920 43.94330 43.51670 42.62000 41.74920 41.00000 40.61250 42.15000
36.16580 36.87830 35.14170 34.78250 32.94670 31.84170 30.22420 28.14420 26.16000 23.83170 21.98250 22.13080 22.45330 24.20920 24.27000 24.52830 23.28250 23.64330 24.23670 24.31170 23.97080 26.59580 29.23250 28.38000 29.37420 30.30330 32.08170 32.16830 32.27330 32.22580 32.32830 31.77500 33.41750 32.82250 32.17750 30.47830 31.16330 30.89580 31.84830 31.52750 31.94420 33.42080 33.17080 31.76250 31.72580 31.86330 31.57330 31.30500 32.54080 31.74670 31.47750 32.34920 32.17500 32.10920 32.63250 33.34580 34.13330 35.02000 36.97250 37.57750 39.71670 41.31750 42.87750 44.55330 45.47580 45.67670 46.09500 45.03000 42.70580 44.44920 45.91830
38.54250 38.38500 36.46250 35.43750 34.77420 32.24170 30.29420 29.55750 27.76000 23.99330 23.85420 24.16000 22.79750 24.71830 26.53670 26.82080 25.57000 26.56920 25.24580 26.02250 27.45500 28.53750 29.61580 30.39920 31.52580 32.11830 31.88580 33.45920 33.04920 33.07420 34.18920 33.89420 33.64170 31.84830 31.70080 32.22250 31.87250 31.55420 33.19920 34.70000 34.77330 34.75500 34.67830 34.60830 33.21000 33.05750 33.24000 33.16830 33.99670 34.01000 33.76750 34.71580 34.79750 35.06170 34.69000 35.08920 37.24920 38.02580 40.01250 42.60080 44.12750 45.72250 46.04420 47.32330 48.50170 49.32170 48.45500 47.35750 47.90000 47.27750 48.10750
43.10250 42.97250 38.62250 37.57750 35.41580 34.64170 32.86420 31.98420 30.18750 27.64580 26.11830 26.63580 26.51250 26.96000 27.31830 27.52830 28.04420 28.77580 29.57670 30.00080 30.21000 31.98170 33.02080 34.86250 35.03170 33.80920 32.70750 33.67500 35.27500 35.06420 35.02670 34.75080 34.75000 32.78580 32.42250 33.58750 33.17250 34.64250 34.79830 36.02750 37.59000 37.21170 37.41330 37.43830 36.14830 36.24080 36.03000 36.45750 36.50170 37.83170 38.08750 38.37250 39.08500 39.91750 40.84500 41.37170 42.14080 42.57580 44.47000 46.31920 47.62920 49.49000 49.40920 50.75920 50.50330 50.40250 48.77000 51.84080 51.07920 52.85250 53.46750
44.53750 44.23330 43.28750 40.95080 38.49920 36.16500 35.08330 34.46580 32.17330 31.59920 29.86500 30.15500 30.24000 30.56920 31.10420 31.49580 31.94920 32.84750 33.94830 34.58830 36.41830 36.65920 38.11250 40.21920 41.01170 40.64250 37.66170 38.00330 40.36420 38.54170 38.11830 38.03920 37.77500 36.12080 34.25920 33.73170 36.35420 36.62080 37.38920 38.72830 40.89670 41.76080 41.72500 40.31580 40.26580 40.58920 40.81170 42.43750 43.21750 43.50000 44.06920 45.01580 46.12580 45.99330 45.64830 46.89420 47.53420 49.20670 50.22250 50.32750 51.96000 53.20500 52.90420 52.51580 52.33830 52.29750 52.32830 55.72670 56.20580 58.27670 59.10420
48.82670 45.93420 45.27750 44.26920 41.67250 39.09750 36.88750 36.34920 35.26580 33.37670 32.94500 33.17500 33.32000 33.76000 34.24500 34.39250 34.99000 35.59250 35.94080 39.70250 40.08920 40.88420 41.92000 44.56250 45.24580 44.07920 41.45000 39.95170 40.86500 39.97500 42.39420 41.39750 40.95580 39.61000 39.07250 38.49080 39.49170 41.41080 42.17920 44.37580 47.10670 47.32170 47.90080 46.94330 45.70170 44.88500 46.04830 46.66670 47.06920 47.83080 -9999 -9999 50.99000 51.23170 52.45500 51.57420 50.80670 51.90830 53.24670 54.43830 54.32500 56.65080 56.29080 56.01170 55.92830 56.04920 56.14750 56.00580 59.23000 60.79750 63.28920
46.66420 47.12670 46.24170 45.34670 44.42000 43.29500 41.06580 39.72000 37.29080 36.76080 35.39420 35.80170 36.08920 36.15250 36.48420 38.43420 37.16330 39.42580 41.63750 42.63830 45.95330 48.19500 50.05170 50.27170 46.54250 47.06250 44.85500 43.73000 42.61330 44.21830 45.10170 46.56670 45.90000 45.87420 45.78920 45.21580 46.23330 48.02000 50.92500 -9999 -9999 -9999 -9999 55.11750 -9999 50.80500 51.41330 52.34830 52.81330 53.56670 -9999 -9999 53.49250 54.27500 55.35000 53.62830 53.77420 54.18500 55.61420 55.56750 57.24500 57.76750 58.08580 59.79080 59.89670 59.86330 59.92080 60.03750 60.99920 64.80920 66.82830
47.39500 48.17580 48.41170 46.51080 46.77080 45.81000 43.43830 43.11920 42.22500 41.37670 39.95580 40.49080 40.06330 40.72670 41.23830 42.47170 42.49080 43.94000 45.65080 46.66830 49.34500 52.94580 54.99080 55.25580 54.23500 53.78920 50.10920 47.47170 46.73580 49.03750 50.42420 52.79670 52.34420 53.36500 52.75830 53.53250 54.86920 -9999 -9999 -9999 -9999 -9999 -9999 -9999 61.53080 60.63830 60.91080 -9999 -9999 -9999 -9999 -9999 58.02830 56.85670 56.28170 55.91420 56.11920 57.19920 57.69670 58.09920 60.22420 62.47500 63.07250 63.53920 65.37500 65.17830 65.13080 63.37670 64.74080 70.30670 -9999
