data/hydroclimate-scenarios/BCSD_hadcm_A1B/monthly_summaries/precip_monthly_tot_oct.2070-2099.asc
ncols	311
nrows	91
xllcenter	102.75
yllcenter	31.75
cellsize	0.5
NODATA_value	-9999
[rows 0 to 31 of 91, columns 0 to 70 of 311]
-9999 -9999 -9999 -9999 -9999 -9999 -9999 -9999 -9999 -9999 -9999 -9999 -9999 -9999 -9999 -9999 -9999 -9999 -9999 -9999 -9999 -9999 -9999 -9999 -9999 -9999 -9999 -9999 -9999 -9999 -9999 -9999 -9999 -9999 -9999 -9999 -9999 -9999 -9999 -9999 -9999 -9999 -9999 -9999 -9999 -9999 -9999 -9999 -9999 -9999 -9999 -9999 -9999 -9999 -9999 -9999 -9999 -9999 -9999 -9999 -9999 -9999 -9999 -9999 -9999 -9999 -9999 -9999 -9999 -9999 -9999
-9999 -9999 -9999 -9999 -9999 -9999 -9999 -9999 -9999 -9999 -9999 -9999 -9999 -9999 -9999 -9999 -9999 -9999 -9999 -9999 -9999 -9999 -9999 -9999 -9999 -9999 -9999 -9999 -9999 -9999 -9999 -9999 -9999 -9999 -9999 -9999 -9999 -9999 -9999 -9999 -9999 -9999 -9999 -9999 -9999 -9999 -9999 -9999 -9999 -9999 -9999 -9999 -9999 -9999 -9999 -9999 -9999 -9999 -9999 -9999 -9999 -9999 -9999 -9999 -9999 -9999 -9999 -9999 -9999 -9999 -9999
-9999 -9999 -9999 -9999 -9999 -9999 -9999 -9999 -9999 -9999 -9999 -9999 -9999 -9999 -9999 -9999 -9999 -9999 -9999 -9999 -9999 -9999 -9999 -9999 -9999 -9999 -9999 -9999 -9999 -9999 -9999 -9999 -9999 -9999 -9999 -9999 -9999 -9999 -9999 -9999 -9999 -9999 -9999 -9999 -9999 -9999 -9999 -9999 -9999 -9999 -9999 -9999 -9999 -9999 -9999 -9999 -9999 -9999 -9999 -9999 -9999 -9999 -9999 -9999 -9999 -9999 -9999 -9999 -9999 -9999 -9999
-9999 -9999 -9999 -9999 -9999 -9999 -9999 -9999 -9999 -9999 -9999 -9999 -9999 -9999 -9999 -9999 -9999 -9999 -9999 -9999 -9999 -9999 -9999 -9999 -9999 -9999 -9999 -9999 -9999 -9999 -9999 -9999 -9999 -9999 -9999 -9999 -9999 -9999 -9999 -9999 -9999 -9999 -9999 -9999 -9999 -9999 -9999 -9999 -9999 -9999 -9999 -9999 -9999 -9999 -9999 -9999 -9999 -9999 -9999 -9999 -9999 -9999 -9999 -9999 -9999 -9999 -9999 -9999 -9999 -9999 -9999
-9999 -9999 -9999 -9999 -9999 -9999 -9999 -9999 -9999 -9999 -9999 -9999 -9999 -9999 -9999 -9999 -9999 -9999 -9999 -9999 -9999 -9999 -9999 -9999 -9999 -9999 -9999 -9999 -9999 -9999 -9999 -9999 -9999 -9999 -9999 -9999 -9999 -9999 -9999 -9999 -9999 -9999 -9999 -9999 -9999 -9999 -9999 -9999 -9999 -9999 -9999 -9999 -9999 -9999 -9999 -9999 -9999 -9999 -9999 -9999 -9999 -9999 -9999 -9999 -9999 -9999 -9999 -9999 -9999 -9999 -9999
-9999 -9999 -9999 -9999 -9999 -9999 -9999 -9999 -9999 -9999 -9999 -9999 -9999 -9999 -9999 -9999 -9999 -9999 -9999 -9999 -9999 -9999 -9999 -9999 -9999 -9999 -9999 -9999 -9999 -9999 -9999 -9999 -9999 -9999 -9999 -9999 -9999 -9999 -9999 -9999 -9999 -9999 -9999 -9999 -9999 -9999 -9999 -9999 -9999 -9999 -9999 -9999 -9999 -9999 -9999 -9999 -9999 -9999 -9999 -9999 -9999 -9999 -9999 -9999 -9999 -9999 -9999 -9999 -9999 -9999 -9999
-9999 -9999 -9999 -9999 -9999 -9999 -9999 -9999 -9999 -9999 -9999 -9999 -9999 -9999 -9999 -9999 -9999 -9999 -9999 -9999 -9999 -9999 -9999 -9999 -9999 -9999 -9999 -9999 -9999 -9999 -9999 -9999 -9999 -9999 -9999 -9999 -9999 -9999 -9999 -9999 -9999 -9999 -9999 -9999 -9999 -9999 -9999 -9999 -9999 -9999 -9999 -9999 -9999 -9999 -9999 -9999 -9999 -9999 -9999 -9999 -9999 -9999 -9999 -9999 -9999 -9999 -9999 -9999 -9999 -9999 -9999
-9999 -9999 -9999 -9999 -9999 -9999 -9999 -9999 -9999 -9999 -9999 -9999 -9999 -9999 -9999 -9999 -9999 -9999 -9999 -9999 -9999 -9999 -9999 -9999 -9999 -9999 -9999 -9999 -9999 -9999 -9999 -9999 -9999 -9999 -9999 -9999 -9999 -9999 -9999 -9999 -9999 -9999 57.55920 56.69920 56.03580 55.57830 53.19920 51.22500 48.81080 47.24080 44.92000 40.81420 -9999 -9999 -9999 -9999 -9999 -9999 -9999 -9999 -9999 -9999 -9999 -9999 -9999 -9999 -9999 -9999 -9999 -9999 -9999
-9999 -9999 -9999 -9999 -9999 -9999 -9999 -9999 -9999 -9999 -9999 -9999 -9999 -9999 -9999 -9999 -9999 -9999 -9999 -9999 -9999 -9999 -9999 -9999 -9999 -9999 -9999 -9999 -9999 -9999 -9999 -9999 -9999 -9999 -9999 -9999 -9999 -9999 55.98830 57.60170 57.22000 59.06670 58.37500 57.91920 57.29420 57.43920 55.42500 52.37080 50.52580 49.59250 45.66750 41.96830 37.39330 22.66000 -9999 -9999 -9999 -9999 -9999 -9999 -9999 -9999 -9999 -9999 -9999 -9999 -9999 -9999 -9999 -9999 -9999
-9999 -9999 -9999 -9999 -9999 -9999 -9999 -9999 -9999 -9999 -9999 -9999 -9999 -9999 -9999 -9999 -9999 -9999 -9999 -9999 -9999 -9999 -9999 -9999 -9999 -9999 -9999 -9999 -9999 -9999 -9999 -9999 -9999 -9999 -9999 -9999 -9999 -9999 -9999 -9999 56.40500 59.48580 58.76830 59.09500 58.92330 58.62920 58.06080 57.72250 55.56420 52.00670 48.19750 42.49330 38.19750 22.78670 -9999 -9999 -9999 -9999 -9999 -9999 -9999 -9999 -9999 -9999 -9999 -9999 -9999 -9999 -9999 -9999 -9999
-9999 -9999 -9999 -9999 -9999 -9999 -9999 -9999 -9999 -9999 -9999 -9999 -9999 -9999 -9999 -9999 -9999 -9999 -9999 -9999 -9999 -9999 -9999 -9999 -9999 -9999 -9999 -9999 -9999 -9999 -9999 -9999 -9999 -9999 -9999 -9999 -9999 -9999 -9999 -9999 -9999 -9999 -9999 -9999 65.16330 64.68830 61.83500 61.54580 61.75750 58.38670 54.47420 46.14750 40.09000 26.17580 -9999 -9999 -9999 -9999 -9999 -9999 24.85920 -9999 -9999 -9999 -9999 -9999 -9999 -9999 -9999 -9999 -9999
-9999 -9999 -9999 -9999 -9999 -9999 -9999 -9999 -9999 -9999 -9999 -9999 -9999 -9999 -9999 -9999 -9999 -9999 -9999 -9999 -9999 -9999 -9999 -9999 -9999 -9999 -9999 -9999 -9999 -9999 -9999 -9999 -9999 -9999 -9999 -9999 -9999 -9999 -9999 -9999 -9999 67.65830 67.47250 67.10420 68.99330 68.62670 67.31330 66.72920 66.38330 65.13830 59.02670 51.03420 42.90580 38.32830 -9999 -9999 -9999 -9999 -9999 27.13580 25.55170 26.03170 24.79330 25.21830 25.75330 25.68000 25.16920 22.75330 22.43000 22.34250 22.19420
-9999 -9999 -9999 -9999 -9999 -9999 -9999 -9999 -9999 -9999 -9999 -9999 -9999 -9999 -9999 -9999 -9999 -9999 -9999 -9999 -9999 -9999 -9999 -9999 -9999 -9999 -9999 -9999 -9999 -9999 -9999 -9999 -9999 -9999 -9999 -9999 -9999 -9999 -9999 -9999 -9999 68.21670 72.06750 73.27750 73.12500 71.66330 70.66250 70.02080 68.97920 68.70580 62.26080 54.50420 46.42920 42.93500 38.07170 35.73250 33.06750 -9999 27.81670 28.07000 26.66580 26.69080 25.09750 25.32920 25.60830 25.65920 23.57670 23.36000 23.19000 23.04580 23.28420
-9999 -9999 -9999 -9999 -9999 -9999 -9999 -9999 -9999 -9999 -9999 -9999 -9999 -9999 -9999 -9999 -9999 -9999 -9999 -9999 -9999 -9999 -9999 -9999 -9999 -9999 -9999 -9999 -9999 -9999 -9999 -9999 -9999 -9999 -9999 56.52670 59.76420 62.62920 65.16580 68.34330 71.48920 72.74670 74.94920 76.54500 76.96830 75.83250 74.76250 73.92170 72.95000 70.72420 64.35000 56.03580 49.93830 45.76170 39.25920 36.79580 34.23750 30.65670 28.42330 28.63330 26.68580 26.96830 25.19500 23.44250 23.52250 25.37920 23.74500 23.55830 23.27500 23.56250 23.52830
-9999 -9999 -9999 -9999 -9999 -9999 -9999 -9999 -9999 -9999 -9999 -9999 -9999 -9999 -9999 -9999 -9999 -9999 -9999 -9999 -9999 -9999 -9999 -9999 -9999 -9999 -9999 -9999 -9999 -9999 -9999 -9999 -9999 -9999 53.99000 57.59500 60.90920 63.19670 66.61750 69.94250 74.39000 76.47670 79.02330 79.42250 77.87250 77.09000 76.40500 75.72000 72.76830 66.91920 62.54170 57.19000 51.24580 44.43920 42.11670 38.07500 33.11000 30.77250 30.48830 28.55080 26.66830 24.98250 24.75500 22.74080 24.72170 24.74080 22.89170 23.15170 23.25330 23.49080 23.66000
-9999 -9999 -9999 -9999 -9999 -9999 -9999 -9999 -9999 -9999 -9999 -9999 -9999 -9999 -9999 -9999 -9999 -9999 -9999 -9999 -9999 -9999 -9999 -9999 -9999 -9999 -9999 -9999 -9999 -9999 -9999 -9999 -9999 51.40750 53.95750 57.47580 60.93670 63.95330 67.52920 70.93830 75.63580 77.96920 81.02500 82.60750 81.57750 78.63250 77.65170 74.93670 70.01080 65.41080 58.10580 53.50080 47.03920 42.46420 39.32920 35.19170 32.76330 30.06000 30.21330 27.81080 26.07750 24.03420 23.98580 23.93750 23.92420 24.01250 22.46170 22.80670 22.77330 22.40920 22.67420
-9999 -9999 -9999 -9999 -9999 -9999 -9999 -9999 -9999 -9999 -9999 -9999 -9999 -9999 -9999 -9999 -9999 -9999 -9999 -9999 -9999 -9999 -9999 -9999 -9999 -9999 -9999 -9999 -9999 -9999 -9999 49.77080 51.45250 52.44830 54.85420 57.83000 61.89330 65.36580 68.83920 72.25080 76.00330 82.02830 85.29920 84.58920 81.48920 80.24080 77.67750 72.47920 68.79420 62.63750 57.46920 51.09170 44.12670 41.77250 39.13080 34.38420 31.86670 29.24670 27.08500 25.27330 25.22420 23.39250 23.09420 23.06750 22.93170 23.27420 23.73420 23.50250 23.83670 21.93500 22.37330
-9999 -9999 -9999 -9999 -9999 -9999 -9999 -9999 -9999 -9999 -9999 -9999 -9999 -9999 -9999 -9999 -9999 -9999 -9999 -9999 -9999 -9999 -9999 -9999 -9999 -9999 -9999 -9999 -9999 46.01920 46.44920 50.24670 52.38330 52.80420 54.98830 57.95250 61.86080 65.46670 69.16920 72.89920 76.65670 81.30920 84.78420 83.27920 82.37330 78.99580 75.30750 71.57750 64.98750 59.50500 54.11000 49.03330 44.49670 41.72250 36.61080 33.64250 31.17580 28.58250 26.72670 26.53000 24.57170 22.40170 22.45750 22.45330 22.39750 22.61920 23.23330 21.67330 21.57080 24.02170 23.96170
-9999 -9999 -9999 -9999 -9999 -9999 -9999 -9999 -9999 -9999 -9999 -9999 -9999 -9999 -9999 -9999 -9999 -9999 -9999 -9999 -9999 -9999 -9999 -9999 43.78170 43.44170 43.25920 43.70080 45.15080 45.42750 47.10250 49.27580 50.02250 51.94330 54.28670 58.01170 60.05750 63.86330 67.89670 71.57830 75.52920 79.25080 82.53250 82.42000 78.70000 77.99000 74.25000 67.88750 64.37920 58.40670 54.90420 47.63580 44.39670 41.86250 36.86170 34.20170 31.41080 28.65330 26.57670 24.89250 24.08580 22.28830 22.51080 22.53250 22.38080 22.73330 22.68670 25.02670 25.28250 23.46670 22.33500
-9999 -9999 -9999 -9999 -9999 -9999 41.96330 43.74750 43.62750 43.82080 43.61000 -9999 -9999 -9999 -9999 -9999 -9999 -9999 -9999 -9999 -9999 45.17830 43.81000 43.31750 43.13830 42.57750 42.75080 42.86580 42.71830 45.48000 45.86330 48.49580 49.28580 52.02420 52.71750 55.65670 59.53080 63.08080 67.27170 68.93670 72.81500 76.65830 77.73830 77.48250 75.89000 72.45670 71.80330 66.40250 62.00750 56.56920 53.09580 47.90000 43.02580 40.02670 37.32420 34.50750 32.10500 28.89830 26.73920 26.21920 24.47000 24.27580 22.52000 22.50920 22.67250 24.32670 24.82670 24.80170 25.46000 25.55170 25.65830
-9999 -9999 -9999 -9999 -9999 43.85000 43.84830 44.05920 43.59580 43.74830 45.13830 45.40170 45.41000 45.17500 -9999 -9999 -9999 44.00750 44.07080 42.67670 43.06250 43.56250 42.25250 41.93580 41.67750 41.54500 41.56750 41.58420 42.35500 42.56170 44.90250 45.36670 47.76170 49.02580 51.13920 54.50330 55.97330 59.69670 63.58420 67.34170 69.11750 72.55330 72.84500 71.85000 71.91500 68.54580 65.97170 62.45580 59.78080 53.65080 51.21420 45.80250 42.94830 40.29920 37.62170 32.99170 30.07830 29.22580 27.07420 26.49080 24.66080 24.66000 24.22920 24.42670 23.77580 22.55330 24.54250 24.83920 25.35330 27.06000 27.71080
-9999 42.35750 43.48330 43.54330 43.81170 43.66750 43.89750 44.11750 45.75750 45.74670 45.63330 46.61670 46.59420 46.39000 45.96670 45.75420 45.44330 44.84670 44.39500 42.96080 43.31750 43.82080 41.88420 41.92080 41.52080 41.26670 40.76920 41.12330 41.40750 41.42580 43.20330 43.57750 44.24250 46.53250 47.82250 51.03920 54.65080 55.53330 58.92830 63.33250 64.25000 67.33670 67.86500 67.55330 67.34830 64.99580 61.99420 59.90580 56.11170 53.57750 47.57500 42.63580 40.01250 37.48000 34.83580 32.67580 30.32000 29.46750 27.30250 27.21750 25.59250 25.36500 25.40500 24.62080 24.55170 24.38420 26.38170 26.68580 26.72330 27.20750 27.14830
-9999 44.45830 44.74750 44.30330 44.40250 45.49330 45.53580 45.77920 45.81420 46.03080 47.40330 47.08080 47.27000 46.64750 46.37920 46.05080 45.75670 44.93080 45.06250 43.27080 43.34330 43.95500 42.39670 42.24500 41.73330 41.22670 40.41830 40.52750 40.49830 40.89750 40.97000 42.87670 43.26420 43.95420 46.30000 47.40250 50.22670 51.32080 54.71580 57.52250 58.63750 59.46830 62.07170 62.29080 59.90170 59.50500 57.14080 55.00580 52.58000 49.81920 47.03670 42.74330 39.96750 35.91250 33.55170 31.09170 28.46500 28.22830 27.96000 26.20500 27.60170 25.79330 25.72420 27.26920 26.80080 26.43580 26.91500 27.27420 29.09250 29.32500 29.87170
-9999 -9999 -9999 46.27500 46.55830 46.68830 46.42580 46.67080 46.59830 47.03330 48.75580 49.64920 49.88830 49.61580 46.99580 46.31330 46.35170 45.98250 45.95750 45.96750 44.44330 44.89250 42.74170 43.12000 42.32000 41.75000 40.19750 39.82080 40.51500 40.59580 40.72000 40.65750 40.73330 42.70250 43.49080 45.64750 46.04330 49.40420 50.23170 52.38500 52.44250 53.37500 55.11170 55.88500 54.49920 54.45830 53.19920 53.34000 51.30080 47.64750 45.29250 42.39000 38.40500 35.99580 33.11670 30.96330 28.79080 28.85250 28.42500 28.35000 28.33170 27.80500 27.74830 27.54170 26.95420 28.57420 29.46080 29.56170 31.61830 31.64830 32.21330
-9999 -9999 -9999 -9999 -9999 -9999 48.92170 49.05500 48.99670 49.27250 49.46250 48.81000 49.20580 48.93920 48.78670 48.59750 47.34000 47.34170 47.01920 47.56500 47.72920 46.35420 46.38080 44.55000 44.36920 43.82920 42.16670 41.32080 41.13250 39.43000 41.14500 41.25750 40.73420 40.94830 42.98920 43.50080 43.65500 45.60830 45.89920 47.80330 48.18830 48.30420 50.28750 51.23500 50.17580 51.39580 51.93250 50.82920 49.62080 47.69080 45.40670 40.65500 38.65250 35.86920 33.78670 31.69250 29.56500 29.58000 29.07750 28.92000 28.66580 28.19330 26.91500 27.19580 28.90330 28.87920 30.95750 31.50250 33.38000 33.91920 36.11250
-9999 -9999 -9999 -9999 -9999 -9999 49.21750 49.18670 49.58920 49.91750 50.00000 49.56330 49.54750 49.91250 49.97080 50.15250 50.64000 51.16920 50.39670 50.41420 50.61500 49.01420 48.95420 49.52420 47.39330 46.79920 45.05250 42.50920 42.18670 41.84170 41.63080 41.13000 40.75080 42.34080 42.51170 41.63670 43.21750 43.07080 44.54830 44.80420 44.52420 46.56920 47.49170 47.63920 49.22080 48.32830 49.82330 48.80330 50.36750 49.13500 46.64000 43.49580 38.13250 35.42080 33.28250 33.25830 31.26250 31.21420 31.22080 30.52250 28.69830 30.21420 29.71420 28.68250 30.70170 30.64750 32.82080 32.87670 35.16500 37.10830 37.80670
-9999 -9999 -9999 -9999 -9999 -9999 -9999 -9999 -9999 -9999 51.95830 51.89830 50.03920 50.43420 51.11580 52.08580 52.87580 54.09170 55.19580 53.66920 54.04920 54.16000 52.64500 52.42670 52.24580 49.31580 49.01170 46.81750 44.74750 44.39920 44.19830 43.64250 43.02500 42.13500 43.63500 42.16500 41.38670 42.82000 42.48580 41.99920 43.70670 43.48420 43.75500 44.78920 45.34830 46.76250 46.19420 47.79330 49.52000 48.36920 46.23580 41.76000 37.85080 35.03080 35.37920 34.25330 34.58670 33.14830 33.00080 31.91000 33.23580 33.06670 32.86170 32.34500 32.02500 33.89420 34.16670 36.54580 38.79080 41.08420 43.17580
-9999 -9999 -9999 -9999 -9999 -9999 -9999 -9999 -9999 -9999 51.68830 51.71000 52.27580 52.89670 54.84330 55.05920 57.02750 58.08250 59.16670 59.82000 59.47250 57.08170 56.88750 54.84170 54.99830 52.21000 51.48500 49.16000 47.48500 44.98750 44.31500 43.58330 43.22080 44.06500 43.14420 41.91750 42.51500 41.79170 41.12170 42.65000 42.36750 43.43750 43.14000 43.43330 44.50670 43.65830 44.37580 45.16830 43.68330 44.21920 41.93420 39.51830 37.93830 36.36250 35.12670 35.69080 36.23250 36.74000 35.47580 35.10250 35.02500 36.53670 35.98170 37.48080 36.97250 38.73420 39.31670 41.75670 42.01420 44.37750 45.79580
-9999 -9999 -9999 -9999 -9999 -9999 -9999 -9999 -9999 -9999 -9999 -9999 52.18500 53.60250 57.14420 61.05420 64.11080 63.76830 64.02500 62.68830 62.10330 61.41080 59.50330 59.23830 56.61750 53.52330 53.40080 50.81170 47.19830 46.52580 45.86670 45.17170 44.42580 43.78170 44.89500 43.06250 41.61420 41.61080 40.83500 42.04580 41.28330 41.36330 40.83000 40.79830 41.67000 42.34920 42.48170 42.62580 41.24170 41.07330 39.23170 38.96000 37.51500 36.10000 35.74830 34.63330 35.28920 35.63170 37.09750 36.75830 36.24670 37.71330 39.15000 38.77000 40.00000 40.11580 42.67580 45.10000 44.97330 47.08080 47.28080
-9999 -9999 -9999 -9999 -9999 -9999 -9999 -9999 -9999 -9999 -9999 -9999 53.39000 55.65420 58.56000 61.95000 65.12670 67.05330 66.99420 65.95830 65.41920 62.43420 62.74500 59.72830 56.92330 56.58330 53.88830 51.49670 48.57420 48.11580 44.40830 43.72170 45.19080 43.87920 42.69080 42.48830 41.00920 40.30000 40.72250 42.18500 41.09080 40.10830 40.15750 40.02170 40.76250 41.24670 41.32750 41.57580 42.03500 38.83580 39.76580 38.52170 38.56330 37.66920 36.17750 36.84170 37.37000 37.45500 39.07500 38.97000 40.44250 40.62670 42.08000 41.82500 43.66580 45.51420 45.53330 47.57920 49.54750 49.40080 50.28500
-9999 -9999 -9999 -9999 -9999 -9999 -9999 -9999 -9999 -9999 -9999 53.60330 55.03170 56.94670 58.95420 61.62250 63.98750 64.34250 65.77420 65.93500 64.13250 64.50830 62.25580 61.20580 59.10420 57.21250 54.29750 51.63330 48.72080 47.55170 44.49670 43.48330 41.86080 42.62000 41.71330 40.04250 40.49420 39.80500 40.36670 41.14670 40.49830 41.34080 40.42830 40.40330 39.49170 40.49920 40.81250 41.12750 40.53000 41.16250 41.96250 41.22830 41.90920 40.99830 39.32250 39.93830 40.40000 42.71580 42.05420 42.13170 44.00750 44.11080 46.57170 48.51580 48.54330 50.35920 51.73750 51.25500 53.16500 51.92000 52.06830
-9999 -9999 -9999 -9999 -9999 -9999 -9999 -9999 -9999 -9999 -9999 52.55500 53.73250 55.29330 57.78500 59.23330 61.00500 62.21080 63.49920 63.80000 64.21830 65.01920 62.52500 60.34580 57.98000 56.70830 54.13580 51.85830 48.85750 47.86250 44.20750 43.00500 41.52330 40.01750 40.45670 38.54420 39.97670 39.07920 40.25330 41.07250 41.96080 40.95920 42.12080 42.39080 40.92750 41.89250 41.95750 42.25920 44.13250 44.00580 45.10420 45.50330 44.52080 43.18580 43.33250 44.32000 44.62000 45.24500 45.70170 48.16670 48.67500 50.01330 50.54000 52.99170 55.15830 54.56000 55.80500 56.13580 55.15500 53.48420 52.06420
