data/hydroclimate-scenarios/BCSD_hadcm_A1B/monthly_summaries/precip_monthly_tot_jun.2030-2059.asc
ncols	311
nrows	91
xllcenter	102.75
yllcenter	31.75
cellsize	0.5
NODATA_value	-9999
[rows 0 to 31 of 91, columns 0 to 70 of 311]
-9999 -9999 -9999 -9999 -9999 -9999 -9999 -9999 -9999 -9999 -9999 -9999 -9999 -9999 -9999 -9999 -9999 -9999 -9999 -9999 -9999 -9999 -9999 -9999 -9999 -9999 -9999 -9999 -9999 -9999 -9999 -9999 -9999 -9999 -9999 -9999 -9999 -9999 -9999 -9999 -9999 -9999 -9999 -9999 -9999 -9999 -9999 -9999 -9999 -9999 -9999 -9999 -9999 -9999 -9999 -9999 -9999 -9999 -9999 -9999 -9999 -9999 -9999 -9999 -9999 -9999 -9999 -9999 -9999 -9999 -9999
-9999 -9999 -9999 -9999 -9999 -9999 -9999 -9999 -9999 -9999 -9999 -9999 -9999 -9999 -9999 -9999 -9999 -9999 -9999 -9999 -9999 -9999 -9999 -9999 -9999 -9999 -9999 -9999 -9999 -9999 -9999 -9999 -9999 -9999 -9999 -9999 -9999 -9999 -9999 -9999 -9999 -9999 -9999 -9999 -9999 -9999 -9999 -9999 -9999 -9999 -9999 -9999 -9999 -9999 -9999 -9999 -9999 -9999 -9999 -9999 -9999 -9999 -9999 -9999 -9999 -9999 -9999 -9999 -9999 -9999 -9999
-9999 -9999 -9999 -9999 -9999 -9999 -9999 -9999 -9999 -9999 -9999 -9999 -9999 -9999 -9999 -9999 -9999 -9999 -9999 -9999 -9999 -9999 -9999 -9999 -9999 -9999 -9999 -9999 -9999 -9999 -9999 -9999 -9999 -9999 -9999 -9999 -9999 -9999 -9999 -9999 -9999 -9999 -9999 -9999 -9999 -9999 -9999 -9999 -9999 -9999 -9999 -9999 -9999 -9999 -9999 -9999 -9999 -9999 -9999 -9999 -9999 -9999 -9999 -9999 -9999 -9999 -9999 -9999 -9999 -9999 -9999
-9999 -9999 -9999 -9999 -9999 -9999 -9999 -9999 -9999 -9999 -9999 -9999 -9999 -9999 -9999 -9999 -9999 -9999 -9999 -9999 -9999 -9999 -9999 -9999 -9999 -9999 -9999 -9999 -9999 -9999 -9999 -9999 -9999 -9999 -9999 -9999 -9999 -9999 -9999 -9999 -9999 -9999 -9999 -9999 -9999 -9999 -9999 -9999 -9999 -9999 -9999 -9999 -9999 -9999 -9999 -9999 -9999 -9999 -9999 -9999 -9999 -9999 -9999 -9999 -9999 -9999 -9999 -9999 -9999 -9999 -9999
-9999 -9999 -9999 -9999 -9999 -9999 -9999 -9999 -9999 -9999 -9999 -9999 -9999 -9999 -9999 -9999 -9999 -9999 -9999 -9999 -9999 -9999 -9999 -9999 -9999 -9999 -9999 -9999 -9999 -9999 -9999 -9999 -9999 -9999 -9999 -9999 -9999 -9999 -9999 -9999 -9999 -9999 -9999 -9999 -9999 -9999 -9999 -9999 -9999 -9999 -9999 -9999 -9999 -9999 -9999 -9999 -9999 -9999 -9999 -9999 -9999 -9999 -9999 -9999 -9999 -9999 -9999 -9999 -9999 -9999 -9999
-9999 -9999 -9999 -9999 -9999 -9999 -9999 -9999 -9999 -9999 -9999 -9999 -9999 -9999 -9999 -9999 -9999 -9999 -9999 -9999 -9999 -9999 -9999 -9999 -9999 -9999 -9999 -9999 -9999 -9999 -9999 -9999 -9999 -9999 -9999 -9999 -9999 -9999 -9999 -9999 -9999 -9999 -9999 -9999 -9999 -9999 -9999 -9999 -9999 -9999 -9999 -9999 -9999 -9999 -9999 -9999 -9999 -9999 -9999 -9999 -9999 -9999 -9999 -9999 -9999 -9999 -9999 -9999 -9999 -9999 -9999
-9999 -9999 -9999 -9999 -9999 -9999 -9999 -9999 -9999 -9999 -9999 -9999 -9999 -9999 -9999 -9999 -9999 -9999 -9999 -9999 -9999 -9999 -9999 -9999 -9999 -9999 -9999 -9999 -9999 -9999 -9999 -9999 -9999 -9999 -9999 -9999 -9999 -9999 -9999 -9999 -9999 -9999 -9999 -9999 -9999 -9999 -9999 -9999 -9999 -9999 -9999 -9999 -9999 -9999 -9999 -9999 -9999 -9999 -9999 -9999 -9999 -9999 -9999 -9999 -9999 -9999 -9999 -9999 -9999 -9999 -9999
-9999 -9999 -9999 -9999 -9999 -9999 -9999 -9999 -9999 -9999 -9999 -9999 -9999 -9999 -9999 -9999 -9999 -9999 -9999 -9999 -9999 -9999 -9999 -9999 -9999 -9999 -9999 -9999 -9999 -9999 -9999 -9999 -9999 -9999 -9999 -9999 -9999 -9999 -9999 -9999 -9999 -9999 44.35920 44.89170 44.29000 44.21330 44.45670 44.34250 40.31670 39.93000 39.84080 39.17500 -9999 -9999 -9999 -9999 -9999 -9999 -9999 -9999 -9999 -9999 -9999 -9999 -9999 -9999 -9999 -9999 -9999 -9999 -9999
-9999 -9999 -9999 -9999 -9999 -9999 -9999 -9999 -9999 -9999 -9999 -9999 -9999 -9999 -9999 -9999 -9999 -9999 -9999 -9999 -9999 -9999 -9999 -9999 -9999 -9999 -9999 -9999 -9999 -9999 -9999 -9999 -9999 -9999 -9999 -9999 -9999 -9999 47.05170 50.20420 49.67000 47.58000 47.19080 46.09170 45.18000 44.74080 43.18420 43.38080 43.36580 41.40580 39.80000 40.21750 38.07330 39.69920 -9999 -9999 -9999 -9999 -9999 -9999 -9999 -9999 -9999 -9999 -9999 -9999 -9999 -9999 -9999 -9999 -9999
-9999 -9999 -9999 -9999 -9999 -9999 -9999 -9999 -9999 -9999 -9999 -9999 -9999 -9999 -9999 -9999 -9999 -9999 -9999 -9999 -9999 -9999 -9999 -9999 -9999 -9999 -9999 -9999 -9999 -9999 -9999 -9999 -9999 -9999 -9999 -9999 -9999 -9999 -9999 -9999 46.91580 46.76000 48.16830 49.02080 46.71080 47.68250 45.68500 43.73920 44.12420 43.95670 43.53000 41.38170 39.44920 40.48830 -9999 -9999 -9999 -9999 -9999 -9999 -9999 -9999 -9999 -9999 -9999 -9999 -9999 -9999 -9999 -9999 -9999
-9999 -9999 -9999 -9999 -9999 -9999 -9999 -9999 -9999 -9999 -9999 -9999 -9999 -9999 -9999 -9999 -9999 -9999 -9999 -9999 -9999 -9999 -9999 -9999 -9999 -9999 -9999 -9999 -9999 -9999 -9999 -9999 -9999 -9999 -9999 -9999 -9999 -9999 -9999 -9999 -9999 -9999 -9999 -9999 49.26750 50.23250 50.43750 50.56170 49.02420 48.16420 47.47750 48.35170 43.59170 43.15500 -9999 -9999 -9999 -9999 -9999 -9999 32.77080 -9999 -9999 -9999 -9999 -9999 -9999 -9999 -9999 -9999 -9999
-9999 -9999 -9999 -9999 -9999 -9999 -9999 -9999 -9999 -9999 -9999 -9999 -9999 -9999 -9999 -9999 -9999 -9999 -9999 -9999 -9999 -9999 -9999 -9999 -9999 -9999 -9999 -9999 -9999 -9999 -9999 -9999 -9999 -9999 -9999 -9999 -9999 -9999 -9999 -9999 -9999 54.20330 54.01420 55.35330 54.57920 51.13750 53.09080 54.02000 52.74420 51.27170 52.04330 52.04580 46.89670 44.72170 -9999 -9999 -9999 -9999 -9999 34.96080 33.39000 31.78920 31.95750 30.55330 30.25920 29.85170 29.76170 28.52580 28.38500 27.08920 27.26750
-9999 -9999 -9999 -9999 -9999 -9999 -9999 -9999 -9999 -9999 -9999 -9999 -9999 -9999 -9999 -9999 -9999 -9999 -9999 -9999 -9999 -9999 -9999 -9999 -9999 -9999 -9999 -9999 -9999 -9999 -9999 -9999 -9999 -9999 -9999 -9999 -9999 -9999 -9999 -9999 -9999 54.63250 56.36000 55.64080 51.90920 52.98920 52.16580 51.90080 53.19330 52.57080 52.27000 55.77830 54.08580 50.47330 46.83000 45.99670 41.24830 -9999 36.10920 36.19170 34.40170 34.38580 33.14080 34.02170 33.97920 32.84580 31.20670 31.22170 29.95000 30.00750 30.39920
-9999 -9999 -9999 -9999 -9999 -9999 -9999 -9999 -9999 -9999 -9999 -9999 -9999 -9999 -9999 -9999 -9999 -9999 -9999 -9999 -9999 -9999 -9999 -9999 -9999 -9999 -9999 -9999 -9999 -9999 -9999 -9999 -9999 -9999 -9999 51.03670 51.64830 53.59920 53.71830 51.23330 51.66580 51.90580 53.84920 53.47750 53.32420 53.22080 52.89920 54.15000 53.81750 56.60000 58.64080 59.10580 61.39750 57.37420 55.27830 54.27080 48.09500 43.10500 38.59250 37.16500 35.36080 35.43580 35.39080 40.17000 37.72170 33.74170 33.77170 34.18000 32.89670 32.89000 33.13580
-9999 -9999 -9999 -9999 -9999 -9999 -9999 -9999 -9999 -9999 -9999 -9999 -9999 -9999 -9999 -9999 -9999 -9999 -9999 -9999 -9999 -9999 -9999 -9999 -9999 -9999 -9999 -9999 -9999 -9999 -9999 -9999 -9999 -9999 50.05920 52.89500 53.75080 52.49000 53.45080 52.36420 51.24000 51.48330 51.99580 51.27170 52.76080 52.25420 52.40580 55.07250 57.64920 61.63330 63.78920 64.87830 66.86170 67.37500 63.44830 56.86580 50.03580 45.11080 39.36080 37.86580 37.88580 40.11750 39.91170 40.73830 36.01920 34.75920 36.30750 37.93250 41.71670 39.42920 42.58830
-9999 -9999 -9999 -9999 -9999 -9999 -9999 -9999 -9999 -9999 -9999 -9999 -9999 -9999 -9999 -9999 -9999 -9999 -9999 -9999 -9999 -9999 -9999 -9999 -9999 -9999 -9999 -9999 -9999 -9999 -9999 -9999 -9999 50.05580 50.49830 50.74830 51.44080 51.67080 52.21080 49.51420 50.18250 52.20170 52.28920 52.14250 51.64920 52.66580 53.45750 55.78830 62.51670 65.74080 67.79500 71.96080 76.22420 68.58420 61.25500 56.56670 53.85580 44.95500 40.74250 40.67830 41.91920 39.13330 36.62830 35.44670 36.33580 38.40330 39.70080 41.24420 42.96580 41.30250 43.40920
-9999 -9999 -9999 -9999 -9999 -9999 -9999 -9999 -9999 -9999 -9999 -9999 -9999 -9999 -9999 -9999 -9999 -9999 -9999 -9999 -9999 -9999 -9999 -9999 -9999 -9999 -9999 -9999 -9999 -9999 -9999 48.95920 49.27170 51.04000 50.16420 50.35670 50.84750 49.64500 50.24170 48.94170 51.02500 51.38920 51.63670 50.79670 51.53080 53.80750 53.46750 53.91250 58.58330 61.68830 66.03580 67.88420 76.61250 69.87580 63.28500 57.37330 50.27080 46.70830 48.20420 44.03670 40.86000 37.83330 38.02580 34.62920 37.21330 39.78500 40.29670 39.00170 40.21080 45.78580 49.29250
-9999 -9999 -9999 -9999 -9999 -9999 -9999 -9999 -9999 -9999 -9999 -9999 -9999 -9999 -9999 -9999 -9999 -9999 -9999 -9999 -9999 -9999 -9999 -9999 -9999 -9999 -9999 -9999 -9999 48.26080 48.90750 51.40500 51.56670 52.28000 51.09750 50.16250 50.37920 50.71920 51.18420 50.11670 50.54000 51.41000 51.94580 52.36420 52.74420 54.36420 54.71080 56.43750 63.47830 66.64250 68.90830 73.77250 76.77830 68.21330 66.28420 60.36250 52.84580 49.17670 45.54250 40.70330 39.44080 39.41000 39.47000 38.65920 37.73750 39.23500 42.88170 45.79420 47.48330 47.55250 46.25330
-9999 -9999 -9999 -9999 -9999 -9999 -9999 -9999 -9999 -9999 -9999 -9999 -9999 -9999 -9999 -9999 -9999 -9999 -9999 -9999 -9999 -9999 -9999 -9999 53.97830 52.95000 52.68500 50.25750 49.64080 50.12580 52.02670 49.37330 50.15420 50.45420 50.98500 50.51830 50.87170 51.29580 51.70000 50.74830 49.80330 50.12330 52.13670 51.83330 51.98500 53.57080 53.42670 59.48330 64.92250 66.08580 66.22670 72.71330 71.77250 64.76670 60.96920 56.34250 52.44330 49.55920 47.98830 43.53670 40.14250 38.90080 36.90500 36.81670 38.22670 40.84920 40.07080 40.39080 42.84670 45.90920 56.19500
-9999 -9999 -9999 -9999 -9999 -9999 56.57830 54.76500 54.20750 53.88170 52.68420 -9999 -9999 -9999 -9999 -9999 -9999 -9999 -9999 -9999 -9999 52.80920 56.53420 55.56580 54.72580 55.56830 53.37830 52.91000 52.57580 52.16830 50.74830 49.74170 49.69500 50.09920 50.61830 49.45420 49.83920 48.99580 49.39170 48.22330 48.56170 49.10830 50.14420 50.88670 51.79670 54.10920 54.48750 58.21670 63.71580 66.27000 68.92830 72.40500 73.57580 68.12080 60.45670 56.58580 54.66420 52.14500 47.44000 43.70750 42.85580 41.83920 43.02670 44.39670 45.77750 41.25580 39.94920 43.84670 45.32250 45.35920 47.92750
-9999 -9999 -9999 -9999 -9999 56.93250 56.41920 58.48830 55.53250 56.39000 54.49580 55.96170 55.43000 56.40580 -9999 -9999 -9999 54.26920 53.71920 54.19830 54.51170 55.43250 55.73170 55.43670 55.71080 54.14000 53.66170 52.04000 53.53000 52.49580 49.72420 48.59170 47.73170 47.51420 46.19500 47.42000 47.40920 46.52330 46.66580 46.19670 46.52250 46.75250 47.37670 48.71920 50.17170 52.57500 57.94580 63.18830 66.48830 69.27920 71.61580 73.14830 70.73500 66.24170 63.52750 62.10580 60.91920 55.52750 49.58580 48.23170 46.02580 47.17420 47.33250 44.51250 49.52330 53.53580 52.51580 52.41920 49.71580 51.43920 52.63250
-9999 57.76250 58.15580 56.80920 57.90170 57.63080 57.84170 57.31750 56.87670 55.39250 56.21000 57.16000 57.58500 56.10830 56.05920 54.73170 52.23250 55.26330 55.02330 53.92750 54.21830 54.53250 54.82500 54.51500 53.92670 54.95500 54.87670 53.38330 53.00830 52.08580 48.58170 47.07250 45.95080 46.31420 46.08330 46.07830 45.24830 46.14750 45.00170 43.63830 44.05830 44.57920 45.32920 46.71750 48.07000 51.11330 56.83670 60.69330 66.00580 67.34170 70.42670 74.83000 74.36580 74.49750 73.00830 70.53580 65.63000 57.26420 56.33920 53.69000 50.10830 50.99170 53.73330 52.35670 55.74170 55.83170 51.84420 55.72000 53.14170 57.63830 62.31250
-9999 59.22000 56.95000 56.87500 55.70170 56.46670 55.70080 55.51670 54.99080 55.77750 55.70830 56.34420 57.51080 57.14080 57.04170 57.10080 56.84170 56.97670 57.24750 56.14830 58.04000 58.45500 56.79330 54.82500 54.87330 54.36670 53.57500 54.27250 53.63250 51.65750 49.72500 46.69170 46.45080 45.29920 44.81080 44.96670 43.42670 43.50080 44.05080 43.68500 43.40330 43.89080 44.21830 44.62580 46.45170 48.19420 51.38250 56.52920 61.92830 67.20080 68.03830 74.15080 75.29500 81.95420 81.86330 75.34000 70.91080 66.33330 62.43420 60.95330 57.00170 58.03500 57.73830 55.16330 57.43670 58.61170 59.60920 57.54580 58.48080 59.75500 60.42080
-9999 -9999 -9999 60.05250 59.20830 56.67080 56.40580 55.56000 55.24580 53.60500 54.43920 53.46670 54.33920 54.60330 55.33420 55.53830 55.89830 55.11500 56.15500 57.01330 58.40580 59.12830 57.69670 57.03500 56.01830 54.49830 53.52000 53.38750 51.30920 50.13170 48.03250 46.50580 46.06500 44.12080 44.12170 42.37330 43.61080 42.54500 42.18420 42.25580 42.06580 42.69250 43.92830 44.59750 45.08420 46.74330 50.01170 55.93080 59.27000 63.01920 68.08330 73.59670 78.19580 82.12830 79.43330 80.35670 75.49420 71.58750 69.92000 66.08420 60.80170 62.67420 62.33670 61.59000 60.11830 59.83830 58.20250 61.47500 62.67250 65.32670 65.56330
-9999 -9999 -9999 -9999 -9999 -9999 56.01750 55.79750 54.80580 53.35250 53.02500 53.56000 52.31080 52.52670 52.93500 54.24420 54.41000 54.70580 54.58170 56.77830 57.01250 57.17920 57.55670 56.64830 55.74000 56.45080 54.03420 52.28330 51.40000 49.96670 47.65170 47.33250 45.35580 44.66000 42.98670 41.76580 42.33330 41.44250 42.16420 42.12830 43.69580 42.64500 44.23830 43.48000 45.14500 47.10080 48.12420 56.63580 58.84250 64.64500 70.74830 78.84420 80.62750 75.18170 79.21080 80.44830 77.36170 78.36420 78.62080 71.84580 71.12420 69.25500 68.15920 67.67420 64.45920 65.76750 60.78580 63.90750 67.24920 68.18000 68.15830
-9999 -9999 -9999 -9999 -9999 -9999 55.84920 55.74580 54.07170 54.66670 54.25000 53.62330 52.30920 51.63670 53.28920 54.63080 55.26920 56.03670 57.36080 59.29330 59.37170 59.80420 59.63000 58.52830 57.51500 55.43500 53.14500 52.53580 51.44420 50.33750 49.39920 47.18670 45.22420 44.60500 43.53920 42.00170 40.57000 40.11500 40.29330 42.57580 42.89500 43.45420 44.71000 45.38750 46.27080 46.98420 48.36080 50.31420 53.61170 57.03170 62.89080 66.45580 69.18000 71.53000 73.02080 69.25080 69.80670 73.57670 69.54420 70.17330 74.81670 71.43170 69.27830 65.93670 66.67000 61.69920 62.87000 63.02170 64.04000 66.07250 70.44080
-9999 -9999 -9999 -9999 -9999 -9999 -9999 -9999 -9999 -9999 52.13080 53.32670 53.15420 50.56670 52.18420 55.51420 56.55000 57.57330 58.25830 58.73330 59.50670 60.46830 59.70920 59.71920 58.90330 59.01420 57.00920 53.14580 52.19420 51.66920 49.53250 48.74080 46.33670 45.50670 43.51000 41.28080 41.06330 39.79000 39.44330 41.09080 42.45830 44.19420 44.56080 46.47920 46.37000 46.96080 48.93080 49.64250 50.08580 52.04500 51.91830 53.36080 54.86580 54.54580 54.01000 54.37580 55.44580 56.87170 56.37830 56.54080 54.83000 56.54330 55.63170 57.79170 58.63080 55.81250 56.99080 59.33250 63.08670 64.31670 68.39170
-9999 -9999 -9999 -9999 -9999 -9999 -9999 -9999 -9999 -9999 49.17920 50.23000 51.68250 50.52330 52.98420 56.62250 57.52000 58.28830 60.89500 61.65500 62.23750 61.63670 61.46750 61.83920 60.48000 58.15580 55.83830 54.69000 52.50750 51.69330 49.47170 48.51000 47.79250 45.16000 45.42670 43.50330 42.66500 42.40000 42.99000 44.24830 44.87920 46.21000 46.80420 47.93830 48.27080 50.01500 50.49670 50.43000 50.85500 51.02000 50.01920 51.30580 51.51580 51.08500 49.62420 51.10670 50.92170 51.05580 50.20420 50.99830 49.25500 48.56750 46.58250 46.62580 45.39080 46.37330 49.72580 51.74580 55.16580 62.87420 67.44420
-9999 -9999 -9999 -9999 -9999 -9999 -9999 -9999 -9999 -9999 -9999 -9999 49.67750 54.14080 55.87250 57.57830 56.33250 56.05750 59.44920 61.57250 61.21080 62.69170 61.50250 61.38750 60.05830 57.50580 56.30580 56.47580 54.86750 51.73170 49.43830 49.36000 48.46830 47.28170 45.98080 44.82580 44.54420 45.43000 45.72750 47.29920 47.13750 47.95250 49.85420 50.28580 49.98500 49.99920 51.53500 50.83170 52.09920 50.78920 51.09000 52.17500 51.31670 51.23830 49.06000 48.92670 48.95750 51.38580 50.84670 50.17750 49.52170 47.41580 46.35420 45.10500 44.32580 44.90420 46.93500 49.06580 52.33080 57.77830 66.50830
-9999 -9999 -9999 -9999 -9999 -9999 -9999 -9999 -9999 -9999 -9999 -9999 49.86750 52.56750 55.00170 56.15500 56.15250 57.03000 61.19330 62.23750 62.45500 64.38920 63.57920 60.55920 61.97670 59.46000 58.25420 55.75920 55.34420 52.26250 49.94250 50.29750 49.02500 48.78170 48.88170 46.72580 46.98000 50.36580 49.40000 49.53750 49.66080 50.12830 50.83420 51.26420 51.00330 52.51500 52.33000 52.61170 52.58750 53.13830 53.94830 52.95750 51.36330 50.38000 47.98830 48.28170 49.51170 50.95830 51.36830 49.62170 48.48330 47.96170 46.23420 45.29080 45.19420 45.64420 46.65580 49.21580 53.69580 59.97170 64.07500
-9999 -9999 -9999 -9999 -9999 -9999 -9999 -9999 -9999 -9999 -9999 49.48250 50.55670 50.35250 51.52670 57.14170 59.76250 60.02000 61.84500 63.98920 60.44170 64.78000 63.50750 63.26830 63.49500 62.77670 61.38000 60.04580 56.04500 53.98330 51.46500 50.31170 50.68580 49.43670 49.16420 47.33000 48.41500 51.49330 52.64580 55.26330 55.96670 56.38580 57.05670 57.04330 55.78830 53.41830 53.52500 53.62330 54.52250 54.82830 54.79920 53.90920 52.86750 51.67750 48.06330 49.11000 50.27330 51.55330 51.00000 50.56000 48.69170 48.14080 47.57750 46.79000 45.84330 46.39170 48.74500 53.00420 56.86080 62.82330 68.75330
-9999 -9999 -9999 -9999 -9999 -9999 -9999 -9999 -9999 -9999 -9999 49.22670 48.95000 51.22670 52.41420 57.01580 58.75500 59.88830 61.93330 62.82000 62.83000 64.76330 64.85920 63.69920 63.22920 63.04580 62.74080 61.64830 58.67670 58.49080 55.59580 54.12670 52.99000 52.07830 51.97500 49.93330 51.06920 53.91080 56.38580 56.89330 58.09420 59.19330 60.04830 60.21830 59.40000 57.91250 57.12500 57.14250 57.42580 55.73330 55.68080 54.96580 54.42580 54.15000 52.54000 52.44250 53.33420 52.99000 51.46330 51.65330 49.52830 49.52330 47.38330 47.45500 46.45750 46.93420 50.54420 53.19920 59.50580 65.47920 66.01500
