data/hydroclimate-scenarios/BCSD_hadcm_A1B/monthly_summaries/precip_monthly_tot_apr.2070-2099.asc
ncols	311
nrows	91
xllcenter	102.75
yllcenter	31.75
cellsize	0.5
NODATA_value	-9999
[rows 0 to 31 of 91, columns 71 to 141 of 311]
-9999 -9999 -9999 -9999 -9999 -9999 -9999 -9999 -9999 -9999 -9999 -9999 -9999 -9999 -9999 -9999 -9999 -9999 -9999 -9999 -9999 -9999 -9999 -9999 -9999 -9999 -9999 -9999 -9999 -9999 -9999 -9999 -9999 -9999 -9999 -9999 -9999 -9999 -9999 -9999 -9999 -9999 -9999 -9999 -9999 -9999 -9999 -9999 -9999 -9999 -9999 -9999 -9999 -9999 -9999 -9999 -9999 -9999 -9999 -9999 -9999 -9999 -9999 -9999 -9999 -9999 -9999 -9999 -9999 -9999 -9999
-9999 -9999 -9999 -9999 -9999 -9999 -9999 -9999 -9999 -9999 -9999 -9999 -9999 -9999 -9999 -9999 -9999 -9999 -9999 -9999 -9999 -9999 -9999 -9999 -9999 -9999 -9999 -9999 -9999 -9999 -9999 -9999 -9999 -9999 -9999 -9999 -9999 -9999 -9999 -9999 -9999 -9999 -9999 -9999 -9999 -9999 -9999 -9999 -9999 -9999 -9999 -9999 -9999 -9999 -9999 -9999 -9999 -9999 -9999 -9999 -9999 -9999 -9999 -9999 -9999 -9999 -9999 -9999 -9999 -9999 -9999
-9999 -9999 -9999 -9999 -9999 -9999 -9999 -9999 -9999 -9999 -9999 -9999 -9999 -9999 -9999 -9999 -9999 -9999 -9999 -9999 -9999 -9999 -9999 -9999 -9999 -9999 -9999 -9999 -9999 -9999 -9999 -9999 -9999 -9999 -9999 -9999 -9999 -9999 -9999 -9999 -9999 -9999 -9999 -9999 -9999 -9999 -9999 -9999 -9999 -9999 -9999 -9999 -9999 -9999 -9999 -9999 -9999 -9999 -9999 -9999 -9999 -9999 -9999 -9999 -9999 -9999 -9999 -9999 -9999 -9999 -9999
-9999 -9999 -9999 -9999 -9999 -9999 -9999 -9999 -9999 -9999 -9999 -9999 -9999 -9999 -9999 -9999 -9999 -9999 -9999 -9999 -9999 -9999 -9999 -9999 -9999 -9999 -9999 -9999 -9999 -9999 -9999 -9999 -9999 -9999 -9999 -9999 -9999 -9999 -9999 -9999 -9999 -9999 -9999 -9999 -9999 -9999 -9999 -9999 -9999 -9999 -9999 -9999 -9999 -9999 -9999 -9999 -9999 -9999 -9999 -9999 -9999 -9999 -9999 -9999 -9999 -9999 -9999 -9999 -9999 -9999 -9999
-9999 -9999 -9999 -9999 -9999 -9999 -9999 -9999 -9999 -9999 -9999 -9999 -9999 -9999 -9999 -9999 -9999 -9999 -9999 -9999 -9999 -9999 -9999 -9999 -9999 -9999 -9999 -9999 -9999 -9999 -9999 -9999 -9999 -9999 -9999 -9999 -9999 -9999 -9999 -9999 -9999 -9999 -9999 -9999 -9999 -9999 -9999 -9999 -9999 -9999 -9999 -9999 -9999 -9999 -9999 -9999 -9999 -9999 -9999 -9999 -9999 -9999 -9999 -9999 -9999 -9999 -9999 -9999 -9999 -9999 -9999
-9999 -9999 -9999 -9999 -9999 -9999 -9999 -9999 -9999 -9999 -9999 -9999 -9999 -9999 -9999 -9999 -9999 -9999 -9999 -9999 -9999 -9999 -9999 -9999 -9999 -9999 -9999 -9999 -9999 -9999 -9999 -9999 -9999 -9999 -9999 -9999 -9999 -9999 -9999 -9999 -9999 -9999 -9999 -9999 -9999 -9999 -9999 -9999 -9999 -9999 -9999 -9999 -9999 -9999 -9999 -9999 -9999 -9999 -9999 -9999 -9999 -9999 -9999 -9999 -9999 -9999 -9999 -9999 -9999 -9999 -9999
-9999 -9999 -9999 -9999 -9999 -9999 -9999 -9999 -9999 -9999 -9999 -9999 -9999 -9999 -9999 -9999 -9999 -9999 -9999 -9999 -9999 -9999 -9999 -9999 -9999 -9999 -9999 -9999 -9999 -9999 -9999 -9999 -9999 -9999 -9999 -9999 -9999 -9999 -9999 -9999 -9999 -9999 -9999 -9999 -9999 -9999 -9999 -9999 -9999 -9999 -9999 -9999 -9999 -9999 -9999 -9999 -9999 -9999 -9999 -9999 -9999 -9999 -9999 -9999 -9999 -9999 -9999 -9999 -9999 -9999 -9999
-9999 -9999 -9999 -9999 -9999 -9999 -9999 -9999 -9999 -9999 -9999 -9999 -9999 -9999 -9999 -9999 -9999 -9999 -9999 -9999 -9999 -9999 -9999 -9999 -9999 -9999 -9999 -9999 -9999 -9999 -9999 -9999 -9999 -9999 -9999 -9999 -9999 -9999 -9999 -9999 -9999 -9999 -9999 -9999 -9999 -9999 -9999 -9999 -9999 -9999 -9999 -9999 -9999 -9999 -9999 -9999 -9999 -9999 -9999 -9999 -9999 -9999 -9999 -9999 -9999 -9999 -9999 -9999 -9999 -9999 -9999
-9999 -9999 -9999 -9999 -9999 -9999 10.48670 -9999 -9999 -9999 -9999 -9999 -9999 -9999 -9999 -9999 -9999 -9999 -9999 -9999 -9999 -9999 -9999 -9999 -9999 -9999 -9999 -9999 -9999 -9999 -9999 -9999 -9999 -9999 -9999 -9999 -9999 -9999 -9999 -9999 -9999 -9999 -9999 -9999 -9999 -9999 -9999 -9999 -9999 -9999 -9999 -9999 -9999 -9999 -9999 -9999 -9999 -9999 -9999 -9999 -9999 -9999 -9999 -9999 -9999 -9999 -9999 -9999 -9999 -9999 -9999
-9999 -9999 11.02920 9.44583 9.99833 12.24670 10.53080 12.82250 13.14250 13.44830 13.62750 13.79920 13.81250 13.73750 13.31000 13.09670 13.27830 12.91250 12.98830 12.85170 12.17920 10.35250 -9999 -9999 -9999 -9999 -9999 -9999 -9999 -9999 -9999 -9999 -9999 -9999 -9999 -9999 -9999 -9999 -9999 -9999 -9999 -9999 -9999 -9999 -9999 -9999 -9999 -9999 -9999 -9999 -9999 -9999 -9999 -9999 -9999 -9999 -9999 -9999 -9999 -9999 -9999 -9999 -9999 -9999 -9999 -9999 -9999 -9999 -9999 -9999 -9999
-9999 -9999 -9999 -9999 9.51833 9.78750 12.31420 12.41170 12.44080 12.93580 13.11500 13.02170 15.85080 15.34580 15.18420 15.16330 14.79000 14.30080 14.29830 14.15500 11.99750 12.32500 -9999 -9999 -9999 -9999 -9999 -9999 -9999 -9999 -9999 -9999 -9999 -9999 -9999 -9999 -9999 -9999 -9999 -9999 -9999 -9999 -9999 -9999 -9999 -9999 -9999 -9999 -9999 -9999 -9999 -9999 -9999 -9999 -9999 -9999 -9999 -9999 -9999 -9999 -9999 -9999 -9999 -9999 -9999 -9999 -9999 -9999 -9999 -9999 -9999
8.22250 8.45417 8.79333 9.11833 9.38083 9.63750 12.09000 12.17250 12.39170 12.63830 12.83080 12.69500 15.25330 15.06580 15.12420 14.69420 14.52250 13.75420 13.86920 13.95330 13.50670 13.69250 11.92250 11.92830 9.70750 9.72667 9.76167 7.58250 -9999 -9999 -9999 -9999 -9999 -9999 -9999 -9999 -9999 -9999 -9999 -9999 -9999 -9999 -9999 -9999 -9999 -9999 -9999 -9999 -9999 -9999 -9999 -9999 -9999 -9999 -9999 -9999 -9999 -9999 -9999 -9999 -9999 -9999 -9999 -9999 -9999 -9999 -9999 -9999 -9999 -9999 -9999
8.02667 8.38500 8.67583 9.00000 9.47500 9.57500 12.07170 12.12500 12.08830 12.33830 12.76670 12.74170 15.19330 14.95170 14.74250 14.46170 13.93580 13.50330 13.74670 13.71580 13.76250 13.35750 13.57330 11.62920 11.66580 9.69417 9.71583 9.86083 9.57833 7.42500 7.55917 7.51417 7.54333 7.53167 7.32083 7.26667 7.03917 7.06333 7.06833 7.27417 7.33833 7.16083 7.07833 -9999 -9999 -9999 -9999 -9999 -9999 -9999 -9999 -9999 -9999 -9999 -9999 -9999 -9999 -9999 -9999 -9999 -9999 -9999 -9999 -9999 -9999 -9999 -9999 -9999 -9999 -9999 -9999
9.70167 9.92250 10.30750 10.64170 10.74420 11.02670 11.44670 11.73500 11.98920 12.26000 12.71420 12.73420 14.99670 14.80080 14.85580 14.48170 14.07080 13.57920 13.33500 13.42170 15.38580 15.44500 13.50000 13.39830 13.60420 11.65830 9.47167 9.62250 9.70000 9.68000 9.64167 9.50750 7.05417 6.99667 6.97917 7.11167 6.94333 6.91833 6.96333 7.12500 7.18000 7.00000 6.89000 6.87417 -9999 -9999 -9999 -9999 -9999 -9999 -9999 -9999 -9999 -9999 -9999 -9999 -9999 -9999 -9999 -9999 -9999 -9999 -9999 -9999 -9999 -9999 -9999 -9999 -9999 -9999 -9999
14.46580 14.39580 12.81420 16.58500 13.40670 13.89420 15.16420 15.39500 16.08830 14.41830 16.96080 17.06500 15.13830 14.99250 15.05670 14.90000 14.29250 13.72000 13.35330 15.34330 15.45000 15.32580 13.32750 13.77330 13.48250 13.85500 11.41580 11.57250 11.26670 11.21080 9.23917 9.13750 9.12167 9.08000 9.19500 9.13250 9.14500 8.89500 8.88583 9.03833 8.81833 8.71667 8.78583 8.52667 -9999 -9999 -9999 -9999 -9999 -9999 -9999 -9999 -9999 -9999 -9999 -9999 -9999 -9999 -9999 5.05000 5.26333 -9999 -9999 -9999 -9999 8.71500 12.04080 13.88920 13.87000 10.42920 10.90750
13.85170 14.02250 14.28170 16.38500 13.20830 11.87080 12.19330 14.57670 14.87830 15.03420 14.59580 14.96250 15.02420 17.61080 17.64920 14.88330 13.90250 13.92670 13.70670 13.62580 13.65830 13.50920 13.94500 11.74000 11.61830 11.59750 11.75170 12.15670 11.91670 11.65580 9.85417 9.55833 9.70667 9.67167 9.61000 9.56583 9.35417 9.50917 9.46583 9.16583 9.21333 9.03583 8.95750 8.65083 8.51250 8.41250 8.37167 8.28333 11.74000 11.84580 11.58920 11.72830 11.46250 9.83333 9.91583 9.99167 6.52750 6.57833 6.77000 7.13000 7.19583 -9999 -9999 -9999 -9999 -9999 10.67920 12.38920 14.19920 16.36170 16.46000
16.46250 13.55750 13.88670 17.42830 14.52420 13.21500 13.62750 12.28250 12.68080 11.28330 12.16920 12.24580 15.00750 15.03250 15.16000 15.04330 14.36500 14.24250 13.88580 13.67330 13.66420 13.62330 11.68580 11.70170 11.77170 11.76670 11.89080 11.86250 11.80080 11.74750 11.46920 11.50170 11.66000 11.59080 9.78833 9.68667 9.61000 9.54417 11.62420 11.46080 11.26250 10.83830 10.58500 10.34670 10.08920 9.96333 9.69417 9.91583 11.84000 13.31250 11.69080 9.75333 11.30000 12.84830 14.65580 11.54500 13.38500 13.58080 13.85750 11.99580 12.25830 12.22000 11.11500 10.80500 10.88830 10.51920 12.32920 12.79330 14.71580 16.66830 18.96330
17.69170 22.05170 13.56420 16.81170 19.01000 16.33420 14.96920 15.46580 10.58670 11.02000 11.69080 12.20580 12.64080 15.33420 15.27830 15.11330 15.07830 14.51420 14.23250 14.01920 13.74420 11.95920 12.18500 11.73500 11.89830 12.13330 12.18580 12.15920 12.13250 12.12420 12.09580 12.10080 11.89000 12.01830 11.90250 11.66170 11.75170 11.65000 11.63080 11.48080 11.23080 11.00420 10.75330 10.44830 10.11000 10.13420 9.86750 10.08670 10.32670 10.23420 11.77330 9.81250 11.34670 11.20500 12.90500 16.58830 17.05420 15.43420 15.59080 15.38670 15.66250 17.20000 15.21580 14.43170 14.46170 14.38330 14.33000 14.00420 15.63830 20.78920 24.98830
18.46670 21.42580 17.32920 12.12420 14.14920 12.60170 11.43250 15.01000 12.33670 11.01750 11.04080 11.50250 12.54830 12.83750 13.10170 13.13580 13.04500 12.82580 12.77920 16.82000 16.39830 14.37920 14.31670 14.61580 12.52580 12.39080 12.35920 12.34580 12.61170 12.60500 12.54170 12.61330 12.45250 12.35670 12.28000 12.16170 12.07080 13.99750 14.04330 13.64580 13.49670 13.02420 14.35670 15.85170 13.81080 12.03580 10.08670 10.26580 10.15500 11.86670 11.73920 13.41000 12.90080 12.70750 12.81250 12.99170 13.31420 17.17080 17.15580 19.02170 19.15000 22.61000 23.68420 21.52670 21.15750 19.86750 20.04750 20.11750 22.16830 24.50830 25.12250
16.55670 19.45580 19.86670 20.38670 16.44500 12.41500 12.44830 14.59080 14.88000 11.89500 18.54000 19.51000 17.68670 14.22250 12.46000 12.59670 13.14000 12.96250 12.99920 14.80830 16.74250 14.74170 14.73080 12.94420 12.76920 12.01420 12.19920 12.21420 12.21250 12.62920 12.40250 14.51580 14.36330 14.24830 13.90580 13.93750 13.86080 15.74420 15.58830 17.01500 16.77580 14.56250 14.36080 13.86920 15.39170 15.22500 13.23670 11.71830 10.03670 13.38830 13.27920 13.29750 14.91580 12.69420 16.00170 17.75250 17.56920 20.93580 18.04580 16.73000 18.49420 18.37080 19.55830 23.79170 25.15250 25.15580 27.77670 25.51420 25.91080 26.30080 26.75500
15.98080 18.55170 20.63670 21.22920 23.00000 16.35580 13.95500 12.66750 13.04500 11.94920 15.76580 22.09330 24.27330 26.71080 21.26000 18.16330 14.49750 12.41170 10.80500 10.73080 10.24420 10.38500 12.36000 12.39500 12.49250 12.54580 14.70000 14.72080 14.45920 14.84670 14.63830 16.50420 16.39080 16.39670 14.10920 15.98330 15.51920 17.69750 17.47830 16.91170 16.26420 18.03080 15.60000 15.32500 15.08830 13.15830 12.99500 13.03000 11.44170 11.37250 11.49080 12.97330 14.56250 14.19750 15.80080 16.23500 19.42500 21.04750 19.55920 23.15170 23.35250 23.43080 22.80750 23.97330 23.59330 23.64420 25.31830 27.14000 27.56170 27.79580 26.88330
21.18000 21.07330 23.13670 23.50420 22.82080 22.01330 22.59080 20.35000 17.71580 13.19830 11.92330 13.94580 16.01830 20.06920 24.71580 25.13750 23.61500 22.03000 16.07250 14.52170 12.54670 12.79830 12.77670 12.73250 12.91420 15.40830 15.19250 15.05330 17.33750 17.20420 16.62080 21.06920 20.36080 20.52670 18.23330 17.80670 17.36170 19.31330 17.13500 18.89580 18.54170 17.52750 15.51500 16.98750 16.71170 16.61920 16.26670 16.28750 14.87170 14.74750 16.58500 17.82330 19.25670 19.21250 18.97250 20.61250 23.94170 22.21330 22.48330 26.07080 24.73670 24.94920 27.14670 25.30420 26.29920 27.23580 29.15750 27.45080 27.73750 27.95250 26.41420
20.02420 22.44920 24.57670 23.80330 24.57330 24.94920 24.23250 21.87170 20.83580 18.06750 16.58500 17.00000 17.30330 15.90080 15.95420 16.52420 19.00670 21.33420 23.51670 22.19750 20.62330 19.03170 15.18080 14.82830 13.07830 15.65920 15.72080 17.65000 19.50580 19.77250 19.11750 21.50420 23.08000 20.32750 21.88670 17.83830 17.38500 19.08500 20.54580 20.26580 18.12920 17.49170 17.02250 16.91830 19.60500 19.51330 19.52080 17.89580 17.96000 21.10250 22.55580 20.84920 22.04420 24.59330 23.11420 26.87170 23.77750 27.04670 23.96670 24.62420 24.97920 26.16580 27.75750 27.61830 30.97670 29.68670 27.63670 26.11420 27.79750 26.82670 26.62330
19.89500 21.10500 20.68250 20.89670 22.92330 24.85750 24.33420 24.86580 23.82750 19.26830 16.10500 23.19920 21.80420 18.71920 22.47170 26.68420 25.39670 12.61170 18.82330 24.67830 25.49000 24.30500 20.90920 14.90750 13.14250 15.26920 15.30500 17.25920 19.78750 19.46330 21.47750 21.36250 21.06500 20.34170 18.08920 17.44830 19.11750 18.82920 20.49080 21.81000 22.93080 20.78920 18.53420 19.58000 16.35580 14.37500 16.05830 17.52920 20.92830 22.56250 22.39000 22.01920 21.53580 22.90250 26.24830 27.80420 26.50420 28.32330 25.12580 25.71250 26.09000 26.81830 28.82750 31.87830 28.55670 28.97420 29.11580 27.93000 28.02750 29.32580 30.18750
21.46330 21.34000 21.88330 21.10750 21.76750 22.53000 22.67330 23.32750 22.12500 20.40080 18.96250 19.67080 19.91330 18.47080 22.15330 22.44330 26.11750 22.75170 17.79080 16.11420 18.52670 18.93580 19.48920 20.11580 16.40830 14.50580 14.56920 16.72080 19.00250 18.65670 20.78920 20.71750 18.06330 19.91580 19.41750 18.56170 18.29170 19.49500 19.45830 20.90500 23.69580 23.08500 22.61420 20.66250 15.60920 15.60500 16.89420 18.74670 20.19330 23.13580 24.73500 23.05670 22.59420 25.10830 24.97920 25.21830 25.20920 25.43330 28.97330 27.91920 28.61920 29.19420 29.42170 29.38170 29.58000 29.89000 30.22420 30.71920 32.86670 32.68920 31.82080
24.46670 24.78170 25.49000 26.17080 25.34080 22.54330 21.36080 20.29920 19.16170 17.52580 20.82420 22.70170 21.38080 18.27000 18.62500 20.51420 20.31500 20.47920 22.04330 20.75750 17.20080 15.46670 14.33080 16.60250 19.08080 19.75580 15.69080 17.74250 19.66330 19.72580 19.61000 19.21580 17.00670 16.79170 18.29670 19.42830 19.12920 21.94920 21.47580 24.23500 26.88330 24.96250 23.07250 25.98750 22.88420 17.90580 18.01250 19.62330 19.57580 22.24750 23.58830 20.47080 20.03670 21.00920 20.75000 22.45580 25.50330 27.47750 27.50920 29.58080 28.68920 30.87920 31.38420 31.70500 32.08580 30.45670 30.98080 31.59830 32.42920 36.31420 37.80420
27.81080 28.35080 30.12170 30.77750 28.61670 27.25500 25.02000 23.49080 21.15920 21.22670 21.10580 21.53420 26.63420 23.32000 18.77920 18.70580 20.57920 22.16580 21.87670 21.57170 19.79170 18.19580 18.94580 19.23580 18.55750 19.01670 21.03000 19.34000 19.04250 20.79080 18.52670 20.20080 18.09830 21.04830 20.75670 18.50830 21.32170 24.42170 23.48920 23.03580 25.99750 27.07250 26.86080 25.34670 23.84920 22.50420 22.23330 22.36000 22.14670 23.69670 23.33920 24.67830 24.23830 25.17250 26.36580 27.91830 28.31580 27.12500 27.62170 27.97830 28.24750 29.74170 31.85500 33.18420 33.39080 33.69580 34.46830 33.72580 39.11330 40.29750 42.11170
26.80330 28.39500 31.91080 32.68830 33.57750 29.79170 28.93000 24.74830 25.46000 22.30250 18.83170 20.72750 22.26000 25.34000 24.03170 22.02920 21.91750 20.31580 20.02000 18.11250 23.07330 19.68500 18.10420 18.90920 18.97670 21.54750 23.95420 22.20000 20.04830 19.87580 21.28500 20.78000 20.77830 22.10000 23.48250 19.66830 22.07920 23.25250 25.84580 27.08000 28.07920 27.92500 28.23830 28.04580 26.67250 25.17920 22.27250 23.79080 25.37920 25.69670 25.60420 26.85170 27.13000 27.16920 28.43000 28.38080 29.93920 30.19420 29.97500 29.89830 31.24250 31.28250 34.05750 35.73670 39.11000 39.15830 39.83250 40.39420 43.43080 41.29420 44.31250
30.38420 30.39750 33.97580 36.37250 35.76080 38.50500 36.10080 32.21500 31.44580 28.26080 24.56000 26.12250 23.93420 25.55170 28.35330 25.41830 21.62080 19.66000 20.22330 20.17170 18.13670 21.50670 21.41750 20.33170 18.58920 17.30080 21.16330 21.03500 19.02080 20.48670 20.36750 20.07500 21.22000 22.66000 22.22920 21.95080 21.59330 25.83250 28.56000 31.08000 29.78920 29.97170 31.39500 28.60250 25.60330 23.51080 22.22170 20.97420 22.76580 23.03500 23.08420 23.31920 25.41580 29.07420 32.64580 34.26920 34.18330 33.28170 32.50670 32.13920 34.08330 35.85580 37.09830 42.12830 43.74000 42.45330 44.96170 48.84830 48.11000 48.15080 49.03830
27.47000 30.22920 33.76920 34.27500 36.63830 37.46830 41.47170 39.74420 35.60000 37.29920 35.03330 32.98420 29.66920 31.12830 29.14080 25.63500 25.62580 22.26830 20.40080 19.72830 21.38500 24.25670 26.33500 23.19830 19.87170 19.99170 21.71330 22.40420 21.84830 25.18080 23.00830 22.43750 24.00920 25.30830 25.09170 24.92420 26.33830 27.48750 30.45670 33.53080 31.70580 30.59580 32.46500 29.47080 24.07500 23.95830 24.19500 24.52000 26.41250 26.84000 -9999 -9999 29.31170 29.90080 31.77420 34.71080 36.18250 36.11000 37.21420 38.53170 38.62920 42.42830 43.70420 47.02000 47.23000 49.13750 49.27330 56.06670 54.28750 51.52580 54.71670
33.74830 32.40830 33.89330 37.07920 38.60830 36.84750 40.41330 37.21330 37.65000 37.14330 36.76670 33.82170 33.83670 34.15000 30.98420 27.40170 28.87420 26.91580 23.70170 25.42920 24.90250 24.69330 24.53500 25.78830 27.81920 26.39750 25.39250 23.73170 24.10420 25.46670 28.31080 26.11080 27.66750 28.98000 29.03330 30.12250 31.82830 28.43000 28.53420 -9999 -9999 -9999 -9999 27.52000 -9999 29.55750 32.79330 31.44420 30.27250 27.42000 -9999 -9999 32.93920 33.01170 34.56830 35.65500 35.42080 37.67920 39.54000 43.47750 43.56330 44.38250 46.02830 47.31920 45.84080 54.24500 54.10500 57.47500 53.41330 52.46580 56.09000
32.10830 33.46830 36.35830 39.35080 39.20670 35.62170 39.94580 38.05830 33.28920 33.65750 32.09500 32.48670 32.99750 33.15080 32.13670 28.15250 30.01580 30.44420 29.61500 28.28170 30.03920 29.09080 29.05250 29.05000 29.24670 28.16250 27.45830 28.08080 28.68830 29.93080 32.37000 33.36330 34.71420 34.56170 36.08250 33.12170 31.15000 -9999 -9999 -9999 -9999 -9999 -9999 -9999 32.13080 33.56670 31.71830 -9999 -9999 -9999 -9999 -9999 33.87670 35.35580 39.74500 39.11420 40.34670 40.91080 41.75000 44.40750 41.91420 42.85170 46.33080 47.37170 47.49580 47.50830 52.94080 58.62420 54.33920 51.67920 -9999
