data/hydroclimate-scenarios/BCSD_hadcm_A1B/monthly_summaries/precip_monthly_tot_dec.2070-2099.asc
ncols	311
nrows	91
xllcenter	102.75
yllcenter	31.75
cellsize	0.5
NODATA_value	-9999
[rows 0 to 31 of 91, columns 0 to 70 of 311]
-9999 -9999 -9999 -9999 -9999 -9999 -9999 -9999 -9999 -9999 -9999 -9999 -9999 -9999 -9999 -9999 -9999 -9999 -9999 -9999 -9999 -9999 -9999 -9999 -9999 -9999 -9999 -9999 -9999 -9999 -9999 -9999 -9999 -9999 -9999 -9999 -9999 -9999 -9999 -9999 -9999 -9999 -9999 -9999 -9999 -9999 -9999 -9999 -9999 -9999 -9999 -9999 -9999 -9999 -9999 -9999 -9999 -9999 -9999 -9999 -9999 -9999 -9999 -9999 -9999 -9999 -9999 -9999 -9999 -9999 -9999
-9999 -9999 -9999 -9999 -9999 -9999 -9999 -9999 -9999 -9999 -9999 -9999 -9999 -9999 -9999 -9999 -9999 -9999 -9999 -9999 -9999 -9999 -9999 -9999 -9999 -9999 -9999 -9999 -9999 -9999 -9999 -9999 -9999 -9999 -9999 -9999 -9999 -9999 -9999 -9999 -9999 -9999 -9999 -9999 -9999 -9999 -9999 -9999 -9999 -9999 -9999 -9999 -9999 -9999 -9999 -9999 -9999 -9999 -9999 -9999 -9999 -9999 -9999 -9999 -9999 -9999 -9999 -9999 -9999 -9999 -9999
-9999 -9999 -9999 -9999 -9999 -9999 -9999 -9999 -9999 -9999 -9999 -9999 -9999 -9999 -9999 -9999 -9999 -9999 -9999 -9999 -9999 -9999 -9999 -9999 -9999 -9999 -9999 -9999 -9999 -9999 -9999 -9999 -9999 -9999 -9999 -9999 -9999 -9999 -9999 -9999 -9999 -9999 -9999 -9999 -9999 -9999 -9999 -9999 -9999 -9999 -9999 -9999 -9999 -9999 -9999 -9999 -9999 -9999 -9999 -9999 -9999 -9999 -9999 -9999 -9999 -9999 -9999 -9999 -9999 -9999 -9999
-9999 -9999 -9999 -9999 -9999 -9999 -9999 -9999 -9999 -9999 -9999 -9999 -9999 -9999 -9999 -9999 -9999 -9999 -9999 -9999 -9999 -9999 -9999 -9999 -9999 -9999 -9999 -9999 -9999 -9999 -9999 -9999 -9999 -9999 -9999 -9999 -9999 -9999 -9999 -9999 -9999 -9999 -9999 -9999 -9999 -9999 -9999 -9999 -9999 -9999 -9999 -9999 -9999 -9999 -9999 -9999 -9999 -9999 -9999 -9999 -9999 -9999 -9999 -9999 -9999 -9999 -9999 -9999 -9999 -9999 -9999
-9999 -9999 -9999 -9999 -9999 -9999 -9999 -9999 -9999 -9999 -9999 -9999 -9999 -9999 -9999 -9999 -9999 -9999 -9999 -9999 -9999 -9999 -9999 -9999 -9999 -9999 -9999 -9999 -9999 -9999 -9999 -9999 -9999 -9999 -9999 -9999 -9999 -9999 -9999 -9999 -9999 -9999 -9999 -9999 -9999 -9999 -9999 -9999 -9999 -9999 -9999 -9999 -9999 -9999 -9999 -9999 -9999 -9999 -9999 -9999 -9999 -9999 -9999 -9999 -9999 -9999 -9999 -9999 -9999 -9999 -9999
-9999 -9999 -9999 -9999 -9999 -9999 -9999 -9999 -9999 -9999 -9999 -9999 -9999 -9999 -9999 -9999 -9999 -9999 -9999 -9999 -9999 -9999 -9999 -9999 -9999 -9999 -9999 -9999 -9999 -9999 -9999 -9999 -9999 -9999 -9999 -9999 -9999 -9999 -9999 -9999 -9999 -9999 -9999 -9999 -9999 -9999 -9999 -9999 -9999 -9999 -9999 -9999 -9999 -9999 -9999 -9999 -9999 -9999 -9999 -9999 -9999 -9999 -9999 -9999 -9999 -9999 -9999 -9999 -9999 -9999 -9999
-9999 -9999 -9999 -9999 -9999 -9999 -9999 -9999 -9999 -9999 -9999 -9999 -9999 -9999 -9999 -9999 -9999 -9999 -9999 -9999 -9999 -9999 -9999 -9999 -9999 -9999 -9999 -9999 -9999 -9999 -9999 -9999 -9999 -9999 -9999 -9999 -9999 -9999 -9999 -9999 -9999 -9999 -9999 -9999 -9999 -9999 -9999 -9999 -9999 -9999 -9999 -9999 -9999 -9999 -9999 -9999 -9999 -9999 -9999 -9999 -9999 -9999 -9999 -9999 -9999 -9999 -9999 -9999 -9999 -9999 -9999
-9999 -9999 -9999 -9999 -9999 -9999 -9999 -9999 -9999 -9999 -9999 -9999 -9999 -9999 -9999 -9999 -9999 -9999 -9999 -9999 -9999 -9999 -9999 -9999 -9999 -9999 -9999 -9999 -9999 -9999 -9999 -9999 -9999 -9999 -9999 -9999 -9999 -9999 -9999 -9999 -9999 -9999 40.78000 42.09750 43.19670 47.93330 48.90580 50.25750 50.56580 56.10080 57.57500 55.83750 -9999 -9999 -9999 -9999 -9999 -9999 -9999 -9999 -9999 -9999 -9999 -9999 -9999 -9999 -9999 -9999 -9999 -9999 -9999
-9999 -9999 -9999 -9999 -9999 -9999 -9999 -9999 -9999 -9999 -9999 -9999 -9999 -9999 -9999 -9999 -9999 -9999 -9999 -9999 -9999 -9999 -9999 -9999 -9999 -9999 -9999 -9999 -9999 -9999 -9999 -9999 -9999 -9999 -9999 -9999 -9999 -9999 36.20750 37.12750 37.45750 40.52420 40.50330 42.05500 46.34830 48.09500 51.79500 53.42420 54.66750 56.38000 56.45080 57.21830 56.11750 45.04750 -9999 -9999 -9999 -9999 -9999 -9999 -9999 -9999 -9999 -9999 -9999 -9999 -9999 -9999 -9999 -9999 -9999
-9999 -9999 -9999 -9999 -9999 -9999 -9999 -9999 -9999 -9999 -9999 -9999 -9999 -9999 -9999 -9999 -9999 -9999 -9999 -9999 -9999 -9999 -9999 -9999 -9999 -9999 -9999 -9999 -9999 -9999 -9999 -9999 -9999 -9999 -9999 -9999 -9999 -9999 -9999 -9999 38.50500 39.42500 39.74580 41.34830 45.57750 47.12920 52.31250 53.43000 55.58250 61.21670 62.39170 62.35670 62.30330 50.39330 -9999 -9999 -9999 -9999 -9999 -9999 -9999 -9999 -9999 -9999 -9999 -9999 -9999 -9999 -9999 -9999 -9999
-9999 -9999 -9999 -9999 -9999 -9999 -9999 -9999 -9999 -9999 -9999 -9999 -9999 -9999 -9999 -9999 -9999 -9999 -9999 -9999 -9999 -9999 -9999 -9999 -9999 -9999 -9999 -9999 -9999 -9999 -9999 -9999 -9999 -9999 -9999 -9999 -9999 -9999 -9999 -9999 -9999 -9999 -9999 -9999 44.33170 45.76000 47.67830 53.05670 55.12080 61.85920 65.06250 66.69500 67.81670 54.68500 -9999 -9999 -9999 -9999 -9999 -9999 38.07170 -9999 -9999 -9999 -9999 -9999 -9999 -9999 -9999 -9999 -9999
-9999 -9999 -9999 -9999 -9999 -9999 -9999 -9999 -9999 -9999 -9999 -9999 -9999 -9999 -9999 -9999 -9999 -9999 -9999 -9999 -9999 -9999 -9999 -9999 -9999 -9999 -9999 -9999 -9999 -9999 -9999 -9999 -9999 -9999 -9999 -9999 -9999 -9999 -9999 -9999 -9999 36.77170 37.36080 38.28670 41.85000 43.04420 46.38250 48.40670 53.01250 55.70580 57.33420 60.29920 61.73080 61.91250 -9999 -9999 -9999 -9999 -9999 39.92830 36.97250 36.44580 33.88250 34.04750 31.85750 32.25830 28.64330 28.96750 25.03170 25.31830 25.12330
-9999 -9999 -9999 -9999 -9999 -9999 -9999 -9999 -9999 -9999 -9999 -9999 -9999 -9999 -9999 -9999 -9999 -9999 -9999 -9999 -9999 -9999 -9999 -9999 -9999 -9999 -9999 -9999 -9999 -9999 -9999 -9999 -9999 -9999 -9999 -9999 -9999 -9999 -9999 -9999 -9999 35.21080 35.71750 36.74750 39.72750 42.92920 43.01170 43.53420 46.84420 49.51420 47.34170 45.41920 47.23000 45.47170 45.79830 43.42920 42.82500 -9999 38.47080 38.58580 35.84920 32.66500 32.76670 30.02670 31.02920 28.41920 28.29250 28.46670 25.30420 25.10750 25.10080
-9999 -9999 -9999 -9999 -9999 -9999 -9999 -9999 -9999 -9999 -9999 -9999 -9999 -9999 -9999 -9999 -9999 -9999 -9999 -9999 -9999 -9999 -9999 -9999 -9999 -9999 -9999 -9999 -9999 -9999 -9999 -9999 -9999 -9999 -9999 27.85580 28.18000 29.68170 30.34420 33.62420 33.89000 34.04250 37.14670 37.88250 39.40920 42.41750 43.26500 46.11580 47.32080 48.28250 45.97750 43.37250 40.44500 40.82080 41.03000 38.18500 38.07750 36.43080 36.69170 34.10670 34.32750 31.64330 32.13670 26.33080 26.98580 27.53420 27.76080 24.70330 24.96250 24.66250 24.36500
-9999 -9999 -9999 -9999 -9999 -9999 -9999 -9999 -9999 -9999 -9999 -9999 -9999 -9999 -9999 -9999 -9999 -9999 -9999 -9999 -9999 -9999 -9999 -9999 -9999 -9999 -9999 -9999 -9999 -9999 -9999 -9999 -9999 -9999 26.01580 27.31830 27.75080 28.03170 29.25670 32.92420 33.82580 34.11250 36.78170 37.70170 38.63500 42.26500 43.60170 44.44170 45.44830 42.51000 42.57080 41.27330 37.93250 34.61170 34.63750 34.27670 34.98330 32.06580 34.62000 32.14830 29.65670 27.41670 27.41330 25.00330 25.38670 26.20580 26.52830 23.70580 20.80750 20.79830 17.98420
-9999 -9999 -9999 -9999 -9999 -9999 -9999 -9999 -9999 -9999 -9999 -9999 -9999 -9999 -9999 -9999 -9999 -9999 -9999 -9999 -9999 -9999 -9999 -9999 -9999 -9999 -9999 -9999 -9999 -9999 -9999 -9999 -9999 24.03170 26.14170 26.72250 27.39330 27.97500 28.35170 31.40250 32.96500 33.28670 35.41750 36.76670 37.43670 38.51250 39.49920 40.79920 39.28670 38.19830 35.23750 32.09670 26.20580 28.15000 30.35250 29.62580 27.39330 29.36580 29.42420 27.08750 24.98830 24.91670 25.42420 25.74920 23.80080 24.40500 22.06500 19.17250 19.66580 20.10750 17.27330
-9999 -9999 -9999 -9999 -9999 -9999 -9999 -9999 -9999 -9999 -9999 -9999 -9999 -9999 -9999 -9999 -9999 -9999 -9999 -9999 -9999 -9999 -9999 -9999 -9999 -9999 -9999 -9999 -9999 -9999 -9999 26.19920 26.33500 26.05420 26.29670 26.41830 27.15170 27.68500 30.34170 30.89330 31.42250 31.74750 34.35000 35.02500 36.10000 37.29500 38.25830 37.12080 34.93080 32.98250 30.21170 26.73330 21.30670 23.78250 25.71420 25.32170 26.86750 24.42580 22.15000 22.33000 22.62250 22.99830 23.08170 23.73080 22.07670 20.22000 20.90580 20.73000 21.04830 16.10920 16.15750
-9999 -9999 -9999 -9999 -9999 -9999 -9999 -9999 -9999 -9999 -9999 -9999 -9999 -9999 -9999 -9999 -9999 -9999 -9999 -9999 -9999 -9999 -9999 -9999 -9999 -9999 -9999 -9999 -9999 25.25000 25.15330 26.23250 26.26500 26.33750 26.01580 26.23670 26.76670 29.34920 29.76420 30.32500 30.86830 31.00670 30.95750 34.13830 34.07580 32.14170 32.84670 32.55000 30.28580 28.31080 25.44920 23.13250 20.09250 22.11420 19.26750 20.97330 22.91420 20.70330 20.79250 22.66420 20.86580 20.84000 19.12000 19.77420 20.67000 18.84750 16.86500 17.44500 15.19750 15.53330 15.69830
-9999 -9999 -9999 -9999 -9999 -9999 -9999 -9999 -9999 -9999 -9999 -9999 -9999 -9999 -9999 -9999 -9999 -9999 -9999 -9999 -9999 -9999 -9999 -9999 24.44830 24.10670 26.05000 26.03330 25.50920 25.08920 25.26670 25.13750 25.05750 24.97170 24.94420 25.20170 25.79670 26.54420 26.90670 29.66670 30.07750 30.13670 30.61330 30.57170 30.89830 30.56000 30.54830 28.27080 25.95330 23.92170 23.72830 19.14000 18.80580 20.60750 20.28330 20.16920 19.96330 19.65670 19.44670 19.64920 19.73330 20.12750 18.28000 18.95000 19.55670 18.31830 18.82330 19.21080 19.57750 17.76000 13.09420
-9999 -9999 -9999 -9999 -9999 -9999 29.74170 29.78670 31.94170 31.92580 32.63420 -9999 -9999 -9999 -9999 -9999 -9999 -9999 -9999 -9999 -9999 25.92000 23.59500 23.37580 23.04000 23.02920 23.03830 25.22000 24.77580 24.93080 24.90170 24.72250 24.94750 24.80250 24.81420 24.96830 25.78170 28.44170 28.83920 29.34920 29.77920 29.89500 30.44080 30.24920 30.34830 30.08920 29.87670 27.46830 25.05330 22.95830 20.47080 17.99500 16.01500 17.83750 19.77250 19.37420 19.47080 19.30330 18.67000 18.96080 19.00670 17.14580 17.76670 16.17920 17.32000 20.10420 20.69580 18.71250 19.34170 18.84670 17.24580
-9999 -9999 -9999 -9999 -9999 30.18170 28.57080 28.42250 30.50580 30.70000 31.17420 29.19330 28.91830 28.62830 -9999 -9999 -9999 27.50420 26.87500 26.93250 24.58580 24.50920 22.31330 22.14330 22.09000 22.31000 24.01750 23.93170 24.21330 24.13080 25.97500 25.95250 26.49750 26.35250 26.53580 26.85170 27.58750 28.48170 28.96330 29.55170 29.98920 30.14830 30.14080 30.22920 30.20830 29.75000 27.33170 24.69330 22.24080 19.97330 19.94670 17.39830 17.44830 17.38670 17.02330 17.03830 16.97750 16.72670 18.39670 16.36420 16.45080 16.73420 15.33250 15.91170 16.28420 12.79080 15.55670 15.76170 15.31420 16.16580 14.08000
-9999 29.38750 30.51580 30.30250 29.22580 29.26170 29.69420 29.33250 29.39080 29.20750 29.38830 28.74330 28.20250 28.34670 28.02920 29.41830 29.22170 26.67580 26.36670 26.00920 25.49920 23.79420 23.44830 23.05670 23.35170 22.83500 23.17500 23.51580 23.56500 25.57920 24.98750 25.19420 25.44080 25.89920 26.06080 26.52330 26.91080 27.55500 28.31080 29.48250 29.47420 29.73330 29.92500 29.47080 29.02670 28.99000 26.68250 24.25500 23.43330 21.27170 18.66420 16.30500 16.38420 14.54830 14.61920 14.35830 14.43580 16.05500 16.00580 16.29330 16.31500 14.93170 13.09330 15.70000 14.24580 14.50920 14.76920 12.50830 14.62500 12.95830 10.71750
-9999 30.47000 30.28330 30.05170 30.27250 29.20830 30.15750 28.52000 28.59670 28.23170 30.12250 29.79670 29.91580 29.44750 29.14250 28.80080 26.73830 26.52080 25.89500 25.79420 25.88500 25.26500 23.47920 25.14750 24.99500 24.81000 24.95920 25.05580 25.02830 24.77750 24.92330 25.08080 25.03170 27.46080 25.58500 25.93830 26.54250 26.78170 28.31580 28.52420 28.39080 28.79330 28.71920 28.49330 28.44330 27.46500 26.86420 24.46420 22.20830 19.77500 17.88580 15.83170 14.00330 12.06830 10.42830 12.26750 11.85580 13.95080 13.88000 14.02080 14.19830 12.63250 12.87830 13.31670 13.57670 13.80000 12.15830 11.80920 11.95000 12.23830 12.38080
-9999 -9999 -9999 28.85170 28.80080 29.48670 29.58420 28.45500 28.10670 29.59420 29.60920 29.44170 29.62920 29.64750 27.64170 27.31500 28.17420 28.24750 28.08080 27.92080 27.74080 25.77080 25.64830 25.36920 25.35500 24.98580 26.53830 26.76920 26.86000 26.59080 26.86330 26.90920 26.62670 27.22080 27.30170 27.27170 27.62750 28.74250 26.90920 29.18920 27.32170 29.16580 29.00670 28.97080 28.73330 26.12000 25.92250 23.60750 21.12330 21.08420 17.16330 15.19250 13.20830 11.65330 11.53250 9.78500 11.36500 11.51080 11.57420 11.93000 13.65750 11.97420 12.36250 10.78420 12.56170 12.95670 13.18830 11.49580 11.46330 9.68500 9.83833
-9999 -9999 -9999 -9999 -9999 -9999 29.00750 29.30670 29.22170 29.20670 29.24500 29.10500 29.12080 28.83080 28.75250 28.90330 29.15420 28.99170 28.96580 29.75250 29.84920 27.81250 27.64330 27.25670 27.06330 26.82670 26.51330 28.10750 27.76080 27.72000 26.17330 26.16580 26.07750 26.83000 26.93000 27.44000 27.35920 27.70250 27.35920 27.59000 27.72670 27.68330 27.94080 27.73420 27.72750 27.49500 25.82750 23.35330 23.30080 20.72330 17.23670 15.22500 13.28750 13.04830 11.26250 9.21417 9.73250 9.69500 9.81417 9.88667 10.14580 10.09170 9.75833 8.24417 10.37080 10.35420 12.48330 10.76920 9.19250 9.24083 9.58583
-9999 -9999 -9999 -9999 -9999 -9999 30.64080 30.40830 30.60330 30.67500 30.67170 30.90170 31.19000 30.45670 30.46750 30.84170 28.79000 29.05170 29.22920 28.79750 29.88670 29.58670 29.54420 29.33420 28.60920 28.41920 27.57080 27.56580 27.37670 27.62500 27.78580 27.93000 27.80500 27.79420 28.56500 28.33500 28.49170 26.15000 26.28670 26.15750 26.71080 26.70080 27.41830 27.10830 27.36330 27.84170 27.95920 25.78670 26.25420 24.15920 21.70170 19.46250 17.09000 14.73500 12.81250 12.67170 12.58250 11.48920 11.53170 11.38750 8.24583 8.08167 8.30167 9.65583 7.97250 9.77833 10.07830 10.27500 10.43830 10.65250 8.94083
-9999 -9999 -9999 -9999 -9999 -9999 -9999 -9999 -9999 -9999 30.04250 30.10420 30.20000 32.15830 30.45750 30.96250 31.81920 31.56830 31.38750 31.47170 32.21330 31.82500 32.05080 30.95330 30.25250 30.06330 29.73670 29.78420 28.77670 28.83330 27.79000 27.88330 28.07420 28.06170 27.73750 28.23250 27.93750 27.47250 27.08670 27.30080 25.98330 25.94750 26.30920 26.37000 26.52920 26.71330 27.32580 27.83500 26.38580 26.43250 25.90250 22.64170 19.38420 18.55170 16.92250 17.05000 17.31000 15.98670 16.15580 13.94420 14.11330 12.28000 12.46330 10.73250 10.60750 10.72500 11.07830 11.19170 11.63420 11.67750 10.24500
-9999 -9999 -9999 -9999 -9999 -9999 -9999 -9999 -9999 -9999 30.89330 31.15500 30.73830 31.27080 32.22580 33.23330 33.82080 34.59170 34.73830 34.30500 33.62580 34.17420 33.09750 33.53670 32.45170 31.91580 31.26080 30.65420 30.46420 28.57580 28.96670 29.39250 29.62330 29.70920 29.63670 29.92170 27.78500 27.80830 27.59830 27.55920 27.70830 28.02330 26.41750 26.27920 26.48170 26.15500 26.23750 26.27080 24.28330 24.16670 23.35670 21.00500 20.23250 18.63750 18.46750 18.71500 17.34670 17.43000 16.92080 16.71000 15.22250 15.17580 14.88580 14.56000 14.28670 14.37170 13.53080 13.65420 13.85250 10.83750 11.05250
-9999 -9999 -9999 -9999 -9999 -9999 -9999 -9999 -9999 -9999 -9999 -9999 31.56000 30.66330 31.65580 35.38250 37.72000 38.73500 38.22670 39.12670 38.00080 37.53420 37.29420 34.27000 33.50420 32.66750 31.70920 29.27920 28.84670 29.13750 29.75250 28.13080 28.90580 29.08420 29.44830 29.56420 29.46420 27.39830 27.32830 27.25250 27.05080 28.12330 28.02580 27.43170 26.05250 26.07920 25.80000 25.02000 23.04580 22.57330 22.10830 20.21000 19.99420 19.88420 17.96500 18.03830 18.38420 16.92580 16.68170 16.44420 16.21080 15.97920 15.49750 13.75420 13.53830 13.55750 13.84580 14.22330 14.63920 13.30000 10.52670
-9999 -9999 -9999 -9999 -9999 -9999 -9999 -9999 -9999 -9999 -9999 -9999 28.05500 29.87580 32.00920 35.99420 38.29420 39.36580 38.99670 39.86580 38.58330 38.25920 37.93670 36.51000 34.35920 33.30750 31.00000 29.98000 27.96580 28.22500 28.30500 29.09580 27.74080 28.21920 28.78500 29.00580 28.85500 29.06500 28.82330 28.66830 28.47830 28.39920 27.46580 27.49750 27.28750 25.57500 24.75830 24.62670 24.02830 22.69750 21.64580 21.39670 20.88830 19.30670 19.22920 19.36750 18.19500 18.64080 18.27920 18.22420 16.09830 15.82830 15.98420 15.50830 15.21750 15.00830 15.44330 14.42330 14.81000 13.78170 12.24750
-9999 -9999 -9999 -9999 -9999 -9999 -9999 -9999 -9999 -9999 -9999 29.05080 29.61580 30.30420 33.26170 32.78500 34.51330 36.41170 36.98330 38.72250 38.69920 38.98670 38.48170 35.67170 35.10080 32.76670 32.01330 29.21080 29.18420 27.68830 27.87420 28.17830 28.57170 28.53080 29.23000 29.47420 29.44420 28.31830 28.37080 28.22830 27.79170 27.76500 26.16920 26.04580 25.56330 26.18080 25.81670 25.57330 24.66330 23.13250 23.01580 23.23920 21.81250 21.81080 21.75420 20.06920 20.19250 20.82250 19.26500 18.90000 18.67920 18.49330 18.25250 17.81500 16.31000 16.11750 16.57580 15.40420 15.83420 14.45080 13.18170
-9999 -9999 -9999 -9999 -9999 -9999 -9999 -9999 -9999 -9999 -9999 29.68500 29.90330 31.92920 33.13330 33.68750 35.44420 35.86170 39.47330 39.43000 39.21000 39.23080 38.56250 36.36420 35.89830 33.98920 31.59580 29.49670 29.47250 28.09670 27.86330 27.57170 28.01170 28.22580 28.29830 28.20670 28.78830 29.39830 27.48670 27.58750 27.65500 27.47080 27.35670 27.32420 25.82670 25.71920 25.60920 25.42330 25.20670 25.07750 25.24670 25.39000 24.26920 24.80170 22.92330 22.78750 22.96170 21.20420 21.19420 21.07580 21.03920 19.13830 18.97330 18.72920 18.50830 18.61170 18.80000 17.27920 16.15830 14.19750 14.71830
