data/hydroclimate-scenarios/BCSD_hadcm_A1B/monthly_summaries/precip_monthly_tot_jan.2070-2099.asc
ncols	311
nrows	91
xllcenter	102.75
yllcenter	31.75
cellsize	0.5
NODATA_value	-9999
[rows 0 to 31 of 91, columns 72 to 143 of 311]
-9999 -9999 -9999 -9999 -9999 -9999 -9999 -9999 -9999 -9999 -9999 -9999 -9999 -9999 -9999 -9999 -9999 -9999 -9999 -9999 -9999 -9999 -9999 -9999 -9999 -9999 -9999 -9999 -9999 -9999 -9999 -9999 -9999 -9999 -9999 -9999 -9999 -9999 -9999 -9999 -9999 -9999 -9999 -9999 -9999 -9999 -9999 -9999 -9999 -9999 -9999 -9999 -9999 -9999 -9999 -9999 -9999 -9999 -9999 -9999 -9999 -9999 -9999 -9999 -9999 -9999 -9999 -9999 -9999 -9999 -9999 -9999
-9999 -9999 -9999 -9999 -9999 -9999 -9999 -9999 -9999 -9999 -9999 -9999 -9999 -9999 -9999 -9999 -9999 -9999 -9999 -9999 -9999 -9999 -9999 -9999 -9999 -9999 -9999 -9999 -9999 -9999 -9999 -9999 -9999 -9999 -9999 -9999 -9999 -9999 -9999 -9999 -9999 -9999 -9999 -9999 -9999 -9999 -9999 -9999 -9999 -9999 -9999 -9999 -9999 -9999 -9999 -9999 -9999 -9999 -9999 -9999 -9999 -9999 -9999 -9999 -9999 -9999 -9999 -9999 -9999 -9999 -9999 -9999
-9999 -9999 -9999 -9999 -9999 -9999 -9999 -9999 -9999 -9999 -9999 -9999 -9999 -9999 -9999 -9999 -9999 -9999 -9999 -9999 -9999 -9999 -9999 -9999 -9999 -9999 -9999 -9999 -9999 -9999 -9999 -9999 -9999 -9999 -9999 -9999 -9999 -9999 -9999 -9999 -9999 -9999 -9999 -9999 -9999 -9999 -9999 -9999 -9999 -9999 -9999 -9999 -9999 -9999 -9999 -9999 -9999 -9999 -9999 -9999 -9999 -9999 -9999 -9999 -9999 -9999 -9999 -9999 -9999 -9999 -9999 -9999
-9999 -9999 -9999 -9999 -9999 -9999 -9999 -9999 -9999 -9999 -9999 -9999 -9999 -9999 -9999 -9999 -9999 -9999 -9999 -9999 -9999 -9999 -9999 -9999 -9999 -9999 -9999 -9999 -9999 -9999 -9999 -9999 -9999 -9999 -9999 -9999 -9999 -9999 -9999 -9999 -9999 -9999 -9999 -9999 -9999 -9999 -9999 -9999 -9999 -9999 -9999 -9999 -9999 -9999 -9999 -9999 -9999 -9999 -9999 -9999 -9999 -9999 -9999 -9999 -9999 -9999 -9999 -9999 -9999 -9999 -9999 -9999
-9999 -9999 -9999 -9999 -9999 -9999 -9999 -9999 -9999 -9999 -9999 -9999 -9999 -9999 -9999 -9999 -9999 -9999 -9999 -9999 -9999 -9999 -9999 -9999 -9999 -9999 -9999 -9999 -9999 -9999 -9999 -9999 -9999 -9999 -9999 -9999 -9999 -9999 -9999 -9999 -9999 -9999 -9999 -9999 -9999 -9999 -9999 -9999 -9999 -9999 -9999 -9999 -9999 -9999 -9999 -9999 -9999 -9999 -9999 -9999 -9999 -9999 -9999 -9999 -9999 -9999 -9999 -9999 -9999 -9999 -9999 -9999
-9999 -9999 -9999 -9999 -9999 -9999 -9999 -9999 -9999 -9999 -9999 -9999 -9999 -9999 -9999 -9999 -9999 -9999 -9999 -9999 -9999 -9999 -9999 -9999 -9999 -9999 -9999 -9999 -9999 -9999 -9999 -9999 -9999 -9999 -9999 -9999 -9999 -9999 -9999 -9999 -9999 -9999 -9999 -9999 -9999 -9999 -9999 -9999 -9999 -9999 -9999 -9999 -9999 -9999 -9999 -9999 -9999 -9999 -9999 -9999 -9999 -9999 -9999 -9999 -9999 -9999 -9999 -9999 -9999 -9999 -9999 -9999
-9999 -9999 -9999 -9999 -9999 -9999 -9999 -9999 -9999 -9999 -9999 -9999 -9999 -9999 -9999 -9999 -9999 -9999 -9999 -9999 -9999 -9999 -9999 -9999 -9999 -9999 -9999 -9999 -9999 -9999 -9999 -9999 -9999 -9999 -9999 -9999 -9999 -9999 -9999 -9999 -9999 -9999 -9999 -9999 -9999 -9999 -9999 -9999 -9999 -9999 -9999 -9999 -9999 -9999 -9999 -9999 -9999 -9999 -9999 -9999 -9999 -9999 -9999 -9999 -9999 -9999 -9999 -9999 -9999 -9999 -9999 -9999
-9999 -9999 -9999 -9999 -9999 -9999 -9999 -9999 -9999 -9999 -9999 -9999 -9999 -9999 -9999 -9999 -9999 -9999 -9999 -9999 -9999 -9999 -9999 -9999 -9999 -9999 -9999 -9999 -9999 -9999 -9999 -9999 -9999 -9999 -9999 -9999 -9999 -9999 -9999 -9999 -9999 -9999 -9999 -9999 -9999 -9999 -9999 -9999 -9999 -9999 -9999 -9999 -9999 -9999 -9999 -9999 -9999 -9999 -9999 -9999 -9999 -9999 -9999 -9999 -9999 -9999 -9999 -9999 -9999 -9999 -9999 -9999
-9999 -9999 -9999 -9999 -9999 13.40080 -9999 -9999 -9999 -9999 -9999 -9999 -9999 -9999 -9999 -9999 -9999 -9999 -9999 -9999 -9999 -9999 -9999 -9999 -9999 -9999 -9999 -9999 -9999 -9999 -9999 -9999 -9999 -9999 -9999 -9999 -9999 -9999 -9999 -9999 -9999 -9999 -9999 -9999 -9999 -9999 -9999 -9999 -9999 -9999 -9999 -9999 -9999 -9999 -9999 -9999 -9999 -9999 -9999 -9999 -9999 -9999 -9999 -9999 -9999 -9999 -9999 -9999 -9999 -9999 -9999 -9999
-9999 10.87500 12.80330 13.12750 13.30500 13.27670 15.95250 15.98170 18.30670 18.28670 20.84170 21.06250 23.71000 24.54750 24.40580 26.74750 26.67920 26.59170 26.53000 26.70500 26.40330 -9999 -9999 -9999 -9999 -9999 -9999 -9999 -9999 -9999 -9999 -9999 -9999 -9999 -9999 -9999 -9999 -9999 -9999 -9999 -9999 -9999 -9999 -9999 -9999 -9999 -9999 -9999 -9999 -9999 -9999 -9999 -9999 -9999 -9999 -9999 -9999 -9999 -9999 -9999 -9999 -9999 -9999 -9999 -9999 -9999 -9999 -9999 -9999 -9999 -9999 -9999
-9999 -9999 -9999 13.51170 13.66170 15.93170 16.07670 18.54830 18.96920 21.09830 21.23000 24.03250 23.87580 24.19580 26.75000 26.58080 26.39080 26.57080 28.27420 28.16330 28.61080 -9999 -9999 -9999 -9999 -9999 -9999 -9999 -9999 -9999 -9999 -9999 -9999 -9999 -9999 -9999 -9999 -9999 -9999 -9999 -9999 -9999 -9999 -9999 -9999 -9999 -9999 -9999 -9999 -9999 -9999 -9999 -9999 -9999 -9999 -9999 -9999 -9999 -9999 -9999 -9999 -9999 -9999 -9999 -9999 -9999 -9999 -9999 -9999 -9999 -9999 -9999
12.81420 13.13500 13.18500 13.63920 15.91250 16.16080 18.73000 18.65500 19.11420 21.91250 21.73580 23.71080 23.99920 26.11750 26.00420 29.00500 28.54420 28.52080 28.27250 30.68580 30.47170 30.25420 30.73580 30.15670 30.09330 29.92330 29.50580 -9999 -9999 -9999 -9999 -9999 -9999 -9999 -9999 -9999 -9999 -9999 -9999 -9999 -9999 -9999 -9999 -9999 -9999 -9999 -9999 -9999 -9999 -9999 -9999 -9999 -9999 -9999 -9999 -9999 -9999 -9999 -9999 -9999 -9999 -9999 -9999 -9999 -9999 -9999 -9999 -9999 -9999 -9999 -9999 -9999
13.12920 13.23170 13.47830 16.09080 16.36920 16.83830 18.95170 18.65500 21.34750 21.53580 24.13830 24.43000 26.70000 26.87000 28.80500 29.15000 28.72000 30.89420 30.61920 30.69580 30.38670 30.04920 32.06420 31.90250 31.90500 31.86080 31.58330 31.06330 30.88330 29.80500 29.96500 29.73750 29.75250 27.46250 27.94500 26.39670 26.94000 27.13330 25.62580 25.47080 26.82750 27.11080 -9999 -9999 -9999 -9999 -9999 -9999 -9999 -9999 -9999 -9999 -9999 -9999 -9999 -9999 -9999 -9999 -9999 -9999 -9999 -9999 -9999 -9999 -9999 -9999 -9999 -9999 -9999 -9999 -9999 -9999
13.07830 13.28750 13.49420 15.70920 16.22500 16.29170 18.88250 18.79580 21.77830 24.74670 24.63750 27.54580 27.03330 29.92330 29.81830 31.69750 31.08080 30.70170 33.13830 32.66330 29.74920 32.52420 32.04670 31.81420 31.69580 33.36920 33.05330 32.67330 32.30420 32.04330 31.38170 30.19420 28.06750 28.10920 28.11830 28.19000 28.46000 26.33750 26.63670 26.93580 27.81420 28.49830 27.22170 -9999 -9999 -9999 -9999 -9999 -9999 -9999 -9999 -9999 -9999 -9999 -9999 -9999 -9999 -9999 -9999 -9999 -9999 -9999 -9999 -9999 -9999 -9999 -9999 -9999 -9999 -9999 -9999 -9999
10.54250 10.69080 10.88330 13.28080 13.46580 14.33580 16.97000 19.63420 22.11920 22.81250 25.31330 27.96420 27.93000 30.10750 33.12500 32.71670 32.18920 33.68830 33.36080 32.98250 32.60000 32.23500 34.17080 33.64330 33.38000 32.88750 32.52330 34.30580 31.43830 30.76330 30.31250 30.31750 29.81670 29.76670 29.95080 29.88830 27.85330 27.69670 28.11080 28.25500 28.83670 27.19500 27.27000 -9999 -9999 -9999 -9999 -9999 -9999 -9999 -9999 -9999 -9999 -9999 -9999 -9999 -9999 -9999 35.50170 39.20670 -9999 -9999 -9999 -9999 35.17750 35.50830 34.78580 36.06170 37.59250 38.12500 40.65250 40.88170
10.54420 10.81830 11.08920 13.66170 16.24580 16.47580 16.67420 19.63670 19.87420 23.50670 26.03830 28.87080 31.69670 31.57170 33.80830 33.12170 34.78500 33.93420 34.09500 36.09920 35.21830 35.59080 35.85330 35.58000 35.14670 36.17830 35.71000 35.07420 34.43670 33.19080 32.85080 32.68080 32.36330 32.27920 32.37330 32.68750 29.91830 30.06670 30.13250 30.33080 29.75250 28.25170 28.45250 28.60670 28.36500 28.72920 29.27500 27.84750 28.29330 29.12920 29.65670 29.94420 32.58420 32.72420 32.67830 35.10920 37.08580 37.13420 36.76670 38.79830 -9999 -9999 -9999 -9999 -9999 38.17330 38.21170 37.30830 37.24830 39.93000 41.05420 41.71580
10.64080 11.19830 9.01667 11.92580 14.31750 17.00920 17.26170 19.83250 22.82330 25.78170 28.27000 31.70670 31.46670 34.17000 36.39080 36.65920 35.91580 37.70080 36.32330 35.86000 37.58250 36.84330 36.11250 35.72420 37.72170 36.90750 36.54250 35.72920 35.59750 34.95670 33.94830 33.73500 34.81500 35.10830 34.96080 32.55750 32.23330 32.10750 32.35080 31.58250 31.89500 30.08420 30.47080 30.73670 30.35250 30.31080 31.00750 29.57000 29.87000 30.53500 33.21170 33.50670 31.47250 31.77920 34.18920 33.90330 33.78170 35.70580 38.19250 38.02750 38.72330 40.46420 41.75500 40.67830 40.21080 41.62330 41.05330 40.60500 39.38830 40.18920 42.84000 43.27750
3.92833 13.37500 9.35000 9.60750 12.37830 15.06500 17.89000 23.43330 23.52580 26.49000 29.56580 32.60580 34.91420 34.91000 37.96500 37.44250 39.33500 38.77170 37.14080 36.19250 38.45420 37.77830 38.84580 38.30080 37.61500 39.57670 39.02580 38.64420 38.09170 37.31750 36.98920 36.44330 36.52670 36.63420 34.61000 34.37920 34.31080 34.14170 34.69420 34.42000 32.30670 32.98670 33.02250 33.04080 32.98420 32.97920 33.73330 33.82670 34.59080 34.66750 37.42330 35.36420 37.71000 35.36670 35.15000 35.11750 37.25500 36.95330 36.99920 37.97080 38.09250 39.31750 42.44080 41.31500 42.60920 41.88080 41.61170 41.05580 41.00420 42.25500 43.80580 45.40670
6.43833 9.34250 14.91000 15.16580 17.88170 18.67080 18.88170 21.56750 24.37420 26.87000 29.65580 33.08670 35.62420 35.42080 38.56000 38.79000 40.92000 39.23080 35.40920 36.82250 38.74580 38.32080 40.51750 42.05830 40.66000 40.07250 41.99080 41.83250 41.02580 40.15750 39.45500 39.94830 39.31500 37.18500 37.28250 37.16170 37.05250 34.68580 35.00750 35.23330 34.99080 35.06750 33.40420 35.01420 35.00670 35.27580 35.85580 38.64830 36.33170 36.92080 36.94250 39.84330 39.41080 39.45420 41.06920 40.67670 38.29830 38.04670 39.02170 39.00670 39.61580 38.37500 39.75170 40.96670 42.29830 41.34670 43.67500 42.80500 42.96830 43.33750 47.83080 48.88000
6.46500 6.78750 7.09083 12.40830 17.86170 18.09580 18.16750 18.11420 20.78420 21.37580 24.04250 27.00830 32.48250 35.04920 37.67000 38.21330 40.42080 39.84500 38.02080 37.03580 38.33250 40.34330 42.40670 42.32750 41.44420 41.22170 40.78830 42.40750 41.96170 41.91500 41.37250 39.00750 38.81580 38.49670 36.26080 36.13000 36.22920 35.72750 33.99750 34.21500 36.50500 36.64250 36.61920 33.90420 34.24500 36.44170 36.77170 39.49750 38.05250 38.25670 40.67170 40.99920 43.27080 40.81580 40.79830 40.87170 40.44420 42.53000 42.66670 43.19750 45.68000 44.57420 43.17250 41.09750 44.80330 42.70670 44.40750 46.19580 45.50920 48.16670 52.07250 56.91920
6.28583 6.60333 6.63667 6.86583 11.87080 14.59420 17.33170 17.52420 19.89670 19.97920 17.36080 17.36750 17.60330 25.16330 29.69750 32.51830 37.43750 37.85080 39.57750 38.26750 39.74420 41.43670 40.29250 42.20250 41.79920 43.74750 43.65500 42.75830 42.49080 41.69250 41.20080 41.57420 39.05830 38.78750 38.27250 36.24330 36.21000 35.59670 35.79250 35.98330 35.77250 38.30000 37.90580 35.87170 36.21670 35.71830 38.75250 39.62000 42.12830 42.65500 45.18580 45.76330 45.98580 46.02750 45.66500 45.96250 45.68080 45.95670 45.72920 46.20750 48.96920 48.00580 49.29000 48.91000 50.36920 49.48920 50.34250 50.25750 52.98080 55.54580 58.78500 61.87080
6.03250 3.93583 4.09167 6.48833 6.62667 9.07833 11.60000 14.10420 19.15500 21.36080 21.34080 21.12080 21.33170 21.07670 20.85250 23.78920 25.61000 30.49080 35.35750 37.05250 38.36250 40.20750 42.54330 44.92670 44.85830 46.65920 46.44830 46.11330 43.10670 44.41170 41.75330 39.08080 38.78330 38.58000 38.54000 36.24420 36.07080 35.88580 36.07500 36.13500 38.20080 38.11170 38.19830 38.21580 36.17580 38.20420 38.78330 41.41420 41.81750 42.56750 45.13250 45.75080 46.81000 49.83580 49.79920 49.90750 51.73170 51.99330 50.17830 53.06250 56.07080 55.26080 57.09670 56.11000 55.63170 55.20670 55.96830 57.76750 57.85330 61.34830 64.44170 67.38420
3.53917 3.72500 5.84000 6.04333 6.37000 6.20583 8.47083 10.63170 12.85170 15.00580 16.98080 19.23250 21.68580 21.94750 24.02830 24.36250 24.07420 24.41670 27.10670 31.49750 33.64830 37.54080 41.78170 44.73000 47.36420 46.94250 46.88920 46.16920 45.93080 45.38080 42.23250 39.60420 38.89000 38.48250 38.19330 38.20080 37.79250 35.80670 35.50080 38.18330 38.41750 37.71330 38.04750 35.88250 35.70420 37.56420 37.82830 40.76000 41.49750 42.39080 45.40420 49.38170 48.45750 51.58420 51.16170 55.74330 53.51330 59.19670 60.85330 64.33580 64.91170 64.16250 66.25330 62.47670 64.08000 63.43670 64.92420 63.91830 66.10500 69.55670 72.49420 73.79000
5.06083 4.99167 7.06417 5.42750 5.64833 5.62750 7.33333 7.41583 11.52170 15.07750 11.43250 13.71750 17.76000 15.69580 15.77830 17.94920 26.62250 24.77170 23.12920 25.80580 30.41500 32.36080 40.66000 43.52170 46.08500 48.42670 48.03750 47.86580 47.88420 45.44170 44.72580 41.98080 41.24500 42.76000 40.14330 37.76830 37.81330 37.49830 35.25420 35.73080 38.08000 37.27420 36.83920 38.71330 38.84080 38.93500 40.30170 40.99500 44.39250 45.47000 50.88920 51.71580 56.12330 57.10000 58.14330 61.23500 61.10420 67.79330 68.61080 73.48830 74.20500 73.33170 72.44330 77.14580 75.85830 72.45080 70.99580 70.43080 71.59750 74.71330 78.22500 81.99500
4.75583 4.81667 6.62417 6.45250 6.41833 6.78083 8.39333 8.43583 10.26000 10.35170 12.27000 14.22080 16.20500 14.57080 16.60000 16.95670 19.48250 23.99500 26.17330 26.72330 29.47250 33.33000 35.06580 41.51750 46.09920 48.03420 48.25420 47.62420 47.97750 45.68670 45.63330 44.87670 42.00330 39.73250 38.99250 38.45750 35.88500 36.05250 35.75330 33.96080 34.03000 33.33330 35.35750 37.76420 40.24580 40.85670 42.44000 45.73830 46.97670 49.91250 52.69170 56.82420 57.59750 59.46830 62.31250 63.07580 67.15750 69.17750 73.00080 75.39830 78.97330 79.04670 81.16830 82.78500 81.54580 77.98420 75.23000 72.34420 75.98500 79.36420 85.02830 88.59670
4.80417 4.69583 4.73250 6.37667 8.04333 8.20917 9.73250 10.11000 11.50750 9.89833 9.99167 11.84670 15.54170 15.85670 16.15420 18.24750 18.88920 19.28250 21.68250 25.98750 29.92080 33.80750 35.86920 37.37580 39.12000 45.00500 45.15580 46.78420 44.80170 44.12170 42.23000 43.58330 41.25170 38.67420 36.77420 34.57420 32.08080 33.80830 31.75330 29.77830 31.32580 31.76420 31.71830 34.30670 36.19170 39.03080 41.92830 44.64580 45.59500 48.20000 52.80080 56.90000 56.92080 59.88330 63.89750 65.21830 67.05830 69.26330 71.55830 75.85000 77.66000 80.63080 80.65920 82.87830 81.20830 80.77920 78.86750 77.63000 79.45170 83.79420 88.86580 92.83830
3.11250 2.95333 4.43667 4.66250 6.45333 7.89000 7.89250 9.60167 9.40083 10.77830 11.05080 11.30920 13.04420 14.93000 17.18750 17.75670 18.38330 18.80250 20.73920 25.07000 26.94920 28.66330 32.53000 36.03750 38.68670 40.54920 43.86670 45.80500 43.35170 45.30330 40.82250 41.05500 36.89580 34.85080 34.38670 32.71000 30.58080 30.38000 30.10330 30.12580 28.41920 30.37000 32.34830 32.88000 34.95250 37.19420 40.13920 43.01330 45.65250 48.32830 50.65920 54.34000 57.26500 58.60920 62.55830 66.12500 71.13750 76.09830 78.68330 80.27920 81.63250 81.62000 82.33080 82.95580 83.71250 83.81670 82.65330 81.11000 81.57420 85.88080 92.08670 97.65170
4.65000 4.64583 4.53583 4.57750 6.30333 7.68500 9.23833 9.16417 10.50830 11.94830 12.23580 12.67750 12.79250 14.41500 16.56580 17.17000 19.19750 21.29580 23.45170 22.31420 25.94170 29.31330 31.11420 34.33000 35.10500 36.01920 39.34330 42.46830 43.99420 39.87580 39.44670 37.83420 34.73080 32.70170 32.70080 30.55920 28.80250 28.72750 28.90750 29.09580 29.06500 29.60830 31.64420 33.81830 34.70580 38.33000 41.06330 44.41000 47.30500 52.25580 55.31000 58.82670 64.07000 66.32000 72.38000 73.82080 77.98420 79.31920 83.56170 84.01420 82.65580 84.04000 84.90500 83.19000 83.43080 84.73920 89.51250 88.08670 90.32750 95.09920 101.53700 108.60800
6.07750 4.40167 4.38333 4.51917 4.50833 6.02167 7.73167 9.09917 9.11000 10.72000 10.61670 12.27830 12.43920 12.56920 14.54830 18.40750 20.40330 20.32670 22.24330 24.47580 24.42420 25.87750 29.56330 32.40670 34.82670 36.05750 38.47170 44.31750 42.55420 40.27170 36.97420 35.17000 33.35330 30.53000 28.95920 29.11420 27.13830 25.65670 25.73830 28.56080 28.97080 30.97080 33.02420 35.55170 38.22170 42.58420 46.95580 50.14920 53.56670 56.70920 62.63670 67.70920 70.77920 75.14920 80.39670 84.06250 86.42750 86.46830 87.75830 84.92670 87.84000 87.35250 85.96670 83.62170 87.79830 86.93420 94.83250 99.71500 100.96900 104.65200 112.01400 114.61200
7.49917 6.00583 6.12833 6.00167 6.12083 4.42750 5.98083 7.55000 7.49667 9.14083 8.82583 12.25000 12.36500 13.98580 16.00670 16.23670 18.00080 21.22580 21.51670 23.43080 23.54330 24.18080 27.13750 31.87750 32.58500 31.90580 34.24670 36.71250 36.71000 38.11330 37.20750 34.07170 32.77000 29.78920 30.14250 28.33000 28.76420 26.65830 26.84920 28.90420 32.55250 33.04000 35.61000 40.66920 43.33080 45.97580 49.01170 51.71250 57.07000 -9999 -9999 71.44250 76.47920 82.92000 84.07920 86.47170 89.95500 88.05420 88.15500 89.13000 90.42750 92.18580 90.90170 95.08670 94.26750 95.45920 96.67920 105.52200 109.43700 116.43500 122.20300 126.59700
7.39083 7.38333 7.31167 7.59167 7.56917 5.90417 7.61667 7.54333 7.37083 7.46000 10.38500 10.60250 12.07500 13.94830 15.74170 15.62750 18.87170 20.60420 21.08830 24.02420 25.99920 25.59750 26.44500 26.18500 28.96000 28.24000 30.93500 32.15080 35.00500 34.80670 36.29080 35.11330 33.53420 32.10580 30.64250 29.39000 31.00920 32.87830 -9999 -9999 -9999 -9999 41.86330 -9999 45.78420 46.26920 51.71330 56.77920 61.87420 -9999 -9999 76.39920 80.43580 82.97330 82.45080 85.07250 89.04250 87.20170 89.28330 90.95830 94.70420 96.17750 98.55830 103.25800 101.60800 102.50700 103.59900 113.13700 118.74800 122.73300 131.78700 -9999
8.63917 9.19000 7.39500 8.89083 8.88583 7.37000 8.86167 10.28000 10.27250 10.23830 11.84250 12.01330 12.35750 13.94420 17.27170 17.13170 19.05580 19.36920 21.52080 21.30080 23.94580 25.53080 26.52170 26.01250 26.91750 27.54170 26.96000 29.76080 32.86500 34.67000 34.56580 35.14420 35.54670 32.73830 33.05500 33.11330 -9999 -9999 -9999 -9999 -9999 -9999 -9999 48.53080 51.48080 54.50580 -9999 -9999 -9999 -9999 -9999 79.06920 82.70830 80.97580 82.44420 82.37420 85.83420 90.51830 92.93580 97.67750 103.44900 107.52900 110.23400 112.05400 115.25600 115.84800 113.07200 119.02200 129.69600 -9999 -9999 -9999
