data/hydroclimate-scenarios/BCSD_hadcm_A1B/monthly_summaries/precip_monthly_tot_jul.2030-2059.asc
ncols	311
nrows	91
xllcenter	102.75
yllcenter	31.75
cellsize	0.5
NODATA_value	-9999
[rows 0 to 30 of 91, columns 71 to 141 of 311]
-9999 -9999 -9999 -9999 -9999 -9999 -9999 -9999 -9999 -9999 -9999 -9999 -9999 -9999 -9999 -9999 -9999 -9999 -9999 -9999 -9999 -9999 -9999 -9999 -9999 -9999 -9999 -9999 -9999 -9999 -9999 -9999 -9999 -9999 -9999 -9999 -9999 -9999 -9999 -9999 -9999 -9999 -9999 -9999 -9999 -9999 -9999 -9999 -9999 -9999 -9999 -9999 -9999 -9999 -9999 -9999 -9999 -9999 -9999 -9999 -9999 -9999 -9999 -9999 -9999 -9999 -9999 -9999 -9999 -9999 -9999
-9999 -9999 -9999 -9999 -9999 -9999 -9999 -9999 -9999 -9999 -9999 -9999 -9999 -9999 -9999 -9999 -9999 -9999 -9999 -9999 -9999 -9999 -9999 -9999 -9999 -9999 -9999 -9999 -9999 -9999 -9999 -9999 -9999 -9999 -9999 -9999 -9999 -9999 -9999 -9999 -9999 -9999 -9999 -9999 -9999 -9999 -9999 -9999 -9999 -9999 -9999 -9999 -9999 -9999 -9999 -9999 -9999 -9999 -9999 -9999 -9999 -9999 -9999 -9999 -9999 -9999 -9999 -9999 -9999 -9999 -9999
-9999 -9999 -9999 -9999 -9999 -9999 -9999 -9999 -9999 -9999 -9999 -9999 -9999 -9999 -9999 -9999 -9999 -9999 -9999 -9999 -9999 -9999 -9999 -9999 -9999 -9999 -9999 -9999 -9999 -9999 -9999 -9999 -9999 -9999 -9999 -9999 -9999 -9999 -9999 -9999 -9999 -9999 -9999 -9999 -9999 -9999 -9999 -9999 -9999 -9999 -9999 -9999 -9999 -9999 -9999 -9999 -9999 -9999 -9999 -9999 -9999 -9999 -9999 -9999 -9999 -9999 -9999 -9999 -9999 -9999 -9999
-9999 -9999 -9999 -9999 -9999 -9999 -9999 -9999 -9999 -9999 -9999 -9999 -9999 -9999 -9999 -9999 -9999 -9999 -9999 -9999 -9999 -9999 -9999 -9999 -9999 -9999 -9999 -9999 -9999 -9999 -9999 -9999 -9999 -9999 -9999 -9999 -9999 -9999 -9999 -9999 -9999 -9999 -9999 -9999 -9999 -9999 -9999 -9999 -9999 -9999 -9999 -9999 -9999 -9999 -9999 -9999 -9999 -9999 -9999 -9999 -9999 -9999 -9999 -9999 -9999 -9999 -9999 -9999 -9999 -9999 -9999
-9999 -9999 -9999 -9999 -9999 -9999 -9999 -9999 -9999 -9999 -9999 -9999 -9999 -9999 -9999 -9999 -9999 -9999 -9999 -9999 -9999 -9999 -9999 -9999 -9999 -9999 -9999 -9999 -9999 -9999 -9999 -9999 -9999 -9999 -9999 -9999 -9999 -9999 -9999 -9999 -9999 -9999 -9999 -9999 -9999 -9999 -9999 -9999 -9999 -9999 -9999 -9999 -9999 -9999 -9999 -9999 -9999 -9999 -9999 -9999 -9999 -9999 -9999 -9999 -9999 -9999 -9999 -9999 -9999 -9999 -9999
-9999 -9999 -9999 -9999 -9999 -9999 -9999 -9999 -9999 -9999 -9999 -9999 -9999 -9999 -9999 -9999 -9999 -9999 -9999 -9999 -9999 -9999 -9999 -9999 -9999 -9999 -9999 -9999 -9999 -9999 -9999 -9999 -9999 -9999 -9999 -9999 -9999 -9999 -9999 -9999 -9999 -9999 -9999 -9999 -9999 -9999 -9999 -9999 -9999 -9999 -9999 -9999 -9999 -9999 -9999 -9999 -9999 -9999 -9999 -9999 -9999 -9999 -9999 -9999 -9999 -9999 -9999 -9999 -9999 -9999 -9999
-9999 -9999 -9999 -9999 -9999 -9999 -9999 -9999 -9999 -9999 -9999 -9999 -9999 -9999 -9999 -9999 -9999 -9999 -9999 -9999 -9999 -9999 -9999 -9999 -9999 -9999 -9999 -9999 -9999 -9999 -9999 -9999 -9999 -9999 -9999 -9999 -9999 -9999 -9999 -9999 -9999 -9999 -9999 -9999 -9999 -9999 -9999 -9999 -9999 -9999 -9999 -9999 -9999 -9999 -9999 -9999 -9999 -9999 -9999 -9999 -9999 -9999 -9999 -9999 -9999 -9999 -9999 -9999 -9999 -9999 -9999
-9999 -9999 -9999 -9999 -9999 -9999 -9999 -9999 -9999 -9999 -9999 -9999 -9999 -9999 -9999 -9999 -9999 -9999 -9999 -9999 -9999 -9999 -9999 -9999 -9999 -9999 -9999 -9999 -9999 -9999 -9999 -9999 -9999 -9999 -9999 -9999 -9999 -9999 -9999 -9999 -9999 -9999 -9999 -9999 -9999 -9999 -9999 -9999 -9999 -9999 -9999 -9999 -9999 -9999 -9999 -9999 -9999 -9999 -9999 -9999 -9999 -9999 -9999 -9999 -9999 -9999 -9999 -9999 -9999 -9999 -9999
-9999 -9999 -9999 -9999 -9999 -9999 44.92000 -9999 -9999 -9999 -9999 -9999 -9999 -9999 -9999 -9999 -9999 -9999 -9999 -9999 -9999 -9999 -9999 -9999 -9999 -9999 -9999 -9999 -9999 -9999 -9999 -9999 -9999 -9999 -9999 -9999 -9999 -9999 -9999 -9999 -9999 -9999 -9999 -9999 -9999 -9999 -9999 -9999 -9999 -9999 -9999 -9999 -9999 -9999 -9999 -9999 -9999 -9999 -9999 -9999 -9999 -9999 -9999 -9999 -9999 -9999 -9999 -9999 -9999 -9999 -9999
-9999 -9999 49.17000 42.41920 44.83170 46.01170 46.81420 48.05500 48.40170 48.53080 48.01670 46.83500 45.04500 45.09750 43.54170 41.96170 41.53500 41.33920 40.75330 40.58080 40.52500 41.24250 -9999 -9999 -9999 -9999 -9999 -9999 -9999 -9999 -9999 -9999 -9999 -9999 -9999 -9999 -9999 -9999 -9999 -9999 -9999 -9999 -9999 -9999 -9999 -9999 -9999 -9999 -9999 -9999 -9999 -9999 -9999 -9999 -9999 -9999 -9999 -9999 -9999 -9999 -9999 -9999 -9999 -9999 -9999 -9999 -9999 -9999 -9999 -9999 -9999
-9999 -9999 -9999 -9999 44.99920 45.52330 46.14000 46.66670 47.00580 46.97170 48.33500 47.54250 45.92080 44.57830 44.57250 43.23250 41.46420 42.08750 41.79170 42.09420 42.25170 42.21580 -9999 -9999 -9999 -9999 -9999 -9999 -9999 -9999 -9999 -9999 -9999 -9999 -9999 -9999 -9999 -9999 -9999 -9999 -9999 -9999 -9999 -9999 -9999 -9999 -9999 -9999 -9999 -9999 -9999 -9999 -9999 -9999 -9999 -9999 -9999 -9999 -9999 -9999 -9999 -9999 -9999 -9999 -9999 -9999 -9999 -9999 -9999 -9999 -9999
44.45920 44.62080 45.38080 44.37580 45.04750 46.52250 47.15580 47.34080 47.62750 47.96920 47.59330 48.19830 47.13080 45.42250 45.67580 44.31670 42.61170 43.22420 42.69750 42.84830 43.11670 41.79250 41.90500 42.25670 40.98250 40.24500 40.36580 39.23830 -9999 -9999 -9999 -9999 -9999 -9999 -9999 -9999 -9999 -9999 -9999 -9999 -9999 -9999 -9999 -9999 -9999 -9999 -9999 -9999 -9999 -9999 -9999 -9999 -9999 -9999 -9999 -9999 -9999 -9999 -9999 -9999 -9999 -9999 -9999 -9999 -9999 -9999 -9999 -9999 -9999 -9999 -9999
44.79750 45.37670 45.75580 45.94420 46.09830 46.58580 46.76670 46.89000 46.93250 46.92330 48.08170 47.90420 48.11750 47.16750 45.58920 45.97500 44.30580 43.27920 42.91250 42.43500 42.57080 43.10580 43.16830 42.16330 41.24080 41.20750 40.34330 40.62580 39.62670 39.78330 40.28500 39.61580 40.46250 41.92420 42.79250 43.72500 44.23330 44.00250 45.13250 46.94420 49.00920 49.34830 49.71330 -9999 -9999 -9999 -9999 -9999 -9999 -9999 -9999 -9999 -9999 -9999 -9999 -9999 -9999 -9999 -9999 -9999 -9999 -9999 -9999 -9999 -9999 -9999 -9999 -9999 -9999 -9999 -9999
46.56670 48.69250 48.82670 48.75000 48.89920 49.05330 47.35170 47.73080 47.91420 48.13580 47.43920 48.43080 47.80000 48.29670 47.61670 46.09250 46.33830 44.72420 44.29670 44.20500 44.02830 45.43670 45.19080 44.48000 43.59500 42.96500 42.15420 41.25830 41.47330 41.91250 41.16920 41.66830 40.82750 41.45420 42.62420 43.77920 44.99670 45.82250 47.34330 47.10330 49.19750 51.08580 51.95920 52.15170 -9999 -9999 -9999 -9999 -9999 -9999 -9999 -9999 -9999 -9999 -9999 -9999 -9999 -9999 -9999 -9999 -9999 -9999 -9999 -9999 -9999 -9999 -9999 -9999 -9999 -9999 -9999
58.32500 58.55920 56.75000 60.62500 56.88750 54.99920 56.22750 54.61500 54.76080 52.33170 54.76500 52.88080 51.25170 50.09000 49.16920 47.89920 47.94500 47.00170 45.41330 45.96750 46.01080 45.49830 45.65750 44.56830 43.45500 44.92250 43.48420 42.74330 41.82670 43.61750 42.88920 42.43830 43.10500 44.04170 44.98420 45.99170 46.65920 47.97000 48.51750 50.05670 49.76500 51.51420 52.83250 52.36500 -9999 -9999 -9999 -9999 -9999 -9999 -9999 -9999 -9999 -9999 -9999 -9999 -9999 -9999 -9999 42.65500 41.86080 -9999 -9999 -9999 -9999 43.69750 48.00830 50.22750 48.26670 43.19250 42.06920
59.21580 60.92080 59.71330 62.29830 56.46000 53.80500 54.01170 56.52580 56.49250 56.69580 54.52170 53.93250 52.95920 53.24670 52.28500 51.44670 49.34500 47.79250 47.64330 46.09330 46.98420 46.19750 46.33000 43.31500 42.52670 42.61670 43.40500 44.19580 43.44580 44.08170 43.24670 44.32250 44.93250 45.61420 45.83500 46.91580 47.75580 47.96170 48.44500 49.49080 50.73920 51.31330 52.15670 51.25420 49.90250 48.42670 47.87500 47.68750 52.11250 53.39420 51.72080 52.22750 52.73750 49.75330 49.75670 50.64250 44.13000 44.53830 43.93670 43.07080 42.61170 -9999 -9999 -9999 -9999 -9999 44.78500 47.68330 48.92080 49.65830 48.82080
68.61580 61.94920 63.25250 68.17000 62.86330 59.08170 57.66670 55.78830 53.81170 52.58080 51.85500 52.15250 51.92750 52.40580 52.24080 51.01420 50.65830 49.21500 49.05170 48.57830 46.91920 45.85750 44.40000 43.68330 42.62580 43.64170 42.72750 43.37670 42.50920 43.52000 42.94500 43.39000 44.17750 46.90750 47.03580 47.35420 48.27500 49.54670 50.45830 51.02080 51.42750 51.68750 51.87330 50.51330 49.08920 49.31500 48.56920 46.67580 51.05500 52.18750 49.29170 46.80750 48.68670 53.17920 56.00920 51.15670 52.68830 53.22500 51.62420 49.05500 48.94000 50.25170 46.22670 45.27080 44.22080 45.77330 45.82080 46.06580 47.35170 47.70670 50.59420
72.21920 83.04580 63.03250 70.94670 72.12830 66.66830 63.56330 62.33250 53.27580 51.51670 52.62420 51.95330 52.21250 52.47920 53.00750 52.47330 51.67170 50.64920 50.14170 50.77420 50.56580 47.77330 46.75330 44.85330 44.52670 44.06250 43.46830 44.21670 44.05670 44.66580 44.34250 45.36170 45.83080 46.03000 47.70000 48.38580 50.15750 50.46330 50.62670 51.87500 51.98500 52.07170 52.15000 50.91170 51.38920 49.79420 49.74670 47.90170 47.72670 48.72420 49.27580 47.27830 48.73330 47.87000 51.02170 53.43000 55.32830 53.75670 53.26920 54.69420 53.51250 57.41000 54.16080 48.99580 46.90670 45.87500 45.34170 45.31580 46.95330 51.13750 56.07250
78.04500 82.68500 74.88670 62.31000 66.30170 60.65250 59.49920 63.50000 59.14750 55.35750 54.57920 52.45750 52.80420 52.84170 53.88080 53.81330 51.80080 51.93920 52.61330 57.25670 55.58170 52.67330 50.47670 47.60750 46.37580 46.68080 45.85920 45.12830 45.30330 46.21250 46.11500 47.42580 47.68750 47.83170 49.15170 50.24420 50.37500 51.45330 52.80500 54.18080 54.56170 54.51830 58.01420 57.45670 55.19080 51.86580 50.09830 48.30920 46.88170 47.83250 49.47830 50.16080 48.97000 49.31420 49.93000 47.99580 48.68580 53.19920 53.23080 56.53670 59.38750 61.39000 62.54500 58.04750 55.91670 54.68500 53.85170 53.70330 54.43500 55.46330 56.19670
75.37670 80.31750 80.09500 80.01000 70.89580 61.72750 61.76080 63.82920 63.47830 58.51420 65.45750 63.10250 60.40170 55.20330 53.78750 53.62500 52.59920 52.73500 53.47670 55.89330 56.54750 54.17080 52.48080 48.97920 47.79170 47.60920 46.87000 45.95170 45.42000 46.10750 45.96500 47.31420 48.31750 48.06250 48.29920 50.80750 51.31750 52.45580 53.62830 56.19830 57.09750 56.04500 54.76330 55.83750 57.68000 57.08670 53.59170 50.81920 47.96250 50.19580 50.64670 49.91750 48.87420 47.03500 49.99000 53.34080 53.92920 58.18170 54.84670 53.79500 55.59750 56.42170 58.07670 60.34420 63.24420 59.70670 62.35920 59.06170 57.66830 57.80170 58.13250
75.65080 78.52830 80.65000 84.29500 84.12580 71.60250 65.35920 61.54170 61.08000 57.92000 60.60330 67.60330 72.68750 75.90670 66.32670 60.10250 57.02750 53.68330 53.06000 52.17500 51.83000 51.84080 51.55750 48.97330 48.93330 48.98420 48.36420 47.41330 47.89920 47.80420 46.74670 48.05580 48.41170 49.63750 48.53250 51.01080 52.30080 55.38670 54.37580 54.54750 57.24670 58.80250 57.58830 56.68500 58.20250 56.98830 55.61330 53.74670 51.01170 48.31830 47.91080 48.31830 48.92830 48.76330 49.48330 50.17580 54.03420 56.49500 55.51830 60.32580 59.73670 58.98830 59.36250 57.78670 57.30330 57.74670 58.76170 59.24830 57.11330 57.03500 54.31170
85.92000 85.17920 88.59000 88.36670 85.86000 81.80750 80.27580 75.33420 67.77000 60.74750 55.07750 58.34000 62.49000 66.08750 70.15500 71.08500 69.59580 66.92000 61.94250 59.40330 56.01330 55.10420 54.13170 52.21080 51.03670 50.90500 50.39750 50.11920 51.07830 51.34170 48.81830 53.20250 53.66830 53.57080 52.33250 53.75750 53.33830 55.83330 54.58580 56.26750 57.51250 59.02000 57.58080 59.48420 60.59580 60.94580 60.11580 58.09920 55.49080 53.69170 55.61250 55.98750 57.78000 56.35420 55.60920 54.46330 59.02080 55.81420 56.90080 59.72670 57.48830 57.71580 58.75420 55.99750 56.46000 57.52830 60.25080 59.22420 56.29080 54.79000 52.35420
84.41920 87.63920 90.15580 87.27330 86.87500 86.94000 82.69420 76.49420 75.48000 68.00420 65.42500 64.91000 64.61080 60.86420 61.81420 62.64250 64.04500 68.49080 70.30080 69.43830 66.80500 65.92250 60.36000 56.91750 54.20830 54.40920 52.65580 53.99580 55.79170 54.19670 53.06080 52.73670 55.75830 53.35080 55.01330 50.77250 52.11830 54.38750 58.58580 57.86330 55.89920 56.02580 58.65000 60.59000 65.49170 66.19250 65.16670 61.72580 60.17330 61.81500 62.36580 60.73830 62.12920 63.93580 60.95170 62.21420 58.65250 61.22250 57.05330 55.73000 55.33750 54.24580 55.77080 56.81170 59.56420 56.63080 54.64920 52.99330 53.96170 53.41830 51.20750
86.05500 84.54830 84.09000 81.91000 84.78420 86.44420 84.43330 81.06830 77.79670 69.99080 63.51580 72.61500 72.02250 67.30170 73.96750 76.70250 75.34580 59.14420 67.12830 76.73000 75.99000 73.51330 70.45920 59.00750 55.87830 54.49750 54.36080 55.05420 55.70080 53.99080 54.56580 54.44170 53.69420 53.18750 49.34000 51.22580 54.23750 54.59080 57.71500 59.42250 63.09420 60.65750 60.82080 63.24580 59.47750 58.43670 60.24420 60.60500 62.33920 63.59420 63.93750 60.85000 59.99170 60.54420 62.72330 63.41670 61.37580 62.06580 57.11580 55.40080 52.83330 52.39920 54.91170 57.99920 54.18250 53.47580 51.55250 50.44000 50.31250 51.43250 50.76830
90.27080 87.99000 86.92670 84.11580 83.64250 81.40500 78.54250 77.70000 73.91080 71.98500 69.66420 69.42750 69.94580 66.38920 72.24000 73.04170 77.43500 73.95080 68.55750 65.94920 69.51830 71.38670 69.55080 68.25420 62.04670 57.82750 56.14170 55.89500 56.13580 54.68920 55.29830 53.52920 52.33580 53.95670 55.05920 54.34170 54.95080 55.33170 57.69500 59.72000 64.82080 64.94420 67.19830 66.30080 60.00920 57.68420 59.21580 60.59830 61.42330 64.04080 64.66330 61.37920 59.27000 62.86670 60.57170 60.23170 58.21330 56.89750 60.14580 56.90580 55.37080 53.57000 53.77000 51.24000 51.77670 51.85170 51.11330 52.16170 54.89670 52.49920 51.78580
95.21250 94.33670 93.75670 90.85000 88.25920 82.71000 78.39250 74.65420 71.71080 69.07920 70.82420 73.98250 71.69250 67.89580 67.69170 70.89670 72.32670 73.13000 78.20000 74.52170 72.64420 67.93420 66.45750 67.09500 69.24670 66.44500 60.89500 60.19500 61.63080 62.34670 59.49500 59.16080 53.84420 55.92080 57.48250 61.85080 60.81830 64.79670 61.66670 66.79920 72.06250 68.45330 68.59580 72.25250 68.30750 63.23580 61.88580 61.42000 60.24580 61.87330 61.68920 57.29330 55.13000 54.70830 54.17080 55.96330 55.94250 58.09580 56.36000 57.81080 54.31080 53.61830 53.88080 53.18080 52.66750 51.62750 51.74830 51.61420 52.38920 55.72920 54.17920
102.23700 102.87700 102.89600 100.36300 93.64580 88.85080 83.11830 78.30830 71.52670 72.29830 71.02420 71.82250 78.17580 74.38580 68.88580 69.36580 72.60920 75.83000 79.86580 78.95920 74.86500 73.61250 72.83170 70.75920 69.33920 67.14000 68.61500 64.35580 62.36420 63.90250 60.39080 61.79080 59.33170 64.82670 66.28000 61.92170 65.90920 69.39500 67.36000 67.01500 71.34080 73.45830 73.85580 70.89920 69.02920 67.32830 65.28420 64.38920 62.55330 63.34920 61.50500 61.67330 59.88580 60.45420 59.61500 59.23500 58.97500 56.22830 53.91580 52.23330 51.61080 51.92420 52.12830 52.97920 52.68420 52.27500 52.00670 52.14000 55.77170 58.08750 58.26170
104.37900 103.44000 107.39300 104.26100 100.78600 91.41330 87.58170 78.71080 76.18000 71.39250 65.97750 68.03330 72.23330 77.50420 76.06580 74.90670 76.08500 74.84920 75.92330 74.59670 80.24670 74.98170 72.39750 70.56250 68.98580 71.39500 74.96000 69.55330 65.64830 63.42000 66.98420 64.49250 63.37830 66.81750 69.18250 65.54330 66.58330 68.97330 72.18330 71.80500 73.32500 74.80750 72.89330 73.12920 70.23250 70.81080 65.58500 65.62920 64.40750 63.62750 62.06750 61.36330 59.59080 57.92000 58.23500 56.92080 57.18580 55.82080 53.04830 51.51500 52.03500 52.66250 52.89420 53.32080 57.76330 57.64250 57.27830 55.91080 57.77330 54.95670 56.33250
109.30300 108.34200 109.66000 109.07600 106.34300 105.86900 99.36330 88.92000 83.85250 80.15920 73.76170 75.74420 73.72920 76.10250 81.80000 79.11080 75.84920 73.81670 76.52080 75.20670 74.12830 77.58500 76.57000 72.33170 68.23330 66.90330 70.82080 68.80580 65.16420 65.58080 64.05920 64.95330 66.26580 67.93250 68.82500 70.96830 67.42920 72.87500 76.57170 79.33500 76.13000 75.28420 75.52170 70.18830 67.54420 65.38420 61.20080 57.88750 57.78250 56.04580 54.73080 53.32580 53.62170 55.48080 56.68250 57.65330 56.75580 54.67000 53.67330 53.18500 52.76170 52.29080 55.68250 60.01830 61.67250 60.29750 61.38580 61.23500 58.68750 56.50170 58.09080
105.06200 108.47300 112.46700 108.95400 109.36400 107.59600 110.34600 101.09200 92.71000 92.01250 89.83750 86.10170 82.22080 84.22500 83.34750 80.27170 80.55580 79.56250 75.89500 76.34750 76.82170 79.15830 81.41580 75.23080 69.98500 70.09920 74.86250 72.67170 72.98250 73.54000 68.23670 65.57670 67.86750 69.66250 70.74670 70.69500 72.41000 73.25830 76.74250 78.56330 76.00420 71.79330 73.27000 68.26000 61.79750 60.70000 61.28420 61.07920 62.27920 58.60170 -9999 -9999 55.10580 54.12420 53.66670 56.52250 57.16830 55.14750 54.60080 56.23080 55.65330 58.25670 61.61250 65.02330 63.45830 64.75250 65.10170 66.82920 61.44500 58.35670 59.69500
111.58300 109.66800 111.56800 112.70000 111.34500 106.93600 109.95900 100.67000 100.18000 98.86830 95.96920 91.02830 90.74420 88.93000 85.26750 81.95080 84.85080 81.04670 78.72750 80.45420 79.17670 76.15830 76.11330 76.13330 80.83670 77.87330 78.25580 76.14500 76.57920 73.79500 74.35580 67.73420 69.48500 71.87830 72.79420 73.33750 76.09080 71.64000 67.12250 -9999 -9999 -9999 -9999 63.85080 -9999 66.84080 71.99500 66.36170 64.21750 58.08080 -9999 -9999 58.22080 58.09500 57.36500 57.80580 56.30670 56.19420 56.84420 58.18920 58.80250 59.30080 60.81330 62.04830 59.40670 66.58830 67.18330 66.81920 59.64830 57.28830 57.44830
