data/hydroclimate-scenarios/BCSD_hadcm_A1B/monthly_summaries/precip_monthly_tot_jul.2070-2099.asc
ncols	311
nrows	91
xllcenter	102.75
yllcenter	31.75
cellsize	0.5
NODATA_value	-9999
[rows 0 to 30 of 91, columns 213 to 283 of 311]
-9999 -9999 -9999 -9999 -9999 -9999 -9999 -9999 -9999 -9999 -9999 -9999 -9999 -9999 -9999 -9999 -9999 -9999 -9999 -9999 -9999 -9999 -9999 -9999 -9999 -9999 -9999 -9999 -9999 -9999 -9999 -9999 -9999 -9999 -9999 -9999 -9999 -9999 -9999 -9999 -9999 -9999 -9999 -9999 -9999 -9999 -9999 -9999 -9999 -9999 -9999 -9999 -9999 -9999 -9999 -9999 -9999 -9999 -9999 -9999 -9999 -9999 -9999 -9999 -9999 -9999 -9999 -9999 -9999 -9999 -9999
-9999 -9999 -9999 -9999 -9999 -9999 -9999 -9999 -9999 -9999 -9999 -9999 -9999 -9999 -9999 -9999 -9999 -9999 -9999 -9999 -9999 -9999 -9999 -9999 -9999 -9999 -9999 -9999 -9999 -9999 -9999 -9999 -9999 -9999 -9999 -9999 -9999 -9999 -9999 -9999 -9999 -9999 -9999 -9999 -9999 -9999 -9999 -9999 -9999 -9999 -9999 -9999 -9999 -9999 -9999 -9999 -9999 -9999 -9999 -9999 -9999 -9999 -9999 -9999 -9999 -9999 -9999 -9999 -9999 -9999 -9999
-9999 -9999 -9999 -9999 -9999 -9999 -9999 -9999 -9999 -9999 -9999 -9999 -9999 -9999 -9999 -9999 -9999 -9999 -9999 -9999 -9999 -9999 -9999 -9999 -9999 -9999 -9999 -9999 -9999 -9999 -9999 -9999 -9999 -9999 -9999 -9999 -9999 -9999 -9999 -9999 -9999 -9999 -9999 -9999 -9999 -9999 -9999 -9999 -9999 -9999 -9999 -9999 -9999 -9999 -9999 -9999 -9999 -9999 -9999 -9999 -9999 -9999 -9999 -9999 -9999 -9999 -9999 -9999 -9999 -9999 -9999
-9999 -9999 -9999 -9999 -9999 -9999 -9999 -9999 -9999 -9999 -9999 -9999 -9999 -9999 -9999 -9999 -9999 -9999 -9999 -9999 -9999 -9999 -9999 -9999 -9999 -9999 -9999 -9999 -9999 -9999 -9999 -9999 -9999 -9999 -9999 -9999 -9999 -9999 -9999 -9999 -9999 -9999 -9999 -9999 -9999 -9999 -9999 -9999 -9999 -9999 -9999 -9999 -9999 -9999 -9999 -9999 -9999 -9999 -9999 -9999 -9999 -9999 -9999 -9999 -9999 -9999 -9999 -9999 -9999 -9999 -9999
-9999 -9999 -9999 -9999 -9999 -9999 -9999 -9999 -9999 -9999 -9999 -9999 -9999 -9999 -9999 -9999 -9999 -9999 -9999 -9999 -9999 -9999 -9999 -9999 -9999 -9999 -9999 -9999 -9999 -9999 -9999 -9999 -9999 -9999 -9999 -9999 -9999 -9999 -9999 -9999 -9999 -9999 -9999 -9999 -9999 -9999 -9999 -9999 -9999 -9999 -9999 -9999 -9999 -9999 -9999 -9999 -9999 -9999 -9999 -9999 -9999 -9999 -9999 -9999 -9999 -9999 -9999 -9999 -9999 -9999 -9999
-9999 -9999 -9999 -9999 -9999 -9999 -9999 -9999 -9999 -9999 -9999 -9999 -9999 -9999 -9999 -9999 -9999 -9999 -9999 -9999 -9999 -9999 -9999 -9999 -9999 -9999 -9999 -9999 -9999 -9999 -9999 -9999 -9999 -9999 -9999 -9999 -9999 -9999 -9999 -9999 -9999 -9999 -9999 -9999 -9999 -9999 -9999 -9999 -9999 -9999 -9999 -9999 -9999 -9999 -9999 -9999 -9999 -9999 -9999 -9999 -9999 -9999 -9999 -9999 -9999 -9999 -9999 -9999 -9999 -9999 -9999
-9999 -9999 -9999 -9999 -9999 -9999 -9999 -9999 -9999 -9999 -9999 -9999 -9999 -9999 -9999 -9999 -9999 -9999 -9999 -9999 -9999 -9999 -9999 -9999 -9999 -9999 -9999 -9999 -9999 -9999 -9999 -9999 -9999 -9999 -9999 -9999 -9999 -9999 -9999 -9999 -9999 -9999 -9999 -9999 -9999 -9999 -9999 -9999 -9999 -9999 -9999 -9999 -9999 -9999 -9999 -9999 -9999 -9999 -9999 -9999 -9999 -9999 -9999 -9999 -9999 -9999 -9999 -9999 -9999 -9999 -9999
-9999 -9999 -9999 -9999 -9999 -9999 -9999 -9999 -9999 -9999 -9999 -9999 -9999 -9999 -9999 -9999 -9999 -9999 -9999 -9999 -9999 -9999 -9999 -9999 -9999 -9999 -9999 -9999 -9999 -9999 -9999 -9999 -9999 -9999 -9999 -9999 -9999 -9999 -9999 -9999 -9999 -9999 -9999 -9999 -9999 -9999 -9999 -9999 -9999 -9999 -9999 -9999 -9999 -9999 -9999 -9999 -9999 -9999 -9999 -9999 -9999 -9999 -9999 -9999 -9999 -9999 -9999 -9999 -9999 -9999 -9999
-9999 -9999 -9999 -9999 -9999 -9999 -9999 -9999 -9999 -9999 -9999 -9999 -9999 -9999 -9999 -9999 -9999 -9999 -9999 -9999 -9999 -9999 -9999 -9999 -9999 -9999 -9999 -9999 -9999 -9999 -9999 -9999 -9999 -9999 -9999 -9999 -9999 -9999 -9999 -9999 -9999 -9999 -9999 -9999 -9999 -9999 -9999 -9999 -9999 -9999 -9999 -9999 -9999 -9999 -9999 -9999 -9999 -9999 -9999 -9999 -9999 -9999 -9999 -9999 -9999 -9999 -9999 -9999 -9999 -9999 -9999
-9999 -9999 -9999 -9999 -9999 -9999 -9999 -9999 -9999 -9999 -9999 -9999 -9999 -9999 -9999 -9999 -9999 -9999 -9999 -9999 -9999 -9999 -9999 -9999 -9999 -9999 -9999 -9999 -9999 -9999 -9999 -9999 -9999 -9999 -9999 -9999 -9999 -9999 -9999 -9999 -9999 -9999 -9999 -9999 -9999 -9999 -9999 -9999 -9999 -9999 -9999 -9999 -9999 -9999 -9999 -9999 -9999 -9999 -9999 -9999 -9999 -9999 -9999 -9999 -9999 -9999 -9999 -9999 -9999 -9999 -9999
-9999 -9999 -9999 -9999 -9999 -9999 -9999 -9999 -9999 -9999 -9999 -9999 -9999 -9999 -9999 -9999 -9999 -9999 -9999 -9999 -9999 -9999 -9999 -9999 -9999 -9999 -9999 -9999 -9999 -9999 -9999 -9999 -9999 -9999 -9999 -9999 -9999 -9999 -9999 -9999 -9999 -9999 -9999 -9999 -9999 -9999 -9999 -9999 -9999 -9999 -9999 -9999 -9999 -9999 -9999 -9999 -9999 -9999 -9999 -9999 -9999 -9999 -9999 -9999 -9999 -9999 -9999 -9999 -9999 -9999 -9999
-9999 -9999 -9999 -9999 -9999 -9999 -9999 -9999 -9999 -9999 -9999 -9999 -9999 -9999 -9999 -9999 -9999 -9999 -9999 -9999 -9999 -9999 -9999 -9999 -9999 -9999 -9999 -9999 -9999 -9999 -9999 -9999 -9999 -9999 -9999 -9999 -9999 -9999 -9999 -9999 -9999 -9999 -9999 -9999 -9999 -9999 -9999 -9999 -9999 -9999 -9999 -9999 -9999 -9999 -9999 -9999 -9999 -9999 -9999 -9999 -9999 -9999 -9999 -9999 -9999 -9999 -9999 -9999 -9999 -9999 -9999
-9999 -9999 -9999 -9999 -9999 -9999 -9999 -9999 -9999 -9999 -9999 -9999 -9999 -9999 -9999 -9999 -9999 -9999 -9999 -9999 -9999 -9999 -9999 -9999 -9999 -9999 -9999 -9999 -9999 -9999 -9999 -9999 -9999 -9999 -9999 -9999 -9999 -9999 -9999 -9999 -9999 -9999 -9999 -9999 -9999 -9999 -9999 -9999 -9999 -9999 -9999 -9999 -9999 -9999 -9999 -9999 -9999 -9999 -9999 -9999 -9999 -9999 -9999 -9999 -9999 -9999 -9999 -9999 -9999 -9999 -9999
32.73170 33.70500 35.94330 36.76330 37.38330 37.93170 -9999 -9999 -9999 -9999 -9999 -9999 -9999 -9999 -9999 -9999 -9999 -9999 -9999 -9999 -9999 -9999 -9999 -9999 -9999 -9999 -9999 -9999 -9999 -9999 -9999 -9999 -9999 -9999 -9999 -9999 -9999 -9999 -9999 -9999 -9999 -9999 -9999 -9999 -9999 -9999 -9999 26.87920 -9999 -9999 -9999 -9999 -9999 -9999 -9999 -9999 -9999 -9999 -9999 -9999 -9999 -9999 -9999 -9999 -9999 -9999 -9999 -9999 -9999 -9999 -9999
29.04000 32.77670 37.31170 38.77500 38.48830 39.11330 39.04670 39.72330 42.55420 44.63750 50.68170 54.46670 52.85170 48.17500 47.38250 47.45920 47.16830 45.26920 57.17830 -9999 -9999 -9999 -9999 -9999 -9999 -9999 -9999 -9999 -9999 -9999 -9999 -9999 -9999 -9999 -9999 -9999 -9999 -9999 -9999 -9999 -9999 -9999 36.31080 33.29080 34.51420 39.94580 41.32080 37.98580 29.84670 -9999 -9999 -9999 29.22670 -9999 -9999 -9999 34.63500 37.44250 38.91170 -9999 -9999 -9999 -9999 -9999 -9999 -9999 -9999 -9999 -9999 -9999 -9999
34.24580 36.30830 45.55330 48.02250 47.17830 48.23420 55.18500 68.13250 77.00250 81.79750 82.31580 95.29920 82.93670 89.85170 99.62670 113.53200 100.40700 97.04750 77.56330 72.51250 65.03170 60.57750 55.81420 51.47920 44.84500 -9999 -9999 -9999 -9999 -9999 40.41500 38.97920 37.65000 36.98080 35.71580 34.40750 33.13250 33.28080 33.30580 33.12580 32.98250 32.95750 45.65920 44.21920 46.87830 45.47830 49.37250 47.61830 36.64830 36.37750 36.34250 36.09830 36.11670 35.77580 36.87500 38.59330 41.79580 46.37170 52.78080 53.56000 52.24330 49.33330 50.02500 47.70250 -9999 -9999 -9999 -9999 -9999 -9999 -9999
66.41250 79.31080 87.38500 98.58750 87.98000 94.82080 121.12600 142.83099 142.90700 131.50600 128.35400 125.01300 99.49080 101.73800 95.59330 119.22100 104.13100 96.32580 78.03670 69.70830 65.48580 63.36420 58.94170 60.52670 53.63420 51.89920 50.17830 49.90250 46.91080 44.24420 41.66330 40.65670 40.73580 42.62170 43.31670 42.03580 40.65420 41.06000 41.68420 42.01250 41.26580 41.32330 40.98830 40.72080 42.02500 40.82670 43.42500 43.18000 43.38000 43.04000 43.24500 42.64000 42.83000 43.86080 43.68330 45.60830 46.75330 48.76830 49.48830 51.05670 51.70330 53.89250 55.71080 57.70670 58.06500 57.66080 55.66080 56.24250 55.93330 55.90080 52.16670
132.24200 133.83400 146.91200 160.01700 154.85800 159.32401 130.28400 111.96100 108.63900 97.44670 88.84500 86.68330 93.56330 85.74170 76.92920 72.67000 77.68830 72.59920 70.36920 65.79580 62.35750 61.12750 57.56330 55.78000 55.04750 56.08830 57.03580 57.06420 55.79000 52.98830 48.97080 43.44170 43.46920 44.26580 47.86080 48.38750 47.32250 48.07920 47.48330 47.73000 47.48420 46.71750 46.35250 46.11920 46.00580 45.19000 47.78830 47.42080 47.44330 47.09670 47.51080 47.22170 47.39250 47.52000 48.16500 50.32330 51.27000 51.62580 54.05250 54.70500 55.64170 56.92580 62.04170 62.34830 59.47420 59.82420 58.82750 58.92580 57.76420 56.87580 54.81420
112.16600 111.71300 100.72100 105.35800 113.00800 98.26330 88.70830 91.25250 84.16330 73.59170 76.00420 74.53670 69.54580 60.15920 62.76330 65.59250 62.04670 60.60330 74.09000 69.88500 65.75170 62.88330 59.00420 57.47080 55.62500 56.71080 57.64170 61.34000 61.15670 59.73420 52.44920 45.27750 44.15500 46.04080 48.51670 50.48830 51.11330 52.10500 51.70330 52.44250 51.41920 52.43580 49.97580 49.40920 50.85920 51.14170 52.08750 52.04750 51.79830 52.09500 51.81920 52.34420 52.26000 52.56920 52.67250 53.64080 54.39420 56.24170 57.58000 59.18170 59.98420 61.50080 65.60920 63.49920 61.74170 61.52420 60.03250 60.17000 58.36080 56.21000 54.32580
105.91700 118.39700 123.31700 104.54200 96.16330 90.57500 76.96170 77.15500 66.44080 61.17080 59.47250 55.43000 54.46080 50.73750 56.26170 61.70330 59.86250 62.36580 65.92920 65.79080 66.39250 63.93170 64.42000 63.04500 59.47080 58.84420 55.47920 55.35420 54.29000 59.38750 52.78580 48.16500 43.90080 45.72250 47.82420 50.01000 51.00750 51.12250 51.38170 53.72750 53.11670 52.74580 54.11170 55.23920 52.97080 52.77330 54.31830 55.86920 55.92920 56.53500 54.93920 55.24830 55.30170 55.60000 54.49830 55.98920 56.79580 59.19920 61.06670 60.96670 62.04330 63.81080 64.53250 62.22920 62.24250 62.36500 59.76750 57.91170 55.81750 56.61830 52.55500
98.90500 135.15300 145.14500 107.69000 84.72500 72.31750 65.82420 59.64000 50.57830 45.38500 42.89080 41.10750 40.59250 42.51080 50.64580 68.55920 75.03500 76.17500 69.80330 70.06580 70.62830 69.83080 67.37750 66.27920 61.02920 59.15920 57.37580 55.21250 55.74250 58.01000 55.92580 49.56830 47.77920 48.40750 48.63250 50.27000 50.96420 50.58750 50.96170 52.13580 51.70920 53.04170 52.73750 54.13670 55.37920 55.32250 55.02670 56.55250 55.62330 57.59330 57.48170 58.14250 56.90170 56.97000 56.35920 55.63250 57.36170 57.52830 58.14330 57.27920 59.84420 60.70750 58.15750 57.72670 57.81170 55.88500 55.46170 57.23670 57.71750 57.05920 55.86420
102.54200 95.09250 77.67920 53.04750 48.40830 50.28750 53.54670 60.96500 60.42830 56.68170 51.54670 46.47580 43.36250 42.12500 51.61830 59.98420 67.85250 68.76920 72.88750 71.07830 74.78420 71.20580 73.20170 69.05420 63.33670 59.96170 57.65920 57.21580 57.52750 57.59750 59.47830 55.56920 52.89420 50.06580 49.47670 50.09420 50.41830 50.24420 50.61670 51.33580 52.61000 52.52330 53.45670 53.32080 54.36330 55.77500 56.58500 57.86500 58.77250 59.18000 59.95330 58.34170 57.11500 55.82750 54.92670 53.70580 55.16670 56.47750 56.67000 58.38080 59.92080 59.34170 60.42250 58.97420 57.18250 55.47420 52.26420 55.82830 55.06000 54.48330 55.05170
86.68170 65.28420 59.02330 62.57920 75.60170 103.55400 139.78700 146.40401 127.61600 107.86900 101.38400 89.98080 72.16830 47.58580 63.34580 69.86830 83.94330 75.70000 80.30000 75.14920 77.00580 73.13000 71.92000 70.70250 66.62750 61.72920 62.09420 61.25670 59.76250 57.45670 56.77170 53.79330 53.77580 54.78000 54.84170 54.38670 55.40920 56.23830 55.24250 54.95670 56.11580 56.33330 55.15000 55.33580 56.67580 58.23330 59.91920 63.38250 62.94420 64.03830 63.12670 62.05250 59.78420 58.80830 58.17750 59.54250 59.61500 58.00330 59.41500 59.22920 60.67750 59.92000 56.77080 55.11580 52.31330 50.39330 53.79080 52.94420 52.54920 51.73330 51.45330
91.36750 86.53250 95.43750 94.82920 83.89750 102.50700 128.11700 128.44200 120.51100 117.93300 121.56300 119.17600 115.19500 101.98300 102.45700 90.04750 76.15080 67.67580 78.46670 75.89920 76.38580 72.63580 71.02920 70.44920 67.50580 66.64830 66.81420 64.96420 65.69750 64.37080 61.87330 59.30250 60.48080 60.91580 62.41080 63.08920 64.67500 63.78330 63.13750 61.70830 66.64920 67.44580 65.01830 65.61830 66.38170 66.89000 64.13580 63.68080 64.15830 65.20920 63.82420 62.11080 62.64250 62.17580 60.11500 61.44830 59.96580 59.28250 61.10170 60.50250 60.70920 57.61670 56.27330 56.27750 53.24000 51.97420 52.76170 50.47420 50.03000 48.26250 48.19670
94.77170 97.97080 111.34400 110.89800 96.34250 88.28250 75.82250 82.30830 113.06000 115.47800 123.14700 122.99700 131.24001 131.51601 135.15700 122.91500 112.18900 88.75920 83.15580 75.77750 73.16500 74.72330 74.25830 75.41000 69.97080 68.33250 70.11750 68.77080 69.53250 69.59830 70.16250 69.48830 67.66750 68.61750 68.02920 68.19250 68.97080 70.50830 69.61750 68.95420 73.92170 75.49580 76.35750 78.47170 80.60500 82.14580 81.55750 78.77170 71.36420 67.20000 67.56330 66.00830 63.87080 65.60080 63.84250 62.27500 62.45250 62.39830 59.40170 58.82920 58.78500 61.06920 60.44080 58.95920 53.00500 48.75080 47.22330 46.88250 45.48830 43.92670 45.43500
95.69580 97.15420 98.83750 99.06330 108.40600 106.42400 117.10100 128.22701 123.36800 114.15900 112.02300 113.42500 120.29300 126.68500 122.40300 98.97080 89.21330 82.66500 81.97000 78.03920 75.12750 72.22750 75.04170 72.69830 68.20250 68.37580 69.63250 70.06580 70.88580 68.46500 69.51830 67.22420 67.00500 66.80000 67.92170 68.19920 68.26000 70.18000 69.57330 71.84420 75.27250 78.54170 78.21330 80.39330 83.30830 84.69500 85.15420 82.73670 78.27330 75.42500 72.43330 69.13330 66.81750 69.49080 70.96330 66.06250 64.42170 63.13670 61.22000 59.51920 59.48420 60.19920 58.29330 55.21170 53.20330 52.62920 48.11170 45.66830 42.98420 41.65170 44.90250
126.77200 134.35300 135.02000 138.92101 126.68000 179.21500 229.36900 238.94600 237.10899 210.50101 167.40401 166.82800 112.52900 82.05500 78.77250 90.55830 87.22750 86.75920 84.55830 80.14000 77.11580 79.21080 77.07500 74.41920 65.82250 65.15580 63.68170 65.79670 67.16500 66.80250 66.00330 64.60170 63.63580 62.63830 61.08330 61.45670 66.50250 67.17420 70.78330 72.59250 75.19830 76.87080 81.65170 83.71330 87.02670 87.43080 86.93330 89.16420 88.02920 83.32500 80.30920 76.41670 74.04000 70.70330 67.48580 69.42420 66.80170 65.00830 64.10830 61.96330 60.07580 59.06670 57.22500 56.67830 53.91670 51.30500 48.28250 45.67830 42.00580 39.34750 41.04250
324.37701 311.17200 187.34399 145.51100 148.42599 159.03300 194.65900 188.33600 196.68500 207.17200 180.74001 239.07800 236.39301 233.44800 175.08800 109.57700 82.30830 85.21250 92.15670 88.42000 83.25330 84.99170 82.30580 82.61250 65.36080 64.85830 64.39670 64.51670 66.29170 66.76830 65.65830 63.92000 62.02170 60.19250 64.10830 64.89750 64.87500 66.19500 71.29250 75.44000 76.26750 80.11580 84.41080 85.72670 89.91250 92.24580 95.36500 95.18420 90.18830 87.42250 87.78330 85.45080 82.04170 77.78170 69.64080 71.86250 70.32670 67.19170 64.03330 62.91830 60.68670 58.91670 56.69830 54.04670 53.19750 50.94750 48.74080 46.38080 42.46000 40.14830 40.46250
376.89499 275.23499 209.48399 167.16701 146.11200 170.22600 245.78999 164.37500 141.84200 134.77499 119.95000 115.02500 116.38300 157.02800 139.06300 167.58299 139.33200 91.48580 110.04700 101.37500 93.85330 95.13250 98.09000 89.62830 67.87920 67.55170 63.98080 63.56250 63.84830 64.29830 61.03580 58.55250 58.49000 60.32000 62.61920 63.71830 64.66920 68.44750 71.58250 73.30830 78.74750 81.43500 86.68670 89.36750 94.45000 97.20500 99.95000 101.17700 99.75670 100.98300 97.92580 97.28580 88.91170 81.30830 77.31830 70.79750 71.68580 69.82250 65.58500 62.93670 60.61580 58.43170 56.34330 55.60080 53.79580 51.92080 49.97830 48.09580 46.03580 43.85830 44.50330
166.60600 128.64200 195.34599 208.11000 214.65700 272.00201 235.11000 177.25900 115.43100 100.13200 84.22250 88.24830 163.16901 263.59399 223.15500 207.75101 184.31100 163.30800 151.26801 139.14799 121.46600 121.37100 111.33000 101.17600 93.50330 86.90170 81.96670 65.45080 63.86330 62.65750 60.15750 57.38580 56.05330 58.49080 61.57330 63.15830 63.04750 67.49500 68.82500 72.49920 74.54500 80.30080 85.19250 93.83750 94.57920 99.23330 99.25420 99.17670 103.19300 103.33200 103.41200 101.80100 95.51830 90.49420 83.58830 73.86750 73.91830 71.31580 66.91750 64.08670 65.55670 66.90000 65.89330 63.03000 60.00580 55.87920 51.29750 49.51500 48.61920 48.41420 49.09080
96.78170 83.33920 104.70200 143.97600 137.93201 150.24800 181.88300 199.83800 189.50700 127.59800 95.74920 76.36750 115.14100 150.87199 247.81200 286.09000 253.08099 250.40100 208.72200 186.01801 163.66400 161.25000 136.90800 122.43200 108.60500 98.23670 86.77580 86.45420 84.64420 79.04580 72.35000 66.14580 61.77500 62.32000 63.41170 67.24670 69.66330 68.73670 69.72330 71.62920 75.35500 78.88670 80.19080 88.20500 92.80920 95.82330 97.65830 97.07830 98.18670 96.29250 98.73250 100.33600 100.87900 96.48750 93.65830 84.50750 77.63670 75.72170 68.74080 64.66000 63.45830 62.96250 61.62250 60.13750 57.01830 52.92500 52.35920 50.65330 51.74330 51.55830 52.07580
