data/hydroclimate-scenarios/BCSD_hadcm_A1B/monthly_summaries/precip_monthly_tot_feb.2070-2099.asc
ncols	311
nrows	91
xllcenter	102.75
yllcenter	31.75
cellsize	0.5
NODATA_value	-9999
[rows 32 to 63 of 91, columns 0 to 71 of 311]
-9999 -9999 -9999 -9999 -9999 -9999 -9999 -9999 -9999 -9999 -9999 21.81080 22.21670 23.00080 23.74580 25.13250 26.97750 26.38920 27.76830 28.60420 28.24080 27.59250 26.91250 23.98330 23.82250 23.54330 21.05670 20.48670 17.99000 17.95080 18.06000 18.32080 18.04250 18.20920 17.89920 19.85670 20.40250 20.48170 19.92920 20.35750 20.15670 20.08580 22.36920 20.43080 20.25920 20.35500 20.44420 20.62920 20.49170 20.01080 18.37170 18.46670 18.39670 16.73500 16.22080 16.04580 15.91830 16.01830 15.62000 15.23080 15.23080 14.85170 14.60250 14.51580 14.24080 15.80330 13.45170 13.17000 13.17250 11.56750 11.29830 11.54330
-9999 -9999 -9999 -9999 -9999 -9999 -9999 -9999 -9999 -9999 -9999 24.43670 23.81420 23.21080 25.58670 25.95500 26.08170 26.99670 30.09080 29.91170 30.23170 29.53580 26.77330 26.31420 23.46170 21.09920 20.64500 17.77330 17.59500 17.70750 17.45670 17.39920 17.64830 17.50420 17.57500 19.81920 20.40580 20.31170 20.02080 20.01330 22.29750 22.24500 22.03500 22.13250 22.16170 22.42330 22.36080 22.32500 20.72000 20.85670 20.88830 18.82170 18.93750 19.15170 18.76670 18.84080 18.35670 18.52170 18.33000 17.58330 17.35420 17.14500 16.85170 16.71920 16.46250 16.30580 15.79080 15.14170 13.50920 13.35500 13.43330 13.29250
-9999 -9999 -9999 -9999 -9999 -9999 -9999 -9999 -9999 -9999 -9999 -9999 24.73080 24.51500 24.89330 25.91330 28.54920 28.98920 29.55420 32.49830 32.31670 29.58670 26.53670 25.41250 22.82500 20.12420 17.61500 17.17170 16.76920 16.91580 14.82170 16.55670 16.77830 16.60920 16.63830 17.02670 19.58830 19.78830 19.93000 19.70250 21.98250 22.10170 23.83920 23.70500 25.47750 25.64170 23.78830 23.89580 22.12750 22.55580 20.98920 21.26250 21.77080 18.91250 18.13580 18.79830 18.63080 18.87750 18.10170 18.01330 17.71170 17.28000 17.31500 16.86420 18.58500 18.11580 18.07920 16.16580 15.84080 15.94580 15.92420 16.17670
-9999 -9999 -9999 -9999 -9999 -9999 -9999 -9999 -9999 -9999 -9999 -9999 22.75830 23.02170 24.06920 24.69580 27.41250 28.13670 28.61670 31.58170 31.79250 28.54330 25.76080 22.53500 19.60000 19.06250 16.17750 14.08500 13.83920 14.26750 14.14580 14.20580 14.03170 14.07580 16.21330 16.54830 16.91250 19.59420 19.48500 20.92420 21.57580 23.26920 23.00000 24.54000 26.33080 26.25670 26.64670 25.32420 23.50170 21.20170 21.69080 20.02330 19.87080 18.00920 18.54250 18.33580 18.08750 18.22420 18.43250 18.33500 17.86330 17.52500 17.33170 18.86670 18.44170 18.22920 18.62420 18.85250 18.94000 19.26080 19.32170 19.73080
-9999 -9999 -9999 -9999 -9999 -9999 -9999 -9999 -9999 -9999 -9999 -9999 22.21920 22.29420 22.08170 24.68000 26.15750 26.44830 27.43920 27.50080 27.98000 25.30080 24.58750 20.84420 17.50000 15.33000 14.85500 13.19420 13.24830 13.20580 11.67670 13.67170 13.56170 13.82670 14.11000 16.01830 16.14670 18.44670 18.05420 20.57670 20.22670 20.94750 22.29500 23.81830 26.92750 28.35500 27.32580 24.03750 22.45750 21.04000 21.09580 19.65670 19.60920 19.53080 19.92250 18.07330 17.90670 18.55920 18.33830 18.18580 19.94330 19.76830 19.64000 19.57080 21.12670 21.03080 21.61830 21.92250 22.32920 22.93170 23.35170 23.18330
-9999 -9999 -9999 20.99920 20.54830 18.37500 18.90920 20.49580 20.80670 -9999 21.42330 21.85420 21.98080 23.03920 23.33750 21.54580 21.89000 22.13000 22.60250 23.39000 24.10670 23.24750 19.62580 18.79670 16.65500 14.64170 12.94750 12.69580 11.40500 9.80167 9.71917 11.38420 11.36330 9.90417 11.68420 13.88420 13.97670 15.48000 15.96170 18.22420 19.59170 19.60250 20.95420 23.01500 24.14250 26.17670 25.15250 23.48000 21.75670 19.87330 18.32500 18.64420 16.90250 17.31000 17.56420 16.03080 15.82330 18.03420 18.13250 18.06330 19.98670 20.15330 20.16920 22.24920 22.16830 24.95000 25.57420 25.72750 26.14330 26.48170 27.00580 25.14830
-9999 -9999 -9999 18.92500 18.54000 18.06580 18.12670 18.52330 20.19580 20.74500 21.63000 23.83670 21.53920 20.69670 20.48420 20.33250 20.15080 17.75250 17.71330 18.17500 18.31750 16.40000 17.15750 15.76670 14.03170 14.17170 12.55330 10.71670 9.69583 8.04500 9.75417 8.25083 9.64250 9.90250 10.18830 11.44170 11.39670 12.67580 15.23830 15.60830 17.44420 19.26170 20.95080 21.01170 22.48330 22.61420 21.38500 21.73250 19.49000 18.09830 18.01170 15.92080 16.47330 15.05500 17.44830 15.63830 17.90330 18.22420 18.15920 18.17750 18.45670 20.39250 20.57580 22.93250 23.68420 25.82580 28.62580 29.52080 29.70250 30.45670 29.27080 29.49670
-9999 -9999 -9999 17.83170 17.20170 17.29250 18.03500 18.05830 17.58670 19.26670 20.07170 20.40250 20.28500 19.87080 17.99920 17.72250 17.79580 17.28500 15.84500 16.02330 15.88000 14.04750 13.77500 13.97830 12.25830 10.85420 10.62750 9.37833 9.31250 7.97083 6.13417 6.40750 8.27500 8.19833 8.08083 9.49833 11.00830 10.66170 12.50830 13.10420 15.32420 17.42250 17.87580 19.95920 22.06170 21.80250 21.94830 20.12000 17.81580 15.81080 15.91250 15.70830 14.66420 14.73920 14.86330 15.28330 15.69330 18.07170 17.90580 18.25330 20.68330 20.78330 23.12500 23.66000 26.35080 29.04080 30.02420 30.61420 31.15000 32.13080 32.88920 33.67670
-9999 -9999 -9999 17.02750 17.32580 18.26000 20.15830 19.04920 18.04830 17.60920 17.91750 19.20670 17.87250 17.71750 17.68330 17.38670 15.59830 14.11250 14.09080 14.17080 12.77580 10.96580 9.40250 11.20830 9.33750 9.15333 9.07250 7.64167 5.96250 6.02417 6.06667 6.36000 6.42500 6.29417 6.20250 7.64250 9.02750 10.39000 10.22080 12.49080 13.03250 13.83000 16.02920 16.76250 19.18330 18.89580 18.46500 18.41670 16.24670 16.21670 13.71080 14.23170 14.37420 12.59000 13.13000 15.44500 15.51580 15.57670 16.00080 18.39500 18.63000 21.25830 23.85830 24.19330 26.80830 30.64330 31.61750 31.88250 32.67080 33.62330 36.48170 37.09000
-9999 -9999 -9999 16.47000 15.25920 15.45750 15.40920 15.64750 15.67580 16.94500 16.98250 17.09170 16.78000 16.46420 15.17670 15.23750 13.80170 11.98920 12.03670 12.63250 11.05000 9.38250 7.85250 9.59500 9.61500 9.17000 7.33500 7.34250 5.93417 4.23167 4.45917 4.49667 4.41750 5.73833 5.73167 7.40333 7.34500 8.75333 10.44920 10.60000 11.11330 11.68250 14.24500 14.00750 14.08750 13.96920 15.61500 15.58000 13.54580 13.74750 11.98750 12.33500 11.96500 12.51830 13.12830 13.26500 13.47080 15.53420 15.89170 16.21330 18.88670 21.36500 21.90250 25.88670 28.63920 32.22000 33.18330 34.54080 34.49250 37.13500 39.68250 -9999
-9999 -9999 -9999 -9999 14.58250 14.43250 14.54500 13.16750 14.86500 14.97080 15.04580 14.98920 14.79580 14.79830 -9999 -9999 -9999 -9999 -9999 9.14667 7.92083 5.97833 6.08167 6.05667 5.82833 5.56833 5.53083 5.58917 4.23083 4.26583 4.34250 4.30583 4.49250 5.80583 7.54417 7.42667 7.38250 8.89583 8.62583 8.94333 11.08000 11.46330 11.98000 11.81500 12.22920 12.03750 11.67670 11.61250 11.55000 11.64750 11.29750 9.95917 10.14500 10.62580 10.95670 11.29170 11.46500 13.58580 14.42830 16.91080 17.11000 19.71750 23.57670 27.25580 30.57000 30.85670 34.93420 39.43750 43.15500 -9999 -9999 -9999
-9999 -9999 14.60000 14.40330 12.55170 12.50000 12.40250 12.46250 12.45250 12.88920 12.91830 12.78250 12.79080 -9999 -9999 -9999 -9999 -9999 7.22500 5.91333 5.94250 4.42750 4.50583 4.23167 4.38750 4.16667 5.73500 5.63250 4.39417 4.30917 4.36250 4.27917 4.44500 6.06250 5.92417 7.47833 7.23667 7.40667 7.29583 8.96833 9.53750 9.66167 9.90583 10.02500 9.52833 9.59917 11.49000 11.05580 11.18250 10.71750 9.20833 9.79417 10.50670 10.76830 10.94080 11.46580 11.46000 11.97420 14.72080 17.15500 18.14170 20.33580 24.98670 27.77920 31.83000 36.10830 39.66330 -9999 -9999 -9999 -9999 -9999
-9999 -9999 14.61000 14.16250 12.02500 12.17580 10.72830 10.84670 10.86580 11.04580 11.39420 11.74750 11.68170 -9999 -9999 -9999 -9999 8.40667 5.44500 5.87500 4.34583 4.31417 2.65500 4.11083 4.05167 4.38333 4.17333 4.36167 4.39667 4.21667 4.45000 4.30833 4.45583 6.47667 6.48833 6.38250 7.71333 7.63417 7.48917 7.60750 7.76250 8.11000 8.23500 8.41083 8.38333 10.17750 9.82083 9.72000 9.34083 9.00500 9.39750 9.54417 10.10750 10.42170 10.57420 12.86000 13.50920 12.09580 14.85670 15.26330 18.21330 20.96420 23.73000 29.13170 34.67920 -9999 -9999 -9999 -9999 -9999 59.03000 -9999
-9999 -9999 14.35830 12.41420 11.97670 10.53670 10.59830 10.87580 10.74330 11.06920 10.34250 10.85920 10.75750 -9999 -9999 -9999 -9999 5.55583 5.44000 4.14333 4.19333 2.64750 2.36500 3.78250 3.97083 4.09000 4.28333 4.36917 4.45417 4.44500 4.45250 4.63250 4.35750 4.77000 6.65333 6.61583 6.22083 6.10417 5.72500 5.84667 6.44833 8.30583 8.68333 6.92917 8.75083 8.86000 8.59417 8.33083 7.80000 7.80333 7.77917 7.81667 8.14667 8.58000 8.88333 10.80250 12.89420 11.87580 14.89250 15.55170 18.62080 21.48080 23.94500 27.11580 28.93250 32.02750 38.71000 40.74330 46.95580 -9999 -9999 -9999
-9999 -9999 -9999 13.07000 11.44170 10.62080 9.47167 9.45167 9.58250 9.91917 10.67080 12.35000 -9999 -9999 -9999 -9999 6.18000 6.06833 4.65833 4.05500 4.00083 2.56750 2.58167 2.66000 3.84583 4.04083 4.44583 4.45667 4.39583 4.53750 4.26000 4.44333 4.42417 6.23917 6.65833 6.67750 6.45250 6.32000 6.51083 6.56833 6.51667 6.83667 7.04417 7.40833 9.29667 9.32833 9.15833 8.57250 7.94167 7.90083 6.33667 8.47750 7.93750 8.21500 8.42583 8.65833 9.25750 9.95250 12.70000 15.50830 16.26170 18.57250 19.04580 19.56670 19.21670 26.89830 29.55750 34.37750 39.49750 35.13000 -9999 -9999
-9999 -9999 -9999 -9999 11.22170 10.44080 9.60833 10.00580 8.35417 8.70583 8.76583 -9999 -9999 -9999 -9999 7.29917 7.04833 7.35417 5.05000 4.68583 4.44000 2.75583 2.57583 2.42667 2.62583 4.36750 4.41000 4.30667 4.73417 4.90750 4.41500 4.66917 6.09000 6.46417 7.02250 7.39250 7.54083 6.99833 6.75333 6.64417 6.69250 7.08167 7.41667 7.25083 7.50833 7.38250 7.65583 7.33333 6.70417 6.51583 6.75417 8.72667 8.67333 8.77833 8.34667 8.58417 10.93500 9.62250 10.38670 13.18580 13.12500 13.67500 16.77330 19.80830 19.28250 21.69830 25.82670 28.58670 30.61080 35.28330 37.60420 44.87170
-9999 -9999 -9999 -9999 -9999 -9999 9.78833 10.63000 8.84250 8.83667 7.25083 -9999 -9999 -9999 -9999 -9999 7.37667 5.51667 5.27917 5.28250 3.24000 4.67500 2.72000 2.67417 2.66750 4.01500 4.24750 4.42250 4.77000 4.96167 4.96333 4.49833 5.81583 4.56583 8.25500 8.82417 8.26250 8.08667 7.31833 5.14500 5.19500 5.20750 5.57667 5.56167 7.53000 7.45250 7.10250 6.95417 6.97583 6.98917 7.08000 7.52083 9.51500 9.13917 8.81917 8.74917 9.18083 9.58083 10.34250 10.65750 10.97920 11.09580 14.08920 14.46920 16.63080 19.42580 21.51250 25.24080 27.81420 31.07920 33.07750 38.81420
-9999 -9999 -9999 -9999 -9999 -9999 -9999 -9999 -9999 -9999 -9999 -9999 -9999 -9999 -9999 -9999 -9999 -9999 -9999 3.63167 3.45083 4.82917 2.99083 2.83167 4.30917 4.38500 4.41250 4.39917 4.58417 5.24833 5.58250 6.75417 5.07333 5.21500 7.35417 8.04167 7.86583 5.80000 5.78000 5.27167 5.01917 5.42000 5.57250 5.48917 5.67333 7.26333 7.23333 7.29917 7.13333 7.18833 7.53333 7.61917 9.67917 9.13750 9.04417 9.14000 9.24583 9.63250 9.96417 10.75500 10.71670 11.26250 11.24670 13.77580 13.94670 19.29920 20.94330 22.28920 25.22250 28.66330 30.07170 36.37170
-9999 -9999 -9999 -9999 -9999 -9999 -9999 -9999 -9999 -9999 -9999 -9999 -9999 -9999 -9999 -9999 -9999 -9999 4.95917 3.14417 3.07583 3.02333 4.37417 4.45417 4.56750 5.02750 4.90333 4.77667 4.63583 4.84667 5.17333 4.68583 4.78667 4.99500 5.30000 7.08167 7.61000 7.35250 5.44667 5.32833 5.32500 5.49500 5.56583 5.55167 5.60917 5.38500 5.29000 7.01417 6.71333 6.87917 7.22333 8.02333 9.95000 9.34500 9.37667 9.52167 9.53250 7.66083 7.97167 9.68583 9.78333 10.47170 10.48670 12.99250 13.15080 15.63500 19.02920 21.94080 24.85830 26.96170 30.65250 34.59250
-9999 -9999 -9999 -9999 -9999 -9999 -9999 -9999 -9999 -9999 -9999 -9999 -9999 -9999 -9999 -9999 -9999 4.84667 4.80417 4.44167 2.98583 3.03250 4.17917 4.58417 4.91583 5.43333 5.50167 5.06417 4.65750 4.94667 4.88917 4.86000 4.91917 4.74750 6.53500 5.16333 5.05333 5.26583 5.23667 5.45417 5.26250 5.33083 5.59417 5.52833 5.50583 5.46917 5.45250 5.35333 7.01500 7.25250 7.45167 9.55583 9.61583 9.33250 9.10000 8.91167 9.38583 7.32583 7.61250 9.61750 11.78000 10.22420 10.07830 12.23750 14.17830 13.93170 17.23830 21.61580 25.09750 26.22080 29.57000 33.06330
-9999 -9999 -9999 -9999 -9999 -9999 -9999 -9999 -9999 -9999 -9999 -9999 -9999 -9999 -9999 -9999 -9999 4.43250 2.99000 2.97167 3.06000 2.91583 3.09417 4.62833 4.83000 5.38667 5.85333 5.56833 5.05583 4.93083 4.86917 4.58333 4.55750 5.07250 4.89750 5.29667 5.50333 5.29083 5.32917 5.33167 5.28167 5.49667 5.53667 5.63583 5.72583 5.63250 5.69167 5.22083 5.03167 6.70333 6.75500 9.13250 9.34667 9.22917 9.47750 8.85667 8.79167 8.99250 9.11667 9.47250 9.53167 9.83917 11.61330 11.65330 12.10500 13.98830 15.83000 18.98830 21.61580 23.13080 26.61920 29.53670
-9999 -9999 -9999 -9999 -9999 -9999 -9999 -9999 -9999 -9999 -9999 -9999 -9999 -9999 -9999 -9999 2.66750 2.58333 2.48917 2.52583 2.85500 2.95917 3.02167 4.78583 4.80250 5.15083 5.58583 5.49500 5.37667 5.31583 4.92750 5.17333 5.42833 5.40667 5.33250 5.13000 5.12917 5.29750 5.32167 5.40333 5.53000 5.59417 5.65000 5.97167 5.96167 5.81083 5.62667 5.18500 4.71083 6.22417 6.66167 8.85250 9.38917 8.99000 9.11417 8.87667 8.64167 8.76500 9.24250 9.66750 9.79833 11.43170 11.09670 10.95170 12.72580 14.26920 16.12670 16.24750 20.26420 22.02830 25.09330 26.09250
-9999 -9999 -9999 -9999 -9999 -9999 -9999 -9999 -9999 -9999 -9999 -9999 -9999 3.13500 2.15500 2.21417 2.27250 2.24417 2.39083 2.45500 2.68250 2.72833 3.11583 3.42417 3.43083 5.54833 6.07333 5.41917 5.45917 5.66667 5.03333 5.39333 5.25750 5.51083 5.20667 5.32250 5.31250 4.96000 5.19417 5.42000 5.43583 5.38583 5.53583 5.77167 5.98583 6.00333 5.41500 5.24417 6.32083 6.27333 6.64750 7.37583 9.70917 9.29417 8.77667 8.99750 8.77833 8.91167 8.94833 11.16920 10.68170 10.73670 12.68830 12.54920 13.71420 15.40000 17.11080 18.57250 20.23250 21.96920 23.69920 26.77500
-9999 -9999 -9999 -9999 -9999 -9999 -9999 -9999 -9999 -9999 -9999 -9999 3.06750 2.20083 2.21500 2.27750 2.31333 2.23167 2.40000 2.31667 2.48500 2.96083 3.24083 3.53333 3.78083 5.68333 5.64000 5.56833 5.50083 5.62833 5.40833 5.58333 5.33500 5.32500 5.12333 5.06750 5.07000 4.69917 4.59583 3.18417 3.34667 3.36250 5.25083 5.54333 6.30917 6.23250 5.62750 5.15500 4.90250 6.52667 6.70750 6.96333 7.34583 8.99750 8.67333 10.43080 10.78080 8.89750 9.06167 8.98000 10.54170 12.10920 12.39250 14.28420 16.32170 17.94920 18.52500 19.57080 21.20500 22.67420 25.74420 29.42420
-9999 -9999 -9999 -9999 -9999 -9999 -9999 -9999 -9999 -9999 -9999 2.54333 2.25500 2.32667 2.47083 2.36250 2.56750 2.56167 2.47917 2.58250 2.90250 3.22833 3.75833 3.83333 3.71417 3.94167 3.90250 5.64583 5.49833 5.50750 5.58417 5.57500 5.69250 5.55500 5.29500 5.09250 4.85333 2.81000 2.67417 2.76833 2.95167 3.04000 3.22667 3.59083 5.52917 5.84667 5.78917 5.56000 5.45167 5.56083 7.23667 7.33333 7.27333 7.29417 8.87500 8.83417 10.62920 8.85833 10.88080 10.79420 10.98830 12.82830 15.31500 17.01170 19.19330 18.80580 18.24670 20.30830 20.53080 21.96920 27.80080 32.66500
-9999 -9999 -9999 -9999 -9999 -9999 -9999 -9999 -9999 -9999 3.17000 3.08083 2.94667 2.88417 2.82500 2.81667 2.94583 2.91000 3.11500 3.03917 3.10417 3.36833 3.88333 4.20833 4.31667 4.21500 3.86250 6.01750 5.80083 5.67500 5.77583 5.59500 5.65833 5.64667 5.25083 4.76500 3.33417 2.82917 2.74833 2.79167 2.79500 3.07917 3.27167 3.47833 3.77500 3.71333 5.44917 5.41500 5.56833 5.59333 5.63500 5.85333 7.46833 7.10333 8.70083 8.76917 9.24583 9.16417 11.23670 11.26000 12.84830 12.69250 14.98250 16.90750 18.76000 19.41420 19.76080 19.84920 22.17750 23.26080 29.31170 35.87750
-9999 -9999 -9999 -9999 -9999 -9999 -9999 -9999 -9999 3.44333 3.26583 3.46000 3.35250 3.40417 3.31417 3.27167 3.38417 3.16583 3.26333 3.30333 3.46917 3.61667 4.01000 4.31750 4.46750 4.12250 4.11833 4.48750 4.23833 6.17833 6.05333 5.74417 5.82833 5.18167 4.77417 4.51500 2.96333 3.09083 2.77167 2.46667 2.86000 2.85583 2.83000 3.32917 3.56583 3.55333 5.25083 5.34000 5.54083 5.47833 5.75333 5.56833 7.52750 5.54500 7.00583 8.99583 11.20500 11.51170 11.78830 11.62420 13.24920 14.72080 14.39830 16.16250 17.32750 19.87920 20.22420 20.85330 23.62670 26.80330 30.92500 33.67250
-9999 -9999 -9999 -9999 -9999 -9999 -9999 -9999 -9999 -9999 3.66333 3.93083 3.63083 3.64417 3.60417 3.64333 3.66833 3.55417 3.62917 3.46833 3.59167 3.75917 3.91583 -9999 -9999 -9999 -9999 -9999 -9999 6.16167 5.67417 5.86833 5.34917 4.85667 4.33583 4.19917 2.96667 2.73000 2.84250 2.81083 2.65750 2.86917 2.99167 3.21500 3.37667 3.54083 5.74167 5.35333 5.63833 5.66083 5.67167 7.93250 7.58333 5.47667 6.98167 9.10667 11.38580 11.96670 11.59920 13.59250 14.79750 14.62580 15.44000 16.66670 17.63580 18.63580 20.70250 22.49670 26.10500 30.47000 35.08420 40.77830
-9999 -9999 -9999 -9999 -9999 -9999 -9999 -9999 -9999 -9999 -9999 -9999 1.71250 4.01833 3.84167 3.65667 3.99583 3.86417 3.88667 -9999 -9999 -9999 -9999 -9999 -9999 -9999 -9999 -9999 -9999 -9999 -9999 -9999 -9999 4.69167 4.43000 4.30417 3.02583 2.70917 2.90000 2.75167 2.84500 2.97917 3.09417 3.14917 3.24583 3.59917 5.28083 5.72750 5.63417 7.91750 7.80667 5.81917 7.63667 7.40667 7.28417 9.37500 10.91170 11.25250 13.16750 14.70080 14.15080 15.46750 16.37080 15.36580 18.00580 18.73830 20.29330 22.90500 27.07920 34.07000 40.12000 47.86500
-9999 -9999 -9999 -9999 -9999 -9999 -9999 -9999 -9999 -9999 -9999 -9999 -9999 -9999 -9999 -9999 -9999 -9999 -9999 -9999 -9999 -9999 -9999 -9999 -9999 -9999 -9999 -9999 -9999 -9999 -9999 -9999 -9999 -9999 3.05833 2.84500 2.97333 3.11167 2.53833 2.70167 3.04750 3.05583 3.15167 3.17750 3.25917 3.56500 5.41167 5.63583 7.49833 7.62083 7.78417 8.04500 8.07000 7.90583 9.34417 11.18250 10.45830 12.32500 14.38670 15.86170 17.16920 16.88080 18.16080 18.84500 18.82330 18.84080 19.90920 24.33080 28.71750 33.34750 42.29500 -9999
-9999 -9999 -9999 -9999 -9999 -9999 -9999 -9999 -9999 -9999 -9999 -9999 -9999 -9999 -9999 -9999 -9999 -9999 -9999 -9999 -9999 -9999 -9999 -9999 -9999 -9999 -9999 -9999 -9999 -9999 -9999 -9999 -9999 -9999 3.30750 3.06500 3.28000 2.85250 2.91333 3.05333 3.34167 3.31583 3.00917 3.31833 3.31250 5.19000 5.16333 7.09750 7.44167 7.44000 7.31667 7.67333 10.17170 7.69167 9.24750 10.32330 11.48170 13.66000 14.67750 16.12000 17.15750 18.64750 20.89920 19.59080 19.08080 19.16000 19.94250 23.29750 28.91170 33.08080 -9999 -9999
-9999 -9999 -9999 -9999 -9999 -9999 -9999 -9999 -9999 -9999 -9999 -9999 -9999 -9999 -9999 -9999 -9999 -9999 -9999 -9999 -9999 -9999 -9999 -9999 -9999 -9999 -9999 -9999 -9999 -9999 -9999 -9999 -9999 -9999 -9999 -9999 -9999 -9999 3.14750 3.18000 3.06333 3.24833 4.77000 5.05500 5.01583 4.99250 6.97667 7.12000 7.25750 7.36417 6.95000 8.46667 8.91000 8.88833 8.33917 9.49000 11.05000 14.75080 15.63330 17.82170 19.38080 19.42420 18.88500 17.96330 18.48580 19.16830 20.93920 24.57500 28.75500 -9999 -9999 -9999
