data/hydroclimate-scenarios/BCSD_hadcm_A1B/monthly_summaries/precip_monthly_tot_may.2070-2099.asc
ncols	311
nrows	91
xllcenter	102.75
yllcenter	31.75
cellsize	0.5
NODATA_value	-9999
[rows 0 to 31 of 91, columns 0 to 70 of 311]
-9999 -9999 -9999 -9999 -9999 -9999 -9999 -9999 -9999 -9999 -9999 -9999 -9999 -9999 -9999 -9999 -9999 -9999 -9999 -9999 -9999 -9999 -9999 -9999 -9999 -9999 -9999 -9999 -9999 -9999 -9999 -9999 -9999 -9999 -9999 -9999 -9999 -9999 -9999 -9999 -9999 -9999 -9999 -9999 -9999 -9999 -9999 -9999 -9999 -9999 -9999 -9999 -9999 -9999 -9999 -9999 -9999 -9999 -9999 -9999 -9999 -9999 -9999 -9999 -9999 -9999 -9999 -9999 -9999 -9999 -9999
-9999 -9999 -9999 -9999 -9999 -9999 -9999 -9999 -9999 -9999 -9999 -9999 -9999 -9999 -9999 -9999 -9999 -9999 -9999 -9999 -9999 -9999 -9999 -9999 -9999 -9999 -9999 -9999 -9999 -9999 -9999 -9999 -9999 -9999 -9999 -9999 -9999 -9999 -9999 -9999 -9999 -9999 -9999 -9999 -9999 -9999 -9999 -9999 -9999 -9999 -9999 -9999 -9999 -9999 -9999 -9999 -9999 -9999 -9999 -9999 -9999 -9999 -9999 -9999 -9999 -9999 -9999 -9999 -9999 -9999 -9999
-9999 -9999 -9999 -9999 -9999 -9999 -9999 -9999 -9999 -9999 -9999 -9999 -9999 -9999 -9999 -9999 -9999 -9999 -9999 -9999 -9999 -9999 -9999 -9999 -9999 -9999 -9999 -9999 -9999 -9999 -9999 -9999 -9999 -9999 -9999 -9999 -9999 -9999 -9999 -9999 -9999 -9999 -9999 -9999 -9999 -9999 -9999 -9999 -9999 -9999 -9999 -9999 -9999 -9999 -9999 -9999 -9999 -9999 -9999 -9999 -9999 -9999 -9999 -9999 -9999 -9999 -9999 -9999 -9999 -9999 -9999
-9999 -9999 -9999 -9999 -9999 -9999 -9999 -9999 -9999 -9999 -9999 -9999 -9999 -9999 -9999 -9999 -9999 -9999 -9999 -9999 -9999 -9999 -9999 -9999 -9999 -9999 -9999 -9999 -9999 -9999 -9999 -9999 -9999 -9999 -9999 -9999 -9999 -9999 -9999 -9999 -9999 -9999 -9999 -9999 -9999 -9999 -9999 -9999 -9999 -9999 -9999 -9999 -9999 -9999 -9999 -9999 -9999 -9999 -9999 -9999 -9999 -9999 -9999 -9999 -9999 -9999 -9999 -9999 -9999 -9999 -9999
-9999 -9999 -9999 -9999 -9999 -9999 -9999 -9999 -9999 -9999 -9999 -9999 -9999 -9999 -9999 -9999 -9999 -9999 -9999 -9999 -9999 -9999 -9999 -9999 -9999 -9999 -9999 -9999 -9999 -9999 -9999 -9999 -9999 -9999 -9999 -9999 -9999 -9999 -9999 -9999 -9999 -9999 -9999 -9999 -9999 -9999 -9999 -9999 -9999 -9999 -9999 -9999 -9999 -9999 -9999 -9999 -9999 -9999 -9999 -9999 -9999 -9999 -9999 -9999 -9999 -9999 -9999 -9999 -9999 -9999 -9999
-9999 -9999 -9999 -9999 -9999 -9999 -9999 -9999 -9999 -9999 -9999 -9999 -9999 -9999 -9999 -9999 -9999 -9999 -9999 -9999 -9999 -9999 -9999 -9999 -9999 -9999 -9999 -9999 -9999 -9999 -9999 -9999 -9999 -9999 -9999 -9999 -9999 -9999 -9999 -9999 -9999 -9999 -9999 -9999 -9999 -9999 -9999 -9999 -9999 -9999 -9999 -9999 -9999 -9999 -9999 -9999 -9999 -9999 -9999 -9999 -9999 -9999 -9999 -9999 -9999 -9999 -9999 -9999 -9999 -9999 -9999
-9999 -9999 -9999 -9999 -9999 -9999 -9999 -9999 -9999 -9999 -9999 -9999 -9999 -9999 -9999 -9999 -9999 -9999 -9999 -9999 -9999 -9999 -9999 -9999 -9999 -9999 -9999 -9999 -9999 -9999 -9999 -9999 -9999 -9999 -9999 -9999 -9999 -9999 -9999 -9999 -9999 -9999 -9999 -9999 -9999 -9999 -9999 -9999 -9999 -9999 -9999 -9999 -9999 -9999 -9999 -9999 -9999 -9999 -9999 -9999 -9999 -9999 -9999 -9999 -9999 -9999 -9999 -9999 -9999 -9999 -9999
-9999 -9999 -9999 -9999 -9999 -9999 -9999 -9999 -9999 -9999 -9999 -9999 -9999 -9999 -9999 -9999 -9999 -9999 -9999 -9999 -9999 -9999 -9999 -9999 -9999 -9999 -9999 -9999 -9999 -9999 -9999 -9999 -9999 -9999 -9999 -9999 -9999 -9999 -9999 -9999 -9999 -9999 24.86750 26.91500 26.87500 25.39830 25.49250 25.45250 25.27750 24.06000 23.96500 21.84170 -9999 -9999 -9999 -9999 -9999 -9999 -9999 -9999 -9999 -9999 -9999 -9999 -9999 -9999 -9999 -9999 -9999 -9999 -9999
-9999 -9999 -9999 -9999 -9999 -9999 -9999 -9999 -9999 -9999 -9999 -9999 -9999 -9999 -9999 -9999 -9999 -9999 -9999 -9999 -9999 -9999 -9999 -9999 -9999 -9999 -9999 -9999 -9999 -9999 -9999 -9999 -9999 -9999 -9999 -9999 -9999 -9999 26.67750 28.66920 28.98330 27.77080 28.29920 28.69000 26.84250 27.34080 26.44000 26.80500 25.15500 25.52920 23.36250 21.79000 21.32420 19.32420 -9999 -9999 -9999 -9999 -9999 -9999 -9999 -9999 -9999 -9999 -9999 -9999 -9999 -9999 -9999 -9999 -9999
-9999 -9999 -9999 -9999 -9999 -9999 -9999 -9999 -9999 -9999 -9999 -9999 -9999 -9999 -9999 -9999 -9999 -9999 -9999 -9999 -9999 -9999 -9999 -9999 -9999 -9999 -9999 -9999 -9999 -9999 -9999 -9999 -9999 -9999 -9999 -9999 -9999 -9999 -9999 -9999 27.80420 28.73250 30.83920 31.20170 31.94830 32.03330 30.15080 28.36330 28.54500 29.29330 27.57170 23.14000 21.31330 18.99580 -9999 -9999 -9999 -9999 -9999 -9999 -9999 -9999 -9999 -9999 -9999 -9999 -9999 -9999 -9999 -9999 -9999
-9999 -9999 -9999 -9999 -9999 -9999 -9999 -9999 -9999 -9999 -9999 -9999 -9999 -9999 -9999 -9999 -9999 -9999 -9999 -9999 -9999 -9999 -9999 -9999 -9999 -9999 -9999 -9999 -9999 -9999 -9999 -9999 -9999 -9999 -9999 -9999 -9999 -9999 -9999 -9999 -9999 -9999 -9999 -9999 31.46750 32.04000 35.44830 33.78250 32.10250 31.15670 29.87920 32.02000 23.71250 21.46670 -9999 -9999 -9999 -9999 -9999 -9999 17.52750 -9999 -9999 -9999 -9999 -9999 -9999 -9999 -9999 -9999 -9999
-9999 -9999 -9999 -9999 -9999 -9999 -9999 -9999 -9999 -9999 -9999 -9999 -9999 -9999 -9999 -9999 -9999 -9999 -9999 -9999 -9999 -9999 -9999 -9999 -9999 -9999 -9999 -9999 -9999 -9999 -9999 -9999 -9999 -9999 -9999 -9999 -9999 -9999 -9999 -9999 -9999 35.49420 34.04170 36.60250 36.70920 33.40580 34.96830 36.39670 34.84750 33.75830 34.44920 32.30170 27.02420 24.69580 -9999 -9999 -9999 -9999 -9999 17.01500 17.27330 17.03830 17.18670 16.88420 16.89420 16.63170 16.45330 16.30750 16.04750 14.41750 14.65250
-9999 -9999 -9999 -9999 -9999 -9999 -9999 -9999 -9999 -9999 -9999 -9999 -9999 -9999 -9999 -9999 -9999 -9999 -9999 -9999 -9999 -9999 -9999 -9999 -9999 -9999 -9999 -9999 -9999 -9999 -9999 -9999 -9999 -9999 -9999 -9999 -9999 -9999 -9999 -9999 -9999 34.53080 35.51330 34.04330 32.76080 32.15250 32.08500 33.56330 33.19500 33.44000 31.64920 35.57670 33.56000 30.09830 26.95750 26.31330 22.64920 -9999 18.51750 18.44670 18.39670 18.42330 18.32670 19.89920 19.94750 17.96250 18.00750 17.69670 15.99750 15.93750 15.79080
-9999 -9999 -9999 -9999 -9999 -9999 -9999 -9999 -9999 -9999 -9999 -9999 -9999 -9999 -9999 -9999 -9999 -9999 -9999 -9999 -9999 -9999 -9999 -9999 -9999 -9999 -9999 -9999 -9999 -9999 -9999 -9999 -9999 -9999 -9999 30.82000 31.14170 32.72920 33.13580 31.94170 32.19750 31.05420 32.94000 33.48500 31.93500 31.81500 31.74580 33.32330 33.14920 35.18500 36.93250 38.43420 40.48670 36.68330 34.78420 34.46420 27.20170 23.32080 19.62080 19.74250 17.91250 19.80670 19.87670 24.72500 22.84670 19.44670 19.41420 19.23750 17.51250 17.50500 17.31670
-9999 -9999 -9999 -9999 -9999 -9999 -9999 -9999 -9999 -9999 -9999 -9999 -9999 -9999 -9999 -9999 -9999 -9999 -9999 -9999 -9999 -9999 -9999 -9999 -9999 -9999 -9999 -9999 -9999 -9999 -9999 -9999 -9999 -9999 29.32920 33.60170 34.05670 33.30500 32.59750 31.36080 31.56080 30.43170 30.66670 30.75830 30.83170 30.77920 30.88330 32.51830 36.13580 39.40670 43.08500 41.58080 45.11670 44.99080 43.06750 35.65170 29.62500 25.99250 20.99080 19.28670 20.86920 24.14500 24.17580 27.16920 20.53830 20.52080 20.33000 22.02830 25.09670 23.39920 26.60580
-9999 -9999 -9999 -9999 -9999 -9999 -9999 -9999 -9999 -9999 -9999 -9999 -9999 -9999 -9999 -9999 -9999 -9999 -9999 -9999 -9999 -9999 -9999 -9999 -9999 -9999 -9999 -9999 -9999 -9999 -9999 -9999 -9999 31.41420 31.59670 31.73170 32.47250 32.87000 31.57750 29.89420 30.49830 30.94170 31.11500 31.15250 31.11330 31.19670 32.77670 34.72580 41.94670 44.71580 46.01670 49.37080 53.76420 47.08670 40.71580 34.91670 33.44830 26.89920 21.98080 23.23500 24.99000 21.66000 21.66000 18.20920 19.67250 21.18000 22.68920 24.38670 26.08830 24.07580 25.32830
-9999 -9999 -9999 -9999 -9999 -9999 -9999 -9999 -9999 -9999 -9999 -9999 -9999 -9999 -9999 -9999 -9999 -9999 -9999 -9999 -9999 -9999 -9999 -9999 -9999 -9999 -9999 -9999 -9999 -9999 -9999 30.30830 30.77920 30.97920 31.08000 31.29830 30.04750 30.33170 30.73080 29.01000 29.55080 29.65750 29.94000 30.06500 31.69000 31.74250 33.84750 33.50920 38.32580 41.64330 45.55670 47.30080 54.76830 48.62080 43.53250 37.08170 30.31250 27.26000 30.02580 26.62750 24.00920 22.22830 20.25580 19.03000 20.17670 21.86750 21.74250 21.82420 21.88420 27.35250 30.62750
-9999 -9999 -9999 -9999 -9999 -9999 -9999 -9999 -9999 -9999 -9999 -9999 -9999 -9999 -9999 -9999 -9999 -9999 -9999 -9999 -9999 -9999 -9999 -9999 -9999 -9999 -9999 -9999 -9999 27.83580 28.22250 31.33000 31.36920 31.58500 30.57580 30.64250 31.13250 31.34920 30.08750 30.44000 30.47500 30.74580 29.42250 29.55670 31.14250 34.55920 34.54080 36.08170 44.16080 46.67170 47.92750 53.54670 56.43580 46.88170 46.64000 40.46500 32.62750 31.04670 27.99000 23.14080 22.89920 22.55750 22.33000 22.22830 20.63670 20.83250 25.11170 26.87920 28.21920 28.21170 26.89580
-9999 -9999 -9999 -9999 -9999 -9999 -9999 -9999 -9999 -9999 -9999 -9999 -9999 -9999 -9999 -9999 -9999 -9999 -9999 -9999 -9999 -9999 -9999 -9999 31.38330 31.72000 29.10250 28.14250 28.46580 29.88080 30.36250 29.75080 29.79330 30.35080 30.84670 30.04170 31.63500 31.94330 32.75670 31.35170 30.33500 30.54830 30.86580 30.81000 32.82250 34.28000 34.42250 39.13750 45.21170 45.99420 45.83080 54.50920 52.97500 46.47330 40.06000 37.14000 32.21750 30.65000 28.99250 25.77080 22.31420 22.25750 20.70420 20.37500 20.17170 22.87670 21.84250 20.60500 23.29670 25.96420 34.49670
-9999 -9999 -9999 -9999 -9999 -9999 31.21750 30.85830 29.97080 29.62000 29.69250 -9999 -9999 -9999 -9999 -9999 -9999 -9999 -9999 -9999 -9999 32.43830 33.95580 33.48500 33.22080 33.29830 32.50420 31.98250 32.49080 30.93500 29.84420 30.22080 30.94000 31.30500 31.63580 30.71000 32.72920 31.70670 31.95080 31.28250 30.04250 30.46080 30.89920 30.92830 32.41830 34.05170 33.81080 38.59500 44.14750 46.69920 49.59420 50.67920 53.57170 47.28250 39.68920 35.20080 33.80830 32.54000 29.02830 25.81330 24.25330 24.09250 25.11080 24.77750 26.12250 22.09170 20.64670 23.25330 24.78420 24.59670 27.34170
-9999 -9999 -9999 -9999 -9999 32.51420 32.48750 34.61920 32.17080 33.60080 33.99170 36.23330 34.73830 36.75670 -9999 -9999 -9999 37.41830 37.99750 37.91330 37.79420 36.85670 35.55500 34.64330 36.02670 33.46500 34.31250 32.48170 32.78750 31.47330 29.98330 30.22500 29.13920 29.36580 29.20420 29.92250 30.50670 31.28420 31.74170 30.80420 31.37250 31.78420 31.92000 30.41750 32.23750 33.40250 38.31000 42.42830 47.17250 48.14670 49.35170 50.90250 49.18420 43.00170 39.75420 38.61830 38.61080 34.06170 28.11580 27.61580 25.89500 27.21750 28.49080 25.59750 29.90170 34.60830 31.35250 31.26670 29.46170 30.57250 30.38670
-9999 33.12580 33.33000 32.81830 34.17580 34.34580 35.48330 35.33330 37.05580 35.50670 36.66080 38.10170 38.33420 38.76000 37.93000 37.35500 34.95500 39.70250 40.23750 38.87500 38.31750 37.43750 36.94670 35.21080 34.21330 35.95920 35.29500 34.78750 35.04250 32.45420 30.23580 29.70580 28.17330 28.40080 28.65080 29.21250 29.74000 30.57000 31.17920 30.25830 30.56830 30.87920 31.03670 29.87000 31.36750 32.78250 35.66420 38.85250 43.19250 46.35500 47.08920 51.85000 50.23000 51.52170 48.79920 44.69170 41.65000 33.89830 34.19500 32.49080 29.28580 30.53580 33.04500 31.56830 34.60670 34.57830 31.49080 35.28830 31.98670 35.89000 39.65920
-9999 37.15750 35.95170 36.22830 36.26580 35.20080 36.18670 36.53170 36.37330 37.47670 38.04500 39.35330 40.43830 39.61250 40.28920 40.87080 41.58580 42.07750 41.80920 41.26920 41.08250 40.17580 39.49670 37.21080 37.57420 36.34580 36.75080 36.02080 35.92330 32.75170 32.18580 30.05330 28.10330 27.89830 27.72750 27.82000 28.69250 29.19250 28.47830 30.48830 29.43000 29.69830 30.14580 30.23830 30.26420 30.34920 31.66250 36.21830 39.19170 43.82750 43.99250 50.09000 50.09420 56.10750 54.87580 47.63830 42.63170 40.01500 37.56830 38.83750 35.71000 36.99830 36.67750 34.53420 36.58420 36.36250 36.85170 36.57580 35.94500 36.81080 37.71500
-9999 -9999 -9999 40.39750 40.55500 37.89000 37.91670 38.17420 38.07830 36.54330 38.20750 38.79250 38.79920 39.28670 41.53670 42.03670 42.70420 40.78750 43.25250 42.94250 43.65670 43.09000 41.31920 41.14250 39.48500 38.66170 37.27670 36.01250 34.85330 33.76330 31.51330 30.72330 28.41420 27.31080 27.27250 27.05420 27.31250 27.95500 28.65080 29.11080 29.22420 28.69330 28.49830 29.01420 29.36170 29.57750 31.26580 33.97830 35.59750 38.62830 43.33250 47.61000 51.51420 54.78670 51.07080 51.70080 46.24330 44.69330 44.74580 43.07080 38.55250 41.39580 41.59330 41.28670 39.07420 37.12170 35.59750 38.96750 41.19750 41.83500 42.37580
-9999 -9999 -9999 -9999 -9999 -9999 39.71500 39.94000 39.71250 38.71750 38.81330 38.83830 39.03080 38.08670 40.10330 40.97250 42.11330 42.89920 42.23420 41.98500 41.38170 42.51000 41.31420 41.74420 41.12330 41.36670 38.27500 35.57750 35.18080 32.77830 31.80000 30.65250 27.95750 27.61580 26.51670 26.47920 26.85670 27.22330 27.46250 28.14670 28.56080 29.22670 29.07830 28.40580 28.57250 28.78830 29.21580 35.06330 35.44250 39.69830 46.05920 50.84250 52.91920 48.05580 51.39920 53.24500 49.09500 52.28330 53.86670 49.11080 49.10080 48.78170 48.39830 47.93750 44.48830 44.91330 38.87000 40.78500 44.40500 45.27330 46.24330
-9999 -9999 -9999 -9999 -9999 -9999 39.55000 40.88250 40.01080 41.36170 40.20080 40.17580 40.45750 39.93750 40.43170 41.61250 42.50580 43.76580 43.82830 43.73670 43.13080 43.28580 43.50580 42.54080 41.35080 40.53670 37.27670 35.80580 33.88170 33.17830 32.38920 30.90250 28.59670 27.74580 26.65250 26.47670 25.53330 26.87500 27.03750 27.43670 29.30750 28.50500 28.84920 29.45170 28.51330 29.13420 29.43080 29.49000 31.74250 35.16080 38.17000 42.63500 44.76080 47.55830 47.41920 43.07500 45.06830 49.47750 45.98170 47.24420 54.00170 52.03250 50.21330 48.08080 48.25420 43.03750 42.41830 42.21670 42.68080 43.73830 47.04080
-9999 -9999 -9999 -9999 -9999 -9999 -9999 -9999 -9999 -9999 38.97580 41.82170 40.65830 38.68000 40.72580 43.34830 44.68000 45.37080 44.22670 44.53670 44.20330 44.24000 42.59000 43.42670 41.83420 42.44580 40.84750 38.37420 35.54080 33.55000 32.45580 31.72170 30.69080 28.07250 27.40750 25.37330 25.31080 25.70670 25.58250 27.39920 27.69080 27.95830 28.09830 29.13920 29.75750 30.37250 31.02830 30.47670 31.13420 31.65670 31.88330 31.63580 33.32580 31.67250 33.20580 31.70750 33.33250 34.53000 35.64750 36.38500 36.02080 38.33170 38.87000 40.67750 40.70920 38.30580 38.17250 38.93000 41.39830 42.28920 46.00420
-9999 -9999 -9999 -9999 -9999 -9999 -9999 -9999 -9999 -9999 37.76500 39.01920 41.75420 40.16920 41.34080 44.08330 45.58080 46.51080 46.63830 46.67000 46.63500 46.38500 46.25250 45.32830 43.89080 40.83080 39.56170 38.22920 36.16830 33.87500 33.14670 32.25920 29.77420 28.80500 29.10750 27.08080 26.97500 26.96670 28.47080 28.59670 29.02000 29.97080 30.41500 31.33000 31.24500 31.92750 33.14830 34.05000 33.21170 34.18080 32.86420 32.29420 32.34580 32.33920 30.57580 30.27750 31.73500 31.62670 30.74330 33.08330 32.20080 31.41080 30.47420 30.90080 29.72080 30.46580 31.46080 33.55830 35.26250 42.62750 46.51670
-9999 -9999 -9999 -9999 -9999 -9999 -9999 -9999 -9999 -9999 -9999 -9999 40.71830 43.19170 44.96250 45.43330 45.80580 43.30670 46.62750 46.32080 46.08250 45.36420 45.88330 43.96170 42.63000 39.25330 39.69750 38.14830 36.07580 33.92330 31.78500 32.28920 31.47670 30.62830 29.71500 29.15670 28.47080 29.88330 29.90500 31.00500 30.99000 31.29920 31.21500 32.78920 34.02920 33.56750 34.67670 36.03000 37.15250 36.65420 36.73420 36.48170 34.56750 34.08420 30.62170 30.20170 31.46330 34.45000 33.40670 34.02500 32.77750 31.53750 29.97670 30.37000 29.79000 29.84250 30.00580 31.20000 33.70330 38.58000 46.48920
-9999 -9999 -9999 -9999 -9999 -9999 -9999 -9999 -9999 -9999 -9999 -9999 41.36920 44.05250 45.30170 45.57420 45.26080 44.40500 47.91250 47.48920 47.20330 48.09580 46.96330 43.96080 43.61000 42.23750 39.20670 37.87330 37.46420 34.15000 31.78920 32.59920 31.60830 32.24250 32.59750 30.47670 31.51420 33.97670 33.41750 32.97580 32.85920 32.87670 32.10250 33.43920 34.71000 35.21170 36.70170 37.87000 39.40580 40.11750 40.48170 38.18000 35.52750 33.58420 31.44830 31.49330 32.46170 34.78500 34.12500 34.61670 33.24750 32.17750 31.09830 30.49670 29.96670 29.14670 30.21420 32.73670 35.28000 41.54330 45.83580
-9999 -9999 -9999 -9999 -9999 -9999 -9999 -9999 -9999 -9999 -9999 42.40170 43.90170 42.03330 42.77920 46.78330 48.92420 48.08580 49.87330 49.75170 45.29250 48.15170 47.17580 47.09830 45.87250 45.05420 43.39080 40.59420 38.78000 35.58170 33.31500 33.78170 33.16000 31.90420 31.40670 30.66750 31.73670 33.61830 36.17000 37.78080 38.45170 38.21420 38.55080 38.76000 38.09920 37.95080 38.63830 39.40080 40.67000 41.58670 42.01170 39.39000 38.51750 34.52500 32.20830 33.71580 34.40750 35.51750 34.41580 34.49170 33.76500 32.79750 31.87580 31.04750 31.16500 31.27170 32.09500 36.01580 40.05080 46.44420 50.81000
-9999 -9999 -9999 -9999 -9999 -9999 -9999 -9999 -9999 -9999 -9999 43.07920 43.48420 43.93920 43.05500 46.65670 47.08670 47.63080 47.51830 47.73750 47.75580 47.82500 46.83670 45.58920 44.69170 43.87580 43.92080 42.99670 39.93250 38.39500 37.73500 37.10500 35.79170 33.92330 34.06250 32.49080 32.22580 36.23250 39.91750 40.76250 41.18750 41.26170 42.67250 43.95170 43.98670 41.78500 42.25920 43.10830 42.59000 43.51830 41.45420 40.24580 38.19420 37.25080 36.38920 35.99250 36.42170 35.70330 36.33330 35.02170 33.57420 32.62080 31.90080 31.32580 31.99670 31.31330 34.43920 35.88080 41.93500 48.15330 49.44080
