data/hydroclimate-scenarios/BCSD_hadcm_A1B/monthly_summaries/precip_monthly_tot_nov.2030-2059.asc
ncols	311
nrows	91
xllcenter	102.75
yllcenter	31.75
cellsize	0.5
NODATA_value	-9999
[rows 0 to 31 of 91, columns 213 to 283 of 311]
-9999 -9999 -9999 -9999 -9999 -9999 -9999 -9999 -9999 -9999 -9999 -9999 -9999 -9999 -9999 -9999 -9999 -9999 -9999 -9999 -9999 -9999 -9999 -9999 -9999 -9999 -9999 -9999 -9999 -9999 -9999 -9999 -9999 -9999 -9999 -9999 -9999 -9999 -9999 -9999 -9999 -9999 -9999 -9999 -9999 -9999 -9999 -9999 -9999 -9999 -9999 -9999 -9999 -9999 -9999 -9999 -9999 -9999 -9999 -9999 -9999 -9999 -9999 -9999 -9999 -9999 -9999 -9999 -9999 -9999 -9999
-9999 -9999 -9999 -9999 -9999 -9999 -9999 -9999 -9999 -9999 -9999 -9999 -9999 -9999 -9999 -9999 -9999 -9999 -9999 -9999 -9999 -9999 -9999 -9999 -9999 -9999 -9999 -9999 -9999 -9999 -9999 -9999 -9999 -9999 -9999 -9999 -9999 -9999 -9999 -9999 -9999 -9999 -9999 -9999 -9999 -9999 -9999 -9999 -9999 -9999 -9999 -9999 -9999 -9999 -9999 -9999 -9999 -9999 -9999 -9999 -9999 -9999 -9999 -9999 -9999 -9999 -9999 -9999 -9999 -9999 -9999
-9999 -9999 -9999 -9999 -9999 -9999 -9999 -9999 -9999 -9999 -9999 -9999 -9999 -9999 -9999 -9999 -9999 -9999 -9999 -9999 -9999 -9999 -9999 -9999 -9999 -9999 -9999 -9999 -9999 -9999 -9999 -9999 -9999 -9999 -9999 -9999 -9999 -9999 -9999 -9999 -9999 -9999 -9999 -9999 -9999 -9999 -9999 -9999 -9999 -9999 -9999 -9999 -9999 -9999 -9999 -9999 -9999 -9999 -9999 -9999 -9999 -9999 -9999 -9999 -9999 -9999 -9999 -9999 -9999 -9999 -9999
-9999 -9999 -9999 -9999 -9999 -9999 -9999 -9999 -9999 -9999 -9999 -9999 -9999 -9999 -9999 -9999 -9999 -9999 -9999 -9999 -9999 -9999 -9999 -9999 -9999 -9999 -9999 -9999 -9999 -9999 -9999 -9999 -9999 -9999 -9999 -9999 -9999 -9999 -9999 -9999 -9999 -9999 -9999 -9999 -9999 -9999 -9999 -9999 -9999 -9999 -9999 -9999 -9999 -9999 -9999 -9999 -9999 -9999 -9999 -9999 -9999 -9999 -9999 -9999 -9999 -9999 -9999 -9999 -9999 -9999 -9999
-9999 -9999 -9999 -9999 -9999 -9999 -9999 -9999 -9999 -9999 -9999 -9999 -9999 -9999 -9999 -9999 -9999 -9999 -9999 -9999 -9999 -9999 -9999 -9999 -9999 -9999 -9999 -9999 -9999 -9999 -9999 -9999 -9999 -9999 -9999 -9999 -9999 -9999 -9999 -9999 -9999 -9999 -9999 -9999 -9999 -9999 -9999 -9999 -9999 -9999 -9999 -9999 -9999 -9999 -9999 -9999 -9999 -9999 -9999 -9999 -9999 -9999 -9999 -9999 -9999 -9999 -9999 -9999 -9999 -9999 -9999
-9999 -9999 -9999 -9999 -9999 -9999 -9999 -9999 -9999 -9999 -9999 -9999 -9999 -9999 -9999 -9999 -9999 -9999 -9999 -9999 -9999 -9999 -9999 -9999 -9999 -9999 -9999 -9999 -9999 -9999 -9999 -9999 -9999 -9999 -9999 -9999 -9999 -9999 -9999 -9999 -9999 -9999 -9999 -9999 -9999 -9999 -9999 -9999 -9999 -9999 -9999 -9999 -9999 -9999 -9999 -9999 -9999 -9999 -9999 -9999 -9999 -9999 -9999 -9999 -9999 -9999 -9999 -9999 -9999 -9999 -9999
-9999 -9999 -9999 -9999 -9999 -9999 -9999 -9999 -9999 -9999 -9999 -9999 -9999 -9999 -9999 -9999 -9999 -9999 -9999 -9999 -9999 -9999 -9999 -9999 -9999 -9999 -9999 -9999 -9999 -9999 -9999 -9999 -9999 -9999 -9999 -9999 -9999 -9999 -9999 -9999 -9999 -9999 -9999 -9999 -9999 -9999 -9999 -9999 -9999 -9999 -9999 -9999 -9999 -9999 -9999 -9999 -9999 -9999 -9999 -9999 -9999 -9999 -9999 -9999 -9999 -9999 -9999 -9999 -9999 -9999 -9999
-9999 -9999 -9999 -9999 -9999 -9999 -9999 -9999 -9999 -9999 -9999 -9999 -9999 -9999 -9999 -9999 -9999 -9999 -9999 -9999 -9999 -9999 -9999 -9999 -9999 -9999 -9999 -9999 -9999 -9999 -9999 -9999 -9999 -9999 -9999 -9999 -9999 -9999 -9999 -9999 -9999 -9999 -9999 -9999 -9999 -9999 -9999 -9999 -9999 -9999 -9999 -9999 -9999 -9999 -9999 -9999 -9999 -9999 -9999 -9999 -9999 -9999 -9999 -9999 -9999 -9999 -9999 -9999 -9999 -9999 -9999
-9999 -9999 -9999 -9999 -9999 -9999 -9999 -9999 -9999 -9999 -9999 -9999 -9999 -9999 -9999 -9999 -9999 -9999 -9999 -9999 -9999 -9999 -9999 -9999 -9999 -9999 -9999 -9999 -9999 -9999 -9999 -9999 -9999 -9999 -9999 -9999 -9999 -9999 -9999 -9999 -9999 -9999 -9999 -9999 -9999 -9999 -9999 -9999 -9999 -9999 -9999 -9999 -9999 -9999 -9999 -9999 -9999 -9999 -9999 -9999 -9999 -9999 -9999 -9999 -9999 -9999 -9999 -9999 -9999 -9999 -9999
-9999 -9999 -9999 -9999 -9999 -9999 -9999 -9999 -9999 -9999 -9999 -9999 -9999 -9999 -9999 -9999 -9999 -9999 -9999 -9999 -9999 -9999 -9999 -9999 -9999 -9999 -9999 -9999 -9999 -9999 -9999 -9999 -9999 -9999 -9999 -9999 -9999 -9999 -9999 -9999 -9999 -9999 -9999 -9999 -9999 -9999 -9999 -9999 -9999 -9999 -9999 -9999 -9999 -9999 -9999 -9999 -9999 -9999 -9999 -9999 -9999 -9999 -9999 -9999 -9999 -9999 -9999 -9999 -9999 -9999 -9999
-9999 -9999 -9999 -9999 -9999 -9999 -9999 -9999 -9999 -9999 -9999 -9999 -9999 -9999 -9999 -9999 -9999 -9999 -9999 -9999 -9999 -9999 -9999 -9999 -9999 -9999 -9999 -9999 -9999 -9999 -9999 -9999 -9999 -9999 -9999 -9999 -9999 -9999 -9999 -9999 -9999 -9999 -9999 -9999 -9999 -9999 -9999 -9999 -9999 -9999 -9999 -9999 -9999 -9999 -9999 -9999 -9999 -9999 -9999 -9999 -9999 -9999 -9999 -9999 -9999 -9999 -9999 -9999 -9999 -9999 -9999
-9999 -9999 -9999 -9999 -9999 -9999 -9999 -9999 -9999 -9999 -9999 -9999 -9999 -9999 -9999 -9999 -9999 -9999 -9999 -9999 -9999 -9999 -9999 -9999 -9999 -9999 -9999 -9999 -9999 -9999 -9999 -9999 -9999 -9999 -9999 -9999 -9999 -9999 -9999 -9999 -9999 -9999 -9999 -9999 -9999 -9999 -9999 -9999 -9999 -9999 -9999 -9999 -9999 -9999 -9999 -9999 -9999 -9999 -9999 -9999 -9999 -9999 -9999 -9999 -9999 -9999 -9999 -9999 -9999 -9999 -9999
-9999 -9999 -9999 -9999 -9999 -9999 -9999 -9999 -9999 -9999 -9999 -9999 -9999 -9999 -9999 -9999 -9999 -9999 -9999 -9999 -9999 -9999 -9999 -9999 -9999 -9999 -9999 -9999 -9999 -9999 -9999 -9999 -9999 -9999 -9999 -9999 -9999 -9999 -9999 -9999 -9999 -9999 -9999 -9999 -9999 -9999 -9999 -9999 -9999 -9999 -9999 -9999 -9999 -9999 -9999 -9999 -9999 -9999 -9999 -9999 -9999 -9999 -9999 -9999 -9999 -9999 -9999 -9999 -9999 -9999 -9999
17.01580 17.09250 16.65000 15.87420 15.22170 14.02750 -9999 -9999 -9999 -9999 -9999 -9999 -9999 -9999 -9999 -9999 -9999 -9999 -9999 -9999 -9999 -9999 -9999 -9999 -9999 -9999 -9999 -9999 -9999 -9999 -9999 -9999 -9999 -9999 -9999 -9999 -9999 -9999 -9999 -9999 -9999 -9999 -9999 -9999 -9999 -9999 -9999 8.51667 -9999 -9999 -9999 -9999 -9999 -9999 -9999 -9999 -9999 -9999 -9999 -9999 -9999 -9999 -9999 -9999 -9999 -9999 -9999 -9999 -9999 -9999 -9999
18.15670 17.64330 16.58330 15.88750 15.50250 14.77670 13.22500 12.10000 11.27500 10.17500 11.57500 12.77500 13.00000 12.00000 11.95000 11.67500 11.17500 9.80000 62.55000 -9999 -9999 -9999 -9999 -9999 -9999 -9999 -9999 -9999 -9999 -9999 -9999 -9999 -9999 -9999 -9999 -9999 -9999 -9999 -9999 -9999 -9999 -9999 2.49500 3.71250 2.43500 1.14333 0.00000 3.98583 11.72330 -9999 -9999 -9999 12.51750 -9999 -9999 -9999 14.19750 18.77250 20.31580 -9999 -9999 -9999 -9999 -9999 -9999 -9999 -9999 -9999 -9999 -9999 -9999
18.14250 17.24750 16.26580 16.08750 15.57750 15.40830 15.22500 0.00000 0.00000 0.00000 0.00000 0.00000 0.00000 0.00000 0.00000 0.00000 0.00000 0.00000 0.00000 0.00000 0.00000 0.00000 12.35420 19.95670 13.60330 -9999 -9999 -9999 -9999 -9999 15.16500 15.25830 15.99670 16.83330 16.78580 15.39750 13.92080 14.28920 13.26580 13.21920 11.67500 12.17580 1.13500 1.54500 0.00000 1.20083 0.00000 1.64167 13.99080 14.31830 15.17580 14.05000 15.45170 16.75420 16.87250 16.68250 18.75830 19.69580 16.33080 19.35830 19.94830 19.70670 20.29830 18.25080 -9999 -9999 -9999 -9999 -9999 -9999 -9999
17.44580 17.15500 16.54830 17.98250 18.06000 18.95920 0.00000 0.00000 0.00000 0.00000 0.00000 0.00000 0.00000 0.00000 0.00000 0.00000 0.00000 0.00000 0.00000 0.00000 0.00000 0.00000 20.52250 4.74000 10.88830 14.82670 17.12500 21.40830 22.51420 21.33580 19.28750 18.65420 17.27080 19.40000 19.90250 18.39830 16.33250 17.17000 16.77920 16.01170 16.08500 15.28750 14.33500 15.05830 14.90920 13.75420 13.10250 13.05580 14.18250 14.10830 16.25670 15.51330 16.32830 18.77830 19.60250 22.34000 22.57250 24.14750 27.00830 27.54500 25.64170 29.12500 24.45250 23.35670 20.03670 17.01500 15.50750 15.75920 14.72330 13.52750 14.31250
23.73330 0.00000 26.82170 0.00000 0.00000 0.00000 0.00000 0.00000 0.00000 0.00000 0.00000 0.00000 0.00000 0.00000 0.00000 0.00000 0.00000 0.00000 12.02500 17.37500 13.77500 18.95000 32.97250 37.28750 17.01580 18.41330 19.32580 22.87830 27.42750 28.61080 29.51000 20.82920 20.80080 22.08170 24.73080 24.31580 24.99170 23.81750 23.71670 21.47670 20.05670 20.13420 18.50750 17.34500 17.55670 16.16170 15.56920 16.10670 16.23080 15.99170 18.06830 19.13250 20.01330 21.43250 22.78670 24.55750 25.82920 24.66580 25.63750 26.79670 28.77750 32.78750 25.93670 25.99670 21.98330 21.71170 20.54080 21.33420 23.63580 24.57080 24.80420
20.05170 19.06920 17.52670 19.11920 20.16500 17.13580 15.27750 16.33330 14.41580 11.62000 12.53170 12.29170 11.11580 10.07080 0.00000 11.51920 11.02420 11.10580 12.08170 10.73330 25.37170 32.89580 35.70920 43.15580 21.96330 22.19000 24.76500 21.27750 19.43920 26.55170 41.07170 32.82250 31.41580 28.96330 29.45830 28.77500 29.71920 26.23420 24.72750 22.93250 21.48750 20.48420 18.88250 19.91170 19.36580 19.20250 19.78580 20.45080 20.99670 20.59170 20.58920 20.07580 21.14000 21.76750 23.04920 22.84000 23.06000 24.64830 26.62920 27.74580 28.11000 28.26170 25.26670 25.19420 26.58920 28.52080 28.67920 27.75670 27.04500 27.12080 27.26830
22.50080 24.22750 25.03420 19.29750 17.17170 16.23330 14.09500 14.55750 12.84250 11.71000 10.97080 11.08750 11.29170 11.18580 11.71250 12.21080 12.11170 12.95000 40.83830 39.96500 30.92500 34.32500 29.88670 40.16080 19.31750 21.48000 28.13330 31.59830 35.98750 32.46420 48.82420 48.46670 41.21580 36.28080 31.57330 28.57920 27.69750 25.63920 26.61250 26.34580 24.35750 21.09670 22.79920 25.29580 24.08250 24.09500 24.76830 23.21920 23.57000 22.04330 22.34580 24.83500 24.69750 24.14830 24.72750 25.49920 29.26580 27.84830 27.43500 26.84080 25.54000 25.32500 25.76830 28.13670 29.50170 31.29170 33.35750 35.56330 38.69330 38.17080 36.98080
28.73750 41.57330 45.65500 30.90170 23.22920 19.39000 17.38000 16.16830 12.28420 11.72420 11.99670 12.34000 12.82580 13.60920 14.80580 14.93330 15.41250 16.42250 30.76750 26.91670 12.31830 12.19670 24.13670 20.83250 14.91000 21.49330 26.18670 30.47250 34.44080 37.20000 37.89000 43.41420 41.27000 37.08420 32.46580 28.23420 28.34170 29.93580 27.44250 26.68500 27.46500 23.59920 25.33830 24.55580 24.73500 24.37250 24.36750 24.94000 26.11830 25.10580 27.18000 26.03170 26.17250 28.29250 27.91670 27.95920 32.71580 30.21830 30.17170 25.08920 24.84580 25.12170 27.08170 28.18830 30.21330 31.58750 33.63330 37.09500 39.03920 38.78420 39.62330
40.26920 37.83420 29.95920 18.22330 15.01830 15.66170 15.21080 14.75080 12.98080 13.56420 13.85330 14.75750 16.89670 19.02250 20.49580 18.89420 18.54580 18.06670 34.19830 30.92330 5.96167 0.00000 0.00000 4.89500 13.31420 23.91920 33.25920 35.96080 32.31000 37.38750 35.27250 43.66330 43.91170 40.06000 36.83830 33.17500 32.43000 30.69920 29.57580 28.56330 28.51250 25.17830 25.97080 25.03250 24.37830 25.44420 26.88920 25.84250 27.34500 28.18670 28.99920 29.82000 27.19420 28.65170 27.78250 27.03420 29.61580 30.17670 30.54250 31.75000 30.03580 30.19170 27.21500 29.34500 30.14500 28.98000 30.15920 33.05330 37.02750 44.21670 47.38000
42.97920 27.43420 22.79170 22.66670 20.33250 23.90080 35.29670 38.58420 32.19750 25.59750 23.25750 20.48580 19.16420 21.41920 25.06670 24.69830 24.95830 22.93920 38.09830 35.06420 6.58500 0.00000 0.00000 5.07167 7.33833 19.28000 22.58830 24.86920 30.25580 37.04670 37.94000 36.56830 36.20500 36.16670 35.30080 37.03830 37.71080 36.24580 39.78250 37.72580 39.14670 36.89330 33.15500 31.03000 28.29920 33.09920 33.65080 36.40580 37.08500 36.94330 35.42500 34.79750 31.96420 30.69580 29.16000 31.45670 30.83330 35.42000 32.48330 30.57500 31.30420 29.72080 32.12580 32.69330 31.96000 32.57500 35.38250 36.16750 41.57330 44.34580 47.08330
25.28170 24.54330 28.17580 21.67580 16.98830 24.20080 32.41830 32.18250 32.09170 33.30750 33.00330 33.00330 0.00000 27.99080 23.26670 23.76080 25.13080 24.86330 38.31250 43.79080 17.34420 0.00000 4.50250 8.01833 7.24417 9.73500 16.94830 18.57250 22.56580 29.27420 34.47750 37.09500 37.04000 33.20670 36.97830 32.54670 29.20330 33.73170 42.27080 38.54080 42.34080 48.79330 57.98670 57.76080 58.38500 56.74580 49.99250 42.53420 46.53170 43.14670 37.78500 31.79500 35.51670 32.07000 31.09000 32.53420 33.46500 32.43750 31.75920 33.12330 35.56920 30.38330 31.89170 34.18080 31.75580 34.88830 34.82580 36.31000 39.62500 41.42670 42.62250
19.31420 19.10580 18.95080 17.45670 17.57750 18.93500 17.42920 18.47330 24.69750 26.71830 30.33250 23.84580 0.00000 0.00000 0.00000 0.00000 0.00000 0.00000 0.00000 43.89000 47.18500 0.00000 0.00000 0.00000 0.00000 3.10583 0.00000 8.69667 12.73420 13.32920 11.62670 11.74170 13.96250 15.36080 11.37170 15.40420 16.20830 15.50920 24.04830 32.58670 41.08080 49.77750 62.07000 59.34170 68.68920 78.05000 79.91420 67.28420 54.37670 44.90250 39.02750 32.32170 32.46920 36.18420 34.89670 32.86420 32.04080 33.18670 30.02420 32.54500 34.27830 38.59580 42.32920 39.79250 35.89830 34.38670 35.18170 36.78580 39.18000 39.68080 39.06500
17.78420 18.27750 18.70830 18.31920 19.36750 19.02830 20.67670 19.44830 18.98830 19.95500 22.15580 24.74500 26.40750 30.33420 0.00000 0.00000 0.00000 0.00000 10.94920 16.77670 17.67330 21.71170 3.34833 14.45000 9.62250 3.29167 3.23167 7.32333 10.65500 21.97330 21.72080 23.51170 16.41670 16.44330 14.02000 13.93580 21.97580 21.93830 32.55170 44.76750 45.50830 60.15080 75.25000 83.76670 83.61330 86.57670 91.54250 90.87080 84.12670 67.82750 58.47250 47.20830 37.28580 46.16250 46.64330 40.52920 37.38000 36.76580 35.49170 35.12920 37.29750 41.69580 42.79580 40.54250 41.31830 43.63080 39.34920 38.60420 41.12330 40.33830 40.25420
28.91250 31.26170 30.26080 28.77330 25.02250 31.86080 50.69170 68.43500 60.91330 48.22830 38.32830 48.81920 29.53580 20.48920 18.62500 19.40750 18.37330 18.56830 29.05420 16.79330 18.77000 12.53330 15.94080 20.57670 20.87420 24.91250 32.01000 34.14830 35.50170 40.63080 41.45330 30.76330 27.93920 28.89920 27.62170 32.17080 26.84750 32.24920 38.35420 50.19750 59.72580 72.12670 78.33250 95.25080 102.09800 109.41300 108.87500 111.56200 97.01250 82.21330 68.00830 62.50920 48.63170 42.08500 42.56750 46.79330 40.28580 40.45170 40.58920 41.49330 40.31250 42.53170 44.38330 46.68080 44.17420 44.11170 43.20080 42.61750 40.89080 42.69080 43.84170
99.89080 97.45920 51.14000 37.27830 35.19170 35.75920 47.83670 51.06750 56.78920 64.73670 58.41830 45.12500 69.41080 48.24080 37.70250 21.76170 15.37500 15.28330 38.96080 38.07250 29.69250 28.58580 22.62580 28.90580 20.02250 25.62920 30.11420 40.06920 35.08830 37.89580 34.68830 24.50080 19.44920 24.23330 16.53420 20.59420 30.30500 37.99750 42.41500 49.31080 65.22420 83.30170 93.93830 108.61200 117.29700 127.01500 126.77000 126.94900 111.27800 94.82330 86.45670 73.94000 64.39420 54.42170 42.38500 48.39580 45.14330 44.20000 41.91500 46.48000 44.93750 45.76080 45.93670 42.62920 44.27420 45.85670 48.18920 48.24750 44.24330 44.22670 43.33170
126.34900 94.70670 64.40000 44.81670 34.16580 33.15830 40.51750 25.29170 25.51250 27.63000 30.45250 32.02920 25.62500 27.64750 28.33920 29.75580 23.82580 14.62920 37.83750 46.12920 48.70920 56.54000 38.13000 26.25000 11.47420 8.52167 27.70420 32.71670 28.74420 33.52250 32.24750 22.96830 20.70920 12.47750 12.96000 23.33670 35.23080 38.74330 46.19580 59.31670 67.92420 85.76420 99.32170 115.45300 133.70000 141.50000 147.67500 140.31300 117.39700 114.46800 94.53000 80.27000 74.53830 59.93920 55.15500 41.27500 47.07080 47.19670 41.46830 40.61330 41.02080 42.31500 43.71420 43.83250 48.28080 50.05080 55.07830 54.05670 51.58500 46.90250 46.59170
72.64500 64.33420 71.33250 71.72250 73.05080 55.80670 38.09750 28.36500 22.43330 22.72250 23.82000 26.25920 43.17500 58.24000 54.86330 48.27080 41.16670 29.63330 44.11580 49.43420 59.58920 97.84420 91.27670 52.37170 33.56080 25.37580 26.22330 19.76170 26.26670 28.90830 25.51500 19.56670 19.21250 9.53500 16.66420 22.34670 39.14330 46.41250 55.70670 68.18250 80.74500 95.60830 113.27100 131.20599 154.56799 167.52400 153.94099 148.35001 141.90401 129.25700 104.70600 93.36420 87.39920 71.56830 59.54000 44.17170 44.66580 48.14420 42.31250 46.51920 52.95250 64.06250 65.59500 65.80580 68.89420 58.86420 51.80500 52.73420 55.80580 55.17330 53.98750
51.03080 38.72750 43.83920 64.83580 60.75170 43.34170 71.96420 110.74900 111.87100 68.20670 54.70830 38.29920 47.87330 62.03500 94.79000 108.81200 94.94250 81.51580 85.00670 93.76080 91.24330 121.83800 114.99200 63.65750 37.80580 36.80250 39.08330 47.21830 34.77920 31.23170 22.71500 17.16080 16.40580 14.90000 21.39670 30.89170 36.34750 46.40500 53.14920 67.02250 74.12500 88.35670 95.17920 123.01800 151.34100 162.75800 159.29500 128.27699 104.71800 97.07580 80.61250 81.96330 84.02920 64.33170 47.37670 49.72080 45.01830 45.85750 36.81670 38.12330 40.21170 45.26670 47.45670 48.59750 48.47670 48.50170 49.38500 53.33420 56.06420 61.06580 59.33080
52.45080 -9999 37.79920 78.25500 167.64999 346.94800 -9999 456.69400 369.15201 290.24100 251.26601 159.83900 143.75999 114.98000 102.79700 97.08580 65.63000 89.13000 185.41400 197.03500 210.45300 188.69501 194.50000 153.78700 101.70300 91.03000 74.95250 63.37170 67.33420 54.02170 42.60000 28.82330 19.79920 21.09500 31.50670 38.04670 49.32500 49.92830 61.78420 71.09170 88.66170 94.62830 97.84500 97.14330 127.65200 124.92700 136.46300 118.95900 99.65250 85.81920 85.47580 73.90250 68.78830 64.37330 47.13830 46.86670 38.74830 39.26750 40.52500 43.42830 42.05250 40.25170 41.98420 43.43670 45.93920 47.62830 51.07000 50.78750 51.99500 55.63580 50.79500
