data/hydroclimate-scenarios/BCSD_hadcm_A1B/monthly_summaries/precip_monthly_tot_apr.2030-2059.asc
ncols	311
nrows	91
xllcenter	102.75
yllcenter	31.75
cellsize	0.5
NODATA_value	-9999
[rows 0 to 31 of 91, columns 213 to 283 of 311]
-9999 -9999 -9999 -9999 -9999 -9999 -9999 -9999 -9999 -9999 -9999 -9999 -9999 -9999 -9999 -9999 -9999 -9999 -9999 -9999 -9999 -9999 -9999 -9999 -9999 -9999 -9999 -9999 -9999 -9999 -9999 -9999 -9999 -9999 -9999 -9999 -9999 -9999 -9999 -9999 -9999 -9999 -9999 -9999 -9999 -9999 -9999 -9999 -9999 -9999 -9999 -9999 -9999 -9999 -9999 -9999 -9999 -9999 -9999 -9999 -9999 -9999 -9999 -9999 -9999 -9999 -9999 -9999 -9999 -9999 -9999
-9999 -9999 -9999 -9999 -9999 -9999 -9999 -9999 -9999 -9999 -9999 -9999 -9999 -9999 -9999 -9999 -9999 -9999 -9999 -9999 -9999 -9999 -9999 -9999 -9999 -9999 -9999 -9999 -9999 -9999 -9999 -9999 -9999 -9999 -9999 -9999 -9999 -9999 -9999 -9999 -9999 -9999 -9999 -9999 -9999 -9999 -9999 -9999 -9999 -9999 -9999 -9999 -9999 -9999 -9999 -9999 -9999 -9999 -9999 -9999 -9999 -9999 -9999 -9999 -9999 -9999 -9999 -9999 -9999 -9999 -9999
-9999 -9999 -9999 -9999 -9999 -9999 -9999 -9999 -9999 -9999 -9999 -9999 -9999 -9999 -9999 -9999 -9999 -9999 -9999 -9999 -9999 -9999 -9999 -9999 -9999 -9999 -9999 -9999 -9999 -9999 -9999 -9999 -9999 -9999 -9999 -9999 -9999 -9999 -9999 -9999 -9999 -9999 -9999 -9999 -9999 -9999 -9999 -9999 -9999 -9999 -9999 -9999 -9999 -9999 -9999 -9999 -9999 -9999 -9999 -9999 -9999 -9999 -9999 -9999 -9999 -9999 -9999 -9999 -9999 -9999 -9999
-9999 -9999 -9999 -9999 -9999 -9999 -9999 -9999 -9999 -9999 -9999 -9999 -9999 -9999 -9999 -9999 -9999 -9999 -9999 -9999 -9999 -9999 -9999 -9999 -9999 -9999 -9999 -9999 -9999 -9999 -9999 -9999 -9999 -9999 -9999 -9999 -9999 -9999 -9999 -9999 -9999 -9999 -9999 -9999 -9999 -9999 -9999 -9999 -9999 -9999 -9999 -9999 -9999 -9999 -9999 -9999 -9999 -9999 -9999 -9999 -9999 -9999 -9999 -9999 -9999 -9999 -9999 -9999 -9999 -9999 -9999
-9999 -9999 -9999 -9999 -9999 -9999 -9999 -9999 -9999 -9999 -9999 -9999 -9999 -9999 -9999 -9999 -9999 -9999 -9999 -9999 -9999 -9999 -9999 -9999 -9999 -9999 -9999 -9999 -9999 -9999 -9999 -9999 -9999 -9999 -9999 -9999 -9999 -9999 -9999 -9999 -9999 -9999 -9999 -9999 -9999 -9999 -9999 -9999 -9999 -9999 -9999 -9999 -9999 -9999 -9999 -9999 -9999 -9999 -9999 -9999 -9999 -9999 -9999 -9999 -9999 -9999 -9999 -9999 -9999 -9999 -9999
-9999 -9999 -9999 -9999 -9999 -9999 -9999 -9999 -9999 -9999 -9999 -9999 -9999 -9999 -9999 -9999 -9999 -9999 -9999 -9999 -9999 -9999 -9999 -9999 -9999 -9999 -9999 -9999 -9999 -9999 -9999 -9999 -9999 -9999 -9999 -9999 -9999 -9999 -9999 -9999 -9999 -9999 -9999 -9999 -9999 -9999 -9999 -9999 -9999 -9999 -9999 -9999 -9999 -9999 -9999 -9999 -9999 -9999 -9999 -9999 -9999 -9999 -9999 -9999 -9999 -9999 -9999 -9999 -9999 -9999 -9999
-9999 -9999 -9999 -9999 -9999 -9999 -9999 -9999 -9999 -9999 -9999 -9999 -9999 -9999 -9999 -9999 -9999 -9999 -9999 -9999 -9999 -9999 -9999 -9999 -9999 -9999 -9999 -9999 -9999 -9999 -9999 -9999 -9999 -9999 -9999 -9999 -9999 -9999 -9999 -9999 -9999 -9999 -9999 -9999 -9999 -9999 -9999 -9999 -9999 -9999 -9999 -9999 -9999 -9999 -9999 -9999 -9999 -9999 -9999 -9999 -9999 -9999 -9999 -9999 -9999 -9999 -9999 -9999 -9999 -9999 -9999
-9999 -9999 -9999 -9999 -9999 -9999 -9999 -9999 -9999 -9999 -9999 -9999 -9999 -9999 -9999 -9999 -9999 -9999 -9999 -9999 -9999 -9999 -9999 -9999 -9999 -9999 -9999 -9999 -9999 -9999 -9999 -9999 -9999 -9999 -9999 -9999 -9999 -9999 -9999 -9999 -9999 -9999 -9999 -9999 -9999 -9999 -9999 -9999 -9999 -9999 -9999 -9999 -9999 -9999 -9999 -9999 -9999 -9999 -9999 -9999 -9999 -9999 -9999 -9999 -9999 -9999 -9999 -9999 -9999 -9999 -9999
-9999 -9999 -9999 -9999 -9999 -9999 -9999 -9999 -9999 -9999 -9999 -9999 -9999 -9999 -9999 -9999 -9999 -9999 -9999 -9999 -9999 -9999 -9999 -9999 -9999 -9999 -9999 -9999 -9999 -9999 -9999 -9999 -9999 -9999 -9999 -9999 -9999 -9999 -9999 -9999 -9999 -9999 -9999 -9999 -9999 -9999 -9999 -9999 -9999 -9999 -9999 -9999 -9999 -9999 -9999 -9999 -9999 -9999 -9999 -9999 -9999 -9999 -9999 -9999 -9999 -9999 -9999 -9999 -9999 -9999 -9999
-9999 -9999 -9999 -9999 -9999 -9999 -9999 -9999 -9999 -9999 -9999 -9999 -9999 -9999 -9999 -9999 -9999 -9999 -9999 -9999 -9999 -9999 -9999 -9999 -9999 -9999 -9999 -9999 -9999 -9999 -9999 -9999 -9999 -9999 -9999 -9999 -9999 -9999 -9999 -9999 -9999 -9999 -9999 -9999 -9999 -9999 -9999 -9999 -9999 -9999 -9999 -9999 -9999 -9999 -9999 -9999 -9999 -9999 -9999 -9999 -9999 -9999 -9999 -9999 -9999 -9999 -9999 -9999 -9999 -9999 -9999
-9999 -9999 -9999 -9999 -9999 -9999 -9999 -9999 -9999 -9999 -9999 -9999 -9999 -9999 -9999 -9999 -9999 -9999 -9999 -9999 -9999 -9999 -9999 -9999 -9999 -9999 -9999 -9999 -9999 -9999 -9999 -9999 -9999 -9999 -9999 -9999 -9999 -9999 -9999 -9999 -9999 -9999 -9999 -9999 -9999 -9999 -9999 -9999 -9999 -9999 -9999 -9999 -9999 -9999 -9999 -9999 -9999 -9999 -9999 -9999 -9999 -9999 -9999 -9999 -9999 -9999 -9999 -9999 -9999 -9999 -9999
-9999 -9999 -9999 -9999 -9999 -9999 -9999 -9999 -9999 -9999 -9999 -9999 -9999 -9999 -9999 -9999 -9999 -9999 -9999 -9999 -9999 -9999 -9999 -9999 -9999 -9999 -9999 -9999 -9999 -9999 -9999 -9999 -9999 -9999 -9999 -9999 -9999 -9999 -9999 -9999 -9999 -9999 -9999 -9999 -9999 -9999 -9999 -9999 -9999 -9999 -9999 -9999 -9999 -9999 -9999 -9999 -9999 -9999 -9999 -9999 -9999 -9999 -9999 -9999 -9999 -9999 -9999 -9999 -9999 -9999 -9999
-9999 -9999 -9999 -9999 -9999 -9999 -9999 -9999 -9999 -9999 -9999 -9999 -9999 -9999 -9999 -9999 -9999 -9999 -9999 -9999 -9999 -9999 -9999 -9999 -9999 -9999 -9999 -9999 -9999 -9999 -9999 -9999 -9999 -9999 -9999 -9999 -9999 -9999 -9999 -9999 -9999 -9999 -9999 -9999 -9999 -9999 -9999 -9999 -9999 -9999 -9999 -9999 -9999 -9999 -9999 -9999 -9999 -9999 -9999 -9999 -9999 -9999 -9999 -9999 -9999 -9999 -9999 -9999 -9999 -9999 -9999
8.75417 8.91667 8.68000 8.60000 8.62250 8.60167 -9999 -9999 -9999 -9999 -9999 -9999 -9999 -9999 -9999 -9999 -9999 -9999 -9999 -9999 -9999 -9999 -9999 -9999 -9999 -9999 -9999 -9999 -9999 -9999 -9999 -9999 -9999 -9999 -9999 -9999 -9999 -9999 -9999 -9999 -9999 -9999 -9999 -9999 -9999 -9999 -9999 11.77580 -9999 -9999 -9999 -9999 -9999 -9999 -9999 -9999 -9999 -9999 -9999 -9999 -9999 -9999 -9999 -9999 -9999 -9999 -9999 -9999 -9999 -9999 -9999
11.08830 10.48580 9.55750 9.33750 9.37917 9.50167 9.25000 9.15000 8.70000 10.45000 0.00000 0.00000 0.00000 12.35000 12.05000 11.65000 10.67500 9.10000 43.02500 -9999 -9999 -9999 -9999 -9999 -9999 -9999 -9999 -9999 -9999 -9999 -9999 -9999 -9999 -9999 -9999 -9999 -9999 -9999 -9999 -9999 -9999 -9999 5.84083 7.67167 5.63167 5.94333 8.26583 10.49670 17.49170 -9999 -9999 -9999 14.48580 -9999 -9999 -9999 14.11670 18.67920 20.49830 -9999 -9999 -9999 -9999 -9999 -9999 -9999 -9999 -9999 -9999 -9999 -9999
11.59750 10.24000 9.99333 10.26080 10.31000 10.55500 0.00000 0.00000 0.00000 0.00000 0.00000 0.00000 0.00000 0.00000 0.00000 0.00000 0.00000 0.00000 0.00000 0.00000 0.00000 0.00000 9.80333 18.62250 11.42920 -9999 -9999 -9999 -9999 -9999 12.67330 12.86250 13.24080 14.53170 16.46420 14.76750 14.92420 15.08750 15.30170 13.51080 12.98250 13.49420 5.89250 6.87000 6.46917 8.35500 9.81500 12.98330 19.25000 19.05330 19.61250 17.95920 17.25580 18.71830 18.84080 16.72830 20.89500 22.04670 20.56250 21.00920 22.56330 20.67750 19.61250 19.12750 -9999 -9999 -9999 -9999 -9999 -9999 -9999
11.29830 11.59000 11.92500 12.98330 12.38920 0.07500 0.00000 0.00000 0.00000 0.00000 0.00000 0.00000 0.00000 0.00000 0.00000 0.00000 0.00000 0.00000 0.00000 0.00000 0.00000 0.00000 19.46330 13.67750 10.64000 12.77080 14.24500 17.03670 17.30830 15.47500 13.24000 12.87580 13.06830 16.24250 17.81170 16.89420 14.30330 16.53000 16.11580 16.11670 16.60000 15.05000 15.68080 16.71500 17.16580 15.97080 17.62080 19.51580 18.31670 17.72920 20.50000 19.73750 20.46080 21.16750 22.20580 26.33330 26.89500 25.64830 28.57080 29.68830 28.04830 30.66500 29.50920 29.24330 23.52580 21.83830 20.76170 19.81750 18.31420 19.62080 21.60250
17.29920 19.52420 20.75920 0.00000 0.07500 0.07500 0.00000 0.00000 0.00000 0.00000 0.00000 0.00000 0.00000 0.00000 0.00000 0.00000 0.00000 0.00000 0.00000 7.32500 7.07500 12.02500 24.87500 30.31580 13.72080 14.99330 15.06250 18.06830 19.60670 19.69170 20.04670 13.31670 13.83170 15.66670 17.68000 20.53080 20.87330 21.22170 19.33750 19.18580 19.61500 20.47500 18.92170 18.09580 18.56830 18.68250 20.18670 20.69170 20.63920 20.19500 20.40080 21.64000 22.06750 24.07500 24.42420 26.86920 29.02920 28.43580 29.16420 31.26500 34.17000 36.57330 31.46420 29.85250 26.10170 23.83080 22.55580 26.36080 26.38080 29.27830 30.88500
12.41500 12.93670 12.37750 13.59750 0.00000 0.00000 0.11333 0.11333 0.10250 0.10333 0.00000 0.00000 0.11000 0.11000 0.00000 0.00000 7.86417 8.00417 0.00000 0.00000 24.64000 20.53500 28.17750 25.73920 14.45080 13.21580 17.25420 14.71330 16.13420 20.07000 25.80830 19.57000 18.62420 19.04250 19.95080 21.28330 22.46580 20.42250 19.71170 18.82080 19.10080 20.14830 18.98420 20.53920 22.34750 21.94250 25.46500 26.74250 26.14420 25.73170 25.37420 25.33500 23.83670 25.09830 26.95330 27.57830 28.54670 29.62920 28.76420 30.95670 31.95080 33.37000 31.69750 29.03420 27.81250 31.33750 30.39170 31.54420 27.67170 29.46000 33.59750
11.40000 12.92250 13.25750 10.79170 9.61750 9.14417 8.32750 0.11583 8.04833 8.38417 7.47167 7.08500 6.99000 6.44583 7.98250 8.31083 8.46750 8.91750 29.74330 27.89330 16.74500 21.16250 22.45830 26.35420 11.93920 15.18830 18.61250 17.59670 22.05000 23.27830 28.92670 27.99750 24.57000 22.27670 20.94170 19.67750 19.42250 17.90920 19.45250 20.62920 19.28000 18.54080 23.46080 24.84250 26.24420 25.51080 26.54920 27.86830 28.08830 26.24420 26.39750 28.26750 26.08750 25.55830 27.16000 25.13000 27.09420 29.74420 31.13420 30.02670 29.81250 29.23250 30.40580 31.01920 30.87000 30.76170 33.97920 35.73080 38.75170 39.90170 40.50330
6.65167 8.75083 11.02250 9.95083 8.16833 7.23000 7.01500 7.15667 7.23333 7.82833 7.52083 7.58167 7.70333 7.74167 8.70000 10.77000 11.30670 11.50000 17.53330 17.16170 7.81917 7.82000 15.85000 12.77000 12.00250 15.07830 16.39420 20.96080 21.64250 23.38500 23.40170 26.40750 25.93170 23.96250 21.36830 19.00080 19.07420 20.14670 20.33580 19.61170 21.28170 21.33920 23.99500 24.38250 24.78580 24.35250 25.92330 26.19080 27.60500 28.27830 27.48250 26.14000 26.26000 26.44250 26.76080 26.89250 29.26250 27.12830 26.29250 25.14420 23.66830 24.47920 26.08080 29.60920 29.77670 30.49500 31.76750 32.74170 34.68670 35.74170 35.77080
7.29750 7.03083 5.99000 5.48583 5.44417 5.52250 5.63250 6.60417 7.90917 9.13000 9.05250 8.62250 8.32083 8.27583 9.83833 10.75000 11.63830 11.53500 19.46000 17.91080 6.41250 0.00000 0.00000 5.22333 11.37000 16.51250 20.17000 23.01500 19.66170 24.05580 24.50170 28.08080 29.21080 26.11170 23.12670 22.44830 20.96080 20.41580 22.21000 21.98830 21.53500 22.25170 22.78670 24.18580 23.75750 24.52750 26.45670 25.75830 27.14830 27.62670 27.35250 26.32080 23.54830 23.60830 23.64670 23.41170 24.37250 26.17580 27.34250 26.09250 24.04000 24.62830 25.94670 26.38830 24.23580 23.24830 24.95580 26.65250 29.56330 31.55580 35.92750
10.41080 8.37833 7.06250 5.91333 7.24750 11.15920 18.53080 21.04080 18.36420 17.41750 0.00000 13.22500 14.57500 10.20000 12.55830 13.20250 15.26920 14.09420 20.80170 26.40170 6.54000 0.00000 0.00000 6.01833 6.90250 14.53830 14.74000 16.86830 20.46080 22.39080 21.61920 22.07580 25.52250 25.92670 25.34170 24.72330 27.64170 27.59920 30.79750 29.13170 29.72170 27.85420 25.66670 24.09170 24.87080 28.54420 30.11830 33.52500 33.52500 32.36250 30.63080 30.50670 26.00500 25.72670 25.02080 27.60330 25.32500 26.50670 25.95580 24.14000 25.30330 24.85750 26.09080 27.93920 22.47000 23.48670 24.83580 27.27830 28.93580 29.51830 30.64330
11.83080 13.40920 13.63250 9.67667 8.96000 14.65830 21.18080 21.49420 17.78830 0.00000 0.00000 0.00000 0.00000 0.00000 0.00000 0.00000 15.71500 16.10170 27.05330 32.64580 16.81670 0.00000 6.40833 12.61670 7.43167 10.72420 11.11830 13.88670 13.83000 17.47830 21.99080 23.10080 24.89830 22.72250 28.22830 26.27580 25.93580 28.25000 36.97330 34.02500 38.98920 40.44500 45.68750 46.05830 46.21330 44.23420 37.96080 31.28580 35.28080 33.08420 29.50830 25.19420 26.48000 26.00750 24.38500 25.51250 24.86580 22.36580 23.01500 26.53250 29.40920 24.53830 26.04250 28.44080 24.55920 22.90080 22.65580 23.03330 23.47170 23.85170 24.29580
10.30250 9.78667 8.53833 8.06583 8.77917 10.01670 9.56167 11.81420 15.47500 18.35580 18.22500 0.00000 0.00000 0.00000 0.00000 0.00000 0.00000 0.00000 0.00000 31.98000 28.70080 6.48000 0.07500 0.07500 4.07333 3.53583 0.00000 3.12667 7.38250 8.10917 3.88000 8.59833 7.38500 13.15500 7.60917 13.21000 17.75000 17.17670 27.25170 34.86170 42.48670 48.50000 54.99330 56.17750 64.00920 69.92500 71.59080 55.79580 42.83420 32.74750 29.14420 24.49330 23.53500 29.59500 27.82500 26.35830 25.95330 24.05170 22.81500 23.74080 28.35920 30.47750 33.58080 29.99830 25.13170 22.33080 21.72830 20.38580 20.73420 20.84330 20.90830
8.56833 8.46333 8.21083 8.18250 9.11667 10.09580 12.06000 11.98170 12.09830 12.59250 14.15000 14.57500 15.87500 17.95000 0.00000 0.00000 0.00000 0.00000 12.42000 19.93080 20.13080 24.38080 9.54583 13.88080 7.28333 3.22333 3.58833 3.27750 3.78417 8.11083 8.92083 12.17250 7.77083 11.29580 7.55250 12.08670 15.66250 20.78000 31.48580 38.55250 41.73750 54.39170 57.89170 64.27170 68.79920 70.85830 77.35000 70.99580 63.32000 51.70170 45.19080 37.91580 28.31080 37.61830 43.56500 33.99170 29.65750 29.82920 27.03830 28.49750 29.67500 33.49670 34.95500 31.60920 28.60170 27.82080 23.82170 20.31830 21.12920 18.65830 18.96080
17.64500 18.48500 17.03500 15.12330 13.50330 19.52670 29.43000 43.40170 38.63330 31.99670 36.80750 47.56580 28.34000 18.27000 15.47580 13.81420 10.83580 9.75917 34.83830 28.70920 20.22500 21.78250 18.31080 18.46250 17.76170 18.00920 17.67500 15.85750 15.70580 17.15250 16.13250 14.17250 10.88580 14.50500 15.83170 17.22500 16.28920 24.60750 29.86080 38.25330 45.88000 52.41750 56.79580 70.31500 75.49500 82.94420 81.12250 90.49670 75.38830 63.79420 56.65830 50.64830 40.53000 36.25170 36.95670 40.93080 35.89250 34.70080 33.53170 32.83580 32.09670 33.43250 34.86250 35.87670 33.21250 29.28830 26.18330 23.90080 20.85000 18.45080 19.17250
96.19750 84.79750 37.28250 23.30420 19.25330 18.79170 21.56830 39.32750 57.06250 68.96500 60.53250 94.00920 76.56330 52.53170 36.51420 17.99830 10.74330 10.02670 28.72750 28.39250 21.54330 36.28920 27.64250 27.76830 17.19000 15.95830 17.08080 22.36420 17.10500 13.85000 12.25080 7.33167 6.91333 9.65250 7.74583 11.84250 15.88250 23.34750 27.69330 36.44750 41.17830 52.05000 60.81080 71.15580 83.89420 92.74250 94.97250 96.70000 85.38330 73.71000 75.25250 65.56670 55.23080 47.85000 37.91080 43.17420 41.33330 37.59170 36.06670 39.28420 35.32330 36.03500 34.74170 32.60580 32.82420 29.82250 28.76000 25.69330 19.78080 17.23830 17.08830
143.58600 92.76750 57.08250 36.27420 19.80420 14.97500 22.31170 16.42420 16.41750 19.12750 23.13330 25.90500 21.21920 25.79330 25.27250 25.18420 19.27420 11.73670 17.75500 25.94250 32.08830 53.78330 41.60920 33.33750 14.80750 7.21500 15.70920 14.40830 11.32750 12.40830 11.86330 9.08083 6.31583 3.12083 3.14167 7.75750 15.89420 20.39830 29.40580 41.50250 48.08170 57.00580 65.75670 75.78080 94.71750 100.96100 108.51700 109.94500 92.82670 101.41900 88.83000 76.68000 67.79920 54.18920 47.17920 37.01080 41.05670 42.36750 36.87420 34.87000 35.05750 34.38080 35.17170 33.72000 32.18420 31.52420 31.78580 27.76000 23.54080 18.60580 18.14170
59.06250 43.39920 65.34670 61.02330 62.32750 40.29000 18.18000 15.85500 12.90170 12.21920 10.96830 12.26000 31.44250 51.38750 54.77250 45.53500 38.77750 24.71830 29.81500 38.50330 43.68080 67.49330 67.43580 41.96580 22.86250 16.33500 12.77580 7.47417 10.75330 13.53080 9.84333 3.11250 3.24917 0.00000 0.00000 3.71167 15.02500 19.48500 32.12250 39.21830 52.68000 61.14670 75.33500 91.15420 102.73600 115.20700 108.97400 109.31500 111.52500 109.26200 93.52080 89.42750 80.54580 65.91500 52.95580 37.79580 39.96080 45.67330 38.58420 44.48500 49.47000 60.61830 59.90000 54.54920 48.52750 37.79000 29.59830 26.93500 26.79170 23.40080 20.72830
30.38750 20.66500 27.52330 57.96750 48.14670 29.99330 63.20170 74.11170 77.42250 46.00170 32.31670 17.17170 23.35830 42.16000 89.26250 105.98000 88.23080 79.74420 61.72170 70.05500 69.92580 91.96330 77.68170 51.76920 33.54830 26.12420 20.89330 20.03830 12.67250 10.91670 6.72000 3.08083 2.82583 0.00000 0.00000 3.89000 11.25170 16.90170 23.98580 30.90920 38.30750 49.94330 56.75250 76.91830 92.92250 101.34900 106.43700 89.58670 79.51580 73.21170 66.81580 71.05420 81.79330 63.75000 46.60830 44.88580 41.56250 44.63170 38.96170 41.85250 39.86330 41.77750 40.86500 38.82000 35.91920 32.25580 30.49750 29.81830 27.50830 26.95080 22.92330
30.07670 -9999 21.82420 56.46420 155.84399 380.56699 -9999 450.04099 280.87201 192.39301 196.11501 113.32400 105.92100 81.36080 74.10170 62.63750 34.48080 61.01170 132.32300 152.06599 170.68300 163.29601 146.32600 104.25100 77.29000 57.53500 38.72330 24.52580 25.81500 26.58580 20.35670 14.88000 4.12167 3.91833 4.13417 7.13083 13.84750 16.79250 24.72830 33.52670 42.27170 47.80170 53.02250 55.42500 79.91170 76.58580 87.04170 78.66170 68.13420 65.38000 65.14330 64.43580 66.01750 62.27420 45.37920 42.66170 36.06670 36.91670 41.54920 42.51830 41.10580 37.54000 35.66920 33.97750 31.54420 31.64330 31.25330 30.47670 28.45920 28.03000 25.79580
