data/hydroclimate-scenarios/BCSD_hadcm_A1B/monthly_summaries/precip_monthly_tot_dec.2030-2059.asc
ncols	311
nrows	91
xllcenter	102.75
yllcenter	31.75
cellsize	0.5
NODATA_value	-9999
[rows 0 to 31 of 91, columns 72 to 143 of 311]
-9999 -9999 -9999 -9999 -9999 -9999 -9999 -9999 -9999 -9999 -9999 -9999 -9999 -9999 -9999 -9999 -9999 -9999 -9999 -9999 -9999 -9999 -9999 -9999 -9999 -9999 -9999 -9999 -9999 -9999 -9999 -9999 -9999 -9999 -9999 -9999 -9999 -9999 -9999 -9999 -9999 -9999 -9999 -9999 -9999 -9999 -9999 -9999 -9999 -9999 -9999 -9999 -9999 -9999 -9999 -9999 -9999 -9999 -9999 -9999 -9999 -9999 -9999 -9999 -9999 -9999 -9999 -9999 -9999 -9999 -9999 -9999
-9999 -9999 -9999 -9999 -9999 -9999 -9999 -9999 -9999 -9999 -9999 -9999 -9999 -9999 -9999 -9999 -9999 -9999 -9999 -9999 -9999 -9999 -9999 -9999 -9999 -9999 -9999 -9999 -9999 -9999 -9999 -9999 -9999 -9999 -9999 -9999 -9999 -9999 -9999 -9999 -9999 -9999 -9999 -9999 -9999 -9999 -9999 -9999 -9999 -9999 -9999 -9999 -9999 -9999 -9999 -9999 -9999 -9999 -9999 -9999 -9999 -9999 -9999 -9999 -9999 -9999 -9999 -9999 -9999 -9999 -9999 -9999
-9999 -9999 -9999 -9999 -9999 -9999 -9999 -9999 -9999 -9999 -9999 -9999 -9999 -9999 -9999 -9999 -9999 -9999 -9999 -9999 -9999 -9999 -9999 -9999 -9999 -9999 -9999 -9999 -9999 -9999 -9999 -9999 -9999 -9999 -9999 -9999 -9999 -9999 -9999 -9999 -9999 -9999 -9999 -9999 -9999 -9999 -9999 -9999 -9999 -9999 -9999 -9999 -9999 -9999 -9999 -9999 -9999 -9999 -9999 -9999 -9999 -9999 -9999 -9999 -9999 -9999 -9999 -9999 -9999 -9999 -9999 -9999
-9999 -9999 -9999 -9999 -9999 -9999 -9999 -9999 -9999 -9999 -9999 -9999 -9999 -9999 -9999 -9999 -9999 -9999 -9999 -9999 -9999 -9999 -9999 -9999 -9999 -9999 -9999 -9999 -9999 -9999 -9999 -9999 -9999 -9999 -9999 -9999 -9999 -9999 -9999 -9999 -9999 -9999 -9999 -9999 -9999 -9999 -9999 -9999 -9999 -9999 -9999 -9999 -9999 -9999 -9999 -9999 -9999 -9999 -9999 -9999 -9999 -9999 -9999 -9999 -9999 -9999 -9999 -9999 -9999 -9999 -9999 -9999
-9999 -9999 -9999 -9999 -9999 -9999 -9999 -9999 -9999 -9999 -9999 -9999 -9999 -9999 -9999 -9999 -9999 -9999 -9999 -9999 -9999 -9999 -9999 -9999 -9999 -9999 -9999 -9999 -9999 -9999 -9999 -9999 -9999 -9999 -9999 -9999 -9999 -9999 -9999 -9999 -9999 -9999 -9999 -9999 -9999 -9999 -9999 -9999 -9999 -9999 -9999 -9999 -9999 -9999 -9999 -9999 -9999 -9999 -9999 -9999 -9999 -9999 -9999 -9999 -9999 -9999 -9999 -9999 -9999 -9999 -9999 -9999
-9999 -9999 -9999 -9999 -9999 -9999 -9999 -9999 -9999 -9999 -9999 -9999 -9999 -9999 -9999 -9999 -9999 -9999 -9999 -9999 -9999 -9999 -9999 -9999 -9999 -9999 -9999 -9999 -9999 -9999 -9999 -9999 -9999 -9999 -9999 -9999 -9999 -9999 -9999 -9999 -9999 -9999 -9999 -9999 -9999 -9999 -9999 -9999 -9999 -9999 -9999 -9999 -9999 -9999 -9999 -9999 -9999 -9999 -9999 -9999 -9999 -9999 -9999 -9999 -9999 -9999 -9999 -9999 -9999 -9999 -9999 -9999
-9999 -9999 -9999 -9999 -9999 -9999 -9999 -9999 -9999 -9999 -9999 -9999 -9999 -9999 -9999 -9999 -9999 -9999 -9999 -9999 -9999 -9999 -9999 -9999 -9999 -9999 -9999 -9999 -9999 -9999 -9999 -9999 -9999 -9999 -9999 -9999 -9999 -9999 -9999 -9999 -9999 -9999 -9999 -9999 -9999 -9999 -9999 -9999 -9999 -9999 -9999 -9999 -9999 -9999 -9999 -9999 -9999 -9999 -9999 -9999 -9999 -9999 -9999 -9999 -9999 -9999 -9999 -9999 -9999 -9999 -9999 -9999
-9999 -9999 -9999 -9999 -9999 -9999 -9999 -9999 -9999 -9999 -9999 -9999 -9999 -9999 -9999 -9999 -9999 -9999 -9999 -9999 -9999 -9999 -9999 -9999 -9999 -9999 -9999 -9999 -9999 -9999 -9999 -9999 -9999 -9999 -9999 -9999 -9999 -9999 -9999 -9999 -9999 -9999 -9999 -9999 -9999 -9999 -9999 -9999 -9999 -9999 -9999 -9999 -9999 -9999 -9999 -9999 -9999 -9999 -9999 -9999 -9999 -9999 -9999 -9999 -9999 -9999 -9999 -9999 -9999 -9999 -9999 -9999
-9999 -9999 -9999 -9999 -9999 13.61330 -9999 -9999 -9999 -9999 -9999 -9999 -9999 -9999 -9999 -9999 -9999 -9999 -9999 -9999 -9999 -9999 -9999 -9999 -9999 -9999 -9999 -9999 -9999 -9999 -9999 -9999 -9999 -9999 -9999 -9999 -9999 -9999 -9999 -9999 -9999 -9999 -9999 -9999 -9999 -9999 -9999 -9999 -9999 -9999 -9999 -9999 -9999 -9999 -9999 -9999 -9999 -9999 -9999 -9999 -9999 -9999 -9999 -9999 -9999 -9999 -9999 -9999 -9999 -9999 -9999 -9999
-9999 19.32250 12.97920 13.19420 13.38830 13.23580 15.92670 16.08080 18.97920 19.36420 19.45670 22.41920 22.49000 23.04500 23.06250 23.42420 23.45500 23.59080 23.79080 23.58330 24.20580 -9999 -9999 -9999 -9999 -9999 -9999 -9999 -9999 -9999 -9999 -9999 -9999 -9999 -9999 -9999 -9999 -9999 -9999 -9999 -9999 -9999 -9999 -9999 -9999 -9999 -9999 -9999 -9999 -9999 -9999 -9999 -9999 -9999 -9999 -9999 -9999 -9999 -9999 -9999 -9999 -9999 -9999 -9999 -9999 -9999 -9999 -9999 -9999 -9999 -9999 -9999
-9999 -9999 -9999 12.89330 15.33250 15.61920 15.81170 18.36080 18.92080 18.93080 21.66170 21.95580 21.91670 24.98920 25.25670 25.52830 25.69920 25.77330 25.80830 25.83670 25.35750 -9999 -9999 -9999 -9999 -9999 -9999 -9999 -9999 -9999 -9999 -9999 -9999 -9999 -9999 -9999 -9999 -9999 -9999 -9999 -9999 -9999 -9999 -9999 -9999 -9999 -9999 -9999 -9999 -9999 -9999 -9999 -9999 -9999 -9999 -9999 -9999 -9999 -9999 -9999 -9999 -9999 -9999 -9999 -9999 -9999 -9999 -9999 -9999 -9999 -9999 -9999
14.07500 14.53830 14.51500 14.74080 15.23500 15.55330 17.64670 18.36080 18.51000 21.49080 21.55670 21.74750 24.90080 24.50670 24.74250 24.95330 27.56500 27.12580 27.03000 26.93500 27.04500 24.25830 24.12420 23.86250 23.51250 23.11580 22.91920 -9999 -9999 -9999 -9999 -9999 -9999 -9999 -9999 -9999 -9999 -9999 -9999 -9999 -9999 -9999 -9999 -9999 -9999 -9999 -9999 -9999 -9999 -9999 -9999 -9999 -9999 -9999 -9999 -9999 -9999 -9999 -9999 -9999 -9999 -9999 -9999 -9999 -9999 -9999 -9999 -9999 -9999 -9999 -9999 -9999
13.85250 14.11670 14.15000 14.33170 14.71670 16.92420 17.32420 18.33330 20.35420 21.12250 21.18330 24.24500 23.56580 23.96580 26.78830 26.54580 26.56080 26.70080 26.29920 26.41330 26.18000 25.79920 25.88080 25.28000 25.04080 24.35920 21.79580 20.82750 20.08330 19.87670 19.16330 18.71080 18.66000 16.28750 15.93420 15.58670 15.29670 13.36000 13.48580 13.99170 14.45920 14.77000 -9999 -9999 -9999 -9999 -9999 -9999 -9999 -9999 -9999 -9999 -9999 -9999 -9999 -9999 -9999 -9999 -9999 -9999 -9999 -9999 -9999 -9999 -9999 -9999 -9999 -9999 -9999 -9999 -9999 -9999
13.08080 13.25080 13.38170 13.32670 13.84750 15.87330 16.17920 16.38750 19.31250 20.15330 22.46000 23.00830 25.53080 25.78170 26.13250 26.01580 28.22580 27.92670 27.79580 27.59420 25.10420 24.87920 24.59080 23.99670 23.60080 23.20920 23.00420 22.32000 21.82420 21.15830 20.85250 18.69170 18.36580 17.95920 17.41170 17.21580 16.71000 14.92670 14.71500 15.25580 15.79000 16.30420 16.66750 -9999 -9999 -9999 -9999 -9999 -9999 -9999 -9999 -9999 -9999 -9999 -9999 -9999 -9999 -9999 -9999 -9999 -9999 -9999 -9999 -9999 -9999 -9999 -9999 -9999 -9999 -9999 -9999 -9999
10.82670 10.85000 9.30167 11.14330 11.34670 13.45330 13.73500 14.10580 16.73080 19.59000 20.10500 22.74080 25.38080 25.73580 27.96080 28.28580 27.75670 27.34420 26.90750 26.99580 26.79000 26.18080 26.01830 25.43500 22.71420 24.67920 24.30580 23.32580 20.73170 20.60750 20.33330 20.01830 19.59580 19.04330 18.50080 16.61000 16.47580 16.01330 16.09670 16.66670 17.38750 17.73170 18.49580 -9999 -9999 -9999 -9999 -9999 -9999 -9999 -9999 -9999 -9999 -9999 -9999 -9999 -9999 -9999 24.75170 25.02170 -9999 -9999 -9999 -9999 24.54000 22.61080 22.53250 22.55670 27.02580 27.68080 30.27330 31.19670
10.23500 10.65330 8.94000 10.70500 12.83250 13.23000 13.27080 15.91420 16.49250 19.31000 22.18420 23.40000 25.63250 25.86250 28.25830 27.82000 27.75330 27.29420 29.42580 26.45580 26.04750 25.74250 27.58920 26.82080 26.11750 25.73000 25.28920 24.81500 22.47580 22.12250 21.80750 21.27000 20.99420 20.48330 20.11670 18.09580 17.75250 17.45580 17.55500 18.03000 18.38330 18.86830 19.62170 20.14920 20.57830 21.31750 21.19500 19.29420 19.40830 19.20830 19.05750 18.83920 20.79330 20.48500 20.42080 22.98000 24.88750 25.19170 25.16920 25.49580 -9999 -9999 -9999 -9999 -9999 27.12830 25.64750 25.49750 26.04500 28.65670 29.19080 31.72670
10.00580 10.14420 8.99333 10.66170 12.75500 13.06250 15.30500 15.49170 17.64250 20.77000 21.34580 23.98750 26.71830 27.80420 27.70330 30.24250 29.62830 29.50500 28.20250 27.72080 27.10330 26.79670 26.42670 25.99330 25.55000 25.12330 24.94750 24.48920 24.08000 23.55830 22.82580 22.41580 21.97920 21.84000 19.59670 19.43920 19.12580 19.03330 18.93420 19.34580 19.81330 20.50580 21.04750 21.52750 21.70080 22.30670 22.39250 20.50000 20.11580 22.01500 21.82080 21.64080 19.60420 19.44670 21.24920 20.77330 20.74330 20.52330 24.02000 26.09170 26.62750 26.18330 27.94670 28.47580 28.32920 27.88920 29.81920 28.53750 29.00420 29.69750 32.25170 32.44250
4.74000 11.59080 8.32500 8.60917 10.55500 12.67420 12.84000 17.23420 19.71250 20.35000 22.76080 23.41750 26.66420 29.06170 28.78500 28.90920 28.77000 28.71500 27.91920 26.81000 26.33330 26.25830 28.13920 27.32920 26.81580 26.45920 26.18580 25.56750 25.22420 24.78920 24.15330 24.06420 23.49670 23.15170 21.28330 20.75920 20.46580 20.33080 20.18080 20.21000 20.65670 21.20330 21.73920 22.28250 22.42580 23.00500 23.31420 23.33330 22.97170 23.07080 24.09670 22.09670 23.99500 21.90750 21.93330 21.55580 21.52500 23.22750 23.15420 23.27500 25.35920 27.24500 28.46250 28.23250 30.48000 30.37000 29.98500 29.91170 30.88670 31.11920 31.43420 33.16250
4.65417 8.14583 11.66080 10.15080 12.55330 14.23830 12.88250 15.16830 17.32580 19.87670 21.40080 23.45750 25.95080 26.13830 28.75580 29.11580 27.82670 27.36830 24.91670 24.36250 26.33000 26.09000 27.72830 27.09920 26.80330 28.18330 27.89920 27.36000 26.94250 26.44420 25.86250 25.25920 24.97750 22.78420 21.69500 21.27830 21.18500 19.28500 19.25830 19.67080 20.11330 20.33500 20.66330 20.76330 21.12580 23.47000 23.44250 25.32750 23.44000 23.08670 22.73500 22.89250 24.18330 24.20250 23.89000 25.39830 24.06670 23.61170 23.82580 23.77170 22.53250 22.13500 27.12750 28.92330 30.45500 30.08500 30.86170 30.87750 30.88080 31.13750 33.73830 33.41750
5.74750 5.91917 6.08750 9.71000 11.42080 13.11250 11.99920 12.18580 14.52670 13.04830 15.37420 17.38250 22.05500 24.30580 27.05500 27.54170 27.33830 26.85250 26.43580 26.26170 25.96250 27.30250 27.20580 28.54750 28.29080 27.79670 27.42080 28.99250 27.75000 27.08420 26.49330 24.25830 23.92080 23.60170 21.67330 21.22920 21.20250 20.76580 19.30420 19.22580 21.03330 21.13170 21.24080 21.36420 21.55670 22.34920 23.94250 25.82670 23.89750 23.80000 25.04250 25.06500 26.72330 24.99000 24.65750 24.35500 22.89420 24.36420 26.15920 26.24500 26.51000 25.89330 27.51500 25.34500 30.78250 29.44080 31.00420 31.20830 32.64920 33.04170 36.70330 37.02920
7.33917 6.03583 6.16333 4.65083 9.35083 11.10830 11.27080 13.21500 13.43080 13.73170 12.20670 11.42330 11.69000 17.94670 22.20000 24.89420 26.96670 26.87580 28.76830 27.99330 27.66580 28.93580 28.84670 27.87170 29.01420 28.89330 28.35580 28.12170 27.57000 26.76500 26.23920 26.11750 24.10670 25.35500 23.54000 21.44250 21.11250 20.86830 20.83250 20.64920 20.65920 22.41000 22.30420 22.38500 22.92170 23.42330 24.86830 24.80920 26.33830 26.13670 27.50330 27.54330 27.68500 27.49500 27.09670 27.03170 25.34080 26.77330 25.27830 26.95080 26.91330 27.76330 30.73830 30.21670 30.91500 30.69500 32.40580 32.11670 32.44250 34.30420 37.95580 38.28670
5.59833 4.41583 4.50167 6.03167 6.13083 6.37917 8.11583 10.15170 13.96830 15.91830 16.04920 14.69000 14.99170 13.64420 15.32920 15.72750 17.71330 21.68500 23.68170 25.49420 26.88080 28.34920 28.34750 30.21500 29.82580 31.47000 31.07170 30.45830 27.73830 28.43500 24.43250 24.32170 23.90250 23.65080 23.30920 23.14250 21.47000 22.63500 22.31670 22.38670 22.37920 23.96670 22.18000 22.46000 22.62330 22.80420 24.26830 25.75330 25.68000 25.38170 26.90000 27.28750 27.31500 28.64750 28.24420 26.78750 28.19330 29.20830 27.71330 28.87170 29.00750 31.08920 32.36420 32.88500 32.25920 30.68750 30.42080 31.90080 33.98750 35.91750 37.82170 40.19500
5.96917 4.52000 6.38083 4.67250 4.93000 6.40917 8.46250 8.60917 12.39670 12.43580 14.30000 14.47580 16.84580 18.65080 19.25920 19.92000 17.69080 17.60670 19.60830 21.37750 22.99830 26.54000 28.63750 30.31170 32.19830 31.83000 30.73000 30.12420 29.15580 28.17500 25.81080 24.06670 25.07330 23.42670 24.54670 24.30330 22.56750 21.28500 22.56250 24.04580 23.96670 24.02420 23.85170 22.40250 22.21170 22.47080 23.60580 25.48420 25.05670 25.02920 26.52250 26.20750 26.51170 27.90080 28.84000 30.01500 29.53500 30.80500 32.19420 33.36420 34.35000 33.95000 34.82670 32.67500 33.98250 33.77250 33.52920 33.67170 34.14670 37.55670 39.50500 40.21670
7.87917 7.85000 8.32000 6.57917 6.47750 6.65583 6.86583 8.73000 10.58580 14.17170 10.66580 12.78500 14.92670 13.09170 13.33170 13.70920 23.27330 19.63250 15.41420 17.18750 19.11500 22.59750 29.90920 31.52920 33.23420 32.69580 31.85670 30.97830 29.95580 27.63830 26.81330 26.76330 26.58580 26.57830 26.30830 24.55500 24.44670 22.86250 22.96080 22.89830 24.08580 23.90080 23.68080 25.20750 24.71750 25.13420 25.02420 25.35670 26.54000 26.67580 27.49250 29.14670 31.08170 32.00000 31.77670 32.73080 32.19500 34.73250 34.69170 35.87580 37.64420 35.66920 34.78250 36.58670 36.10250 34.89500 35.26000 35.08500 36.40000 37.40250 39.99420 42.51500
8.10750 8.47000 10.14080 8.59667 10.25830 10.32750 10.60500 10.77920 10.53750 12.27670 12.37420 14.48830 14.54000 14.80920 15.28170 13.13420 15.34250 19.05920 20.83580 20.39580 20.22830 23.61080 25.19500 28.32170 31.49000 32.98830 31.67420 31.39920 30.62080 28.48000 28.05330 29.24750 27.58250 25.97080 25.89750 25.68920 25.82580 24.42250 23.96830 22.42420 22.45580 21.87920 23.50330 26.69000 26.35170 26.02500 26.09080 27.60000 27.61670 27.67500 30.67750 32.21420 32.68750 34.39500 35.47670 35.01250 36.41670 34.61750 37.43750 37.28000 38.25420 38.98830 39.27000 38.20250 37.51170 36.22080 35.40250 34.64500 35.37830 38.11000 42.19830 44.77420
8.30583 8.53583 8.67333 10.36670 10.20420 12.07000 12.28080 12.20580 13.92580 12.01080 11.91000 14.08080 15.98330 16.11330 16.63750 17.09920 16.96920 16.97170 18.71670 20.27080 23.49920 24.60000 25.94170 25.35250 28.61830 31.29170 30.19920 29.55670 28.81420 28.39750 28.27330 29.82920 28.32080 26.89920 25.09420 25.29080 23.66920 25.24580 23.70750 22.28000 23.30330 23.43830 23.32420 23.39000 26.55830 25.95000 27.50580 28.78920 30.13420 30.14250 32.83750 35.93080 36.31920 37.62250 38.90750 38.88080 39.19580 39.30000 38.79000 40.11750 41.46500 40.71330 41.11500 39.94420 39.37670 37.92830 36.69250 35.65420 37.65750 40.18920 43.46250 47.37750
8.46667 8.70000 8.63250 10.40580 10.35500 12.29500 12.25080 13.69750 13.65420 13.63000 13.51330 12.38670 14.16830 18.31080 20.18000 18.91830 18.79830 16.41170 18.23920 19.59500 20.87580 22.23080 25.07330 25.98080 27.51080 28.29920 28.97250 31.48250 29.28750 30.44250 28.53830 28.88170 26.07580 24.85250 26.07830 24.82920 23.46000 23.37170 24.85250 23.36750 23.11750 23.23330 24.61170 26.32330 26.14500 27.73580 29.53420 30.79170 32.15330 33.65580 34.86500 36.57920 37.99000 38.59580 40.41830 42.03920 43.91830 45.63750 46.73830 45.74670 45.27500 43.73830 43.59330 42.87250 42.07330 40.58750 38.79250 39.53250 38.61250 42.43000 46.17330 48.75830
10.27250 8.56583 8.63083 8.85583 12.28170 12.35580 14.15920 14.17420 15.84080 17.30170 17.52080 17.47170 15.98580 18.03750 18.11170 20.20750 19.91250 21.37920 20.83000 19.17000 22.03250 23.19250 24.05170 26.64830 26.35330 25.73500 28.21000 30.56080 31.27080 28.06000 29.22920 28.16500 26.83080 24.45330 25.76830 24.68920 24.67080 23.28080 25.12420 24.67830 24.30500 26.07920 26.06920 27.77500 27.81830 30.75750 32.46080 33.14080 34.70580 38.25000 38.99080 43.28420 46.31670 48.92500 51.08670 52.65250 51.98830 52.84920 51.06330 51.40500 48.40080 48.34670 45.82920 43.28580 43.77750 43.48000 41.79750 42.43000 44.50580 46.95500 50.27080 55.67830
12.03670 10.49580 10.70580 10.62500 10.67330 10.72500 14.45920 14.51420 16.28080 17.89750 17.79420 17.62580 18.04830 18.10250 19.54250 21.79250 23.02750 22.41920 22.14580 23.61420 22.98750 22.39250 24.94170 28.36750 29.26000 28.60750 30.99670 34.55330 32.43500 32.01670 30.60080 29.27920 28.18420 26.77920 25.40170 25.94330 25.89830 24.83170 25.65420 26.85420 27.80420 27.74080 29.13000 30.88420 33.00750 36.34750 38.36670 40.04750 43.06420 46.06420 49.06500 53.30000 55.33170 60.02330 63.35750 64.94670 64.26670 61.36000 58.40580 56.41170 53.82500 50.27250 47.34250 46.08000 44.88080 46.02580 49.84580 49.14420 51.08330 52.54330 56.29750 60.34920
14.10330 12.37750 14.36000 13.03170 12.78920 11.20670 13.10420 15.12000 15.05580 16.69420 16.45000 18.52830 18.46580 20.22670 21.84500 23.61750 22.86580 23.91580 25.31250 25.73330 25.32080 23.10170 25.73330 28.43080 29.97920 27.49580 29.91500 30.78420 30.16920 32.72420 32.63920 31.41670 29.89000 28.69420 27.32420 28.04000 30.04750 28.06170 28.35170 29.76420 31.88920 31.68250 32.73170 35.30330 36.86170 38.92750 40.88420 42.18330 45.25420 -9999 -9999 56.55670 61.46670 66.07920 66.46580 67.39830 66.98420 63.82670 60.85420 58.29170 54.29080 52.56330 49.36080 49.44000 46.75920 45.76080 50.56080 55.30000 56.94830 60.16500 64.02920 65.50330
15.91580 16.26250 14.49080 16.93080 17.56920 15.40500 17.39420 17.85830 17.90000 17.37330 19.35750 21.04000 20.94750 23.03750 24.16920 23.68830 24.65830 27.45750 25.00170 28.29330 29.65750 28.95420 28.40330 26.29580 27.73670 29.15330 29.78750 30.28670 32.75500 32.48580 36.81000 34.76830 33.35250 32.74830 31.54750 31.41170 32.99170 36.31420 -9999 -9999 -9999 -9999 37.22250 -9999 36.83670 37.16170 41.47670 44.43580 49.37670 -9999 -9999 56.45080 59.92500 60.96420 62.53830 63.54250 61.75080 60.17750 57.67330 57.37000 55.47500 54.33500 52.80920 53.05500 48.91170 48.23670 54.84420 58.87330 60.65420 66.79420 71.06420 -9999
18.18170 19.45580 19.25250 19.30920 21.47420 19.75250 22.22000 24.40670 23.97750 23.90920 25.53500 25.60420 25.32420 27.19750 30.87250 28.52330 32.59750 32.36250 31.42500 31.60580 32.76670 32.72080 32.16580 32.03830 32.66000 30.45420 31.36670 31.68420 34.24920 37.14920 38.44330 38.85000 38.61080 37.03830 39.05500 38.85420 -9999 -9999 -9999 -9999 -9999 -9999 -9999 40.22670 40.38420 42.26670 -9999 -9999 -9999 -9999 -9999 57.53580 58.77500 57.42750 58.88670 57.40170 57.59250 57.71670 58.01330 57.90830 57.70250 56.84580 55.82080 56.08750 56.44750 61.38750 60.22580 63.19750 68.49670 -9999 -9999 -9999
