data/hydroclimate-scenarios/BCSD_hadcm_A1B/monthly_summaries/rh_monthly_avg_dec.2070-2099.asc
ncols	311
nrows	91
xllcenter	102.75
yllcenter	31.75
cellsize	0.5
NODATA_value	-9999
[rows 32 to 63 of 91, columns 0 to 70 of 311]
-9999 -9999 -9999 -9999 -9999 -9999 -9999 -9999 -9999 -9999 -9999 59.68140 60.05550 60.43470 60.87980 60.90080 61.35960 61.49900 61.92460 62.57540 62.76020 63.25390 64.48650 64.57910 64.78110 64.58020 63.96970 65.12580 64.98340 65.21570 64.93870 64.48200 65.53130 66.45190 66.75150 68.37040 68.66320 68.90190 68.79950 68.74280 69.01860 69.04480 69.38080 69.30270 68.89850 68.69520 68.88120 68.62920 68.41330 68.35490 68.07980 68.72080 68.53840 68.34940 68.19910 67.75170 67.55170 67.43300 67.75520 67.61690 67.92300 67.56710 68.28990 68.71440 69.38910 70.10890 69.96060 70.02870 69.30810 68.97080 69.66310
-9999 -9999 -9999 -9999 -9999 -9999 -9999 -9999 -9999 -9999 -9999 59.79400 59.85820 60.51810 60.60180 61.01990 61.47680 61.92780 62.42600 62.45380 63.28110 63.74130 64.87280 64.63420 64.57850 64.22480 63.65100 64.86680 64.85770 65.17090 65.45790 64.39330 65.11600 66.09240 67.15830 68.42420 68.69640 68.58260 68.45320 67.99340 68.71900 68.27000 69.02910 69.08900 68.71070 68.90680 68.73780 68.39440 68.08360 68.03890 67.81460 68.91530 68.67900 68.55250 68.83520 67.64050 67.49270 67.24360 67.46290 67.77940 67.37060 68.28240 68.42490 68.87760 69.11350 69.78750 70.03730 69.89350 69.64970 69.36300 70.35840
-9999 -9999 -9999 -9999 -9999 -9999 -9999 -9999 -9999 -9999 -9999 -9999 61.18240 61.52580 62.04780 62.06810 62.77360 62.97690 63.47370 63.50600 64.03090 64.69560 65.21220 65.33510 64.99780 63.80720 63.65210 63.44230 64.19490 64.54800 64.64510 65.66540 66.10510 66.78260 67.44990 67.82940 68.37160 68.66880 68.60390 68.91320 68.86100 69.25810 69.56020 70.05780 70.70120 70.26010 70.42260 69.29810 68.93210 68.28220 68.43650 68.91180 68.68150 68.96630 68.47000 68.34110 68.28250 68.46820 68.33120 68.36730 68.68140 69.60250 68.93690 69.43940 69.70910 70.34380 70.94720 70.93830 69.80920 69.67250 71.53610
-9999 -9999 -9999 -9999 -9999 -9999 -9999 -9999 -9999 -9999 -9999 -9999 61.25730 61.70390 62.15260 62.47620 63.29450 63.37410 63.88810 63.84950 64.25850 64.19340 64.43610 64.49840 63.70870 64.30280 63.84790 63.14980 63.64590 63.17980 63.25480 63.91830 65.28210 65.97010 66.76010 67.04800 67.40870 67.74940 68.29130 68.28310 68.62130 68.85470 69.57790 70.64570 70.93710 71.20960 70.98020 69.41750 69.14880 68.35930 67.75720 68.95580 68.46220 68.72900 68.64380 68.56470 68.17050 68.36670 68.27590 68.21270 68.46610 67.97960 68.25910 68.46240 69.48370 70.17450 70.33310 70.42610 70.51890 70.74030 71.16720
-9999 -9999 -9999 -9999 -9999 -9999 -9999 -9999 -9999 -9999 -9999 -9999 61.58250 62.21740 62.59060 63.04210 63.54460 63.78330 63.75420 63.86370 64.18400 64.23240 64.87300 64.96370 64.65500 64.17280 63.75220 64.23490 63.09800 63.02610 63.03830 64.00830 64.01750 64.31210 65.61170 66.09050 66.79910 67.16970 67.73620 67.74150 67.91350 68.04510 69.47780 70.37640 70.92090 71.29860 70.71970 69.01200 68.39150 68.54540 67.93980 68.77890 68.69300 68.54250 68.49030 68.18300 68.09210 67.91230 67.74100 67.59320 67.16630 67.46160 67.58570 68.97390 69.09240 69.27300 69.84810 70.37510 70.39010 71.34390 71.87440
-9999 -9999 -9999 59.01710 59.23590 59.09080 59.43820 59.74510 59.88240 -9999 60.40480 61.61900 62.15080 62.67620 63.03370 63.13800 63.49510 63.90980 63.44210 63.53230 64.59340 65.14700 65.68720 66.18760 65.61030 64.93540 64.20000 62.95220 62.63610 60.47340 61.47750 62.81740 62.14540 61.52450 63.29690 64.12230 64.52930 65.27400 66.03990 67.15010 67.78220 67.88810 68.97650 70.08960 70.69770 70.28740 69.69050 68.71300 68.41110 67.78600 66.79200 67.67450 67.12020 66.16210 66.54400 65.35420 65.12870 66.86950 65.95890 67.04060 67.17950 67.17910 67.50890 68.12750 68.71730 69.26170 69.35310 69.82600 70.74620 70.93920 71.72740
-9999 -9999 -9999 60.83410 60.77470 60.80970 60.69440 61.12380 61.75560 61.82840 62.22670 62.76970 62.49090 62.54900 62.47310 62.37790 62.27070 62.85160 63.09090 63.73530 64.55530 64.64060 66.69460 67.23800 65.61570 65.10650 63.63360 62.41530 60.86760 59.16070 59.71740 59.67840 59.52800 59.71000 60.93690 61.22560 62.30770 62.20680 64.29620 64.52800 65.17360 67.05220 68.43060 68.91830 69.12550 68.93240 68.57340 68.69480 67.25140 66.25160 65.28710 66.00410 65.39420 65.08410 65.97800 65.46880 66.25470 66.14270 65.49440 65.49060 66.25490 66.38230 66.79240 67.62050 67.77810 68.79560 69.26320 70.55310 70.76670 71.44180 71.15670
-9999 -9999 -9999 60.90640 61.06100 61.03280 61.30790 61.73830 62.12210 62.59340 62.60670 62.73450 62.34410 61.82010 60.98040 61.76820 61.62440 61.60820 62.91860 63.25840 63.68400 63.45380 64.89490 64.07100 62.42530 62.98960 62.18400 61.02600 60.31820 58.06460 56.34870 56.85550 58.25160 58.62980 58.67230 59.32260 60.53990 61.60190 62.46990 63.10740 63.86310 65.63230 67.33810 68.90800 70.18870 69.33490 69.01690 67.13990 66.55940 65.10100 64.10060 65.84980 65.29980 65.01020 65.39060 65.01210 65.78620 65.69160 65.18890 65.33440 65.91900 66.42790 66.91800 66.84870 67.45870 68.00850 68.87080 69.31340 68.98560 69.77640 70.25530
-9999 -9999 -9999 61.36920 61.72850 61.33390 61.75650 62.03750 62.31040 62.17550 62.83690 62.80140 61.80520 61.27600 60.84090 61.13500 60.72310 60.31200 60.96330 61.35940 61.27660 60.33010 59.60440 60.36340 60.91220 61.10810 61.03610 59.87730 57.42040 55.76960 55.84450 57.59290 56.76090 55.65040 55.86370 57.20870 58.96000 60.56650 60.83980 62.03890 62.71340 63.33590 64.12220 66.23460 69.10350 68.49290 67.01420 66.80920 64.72950 64.92490 63.45860 64.42660 64.26440 63.79430 64.27360 64.42780 64.81650 64.25420 64.15740 64.40610 63.55290 65.49660 66.00790 66.45290 66.90470 67.52770 68.05690 68.44580 68.07180 68.58880 71.66650
-9999 -9999 -9999 61.66360 61.96280 61.51570 61.78740 61.91860 61.83550 62.07500 62.95800 62.36830 61.34170 60.62840 59.48320 59.82540 59.38760 59.83530 60.94220 61.38700 60.37780 59.39720 59.03060 60.26180 60.79590 60.91590 60.90150 59.64110 57.56900 55.66860 55.15330 55.47530 54.82850 54.91900 56.07570 56.29090 57.08800 58.39360 59.59850 60.37230 60.62780 61.65090 62.61890 63.52130 65.62320 65.91890 65.83890 64.79310 64.29410 63.68860 63.09810 64.71890 63.79060 62.56060 63.81080 62.65610 64.04180 64.28110 64.12020 63.02360 63.51960 64.56210 65.04730 64.58780 64.77340 66.64810 66.90340 66.56750 67.44550 70.02280 72.72790
-9999 -9999 -9999 -9999 60.11700 59.77380 60.40980 61.19220 61.19970 62.01600 62.91760 62.90490 60.00750 61.12310 -9999 -9999 -9999 -9999 -9999 57.03570 56.92470 57.23690 56.58190 55.83560 56.78500 57.47410 59.00760 57.93880 56.35960 56.22980 55.45580 54.74180 54.37550 55.14890 56.22660 56.63330 56.62330 57.79040 58.18470 58.52610 59.29330 60.04970 60.61610 61.07260 62.76920 63.55290 63.75410 62.87990 63.32300 63.89590 63.22200 62.80710 63.46910 61.68220 61.82120 61.26880 61.33820 61.73710 62.07520 62.56920 62.48850 62.58960 63.47200 64.06150 64.23850 64.07790 65.64070 67.21610 69.03790 -9999 -9999
-9999 -9999 61.69580 60.59370 60.09150 60.38330 60.69660 61.11000 61.91760 62.35920 63.22900 62.59370 60.73200 -9999 -9999 -9999 -9999 -9999 55.45710 55.93080 55.32110 56.33970 56.44120 55.07230 55.78370 56.07440 57.90280 57.67210 57.02270 56.65510 55.93250 54.95170 54.81310 54.56680 55.00280 55.85080 55.54180 55.93570 56.60030 56.93760 56.97880 57.87240 58.19360 59.22130 60.90200 61.56120 62.11210 62.75530 63.42580 64.09940 63.49790 63.39600 62.81880 63.05780 62.12450 62.84360 62.32350 61.44910 61.72990 63.41980 63.37160 63.88720 63.97790 63.69990 64.28240 65.27570 66.14920 -9999 -9999 -9999 -9999
-9999 -9999 61.97350 60.83950 60.57920 60.74090 61.11000 61.63110 62.06330 62.90160 62.94110 62.30560 62.59530 -9999 -9999 -9999 -9999 58.15440 55.28470 55.59240 54.94400 54.47250 54.75310 54.90750 56.12200 57.06970 56.94120 56.44030 56.48280 56.48200 55.79850 54.40150 55.06440 54.79270 54.84530 54.86980 54.83040 55.02510 54.60400 54.33430 54.95570 55.06850 55.49260 56.70240 57.53040 58.98010 60.34980 61.17350 62.71030 62.50010 63.05800 63.32590 63.21300 63.18100 62.86460 63.85950 63.41080 62.35130 62.21090 63.71120 64.11680 63.25760 63.87570 64.90760 65.20220 -9999 -9999 -9999 -9999 -9999 69.25370
-9999 -9999 62.96850 61.49920 61.57850 61.44680 61.76830 63.00950 63.05900 63.18900 62.52290 62.59170 63.76020 -9999 -9999 -9999 -9999 56.30490 55.60140 54.88120 54.05970 53.90370 54.66790 54.99050 55.23290 56.12320 55.64720 56.00250 55.94740 55.91770 55.26440 54.73680 54.61090 53.97750 54.36770 53.69480 53.55480 53.39600 53.16410 53.32200 53.49970 53.98630 53.86780 54.11830 55.98820 56.75790 57.73880 58.90430 60.28730 61.17370 62.01830 61.89920 62.15950 61.78430 61.45490 63.18590 63.56690 62.64310 63.51680 64.17820 65.40510 65.79630 65.53370 64.43390 62.66380 62.27820 64.05440 63.43410 64.97180 -9999 -9999
-9999 -9999 -9999 62.95430 62.66960 62.45820 63.11640 63.47000 63.47030 62.89810 63.68930 63.43610 -9999 -9999 -9999 -9999 57.86990 56.12360 55.74670 55.02780 54.13560 54.33620 54.20300 54.01590 54.25210 54.49640 54.50830 54.59190 55.04060 53.35290 54.02460 54.34200 54.44880 53.89340 53.19010 53.74880 53.74580 53.66160 53.55320 53.35070 53.01680 52.89150 52.13680 53.31500 55.28440 56.40440 57.94400 59.22970 59.62360 60.22170 59.99310 60.58740 60.66400 60.39390 59.58350 60.17110 60.93440 60.94160 62.20860 63.27700 64.18610 63.85640 62.52360 59.96890 57.99350 60.70460 61.79850 61.82140 63.27470 68.59240 -9999
-9999 -9999 -9999 -9999 64.02810 63.45380 63.62380 63.86970 63.62380 64.57970 63.38810 -9999 -9999 -9999 -9999 59.57270 57.98870 57.02500 56.10980 55.01740 54.11020 54.13500 53.87730 52.88690 53.20640 54.01340 54.62190 54.82730 54.55470 54.34800 54.27600 55.29270 55.25420 54.17040 53.01700 53.30510 53.01300 52.98460 52.53510 52.55270 51.81700 51.74930 51.80140 52.77240 54.41900 55.63430 56.81580 58.30400 59.17210 59.70980 60.05990 60.36170 59.65010 59.44580 59.20730 60.11440 60.97470 60.73440 61.55320 63.11320 63.04530 62.04440 61.24340 61.08650 59.27520 59.64510 60.40170 60.27480 60.67550 62.25280 64.04210
-9999 -9999 -9999 -9999 -9999 -9999 64.20220 64.28780 62.97410 63.18730 64.90160 -9999 -9999 -9999 -9999 -9999 58.45160 56.99450 56.13470 54.07840 53.33800 54.68620 52.60790 52.45100 52.51660 53.67220 54.57260 54.71910 55.15050 55.34870 55.16290 55.52920 55.56000 54.02630 53.29090 53.33090 52.32120 51.55980 51.96530 50.98690 50.62440 49.78240 50.47390 51.33770 52.56300 54.86470 56.38840 57.65190 58.51420 59.16140 59.93150 59.57110 59.29870 58.57780 57.95200 58.53810 60.02360 60.75940 61.77360 61.69830 61.66100 61.01020 60.21650 59.16740 58.19370 58.36830 58.59980 59.00010 58.87940 60.51130 62.47100
-9999 -9999 -9999 -9999 -9999 -9999 -9999 -9999 -9999 -9999 -9999 -9999 -9999 -9999 -9999 -9999 -9999 -9999 -9999 53.89900 52.88900 53.39150 52.99880 52.28770 52.89310 53.47410 53.48940 55.04150 55.46670 55.25940 55.67000 55.91860 54.36650 53.98950 53.10890 52.71810 51.95460 51.00960 50.39490 49.45480 48.82770 49.32030 50.01300 50.75480 51.97740 53.61550 55.80950 57.34980 58.47760 59.26860 59.41420 59.77730 58.91090 58.32040 57.04070 57.73800 59.12110 60.51360 61.08050 61.00720 60.11480 60.40430 59.28500 59.01030 57.92560 58.51840 59.03390 58.66420 58.85400 59.60390 61.27960
-9999 -9999 -9999 -9999 -9999 -9999 -9999 -9999 -9999 -9999 -9999 -9999 -9999 -9999 -9999 -9999 -9999 -9999 54.55440 53.10870 52.89950 52.61930 52.96030 53.15160 53.31770 53.41670 53.79120 53.94990 54.21350 54.40740 54.88800 54.96780 54.39420 53.72110 53.31660 52.48120 51.38990 50.68040 49.03480 48.49490 48.25350 48.61460 48.98000 49.77470 51.18310 52.45560 55.00840 57.34370 58.96710 59.64420 60.16840 59.84590 59.35130 58.37360 57.30010 58.15620 58.93290 59.14820 59.31300 61.04490 61.31130 62.14030 61.27960 60.12220 58.96870 59.89430 59.80280 60.01050 60.24340 61.37210 62.65090
-9999 -9999 -9999 -9999 -9999 -9999 -9999 -9999 -9999 -9999 -9999 -9999 -9999 -9999 -9999 -9999 -9999 54.93450 53.85310 53.30230 52.78180 52.54010 52.93250 53.22290 53.37840 53.52250 53.57630 52.89100 52.63070 53.27510 53.95590 54.52060 54.33530 54.36470 53.82660 52.45230 50.65880 49.84270 48.78600 48.04830 47.85980 47.94690 48.24960 49.38180 50.79040 52.41330 54.46360 56.38950 58.77410 60.36070 60.90110 60.63090 59.66310 58.37730 57.90050 58.60750 58.98490 58.95590 59.25100 60.98140 62.46970 62.16550 60.26760 59.48980 61.08530 61.12020 61.04500 61.58180 62.10670 62.65720 62.57780
-9999 -9999 -9999 -9999 -9999 -9999 -9999 -9999 -9999 -9999 -9999 -9999 -9999 -9999 -9999 -9999 -9999 53.66530 53.10030 51.84650 51.98360 52.28460 52.59130 52.92690 54.27840 53.56300 53.61470 52.83500 52.70980 52.74460 53.57240 54.58050 55.03640 55.36080 54.07450 52.51630 51.09880 49.77700 48.04440 47.86430 47.79700 47.77410 48.12590 49.05040 50.41970 53.18320 55.12830 55.84160 58.49390 61.21770 61.66770 60.51240 59.27650 58.63340 58.17370 58.42900 57.94440 58.76040 60.27370 61.46060 61.89170 61.67780 61.66980 61.69310 60.59850 61.35170 62.26980 61.89970 63.29000 63.93630 64.67790
-9999 -9999 -9999 -9999 -9999 -9999 -9999 -9999 -9999 -9999 -9999 -9999 -9999 -9999 -9999 -9999 52.84340 51.72870 51.32970 51.05570 51.88060 52.98930 52.75940 53.55630 54.81990 54.05230 54.25620 54.03510 53.99510 53.38350 53.92200 55.15220 55.88240 55.97180 55.35530 54.23870 52.69100 51.27620 49.28280 49.09290 48.49950 47.87560 47.38290 48.59800 50.32300 53.16600 54.64840 55.41890 57.03460 60.89860 61.08290 59.62030 58.62870 58.28470 58.42340 58.72890 59.11040 59.69330 60.48970 60.90350 62.14530 62.51460 62.16630 61.52840 62.59970 63.29140 63.84570 64.32710 65.41300 65.58040 65.65770
-9999 -9999 -9999 -9999 -9999 -9999 -9999 -9999 -9999 -9999 -9999 -9999 -9999 54.03290 52.83100 51.74440 51.10210 49.92450 50.19480 50.48340 51.35300 51.94390 53.21820 53.59670 53.91920 54.77280 55.18350 54.86300 55.05190 55.69340 55.71530 55.79310 56.17360 56.30160 56.16190 55.45760 54.86630 53.82370 52.92950 51.57710 49.67720 47.76810 46.32940 48.25940 50.98720 52.97500 54.67660 55.71650 55.46680 55.32250 56.28150 56.90550 57.07030 58.16270 58.64740 59.02200 59.73700 60.52150 61.26460 62.55270 63.18240 63.83160 64.56170 65.31990 65.93570 67.27680 67.71690 66.98310 67.06220 66.74810 66.11660
-9999 -9999 -9999 -9999 -9999 -9999 -9999 -9999 -9999 -9999 -9999 -9999 53.75610 52.35870 51.35560 50.85310 50.21420 49.96010 49.88270 50.91600 51.36000 52.67490 54.01580 54.45060 54.31300 55.86940 56.07400 56.78380 57.11930 57.09580 57.03600 56.22830 56.18540 56.58550 57.11770 57.20560 56.80160 57.39200 56.89820 55.70430 52.07950 48.51570 45.74770 48.17810 51.77790 54.51260 55.54010 55.79500 54.26730 52.24220 53.62290 55.38570 55.97030 57.54660 58.40140 59.56810 60.21940 60.65790 61.38220 62.69820 63.30250 64.96770 66.05030 66.84350 68.03040 69.58310 69.07540 68.66390 68.12680 67.03540 66.09330
-9999 -9999 -9999 -9999 -9999 -9999 -9999 -9999 -9999 -9999 -9999 52.76650 52.02310 50.88220 50.48660 50.19520 50.31300 50.02660 50.53110 50.83190 51.60570 53.27980 53.80150 55.08410 54.99970 55.50150 55.98580 57.11470 58.60280 58.14630 56.82030 56.20430 56.07540 56.21660 57.15540 57.38050 57.80890 58.77760 61.13850 58.50070 54.19840 50.91750 49.20150 50.65840 53.41760 55.44540 56.51540 56.80190 55.94390 54.42820 54.21920 53.97810 55.16530 55.86530 57.35310 59.29460 60.80180 61.56270 63.09610 64.72880 65.11020 66.43790 67.69620 68.69150 70.40570 71.26100 70.38430 69.71030 68.41420 66.97660 66.06800
-9999 -9999 -9999 -9999 -9999 -9999 -9999 -9999 -9999 -9999 52.74140 51.65890 51.11830 50.05280 49.69970 49.04170 48.65930 48.97240 50.28510 50.68880 51.84920 53.28280 53.96700 54.89320 55.22590 55.85070 55.88360 57.50820 58.23370 57.01950 56.26320 55.40640 54.93100 55.49280 56.21950 56.55380 57.75170 59.09900 60.10020 58.58800 55.82690 53.95860 52.78380 53.25790 54.82230 56.69800 58.63200 58.65430 57.92030 57.02930 55.72340 54.36740 54.64000 55.52810 57.36490 59.36490 60.81800 62.03530 63.72200 65.11330 65.42320 66.35330 67.28960 69.12500 70.11050 71.21650 71.02370 69.76590 68.46730 66.98120 66.08430
-9999 -9999 -9999 -9999 -9999 -9999 -9999 -9999 -9999 51.79490 50.55270 50.69220 50.64380 49.72340 48.73190 47.79530 47.35120 48.42450 49.89540 51.01710 52.66200 53.84180 55.00840 54.87490 55.26030 56.51400 56.70740 56.66750 56.55830 56.03720 55.23820 53.78840 53.23500 53.58680 53.95220 55.09290 56.20960 58.28950 58.61440 58.22630 56.79780 55.77840 55.60680 55.74510 56.41770 58.10500 60.38930 60.80380 60.60150 59.35070 57.25050 55.50070 54.41090 54.49330 55.37460 60.05670 62.11960 63.76330 64.64040 65.12210 65.67660 66.29750 66.92430 67.87010 69.01920 69.10330 69.43880 68.27820 67.42690 67.10500 67.31370
-9999 -9999 -9999 -9999 -9999 -9999 -9999 -9999 -9999 -9999 48.72790 50.13470 50.30750 49.87750 48.70500 47.36020 46.49380 47.38220 49.57260 50.92750 52.43850 54.58010 55.22240 -9999 -9999 -9999 -9999 -9999 -9999 54.90270 53.72860 53.19840 52.36740 52.55250 52.90820 53.82550 55.16390 57.22600 57.20740 57.50610 56.91460 56.92300 57.16890 57.09020 57.62620 58.35190 59.66680 60.75490 61.18860 60.27990 58.22470 56.05040 54.59880 54.99860 55.74480 60.32900 61.88530 63.81460 64.72460 64.91540 64.91710 65.16960 66.18920 66.79300 66.71900 68.14720 67.63580 67.39800 66.03190 66.58070 66.72890
-9999 -9999 -9999 -9999 -9999 -9999 -9999 -9999 -9999 -9999 -9999 -9999 51.44160 50.10030 48.57510 47.48580 46.86590 47.79540 49.42240 -9999 -9999 -9999 -9999 -9999 -9999 -9999 -9999 -9999 -9999 -9999 -9999 -9999 -9999 52.38390 52.18930 53.30960 54.36450 56.49450 57.21290 56.44110 56.58320 56.94680 57.16000 56.49480 56.90250 58.28580 59.12560 60.23740 60.57580 59.75440 57.97660 55.86420 55.33240 56.11980 57.25720 60.18310 61.38020 62.89990 63.35560 63.82360 64.05500 64.49540 64.79100 65.56490 66.50180 66.94320 66.42500 66.83220 66.60450 67.84830 68.34790
-9999 -9999 -9999 -9999 -9999 -9999 -9999 -9999 -9999 -9999 -9999 -9999 -9999 -9999 -9999 -9999 -9999 -9999 -9999 -9999 -9999 -9999 -9999 -9999 -9999 -9999 -9999 -9999 -9999 -9999 -9999 -9999 -9999 -9999 52.07740 52.54510 53.79950 55.31920 56.59370 55.95150 56.07070 56.48660 56.48380 56.27540 56.65620 57.58060 58.61330 59.65290 59.55860 58.75500 57.47810 55.88120 55.64340 56.11580 57.38070 60.63890 61.56790 61.58220 61.95610 62.41390 63.49420 63.74390 64.51200 64.89720 66.08580 66.10380 66.13340 65.99480 66.09730 67.40880 69.25510
-9999 -9999 -9999 -9999 -9999 -9999 -9999 -9999 -9999 -9999 -9999 -9999 -9999 -9999 -9999 -9999 -9999 -9999 -9999 -9999 -9999 -9999 -9999 -9999 -9999 -9999 -9999 -9999 -9999 -9999 -9999 -9999 -9999 -9999 51.40510 52.63740 52.73490 54.01120 55.02340 56.55770 56.37530 56.36650 56.45180 56.75490 57.46010 57.58510 57.89820 58.69910 58.98160 57.38450 56.09210 55.88250 56.37970 56.14080 57.14840 59.56270 61.24630 62.55800 62.65620 63.71450 64.41150 64.21650 63.91060 64.70300 65.54320 64.91460 65.41000 65.67270 65.85100 67.85550 -9999
-9999 -9999 -9999 -9999 -9999 -9999 -9999 -9999 -9999 -9999 -9999 -9999 -9999 -9999 -9999 -9999 -9999 -9999 -9999 -9999 -9999 -9999 -9999 -9999 -9999 -9999 -9999 -9999 -9999 -9999 -9999 -9999 -9999 -9999 -9999 -9999 -9999 -9999 55.10310 55.71730 56.15750 56.32960 57.16040 56.90190 57.58470 57.47640 57.81540 58.19620 57.71400 56.18100 54.91860 54.71820 55.46090 55.56180 56.80940 59.27890 60.92410 62.79990 63.32000 64.50310 65.20000 65.12740 64.42860 64.64410 64.43830 64.95490 65.44680 65.99310 67.57430 -9999 -9999
