data/hydroclimate-scenarios/BCSD_hadcm_A1B/monthly_summaries/rh_monthly_avg_aug.2070-2099.asc
ncols	311
nrows	91
xllcenter	102.75
yllcenter	31.75
cellsize	0.5
NODATA_value	-9999
[rows 32 to 63 of 91, columns 0 to 70 of 311]
-9999 -9999 -9999 -9999 -9999 -9999 -9999 -9999 -9999 -9999 -9999 55.48650 55.86110 56.27280 56.68080 56.82020 57.29800 57.80400 58.24330 58.52640 58.83070 59.12510 59.32240 59.31140 59.16210 59.01930 58.79530 58.78660 58.69680 58.58520 58.54500 58.83810 58.63570 58.87750 58.78510 59.06900 59.84400 59.78630 60.18430 60.07370 60.70210 61.36220 61.28860 60.88760 60.81860 60.94740 61.04420 61.36450 61.44920 61.51490 61.37970 61.11290 60.82850 60.54690 60.32680 60.07870 59.93720 59.66240 59.54910 59.34750 59.16640 58.93200 58.79210 58.91960 59.39370 60.49310 60.64930 60.91420 60.94630 61.13780 61.79890
-9999 -9999 -9999 -9999 -9999 -9999 -9999 -9999 -9999 -9999 -9999 56.01880 56.25900 56.42950 56.78880 57.10290 57.36840 58.09060 58.45880 58.70100 58.92820 59.35080 59.52650 59.53020 59.44610 58.98930 58.86660 58.96700 58.71640 58.81730 58.78720 58.83050 58.75780 58.92860 58.97080 59.60280 60.02280 59.95220 60.21020 60.72770 61.10400 61.54990 62.18750 61.90200 61.80330 62.08330 61.98690 62.28810 62.29440 61.99850 61.97820 61.80570 61.49380 61.40930 60.91530 60.68620 60.31410 59.90740 59.97330 59.86860 59.70510 59.44490 59.50250 59.60390 60.02290 60.78860 61.46130 61.80210 61.79990 62.33850 62.84660
-9999 -9999 -9999 -9999 -9999 -9999 -9999 -9999 -9999 -9999 -9999 -9999 56.20330 56.47630 56.81930 57.24180 57.82120 58.08060 58.25780 58.93710 59.22660 59.74400 59.77380 59.77560 59.58410 59.10010 58.88170 58.50210 58.80120 58.42230 58.48350 58.66660 58.80010 59.00740 59.17300 59.68150 59.80180 60.34060 60.80880 60.92020 61.50470 61.92460 62.34150 63.15580 63.24330 63.42340 63.56600 63.39870 63.21830 62.91340 62.57320 62.56400 62.21730 61.97240 61.54200 61.34200 60.80960 60.77730 60.47290 60.60540 60.45130 60.26430 60.16020 60.21150 60.76240 61.34420 61.92090 62.40190 62.17010 62.65300 63.84160
-9999 -9999 -9999 -9999 -9999 -9999 -9999 -9999 -9999 -9999 -9999 -9999 56.83160 57.12090 57.49500 57.78830 58.36190 58.64900 58.85330 59.31090 59.86070 59.86720 59.55850 59.47840 59.24980 59.06800 58.85150 58.60980 58.67270 58.52760 58.61580 58.93720 59.10890 59.38180 59.61410 60.00630 60.52950 60.91840 61.07000 61.58210 61.97260 62.44410 63.08120 64.21170 64.48480 64.90340 65.12150 64.52630 64.08560 63.53690 63.22240 63.15010 62.79860 62.59750 62.23640 61.67090 61.42740 61.26000 61.23620 60.95960 60.83350 60.48960 60.69880 60.86920 61.37600 62.06620 62.20840 63.12870 63.39320 63.97060 64.46710
-9999 -9999 -9999 -9999 -9999 -9999 -9999 -9999 -9999 -9999 -9999 -9999 57.68390 57.74510 57.90710 58.04610 58.47550 59.14490 59.41700 59.92050 60.25000 60.20830 60.00910 59.83230 59.87530 59.27400 59.49720 59.33280 59.09600 59.01350 59.06240 59.30730 59.14960 59.68120 60.06820 60.72800 61.08460 61.34160 61.74080 62.23830 62.46080 62.98420 63.69960 64.90230 65.59820 66.05680 65.90480 65.15080 64.70860 64.65970 64.11130 63.79130 63.56460 63.25740 62.80100 62.60660 62.41280 61.72050 61.34220 61.33080 61.09890 60.93650 61.31820 61.74520 61.93140 62.56450 63.00110 63.92180 64.20790 64.98320 66.08440
-9999 -9999 -9999 57.97380 57.55470 57.33840 57.30480 57.55860 57.74610 -9999 58.04390 57.96130 58.08090 58.01860 58.26480 58.34430 58.69740 59.22910 59.26510 59.81840 60.03820 60.20200 60.54650 60.33080 60.12650 59.87640 59.90230 59.06680 59.11780 58.41400 59.00440 59.41220 59.18630 59.04870 60.08460 60.85450 61.04420 61.41960 62.09750 62.47740 63.08450 63.30100 64.07000 65.25200 65.63120 65.84550 65.47370 65.42440 65.17470 64.70850 64.25200 63.70510 63.31070 62.57040 62.40660 61.67820 61.26200 61.62800 61.05590 61.20900 61.51290 61.70320 61.86630 62.12890 62.80460 63.25200 63.73930 64.51240 65.27200 66.22120 66.97500
-9999 -9999 -9999 58.25050 58.16970 58.01580 57.95100 58.00060 57.93920 58.10480 58.35040 58.62630 58.35920 58.25890 58.42620 58.68940 58.70420 58.79400 59.00190 59.66130 60.17590 60.42190 60.86010 61.09670 60.53710 60.46480 59.73860 59.40900 58.94300 58.44380 59.10480 58.93540 58.93930 59.12700 59.78450 60.14390 60.51170 60.41620 61.72170 62.27100 62.64290 63.74310 64.69150 64.75780 65.07570 64.78390 64.86360 65.50520 64.78750 64.37110 63.68820 63.47080 63.04640 62.64890 62.88020 62.47240 62.42180 61.53600 61.06750 61.33860 61.73180 61.83350 62.15510 62.72540 63.06280 64.11740 64.55150 65.41190 66.39670 67.51380 68.01430
-9999 -9999 -9999 58.55610 58.31890 58.29570 58.38070 58.36980 58.34210 58.43260 58.61480 58.63890 58.50960 58.28480 58.07240 58.63840 58.47980 58.69780 59.18280 59.79780 59.81940 60.00190 60.48050 60.33340 59.57070 59.86110 59.75190 59.28590 59.38130 58.33620 57.65210 57.89980 58.67760 59.31530 59.36280 59.80190 60.49880 60.84550 61.50220 62.14280 62.62340 63.61410 64.59030 65.34170 65.94020 65.56750 65.63950 65.21440 64.92320 64.06700 63.51550 64.22130 63.78720 63.37250 63.18590 62.83500 62.90430 62.27270 61.79740 61.99930 62.53380 62.65540 63.19840 63.33130 63.86870 64.61270 65.21670 66.00950 66.21250 67.50340 67.92470
-9999 -9999 -9999 58.74310 58.58170 58.76830 58.80720 58.89820 58.72940 58.76980 58.94240 59.24080 58.82100 58.54750 58.58410 58.68110 58.69860 58.68120 58.88780 59.40460 59.08370 59.13230 58.80180 59.30230 59.52570 59.55010 59.64400 59.33400 58.28810 57.61490 57.99760 59.23650 58.76000 58.20570 58.45350 59.48590 60.58980 61.43110 61.70480 62.30280 63.03240 62.96540 63.53160 64.89330 66.34400 65.87960 65.14060 65.41750 64.53590 64.80110 63.72660 64.22390 63.56740 62.97360 63.09870 63.06600 62.91460 62.36220 62.35240 62.13920 62.00470 63.37400 63.77800 64.42530 64.72490 65.74750 66.15490 66.69060 66.57290 67.46900 70.55500
-9999 -9999 -9999 59.20820 59.00690 58.89560 58.81730 58.85290 58.96440 58.97680 59.14050 59.04920 58.76620 58.43300 58.38270 58.34930 58.31220 58.48610 59.21850 59.70990 59.42540 59.35350 58.83500 59.92280 60.06410 60.10850 60.13100 59.73860 58.81710 58.10390 57.82140 58.19700 58.18660 58.67350 59.21220 59.52850 60.19810 61.12340 61.69530 62.20590 62.49060 62.77060 63.47130 64.26830 65.13770 65.31240 65.40130 65.22750 64.82850 64.84830 64.19440 64.81670 64.01400 63.00580 63.58080 63.04690 63.24240 63.07340 63.14310 62.23170 62.51190 63.48370 64.02740 64.14810 64.44430 66.13440 66.50810 66.47500 66.83650 69.23990 72.21660
-9999 -9999 -9999 -9999 59.04750 58.79140 58.95430 59.23220 59.19330 59.39370 59.57980 59.50530 58.54560 59.15460 -9999 -9999 -9999 -9999 -9999 58.19910 58.28880 58.64820 58.50230 58.12480 58.43790 59.00490 59.91560 59.21600 58.66270 58.59980 58.44050 58.45650 58.47070 59.10050 59.99520 60.62470 60.58590 61.35310 61.57950 62.07420 62.91260 63.53770 64.01890 64.01250 64.57820 65.17450 65.07620 64.49340 64.77850 65.18170 64.76790 64.36740 64.55870 63.44410 62.95950 62.45710 62.09930 62.21690 62.36890 63.23790 63.00290 63.21100 63.85430 64.93770 65.28410 65.59700 66.77120 67.78240 68.97120 -9999 -9999
-9999 -9999 60.73640 59.93040 59.60810 59.22550 59.19390 59.54460 59.65620 59.85010 59.72690 59.55580 58.83680 -9999 -9999 -9999 -9999 -9999 57.59430 58.10620 58.10120 59.03540 58.97210 58.46210 58.76960 58.89390 59.58300 59.26410 59.48130 59.42460 59.13550 59.02710 59.33330 59.43660 60.07020 60.74900 60.76900 61.06570 61.51800 62.00160 62.21310 63.04010 63.20330 63.86510 64.57090 65.13490 65.30240 65.38530 65.96090 66.22450 66.05370 65.74080 65.35880 65.19310 64.15900 64.53900 63.94990 62.89000 63.04700 64.44360 64.36400 64.75090 65.16210 65.55730 66.38090 67.12890 67.87110 -9999 -9999 -9999 -9999
-9999 -9999 61.51360 61.10340 60.56790 60.09280 60.07940 60.16280 60.12550 60.18460 60.24480 59.93200 59.93200 -9999 -9999 -9999 -9999 59.22020 57.99880 58.70380 58.64200 58.65830 58.57770 58.93290 59.27540 59.90430 59.72160 59.69570 59.82550 59.48420 59.38790 59.01800 59.63040 59.99270 60.01650 60.37340 60.74490 60.90170 60.94640 61.30690 61.93330 62.24960 62.39690 62.97490 63.72250 64.48940 65.41860 65.39410 66.45920 66.29170 66.45060 66.66950 66.50870 66.25930 66.05370 66.40950 65.81320 64.43810 64.16010 65.32050 65.75420 65.24720 65.88800 67.39710 68.27440 -9999 -9999 -9999 -9999 -9999 68.17090
-9999 -9999 62.39660 61.83030 61.78030 61.08610 60.89180 60.84460 60.87170 60.72190 60.53310 60.54390 61.89360 -9999 -9999 -9999 -9999 58.55330 58.63130 58.61160 58.59860 58.87740 59.23870 59.48450 59.45310 59.70230 59.38710 59.92960 59.78590 59.51070 59.25280 59.50000 59.77750 59.77800 60.23550 60.13120 60.42570 60.43240 60.63040 61.57060 61.90120 62.39810 62.67190 62.69430 63.65340 63.97000 64.46120 65.00940 65.69820 66.07040 66.88510 66.86090 66.57530 66.49570 66.53360 66.98150 67.07890 66.02870 66.16800 66.70690 67.78350 67.94010 68.01770 67.92330 67.25550 66.94900 68.17560 67.20320 67.63340 -9999 -9999
-9999 -9999 -9999 63.15330 62.50480 62.14040 61.97180 61.72820 61.38540 60.97480 60.98510 61.97260 -9999 -9999 -9999 -9999 59.61360 59.22250 59.51350 59.14250 59.29010 59.42330 59.22930 59.60940 59.45780 59.51930 59.50950 59.33540 59.66260 58.84440 58.92020 59.67550 60.10770 60.26880 60.42700 60.65150 61.11520 61.23480 61.43970 61.58230 62.04320 62.08970 61.91940 63.01300 63.99160 64.54270 65.24920 66.15490 66.35950 66.86810 66.40900 66.59090 66.96330 66.33480 65.79460 66.38120 66.52640 66.16480 66.58110 67.04310 67.34780 67.65870 66.72990 64.85600 63.56120 66.33740 67.02280 66.72220 66.87690 69.23120 -9999
-9999 -9999 -9999 -9999 63.57420 63.10350 62.79030 62.15550 61.75250 61.67370 62.26250 -9999 -9999 -9999 -9999 60.47640 59.82400 60.03480 59.84600 59.49330 59.63030 59.68460 59.52570 59.24660 59.25050 59.77460 59.98370 59.97320 59.78360 59.52360 59.58390 60.44140 60.43660 60.60360 60.42910 60.88200 61.07210 61.37010 61.45990 61.68020 61.65760 62.01870 62.24260 63.22350 64.11330 64.86280 65.32150 66.24450 66.52370 67.02220 67.27120 67.26550 67.03630 66.85060 67.01130 67.69130 67.83590 66.91290 67.07660 67.71240 67.10840 66.55100 66.44780 66.13000 65.26690 66.12010 66.76590 66.49220 65.95290 66.00780 66.03160
-9999 -9999 -9999 -9999 -9999 -9999 63.44570 63.05580 63.11240 62.83500 61.67400 -9999 -9999 -9999 -9999 -9999 60.74550 60.59680 60.52430 59.75680 59.43690 59.98310 59.39440 59.06880 59.33880 59.94170 60.12420 59.89660 60.08360 60.26530 60.28000 60.28140 60.60550 60.27400 60.76660 61.25250 61.26220 61.04140 61.55120 61.38260 61.29540 61.40100 61.72140 62.72930 63.36180 64.49280 65.17140 66.06260 66.57810 67.26060 67.70840 67.45800 67.43920 67.59060 67.37120 67.99880 68.00610 67.77090 67.64420 67.46720 66.83880 66.33270 66.08310 65.31800 64.64120 65.31410 66.24730 66.34920 65.84250 65.64620 65.69780
-9999 -9999 -9999 -9999 -9999 -9999 -9999 -9999 -9999 -9999 -9999 -9999 -9999 -9999 -9999 -9999 -9999 -9999 -9999 59.97260 59.67250 59.89220 59.69290 59.55880 59.72950 60.10130 60.33370 60.42690 60.64640 60.66620 60.68890 60.91780 60.60800 60.82360 60.97060 61.23750 61.45910 61.21090 61.40010 60.96940 61.06930 61.36090 62.07390 62.85130 63.37560 64.49880 65.51860 66.23780 66.54580 67.44070 67.75440 67.73920 67.67680 68.03860 67.81570 68.06450 68.16670 68.36590 67.93010 67.56170 66.52050 66.60510 66.43720 65.25270 64.83430 66.30500 66.71660 66.25430 65.75770 65.65210 65.48840
-9999 -9999 -9999 -9999 -9999 -9999 -9999 -9999 -9999 -9999 -9999 -9999 -9999 -9999 -9999 -9999 -9999 -9999 60.22980 59.78260 59.62590 59.69820 59.80540 60.08720 60.25900 60.55740 60.82770 60.75350 60.80020 60.62280 60.69520 60.94910 61.08040 61.16240 61.47690 61.72140 61.49300 61.55980 61.11950 61.00460 61.09230 61.70220 62.09230 62.58660 63.45830 64.17390 65.21350 66.08090 66.94210 67.35590 67.62900 68.23910 68.48120 68.41600 68.23930 68.77350 68.65550 67.81000 67.07160 67.51340 67.67850 67.55220 67.07220 66.70540 66.05480 66.92720 67.23470 67.33300 66.98520 66.79590 66.76110
-9999 -9999 -9999 -9999 -9999 -9999 -9999 -9999 -9999 -9999 -9999 -9999 -9999 -9999 -9999 -9999 -9999 60.48150 60.23650 59.97040 59.88010 59.67120 59.93400 60.50360 60.78660 60.52750 60.58290 60.55690 60.28650 60.29170 60.52390 61.16980 61.13940 61.71230 62.02350 61.76490 61.50290 61.24910 61.41940 61.09490 61.47220 62.10400 62.42150 63.04090 63.65080 64.58310 65.42110 65.98110 67.21200 67.48540 68.17660 68.82390 68.66530 68.48010 68.72240 68.74390 68.80010 67.76160 67.34680 67.92910 68.87750 68.02910 66.37200 66.10470 67.72480 67.90720 67.81470 68.09110 68.10310 67.92910 67.39730
-9999 -9999 -9999 -9999 -9999 -9999 -9999 -9999 -9999 -9999 -9999 -9999 -9999 -9999 -9999 -9999 -9999 60.15980 59.83970 59.16140 59.28420 59.76840 60.34980 60.70510 61.05750 60.65930 60.49520 60.26450 60.33590 60.52870 60.40970 61.36000 61.55780 62.21720 62.25000 62.02330 61.81340 61.67550 61.24020 61.33940 61.83670 62.46790 62.90210 63.65790 64.08960 65.42080 66.21760 65.78860 66.83550 67.88980 68.56280 68.73050 68.79530 69.02200 69.08490 69.06030 68.13470 68.15120 68.66370 68.76680 68.71780 67.63580 67.60400 67.57900 66.74300 67.32460 68.63980 67.94740 68.85810 68.96930 69.02740
-9999 -9999 -9999 -9999 -9999 -9999 -9999 -9999 -9999 -9999 -9999 -9999 -9999 -9999 -9999 -9999 59.63030 59.26090 58.97600 58.63040 59.25240 60.06390 60.13870 60.80660 60.89200 60.59980 60.60220 60.56330 60.46150 60.35110 60.69950 61.35250 61.55640 62.39680 62.55580 62.82560 62.56580 61.91420 61.53010 62.11000 62.64650 62.95320 63.08870 64.05010 64.82610 65.60250 66.23330 65.74230 66.52220 68.00480 68.54240 68.67370 68.70850 68.90250 69.15110 69.24910 69.19400 68.73700 68.97710 68.77390 68.88200 68.52230 68.24310 67.04650 68.22710 68.80510 69.22370 69.65440 70.42660 70.45270 70.39640
-9999 -9999 -9999 -9999 -9999 -9999 -9999 -9999 -9999 -9999 -9999 -9999 -9999 60.43370 59.68650 59.26530 58.87110 58.20640 58.58200 58.81580 59.17410 59.50020 60.38790 60.80990 60.69460 60.69150 60.56070 60.25600 60.32320 60.49940 60.87920 60.84160 61.34350 62.18820 62.62990 62.66830 62.72510 62.93440 62.54410 62.74370 63.09390 63.19830 63.71390 64.47830 65.29060 65.81910 66.21410 66.63710 66.85860 66.99930 67.52380 67.72750 68.34690 69.06490 69.47250 69.45380 69.43930 69.36010 69.38100 69.58810 69.61580 69.66240 69.66820 69.72860 70.66190 71.50660 71.66020 71.95880 71.82500 71.57000 71.17610
-9999 -9999 -9999 -9999 -9999 -9999 -9999 -9999 -9999 -9999 -9999 -9999 60.75210 59.78070 59.26840 58.86420 58.67240 58.66380 58.36580 58.94390 58.81830 59.54820 60.03980 60.46340 60.53240 60.31400 60.21320 60.07640 60.17850 60.58490 60.58140 60.62200 61.05580 61.93010 62.72100 62.87280 63.29010 63.35610 63.31040 63.62600 63.54090 63.74480 63.67090 64.85550 65.67220 66.42700 66.84800 66.86470 66.67810 66.70840 67.21440 67.62470 68.05370 68.94150 69.76790 69.95680 69.94850 69.26900 68.87430 69.40220 69.63250 70.30910 70.81120 70.48530 71.60100 72.41530 72.55030 72.73330 72.61720 72.26210 71.45740
-9999 -9999 -9999 -9999 -9999 -9999 -9999 -9999 -9999 -9999 -9999 59.65700 59.53680 59.13130 59.02210 58.94670 58.71260 58.77500 58.48960 58.48900 58.75380 59.42550 59.86250 59.64370 59.53120 59.32350 59.37650 59.56660 59.99040 60.14820 60.11520 60.30210 60.80140 61.50120 62.26760 62.68310 62.88380 63.24340 63.86260 64.18780 64.43750 64.44560 64.95680 65.40310 66.22150 66.69330 67.17910 67.33530 67.27090 67.25850 67.61500 66.99750 67.83960 68.34080 68.93470 69.22040 69.86240 69.51450 69.99110 70.66290 70.72990 71.56320 71.81440 72.18710 72.64590 73.30010 73.07800 73.40800 72.87210 72.46420 71.47180
-9999 -9999 -9999 -9999 -9999 -9999 -9999 -9999 -9999 -9999 59.55350 59.18400 59.53350 58.87490 59.11440 58.46950 58.33140 58.26300 58.12440 58.17430 58.33130 58.84530 59.21470 58.91310 58.64860 58.40070 58.55050 58.76720 59.30000 59.32810 59.63350 59.90170 60.31160 61.01090 61.95230 62.31970 62.61840 63.24500 64.33780 64.77790 65.07190 65.47520 65.99020 66.38220 66.91350 67.33690 67.68190 68.18650 68.19110 68.25970 68.20890 67.39000 67.91790 68.34220 68.71160 68.97440 69.14240 69.58550 70.45470 70.88190 71.09530 71.50120 72.13830 72.47720 72.70220 73.43650 73.55700 73.71230 73.09060 72.44130 71.88590
-9999 -9999 -9999 -9999 -9999 -9999 -9999 -9999 -9999 59.14570 58.79060 59.18630 58.99370 58.66660 58.52110 58.13170 57.91740 57.87490 57.29600 57.02370 57.34410 57.56210 57.71590 58.09570 57.98530 57.82210 58.10450 57.62120 58.14280 58.94240 59.16090 58.93940 59.22500 60.04760 60.68920 61.56510 62.03950 63.32970 64.23680 65.16730 65.80230 66.42360 66.95860 67.28570 67.78410 68.11150 68.74050 68.63850 68.85000 69.08470 68.99900 68.21940 67.89340 66.94240 67.24700 69.21230 69.85830 70.40300 70.96750 71.31010 71.48770 71.92350 72.09770 72.61320 72.82670 72.75330 73.11840 72.86150 72.66700 72.62210 72.97340
-9999 -9999 -9999 -9999 -9999 -9999 -9999 -9999 -9999 -9999 57.97860 58.35440 58.39570 57.84160 57.49220 57.16410 56.82430 56.56640 56.36760 56.04390 56.28220 56.75110 56.83860 -9999 -9999 -9999 -9999 -9999 -9999 58.43750 58.67980 58.76970 59.19740 60.02190 60.48110 61.51700 62.48630 63.75860 64.38140 65.67160 66.36750 66.93490 67.60630 67.89990 67.98990 68.37430 68.74420 69.11360 69.41360 69.71570 69.43110 68.87610 67.87590 67.16230 67.00640 69.62540 70.11380 70.59810 71.11020 71.40440 71.59630 71.75920 71.79870 72.07060 71.69700 72.60470 72.51770 72.44870 71.38700 72.22810 72.42810
-9999 -9999 -9999 -9999 -9999 -9999 -9999 -9999 -9999 -9999 -9999 -9999 57.15450 56.89080 56.67860 55.47400 55.18260 55.25770 55.15470 -9999 -9999 -9999 -9999 -9999 -9999 -9999 -9999 -9999 -9999 -9999 -9999 -9999 -9999 60.05600 60.57260 61.96040 62.83930 63.85310 65.03270 65.98280 66.70140 67.22420 67.52930 67.81460 67.85210 68.29790 68.87210 69.31920 69.63470 70.06410 69.57040 68.31320 67.80360 68.07410 68.23460 69.44460 69.67530 70.18480 70.44530 70.96910 71.09170 71.02130 71.02940 71.42180 71.91300 72.49280 72.39160 72.43490 72.48470 73.39860 73.61980
-9999 -9999 -9999 -9999 -9999 -9999 -9999 -9999 -9999 -9999 -9999 -9999 -9999 -9999 -9999 -9999 -9999 -9999 -9999 -9999 -9999 -9999 -9999 -9999 -9999 -9999 -9999 -9999 -9999 -9999 -9999 -9999 -9999 -9999 60.92280 61.91650 63.37320 64.20410 65.46730 66.20830 66.78650 67.20070 67.54270 67.96330 67.96530 68.32830 68.85400 69.30430 69.57290 69.78010 69.52360 68.52860 68.13450 68.33940 68.21750 69.49450 69.45280 69.29100 69.83500 70.38390 70.66600 70.82010 71.20780 71.58120 72.36520 72.28260 72.11170 72.09840 71.82620 72.93540 74.33570
-9999 -9999 -9999 -9999 -9999 -9999 -9999 -9999 -9999 -9999 -9999 -9999 -9999 -9999 -9999 -9999 -9999 -9999 -9999 -9999 -9999 -9999 -9999 -9999 -9999 -9999 -9999 -9999 -9999 -9999 -9999 -9999 -9999 -9999 61.33860 62.45270 63.02170 64.58210 65.77650 66.90870 67.40520 67.59500 67.96000 68.05040 68.47150 68.61000 69.01320 69.11000 69.34720 69.10980 68.95260 69.16380 69.26310 67.94360 68.01800 68.83520 69.43700 69.59770 69.83170 70.16810 70.90320 70.91760 70.87260 71.54980 72.05110 72.02540 72.39620 72.02610 72.04960 72.96450 -9999
-9999 -9999 -9999 -9999 -9999 -9999 -9999 -9999 -9999 -9999 -9999 -9999 -9999 -9999 -9999 -9999 -9999 -9999 -9999 -9999 -9999 -9999 -9999 -9999 -9999 -9999 -9999 -9999 -9999 -9999 -9999 -9999 -9999 -9999 -9999 -9999 -9999 -9999 65.95540 66.81590 67.23640 67.56380 68.14330 68.41220 68.61940 69.04760 69.20480 69.35860 69.36570 69.03630 68.66000 68.83560 68.80030 67.70010 67.77410 68.61490 68.95370 69.60090 69.91740 70.58930 70.95160 71.32320 70.95680 71.41550 71.14150 71.67950 71.99650 72.30950 73.22350 -9999 -9999
