data/hydroclimate-scenarios/BCSD_hadcm_A1B/monthly_summaries/rh_monthly_avg_oct.2030-2059.asc
ncols	311
nrows	91
xllcenter	102.75
yllcenter	31.75
cellsize	0.5
NODATA_value	-9999
[rows 0 to 31 of 91, columns 71 to 141 of 311]
-9999 -9999 -9999 -9999 -9999 -9999 -9999 -9999 -9999 -9999 -9999 -9999 -9999 -9999 -9999 -9999 -9999 -9999 -9999 -9999 -9999 -9999 -9999 -9999 -9999 -9999 -9999 -9999 -9999 -9999 -9999 -9999 -9999 -9999 -9999 -9999 -9999 -9999 -9999 -9999 -9999 -9999 -9999 -9999 -9999 -9999 -9999 -9999 -9999 -9999 -9999 -9999 -9999 -9999 -9999 -9999 -9999 -9999 -9999 -9999 -9999 -9999 -9999 -9999 -9999 -9999 -9999 -9999 -9999 -9999 -9999
-9999 -9999 -9999 -9999 -9999 -9999 -9999 -9999 -9999 -9999 -9999 -9999 -9999 -9999 -9999 -9999 -9999 -9999 -9999 -9999 -9999 -9999 -9999 -9999 -9999 -9999 -9999 -9999 -9999 -9999 -9999 -9999 -9999 -9999 -9999 -9999 -9999 -9999 -9999 -9999 -9999 -9999 -9999 -9999 -9999 -9999 -9999 -9999 -9999 -9999 -9999 -9999 -9999 -9999 -9999 -9999 -9999 -9999 -9999 -9999 -9999 -9999 -9999 -9999 -9999 -9999 -9999 -9999 -9999 -9999 -9999
-9999 -9999 -9999 -9999 -9999 -9999 -9999 -9999 -9999 -9999 -9999 -9999 -9999 -9999 -9999 -9999 -9999 -9999 -9999 -9999 -9999 -9999 -9999 -9999 -9999 -9999 -9999 -9999 -9999 -9999 -9999 -9999 -9999 -9999 -9999 -9999 -9999 -9999 -9999 -9999 -9999 -9999 -9999 -9999 -9999 -9999 -9999 -9999 -9999 -9999 -9999 -9999 -9999 -9999 -9999 -9999 -9999 -9999 -9999 -9999 -9999 -9999 -9999 -9999 -9999 -9999 -9999 -9999 -9999 -9999 -9999
-9999 -9999 -9999 -9999 -9999 -9999 -9999 -9999 -9999 -9999 -9999 -9999 -9999 -9999 -9999 -9999 -9999 -9999 -9999 -9999 -9999 -9999 -9999 -9999 -9999 -9999 -9999 -9999 -9999 -9999 -9999 -9999 -9999 -9999 -9999 -9999 -9999 -9999 -9999 -9999 -9999 -9999 -9999 -9999 -9999 -9999 -9999 -9999 -9999 -9999 -9999 -9999 -9999 -9999 -9999 -9999 -9999 -9999 -9999 -9999 -9999 -9999 -9999 -9999 -9999 -9999 -9999 -9999 -9999 -9999 -9999
-9999 -9999 -9999 -9999 -9999 -9999 -9999 -9999 -9999 -9999 -9999 -9999 -9999 -9999 -9999 -9999 -9999 -9999 -9999 -9999 -9999 -9999 -9999 -9999 -9999 -9999 -9999 -9999 -9999 -9999 -9999 -9999 -9999 -9999 -9999 -9999 -9999 -9999 -9999 -9999 -9999 -9999 -9999 -9999 -9999 -9999 -9999 -9999 -9999 -9999 -9999 -9999 -9999 -9999 -9999 -9999 -9999 -9999 -9999 -9999 -9999 -9999 -9999 -9999 -9999 -9999 -9999 -9999 -9999 -9999 -9999
-9999 -9999 -9999 -9999 -9999 -9999 -9999 -9999 -9999 -9999 -9999 -9999 -9999 -9999 -9999 -9999 -9999 -9999 -9999 -9999 -9999 -9999 -9999 -9999 -9999 -9999 -9999 -9999 -9999 -9999 -9999 -9999 -9999 -9999 -9999 -9999 -9999 -9999 -9999 -9999 -9999 -9999 -9999 -9999 -9999 -9999 -9999 -9999 -9999 -9999 -9999 -9999 -9999 -9999 -9999 -9999 -9999 -9999 -9999 -9999 -9999 -9999 -9999 -9999 -9999 -9999 -9999 -9999 -9999 -9999 -9999
-9999 -9999 -9999 -9999 -9999 -9999 -9999 -9999 -9999 -9999 -9999 -9999 -9999 -9999 -9999 -9999 -9999 -9999 -9999 -9999 -9999 -9999 -9999 -9999 -9999 -9999 -9999 -9999 -9999 -9999 -9999 -9999 -9999 -9999 -9999 -9999 -9999 -9999 -9999 -9999 -9999 -9999 -9999 -9999 -9999 -9999 -9999 -9999 -9999 -9999 -9999 -9999 -9999 -9999 -9999 -9999 -9999 -9999 -9999 -9999 -9999 -9999 -9999 -9999 -9999 -9999 -9999 -9999 -9999 -9999 -9999
-9999 -9999 -9999 -9999 -9999 -9999 -9999 -9999 -9999 -9999 -9999 -9999 -9999 -9999 -9999 -9999 -9999 -9999 -9999 -9999 -9999 -9999 -9999 -9999 -9999 -9999 -9999 -9999 -9999 -9999 -9999 -9999 -9999 -9999 -9999 -9999 -9999 -9999 -9999 -9999 -9999 -9999 -9999 -9999 -9999 -9999 -9999 -9999 -9999 -9999 -9999 -9999 -9999 -9999 -9999 -9999 -9999 -9999 -9999 -9999 -9999 -9999 -9999 -9999 -9999 -9999 -9999 -9999 -9999 -9999 -9999
-9999 -9999 -9999 -9999 -9999 -9999 71.47180 -9999 -9999 -9999 -9999 -9999 -9999 -9999 -9999 -9999 -9999 -9999 -9999 -9999 -9999 -9999 -9999 -9999 -9999 -9999 -9999 -9999 -9999 -9999 -9999 -9999 -9999 -9999 -9999 -9999 -9999 -9999 -9999 -9999 -9999 -9999 -9999 -9999 -9999 -9999 -9999 -9999 -9999 -9999 -9999 -9999 -9999 -9999 -9999 -9999 -9999 -9999 -9999 -9999 -9999 -9999 -9999 -9999 -9999 -9999 -9999 -9999 -9999 -9999 -9999
-9999 -9999 69.56720 69.63100 70.49170 70.83180 70.87740 71.26770 70.88820 71.25580 71.31610 71.93250 72.24590 72.30860 72.56030 72.88240 72.31480 72.34160 72.69480 73.03360 74.28310 74.25210 -9999 -9999 -9999 -9999 -9999 -9999 -9999 -9999 -9999 -9999 -9999 -9999 -9999 -9999 -9999 -9999 -9999 -9999 -9999 -9999 -9999 -9999 -9999 -9999 -9999 -9999 -9999 -9999 -9999 -9999 -9999 -9999 -9999 -9999 -9999 -9999 -9999 -9999 -9999 -9999 -9999 -9999 -9999 -9999 -9999 -9999 -9999 -9999 -9999
-9999 -9999 -9999 -9999 69.88310 69.94320 70.27530 70.32250 70.38570 70.98760 71.13620 71.48570 72.21670 72.24810 72.85360 72.90600 72.97030 73.28690 73.61930 73.65690 74.02060 73.98270 -9999 -9999 -9999 -9999 -9999 -9999 -9999 -9999 -9999 -9999 -9999 -9999 -9999 -9999 -9999 -9999 -9999 -9999 -9999 -9999 -9999 -9999 -9999 -9999 -9999 -9999 -9999 -9999 -9999 -9999 -9999 -9999 -9999 -9999 -9999 -9999 -9999 -9999 -9999 -9999 -9999 -9999 -9999 -9999 -9999 -9999 -9999 -9999 -9999
68.77770 68.79450 69.17910 69.51280 69.65010 69.71680 69.75030 70.07270 70.44320 70.51480 70.89650 70.95620 71.66070 72.05180 72.32760 72.95920 72.72650 73.07990 73.68190 73.73380 73.80380 73.78260 73.50980 73.51950 74.02160 73.73970 73.64630 73.31470 -9999 -9999 -9999 -9999 -9999 -9999 -9999 -9999 -9999 -9999 -9999 -9999 -9999 -9999 -9999 -9999 -9999 -9999 -9999 -9999 -9999 -9999 -9999 -9999 -9999 -9999 -9999 -9999 -9999 -9999 -9999 -9999 -9999 -9999 -9999 -9999 -9999 -9999 -9999 -9999 -9999 -9999 -9999
68.54730 68.58540 68.64680 68.96660 69.58040 69.63280 69.80230 69.87790 69.73280 70.36020 70.43100 71.08790 71.49870 71.81840 72.13220 72.47960 72.69930 73.01860 73.30990 73.93930 73.75950 73.41000 73.18790 73.44010 73.87420 73.53540 73.42930 73.41690 73.37920 73.09440 73.26980 73.24380 73.27260 73.25570 73.04910 73.06920 72.77060 72.80700 72.80440 72.80440 72.80990 73.07230 72.66400 -9999 -9999 -9999 -9999 -9999 -9999 -9999 -9999 -9999 -9999 -9999 -9999 -9999 -9999 -9999 -9999 -9999 -9999 -9999 -9999 -9999 -9999 -9999 -9999 -9999 -9999 -9999 -9999
68.28520 68.29790 68.39270 68.42160 68.68300 68.85850 69.23460 69.35190 69.75220 70.08810 70.48760 70.53880 71.23310 71.60600 72.21170 72.26340 72.50080 72.80710 73.14130 73.41990 73.45340 72.76000 72.89710 72.83590 72.98110 73.01390 73.17600 73.17040 73.11300 72.78170 73.26730 72.99620 72.94890 73.21490 72.74540 73.01710 72.55140 72.84570 72.54910 72.84750 72.86530 72.56900 72.73920 72.75330 -9999 -9999 -9999 -9999 -9999 -9999 -9999 -9999 -9999 -9999 -9999 -9999 -9999 -9999 -9999 -9999 -9999 -9999 -9999 -9999 -9999 -9999 -9999 -9999 -9999 -9999 -9999
66.49070 66.75860 67.13340 66.71050 67.37060 67.75710 67.92080 68.29300 68.59680 69.34150 69.73210 70.13630 70.53150 71.17360 71.54390 71.60260 72.37220 72.70340 72.95700 72.93050 71.86800 71.83900 71.46050 71.41520 72.29430 72.20400 72.20850 72.53760 71.39430 71.29850 71.38480 71.39110 71.37300 71.38270 71.30080 71.30840 71.45940 71.21650 71.27370 71.60150 71.58250 71.53330 71.57700 71.57710 -9999 -9999 -9999 -9999 -9999 -9999 -9999 -9999 -9999 -9999 -9999 -9999 -9999 -9999 -9999 72.50820 72.81170 -9999 -9999 -9999 -9999 72.83080 72.38530 72.31780 72.25980 73.00740 73.72910
66.46170 66.44440 66.75580 66.14790 67.12420 67.55380 67.89370 67.62410 67.89690 68.26230 69.43930 69.76440 70.12440 70.48850 70.59100 71.24740 71.66110 72.30680 72.26530 72.56400 71.52640 71.14560 71.11440 71.45770 72.29090 72.25570 71.95490 71.98190 71.12360 71.08100 71.39050 71.11000 71.12080 71.11030 71.28020 71.01720 71.17500 71.15890 71.26860 71.60370 71.29980 71.29710 71.61200 71.60630 72.44180 72.39080 72.74690 72.44820 71.63200 71.54950 71.48090 71.41190 71.20750 71.50120 71.47170 71.15590 71.75030 72.27360 72.29170 72.22330 72.58210 -9999 -9999 -9999 -9999 -9999 73.03310 72.80050 72.25460 72.04820 72.77390
65.00080 66.13140 65.85020 65.40430 66.16560 67.20470 67.40180 67.73170 68.40260 68.87190 69.67850 69.52860 69.82430 70.18690 70.47250 70.81910 71.28370 71.57130 71.61500 71.85480 70.94020 71.14930 71.08490 71.01520 71.84660 71.86990 71.70080 71.70000 70.88070 70.58590 70.65390 70.88160 70.90980 70.71410 70.98550 71.04150 71.01490 71.33230 71.28720 71.35300 71.42360 71.39590 71.42220 71.68600 72.44960 72.15000 72.55150 72.47340 71.69170 71.53790 71.58430 71.88570 71.40090 70.60360 70.09630 70.76810 70.72940 70.63500 70.72490 71.03230 71.60420 71.68020 72.06300 72.72680 72.95340 72.96640 72.90690 73.21680 72.62920 72.29340 72.39570
64.57030 62.95340 65.91360 64.95680 64.69650 65.49820 66.30700 66.33250 68.09610 68.70090 69.05180 69.15650 69.41210 69.78390 70.12310 70.51400 70.91970 71.16530 71.20200 71.03840 70.11030 70.70760 70.62380 70.63430 71.42690 71.44800 71.07260 71.03790 70.31100 70.56890 70.55700 70.55570 70.57380 70.55780 70.68120 70.73770 70.71030 70.79280 71.06180 71.11330 71.17480 71.19370 71.51050 71.51280 72.37440 72.64310 72.46470 72.72030 72.27480 72.17700 72.01090 72.05370 71.52500 71.45080 70.98150 70.16830 70.05790 70.33790 70.35040 70.28750 70.89230 70.28350 71.01590 71.61900 72.14690 72.73670 72.96010 73.20030 72.10410 71.99690 71.77560
63.61110 63.08390 64.30780 66.27430 65.63400 66.60100 66.98040 66.29660 66.99130 67.68300 68.40200 68.77390 69.00530 69.39770 69.71900 70.03130 69.52510 69.47700 69.55230 68.72760 68.86910 69.23290 69.52750 69.89550 70.69780 70.75270 71.03430 71.03190 71.14120 71.10410 71.19400 71.18270 71.09290 71.42430 71.53570 71.62280 70.81270 70.86520 70.91160 70.94690 71.76950 72.15910 71.40710 71.33440 71.84870 72.34690 72.72370 72.85820 72.91960 72.75660 71.99230 72.12790 71.57380 71.22750 71.08160 71.32670 71.38830 70.75210 70.28940 69.92900 70.01840 69.69960 69.53210 70.42890 70.93460 71.27590 71.67140 72.60980 72.52150 72.81640 72.98280
64.02450 63.23000 63.22950 63.60410 64.89620 66.06900 66.30000 65.62370 65.86890 66.90930 66.01420 66.15760 67.08320 68.21050 68.64250 69.29970 68.82230 69.14700 69.46430 69.01520 68.49290 68.92340 69.20950 69.56160 70.38500 70.34410 70.67610 70.34650 70.67190 70.73530 70.82580 70.53690 70.36010 70.74450 71.16030 70.85200 70.33030 70.37360 70.48420 70.20460 71.30200 71.49270 72.11940 71.89610 71.51200 71.78120 72.37130 72.42770 72.93910 72.47120 71.99870 71.96940 71.68900 71.69360 71.09400 70.65370 70.58110 69.80390 70.36010 70.44800 70.53290 70.57030 70.49280 69.75750 69.57400 70.63740 70.81880 71.26950 72.22690 72.85040 73.32360
64.23570 63.74500 63.06010 62.66380 62.23760 64.48690 65.55840 65.40150 65.81780 66.17870 65.72910 64.82690 63.98000 63.66460 65.44460 67.20740 67.56590 68.31850 69.04240 69.06490 69.29820 69.32750 69.28410 69.54450 70.04710 70.10160 70.41260 70.37980 70.41150 70.07100 70.32820 70.27030 70.00500 70.38120 70.84430 70.52470 70.05920 69.73220 70.30050 70.69690 71.05170 71.36610 71.80130 71.62240 71.65180 72.04900 72.09250 72.10600 72.73460 73.01870 72.96420 72.64220 72.17600 71.81400 71.69230 71.29870 70.85760 70.07630 70.50270 69.37230 69.47800 70.15480 70.11720 70.24640 70.50930 71.09510 70.83850 71.36030 72.12790 72.79790 73.84330
62.68720 62.75840 62.30590 61.95220 61.95180 62.57150 62.41350 63.16490 64.03300 65.45320 66.18700 65.80560 65.26410 64.91220 64.28090 64.62480 64.49690 65.23100 66.76120 67.48820 68.22450 68.93170 68.93790 68.94790 70.05460 70.07150 70.11220 70.06210 69.44240 69.33890 70.02560 68.85920 69.13330 69.21810 69.64090 69.74100 69.33060 69.36870 70.21400 70.02140 70.70180 71.06020 71.86900 71.18770 71.65440 71.60800 71.35730 71.61580 72.20700 71.97220 71.52560 71.49200 71.06040 70.69430 70.70550 70.62680 70.19280 70.79320 70.34840 69.27210 69.93250 69.79150 70.16100 70.45320 70.64090 70.90340 70.46270 71.47600 72.27830 72.96200 74.31620
63.21800 62.41800 62.11370 62.48470 62.14900 61.82230 62.43430 62.67940 62.68160 63.73110 64.30280 64.29900 64.73530 65.42080 65.41210 65.71050 65.17490 64.43380 64.46630 65.20070 65.92040 66.68400 67.69010 68.52120 69.01410 69.06660 69.06960 68.60970 68.12390 68.07860 68.11170 68.06180 67.66410 68.13960 68.17990 69.36720 69.52860 69.50700 69.21110 69.75260 70.50870 71.00290 70.88450 70.48030 70.86100 70.59260 70.93880 70.99670 71.44030 70.75380 70.35640 71.02220 70.24270 69.80400 70.23410 69.50750 70.49210 69.97120 70.62710 70.97220 70.66660 70.83950 70.48710 70.65930 70.06860 70.77770 71.70730 72.15020 72.32440 73.27650 74.05870
63.28400 63.26990 63.44490 63.17890 62.69660 61.66020 61.93660 62.11440 61.60060 62.65290 63.68480 62.41150 62.86340 63.93150 63.08780 62.01540 62.61710 66.32070 64.86890 63.21800 64.25340 65.08080 66.01610 68.17930 68.98180 68.74390 68.75220 68.31530 67.84330 67.75780 67.71330 67.99810 68.11420 68.14850 69.39400 69.39950 69.41800 69.52640 69.56540 69.61940 69.35390 70.18250 70.17370 70.08730 71.80780 71.79240 71.74500 71.29640 70.72690 70.99140 70.41300 71.06620 70.72290 70.65440 70.27430 69.93090 70.24570 70.07460 71.17660 71.14660 71.39610 71.27480 70.28690 70.26120 70.48600 71.44840 71.97880 72.62130 72.86170 73.11560 73.99650
63.39700 63.49040 63.59370 63.62750 63.07390 63.01970 62.97880 62.32190 62.11690 62.34960 62.36030 62.60700 62.71640 63.69090 63.25000 63.24830 61.93900 63.70820 64.72190 65.45530 65.39080 65.43670 66.10510 66.62750 67.89040 68.67460 68.68940 68.38340 67.93630 68.20450 67.77840 67.91210 68.71230 68.64600 68.77510 69.16170 69.53400 69.60140 69.67690 69.59160 69.31750 69.64800 69.67830 69.76740 72.01490 72.07050 71.58440 71.20640 70.91030 70.52770 70.10180 70.89350 71.11470 70.35910 70.78920 71.11410 70.80120 71.27590 70.48760 70.62460 71.14530 71.46830 71.05320 71.55890 71.30410 71.54240 71.55240 72.26000 71.98870 72.99970 73.72730
63.45060 63.17770 62.96510 63.26930 63.13630 63.53910 63.24110 63.20270 63.00140 62.95320 61.99540 61.62380 62.40440 63.54740 64.15320 64.33230 63.50790 63.80440 63.27090 64.00170 65.07080 66.21460 66.79340 67.00590 66.44110 66.84840 67.75560 67.93290 67.32980 67.15040 67.58310 67.66540 69.14630 69.12880 68.82540 68.73760 69.14040 68.41650 69.59660 68.81940 68.20300 69.07220 69.41540 68.92560 70.40820 71.25000 71.19120 71.22310 71.72300 70.99550 70.51780 71.41910 72.00720 72.38780 72.55040 72.23840 71.98630 71.19170 71.59690 70.77660 71.70520 71.59780 71.24940 71.22230 70.96760 71.60380 72.19670 72.69400 72.40680 72.87910 73.26120
63.39620 63.02980 62.67150 62.39470 63.05120 63.12950 63.59060 63.07190 62.93740 62.17350 62.15440 62.07820 62.08700 63.17440 64.64470 65.30490 64.80220 64.69890 64.45940 64.83680 65.60050 66.32000 66.85870 67.55670 67.81110 68.18760 67.73290 68.13080 68.05920 67.95050 68.80410 68.75360 69.81210 68.97530 68.90340 70.06080 69.49530 68.75450 69.50920 70.00140 69.61910 69.35770 69.29760 70.02580 70.17480 70.53120 70.66160 70.63820 71.31030 70.95800 70.61750 70.64490 71.14180 71.18900 71.32370 71.41830 71.90290 72.34740 72.51020 72.82850 72.57960 72.09940 71.70210 71.37480 71.61270 71.70450 72.38490 72.35990 71.83440 72.05130 72.56760
64.34780 63.89040 62.68490 62.14170 62.37850 63.50490 63.15960 63.55920 62.74260 62.69550 62.66920 62.98840 63.40150 63.26860 64.30680 64.95730 64.57010 65.55500 65.71510 66.35700 65.64240 66.74680 67.35450 67.75530 68.25670 67.76300 67.22530 67.38180 67.67910 67.81450 67.66950 68.74290 69.14270 68.92970 68.52740 69.65830 69.46330 69.14460 69.04810 69.47800 69.71640 69.74240 70.02190 70.05790 70.27910 70.29470 71.48680 71.38420 71.04630 71.13830 71.43180 71.44170 71.99050 72.51080 72.65110 72.90470 73.01410 72.99790 73.46370 73.41670 73.03510 72.78360 72.17140 71.69410 70.62270 71.35400 71.42230 71.79870 71.86060 73.00080 73.44880
64.21670 64.28410 63.16310 61.89960 62.11310 61.33820 61.43990 62.69360 62.74050 62.49630 62.82190 63.02960 64.25300 64.43970 63.73770 65.08530 66.23790 66.88280 66.65800 66.99090 67.74460 67.34030 67.46060 68.17210 69.01090 69.35380 68.50780 68.22250 68.77300 68.60130 68.83170 69.13240 69.05280 69.21480 68.73020 69.06470 69.33870 69.28560 68.71960 68.66570 69.98750 70.38520 69.97420 71.15320 71.04860 71.74260 72.71540 73.28380 73.14550 73.57200 73.71240 73.75360 73.79720 73.74920 73.46620 73.52820 73.90780 74.33430 74.12810 73.70720 73.06840 72.57930 71.48770 70.35870 70.15310 70.54120 71.02740 71.49240 72.20180 73.07560 73.55230
65.80820 64.76300 63.65050 63.67160 62.92950 62.27670 60.88140 61.36080 62.45050 62.34520 62.00540 62.97700 63.89310 63.79360 64.46890 65.79630 65.91910 66.59850 67.41140 67.80190 67.86790 67.77960 67.32180 68.55100 69.41600 69.71780 68.46830 68.71700 68.47820 68.08480 68.84670 69.55470 69.37070 69.23630 69.03170 69.43610 69.34610 69.79120 69.40160 69.50810 70.48470 71.76720 71.31030 72.16640 73.26610 73.29040 73.38040 73.60190 72.75650 73.56820 -9999 -9999 74.37140 74.50910 75.06880 74.06980 74.79050 74.48190 74.19610 73.59940 72.99080 71.90130 70.70820 69.07480 69.03040 68.68320 69.13570 69.57630 72.09200 73.34380 73.61250
64.39130 64.86210 64.49120 64.03180 63.78050 64.16180 62.33650 63.72830 62.83250 62.32560 62.08390 63.41650 63.67560 63.99400 65.22640 66.17720 66.06990 67.10500 68.10660 68.00400 68.13250 68.81250 69.04180 69.00750 67.97840 68.71720 68.43290 68.82500 68.71610 68.85110 68.44120 69.41670 69.45570 68.93230 68.91340 68.96800 68.88300 70.45530 71.49760 -9999 -9999 -9999 -9999 73.41840 -9999 72.17870 70.84630 72.08730 72.48860 73.81050 -9999 -9999 73.42750 73.91850 74.45260 74.47780 75.10410 74.44920 73.41160 72.68000 71.98860 71.40340 70.50350 69.56380 70.99320 68.31820 68.62720 69.40350 72.20070 73.13600 74.20120
65.92830 65.63300 65.35250 64.56710 64.95970 65.78730 64.08970 64.27880 65.48490 65.35150 65.19700 65.42620 65.17700 65.16670 66.27180 67.47240 67.27320 67.49350 67.75280 68.41480 68.07180 69.19600 69.44160 69.73200 69.20530 69.84530 69.49790 69.11190 69.44000 69.34860 69.23520 69.54180 69.08550 69.45760 69.03570 70.01490 70.93030 -9999 -9999 -9999 -9999 -9999 -9999 -9999 73.21720 72.53530 72.89960 -9999 -9999 -9999 -9999 -9999 74.89710 74.45090 73.47560 74.02810 73.88590 73.96410 73.90010 73.06460 73.23890 73.00930 72.56590 71.33090 72.55510 72.57850 72.13720 70.19270 72.70350 74.46970 -9999
