data/hydroclimate-scenarios/BCSD_hadcm_A1B/monthly_summaries/rh_monthly_avg_mar.2030-2059.asc
ncols	311
nrows	91
xllcenter	102.75
yllcenter	31.75
cellsize	0.5
NODATA_value	-9999
[rows 0 to 31 of 91, columns 213 to 283 of 311]
-9999 -9999 -9999 -9999 -9999 -9999 -9999 -9999 -9999 -9999 -9999 -9999 -9999 -9999 -9999 -9999 -9999 -9999 -9999 -9999 -9999 -9999 -9999 -9999 -9999 -9999 -9999 -9999 -9999 -9999 -9999 -9999 -9999 -9999 -9999 -9999 -9999 -9999 -9999 -9999 -9999 -9999 -9999 -9999 -9999 -9999 -9999 -9999 -9999 -9999 -9999 -9999 -9999 -9999 -9999 -9999 -9999 -9999 -9999 -9999 -9999 -9999 -9999 -9999 -9999 -9999 -9999 -9999 -9999 -9999 -9999
-9999 -9999 -9999 -9999 -9999 -9999 -9999 -9999 -9999 -9999 -9999 -9999 -9999 -9999 -9999 -9999 -9999 -9999 -9999 -9999 -9999 -9999 -9999 -9999 -9999 -9999 -9999 -9999 -9999 -9999 -9999 -9999 -9999 -9999 -9999 -9999 -9999 -9999 -9999 -9999 -9999 -9999 -9999 -9999 -9999 -9999 -9999 -9999 -9999 -9999 -9999 -9999 -9999 -9999 -9999 -9999 -9999 -9999 -9999 -9999 -9999 -9999 -9999 -9999 -9999 -9999 -9999 -9999 -9999 -9999 -9999
-9999 -9999 -9999 -9999 -9999 -9999 -9999 -9999 -9999 -9999 -9999 -9999 -9999 -9999 -9999 -9999 -9999 -9999 -9999 -9999 -9999 -9999 -9999 -9999 -9999 -9999 -9999 -9999 -9999 -9999 -9999 -9999 -9999 -9999 -9999 -9999 -9999 -9999 -9999 -9999 -9999 -9999 -9999 -9999 -9999 -9999 -9999 -9999 -9999 -9999 -9999 -9999 -9999 -9999 -9999 -9999 -9999 -9999 -9999 -9999 -9999 -9999 -9999 -9999 -9999 -9999 -9999 -9999 -9999 -9999 -9999
-9999 -9999 -9999 -9999 -9999 -9999 -9999 -9999 -9999 -9999 -9999 -9999 -9999 -9999 -9999 -9999 -9999 -9999 -9999 -9999 -9999 -9999 -9999 -9999 -9999 -9999 -9999 -9999 -9999 -9999 -9999 -9999 -9999 -9999 -9999 -9999 -9999 -9999 -9999 -9999 -9999 -9999 -9999 -9999 -9999 -9999 -9999 -9999 -9999 -9999 -9999 -9999 -9999 -9999 -9999 -9999 -9999 -9999 -9999 -9999 -9999 -9999 -9999 -9999 -9999 -9999 -9999 -9999 -9999 -9999 -9999
-9999 -9999 -9999 -9999 -9999 -9999 -9999 -9999 -9999 -9999 -9999 -9999 -9999 -9999 -9999 -9999 -9999 -9999 -9999 -9999 -9999 -9999 -9999 -9999 -9999 -9999 -9999 -9999 -9999 -9999 -9999 -9999 -9999 -9999 -9999 -9999 -9999 -9999 -9999 -9999 -9999 -9999 -9999 -9999 -9999 -9999 -9999 -9999 -9999 -9999 -9999 -9999 -9999 -9999 -9999 -9999 -9999 -9999 -9999 -9999 -9999 -9999 -9999 -9999 -9999 -9999 -9999 -9999 -9999 -9999 -9999
-9999 -9999 -9999 -9999 -9999 -9999 -9999 -9999 -9999 -9999 -9999 -9999 -9999 -9999 -9999 -9999 -9999 -9999 -9999 -9999 -9999 -9999 -9999 -9999 -9999 -9999 -9999 -9999 -9999 -9999 -9999 -9999 -9999 -9999 -9999 -9999 -9999 -9999 -9999 -9999 -9999 -9999 -9999 -9999 -9999 -9999 -9999 -9999 -9999 -9999 -9999 -9999 -9999 -9999 -9999 -9999 -9999 -9999 -9999 -9999 -9999 -9999 -9999 -9999 -9999 -9999 -9999 -9999 -9999 -9999 -9999
-9999 -9999 -9999 -9999 -9999 -9999 -9999 -9999 -9999 -9999 -9999 -9999 -9999 -9999 -9999 -9999 -9999 -9999 -9999 -9999 -9999 -9999 -9999 -9999 -9999 -9999 -9999 -9999 -9999 -9999 -9999 -9999 -9999 -9999 -9999 -9999 -9999 -9999 -9999 -9999 -9999 -9999 -9999 -9999 -9999 -9999 -9999 -9999 -9999 -9999 -9999 -9999 -9999 -9999 -9999 -9999 -9999 -9999 -9999 -9999 -9999 -9999 -9999 -9999 -9999 -9999 -9999 -9999 -9999 -9999 -9999
-9999 -9999 -9999 -9999 -9999 -9999 -9999 -9999 -9999 -9999 -9999 -9999 -9999 -9999 -9999 -9999 -9999 -9999 -9999 -9999 -9999 -9999 -9999 -9999 -9999 -9999 -9999 -9999 -9999 -9999 -9999 -9999 -9999 -9999 -9999 -9999 -9999 -9999 -9999 -9999 -9999 -9999 -9999 -9999 -9999 -9999 -9999 -9999 -9999 -9999 -9999 -9999 -9999 -9999 -9999 -9999 -9999 -9999 -9999 -9999 -9999 -9999 -9999 -9999 -9999 -9999 -9999 -9999 -9999 -9999 -9999
-9999 -9999 -9999 -9999 -9999 -9999 -9999 -9999 -9999 -9999 -9999 -9999 -9999 -9999 -9999 -9999 -9999 -9999 -9999 -9999 -9999 -9999 -9999 -9999 -9999 -9999 -9999 -9999 -9999 -9999 -9999 -9999 -9999 -9999 -9999 -9999 -9999 -9999 -9999 -9999 -9999 -9999 -9999 -9999 -9999 -9999 -9999 -9999 -9999 -9999 -9999 -9999 -9999 -9999 -9999 -9999 -9999 -9999 -9999 -9999 -9999 -9999 -9999 -9999 -9999 -9999 -9999 -9999 -9999 -9999 -9999
-9999 -9999 -9999 -9999 -9999 -9999 -9999 -9999 -9999 -9999 -9999 -9999 -9999 -9999 -9999 -9999 -9999 -9999 -9999 -9999 -9999 -9999 -9999 -9999 -9999 -9999 -9999 -9999 -9999 -9999 -9999 -9999 -9999 -9999 -9999 -9999 -9999 -9999 -9999 -9999 -9999 -9999 -9999 -9999 -9999 -9999 -9999 -9999 -9999 -9999 -9999 -9999 -9999 -9999 -9999 -9999 -9999 -9999 -9999 -9999 -9999 -9999 -9999 -9999 -9999 -9999 -9999 -9999 -9999 -9999 -9999
-9999 -9999 -9999 -9999 -9999 -9999 -9999 -9999 -9999 -9999 -9999 -9999 -9999 -9999 -9999 -9999 -9999 -9999 -9999 -9999 -9999 -9999 -9999 -9999 -9999 -9999 -9999 -9999 -9999 -9999 -9999 -9999 -9999 -9999 -9999 -9999 -9999 -9999 -9999 -9999 -9999 -9999 -9999 -9999 -9999 -9999 -9999 -9999 -9999 -9999 -9999 -9999 -9999 -9999 -9999 -9999 -9999 -9999 -9999 -9999 -9999 -9999 -9999 -9999 -9999 -9999 -9999 -9999 -9999 -9999 -9999
-9999 -9999 -9999 -9999 -9999 -9999 -9999 -9999 -9999 -9999 -9999 -9999 -9999 -9999 -9999 -9999 -9999 -9999 -9999 -9999 -9999 -9999 -9999 -9999 -9999 -9999 -9999 -9999 -9999 -9999 -9999 -9999 -9999 -9999 -9999 -9999 -9999 -9999 -9999 -9999 -9999 -9999 -9999 -9999 -9999 -9999 -9999 -9999 -9999 -9999 -9999 -9999 -9999 -9999 -9999 -9999 -9999 -9999 -9999 -9999 -9999 -9999 -9999 -9999 -9999 -9999 -9999 -9999 -9999 -9999 -9999
-9999 -9999 -9999 -9999 -9999 -9999 -9999 -9999 -9999 -9999 -9999 -9999 -9999 -9999 -9999 -9999 -9999 -9999 -9999 -9999 -9999 -9999 -9999 -9999 -9999 -9999 -9999 -9999 -9999 -9999 -9999 -9999 -9999 -9999 -9999 -9999 -9999 -9999 -9999 -9999 -9999 -9999 -9999 -9999 -9999 -9999 -9999 -9999 -9999 -9999 -9999 -9999 -9999 -9999 -9999 -9999 -9999 -9999 -9999 -9999 -9999 -9999 -9999 -9999 -9999 -9999 -9999 -9999 -9999 -9999 -9999
58.99400 58.73870 58.10330 58.33440 57.06190 56.60580 -9999 -9999 -9999 -9999 -9999 -9999 -9999 -9999 -9999 -9999 -9999 -9999 -9999 -9999 -9999 -9999 -9999 -9999 -9999 -9999 -9999 -9999 -9999 -9999 -9999 -9999 -9999 -9999 -9999 -9999 -9999 -9999 -9999 -9999 -9999 -9999 -9999 -9999 -9999 -9999 -9999 65.02840 -9999 -9999 -9999 -9999 -9999 -9999 -9999 -9999 -9999 -9999 -9999 -9999 -9999 -9999 -9999 -9999 -9999 -9999 -9999 -9999 -9999 -9999 -9999
58.61650 58.18010 58.21850 57.86130 57.85250 57.73720 56.19230 56.02680 54.77620 55.37000 55.76670 55.54240 56.34340 59.64660 60.28560 60.73600 60.93810 61.01260 65.76520 -9999 -9999 -9999 -9999 -9999 -9999 -9999 -9999 -9999 -9999 -9999 -9999 -9999 -9999 -9999 -9999 -9999 -9999 -9999 -9999 -9999 -9999 -9999 61.60880 62.06860 62.31880 62.39000 62.71270 63.18800 65.47880 -9999 -9999 -9999 68.14100 -9999 -9999 -9999 66.05290 66.74380 66.17560 -9999 -9999 -9999 -9999 -9999 -9999 -9999 -9999 -9999 -9999 -9999 -9999
57.73550 56.86650 56.88560 56.53690 56.43930 56.39960 51.41860 51.51180 51.71270 51.63360 51.75860 51.43010 52.09530 52.10450 51.82250 53.01950 53.23210 53.50740 54.60420 54.96930 56.11300 57.04340 58.22730 59.50040 59.53000 -9999 -9999 -9999 -9999 -9999 59.34470 59.17380 59.95200 60.62820 62.07590 63.75810 63.73090 63.50290 62.60790 62.16530 62.41550 62.14210 59.64770 60.37100 60.80400 61.01110 61.35020 62.10290 64.90750 65.89430 66.66050 67.45760 67.36400 68.36270 66.69910 66.45970 66.32400 65.69040 64.61490 63.96470 64.69160 64.33440 63.79710 63.51320 -9999 -9999 -9999 -9999 -9999 -9999 -9999
55.84750 55.69950 55.29860 54.56060 54.35210 51.53500 50.11910 49.81230 49.69240 50.14070 49.94350 51.23790 51.55300 51.84520 51.34940 51.32770 50.99040 51.28400 51.95940 52.87830 54.42760 55.23330 56.54250 56.25810 56.78240 56.94510 56.98620 58.32520 59.12260 58.98770 58.70680 58.27840 57.95080 58.57720 59.31090 59.72590 60.52730 61.23040 61.24070 60.83290 61.61030 62.04120 61.76600 62.07980 63.00040 63.06620 63.52270 63.81920 63.92370 64.22380 65.42780 65.64840 66.17630 66.29250 66.15010 66.51750 66.03080 65.74510 65.84370 65.52100 65.03770 64.96870 64.14780 63.44570 62.99980 61.77830 61.84510 61.27500 61.55350 62.58200 63.56200
50.46780 50.81180 50.92770 51.17900 51.09070 48.80520 48.66000 48.98540 48.46990 48.83240 48.66880 48.98140 49.18880 48.69680 48.32250 48.67530 48.95500 49.12070 50.93730 50.18060 52.92630 54.40500 59.51360 59.71320 55.68830 56.14750 54.61450 55.78970 56.63670 57.78040 57.71170 56.81100 56.77670 56.93510 56.67720 57.19040 58.46890 60.04960 59.85780 60.37180 60.43800 61.19640 61.20310 60.98290 61.57420 61.43590 61.84390 62.31110 63.11090 63.44860 64.18680 64.46890 64.86940 65.48210 65.24880 65.18960 65.24070 64.76500 64.75770 64.92380 64.67760 64.52020 63.38970 63.17000 62.77880 62.19120 62.06000 62.28190 62.78020 63.58230 64.43920
53.55680 53.51150 51.54900 48.32610 48.30040 47.59390 47.15520 45.73900 46.57270 46.64610 47.39840 46.88930 46.58320 46.98960 47.16690 46.57660 47.86520 46.99090 48.94300 49.28250 53.38000 55.34490 58.31440 58.75100 55.87470 54.78850 54.73670 53.81170 53.50650 54.81260 57.19970 57.79650 57.30370 56.42390 56.01650 56.58190 57.50180 57.90660 58.49310 59.33430 59.04490 59.44720 59.53680 60.06390 60.42450 60.86970 61.73780 61.85770 62.41000 62.73540 62.92950 63.32480 63.08560 63.66820 63.72040 63.81650 63.17460 63.98350 63.90150 63.93650 63.77110 63.54550 62.65700 62.84170 62.49570 62.34580 62.39100 62.77160 62.86420 63.31880 64.00290
53.44270 53.50740 52.99960 52.19330 51.16200 50.71970 50.27560 48.80680 50.32260 50.08250 50.50920 48.26190 50.79060 50.78820 50.61060 49.93600 49.36130 50.53560 56.75370 56.40480 54.51270 55.72770 55.09990 55.64700 52.20520 53.04070 53.78800 54.38560 55.03070 54.40120 56.64680 57.36580 57.09290 56.45690 55.90930 55.67620 55.63070 56.10530 57.30730 57.84450 58.07980 58.18440 58.58650 59.24730 59.26730 59.84220 60.76430 60.76590 61.25150 61.43190 61.93240 62.56650 62.16710 62.42070 62.60780 62.64440 62.82450 62.87120 62.89840 62.73280 62.31750 61.75020 61.94840 61.93120 61.79420 61.70330 61.99810 62.24820 62.65290 63.56780 63.99890
52.01100 52.56150 52.63500 51.31980 50.38070 49.92460 49.55880 50.05030 49.65720 50.19650 51.27420 51.77580 52.19170 52.14460 51.43310 51.10940 50.59200 50.88480 53.67980 50.12630 45.74680 46.95890 49.84920 49.56660 49.53010 51.74010 52.13820 53.16280 53.29530 53.88810 53.92510 55.56610 55.58770 55.17160 54.79270 54.45190 54.85570 55.58450 56.05820 56.60560 57.40380 57.09190 57.19950 57.66400 57.92490 58.20740 58.93380 59.48340 59.88200 60.53730 60.58060 60.65520 60.81630 61.06430 61.07170 61.09710 61.54380 60.80570 61.14810 60.31820 60.32360 60.06590 60.21320 60.39920 60.21330 60.71820 60.77770 61.44670 61.67400 62.07570 62.83540
51.87070 51.55750 49.93930 48.86870 48.96690 49.05250 48.63680 49.53040 50.05700 50.22910 51.29950 51.62460 52.35560 52.58400 51.79510 51.01950 49.92630 49.93650 54.29530 53.35740 43.29000 43.67840 44.40530 46.30370 47.16470 50.66560 51.67600 51.99060 51.85010 52.20890 52.48080 53.67190 54.07510 54.23320 54.33600 54.01890 54.09290 54.42520 54.87820 55.57800 55.99670 55.95140 56.16310 56.51020 56.52080 57.02850 57.70390 58.51810 59.00660 59.01780 59.57430 59.68320 59.25600 59.24440 59.54430 59.40170 58.79720 59.18740 59.15210 58.83930 58.78350 58.89400 58.94520 58.70020 58.85150 58.46350 59.25700 59.98110 60.09430 61.05370 61.45840
50.56310 49.41830 48.66830 48.61430 48.17890 48.93830 50.73630 51.89180 51.22480 50.65660 42.23650 46.32140 50.19830 50.91390 50.75510 50.20280 50.04430 48.73020 49.93240 51.44760 41.34610 41.93410 42.41770 43.54780 42.26250 46.31260 47.09090 48.18340 50.28620 51.29610 50.76070 51.71430 51.89500 52.35440 52.76620 53.46850 53.45750 53.55350 54.74110 54.91880 55.33520 56.02640 55.91600 55.45600 55.76050 56.07440 57.42510 58.18580 58.85350 59.03140 59.14920 59.17220 58.49330 58.61710 58.06650 58.00390 57.48440 57.42880 57.33060 56.93710 57.58000 57.58230 58.12430 58.18360 57.77040 58.27830 58.30550 58.73810 59.24740 59.89700 60.30420
49.95910 49.72170 49.69260 48.69640 47.66600 48.25080 49.62950 49.54800 50.59480 42.29960 38.91370 38.95090 40.74250 39.02540 39.61260 39.57720 49.33880 49.03920 49.37570 51.02980 41.81100 39.95210 40.72930 41.28080 41.26300 41.03190 44.15430 45.22680 46.95680 48.64460 49.20650 50.18440 50.63610 50.46330 51.57290 51.37880 51.24010 52.64400 53.57250 53.85330 54.43590 54.98730 55.60780 56.30360 56.53820 57.19750 57.73470 57.86610 58.61080 58.36300 58.06970 57.68220 57.30090 57.34290 56.42890 56.74250 56.14130 55.74990 56.29000 56.51000 56.93750 56.49630 57.04960 57.09190 56.67480 56.85300 57.07080 57.29780 57.97120 58.22110 58.73700
49.48090 49.42770 49.12610 48.25970 47.52350 47.37230 47.01370 47.86750 49.52120 50.08630 42.71920 38.38590 39.14920 38.84530 38.69880 38.96020 38.58740 38.26290 38.61660 50.84040 50.09630 38.81650 38.02700 37.41330 38.03570 38.09750 37.90380 39.84120 41.62680 43.94700 43.04300 44.58860 45.90650 46.79280 46.79490 48.37000 49.93370 49.97990 51.61140 52.51450 53.12250 53.97560 54.65550 55.06990 55.58630 56.23460 57.00790 57.31270 57.55810 57.40010 57.01610 56.31990 56.30810 56.53340 56.23340 56.01200 55.81560 55.37980 54.96910 54.78660 56.06320 55.88280 56.55010 56.12480 55.89670 55.53300 56.02020 56.25750 56.43020 56.91540 57.01410
48.64790 48.40790 48.51890 47.78920 47.70380 47.59250 47.79820 47.20930 47.17170 47.71430 48.85590 49.81920 44.27530 40.42810 39.72020 38.16280 38.00410 37.16740 39.64380 42.52870 42.44830 47.01770 36.85590 41.59150 36.96510 35.80520 35.85290 36.85670 40.84330 44.97350 44.80700 46.53910 45.37620 47.03800 45.34790 48.01310 49.78090 50.19240 51.48950 52.54050 52.99830 53.54490 54.40930 55.22590 55.32020 55.51260 56.83970 56.78800 57.27600 57.40350 57.19210 56.80390 56.21810 56.55750 56.10450 55.54870 55.04040 54.81130 54.47400 54.46840 54.84220 55.15980 55.61360 55.38150 55.42060 55.33030 55.35750 54.81110 55.52700 55.39110 55.97450
51.42460 51.40660 51.09760 50.31720 49.76990 50.49650 52.01340 50.84270 48.29080 50.53360 52.84720 53.59550 51.34890 47.52610 46.15830 45.57360 43.67630 42.85520 44.11010 38.96250 44.25180 41.97580 42.32260 43.37060 41.53670 42.10050 43.18620 43.91690 44.94350 46.89570 48.31250 46.94180 47.07890 47.30620 48.42580 48.79240 49.21220 50.42140 51.46160 52.18470 53.43890 53.79220 54.47750 55.39610 55.41850 56.27290 56.43040 56.39910 56.89660 57.17960 56.34870 56.36950 56.14060 55.38900 55.14120 55.18150 54.70940 54.53500 54.23750 54.05870 54.31950 54.48810 54.59170 54.99010 54.73840 54.80460 54.74030 54.61750 54.68330 54.61020 55.03120
54.82950 55.21130 53.61960 52.73020 52.48480 52.18590 51.98170 52.92340 52.81090 53.55560 53.51420 51.51780 51.90750 52.57530 51.62730 48.29700 43.88220 42.50680 49.65560 48.86190 46.88930 46.87370 45.05600 45.33820 41.11210 41.51150 41.73790 43.01970 44.01050 46.20410 47.12590 46.02840 44.61230 45.01020 44.35040 46.67090 48.64250 50.28690 51.03330 51.96530 53.08260 53.59010 54.58790 55.14590 55.71790 56.00950 55.86050 56.55160 56.84370 56.88320 56.25540 55.84440 55.65250 55.06400 54.29740 54.54770 54.82730 54.36440 54.17400 53.85410 53.47380 53.72560 54.00090 54.04310 53.72650 53.95820 53.83020 54.03750 54.06800 54.07480 53.76890
57.18940 57.05360 55.86630 54.45300 53.43190 52.84000 51.74330 50.42270 49.33910 48.96620 49.36940 49.95070 49.34490 49.69040 49.92670 49.46450 47.42850 42.18540 51.14740 51.27130 50.01140 49.10990 46.72120 43.95070 35.28520 32.01570 39.39040 40.79150 41.88800 44.52230 46.38880 44.60090 43.37610 41.10720 41.53930 46.19070 48.79280 49.80170 50.90370 51.91980 52.85280 53.69600 54.54260 55.14740 56.02190 56.08980 56.23490 55.93360 56.15070 55.66190 55.62280 55.00480 55.32310 54.67680 54.60070 53.69340 53.79030 53.72240 52.96500 52.80750 53.10070 52.63080 53.00040 53.20040 53.13990 53.23240 53.91370 54.02430 54.17680 53.92720 53.81450
59.25440 57.35060 57.57520 57.40890 56.47180 54.44310 51.28430 49.90260 47.79730 47.13870 46.36540 46.56570 51.99400 52.64810 52.56430 52.13190 51.10740 47.51060 50.23310 50.44780 50.71520 51.18760 49.55700 45.47470 40.72680 37.72900 37.86180 38.56060 41.69910 44.19340 44.78690 42.37620 42.48040 39.16270 42.45920 46.08230 49.31630 50.65800 51.69100 52.27030 53.53200 53.83460 54.78940 55.06710 55.83760 56.52020 56.32110 55.82810 55.61660 55.64110 54.95180 55.05210 55.16980 54.63390 54.30960 53.16700 53.27790 53.68120 52.78680 52.84320 53.28300 53.24480 53.72980 53.62880 53.44690 53.13230 52.66700 53.32890 53.86470 54.03660 54.20620
60.23990 58.23500 58.41920 59.33990 57.75540 53.92650 56.24900 56.30520 55.42330 52.87980 51.21750 48.62330 51.00360 53.19190 54.18590 53.99330 53.66440 53.01800 52.19700 52.40280 51.32680 50.91400 49.33860 45.57540 42.26930 41.21320 41.73960 43.58020 44.27120 45.03900 44.41730 42.00910 40.70330 40.35140 44.20660 47.32720 48.99440 50.08630 51.10310 51.91290 52.36560 52.81150 53.53490 54.17920 55.52880 56.33860 55.95780 55.47130 55.12560 54.98210 54.79830 54.65580 54.63170 53.91710 53.01320 53.29290 52.96380 52.57430 51.80730 51.92920 51.96420 52.35430 52.48350 52.44450 52.30350 52.31200 51.63310 52.20160 52.66910 53.73820 55.05520
62.34310 -9999 60.15690 61.22720 62.51230 62.07440 -9999 59.83550 59.59730 58.16000 57.78710 57.06870 57.08060 56.67500 56.64120 56.78540 55.07350 55.25390 54.61120 53.40080 52.65440 51.54760 51.31320 49.58060 47.64080 47.02450 46.80610 47.33150 49.31070 50.27100 50.80060 48.57460 44.49630 45.70540 47.50970 49.13290 50.52750 51.13260 51.85660 52.42130 52.89300 52.72760 53.23830 53.62690 54.09990 54.47710 54.88380 54.50320 54.68710 54.64810 54.49670 54.46260 54.16690 54.10090 53.04530 52.81240 52.29910 52.23350 52.15870 52.28040 51.93920 51.53230 51.60730 51.35540 50.95450 50.87140 50.82700 50.95820 51.14760 52.31820 51.58210
