data/hydroclimate-scenarios/BCSD_hadcm_A1B/monthly_summaries/rh_monthly_avg_apr.2070-2099.asc
ncols	311
nrows	91
xllcenter	102.75
yllcenter	31.75
cellsize	0.5
NODATA_value	-9999
[rows 0 to 31 of 91, columns 71 to 141 of 311]
-9999 -9999 -9999 -9999 -9999 -9999 -9999 -9999 -9999 -9999 -9999 -9999 -9999 -9999 -9999 -9999 -9999 -9999 -9999 -9999 -9999 -9999 -9999 -9999 -9999 -9999 -9999 -9999 -9999 -9999 -9999 -9999 -9999 -9999 -9999 -9999 -9999 -9999 -9999 -9999 -9999 -9999 -9999 -9999 -9999 -9999 -9999 -9999 -9999 -9999 -9999 -9999 -9999 -9999 -9999 -9999 -9999 -9999 -9999 -9999 -9999 -9999 -9999 -9999 -9999 -9999 -9999 -9999 -9999 -9999 -9999
-9999 -9999 -9999 -9999 -9999 -9999 -9999 -9999 -9999 -9999 -9999 -9999 -9999 -9999 -9999 -9999 -9999 -9999 -9999 -9999 -9999 -9999 -9999 -9999 -9999 -9999 -9999 -9999 -9999 -9999 -9999 -9999 -9999 -9999 -9999 -9999 -9999 -9999 -9999 -9999 -9999 -9999 -9999 -9999 -9999 -9999 -9999 -9999 -9999 -9999 -9999 -9999 -9999 -9999 -9999 -9999 -9999 -9999 -9999 -9999 -9999 -9999 -9999 -9999 -9999 -9999 -9999 -9999 -9999 -9999 -9999
-9999 -9999 -9999 -9999 -9999 -9999 -9999 -9999 -9999 -9999 -9999 -9999 -9999 -9999 -9999 -9999 -9999 -9999 -9999 -9999 -9999 -9999 -9999 -9999 -9999 -9999 -9999 -9999 -9999 -9999 -9999 -9999 -9999 -9999 -9999 -9999 -9999 -9999 -9999 -9999 -9999 -9999 -9999 -9999 -9999 -9999 -9999 -9999 -9999 -9999 -9999 -9999 -9999 -9999 -9999 -9999 -9999 -9999 -9999 -9999 -9999 -9999 -9999 -9999 -9999 -9999 -9999 -9999 -9999 -9999 -9999
-9999 -9999 -9999 -9999 -9999 -9999 -9999 -9999 -9999 -9999 -9999 -9999 -9999 -9999 -9999 -9999 -9999 -9999 -9999 -9999 -9999 -9999 -9999 -9999 -9999 -9999 -9999 -9999 -9999 -9999 -9999 -9999 -9999 -9999 -9999 -9999 -9999 -9999 -9999 -9999 -9999 -9999 -9999 -9999 -9999 -9999 -9999 -9999 -9999 -9999 -9999 -9999 -9999 -9999 -9999 -9999 -9999 -9999 -9999 -9999 -9999 -9999 -9999 -9999 -9999 -9999 -9999 -9999 -9999 -9999 -9999
-9999 -9999 -9999 -9999 -9999 -9999 -9999 -9999 -9999 -9999 -9999 -9999 -9999 -9999 -9999 -9999 -9999 -9999 -9999 -9999 -9999 -9999 -9999 -9999 -9999 -9999 -9999 -9999 -9999 -9999 -9999 -9999 -9999 -9999 -9999 -9999 -9999 -9999 -9999 -9999 -9999 -9999 -9999 -9999 -9999 -9999 -9999 -9999 -9999 -9999 -9999 -9999 -9999 -9999 -9999 -9999 -9999 -9999 -9999 -9999 -9999 -9999 -9999 -9999 -9999 -9999 -9999 -9999 -9999 -9999 -9999
-9999 -9999 -9999 -9999 -9999 -9999 -9999 -9999 -9999 -9999 -9999 -9999 -9999 -9999 -9999 -9999 -9999 -9999 -9999 -9999 -9999 -9999 -9999 -9999 -9999 -9999 -9999 -9999 -9999 -9999 -9999 -9999 -9999 -9999 -9999 -9999 -9999 -9999 -9999 -9999 -9999 -9999 -9999 -9999 -9999 -9999 -9999 -9999 -9999 -9999 -9999 -9999 -9999 -9999 -9999 -9999 -9999 -9999 -9999 -9999 -9999 -9999 -9999 -9999 -9999 -9999 -9999 -9999 -9999 -9999 -9999
-9999 -9999 -9999 -9999 -9999 -9999 -9999 -9999 -9999 -9999 -9999 -9999 -9999 -9999 -9999 -9999 -9999 -9999 -9999 -9999 -9999 -9999 -9999 -9999 -9999 -9999 -9999 -9999 -9999 -9999 -9999 -9999 -9999 -9999 -9999 -9999 -9999 -9999 -9999 -9999 -9999 -9999 -9999 -9999 -9999 -9999 -9999 -9999 -9999 -9999 -9999 -9999 -9999 -9999 -9999 -9999 -9999 -9999 -9999 -9999 -9999 -9999 -9999 -9999 -9999 -9999 -9999 -9999 -9999 -9999 -9999
-9999 -9999 -9999 -9999 -9999 -9999 -9999 -9999 -9999 -9999 -9999 -9999 -9999 -9999 -9999 -9999 -9999 -9999 -9999 -9999 -9999 -9999 -9999 -9999 -9999 -9999 -9999 -9999 -9999 -9999 -9999 -9999 -9999 -9999 -9999 -9999 -9999 -9999 -9999 -9999 -9999 -9999 -9999 -9999 -9999 -9999 -9999 -9999 -9999 -9999 -9999 -9999 -9999 -9999 -9999 -9999 -9999 -9999 -9999 -9999 -9999 -9999 -9999 -9999 -9999 -9999 -9999 -9999 -9999 -9999 -9999
-9999 -9999 -9999 -9999 -9999 -9999 39.60450 -9999 -9999 -9999 -9999 -9999 -9999 -9999 -9999 -9999 -9999 -9999 -9999 -9999 -9999 -9999 -9999 -9999 -9999 -9999 -9999 -9999 -9999 -9999 -9999 -9999 -9999 -9999 -9999 -9999 -9999 -9999 -9999 -9999 -9999 -9999 -9999 -9999 -9999 -9999 -9999 -9999 -9999 -9999 -9999 -9999 -9999 -9999 -9999 -9999 -9999 -9999 -9999 -9999 -9999 -9999 -9999 -9999 -9999 -9999 -9999 -9999 -9999 -9999 -9999
-9999 -9999 36.47110 36.31180 37.20120 38.88180 39.61540 40.50080 41.62870 43.59850 44.71100 45.64800 47.49880 48.14020 49.14260 50.05730 51.08390 51.63250 52.08960 52.78750 52.78960 52.63710 -9999 -9999 -9999 -9999 -9999 -9999 -9999 -9999 -9999 -9999 -9999 -9999 -9999 -9999 -9999 -9999 -9999 -9999 -9999 -9999 -9999 -9999 -9999 -9999 -9999 -9999 -9999 -9999 -9999 -9999 -9999 -9999 -9999 -9999 -9999 -9999 -9999 -9999 -9999 -9999 -9999 -9999 -9999 -9999 -9999 -9999 -9999 -9999 -9999
-9999 -9999 -9999 -9999 36.46230 37.18720 39.39100 39.87920 41.49900 42.34810 44.13530 45.69120 47.42780 48.22220 49.05660 50.19590 51.70700 52.46160 53.26810 53.87260 53.93470 53.67790 -9999 -9999 -9999 -9999 -9999 -9999 -9999 -9999 -9999 -9999 -9999 -9999 -9999 -9999 -9999 -9999 -9999 -9999 -9999 -9999 -9999 -9999 -9999 -9999 -9999 -9999 -9999 -9999 -9999 -9999 -9999 -9999 -9999 -9999 -9999 -9999 -9999 -9999 -9999 -9999 -9999 -9999 -9999 -9999 -9999 -9999 -9999 -9999 -9999
33.88310 34.25830 34.99780 35.61440 35.73380 36.83180 38.65320 39.15750 40.61650 41.35440 44.04630 45.00830 46.64470 47.60850 49.04810 49.90530 51.49150 52.29490 53.19100 54.00220 53.87630 53.89940 53.50220 52.83210 52.02910 51.86590 51.11150 50.46800 -9999 -9999 -9999 -9999 -9999 -9999 -9999 -9999 -9999 -9999 -9999 -9999 -9999 -9999 -9999 -9999 -9999 -9999 -9999 -9999 -9999 -9999 -9999 -9999 -9999 -9999 -9999 -9999 -9999 -9999 -9999 -9999 -9999 -9999 -9999 -9999 -9999 -9999 -9999 -9999 -9999 -9999 -9999
33.16660 33.41460 34.25930 34.78530 35.64800 37.34370 38.20960 39.57380 39.94520 41.07550 43.35330 44.65950 46.34380 47.79960 49.26690 50.55010 50.69890 51.80710 53.15870 54.82340 53.97620 53.43890 53.37820 52.98640 52.24150 51.41570 51.16000 50.63450 50.45680 49.80710 49.36140 48.87500 48.00410 47.92040 47.01470 46.34410 45.61440 45.68720 45.38170 45.16810 45.45460 45.92530 45.89220 -9999 -9999 -9999 -9999 -9999 -9999 -9999 -9999 -9999 -9999 -9999 -9999 -9999 -9999 -9999 -9999 -9999 -9999 -9999 -9999 -9999 -9999 -9999 -9999 -9999 -9999 -9999 -9999
32.57310 32.61910 33.26900 34.01590 35.92430 36.34200 37.15210 38.57920 39.05510 40.34740 42.78330 43.95180 46.15010 47.04670 48.72310 49.90690 50.08170 51.38510 52.22800 53.79250 53.76490 53.16550 52.62200 52.00400 51.65950 51.16660 50.39000 49.98160 49.99080 49.61820 49.94660 49.76500 47.11660 46.83580 46.74430 46.64550 46.30320 44.95490 44.91820 45.20560 45.70210 45.13840 45.23240 45.20710 -9999 -9999 -9999 -9999 -9999 -9999 -9999 -9999 -9999 -9999 -9999 -9999 -9999 -9999 -9999 -9999 -9999 -9999 -9999 -9999 -9999 -9999 -9999 -9999 -9999 -9999 -9999
33.03880 33.10300 32.52670 33.54210 33.99400 35.33050 36.57440 37.67740 39.92900 40.18040 41.81660 42.93560 44.84660 45.51930 47.28400 48.21750 49.78960 50.79260 51.03410 52.33390 52.68830 52.39490 51.78700 51.60290 51.31680 51.19710 50.77810 50.73440 50.07630 48.98830 48.96380 48.80860 48.10660 47.97190 47.48920 47.27070 47.34120 47.02730 47.17990 46.55300 46.48520 46.10170 45.93990 45.86400 -9999 -9999 -9999 -9999 -9999 -9999 -9999 -9999 -9999 -9999 -9999 -9999 -9999 -9999 -9999 48.12880 48.60580 -9999 -9999 -9999 -9999 49.36400 50.74400 51.35710 51.88720 51.79760 51.81910
31.89570 32.09550 32.05630 32.88870 33.93180 34.45610 35.29530 36.43100 38.54010 39.38150 40.94340 41.95530 43.64840 44.70490 46.57430 46.98620 48.65750 49.87920 49.79100 50.24190 51.04150 51.47430 51.58460 50.67710 50.59850 50.35880 50.74660 50.40830 49.98330 49.88750 49.53150 48.60820 48.25500 47.60500 47.91540 47.78740 47.35950 46.80470 46.83780 46.56600 46.73100 46.11870 46.23850 46.11500 45.91350 46.10960 46.31330 46.48190 46.35420 46.74790 46.85750 47.26930 47.24800 47.42840 48.17750 48.38910 48.32140 48.62890 49.37650 49.62820 50.23120 -9999 -9999 -9999 -9999 -9999 51.67590 51.87930 52.42220 53.42670 54.21520
31.03070 31.54870 31.61450 32.20930 32.78400 33.93550 34.58730 35.74290 37.36630 38.61320 39.20020 41.09080 43.15120 44.26280 45.07450 46.76580 48.33820 49.13050 49.24240 49.84840 50.09190 50.41130 50.20070 49.91290 50.25870 50.08210 50.05650 50.36140 50.38630 49.97380 49.60380 49.05910 48.66160 48.38030 48.71670 48.70600 48.13580 47.91300 48.23500 47.74640 46.89170 47.10510 46.38590 46.55310 47.45150 46.80990 47.15270 47.48070 47.71870 48.17290 47.38990 47.62440 48.74730 49.00090 48.93970 49.21640 50.06260 50.19940 50.58940 50.59160 51.04750 51.30090 51.39360 51.66290 51.47670 52.14720 52.47190 52.16320 53.95170 54.15100 55.30120
30.66830 31.23150 31.53600 31.42890 32.69900 32.67000 33.70730 34.71920 36.63020 37.75900 38.19690 40.16470 41.80440 43.24790 44.05730 45.69340 47.23770 48.03360 48.08020 48.18440 48.71200 49.13040 49.11570 49.59750 50.23840 50.16080 50.28870 49.84800 49.86540 49.47880 49.33610 49.17370 48.71730 48.65810 48.96980 48.50750 48.31370 48.15280 48.01030 47.87300 47.74180 47.60020 47.16250 47.10060 47.95000 48.15870 48.52640 48.40400 47.87670 48.14800 48.12810 48.35060 49.00550 49.75630 49.91490 50.29100 50.62510 51.28830 51.23590 51.45520 51.97200 52.88650 52.12640 52.51460 52.21130 52.95330 53.02440 53.22850 54.12930 54.82470 55.58960
30.01460 30.48300 30.31640 31.34380 32.20460 33.18280 33.30690 34.15250 35.53500 36.45980 37.96960 39.52570 40.87100 42.22480 42.63120 44.00560 44.70870 46.01970 46.43500 46.74760 47.30330 48.52110 48.79280 49.22320 49.94740 49.69840 49.55020 49.97390 50.09910 49.99060 49.70550 49.69460 49.40620 49.16610 49.20120 49.15680 48.54730 48.41060 48.11270 47.90290 47.78290 47.73560 48.18020 47.98120 48.37770 48.00380 48.49090 48.69530 49.28640 50.20220 49.64280 49.98020 49.56450 49.63320 50.41750 50.92520 51.91070 52.18260 52.23420 52.33860 51.98770 52.93330 53.23550 53.58610 54.04710 54.02010 54.51110 55.28860 54.58870 55.75750 56.56330
29.44340 29.77210 29.75120 29.92240 31.36120 32.50140 32.31740 32.98440 34.20130 34.95630 37.16240 38.03870 38.99210 40.39570 41.13550 42.50140 43.77520 44.62390 45.50500 46.02160 46.59960 47.18050 47.90020 48.71820 49.26600 49.13900 49.00120 48.98870 49.15760 49.44530 49.26290 49.33620 49.26860 49.08090 49.18690 48.70360 48.65340 48.63620 48.39190 48.63750 48.03970 48.42710 48.62680 48.79780 49.05350 49.37970 48.95380 49.39330 49.85110 50.31180 50.41340 50.71290 50.73520 50.25280 51.42150 51.88040 52.65720 53.02720 52.87120 52.52550 52.63340 52.90260 53.44340 53.86690 54.30810 54.79920 55.25430 55.61440 55.37150 56.20910 56.83500
29.23230 29.57860 29.75990 29.66410 31.14480 31.50280 32.19890 32.56090 33.08560 34.09700 35.65870 36.25610 37.84350 39.08260 40.13390 41.02270 42.07800 43.71930 44.14960 45.58180 46.16630 46.70910 47.65940 47.77500 48.81140 48.77790 49.12240 49.63780 49.75090 49.65470 49.17930 49.15370 49.09690 49.11970 48.88230 48.83840 49.06600 49.04680 48.66280 48.86290 48.79440 48.89280 49.32760 49.25980 49.31340 48.87680 49.40790 50.17050 50.73010 51.28400 51.21350 52.31730 52.79180 52.73730 53.01270 53.46700 53.38620 53.94860 53.30280 53.84000 54.21620 54.45780 54.71750 54.89050 55.24680 55.53540 55.58840 56.49340 56.24260 57.23230 57.99600
29.41130 29.77960 29.49400 29.35740 30.58970 30.92680 31.37240 32.43520 33.38110 33.41430 34.23030 35.83110 36.67720 37.99260 38.82490 40.14070 40.90300 42.41020 42.99220 44.30830 45.58290 46.33340 46.99200 47.76570 48.49000 49.27230 49.31090 49.07820 49.30920 49.23920 49.14010 49.03560 48.79620 49.02960 48.49340 48.88300 48.95020 49.29290 49.45080 49.78100 49.37740 49.76270 49.48970 50.12220 50.25130 50.22790 51.02990 51.09280 51.21800 51.65070 52.29500 52.97940 53.55740 53.52700 54.19350 54.67060 54.81830 54.96300 54.54790 54.86420 55.21090 55.17610 55.76100 55.80040 56.09400 56.13640 56.17800 56.67210 57.09580 57.87290 58.46190
28.89860 29.37590 29.31030 29.60770 29.89070 31.08690 30.58510 31.66980 31.98490 32.22390 32.67850 34.26190 35.73330 36.81360 37.03480 38.49120 40.41470 41.53080 42.58250 43.50900 44.14770 45.43340 46.24060 46.98080 47.68360 48.57340 48.81310 48.82600 49.31520 49.39550 49.29580 48.84060 48.86210 48.97070 48.57080 48.43970 49.03480 49.04600 49.45900 49.70420 49.27100 49.46530 49.78230 49.99410 50.75700 50.37840 51.78420 51.64760 51.53760 52.51180 53.21390 53.52000 54.28660 54.70020 54.98010 55.63150 55.45110 55.75680 56.05920 56.03560 56.30590 56.63190 56.44230 56.49080 55.94030 56.08510 56.38250 56.69570 57.64750 58.09860 59.23420
28.63570 28.80830 28.57090 28.88830 29.30920 30.81030 30.07020 31.47950 30.73770 31.55330 32.18030 33.39810 34.81670 35.22890 36.36480 37.29090 39.31230 40.38780 41.52770 42.90940 43.85440 45.01790 45.59430 47.03410 47.17000 48.25400 48.65040 48.84250 48.94620 48.78560 48.92650 49.20990 49.00500 48.67730 48.66750 49.11460 49.33030 49.62230 49.68770 49.79860 49.50310 50.13100 50.36030 50.45350 50.58540 50.60190 51.74510 52.42390 52.82000 53.63830 53.82780 54.42700 55.08270 55.67430 56.16940 56.44820 56.43850 56.75970 57.40340 57.36570 57.45280 57.63440 56.87440 56.86080 56.57000 56.94860 57.10510 57.54120 58.04480 58.57400 59.46630
27.77750 28.04660 28.37270 28.60280 29.16990 30.27970 30.20190 30.58760 30.26660 31.06790 30.98550 32.17040 33.31500 34.36860 36.27010 37.89290 38.36670 39.85600 41.19980 42.39810 43.56480 44.99010 45.52200 46.46380 47.57060 47.86920 48.19800 48.30110 48.51120 48.59050 48.62590 48.73980 48.97280 49.09110 48.48670 48.82670 49.00340 48.99530 49.65180 49.37900 50.23630 50.41030 50.11270 50.51920 50.50840 51.28480 51.95270 52.70350 53.48860 54.21050 54.30050 55.10420 56.15510 56.73220 56.64510 56.97910 57.29440 57.86170 58.03830 57.89060 57.97210 58.20000 57.63160 57.77760 57.28300 57.19800 57.94870 57.93560 58.41600 59.26730 59.75480
28.13010 28.21630 28.59920 28.96730 29.41900 30.09970 30.10390 30.84050 30.28050 30.18170 30.41690 31.80530 32.91310 34.78940 36.11460 37.83470 38.74740 39.67980 40.91230 42.01030 43.32760 44.25330 45.50040 46.21710 47.40370 47.88200 47.99610 48.07820 48.48360 48.58350 48.50920 48.57960 48.91070 49.21220 48.98570 48.98060 49.26940 49.29000 49.88140 49.86830 50.48980 50.49710 50.78500 51.22270 51.21740 51.58220 52.35720 53.39370 53.72360 54.32690 54.85530 55.52000 56.57180 56.66020 57.30610 57.66430 57.88260 58.57430 58.60320 58.66900 58.78460 58.79450 58.59700 58.47930 57.71220 57.98640 58.67400 58.76960 59.29320 59.89530 60.87180
29.19660 28.84910 29.62220 30.22470 30.26850 31.20020 29.59560 29.09940 30.39920 29.97740 29.99760 31.45470 33.50300 34.91900 35.88650 37.56900 39.65940 40.75070 41.72080 42.70860 43.85540 44.85960 45.48160 46.40440 47.45350 48.03530 47.93760 48.04350 47.96030 48.19360 48.54480 48.28170 49.11200 49.04240 48.87870 49.45330 49.32620 49.40430 49.49230 49.59150 50.19370 50.47350 51.17340 51.63810 51.11750 51.93900 52.30980 52.93910 54.65350 55.18890 55.92640 56.52090 56.96270 57.53490 57.92820 58.41880 58.81570 59.34150 59.75380 60.07540 60.24440 59.81620 59.41350 59.35030 59.05390 59.45120 59.31950 59.65190 60.13640 60.58780 60.92780
28.11360 28.76120 30.20000 30.51450 31.02180 31.41520 30.67890 30.14920 30.69120 30.62600 29.70180 31.50610 33.71720 35.37240 37.18720 38.66950 40.16630 41.18000 42.76440 43.61700 44.59950 45.66230 46.06890 47.29760 48.12640 48.19580 48.06530 48.13610 47.76210 47.97340 48.12690 48.93190 49.62380 49.31430 49.82850 49.56470 49.34720 49.79510 49.95470 50.35180 51.01420 50.96250 51.57820 52.27100 52.04400 52.37160 52.86710 53.85860 55.50770 55.86870 57.29040 57.75870 58.44000 59.29580 59.95670 60.51140 60.37740 60.68290 61.23460 61.47400 61.38070 60.79700 60.33860 60.27490 59.94690 60.03890 60.04870 60.84720 61.18710 61.85880 62.36850
29.91380 29.77800 30.88580 31.47840 32.45000 30.92620 33.12650 32.22650 32.49640 31.95960 32.44780 33.51270 34.76960 36.18550 38.32490 38.92790 40.88670 42.37220 43.59370 45.02330 45.20990 46.14200 47.46180 48.02600 48.67200 48.84890 48.93650 48.55700 48.70570 48.98550 49.21060 49.63890 49.84090 50.00150 50.06830 49.95610 50.35540 50.80450 50.73000 51.29540 51.22740 51.61450 52.97420 53.24010 53.00510 53.60130 54.54080 55.24450 56.67770 57.35930 58.18670 59.04750 59.71880 60.63050 61.41760 61.82430 62.52420 62.62770 62.27970 61.90900 61.77300 61.70700 61.35060 61.02650 60.74480 60.86540 61.26020 61.84760 62.25220 62.65440 63.23050
30.69270 31.34530 32.49570 32.47250 33.18920 33.73850 32.61650 34.37620 34.02030 34.68490 35.02080 35.99680 36.55700 37.80490 39.42690 40.80610 42.33640 43.40620 44.42470 46.18680 46.50690 47.98910 48.31900 49.07030 49.28700 49.94350 49.90570 49.79660 49.83940 50.20330 50.61720 50.89480 50.89060 51.25290 50.89510 51.02520 51.54510 51.85740 52.19880 52.49260 52.47870 53.13200 54.14310 54.47810 54.54940 55.25580 55.55920 56.72990 57.54030 58.52250 -9999 -9999 61.06320 62.28260 63.07690 63.07970 63.58960 63.79720 63.19860 62.69030 62.87140 62.56630 62.27940 62.04060 61.87850 61.84780 62.23380 62.69540 63.14830 63.94490 64.59300
32.90320 32.53970 34.14240 35.46270 35.43240 35.78880 35.06100 36.10130 36.16770 36.20720 34.76030 36.53250 38.17730 39.94460 41.15820 42.19530 43.28470 44.29510 45.70960 47.03360 48.99890 49.41140 49.89370 50.17260 50.57110 50.80560 51.18160 50.69480 51.04430 51.56410 51.98220 52.34700 52.43090 52.39790 52.57190 52.57970 52.89470 52.86640 53.50480 -9999 -9999 -9999 -9999 55.29960 -9999 56.24940 56.21490 57.22800 57.80940 58.69250 -9999 -9999 61.19430 62.33770 62.85180 63.10170 63.62560 63.43350 63.29510 63.09380 62.51430 62.32370 62.37950 61.98290 62.31430 62.32140 62.68510 63.08420 63.27020 64.05720 64.96540
34.02550 34.36690 37.02150 37.29370 37.52260 37.33420 37.97820 37.68230 37.68130 38.02420 37.15630 37.97620 39.65270 41.52080 42.69250 43.56700 44.24480 46.09950 47.58060 48.25610 50.23180 50.72460 51.79060 52.07370 52.25530 52.56650 52.73600 52.67600 53.26990 53.96950 53.98910 54.15680 54.11570 54.38420 54.00960 54.48520 54.36400 -9999 -9999 -9999 -9999 -9999 -9999 -9999 57.03650 57.35610 57.36830 -9999 -9999 -9999 -9999 -9999 62.87590 63.08670 62.87100 63.64370 63.52710 63.80870 64.43590 63.80550 63.66640 63.74830 63.66520 63.37430 63.50770 63.82630 63.95020 63.90980 64.71130 65.68640 -9999
