data/hydroclimate-scenarios/BCSD_hadcm_A1B/monthly_summaries/rh_monthly_avg_sep.2070-2099.asc
ncols	311
nrows	91
xllcenter	102.75
yllcenter	31.75
cellsize	0.5
NODATA_value	-9999
[rows 0 to 31 of 91, columns 213 to 283 of 311]
-9999 -9999 -9999 -9999 -9999 -9999 -9999 -9999 -9999 -9999 -9999 -9999 -9999 -9999 -9999 -9999 -9999 -9999 -9999 -9999 -9999 -9999 -9999 -9999 -9999 -9999 -9999 -9999 -9999 -9999 -9999 -9999 -9999 -9999 -9999 -9999 -9999 -9999 -9999 -9999 -9999 -9999 -9999 -9999 -9999 -9999 -9999 -9999 -9999 -9999 -9999 -9999 -9999 -9999 -9999 -9999 -9999 -9999 -9999 -9999 -9999 -9999 -9999 -9999 -9999 -9999 -9999 -9999 -9999 -9999 -9999
-9999 -9999 -9999 -9999 -9999 -9999 -9999 -9999 -9999 -9999 -9999 -9999 -9999 -9999 -9999 -9999 -9999 -9999 -9999 -9999 -9999 -9999 -9999 -9999 -9999 -9999 -9999 -9999 -9999 -9999 -9999 -9999 -9999 -9999 -9999 -9999 -9999 -9999 -9999 -9999 -9999 -9999 -9999 -9999 -9999 -9999 -9999 -9999 -9999 -9999 -9999 -9999 -9999 -9999 -9999 -9999 -9999 -9999 -9999 -9999 -9999 -9999 -9999 -9999 -9999 -9999 -9999 -9999 -9999 -9999 -9999
-9999 -9999 -9999 -9999 -9999 -9999 -9999 -9999 -9999 -9999 -9999 -9999 -9999 -9999 -9999 -9999 -9999 -9999 -9999 -9999 -9999 -9999 -9999 -9999 -9999 -9999 -9999 -9999 -9999 -9999 -9999 -9999 -9999 -9999 -9999 -9999 -9999 -9999 -9999 -9999 -9999 -9999 -9999 -9999 -9999 -9999 -9999 -9999 -9999 -9999 -9999 -9999 -9999 -9999 -9999 -9999 -9999 -9999 -9999 -9999 -9999 -9999 -9999 -9999 -9999 -9999 -9999 -9999 -9999 -9999 -9999
-9999 -9999 -9999 -9999 -9999 -9999 -9999 -9999 -9999 -9999 -9999 -9999 -9999 -9999 -9999 -9999 -9999 -9999 -9999 -9999 -9999 -9999 -9999 -9999 -9999 -9999 -9999 -9999 -9999 -9999 -9999 -9999 -9999 -9999 -9999 -9999 -9999 -9999 -9999 -9999 -9999 -9999 -9999 -9999 -9999 -9999 -9999 -9999 -9999 -9999 -9999 -9999 -9999 -9999 -9999 -9999 -9999 -9999 -9999 -9999 -9999 -9999 -9999 -9999 -9999 -9999 -9999 -9999 -9999 -9999 -9999
-9999 -9999 -9999 -9999 -9999 -9999 -9999 -9999 -9999 -9999 -9999 -9999 -9999 -9999 -9999 -9999 -9999 -9999 -9999 -9999 -9999 -9999 -9999 -9999 -9999 -9999 -9999 -9999 -9999 -9999 -9999 -9999 -9999 -9999 -9999 -9999 -9999 -9999 -9999 -9999 -9999 -9999 -9999 -9999 -9999 -9999 -9999 -9999 -9999 -9999 -9999 -9999 -9999 -9999 -9999 -9999 -9999 -9999 -9999 -9999 -9999 -9999 -9999 -9999 -9999 -9999 -9999 -9999 -9999 -9999 -9999
-9999 -9999 -9999 -9999 -9999 -9999 -9999 -9999 -9999 -9999 -9999 -9999 -9999 -9999 -9999 -9999 -9999 -9999 -9999 -9999 -9999 -9999 -9999 -9999 -9999 -9999 -9999 -9999 -9999 -9999 -9999 -9999 -9999 -9999 -9999 -9999 -9999 -9999 -9999 -9999 -9999 -9999 -9999 -9999 -9999 -9999 -9999 -9999 -9999 -9999 -9999 -9999 -9999 -9999 -9999 -9999 -9999 -9999 -9999 -9999 -9999 -9999 -9999 -9999 -9999 -9999 -9999 -9999 -9999 -9999 -9999
-9999 -9999 -9999 -9999 -9999 -9999 -9999 -9999 -9999 -9999 -9999 -9999 -9999 -9999 -9999 -9999 -9999 -9999 -9999 -9999 -9999 -9999 -9999 -9999 -9999 -9999 -9999 -9999 -9999 -9999 -9999 -9999 -9999 -9999 -9999 -9999 -9999 -9999 -9999 -9999 -9999 -9999 -9999 -9999 -9999 -9999 -9999 -9999 -9999 -9999 -9999 -9999 -9999 -9999 -9999 -9999 -9999 -9999 -9999 -9999 -9999 -9999 -9999 -9999 -9999 -9999 -9999 -9999 -9999 -9999 -9999
-9999 -9999 -9999 -9999 -9999 -9999 -9999 -9999 -9999 -9999 -9999 -9999 -9999 -9999 -9999 -9999 -9999 -9999 -9999 -9999 -9999 -9999 -9999 -9999 -9999 -9999 -9999 -9999 -9999 -9999 -9999 -9999 -9999 -9999 -9999 -9999 -9999 -9999 -9999 -9999 -9999 -9999 -9999 -9999 -9999 -9999 -9999 -9999 -9999 -9999 -9999 -9999 -9999 -9999 -9999 -9999 -9999 -9999 -9999 -9999 -9999 -9999 -9999 -9999 -9999 -9999 -9999 -9999 -9999 -9999 -9999
-9999 -9999 -9999 -9999 -9999 -9999 -9999 -9999 -9999 -9999 -9999 -9999 -9999 -9999 -9999 -9999 -9999 -9999 -9999 -9999 -9999 -9999 -9999 -9999 -9999 -9999 -9999 -9999 -9999 -9999 -9999 -9999 -9999 -9999 -9999 -9999 -9999 -9999 -9999 -9999 -9999 -9999 -9999 -9999 -9999 -9999 -9999 -9999 -9999 -9999 -9999 -9999 -9999 -9999 -9999 -9999 -9999 -9999 -9999 -9999 -9999 -9999 -9999 -9999 -9999 -9999 -9999 -9999 -9999 -9999 -9999
-9999 -9999 -9999 -9999 -9999 -9999 -9999 -9999 -9999 -9999 -9999 -9999 -9999 -9999 -9999 -9999 -9999 -9999 -9999 -9999 -9999 -9999 -9999 -9999 -9999 -9999 -9999 -9999 -9999 -9999 -9999 -9999 -9999 -9999 -9999 -9999 -9999 -9999 -9999 -9999 -9999 -9999 -9999 -9999 -9999 -9999 -9999 -9999 -9999 -9999 -9999 -9999 -9999 -9999 -9999 -9999 -9999 -9999 -9999 -9999 -9999 -9999 -9999 -9999 -9999 -9999 -9999 -9999 -9999 -9999 -9999
-9999 -9999 -9999 -9999 -9999 -9999 -9999 -9999 -9999 -9999 -9999 -9999 -9999 -9999 -9999 -9999 -9999 -9999 -9999 -9999 -9999 -9999 -9999 -9999 -9999 -9999 -9999 -9999 -9999 -9999 -9999 -9999 -9999 -9999 -9999 -9999 -9999 -9999 -9999 -9999 -9999 -9999 -9999 -9999 -9999 -9999 -9999 -9999 -9999 -9999 -9999 -9999 -9999 -9999 -9999 -9999 -9999 -9999 -9999 -9999 -9999 -9999 -9999 -9999 -9999 -9999 -9999 -9999 -9999 -9999 -9999
-9999 -9999 -9999 -9999 -9999 -9999 -9999 -9999 -9999 -9999 -9999 -9999 -9999 -9999 -9999 -9999 -9999 -9999 -9999 -9999 -9999 -9999 -9999 -9999 -9999 -9999 -9999 -9999 -9999 -9999 -9999 -9999 -9999 -9999 -9999 -9999 -9999 -9999 -9999 -9999 -9999 -9999 -9999 -9999 -9999 -9999 -9999 -9999 -9999 -9999 -9999 -9999 -9999 -9999 -9999 -9999 -9999 -9999 -9999 -9999 -9999 -9999 -9999 -9999 -9999 -9999 -9999 -9999 -9999 -9999 -9999
-9999 -9999 -9999 -9999 -9999 -9999 -9999 -9999 -9999 -9999 -9999 -9999 -9999 -9999 -9999 -9999 -9999 -9999 -9999 -9999 -9999 -9999 -9999 -9999 -9999 -9999 -9999 -9999 -9999 -9999 -9999 -9999 -9999 -9999 -9999 -9999 -9999 -9999 -9999 -9999 -9999 -9999 -9999 -9999 -9999 -9999 -9999 -9999 -9999 -9999 -9999 -9999 -9999 -9999 -9999 -9999 -9999 -9999 -9999 -9999 -9999 -9999 -9999 -9999 -9999 -9999 -9999 -9999 -9999 -9999 -9999
71.86020 71.98690 71.95560 71.75640 71.79780 71.90380 -9999 -9999 -9999 -9999 -9999 -9999 -9999 -9999 -9999 -9999 -9999 -9999 -9999 -9999 -9999 -9999 -9999 -9999 -9999 -9999 -9999 -9999 -9999 -9999 -9999 -9999 -9999 -9999 -9999 -9999 -9999 -9999 -9999 -9999 -9999 -9999 -9999 -9999 -9999 -9999 -9999 77.70640 -9999 -9999 -9999 -9999 -9999 -9999 -9999 -9999 -9999 -9999 -9999 -9999 -9999 -9999 -9999 -9999 -9999 -9999 -9999 -9999 -9999 -9999 -9999
71.06200 71.15360 71.89500 72.01330 71.65900 71.74700 72.20870 72.26290 72.52530 72.95980 74.02090 74.72020 74.81670 74.63960 74.58380 74.81390 75.04400 74.97020 76.87200 -9999 -9999 -9999 -9999 -9999 -9999 -9999 -9999 -9999 -9999 -9999 -9999 -9999 -9999 -9999 -9999 -9999 -9999 -9999 -9999 -9999 -9999 -9999 75.66060 76.40330 76.81120 76.57390 76.69940 77.16350 77.56560 -9999 -9999 -9999 80.41270 -9999 -9999 -9999 79.41960 79.18080 79.48110 -9999 -9999 -9999 -9999 -9999 -9999 -9999 -9999 -9999 -9999 -9999 -9999
70.69610 71.01460 71.83920 72.02080 71.64800 71.75010 72.49400 71.70140 72.29650 72.40090 73.20680 73.43460 73.58210 73.71330 74.12830 74.60740 74.71270 74.77920 74.28030 73.97260 74.28750 74.10060 74.31840 75.04250 74.12010 -9999 -9999 -9999 -9999 -9999 75.03330 75.00870 74.73720 74.97900 75.43680 75.86130 75.86480 75.32140 75.17460 74.88160 74.96890 75.02070 75.23070 75.27230 75.69370 75.87350 76.28520 76.68440 77.42680 77.65000 78.51110 79.12270 79.54440 79.27000 79.42700 79.57430 79.04240 78.89470 79.14080 79.26200 79.62970 79.35560 79.08950 79.37670 -9999 -9999 -9999 -9999 -9999 -9999 -9999
72.88800 73.05660 73.16330 73.13080 72.84710 73.03600 72.58920 72.82350 72.54350 72.73510 73.44810 73.07660 72.75670 73.04410 73.30770 73.72530 73.91330 74.04570 73.56360 74.12460 73.92160 73.32880 73.64340 73.42800 73.01700 73.32200 73.57250 73.68510 73.80080 73.85660 74.00190 74.05190 73.56620 73.46180 73.58750 73.69080 74.06250 74.11950 73.66350 74.03990 73.58860 73.70670 73.85840 74.42270 74.64710 74.71460 75.28770 75.61020 76.28370 77.12440 77.41080 77.70150 78.03920 78.57580 78.56610 78.27240 78.37890 78.45080 78.53580 78.51970 78.63220 78.60120 78.66800 78.98350 79.21900 79.50380 79.31580 79.76780 79.84880 79.51910 79.25090
73.21590 72.74300 72.68180 72.70930 72.38040 72.23680 71.44640 71.14850 71.55180 71.42300 71.74170 71.83780 71.91120 71.99720 71.76140 72.00030 73.41630 73.92360 74.09870 73.72390 73.80090 73.37100 73.10290 72.85540 71.94520 72.10490 71.87280 71.58240 71.73350 71.96810 72.59650 72.74520 72.54690 72.02380 71.70730 71.65270 72.34420 72.50250 72.56040 72.62370 72.65430 72.97350 73.04360 73.39410 73.48070 73.51500 74.21880 74.75660 75.38750 76.20390 75.94940 76.78650 77.07410 77.52130 77.78810 77.45820 77.54330 77.57040 77.79090 77.73170 78.04430 77.95790 78.24530 78.16490 78.51710 78.80520 78.53690 78.97280 79.00830 78.66160 78.77400
72.97970 72.33100 71.89880 71.75020 71.78010 71.71850 71.89450 71.41520 71.44110 71.34840 71.03180 70.99320 71.17490 71.32150 70.69270 71.89270 71.66700 71.88060 72.85240 72.29530 72.37270 72.17090 72.56000 72.15360 70.98480 70.70260 70.83090 70.21280 70.05330 70.11490 70.76760 71.28840 71.01520 70.86180 70.43570 70.52250 70.81510 71.30570 71.52160 71.75270 71.71310 71.56130 71.72730 71.79480 72.03410 72.63940 72.88870 73.37140 74.03270 74.74700 75.64890 75.99370 76.48500 76.73500 76.89570 77.11650 76.72990 77.01110 76.76020 76.78790 76.88640 76.83190 77.35920 77.56870 77.79080 77.91360 78.04660 78.51500 78.07030 77.88910 78.05570
73.06000 72.82000 72.37750 71.79540 71.23850 71.36750 71.29060 71.22560 70.84670 70.59970 70.44300 70.10680 70.31610 69.97010 70.60760 70.86610 71.09620 71.24390 72.31490 72.10450 71.68090 71.50530 70.61620 70.88240 69.40570 69.32790 70.01310 69.93130 69.35330 68.63780 69.43140 69.41220 69.36950 69.64540 69.41100 69.57410 69.80430 70.10800 70.46210 70.45800 70.55510 70.45450 70.53760 70.44100 70.57180 71.14160 71.40410 72.44200 73.21470 73.58510 74.43360 74.58100 75.32320 75.53950 75.56210 75.65730 75.46000 75.83250 75.91780 75.92250 75.87910 76.11620 76.89070 76.68110 76.77240 76.98160 77.27250 77.15280 76.80080 77.23830 77.08650
72.62060 72.51690 72.29860 71.98030 71.27760 70.87160 70.84410 70.43040 69.69030 69.37330 69.43110 69.32790 69.26180 69.60680 69.87950 70.94530 71.37740 71.42670 71.30720 71.15620 70.57150 69.99650 69.94650 69.22840 68.43840 69.02950 68.86450 68.70940 68.48140 68.15170 67.98870 68.44960 68.57540 68.91860 68.68350 69.07890 68.93790 69.16630 69.52480 69.60530 69.54090 69.74480 69.54270 69.22290 69.09460 69.64230 70.25100 70.95830 71.99580 72.49190 73.25700 73.52460 74.01650 74.39170 74.33980 73.98090 74.38940 74.44670 74.55150 74.82050 74.92830 75.19900 75.06730 75.27020 75.54490 75.88120 75.90280 76.49510 76.70360 76.86390 76.92840
71.60250 71.13190 70.42260 69.42270 68.88030 69.20060 69.09580 69.98600 69.90120 69.63460 69.14230 68.86380 68.89830 68.78310 69.24750 70.08950 70.37000 70.41130 70.94840 70.65440 69.40020 68.46480 68.19240 68.00740 67.53130 67.88770 67.56400 67.51070 67.29360 67.10560 66.72560 67.32580 67.70190 67.75720 67.79150 67.88060 68.26160 68.31580 68.47660 68.56360 68.88790 68.69910 68.41830 68.30910 67.95490 68.66800 69.30180 70.24460 71.07190 71.29720 72.26050 72.56950 72.93960 72.98630 72.91180 72.83850 72.92770 73.18540 73.15950 73.82600 74.01790 74.10760 74.41020 74.42690 74.69090 74.74850 74.80120 75.27030 75.52170 75.91540 76.26040
70.64990 69.30670 68.81460 68.96020 69.78140 70.87560 71.65500 71.80600 71.52780 71.08590 71.07760 71.20110 70.34140 68.27760 69.61690 69.78690 70.54700 70.03140 70.13310 69.56080 68.27850 67.26090 66.93880 66.55070 66.06490 66.45030 66.35590 66.28160 66.14950 66.34180 66.59290 67.06300 66.76030 66.86320 66.99740 67.38800 67.52790 67.70800 67.60890 67.83550 67.65530 68.06350 68.00310 67.71890 67.55940 68.27980 69.04480 69.90240 70.29600 70.76010 71.30260 71.61710 71.67280 71.52510 71.73000 71.62340 71.84090 71.92240 72.48790 72.69850 72.95430 73.05860 72.62150 72.67560 72.76250 73.10400 73.99570 74.54890 74.63390 75.26200 75.33400
70.79590 70.11700 70.54200 70.38830 69.91350 70.48150 71.09760 71.12440 70.64590 70.82580 71.03980 71.05790 70.97500 70.99940 70.52640 70.12910 69.27280 68.57190 69.32920 68.70100 67.73750 66.34580 65.86330 65.75170 65.14240 64.75960 64.79320 64.68290 64.76560 64.95560 65.28600 65.66110 65.86650 65.60570 65.44240 66.00040 65.92670 66.10920 66.47230 66.72210 66.81650 67.15780 67.41810 67.68920 67.82660 68.45760 68.66500 69.49630 69.87190 69.97220 70.46280 70.59670 70.53060 70.41530 70.39900 70.80060 70.79960 71.05430 71.33080 70.74630 71.13900 71.19150 71.49500 71.80650 71.90530 72.06170 72.96910 73.47000 73.58310 73.95510 74.38820
70.42590 70.21690 70.34600 70.30930 69.67380 69.41460 68.69380 69.24910 70.60680 70.99340 71.20170 71.06440 70.64510 70.39870 70.04750 69.58650 68.67710 68.34620 67.90170 68.09280 67.50090 65.58600 64.55400 63.94520 63.29170 62.86790 62.78970 63.31040 63.34790 63.35250 63.46830 63.88740 64.27860 64.54580 64.59780 64.74100 65.26920 65.47280 65.23970 66.20600 66.18060 66.34610 66.75910 67.05380 65.59360 65.70240 66.05910 69.14250 69.83580 69.53760 69.78460 69.79940 69.55820 69.71330 69.68200 69.55400 69.68880 69.89570 69.72370 69.87680 69.88570 70.17790 70.53060 70.50990 70.45660 70.57810 71.62580 71.72750 72.29750 72.63040 73.18060
70.18930 70.05910 69.63370 69.58930 69.72190 69.46480 69.70160 70.17360 70.24060 70.69050 71.18720 70.96170 71.02560 70.49650 69.70410 68.81440 68.05810 67.62060 67.53750 66.61460 66.19290 65.85810 64.57920 64.20640 62.54100 61.60460 61.90310 61.81820 62.26240 63.24050 63.46990 63.94380 64.04690 64.47120 64.25770 64.78200 65.06700 65.07060 65.50500 65.82340 66.14460 66.07260 66.60130 65.19550 65.87530 66.18240 66.42500 68.01640 69.04330 69.49770 69.45820 69.08370 68.72940 68.59620 68.87050 68.85950 68.48890 68.80980 68.64990 68.73920 68.68590 68.92070 69.26520 69.24080 69.54070 70.01480 70.28910 70.46270 70.88140 71.57670 72.24400
70.89400 70.73420 70.44600 70.17690 69.73270 69.98160 70.40440 70.65290 70.61150 71.38920 71.32700 71.05500 70.00450 68.76420 68.25310 68.14620 67.90430 67.30140 67.36880 66.24830 65.42770 64.87260 64.47250 64.13950 62.52540 62.14060 61.99210 61.94600 62.40580 63.51870 64.20150 63.97650 63.71480 64.08950 64.37840 64.56980 64.78100 65.22480 65.71180 66.01600 66.83360 67.01750 64.98160 65.46940 65.79600 66.47900 66.78040 66.90770 66.88220 69.19630 69.16460 68.62840 68.59650 68.28190 67.71640 67.69240 67.66370 67.80650 68.25300 68.35260 67.99260 68.12570 68.01420 68.29180 68.19530 68.27230 68.94730 69.07340 69.67930 70.13300 71.31990
71.38960 71.55310 71.07870 70.50070 70.31220 70.11250 70.54120 70.70320 70.65610 70.58140 70.51060 70.24670 70.43020 70.56400 70.30870 68.68750 67.24700 67.10770 67.57720 66.80020 65.87380 65.15700 64.56760 64.23460 61.70760 61.05470 60.57640 60.80310 61.64870 62.65720 62.78810 62.86660 63.24750 63.52520 63.68100 63.72360 64.74940 64.94630 65.61580 66.30610 66.77300 66.74790 65.21560 65.95530 66.37870 66.90880 67.08740 66.99810 66.74030 68.77880 68.74900 68.55260 68.11880 67.66340 66.96370 66.67110 66.61600 67.07440 67.26530 67.30270 67.14020 67.09000 66.85680 67.17540 66.66690 67.10340 67.78460 67.87680 68.69980 69.27930 70.55540
72.35500 72.45010 71.73930 71.26100 70.93940 70.75710 71.07620 69.78800 69.34760 68.83810 68.31370 68.00250 68.60720 69.52390 69.51840 69.73590 69.50590 67.53610 68.73470 67.95010 66.93090 66.06770 64.91430 63.73800 60.34060 59.24100 59.44370 59.78070 60.73900 62.05000 62.56340 62.94770 62.90820 62.93620 63.19260 63.70420 64.43930 64.98800 65.48010 66.15630 66.85530 67.12750 65.83650 66.43690 66.91110 67.21070 67.04480 66.77060 66.75770 66.65740 66.36280 68.43500 67.87470 66.98680 66.48040 66.20180 65.91710 66.32570 66.43870 66.24290 66.29510 66.09080 65.68490 65.92910 65.86790 65.89810 66.34070 67.00970 67.62830 68.43970 70.07580
72.68810 71.61640 72.43500 71.91830 70.73660 71.15240 70.88560 70.19290 68.39070 66.94600 66.08160 66.26040 69.42650 68.97130 68.64460 69.56900 69.36720 69.31530 69.28660 68.37620 68.08360 67.47670 65.87120 64.04980 62.23040 60.52720 59.96370 58.54140 59.69510 61.37590 61.84620 62.15780 62.25490 62.15190 62.79290 63.29890 64.22630 64.91280 65.60160 66.11270 67.04280 67.10940 65.71940 66.77580 67.35240 67.50060 67.46110 67.08300 66.74070 66.31330 66.19800 66.07610 67.59000 67.07830 66.51650 65.95120 65.85220 65.62610 65.80430 65.77090 65.72760 65.83650 65.38650 65.31980 64.98160 64.91220 64.74260 65.45380 66.66100 68.03940 69.71160
72.63250 71.92380 72.28590 72.31710 71.21710 70.64440 70.92850 70.20100 69.42750 68.35170 66.86830 65.70310 68.44480 69.39010 68.65900 68.91700 69.03370 69.03600 67.76490 67.73600 66.97310 66.05270 64.91460 63.91920 62.09410 60.71220 59.56040 60.09860 60.88740 61.96700 62.32870 62.78290 63.22410 62.66460 62.68880 62.87330 63.76790 64.30930 65.37330 65.98600 66.67220 67.32310 67.88860 66.23010 67.24570 67.65450 66.79960 66.65740 66.30170 68.08620 67.80260 67.54770 67.08270 66.89520 66.88070 66.25130 65.93610 65.72770 65.45620 65.08530 64.87900 64.75700 64.61530 64.09460 63.74600 63.19680 63.81530 64.40780 65.65740 66.97220 68.79340
73.93320 -9999 72.65550 72.31690 72.03810 72.75970 -9999 72.31820 71.46790 70.00350 68.18370 66.05740 67.70820 69.33130 69.70900 69.93870 69.83740 70.55630 68.45920 67.48000 66.68290 65.08370 65.80820 63.94540 62.13260 60.05170 60.54250 60.70810 61.70600 62.72410 63.31070 63.65760 63.29000 62.85720 62.76990 63.23810 63.60140 64.21920 64.78650 65.72430 66.08590 66.42290 67.50690 68.10940 66.43440 66.51390 66.42450 66.00490 67.98280 67.70760 67.40760 67.42400 67.21320 66.91200 66.63870 65.64770 65.57030 65.39200 65.24410 64.84040 64.60600 64.08280 63.68840 63.34730 62.77460 62.35140 62.42680 63.12480 64.38000 65.91480 67.31580
