data/hydroclimate-scenarios/BCSD_hadcm_A1B/monthly_summaries/rh_monthly_avg_oct.2070-2099.asc
ncols	311
nrows	91
xllcenter	102.75
yllcenter	31.75
cellsize	0.5
NODATA_value	-9999
[rows 32 to 63 of 91, columns 0 to 70 of 311]
-9999 -9999 -9999 -9999 -9999 -9999 -9999 -9999 -9999 -9999 -9999 68.64560 68.96980 69.42170 69.49670 69.64540 70.02200 70.29460 70.63910 70.79950 70.78340 71.32170 71.77430 71.73240 71.53350 71.16000 71.20510 70.67480 70.53440 70.42030 70.03370 69.68330 70.00200 70.30410 70.11780 71.26920 71.52470 71.42200 71.29920 71.44170 71.70410 72.00670 72.31600 72.34940 72.32890 72.37100 72.35930 71.94740 71.65080 71.34930 71.03590 70.22680 69.98660 69.35210 69.41290 69.43330 69.16560 69.48450 69.50130 69.36410 69.59150 69.53100 70.10350 70.36320 70.79840 70.88700 70.48000 69.86650 68.69360 67.89000 68.38440
-9999 -9999 -9999 -9999 -9999 -9999 -9999 -9999 -9999 -9999 -9999 68.76800 68.48520 69.22280 69.26640 69.57450 69.90170 70.27260 70.90080 71.08500 71.30600 71.58580 71.69260 71.68480 71.03840 70.78020 70.05580 69.83510 69.92990 70.02710 69.78110 69.13590 69.35190 69.84990 69.83970 70.93820 70.86940 70.70650 70.86080 70.20280 71.21210 70.96070 71.70780 71.88440 71.73490 71.75680 71.68420 71.32930 70.97350 70.91140 70.38680 70.05200 70.05030 69.89060 69.69770 69.67260 69.31840 69.56610 69.51710 69.49430 69.49950 69.78860 70.16430 71.02310 71.08710 70.68050 70.67310 70.17640 69.66260 69.15670 69.60810
-9999 -9999 -9999 -9999 -9999 -9999 -9999 -9999 -9999 -9999 -9999 -9999 68.79150 68.92210 69.29440 69.74130 70.13920 70.53960 70.99850 71.38170 71.60950 71.51690 71.18860 70.60020 70.06930 68.48920 68.22510 67.68470 68.03090 68.02210 68.16040 68.99210 68.98350 69.27610 69.52400 69.55890 69.99190 70.00180 69.91660 69.62870 69.89780 70.53130 70.83420 71.56380 71.80450 71.69990 71.46580 71.04200 70.68730 70.39010 69.96680 70.14140 69.55470 69.68590 69.30790 69.44670 69.52490 69.58060 69.43720 69.94180 69.95310 70.36260 70.31420 70.24490 70.62970 70.84940 70.90770 70.46120 69.03670 68.56340 69.86590
-9999 -9999 -9999 -9999 -9999 -9999 -9999 -9999 -9999 -9999 -9999 -9999 68.36310 69.04140 69.45620 69.35050 70.15070 70.88810 71.16830 71.30150 71.45140 70.15330 69.64730 69.26900 67.96300 68.01200 67.52390 65.90450 67.03470 66.35580 66.06410 66.74910 67.93550 68.61870 68.37810 68.90640 68.81450 69.36690 69.62320 69.56440 69.86510 69.79920 70.43690 71.32770 71.82830 71.84190 71.86590 71.27540 70.70550 69.88280 69.30280 69.96680 69.68380 69.47060 69.56470 69.64100 69.46040 69.77340 69.76050 69.55250 69.99050 69.27820 69.28860 69.42690 69.85770 70.64040 70.52020 70.55950 70.11610 69.80320 69.70620
-9999 -9999 -9999 -9999 -9999 -9999 -9999 -9999 -9999 -9999 -9999 -9999 68.63460 69.07970 69.24970 69.58170 70.00590 70.35700 70.33580 69.89760 70.06350 69.44680 69.30280 68.52310 68.12760 67.02690 66.86220 67.15060 66.05490 66.10260 65.99720 67.13940 66.72360 66.73950 67.70630 68.14050 68.38920 68.49930 68.79800 68.82640 68.68990 68.52120 69.68300 70.72230 71.21250 71.47060 71.07760 70.05380 69.58490 69.84040 69.28560 69.90430 69.67250 69.41720 69.24690 69.39400 69.40580 69.63050 69.24140 69.37880 69.29970 68.91070 69.41590 69.96410 69.74820 69.84260 69.94250 70.67550 69.83500 70.54690 70.80920
-9999 -9999 -9999 67.80140 67.41330 67.21690 67.60460 67.66680 67.39610 -9999 67.97520 68.24880 69.02480 68.90490 69.34620 69.10050 69.43890 69.70810 69.24920 69.11230 69.42110 69.52020 69.44230 68.99510 68.25970 67.53050 67.05660 65.25450 64.94020 63.33410 63.98360 65.34640 64.53790 63.72130 65.22430 65.87080 66.02220 66.23490 67.20690 68.03620 68.50290 68.47560 69.27800 70.02140 70.33450 69.90900 69.32780 69.30690 69.08260 68.79090 68.13830 68.45040 67.99480 66.89180 67.34690 66.54050 66.13260 68.13780 67.44960 68.65020 69.43700 69.17860 69.47830 68.99960 69.63760 70.08280 69.89740 70.04630 70.57850 70.80500 70.89750
-9999 -9999 -9999 67.77030 67.63220 67.18510 67.26560 67.32360 67.36910 67.81110 68.37900 68.52020 68.32940 68.63190 68.21350 67.72760 67.37640 67.61750 67.32750 67.91290 68.56660 67.95150 69.24030 69.65420 68.09220 67.54600 66.12120 64.98480 63.48810 61.88370 62.59090 62.45190 62.27990 61.92310 62.73450 62.68380 63.45130 63.37380 65.46220 65.22160 65.78570 67.24930 68.83060 68.73240 68.53580 68.26630 68.06300 69.38140 68.47720 67.51610 67.11540 67.14680 66.34910 66.13420 67.10780 66.77500 67.32120 67.45300 67.14030 67.71150 68.54130 68.53020 68.79500 68.98960 69.23550 70.46080 70.41510 71.04130 71.41690 71.34410 70.99840
-9999 -9999 -9999 67.72760 67.47740 66.91140 66.85360 67.23250 67.93400 68.14740 68.11460 68.14020 67.61420 66.97820 65.94970 66.55160 65.96470 66.24000 66.86170 67.21970 67.10180 66.63310 67.11740 66.64390 65.05580 65.31310 64.61080 63.66430 62.52240 60.42640 58.73660 59.43400 60.41400 60.75560 60.71270 61.24040 62.10950 62.73170 63.72850 64.17830 64.70320 65.73530 67.32420 68.12760 69.10260 68.80360 68.54720 67.75240 67.42390 66.30150 65.52590 67.12990 66.14460 66.52040 66.62280 66.81350 66.92460 67.67700 67.21050 67.35900 68.60280 68.92340 69.39530 68.88860 69.69950 70.03820 70.28640 70.29240 69.57640 70.04660 70.00450
-9999 -9999 -9999 67.49090 67.62540 67.16380 67.55070 67.11350 67.32960 67.28030 67.51000 68.00590 66.16690 65.66180 65.21200 65.37330 64.99540 64.39670 64.39100 64.86910 64.15360 63.52060 62.64320 63.25890 63.40090 63.64040 63.43790 62.44900 59.84840 58.12590 58.35000 60.14040 59.35270 57.74170 58.05630 59.04510 60.79520 62.49810 62.40610 63.40390 63.78540 63.88850 63.96570 65.62250 68.42940 67.34480 66.57980 67.51260 66.17510 66.46400 64.90260 65.98150 65.61290 65.07010 65.59180 66.31350 66.34840 65.95550 66.02290 66.61970 66.14550 67.97970 68.44680 68.58900 69.06890 69.87750 70.07560 69.47670 68.90310 69.42580 72.09120
-9999 -9999 -9999 67.17750 67.48350 66.41810 66.60040 66.83280 66.35320 66.82890 67.81900 66.92580 65.37870 64.48410 63.33580 63.85340 63.22700 63.52960 64.78080 65.15690 63.73610 62.71260 61.58000 63.17320 63.27940 63.38440 63.63800 62.01480 59.52320 58.01520 57.27210 57.96740 57.29320 57.19060 58.16700 58.56490 58.94370 60.30090 61.43750 62.15510 62.12100 62.39750 63.07610 64.03290 65.60840 65.99340 66.05590 66.36010 65.97710 65.45180 65.08370 66.24690 65.30110 64.22600 65.39090 64.68360 66.03790 66.47730 66.35480 65.36860 66.54350 67.11320 67.85400 67.04350 67.66570 69.44800 69.39800 68.93990 68.79440 71.09730 73.71890
-9999 -9999 -9999 -9999 66.17990 65.92150 65.99550 65.78550 65.92960 66.45460 67.22600 66.48460 63.42990 64.87980 -9999 -9999 -9999 -9999 -9999 60.54390 60.30270 60.65980 59.99400 59.08530 59.58030 60.31010 61.77810 60.58120 59.24520 59.04670 57.96230 57.21760 56.82390 57.53520 58.95800 59.43310 59.18420 60.37810 60.57610 61.12060 62.29940 62.62530 62.83540 62.95290 63.97860 64.77710 64.99500 64.56850 65.18520 65.64220 65.08620 64.92380 65.44040 64.14980 64.04660 63.45370 63.64470 64.17970 64.61120 65.82080 65.76010 65.63130 66.40330 67.27950 67.72120 67.89660 69.06200 70.56460 71.68720 -9999 -9999
-9999 -9999 66.86930 66.35990 66.00080 66.03500 65.87140 65.21500 65.98580 66.35120 66.98490 66.12110 63.23630 -9999 -9999 -9999 -9999 -9999 58.68590 59.47430 59.11920 60.08980 60.03310 59.14530 58.89100 59.30700 60.73910 60.59320 59.91880 59.61650 58.53340 57.57910 57.62200 57.36520 57.88370 58.87640 58.65170 59.11250 59.57980 60.38800 60.41880 61.52390 62.07080 62.69170 63.71680 64.19890 64.35690 64.95230 65.72700 66.69530 66.27770 66.26890 65.49720 65.87100 65.00520 65.63550 65.15640 64.37920 64.82400 66.91180 66.99280 67.20070 67.59430 67.63900 68.83520 69.54120 70.35060 -9999 -9999 -9999 -9999
-9999 -9999 66.49160 66.40260 66.26930 66.10870 66.32450 65.61930 66.02390 66.46020 66.02860 65.48330 65.44580 -9999 -9999 -9999 -9999 61.60140 58.39160 59.50310 58.82830 58.85360 58.77630 59.34070 59.98200 60.85600 60.64890 59.99650 59.57570 59.43300 58.52460 57.06380 57.86870 57.80200 57.44870 57.77250 58.15410 58.49330 57.78210 57.99720 59.29790 59.47550 60.06660 61.23800 61.68750 62.82320 64.00210 64.10070 65.86160 65.86160 66.27960 66.50700 66.46670 66.66410 66.29660 67.80430 67.24920 65.36460 65.51320 67.04980 67.65330 67.15320 68.19140 69.84880 70.79070 -9999 -9999 -9999 -9999 -9999 72.61390
-9999 -9999 66.85160 66.04210 65.90930 66.00040 66.25350 66.16780 65.97720 66.11270 65.26140 64.90940 67.71420 -9999 -9999 -9999 -9999 59.04520 58.74320 58.80110 58.09640 58.61600 59.43240 60.01220 59.61360 59.95930 59.17390 59.60880 59.01950 58.75330 57.91370 57.48550 57.02650 56.48500 57.16280 56.93030 56.76940 56.81200 56.57610 57.91540 58.23160 59.58110 60.00840 60.16550 61.53210 61.51560 62.16650 62.87140 64.22210 64.73550 65.91570 65.84670 66.05940 66.04390 65.98700 67.70400 67.97810 66.93380 67.41130 68.27080 69.68590 70.02780 70.31060 69.64530 68.91950 69.04110 70.88700 70.02410 71.35980 -9999 -9999
-9999 -9999 -9999 66.42530 66.07440 66.16490 66.65700 67.04330 66.41460 65.75160 66.53410 67.32100 -9999 -9999 -9999 -9999 60.88670 59.72190 59.76860 59.32350 59.19070 59.40090 59.11750 59.33830 59.18790 58.94270 58.81100 58.53180 58.43500 56.89470 56.86300 57.36300 57.72810 57.20770 57.01880 57.06160 57.43310 57.51340 57.54900 57.93570 58.29400 59.06890 59.26550 60.26540 61.75390 62.06560 63.12980 64.32080 64.40360 64.96320 64.43890 65.02220 65.61920 65.34790 64.74010 65.48610 66.19640 65.71790 66.54320 67.87990 68.76260 68.72940 67.51830 65.28520 64.04720 68.27880 70.16310 70.17780 70.86910 72.49700 -9999
-9999 -9999 -9999 -9999 66.48050 66.31330 66.45950 66.03970 65.73190 66.95230 66.95070 -9999 -9999 -9999 -9999 61.95000 60.62680 60.66060 60.49350 59.55500 59.57560 59.78040 59.18740 58.20880 58.42110 59.08030 59.13980 58.89650 58.37630 57.87350 57.30880 58.59680 58.37840 57.90270 56.80250 56.89600 57.22320 57.16360 57.04750 57.41370 57.24200 57.98450 58.95430 59.97300 61.37610 61.88930 62.67980 63.72500 64.37890 64.67890 65.21090 65.48180 65.23720 65.33150 65.99590 66.80470 67.42810 66.30930 66.88230 68.05420 67.44440 66.64200 66.65790 67.04980 66.26040 67.93190 69.86800 70.37560 69.87420 70.60510 71.24780
-9999 -9999 -9999 -9999 -9999 -9999 66.07940 66.31680 65.97930 66.28280 66.09390 -9999 -9999 -9999 -9999 -9999 61.40010 60.94130 60.65830 59.86140 59.09280 60.73010 58.61220 58.13290 58.44700 59.51820 59.73760 59.36370 59.42250 58.89920 58.28840 58.70800 58.86280 57.37260 57.31000 57.67690 57.08280 56.38780 57.02080 56.39790 56.51140 56.45770 57.41380 58.80370 59.74720 61.23200 62.23350 63.33480 63.71690 64.30030 64.95070 65.04380 65.61680 65.78640 66.00950 66.46050 66.93320 66.88740 66.79020 66.91450 66.46420 65.79590 65.91960 65.66590 65.07090 66.73160 68.96410 70.10450 70.22280 70.10800 70.34440
-9999 -9999 -9999 -9999 -9999 -9999 -9999 -9999 -9999 -9999 -9999 -9999 -9999 -9999 -9999 -9999 -9999 -9999 -9999 59.37860 59.11850 59.79990 58.94630 59.00050 58.96630 59.26310 59.10300 60.46090 60.15150 59.37630 58.98240 59.04300 58.19900 57.82440 57.65670 57.27770 57.45790 56.52220 56.38240 55.57890 55.60340 56.23800 57.26630 58.36780 59.13950 60.88490 62.27340 62.97720 63.53820 64.30560 64.62330 65.16900 65.33210 65.93780 65.88520 66.33660 66.71140 66.96660 66.61130 66.39050 65.28610 65.94500 65.75020 65.29690 65.21330 68.11030 69.67370 70.27860 70.21390 69.71610 69.83860
-9999 -9999 -9999 -9999 -9999 -9999 -9999 -9999 -9999 -9999 -9999 -9999 -9999 -9999 -9999 -9999 -9999 -9999 59.56220 58.89470 59.01130 59.00240 59.25130 59.33850 59.67160 59.55390 59.93690 59.84760 59.24290 58.86030 58.77290 58.28890 57.72960 57.70280 57.23870 57.34990 56.74320 56.58490 55.64560 55.01920 55.12440 56.14350 56.92620 57.50310 58.48520 59.63090 61.49490 62.94580 63.78770 64.18990 64.87530 65.24850 65.56400 65.82170 65.68550 66.35840 66.53910 65.67580 65.07610 66.20290 66.64450 67.12090 66.51090 66.52780 66.06010 68.34080 69.82680 70.39340 70.39440 70.57100 70.66780
-9999 -9999 -9999 -9999 -9999 -9999 -9999 -9999 -9999 -9999 -9999 -9999 -9999 -9999 -9999 -9999 -9999 59.29470 59.08760 59.34880 58.77510 58.80540 59.08620 59.33440 59.93020 59.58720 59.85440 59.57830 58.56190 58.15060 58.34590 58.51540 58.05140 58.34560 58.09090 56.89770 56.06690 55.72250 55.67130 55.28020 55.47410 56.17390 56.79940 57.75220 58.67670 60.17380 61.45310 62.41990 63.92730 64.41340 65.36600 65.84180 65.48970 65.61510 65.87700 66.29170 66.09600 65.13940 65.13150 66.16000 68.07940 67.33150 65.16560 65.10740 68.19830 69.36520 69.71120 70.53790 70.64230 70.84710 70.20720
-9999 -9999 -9999 -9999 -9999 -9999 -9999 -9999 -9999 -9999 -9999 -9999 -9999 -9999 -9999 -9999 -9999 58.71820 58.56220 57.51830 57.93010 58.31620 58.86330 59.36820 60.66070 59.90360 60.02750 59.45930 59.35330 58.71950 58.63970 58.68680 58.75420 59.29610 58.15020 57.22190 56.54080 56.14690 55.06730 54.97210 55.43890 56.65870 57.15250 58.15650 59.26760 61.29700 62.23790 61.88260 63.15450 64.92760 65.74180 65.66230 65.57190 65.60430 66.05110 66.00530 64.91750 65.24220 66.25680 66.91130 67.15330 66.35870 66.63220 66.74800 65.84270 67.63400 69.55930 69.32210 70.46810 71.06530 71.59880
-9999 -9999 -9999 -9999 -9999 -9999 -9999 -9999 -9999 -9999 -9999 -9999 -9999 -9999 -9999 -9999 56.66250 56.73490 56.54200 56.30120 57.59750 58.83430 58.80690 59.55070 60.85050 59.96960 60.43500 60.71720 59.92180 59.26990 59.15480 59.22960 59.20080 59.80160 59.37480 58.36250 57.36280 56.37740 55.38790 56.29400 56.54750 56.70760 57.41930 58.82890 60.04350 61.61240 62.47690 61.76880 62.95070 64.97970 65.68470 65.62670 65.48930 65.71560 65.87910 66.11000 65.89670 65.90120 66.60790 66.35120 67.20760 67.13390 66.79490 65.55570 67.44490 68.63680 69.64140 70.49770 71.42460 71.71520 71.68950
-9999 -9999 -9999 -9999 -9999 -9999 -9999 -9999 -9999 -9999 -9999 -9999 -9999 57.29610 56.16460 56.25000 55.76510 54.87310 55.46330 57.02210 57.55300 57.80480 58.84200 59.18470 59.21020 60.41510 60.34880 60.14550 60.09930 60.15200 59.82700 59.80560 59.53310 59.50740 59.32080 58.65040 58.29270 58.11270 57.16390 56.89340 57.25620 57.75800 58.27850 59.66700 60.72810 61.90590 62.62500 62.85870 63.30670 63.60070 64.19950 64.78870 64.96210 65.86740 66.36490 66.40480 66.55660 66.63120 67.03250 67.52520 67.68810 68.18920 68.60400 69.02920 70.21320 71.26560 71.70780 71.90600 71.68060 72.01910 71.40090
-9999 -9999 -9999 -9999 -9999 -9999 -9999 -9999 -9999 -9999 -9999 -9999 57.01870 56.30000 55.34900 55.47390 55.44490 55.32240 55.34340 57.33550 57.35190 58.06890 58.95340 59.22140 59.29340 60.21500 60.05400 60.15090 60.12610 60.08330 59.91920 59.82390 59.75330 59.92860 60.13930 59.76390 59.14180 59.17820 58.71730 58.74640 58.28810 58.43790 58.57840 60.06800 61.45500 62.38040 63.05020 63.46630 63.42150 63.26090 63.82780 64.40020 64.87300 65.60120 66.31490 66.83530 66.89620 66.43190 66.39110 67.23830 67.75710 68.66110 69.26260 69.66660 70.69270 71.88940 71.99580 71.96050 72.05830 71.72240 70.92220
-9999 -9999 -9999 -9999 -9999 -9999 -9999 -9999 -9999 -9999 -9999 54.84870 54.99750 54.41070 54.99240 55.67310 55.61560 55.96850 56.02110 56.44380 57.31440 58.15790 58.89890 59.20310 59.30020 59.05010 59.21450 59.78530 60.07700 59.85290 59.57120 59.64180 59.85430 59.83860 60.36500 59.41830 59.02890 59.28740 59.86660 59.95400 59.84400 59.62710 60.28590 61.41230 62.26750 63.12040 64.02500 64.18520 63.99320 63.85870 64.14540 63.49700 64.00900 64.52350 65.34570 66.23440 66.85530 66.82690 67.95290 68.58310 69.02820 69.86580 70.56510 71.12230 71.72580 72.26420 72.28900 72.15020 71.74340 71.01720 70.16070
-9999 -9999 -9999 -9999 -9999 -9999 -9999 -9999 -9999 -9999 54.62000 54.18300 55.29410 54.35700 54.79030 55.22590 55.14850 55.39910 55.59040 56.22880 56.55580 58.11460 58.57170 58.93590 58.86320 58.91210 58.59880 59.20220 59.38750 59.03280 58.80140 58.97760 59.51500 59.78900 59.88260 59.12010 58.83260 59.51770 60.46400 60.84720 60.99830 61.58190 62.11520 62.54390 63.38450 64.24880 64.97250 65.05070 64.91340 64.78710 64.53340 63.39590 63.87020 64.36140 64.89960 65.90970 66.23620 67.02890 68.30300 68.85700 69.30260 69.94690 70.44220 70.94380 71.37400 71.92870 72.30700 72.10390 71.23230 70.32190 69.81810
-9999 -9999 -9999 -9999 -9999 -9999 -9999 -9999 -9999 55.29760 55.01940 55.04950 54.73630 54.66320 54.44000 54.38770 54.34630 54.63860 55.46900 55.98200 56.73680 57.05440 57.46760 57.96490 58.10200 58.50410 58.67090 58.10050 58.53480 58.57040 58.99740 58.24250 58.31900 58.29140 58.02280 58.09740 58.17800 59.84230 60.49400 61.58170 62.35820 63.01190 63.63000 64.20950 64.82050 65.32420 66.01790 66.00040 66.15400 65.98110 65.19340 64.13160 63.29130 62.27410 62.70660 66.37870 67.09160 67.84610 68.49730 69.02240 69.42940 69.88450 70.31280 70.66690 71.22220 71.38880 71.52360 71.07240 70.56040 70.46170 71.15020
-9999 -9999 -9999 -9999 -9999 -9999 -9999 -9999 -9999 -9999 54.47030 54.75900 54.76750 54.53690 54.59630 53.85440 53.49800 53.75710 54.54680 55.08010 55.35870 56.10170 56.75670 -9999 -9999 -9999 -9999 -9999 -9999 58.42970 58.40030 58.13700 58.05300 57.92220 58.04560 58.06420 58.48750 60.08250 60.92240 62.14670 63.14990 63.72500 64.43080 64.82760 65.44640 65.85370 66.29350 66.40250 66.51430 66.32080 65.54600 64.37610 63.30190 62.35840 62.86060 66.38590 67.10580 67.76700 68.41680 68.87170 69.24970 69.36370 69.69080 70.01410 69.63520 70.56870 70.60880 70.22560 68.60260 69.70560 69.67200
-9999 -9999 -9999 -9999 -9999 -9999 -9999 -9999 -9999 -9999 -9999 -9999 54.26970 54.31570 53.97640 54.24400 53.75440 53.99170 54.31810 -9999 -9999 -9999 -9999 -9999 -9999 -9999 -9999 -9999 -9999 -9999 -9999 -9999 -9999 58.42060 57.95460 58.80930 59.34650 60.63240 61.75630 62.78060 63.46410 64.11420 64.60060 65.26240 65.60820 66.35330 66.61740 67.13540 66.78430 66.55210 65.78560 63.47710 63.12570 63.33620 63.98070 65.90760 66.27740 67.21990 67.88950 68.26570 68.62910 68.66640 68.96200 69.40820 69.90820 70.37200 70.08900 69.97310 69.72330 70.55900 70.97700
-9999 -9999 -9999 -9999 -9999 -9999 -9999 -9999 -9999 -9999 -9999 -9999 -9999 -9999 -9999 -9999 -9999 -9999 -9999 -9999 -9999 -9999 -9999 -9999 -9999 -9999 -9999 -9999 -9999 -9999 -9999 -9999 -9999 -9999 58.09740 58.46870 60.11690 60.80770 61.93380 63.09800 63.66090 64.22610 64.71100 65.39020 65.75710 66.13370 66.41830 66.80820 66.50910 66.10950 65.13620 63.46530 62.80470 62.97620 63.49130 65.49810 65.86700 65.87960 66.58800 67.33500 67.99780 68.33900 68.86600 69.29440 69.98060 69.83160 69.60560 69.18260 68.88200 70.07620 71.68530
-9999 -9999 -9999 -9999 -9999 -9999 -9999 -9999 -9999 -9999 -9999 -9999 -9999 -9999 -9999 -9999 -9999 -9999 -9999 -9999 -9999 -9999 -9999 -9999 -9999 -9999 -9999 -9999 -9999 -9999 -9999 -9999 -9999 -9999 58.23870 58.81540 59.42000 60.86180 62.16930 63.44980 64.22060 64.51690 64.96440 65.37330 65.74590 65.97040 66.16610 66.14790 66.20060 65.12970 64.14050 63.75580 63.77990 62.01600 62.56790 64.32590 65.18270 65.69690 66.36330 67.20000 68.19870 68.65580 68.77480 68.96870 69.34660 68.69130 69.16010 68.77140 68.56480 70.27080 -9999
-9999 -9999 -9999 -9999 -9999 -9999 -9999 -9999 -9999 -9999 -9999 -9999 -9999 -9999 -9999 -9999 -9999 -9999 -9999 -9999 -9999 -9999 -9999 -9999 -9999 -9999 -9999 -9999 -9999 -9999 -9999 -9999 -9999 -9999 -9999 -9999 -9999 -9999 62.31010 63.55540 64.01360 64.37470 64.99040 65.38880 65.60510 65.91820 65.91000 65.82290 65.46280 64.36640 63.66870 63.18740 63.08280 61.79370 61.78890 63.69030 64.47800 65.49210 66.41370 67.50390 68.37930 68.79040 68.42280 68.80590 68.23800 68.81730 68.83120 69.00420 70.33070 -9999 -9999
