data/hydroclimate-scenarios/BCSD_hadcm_A1B/monthly_summaries/rh_monthly_avg_jan.2070-2099.asc
ncols	311
nrows	91
xllcenter	102.75
yllcenter	31.75
cellsize	0.5
NODATA_value	-9999
[rows 0 to 31 of 91, columns 0 to 70 of 311]
-9999 -9999 -9999 -9999 -9999 -9999 -9999 -9999 -9999 -9999 -9999 -9999 -9999 -9999 -9999 -9999 -9999 -9999 -9999 -9999 -9999 -9999 -9999 -9999 -9999 -9999 -9999 -9999 -9999 -9999 -9999 -9999 -9999 -9999 -9999 -9999 -9999 -9999 -9999 -9999 -9999 -9999 -9999 -9999 -9999 -9999 -9999 -9999 -9999 -9999 -9999 -9999 -9999 -9999 -9999 -9999 -9999 -9999 -9999 -9999 -9999 -9999 -9999 -9999 -9999 -9999 -9999 -9999 -9999 -9999 -9999
-9999 -9999 -9999 -9999 -9999 -9999 -9999 -9999 -9999 -9999 -9999 -9999 -9999 -9999 -9999 -9999 -9999 -9999 -9999 -9999 -9999 -9999 -9999 -9999 -9999 -9999 -9999 -9999 -9999 -9999 -9999 -9999 -9999 -9999 -9999 -9999 -9999 -9999 -9999 -9999 -9999 -9999 -9999 -9999 -9999 -9999 -9999 -9999 -9999 -9999 -9999 -9999 -9999 -9999 -9999 -9999 -9999 -9999 -9999 -9999 -9999 -9999 -9999 -9999 -9999 -9999 -9999 -9999 -9999 -9999 -9999
-9999 -9999 -9999 -9999 -9999 -9999 -9999 -9999 -9999 -9999 -9999 -9999 -9999 -9999 -9999 -9999 -9999 -9999 -9999 -9999 -9999 -9999 -9999 -9999 -9999 -9999 -9999 -9999 -9999 -9999 -9999 -9999 -9999 -9999 -9999 -9999 -9999 -9999 -9999 -9999 -9999 -9999 -9999 -9999 -9999 -9999 -9999 -9999 -9999 -9999 -9999 -9999 -9999 -9999 -9999 -9999 -9999 -9999 -9999 -9999 -9999 -9999 -9999 -9999 -9999 -9999 -9999 -9999 -9999 -9999 -9999
-9999 -9999 -9999 -9999 -9999 -9999 -9999 -9999 -9999 -9999 -9999 -9999 -9999 -9999 -9999 -9999 -9999 -9999 -9999 -9999 -9999 -9999 -9999 -9999 -9999 -9999 -9999 -9999 -9999 -9999 -9999 -9999 -9999 -9999 -9999 -9999 -9999 -9999 -9999 -9999 -9999 -9999 -9999 -9999 -9999 -9999 -9999 -9999 -9999 -9999 -9999 -9999 -9999 -9999 -9999 -9999 -9999 -9999 -9999 -9999 -9999 -9999 -9999 -9999 -9999 -9999 -9999 -9999 -9999 -9999 -9999
-9999 -9999 -9999 -9999 -9999 -9999 -9999 -9999 -9999 -9999 -9999 -9999 -9999 -9999 -9999 -9999 -9999 -9999 -9999 -9999 -9999 -9999 -9999 -9999 -9999 -9999 -9999 -9999 -9999 -9999 -9999 -9999 -9999 -9999 -9999 -9999 -9999 -9999 -9999 -9999 -9999 -9999 -9999 -9999 -9999 -9999 -9999 -9999 -9999 -9999 -9999 -9999 -9999 -9999 -9999 -9999 -9999 -9999 -9999 -9999 -9999 -9999 -9999 -9999 -9999 -9999 -9999 -9999 -9999 -9999 -9999
-9999 -9999 -9999 -9999 -9999 -9999 -9999 -9999 -9999 -9999 -9999 -9999 -9999 -9999 -9999 -9999 -9999 -9999 -9999 -9999 -9999 -9999 -9999 -9999 -9999 -9999 -9999 -9999 -9999 -9999 -9999 -9999 -9999 -9999 -9999 -9999 -9999 -9999 -9999 -9999 -9999 -9999 -9999 -9999 -9999 -9999 -9999 -9999 -9999 -9999 -9999 -9999 -9999 -9999 -9999 -9999 -9999 -9999 -9999 -9999 -9999 -9999 -9999 -9999 -9999 -9999 -9999 -9999 -9999 -9999 -9999
-9999 -9999 -9999 -9999 -9999 -9999 -9999 -9999 -9999 -9999 -9999 -9999 -9999 -9999 -9999 -9999 -9999 -9999 -9999 -9999 -9999 -9999 -9999 -9999 -9999 -9999 -9999 -9999 -9999 -9999 -9999 -9999 -9999 -9999 -9999 -9999 -9999 -9999 -9999 -9999 -9999 -9999 -9999 -9999 -9999 -9999 -9999 -9999 -9999 -9999 -9999 -9999 -9999 -9999 -9999 -9999 -9999 -9999 -9999 -9999 -9999 -9999 -9999 -9999 -9999 -9999 -9999 -9999 -9999 -9999 -9999
-9999 -9999 -9999 -9999 -9999 -9999 -9999 -9999 -9999 -9999 -9999 -9999 -9999 -9999 -9999 -9999 -9999 -9999 -9999 -9999 -9999 -9999 -9999 -9999 -9999 -9999 -9999 -9999 -9999 -9999 -9999 -9999 -9999 -9999 -9999 -9999 -9999 -9999 -9999 -9999 -9999 -9999 75.19890 74.32260 74.60440 74.18930 74.47930 75.02030 74.95480 75.13110 75.05200 75.07980 -9999 -9999 -9999 -9999 -9999 -9999 -9999 -9999 -9999 -9999 -9999 -9999 -9999 -9999 -9999 -9999 -9999 -9999 -9999
-9999 -9999 -9999 -9999 -9999 -9999 -9999 -9999 -9999 -9999 -9999 -9999 -9999 -9999 -9999 -9999 -9999 -9999 -9999 -9999 -9999 -9999 -9999 -9999 -9999 -9999 -9999 -9999 -9999 -9999 -9999 -9999 -9999 -9999 -9999 -9999 -9999 -9999 74.05670 74.06860 74.42290 74.77080 74.41380 74.47610 74.75730 74.65320 74.93230 75.08080 75.00850 75.10550 75.37750 74.54640 74.47210 75.16470 -9999 -9999 -9999 -9999 -9999 -9999 -9999 -9999 -9999 -9999 -9999 -9999 -9999 -9999 -9999 -9999 -9999
-9999 -9999 -9999 -9999 -9999 -9999 -9999 -9999 -9999 -9999 -9999 -9999 -9999 -9999 -9999 -9999 -9999 -9999 -9999 -9999 -9999 -9999 -9999 -9999 -9999 -9999 -9999 -9999 -9999 -9999 -9999 -9999 -9999 -9999 -9999 -9999 -9999 -9999 -9999 -9999 74.39480 74.35290 74.23100 73.59640 73.92350 74.10410 73.83920 75.05680 74.94990 74.98260 74.91680 74.79180 74.39300 74.99570 -9999 -9999 -9999 -9999 -9999 -9999 -9999 -9999 -9999 -9999 -9999 -9999 -9999 -9999 -9999 -9999 -9999
-9999 -9999 -9999 -9999 -9999 -9999 -9999 -9999 -9999 -9999 -9999 -9999 -9999 -9999 -9999 -9999 -9999 -9999 -9999 -9999 -9999 -9999 -9999 -9999 -9999 -9999 -9999 -9999 -9999 -9999 -9999 -9999 -9999 -9999 -9999 -9999 -9999 -9999 -9999 -9999 -9999 -9999 -9999 -9999 74.18910 73.98820 73.46530 73.71980 74.34490 74.27600 74.17720 73.73040 74.17150 74.83940 -9999 -9999 -9999 -9999 -9999 -9999 73.19380 -9999 -9999 -9999 -9999 -9999 -9999 -9999 -9999 -9999 -9999
-9999 -9999 -9999 -9999 -9999 -9999 -9999 -9999 -9999 -9999 -9999 -9999 -9999 -9999 -9999 -9999 -9999 -9999 -9999 -9999 -9999 -9999 -9999 -9999 -9999 -9999 -9999 -9999 -9999 -9999 -9999 -9999 -9999 -9999 -9999 -9999 -9999 -9999 -9999 -9999 -9999 73.38140 73.69850 73.56160 73.58910 73.79020 73.66500 73.66800 73.98530 74.21020 74.04460 73.69900 74.06520 73.76130 -9999 -9999 -9999 -9999 -9999 73.25450 72.90480 73.28210 73.17920 72.43980 72.37440 71.85180 71.82260 71.29750 71.26480 71.31880 70.93550
-9999 -9999 -9999 -9999 -9999 -9999 -9999 -9999 -9999 -9999 -9999 -9999 -9999 -9999 -9999 -9999 -9999 -9999 -9999 -9999 -9999 -9999 -9999 -9999 -9999 -9999 -9999 -9999 -9999 -9999 -9999 -9999 -9999 -9999 -9999 -9999 -9999 -9999 -9999 -9999 -9999 73.49850 73.81360 73.94500 74.36050 74.16670 74.11440 74.28160 74.15190 74.36460 73.82120 72.77760 72.65180 73.06020 73.09210 72.56960 73.08110 -9999 73.72000 73.11760 73.13860 72.66400 72.56660 71.89990 71.47480 71.83020 71.42810 71.29920 70.93540 71.04680 70.97010
-9999 -9999 -9999 -9999 -9999 -9999 -9999 -9999 -9999 -9999 -9999 -9999 -9999 -9999 -9999 -9999 -9999 -9999 -9999 -9999 -9999 -9999 -9999 -9999 -9999 -9999 -9999 -9999 -9999 -9999 -9999 -9999 -9999 -9999 -9999 72.77250 72.77350 72.85730 73.07980 73.76540 74.10990 74.27630 74.17590 73.70530 74.34540 74.45760 74.75740 74.26890 74.13830 73.82540 72.86920 72.23670 71.20910 72.04450 71.56090 71.46710 72.44420 72.82720 72.93340 73.01430 73.01720 72.49430 72.39950 70.31740 70.31640 71.19500 70.75980 70.68370 70.70590 70.41150 69.99820
-9999 -9999 -9999 -9999 -9999 -9999 -9999 -9999 -9999 -9999 -9999 -9999 -9999 -9999 -9999 -9999 -9999 -9999 -9999 -9999 -9999 -9999 -9999 -9999 -9999 -9999 -9999 -9999 -9999 -9999 -9999 -9999 -9999 -9999 72.52080 71.71720 72.06380 72.56410 73.27260 73.71500 74.04200 74.36720 74.30750 74.86260 75.20350 75.22950 75.11960 74.42170 73.83300 72.60530 71.96740 71.44250 70.39240 70.12860 70.17960 70.74660 71.69190 72.16860 72.73560 72.74950 72.63270 71.34950 70.80550 69.84440 70.74680 70.79940 70.32090 69.80410 68.75520 69.22330 68.24920
-9999 -9999 -9999 -9999 -9999 -9999 -9999 -9999 -9999 -9999 -9999 -9999 -9999 -9999 -9999 -9999 -9999 -9999 -9999 -9999 -9999 -9999 -9999 -9999 -9999 -9999 -9999 -9999 -9999 -9999 -9999 -9999 -9999 71.56180 71.64560 71.63570 72.23520 72.20350 72.90880 73.74040 74.02260 74.31760 74.57880 74.60660 75.18680 74.86030 74.68520 73.83600 72.32640 71.07600 70.40650 69.40450 67.81270 69.14310 69.99920 70.31940 70.67950 72.02750 72.17710 71.64930 71.51910 71.27140 71.60030 71.38190 70.85490 70.41050 69.81010 69.19970 68.74970 68.25480 68.12090
-9999 -9999 -9999 -9999 -9999 -9999 -9999 -9999 -9999 -9999 -9999 -9999 -9999 -9999 -9999 -9999 -9999 -9999 -9999 -9999 -9999 -9999 -9999 -9999 -9999 -9999 -9999 -9999 -9999 -9999 -9999 71.08070 71.35930 71.25140 71.33940 71.68900 72.13340 72.40960 73.10620 74.12020 74.08420 74.84560 74.80900 74.98020 74.85470 74.40140 74.63460 74.17420 72.73220 71.47040 70.38280 69.53930 67.40300 68.53070 69.46210 70.07960 71.46730 71.36240 70.79630 71.10460 71.57930 71.54070 71.41360 71.22230 70.68050 69.71770 69.29690 69.58440 69.10040 67.86400 66.50940
-9999 -9999 -9999 -9999 -9999 -9999 -9999 -9999 -9999 -9999 -9999 -9999 -9999 -9999 -9999 -9999 -9999 -9999 -9999 -9999 -9999 -9999 -9999 -9999 -9999 -9999 -9999 -9999 -9999 69.97470 70.26010 69.98140 70.65220 70.69350 71.61060 71.78630 72.12660 72.45960 73.08260 74.15820 74.10390 74.62090 74.81200 75.44120 74.95150 74.03300 73.92590 73.38500 71.38940 70.15400 69.48380 68.02120 66.89060 68.55410 68.48110 69.62080 70.69990 70.90480 70.93220 71.66290 71.23180 70.70460 70.57540 70.31050 70.69910 70.14370 68.78100 68.01920 67.13290 67.03690 67.10920
-9999 -9999 -9999 -9999 -9999 -9999 -9999 -9999 -9999 -9999 -9999 -9999 -9999 -9999 -9999 -9999 -9999 -9999 -9999 -9999 -9999 -9999 -9999 -9999 67.63420 67.57200 68.26940 68.99350 69.31520 69.53510 69.46520 69.40220 69.80530 70.42120 70.73720 71.44630 71.74800 72.15280 72.50650 73.53010 74.01680 74.57210 74.24410 74.96540 74.78980 73.86210 74.11350 72.48320 70.89830 69.82030 70.02110 67.98930 67.86310 69.21610 70.09680 69.99080 70.87910 70.91490 70.77590 71.02180 71.10710 70.99990 70.89540 70.61810 70.12810 69.09360 69.52180 69.42990 68.51230 67.40810 65.25290
-9999 -9999 -9999 -9999 -9999 -9999 62.73480 63.17090 63.55560 63.55720 63.82260 -9999 -9999 -9999 -9999 -9999 -9999 -9999 -9999 -9999 -9999 67.36050 66.81470 66.65380 66.98300 66.70730 67.13440 68.02020 68.03030 68.21890 68.91640 68.92430 69.17050 69.62020 69.85060 70.99250 71.31870 72.08770 72.49940 73.16000 74.19020 74.57460 74.85930 74.44550 74.35890 73.77770 73.52690 72.47190 70.50550 69.87490 68.66390 68.04120 67.72610 68.77270 70.22160 70.12910 70.24100 70.62990 70.90960 71.11060 70.63060 70.36230 69.40870 69.10980 68.54100 69.59430 70.01720 68.77210 68.63650 68.14900 67.64130
-9999 -9999 -9999 -9999 -9999 62.56130 62.49200 62.34780 62.83640 62.83330 63.14700 63.06500 63.71480 63.73370 -9999 -9999 -9999 65.36190 65.89950 65.83150 65.81280 66.02960 66.29230 65.67760 65.95600 66.14020 66.50050 67.15170 67.46850 68.06790 68.80040 68.67410 68.96110 69.72910 70.04550 70.69400 71.02390 71.78170 72.42620 72.75710 73.46100 74.23810 74.39780 74.49040 74.32770 73.68950 72.27770 71.20800 70.11790 69.52390 68.88930 68.65610 68.57270 69.83860 70.24950 69.83260 69.80350 70.58280 71.54690 70.22110 70.23170 69.65740 69.59060 69.49410 68.49160 67.42010 67.92820 67.56640 68.05270 67.48880 67.07390
-9999 62.17760 61.99990 62.61890 62.34590 61.96390 61.90130 61.89100 61.86030 62.59200 62.19880 62.49620 62.74470 63.47630 63.82350 64.68720 65.48390 64.80060 64.97120 65.03980 65.37850 65.93360 65.87040 65.58450 65.89850 65.96050 65.90740 66.91100 66.84750 67.51270 68.20510 68.14300 68.75240 69.51630 69.85050 70.45790 70.78900 71.44130 72.11740 73.10370 73.15330 73.86730 74.10310 74.19590 74.04340 73.39260 72.36750 71.73960 70.66750 70.04760 69.01510 68.25160 68.53500 67.56880 68.33480 68.36890 68.87450 70.60820 70.12690 69.71940 70.14000 69.18850 68.26180 68.26920 67.34760 67.30860 67.85030 66.84950 67.77340 66.26910 65.17930
-9999 61.39820 61.60350 61.93150 62.03650 61.97580 61.95830 62.22430 62.16280 62.15900 62.48590 61.15770 60.99830 61.38640 61.62310 61.89350 62.20780 62.68170 62.96560 64.55860 64.79510 64.98220 65.31540 65.40190 66.04510 65.95560 66.13160 65.92990 66.60500 66.88240 67.20590 67.58390 68.22150 68.91630 69.57270 69.39650 69.67900 70.06790 71.01430 72.25780 73.24420 73.66310 73.88160 74.08500 74.26300 73.68990 73.16000 72.68200 71.60930 70.78830 70.15900 68.42470 68.23070 66.50530 66.44950 67.98040 69.17930 69.53790 69.63810 68.77200 69.20470 68.60850 68.15830 67.92990 67.86170 67.33180 66.92180 66.92490 66.88080 66.46880 66.04250
-9999 -9999 -9999 60.90150 60.68670 61.07990 61.43040 61.41510 61.61430 61.79690 62.04670 61.21310 61.13500 61.39270 61.55980 61.82920 62.11680 62.41540 62.94030 64.07900 64.33220 64.52760 64.49390 64.85300 65.21850 65.44740 66.06950 65.84710 66.23520 66.72880 67.10620 67.36850 67.38510 68.37710 68.71380 68.82530 69.45120 69.76110 70.41780 71.89310 72.57530 73.06810 73.56530 73.65180 73.86530 73.31750 73.06660 72.33960 71.75150 71.32620 70.17270 68.49070 67.76850 66.63780 67.08030 67.00800 68.37740 68.27570 68.14320 67.80340 68.73700 67.68160 67.26700 66.91990 67.42860 67.44900 67.59220 66.59170 66.15020 65.34660 65.68330
-9999 -9999 -9999 -9999 -9999 -9999 60.76690 61.56370 61.51460 61.58710 61.90310 60.78830 61.10440 61.42870 61.66950 61.92070 62.10220 62.33140 62.65840 64.17720 64.45320 64.61860 64.94780 65.02140 65.37420 65.12230 65.43660 65.71670 66.07990 66.32470 66.30910 66.76930 67.35950 68.31160 68.71460 68.47630 69.05770 69.56360 70.08350 71.61340 72.31330 72.86920 73.10650 73.94390 73.69360 73.51900 73.06860 72.05720 71.91990 70.61380 69.39310 67.56360 66.94740 68.15210 67.13810 66.97110 67.45160 66.38840 66.22580 66.47980 66.05400 65.88630 65.48760 64.98870 66.00880 65.53810 66.67820 66.18560 65.66190 65.43460 65.34540
-9999 -9999 -9999 -9999 -9999 -9999 60.63870 61.08300 61.14990 61.08360 61.43080 60.34880 60.99470 61.00510 61.27720 61.46400 62.01900 61.86450 62.12100 63.61630 63.89020 64.18810 64.39170 64.55340 64.54760 65.07730 65.42250 65.27650 65.62800 65.56350 65.88640 66.57210 66.86570 67.86230 68.09470 68.22210 69.17610 69.28540 70.14220 71.33310 71.68720 72.27020 72.54670 72.98830 73.16530 72.96090 73.11090 73.14170 72.61030 72.06250 71.00140 69.65890 68.98950 67.96420 68.19720 68.73550 68.53570 67.03630 67.45710 66.33890 64.73390 65.01130 65.08000 65.07630 65.06130 66.09700 66.27300 66.35030 66.35700 66.10080 65.10090
-9999 -9999 -9999 -9999 -9999 -9999 -9999 -9999 -9999 -9999 61.58170 61.40640 61.71750 62.44510 62.66520 62.89830 62.81060 63.24420 63.56500 64.19360 64.14730 64.44280 64.77000 64.88880 64.86890 64.85480 64.89290 65.00870 65.27590 65.56830 65.85730 66.24650 66.81600 67.77160 68.35350 69.33380 69.91760 70.94010 71.15340 71.86660 71.83500 72.25390 72.90280 72.22100 72.00800 72.17710 71.61370 71.72610 71.24230 71.40740 70.85420 70.93720 69.95340 69.79700 69.65450 69.51840 69.39960 68.79670 68.64820 67.68200 68.01250 66.90330 66.91720 66.38140 66.39640 67.07190 67.20850 67.49420 66.72420 66.96280 66.41380
-9999 -9999 -9999 -9999 -9999 -9999 -9999 -9999 -9999 -9999 61.59310 61.45040 61.60250 62.31780 62.52030 62.43290 62.69410 62.78050 63.00570 63.64210 63.92030 64.22450 64.47080 64.35950 64.69580 64.80630 65.14260 64.51580 64.82760 64.70550 64.76300 65.42410 66.62600 67.28870 68.11040 69.31790 69.87450 70.26220 70.57860 71.23620 71.56980 71.99190 72.33100 71.33720 71.45180 71.29010 71.05290 71.17180 70.96130 71.01010 70.55840 70.26560 70.11830 69.53410 69.79030 69.59700 69.51640 69.31970 69.28050 68.30710 68.66620 68.48660 68.54020 68.96550 69.00330 69.13700 69.14670 69.11520 69.13700 67.48270 67.05040
-9999 -9999 -9999 -9999 -9999 -9999 -9999 -9999 -9999 -9999 -9999 -9999 61.53660 61.32490 61.62230 62.07910 62.75710 63.69740 63.47300 64.03840 64.35550 64.29240 64.87690 64.71150 64.74900 64.96010 64.91370 64.19010 64.11520 64.36760 64.31600 64.88660 65.76130 67.22310 67.77180 68.68730 69.59720 69.74910 70.41660 70.79890 71.14630 71.91670 71.89240 71.20770 70.98950 71.14880 70.93330 70.63220 70.41770 70.48730 70.19150 69.92520 69.37710 69.13930 69.47090 69.21030 69.12760 68.09490 68.38500 68.23360 67.84780 68.08260 68.09470 68.58020 68.68690 69.17130 69.30090 69.35710 69.35920 68.66530 66.82250
-9999 -9999 -9999 -9999 -9999 -9999 -9999 -9999 -9999 -9999 -9999 -9999 61.46390 61.28290 61.51160 61.96040 62.29880 62.81160 62.93300 63.20610 63.80900 63.72390 64.35690 64.54880 64.46470 64.67830 64.65360 64.01610 63.91340 63.52700 63.78200 64.61310 65.78040 66.61470 67.41460 68.37140 68.87980 69.07630 69.78990 70.51990 70.93800 71.37340 71.69550 70.76020 70.83310 70.63950 70.39620 70.48840 70.26610 69.94520 69.69210 69.65430 69.37470 69.09420 69.05510 68.54100 68.46470 67.79990 67.72510 67.60360 67.91150 67.77320 67.81970 68.30260 68.76820 68.92440 69.05030 69.39930 68.67530 67.87590 67.10280
-9999 -9999 -9999 -9999 -9999 -9999 -9999 -9999 -9999 -9999 -9999 58.87740 59.03650 59.73700 60.33990 60.66030 60.85520 61.66350 61.56830 62.03560 63.14600 63.12130 63.48950 63.69740 63.96090 64.06640 63.69990 62.44440 62.78940 62.64590 62.91710 63.66170 64.53080 65.33140 66.49560 67.75680 67.94260 68.51340 68.40810 68.72900 69.17510 69.57800 69.56850 69.93160 70.11750 70.32680 70.15810 70.24850 69.99750 69.67480 69.39840 68.70200 68.32530 68.07590 68.62850 68.31750 67.57990 67.34510 67.28220 67.88150 68.10150 67.72340 68.06820 67.67600 67.78290 68.31770 68.36670 68.04860 67.24050 66.01290 64.73630
-9999 -9999 -9999 -9999 -9999 -9999 -9999 -9999 -9999 -9999 -9999 58.67380 59.22560 59.19770 59.76420 60.44030 60.68590 61.11180 61.40790 62.15000 62.49700 62.93470 63.57280 63.86330 64.14610 64.20530 63.80710 62.30540 62.33730 62.45900 62.36880 63.20100 64.11650 65.28540 66.14710 67.38080 68.08070 68.27350 68.12420 68.53440 68.91590 69.05760 69.37030 69.36880 69.62220 69.41620 69.92700 70.05460 69.88300 69.61080 69.29790 68.78720 68.56170 67.92970 67.77590 67.45950 67.53420 67.35710 66.96120 67.17840 67.47560 67.46270 67.83800 67.47700 67.98250 68.18300 67.80720 67.88120 66.95960 65.77380 65.90820
