data/hydroclimate-scenarios/BCSD_hadcm_A1B/monthly_summaries/rh_monthly_avg_may.2070-2099.asc
ncols	311
nrows	91
xllcenter	102.75
yllcenter	31.75
cellsize	0.5
NODATA_value	-9999
[rows 0 to 31 of 91, columns 0 to 70 of 311]
-9999 -9999 -9999 -9999 -9999 -9999 -9999 -9999 -9999 -9999 -9999 -9999 -9999 -9999 -9999 -9999 -9999 -9999 -9999 -9999 -9999 -9999 -9999 -9999 -9999 -9999 -9999 -9999 -9999 -9999 -9999 -9999 -9999 -9999 -9999 -9999 -9999 -9999 -9999 -9999 -9999 -9999 -9999 -9999 -9999 -9999 -9999 -9999 -9999 -9999 -9999 -9999 -9999 -9999 -9999 -9999 -9999 -9999 -9999 -9999 -9999 -9999 -9999 -9999 -9999 -9999 -9999 -9999 -9999 -9999 -9999
-9999 -9999 -9999 -9999 -9999 -9999 -9999 -9999 -9999 -9999 -9999 -9999 -9999 -9999 -9999 -9999 -9999 -9999 -9999 -9999 -9999 -9999 -9999 -9999 -9999 -9999 -9999 -9999 -9999 -9999 -9999 -9999 -9999 -9999 -9999 -9999 -9999 -9999 -9999 -9999 -9999 -9999 -9999 -9999 -9999 -9999 -9999 -9999 -9999 -9999 -9999 -9999 -9999 -9999 -9999 -9999 -9999 -9999 -9999 -9999 -9999 -9999 -9999 -9999 -9999 -9999 -9999 -9999 -9999 -9999 -9999
-9999 -9999 -9999 -9999 -9999 -9999 -9999 -9999 -9999 -9999 -9999 -9999 -9999 -9999 -9999 -9999 -9999 -9999 -9999 -9999 -9999 -9999 -9999 -9999 -9999 -9999 -9999 -9999 -9999 -9999 -9999 -9999 -9999 -9999 -9999 -9999 -9999 -9999 -9999 -9999 -9999 -9999 -9999 -9999 -9999 -9999 -9999 -9999 -9999 -9999 -9999 -9999 -9999 -9999 -9999 -9999 -9999 -9999 -9999 -9999 -9999 -9999 -9999 -9999 -9999 -9999 -9999 -9999 -9999 -9999 -9999
-9999 -9999 -9999 -9999 -9999 -9999 -9999 -9999 -9999 -9999 -9999 -9999 -9999 -9999 -9999 -9999 -9999 -9999 -9999 -9999 -9999 -9999 -9999 -9999 -9999 -9999 -9999 -9999 -9999 -9999 -9999 -9999 -9999 -9999 -9999 -9999 -9999 -9999 -9999 -9999 -9999 -9999 -9999 -9999 -9999 -9999 -9999 -9999 -9999 -9999 -9999 -9999 -9999 -9999 -9999 -9999 -9999 -9999 -9999 -9999 -9999 -9999 -9999 -9999 -9999 -9999 -9999 -9999 -9999 -9999 -9999
-9999 -9999 -9999 -9999 -9999 -9999 -9999 -9999 -9999 -9999 -9999 -9999 -9999 -9999 -9999 -9999 -9999 -9999 -9999 -9999 -9999 -9999 -9999 -9999 -9999 -9999 -9999 -9999 -9999 -9999 -9999 -9999 -9999 -9999 -9999 -9999 -9999 -9999 -9999 -9999 -9999 -9999 -9999 -9999 -9999 -9999 -9999 -9999 -9999 -9999 -9999 -9999 -9999 -9999 -9999 -9999 -9999 -9999 -9999 -9999 -9999 -9999 -9999 -9999 -9999 -9999 -9999 -9999 -9999 -9999 -9999
-9999 -9999 -9999 -9999 -9999 -9999 -9999 -9999 -9999 -9999 -9999 -9999 -9999 -9999 -9999 -9999 -9999 -9999 -9999 -9999 -9999 -9999 -9999 -9999 -9999 -9999 -9999 -9999 -9999 -9999 -9999 -9999 -9999 -9999 -9999 -9999 -9999 -9999 -9999 -9999 -9999 -9999 -9999 -9999 -9999 -9999 -9999 -9999 -9999 -9999 -9999 -9999 -9999 -9999 -9999 -9999 -9999 -9999 -9999 -9999 -9999 -9999 -9999 -9999 -9999 -9999 -9999 -9999 -9999 -9999 -9999
-9999 -9999 -9999 -9999 -9999 -9999 -9999 -9999 -9999 -9999 -9999 -9999 -9999 -9999 -9999 -9999 -9999 -9999 -9999 -9999 -9999 -9999 -9999 -9999 -9999 -9999 -9999 -9999 -9999 -9999 -9999 -9999 -9999 -9999 -9999 -9999 -9999 -9999 -9999 -9999 -9999 -9999 -9999 -9999 -9999 -9999 -9999 -9999 -9999 -9999 -9999 -9999 -9999 -9999 -9999 -9999 -9999 -9999 -9999 -9999 -9999 -9999 -9999 -9999 -9999 -9999 -9999 -9999 -9999 -9999 -9999
-9999 -9999 -9999 -9999 -9999 -9999 -9999 -9999 -9999 -9999 -9999 -9999 -9999 -9999 -9999 -9999 -9999 -9999 -9999 -9999 -9999 -9999 -9999 -9999 -9999 -9999 -9999 -9999 -9999 -9999 -9999 -9999 -9999 -9999 -9999 -9999 -9999 -9999 -9999 -9999 -9999 -9999 51.01770 50.93290 51.33920 50.91680 50.10260 49.66000 48.71500 48.20450 47.10020 46.49460 -9999 -9999 -9999 -9999 -9999 -9999 -9999 -9999 -9999 -9999 -9999 -9999 -9999 -9999 -9999 -9999 -9999 -9999 -9999
-9999 -9999 -9999 -9999 -9999 -9999 -9999 -9999 -9999 -9999 -9999 -9999 -9999 -9999 -9999 -9999 -9999 -9999 -9999 -9999 -9999 -9999 -9999 -9999 -9999 -9999 -9999 -9999 -9999 -9999 -9999 -9999 -9999 -9999 -9999 -9999 -9999 -9999 51.35750 51.95170 52.18610 51.94360 52.22180 51.83640 51.43920 51.53040 51.18200 49.35560 48.73450 48.08070 47.46180 47.63250 45.76230 37.98320 -9999 -9999 -9999 -9999 -9999 -9999 -9999 -9999 -9999 -9999 -9999 -9999 -9999 -9999 -9999 -9999 -9999
-9999 -9999 -9999 -9999 -9999 -9999 -9999 -9999 -9999 -9999 -9999 -9999 -9999 -9999 -9999 -9999 -9999 -9999 -9999 -9999 -9999 -9999 -9999 -9999 -9999 -9999 -9999 -9999 -9999 -9999 -9999 -9999 -9999 -9999 -9999 -9999 -9999 -9999 -9999 -9999 51.01390 51.68300 51.72610 51.59500 51.65800 52.16830 51.45400 49.74460 48.97330 48.98910 47.96640 47.42830 46.39190 37.33700 -9999 -9999 -9999 -9999 -9999 -9999 -9999 -9999 -9999 -9999 -9999 -9999 -9999 -9999 -9999 -9999 -9999
-9999 -9999 -9999 -9999 -9999 -9999 -9999 -9999 -9999 -9999 -9999 -9999 -9999 -9999 -9999 -9999 -9999 -9999 -9999 -9999 -9999 -9999 -9999 -9999 -9999 -9999 -9999 -9999 -9999 -9999 -9999 -9999 -9999 -9999 -9999 -9999 -9999 -9999 -9999 -9999 -9999 -9999 -9999 -9999 50.67190 49.31180 49.22270 50.76490 50.18330 50.17680 49.96250 47.36440 45.18320 37.61430 -9999 -9999 -9999 -9999 -9999 -9999 37.32650 -9999 -9999 -9999 -9999 -9999 -9999 -9999 -9999 -9999 -9999
-9999 -9999 -9999 -9999 -9999 -9999 -9999 -9999 -9999 -9999 -9999 -9999 -9999 -9999 -9999 -9999 -9999 -9999 -9999 -9999 -9999 -9999 -9999 -9999 -9999 -9999 -9999 -9999 -9999 -9999 -9999 -9999 -9999 -9999 -9999 -9999 -9999 -9999 -9999 -9999 -9999 51.35660 51.21250 50.50080 50.35050 48.38000 49.09600 50.20190 50.14240 50.15500 49.47330 47.34340 44.95770 43.39720 -9999 -9999 -9999 -9999 -9999 36.61590 36.52150 35.31900 35.73030 34.82750 35.10490 33.67280 33.84820 33.34580 33.00210 31.80900 32.17170
-9999 -9999 -9999 -9999 -9999 -9999 -9999 -9999 -9999 -9999 -9999 -9999 -9999 -9999 -9999 -9999 -9999 -9999 -9999 -9999 -9999 -9999 -9999 -9999 -9999 -9999 -9999 -9999 -9999 -9999 -9999 -9999 -9999 -9999 -9999 -9999 -9999 -9999 -9999 -9999 -9999 49.96250 50.20960 49.32850 49.08860 49.00470 48.82440 50.11870 49.45570 50.03050 48.57710 47.01820 45.94760 43.89270 42.44340 42.33290 40.17570 -9999 36.89980 37.78640 36.97120 35.51680 35.32520 34.95760 35.22850 34.47190 34.03110 32.44740 32.23070 31.91570 31.53450
-9999 -9999 -9999 -9999 -9999 -9999 -9999 -9999 -9999 -9999 -9999 -9999 -9999 -9999 -9999 -9999 -9999 -9999 -9999 -9999 -9999 -9999 -9999 -9999 -9999 -9999 -9999 -9999 -9999 -9999 -9999 -9999 -9999 -9999 -9999 47.51610 47.90060 48.88690 49.37030 48.67190 48.72910 48.74800 48.81590 48.36420 48.34490 48.48320 48.65610 49.37820 49.11230 49.20690 48.71270 46.86400 46.27180 43.72870 43.32740 43.46450 41.50860 38.30420 35.95870 37.30930 36.24800 35.55820 34.68800 36.05230 35.18400 33.93760 33.89230 32.49130 31.94440 31.70380 32.01040
-9999 -9999 -9999 -9999 -9999 -9999 -9999 -9999 -9999 -9999 -9999 -9999 -9999 -9999 -9999 -9999 -9999 -9999 -9999 -9999 -9999 -9999 -9999 -9999 -9999 -9999 -9999 -9999 -9999 -9999 -9999 -9999 -9999 -9999 47.00570 47.29660 47.50760 48.21220 48.41410 48.46960 49.03590 47.74120 47.66680 48.71940 48.43040 49.54160 49.09040 49.04970 48.58470 48.19740 47.43060 47.54430 46.69960 45.85900 44.98610 43.10160 40.71040 38.51300 35.86660 34.94010 34.21880 34.47510 34.27040 36.15210 33.54730 32.65470 32.84090 34.24890 35.58120 34.04670 35.49110
-9999 -9999 -9999 -9999 -9999 -9999 -9999 -9999 -9999 -9999 -9999 -9999 -9999 -9999 -9999 -9999 -9999 -9999 -9999 -9999 -9999 -9999 -9999 -9999 -9999 -9999 -9999 -9999 -9999 -9999 -9999 -9999 -9999 46.38650 46.49420 46.03940 46.49540 47.66790 47.48140 47.80880 48.20800 47.13480 47.03870 47.26010 47.82740 48.61560 48.61990 48.14220 48.60510 47.71220 46.74530 46.60670 45.00020 44.86000 43.49160 41.43750 40.38720 37.45040 35.04270 34.93280 34.72040 32.68510 32.34220 30.97310 31.66770 32.19730 32.69330 33.83840 35.13480 33.35780 34.17370
-9999 -9999 -9999 -9999 -9999 -9999 -9999 -9999 -9999 -9999 -9999 -9999 -9999 -9999 -9999 -9999 -9999 -9999 -9999 -9999 -9999 -9999 -9999 -9999 -9999 -9999 -9999 -9999 -9999 -9999 -9999 45.55590 46.11010 45.68650 45.97120 46.42410 46.56080 46.39010 47.09830 48.26530 47.74430 47.51240 47.53070 46.53860 46.78460 47.89490 47.55760 47.22890 46.95340 46.65810 46.42030 45.59170 42.68530 44.46880 43.14180 40.45520 37.87830 36.04660 36.09990 33.97420 32.66010 31.73800 31.45030 30.39720 30.34860 31.56150 32.06080 32.01450 32.32810 34.44810 35.76710
-9999 -9999 -9999 -9999 -9999 -9999 -9999 -9999 -9999 -9999 -9999 -9999 -9999 -9999 -9999 -9999 -9999 -9999 -9999 -9999 -9999 -9999 -9999 -9999 -9999 -9999 -9999 -9999 -9999 45.13810 45.16010 45.08180 45.45100 45.51350 45.55710 46.03700 45.95150 46.50510 46.55940 47.33620 48.07160 47.51880 47.25950 46.15400 45.98050 47.10750 46.19410 46.03520 46.74380 46.09470 45.71330 45.24320 41.99300 42.89100 42.21420 40.00440 36.88300 35.48380 33.93540 31.43160 31.14170 31.12990 30.13130 30.86230 30.32670 30.69720 32.12850 32.88780 33.69360 33.75940 33.38310
-9999 -9999 -9999 -9999 -9999 -9999 -9999 -9999 -9999 -9999 -9999 -9999 -9999 -9999 -9999 -9999 -9999 -9999 -9999 -9999 -9999 -9999 -9999 -9999 46.15340 46.39070 45.43710 45.76550 45.21670 45.25710 45.30910 44.64990 44.75960 43.82090 44.43520 44.85810 44.62190 45.28770 45.96900 45.86760 46.05960 46.54740 46.26480 46.32170 45.68790 46.19970 45.43310 46.12660 45.81670 45.62590 44.54870 45.93240 44.61060 42.59550 40.74780 38.43240 36.39020 33.66150 33.43430 32.54580 31.31050 30.14320 29.05740 28.98150 29.39990 30.19090 30.43780 28.49720 31.01690 32.98270 36.62930
-9999 -9999 -9999 -9999 -9999 -9999 42.92720 42.80020 43.15410 43.14530 43.30840 -9999 -9999 -9999 -9999 -9999 -9999 -9999 -9999 -9999 -9999 45.90810 45.94430 45.56270 45.35640 45.61320 45.71210 45.51470 45.54930 44.87930 44.52780 44.17450 44.28630 43.29360 43.67250 43.96350 44.78230 44.42530 44.85600 45.68800 45.42770 45.93780 45.77500 45.36110 45.01810 45.24630 44.13650 45.04720 45.60350 44.77500 43.55760 44.29390 44.19870 41.56820 39.57200 36.93590 36.11810 33.52560 31.90730 31.91150 31.31460 29.75310 30.12980 30.60020 31.16210 30.40970 28.63440 30.28240 30.85610 31.23130 33.49810
-9999 -9999 -9999 -9999 -9999 43.61220 43.61790 43.96130 43.86590 43.93310 43.65740 45.13660 45.16140 45.36230 -9999 -9999 -9999 46.31310 46.48610 46.66790 46.33020 46.11190 45.43280 44.41210 45.18490 44.37000 44.82850 44.10340 44.56380 44.51310 44.46090 43.23800 43.64200 42.66920 42.82630 42.97140 43.16290 43.33590 44.09720 44.28930 44.65100 46.68780 46.51770 44.45290 44.20860 44.89470 44.92250 45.07300 44.71770 44.73250 44.38320 43.67970 42.95310 41.04190 39.36330 36.66240 35.18760 35.18600 32.75420 31.55840 30.08500 30.63900 30.96960 31.19950 32.52990 33.65750 33.29050 32.87690 32.48790 33.40450 33.39540
-9999 41.77920 41.70410 42.86150 43.18030 43.00840 43.63310 43.29160 43.73460 42.84520 43.38690 44.78180 45.32990 44.67650 45.05340 45.24950 44.86210 45.47310 45.71520 45.66690 45.83170 44.68160 44.05450 43.53330 43.10230 43.67150 43.89100 43.70530 43.59510 43.50830 42.42660 41.73000 41.69470 41.17940 42.06600 42.53820 42.58450 42.54440 42.94920 42.76250 43.77220 45.65970 45.56040 43.42830 43.27810 44.26410 44.49970 44.51360 44.14110 43.74490 43.08380 43.44420 42.34830 41.31740 40.38240 36.93130 35.65320 34.06890 33.85260 32.21390 30.82360 30.84060 31.78340 32.74740 33.64450 33.52440 32.92760 33.29340 32.74480 34.37410 35.85530
-9999 42.18210 41.79900 42.36610 42.18790 42.37390 42.57290 42.25980 42.47220 43.01290 43.55790 43.99000 44.14900 44.18950 44.34520 44.90040 44.83440 45.18220 45.12400 44.84310 44.83830 44.91260 44.92370 43.85460 43.27540 43.06590 43.13680 42.53470 42.76080 42.38060 42.19220 41.11130 40.90610 41.49430 41.47320 41.34970 42.05510 42.18440 42.29110 42.16660 42.45810 42.82200 42.66570 42.76490 42.10750 42.38690 42.20980 42.35470 41.99660 42.36290 40.99400 42.72750 42.20460 40.68330 39.34100 38.07290 36.29700 35.20040 34.47580 34.16880 33.34390 33.08630 33.17070 30.91790 31.53140 32.78630 33.35470 33.59970 33.31870 33.87000 34.09340
-9999 -9999 -9999 42.13920 42.27360 42.20890 42.45130 42.22120 42.05860 42.44110 42.59680 42.94250 43.23920 43.13660 43.74610 44.39770 44.44470 44.64830 45.27530 45.09290 44.50820 44.27290 44.48830 43.60250 43.58390 42.44840 42.48740 41.91320 41.24170 41.21590 40.99850 40.68080 40.30590 40.72100 41.01930 40.65960 40.52520 40.87910 40.98070 41.09730 41.20400 41.55050 41.18760 41.37460 41.55730 41.49720 41.32950 41.33160 40.59820 41.14230 41.02610 42.45480 42.08380 39.46590 38.26770 37.84740 36.01830 35.41660 35.29880 34.69400 33.51470 34.41670 34.32710 33.08980 32.70720 32.63580 32.15390 33.93800 34.73660 35.19500 35.46560
-9999 -9999 -9999 -9999 -9999 -9999 41.29850 42.36530 42.27330 43.26730 43.42330 41.84350 42.13770 42.75780 43.36440 43.33200 43.47950 44.11330 44.29550 44.16710 44.09550 43.48210 43.20220 43.08740 42.46050 42.19700 41.84820 40.48290 40.03010 39.73970 39.77920 38.98350 39.12760 39.79410 39.07420 39.81840 40.08070 39.93530 39.92930 39.57100 39.39050 39.64130 40.14350 40.50190 40.71670 40.10760 39.99550 39.92480 39.52790 41.12320 41.31500 41.76560 41.59680 38.32230 38.56420 37.33840 35.85640 36.69110 36.54000 36.16290 35.85170 35.62780 34.52070 34.45500 34.68370 34.13250 32.65800 34.85710 35.15940 36.68540 37.04730
-9999 -9999 -9999 -9999 -9999 -9999 41.32760 42.49120 42.61160 43.59980 43.14030 41.86200 42.28980 42.91110 43.16060 43.07020 43.49340 44.22470 44.49890 44.45400 44.38170 43.63310 43.73670 43.33370 42.88310 41.77930 41.09600 39.67450 39.06730 39.22790 39.39450 38.27760 37.90990 38.32720 38.47140 38.60620 38.26170 38.03660 38.96680 38.49310 38.79630 38.29600 38.98780 40.07670 39.53780 39.68970 39.88790 38.72770 38.46440 39.85550 40.25310 40.37110 40.42800 38.90220 37.95160 35.60830 34.81710 36.28980 35.22440 36.02170 36.47200 35.74030 35.61970 35.61840 34.93720 33.86050 34.36400 35.48690 35.55690 36.70450 37.38450
-9999 -9999 -9999 -9999 -9999 -9999 -9999 -9999 -9999 -9999 42.48540 43.53850 43.69120 43.00710 43.35620 44.01020 44.10870 44.39060 44.52340 44.38010 44.12810 43.90040 43.33180 42.50130 41.97760 41.71460 41.17870 40.13140 39.45360 38.98070 38.17510 38.48990 38.25140 37.96590 37.73910 36.81430 36.62180 36.63690 36.53670 38.33720 38.39510 38.50880 38.46590 38.18020 38.57030 38.65690 38.98300 37.98130 38.25300 37.49790 36.41800 36.63290 35.16390 33.61630 32.94320 32.66440 33.35700 32.60030 32.99490 34.25640 33.88690 34.86790 34.59560 33.52400 33.51160 32.45690 32.42340 33.71720 35.27570 36.93210 37.23470
-9999 -9999 -9999 -9999 -9999 -9999 -9999 -9999 -9999 -9999 41.93150 42.78850 43.36410 42.52220 42.96090 43.96320 44.41030 44.80930 45.19760 45.24500 44.93110 44.02810 43.97890 42.64110 41.69250 40.99890 39.64370 40.03880 39.15100 38.50900 38.17950 38.42330 38.08580 37.84250 37.78570 36.70450 36.67660 36.87670 36.84570 38.21540 38.84950 38.46250 38.44910 37.91090 38.02280 38.62140 38.85430 37.64950 37.44690 37.19010 35.73010 35.76670 35.00420 33.82350 32.04380 32.17640 32.41320 32.07040 31.10780 33.48410 33.40260 33.10120 32.49510 30.98120 30.69740 30.88490 31.68770 33.19410 34.16770 36.77150 37.79150
-9999 -9999 -9999 -9999 -9999 -9999 -9999 -9999 -9999 -9999 -9999 -9999 41.72360 42.53100 43.25540 43.88500 44.13970 43.90650 44.48460 45.16290 44.98740 43.79190 43.54030 42.44330 41.21770 41.09130 39.95160 39.47440 39.21690 38.15540 37.17230 38.01890 38.23300 36.90570 37.02290 37.25300 37.04880 37.09890 37.48130 37.59100 37.27460 38.06570 38.09540 38.44570 38.27370 38.88100 38.97630 38.71540 38.14710 36.57630 36.36650 35.83440 35.42950 33.81440 32.42380 30.84490 30.92710 32.28590 32.66060 33.18190 32.98040 33.03310 32.93890 32.87770 32.98260 32.51700 32.26960 32.83240 34.06940 36.71890 38.35540
-9999 -9999 -9999 -9999 -9999 -9999 -9999 -9999 -9999 -9999 -9999 -9999 42.05340 42.33380 42.96280 43.83450 43.94150 44.16370 44.84580 45.09840 44.83510 43.77390 43.53370 42.19690 41.20240 41.19260 39.76090 39.18370 38.73230 36.92410 36.65630 37.32440 37.18160 36.75440 37.20600 36.78410 37.31140 38.14380 37.50290 37.57200 37.54760 38.05260 37.95960 38.50260 38.51650 39.34300 39.29260 38.28750 38.54940 37.30150 36.77140 36.91370 34.95360 33.64270 32.51910 32.08920 31.49970 32.49390 32.42410 33.57760 33.15090 33.81050 33.57240 33.63560 33.24220 33.46050 34.26900 35.00880 35.86250 38.23320 39.51460
-9999 -9999 -9999 -9999 -9999 -9999 -9999 -9999 -9999 -9999 -9999 40.81070 41.45640 41.80100 42.14240 43.97360 44.33760 44.43070 44.62230 44.09010 43.24300 43.59670 42.60060 43.10830 42.33970 41.97730 41.15220 40.00680 39.48810 37.77390 37.58410 37.27420 37.13680 37.09490 37.01590 36.35690 36.64900 38.47780 39.19700 38.68230 38.92350 39.84340 39.94610 40.07390 40.03950 38.87310 38.97410 39.11360 38.91340 39.17420 38.62550 37.68450 36.98320 35.79020 34.39100 34.07860 33.89570 34.52550 34.14200 33.33180 32.95860 34.31590 33.57490 34.51070 34.74490 35.83750 36.61780 36.77070 38.58520 40.08090 41.51410
-9999 -9999 -9999 -9999 -9999 -9999 -9999 -9999 -9999 -9999 -9999 40.16270 40.64350 41.67570 42.03580 43.48960 43.63950 43.72150 44.00460 43.68610 43.27560 42.73990 42.85260 42.50190 41.55120 40.90560 40.32070 39.99010 39.19310 38.18600 37.98470 37.14850 36.92890 36.74600 36.46520 36.15530 36.74550 38.54320 40.17640 39.46180 39.55210 40.51890 41.45170 41.80760 41.11850 39.68690 39.72070 40.32890 40.13750 39.74970 39.35940 38.27460 38.29800 37.08590 36.89020 35.73070 36.26260 35.75250 35.68610 34.47520 34.37490 34.94490 35.34730 35.86200 36.77340 37.75340 38.82980 38.08220 39.58010 41.50790 42.11260
