data/hydroclimate-scenarios/BCSD_hadcm_A1B/monthly_summaries/rh_monthly_avg_feb.2070-2099.asc
ncols	311
nrows	91
xllcenter	102.75
yllcenter	31.75
cellsize	0.5
NODATA_value	-9999
[rows 0 to 31 of 91, columns 213 to 283 of 311]
-9999 -9999 -9999 -9999 -9999 -9999 -9999 -9999 -9999 -9999 -9999 -9999 -9999 -9999 -9999 -9999 -9999 -9999 -9999 -9999 -9999 -9999 -9999 -9999 -9999 -9999 -9999 -9999 -9999 -9999 -9999 -9999 -9999 -9999 -9999 -9999 -9999 -9999 -9999 -9999 -9999 -9999 -9999 -9999 -9999 -9999 -9999 -9999 -9999 -9999 -9999 -9999 -9999 -9999 -9999 -9999 -9999 -9999 -9999 -9999 -9999 -9999 -9999 -9999 -9999 -9999 -9999 -9999 -9999 -9999 -9999
-9999 -9999 -9999 -9999 -9999 -9999 -9999 -9999 -9999 -9999 -9999 -9999 -9999 -9999 -9999 -9999 -9999 -9999 -9999 -9999 -9999 -9999 -9999 -9999 -9999 -9999 -9999 -9999 -9999 -9999 -9999 -9999 -9999 -9999 -9999 -9999 -9999 -9999 -9999 -9999 -9999 -9999 -9999 -9999 -9999 -9999 -9999 -9999 -9999 -9999 -9999 -9999 -9999 -9999 -9999 -9999 -9999 -9999 -9999 -9999 -9999 -9999 -9999 -9999 -9999 -9999 -9999 -9999 -9999 -9999 -9999
-9999 -9999 -9999 -9999 -9999 -9999 -9999 -9999 -9999 -9999 -9999 -9999 -9999 -9999 -9999 -9999 -9999 -9999 -9999 -9999 -9999 -9999 -9999 -9999 -9999 -9999 -9999 -9999 -9999 -9999 -9999 -9999 -9999 -9999 -9999 -9999 -9999 -9999 -9999 -9999 -9999 -9999 -9999 -9999 -9999 -9999 -9999 -9999 -9999 -9999 -9999 -9999 -9999 -9999 -9999 -9999 -9999 -9999 -9999 -9999 -9999 -9999 -9999 -9999 -9999 -9999 -9999 -9999 -9999 -9999 -9999
-9999 -9999 -9999 -9999 -9999 -9999 -9999 -9999 -9999 -9999 -9999 -9999 -9999 -9999 -9999 -9999 -9999 -9999 -9999 -9999 -9999 -9999 -9999 -9999 -9999 -9999 -9999 -9999 -9999 -9999 -9999 -9999 -9999 -9999 -9999 -9999 -9999 -9999 -9999 -9999 -9999 -9999 -9999 -9999 -9999 -9999 -9999 -9999 -9999 -9999 -9999 -9999 -9999 -9999 -9999 -9999 -9999 -9999 -9999 -9999 -9999 -9999 -9999 -9999 -9999 -9999 -9999 -9999 -9999 -9999 -9999
-9999 -9999 -9999 -9999 -9999 -9999 -9999 -9999 -9999 -9999 -9999 -9999 -9999 -9999 -9999 -9999 -9999 -9999 -9999 -9999 -9999 -9999 -9999 -9999 -9999 -9999 -9999 -9999 -9999 -9999 -9999 -9999 -9999 -9999 -9999 -9999 -9999 -9999 -9999 -9999 -9999 -9999 -9999 -9999 -9999 -9999 -9999 -9999 -9999 -9999 -9999 -9999 -9999 -9999 -9999 -9999 -9999 -9999 -9999 -9999 -9999 -9999 -9999 -9999 -9999 -9999 -9999 -9999 -9999 -9999 -9999
-9999 -9999 -9999 -9999 -9999 -9999 -9999 -9999 -9999 -9999 -9999 -9999 -9999 -9999 -9999 -9999 -9999 -9999 -9999 -9999 -9999 -9999 -9999 -9999 -9999 -9999 -9999 -9999 -9999 -9999 -9999 -9999 -9999 -9999 -9999 -9999 -9999 -9999 -9999 -9999 -9999 -9999 -9999 -9999 -9999 -9999 -9999 -9999 -9999 -9999 -9999 -9999 -9999 -9999 -9999 -9999 -9999 -9999 -9999 -9999 -9999 -9999 -9999 -9999 -9999 -9999 -9999 -9999 -9999 -9999 -9999
-9999 -9999 -9999 -9999 -9999 -9999 -9999 -9999 -9999 -9999 -9999 -9999 -9999 -9999 -9999 -9999 -9999 -9999 -9999 -9999 -9999 -9999 -9999 -9999 -9999 -9999 -9999 -9999 -9999 -9999 -9999 -9999 -9999 -9999 -9999 -9999 -9999 -9999 -9999 -9999 -9999 -9999 -9999 -9999 -9999 -9999 -9999 -9999 -9999 -9999 -9999 -9999 -9999 -9999 -9999 -9999 -9999 -9999 -9999 -9999 -9999 -9999 -9999 -9999 -9999 -9999 -9999 -9999 -9999 -9999 -9999
-9999 -9999 -9999 -9999 -9999 -9999 -9999 -9999 -9999 -9999 -9999 -9999 -9999 -9999 -9999 -9999 -9999 -9999 -9999 -9999 -9999 -9999 -9999 -9999 -9999 -9999 -9999 -9999 -9999 -9999 -9999 -9999 -9999 -9999 -9999 -9999 -9999 -9999 -9999 -9999 -9999 -9999 -9999 -9999 -9999 -9999 -9999 -9999 -9999 -9999 -9999 -9999 -9999 -9999 -9999 -9999 -9999 -9999 -9999 -9999 -9999 -9999 -9999 -9999 -9999 -9999 -9999 -9999 -9999 -9999 -9999
-9999 -9999 -9999 -9999 -9999 -9999 -9999 -9999 -9999 -9999 -9999 -9999 -9999 -9999 -9999 -9999 -9999 -9999 -9999 -9999 -9999 -9999 -9999 -9999 -9999 -9999 -9999 -9999 -9999 -9999 -9999 -9999 -9999 -9999 -9999 -9999 -9999 -9999 -9999 -9999 -9999 -9999 -9999 -9999 -9999 -9999 -9999 -9999 -9999 -9999 -9999 -9999 -9999 -9999 -9999 -9999 -9999 -9999 -9999 -9999 -9999 -9999 -9999 -9999 -9999 -9999 -9999 -9999 -9999 -9999 -9999
-9999 -9999 -9999 -9999 -9999 -9999 -9999 -9999 -9999 -9999 -9999 -9999 -9999 -9999 -9999 -9999 -9999 -9999 -9999 -9999 -9999 -9999 -9999 -9999 -9999 -9999 -9999 -9999 -9999 -9999 -9999 -9999 -9999 -9999 -9999 -9999 -9999 -9999 -9999 -9999 -9999 -9999 -9999 -9999 -9999 -9999 -9999 -9999 -9999 -9999 -9999 -9999 -9999 -9999 -9999 -9999 -9999 -9999 -9999 -9999 -9999 -9999 -9999 -9999 -9999 -9999 -9999 -9999 -9999 -9999 -9999
-9999 -9999 -9999 -9999 -9999 -9999 -9999 -9999 -9999 -9999 -9999 -9999 -9999 -9999 -9999 -9999 -9999 -9999 -9999 -9999 -9999 -9999 -9999 -9999 -9999 -9999 -9999 -9999 -9999 -9999 -9999 -9999 -9999 -9999 -9999 -9999 -9999 -9999 -9999 -9999 -9999 -9999 -9999 -9999 -9999 -9999 -9999 -9999 -9999 -9999 -9999 -9999 -9999 -9999 -9999 -9999 -9999 -9999 -9999 -9999 -9999 -9999 -9999 -9999 -9999 -9999 -9999 -9999 -9999 -9999 -9999
-9999 -9999 -9999 -9999 -9999 -9999 -9999 -9999 -9999 -9999 -9999 -9999 -9999 -9999 -9999 -9999 -9999 -9999 -9999 -9999 -9999 -9999 -9999 -9999 -9999 -9999 -9999 -9999 -9999 -9999 -9999 -9999 -9999 -9999 -9999 -9999 -9999 -9999 -9999 -9999 -9999 -9999 -9999 -9999 -9999 -9999 -9999 -9999 -9999 -9999 -9999 -9999 -9999 -9999 -9999 -9999 -9999 -9999 -9999 -9999 -9999 -9999 -9999 -9999 -9999 -9999 -9999 -9999 -9999 -9999 -9999
-9999 -9999 -9999 -9999 -9999 -9999 -9999 -9999 -9999 -9999 -9999 -9999 -9999 -9999 -9999 -9999 -9999 -9999 -9999 -9999 -9999 -9999 -9999 -9999 -9999 -9999 -9999 -9999 -9999 -9999 -9999 -9999 -9999 -9999 -9999 -9999 -9999 -9999 -9999 -9999 -9999 -9999 -9999 -9999 -9999 -9999 -9999 -9999 -9999 -9999 -9999 -9999 -9999 -9999 -9999 -9999 -9999 -9999 -9999 -9999 -9999 -9999 -9999 -9999 -9999 -9999 -9999 -9999 -9999 -9999 -9999
66.00340 66.03490 65.61900 65.55830 65.06130 65.00000 -9999 -9999 -9999 -9999 -9999 -9999 -9999 -9999 -9999 -9999 -9999 -9999 -9999 -9999 -9999 -9999 -9999 -9999 -9999 -9999 -9999 -9999 -9999 -9999 -9999 -9999 -9999 -9999 -9999 -9999 -9999 -9999 -9999 -9999 -9999 -9999 -9999 -9999 -9999 -9999 -9999 70.23510 -9999 -9999 -9999 -9999 -9999 -9999 -9999 -9999 -9999 -9999 -9999 -9999 -9999 -9999 -9999 -9999 -9999 -9999 -9999 -9999 -9999 -9999 -9999
65.49490 65.51030 65.23780 64.89030 64.92750 64.64990 64.10620 63.62440 62.93150 62.35820 62.40140 61.98680 62.63190 64.39790 64.32850 63.98090 64.39740 64.08140 66.09850 -9999 -9999 -9999 -9999 -9999 -9999 -9999 -9999 -9999 -9999 -9999 -9999 -9999 -9999 -9999 -9999 -9999 -9999 -9999 -9999 -9999 -9999 -9999 64.23550 65.53470 65.02770 64.91920 66.47390 67.42330 71.24710 -9999 -9999 -9999 72.41510 -9999 -9999 -9999 70.66900 70.52480 69.28280 -9999 -9999 -9999 -9999 -9999 -9999 -9999 -9999 -9999 -9999 -9999 -9999
64.60530 64.25490 64.00260 63.72140 63.69080 63.45690 60.29930 62.00850 61.72720 61.34360 60.97110 59.39200 60.66500 60.20850 58.94310 59.86600 60.35360 60.07120 60.48020 60.40820 60.81150 59.22010 59.81810 62.68160 64.07690 -9999 -9999 -9999 -9999 -9999 66.82060 66.73000 66.94420 66.98180 67.37610 68.19620 68.73710 68.70160 68.16960 68.48580 68.06040 68.00570 63.06130 63.31980 63.19660 63.67050 65.38130 65.75670 70.48780 70.70420 70.39350 70.79020 71.36380 71.95000 71.58280 70.60500 70.02990 68.67780 66.53740 66.19850 66.79340 67.00550 66.97040 66.80230 -9999 -9999 -9999 -9999 -9999 -9999 -9999
63.54180 63.28040 63.11590 61.84150 61.61780 59.50440 59.90380 59.13600 59.38270 59.58470 58.61280 59.32280 60.02950 59.30360 59.60390 59.83850 60.21040 60.53200 60.37940 60.72400 60.46980 58.33170 59.27500 59.00100 60.56150 61.57170 64.42510 65.44530 66.29160 66.62800 66.43100 66.69960 66.01800 66.26170 65.72860 65.85890 66.36160 66.97380 66.99380 67.53030 67.03620 67.58280 66.24670 66.79930 67.07870 67.45110 68.53630 69.27620 69.47130 70.16820 69.38990 69.80540 70.29670 70.20460 70.16160 70.31240 69.54870 69.15200 68.79600 68.46750 67.91800 67.33150 66.43210 65.12260 65.10070 64.96540 66.14300 65.86430 66.08300 67.09870 67.72370
58.19050 57.67560 58.68220 57.74070 58.37580 58.59020 58.94210 59.19600 59.51620 59.13740 59.60750 59.90270 60.17960 60.35660 61.07940 60.96280 61.26400 61.46460 59.08110 58.83900 59.27120 59.84250 62.91580 62.68310 60.99970 61.04270 60.87100 61.82240 62.69010 63.62140 64.86670 65.80100 65.82420 65.30490 64.24680 64.14460 65.00670 65.85260 66.32340 66.58270 66.71520 67.03400 65.80310 66.40890 66.94950 67.22800 68.28450 68.72550 69.35980 69.40030 68.88910 69.32340 69.80460 69.66940 69.64630 69.40120 69.01120 68.61420 68.21350 67.89170 67.51980 66.97400 65.49720 65.18270 65.37210 65.30020 65.46380 65.53360 66.22080 66.88060 68.03480
62.25610 61.95120 60.08300 58.23680 58.08090 58.21270 58.92690 57.72700 58.15470 59.06790 59.30160 59.29070 59.62870 60.14510 61.37300 59.22170 60.07490 59.05120 58.66870 58.50690 60.12190 62.50920 63.18150 63.34490 62.51500 61.85450 62.25040 59.48100 59.55780 60.76270 63.77270 65.69070 65.67450 65.32900 64.12050 64.43850 64.75080 65.31140 65.70340 65.96510 66.31230 66.51230 67.41660 67.75850 68.26290 68.01780 68.03130 68.71010 68.90560 69.35210 69.76860 69.80840 69.93210 70.05730 70.31260 70.02030 69.72950 69.53680 69.12390 68.87060 68.13780 67.60970 66.43810 66.53940 66.38660 66.09060 66.02320 66.25480 66.65130 67.23660 68.08780
62.43050 62.44010 61.28960 60.89650 60.81490 60.97370 61.55360 60.55130 62.29630 62.61760 62.54670 62.52670 63.17940 63.57630 62.97270 61.95150 61.54920 62.20270 63.74640 63.41190 61.80380 62.07940 60.94960 61.33170 59.91860 61.19000 62.19430 62.76070 62.25120 60.54690 63.47000 64.41830 65.28500 64.95810 64.25870 64.18670 64.37250 65.02160 65.16430 65.48200 65.84910 66.37520 66.96100 67.03220 67.78380 68.11380 67.65680 67.98710 68.38240 68.82710 69.22690 69.37530 69.44210 69.47750 69.71890 69.12020 69.32700 69.01220 68.55570 67.92180 67.29670 67.28420 66.74530 66.60870 65.95510 65.99850 65.86950 66.48830 66.41530 67.39300 67.81450
62.57670 61.53150 61.11840 61.60820 61.92620 62.51270 62.72280 63.07560 63.06180 63.13010 63.83200 63.94320 63.96480 63.64720 63.35020 62.67430 62.35590 62.19260 62.18950 60.73430 56.58750 56.18320 57.85530 57.56800 58.12370 60.07210 61.03680 61.75660 61.24710 60.57300 60.64660 63.14850 64.14490 64.07140 63.76430 63.61410 63.90250 64.37680 64.74860 65.37320 65.78880 66.25640 66.86140 67.11290 67.36080 68.04000 67.32540 67.70280 68.04370 68.21070 68.43010 69.11420 68.97780 69.03810 68.87160 68.89700 68.81360 68.40790 67.82590 68.10670 67.21980 67.27150 66.88580 66.00880 66.02660 65.76120 65.62860 65.57900 65.52820 66.14870 66.54140
62.08710 61.23910 61.39130 61.62510 61.96090 61.58600 62.23400 62.45070 62.49860 63.12940 64.09430 64.00620 64.46850 64.32320 63.43380 63.40090 62.43840 61.85020 62.61380 61.81310 54.99270 55.10620 54.72320 54.31610 56.70460 59.50350 59.93130 60.52710 59.85390 60.09460 59.06960 60.97680 62.36370 62.98520 63.01420 63.19340 63.47970 63.67930 64.51090 64.82490 64.92020 65.41630 66.30840 66.91470 67.10510 67.47740 67.17010 67.53030 67.94010 68.04120 68.23120 68.62420 68.68810 68.68440 68.54610 68.57130 68.41660 67.86250 67.45330 67.21420 66.64880 66.12460 66.08650 65.72140 65.45480 65.18020 64.82470 64.46380 65.11950 65.54100 65.77820
60.74610 60.24840 60.20700 60.37750 60.87180 61.31770 61.31160 61.95610 62.18710 63.29660 61.79070 62.43730 63.70100 63.30600 62.81730 62.63270 61.77270 60.92400 60.31830 60.16540 53.51340 53.79070 53.28040 53.08670 53.21490 57.19070 57.07060 57.55690 58.35200 59.11410 59.40290 60.68490 61.17230 61.08220 61.39330 61.73520 61.83310 61.72280 63.14070 63.45490 63.97390 65.49260 66.20130 66.72020 67.36130 67.50390 67.39760 67.19860 67.71860 68.04830 67.65570 67.95610 68.08530 68.06960 67.55440 67.30860 67.24400 66.70820 66.52720 66.28760 66.27100 65.67090 64.71860 64.76740 64.71730 64.51180 64.00430 64.47350 64.63600 65.38570 65.69420
61.27600 61.01250 60.46410 60.38040 60.98290 61.01780 61.33630 62.33870 62.47620 59.20840 58.80090 58.80490 60.21120 58.22170 56.75750 56.32460 61.08720 60.57780 59.98570 59.62240 53.37000 52.56610 52.24860 52.47040 52.45610 52.74490 54.19700 54.54220 55.08240 56.02880 57.19120 58.57770 59.29350 58.75430 58.70760 58.42980 58.07110 58.95150 60.80930 61.36820 61.02310 61.79010 63.95830 64.97530 65.71920 66.10020 66.92180 67.54480 67.77980 67.42050 67.86840 67.68240 67.32020 67.55600 67.06030 67.05970 66.52990 66.16270 65.80950 65.25870 64.90780 64.91570 64.23750 63.64840 63.36340 63.42360 63.67080 63.56590 64.03800 64.13000 64.41390
61.41510 60.96610 60.65310 60.40330 60.26280 60.08800 60.16120 61.37010 62.66410 62.97160 60.20340 58.23470 59.49560 58.68630 57.23000 56.63560 55.13690 55.17640 52.96450 58.62310 58.12680 51.35310 50.61560 49.70560 49.80680 50.04430 49.57450 50.56500 50.94660 52.41330 51.77540 52.55330 53.96140 53.95240 53.52240 54.74750 55.38210 55.46350 57.81810 58.58660 58.98660 59.75300 61.50830 61.88640 62.11910 63.49660 63.73440 64.78550 66.46760 67.37880 66.95700 67.14970 67.44610 66.86160 66.70520 66.67710 66.34470 65.76690 65.35880 64.85920 64.46690 63.59070 63.38340 62.49170 62.84660 62.79140 62.80950 63.19150 63.29630 63.05030 63.84690
60.78290 60.43200 60.25690 60.10200 59.73190 59.85710 60.22870 61.50800 61.92180 63.51410 65.48030 65.39000 63.09950 58.65530 55.44220 54.76920 54.13810 54.25930 53.18670 54.58460 53.97440 55.42540 50.05190 53.18660 49.79550 48.65200 48.23260 48.58930 50.53840 53.35870 54.40530 55.35240 54.34900 55.35220 53.72710 54.99820 56.70580 56.25990 58.05590 58.90720 58.99940 59.43870 61.51240 61.67250 62.42890 62.80150 63.03300 64.32290 65.32640 65.98780 66.01510 66.36170 66.82230 66.26530 65.82390 65.76260 65.40900 64.80420 64.78720 64.31500 63.73900 62.94830 62.46620 62.12590 62.25160 62.01880 62.11200 62.35150 62.23750 62.24620 62.70800
60.20610 60.00330 59.71460 59.32140 59.39890 58.89110 58.54360 58.31610 57.14600 61.18240 64.51660 63.79850 63.60050 62.23020 61.08320 60.42750 59.09380 57.57290 56.54410 51.18960 54.24640 53.00130 53.11920 53.63330 53.28470 52.76010 53.36340 52.99680 53.88820 55.40120 57.02390 56.25030 56.44890 57.12070 57.77100 58.27160 56.87980 57.54720 58.61650 59.10300 59.84250 60.62150 61.31470 61.48470 61.93300 63.25160 63.09330 63.35100 64.14600 64.88950 64.47120 65.20190 65.40580 65.96740 66.00200 65.37020 64.97490 64.39780 63.82500 63.37960 62.70250 61.84320 61.96580 61.36270 61.76740 61.62760 61.34950 61.32640 61.64850 61.72570 62.24070
58.52630 58.70250 60.14160 59.56910 60.00340 60.04340 60.25350 60.43540 60.00260 60.45870 62.20800 59.50900 60.90400 60.93680 60.27350 59.63080 58.05670 57.05920 58.62870 56.84410 55.33000 54.74770 54.02560 53.54810 51.88570 51.94830 52.02230 52.61490 53.71680 55.30480 55.79300 55.82850 55.51990 56.60160 55.24370 56.07250 57.56260 58.14530 58.47020 58.96430 59.83460 59.97730 60.69340 61.71380 62.18320 62.64390 62.18050 62.34170 63.15510 63.82090 63.10320 63.72050 64.03620 64.30590 65.21920 64.69860 64.24850 63.71870 63.22940 62.83510 61.85300 61.25510 61.70880 60.99490 61.08840 60.61090 60.40800 60.65460 60.64120 61.28440 61.71210
60.76570 62.83730 62.39560 61.47340 60.81540 60.69150 60.16730 60.17530 59.92660 60.20470 60.86870 61.08590 61.40140 60.57420 60.61890 59.56900 58.23750 56.77250 59.34960 58.63690 57.31530 55.39270 53.36740 51.97870 47.76090 44.98110 50.48530 51.30210 52.56600 54.75660 56.81270 56.30470 55.87710 53.85560 53.35150 56.20740 57.48670 57.30950 58.37420 59.61430 59.79970 60.24820 59.98470 60.98110 61.65490 61.69580 61.64600 61.30970 61.58380 61.35180 61.34370 61.68060 62.78230 63.34800 64.03000 64.21900 63.39360 62.88830 62.50410 62.33810 61.55010 60.99490 61.01530 60.51900 60.23880 59.81290 60.00100 60.05320 60.33950 60.95440 61.66240
65.15010 64.47030 63.86990 62.58870 61.14470 60.57270 59.34000 59.38030 59.70710 60.30090 60.09200 60.09530 60.74690 58.64390 58.73530 58.93430 57.83550 56.40660 56.88030 56.37460 57.21850 56.83990 55.47500 52.25960 50.06820 48.86550 49.23890 49.61590 52.55580 55.11000 56.00150 55.96430 56.16410 52.51740 54.36080 55.45820 57.87360 57.67970 59.55390 60.04030 60.47770 60.76150 60.54340 60.16410 61.35700 61.71710 61.75150 61.43280 60.97140 61.00200 60.60530 61.03530 61.45660 62.07550 62.33890 62.49730 62.49450 62.13110 61.67140 61.59140 60.81510 60.03570 59.60800 59.46050 58.87300 58.62210 58.99470 59.05990 59.72250 60.52070 61.55480
66.07210 65.81760 65.58110 64.68330 62.80440 60.57120 61.08340 60.71020 60.62620 60.53100 60.24640 59.93210 60.69240 60.55490 58.51570 56.16860 55.89330 56.97770 56.21250 56.46400 55.44980 54.65240 53.66960 51.25570 49.09420 49.04510 50.01850 51.78280 52.90140 54.84030 55.63270 55.47200 56.38810 54.68040 56.12960 56.56860 57.45540 58.10890 59.10540 59.80250 60.02280 60.12110 60.61220 60.50830 61.15510 62.24610 61.62180 61.45020 61.28860 61.93450 61.82630 61.45620 61.22690 61.38580 60.71830 61.03680 61.72080 61.77880 61.52270 61.42480 61.42780 60.62230 59.93820 59.51470 58.65130 58.36630 57.85470 57.96760 58.42900 59.63640 60.92350
69.36000 -9999 68.57150 66.20130 65.81020 64.35660 -9999 62.31810 63.53030 63.07500 62.80460 62.75410 62.24610 62.62060 62.17820 62.10220 61.76450 59.30790 56.60120 54.47570 53.64300 52.01060 53.89600 53.33410 52.15220 51.95070 52.28180 53.37370 55.63750 57.46350 58.53280 59.17740 57.19470 56.99590 57.77330 58.11590 58.55790 58.04650 58.40220 59.18950 60.00320 59.74310 59.98650 60.45300 59.86610 60.25050 60.67330 60.91800 61.12430 61.34090 61.55510 61.28970 60.86240 61.05450 59.81680 59.95210 61.17940 61.47450 61.24470 61.26120 60.54320 60.07430 59.81860 59.08760 58.23800 57.58420 56.59620 56.30510 56.76030 58.47580 57.97840
