data/hydroclimate-scenarios/BCSD_hadcm_A1B/monthly_summaries/rh_monthly_avg_mar.2070-2099.asc
ncols	311
nrows	91
xllcenter	102.75
yllcenter	31.75
cellsize	0.5
NODATA_value	-9999
[rows 32 to 63 of 91, columns 0 to 70 of 311]
-9999 -9999 -9999 -9999 -9999 -9999 -9999 -9999 -9999 -9999 -9999 38.67550 39.20010 40.03020 40.49660 41.15160 41.67770 41.48900 42.19890 42.57870 42.57760 42.86450 43.04220 42.98260 42.82180 42.66470 42.11260 41.62330 41.05670 41.15880 41.02390 41.21850 42.05980 43.07970 44.14140 46.40200 47.47850 48.10780 48.29290 48.95650 49.11270 50.04550 50.63310 49.72950 49.73910 48.94320 49.21750 48.90280 48.48840 47.77980 47.09960 46.27370 45.57910 44.71700 43.58060 42.82720 41.92800 41.73840 40.71830 40.12570 39.57160 38.70820 38.56980 38.20540 38.37320 39.38580 39.46540 39.06350 39.39150 39.12620 39.67550
-9999 -9999 -9999 -9999 -9999 -9999 -9999 -9999 -9999 -9999 -9999 39.02790 39.19340 40.02720 40.66690 41.03410 41.51630 41.78810 42.40860 42.62870 42.91250 42.94950 43.14720 43.37500 42.84450 42.03920 41.55900 40.49800 40.57320 41.04320 40.74640 40.86050 41.38170 42.34930 43.69540 45.90900 47.07380 47.69260 47.76750 48.40070 49.26090 49.99760 50.43400 50.64800 50.99170 50.41350 50.44460 49.79170 49.24540 48.63580 47.83350 46.98890 46.34600 45.29550 44.51050 43.53980 42.98480 42.27210 41.62790 40.66550 40.36990 39.45610 39.62080 39.08760 39.44570 40.21560 40.72340 40.55140 40.81840 40.99150 41.53860
-9999 -9999 -9999 -9999 -9999 -9999 -9999 -9999 -9999 -9999 -9999 -9999 39.34780 39.70650 40.07400 40.81120 41.16680 41.70150 42.22320 42.80910 43.06300 43.08610 42.92580 42.33330 41.95690 40.77320 40.06230 39.57240 39.62790 39.90870 39.79080 40.39810 41.01910 41.51460 42.48240 43.77620 45.10570 46.15830 46.62830 47.49080 48.46350 49.68380 50.48880 50.79670 51.54690 51.60070 51.23450 51.06650 50.42380 49.35470 48.31100 47.50440 46.48950 45.42240 44.44350 44.11880 43.32620 42.75740 42.01640 41.51760 40.88870 40.84850 40.57450 40.01330 40.63610 41.35180 42.18140 42.06150 42.02620 42.83130 43.85640
-9999 -9999 -9999 -9999 -9999 -9999 -9999 -9999 -9999 -9999 -9999 -9999 38.95920 39.66680 40.30620 40.53300 41.29550 41.56840 42.16880 42.74470 42.93690 42.53320 42.31000 41.54820 40.56220 40.35380 39.24440 38.25650 38.22510 37.98150 38.15630 38.09400 39.14890 39.80100 40.97700 41.96570 43.25610 45.00270 45.89060 46.78070 48.16500 49.49230 50.17020 51.36940 52.80960 53.25050 53.04330 52.25100 50.80430 49.71070 48.49810 47.17470 46.50170 45.12580 44.53040 44.22020 43.54680 43.16310 42.51930 42.01880 41.55720 40.97720 40.95310 40.72060 40.90510 41.89940 42.87180 43.45350 44.15900 45.22860 45.54970
-9999 -9999 -9999 -9999 -9999 -9999 -9999 -9999 -9999 -9999 -9999 -9999 39.03710 39.57010 39.93540 40.31240 40.99820 41.15970 41.47560 42.21000 42.77800 42.16560 41.99350 40.84460 39.77470 38.78740 37.99150 37.48710 36.88600 37.00770 36.43170 36.91210 37.52240 37.94560 39.14210 40.49590 41.03300 42.95120 44.02090 45.58240 46.59280 48.29800 49.78520 52.09220 53.64440 55.03370 54.06530 52.67960 51.14380 49.94920 48.53670 47.30430 46.28130 45.29700 44.71410 44.42220 43.89880 43.10240 42.38390 42.03610 41.83840 41.40480 41.57530 41.70280 42.22500 43.02830 44.09680 45.16390 46.07220 47.31340 48.46270
-9999 -9999 -9999 36.89780 36.69920 36.48610 37.02300 37.34760 37.41190 -9999 38.15800 38.86100 39.55630 39.61050 40.10090 39.72190 40.19760 40.48050 40.63830 40.98410 41.94420 41.95480 41.24460 40.67250 39.66060 38.28580 37.36090 36.31890 35.11720 33.58370 34.47490 34.91700 35.07480 34.31150 36.38650 38.12040 38.63860 40.52960 41.64930 43.67400 45.24150 47.28450 49.17820 51.19210 52.60670 53.67180 52.75730 52.05850 50.75050 49.06380 47.60410 46.45040 45.12450 44.11840 43.38780 42.60920 41.94620 42.27060 41.56600 41.51600 41.74010 42.09850 42.00650 42.34130 43.47450 44.54720 45.68290 46.65340 47.86760 49.27890 50.50590
-9999 -9999 -9999 36.81200 36.51060 36.41440 36.83200 37.27450 37.83560 38.46970 39.23450 39.62320 39.55300 39.45910 39.38450 39.06410 39.01390 38.59000 38.72590 39.14600 39.99870 39.85930 40.58190 40.44010 39.04720 37.98110 36.22260 34.78540 33.13130 31.69310 32.01150 30.56420 31.93920 32.42550 33.91200 35.30360 35.45780 37.27700 39.82940 40.84830 42.93860 45.38760 47.50690 49.55220 50.93930 51.41740 51.14220 50.99070 49.15400 48.02530 46.89330 45.29080 44.49650 43.38380 43.32360 42.39700 42.39210 41.99700 41.13080 41.08900 41.03240 41.83340 42.12200 42.92350 44.14030 45.75360 47.01350 48.46420 50.07830 51.22580 52.16370
-9999 -9999 -9999 36.29500 35.63720 35.94660 36.64820 37.28150 37.34650 38.21250 38.63960 39.09590 39.08060 38.71520 38.18810 38.19970 38.19230 37.84500 38.01520 38.16250 38.31830 37.61380 38.00620 37.75520 36.40960 35.17120 34.17320 33.10560 32.01380 29.62760 28.05500 27.28920 28.77850 29.93400 30.89950 32.30050 33.80730 35.13310 37.29410 38.66530 40.46070 42.99550 45.40280 48.04210 50.07050 50.46280 50.44030 49.01250 47.97250 46.19250 44.92330 44.84570 43.71400 42.79880 42.12330 41.52790 41.73740 41.69810 41.18130 40.68340 41.39620 41.97330 42.72810 43.34160 44.81620 46.46200 48.06410 49.38670 50.63050 51.84760 53.18620
-9999 -9999 -9999 35.77210 35.87930 36.51750 37.62070 37.94580 37.52900 37.94370 38.46910 38.70880 38.16560 37.85940 38.07410 37.80240 37.08730 36.28240 35.97360 36.19210 35.32630 34.33170 33.58760 34.03700 33.21690 32.49770 31.77690 30.00470 27.88040 27.37590 27.13160 26.08600 26.06950 27.06110 28.62000 30.26680 32.07770 33.58210 34.20280 36.20560 37.87440 39.44700 41.62410 43.79180 46.61740 47.84500 47.32050 47.24440 45.59420 45.28100 43.85150 43.52740 42.48190 40.81730 40.90780 40.68860 40.66120 40.36760 40.32750 40.58200 40.46250 41.84630 43.01130 43.88940 45.09520 46.91720 48.65470 49.85670 51.29800 53.26260 56.77380
-9999 -9999 -9999 35.01460 34.89910 35.51930 35.57680 36.49040 36.84340 37.63120 38.31980 37.99360 37.77700 37.45780 37.11510 36.81180 35.94900 34.91290 35.10640 35.11370 33.63790 31.96490 31.03660 32.08780 31.94680 31.08260 30.33040 28.71680 27.48130 25.96830 25.25660 24.73070 24.77820 26.06330 27.24540 28.18800 29.26420 30.48170 32.37420 33.95450 35.18740 36.57310 38.48630 39.77780 41.90150 43.57990 44.35450 44.02130 43.37520 43.05990 41.97880 41.48360 40.72000 39.54520 39.94010 39.34470 39.13860 39.62010 39.59670 39.49720 40.43290 41.45820 42.24710 43.87850 44.99070 47.44190 48.94180 50.26180 51.88700 55.37680 59.16620
-9999 -9999 -9999 -9999 34.52860 34.50900 34.92620 35.32760 36.17080 36.99450 37.73370 38.41000 37.45610 38.20720 -9999 -9999 -9999 -9999 -9999 31.23560 29.78760 28.41330 28.30960 27.53950 27.53970 27.76870 28.15530 27.14040 25.39710 24.72010 24.42950 24.20740 24.49070 25.31120 27.06920 28.06690 28.01060 29.65380 29.67150 31.83050 33.14610 34.15550 35.11690 35.96430 37.68280 38.55700 39.26440 39.84770 39.73370 39.31660 39.33730 38.50990 38.10900 37.76040 37.52600 36.96790 36.85100 37.68340 38.21290 39.27300 39.31790 39.92350 41.47040 43.16480 44.83050 46.25390 48.70110 51.70710 54.05860 -9999 -9999
-9999 -9999 35.38010 35.07590 33.88870 33.72530 34.26550 35.18990 35.39970 36.64230 37.13820 38.19710 37.53440 -9999 -9999 -9999 -9999 -9999 30.10120 28.79000 27.36250 26.06180 25.99520 25.88780 25.69270 25.64000 26.36020 26.10930 25.15870 24.54040 24.17770 24.05190 24.16740 24.94940 25.71860 26.71790 26.82400 27.41720 27.41220 29.44270 30.79560 30.85820 31.71520 32.69960 34.04550 34.73400 35.84640 36.77090 37.24160 37.80590 37.09350 36.64160 36.96190 37.65280 36.29620 36.63500 36.39860 36.93820 37.48160 38.75790 39.10060 40.14300 41.95960 43.22620 45.14580 47.08150 49.45640 -9999 -9999 -9999 -9999
-9999 -9999 35.91520 35.40180 34.16080 33.51530 34.06260 34.86020 35.33050 36.62410 37.76420 38.55040 39.02630 -9999 -9999 -9999 -9999 32.84340 29.14900 27.77350 25.78440 24.56370 24.70940 24.61960 24.91350 25.71230 25.50450 25.37720 25.10790 24.68320 24.40520 23.91670 24.33430 24.37690 25.14770 25.23790 26.38910 25.82550 26.03570 26.26920 26.95720 27.61550 28.68420 30.24350 31.23260 33.28340 34.46450 34.22720 34.81690 35.86230 35.93590 35.99640 36.16570 35.78090 35.21410 36.79730 36.57260 35.88590 37.14370 37.48010 38.82270 39.57000 41.30630 43.62690 45.73660 -9999 -9999 -9999 -9999 -9999 57.50910
-9999 -9999 37.32180 36.57540 35.51820 34.50390 34.58930 35.87910 36.46360 37.47580 38.03660 39.16500 37.44360 -9999 -9999 -9999 -9999 30.25870 28.75400 26.21400 24.86570 24.19160 24.31680 24.06350 24.06310 24.55580 24.62450 24.93500 24.47700 24.59860 24.20850 23.88120 23.59280 23.68970 24.24260 24.08350 24.14530 24.15770 23.47600 24.03130 24.87470 26.43270 27.27570 27.90530 29.94770 31.28540 31.92070 32.15880 32.30600 32.83090 33.59870 33.96780 34.24390 33.49450 33.84530 35.27730 35.97580 36.00030 37.41130 38.06200 39.33170 40.58110 41.98490 42.55520 43.24700 44.89920 47.93280 49.37360 52.04130 -9999 -9999
-9999 -9999 -9999 38.21590 36.51020 36.10250 35.56510 36.32900 37.58660 38.44870 39.23490 38.34980 -9999 -9999 -9999 -9999 32.65670 29.70050 27.29800 25.60070 24.31670 23.61720 23.88000 23.32710 23.45600 23.61070 24.10670 24.53190 24.31590 24.52470 23.86570 23.71430 23.56630 23.49550 23.99570 23.88030 23.57420 23.70110 23.54520 22.88670 23.34390 24.60500 25.35660 27.08480 28.96990 30.77850 31.96140 32.79400 31.43780 31.56690 31.61980 32.31640 32.77660 32.85220 32.84200 32.83970 33.68840 33.71150 35.16420 36.83210 37.89790 38.92910 39.20340 39.56440 40.34900 43.33000 45.97320 47.64300 50.08250 51.28740 -9999
-9999 -9999 -9999 -9999 38.89220 37.78620 36.90910 38.02370 38.36910 39.38640 36.02300 -9999 -9999 -9999 -9999 36.38100 33.50330 30.31140 26.50200 24.96620 24.01780 23.33660 23.36900 23.05840 23.28670 23.35370 23.91000 24.18020 24.54170 24.76040 24.47930 24.20120 23.96560 23.51230 23.60270 23.52410 23.52680 23.79620 22.81300 21.91480 22.46560 24.25970 24.96920 26.12290 28.02400 29.54010 30.64440 30.57450 30.49530 30.91920 31.57070 32.19230 32.13690 32.44920 32.10710 32.80040 34.39250 33.26800 33.93650 35.63480 35.89330 36.38740 37.12860 38.73550 39.52490 41.76950 44.40980 45.99020 47.09240 48.78850 50.59290
-9999 -9999 -9999 -9999 -9999 -9999 39.19110 40.14070 36.54100 35.94290 37.72180 -9999 -9999 -9999 -9999 -9999 34.20120 29.78640 27.01930 25.13680 23.92390 23.14500 23.10180 23.05220 23.28100 23.40840 23.67770 24.31840 24.47530 24.93850 24.91020 24.86750 24.78770 23.60400 24.42680 24.61080 23.76510 23.23820 22.73700 21.82020 22.12740 22.97240 24.16540 24.91700 26.95910 27.97090 29.13710 29.54040 30.42390 30.67710 31.08320 31.44500 31.85540 31.71000 31.16110 32.07220 32.52100 33.31620 34.00360 35.09300 35.68510 35.20800 36.47770 37.18830 38.63300 40.56670 42.79950 44.38110 45.61750 47.64370 49.60990
-9999 -9999 -9999 -9999 -9999 -9999 -9999 -9999 -9999 -9999 -9999 -9999 -9999 -9999 -9999 -9999 -9999 -9999 -9999 24.89950 23.86060 23.01400 23.03850 22.87610 23.31490 23.90380 24.47420 24.78750 25.38530 25.71350 25.70000 26.11710 25.09790 24.04940 24.28760 24.08490 23.89110 22.60920 22.20440 21.69690 21.46260 22.57320 23.59060 24.21970 25.68510 27.47680 28.62200 28.75290 29.61960 30.68280 31.43330 31.88960 32.08130 31.64050 30.76360 31.47660 32.31350 33.15140 33.49060 34.83080 34.66620 35.01000 36.00040 37.20680 38.04770 41.09080 42.28390 43.46920 44.50920 46.53360 48.89250
-9999 -9999 -9999 -9999 -9999 -9999 -9999 -9999 -9999 -9999 -9999 -9999 -9999 -9999 -9999 -9999 -9999 -9999 25.88790 24.23590 23.80470 22.94630 23.29510 23.71250 24.00430 24.22630 24.22420 25.30870 25.30440 25.35690 25.44620 25.04270 24.88800 24.34460 24.30470 23.80690 23.41740 22.70820 21.71680 21.90130 22.03920 21.98470 22.70960 23.30060 24.64920 25.70150 26.54900 27.73530 28.22000 30.02420 31.06900 31.98710 32.52800 31.34370 30.92540 32.27690 33.08370 31.67060 31.67590 33.33720 34.51520 34.92540 35.71780 37.49630 38.16370 40.66330 42.64790 43.19300 45.35480 47.32280 49.43600
-9999 -9999 -9999 -9999 -9999 -9999 -9999 -9999 -9999 -9999 -9999 -9999 -9999 -9999 -9999 -9999 -9999 27.00480 25.48210 24.12360 23.43960 23.10480 23.30260 23.70470 24.16710 24.61770 24.67530 25.47240 24.99740 25.18250 25.55560 25.19390 25.66160 25.09530 25.83440 23.85280 23.23030 22.12300 21.59800 22.01210 22.02490 21.99730 22.54310 23.26480 23.88340 25.21990 26.69380 26.28230 28.60770 30.29960 31.60800 32.76710 32.99250 31.71060 31.54570 32.19360 32.50490 30.73140 31.60040 33.55310 35.74750 35.72490 36.14410 37.39990 39.70820 41.26950 43.01730 44.97520 46.98280 48.47810 49.68480
-9999 -9999 -9999 -9999 -9999 -9999 -9999 -9999 -9999 -9999 -9999 -9999 -9999 -9999 -9999 -9999 -9999 24.35080 23.48340 23.65430 23.47970 23.74240 23.46040 23.59790 25.07600 25.06630 25.25340 25.49640 25.45270 25.45330 25.91460 26.13590 25.68650 26.48630 25.03610 24.96000 24.02520 22.97180 21.86720 21.65420 21.77140 21.90190 22.22020 22.60500 23.38450 24.73650 26.54020 26.19850 27.12830 30.22030 31.33940 32.93470 32.67570 33.11230 33.58290 32.84640 31.22210 32.17090 33.86730 34.11370 34.64950 35.21760 37.40100 38.37350 39.37580 41.65460 43.56900 45.88910 47.70540 48.41540 50.79960
-9999 -9999 -9999 -9999 -9999 -9999 -9999 -9999 -9999 -9999 -9999 -9999 -9999 -9999 -9999 -9999 23.95360 22.95410 22.38640 22.75620 23.13730 23.92260 24.20790 24.22380 25.32500 25.48300 25.79000 27.13480 26.30480 26.47480 26.30210 26.39360 26.42810 27.18270 26.12840 25.30340 24.57550 23.49820 22.44650 22.38300 21.80610 21.97750 22.43820 22.93020 24.04500 25.04910 25.41540 25.46870 26.62420 30.06690 31.52280 32.62020 32.81820 32.86370 33.65890 33.33750 33.08880 32.66650 34.47000 34.75340 35.37400 37.46190 38.55530 39.09950 41.47880 43.93560 45.60610 47.50400 49.86100 50.15570 51.67330
-9999 -9999 -9999 -9999 -9999 -9999 -9999 -9999 -9999 -9999 -9999 -9999 -9999 24.26000 23.71810 23.11080 22.66470 22.73960 22.45590 22.34840 22.93620 23.48530 24.16090 24.85940 24.93240 25.13270 26.98680 26.51020 26.13770 26.48640 26.22710 27.20250 27.56260 26.80930 26.46770 26.45590 25.64250 24.60960 23.44180 22.67220 22.41960 21.98390 22.04510 23.83940 24.85850 24.94940 25.41640 25.74180 26.59980 28.04940 28.81530 29.86880 31.85410 32.84170 34.54510 35.24000 34.89760 34.83930 35.35090 35.88400 36.49700 37.81650 40.50870 41.82960 44.48350 47.96220 49.87840 50.13090 50.99510 52.95950 53.67090
-9999 -9999 -9999 -9999 -9999 -9999 -9999 -9999 -9999 -9999 -9999 -9999 23.74810 22.96580 22.45590 21.93570 21.81230 21.98570 22.09350 22.15970 22.68670 23.33830 24.81280 24.71130 25.19190 24.96950 25.29120 26.47330 26.36480 26.71040 26.68320 26.73960 27.14560 27.06760 27.34980 27.03750 26.37290 25.44580 24.89970 23.72470 23.09160 22.06680 21.82860 22.96030 24.81450 25.75230 26.12480 25.79290 25.74100 26.13860 27.75590 28.47010 29.53620 32.45660 34.24410 36.63530 35.73580 34.59060 35.35150 35.48430 37.17600 39.87400 41.96720 44.57340 47.78550 51.43640 52.44190 52.18820 52.88930 53.85400 54.50650
-9999 -9999 -9999 -9999 -9999 -9999 -9999 -9999 -9999 -9999 -9999 23.55430 22.84770 22.20050 21.70770 20.92480 20.84720 21.18360 21.29000 21.57120 22.34460 23.74840 24.62180 24.69660 24.88480 25.24180 25.40460 26.34450 27.39280 26.89350 26.87100 26.81690 26.79590 26.95700 27.25020 27.19540 26.34720 25.45140 25.49180 25.18300 24.05460 22.93230 22.70880 22.87940 23.93400 25.06440 25.43110 25.79080 26.40550 26.10570 26.63590 27.38790 27.95050 29.94440 31.54330 32.99800 34.48220 34.68860 36.99130 37.37680 39.47790 42.13760 45.72090 48.26350 51.35280 54.10330 53.91180 53.08990 52.64880 53.42020 55.43880
-9999 -9999 -9999 -9999 -9999 -9999 -9999 -9999 -9999 -9999 23.03440 22.99200 22.18870 21.53600 21.06860 20.44540 20.20890 20.77780 21.18190 21.88460 22.38140 23.73000 24.86660 24.63710 24.80570 25.31810 25.44280 27.30400 27.30370 26.97780 26.87380 26.78100 26.84940 26.87370 26.95310 27.06040 25.96900 25.77340 25.60760 25.63190 24.76280 23.85750 23.77330 23.77210 24.04000 24.79750 25.98660 25.99360 26.13100 26.65110 26.37830 25.89380 26.83700 28.16180 30.83550 32.00750 33.60910 35.24640 37.87770 38.50630 40.59670 42.67110 46.37150 48.94140 51.26770 54.37280 54.83520 53.44520 53.61720 54.42510 56.40120
-9999 -9999 -9999 -9999 -9999 -9999 -9999 -9999 -9999 22.38580 21.97000 22.08970 21.49790 20.88970 20.55170 19.76580 19.32910 19.89910 20.48260 21.83640 22.52730 23.34700 24.01830 24.68130 25.21000 25.65510 25.78960 26.98500 26.82170 26.73740 27.95090 26.39920 26.89320 27.39010 27.33870 25.33430 24.95330 25.01760 24.85070 24.69910 24.34270 24.12640 24.20040 24.73120 24.92290 25.22300 26.17310 26.58220 26.85470 26.46650 26.98230 26.00410 26.44200 26.33760 27.42860 31.72920 34.60840 37.48140 37.53440 39.48030 41.48710 43.54390 45.76270 48.03570 49.51610 51.71050 52.37810 52.38630 53.37760 54.48960 56.37300
-9999 -9999 -9999 -9999 -9999 -9999 -9999 -9999 -9999 -9999 21.52970 21.51500 21.11010 20.72700 20.22490 19.52240 19.34200 19.67450 20.42940 21.83250 22.65980 23.40120 24.15520 -9999 -9999 -9999 -9999 -9999 -9999 26.28180 26.82370 24.98710 25.87300 26.40620 26.48450 24.52330 24.51300 24.80280 24.45280 24.84970 24.50690 24.50840 24.54430 25.21160 25.35680 25.45370 26.44990 26.42250 27.04500 26.78400 26.65820 27.18620 26.29870 25.79560 27.72510 31.55060 34.68590 36.98730 37.07260 39.85380 41.87600 43.30430 45.62430 47.06520 48.10070 50.03010 51.72920 52.15180 53.66520 55.59650 57.69970
-9999 -9999 -9999 -9999 -9999 -9999 -9999 -9999 -9999 -9999 -9999 -9999 21.02290 20.82000 20.35880 20.09550 19.19270 20.60750 21.44500 -9999 -9999 -9999 -9999 -9999 -9999 -9999 -9999 -9999 -9999 -9999 -9999 -9999 -9999 24.29060 24.77770 24.28620 24.53090 24.08320 24.34790 24.36680 24.61360 24.73540 24.47390 24.92400 24.83780 25.81320 27.02270 27.46250 27.40340 29.92510 29.36370 26.74040 26.97000 26.55370 27.72910 31.18860 33.45840 35.02730 37.67070 40.02290 41.41420 45.09540 46.07860 45.71270 47.90920 49.71350 50.62710 51.97040 53.69840 56.94750 59.00820
-9999 -9999 -9999 -9999 -9999 -9999 -9999 -9999 -9999 -9999 -9999 -9999 -9999 -9999 -9999 -9999 -9999 -9999 -9999 -9999 -9999 -9999 -9999 -9999 -9999 -9999 -9999 -9999 -9999 -9999 -9999 -9999 -9999 -9999 23.81500 23.66330 23.83090 23.50760 23.71620 24.10940 24.48510 24.44930 24.42950 25.02290 25.20810 25.23310 27.23610 27.53970 28.28860 29.61110 29.42280 28.06750 27.54000 27.51440 28.36270 32.38450 32.91130 34.75610 37.46310 40.97920 43.39770 45.47920 47.41660 47.55760 48.38370 49.21350 50.32900 51.82430 54.37890 57.10670 61.03280
-9999 -9999 -9999 -9999 -9999 -9999 -9999 -9999 -9999 -9999 -9999 -9999 -9999 -9999 -9999 -9999 -9999 -9999 -9999 -9999 -9999 -9999 -9999 -9999 -9999 -9999 -9999 -9999 -9999 -9999 -9999 -9999 -9999 -9999 23.07350 22.99680 23.50550 23.36100 23.62400 24.92010 25.21960 25.80670 25.72780 25.24840 25.28480 27.38090 27.35080 28.98290 31.00080 28.47270 28.99250 28.66030 30.01680 27.24760 28.20340 29.62940 32.28810 36.21080 38.18730 41.94060 44.27360 45.91560 47.14860 47.86560 48.42920 48.80360 50.27220 52.88040 55.36720 58.47350 -9999
-9999 -9999 -9999 -9999 -9999 -9999 -9999 -9999 -9999 -9999 -9999 -9999 -9999 -9999 -9999 -9999 -9999 -9999 -9999 -9999 -9999 -9999 -9999 -9999 -9999 -9999 -9999 -9999 -9999 -9999 -9999 -9999 -9999 -9999 -9999 -9999 -9999 -9999 24.13860 25.24810 25.37100 25.85750 27.37520 26.66480 26.64330 27.41400 28.66430 30.64080 30.38290 29.43220 28.58570 28.38540 28.49970 27.19590 27.36730 29.53670 31.51370 36.90620 39.62150 44.10940 46.25020 46.61220 46.67700 47.14060 47.95660 49.16840 50.97690 53.97340 57.29080 -9999 -9999
