data/hydroclimate-scenarios/BCSD_hadcm_A1B/monthly_summaries/rh_monthly_avg_apr.2030-2059.asc
ncols	311
nrows	91
xllcenter	102.75
yllcenter	31.75
cellsize	0.5
NODATA_value	-9999
[rows 0 to 31 of 91, columns 213 to 283 of 311]
-9999 -9999 -9999 -9999 -9999 -9999 -9999 -9999 -9999 -9999 -9999 -9999 -9999 -9999 -9999 -9999 -9999 -9999 -9999 -9999 -9999 -9999 -9999 -9999 -9999 -9999 -9999 -9999 -9999 -9999 -9999 -9999 -9999 -9999 -9999 -9999 -9999 -9999 -9999 -9999 -9999 -9999 -9999 -9999 -9999 -9999 -9999 -9999 -9999 -9999 -9999 -9999 -9999 -9999 -9999 -9999 -9999 -9999 -9999 -9999 -9999 -9999 -9999 -9999 -9999 -9999 -9999 -9999 -9999 -9999 -9999
-9999 -9999 -9999 -9999 -9999 -9999 -9999 -9999 -9999 -9999 -9999 -9999 -9999 -9999 -9999 -9999 -9999 -9999 -9999 -9999 -9999 -9999 -9999 -9999 -9999 -9999 -9999 -9999 -9999 -9999 -9999 -9999 -9999 -9999 -9999 -9999 -9999 -9999 -9999 -9999 -9999 -9999 -9999 -9999 -9999 -9999 -9999 -9999 -9999 -9999 -9999 -9999 -9999 -9999 -9999 -9999 -9999 -9999 -9999 -9999 -9999 -9999 -9999 -9999 -9999 -9999 -9999 -9999 -9999 -9999 -9999
-9999 -9999 -9999 -9999 -9999 -9999 -9999 -9999 -9999 -9999 -9999 -9999 -9999 -9999 -9999 -9999 -9999 -9999 -9999 -9999 -9999 -9999 -9999 -9999 -9999 -9999 -9999 -9999 -9999 -9999 -9999 -9999 -9999 -9999 -9999 -9999 -9999 -9999 -9999 -9999 -9999 -9999 -9999 -9999 -9999 -9999 -9999 -9999 -9999 -9999 -9999 -9999 -9999 -9999 -9999 -9999 -9999 -9999 -9999 -9999 -9999 -9999 -9999 -9999 -9999 -9999 -9999 -9999 -9999 -9999 -9999
-9999 -9999 -9999 -9999 -9999 -9999 -9999 -9999 -9999 -9999 -9999 -9999 -9999 -9999 -9999 -9999 -9999 -9999 -9999 -9999 -9999 -9999 -9999 -9999 -9999 -9999 -9999 -9999 -9999 -9999 -9999 -9999 -9999 -9999 -9999 -9999 -9999 -9999 -9999 -9999 -9999 -9999 -9999 -9999 -9999 -9999 -9999 -9999 -9999 -9999 -9999 -9999 -9999 -9999 -9999 -9999 -9999 -9999 -9999 -9999 -9999 -9999 -9999 -9999 -9999 -9999 -9999 -9999 -9999 -9999 -9999
-9999 -9999 -9999 -9999 -9999 -9999 -9999 -9999 -9999 -9999 -9999 -9999 -9999 -9999 -9999 -9999 -9999 -9999 -9999 -9999 -9999 -9999 -9999 -9999 -9999 -9999 -9999 -9999 -9999 -9999 -9999 -9999 -9999 -9999 -9999 -9999 -9999 -9999 -9999 -9999 -9999 -9999 -9999 -9999 -9999 -9999 -9999 -9999 -9999 -9999 -9999 -9999 -9999 -9999 -9999 -9999 -9999 -9999 -9999 -9999 -9999 -9999 -9999 -9999 -9999 -9999 -9999 -9999 -9999 -9999 -9999
-9999 -9999 -9999 -9999 -9999 -9999 -9999 -9999 -9999 -9999 -9999 -9999 -9999 -9999 -9999 -9999 -9999 -9999 -9999 -9999 -9999 -9999 -9999 -9999 -9999 -9999 -9999 -9999 -9999 -9999 -9999 -9999 -9999 -9999 -9999 -9999 -9999 -9999 -9999 -9999 -9999 -9999 -9999 -9999 -9999 -9999 -9999 -9999 -9999 -9999 -9999 -9999 -9999 -9999 -9999 -9999 -9999 -9999 -9999 -9999 -9999 -9999 -9999 -9999 -9999 -9999 -9999 -9999 -9999 -9999 -9999
-9999 -9999 -9999 -9999 -9999 -9999 -9999 -9999 -9999 -9999 -9999 -9999 -9999 -9999 -9999 -9999 -9999 -9999 -9999 -9999 -9999 -9999 -9999 -9999 -9999 -9999 -9999 -9999 -9999 -9999 -9999 -9999 -9999 -9999 -9999 -9999 -9999 -9999 -9999 -9999 -9999 -9999 -9999 -9999 -9999 -9999 -9999 -9999 -9999 -9999 -9999 -9999 -9999 -9999 -9999 -9999 -9999 -9999 -9999 -9999 -9999 -9999 -9999 -9999 -9999 -9999 -9999 -9999 -9999 -9999 -9999
-9999 -9999 -9999 -9999 -9999 -9999 -9999 -9999 -9999 -9999 -9999 -9999 -9999 -9999 -9999 -9999 -9999 -9999 -9999 -9999 -9999 -9999 -9999 -9999 -9999 -9999 -9999 -9999 -9999 -9999 -9999 -9999 -9999 -9999 -9999 -9999 -9999 -9999 -9999 -9999 -9999 -9999 -9999 -9999 -9999 -9999 -9999 -9999 -9999 -9999 -9999 -9999 -9999 -9999 -9999 -9999 -9999 -9999 -9999 -9999 -9999 -9999 -9999 -9999 -9999 -9999 -9999 -9999 -9999 -9999 -9999
-9999 -9999 -9999 -9999 -9999 -9999 -9999 -9999 -9999 -9999 -9999 -9999 -9999 -9999 -9999 -9999 -9999 -9999 -9999 -9999 -9999 -9999 -9999 -9999 -9999 -9999 -9999 -9999 -9999 -9999 -9999 -9999 -9999 -9999 -9999 -9999 -9999 -9999 -9999 -9999 -9999 -9999 -9999 -9999 -9999 -9999 -9999 -9999 -9999 -9999 -9999 -9999 -9999 -9999 -9999 -9999 -9999 -9999 -9999 -9999 -9999 -9999 -9999 -9999 -9999 -9999 -9999 -9999 -9999 -9999 -9999
-9999 -9999 -9999 -9999 -9999 -9999 -9999 -9999 -9999 -9999 -9999 -9999 -9999 -9999 -9999 -9999 -9999 -9999 -9999 -9999 -9999 -9999 -9999 -9999 -9999 -9999 -9999 -9999 -9999 -9999 -9999 -9999 -9999 -9999 -9999 -9999 -9999 -9999 -9999 -9999 -9999 -9999 -9999 -9999 -9999 -9999 -9999 -9999 -9999 -9999 -9999 -9999 -9999 -9999 -9999 -9999 -9999 -9999 -9999 -9999 -9999 -9999 -9999 -9999 -9999 -9999 -9999 -9999 -9999 -9999 -9999
-9999 -9999 -9999 -9999 -9999 -9999 -9999 -9999 -9999 -9999 -9999 -9999 -9999 -9999 -9999 -9999 -9999 -9999 -9999 -9999 -9999 -9999 -9999 -9999 -9999 -9999 -9999 -9999 -9999 -9999 -9999 -9999 -9999 -9999 -9999 -9999 -9999 -9999 -9999 -9999 -9999 -9999 -9999 -9999 -9999 -9999 -9999 -9999 -9999 -9999 -9999 -9999 -9999 -9999 -9999 -9999 -9999 -9999 -9999 -9999 -9999 -9999 -9999 -9999 -9999 -9999 -9999 -9999 -9999 -9999 -9999
-9999 -9999 -9999 -9999 -9999 -9999 -9999 -9999 -9999 -9999 -9999 -9999 -9999 -9999 -9999 -9999 -9999 -9999 -9999 -9999 -9999 -9999 -9999 -9999 -9999 -9999 -9999 -9999 -9999 -9999 -9999 -9999 -9999 -9999 -9999 -9999 -9999 -9999 -9999 -9999 -9999 -9999 -9999 -9999 -9999 -9999 -9999 -9999 -9999 -9999 -9999 -9999 -9999 -9999 -9999 -9999 -9999 -9999 -9999 -9999 -9999 -9999 -9999 -9999 -9999 -9999 -9999 -9999 -9999 -9999 -9999
-9999 -9999 -9999 -9999 -9999 -9999 -9999 -9999 -9999 -9999 -9999 -9999 -9999 -9999 -9999 -9999 -9999 -9999 -9999 -9999 -9999 -9999 -9999 -9999 -9999 -9999 -9999 -9999 -9999 -9999 -9999 -9999 -9999 -9999 -9999 -9999 -9999 -9999 -9999 -9999 -9999 -9999 -9999 -9999 -9999 -9999 -9999 -9999 -9999 -9999 -9999 -9999 -9999 -9999 -9999 -9999 -9999 -9999 -9999 -9999 -9999 -9999 -9999 -9999 -9999 -9999 -9999 -9999 -9999 -9999 -9999
49.92900 49.66440 49.68430 49.46960 44.97790 44.52490 -9999 -9999 -9999 -9999 -9999 -9999 -9999 -9999 -9999 -9999 -9999 -9999 -9999 -9999 -9999 -9999 -9999 -9999 -9999 -9999 -9999 -9999 -9999 -9999 -9999 -9999 -9999 -9999 -9999 -9999 -9999 -9999 -9999 -9999 -9999 -9999 -9999 -9999 -9999 -9999 -9999 51.16480 -9999 -9999 -9999 -9999 -9999 -9999 -9999 -9999 -9999 -9999 -9999 -9999 -9999 -9999 -9999 -9999 -9999 -9999 -9999 -9999 -9999 -9999 -9999
50.60150 49.97310 48.69050 48.56140 48.19280 48.34440 47.15860 47.14170 47.50230 47.77580 44.07790 44.39100 44.77570 53.40040 52.88110 52.79710 52.35620 50.56050 60.23840 -9999 -9999 -9999 -9999 -9999 -9999 -9999 -9999 -9999 -9999 -9999 -9999 -9999 -9999 -9999 -9999 -9999 -9999 -9999 -9999 -9999 -9999 -9999 48.40460 48.03240 50.62820 52.03660 53.54760 54.16850 52.82550 -9999 -9999 -9999 53.57130 -9999 -9999 -9999 52.76770 55.71750 55.58390 -9999 -9999 -9999 -9999 -9999 -9999 -9999 -9999 -9999 -9999 -9999 -9999
50.21920 48.88470 47.51920 47.44420 47.12860 47.08200 39.26680 40.65690 41.25710 41.84900 42.44620 44.56570 43.57310 44.70500 41.73180 43.11930 41.61680 40.30060 39.85440 40.11240 40.56750 44.55990 48.70930 50.11870 43.92600 -9999 -9999 -9999 -9999 -9999 45.18880 45.76720 46.71040 48.29730 49.85560 50.34020 50.42740 49.93090 48.00220 46.50990 46.51030 47.11630 49.45420 50.49640 52.56490 51.86760 55.11230 56.36080 53.87680 55.03670 55.42560 55.32200 55.50060 56.60210 55.40420 55.05190 57.69010 59.68830 60.83730 60.08420 58.36970 55.28610 57.16700 54.10260 -9999 -9999 -9999 -9999 -9999 -9999 -9999
48.78230 48.16720 47.66940 49.17640 50.04110 44.33390 42.04170 43.41160 43.74780 43.80970 40.10700 44.55760 43.02140 43.97970 41.84490 39.25250 37.19860 36.17220 37.01390 37.18180 39.65520 41.74520 48.89410 46.84290 45.63650 45.80000 43.83650 45.26830 46.40980 45.60380 45.82380 45.82280 45.78930 48.62560 49.88600 48.94070 49.77150 50.49250 49.11280 48.27270 50.09220 50.60790 51.52640 51.69770 53.51830 53.00770 54.70750 55.02780 53.23170 53.34310 54.87310 55.06050 56.08460 56.67020 57.11450 58.65400 57.95350 58.09760 58.61010 58.91670 58.58240 59.04290 59.18940 60.34180 57.77280 55.37770 53.39950 52.86910 51.60450 52.48740 53.93810
51.50800 52.55990 51.69480 49.65810 48.87490 43.34380 41.48660 40.42780 40.21650 40.00830 38.16330 37.97840 39.09480 36.24860 33.60720 33.17650 33.09400 32.82080 39.22910 41.61240 44.57190 48.04720 50.34970 52.36200 45.53650 47.60600 46.03540 49.48170 50.33410 50.98330 50.77630 46.01490 45.50750 46.61510 47.70270 49.53760 50.86760 52.28080 50.17740 49.69950 50.69630 51.21330 51.10660 50.47030 51.29610 50.60110 51.99180 52.83890 52.50750 52.71870 53.81960 54.53060 55.62790 56.80690 56.50530 57.70840 57.18700 56.55320 57.03970 57.90940 58.58130 58.62770 59.70390 59.24330 56.80270 55.10310 54.41150 55.24580 55.83520 56.59260 57.16800
48.78910 48.92270 46.97640 45.31510 43.40830 41.02300 39.69250 36.61790 35.63580 33.75470 34.27500 34.08080 32.73710 32.36690 32.80780 31.89810 37.23510 35.75700 37.13380 36.03390 46.73250 46.30620 49.28110 48.76660 43.35900 43.77650 46.78600 48.72500 49.35110 51.11570 51.35530 47.55900 47.47790 47.27840 47.32400 48.58840 49.38050 49.85920 49.71640 50.15210 49.33410 49.38640 47.31250 47.90360 48.95860 49.05260 51.23630 52.12250 52.70310 53.14640 53.65500 54.08570 54.73520 55.05840 55.57880 55.88910 56.03960 57.05070 56.88150 57.04710 56.39400 56.34970 57.93370 57.23670 56.47140 56.64190 56.52360 55.75070 55.19430 55.71420 56.12240
47.77130 48.95920 48.37700 45.20420 44.24100 43.44000 41.20470 39.81730 39.63270 38.29100 37.90550 34.67770 36.73030 35.93300 37.12960 36.92250 36.66250 36.39550 46.97820 48.06690 43.97120 48.02090 48.57830 49.41680 43.07670 43.54440 44.51310 45.88040 47.79590 50.82190 51.47970 50.03000 48.33080 47.93240 47.18510 46.42390 46.71870 46.39490 47.67180 48.84490 48.06430 47.35480 48.41030 49.24080 48.77250 48.64330 50.21150 51.24720 52.04730 52.13220 52.98130 54.58320 53.98570 54.24010 54.75500 55.04890 55.22110 56.80090 55.49650 54.96540 54.52200 53.57150 54.96400 54.83760 56.29170 55.70940 55.51920 56.31420 56.91120 56.98060 56.95430
45.42050 48.45110 49.01560 45.66770 41.84070 39.70820 39.10900 38.33840 37.60920 37.72250 38.96090 38.88370 38.17470 37.70430 37.29490 36.65500 37.28470 37.76890 43.28010 40.31010 34.31620 38.95370 44.11600 43.61590 41.50870 42.74000 43.85420 45.39880 47.20900 49.99100 50.49570 49.39050 48.72840 47.81740 46.67120 45.91900 46.10640 46.47250 45.98200 46.03930 46.88230 45.72940 46.93680 47.10640 47.27770 47.24870 48.58380 50.02750 51.04410 52.13110 53.82500 53.52090 53.78510 53.71390 53.68740 53.87450 55.37790 54.43560 52.70430 51.47410 50.42550 50.01410 50.40670 51.42890 51.74340 52.23920 53.46540 55.38790 56.07270 56.70810 56.71600
45.81410 45.24240 41.35300 38.29910 36.69910 36.58930 36.42310 37.05900 38.20060 38.57950 39.62240 39.61210 39.21280 39.60760 39.74420 38.30830 38.60590 37.96160 44.51740 44.54970 32.39850 31.43570 33.07810 39.64250 39.53890 42.93810 45.56090 47.21630 46.54650 48.43040 50.54870 50.30510 49.71160 48.23540 47.37740 46.56900 46.25030 45.79440 45.09370 45.54230 45.50910 44.84900 44.73960 44.77090 44.05590 45.35700 47.48720 49.07030 50.39180 51.17430 52.86760 52.53770 51.46770 51.07840 51.37240 50.61650 50.74330 51.95750 51.08060 50.14060 48.76990 48.96110 48.82630 49.29020 49.67670 48.36120 50.45650 52.74670 53.92650 54.81400 55.47630
43.98130 40.59940 38.44940 38.50180 38.88890 41.19540 45.30270 47.31050 45.72470 43.47960 28.18650 38.36910 43.22740 42.21830 40.68310 39.96070 41.42990 39.98170 41.72760 45.08300 31.86180 31.12320 32.80550 38.10450 36.18350 40.50730 41.08210 42.92380 45.59220 46.73440 47.69260 47.29570 47.39230 48.01660 48.22670 48.08870 49.19080 48.96460 49.86230 49.53980 49.81650 48.13800 46.54250 45.34020 45.55690 47.22240 49.26800 52.53210 53.33980 53.89760 53.07450 52.40870 51.06450 51.11380 50.05450 50.91380 50.54890 49.63930 48.73320 47.79570 47.37900 46.83930 48.00190 47.99800 47.94280 48.30330 51.37630 51.91670 52.16440 52.57930 52.61060
42.90500 43.17920 43.25600 40.62070 38.22580 40.82970 43.90170 42.58300 44.22310 36.93820 29.07830 28.83950 29.31680 27.75890 27.21160 27.07740 41.16320 40.49190 43.29750 46.53740 38.87800 29.44670 34.14000 37.98830 36.13060 36.04790 40.39200 42.12450 44.89560 47.06450 47.94250 48.16230 48.65780 48.76100 51.03390 50.33280 51.48620 52.51730 53.24610 51.95600 54.45710 54.02100 53.23290 53.01150 53.30820 53.79100 52.70050 52.41290 54.28870 53.81390 51.43780 49.18370 50.27370 50.09170 48.56180 49.81900 48.82810 47.10270 47.27800 50.53200 50.39340 46.93080 47.51010 48.52880 48.61220 48.25180 49.89710 49.89450 49.43050 49.92170 49.73420
40.97150 40.30390 39.01430 38.21550 38.97980 39.46250 38.67290 38.63880 43.23690 44.53090 44.48440 28.71130 28.83670 28.49530 27.88510 27.43350 27.03060 26.88810 28.41720 47.29190 45.42610 33.61730 30.55690 30.68870 32.74980 33.00010 31.72340 36.05760 40.86270 42.47830 43.72960 46.01460 46.01980 48.58010 47.91990 50.01460 51.72370 51.48690 53.71540 53.99320 56.44660 57.05000 56.29810 57.03560 57.64530 58.53580 58.66500 57.50640 54.48700 51.98980 50.24090 47.92990 47.10000 50.05180 49.74940 49.02220 48.64770 48.33550 46.67180 47.14440 49.17490 50.79380 51.32170 50.41120 49.09340 46.76380 46.96050 46.89100 46.24460 45.99400 47.02470
39.55080 39.00760 37.80260 37.11880 39.51160 39.51240 40.86910 38.78390 39.48200 39.38590 43.12120 44.70470 41.40780 42.96320 33.54600 31.04250 29.58840 26.54170 33.60540 37.93640 37.93790 44.15510 31.97160 38.02570 31.22090 30.78900 31.79330 32.98930 39.22580 43.88140 44.17210 45.54440 44.21800 45.49320 45.12920 47.95190 49.28920 50.99990 52.89020 53.87550 55.80380 56.93020 56.29420 57.22890 57.26110 58.38420 58.29050 58.25620 57.32000 55.55670 53.90940 51.87610 48.68210 51.74610 53.51740 50.78270 49.33250 49.79680 48.40990 48.45110 49.63470 51.10110 50.56320 49.42680 49.93980 49.51270 47.77030 45.62040 44.98320 44.67810 45.69420
48.12290 48.41290 46.88060 45.37800 44.53310 48.92200 54.51720 55.52300 55.24170 52.56580 52.82230 55.23860 47.18360 39.20860 36.57050 36.38380 33.94230 32.75380 42.45240 39.40310 40.81770 40.65390 38.97260 41.50560 39.51440 40.66340 43.19630 44.74220 47.11060 49.20260 49.00320 45.14400 44.83130 44.84990 44.80350 45.43020 47.76790 49.59060 52.11670 53.75800 54.91560 55.54400 56.15980 57.69610 58.44930 58.49250 58.63200 59.33450 58.22370 56.69520 55.83470 54.71800 52.09060 50.43930 50.26360 52.20530 50.57270 50.31790 50.38460 49.92640 49.56480 50.45540 50.87790 51.40660 50.42310 48.73060 47.72440 46.27270 44.33650 43.18770 44.43920
63.04350 62.42210 54.78050 51.89080 51.29930 50.52650 50.93180 54.59830 57.94870 58.51200 57.50780 59.45370 56.60650 54.57580 50.37170 40.85220 33.59810 32.54430 47.25650 48.47140 45.07570 48.39670 44.75010 45.17820 38.64170 39.88640 41.66040 45.19020 46.14510 47.61360 47.27970 43.13430 40.68680 40.57990 40.15970 44.11780 46.35230 49.04630 51.12180 53.12940 54.56730 55.93000 56.89240 57.31460 58.39020 59.13560 59.64510 59.76420 58.52210 57.34250 57.22620 56.34680 54.76510 52.80700 49.59430 51.74890 51.79040 51.13780 50.16360 51.01990 50.60580 50.53710 50.37100 49.43170 49.20610 48.51760 47.59740 47.10030 44.09560 42.69950 42.63470
63.76550 61.08980 58.10940 55.33700 51.68790 49.90390 51.02930 46.62760 45.20230 45.20120 45.79390 46.72190 44.96100 47.05540 46.74510 46.89130 43.54140 34.38260 45.63380 49.09470 51.17000 53.61770 50.19410 45.99070 33.29030 28.64750 38.33160 40.29520 40.47230 42.60170 42.37130 37.22320 37.01860 34.41020 36.39850 41.96000 46.25510 48.78520 51.20510 52.93820 53.92180 55.46590 57.27200 57.76020 58.74150 59.39300 60.22510 60.44380 59.52290 60.16620 58.96400 58.20320 56.00150 53.74310 52.43430 49.24470 50.80180 51.26860 49.23910 49.13390 48.72190 48.63800 49.58020 49.06280 48.59910 48.48440 49.21750 48.16120 46.64170 44.01600 43.19040
60.36550 57.07250 60.15680 60.15720 60.60090 56.41990 48.45290 45.39000 41.43080 39.79490 38.73440 40.61450 52.10570 56.52370 56.54000 54.32360 52.72460 46.49330 50.56400 53.14190 54.10440 57.10960 55.12640 48.62600 39.68840 35.61600 34.46710 34.09290 38.43660 40.93320 37.60290 32.13490 33.46040 30.43110 33.95620 42.27800 46.37020 49.30930 51.61490 52.82120 54.51010 55.63090 57.06750 58.99790 59.15590 60.25690 59.79110 59.81420 60.39730 60.44930 59.27860 58.60980 57.52280 55.46760 53.68520 49.43440 50.33740 51.57510 49.79120 51.43850 52.55650 54.59050 55.14680 54.46870 53.56860 50.84390 48.47470 48.19690 47.36750 46.84690 45.83780
57.92370 53.25830 55.44770 60.58380 59.27740 53.48200 58.81550 60.82240 60.25940 53.82260 49.66640 42.30740 49.24190 55.28390 60.70380 62.75340 61.11120 59.59320 57.95290 58.58150 57.70390 58.56700 56.11410 50.30740 44.53250 41.77440 38.58250 40.83630 39.84600 39.25850 36.39480 31.46000 28.25150 27.99560 36.71450 43.54800 46.81600 48.63980 50.14810 51.86840 53.42510 55.34200 54.95280 57.05690 58.19740 58.56950 59.00500 58.03060 57.18130 56.21680 55.91210 56.24680 56.96620 54.81350 53.01110 51.74490 50.33340 51.30700 49.17850 49.93700 49.87630 50.36420 49.67060 49.56060 49.04480 48.50140 48.01090 47.55420 47.90960 48.72550 48.00130
59.58220 -9999 52.69790 61.34280 66.87380 69.10470 -9999 68.15260 66.65130 64.60000 63.55650 62.18920 62.90880 61.09660 60.83890 60.07250 55.38230 59.57590 63.96120 64.45130 64.23880 63.65980 60.20180 57.23060 53.75960 51.78520 48.86650 46.51910 48.28590 48.37760 47.74320 42.38140 33.61240 36.43600 40.82210 44.19180 47.90630 50.43480 52.87160 53.85340 55.24790 56.22470 55.46920 55.04800 57.50390 57.05720 58.28320 57.43680 56.06230 55.83030 55.65360 55.42040 56.16880 55.28050 52.74870 51.02500 48.80870 49.22510 50.74270 50.98770 50.63220 49.00700 47.75230 47.34370 47.74770 47.48860 47.58590 47.18290 47.94990 48.53250 46.72520
