data/hydroclimate-scenarios/BCSD_hadcm_A1B/monthly_summaries/rh_monthly_avg_jul.2030-2059.asc
ncols	311
nrows	91
xllcenter	102.75
yllcenter	31.75
cellsize	0.5
NODATA_value	-9999
[rows 0 to 31 of 91, columns 213 to 283 of 311]
-9999 -9999 -9999 -9999 -9999 -9999 -9999 -9999 -9999 -9999 -9999 -9999 -9999 -9999 -9999 -9999 -9999 -9999 -9999 -9999 -9999 -9999 -9999 -9999 -9999 -9999 -9999 -9999 -9999 -9999 -9999 -9999 -9999 -9999 -9999 -9999 -9999 -9999 -9999 -9999 -9999 -9999 -9999 -9999 -9999 -9999 -9999 -9999 -9999 -9999 -9999 -9999 -9999 -9999 -9999 -9999 -9999 -9999 -9999 -9999 -9999 -9999 -9999 -9999 -9999 -9999 -9999 -9999 -9999 -9999 -9999
-9999 -9999 -9999 -9999 -9999 -9999 -9999 -9999 -9999 -9999 -9999 -9999 -9999 -9999 -9999 -9999 -9999 -9999 -9999 -9999 -9999 -9999 -9999 -9999 -9999 -9999 -9999 -9999 -9999 -9999 -9999 -9999 -9999 -9999 -9999 -9999 -9999 -9999 -9999 -9999 -9999 -9999 -9999 -9999 -9999 -9999 -9999 -9999 -9999 -9999 -9999 -9999 -9999 -9999 -9999 -9999 -9999 -9999 -9999 -9999 -9999 -9999 -9999 -9999 -9999 -9999 -9999 -9999 -9999 -9999 -9999
-9999 -9999 -9999 -9999 -9999 -9999 -9999 -9999 -9999 -9999 -9999 -9999 -9999 -9999 -9999 -9999 -9999 -9999 -9999 -9999 -9999 -9999 -9999 -9999 -9999 -9999 -9999 -9999 -9999 -9999 -9999 -9999 -9999 -9999 -9999 -9999 -9999 -9999 -9999 -9999 -9999 -9999 -9999 -9999 -9999 -9999 -9999 -9999 -9999 -9999 -9999 -9999 -9999 -9999 -9999 -9999 -9999 -9999 -9999 -9999 -9999 -9999 -9999 -9999 -9999 -9999 -9999 -9999 -9999 -9999 -9999
-9999 -9999 -9999 -9999 -9999 -9999 -9999 -9999 -9999 -9999 -9999 -9999 -9999 -9999 -9999 -9999 -9999 -9999 -9999 -9999 -9999 -9999 -9999 -9999 -9999 -9999 -9999 -9999 -9999 -9999 -9999 -9999 -9999 -9999 -9999 -9999 -9999 -9999 -9999 -9999 -9999 -9999 -9999 -9999 -9999 -9999 -9999 -9999 -9999 -9999 -9999 -9999 -9999 -9999 -9999 -9999 -9999 -9999 -9999 -9999 -9999 -9999 -9999 -9999 -9999 -9999 -9999 -9999 -9999 -9999 -9999
-9999 -9999 -9999 -9999 -9999 -9999 -9999 -9999 -9999 -9999 -9999 -9999 -9999 -9999 -9999 -9999 -9999 -9999 -9999 -9999 -9999 -9999 -9999 -9999 -9999 -9999 -9999 -9999 -9999 -9999 -9999 -9999 -9999 -9999 -9999 -9999 -9999 -9999 -9999 -9999 -9999 -9999 -9999 -9999 -9999 -9999 -9999 -9999 -9999 -9999 -9999 -9999 -9999 -9999 -9999 -9999 -9999 -9999 -9999 -9999 -9999 -9999 -9999 -9999 -9999 -9999 -9999 -9999 -9999 -9999 -9999
-9999 -9999 -9999 -9999 -9999 -9999 -9999 -9999 -9999 -9999 -9999 -9999 -9999 -9999 -9999 -9999 -9999 -9999 -9999 -9999 -9999 -9999 -9999 -9999 -9999 -9999 -9999 -9999 -9999 -9999 -9999 -9999 -9999 -9999 -9999 -9999 -9999 -9999 -9999 -9999 -9999 -9999 -9999 -9999 -9999 -9999 -9999 -9999 -9999 -9999 -9999 -9999 -9999 -9999 -9999 -9999 -9999 -9999 -9999 -9999 -9999 -9999 -9999 -9999 -9999 -9999 -9999 -9999 -9999 -9999 -9999
-9999 -9999 -9999 -9999 -9999 -9999 -9999 -9999 -9999 -9999 -9999 -9999 -9999 -9999 -9999 -9999 -9999 -9999 -9999 -9999 -9999 -9999 -9999 -9999 -9999 -9999 -9999 -9999 -9999 -9999 -9999 -9999 -9999 -9999 -9999 -9999 -9999 -9999 -9999 -9999 -9999 -9999 -9999 -9999 -9999 -9999 -9999 -9999 -9999 -9999 -9999 -9999 -9999 -9999 -9999 -9999 -9999 -9999 -9999 -9999 -9999 -9999 -9999 -9999 -9999 -9999 -9999 -9999 -9999 -9999 -9999
-9999 -9999 -9999 -9999 -9999 -9999 -9999 -9999 -9999 -9999 -9999 -9999 -9999 -9999 -9999 -9999 -9999 -9999 -9999 -9999 -9999 -9999 -9999 -9999 -9999 -9999 -9999 -9999 -9999 -9999 -9999 -9999 -9999 -9999 -9999 -9999 -9999 -9999 -9999 -9999 -9999 -9999 -9999 -9999 -9999 -9999 -9999 -9999 -9999 -9999 -9999 -9999 -9999 -9999 -9999 -9999 -9999 -9999 -9999 -9999 -9999 -9999 -9999 -9999 -9999 -9999 -9999 -9999 -9999 -9999 -9999
-9999 -9999 -9999 -9999 -9999 -9999 -9999 -9999 -9999 -9999 -9999 -9999 -9999 -9999 -9999 -9999 -9999 -9999 -9999 -9999 -9999 -9999 -9999 -9999 -9999 -9999 -9999 -9999 -9999 -9999 -9999 -9999 -9999 -9999 -9999 -9999 -9999 -9999 -9999 -9999 -9999 -9999 -9999 -9999 -9999 -9999 -9999 -9999 -9999 -9999 -9999 -9999 -9999 -9999 -9999 -9999 -9999 -9999 -9999 -9999 -9999 -9999 -9999 -9999 -9999 -9999 -9999 -9999 -9999 -9999 -9999
-9999 -9999 -9999 -9999 -9999 -9999 -9999 -9999 -9999 -9999 -9999 -9999 -9999 -9999 -9999 -9999 -9999 -9999 -9999 -9999 -9999 -9999 -9999 -9999 -9999 -9999 -9999 -9999 -9999 -9999 -9999 -9999 -9999 -9999 -9999 -9999 -9999 -9999 -9999 -9999 -9999 -9999 -9999 -9999 -9999 -9999 -9999 -9999 -9999 -9999 -9999 -9999 -9999 -9999 -9999 -9999 -9999 -9999 -9999 -9999 -9999 -9999 -9999 -9999 -9999 -9999 -9999 -9999 -9999 -9999 -9999
-9999 -9999 -9999 -9999 -9999 -9999 -9999 -9999 -9999 -9999 -9999 -9999 -9999 -9999 -9999 -9999 -9999 -9999 -9999 -9999 -9999 -9999 -9999 -9999 -9999 -9999 -9999 -9999 -9999 -9999 -9999 -9999 -9999 -9999 -9999 -9999 -9999 -9999 -9999 -9999 -9999 -9999 -9999 -9999 -9999 -9999 -9999 -9999 -9999 -9999 -9999 -9999 -9999 -9999 -9999 -9999 -9999 -9999 -9999 -9999 -9999 -9999 -9999 -9999 -9999 -9999 -9999 -9999 -9999 -9999 -9999
-9999 -9999 -9999 -9999 -9999 -9999 -9999 -9999 -9999 -9999 -9999 -9999 -9999 -9999 -9999 -9999 -9999 -9999 -9999 -9999 -9999 -9999 -9999 -9999 -9999 -9999 -9999 -9999 -9999 -9999 -9999 -9999 -9999 -9999 -9999 -9999 -9999 -9999 -9999 -9999 -9999 -9999 -9999 -9999 -9999 -9999 -9999 -9999 -9999 -9999 -9999 -9999 -9999 -9999 -9999 -9999 -9999 -9999 -9999 -9999 -9999 -9999 -9999 -9999 -9999 -9999 -9999 -9999 -9999 -9999 -9999
-9999 -9999 -9999 -9999 -9999 -9999 -9999 -9999 -9999 -9999 -9999 -9999 -9999 -9999 -9999 -9999 -9999 -9999 -9999 -9999 -9999 -9999 -9999 -9999 -9999 -9999 -9999 -9999 -9999 -9999 -9999 -9999 -9999 -9999 -9999 -9999 -9999 -9999 -9999 -9999 -9999 -9999 -9999 -9999 -9999 -9999 -9999 -9999 -9999 -9999 -9999 -9999 -9999 -9999 -9999 -9999 -9999 -9999 -9999 -9999 -9999 -9999 -9999 -9999 -9999 -9999 -9999 -9999 -9999 -9999 -9999
36.95660 37.40550 37.43920 37.43000 37.95350 38.01690 -9999 -9999 -9999 -9999 -9999 -9999 -9999 -9999 -9999 -9999 -9999 -9999 -9999 -9999 -9999 -9999 -9999 -9999 -9999 -9999 -9999 -9999 -9999 -9999 -9999 -9999 -9999 -9999 -9999 -9999 -9999 -9999 -9999 -9999 -9999 -9999 -9999 -9999 -9999 -9999 -9999 39.49000 -9999 -9999 -9999 -9999 -9999 -9999 -9999 -9999 -9999 -9999 -9999 -9999 -9999 -9999 -9999 -9999 -9999 -9999 -9999 -9999 -9999 -9999 -9999
34.99630 36.52810 37.56020 38.16500 38.45890 39.04640 38.92820 39.33660 40.50280 41.73730 42.28380 44.24680 44.27450 44.36010 42.90160 42.34520 42.32180 40.58660 50.71540 -9999 -9999 -9999 -9999 -9999 -9999 -9999 -9999 -9999 -9999 -9999 -9999 -9999 -9999 -9999 -9999 -9999 -9999 -9999 -9999 -9999 -9999 -9999 36.46390 35.76290 36.52430 40.38680 44.67470 44.81910 43.01600 -9999 -9999 -9999 45.54510 -9999 -9999 -9999 48.44930 48.72550 48.95410 -9999 -9999 -9999 -9999 -9999 -9999 -9999 -9999 -9999 -9999 -9999 -9999
35.91430 36.95150 39.59370 40.71210 40.83880 41.47690 41.56470 44.99870 47.43420 48.69520 49.30930 51.04230 51.96420 53.46350 53.49150 54.12810 53.09990 51.45930 50.69650 48.54180 46.55290 45.56250 44.00620 44.82130 41.88940 -9999 -9999 -9999 -9999 -9999 42.48060 41.59620 40.45220 39.65070 38.30930 36.29350 35.29300 35.58480 37.09440 36.63170 36.51190 36.71310 40.01420 40.34520 41.81120 42.41630 46.77080 48.40360 46.00610 47.62990 47.48630 47.78160 47.30600 47.52400 49.02530 48.89280 50.70130 51.29530 52.23370 51.53610 50.70080 49.35460 48.91780 47.49150 -9999 -9999 -9999 -9999 -9999 -9999 -9999
44.25560 46.18690 47.54010 49.62220 47.53800 47.40040 51.40770 54.56030 55.12330 54.85750 54.51410 56.85440 58.21720 59.40010 57.19820 57.37910 56.01420 54.93770 51.72280 49.69910 46.66460 45.18220 45.90500 46.38270 43.20370 43.81280 45.38510 45.74660 46.16670 45.87160 44.09060 43.26840 44.01010 43.72270 42.48710 41.59860 39.51610 39.65750 39.70580 40.49410 40.03490 39.76520 40.37600 40.83310 41.82240 42.05700 44.70490 45.80020 47.77490 48.24300 49.52390 49.93880 50.20250 50.30040 50.52490 50.59870 51.44730 50.80190 48.84050 48.59340 48.91800 48.62680 49.93830 51.23100 50.45580 49.91790 48.83370 48.73540 48.97930 49.20640 47.84800
54.73700 55.12010 56.01820 56.46080 54.38730 55.24450 52.53860 52.13540 53.01300 52.15560 51.82240 51.80910 54.61270 53.55030 49.85840 49.02970 50.71600 49.69970 52.04910 50.93130 48.06510 46.95590 46.29720 46.11170 44.15980 44.56430 46.01380 46.03240 47.08980 46.99730 45.96190 44.67960 45.28620 44.74120 44.25380 43.80950 42.50440 42.22280 42.12580 42.35240 42.25480 42.29320 42.41900 42.66330 42.84160 44.21360 46.22580 47.08480 48.51990 49.11400 49.93800 50.39730 50.43350 50.47080 50.78850 50.79630 51.84850 51.32000 49.45680 48.72180 49.12360 48.75250 50.86160 50.83470 50.14890 49.14750 49.67850 50.62300 50.54710 51.43690 49.72810
51.48950 50.93060 49.49600 50.89170 51.91060 50.16870 48.43790 49.39700 48.39150 46.60810 47.02120 47.78950 47.12140 44.97520 46.26340 46.96060 47.25460 46.87890 50.31270 48.36820 48.70500 47.39090 46.57280 46.03080 43.08220 43.60940 45.56420 45.73150 47.09550 47.08120 45.37030 44.27140 43.22720 43.39380 44.68310 43.97540 44.19210 43.78820 41.70500 41.58990 41.14560 41.19720 42.27910 42.58670 43.95580 45.07470 47.58640 48.06140 48.49110 49.08600 49.84680 50.59870 49.57550 49.57180 50.42360 50.75130 50.45070 50.71310 50.45590 50.03390 49.73130 50.04780 50.48670 49.73620 49.60180 50.07390 49.81280 50.15010 50.23270 50.57760 50.68890
51.99610 53.09440 54.60770 51.52880 50.48440 50.05430 47.66520 46.20010 45.25190 44.05740 43.08090 42.45240 43.18610 42.85270 45.19290 46.99210 46.69780 46.97750 51.32770 50.16930 48.44930 47.92160 47.47040 47.26260 43.99710 44.59570 45.76650 46.08640 46.48010 46.62290 45.33250 44.47000 43.35040 43.11600 44.63240 44.15910 43.94910 43.70580 42.24060 42.51520 41.88010 41.90240 44.22510 44.20690 44.40970 45.17240 47.40330 48.67120 48.78950 49.60150 50.06160 50.26360 49.28650 49.66340 49.81620 49.95800 49.94500 50.12780 50.91850 50.31020 50.37460 50.13060 49.64240 49.58180 49.97280 49.66660 49.64840 49.51770 50.19580 51.06350 50.25080
56.16480 59.98390 60.17300 55.44660 52.22670 49.51030 47.57520 46.23300 41.50290 40.02450 39.35910 39.22090 40.24190 41.36690 43.79270 49.35320 50.12580 50.63050 51.03520 50.88080 48.90830 48.44620 48.53920 47.68680 45.35350 45.57720 46.23810 46.25600 46.36340 46.47700 46.31170 46.03330 45.04410 44.64140 44.30340 44.04550 43.90530 43.64640 43.40060 43.69340 42.92410 42.84380 44.47070 45.02670 45.02680 45.78910 47.45440 48.58460 49.25780 50.36620 50.53170 50.49120 49.86020 49.86500 49.71480 49.43180 49.43120 49.21230 47.28130 47.02630 49.24230 49.33360 49.19430 49.95680 49.38510 49.24730 49.07440 49.74340 49.57050 49.50300 49.77060
57.19040 55.80090 52.83750 45.24020 43.11950 44.55350 44.45260 46.12430 45.55010 44.86570 43.22860 41.96460 41.60670 41.57090 44.80400 47.28670 49.14670 49.48200 51.88590 51.67010 49.65220 47.49240 47.01640 47.25990 46.11500 46.36820 46.79890 46.68270 46.63800 46.80770 46.62190 46.21070 45.42880 44.82640 44.28080 44.24030 44.02480 44.45770 44.24740 43.98440 43.64450 43.83160 45.20640 45.26070 45.08270 46.78060 48.08250 49.50350 49.91740 50.96220 51.09920 50.83100 49.55450 49.15360 48.94510 48.10310 48.07250 48.22440 47.52760 48.64030 48.87150 48.79780 50.39640 50.11900 49.59920 48.91550 47.70700 48.75400 48.40750 48.37240 48.17870
55.87090 50.40600 47.14420 48.10200 49.67810 53.77410 58.96600 59.91670 57.38060 55.54280 53.22980 53.23740 50.98680 43.90470 48.66380 50.56160 53.28180 51.77570 52.00880 51.68100 49.39750 47.21620 47.38920 47.54630 46.56380 46.90940 46.61790 46.64450 46.62860 46.35150 45.39090 44.67640 45.31760 45.21040 45.17970 45.04050 44.84450 45.20260 45.55860 45.85470 46.01320 45.97170 45.83250 46.02900 47.26200 48.82810 49.40130 51.21630 51.20740 51.87020 51.56850 51.57240 50.33550 49.91680 49.90990 49.85140 49.27220 50.12530 49.91570 49.34740 50.05330 49.34160 47.90790 47.48160 46.74570 47.07460 47.27070 47.37650 47.40830 47.64130 47.45860
50.49940 50.89950 53.06270 51.40400 48.72460 53.07020 57.66970 57.85170 56.51630 55.76540 55.53070 56.01110 56.58420 54.93700 55.45510 53.69180 52.14590 50.27010 52.43630 51.76500 49.91830 47.17220 48.29580 48.68710 46.58950 46.65330 46.31640 46.54970 46.13680 46.28230 45.69590 45.07770 45.71630 45.42330 45.70810 46.29730 46.12930 45.87080 46.62030 47.48280 48.12600 48.23510 48.65730 48.97820 50.05690 50.72620 50.81460 51.19800 52.05840 52.21270 51.89100 50.90610 50.74540 50.48130 49.62300 49.79320 50.58000 50.11880 50.13280 48.50210 48.93990 47.50270 47.80650 48.09930 47.43670 47.13660 46.67050 46.64710 46.34760 46.09520 46.32250
49.94240 50.03570 51.59650 51.45250 50.77440 50.68910 49.12950 50.84940 55.73820 56.66810 57.30130 56.85580 58.13710 58.18700 58.63280 57.19620 55.89610 52.42610 51.16010 52.81950 51.04750 48.90820 48.08450 47.79340 46.69910 45.57460 44.99540 45.15450 46.34700 46.45570 45.31320 45.67080 45.02480 45.50910 45.86490 46.68130 47.06140 47.78590 47.77880 48.69620 49.15020 50.12590 50.41110 50.44780 50.56020 51.21390 51.40260 53.49110 52.99780 52.62480 52.90950 52.37230 51.71540 51.88370 51.15570 50.49330 50.36150 50.01710 48.48040 48.19600 48.59760 48.85310 49.29760 48.71710 45.91800 44.82860 45.41520 45.26250 45.38820 45.50440 46.07850
51.15130 51.07240 51.45120 51.35510 53.30110 53.49460 54.97700 56.66410 57.04530 56.35100 56.93730 57.28940 58.25670 58.75580 57.54940 53.95850 52.11120 51.12080 51.95220 51.55710 50.63240 50.51600 49.72660 49.62570 47.37360 46.06660 45.41550 45.20020 45.73360 46.04280 45.65940 45.83490 44.76030 44.92470 45.51480 46.24200 46.91250 47.71660 48.10810 48.48970 49.43310 48.53490 48.88740 50.10160 51.16700 51.97260 52.39350 52.35530 53.42010 53.73620 54.33580 53.94280 52.74210 53.08520 53.23160 51.76520 51.36210 51.00310 49.72830 49.21340 48.86080 48.99990 49.29240 48.45820 46.72440 47.13360 46.43490 45.17700 45.31390 45.26880 45.70310
56.95160 57.74450 58.32840 58.51730 57.21770 61.16050 63.10710 64.52340 64.31950 63.70530 62.16420 62.00550 57.77330 52.76500 51.41640 53.15470 52.13430 51.91510 54.10070 52.76030 51.01740 51.56940 50.53430 49.85270 48.18090 47.02710 46.12180 45.94510 45.76100 46.00670 45.58990 44.86690 44.22700 44.47540 44.98740 45.08850 46.74720 47.33870 47.21080 48.12090 49.52720 50.55980 49.72280 50.88240 51.97580 52.63040 52.72240 53.71150 53.30070 54.80530 55.12560 54.78210 53.90740 53.10130 52.63030 52.55250 52.21210 51.48800 51.21690 50.62750 49.37120 49.14160 48.79110 48.59980 47.60860 46.47640 46.59190 45.74610 45.29790 44.78220 45.57240
67.17790 66.37230 61.52030 58.67930 58.07870 59.25330 61.67650 61.93670 62.14320 62.26430 61.33280 63.12510 63.59820 63.43540 61.89220 56.54310 51.61650 52.26040 55.17910 54.40650 52.70150 53.11640 52.17390 51.78450 47.59510 46.49340 45.74040 45.56440 45.07920 45.08120 44.46520 43.49680 43.31860 43.59650 44.26930 44.88340 45.71990 46.70150 47.40550 48.21960 49.33150 49.22100 50.22410 51.45850 52.71640 53.74880 54.36550 54.58660 53.93030 55.29570 55.62010 55.72570 54.98710 54.58650 52.95380 53.35610 53.30300 52.31430 51.84740 51.44620 50.34680 49.69300 48.72890 47.96690 47.51920 47.00780 46.59000 46.21990 45.65000 45.20960 45.24510
68.92570 66.02540 63.46340 60.70570 58.45330 61.35440 65.30610 61.75830 59.56550 58.23460 55.68560 55.11810 55.95510 60.28060 59.85910 61.75590 60.16290 54.59690 57.66750 56.76430 55.19840 55.23720 54.80950 53.11480 47.35290 45.67600 45.02830 44.65250 44.11930 43.94530 43.08730 42.55920 41.98440 41.84670 43.06810 43.79300 45.03990 46.21700 46.79650 47.79960 50.20540 51.06190 51.18050 52.63750 54.60400 55.30030 55.40420 55.82660 55.26740 55.97710 55.55950 56.73230 55.89390 55.45600 55.48810 54.31950 53.98860 53.52880 52.44640 51.18950 50.98130 50.10360 49.15830 48.81190 47.71990 47.10000 47.31800 47.19990 47.13790 46.19400 46.59160
64.64450 61.54670 65.26330 64.01260 63.57260 67.30270 65.78800 62.73300 57.10000 54.61740 50.56710 50.57010 59.52390 63.49760 62.67790 63.11590 62.75770 62.54120 61.22460 60.20710 58.79730 58.53610 56.72590 54.45770 52.38550 49.90130 47.78060 43.71030 43.18350 43.50840 42.09890 40.83470 40.19980 40.62260 42.10140 42.74630 44.63610 45.89550 46.43660 47.61030 49.89200 51.35370 51.40720 53.82430 54.92820 56.20110 55.58940 55.62890 56.11430 56.13960 56.45610 56.25430 56.67820 56.76990 57.20080 55.71220 55.06910 54.50450 53.01450 51.93890 52.46130 52.68370 52.05330 51.02360 49.79160 48.14970 46.74330 46.64560 47.45450 47.85970 48.69210
59.37520 55.67320 60.15570 64.65150 63.16270 63.38040 65.65370 65.62270 63.53080 59.32540 55.53210 51.81600 56.89650 60.22300 64.41920 66.53830 65.15980 64.14530 62.95620 61.71100 60.39640 60.52080 57.72390 56.51970 54.08930 51.35040 48.00700 47.63570 46.22170 46.01920 45.74530 44.58990 43.56370 43.38500 41.99250 43.26750 45.07440 45.91330 47.32800 48.46590 49.61190 50.54520 52.33740 52.78230 54.34570 54.81890 55.36720 55.27130 55.47170 56.90730 57.60300 58.10850 57.95830 58.43190 58.71870 57.77740 56.51740 55.86160 53.82730 52.57410 51.11910 50.75100 50.83550 50.01460 47.80000 46.23300 45.78970 46.31080 47.79930 48.87480 49.59530
61.28140 -9999 55.97940 62.80630 68.09610 72.30700 -9999 72.49660 70.26130 66.36460 63.27970 56.99240 57.90090 58.53220 60.29370 60.47680 58.44650 62.08540 66.89710 66.78020 66.15230 64.00400 61.87190 58.44140 55.42220 51.15030 49.19140 47.80180 46.83050 47.33330 47.19460 46.22340 45.42110 44.51580 43.07640 43.76640 45.04340 46.42020 47.65450 48.62920 48.96280 48.69490 52.02120 53.19910 53.48620 53.92300 54.62010 54.16350 56.14600 56.95630 57.56760 58.25340 58.65840 59.08600 59.02810 58.37690 57.08560 55.83740 54.57940 53.67380 52.44900 51.31340 50.58350 49.57200 47.55060 46.56560 45.67490 46.16010 48.13100 49.72800 50.63440
