data/hydroclimate-scenarios/BCSD_hadcm_A1B/monthly_summaries/rh_monthly_avg_jul.2070-2099.asc
ncols	311
nrows	91
xllcenter	102.75
yllcenter	31.75
cellsize	0.5
NODATA_value	-9999
[rows 32 to 63 of 91, columns 0 to 70 of 311]
-9999 -9999 -9999 -9999 -9999 -9999 -9999 -9999 -9999 -9999 -9999 48.96730 49.83050 50.88400 51.54440 52.36380 53.30500 54.01330 54.87460 55.47900 55.74680 55.55420 55.24630 55.39130 54.70400 53.96400 53.47100 53.10230 52.52850 51.70340 51.73580 51.57420 51.56430 50.68790 51.18630 51.48100 52.17830 52.83120 53.57560 53.63160 54.23180 54.27650 54.72010 55.29740 55.36210 54.84260 55.18620 54.92560 54.82290 54.65820 54.75420 54.95180 54.56590 54.02370 53.45330 52.42410 52.29750 51.49620 51.36020 51.39350 51.04140 51.15210 50.57810 50.31320 50.73920 52.54210 53.39900 54.39430 55.33330 56.19180 56.66380
-9999 -9999 -9999 -9999 -9999 -9999 -9999 -9999 -9999 -9999 -9999 49.83560 50.71850 51.35890 52.21700 52.94780 53.71360 54.59430 55.28500 55.95180 56.42030 56.01890 55.68690 55.59580 55.06980 54.11750 53.90700 53.37510 52.89050 52.18600 52.18730 51.81990 51.89360 51.15930 51.21320 51.82120 52.56830 53.49620 53.97470 54.81580 54.92050 55.73240 55.93890 56.58870 56.59250 56.96000 56.76690 55.96510 55.81000 55.75750 55.33070 55.59800 55.19800 54.47460 54.18140 53.31360 53.02880 52.23920 52.02590 52.03430 51.71430 51.58210 51.25750 50.88180 51.63300 53.48570 54.69670 55.50120 56.08690 57.37960 57.84120
-9999 -9999 -9999 -9999 -9999 -9999 -9999 -9999 -9999 -9999 -9999 -9999 51.54460 52.01670 52.78160 53.39540 54.28960 55.39110 56.26620 57.44020 57.94970 57.40760 56.67710 55.50900 54.96460 54.74570 54.16270 54.03450 53.77600 53.33440 53.03970 51.80370 51.83170 51.95500 52.00810 52.70140 53.21270 54.21190 54.76690 55.17130 55.97110 56.78890 57.10700 57.16510 57.33600 57.99080 57.92540 57.64560 57.36890 56.91570 56.41770 56.50740 56.10390 55.20330 54.73400 54.14990 53.64830 53.00640 52.66450 52.35570 52.01720 52.29280 52.17120 52.50390 52.97420 54.27950 55.17080 56.67610 57.38450 58.66510 59.68350
-9999 -9999 -9999 -9999 -9999 -9999 -9999 -9999 -9999 -9999 -9999 -9999 51.76720 52.18880 53.10260 53.71060 54.56600 55.66340 56.49330 57.95020 58.16390 57.25710 56.71710 55.38840 54.66790 54.39760 53.97940 54.28380 53.73610 53.73410 53.55230 52.70500 52.51530 52.41610 52.59280 53.47030 54.19600 54.52360 55.38080 55.75460 56.58890 57.36890 58.09630 58.30410 58.95630 59.43080 59.29220 58.90770 58.45280 57.95850 57.40940 57.22840 56.72340 55.98880 55.37750 54.53980 53.98480 53.25570 53.24660 52.98510 52.84080 53.13830 53.37710 53.75700 54.21320 55.21350 55.95680 57.47760 58.45750 60.00000 60.62380
-9999 -9999 -9999 -9999 -9999 -9999 -9999 -9999 -9999 -9999 -9999 -9999 51.97900 52.67920 53.27830 53.65220 54.51360 55.56600 56.42220 57.03150 57.10110 56.73370 56.16780 55.29920 54.73400 54.70700 54.60860 53.83920 53.61650 53.72960 53.83190 53.32560 53.30200 53.06470 53.13260 53.92250 54.44440 55.08170 55.44600 56.40310 56.98270 57.92530 58.63270 59.20190 59.99550 60.76030 60.57800 59.99720 59.35490 59.01790 58.35840 58.12220 57.70490 56.93990 56.01780 55.23110 54.94360 54.21050 54.18290 53.46090 53.36830 54.14020 54.59890 55.11280 55.80540 56.92750 57.61570 58.77140 59.79270 61.16470 62.34870
-9999 -9999 -9999 51.05450 50.77160 51.02650 51.02350 51.09140 51.53780 -9999 51.25050 51.81740 51.85760 52.60200 53.19700 53.42500 54.29250 54.91270 55.66750 55.86720 56.22380 55.85960 55.31550 54.76190 54.32500 54.66310 54.45070 53.63960 53.62990 53.65890 53.90900 53.48750 53.32600 53.34470 53.81240 54.27310 54.75960 55.25710 55.86230 56.67730 57.28400 57.98180 58.98540 59.61610 60.33870 60.88440 60.41370 60.39420 59.86760 59.37780 58.86420 58.61410 58.01420 57.26170 56.56900 55.61650 55.22990 54.85390 54.64270 53.96230 54.22210 55.01550 55.41980 56.13840 56.98320 58.02850 58.57200 59.99230 61.20160 62.74710 63.80170
-9999 -9999 -9999 51.38910 51.46620 51.18170 51.13750 51.01910 51.27920 51.48880 51.48300 51.22600 51.50880 51.91270 52.54750 53.64500 54.21610 54.39160 54.87180 54.42770 54.54610 55.01150 54.72540 54.11300 54.00090 54.15220 53.79110 53.74590 53.83920 53.69940 54.13060 53.89680 53.95010 53.85150 54.03040 54.36920 54.48520 55.30660 55.93250 56.28050 57.12310 58.24750 59.05190 59.89990 60.23560 60.63490 60.45290 60.57090 60.04670 59.50190 59.07600 59.01580 58.38560 57.25550 56.95270 56.67660 56.08570 55.18940 55.00810 55.24230 55.72660 56.18620 56.59800 57.56160 58.32010 59.41020 60.07720 60.68590 62.39560 63.69240 64.77990
-9999 -9999 -9999 51.65640 51.37350 51.26690 51.58110 51.46070 51.31140 51.21660 51.44340 51.14760 51.70200 52.21790 52.55280 53.43670 53.89950 53.94220 54.08680 53.66330 53.89830 54.26090 54.32070 54.09760 53.75330 53.81400 53.65810 53.79060 53.90920 53.65830 53.69560 53.64610 53.86050 54.03380 53.95070 54.09890 54.63760 55.20400 55.93900 56.13590 57.06570 58.27590 59.17960 60.36260 60.97570 61.09520 61.05580 60.69920 60.29390 59.55210 59.02530 59.39810 58.83060 57.99170 57.33360 56.97100 56.90660 56.03640 56.01680 55.97010 56.45050 56.91830 57.30830 58.40060 59.44630 60.52000 61.34620 62.03390 62.86570 64.37380 65.22260
-9999 -9999 -9999 52.07120 51.56620 52.12050 52.10650 51.98110 51.77960 51.64840 51.49560 51.42830 51.72220 52.25360 52.24570 53.04530 53.02130 53.27660 53.24640 53.50430 53.24930 53.40550 53.42220 53.66070 53.44590 53.48940 53.46640 53.21680 53.04740 53.04350 53.47800 53.65060 53.62510 53.64640 53.86090 54.48170 55.04000 55.47350 55.99340 56.48370 57.52590 58.17980 58.91470 59.93490 61.33190 61.09690 60.71290 60.58500 59.94530 59.81290 59.00770 59.28440 58.79740 57.82280 57.67670 57.29440 57.03360 56.57260 56.51980 56.87590 57.22770 57.95470 58.68510 59.85170 60.46300 61.71090 62.69820 63.44310 63.95450 65.07610 68.70240
-9999 -9999 -9999 52.33980 51.66590 52.28880 52.28680 51.77010 52.17460 51.72490 51.44550 51.63080 52.09250 51.95470 52.32280 52.61030 52.90180 52.85220 53.08840 53.09860 52.78870 52.90270 52.80610 53.29510 53.38220 53.30610 53.02470 53.16460 53.19830 53.20860 53.49750 53.22590 53.49890 53.76790 53.96640 54.15270 54.66450 55.30740 55.84700 56.76230 57.07430 58.14870 58.76730 59.28080 60.22350 60.37800 60.65580 60.34200 60.23040 59.81380 59.49010 59.59940 59.06020 58.06210 58.07030 57.57410 57.36390 57.18170 57.24630 57.17940 57.71280 58.20460 58.77400 59.89630 60.53400 62.43750 63.07350 63.45660 64.14430 67.01000 70.74240
-9999 -9999 -9999 -9999 52.56780 52.53720 52.73330 52.23890 52.09180 52.27310 51.79920 51.94360 52.40160 52.67290 -9999 -9999 -9999 -9999 -9999 53.07600 53.00570 53.10100 53.18930 52.46540 52.41710 52.77870 52.66770 52.59410 52.72950 53.22660 53.38900 53.33420 53.75920 53.83170 54.11730 54.78590 54.94950 54.98520 55.62140 56.40070 56.88850 57.71840 58.40250 58.49990 59.08180 60.01560 60.12650 59.69050 59.85120 59.85320 59.70460 58.98970 58.79240 58.04800 57.55490 57.28310 56.76190 56.72020 57.20600 57.73790 57.64260 58.23080 59.30460 60.14620 60.98930 61.62790 62.84390 64.37430 66.04400 -9999 -9999
-9999 -9999 53.10980 53.52210 53.38100 52.88420 52.78020 52.69600 52.24240 52.29820 51.78780 52.12110 52.67580 -9999 -9999 -9999 -9999 -9999 52.32600 52.74720 52.73700 52.92230 52.89780 52.40350 52.01080 52.19120 52.37670 52.40460 52.77080 53.15930 53.41080 53.61670 53.78780 53.73270 53.98270 54.45970 54.69140 54.78740 55.37990 55.75610 56.62870 57.20810 57.79710 57.83950 58.57440 59.66560 59.93640 60.07910 60.46970 60.74330 60.37940 59.96890 59.62600 59.17980 58.39780 58.40470 58.25850 57.54860 57.67020 58.57140 58.85680 59.59950 60.35530 60.70990 61.81160 62.87160 63.86170 -9999 -9999 -9999 -9999
-9999 -9999 54.64460 54.47390 53.65100 52.79930 52.49940 53.26110 53.11480 52.14200 52.23450 52.78520 52.47070 -9999 -9999 -9999 -9999 52.73200 52.45240 52.64740 52.46940 52.11800 52.23250 52.31560 52.43120 52.34270 52.53160 52.78470 53.03100 53.29890 53.31490 53.71140 53.99010 54.30930 54.40100 54.38420 54.38570 54.70530 54.96830 55.34640 56.22140 56.41650 57.08460 57.35330 58.18510 58.68550 59.66760 60.04130 60.76140 60.65830 60.65070 60.45410 60.28070 59.98430 59.76040 59.83570 59.27970 58.71610 58.71100 59.24370 59.55240 59.68740 60.76900 62.08230 63.28220 -9999 -9999 -9999 -9999 -9999 65.35770
-9999 -9999 55.80430 55.80820 55.12780 54.13900 53.88920 53.69820 53.65840 52.94410 53.09270 53.56180 53.76760 -9999 -9999 -9999 -9999 53.16460 53.01530 52.74430 52.28460 51.97290 51.97470 52.11860 52.47370 52.45690 52.53600 53.02390 53.32600 53.42850 53.62000 53.90170 54.09370 54.32960 54.66670 54.26860 54.38660 54.67780 54.73320 55.55180 56.16440 56.40870 56.85360 57.24480 58.12330 58.45020 59.30240 59.78520 60.31760 60.68410 60.98870 60.70850 60.63060 60.53540 60.25560 60.51790 60.49420 60.03350 60.28940 60.38540 61.23470 61.68390 62.40250 62.49270 62.46030 62.15960 63.57570 63.50370 63.87050 -9999 -9999
-9999 -9999 -9999 56.76940 55.94700 55.47130 54.94240 53.34900 53.36050 53.48560 52.68000 54.60960 -9999 -9999 -9999 -9999 53.23250 53.09180 52.64590 52.21130 51.75370 52.07480 52.23270 52.64480 53.02820 53.13270 53.30680 52.89510 53.35930 53.43140 53.47260 53.73220 54.10310 54.10330 54.63200 54.79430 54.90260 54.73760 54.94680 55.60090 56.11390 56.24160 56.64950 57.39010 58.35890 58.83420 59.45280 60.35500 60.41940 60.69230 60.68950 60.64120 60.71910 60.16880 59.97740 60.36870 60.33640 60.04850 60.08000 61.20210 61.50130 61.70340 61.31220 60.06050 59.11670 61.45140 62.16940 62.43210 62.71030 65.44210 -9999
-9999 -9999 -9999 -9999 57.12260 56.46810 55.60970 54.45260 54.32830 53.16130 53.53220 -9999 -9999 -9999 -9999 53.48450 53.59000 53.36130 52.77100 52.51730 52.10000 52.34800 52.26850 53.24030 53.26850 53.09690 53.16700 53.29260 53.52050 53.76480 53.98210 53.99560 54.26480 54.32710 54.79430 54.83900 55.09700 54.99700 55.17120 55.83750 56.15990 56.52600 56.97020 57.67910 58.43340 58.60480 59.63900 60.37280 60.71130 61.00880 61.49350 61.33650 61.22940 60.92720 60.84400 61.49410 61.52410 60.93820 60.89450 61.53920 61.28240 60.95370 61.15820 60.99650 60.53340 61.06340 61.68940 61.89340 61.12880 61.48370 61.83190
-9999 -9999 -9999 -9999 -9999 -9999 56.90600 56.32590 55.48380 55.08480 53.62610 -9999 -9999 -9999 -9999 -9999 54.42690 54.56630 54.14540 53.35690 52.86510 52.41690 52.96460 53.43340 53.51310 53.15020 53.23380 53.46480 54.06040 54.25010 54.43470 54.42980 54.19870 54.02760 54.38000 54.84560 54.92550 55.25130 55.55990 55.85440 56.28010 56.62940 57.43980 58.01910 58.27270 58.84960 59.79440 60.33640 61.06070 61.55920 61.75670 61.59800 61.70010 61.66450 61.66520 61.91000 61.92040 61.57940 61.48070 61.44270 61.16030 60.79590 60.67590 60.63390 60.30860 60.87600 61.21600 61.06980 60.71500 60.53580 61.07900
-9999 -9999 -9999 -9999 -9999 -9999 -9999 -9999 -9999 -9999 -9999 -9999 -9999 -9999 -9999 -9999 -9999 -9999 -9999 53.94350 53.52600 53.03060 53.04700 53.78720 54.07080 53.60380 53.88140 53.34130 53.99110 54.51460 55.05090 54.68780 54.59450 54.38830 54.56020 55.04830 55.27990 55.58770 55.70700 56.03790 56.37290 56.95010 57.68180 57.96200 58.78290 59.04980 59.99130 60.59630 61.27570 61.93640 62.35870 62.31700 62.23260 62.51870 62.26260 62.39750 62.51440 62.33500 62.07050 61.69740 60.91330 61.07540 61.14750 60.62460 60.50780 61.43180 61.59790 60.94980 60.60950 60.65740 60.93620
-9999 -9999 -9999 -9999 -9999 -9999 -9999 -9999 -9999 -9999 -9999 -9999 -9999 -9999 -9999 -9999 -9999 -9999 54.94430 55.27460 54.90260 54.68320 54.64010 53.56620 53.70600 53.99820 54.32590 54.16800 54.05700 53.50910 54.24460 54.59460 54.89060 54.55500 54.85430 55.46520 55.90630 56.04600 55.86470 56.26620 56.63270 57.15980 57.65240 58.25010 59.03140 59.65390 60.29900 60.88080 61.83890 62.64500 63.23190 63.19780 63.28780 62.78880 62.68680 63.38530 63.12390 62.58950 62.07910 62.14860 61.96590 62.15770 61.71020 61.39710 61.07910 61.91810 61.83950 61.48460 61.10930 61.68940 61.87820
-9999 -9999 -9999 -9999 -9999 -9999 -9999 -9999 -9999 -9999 -9999 -9999 -9999 -9999 -9999 -9999 -9999 55.36240 55.10660 55.35610 55.14960 55.11850 55.36060 54.23510 54.32420 54.44210 54.17450 54.27120 54.22530 53.85090 54.37990 54.83120 54.88070 55.10710 55.43180 55.95760 56.20170 56.33490 56.53270 56.73570 57.29100 57.49960 58.12700 58.87870 59.56780 59.82220 60.85640 61.31590 62.38150 63.04690 63.59740 63.71030 63.86880 63.65770 63.42750 63.92100 63.67090 62.99590 62.61380 62.78740 63.48500 62.77550 61.46370 61.38300 62.33540 62.73920 62.59220 62.44380 62.40120 62.54860 62.65170
-9999 -9999 -9999 -9999 -9999 -9999 -9999 -9999 -9999 -9999 -9999 -9999 -9999 -9999 -9999 -9999 -9999 55.50170 55.27970 55.70750 55.65120 54.98850 55.51530 54.79710 54.35860 54.14660 53.62820 54.07070 54.53520 54.10670 54.34020 54.99920 55.27860 56.27360 56.89300 56.71920 56.62360 56.59720 56.50110 57.05200 57.42140 58.27940 58.73840 59.40950 60.15960 61.01140 61.52370 61.44690 62.39530 63.35510 63.99130 64.46550 64.67700 64.33540 64.58060 64.44050 63.66680 63.47510 63.63580 63.69050 63.20990 62.86020 62.71330 62.96460 62.28390 62.86770 63.74330 63.13380 63.71720 64.32670 64.70180
-9999 -9999 -9999 -9999 -9999 -9999 -9999 -9999 -9999 -9999 -9999 -9999 -9999 -9999 -9999 -9999 55.77990 55.03850 54.96010 55.37370 55.67910 55.34490 55.45280 54.66800 53.59870 54.00060 53.55600 53.39310 53.83510 54.17680 54.60240 55.07030 55.40240 56.44370 57.24270 57.13840 57.21920 56.97820 56.82530 57.61910 58.14650 58.55060 59.13550 59.98890 60.56350 61.45970 62.15510 61.73280 62.39150 63.46950 64.26640 64.50870 64.36790 64.58570 64.82600 64.91330 64.65390 64.25120 64.15970 63.66050 63.78240 63.55120 63.45350 62.65600 63.73420 64.20380 64.64420 64.77980 65.30310 65.84990 65.95480
-9999 -9999 -9999 -9999 -9999 -9999 -9999 -9999 -9999 -9999 -9999 -9999 -9999 56.46230 56.38780 55.24530 55.23960 54.65410 54.52610 54.10390 54.66390 54.69540 55.03720 55.66420 55.45150 53.86850 53.39800 52.17230 52.46810 53.33510 53.88870 54.66640 55.48830 56.57520 57.39320 57.46210 57.85060 57.83810 57.85270 58.14200 58.45490 58.93550 59.66250 60.16230 61.00230 61.64480 62.07740 62.36220 62.65400 63.02390 63.47480 63.83020 64.06910 65.22420 65.68040 65.43650 65.03310 64.54940 64.70540 64.11510 64.07730 64.31170 64.24790 64.93510 65.60410 66.54670 66.74120 67.21120 67.42300 67.34080 67.28010
-9999 -9999 -9999 -9999 -9999 -9999 -9999 -9999 -9999 -9999 -9999 -9999 56.44060 56.13860 55.92400 55.08860 55.02670 54.72100 54.61340 53.76280 54.20420 54.28170 54.59290 55.11200 54.99980 53.04700 52.87690 51.46920 52.23690 52.88790 53.39910 54.34270 55.16440 56.42890 57.37120 57.60190 58.08160 58.33310 58.73490 59.03990 59.19100 59.65250 59.88860 60.53570 61.50040 62.19180 62.72430 62.76390 62.62950 62.78580 63.45790 63.64520 64.09580 65.04000 65.79190 65.84080 65.27070 64.70650 64.46920 64.14130 64.48210 64.86380 65.36530 65.88950 66.79130 67.65320 67.90490 68.46370 68.64590 68.40140 68.15310
-9999 -9999 -9999 -9999 -9999 -9999 -9999 -9999 -9999 -9999 -9999 56.31440 55.71860 55.67600 55.21610 54.76140 54.23250 54.26750 53.89560 53.93280 54.00550 52.87920 53.49470 53.53010 53.38140 53.87990 53.27750 52.04310 52.03470 52.98320 53.48680 54.03060 54.81290 56.04660 57.26600 58.02030 58.83890 58.95210 59.77970 59.77190 59.89720 59.86870 60.57900 60.93630 61.82130 62.63260 63.25220 63.53870 63.64980 63.50080 63.63850 63.34570 63.82490 64.21460 64.65570 65.07650 65.23830 64.98510 65.20780 64.92990 65.22900 65.84790 66.35850 66.79320 67.38260 68.22860 68.29790 68.76480 68.62840 68.69370 68.18970
-9999 -9999 -9999 -9999 -9999 -9999 -9999 -9999 -9999 -9999 55.76390 55.68370 55.49040 55.33610 55.02770 54.21250 53.78950 53.70070 53.62830 53.62560 53.61860 52.25070 52.39990 52.66350 52.49170 52.70780 52.79930 50.89480 51.11620 52.37770 52.88480 53.57110 54.16680 55.60330 56.97530 58.25900 58.72750 59.17440 59.99580 60.35440 60.47280 60.80960 61.17680 61.70000 62.31000 63.00790 63.82050 64.20230 64.46370 64.31560 64.33240 63.80140 63.77180 63.82810 64.54620 64.62240 64.48160 64.65890 65.54010 65.31950 65.62750 66.23270 66.33530 66.97860 67.49320 68.48500 68.92930 69.27660 69.10980 69.00060 68.97290
-9999 -9999 -9999 -9999 -9999 -9999 -9999 -9999 -9999 53.62590 53.52010 53.95900 54.29540 54.10590 53.88650 53.54030 52.96440 52.67040 51.96460 52.46040 52.28120 52.12730 51.91870 50.72730 50.65620 50.75630 50.46570 51.66380 52.24880 53.23860 53.09250 53.40430 54.23310 55.97770 57.30270 58.24510 59.09830 59.28790 59.73740 60.35770 60.86770 61.36150 61.67700 62.44280 63.20100 63.69760 64.48720 64.68310 65.24210 65.09760 64.78650 64.27920 63.91400 63.26070 63.14020 64.61550 64.70120 64.81750 65.38540 65.79230 66.11860 65.99420 66.20020 67.03120 67.34860 68.38740 68.97710 69.28010 69.53970 69.79200 70.67390
-9999 -9999 -9999 -9999 -9999 -9999 -9999 -9999 -9999 -9999 52.13320 51.93200 52.45520 52.00740 51.50850 51.83960 51.71240 51.56130 50.95870 51.06570 51.46000 50.88560 50.60230 -9999 -9999 -9999 -9999 -9999 -9999 52.84480 53.13310 53.52530 54.24300 55.83510 57.35250 58.21700 59.16600 59.31620 60.24750 60.69080 61.15730 61.71300 62.29220 62.81530 63.40910 63.67510 64.44400 65.10080 65.68160 65.90970 65.37200 64.86570 64.21610 63.46910 63.40470 64.49500 65.03340 65.03900 65.72030 65.85930 66.19120 66.02560 66.18060 66.76900 66.93930 68.32020 68.74060 69.23920 68.83260 69.76490 70.22790
-9999 -9999 -9999 -9999 -9999 -9999 -9999 -9999 -9999 -9999 -9999 -9999 50.80230 50.64610 50.48400 47.06710 47.67950 47.68250 47.79070 -9999 -9999 -9999 -9999 -9999 -9999 -9999 -9999 -9999 -9999 -9999 -9999 -9999 -9999 55.67710 57.17870 58.09770 59.31240 60.02710 60.95930 61.49390 62.08380 62.30740 62.54220 63.26950 63.61560 63.98480 64.57390 64.78950 65.19540 65.95380 65.66820 64.52720 64.23850 63.81170 63.92450 64.59570 65.08500 65.11160 65.41870 66.01870 66.25230 66.26190 66.30460 66.69410 67.50610 68.84180 69.05820 69.52230 69.90320 71.12600 71.59620
-9999 -9999 -9999 -9999 -9999 -9999 -9999 -9999 -9999 -9999 -9999 -9999 -9999 -9999 -9999 -9999 -9999 -9999 -9999 -9999 -9999 -9999 -9999 -9999 -9999 -9999 -9999 -9999 -9999 -9999 -9999 -9999 -9999 -9999 57.27200 58.22220 59.34020 59.90500 61.04920 61.76760 62.21850 62.28300 62.94030 63.47680 63.98000 63.86180 64.62430 64.74030 65.08570 65.60090 65.57720 64.94100 64.44360 64.40260 64.18990 64.91570 65.07300 64.81220 65.15460 65.69540 66.25080 66.12390 66.56610 67.24090 67.79890 68.76060 69.09340 69.55390 69.61480 70.79760 72.28810
-9999 -9999 -9999 -9999 -9999 -9999 -9999 -9999 -9999 -9999 -9999 -9999 -9999 -9999 -9999 -9999 -9999 -9999 -9999 -9999 -9999 -9999 -9999 -9999 -9999 -9999 -9999 -9999 -9999 -9999 -9999 -9999 -9999 -9999 57.83050 57.90240 58.65180 59.84700 60.77360 61.52970 61.99300 62.79600 63.27060 62.92320 63.62530 63.79670 64.48970 65.56410 65.91610 65.64460 65.45830 65.43510 65.56670 64.59590 64.63560 64.78110 65.18070 65.12670 65.48570 66.49930 67.34170 67.73640 67.61790 68.00720 68.64560 68.80260 69.54830 69.72530 70.13250 71.25470 -9999
-9999 -9999 -9999 -9999 -9999 -9999 -9999 -9999 -9999 -9999 -9999 -9999 -9999 -9999 -9999 -9999 -9999 -9999 -9999 -9999 -9999 -9999 -9999 -9999 -9999 -9999 -9999 -9999 -9999 -9999 -9999 -9999 -9999 -9999 -9999 -9999 -9999 -9999 60.84520 61.57550 61.86470 62.92260 63.38630 63.54200 63.94610 64.37260 64.90990 65.71930 65.86280 65.82480 65.23790 65.32880 65.11580 64.40310 64.28710 64.56840 65.17740 65.40990 65.41670 66.84060 67.85070 67.88690 68.01300 68.21780 68.24380 68.89850 69.62770 70.10770 71.43430 -9999 -9999
