data/hydroclimate-scenarios/BCSD_hadcm_A1B/monthly_summaries/rh_monthly_avg_nov.2070-2099.asc
ncols	311
nrows	91
xllcenter	102.75
yllcenter	31.75
cellsize	0.5
NODATA_value	-9999
[rows 0 to 31 of 91, columns 0 to 70 of 311]
-9999 -9999 -9999 -9999 -9999 -9999 -9999 -9999 -9999 -9999 -9999 -9999 -9999 -9999 -9999 -9999 -9999 -9999 -9999 -9999 -9999 -9999 -9999 -9999 -9999 -9999 -9999 -9999 -9999 -9999 -9999 -9999 -9999 -9999 -9999 -9999 -9999 -9999 -9999 -9999 -9999 -9999 -9999 -9999 -9999 -9999 -9999 -9999 -9999 -9999 -9999 -9999 -9999 -9999 -9999 -9999 -9999 -9999 -9999 -9999 -9999 -9999 -9999 -9999 -9999 -9999 -9999 -9999 -9999 -9999 -9999
-9999 -9999 -9999 -9999 -9999 -9999 -9999 -9999 -9999 -9999 -9999 -9999 -9999 -9999 -9999 -9999 -9999 -9999 -9999 -9999 -9999 -9999 -9999 -9999 -9999 -9999 -9999 -9999 -9999 -9999 -9999 -9999 -9999 -9999 -9999 -9999 -9999 -9999 -9999 -9999 -9999 -9999 -9999 -9999 -9999 -9999 -9999 -9999 -9999 -9999 -9999 -9999 -9999 -9999 -9999 -9999 -9999 -9999 -9999 -9999 -9999 -9999 -9999 -9999 -9999 -9999 -9999 -9999 -9999 -9999 -9999
-9999 -9999 -9999 -9999 -9999 -9999 -9999 -9999 -9999 -9999 -9999 -9999 -9999 -9999 -9999 -9999 -9999 -9999 -9999 -9999 -9999 -9999 -9999 -9999 -9999 -9999 -9999 -9999 -9999 -9999 -9999 -9999 -9999 -9999 -9999 -9999 -9999 -9999 -9999 -9999 -9999 -9999 -9999 -9999 -9999 -9999 -9999 -9999 -9999 -9999 -9999 -9999 -9999 -9999 -9999 -9999 -9999 -9999 -9999 -9999 -9999 -9999 -9999 -9999 -9999 -9999 -9999 -9999 -9999 -9999 -9999
-9999 -9999 -9999 -9999 -9999 -9999 -9999 -9999 -9999 -9999 -9999 -9999 -9999 -9999 -9999 -9999 -9999 -9999 -9999 -9999 -9999 -9999 -9999 -9999 -9999 -9999 -9999 -9999 -9999 -9999 -9999 -9999 -9999 -9999 -9999 -9999 -9999 -9999 -9999 -9999 -9999 -9999 -9999 -9999 -9999 -9999 -9999 -9999 -9999 -9999 -9999 -9999 -9999 -9999 -9999 -9999 -9999 -9999 -9999 -9999 -9999 -9999 -9999 -9999 -9999 -9999 -9999 -9999 -9999 -9999 -9999
-9999 -9999 -9999 -9999 -9999 -9999 -9999 -9999 -9999 -9999 -9999 -9999 -9999 -9999 -9999 -9999 -9999 -9999 -9999 -9999 -9999 -9999 -9999 -9999 -9999 -9999 -9999 -9999 -9999 -9999 -9999 -9999 -9999 -9999 -9999 -9999 -9999 -9999 -9999 -9999 -9999 -9999 -9999 -9999 -9999 -9999 -9999 -9999 -9999 -9999 -9999 -9999 -9999 -9999 -9999 -9999 -9999 -9999 -9999 -9999 -9999 -9999 -9999 -9999 -9999 -9999 -9999 -9999 -9999 -9999 -9999
-9999 -9999 -9999 -9999 -9999 -9999 -9999 -9999 -9999 -9999 -9999 -9999 -9999 -9999 -9999 -9999 -9999 -9999 -9999 -9999 -9999 -9999 -9999 -9999 -9999 -9999 -9999 -9999 -9999 -9999 -9999 -9999 -9999 -9999 -9999 -9999 -9999 -9999 -9999 -9999 -9999 -9999 -9999 -9999 -9999 -9999 -9999 -9999 -9999 -9999 -9999 -9999 -9999 -9999 -9999 -9999 -9999 -9999 -9999 -9999 -9999 -9999 -9999 -9999 -9999 -9999 -9999 -9999 -9999 -9999 -9999
-9999 -9999 -9999 -9999 -9999 -9999 -9999 -9999 -9999 -9999 -9999 -9999 -9999 -9999 -9999 -9999 -9999 -9999 -9999 -9999 -9999 -9999 -9999 -9999 -9999 -9999 -9999 -9999 -9999 -9999 -9999 -9999 -9999 -9999 -9999 -9999 -9999 -9999 -9999 -9999 -9999 -9999 -9999 -9999 -9999 -9999 -9999 -9999 -9999 -9999 -9999 -9999 -9999 -9999 -9999 -9999 -9999 -9999 -9999 -9999 -9999 -9999 -9999 -9999 -9999 -9999 -9999 -9999 -9999 -9999 -9999
-9999 -9999 -9999 -9999 -9999 -9999 -9999 -9999 -9999 -9999 -9999 -9999 -9999 -9999 -9999 -9999 -9999 -9999 -9999 -9999 -9999 -9999 -9999 -9999 -9999 -9999 -9999 -9999 -9999 -9999 -9999 -9999 -9999 -9999 -9999 -9999 -9999 -9999 -9999 -9999 -9999 -9999 75.29210 75.13880 75.14170 75.19220 74.83280 74.78660 75.10800 74.75940 74.38840 73.99170 -9999 -9999 -9999 -9999 -9999 -9999 -9999 -9999 -9999 -9999 -9999 -9999 -9999 -9999 -9999 -9999 -9999 -9999 -9999
-9999 -9999 -9999 -9999 -9999 -9999 -9999 -9999 -9999 -9999 -9999 -9999 -9999 -9999 -9999 -9999 -9999 -9999 -9999 -9999 -9999 -9999 -9999 -9999 -9999 -9999 -9999 -9999 -9999 -9999 -9999 -9999 -9999 -9999 -9999 -9999 -9999 -9999 75.27660 74.70080 75.03880 75.05590 75.02900 74.86970 75.15810 75.22230 74.87970 74.83210 74.81950 74.52060 74.83610 73.87990 73.85530 73.66610 -9999 -9999 -9999 -9999 -9999 -9999 -9999 -9999 -9999 -9999 -9999 -9999 -9999 -9999 -9999 -9999 -9999
-9999 -9999 -9999 -9999 -9999 -9999 -9999 -9999 -9999 -9999 -9999 -9999 -9999 -9999 -9999 -9999 -9999 -9999 -9999 -9999 -9999 -9999 -9999 -9999 -9999 -9999 -9999 -9999 -9999 -9999 -9999 -9999 -9999 -9999 -9999 -9999 -9999 -9999 -9999 -9999 74.95240 74.97470 74.50430 74.32940 74.40420 74.42360 74.45370 74.52180 74.47110 74.45830 74.14840 73.52850 73.49310 73.54960 -9999 -9999 -9999 -9999 -9999 -9999 -9999 -9999 -9999 -9999 -9999 -9999 -9999 -9999 -9999 -9999 -9999
-9999 -9999 -9999 -9999 -9999 -9999 -9999 -9999 -9999 -9999 -9999 -9999 -9999 -9999 -9999 -9999 -9999 -9999 -9999 -9999 -9999 -9999 -9999 -9999 -9999 -9999 -9999 -9999 -9999 -9999 -9999 -9999 -9999 -9999 -9999 -9999 -9999 -9999 -9999 -9999 -9999 -9999 -9999 -9999 73.68090 73.33190 72.86940 72.89350 73.26800 73.40330 73.34690 73.44140 73.89360 73.79410 -9999 -9999 -9999 -9999 -9999 -9999 71.99780 -9999 -9999 -9999 -9999 -9999 -9999 -9999 -9999 -9999 -9999
-9999 -9999 -9999 -9999 -9999 -9999 -9999 -9999 -9999 -9999 -9999 -9999 -9999 -9999 -9999 -9999 -9999 -9999 -9999 -9999 -9999 -9999 -9999 -9999 -9999 -9999 -9999 -9999 -9999 -9999 -9999 -9999 -9999 -9999 -9999 -9999 -9999 -9999 -9999 -9999 -9999 73.95140 73.93950 72.93800 73.25270 73.34180 73.30490 72.85340 72.61740 73.05010 72.59050 73.02640 73.48700 73.45850 -9999 -9999 -9999 -9999 -9999 71.67410 71.33700 71.67390 71.34570 71.87960 71.59880 71.67810 71.76120 72.00890 71.77260 71.90590 71.97670
-9999 -9999 -9999 -9999 -9999 -9999 -9999 -9999 -9999 -9999 -9999 -9999 -9999 -9999 -9999 -9999 -9999 -9999 -9999 -9999 -9999 -9999 -9999 -9999 -9999 -9999 -9999 -9999 -9999 -9999 -9999 -9999 -9999 -9999 -9999 -9999 -9999 -9999 -9999 -9999 -9999 74.06760 74.34490 73.43050 73.85720 73.86270 73.54240 73.08020 73.06170 72.91460 72.51000 72.13900 71.73960 72.21480 72.63540 71.36360 71.81730 -9999 71.83170 71.38460 71.34810 70.98860 70.97520 71.10340 71.10950 71.26420 71.03330 71.14300 71.26090 71.02620 71.12100
-9999 -9999 -9999 -9999 -9999 -9999 -9999 -9999 -9999 -9999 -9999 -9999 -9999 -9999 -9999 -9999 -9999 -9999 -9999 -9999 -9999 -9999 -9999 -9999 -9999 -9999 -9999 -9999 -9999 -9999 -9999 -9999 -9999 -9999 -9999 73.28880 73.61150 73.35450 73.36060 74.50980 74.50880 74.87390 74.82880 73.47000 73.49160 73.45960 73.47240 73.07610 72.67280 72.19810 71.64560 71.67560 70.76770 70.95310 70.95200 69.64310 70.21030 70.94180 71.37430 70.95800 70.92620 70.53620 70.53150 69.79640 69.90040 70.48620 70.48240 70.63950 70.77180 70.85860 70.57310
-9999 -9999 -9999 -9999 -9999 -9999 -9999 -9999 -9999 -9999 -9999 -9999 -9999 -9999 -9999 -9999 -9999 -9999 -9999 -9999 -9999 -9999 -9999 -9999 -9999 -9999 -9999 -9999 -9999 -9999 -9999 -9999 -9999 -9999 72.51570 72.55540 72.62340 72.62210 72.96970 74.55330 74.86270 74.54420 74.85630 74.87620 74.85220 74.58640 74.56920 73.95820 73.14520 71.71710 70.89170 70.84540 69.60000 69.34040 69.39120 69.49380 70.38360 70.68180 71.22250 71.68240 70.91770 70.36540 69.99240 69.36810 70.03560 70.00950 69.96760 69.64540 68.80110 69.02240 68.28230
-9999 -9999 -9999 -9999 -9999 -9999 -9999 -9999 -9999 -9999 -9999 -9999 -9999 -9999 -9999 -9999 -9999 -9999 -9999 -9999 -9999 -9999 -9999 -9999 -9999 -9999 -9999 -9999 -9999 -9999 -9999 -9999 -9999 72.02740 72.34510 72.18310 72.47780 72.51660 72.85660 74.49690 74.52020 74.82280 74.51730 74.81900 74.49610 74.50080 73.79260 73.09430 71.77890 70.33490 69.76440 68.51100 66.78890 67.93740 68.86730 68.92560 68.93470 69.86630 70.31630 70.69960 69.90760 69.99120 70.34490 70.32070 69.97680 69.52390 69.08860 68.75010 68.45460 68.58220 68.21170
-9999 -9999 -9999 -9999 -9999 -9999 -9999 -9999 -9999 -9999 -9999 -9999 -9999 -9999 -9999 -9999 -9999 -9999 -9999 -9999 -9999 -9999 -9999 -9999 -9999 -9999 -9999 -9999 -9999 -9999 -9999 71.06850 71.35670 71.30500 71.61030 71.83020 72.53580 72.83820 73.14720 74.40920 74.40460 74.39180 74.74320 74.32540 74.26480 73.91770 73.19350 72.99720 71.77050 70.64950 69.06840 68.40850 65.80870 67.32730 67.88750 67.98860 68.94710 69.27250 68.43400 69.36330 69.84590 69.86630 69.50880 69.75600 69.38730 68.89100 68.57580 68.67080 68.71840 67.51000 66.66450
-9999 -9999 -9999 -9999 -9999 -9999 -9999 -9999 -9999 -9999 -9999 -9999 -9999 -9999 -9999 -9999 -9999 -9999 -9999 -9999 -9999 -9999 -9999 -9999 -9999 -9999 -9999 -9999 -9999 70.41620 70.37250 70.70190 71.01800 70.99000 71.34040 71.53070 71.90790 72.20680 72.83970 74.44180 74.44780 74.80160 74.78180 74.50020 74.07470 73.29180 72.89480 72.24930 70.17680 69.12170 68.15960 66.35530 65.42780 66.99660 66.99400 67.09710 68.46340 68.04440 68.43830 69.42130 69.01370 68.89710 68.87900 68.40540 68.84670 68.46950 67.64180 66.91550 66.60780 67.04750 67.18190
-9999 -9999 -9999 -9999 -9999 -9999 -9999 -9999 -9999 -9999 -9999 -9999 -9999 -9999 -9999 -9999 -9999 -9999 -9999 -9999 -9999 -9999 -9999 -9999 69.63650 69.65230 70.05540 70.34900 70.60190 70.44830 70.38410 70.69010 70.98680 71.41440 71.67470 72.04800 72.29870 72.87720 72.89120 73.75260 74.51910 74.41030 74.70420 74.15210 73.39750 72.98040 72.94400 71.45480 69.74200 68.94970 68.55440 66.73390 66.36270 67.33220 68.22580 68.25390 69.09860 69.03700 68.59130 69.17760 69.22240 69.11700 69.16690 68.36530 68.01300 67.19130 67.66000 68.02400 66.95000 66.40190 64.17570
-9999 -9999 -9999 -9999 -9999 -9999 65.10010 65.41920 65.77540 66.18730 66.52910 -9999 -9999 -9999 -9999 -9999 -9999 -9999 -9999 -9999 -9999 69.41580 68.64160 68.72740 68.72440 68.78460 69.05500 69.31810 69.67340 69.56700 69.85810 70.46690 70.39810 71.16340 71.13390 71.37600 72.01270 72.32280 72.95990 73.53770 74.59310 74.48020 74.80730 74.20030 73.43250 72.65950 72.29340 71.22790 69.82450 69.01120 67.70770 66.89140 65.97910 66.61510 67.99490 68.38840 68.41380 68.66810 69.05480 69.27080 68.89490 68.76380 67.97210 67.03040 66.66920 67.64460 67.73840 67.23260 66.54810 66.62680 66.46410
-9999 -9999 -9999 -9999 -9999 64.65380 64.60100 64.20940 64.95110 65.00790 65.39800 65.40930 65.81130 65.88540 -9999 -9999 -9999 67.13780 67.78290 68.00590 68.28740 68.16160 68.41140 68.19910 68.14600 68.76640 68.79750 68.85670 69.14890 69.35990 69.74460 70.00030 70.29050 70.99940 71.30370 71.33810 71.93830 72.61990 72.93790 73.78380 74.46450 74.65010 74.62360 74.10920 73.31470 72.96750 71.74470 70.45360 68.88740 68.08210 67.52910 66.84630 66.89710 67.44920 67.84490 67.76610 67.79690 68.07100 68.97300 68.24450 68.25680 68.10080 67.73260 66.84450 65.93900 64.65010 65.49940 65.18780 65.72200 65.64510 65.32320
-9999 64.88920 64.77320 64.33260 64.18640 64.10250 63.76130 64.11710 64.04290 64.20600 64.46420 64.64970 64.88960 65.38930 66.04520 66.31820 67.04960 66.68180 66.73560 67.58880 67.92040 68.08730 68.01270 68.15690 68.46970 68.04400 68.33110 68.38570 68.33900 68.61420 69.56040 69.55910 70.15430 70.54850 70.83390 71.17760 71.76570 72.40060 72.72900 73.54700 73.85810 74.38270 74.03760 73.80790 73.41920 72.72970 71.52830 70.35490 69.39320 68.25510 67.33250 66.21330 66.58380 65.69370 66.16520 66.51430 67.02870 68.23230 67.75560 67.53290 67.93450 67.05030 66.17950 65.63970 64.40000 64.73250 65.25450 64.39770 65.33980 64.39460 63.06250
-9999 63.65380 63.72870 63.69280 63.94760 63.95850 63.94480 63.94430 64.25590 64.15000 64.44770 64.50590 64.36930 65.21680 65.57990 65.59500 65.91420 66.17180 66.60310 67.39390 67.33070 67.54530 67.80180 67.95230 68.20690 68.06170 67.99960 68.01330 67.99380 68.21400 68.83330 69.46570 69.74680 69.98800 70.61210 71.11810 71.69620 72.18680 72.80330 73.24280 73.60640 73.79050 74.09880 73.58530 73.52420 73.16050 72.39170 71.23660 70.37240 68.69640 68.20170 66.62050 66.18240 64.52230 64.54110 65.73150 66.60600 66.60260 66.98370 66.60220 66.72690 66.03310 65.61710 65.37750 64.57950 64.13040 64.09240 64.52970 64.20890 64.22340 64.15450
-9999 -9999 -9999 62.82500 62.77410 62.82740 63.16660 63.49010 63.43720 63.82050 64.01820 64.80170 64.78750 65.27710 65.12410 65.24160 65.62090 66.54290 66.58680 66.69990 66.90510 67.20710 67.49860 67.48780 67.82240 67.70470 67.94850 67.69320 68.28780 68.19410 68.76960 68.70700 69.30740 69.90620 70.49870 70.98340 71.20750 71.69860 72.26510 73.04610 73.03670 73.56840 73.78260 73.29660 72.90910 72.88100 71.78820 71.04240 70.51560 69.28480 67.97240 66.78410 65.54700 64.64180 65.15110 64.64430 65.95040 65.88750 65.46080 65.52940 66.38870 65.25210 64.84060 63.80680 63.88220 64.27480 64.74220 64.21170 63.77610 62.95570 63.32390
-9999 -9999 -9999 -9999 -9999 -9999 62.38800 63.26750 62.89080 63.32920 63.36840 64.19760 64.18410 65.07140 65.06030 65.36760 66.03970 66.04160 66.48010 67.14220 67.09210 67.20370 67.23160 67.10690 67.41510 67.15890 67.45340 67.85090 68.13200 68.31290 68.53180 68.64180 68.91690 69.13480 70.08440 70.65500 71.20550 71.59600 72.12700 72.47370 72.76530 73.05860 72.99430 72.87090 72.77700 72.69270 72.30480 70.88890 70.15900 69.07410 67.38760 65.80270 65.06720 66.31010 65.07930 64.24810 64.75110 64.07000 63.25750 63.91260 63.74170 63.26930 63.19190 62.20410 62.75290 62.74230 64.08890 63.61820 63.14430 63.05770 62.66970
-9999 -9999 -9999 -9999 -9999 -9999 62.32920 62.52580 62.56790 62.84040 62.92380 63.46810 63.77830 64.69710 64.90340 64.96870 65.69690 65.69830 66.36710 66.36610 66.64130 66.79630 66.76630 66.66840 66.97690 66.88880 67.49550 67.45940 67.75360 67.60350 67.83790 67.89090 68.43650 68.99520 69.21030 70.43130 71.00080 71.38740 71.91470 71.93280 72.21120 72.55990 72.50310 72.68340 72.61000 72.49580 71.85700 71.94750 71.19230 70.24450 69.02540 67.94290 66.80630 65.94540 65.88790 66.33590 65.51590 64.41480 64.47140 64.05560 62.29460 62.50830 62.47680 61.99220 61.94610 63.31950 63.77000 63.77560 64.18190 63.69310 62.76920
-9999 -9999 -9999 -9999 -9999 -9999 -9999 -9999 -9999 -9999 63.11480 62.02690 62.03260 63.61270 63.57080 63.65110 64.31700 64.64000 65.10150 65.57930 65.53350 65.55510 65.58910 66.15570 66.45500 66.32190 66.63540 67.01820 66.95990 67.20100 67.41770 67.68470 68.19540 68.82550 69.37910 70.71900 71.19820 71.43830 71.98560 70.81170 71.45340 71.41880 71.76810 71.73000 71.32490 71.29070 70.90720 71.88980 71.27980 70.83350 70.41540 69.53210 69.06120 68.61230 68.23220 67.78290 67.37030 66.78660 66.60420 65.91930 65.85890 65.25170 64.82160 63.48640 63.40540 64.37010 64.77350 64.76020 64.39670 64.43060 63.91680
-9999 -9999 -9999 -9999 -9999 -9999 -9999 -9999 -9999 -9999 62.84480 62.12410 62.26100 63.20640 63.26420 63.33690 63.97250 64.28270 64.62450 64.81870 65.12290 64.86010 65.13890 66.03390 66.30280 66.35400 66.38810 66.65390 66.60840 66.52080 66.42670 67.24310 67.79300 68.39030 69.13170 70.43780 70.94030 71.17180 71.43340 70.60360 70.93620 70.92930 70.96940 70.95940 70.86940 70.52010 70.45010 71.47740 71.08180 70.65320 70.01050 69.35840 69.31190 68.54180 68.19510 67.67260 67.28670 67.40480 67.01290 66.63510 66.56790 66.47900 66.71130 65.94620 66.25350 66.34030 66.33020 66.34370 66.36610 64.68280 64.53490
-9999 -9999 -9999 -9999 -9999 -9999 -9999 -9999 -9999 -9999 -9999 -9999 62.08830 62.42290 62.81180 63.40080 64.17590 65.22000 65.16240 65.30610 65.52680 65.57870 65.54720 66.42570 66.43300 66.75920 66.71800 66.28550 65.89970 65.59810 66.37900 66.66590 67.44010 67.91180 68.71960 69.54570 70.45390 70.88090 71.17920 70.38930 70.40740 70.78200 70.79050 70.82550 70.77130 70.39670 70.33500 71.14210 70.74310 70.43210 69.98870 68.90720 68.49810 67.63680 67.64860 67.26240 67.15080 66.54510 66.42570 66.38000 66.31550 66.18630 66.15660 65.73340 66.04420 66.37060 66.48180 66.87750 66.86270 66.08430 64.73850
-9999 -9999 -9999 -9999 -9999 -9999 -9999 -9999 -9999 -9999 -9999 -9999 62.01650 62.19830 62.83110 63.36130 64.09120 64.78630 64.71360 64.83840 65.43840 64.75200 65.39640 66.32510 66.21100 66.57410 66.28720 66.19990 65.79100 65.42330 65.05250 66.22630 67.34880 68.09650 68.60250 69.80240 70.03200 70.40420 70.65730 69.88130 70.28390 70.68200 70.70690 70.71330 70.64820 70.57010 70.22310 71.01100 70.65650 70.24450 69.81870 69.06640 68.24300 67.42640 67.05610 66.71410 66.89040 66.31220 66.22420 66.18410 66.11040 65.96380 66.25440 65.54060 65.85570 66.17420 66.60910 66.64250 66.56530 65.41310 65.28680
-9999 -9999 -9999 -9999 -9999 -9999 -9999 -9999 -9999 -9999 -9999 61.44510 61.78460 62.77360 63.74480 63.68810 63.97390 64.64460 64.95840 64.92760 65.92770 65.59360 65.97180 65.90110 66.16990 66.02600 66.01970 64.88360 64.88180 64.55470 65.11350 65.59630 66.40660 66.93570 68.06170 69.26690 69.41720 69.58860 69.40490 70.14770 70.41610 70.85390 70.85680 70.97420 70.64720 70.60750 70.57090 70.90860 70.22220 70.24010 69.51850 68.40030 67.94760 67.38380 67.03250 66.29600 66.50190 65.88720 66.14570 65.64050 65.90260 65.92270 66.20960 66.29170 66.60740 66.59910 66.97100 67.09130 66.88150 65.65350 64.77200
-9999 -9999 -9999 -9999 -9999 -9999 -9999 -9999 -9999 -9999 -9999 61.28820 61.99480 62.59490 63.33040 63.56800 64.16940 64.48780 64.83210 64.80090 65.40360 65.77380 66.05970 66.39250 66.66110 66.23440 66.15250 64.84810 64.84050 64.69260 64.47550 65.43010 65.97160 67.46770 67.94800 68.86080 69.72310 69.24570 69.30970 70.38500 70.68550 70.40390 70.66240 70.44370 70.43270 70.01900 70.00190 70.67060 70.38650 70.12040 69.69160 68.91000 68.14320 67.58440 66.77720 66.06420 65.93050 65.72150 65.66610 65.47550 65.75940 65.78990 65.72780 66.16900 66.83050 67.15120 66.76260 67.30380 66.38310 65.71690 65.77840
