data/hydroclimate-scenarios/BCSD_hadcm_A1B/monthly_summaries/rh_monthly_avg_feb.2030-2059.asc
ncols	311
nrows	91
xllcenter	102.75
yllcenter	31.75
cellsize	0.5
NODATA_value	-9999
[rows 0 to 31 of 91, columns 213 to 283 of 311]
-9999 -9999 -9999 -9999 -9999 -9999 -9999 -9999 -9999 -9999 -9999 -9999 -9999 -9999 -9999 -9999 -9999 -9999 -9999 -9999 -9999 -9999 -9999 -9999 -9999 -9999 -9999 -9999 -9999 -9999 -9999 -9999 -9999 -9999 -9999 -9999 -9999 -9999 -9999 -9999 -9999 -9999 -9999 -9999 -9999 -9999 -9999 -9999 -9999 -9999 -9999 -9999 -9999 -9999 -9999 -9999 -9999 -9999 -9999 -9999 -9999 -9999 -9999 -9999 -9999 -9999 -9999 -9999 -9999 -9999 -9999
-9999 -9999 -9999 -9999 -9999 -9999 -9999 -9999 -9999 -9999 -9999 -9999 -9999 -9999 -9999 -9999 -9999 -9999 -9999 -9999 -9999 -9999 -9999 -9999 -9999 -9999 -9999 -9999 -9999 -9999 -9999 -9999 -9999 -9999 -9999 -9999 -9999 -9999 -9999 -9999 -9999 -9999 -9999 -9999 -9999 -9999 -9999 -9999 -9999 -9999 -9999 -9999 -9999 -9999 -9999 -9999 -9999 -9999 -9999 -9999 -9999 -9999 -9999 -9999 -9999 -9999 -9999 -9999 -9999 -9999 -9999
-9999 -9999 -9999 -9999 -9999 -9999 -9999 -9999 -9999 -9999 -9999 -9999 -9999 -9999 -9999 -9999 -9999 -9999 -9999 -9999 -9999 -9999 -9999 -9999 -9999 -9999 -9999 -9999 -9999 -9999 -9999 -9999 -9999 -9999 -9999 -9999 -9999 -9999 -9999 -9999 -9999 -9999 -9999 -9999 -9999 -9999 -9999 -9999 -9999 -9999 -9999 -9999 -9999 -9999 -9999 -9999 -9999 -9999 -9999 -9999 -9999 -9999 -9999 -9999 -9999 -9999 -9999 -9999 -9999 -9999 -9999
-9999 -9999 -9999 -9999 -9999 -9999 -9999 -9999 -9999 -9999 -9999 -9999 -9999 -9999 -9999 -9999 -9999 -9999 -9999 -9999 -9999 -9999 -9999 -9999 -9999 -9999 -9999 -9999 -9999 -9999 -9999 -9999 -9999 -9999 -9999 -9999 -9999 -9999 -9999 -9999 -9999 -9999 -9999 -9999 -9999 -9999 -9999 -9999 -9999 -9999 -9999 -9999 -9999 -9999 -9999 -9999 -9999 -9999 -9999 -9999 -9999 -9999 -9999 -9999 -9999 -9999 -9999 -9999 -9999 -9999 -9999
-9999 -9999 -9999 -9999 -9999 -9999 -9999 -9999 -9999 -9999 -9999 -9999 -9999 -9999 -9999 -9999 -9999 -9999 -9999 -9999 -9999 -9999 -9999 -9999 -9999 -9999 -9999 -9999 -9999 -9999 -9999 -9999 -9999 -9999 -9999 -9999 -9999 -9999 -9999 -9999 -9999 -9999 -9999 -9999 -9999 -9999 -9999 -9999 -9999 -9999 -9999 -9999 -9999 -9999 -9999 -9999 -9999 -9999 -9999 -9999 -9999 -9999 -9999 -9999 -9999 -9999 -9999 -9999 -9999 -9999 -9999
-9999 -9999 -9999 -9999 -9999 -9999 -9999 -9999 -9999 -9999 -9999 -9999 -9999 -9999 -9999 -9999 -9999 -9999 -9999 -9999 -9999 -9999 -9999 -9999 -9999 -9999 -9999 -9999 -9999 -9999 -9999 -9999 -9999 -9999 -9999 -9999 -9999 -9999 -9999 -9999 -9999 -9999 -9999 -9999 -9999 -9999 -9999 -9999 -9999 -9999 -9999 -9999 -9999 -9999 -9999 -9999 -9999 -9999 -9999 -9999 -9999 -9999 -9999 -9999 -9999 -9999 -9999 -9999 -9999 -9999 -9999
-9999 -9999 -9999 -9999 -9999 -9999 -9999 -9999 -9999 -9999 -9999 -9999 -9999 -9999 -9999 -9999 -9999 -9999 -9999 -9999 -9999 -9999 -9999 -9999 -9999 -9999 -9999 -9999 -9999 -9999 -9999 -9999 -9999 -9999 -9999 -9999 -9999 -9999 -9999 -9999 -9999 -9999 -9999 -9999 -9999 -9999 -9999 -9999 -9999 -9999 -9999 -9999 -9999 -9999 -9999 -9999 -9999 -9999 -9999 -9999 -9999 -9999 -9999 -9999 -9999 -9999 -9999 -9999 -9999 -9999 -9999
-9999 -9999 -9999 -9999 -9999 -9999 -9999 -9999 -9999 -9999 -9999 -9999 -9999 -9999 -9999 -9999 -9999 -9999 -9999 -9999 -9999 -9999 -9999 -9999 -9999 -9999 -9999 -9999 -9999 -9999 -9999 -9999 -9999 -9999 -9999 -9999 -9999 -9999 -9999 -9999 -9999 -9999 -9999 -9999 -9999 -9999 -9999 -9999 -9999 -9999 -9999 -9999 -9999 -9999 -9999 -9999 -9999 -9999 -9999 -9999 -9999 -9999 -9999 -9999 -9999 -9999 -9999 -9999 -9999 -9999 -9999
-9999 -9999 -9999 -9999 -9999 -9999 -9999 -9999 -9999 -9999 -9999 -9999 -9999 -9999 -9999 -9999 -9999 -9999 -9999 -9999 -9999 -9999 -9999 -9999 -9999 -9999 -9999 -9999 -9999 -9999 -9999 -9999 -9999 -9999 -9999 -9999 -9999 -9999 -9999 -9999 -9999 -9999 -9999 -9999 -9999 -9999 -9999 -9999 -9999 -9999 -9999 -9999 -9999 -9999 -9999 -9999 -9999 -9999 -9999 -9999 -9999 -9999 -9999 -9999 -9999 -9999 -9999 -9999 -9999 -9999 -9999
-9999 -9999 -9999 -9999 -9999 -9999 -9999 -9999 -9999 -9999 -9999 -9999 -9999 -9999 -9999 -9999 -9999 -9999 -9999 -9999 -9999 -9999 -9999 -9999 -9999 -9999 -9999 -9999 -9999 -9999 -9999 -9999 -9999 -9999 -9999 -9999 -9999 -9999 -9999 -9999 -9999 -9999 -9999 -9999 -9999 -9999 -9999 -9999 -9999 -9999 -9999 -9999 -9999 -9999 -9999 -9999 -9999 -9999 -9999 -9999 -9999 -9999 -9999 -9999 -9999 -9999 -9999 -9999 -9999 -9999 -9999
-9999 -9999 -9999 -9999 -9999 -9999 -9999 -9999 -9999 -9999 -9999 -9999 -9999 -9999 -9999 -9999 -9999 -9999 -9999 -9999 -9999 -9999 -9999 -9999 -9999 -9999 -9999 -9999 -9999 -9999 -9999 -9999 -9999 -9999 -9999 -9999 -9999 -9999 -9999 -9999 -9999 -9999 -9999 -9999 -9999 -9999 -9999 -9999 -9999 -9999 -9999 -9999 -9999 -9999 -9999 -9999 -9999 -9999 -9999 -9999 -9999 -9999 -9999 -9999 -9999 -9999 -9999 -9999 -9999 -9999 -9999
-9999 -9999 -9999 -9999 -9999 -9999 -9999 -9999 -9999 -9999 -9999 -9999 -9999 -9999 -9999 -9999 -9999 -9999 -9999 -9999 -9999 -9999 -9999 -9999 -9999 -9999 -9999 -9999 -9999 -9999 -9999 -9999 -9999 -9999 -9999 -9999 -9999 -9999 -9999 -9999 -9999 -9999 -9999 -9999 -9999 -9999 -9999 -9999 -9999 -9999 -9999 -9999 -9999 -9999 -9999 -9999 -9999 -9999 -9999 -9999 -9999 -9999 -9999 -9999 -9999 -9999 -9999 -9999 -9999 -9999 -9999
-9999 -9999 -9999 -9999 -9999 -9999 -9999 -9999 -9999 -9999 -9999 -9999 -9999 -9999 -9999 -9999 -9999 -9999 -9999 -9999 -9999 -9999 -9999 -9999 -9999 -9999 -9999 -9999 -9999 -9999 -9999 -9999 -9999 -9999 -9999 -9999 -9999 -9999 -9999 -9999 -9999 -9999 -9999 -9999 -9999 -9999 -9999 -9999 -9999 -9999 -9999 -9999 -9999 -9999 -9999 -9999 -9999 -9999 -9999 -9999 -9999 -9999 -9999 -9999 -9999 -9999 -9999 -9999 -9999 -9999 -9999
65.29570 65.35030 65.12710 65.03510 64.54930 64.48630 -9999 -9999 -9999 -9999 -9999 -9999 -9999 -9999 -9999 -9999 -9999 -9999 -9999 -9999 -9999 -9999 -9999 -9999 -9999 -9999 -9999 -9999 -9999 -9999 -9999 -9999 -9999 -9999 -9999 -9999 -9999 -9999 -9999 -9999 -9999 -9999 -9999 -9999 -9999 -9999 -9999 69.74720 -9999 -9999 -9999 -9999 -9999 -9999 -9999 -9999 -9999 -9999 -9999 -9999 -9999 -9999 -9999 -9999 -9999 -9999 -9999 -9999 -9999 -9999 -9999
64.94440 64.96680 65.12770 64.77050 64.82650 64.51570 63.43510 62.90330 62.20670 61.57190 61.50690 61.15270 61.78150 63.41070 62.99300 62.62680 63.05890 62.76240 64.43040 -9999 -9999 -9999 -9999 -9999 -9999 -9999 -9999 -9999 -9999 -9999 -9999 -9999 -9999 -9999 -9999 -9999 -9999 -9999 -9999 -9999 -9999 -9999 63.81270 64.89720 64.65320 64.55820 66.05930 67.34520 70.64470 -9999 -9999 -9999 71.54240 -9999 -9999 -9999 69.92070 69.78620 68.61560 -9999 -9999 -9999 -9999 -9999 -9999 -9999 -9999 -9999 -9999 -9999 -9999
64.02060 63.70290 63.88070 63.57930 63.57850 63.30590 60.59990 61.70420 61.14730 60.76370 60.44430 58.83230 60.19610 59.76740 57.97530 58.99550 59.51560 59.18610 59.25490 59.19410 59.52390 58.54450 59.66410 61.69270 63.37390 -9999 -9999 -9999 -9999 -9999 66.15360 66.08720 66.18140 66.22110 66.53270 67.36650 67.94990 67.92890 67.39190 67.71320 67.24760 67.20080 62.59640 62.91070 62.79720 63.27940 65.02590 65.61810 69.88630 70.11760 69.61960 70.02480 70.50570 71.07370 70.71800 69.73830 69.27140 67.92840 66.03780 65.68170 66.22290 66.39060 66.28320 66.10680 -9999 -9999 -9999 -9999 -9999 -9999 -9999
63.01940 62.76670 62.66930 61.29310 61.35690 59.71640 59.80970 59.02420 59.06710 59.27630 58.39160 59.10730 59.88470 59.13240 58.72390 58.97500 59.29840 59.61650 59.39460 59.77150 59.49900 57.93850 59.27660 59.05840 60.54490 61.29610 63.51010 64.46730 65.21570 65.58340 65.66570 65.95650 65.11060 65.37290 64.77620 64.92350 65.61590 66.26330 66.45900 67.02430 66.40600 66.98360 65.32060 65.89710 66.24540 66.64900 68.07020 68.82850 68.98200 69.70420 68.63500 69.07290 69.44290 69.33340 69.35240 69.49610 68.76760 68.39300 68.00700 67.67180 67.14480 66.52630 65.56870 64.27030 64.26810 64.12390 65.52440 65.25980 65.55870 66.61600 67.12900
57.98290 57.44520 58.16260 57.77630 58.28710 58.78200 58.93570 59.18630 59.26980 58.89360 59.45640 59.73380 60.09560 60.27130 60.35550 60.22210 60.44580 60.38440 58.64110 58.46270 58.69400 58.82300 61.91340 61.68120 60.49860 60.42950 60.15970 60.85580 61.46540 62.45070 63.99480 64.96560 64.87940 64.34340 63.22050 63.12380 64.21850 65.10160 65.76410 66.04590 66.07290 66.42990 64.84140 65.48780 66.11080 66.40850 67.80560 68.25250 68.86900 68.90570 68.11050 68.54640 68.91130 68.78760 68.79990 68.53550 68.20010 67.80930 67.39100 67.06530 66.69080 66.12550 64.61260 64.27400 64.50990 64.46000 64.81640 64.89510 65.65920 66.32910 67.39480
61.30760 60.99100 59.20850 57.68070 57.82280 58.11890 58.73660 58.11910 58.48860 59.34730 59.50290 59.45010 59.17290 59.78030 61.04940 58.98330 59.79710 59.11740 58.65300 58.53850 59.33220 61.40890 62.07530 62.24790 60.99760 60.30970 60.99380 58.50200 58.52710 59.51480 62.56210 64.57100 64.65420 64.27080 63.20870 63.58840 64.20370 64.79880 65.61200 65.89670 66.05360 66.27180 66.38250 66.75380 67.53040 67.27870 67.96030 68.67780 68.68960 69.14110 69.09750 69.14600 69.24320 69.38000 69.83420 69.53140 69.17590 68.97410 68.44040 68.15990 67.31130 66.75310 65.40500 65.48850 65.16060 64.85620 64.95440 65.21220 65.67460 66.28060 67.57330
61.46940 61.49970 60.37340 59.98850 60.16790 60.33030 60.82730 60.00760 61.54040 61.94670 61.87500 61.83460 62.46620 62.94180 62.30500 61.23670 60.64830 61.27330 62.59880 62.22830 60.68590 60.88540 59.86600 60.23900 58.33540 59.61470 60.88220 61.47400 60.99710 59.27540 62.27670 63.27420 64.25190 63.93820 63.39960 63.34350 63.84510 64.53510 65.07390 65.43850 65.58930 66.15750 65.93210 66.00870 67.02320 67.38690 67.55740 67.93000 68.16590 68.61360 68.54970 68.69740 68.74120 68.78760 69.22740 68.59950 68.74690 68.42540 67.86470 67.21690 66.44900 66.45290 65.68410 65.54280 64.72540 64.74010 64.79870 65.44070 65.40800 66.43260 67.25010
61.50010 60.45940 60.00990 60.50320 60.89430 61.54700 61.74610 62.11630 62.31650 62.45470 62.86940 63.00260 62.85140 62.52780 62.51480 61.79050 61.39520 61.14030 61.09390 59.72630 56.63340 56.13710 56.90580 56.69160 56.58190 58.32550 59.33060 60.08520 59.61680 58.91840 59.58790 62.18290 63.30390 63.24650 62.90240 62.76510 63.34400 63.83600 64.42990 65.07630 65.33870 65.83110 65.75430 66.01610 66.42640 67.12610 67.15110 67.52670 67.70320 67.87540 67.49650 68.21680 68.14110 68.20710 68.44900 68.49590 68.26890 67.86580 67.12190 67.39340 66.43780 66.49090 65.89730 65.00690 64.91280 64.63840 64.42840 64.34510 64.31310 64.95410 65.96750
60.97510 60.15850 60.33430 60.64420 61.07970 60.68380 61.32380 61.57680 61.84550 62.52310 63.07620 62.91210 63.20940 63.15660 62.54070 62.47140 61.36350 60.74110 61.45860 60.64270 55.26610 55.01710 54.65580 54.13770 55.26400 57.79810 58.27670 58.91640 58.28990 58.52830 58.06740 60.01370 61.53120 62.18390 62.15890 62.36060 62.95290 63.16750 64.21560 64.54920 64.48110 64.99970 65.22130 65.83620 66.18130 66.57150 66.97630 67.34480 67.57940 67.69580 67.30040 67.71820 67.87680 67.86250 68.14600 68.17900 67.90490 67.33110 66.75140 66.51260 65.87380 65.33100 65.10300 64.72410 64.36590 64.08950 63.63770 63.24960 63.91240 64.34280 65.18530
59.61640 59.21710 59.04500 59.24200 59.61480 59.95330 60.28580 60.99320 61.12880 62.26190 59.85610 60.86820 62.55640 62.26540 62.13630 61.82910 60.57320 59.71920 59.16260 59.07660 54.07040 53.85180 52.70250 52.62000 52.47020 55.41670 55.52150 56.04410 56.95410 57.72030 58.31490 59.63450 59.96630 59.85600 60.15160 60.52610 60.99170 60.88830 62.01710 62.32140 62.65130 64.28550 64.89370 65.42100 66.13930 66.28270 66.90460 66.70810 67.08920 67.42110 66.66070 66.99110 67.25660 67.27660 67.08950 66.84110 66.68720 66.09560 65.75520 65.51470 65.40610 64.79060 63.56060 63.61270 63.59350 63.37890 62.88110 63.36680 63.43980 64.21080 65.01320
60.05750 59.78400 59.09680 59.10290 59.58400 59.46150 60.13010 61.14840 61.28520 58.12480 57.40720 57.58570 60.02040 57.90540 56.89240 56.46050 59.84190 59.36170 58.79950 58.53270 53.10610 52.64160 51.95420 51.93520 51.58720 51.64880 52.65950 52.99240 53.60490 54.63360 56.11430 57.54080 58.10680 57.55480 57.49140 57.22880 57.26510 58.12750 59.60530 60.19870 59.56910 60.35890 62.47330 63.50840 64.32520 64.72170 66.36570 67.01440 67.10810 66.75920 66.85760 66.71960 66.46350 66.72090 66.62580 66.61810 65.95060 65.59620 65.03120 64.44590 64.02700 64.04590 63.09130 62.47270 62.21600 62.27160 62.56300 62.44110 62.84320 62.93960 63.74990
60.22740 59.83960 59.54530 59.29100 59.18780 58.98710 59.46060 60.75370 61.95800 62.31850 59.41130 57.80110 59.06370 58.15340 57.55940 56.92000 55.57550 55.38890 53.13900 57.72950 57.37150 51.51670 50.36800 49.45150 49.23320 49.42370 49.39370 49.71550 49.93240 51.08920 50.90330 51.62580 52.69500 52.64940 52.64760 53.64430 54.60500 54.69950 56.38700 57.20520 57.39820 58.18930 59.83920 60.21670 60.42790 61.85030 62.88360 63.97860 65.67760 66.65510 66.16020 66.42230 66.74590 66.11910 66.07820 66.08000 65.73820 65.13680 64.57480 64.05870 63.55630 62.64330 62.19430 61.28190 61.74600 61.70870 61.74650 62.14240 62.19350 61.93910 63.04440
59.61370 59.31390 59.09200 58.95760 58.65700 58.78640 59.49710 60.79890 61.31510 63.02410 64.38670 64.28640 61.90390 58.25330 55.28830 54.72570 54.49660 54.57410 52.97450 53.70570 53.27470 54.75430 50.15370 52.00200 49.16730 48.13670 47.99420 48.06140 49.31530 52.01710 53.17260 54.15350 53.02880 53.98990 52.67370 53.87510 55.85930 55.39940 56.70640 57.55690 57.47400 57.89020 59.89440 60.04340 60.79870 61.16560 62.18700 63.53930 64.53000 65.22530 65.18530 65.57120 66.11150 65.53840 65.15210 65.12770 64.81360 64.17890 64.01440 63.53340 62.84970 62.01730 61.29670 60.95130 61.14900 60.91710 61.05160 61.32080 61.13280 61.14350 61.89770
59.19280 58.88600 58.28460 57.95000 58.04470 57.54590 57.67910 57.35070 55.94530 60.35270 63.53490 62.76680 62.33430 60.93980 59.88040 59.02960 57.83750 56.49420 55.39080 50.45910 53.10760 51.85810 51.82380 52.28940 51.75050 51.21130 51.75540 51.36840 52.30840 53.82550 55.76260 55.03810 55.37170 56.06980 56.70960 57.22690 55.77360 56.42650 57.54410 58.03140 59.01240 59.79780 60.21720 60.41170 60.52190 61.90480 61.79080 62.05930 63.12170 63.92130 64.03770 64.80450 65.01580 65.63480 65.51620 64.83930 64.30390 63.72800 63.22510 62.76770 62.17000 61.27260 61.18690 60.57930 60.89770 60.75710 60.50500 60.49080 60.85830 60.95140 61.19200
57.54630 57.66130 58.74850 58.27070 58.73620 58.81360 59.47180 59.66480 59.24970 59.75340 61.11610 58.43120 59.49470 59.57940 59.15610 58.62160 57.19390 56.15410 57.62790 55.81010 54.21870 53.56120 52.65050 52.09910 50.31900 50.35700 50.38120 50.94080 52.10880 53.72420 54.49720 54.58570 54.45400 55.56590 54.20440 55.02720 56.48340 57.06170 57.42090 57.92120 59.03920 59.15530 59.60890 60.66210 60.81330 61.29740 60.85990 61.02320 62.13780 62.84220 62.66340 63.33060 63.63370 63.94240 64.74950 64.20090 63.59670 63.05510 62.64510 62.22310 61.31620 60.69430 60.96890 60.26730 60.24840 59.75370 59.53270 59.79850 59.82810 60.49370 60.67110
60.00520 61.93860 61.14770 60.30980 59.51130 59.50660 59.18890 59.30690 59.07720 59.41130 59.94770 60.14690 60.35940 59.48450 59.33710 58.24460 57.12270 55.85870 58.40780 57.61060 56.01000 54.01350 51.87510 50.47480 46.30980 44.16860 48.88460 49.67830 51.14190 53.37230 55.82420 55.30210 55.08070 53.21050 52.70130 55.40680 56.57670 56.37600 57.54490 58.78330 58.98250 59.44920 59.02890 60.04280 60.52610 60.54300 60.48810 60.17190 60.69010 60.46310 60.97890 61.34290 62.48040 63.12890 63.41620 63.65970 62.51440 61.97980 62.08690 61.91890 61.18540 60.59890 60.24650 59.74170 59.25390 58.82650 59.01620 59.06540 59.42090 60.07890 60.42250
64.21040 63.46160 62.73320 61.49710 59.94840 59.43620 58.39170 58.49860 58.93130 59.56210 59.22350 59.22710 59.61260 57.46520 57.43750 57.64940 56.75750 55.31520 55.95570 55.38190 55.96500 55.47600 53.95510 50.74010 48.52070 47.30470 47.74540 48.15490 51.23220 53.80840 55.02250 54.99800 55.52140 52.16550 53.67670 54.69970 56.98420 56.76000 58.75240 59.24850 59.68100 59.98660 59.63070 59.20730 60.21800 60.57560 60.60530 60.31730 60.05460 60.10350 60.24220 60.69570 61.15040 61.81840 61.69400 61.89630 61.62930 61.24270 61.25900 61.15740 60.39840 59.56180 58.74240 58.59640 57.83080 57.61060 57.99870 58.07100 58.79240 59.62830 60.32390
65.06360 64.84010 64.39500 63.47320 61.54360 59.49670 59.90410 59.57280 59.66280 59.57950 59.22860 59.02710 59.61990 59.43370 57.32460 54.93970 54.65470 55.79790 54.95730 55.16920 54.12150 53.26730 52.25960 49.85550 47.76390 47.75330 48.93260 50.70490 51.84460 53.82680 54.72540 54.61310 55.74130 54.11150 54.89580 55.28760 56.35490 56.97460 58.23580 58.92300 58.89110 58.97650 59.11370 58.98980 59.79890 60.91120 60.39620 60.25340 60.29230 60.96230 60.77940 60.43400 60.14940 60.36660 59.58880 59.94030 60.63050 60.68700 61.19550 61.08810 61.23830 60.37340 58.94230 58.50680 57.59110 57.29440 56.97950 57.10130 57.63040 58.87380 60.11000
67.89620 -9999 67.26070 64.83090 64.34560 62.96300 -9999 60.99340 62.33500 61.96450 61.60580 61.61780 61.03970 61.51760 61.08780 61.04390 60.79160 58.19950 55.26250 53.08720 52.25780 50.57500 52.50890 51.93010 50.76110 50.58570 51.16340 52.30440 54.56230 56.48670 57.61380 58.33470 56.54960 56.27450 56.57700 56.89290 57.45340 56.92460 57.54040 58.30590 58.86230 58.57940 58.48940 58.94990 58.48260 58.86880 59.42960 59.70860 60.10640 60.37520 60.50510 60.26090 59.79390 60.03610 58.68570 58.84480 60.14510 60.42640 60.91140 60.91310 60.32340 59.82720 58.83320 58.10400 57.19690 56.53020 55.71590 55.43090 55.95910 57.71450 57.13020
