data/hydroclimate-scenarios/BCSD_hadcm_A1B/monthly_summaries/rh_monthly_avg_sep.2030-2059.asc
ncols	311
nrows	91
xllcenter	102.75
yllcenter	31.75
cellsize	0.5
NODATA_value	-9999
[rows 0 to 31 of 91, columns 0 to 70 of 311]
-9999 -9999 -9999 -9999 -9999 -9999 -9999 -9999 -9999 -9999 -9999 -9999 -9999 -9999 -9999 -9999 -9999 -9999 -9999 -9999 -9999 -9999 -9999 -9999 -9999 -9999 -9999 -9999 -9999 -9999 -9999 -9999 -9999 -9999 -9999 -9999 -9999 -9999 -9999 -9999 -9999 -9999 -9999 -9999 -9999 -9999 -9999 -9999 -9999 -9999 -9999 -9999 -9999 -9999 -9999 -9999 -9999 -9999 -9999 -9999 -9999 -9999 -9999 -9999 -9999 -9999 -9999 -9999 -9999 -9999 -9999
-9999 -9999 -9999 -9999 -9999 -9999 -9999 -9999 -9999 -9999 -9999 -9999 -9999 -9999 -9999 -9999 -9999 -9999 -9999 -9999 -9999 -9999 -9999 -9999 -9999 -9999 -9999 -9999 -9999 -9999 -9999 -9999 -9999 -9999 -9999 -9999 -9999 -9999 -9999 -9999 -9999 -9999 -9999 -9999 -9999 -9999 -9999 -9999 -9999 -9999 -9999 -9999 -9999 -9999 -9999 -9999 -9999 -9999 -9999 -9999 -9999 -9999 -9999 -9999 -9999 -9999 -9999 -9999 -9999 -9999 -9999
-9999 -9999 -9999 -9999 -9999 -9999 -9999 -9999 -9999 -9999 -9999 -9999 -9999 -9999 -9999 -9999 -9999 -9999 -9999 -9999 -9999 -9999 -9999 -9999 -9999 -9999 -9999 -9999 -9999 -9999 -9999 -9999 -9999 -9999 -9999 -9999 -9999 -9999 -9999 -9999 -9999 -9999 -9999 -9999 -9999 -9999 -9999 -9999 -9999 -9999 -9999 -9999 -9999 -9999 -9999 -9999 -9999 -9999 -9999 -9999 -9999 -9999 -9999 -9999 -9999 -9999 -9999 -9999 -9999 -9999 -9999
-9999 -9999 -9999 -9999 -9999 -9999 -9999 -9999 -9999 -9999 -9999 -9999 -9999 -9999 -9999 -9999 -9999 -9999 -9999 -9999 -9999 -9999 -9999 -9999 -9999 -9999 -9999 -9999 -9999 -9999 -9999 -9999 -9999 -9999 -9999 -9999 -9999 -9999 -9999 -9999 -9999 -9999 -9999 -9999 -9999 -9999 -9999 -9999 -9999 -9999 -9999 -9999 -9999 -9999 -9999 -9999 -9999 -9999 -9999 -9999 -9999 -9999 -9999 -9999 -9999 -9999 -9999 -9999 -9999 -9999 -9999
-9999 -9999 -9999 -9999 -9999 -9999 -9999 -9999 -9999 -9999 -9999 -9999 -9999 -9999 -9999 -9999 -9999 -9999 -9999 -9999 -9999 -9999 -9999 -9999 -9999 -9999 -9999 -9999 -9999 -9999 -9999 -9999 -9999 -9999 -9999 -9999 -9999 -9999 -9999 -9999 -9999 -9999 -9999 -9999 -9999 -9999 -9999 -9999 -9999 -9999 -9999 -9999 -9999 -9999 -9999 -9999 -9999 -9999 -9999 -9999 -9999 -9999 -9999 -9999 -9999 -9999 -9999 -9999 -9999 -9999 -9999
-9999 -9999 -9999 -9999 -9999 -9999 -9999 -9999 -9999 -9999 -9999 -9999 -9999 -9999 -9999 -9999 -9999 -9999 -9999 -9999 -9999 -9999 -9999 -9999 -9999 -9999 -9999 -9999 -9999 -9999 -9999 -9999 -9999 -9999 -9999 -9999 -9999 -9999 -9999 -9999 -9999 -9999 -9999 -9999 -9999 -9999 -9999 -9999 -9999 -9999 -9999 -9999 -9999 -9999 -9999 -9999 -9999 -9999 -9999 -9999 -9999 -9999 -9999 -9999 -9999 -9999 -9999 -9999 -9999 -9999 -9999
-9999 -9999 -9999 -9999 -9999 -9999 -9999 -9999 -9999 -9999 -9999 -9999 -9999 -9999 -9999 -9999 -9999 -9999 -9999 -9999 -9999 -9999 -9999 -9999 -9999 -9999 -9999 -9999 -9999 -9999 -9999 -9999 -9999 -9999 -9999 -9999 -9999 -9999 -9999 -9999 -9999 -9999 -9999 -9999 -9999 -9999 -9999 -9999 -9999 -9999 -9999 -9999 -9999 -9999 -9999 -9999 -9999 -9999 -9999 -9999 -9999 -9999 -9999 -9999 -9999 -9999 -9999 -9999 -9999 -9999 -9999
-9999 -9999 -9999 -9999 -9999 -9999 -9999 -9999 -9999 -9999 -9999 -9999 -9999 -9999 -9999 -9999 -9999 -9999 -9999 -9999 -9999 -9999 -9999 -9999 -9999 -9999 -9999 -9999 -9999 -9999 -9999 -9999 -9999 -9999 -9999 -9999 -9999 -9999 -9999 -9999 -9999 -9999 74.85000 74.66200 74.39530 74.19550 74.00880 73.53360 73.35310 73.18340 72.88730 72.31190 -9999 -9999 -9999 -9999 -9999 -9999 -9999 -9999 -9999 -9999 -9999 -9999 -9999 -9999 -9999 -9999 -9999 -9999 -9999
-9999 -9999 -9999 -9999 -9999 -9999 -9999 -9999 -9999 -9999 -9999 -9999 -9999 -9999 -9999 -9999 -9999 -9999 -9999 -9999 -9999 -9999 -9999 -9999 -9999 -9999 -9999 -9999 -9999 -9999 -9999 -9999 -9999 -9999 -9999 -9999 -9999 -9999 74.63710 74.04070 74.36700 74.17780 74.21390 74.00010 73.80330 73.78440 73.44500 73.18500 73.15960 72.32170 72.49000 72.21480 71.80010 70.69100 -9999 -9999 -9999 -9999 -9999 -9999 -9999 -9999 -9999 -9999 -9999 -9999 -9999 -9999 -9999 -9999 -9999
-9999 -9999 -9999 -9999 -9999 -9999 -9999 -9999 -9999 -9999 -9999 -9999 -9999 -9999 -9999 -9999 -9999 -9999 -9999 -9999 -9999 -9999 -9999 -9999 -9999 -9999 -9999 -9999 -9999 -9999 -9999 -9999 -9999 -9999 -9999 -9999 -9999 -9999 -9999 -9999 74.03000 73.79890 73.51340 73.26290 73.04060 73.00140 72.84880 72.93400 72.70930 72.34640 72.02330 71.70660 71.67230 70.54680 -9999 -9999 -9999 -9999 -9999 -9999 -9999 -9999 -9999 -9999 -9999 -9999 -9999 -9999 -9999 -9999 -9999
-9999 -9999 -9999 -9999 -9999 -9999 -9999 -9999 -9999 -9999 -9999 -9999 -9999 -9999 -9999 -9999 -9999 -9999 -9999 -9999 -9999 -9999 -9999 -9999 -9999 -9999 -9999 -9999 -9999 -9999 -9999 -9999 -9999 -9999 -9999 -9999 -9999 -9999 -9999 -9999 -9999 -9999 -9999 -9999 72.66580 72.44840 71.79340 71.78780 71.65440 72.19250 71.66130 71.43690 71.30960 70.65850 -9999 -9999 -9999 -9999 -9999 -9999 68.78450 -9999 -9999 -9999 -9999 -9999 -9999 -9999 -9999 -9999 -9999
-9999 -9999 -9999 -9999 -9999 -9999 -9999 -9999 -9999 -9999 -9999 -9999 -9999 -9999 -9999 -9999 -9999 -9999 -9999 -9999 -9999 -9999 -9999 -9999 -9999 -9999 -9999 -9999 -9999 -9999 -9999 -9999 -9999 -9999 -9999 -9999 -9999 -9999 -9999 -9999 -9999 72.81960 72.65380 71.90630 71.73360 72.20520 71.65560 71.54690 71.48050 71.70550 70.98350 70.92070 70.95310 70.87760 -9999 -9999 -9999 -9999 -9999 68.49200 68.36700 68.08890 68.11400 68.07790 68.08870 67.97440 67.91840 67.86390 68.07790 68.06050 68.36040
-9999 -9999 -9999 -9999 -9999 -9999 -9999 -9999 -9999 -9999 -9999 -9999 -9999 -9999 -9999 -9999 -9999 -9999 -9999 -9999 -9999 -9999 -9999 -9999 -9999 -9999 -9999 -9999 -9999 -9999 -9999 -9999 -9999 -9999 -9999 -9999 -9999 -9999 -9999 -9999 -9999 72.56330 72.46640 71.95280 72.10200 71.98150 71.80910 71.82810 71.58750 71.46130 70.82280 70.10130 69.69210 69.98790 69.95460 69.36770 69.40190 -9999 68.55520 67.90610 67.75340 67.52280 67.20710 67.02550 67.04980 67.15410 67.09760 67.18960 67.43370 67.61070 67.85700
-9999 -9999 -9999 -9999 -9999 -9999 -9999 -9999 -9999 -9999 -9999 -9999 -9999 -9999 -9999 -9999 -9999 -9999 -9999 -9999 -9999 -9999 -9999 -9999 -9999 -9999 -9999 -9999 -9999 -9999 -9999 -9999 -9999 -9999 -9999 72.35160 72.73480 72.41360 72.50300 72.89320 72.73280 72.68740 72.77100 71.91730 71.82280 71.74130 71.59500 71.62010 71.38230 70.87670 69.89860 69.46920 68.56000 68.77800 68.19790 67.53230 68.25030 68.04320 68.26180 67.67840 67.26370 66.76950 66.70000 65.84760 65.91190 66.61950 66.61320 66.71480 67.00100 67.08350 67.15930
-9999 -9999 -9999 -9999 -9999 -9999 -9999 -9999 -9999 -9999 -9999 -9999 -9999 -9999 -9999 -9999 -9999 -9999 -9999 -9999 -9999 -9999 -9999 -9999 -9999 -9999 -9999 -9999 -9999 -9999 -9999 -9999 -9999 -9999 71.73060 71.52250 71.64300 71.72100 71.93040 72.71760 73.11950 72.82510 72.92160 72.71030 72.57810 72.22540 72.05100 71.68440 71.08320 69.94380 69.45420 68.67280 67.73380 67.05900 66.93630 67.56160 68.10730 67.86140 68.12690 67.23430 66.59200 65.75870 65.66320 65.28060 65.66340 65.92540 65.82100 66.10950 65.62810 65.93710 65.83030
-9999 -9999 -9999 -9999 -9999 -9999 -9999 -9999 -9999 -9999 -9999 -9999 -9999 -9999 -9999 -9999 -9999 -9999 -9999 -9999 -9999 -9999 -9999 -9999 -9999 -9999 -9999 -9999 -9999 -9999 -9999 -9999 -9999 71.11380 71.14190 71.26400 71.17290 71.59240 71.70310 72.73440 72.87860 72.83120 72.68130 72.48420 72.55330 71.75740 71.49840 71.10420 69.90970 68.94840 68.06380 66.90820 63.58560 66.35170 66.77720 67.04340 66.88720 67.52120 67.17370 66.21540 65.55140 65.69950 65.30310 65.84070 65.55320 65.50160 65.14630 65.36170 65.39620 65.84160 65.73800
-9999 -9999 -9999 -9999 -9999 -9999 -9999 -9999 -9999 -9999 -9999 -9999 -9999 -9999 -9999 -9999 -9999 -9999 -9999 -9999 -9999 -9999 -9999 -9999 -9999 -9999 -9999 -9999 -9999 -9999 -9999 70.97790 70.97310 71.04590 71.08920 71.17980 71.27010 71.43520 71.80230 72.73970 72.58190 72.68620 72.55410 72.31320 72.21350 71.98070 71.56160 71.30040 70.32100 69.14470 67.81420 66.48590 62.70180 65.22890 66.16360 66.53590 67.14610 67.03760 65.91330 65.40480 65.43450 65.07980 64.84180 65.23690 64.98590 64.72560 64.91050 65.32710 65.61960 65.11700 64.67160
-9999 -9999 -9999 -9999 -9999 -9999 -9999 -9999 -9999 -9999 -9999 -9999 -9999 -9999 -9999 -9999 -9999 -9999 -9999 -9999 -9999 -9999 -9999 -9999 -9999 -9999 -9999 -9999 -9999 70.89010 70.64250 70.53020 70.35770 70.63180 70.70890 70.93470 71.07950 71.47870 71.61520 72.23840 72.58500 72.47230 72.28960 72.36070 71.95420 71.41970 70.95730 70.33800 68.74230 67.96590 66.96560 64.27140 62.49370 65.31780 64.89660 65.79860 66.57520 66.16070 65.90100 65.61340 64.91230 64.36240 64.17960 64.23320 64.52810 64.49270 64.12470 64.15780 64.16670 64.64000 64.97930
-9999 -9999 -9999 -9999 -9999 -9999 -9999 -9999 -9999 -9999 -9999 -9999 -9999 -9999 -9999 -9999 -9999 -9999 -9999 -9999 -9999 -9999 -9999 -9999 71.30900 71.28710 71.32710 71.23570 71.00210 70.72070 70.72600 70.62020 70.62020 70.72470 70.74440 70.99750 71.06840 71.48390 71.50690 72.17610 72.49140 72.64910 72.49510 72.17310 71.71620 71.20050 70.99350 70.08960 68.69270 67.81780 67.16970 65.23220 64.96690 65.75610 66.08990 66.39280 66.60000 66.06210 65.69500 65.12190 64.98620 64.51540 64.52660 64.30370 64.38290 64.38510 64.79110 65.30810 65.11490 65.06670 63.21950
-9999 -9999 -9999 -9999 -9999 -9999 69.28040 69.33650 69.72280 69.41520 69.86550 -9999 -9999 -9999 -9999 -9999 -9999 -9999 -9999 -9999 -9999 71.44610 70.70310 70.63240 70.59390 70.78050 70.49670 70.28100 70.46500 70.09200 70.29310 70.19070 70.24200 70.29060 70.34030 70.50620 70.56710 71.00440 71.33420 71.94000 72.23350 72.66430 72.19980 71.86720 71.45770 70.93840 70.57520 69.87310 68.36250 67.53830 66.45300 65.35840 64.56870 65.27600 66.40380 66.45220 66.18220 65.97810 65.74160 65.41520 64.96640 64.49190 64.03270 63.84730 63.86770 64.57570 64.90170 65.20980 65.17880 65.38870 64.96850
-9999 -9999 -9999 -9999 -9999 68.72210 68.68080 68.45920 68.94530 68.91600 69.20580 68.88630 69.19730 69.15890 -9999 -9999 -9999 69.84790 69.82380 70.05680 70.23760 69.96250 69.97360 69.99460 70.19610 70.24850 70.31320 69.91050 70.22830 70.27100 70.49060 70.40490 70.45310 70.43670 70.59300 70.45750 70.74860 70.94250 71.01810 71.84610 71.98360 72.43740 72.22550 71.70180 71.29770 70.74750 70.05890 69.15830 68.17620 67.16520 66.57390 65.58720 65.48760 66.13180 66.11380 65.85050 65.63590 65.99640 66.06160 65.29650 65.13340 64.26740 64.10570 64.09180 63.68480 62.80960 63.25990 63.70420 64.18510 64.33000 64.39420
-9999 68.34160 68.36850 68.36880 68.25180 68.24810 68.21800 68.31630 68.12130 68.41830 68.38130 68.22960 68.21720 68.48360 68.90080 69.12360 69.71480 69.11550 69.42750 69.69360 69.88830 69.84360 69.84780 69.92990 69.93380 69.66670 69.88660 69.58620 69.85540 69.82480 69.75990 69.76210 70.01740 69.93300 69.98830 70.24480 70.30110 70.27380 70.84810 71.36010 71.44330 71.67570 71.79820 71.32290 71.04690 70.55180 69.88470 69.34490 68.53950 67.64290 66.62860 65.44540 65.36530 64.74440 64.73000 64.91830 65.45060 66.09090 65.68030 65.16070 65.02700 64.10720 63.53000 63.51140 63.11570 62.90420 63.34640 63.07210 63.87410 63.35290 62.34650
-9999 67.46990 67.44810 67.48920 67.45530 67.56390 67.90540 67.62300 67.91000 67.92210 67.99880 67.82290 67.75550 68.04010 68.36520 68.37510 68.72640 68.66490 69.09000 69.08450 69.05760 69.06930 69.09220 69.40130 69.35450 69.37460 69.01650 69.17690 68.98020 69.04680 69.22540 69.47480 69.48240 69.73660 69.82110 69.54310 69.78090 69.93390 70.30530 70.55700 71.08190 71.12170 71.13640 70.84380 70.62230 70.34030 70.19380 69.34200 68.51990 67.55610 67.00090 65.76180 65.25320 63.68260 63.57170 64.82780 65.35910 65.12430 65.13300 64.39870 64.28410 63.73730 63.53330 63.46990 63.25150 62.85720 62.80030 63.06960 63.32410 63.35900 63.32050
-9999 -9999 -9999 66.76670 66.68780 66.92390 67.13500 67.38920 67.14920 67.59960 67.54150 67.78500 67.73890 67.98940 68.00660 67.96050 68.08560 68.74240 68.71590 68.45460 68.68340 68.72480 68.70570 68.76920 68.70410 68.97480 68.96880 68.87170 68.79340 68.87260 68.80720 69.07470 69.06540 69.33110 69.30950 69.00040 69.28680 69.44960 69.55740 69.99840 70.27920 70.50080 70.33670 70.40180 70.24190 70.12650 69.55590 69.18370 68.75110 68.08910 66.93650 65.88530 65.07880 64.03660 64.30100 64.22490 65.00120 64.89430 64.38700 63.95530 64.21200 63.32250 63.13320 62.73810 62.72670 63.17040 63.19060 63.07090 62.95950 62.66250 62.57690
-9999 -9999 -9999 -9999 -9999 -9999 66.61330 66.89340 66.63840 66.98760 67.01770 67.13380 67.41060 67.74380 67.77150 67.93670 67.95700 68.47490 68.59770 68.75250 68.65380 68.73260 68.75440 68.42590 68.64530 68.67160 68.54690 68.29820 68.50190 68.50860 68.38850 68.64150 68.60760 68.53880 68.69730 68.68090 68.74580 69.07730 69.16940 69.50450 69.58650 69.58460 69.86000 69.87260 69.98070 69.66100 69.49020 69.05850 68.84980 67.73870 66.72850 65.24050 64.60760 65.30790 64.40250 64.01170 64.59960 63.44780 62.80570 63.12990 62.54470 62.19290 62.01430 61.88050 62.31750 62.05290 63.20960 63.19030 62.83490 62.70260 62.51340
-9999 -9999 -9999 -9999 -9999 -9999 66.55080 66.26730 66.60470 66.56300 66.86720 66.51200 66.77170 67.06590 67.21540 67.58570 67.64920 68.14770 68.21550 68.10560 68.13530 68.21540 68.17280 68.10790 68.25800 68.26310 68.16730 68.12680 68.08220 68.05760 68.04970 67.91640 68.16870 67.97680 68.02380 68.12810 68.16710 68.55710 68.65190 68.99310 69.15520 69.34960 69.17200 69.45570 69.58570 69.40990 69.32910 69.43490 69.02460 68.54220 67.78860 66.88470 66.32850 65.73380 65.21860 65.72570 65.31230 64.05360 63.93480 63.31850 61.76030 61.94780 61.58860 61.75110 61.61630 62.82770 63.05000 63.48510 63.55790 63.41810 62.72640
-9999 -9999 -9999 -9999 -9999 -9999 -9999 -9999 -9999 -9999 66.25580 66.04790 66.27680 66.87450 66.99610 67.08250 67.20270 67.46590 67.59540 67.93960 67.97930 67.69580 68.02790 67.87260 67.84680 67.88760 67.76910 67.63770 67.53150 67.53880 67.49080 67.17870 67.38430 67.29390 67.47560 67.81600 67.86340 68.09870 68.19420 68.50530 68.39900 68.71350 68.59450 68.95330 69.05350 69.21660 68.98110 69.11310 68.90970 68.85970 68.69860 67.85820 67.34240 67.24790 66.91130 66.70850 66.45840 66.18400 65.54310 65.20330 64.77760 64.35420 63.95410 63.65630 63.58730 63.92550 64.31830 64.37250 64.14880 64.34330 63.63220
-9999 -9999 -9999 -9999 -9999 -9999 -9999 -9999 -9999 -9999 65.96670 66.05330 66.05220 66.38900 66.57830 66.49550 67.09820 67.10300 67.29210 67.65220 67.68500 67.71990 67.67570 67.58480 67.52080 67.73730 67.53490 67.19510 67.10450 67.05840 66.72260 66.67020 66.63350 66.78290 66.80750 67.37920 67.46420 67.79460 67.88030 67.87330 68.26150 68.44790 68.37430 68.78130 68.89150 68.65970 68.72800 68.90700 68.44420 68.61600 68.17880 67.59800 67.20020 67.08010 66.75620 66.73740 66.27670 66.25990 66.11960 65.72350 65.57370 65.45790 65.16120 65.57290 65.55150 65.62690 65.76270 65.62130 65.74200 64.78010 64.48240
-9999 -9999 -9999 -9999 -9999 -9999 -9999 -9999 -9999 -9999 -9999 -9999 65.54380 65.50030 66.16460 66.44820 66.84480 67.31740 67.38420 67.46370 67.45820 67.64260 67.80350 67.38290 67.38740 67.32670 67.16490 66.64940 66.66090 66.47430 66.40380 66.37480 66.29190 66.31770 66.46450 66.78800 67.09940 67.12800 67.21490 67.60200 67.90020 67.94670 68.57970 68.41400 68.74940 68.47830 68.15810 68.28540 68.17850 67.94220 67.65260 67.29090 66.96070 66.63210 66.26200 66.26540 66.46210 65.94280 65.80470 65.44330 65.38440 65.23870 65.20750 65.73550 65.70040 65.96710 66.32390 66.18320 66.14850 65.99640 64.87440
-9999 -9999 -9999 -9999 -9999 -9999 -9999 -9999 -9999 -9999 -9999 -9999 65.28020 65.48350 65.86060 66.24520 66.69320 66.85940 67.00720 67.15180 67.37200 67.02710 67.28480 67.31730 67.24230 67.03710 66.93040 66.68730 66.42660 66.37580 66.33680 66.08900 66.15050 66.12020 66.37780 66.76080 66.94730 66.94230 67.11640 67.36920 67.57160 68.26900 68.40770 68.31520 68.39470 68.11140 68.16030 67.93010 67.73930 67.44030 67.41940 67.21930 66.68370 66.33250 65.76210 66.17720 66.00300 65.81700 65.47280 65.40160 65.47110 65.45560 65.34550 65.62890 65.70620 66.14860 66.37090 66.43840 66.11340 65.54230 65.03560
-9999 -9999 -9999 -9999 -9999 -9999 -9999 -9999 -9999 -9999 -9999 64.61980 64.67760 65.39230 65.85290 65.85760 65.83240 66.12150 66.49190 66.76340 67.50250 67.06110 67.29390 67.02970 66.78630 66.74670 66.67180 66.42790 66.59840 66.13170 66.13980 66.38520 66.51010 66.22850 66.68300 66.69930 66.76940 66.95710 67.23410 67.31510 67.38830 67.86480 67.87950 68.29710 68.14530 67.87130 68.06920 67.91810 67.71500 67.60260 67.34160 67.20930 66.95750 66.59720 66.25480 65.99770 65.99430 65.77460 65.64020 65.41010 65.34960 65.28670 65.45420 65.42170 65.46650 65.78880 65.99830 65.83900 65.54950 64.68650 63.51870
-9999 -9999 -9999 -9999 -9999 -9999 -9999 -9999 -9999 -9999 -9999 64.24870 64.56520 65.18280 65.58830 65.37540 65.63800 66.01930 66.38120 66.68060 66.86740 66.92580 67.21570 66.76810 66.71670 66.65090 66.39340 66.12080 66.24610 65.74290 65.75640 66.01990 66.20460 66.22870 66.37350 66.49920 66.73740 66.61640 66.74380 67.25930 67.56970 67.68360 68.02010 67.94740 67.96370 67.74860 67.90780 67.94160 67.99690 67.66240 67.53330 67.37450 67.08040 66.97750 66.31460 66.13770 66.10510 66.00540 65.64120 65.76780 65.41790 65.30280 65.47410 65.69390 65.76250 66.05870 66.02700 66.08870 65.47360 64.54150 64.58400
