data/hydroclimate-scenarios/BCSD_hadcm_A1B/monthly_summaries/rh_monthly_avg_jun.2070-2099.asc
ncols	311
nrows	91
xllcenter	102.75
yllcenter	31.75
cellsize	0.5
NODATA_value	-9999
[rows 0 to 31 of 91, columns 0 to 70 of 311]
-9999 -9999 -9999 -9999 -9999 -9999 -9999 -9999 -9999 -9999 -9999 -9999 -9999 -9999 -9999 -9999 -9999 -9999 -9999 -9999 -9999 -9999 -9999 -9999 -9999 -9999 -9999 -9999 -9999 -9999 -9999 -9999 -9999 -9999 -9999 -9999 -9999 -9999 -9999 -9999 -9999 -9999 -9999 -9999 -9999 -9999 -9999 -9999 -9999 -9999 -9999 -9999 -9999 -9999 -9999 -9999 -9999 -9999 -9999 -9999 -9999 -9999 -9999 -9999 -9999 -9999 -9999 -9999 -9999 -9999 -9999
-9999 -9999 -9999 -9999 -9999 -9999 -9999 -9999 -9999 -9999 -9999 -9999 -9999 -9999 -9999 -9999 -9999 -9999 -9999 -9999 -9999 -9999 -9999 -9999 -9999 -9999 -9999 -9999 -9999 -9999 -9999 -9999 -9999 -9999 -9999 -9999 -9999 -9999 -9999 -9999 -9999 -9999 -9999 -9999 -9999 -9999 -9999 -9999 -9999 -9999 -9999 -9999 -9999 -9999 -9999 -9999 -9999 -9999 -9999 -9999 -9999 -9999 -9999 -9999 -9999 -9999 -9999 -9999 -9999 -9999 -9999
-9999 -9999 -9999 -9999 -9999 -9999 -9999 -9999 -9999 -9999 -9999 -9999 -9999 -9999 -9999 -9999 -9999 -9999 -9999 -9999 -9999 -9999 -9999 -9999 -9999 -9999 -9999 -9999 -9999 -9999 -9999 -9999 -9999 -9999 -9999 -9999 -9999 -9999 -9999 -9999 -9999 -9999 -9999 -9999 -9999 -9999 -9999 -9999 -9999 -9999 -9999 -9999 -9999 -9999 -9999 -9999 -9999 -9999 -9999 -9999 -9999 -9999 -9999 -9999 -9999 -9999 -9999 -9999 -9999 -9999 -9999
-9999 -9999 -9999 -9999 -9999 -9999 -9999 -9999 -9999 -9999 -9999 -9999 -9999 -9999 -9999 -9999 -9999 -9999 -9999 -9999 -9999 -9999 -9999 -9999 -9999 -9999 -9999 -9999 -9999 -9999 -9999 -9999 -9999 -9999 -9999 -9999 -9999 -9999 -9999 -9999 -9999 -9999 -9999 -9999 -9999 -9999 -9999 -9999 -9999 -9999 -9999 -9999 -9999 -9999 -9999 -9999 -9999 -9999 -9999 -9999 -9999 -9999 -9999 -9999 -9999 -9999 -9999 -9999 -9999 -9999 -9999
-9999 -9999 -9999 -9999 -9999 -9999 -9999 -9999 -9999 -9999 -9999 -9999 -9999 -9999 -9999 -9999 -9999 -9999 -9999 -9999 -9999 -9999 -9999 -9999 -9999 -9999 -9999 -9999 -9999 -9999 -9999 -9999 -9999 -9999 -9999 -9999 -9999 -9999 -9999 -9999 -9999 -9999 -9999 -9999 -9999 -9999 -9999 -9999 -9999 -9999 -9999 -9999 -9999 -9999 -9999 -9999 -9999 -9999 -9999 -9999 -9999 -9999 -9999 -9999 -9999 -9999 -9999 -9999 -9999 -9999 -9999
-9999 -9999 -9999 -9999 -9999 -9999 -9999 -9999 -9999 -9999 -9999 -9999 -9999 -9999 -9999 -9999 -9999 -9999 -9999 -9999 -9999 -9999 -9999 -9999 -9999 -9999 -9999 -9999 -9999 -9999 -9999 -9999 -9999 -9999 -9999 -9999 -9999 -9999 -9999 -9999 -9999 -9999 -9999 -9999 -9999 -9999 -9999 -9999 -9999 -9999 -9999 -9999 -9999 -9999 -9999 -9999 -9999 -9999 -9999 -9999 -9999 -9999 -9999 -9999 -9999 -9999 -9999 -9999 -9999 -9999 -9999
-9999 -9999 -9999 -9999 -9999 -9999 -9999 -9999 -9999 -9999 -9999 -9999 -9999 -9999 -9999 -9999 -9999 -9999 -9999 -9999 -9999 -9999 -9999 -9999 -9999 -9999 -9999 -9999 -9999 -9999 -9999 -9999 -9999 -9999 -9999 -9999 -9999 -9999 -9999 -9999 -9999 -9999 -9999 -9999 -9999 -9999 -9999 -9999 -9999 -9999 -9999 -9999 -9999 -9999 -9999 -9999 -9999 -9999 -9999 -9999 -9999 -9999 -9999 -9999 -9999 -9999 -9999 -9999 -9999 -9999 -9999
-9999 -9999 -9999 -9999 -9999 -9999 -9999 -9999 -9999 -9999 -9999 -9999 -9999 -9999 -9999 -9999 -9999 -9999 -9999 -9999 -9999 -9999 -9999 -9999 -9999 -9999 -9999 -9999 -9999 -9999 -9999 -9999 -9999 -9999 -9999 -9999 -9999 -9999 -9999 -9999 -9999 -9999 44.93490 45.63200 45.62040 44.83660 44.39140 43.78020 42.83530 42.47150 41.56370 40.83380 -9999 -9999 -9999 -9999 -9999 -9999 -9999 -9999 -9999 -9999 -9999 -9999 -9999 -9999 -9999 -9999 -9999 -9999 -9999
-9999 -9999 -9999 -9999 -9999 -9999 -9999 -9999 -9999 -9999 -9999 -9999 -9999 -9999 -9999 -9999 -9999 -9999 -9999 -9999 -9999 -9999 -9999 -9999 -9999 -9999 -9999 -9999 -9999 -9999 -9999 -9999 -9999 -9999 -9999 -9999 -9999 -9999 46.46450 47.79640 47.52040 46.33670 46.06920 46.28920 45.76920 45.98200 45.19250 43.88820 42.93000 42.42610 41.39430 41.30860 39.75550 36.09060 -9999 -9999 -9999 -9999 -9999 -9999 -9999 -9999 -9999 -9999 -9999 -9999 -9999 -9999 -9999 -9999 -9999
-9999 -9999 -9999 -9999 -9999 -9999 -9999 -9999 -9999 -9999 -9999 -9999 -9999 -9999 -9999 -9999 -9999 -9999 -9999 -9999 -9999 -9999 -9999 -9999 -9999 -9999 -9999 -9999 -9999 -9999 -9999 -9999 -9999 -9999 -9999 -9999 -9999 -9999 -9999 -9999 46.67780 45.98530 46.35790 46.75100 46.64830 47.28420 46.19000 44.20300 43.78140 43.78460 42.85970 41.55110 40.40480 36.07730 -9999 -9999 -9999 -9999 -9999 -9999 -9999 -9999 -9999 -9999 -9999 -9999 -9999 -9999 -9999 -9999 -9999
-9999 -9999 -9999 -9999 -9999 -9999 -9999 -9999 -9999 -9999 -9999 -9999 -9999 -9999 -9999 -9999 -9999 -9999 -9999 -9999 -9999 -9999 -9999 -9999 -9999 -9999 -9999 -9999 -9999 -9999 -9999 -9999 -9999 -9999 -9999 -9999 -9999 -9999 -9999 -9999 -9999 -9999 -9999 -9999 46.61260 46.69650 46.87550 46.96190 46.21560 45.68820 44.88770 44.15390 41.16440 36.96310 -9999 -9999 -9999 -9999 -9999 -9999 35.10520 -9999 -9999 -9999 -9999 -9999 -9999 -9999 -9999 -9999 -9999
-9999 -9999 -9999 -9999 -9999 -9999 -9999 -9999 -9999 -9999 -9999 -9999 -9999 -9999 -9999 -9999 -9999 -9999 -9999 -9999 -9999 -9999 -9999 -9999 -9999 -9999 -9999 -9999 -9999 -9999 -9999 -9999 -9999 -9999 -9999 -9999 -9999 -9999 -9999 -9999 -9999 47.91100 47.69780 47.65500 47.49480 46.59720 47.06990 47.42940 46.94480 46.19980 45.77630 44.33880 41.80340 40.25100 -9999 -9999 -9999 -9999 -9999 35.38120 34.93990 33.85050 34.24250 32.91030 33.02740 31.81510 31.97460 32.37640 32.33350 30.84830 31.09700
-9999 -9999 -9999 -9999 -9999 -9999 -9999 -9999 -9999 -9999 -9999 -9999 -9999 -9999 -9999 -9999 -9999 -9999 -9999 -9999 -9999 -9999 -9999 -9999 -9999 -9999 -9999 -9999 -9999 -9999 -9999 -9999 -9999 -9999 -9999 -9999 -9999 -9999 -9999 -9999 -9999 47.95910 47.96920 46.90070 46.06230 45.80980 45.53840 47.09640 46.81090 47.12580 46.14260 44.55700 43.58120 42.62670 41.22110 41.60630 39.50930 -9999 36.78820 36.59820 35.83890 35.13550 34.74000 34.22440 34.50560 33.81690 33.30800 33.05100 32.52700 32.41600 32.22110
-9999 -9999 -9999 -9999 -9999 -9999 -9999 -9999 -9999 -9999 -9999 -9999 -9999 -9999 -9999 -9999 -9999 -9999 -9999 -9999 -9999 -9999 -9999 -9999 -9999 -9999 -9999 -9999 -9999 -9999 -9999 -9999 -9999 -9999 -9999 45.23940 45.42180 46.68830 46.86860 46.25050 46.41710 46.54260 47.04150 46.17960 45.70780 45.33390 45.60280 46.95840 46.65650 47.05750 47.02300 44.83770 44.95350 43.72290 43.45360 43.77910 41.78260 39.51360 37.26440 37.00150 35.54090 35.74950 35.29710 36.53850 35.52530 33.89840 34.28680 34.07890 33.24620 33.08280 33.41560
-9999 -9999 -9999 -9999 -9999 -9999 -9999 -9999 -9999 -9999 -9999 -9999 -9999 -9999 -9999 -9999 -9999 -9999 -9999 -9999 -9999 -9999 -9999 -9999 -9999 -9999 -9999 -9999 -9999 -9999 -9999 -9999 -9999 -9999 46.22420 47.51430 47.85600 47.31470 47.36100 47.39000 47.28220 46.73860 46.59760 46.91840 47.03530 46.72900 46.36960 46.55440 46.83500 47.57470 47.28190 47.39420 46.79180 46.10370 45.41890 43.40920 41.42360 39.66100 36.83970 35.50900 35.45880 36.09890 35.90420 37.41940 34.32920 33.74290 33.94040 35.79880 37.30610 36.02620 37.85780
-9999 -9999 -9999 -9999 -9999 -9999 -9999 -9999 -9999 -9999 -9999 -9999 -9999 -9999 -9999 -9999 -9999 -9999 -9999 -9999 -9999 -9999 -9999 -9999 -9999 -9999 -9999 -9999 -9999 -9999 -9999 -9999 -9999 46.39470 46.28230 46.51000 47.01720 47.24310 47.05280 46.53190 46.86850 46.50780 46.66370 46.60140 46.56760 46.38720 46.58670 46.38210 47.77790 47.69860 47.32990 47.36600 46.08650 45.86680 44.80130 42.54360 41.91330 39.57860 37.30830 36.84560 37.04650 34.97650 34.52670 32.91550 33.44150 34.43890 34.92710 36.47370 37.63910 36.42600 37.40830
-9999 -9999 -9999 -9999 -9999 -9999 -9999 -9999 -9999 -9999 -9999 -9999 -9999 -9999 -9999 -9999 -9999 -9999 -9999 -9999 -9999 -9999 -9999 -9999 -9999 -9999 -9999 -9999 -9999 -9999 -9999 46.26210 46.27710 46.75230 46.58100 46.37200 46.38040 46.49920 46.75740 46.43710 46.73210 46.51080 46.35680 46.03080 46.00460 46.75120 46.85870 46.89180 47.41570 47.24180 47.33740 46.37030 43.56460 46.07570 45.08590 43.40450 41.61660 40.10990 40.51770 37.71110 36.50940 35.58210 34.89130 33.74550 34.48610 35.69090 35.90070 36.62570 36.86590 38.72860 39.71840
-9999 -9999 -9999 -9999 -9999 -9999 -9999 -9999 -9999 -9999 -9999 -9999 -9999 -9999 -9999 -9999 -9999 -9999 -9999 -9999 -9999 -9999 -9999 -9999 -9999 -9999 -9999 -9999 -9999 46.23160 46.07980 46.56850 46.54120 46.78230 46.32830 46.16090 46.54590 46.57110 46.52900 46.91530 47.02140 46.90930 46.33630 46.10000 45.81140 46.77970 46.43800 47.01640 47.86920 47.43600 47.20040 46.45780 43.28050 45.35490 44.99200 44.04520 41.90720 40.65020 39.37240 36.02490 35.71840 35.69070 35.29010 35.30820 34.82200 35.22640 36.83120 38.29520 39.05740 38.58950 38.16330
-9999 -9999 -9999 -9999 -9999 -9999 -9999 -9999 -9999 -9999 -9999 -9999 -9999 -9999 -9999 -9999 -9999 -9999 -9999 -9999 -9999 -9999 -9999 -9999 47.04130 47.10370 46.12480 45.95160 45.71130 45.65950 45.53960 45.37380 45.20600 45.05460 45.09550 45.25870 45.25500 45.55990 45.95500 45.83560 45.64850 45.75850 45.50680 44.91810 44.94260 45.56950 45.31120 46.54160 46.83430 46.78960 46.11470 46.44050 46.08160 45.13840 43.87860 43.71280 42.34700 41.66670 40.84660 38.79690 37.10920 36.25920 35.22430 35.67740 35.91730 36.36040 36.33070 34.20420 36.10370 36.67590 39.56820
-9999 -9999 -9999 -9999 -9999 -9999 44.33100 44.52140 44.44150 44.30030 44.37800 -9999 -9999 -9999 -9999 -9999 -9999 -9999 -9999 -9999 -9999 45.79040 46.46640 47.06400 47.03760 46.97700 46.78160 46.25810 46.30170 45.51700 45.16350 45.00150 45.03410 44.72240 44.78200 44.81010 45.51200 45.11660 45.46350 45.28190 45.42400 45.38120 45.32130 44.55050 44.59180 45.25950 44.72070 46.23250 46.71510 46.64490 46.14560 45.75270 45.97120 45.03640 43.72290 43.24610 42.49470 42.21110 40.53250 38.87000 37.97780 37.06510 37.24150 37.84430 38.50630 36.55490 35.23850 35.89060 36.40890 35.53680 37.03140
-9999 -9999 -9999 -9999 -9999 44.43440 44.40560 44.94020 44.53110 44.88780 44.70690 45.63920 45.57610 45.98620 -9999 -9999 -9999 46.89180 47.19020 46.94190 46.85370 46.83180 46.52880 45.89390 46.37460 45.90570 46.19090 45.85310 46.12240 44.96200 44.54720 44.54350 44.52590 44.20670 43.95410 43.96120 44.19410 44.41760 45.12720 44.77240 45.19930 45.61490 45.75220 44.60820 45.00350 45.11500 45.75360 46.53150 46.53490 46.20070 46.09330 46.02750 45.68470 45.25570 44.52780 44.73500 44.28890 42.77840 40.74640 40.47090 39.19770 38.92540 38.97390 38.04130 39.35250 40.21190 39.77700 38.52890 37.81740 38.14540 38.32020
-9999 42.83930 43.00960 43.83350 43.85920 44.14650 44.50030 44.41810 44.61170 44.31490 44.53010 45.58300 45.86630 45.56950 45.88210 46.27410 46.10550 46.47150 46.65820 46.18370 46.24490 46.05890 45.90180 45.58090 45.15860 45.97110 45.98100 45.62090 45.66930 44.38860 43.52440 43.81670 43.14820 43.34150 43.68910 43.80500 43.67960 44.15730 44.29580 43.88110 44.39300 44.98900 45.03340 44.19910 44.47230 44.67390 45.35910 46.11860 46.39190 46.15030 45.72330 46.16090 45.63750 45.94670 45.70670 45.75270 44.83920 43.11750 42.66870 41.71870 40.25150 39.65160 40.57710 39.91240 40.81910 40.50490 39.78380 39.10230 38.68990 39.27510 40.16260
-9999 43.68020 43.37880 43.98700 43.81630 43.63550 43.98900 43.26660 43.19260 44.26150 44.71470 44.32160 44.61790 45.22650 45.33040 45.66020 46.33180 46.57960 46.65890 45.41020 45.41970 45.65150 45.55130 45.54570 45.45770 45.33020 45.25640 44.98930 44.94110 44.42400 44.28070 42.77560 42.49390 41.31610 41.02010 42.07950 42.39310 43.25520 43.29090 43.06020 42.86570 42.44840 42.39360 43.12400 43.21630 44.33890 44.71150 45.16860 45.38250 46.66720 45.92240 46.08710 45.78020 46.10790 45.65840 45.91440 44.84410 43.87360 43.34580 41.93110 40.96340 41.02590 40.62600 39.81740 40.24380 40.22140 40.45290 40.70130 40.50810 40.61720 40.68520
-9999 -9999 -9999 44.16770 44.01850 43.50460 43.76690 43.21060 43.18050 43.58820 43.82640 43.58130 43.80910 44.51400 44.95240 45.57310 45.71910 45.72600 46.40240 45.27600 45.32050 45.50750 45.19200 45.43650 45.24710 45.02600 44.75230 44.24720 43.83820 43.83380 43.26220 42.62790 42.08180 40.71680 40.76640 41.39480 41.64430 42.05860 42.26140 42.13060 42.24490 41.56460 41.10610 42.65430 42.87400 43.97800 44.11980 44.53180 44.62990 45.90800 46.14530 45.74640 46.00250 45.81270 45.49030 46.07490 45.29240 44.67150 43.93110 42.81070 41.66930 41.78470 41.65500 41.55350 40.86730 40.60250 39.99690 41.30790 41.62950 41.71080 41.67480
-9999 -9999 -9999 -9999 -9999 -9999 42.86080 43.60900 43.51080 43.28960 43.35410 43.61640 43.76250 43.93390 44.40030 44.82320 45.17540 44.97130 44.89460 44.71590 44.64530 44.95030 44.86910 45.29380 44.92040 44.67660 44.20660 44.21090 43.98740 42.86210 42.57850 40.85090 40.25920 40.38790 39.73760 40.22270 40.79440 40.84390 41.00780 41.16600 41.55180 41.71440 41.65290 41.82820 42.14550 42.87690 42.87530 44.46190 44.37890 44.81050 45.33240 46.01710 45.83990 44.46030 44.95580 45.36920 44.63280 44.15120 44.00330 43.78480 43.09760 42.87200 42.26290 41.47470 41.12450 41.78920 40.89310 41.93840 42.53740 43.05500 42.85790
-9999 -9999 -9999 -9999 -9999 -9999 42.53830 43.15570 43.23340 43.37560 43.29890 43.49060 43.74690 43.96880 44.27790 44.71510 45.17840 44.69350 45.06460 44.88740 44.82400 44.86500 45.13560 45.21790 44.67540 44.28650 43.33820 43.90660 43.12190 42.54050 42.64920 40.35620 39.73970 39.58940 39.69810 39.66490 39.35520 39.78420 40.02940 40.86750 41.50330 40.93270 41.17030 42.01390 41.54330 42.94940 43.21190 42.90250 43.49440 43.66420 44.36700 44.94860 45.03890 45.08590 44.56580 44.32940 44.16360 44.03640 43.27120 43.62040 43.92090 43.11860 42.87680 41.89040 41.77750 41.82330 42.32630 42.87420 42.95510 43.37310 43.49850
-9999 -9999 -9999 -9999 -9999 -9999 -9999 -9999 -9999 -9999 42.49590 43.05500 42.93290 43.07330 43.57970 44.63230 44.96660 45.41570 45.23240 44.80850 44.61030 44.95920 44.37900 44.88840 44.58330 44.68960 44.12650 43.14900 42.76980 41.56880 40.81460 41.17140 40.88620 40.68050 40.59590 40.02030 40.09150 40.12350 39.99320 40.71780 41.02260 42.00280 42.11020 41.56230 41.67490 42.66840 43.08470 43.00890 43.27910 42.45290 42.11370 42.24310 42.15010 41.74300 41.49200 39.71110 40.40530 40.74890 40.92660 40.67690 40.34470 40.40410 40.23830 40.70410 40.58730 40.43810 40.98770 41.55540 42.47460 43.36040 43.65770
-9999 -9999 -9999 -9999 -9999 -9999 -9999 -9999 -9999 -9999 41.77500 42.20300 42.85640 42.93720 43.30150 44.16300 44.73160 45.29650 45.46820 45.00440 44.87870 44.66020 44.94700 45.06650 44.63760 43.73450 43.36430 43.00710 42.21340 41.06420 40.62180 40.95510 40.58610 40.55740 40.79610 40.61390 40.42440 40.33850 40.60930 41.00940 41.18090 42.34060 42.33350 41.81440 41.83390 43.15270 43.43970 43.44110 43.21320 42.73140 41.80140 41.81200 41.70970 41.38100 40.32280 39.19120 39.25270 39.48500 38.91470 39.71830 39.19600 38.81610 38.14640 38.35170 37.73500 38.98700 39.80520 40.59810 41.70140 43.64400 44.41770
-9999 -9999 -9999 -9999 -9999 -9999 -9999 -9999 -9999 -9999 -9999 -9999 41.97420 42.74730 43.30360 43.96240 44.28340 44.62490 45.25790 45.27310 45.14390 45.03810 44.91180 44.73280 44.38940 43.20510 43.08880 42.77680 42.46840 40.59640 39.75310 40.64350 40.45170 40.56790 40.51030 40.55180 40.45000 41.91230 42.10800 41.98990 41.94100 42.10030 42.23360 41.88300 41.98820 42.40190 42.92140 43.48500 43.46320 43.32230 43.04020 42.25550 41.47540 40.85570 39.64230 38.58760 38.68220 39.99950 39.92520 39.68050 39.32470 38.58230 38.24380 37.55100 37.61060 37.05440 37.55450 40.05490 41.41000 43.10790 44.54700
-9999 -9999 -9999 -9999 -9999 -9999 -9999 -9999 -9999 -9999 -9999 -9999 42.04310 42.22330 42.90030 43.92930 43.77030 44.55300 45.44990 44.93830 45.14840 44.96630 45.14200 44.52360 44.23430 43.66700 42.69670 42.41370 42.10530 39.99570 39.33400 40.04720 39.96530 40.89050 41.32640 40.82850 41.33580 43.18130 42.93040 42.43430 42.61650 42.48300 42.41490 42.05450 42.27210 43.14830 43.42890 43.66510 43.96500 44.28110 43.98880 42.85470 41.48940 40.58460 39.62890 39.21340 39.32450 40.24510 40.05760 40.11260 39.53070 39.35530 38.85190 38.22020 38.09860 37.90520 38.57950 41.15030 42.24190 44.09530 45.11340
-9999 -9999 -9999 -9999 -9999 -9999 -9999 -9999 -9999 -9999 -9999 41.31520 42.01710 42.01440 42.22830 43.76630 44.17340 44.99400 45.35790 45.06940 44.62140 44.58300 44.47240 44.31390 43.98940 43.58780 42.85460 42.42770 41.62030 40.50710 39.93270 39.43160 39.56690 40.11230 40.09640 40.42190 40.90190 41.93710 42.76790 43.40810 43.82400 43.56560 43.52030 44.07120 43.86870 43.33610 43.18090 44.05480 44.28810 44.10410 43.90880 42.54570 42.13290 41.06020 39.58120 40.69530 40.57810 40.76660 40.49220 40.68390 40.47310 39.45100 39.03100 39.75740 39.73700 40.48940 41.37030 42.57430 43.89090 45.84330 46.58910
-9999 -9999 -9999 -9999 -9999 -9999 -9999 -9999 -9999 -9999 -9999 41.12940 41.45470 41.98530 42.05340 43.53610 43.68530 44.58580 44.77510 44.78950 44.69520 44.31110 44.64880 44.10540 43.63610 42.98640 42.86180 42.60750 41.76670 41.39540 41.13920 40.14450 40.06090 40.58690 40.35340 40.80690 41.20400 42.52800 44.16520 44.22540 44.53160 44.10070 44.88680 45.59120 45.25030 44.27790 44.18490 45.27350 45.22460 44.58300 44.09920 43.10890 42.81080 42.20190 41.68830 41.76020 42.14980 41.37710 41.28340 41.42040 41.00480 39.62520 39.83980 40.18030 41.01370 41.42440 42.50650 43.20460 44.58700 46.45210 47.33730
