data/hydroclimate-scenarios/BCSD_hadcm_A1B/monthly_summaries/rh_monthly_avg_jan.2030-2059.asc
ncols	311
nrows	91
xllcenter	102.75
yllcenter	31.75
cellsize	0.5
NODATA_value	-9999
[rows 0 to 31 of 91, columns 71 to 141 of 311]
-9999 -9999 -9999 -9999 -9999 -9999 -9999 -9999 -9999 -9999 -9999 -9999 -9999 -9999 -9999 -9999 -9999 -9999 -9999 -9999 -9999 -9999 -9999 -9999 -9999 -9999 -9999 -9999 -9999 -9999 -9999 -9999 -9999 -9999 -9999 -9999 -9999 -9999 -9999 -9999 -9999 -9999 -9999 -9999 -9999 -9999 -9999 -9999 -9999 -9999 -9999 -9999 -9999 -9999 -9999 -9999 -9999 -9999 -9999 -9999 -9999 -9999 -9999 -9999 -9999 -9999 -9999 -9999 -9999 -9999 -9999
-9999 -9999 -9999 -9999 -9999 -9999 -9999 -9999 -9999 -9999 -9999 -9999 -9999 -9999 -9999 -9999 -9999 -9999 -9999 -9999 -9999 -9999 -9999 -9999 -9999 -9999 -9999 -9999 -9999 -9999 -9999 -9999 -9999 -9999 -9999 -9999 -9999 -9999 -9999 -9999 -9999 -9999 -9999 -9999 -9999 -9999 -9999 -9999 -9999 -9999 -9999 -9999 -9999 -9999 -9999 -9999 -9999 -9999 -9999 -9999 -9999 -9999 -9999 -9999 -9999 -9999 -9999 -9999 -9999 -9999 -9999
-9999 -9999 -9999 -9999 -9999 -9999 -9999 -9999 -9999 -9999 -9999 -9999 -9999 -9999 -9999 -9999 -9999 -9999 -9999 -9999 -9999 -9999 -9999 -9999 -9999 -9999 -9999 -9999 -9999 -9999 -9999 -9999 -9999 -9999 -9999 -9999 -9999 -9999 -9999 -9999 -9999 -9999 -9999 -9999 -9999 -9999 -9999 -9999 -9999 -9999 -9999 -9999 -9999 -9999 -9999 -9999 -9999 -9999 -9999 -9999 -9999 -9999 -9999 -9999 -9999 -9999 -9999 -9999 -9999 -9999 -9999
-9999 -9999 -9999 -9999 -9999 -9999 -9999 -9999 -9999 -9999 -9999 -9999 -9999 -9999 -9999 -9999 -9999 -9999 -9999 -9999 -9999 -9999 -9999 -9999 -9999 -9999 -9999 -9999 -9999 -9999 -9999 -9999 -9999 -9999 -9999 -9999 -9999 -9999 -9999 -9999 -9999 -9999 -9999 -9999 -9999 -9999 -9999 -9999 -9999 -9999 -9999 -9999 -9999 -9999 -9999 -9999 -9999 -9999 -9999 -9999 -9999 -9999 -9999 -9999 -9999 -9999 -9999 -9999 -9999 -9999 -9999
-9999 -9999 -9999 -9999 -9999 -9999 -9999 -9999 -9999 -9999 -9999 -9999 -9999 -9999 -9999 -9999 -9999 -9999 -9999 -9999 -9999 -9999 -9999 -9999 -9999 -9999 -9999 -9999 -9999 -9999 -9999 -9999 -9999 -9999 -9999 -9999 -9999 -9999 -9999 -9999 -9999 -9999 -9999 -9999 -9999 -9999 -9999 -9999 -9999 -9999 -9999 -9999 -9999 -9999 -9999 -9999 -9999 -9999 -9999 -9999 -9999 -9999 -9999 -9999 -9999 -9999 -9999 -9999 -9999 -9999 -9999
-9999 -9999 -9999 -9999 -9999 -9999 -9999 -9999 -9999 -9999 -9999 -9999 -9999 -9999 -9999 -9999 -9999 -9999 -9999 -9999 -9999 -9999 -9999 -9999 -9999 -9999 -9999 -9999 -9999 -9999 -9999 -9999 -9999 -9999 -9999 -9999 -9999 -9999 -9999 -9999 -9999 -9999 -9999 -9999 -9999 -9999 -9999 -9999 -9999 -9999 -9999 -9999 -9999 -9999 -9999 -9999 -9999 -9999 -9999 -9999 -9999 -9999 -9999 -9999 -9999 -9999 -9999 -9999 -9999 -9999 -9999
-9999 -9999 -9999 -9999 -9999 -9999 -9999 -9999 -9999 -9999 -9999 -9999 -9999 -9999 -9999 -9999 -9999 -9999 -9999 -9999 -9999 -9999 -9999 -9999 -9999 -9999 -9999 -9999 -9999 -9999 -9999 -9999 -9999 -9999 -9999 -9999 -9999 -9999 -9999 -9999 -9999 -9999 -9999 -9999 -9999 -9999 -9999 -9999 -9999 -9999 -9999 -9999 -9999 -9999 -9999 -9999 -9999 -9999 -9999 -9999 -9999 -9999 -9999 -9999 -9999 -9999 -9999 -9999 -9999 -9999 -9999
-9999 -9999 -9999 -9999 -9999 -9999 -9999 -9999 -9999 -9999 -9999 -9999 -9999 -9999 -9999 -9999 -9999 -9999 -9999 -9999 -9999 -9999 -9999 -9999 -9999 -9999 -9999 -9999 -9999 -9999 -9999 -9999 -9999 -9999 -9999 -9999 -9999 -9999 -9999 -9999 -9999 -9999 -9999 -9999 -9999 -9999 -9999 -9999 -9999 -9999 -9999 -9999 -9999 -9999 -9999 -9999 -9999 -9999 -9999 -9999 -9999 -9999 -9999 -9999 -9999 -9999 -9999 -9999 -9999 -9999 -9999
-9999 -9999 -9999 -9999 -9999 -9999 68.80350 -9999 -9999 -9999 -9999 -9999 -9999 -9999 -9999 -9999 -9999 -9999 -9999 -9999 -9999 -9999 -9999 -9999 -9999 -9999 -9999 -9999 -9999 -9999 -9999 -9999 -9999 -9999 -9999 -9999 -9999 -9999 -9999 -9999 -9999 -9999 -9999 -9999 -9999 -9999 -9999 -9999 -9999 -9999 -9999 -9999 -9999 -9999 -9999 -9999 -9999 -9999 -9999 -9999 -9999 -9999 -9999 -9999 -9999 -9999 -9999 -9999 -9999 -9999 -9999
-9999 -9999 71.49780 68.83160 68.99120 68.54350 68.64590 68.25470 68.12400 67.73910 68.26430 67.94320 68.57540 68.68410 68.76250 68.88140 68.82900 68.94400 68.81900 68.62550 68.44850 68.49770 -9999 -9999 -9999 -9999 -9999 -9999 -9999 -9999 -9999 -9999 -9999 -9999 -9999 -9999 -9999 -9999 -9999 -9999 -9999 -9999 -9999 -9999 -9999 -9999 -9999 -9999 -9999 -9999 -9999 -9999 -9999 -9999 -9999 -9999 -9999 -9999 -9999 -9999 -9999 -9999 -9999 -9999 -9999 -9999 -9999 -9999 -9999 -9999 -9999
-9999 -9999 -9999 -9999 69.02450 68.64920 68.30510 68.31130 68.48930 68.11280 68.10760 68.16670 68.53540 68.30860 68.49550 68.26860 68.14340 68.29530 68.05630 68.53370 68.51980 68.29490 -9999 -9999 -9999 -9999 -9999 -9999 -9999 -9999 -9999 -9999 -9999 -9999 -9999 -9999 -9999 -9999 -9999 -9999 -9999 -9999 -9999 -9999 -9999 -9999 -9999 -9999 -9999 -9999 -9999 -9999 -9999 -9999 -9999 -9999 -9999 -9999 -9999 -9999 -9999 -9999 -9999 -9999 -9999 -9999 -9999 -9999 -9999 -9999 -9999
69.71700 69.62380 69.21560 69.22210 68.57370 68.54230 68.22890 68.20210 68.36980 68.04860 67.96860 67.65790 68.32070 68.02790 68.19120 67.98890 67.95490 68.12470 68.34670 68.17540 68.51980 68.35360 68.29570 68.40550 68.38910 68.58040 68.45290 68.28940 -9999 -9999 -9999 -9999 -9999 -9999 -9999 -9999 -9999 -9999 -9999 -9999 -9999 -9999 -9999 -9999 -9999 -9999 -9999 -9999 -9999 -9999 -9999 -9999 -9999 -9999 -9999 -9999 -9999 -9999 -9999 -9999 -9999 -9999 -9999 -9999 -9999 -9999 -9999 -9999 -9999 -9999 -9999
70.08700 69.29250 69.30130 68.90270 68.68330 68.67400 68.21100 68.20070 68.27740 67.90730 67.55900 67.63510 68.05030 67.73530 67.93560 67.96790 67.86670 68.03730 68.19820 68.16660 68.57550 67.93580 68.21830 68.07330 68.35790 68.17530 68.07830 68.24970 68.25230 68.43060 68.27200 68.15220 68.39130 68.11270 67.83290 67.58940 67.82650 67.60130 67.59270 67.65810 67.21740 67.28810 67.15000 -9999 -9999 -9999 -9999 -9999 -9999 -9999 -9999 -9999 -9999 -9999 -9999 -9999 -9999 -9999 -9999 -9999 -9999 -9999 -9999 -9999 -9999 -9999 -9999 -9999 -9999 -9999 -9999
69.43740 68.93060 68.60110 68.12270 67.98920 67.62890 68.00810 67.98660 67.66640 67.34680 67.41610 67.48970 67.93290 68.02680 67.79810 68.25910 67.73850 67.51780 67.64780 67.95160 67.94680 67.63790 67.60050 67.45470 67.80690 67.69050 67.98690 68.13610 68.12370 67.88900 68.23200 68.13120 68.34100 67.75400 67.82750 67.93970 67.80610 67.56740 67.56040 67.31190 67.16780 67.21680 67.03490 66.84660 -9999 -9999 -9999 -9999 -9999 -9999 -9999 -9999 -9999 -9999 -9999 -9999 -9999 -9999 -9999 -9999 -9999 -9999 -9999 -9999 -9999 -9999 -9999 -9999 -9999 -9999 -9999
67.10400 66.26780 66.85100 65.42400 66.71430 66.77600 66.22920 66.65630 66.23940 66.77550 66.50880 66.62690 67.37860 67.52460 67.65800 67.74640 67.73510 67.52400 67.60600 67.57450 67.59140 67.41690 67.01440 67.17740 67.42540 66.78880 67.22230 67.46640 67.59280 67.30830 67.56410 67.44550 67.21390 67.27190 67.36970 67.11430 66.82900 66.93630 67.12810 66.84400 66.66780 66.72620 66.68470 66.82710 -9999 -9999 -9999 -9999 -9999 -9999 -9999 -9999 -9999 -9999 -9999 -9999 -9999 -9999 -9999 65.83250 66.31760 -9999 -9999 -9999 -9999 65.99990 65.44490 65.33180 65.52240 66.77300 67.06180
66.62870 66.18200 66.24420 65.65950 66.54830 66.69300 66.49830 66.00350 65.62900 65.60940 66.40700 66.53410 67.35250 67.10010 67.26200 67.50240 67.51640 67.66490 67.28340 67.85800 67.63050 67.09530 67.40460 67.73710 67.63190 67.46580 67.42750 67.56760 67.66860 67.83950 67.64990 67.46140 67.19660 67.29720 67.03070 67.16500 66.89640 66.66470 66.82600 66.59090 66.68410 66.75840 66.98850 66.76270 67.23410 67.33840 67.06010 66.78740 65.92840 65.29840 65.71180 65.30610 65.19560 65.38630 65.14470 65.17790 65.83190 65.90620 65.80510 65.84360 66.40480 -9999 -9999 -9999 -9999 -9999 66.31390 65.89690 65.59780 65.86890 65.75660
65.05260 66.15870 65.71400 64.63720 65.21290 66.58170 66.31140 66.39320 66.81700 67.35400 67.47340 67.20040 67.45730 67.52450 67.60850 67.42510 67.60840 67.73580 67.72190 67.79640 67.54060 67.42850 67.45180 67.63470 67.50610 67.36310 67.34630 67.53770 67.66840 67.48160 67.62240 67.42540 67.53250 66.90470 67.01660 66.78230 66.78330 66.85280 66.70330 66.74320 66.79440 66.87800 66.77920 66.85810 67.29470 67.13460 67.17650 66.91030 66.08550 65.70280 65.75220 65.87870 65.57500 64.44610 63.78970 64.78600 64.22070 63.88090 64.31180 64.79660 65.21360 64.84660 65.80530 66.26980 66.29850 66.29240 66.23040 66.54160 66.02200 65.93420 65.36620
64.65480 61.97710 66.35620 64.30890 63.70310 64.77590 65.32600 65.39590 67.42160 67.54570 67.30340 67.40440 67.35290 67.82480 67.58600 67.70830 67.86580 67.97080 67.56100 67.16200 66.99030 67.01100 67.31020 67.21170 67.45370 67.63360 67.30900 67.48470 67.67410 67.52290 67.29410 67.40840 67.12820 67.22430 66.95980 67.07160 66.69770 66.78960 66.60810 66.69250 66.75480 66.50320 66.77770 66.90000 67.34110 67.11830 67.16060 66.93820 66.92940 66.62140 65.83190 65.99710 65.75230 65.82080 64.90250 64.40730 63.87500 63.99620 64.00570 63.61590 63.93120 63.14950 64.15320 65.38540 65.89590 65.98220 66.00180 66.27320 65.66890 65.53620 64.80040
63.57680 62.09030 64.27470 66.60240 65.37110 66.40610 66.58810 65.57300 66.04120 66.62230 66.72410 66.91680 67.12900 67.62100 67.41900 67.87490 67.80890 67.89880 67.58420 66.22250 66.16910 66.43800 66.68490 67.08050 67.28810 67.16630 67.49880 67.33420 67.17210 67.05550 66.88090 66.97220 67.21860 66.96760 67.15700 66.55560 66.96300 66.63580 66.67200 66.37660 66.70830 66.86980 66.26350 65.97700 65.71780 66.31740 66.62760 66.79060 66.60820 66.22140 65.41320 65.42790 66.11290 65.86140 65.86290 65.64380 65.52640 64.33380 64.01680 63.93860 62.07760 61.65830 61.04480 62.35080 62.78430 63.19590 63.49640 63.54160 63.44710 63.69620 64.11990
64.32040 62.75670 62.81970 62.42920 64.27580 66.31620 66.04430 65.05640 64.49280 65.57870 63.53200 64.18480 65.05360 66.29780 66.94190 67.43820 67.77080 67.48880 67.51990 66.70860 66.05610 66.64800 66.56470 66.87290 67.09290 67.31400 67.22630 67.14340 66.99820 67.19250 67.06490 66.43660 66.50300 66.42690 66.27480 65.83540 66.16380 66.23040 65.69080 65.37550 66.00330 66.21600 66.48410 66.56750 65.04370 65.17850 65.56190 66.02050 66.38710 65.67260 65.09550 64.92810 65.53910 65.69440 64.90530 64.46920 64.35230 63.18050 64.13620 64.30150 62.59830 62.64440 62.34780 61.93450 61.41660 62.26710 61.86870 62.70470 63.25850 63.42660 64.23720
64.72410 63.67950 63.10810 61.75300 61.36260 63.70830 65.24690 65.38530 65.15660 65.73470 64.63150 62.26360 61.52030 60.74010 63.47750 65.17270 66.37590 67.77190 67.55490 67.65410 67.57710 67.27800 67.40010 67.35560 67.47370 67.02860 66.86310 67.08570 66.96410 66.40700 66.60430 66.31330 66.21520 66.02390 66.65650 65.65400 66.00870 65.68450 66.07510 66.22920 66.23510 66.31960 66.67110 66.81070 65.80760 66.02530 65.94360 66.07470 66.30760 66.77310 66.48320 66.19070 66.64530 66.31330 65.98920 65.63700 64.68720 63.94220 64.21030 63.02340 61.91590 62.31080 62.86210 63.02690 63.08060 63.34870 62.86970 62.83380 63.61140 64.31860 65.06670
62.47270 62.47800 61.39480 60.95180 61.19780 61.24890 61.33900 61.98670 63.19410 64.44720 65.50210 64.92930 63.81140 62.91350 62.00660 62.14000 62.77940 63.54990 65.15750 66.13840 67.09370 66.87690 66.99210 67.19320 67.05470 67.29000 66.82560 67.00130 66.42620 65.84830 66.21910 64.93360 64.87660 64.73550 65.32690 65.15210 65.63610 65.43240 65.80770 65.53230 66.29340 66.13790 66.80970 66.43070 65.59590 65.28970 65.51260 65.67770 65.88050 65.73920 64.93580 65.28700 65.08420 65.09850 64.85160 64.93180 63.97210 64.47480 64.68230 63.47530 62.75000 62.80040 63.07780 63.42370 63.27920 63.22020 62.59470 63.35580 64.16150 64.86290 65.98750
64.03890 62.53990 61.89550 61.98530 61.09040 60.99020 61.09520 61.69900 61.64380 63.14760 63.23980 63.32250 63.39680 64.48210 64.14650 64.58490 63.08780 62.18960 61.80530 62.84340 64.07740 64.67970 65.84300 66.51810 67.17510 67.07730 66.93950 66.28020 65.51980 65.44000 65.73990 65.52250 65.01920 65.28040 64.69270 65.88660 66.62310 66.01530 65.42820 65.97050 66.73450 67.26920 67.10700 66.81170 65.75160 65.73280 65.78200 66.58950 66.46310 65.75290 64.98520 65.43240 63.76680 62.67600 63.49270 62.81640 63.58320 63.04480 63.83390 64.01430 63.79880 63.95930 63.44730 63.43040 62.90620 63.39610 64.01760 64.71580 66.05340 66.42380 67.07310
64.38650 63.93590 63.84510 63.86950 62.36090 60.92260 60.89370 60.46990 60.38480 61.87620 63.77910 60.45420 61.38190 62.59660 61.46450 60.56940 60.47760 65.29700 63.24080 60.87810 62.06790 62.76740 63.94450 66.62710 67.17640 67.07950 67.28240 66.33160 65.56140 65.48850 64.99760 65.19870 65.60350 65.44710 66.62180 66.37600 66.30540 66.50590 66.30900 66.03790 65.21130 66.15740 66.77860 66.18490 67.48820 67.25570 67.46060 66.79500 66.17380 65.89450 65.40690 65.94270 64.37190 64.10670 63.68740 63.39760 63.94490 63.34050 64.43840 64.54110 64.88310 64.63270 63.93240 63.45400 63.78860 64.51000 64.66700 65.37420 66.70090 66.99700 67.50970
64.54200 64.63340 64.63580 64.27290 63.48360 63.39130 62.87130 62.29220 61.78530 61.36390 61.75940 61.76920 62.11740 62.90980 61.85820 61.93020 60.26060 61.51510 63.51690 64.59050 64.23800 64.29980 64.58610 65.08040 66.22210 67.05670 66.97650 66.41570 66.13770 66.06850 65.55780 65.77800 66.28460 66.02700 66.26890 66.12550 66.56780 67.02220 66.50830 66.17830 65.33760 65.44900 65.60380 65.73040 67.55350 67.74060 67.20560 66.85030 66.72960 66.00970 65.55230 66.17700 65.31500 64.45380 64.76480 65.24510 65.09760 65.28710 64.46450 65.00640 64.77520 64.62900 64.33290 64.52470 64.52700 64.50600 64.72630 64.99840 65.82660 66.64220 67.55020
64.29370 64.30780 63.51900 63.57750 63.82320 64.35050 63.83980 63.78030 63.19330 62.80780 61.66400 61.15210 62.08580 63.36800 64.23400 63.79880 62.80610 63.24520 61.96850 63.04160 64.60710 65.77640 66.36140 65.93580 65.11370 65.69100 66.59990 66.03680 65.76260 65.10110 65.58360 65.72420 66.74640 66.78480 65.97650 65.62040 66.41940 65.62150 66.06720 64.91840 64.35870 65.00830 65.53920 64.48630 65.50880 66.84930 67.11030 66.88990 67.19380 66.90310 66.66570 67.43330 66.59930 66.38750 66.88110 66.63130 66.40630 66.06030 65.85660 65.10480 65.31740 65.28910 64.76570 64.78190 64.85610 64.88220 65.15410 65.44060 66.64990 66.59040 67.20040
64.21520 63.32540 63.15010 63.19680 63.89820 64.40610 64.52190 64.53080 63.35110 61.84260 61.68410 61.71910 61.02270 62.31820 64.30680 64.93030 64.31090 63.88020 63.41700 63.62630 64.64580 65.17140 65.34730 65.91330 66.06880 66.21670 65.58530 65.53190 65.93630 64.88620 66.07080 65.46270 66.27200 64.72050 64.57530 65.68830 64.84270 64.07690 64.39490 64.64470 63.88870 63.86350 63.72200 64.30990 65.78960 66.29520 66.95040 66.73690 67.34930 67.36130 67.40000 67.20910 67.27980 67.06740 67.52270 67.69550 67.78870 68.34250 68.60810 68.66650 68.22980 67.54500 66.99290 66.71010 66.61760 66.65980 66.64710 67.23520 66.36490 66.30980 67.02700
65.45320 64.93080 63.30960 62.94360 63.48910 64.74130 64.78600 65.43310 63.74070 63.24070 63.57110 63.79410 63.61990 63.14260 64.18600 65.15830 64.77530 65.80320 65.85920 66.77490 64.58640 66.10220 67.04790 67.16730 66.98530 66.03000 64.78690 65.12690 65.56450 65.46210 64.78750 65.49060 65.85070 64.72470 64.52000 65.30180 65.13590 64.51970 63.89310 64.07870 63.94080 63.65930 64.18820 64.30310 66.14370 65.91840 67.41640 67.47190 67.61250 67.78390 67.93400 68.01270 68.45170 68.74200 68.55540 69.35920 69.40850 69.48160 69.47350 69.20020 68.71270 67.99710 67.77610 67.09070 66.12000 66.49090 66.44760 66.53280 66.74510 67.86130 68.20200
65.18010 65.29600 64.03820 63.16570 63.39770 62.93940 63.64750 65.23790 63.69150 63.38130 64.19570 63.90890 64.80320 65.26830 64.23400 65.74220 66.79310 67.73310 67.74040 67.89300 68.33780 67.09300 67.58000 68.53460 68.84210 68.90630 67.60830 66.91420 67.34110 66.53800 66.50260 66.29350 66.11630 65.45720 64.86870 64.62170 65.31710 64.24950 63.54360 63.24910 64.41240 64.58110 64.23750 65.60180 67.09890 67.96570 68.78540 69.33500 69.71900 70.23900 70.21680 70.66110 70.58870 70.33490 70.15640 70.26260 70.53490 70.61750 70.18100 69.87400 69.25990 68.65890 67.94040 66.38440 65.64110 66.00720 66.04830 66.77480 67.52030 67.94970 68.31200
66.85440 66.02180 64.75290 64.96090 64.19690 64.18660 62.40700 63.86920 63.40660 62.96730 62.87390 63.54260 64.84530 64.82990 65.32170 66.79930 66.82200 67.75760 68.81490 69.33690 68.98120 68.53780 67.39460 69.19850 70.30380 69.91680 67.89540 67.86460 67.32710 66.14770 66.98920 67.13040 66.24650 65.60740 65.00060 65.21220 65.07970 64.97140 64.57730 64.35170 65.07190 66.44720 66.04490 66.71550 68.94400 69.37820 69.61390 69.75110 69.72290 70.30410 -9999 -9999 71.06940 71.49660 71.51780 71.46530 71.34270 71.38620 70.87430 70.17810 69.30730 68.12370 67.09410 65.91890 66.59710 65.85810 65.51450 65.84080 67.53010 68.34680 69.05500
65.31970 66.37870 65.91240 65.48010 65.28860 65.82040 64.47370 65.71170 65.17550 64.38410 64.30760 65.44580 65.41900 65.93900 67.38230 68.37980 68.08410 69.20080 70.17150 69.77110 69.82010 70.43090 70.52230 70.15920 69.37220 70.27870 69.70310 69.43580 68.91830 68.33300 67.64070 68.66210 67.85280 67.14080 66.63560 66.43040 66.51590 67.67760 68.89560 -9999 -9999 -9999 -9999 69.84590 -9999 68.66450 67.68300 69.00670 69.20750 70.57880 -9999 -9999 70.74830 71.21550 71.71100 71.75730 71.66740 71.28580 70.36110 69.30900 68.35970 67.58800 67.20230 66.49920 67.29960 65.17180 64.84450 65.33800 67.64290 68.41020 68.88650
66.61780 66.61060 66.60540 65.80220 66.43730 67.45910 66.09020 66.69070 68.09100 67.67170 67.70550 68.15340 67.27710 67.33460 68.25790 70.14700 69.50100 69.23330 69.65190 70.53020 69.40450 70.81840 70.91610 71.37940 71.53800 71.63420 71.03630 69.88940 69.85150 69.62220 68.62480 67.98350 67.61860 67.47750 66.56170 67.61080 68.53450 -9999 -9999 -9999 -9999 -9999 -9999 -9999 69.56680 69.28440 69.52040 -9999 -9999 -9999 -9999 -9999 71.94460 71.99480 71.23710 71.70830 71.10860 71.17110 70.82500 70.00310 69.91210 69.52960 68.82590 68.07970 68.57870 68.61810 68.15560 66.92480 68.44920 69.80590 -9999
