data/hydroclimate-scenarios/BCSD_hadcm_A1B/monthly_summaries/rh_monthly_avg_jun.2030-2059.asc
ncols	311
nrows	91
xllcenter	102.75
yllcenter	31.75
cellsize	0.5
NODATA_value	-9999
[rows 0 to 31 of 91, columns 213 to 283 of 311]
-9999 -9999 -9999 -9999 -9999 -9999 -9999 -9999 -9999 -9999 -9999 -9999 -9999 -9999 -9999 -9999 -9999 -9999 -9999 -9999 -9999 -9999 -9999 -9999 -9999 -9999 -9999 -9999 -9999 -9999 -9999 -9999 -9999 -9999 -9999 -9999 -9999 -9999 -9999 -9999 -9999 -9999 -9999 -9999 -9999 -9999 -9999 -9999 -9999 -9999 -9999 -9999 -9999 -9999 -9999 -9999 -9999 -9999 -9999 -9999 -9999 -9999 -9999 -9999 -9999 -9999 -9999 -9999 -9999 -9999 -9999
-9999 -9999 -9999 -9999 -9999 -9999 -9999 -9999 -9999 -9999 -9999 -9999 -9999 -9999 -9999 -9999 -9999 -9999 -9999 -9999 -9999 -9999 -9999 -9999 -9999 -9999 -9999 -9999 -9999 -9999 -9999 -9999 -9999 -9999 -9999 -9999 -9999 -9999 -9999 -9999 -9999 -9999 -9999 -9999 -9999 -9999 -9999 -9999 -9999 -9999 -9999 -9999 -9999 -9999 -9999 -9999 -9999 -9999 -9999 -9999 -9999 -9999 -9999 -9999 -9999 -9999 -9999 -9999 -9999 -9999 -9999
-9999 -9999 -9999 -9999 -9999 -9999 -9999 -9999 -9999 -9999 -9999 -9999 -9999 -9999 -9999 -9999 -9999 -9999 -9999 -9999 -9999 -9999 -9999 -9999 -9999 -9999 -9999 -9999 -9999 -9999 -9999 -9999 -9999 -9999 -9999 -9999 -9999 -9999 -9999 -9999 -9999 -9999 -9999 -9999 -9999 -9999 -9999 -9999 -9999 -9999 -9999 -9999 -9999 -9999 -9999 -9999 -9999 -9999 -9999 -9999 -9999 -9999 -9999 -9999 -9999 -9999 -9999 -9999 -9999 -9999 -9999
-9999 -9999 -9999 -9999 -9999 -9999 -9999 -9999 -9999 -9999 -9999 -9999 -9999 -9999 -9999 -9999 -9999 -9999 -9999 -9999 -9999 -9999 -9999 -9999 -9999 -9999 -9999 -9999 -9999 -9999 -9999 -9999 -9999 -9999 -9999 -9999 -9999 -9999 -9999 -9999 -9999 -9999 -9999 -9999 -9999 -9999 -9999 -9999 -9999 -9999 -9999 -9999 -9999 -9999 -9999 -9999 -9999 -9999 -9999 -9999 -9999 -9999 -9999 -9999 -9999 -9999 -9999 -9999 -9999 -9999 -9999
-9999 -9999 -9999 -9999 -9999 -9999 -9999 -9999 -9999 -9999 -9999 -9999 -9999 -9999 -9999 -9999 -9999 -9999 -9999 -9999 -9999 -9999 -9999 -9999 -9999 -9999 -9999 -9999 -9999 -9999 -9999 -9999 -9999 -9999 -9999 -9999 -9999 -9999 -9999 -9999 -9999 -9999 -9999 -9999 -9999 -9999 -9999 -9999 -9999 -9999 -9999 -9999 -9999 -9999 -9999 -9999 -9999 -9999 -9999 -9999 -9999 -9999 -9999 -9999 -9999 -9999 -9999 -9999 -9999 -9999 -9999
-9999 -9999 -9999 -9999 -9999 -9999 -9999 -9999 -9999 -9999 -9999 -9999 -9999 -9999 -9999 -9999 -9999 -9999 -9999 -9999 -9999 -9999 -9999 -9999 -9999 -9999 -9999 -9999 -9999 -9999 -9999 -9999 -9999 -9999 -9999 -9999 -9999 -9999 -9999 -9999 -9999 -9999 -9999 -9999 -9999 -9999 -9999 -9999 -9999 -9999 -9999 -9999 -9999 -9999 -9999 -9999 -9999 -9999 -9999 -9999 -9999 -9999 -9999 -9999 -9999 -9999 -9999 -9999 -9999 -9999 -9999
-9999 -9999 -9999 -9999 -9999 -9999 -9999 -9999 -9999 -9999 -9999 -9999 -9999 -9999 -9999 -9999 -9999 -9999 -9999 -9999 -9999 -9999 -9999 -9999 -9999 -9999 -9999 -9999 -9999 -9999 -9999 -9999 -9999 -9999 -9999 -9999 -9999 -9999 -9999 -9999 -9999 -9999 -9999 -9999 -9999 -9999 -9999 -9999 -9999 -9999 -9999 -9999 -9999 -9999 -9999 -9999 -9999 -9999 -9999 -9999 -9999 -9999 -9999 -9999 -9999 -9999 -9999 -9999 -9999 -9999 -9999
-9999 -9999 -9999 -9999 -9999 -9999 -9999 -9999 -9999 -9999 -9999 -9999 -9999 -9999 -9999 -9999 -9999 -9999 -9999 -9999 -9999 -9999 -9999 -9999 -9999 -9999 -9999 -9999 -9999 -9999 -9999 -9999 -9999 -9999 -9999 -9999 -9999 -9999 -9999 -9999 -9999 -9999 -9999 -9999 -9999 -9999 -9999 -9999 -9999 -9999 -9999 -9999 -9999 -9999 -9999 -9999 -9999 -9999 -9999 -9999 -9999 -9999 -9999 -9999 -9999 -9999 -9999 -9999 -9999 -9999 -9999
-9999 -9999 -9999 -9999 -9999 -9999 -9999 -9999 -9999 -9999 -9999 -9999 -9999 -9999 -9999 -9999 -9999 -9999 -9999 -9999 -9999 -9999 -9999 -9999 -9999 -9999 -9999 -9999 -9999 -9999 -9999 -9999 -9999 -9999 -9999 -9999 -9999 -9999 -9999 -9999 -9999 -9999 -9999 -9999 -9999 -9999 -9999 -9999 -9999 -9999 -9999 -9999 -9999 -9999 -9999 -9999 -9999 -9999 -9999 -9999 -9999 -9999 -9999 -9999 -9999 -9999 -9999 -9999 -9999 -9999 -9999
-9999 -9999 -9999 -9999 -9999 -9999 -9999 -9999 -9999 -9999 -9999 -9999 -9999 -9999 -9999 -9999 -9999 -9999 -9999 -9999 -9999 -9999 -9999 -9999 -9999 -9999 -9999 -9999 -9999 -9999 -9999 -9999 -9999 -9999 -9999 -9999 -9999 -9999 -9999 -9999 -9999 -9999 -9999 -9999 -9999 -9999 -9999 -9999 -9999 -9999 -9999 -9999 -9999 -9999 -9999 -9999 -9999 -9999 -9999 -9999 -9999 -9999 -9999 -9999 -9999 -9999 -9999 -9999 -9999 -9999 -9999
-9999 -9999 -9999 -9999 -9999 -9999 -9999 -9999 -9999 -9999 -9999 -9999 -9999 -9999 -9999 -9999 -9999 -9999 -9999 -9999 -9999 -9999 -9999 -9999 -9999 -9999 -9999 -9999 -9999 -9999 -9999 -9999 -9999 -9999 -9999 -9999 -9999 -9999 -9999 -9999 -9999 -9999 -9999 -9999 -9999 -9999 -9999 -9999 -9999 -9999 -9999 -9999 -9999 -9999 -9999 -9999 -9999 -9999 -9999 -9999 -9999 -9999 -9999 -9999 -9999 -9999 -9999 -9999 -9999 -9999 -9999
-9999 -9999 -9999 -9999 -9999 -9999 -9999 -9999 -9999 -9999 -9999 -9999 -9999 -9999 -9999 -9999 -9999 -9999 -9999 -9999 -9999 -9999 -9999 -9999 -9999 -9999 -9999 -9999 -9999 -9999 -9999 -9999 -9999 -9999 -9999 -9999 -9999 -9999 -9999 -9999 -9999 -9999 -9999 -9999 -9999 -9999 -9999 -9999 -9999 -9999 -9999 -9999 -9999 -9999 -9999 -9999 -9999 -9999 -9999 -9999 -9999 -9999 -9999 -9999 -9999 -9999 -9999 -9999 -9999 -9999 -9999
-9999 -9999 -9999 -9999 -9999 -9999 -9999 -9999 -9999 -9999 -9999 -9999 -9999 -9999 -9999 -9999 -9999 -9999 -9999 -9999 -9999 -9999 -9999 -9999 -9999 -9999 -9999 -9999 -9999 -9999 -9999 -9999 -9999 -9999 -9999 -9999 -9999 -9999 -9999 -9999 -9999 -9999 -9999 -9999 -9999 -9999 -9999 -9999 -9999 -9999 -9999 -9999 -9999 -9999 -9999 -9999 -9999 -9999 -9999 -9999 -9999 -9999 -9999 -9999 -9999 -9999 -9999 -9999 -9999 -9999 -9999
29.21230 29.14440 29.97110 29.92840 30.23320 30.63920 -9999 -9999 -9999 -9999 -9999 -9999 -9999 -9999 -9999 -9999 -9999 -9999 -9999 -9999 -9999 -9999 -9999 -9999 -9999 -9999 -9999 -9999 -9999 -9999 -9999 -9999 -9999 -9999 -9999 -9999 -9999 -9999 -9999 -9999 -9999 -9999 -9999 -9999 -9999 -9999 -9999 32.91540 -9999 -9999 -9999 -9999 -9999 -9999 -9999 -9999 -9999 -9999 -9999 -9999 -9999 -9999 -9999 -9999 -9999 -9999 -9999 -9999 -9999 -9999 -9999
29.58560 29.50580 28.82720 29.23240 29.14480 29.49720 30.43710 30.98480 31.70000 33.00220 30.19700 31.51320 31.87420 35.42550 34.81480 34.64460 34.25490 32.33930 48.07740 -9999 -9999 -9999 -9999 -9999 -9999 -9999 -9999 -9999 -9999 -9999 -9999 -9999 -9999 -9999 -9999 -9999 -9999 -9999 -9999 -9999 -9999 -9999 25.86600 26.62380 27.04600 29.28460 33.64150 35.46950 37.59940 -9999 -9999 -9999 42.10530 -9999 -9999 -9999 41.55540 42.52550 43.67900 -9999 -9999 -9999 -9999 -9999 -9999 -9999 -9999 -9999 -9999 -9999 -9999
29.59620 29.16040 29.67940 30.43700 30.53480 30.94890 29.07880 31.50960 33.25300 34.56900 34.81280 34.86440 38.28080 40.20420 34.88410 39.31270 37.90490 35.88170 32.96850 30.82310 28.87150 29.06580 33.14640 36.25970 31.49320 -9999 -9999 -9999 -9999 -9999 30.48230 29.92860 29.25480 29.50420 30.06370 28.19750 28.27010 28.33730 28.61010 27.57980 27.88890 28.32730 27.95060 29.14060 29.53890 31.06320 35.46600 38.33660 39.63780 41.39380 42.54300 42.72360 43.05710 44.01920 44.25010 43.13580 44.46630 44.93160 45.47110 45.00360 43.92870 42.56190 44.23850 43.13870 -9999 -9999 -9999 -9999 -9999 -9999 -9999
32.46330 33.36800 33.10750 34.97400 35.27370 31.61260 34.89830 38.19070 39.42480 40.29160 32.28830 42.28440 47.06380 48.44040 44.68820 43.05800 40.38520 39.31330 33.73010 32.87050 31.77240 29.30020 36.38130 34.14850 31.49280 32.23010 31.83160 33.09380 33.63190 33.02680 32.29840 31.75630 31.28730 31.69210 32.58690 31.16920 29.40830 30.00860 31.15890 31.80220 31.61390 31.17160 31.49810 32.50760 33.19530 33.27380 35.96470 37.87900 39.01200 39.85910 42.92770 43.56810 43.75230 44.47570 44.85700 46.54020 46.53990 45.92500 45.53470 45.40740 44.47820 44.65990 44.64290 45.98690 43.56250 42.66170 43.41220 43.44130 43.32540 44.13070 45.43020
41.20030 42.79860 42.25450 38.48410 38.37670 39.57590 37.27520 37.07010 38.82670 38.34720 37.93320 38.28260 43.27260 41.15280 35.09530 33.90930 35.00100 34.20150 38.56940 38.66650 35.25380 34.72720 38.43850 39.52250 33.17690 33.34400 32.37000 34.04570 35.09780 35.47490 36.05210 33.85390 33.52620 33.63920 34.49290 34.83550 33.93380 33.52770 34.23570 34.10360 33.75260 34.68090 33.37480 33.48440 33.89630 35.28110 37.64970 38.48110 39.95990 40.79140 42.97910 43.92310 43.65680 44.94110 45.56410 46.25270 46.52170 45.91530 45.87990 45.88660 45.72460 45.94370 45.51960 45.14280 43.34140 42.52320 43.97870 46.35310 47.05430 48.41970 49.14330
37.19590 37.05380 36.52190 38.19490 35.08070 34.03270 33.64660 34.96150 34.17530 33.01420 34.85080 35.78700 33.72780 30.56530 32.02600 32.32350 33.68170 33.39100 36.71220 33.89380 40.86200 37.77060 39.37800 38.58470 32.65580 32.14310 34.43630 34.16820 34.89300 35.95530 38.66550 36.94100 37.04210 36.82250 35.82520 35.47910 35.65970 34.51960 33.54330 33.10450 33.62080 33.78960 33.95860 35.15360 36.05820 37.11780 39.02490 39.96750 41.43440 41.90590 42.97020 43.73200 43.67770 44.46890 45.49920 45.49430 46.28970 47.15060 45.23390 45.28460 45.94950 46.23300 45.65090 44.67320 44.62480 45.55930 46.60150 47.41770 46.97480 48.06360 50.01960
38.81260 40.06420 41.80800 38.19130 36.76000 36.21570 35.08340 32.33140 33.98380 33.06150 32.57100 32.12830 31.70570 31.39940 33.79970 34.78000 33.39570 33.90610 43.68390 42.90570 38.00970 38.73390 38.55750 39.61200 32.29900 33.33570 35.59140 35.70790 36.80330 36.91690 39.69030 39.56440 39.07070 38.20450 36.54880 35.77060 35.59920 34.45270 34.28890 34.31230 34.42330 34.32540 36.45650 37.33750 37.60770 38.04950 38.86740 40.50530 41.89800 41.98670 43.11890 43.94400 43.93950 43.46580 44.38420 44.42270 45.04310 46.03320 45.57960 45.20900 45.65340 45.31760 44.31070 44.50270 45.51330 45.45380 46.96550 47.23760 49.09020 49.92580 50.82820
41.96870 46.60790 49.42630 44.38300 39.72780 37.08000 37.19780 36.09840 31.06100 30.54940 30.79720 31.06500 31.83340 32.56330 33.90960 37.76930 38.58810 39.15110 41.15420 40.34420 34.24410 34.30320 37.31830 34.57350 32.67240 33.58400 35.41440 36.77510 37.42710 38.26950 38.18450 39.63370 39.79390 39.06830 37.89270 36.86110 35.81510 35.75180 35.46200 35.00570 36.02860 35.54220 36.67500 37.32170 37.94680 38.52940 40.45210 41.63930 42.46730 43.35160 43.55030 43.49090 43.33300 43.09150 43.09640 43.13370 43.73430 43.11150 42.74930 42.26150 44.18020 44.08930 43.29650 44.76360 44.48400 44.78640 45.92360 46.99520 47.19330 48.10630 49.22830
44.28980 42.69540 41.77170 34.51340 31.46690 32.66530 34.19980 35.48800 33.95500 34.08310 33.72280 32.85370 32.85890 33.08710 35.27710 37.03670 38.33990 38.37700 41.80240 41.58310 33.68750 29.40250 29.04280 31.75060 32.71630 35.00360 37.00880 37.48170 37.23110 38.63510 38.33810 39.44640 40.13820 39.27710 38.40250 37.72120 36.89520 36.53840 36.49490 36.06530 36.67310 36.76870 37.24940 37.61420 37.49680 38.98880 41.30720 42.49810 42.65660 43.36060 43.74190 43.55300 42.32740 42.09420 41.89890 41.25780 41.65530 42.24090 42.72840 43.62710 43.80090 43.95920 44.60670 44.09550 42.85730 42.31670 42.81080 44.08940 44.77460 45.60610 47.56330
45.28130 39.93220 35.87010 36.10580 39.29450 43.86200 48.51500 49.93430 47.48340 45.31070 40.00090 42.72290 41.62240 35.50590 39.28360 40.70990 42.22410 40.19020 43.71170 44.55150 34.38560 30.04490 29.24400 32.44130 31.91160 34.90290 35.80260 36.06190 37.81860 38.61990 38.34540 38.26180 39.02900 39.19520 38.50220 37.82800 38.60900 38.57520 39.97290 39.56680 39.66890 39.26430 38.72580 38.56080 39.83640 41.64350 42.69770 45.09760 45.87680 46.27740 44.52090 44.70970 43.27230 42.91420 43.48180 43.71460 42.26300 43.45030 43.76570 42.95590 43.78810 43.47830 42.09900 41.94530 39.58310 40.00270 40.86840 41.62400 43.01770 43.41210 44.77830
40.11230 41.25990 42.67480 39.52100 37.97470 42.96620 47.35830 47.64750 46.76630 43.42650 44.01010 44.37730 43.44510 41.44560 41.09360 38.81930 41.81630 40.30650 45.51710 45.44560 39.45070 29.95410 32.24300 34.69040 32.25600 32.67160 34.12520 35.05120 35.39100 36.56160 38.23790 37.92750 38.67640 37.28980 38.60980 37.99370 38.31210 39.26710 41.93550 41.78740 42.60040 43.25810 44.31740 44.53050 45.88400 46.23320 45.44700 45.63430 46.89010 46.70640 44.65550 43.15450 43.15000 42.85160 42.68830 43.15300 43.15520 42.39760 43.28940 42.63180 43.20610 41.70090 41.91780 42.47880 40.35750 39.58570 39.59740 39.88380 40.29370 40.12130 42.26840
38.54180 37.97570 37.68400 37.48230 36.87740 37.86870 37.98860 39.89670 45.28560 46.70510 47.01890 43.68140 44.82260 45.16300 46.81390 44.61210 41.93420 37.74020 35.78370 45.01190 43.28050 35.10190 31.59340 30.67260 31.17540 30.04090 29.33860 30.86450 33.02160 32.99010 32.47500 33.79740 33.10080 35.29680 32.13440 34.52730 36.42210 36.83660 40.17480 42.73570 45.26850 46.65960 46.99360 47.45290 48.47100 49.79850 50.64140 50.41060 48.81680 46.85140 44.81010 43.78760 43.74660 44.68280 44.24130 43.45700 43.10810 42.33900 41.58130 41.60520 42.81330 43.26320 43.52710 42.60980 40.36790 38.91050 38.35350 38.02710 38.24650 38.32080 39.40790
38.88790 38.24080 37.51380 37.54830 38.69240 39.45920 43.19280 44.94720 45.11540 45.35370 45.72360 46.85280 49.32190 50.04670 45.77890 41.50440 38.68190 35.78020 39.91180 41.37190 40.93330 41.72620 36.63570 37.89660 32.61100 30.29590 31.02750 30.48620 30.82130 32.93690 33.64020 34.72210 32.79840 33.83770 31.76470 33.56080 35.48570 37.34080 40.87300 42.74810 44.92260 45.88750 46.31830 47.79880 49.47730 50.43880 51.75890 51.07250 51.50360 50.33630 48.24350 46.71740 45.29110 46.58800 47.60980 45.49780 44.11760 44.12570 42.98660 42.83160 42.89450 43.85800 43.62980 42.48390 41.26550 41.23670 39.49880 37.86310 38.17460 37.64190 38.57090
46.09570 46.50240 45.86680 45.19830 43.90160 48.50390 51.73340 55.81810 57.01260 55.69650 55.60100 56.64450 51.60080 44.58170 41.59080 43.35230 40.42570 39.38190 48.21180 46.18900 43.09030 43.46720 41.09180 40.70850 37.01760 36.45030 35.34000 34.29790 35.17960 36.19410 35.73010 34.23470 32.91710 34.17310 35.15990 35.64930 35.36480 37.54690 40.07570 42.39860 44.24470 46.14830 46.59100 49.32190 50.73660 51.81930 51.46760 52.97040 51.29080 50.93230 51.22760 50.33420 47.69640 46.76870 45.72400 46.40640 45.32980 44.60280 44.44030 43.76550 42.51500 42.66070 43.91930 44.25740 42.59870 41.15000 40.20130 39.28550 37.84950 36.70910 38.21160
61.19290 60.22800 51.95240 47.17330 45.52710 46.49850 49.33650 52.84900 56.25060 57.22060 56.66120 60.16250 59.49250 58.08050 54.79680 47.55270 40.09820 40.54170 48.36420 47.86660 45.09370 47.27080 44.21210 43.92240 36.15450 35.09440 34.77090 35.70240 34.94480 34.43250 33.32160 31.39400 30.43290 31.98730 31.83660 33.65850 34.16710 36.85530 39.76930 41.96790 43.56400 44.88810 47.56020 49.61250 51.65820 53.18020 53.22390 53.73800 52.03730 51.86350 53.08340 52.12030 49.90720 48.73720 46.30580 46.84190 46.40860 46.14800 45.15680 45.33170 43.81000 43.25110 43.75470 42.95690 42.22800 41.16700 40.62470 39.93050 37.54630 36.62020 37.24070
65.32210 61.43800 57.37820 52.29140 46.93130 49.00040 54.71790 50.82900 48.23180 47.17200 47.57650 48.04900 48.02540 52.50980 51.96550 53.10990 50.56100 43.45840 48.14710 48.25330 48.42910 50.64160 47.96320 45.14980 34.96970 30.92690 32.88460 32.65280 32.50420 32.91060 31.99090 30.15200 28.82860 27.34260 28.92890 31.11160 33.79050 35.95570 40.02150 43.21460 44.47200 46.69400 48.45040 50.63660 53.30940 54.48710 54.48850 54.93640 53.37960 54.44840 53.56070 53.35980 52.10530 50.64910 48.79640 47.01520 47.23530 47.27220 45.73280 44.71750 43.95390 43.19920 43.68140 42.72350 41.94660 41.51040 41.72940 41.28170 40.26420 38.60160 38.39410
59.61650 56.31450 59.98720 58.86130 58.47250 59.30610 54.37730 51.07350 44.96030 42.36710 40.48240 41.74640 52.72490 57.03610 57.03990 56.57570 55.16000 53.27220 52.23550 52.43320 53.24220 55.02150 52.65100 47.44530 42.30210 38.12510 33.96980 28.23620 30.75880 32.41350 30.09490 26.43270 26.68770 25.29910 26.62700 29.01520 33.37810 35.81840 41.00710 43.01700 45.19550 47.30110 49.63790 52.40210 54.18670 55.67940 54.56820 54.78090 54.91440 54.97720 54.22580 53.61780 53.59300 52.69730 50.88620 48.62640 48.30900 48.33840 46.27440 46.69070 46.95040 48.01810 48.17220 46.79630 45.28640 42.69690 40.94790 40.65640 40.89170 40.84420 40.95830
54.66890 49.39240 53.25210 59.55090 57.41030 53.79790 58.96230 60.51040 59.10890 52.88170 48.28860 42.35010 48.23350 54.01130 59.07660 60.48430 59.73050 58.97730 57.12260 56.92920 55.99950 57.32900 54.72670 50.77790 45.11040 41.17980 36.12680 36.28840 33.31300 32.90540 31.40330 29.18480 27.85320 26.50530 27.56320 30.19970 34.46000 37.14800 39.61920 42.06800 44.95440 47.68720 48.34270 50.76000 52.58590 53.89260 54.49900 53.62180 52.33740 52.82440 52.10790 52.63400 53.90600 52.94560 52.02340 51.39150 49.83610 49.38050 47.56320 46.69110 45.33210 45.34490 44.55990 43.64490 42.94470 41.48950 40.85500 41.31180 41.91830 43.02830 41.78660
57.08930 -9999 48.47480 57.80590 65.96560 70.51580 -9999 70.11350 68.09850 64.98430 62.91310 57.38720 58.16610 56.68320 56.24900 55.48690 51.68660 57.04070 62.71660 62.21750 62.09320 60.26780 59.88100 56.04310 51.60710 46.33130 41.35350 37.31040 37.49070 37.93920 37.04850 35.39970 30.35190 29.60360 29.79720 31.19340 35.38510 37.69500 40.54960 42.90270 45.75390 46.58250 48.26620 49.42990 51.30660 51.55090 53.01950 52.23000 51.82650 52.26300 51.78950 52.02440 53.25870 53.11180 52.22980 52.05570 49.96920 49.03380 48.83180 47.98350 46.78640 45.24250 44.12910 42.93740 42.39400 41.29560 40.90720 41.21920 42.49600 43.77400 43.39860
