data/hydroclimate-scenarios/BCSD_hadcm_A1B/monthly_summaries/rh_monthly_avg_dec.2030-2059.asc
ncols	311
nrows	91
xllcenter	102.75
yllcenter	31.75
cellsize	0.5
NODATA_value	-9999
[rows 0 to 31 of 91, columns 0 to 70 of 311]
-9999 -9999 -9999 -9999 -9999 -9999 -9999 -9999 -9999 -9999 -9999 -9999 -9999 -9999 -9999 -9999 -9999 -9999 -9999 -9999 -9999 -9999 -9999 -9999 -9999 -9999 -9999 -9999 -9999 -9999 -9999 -9999 -9999 -9999 -9999 -9999 -9999 -9999 -9999 -9999 -9999 -9999 -9999 -9999 -9999 -9999 -9999 -9999 -9999 -9999 -9999 -9999 -9999 -9999 -9999 -9999 -9999 -9999 -9999 -9999 -9999 -9999 -9999 -9999 -9999 -9999 -9999 -9999 -9999 -9999 -9999
-9999 -9999 -9999 -9999 -9999 -9999 -9999 -9999 -9999 -9999 -9999 -9999 -9999 -9999 -9999 -9999 -9999 -9999 -9999 -9999 -9999 -9999 -9999 -9999 -9999 -9999 -9999 -9999 -9999 -9999 -9999 -9999 -9999 -9999 -9999 -9999 -9999 -9999 -9999 -9999 -9999 -9999 -9999 -9999 -9999 -9999 -9999 -9999 -9999 -9999 -9999 -9999 -9999 -9999 -9999 -9999 -9999 -9999 -9999 -9999 -9999 -9999 -9999 -9999 -9999 -9999 -9999 -9999 -9999 -9999 -9999
-9999 -9999 -9999 -9999 -9999 -9999 -9999 -9999 -9999 -9999 -9999 -9999 -9999 -9999 -9999 -9999 -9999 -9999 -9999 -9999 -9999 -9999 -9999 -9999 -9999 -9999 -9999 -9999 -9999 -9999 -9999 -9999 -9999 -9999 -9999 -9999 -9999 -9999 -9999 -9999 -9999 -9999 -9999 -9999 -9999 -9999 -9999 -9999 -9999 -9999 -9999 -9999 -9999 -9999 -9999 -9999 -9999 -9999 -9999 -9999 -9999 -9999 -9999 -9999 -9999 -9999 -9999 -9999 -9999 -9999 -9999
-9999 -9999 -9999 -9999 -9999 -9999 -9999 -9999 -9999 -9999 -9999 -9999 -9999 -9999 -9999 -9999 -9999 -9999 -9999 -9999 -9999 -9999 -9999 -9999 -9999 -9999 -9999 -9999 -9999 -9999 -9999 -9999 -9999 -9999 -9999 -9999 -9999 -9999 -9999 -9999 -9999 -9999 -9999 -9999 -9999 -9999 -9999 -9999 -9999 -9999 -9999 -9999 -9999 -9999 -9999 -9999 -9999 -9999 -9999 -9999 -9999 -9999 -9999 -9999 -9999 -9999 -9999 -9999 -9999 -9999 -9999
-9999 -9999 -9999 -9999 -9999 -9999 -9999 -9999 -9999 -9999 -9999 -9999 -9999 -9999 -9999 -9999 -9999 -9999 -9999 -9999 -9999 -9999 -9999 -9999 -9999 -9999 -9999 -9999 -9999 -9999 -9999 -9999 -9999 -9999 -9999 -9999 -9999 -9999 -9999 -9999 -9999 -9999 -9999 -9999 -9999 -9999 -9999 -9999 -9999 -9999 -9999 -9999 -9999 -9999 -9999 -9999 -9999 -9999 -9999 -9999 -9999 -9999 -9999 -9999 -9999 -9999 -9999 -9999 -9999 -9999 -9999
-9999 -9999 -9999 -9999 -9999 -9999 -9999 -9999 -9999 -9999 -9999 -9999 -9999 -9999 -9999 -9999 -9999 -9999 -9999 -9999 -9999 -9999 -9999 -9999 -9999 -9999 -9999 -9999 -9999 -9999 -9999 -9999 -9999 -9999 -9999 -9999 -9999 -9999 -9999 -9999 -9999 -9999 -9999 -9999 -9999 -9999 -9999 -9999 -9999 -9999 -9999 -9999 -9999 -9999 -9999 -9999 -9999 -9999 -9999 -9999 -9999 -9999 -9999 -9999 -9999 -9999 -9999 -9999 -9999 -9999 -9999
-9999 -9999 -9999 -9999 -9999 -9999 -9999 -9999 -9999 -9999 -9999 -9999 -9999 -9999 -9999 -9999 -9999 -9999 -9999 -9999 -9999 -9999 -9999 -9999 -9999 -9999 -9999 -9999 -9999 -9999 -9999 -9999 -9999 -9999 -9999 -9999 -9999 -9999 -9999 -9999 -9999 -9999 -9999 -9999 -9999 -9999 -9999 -9999 -9999 -9999 -9999 -9999 -9999 -9999 -9999 -9999 -9999 -9999 -9999 -9999 -9999 -9999 -9999 -9999 -9999 -9999 -9999 -9999 -9999 -9999 -9999
-9999 -9999 -9999 -9999 -9999 -9999 -9999 -9999 -9999 -9999 -9999 -9999 -9999 -9999 -9999 -9999 -9999 -9999 -9999 -9999 -9999 -9999 -9999 -9999 -9999 -9999 -9999 -9999 -9999 -9999 -9999 -9999 -9999 -9999 -9999 -9999 -9999 -9999 -9999 -9999 -9999 -9999 72.29650 71.95700 72.20360 72.11640 72.04730 71.83620 71.79430 71.77310 72.06730 72.04180 -9999 -9999 -9999 -9999 -9999 -9999 -9999 -9999 -9999 -9999 -9999 -9999 -9999 -9999 -9999 -9999 -9999 -9999 -9999
-9999 -9999 -9999 -9999 -9999 -9999 -9999 -9999 -9999 -9999 -9999 -9999 -9999 -9999 -9999 -9999 -9999 -9999 -9999 -9999 -9999 -9999 -9999 -9999 -9999 -9999 -9999 -9999 -9999 -9999 -9999 -9999 -9999 -9999 -9999 -9999 -9999 -9999 71.61330 71.21640 71.22790 71.96160 71.89640 71.84420 72.13030 71.67560 71.95860 71.77400 71.69920 71.63490 71.93750 71.94240 71.59200 73.03230 -9999 -9999 -9999 -9999 -9999 -9999 -9999 -9999 -9999 -9999 -9999 -9999 -9999 -9999 -9999 -9999 -9999
-9999 -9999 -9999 -9999 -9999 -9999 -9999 -9999 -9999 -9999 -9999 -9999 -9999 -9999 -9999 -9999 -9999 -9999 -9999 -9999 -9999 -9999 -9999 -9999 -9999 -9999 -9999 -9999 -9999 -9999 -9999 -9999 -9999 -9999 -9999 -9999 -9999 -9999 -9999 -9999 71.64300 71.34430 71.54820 71.42480 71.38520 71.56570 71.57720 71.81440 71.75370 71.61010 71.56690 71.63970 71.96570 72.99010 -9999 -9999 -9999 -9999 -9999 -9999 -9999 -9999 -9999 -9999 -9999 -9999 -9999 -9999 -9999 -9999 -9999
-9999 -9999 -9999 -9999 -9999 -9999 -9999 -9999 -9999 -9999 -9999 -9999 -9999 -9999 -9999 -9999 -9999 -9999 -9999 -9999 -9999 -9999 -9999 -9999 -9999 -9999 -9999 -9999 -9999 -9999 -9999 -9999 -9999 -9999 -9999 -9999 -9999 -9999 -9999 -9999 -9999 -9999 -9999 -9999 71.11750 71.29420 70.77080 70.70670 71.02690 71.38540 71.27780 70.94250 71.82040 72.74390 -9999 -9999 -9999 -9999 -9999 -9999 71.28720 -9999 -9999 -9999 -9999 -9999 -9999 -9999 -9999 -9999 -9999
-9999 -9999 -9999 -9999 -9999 -9999 -9999 -9999 -9999 -9999 -9999 -9999 -9999 -9999 -9999 -9999 -9999 -9999 -9999 -9999 -9999 -9999 -9999 -9999 -9999 -9999 -9999 -9999 -9999 -9999 -9999 -9999 -9999 -9999 -9999 -9999 -9999 -9999 -9999 -9999 -9999 70.61730 70.90580 71.07040 71.04780 71.38610 70.90090 71.06100 70.75930 71.01960 70.88690 70.98280 71.42110 71.57580 -9999 -9999 -9999 -9999 -9999 71.31630 71.27450 71.14250 71.12680 70.97500 70.98580 70.58520 70.64990 70.88030 70.91930 71.09010 71.14400
-9999 -9999 -9999 -9999 -9999 -9999 -9999 -9999 -9999 -9999 -9999 -9999 -9999 -9999 -9999 -9999 -9999 -9999 -9999 -9999 -9999 -9999 -9999 -9999 -9999 -9999 -9999 -9999 -9999 -9999 -9999 -9999 -9999 -9999 -9999 -9999 -9999 -9999 -9999 -9999 -9999 71.39540 71.32510 71.07410 71.84240 71.86870 71.77470 71.21610 71.49800 71.01860 70.90960 70.49050 70.05960 70.66150 71.09570 71.35370 71.83040 -9999 71.90070 71.24270 71.19590 70.92820 70.92040 70.32400 69.92410 69.95170 70.33260 70.58160 70.64470 70.84080 70.89200
-9999 -9999 -9999 -9999 -9999 -9999 -9999 -9999 -9999 -9999 -9999 -9999 -9999 -9999 -9999 -9999 -9999 -9999 -9999 -9999 -9999 -9999 -9999 -9999 -9999 -9999 -9999 -9999 -9999 -9999 -9999 -9999 -9999 -9999 -9999 70.78640 71.05530 70.82880 70.76750 71.28570 71.59380 71.93850 71.51050 71.63310 71.94950 71.94590 72.28880 71.67540 71.57800 70.98920 70.45040 69.74050 69.16560 69.74950 69.71290 70.00720 70.58640 71.11220 71.86120 71.22270 71.20810 70.90090 70.51470 69.31750 69.37450 69.87380 69.84930 70.08480 70.51660 70.31910 70.36610
-9999 -9999 -9999 -9999 -9999 -9999 -9999 -9999 -9999 -9999 -9999 -9999 -9999 -9999 -9999 -9999 -9999 -9999 -9999 -9999 -9999 -9999 -9999 -9999 -9999 -9999 -9999 -9999 -9999 -9999 -9999 -9999 -9999 -9999 70.48790 70.24710 70.53890 70.82750 71.10100 71.66940 71.97500 72.26020 71.88080 72.46880 72.39340 72.37780 72.31130 72.05660 71.50730 70.47120 69.52610 69.39400 68.37390 68.37490 68.45860 69.49820 70.41160 70.38630 71.59490 71.11970 70.60450 69.59020 69.51460 68.94030 69.93820 70.37920 69.89780 69.68760 69.11800 69.16620 68.68320
-9999 -9999 -9999 -9999 -9999 -9999 -9999 -9999 -9999 -9999 -9999 -9999 -9999 -9999 -9999 -9999 -9999 -9999 -9999 -9999 -9999 -9999 -9999 -9999 -9999 -9999 -9999 -9999 -9999 -9999 -9999 -9999 -9999 69.85980 70.14450 70.01220 70.32540 70.56210 70.88510 71.80220 72.41840 72.31300 72.63210 72.51400 72.79780 72.40400 72.23710 71.68890 70.24350 69.18010 68.21140 67.86130 66.38090 67.49710 68.43940 69.09250 69.45850 70.68640 71.15390 70.21760 69.69530 69.98880 70.03000 70.39610 69.98330 69.86030 69.36180 69.18140 68.78270 69.10370 68.65530
-9999 -9999 -9999 -9999 -9999 -9999 -9999 -9999 -9999 -9999 -9999 -9999 -9999 -9999 -9999 -9999 -9999 -9999 -9999 -9999 -9999 -9999 -9999 -9999 -9999 -9999 -9999 -9999 -9999 -9999 -9999 69.31970 69.25140 69.69020 69.98670 70.13930 70.79520 71.44840 71.41180 72.23990 72.17420 72.54820 72.82640 72.64470 72.50260 72.37940 71.96080 71.69300 70.65200 69.70490 68.67010 67.65390 65.61510 66.58350 67.52120 68.81750 69.81300 70.16630 69.20690 69.18340 70.03200 69.63600 69.62610 70.09040 69.91310 69.38990 69.33650 69.90500 69.50920 68.40870 67.49330
-9999 -9999 -9999 -9999 -9999 -9999 -9999 -9999 -9999 -9999 -9999 -9999 -9999 -9999 -9999 -9999 -9999 -9999 -9999 -9999 -9999 -9999 -9999 -9999 -9999 -9999 -9999 -9999 -9999 68.86760 69.14010 68.98590 68.91120 69.39310 70.03120 70.24510 70.88920 71.17960 71.44320 71.65960 72.30070 72.64850 72.93570 72.73890 72.60010 71.70040 71.56890 70.90610 69.34100 68.42970 67.78110 66.27350 65.21330 66.95760 66.95190 67.92370 69.34020 69.23530 69.69720 69.75800 69.68930 69.58880 69.55820 69.45380 69.87670 69.39620 68.79180 68.41390 68.03500 67.98920 68.44650
-9999 -9999 -9999 -9999 -9999 -9999 -9999 -9999 -9999 -9999 -9999 -9999 -9999 -9999 -9999 -9999 -9999 -9999 -9999 -9999 -9999 -9999 -9999 -9999 67.89720 67.83130 67.88380 68.38470 68.06550 68.53640 68.42630 68.66420 69.26670 69.44090 70.01910 70.53250 70.44970 70.93270 71.56310 72.00070 72.66190 73.06390 73.00160 72.73310 72.57550 72.04060 71.89420 70.54630 69.43500 68.49820 68.33390 66.58870 66.51370 67.80400 68.65230 68.97770 69.50050 69.88290 69.82200 69.85880 70.29910 70.15070 70.49990 70.09740 70.06400 69.49020 69.88810 69.84300 69.36040 68.51150 66.49470
-9999 -9999 -9999 -9999 -9999 -9999 64.16640 64.36060 64.71260 65.27340 65.25200 -9999 -9999 -9999 -9999 -9999 -9999 -9999 -9999 -9999 -9999 67.10840 66.66800 66.81570 67.11950 66.79550 67.41510 67.23630 67.52440 67.59610 67.84920 68.40750 68.37060 69.41700 69.65900 69.80500 70.39920 70.94170 71.60210 71.91060 72.58610 73.05400 72.98830 72.70360 72.53790 71.60540 71.49150 70.41180 68.91340 68.31220 67.23790 66.90600 66.26640 66.82530 68.62620 68.98990 69.32720 69.70020 69.82830 70.16920 70.18220 70.03380 69.50070 69.01710 68.59130 69.90020 69.94060 69.24850 68.81160 69.22620 68.39240
-9999 -9999 -9999 -9999 -9999 63.32660 63.27580 63.07380 63.77680 63.90710 63.95810 63.80800 64.15600 64.03110 -9999 -9999 -9999 65.58350 65.95070 65.83280 66.01080 66.03910 66.27190 66.21410 66.10190 66.48880 66.47820 66.54680 67.16440 66.44530 67.71870 67.97270 68.22360 68.60100 69.45310 69.65530 70.29730 70.59610 71.26020 71.92880 72.56030 73.04610 72.95610 72.78790 72.25610 72.10230 71.08330 69.55180 68.52060 67.90250 67.30090 67.00440 66.94130 68.14680 68.61900 68.60170 68.57530 68.98320 70.26320 69.97500 70.01460 69.54160 69.01530 69.09470 68.08110 67.36220 67.48900 67.78660 68.68490 68.31330 68.31260
-9999 62.47910 62.46980 62.53410 62.07450 62.05880 61.99820 62.22100 62.17180 62.65750 62.63240 62.69780 62.92370 63.28330 63.63460 64.33930 65.09740 64.88550 64.95590 65.17490 65.42290 65.30900 65.25040 65.39700 66.04790 65.66630 65.64010 66.07940 66.03200 66.65320 67.02370 67.46470 67.75660 68.15990 68.75480 69.00780 69.61980 70.23670 70.60100 71.44540 72.11840 72.82900 72.74820 72.17690 72.01870 71.55770 70.50420 69.65970 68.63520 67.97640 66.93680 66.54490 66.50020 65.87270 66.35380 66.68990 67.57480 68.91600 68.78040 68.56820 69.04500 68.43490 67.52640 67.58190 66.93270 66.87360 67.42710 66.80420 67.76550 66.81440 65.38280
-9999 61.53460 61.60540 61.93990 61.92740 62.00150 62.02100 62.62090 62.59490 62.53230 62.84940 61.56450 61.13710 61.60270 61.60260 63.48330 64.08740 64.08420 64.60360 65.00940 64.89320 65.07780 65.31310 65.25650 65.56100 65.83520 65.72330 66.04420 66.02800 66.58610 67.18400 67.17630 67.77960 68.13490 68.76680 69.44560 69.72860 70.38210 71.04690 71.40440 72.13310 72.41820 72.30990 72.76820 72.64670 72.06510 71.85520 70.68330 69.63970 68.68660 68.42300 66.91310 66.41390 65.13620 65.46400 66.70270 67.24860 67.54260 68.39980 67.73560 68.21410 67.69510 67.63580 67.65800 67.15170 67.05880 66.58650 67.36350 67.42620 67.36760 66.95790
-9999 -9999 -9999 61.22100 60.83900 61.35560 61.67290 61.68870 61.64540 62.03180 62.27050 61.45190 61.75780 61.78990 61.68260 63.55170 63.91480 64.69240 64.74950 64.49150 64.69110 64.86630 64.78940 64.97390 64.97350 65.20340 65.86210 65.87830 66.20120 66.68540 67.01540 66.90280 67.49940 67.87300 68.48670 69.18940 69.80090 70.05400 70.35230 71.14610 71.45230 72.15370 71.95950 71.98740 72.19170 71.99820 71.42310 70.31760 70.06640 69.47880 68.35990 67.33040 66.27220 65.14040 65.95800 65.67030 67.07500 66.94210 66.87930 66.71940 67.62820 66.94880 66.64550 66.51160 67.03370 66.77530 67.64890 67.00600 66.85370 66.77530 66.37660
-9999 -9999 -9999 -9999 -9999 -9999 61.48570 61.73250 61.67050 61.78690 62.06940 60.93310 61.22530 61.99480 61.99180 63.67890 64.07730 64.12060 64.93450 65.15970 65.11460 64.94980 65.20520 64.68350 65.22170 65.01680 65.05630 66.04450 66.01620 66.20470 66.48080 66.80490 67.12150 68.12670 68.41780 69.15690 69.36430 70.33560 70.33590 71.00890 71.26090 71.52650 71.71650 72.14820 71.95300 71.73760 71.57730 69.95750 69.78340 69.05750 67.57270 66.01200 65.40080 66.61890 65.96290 65.19450 66.07500 65.36250 64.85290 65.17340 65.02410 65.29870 64.95940 64.99670 65.62520 65.68610 66.83280 66.95400 66.46630 66.50590 66.04220
-9999 -9999 -9999 -9999 -9999 -9999 61.00650 61.10600 61.51550 61.45230 61.51400 60.94090 60.97400 61.44340 61.70920 63.12640 63.64160 63.92280 64.01480 64.39260 64.55540 64.74910 64.65110 64.74150 64.68670 64.89360 65.55140 65.49540 65.80910 65.66110 66.23030 66.24550 66.83340 67.84680 68.09110 68.83500 69.50910 70.09360 70.42380 70.68650 70.94660 71.57360 71.48810 71.93240 71.70660 71.75350 71.25130 70.94320 70.70560 70.13920 69.04590 68.03190 67.41700 66.73900 66.63920 67.29210 67.13370 65.98450 66.35470 65.55460 64.40620 64.74470 64.80320 64.99840 65.05890 66.18110 67.12090 67.51750 67.16000 67.53110 66.56270
-9999 -9999 -9999 -9999 -9999 -9999 -9999 -9999 -9999 -9999 61.93620 62.00090 62.31530 63.26400 63.26620 63.60680 64.06660 64.30910 64.78230 64.97700 65.22920 64.95680 65.20470 64.62270 65.15020 64.74060 64.72970 64.99500 65.56850 65.66980 65.90460 66.43780 66.69250 67.62750 68.24400 69.56330 69.82960 70.59040 71.22300 71.35550 71.65170 71.82440 71.79500 71.60890 71.69780 71.54050 71.30950 71.25390 71.10690 70.54340 70.68190 69.95310 69.39040 70.03540 69.61910 69.57730 69.11220 68.70980 68.60050 67.78470 67.71530 67.48970 67.16490 66.54180 66.97790 67.65100 67.77200 67.75670 68.11300 68.67540 67.74950
-9999 -9999 -9999 -9999 -9999 -9999 -9999 -9999 -9999 -9999 62.23120 62.35680 62.23130 62.88940 63.20320 63.56990 64.05370 64.22850 64.41400 64.95800 65.11270 64.59000 64.83320 64.76650 65.01880 64.78660 65.33590 64.89820 65.21060 65.18340 65.43330 66.03740 66.86860 67.53240 68.19140 69.42280 70.07540 70.50840 70.69810 71.19170 71.52100 71.29750 71.59480 71.48920 71.19870 71.02770 71.17380 70.74640 70.90250 70.56230 70.41120 70.03090 69.95810 69.82040 69.87980 69.77990 69.59920 69.31690 69.67430 68.78950 68.78160 69.13330 69.09290 69.47450 69.63260 69.66760 69.78170 70.12940 70.15670 68.88160 68.53790
-9999 -9999 -9999 -9999 -9999 -9999 -9999 -9999 -9999 -9999 -9999 -9999 62.12940 62.52750 62.66510 63.44430 64.30620 65.05390 65.09780 65.18570 65.08600 65.10050 65.32440 64.76470 65.06120 65.31130 65.17250 64.80080 65.01270 64.79410 65.08330 65.43140 66.37450 67.04890 68.34490 69.16130 69.76550 70.11420 70.41320 70.87900 70.87450 71.04120 70.97630 71.31950 71.13490 70.90540 71.03130 70.60950 70.35190 69.98940 70.06060 69.38880 69.59580 69.50730 69.86910 69.38870 69.65680 68.60640 69.20990 68.42850 68.76180 69.05870 69.01350 69.44670 69.59780 69.71830 70.21290 70.60210 70.33030 69.97000 68.56320
-9999 -9999 -9999 -9999 -9999 -9999 -9999 -9999 -9999 -9999 -9999 -9999 62.20410 62.43620 62.83850 63.59000 64.37940 64.78710 64.78900 64.61010 65.16710 64.79870 65.09750 65.22030 65.03950 65.01990 64.94330 64.91080 64.43040 64.53420 64.53280 65.53620 66.16090 67.12780 68.02870 68.83170 69.43830 69.73150 70.38030 70.59530 70.59420 71.09210 71.09540 71.13580 70.92160 70.68530 70.50610 70.13620 70.21920 69.73260 69.49460 69.47100 69.27050 69.51170 69.43280 69.30130 68.89600 68.52200 68.86060 68.45990 68.42080 68.65820 68.67980 69.04070 69.57140 69.70490 69.89440 70.60750 70.30200 69.49520 69.17290
-9999 -9999 -9999 -9999 -9999 -9999 -9999 -9999 -9999 -9999 -9999 59.79750 60.11470 60.72690 61.15160 60.80540 61.21770 61.64790 61.74870 62.32890 63.09770 62.74760 63.37550 63.44440 63.29530 63.50860 63.39560 64.33660 64.60820 64.18250 64.52320 64.28960 64.90340 66.13070 67.07180 67.76030 68.30510 68.22990 68.38440 68.58930 68.62230 68.59100 68.86970 68.90870 69.06310 68.92770 68.77320 68.88330 68.62130 68.66790 68.44500 69.18400 69.21190 69.00150 69.30580 67.84460 67.71570 67.47070 67.42020 67.21890 67.50670 67.79480 67.45620 67.96600 68.45630 69.10810 69.24070 68.97110 68.59440 67.43460 66.57630
-9999 -9999 -9999 -9999 -9999 -9999 -9999 -9999 -9999 -9999 -9999 59.87350 60.29990 60.45810 60.97100 60.92030 61.01510 61.42240 61.57260 62.16580 62.39280 62.84020 63.40890 63.89760 64.08570 63.90520 63.78320 64.24590 64.46030 64.29500 64.63280 64.22730 65.14190 65.82690 66.77630 67.78300 68.76860 68.29530 68.10490 68.39050 68.68910 68.66730 68.60640 68.59320 68.47450 68.31770 68.47510 68.65670 68.85670 68.92430 68.65920 69.65240 69.12390 68.87570 68.61040 67.13110 66.98950 67.12010 67.08220 67.28810 67.23390 67.50580 67.45730 67.95780 68.53140 68.83850 68.96310 68.76130 68.31100 67.14840 67.34550
