data/hydroclimate-scenarios/BCSD_hadcm_A1B/monthly_summaries/rh_monthly_avg_nov.2030-2059.asc
ncols	311
nrows	91
xllcenter	102.75
yllcenter	31.75
cellsize	0.5
NODATA_value	-9999
[rows 0 to 31 of 91, columns 0 to 70 of 311]
-9999 -9999 -9999 -9999 -9999 -9999 -9999 -9999 -9999 -9999 -9999 -9999 -9999 -9999 -9999 -9999 -9999 -9999 -9999 -9999 -9999 -9999 -9999 -9999 -9999 -9999 -9999 -9999 -9999 -9999 -9999 -9999 -9999 -9999 -9999 -9999 -9999 -9999 -9999 -9999 -9999 -9999 -9999 -9999 -9999 -9999 -9999 -9999 -9999 -9999 -9999 -9999 -9999 -9999 -9999 -9999 -9999 -9999 -9999 -9999 -9999 -9999 -9999 -9999 -9999 -9999 -9999 -9999 -9999 -9999 -9999
-9999 -9999 -9999 -9999 -9999 -9999 -9999 -9999 -9999 -9999 -9999 -9999 -9999 -9999 -9999 -9999 -9999 -9999 -9999 -9999 -9999 -9999 -9999 -9999 -9999 -9999 -9999 -9999 -9999 -9999 -9999 -9999 -9999 -9999 -9999 -9999 -9999 -9999 -9999 -9999 -9999 -9999 -9999 -9999 -9999 -9999 -9999 -9999 -9999 -9999 -9999 -9999 -9999 -9999 -9999 -9999 -9999 -9999 -9999 -9999 -9999 -9999 -9999 -9999 -9999 -9999 -9999 -9999 -9999 -9999 -9999
-9999 -9999 -9999 -9999 -9999 -9999 -9999 -9999 -9999 -9999 -9999 -9999 -9999 -9999 -9999 -9999 -9999 -9999 -9999 -9999 -9999 -9999 -9999 -9999 -9999 -9999 -9999 -9999 -9999 -9999 -9999 -9999 -9999 -9999 -9999 -9999 -9999 -9999 -9999 -9999 -9999 -9999 -9999 -9999 -9999 -9999 -9999 -9999 -9999 -9999 -9999 -9999 -9999 -9999 -9999 -9999 -9999 -9999 -9999 -9999 -9999 -9999 -9999 -9999 -9999 -9999 -9999 -9999 -9999 -9999 -9999
-9999 -9999 -9999 -9999 -9999 -9999 -9999 -9999 -9999 -9999 -9999 -9999 -9999 -9999 -9999 -9999 -9999 -9999 -9999 -9999 -9999 -9999 -9999 -9999 -9999 -9999 -9999 -9999 -9999 -9999 -9999 -9999 -9999 -9999 -9999 -9999 -9999 -9999 -9999 -9999 -9999 -9999 -9999 -9999 -9999 -9999 -9999 -9999 -9999 -9999 -9999 -9999 -9999 -9999 -9999 -9999 -9999 -9999 -9999 -9999 -9999 -9999 -9999 -9999 -9999 -9999 -9999 -9999 -9999 -9999 -9999
-9999 -9999 -9999 -9999 -9999 -9999 -9999 -9999 -9999 -9999 -9999 -9999 -9999 -9999 -9999 -9999 -9999 -9999 -9999 -9999 -9999 -9999 -9999 -9999 -9999 -9999 -9999 -9999 -9999 -9999 -9999 -9999 -9999 -9999 -9999 -9999 -9999 -9999 -9999 -9999 -9999 -9999 -9999 -9999 -9999 -9999 -9999 -9999 -9999 -9999 -9999 -9999 -9999 -9999 -9999 -9999 -9999 -9999 -9999 -9999 -9999 -9999 -9999 -9999 -9999 -9999 -9999 -9999 -9999 -9999 -9999
-9999 -9999 -9999 -9999 -9999 -9999 -9999 -9999 -9999 -9999 -9999 -9999 -9999 -9999 -9999 -9999 -9999 -9999 -9999 -9999 -9999 -9999 -9999 -9999 -9999 -9999 -9999 -9999 -9999 -9999 -9999 -9999 -9999 -9999 -9999 -9999 -9999 -9999 -9999 -9999 -9999 -9999 -9999 -9999 -9999 -9999 -9999 -9999 -9999 -9999 -9999 -9999 -9999 -9999 -9999 -9999 -9999 -9999 -9999 -9999 -9999 -9999 -9999 -9999 -9999 -9999 -9999 -9999 -9999 -9999 -9999
-9999 -9999 -9999 -9999 -9999 -9999 -9999 -9999 -9999 -9999 -9999 -9999 -9999 -9999 -9999 -9999 -9999 -9999 -9999 -9999 -9999 -9999 -9999 -9999 -9999 -9999 -9999 -9999 -9999 -9999 -9999 -9999 -9999 -9999 -9999 -9999 -9999 -9999 -9999 -9999 -9999 -9999 -9999 -9999 -9999 -9999 -9999 -9999 -9999 -9999 -9999 -9999 -9999 -9999 -9999 -9999 -9999 -9999 -9999 -9999 -9999 -9999 -9999 -9999 -9999 -9999 -9999 -9999 -9999 -9999 -9999
-9999 -9999 -9999 -9999 -9999 -9999 -9999 -9999 -9999 -9999 -9999 -9999 -9999 -9999 -9999 -9999 -9999 -9999 -9999 -9999 -9999 -9999 -9999 -9999 -9999 -9999 -9999 -9999 -9999 -9999 -9999 -9999 -9999 -9999 -9999 -9999 -9999 -9999 -9999 -9999 -9999 -9999 74.55090 74.34620 74.32720 74.30490 73.94680 73.87900 74.19450 73.78860 73.41320 72.88670 -9999 -9999 -9999 -9999 -9999 -9999 -9999 -9999 -9999 -9999 -9999 -9999 -9999 -9999 -9999 -9999 -9999 -9999 -9999
-9999 -9999 -9999 -9999 -9999 -9999 -9999 -9999 -9999 -9999 -9999 -9999 -9999 -9999 -9999 -9999 -9999 -9999 -9999 -9999 -9999 -9999 -9999 -9999 -9999 -9999 -9999 -9999 -9999 -9999 -9999 -9999 -9999 -9999 -9999 -9999 -9999 -9999 74.68470 73.93910 74.27980 74.25910 74.21450 74.03640 74.32530 74.31090 73.93720 73.92640 73.91220 73.48750 73.81890 72.65690 72.66440 72.57130 -9999 -9999 -9999 -9999 -9999 -9999 -9999 -9999 -9999 -9999 -9999 -9999 -9999 -9999 -9999 -9999 -9999
-9999 -9999 -9999 -9999 -9999 -9999 -9999 -9999 -9999 -9999 -9999 -9999 -9999 -9999 -9999 -9999 -9999 -9999 -9999 -9999 -9999 -9999 -9999 -9999 -9999 -9999 -9999 -9999 -9999 -9999 -9999 -9999 -9999 -9999 -9999 -9999 -9999 -9999 -9999 -9999 74.13580 74.11870 73.64700 73.50300 73.56550 73.51210 73.53490 73.63950 73.57630 73.46280 73.15270 72.36770 72.35390 72.51500 -9999 -9999 -9999 -9999 -9999 -9999 -9999 -9999 -9999 -9999 -9999 -9999 -9999 -9999 -9999 -9999 -9999
-9999 -9999 -9999 -9999 -9999 -9999 -9999 -9999 -9999 -9999 -9999 -9999 -9999 -9999 -9999 -9999 -9999 -9999 -9999 -9999 -9999 -9999 -9999 -9999 -9999 -9999 -9999 -9999 -9999 -9999 -9999 -9999 -9999 -9999 -9999 -9999 -9999 -9999 -9999 -9999 -9999 -9999 -9999 -9999 72.71900 72.31270 71.82460 71.83940 72.22140 72.32810 72.27210 72.31170 72.79710 72.75330 -9999 -9999 -9999 -9999 -9999 -9999 71.06520 -9999 -9999 -9999 -9999 -9999 -9999 -9999 -9999 -9999 -9999
-9999 -9999 -9999 -9999 -9999 -9999 -9999 -9999 -9999 -9999 -9999 -9999 -9999 -9999 -9999 -9999 -9999 -9999 -9999 -9999 -9999 -9999 -9999 -9999 -9999 -9999 -9999 -9999 -9999 -9999 -9999 -9999 -9999 -9999 -9999 -9999 -9999 -9999 -9999 -9999 -9999 73.17070 73.14400 72.07280 72.40710 72.42340 72.35810 71.91190 71.64540 72.04750 71.58280 71.95910 72.44630 72.46740 -9999 -9999 -9999 -9999 -9999 70.78800 70.43030 70.79090 70.45150 71.12320 70.81360 70.81660 70.89190 71.09210 70.80730 70.98990 71.07120
-9999 -9999 -9999 -9999 -9999 -9999 -9999 -9999 -9999 -9999 -9999 -9999 -9999 -9999 -9999 -9999 -9999 -9999 -9999 -9999 -9999 -9999 -9999 -9999 -9999 -9999 -9999 -9999 -9999 -9999 -9999 -9999 -9999 -9999 -9999 -9999 -9999 -9999 -9999 -9999 -9999 73.23560 73.51300 72.58550 73.01300 72.97590 72.65090 72.21390 72.19150 72.13200 71.70990 71.29270 70.89150 71.32200 71.76010 70.41940 70.88520 -9999 70.89680 70.49860 70.45390 70.14180 70.12260 70.49020 70.47280 70.50910 70.27340 70.28840 70.40800 70.17570 70.26740
-9999 -9999 -9999 -9999 -9999 -9999 -9999 -9999 -9999 -9999 -9999 -9999 -9999 -9999 -9999 -9999 -9999 -9999 -9999 -9999 -9999 -9999 -9999 -9999 -9999 -9999 -9999 -9999 -9999 -9999 -9999 -9999 -9999 -9999 -9999 72.56650 72.90270 72.69010 72.69660 73.59790 73.60110 73.95730 73.90210 72.59670 72.62500 72.61210 72.61790 72.27750 71.85360 71.42000 70.85270 70.79480 69.85140 69.98530 69.96850 68.61870 69.19710 69.96000 70.40180 70.04970 70.00790 69.69050 69.67200 69.14430 69.24480 69.72480 69.73030 69.74950 69.87010 69.97360 69.68280
-9999 -9999 -9999 -9999 -9999 -9999 -9999 -9999 -9999 -9999 -9999 -9999 -9999 -9999 -9999 -9999 -9999 -9999 -9999 -9999 -9999 -9999 -9999 -9999 -9999 -9999 -9999 -9999 -9999 -9999 -9999 -9999 -9999 -9999 71.48520 71.63980 71.70980 71.70180 72.06390 73.72440 74.04230 73.83660 74.14720 74.16680 74.15030 73.79850 73.77260 73.24180 72.40000 71.09290 70.23770 70.28620 68.99400 68.58990 68.63300 68.49730 69.39830 69.76480 70.31600 71.11190 70.32500 69.82810 69.44690 68.68350 69.33840 69.23960 69.19200 68.72090 67.86080 68.10280 67.33940
-9999 -9999 -9999 -9999 -9999 -9999 -9999 -9999 -9999 -9999 -9999 -9999 -9999 -9999 -9999 -9999 -9999 -9999 -9999 -9999 -9999 -9999 -9999 -9999 -9999 -9999 -9999 -9999 -9999 -9999 -9999 -9999 -9999 71.12920 71.44750 71.37550 71.68020 71.67310 72.03770 73.72330 73.74560 74.16290 73.84320 74.21410 73.89400 73.83780 73.12040 72.50090 71.14610 69.83900 69.25530 67.98850 66.20380 67.22120 68.16740 67.98250 67.98480 68.97300 69.43430 70.10260 69.29140 69.50030 69.85620 69.74910 69.38900 68.80420 68.35910 67.79450 67.49210 67.54550 67.16800
-9999 -9999 -9999 -9999 -9999 -9999 -9999 -9999 -9999 -9999 -9999 -9999 -9999 -9999 -9999 -9999 -9999 -9999 -9999 -9999 -9999 -9999 -9999 -9999 -9999 -9999 -9999 -9999 -9999 -9999 -9999 70.20130 70.49200 70.44280 70.74920 70.98310 71.70950 72.04220 72.34390 73.71390 73.71020 73.81800 74.16520 73.85390 73.78190 73.32940 72.61900 72.42790 71.17670 70.20770 68.57640 68.07350 65.40860 66.84570 67.42030 67.28060 68.26010 68.58650 67.72530 68.85800 69.33090 69.37240 69.01830 69.10520 68.71450 68.10700 67.79190 67.85780 67.90410 66.60070 65.74210
-9999 -9999 -9999 -9999 -9999 -9999 -9999 -9999 -9999 -9999 -9999 -9999 -9999 -9999 -9999 -9999 -9999 -9999 -9999 -9999 -9999 -9999 -9999 -9999 -9999 -9999 -9999 -9999 -9999 69.56910 69.51890 69.80760 70.13520 70.10930 70.46210 70.69050 71.07010 71.31230 71.97020 73.57480 73.56690 74.00230 73.97550 73.79520 73.38320 72.61630 72.21360 71.63790 69.51810 68.64270 67.67520 65.93110 64.97400 66.47580 66.45890 66.34950 67.74140 67.31600 67.72780 68.91730 68.50210 68.46050 68.43470 67.82310 68.27780 67.76150 66.91180 66.03410 65.71130 66.09950 66.24650
-9999 -9999 -9999 -9999 -9999 -9999 -9999 -9999 -9999 -9999 -9999 -9999 -9999 -9999 -9999 -9999 -9999 -9999 -9999 -9999 -9999 -9999 -9999 -9999 69.21270 69.12050 69.51350 69.59430 69.85350 69.66610 69.60650 69.89620 70.20630 70.54090 70.80810 71.08850 71.33720 71.95170 71.97050 73.09630 73.85770 73.91060 74.20420 73.63270 72.89210 72.49500 72.44060 70.74150 68.99500 68.11990 67.72240 65.80510 65.40830 66.50840 67.42100 67.52180 68.37320 68.34960 67.91010 68.40370 68.45610 68.28380 68.33560 67.54520 67.20050 66.38220 66.88120 67.27710 66.19760 65.60510 63.33810
-9999 -9999 -9999 -9999 -9999 -9999 64.55850 64.61240 64.97450 65.32160 65.66830 -9999 -9999 -9999 -9999 -9999 -9999 -9999 -9999 -9999 -9999 68.87660 68.08840 68.30230 68.27850 68.20140 68.50030 68.53790 68.88880 68.74060 69.05120 69.65790 69.59720 70.28050 70.23970 70.40500 71.04330 71.35960 72.05460 72.87870 73.93980 73.98030 74.31340 73.68710 72.92290 72.15250 71.78040 70.49380 69.07850 68.20540 66.86130 65.99560 65.05840 65.80450 67.21850 67.67730 67.69870 67.99640 68.40590 68.53390 68.15470 67.93540 67.13110 66.19890 65.82440 66.86340 66.98880 66.48000 65.79110 65.84100 65.68890
-9999 -9999 -9999 -9999 -9999 64.11970 64.07280 63.35370 64.10880 64.13230 64.53870 64.58590 64.98750 65.09650 -9999 -9999 -9999 66.78860 67.44780 67.39710 67.68940 67.49840 67.74320 67.62340 67.56550 68.14860 68.17560 68.12330 68.42350 68.60420 68.98830 69.20960 69.50480 70.18940 70.50530 70.35780 70.98370 71.65540 71.99330 73.15830 73.85460 74.19240 74.14930 73.46930 72.65940 72.27940 71.03780 69.57920 67.98920 67.20140 66.62630 65.89250 65.93710 66.50270 66.91570 67.00140 67.02470 67.36180 68.30370 67.53200 67.55260 67.31290 66.94420 66.03000 65.10200 63.81580 64.70480 64.38570 64.93220 64.85320 64.54220
-9999 63.91470 63.83010 63.65290 63.49770 63.54630 63.19700 63.23910 63.17240 63.29910 63.58110 63.77800 64.03150 64.59100 65.23990 65.79090 66.54570 66.32570 66.37870 66.97990 67.30520 67.42180 67.34540 67.57390 67.88890 67.40830 67.68490 67.63250 67.59080 67.82680 68.79930 68.74940 69.35490 69.70950 70.00560 70.19320 70.78320 71.41810 71.75480 72.91330 73.23470 73.90830 73.56650 73.16580 72.77530 72.03090 70.80400 69.47170 68.49990 67.36170 66.42310 65.21470 65.58590 64.70450 65.16800 65.70060 66.24270 67.53120 67.05130 66.79440 67.22880 66.24590 65.34580 64.80200 63.53090 63.90860 64.45570 63.56810 64.53830 63.56040 62.20540
-9999 62.81350 62.89690 63.06530 63.31960 63.44300 63.43810 63.06740 63.39930 63.35690 63.65480 63.64890 63.53540 64.19770 64.56710 64.93900 65.24420 65.57230 66.02070 66.70930 66.66520 66.93530 67.18650 67.20820 67.46670 67.34800 67.28560 67.31060 67.29120 67.54820 68.19110 68.82770 69.10200 69.28100 69.91830 70.31380 70.90190 71.29650 71.95150 72.39990 72.74790 73.04550 73.36100 72.79400 72.76840 72.33380 71.55600 70.47090 69.57370 67.92150 67.44410 65.57940 65.12050 63.37380 63.38910 64.65930 65.58080 65.63640 66.03410 65.78440 65.91070 65.20780 64.82070 64.52430 63.70540 63.25470 63.19190 63.63220 63.32280 63.29490 63.22470
-9999 -9999 -9999 62.14240 62.09870 62.27390 62.60060 62.60150 62.55740 62.99300 63.22240 63.96850 63.92310 64.25760 64.12990 64.54500 64.94740 65.96110 65.97740 65.99850 66.22500 66.54800 66.85490 66.75020 67.04380 66.98910 67.23180 66.95160 67.58170 67.51440 68.09600 68.02990 68.65840 69.15820 69.77250 70.14780 70.39990 70.79640 71.36800 72.20470 72.19380 72.81780 73.04400 72.49990 72.11580 72.04460 70.90550 70.24470 69.70260 68.50780 67.19200 65.72860 64.44960 63.49700 64.00800 63.54350 64.88820 64.89020 64.48270 64.66890 65.54500 64.43390 64.01440 62.90910 63.00680 63.38580 63.85570 63.29170 62.85860 61.98170 62.34370
-9999 -9999 -9999 -9999 -9999 -9999 61.71740 62.46320 62.06700 62.63000 62.68440 63.40670 63.41890 64.07580 64.04510 64.62030 65.31680 65.24180 65.69190 66.31250 66.25300 66.52150 66.54000 66.55500 66.86440 66.68190 66.96030 67.06760 67.35150 67.46410 67.70190 68.00720 68.28070 68.45330 69.42740 69.76390 70.32360 70.62430 71.19740 71.50910 71.81760 72.11540 72.04640 71.99510 71.88860 71.80550 71.40430 70.13770 69.38000 68.40520 66.68620 64.72580 63.97680 65.22160 63.98370 63.24840 63.74650 63.16990 62.35050 63.06220 62.91370 62.44410 62.37020 61.27640 61.84290 61.81230 63.19460 62.76100 62.24380 62.16850 61.76660
-9999 -9999 -9999 -9999 -9999 -9999 61.67190 61.68870 61.74330 62.12250 62.20470 62.67780 62.98070 63.66370 63.89200 64.20100 64.94690 64.89040 65.56440 65.52230 65.79790 66.10630 66.06390 66.10270 66.39890 66.37240 66.97580 66.64330 66.94810 66.73230 66.98110 67.22600 67.77570 68.30660 68.53640 69.52790 70.13400 70.43710 70.96960 70.97010 71.27290 71.59010 71.55890 71.80620 71.71010 71.58000 70.90590 71.18830 70.41000 69.55110 68.30900 66.88570 65.72990 64.83430 64.77840 65.35620 64.53740 63.52350 63.57510 63.22480 61.42540 61.66580 61.64380 61.06770 61.03120 62.42310 62.89670 62.94430 63.33280 62.83530 61.89260
-9999 -9999 -9999 -9999 -9999 -9999 -9999 -9999 -9999 -9999 62.45680 61.09300 61.10390 62.57040 62.53060 62.61920 63.29930 63.61450 64.07540 64.61450 64.57000 64.73270 64.74480 65.75470 66.04440 65.90730 66.20760 66.41110 66.36340 66.55680 66.78180 66.83950 67.36070 67.98230 68.54890 69.64980 70.15000 70.28640 70.86370 69.70800 70.37220 70.29620 70.65490 70.62270 70.19360 70.14710 69.74150 70.97000 70.31450 70.08780 69.68210 68.64400 68.17080 67.78940 67.38990 67.05790 66.64850 66.10510 65.92760 65.15500 65.10710 64.43160 64.00250 62.57500 62.50490 63.53080 63.93050 63.98320 63.61620 63.67170 63.14110
-9999 -9999 -9999 -9999 -9999 -9999 -9999 -9999 -9999 -9999 62.15470 61.17610 61.32460 62.13040 62.21180 62.29470 62.91440 63.24460 63.59330 63.83270 64.14580 64.01590 64.27470 65.62590 65.88190 65.89250 65.90470 66.01040 65.96320 65.83820 65.75570 66.38300 66.95810 67.53930 68.30320 69.37610 69.89190 70.01900 70.29450 69.49250 69.83190 69.78310 69.82720 69.81820 69.70000 69.33570 69.24940 70.51100 70.08850 69.87600 69.21290 68.43020 68.42180 67.67600 67.34750 66.92990 66.53960 66.72040 66.34140 65.87290 65.82100 65.67940 65.93150 65.08540 65.41950 65.53760 65.52790 65.61450 65.62480 63.94070 63.80520
-9999 -9999 -9999 -9999 -9999 -9999 -9999 -9999 -9999 -9999 -9999 -9999 61.05570 61.31010 61.71970 62.30310 63.08930 64.11890 64.07180 64.34530 64.56750 64.80650 64.76380 66.12130 66.09800 66.30850 66.24900 65.58420 65.20860 64.91720 65.72310 65.66680 66.46830 66.94740 67.78980 68.49530 69.43020 69.87470 70.19590 69.39160 69.41510 69.71450 69.71560 69.74340 69.66690 69.26230 69.17840 70.05360 69.60910 69.36810 68.94080 67.93900 67.53320 66.75100 66.79090 66.46620 66.37600 65.81440 65.71000 65.61290 65.56510 65.29750 65.28050 64.89360 65.24710 65.61890 65.74280 66.21060 66.18470 65.46600 64.10140
-9999 -9999 -9999 -9999 -9999 -9999 -9999 -9999 -9999 -9999 -9999 -9999 60.97550 61.07550 61.72180 62.26680 63.01610 63.67320 63.62290 63.88240 64.47570 63.97800 64.61800 65.98900 65.88020 66.13800 65.78380 65.50440 65.08680 64.74220 64.37420 65.20370 66.37770 67.14470 67.66890 68.76170 69.00150 69.39560 69.67100 68.87630 69.27940 69.58740 69.62950 69.62280 69.52940 69.43310 69.04260 69.90980 69.51340 69.18260 68.74930 68.09810 67.27350 66.52510 66.17290 65.88710 66.11160 65.54880 65.48860 65.40710 65.33140 65.05460 65.37190 64.68960 65.03310 65.42160 65.86290 65.96950 65.90400 64.79470 64.68410
-9999 -9999 -9999 -9999 -9999 -9999 -9999 -9999 -9999 -9999 -9999 60.72890 61.08600 61.96510 62.94550 62.80820 63.11050 63.78390 64.10940 64.24060 65.25100 65.11270 65.47380 65.61670 65.86060 65.53530 65.51160 63.85820 63.86950 63.45940 64.03670 64.51530 65.34630 65.89820 67.06050 68.29640 68.46080 68.67330 68.48850 69.39060 69.66750 70.07610 70.08630 70.29240 69.94880 69.96620 69.91750 69.96380 69.24870 69.16720 68.41380 67.31120 66.85380 66.31680 65.97860 65.32420 65.54430 65.13210 65.41410 64.89470 65.17480 65.12440 65.43750 65.50230 65.82950 65.91940 66.31020 66.46630 66.30430 65.13410 64.24860
-9999 -9999 -9999 -9999 -9999 -9999 -9999 -9999 -9999 -9999 -9999 60.59580 61.30620 61.78210 62.55290 62.69190 63.32040 63.64410 63.99750 64.13300 64.72140 65.30370 65.57440 66.11900 66.38260 65.76330 65.67250 63.86150 63.84740 63.62610 63.41650 64.38220 64.93560 66.47560 66.97750 67.91400 68.79040 68.33480 68.41000 69.64830 69.95050 69.59590 69.89340 69.76190 69.74220 69.40830 69.36640 69.75650 69.45690 69.10690 68.65050 67.88660 67.12380 66.54220 65.73560 65.09540 64.96940 64.95530 64.91630 64.71380 65.01490 64.98180 64.92250 65.33340 66.03120 66.44870 66.08030 66.68270 65.76620 65.21010 65.28340
