data/hydroclimate-scenarios/BCSD_hadcm_A1B/monthly_summaries/runoff_monthly_tot_apr.2030-2059.asc
ncols	311
nrows	91
xllcenter	102.75
yllcenter	31.75
cellsize	0.5
NODATA_value	-9999
[rows 32 to 63 of 91, columns 0 to 71 of 311]
-9999 -9999 -9999 -9999 -9999 -9999 -9999 -9999 -9999 -9999 -9999 4.87356 4.49194 5.63771 4.51449 3.04389 3.48935 4.40952 2.81797 3.49638 3.85605 5.12933 6.08069 4.93641 5.48490 5.62624 5.32011 5.85642 5.48210 7.27858 6.42577 7.30790 7.17805 7.42685 6.74973 9.07310 9.48220 8.78868 8.30370 6.30854 6.22854 6.01841 5.57033 4.60456 4.79265 4.45389 4.16733 5.27796 4.50927 6.21735 6.89029 7.10119 7.63162 6.39105 7.67524 9.00697 9.58253 10.75920 12.49690 7.12722 7.35778 7.49187 8.63007 12.50800 12.44530 11.05320 7.11080 4.58291 3.66079 2.35936 2.81454 0.49670
-9999 -9999 -9999 -9999 -9999 -9999 -9999 -9999 -9999 -9999 -9999 5.28501 4.78702 5.32829 5.41473 4.19623 4.32376 4.70703 5.32236 5.81212 5.81193 6.81010 7.52190 6.26847 4.90465 4.46163 4.06473 4.58325 6.38066 11.15970 12.04460 8.56339 8.66621 10.05500 11.52290 14.94260 12.94470 10.37500 9.54357 4.80986 6.45223 4.29350 5.00087 4.55435 3.50467 3.41383 3.13322 5.61698 5.71247 8.40524 9.35581 10.44360 11.29460 12.11890 12.17490 11.39640 11.11580 12.37900 11.87170 7.52574 7.66053 8.49774 11.55660 11.62890 10.24000 7.87474 8.98935 7.72578 6.24524 3.95663 4.84576 0.69131
-9999 -9999 -9999 -9999 -9999 -9999 -9999 -9999 -9999 -9999 -9999 -9999 4.78611 5.38153 6.13741 6.29423 6.29730 6.37216 7.34264 8.89023 7.77655 6.45324 4.78786 3.57128 2.95141 2.13243 2.57403 3.31034 5.06435 6.90068 8.89733 13.09840 13.82380 13.54480 13.70340 13.05690 10.25470 9.27750 9.85061 6.84511 6.23247 5.30611 5.29079 5.62695 4.52446 3.56627 4.68986 6.87086 7.16242 8.24365 11.29020 9.08613 8.68339 13.28230 15.89920 17.87920 17.95030 14.87830 12.35960 15.33600 17.62470 15.57700 14.39820 10.60070 12.14990 10.88910 10.75260 5.95854 3.96266 2.62818 5.35517 3.80311
-9999 -9999 -9999 -9999 -9999 -9999 -9999 -9999 -9999 -9999 -9999 -9999 6.07057 6.96135 7.19736 7.92523 8.93123 8.49441 8.64280 8.45437 8.42554 4.42358 3.52455 3.14020 2.09564 4.84906 6.45400 3.78664 6.09904 5.79060 5.93632 9.39409 14.44300 14.67760 13.85710 12.41150 11.50100 10.95520 10.69880 6.62365 7.55002 4.63652 5.49192 5.39729 6.48411 5.86078 6.68990 7.67470 9.15596 6.56747 7.16251 11.37810 11.98070 18.81130 20.26390 22.00570 20.32930 18.20200 13.67500 13.10020 14.86090 7.52954 7.28584 8.89877 9.55274 13.22050 10.36990 9.94605 7.51514 5.48326 4.35353 5.31836
-9999 -9999 -9999 -9999 -9999 -9999 -9999 -9999 -9999 -9999 -9999 -9999 7.59594 10.89560 12.18940 8.88086 9.01368 8.55880 7.27287 6.37177 5.71215 3.82130 4.12700 3.00347 3.36993 2.85004 3.99360 5.84647 5.48985 8.23769 8.89213 12.88270 10.79230 10.46940 11.93430 13.61460 12.89840 9.47337 10.00500 10.11200 6.72253 4.03817 5.53388 4.18137 4.85831 3.20192 3.70929 3.50819 3.10092 8.20886 10.31790 8.12415 11.85570 13.63940 12.51190 11.19360 12.20860 12.86780 11.18920 9.63185 9.98365 6.46927 7.81319 11.24210 13.14570 12.15070 9.91959 8.24064 4.61811 5.99637 6.61383 7.15980
-9999 -9999 -9999 8.30765 6.98923 8.02646 9.33991 7.72174 7.07097 -9999 6.85948 7.77351 9.99124 12.34010 12.56290 9.65613 8.60746 9.78630 6.05688 5.17000 5.93350 5.42095 5.63791 4.56478 4.52417 5.17341 6.79151 6.03835 6.55653 7.99107 8.66417 10.56150 10.89420 9.51045 11.18990 10.10920 11.27620 8.75687 9.11899 11.00590 9.97210 6.52768 7.53299 5.92560 3.89323 3.05294 1.82630 5.94641 7.08346 8.62925 7.41966 5.76036 6.70825 7.73350 9.48626 7.17781 5.92398 13.28420 8.31914 12.49430 13.21130 8.67018 8.97685 8.85393 12.53000 12.33460 9.73167 5.61819 4.65358 5.80516 6.68445 6.47992
-9999 -9999 -9999 11.60220 11.71060 10.43470 9.17774 9.48140 10.21890 11.56360 12.05590 13.27190 9.39271 10.89010 8.78431 9.72585 7.23075 8.01707 7.08023 7.02727 8.26485 5.44509 8.31066 8.04803 5.62842 7.25022 6.81283 9.08746 8.65421 7.31397 6.95276 8.30486 8.91146 9.38706 10.84540 9.25231 11.58280 8.88703 11.73320 5.83079 6.84634 7.49729 6.93360 4.80397 4.76353 2.70344 2.77559 7.91951 3.78843 4.07127 4.04461 7.59656 5.85995 7.37402 12.45740 8.93716 12.15540 12.79830 9.94114 9.63939 11.08590 11.10270 11.00920 8.84010 8.76164 13.55740 11.22080 10.22500 8.75926 7.65833 5.14788 8.66263
-9999 -9999 -9999 15.48310 13.56960 11.60310 11.17810 12.26070 13.97490 15.22850 13.69310 12.76520 9.84567 10.65890 9.03233 10.23610 6.11732 7.29483 9.87777 9.42040 9.29465 6.52416 6.70693 5.63161 4.87479 7.02109 7.59861 7.91712 8.72620 6.96317 5.32121 6.96186 7.47771 9.20030 8.96038 9.81397 10.79010 12.00740 13.93970 10.58330 10.20070 7.94464 7.48907 6.35999 10.03800 9.52280 7.89306 4.49988 5.17346 4.81620 3.76124 11.60160 10.15070 12.34090 13.70160 12.37330 13.59860 13.59700 11.76660 11.33730 13.12780 13.31140 15.71700 11.56850 12.50400 10.72190 11.36510 9.68148 4.34300 4.52913 3.01549 9.69976
-9999 -9999 -9999 15.97070 17.80960 14.93740 18.17070 15.19410 15.77030 15.29080 15.46130 14.12540 12.32500 8.81730 9.55884 12.21240 8.69820 8.29525 8.61495 9.07178 9.83267 6.04015 5.19461 5.47502 5.45258 7.45662 9.39360 10.61560 9.77147 6.42169 6.04703 6.94440 7.20393 7.64176 8.10409 6.96877 9.13163 10.90140 10.82270 12.48330 13.43980 8.08086 5.61373 5.08183 11.85740 6.45988 4.80199 12.05600 8.10734 10.32900 6.14811 9.20335 8.53578 7.56886 10.79080 10.56800 10.82620 10.46060 10.08930 7.55215 4.95259 9.75609 12.54200 12.26930 9.79819 7.17013 6.40301 8.54306 3.91920 1.77090 7.22318 16.44340
-9999 -9999 -9999 16.18190 17.31630 15.14870 15.98080 16.19720 14.03550 15.46670 19.70640 14.98500 11.77770 10.11150 8.27215 11.26070 10.66780 9.98282 10.84740 10.29980 9.05523 8.44005 6.40519 7.26499 7.24011 7.75244 8.05993 8.29964 7.74841 6.60603 6.81467 7.24952 7.40029 7.93016 9.16202 9.67123 9.96997 10.18360 11.33530 12.10090 12.33540 9.68435 10.24440 10.11030 10.59520 10.39420 11.05420 14.13790 11.35860 11.36600 9.85196 13.68040 9.73965 7.75006 13.26570 8.61518 12.14080 13.00810 12.49430 6.32359 7.56663 11.25300 12.83890 9.81842 9.60167 12.20150 10.36130 6.86335 5.26435 9.46499 20.19180 -9999
-9999 -9999 -9999 -9999 16.87460 15.44300 15.77000 14.06620 14.70550 17.41790 20.28600 14.57500 9.61367 12.48060 -9999 -9999 -9999 -9999 -9999 7.35545 8.03054 7.36253 7.03395 7.42685 7.59451 6.98961 6.10264 6.93517 6.67031 6.37109 7.02590 6.51557 7.02006 7.13426 7.37529 8.26921 9.11764 9.07086 10.26800 11.91850 13.41610 13.65640 12.91500 11.88710 12.64350 13.97450 15.39790 13.55500 14.46200 14.82940 14.26350 12.70040 15.34500 11.50150 10.79580 10.27950 9.45812 9.81321 9.86691 11.24230 9.60815 9.41182 8.76945 15.27780 16.34660 13.95020 18.23520 18.40350 24.20060 -9999 -9999 -9999
-9999 -9999 17.76500 18.43830 16.41820 16.26120 16.29290 13.37060 16.61840 18.02830 19.29060 14.72550 10.19770 -9999 -9999 -9999 -9999 -9999 8.94648 8.23291 7.42743 5.95441 5.87624 6.77900 5.95607 5.54281 4.47907 5.14429 5.05184 4.93276 4.74785 4.79131 5.66840 5.95478 6.38898 6.39457 7.50263 8.39275 8.59406 9.67945 11.38800 11.08750 11.58890 13.16260 13.74110 14.16620 15.41560 17.38120 17.53440 15.84710 15.56050 15.35360 14.29930 14.86260 12.53370 16.05570 14.49960 11.15070 11.82660 16.97390 16.37340 18.29400 15.41720 13.84220 17.25020 20.12090 24.81390 -9999 -9999 -9999 -9999 -9999
-9999 -9999 20.98670 20.23980 17.62710 16.36770 17.00560 16.37550 17.26370 18.58860 18.28730 14.68180 15.17430 -9999 -9999 -9999 -9999 9.93290 9.50533 9.30117 6.93558 4.96474 4.47129 4.23801 3.78113 3.23916 3.34850 4.20225 3.96518 3.84492 4.30564 4.51419 4.68426 4.81303 5.81986 6.35061 6.54603 5.86523 7.57111 9.11176 8.93714 8.93022 9.93854 10.11200 10.14290 10.36440 11.63310 13.79100 11.68850 13.86560 12.60990 11.63220 12.67450 13.79350 14.65430 13.00880 15.01500 14.35990 13.89140 14.17250 14.83390 11.70200 14.76350 23.03530 30.85670 -9999 -9999 -9999 -9999 -9999 31.09410 -9999
-9999 -9999 20.99910 20.29050 18.21930 16.38520 17.02120 17.10950 17.09330 19.00980 17.02230 16.86320 9.97484 -9999 -9999 -9999 -9999 8.81095 9.73646 7.75402 4.75157 3.15366 2.67297 2.59697 2.70277 2.61750 3.40533 3.68676 3.54394 3.76838 4.03679 4.16427 4.32262 4.92686 5.19978 5.83111 6.08393 6.16171 6.97901 5.91283 6.65298 6.26270 5.86114 7.71739 8.34106 8.97030 9.95413 10.64470 9.43545 10.16370 9.35593 9.72497 10.81210 12.19240 13.13340 10.19440 12.82310 16.37440 17.99390 18.26730 16.41920 20.59720 26.18070 27.37850 25.17560 22.22370 28.40400 20.69050 22.59410 -9999 -9999 -9999
-9999 -9999 -9999 21.76430 18.20570 15.49680 13.94640 14.16240 17.90200 21.65280 21.59530 11.84600 -9999 -9999 -9999 -9999 11.26070 10.60140 7.86012 5.47767 3.69327 2.20154 2.48219 2.32861 2.37567 2.85369 3.17227 3.25461 3.52675 4.33077 4.05226 4.12417 3.98411 4.18746 4.43163 4.44708 4.40199 4.28688 4.93831 3.89247 4.28671 4.68665 5.37017 5.43534 5.41537 7.57816 6.87863 7.62429 7.37140 7.68048 9.99115 9.25944 9.17010 10.35200 12.08160 15.19650 15.21440 15.83640 17.39830 20.10210 22.85700 25.77610 25.14390 13.39600 7.00525 23.69500 25.26080 25.99990 27.69120 19.95550 -9999 -9999
-9999 -9999 -9999 -9999 19.22960 15.43420 13.98270 16.86150 18.37670 16.29040 7.76639 -9999 -9999 -9999 -9999 13.57100 13.55620 9.05505 5.59142 3.87477 2.64027 1.79466 1.86054 2.16061 2.40737 2.20448 2.26268 2.59519 3.18326 3.37059 3.52918 3.12419 3.12153 3.39143 4.23129 4.68101 4.79441 4.59404 4.57117 4.07457 4.44228 4.63433 4.61500 4.83403 4.89367 5.86666 7.46749 7.65268 6.66242 6.70414 8.31791 7.53785 9.09889 10.35910 10.42480 13.31300 14.76820 15.84490 16.81150 19.83810 20.97170 21.03950 23.11720 24.41750 18.87470 26.98480 24.55190 23.49970 21.23040 20.01070 21.24590 19.67420
-9999 -9999 -9999 -9999 -9999 -9999 17.28970 20.08070 8.36798 8.07522 12.09120 -9999 -9999 -9999 -9999 -9999 11.65370 6.45557 4.51595 3.11867 2.57715 1.22951 1.90876 2.03951 1.96583 1.59241 1.67209 2.65830 2.83045 2.98111 2.99945 2.80007 2.53739 3.58199 3.86071 3.12304 3.93470 4.67156 4.00479 4.31765 4.49724 4.87979 5.56457 5.45154 5.90135 5.87875 6.27926 6.94640 6.97111 7.32767 7.38136 8.47420 10.31810 11.64810 11.00830 13.47990 11.97870 15.37960 15.99410 16.62450 19.78640 21.35520 22.73030 19.66070 15.27650 22.11000 22.27630 21.13690 21.81750 23.23080 24.00540 21.40990
-9999 -9999 -9999 -9999 -9999 -9999 -9999 -9999 -9999 -9999 -9999 -9999 -9999 -9999 -9999 -9999 -9999 -9999 -9999 2.97074 2.37108 1.43212 1.61536 1.60897 1.68927 1.57041 2.22335 1.84030 2.20818 2.68935 3.12888 2.73230 3.18745 3.64995 3.71795 3.33267 3.40882 3.98639 4.01267 4.55347 4.76012 4.41780 4.66628 5.21630 5.56333 5.57086 5.57086 6.16662 6.74109 9.11449 10.75860 8.48179 7.92746 7.22386 7.23672 8.01540 9.84182 13.76730 14.52780 15.83050 16.38920 17.12160 20.60690 17.82430 15.19300 17.67380 15.77720 15.92160 17.54460 18.47960 22.14290 20.15570
-9999 -9999 -9999 -9999 -9999 -9999 -9999 -9999 -9999 -9999 -9999 -9999 -9999 -9999 -9999 -9999 -9999 -9999 3.54181 2.64214 1.92763 1.50071 1.32927 1.31101 1.35334 1.44010 1.85372 2.10739 1.73707 1.99376 2.41573 2.60855 2.89197 2.71291 3.21591 3.55591 3.62342 3.62083 4.14758 4.30997 4.63755 4.50692 4.63858 5.28456 5.52436 6.03693 5.29301 2.99009 4.43237 4.89468 5.58857 10.11830 11.00500 10.23990 7.52090 7.21710 8.79092 12.13240 13.19360 14.46610 13.63680 14.77250 17.17470 16.85170 16.17780 15.94650 16.94960 16.46760 20.40930 21.51360 27.33230 18.19500
-9999 -9999 -9999 -9999 -9999 -9999 -9999 -9999 -9999 -9999 -9999 -9999 -9999 -9999 -9999 -9999 -9999 4.32063 3.66278 2.07526 1.87298 1.67274 1.35317 1.29044 1.38950 1.63614 1.94413 1.87277 2.17045 2.48640 2.90782 2.98154 2.77663 2.63347 3.13149 3.81238 4.36832 4.13162 3.88664 4.08363 4.38356 4.71187 4.71849 5.02315 4.75134 4.64875 5.64980 4.24079 4.44646 4.66696 4.76479 8.13661 11.55320 10.43100 10.03590 10.38550 8.75672 10.98380 12.08630 11.57040 11.09750 13.05540 18.05770 14.94590 15.09540 15.98600 17.03270 21.12690 25.02200 25.79480 29.32040 22.89090
-9999 -9999 -9999 -9999 -9999 -9999 -9999 -9999 -9999 -9999 -9999 -9999 -9999 -9999 -9999 -9999 -9999 3.57629 2.96955 2.84299 2.30866 2.31296 2.00591 1.35958 1.32407 1.47498 1.39065 1.57773 1.55830 2.45505 2.79844 2.66970 2.76811 3.33078 3.15028 3.62170 3.93175 3.37177 4.07946 3.88585 4.00887 3.73604 4.25526 3.74455 4.80533 4.43409 4.24551 2.91389 3.04898 4.43681 4.38254 7.61706 8.28258 8.49648 9.84892 11.88660 10.69130 10.75710 10.52470 9.18585 10.98470 14.38220 15.91450 17.14130 17.84100 19.75270 18.42660 24.57210 28.98670 33.27780 38.00380 31.17870
-9999 -9999 -9999 -9999 -9999 -9999 -9999 -9999 -9999 -9999 -9999 -9999 -9999 -9999 -9999 -9999 4.73919 3.86242 3.24684 2.96118 2.57863 1.49965 1.63453 1.47118 1.00692 1.11788 1.16280 1.17126 1.34958 1.65686 1.80295 1.98410 2.56793 2.38465 2.76735 2.93351 3.11695 3.82429 3.53178 3.31851 3.05996 3.32070 4.06475 3.78866 3.18736 3.54157 3.57010 2.76034 2.91080 4.42851 4.64627 7.12091 8.09470 7.91462 9.24538 10.74050 11.91590 10.54020 9.02100 10.75930 11.09830 15.45360 17.62050 21.11300 23.26760 21.89100 24.14720 25.78130 26.26820 33.20870 39.32470 30.26750
-9999 -9999 -9999 -9999 -9999 -9999 -9999 -9999 -9999 -9999 -9999 -9999 -9999 3.36895 3.66754 3.34002 3.57562 3.82183 3.37077 1.95802 1.69203 1.80427 1.56675 1.59888 1.65147 1.02732 1.00585 0.80267 0.85736 0.96957 1.62941 1.66036 1.15314 1.04600 1.80363 2.17377 2.23049 2.11989 1.66056 1.65709 1.67104 2.19102 2.36159 1.51242 2.63454 2.91624 3.15358 3.35217 3.77832 4.95360 5.82764 5.07506 5.42739 5.50278 5.80552 4.97804 6.73885 7.74728 6.21552 7.17980 9.75242 11.92050 16.91080 14.49320 14.35370 16.46940 15.90280 30.20630 23.64870 34.67440 39.62260 24.95780
-9999 -9999 -9999 -9999 -9999 -9999 -9999 -9999 -9999 -9999 -9999 -9999 2.56268 2.62478 3.55141 3.53368 3.50284 2.88199 2.62845 1.23212 1.49091 1.35368 1.24436 1.51723 1.43751 0.72304 0.69844 0.69817 1.16516 1.19410 1.21436 1.33061 1.42478 1.58830 1.54704 1.84608 1.52078 1.33790 1.57088 1.46835 1.42986 1.43609 2.19790 2.28311 2.73325 3.00793 3.39955 3.34033 3.56362 4.24734 5.18999 3.33003 4.79024 3.41625 5.00386 6.38871 6.25859 5.55772 6.96762 7.64075 9.80380 9.65181 9.96308 14.02260 16.21140 22.59450 24.94950 23.73370 26.49630 36.93490 31.06380 28.86310
-9999 -9999 -9999 -9999 -9999 -9999 -9999 -9999 -9999 -9999 -9999 4.57189 3.35911 4.06467 2.74446 2.25059 1.92723 2.21290 1.99080 1.70966 1.60552 0.95246 0.96424 1.08163 1.08237 0.94108 1.47995 1.02086 0.97694 1.00629 1.17538 0.86231 1.08364 1.15210 1.10428 2.05299 1.39967 1.42744 1.40403 1.51994 1.31108 2.02917 1.98538 2.18407 2.56482 2.72754 2.94229 3.39650 3.83934 3.70400 4.16703 3.80946 3.96258 4.56041 4.04397 4.37881 5.25853 5.30273 4.19647 4.34378 5.56131 7.96982 8.81429 12.26140 18.75810 17.91890 19.17110 19.92830 30.39640 33.56900 27.07140 20.13140
-9999 -9999 -9999 -9999 -9999 -9999 -9999 -9999 -9999 -9999 3.61255 3.39689 2.78526 3.05903 2.45883 1.88618 1.59555 1.70177 1.85135 1.68470 1.27924 0.85001 0.86524 0.92939 0.97917 0.90641 1.04170 0.91302 0.82033 0.60306 0.60797 0.83143 1.03724 1.52138 1.72645 2.10823 1.46587 1.49075 1.34178 1.42332 1.98708 1.79125 1.68294 2.08789 2.07274 2.31747 2.58581 2.92343 3.48825 3.92753 4.06516 3.75034 4.53184 3.64821 3.59940 3.67381 4.67903 4.40087 4.64906 6.61481 7.45968 7.84700 9.21795 12.31340 15.58340 16.29620 21.91270 26.82250 34.50540 30.90210 23.37750 33.33360
-9999 -9999 -9999 -9999 -9999 -9999 -9999 -9999 -9999 0.29096 0.29011 0.33282 0.41166 0.45091 0.41942 0.39332 0.39534 0.30257 0.23020 0.21797 0.21964 0.19997 0.20672 0.15367 0.14957 0.15236 0.14995 0.17165 0.17992 0.14313 0.14442 0.66340 1.00805 1.57823 2.26161 2.56673 1.92854 1.58240 1.44634 1.87166 1.65769 1.64880 1.84647 2.39793 1.76443 2.75247 2.27201 2.72232 3.32363 3.83142 4.08717 4.37258 3.87714 5.52786 5.06880 4.09804 4.54403 5.56986 6.14709 7.30373 7.87051 8.47087 8.68195 11.73490 12.28940 13.43800 15.22770 5.57370 5.95749 5.40953 5.86169 6.26308
-9999 -9999 -9999 -9999 -9999 -9999 -9999 -9999 -9999 -9999 0.24126 0.23519 0.29089 0.28709 0.24250 0.32138 0.33209 0.29130 0.25033 0.23708 0.22371 0.19904 0.16948 -9999 -9999 -9999 -9999 -9999 -9999 0.18420 0.20471 0.90118 1.07822 1.52401 1.64583 2.44072 2.56566 1.42373 1.34387 1.97251 1.68662 1.56064 1.85663 2.46715 2.26852 2.82236 3.16473 2.83226 3.30908 3.80437 4.13507 3.46389 3.81163 4.98260 5.74961 4.29198 4.48822 5.37794 6.02772 6.94567 8.05815 8.28683 8.56204 8.15186 14.82520 13.06410 17.51150 5.91068 5.25669 5.80135 5.22759 8.94889
-9999 -9999 -9999 -9999 -9999 -9999 -9999 -9999 -9999 -9999 -9999 -9999 0.20944 0.16885 0.18509 0.12313 0.15612 0.15303 0.14585 -9999 -9999 -9999 -9999 -9999 -9999 -9999 -9999 -9999 -9999 -9999 -9999 -9999 -9999 1.36810 2.23621 2.15677 2.03940 2.00927 1.25339 1.39927 1.94466 1.81901 2.19619 1.92107 1.98617 2.82043 3.29034 2.89150 3.35588 3.56244 3.83082 4.80834 5.18462 4.53177 4.87908 4.05298 4.54423 4.76520 3.91495 6.34055 6.86867 7.65268 9.06438 9.89558 11.61590 14.20690 18.53070 5.19947 5.37542 7.86756 11.08940 12.57900
-9999 -9999 -9999 -9999 -9999 -9999 -9999 -9999 -9999 -9999 -9999 -9999 -9999 -9999 -9999 -9999 -9999 -9999 -9999 -9999 -9999 -9999 -9999 -9999 -9999 -9999 -9999 -9999 -9999 -9999 -9999 -9999 -9999 -9999 2.22347 2.22808 1.71246 1.75551 1.28226 1.70364 1.92985 2.18590 3.26149 2.40796 3.20576 3.53908 3.16815 3.15533 3.67282 3.84512 4.20572 5.27417 5.38293 5.12933 5.77789 4.89906 4.68602 5.58456 5.88171 6.87943 6.81437 9.97361 10.99410 10.51270 10.89210 12.68870 19.73520 6.39623 6.39987 9.21308 11.16220 -9999
-9999 -9999 -9999 -9999 -9999 -9999 -9999 -9999 -9999 -9999 -9999 -9999 -9999 -9999 -9999 -9999 -9999 -9999 -9999 -9999 -9999 -9999 -9999 -9999 -9999 -9999 -9999 -9999 -9999 -9999 -9999 -9999 -9999 -9999 1.85138 1.65632 1.72287 2.09096 1.35454 1.34278 1.52408 2.79608 2.94276 2.58849 3.18746 3.49499 3.72868 3.93142 4.52228 4.64403 5.07006 5.07580 5.54533 5.43247 5.96532 4.88387 5.41303 5.38389 6.16913 7.25391 6.96991 6.79484 8.62861 9.57298 11.41060 14.66100 20.71430 23.43200 24.66130 32.29330 -9999 -9999
-9999 -9999 -9999 -9999 -9999 -9999 -9999 -9999 -9999 -9999 -9999 -9999 -9999 -9999 -9999 -9999 -9999 -9999 -9999 -9999 -9999 -9999 -9999 -9999 -9999 -9999 -9999 -9999 -9999 -9999 -9999 -9999 -9999 -9999 -9999 -9999 -9999 -9999 1.80013 1.58522 1.72709 2.09550 2.62636 3.22049 3.20198 4.00577 4.46910 4.42618 5.03613 4.85353 4.37553 5.15316 4.67093 5.09412 5.66534 4.99622 3.99924 4.62430 6.70814 6.25778 5.82806 9.06785 10.57000 10.92500 18.18500 16.12910 21.14260 27.23280 19.96320 -9999 -9999 -9999
