data/hydroclimate-scenarios/BCSD_hadcm_A1B/monthly_summaries/runoff_monthly_tot_oct.2030-2059.asc
ncols	311
nrows	91
xllcenter	102.75
yllcenter	31.75
cellsize	0.5
NODATA_value	-9999
[rows 0 to 31 of 91, columns 219 to 291 of 311]
-9999 -9999 -9999 -9999 -9999 -9999 -9999 -9999 -9999 -9999 -9999 -9999 -9999 -9999 -9999 -9999 -9999 -9999 -9999 -9999 -9999 -9999 -9999 -9999 -9999 -9999 -9999 -9999 -9999 -9999 -9999 -9999 -9999 -9999 -9999 -9999 -9999 -9999 -9999 -9999 -9999 -9999 -9999 -9999 -9999 -9999 -9999 -9999 -9999 -9999 -9999 -9999 -9999 -9999 -9999 -9999 -9999 -9999 -9999 -9999 -9999 -9999 -9999 -9999 -9999 -9999 -9999 -9999 -9999 -9999 -9999 -9999 -9999
-9999 -9999 -9999 -9999 -9999 -9999 -9999 -9999 -9999 -9999 -9999 -9999 -9999 -9999 -9999 -9999 -9999 -9999 -9999 -9999 -9999 -9999 -9999 -9999 -9999 -9999 -9999 -9999 -9999 -9999 -9999 -9999 -9999 -9999 -9999 -9999 -9999 -9999 -9999 -9999 -9999 -9999 -9999 -9999 -9999 -9999 -9999 -9999 -9999 -9999 -9999 -9999 -9999 -9999 -9999 -9999 -9999 -9999 -9999 -9999 -9999 -9999 -9999 -9999 -9999 -9999 -9999 -9999 -9999 -9999 -9999 -9999 -9999
-9999 -9999 -9999 -9999 -9999 -9999 -9999 -9999 -9999 -9999 -9999 -9999 -9999 -9999 -9999 -9999 -9999 -9999 -9999 -9999 -9999 -9999 -9999 -9999 -9999 -9999 -9999 -9999 -9999 -9999 -9999 -9999 -9999 -9999 -9999 -9999 -9999 -9999 -9999 -9999 -9999 -9999 -9999 -9999 -9999 -9999 -9999 -9999 -9999 -9999 -9999 -9999 -9999 -9999 -9999 -9999 -9999 -9999 -9999 -9999 -9999 -9999 -9999 -9999 -9999 -9999 -9999 -9999 -9999 -9999 -9999 -9999 -9999
-9999 -9999 -9999 -9999 -9999 -9999 -9999 -9999 -9999 -9999 -9999 -9999 -9999 -9999 -9999 -9999 -9999 -9999 -9999 -9999 -9999 -9999 -9999 -9999 -9999 -9999 -9999 -9999 -9999 -9999 -9999 -9999 -9999 -9999 -9999 -9999 -9999 -9999 -9999 -9999 -9999 -9999 -9999 -9999 -9999 -9999 -9999 -9999 -9999 -9999 -9999 -9999 -9999 -9999 -9999 -9999 -9999 -9999 -9999 -9999 -9999 -9999 -9999 -9999 -9999 -9999 -9999 -9999 -9999 -9999 -9999 -9999 -9999
-9999 -9999 -9999 -9999 -9999 -9999 -9999 -9999 -9999 -9999 -9999 -9999 -9999 -9999 -9999 -9999 -9999 -9999 -9999 -9999 -9999 -9999 -9999 -9999 -9999 -9999 -9999 -9999 -9999 -9999 -9999 -9999 -9999 -9999 -9999 -9999 -9999 -9999 -9999 -9999 -9999 -9999 -9999 -9999 -9999 -9999 -9999 -9999 -9999 -9999 -9999 -9999 -9999 -9999 -9999 -9999 -9999 -9999 -9999 -9999 -9999 -9999 -9999 -9999 -9999 -9999 -9999 -9999 -9999 -9999 -9999 -9999 -9999
-9999 -9999 -9999 -9999 -9999 -9999 -9999 -9999 -9999 -9999 -9999 -9999 -9999 -9999 -9999 -9999 -9999 -9999 -9999 -9999 -9999 -9999 -9999 -9999 -9999 -9999 -9999 -9999 -9999 -9999 -9999 -9999 -9999 -9999 -9999 -9999 -9999 -9999 -9999 -9999 -9999 -9999 -9999 -9999 -9999 -9999 -9999 -9999 -9999 -9999 -9999 -9999 -9999 -9999 -9999 -9999 -9999 -9999 -9999 -9999 -9999 -9999 -9999 -9999 -9999 -9999 -9999 -9999 -9999 -9999 -9999 -9999 -9999
-9999 -9999 -9999 -9999 -9999 -9999 -9999 -9999 -9999 -9999 -9999 -9999 -9999 -9999 -9999 -9999 -9999 -9999 -9999 -9999 -9999 -9999 -9999 -9999 -9999 -9999 -9999 -9999 -9999 -9999 -9999 -9999 -9999 -9999 -9999 -9999 -9999 -9999 -9999 -9999 -9999 -9999 -9999 -9999 -9999 -9999 -9999 -9999 -9999 -9999 -9999 -9999 -9999 -9999 -9999 -9999 -9999 -9999 -9999 -9999 -9999 -9999 -9999 -9999 -9999 -9999 -9999 -9999 -9999 -9999 -9999 -9999 -9999
-9999 -9999 -9999 -9999 -9999 -9999 -9999 -9999 -9999 -9999 -9999 -9999 -9999 -9999 -9999 -9999 -9999 -9999 -9999 -9999 -9999 -9999 -9999 -9999 -9999 -9999 -9999 -9999 -9999 -9999 -9999 -9999 -9999 -9999 -9999 -9999 -9999 -9999 -9999 -9999 -9999 -9999 -9999 -9999 -9999 -9999 -9999 -9999 -9999 -9999 -9999 -9999 -9999 -9999 -9999 -9999 -9999 -9999 -9999 -9999 -9999 -9999 -9999 -9999 -9999 -9999 -9999 -9999 -9999 -9999 -9999 -9999 -9999
-9999 -9999 -9999 -9999 -9999 -9999 -9999 -9999 -9999 -9999 -9999 -9999 -9999 -9999 -9999 -9999 -9999 -9999 -9999 -9999 -9999 -9999 -9999 -9999 -9999 -9999 -9999 -9999 -9999 -9999 -9999 -9999 -9999 -9999 -9999 -9999 -9999 -9999 -9999 -9999 -9999 -9999 -9999 -9999 -9999 -9999 -9999 -9999 -9999 -9999 -9999 -9999 -9999 -9999 -9999 -9999 -9999 -9999 -9999 -9999 -9999 -9999 -9999 -9999 -9999 -9999 -9999 -9999 -9999 -9999 -9999 -9999 -9999
-9999 -9999 -9999 -9999 -9999 -9999 -9999 -9999 -9999 -9999 -9999 -9999 -9999 -9999 -9999 -9999 -9999 -9999 -9999 -9999 -9999 -9999 -9999 -9999 -9999 -9999 -9999 -9999 -9999 -9999 -9999 -9999 -9999 -9999 -9999 -9999 -9999 -9999 -9999 -9999 -9999 -9999 -9999 -9999 -9999 -9999 -9999 -9999 -9999 -9999 -9999 -9999 -9999 -9999 -9999 -9999 -9999 -9999 -9999 -9999 -9999 -9999 -9999 -9999 -9999 -9999 -9999 -9999 -9999 -9999 -9999 -9999 -9999
-9999 -9999 -9999 -9999 -9999 -9999 -9999 -9999 -9999 -9999 -9999 -9999 -9999 -9999 -9999 -9999 -9999 -9999 -9999 -9999 -9999 -9999 -9999 -9999 -9999 -9999 -9999 -9999 -9999 -9999 -9999 -9999 -9999 -9999 -9999 -9999 -9999 -9999 -9999 -9999 -9999 -9999 -9999 -9999 -9999 -9999 -9999 -9999 -9999 -9999 -9999 -9999 -9999 -9999 -9999 -9999 -9999 -9999 -9999 -9999 -9999 -9999 -9999 -9999 -9999 -9999 -9999 -9999 -9999 -9999 -9999 -9999 -9999
-9999 -9999 -9999 -9999 -9999 -9999 -9999 -9999 -9999 -9999 -9999 -9999 -9999 -9999 -9999 -9999 -9999 -9999 -9999 -9999 -9999 -9999 -9999 -9999 -9999 -9999 -9999 -9999 -9999 -9999 -9999 -9999 -9999 -9999 -9999 -9999 -9999 -9999 -9999 -9999 -9999 -9999 -9999 -9999 -9999 -9999 -9999 -9999 -9999 -9999 -9999 -9999 -9999 -9999 -9999 -9999 -9999 -9999 -9999 -9999 -9999 -9999 -9999 -9999 -9999 -9999 -9999 -9999 -9999 -9999 -9999 -9999 -9999
-9999 -9999 -9999 -9999 -9999 -9999 -9999 -9999 -9999 -9999 -9999 -9999 -9999 -9999 -9999 -9999 -9999 -9999 -9999 -9999 -9999 -9999 -9999 -9999 -9999 -9999 -9999 -9999 -9999 -9999 -9999 -9999 -9999 -9999 -9999 -9999 -9999 -9999 -9999 -9999 -9999 -9999 -9999 -9999 -9999 -9999 -9999 -9999 -9999 -9999 -9999 -9999 -9999 -9999 -9999 -9999 -9999 -9999 -9999 -9999 -9999 -9999 -9999 -9999 -9999 -9999 -9999 -9999 -9999 -9999 -9999 -9999 -9999
-9999 -9999 -9999 -9999 -9999 -9999 -9999 -9999 -9999 -9999 -9999 -9999 -9999 -9999 -9999 -9999 -9999 -9999 -9999 -9999 -9999 -9999 -9999 -9999 -9999 -9999 -9999 -9999 -9999 -9999 -9999 -9999 -9999 -9999 -9999 -9999 -9999 -9999 -9999 -9999 -9999 0.49404 -9999 -9999 -9999 -9999 -9999 -9999 -9999 -9999 -9999 -9999 -9999 -9999 -9999 -9999 -9999 -9999 -9999 -9999 -9999 -9999 -9999 -9999 -9999 -9999 -9999 -9999 -9999 -9999 -9999 -9999 -9999
0.24911 0.22218 0.25210 0.23711 0.03930 0.03872 0.02832 0.33664 0.26341 0.27329 0.24979 0.25122 3.09864 -9999 -9999 -9999 -9999 -9999 -9999 -9999 -9999 -9999 -9999 -9999 -9999 -9999 -9999 -9999 -9999 -9999 -9999 -9999 -9999 -9999 -9999 -9999 0.03352 0.13238 0.05148 0.00696 0.01477 0.05296 0.82414 -9999 -9999 -9999 1.48329 -9999 -9999 -9999 1.69332 2.05081 1.88453 -9999 -9999 -9999 -9999 -9999 -9999 -9999 -9999 -9999 -9999 -9999 -9999 -9999 -9999 -9999 -9999 -9999 -9999 -9999 -9999
0.01759 0.00000 0.00000 0.00000 0.00000 0.00000 0.00000 0.00000 0.00000 0.00000 0.00000 0.00000 0.00000 0.00000 0.00530 0.01981 0.36547 0.95078 0.53721 -9999 -9999 -9999 -9999 -9999 0.43702 0.41431 0.45948 0.55757 0.60703 0.64942 0.55809 0.45265 0.47796 0.47038 0.37772 0.40199 0.00532 0.00966 0.00978 0.01293 0.00829 0.00869 0.83343 0.94141 1.01416 1.15296 1.47241 1.84944 1.83965 1.63829 1.62989 1.32069 0.83880 0.95841 1.42570 1.60020 1.23262 1.43772 -9999 -9999 -9999 -9999 -9999 -9999 -9999 -9999 -9999 -9999 -9999 -9999 -9999 -9999 -9999
0.00000 0.00000 0.00000 0.00000 0.00000 0.00000 0.00000 0.00000 0.00000 0.00000 0.00000 0.00000 0.00000 0.00195 0.03926 0.04344 0.56028 0.04382 0.28430 0.41339 0.58915 0.66011 0.70448 0.66464 0.55747 0.58489 0.40667 0.43206 0.47852 0.50293 0.40211 0.38546 0.47756 0.46917 0.37216 0.37763 0.40247 0.37965 0.41503 0.43727 0.37102 0.40794 0.63873 0.74503 0.95303 1.14668 1.24186 1.40859 1.45089 1.62316 1.68738 1.86941 2.21961 2.13422 1.98488 2.11160 1.59757 0.92453 0.89562 0.92275 1.32538 1.33618 1.48803 1.45790 1.98401 1.99854 -9999 -9999 -9999 -9999 -9999 -9999 -9999
0.00000 0.00000 0.00000 0.00000 0.00000 0.00000 0.00000 0.00000 0.00000 0.00000 0.00036 0.02231 0.05786 0.07437 0.12959 0.28629 2.36014 2.34531 0.47734 0.41792 0.33379 0.31686 0.33107 0.37642 0.50845 0.77453 0.57730 0.60418 0.66377 0.67850 0.62633 0.63398 0.68491 0.67569 0.49426 0.54460 0.60758 0.62097 0.56305 0.54048 0.37576 0.41807 0.69656 0.79670 0.93407 1.13579 1.22982 1.49123 1.44906 1.59173 1.80941 1.78641 1.97861 1.98739 2.25499 2.33379 1.21518 1.02972 1.32453 1.35623 1.52270 1.66554 1.99319 2.12023 2.72040 2.71079 -9999 2.55597 -9999 -9999 -9999 -9999 -9999
0.17090 0.00000 0.04792 0.07728 0.04573 0.04325 0.01851 0.03912 0.00000 0.02702 1.07068 0.07102 0.09334 0.08017 0.58051 1.52333 3.14508 2.89139 1.14913 0.71677 0.77615 0.17639 0.22498 0.20107 0.67323 1.19508 1.21817 1.06781 1.02801 1.06364 1.12617 1.10664 1.05336 1.00530 0.86730 0.82112 0.77327 0.80003 0.68618 0.73356 0.59090 0.58511 0.80254 0.94836 1.25700 1.21866 1.06353 1.16692 1.48356 1.54796 1.55231 1.67644 1.59859 1.60372 1.89777 1.79159 1.23429 1.53549 1.40740 1.43654 1.58668 1.74212 2.04114 2.20987 2.70642 3.43995 4.03830 -9999 -9999 -9999 -9999 -9999 -9999
0.25571 0.25449 1.19598 1.20395 0.68627 0.76294 0.74939 0.93650 0.98945 1.01418 1.40067 1.41557 6.06411 5.50164 1.85310 2.18771 1.38742 1.59671 0.57365 0.75386 1.22739 1.17003 1.25974 0.36001 1.01051 1.41224 1.91107 1.60500 1.94259 1.82412 2.06945 2.08737 1.95692 2.00121 1.82633 1.80961 1.45395 1.55341 1.35911 1.51115 1.15999 1.10927 1.45408 1.47224 2.02570 1.64319 1.40683 1.41105 1.25456 1.38354 1.52142 1.56397 1.54031 1.65052 1.85269 2.34027 2.53564 2.61684 1.89722 2.08195 2.69692 2.65295 3.57768 4.67825 4.79941 4.81774 5.33678 4.19503 -9999 -9999 -9999 -9999 -9999
1.61549 1.41713 1.04362 0.94965 1.10718 1.11721 0.92657 1.03774 1.08935 1.27243 1.39196 1.48303 3.35536 1.05898 0.11844 0.10916 0.33073 0.10167 0.36097 0.88083 1.60458 1.86996 1.14714 0.63299 0.55518 1.81841 1.91129 1.82518 1.58395 1.28300 1.24631 1.36973 1.44552 1.51494 2.32967 2.07011 1.81435 1.64013 1.73682 1.86278 1.53321 1.50076 1.84827 1.80950 1.76166 1.93044 1.71209 1.87009 1.47082 1.82287 1.97880 1.84223 2.24374 2.27752 2.03794 2.60665 2.28124 2.36740 2.39827 2.41515 2.45111 2.20059 2.72610 2.94666 3.80823 3.95546 4.93924 4.92082 3.86029 3.53642 3.57950 3.33847 -9999
1.38437 1.31717 1.16833 1.14340 1.22931 1.18533 0.96173 0.96181 1.14848 1.23810 1.46855 1.50681 4.93589 3.16211 0.08250 0.03841 0.00025 0.02303 0.33295 1.31967 1.97907 1.89309 1.07710 0.93752 0.40608 1.20319 1.43401 2.01613 2.03613 1.87841 1.74131 1.53395 1.74765 1.86768 2.08294 2.19914 2.57673 2.67671 2.06395 2.03906 1.63293 1.50802 2.07027 2.05073 2.05195 2.18623 1.96446 2.12243 2.01028 2.42875 2.49697 2.40542 2.32616 2.45730 3.08381 2.81258 2.37741 2.28312 2.18827 2.24424 2.36945 2.06650 2.58067 2.98576 3.83947 3.65094 4.11909 3.99194 4.41942 3.81879 3.26608 3.43805 2.94585
3.11964 0.14863 0.19189 1.48345 0.08489 0.44795 0.94685 0.61269 0.91737 1.03064 1.84189 1.65587 1.30629 1.79414 0.11980 0.07072 0.00527 0.01565 0.03187 0.24871 0.55385 0.63265 1.05501 1.45799 1.21051 1.72919 1.73284 1.46618 1.85274 2.08994 1.56614 1.36431 1.73193 1.56133 1.44801 1.68133 2.86984 3.18194 2.95179 3.38514 3.62512 3.07946 3.33035 3.14842 2.44337 2.44778 2.16728 2.19527 2.23308 2.23926 2.12123 2.39383 2.33116 2.76913 2.81698 2.32108 2.86023 2.62541 2.21361 2.22131 1.82867 1.92955 2.21197 2.44026 4.09054 4.37073 4.84251 4.68317 3.92589 4.46131 4.31120 2.99296 2.78618
3.35487 3.22660 0.29714 0.25033 0.25207 0.31523 0.26212 0.18441 0.24634 0.16394 1.57537 1.33408 1.74260 1.44822 0.15126 0.05339 0.02613 0.02505 0.03930 0.04735 0.02081 0.02650 0.11859 0.37990 0.79109 1.32429 1.25029 0.82808 0.43938 0.25459 0.02367 0.18771 0.60515 0.75258 0.40018 0.64240 2.13552 2.49663 2.66125 2.59608 3.49749 3.44407 4.63775 4.49140 4.14917 4.10668 3.23736 2.15853 2.38661 2.21661 2.27018 2.60298 2.78395 2.11623 2.24913 2.36044 2.28487 2.21272 1.87406 2.05579 1.78046 2.00128 2.01767 2.11229 3.27684 4.03419 5.04992 5.02440 4.02239 4.24934 4.37092 4.32836 3.31665
1.85331 1.94232 3.08920 1.42766 0.19687 0.31452 0.43910 0.35876 0.04754 0.08965 0.00000 0.03599 0.05914 1.66328 4.54085 0.05405 0.00008 0.00000 0.00002 0.00170 0.00003 0.00005 0.00054 0.00052 0.00007 0.00043 0.00590 0.00412 0.00261 0.00366 0.01290 0.01235 0.04399 0.07662 0.06298 0.06872 0.60059 0.63030 0.91468 1.14086 1.40850 1.71213 2.98816 4.13602 3.22158 3.11343 3.12477 2.61398 1.78418 1.98397 2.04729 2.13657 2.25506 2.35412 2.37554 2.07289 2.15256 1.74051 2.51797 2.70187 2.47585 2.01800 2.73933 2.45280 2.82101 3.13356 3.78937 4.58818 4.57979 4.64950 4.54110 4.57413 4.81246
2.71520 2.55264 2.65515 2.25387 1.95989 2.01785 0.19013 0.43827 0.15132 0.10843 0.07638 0.04492 0.05442 0.04917 0.06835 0.85070 0.02538 0.03477 0.00752 0.00159 0.00045 0.00074 0.00056 0.00746 0.01107 0.01264 0.01676 0.01575 0.01413 0.01281 0.03842 0.03217 0.07767 0.11744 0.08548 0.20473 1.49747 1.87307 1.89840 1.82314 2.05076 2.77528 3.06834 4.00103 3.98736 4.16000 2.91666 3.38339 2.48666 2.02749 2.27788 2.10911 2.20303 2.30202 2.35749 2.29569 2.45850 2.04358 2.29455 2.34587 2.74659 2.56470 2.86118 2.74768 2.97580 3.35056 3.71890 4.31141 4.80867 5.00807 4.91675 5.08333 5.53325
0.75873 0.61113 0.48142 0.39610 8.18312 3.51840 5.59871 2.12157 1.78384 2.07640 1.64982 1.35564 0.02887 0.02619 0.02503 0.01337 0.03015 0.60214 0.92708 1.02353 1.00230 0.47054 0.58637 2.02621 3.05945 0.99623 0.67476 0.66054 0.91038 1.19171 0.05809 0.30346 0.35064 0.58186 1.13219 1.69569 1.86510 2.38780 2.30053 3.76215 2.95068 2.28174 2.20070 2.31866 2.82316 3.70816 3.65282 3.35271 4.84180 2.79033 2.78704 2.85303 3.01859 3.01225 2.99732 2.84109 2.86475 2.56261 2.51440 2.61542 3.01429 2.74471 2.78565 2.99423 2.52585 3.06658 3.89987 4.21500 4.48521 4.69631 5.13493 5.13849 5.85083
7.12922 10.66170 0.71483 0.92952 0.58287 0.80266 0.51622 4.47367 7.41406 3.10937 1.40725 1.32497 12.11760 7.40211 3.86928 3.65217 1.53735 2.80574 0.84970 1.02657 0.81764 1.39138 1.24635 1.62481 1.24144 0.20358 0.07878 0.68187 0.01869 0.02505 0.36824 0.89339 0.87387 1.09506 1.80892 2.74803 2.79997 4.83021 4.99695 4.53218 2.76533 2.82905 3.08894 3.07114 3.07592 2.85786 3.75024 3.81147 5.01546 3.06177 2.27078 2.88866 3.44963 3.46312 3.21958 3.16145 3.15479 2.83059 2.76459 2.66995 2.95110 3.11030 2.86154 2.82329 3.36653 4.01489 5.19739 4.78258 5.05597 5.33325 5.43742 5.78542 6.23257
5.42124 4.22679 4.24900 5.04535 5.85805 6.09584 5.10871 6.01782 5.60716 4.94515 3.72468 1.45236 21.66860 21.02190 20.50710 10.24970 4.07795 2.12668 0.00553 0.00175 0.66221 1.36800 0.99740 1.74442 2.54993 1.14599 0.37897 0.07388 0.01418 0.02379 0.61885 0.72957 1.26241 2.65754 2.51261 3.27668 3.42955 4.95552 5.98498 6.23619 4.78537 3.07906 3.54911 2.73604 3.08417 2.24624 4.72382 5.46976 6.12151 4.29647 3.08979 3.67945 4.15402 3.73426 2.62294 2.42592 2.28938 2.24230 2.20917 2.78948 3.18381 3.35580 3.17203 3.52887 3.68286 4.14866 6.00410 6.52537 6.84191 6.91469 6.99124 5.97610 5.89728
3.85539 2.85510 2.94361 3.35272 3.83943 4.90212 11.09550 10.30380 8.84115 6.67066 6.08874 3.66171 6.29921 6.77761 14.13250 38.06410 28.52740 7.89347 1.70611 0.22893 0.00144 0.00154 0.40194 1.86705 1.71368 0.19054 0.26554 0.07703 0.02121 0.02412 1.73547 1.60893 3.33917 5.29983 5.64757 6.08734 7.45690 4.63566 9.81211 9.02282 9.00053 7.87682 4.48319 3.78682 3.35817 3.63161 4.67533 5.58987 4.94078 4.86523 4.78387 4.61838 4.35277 5.42588 4.41608 3.46738 2.65748 2.51953 2.40939 2.38918 3.32077 3.70702 4.15631 4.37354 4.35206 4.65547 4.13694 5.11930 7.41338 7.09408 7.30421 7.63362 4.91908
12.36580 19.62890 17.62380 10.92620 8.27400 5.19075 10.61750 19.79010 37.65060 15.93330 24.97930 15.97300 6.48533 10.53700 12.99250 26.27560 25.81490 7.82266 1.46585 0.28920 1.65239 3.64004 0.88724 1.46844 0.80496 0.00196 0.53689 0.09702 0.00212 0.00359 0.45882 2.22501 3.51364 5.02455 5.27699 5.86478 9.25437 8.49337 11.35740 14.84430 12.89840 9.13848 9.07484 9.46421 5.89596 5.14388 3.22108 3.27747 2.86975 3.87810 4.78555 4.46265 4.75462 4.91423 4.11199 4.51399 4.54253 4.38630 4.86079 4.82596 3.97839 4.18817 5.59693 5.72849 5.88320 5.71692 4.01537 4.60025 5.05788 5.27388 6.81304 6.33499 6.49413
-9999 267.41901 164.52699 77.81220 48.65510 29.07180 37.49200 28.95920 27.29020 27.89230 19.54390 26.76050 30.31080 7.65772 7.06230 3.60735 29.59130 28.14510 15.02830 8.06092 6.30897 5.08325 6.34731 5.08749 3.53321 2.73026 0.10822 0.11324 0.00400 1.55340 3.16396 2.84931 2.33367 3.62089 6.48614 6.02356 12.10040 12.41670 10.48890 10.81220 11.54550 10.40410 10.07410 9.73569 8.83531 6.42666 3.27195 3.86732 3.26635 4.16393 5.07547 4.86676 5.08967 5.28004 4.04992 3.78646 4.46700 4.18478 4.44238 4.06860 3.30970 3.57774 4.40572 5.16315 4.84571 4.97098 4.68791 4.24539 4.30891 7.01074 7.40600 6.79552 6.70434
