data/hydroclimate-scenarios/BCSD_hadcm_A1B/monthly_summaries/runoff_monthly_tot_aug.2070-2099.asc
ncols	311
nrows	91
xllcenter	102.75
yllcenter	31.75
cellsize	0.5
NODATA_value	-9999
[rows 0 to 31 of 91, columns 72 to 143 of 311]
-9999 -9999 -9999 -9999 -9999 -9999 -9999 -9999 -9999 -9999 -9999 -9999 -9999 -9999 -9999 -9999 -9999 -9999 -9999 -9999 -9999 -9999 -9999 -9999 -9999 -9999 -9999 -9999 -9999 -9999 -9999 -9999 -9999 -9999 -9999 -9999 -9999 -9999 -9999 -9999 -9999 -9999 -9999 -9999 -9999 -9999 -9999 -9999 -9999 -9999 -9999 -9999 -9999 -9999 -9999 -9999 -9999 -9999 -9999 -9999 -9999 -9999 -9999 -9999 -9999 -9999 -9999 -9999 -9999 -9999 -9999 -9999
-9999 -9999 -9999 -9999 -9999 -9999 -9999 -9999 -9999 -9999 -9999 -9999 -9999 -9999 -9999 -9999 -9999 -9999 -9999 -9999 -9999 -9999 -9999 -9999 -9999 -9999 -9999 -9999 -9999 -9999 -9999 -9999 -9999 -9999 -9999 -9999 -9999 -9999 -9999 -9999 -9999 -9999 -9999 -9999 -9999 -9999 -9999 -9999 -9999 -9999 -9999 -9999 -9999 -9999 -9999 -9999 -9999 -9999 -9999 -9999 -9999 -9999 -9999 -9999 -9999 -9999 -9999 -9999 -9999 -9999 -9999 -9999
-9999 -9999 -9999 -9999 -9999 -9999 -9999 -9999 -9999 -9999 -9999 -9999 -9999 -9999 -9999 -9999 -9999 -9999 -9999 -9999 -9999 -9999 -9999 -9999 -9999 -9999 -9999 -9999 -9999 -9999 -9999 -9999 -9999 -9999 -9999 -9999 -9999 -9999 -9999 -9999 -9999 -9999 -9999 -9999 -9999 -9999 -9999 -9999 -9999 -9999 -9999 -9999 -9999 -9999 -9999 -9999 -9999 -9999 -9999 -9999 -9999 -9999 -9999 -9999 -9999 -9999 -9999 -9999 -9999 -9999 -9999 -9999
-9999 -9999 -9999 -9999 -9999 -9999 -9999 -9999 -9999 -9999 -9999 -9999 -9999 -9999 -9999 -9999 -9999 -9999 -9999 -9999 -9999 -9999 -9999 -9999 -9999 -9999 -9999 -9999 -9999 -9999 -9999 -9999 -9999 -9999 -9999 -9999 -9999 -9999 -9999 -9999 -9999 -9999 -9999 -9999 -9999 -9999 -9999 -9999 -9999 -9999 -9999 -9999 -9999 -9999 -9999 -9999 -9999 -9999 -9999 -9999 -9999 -9999 -9999 -9999 -9999 -9999 -9999 -9999 -9999 -9999 -9999 -9999
-9999 -9999 -9999 -9999 -9999 -9999 -9999 -9999 -9999 -9999 -9999 -9999 -9999 -9999 -9999 -9999 -9999 -9999 -9999 -9999 -9999 -9999 -9999 -9999 -9999 -9999 -9999 -9999 -9999 -9999 -9999 -9999 -9999 -9999 -9999 -9999 -9999 -9999 -9999 -9999 -9999 -9999 -9999 -9999 -9999 -9999 -9999 -9999 -9999 -9999 -9999 -9999 -9999 -9999 -9999 -9999 -9999 -9999 -9999 -9999 -9999 -9999 -9999 -9999 -9999 -9999 -9999 -9999 -9999 -9999 -9999 -9999
-9999 -9999 -9999 -9999 -9999 -9999 -9999 -9999 -9999 -9999 -9999 -9999 -9999 -9999 -9999 -9999 -9999 -9999 -9999 -9999 -9999 -9999 -9999 -9999 -9999 -9999 -9999 -9999 -9999 -9999 -9999 -9999 -9999 -9999 -9999 -9999 -9999 -9999 -9999 -9999 -9999 -9999 -9999 -9999 -9999 -9999 -9999 -9999 -9999 -9999 -9999 -9999 -9999 -9999 -9999 -9999 -9999 -9999 -9999 -9999 -9999 -9999 -9999 -9999 -9999 -9999 -9999 -9999 -9999 -9999 -9999 -9999
-9999 -9999 -9999 -9999 -9999 -9999 -9999 -9999 -9999 -9999 -9999 -9999 -9999 -9999 -9999 -9999 -9999 -9999 -9999 -9999 -9999 -9999 -9999 -9999 -9999 -9999 -9999 -9999 -9999 -9999 -9999 -9999 -9999 -9999 -9999 -9999 -9999 -9999 -9999 -9999 -9999 -9999 -9999 -9999 -9999 -9999 -9999 -9999 -9999 -9999 -9999 -9999 -9999 -9999 -9999 -9999 -9999 -9999 -9999 -9999 -9999 -9999 -9999 -9999 -9999 -9999 -9999 -9999 -9999 -9999 -9999 -9999
-9999 -9999 -9999 -9999 -9999 -9999 -9999 -9999 -9999 -9999 -9999 -9999 -9999 -9999 -9999 -9999 -9999 -9999 -9999 -9999 -9999 -9999 -9999 -9999 -9999 -9999 -9999 -9999 -9999 -9999 -9999 -9999 -9999 -9999 -9999 -9999 -9999 -9999 -9999 -9999 -9999 -9999 -9999 -9999 -9999 -9999 -9999 -9999 -9999 -9999 -9999 -9999 -9999 -9999 -9999 -9999 -9999 -9999 -9999 -9999 -9999 -9999 -9999 -9999 -9999 -9999 -9999 -9999 -9999 -9999 -9999 -9999
-9999 -9999 -9999 -9999 -9999 3.85459 -9999 -9999 -9999 -9999 -9999 -9999 -9999 -9999 -9999 -9999 -9999 -9999 -9999 -9999 -9999 -9999 -9999 -9999 -9999 -9999 -9999 -9999 -9999 -9999 -9999 -9999 -9999 -9999 -9999 -9999 -9999 -9999 -9999 -9999 -9999 -9999 -9999 -9999 -9999 -9999 -9999 -9999 -9999 -9999 -9999 -9999 -9999 -9999 -9999 -9999 -9999 -9999 -9999 -9999 -9999 -9999 -9999 -9999 -9999 -9999 -9999 -9999 -9999 -9999 -9999 -9999
-9999 4.08060 2.72026 3.53255 3.88609 3.82656 4.03199 4.30695 4.46173 4.37486 4.34392 3.15943 3.11879 3.02495 3.42853 3.49057 3.10484 3.35265 3.37500 3.84012 3.79010 -9999 -9999 -9999 -9999 -9999 -9999 -9999 -9999 -9999 -9999 -9999 -9999 -9999 -9999 -9999 -9999 -9999 -9999 -9999 -9999 -9999 -9999 -9999 -9999 -9999 -9999 -9999 -9999 -9999 -9999 -9999 -9999 -9999 -9999 -9999 -9999 -9999 -9999 -9999 -9999 -9999 -9999 -9999 -9999 -9999 -9999 -9999 -9999 -9999 -9999 -9999
-9999 -9999 -9999 3.24161 3.35453 3.39073 3.47577 3.54643 3.59667 3.67138 3.84118 4.00368 3.98858 4.05581 4.07821 3.44845 3.47752 3.57716 3.64568 3.33256 3.33171 -9999 -9999 -9999 -9999 -9999 -9999 -9999 -9999 -9999 -9999 -9999 -9999 -9999 -9999 -9999 -9999 -9999 -9999 -9999 -9999 -9999 -9999 -9999 -9999 -9999 -9999 -9999 -9999 -9999 -9999 -9999 -9999 -9999 -9999 -9999 -9999 -9999 -9999 -9999 -9999 -9999 -9999 -9999 -9999 -9999 -9999 -9999 -9999 -9999 -9999 -9999
3.20856 3.10282 3.18698 3.03779 3.22453 3.48925 3.35762 3.34890 3.54140 3.50464 3.51807 3.63018 3.80527 3.89867 3.94530 3.33430 3.35427 3.37615 3.56107 3.73881 3.95131 3.26565 3.28143 3.32849 3.25148 3.05203 2.98049 -9999 -9999 -9999 -9999 -9999 -9999 -9999 -9999 -9999 -9999 -9999 -9999 -9999 -9999 -9999 -9999 -9999 -9999 -9999 -9999 -9999 -9999 -9999 -9999 -9999 -9999 -9999 -9999 -9999 -9999 -9999 -9999 -9999 -9999 -9999 -9999 -9999 -9999 -9999 -9999 -9999 -9999 -9999 -9999 -9999
3.15814 3.04066 3.24039 3.53958 3.51826 3.35757 3.67396 3.31138 3.41662 3.70138 3.85513 4.05483 4.04900 4.03887 4.03393 3.63846 3.80002 4.97108 3.26917 2.76038 2.86686 3.08918 2.85501 3.15088 3.11401 3.12859 3.14535 2.87128 2.80472 2.56657 2.55333 2.68107 2.72918 2.69271 2.64013 2.51753 2.55496 2.69790 2.76788 2.83354 2.73736 2.96641 -9999 -9999 -9999 -9999 -9999 -9999 -9999 -9999 -9999 -9999 -9999 -9999 -9999 -9999 -9999 -9999 -9999 -9999 -9999 -9999 -9999 -9999 -9999 -9999 -9999 -9999 -9999 -9999 -9999 -9999
2.38955 2.34977 3.02295 3.71443 3.63248 3.38644 3.41861 3.07518 2.94433 3.37257 3.78351 3.65450 4.21807 4.26708 4.25346 3.84550 3.67960 3.53468 3.31815 2.96395 3.11376 3.29233 2.76965 3.20048 3.26779 3.30701 3.31865 3.17169 3.11150 2.72620 2.65008 2.69380 2.69038 2.63808 2.62738 2.64772 2.58081 2.69878 2.76173 2.86143 2.96783 3.22257 5.08333 -9999 -9999 -9999 -9999 -9999 -9999 -9999 -9999 -9999 -9999 -9999 -9999 -9999 -9999 -9999 -9999 -9999 -9999 -9999 -9999 -9999 -9999 -9999 -9999 -9999 -9999 -9999 -9999 -9999
4.69557 3.98947 5.04480 4.19236 4.06049 4.40687 4.49721 4.15074 3.81742 3.78485 3.90216 3.58133 3.50334 3.49383 3.32534 4.00232 3.89381 4.02220 5.67010 3.78897 4.03301 3.86671 3.68164 3.21257 3.41711 3.27317 3.19668 3.19627 3.22514 2.90834 2.87603 2.68359 2.71390 3.04110 3.11271 2.79770 2.83547 2.97003 2.99451 2.98246 3.09397 3.01476 2.94332 -9999 -9999 -9999 -9999 -9999 -9999 -9999 -9999 -9999 -9999 -9999 -9999 -9999 -9999 -9999 3.32905 3.58727 -9999 -9999 -9999 -9999 3.50662 4.25071 4.98567 4.09428 3.09508 2.97691 2.84639 3.74771
4.98691 5.01406 4.98816 4.35770 3.89852 3.69738 4.15462 3.80782 4.29904 3.87172 3.49249 3.15435 3.33918 3.55453 3.32581 4.02078 4.01630 5.88867 3.94440 4.12845 3.85022 3.64268 3.15430 2.98827 2.95251 3.66910 3.73381 3.27091 3.28618 3.16497 3.16766 3.00995 3.32463 3.76230 3.34589 2.89956 2.98894 3.68106 4.68015 5.11438 5.31919 4.71128 3.94222 4.11570 4.14047 5.03907 3.55004 3.81150 4.10091 3.71691 3.75061 3.95620 4.15958 3.82073 3.10886 2.89284 2.94363 3.57833 3.52234 3.44770 -9999 -9999 -9999 -9999 -9999 3.69474 4.00185 3.91576 4.10218 4.12104 3.50693 4.62772
3.89827 5.26874 5.62219 3.87012 4.47925 4.59019 4.31096 3.20159 3.14974 3.08305 3.07901 2.72548 2.65913 3.10585 3.88791 3.74797 3.66021 3.25356 3.51911 3.40903 3.15627 3.06396 2.95027 2.99963 3.03217 3.03337 3.09502 3.25595 3.26440 3.16006 3.04920 2.98686 3.11738 3.19945 3.22792 3.39041 3.51148 5.61342 5.95924 3.73527 5.50872 3.48673 3.53061 3.77066 3.64682 3.62455 3.54097 3.32654 3.63515 3.57016 3.42089 3.53971 4.18304 4.72746 4.31461 4.74061 4.69613 3.91700 3.58852 3.73997 4.01240 4.10785 4.16464 3.70134 3.44217 3.39603 3.53543 3.26238 3.36183 4.45744 3.86077 5.13007
7.37271 5.27037 5.95591 5.92147 5.08783 4.96104 4.86363 3.38302 3.31278 2.99797 3.20603 2.86939 3.75748 3.16940 3.21972 3.73034 3.64335 3.41609 3.93164 3.85491 3.45375 3.18904 3.06595 3.12285 3.17154 3.14634 3.24850 3.38964 3.45427 3.30303 3.28072 3.14277 3.19547 3.71423 3.71700 5.86346 3.96379 4.33565 4.55492 4.11353 3.98763 4.25954 4.12915 4.28150 3.93782 3.91822 3.59936 3.15179 3.34022 3.91683 3.74788 3.87595 3.64653 4.16030 4.53174 4.83816 5.10684 5.39009 5.31913 4.63926 4.84892 4.54486 4.08104 3.81917 4.15193 3.73450 3.77051 3.35052 4.31642 5.25311 5.48367 6.06179
7.77430 4.65121 2.57771 3.80424 3.24184 3.24726 3.79334 4.37519 3.74014 4.04383 4.21737 4.02129 4.07626 4.01275 4.13942 3.74635 3.64522 3.64610 4.67953 4.59458 4.01914 4.15697 3.56107 3.18217 3.23567 3.21282 3.25832 3.48500 3.56450 3.93894 5.83497 3.66886 4.08877 3.79511 3.86429 3.95116 4.35217 4.86919 5.31091 4.71032 4.19760 5.19238 5.75500 5.17865 4.70885 4.13536 3.66248 3.44295 3.90030 4.25645 4.52103 3.89787 3.81096 3.26513 3.22513 3.44519 4.72238 5.12225 5.99522 6.29957 6.39570 7.29491 5.90913 5.09067 4.52837 4.11798 4.02149 5.28690 5.72747 5.66536 6.06893 6.95133
7.44155 5.56865 5.30923 3.30785 3.38734 3.38685 3.77577 4.91635 4.34542 5.88112 5.42892 4.41083 4.80528 4.64404 4.38827 4.16319 3.73079 3.64923 3.85826 4.20769 3.89740 3.92648 3.79393 3.34838 3.23780 3.35585 3.23503 3.63055 4.89462 3.98192 4.26469 4.38956 4.57118 4.18802 4.60225 4.74403 4.77451 4.69833 5.50324 5.64675 5.37812 5.11933 5.29038 5.82202 5.54049 4.94343 4.59500 3.98835 3.85284 3.98388 4.21927 3.98212 3.48609 3.81639 4.50485 4.73917 5.73297 5.58715 5.65433 5.59270 5.64886 5.48847 7.36976 7.81840 6.32721 7.44810 5.27780 5.97411 6.10729 6.72570 6.16368 6.32551
5.05691 5.66202 6.49971 7.27362 3.32058 2.97345 2.68711 4.51394 4.14230 4.97627 6.19390 7.24918 9.09762 5.92226 5.24213 4.50579 4.15454 4.12371 3.81251 3.85852 3.69343 3.91699 3.87270 3.54363 3.81584 3.63140 3.61001 3.82050 4.32799 4.29018 4.84788 5.11858 5.09985 4.96944 5.27764 5.37070 5.74050 5.71601 5.58073 6.08991 6.36853 6.00375 5.76379 5.49144 5.15955 5.00099 4.59413 4.18717 4.00733 3.90516 4.10772 4.33738 4.44987 4.41251 4.84606 5.35882 5.97252 5.84462 6.87098 6.75052 6.78600 5.62253 6.93572 5.92830 5.85637 5.41240 5.62286 6.36296 7.42168 7.01450 6.35783 6.49440
7.10365 7.42448 7.94284 7.17686 5.83030 5.02851 4.43331 4.85627 4.39472 4.27455 4.11090 4.57581 5.15284 7.85105 7.95128 6.82945 5.98571 4.70404 3.74267 4.66214 4.55020 4.40709 4.10963 3.85109 4.08544 4.05929 3.96740 4.79428 5.17381 5.25394 6.02780 5.96177 6.18492 5.97405 6.10421 5.99657 6.21819 4.75135 6.25340 6.31562 6.40913 6.30473 6.55801 6.09131 6.18423 5.93316 5.63048 5.29329 4.75617 5.33297 5.38711 5.76622 4.66468 5.53024 5.40435 5.63033 6.36969 6.67950 8.09071 7.30886 7.80863 7.57624 7.18417 6.58215 5.49875 7.16007 7.02817 7.96532 7.68762 6.98404 6.76461 7.11962
8.92862 10.97320 9.32787 10.22380 9.50692 7.38494 5.49495 6.23868 5.24342 4.56849 4.51804 4.89549 3.64878 4.89408 3.95713 4.47543 6.72436 7.75292 6.43341 4.77445 5.42623 4.38671 4.16008 3.44650 3.55046 4.23857 4.51739 5.20949 5.71814 6.05425 6.24550 6.06862 5.46080 5.46485 4.85048 4.98587 4.98682 5.16553 5.13400 4.87850 5.00499 5.03397 4.98676 6.28068 6.38754 6.57582 6.00286 6.13302 6.41798 6.66453 6.45811 6.95858 7.93243 5.92652 6.92022 6.95483 8.11355 7.34384 7.55394 8.09710 8.01226 7.87086 6.67883 8.56008 7.97917 7.66109 7.43291 7.83093 7.74486 7.48918 7.69446 8.32766
7.96339 7.60651 7.81828 8.59082 9.43268 8.71622 8.20030 7.71362 6.03207 4.72428 6.08173 6.10963 5.73558 7.55873 8.63754 8.25137 4.01980 6.62500 9.35651 7.45662 7.35243 6.02122 4.59682 4.18866 3.97672 4.42120 4.76575 5.63536 5.51083 5.86775 5.90598 5.25454 5.51596 4.72139 4.98944 5.39705 5.21694 5.31837 5.53855 6.35997 6.13425 5.95986 4.80561 4.08295 4.94702 5.82974 6.45843 7.25571 7.00187 7.29990 6.18622 6.98690 6.30533 7.49357 9.63816 7.97383 9.25153 7.64019 7.61827 8.18446 8.07601 8.61299 9.21296 8.03699 7.86378 7.83030 7.60698 8.36553 8.75580 8.48826 8.62701 8.50984
8.80520 8.12346 6.82603 7.33023 7.08668 7.22134 7.04648 6.30423 5.96403 5.39099 5.51527 4.34700 5.32557 6.79933 7.34643 8.34320 7.74191 5.92456 6.36267 6.35160 6.72627 6.14724 5.92870 5.07934 4.64850 4.57622 5.32996 5.77400 5.95448 6.24156 6.27659 5.02269 4.91559 4.82065 4.72012 5.02086 5.09483 5.05717 5.68318 6.10642 5.79696 6.73311 5.23251 4.87795 5.27972 5.74613 6.12015 7.20417 7.28745 7.18814 6.85713 7.05630 7.94792 7.49235 7.42340 7.74049 7.48465 8.76982 8.34121 8.49756 7.82782 8.38025 8.08801 8.53559 9.09345 8.72931 9.03755 9.89681 9.66891 8.56936 8.38957 8.56348
10.56110 9.58550 9.05814 8.61884 7.58552 7.12590 6.53266 5.74053 5.13424 5.32599 6.32603 6.15115 5.51086 5.96454 7.03867 6.94124 7.16147 8.78271 8.04984 6.61895 5.78463 5.39986 5.51705 5.72402 5.80615 5.37364 5.25671 5.71831 6.24859 6.17332 6.49092 5.09012 5.49759 4.86221 5.40109 5.26639 5.64035 5.15795 6.45165 6.21968 6.67252 6.52412 7.27588 6.60302 5.73813 4.49711 4.59612 5.25968 5.50790 7.11284 6.09799 5.76544 6.00497 5.91156 6.82432 7.47774 7.96314 8.22417 9.16421 9.31489 9.40606 9.53026 8.28071 7.74507 7.55419 7.86924 8.75058 9.45076 9.34762 8.65595 9.56629 9.35410
12.86410 12.31000 10.66160 10.33640 9.74663 8.63837 7.81757 6.15685 6.53433 6.26487 6.49378 7.20956 6.29250 6.40733 6.37755 7.36483 7.31538 9.04732 9.01180 7.50394 6.84452 7.66699 6.48229 6.91971 6.59356 6.41598 6.19696 5.91570 6.14937 5.70047 5.87385 5.63189 6.80842 6.98761 6.16944 7.14899 8.09420 6.04876 7.58565 9.13720 9.58026 8.18342 7.24796 6.59320 6.21716 6.42827 5.53080 5.34270 6.19116 5.90586 7.28169 7.26027 7.19318 7.42180 7.95728 8.41917 7.49987 6.77506 7.46028 7.76450 8.43358 8.58616 8.74358 8.40554 7.98732 8.73348 8.49039 9.83332 10.32400 10.05360 9.65089 9.77284
12.65810 13.77430 13.08410 12.81670 10.34270 7.63953 7.69211 7.05493 6.06151 5.34990 6.01135 6.09314 6.78316 7.27785 7.30369 7.58158 7.67706 7.92413 7.53138 9.88654 7.33698 7.47697 6.59136 6.77968 7.04969 8.17058 6.64847 6.26532 5.97148 6.33886 6.02910 5.90670 6.65537 7.33537 6.31937 7.32424 7.32888 8.17091 7.05455 7.60974 8.42283 7.52816 9.08967 7.71235 7.44746 5.56912 5.84470 6.30206 6.13160 6.29647 6.81894 6.94014 6.66911 7.66125 7.47522 7.72484 7.35674 6.88470 7.71739 8.22979 8.68341 9.23502 9.45394 9.80470 9.44766 9.59727 10.00630 10.80740 10.10420 10.21220 10.14350 9.84291
13.20350 14.24700 14.10850 13.19430 13.84190 10.76070 7.53245 6.99600 8.16363 6.61187 7.06517 6.60879 7.10051 7.66761 7.48235 7.43653 6.23298 7.48182 8.14474 7.54348 8.00247 7.35612 6.42798 6.18210 5.58400 6.03066 5.80490 5.38733 5.60658 5.33220 5.68736 6.14843 6.36862 6.43360 5.42738 6.43926 7.49521 8.34724 9.62338 8.10497 7.01780 8.06364 7.12405 7.08385 6.49578 5.34898 4.20471 4.59269 4.84627 4.95394 5.08126 4.97521 6.45403 6.55488 7.17123 7.55380 7.17849 8.36976 7.50212 8.57678 8.83171 8.11812 9.59189 10.69690 10.56940 11.62380 12.17700 11.44610 11.09090 10.90470 10.44600 11.37960
13.50500 14.28630 13.86020 15.87300 15.32150 17.40570 12.22980 10.77520 10.92700 11.13060 8.95724 8.01574 7.69316 8.45409 8.36925 8.58057 8.15356 7.77322 8.32556 6.85409 8.37321 8.90730 7.57502 6.48613 5.04574 6.63813 6.05042 5.92513 6.33134 5.81832 5.48381 6.34221 6.43200 6.77843 6.43977 6.85018 8.12149 9.77833 9.58795 9.26803 7.31042 6.87227 5.99477 5.01901 5.41398 4.53854 4.58531 6.27032 5.84042 -9999 -9999 5.30787 6.62881 6.13667 7.17763 8.72170 7.40779 6.96842 7.56398 8.29456 9.35350 10.04900 10.73760 11.79620 12.21190 13.12460 14.14570 12.58870 12.21870 12.92520 10.79180 11.47540
13.27090 13.29630 14.26980 13.79690 13.02150 15.95690 11.56070 12.48390 13.95850 12.84610 10.86260 9.92227 10.28760 9.31861 9.08541 9.16815 8.29309 7.07573 8.54733 6.78780 7.85174 7.70157 8.22273 7.78587 7.27011 7.78304 6.85807 4.74635 6.18090 6.71689 5.71301 6.60744 7.17634 7.56966 7.50476 7.55926 7.72012 6.86278 -9999 -9999 -9999 -9999 5.88813 -9999 5.10274 7.95700 7.35611 7.24369 6.11926 -9999 -9999 6.11135 7.22450 7.27657 7.07201 6.62226 6.86000 7.12087 7.59341 7.86622 8.64664 9.44628 10.33840 10.05070 14.02680 14.10160 14.65870 12.65930 11.16750 11.22880 11.65320 -9999
13.36860 13.76520 14.53000 14.09630 12.17040 13.25060 11.11540 10.18050 10.38560 9.84533 9.80961 10.59750 10.33380 9.92317 8.01337 9.24991 9.56203 9.68653 9.71676 9.96794 8.80601 8.94257 8.28876 6.90674 7.75963 6.42781 7.98174 7.15618 6.54445 7.05621 7.07397 8.53851 8.19329 9.40737 7.60421 6.89795 -9999 -9999 -9999 -9999 -9999 -9999 -9999 6.60624 6.30606 7.22934 -9999 -9999 -9999 -9999 -9999 7.45598 6.57855 7.24984 8.00545 9.16379 8.82241 6.81338 7.65583 7.14708 7.49091 8.27180 10.65840 10.32820 9.14818 10.83410 12.75130 11.31510 9.08687 -9999 -9999 -9999
