data/hydroclimate-scenarios/BCSD_hadcm_A1B/monthly_summaries/runoff_monthly_tot_may.2070-2099.asc
ncols	311
nrows	91
xllcenter	102.75
yllcenter	31.75
cellsize	0.5
NODATA_value	-9999
[rows 0 to 31 of 91, columns 216 to 287 of 311]
-9999 -9999 -9999 -9999 -9999 -9999 -9999 -9999 -9999 -9999 -9999 -9999 -9999 -9999 -9999 -9999 -9999 -9999 -9999 -9999 -9999 -9999 -9999 -9999 -9999 -9999 -9999 -9999 -9999 -9999 -9999 -9999 -9999 -9999 -9999 -9999 -9999 -9999 -9999 -9999 -9999 -9999 -9999 -9999 -9999 -9999 -9999 -9999 -9999 -9999 -9999 -9999 -9999 -9999 -9999 -9999 -9999 -9999 -9999 -9999 -9999 -9999 -9999 -9999 -9999 -9999 -9999 -9999 -9999 -9999 -9999 -9999
-9999 -9999 -9999 -9999 -9999 -9999 -9999 -9999 -9999 -9999 -9999 -9999 -9999 -9999 -9999 -9999 -9999 -9999 -9999 -9999 -9999 -9999 -9999 -9999 -9999 -9999 -9999 -9999 -9999 -9999 -9999 -9999 -9999 -9999 -9999 -9999 -9999 -9999 -9999 -9999 -9999 -9999 -9999 -9999 -9999 -9999 -9999 -9999 -9999 -9999 -9999 -9999 -9999 -9999 -9999 -9999 -9999 -9999 -9999 -9999 -9999 -9999 -9999 -9999 -9999 -9999 -9999 -9999 -9999 -9999 -9999 -9999
-9999 -9999 -9999 -9999 -9999 -9999 -9999 -9999 -9999 -9999 -9999 -9999 -9999 -9999 -9999 -9999 -9999 -9999 -9999 -9999 -9999 -9999 -9999 -9999 -9999 -9999 -9999 -9999 -9999 -9999 -9999 -9999 -9999 -9999 -9999 -9999 -9999 -9999 -9999 -9999 -9999 -9999 -9999 -9999 -9999 -9999 -9999 -9999 -9999 -9999 -9999 -9999 -9999 -9999 -9999 -9999 -9999 -9999 -9999 -9999 -9999 -9999 -9999 -9999 -9999 -9999 -9999 -9999 -9999 -9999 -9999 -9999
-9999 -9999 -9999 -9999 -9999 -9999 -9999 -9999 -9999 -9999 -9999 -9999 -9999 -9999 -9999 -9999 -9999 -9999 -9999 -9999 -9999 -9999 -9999 -9999 -9999 -9999 -9999 -9999 -9999 -9999 -9999 -9999 -9999 -9999 -9999 -9999 -9999 -9999 -9999 -9999 -9999 -9999 -9999 -9999 -9999 -9999 -9999 -9999 -9999 -9999 -9999 -9999 -9999 -9999 -9999 -9999 -9999 -9999 -9999 -9999 -9999 -9999 -9999 -9999 -9999 -9999 -9999 -9999 -9999 -9999 -9999 -9999
-9999 -9999 -9999 -9999 -9999 -9999 -9999 -9999 -9999 -9999 -9999 -9999 -9999 -9999 -9999 -9999 -9999 -9999 -9999 -9999 -9999 -9999 -9999 -9999 -9999 -9999 -9999 -9999 -9999 -9999 -9999 -9999 -9999 -9999 -9999 -9999 -9999 -9999 -9999 -9999 -9999 -9999 -9999 -9999 -9999 -9999 -9999 -9999 -9999 -9999 -9999 -9999 -9999 -9999 -9999 -9999 -9999 -9999 -9999 -9999 -9999 -9999 -9999 -9999 -9999 -9999 -9999 -9999 -9999 -9999 -9999 -9999
-9999 -9999 -9999 -9999 -9999 -9999 -9999 -9999 -9999 -9999 -9999 -9999 -9999 -9999 -9999 -9999 -9999 -9999 -9999 -9999 -9999 -9999 -9999 -9999 -9999 -9999 -9999 -9999 -9999 -9999 -9999 -9999 -9999 -9999 -9999 -9999 -9999 -9999 -9999 -9999 -9999 -9999 -9999 -9999 -9999 -9999 -9999 -9999 -9999 -9999 -9999 -9999 -9999 -9999 -9999 -9999 -9999 -9999 -9999 -9999 -9999 -9999 -9999 -9999 -9999 -9999 -9999 -9999 -9999 -9999 -9999 -9999
-9999 -9999 -9999 -9999 -9999 -9999 -9999 -9999 -9999 -9999 -9999 -9999 -9999 -9999 -9999 -9999 -9999 -9999 -9999 -9999 -9999 -9999 -9999 -9999 -9999 -9999 -9999 -9999 -9999 -9999 -9999 -9999 -9999 -9999 -9999 -9999 -9999 -9999 -9999 -9999 -9999 -9999 -9999 -9999 -9999 -9999 -9999 -9999 -9999 -9999 -9999 -9999 -9999 -9999 -9999 -9999 -9999 -9999 -9999 -9999 -9999 -9999 -9999 -9999 -9999 -9999 -9999 -9999 -9999 -9999 -9999 -9999
-9999 -9999 -9999 -9999 -9999 -9999 -9999 -9999 -9999 -9999 -9999 -9999 -9999 -9999 -9999 -9999 -9999 -9999 -9999 -9999 -9999 -9999 -9999 -9999 -9999 -9999 -9999 -9999 -9999 -9999 -9999 -9999 -9999 -9999 -9999 -9999 -9999 -9999 -9999 -9999 -9999 -9999 -9999 -9999 -9999 -9999 -9999 -9999 -9999 -9999 -9999 -9999 -9999 -9999 -9999 -9999 -9999 -9999 -9999 -9999 -9999 -9999 -9999 -9999 -9999 -9999 -9999 -9999 -9999 -9999 -9999 -9999
-9999 -9999 -9999 -9999 -9999 -9999 -9999 -9999 -9999 -9999 -9999 -9999 -9999 -9999 -9999 -9999 -9999 -9999 -9999 -9999 -9999 -9999 -9999 -9999 -9999 -9999 -9999 -9999 -9999 -9999 -9999 -9999 -9999 -9999 -9999 -9999 -9999 -9999 -9999 -9999 -9999 -9999 -9999 -9999 -9999 -9999 -9999 -9999 -9999 -9999 -9999 -9999 -9999 -9999 -9999 -9999 -9999 -9999 -9999 -9999 -9999 -9999 -9999 -9999 -9999 -9999 -9999 -9999 -9999 -9999 -9999 -9999
-9999 -9999 -9999 -9999 -9999 -9999 -9999 -9999 -9999 -9999 -9999 -9999 -9999 -9999 -9999 -9999 -9999 -9999 -9999 -9999 -9999 -9999 -9999 -9999 -9999 -9999 -9999 -9999 -9999 -9999 -9999 -9999 -9999 -9999 -9999 -9999 -9999 -9999 -9999 -9999 -9999 -9999 -9999 -9999 -9999 -9999 -9999 -9999 -9999 -9999 -9999 -9999 -9999 -9999 -9999 -9999 -9999 -9999 -9999 -9999 -9999 -9999 -9999 -9999 -9999 -9999 -9999 -9999 -9999 -9999 -9999 -9999
-9999 -9999 -9999 -9999 -9999 -9999 -9999 -9999 -9999 -9999 -9999 -9999 -9999 -9999 -9999 -9999 -9999 -9999 -9999 -9999 -9999 -9999 -9999 -9999 -9999 -9999 -9999 -9999 -9999 -9999 -9999 -9999 -9999 -9999 -9999 -9999 -9999 -9999 -9999 -9999 -9999 -9999 -9999 -9999 -9999 -9999 -9999 -9999 -9999 -9999 -9999 -9999 -9999 -9999 -9999 -9999 -9999 -9999 -9999 -9999 -9999 -9999 -9999 -9999 -9999 -9999 -9999 -9999 -9999 -9999 -9999 -9999
-9999 -9999 -9999 -9999 -9999 -9999 -9999 -9999 -9999 -9999 -9999 -9999 -9999 -9999 -9999 -9999 -9999 -9999 -9999 -9999 -9999 -9999 -9999 -9999 -9999 -9999 -9999 -9999 -9999 -9999 -9999 -9999 -9999 -9999 -9999 -9999 -9999 -9999 -9999 -9999 -9999 -9999 -9999 -9999 -9999 -9999 -9999 -9999 -9999 -9999 -9999 -9999 -9999 -9999 -9999 -9999 -9999 -9999 -9999 -9999 -9999 -9999 -9999 -9999 -9999 -9999 -9999 -9999 -9999 -9999 -9999 -9999
-9999 -9999 -9999 -9999 -9999 -9999 -9999 -9999 -9999 -9999 -9999 -9999 -9999 -9999 -9999 -9999 -9999 -9999 -9999 -9999 -9999 -9999 -9999 -9999 -9999 -9999 -9999 -9999 -9999 -9999 -9999 -9999 -9999 -9999 -9999 -9999 -9999 -9999 -9999 -9999 -9999 -9999 -9999 -9999 -9999 -9999 -9999 -9999 -9999 -9999 -9999 -9999 -9999 -9999 -9999 -9999 -9999 -9999 -9999 -9999 -9999 -9999 -9999 -9999 -9999 -9999 -9999 -9999 -9999 -9999 -9999 -9999
9.79631 8.87733 8.54841 -9999 -9999 -9999 -9999 -9999 -9999 -9999 -9999 -9999 -9999 -9999 -9999 -9999 -9999 -9999 -9999 -9999 -9999 -9999 -9999 -9999 -9999 -9999 -9999 -9999 -9999 -9999 -9999 -9999 -9999 -9999 -9999 -9999 -9999 -9999 -9999 -9999 -9999 -9999 -9999 -9999 4.27285 -9999 -9999 -9999 -9999 -9999 -9999 -9999 -9999 -9999 -9999 -9999 -9999 -9999 -9999 -9999 -9999 -9999 -9999 -9999 -9999 -9999 -9999 -9999 -9999 -9999 -9999 -9999
14.59450 14.74560 14.92930 11.35720 10.65830 8.94255 9.80264 4.15000 4.57646 4.79217 11.73700 15.71500 14.99580 11.90660 9.81659 135.03101 -9999 -9999 -9999 -9999 -9999 -9999 -9999 -9999 -9999 -9999 -9999 -9999 -9999 -9999 -9999 -9999 -9999 -9999 -9999 -9999 -9999 -9999 -9999 1.12585 3.37870 1.83601 0.57685 0.77111 2.34015 11.05760 -9999 -9999 -9999 10.82980 -9999 -9999 -9999 12.28250 15.74450 14.67970 -9999 -9999 -9999 -9999 -9999 -9999 -9999 -9999 -9999 -9999 -9999 -9999 -9999 -9999 -9999 -9999
22.25310 23.13910 23.84370 1.35089 0.86850 1.13961 1.29917 1.42410 1.47465 1.68464 1.95322 0.62632 1.98943 1.29415 0.95183 0.27262 0.16201 0.15994 0.47152 9.16768 22.91050 11.89230 -9999 -9999 -9999 -9999 -9999 15.60970 14.97080 17.83720 21.67940 22.74220 18.66590 15.14300 14.04400 14.84800 13.08790 11.23570 11.23520 0.97218 1.58899 1.18151 1.49329 1.66650 2.68647 15.83750 16.75520 14.59770 13.54210 16.10440 19.05000 19.25090 17.25310 20.18060 17.96840 11.65120 11.93810 13.03380 13.25380 15.73980 15.64110 -9999 -9999 -9999 -9999 -9999 -9999 -9999 -9999 -9999 -9999 -9999
22.27730 21.16330 7.87866 2.51918 3.52044 2.98691 3.11389 0.78222 3.27883 4.53834 5.04531 3.53611 2.52753 1.47637 1.13761 0.57863 0.67779 0.73046 0.65634 23.02980 6.43074 10.02320 15.00880 16.79970 19.88600 26.39940 24.72640 25.93140 24.28820 21.34220 26.40090 29.69400 25.29880 21.28790 21.41710 23.54350 21.05610 21.39250 20.57510 18.91840 18.30690 14.53080 15.89760 11.89170 14.04450 17.16560 18.20560 19.31470 18.73780 20.88360 21.98850 24.80960 29.00660 30.67320 29.77140 30.72120 30.93530 30.25130 32.35080 26.92370 21.93910 19.53820 17.45270 17.81310 16.75310 16.79820 18.50980 17.75560 17.47860 -9999 -9999 -9999
8.25395 9.65904 5.67324 3.66673 2.93886 2.19885 1.86718 1.38465 1.39332 2.63451 1.77181 0.86401 0.62584 0.67680 0.57665 2.00832 7.19417 8.04465 15.24220 67.13470 71.53170 16.50470 18.99080 14.47800 17.72150 26.70940 30.76840 42.92470 29.60030 25.57050 30.86590 38.46730 43.07260 41.46720 40.33500 33.67240 30.66790 26.49920 27.08270 23.60660 21.62880 20.72130 20.51110 18.74110 19.85520 24.70220 24.02010 24.62570 25.50720 26.72930 30.30340 32.86770 36.51650 38.83700 35.59360 35.58720 37.26790 41.39200 43.75440 30.76340 29.51120 26.87190 24.66140 23.64880 25.51310 29.94810 29.97780 27.82860 26.68950 -9999 20.55710 -9999
18.13310 10.26780 5.62579 6.75945 2.72558 2.40502 1.89332 1.53222 1.55025 1.20191 0.75033 0.70788 0.80619 4.47898 0.88687 1.59348 0.92224 22.96590 41.63410 68.54430 66.74950 24.40430 22.19990 35.92720 21.96580 21.32690 27.67170 63.59460 45.40870 39.17920 36.01250 38.21940 41.17470 40.71150 36.80470 32.98870 30.39220 27.87410 24.59750 26.10730 27.74970 29.57960 29.67210 33.70920 34.84910 35.30650 35.68860 35.99730 33.69330 32.73760 33.49710 37.37170 37.69690 36.44870 41.75810 43.13260 44.73100 45.54570 45.83050 36.76870 38.67290 40.55190 43.06840 36.53120 35.23070 32.74300 34.83530 29.87820 35.83240 48.52370 -9999 -9999
30.26890 27.08400 23.07470 15.27080 5.59304 11.63150 9.08591 11.21470 8.07093 10.21050 9.08352 11.20270 10.64230 5.29396 7.32223 74.57680 71.72080 39.88180 51.00610 46.28820 57.40700 16.40280 22.44110 36.78010 42.47520 55.42060 44.32710 85.01430 72.24350 59.13360 56.28660 51.75430 46.71030 45.01810 42.69580 42.64920 43.37580 39.58380 36.68190 38.68380 43.09170 45.06940 44.14920 47.14790 48.95380 48.00480 44.30440 43.54390 44.51030 38.02980 37.76340 37.58030 38.70290 42.52560 45.59370 45.97550 45.16410 43.76080 44.25400 46.76910 48.88840 51.98650 53.80000 50.76420 55.63210 64.36860 73.01240 59.39850 60.99100 74.48450 59.74530 -9999
52.31170 27.92670 18.22090 12.33920 7.55820 4.02294 3.79861 8.27175 9.61384 8.10470 8.23118 7.65624 9.49934 10.04280 10.97280 40.00720 23.30060 2.30287 4.68529 19.95490 15.05320 13.31480 25.18640 33.60460 41.06840 48.10650 56.76210 61.18940 69.46940 67.87130 63.66510 52.75100 42.96800 39.69960 42.59490 43.17570 42.12250 45.92800 40.54730 45.50370 45.40160 45.79340 45.20530 47.14510 50.24360 51.39270 51.15970 50.88470 49.03250 50.07980 49.30920 46.91340 46.57270 54.67990 48.45320 44.36210 40.47640 34.58810 36.64280 38.56530 42.25960 45.19540 48.84600 61.68770 69.11530 77.50720 79.42640 63.20740 61.86030 65.15410 59.80110 61.76460
15.36060 11.57040 11.99080 8.97934 8.76447 8.30257 9.83899 12.47160 11.99900 11.22550 13.76170 11.69410 8.09694 7.89285 7.54361 56.30980 50.43470 1.41697 1.01091 1.11406 4.20409 11.74420 34.36330 43.98740 50.47840 43.37220 51.00300 56.69630 73.33420 75.82270 67.55640 57.27280 50.68920 46.39850 41.58670 45.75720 45.65920 45.39720 47.64570 60.35600 60.06260 45.20400 55.49070 62.81740 58.81230 55.69880 53.45540 55.21920 52.00950 45.50920 44.16940 42.55230 40.37440 40.46040 44.33080 42.19010 40.48540 34.99600 34.98220 35.54390 38.10370 38.73990 35.45150 48.89440 48.20030 66.95460 82.49750 69.94580 65.32500 57.15840 54.28200 68.35830
24.62430 21.43960 19.55650 30.66620 32.06060 29.27920 28.54440 3.26617 9.11255 20.69660 23.58750 21.24600 14.32490 13.47950 9.93476 16.05610 35.06510 2.11376 1.15670 1.02589 2.16575 3.05427 17.72870 23.97390 31.81530 49.83850 58.21900 53.19790 52.37230 53.00310 57.09450 61.74660 64.65020 69.72280 66.57200 76.03920 68.91280 65.99890 60.65490 58.23660 62.47380 64.86650 81.10360 93.24770 111.47300 114.47100 108.43900 91.22690 77.60170 56.51790 50.02250 46.30490 49.91090 45.20970 44.67910 34.87400 35.32250 39.48540 30.43710 37.44480 39.01700 37.80860 41.05330 46.20660 49.95930 62.84400 70.19300 75.82740 75.29210 70.89830 63.42180 64.41610
15.67520 8.85587 9.46745 15.89070 14.48000 21.18200 5.31277 5.37765 5.29768 4.43026 4.01138 3.96168 2.95428 18.24700 16.26400 19.08530 37.75370 6.14492 1.17159 1.45482 2.16418 3.38111 3.89079 8.19248 11.33250 22.99020 39.08890 50.68340 57.87990 60.74230 53.30740 68.77700 55.05540 52.81590 69.29810 100.96300 88.89570 99.50260 113.68700 138.73900 131.80701 144.41701 140.06700 130.78400 114.71400 130.67101 120.91200 98.90090 74.51060 78.66360 63.67780 43.36370 46.40730 37.58850 30.62810 33.46030 45.92480 43.01540 33.40570 36.01050 41.15980 39.17070 40.82730 40.65760 48.49380 53.96980 60.10750 63.06900 70.31480 74.15100 72.31050 60.96920
10.76240 8.55730 7.46536 8.57669 10.12730 19.18140 19.42200 13.00560 4.64200 5.70290 5.91374 5.50380 4.48159 4.21124 2.71118 1.92434 51.43080 59.93650 2.35517 1.38279 1.27925 1.22861 1.36518 1.07331 2.20432 5.78608 8.33511 7.89342 10.92400 13.53750 18.61370 16.08350 24.82530 32.77950 32.66140 56.81450 73.76770 94.88550 106.46000 149.78000 151.09200 163.67700 179.43300 204.96201 196.22900 139.49200 104.59800 84.80210 61.39000 60.70560 73.07680 56.07860 37.15550 39.51510 40.90120 32.04350 34.72430 40.95490 48.65690 50.23930 47.07580 42.92510 37.66830 38.00560 42.86070 49.63380 49.63910 53.25080 58.10560 60.73310 67.74340 68.23720
7.33302 10.01390 10.42910 15.15450 11.80740 11.61480 9.93807 19.96100 28.17930 15.02690 12.17620 4.92403 3.17949 2.77706 2.38535 2.65905 5.09103 5.51179 20.28540 1.46502 5.37745 2.39397 1.82397 1.58041 1.57514 3.87781 12.79720 13.11840 17.34350 10.85150 15.81710 11.93060 19.39490 32.02820 38.99060 64.12770 91.71510 100.05800 126.29200 177.44701 190.88400 192.79401 192.72701 219.85001 236.78799 232.27901 164.67101 126.76100 93.22760 59.73570 94.95030 102.08500 61.66440 42.77940 42.53880 34.64200 37.18010 38.69500 48.90520 45.17080 39.05750 41.65910 44.64880 41.86350 36.98060 41.21470 47.78750 50.98630 53.52590 51.04580 57.33860 62.40610
38.75980 27.50030 58.72960 88.86690 97.32120 65.43750 64.80430 70.35160 90.33590 19.26970 4.26458 2.96417 3.78028 3.72023 3.25546 6.02924 3.38348 8.93364 7.54295 9.22493 17.98640 14.08800 19.02520 26.36140 28.11780 34.78420 53.68040 44.52500 20.43280 16.72620 23.07280 27.75100 33.80820 27.66110 43.42830 60.92190 92.08590 129.43800 157.31000 265.83600 331.29599 206.06300 237.05800 275.86200 277.39200 244.50101 199.03999 143.99100 125.78400 80.30450 63.91000 70.25080 76.45730 47.40910 42.84420 42.83670 41.93190 36.57920 43.70930 49.75840 52.86130 45.00620 39.23490 37.91320 35.63870 33.33690 33.86040 40.48320 46.09120 53.32120 52.65200 58.22830
80.98750 67.30370 62.25280 70.88890 110.92700 120.85900 138.87601 118.46100 127.97400 129.75800 57.61420 46.62900 10.99450 3.21495 3.40055 41.83290 57.41050 43.82570 51.82420 34.57820 45.86940 14.46910 15.64270 20.45880 32.39630 29.71330 33.70840 26.23820 12.98500 8.26576 11.61470 7.61688 16.77260 31.73030 50.14250 61.24110 79.17520 114.74800 157.62100 328.18500 401.89200 246.66800 242.61099 264.69501 279.17801 260.17801 219.87601 193.40700 152.41901 115.56200 88.47520 58.25230 69.50490 49.36960 41.54430 40.51210 44.11470 37.70890 41.24130 42.70280 37.89440 33.49480 33.83970 35.05900 36.94080 32.83000 27.93240 30.73390 36.29940 47.23320 55.06760 55.66550
83.44770 51.46590 54.00590 68.05930 25.41250 24.62100 26.45120 35.44670 37.90900 19.05990 26.86400 19.38080 24.85490 13.85490 3.56820 20.64410 48.74730 99.54820 131.28200 76.28890 33.24100 2.29419 1.02110 11.16980 14.59540 11.23930 15.18890 15.65700 7.02089 5.47500 2.28313 3.71495 13.33950 34.91620 49.23840 71.08790 98.84440 106.74700 146.38400 311.95401 385.81799 268.47601 279.12799 247.58400 221.76500 233.85800 233.33299 221.95300 183.64600 136.32899 95.55990 79.68500 42.71840 44.86510 41.27420 31.12680 30.55540 26.80980 26.81800 28.28030 29.11560 34.25740 38.10210 33.52140 38.29860 34.64880 26.60120 25.87820 25.14760 33.67240 44.32210 50.72870
132.36400 164.14900 135.98801 66.32010 37.47940 15.93480 11.91710 11.16960 9.36043 40.93040 157.75400 175.03600 96.76910 66.42800 26.24600 40.45180 52.80180 59.23770 161.02901 154.97701 61.44800 15.87270 5.08495 4.34954 2.92209 6.72221 7.62631 5.15796 1.88030 2.30036 0.82947 1.97322 9.80788 33.86280 53.47880 83.03150 108.70600 127.83400 144.29401 175.99600 381.67700 308.92401 292.83401 269.11600 264.86401 257.03000 252.69800 233.35400 215.20700 175.07500 126.05300 87.41940 32.22360 30.72960 38.08860 27.14880 43.64520 54.98420 74.58710 77.82750 70.16640 66.65530 51.11070 33.07530 34.32030 38.18560 32.77680 27.81540 24.98360 37.01350 41.56510 45.28390
45.71520 81.05280 53.21940 131.02400 243.69501 226.04700 70.20680 37.50610 13.44850 23.75070 78.96980 264.70599 127.58200 243.07500 288.49200 137.84000 152.80600 157.52299 208.52800 170.13499 80.45410 31.46950 19.10270 17.40860 20.41740 9.41507 9.27224 4.16085 1.91131 1.59637 1.28353 1.99514 8.21977 31.54070 52.72740 71.47170 95.69860 112.85600 203.28101 204.83701 321.54199 239.19701 244.99001 252.72800 201.86301 171.60001 159.98100 135.68500 139.45399 158.45100 102.91200 75.83180 46.28100 30.29170 38.99950 21.37950 24.43000 25.72300 35.94670 37.86010 37.32720 37.18070 36.67550 37.68280 41.79830 47.09980 42.39020 38.51380 29.45390 24.79030 21.03010 21.26560
39.64430 242.42300 637.81403 -9999 515.87598 453.60300 295.60501 228.68800 157.98300 363.93301 225.22701 170.27800 123.74100 32.76920 217.44400 281.70001 118.25700 59.68490 46.07790 231.00200 206.41200 134.54500 109.45300 86.29720 50.73840 53.87010 33.65980 20.47890 6.66949 2.69650 3.08006 5.68546 17.47150 44.87270 63.19670 87.92950 150.66701 238.36501 265.42401 237.28200 221.52200 185.75700 153.83400 203.87399 170.37601 137.26199 123.80100 119.56700 103.66500 96.69120 91.73260 59.61020 31.75920 20.59010 21.20330 22.30640 26.00510 24.41920 21.48060 23.99150 23.37430 25.72850 27.59390 30.82880 29.58740 29.72250 31.43940 27.48010 20.88250 17.33540 15.21610 18.50810
