data/hydroclimate-scenarios/BCSD_hadcm_A1B/monthly_summaries/runoff_monthly_tot_nov.2070-2099.asc
ncols	311
nrows	91
xllcenter	102.75
yllcenter	31.75
cellsize	0.5
NODATA_value	-9999
[rows 32 to 63 of 91, columns 0 to 72 of 311]
-9999 -9999 -9999 -9999 -9999 -9999 -9999 -9999 -9999 -9999 -9999 0.38803 0.38247 0.65010 0.58223 0.38492 0.39132 0.52693 0.43373 0.76070 0.81461 1.14607 1.34219 1.11902 1.17223 0.81377 0.74254 0.61744 0.55674 0.57185 0.47373 0.41901 0.41251 0.28940 0.34597 0.42264 0.47996 0.25263 0.27229 0.48122 0.51816 0.34906 0.34887 0.29695 0.30408 0.31597 0.30788 0.25466 0.15806 0.17623 0.11318 0.16515 0.12428 0.15024 0.13425 0.09881 0.08120 0.03885 0.03888 0.01331 0.01083 0.00486 0.00525 0.00008 0.00028 0.00000 0.00000 0.00005 0.00000 0.00000 0.00000 0.00000 0.00000
-9999 -9999 -9999 -9999 -9999 -9999 -9999 -9999 -9999 -9999 -9999 0.51975 0.45441 0.67114 0.62475 0.46956 0.44580 0.64910 0.73326 1.14591 1.13986 1.41567 1.44945 1.16270 0.90591 0.57445 0.51483 0.38507 0.42123 0.60057 0.50146 0.39464 0.45602 0.38601 0.43658 0.43111 0.57331 0.32444 0.32102 0.51142 0.49902 0.42554 0.37899 0.31995 0.35361 0.40222 0.33392 0.30300 0.21477 0.15012 0.09017 0.18592 0.15661 0.18120 0.13964 0.12018 0.11178 0.06980 0.07018 0.05440 0.03085 0.01604 0.02252 0.01289 0.01605 0.00000 0.00000 0.00000 0.00000 0.00000 0.00000 0.00000 0.00458
-9999 -9999 -9999 -9999 -9999 -9999 -9999 -9999 -9999 -9999 -9999 -9999 0.58485 0.71200 0.69983 0.55330 0.55041 0.75495 0.83269 1.33213 1.28394 1.09830 0.76348 0.61521 0.44225 0.15995 0.13887 0.21604 0.20204 0.16787 0.21616 0.25558 0.25478 0.20281 0.19579 0.38642 0.38309 0.34079 0.35941 0.42251 0.49023 0.45875 0.52286 0.43481 0.46218 0.44096 0.39243 0.39356 0.33569 0.35914 0.32500 0.23136 0.17762 0.10834 0.07939 0.04944 0.04332 0.03719 0.03525 0.03874 0.03794 0.00370 0.00000 0.02010 0.02863 0.00631 0.01053 0.00000 0.00000 0.00000 0.00002 0.00169 0.00724
-9999 -9999 -9999 -9999 -9999 -9999 -9999 -9999 -9999 -9999 -9999 -9999 0.62206 0.67474 0.75483 0.59707 0.72078 1.02740 0.97922 1.16650 1.07426 0.74991 0.52828 0.34784 0.28279 0.16784 0.14501 0.18154 0.13855 0.14168 0.14321 0.17775 0.21262 0.17264 0.15987 0.28652 0.27261 0.28835 0.31028 0.30604 0.42965 0.37995 0.42687 0.47300 0.57297 0.65745 0.61448 0.42907 0.33089 0.33237 0.26680 0.20671 0.15928 0.09146 0.08665 0.05656 0.04564 0.03609 0.04066 0.04495 0.03684 0.00000 0.00000 0.01492 0.02413 0.03664 0.01652 0.00008 0.00000 0.00043 0.00004 0.07215 0.08145
-9999 -9999 -9999 -9999 -9999 -9999 -9999 -9999 -9999 -9999 -9999 -9999 0.57028 0.77017 0.89377 0.72450 0.67620 0.65637 0.59062 0.59091 0.48028 0.31252 0.21685 0.11998 0.09517 0.17347 0.08766 0.05085 0.04478 0.03496 0.03049 0.09133 0.04987 0.03800 0.04352 0.03142 0.03098 0.04157 0.06856 0.15591 0.20017 0.36669 0.41546 0.42870 0.51051 0.64084 0.56216 0.42898 0.34424 0.30833 0.26384 0.29689 0.27341 0.01744 0.01254 0.00342 0.00042 0.00000 0.00000 0.00000 0.00000 0.00001 0.00026 0.00000 0.00000 0.00240 0.00089 0.00044 0.00000 0.00000 0.00001 0.01509 0.02232
-9999 -9999 -9999 0.52184 0.45874 0.44188 0.48142 0.66457 0.65769 -9999 0.57543 0.66021 0.70362 0.68431 0.69854 0.61038 0.51647 0.57753 0.38601 0.33624 0.36902 0.34271 0.22894 0.11658 0.08528 0.06980 0.07537 0.04451 0.03987 0.01724 0.02825 0.06030 0.04813 0.02386 0.05721 0.03799 0.04728 0.03941 0.04364 0.12515 0.12911 0.26658 0.25396 0.22563 0.41611 0.48346 0.46473 0.36740 0.33664 0.29082 0.24186 0.16404 0.08506 0.00013 0.00002 0.00000 0.00000 0.00000 0.00000 0.00000 0.00000 0.00003 0.00063 0.00000 0.00000 0.00325 0.00050 0.00583 0.01255 0.00120 0.00053 0.04928 0.03399
-9999 -9999 -9999 0.58252 0.54918 0.55514 0.50451 0.66540 0.68894 0.67243 0.73833 0.75474 0.58127 0.70938 0.60035 0.36062 0.30267 0.28623 0.21973 0.30564 0.32201 0.26161 0.30792 0.24014 0.16204 0.03503 0.03298 0.08100 0.08270 0.01616 0.03497 0.03175 0.03746 0.02018 0.03243 0.04452 0.03755 0.03968 0.05042 0.02201 0.02355 0.06160 0.10209 0.22851 0.28448 0.39289 0.36332 0.43309 0.25318 0.18845 0.13005 0.07844 0.02471 0.01112 0.02070 0.01499 0.02015 0.00594 0.00026 0.00195 0.00655 0.00146 0.00191 0.02462 0.05811 0.00919 0.01734 0.20326 0.25496 0.05756 0.04980 0.06816 0.02316
-9999 -9999 -9999 0.65372 0.54312 0.47937 0.57929 0.81810 0.78487 0.71706 0.70126 0.71856 0.50704 0.43937 0.25381 0.22757 0.18903 0.16854 0.21074 0.27742 0.23657 0.19853 0.17414 0.13007 0.09938 0.05716 0.05153 0.07410 0.07057 0.01818 0.00564 0.01312 0.02683 0.02135 0.01418 0.02498 0.04451 0.03490 0.03784 0.01394 0.01667 0.02998 0.05091 0.14231 0.19139 0.43629 0.40074 0.27997 0.21236 0.15709 0.06645 0.10624 0.03955 0.01760 0.01778 0.01978 0.02070 0.00717 0.00194 0.00263 0.00941 0.00299 0.02349 0.04348 0.13522 0.03387 0.05320 0.17049 0.11605 0.02946 0.02834 0.31084 0.47580
-9999 -9999 -9999 0.57632 0.59310 0.40018 0.55838 0.71160 0.66030 0.34735 0.44424 0.48129 0.31421 0.25438 0.20085 0.16942 0.14161 0.13115 0.14381 0.11760 0.06995 0.06172 0.04335 0.05672 0.05577 0.06527 0.05654 0.05739 0.01758 0.00467 0.01521 0.02163 0.01635 0.00082 0.00160 0.04592 0.05765 0.03885 0.03796 0.00205 0.00002 0.02026 0.01164 0.05272 0.10728 0.10560 0.02406 0.02037 0.00000 0.00897 0.00000 0.00708 0.00115 0.00000 0.00000 0.00455 0.00356 0.00025 0.00049 0.00000 0.00000 0.00002 0.00047 0.00138 0.00818 0.19827 0.27951 0.18178 0.09990 0.00828 0.56858 1.46181 -9999
-9999 -9999 -9999 0.53927 0.63963 0.34686 0.38711 0.59714 0.52474 0.32293 0.51689 0.48248 0.24803 0.17922 0.11948 0.10736 0.08347 0.12382 0.18527 0.20912 0.10401 0.02802 0.06200 0.10124 0.09864 0.10642 0.11302 0.08348 0.03534 0.01801 0.01288 0.01182 0.00864 0.01179 0.01347 0.02432 0.02862 0.03435 0.03958 0.00424 0.00037 0.03706 0.02944 0.01276 0.04859 0.06623 0.04295 0.00207 0.00000 0.00352 0.00000 0.02425 0.00181 0.00000 0.00000 0.00072 0.00505 0.00374 0.00162 0.00000 0.00000 0.00006 0.00006 0.00000 0.00371 0.17597 0.23971 0.09807 0.15553 0.32375 1.73907 -9999 -9999
-9999 -9999 -9999 -9999 0.44754 0.39696 0.46317 0.41360 0.36832 0.59095 0.90522 0.64826 0.30007 0.31574 -9999 -9999 -9999 -9999 -9999 0.17701 0.15199 0.13832 0.10981 0.01319 0.01077 0.03155 0.06392 0.07552 0.04790 0.03788 0.02255 0.02285 0.01622 0.03184 0.06164 0.05849 0.05615 0.03608 0.03395 0.06229 0.06108 0.04722 0.04520 0.00129 0.00211 0.00799 0.00068 0.00000 0.00000 0.00000 0.00000 0.00000 0.00000 0.00000 0.00000 0.00000 0.00000 0.00000 0.00005 0.00000 0.00000 0.00000 0.00450 0.01058 0.01882 0.03703 0.11974 0.27918 0.63246 -9999 -9999 -9999 -9999
-9999 -9999 0.66619 0.57013 0.43925 0.49529 0.45708 0.32461 0.50519 0.65539 0.91796 0.68797 0.35263 -9999 -9999 -9999 -9999 -9999 0.05407 0.15575 0.14539 0.15167 0.13592 0.02741 0.03022 0.04269 0.10341 0.10547 0.10505 0.06291 0.04467 0.04626 0.04627 0.07722 0.08375 0.10495 0.08321 0.04542 0.03606 0.05116 0.04675 0.04774 0.04477 0.02158 0.02357 0.02990 0.01515 0.00888 0.01007 0.01459 0.00503 0.01493 0.00179 0.00011 0.00000 0.00874 0.00090 0.00022 0.00044 0.00012 0.00240 0.02927 0.05312 0.03121 0.06356 0.17018 0.24611 -9999 -9999 -9999 -9999 -9999 -9999
-9999 -9999 1.19274 0.52876 0.42570 0.26910 0.26417 0.24430 0.32831 0.95335 0.89549 0.86720 0.95328 -9999 -9999 -9999 -9999 0.27203 0.09031 0.23212 0.20632 0.12164 0.12703 0.11039 0.12437 0.08854 0.05240 0.11692 0.15223 0.11939 0.08379 0.05097 0.06842 0.10533 0.07298 0.06813 0.06551 0.05796 0.04405 0.02609 0.04557 0.02778 0.03078 0.05563 0.04714 0.03851 0.05123 0.00859 0.07129 0.00902 0.00795 0.03173 0.01959 0.01500 0.01037 0.07625 0.05524 0.01007 0.00677 0.02679 0.03843 0.01337 0.05803 0.13615 0.29131 -9999 -9999 -9999 -9999 -9999 1.75329 -9999 -9999
-9999 -9999 1.56159 0.65514 0.49621 0.29874 0.30414 0.43190 0.42778 0.87532 0.79873 0.78827 1.18142 -9999 -9999 -9999 -9999 0.17507 0.17706 0.25033 0.22501 0.27910 0.30097 0.27269 0.25748 0.14131 0.06475 0.17754 0.17648 0.14363 0.11761 0.06163 0.06441 0.10905 0.09946 0.07701 0.07194 0.08505 0.06848 0.07943 0.08595 0.07859 0.08158 0.08408 0.08956 0.03696 0.04143 0.01093 0.04552 0.01258 0.01507 0.03380 0.01555 0.01459 0.02173 0.14441 0.14292 0.07550 0.13449 0.13843 0.23955 0.26397 0.32493 0.19165 0.16285 0.20697 0.40627 0.26943 0.53684 -9999 -9999 -9999 0.65469
-9999 -9999 -9999 0.79517 0.49517 0.35757 0.35406 0.35108 0.29267 0.31252 0.53384 0.56780 -9999 -9999 -9999 -9999 0.22472 0.12227 0.21585 0.20682 0.22027 0.30292 0.29529 0.29735 0.27342 0.21049 0.16380 0.12600 0.12755 0.05236 0.06050 0.09327 0.11254 0.21032 0.23405 0.16001 0.14383 0.11736 0.07979 0.05687 0.05413 0.09297 0.09330 0.13186 0.10978 0.09603 0.09933 0.05965 0.04986 0.04990 0.03706 0.04342 0.03869 0.03235 0.02265 0.04896 0.05132 0.05320 0.06937 0.20742 0.24123 0.25736 0.06786 0.00396 0.00000 0.14755 0.41353 0.36899 0.51645 0.60335 -9999 -9999 0.89252
-9999 -9999 -9999 -9999 0.74732 0.43590 0.41609 0.33883 0.29165 0.53437 0.49412 -9999 -9999 -9999 -9999 0.33132 0.25748 0.32269 0.44072 0.25552 0.27055 0.32944 0.33513 0.25998 0.24302 0.28267 0.22914 0.19695 0.15915 0.10754 0.08112 0.18947 0.16561 0.29396 0.27330 0.24805 0.21789 0.14362 0.12369 0.07170 0.04191 0.08586 0.14390 0.17995 0.22380 0.17672 0.17748 0.09993 0.08810 0.10486 0.10788 0.04440 0.06150 0.08945 0.09106 0.12866 0.17592 0.11697 0.11089 0.29686 0.19685 0.02180 0.01752 0.07291 0.03064 0.18355 0.43185 0.42180 0.43653 0.66838 0.80928 0.88849 1.46775
-9999 -9999 -9999 -9999 -9999 -9999 0.68309 0.59089 0.39481 0.60791 0.56666 -9999 -9999 -9999 -9999 -9999 0.35082 0.41982 0.41927 0.27796 0.21727 0.36813 0.32113 0.21230 0.21398 0.29450 0.31118 0.29876 0.33390 0.17382 0.12992 0.17935 0.22657 0.26491 0.31097 0.22138 0.21345 0.19496 0.17326 0.11529 0.08134 0.08016 0.08372 0.16433 0.25211 0.24179 0.26634 0.26135 0.21531 0.12870 0.16007 0.06520 0.06656 0.30823 0.18349 0.25328 0.19900 0.23564 0.16156 0.20715 0.12474 0.10311 0.09867 0.05610 0.04212 0.18693 0.45996 0.64299 0.65974 0.92734 1.04543 1.25592 1.17300
-9999 -9999 -9999 -9999 -9999 -9999 -9999 -9999 -9999 -9999 -9999 -9999 -9999 -9999 -9999 -9999 -9999 -9999 -9999 0.24511 0.24115 0.30214 0.32435 0.25885 0.26687 0.29692 0.27012 0.16187 0.11405 0.09717 0.13922 0.22848 0.20669 0.35683 0.35756 0.21298 0.25034 0.33610 0.26918 0.15239 0.13305 0.16684 0.18881 0.25461 0.27558 0.22686 0.31404 0.33017 0.26117 0.29899 0.28504 0.26356 0.19463 0.39575 0.38599 0.33538 0.31251 0.39365 0.25447 0.27356 0.12642 0.17751 0.15518 0.07750 0.08099 0.40473 0.58676 0.75543 0.89277 0.77526 0.97437 1.27073 1.20983
-9999 -9999 -9999 -9999 -9999 -9999 -9999 -9999 -9999 -9999 -9999 -9999 -9999 -9999 -9999 -9999 -9999 -9999 0.29496 0.34818 0.34867 0.40994 0.42355 0.29496 0.25137 0.23879 0.22993 0.25573 0.21357 0.26145 0.27548 0.24527 0.24684 0.22751 0.29921 0.39922 0.33849 0.27843 0.20895 0.21763 0.18980 0.19909 0.20510 0.24969 0.28822 0.33265 0.28927 0.26141 0.37359 0.30978 0.33234 0.65722 0.77719 0.74715 0.45972 0.47686 0.39009 0.34003 0.20448 0.34649 0.40256 0.59566 0.48720 0.34814 0.31431 0.91237 1.06364 0.57491 0.73037 0.95054 1.05299 1.56893 2.90716
-9999 -9999 -9999 -9999 -9999 -9999 -9999 -9999 -9999 -9999 -9999 -9999 -9999 -9999 -9999 -9999 -9999 0.32242 0.27835 0.43874 0.35780 0.43827 0.40397 0.26967 0.19881 0.15436 0.18059 0.17225 0.25242 0.32499 0.32183 0.25693 0.28939 0.26792 0.31858 0.38712 0.32676 0.26635 0.26300 0.25443 0.24773 0.27296 0.26784 0.35757 0.30315 0.32532 0.41289 0.32659 0.41477 0.29515 0.33946 0.65355 0.73506 0.97922 0.97011 0.82650 0.50534 0.37576 0.30168 0.60493 0.98755 0.75311 0.37586 0.29662 0.75837 1.10443 1.14462 0.73014 0.98635 1.61989 1.24224 2.07159 2.53387
-9999 -9999 -9999 -9999 -9999 -9999 -9999 -9999 -9999 -9999 -9999 -9999 -9999 -9999 -9999 -9999 -9999 0.43235 0.40300 0.36841 0.35719 0.48016 0.34497 0.12769 0.21812 0.13497 0.10983 0.13855 0.16356 0.16388 0.15594 0.13252 0.14983 0.16473 0.21929 0.42681 0.43284 0.25069 0.18574 0.28370 0.32262 0.33395 0.37434 0.25066 0.26718 0.49022 0.57955 0.27238 0.29533 0.46666 0.41801 0.87100 0.87576 0.96890 1.26946 1.14386 0.57496 0.61013 0.63875 0.91616 0.87455 0.77594 0.78277 0.57640 0.43300 0.99449 1.52436 1.39699 2.39172 3.25625 3.51471 2.29815 1.73907
-9999 -9999 -9999 -9999 -9999 -9999 -9999 -9999 -9999 -9999 -9999 -9999 -9999 -9999 -9999 -9999 0.19041 0.28877 0.29484 0.33334 0.37752 0.35409 0.25513 0.20433 0.29624 0.13599 0.12721 0.34629 0.22635 0.13080 0.10970 0.11437 0.14327 0.18598 0.18605 0.36266 0.38093 0.33592 0.23737 0.32580 0.31230 0.36920 0.40257 0.35965 0.33783 0.66320 0.71812 0.33798 0.36991 0.50197 0.54709 1.03634 0.94212 1.26774 1.46469 1.54789 1.33293 1.10186 0.86235 0.91930 1.00206 1.22911 1.13103 0.61038 1.07149 1.57090 2.09295 2.29631 3.52377 4.50651 4.12224 2.70079 2.52192
-9999 -9999 -9999 -9999 -9999 -9999 -9999 -9999 -9999 -9999 -9999 -9999 -9999 0.22772 0.21933 0.34348 0.33299 0.20810 0.26601 0.31628 0.31471 0.28851 0.27961 0.28450 0.25604 0.26081 0.23970 0.15241 0.16841 0.18146 0.23943 0.21216 0.21645 0.23166 0.26840 0.18094 0.22864 0.27330 0.25440 0.33955 0.35465 0.42112 0.42907 0.36700 0.45667 0.63228 0.74755 0.59000 0.74743 0.69840 0.63594 0.69468 0.63941 0.95463 1.01576 0.80118 0.94624 1.04808 0.77264 0.77067 0.93339 1.11116 1.24493 1.50334 1.95355 2.75664 2.71694 3.30270 2.99691 6.95818 5.53143 3.20750 2.96590
-9999 -9999 -9999 -9999 -9999 -9999 -9999 -9999 -9999 -9999 -9999 -9999 0.36915 0.26767 0.34724 0.44997 0.41541 0.23342 0.13648 0.35483 0.25725 0.24577 0.27870 0.35931 0.33280 0.26421 0.24063 0.14548 0.18923 0.29861 0.24627 0.31932 0.32777 0.41417 0.39828 0.26251 0.16319 0.24777 0.37518 0.44662 0.40143 0.34500 0.59771 0.49234 0.46101 0.68392 0.72630 0.64777 0.80077 0.80739 0.91664 0.79671 1.01353 1.02887 1.28620 1.43761 1.58417 0.87685 0.75512 0.95739 1.12526 1.24325 1.34544 1.80270 2.32100 4.29734 4.78372 3.41629 4.77833 6.45278 3.80789 4.47465 3.93365
-9999 -9999 -9999 -9999 -9999 -9999 -9999 -9999 -9999 -9999 -9999 0.37131 0.35939 0.34033 0.35563 0.35971 0.33368 0.23065 0.25433 0.26772 0.20026 0.39121 0.38587 0.34971 0.34210 0.25819 0.36045 0.21842 0.24474 0.52263 0.43825 0.29585 0.30925 0.34665 0.32601 0.26204 0.26146 0.32236 0.37934 0.41413 0.46854 0.65339 0.69079 0.52721 0.59232 0.59432 0.60399 0.67857 0.73656 0.78867 0.95696 1.03221 0.99834 1.20402 1.14971 0.95655 1.48460 1.28820 1.19502 1.53831 1.76119 2.86379 2.81125 3.27465 4.63147 4.49291 4.83678 4.65009 5.18881 4.63782 3.06257 2.47226 3.33997
-9999 -9999 -9999 -9999 -9999 -9999 -9999 -9999 -9999 -9999 0.18744 0.28289 0.32467 0.28034 0.34961 0.27469 0.29989 0.20306 0.21599 0.17425 0.17440 0.32668 0.32447 0.26224 0.25498 0.29168 0.28436 0.28681 0.26927 0.23575 0.29936 0.38508 0.37254 0.60902 0.65765 0.44873 0.39956 0.36615 0.39009 0.49373 0.78877 0.74446 0.78279 0.55321 0.52782 0.70660 0.72783 0.74474 0.85127 0.97449 1.17437 1.01896 1.53860 1.31117 1.39218 1.24416 1.39038 1.44055 1.56374 2.52689 2.64378 3.06031 3.25118 3.99732 4.93277 4.65540 6.62685 7.18221 5.56413 4.13202 3.63343 5.44344 6.25903
-9999 -9999 -9999 -9999 -9999 -9999 -9999 -9999 -9999 0.02972 0.02738 0.02947 0.03292 0.04091 0.03713 0.02689 0.03296 0.03266 0.02750 0.04517 0.05016 0.03212 0.03372 0.04293 0.04262 0.06168 0.06473 0.06976 0.06005 0.06946 0.07822 0.36808 0.44308 0.47634 0.61567 0.49922 0.32477 0.43524 0.46104 0.73950 0.50319 0.61753 0.63823 0.88869 0.66922 0.90988 0.95766 1.09013 1.20927 1.06100 1.12827 1.50638 1.25971 1.16959 1.00429 2.08512 2.43042 2.42020 2.47018 3.23356 3.14327 3.83160 3.94838 4.22650 4.74833 5.97397 6.95045 1.64632 1.30453 0.88917 1.18857 1.59066 2.38942
-9999 -9999 -9999 -9999 -9999 -9999 -9999 -9999 -9999 -9999 0.02345 0.03252 0.03051 0.03625 0.03866 0.03337 0.03390 0.02330 0.02477 0.04152 0.04690 0.03066 0.03379 -9999 -9999 -9999 -9999 -9999 -9999 0.09571 0.10267 0.46328 0.45657 0.48164 0.48858 0.60837 0.49951 0.50443 0.42909 0.67284 0.57753 0.56864 0.54407 0.80947 0.95828 0.93534 0.96522 1.04768 1.39699 1.19691 1.28417 1.38420 1.44670 1.09634 1.30187 2.06769 2.36374 2.66329 2.62567 3.42498 3.65765 3.93349 4.05113 3.09012 4.08189 6.41723 6.38260 1.47663 0.88858 1.00472 1.10691 2.42690 2.97419
-9999 -9999 -9999 -9999 -9999 -9999 -9999 -9999 -9999 -9999 -9999 -9999 0.03337 0.02677 0.02797 0.02862 0.02672 0.03131 0.03373 -9999 -9999 -9999 -9999 -9999 -9999 -9999 -9999 -9999 -9999 -9999 -9999 -9999 -9999 0.41618 0.51515 0.57647 0.57653 0.54755 0.38063 0.37527 0.49135 0.53614 0.57998 0.78032 0.75053 1.08558 1.19792 1.02073 1.34385 1.19293 1.14238 1.38224 1.31184 1.55946 1.61949 2.14776 2.60043 2.60557 2.00901 3.33638 3.60544 3.87423 4.60548 5.17999 5.90232 7.09230 6.35117 1.17360 1.24935 2.18859 3.18835 3.91309 -9999
-9999 -9999 -9999 -9999 -9999 -9999 -9999 -9999 -9999 -9999 -9999 -9999 -9999 -9999 -9999 -9999 -9999 -9999 -9999 -9999 -9999 -9999 -9999 -9999 -9999 -9999 -9999 -9999 -9999 -9999 -9999 -9999 -9999 -9999 0.53581 0.41808 0.45072 0.43866 0.34804 0.49221 0.52944 0.53651 0.72078 0.82755 1.31577 1.20826 1.21985 1.21372 1.37763 1.25746 1.30138 1.61753 1.52038 1.71103 1.78781 2.46232 2.70464 3.03509 3.28026 3.98278 3.83447 5.16793 5.61801 6.20051 6.83832 6.89777 7.27583 1.35072 1.48613 2.62387 4.03091 -9999 -9999
-9999 -9999 -9999 -9999 -9999 -9999 -9999 -9999 -9999 -9999 -9999 -9999 -9999 -9999 -9999 -9999 -9999 -9999 -9999 -9999 -9999 -9999 -9999 -9999 -9999 -9999 -9999 -9999 -9999 -9999 -9999 -9999 -9999 -9999 0.31824 0.36593 0.39019 0.63393 0.50708 0.64806 0.63645 0.86068 0.83962 0.84241 0.93022 1.11402 1.20163 1.38547 1.62623 1.58924 1.56778 1.88794 2.10239 2.01359 2.16822 2.70376 3.22378 3.24363 3.74746 4.96901 4.73636 4.49388 5.40222 5.15311 5.65855 4.91777 6.62540 7.12215 7.90371 13.32320 -9999 -9999 -9999
-9999 -9999 -9999 -9999 -9999 -9999 -9999 -9999 -9999 -9999 -9999 -9999 -9999 -9999 -9999 -9999 -9999 -9999 -9999 -9999 -9999 -9999 -9999 -9999 -9999 -9999 -9999 -9999 -9999 -9999 -9999 -9999 -9999 -9999 -9999 -9999 -9999 -9999 0.60055 0.64728 0.62515 0.77112 0.90248 0.95233 1.08598 1.21046 1.52292 1.58965 1.86121 1.76602 1.66261 1.95909 1.98281 2.10090 2.33216 2.86929 2.32575 3.00992 4.50029 4.91464 4.46793 6.46949 7.05806 5.81358 5.60485 5.54377 6.91800 11.33830 12.27580 -9999 -9999 -9999 -9999
