data/hydroclimate-scenarios/BCSD_hadcm_A1B/monthly_summaries/runoff_monthly_tot_nov.2030-2059.asc
ncols	311
nrows	91
xllcenter	102.75
yllcenter	31.75
cellsize	0.5
NODATA_value	-9999
[rows 32 to 63 of 91, columns 0 to 72 of 311]
-9999 -9999 -9999 -9999 -9999 -9999 -9999 -9999 -9999 -9999 -9999 0.00000 0.00000 0.00000 0.00000 0.00617 0.00315 0.00360 0.00324 0.00000 0.00000 0.00000 0.02576 0.01208 0.01267 0.00000 0.00000 0.00000 0.00000 0.00688 0.00487 0.00682 0.00739 0.01336 0.01405 0.00491 0.00413 0.00381 0.00000 0.00000 0.00000 0.00000 0.00000 0.00000 0.00000 0.00000 0.00000 0.00000 0.00000 0.00005 0.00000 0.00000 0.00000 0.00000 0.00000 0.00000 0.00000 0.00000 0.00000 0.00000 0.00000 0.00000 0.00000 0.00000 0.00000 0.00000 0.00000 0.00000 0.00000 0.00000 0.00000 0.00000 0.00000
-9999 -9999 -9999 -9999 -9999 -9999 -9999 -9999 -9999 -9999 -9999 0.00022 0.00031 0.00023 0.00000 0.02253 0.02108 0.00894 0.00911 0.02261 0.02054 0.04072 0.03700 0.01663 0.01230 0.00009 0.00014 0.00000 0.00000 0.00969 0.00439 0.00817 0.00964 0.01186 0.01541 0.00859 0.00755 0.00502 0.00098 0.00000 0.00017 0.00000 0.00000 0.00000 0.00000 0.00000 0.00000 0.00000 0.00000 0.00005 0.00001 0.00000 0.00000 0.00000 0.00000 0.00000 0.00000 0.00000 0.00000 0.00000 0.00000 0.00000 0.00000 0.00000 0.00000 0.00000 0.00000 0.00000 0.00000 0.00000 0.00000 0.00000 0.00000
-9999 -9999 -9999 -9999 -9999 -9999 -9999 -9999 -9999 -9999 -9999 -9999 0.00000 0.00000 0.00000 0.01633 0.01450 0.09224 0.10554 0.04509 0.03293 0.01506 0.00147 0.00007 0.00001 0.00000 0.00033 0.00000 0.00000 0.00384 0.00523 0.01981 0.01855 0.02287 0.01821 0.00598 0.00370 0.01673 0.01229 0.00111 0.00115 0.00000 0.00000 0.00569 0.00392 0.00000 0.00000 0.00000 0.00000 0.00000 0.00000 0.00000 0.00000 0.00000 0.00000 0.00000 0.00000 0.00000 0.00000 0.00000 0.00000 0.00000 0.00000 0.00000 0.00000 0.00000 0.00000 0.00000 0.00000 0.00000 0.00000 0.00000 0.00000
-9999 -9999 -9999 -9999 -9999 -9999 -9999 -9999 -9999 -9999 -9999 -9999 0.00190 0.00147 0.00190 0.02650 0.03230 0.17758 0.16045 0.05554 0.05927 0.00413 0.00010 0.00011 0.00000 0.00080 0.00041 0.00000 0.00000 0.00134 0.00145 0.01331 0.01939 0.02893 0.03086 0.00949 0.00321 0.01553 0.01503 0.00458 0.00614 0.00577 0.00719 0.01131 0.00835 0.02436 0.02567 0.00000 0.00000 0.00000 0.00000 0.00000 0.00000 0.00000 0.00000 0.00000 0.00000 0.00000 0.00000 0.00000 0.00000 0.00000 0.00000 0.00000 0.00000 0.00000 0.00000 0.00000 0.00000 0.00000 0.00000 0.00000 0.00000
-9999 -9999 -9999 -9999 -9999 -9999 -9999 -9999 -9999 -9999 -9999 -9999 0.01992 0.02763 0.03153 0.03129 0.02707 0.01735 0.01542 0.00000 0.00000 0.00832 0.00466 0.00053 0.00061 0.00000 0.00000 0.00118 0.00509 0.00305 0.00406 0.00484 0.00449 0.03480 0.06210 0.00001 0.00000 0.01721 0.01963 0.01290 0.01263 0.01217 0.02599 0.01406 0.01638 0.03036 0.02010 0.00048 0.00000 0.00000 0.00154 0.00000 0.00000 0.00000 0.00000 0.00132 0.00104 0.00033 0.00000 0.00043 0.00000 0.00000 0.00000 0.00000 0.00000 0.00000 0.00000 0.00001 0.00003 0.00000 0.00000 0.00000 0.00000
-9999 -9999 -9999 0.05539 0.05124 0.13379 0.14107 0.10757 0.10273 -9999 0.03129 0.03906 0.05394 0.03235 0.03367 0.03587 0.03034 0.02342 0.01851 0.00000 0.00014 0.01512 0.00915 0.00585 0.00386 0.00351 0.00434 0.00402 0.00325 0.00045 0.00289 0.00860 0.01068 0.01307 0.03208 0.00096 0.00000 0.01814 0.01889 0.01466 0.01127 0.02231 0.02318 0.01429 0.01769 0.00825 0.00307 0.00033 0.00007 0.00000 0.00000 0.00000 0.00000 0.00000 0.00000 0.00000 0.00000 0.00000 0.00000 0.00045 0.00087 0.00000 0.00000 0.00000 0.00000 0.00000 0.00000 0.00006 0.00055 0.00000 0.00000 0.00003 0.00000
-9999 -9999 -9999 0.17761 0.17701 0.16598 0.14369 0.10946 0.11610 0.13351 0.16027 0.22155 0.15921 0.16984 0.12474 0.02804 0.02233 0.02313 0.01219 0.01200 0.01792 0.01937 0.01383 0.01870 0.00276 0.00020 0.00012 0.00072 0.00116 0.00000 0.00015 0.00301 0.00318 0.00785 0.00721 0.00000 0.00004 0.00328 0.01614 0.00174 0.00143 0.00785 0.01479 0.01524 0.00830 0.00000 0.00000 0.01007 0.00037 0.00046 0.00000 0.00001 0.00012 0.00002 0.00010 0.00000 0.00000 0.00000 0.00000 0.00000 0.00000 0.00000 0.00000 0.00000 0.00000 0.00007 0.00007 0.00406 0.00359 0.00000 0.00000 0.00010 0.00000
-9999 -9999 -9999 0.16303 0.14640 0.14573 0.16711 0.15116 0.17882 0.19424 0.19567 0.21829 0.14287 0.09801 0.04600 0.01333 0.01589 0.01354 0.03451 0.03276 0.02866 0.01822 0.01922 0.00271 0.00000 0.00084 0.00052 0.00783 0.00560 0.00051 0.00001 0.00025 0.00234 0.01121 0.00731 0.00002 0.00048 0.00555 0.00642 0.00145 0.00103 0.00563 0.01171 0.02502 0.02872 0.00089 0.00031 0.00107 0.00055 0.00000 0.00000 0.00000 0.00000 0.00005 0.00016 0.00000 0.00000 0.00000 0.00000 0.00000 0.00000 0.00000 0.00000 0.00000 0.00115 0.00044 0.00145 0.00147 0.00033 0.00003 0.00000 0.02912 0.05909
-9999 -9999 -9999 0.09663 0.11385 0.16899 0.24156 0.13451 0.10234 0.19902 0.21115 0.23042 0.15778 0.07644 0.04640 0.01477 0.00923 0.00840 0.01098 0.00668 0.00388 0.00455 0.00086 0.00055 0.00019 0.00035 0.00072 0.00535 0.00074 0.00001 0.00056 0.00151 0.00054 0.00001 0.00001 0.00000 0.00004 0.00424 0.00283 0.00474 0.00134 0.00044 0.00024 0.00179 0.01022 0.00000 0.00000 0.00341 0.00000 0.00000 0.00000 0.00004 0.00000 0.00000 0.00000 0.00000 0.00000 0.00000 0.00000 0.00000 0.00000 0.00000 0.00000 0.00023 0.00118 0.00318 0.00424 0.00104 0.00000 0.00002 0.02958 0.10422 -9999
-9999 -9999 -9999 0.10806 0.15531 0.15426 0.16934 0.10028 0.06622 0.17018 0.25989 0.24288 0.12198 0.04289 0.02136 0.00731 0.00414 0.01623 0.03268 0.03538 0.02233 0.00774 0.00588 0.00994 0.00944 0.00531 0.00749 0.02022 0.00621 0.00081 0.00012 0.00014 0.00000 0.00006 0.00004 0.00041 0.00055 0.00421 0.00535 0.00548 0.00423 0.00458 0.00104 0.00037 0.00244 0.00000 0.00000 0.00000 0.00000 0.00000 0.00000 0.00014 0.00000 0.00000 0.00000 0.00000 0.00000 0.00000 0.00000 0.00000 0.00000 0.00000 0.00000 0.00000 0.00000 0.00178 0.00175 0.00000 0.00002 0.01996 0.31456 -9999 -9999
-9999 -9999 -9999 -9999 0.02881 0.07833 0.11330 0.03061 0.02525 0.06414 0.14682 0.04323 0.00186 0.01883 -9999 -9999 -9999 -9999 -9999 0.00483 0.00409 0.01281 0.00480 0.00451 0.00445 0.00107 0.00642 0.00777 0.00271 0.00692 0.00231 0.00073 0.00016 0.00028 0.00023 0.00392 0.00186 0.00739 0.00735 0.00045 0.00001 0.00000 0.00000 0.00454 0.00517 0.00410 0.00328 0.00000 0.00000 0.00063 0.00000 0.00000 0.00000 0.00000 0.00000 0.00000 0.00000 0.00000 0.00000 0.00000 0.00000 0.00000 0.00000 0.00026 0.00085 0.00001 0.00012 0.00329 0.02181 -9999 -9999 -9999 -9999
-9999 -9999 0.14283 0.06656 0.03848 0.15112 0.11478 0.01872 0.03796 0.07858 0.19423 0.05142 0.00347 -9999 -9999 -9999 -9999 -9999 0.00061 0.00847 0.01053 0.03030 0.02752 0.01185 0.01236 0.00407 0.02309 0.01983 0.01725 0.01239 0.01043 0.00309 0.00499 0.00436 0.00101 0.01044 0.00692 0.00993 0.00627 0.00318 0.00188 0.00483 0.00001 0.01327 0.01194 0.01319 0.00786 0.00000 0.00000 0.00698 0.00270 0.00191 0.00067 0.00265 0.00088 0.00082 0.00014 0.00000 0.00000 0.00001 0.00003 0.00014 0.00031 0.00060 0.00150 0.00513 0.01671 -9999 -9999 -9999 -9999 -9999 -9999
-9999 -9999 0.17056 0.05540 0.07607 0.11068 0.11058 0.08835 0.12020 0.07008 0.04673 0.03791 0.11617 -9999 -9999 -9999 -9999 0.04621 0.00654 0.01843 0.02236 0.02777 0.02919 0.01834 0.02992 0.04605 0.03528 0.04159 0.04489 0.05215 0.02731 0.01538 0.01931 0.00484 0.01238 0.02603 0.02266 0.02370 0.01206 0.00067 0.00205 0.00429 0.00381 0.01412 0.00901 0.00564 0.00672 0.00000 0.00000 0.00287 0.00339 0.00262 0.00127 0.00323 0.00262 0.00891 0.00984 0.00001 0.00000 0.00054 0.00104 0.00026 0.00303 0.02140 0.04310 -9999 -9999 -9999 -9999 -9999 0.25906 -9999 -9999
-9999 -9999 0.31606 0.09454 0.07580 0.12776 0.12307 0.13804 0.13307 0.07386 0.02614 0.06714 0.52743 -9999 -9999 -9999 -9999 0.02164 0.01821 0.02986 0.03767 0.10212 0.13862 0.07635 0.06563 0.07876 0.03262 0.08268 0.07598 0.05159 0.03707 0.02294 0.02562 0.02015 0.01103 0.03056 0.02221 0.03259 0.02082 0.01232 0.00959 0.01553 0.01460 0.02737 0.02886 0.01533 0.00742 0.00000 0.00094 0.00867 0.01091 0.00520 0.00160 0.00171 0.00394 0.01424 0.00802 0.00686 0.01429 0.00940 0.01246 0.02892 0.02902 0.02907 0.02065 0.02505 0.10076 0.03549 0.16031 -9999 -9999 -9999 0.04646
-9999 -9999 -9999 0.27623 0.16296 0.17273 0.17763 0.20009 0.14309 0.09366 0.22165 0.36814 -9999 -9999 -9999 -9999 0.01353 0.01650 0.03163 0.03257 0.06740 0.20521 0.12850 0.08615 0.07159 0.08661 0.06006 0.04499 0.04679 0.01756 0.01830 0.02076 0.02892 0.04808 0.05297 0.08827 0.07914 0.04737 0.03635 0.03083 0.03164 0.01647 0.01964 0.02410 0.03834 0.01987 0.02425 0.01374 0.00953 0.01224 0.00679 0.00573 0.00213 0.00410 0.00318 0.00188 0.00163 0.00350 0.00463 0.01431 0.01543 0.02051 0.00851 0.00000 0.00000 0.00537 0.04701 0.07561 0.16954 0.05975 -9999 -9999 0.15665
-9999 -9999 -9999 -9999 0.30050 0.28914 0.25060 0.18524 0.13813 0.30823 0.45446 -9999 -9999 -9999 -9999 0.04019 0.02175 0.03597 0.09877 0.08509 0.12897 0.21072 0.19651 0.06986 0.06298 0.13420 0.11450 0.09026 0.05799 0.02783 0.02286 0.03898 0.04691 0.06951 0.06381 0.13130 0.12426 0.08452 0.05649 0.03137 0.02368 0.01647 0.02508 0.04810 0.06875 0.05693 0.06587 0.03968 0.02974 0.03560 0.02939 0.02794 0.01755 0.01008 0.00764 0.01177 0.01987 0.01329 0.00763 0.02037 0.00467 0.00327 0.00029 0.00085 0.00022 0.00465 0.04282 0.14448 0.15372 0.09333 0.14113 0.12264 0.24440
-9999 -9999 -9999 -9999 -9999 -9999 0.22249 0.20296 0.22957 0.35859 0.23713 -9999 -9999 -9999 -9999 -9999 0.12415 0.08567 0.09551 0.15821 0.14000 0.22212 0.10591 0.08993 0.07921 0.10374 0.11129 0.12788 0.13513 0.06795 0.04842 0.05627 0.07000 0.05086 0.05318 0.11856 0.10533 0.06712 0.07600 0.03320 0.02359 0.00973 0.01438 0.05409 0.08033 0.08439 0.08800 0.05919 0.04222 0.07255 0.04273 0.05357 0.03982 0.08545 0.05485 0.05896 0.03426 0.03199 0.03095 0.02513 0.00431 0.00000 0.00101 0.00004 0.00000 0.00328 0.05093 0.10757 0.11172 0.14331 0.18169 0.26979 0.24528
-9999 -9999 -9999 -9999 -9999 -9999 -9999 -9999 -9999 -9999 -9999 -9999 -9999 -9999 -9999 -9999 -9999 -9999 -9999 0.16422 0.16790 0.16128 0.14117 0.13498 0.13137 0.11879 0.08783 0.04850 0.02639 0.03640 0.05273 0.09274 0.07551 0.07834 0.07473 0.12440 0.14385 0.12602 0.10196 0.04584 0.04190 0.03015 0.04033 0.10166 0.09657 0.10276 0.12554 0.10652 0.07308 0.12419 0.10781 0.14215 0.09208 0.13083 0.11737 0.08993 0.08332 0.06208 0.04012 0.03098 0.00532 0.00570 0.00345 0.00283 0.00108 0.04788 0.14695 0.18782 0.25205 0.12408 0.14301 0.23226 0.23855
-9999 -9999 -9999 -9999 -9999 -9999 -9999 -9999 -9999 -9999 -9999 -9999 -9999 -9999 -9999 -9999 -9999 -9999 0.19706 0.16706 0.17785 0.15400 0.17502 0.20010 0.16287 0.09798 0.08123 0.09055 0.06821 0.07615 0.07761 0.09058 0.09354 0.09191 0.12497 0.17359 0.14328 0.21504 0.11650 0.05375 0.05624 0.08967 0.11003 0.14287 0.14480 0.17696 0.23223 0.09251 0.13593 0.15338 0.17831 0.20387 0.18359 0.20697 0.14996 0.19326 0.15192 0.07362 0.02261 0.05309 0.06728 0.08552 0.03812 0.01042 0.00646 0.06310 0.13856 0.21909 0.27736 0.39827 0.42922 0.14778 0.59919
-9999 -9999 -9999 -9999 -9999 -9999 -9999 -9999 -9999 -9999 -9999 -9999 -9999 -9999 -9999 -9999 -9999 0.23454 0.20361 0.21451 0.19937 0.20164 0.18619 0.19111 0.11385 0.05355 0.06702 0.05087 0.06842 0.10069 0.08937 0.10833 0.11184 0.12129 0.15317 0.19933 0.15142 0.18348 0.19585 0.08167 0.07992 0.15985 0.15232 0.25864 0.23420 0.25245 0.33534 0.13540 0.18793 0.13102 0.15386 0.17761 0.16479 0.27022 0.26842 0.37087 0.19750 0.12509 0.08596 0.12458 0.19240 0.17433 0.02274 0.01108 0.14418 0.15179 0.18806 0.32025 0.45903 0.69154 0.60142 0.42790 0.66532
-9999 -9999 -9999 -9999 -9999 -9999 -9999 -9999 -9999 -9999 -9999 -9999 -9999 -9999 -9999 -9999 -9999 0.24290 0.23942 0.18011 0.22845 0.23733 0.20664 0.13025 0.15462 0.07794 0.07690 0.02229 0.04773 0.07238 0.07321 0.07803 0.07835 0.14533 0.17739 0.15895 0.17971 0.11353 0.07082 0.10174 0.10880 0.20530 0.26003 0.19838 0.20499 0.33773 0.46197 0.12708 0.12583 0.18509 0.16282 0.22488 0.20944 0.23598 0.35810 0.42308 0.22709 0.22864 0.25224 0.34646 0.32597 0.10245 0.09520 0.06082 0.03920 0.04401 0.21834 0.43374 1.03156 1.63773 1.69952 0.63422 0.42567
-9999 -9999 -9999 -9999 -9999 -9999 -9999 -9999 -9999 -9999 -9999 -9999 -9999 -9999 -9999 -9999 0.18282 0.17132 0.17839 0.15961 0.21526 0.22086 0.12889 0.17686 0.23366 0.12931 0.12408 0.06858 0.04350 0.02795 0.02382 0.05257 0.06246 0.14306 0.13672 0.09351 0.14132 0.16058 0.10544 0.12651 0.13558 0.32568 0.35095 0.34958 0.31280 0.56239 0.58722 0.16271 0.19634 0.21928 0.20862 0.44702 0.32054 0.31754 0.40250 0.59483 0.53052 0.55395 0.42792 0.38566 0.40112 0.26295 0.22957 0.06455 0.14891 0.18348 0.29532 1.01431 1.75190 2.54346 2.25495 0.87556 0.82095
-9999 -9999 -9999 -9999 -9999 -9999 -9999 -9999 -9999 -9999 -9999 -9999 -9999 0.10999 0.09434 0.16359 0.14422 0.14410 0.19180 0.15838 0.14617 0.12536 0.11620 0.03649 0.02493 0.11000 0.11409 0.04426 0.04759 0.05306 0.07663 0.09465 0.10751 0.07482 0.07932 0.10316 0.14553 0.14225 0.14260 0.16901 0.17742 0.39009 0.40472 0.30107 0.30978 0.34477 0.41726 0.43224 0.53319 0.45649 0.34527 0.31098 0.27137 0.46140 0.49991 0.62193 0.65585 0.60112 0.42689 0.42841 0.50139 0.59395 0.67959 0.50435 0.69673 1.13459 1.14150 1.61335 1.41092 2.33751 1.60576 1.07803 1.03336
-9999 -9999 -9999 -9999 -9999 -9999 -9999 -9999 -9999 -9999 -9999 -9999 0.20167 0.10963 0.14450 0.20637 0.17830 0.16199 0.11556 0.15177 0.08973 0.12407 0.11420 0.07065 0.06495 0.13296 0.12154 0.05218 0.08184 0.12883 0.10785 0.14808 0.14121 0.10157 0.09648 0.10009 0.07529 0.11778 0.19950 0.20209 0.17491 0.25850 0.41269 0.35913 0.29658 0.25333 0.27608 0.43083 0.51441 0.54921 0.61545 0.39885 0.51202 0.56537 0.66564 0.98094 1.16191 0.51686 0.45265 0.47455 0.56774 0.71102 0.74782 0.64179 0.85353 1.98543 2.25883 1.60643 2.34195 1.95057 1.10725 1.76786 1.49212
-9999 -9999 -9999 -9999 -9999 -9999 -9999 -9999 -9999 -9999 -9999 0.17760 0.17193 0.12865 0.15635 0.15087 0.12249 0.08835 0.10859 0.08131 0.06916 0.09994 0.09518 0.08621 0.08255 0.09127 0.12762 0.09868 0.12229 0.19421 0.14553 0.10309 0.10937 0.11725 0.11281 0.08940 0.12075 0.17905 0.21839 0.20846 0.23690 0.45395 0.44921 0.41454 0.42831 0.34445 0.34465 0.35067 0.35928 0.63915 0.82875 0.47568 0.44920 0.66544 0.55506 0.57138 1.00781 0.84098 0.80277 0.99886 1.19128 1.51762 1.48809 1.51114 2.17272 2.66193 2.93678 2.69044 3.20279 1.75104 1.04077 0.88550 1.17613
-9999 -9999 -9999 -9999 -9999 -9999 -9999 -9999 -9999 -9999 0.09394 0.11993 0.14779 0.12238 0.13913 0.11886 0.12756 0.08306 0.08661 0.07449 0.06750 0.09673 0.09193 0.06681 0.05655 0.11952 0.11630 0.15696 0.14840 0.10099 0.12531 0.14310 0.13898 0.23965 0.30009 0.19326 0.20205 0.19869 0.22645 0.24824 0.41739 0.43677 0.49217 0.42944 0.40086 0.43071 0.42495 0.38786 0.38337 0.67037 0.71880 0.46244 0.77265 0.62807 0.67066 0.70800 0.89961 0.98452 1.07261 1.46895 1.58054 1.77280 1.81085 2.10206 2.64329 2.98124 4.49215 4.09207 3.27935 1.42414 1.24926 2.12117 2.57751
-9999 -9999 -9999 -9999 -9999 -9999 -9999 -9999 -9999 0.01806 0.01347 0.02285 0.02538 0.02372 0.01880 0.01578 0.01822 0.01166 0.01342 0.02556 0.02633 0.01574 0.01750 0.01729 0.01760 0.02015 0.02315 0.03782 0.03412 0.04121 0.04300 0.10606 0.12795 0.16494 0.24382 0.37995 0.25384 0.20918 0.23035 0.52731 0.32520 0.34366 0.33239 0.66353 0.47552 0.72623 0.74618 0.47373 0.48413 0.46179 0.51724 0.98274 0.76909 0.70931 0.67097 1.01582 1.13877 1.04367 1.07868 1.68707 1.57567 1.86898 1.92927 2.24234 2.56625 3.09498 3.76929 0.84697 0.58920 0.43784 0.58842 0.82886 1.28164
-9999 -9999 -9999 -9999 -9999 -9999 -9999 -9999 -9999 -9999 0.01277 0.01875 0.01775 0.01811 0.01852 0.01713 0.01650 0.01216 0.01264 0.02327 0.02455 0.01508 0.01618 -9999 -9999 -9999 -9999 -9999 -9999 0.04946 0.05351 0.15389 0.14481 0.16528 0.20920 0.46990 0.37369 0.24374 0.22889 0.48227 0.36142 0.38132 0.37031 0.68415 0.78501 0.73702 0.76559 0.49352 0.69989 0.57941 0.66592 0.90183 0.92110 0.65632 0.81732 1.00950 1.16873 1.17911 1.18761 1.95605 2.07782 2.05796 2.08330 1.75036 2.03477 3.56897 3.38697 0.68715 0.34378 0.45728 0.51896 1.31164 1.83309
-9999 -9999 -9999 -9999 -9999 -9999 -9999 -9999 -9999 -9999 -9999 -9999 0.01173 0.01380 0.01361 0.01182 0.01121 0.00756 0.00836 -9999 -9999 -9999 -9999 -9999 -9999 -9999 -9999 -9999 -9999 -9999 -9999 -9999 -9999 0.17790 0.22620 0.40425 0.42343 0.41743 0.29576 0.30821 0.40560 0.43275 0.45741 0.42987 0.41308 0.72461 0.80374 0.56570 0.74348 0.83724 0.80634 1.12967 1.10825 1.05493 1.06311 1.39357 1.65790 1.68411 1.29120 1.72748 1.69361 2.06190 2.26852 2.90763 3.53257 4.01673 3.06520 0.69179 0.69255 1.17414 1.74929 2.41349 -9999
-9999 -9999 -9999 -9999 -9999 -9999 -9999 -9999 -9999 -9999 -9999 -9999 -9999 -9999 -9999 -9999 -9999 -9999 -9999 -9999 -9999 -9999 -9999 -9999 -9999 -9999 -9999 -9999 -9999 -9999 -9999 -9999 -9999 -9999 0.22944 0.24032 0.26896 0.30835 0.25401 0.39214 0.41988 0.44515 0.58080 0.46658 0.79697 0.82307 0.84143 0.73448 0.80498 0.88252 0.99066 1.22542 1.21897 1.10261 1.15294 1.59082 1.78684 1.88767 2.03293 2.05542 1.88213 2.71289 3.00703 3.90440 4.60750 4.33006 3.65928 0.77638 0.78964 1.35331 2.47225 -9999 -9999
-9999 -9999 -9999 -9999 -9999 -9999 -9999 -9999 -9999 -9999 -9999 -9999 -9999 -9999 -9999 -9999 -9999 -9999 -9999 -9999 -9999 -9999 -9999 -9999 -9999 -9999 -9999 -9999 -9999 -9999 -9999 -9999 -9999 -9999 0.19423 0.24847 0.26148 0.37781 0.31585 0.41148 0.39775 0.52560 0.53473 0.46503 0.53242 0.81327 0.87137 0.73694 0.85683 1.00558 1.00937 1.28423 1.37899 1.27220 1.31490 1.64977 2.06743 2.15877 2.35341 3.57551 3.36362 3.16090 3.62385 3.05990 3.33744 2.91118 3.78388 2.97909 2.89341 7.01998 -9999 -9999 -9999
-9999 -9999 -9999 -9999 -9999 -9999 -9999 -9999 -9999 -9999 -9999 -9999 -9999 -9999 -9999 -9999 -9999 -9999 -9999 -9999 -9999 -9999 -9999 -9999 -9999 -9999 -9999 -9999 -9999 -9999 -9999 -9999 -9999 -9999 -9999 -9999 -9999 -9999 0.39277 0.39350 0.38085 0.46466 0.54817 0.56524 0.66924 0.85146 1.10233 0.91988 1.05769 1.18965 1.13627 1.43211 1.47641 1.48986 1.57053 1.77117 1.46556 1.97908 3.00495 3.70772 3.41575 4.67524 4.77976 3.51975 2.92927 3.24186 3.85795 5.62112 7.07505 -9999 -9999 -9999 -9999
