data/hydroclimate-scenarios/BCSD_hadcm_A1B/monthly_summaries/runoff_monthly_tot_sep.2070-2099.asc
ncols	311
nrows	91
xllcenter	102.75
yllcenter	31.75
cellsize	0.5
NODATA_value	-9999
[rows 32 to 63 of 91, columns 0 to 71 of 311]
-9999 -9999 -9999 -9999 -9999 -9999 -9999 -9999 -9999 -9999 -9999 4.07545 4.22985 4.73094 4.57546 5.09647 5.12829 5.38830 4.66185 5.01975 6.13857 6.35675 6.31442 6.45534 7.36122 7.32816 7.41422 6.93463 6.63037 5.16332 5.18873 5.18377 5.41752 5.69371 6.07405 6.20731 6.48261 6.73057 7.54785 7.57322 7.44634 7.56158 7.87602 8.09712 7.75097 7.62630 7.55744 7.61724 7.49880 7.38093 7.22637 7.09426 6.97588 8.16311 8.05173 8.09887 8.14173 8.18055 7.70129 6.51907 6.51882 6.25842 6.66394 6.53262 6.78370 7.04552 7.78349 8.92403 9.47272 9.79454 9.03622 10.70100
-9999 -9999 -9999 -9999 -9999 -9999 -9999 -9999 -9999 -9999 -9999 4.43036 4.56455 4.43873 4.55106 4.81109 4.89248 5.41350 5.64513 6.12681 6.17393 6.41051 7.61233 7.56662 7.54598 6.22689 6.16386 6.03457 5.61423 6.84036 7.03080 5.86154 6.38920 6.90771 7.90192 7.32745 8.75226 8.13208 8.79897 8.66932 7.97428 9.56711 8.66172 9.33554 9.50551 9.16719 9.06835 9.06030 8.73804 8.46775 8.11678 7.97041 7.68344 8.38368 7.21244 7.74025 7.88095 7.62284 7.59744 7.29329 6.93639 7.65660 7.10808 6.06151 7.43050 7.77952 8.57056 8.74885 9.18690 9.91760 9.50552 11.71070
-9999 -9999 -9999 -9999 -9999 -9999 -9999 -9999 -9999 -9999 -9999 -9999 4.51722 4.38841 4.53634 4.70796 5.01575 5.49307 5.61308 6.01073 7.26948 5.60493 5.88025 6.08705 6.04464 6.21219 6.06982 6.20191 5.87950 5.83736 7.43017 8.02359 8.70262 8.92495 9.17904 9.17152 8.73737 8.03302 8.90854 8.58580 9.08456 9.70811 10.33440 9.15524 9.40571 10.16930 9.98892 9.53318 9.25556 9.59766 9.13965 8.74238 8.62235 8.20594 7.83318 7.64123 7.57303 8.17726 8.53592 8.25301 7.67599 6.98964 6.93542 7.45736 7.36868 8.69549 9.04723 9.34738 10.41640 10.88830 9.88317 11.32640
-9999 -9999 -9999 -9999 -9999 -9999 -9999 -9999 -9999 -9999 -9999 -9999 4.53462 4.50534 4.91715 5.01908 5.12489 6.54805 6.86567 5.72436 6.04337 6.44933 6.51577 6.47699 6.53197 6.30754 6.08260 6.88912 6.35118 6.60788 6.71045 9.17362 9.23564 8.59799 9.13145 7.20226 6.89871 7.31322 7.42980 7.11168 9.32916 8.53475 9.20879 10.80200 10.37080 10.89990 11.07360 10.23720 9.36611 10.29100 9.42909 8.53250 7.97780 8.72846 8.46343 9.16832 9.16469 8.30551 6.99649 8.53505 7.77620 6.59419 6.97639 8.33899 9.04646 9.20984 9.61583 9.94471 11.05760 12.09180 13.46520 13.06150
-9999 -9999 -9999 -9999 -9999 -9999 -9999 -9999 -9999 -9999 -9999 -9999 4.66472 4.74227 6.28179 6.16524 6.62134 5.27111 5.48222 5.70149 5.99047 6.77581 6.89392 6.80183 6.89581 6.85452 6.83965 6.93649 7.09072 6.85640 6.69010 8.74409 7.33054 7.71401 7.45989 6.93223 7.12573 7.09503 7.00409 7.65904 8.62046 9.26858 9.76943 10.35280 11.23200 12.24190 12.07030 11.39760 10.75850 9.76780 8.99804 9.24654 8.24964 8.02082 7.82685 7.28376 6.93709 7.40823 7.28583 8.77404 7.01737 7.33739 7.41161 8.07568 10.15800 10.09980 10.43570 10.81430 12.28730 13.71570 15.09260 16.20270
-9999 -9999 -9999 4.82433 4.73854 4.38598 4.28482 4.24447 4.24940 -9999 4.72171 6.17307 6.01222 4.42859 4.70698 4.90344 5.13704 5.39272 5.78333 6.12449 6.50094 6.88930 6.99553 7.49312 7.34236 7.43157 7.53951 7.84025 7.60834 7.36728 7.36012 7.40687 7.04540 7.69330 7.33363 5.45031 7.04209 7.22551 7.70356 7.92871 8.58119 9.50474 10.47460 10.80020 11.71530 12.54560 13.57010 11.50500 10.97810 11.19080 10.29870 10.23550 9.59004 9.76971 9.23631 9.09071 9.17872 8.06772 8.33886 7.63585 9.63671 8.31111 8.51036 10.03690 9.53680 9.35127 9.68943 10.91970 12.75320 14.70300 17.06310 19.02590
-9999 -9999 -9999 4.73852 4.57678 4.53413 4.45852 4.32035 4.18372 5.62234 5.92461 5.92777 4.81910 4.53715 4.75030 4.97195 5.31455 5.71467 6.29695 6.69536 7.00836 7.28323 7.81947 8.39646 8.25105 8.66184 8.71490 8.11408 7.88786 7.99816 5.90586 7.52003 7.68162 7.22437 6.98783 6.93039 6.89374 7.83694 7.57695 8.71415 9.05720 9.26706 10.45690 11.29790 11.45720 12.81940 14.26820 12.64590 12.50410 11.91030 11.93910 11.10750 10.78580 10.39250 9.32466 9.59208 8.87823 8.92893 9.15381 8.67992 9.31632 10.34710 10.84590 11.47950 12.05750 11.43740 11.57630 12.32490 15.09940 17.23960 19.38830 20.96820
-9999 -9999 -9999 4.53033 4.60414 4.36253 5.83694 5.53624 5.45379 5.68917 6.02535 6.05226 4.67688 4.57093 4.97779 4.89899 5.74289 5.85876 6.17848 6.48840 7.08185 7.35036 5.86178 7.65693 8.12542 8.55470 8.82115 8.63145 7.79670 8.55987 9.06693 9.01162 7.98054 7.45566 7.32001 7.34192 7.26856 7.39142 7.67549 8.10047 8.77739 9.58849 10.97830 12.03650 12.03710 12.69090 13.61030 13.26600 12.87320 14.48290 14.24170 12.13700 11.59370 10.95110 9.99391 10.16830 9.25256 9.91790 10.08740 10.05030 10.31320 10.95610 11.90330 13.23030 13.99810 14.34850 14.56370 15.77860 17.76450 20.55530 23.26350 25.17020
-9999 -9999 -9999 5.06353 4.88765 4.88757 6.10746 6.22631 5.81258 5.89943 6.07928 4.82827 4.80181 5.16780 5.43389 5.27361 5.59827 6.00761 6.51112 6.64589 7.56040 7.22783 8.00801 8.16845 7.64364 8.30447 8.29940 8.35608 9.26158 9.92340 9.10457 7.76696 7.99727 8.67206 8.69272 8.44508 7.79534 7.56830 8.24729 8.62956 9.16113 10.56950 11.77240 12.50690 13.05110 14.64160 15.22980 14.55820 15.20410 14.42710 14.49930 13.02580 12.43050 11.68020 11.04900 10.82790 9.84343 9.49045 10.32130 10.78410 11.02850 12.82070 12.87720 14.13510 15.42410 16.13880 17.30040 19.19130 22.29290 24.71750 28.80840 32.21500
-9999 -9999 -9999 4.86354 4.87909 5.01814 6.05331 5.96251 6.14630 6.11506 6.20847 6.17726 4.88265 5.47109 6.08887 5.97029 6.25663 6.34790 6.55930 7.65494 8.06190 7.26433 8.19293 8.03226 7.88921 8.12640 8.33332 8.51855 8.34624 8.66324 8.73359 8.59141 8.65645 8.18897 8.13786 7.92104 7.94468 7.93653 8.03745 8.84493 10.17910 11.02560 11.95230 12.45630 13.49040 14.01560 14.64560 14.82370 14.81060 14.99610 14.70150 13.06760 12.04680 12.50990 11.42070 11.42470 10.90970 10.50500 11.27080 12.85990 14.16390 14.29690 15.20240 16.75560 17.44340 17.38660 19.45340 21.17530 24.05440 26.82560 31.49880 -9999
-9999 -9999 -9999 -9999 6.35279 6.50411 6.52561 7.22747 6.97998 7.00743 7.27638 5.84114 5.72151 5.54965 -9999 -9999 -9999 -9999 -9999 8.18545 8.69130 8.11250 8.44417 9.55441 8.46035 7.95080 8.19416 8.29959 8.67683 8.65012 8.38099 8.09666 8.08220 8.19621 8.30300 6.86815 7.14923 7.87270 8.66589 9.14559 9.42014 10.68430 12.30490 13.18050 14.12670 14.62270 15.42040 16.25820 16.26840 14.94430 15.87410 15.43190 14.49620 14.65980 13.97410 13.61910 13.67900 13.45070 13.18620 13.50290 14.88130 16.50810 15.22960 19.24180 20.37710 19.28790 22.74070 21.68300 22.28330 -9999 -9999 -9999
-9999 -9999 5.98847 7.01439 6.81810 6.50734 6.56261 7.56188 7.14885 7.31127 7.56804 6.07810 6.04747 -9999 -9999 -9999 -9999 -9999 9.72071 8.30601 8.96965 8.71874 8.44459 9.16414 8.95572 8.51162 7.89854 9.18435 9.25241 8.98810 8.55476 8.18944 8.34462 8.78477 8.86229 7.55253 7.41207 8.22614 8.74275 8.91604 9.57976 10.95400 12.18750 12.46830 12.76090 13.44700 14.40870 14.70870 15.31140 14.09310 13.86170 13.83740 15.02500 13.91490 14.36690 13.73720 13.51590 14.06880 14.80480 14.20900 15.01480 16.20030 15.76670 16.26860 17.51620 18.59000 18.50790 -9999 -9999 -9999 -9999 -9999
-9999 -9999 7.89137 7.61264 7.13035 6.79961 6.87198 7.85752 7.68510 7.92668 6.86979 6.73509 5.98712 -9999 -9999 -9999 -9999 7.12997 8.58309 8.22208 8.60573 8.24138 8.36038 7.84307 8.04355 8.65303 8.77953 8.46677 8.74465 9.17535 8.31878 8.41184 8.66984 9.19640 9.65368 8.88929 8.55563 8.26153 8.96419 10.37590 11.34570 12.19810 13.16590 13.44140 13.77180 13.30600 13.99600 14.44110 14.61590 14.92490 14.56420 13.97810 14.05160 13.49660 12.99550 12.95910 14.46780 13.50690 13.88640 12.90210 13.12180 14.43060 15.08330 17.91070 20.77170 -9999 -9999 -9999 -9999 -9999 19.46410 -9999
-9999 -9999 8.34326 8.87395 8.14002 7.82085 7.68429 8.03313 8.06928 8.11116 6.97025 6.43027 5.22142 -9999 -9999 -9999 -9999 7.54235 7.70248 8.14174 7.55934 7.36855 7.63804 7.95327 8.26812 8.55386 8.10740 8.52711 8.55270 8.69879 8.39008 8.52110 8.53662 9.20223 9.48877 9.60680 9.51934 9.68598 9.95416 9.97135 11.38480 11.86230 12.87940 14.16440 14.38950 13.24090 13.69750 14.12480 13.95460 13.81490 13.20150 13.11950 12.52960 12.77610 13.78950 12.76470 13.80010 15.30110 16.90730 16.40760 13.20100 16.56760 18.92130 19.75480 21.25710 21.39360 17.85450 16.68860 15.07260 -9999 -9999 -9999
-9999 -9999 -9999 10.29870 9.14457 8.70720 7.77470 7.90113 7.21267 7.89722 7.32697 5.47369 -9999 -9999 -9999 -9999 6.54080 7.19222 7.27391 7.30612 7.67182 7.30474 7.33717 7.31481 7.54780 8.18539 8.37985 8.52535 8.78347 8.99140 8.68609 8.76510 8.71288 9.41745 9.51866 9.55908 9.37813 9.95555 10.32520 10.87350 12.03260 11.85560 15.97020 15.79460 16.10900 16.94790 14.69390 13.40210 13.57570 13.07400 13.97120 14.27620 13.88700 14.58940 15.98930 15.85210 15.24470 16.76230 18.13520 18.90180 18.65140 19.13850 20.86150 22.94080 22.08670 24.01120 18.15950 15.43580 13.55290 16.08010 -9999 -9999
-9999 -9999 -9999 -9999 9.69112 8.64829 8.41959 7.84107 8.04771 6.30542 5.66358 -9999 -9999 -9999 -9999 6.66887 6.78007 6.62123 8.07784 6.62137 6.83077 6.57753 7.05783 6.89712 7.30725 8.00881 8.18073 8.58448 8.79815 8.49971 8.30536 8.37204 8.41991 9.14356 10.04420 10.52420 10.56960 10.79050 10.65000 11.08630 11.28300 12.03960 12.91170 13.17600 13.83370 16.79460 18.08610 16.24150 15.05620 13.21770 14.66200 13.93540 14.29820 15.13040 14.94720 14.31110 16.30930 16.37840 17.19360 19.01400 20.08240 20.39030 20.71720 22.48840 22.57600 24.20040 17.47350 14.47530 12.84560 12.08950 11.96290 12.96720
-9999 -9999 -9999 -9999 -9999 -9999 9.23156 10.36370 5.93258 6.65927 6.11162 -9999 -9999 -9999 -9999 -9999 6.55909 6.45905 6.39234 6.73731 6.80382 6.34347 6.61248 6.94758 7.06631 7.85840 8.20745 11.56910 11.22740 10.41720 8.45864 8.96269 8.88476 9.41957 9.67360 10.36860 11.29730 11.11750 10.88280 11.47290 11.79840 12.59300 13.32990 13.10670 15.94340 16.04940 16.57910 16.84320 16.05070 14.55790 15.02380 15.58610 17.44060 18.35980 16.45770 18.14850 15.24950 17.26230 17.04920 17.41570 17.70820 19.40990 21.74880 22.89080 22.18410 22.64400 17.18270 12.40570 11.05470 12.99060 14.58680 15.15930
-9999 -9999 -9999 -9999 -9999 -9999 -9999 -9999 -9999 -9999 -9999 -9999 -9999 -9999 -9999 -9999 -9999 -9999 -9999 6.60413 6.57595 5.77477 6.82665 6.87221 7.07228 8.00683 9.18688 8.75334 8.85753 7.68385 8.65551 8.78708 9.43561 9.75474 10.01350 10.65340 11.05510 11.75300 11.51340 12.18960 12.87010 12.74450 13.36570 14.14470 14.07200 14.13290 13.60140 16.26910 16.06720 17.21970 18.73850 16.31870 15.37630 15.00060 13.35400 12.99040 15.51040 15.68430 16.71620 17.21460 16.86460 17.42550 20.66720 22.05230 21.01080 18.82130 15.64080 11.65410 10.89670 11.97890 14.69910 15.56170
-9999 -9999 -9999 -9999 -9999 -9999 -9999 -9999 -9999 -9999 -9999 -9999 -9999 -9999 -9999 -9999 -9999 -9999 7.04882 5.97998 5.95410 6.58479 6.97334 7.63338 7.36085 7.26980 8.89797 9.28225 8.00322 8.05094 8.27574 8.38350 8.78550 9.29151 9.99875 12.46030 11.41060 11.24630 10.96310 11.26550 11.96100 12.33070 12.79190 12.66200 13.31890 16.07220 13.95080 7.83436 10.97830 12.09190 13.25000 19.46980 20.43010 21.32210 15.57430 16.01300 16.79760 16.89100 16.08240 17.63210 16.75980 17.56780 18.70840 19.47510 18.19670 17.67860 16.65510 13.04610 14.15390 12.17120 14.72480 16.94120
-9999 -9999 -9999 -9999 -9999 -9999 -9999 -9999 -9999 -9999 -9999 -9999 -9999 -9999 -9999 -9999 -9999 7.23575 7.28180 6.13772 6.47648 7.00751 6.87542 7.21816 7.18692 7.61854 9.70062 8.47577 9.47074 9.55270 10.39710 9.41568 8.57983 10.36600 11.24660 12.91940 13.33880 11.33450 11.34700 11.48360 11.86960 14.24850 12.87960 14.13990 12.40690 13.02700 16.17240 11.49030 11.83140 12.07820 12.16540 15.49560 18.45390 20.85840 21.08260 23.15710 17.72450 17.48160 18.02830 18.60600 17.72920 17.77400 19.20400 18.43950 19.08800 18.30720 16.93950 15.42700 16.68960 16.74430 20.05710 16.09860
-9999 -9999 -9999 -9999 -9999 -9999 -9999 -9999 -9999 -9999 -9999 -9999 -9999 -9999 -9999 -9999 -9999 7.29309 7.51064 7.12466 7.16664 8.83621 9.04310 6.88937 7.16286 8.35410 7.68792 7.63367 7.02978 9.33514 9.58100 9.07855 9.60743 10.19460 10.67620 12.81360 13.34570 10.10150 10.80920 10.75920 11.25690 11.08070 12.87440 11.33270 13.91630 14.95260 15.03760 8.39748 9.01494 13.03990 11.90960 14.38450 15.19970 17.27700 20.83010 24.41180 21.04110 19.73070 18.36140 18.26600 19.48930 19.62190 19.65500 19.93210 19.72710 19.68510 18.68650 17.42300 19.13710 21.02570 20.20870 20.15070
-9999 -9999 -9999 -9999 -9999 -9999 -9999 -9999 -9999 -9999 -9999 -9999 -9999 -9999 -9999 -9999 7.36447 7.58898 7.38295 6.73352 7.75167 6.64970 7.07331 7.26246 7.12654 7.60340 7.51548 7.71237 7.34551 6.91144 7.14306 6.93223 9.53006 9.10242 9.53307 11.20930 11.22350 11.36480 10.19500 9.84944 9.86508 10.53990 13.07660 12.97570 11.17640 14.37890 15.46950 9.08159 9.25339 13.61690 13.03100 16.19950 16.32260 17.75530 20.41950 24.85750 24.98610 22.12480 17.04350 19.12670 19.37950 20.57660 21.77490 25.45330 25.63090 22.88240 21.24580 19.62430 20.66870 21.55890 21.71090 18.43480
-9999 -9999 -9999 -9999 -9999 -9999 -9999 -9999 -9999 -9999 -9999 -9999 -9999 6.27181 6.47685 6.29346 6.51781 6.71598 7.73304 7.08270 6.00563 7.04301 7.26244 7.32202 7.47849 7.17815 7.20563 4.59403 4.50353 4.54254 6.66991 6.69290 4.48255 4.58636 6.90743 6.55683 7.26181 7.58050 5.88923 6.45612 6.36612 9.06554 9.03276 6.42308 10.10100 10.31680 11.53500 12.20550 13.08590 14.47710 15.03990 15.11460 15.18880 14.80190 15.01570 12.48900 15.07070 15.98560 12.12760 12.67080 15.47800 17.87150 21.04690 16.91020 16.51390 18.10010 14.59970 22.89460 17.31050 25.19120 24.91450 20.30590
-9999 -9999 -9999 -9999 -9999 -9999 -9999 -9999 -9999 -9999 -9999 -9999 5.36424 5.90590 7.44688 7.45271 7.93101 5.95040 5.73477 5.46643 5.49451 5.62389 5.73787 6.43835 6.56087 6.13259 6.17342 4.21160 6.14342 6.23316 5.72195 6.12780 6.57530 6.70373 6.90915 6.21034 4.62237 5.08904 5.81761 6.20284 6.18691 5.95726 9.06037 9.38622 9.90615 10.71450 11.77100 12.35570 13.33650 13.81750 15.45170 11.72010 15.51320 11.54790 14.91890 15.95310 16.86620 11.81940 13.07280 13.65560 16.73430 15.53940 14.60060 15.96190 16.54770 22.15640 21.88190 18.54080 21.10640 25.50830 22.47380 21.57280
-9999 -9999 -9999 -9999 -9999 -9999 -9999 -9999 -9999 -9999 -9999 6.29880 5.16067 6.04828 5.11141 5.39768 5.33422 5.38594 5.29572 4.55562 4.58673 4.59597 4.58259 5.10752 5.21947 5.31988 8.13099 5.96142 6.16485 5.92378 5.64510 3.78541 4.09904 4.27099 4.27238 6.85312 5.16068 5.34206 5.57069 5.94493 5.94447 8.76424 8.56870 9.40721 10.07470 10.59060 11.38030 12.08900 12.83280 14.00780 15.30050 12.69320 12.53150 15.59920 13.36680 13.04360 16.39710 14.15820 10.52820 11.75520 13.27800 15.73930 14.65280 16.18840 20.92790 18.29360 18.41940 19.95870 25.15780 23.75880 22.93660 23.29430
-9999 -9999 -9999 -9999 -9999 -9999 -9999 -9999 -9999 -9999 4.99071 4.40723 4.30833 4.22546 4.22507 4.25623 4.18391 4.45048 4.53826 3.94911 3.78884 4.04363 3.98423 4.34465 4.44326 4.73719 4.88704 5.28458 5.12731 3.16935 3.10759 3.80943 3.72394 5.63437 5.89117 6.60619 5.18343 5.18859 5.60395 5.67908 8.37693 7.99472 8.03943 8.89026 9.22575 10.16010 10.98950 11.49440 12.57080 13.78910 15.05300 12.47210 15.41590 12.77490 12.61330 12.59930 14.83770 13.10320 11.98060 15.29730 16.03580 15.04450 14.76790 17.50020 19.35790 18.15990 22.88020 27.85300 25.72690 24.63370 25.51320 27.63950
-9999 -9999 -9999 -9999 -9999 -9999 -9999 -9999 -9999 0.69647 0.65476 0.61853 0.60644 0.64167 0.63923 0.63022 0.63057 0.62860 0.61857 0.64586 0.66613 0.66330 0.70403 0.72858 0.72187 0.80177 0.85949 0.87722 0.87020 0.87919 0.88764 3.05498 3.98246 4.48601 6.27044 7.06028 5.42756 5.63253 5.56854 7.84892 7.13870 7.09134 7.33345 10.83300 8.01900 12.28910 10.60190 11.53100 12.52680 13.28130 14.37370 15.44870 13.32140 17.23860 15.18110 15.10320 14.50750 14.57850 14.64700 15.51400 15.65010 15.38550 14.91690 18.29340 18.20060 18.90130 21.01860 5.79239 5.07353 5.03883 5.33100 6.33161
-9999 -9999 -9999 -9999 -9999 -9999 -9999 -9999 -9999 -9999 0.58662 0.50835 0.47993 0.52347 0.50209 0.50175 0.52015 0.51472 0.53346 0.58918 0.62294 0.59102 0.63299 -9999 -9999 -9999 -9999 -9999 -9999 0.99085 1.09729 3.60165 3.66159 4.27562 4.31354 6.98663 7.16506 5.10062 5.10612 7.31329 6.98840 6.96714 7.61812 10.28880 10.28920 11.62410 12.79870 10.68290 12.54390 13.20510 13.58770 11.35630 12.17350 13.82170 16.40120 13.96100 13.47640 13.90150 13.96950 14.79660 15.38090 14.23260 13.99820 12.32520 18.50520 20.18240 20.81420 5.54081 5.72754 6.33372 6.33681 8.44846
-9999 -9999 -9999 -9999 -9999 -9999 -9999 -9999 -9999 -9999 -9999 -9999 0.46420 0.47254 0.46490 0.38933 0.43727 0.44632 0.47206 -9999 -9999 -9999 -9999 -9999 -9999 -9999 -9999 -9999 -9999 -9999 -9999 -9999 -9999 3.98651 6.00305 6.03704 5.96296 6.09847 4.49442 5.06532 7.01461 6.70990 7.65925 7.91985 8.04164 10.70360 11.82580 9.77840 11.18510 11.91860 12.71800 14.13030 14.37130 14.91320 14.37290 13.10140 13.53720 13.04360 9.61753 14.90800 15.25700 13.99000 16.22030 16.92250 18.37340 19.51220 18.70000 4.90942 5.57208 6.55579 8.68585 9.68262
-9999 -9999 -9999 -9999 -9999 -9999 -9999 -9999 -9999 -9999 -9999 -9999 -9999 -9999 -9999 -9999 -9999 -9999 -9999 -9999 -9999 -9999 -9999 -9999 -9999 -9999 -9999 -9999 -9999 -9999 -9999 -9999 -9999 -9999 5.44192 4.83575 4.97418 4.99631 3.76780 5.87556 6.51273 6.58246 9.06533 8.03934 10.69900 10.86380 9.91760 9.54766 10.96960 11.47040 12.01800 13.30700 13.25960 13.41660 13.40360 12.27010 12.05380 13.46590 13.19490 14.25160 13.92090 16.42260 16.30890 17.30850 18.35950 18.14760 20.99180 5.45485 6.38404 7.55401 9.31551 -9999
-9999 -9999 -9999 -9999 -9999 -9999 -9999 -9999 -9999 -9999 -9999 -9999 -9999 -9999 -9999 -9999 -9999 -9999 -9999 -9999 -9999 -9999 -9999 -9999 -9999 -9999 -9999 -9999 -9999 -9999 -9999 -9999 -9999 -9999 4.33281 4.80507 4.96530 5.82921 4.36246 4.95574 5.57636 8.07090 8.27920 6.81535 8.37624 8.42344 8.89025 9.69110 10.97630 11.36750 11.62170 11.50430 11.66680 12.19300 12.29710 11.49210 12.01060 11.94160 12.89690 14.07120 12.97530 12.27470 14.17200 14.31580 16.27200 16.82560 21.71430 21.58010 26.59570 30.40300 -9999 -9999
-9999 -9999 -9999 -9999 -9999 -9999 -9999 -9999 -9999 -9999 -9999 -9999 -9999 -9999 -9999 -9999 -9999 -9999 -9999 -9999 -9999 -9999 -9999 -9999 -9999 -9999 -9999 -9999 -9999 -9999 -9999 -9999 -9999 -9999 -9999 -9999 -9999 -9999 5.24706 4.93612 4.99315 5.37147 6.73645 7.55620 7.03732 8.19710 9.43969 9.74996 10.47120 10.92700 10.71180 10.63880 10.72170 11.27020 11.89940 10.76720 7.82729 8.55848 13.31300 12.11070 11.31380 15.85150 19.08010 16.70720 19.93630 18.02070 22.00490 26.80760 24.15930 -9999 -9999 -9999
