data/hydroclimate-scenarios/BCSD_hadcm_A1B/monthly_summaries/runoff_monthly_tot_jul.2070-2099.asc
ncols	311
nrows	91
xllcenter	102.75
yllcenter	31.75
cellsize	0.5
NODATA_value	-9999
[rows 0 to 31 of 91, columns 216 to 287 of 311]
-9999 -9999 -9999 -9999 -9999 -9999 -9999 -9999 -9999 -9999 -9999 -9999 -9999 -9999 -9999 -9999 -9999 -9999 -9999 -9999 -9999 -9999 -9999 -9999 -9999 -9999 -9999 -9999 -9999 -9999 -9999 -9999 -9999 -9999 -9999 -9999 -9999 -9999 -9999 -9999 -9999 -9999 -9999 -9999 -9999 -9999 -9999 -9999 -9999 -9999 -9999 -9999 -9999 -9999 -9999 -9999 -9999 -9999 -9999 -9999 -9999 -9999 -9999 -9999 -9999 -9999 -9999 -9999 -9999 -9999 -9999 -9999
-9999 -9999 -9999 -9999 -9999 -9999 -9999 -9999 -9999 -9999 -9999 -9999 -9999 -9999 -9999 -9999 -9999 -9999 -9999 -9999 -9999 -9999 -9999 -9999 -9999 -9999 -9999 -9999 -9999 -9999 -9999 -9999 -9999 -9999 -9999 -9999 -9999 -9999 -9999 -9999 -9999 -9999 -9999 -9999 -9999 -9999 -9999 -9999 -9999 -9999 -9999 -9999 -9999 -9999 -9999 -9999 -9999 -9999 -9999 -9999 -9999 -9999 -9999 -9999 -9999 -9999 -9999 -9999 -9999 -9999 -9999 -9999
-9999 -9999 -9999 -9999 -9999 -9999 -9999 -9999 -9999 -9999 -9999 -9999 -9999 -9999 -9999 -9999 -9999 -9999 -9999 -9999 -9999 -9999 -9999 -9999 -9999 -9999 -9999 -9999 -9999 -9999 -9999 -9999 -9999 -9999 -9999 -9999 -9999 -9999 -9999 -9999 -9999 -9999 -9999 -9999 -9999 -9999 -9999 -9999 -9999 -9999 -9999 -9999 -9999 -9999 -9999 -9999 -9999 -9999 -9999 -9999 -9999 -9999 -9999 -9999 -9999 -9999 -9999 -9999 -9999 -9999 -9999 -9999
-9999 -9999 -9999 -9999 -9999 -9999 -9999 -9999 -9999 -9999 -9999 -9999 -9999 -9999 -9999 -9999 -9999 -9999 -9999 -9999 -9999 -9999 -9999 -9999 -9999 -9999 -9999 -9999 -9999 -9999 -9999 -9999 -9999 -9999 -9999 -9999 -9999 -9999 -9999 -9999 -9999 -9999 -9999 -9999 -9999 -9999 -9999 -9999 -9999 -9999 -9999 -9999 -9999 -9999 -9999 -9999 -9999 -9999 -9999 -9999 -9999 -9999 -9999 -9999 -9999 -9999 -9999 -9999 -9999 -9999 -9999 -9999
-9999 -9999 -9999 -9999 -9999 -9999 -9999 -9999 -9999 -9999 -9999 -9999 -9999 -9999 -9999 -9999 -9999 -9999 -9999 -9999 -9999 -9999 -9999 -9999 -9999 -9999 -9999 -9999 -9999 -9999 -9999 -9999 -9999 -9999 -9999 -9999 -9999 -9999 -9999 -9999 -9999 -9999 -9999 -9999 -9999 -9999 -9999 -9999 -9999 -9999 -9999 -9999 -9999 -9999 -9999 -9999 -9999 -9999 -9999 -9999 -9999 -9999 -9999 -9999 -9999 -9999 -9999 -9999 -9999 -9999 -9999 -9999
-9999 -9999 -9999 -9999 -9999 -9999 -9999 -9999 -9999 -9999 -9999 -9999 -9999 -9999 -9999 -9999 -9999 -9999 -9999 -9999 -9999 -9999 -9999 -9999 -9999 -9999 -9999 -9999 -9999 -9999 -9999 -9999 -9999 -9999 -9999 -9999 -9999 -9999 -9999 -9999 -9999 -9999 -9999 -9999 -9999 -9999 -9999 -9999 -9999 -9999 -9999 -9999 -9999 -9999 -9999 -9999 -9999 -9999 -9999 -9999 -9999 -9999 -9999 -9999 -9999 -9999 -9999 -9999 -9999 -9999 -9999 -9999
-9999 -9999 -9999 -9999 -9999 -9999 -9999 -9999 -9999 -9999 -9999 -9999 -9999 -9999 -9999 -9999 -9999 -9999 -9999 -9999 -9999 -9999 -9999 -9999 -9999 -9999 -9999 -9999 -9999 -9999 -9999 -9999 -9999 -9999 -9999 -9999 -9999 -9999 -9999 -9999 -9999 -9999 -9999 -9999 -9999 -9999 -9999 -9999 -9999 -9999 -9999 -9999 -9999 -9999 -9999 -9999 -9999 -9999 -9999 -9999 -9999 -9999 -9999 -9999 -9999 -9999 -9999 -9999 -9999 -9999 -9999 -9999
-9999 -9999 -9999 -9999 -9999 -9999 -9999 -9999 -9999 -9999 -9999 -9999 -9999 -9999 -9999 -9999 -9999 -9999 -9999 -9999 -9999 -9999 -9999 -9999 -9999 -9999 -9999 -9999 -9999 -9999 -9999 -9999 -9999 -9999 -9999 -9999 -9999 -9999 -9999 -9999 -9999 -9999 -9999 -9999 -9999 -9999 -9999 -9999 -9999 -9999 -9999 -9999 -9999 -9999 -9999 -9999 -9999 -9999 -9999 -9999 -9999 -9999 -9999 -9999 -9999 -9999 -9999 -9999 -9999 -9999 -9999 -9999
-9999 -9999 -9999 -9999 -9999 -9999 -9999 -9999 -9999 -9999 -9999 -9999 -9999 -9999 -9999 -9999 -9999 -9999 -9999 -9999 -9999 -9999 -9999 -9999 -9999 -9999 -9999 -9999 -9999 -9999 -9999 -9999 -9999 -9999 -9999 -9999 -9999 -9999 -9999 -9999 -9999 -9999 -9999 -9999 -9999 -9999 -9999 -9999 -9999 -9999 -9999 -9999 -9999 -9999 -9999 -9999 -9999 -9999 -9999 -9999 -9999 -9999 -9999 -9999 -9999 -9999 -9999 -9999 -9999 -9999 -9999 -9999
-9999 -9999 -9999 -9999 -9999 -9999 -9999 -9999 -9999 -9999 -9999 -9999 -9999 -9999 -9999 -9999 -9999 -9999 -9999 -9999 -9999 -9999 -9999 -9999 -9999 -9999 -9999 -9999 -9999 -9999 -9999 -9999 -9999 -9999 -9999 -9999 -9999 -9999 -9999 -9999 -9999 -9999 -9999 -9999 -9999 -9999 -9999 -9999 -9999 -9999 -9999 -9999 -9999 -9999 -9999 -9999 -9999 -9999 -9999 -9999 -9999 -9999 -9999 -9999 -9999 -9999 -9999 -9999 -9999 -9999 -9999 -9999
-9999 -9999 -9999 -9999 -9999 -9999 -9999 -9999 -9999 -9999 -9999 -9999 -9999 -9999 -9999 -9999 -9999 -9999 -9999 -9999 -9999 -9999 -9999 -9999 -9999 -9999 -9999 -9999 -9999 -9999 -9999 -9999 -9999 -9999 -9999 -9999 -9999 -9999 -9999 -9999 -9999 -9999 -9999 -9999 -9999 -9999 -9999 -9999 -9999 -9999 -9999 -9999 -9999 -9999 -9999 -9999 -9999 -9999 -9999 -9999 -9999 -9999 -9999 -9999 -9999 -9999 -9999 -9999 -9999 -9999 -9999 -9999
-9999 -9999 -9999 -9999 -9999 -9999 -9999 -9999 -9999 -9999 -9999 -9999 -9999 -9999 -9999 -9999 -9999 -9999 -9999 -9999 -9999 -9999 -9999 -9999 -9999 -9999 -9999 -9999 -9999 -9999 -9999 -9999 -9999 -9999 -9999 -9999 -9999 -9999 -9999 -9999 -9999 -9999 -9999 -9999 -9999 -9999 -9999 -9999 -9999 -9999 -9999 -9999 -9999 -9999 -9999 -9999 -9999 -9999 -9999 -9999 -9999 -9999 -9999 -9999 -9999 -9999 -9999 -9999 -9999 -9999 -9999 -9999
-9999 -9999 -9999 -9999 -9999 -9999 -9999 -9999 -9999 -9999 -9999 -9999 -9999 -9999 -9999 -9999 -9999 -9999 -9999 -9999 -9999 -9999 -9999 -9999 -9999 -9999 -9999 -9999 -9999 -9999 -9999 -9999 -9999 -9999 -9999 -9999 -9999 -9999 -9999 -9999 -9999 -9999 -9999 -9999 -9999 -9999 -9999 -9999 -9999 -9999 -9999 -9999 -9999 -9999 -9999 -9999 -9999 -9999 -9999 -9999 -9999 -9999 -9999 -9999 -9999 -9999 -9999 -9999 -9999 -9999 -9999 -9999
2.84696 2.45165 2.63670 -9999 -9999 -9999 -9999 -9999 -9999 -9999 -9999 -9999 -9999 -9999 -9999 -9999 -9999 -9999 -9999 -9999 -9999 -9999 -9999 -9999 -9999 -9999 -9999 -9999 -9999 -9999 -9999 -9999 -9999 -9999 -9999 -9999 -9999 -9999 -9999 -9999 -9999 -9999 -9999 -9999 1.73679 -9999 -9999 -9999 -9999 -9999 -9999 -9999 -9999 -9999 -9999 -9999 -9999 -9999 -9999 -9999 -9999 -9999 -9999 -9999 -9999 -9999 -9999 -9999 -9999 -9999 -9999 -9999
3.59939 3.65765 3.78567 3.54979 3.63384 4.02721 4.52925 4.55503 5.51849 5.23841 5.45692 5.55286 5.52307 5.35654 4.90251 6.20274 -9999 -9999 -9999 -9999 -9999 -9999 -9999 -9999 -9999 -9999 -9999 -9999 -9999 -9999 -9999 -9999 -9999 -9999 -9999 -9999 -9999 -9999 -9999 3.19444 2.52661 2.15938 2.61332 3.38184 3.27862 2.46244 -9999 -9999 -9999 2.50965 -9999 -9999 -9999 3.09438 3.48587 3.56315 -9999 -9999 -9999 -9999 -9999 -9999 -9999 -9999 -9999 -9999 -9999 -9999 -9999 -9999 -9999 -9999
4.19647 4.19438 4.34657 4.46022 5.99928 7.40416 8.65075 8.66553 12.72060 10.05940 12.01490 15.54830 16.82310 13.15130 12.08200 8.24509 7.41152 6.28443 5.85693 5.34360 4.95690 4.13391 -9999 -9999 -9999 -9999 -9999 3.54631 3.33387 3.18352 3.33201 3.89402 3.52715 2.92666 2.67892 2.62780 2.47334 2.27129 2.26840 2.87239 2.84529 3.20170 3.13591 4.53605 4.88018 3.06849 3.10788 3.16377 3.18053 3.25634 3.22112 3.18149 3.39443 4.11935 4.93454 5.99818 6.00432 5.46467 4.83548 5.22872 4.69159 -9999 -9999 -9999 -9999 -9999 -9999 -9999 -9999 -9999 -9999 -9999
11.73270 9.88825 10.71590 15.88530 23.24280 23.51800 20.63050 18.88040 20.37690 14.90640 16.78730 14.14790 18.40410 13.44680 10.98510 7.70233 6.44457 6.87008 6.60355 7.61497 7.50493 6.17710 5.84574 5.99075 4.91725 4.16972 3.79272 3.32680 3.61996 3.65565 3.94738 3.50967 3.26798 3.07727 3.07584 3.10114 3.08847 2.68457 2.72157 2.30371 2.38135 3.01423 2.82200 3.71039 3.70847 3.78246 3.75283 3.64965 3.67149 3.89634 4.02620 3.98262 4.24432 4.31770 4.56625 4.98982 5.20222 5.20328 5.58007 6.20585 6.87390 6.71694 6.50662 6.18942 6.33561 6.00558 6.06141 5.80916 5.21656 -9999 -9999 -9999
28.41100 26.33370 28.27470 18.71380 14.25980 13.50010 10.54420 8.73203 8.23863 9.69267 8.15633 6.83799 6.27467 6.96794 6.19983 6.47782 6.17294 6.16025 7.24723 7.35397 7.00415 5.56980 5.87766 7.05913 6.87527 5.61062 5.22032 4.41833 3.86731 3.73558 3.71436 3.50547 3.61206 3.64856 3.83633 3.71019 3.66691 3.27133 3.27118 2.67217 2.60629 3.02963 2.98138 3.75217 3.79037 3.85512 3.81321 3.71214 3.75906 4.03524 4.21570 4.31210 4.61233 4.69002 4.72747 5.42126 5.49896 5.54049 5.78368 7.15082 7.30754 6.51970 6.51703 6.57882 6.77425 6.35410 6.34834 6.29247 5.25826 -9999 4.03967 -9999
13.73900 15.44080 11.34090 9.29914 9.07130 7.94748 6.48906 6.72355 6.63244 6.07260 5.72033 5.96453 6.31722 6.09845 5.68541 8.04590 7.43698 8.32646 8.60897 7.27617 5.25399 5.26803 5.47978 6.72340 8.11602 8.23515 6.44701 4.54377 3.44744 3.06198 3.21302 3.63618 3.79909 4.16150 4.68683 4.46861 4.60978 3.89348 4.17928 3.87411 3.85437 3.91902 4.03928 4.50684 4.15528 4.21686 4.26298 4.28715 4.42982 4.33098 4.39777 4.51759 4.80266 5.35282 5.69864 5.70099 5.90933 6.12403 6.48460 7.91344 7.63612 7.73002 7.77725 6.56144 6.58702 6.47235 6.18274 6.17789 5.81415 5.00050 -9999 -9999
14.81250 13.02590 11.57090 8.76751 8.38906 6.91111 6.03294 5.64984 5.05372 5.09338 4.60802 5.37556 6.04963 5.75920 6.18992 7.99234 8.30012 8.68017 8.84283 8.15165 6.97982 5.76489 5.57195 4.88849 5.02406 6.49669 6.95507 4.38001 3.70230 3.17682 3.57934 5.34601 5.63804 6.00535 6.00815 6.00208 6.40586 6.30612 6.22777 6.13680 6.28201 5.78717 5.79787 6.21547 6.47475 6.46173 6.62684 6.41592 5.39110 5.16870 5.24285 4.57164 4.61232 5.44679 5.85746 6.44102 6.65690 7.12302 8.84467 8.67878 8.31368 8.86701 8.88814 8.11721 6.84494 7.30643 9.00013 8.71596 7.17018 6.47661 4.96723 -9999
14.72070 9.63940 7.31171 6.33817 5.41973 4.13582 3.55839 3.43332 3.24846 3.06687 3.28815 4.18055 6.52012 7.78240 7.96265 7.80665 8.06658 7.22096 8.05010 8.00583 7.53970 5.37219 5.14020 4.91377 4.63236 4.82056 5.50321 4.36004 3.36037 2.96776 2.96694 3.32866 3.20823 3.16169 3.47272 3.49621 3.70324 5.24007 5.39389 5.28084 5.47224 5.84277 5.85103 5.78747 6.04335 5.95138 6.31499 6.55851 6.66306 6.48599 6.53567 6.58193 6.47783 7.09200 7.14944 7.29359 7.16384 6.23396 7.98209 7.16938 7.10230 7.42774 7.22786 7.56399 9.05887 9.24234 9.19309 8.63888 8.31268 8.50724 7.93326 5.08429
4.72265 4.06285 4.31213 4.57149 5.48222 5.35884 4.93673 4.44884 3.87497 3.43457 3.32512 4.40681 5.37388 6.60621 6.73799 8.06243 8.14955 7.60023 7.84520 7.46058 7.01284 6.69195 6.31922 4.84795 4.73549 4.82978 5.02788 4.88531 4.01659 3.39688 3.05766 3.36948 3.40134 3.38354 3.37224 3.19785 3.28092 3.58180 4.70365 7.02946 6.99624 6.24040 6.32640 5.63823 5.55030 6.37275 6.40802 6.71708 6.53501 6.36896 6.17776 6.17548 6.00582 6.53308 6.75783 6.86624 7.18187 8.30564 7.52617 7.33480 7.21001 7.21347 6.95744 7.10996 8.24485 8.12313 8.16515 7.97680 7.50669 7.58309 7.18330 6.41603
6.27903 7.91955 12.82440 20.89210 22.82220 18.04670 13.63280 10.76190 9.15855 6.86725 3.85601 5.75862 6.50471 8.88912 7.52197 8.60339 8.73430 7.45148 7.00798 7.28575 7.27262 6.44229 6.23051 6.84978 6.83216 6.06358 5.42898 4.03413 3.60736 3.52231 3.76046 4.60578 4.62567 4.99621 5.19119 4.64958 4.16651 3.74000 3.65254 5.00460 6.11514 7.50454 7.84361 8.03854 8.83306 9.42156 9.80242 7.07390 6.47153 6.93119 6.64999 6.78400 7.03718 7.06325 6.88776 7.18073 7.24958 7.30450 7.03587 6.46823 6.27040 5.98255 5.76001 6.94394 6.77406 7.07690 7.04478 6.93869 6.65026 6.29178 6.28887 6.33625
11.15330 8.79543 12.03280 17.26920 17.58140 16.00680 15.46510 15.37800 14.98480 13.17430 11.38130 11.02290 8.82409 7.35334 6.33745 8.45121 8.59469 8.71431 6.84492 7.11533 7.23039 6.52460 6.41636 7.33624 7.19149 7.33854 7.14543 6.51777 5.83323 5.97938 6.16611 6.47773 6.70231 7.45192 7.40672 6.76428 6.49388 7.31544 7.39969 7.32449 7.41422 7.39730 7.50292 6.61697 6.48453 8.52082 10.08430 9.20816 8.81682 9.40291 6.98133 7.12165 7.28412 7.04281 8.02526 7.27568 7.38742 7.18007 6.51548 6.32889 6.37363 6.04044 5.84460 5.81851 6.13250 6.26346 6.08027 6.06544 6.10779 5.97790 6.18382 6.19488
12.48780 10.50040 9.27027 7.28273 8.28936 13.72120 14.71840 15.05380 14.12410 16.93420 17.16440 18.14450 14.97230 12.68670 8.20850 7.47625 8.08969 8.27411 10.11850 9.23458 9.39112 5.44174 5.53680 6.56632 6.44883 7.16913 7.44860 6.43895 6.98606 6.27579 6.85200 6.53032 6.97903 7.87561 8.43264 8.36217 7.85586 9.82476 9.73626 9.47984 9.79602 10.33500 10.88230 10.84080 9.94478 8.23986 7.28044 7.09455 7.62209 8.68223 8.95835 6.85870 6.77422 7.20567 7.24743 6.33417 6.25425 6.51756 6.94526 6.77917 6.57245 5.79889 5.16519 5.20888 4.77200 5.17871 4.95114 5.27282 5.68247 5.45719 5.80432 6.02542
10.41630 13.26860 11.84460 13.88000 16.24270 15.48390 13.02620 12.40700 12.98590 14.76780 16.45450 16.65820 10.01870 8.21560 7.29223 7.29371 7.10631 7.22741 8.01872 7.75745 7.42304 6.65856 8.44211 6.72954 6.04434 6.79145 7.06816 6.53088 6.30062 5.91313 6.03467 6.09363 6.46590 6.60536 7.66119 8.69431 10.28530 9.57483 10.81260 9.96002 10.20740 10.52170 11.01560 11.55290 10.60110 9.75106 8.76210 7.88450 7.22869 6.70241 9.93964 10.75710 7.03405 7.41615 7.25502 6.57119 6.31710 6.55921 6.71908 6.36592 5.91394 5.76764 5.70359 5.32142 4.97157 4.62750 4.48334 4.93235 5.02413 5.15335 5.50850 5.89637
20.87390 17.43640 36.62360 52.42810 55.94380 54.03530 44.97000 30.60010 31.39080 15.63580 7.59921 7.34889 8.31532 8.88407 8.25333 9.44123 7.56418 7.80872 8.54940 8.97996 8.91286 7.04626 6.92109 6.66658 7.06642 7.32219 7.55126 6.31402 5.97489 5.72882 5.69127 5.32749 5.40193 6.16457 6.96796 7.78195 8.60504 9.70774 9.72588 10.79790 11.84510 12.19130 11.82550 11.41350 12.28820 11.01150 9.33154 9.15201 8.61199 7.77013 7.29621 9.73071 7.54308 7.63003 7.32648 7.11785 6.81719 6.61421 6.53234 6.50841 6.45612 6.23762 5.80845 5.16685 4.81229 4.48041 4.13736 4.32926 4.88496 5.31576 5.76514 5.80328
24.51940 27.30360 29.42110 37.00160 36.57270 41.18030 44.31700 36.04090 55.08800 55.77630 53.04610 32.81520 13.11040 7.60711 8.09972 11.48260 11.42910 9.97061 10.99670 10.66550 10.45670 6.94058 6.05724 6.22958 6.19976 6.31543 6.31628 6.29014 5.88780 5.59573 5.33589 5.64429 5.97036 5.83770 6.13468 7.00906 7.78977 7.95428 9.45993 11.23520 11.59600 11.77230 13.12740 14.75740 14.19680 11.52330 10.81700 11.10630 10.17950 9.55372 8.70501 10.19720 7.92309 6.85189 7.62838 7.11351 6.93710 6.72881 6.50647 6.38584 6.00065 6.13814 5.81012 5.21868 4.89464 4.56369 4.23032 5.09626 6.05487 6.51218 5.93733 5.85039
25.76210 20.89180 28.63060 53.84530 27.97740 22.15720 19.95290 15.16450 14.08690 12.76710 23.79810 19.25510 29.42380 19.94420 8.30718 11.50570 10.76530 11.63390 13.17410 12.81510 10.30530 6.68988 6.36133 6.42620 6.25902 6.07956 6.09931 5.76274 5.44177 5.16295 5.32397 5.65798 5.97875 6.04566 6.75819 7.07983 7.29588 8.46616 9.06863 10.74500 12.69470 13.49040 13.14090 16.08340 16.56740 14.09900 15.85510 14.28980 13.52230 10.74670 9.01155 11.40970 7.37424 6.41459 7.58604 7.06408 6.63458 5.20139 4.92463 5.06689 4.95993 4.89527 5.65155 5.58043 5.52392 5.31238 5.36499 5.28899 5.55950 6.68620 7.30429 7.05593
35.93960 40.24100 65.79350 52.03490 32.30880 13.76670 11.46420 7.93210 8.28992 26.18550 66.85660 50.56920 44.73380 38.04140 31.07120 24.88510 21.42540 15.94380 16.52240 14.82930 12.36820 10.55030 8.97290 8.65303 6.27288 6.01494 5.94757 5.59024 5.20256 4.82866 5.13474 5.47013 5.78780 5.44013 6.30559 7.07853 7.34365 7.30090 8.52844 9.35376 17.08950 12.46170 15.70920 16.36120 18.76510 16.43440 16.11510 16.20700 14.43210 12.19320 11.46140 10.47540 7.68949 8.50402 8.04517 7.30895 8.28585 7.72983 7.77953 7.99827 7.12067 5.91023 5.19849 5.76676 5.89438 6.05672 6.05491 6.02942 6.07916 7.25377 8.51690 6.81353
18.48140 19.22900 23.46380 31.63100 37.30060 34.60990 15.38300 9.91040 6.63693 12.95780 28.11340 146.77600 126.28200 148.06799 70.49880 43.62900 33.63190 25.87070 28.91690 19.49690 16.25270 14.44990 12.22290 9.62158 9.07474 9.65399 8.48965 7.25759 6.51035 5.52915 5.58098 5.62164 6.37738 6.06338 6.02465 6.78806 7.04047 8.03843 9.98830 9.67939 14.88510 11.30940 13.64400 16.06630 14.83260 12.74630 11.29690 11.71360 12.22170 13.33470 12.46020 13.77390 9.51253 9.65577 9.59535 8.07356 7.56846 7.37036 7.93753 7.07708 6.74068 7.77388 7.04232 7.35074 7.00850 7.81180 6.75926 6.28356 6.38147 7.11079 8.67101 9.35148
14.43560 29.85960 226.83800 -9999 498.31601 205.20300 69.08160 38.02010 13.26460 17.03990 18.68180 19.55120 18.59070 14.11590 41.01200 396.40601 672.71198 394.17001 284.84601 87.15120 31.43160 19.20490 13.28110 11.86450 10.50580 10.25210 9.03047 7.71563 6.29500 6.04837 5.64586 5.78838 5.92827 5.53018 6.05830 7.19648 7.67608 7.93723 10.31700 10.93050 9.32894 9.72103 11.01030 11.75360 10.82170 10.26650 10.63910 10.56620 11.19370 13.33710 13.45630 13.62990 10.46940 11.09440 10.30420 8.67149 8.08119 7.98843 7.42343 6.69219 6.22606 6.72202 6.40472 6.46186 6.51490 7.19011 7.23961 7.72962 9.13247 9.13047 9.03096 8.71858
