data/hydroclimate-scenarios/BCSD_hadcm_A1B/monthly_summaries/runoff_monthly_tot_jun.2030-2059.asc
ncols	311
nrows	91
xllcenter	102.75
yllcenter	31.75
cellsize	0.5
NODATA_value	-9999
[rows 0 to 31 of 91, columns 0 to 71 of 311]
-9999 -9999 -9999 -9999 -9999 -9999 -9999 -9999 -9999 -9999 -9999 -9999 -9999 -9999 -9999 -9999 -9999 -9999 -9999 -9999 -9999 -9999 -9999 -9999 -9999 -9999 -9999 -9999 -9999 -9999 -9999 -9999 -9999 -9999 -9999 -9999 -9999 -9999 -9999 -9999 -9999 -9999 -9999 -9999 -9999 -9999 -9999 -9999 -9999 -9999 -9999 -9999 -9999 -9999 -9999 -9999 -9999 -9999 -9999 -9999 -9999 -9999 -9999 -9999 -9999 -9999 -9999 -9999 -9999 -9999 -9999 -9999
-9999 -9999 -9999 -9999 -9999 -9999 -9999 -9999 -9999 -9999 -9999 -9999 -9999 -9999 -9999 -9999 -9999 -9999 -9999 -9999 -9999 -9999 -9999 -9999 -9999 -9999 -9999 -9999 -9999 -9999 -9999 -9999 -9999 -9999 -9999 -9999 -9999 -9999 -9999 -9999 -9999 -9999 -9999 -9999 -9999 -9999 -9999 -9999 -9999 -9999 -9999 -9999 -9999 -9999 -9999 -9999 -9999 -9999 -9999 -9999 -9999 -9999 -9999 -9999 -9999 -9999 -9999 -9999 -9999 -9999 -9999 -9999
-9999 -9999 -9999 -9999 -9999 -9999 -9999 -9999 -9999 -9999 -9999 -9999 -9999 -9999 -9999 -9999 -9999 -9999 -9999 -9999 -9999 -9999 -9999 -9999 -9999 -9999 -9999 -9999 -9999 -9999 -9999 -9999 -9999 -9999 -9999 -9999 -9999 -9999 -9999 -9999 -9999 -9999 -9999 -9999 -9999 -9999 -9999 -9999 -9999 -9999 -9999 -9999 -9999 -9999 -9999 -9999 -9999 -9999 -9999 -9999 -9999 -9999 -9999 -9999 -9999 -9999 -9999 -9999 -9999 -9999 -9999 -9999
-9999 -9999 -9999 -9999 -9999 -9999 -9999 -9999 -9999 -9999 -9999 -9999 -9999 -9999 -9999 -9999 -9999 -9999 -9999 -9999 -9999 -9999 -9999 -9999 -9999 -9999 -9999 -9999 -9999 -9999 -9999 -9999 -9999 -9999 -9999 -9999 -9999 -9999 -9999 -9999 -9999 -9999 -9999 -9999 -9999 -9999 -9999 -9999 -9999 -9999 -9999 -9999 -9999 -9999 -9999 -9999 -9999 -9999 -9999 -9999 -9999 -9999 -9999 -9999 -9999 -9999 -9999 -9999 -9999 -9999 -9999 -9999
-9999 -9999 -9999 -9999 -9999 -9999 -9999 -9999 -9999 -9999 -9999 -9999 -9999 -9999 -9999 -9999 -9999 -9999 -9999 -9999 -9999 -9999 -9999 -9999 -9999 -9999 -9999 -9999 -9999 -9999 -9999 -9999 -9999 -9999 -9999 -9999 -9999 -9999 -9999 -9999 -9999 -9999 -9999 -9999 -9999 -9999 -9999 -9999 -9999 -9999 -9999 -9999 -9999 -9999 -9999 -9999 -9999 -9999 -9999 -9999 -9999 -9999 -9999 -9999 -9999 -9999 -9999 -9999 -9999 -9999 -9999 -9999
-9999 -9999 -9999 -9999 -9999 -9999 -9999 -9999 -9999 -9999 -9999 -9999 -9999 -9999 -9999 -9999 -9999 -9999 -9999 -9999 -9999 -9999 -9999 -9999 -9999 -9999 -9999 -9999 -9999 -9999 -9999 -9999 -9999 -9999 -9999 -9999 -9999 -9999 -9999 -9999 -9999 -9999 -9999 -9999 -9999 -9999 -9999 -9999 -9999 -9999 -9999 -9999 -9999 -9999 -9999 -9999 -9999 -9999 -9999 -9999 -9999 -9999 -9999 -9999 -9999 -9999 -9999 -9999 -9999 -9999 -9999 -9999
-9999 -9999 -9999 -9999 -9999 -9999 -9999 -9999 -9999 -9999 -9999 -9999 -9999 -9999 -9999 -9999 -9999 -9999 -9999 -9999 -9999 -9999 -9999 -9999 -9999 -9999 -9999 -9999 -9999 -9999 -9999 -9999 -9999 -9999 -9999 -9999 -9999 -9999 -9999 -9999 -9999 -9999 -9999 -9999 -9999 -9999 -9999 -9999 -9999 -9999 -9999 -9999 -9999 -9999 -9999 -9999 -9999 -9999 -9999 -9999 -9999 -9999 -9999 -9999 -9999 -9999 -9999 -9999 -9999 -9999 -9999 -9999
-9999 -9999 -9999 -9999 -9999 -9999 -9999 -9999 -9999 -9999 -9999 -9999 -9999 -9999 -9999 -9999 -9999 -9999 -9999 -9999 -9999 -9999 -9999 -9999 -9999 -9999 -9999 -9999 -9999 -9999 -9999 -9999 -9999 -9999 -9999 -9999 -9999 -9999 -9999 -9999 -9999 -9999 11.14860 13.57070 13.16700 12.71400 12.12390 11.67970 9.77506 8.89347 8.42367 10.22180 -9999 -9999 -9999 -9999 -9999 -9999 -9999 -9999 -9999 -9999 -9999 -9999 -9999 -9999 -9999 -9999 -9999 -9999 -9999 -9999
-9999 -9999 -9999 -9999 -9999 -9999 -9999 -9999 -9999 -9999 -9999 -9999 -9999 -9999 -9999 -9999 -9999 -9999 -9999 -9999 -9999 -9999 -9999 -9999 -9999 -9999 -9999 -9999 -9999 -9999 -9999 -9999 -9999 -9999 -9999 -9999 -9999 -9999 15.29040 18.04630 15.84270 14.29210 13.98010 15.63600 14.40990 13.49300 11.77820 9.93533 9.85547 9.77094 9.21254 16.72420 17.02490 8.25570 -9999 -9999 -9999 -9999 -9999 -9999 -9999 -9999 -9999 -9999 -9999 -9999 -9999 -9999 -9999 -9999 -9999 -9999
-9999 -9999 -9999 -9999 -9999 -9999 -9999 -9999 -9999 -9999 -9999 -9999 -9999 -9999 -9999 -9999 -9999 -9999 -9999 -9999 -9999 -9999 -9999 -9999 -9999 -9999 -9999 -9999 -9999 -9999 -9999 -9999 -9999 -9999 -9999 -9999 -9999 -9999 -9999 -9999 11.46990 12.01120 14.32250 19.36510 17.65090 19.52490 16.08430 10.11070 9.15132 10.39930 9.85819 11.91490 11.61590 5.47402 -9999 -9999 -9999 -9999 -9999 -9999 -9999 -9999 -9999 -9999 -9999 -9999 -9999 -9999 -9999 -9999 -9999 -9999
-9999 -9999 -9999 -9999 -9999 -9999 -9999 -9999 -9999 -9999 -9999 -9999 -9999 -9999 -9999 -9999 -9999 -9999 -9999 -9999 -9999 -9999 -9999 -9999 -9999 -9999 -9999 -9999 -9999 -9999 -9999 -9999 -9999 -9999 -9999 -9999 -9999 -9999 -9999 -9999 -9999 -9999 -9999 -9999 26.77470 25.85330 30.04110 29.22940 26.13540 21.26520 21.06000 16.49870 10.40610 5.96389 -9999 -9999 -9999 -9999 -9999 -9999 4.84658 -9999 -9999 -9999 -9999 -9999 -9999 -9999 -9999 -9999 -9999 -9999
-9999 -9999 -9999 -9999 -9999 -9999 -9999 -9999 -9999 -9999 -9999 -9999 -9999 -9999 -9999 -9999 -9999 -9999 -9999 -9999 -9999 -9999 -9999 -9999 -9999 -9999 -9999 -9999 -9999 -9999 -9999 -9999 -9999 -9999 -9999 -9999 -9999 -9999 -9999 -9999 -9999 16.91610 16.80070 31.54050 30.97370 23.48110 26.76900 28.86490 24.55220 20.81830 22.60750 16.18430 10.34420 7.34808 -9999 -9999 -9999 -9999 -9999 4.68126 4.25668 4.03980 3.80151 2.78548 2.78825 3.18113 3.11513 3.16071 2.94377 2.48650 2.50128 2.70391
-9999 -9999 -9999 -9999 -9999 -9999 -9999 -9999 -9999 -9999 -9999 -9999 -9999 -9999 -9999 -9999 -9999 -9999 -9999 -9999 -9999 -9999 -9999 -9999 -9999 -9999 -9999 -9999 -9999 -9999 -9999 -9999 -9999 -9999 -9999 -9999 -9999 -9999 -9999 -9999 -9999 16.79260 18.11350 30.64050 24.55360 28.80940 30.18450 28.26560 25.58200 22.70740 22.31010 24.08390 18.54510 12.30840 8.77640 9.58576 5.08688 -9999 3.01361 4.34809 3.90102 4.06939 3.71105 3.41946 3.42815 3.47658 3.12776 3.23688 2.96788 3.06559 3.09569 3.09479
-9999 -9999 -9999 -9999 -9999 -9999 -9999 -9999 -9999 -9999 -9999 -9999 -9999 -9999 -9999 -9999 -9999 -9999 -9999 -9999 -9999 -9999 -9999 -9999 -9999 -9999 -9999 -9999 -9999 -9999 -9999 -9999 -9999 -9999 -9999 22.58550 20.94490 22.52130 22.71870 12.52220 12.09780 11.02730 12.19100 22.23970 23.13030 26.93180 23.35020 21.30280 23.30870 27.44000 29.53700 26.53180 28.08440 17.73400 13.15000 15.52190 7.94399 4.83999 3.24485 4.13678 3.76022 3.98458 3.75701 4.43192 4.06365 3.40996 3.50693 3.74712 3.39869 2.72316 2.80337 2.57854
-9999 -9999 -9999 -9999 -9999 -9999 -9999 -9999 -9999 -9999 -9999 -9999 -9999 -9999 -9999 -9999 -9999 -9999 -9999 -9999 -9999 -9999 -9999 -9999 -9999 -9999 -9999 -9999 -9999 -9999 -9999 -9999 -9999 -9999 15.66890 20.51760 19.43190 19.08350 17.66530 12.54330 12.40280 8.02345 8.62259 15.19090 16.01310 13.28160 12.64180 12.56130 19.47980 23.87070 24.94740 32.15880 37.72060 29.00450 23.32680 11.79100 7.53826 5.20204 4.07325 3.68949 3.68180 4.34353 4.43911 4.62155 3.71418 3.72110 3.89648 4.67714 5.84459 4.48162 5.31524 5.35191
-9999 -9999 -9999 -9999 -9999 -9999 -9999 -9999 -9999 -9999 -9999 -9999 -9999 -9999 -9999 -9999 -9999 -9999 -9999 -9999 -9999 -9999 -9999 -9999 -9999 -9999 -9999 -9999 -9999 -9999 -9999 -9999 -9999 13.28960 13.97530 14.20530 14.52840 14.69460 14.03190 9.59909 11.94100 9.80653 13.37200 18.60000 10.63690 11.49040 13.49650 12.72800 22.60500 29.30260 32.41180 45.40320 33.13400 27.13310 16.62950 9.32964 7.84926 5.36384 4.27142 4.22162 4.63601 4.14144 3.69143 3.49963 3.68975 4.16550 4.44381 5.33538 5.67551 4.76168 5.12322 4.93995
-9999 -9999 -9999 -9999 -9999 -9999 -9999 -9999 -9999 -9999 -9999 -9999 -9999 -9999 -9999 -9999 -9999 -9999 -9999 -9999 -9999 -9999 -9999 -9999 -9999 -9999 -9999 -9999 -9999 -9999 -9999 10.91540 9.77775 10.94600 11.89140 13.36730 12.53680 11.94390 11.81100 9.54977 12.64850 9.94242 17.34200 13.34760 11.04030 11.97760 13.22370 9.30353 12.38830 14.69990 19.63560 29.65690 26.73820 25.40040 19.75740 8.91627 6.15355 5.64354 6.06892 4.66165 3.97675 3.59238 3.56201 2.86770 3.24753 3.80877 3.90105 3.60072 3.75973 4.76264 5.30854 5.01634
-9999 -9999 -9999 -9999 -9999 -9999 -9999 -9999 -9999 -9999 -9999 -9999 -9999 -9999 -9999 -9999 -9999 -9999 -9999 -9999 -9999 -9999 -9999 -9999 -9999 -9999 -9999 -9999 -9999 6.61084 6.23624 9.81994 10.51620 10.34520 9.47651 8.63390 9.33350 12.97460 11.73270 8.79629 7.85930 9.46977 9.15975 8.87598 9.52361 10.39120 11.06300 10.08170 18.80750 19.70910 20.89410 28.96740 24.54460 21.30800 20.04880 10.78660 7.29296 6.69255 5.58322 3.86102 3.60314 3.63233 3.54672 3.36880 3.22072 3.52371 4.01743 4.58546 4.98613 4.91336 4.66324 4.97214
-9999 -9999 -9999 -9999 -9999 -9999 -9999 -9999 -9999 -9999 -9999 -9999 -9999 -9999 -9999 -9999 -9999 -9999 -9999 -9999 -9999 -9999 -9999 -9999 11.14470 9.06222 8.07190 7.94230 7.81255 7.59292 8.93587 7.08180 8.42897 9.14253 9.39464 10.28050 13.71440 15.71000 16.67580 12.45370 12.04030 10.47740 8.39441 7.75687 7.78909 7.35370 6.91462 10.77080 18.40070 21.72870 19.43180 38.22140 30.58220 15.96040 9.89494 6.53197 5.20646 4.78785 4.55028 3.74533 3.06258 2.67297 2.45013 2.28570 2.36370 3.33962 3.35984 3.51751 4.01300 4.58289 7.68267 8.78114
-9999 -9999 -9999 -9999 -9999 -9999 15.65360 17.50540 20.04860 20.06690 17.06290 -9999 -9999 -9999 -9999 -9999 -9999 -9999 -9999 -9999 -9999 11.50060 12.25560 11.15380 11.52450 9.38960 7.84784 8.59347 8.95796 8.54890 7.97957 7.71389 8.06869 8.45765 8.87234 9.24519 10.58180 11.95450 13.88670 8.03600 8.89479 10.81090 10.62100 7.26107 6.91178 6.57254 6.66006 8.95673 16.28700 18.80960 21.31030 28.85410 28.85220 17.55880 8.47850 5.89810 5.46128 5.01979 3.89398 3.52614 3.39468 2.92278 3.20497 3.15803 3.51524 3.33177 3.07202 3.96409 4.32217 4.57138 5.00050 7.17018
-9999 -9999 -9999 -9999 -9999 18.44210 19.48450 29.96190 22.28280 23.73830 21.75920 22.95620 19.61830 20.44110 -9999 -9999 -9999 18.96120 17.90870 12.56050 10.99610 13.47830 12.06250 8.86609 10.62680 10.02160 8.66355 7.48241 7.59928 7.37580 7.67731 7.57388 7.85711 7.72701 6.84090 7.60021 9.16231 9.42165 7.96968 6.32926 6.82199 8.78177 10.46590 8.36575 8.05017 8.06090 10.12950 13.67820 17.55190 17.87190 18.52870 18.96030 16.56990 8.81602 7.48773 5.76642 5.91550 4.84510 3.47346 3.32842 2.89280 3.10144 2.79003 2.72211 3.53733 4.91298 4.55993 5.81401 5.18022 5.58785 5.55156 7.19833
-9999 18.28800 17.32670 13.63300 14.08310 17.03270 19.39200 21.93580 24.30020 19.35180 22.03550 20.46620 21.59500 17.11050 14.79160 17.90840 13.01820 16.96670 18.77320 10.43270 9.25139 9.63538 9.44839 8.48251 7.74389 9.18662 9.06418 8.13168 7.97410 7.42502 6.29639 5.77780 5.42544 5.97007 6.27713 6.93849 6.92809 7.50743 6.28615 5.69669 6.02675 6.63020 7.99198 6.59215 6.83621 7.91872 8.20650 9.16209 11.30480 13.43390 14.66460 19.69420 15.35370 12.70380 10.35690 8.41905 6.95357 4.70961 4.54823 3.95557 3.29982 3.48883 4.19769 3.95492 4.72669 4.98174 4.23705 6.40212 5.68824 6.89538 9.68120 14.28100
-9999 24.94930 23.68270 21.87560 21.66560 19.70590 14.25200 12.88430 11.73970 13.71360 18.51480 21.61560 22.69910 20.55490 19.96750 18.02180 21.12480 16.99750 14.17040 14.26810 13.31090 10.11370 12.03910 8.22699 7.53363 7.32290 7.05526 7.23281 7.09626 7.07439 6.35234 5.95889 5.79424 5.93186 6.04184 5.60803 5.60573 6.05048 6.01218 5.62254 5.69433 5.72171 5.86702 6.15013 6.08065 5.74175 6.57040 7.23256 8.46033 10.02660 9.93201 14.09500 12.48410 17.79040 13.98420 10.08770 9.13371 8.84339 7.40327 5.88117 5.89888 5.77042 5.94791 5.15259 6.24170 6.35087 6.50160 5.77996 6.20127 6.14155 6.14269 7.46862
-9999 -9999 -9999 19.73410 23.57790 19.40410 16.93300 14.73690 13.45790 13.75410 19.15980 19.19180 18.79310 17.51330 17.33290 16.07130 19.02450 15.15610 15.48380 16.52900 17.64610 14.96120 13.23310 9.23625 7.83393 7.33629 6.81725 6.63077 6.08940 5.97470 5.53149 5.46238 5.43999 5.14901 5.41908 5.47746 5.11091 5.39971 5.50881 5.54939 5.58175 5.88285 6.54857 6.10414 6.15749 5.87056 6.52802 7.04127 7.53471 8.08508 9.29527 11.26420 12.26540 15.57940 12.19550 12.07250 9.69422 8.59531 8.62876 6.85358 6.47590 7.07613 6.79341 7.27840 6.57168 6.47662 6.29005 6.88534 7.65535 7.65446 7.87418 8.66170
-9999 -9999 -9999 -9999 -9999 -9999 16.76090 18.03780 19.20940 16.44620 17.52130 19.11100 17.29010 14.72570 13.48790 13.89690 13.34230 14.60100 11.69170 10.75490 11.26430 10.98980 9.40900 8.08558 7.33106 7.21912 6.45666 6.50923 6.80100 6.17754 5.79327 5.36520 5.67332 6.02978 5.50790 5.17907 5.65417 5.58138 6.10267 6.24058 6.48355 5.90430 6.16511 5.75858 6.29358 6.97558 7.04892 8.12111 8.16234 8.73170 10.25950 13.88860 14.10780 10.41010 11.60470 12.00630 11.40370 11.94970 11.88330 8.54416 8.11886 7.72589 7.17044 6.98412 7.22125 7.36417 6.22659 7.99923 9.67782 8.91216 9.26448 9.02088
-9999 -9999 -9999 -9999 -9999 -9999 16.65220 17.34720 13.23080 18.71080 15.84640 14.53040 13.38190 11.13710 11.44130 12.31650 11.81380 11.24830 10.78520 10.79150 10.43110 9.48181 9.32689 8.36123 7.55238 6.66679 6.05851 6.23035 7.24018 7.48133 6.85029 6.08062 5.59330 6.10873 5.95303 5.29854 5.28011 5.60565 5.65308 5.74104 5.95962 6.00691 6.43128 6.11882 6.11228 6.36707 6.86239 6.51293 7.06465 7.65756 8.64053 9.00192 9.18703 9.33321 9.15194 8.10287 8.46236 9.74492 8.95246 8.59366 10.61130 9.62166 9.56806 7.35021 7.67666 6.39459 6.69044 7.46132 7.89598 8.18951 9.69322 10.90960
-9999 -9999 -9999 -9999 -9999 -9999 -9999 -9999 -9999 -9999 9.57530 12.28730 11.30390 7.78789 8.22770 8.32884 8.56567 9.36255 8.34581 8.19570 8.32585 8.59108 8.53326 8.69710 7.95505 7.82104 7.27684 6.08605 5.87240 6.52861 6.01652 6.40144 6.13120 6.18105 6.07357 5.36141 5.49149 5.39234 5.29644 5.61747 5.77593 5.87397 5.38848 6.35476 6.37117 6.40494 6.68114 6.13703 6.65645 6.86526 6.79638 7.18192 7.28665 7.42705 7.17557 7.16641 7.29039 7.35166 7.43071 8.23923 7.23861 6.88263 7.07585 6.67771 7.12844 7.09367 7.28529 6.67489 8.01418 8.24318 8.48870 13.86440
-9999 -9999 -9999 -9999 -9999 -9999 -9999 -9999 -9999 -9999 6.80783 6.74923 8.17907 7.06624 7.98789 8.19054 8.53480 8.49383 9.43377 9.32633 9.24455 9.50826 9.07626 9.07834 8.33435 7.35759 6.64071 6.22939 5.72271 6.26739 6.07112 6.33802 6.67251 6.04180 6.04541 5.85290 5.21817 4.67289 4.96032 5.15377 5.13266 5.54469 5.67979 5.74766 5.74790 5.83797 5.90019 5.44150 5.44790 6.25606 6.31217 6.93116 6.86456 6.69237 6.30391 6.17414 6.31713 6.87641 6.58858 6.89857 6.53077 6.11409 5.73565 6.54541 5.83313 6.12321 6.29271 5.31461 6.02131 7.96615 9.01986 11.46880
-9999 -9999 -9999 -9999 -9999 -9999 -9999 -9999 -9999 -9999 -9999 -9999 6.79485 7.39242 8.05489 8.34539 7.22671 7.17725 8.01844 8.02587 7.85867 7.70616 6.99214 7.82915 7.70737 6.65646 6.35638 6.04120 5.67359 5.39938 5.83215 6.11656 5.95376 5.10194 4.89670 4.29974 4.30587 5.05796 5.17328 5.11107 5.11179 5.36748 5.63411 5.66474 5.63031 5.35419 5.55980 5.29686 5.39114 5.65563 6.67654 6.93909 6.24903 6.29728 5.62033 6.16132 6.68219 7.04618 6.93896 6.79339 6.61134 5.92733 5.47153 6.20058 5.54931 5.62086 5.96229 5.16780 5.92364 6.08619 9.23561 13.45790
-9999 -9999 -9999 -9999 -9999 -9999 -9999 -9999 -9999 -9999 -9999 -9999 6.68208 6.74864 7.37060 8.10486 7.96423 8.52833 8.69235 8.28735 7.29273 7.47134 7.27738 7.56694 8.09725 7.08186 6.62868 5.85908 5.62130 5.37094 5.01561 5.71714 5.43465 5.24024 5.38799 4.58449 4.75462 5.98426 5.89884 5.43097 5.42957 5.61551 5.70465 5.72779 5.68124 6.06102 6.19334 6.52795 6.31868 7.10939 7.49675 6.86200 6.35753 5.79763 5.78964 6.42286 6.78398 6.98149 6.99955 6.57660 6.11269 5.46703 5.37812 5.97730 6.02520 6.00128 5.81999 6.31768 6.87179 9.13651 9.84983 10.50090
-9999 -9999 -9999 -9999 -9999 -9999 -9999 -9999 -9999 -9999 -9999 6.85468 7.31305 7.02172 7.29242 8.36623 7.73210 6.17147 6.96641 6.89641 6.16813 8.41194 7.64889 7.34682 7.36608 7.65314 7.35111 6.57469 5.65248 5.22893 4.80643 4.93138 4.99058 4.94603 4.92011 4.54187 4.86748 5.65162 5.99057 6.38024 6.43917 6.11165 6.21066 5.87342 5.60029 5.21325 5.38288 6.49353 6.77528 6.68774 6.62009 6.40679 6.13820 6.08091 5.51868 6.27963 6.56324 6.64982 6.51754 6.29665 6.05312 6.39751 6.39043 6.21899 6.07884 5.40662 5.82090 6.64494 7.98389 9.28325 12.26300 14.96670
-9999 -9999 -9999 -9999 -9999 -9999 -9999 -9999 -9999 -9999 -9999 6.18899 6.58586 6.99211 7.13486 8.05768 6.69507 6.20655 6.25683 7.02011 7.04096 8.12017 8.19848 7.41163 7.11428 7.52214 7.41372 6.83672 6.14393 6.05029 5.54143 5.54622 5.25103 5.29336 5.32216 4.86587 5.09458 5.81765 6.55978 6.40660 6.66273 6.49839 6.95261 6.94011 6.86003 7.04162 6.99989 6.92985 7.09661 6.61361 6.71190 6.49606 6.41852 6.29379 5.98785 7.18170 7.46185 6.67751 6.40849 6.84260 6.53621 6.80306 6.39243 6.26198 5.83910 5.82689 6.65629 6.80338 8.73441 11.29020 12.23810 10.59960
