data/hydroclimate-scenarios/BCSD_hadcm_A1B/monthly_summaries/runoff_monthly_tot_may.2030-2059.asc
ncols	311
nrows	91
xllcenter	102.75
yllcenter	31.75
cellsize	0.5
NODATA_value	-9999
[rows 32 to 63 of 91, columns 0 to 71 of 311]
-9999 -9999 -9999 -9999 -9999 -9999 -9999 -9999 -9999 -9999 -9999 36.96730 38.74300 40.54060 42.33870 46.16220 50.55810 50.39470 43.65480 46.67050 54.69910 53.27680 48.54930 46.22890 41.41680 39.93820 36.73650 32.39910 28.10320 20.89600 20.65750 18.29510 18.18290 18.83810 21.34410 19.53700 23.42780 26.66400 31.47100 36.57760 37.60800 39.66240 41.11130 41.01050 39.92470 39.12920 40.55360 41.72980 41.48180 38.67720 35.69560 33.92590 32.02500 35.31330 32.08400 30.14380 27.74730 25.76260 23.99210 27.60240 27.57350 26.27440 25.89370 21.49630 20.97560 24.43130 29.51060 31.22390 34.34670 35.42020 32.83600 32.70590
-9999 -9999 -9999 -9999 -9999 -9999 -9999 -9999 -9999 -9999 -9999 42.45810 43.36940 41.20640 42.46260 45.63420 46.79790 50.23280 53.72900 53.80710 54.30520 51.40580 46.52090 43.57660 41.89980 38.70250 35.65550 31.90580 26.01560 19.54560 17.26620 16.86860 18.71720 18.43150 21.38530 17.63820 24.15500 28.88460 32.19510 40.89300 41.17420 48.65440 46.82530 46.89730 50.13200 49.91800 50.79070 47.81290 46.12690 42.23340 38.98760 34.41420 31.60910 31.36760 27.25130 28.04970 28.18250 26.79210 27.06310 30.04480 29.77140 28.42580 24.94480 24.76090 27.81220 32.76630 32.04900 31.00510 33.01400 37.00310 35.44710 41.10630
-9999 -9999 -9999 -9999 -9999 -9999 -9999 -9999 -9999 -9999 -9999 -9999 40.39270 38.35810 37.93870 41.56430 46.48710 48.34400 49.22880 50.29440 50.67180 44.43470 43.30700 45.68750 41.06930 39.20830 35.03460 32.14070 25.31290 21.72700 20.97160 15.78600 16.86900 17.85920 17.80010 19.17740 25.52890 30.05500 33.44300 37.58380 43.20260 47.00520 51.17090 50.53790 53.73650 56.89890 55.58180 50.32230 47.56730 45.03960 38.36810 40.04040 38.15610 30.27480 25.09660 22.46390 21.61550 25.21600 26.61850 22.76590 19.72380 21.58340 23.15600 27.80390 27.92460 29.02330 29.91460 34.20970 39.83260 39.71710 36.94120 41.68950
-9999 -9999 -9999 -9999 -9999 -9999 -9999 -9999 -9999 -9999 -9999 -9999 34.18830 33.58060 38.41940 38.77020 39.32290 42.43460 43.73630 44.10670 45.75880 51.61170 49.73030 45.83320 44.32190 34.98280 28.00980 29.55760 22.31170 20.96250 20.96390 20.02940 11.75720 11.13380 13.26920 14.43900 17.72140 23.76960 27.60870 33.17010 40.79580 44.26980 47.64180 55.60980 56.23120 58.75380 57.36760 52.19240 46.11370 46.40660 42.48550 33.91860 30.95130 24.79820 21.69600 20.18880 17.48840 19.90240 21.67210 23.97230 22.35150 29.36050 32.82240 33.75540 31.23000 25.27240 29.95910 32.42520 37.30580 40.52380 45.71470 45.32560
-9999 -9999 -9999 -9999 -9999 -9999 -9999 -9999 -9999 -9999 -9999 -9999 34.28160 28.45300 28.16860 34.01310 37.17850 36.34620 39.48980 44.87140 50.99460 51.03470 47.49050 42.82930 36.01080 33.07570 26.70480 19.51990 19.37730 13.97630 11.10860 9.10868 10.84490 12.48760 10.73470 10.96130 12.70610 21.07080 22.71590 28.80750 37.68550 47.86810 49.45050 55.49600 58.04800 61.33300 64.17080 59.46610 54.57450 44.03660 38.53290 36.91470 29.31710 25.62900 22.85710 23.70540 21.16260 22.78260 24.58160 29.50130 27.63610 33.42300 32.19690 26.80400 29.81220 29.72790 32.66500 35.72960 45.23080 45.20190 48.60750 49.39780
-9999 -9999 -9999 32.77030 32.45390 29.81180 27.99570 29.96630 30.55740 -9999 32.48010 35.76970 30.54640 22.40440 22.85310 26.09170 28.81180 26.55230 35.00770 40.69580 42.29530 40.44820 35.07290 32.95390 28.47520 25.26930 19.47820 19.92060 16.19000 15.32810 12.34760 7.36911 7.79177 11.48530 9.78511 8.91304 12.87360 19.98630 22.75080 25.20230 31.48980 41.28350 43.16510 48.00570 57.07050 67.24210 73.24510 55.01010 53.51790 46.83970 40.44780 36.55570 34.54280 35.37240 30.66240 36.50710 37.79210 24.33220 30.33180 23.97630 27.75800 32.84000 31.18830 35.10160 31.36700 31.51710 36.78740 43.43110 45.76560 48.82970 55.31830 55.95080
-9999 -9999 -9999 25.87170 24.73820 25.55290 27.36840 26.22310 26.20530 28.81120 28.72010 25.52440 27.12300 21.99470 24.11860 24.60080 25.15830 24.13170 25.18990 26.81040 25.33770 29.17570 23.82350 21.89340 22.07200 17.93050 16.99680 13.98570 14.50340 15.21710 9.41219 9.65714 10.22040 10.68040 9.64737 12.48980 11.90860 20.86120 18.52320 30.89930 34.95630 38.34950 41.75480 50.35290 57.14710 66.67460 71.66390 57.47180 54.94470 49.74540 48.59120 45.49770 47.03000 40.24380 30.52040 34.04280 28.39810 26.82580 32.34960 30.29670 29.79710 34.26780 35.53270 36.05990 42.10430 34.12230 38.07020 38.30410 46.73160 51.95400 52.57800 53.83740
-9999 -9999 -9999 14.67510 16.36690 19.45530 26.25460 24.54370 20.33590 19.36490 22.20310 23.17400 24.37250 23.15000 26.74920 21.10740 26.59770 21.76530 17.61770 18.31150 19.32970 21.43670 15.67570 19.05230 20.82780 15.13340 14.73860 13.42320 10.45970 14.34980 17.86140 14.77260 10.35430 8.74469 10.47830 10.74130 11.31900 12.04380 12.40310 19.13210 25.22060 33.84430 40.70490 47.79890 49.80070 58.76190 60.99460 52.13140 48.98600 57.19480 56.91800 41.00060 39.37750 34.80440 28.32100 28.95840 26.90540 26.60700 31.44350 32.56670 27.53830 28.41650 31.75840 40.77410 42.61470 44.05290 45.71900 48.32730 52.07810 55.97270 58.55200 56.43660
-9999 -9999 -9999 13.19420 9.02157 19.82160 22.17090 23.40230 19.67090 18.65730 17.55230 14.57900 20.35620 24.07160 25.19320 17.73260 19.79340 19.70630 17.64730 14.55330 15.73620 18.47720 20.62170 18.44710 15.30800 12.62350 9.67770 7.29986 10.97870 15.45630 12.46160 5.60137 8.45433 11.92960 13.69320 13.91960 10.20100 7.57824 11.35610 12.31000 16.21390 29.24370 38.65040 44.83160 40.64370 54.15570 56.85550 45.08570 53.69440 48.93750 51.20670 41.49380 38.86920 34.21300 31.55680 27.31640 25.63860 26.90070 30.61610 33.69320 39.50740 35.77940 38.12600 45.96070 49.24130 51.78820 60.93070 60.51820 65.35600 58.17490 65.17560 60.94790
-9999 -9999 -9999 7.33606 5.81734 14.90890 15.04710 14.91190 18.70370 15.26020 9.64439 15.67140 18.55400 23.00070 25.10130 18.72290 18.71870 16.11080 13.07040 9.22902 11.54340 11.06530 13.64270 10.39130 8.10433 6.87106 5.03202 4.64980 7.63523 11.10320 9.91249 7.60149 8.34323 7.59764 6.98939 8.18465 8.94019 7.45344 7.84657 9.80688 14.32050 23.12630 28.11620 32.37140 31.65000 35.44420 38.14820 36.00940 36.30710 40.10390 38.75610 26.32280 27.88820 33.04040 24.21400 29.69030 22.01720 21.83100 27.38480 43.28030 43.57660 40.43760 42.39080 56.64670 59.01280 55.47450 67.28230 70.56450 74.06580 65.49090 67.53260 -9999
-9999 -9999 -9999 -9999 10.81120 15.75960 14.49140 18.13300 18.18370 14.27630 9.44523 14.07380 25.49220 16.87100 -9999 -9999 -9999 -9999 -9999 14.65240 11.81300 8.36854 9.50748 11.67930 7.85700 5.96177 3.41565 4.55010 5.70914 5.23288 6.02188 6.10187 6.74149 6.05227 4.87659 4.25304 4.69946 4.03604 4.86117 6.16937 6.56754 9.51011 13.10470 18.88370 20.17710 19.32130 23.64910 30.89690 28.60930 22.00060 28.12170 27.97200 22.73170 29.23160 30.29860 32.59410 33.96650 34.01840 31.71970 33.58970 43.21250 47.95250 47.22380 59.89610 65.89150 61.20100 72.44940 68.53660 71.52520 -9999 -9999 -9999
-9999 -9999 6.76596 9.40962 10.71700 9.94765 11.33790 17.96650 11.53510 11.10070 8.14108 12.99680 24.62540 -9999 -9999 -9999 -9999 -9999 19.11360 10.30190 9.26386 5.44695 5.26273 6.41902 5.80453 5.07118 3.07264 3.71342 4.10553 3.96309 4.27860 4.67346 4.65884 5.24299 4.87472 3.80700 4.42940 3.98757 4.40183 5.22687 6.22788 7.01415 8.77240 9.04864 8.33595 9.94322 13.38810 13.93470 13.14300 10.62390 11.29340 11.98500 15.53310 12.94440 18.99140 17.23920 22.97370 28.16470 29.83720 23.99930 28.65120 34.36500 38.26100 40.17030 42.41250 44.37970 40.72050 -9999 -9999 -9999 -9999 -9999
-9999 -9999 7.56730 7.87556 6.11064 6.13069 5.85286 10.62250 8.83387 7.66334 10.43660 16.85590 15.15430 -9999 -9999 -9999 -9999 10.23340 14.03990 6.96550 5.83807 4.50265 4.32030 3.77685 3.27694 3.01591 3.18163 3.54697 3.69811 3.42173 3.69609 4.60602 4.16002 4.06536 4.54996 4.11581 4.20182 3.73998 4.85773 6.68227 6.35728 6.54998 7.79635 6.99914 7.68115 7.50370 7.72774 10.40440 8.31274 9.14496 8.53382 8.16364 8.22941 8.56415 8.62684 8.09821 10.17370 17.57020 21.67370 19.45640 18.48210 26.83830 25.65910 28.45630 29.09290 -9999 -9999 -9999 -9999 -9999 67.53080 -9999
-9999 -9999 6.59059 9.28169 7.67460 6.81806 5.91585 6.53461 7.21498 8.22475 12.90760 15.98040 3.83190 -9999 -9999 -9999 -9999 14.05170 10.07550 6.35209 4.87641 3.42837 2.88456 2.90507 3.14434 3.02157 3.61998 3.30737 3.62955 3.43311 3.68034 4.10046 4.20581 4.50413 4.02199 4.27914 4.33615 4.38002 4.84531 5.15073 5.86548 5.36487 6.04218 6.64551 6.48107 7.63700 8.16081 9.17570 8.07549 7.75130 6.87612 7.16235 7.45272 7.90434 8.70856 7.49471 8.57508 13.41130 16.20370 17.53050 10.98630 12.50120 15.72540 21.57260 34.16530 42.78920 26.64400 38.72190 37.77620 -9999 -9999 -9999
-9999 -9999 -9999 8.14803 7.26706 6.03147 4.94260 5.01622 5.72560 8.68634 8.32417 3.78972 -9999 -9999 -9999 -9999 11.44450 10.44560 5.72829 5.14934 4.46378 3.15794 3.31977 3.15665 3.29825 3.16668 3.50779 3.84586 3.88511 4.86907 4.74658 3.86193 3.66575 3.67823 3.66865 3.52083 3.47549 3.63441 4.15611 4.61941 5.46760 5.39986 6.98784 6.44612 6.37612 7.96523 7.36385 6.69342 7.01271 6.54067 7.91616 8.02321 7.61704 9.41141 12.06570 11.92420 11.33140 18.76410 20.66110 17.08520 16.41210 17.66170 29.61120 51.72180 57.14200 37.74960 19.97710 26.01280 22.74200 26.30750 -9999 -9999
-9999 -9999 -9999 -9999 6.31134 5.37384 4.88765 5.67704 7.70338 4.48191 3.80684 -9999 -9999 -9999 -9999 12.70690 9.10220 5.57297 5.12066 4.19024 3.31554 2.92235 3.12027 3.64943 3.74013 2.93705 2.93399 3.32415 3.63102 3.82811 4.02516 3.07506 2.98654 2.97555 3.71701 3.62910 3.66209 3.46346 3.90536 4.56919 5.29936 5.39784 5.54177 5.27358 5.32494 7.51438 9.05003 8.30839 7.71795 7.07525 7.88336 7.56628 8.05843 8.60085 8.68929 7.98923 8.98272 12.81560 14.02220 14.42000 20.54450 27.39720 28.10140 25.89090 38.36260 30.84270 13.42640 13.76390 19.48220 20.45570 22.26750 28.19470
-9999 -9999 -9999 -9999 -9999 -9999 6.21547 5.21236 3.44872 3.13533 2.74993 -9999 -9999 -9999 -9999 -9999 5.14135 4.45875 4.25826 3.94702 3.68574 2.40183 3.36225 3.58207 3.34449 2.57418 2.47392 3.83120 4.02561 3.74796 3.34004 3.28791 3.06365 3.51511 3.45103 3.09514 3.74621 3.95416 3.74282 4.72564 5.19190 6.62070 7.22164 6.49371 7.37533 7.60287 8.15345 9.33076 9.30876 8.16195 8.51684 8.41634 8.68158 8.83198 8.11699 9.91748 8.84988 10.44850 10.86760 13.95250 16.98960 19.19390 24.29830 31.11930 40.42730 31.31230 14.72700 8.78730 10.25380 17.22770 28.11830 31.39190
-9999 -9999 -9999 -9999 -9999 -9999 -9999 -9999 -9999 -9999 -9999 -9999 -9999 -9999 -9999 -9999 -9999 -9999 -9999 3.97779 3.70734 2.52889 2.99280 3.07033 3.06715 2.84553 3.31236 3.29927 3.38746 3.03477 3.20735 2.95719 3.30232 3.41490 3.25096 3.16454 3.35641 3.68597 3.94954 5.09925 5.78480 6.31365 6.59602 6.23543 6.64356 6.62233 6.39724 8.94381 9.17159 9.97815 10.99210 8.32708 7.57859 7.26909 6.64421 6.83577 8.53883 8.94367 9.87942 12.21810 16.83440 15.22840 19.69130 28.76740 32.70990 16.47740 9.62171 7.42726 7.90953 17.47930 29.69790 35.94360
-9999 -9999 -9999 -9999 -9999 -9999 -9999 -9999 -9999 -9999 -9999 -9999 -9999 -9999 -9999 -9999 -9999 -9999 4.14572 4.01438 3.13763 2.91189 2.80325 2.93761 2.77685 2.51125 3.34226 3.05542 2.46535 2.70807 2.79993 2.81403 2.80504 3.02261 3.06349 3.55246 3.64142 3.97589 4.46794 4.85299 5.55472 5.78681 5.98626 6.56240 6.92357 8.25474 6.99862 4.57489 6.49358 7.64994 8.28737 10.69590 11.13950 11.29490 8.28971 6.83543 7.44776 9.63127 10.76210 9.29065 8.78228 9.24366 11.37050 16.83360 18.97420 12.52690 10.10910 7.08447 7.25967 9.44359 16.09360 46.96080
-9999 -9999 -9999 -9999 -9999 -9999 -9999 -9999 -9999 -9999 -9999 -9999 -9999 -9999 -9999 -9999 -9999 3.89694 3.88349 3.19559 3.15477 3.13549 2.85538 3.04573 3.12719 3.05545 3.51671 2.69764 2.64542 3.17048 3.46888 3.18587 2.56825 3.06373 3.33203 3.83988 4.82805 4.27509 4.47279 4.81157 5.68334 6.54184 6.33031 7.03509 6.01831 6.47122 8.45643 7.02395 6.97674 7.71013 7.42663 8.90472 11.54310 11.72000 11.16110 9.99073 7.86817 9.72199 10.68480 9.34255 8.77993 8.65183 15.04270 19.25990 12.88020 11.04490 10.65170 7.61596 8.05725 10.29320 22.68490 26.72750
-9999 -9999 -9999 -9999 -9999 -9999 -9999 -9999 -9999 -9999 -9999 -9999 -9999 -9999 -9999 -9999 -9999 3.67753 3.62756 4.30769 3.87109 4.28732 4.12123 2.83749 2.49944 2.84126 2.46531 2.27500 2.07286 3.12887 3.29651 3.43408 3.43585 3.76197 4.09216 4.24828 4.45520 3.94813 4.71247 4.75055 4.96816 5.22327 6.27378 5.69826 7.82500 7.71668 6.99109 4.79201 4.99707 7.18144 6.55488 8.93081 9.31445 9.18212 10.39740 10.67710 10.56280 10.39800 9.16342 9.15271 10.24560 12.87610 13.68390 14.37710 21.67820 15.94610 11.98710 14.45700 10.11410 12.55510 12.51620 28.77570
-9999 -9999 -9999 -9999 -9999 -9999 -9999 -9999 -9999 -9999 -9999 -9999 -9999 -9999 -9999 -9999 4.17037 4.09754 3.78375 3.95130 3.80785 3.12025 3.27934 2.73726 2.19590 2.30383 2.03408 1.72137 1.83366 2.30805 2.46885 2.35222 3.37903 3.54986 3.97092 4.10697 4.29794 4.78912 4.48620 4.16045 4.25548 4.78795 6.77474 6.61169 5.34916 6.50141 6.61218 5.04996 4.85388 7.41148 7.35929 9.36799 9.65942 9.31311 10.23940 10.60240 10.81310 10.07380 7.85354 10.20950 10.15440 11.20010 15.29960 25.77020 21.83930 17.60020 14.36060 11.74380 10.04360 11.70860 13.02550 23.59060
-9999 -9999 -9999 -9999 -9999 -9999 -9999 -9999 -9999 -9999 -9999 -9999 -9999 3.48034 3.76922 3.26684 3.26935 4.00138 3.98184 3.25371 3.01502 3.60384 3.67917 3.16465 3.10809 2.15944 1.85322 1.32215 1.40096 1.54609 2.40070 2.17830 1.49158 1.71801 3.06561 3.22284 3.55389 3.44586 2.69143 2.89194 2.97583 4.54772 4.71469 3.21472 5.37292 5.52812 6.14415 5.93592 6.36100 7.20375 8.29993 8.89825 9.16422 8.98903 8.88753 6.14231 7.37684 7.46752 5.95736 6.49952 8.31645 9.09441 11.21830 8.77210 8.02239 9.25898 8.04966 10.88240 8.41867 13.97680 18.71970 31.15440
-9999 -9999 -9999 -9999 -9999 -9999 -9999 -9999 -9999 -9999 -9999 -9999 2.82460 3.26627 4.00085 3.32185 3.41094 2.97741 3.08966 2.46496 2.99172 3.13303 3.02261 3.02738 2.88347 1.85562 1.75932 1.26983 2.02585 2.31614 2.05621 1.92842 2.31955 2.76375 2.94795 3.07750 2.30064 2.27034 2.49407 2.58535 2.82370 3.00247 4.65238 4.85054 4.90829 5.33229 6.33415 5.92673 6.28998 6.56888 7.74560 5.95255 8.57349 6.16830 8.47518 7.89931 7.94316 5.72611 6.30046 6.69092 8.51941 7.47412 7.15601 7.65837 7.92585 11.83790 12.02160 8.74140 9.64050 17.15430 22.62440 25.24180
-9999 -9999 -9999 -9999 -9999 -9999 -9999 -9999 -9999 -9999 -9999 4.64402 3.51314 4.26794 3.05369 2.66409 2.46703 2.52722 2.49411 2.67183 2.76346 2.13420 2.21990 2.07558 2.07727 1.91010 2.75466 2.20787 1.97672 1.88236 1.90859 1.09784 1.26384 1.76784 1.87253 3.33812 2.38112 2.56334 2.55104 2.62969 2.66145 4.36035 4.30022 4.46320 4.77064 5.04637 5.67686 5.68925 6.44604 6.44332 7.01194 6.19480 6.37524 7.67131 6.69462 6.61523 7.61230 6.79920 4.95939 5.57338 6.50226 8.43054 7.83353 8.81393 11.45210 9.83005 10.03790 8.72963 12.10280 18.10840 29.68280 44.50980
-9999 -9999 -9999 -9999 -9999 -9999 -9999 -9999 -9999 -9999 3.35509 3.66394 2.97425 3.50396 2.79827 2.15340 2.00572 2.36017 2.42375 2.61452 2.46465 1.95893 1.94764 1.94774 1.94832 1.82963 1.78757 2.01785 1.70504 1.06819 1.02666 1.11503 1.22132 2.46709 2.57731 3.15885 2.36494 2.51863 2.60874 2.50185 3.67432 3.73856 3.47970 3.85127 3.99775 4.47861 5.14122 5.02950 5.95919 6.26095 6.47504 6.36425 7.40188 6.28699 6.22521 6.05700 7.11277 6.20855 5.80163 8.17686 8.39300 8.30498 8.47518 9.58934 10.54700 9.34148 12.25250 11.88080 13.87650 24.19660 38.87080 37.69560
-9999 -9999 -9999 -9999 -9999 -9999 -9999 -9999 -9999 0.38870 0.38038 0.41024 0.44641 0.47502 0.43900 0.42327 0.39555 0.41192 0.34956 0.32700 0.32164 0.36084 0.35555 0.32611 0.31971 0.31577 0.31818 0.32259 0.31736 0.31354 0.28418 1.06484 1.50834 2.35297 3.36869 3.61267 2.76392 2.60984 2.48582 3.30379 3.04398 2.87151 3.05338 4.36067 3.23755 4.89431 4.06518 4.84741 5.76710 6.43144 6.85509 7.01662 6.35647 8.17603 7.60531 7.03263 7.16920 7.45029 7.73252 8.53034 8.48301 8.45961 8.11119 9.49858 9.30855 9.70029 10.43240 2.60570 3.42449 5.59327 5.92275 7.11307
-9999 -9999 -9999 -9999 -9999 -9999 -9999 -9999 -9999 -9999 0.35849 0.31210 0.32075 0.33833 0.28625 0.33153 0.33001 0.35207 0.33608 0.32403 0.35940 0.32000 0.34087 -9999 -9999 -9999 -9999 -9999 -9999 0.37153 0.39731 1.42380 1.60900 2.34692 2.42755 3.56456 3.63328 2.44690 2.28901 3.35220 2.93145 2.86049 3.25249 4.14929 4.05086 4.72496 5.20875 4.61437 5.42935 6.10437 6.75928 5.24203 6.07478 7.13040 8.31152 6.67097 6.84858 7.34986 7.36581 7.99016 8.28512 7.86836 7.88163 6.62195 9.98588 9.99673 10.27630 2.80026 7.27278 8.65792 9.30452 8.66226
-9999 -9999 -9999 -9999 -9999 -9999 -9999 -9999 -9999 -9999 -9999 -9999 0.33453 0.27761 0.28458 0.18311 0.20615 0.21466 0.23016 -9999 -9999 -9999 -9999 -9999 -9999 -9999 -9999 -9999 -9999 -9999 -9999 -9999 -9999 2.30403 3.83709 3.54499 3.58331 3.35265 2.30173 2.25002 2.88993 2.87211 3.13278 3.20822 3.24801 4.31119 5.00685 4.30079 5.12133 5.45491 6.17663 7.01397 7.36746 7.45152 7.68336 6.60392 6.88718 6.92182 4.93141 7.32799 7.57334 7.04368 7.88222 8.65890 9.04971 9.45202 9.51648 2.76984 5.27911 4.62573 6.65765 5.91739
-9999 -9999 -9999 -9999 -9999 -9999 -9999 -9999 -9999 -9999 -9999 -9999 -9999 -9999 -9999 -9999 -9999 -9999 -9999 -9999 -9999 -9999 -9999 -9999 -9999 -9999 -9999 -9999 -9999 -9999 -9999 -9999 -9999 -9999 3.96936 3.60770 3.05749 3.15225 2.19055 2.85121 2.99319 3.14884 4.22642 3.56340 4.62802 4.76648 4.23673 4.38337 5.36147 5.75369 6.45001 7.03341 7.37556 8.07555 8.61444 7.30686 6.90048 7.75446 7.49516 7.97837 7.02105 8.60645 8.55848 8.60536 8.55792 9.00865 10.73750 3.10384 5.95710 5.16784 5.01538 -9999
-9999 -9999 -9999 -9999 -9999 -9999 -9999 -9999 -9999 -9999 -9999 -9999 -9999 -9999 -9999 -9999 -9999 -9999 -9999 -9999 -9999 -9999 -9999 -9999 -9999 -9999 -9999 -9999 -9999 -9999 -9999 -9999 -9999 -9999 3.16854 3.14283 3.28759 3.40615 2.17439 2.35028 2.51508 3.89365 4.02061 3.21620 3.88569 3.91196 4.14712 4.54265 5.34598 6.10428 6.89248 7.20841 7.85264 7.77655 8.51115 7.38810 7.99373 7.88001 8.31968 8.52336 7.46660 6.82045 7.69154 7.64703 8.42335 8.18553 10.80690 13.24790 24.94800 21.10960 -9999 -9999
-9999 -9999 -9999 -9999 -9999 -9999 -9999 -9999 -9999 -9999 -9999 -9999 -9999 -9999 -9999 -9999 -9999 -9999 -9999 -9999 -9999 -9999 -9999 -9999 -9999 -9999 -9999 -9999 -9999 -9999 -9999 -9999 -9999 -9999 -9999 -9999 -9999 -9999 2.86068 2.58254 2.53144 2.78415 3.47433 3.76297 3.79326 4.15311 4.79731 4.85423 5.69395 6.12352 6.32223 7.23837 7.13501 7.71679 8.45693 7.54434 5.78796 6.44499 8.72589 7.38545 6.39256 9.27553 10.05770 8.25754 10.04790 8.72701 11.04180 14.38730 10.29680 -9999 -9999 -9999
