data/hydroclimate-scenarios/BCSD_hadcm_A1B/monthly_summaries/runoff_monthly_tot_oct.2070-2099.asc
ncols	311
nrows	91
xllcenter	102.75
yllcenter	31.75
cellsize	0.5
NODATA_value	-9999
[rows 0 to 31 of 91, columns 219 to 291 of 311]
-9999 -9999 -9999 -9999 -9999 -9999 -9999 -9999 -9999 -9999 -9999 -9999 -9999 -9999 -9999 -9999 -9999 -9999 -9999 -9999 -9999 -9999 -9999 -9999 -9999 -9999 -9999 -9999 -9999 -9999 -9999 -9999 -9999 -9999 -9999 -9999 -9999 -9999 -9999 -9999 -9999 -9999 -9999 -9999 -9999 -9999 -9999 -9999 -9999 -9999 -9999 -9999 -9999 -9999 -9999 -9999 -9999 -9999 -9999 -9999 -9999 -9999 -9999 -9999 -9999 -9999 -9999 -9999 -9999 -9999 -9999 -9999 -9999
-9999 -9999 -9999 -9999 -9999 -9999 -9999 -9999 -9999 -9999 -9999 -9999 -9999 -9999 -9999 -9999 -9999 -9999 -9999 -9999 -9999 -9999 -9999 -9999 -9999 -9999 -9999 -9999 -9999 -9999 -9999 -9999 -9999 -9999 -9999 -9999 -9999 -9999 -9999 -9999 -9999 -9999 -9999 -9999 -9999 -9999 -9999 -9999 -9999 -9999 -9999 -9999 -9999 -9999 -9999 -9999 -9999 -9999 -9999 -9999 -9999 -9999 -9999 -9999 -9999 -9999 -9999 -9999 -9999 -9999 -9999 -9999 -9999
-9999 -9999 -9999 -9999 -9999 -9999 -9999 -9999 -9999 -9999 -9999 -9999 -9999 -9999 -9999 -9999 -9999 -9999 -9999 -9999 -9999 -9999 -9999 -9999 -9999 -9999 -9999 -9999 -9999 -9999 -9999 -9999 -9999 -9999 -9999 -9999 -9999 -9999 -9999 -9999 -9999 -9999 -9999 -9999 -9999 -9999 -9999 -9999 -9999 -9999 -9999 -9999 -9999 -9999 -9999 -9999 -9999 -9999 -9999 -9999 -9999 -9999 -9999 -9999 -9999 -9999 -9999 -9999 -9999 -9999 -9999 -9999 -9999
-9999 -9999 -9999 -9999 -9999 -9999 -9999 -9999 -9999 -9999 -9999 -9999 -9999 -9999 -9999 -9999 -9999 -9999 -9999 -9999 -9999 -9999 -9999 -9999 -9999 -9999 -9999 -9999 -9999 -9999 -9999 -9999 -9999 -9999 -9999 -9999 -9999 -9999 -9999 -9999 -9999 -9999 -9999 -9999 -9999 -9999 -9999 -9999 -9999 -9999 -9999 -9999 -9999 -9999 -9999 -9999 -9999 -9999 -9999 -9999 -9999 -9999 -9999 -9999 -9999 -9999 -9999 -9999 -9999 -9999 -9999 -9999 -9999
-9999 -9999 -9999 -9999 -9999 -9999 -9999 -9999 -9999 -9999 -9999 -9999 -9999 -9999 -9999 -9999 -9999 -9999 -9999 -9999 -9999 -9999 -9999 -9999 -9999 -9999 -9999 -9999 -9999 -9999 -9999 -9999 -9999 -9999 -9999 -9999 -9999 -9999 -9999 -9999 -9999 -9999 -9999 -9999 -9999 -9999 -9999 -9999 -9999 -9999 -9999 -9999 -9999 -9999 -9999 -9999 -9999 -9999 -9999 -9999 -9999 -9999 -9999 -9999 -9999 -9999 -9999 -9999 -9999 -9999 -9999 -9999 -9999
-9999 -9999 -9999 -9999 -9999 -9999 -9999 -9999 -9999 -9999 -9999 -9999 -9999 -9999 -9999 -9999 -9999 -9999 -9999 -9999 -9999 -9999 -9999 -9999 -9999 -9999 -9999 -9999 -9999 -9999 -9999 -9999 -9999 -9999 -9999 -9999 -9999 -9999 -9999 -9999 -9999 -9999 -9999 -9999 -9999 -9999 -9999 -9999 -9999 -9999 -9999 -9999 -9999 -9999 -9999 -9999 -9999 -9999 -9999 -9999 -9999 -9999 -9999 -9999 -9999 -9999 -9999 -9999 -9999 -9999 -9999 -9999 -9999
-9999 -9999 -9999 -9999 -9999 -9999 -9999 -9999 -9999 -9999 -9999 -9999 -9999 -9999 -9999 -9999 -9999 -9999 -9999 -9999 -9999 -9999 -9999 -9999 -9999 -9999 -9999 -9999 -9999 -9999 -9999 -9999 -9999 -9999 -9999 -9999 -9999 -9999 -9999 -9999 -9999 -9999 -9999 -9999 -9999 -9999 -9999 -9999 -9999 -9999 -9999 -9999 -9999 -9999 -9999 -9999 -9999 -9999 -9999 -9999 -9999 -9999 -9999 -9999 -9999 -9999 -9999 -9999 -9999 -9999 -9999 -9999 -9999
-9999 -9999 -9999 -9999 -9999 -9999 -9999 -9999 -9999 -9999 -9999 -9999 -9999 -9999 -9999 -9999 -9999 -9999 -9999 -9999 -9999 -9999 -9999 -9999 -9999 -9999 -9999 -9999 -9999 -9999 -9999 -9999 -9999 -9999 -9999 -9999 -9999 -9999 -9999 -9999 -9999 -9999 -9999 -9999 -9999 -9999 -9999 -9999 -9999 -9999 -9999 -9999 -9999 -9999 -9999 -9999 -9999 -9999 -9999 -9999 -9999 -9999 -9999 -9999 -9999 -9999 -9999 -9999 -9999 -9999 -9999 -9999 -9999
-9999 -9999 -9999 -9999 -9999 -9999 -9999 -9999 -9999 -9999 -9999 -9999 -9999 -9999 -9999 -9999 -9999 -9999 -9999 -9999 -9999 -9999 -9999 -9999 -9999 -9999 -9999 -9999 -9999 -9999 -9999 -9999 -9999 -9999 -9999 -9999 -9999 -9999 -9999 -9999 -9999 -9999 -9999 -9999 -9999 -9999 -9999 -9999 -9999 -9999 -9999 -9999 -9999 -9999 -9999 -9999 -9999 -9999 -9999 -9999 -9999 -9999 -9999 -9999 -9999 -9999 -9999 -9999 -9999 -9999 -9999 -9999 -9999
-9999 -9999 -9999 -9999 -9999 -9999 -9999 -9999 -9999 -9999 -9999 -9999 -9999 -9999 -9999 -9999 -9999 -9999 -9999 -9999 -9999 -9999 -9999 -9999 -9999 -9999 -9999 -9999 -9999 -9999 -9999 -9999 -9999 -9999 -9999 -9999 -9999 -9999 -9999 -9999 -9999 -9999 -9999 -9999 -9999 -9999 -9999 -9999 -9999 -9999 -9999 -9999 -9999 -9999 -9999 -9999 -9999 -9999 -9999 -9999 -9999 -9999 -9999 -9999 -9999 -9999 -9999 -9999 -9999 -9999 -9999 -9999 -9999
-9999 -9999 -9999 -9999 -9999 -9999 -9999 -9999 -9999 -9999 -9999 -9999 -9999 -9999 -9999 -9999 -9999 -9999 -9999 -9999 -9999 -9999 -9999 -9999 -9999 -9999 -9999 -9999 -9999 -9999 -9999 -9999 -9999 -9999 -9999 -9999 -9999 -9999 -9999 -9999 -9999 -9999 -9999 -9999 -9999 -9999 -9999 -9999 -9999 -9999 -9999 -9999 -9999 -9999 -9999 -9999 -9999 -9999 -9999 -9999 -9999 -9999 -9999 -9999 -9999 -9999 -9999 -9999 -9999 -9999 -9999 -9999 -9999
-9999 -9999 -9999 -9999 -9999 -9999 -9999 -9999 -9999 -9999 -9999 -9999 -9999 -9999 -9999 -9999 -9999 -9999 -9999 -9999 -9999 -9999 -9999 -9999 -9999 -9999 -9999 -9999 -9999 -9999 -9999 -9999 -9999 -9999 -9999 -9999 -9999 -9999 -9999 -9999 -9999 -9999 -9999 -9999 -9999 -9999 -9999 -9999 -9999 -9999 -9999 -9999 -9999 -9999 -9999 -9999 -9999 -9999 -9999 -9999 -9999 -9999 -9999 -9999 -9999 -9999 -9999 -9999 -9999 -9999 -9999 -9999 -9999
-9999 -9999 -9999 -9999 -9999 -9999 -9999 -9999 -9999 -9999 -9999 -9999 -9999 -9999 -9999 -9999 -9999 -9999 -9999 -9999 -9999 -9999 -9999 -9999 -9999 -9999 -9999 -9999 -9999 -9999 -9999 -9999 -9999 -9999 -9999 -9999 -9999 -9999 -9999 -9999 -9999 -9999 -9999 -9999 -9999 -9999 -9999 -9999 -9999 -9999 -9999 -9999 -9999 -9999 -9999 -9999 -9999 -9999 -9999 -9999 -9999 -9999 -9999 -9999 -9999 -9999 -9999 -9999 -9999 -9999 -9999 -9999 -9999
-9999 -9999 -9999 -9999 -9999 -9999 -9999 -9999 -9999 -9999 -9999 -9999 -9999 -9999 -9999 -9999 -9999 -9999 -9999 -9999 -9999 -9999 -9999 -9999 -9999 -9999 -9999 -9999 -9999 -9999 -9999 -9999 -9999 -9999 -9999 -9999 -9999 -9999 -9999 -9999 -9999 1.42418 -9999 -9999 -9999 -9999 -9999 -9999 -9999 -9999 -9999 -9999 -9999 -9999 -9999 -9999 -9999 -9999 -9999 -9999 -9999 -9999 -9999 -9999 -9999 -9999 -9999 -9999 -9999 -9999 -9999 -9999 -9999
0.33967 0.31618 0.19288 0.18365 0.04722 0.06416 0.06795 0.39499 0.34259 0.34623 0.36035 0.32685 3.86903 -9999 -9999 -9999 -9999 -9999 -9999 -9999 -9999 -9999 -9999 -9999 -9999 -9999 -9999 -9999 -9999 -9999 -9999 -9999 -9999 -9999 -9999 -9999 0.11731 0.30648 0.18363 0.02588 0.01236 0.21283 1.90654 -9999 -9999 -9999 2.96138 -9999 -9999 -9999 3.53201 4.60949 4.62957 -9999 -9999 -9999 -9999 -9999 -9999 -9999 -9999 -9999 -9999 -9999 -9999 -9999 -9999 -9999 -9999 -9999 -9999 -9999 -9999
0.06120 0.00000 0.00000 0.00000 0.00000 0.00000 0.00000 0.00000 0.00000 0.00000 0.00000 0.00000 0.00000 0.00000 0.01426 0.07399 0.83637 1.91625 1.39376 -9999 -9999 -9999 -9999 -9999 0.85269 0.77460 1.00648 1.15226 1.22739 1.29366 1.24626 1.04537 0.98339 0.93898 0.87004 0.94477 0.01498 0.01990 0.01924 0.02327 0.01993 0.02603 1.91015 2.19413 2.51019 2.60539 2.99686 3.64390 3.76806 3.38614 3.81142 3.24505 2.15258 2.48896 2.97883 3.43565 2.82744 3.16082 -9999 -9999 -9999 -9999 -9999 -9999 -9999 -9999 -9999 -9999 -9999 -9999 -9999 -9999 -9999
0.00000 0.00000 0.00000 0.00000 0.00000 0.00000 0.00000 0.00000 0.00000 0.00000 0.00000 0.00000 0.00000 0.01093 0.06882 0.06254 0.91209 0.15007 0.72754 0.95141 1.19918 1.34787 1.37404 1.19690 1.14955 1.13297 1.00294 1.04657 0.73150 0.85868 0.89233 0.83746 0.92174 0.89897 0.81658 0.87618 0.80819 0.79950 0.87407 0.92732 0.92403 1.01331 1.57716 1.90273 1.99559 2.33540 2.84130 3.16318 3.22528 3.64584 3.51810 3.88990 5.27280 5.06401 4.97497 5.31581 3.21668 1.97924 2.11302 2.09593 2.80959 2.76525 3.03726 2.89030 3.44583 3.57287 -9999 -9999 -9999 -9999 -9999 -9999 -9999
0.00000 0.00000 0.00000 0.00000 0.00000 0.00000 0.00000 0.00000 0.00000 0.00000 0.00022 0.03901 0.09798 0.11136 0.29339 0.91070 4.97226 4.88092 1.03337 0.91151 0.66355 0.59748 0.58890 0.63433 0.95942 1.38652 1.32951 1.37226 1.08133 1.08415 1.26821 1.28191 1.36533 1.35147 1.12598 1.25970 1.12954 1.16881 1.15662 1.10118 0.96385 1.07103 1.68939 1.89100 1.90746 2.31885 2.64953 3.25406 3.14104 3.47037 3.49448 3.50062 4.52367 4.58324 5.29334 5.60836 2.39884 2.08352 2.69501 2.70328 3.08262 3.28195 4.10915 4.24077 5.36617 5.20617 -9999 4.46960 -9999 -9999 -9999 -9999 -9999
0.46861 0.00000 0.10709 0.25782 0.14164 0.12563 0.01247 0.03888 0.00000 0.09406 1.33945 0.06676 0.12183 0.12967 2.09480 4.62549 6.74751 6.27680 2.43164 1.54027 1.55127 0.37438 0.46779 0.38869 1.13681 2.21659 2.24544 1.92784 1.56003 1.59913 1.51583 1.51665 1.81920 1.71164 1.74449 1.65494 1.56833 1.62876 1.45696 1.55236 1.55164 1.56582 2.04063 2.30651 2.23084 2.17243 1.85057 2.06825 2.18112 2.24693 2.33623 2.53637 3.53211 3.57253 4.03986 3.87993 2.39437 2.90261 2.97431 2.98215 3.04336 3.34018 4.06895 4.29134 4.77963 6.26205 5.82768 -9999 -9999 -9999 -9999 -9999 -9999
0.45783 0.43245 1.82394 1.75239 1.31143 1.38366 1.53410 1.75499 1.97151 2.14049 2.02733 2.05316 12.50620 11.44510 4.88376 5.79791 2.89731 3.33843 1.20445 1.60191 2.24033 2.15552 2.69127 0.70048 1.68753 2.46835 3.59110 2.82252 3.10823 3.08786 3.01584 3.10493 3.21570 3.28258 3.40903 3.33332 2.88161 3.03592 2.45667 2.65428 2.73585 2.64260 3.34022 3.35395 3.22952 2.67903 2.29230 2.26246 1.70993 1.87367 2.18008 2.22707 3.21516 3.50518 3.82565 4.73290 4.29655 4.50243 4.01185 4.37726 5.21456 4.99314 6.94191 8.91404 8.80433 9.29163 8.00593 6.08671 -9999 -9999 -9999 -9999 -9999
2.51908 2.23355 1.62989 1.50658 1.88956 1.94596 1.79547 2.02166 2.11920 2.44623 2.62375 2.86508 6.00451 1.99819 0.04155 0.02406 0.71710 0.06567 0.62136 1.55702 2.55484 2.83583 2.24472 1.23886 1.01914 2.81377 3.00976 2.91837 2.70835 2.26891 1.91152 2.04460 2.30465 2.37531 4.16997 3.79179 3.35560 2.99307 2.59386 2.83727 2.99221 2.95749 3.38873 3.37571 3.65600 3.97010 2.79052 3.04926 2.31630 2.82407 2.97636 2.62865 3.95733 3.98789 3.43207 4.53130 4.24452 4.41944 5.60245 5.73019 5.54281 5.16087 5.20199 5.54681 6.45121 6.74678 6.62295 6.53632 4.68781 4.26425 5.42235 4.98076 -9999
1.90710 1.91773 1.78012 1.79207 2.11206 2.04154 1.88032 1.93622 2.31130 2.47159 2.60116 2.66719 8.48399 5.52998 0.01218 0.00123 0.00059 0.01719 0.53513 2.12102 3.00711 2.91865 2.21445 1.91588 0.80848 2.11146 2.26351 3.33348 3.71281 3.48169 2.82197 2.41961 2.92150 3.02827 3.59150 3.84175 4.68433 4.91377 3.08659 3.01136 3.16853 2.90691 3.57002 3.58398 4.02707 4.21211 3.18237 3.48607 2.91647 3.57185 3.58871 3.42965 4.01583 4.18997 5.27369 4.73681 4.29462 4.19574 5.19216 5.12911 5.09394 4.44273 4.66704 5.29191 6.46584 6.24432 5.48747 5.29043 5.46167 4.63924 4.92698 5.13313 4.73487
5.87347 0.40552 0.38206 3.73587 0.06006 0.78851 1.94486 1.33967 1.77341 1.95119 3.69434 3.57500 2.83051 3.96655 0.05904 0.04162 0.03396 0.06601 0.04966 0.77587 1.09799 1.21060 2.32452 3.22876 3.07119 4.27279 3.01349 2.35786 3.30759 3.62321 2.87757 2.53013 4.02104 3.52804 2.67366 3.02279 4.25968 4.74950 5.62669 6.22136 5.79319 4.85395 5.40446 5.11055 4.45708 4.43677 4.28159 4.35243 3.93017 3.94074 3.91968 4.49635 4.77625 5.42215 5.62883 4.67468 6.05900 5.82286 4.08934 4.16887 3.56207 3.77735 3.26015 3.57166 4.24354 4.56351 4.96862 4.82883 6.00556 6.76561 7.41541 5.16716 4.93948
5.85659 5.91465 0.41718 0.46829 0.12307 0.13938 0.24340 0.15576 0.17781 0.10612 3.35008 2.87700 3.56140 2.95973 0.06706 0.03076 0.06685 0.06989 0.03577 0.04571 0.06242 0.07934 0.36537 0.84217 2.01002 3.34084 1.98799 1.26727 0.77316 0.45718 0.05608 0.38602 1.46957 1.85422 0.89706 1.38055 2.85595 3.38806 4.50083 4.41325 5.54181 5.65826 7.29654 7.24657 7.15680 6.93383 6.17343 4.11668 4.06945 3.93523 4.09814 4.54379 5.29677 4.43689 4.64582 4.61866 4.88590 4.77600 3.34199 3.63814 3.29014 3.71175 2.90092 3.08321 3.64130 4.38690 5.50884 5.46021 6.38046 6.65916 7.40701 7.32604 5.92278
3.40161 3.81191 4.95230 2.24931 0.06000 0.07589 0.23916 0.19876 0.00593 0.06524 0.00000 0.02978 0.01485 2.59247 8.47987 0.03269 0.00012 0.00000 0.00000 0.00000 0.00000 0.00745 0.00256 0.00087 0.00024 0.00071 0.00369 0.00305 0.00168 0.00187 0.02839 0.02704 0.06522 0.10812 0.10937 0.12575 1.09966 1.13448 1.59550 1.98601 2.00334 2.38674 4.72985 5.97051 5.33966 5.12004 6.58700 6.04068 3.62181 4.07524 3.89477 4.14498 3.75252 3.93959 3.73467 3.36957 4.71593 4.00429 3.58868 3.91822 3.93975 3.44396 3.85106 3.51394 3.96077 4.22844 4.94906 5.69117 6.81333 6.93960 7.34229 7.34113 7.54946
4.56291 4.48548 4.12341 3.61677 3.34635 3.34206 0.12097 0.24655 0.41328 0.15060 0.08464 0.04233 0.00487 0.00722 0.02285 1.35464 0.01926 0.03032 0.00048 0.00019 0.00076 0.00198 0.00074 0.01029 0.01563 0.01553 0.01484 0.01583 0.00661 0.00642 0.07543 0.08151 0.12038 0.17649 0.15446 0.42999 2.28067 2.90629 3.15131 3.01677 2.74732 3.45521 4.99732 6.29283 7.00064 7.04851 5.83710 7.34836 5.01819 4.06637 4.40972 4.11839 3.58226 3.85126 3.65693 3.70000 5.00732 4.20717 3.37165 3.43168 4.52280 4.24781 4.15731 3.98813 4.25899 4.79645 5.16640 5.73273 7.08728 7.33742 7.95749 7.99916 8.77321
0.78126 0.67251 0.59756 0.61506 12.85830 5.58288 10.34250 4.08180 3.24745 3.64823 2.90664 2.43392 0.01113 0.00649 0.07863 0.05845 0.04462 1.16286 1.53860 1.73689 1.47991 0.74061 0.88383 3.45871 4.61415 1.51548 0.99861 0.98741 1.70759 2.27808 0.05677 0.50926 0.51414 1.00705 1.86639 2.52155 2.89397 3.58536 3.38214 5.40982 5.03403 3.84621 4.13064 4.62356 5.31607 6.64210 5.12463 4.65431 7.00799 4.12570 3.78117 3.94200 4.39636 4.26578 4.09605 3.98961 4.60762 4.06884 4.14978 4.39272 4.78118 4.41029 4.47455 4.89969 4.58915 5.58873 5.65857 6.07246 7.25582 7.82373 8.14533 8.11310 9.17026
10.51160 15.79750 0.66485 0.78285 1.01978 0.57676 0.89152 8.82550 12.45920 5.52560 2.48803 2.34337 16.92330 10.33840 5.30141 5.07365 2.69460 4.80604 1.22934 1.58961 1.24777 2.15639 2.10834 2.75104 1.80513 0.24496 0.00315 0.82041 0.02871 0.03345 0.56317 1.55430 1.41741 1.94758 2.88444 3.71765 4.23960 7.11295 7.03531 6.44510 4.57647 4.71125 5.75829 5.80414 5.64010 5.25178 5.16168 5.15589 6.92997 4.30739 2.97688 3.82753 4.69300 4.70339 4.31832 4.34535 4.96811 4.43424 4.58847 4.47184 4.49414 4.86479 4.92136 4.75140 5.93965 7.03879 7.35855 6.55897 7.75542 8.24888 8.57142 8.93678 9.34334
9.35285 7.51190 7.28092 8.58372 11.24490 11.76670 8.73979 10.97730 8.52287 7.50578 6.64243 2.88352 35.20290 33.85430 28.15450 14.15370 6.05285 3.07543 0.00377 0.00250 0.91679 2.04227 1.57458 2.80238 3.45801 1.62229 0.47559 0.00284 0.00047 0.00101 0.93005 1.26412 2.00435 4.47425 3.97413 4.81428 5.63693 7.87055 7.41555 7.42090 7.94215 5.67061 5.06306 3.98796 3.61292 2.53545 5.68798 6.36981 7.45672 5.30152 3.93735 4.83030 5.34318 4.92161 3.71257 3.56287 3.27548 3.21750 3.71097 4.68299 4.77977 5.04834 5.05627 5.52390 5.27971 5.86182 7.53123 8.21629 9.91602 10.16170 10.07210 8.58665 8.09307
5.68389 5.00633 4.74443 5.34034 5.93929 7.15695 18.54860 19.06620 12.25250 9.52339 10.78970 6.69772 9.57357 9.98042 18.08960 47.27130 37.90450 10.62140 2.99973 0.33601 0.03072 0.01195 0.50951 2.54513 2.11690 0.20472 0.21789 0.00249 0.00159 0.00230 2.63728 2.63789 4.80568 7.73799 8.90807 9.22315 11.60390 7.65529 11.22460 10.67670 13.09350 11.82470 6.27442 5.16559 3.79606 4.24090 5.31691 6.31797 5.91950 6.07187 5.70481 5.75859 5.95864 7.41845 6.42325 5.25376 4.07757 3.75550 3.99973 4.15542 5.09718 5.63252 6.51090 6.77693 5.99308 6.25813 5.25884 6.35116 9.99244 9.57772 9.83126 10.33960 6.23040
15.23060 22.63290 20.52580 13.58800 11.86620 7.58721 13.62480 22.49410 47.21170 23.24030 35.93350 23.52390 9.65982 15.36790 14.92080 30.61800 35.40000 10.34350 2.16363 0.40772 2.00927 4.41265 1.05768 1.82111 1.02239 0.00141 0.45538 0.00995 0.00152 0.00143 0.67591 3.43986 5.89148 8.93343 9.00986 10.92690 14.94100 14.07840 15.17570 19.25230 14.84210 10.43240 8.05871 8.75607 6.58568 5.82324 4.90405 4.70919 4.29521 5.87531 6.85952 6.59807 7.16823 7.64647 7.41563 8.19453 7.02289 6.87896 7.36588 7.16916 6.92633 7.14242 7.78896 7.87267 8.30396 7.77866 5.50270 6.32439 7.23383 7.43154 8.92073 8.32402 8.85926
-9999 312.65302 184.46899 87.22790 58.40700 35.70950 38.52420 31.26510 31.40810 32.56120 22.43660 31.98150 36.71870 10.71650 8.93069 4.23742 41.65910 37.10120 21.78850 11.82870 7.87917 6.14163 8.34585 6.68680 4.86817 3.42778 0.02875 0.04072 0.00154 2.19928 4.23509 4.16207 4.43467 7.13991 11.35900 10.48280 19.19020 18.87580 14.29760 14.51800 12.93880 11.82090 9.33146 9.35375 10.34260 7.55333 4.75018 5.28885 4.92419 6.24543 7.29493 7.22306 8.02837 8.51347 7.73082 7.24980 7.09225 6.73093 6.60994 6.15353 5.73750 6.03906 6.08701 7.11006 6.88752 6.75334 6.59944 5.87785 6.07489 9.89776 9.58380 8.87108 9.18752
