data/hydroclimate-scenarios/BCSD_hadcm_A1B/monthly_summaries/runoff_monthly_tot_sep.2030-2059.asc
ncols	311
nrows	91
xllcenter	102.75
yllcenter	31.75
cellsize	0.5
NODATA_value	-9999
[rows 0 to 31 of 91, columns 72 to 143 of 311]
-9999 -9999 -9999 -9999 -9999 -9999 -9999 -9999 -9999 -9999 -9999 -9999 -9999 -9999 -9999 -9999 -9999 -9999 -9999 -9999 -9999 -9999 -9999 -9999 -9999 -9999 -9999 -9999 -9999 -9999 -9999 -9999 -9999 -9999 -9999 -9999 -9999 -9999 -9999 -9999 -9999 -9999 -9999 -9999 -9999 -9999 -9999 -9999 -9999 -9999 -9999 -9999 -9999 -9999 -9999 -9999 -9999 -9999 -9999 -9999 -9999 -9999 -9999 -9999 -9999 -9999 -9999 -9999 -9999 -9999 -9999 -9999
-9999 -9999 -9999 -9999 -9999 -9999 -9999 -9999 -9999 -9999 -9999 -9999 -9999 -9999 -9999 -9999 -9999 -9999 -9999 -9999 -9999 -9999 -9999 -9999 -9999 -9999 -9999 -9999 -9999 -9999 -9999 -9999 -9999 -9999 -9999 -9999 -9999 -9999 -9999 -9999 -9999 -9999 -9999 -9999 -9999 -9999 -9999 -9999 -9999 -9999 -9999 -9999 -9999 -9999 -9999 -9999 -9999 -9999 -9999 -9999 -9999 -9999 -9999 -9999 -9999 -9999 -9999 -9999 -9999 -9999 -9999 -9999
-9999 -9999 -9999 -9999 -9999 -9999 -9999 -9999 -9999 -9999 -9999 -9999 -9999 -9999 -9999 -9999 -9999 -9999 -9999 -9999 -9999 -9999 -9999 -9999 -9999 -9999 -9999 -9999 -9999 -9999 -9999 -9999 -9999 -9999 -9999 -9999 -9999 -9999 -9999 -9999 -9999 -9999 -9999 -9999 -9999 -9999 -9999 -9999 -9999 -9999 -9999 -9999 -9999 -9999 -9999 -9999 -9999 -9999 -9999 -9999 -9999 -9999 -9999 -9999 -9999 -9999 -9999 -9999 -9999 -9999 -9999 -9999
-9999 -9999 -9999 -9999 -9999 -9999 -9999 -9999 -9999 -9999 -9999 -9999 -9999 -9999 -9999 -9999 -9999 -9999 -9999 -9999 -9999 -9999 -9999 -9999 -9999 -9999 -9999 -9999 -9999 -9999 -9999 -9999 -9999 -9999 -9999 -9999 -9999 -9999 -9999 -9999 -9999 -9999 -9999 -9999 -9999 -9999 -9999 -9999 -9999 -9999 -9999 -9999 -9999 -9999 -9999 -9999 -9999 -9999 -9999 -9999 -9999 -9999 -9999 -9999 -9999 -9999 -9999 -9999 -9999 -9999 -9999 -9999
-9999 -9999 -9999 -9999 -9999 -9999 -9999 -9999 -9999 -9999 -9999 -9999 -9999 -9999 -9999 -9999 -9999 -9999 -9999 -9999 -9999 -9999 -9999 -9999 -9999 -9999 -9999 -9999 -9999 -9999 -9999 -9999 -9999 -9999 -9999 -9999 -9999 -9999 -9999 -9999 -9999 -9999 -9999 -9999 -9999 -9999 -9999 -9999 -9999 -9999 -9999 -9999 -9999 -9999 -9999 -9999 -9999 -9999 -9999 -9999 -9999 -9999 -9999 -9999 -9999 -9999 -9999 -9999 -9999 -9999 -9999 -9999
-9999 -9999 -9999 -9999 -9999 -9999 -9999 -9999 -9999 -9999 -9999 -9999 -9999 -9999 -9999 -9999 -9999 -9999 -9999 -9999 -9999 -9999 -9999 -9999 -9999 -9999 -9999 -9999 -9999 -9999 -9999 -9999 -9999 -9999 -9999 -9999 -9999 -9999 -9999 -9999 -9999 -9999 -9999 -9999 -9999 -9999 -9999 -9999 -9999 -9999 -9999 -9999 -9999 -9999 -9999 -9999 -9999 -9999 -9999 -9999 -9999 -9999 -9999 -9999 -9999 -9999 -9999 -9999 -9999 -9999 -9999 -9999
-9999 -9999 -9999 -9999 -9999 -9999 -9999 -9999 -9999 -9999 -9999 -9999 -9999 -9999 -9999 -9999 -9999 -9999 -9999 -9999 -9999 -9999 -9999 -9999 -9999 -9999 -9999 -9999 -9999 -9999 -9999 -9999 -9999 -9999 -9999 -9999 -9999 -9999 -9999 -9999 -9999 -9999 -9999 -9999 -9999 -9999 -9999 -9999 -9999 -9999 -9999 -9999 -9999 -9999 -9999 -9999 -9999 -9999 -9999 -9999 -9999 -9999 -9999 -9999 -9999 -9999 -9999 -9999 -9999 -9999 -9999 -9999
-9999 -9999 -9999 -9999 -9999 -9999 -9999 -9999 -9999 -9999 -9999 -9999 -9999 -9999 -9999 -9999 -9999 -9999 -9999 -9999 -9999 -9999 -9999 -9999 -9999 -9999 -9999 -9999 -9999 -9999 -9999 -9999 -9999 -9999 -9999 -9999 -9999 -9999 -9999 -9999 -9999 -9999 -9999 -9999 -9999 -9999 -9999 -9999 -9999 -9999 -9999 -9999 -9999 -9999 -9999 -9999 -9999 -9999 -9999 -9999 -9999 -9999 -9999 -9999 -9999 -9999 -9999 -9999 -9999 -9999 -9999 -9999
-9999 -9999 -9999 -9999 -9999 3.49836 -9999 -9999 -9999 -9999 -9999 -9999 -9999 -9999 -9999 -9999 -9999 -9999 -9999 -9999 -9999 -9999 -9999 -9999 -9999 -9999 -9999 -9999 -9999 -9999 -9999 -9999 -9999 -9999 -9999 -9999 -9999 -9999 -9999 -9999 -9999 -9999 -9999 -9999 -9999 -9999 -9999 -9999 -9999 -9999 -9999 -9999 -9999 -9999 -9999 -9999 -9999 -9999 -9999 -9999 -9999 -9999 -9999 -9999 -9999 -9999 -9999 -9999 -9999 -9999 -9999 -9999
-9999 2.80852 2.38323 2.74830 2.85632 3.30439 3.65153 3.72052 3.78476 3.28700 3.30455 3.10922 3.25862 2.96464 3.04122 2.91158 2.68223 2.85605 2.89057 2.87145 2.73160 -9999 -9999 -9999 -9999 -9999 -9999 -9999 -9999 -9999 -9999 -9999 -9999 -9999 -9999 -9999 -9999 -9999 -9999 -9999 -9999 -9999 -9999 -9999 -9999 -9999 -9999 -9999 -9999 -9999 -9999 -9999 -9999 -9999 -9999 -9999 -9999 -9999 -9999 -9999 -9999 -9999 -9999 -9999 -9999 -9999 -9999 -9999 -9999 -9999 -9999 -9999
-9999 -9999 -9999 2.95233 2.99126 2.92929 2.95875 2.77651 2.84651 2.92686 2.95835 3.41410 3.36352 3.40692 3.41438 2.96319 2.95722 3.13684 3.17610 3.13637 2.96262 -9999 -9999 -9999 -9999 -9999 -9999 -9999 -9999 -9999 -9999 -9999 -9999 -9999 -9999 -9999 -9999 -9999 -9999 -9999 -9999 -9999 -9999 -9999 -9999 -9999 -9999 -9999 -9999 -9999 -9999 -9999 -9999 -9999 -9999 -9999 -9999 -9999 -9999 -9999 -9999 -9999 -9999 -9999 -9999 -9999 -9999 -9999 -9999 -9999 -9999 -9999
2.55121 2.63162 2.73944 2.85249 3.02628 3.14140 2.99116 2.80300 3.04331 2.84852 2.83437 3.19856 3.48207 3.53002 3.52605 3.15608 3.17638 3.39789 3.62908 3.94878 4.04971 2.82678 2.78107 2.65607 2.66799 2.53559 2.35583 -9999 -9999 -9999 -9999 -9999 -9999 -9999 -9999 -9999 -9999 -9999 -9999 -9999 -9999 -9999 -9999 -9999 -9999 -9999 -9999 -9999 -9999 -9999 -9999 -9999 -9999 -9999 -9999 -9999 -9999 -9999 -9999 -9999 -9999 -9999 -9999 -9999 -9999 -9999 -9999 -9999 -9999 -9999 -9999 -9999
2.56296 2.69816 2.87666 2.93503 2.90585 2.79086 3.13492 2.82825 2.94760 3.12319 3.29573 3.17397 3.19308 3.20051 3.47599 3.77194 3.98217 5.30264 3.48987 3.34574 3.25246 3.19822 2.90082 2.97490 2.74008 2.52267 2.35155 2.38451 2.18039 2.13742 1.93479 1.86026 1.89403 1.80785 1.74110 1.64239 1.61619 1.38737 1.40458 1.49891 1.51197 1.54301 -9999 -9999 -9999 -9999 -9999 -9999 -9999 -9999 -9999 -9999 -9999 -9999 -9999 -9999 -9999 -9999 -9999 -9999 -9999 -9999 -9999 -9999 -9999 -9999 -9999 -9999 -9999 -9999 -9999 -9999
1.75758 1.94023 2.39680 2.73448 2.99486 2.83833 2.88422 2.69714 2.48985 3.02762 3.43445 2.97427 3.59337 3.58355 3.67350 4.21152 4.15028 4.19276 3.79648 3.48188 3.37083 3.56931 2.94847 3.00261 3.14959 2.74949 2.70097 2.44406 2.30307 2.11326 2.13972 2.00745 1.81002 1.80554 1.74318 1.71409 1.57870 1.48145 1.49837 1.58987 1.65338 1.66313 2.72701 -9999 -9999 -9999 -9999 -9999 -9999 -9999 -9999 -9999 -9999 -9999 -9999 -9999 -9999 -9999 -9999 -9999 -9999 -9999 -9999 -9999 -9999 -9999 -9999 -9999 -9999 -9999 -9999 -9999
2.57239 2.45559 2.89629 2.68674 2.61149 2.83179 3.01387 2.81771 2.93195 2.82795 3.00997 3.06458 3.09428 3.11772 3.33391 3.78266 3.73477 3.98589 5.33103 3.69852 3.83523 3.41764 3.14705 3.14554 2.97240 2.90371 2.69980 2.54269 2.31670 2.35319 2.30844 2.26483 2.22887 2.13154 2.12346 1.83537 1.80847 1.79576 1.76245 2.02625 2.04999 1.93557 1.93857 -9999 -9999 -9999 -9999 -9999 -9999 -9999 -9999 -9999 -9999 -9999 -9999 -9999 -9999 -9999 1.88796 1.92834 -9999 -9999 -9999 -9999 1.96235 2.11737 2.11533 2.55970 2.44658 2.50594 2.53922 2.57886
2.77779 2.79215 2.81196 2.63896 2.49318 2.36659 2.54350 2.41347 2.85826 2.85311 2.62139 2.53474 2.57268 2.82795 2.85846 3.34801 3.40477 4.84577 3.51854 3.69527 3.46403 2.90705 2.71740 2.65274 2.71309 3.05421 3.07229 2.55562 2.36018 2.35656 2.19331 2.38171 2.55445 2.57630 2.07596 1.85535 1.86969 2.19260 2.74461 3.34391 3.38634 3.01252 2.55431 2.23418 2.27461 2.88335 2.10118 2.33016 2.43665 2.23293 2.18673 1.87726 2.05684 2.18178 1.76194 1.68142 1.69628 2.04116 2.03255 1.80591 -9999 -9999 -9999 -9999 -9999 2.00918 2.07527 2.63168 2.74855 3.09479 2.73576 2.82289
2.05183 2.82269 2.95973 2.13100 2.72563 2.81439 2.64756 2.44689 2.49125 2.40113 2.55041 2.39039 2.51060 2.47084 3.38247 2.80323 2.87828 2.74499 2.92337 3.01949 2.74808 2.74714 2.52483 2.51122 2.53490 2.32334 2.36381 2.12744 2.11977 2.24607 2.08731 2.13269 2.15258 2.03604 2.05312 1.97792 2.00520 2.94211 3.13367 2.09224 3.06418 2.08501 2.14648 2.01218 2.00387 2.03990 2.07334 2.25916 2.41751 2.39820 2.30568 2.24648 2.31738 2.33983 2.29355 2.23213 2.20644 1.79377 1.57565 1.60355 1.77127 2.07707 2.09260 2.24299 2.10989 2.16939 2.42020 2.72650 2.70705 3.14889 2.88416 3.38548
2.54454 2.61427 2.95008 2.81702 2.48201 2.55041 2.54614 2.57692 2.49815 2.24305 2.45258 2.26927 3.10824 2.34268 2.38722 2.60794 2.47069 2.56296 2.86034 2.91853 2.59875 2.51535 2.39280 2.32367 2.30256 2.27843 2.24569 2.16382 2.21138 2.16814 2.20764 2.12164 1.99638 2.16885 2.16467 3.18174 2.19365 2.29516 2.41241 2.29971 2.20317 2.47099 2.52918 2.32627 2.15769 2.15853 2.16618 2.16981 2.20902 2.57370 2.58763 2.37302 2.31418 2.34534 2.26362 2.24010 2.36857 2.21561 2.06096 1.84226 1.92368 1.95478 1.88480 2.26910 2.43273 2.51093 2.52981 2.75379 3.02700 3.10204 3.23142 3.76002
2.96960 2.62526 1.92408 2.85098 2.59736 2.58720 2.50282 2.50528 2.30475 2.32243 2.44195 2.16859 2.22648 2.43989 2.54540 2.32207 2.22002 2.28415 2.70796 2.74460 2.57859 2.72808 2.47555 2.25210 2.29496 2.18781 2.22552 2.24071 2.14512 2.22209 3.34763 2.17750 2.17041 2.13652 2.13676 2.24258 2.31373 2.60267 2.73721 2.59649 2.37495 2.59160 2.85449 2.97329 2.78004 2.51964 2.36734 2.15780 2.31748 2.39283 2.59916 2.81209 2.76402 2.18514 2.16974 2.12820 2.57143 2.28678 2.59279 2.86465 2.97234 3.05147 2.80424 2.77488 2.62111 2.67095 2.68123 2.80567 2.87133 3.02901 3.21669 3.24817
3.18327 2.99217 2.63414 2.36582 2.70657 2.47830 2.52611 2.41387 2.38364 2.55701 2.40221 1.97310 2.23416 2.41852 2.34484 2.23032 2.05493 2.06956 2.16765 2.43070 2.39754 2.55164 2.52148 2.29231 2.07918 2.09810 2.08935 2.08972 2.81987 2.16655 2.34609 2.24145 2.29361 2.32942 2.45911 2.47950 2.46893 2.35459 2.66912 2.97811 2.87035 2.62946 2.70582 3.00727 2.87964 2.78334 2.67268 2.35321 2.16250 2.25268 2.42017 2.79567 2.58260 2.52785 2.73348 2.49458 2.70894 2.58676 2.47670 2.88559 2.89675 2.72488 3.17111 3.54228 3.07071 3.29554 2.91413 2.97596 2.94899 3.44371 3.30404 3.38934
2.63856 2.90237 3.05254 2.94025 1.89145 1.85021 1.64179 2.37209 2.19257 2.16338 2.31924 2.63990 2.81635 2.76963 2.64165 2.28909 2.26880 2.32952 2.23702 2.23515 2.22404 2.42152 2.39173 2.29740 2.41094 2.23428 2.30844 2.16614 2.33675 2.37018 2.33438 2.66280 2.60509 2.74027 2.81593 2.77040 2.83903 2.84336 2.85576 3.23398 3.34460 3.06442 3.01866 2.82829 2.82228 2.74574 2.65408 2.50851 2.43105 2.36143 2.61564 2.86737 2.98893 3.07079 3.28862 3.04177 3.23876 2.95793 2.93334 3.09395 3.12880 2.76121 3.27785 3.54486 3.34845 3.03203 3.13038 3.06493 3.47004 3.04303 3.00510 3.15751
3.44436 3.93627 3.68758 3.25900 2.92651 2.67449 2.48198 2.21755 2.18106 2.09869 1.80207 2.11064 2.33774 3.34840 3.26837 2.65865 2.54091 2.16967 1.81389 2.40394 2.60090 2.70802 2.56564 2.41914 2.54713 2.45977 2.42091 2.53493 2.62986 2.66428 2.58392 2.70529 2.86265 3.07172 3.08909 3.07772 3.13017 2.60415 3.28861 3.57021 3.62157 3.37232 3.32366 3.08539 3.13479 2.96774 2.90771 2.73675 2.66873 2.76016 2.85259 3.19984 2.86783 3.26981 3.22959 2.93339 3.39857 3.29675 3.63974 3.43922 3.50982 3.47075 3.34272 3.61124 2.90980 3.44658 3.47602 3.43083 3.39137 3.01024 3.04441 3.26420
4.12268 3.96566 3.58664 4.13199 3.59646 3.19995 2.59038 2.49465 2.21992 2.21515 2.07098 2.25233 1.70673 2.06039 1.77997 2.18812 3.05310 2.95414 2.53349 2.21953 2.66756 2.71187 3.01739 2.57662 2.66145 2.60554 2.48270 2.72851 2.81174 3.11493 3.15834 3.21605 3.11755 3.19396 3.19332 3.37650 3.20142 3.52912 3.63511 3.63199 3.68184 3.57675 3.20554 3.08189 3.08575 2.46009 2.44371 2.22491 2.33786 2.89723 2.85046 3.64938 3.92850 3.36769 3.71005 3.72047 3.80238 3.61986 3.76643 3.58711 3.51810 3.33206 2.85389 3.77153 3.54328 3.30259 3.27959 3.08403 3.11623 3.07189 3.23062 3.28927
4.13052 3.50441 3.61364 4.17722 4.08112 3.93580 3.61100 3.03518 2.49458 2.25898 2.44616 2.52240 2.41106 2.92350 2.89588 3.41518 1.99284 2.66527 3.50189 2.94313 3.11624 2.90113 3.14667 2.89991 2.85003 2.65155 2.71239 2.93379 2.71493 2.84468 2.84760 2.87913 3.08275 3.14803 3.39235 3.39668 3.51116 3.81312 3.98122 4.28578 4.25210 3.97240 3.11824 2.33632 2.86497 2.47878 2.72349 2.63000 2.55779 3.14864 2.74677 3.84596 3.49110 4.11242 4.69391 3.94155 4.27542 3.71102 3.76179 3.66615 3.62949 3.55844 3.55478 3.43452 3.34296 3.20022 3.00557 3.25855 3.29086 3.16396 3.34804 3.34710
4.41449 4.21376 3.52120 4.06713 3.86951 3.55409 3.43686 2.92348 2.71727 2.35298 2.39618 1.84436 2.26280 2.39976 2.42991 3.34438 3.31574 2.45406 2.71802 2.77822 2.97858 3.03350 3.18126 3.12808 3.07204 2.84155 3.12425 3.06987 3.14116 3.01218 2.96776 2.67893 2.70901 3.07924 3.14413 3.38729 3.50909 3.82730 4.12902 4.27011 3.88953 4.45259 3.53570 2.87641 2.97991 2.82496 2.80535 2.65541 2.69336 3.20617 3.25171 4.07457 4.40592 4.14486 4.03562 4.16578 3.90213 4.01478 3.98659 3.84405 3.64760 3.85980 3.63183 3.92454 3.87216 3.50944 3.44371 3.46073 3.49212 3.15673 3.36849 3.80960
5.00274 4.64716 4.47963 4.68234 3.96503 3.67701 3.22245 2.92849 2.50767 2.44413 2.77276 2.53991 2.41718 2.29370 2.50022 3.32043 3.31431 3.54884 3.36043 2.92909 2.88426 3.03324 3.17061 3.34699 3.36487 3.26638 3.09748 3.14531 3.13946 3.05669 3.21002 3.03951 3.16732 3.08413 3.46783 3.59658 3.74351 3.90555 4.44205 4.23495 4.62075 4.70232 4.75612 3.84155 3.27162 2.36645 2.41838 2.29642 2.25346 3.41087 3.29100 3.68872 3.67023 3.62336 3.92604 4.24568 4.29649 4.24621 4.45386 4.40557 4.40426 4.50681 3.85840 3.53067 3.34181 3.15161 3.31955 3.43250 3.27886 3.12744 3.79210 4.22148
5.19282 5.00425 4.37331 4.37641 4.17189 3.99161 3.56817 2.72999 2.65273 2.66969 2.78876 3.58131 3.46273 3.47951 3.45172 3.51841 3.41840 3.79772 3.79917 3.83105 3.71809 3.99830 3.45778 3.72037 3.57977 3.52935 3.50092 3.16795 3.05454 2.99801 2.84288 2.99123 3.35256 3.21584 3.19507 3.66730 3.97085 3.34180 4.41908 4.98860 5.22504 4.72717 4.34267 3.92627 3.61994 3.96862 3.53071 3.23963 3.54899 3.36374 4.00865 4.29660 4.12202 3.97367 4.10459 4.60946 4.24345 3.74607 4.08840 3.60954 3.86334 3.97589 3.93806 3.87500 3.69237 3.93343 3.52928 3.94882 4.03162 4.12834 4.27160 4.43416
5.18003 5.51789 5.09075 5.11648 4.56035 3.78752 4.11507 3.44126 2.97080 2.69834 2.94601 3.75693 4.16317 4.27049 4.27393 3.95736 4.06472 3.68097 3.59319 5.02489 4.19888 4.18823 3.96761 4.00912 4.04055 4.22130 3.73837 3.48769 3.23542 3.17848 3.00866 3.19773 3.49539 3.51966 3.33267 3.85804 3.77262 4.51317 4.23402 4.57755 4.90523 4.67648 5.58910 4.87794 4.42370 3.75385 3.84400 3.82734 3.76083 3.65094 3.96355 4.06715 3.79782 4.08070 4.02624 4.24479 4.18648 4.02819 4.44164 3.97045 4.16987 4.52234 4.32098 4.27607 4.07585 4.23392 4.20815 4.57407 4.22825 4.32363 4.71059 4.66706
5.73001 6.18977 5.82721 5.62123 6.08448 4.96442 4.20508 3.96811 4.55549 3.68152 3.86283 4.14007 4.34253 4.64462 4.61620 4.07486 3.44221 3.83291 4.11664 4.38404 4.55617 4.63543 4.31735 4.41903 4.00545 4.39981 4.10989 3.77659 3.58362 3.29892 3.39470 3.30378 3.40116 3.26488 2.71928 3.56871 4.09484 4.48674 5.24556 5.14804 4.55674 5.32043 4.85543 4.65795 4.32155 3.77542 3.13636 3.34606 3.36729 3.42587 3.43305 3.42837 4.06501 3.66468 3.84755 4.19238 3.86330 4.42230 3.95734 4.45107 4.79267 4.20500 4.47989 4.76669 4.60261 4.66986 4.75917 4.80559 4.84722 4.76629 4.87417 5.08187
6.13581 6.38328 6.60966 7.12448 6.96054 7.17571 5.92117 6.01412 6.05291 6.00134 5.13223 5.18450 4.65613 5.41696 5.59954 4.86063 4.64418 4.37075 4.55916 4.29965 5.28186 5.87380 5.45538 4.94140 3.89479 4.91846 4.49967 4.03376 3.91284 3.59551 3.54669 3.63131 3.77904 3.51635 3.60387 3.87904 4.68188 5.61364 5.83042 6.18709 5.31407 5.06310 4.71489 3.95162 4.23322 3.70927 3.55360 4.57749 4.24571 -9999 -9999 3.82056 4.50495 3.79500 4.09416 4.93197 4.24507 4.17462 4.38484 4.78339 4.98266 5.06260 4.74099 4.85629 4.96198 5.06651 5.37102 5.55821 5.60448 5.85405 5.62385 5.49566
7.37755 7.53226 8.07198 8.25009 8.63034 8.45721 7.71509 7.30294 7.65263 6.53839 6.14441 5.99836 5.83208 5.66029 5.57523 5.41076 5.11040 4.45508 5.14895 4.82902 5.70209 5.32720 5.87110 5.34299 5.09695 4.93692 4.49586 3.52835 4.47166 4.42712 3.95307 4.03393 4.15872 4.39702 4.31715 4.48236 4.80217 4.72753 -9999 -9999 -9999 -9999 5.42186 -9999 4.48928 6.18505 5.71654 5.23342 4.73901 -9999 -9999 4.67049 5.12731 4.98510 4.77119 4.27089 4.49536 4.67515 5.02911 4.61009 4.75817 4.74107 4.40624 4.76705 5.48747 5.87446 5.99765 5.36323 5.16653 5.32561 5.98835 -9999
7.43919 8.25678 8.66115 9.55360 8.88513 8.82344 7.95844 7.45272 7.41481 6.47198 6.46044 7.00611 6.78471 6.55209 5.91788 6.15421 6.17721 6.21347 6.44493 6.90541 6.85787 6.83210 6.56653 5.88741 6.24714 4.69971 5.25286 5.49051 5.06196 5.09615 5.16196 5.40511 5.29136 5.84428 4.92460 4.74880 -9999 -9999 -9999 -9999 -9999 -9999 -9999 6.61920 6.31715 6.78239 -9999 -9999 -9999 -9999 -9999 6.15363 5.22586 5.34758 5.87171 5.99736 5.84011 5.20020 5.13895 4.68431 4.77330 4.68048 5.77226 5.64191 4.73492 5.67379 6.18921 5.77756 5.44750 -9999 -9999 -9999
