data/hydroclimate-scenarios/BCSD_hadcm_A1B/monthly_summaries/runoff_monthly_tot_apr.2070-2099.asc
ncols	311
nrows	91
xllcenter	102.75
yllcenter	31.75
cellsize	0.5
NODATA_value	-9999
[rows 0 to 31 of 91, columns 216 to 287 of 311]
-9999 -9999 -9999 -9999 -9999 -9999 -9999 -9999 -9999 -9999 -9999 -9999 -9999 -9999 -9999 -9999 -9999 -9999 -9999 -9999 -9999 -9999 -9999 -9999 -9999 -9999 -9999 -9999 -9999 -9999 -9999 -9999 -9999 -9999 -9999 -9999 -9999 -9999 -9999 -9999 -9999 -9999 -9999 -9999 -9999 -9999 -9999 -9999 -9999 -9999 -9999 -9999 -9999 -9999 -9999 -9999 -9999 -9999 -9999 -9999 -9999 -9999 -9999 -9999 -9999 -9999 -9999 -9999 -9999 -9999 -9999 -9999
-9999 -9999 -9999 -9999 -9999 -9999 -9999 -9999 -9999 -9999 -9999 -9999 -9999 -9999 -9999 -9999 -9999 -9999 -9999 -9999 -9999 -9999 -9999 -9999 -9999 -9999 -9999 -9999 -9999 -9999 -9999 -9999 -9999 -9999 -9999 -9999 -9999 -9999 -9999 -9999 -9999 -9999 -9999 -9999 -9999 -9999 -9999 -9999 -9999 -9999 -9999 -9999 -9999 -9999 -9999 -9999 -9999 -9999 -9999 -9999 -9999 -9999 -9999 -9999 -9999 -9999 -9999 -9999 -9999 -9999 -9999 -9999
-9999 -9999 -9999 -9999 -9999 -9999 -9999 -9999 -9999 -9999 -9999 -9999 -9999 -9999 -9999 -9999 -9999 -9999 -9999 -9999 -9999 -9999 -9999 -9999 -9999 -9999 -9999 -9999 -9999 -9999 -9999 -9999 -9999 -9999 -9999 -9999 -9999 -9999 -9999 -9999 -9999 -9999 -9999 -9999 -9999 -9999 -9999 -9999 -9999 -9999 -9999 -9999 -9999 -9999 -9999 -9999 -9999 -9999 -9999 -9999 -9999 -9999 -9999 -9999 -9999 -9999 -9999 -9999 -9999 -9999 -9999 -9999
-9999 -9999 -9999 -9999 -9999 -9999 -9999 -9999 -9999 -9999 -9999 -9999 -9999 -9999 -9999 -9999 -9999 -9999 -9999 -9999 -9999 -9999 -9999 -9999 -9999 -9999 -9999 -9999 -9999 -9999 -9999 -9999 -9999 -9999 -9999 -9999 -9999 -9999 -9999 -9999 -9999 -9999 -9999 -9999 -9999 -9999 -9999 -9999 -9999 -9999 -9999 -9999 -9999 -9999 -9999 -9999 -9999 -9999 -9999 -9999 -9999 -9999 -9999 -9999 -9999 -9999 -9999 -9999 -9999 -9999 -9999 -9999
-9999 -9999 -9999 -9999 -9999 -9999 -9999 -9999 -9999 -9999 -9999 -9999 -9999 -9999 -9999 -9999 -9999 -9999 -9999 -9999 -9999 -9999 -9999 -9999 -9999 -9999 -9999 -9999 -9999 -9999 -9999 -9999 -9999 -9999 -9999 -9999 -9999 -9999 -9999 -9999 -9999 -9999 -9999 -9999 -9999 -9999 -9999 -9999 -9999 -9999 -9999 -9999 -9999 -9999 -9999 -9999 -9999 -9999 -9999 -9999 -9999 -9999 -9999 -9999 -9999 -9999 -9999 -9999 -9999 -9999 -9999 -9999
-9999 -9999 -9999 -9999 -9999 -9999 -9999 -9999 -9999 -9999 -9999 -9999 -9999 -9999 -9999 -9999 -9999 -9999 -9999 -9999 -9999 -9999 -9999 -9999 -9999 -9999 -9999 -9999 -9999 -9999 -9999 -9999 -9999 -9999 -9999 -9999 -9999 -9999 -9999 -9999 -9999 -9999 -9999 -9999 -9999 -9999 -9999 -9999 -9999 -9999 -9999 -9999 -9999 -9999 -9999 -9999 -9999 -9999 -9999 -9999 -9999 -9999 -9999 -9999 -9999 -9999 -9999 -9999 -9999 -9999 -9999 -9999
-9999 -9999 -9999 -9999 -9999 -9999 -9999 -9999 -9999 -9999 -9999 -9999 -9999 -9999 -9999 -9999 -9999 -9999 -9999 -9999 -9999 -9999 -9999 -9999 -9999 -9999 -9999 -9999 -9999 -9999 -9999 -9999 -9999 -9999 -9999 -9999 -9999 -9999 -9999 -9999 -9999 -9999 -9999 -9999 -9999 -9999 -9999 -9999 -9999 -9999 -9999 -9999 -9999 -9999 -9999 -9999 -9999 -9999 -9999 -9999 -9999 -9999 -9999 -9999 -9999 -9999 -9999 -9999 -9999 -9999 -9999 -9999
-9999 -9999 -9999 -9999 -9999 -9999 -9999 -9999 -9999 -9999 -9999 -9999 -9999 -9999 -9999 -9999 -9999 -9999 -9999 -9999 -9999 -9999 -9999 -9999 -9999 -9999 -9999 -9999 -9999 -9999 -9999 -9999 -9999 -9999 -9999 -9999 -9999 -9999 -9999 -9999 -9999 -9999 -9999 -9999 -9999 -9999 -9999 -9999 -9999 -9999 -9999 -9999 -9999 -9999 -9999 -9999 -9999 -9999 -9999 -9999 -9999 -9999 -9999 -9999 -9999 -9999 -9999 -9999 -9999 -9999 -9999 -9999
-9999 -9999 -9999 -9999 -9999 -9999 -9999 -9999 -9999 -9999 -9999 -9999 -9999 -9999 -9999 -9999 -9999 -9999 -9999 -9999 -9999 -9999 -9999 -9999 -9999 -9999 -9999 -9999 -9999 -9999 -9999 -9999 -9999 -9999 -9999 -9999 -9999 -9999 -9999 -9999 -9999 -9999 -9999 -9999 -9999 -9999 -9999 -9999 -9999 -9999 -9999 -9999 -9999 -9999 -9999 -9999 -9999 -9999 -9999 -9999 -9999 -9999 -9999 -9999 -9999 -9999 -9999 -9999 -9999 -9999 -9999 -9999
-9999 -9999 -9999 -9999 -9999 -9999 -9999 -9999 -9999 -9999 -9999 -9999 -9999 -9999 -9999 -9999 -9999 -9999 -9999 -9999 -9999 -9999 -9999 -9999 -9999 -9999 -9999 -9999 -9999 -9999 -9999 -9999 -9999 -9999 -9999 -9999 -9999 -9999 -9999 -9999 -9999 -9999 -9999 -9999 -9999 -9999 -9999 -9999 -9999 -9999 -9999 -9999 -9999 -9999 -9999 -9999 -9999 -9999 -9999 -9999 -9999 -9999 -9999 -9999 -9999 -9999 -9999 -9999 -9999 -9999 -9999 -9999
-9999 -9999 -9999 -9999 -9999 -9999 -9999 -9999 -9999 -9999 -9999 -9999 -9999 -9999 -9999 -9999 -9999 -9999 -9999 -9999 -9999 -9999 -9999 -9999 -9999 -9999 -9999 -9999 -9999 -9999 -9999 -9999 -9999 -9999 -9999 -9999 -9999 -9999 -9999 -9999 -9999 -9999 -9999 -9999 -9999 -9999 -9999 -9999 -9999 -9999 -9999 -9999 -9999 -9999 -9999 -9999 -9999 -9999 -9999 -9999 -9999 -9999 -9999 -9999 -9999 -9999 -9999 -9999 -9999 -9999 -9999 -9999
-9999 -9999 -9999 -9999 -9999 -9999 -9999 -9999 -9999 -9999 -9999 -9999 -9999 -9999 -9999 -9999 -9999 -9999 -9999 -9999 -9999 -9999 -9999 -9999 -9999 -9999 -9999 -9999 -9999 -9999 -9999 -9999 -9999 -9999 -9999 -9999 -9999 -9999 -9999 -9999 -9999 -9999 -9999 -9999 -9999 -9999 -9999 -9999 -9999 -9999 -9999 -9999 -9999 -9999 -9999 -9999 -9999 -9999 -9999 -9999 -9999 -9999 -9999 -9999 -9999 -9999 -9999 -9999 -9999 -9999 -9999 -9999
-9999 -9999 -9999 -9999 -9999 -9999 -9999 -9999 -9999 -9999 -9999 -9999 -9999 -9999 -9999 -9999 -9999 -9999 -9999 -9999 -9999 -9999 -9999 -9999 -9999 -9999 -9999 -9999 -9999 -9999 -9999 -9999 -9999 -9999 -9999 -9999 -9999 -9999 -9999 -9999 -9999 -9999 -9999 -9999 -9999 -9999 -9999 -9999 -9999 -9999 -9999 -9999 -9999 -9999 -9999 -9999 -9999 -9999 -9999 -9999 -9999 -9999 -9999 -9999 -9999 -9999 -9999 -9999 -9999 -9999 -9999 -9999
0.02939 0.33204 0.38734 -9999 -9999 -9999 -9999 -9999 -9999 -9999 -9999 -9999 -9999 -9999 -9999 -9999 -9999 -9999 -9999 -9999 -9999 -9999 -9999 -9999 -9999 -9999 -9999 -9999 -9999 -9999 -9999 -9999 -9999 -9999 -9999 -9999 -9999 -9999 -9999 -9999 -9999 -9999 -9999 -9999 0.23022 -9999 -9999 -9999 -9999 -9999 -9999 -9999 -9999 -9999 -9999 -9999 -9999 -9999 -9999 -9999 -9999 -9999 -9999 -9999 -9999 -9999 -9999 -9999 -9999 -9999 -9999 -9999
0.25842 0.32131 0.41647 0.07435 0.09361 0.22660 0.36505 2.34493 2.54608 2.67473 0.37096 0.36984 0.48872 0.59008 0.46333 1.27069 -9999 -9999 -9999 -9999 -9999 -9999 -9999 -9999 -9999 -9999 -9999 -9999 -9999 -9999 -9999 -9999 -9999 -9999 -9999 -9999 -9999 -9999 -9999 0.25910 0.44280 0.38127 0.11730 0.00000 0.04741 0.34008 -9999 -9999 -9999 0.79525 -9999 -9999 -9999 0.63931 0.54569 1.02316 -9999 -9999 -9999 -9999 -9999 -9999 -9999 -9999 -9999 -9999 -9999 -9999 -9999 -9999 -9999 -9999
0.44608 0.75645 0.99099 1.68192 0.65616 0.77542 0.84113 1.02251 1.23462 1.37178 1.27138 0.00000 1.00408 0.74118 0.57808 0.25408 0.13360 0.12507 0.61763 0.71746 0.83311 0.55333 -9999 -9999 -9999 -9999 -9999 0.58794 0.55678 0.61983 0.69605 0.36034 0.36210 0.61580 0.63961 1.54539 1.64382 1.57525 1.62288 0.18543 0.23781 0.25978 0.30652 0.03201 0.05858 0.36472 0.36059 0.43363 0.48339 0.85185 1.04678 0.63306 0.49358 0.30510 0.17984 0.21578 0.28013 0.25778 0.50761 1.03806 1.34902 -9999 -9999 -9999 -9999 -9999 -9999 -9999 -9999 -9999 -9999 -9999
1.12771 1.51498 4.10571 1.13117 1.22859 1.37396 1.21012 0.00000 1.48300 1.64446 1.54045 0.92154 0.80664 0.55076 0.48743 0.23425 0.13787 0.70526 1.03837 0.83133 0.98891 1.20471 1.46048 1.09709 1.03292 1.14511 1.26334 1.03593 1.10038 1.01990 0.78054 0.34033 0.41523 0.64563 0.65282 1.07054 1.22820 0.82997 0.72765 0.92724 0.78949 0.46165 0.55583 0.50740 0.57449 0.54488 0.64493 0.86590 0.96394 0.53718 0.61930 0.62010 0.60712 0.58489 0.64584 0.76216 0.77323 1.10156 1.00959 0.71098 0.36267 0.56578 0.60077 0.68036 0.56079 0.10612 0.06011 0.16752 0.19187 -9999 -9999 -9999
4.75179 2.83339 1.49618 2.16294 2.02726 2.07136 1.38177 1.14893 1.07662 1.58868 1.00196 0.38856 0.22919 0.29270 0.31679 5.79090 1.46917 1.02837 0.50357 2.74376 2.22544 2.05190 2.01501 1.20307 0.87088 0.81777 0.84189 1.10832 1.78331 1.70822 1.60341 0.68045 0.64305 1.31183 1.25853 1.47649 1.51705 1.06875 0.93074 1.28886 1.27217 1.14862 1.09685 1.11830 1.17787 1.12562 1.14921 1.24975 1.29555 0.87095 0.83829 0.80253 0.76566 1.01313 0.93678 1.05965 1.07957 1.50747 1.41616 0.85621 0.58546 1.01475 0.88523 0.83197 0.51057 0.06380 0.01957 0.10814 0.26478 -9999 0.39446 -9999
3.74158 7.55599 6.82545 4.66864 2.62818 2.51258 2.34660 3.37064 3.23015 1.28973 0.87062 0.11254 1.37191 6.67811 2.78150 5.70508 4.54480 8.58402 5.24245 5.27871 4.73891 2.80375 2.54610 1.49627 1.45177 0.81123 0.42392 1.14210 1.36121 0.36573 0.41533 0.85528 1.00516 0.97240 0.79430 0.54855 0.56320 0.79431 0.38472 1.00805 0.97876 1.28438 1.21517 0.69547 0.77907 0.97476 0.88640 1.28707 1.22621 1.28562 1.30705 1.43676 1.54336 2.44317 2.31040 1.45878 1.28484 1.91169 1.64595 0.16352 0.15651 0.31831 0.18192 0.63050 0.60226 0.23526 0.20130 0.43576 0.47836 0.28189 -9999 -9999
8.68110 6.58604 6.39677 7.67334 8.18887 12.83120 11.84610 5.99073 5.21421 5.27679 5.21256 5.37693 5.46290 10.26970 11.45510 21.47500 13.37810 8.26659 6.12187 6.38564 5.91389 3.01539 3.48199 3.17028 3.27755 2.78139 1.08614 2.90657 2.96764 1.54412 2.22841 3.26694 2.40364 2.09655 2.12045 1.34530 0.98821 1.91700 1.91996 1.35896 1.54838 2.72907 2.08470 1.70979 1.94398 2.52818 2.97408 2.69541 1.95681 2.65927 3.02215 2.28194 2.03045 3.41007 3.28096 2.54498 2.55311 3.23238 3.44035 1.15845 0.92326 0.75980 0.69998 1.69602 1.20766 0.52691 0.49615 0.88525 0.71972 0.36191 0.35419 -9999
13.82300 14.96170 13.29400 16.93560 19.57850 14.99120 13.67400 9.07051 7.80996 9.70465 9.87734 12.43840 14.18590 16.28430 17.33320 18.24480 9.38853 4.55612 4.82090 7.93171 6.05578 2.64474 3.09230 3.86319 5.28427 4.98657 3.28976 1.75425 3.17503 2.78703 3.80836 5.95926 4.73342 4.40645 3.90753 2.28651 1.60618 1.53154 1.71382 2.57144 2.62680 2.83574 2.42989 1.54773 1.84867 2.54037 2.53126 1.84786 2.97556 3.60699 4.04201 4.71914 4.33821 3.83840 3.93402 5.12748 5.48304 5.43448 5.50103 5.09847 4.45089 3.56936 3.21283 1.22566 0.27781 0.33178 0.24052 0.24850 0.22582 0.21230 0.16878 0.31225
11.01860 10.09500 10.24800 13.14030 14.96860 13.40840 11.47250 8.46825 8.82192 10.68070 9.99255 15.06750 17.72000 19.12530 19.35360 29.30660 16.00850 3.04300 1.58481 1.68300 3.59873 5.03027 7.33817 9.19408 6.96484 6.49255 5.84479 2.55448 4.71304 5.04426 5.45859 6.74952 8.01284 10.92170 12.09460 6.23773 5.50301 3.91530 4.58549 7.00173 6.25692 6.34142 5.78977 4.07261 3.65333 4.32102 4.18673 5.44160 5.81009 7.77359 6.54392 5.56503 6.56103 6.59806 6.69080 7.02042 8.86669 10.01950 8.49566 8.05912 6.88021 5.75311 5.59139 1.80941 0.55513 0.70563 0.72068 0.64529 0.60347 0.66246 0.54950 0.97519
9.41868 13.89160 26.91990 43.30680 40.94480 27.40720 27.12090 12.02400 8.51149 10.23800 3.28281 16.15500 22.89020 23.95720 20.28980 31.52800 33.01630 3.31103 2.66651 2.69338 6.02961 4.14025 9.80037 10.15520 9.04980 9.14135 10.06210 5.77267 6.73568 8.52575 9.71905 7.92115 10.83800 11.35330 8.43895 8.16996 7.91856 9.29340 9.51001 12.47010 10.83440 10.32520 10.20200 7.50201 6.31285 8.92454 6.97957 7.41026 7.74944 5.74296 4.66964 4.37839 4.01070 5.96184 8.25705 11.28530 5.60286 3.21677 10.74650 4.94512 4.85899 4.74984 3.95589 1.18155 1.23867 2.64673 2.48068 2.39991 2.24211 2.77837 2.64678 2.85676
21.95910 16.53760 25.03550 40.04920 40.43450 28.13210 15.10140 6.72549 6.86662 0.00000 1.30728 0.99556 0.69968 21.03250 20.44840 37.97550 36.13670 9.06550 2.32055 5.19440 8.57025 5.85492 6.82321 10.85010 11.27570 9.00888 9.59854 13.36000 17.84300 16.86170 12.61570 7.80184 6.26110 4.68253 5.33149 5.71540 5.93218 5.90060 7.40832 11.90890 11.26580 11.30990 11.35860 11.43590 10.62940 11.70590 11.09790 11.35910 13.19260 13.72500 13.63080 11.45210 9.90475 17.17340 19.06090 10.82200 3.76608 7.08921 7.83881 6.42681 3.10775 3.36110 2.16242 0.80813 1.37663 4.07355 4.48654 4.19522 3.78158 4.87420 4.56676 4.90527
20.00750 19.98810 21.82050 19.74460 21.08910 26.34150 27.22430 7.10314 3.48065 0.00000 0.00000 0.00000 0.00000 0.00000 0.00000 1.50479 35.28040 39.42600 3.84727 3.41224 3.42009 2.83535 3.75906 3.25654 6.00742 7.37282 8.43935 6.09061 7.09677 6.02567 5.31248 3.00051 3.15159 2.70128 2.02240 1.28332 1.64639 3.54359 3.69623 1.97362 1.68573 1.91901 1.64302 3.81953 6.99215 12.10600 13.11780 12.54730 15.70850 17.72640 19.91210 21.24530 20.21850 12.84450 8.77257 11.58110 10.15870 8.69831 5.94877 5.21593 5.71380 4.12152 4.48879 3.31584 3.80118 3.78791 5.79385 3.77111 4.22360 8.28185 8.15158 8.45687
22.44470 23.11920 21.87030 24.12500 22.07750 20.10430 19.79270 12.75570 13.24310 10.86660 8.58928 2.61256 1.32330 1.03237 0.00000 5.08034 11.90070 10.18080 21.38490 4.02468 12.23130 5.47982 4.34847 3.57939 4.26130 7.92621 12.26970 12.06250 13.67730 8.66492 8.20782 4.21042 3.67779 5.04511 3.95855 2.94702 2.94891 5.74569 5.09616 3.20529 2.91349 2.87586 2.78551 5.05637 7.87737 14.07770 16.31670 18.57490 18.62100 22.41100 18.52820 23.00570 20.32290 15.42550 14.68610 16.43510 13.48310 13.08070 8.46136 10.86980 12.40650 11.87930 8.34838 4.92622 5.06196 5.49107 4.94018 3.90715 3.68474 9.52054 10.96420 11.71000
27.41790 27.98530 28.56780 27.58860 28.12390 17.84270 22.70500 35.96790 35.68460 45.16220 25.83250 18.68750 16.52890 14.99450 15.29290 27.42520 11.51530 15.73360 11.38430 15.73800 19.81470 16.45590 18.02010 23.03430 21.34310 20.13120 27.89490 36.15090 23.50910 21.07560 15.62130 11.86680 12.20740 8.69745 10.71480 12.37820 14.08590 8.01310 8.06857 6.93811 6.32877 5.21811 10.58640 8.39124 5.76384 13.60210 24.62480 25.01050 20.82230 28.35240 25.56150 29.48850 23.62010 18.59720 18.32100 17.16570 14.84220 18.79750 13.50970 8.68796 7.73430 11.65850 13.88520 11.79710 9.86695 9.73466 9.92140 14.71000 12.29420 10.09640 13.83340 13.97950
22.66890 30.38680 31.99760 38.57220 39.73120 26.53080 25.88730 36.61550 24.27880 72.75950 70.49450 48.34130 27.21230 12.93450 11.61410 69.11720 52.18140 26.92970 31.65700 27.94980 40.13680 16.36340 20.13760 23.14510 34.36850 26.96400 30.85590 29.84780 15.83070 12.04240 14.57850 10.11270 9.61314 8.80609 10.23230 8.21588 13.03600 10.74410 9.96178 7.72335 11.06180 10.42970 9.06778 4.62140 6.13611 19.70240 30.06770 35.08330 33.52880 27.72130 27.04830 35.89920 29.31190 27.96090 24.37650 19.96690 21.00200 23.56740 19.11180 14.99950 16.07610 21.55220 20.37170 18.11510 14.51060 10.13840 13.18530 19.58600 22.29300 20.12170 14.27420 14.48940
48.96720 37.85310 30.93630 32.13360 31.85200 26.41510 27.13170 22.99990 23.99790 24.16040 28.46280 37.75310 38.98630 28.38550 10.41380 74.31740 76.70880 59.45450 54.68520 42.05470 32.56160 7.14211 3.55458 18.43860 24.50190 21.96870 27.86880 28.69240 17.01600 12.07690 7.03090 6.82936 10.29600 12.65890 10.64890 9.77276 11.28000 4.38502 6.51188 11.78700 14.28130 12.53460 10.30960 8.28599 5.76768 8.85264 7.99228 17.19430 20.29190 37.39060 33.14360 43.68770 37.21860 27.63190 27.72190 25.54550 23.84630 25.97700 25.78020 25.54820 23.26530 17.96710 18.34660 26.48710 22.44020 19.98020 20.82580 20.83210 22.19550 27.52770 22.74550 22.39630
52.58020 31.31120 30.22770 21.49900 21.64020 19.14950 21.39590 16.16620 18.95450 49.10030 54.09240 49.53460 49.26020 45.53440 35.17820 54.55610 56.99110 64.22210 85.97850 89.20140 51.72670 26.67110 15.40040 15.20240 10.93420 16.57260 23.83640 18.68670 10.27720 10.59820 5.83161 9.13688 11.89300 19.72900 19.16880 23.16210 18.87320 12.31610 11.27040 20.34700 11.19270 19.78780 15.20230 19.35000 17.82360 9.60578 9.52621 16.63370 26.57050 47.72380 32.43610 41.48050 41.70820 35.51830 33.89850 31.48910 36.09760 31.52670 29.22750 26.02890 22.37230 17.06280 13.19400 21.84340 24.83120 21.56490 23.75810 25.89460 25.53350 23.45820 31.78270 21.98530
60.21510 57.73250 39.50190 73.33910 61.25780 58.13200 62.90510 48.65140 27.81900 43.03610 77.08120 76.82930 26.91800 58.46300 104.03000 52.99240 64.37780 57.26500 53.82530 59.79940 56.60800 28.99490 20.42030 25.57580 35.42350 27.36550 23.17430 15.12320 9.21560 6.70353 6.76059 13.94520 22.30630 17.10300 17.12200 13.94040 18.59340 15.76330 14.62290 17.48390 23.62370 31.96620 38.02450 23.63030 22.00390 29.29470 41.21770 39.18910 43.86890 59.20970 42.82210 25.07970 40.18280 36.80200 33.13930 36.50440 36.66620 34.79500 35.87130 34.77360 35.06940 34.12550 32.87550 28.38880 24.34990 23.83400 22.77660 19.56730 22.65610 24.37740 28.97260 36.14120
52.10870 124.42400 215.64999 -9999 227.58800 165.05099 106.36200 86.55600 110.77100 238.41000 206.64301 213.77100 177.38100 80.19830 133.87199 48.90830 7.91789 4.30406 2.06832 42.52800 58.15770 49.77790 49.68930 63.17910 47.90620 64.95440 48.66840 37.20520 23.77810 11.06490 13.75430 20.81500 24.32090 22.89290 18.26380 17.87620 23.53260 31.87120 21.13130 29.47350 33.42200 31.54840 27.94130 25.04490 28.19270 36.27120 29.77230 35.74850 38.02420 46.78020 53.48540 29.84900 42.62780 42.26850 40.98430 43.24020 41.57740 40.44630 37.04370 35.75220 36.03010 33.54600 31.87760 30.28490 28.04270 29.20960 28.81250 27.93360 33.55550 33.10630 30.18480 21.74060
