data/hydroclimate-scenarios/BCSD_hadcm_A1B/monthly_summaries/runoff_monthly_tot_jun.2070-2099.asc
ncols	311
nrows	91
xllcenter	102.75
yllcenter	31.75
cellsize	0.5
NODATA_value	-9999
[rows 0 to 31 of 91, columns 0 to 71 of 311]
-9999 -9999 -9999 -9999 -9999 -9999 -9999 -9999 -9999 -9999 -9999 -9999 -9999 -9999 -9999 -9999 -9999 -9999 -9999 -9999 -9999 -9999 -9999 -9999 -9999 -9999 -9999 -9999 -9999 -9999 -9999 -9999 -9999 -9999 -9999 -9999 -9999 -9999 -9999 -9999 -9999 -9999 -9999 -9999 -9999 -9999 -9999 -9999 -9999 -9999 -9999 -9999 -9999 -9999 -9999 -9999 -9999 -9999 -9999 -9999 -9999 -9999 -9999 -9999 -9999 -9999 -9999 -9999 -9999 -9999 -9999 -9999
-9999 -9999 -9999 -9999 -9999 -9999 -9999 -9999 -9999 -9999 -9999 -9999 -9999 -9999 -9999 -9999 -9999 -9999 -9999 -9999 -9999 -9999 -9999 -9999 -9999 -9999 -9999 -9999 -9999 -9999 -9999 -9999 -9999 -9999 -9999 -9999 -9999 -9999 -9999 -9999 -9999 -9999 -9999 -9999 -9999 -9999 -9999 -9999 -9999 -9999 -9999 -9999 -9999 -9999 -9999 -9999 -9999 -9999 -9999 -9999 -9999 -9999 -9999 -9999 -9999 -9999 -9999 -9999 -9999 -9999 -9999 -9999
-9999 -9999 -9999 -9999 -9999 -9999 -9999 -9999 -9999 -9999 -9999 -9999 -9999 -9999 -9999 -9999 -9999 -9999 -9999 -9999 -9999 -9999 -9999 -9999 -9999 -9999 -9999 -9999 -9999 -9999 -9999 -9999 -9999 -9999 -9999 -9999 -9999 -9999 -9999 -9999 -9999 -9999 -9999 -9999 -9999 -9999 -9999 -9999 -9999 -9999 -9999 -9999 -9999 -9999 -9999 -9999 -9999 -9999 -9999 -9999 -9999 -9999 -9999 -9999 -9999 -9999 -9999 -9999 -9999 -9999 -9999 -9999
-9999 -9999 -9999 -9999 -9999 -9999 -9999 -9999 -9999 -9999 -9999 -9999 -9999 -9999 -9999 -9999 -9999 -9999 -9999 -9999 -9999 -9999 -9999 -9999 -9999 -9999 -9999 -9999 -9999 -9999 -9999 -9999 -9999 -9999 -9999 -9999 -9999 -9999 -9999 -9999 -9999 -9999 -9999 -9999 -9999 -9999 -9999 -9999 -9999 -9999 -9999 -9999 -9999 -9999 -9999 -9999 -9999 -9999 -9999 -9999 -9999 -9999 -9999 -9999 -9999 -9999 -9999 -9999 -9999 -9999 -9999 -9999
-9999 -9999 -9999 -9999 -9999 -9999 -9999 -9999 -9999 -9999 -9999 -9999 -9999 -9999 -9999 -9999 -9999 -9999 -9999 -9999 -9999 -9999 -9999 -9999 -9999 -9999 -9999 -9999 -9999 -9999 -9999 -9999 -9999 -9999 -9999 -9999 -9999 -9999 -9999 -9999 -9999 -9999 -9999 -9999 -9999 -9999 -9999 -9999 -9999 -9999 -9999 -9999 -9999 -9999 -9999 -9999 -9999 -9999 -9999 -9999 -9999 -9999 -9999 -9999 -9999 -9999 -9999 -9999 -9999 -9999 -9999 -9999
-9999 -9999 -9999 -9999 -9999 -9999 -9999 -9999 -9999 -9999 -9999 -9999 -9999 -9999 -9999 -9999 -9999 -9999 -9999 -9999 -9999 -9999 -9999 -9999 -9999 -9999 -9999 -9999 -9999 -9999 -9999 -9999 -9999 -9999 -9999 -9999 -9999 -9999 -9999 -9999 -9999 -9999 -9999 -9999 -9999 -9999 -9999 -9999 -9999 -9999 -9999 -9999 -9999 -9999 -9999 -9999 -9999 -9999 -9999 -9999 -9999 -9999 -9999 -9999 -9999 -9999 -9999 -9999 -9999 -9999 -9999 -9999
-9999 -9999 -9999 -9999 -9999 -9999 -9999 -9999 -9999 -9999 -9999 -9999 -9999 -9999 -9999 -9999 -9999 -9999 -9999 -9999 -9999 -9999 -9999 -9999 -9999 -9999 -9999 -9999 -9999 -9999 -9999 -9999 -9999 -9999 -9999 -9999 -9999 -9999 -9999 -9999 -9999 -9999 -9999 -9999 -9999 -9999 -9999 -9999 -9999 -9999 -9999 -9999 -9999 -9999 -9999 -9999 -9999 -9999 -9999 -9999 -9999 -9999 -9999 -9999 -9999 -9999 -9999 -9999 -9999 -9999 -9999 -9999
-9999 -9999 -9999 -9999 -9999 -9999 -9999 -9999 -9999 -9999 -9999 -9999 -9999 -9999 -9999 -9999 -9999 -9999 -9999 -9999 -9999 -9999 -9999 -9999 -9999 -9999 -9999 -9999 -9999 -9999 -9999 -9999 -9999 -9999 -9999 -9999 -9999 -9999 -9999 -9999 -9999 -9999 13.56030 15.23490 15.04070 14.13040 13.63340 11.99100 10.98010 10.95810 10.81290 12.35680 -9999 -9999 -9999 -9999 -9999 -9999 -9999 -9999 -9999 -9999 -9999 -9999 -9999 -9999 -9999 -9999 -9999 -9999 -9999 -9999
-9999 -9999 -9999 -9999 -9999 -9999 -9999 -9999 -9999 -9999 -9999 -9999 -9999 -9999 -9999 -9999 -9999 -9999 -9999 -9999 -9999 -9999 -9999 -9999 -9999 -9999 -9999 -9999 -9999 -9999 -9999 -9999 -9999 -9999 -9999 -9999 -9999 -9999 13.03730 20.03980 17.07640 18.45100 18.05810 15.91540 14.66940 14.97340 13.16730 10.89620 11.37370 10.78080 10.74990 16.13870 16.73170 9.54844 -9999 -9999 -9999 -9999 -9999 -9999 -9999 -9999 -9999 -9999 -9999 -9999 -9999 -9999 -9999 -9999 -9999 -9999
-9999 -9999 -9999 -9999 -9999 -9999 -9999 -9999 -9999 -9999 -9999 -9999 -9999 -9999 -9999 -9999 -9999 -9999 -9999 -9999 -9999 -9999 -9999 -9999 -9999 -9999 -9999 -9999 -9999 -9999 -9999 -9999 -9999 -9999 -9999 -9999 -9999 -9999 -9999 -9999 12.17440 15.38550 18.80560 19.48490 17.72770 20.61170 17.63600 10.95970 10.52150 11.32850 10.89440 12.46650 11.93420 6.11452 -9999 -9999 -9999 -9999 -9999 -9999 -9999 -9999 -9999 -9999 -9999 -9999 -9999 -9999 -9999 -9999 -9999 -9999
-9999 -9999 -9999 -9999 -9999 -9999 -9999 -9999 -9999 -9999 -9999 -9999 -9999 -9999 -9999 -9999 -9999 -9999 -9999 -9999 -9999 -9999 -9999 -9999 -9999 -9999 -9999 -9999 -9999 -9999 -9999 -9999 -9999 -9999 -9999 -9999 -9999 -9999 -9999 -9999 -9999 -9999 -9999 -9999 22.14720 21.84380 27.05290 31.17940 28.68330 22.69200 23.32550 13.68210 7.80869 7.14544 -9999 -9999 -9999 -9999 -9999 -9999 4.49562 -9999 -9999 -9999 -9999 -9999 -9999 -9999 -9999 -9999 -9999 -9999
-9999 -9999 -9999 -9999 -9999 -9999 -9999 -9999 -9999 -9999 -9999 -9999 -9999 -9999 -9999 -9999 -9999 -9999 -9999 -9999 -9999 -9999 -9999 -9999 -9999 -9999 -9999 -9999 -9999 -9999 -9999 -9999 -9999 -9999 -9999 -9999 -9999 -9999 -9999 -9999 -9999 18.13500 18.24010 24.60790 24.31460 19.26990 22.47480 30.08740 25.73260 21.40760 24.10490 12.97050 7.29034 7.88994 -9999 -9999 -9999 -9999 -9999 4.48825 4.22738 4.12402 3.94086 2.97493 2.95132 3.21717 3.18710 3.25303 3.09454 2.72681 2.76609 3.07882
-9999 -9999 -9999 -9999 -9999 -9999 -9999 -9999 -9999 -9999 -9999 -9999 -9999 -9999 -9999 -9999 -9999 -9999 -9999 -9999 -9999 -9999 -9999 -9999 -9999 -9999 -9999 -9999 -9999 -9999 -9999 -9999 -9999 -9999 -9999 -9999 -9999 -9999 -9999 -9999 -9999 16.40640 17.74300 23.19930 17.31990 21.91380 23.75520 31.86820 30.05990 27.78990 28.26820 23.08750 17.73060 12.66880 8.46921 8.80068 4.55285 -9999 2.55851 5.10095 4.65176 3.98378 3.81567 3.66253 3.70022 4.23176 3.90671 3.38692 3.13470 3.44594 3.44364 3.27576
-9999 -9999 -9999 -9999 -9999 -9999 -9999 -9999 -9999 -9999 -9999 -9999 -9999 -9999 -9999 -9999 -9999 -9999 -9999 -9999 -9999 -9999 -9999 -9999 -9999 -9999 -9999 -9999 -9999 -9999 -9999 -9999 -9999 -9999 -9999 16.47910 15.64840 19.05600 19.50090 12.13130 11.99750 9.93768 11.73210 14.95800 16.26810 18.56270 16.25890 24.34370 27.65020 33.52770 34.76880 25.83420 27.63740 18.14330 13.71110 15.18650 7.09753 4.12946 2.95328 4.88743 4.53989 4.21488 4.03519 4.66933 4.38384 4.21897 4.24499 3.90247 3.62082 3.24826 3.41630 2.93189
-9999 -9999 -9999 -9999 -9999 -9999 -9999 -9999 -9999 -9999 -9999 -9999 -9999 -9999 -9999 -9999 -9999 -9999 -9999 -9999 -9999 -9999 -9999 -9999 -9999 -9999 -9999 -9999 -9999 -9999 -9999 -9999 -9999 -9999 10.42550 14.02820 13.55590 13.30210 12.57780 11.81410 12.17060 8.65242 9.25821 12.32030 14.32250 8.74112 8.20359 14.32250 23.31630 33.51520 34.63000 33.70340 41.03040 31.94750 25.14440 14.14420 7.63142 5.80587 4.59237 3.93872 3.92835 4.60803 4.77925 5.65392 4.11093 3.98928 4.32240 5.06919 6.21609 4.77842 5.61905 7.12557
-9999 -9999 -9999 -9999 -9999 -9999 -9999 -9999 -9999 -9999 -9999 -9999 -9999 -9999 -9999 -9999 -9999 -9999 -9999 -9999 -9999 -9999 -9999 -9999 -9999 -9999 -9999 -9999 -9999 -9999 -9999 -9999 -9999 8.12592 8.52088 9.94982 10.20960 10.20810 9.79537 9.45248 11.32260 9.70820 13.06860 17.02870 9.76708 7.39137 8.27006 14.18840 27.46740 38.98760 42.03680 49.17300 50.31500 28.66630 17.00320 10.99340 8.92365 6.31818 5.06620 4.44792 4.76868 4.60511 4.11115 3.97277 4.18563 4.60179 4.98440 5.74378 6.31954 5.23254 5.93643 6.49737
-9999 -9999 -9999 -9999 -9999 -9999 -9999 -9999 -9999 -9999 -9999 -9999 -9999 -9999 -9999 -9999 -9999 -9999 -9999 -9999 -9999 -9999 -9999 -9999 -9999 -9999 -9999 -9999 -9999 -9999 -9999 7.10872 6.31268 6.66843 7.30573 10.56480 10.16650 8.43269 8.48431 8.72956 11.60890 9.96798 15.64900 10.84480 8.38163 7.69171 8.33743 10.77690 16.39630 23.48630 29.69210 33.26380 32.02940 30.27440 20.44470 9.28652 7.20294 7.00865 7.63440 5.73986 4.91446 4.18434 4.13958 3.34960 3.75746 4.48017 4.71774 4.49256 4.84307 6.82960 8.32919 8.33991
-9999 -9999 -9999 -9999 -9999 -9999 -9999 -9999 -9999 -9999 -9999 -9999 -9999 -9999 -9999 -9999 -9999 -9999 -9999 -9999 -9999 -9999 -9999 -9999 -9999 -9999 -9999 -9999 -9999 6.03488 5.66484 6.46269 6.92686 6.62328 6.02270 7.21164 7.76243 9.04113 8.19823 8.17656 7.92578 9.20997 8.88977 6.92797 7.22074 7.10170 7.26486 11.59640 23.95160 29.00790 30.62980 40.58180 29.74330 24.09350 21.28230 12.09110 8.94773 8.78219 7.27684 5.03233 4.55536 4.44637 4.30142 4.06473 3.80791 4.25069 5.08126 5.63982 6.10011 6.91008 6.41295 8.09641
-9999 -9999 -9999 -9999 -9999 -9999 -9999 -9999 -9999 -9999 -9999 -9999 -9999 -9999 -9999 -9999 -9999 -9999 -9999 -9999 -9999 -9999 -9999 -9999 10.09240 9.25258 7.81095 6.61378 6.49984 6.11804 7.28747 8.05667 8.71364 8.42600 8.36699 7.02246 9.45795 11.31280 12.24040 9.18433 8.99199 8.20828 6.81961 7.97401 8.57773 8.61576 8.68544 9.79525 17.86890 25.41140 22.94730 41.62100 33.81580 19.09310 13.76970 8.22095 6.51279 5.65176 5.16805 4.22313 3.41389 2.97965 2.75732 2.75729 2.88274 4.03312 3.99209 4.43883 4.95873 6.13595 10.70390 10.59030
-9999 -9999 -9999 -9999 -9999 -9999 9.88798 11.54570 12.79960 11.86320 10.06810 -9999 -9999 -9999 -9999 -9999 -9999 -9999 -9999 -9999 -9999 8.16350 9.44458 10.26590 10.33840 9.76112 7.81198 7.31970 7.46262 6.96395 6.47574 7.77170 8.42197 7.76630 8.10701 6.31302 7.27497 8.42585 9.77254 7.19567 7.57548 7.57311 8.05688 7.49692 7.50451 8.05891 8.30912 8.87448 16.47250 21.90680 25.48310 31.27120 31.35730 21.16710 12.70190 7.31672 6.74905 5.82866 4.34026 3.97836 3.78514 3.22493 3.44683 3.72358 4.01822 3.83589 3.50051 4.92308 5.33082 5.63587 6.24305 8.31326
-9999 -9999 -9999 -9999 -9999 10.89080 11.76850 18.49160 12.64270 16.12260 14.70630 15.43260 12.74070 15.02360 -9999 -9999 -9999 11.13430 10.15910 10.28470 9.23898 9.99923 8.97970 6.93182 8.38701 8.90669 7.99383 6.49488 6.48102 6.85701 7.05817 6.89670 7.15544 6.74125 6.32958 5.90887 6.93683 6.74686 5.97109 6.65567 6.76105 6.98411 7.89749 8.36492 8.48317 7.59693 9.80633 11.81550 15.78300 20.95140 22.96630 20.81700 17.46310 11.24040 9.30094 7.62653 8.10687 5.56339 4.09677 3.73098 3.29278 3.67971 3.20025 3.02035 3.89852 5.83788 5.75554 7.21369 6.16223 7.14869 6.99618 7.93342
-9999 12.24540 11.34550 7.84105 8.28702 10.23020 11.79530 12.49250 13.74250 12.42240 14.73180 13.48630 14.50400 13.81800 12.22020 10.20500 7.91286 9.96541 11.23200 8.25871 7.34053 7.69200 7.65454 6.69758 6.25965 8.43023 8.23635 7.14992 7.08714 6.80558 5.64848 5.32942 4.99636 5.52178 5.70110 5.70791 5.73936 5.76552 5.03029 5.61430 5.90629 5.96201 6.84729 7.55290 7.59994 6.99785 8.32371 9.22047 10.79490 14.18240 16.47750 21.70210 16.87280 15.72690 13.06080 9.85768 8.84557 5.22749 4.90305 4.22627 3.65843 3.89328 4.56697 4.29847 5.09687 5.77981 5.10469 7.12176 6.55062 8.20766 10.78250 13.97300
-9999 15.20150 13.90710 14.35060 14.00820 13.35140 11.19690 10.05820 9.22788 11.34100 13.67060 13.91350 14.88260 12.27260 12.00520 11.65600 14.17860 13.13540 12.09990 11.04970 10.32040 8.91164 10.79090 7.87413 7.17100 6.58426 6.44324 7.32770 7.24173 6.69243 5.98775 5.28757 5.16892 5.20884 5.45760 5.92538 6.04122 6.13386 6.30198 5.49766 5.64983 6.21253 6.48006 6.10556 6.09952 5.59739 6.43985 7.55709 9.14065 11.16240 11.40370 16.48850 14.04590 20.40870 15.75510 11.23820 10.39390 9.91360 8.19714 6.38268 6.30524 6.32871 6.50628 5.41693 6.76495 7.10808 7.67002 7.04413 7.56215 7.09389 7.44673 8.96214
-9999 -9999 -9999 14.13020 15.73860 13.16630 11.87270 10.17830 9.84943 9.38306 12.60330 12.10500 12.33340 10.98250 10.57410 11.00670 12.97120 10.70560 11.56170 12.11690 13.08060 12.13730 10.81300 8.83425 7.29402 6.43926 6.06530 6.48300 5.91762 5.71340 5.28634 4.98490 4.96944 4.74758 4.92456 5.78613 5.49672 5.62506 5.85871 5.39768 5.04445 5.96680 7.15312 5.93049 6.04319 5.84852 6.43014 7.51614 8.01050 9.35977 10.66180 13.61300 14.10550 16.36040 12.73570 12.59280 10.62500 9.28731 9.17519 7.25129 6.71040 7.54907 7.18959 7.79188 6.83372 7.02818 6.71406 8.21107 9.34390 8.46111 8.60391 9.42911
-9999 -9999 -9999 -9999 -9999 -9999 11.21850 10.83250 11.49700 10.23950 10.69670 11.99500 11.13020 11.37700 10.81530 10.46020 10.50410 11.70020 10.16510 8.51989 8.81989 8.66914 7.65414 6.74723 6.16327 7.06676 6.11430 6.26643 6.48433 5.61285 5.29956 5.25952 5.58434 5.56873 5.15690 5.17784 5.87259 5.42183 6.05078 6.29655 6.55865 5.68527 5.97142 5.58673 6.22145 6.58597 6.80879 8.43219 8.56872 10.00260 11.56110 16.23730 16.11760 11.94770 13.33420 12.59190 12.16240 11.98230 11.78620 9.04927 7.94947 8.49883 7.73262 7.67260 8.11223 8.10069 7.03764 9.40660 10.96040 9.69000 9.91125 8.81034
-9999 -9999 -9999 -9999 -9999 -9999 11.46190 11.18460 9.56376 11.63020 10.66270 10.03210 9.63835 9.62879 9.83158 9.68491 9.59386 9.51541 9.41338 8.48530 8.33773 7.74749 7.97555 7.10435 6.43608 5.97719 5.42722 6.01712 7.03473 6.87171 6.35082 6.00967 5.58601 5.81050 5.69876 5.27153 5.36693 5.38221 5.47311 5.60431 5.83686 5.87649 6.30902 6.05940 6.13650 6.13402 6.69300 7.15918 7.76156 9.58805 10.51260 9.99813 10.02010 10.75390 10.43380 9.41588 9.66142 10.41930 9.61136 9.43977 10.30850 10.38280 10.62790 8.34076 8.60762 7.59505 8.01660 8.76263 8.98439 9.03072 10.68310 10.44740
-9999 -9999 -9999 -9999 -9999 -9999 -9999 -9999 -9999 -9999 7.77479 9.78242 9.39364 6.49493 6.87571 7.77328 7.94286 8.70432 8.33044 7.06691 7.04454 6.65152 6.75290 7.52955 7.05483 6.74754 6.34294 5.35827 5.23046 6.01456 5.59501 5.66723 5.50530 6.01167 5.99984 5.36468 5.53247 5.33695 5.27449 5.80523 6.07889 5.68030 5.28500 6.80267 6.90753 7.18275 7.56364 7.13237 7.83542 8.34534 8.24042 8.44070 8.49969 8.39094 8.06109 8.05856 8.04459 7.74225 7.81089 8.54277 7.45968 7.50557 7.30579 7.46475 7.79560 7.30488 7.57482 7.10227 8.57255 9.06925 9.19612 11.43950
-9999 -9999 -9999 -9999 -9999 -9999 -9999 -9999 -9999 -9999 5.56578 6.23788 7.82433 5.46329 6.16670 7.88077 7.93193 8.38110 8.91359 8.10882 8.23195 7.49690 7.23093 7.76107 7.18748 6.12385 5.69218 5.44048 5.09236 5.80739 5.73247 5.73062 6.16223 6.04056 6.19574 6.02610 5.40576 4.78850 5.11374 5.50606 5.50400 5.54128 5.67824 6.32452 6.37751 6.69357 6.84809 6.48407 6.54983 7.82338 7.81458 8.22569 8.07717 7.66545 7.12203 6.92746 7.01633 7.26945 6.89432 7.10396 6.66478 6.36818 5.92095 6.52620 5.78050 6.09417 6.33001 5.77162 6.41803 8.71359 9.77647 10.35960
-9999 -9999 -9999 -9999 -9999 -9999 -9999 -9999 -9999 -9999 -9999 -9999 5.12320 5.87527 6.33244 6.38455 5.42011 5.08827 6.40808 6.67517 6.47600 6.48064 5.88359 6.00829 6.16389 5.66078 5.60909 5.43175 5.23322 5.01349 5.71736 5.91986 5.90586 4.98083 4.92893 4.97459 4.99878 5.58958 5.74244 5.63540 5.66884 5.79973 6.13076 6.30426 6.31338 6.28774 6.64026 6.96386 7.17492 6.99852 8.15818 8.73572 7.73414 7.51127 6.67379 6.73190 7.21506 7.67631 7.46019 6.77691 6.55173 6.14180 5.64922 6.27088 5.55158 5.66834 6.01383 5.74251 6.60142 6.90523 9.47362 11.54730
-9999 -9999 -9999 -9999 -9999 -9999 -9999 -9999 -9999 -9999 -9999 -9999 4.93838 5.26740 5.70463 5.89439 5.76087 5.91964 6.60201 6.56887 5.54331 6.19137 5.86101 5.83412 6.47602 6.01425 5.83407 5.31222 5.23588 5.02093 4.83728 5.38897 5.26151 5.15505 5.47373 5.34451 5.56322 6.68214 6.59413 6.08298 6.08029 6.08763 6.21660 6.40972 6.40181 7.17262 7.39927 8.59401 8.43462 8.74879 9.14077 8.59715 7.87631 6.86884 6.82884 6.99636 7.28418 7.50740 7.46118 6.54466 6.06452 5.69819 5.51098 6.05343 6.02938 6.09368 5.92895 6.96389 7.78139 9.16783 9.77981 9.41398
-9999 -9999 -9999 -9999 -9999 -9999 -9999 -9999 -9999 -9999 -9999 5.05468 5.44962 5.57661 5.70243 5.64774 5.13492 4.57786 5.09841 5.00788 4.53843 6.01141 5.51958 5.57690 5.85547 6.08151 5.96533 5.68065 4.98610 4.84155 4.57607 5.05536 5.23430 5.17147 5.29088 4.78999 5.18748 5.76667 6.14834 7.40602 7.46726 7.40248 7.55520 7.09273 6.83862 6.38443 6.61658 7.98498 8.40487 8.50937 8.37495 7.38270 7.01977 6.74377 6.05866 6.94947 7.18924 7.49312 7.34026 6.44700 6.18983 6.66703 6.62900 6.69412 6.49297 6.09019 6.48119 7.23048 8.16293 8.91442 11.87750 16.61590
-9999 -9999 -9999 -9999 -9999 -9999 -9999 -9999 -9999 -9999 -9999 4.48066 4.92375 5.63322 5.66172 5.60115 4.49115 4.57462 4.61443 5.04340 5.20337 5.73140 5.96948 5.73418 5.71113 5.94453 6.02785 5.93764 5.44364 5.57387 5.23723 5.62528 5.43571 5.50959 5.67522 5.05134 5.32442 5.78984 6.61395 7.30089 7.65643 7.86925 8.54426 8.26150 8.25813 8.54558 8.49189 8.32969 8.61004 8.19439 8.24337 7.28299 7.11562 6.80896 6.43973 7.71702 7.93032 7.32149 7.04003 6.95471 6.62894 7.04589 6.61972 6.73300 6.25948 6.67099 7.51544 7.48865 8.77871 11.18180 12.01180 11.71790
