data/hydroclimate-scenarios/BCSD_hadcm_A1B/monthly_summaries/runoff_monthly_tot_mar.2070-2099.asc
ncols	311
nrows	91
xllcenter	102.75
yllcenter	31.75
cellsize	0.5
NODATA_value	-9999
[rows 32 to 63 of 91, columns 0 to 72 of 311]
-9999 -9999 -9999 -9999 -9999 -9999 -9999 -9999 -9999 -9999 -9999 0.62115 0.55327 0.44521 0.36397 0.03055 0.02765 0.00722 0.00000 0.13593 0.10808 0.26178 0.34068 0.47322 0.52538 0.41176 0.42736 0.23503 0.27505 0.27562 0.18203 0.19133 0.21073 0.17435 0.11064 0.18647 0.12414 0.05445 0.01359 0.17932 0.16698 0.12562 0.10036 0.00000 0.00000 0.00000 0.00000 0.00000 0.00000 0.00000 0.00000 0.00000 0.00000 0.01654 0.04273 0.01049 0.03209 0.02561 0.02960 0.03178 0.03456 0.00000 0.02702 0.03034 0.03781 0.15862 0.10227 0.00000 0.00000 0.00000 0.00000 0.00000 0.00000
-9999 -9999 -9999 -9999 -9999 -9999 -9999 -9999 -9999 -9999 -9999 0.54491 0.46162 0.47228 0.32422 0.06890 0.05734 0.02842 0.02469 0.28074 0.23935 0.33450 0.45382 0.56146 0.37941 0.30597 0.26593 0.20081 0.32815 0.43517 0.23202 0.31171 0.37365 0.43373 0.37950 0.24468 0.23978 0.11356 0.04387 0.09982 0.12213 0.08616 0.09662 0.00000 0.00000 0.00000 0.00000 0.00000 0.00000 0.00000 0.00000 0.00000 0.00000 0.03775 0.05493 0.03439 0.03191 0.02116 0.03031 0.04378 0.04764 0.03264 0.04256 0.13379 0.13471 0.15661 0.11270 0.00000 0.00000 0.00000 0.00000 0.00000 0.00010
-9999 -9999 -9999 -9999 -9999 -9999 -9999 -9999 -9999 -9999 -9999 -9999 0.39992 0.28293 0.36462 0.25602 0.21602 0.24917 0.27394 0.25892 0.16061 0.36347 0.16477 0.09842 0.07974 0.00567 0.01880 0.00450 0.06731 0.10076 0.19786 0.59555 0.57730 0.41027 0.39354 0.13187 0.04060 0.03487 0.00362 0.00000 0.00000 0.00000 0.00000 0.00000 0.00000 0.00000 0.00000 0.00000 0.00000 0.05212 0.07528 0.04455 0.04450 0.01815 0.02541 0.09547 0.10943 0.00448 0.00790 0.00995 0.00774 0.09417 0.07810 0.09165 0.08921 0.07824 0.09043 0.02851 0.00000 0.01073 0.02424 0.00571 0.00620
-9999 -9999 -9999 -9999 -9999 -9999 -9999 -9999 -9999 -9999 -9999 -9999 0.72064 0.57282 0.50119 0.36679 0.41715 0.45038 0.46488 0.31108 0.26892 0.11565 0.04754 0.02435 0.00157 0.01407 0.02503 0.00547 0.05054 0.03716 0.03810 0.31158 0.69817 0.70952 0.47634 0.15349 0.06923 0.10255 0.09652 0.00000 0.00000 0.00190 0.00074 0.00565 0.00000 0.00000 0.00000 0.00000 0.00000 0.05862 0.05757 0.06492 0.06380 0.03381 0.04008 0.15381 0.20272 0.01421 0.01018 0.02432 0.01707 0.05698 0.04161 0.04897 0.09919 0.12402 0.05111 0.08922 0.03585 0.03147 0.00938 0.00953 0.02194
-9999 -9999 -9999 -9999 -9999 -9999 -9999 -9999 -9999 -9999 -9999 -9999 0.84610 1.15960 1.33755 0.50864 0.45030 0.44334 0.33543 0.17764 0.08908 0.01335 0.00268 0.00340 0.01151 0.00176 0.02702 0.11614 0.09518 0.41754 0.46548 0.78343 0.37412 0.20453 0.35778 0.55688 0.39311 0.06332 0.07548 0.01460 0.00264 0.00257 0.00000 0.00000 0.00000 0.01297 0.01312 0.00000 0.00000 0.00000 0.00000 0.02787 0.04493 0.04738 0.05712 0.02738 0.02562 0.01819 0.01817 0.00125 0.00000 0.00140 0.00506 0.06045 0.03090 0.02526 0.01811 0.09161 0.01915 0.00255 0.00060 0.00010 0.00021
-9999 -9999 -9999 0.48219 0.25219 0.24805 0.40376 0.30848 0.23831 -9999 0.23890 0.47833 0.85955 1.17175 1.26232 0.77890 0.46931 0.55556 0.22339 0.08144 0.13886 0.09725 0.06363 0.08087 0.06859 0.06642 0.17426 0.05890 0.10197 0.11932 0.43945 0.78577 0.57768 0.12992 0.39717 0.55342 0.53149 0.08939 0.10192 0.06281 0.03326 0.01236 0.00000 0.00000 0.00000 0.00000 0.00000 0.00000 0.00000 0.00000 0.00000 0.04075 0.04476 0.03269 0.04248 0.00035 0.00000 0.00802 0.00322 0.00140 0.00667 0.01079 0.00915 0.03857 0.05683 0.04030 0.01038 0.07826 0.11730 0.02032 0.00071 0.00000 0.00000
-9999 -9999 -9999 0.45777 0.41825 0.30743 0.28013 0.50281 0.58891 1.53534 0.87028 1.08179 0.49651 0.79669 0.45128 0.48637 0.42447 0.35582 0.27042 0.15743 0.18021 0.08392 0.17073 0.31564 0.15240 0.32488 0.27750 0.15529 0.08007 0.02089 0.20358 0.39983 0.43937 0.07279 0.08851 0.21649 0.19982 0.04243 0.20589 0.01782 0.00413 0.00035 0.02874 0.00994 0.00012 0.00000 0.00000 0.00000 0.00057 0.02721 0.01275 0.00000 0.00030 0.00337 0.02118 0.00017 0.00042 0.00080 0.00000 0.00000 0.00000 0.00208 0.00284 0.00101 0.00000 0.01767 0.01150 0.17986 0.09288 0.00000 0.00000 0.09540 0.01128
-9999 -9999 -9999 1.13688 0.63452 0.45275 0.30306 0.65521 0.80283 0.94882 0.83857 0.79852 0.63420 0.52096 0.20830 0.53197 0.28118 0.23761 0.68420 0.32964 0.24243 0.09705 0.22042 0.09541 0.03098 0.35047 0.35245 0.37466 0.33870 0.12793 0.03957 0.22515 0.55150 0.23912 0.17171 0.28715 0.45317 0.31843 0.20797 0.01769 0.00445 0.00115 0.01662 0.04169 0.03272 0.00000 0.00000 0.00101 0.00058 0.02413 0.01588 0.00000 0.00000 0.00176 0.03043 0.00083 0.01137 0.01170 0.00127 0.00003 0.00253 0.01861 0.06542 0.00000 0.01504 0.05591 0.01995 0.08760 0.01133 0.00000 0.00000 0.29526 0.35078
-9999 -9999 -9999 1.29962 1.77175 0.51930 0.71722 0.65644 0.86460 0.89830 0.93247 1.07180 0.50963 0.41693 0.23642 0.94475 0.72817 0.31793 0.42871 0.50498 0.16294 0.01289 0.00313 0.06966 0.16948 0.48198 0.59234 0.62978 0.21274 0.20745 0.54866 0.92077 0.55979 0.08377 0.09146 0.35312 0.67314 1.11788 0.85300 0.33364 0.04475 0.01414 0.01363 0.02829 0.06349 0.01242 0.00672 0.02798 0.00038 0.00206 0.00069 0.00086 0.00049 0.00069 0.00434 0.01139 0.02682 0.00749 0.00201 0.00303 0.00000 0.05782 0.07946 0.01991 0.02467 0.13702 0.07154 0.10717 0.01291 0.00000 0.09653 0.93496 -9999
-9999 -9999 -9999 1.96303 2.04133 0.52018 0.57851 0.86725 0.73969 0.85737 1.35897 1.07474 0.47524 0.31337 0.07361 0.69666 0.58870 0.62971 1.19277 1.18053 0.75803 0.03963 0.12402 0.83486 1.12051 1.44764 2.09013 1.39995 0.71751 0.58045 0.48862 0.42388 0.26011 0.31955 0.33405 0.83722 0.83964 1.37863 1.67966 0.91287 0.27877 0.13598 0.04039 0.03241 0.09912 0.07300 0.05328 0.02756 0.01235 0.01783 0.01313 0.01230 0.00918 0.00016 0.00351 0.00632 0.05801 0.02536 0.00796 0.00002 0.00000 0.05362 0.06382 0.00000 0.00000 0.14796 0.09865 0.04899 0.03544 0.18161 1.14784 -9999 -9999
-9999 -9999 -9999 -9999 1.25380 0.64135 0.60755 0.41920 0.66858 0.94109 0.84524 0.75212 0.39132 1.04283 -9999 -9999 -9999 -9999 -9999 0.43486 0.58696 0.83835 0.52039 0.36360 0.49102 1.48701 2.82001 2.10082 1.60742 1.84487 1.41447 1.14222 0.98051 1.41321 2.63263 2.14890 1.93236 1.57305 1.65393 1.93915 1.94628 2.27855 1.52083 0.60701 0.49294 0.67235 0.33939 0.08784 0.15060 0.36826 0.14958 0.08930 0.18384 0.05266 0.03208 0.00039 0.00050 0.00015 0.00000 0.07548 0.03836 0.00000 0.00007 0.00056 0.00000 0.00017 0.01914 0.48764 0.96527 -9999 -9999 -9999 -9999
-9999 -9999 2.03607 1.78887 1.27087 1.32464 0.97914 0.52925 1.08243 1.02101 1.03450 1.05188 0.51365 -9999 -9999 -9999 -9999 -9999 0.32669 0.68112 0.97199 2.16204 2.12273 1.10448 1.09271 1.83993 2.92941 3.16214 2.95207 2.85228 2.39090 1.98908 2.20799 2.52119 2.90084 3.26853 2.76658 2.27814 2.14506 2.61690 2.12498 3.65199 3.24277 1.92589 2.11676 1.75391 1.29803 0.64353 0.97083 2.26072 1.80790 1.50773 0.99327 1.28019 0.64396 0.29565 0.04052 0.00455 0.00000 0.40202 0.38978 0.04404 0.03622 0.01768 0.06646 0.18078 0.46088 -9999 -9999 -9999 -9999 -9999 -9999
-9999 -9999 2.28413 1.41433 1.79604 2.04127 1.59012 0.52751 1.41469 1.28444 0.57996 0.39613 1.23369 -9999 -9999 -9999 -9999 1.40446 0.84614 1.82710 2.11246 2.26560 1.97470 2.16798 2.56325 3.26352 3.33523 2.59155 2.76034 2.78550 2.35181 2.62789 3.42160 3.69528 3.92461 3.19783 3.47376 3.94151 3.19850 3.32105 4.39889 3.83873 3.84010 4.16639 3.46466 2.47864 2.69169 2.25489 5.03469 3.76554 4.15195 3.42694 3.11485 3.00902 2.59179 4.15879 2.63204 0.34887 0.24708 0.22592 0.28541 0.31669 0.49504 0.93951 1.61100 -9999 -9999 -9999 -9999 -9999 3.05831 -9999 -9999
-9999 -9999 4.32867 2.09290 1.71819 1.74158 2.45022 3.27999 2.60088 1.52640 1.14716 1.34085 4.92160 -9999 -9999 -9999 -9999 1.10205 1.61382 2.74505 2.47010 1.81459 1.49766 2.28455 2.05930 2.83679 2.42146 2.55868 2.38615 2.23176 2.08332 2.84766 3.02108 3.12956 3.64363 3.49947 3.36882 4.11722 3.48760 4.46338 5.01844 5.45879 5.65587 4.85139 5.08588 2.86406 2.61023 2.89731 3.90094 3.56148 4.74516 3.92926 3.66595 3.20345 3.36237 6.55963 6.16125 1.61418 1.98728 1.57649 2.16920 2.98565 3.07632 2.10089 1.16307 0.46354 1.49100 0.83917 1.31824 -9999 -9999 -9999 2.40267
-9999 -9999 -9999 4.56533 3.82135 6.05082 6.80898 5.57002 1.84438 1.03217 3.17960 5.16657 -9999 -9999 -9999 -9999 0.93549 1.64653 2.82615 3.24176 2.91141 1.98639 1.62062 1.74278 1.92699 2.18592 2.26027 2.22816 2.63806 1.98905 2.08041 2.41538 2.94954 3.25866 3.55047 4.18849 4.68252 5.04727 5.15851 4.71997 4.84635 5.79770 6.54023 6.82936 7.59874 7.86220 7.63311 6.88876 6.07192 5.90539 5.35844 4.11664 4.36269 5.09733 4.13453 2.65363 2.62711 1.74853 1.87697 2.75511 3.30350 3.80083 1.34742 0.02339 0.00000 0.49790 1.61346 1.69544 2.22598 2.81185 -9999 -9999 0.76268
-9999 -9999 -9999 -9999 7.90162 9.48093 8.94296 2.89853 1.66934 4.62891 5.61879 -9999 -9999 -9999 -9999 0.50321 1.07127 3.23747 4.62236 3.00242 2.28451 1.66648 1.55738 1.05665 1.37251 1.86070 2.02128 2.19275 2.26437 2.39352 2.10867 2.67270 3.00336 3.03842 3.33957 4.39365 4.75139 4.87989 4.86434 4.38445 4.08985 5.15346 5.53614 6.36883 7.23410 8.61053 9.98726 8.23505 7.26244 6.70084 8.03790 6.59940 5.89339 6.83599 7.57853 6.76914 7.58009 3.47994 3.17587 4.86960 2.71751 1.24613 0.73961 0.41251 0.09570 0.85302 2.86055 4.13150 2.26035 3.29381 3.69201 1.51682 1.76522
-9999 -9999 -9999 -9999 -9999 -9999 5.46195 4.86487 8.08237 6.44102 4.17828 -9999 -9999 -9999 -9999 -9999 4.15216 5.11594 4.27241 2.60935 2.03306 1.88638 0.93064 1.25249 1.13215 1.54699 1.72022 2.66397 2.98494 3.00728 2.40792 3.02143 3.44377 2.92654 3.44697 4.20979 4.49543 3.91420 4.34560 3.77277 3.58772 3.35255 3.61342 4.68232 6.14282 7.49083 7.84106 7.93492 7.91337 6.59740 7.52326 7.99531 9.13065 10.40980 9.19446 10.88440 8.81995 6.46065 5.40628 4.12241 2.20229 0.62484 0.48462 0.50359 0.18700 0.96287 4.20645 7.50954 5.95424 5.96706 4.15971 2.92088 2.13600
-9999 -9999 -9999 -9999 -9999 -9999 -9999 -9999 -9999 -9999 -9999 -9999 -9999 -9999 -9999 -9999 -9999 -9999 -9999 2.83788 2.22979 1.70833 1.25925 1.07784 1.25225 1.56929 2.19525 2.64551 3.01046 2.50930 2.95868 3.53688 3.35617 3.32480 3.33238 3.84722 4.42264 4.22659 4.23878 3.68104 3.34133 3.41545 3.77443 4.37900 5.30111 6.39763 7.11721 7.87265 7.45471 8.29722 9.52241 9.31119 8.13081 9.12631 8.41066 8.29993 9.21677 7.25121 6.43363 4.84585 1.98984 0.91861 0.67129 0.56951 0.47793 3.90044 8.36539 9.69827 9.25156 4.38873 3.38133 2.02076 1.81625
-9999 -9999 -9999 -9999 -9999 -9999 -9999 -9999 -9999 -9999 -9999 -9999 -9999 -9999 -9999 -9999 -9999 -9999 3.55919 2.74515 2.31649 1.30262 1.50334 1.55465 1.51561 1.74523 1.88530 2.24012 1.69836 2.02534 2.31486 2.56661 2.67712 2.92780 3.55708 4.16808 3.94687 4.44668 3.78736 3.14710 3.23181 3.52022 3.72009 4.06907 4.62304 5.03921 5.37120 4.42287 6.00003 7.11134 8.01419 10.34170 11.25090 13.14290 9.35430 8.74809 9.06757 4.98972 3.69878 4.85827 4.85937 5.16713 3.33615 2.00385 1.31146 5.34436 7.83374 11.90650 11.89050 8.36233 5.41605 0.77693 2.47087
-9999 -9999 -9999 -9999 -9999 -9999 -9999 -9999 -9999 -9999 -9999 -9999 -9999 -9999 -9999 -9999 -9999 3.87982 3.40204 2.62390 2.05030 1.45970 1.39995 1.34819 1.25982 1.67583 2.09951 1.82690 1.65862 2.26462 2.53855 2.69584 2.87752 3.41741 4.14248 3.63287 3.72506 3.78550 3.82004 3.28858 3.11509 3.57601 3.56531 4.13512 3.94660 4.13619 5.67888 5.02483 6.19557 6.88129 7.61982 8.59087 10.62670 13.33150 12.80710 12.69460 8.42865 4.82020 4.50055 6.13830 8.45606 6.13754 2.04772 1.47757 5.35155 7.32632 7.74686 13.68510 15.87260 11.11020 5.15707 1.84106 2.36138
-9999 -9999 -9999 -9999 -9999 -9999 -9999 -9999 -9999 -9999 -9999 -9999 -9999 -9999 -9999 -9999 -9999 2.88625 2.50384 1.82449 1.82892 1.33368 0.82025 0.80726 1.32991 1.07666 1.11279 1.27080 1.37589 1.45594 1.76407 2.36590 2.48795 3.69803 3.28909 3.29135 3.41729 2.88501 2.26322 2.52959 2.58577 2.99142 3.30621 3.21883 3.58138 4.90557 5.41726 3.43974 4.09917 7.13418 6.91395 7.72655 8.02595 8.68574 10.49510 12.63270 7.06886 5.17200 6.87596 7.96729 7.47375 5.12501 5.20918 4.73715 2.66821 3.77815 8.48653 7.04348 14.51520 16.24240 16.50080 4.64288 1.53371
-9999 -9999 -9999 -9999 -9999 -9999 -9999 -9999 -9999 -9999 -9999 -9999 -9999 -9999 -9999 -9999 2.95102 2.20994 1.54901 1.41133 1.30434 0.85669 0.77510 1.06747 1.40957 1.05354 1.09020 1.96268 1.55355 1.22901 1.13323 1.87171 2.51018 3.16387 2.76857 2.68009 2.79275 3.14873 2.36455 2.42184 2.06354 2.85894 3.27557 3.23157 3.21887 4.30345 4.65087 3.08719 3.50360 6.79405 7.01484 7.64403 8.13982 8.39345 9.78725 12.91310 10.85170 7.51233 6.87079 7.50917 8.16198 7.04218 5.82323 3.41623 5.74978 6.14104 8.15095 11.48900 18.58750 20.08020 15.69790 4.92354 3.40214
-9999 -9999 -9999 -9999 -9999 -9999 -9999 -9999 -9999 -9999 -9999 -9999 -9999 1.99138 1.94691 2.04741 1.86712 1.34138 1.31193 0.70570 0.71115 0.66111 0.62334 0.79444 0.76804 0.91342 1.34604 0.86685 0.86730 0.81986 1.05626 1.33857 1.17403 1.14087 1.42970 1.58054 1.92944 1.69913 1.12969 1.33462 1.24462 1.42962 1.37772 1.11102 1.78297 2.15979 2.67113 2.94537 3.37444 4.78650 5.23151 6.92184 7.56091 8.02719 8.43108 6.92240 7.25974 7.16879 6.21399 6.86795 7.71478 7.99524 10.06040 6.66087 8.84133 15.96310 14.61380 17.79360 13.84380 20.27520 10.28520 3.53069 2.44241
-9999 -9999 -9999 -9999 -9999 -9999 -9999 -9999 -9999 -9999 -9999 -9999 1.51177 1.52513 1.72530 1.81977 1.60045 1.04030 0.80962 0.40732 0.54165 0.56179 0.65345 0.78030 0.78324 0.75233 0.75660 0.76857 1.03222 1.08311 0.90380 1.17666 1.35487 1.39521 1.26401 1.38734 0.91556 0.94496 1.05536 0.87265 0.90860 0.66756 0.96822 0.95855 1.42011 2.30540 2.30080 2.76951 2.76725 3.46591 4.85426 4.65601 6.82687 5.89869 7.76614 10.00460 9.39762 5.54022 6.05040 6.07724 8.21136 8.24778 8.47591 9.46093 11.83540 22.10580 22.69160 15.47040 17.69270 13.99460 5.41584 6.15233 4.18819
-9999 -9999 -9999 -9999 -9999 -9999 -9999 -9999 -9999 -9999 -9999 1.60290 1.30355 1.52172 1.03369 0.77988 0.76954 0.59603 0.62060 0.45306 0.48773 0.35359 0.39223 0.55167 0.54569 0.39291 0.57187 0.56980 0.68966 0.77597 0.73286 0.45931 0.48588 0.66550 0.67782 1.05134 0.82586 0.66146 0.60857 0.47542 0.42266 0.65040 0.61398 0.82224 1.14631 1.44389 1.48295 2.02819 2.62142 3.05492 3.71492 3.70853 4.31683 5.75194 5.56407 6.73802 8.40785 7.43330 6.29363 6.91482 8.34398 11.73850 12.65460 14.47880 19.06010 18.07950 18.39750 17.25390 15.68860 5.47694 2.06796 0.78229 1.02638
-9999 -9999 -9999 -9999 -9999 -9999 -9999 -9999 -9999 -9999 1.74399 1.44395 1.10742 0.99382 0.91638 0.63198 0.61916 0.61352 0.65958 0.48505 0.30557 0.30011 0.41357 0.35955 0.55218 0.45360 0.39841 0.65501 0.56103 0.44404 0.42293 0.46254 0.44082 0.93993 1.22034 1.11784 0.78958 0.74017 0.69133 0.46215 0.62479 0.53922 0.59828 0.76628 0.76913 0.80836 1.29912 1.42237 1.86338 2.74182 3.06275 2.78884 4.05267 3.67618 4.62086 5.49216 6.73418 6.35523 7.07859 10.02140 10.91960 11.51070 13.15380 15.88250 18.82360 17.88940 23.71950 22.49560 11.85220 3.15202 1.47360 3.22986 2.82799
-9999 -9999 -9999 -9999 -9999 -9999 -9999 -9999 -9999 0.13102 0.13489 0.11969 0.13442 0.12840 0.12274 0.10789 0.07514 0.07218 0.07254 0.05620 0.05607 0.04632 0.04657 0.05808 0.05361 0.05571 0.05578 0.07211 0.06057 0.07771 0.08907 0.44176 0.56657 0.40613 0.60425 1.26664 0.75408 0.63442 0.50500 0.72880 0.38935 0.44451 0.46632 0.90328 0.62018 0.96939 1.08866 1.51321 2.02070 2.36121 2.85372 2.24789 2.52355 3.34491 3.76366 4.36361 5.75229 7.25029 7.52637 8.81894 9.58725 10.73280 11.40840 15.95740 16.46270 15.84630 16.67100 3.62353 1.55596 0.37346 0.44179 0.65320 0.82071
-9999 -9999 -9999 -9999 -9999 -9999 -9999 -9999 -9999 -9999 0.09580 0.07153 0.06027 0.08243 0.08139 0.07471 0.07687 0.07492 0.08105 0.05574 0.05296 0.04426 0.05196 -9999 -9999 -9999 -9999 -9999 -9999 0.08968 0.10230 0.40729 0.50287 0.33676 0.40144 1.22439 0.99438 0.48922 0.38325 0.67200 0.42757 0.49989 0.50980 0.84405 0.81374 0.94428 1.44868 1.30073 1.80972 1.92372 2.35608 1.90210 2.18506 2.50742 3.87118 3.76274 5.22597 6.01301 6.01505 7.85181 9.31811 9.84747 11.33420 10.66470 15.62350 14.51270 14.31430 2.46671 0.52605 0.34756 0.27839 1.38777 2.16788
-9999 -9999 -9999 -9999 -9999 -9999 -9999 -9999 -9999 -9999 -9999 -9999 0.04849 0.04387 0.04658 0.04740 0.03707 0.06390 0.07332 -9999 -9999 -9999 -9999 -9999 -9999 -9999 -9999 -9999 -9999 -9999 -9999 -9999 -9999 0.30334 0.47192 0.65950 0.67021 0.65182 0.46747 0.36008 0.49695 0.53483 0.68199 0.59819 0.55949 0.86657 1.20751 1.51060 1.52327 2.89649 2.97302 2.32570 2.45253 2.73747 2.81740 2.62364 3.50954 3.72084 3.45689 7.29591 8.45773 8.69627 10.70420 12.54490 13.37930 11.65440 8.64769 1.44590 0.99737 1.83787 2.11642 2.80745 -9999
-9999 -9999 -9999 -9999 -9999 -9999 -9999 -9999 -9999 -9999 -9999 -9999 -9999 -9999 -9999 -9999 -9999 -9999 -9999 -9999 -9999 -9999 -9999 -9999 -9999 -9999 -9999 -9999 -9999 -9999 -9999 -9999 -9999 -9999 0.44812 0.36712 0.39363 0.44703 0.35576 0.39605 0.59657 0.68312 0.86503 0.62652 0.82292 1.06831 1.19637 1.46944 1.84274 2.54826 2.98902 2.39716 2.60986 2.68227 2.92577 2.83501 2.82824 3.84503 4.83369 7.73705 8.68709 10.51150 12.76110 13.53510 12.65430 10.55050 9.37401 1.19728 1.42064 2.18671 4.89277 -9999 -9999
-9999 -9999 -9999 -9999 -9999 -9999 -9999 -9999 -9999 -9999 -9999 -9999 -9999 -9999 -9999 -9999 -9999 -9999 -9999 -9999 -9999 -9999 -9999 -9999 -9999 -9999 -9999 -9999 -9999 -9999 -9999 -9999 -9999 -9999 0.32967 0.45790 0.61262 0.62699 0.32657 0.39696 0.54652 0.71696 0.69005 0.76990 0.82297 1.10053 1.12129 1.76229 2.39357 2.11889 2.32798 2.30361 2.80017 2.83414 2.83474 2.26332 2.93646 3.91556 5.21534 6.44580 6.76423 7.74728 10.38140 10.64210 10.98280 7.81340 8.97867 5.13825 5.34132 10.18830 -9999 -9999 -9999
-9999 -9999 -9999 -9999 -9999 -9999 -9999 -9999 -9999 -9999 -9999 -9999 -9999 -9999 -9999 -9999 -9999 -9999 -9999 -9999 -9999 -9999 -9999 -9999 -9999 -9999 -9999 -9999 -9999 -9999 -9999 -9999 -9999 -9999 -9999 -9999 -9999 -9999 0.62607 0.56289 0.56222 0.49516 0.76294 0.84437 0.96733 1.11529 1.55837 2.14273 2.30494 2.21022 2.08454 2.23342 2.15661 2.62669 2.72639 2.18180 1.81170 2.90633 5.44844 5.82050 6.36821 10.16840 11.70300 9.95835 9.19476 7.70655 8.75941 10.30570 14.89520 -9999 -9999 -9999 -9999
