data/hydroclimate-scenarios/BCSD_hadcm_A1B/monthly_summaries/runoff_monthly_tot_jul.2030-2059.asc
ncols	311
nrows	91
xllcenter	102.75
yllcenter	31.75
cellsize	0.5
NODATA_value	-9999
[rows 0 to 31 of 91, columns 72 to 143 of 311]
-9999 -9999 -9999 -9999 -9999 -9999 -9999 -9999 -9999 -9999 -9999 -9999 -9999 -9999 -9999 -9999 -9999 -9999 -9999 -9999 -9999 -9999 -9999 -9999 -9999 -9999 -9999 -9999 -9999 -9999 -9999 -9999 -9999 -9999 -9999 -9999 -9999 -9999 -9999 -9999 -9999 -9999 -9999 -9999 -9999 -9999 -9999 -9999 -9999 -9999 -9999 -9999 -9999 -9999 -9999 -9999 -9999 -9999 -9999 -9999 -9999 -9999 -9999 -9999 -9999 -9999 -9999 -9999 -9999 -9999 -9999 -9999
-9999 -9999 -9999 -9999 -9999 -9999 -9999 -9999 -9999 -9999 -9999 -9999 -9999 -9999 -9999 -9999 -9999 -9999 -9999 -9999 -9999 -9999 -9999 -9999 -9999 -9999 -9999 -9999 -9999 -9999 -9999 -9999 -9999 -9999 -9999 -9999 -9999 -9999 -9999 -9999 -9999 -9999 -9999 -9999 -9999 -9999 -9999 -9999 -9999 -9999 -9999 -9999 -9999 -9999 -9999 -9999 -9999 -9999 -9999 -9999 -9999 -9999 -9999 -9999 -9999 -9999 -9999 -9999 -9999 -9999 -9999 -9999
-9999 -9999 -9999 -9999 -9999 -9999 -9999 -9999 -9999 -9999 -9999 -9999 -9999 -9999 -9999 -9999 -9999 -9999 -9999 -9999 -9999 -9999 -9999 -9999 -9999 -9999 -9999 -9999 -9999 -9999 -9999 -9999 -9999 -9999 -9999 -9999 -9999 -9999 -9999 -9999 -9999 -9999 -9999 -9999 -9999 -9999 -9999 -9999 -9999 -9999 -9999 -9999 -9999 -9999 -9999 -9999 -9999 -9999 -9999 -9999 -9999 -9999 -9999 -9999 -9999 -9999 -9999 -9999 -9999 -9999 -9999 -9999
-9999 -9999 -9999 -9999 -9999 -9999 -9999 -9999 -9999 -9999 -9999 -9999 -9999 -9999 -9999 -9999 -9999 -9999 -9999 -9999 -9999 -9999 -9999 -9999 -9999 -9999 -9999 -9999 -9999 -9999 -9999 -9999 -9999 -9999 -9999 -9999 -9999 -9999 -9999 -9999 -9999 -9999 -9999 -9999 -9999 -9999 -9999 -9999 -9999 -9999 -9999 -9999 -9999 -9999 -9999 -9999 -9999 -9999 -9999 -9999 -9999 -9999 -9999 -9999 -9999 -9999 -9999 -9999 -9999 -9999 -9999 -9999
-9999 -9999 -9999 -9999 -9999 -9999 -9999 -9999 -9999 -9999 -9999 -9999 -9999 -9999 -9999 -9999 -9999 -9999 -9999 -9999 -9999 -9999 -9999 -9999 -9999 -9999 -9999 -9999 -9999 -9999 -9999 -9999 -9999 -9999 -9999 -9999 -9999 -9999 -9999 -9999 -9999 -9999 -9999 -9999 -9999 -9999 -9999 -9999 -9999 -9999 -9999 -9999 -9999 -9999 -9999 -9999 -9999 -9999 -9999 -9999 -9999 -9999 -9999 -9999 -9999 -9999 -9999 -9999 -9999 -9999 -9999 -9999
-9999 -9999 -9999 -9999 -9999 -9999 -9999 -9999 -9999 -9999 -9999 -9999 -9999 -9999 -9999 -9999 -9999 -9999 -9999 -9999 -9999 -9999 -9999 -9999 -9999 -9999 -9999 -9999 -9999 -9999 -9999 -9999 -9999 -9999 -9999 -9999 -9999 -9999 -9999 -9999 -9999 -9999 -9999 -9999 -9999 -9999 -9999 -9999 -9999 -9999 -9999 -9999 -9999 -9999 -9999 -9999 -9999 -9999 -9999 -9999 -9999 -9999 -9999 -9999 -9999 -9999 -9999 -9999 -9999 -9999 -9999 -9999
-9999 -9999 -9999 -9999 -9999 -9999 -9999 -9999 -9999 -9999 -9999 -9999 -9999 -9999 -9999 -9999 -9999 -9999 -9999 -9999 -9999 -9999 -9999 -9999 -9999 -9999 -9999 -9999 -9999 -9999 -9999 -9999 -9999 -9999 -9999 -9999 -9999 -9999 -9999 -9999 -9999 -9999 -9999 -9999 -9999 -9999 -9999 -9999 -9999 -9999 -9999 -9999 -9999 -9999 -9999 -9999 -9999 -9999 -9999 -9999 -9999 -9999 -9999 -9999 -9999 -9999 -9999 -9999 -9999 -9999 -9999 -9999
-9999 -9999 -9999 -9999 -9999 -9999 -9999 -9999 -9999 -9999 -9999 -9999 -9999 -9999 -9999 -9999 -9999 -9999 -9999 -9999 -9999 -9999 -9999 -9999 -9999 -9999 -9999 -9999 -9999 -9999 -9999 -9999 -9999 -9999 -9999 -9999 -9999 -9999 -9999 -9999 -9999 -9999 -9999 -9999 -9999 -9999 -9999 -9999 -9999 -9999 -9999 -9999 -9999 -9999 -9999 -9999 -9999 -9999 -9999 -9999 -9999 -9999 -9999 -9999 -9999 -9999 -9999 -9999 -9999 -9999 -9999 -9999
-9999 -9999 -9999 -9999 -9999 4.48296 -9999 -9999 -9999 -9999 -9999 -9999 -9999 -9999 -9999 -9999 -9999 -9999 -9999 -9999 -9999 -9999 -9999 -9999 -9999 -9999 -9999 -9999 -9999 -9999 -9999 -9999 -9999 -9999 -9999 -9999 -9999 -9999 -9999 -9999 -9999 -9999 -9999 -9999 -9999 -9999 -9999 -9999 -9999 -9999 -9999 -9999 -9999 -9999 -9999 -9999 -9999 -9999 -9999 -9999 -9999 -9999 -9999 -9999 -9999 -9999 -9999 -9999 -9999 -9999 -9999 -9999
-9999 4.43402 2.85255 3.93347 4.16855 4.65165 4.94105 4.87869 5.01137 4.27240 4.12582 3.33378 3.36180 3.28901 3.29255 3.63469 3.51360 3.47004 3.46806 3.08751 3.17777 -9999 -9999 -9999 -9999 -9999 -9999 -9999 -9999 -9999 -9999 -9999 -9999 -9999 -9999 -9999 -9999 -9999 -9999 -9999 -9999 -9999 -9999 -9999 -9999 -9999 -9999 -9999 -9999 -9999 -9999 -9999 -9999 -9999 -9999 -9999 -9999 -9999 -9999 -9999 -9999 -9999 -9999 -9999 -9999 -9999 -9999 -9999 -9999 -9999 -9999 -9999
-9999 -9999 -9999 4.04724 4.16348 4.21769 4.33996 4.03328 4.10520 4.38801 4.33668 4.16937 4.02197 4.08943 3.94715 3.41777 3.54635 3.37048 3.39111 3.29654 3.32087 -9999 -9999 -9999 -9999 -9999 -9999 -9999 -9999 -9999 -9999 -9999 -9999 -9999 -9999 -9999 -9999 -9999 -9999 -9999 -9999 -9999 -9999 -9999 -9999 -9999 -9999 -9999 -9999 -9999 -9999 -9999 -9999 -9999 -9999 -9999 -9999 -9999 -9999 -9999 -9999 -9999 -9999 -9999 -9999 -9999 -9999 -9999 -9999 -9999 -9999 -9999
3.54624 3.78618 3.73288 3.98186 4.30318 4.65669 4.48096 4.12079 4.21004 4.14749 4.26691 4.18121 4.02863 4.12298 4.00131 3.54893 3.64094 3.47098 3.69339 3.79430 3.92394 3.29739 3.24923 2.95403 2.87800 2.83792 2.80483 -9999 -9999 -9999 -9999 -9999 -9999 -9999 -9999 -9999 -9999 -9999 -9999 -9999 -9999 -9999 -9999 -9999 -9999 -9999 -9999 -9999 -9999 -9999 -9999 -9999 -9999 -9999 -9999 -9999 -9999 -9999 -9999 -9999 -9999 -9999 -9999 -9999 -9999 -9999 -9999 -9999 -9999 -9999 -9999 -9999
3.73921 3.82400 4.05675 4.27023 4.29604 4.24054 4.40317 4.13170 4.21140 4.14774 4.16079 4.35485 4.30525 4.32762 4.41508 3.57298 3.63954 4.57344 3.15735 2.94594 3.07708 3.07781 2.88569 2.90593 2.85625 2.62940 2.64974 2.55577 2.51291 2.59489 2.50214 2.61000 2.75516 3.11429 3.19287 3.27369 3.25091 3.54954 3.71530 3.64967 3.70149 3.50620 -9999 -9999 -9999 -9999 -9999 -9999 -9999 -9999 -9999 -9999 -9999 -9999 -9999 -9999 -9999 -9999 -9999 -9999 -9999 -9999 -9999 -9999 -9999 -9999 -9999 -9999 -9999 -9999 -9999 -9999
2.99638 3.12045 3.81329 4.58345 4.68366 4.22373 4.26484 4.08016 3.74111 3.61828 4.21142 3.87097 4.47660 4.66631 4.55494 3.93381 3.79017 3.72859 3.44257 3.23194 3.50266 3.42524 3.03296 3.06676 3.17601 2.93413 2.81731 2.83572 2.79684 2.63388 2.67023 2.59623 2.60875 2.98903 3.05282 3.35148 3.43431 3.75363 3.71506 3.72388 3.94175 3.73703 6.11614 -9999 -9999 -9999 -9999 -9999 -9999 -9999 -9999 -9999 -9999 -9999 -9999 -9999 -9999 -9999 -9999 -9999 -9999 -9999 -9999 -9999 -9999 -9999 -9999 -9999 -9999 -9999 -9999 -9999
5.65179 5.01691 6.49826 5.99022 5.48404 5.81255 5.82989 6.07003 5.46494 5.48105 5.49283 4.27618 4.12964 3.52014 3.43499 4.42409 4.24504 4.42481 5.82163 4.61438 4.77872 4.83618 4.64273 4.04257 4.31674 4.07179 3.98743 3.80249 3.98284 4.01929 3.90789 3.72460 3.83436 3.76672 3.88093 3.79548 3.92551 4.33914 4.43408 4.08254 4.27470 4.44327 4.39876 -9999 -9999 -9999 -9999 -9999 -9999 -9999 -9999 -9999 -9999 -9999 -9999 -9999 -9999 -9999 3.50225 3.64807 -9999 -9999 -9999 -9999 3.57900 4.46761 5.30893 5.02738 3.99226 4.01367 4.03912 3.97812
6.12894 6.24283 6.41134 5.80246 5.11259 4.84941 5.43451 5.71122 6.41638 5.53778 5.02749 3.85184 4.05248 3.75661 3.60962 4.48423 4.38307 5.86478 4.21284 5.00789 4.66620 4.48021 3.98420 3.61845 3.67507 4.53589 4.64676 3.95411 3.98547 4.06168 4.12810 4.08759 4.49683 4.51010 4.04148 3.78405 3.89293 5.00400 6.03646 6.58257 6.96246 6.49473 5.27819 4.86731 4.71440 5.62787 4.05838 5.22698 5.60807 5.05286 5.04177 5.33997 5.18861 4.83520 4.08138 3.04512 3.12559 3.71453 3.62862 3.41281 -9999 -9999 -9999 -9999 -9999 3.84794 4.27889 5.01270 5.34647 5.35454 4.66366 5.01435
4.69773 6.43993 7.37139 4.76462 5.38128 5.66797 5.27316 4.48172 4.29925 4.19155 4.30301 3.42710 3.46557 3.57805 4.14365 4.24701 4.07631 4.06253 4.34336 4.22020 3.92288 3.51795 3.43897 3.19372 3.29195 3.24348 3.35230 3.50862 3.61354 3.68954 3.68991 3.40932 3.63188 3.68397 3.72848 3.89892 4.14604 6.22068 6.67103 4.69334 6.46709 4.69218 4.65040 4.10227 4.07287 3.92895 3.65112 4.57838 4.90209 4.46142 4.04058 4.11302 5.00889 5.83313 5.29497 4.98528 4.92795 4.56818 3.89936 4.15752 4.43117 3.95714 4.04847 3.88714 3.80820 3.70525 3.87568 4.17982 4.33781 4.95262 4.74590 5.23418
9.41128 6.06715 7.45846 7.01756 5.91717 6.16277 5.87909 4.68728 4.40823 4.26464 4.36076 3.55809 4.37872 3.62328 3.58130 4.15933 4.05444 4.22829 4.77949 4.93616 4.31286 3.76349 3.45295 3.36667 3.26665 3.26496 3.37312 3.60261 3.67892 3.75886 3.94612 3.48084 3.57384 3.94289 4.04266 6.15020 4.58887 4.96081 5.43453 4.98295 4.68359 5.31416 5.32410 4.66372 4.13369 4.03520 3.68138 3.91782 4.12847 4.73006 4.44915 4.27180 3.99222 5.14027 5.30454 5.33010 5.38485 6.15783 6.31989 5.04068 5.67093 4.80814 4.11184 3.99740 4.23414 3.87009 3.91358 4.13982 5.04049 5.81984 6.16301 6.25670
8.73868 6.25726 3.59215 6.26731 5.23618 5.55494 6.49237 5.73223 4.55970 4.50698 4.49517 4.39590 4.36110 4.44198 4.62970 4.27888 4.28791 4.59216 6.14332 5.40566 4.73371 4.43534 3.80496 3.87750 3.92228 3.85999 3.78089 3.76657 3.86514 4.06444 5.90481 3.96470 4.22123 3.91978 4.05084 4.22343 4.50461 5.41230 5.91222 5.42973 4.96619 5.57300 6.21244 6.50259 5.61587 5.10273 4.30349 3.48331 3.95293 4.41385 4.90046 4.63243 4.59192 3.87745 3.61395 3.63828 5.39536 5.39679 6.73035 8.21770 8.92181 8.56401 6.60217 6.07157 5.60246 5.08348 5.02696 5.21334 5.66294 5.47574 5.92287 6.38282
8.04554 7.91603 7.33507 5.54765 5.55791 5.78430 6.50362 6.45516 5.48727 7.12634 6.32634 4.90491 5.27628 4.85718 4.71389 4.71635 4.28016 4.56713 5.00677 4.93130 4.50570 4.34982 3.93614 3.94928 3.94808 3.91202 3.75457 3.86204 4.62158 3.91947 4.24109 4.31587 4.44307 3.99469 4.55734 4.66058 4.88342 4.77840 5.82407 6.53615 6.16667 5.23995 5.43266 6.98468 6.74413 5.73525 5.46154 3.99537 4.06642 4.22253 4.42926 4.49335 3.91101 4.19588 4.75496 4.86992 6.67867 5.57507 5.50767 6.08948 6.01968 5.87698 7.32443 8.36319 6.92475 7.46278 6.04633 5.67388 5.88949 5.93430 5.07728 5.44928
5.86167 7.03266 8.34693 10.17360 5.70425 4.44468 3.86899 5.41907 4.92276 5.76548 7.37944 9.52258 11.40400 7.31815 6.07151 4.98537 4.39175 4.82911 4.38044 4.09864 3.97869 4.17602 3.96523 3.95246 4.17290 4.23692 4.22147 4.06926 4.47090 4.39770 4.86050 4.84438 4.81601 4.51572 5.01517 5.01974 5.66743 5.48558 5.39704 6.65213 7.03931 6.22699 5.88185 6.39556 6.03511 5.84072 5.42994 3.99716 3.68105 4.09330 4.35877 4.72019 4.91944 5.12794 5.55322 5.70210 6.83323 5.41873 7.79333 6.61375 6.27180 5.59041 6.18672 6.90516 6.56103 6.01621 6.20294 5.64550 6.19354 5.40974 4.98960 5.15299
8.67415 9.69018 10.09850 10.37530 8.99725 7.64686 6.45673 5.69772 5.21407 4.59898 4.46415 5.57903 6.23972 9.37671 9.49248 8.12429 7.19082 5.78772 4.81378 4.95658 4.85809 4.72472 4.26413 4.12602 4.32102 4.59350 4.39317 5.08004 5.29523 5.09488 6.01673 5.46214 5.88359 5.22646 5.47808 5.47525 5.96618 4.66674 5.77600 6.36157 6.60507 6.11853 6.12466 6.70745 6.94576 6.64922 6.53957 4.99804 4.60403 5.37950 5.73344 6.24759 5.43882 5.92300 5.70488 6.94666 6.11196 6.04173 8.89085 6.29340 6.51056 6.48562 6.00733 6.58223 5.68874 6.79531 6.54239 5.90466 5.67643 4.97694 4.74204 5.18815
11.12390 12.93000 11.07210 12.22680 11.16560 8.33544 6.16213 6.56809 5.26655 5.54102 5.36754 5.92238 4.38077 5.78965 4.91731 5.36536 7.41342 8.94588 7.41984 6.29337 7.00218 6.09435 5.71620 3.98347 4.09482 3.38153 3.62345 4.10108 4.32734 4.48365 4.48621 4.73018 4.06945 4.62524 4.25602 4.29433 4.35883 5.28719 5.14086 4.50817 4.77787 6.00255 5.85414 7.79407 8.09213 7.74942 7.33924 6.23818 6.53230 5.86947 5.57755 6.06334 8.10022 5.47218 6.41658 5.23309 5.89475 5.57653 5.59907 6.23680 5.94990 5.91495 4.93897 6.28621 5.60919 5.85664 5.58689 5.93894 5.97773 5.20064 5.20407 5.99213
9.45046 8.56483 9.21521 10.20940 11.30210 9.99401 9.09569 8.53577 6.14091 5.37380 7.14123 7.43105 6.44846 9.31377 9.67376 10.27130 4.51828 7.29132 10.36890 8.72811 8.52371 7.83745 6.14648 4.57337 4.17192 3.47828 3.65195 4.10911 3.86067 3.97011 3.97112 3.67794 3.90789 3.85107 4.33200 4.62776 4.51723 5.39882 5.51533 5.77174 5.44956 6.35117 5.52416 4.91119 6.06067 6.88006 7.33346 7.45382 7.13736 6.18144 5.02768 5.78917 5.26206 6.68388 8.88970 5.81781 6.81529 5.27764 5.10723 5.63167 5.54856 5.96225 6.27825 5.14612 5.04196 5.29375 4.92377 5.27156 5.70248 5.19869 5.29236 5.50497
9.95471 9.04047 7.69021 7.76352 7.69794 7.98188 7.90269 6.65579 6.03305 5.81390 6.16452 5.46776 6.28253 8.22239 8.88231 8.96114 8.68053 6.40897 6.82052 7.66181 8.33007 7.97758 7.78430 5.23734 4.40006 3.88360 4.33490 4.42636 4.37648 4.29681 4.03932 3.38128 3.60492 4.05233 4.02859 4.02472 4.05457 4.78084 5.30422 5.55463 5.12141 7.13643 5.69381 5.58163 6.13073 7.03979 7.56254 7.02468 7.01286 6.56403 5.99163 5.92701 7.35817 5.96079 5.50529 5.13232 4.65631 6.81546 5.85159 6.14247 5.41623 5.69300 4.99552 5.57026 5.85029 5.62468 5.53022 5.80147 5.46973 5.02990 5.23266 4.94406
11.89520 10.59650 9.96456 9.13204 7.79558 7.63095 6.89212 5.99275 5.45225 5.71269 6.94940 6.81673 6.49098 7.09126 8.38362 8.57597 8.50050 9.74440 8.35709 8.69371 7.20284 7.25526 7.30286 6.48791 6.45741 4.84401 4.57539 4.93497 5.35709 4.73855 4.89135 3.97592 4.44561 4.39569 5.13702 5.04375 5.31377 4.93506 6.58839 6.37846 6.09575 6.90173 7.81551 8.20160 6.87835 5.91671 6.08521 5.21429 5.55633 6.21080 5.43976 4.58070 4.34685 4.10135 4.57371 4.68086 5.00507 5.54914 6.21409 6.55743 6.36628 6.25613 5.13636 4.92198 4.66509 4.91463 5.11990 4.96665 5.36213 5.41675 5.83363 5.10526
13.52670 12.21820 11.01440 10.26850 9.99141 8.66014 7.79929 6.81884 7.23888 7.31459 7.36065 8.99040 8.32280 8.22553 8.26583 8.71842 8.22785 9.76070 9.26792 9.01345 8.23288 9.03003 7.62100 7.51104 7.51501 7.60364 6.83863 6.71201 7.00585 6.44396 6.21310 6.02455 7.33725 7.03856 6.20317 7.35867 7.97194 5.92108 6.77068 8.07145 8.66805 7.71392 6.97488 7.52373 7.16804 7.31677 6.75113 5.76159 6.39399 6.21510 7.56799 8.59945 8.13819 7.48228 7.48119 7.01533 6.05076 5.11062 5.34672 4.75294 5.00570 5.09873 4.99365 4.83427 4.36266 4.67531 4.33969 4.81454 5.42303 6.26720 5.52872 5.43520
12.50940 13.48550 12.13760 12.34760 10.05300 7.93085 7.31747 7.80472 6.82909 6.11518 6.77974 8.06006 8.83938 9.50695 9.36725 8.80638 9.08934 8.73676 7.92231 10.90380 8.92665 8.45815 7.75392 7.29524 8.02705 9.72896 7.85678 7.51599 7.04697 7.54864 6.86581 6.74642 7.64333 7.70475 6.78895 7.60092 7.43204 8.09016 7.15120 7.51117 8.14477 7.22832 8.56736 8.46325 8.31167 6.92659 7.13185 6.50231 6.38673 6.38973 6.78735 7.77861 7.04707 7.21681 6.62147 6.11479 5.60212 4.89525 5.12834 4.82333 5.03234 5.26509 5.06446 5.89323 5.50046 5.52126 5.28434 5.34637 4.71266 5.50727 6.04505 5.74294
13.37850 14.50600 13.14820 13.20670 15.59870 10.93030 8.89082 8.36482 9.49084 7.53053 8.30838 8.15913 8.84979 9.46715 9.64680 8.61783 7.08280 8.24528 8.99817 8.78485 9.19718 8.58082 7.46208 7.03326 6.36715 7.24559 6.55535 6.03131 6.36031 5.93811 6.62926 6.62548 6.83382 6.80453 6.15081 6.17472 7.46389 8.77692 10.55850 8.09560 7.21317 8.56151 7.57833 7.97767 7.18462 6.13064 4.94868 4.63264 4.63046 4.49880 4.45026 5.07339 6.01117 6.08269 6.26131 5.74768 5.26383 5.54220 4.92215 5.47019 5.54616 5.31333 6.40468 7.70924 7.01038 6.86887 6.81430 6.25253 5.74999 5.60451 5.71819 6.82865
13.70510 14.35210 14.17280 17.15890 16.24830 20.31950 13.37460 12.17530 12.71680 12.81360 10.56890 9.82534 10.03030 10.99240 11.36550 10.14280 9.37917 8.64623 8.99675 7.76440 9.39271 10.12550 8.96008 7.25146 6.04811 8.35239 7.49672 7.24351 7.68192 7.00041 6.20563 6.86979 7.23972 7.29470 7.11060 7.14480 8.56702 10.93890 10.78990 9.82521 7.20390 7.60205 6.50430 5.52099 5.92936 5.52748 5.63963 6.51748 5.73100 -9999 -9999 5.32147 5.77900 5.14773 5.90182 6.41756 5.39261 4.97512 5.38451 5.83796 6.71025 7.15008 7.99098 9.73244 13.66850 12.50090 16.49720 8.54596 6.67736 6.77295 5.56075 7.02673
15.09760 15.45280 16.92800 16.13330 16.01090 18.75870 14.58390 14.16680 15.53470 13.97770 12.40180 12.09870 12.30990 11.52720 11.13880 10.57480 9.37138 7.35242 8.58891 8.07816 8.58188 7.91824 8.84132 8.07524 8.03433 9.01144 8.03506 6.71992 7.95671 7.97979 6.09273 6.51231 7.35943 8.00212 8.27524 9.06011 8.36841 7.58342 -9999 -9999 -9999 -9999 5.93614 -9999 6.89498 9.95765 8.98659 8.23274 6.12270 -9999 -9999 5.99479 6.68349 6.26635 5.86455 5.17106 5.30007 5.85707 6.39840 6.08339 6.36402 7.04299 7.29775 6.73637 16.89270 18.92340 13.98830 7.56056 6.44951 6.41290 5.93064 -9999
15.00360 16.05310 17.24060 17.63480 15.64980 17.17770 14.49330 12.64950 12.52880 11.64460 11.60910 12.93900 13.18260 12.42130 9.73602 9.99861 10.66320 9.64336 9.73476 10.95660 9.53957 9.32730 8.50190 7.97264 8.84702 7.85337 9.81812 9.47843 8.45903 8.37808 8.27337 9.13002 8.67396 10.72310 8.37058 7.76566 -9999 -9999 -9999 -9999 -9999 -9999 -9999 8.87727 8.29880 9.06442 -9999 -9999 -9999 -9999 -9999 6.69453 6.21240 7.08846 6.94662 7.50259 6.80884 5.99387 6.71926 5.29963 5.25325 5.91574 7.11101 6.24838 5.49164 6.87322 9.45746 7.15282 5.14161 -9999 -9999 -9999
