data/hydroclimate-scenarios/BCSD_hadcm_A1B/monthly_summaries/runoff_monthly_tot_mar.2030-2059.asc
ncols	311
nrows	91
xllcenter	102.75
yllcenter	31.75
cellsize	0.5
NODATA_value	-9999
[rows 32 to 63 of 91, columns 0 to 72 of 311]
-9999 -9999 -9999 -9999 -9999 -9999 -9999 -9999 -9999 -9999 -9999 0.10440 0.07763 0.07546 0.04241 0.03472 0.04548 0.03936 0.01018 0.00853 0.00000 0.04254 0.07295 0.08581 0.09888 0.00795 0.05583 0.06542 0.07520 0.05761 0.05289 0.08311 0.09249 0.07750 0.06357 0.12933 0.11321 0.00656 0.00320 0.00000 0.00000 0.00000 0.00000 0.00000 0.00000 0.00000 0.00000 0.00000 0.00000 0.00000 0.00086 0.00000 0.00000 0.00000 0.00000 0.00000 0.00000 0.00521 0.00816 0.00000 0.00000 0.00000 0.00291 0.00000 0.00000 0.00000 0.00000 0.00903 0.00000 0.00000 0.00000 0.00000 0.00000
-9999 -9999 -9999 -9999 -9999 -9999 -9999 -9999 -9999 -9999 -9999 0.05094 0.03888 0.05123 0.03065 0.04803 0.04485 0.02258 0.02045 0.02109 0.01746 0.07840 0.11304 0.11554 0.08297 0.04076 0.04527 0.07937 0.11264 0.12795 0.06860 0.13951 0.13289 0.11986 0.10372 0.17953 0.17303 0.03286 0.01149 0.00000 0.00239 0.00000 0.00000 0.00047 0.00000 0.00000 0.00000 0.00000 0.00000 0.00151 0.00108 0.00000 0.00000 0.00000 0.00000 0.01284 0.00683 0.02511 0.02424 0.00000 0.00000 0.00000 0.00215 0.00000 0.00000 0.00441 0.00000 0.00000 0.00030 0.00000 0.00000 0.00000 0.00000
-9999 -9999 -9999 -9999 -9999 -9999 -9999 -9999 -9999 -9999 -9999 -9999 0.06531 0.04046 0.05792 0.03189 0.02358 0.06799 0.07285 0.08216 0.05986 0.05404 0.02315 0.00390 0.00354 0.00376 0.00533 0.01930 0.08185 0.16203 0.24920 0.58211 0.55389 0.32201 0.30319 0.15423 0.05644 0.02373 0.01958 0.03748 0.03551 0.00000 0.00000 0.00000 0.00000 0.00000 0.00000 0.00000 0.00000 0.00000 0.00000 0.00000 0.00000 0.00000 0.00000 0.01093 0.01886 0.00118 0.00221 0.11462 0.11091 0.00689 0.00143 0.01051 0.01843 0.01692 0.01560 0.00000 0.00000 0.00000 0.00000 0.00000 0.00000
-9999 -9999 -9999 -9999 -9999 -9999 -9999 -9999 -9999 -9999 -9999 -9999 0.18588 0.10037 0.06869 0.04103 0.04946 0.08705 0.09465 0.07839 0.07489 0.01550 0.00787 0.00090 0.00000 0.00378 0.00595 0.02135 0.06928 0.13984 0.13081 0.41023 0.84423 0.55071 0.39314 0.16189 0.08397 0.04169 0.04357 0.05723 0.05220 0.00732 0.00000 0.00498 0.00000 0.00000 0.00000 0.00000 0.00000 0.00000 0.00000 0.00125 0.00000 0.00000 0.00168 0.02465 0.03038 0.00157 0.00958 0.13224 0.13600 0.01120 0.00000 0.00774 0.02849 0.02609 0.01341 0.00076 0.00030 0.00000 0.00000 0.00000 0.00000
-9999 -9999 -9999 -9999 -9999 -9999 -9999 -9999 -9999 -9999 -9999 -9999 0.13693 0.49533 0.62645 0.18033 0.14744 0.09986 0.06386 0.03633 0.01735 0.03316 0.02998 0.01537 0.02003 0.02714 0.08246 0.17295 0.19201 0.44496 0.52438 1.16622 0.60730 0.39212 0.61484 0.26244 0.21652 0.07745 0.09348 0.09693 0.04428 0.00395 0.01276 0.00000 0.00151 0.00635 0.00507 0.00109 0.00000 0.00000 0.00000 0.00000 0.00000 0.00000 0.00322 0.02188 0.01531 0.02459 0.02215 0.03228 0.03726 0.00507 0.01272 0.05321 0.03952 0.01985 0.01363 0.00014 0.00000 0.00044 0.00016 0.00000 0.00000
-9999 -9999 -9999 0.16779 0.08566 0.18235 0.24688 0.18359 0.17130 -9999 0.16568 0.07819 0.18816 0.52707 0.59262 0.21548 0.16828 0.21779 0.05765 0.02258 0.03938 0.10026 0.09828 0.05888 0.05541 0.16286 0.27471 0.13985 0.21469 0.12474 0.47917 1.11333 0.97419 0.34959 0.69357 0.30088 0.27379 0.11712 0.14925 0.13561 0.08688 0.03009 0.04259 0.00655 0.00000 0.00218 0.00000 0.00070 0.00098 0.00000 0.00000 0.00000 0.00046 0.00411 0.00490 0.00091 0.00000 0.00994 0.00000 0.02880 0.05884 0.01900 0.02184 0.02989 0.05375 0.02676 0.01003 0.00023 0.00281 0.00221 0.00024 0.00000 0.00000
-9999 -9999 -9999 0.44184 0.39973 0.25568 0.34790 0.32960 0.45002 0.74229 0.34435 0.54423 0.25243 0.37816 0.25255 0.29129 0.30250 0.22176 0.19203 0.12911 0.13220 0.10588 0.15899 0.33668 0.23211 0.31067 0.29838 0.25301 0.18863 0.02084 0.20534 0.58881 0.64651 0.40110 0.41091 0.42705 0.41425 0.22922 0.41063 0.03471 0.01250 0.01061 0.03673 0.01377 0.00158 0.00000 0.00000 0.00000 0.00000 0.00000 0.00000 0.00036 0.00165 0.00613 0.01868 0.00095 0.00163 0.00616 0.00241 0.00218 0.00318 0.00018 0.00074 0.00349 0.01571 0.01646 0.00750 0.06429 0.04616 0.00042 0.00054 0.00000 0.00000
-9999 -9999 -9999 0.75859 0.39700 0.43935 0.26704 0.43046 0.47397 0.40349 0.34527 0.43905 0.38975 0.31805 0.18497 0.38978 0.24226 0.21969 0.50741 0.31113 0.26916 0.12969 0.23858 0.21506 0.13868 0.41451 0.39624 0.50347 0.54573 0.18278 0.04132 0.40092 0.74032 0.55765 0.44349 0.43823 0.57777 0.48016 0.48421 0.02665 0.00822 0.01415 0.04475 0.03695 0.03350 0.00030 0.00070 0.00068 0.00040 0.00000 0.00000 0.00677 0.00802 0.01352 0.04204 0.00432 0.01403 0.02407 0.00690 0.00253 0.00403 0.00370 0.00696 0.01390 0.06697 0.04427 0.02555 0.04718 0.01868 0.00000 0.00000 0.01543 0.01949
-9999 -9999 -9999 0.64058 0.83055 0.31571 0.45406 0.31334 0.59580 0.54177 0.50113 0.75806 0.55556 0.32273 0.15936 0.46346 0.38237 0.43656 0.59693 0.56784 0.28882 0.12057 0.05228 0.09150 0.19367 0.43524 0.54814 0.78077 0.27509 0.21777 0.56197 0.99361 0.72094 0.45141 0.43213 0.52580 0.86436 0.82107 0.65814 0.69146 0.36803 0.04407 0.02672 0.12329 0.35980 0.02630 0.01375 0.03731 0.00177 0.01262 0.00028 0.00502 0.00288 0.02708 0.07132 0.07524 0.10679 0.00531 0.00277 0.00124 0.00000 0.00236 0.00261 0.01422 0.03209 0.01995 0.00832 0.02438 0.00030 0.00000 0.26890 0.53141 -9999
-9999 -9999 -9999 1.13081 1.01256 0.32492 0.37954 0.43545 0.46847 0.49826 0.74452 0.92328 0.56543 0.17865 0.04236 0.30750 0.25137 0.75394 1.18486 1.32303 0.83103 0.33758 0.34084 0.65936 0.83585 1.12387 1.54830 1.57840 0.82028 0.57121 0.51425 0.69019 0.48584 0.87006 0.98135 0.75282 0.78823 0.91321 1.09777 1.05313 0.70987 0.24015 0.08968 0.17123 0.46473 0.13506 0.08925 0.04667 0.03316 0.04452 0.03377 0.09623 0.04593 0.02510 0.14644 0.05160 0.21291 0.01471 0.00562 0.00000 0.00000 0.00000 0.00000 0.00000 0.00000 0.00359 0.00225 0.01340 0.01429 0.36883 1.46522 -9999 -9999
-9999 -9999 -9999 -9999 0.69531 0.44522 0.39911 0.26959 0.46612 0.75396 0.58523 0.41677 0.14428 0.25988 -9999 -9999 -9999 -9999 -9999 0.48565 0.60347 1.25235 0.93705 0.44978 0.62422 0.95440 2.01456 1.35182 1.00501 1.30882 1.01487 0.86378 0.69542 1.03896 1.80088 1.71238 1.55688 1.85105 1.96756 1.94962 2.05383 1.94808 1.56050 0.59668 0.59159 0.78239 0.44556 0.22945 0.40263 0.43813 0.22866 0.16140 0.14956 0.03318 0.01579 0.00117 0.00151 0.03194 0.02879 0.01866 0.01151 0.00672 0.00007 0.00003 0.00000 0.02283 0.08907 0.73197 1.22689 -9999 -9999 -9999 -9999
-9999 -9999 1.17771 1.01061 0.71920 0.87971 0.66797 0.33462 0.67982 0.71233 0.68114 0.50703 0.18666 -9999 -9999 -9999 -9999 -9999 0.12353 0.70158 0.85806 1.75982 1.70382 0.96268 0.91522 1.18934 2.02116 1.91994 1.84990 1.99749 1.54760 1.65570 1.76154 1.79167 2.01725 2.47203 2.13352 2.00004 1.93865 2.19677 2.05388 2.30888 2.28620 1.66618 1.93042 2.01008 1.44858 1.40263 1.80003 2.45376 2.15224 1.05752 0.72822 1.03229 0.51270 0.96026 0.37176 0.10255 0.08402 0.40998 0.45166 0.17131 0.09295 0.01272 0.03322 0.28866 0.61813 -9999 -9999 -9999 -9999 -9999 -9999
-9999 -9999 1.31706 0.92573 1.07335 1.31373 1.13204 0.53187 0.97128 0.68164 0.30621 0.33128 0.70223 -9999 -9999 -9999 -9999 1.64835 1.19346 1.34960 1.59877 1.42397 1.28928 1.44661 1.74767 2.39483 2.24999 1.40656 1.64530 1.83062 1.46029 1.43836 2.02694 2.78016 2.91165 2.74158 2.99014 2.63070 2.24232 2.11469 2.97620 2.78219 2.75209 3.16624 2.60123 2.63888 3.06070 2.18331 4.19902 3.21058 3.54469 3.10181 2.80335 2.77919 2.10513 4.28532 3.48102 0.62128 0.36384 0.42457 0.44904 0.64960 1.05559 0.57721 0.87696 -9999 -9999 -9999 -9999 -9999 1.51232 -9999 -9999
-9999 -9999 2.59062 1.34948 1.15109 1.29707 1.67187 2.01730 1.66978 0.88201 0.48589 0.73670 3.21157 -9999 -9999 -9999 -9999 1.39518 2.23312 1.87944 1.74824 1.30182 1.31958 1.62677 1.52174 1.99650 1.62243 1.52405 1.43834 1.45204 1.34598 1.50411 1.83558 2.39859 2.90623 2.91666 2.91980 2.69977 2.43550 3.37468 3.86176 4.56886 4.85295 4.10716 4.36226 2.81354 2.70935 2.42985 3.34324 3.09930 4.16596 3.34692 2.98414 2.66367 2.98453 5.41571 5.34334 2.63975 2.80439 2.20688 2.57793 3.91380 4.06546 1.44911 0.67375 0.33192 0.95883 0.56296 0.74381 -9999 -9999 -9999 1.70903
-9999 -9999 -9999 3.10582 2.52083 3.39921 3.60133 3.42331 1.31826 0.90452 2.14972 3.95701 -9999 -9999 -9999 -9999 1.26215 1.34549 2.36406 2.48533 2.30334 1.40203 1.22798 1.35774 1.45591 1.65689 1.70371 1.29476 1.58606 0.95479 1.02872 1.66313 2.19492 2.19882 2.38993 2.83242 3.17288 3.64928 3.64912 4.41661 4.69916 4.82351 5.81326 5.49504 6.18751 6.13857 5.91198 5.59360 4.59668 4.62911 4.14467 4.03313 4.20196 4.31419 3.80462 2.17330 2.28192 1.36766 1.49126 2.23495 2.62018 2.11417 0.58144 0.01593 0.00116 0.33183 1.18023 1.01848 1.29942 1.26118 -9999 -9999 0.33219
-9999 -9999 -9999 -9999 4.57657 4.63100 4.33375 1.98612 1.23169 3.25265 4.19703 -9999 -9999 -9999 -9999 0.76475 1.64822 2.65885 3.75438 2.12484 1.72270 1.17987 1.13282 0.83480 1.05917 1.41942 1.53522 1.36261 1.39668 1.36972 1.14325 1.91975 2.20787 2.15379 2.36855 2.98590 3.20579 3.55038 3.61835 3.84214 3.76501 4.30004 4.75233 4.71006 5.26564 6.95382 7.87633 6.50271 5.69386 5.33280 6.32161 5.73843 5.28222 5.38123 5.83260 4.55715 5.31214 2.54133 2.50292 3.76016 2.05689 0.54985 0.34972 0.25029 0.08740 0.68465 2.30890 2.91880 1.74489 1.61530 1.60511 0.81923 0.90283
-9999 -9999 -9999 -9999 -9999 -9999 4.01067 3.42843 4.92112 4.63646 3.52346 -9999 -9999 -9999 -9999 -9999 3.04361 3.95477 3.62358 2.14891 1.61161 1.45159 0.70754 0.82361 0.74266 1.15346 1.37153 1.73731 1.99781 1.83015 1.46462 2.08815 2.47117 1.99132 2.43700 3.48231 3.78223 3.16887 3.37814 3.22392 3.18928 3.12758 3.42079 3.64550 4.87633 5.77211 6.10764 6.92376 6.91428 5.68488 6.51531 5.45796 6.14447 6.50782 5.51945 7.84900 6.14428 3.79697 3.11983 2.87591 1.63815 1.21883 0.89799 0.47635 0.23462 0.85388 2.85504 5.53526 4.30698 2.89127 1.91053 1.32420 0.75637
-9999 -9999 -9999 -9999 -9999 -9999 -9999 -9999 -9999 -9999 -9999 -9999 -9999 -9999 -9999 -9999 -9999 -9999 -9999 2.05041 1.61928 1.32286 0.92926 0.72220 0.89138 1.22754 1.70148 1.59613 1.83163 1.49506 1.85417 2.57160 2.42911 2.37839 2.42221 3.20840 3.59044 3.35245 3.37708 3.19877 3.01467 3.32609 3.71332 3.48125 4.16046 4.88502 5.19561 6.73251 6.45268 7.49773 8.34985 6.21176 5.70388 6.19651 5.63596 6.14023 6.61400 4.46401 3.76994 3.20755 1.53296 1.52665 1.18047 0.53627 0.42977 2.73537 5.21921 6.64554 6.25673 1.98725 1.41644 0.76045 0.48419
-9999 -9999 -9999 -9999 -9999 -9999 -9999 -9999 -9999 -9999 -9999 -9999 -9999 -9999 -9999 -9999 -9999 -9999 2.60784 1.92520 1.57707 0.87071 1.13408 0.97530 0.97487 1.17105 1.19709 1.63858 1.24223 1.60666 1.64778 1.84501 1.98872 2.38381 2.92436 3.57614 3.31348 3.43189 3.04093 2.58247 2.65078 2.65611 2.80014 3.57168 4.00600 4.96163 4.87869 3.37407 4.64561 5.63292 6.32389 7.99200 8.67230 10.39550 7.15490 7.18657 6.67614 4.10165 3.02354 4.36331 4.30546 3.84218 2.55593 2.14414 1.49176 4.07318 5.89400 6.12359 5.28208 3.59026 1.76409 0.40660 1.25845
-9999 -9999 -9999 -9999 -9999 -9999 -9999 -9999 -9999 -9999 -9999 -9999 -9999 -9999 -9999 -9999 -9999 2.70219 2.43930 1.85878 1.34247 0.95666 0.98748 0.85807 0.77027 1.00409 1.25753 1.20475 1.21164 1.82322 2.03766 1.91311 2.22041 2.79085 3.45042 3.15313 3.17720 2.96247 2.98522 2.67327 2.60546 2.76690 2.74149 3.69997 3.41086 3.95966 5.23655 3.98372 4.81693 5.23293 5.84198 6.68201 8.17742 10.80360 10.25790 10.69690 6.76874 4.10585 3.76548 5.41214 6.89487 4.39382 1.50024 1.56011 4.58737 5.39124 5.67476 6.28669 7.04043 5.07382 1.68596 0.90845 1.18253
-9999 -9999 -9999 -9999 -9999 -9999 -9999 -9999 -9999 -9999 -9999 -9999 -9999 -9999 -9999 -9999 -9999 1.98232 1.67663 1.29568 1.32912 0.87608 0.51823 0.52790 0.77109 0.86598 0.91137 0.84990 1.03155 1.09369 1.36765 1.86477 1.97608 2.38250 2.53606 2.90161 3.05878 2.42749 1.99184 2.39125 2.45415 2.28261 2.51257 2.69116 3.01910 4.04438 4.41206 2.50001 2.93081 5.23759 4.94578 5.89971 5.82002 7.74602 8.88197 10.16300 5.74083 3.79710 4.68506 6.51701 6.16677 3.73753 3.89332 3.12647 1.75644 3.69879 6.25417 3.05226 7.12848 7.99860 7.70206 1.42873 0.22794
-9999 -9999 -9999 -9999 -9999 -9999 -9999 -9999 -9999 -9999 -9999 -9999 -9999 -9999 -9999 -9999 1.91818 1.47744 1.11254 1.01804 0.84613 0.53460 0.44625 0.69039 0.73941 0.85753 0.83860 1.24949 1.07594 0.94022 0.86001 1.49668 2.13236 2.38691 1.80887 2.31003 2.44866 2.77865 2.10557 2.28117 1.97060 2.18850 2.54737 2.86204 2.61533 3.54724 3.89549 2.32283 2.46548 5.02138 4.94278 6.20337 5.92331 7.38074 8.51182 10.54440 8.64429 5.01970 4.53184 6.42840 6.69679 5.08852 4.17438 2.28180 3.82789 4.81386 6.36516 5.80745 10.69390 10.23370 7.43391 1.66243 0.81224
-9999 -9999 -9999 -9999 -9999 -9999 -9999 -9999 -9999 -9999 -9999 -9999 -9999 1.28757 1.22165 1.43529 1.30986 0.79579 0.77380 0.53437 0.55233 0.48936 0.48438 0.54743 0.53143 0.60219 0.81777 0.52634 0.52679 0.60171 0.75470 0.80141 0.81763 0.76893 0.94695 1.05861 1.49496 1.28063 0.89258 1.04953 0.99594 1.18145 1.11730 0.83333 1.30481 1.58436 2.02303 2.14602 2.50395 2.91574 3.09480 5.37317 6.16913 7.08789 7.52476 4.65171 4.93198 4.65477 3.93316 4.60597 5.17799 5.41348 6.25361 3.04686 4.32456 7.90990 6.47228 11.26020 8.75145 12.75490 5.69715 1.09012 0.74551
-9999 -9999 -9999 -9999 -9999 -9999 -9999 -9999 -9999 -9999 -9999 -9999 1.03102 0.93419 1.05546 1.25157 1.06875 0.58874 0.43263 0.32928 0.43220 0.41549 0.43784 0.50048 0.50217 0.47608 0.46289 0.45888 0.62501 0.71815 0.59581 0.63578 0.76118 0.83454 0.77120 1.00187 0.55602 0.68149 0.84861 0.71930 0.71766 0.50647 0.74313 0.64881 0.98351 1.61032 1.54409 1.96599 2.01643 2.16754 2.86433 3.13301 5.24068 4.77238 6.97148 6.44326 6.33791 3.53742 3.78294 4.27494 5.62937 5.70087 5.79671 4.47977 5.44992 10.60700 10.13830 10.10950 11.50040 7.94897 3.03584 2.11265 1.15155
-9999 -9999 -9999 -9999 -9999 -9999 -9999 -9999 -9999 -9999 -9999 1.00785 0.80396 0.92938 0.65356 0.58323 0.55715 0.35685 0.37564 0.34495 0.37274 0.21184 0.20243 0.25403 0.24657 0.33486 0.47464 0.42297 0.44374 0.46893 0.43364 0.25123 0.28411 0.33168 0.35317 0.52072 0.53666 0.50145 0.45015 0.45244 0.41916 0.50667 0.47636 0.56323 0.78493 1.11732 1.09071 1.32991 1.67997 1.89087 2.43044 2.59679 2.98588 4.68360 4.41647 4.11468 5.80102 4.85624 4.07312 5.61722 6.70384 9.30986 9.43789 9.24632 11.73740 10.50420 10.76190 11.88950 11.33720 3.06736 1.26115 0.26319 0.31921
-9999 -9999 -9999 -9999 -9999 -9999 -9999 -9999 -9999 -9999 1.19141 0.84292 0.64337 0.59157 0.49155 0.46802 0.46556 0.37584 0.37834 0.38943 0.23606 0.19321 0.20892 0.17698 0.26906 0.33574 0.30982 0.40569 0.34397 0.24621 0.23493 0.22307 0.22354 0.49116 0.75523 0.71140 0.58338 0.56336 0.54371 0.44459 0.59743 0.46700 0.48213 0.51976 0.51152 0.67571 1.00091 0.94574 1.24228 1.65107 2.08495 1.99618 3.13436 3.02283 3.68772 3.64547 4.77618 4.35507 4.77778 7.99771 8.71878 9.27846 10.05870 10.90540 12.46910 11.14410 15.06210 16.57930 8.12672 1.85696 0.89424 1.27533 1.12960
-9999 -9999 -9999 -9999 -9999 -9999 -9999 -9999 -9999 0.09934 0.09559 0.10181 0.11275 0.08457 0.07786 0.06951 0.04855 0.05976 0.05753 0.05128 0.05055 0.03738 0.03738 0.04292 0.03650 0.03638 0.03571 0.05887 0.04963 0.04446 0.04565 0.18225 0.26206 0.27852 0.48826 0.90512 0.55240 0.55520 0.43714 0.49379 0.24214 0.32152 0.33742 0.64274 0.44765 0.63344 0.69827 1.18910 1.50556 1.77963 2.30934 2.28676 2.36308 3.06288 3.14876 3.94954 4.92184 5.91196 6.11809 7.07809 7.63566 8.61792 9.23008 11.52870 12.14270 13.67150 14.35450 2.53850 0.95988 0.24926 0.27725 0.43533 0.56631
-9999 -9999 -9999 -9999 -9999 -9999 -9999 -9999 -9999 -9999 0.08498 0.07375 0.06598 0.05406 0.05413 0.05093 0.05082 0.05880 0.05930 0.05249 0.05219 0.03787 0.04374 -9999 -9999 -9999 -9999 -9999 -9999 0.05246 0.05407 0.17962 0.23954 0.22131 0.33059 0.84720 0.73196 0.45839 0.34674 0.46670 0.27339 0.34884 0.35503 0.59011 0.55644 0.65486 0.90973 1.01576 1.48492 1.52606 1.93729 1.74288 2.12549 2.30547 3.44446 3.35298 4.47946 5.56841 5.70625 6.59998 7.65545 8.04275 8.90053 7.85284 10.43170 13.38180 11.74460 1.62550 0.28988 0.23903 0.19447 0.87627 1.37295
-9999 -9999 -9999 -9999 -9999 -9999 -9999 -9999 -9999 -9999 -9999 -9999 0.05094 0.04119 0.04338 0.02600 0.02080 0.02988 0.03115 -9999 -9999 -9999 -9999 -9999 -9999 -9999 -9999 -9999 -9999 -9999 -9999 -9999 -9999 0.19810 0.36875 0.60507 0.61523 0.60199 0.41695 0.29854 0.41044 0.36118 0.46557 0.45653 0.42238 0.74058 0.99058 1.27321 1.37050 1.74330 1.81112 1.79638 1.91704 2.53193 2.46526 2.44262 3.39861 3.90352 3.56607 7.15549 8.27466 7.41423 9.28874 10.87330 11.68430 10.13360 6.14300 0.92721 0.60204 1.03508 1.14432 1.46404 -9999
-9999 -9999 -9999 -9999 -9999 -9999 -9999 -9999 -9999 -9999 -9999 -9999 -9999 -9999 -9999 -9999 -9999 -9999 -9999 -9999 -9999 -9999 -9999 -9999 -9999 -9999 -9999 -9999 -9999 -9999 -9999 -9999 -9999 -9999 0.36296 0.35087 0.38187 0.48755 0.36332 0.37138 0.58102 0.49736 0.64394 0.53101 0.64439 0.93403 1.04255 1.26269 1.64047 1.55539 1.86181 2.00440 2.12279 2.41786 2.50904 2.62485 2.85061 4.29101 5.34907 7.87232 8.69985 9.21914 10.79350 12.10640 11.61820 9.68073 7.00264 0.62578 0.87343 1.20637 3.19469 -9999 -9999
-9999 -9999 -9999 -9999 -9999 -9999 -9999 -9999 -9999 -9999 -9999 -9999 -9999 -9999 -9999 -9999 -9999 -9999 -9999 -9999 -9999 -9999 -9999 -9999 -9999 -9999 -9999 -9999 -9999 -9999 -9999 -9999 -9999 -9999 0.41363 0.47018 0.62244 0.59659 0.30864 0.31397 0.42454 0.77532 0.72494 0.63990 0.69183 0.96117 0.96466 1.51533 1.91047 1.51931 1.59884 1.66632 2.01023 2.26949 2.05234 1.93359 2.46106 3.59129 4.99948 6.80294 6.96447 7.20777 9.56882 10.03650 10.05430 5.77848 5.98794 2.19830 2.72463 5.66191 -9999 -9999 -9999
-9999 -9999 -9999 -9999 -9999 -9999 -9999 -9999 -9999 -9999 -9999 -9999 -9999 -9999 -9999 -9999 -9999 -9999 -9999 -9999 -9999 -9999 -9999 -9999 -9999 -9999 -9999 -9999 -9999 -9999 -9999 -9999 -9999 -9999 -9999 -9999 -9999 -9999 0.62860 0.45901 0.43529 0.53975 0.84548 0.74613 0.84440 1.05344 1.42138 1.84544 1.93023 1.58619 1.48593 1.51624 1.51318 1.99549 2.01918 1.90708 1.63311 2.50482 5.37834 6.55296 6.76635 9.94182 11.60010 9.94195 7.01819 5.56848 5.92409 6.42756 12.67840 -9999 -9999 -9999 -9999
