data/hydroclimate-scenarios/BCSD_hadcm_A1B/monthly_summaries/snodep_monthly_day1_nov.2070-2099.asc
ncols	311
nrows	91
xllcenter	102.75
yllcenter	31.75
cellsize	0.5
NODATA_value	-9999
[rows 0 to 32 of 91, columns 73 to 145 of 311]
-9999 -9999 -9999 -9999 -9999 -9999 -9999 -9999 -9999 -9999 -9999 -9999 -9999 -9999 -9999 -9999 -9999 -9999 -9999 -9999 -9999 -9999 -9999 -9999 -9999 -9999 -9999 -9999 -9999 -9999 -9999 -9999 -9999 -9999 -9999 -9999 -9999 -9999 -9999 -9999 -9999 -9999 -9999 -9999 -9999 -9999 -9999 -9999 -9999 -9999 -9999 -9999 -9999 -9999 -9999 -9999 -9999 -9999 -9999 -9999 -9999 -9999 -9999 -9999 -9999 -9999 -9999 -9999 -9999 -9999 -9999 -9999 -9999
-9999 -9999 -9999 -9999 -9999 -9999 -9999 -9999 -9999 -9999 -9999 -9999 -9999 -9999 -9999 -9999 -9999 -9999 -9999 -9999 -9999 -9999 -9999 -9999 -9999 -9999 -9999 -9999 -9999 -9999 -9999 -9999 -9999 -9999 -9999 -9999 -9999 -9999 -9999 -9999 -9999 -9999 -9999 -9999 -9999 -9999 -9999 -9999 -9999 -9999 -9999 -9999 -9999 -9999 -9999 -9999 -9999 -9999 -9999 -9999 -9999 -9999 -9999 -9999 -9999 -9999 -9999 -9999 -9999 -9999 -9999 -9999 -9999
-9999 -9999 -9999 -9999 -9999 -9999 -9999 -9999 -9999 -9999 -9999 -9999 -9999 -9999 -9999 -9999 -9999 -9999 -9999 -9999 -9999 -9999 -9999 -9999 -9999 -9999 -9999 -9999 -9999 -9999 -9999 -9999 -9999 -9999 -9999 -9999 -9999 -9999 -9999 -9999 -9999 -9999 -9999 -9999 -9999 -9999 -9999 -9999 -9999 -9999 -9999 -9999 -9999 -9999 -9999 -9999 -9999 -9999 -9999 -9999 -9999 -9999 -9999 -9999 -9999 -9999 -9999 -9999 -9999 -9999 -9999 -9999 -9999
-9999 -9999 -9999 -9999 -9999 -9999 -9999 -9999 -9999 -9999 -9999 -9999 -9999 -9999 -9999 -9999 -9999 -9999 -9999 -9999 -9999 -9999 -9999 -9999 -9999 -9999 -9999 -9999 -9999 -9999 -9999 -9999 -9999 -9999 -9999 -9999 -9999 -9999 -9999 -9999 -9999 -9999 -9999 -9999 -9999 -9999 -9999 -9999 -9999 -9999 -9999 -9999 -9999 -9999 -9999 -9999 -9999 -9999 -9999 -9999 -9999 -9999 -9999 -9999 -9999 -9999 -9999 -9999 -9999 -9999 -9999 -9999 -9999
-9999 -9999 -9999 -9999 -9999 -9999 -9999 -9999 -9999 -9999 -9999 -9999 -9999 -9999 -9999 -9999 -9999 -9999 -9999 -9999 -9999 -9999 -9999 -9999 -9999 -9999 -9999 -9999 -9999 -9999 -9999 -9999 -9999 -9999 -9999 -9999 -9999 -9999 -9999 -9999 -9999 -9999 -9999 -9999 -9999 -9999 -9999 -9999 -9999 -9999 -9999 -9999 -9999 -9999 -9999 -9999 -9999 -9999 -9999 -9999 -9999 -9999 -9999 -9999 -9999 -9999 -9999 -9999 -9999 -9999 -9999 -9999 -9999
-9999 -9999 -9999 -9999 -9999 -9999 -9999 -9999 -9999 -9999 -9999 -9999 -9999 -9999 -9999 -9999 -9999 -9999 -9999 -9999 -9999 -9999 -9999 -9999 -9999 -9999 -9999 -9999 -9999 -9999 -9999 -9999 -9999 -9999 -9999 -9999 -9999 -9999 -9999 -9999 -9999 -9999 -9999 -9999 -9999 -9999 -9999 -9999 -9999 -9999 -9999 -9999 -9999 -9999 -9999 -9999 -9999 -9999 -9999 -9999 -9999 -9999 -9999 -9999 -9999 -9999 -9999 -9999 -9999 -9999 -9999 -9999 -9999
-9999 -9999 -9999 -9999 -9999 -9999 -9999 -9999 -9999 -9999 -9999 -9999 -9999 -9999 -9999 -9999 -9999 -9999 -9999 -9999 -9999 -9999 -9999 -9999 -9999 -9999 -9999 -9999 -9999 -9999 -9999 -9999 -9999 -9999 -9999 -9999 -9999 -9999 -9999 -9999 -9999 -9999 -9999 -9999 -9999 -9999 -9999 -9999 -9999 -9999 -9999 -9999 -9999 -9999 -9999 -9999 -9999 -9999 -9999 -9999 -9999 -9999 -9999 -9999 -9999 -9999 -9999 -9999 -9999 -9999 -9999 -9999 -9999
-9999 -9999 -9999 -9999 -9999 -9999 -9999 -9999 -9999 -9999 -9999 -9999 -9999 -9999 -9999 -9999 -9999 -9999 -9999 -9999 -9999 -9999 -9999 -9999 -9999 -9999 -9999 -9999 -9999 -9999 -9999 -9999 -9999 -9999 -9999 -9999 -9999 -9999 -9999 -9999 -9999 -9999 -9999 -9999 -9999 -9999 -9999 -9999 -9999 -9999 -9999 -9999 -9999 -9999 -9999 -9999 -9999 -9999 -9999 -9999 -9999 -9999 -9999 -9999 -9999 -9999 -9999 -9999 -9999 -9999 -9999 -9999 -9999
-9999 -9999 -9999 -9999 13.74200 -9999 -9999 -9999 -9999 -9999 -9999 -9999 -9999 -9999 -9999 -9999 -9999 -9999 -9999 -9999 -9999 -9999 -9999 -9999 -9999 -9999 -9999 -9999 -9999 -9999 -9999 -9999 -9999 -9999 -9999 -9999 -9999 -9999 -9999 -9999 -9999 -9999 -9999 -9999 -9999 -9999 -9999 -9999 -9999 -9999 -9999 -9999 -9999 -9999 -9999 -9999 -9999 -9999 -9999 -9999 -9999 -9999 -9999 -9999 -9999 -9999 -9999 -9999 -9999 -9999 -9999 -9999 -9999
11.75750 12.10860 14.03310 14.32990 13.40880 14.55210 14.66860 15.77050 17.29890 17.42670 17.95840 17.81250 18.08730 18.19100 18.54770 19.08100 18.98220 18.88700 17.65410 16.95330 -9999 -9999 -9999 -9999 -9999 -9999 -9999 -9999 -9999 -9999 -9999 -9999 -9999 -9999 -9999 -9999 -9999 -9999 -9999 -9999 -9999 -9999 -9999 -9999 -9999 -9999 -9999 -9999 -9999 -9999 -9999 -9999 -9999 -9999 -9999 -9999 -9999 -9999 -9999 -9999 -9999 -9999 -9999 -9999 -9999 -9999 -9999 -9999 -9999 -9999 -9999 -9999 -9999
-9999 -9999 14.90160 14.89400 16.55130 16.44520 17.01840 17.20740 17.74620 17.63120 18.11480 18.95360 18.67950 18.56510 19.14450 19.00310 19.88760 19.85700 19.43170 18.81660 -9999 -9999 -9999 -9999 -9999 -9999 -9999 -9999 -9999 -9999 -9999 -9999 -9999 -9999 -9999 -9999 -9999 -9999 -9999 -9999 -9999 -9999 -9999 -9999 -9999 -9999 -9999 -9999 -9999 -9999 -9999 -9999 -9999 -9999 -9999 -9999 -9999 -9999 -9999 -9999 -9999 -9999 -9999 -9999 -9999 -9999 -9999 -9999 -9999 -9999 -9999 -9999 -9999
14.22860 14.29840 14.64890 14.52750 16.33470 16.26680 16.67200 16.97430 17.50750 17.59110 17.59840 18.35180 18.27550 18.90520 18.84980 19.43170 19.61810 20.10540 19.18490 19.10400 19.02690 19.17100 17.60040 17.52990 16.30370 16.09000 -9999 -9999 -9999 -9999 -9999 -9999 -9999 -9999 -9999 -9999 -9999 -9999 -9999 -9999 -9999 -9999 -9999 -9999 -9999 -9999 -9999 -9999 -9999 -9999 -9999 -9999 -9999 -9999 -9999 -9999 -9999 -9999 -9999 -9999 -9999 -9999 -9999 -9999 -9999 -9999 -9999 -9999 -9999 -9999 -9999 -9999 -9999
16.50850 16.60120 15.47790 16.34950 17.04120 17.13100 16.53130 16.65450 16.66650 16.86290 16.86430 17.50210 19.77720 20.46360 18.91430 19.35040 20.49460 21.01310 20.77790 20.32670 21.26550 20.39420 18.58900 17.68930 16.64180 15.98340 16.16060 16.24360 15.99650 15.82390 15.20200 14.33140 15.13180 14.94610 13.39660 13.16810 12.19960 11.59810 11.72410 11.93920 11.49000 -9999 -9999 -9999 -9999 -9999 -9999 -9999 -9999 -9999 -9999 -9999 -9999 -9999 -9999 -9999 -9999 -9999 -9999 -9999 -9999 -9999 -9999 -9999 -9999 -9999 -9999 -9999 -9999 -9999 -9999 -9999 -9999
15.92140 16.10210 15.34870 15.97110 16.63150 16.33650 16.11340 16.16770 16.46690 16.52710 16.51700 17.25690 19.20860 19.80240 18.87340 18.56870 19.73910 19.85840 20.64070 20.61440 21.38970 20.81030 18.48610 17.86320 16.06370 16.02010 16.82710 16.44080 16.49580 16.24370 14.47410 14.15770 15.06610 14.09930 13.72690 13.34590 11.67780 11.58160 11.80430 12.10570 11.87070 11.92740 -9999 -9999 -9999 -9999 -9999 -9999 -9999 -9999 -9999 -9999 -9999 -9999 -9999 -9999 -9999 -9999 -9999 -9999 -9999 -9999 -9999 -9999 -9999 -9999 -9999 -9999 -9999 -9999 -9999 -9999 -9999
16.03900 15.88810 17.43730 17.13320 15.69030 16.48290 15.83980 16.32500 16.89090 17.12870 17.14390 16.78540 19.00680 19.39480 18.04680 18.37270 19.41340 20.44710 20.62780 20.89230 20.81640 19.97900 18.15180 18.09420 16.82120 16.38630 17.56160 17.70590 18.73510 17.55730 16.79750 16.62650 16.29590 16.18100 15.99100 14.77130 14.51980 14.41900 13.64630 13.08880 14.43180 14.39150 -9999 -9999 -9999 -9999 -9999 -9999 -9999 -9999 -9999 -9999 -9999 -9999 -9999 -9999 -9999 10.77460 11.44170 -9999 -9999 -9999 -9999 13.04930 13.84350 14.89770 16.40340 15.84460 15.66040 16.44310 16.13330 17.32030 16.38030
15.83720 16.29140 16.79740 17.27990 15.38270 15.95830 15.60940 15.79540 16.02330 16.69160 16.44420 17.16190 19.36600 18.63360 17.86350 17.34600 18.96640 18.72820 19.89850 20.19960 19.27880 18.14700 16.62780 17.14110 17.04320 17.22080 18.15530 17.25700 18.48650 18.17650 17.45150 16.39790 16.61860 16.28260 15.34550 15.36890 14.82440 14.79420 13.19970 13.36510 14.51650 14.59750 12.37190 12.40910 13.14920 13.69860 13.53120 14.09250 13.67380 13.06600 13.85170 13.67880 13.02480 13.22440 10.76520 10.75420 10.61340 11.14330 11.80710 -9999 -9999 -9999 -9999 -9999 12.85790 13.51760 16.43160 17.45440 17.52940 18.04530 18.33300 18.58320 17.30760
16.87000 17.77480 17.48650 16.89070 17.93500 17.98940 14.78320 15.00380 14.18490 15.03090 17.29780 18.03420 18.50890 18.25520 18.01640 17.46600 17.37780 17.93660 19.44950 19.59620 17.56670 17.58400 16.90000 17.04100 16.58710 16.57770 16.32880 15.71320 17.52910 17.25340 16.27550 16.15040 15.47440 14.14830 14.14850 13.98310 14.94600 14.54910 14.58820 14.61200 12.84080 13.02920 13.28600 13.41930 12.90310 12.84910 13.97870 14.53200 14.57700 14.03170 13.99270 14.61480 14.73770 13.44660 12.46990 12.50140 12.86430 11.89300 14.43760 14.76540 14.00100 13.68570 12.71670 13.52860 13.95130 14.90820 16.27070 16.97850 18.81330 18.25090 18.44320 19.57970 20.56240
16.84500 17.89230 18.68230 17.87700 17.74800 17.70990 14.21650 14.73990 14.04050 14.46130 17.11050 17.80230 18.04250 17.24980 16.88470 17.36780 16.81230 17.50990 19.12360 18.90950 17.81660 17.59720 16.13730 16.47120 15.65080 16.43800 16.07880 15.46850 17.33400 17.01490 15.44510 15.75870 14.85580 14.30250 14.59540 13.67470 15.04270 14.58970 14.55940 15.35610 13.38780 11.65430 11.36950 11.95050 12.40420 12.85230 12.16680 12.90830 13.15310 13.55770 13.73620 14.27510 13.54990 14.46170 12.94150 12.75240 13.36770 13.67670 15.27830 16.58300 15.25080 14.85530 13.58950 13.17270 13.66260 13.21430 14.63470 15.99300 18.73810 18.69500 19.89880 20.19060 20.88140
17.35520 16.20600 17.00790 16.22380 15.04780 15.40990 16.63800 16.10210 15.30300 15.93280 16.52160 16.05180 17.32220 16.65010 17.31230 17.19710 16.68380 17.41720 18.61280 18.18220 19.24280 19.36780 17.27110 16.62670 15.36540 15.72130 16.75630 16.61080 17.47510 17.73150 18.38960 17.70840 16.16230 15.71130 13.68600 14.04560 14.53940 13.93970 13.11250 12.78800 13.47380 12.93600 14.05000 12.97100 11.50660 11.47860 10.60840 11.68600 14.07080 14.51710 14.56410 14.93120 13.57800 13.70560 12.68920 13.46430 14.26830 14.68570 15.21510 15.63050 15.23810 15.22350 14.63770 14.57440 14.45790 13.82090 14.81450 14.95070 15.88860 16.39910 16.11840 16.90600 17.13820
19.14860 18.29430 17.68100 17.09570 14.81650 14.77380 16.46040 16.15690 17.51200 17.10800 16.60150 16.23450 17.40300 17.86380 17.23770 17.29070 16.60840 16.95200 17.65880 17.88840 19.05980 19.22910 17.01650 16.12590 15.22710 15.69820 14.77220 15.55530 17.57000 16.70830 18.60890 18.44910 17.49940 16.89390 15.29200 14.34730 15.18730 15.47130 14.27670 13.46170 12.02920 12.09520 14.59100 14.21560 12.15040 11.07280 10.06090 10.89970 13.60460 14.12600 14.33580 13.78280 13.53580 14.19230 13.74870 14.31610 14.23300 13.38620 14.05510 14.16220 13.51510 15.35730 15.88960 15.55000 16.57400 14.96290 15.63910 15.10710 15.24900 12.51060 13.56930 15.00530 15.54410
18.77790 19.89250 19.79660 18.10630 16.52930 16.10870 17.40110 15.41170 16.78320 17.81630 18.75530 19.69260 19.97240 19.32680 17.80560 17.24360 16.43100 16.83280 16.40740 16.30510 16.43350 17.43620 17.15340 16.84080 16.78790 17.08170 16.19340 16.43190 18.38980 19.01930 21.05380 20.61360 17.25330 16.90100 16.36820 16.90260 14.93410 14.31090 13.44790 12.98840 14.57670 14.09560 12.92890 11.85770 11.86980 11.59050 10.40420 10.24650 10.78700 11.67980 11.41150 11.93840 11.74690 12.13830 13.79380 14.65620 13.98430 15.58820 16.44080 16.58430 16.31810 16.15150 13.54470 13.31460 14.48760 15.25170 14.02760 13.36840 12.17060 10.41310 10.60050 12.64900 14.32910
21.15640 20.73830 20.77490 20.47370 19.05280 18.17800 17.93970 16.39430 15.18400 16.35610 17.46910 18.48270 20.27320 20.05150 19.45300 19.51880 17.61970 17.33570 16.76700 16.59420 16.32170 17.25830 16.47660 17.51820 17.42600 17.70830 17.56460 18.15420 19.21540 20.14920 21.49360 21.08080 18.07440 17.55550 17.06200 16.99100 15.32990 15.02940 13.71830 13.43410 14.96170 15.07760 13.66910 14.04800 14.28990 13.94330 11.87210 11.41950 13.49790 14.03920 14.30990 14.55070 13.15130 13.14170 14.94040 14.78520 14.26060 15.93420 16.30280 17.02460 17.13310 15.88640 13.69570 13.65040 15.35700 14.62480 13.34500 12.95600 10.28140 9.61270 10.37510 14.37410 13.32260
22.60460 22.45350 21.96920 21.60300 21.46310 20.68580 20.31320 18.36600 18.18690 18.00140 17.56460 17.84340 17.66010 17.84440 18.51520 19.59550 20.09430 19.47820 19.27630 19.25340 17.86720 17.96010 18.26550 18.45920 17.80250 18.50600 18.95710 18.53920 19.72840 19.81300 18.70510 18.23830 17.52930 15.88610 15.96670 16.00060 16.78900 15.63990 15.36100 14.36430 13.60080 13.52580 15.74700 15.62770 14.14680 13.55120 13.36190 14.55110 14.17420 13.57050 13.53240 14.06920 13.39480 14.40890 13.50390 14.61300 15.08340 14.07730 15.16660 15.27180 15.71000 15.31650 18.60900 17.61550 14.08460 13.33290 11.87350 11.10190 9.96996 10.05970 11.09620 12.91850 10.62350
22.46790 22.79490 22.90610 23.27190 22.45250 21.80760 22.28690 18.95910 18.54990 20.54980 19.87130 18.88020 19.60320 20.10570 20.33510 18.68340 19.46640 20.48170 20.74560 20.63120 19.42530 17.88450 18.15410 18.64740 17.57860 18.37660 18.23010 18.13920 19.95500 19.69830 18.31390 17.69650 15.82570 15.82600 16.62550 16.12480 16.02840 16.33170 17.62420 16.74420 14.87150 14.56860 13.99390 13.75390 13.17780 14.08620 14.26250 14.80990 14.37600 13.94300 13.07950 13.40200 13.66240 14.00970 14.51670 15.06200 14.42950 14.00650 13.73110 13.65030 15.42650 16.45910 17.04950 15.48790 12.57720 12.09930 10.29550 10.56120 10.83490 9.98939 9.16604 8.73336 9.73480
24.61970 23.61780 21.97180 22.25840 21.42240 20.87600 19.38000 18.40070 18.28830 19.41730 19.73850 19.20630 20.33580 20.66850 21.27900 20.06250 18.98880 17.71450 18.35480 18.78550 18.36690 18.00080 18.31460 17.50390 16.44600 17.38520 17.37590 17.28450 18.30780 17.42010 17.61430 17.09400 17.02850 16.31080 15.55940 15.99730 14.69000 15.16560 16.33380 16.25800 16.64530 15.39920 11.99700 11.37520 12.19800 12.77870 15.62370 17.36520 18.43750 16.64020 13.17910 14.46670 12.68780 12.89000 16.40350 15.87320 18.28790 17.47530 15.71890 15.28650 15.93760 15.42560 12.81900 12.27280 11.48050 12.07390 15.72870 14.24950 11.02170 9.88797 8.66473 8.95188 10.45070
25.97720 25.93520 23.12160 22.07560 21.15170 19.85230 18.42580 17.21250 18.61060 19.95880 19.65200 19.83940 19.71000 20.91160 19.77130 19.94860 21.15630 19.98100 18.55020 18.46720 18.74630 18.50270 19.93530 19.62810 18.18360 18.27200 18.46870 18.97930 18.56720 18.07600 17.19470 17.25850 16.90470 16.97000 16.24630 17.01910 15.09600 16.45240 18.17110 16.94750 16.91740 17.95960 15.92180 13.27280 13.00370 12.87450 14.02930 15.20930 17.06130 14.67010 10.54110 10.01730 8.51560 9.13520 13.84280 15.49320 15.67670 17.23590 14.54500 15.24500 15.53000 15.66240 12.77240 11.98570 11.02600 10.92690 14.52030 15.92070 12.72700 10.93700 8.59565 10.60960 11.91550
26.76770 26.63520 25.00530 23.44630 19.29540 18.74760 19.19890 18.32250 18.51290 19.15750 21.88680 21.67020 20.51820 20.29370 22.71900 23.80880 22.16710 22.20750 21.00050 20.92050 20.39400 19.74790 19.16930 18.20630 18.93770 18.84110 17.76350 18.25460 16.94740 17.55880 15.64950 16.79580 17.09870 15.37930 14.86680 16.27740 14.62830 14.16950 17.68590 17.98900 17.66970 16.26620 15.39720 14.33010 13.87800 14.02500 13.63910 14.87670 14.89040 15.14360 14.26690 14.52140 13.35470 13.10320 15.30930 13.20670 12.30350 11.98370 10.17600 11.66760 12.67460 13.03570 12.70830 12.34530 13.12000 13.08080 15.07070 15.91430 15.21450 13.20790 10.44670 9.33143 9.34467
27.32950 27.19650 26.68960 23.66500 20.27660 18.85920 20.48580 19.03200 18.08750 18.73660 20.58680 22.79750 21.80350 21.59790 24.12760 23.26760 22.56610 22.05760 23.21650 22.14810 21.23360 21.33290 20.05350 20.18310 21.04670 19.93630 19.27370 17.83340 18.82900 17.11000 16.51740 17.02740 17.90080 15.97090 15.05900 16.18380 16.10220 15.85780 17.80280 17.69630 16.69700 16.63370 14.89520 14.96160 12.22470 13.25530 13.86170 14.10320 13.73920 14.07860 13.39230 11.97080 12.22600 10.66280 12.30580 11.69130 11.12500 11.22030 9.97438 11.31460 12.35430 13.15640 15.54560 14.59180 16.17600 16.14300 15.14930 12.34040 12.22600 11.34940 10.41930 11.15910 15.74930
28.32800 28.77370 26.11930 25.16760 23.88000 21.95780 21.59150 21.26340 19.94260 20.74110 21.10130 22.03580 24.25170 23.31740 22.24590 21.70080 22.62430 22.50740 23.64540 25.26840 25.02510 24.31190 21.95530 20.27900 18.83130 18.64450 18.84120 18.50230 15.45090 15.33580 17.02960 16.93000 17.47140 17.08290 15.41260 16.61010 18.30580 19.60270 17.30690 16.74630 18.46030 14.60520 12.66670 11.59600 10.21480 8.87976 7.50381 6.88937 8.63667 8.73327 9.31907 10.26400 8.74770 8.83741 9.34391 8.38678 8.69168 9.03727 8.05367 8.66645 12.73110 15.91750 19.50330 18.43340 18.39110 17.87640 14.02670 12.46470 10.08330 9.32779 15.50350 13.73700 9.90193
27.43540 27.03810 26.62360 26.05910 24.53250 23.61200 23.05950 22.99180 23.33880 22.79800 22.95020 24.46810 24.31410 23.14870 23.62540 22.96970 21.26970 22.62150 24.11650 25.82530 27.61650 25.68720 22.11120 21.09680 20.38470 19.14530 20.36300 20.77080 17.56370 16.10920 17.76500 17.74580 19.30060 17.56490 16.52090 16.51660 18.21930 18.77210 17.19820 12.76830 15.20490 12.15970 7.75062 7.43036 8.72958 9.09784 9.11414 7.61220 -9999 -9999 8.73689 8.40655 5.77184 7.26329 8.14301 7.94379 8.74808 10.44170 8.94156 12.69090 17.25710 17.72190 21.24580 20.70370 21.25390 21.64080 15.90330 13.10380 10.73260 7.65693 14.25310 10.72460 6.75023
26.02720 27.10300 24.43860 23.65850 23.57930 21.47820 23.53990 24.07330 24.47320 23.88920 24.12480 24.05630 23.48420 22.95370 21.88410 21.45570 22.46070 24.22420 25.46330 25.03930 26.44830 27.19520 26.62330 24.34360 21.60870 19.56080 19.77610 19.52310 20.97530 17.72510 18.44970 19.82880 19.22380 18.55020 18.86510 15.39400 11.69140 -9999 -9999 -9999 -9999 7.26698 -9999 11.91830 16.82260 13.34090 11.76590 7.18263 -9999 -9999 8.50971 7.94238 8.93304 8.96897 5.56642 7.20143 9.15943 11.94050 15.37090 17.46550 22.37960 24.07310 20.23570 26.05720 25.55820 23.79890 18.96400 16.81860 12.82100 8.74753 -9999 -9999 -9999
25.41410 26.05000 23.13950 20.59910 22.34590 20.98620 21.69200 21.86140 21.87120 22.47470 22.62290 23.10460 22.71790 19.96220 20.81250 22.05420 24.82080 24.10570 27.04290 24.91480 26.92470 26.27580 25.52840 23.65680 20.83260 20.45670 19.46250 19.04350 20.39930 21.08450 21.44640 20.86560 21.32510 18.16000 15.61520 -9999 -9999 -9999 -9999 -9999 -9999 -9999 10.80030 11.69390 11.42150 -9999 -9999 -9999 -9999 -9999 6.00196 6.58130 12.20490 10.43290 10.09820 9.47972 8.26326 11.75270 11.46480 13.01850 18.87020 21.79450 17.78900 17.05340 19.10530 22.04610 18.59920 12.81040 -9999 -9999 -9999 -9999 -9999
25.86420 24.19110 20.12520 18.36260 18.87850 20.31960 18.53960 16.57740 17.15380 17.08250 20.25520 18.74250 17.35300 17.17640 18.69460 20.03900 19.32340 20.71460 22.12250 22.57550 23.09340 26.43140 23.43910 21.87590 19.99000 18.23500 21.99400 21.77650 21.34410 22.97490 21.04340 19.85500 18.07860 10.79720 -9999 -9999 -9999 -9999 -9999 -9999 -9999 -9999 -9999 11.09710 -9999 -9999 -9999 -9999 7.94655 8.05623 6.40542 7.89284 9.91808 6.65309 4.16831 5.55333 8.44970 8.25530 10.69910 11.40280 14.07240 19.13250 15.86330 17.29990 15.95240 -9999 -9999 -9999 -9999 -9999 -9999 -9999 -9999
