data/hydroclimate-scenarios/BCSD_hadcm_A1B/monthly_summaries/snodep_monthly_day1_jun.2030-2059.asc
ncols	311
nrows	91
xllcenter	102.75
yllcenter	31.75
cellsize	0.5
NODATA_value	-9999
[rows 0 to 31 of 91, columns 73 to 145 of 311]
-9999 -9999 -9999 -9999 -9999 -9999 -9999 -9999 -9999 -9999 -9999 -9999 -9999 -9999 -9999 -9999 -9999 -9999 -9999 -9999 -9999 -9999 -9999 -9999 -9999 -9999 -9999 -9999 -9999 -9999 -9999 -9999 -9999 -9999 -9999 -9999 -9999 -9999 -9999 -9999 -9999 -9999 -9999 -9999 -9999 -9999 -9999 -9999 -9999 -9999 -9999 -9999 -9999 -9999 -9999 -9999 -9999 -9999 -9999 -9999 -9999 -9999 -9999 -9999 -9999 -9999 -9999 -9999 -9999 -9999 -9999 -9999 -9999
-9999 -9999 -9999 -9999 -9999 -9999 -9999 -9999 -9999 -9999 -9999 -9999 -9999 -9999 -9999 -9999 -9999 -9999 -9999 -9999 -9999 -9999 -9999 -9999 -9999 -9999 -9999 -9999 -9999 -9999 -9999 -9999 -9999 -9999 -9999 -9999 -9999 -9999 -9999 -9999 -9999 -9999 -9999 -9999 -9999 -9999 -9999 -9999 -9999 -9999 -9999 -9999 -9999 -9999 -9999 -9999 -9999 -9999 -9999 -9999 -9999 -9999 -9999 -9999 -9999 -9999 -9999 -9999 -9999 -9999 -9999 -9999 -9999
-9999 -9999 -9999 -9999 -9999 -9999 -9999 -9999 -9999 -9999 -9999 -9999 -9999 -9999 -9999 -9999 -9999 -9999 -9999 -9999 -9999 -9999 -9999 -9999 -9999 -9999 -9999 -9999 -9999 -9999 -9999 -9999 -9999 -9999 -9999 -9999 -9999 -9999 -9999 -9999 -9999 -9999 -9999 -9999 -9999 -9999 -9999 -9999 -9999 -9999 -9999 -9999 -9999 -9999 -9999 -9999 -9999 -9999 -9999 -9999 -9999 -9999 -9999 -9999 -9999 -9999 -9999 -9999 -9999 -9999 -9999 -9999 -9999
-9999 -9999 -9999 -9999 -9999 -9999 -9999 -9999 -9999 -9999 -9999 -9999 -9999 -9999 -9999 -9999 -9999 -9999 -9999 -9999 -9999 -9999 -9999 -9999 -9999 -9999 -9999 -9999 -9999 -9999 -9999 -9999 -9999 -9999 -9999 -9999 -9999 -9999 -9999 -9999 -9999 -9999 -9999 -9999 -9999 -9999 -9999 -9999 -9999 -9999 -9999 -9999 -9999 -9999 -9999 -9999 -9999 -9999 -9999 -9999 -9999 -9999 -9999 -9999 -9999 -9999 -9999 -9999 -9999 -9999 -9999 -9999 -9999
-9999 -9999 -9999 -9999 -9999 -9999 -9999 -9999 -9999 -9999 -9999 -9999 -9999 -9999 -9999 -9999 -9999 -9999 -9999 -9999 -9999 -9999 -9999 -9999 -9999 -9999 -9999 -9999 -9999 -9999 -9999 -9999 -9999 -9999 -9999 -9999 -9999 -9999 -9999 -9999 -9999 -9999 -9999 -9999 -9999 -9999 -9999 -9999 -9999 -9999 -9999 -9999 -9999 -9999 -9999 -9999 -9999 -9999 -9999 -9999 -9999 -9999 -9999 -9999 -9999 -9999 -9999 -9999 -9999 -9999 -9999 -9999 -9999
-9999 -9999 -9999 -9999 -9999 -9999 -9999 -9999 -9999 -9999 -9999 -9999 -9999 -9999 -9999 -9999 -9999 -9999 -9999 -9999 -9999 -9999 -9999 -9999 -9999 -9999 -9999 -9999 -9999 -9999 -9999 -9999 -9999 -9999 -9999 -9999 -9999 -9999 -9999 -9999 -9999 -9999 -9999 -9999 -9999 -9999 -9999 -9999 -9999 -9999 -9999 -9999 -9999 -9999 -9999 -9999 -9999 -9999 -9999 -9999 -9999 -9999 -9999 -9999 -9999 -9999 -9999 -9999 -9999 -9999 -9999 -9999 -9999
-9999 -9999 -9999 -9999 -9999 -9999 -9999 -9999 -9999 -9999 -9999 -9999 -9999 -9999 -9999 -9999 -9999 -9999 -9999 -9999 -9999 -9999 -9999 -9999 -9999 -9999 -9999 -9999 -9999 -9999 -9999 -9999 -9999 -9999 -9999 -9999 -9999 -9999 -9999 -9999 -9999 -9999 -9999 -9999 -9999 -9999 -9999 -9999 -9999 -9999 -9999 -9999 -9999 -9999 -9999 -9999 -9999 -9999 -9999 -9999 -9999 -9999 -9999 -9999 -9999 -9999 -9999 -9999 -9999 -9999 -9999 -9999 -9999
-9999 -9999 -9999 -9999 -9999 -9999 -9999 -9999 -9999 -9999 -9999 -9999 -9999 -9999 -9999 -9999 -9999 -9999 -9999 -9999 -9999 -9999 -9999 -9999 -9999 -9999 -9999 -9999 -9999 -9999 -9999 -9999 -9999 -9999 -9999 -9999 -9999 -9999 -9999 -9999 -9999 -9999 -9999 -9999 -9999 -9999 -9999 -9999 -9999 -9999 -9999 -9999 -9999 -9999 -9999 -9999 -9999 -9999 -9999 -9999 -9999 -9999 -9999 -9999 -9999 -9999 -9999 -9999 -9999 -9999 -9999 -9999 -9999
-9999 -9999 -9999 -9999 1.26164 -9999 -9999 -9999 -9999 -9999 -9999 -9999 -9999 -9999 -9999 -9999 -9999 -9999 -9999 -9999 -9999 -9999 -9999 -9999 -9999 -9999 -9999 -9999 -9999 -9999 -9999 -9999 -9999 -9999 -9999 -9999 -9999 -9999 -9999 -9999 -9999 -9999 -9999 -9999 -9999 -9999 -9999 -9999 -9999 -9999 -9999 -9999 -9999 -9999 -9999 -9999 -9999 -9999 -9999 -9999 -9999 -9999 -9999 -9999 -9999 -9999 -9999 -9999 -9999 -9999 -9999 -9999 -9999
12.42340 0.54218 0.00000 0.11292 0.65623 1.64506 3.69218 6.85145 13.96920 16.70430 22.56340 24.63270 27.23680 28.28060 31.40140 31.28720 29.45040 29.80690 24.68100 23.79810 -9999 -9999 -9999 -9999 -9999 -9999 -9999 -9999 -9999 -9999 -9999 -9999 -9999 -9999 -9999 -9999 -9999 -9999 -9999 -9999 -9999 -9999 -9999 -9999 -9999 -9999 -9999 -9999 -9999 -9999 -9999 -9999 -9999 -9999 -9999 -9999 -9999 -9999 -9999 -9999 -9999 -9999 -9999 -9999 -9999 -9999 -9999 -9999 -9999 -9999 -9999 -9999 -9999
-9999 -9999 0.00677 0.00669 0.40187 0.59835 2.10646 3.45786 7.49491 10.43590 16.16860 17.76510 21.26870 23.87130 24.19820 25.82540 25.46340 27.66900 28.26280 27.31940 -9999 -9999 -9999 -9999 -9999 -9999 -9999 -9999 -9999 -9999 -9999 -9999 -9999 -9999 -9999 -9999 -9999 -9999 -9999 -9999 -9999 -9999 -9999 -9999 -9999 -9999 -9999 -9999 -9999 -9999 -9999 -9999 -9999 -9999 -9999 -9999 -9999 -9999 -9999 -9999 -9999 -9999 -9999 -9999 -9999 -9999 -9999 -9999 -9999 -9999 -9999 -9999 -9999
0.00000 0.00000 0.00058 0.00101 0.13710 0.33504 0.70025 1.23034 3.67130 5.41824 9.61750 11.97850 17.05630 19.03340 19.08130 23.23100 21.51210 22.86250 23.00790 22.73860 15.48820 14.17910 12.19330 10.59590 9.53810 7.94850 -9999 -9999 -9999 -9999 -9999 -9999 -9999 -9999 -9999 -9999 -9999 -9999 -9999 -9999 -9999 -9999 -9999 -9999 -9999 -9999 -9999 -9999 -9999 -9999 -9999 -9999 -9999 -9999 -9999 -9999 -9999 -9999 -9999 -9999 -9999 -9999 -9999 -9999 -9999 -9999 -9999 -9999 -9999 -9999 -9999 -9999 -9999
0.01740 0.02156 0.70673 0.82848 0.00606 0.11806 0.62456 0.95877 1.07326 1.92919 7.16069 10.31000 10.34590 14.78580 12.95000 14.94910 16.29260 19.34850 16.12100 16.16760 16.50990 13.48280 11.67600 8.99199 10.90610 9.88705 6.60280 5.54006 3.40524 3.13759 3.78033 3.61972 0.06256 0.03963 1.45482 1.91733 0.55528 0.48112 0.81540 0.75980 1.22758 -9999 -9999 -9999 -9999 -9999 -9999 -9999 -9999 -9999 -9999 -9999 -9999 -9999 -9999 -9999 -9999 -9999 -9999 -9999 -9999 -9999 -9999 -9999 -9999 -9999 -9999 -9999 -9999 -9999 -9999 -9999 -9999
0.01326 0.00536 0.74253 0.78199 0.00552 0.00535 0.37639 0.63497 0.48271 0.62658 2.52909 4.32773 5.89874 8.69747 9.29538 11.45240 7.74316 11.06250 12.95690 13.72250 12.72420 11.07780 9.28119 6.88470 8.84386 8.56358 5.82833 6.39403 3.21130 2.75418 2.90488 2.44855 0.00699 0.17862 1.82061 1.69764 0.39594 0.37431 0.69532 0.67177 1.23653 1.21289 -9999 -9999 -9999 -9999 -9999 -9999 -9999 -9999 -9999 -9999 -9999 -9999 -9999 -9999 -9999 -9999 -9999 -9999 -9999 -9999 -9999 -9999 -9999 -9999 -9999 -9999 -9999 -9999 -9999 -9999 -9999
0.01720 0.21026 0.02442 0.01897 0.20400 0.26428 0.07658 0.09385 1.35388 1.21394 2.80790 3.73919 4.47560 6.00445 6.10733 8.89127 10.38700 11.98500 12.65110 12.96310 12.44240 11.12290 9.91422 11.50020 7.62624 5.17004 4.25038 4.03752 3.87553 2.76128 1.86996 1.70330 0.88848 0.86828 2.43658 2.04885 1.56095 1.22920 1.03776 1.04211 2.12938 2.19826 -9999 -9999 -9999 -9999 -9999 -9999 -9999 -9999 -9999 -9999 -9999 -9999 -9999 -9999 -9999 6.12238 8.74557 -9999 -9999 -9999 -9999 18.35080 24.36960 28.66720 25.22910 21.45310 19.42660 22.96290 23.62440 27.81680 28.74870
0.01892 0.07494 0.00688 0.00087 0.02212 0.09663 0.01486 0.05289 0.55938 0.77993 0.77959 3.06206 4.48798 3.84197 5.00984 3.39210 10.30580 10.19490 9.19272 9.62036 8.78796 8.01640 9.71061 6.67455 4.91191 4.02053 3.69643 2.65566 1.88685 1.43934 1.08317 0.94918 1.13991 2.17273 2.81529 1.95919 1.27403 1.74948 1.30981 0.78034 2.09455 2.02036 0.44024 0.86128 2.50074 1.43992 3.12156 5.11420 6.36589 8.19692 11.22710 11.26890 11.85780 12.48050 6.44946 6.22283 5.65898 6.62987 8.45450 -9999 -9999 -9999 -9999 -9999 20.02050 23.24680 24.29470 27.78960 29.48790 29.63090 34.98610 35.77970 35.90200
0.15409 0.59813 0.00000 0.00000 0.00000 0.00000 0.00046 0.00000 0.02094 0.06093 0.85886 1.73573 3.64076 4.20158 5.16194 7.91283 8.01657 5.18860 7.93363 8.79295 8.51432 8.61237 9.64729 8.90490 6.71239 6.46680 5.99129 7.78680 6.39241 5.79204 6.31505 4.69804 5.42508 7.19372 5.14985 6.54861 3.19425 4.34826 5.36534 5.78811 7.45335 6.56346 4.64729 4.89668 8.79956 7.23301 5.55684 7.95655 5.02091 8.06662 9.34362 14.11290 19.88720 13.82820 14.27760 15.41560 15.34740 13.44080 19.61200 21.91790 16.71540 13.36040 13.76470 14.79360 17.62050 18.75880 15.62370 19.93760 31.90940 33.55430 39.93230 45.69730 49.82240
0.08800 0.82195 0.84673 0.16857 0.00000 0.04167 0.00000 0.00000 0.01882 0.03067 0.11923 1.13033 2.29200 4.97569 3.35783 3.82372 7.46837 8.53467 8.47010 5.45984 4.86910 4.11954 8.05196 5.74293 5.76033 4.68948 7.54956 8.49286 8.73386 8.75218 7.24651 4.68972 4.92158 6.10016 5.03240 4.89652 3.37553 5.69460 5.15621 3.74492 5.43410 8.05643 8.37832 6.13488 6.04211 4.17564 6.10597 5.10045 7.10017 4.24576 8.98903 8.07270 12.20820 18.48850 16.46530 15.55860 17.82110 19.34370 24.08820 32.47050 25.58960 17.99610 14.08250 13.52630 14.65010 14.58410 12.29820 20.82390 36.93420 38.66790 45.68870 49.45200 55.59970
2.56952 0.21609 0.36965 0.13390 0.02423 0.38105 0.06077 0.01902 0.01849 0.01614 0.04629 0.43799 1.18927 2.03618 2.71507 3.09845 4.63708 10.16550 7.43852 5.55508 3.90832 2.92755 2.95446 3.37785 2.91830 4.22429 3.15353 2.84259 3.94257 3.99359 3.91983 4.26416 4.67711 4.34844 3.69771 2.67059 2.79649 3.66889 2.08476 1.98692 3.44055 5.85506 7.82953 5.56694 5.00016 3.88955 3.06947 4.07740 5.70248 6.30342 7.63575 7.75278 11.33290 11.07480 10.90690 17.80910 20.88560 23.33890 25.42610 29.38880 34.26780 29.68190 29.09930 26.12350 25.14570 24.55060 27.06060 32.14000 34.61640 37.64980 42.77400 48.75540 53.44280
3.53615 3.41669 0.85255 0.02944 0.06043 0.60140 0.17473 0.06198 0.45472 0.53994 0.78336 0.24642 0.43778 0.64081 1.12408 1.82169 3.54042 4.55539 5.88127 4.08409 2.53291 1.69493 1.87652 1.37845 2.52398 1.16136 3.99199 2.66123 2.85581 4.49014 3.77729 1.91023 1.68628 2.48538 1.76018 1.85384 0.45763 0.92839 1.47115 1.27389 1.60625 2.26930 3.60509 4.42425 5.10010 7.71840 4.98760 6.22140 9.75136 8.77531 8.13087 8.10949 13.40580 16.43790 18.98060 25.87230 21.55670 19.20350 19.70660 20.61430 23.81380 31.82880 38.18390 33.49690 39.17950 33.36520 29.96390 31.88730 32.08320 23.64250 31.29940 44.12000 50.72210
4.05928 6.11782 10.45940 1.82616 0.63356 0.18137 0.07087 0.10536 0.20627 1.53107 7.64353 13.56020 6.01532 2.93198 1.94340 1.51792 1.11093 1.43670 2.67979 2.81967 2.58575 1.19801 0.54265 1.06659 1.38705 0.71979 2.24000 2.79561 2.69043 2.15486 2.26608 2.38151 0.92875 2.27561 1.87413 3.68685 2.52084 2.49415 3.62265 4.20171 3.18001 3.49902 4.19822 5.40362 7.72777 7.51734 4.37485 6.02548 5.49308 6.05110 10.64790 11.05200 11.51510 14.51860 22.29340 27.56330 23.93280 33.78700 32.96630 31.04940 28.70420 27.94230 27.98000 28.43420 35.25800 38.81580 34.95990 34.85510 29.76010 24.84700 23.51540 36.70940 48.89620
8.01791 8.76155 10.49300 7.89067 6.25719 4.49281 1.06731 0.44073 0.06300 0.43198 2.39829 5.52561 9.28023 9.99074 10.24250 8.81676 3.62477 3.39450 2.59641 3.36863 2.04224 1.94691 1.76571 1.34577 0.28177 0.34087 3.03318 2.93298 1.35662 5.32067 6.28552 6.39237 4.36387 4.77701 3.04436 3.90107 2.98696 3.11115 4.36055 5.19854 2.92248 4.19094 4.39165 5.12556 8.43820 8.04517 5.84354 7.35604 11.78870 11.32290 17.22150 18.78590 21.97840 23.82880 33.11830 26.65600 27.30360 35.81460 31.58470 33.07890 32.14260 23.32020 28.25700 28.64620 38.85300 34.73000 30.17220 28.94180 21.01800 18.07900 20.97660 45.04670 44.27030
4.47195 3.51554 5.61548 8.24406 6.70950 4.11964 3.47333 1.82300 0.70909 2.30197 1.40077 0.81292 0.91647 1.86034 4.99515 10.51560 13.38690 11.73680 4.51395 3.48286 2.58623 2.75418 1.61729 1.23189 0.67458 1.21991 4.56467 4.04255 3.38404 3.55458 2.02694 1.54459 2.95507 1.24612 0.97977 1.33255 4.95168 4.01027 2.73049 2.11541 3.86882 4.93868 8.35823 10.79090 14.40260 11.94620 15.52780 24.12950 29.02350 27.80270 32.47650 40.92390 40.78460 47.45380 33.90670 40.66100 33.79450 28.59140 31.03700 29.54510 28.17740 27.56780 27.70670 21.47080 16.18210 14.58430 26.03480 33.30530 21.05200 16.50050 28.90080 42.90030 32.49860
0.63886 0.55296 3.54839 7.17539 5.83553 7.67760 5.19952 3.25575 0.98718 5.55751 4.16099 2.41501 8.16387 8.19613 16.07840 1.49041 8.42834 17.86110 15.01350 12.53890 10.33530 0.83504 0.91593 0.83464 1.12396 2.18936 3.57930 3.05643 3.81260 3.67341 1.09580 1.01736 1.00147 1.26254 1.15705 1.13437 3.84856 4.35001 8.65385 6.32827 5.08161 7.11862 4.05218 4.58943 10.45090 12.51810 19.87920 25.60610 31.58100 29.94720 30.43170 34.29950 45.84070 49.20750 41.44630 43.76190 34.18460 31.51900 25.36530 27.36240 27.25450 33.26140 16.31350 24.02590 23.85940 16.19870 17.62830 27.06160 17.35390 17.04270 20.65580 19.76250 24.67800
1.90975 1.65584 3.70121 3.96380 3.61647 5.43904 2.42689 3.07350 4.43484 3.27738 3.34872 2.62447 6.11308 8.48397 10.91700 14.09020 8.81366 5.14375 6.97040 8.57922 6.48542 4.29874 1.29196 0.74646 1.06024 0.94739 1.74258 0.58936 2.59476 1.86670 1.68817 1.76871 0.97928 1.07197 2.15223 2.63288 2.80768 3.71774 12.88950 13.09320 10.84340 9.65892 6.67518 6.12412 9.79774 12.93660 19.91750 28.61150 36.64560 31.21260 30.75440 42.57370 37.27650 36.24900 35.37930 33.30380 46.98020 38.46890 33.98340 29.99910 28.82030 21.77770 12.24190 22.69750 15.65710 14.38070 25.12600 22.14750 21.20830 26.45870 27.36270 25.06050 31.20940
3.25589 3.44143 4.28628 2.60401 2.34985 2.76961 2.09575 1.77959 2.65712 6.49126 5.09208 2.56062 1.98883 4.98482 8.08705 9.33240 18.38850 14.78510 7.80977 3.46813 1.95229 2.56246 4.66128 3.08453 0.65260 0.39248 1.05974 2.44757 1.43098 1.50729 0.72957 0.95873 0.86497 1.80563 3.07407 6.56160 3.77273 7.49981 21.95860 15.23590 11.09130 18.48600 17.52310 11.47200 10.50510 13.16060 14.80840 20.18180 30.39990 23.41240 18.80040 19.10690 16.10370 20.28870 25.07590 32.30330 31.05980 37.71270 28.34310 29.95760 26.82030 24.34310 14.68440 13.37640 11.24090 12.50680 18.58840 27.07670 30.43590 26.01390 24.62710 39.86210 41.97880
10.09710 10.87290 5.03370 3.91395 2.21310 1.37130 1.03829 1.17875 0.12194 1.36154 5.07443 3.19068 1.78950 2.17425 6.02359 9.93323 12.36260 13.23950 9.66935 8.76649 9.77369 7.13806 5.70773 4.82799 3.80518 2.25531 0.33479 1.47327 0.76490 0.17575 0.13730 1.17234 4.04386 1.74349 3.46826 9.13614 5.67008 4.25364 10.78100 12.64050 15.68410 11.46860 13.18170 11.74630 13.63950 16.54540 13.97450 19.35810 22.56090 26.72240 26.37380 29.55440 31.18650 32.54090 33.23080 23.09890 23.22220 18.93020 16.83390 22.20520 20.60560 17.67210 20.62060 17.30590 17.79230 19.20510 33.81290 41.75300 45.24190 41.43500 35.95250 43.51660 34.56240
11.22560 8.00792 9.60804 3.86025 2.60543 1.08252 1.58542 0.49199 0.08453 0.25643 1.68150 5.67371 6.33599 6.12755 7.99419 5.81087 7.64477 6.25420 16.01380 8.39558 7.55437 6.31415 4.65560 5.53623 9.42005 4.27143 0.60739 0.93533 4.27345 3.45565 0.98169 1.72882 6.10681 3.13008 4.25991 6.92309 9.47502 9.51740 11.61830 12.82150 12.44060 13.63510 12.35920 13.57800 9.97386 14.44430 16.49300 17.93000 20.55120 24.59170 24.21880 20.64500 25.90430 21.94580 25.26430 21.22530 17.78110 18.67600 17.92730 21.70640 20.14280 22.10870 41.83950 37.96390 37.85620 36.70920 40.39290 31.69640 37.88330 42.46550 41.92780 52.70240 69.63300
12.54040 9.99898 8.38384 12.16320 7.69936 4.89027 5.32536 4.14765 1.32990 3.80759 1.32810 3.72869 12.76020 9.02998 6.56698 5.93696 5.87049 5.69945 5.32821 10.51300 11.50700 7.19893 4.94311 3.16462 4.19778 2.82986 0.00873 1.66216 4.28785 5.19682 4.52383 3.47434 7.18220 8.18464 5.80482 11.01700 23.25780 30.79250 21.00410 20.19310 19.63190 11.02820 13.33980 10.40890 2.39037 1.70303 3.89014 3.98721 4.23751 5.34836 10.23070 15.20280 24.92570 27.44500 25.51400 18.68760 17.42500 16.54490 25.93630 27.85350 36.72280 55.89080 61.42980 57.20480 59.74010 61.17640 53.90610 48.66860 52.92710 54.15600 60.83530 61.36660 55.42680
11.85570 11.24780 13.25520 13.04760 16.75400 9.22700 10.54180 14.11620 11.57510 8.61073 7.78259 16.18980 12.99680 9.49822 11.66230 9.71012 4.72411 5.49197 7.29523 11.81200 20.87930 9.29670 5.26559 3.82295 7.32689 4.12877 1.05191 4.60392 4.77426 3.44959 6.68085 5.89648 11.20050 8.92992 10.58520 10.93270 23.11660 25.61440 19.39910 10.12840 12.34540 5.78619 3.81631 3.14049 1.04577 1.92806 6.93160 5.57976 -9999 -9999 8.44575 10.29800 10.11780 17.80490 20.15270 17.56310 16.39760 23.28470 34.24470 55.41980 68.49940 75.09000 67.73210 74.93910 77.40580 84.67860 69.88620 56.09200 63.30840 47.10650 61.54220 51.39840 34.85810
7.01551 10.84630 17.30410 15.13260 16.23800 14.76240 17.14070 17.02540 17.25100 20.16640 18.83580 20.42440 14.64500 11.01820 15.83050 12.55750 6.73689 12.21120 10.84840 9.00554 11.58960 14.67320 24.43230 15.20090 13.60080 7.02807 5.13280 7.53166 7.80523 4.69811 5.33160 8.38031 18.44280 20.32830 29.05300 14.78750 8.49304 -9999 -9999 -9999 -9999 0.95187 -9999 7.33304 14.37110 9.83709 7.82635 1.94484 -9999 -9999 12.87430 12.86650 13.83770 14.44950 10.23760 15.83550 25.39140 37.97080 35.54260 44.70410 55.70630 59.91190 55.52720 86.33830 86.29840 83.93710 63.99150 57.45620 51.43480 32.31810 -9999 -9999 -9999
7.64886 12.63130 15.22030 8.57811 21.49390 15.93830 6.70052 10.12980 10.47970 13.68190 15.54510 19.60420 17.23180 6.83556 13.43790 18.61190 18.57610 15.97300 19.19590 10.60860 14.03690 12.96750 18.71040 14.17170 13.38480 14.02630 9.16234 8.94258 9.25184 10.52430 12.93770 11.18480 28.15380 17.79200 14.67230 -9999 -9999 -9999 -9999 -9999 -9999 -9999 4.25343 6.45093 6.07394 -9999 -9999 -9999 -9999 -9999 4.79126 8.19526 27.22310 21.06800 27.48280 22.89450 22.51230 37.97770 19.69340 25.38470 38.97890 51.16720 41.68690 40.51150 57.39990 81.13460 64.03520 34.95880 -9999 -9999 -9999 -9999 -9999
