data/hydroclimate-scenarios/BCSD_hadcm_A1B/monthly_summaries/snodep_monthly_day1_feb.2030-2059.asc
ncols	311
nrows	91
xllcenter	102.75
yllcenter	31.75
cellsize	0.5
NODATA_value	-9999
[rows 0 to 31 of 91, columns 213 to 283 of 311]
-9999 -9999 -9999 -9999 -9999 -9999 -9999 -9999 -9999 -9999 -9999 -9999 -9999 -9999 -9999 -9999 -9999 -9999 -9999 -9999 -9999 -9999 -9999 -9999 -9999 -9999 -9999 -9999 -9999 -9999 -9999 -9999 -9999 -9999 -9999 -9999 -9999 -9999 -9999 -9999 -9999 -9999 -9999 -9999 -9999 -9999 -9999 -9999 -9999 -9999 -9999 -9999 -9999 -9999 -9999 -9999 -9999 -9999 -9999 -9999 -9999 -9999 -9999 -9999 -9999 -9999 -9999 -9999 -9999 -9999 -9999
-9999 -9999 -9999 -9999 -9999 -9999 -9999 -9999 -9999 -9999 -9999 -9999 -9999 -9999 -9999 -9999 -9999 -9999 -9999 -9999 -9999 -9999 -9999 -9999 -9999 -9999 -9999 -9999 -9999 -9999 -9999 -9999 -9999 -9999 -9999 -9999 -9999 -9999 -9999 -9999 -9999 -9999 -9999 -9999 -9999 -9999 -9999 -9999 -9999 -9999 -9999 -9999 -9999 -9999 -9999 -9999 -9999 -9999 -9999 -9999 -9999 -9999 -9999 -9999 -9999 -9999 -9999 -9999 -9999 -9999 -9999
-9999 -9999 -9999 -9999 -9999 -9999 -9999 -9999 -9999 -9999 -9999 -9999 -9999 -9999 -9999 -9999 -9999 -9999 -9999 -9999 -9999 -9999 -9999 -9999 -9999 -9999 -9999 -9999 -9999 -9999 -9999 -9999 -9999 -9999 -9999 -9999 -9999 -9999 -9999 -9999 -9999 -9999 -9999 -9999 -9999 -9999 -9999 -9999 -9999 -9999 -9999 -9999 -9999 -9999 -9999 -9999 -9999 -9999 -9999 -9999 -9999 -9999 -9999 -9999 -9999 -9999 -9999 -9999 -9999 -9999 -9999
-9999 -9999 -9999 -9999 -9999 -9999 -9999 -9999 -9999 -9999 -9999 -9999 -9999 -9999 -9999 -9999 -9999 -9999 -9999 -9999 -9999 -9999 -9999 -9999 -9999 -9999 -9999 -9999 -9999 -9999 -9999 -9999 -9999 -9999 -9999 -9999 -9999 -9999 -9999 -9999 -9999 -9999 -9999 -9999 -9999 -9999 -9999 -9999 -9999 -9999 -9999 -9999 -9999 -9999 -9999 -9999 -9999 -9999 -9999 -9999 -9999 -9999 -9999 -9999 -9999 -9999 -9999 -9999 -9999 -9999 -9999
-9999 -9999 -9999 -9999 -9999 -9999 -9999 -9999 -9999 -9999 -9999 -9999 -9999 -9999 -9999 -9999 -9999 -9999 -9999 -9999 -9999 -9999 -9999 -9999 -9999 -9999 -9999 -9999 -9999 -9999 -9999 -9999 -9999 -9999 -9999 -9999 -9999 -9999 -9999 -9999 -9999 -9999 -9999 -9999 -9999 -9999 -9999 -9999 -9999 -9999 -9999 -9999 -9999 -9999 -9999 -9999 -9999 -9999 -9999 -9999 -9999 -9999 -9999 -9999 -9999 -9999 -9999 -9999 -9999 -9999 -9999
-9999 -9999 -9999 -9999 -9999 -9999 -9999 -9999 -9999 -9999 -9999 -9999 -9999 -9999 -9999 -9999 -9999 -9999 -9999 -9999 -9999 -9999 -9999 -9999 -9999 -9999 -9999 -9999 -9999 -9999 -9999 -9999 -9999 -9999 -9999 -9999 -9999 -9999 -9999 -9999 -9999 -9999 -9999 -9999 -9999 -9999 -9999 -9999 -9999 -9999 -9999 -9999 -9999 -9999 -9999 -9999 -9999 -9999 -9999 -9999 -9999 -9999 -9999 -9999 -9999 -9999 -9999 -9999 -9999 -9999 -9999
-9999 -9999 -9999 -9999 -9999 -9999 -9999 -9999 -9999 -9999 -9999 -9999 -9999 -9999 -9999 -9999 -9999 -9999 -9999 -9999 -9999 -9999 -9999 -9999 -9999 -9999 -9999 -9999 -9999 -9999 -9999 -9999 -9999 -9999 -9999 -9999 -9999 -9999 -9999 -9999 -9999 -9999 -9999 -9999 -9999 -9999 -9999 -9999 -9999 -9999 -9999 -9999 -9999 -9999 -9999 -9999 -9999 -9999 -9999 -9999 -9999 -9999 -9999 -9999 -9999 -9999 -9999 -9999 -9999 -9999 -9999
-9999 -9999 -9999 -9999 -9999 -9999 -9999 -9999 -9999 -9999 -9999 -9999 -9999 -9999 -9999 -9999 -9999 -9999 -9999 -9999 -9999 -9999 -9999 -9999 -9999 -9999 -9999 -9999 -9999 -9999 -9999 -9999 -9999 -9999 -9999 -9999 -9999 -9999 -9999 -9999 -9999 -9999 -9999 -9999 -9999 -9999 -9999 -9999 -9999 -9999 -9999 -9999 -9999 -9999 -9999 -9999 -9999 -9999 -9999 -9999 -9999 -9999 -9999 -9999 -9999 -9999 -9999 -9999 -9999 -9999 -9999
-9999 -9999 -9999 -9999 -9999 -9999 -9999 -9999 -9999 -9999 -9999 -9999 -9999 -9999 -9999 -9999 -9999 -9999 -9999 -9999 -9999 -9999 -9999 -9999 -9999 -9999 -9999 -9999 -9999 -9999 -9999 -9999 -9999 -9999 -9999 -9999 -9999 -9999 -9999 -9999 -9999 -9999 -9999 -9999 -9999 -9999 -9999 -9999 -9999 -9999 -9999 -9999 -9999 -9999 -9999 -9999 -9999 -9999 -9999 -9999 -9999 -9999 -9999 -9999 -9999 -9999 -9999 -9999 -9999 -9999 -9999
-9999 -9999 -9999 -9999 -9999 -9999 -9999 -9999 -9999 -9999 -9999 -9999 -9999 -9999 -9999 -9999 -9999 -9999 -9999 -9999 -9999 -9999 -9999 -9999 -9999 -9999 -9999 -9999 -9999 -9999 -9999 -9999 -9999 -9999 -9999 -9999 -9999 -9999 -9999 -9999 -9999 -9999 -9999 -9999 -9999 -9999 -9999 -9999 -9999 -9999 -9999 -9999 -9999 -9999 -9999 -9999 -9999 -9999 -9999 -9999 -9999 -9999 -9999 -9999 -9999 -9999 -9999 -9999 -9999 -9999 -9999
-9999 -9999 -9999 -9999 -9999 -9999 -9999 -9999 -9999 -9999 -9999 -9999 -9999 -9999 -9999 -9999 -9999 -9999 -9999 -9999 -9999 -9999 -9999 -9999 -9999 -9999 -9999 -9999 -9999 -9999 -9999 -9999 -9999 -9999 -9999 -9999 -9999 -9999 -9999 -9999 -9999 -9999 -9999 -9999 -9999 -9999 -9999 -9999 -9999 -9999 -9999 -9999 -9999 -9999 -9999 -9999 -9999 -9999 -9999 -9999 -9999 -9999 -9999 -9999 -9999 -9999 -9999 -9999 -9999 -9999 -9999
-9999 -9999 -9999 -9999 -9999 -9999 -9999 -9999 -9999 -9999 -9999 -9999 -9999 -9999 -9999 -9999 -9999 -9999 -9999 -9999 -9999 -9999 -9999 -9999 -9999 -9999 -9999 -9999 -9999 -9999 -9999 -9999 -9999 -9999 -9999 -9999 -9999 -9999 -9999 -9999 -9999 -9999 -9999 -9999 -9999 -9999 -9999 -9999 -9999 -9999 -9999 -9999 -9999 -9999 -9999 -9999 -9999 -9999 -9999 -9999 -9999 -9999 -9999 -9999 -9999 -9999 -9999 -9999 -9999 -9999 -9999
-9999 -9999 -9999 -9999 -9999 -9999 -9999 -9999 -9999 -9999 -9999 -9999 -9999 -9999 -9999 -9999 -9999 -9999 -9999 -9999 -9999 -9999 -9999 -9999 -9999 -9999 -9999 -9999 -9999 -9999 -9999 -9999 -9999 -9999 -9999 -9999 -9999 -9999 -9999 -9999 -9999 -9999 -9999 -9999 -9999 -9999 -9999 -9999 -9999 -9999 -9999 -9999 -9999 -9999 -9999 -9999 -9999 -9999 -9999 -9999 -9999 -9999 -9999 -9999 -9999 -9999 -9999 -9999 -9999 -9999 -9999
35.94410 36.33280 35.97810 35.57890 34.75090 33.78310 -9999 -9999 -9999 -9999 -9999 -9999 -9999 -9999 -9999 -9999 -9999 -9999 -9999 -9999 -9999 -9999 -9999 -9999 -9999 -9999 -9999 -9999 -9999 -9999 -9999 -9999 -9999 -9999 -9999 -9999 -9999 -9999 -9999 -9999 -9999 -9999 -9999 -9999 -9999 -9999 -9999 27.42980 -9999 -9999 -9999 -9999 -9999 -9999 -9999 -9999 -9999 -9999 -9999 -9999 -9999 -9999 -9999 -9999 -9999 -9999 -9999 -9999 -9999 -9999 -9999
41.14750 39.96520 40.40450 39.77050 39.38810 39.23150 34.29510 32.41700 27.13310 27.65040 19.92310 19.95130 22.15290 40.82690 40.11350 39.14640 36.80470 31.62690 133.16499 -9999 -9999 -9999 -9999 -9999 -9999 -9999 -9999 -9999 -9999 -9999 -9999 -9999 -9999 -9999 -9999 -9999 -9999 -9999 -9999 -9999 -9999 -9999 8.09395 17.63040 12.61730 2.09733 0.67730 11.55180 32.51930 -9999 -9999 -9999 31.47260 -9999 -9999 -9999 31.57600 38.10720 34.39260 -9999 -9999 -9999 -9999 -9999 -9999 -9999 -9999 -9999 -9999 -9999 -9999
43.01710 40.83460 41.28680 41.22990 40.32500 40.70340 7.06057 0.00000 0.00000 0.00000 0.00000 0.00000 0.04461 0.06329 0.03569 0.00000 0.00000 0.00000 0.00000 0.00000 0.35241 1.69596 16.65090 38.71610 32.35100 -9999 -9999 -9999 -9999 -9999 40.56180 40.40980 41.32060 43.14700 43.79870 40.51580 38.84520 39.28600 35.81950 34.63020 33.50160 33.62460 3.23590 5.59238 1.95556 3.50330 0.79540 4.31316 38.93730 39.71770 41.42840 39.24830 37.85270 41.64610 41.18210 39.77470 42.76370 38.33040 23.70380 25.10780 31.96390 34.50140 36.03840 36.03500 -9999 -9999 -9999 -9999 -9999 -9999 -9999
42.39640 41.91270 41.66580 24.72470 26.35620 12.15080 0.00000 0.00000 0.00000 0.00000 0.00000 0.00000 0.00000 0.04560 0.00000 0.00000 0.00000 0.00000 0.00000 0.45054 1.21686 1.48222 22.14550 5.37290 18.51120 25.65480 32.78090 39.13900 43.83240 43.04270 44.23760 44.07080 44.15180 49.29040 51.15060 46.40790 43.58640 44.87660 43.60190 40.95730 42.28850 42.63290 40.06700 40.93270 44.01900 44.34710 41.28770 41.48920 39.92410 39.47210 40.86680 39.66060 42.51890 43.78270 46.47730 51.87870 50.16590 48.40700 52.33100 52.21690 47.90690 52.37550 48.41660 42.70340 40.66720 36.44510 38.93980 38.70290 35.12370 37.41580 38.65830
19.03050 7.91605 23.86550 1.84350 1.96535 0.00000 0.00000 0.00000 0.00000 0.00000 0.00000 0.00000 0.00000 0.00000 0.00000 0.00000 0.00000 1.06086 7.39181 9.66134 8.49166 22.74610 65.18400 66.15860 27.45640 29.59010 24.08610 32.18170 41.25820 47.88460 56.61880 46.99280 47.19920 51.80680 59.12980 60.91160 61.50730 60.16400 52.70290 51.11800 48.61020 49.70660 46.70790 44.29220 46.17420 45.55750 41.63230 42.93070 44.28960 43.29630 43.65370 43.60370 45.99510 48.90730 52.32700 55.80990 56.27650 52.73410 53.06750 54.81520 56.60420 60.87750 50.18570 50.57100 46.53670 45.24670 47.00360 51.49500 52.72250 56.04020 57.79290
41.27910 42.31590 30.10000 16.66710 14.73820 10.85840 11.29020 8.12181 7.72132 7.82976 8.21011 7.73278 5.75800 5.43676 0.00000 6.18572 22.03530 5.54849 7.43229 7.05335 31.07720 50.96620 67.28740 72.44720 38.65290 34.42320 39.77720 21.74300 20.16640 30.95600 66.68870 58.36460 56.91320 55.59410 59.62160 62.15490 61.48450 55.98670 52.10910 49.95000 47.54910 44.64900 45.36060 46.75190 49.16030 50.12820 51.20230 52.06470 52.27170 52.02810 53.05230 49.74240 50.33800 51.78150 54.12860 53.46200 50.96620 56.55830 60.59200 62.24370 59.04870 60.05990 51.77870 55.15170 56.40580 59.92670 61.17040 59.72060 58.63260 58.96440 59.49280
55.41320 63.73020 49.45270 39.73920 34.04470 31.49760 27.87790 20.95570 33.73430 32.47390 31.12940 29.85820 31.33220 30.77740 33.87020 32.87940 30.20790 33.33470 84.61870 78.00310 51.91840 57.92290 43.40850 53.04640 27.68550 34.76420 46.12510 49.64690 55.73670 44.31940 79.65250 77.65660 68.96070 66.18530 61.10160 56.81920 52.92870 51.70320 51.90590 53.07600 49.95860 46.55080 50.29700 54.59680 55.07540 54.10100 56.77580 56.86080 56.54550 53.33050 54.14490 57.94840 54.79530 54.47590 55.60000 57.33720 59.05780 60.63130 61.61460 60.71130 57.57130 55.16850 56.24640 58.99000 62.77000 66.43290 65.70320 70.80750 75.35440 77.43950 73.30010
52.00060 71.79820 70.46630 57.66290 42.66480 36.29890 36.76840 36.70110 33.23200 32.54780 30.64340 31.13090 33.00130 34.35340 38.10170 40.39250 41.76910 41.55730 63.11620 40.08340 6.86737 7.64613 19.12840 14.43100 21.34290 35.79800 43.50760 50.82730 56.19690 59.12820 61.29380 72.46870 73.39060 69.70450 62.29770 56.11680 55.33260 57.67600 53.46540 51.78570 52.24130 47.49020 54.41740 54.23970 54.71250 53.88200 53.67470 55.78990 58.82230 57.96860 60.31840 59.19670 58.37610 59.44390 61.74130 61.75310 66.88570 61.05940 59.23820 55.68100 51.93310 50.70750 52.88040 55.17570 59.61930 62.69830 64.73380 68.94870 73.80660 76.42340 76.62960
63.81810 60.58520 48.55260 35.50500 30.20640 30.98650 32.45310 34.40780 33.79530 33.23390 31.59030 32.26190 35.15920 38.26610 40.58690 39.30430 39.58180 39.28270 81.87030 68.88380 3.66626 0.47623 0.02010 3.32829 19.62870 41.39620 54.15720 57.97160 54.42830 58.76080 55.22700 72.20140 79.39630 73.57000 66.60430 62.58580 61.59050 58.76290 54.97810 54.12910 53.66400 49.63240 54.01410 53.31710 52.31020 54.36640 56.79620 56.97340 60.19170 60.09410 63.48650 62.10410 58.41640 57.17630 57.07770 55.84870 56.12180 59.73650 56.26760 57.35130 51.13350 50.97680 51.71700 53.29990 56.47950 52.63140 55.64270 59.60630 67.36080 73.46770 79.28250
63.10960 45.92850 39.55050 39.97980 38.44120 42.92960 57.49030 54.62110 46.33820 50.55070 21.41750 28.74860 37.87970 39.74140 43.12240 42.18930 42.45370 38.37410 43.16280 55.65000 3.40764 0.11919 0.44119 3.89972 5.47192 29.72980 35.15500 39.19550 53.02960 61.29520 61.49360 62.57110 62.24780 64.29880 61.58120 65.35880 70.59940 67.32570 73.89960 71.44730 72.26330 68.43740 63.70380 59.22060 59.79680 67.76600 70.49310 77.49030 78.74700 75.37490 69.08450 67.06810 61.28680 57.91210 54.80870 58.32880 57.05800 58.58100 52.70180 46.97910 48.12000 48.80380 50.45880 52.14940 51.97990 53.96630 56.37000 59.92700 67.32700 71.63560 74.03710
41.67030 41.77320 45.70610 39.11810 31.39060 37.92810 50.62200 51.74510 45.71720 13.31850 12.28830 12.58020 1.39558 11.29330 10.16790 9.61677 41.68370 42.52970 48.21360 59.67420 7.45336 0.10206 3.18251 5.40393 7.99664 11.97520 20.06040 23.54690 32.63450 45.22630 57.11000 64.90330 63.34630 56.10320 57.66040 48.34970 44.56620 56.01890 71.93440 68.76870 70.86220 80.84740 98.46050 99.14760 107.89000 105.37700 96.30420 85.66960 87.26940 83.36290 70.90880 61.17960 66.26400 61.83770 57.64020 60.22550 59.83900 55.26520 50.75420 52.86020 54.38720 48.62360 49.95780 51.68750 50.71260 52.74900 53.72280 57.52270 63.43510 66.83190 64.59070
38.49710 38.61490 38.33300 36.37870 34.42830 35.14870 36.25290 38.81700 48.43250 48.72050 11.72080 9.12164 0.79465 0.68779 0.44447 0.66650 0.00000 0.04460 0.49851 69.39190 86.98270 0.42252 0.80980 0.74818 0.29905 1.91009 0.26744 9.21369 11.70020 18.47540 11.58070 12.00290 18.45650 17.22520 11.92220 17.84180 26.27340 24.84810 36.75960 49.45350 57.73670 67.21370 89.46650 89.44420 104.69900 120.94400 128.89200 116.84200 101.20800 84.10160 69.50010 58.22020 58.84260 65.89410 65.59340 62.19240 59.20030 56.59720 49.78910 51.00720 54.37610 57.39900 59.54290 58.30480 52.91120 50.06800 51.79850 56.65190 57.99340 60.55710 59.44270
33.52510 34.67690 35.51310 34.82490 38.37640 37.97600 40.89080 36.82320 37.01780 38.00890 37.43990 42.42800 20.97860 11.74680 1.89609 1.02860 0.50895 0.08562 4.28957 14.13140 21.15590 43.26280 1.61504 22.38480 9.79033 1.71117 1.65287 4.27640 15.11390 32.63360 31.69900 37.08350 22.94590 27.28000 15.17960 20.67990 37.14900 36.42520 47.99850 59.93820 66.86000 77.71600 106.88200 118.66800 122.39300 126.32600 138.06700 139.42799 136.62100 114.21400 93.28330 77.57630 64.43830 75.55020 82.91560 68.34570 65.05730 63.25630 56.56180 56.00500 56.52900 59.80990 59.09760 57.20280 58.37190 58.61310 56.43020 54.49640 59.04590 58.48920 58.92540
51.67640 53.37670 53.94380 53.26810 49.61000 68.19240 76.96680 54.42440 28.60380 46.74070 70.51520 76.02730 57.33160 38.48370 33.18350 31.80370 30.70000 31.77960 29.46160 8.14809 34.70610 22.75860 28.98310 39.52910 37.02320 44.75080 57.30450 57.41700 60.07640 73.07890 73.31560 51.17560 46.66480 46.09350 44.50170 48.53520 37.05060 49.51890 56.26760 70.42290 87.52560 102.84700 112.76900 131.80099 143.28200 153.82001 154.44901 153.59399 142.68900 127.71600 113.25600 103.39000 78.85290 68.01960 69.84280 73.90510 65.61360 63.45160 63.34650 60.31160 60.25950 60.22340 61.72280 63.15930 61.58800 61.23140 59.15240 56.88990 56.30670 58.34330 61.21860
-9999 128.25600 100.96000 77.05880 75.40140 73.15760 78.39950 96.65140 90.28990 100.53400 82.08740 42.97680 61.14050 82.29880 75.44190 44.53480 30.19160 28.33210 92.75230 85.86630 69.29170 66.67600 55.45310 72.16850 40.17150 48.67380 53.77960 69.17040 63.64720 70.44990 61.07320 38.76890 30.28690 35.87430 24.98840 31.27940 43.02360 55.09850 58.06570 72.84350 94.89360 115.87700 127.81900 145.06799 161.74200 167.39900 167.98900 166.08200 153.86600 138.14200 136.10500 119.31900 93.76530 81.16010 66.85630 73.81550 69.47610 65.73090 63.02040 66.19110 63.64980 62.76400 61.57500 59.48520 61.47860 62.99390 62.32620 61.81340 57.14270 57.40390 56.51700
206.95700 120.02600 100.15500 91.77520 72.16040 69.96250 70.39620 50.36450 48.03310 51.09300 58.26980 60.07590 44.89800 50.66950 50.87300 54.93850 45.58640 27.36410 93.94940 107.64300 115.26400 117.08600 83.10470 57.38760 17.31720 9.73523 44.86000 53.76380 48.55940 56.67220 56.29890 38.58060 31.86070 19.85950 18.51910 33.16280 47.17110 52.45380 66.64060 86.43710 93.79940 117.28700 134.19400 151.78700 172.10899 175.83200 183.53500 174.74600 146.08501 139.42300 131.90199 116.45900 106.03800 84.79140 81.12560 64.05520 68.38420 66.68510 59.68810 58.59560 57.59290 57.42610 59.70160 60.72560 60.99930 63.68870 67.91150 67.68260 65.39390 58.16960 55.89690
79.55900 60.12460 90.16430 119.06200 131.69299 96.02450 64.26990 50.28380 39.58580 40.07810 39.82100 39.30090 70.03870 117.28900 120.41400 103.34700 87.02600 55.76740 76.74420 84.07250 93.79300 167.91499 154.94600 89.85580 51.32510 34.08590 37.83380 32.64350 42.15490 47.46100 41.39340 28.81280 29.40110 16.78100 23.22140 31.96480 56.44160 63.73750 79.31170 93.10200 111.86100 126.82300 148.33299 165.42101 184.54601 198.12199 184.24001 180.35201 164.49001 154.10500 137.99699 129.39200 119.79300 96.14730 84.70730 63.42280 63.62090 66.67940 60.56490 63.04700 68.94590 79.38050 83.90240 83.22600 80.53120 68.66480 63.10070 63.96110 64.83050 63.45060 59.00690
64.58970 49.98590 50.21310 73.90250 82.85720 65.87010 123.01700 178.06400 165.50999 96.10420 70.98280 47.10390 60.51990 93.65830 -9999 -9999 242.02499 156.56200 138.32800 148.52901 138.11800 192.38699 169.87900 102.35800 58.65320 47.64690 55.15990 62.30380 50.70860 45.44600 33.07080 24.12150 23.15840 21.09590 29.94820 42.31880 50.74790 62.50860 72.86180 89.77670 98.49640 117.04600 118.41600 146.31799 171.14900 178.09399 180.08701 149.86000 136.66800 129.00101 108.31600 109.34600 112.80400 87.36470 65.92740 68.75350 61.88870 62.27980 53.94840 54.63640 55.10900 59.34630 59.03630 60.44930 59.65790 59.66980 60.45940 61.24590 58.96320 62.38180 58.97440
39.74560 -9999 35.65630 68.28120 170.13699 -9999 -9999 -9999 -9999 320.58200 272.55701 168.66600 156.32700 133.90601 129.12601 118.82900 77.32980 130.41901 -9999 -9999 -9999 -9999 271.04300 197.46100 142.87601 124.33600 97.19890 80.98230 88.97600 74.11800 58.64870 39.17760 26.10730 30.17220 42.84270 51.66950 63.90760 69.15530 83.43800 97.62020 118.85200 123.47300 122.08500 116.11400 149.39900 145.10500 156.46201 137.29100 126.67000 114.73000 109.19300 98.53240 92.85710 86.60740 63.00980 61.82720 52.64310 52.16710 57.01890 58.63470 56.31780 53.21690 52.06650 53.55480 54.73990 56.19550 60.20500 57.02560 56.09760 57.35470 53.82400
