data/hydroclimate-scenarios/BCSD_hadcm_A1B/monthly_summaries/snodep_monthly_day1_nov.2030-2059.asc
ncols	311
nrows	91
xllcenter	102.75
yllcenter	31.75
cellsize	0.5
NODATA_value	-9999
[rows 0 to 31 of 91, columns 73 to 145 of 311]
-9999 -9999 -9999 -9999 -9999 -9999 -9999 -9999 -9999 -9999 -9999 -9999 -9999 -9999 -9999 -9999 -9999 -9999 -9999 -9999 -9999 -9999 -9999 -9999 -9999 -9999 -9999 -9999 -9999 -9999 -9999 -9999 -9999 -9999 -9999 -9999 -9999 -9999 -9999 -9999 -9999 -9999 -9999 -9999 -9999 -9999 -9999 -9999 -9999 -9999 -9999 -9999 -9999 -9999 -9999 -9999 -9999 -9999 -9999 -9999 -9999 -9999 -9999 -9999 -9999 -9999 -9999 -9999 -9999 -9999 -9999 -9999 -9999
-9999 -9999 -9999 -9999 -9999 -9999 -9999 -9999 -9999 -9999 -9999 -9999 -9999 -9999 -9999 -9999 -9999 -9999 -9999 -9999 -9999 -9999 -9999 -9999 -9999 -9999 -9999 -9999 -9999 -9999 -9999 -9999 -9999 -9999 -9999 -9999 -9999 -9999 -9999 -9999 -9999 -9999 -9999 -9999 -9999 -9999 -9999 -9999 -9999 -9999 -9999 -9999 -9999 -9999 -9999 -9999 -9999 -9999 -9999 -9999 -9999 -9999 -9999 -9999 -9999 -9999 -9999 -9999 -9999 -9999 -9999 -9999 -9999
-9999 -9999 -9999 -9999 -9999 -9999 -9999 -9999 -9999 -9999 -9999 -9999 -9999 -9999 -9999 -9999 -9999 -9999 -9999 -9999 -9999 -9999 -9999 -9999 -9999 -9999 -9999 -9999 -9999 -9999 -9999 -9999 -9999 -9999 -9999 -9999 -9999 -9999 -9999 -9999 -9999 -9999 -9999 -9999 -9999 -9999 -9999 -9999 -9999 -9999 -9999 -9999 -9999 -9999 -9999 -9999 -9999 -9999 -9999 -9999 -9999 -9999 -9999 -9999 -9999 -9999 -9999 -9999 -9999 -9999 -9999 -9999 -9999
-9999 -9999 -9999 -9999 -9999 -9999 -9999 -9999 -9999 -9999 -9999 -9999 -9999 -9999 -9999 -9999 -9999 -9999 -9999 -9999 -9999 -9999 -9999 -9999 -9999 -9999 -9999 -9999 -9999 -9999 -9999 -9999 -9999 -9999 -9999 -9999 -9999 -9999 -9999 -9999 -9999 -9999 -9999 -9999 -9999 -9999 -9999 -9999 -9999 -9999 -9999 -9999 -9999 -9999 -9999 -9999 -9999 -9999 -9999 -9999 -9999 -9999 -9999 -9999 -9999 -9999 -9999 -9999 -9999 -9999 -9999 -9999 -9999
-9999 -9999 -9999 -9999 -9999 -9999 -9999 -9999 -9999 -9999 -9999 -9999 -9999 -9999 -9999 -9999 -9999 -9999 -9999 -9999 -9999 -9999 -9999 -9999 -9999 -9999 -9999 -9999 -9999 -9999 -9999 -9999 -9999 -9999 -9999 -9999 -9999 -9999 -9999 -9999 -9999 -9999 -9999 -9999 -9999 -9999 -9999 -9999 -9999 -9999 -9999 -9999 -9999 -9999 -9999 -9999 -9999 -9999 -9999 -9999 -9999 -9999 -9999 -9999 -9999 -9999 -9999 -9999 -9999 -9999 -9999 -9999 -9999
-9999 -9999 -9999 -9999 -9999 -9999 -9999 -9999 -9999 -9999 -9999 -9999 -9999 -9999 -9999 -9999 -9999 -9999 -9999 -9999 -9999 -9999 -9999 -9999 -9999 -9999 -9999 -9999 -9999 -9999 -9999 -9999 -9999 -9999 -9999 -9999 -9999 -9999 -9999 -9999 -9999 -9999 -9999 -9999 -9999 -9999 -9999 -9999 -9999 -9999 -9999 -9999 -9999 -9999 -9999 -9999 -9999 -9999 -9999 -9999 -9999 -9999 -9999 -9999 -9999 -9999 -9999 -9999 -9999 -9999 -9999 -9999 -9999
-9999 -9999 -9999 -9999 -9999 -9999 -9999 -9999 -9999 -9999 -9999 -9999 -9999 -9999 -9999 -9999 -9999 -9999 -9999 -9999 -9999 -9999 -9999 -9999 -9999 -9999 -9999 -9999 -9999 -9999 -9999 -9999 -9999 -9999 -9999 -9999 -9999 -9999 -9999 -9999 -9999 -9999 -9999 -9999 -9999 -9999 -9999 -9999 -9999 -9999 -9999 -9999 -9999 -9999 -9999 -9999 -9999 -9999 -9999 -9999 -9999 -9999 -9999 -9999 -9999 -9999 -9999 -9999 -9999 -9999 -9999 -9999 -9999
-9999 -9999 -9999 -9999 -9999 -9999 -9999 -9999 -9999 -9999 -9999 -9999 -9999 -9999 -9999 -9999 -9999 -9999 -9999 -9999 -9999 -9999 -9999 -9999 -9999 -9999 -9999 -9999 -9999 -9999 -9999 -9999 -9999 -9999 -9999 -9999 -9999 -9999 -9999 -9999 -9999 -9999 -9999 -9999 -9999 -9999 -9999 -9999 -9999 -9999 -9999 -9999 -9999 -9999 -9999 -9999 -9999 -9999 -9999 -9999 -9999 -9999 -9999 -9999 -9999 -9999 -9999 -9999 -9999 -9999 -9999 -9999 -9999
-9999 -9999 -9999 -9999 17.06540 -9999 -9999 -9999 -9999 -9999 -9999 -9999 -9999 -9999 -9999 -9999 -9999 -9999 -9999 -9999 -9999 -9999 -9999 -9999 -9999 -9999 -9999 -9999 -9999 -9999 -9999 -9999 -9999 -9999 -9999 -9999 -9999 -9999 -9999 -9999 -9999 -9999 -9999 -9999 -9999 -9999 -9999 -9999 -9999 -9999 -9999 -9999 -9999 -9999 -9999 -9999 -9999 -9999 -9999 -9999 -9999 -9999 -9999 -9999 -9999 -9999 -9999 -9999 -9999 -9999 -9999 -9999 -9999
14.93220 14.89460 16.58020 16.98410 16.45350 17.81770 17.66990 18.90270 19.57990 19.78280 20.18300 20.23400 21.84960 22.07710 21.62660 22.05380 21.48870 21.32670 20.38000 19.51930 -9999 -9999 -9999 -9999 -9999 -9999 -9999 -9999 -9999 -9999 -9999 -9999 -9999 -9999 -9999 -9999 -9999 -9999 -9999 -9999 -9999 -9999 -9999 -9999 -9999 -9999 -9999 -9999 -9999 -9999 -9999 -9999 -9999 -9999 -9999 -9999 -9999 -9999 -9999 -9999 -9999 -9999 -9999 -9999 -9999 -9999 -9999 -9999 -9999 -9999 -9999 -9999 -9999
-9999 -9999 17.32480 17.46220 18.22620 18.13120 19.02820 19.09220 20.62300 20.52430 19.83210 20.80290 20.43120 20.46820 23.25040 23.12050 23.13320 23.14700 22.61820 21.91910 -9999 -9999 -9999 -9999 -9999 -9999 -9999 -9999 -9999 -9999 -9999 -9999 -9999 -9999 -9999 -9999 -9999 -9999 -9999 -9999 -9999 -9999 -9999 -9999 -9999 -9999 -9999 -9999 -9999 -9999 -9999 -9999 -9999 -9999 -9999 -9999 -9999 -9999 -9999 -9999 -9999 -9999 -9999 -9999 -9999 -9999 -9999 -9999 -9999 -9999 -9999 -9999 -9999
15.96900 16.12120 16.62950 16.52830 17.33660 17.29040 17.91540 18.20990 19.39480 19.44880 18.69230 19.48490 19.73450 20.44370 22.16470 22.88320 22.03790 22.67550 21.62980 21.57290 20.83660 20.91870 19.84610 19.71150 17.73820 17.50230 -9999 -9999 -9999 -9999 -9999 -9999 -9999 -9999 -9999 -9999 -9999 -9999 -9999 -9999 -9999 -9999 -9999 -9999 -9999 -9999 -9999 -9999 -9999 -9999 -9999 -9999 -9999 -9999 -9999 -9999 -9999 -9999 -9999 -9999 -9999 -9999 -9999 -9999 -9999 -9999 -9999 -9999 -9999 -9999 -9999 -9999 -9999
16.82130 16.92650 16.72730 17.56070 16.88000 17.05150 18.29620 18.40700 17.76210 18.15580 18.63880 19.48990 21.26120 22.07580 20.84610 21.37520 22.30830 22.96330 22.79840 22.30370 22.49850 21.52850 22.02600 20.97910 20.22020 19.46150 19.07900 19.14320 17.09260 16.99230 17.73520 16.82100 16.62310 16.47040 13.50510 13.33220 13.13630 12.45280 13.59930 13.60160 13.08730 -9999 -9999 -9999 -9999 -9999 -9999 -9999 -9999 -9999 -9999 -9999 -9999 -9999 -9999 -9999 -9999 -9999 -9999 -9999 -9999 -9999 -9999 -9999 -9999 -9999 -9999 -9999 -9999 -9999 -9999 -9999 -9999
15.96350 16.27930 16.32280 17.01680 16.16640 15.82010 17.36520 17.60960 17.15690 17.29930 17.68830 18.63860 20.40640 21.08730 20.23110 20.26250 21.21400 21.40520 22.29570 22.17240 22.30340 21.62960 21.89480 21.50750 19.81410 19.72950 19.74410 19.43460 17.62530 17.45490 17.00770 16.60380 16.53950 15.54820 13.74050 13.40510 12.47190 12.36060 13.73170 13.94540 13.50350 13.56490 -9999 -9999 -9999 -9999 -9999 -9999 -9999 -9999 -9999 -9999 -9999 -9999 -9999 -9999 -9999 -9999 -9999 -9999 -9999 -9999 -9999 -9999 -9999 -9999 -9999 -9999 -9999 -9999 -9999 -9999 -9999
16.61730 16.62530 17.90110 17.56570 17.04330 17.78450 16.52220 17.07070 17.88310 18.35440 19.65370 19.43890 20.62280 21.01860 19.27410 19.69590 20.24900 21.16930 21.50090 21.82250 23.08500 22.23770 20.53440 20.36300 20.27360 19.78200 20.45320 20.61740 19.93370 18.78280 18.15210 18.00910 16.76720 16.66790 17.52570 16.36170 15.48600 15.36840 14.60600 13.87360 13.75550 13.60020 -9999 -9999 -9999 -9999 -9999 -9999 -9999 -9999 -9999 -9999 -9999 -9999 -9999 -9999 -9999 11.38680 11.25220 -9999 -9999 -9999 -9999 13.92940 14.97520 16.08210 15.62970 14.84290 13.68330 14.20830 15.03420 16.07250 15.18150
16.16550 16.72740 17.05880 17.19110 16.32120 16.79940 15.84060 16.08880 16.71160 17.47430 18.34970 19.27420 20.64760 19.87790 18.66160 18.27110 19.34880 19.16290 20.48710 20.91840 21.36490 20.46340 18.54600 19.20930 20.13480 20.38470 21.01640 20.18110 19.54110 19.33880 18.70800 17.68910 17.13730 16.75850 16.73150 16.74150 15.55880 15.48020 14.00270 14.04530 13.75240 13.76880 13.60150 13.42490 13.09330 13.59700 14.67080 15.19480 14.18220 13.55110 14.67370 14.26950 12.86610 12.99840 12.02980 11.99060 11.54630 12.06040 11.72140 -9999 -9999 -9999 -9999 -9999 14.27690 15.01840 15.73800 16.73930 15.84510 16.07120 17.23390 17.43340 16.48490
17.75090 18.52470 17.18600 16.48500 16.49470 16.37230 15.13860 15.32490 15.32970 16.23020 17.53990 18.31880 19.43320 19.36370 18.56610 17.98300 17.41130 18.01640 19.92410 20.12950 19.14250 19.14860 18.79510 19.02470 19.61410 19.70570 20.93370 20.23740 19.61670 19.38510 18.31400 18.40970 16.84900 15.49980 16.70520 16.43700 15.90340 15.48050 14.61170 14.55310 13.74090 13.82180 14.52500 14.49950 13.51320 13.26490 14.84820 15.33020 16.34220 15.86910 15.02150 15.67420 15.45770 14.08820 14.32330 14.36310 14.09210 13.22540 14.49680 14.82490 14.32520 14.23380 13.74200 14.55290 14.42930 15.35450 16.51080 17.17090 18.71070 18.03780 18.17630 19.10190 20.00520
17.45150 18.41390 18.21970 17.14330 16.18260 16.05310 13.97050 14.55410 14.76180 15.24810 16.97440 17.71150 18.54110 17.94810 17.05440 17.55300 16.35970 17.10670 19.07240 18.96930 18.97400 18.76810 17.63860 18.08030 18.34240 19.30300 20.35300 19.72930 19.08570 18.67000 17.17880 17.77750 15.99950 15.44090 17.05170 16.19790 15.78800 15.36670 14.57860 15.30630 14.40710 12.70680 13.14740 13.57330 13.12200 13.51210 13.88650 14.44700 15.40250 15.98450 14.96520 15.46390 14.35170 15.27080 15.16040 14.89620 14.93740 15.15600 15.44290 16.64510 15.67560 15.50410 14.92750 14.48690 14.25330 13.79490 14.94990 16.43900 18.93810 18.98190 19.62930 19.82570 20.40510
17.72880 16.04870 17.10060 16.37020 15.35220 15.40090 15.56940 14.94660 14.75350 15.48900 15.53520 15.25090 15.94950 15.38370 16.60750 16.49160 16.93910 17.72310 18.22950 17.90570 18.90510 19.16520 18.15670 17.63940 17.81110 18.34930 19.88130 19.82820 19.45600 19.96320 19.41740 18.90710 16.31240 15.99160 14.38150 14.85120 15.14150 14.43880 14.76160 14.55720 15.65180 14.88830 14.72080 13.92120 14.05990 13.96430 12.92690 13.88030 14.99000 15.41490 15.50790 15.81940 13.98590 14.08170 13.80890 14.49460 14.61340 14.96000 15.08290 15.66010 16.85920 17.10280 16.31370 16.29910 15.34120 14.90700 17.40190 17.66000 17.09420 17.67860 18.42330 19.30980 18.50460
19.50310 18.52770 17.58580 17.18300 15.00570 14.77830 15.55840 14.94160 16.39750 15.97570 15.35320 15.20090 15.91840 16.41130 16.22350 16.38300 16.67560 17.00460 17.13830 17.43520 18.50440 18.96120 17.94070 17.16720 17.63040 18.17790 17.87160 18.82980 19.46650 18.87770 19.56020 19.47690 17.61790 17.05990 15.76770 14.88890 15.57040 15.86990 15.83740 15.12500 14.70950 14.74460 15.16820 14.92150 14.48080 13.41830 12.46880 13.18250 14.91840 15.28800 15.46910 14.79350 13.89400 14.82490 14.91030 15.46150 14.67410 13.92150 13.81770 13.78060 15.81700 17.39700 18.01060 17.73990 18.00300 16.28180 18.60780 18.22360 17.11830 15.50110 16.13250 17.95020 17.17250
18.74750 19.54200 19.97790 18.61370 16.59530 16.08240 16.22110 14.31440 15.53580 16.43110 17.04240 17.80000 17.53570 17.16070 16.10300 15.96150 16.24190 16.77410 16.47480 16.52650 16.70730 17.64560 18.04270 17.95080 18.72850 19.10550 18.45620 18.71950 19.46980 20.16610 18.98850 18.67280 17.45670 17.03890 16.49880 16.99130 16.08320 15.51860 15.80510 15.17260 15.36070 14.85340 14.65530 13.85380 13.79870 13.57740 12.21220 12.25460 12.44940 13.10890 13.38990 13.75060 14.52480 14.75130 13.34700 14.40100 14.44510 16.24440 16.65610 16.85610 16.64650 16.55500 16.76980 16.58890 15.79110 16.82660 15.41020 14.87760 15.87070 14.28470 13.76790 15.98220 17.21860
21.18750 20.59630 21.12760 20.68750 18.71190 17.87800 16.93130 15.38380 14.27370 15.20330 15.32820 16.44690 17.77660 17.60960 17.20790 17.22970 17.07090 16.87370 16.66600 16.70740 16.72420 17.64960 17.92840 19.01400 19.51440 19.83380 19.77900 20.44530 20.16720 21.08290 19.03940 18.82090 17.97870 17.57830 17.12090 17.07550 16.49920 16.16350 15.97580 15.75260 15.71600 15.82530 15.50010 15.87610 16.03140 15.60530 13.88360 13.46830 14.70780 15.02950 15.78620 15.93710 15.88610 15.84010 14.82190 14.35510 14.85630 16.62000 17.01130 17.65940 17.68300 16.86490 16.96370 17.05460 16.92200 15.95560 14.76110 14.77280 14.18820 13.89040 13.84160 18.03340 16.23990
24.20110 23.72670 21.02290 20.36100 19.30130 18.36130 18.55710 16.80700 16.67960 16.56970 15.81650 16.05300 16.46870 16.62610 16.54180 17.75980 18.00410 17.88870 18.26000 18.35480 18.07680 18.41480 18.00100 18.30640 19.10080 19.87040 20.66660 20.31850 19.21570 19.40740 18.80250 18.63730 17.79610 16.39170 16.62420 16.72250 18.16050 17.03220 16.85320 16.05870 16.68690 16.63770 16.87690 16.94780 17.19370 16.41980 16.03330 17.03750 16.82340 16.06240 15.54480 15.91010 15.81900 16.88660 15.95000 17.17020 16.53200 15.94080 17.66880 18.04550 18.84610 18.54480 19.23030 18.69170 14.83000 14.20690 13.81120 13.29810 13.60680 13.77180 17.98090 19.15100 16.05890
24.11350 24.15600 22.06480 22.01050 20.22960 19.46550 20.41210 17.39400 17.29200 18.76510 17.97800 16.98150 18.25320 17.79270 18.16400 16.86410 17.45500 17.40100 19.15190 19.58600 19.77930 18.45800 17.95850 18.66200 19.08950 19.87690 19.95680 19.89280 19.50500 19.35270 18.76140 18.21780 16.56110 16.49880 17.39770 16.88860 17.49250 17.79060 18.80620 18.01520 18.01480 17.66500 15.34110 15.04040 16.16310 17.14530 16.91770 17.31440 17.02990 16.56490 15.46850 15.67220 16.23500 16.60640 17.27180 17.92420 16.58570 16.38650 17.17030 17.27020 18.92080 20.08340 18.31640 16.96050 13.73000 13.28360 12.66810 13.08520 14.75320 14.04330 16.45160 16.27490 15.64710
23.76850 22.66410 21.53750 21.63760 20.40820 19.73200 18.21210 17.18120 17.72110 18.42670 18.21060 17.68320 19.96640 20.21080 18.29670 18.80880 18.64160 17.89090 18.27100 18.88370 18.74980 18.76980 19.05220 18.60020 17.17890 18.25230 18.60730 18.55490 19.44760 18.72640 18.08550 17.40820 18.55000 17.73930 17.26010 17.78290 17.35860 17.80740 19.11500 18.96690 18.73290 17.48920 14.89410 14.31660 15.30800 15.87860 17.22870 18.54110 18.09710 16.59680 15.91180 16.97350 15.32170 15.72070 15.15760 14.78950 17.96000 17.37790 18.73340 18.48260 19.51300 19.18610 16.90520 16.45510 14.69380 15.01880 17.18920 15.72310 14.82460 13.93230 15.89670 16.60200 17.00850
25.19890 25.02000 22.81640 21.55660 20.45250 19.03670 17.92610 16.57690 18.12050 18.97220 18.26880 18.43680 19.42710 20.30800 18.29970 18.61610 20.20150 19.51260 18.44090 18.69750 19.25080 19.22790 20.48280 20.32760 18.53380 18.66700 19.49770 20.04540 19.65870 19.18760 17.75090 17.70420 18.22820 18.04590 18.04480 19.06700 17.74970 19.41300 20.93670 19.67620 18.92050 19.83790 18.00580 16.16170 16.24780 16.21050 16.44680 17.12990 17.43880 15.70220 14.20350 13.83770 12.57120 13.19120 13.38150 14.86580 16.04390 17.52220 18.08890 18.79630 19.50600 19.67410 17.17780 16.54160 14.88780 14.70930 15.94280 17.76960 16.81100 15.63830 16.53180 18.44890 19.21900
28.39420 27.93020 25.49050 23.89390 20.94680 20.21110 19.27580 18.11860 17.12710 17.58200 19.05960 18.90390 17.98170 17.75700 18.50090 19.59860 20.79610 21.08030 20.19620 20.49370 20.97050 20.83430 20.48640 19.93350 19.63730 19.64980 18.49780 18.97720 16.93700 17.88900 17.54060 18.52490 19.21340 17.88420 18.48570 19.93750 20.08610 20.11820 20.76340 21.01410 19.98500 18.94660 17.88830 17.36170 15.45100 15.59240 15.66170 16.66580 17.75120 18.04640 15.22710 15.50050 15.45840 15.29360 16.22160 14.86690 14.90800 14.92700 14.85840 16.46630 17.15070 17.68360 18.74720 18.46680 17.91060 17.80140 18.08190 18.65620 19.44750 18.37110 16.78890 16.44440 14.40730
29.08420 28.03890 26.79530 24.45880 22.14800 20.81790 20.75280 19.09100 16.88110 17.34730 18.84400 20.22690 19.06720 18.69980 19.79560 19.28510 21.42180 21.27140 22.14270 21.92570 21.89960 22.38240 21.33700 21.46730 21.40070 20.50570 19.75930 18.49420 18.77160 17.16360 18.14750 18.55690 19.78430 18.55090 18.89690 20.10420 21.42380 21.75170 21.18540 21.18230 19.68740 19.68240 18.31810 18.35670 14.76850 15.48600 16.15740 16.46780 17.27300 17.69060 15.20650 14.32580 14.90720 13.67960 14.86430 14.57290 14.25830 14.48220 14.82660 16.33190 16.86810 18.09640 22.25950 21.05900 20.50910 20.73160 18.68730 17.07320 17.79390 17.12990 17.72650 18.69680 20.44400
28.29190 26.76470 25.29040 25.31320 24.18880 22.65330 21.46600 20.94370 19.41790 19.92070 19.89820 20.43800 21.55470 20.75780 20.18710 19.89670 21.70780 21.73940 22.99690 24.14070 23.86260 23.59830 22.49040 21.50740 20.51390 20.57490 20.12650 19.74690 17.16600 17.14520 18.57250 18.45360 20.50380 20.08980 19.44280 20.49870 22.22920 23.53940 22.03210 21.88490 21.01010 18.42240 16.99390 16.27200 13.71370 12.61190 12.16820 11.40190 12.68430 12.82060 13.42590 14.48220 14.77270 15.09130 14.59520 13.66210 15.22630 15.65780 17.29040 18.22780 21.17170 24.28560 24.17650 23.38810 24.13770 24.44000 21.05610 19.52580 20.23850 19.34070 19.91080 18.87380 16.37320
27.70850 27.10350 26.98450 25.37590 26.45080 24.25260 23.31440 23.04910 22.76610 22.16540 21.90820 23.14280 22.44610 21.23670 21.83590 21.51050 21.16060 22.58370 24.04680 25.44240 26.54270 25.30110 23.33620 22.64030 22.32320 21.37770 21.66780 21.98210 19.53680 18.14870 19.63580 19.51540 22.61000 21.22000 20.87990 21.14960 22.98390 23.73240 23.09480 20.01060 20.12900 18.04460 13.63620 13.33530 12.84930 13.20990 14.11850 12.74830 -9999 -9999 12.89130 12.48280 11.91350 13.67290 13.40890 13.31380 15.61010 17.74110 18.72660 23.05920 25.76380 26.29220 24.31610 25.27310 26.29120 26.51880 22.89730 20.32780 21.16770 17.12870 19.28740 15.85340 11.81150
25.36390 26.03580 24.96900 23.99610 24.28270 22.97970 24.56500 24.11710 24.11400 24.18930 25.15070 25.04220 24.36700 24.03290 21.94280 21.77450 23.02550 24.42530 24.81990 24.93850 26.47740 27.09300 27.08450 25.56320 24.27790 22.69310 22.84530 22.92390 22.50890 20.54070 20.45800 21.62210 22.52710 21.91010 23.88660 21.39850 19.63250 -9999 -9999 -9999 -9999 14.62140 -9999 17.80430 21.11910 18.64340 18.28670 13.73820 -9999 -9999 14.94210 14.08970 13.45200 13.37000 10.63340 12.69890 15.79160 17.80330 22.13400 23.67080 26.18090 26.38450 25.92030 30.56240 27.74590 26.41060 23.13890 22.20530 19.25420 14.17890 -9999 -9999 -9999
24.70560 25.32740 23.87520 21.75790 24.08390 22.92740 22.87670 22.78640 22.76650 23.31830 25.05020 25.51720 24.92490 22.47490 21.97030 23.22580 25.80230 25.46270 26.58240 25.98180 28.00100 27.72650 27.79540 26.53580 24.73210 24.26650 23.66380 23.81730 23.28870 24.10440 23.80110 23.39860 25.30890 22.49220 22.85540 -9999 -9999 -9999 -9999 -9999 -9999 -9999 18.63920 19.14180 18.73230 -9999 -9999 -9999 -9999 -9999 11.72270 12.74310 16.88480 15.31160 15.56150 15.02120 15.25880 18.07970 19.46770 20.93620 24.12380 26.30610 24.44960 23.48400 22.98490 25.05950 23.17150 17.08700 -9999 -9999 -9999 -9999 -9999
