data/hydroclimate-scenarios/BCSD_hadcm_A1B/monthly_summaries/snodep_monthly_day1_oct.2030-2059.asc
ncols	311
nrows	91
xllcenter	102.75
yllcenter	31.75
cellsize	0.5
NODATA_value	-9999
[rows 0 to 32 of 91, columns 219 to 291 of 311]
-9999 -9999 -9999 -9999 -9999 -9999 -9999 -9999 -9999 -9999 -9999 -9999 -9999 -9999 -9999 -9999 -9999 -9999 -9999 -9999 -9999 -9999 -9999 -9999 -9999 -9999 -9999 -9999 -9999 -9999 -9999 -9999 -9999 -9999 -9999 -9999 -9999 -9999 -9999 -9999 -9999 -9999 -9999 -9999 -9999 -9999 -9999 -9999 -9999 -9999 -9999 -9999 -9999 -9999 -9999 -9999 -9999 -9999 -9999 -9999 -9999 -9999 -9999 -9999 -9999 -9999 -9999 -9999 -9999 -9999 -9999 -9999 -9999
-9999 -9999 -9999 -9999 -9999 -9999 -9999 -9999 -9999 -9999 -9999 -9999 -9999 -9999 -9999 -9999 -9999 -9999 -9999 -9999 -9999 -9999 -9999 -9999 -9999 -9999 -9999 -9999 -9999 -9999 -9999 -9999 -9999 -9999 -9999 -9999 -9999 -9999 -9999 -9999 -9999 -9999 -9999 -9999 -9999 -9999 -9999 -9999 -9999 -9999 -9999 -9999 -9999 -9999 -9999 -9999 -9999 -9999 -9999 -9999 -9999 -9999 -9999 -9999 -9999 -9999 -9999 -9999 -9999 -9999 -9999 -9999 -9999
-9999 -9999 -9999 -9999 -9999 -9999 -9999 -9999 -9999 -9999 -9999 -9999 -9999 -9999 -9999 -9999 -9999 -9999 -9999 -9999 -9999 -9999 -9999 -9999 -9999 -9999 -9999 -9999 -9999 -9999 -9999 -9999 -9999 -9999 -9999 -9999 -9999 -9999 -9999 -9999 -9999 -9999 -9999 -9999 -9999 -9999 -9999 -9999 -9999 -9999 -9999 -9999 -9999 -9999 -9999 -9999 -9999 -9999 -9999 -9999 -9999 -9999 -9999 -9999 -9999 -9999 -9999 -9999 -9999 -9999 -9999 -9999 -9999
-9999 -9999 -9999 -9999 -9999 -9999 -9999 -9999 -9999 -9999 -9999 -9999 -9999 -9999 -9999 -9999 -9999 -9999 -9999 -9999 -9999 -9999 -9999 -9999 -9999 -9999 -9999 -9999 -9999 -9999 -9999 -9999 -9999 -9999 -9999 -9999 -9999 -9999 -9999 -9999 -9999 -9999 -9999 -9999 -9999 -9999 -9999 -9999 -9999 -9999 -9999 -9999 -9999 -9999 -9999 -9999 -9999 -9999 -9999 -9999 -9999 -9999 -9999 -9999 -9999 -9999 -9999 -9999 -9999 -9999 -9999 -9999 -9999
-9999 -9999 -9999 -9999 -9999 -9999 -9999 -9999 -9999 -9999 -9999 -9999 -9999 -9999 -9999 -9999 -9999 -9999 -9999 -9999 -9999 -9999 -9999 -9999 -9999 -9999 -9999 -9999 -9999 -9999 -9999 -9999 -9999 -9999 -9999 -9999 -9999 -9999 -9999 -9999 -9999 -9999 -9999 -9999 -9999 -9999 -9999 -9999 -9999 -9999 -9999 -9999 -9999 -9999 -9999 -9999 -9999 -9999 -9999 -9999 -9999 -9999 -9999 -9999 -9999 -9999 -9999 -9999 -9999 -9999 -9999 -9999 -9999
-9999 -9999 -9999 -9999 -9999 -9999 -9999 -9999 -9999 -9999 -9999 -9999 -9999 -9999 -9999 -9999 -9999 -9999 -9999 -9999 -9999 -9999 -9999 -9999 -9999 -9999 -9999 -9999 -9999 -9999 -9999 -9999 -9999 -9999 -9999 -9999 -9999 -9999 -9999 -9999 -9999 -9999 -9999 -9999 -9999 -9999 -9999 -9999 -9999 -9999 -9999 -9999 -9999 -9999 -9999 -9999 -9999 -9999 -9999 -9999 -9999 -9999 -9999 -9999 -9999 -9999 -9999 -9999 -9999 -9999 -9999 -9999 -9999
-9999 -9999 -9999 -9999 -9999 -9999 -9999 -9999 -9999 -9999 -9999 -9999 -9999 -9999 -9999 -9999 -9999 -9999 -9999 -9999 -9999 -9999 -9999 -9999 -9999 -9999 -9999 -9999 -9999 -9999 -9999 -9999 -9999 -9999 -9999 -9999 -9999 -9999 -9999 -9999 -9999 -9999 -9999 -9999 -9999 -9999 -9999 -9999 -9999 -9999 -9999 -9999 -9999 -9999 -9999 -9999 -9999 -9999 -9999 -9999 -9999 -9999 -9999 -9999 -9999 -9999 -9999 -9999 -9999 -9999 -9999 -9999 -9999
-9999 -9999 -9999 -9999 -9999 -9999 -9999 -9999 -9999 -9999 -9999 -9999 -9999 -9999 -9999 -9999 -9999 -9999 -9999 -9999 -9999 -9999 -9999 -9999 -9999 -9999 -9999 -9999 -9999 -9999 -9999 -9999 -9999 -9999 -9999 -9999 -9999 -9999 -9999 -9999 -9999 -9999 -9999 -9999 -9999 -9999 -9999 -9999 -9999 -9999 -9999 -9999 -9999 -9999 -9999 -9999 -9999 -9999 -9999 -9999 -9999 -9999 -9999 -9999 -9999 -9999 -9999 -9999 -9999 -9999 -9999 -9999 -9999
-9999 -9999 -9999 -9999 -9999 -9999 -9999 -9999 -9999 -9999 -9999 -9999 -9999 -9999 -9999 -9999 -9999 -9999 -9999 -9999 -9999 -9999 -9999 -9999 -9999 -9999 -9999 -9999 -9999 -9999 -9999 -9999 -9999 -9999 -9999 -9999 -9999 -9999 -9999 -9999 -9999 -9999 -9999 -9999 -9999 -9999 -9999 -9999 -9999 -9999 -9999 -9999 -9999 -9999 -9999 -9999 -9999 -9999 -9999 -9999 -9999 -9999 -9999 -9999 -9999 -9999 -9999 -9999 -9999 -9999 -9999 -9999 -9999
-9999 -9999 -9999 -9999 -9999 -9999 -9999 -9999 -9999 -9999 -9999 -9999 -9999 -9999 -9999 -9999 -9999 -9999 -9999 -9999 -9999 -9999 -9999 -9999 -9999 -9999 -9999 -9999 -9999 -9999 -9999 -9999 -9999 -9999 -9999 -9999 -9999 -9999 -9999 -9999 -9999 -9999 -9999 -9999 -9999 -9999 -9999 -9999 -9999 -9999 -9999 -9999 -9999 -9999 -9999 -9999 -9999 -9999 -9999 -9999 -9999 -9999 -9999 -9999 -9999 -9999 -9999 -9999 -9999 -9999 -9999 -9999 -9999
-9999 -9999 -9999 -9999 -9999 -9999 -9999 -9999 -9999 -9999 -9999 -9999 -9999 -9999 -9999 -9999 -9999 -9999 -9999 -9999 -9999 -9999 -9999 -9999 -9999 -9999 -9999 -9999 -9999 -9999 -9999 -9999 -9999 -9999 -9999 -9999 -9999 -9999 -9999 -9999 -9999 -9999 -9999 -9999 -9999 -9999 -9999 -9999 -9999 -9999 -9999 -9999 -9999 -9999 -9999 -9999 -9999 -9999 -9999 -9999 -9999 -9999 -9999 -9999 -9999 -9999 -9999 -9999 -9999 -9999 -9999 -9999 -9999
-9999 -9999 -9999 -9999 -9999 -9999 -9999 -9999 -9999 -9999 -9999 -9999 -9999 -9999 -9999 -9999 -9999 -9999 -9999 -9999 -9999 -9999 -9999 -9999 -9999 -9999 -9999 -9999 -9999 -9999 -9999 -9999 -9999 -9999 -9999 -9999 -9999 -9999 -9999 -9999 -9999 -9999 -9999 -9999 -9999 -9999 -9999 -9999 -9999 -9999 -9999 -9999 -9999 -9999 -9999 -9999 -9999 -9999 -9999 -9999 -9999 -9999 -9999 -9999 -9999 -9999 -9999 -9999 -9999 -9999 -9999 -9999 -9999
-9999 -9999 -9999 -9999 -9999 -9999 -9999 -9999 -9999 -9999 -9999 -9999 -9999 -9999 -9999 -9999 -9999 -9999 -9999 -9999 -9999 -9999 -9999 -9999 -9999 -9999 -9999 -9999 -9999 -9999 -9999 -9999 -9999 -9999 -9999 -9999 -9999 -9999 -9999 -9999 -9999 -9999 -9999 -9999 -9999 -9999 -9999 -9999 -9999 -9999 -9999 -9999 -9999 -9999 -9999 -9999 -9999 -9999 -9999 -9999 -9999 -9999 -9999 -9999 -9999 -9999 -9999 -9999 -9999 -9999 -9999 -9999 -9999
-9999 -9999 -9999 -9999 -9999 -9999 -9999 -9999 -9999 -9999 -9999 -9999 -9999 -9999 -9999 -9999 -9999 -9999 -9999 -9999 -9999 -9999 -9999 -9999 -9999 -9999 -9999 -9999 -9999 -9999 -9999 -9999 -9999 -9999 -9999 -9999 -9999 -9999 -9999 -9999 -9999 0.65713 -9999 -9999 -9999 -9999 -9999 -9999 -9999 -9999 -9999 -9999 -9999 -9999 -9999 -9999 -9999 -9999 -9999 -9999 -9999 -9999 -9999 -9999 -9999 -9999 -9999 -9999 -9999 -9999 -9999 -9999 -9999
1.40528 1.49418 1.59737 1.92704 1.56411 2.41000 2.16004 2.42977 2.83958 2.91293 2.78490 2.33869 12.50090 -9999 -9999 -9999 -9999 -9999 -9999 -9999 -9999 -9999 -9999 -9999 -9999 -9999 -9999 -9999 -9999 -9999 -9999 -9999 -9999 -9999 -9999 -9999 0.94977 0.99245 0.65003 0.81670 0.57003 0.51235 0.99368 -9999 -9999 -9999 1.26050 -9999 -9999 -9999 2.63612 3.13965 2.13769 -9999 -9999 -9999 -9999 -9999 -9999 -9999 -9999 -9999 -9999 -9999 -9999 -9999 -9999 -9999 -9999 -9999 -9999 -9999 -9999
1.70871 0.00000 0.00000 0.00000 0.00000 0.00000 0.02250 0.04735 0.02465 0.00000 0.00000 0.00000 0.00000 0.00000 0.20123 1.86996 4.30011 4.46282 2.00124 -9999 -9999 -9999 -9999 -9999 1.41788 1.23535 2.19588 2.11883 1.06110 0.86046 0.49736 0.46985 0.77826 0.80081 0.52975 0.57660 0.97174 1.07070 0.71482 0.87915 0.56231 0.65035 0.93833 0.92073 0.82980 0.78020 1.22650 1.22943 1.79085 1.97807 2.99461 3.32855 2.75488 2.77912 2.55829 2.09282 1.83427 1.30708 -9999 -9999 -9999 -9999 -9999 -9999 -9999 -9999 -9999 -9999 -9999 -9999 -9999 -9999 -9999
0.00000 0.00000 0.00000 0.00000 0.00000 0.00000 0.00000 0.03439 0.00000 0.00000 0.00000 0.00000 0.00000 0.33827 1.43719 1.59746 3.13872 3.10583 1.43506 1.58427 2.40174 2.37130 2.11281 1.58124 2.53435 2.29767 2.63180 2.86687 1.87579 1.65889 1.16677 1.14193 1.33154 1.17716 0.69972 0.64534 0.31253 0.38355 1.25496 1.33473 0.59095 0.63515 0.78698 0.91031 0.91168 0.87802 1.07637 1.03364 1.68451 1.84484 2.37681 2.62122 1.14838 1.13415 1.17495 1.30332 2.04527 2.46144 1.96709 1.75937 1.63080 1.62052 1.97782 1.96654 2.31315 2.15388 -9999 -9999 -9999 -9999 -9999 -9999 -9999
0.00000 0.00000 0.00000 0.00000 0.00000 0.00000 0.00000 0.00000 0.00000 0.00000 0.00559 1.06220 2.58956 2.97866 2.72504 2.88355 2.43012 2.61714 1.07139 1.12770 1.69850 2.17107 2.42981 2.18170 3.17727 1.86932 2.14781 2.30228 1.60964 1.73797 1.24082 1.14902 1.04528 0.90775 0.51973 0.48496 0.35590 0.29990 1.25424 1.26083 0.57092 0.63602 0.55662 0.71413 0.67062 0.69318 0.85477 0.92477 1.25957 1.34953 1.95378 2.03275 0.84157 0.85869 0.93614 1.02364 1.96913 2.13371 1.53399 1.51180 1.54800 1.54548 2.29563 2.29076 2.49637 2.02814 -9999 1.49183 -9999 -9999 -9999 -9999 -9999
4.00386 0.00000 0.97846 2.84455 1.94460 1.70948 0.24322 0.54385 0.00000 0.84700 1.39688 0.34267 1.34254 1.37695 1.73788 2.18690 3.07945 3.20297 2.42628 2.69711 1.81372 1.12933 1.91071 1.93381 3.72514 2.25756 1.32189 1.30475 0.51632 0.62170 0.82504 0.72870 0.58241 0.58785 0.87180 0.76156 0.82254 0.87995 0.77779 0.82257 1.58684 1.67006 0.45817 0.52465 0.89538 0.97160 0.85153 0.86344 1.06303 1.15094 1.02937 1.16201 0.60492 0.63318 1.39073 1.49787 2.88479 2.72768 2.21916 2.34283 1.11619 1.10730 2.03165 1.93911 1.65144 1.42473 0.88160 -9999 -9999 -9999 -9999 -9999 -9999
2.19575 2.38613 2.43492 1.95367 0.42799 0.34073 0.54620 0.48309 1.16238 1.20211 1.22477 1.19511 4.16370 3.96653 0.99810 1.39358 2.07711 2.41890 1.75372 2.12982 1.36243 1.39754 2.64916 2.03917 3.69206 3.07169 1.47504 1.75553 0.49088 0.35218 0.50167 0.44349 0.47806 0.52123 0.80843 0.70945 0.70600 0.83358 0.73475 0.68621 1.29253 1.47536 0.37936 0.41565 0.67427 0.74109 0.67000 0.77004 0.85079 0.99432 0.93877 1.01977 0.50172 0.51387 1.05524 1.04589 1.69098 1.74774 1.92507 1.91395 0.87915 0.85073 1.45292 1.53439 1.25934 1.31585 1.00694 0.90313 -9999 -9999 -9999 -9999 -9999
1.70470 1.63855 0.71295 0.68675 0.21583 0.23794 0.54844 0.49798 0.77282 0.77767 1.82704 1.69541 1.97920 1.67273 0.60463 0.64934 1.18557 0.61658 1.07487 1.50925 2.38473 2.77025 2.00859 1.90871 1.47854 1.24114 0.45237 0.49276 0.42088 0.37419 0.50064 0.48060 0.50988 0.44799 1.24746 1.15610 0.83729 0.84783 0.66704 0.62793 0.93871 1.21262 0.74758 0.90967 0.68811 0.91057 0.90128 0.87826 0.78636 0.66021 0.95566 0.91756 0.63289 0.54824 0.31862 0.30166 0.81380 0.86297 1.46990 1.60189 0.60030 0.79822 1.69957 1.72636 2.11310 2.25882 2.11932 2.23781 1.52413 1.54629 1.03825 1.11889 -9999
1.06416 1.15497 0.65959 0.67442 0.18877 0.22689 0.49151 0.57473 0.50731 0.51463 1.36222 1.31855 2.16409 2.03036 0.41761 0.26715 0.00039 0.20330 0.81303 1.49445 2.44080 2.38131 1.49784 1.57701 1.10173 1.34573 0.60323 0.49654 0.28420 0.30958 0.53374 0.51874 0.55871 0.50997 1.22379 1.20705 0.77102 0.75846 0.51835 0.61677 0.92389 0.95770 0.62091 0.63778 0.81927 0.81680 0.69727 0.61375 0.46725 0.46987 0.64157 0.75032 0.49532 0.44550 0.16631 0.19401 0.59360 0.74820 1.19321 1.08037 0.29029 0.46704 1.01476 1.27167 1.68427 1.72290 1.68775 1.77621 1.17784 1.28267 0.86220 0.96856 1.76599
0.70409 0.52223 0.86697 1.27018 0.52732 0.44619 0.31838 0.23121 0.62444 0.59361 0.34641 0.18310 1.15846 1.57482 0.50370 0.31111 0.02520 0.09759 0.45682 1.19505 0.56351 0.58132 0.57448 0.62769 0.59673 0.59056 0.18443 0.22851 0.68894 0.73229 1.34704 1.30023 1.22896 1.16535 1.26345 1.03035 0.81843 0.67528 0.68730 0.83365 0.93114 1.22811 1.17665 1.09121 0.83541 0.92933 0.27477 0.20588 0.79466 0.85851 0.84345 0.94458 0.41156 0.26032 0.19925 0.32634 0.23803 0.27208 0.48108 0.47722 0.62714 0.68876 0.84000 0.93965 2.07438 2.09878 1.85319 1.98710 1.19783 1.35836 1.88339 2.11076 2.89343
0.39221 0.51449 0.69014 1.06751 1.56902 1.73211 1.91739 1.45232 1.81377 0.91691 0.39807 0.32011 1.45617 1.50123 0.55039 0.23700 0.13495 0.12847 0.36926 0.44383 0.15334 0.23030 0.15015 0.37287 0.59524 0.67078 0.21917 0.21224 0.58583 0.56635 0.46809 0.82963 1.20097 1.37197 1.47529 1.77652 2.14382 2.04447 1.96966 1.87862 1.46182 1.02440 0.88816 0.99100 0.43074 0.34068 0.24745 0.34862 0.92830 1.05951 1.02853 1.02373 0.27112 0.31546 0.33369 0.23850 0.25153 0.22292 0.45319 0.38353 0.49682 0.52987 0.64275 0.74068 1.68059 1.82203 1.57783 1.71638 1.07449 1.27357 1.74586 1.80564 2.62403
0.29134 0.31846 0.69777 1.08328 0.68868 1.34705 1.99391 1.56533 0.42887 0.94567 0.00000 0.15155 0.39778 1.66299 0.62286 0.19419 0.00000 0.00000 0.00189 0.02512 0.00000 0.05140 0.01989 0.01827 0.03334 0.06331 0.19663 0.15827 0.08334 0.17505 0.20573 0.23117 0.45516 0.74985 0.68819 0.88686 0.85692 0.86093 1.46763 1.69657 1.90995 2.10414 1.46686 0.86019 0.58832 0.44443 0.08755 0.23280 1.26476 1.27261 0.53202 0.40291 0.05259 0.05184 0.11770 0.17385 0.53086 0.61137 0.52005 0.40616 0.15271 0.22960 0.47912 0.58713 0.77067 0.98936 1.00980 1.16220 1.34028 1.42046 2.00268 2.09886 2.19195
0.58052 0.51631 0.54378 0.45936 0.39362 0.53676 0.50424 1.69768 2.12673 1.04916 0.29280 0.20212 0.25750 0.25713 0.20425 0.16149 0.08873 0.14783 0.07020 0.01352 0.00378 0.01113 0.00998 0.07440 0.12808 0.12763 0.21130 0.19510 0.24541 0.23070 0.34680 0.34321 0.51527 0.73515 0.68032 0.63362 0.81649 1.01655 2.04801 2.07340 2.38503 2.33322 2.69533 1.79291 0.92354 0.60245 0.10394 0.20131 1.53443 1.02901 0.52089 0.53645 0.07961 0.05756 0.12381 0.13344 0.48124 0.54649 0.65827 0.61539 0.14599 0.14436 0.40944 0.43095 0.45913 0.48842 0.84665 0.97799 1.11472 1.22113 1.83285 1.99003 1.86170
8.63652 8.75992 7.30446 5.02565 1.95849 3.81347 0.78736 0.26281 0.47037 0.42567 0.56876 0.59927 0.08871 0.10274 0.07059 0.02718 0.07216 0.05328 0.11637 0.13074 0.72656 0.46861 0.20410 0.34134 0.23567 0.24991 0.96517 0.85241 0.13069 0.15475 1.01291 1.19317 0.85579 1.27612 1.42002 1.84884 1.35776 1.60275 1.17483 1.28810 2.06864 2.04335 2.72872 2.58854 0.87300 0.49769 0.43196 0.30161 0.01464 0.07315 0.23073 0.21605 0.44638 0.34073 0.31427 0.24879 0.21766 0.29396 0.66741 0.59472 0.53458 0.49272 0.26515 0.28987 0.15578 0.17558 0.46941 0.65208 0.95410 1.09211 0.89335 1.02105 1.92505
5.21131 7.80869 4.99359 6.12635 2.88459 4.21257 5.00687 3.30802 3.00391 0.76403 0.42462 0.39358 1.02826 0.98039 1.60963 1.26539 0.15408 0.17096 0.05688 0.09865 0.43853 0.75913 0.14276 0.16476 0.13439 0.06467 0.69136 0.72328 0.12186 0.14224 0.99891 1.19025 0.65521 1.12533 1.51814 1.85112 1.47980 1.76917 1.46337 1.55651 2.89276 2.60396 2.79541 2.77539 1.26392 0.94750 0.70832 0.39566 0.00785 0.05065 0.24965 0.21890 0.33327 0.37384 0.31442 0.27476 0.21559 0.29414 0.54508 0.54858 0.52844 0.48522 0.10804 0.17231 0.13437 0.15364 0.29288 0.27270 0.80833 0.94563 0.73760 0.87077 1.61704
3.87385 2.11506 0.50957 0.56307 1.02716 1.05282 0.19322 0.38015 0.87532 1.39904 2.22396 0.98487 0.71705 0.66621 0.89600 0.88267 1.00725 0.41720 0.02289 0.00157 0.10447 0.26227 0.47979 0.73282 0.11118 0.08116 0.45560 0.39910 0.08340 0.08520 0.17911 0.22708 1.44633 1.98601 0.69858 1.27229 1.82942 2.18574 2.41739 2.54081 3.18675 3.01287 2.85416 2.68986 1.26536 1.28156 1.76639 0.89513 0.32494 0.24119 0.23709 0.23500 0.24685 0.27897 0.26854 0.26786 0.07080 0.06122 0.18455 0.19183 0.51289 0.49558 0.31771 0.21627 0.11318 0.15000 0.19028 0.16828 0.42566 0.44960 0.12827 0.16923 0.57036
4.52614 2.47500 0.30634 0.27725 0.47982 0.40990 0.68880 10.12330 12.87100 8.21875 9.87299 3.72303 1.53017 1.27235 0.85346 1.30170 2.18358 1.02491 0.13445 0.04575 0.03272 0.03065 0.13656 0.49743 0.04378 0.04225 0.40216 0.41516 0.07873 0.12403 0.17573 0.23690 1.71756 1.87185 0.62359 0.94594 1.49954 2.32263 2.36675 2.80315 3.30804 2.87399 3.04272 2.69292 1.29518 1.06818 2.14723 1.10331 0.32838 0.20842 0.17270 0.19038 0.19550 0.20999 0.25763 0.43832 0.13659 0.11692 0.34401 0.09125 0.23243 0.29258 0.11567 0.10936 0.13753 0.14573 0.18572 0.20553 0.14246 0.18633 0.00592 0.01017 0.16654
5.56031 7.50568 1.69902 0.69000 0.59319 0.22093 0.34662 4.15644 -9999 -9999 71.31680 12.29360 7.34943 5.47720 2.80505 2.68625 1.00758 0.60712 0.17967 0.08278 0.03301 0.04093 0.10277 0.03558 0.03312 0.00149 0.30427 0.34352 0.00000 0.00000 0.10104 0.40859 0.69796 0.90167 0.80370 1.09030 0.86180 1.55479 1.78323 1.94791 2.95225 2.36745 1.97236 1.62359 0.80014 0.83445 0.88289 0.52799 0.76863 0.62593 0.10508 0.12129 0.00255 0.00014 0.00000 0.00008 0.07774 0.07915 0.03735 0.02697 0.07709 0.04977 0.01518 0.02240 0.02063 0.08799 0.19643 0.26081 0.24945 0.24357 0.08203 0.06533 0.07950
-9999 -9999 -9999 12.66890 5.99861 1.86580 1.78848 1.65603 1.11943 0.65553 0.26155 3.36848 -9999 -9999 -9999 -9999 24.55040 1.24072 0.66211 0.38533 0.18752 0.11705 0.44501 0.31161 0.24404 0.10602 0.30133 0.36310 0.00000 0.37034 0.33164 0.41406 1.09061 1.32006 0.98387 1.00688 0.88939 0.68162 1.17896 1.22064 2.06757 1.54323 1.53253 1.11413 0.38447 0.39571 0.73659 0.61269 0.60843 0.46706 0.05747 0.06146 0.00003 0.00443 0.00000 0.00000 0.00186 0.00278 0.00227 0.00163 0.01255 0.00717 0.01822 0.02057 0.04731 0.12042 0.24201 0.23644 0.09811 0.10758 0.04381 0.05136 0.05690
-9999 -9999 -9999 0.63639 5.01296 18.64740 1.10700 3.34871 -9999 -9999 5.90220 12.69480 -9999 -9999 -9999 -9999 -9999 -9999 7.94685 2.70463 0.52520 0.24767 0.20804 0.32321 1.25654 0.54049 0.12351 0.06022 0.35735 0.59127 0.09268 0.13657 0.01170 0.10352 0.55158 0.32839 0.18364 0.11777 0.27410 0.30846 0.28514 0.29772 0.44306 0.32905 0.73687 0.68365 0.56010 0.36579 0.05289 0.04074 0.01849 0.02839 0.24945 0.23865 0.00000 0.00000 0.00000 0.00139 0.00000 0.00000 0.00699 0.01891 0.00000 0.00000 0.00000 0.00000 0.21567 0.21030 0.06230 0.06536 0.00859 0.01613 0.01482
