data/hydroclimate-scenarios/BCSD_hadcm_A1B/monthly_summaries/snodep_monthly_day1_jan.2030-2059.asc
ncols	311
nrows	91
xllcenter	102.75
yllcenter	31.75
cellsize	0.5
NODATA_value	-9999
[rows 0 to 31 of 91, columns 216 to 287 of 311]
-9999 -9999 -9999 -9999 -9999 -9999 -9999 -9999 -9999 -9999 -9999 -9999 -9999 -9999 -9999 -9999 -9999 -9999 -9999 -9999 -9999 -9999 -9999 -9999 -9999 -9999 -9999 -9999 -9999 -9999 -9999 -9999 -9999 -9999 -9999 -9999 -9999 -9999 -9999 -9999 -9999 -9999 -9999 -9999 -9999 -9999 -9999 -9999 -9999 -9999 -9999 -9999 -9999 -9999 -9999 -9999 -9999 -9999 -9999 -9999 -9999 -9999 -9999 -9999 -9999 -9999 -9999 -9999 -9999 -9999 -9999 -9999
-9999 -9999 -9999 -9999 -9999 -9999 -9999 -9999 -9999 -9999 -9999 -9999 -9999 -9999 -9999 -9999 -9999 -9999 -9999 -9999 -9999 -9999 -9999 -9999 -9999 -9999 -9999 -9999 -9999 -9999 -9999 -9999 -9999 -9999 -9999 -9999 -9999 -9999 -9999 -9999 -9999 -9999 -9999 -9999 -9999 -9999 -9999 -9999 -9999 -9999 -9999 -9999 -9999 -9999 -9999 -9999 -9999 -9999 -9999 -9999 -9999 -9999 -9999 -9999 -9999 -9999 -9999 -9999 -9999 -9999 -9999 -9999
-9999 -9999 -9999 -9999 -9999 -9999 -9999 -9999 -9999 -9999 -9999 -9999 -9999 -9999 -9999 -9999 -9999 -9999 -9999 -9999 -9999 -9999 -9999 -9999 -9999 -9999 -9999 -9999 -9999 -9999 -9999 -9999 -9999 -9999 -9999 -9999 -9999 -9999 -9999 -9999 -9999 -9999 -9999 -9999 -9999 -9999 -9999 -9999 -9999 -9999 -9999 -9999 -9999 -9999 -9999 -9999 -9999 -9999 -9999 -9999 -9999 -9999 -9999 -9999 -9999 -9999 -9999 -9999 -9999 -9999 -9999 -9999
-9999 -9999 -9999 -9999 -9999 -9999 -9999 -9999 -9999 -9999 -9999 -9999 -9999 -9999 -9999 -9999 -9999 -9999 -9999 -9999 -9999 -9999 -9999 -9999 -9999 -9999 -9999 -9999 -9999 -9999 -9999 -9999 -9999 -9999 -9999 -9999 -9999 -9999 -9999 -9999 -9999 -9999 -9999 -9999 -9999 -9999 -9999 -9999 -9999 -9999 -9999 -9999 -9999 -9999 -9999 -9999 -9999 -9999 -9999 -9999 -9999 -9999 -9999 -9999 -9999 -9999 -9999 -9999 -9999 -9999 -9999 -9999
-9999 -9999 -9999 -9999 -9999 -9999 -9999 -9999 -9999 -9999 -9999 -9999 -9999 -9999 -9999 -9999 -9999 -9999 -9999 -9999 -9999 -9999 -9999 -9999 -9999 -9999 -9999 -9999 -9999 -9999 -9999 -9999 -9999 -9999 -9999 -9999 -9999 -9999 -9999 -9999 -9999 -9999 -9999 -9999 -9999 -9999 -9999 -9999 -9999 -9999 -9999 -9999 -9999 -9999 -9999 -9999 -9999 -9999 -9999 -9999 -9999 -9999 -9999 -9999 -9999 -9999 -9999 -9999 -9999 -9999 -9999 -9999
-9999 -9999 -9999 -9999 -9999 -9999 -9999 -9999 -9999 -9999 -9999 -9999 -9999 -9999 -9999 -9999 -9999 -9999 -9999 -9999 -9999 -9999 -9999 -9999 -9999 -9999 -9999 -9999 -9999 -9999 -9999 -9999 -9999 -9999 -9999 -9999 -9999 -9999 -9999 -9999 -9999 -9999 -9999 -9999 -9999 -9999 -9999 -9999 -9999 -9999 -9999 -9999 -9999 -9999 -9999 -9999 -9999 -9999 -9999 -9999 -9999 -9999 -9999 -9999 -9999 -9999 -9999 -9999 -9999 -9999 -9999 -9999
-9999 -9999 -9999 -9999 -9999 -9999 -9999 -9999 -9999 -9999 -9999 -9999 -9999 -9999 -9999 -9999 -9999 -9999 -9999 -9999 -9999 -9999 -9999 -9999 -9999 -9999 -9999 -9999 -9999 -9999 -9999 -9999 -9999 -9999 -9999 -9999 -9999 -9999 -9999 -9999 -9999 -9999 -9999 -9999 -9999 -9999 -9999 -9999 -9999 -9999 -9999 -9999 -9999 -9999 -9999 -9999 -9999 -9999 -9999 -9999 -9999 -9999 -9999 -9999 -9999 -9999 -9999 -9999 -9999 -9999 -9999 -9999
-9999 -9999 -9999 -9999 -9999 -9999 -9999 -9999 -9999 -9999 -9999 -9999 -9999 -9999 -9999 -9999 -9999 -9999 -9999 -9999 -9999 -9999 -9999 -9999 -9999 -9999 -9999 -9999 -9999 -9999 -9999 -9999 -9999 -9999 -9999 -9999 -9999 -9999 -9999 -9999 -9999 -9999 -9999 -9999 -9999 -9999 -9999 -9999 -9999 -9999 -9999 -9999 -9999 -9999 -9999 -9999 -9999 -9999 -9999 -9999 -9999 -9999 -9999 -9999 -9999 -9999 -9999 -9999 -9999 -9999 -9999 -9999
-9999 -9999 -9999 -9999 -9999 -9999 -9999 -9999 -9999 -9999 -9999 -9999 -9999 -9999 -9999 -9999 -9999 -9999 -9999 -9999 -9999 -9999 -9999 -9999 -9999 -9999 -9999 -9999 -9999 -9999 -9999 -9999 -9999 -9999 -9999 -9999 -9999 -9999 -9999 -9999 -9999 -9999 -9999 -9999 -9999 -9999 -9999 -9999 -9999 -9999 -9999 -9999 -9999 -9999 -9999 -9999 -9999 -9999 -9999 -9999 -9999 -9999 -9999 -9999 -9999 -9999 -9999 -9999 -9999 -9999 -9999 -9999
-9999 -9999 -9999 -9999 -9999 -9999 -9999 -9999 -9999 -9999 -9999 -9999 -9999 -9999 -9999 -9999 -9999 -9999 -9999 -9999 -9999 -9999 -9999 -9999 -9999 -9999 -9999 -9999 -9999 -9999 -9999 -9999 -9999 -9999 -9999 -9999 -9999 -9999 -9999 -9999 -9999 -9999 -9999 -9999 -9999 -9999 -9999 -9999 -9999 -9999 -9999 -9999 -9999 -9999 -9999 -9999 -9999 -9999 -9999 -9999 -9999 -9999 -9999 -9999 -9999 -9999 -9999 -9999 -9999 -9999 -9999 -9999
-9999 -9999 -9999 -9999 -9999 -9999 -9999 -9999 -9999 -9999 -9999 -9999 -9999 -9999 -9999 -9999 -9999 -9999 -9999 -9999 -9999 -9999 -9999 -9999 -9999 -9999 -9999 -9999 -9999 -9999 -9999 -9999 -9999 -9999 -9999 -9999 -9999 -9999 -9999 -9999 -9999 -9999 -9999 -9999 -9999 -9999 -9999 -9999 -9999 -9999 -9999 -9999 -9999 -9999 -9999 -9999 -9999 -9999 -9999 -9999 -9999 -9999 -9999 -9999 -9999 -9999 -9999 -9999 -9999 -9999 -9999 -9999
-9999 -9999 -9999 -9999 -9999 -9999 -9999 -9999 -9999 -9999 -9999 -9999 -9999 -9999 -9999 -9999 -9999 -9999 -9999 -9999 -9999 -9999 -9999 -9999 -9999 -9999 -9999 -9999 -9999 -9999 -9999 -9999 -9999 -9999 -9999 -9999 -9999 -9999 -9999 -9999 -9999 -9999 -9999 -9999 -9999 -9999 -9999 -9999 -9999 -9999 -9999 -9999 -9999 -9999 -9999 -9999 -9999 -9999 -9999 -9999 -9999 -9999 -9999 -9999 -9999 -9999 -9999 -9999 -9999 -9999 -9999 -9999
-9999 -9999 -9999 -9999 -9999 -9999 -9999 -9999 -9999 -9999 -9999 -9999 -9999 -9999 -9999 -9999 -9999 -9999 -9999 -9999 -9999 -9999 -9999 -9999 -9999 -9999 -9999 -9999 -9999 -9999 -9999 -9999 -9999 -9999 -9999 -9999 -9999 -9999 -9999 -9999 -9999 -9999 -9999 -9999 -9999 -9999 -9999 -9999 -9999 -9999 -9999 -9999 -9999 -9999 -9999 -9999 -9999 -9999 -9999 -9999 -9999 -9999 -9999 -9999 -9999 -9999 -9999 -9999 -9999 -9999 -9999 -9999
30.31980 29.95070 28.97980 -9999 -9999 -9999 -9999 -9999 -9999 -9999 -9999 -9999 -9999 -9999 -9999 -9999 -9999 -9999 -9999 -9999 -9999 -9999 -9999 -9999 -9999 -9999 -9999 -9999 -9999 -9999 -9999 -9999 -9999 -9999 -9999 -9999 -9999 -9999 -9999 -9999 -9999 -9999 -9999 -9999 20.94410 -9999 -9999 -9999 -9999 -9999 -9999 -9999 -9999 -9999 -9999 -9999 -9999 -9999 -9999 -9999 -9999 -9999 -9999 -9999 -9999 -9999 -9999 -9999 -9999 -9999 -9999 -9999
34.36350 33.02810 32.76660 29.43720 26.79750 16.03780 16.09720 8.05375 9.13898 9.36167 35.11190 34.53610 33.68220 31.63550 27.09330 109.83800 -9999 -9999 -9999 -9999 -9999 -9999 -9999 -9999 -9999 -9999 -9999 -9999 -9999 -9999 -9999 -9999 -9999 -9999 -9999 -9999 -9999 -9999 -9999 7.10430 14.75780 9.61635 1.26805 0.49701 7.75917 26.24050 -9999 -9999 -9999 25.65550 -9999 -9999 -9999 24.99150 29.35240 29.99990 -9999 -9999 -9999 -9999 -9999 -9999 -9999 -9999 -9999 -9999 -9999 -9999 -9999 -9999 -9999 -9999
36.41800 34.60100 34.79190 8.62114 0.00000 0.00000 0.00000 0.00000 0.00000 0.04049 0.06007 0.03360 0.00000 0.00000 0.00000 0.00000 0.00000 0.34294 1.55029 18.09520 36.59410 28.44270 -9999 -9999 -9999 -9999 -9999 30.10530 29.70930 33.73370 35.16050 34.30670 32.03560 29.67280 29.99730 30.20000 30.13630 28.31570 27.94420 1.62134 3.79051 0.57662 1.31335 0.51742 1.75742 29.89060 30.23680 31.81480 29.88960 29.76240 33.68240 30.42650 29.47960 32.10120 29.69740 18.61680 20.25040 26.01440 27.97920 30.52810 29.92770 -9999 -9999 -9999 -9999 -9999 -9999 -9999 -9999 -9999 -9999 -9999
12.13040 13.21960 12.08440 0.00000 0.00000 0.00000 0.00000 0.00000 0.00000 0.00000 0.04236 0.00000 0.00000 0.00000 0.00000 0.00000 0.45865 1.23145 1.31008 24.03890 6.13133 18.16140 24.48570 32.98620 38.69390 40.78920 38.71180 37.06490 35.98110 36.78490 40.90000 41.44410 38.33140 33.32820 33.82700 38.00270 35.90460 36.94100 36.84970 32.56020 33.07130 34.07350 33.23540 30.22460 30.23220 31.71850 30.69740 30.06120 29.13200 31.53520 32.83990 33.54040 37.63740 41.05110 40.11730 42.75460 42.75060 38.29940 41.95010 39.38490 35.40140 32.56150 30.52980 31.52420 31.32160 30.49320 31.73110 29.94390 30.91030 -9999 -9999 -9999
0.00000 0.00000 0.00000 0.00000 0.00000 0.00000 0.00000 0.00000 0.00000 0.00000 0.00000 0.00000 0.00000 0.00000 1.07491 7.99270 10.81260 9.29294 20.07350 62.20810 63.58750 27.77660 29.38680 25.80130 31.29020 38.83960 43.73180 47.59070 38.33730 39.14840 44.18430 49.95140 50.77440 47.44600 45.35460 46.36300 44.30380 42.34200 43.12160 37.38420 35.36480 36.32610 35.62550 32.06300 32.97080 34.62670 33.46840 31.06660 32.38150 34.28850 36.56940 37.71920 40.03940 45.56250 42.94460 42.74140 44.04220 43.89860 47.53920 40.47970 41.93050 37.36740 37.67780 36.97400 39.21160 44.08950 45.38520 44.06230 38.98720 -9999 31.12370 -9999
15.71950 15.80240 11.74070 11.40260 9.34631 8.76245 8.76206 9.11912 8.56133 6.35099 5.95678 0.01350 6.82886 14.38580 5.94691 7.60928 7.36737 23.27000 48.28360 62.82720 66.83080 38.22400 34.92250 38.30590 20.82680 19.64270 30.62570 58.04010 49.30040 48.11190 47.20710 49.02730 50.55080 51.96040 47.60640 44.73320 42.29220 41.09000 38.41330 37.63090 38.57340 39.44030 39.27870 40.98660 40.75600 39.53560 38.97610 38.93460 36.48190 35.71440 36.83520 38.42110 38.05050 36.04650 39.31120 44.06990 45.57560 47.47550 48.16760 40.16920 43.41440 44.77200 48.58220 48.12450 47.04300 44.03430 45.26230 45.56460 48.64080 49.86240 -9999 -9999
32.58380 28.44250 26.32930 22.67180 9.43707 28.07730 27.07720 27.55780 26.84850 27.88680 27.86680 30.95060 29.41260 26.94160 31.55720 79.44380 68.59530 47.43320 53.08200 39.27690 50.93370 28.88350 34.39220 44.52540 47.33150 53.30440 42.84440 68.07050 66.82400 59.42510 56.05830 50.64730 46.65130 45.09690 43.33680 43.75910 44.41630 42.83920 39.54720 41.68140 45.39110 44.72400 43.86330 46.36930 46.01250 43.01170 40.24360 39.77440 41.70180 39.21600 39.10100 40.11530 41.10240 43.34530 43.00200 44.93750 44.24820 44.40510 44.14700 43.98160 47.11580 50.15590 52.55710 51.66600 56.80500 56.67980 57.10020 56.37140 64.07330 64.24150 58.48460 -9999
52.32620 40.10810 33.51840 31.07500 30.51670 24.62940 23.93270 23.95920 24.74160 27.56040 29.24170 33.66900 37.34960 37.70630 37.44750 53.70140 34.22910 7.29012 7.90774 22.86190 17.48140 20.48640 32.71940 38.55710 43.70470 48.06650 49.53180 52.66590 61.76070 60.85370 57.14960 51.60680 45.98430 44.91880 46.38220 45.35940 43.90430 43.75770 39.60250 41.91760 40.76810 41.22470 40.47110 41.03380 43.40330 45.20710 44.82540 44.31130 43.59870 43.68330 44.31410 45.19180 45.19480 47.69410 44.58570 45.35970 44.78980 43.26220 42.86580 42.62840 44.83580 47.06200 50.19800 51.76810 55.58950 55.72210 56.55140 57.72910 58.74850 63.30960 63.59300 64.21560
29.54880 25.11030 26.47040 26.23450 28.10190 25.87430 25.83420 26.09830 27.21630 31.56110 34.42600 35.74210 35.28430 34.25850 34.01060 71.58600 57.65400 3.96861 0.00059 0.00000 4.07441 18.65800 37.37270 46.77510 48.90380 45.82320 49.48800 47.82700 61.33690 65.56420 60.38070 54.24410 51.18320 49.92270 47.69050 46.67010 45.67290 44.66860 40.99120 41.42130 40.11120 39.25800 40.89030 43.87650 43.39630 46.36370 46.18300 47.67730 47.69910 44.67710 43.99360 42.82810 41.65030 42.09330 44.81440 44.81220 46.05720 43.10170 43.34760 43.44590 44.92730 44.67950 42.45910 43.45830 46.47150 50.69830 56.07640 59.40750 57.55130 54.37250 54.33700 56.75120
37.94410 34.88710 38.64670 52.05570 45.14990 37.79990 43.72360 28.34000 22.18010 33.66410 34.69030 37.67430 36.89920 34.81010 30.99560 44.17860 54.10810 4.36082 0.00000 0.00000 3.99753 5.74504 28.02090 32.45940 35.31630 46.34920 53.28460 51.75010 52.11440 51.66520 52.76460 51.17640 53.20830 52.17970 49.89670 56.47520 55.09470 55.88990 52.79620 48.65820 45.18780 44.02000 49.50370 53.27840 57.13590 58.02950 55.90790 57.72890 56.86610 51.15420 47.64210 44.04910 47.38520 46.08490 48.08520 44.00200 39.60030 43.07000 43.88050 42.17070 43.87400 41.02600 41.74860 44.38680 46.47230 53.81900 57.04870 57.91010 57.98030 55.64250 53.10490 57.47420
34.44370 26.59240 33.40310 44.44540 44.86620 35.63420 14.13750 13.88910 14.28160 1.36949 12.77160 11.57650 11.19260 34.69540 36.44940 48.80900 57.68960 8.76907 0.00000 3.38360 5.63300 8.72689 12.60040 18.60270 21.19910 28.11790 38.50490 47.28280 53.78350 52.33680 44.86900 45.63570 38.13060 29.77580 36.47660 51.92860 50.61800 50.62990 57.95850 72.58780 73.28650 76.78110 75.01100 71.66720 63.85910 65.14630 62.07070 61.27900 52.82050 55.54230 52.02000 46.67900 48.56050 49.27120 45.69140 42.64640 44.29890 47.02190 43.18260 42.50160 42.96490 39.48560 41.25290 41.74270 44.29100 50.60320 53.38300 51.25070 55.22550 57.31360 57.83100 55.83990
30.03550 27.87770 28.71880 29.36240 31.85890 35.78970 34.66450 12.56740 10.72800 0.78496 0.66543 0.42347 0.65632 0.00000 0.04446 0.30945 64.63160 80.29120 0.06816 0.00000 0.00000 0.00000 2.27949 0.00000 6.31016 8.67038 12.97020 8.04485 8.22946 12.89420 10.18740 7.86702 9.94936 10.43230 10.14020 21.54250 31.35180 33.20580 38.71730 58.39550 56.84320 68.56590 79.63100 85.73610 80.86010 75.17490 62.72530 55.25220 46.10290 47.73290 53.62590 51.91040 49.19320 45.37040 44.37200 42.17090 43.12480 46.59310 49.18650 49.63060 48.81270 43.33860 40.32440 39.44080 43.45320 46.09160 48.31350 46.86420 50.01470 53.17530 57.74380 60.03550
29.44640 31.79390 31.25680 33.21420 29.40690 25.72100 25.50860 31.04580 35.75480 26.33040 12.88400 1.48605 0.68740 0.07500 0.08894 5.16630 18.36280 16.26530 38.19240 1.49018 20.58340 9.75748 2.01024 2.03856 4.91341 7.63054 23.24040 22.98700 28.06440 16.04060 18.92800 8.66976 12.30030 21.51430 19.49660 30.73730 39.55920 40.92740 47.14040 71.25910 80.02900 83.98340 85.97950 92.19800 95.42870 98.04790 83.19980 72.11960 60.25070 52.04810 61.74990 65.13840 54.50090 50.77080 49.04800 47.92320 47.65130 47.33970 50.94870 49.01570 46.86020 47.54540 48.00660 42.88940 41.81470 47.35230 46.75810 46.03430 46.97810 49.58210 53.98000 59.30890
45.88450 41.93390 58.01590 59.96580 63.58970 27.80990 54.44370 60.68450 65.63560 46.15000 30.24360 29.51130 29.65170 25.90690 26.25780 21.10350 7.89880 26.53670 17.35810 23.54760 31.80290 29.22770 34.06140 39.50110 36.49150 40.26340 50.97440 53.72610 39.17720 34.19820 33.79780 34.23130 38.74120 24.36760 31.73780 39.51020 50.71880 58.55320 71.14000 76.50420 89.42350 93.73780 102.38800 106.15600 103.87300 97.27000 88.13420 78.20200 71.63660 59.94370 52.53440 52.85870 56.98680 51.37150 49.99990 49.13730 46.97670 46.66140 46.92530 50.32550 51.30640 48.95560 48.60150 45.90530 44.36700 43.42260 45.11290 49.56290 50.72660 51.58750 53.58670 58.56520
65.23100 61.91890 60.22350 64.72130 80.42770 68.01030 75.55690 64.69100 49.07310 69.93650 63.08910 67.25230 39.74810 24.69470 23.46440 71.34930 65.52250 57.37310 53.10820 42.79570 54.29850 29.88500 33.56020 36.29290 45.28790 42.44310 47.01810 40.57790 26.04450 20.08690 26.07720 18.08020 22.75110 30.15960 37.75840 42.13250 52.17990 66.77480 80.00720 86.12410 100.54100 110.08500 113.81600 114.32000 113.94500 104.19800 95.05100 92.18620 80.92350 70.79020 62.15390 51.72070 56.38800 54.64250 51.85550 48.88350 51.59910 49.75540 49.26060 50.29730 48.56800 48.82040 49.98140 49.42100 48.49740 43.81360 44.42140 46.44660 48.56260 50.98610 54.04940 55.92570
75.16970 57.64390 55.29020 60.38810 42.35340 40.89580 44.11830 48.33040 49.57660 35.96420 41.44940 44.01740 47.22740 37.67600 22.49020 79.35900 89.59640 91.88750 89.92500 64.21320 42.10380 11.11170 3.82517 30.95660 36.71830 33.53660 39.15660 39.39590 28.36560 22.55870 11.96120 12.36770 21.59970 35.16820 38.18340 46.70150 61.37890 64.26430 80.78840 93.99320 107.12700 120.22900 123.20500 127.94300 120.67800 103.63600 98.64590 87.57910 78.52860 77.59640 63.05190 59.01060 47.03850 53.88440 52.84030 46.60610 45.76980 44.96790 44.97120 47.90570 48.31010 49.58480 51.43710 54.15790 53.46350 52.27660 46.95590 45.56690 45.87160 46.15770 47.52650 51.87970
97.31710 110.14100 83.57760 58.65340 44.52550 34.17890 35.60180 33.76140 31.77810 55.96120 96.52990 104.88500 89.32120 73.52350 47.13700 62.78190 68.27690 71.68320 126.97800 120.80200 67.61240 40.39420 24.58670 23.66610 19.47790 27.14960 30.68330 28.19240 19.73050 21.49540 10.59730 15.36360 21.45030 41.49450 45.31670 55.85130 66.90480 76.83660 87.98510 102.95100 114.05500 128.81599 138.06000 129.90601 126.64200 117.72900 109.42900 91.57720 86.29020 87.40430 71.39460 61.41710 46.23140 49.83210 52.38300 47.02030 48.97960 53.43610 61.72190 64.95350 65.18610 64.03900 55.19700 48.79270 49.45330 51.44140 50.85690 48.15600 45.99110 50.32100 52.11350 48.02060
57.63120 67.62530 56.10950 104.56200 153.08501 131.99001 79.65560 63.02880 41.40610 51.02240 77.08040 -9999 -9999 215.09000 134.28900 116.28100 123.13200 116.32700 160.20799 140.95399 83.89250 43.02700 33.02090 42.44370 48.26400 36.42400 32.15650 22.50490 16.08860 16.80390 15.73440 20.41350 28.68710 34.39400 44.19330 50.73500 63.12470 67.94630 81.39750 85.25540 106.17500 124.65500 130.39999 130.14700 107.65300 90.73000 87.36890 75.09030 75.32830 80.20070 63.12420 49.28960 52.28570 48.07690 47.88810 39.06110 39.43400 42.89220 45.99560 44.39300 45.77010 44.23360 43.80820 45.90030 47.22860 45.50070 48.30580 48.18020 44.92800 44.67940 44.65110 41.13080
53.99740 132.13400 -9999 -9999 -9999 -9999 250.75101 228.99800 144.82600 132.84500 113.30500 107.48500 99.30510 64.86690 105.81800 -9999 -9999 -9999 -9999 230.47200 164.19600 113.68800 97.82250 79.51000 64.67670 68.11060 54.70110 40.71470 26.38790 18.25110 20.52530 29.28700 36.24460 45.01690 47.53710 56.55030 66.40240 81.71720 83.94930 87.82960 84.14420 108.63900 104.65800 112.19000 98.85910 85.87460 76.22740 74.87950 67.06800 65.99980 61.41960 46.61100 47.06640 40.34070 39.70520 40.77830 41.42360 43.07020 40.93790 38.09250 39.68860 39.41170 41.17830 45.66800 43.91040 42.66330 43.75750 45.16780 44.79210 44.18220 40.04470 33.24980
