data/hydroclimate-scenarios/BCSD_hadcm_A1B/monthly_summaries/snodep_monthly_day1_oct.2070-2099.asc
ncols	311
nrows	91
xllcenter	102.75
yllcenter	31.75
cellsize	0.5
NODATA_value	-9999
[rows 0 to 32 of 91, columns 219 to 291 of 311]
-9999 -9999 -9999 -9999 -9999 -9999 -9999 -9999 -9999 -9999 -9999 -9999 -9999 -9999 -9999 -9999 -9999 -9999 -9999 -9999 -9999 -9999 -9999 -9999 -9999 -9999 -9999 -9999 -9999 -9999 -9999 -9999 -9999 -9999 -9999 -9999 -9999 -9999 -9999 -9999 -9999 -9999 -9999 -9999 -9999 -9999 -9999 -9999 -9999 -9999 -9999 -9999 -9999 -9999 -9999 -9999 -9999 -9999 -9999 -9999 -9999 -9999 -9999 -9999 -9999 -9999 -9999 -9999 -9999 -9999 -9999 -9999 -9999
-9999 -9999 -9999 -9999 -9999 -9999 -9999 -9999 -9999 -9999 -9999 -9999 -9999 -9999 -9999 -9999 -9999 -9999 -9999 -9999 -9999 -9999 -9999 -9999 -9999 -9999 -9999 -9999 -9999 -9999 -9999 -9999 -9999 -9999 -9999 -9999 -9999 -9999 -9999 -9999 -9999 -9999 -9999 -9999 -9999 -9999 -9999 -9999 -9999 -9999 -9999 -9999 -9999 -9999 -9999 -9999 -9999 -9999 -9999 -9999 -9999 -9999 -9999 -9999 -9999 -9999 -9999 -9999 -9999 -9999 -9999 -9999 -9999
-9999 -9999 -9999 -9999 -9999 -9999 -9999 -9999 -9999 -9999 -9999 -9999 -9999 -9999 -9999 -9999 -9999 -9999 -9999 -9999 -9999 -9999 -9999 -9999 -9999 -9999 -9999 -9999 -9999 -9999 -9999 -9999 -9999 -9999 -9999 -9999 -9999 -9999 -9999 -9999 -9999 -9999 -9999 -9999 -9999 -9999 -9999 -9999 -9999 -9999 -9999 -9999 -9999 -9999 -9999 -9999 -9999 -9999 -9999 -9999 -9999 -9999 -9999 -9999 -9999 -9999 -9999 -9999 -9999 -9999 -9999 -9999 -9999
-9999 -9999 -9999 -9999 -9999 -9999 -9999 -9999 -9999 -9999 -9999 -9999 -9999 -9999 -9999 -9999 -9999 -9999 -9999 -9999 -9999 -9999 -9999 -9999 -9999 -9999 -9999 -9999 -9999 -9999 -9999 -9999 -9999 -9999 -9999 -9999 -9999 -9999 -9999 -9999 -9999 -9999 -9999 -9999 -9999 -9999 -9999 -9999 -9999 -9999 -9999 -9999 -9999 -9999 -9999 -9999 -9999 -9999 -9999 -9999 -9999 -9999 -9999 -9999 -9999 -9999 -9999 -9999 -9999 -9999 -9999 -9999 -9999
-9999 -9999 -9999 -9999 -9999 -9999 -9999 -9999 -9999 -9999 -9999 -9999 -9999 -9999 -9999 -9999 -9999 -9999 -9999 -9999 -9999 -9999 -9999 -9999 -9999 -9999 -9999 -9999 -9999 -9999 -9999 -9999 -9999 -9999 -9999 -9999 -9999 -9999 -9999 -9999 -9999 -9999 -9999 -9999 -9999 -9999 -9999 -9999 -9999 -9999 -9999 -9999 -9999 -9999 -9999 -9999 -9999 -9999 -9999 -9999 -9999 -9999 -9999 -9999 -9999 -9999 -9999 -9999 -9999 -9999 -9999 -9999 -9999
-9999 -9999 -9999 -9999 -9999 -9999 -9999 -9999 -9999 -9999 -9999 -9999 -9999 -9999 -9999 -9999 -9999 -9999 -9999 -9999 -9999 -9999 -9999 -9999 -9999 -9999 -9999 -9999 -9999 -9999 -9999 -9999 -9999 -9999 -9999 -9999 -9999 -9999 -9999 -9999 -9999 -9999 -9999 -9999 -9999 -9999 -9999 -9999 -9999 -9999 -9999 -9999 -9999 -9999 -9999 -9999 -9999 -9999 -9999 -9999 -9999 -9999 -9999 -9999 -9999 -9999 -9999 -9999 -9999 -9999 -9999 -9999 -9999
-9999 -9999 -9999 -9999 -9999 -9999 -9999 -9999 -9999 -9999 -9999 -9999 -9999 -9999 -9999 -9999 -9999 -9999 -9999 -9999 -9999 -9999 -9999 -9999 -9999 -9999 -9999 -9999 -9999 -9999 -9999 -9999 -9999 -9999 -9999 -9999 -9999 -9999 -9999 -9999 -9999 -9999 -9999 -9999 -9999 -9999 -9999 -9999 -9999 -9999 -9999 -9999 -9999 -9999 -9999 -9999 -9999 -9999 -9999 -9999 -9999 -9999 -9999 -9999 -9999 -9999 -9999 -9999 -9999 -9999 -9999 -9999 -9999
-9999 -9999 -9999 -9999 -9999 -9999 -9999 -9999 -9999 -9999 -9999 -9999 -9999 -9999 -9999 -9999 -9999 -9999 -9999 -9999 -9999 -9999 -9999 -9999 -9999 -9999 -9999 -9999 -9999 -9999 -9999 -9999 -9999 -9999 -9999 -9999 -9999 -9999 -9999 -9999 -9999 -9999 -9999 -9999 -9999 -9999 -9999 -9999 -9999 -9999 -9999 -9999 -9999 -9999 -9999 -9999 -9999 -9999 -9999 -9999 -9999 -9999 -9999 -9999 -9999 -9999 -9999 -9999 -9999 -9999 -9999 -9999 -9999
-9999 -9999 -9999 -9999 -9999 -9999 -9999 -9999 -9999 -9999 -9999 -9999 -9999 -9999 -9999 -9999 -9999 -9999 -9999 -9999 -9999 -9999 -9999 -9999 -9999 -9999 -9999 -9999 -9999 -9999 -9999 -9999 -9999 -9999 -9999 -9999 -9999 -9999 -9999 -9999 -9999 -9999 -9999 -9999 -9999 -9999 -9999 -9999 -9999 -9999 -9999 -9999 -9999 -9999 -9999 -9999 -9999 -9999 -9999 -9999 -9999 -9999 -9999 -9999 -9999 -9999 -9999 -9999 -9999 -9999 -9999 -9999 -9999
-9999 -9999 -9999 -9999 -9999 -9999 -9999 -9999 -9999 -9999 -9999 -9999 -9999 -9999 -9999 -9999 -9999 -9999 -9999 -9999 -9999 -9999 -9999 -9999 -9999 -9999 -9999 -9999 -9999 -9999 -9999 -9999 -9999 -9999 -9999 -9999 -9999 -9999 -9999 -9999 -9999 -9999 -9999 -9999 -9999 -9999 -9999 -9999 -9999 -9999 -9999 -9999 -9999 -9999 -9999 -9999 -9999 -9999 -9999 -9999 -9999 -9999 -9999 -9999 -9999 -9999 -9999 -9999 -9999 -9999 -9999 -9999 -9999
-9999 -9999 -9999 -9999 -9999 -9999 -9999 -9999 -9999 -9999 -9999 -9999 -9999 -9999 -9999 -9999 -9999 -9999 -9999 -9999 -9999 -9999 -9999 -9999 -9999 -9999 -9999 -9999 -9999 -9999 -9999 -9999 -9999 -9999 -9999 -9999 -9999 -9999 -9999 -9999 -9999 -9999 -9999 -9999 -9999 -9999 -9999 -9999 -9999 -9999 -9999 -9999 -9999 -9999 -9999 -9999 -9999 -9999 -9999 -9999 -9999 -9999 -9999 -9999 -9999 -9999 -9999 -9999 -9999 -9999 -9999 -9999 -9999
-9999 -9999 -9999 -9999 -9999 -9999 -9999 -9999 -9999 -9999 -9999 -9999 -9999 -9999 -9999 -9999 -9999 -9999 -9999 -9999 -9999 -9999 -9999 -9999 -9999 -9999 -9999 -9999 -9999 -9999 -9999 -9999 -9999 -9999 -9999 -9999 -9999 -9999 -9999 -9999 -9999 -9999 -9999 -9999 -9999 -9999 -9999 -9999 -9999 -9999 -9999 -9999 -9999 -9999 -9999 -9999 -9999 -9999 -9999 -9999 -9999 -9999 -9999 -9999 -9999 -9999 -9999 -9999 -9999 -9999 -9999 -9999 -9999
-9999 -9999 -9999 -9999 -9999 -9999 -9999 -9999 -9999 -9999 -9999 -9999 -9999 -9999 -9999 -9999 -9999 -9999 -9999 -9999 -9999 -9999 -9999 -9999 -9999 -9999 -9999 -9999 -9999 -9999 -9999 -9999 -9999 -9999 -9999 -9999 -9999 -9999 -9999 -9999 -9999 -9999 -9999 -9999 -9999 -9999 -9999 -9999 -9999 -9999 -9999 -9999 -9999 -9999 -9999 -9999 -9999 -9999 -9999 -9999 -9999 -9999 -9999 -9999 -9999 -9999 -9999 -9999 -9999 -9999 -9999 -9999 -9999
-9999 -9999 -9999 -9999 -9999 -9999 -9999 -9999 -9999 -9999 -9999 -9999 -9999 -9999 -9999 -9999 -9999 -9999 -9999 -9999 -9999 -9999 -9999 -9999 -9999 -9999 -9999 -9999 -9999 -9999 -9999 -9999 -9999 -9999 -9999 -9999 -9999 -9999 -9999 -9999 -9999 0.16523 -9999 -9999 -9999 -9999 -9999 -9999 -9999 -9999 -9999 -9999 -9999 -9999 -9999 -9999 -9999 -9999 -9999 -9999 -9999 -9999 -9999 -9999 -9999 -9999 -9999 -9999 -9999 -9999 -9999 -9999 -9999
1.23589 1.22516 1.45197 1.74104 0.82250 1.18737 0.76744 0.94952 1.44116 1.29687 1.09170 0.89768 8.30590 -9999 -9999 -9999 -9999 -9999 -9999 -9999 -9999 -9999 -9999 -9999 -9999 -9999 -9999 -9999 -9999 -9999 -9999 -9999 -9999 -9999 -9999 -9999 0.28098 0.29630 0.48398 0.53309 0.13187 0.06113 0.34686 -9999 -9999 -9999 0.90932 -9999 -9999 -9999 0.92458 1.27759 1.18031 -9999 -9999 -9999 -9999 -9999 -9999 -9999 -9999 -9999 -9999 -9999 -9999 -9999 -9999 -9999 -9999 -9999 -9999 -9999 -9999
1.31339 0.00000 0.00000 0.00000 0.00000 0.00000 0.00000 0.00000 0.00000 0.00000 0.00000 0.00000 0.00000 0.00000 0.24755 1.36589 1.93150 1.69028 0.50539 -9999 -9999 -9999 -9999 -9999 0.63959 0.44536 1.15402 1.11527 0.29345 0.18339 0.46784 0.46560 0.37222 0.39007 0.44693 0.46409 0.26700 0.30633 0.35996 0.45654 0.17690 0.24468 0.39867 0.39248 0.67866 0.61158 0.85541 0.83150 0.77197 0.87167 1.23613 1.80224 2.05803 2.08883 2.36016 2.26064 1.16371 0.98000 -9999 -9999 -9999 -9999 -9999 -9999 -9999 -9999 -9999 -9999 -9999 -9999 -9999 -9999 -9999
0.00000 0.00000 0.00000 0.00000 0.00000 0.00000 0.00000 0.00000 0.00000 0.00000 0.00000 0.00000 0.00000 0.17455 0.89617 1.03547 2.22209 1.57179 1.21462 1.42252 1.39922 1.59376 1.74983 1.43463 1.77841 1.52203 1.98936 2.13128 0.67828 0.54792 0.54829 0.53874 0.40063 0.38682 0.11094 0.09331 0.52674 0.51521 0.47369 0.50334 0.20979 0.22874 0.46672 0.52029 0.41332 0.42524 0.78814 0.77953 0.57310 0.66729 1.58583 1.70868 1.61884 1.71433 1.40155 1.56638 1.43133 1.85733 1.44218 1.18781 0.70584 0.68132 0.75627 0.73903 0.46731 0.37984 -9999 -9999 -9999 -9999 -9999 -9999 -9999
0.00000 0.00000 0.00000 0.00000 0.00000 0.00000 0.00000 0.00000 0.00000 0.00000 0.00045 0.42907 1.64532 1.90435 2.52106 2.72322 2.17937 2.30518 1.38928 1.37363 1.19106 1.49846 1.93616 1.86906 2.57405 1.54528 1.64750 1.83996 0.68033 0.74624 0.92172 0.82680 0.41377 0.38200 0.13723 0.10021 0.49358 0.48129 0.42213 0.43666 0.19771 0.21431 0.53386 0.51814 0.42517 0.45376 0.70486 0.76177 0.62695 0.66015 1.53747 1.58733 1.42857 1.45623 1.19091 1.31297 1.43503 1.55630 0.77913 0.75489 0.65629 0.68034 0.86617 0.86015 0.66008 0.35879 -9999 1.11215 -9999 -9999 -9999 -9999 -9999
4.35997 0.00000 1.29408 2.94465 2.37496 2.10053 0.06669 0.11890 0.00000 0.37172 1.48963 0.27793 0.50143 0.64538 2.24836 2.69845 1.53978 1.59053 1.85344 2.08401 2.31282 1.45473 2.17619 2.13214 2.41050 1.31342 0.65690 0.66336 0.63226 0.73709 0.62163 0.53790 0.62758 0.62930 0.77515 0.71780 0.38181 0.42153 0.41960 0.42895 0.91798 1.01101 0.43358 0.47060 0.16078 0.17201 0.54009 0.58001 0.59275 0.62340 0.99665 1.13094 1.70565 1.74673 1.67899 1.81877 1.70638 1.76560 0.87304 0.86767 0.92421 0.93742 2.77289 2.84044 2.03998 2.04958 1.38365 -9999 -9999 -9999 -9999 -9999 -9999
2.24159 2.50533 1.33221 0.85778 0.12240 0.10911 0.27240 0.19444 0.31622 0.27274 1.19976 1.19756 3.41644 3.38632 1.05859 1.76796 1.13636 1.32867 1.39078 1.71283 1.99274 2.07599 2.74508 2.35200 2.46903 1.91800 0.87189 0.96553 0.50645 0.38261 0.27849 0.26354 0.58811 0.56001 0.64736 0.60460 0.30054 0.38469 0.39489 0.33131 0.80447 0.91566 0.40019 0.44471 0.13002 0.14968 0.52808 0.57953 0.59752 0.65642 0.81962 0.95648 1.58721 1.67598 1.53384 1.60008 1.54553 1.58478 0.83881 0.86476 0.81210 0.84275 2.62487 2.85442 1.98421 2.22596 1.60355 1.47944 -9999 -9999 -9999 -9999 -9999
1.08974 1.03575 0.39781 0.37540 0.25192 0.31234 0.25390 0.21097 0.18384 0.18118 0.97927 0.95414 0.79720 0.68708 0.14665 0.08817 0.64693 0.28331 0.69885 0.89902 0.89541 1.00440 1.64650 1.82691 1.66973 1.17896 0.68499 0.66215 0.57051 0.47256 0.59133 0.56390 1.16833 0.98262 0.62162 0.58603 0.33602 0.36727 0.10598 0.07127 0.86389 1.10099 0.78621 0.84046 0.62909 0.76303 0.63841 0.59655 0.54125 0.43306 0.71164 0.72146 0.66111 0.55966 0.31505 0.30180 0.56820 0.67412 0.70268 0.73857 0.63929 0.87631 1.68233 1.77998 3.28268 3.33676 3.15172 3.29676 1.03261 1.04105 1.57851 1.68796 -9999
0.49138 0.60649 0.21590 0.19801 0.22418 0.26505 0.16421 0.26027 0.13171 0.15084 0.73698 0.73768 0.83721 0.75562 0.03568 0.00481 0.00014 0.07645 0.67015 0.95308 0.95078 0.86453 1.14256 1.33700 1.29981 1.41808 1.11832 0.63329 0.30326 0.29376 0.68369 0.72444 1.14961 0.99312 0.65101 0.62850 0.24780 0.15568 0.05943 0.07545 0.96328 1.00215 0.77593 0.79811 0.67499 0.65705 0.48605 0.35980 0.28179 0.26467 0.39657 0.52883 0.46807 0.40412 0.18408 0.19766 0.32669 0.50478 0.62264 0.42763 0.26579 0.42003 1.17663 1.44084 2.68435 2.65566 2.26155 2.36823 0.81343 0.87093 1.16489 1.21226 1.11217
1.09072 1.21114 1.57751 1.79138 0.20010 0.19201 0.29126 0.24274 0.14835 0.16999 0.13986 0.08488 0.55338 0.79818 0.14218 0.17976 0.16517 0.32341 0.38940 0.70925 0.96238 0.97287 0.51126 0.58284 1.08552 1.01363 0.57962 0.96588 0.82628 0.83666 1.47767 1.36606 1.19382 1.14561 0.56749 0.40219 0.21502 0.13031 0.35098 0.40343 0.80130 1.00693 1.12705 1.06218 0.59842 0.62088 0.68242 0.59666 0.67002 0.76802 0.74935 0.82645 0.07889 0.01894 0.13485 0.28338 0.10271 0.11919 0.30309 0.30091 0.03595 0.04484 0.72587 0.81857 2.28681 2.27218 1.89261 1.92631 0.70535 0.73882 0.59740 0.63921 2.05226
0.50609 0.73011 1.42824 1.92737 0.35879 0.36612 1.01159 0.70538 1.15252 0.51912 0.13486 0.12162 0.66868 0.66210 0.12908 0.11819 0.27055 0.27960 0.23920 0.31048 0.32122 0.36182 0.15804 0.35433 1.29773 1.44026 1.02456 0.89447 0.70709 0.57820 0.47016 0.89921 1.24244 1.36740 0.98679 1.10604 1.01516 0.94532 1.05517 0.98408 1.21930 0.94484 0.89918 1.01383 0.40443 0.35186 0.63584 0.70086 0.73973 0.89028 0.89979 0.77829 0.03376 0.05850 0.35815 0.25774 0.12169 0.13213 0.44125 0.31729 0.01635 0.02285 0.54909 0.68290 1.70160 1.80596 1.59131 1.65437 0.48316 0.53938 0.49859 0.54708 1.47213
0.11883 0.16406 0.21110 0.42101 0.25475 0.43701 1.01430 0.86009 0.01345 0.23453 0.00000 0.14935 0.12393 0.41907 0.21243 0.05624 0.00000 0.00000 0.00000 0.00000 0.00000 0.06519 0.01532 0.01330 0.00252 0.01109 0.05607 0.03421 0.06069 0.11138 0.37233 0.42358 0.49608 0.68152 0.95073 1.13301 1.71939 1.81911 0.77694 0.88052 1.07050 1.26819 0.88973 0.47362 0.34916 0.24468 0.56253 0.71365 1.13771 1.11178 0.62955 0.49601 0.01456 0.01077 0.38785 0.46389 1.89396 1.88078 1.60046 1.33705 0.17958 0.23903 0.06815 0.11178 1.21817 1.35192 1.20700 1.31955 1.08663 1.12876 0.62818 0.69791 0.77073
0.35779 0.28449 0.17228 0.14876 0.17307 0.29391 0.26929 0.97137 1.08326 0.41282 0.29505 0.16209 0.08947 0.08549 0.01940 0.03444 0.02806 0.08182 0.00102 0.00000 0.00156 0.00761 0.00588 0.06656 0.06496 0.06004 0.08061 0.07228 0.15030 0.12705 0.54610 0.60807 0.54061 0.67930 1.02388 1.31125 2.05050 1.93309 0.98527 1.07427 1.43457 1.53817 1.62651 0.97272 0.41769 0.28048 0.55221 0.61040 1.34062 1.04240 0.59305 0.61206 0.03717 0.02222 0.36939 0.37654 1.61980 1.47302 1.71875 1.55384 0.16139 0.15305 0.01520 0.02229 0.88496 0.89878 0.93498 1.04215 0.87385 0.93945 0.45884 0.53448 0.58991
4.94804 5.28894 5.18871 3.37014 1.40900 2.28434 0.00260 0.00000 0.49543 0.50979 0.15725 0.20154 0.04818 0.02470 0.54570 0.39795 0.22686 0.24982 0.05693 0.06434 0.37646 0.25506 0.27752 0.57125 0.01216 0.02382 0.81660 0.75520 0.04760 0.06228 0.76862 0.91456 0.59667 0.86889 1.32305 1.61227 1.97018 2.29061 2.02511 2.24103 1.73908 1.71504 2.08721 1.91145 1.22806 0.89665 0.49626 0.41863 0.40651 0.54303 0.27282 0.25208 0.24803 0.16233 0.16125 0.14730 0.03566 0.04647 0.48521 0.32948 0.53639 0.39972 0.40040 0.39445 0.33621 0.37013 0.60480 0.74005 1.57826 1.68897 1.31936 1.47756 0.82250
0.91730 1.83450 2.52592 3.57214 2.48196 4.06256 1.64209 0.35887 2.25942 0.74231 0.12607 0.12450 0.69317 0.58368 1.36234 1.26952 0.41567 0.52125 0.02318 0.03517 0.21000 0.41579 0.21419 0.30630 0.01169 0.01204 0.44807 0.61044 0.10878 0.10888 0.83657 1.00226 0.54275 0.79400 1.34316 1.78084 2.25350 2.71546 2.50792 2.69419 2.28383 2.07327 2.16652 2.11561 1.61493 1.33930 0.66015 0.48805 0.32574 0.43564 0.37359 0.31667 0.16737 0.20647 0.16756 0.15805 0.02086 0.03539 0.29285 0.26372 0.44477 0.38761 0.22721 0.28506 0.20386 0.28421 0.49454 0.47140 1.30872 1.43286 0.93573 1.11510 0.69787
1.61712 0.70288 0.95465 1.08823 1.42015 1.44095 0.01446 0.13549 0.71500 0.88636 1.05708 0.42382 1.25746 1.08067 1.62178 1.61228 0.57743 0.30248 0.00560 0.01056 0.09629 0.19524 0.08450 0.16065 0.16405 0.12244 0.34312 0.28761 0.06103 0.06034 0.25527 0.33408 1.08026 1.50680 0.77953 1.35622 1.81265 2.09526 3.16161 3.36513 1.51812 1.51943 1.90829 1.75760 0.98853 1.16513 1.46187 1.09163 1.16153 0.99447 0.59663 0.58887 0.23188 0.24902 0.25708 0.24987 0.10000 0.09118 0.21869 0.21279 0.19355 0.17829 0.21288 0.17690 0.15148 0.18266 0.35031 0.27121 0.44832 0.47086 0.74062 0.79703 0.61742
2.19414 1.07343 0.67570 0.61456 0.70675 0.60019 0.30258 6.56023 8.23245 4.40367 6.55634 2.14616 2.36265 1.90948 1.71497 2.49759 1.11872 0.54054 0.09459 0.02958 0.12059 0.02614 0.00589 0.09235 0.08909 0.05857 0.28740 0.27427 0.06231 0.08427 0.33581 0.41128 1.33610 1.46437 0.65460 1.04868 1.59299 2.22844 3.12201 3.58292 1.47120 1.25325 2.08684 1.85338 1.01830 0.80722 1.69837 1.21239 1.21002 0.96840 0.47817 0.47594 0.23256 0.22156 0.21258 0.30184 0.23443 0.18455 0.28097 0.12677 0.03553 0.04904 0.07288 0.10257 0.14753 0.14912 0.25351 0.30926 0.25352 0.27260 0.45369 0.48682 0.40836
4.69381 6.58518 2.06908 1.02141 0.07192 0.01479 0.27777 2.24811 -9999 -9999 20.61930 8.24153 5.80626 4.24203 3.44260 3.19205 0.91398 0.72225 0.16073 0.02815 0.14032 0.13435 0.00000 0.00000 0.00754 0.00000 0.25299 0.26740 0.00017 0.00002 0.00528 0.04896 0.59549 0.74137 0.69021 0.87636 1.03112 1.54202 1.95498 2.17276 2.89810 2.40739 0.74129 0.60457 0.68708 0.68787 1.81567 1.49338 1.36951 1.27813 0.62385 0.63322 0.06882 0.05898 0.00994 0.00739 0.22369 0.20283 0.71084 0.57224 0.49498 0.46338 0.01041 0.02960 0.00000 0.00000 0.02452 0.04248 0.32161 0.31187 0.26889 0.25609 0.07586
-9999 -9999 -9999 7.76504 2.97424 0.23926 0.92110 0.92086 0.48774 0.30199 0.45931 3.16590 -9999 -9999 -9999 -9999 23.96220 1.57225 0.92259 0.55762 0.53921 0.32662 0.00000 0.00000 0.14505 0.05546 0.24470 0.28786 0.00000 0.05341 0.05716 0.05073 0.85842 1.01906 0.86826 1.00524 1.05720 0.94101 1.45773 1.49814 2.08606 1.73256 0.53726 0.40266 0.45607 0.44221 1.60478 1.46000 1.18830 1.01296 0.40519 0.39613 0.07308 0.07093 0.00558 0.00008 0.07027 0.07610 0.50844 0.43549 0.32351 0.27656 0.02613 0.03979 0.00000 0.00000 0.01684 0.00605 0.04183 0.06642 0.11320 0.15485 0.06242
-9999 -9999 -9999 2.32599 2.50050 6.35471 0.11229 0.66438 -9999 -9999 2.76037 4.61572 -9999 -9999 -9999 -9999 -9999 -9999 5.79995 2.69059 0.18644 0.08324 0.38346 0.37391 0.47794 0.18774 0.00633 0.00243 0.13298 0.22146 0.00044 0.00345 0.19888 0.41947 0.80224 0.62811 0.64797 0.44188 1.70514 1.73285 1.60862 1.60921 0.96996 0.68639 0.23512 0.22237 0.34632 0.23614 0.29513 0.06728 0.20632 0.21405 0.10994 0.08446 0.01003 0.00032 0.00230 0.00125 0.17752 0.16544 0.01739 0.03233 0.00227 0.00518 0.00000 0.00000 0.05429 0.04591 0.02347 0.02500 0.17932 0.20825 0.01848
