data/hydroclimate-scenarios/BCSD_hadcm_A1B/monthly_summaries/snodep_monthly_day1_jan.2070-2099.asc
ncols	311
nrows	91
xllcenter	102.75
yllcenter	31.75
cellsize	0.5
NODATA_value	-9999
[rows 0 to 31 of 91, columns 0 to 71 of 311]
-9999 -9999 -9999 -9999 -9999 -9999 -9999 -9999 -9999 -9999 -9999 -9999 -9999 -9999 -9999 -9999 -9999 -9999 -9999 -9999 -9999 -9999 -9999 -9999 -9999 -9999 -9999 -9999 -9999 -9999 -9999 -9999 -9999 -9999 -9999 -9999 -9999 -9999 -9999 -9999 -9999 -9999 -9999 -9999 -9999 -9999 -9999 -9999 -9999 -9999 -9999 -9999 -9999 -9999 -9999 -9999 -9999 -9999 -9999 -9999 -9999 -9999 -9999 -9999 -9999 -9999 -9999 -9999 -9999 -9999 -9999 -9999
-9999 -9999 -9999 -9999 -9999 -9999 -9999 -9999 -9999 -9999 -9999 -9999 -9999 -9999 -9999 -9999 -9999 -9999 -9999 -9999 -9999 -9999 -9999 -9999 -9999 -9999 -9999 -9999 -9999 -9999 -9999 -9999 -9999 -9999 -9999 -9999 -9999 -9999 -9999 -9999 -9999 -9999 -9999 -9999 -9999 -9999 -9999 -9999 -9999 -9999 -9999 -9999 -9999 -9999 -9999 -9999 -9999 -9999 -9999 -9999 -9999 -9999 -9999 -9999 -9999 -9999 -9999 -9999 -9999 -9999 -9999 -9999
-9999 -9999 -9999 -9999 -9999 -9999 -9999 -9999 -9999 -9999 -9999 -9999 -9999 -9999 -9999 -9999 -9999 -9999 -9999 -9999 -9999 -9999 -9999 -9999 -9999 -9999 -9999 -9999 -9999 -9999 -9999 -9999 -9999 -9999 -9999 -9999 -9999 -9999 -9999 -9999 -9999 -9999 -9999 -9999 -9999 -9999 -9999 -9999 -9999 -9999 -9999 -9999 -9999 -9999 -9999 -9999 -9999 -9999 -9999 -9999 -9999 -9999 -9999 -9999 -9999 -9999 -9999 -9999 -9999 -9999 -9999 -9999
-9999 -9999 -9999 -9999 -9999 -9999 -9999 -9999 -9999 -9999 -9999 -9999 -9999 -9999 -9999 -9999 -9999 -9999 -9999 -9999 -9999 -9999 -9999 -9999 -9999 -9999 -9999 -9999 -9999 -9999 -9999 -9999 -9999 -9999 -9999 -9999 -9999 -9999 -9999 -9999 -9999 -9999 -9999 -9999 -9999 -9999 -9999 -9999 -9999 -9999 -9999 -9999 -9999 -9999 -9999 -9999 -9999 -9999 -9999 -9999 -9999 -9999 -9999 -9999 -9999 -9999 -9999 -9999 -9999 -9999 -9999 -9999
-9999 -9999 -9999 -9999 -9999 -9999 -9999 -9999 -9999 -9999 -9999 -9999 -9999 -9999 -9999 -9999 -9999 -9999 -9999 -9999 -9999 -9999 -9999 -9999 -9999 -9999 -9999 -9999 -9999 -9999 -9999 -9999 -9999 -9999 -9999 -9999 -9999 -9999 -9999 -9999 -9999 -9999 -9999 -9999 -9999 -9999 -9999 -9999 -9999 -9999 -9999 -9999 -9999 -9999 -9999 -9999 -9999 -9999 -9999 -9999 -9999 -9999 -9999 -9999 -9999 -9999 -9999 -9999 -9999 -9999 -9999 -9999
-9999 -9999 -9999 -9999 -9999 -9999 -9999 -9999 -9999 -9999 -9999 -9999 -9999 -9999 -9999 -9999 -9999 -9999 -9999 -9999 -9999 -9999 -9999 -9999 -9999 -9999 -9999 -9999 -9999 -9999 -9999 -9999 -9999 -9999 -9999 -9999 -9999 -9999 -9999 -9999 -9999 -9999 -9999 -9999 -9999 -9999 -9999 -9999 -9999 -9999 -9999 -9999 -9999 -9999 -9999 -9999 -9999 -9999 -9999 -9999 -9999 -9999 -9999 -9999 -9999 -9999 -9999 -9999 -9999 -9999 -9999 -9999
-9999 -9999 -9999 -9999 -9999 -9999 -9999 -9999 -9999 -9999 -9999 -9999 -9999 -9999 -9999 -9999 -9999 -9999 -9999 -9999 -9999 -9999 -9999 -9999 -9999 -9999 -9999 -9999 -9999 -9999 -9999 -9999 -9999 -9999 -9999 -9999 -9999 -9999 -9999 -9999 -9999 -9999 -9999 -9999 -9999 -9999 -9999 -9999 -9999 -9999 -9999 -9999 -9999 -9999 -9999 -9999 -9999 -9999 -9999 -9999 -9999 -9999 -9999 -9999 -9999 -9999 -9999 -9999 -9999 -9999 -9999 -9999
-9999 -9999 -9999 -9999 -9999 -9999 -9999 -9999 -9999 -9999 -9999 -9999 -9999 -9999 -9999 -9999 -9999 -9999 -9999 -9999 -9999 -9999 -9999 -9999 -9999 -9999 -9999 -9999 -9999 -9999 -9999 -9999 -9999 -9999 -9999 -9999 -9999 -9999 -9999 -9999 -9999 -9999 66.95070 66.21750 66.85480 69.60620 69.62670 70.06200 68.99440 72.94520 72.06960 70.61710 -9999 -9999 -9999 -9999 -9999 -9999 -9999 -9999 -9999 -9999 -9999 -9999 -9999 -9999 -9999 -9999 -9999 -9999 -9999 -9999
-9999 -9999 -9999 -9999 -9999 -9999 -9999 -9999 -9999 -9999 -9999 -9999 -9999 -9999 -9999 -9999 -9999 -9999 -9999 -9999 -9999 -9999 -9999 -9999 -9999 -9999 -9999 -9999 -9999 -9999 -9999 -9999 -9999 -9999 -9999 -9999 -9999 -9999 64.03730 67.10010 66.65300 69.96220 70.18020 69.57400 71.76200 73.57530 74.80400 75.05410 75.62070 75.89620 73.78900 70.84020 67.90520 45.91520 -9999 -9999 -9999 -9999 -9999 -9999 -9999 -9999 -9999 -9999 -9999 -9999 -9999 -9999 -9999 -9999 -9999 -9999
-9999 -9999 -9999 -9999 -9999 -9999 -9999 -9999 -9999 -9999 -9999 -9999 -9999 -9999 -9999 -9999 -9999 -9999 -9999 -9999 -9999 -9999 -9999 -9999 -9999 -9999 -9999 -9999 -9999 -9999 -9999 -9999 -9999 -9999 -9999 -9999 -9999 -9999 -9999 -9999 65.55310 69.66380 70.84390 71.00050 73.45450 75.36350 77.80960 77.81190 78.90420 81.22900 79.76820 74.69670 72.36540 48.69790 -9999 -9999 -9999 -9999 -9999 -9999 -9999 -9999 -9999 -9999 -9999 -9999 -9999 -9999 -9999 -9999 -9999 -9999
-9999 -9999 -9999 -9999 -9999 -9999 -9999 -9999 -9999 -9999 -9999 -9999 -9999 -9999 -9999 -9999 -9999 -9999 -9999 -9999 -9999 -9999 -9999 -9999 -9999 -9999 -9999 -9999 -9999 -9999 -9999 -9999 -9999 -9999 -9999 -9999 -9999 -9999 -9999 -9999 -9999 -9999 -9999 -9999 78.54680 79.91590 82.11300 86.14840 87.34190 85.85380 86.04230 82.28830 78.77250 54.64470 -9999 -9999 -9999 -9999 -9999 -9999 50.55730 -9999 -9999 -9999 -9999 -9999 -9999 -9999 -9999 -9999 -9999 -9999
-9999 -9999 -9999 -9999 -9999 -9999 -9999 -9999 -9999 -9999 -9999 -9999 -9999 -9999 -9999 -9999 -9999 -9999 -9999 -9999 -9999 -9999 -9999 -9999 -9999 -9999 -9999 -9999 -9999 -9999 -9999 -9999 -9999 -9999 -9999 -9999 -9999 -9999 -9999 -9999 -9999 75.11170 75.57050 77.01190 79.63750 80.21200 82.77840 85.88200 87.57300 85.87170 84.93140 81.41690 77.83470 72.87510 -9999 -9999 -9999 -9999 -9999 52.27340 49.96040 50.62400 48.65900 47.96190 46.90520 46.18720 43.22690 43.41200 40.29440 39.57880 39.18670 37.57570
-9999 -9999 -9999 -9999 -9999 -9999 -9999 -9999 -9999 -9999 -9999 -9999 -9999 -9999 -9999 -9999 -9999 -9999 -9999 -9999 -9999 -9999 -9999 -9999 -9999 -9999 -9999 -9999 -9999 -9999 -9999 -9999 -9999 -9999 -9999 -9999 -9999 -9999 -9999 -9999 -9999 74.65080 76.94970 80.45260 80.94640 80.88550 81.59110 81.61660 83.47600 83.72520 80.33480 74.46120 71.45730 66.92450 64.83400 61.79400 58.32730 -9999 53.01160 55.20510 52.12520 52.31660 51.65180 47.04160 47.72180 45.11780 43.94870 44.43680 42.13350 41.23910 41.15490 40.68210
-9999 -9999 -9999 -9999 -9999 -9999 -9999 -9999 -9999 -9999 -9999 -9999 -9999 -9999 -9999 -9999 -9999 -9999 -9999 -9999 -9999 -9999 -9999 -9999 -9999 -9999 -9999 -9999 -9999 -9999 -9999 -9999 -9999 -9999 -9999 64.66240 66.28920 69.33100 70.89830 72.62340 73.86660 75.41620 78.41010 80.28900 82.12970 82.49760 82.34100 83.88790 84.93210 85.02760 82.32790 75.90960 72.03640 68.33540 64.91870 61.28470 57.27050 53.48330 52.18200 52.25630 50.79630 51.67200 51.04020 45.19230 45.20810 44.43410 44.12150 42.61840 42.25940 41.64220 41.24120 41.06070
-9999 -9999 -9999 -9999 -9999 -9999 -9999 -9999 -9999 -9999 -9999 -9999 -9999 -9999 -9999 -9999 -9999 -9999 -9999 -9999 -9999 -9999 -9999 -9999 -9999 -9999 -9999 -9999 -9999 -9999 -9999 -9999 -9999 -9999 61.51060 65.63580 68.25620 67.93400 70.17340 74.05680 77.33480 77.13590 80.14920 81.33110 81.32200 82.77150 83.47350 86.48270 87.85530 83.50480 82.90620 77.03770 73.84750 67.41950 64.59460 62.59550 57.87480 54.36140 54.24220 52.88100 49.97690 48.79290 48.73340 45.42290 45.26100 44.40800 44.20290 43.00800 41.01230 40.19610 39.22440 38.59440
-9999 -9999 -9999 -9999 -9999 -9999 -9999 -9999 -9999 -9999 -9999 -9999 -9999 -9999 -9999 -9999 -9999 -9999 -9999 -9999 -9999 -9999 -9999 -9999 -9999 -9999 -9999 -9999 -9999 -9999 -9999 -9999 -9999 60.31410 62.83650 65.12390 66.92670 67.00250 68.51120 73.11140 75.86970 76.37620 78.92290 80.14550 81.72830 80.83510 82.05480 84.45480 84.26190 81.53200 77.93900 71.78060 66.87490 62.33180 60.32270 57.59470 54.31940 53.03510 51.44190 50.10710 47.50470 46.32930 46.24020 45.35990 44.27490 43.20210 41.84880 40.06390 40.50400 39.83330 37.28510 36.75430
-9999 -9999 -9999 -9999 -9999 -9999 -9999 -9999 -9999 -9999 -9999 -9999 -9999 -9999 -9999 -9999 -9999 -9999 -9999 -9999 -9999 -9999 -9999 -9999 -9999 -9999 -9999 -9999 -9999 -9999 -9999 56.93750 58.30260 59.33950 59.89690 61.06790 63.04390 64.79450 68.99940 70.13150 71.70120 75.39510 77.82190 76.84140 78.05970 79.10860 79.61580 77.46630 76.93490 74.83100 71.02970 67.84510 60.61790 60.75650 59.09990 55.27840 53.17250 49.97150 47.77450 47.00590 46.34100 44.25490 44.20610 43.20370 42.51530 40.66170 41.35750 40.91640 41.15420 37.38900 37.25630 35.29730
-9999 -9999 -9999 -9999 -9999 -9999 -9999 -9999 -9999 -9999 -9999 -9999 -9999 -9999 -9999 -9999 -9999 -9999 -9999 -9999 -9999 -9999 -9999 -9999 -9999 -9999 -9999 -9999 -9999 51.29390 52.74660 56.87530 57.52210 58.54630 58.99950 60.04380 61.64940 65.37770 67.42070 68.32150 70.88420 73.11980 74.94760 75.10450 75.75410 74.34370 74.38220 74.91060 73.77910 71.14940 67.59200 65.20860 59.70360 58.52610 53.29090 52.73050 50.44570 47.43880 45.91380 46.87600 44.77010 42.50590 41.24640 41.00800 40.77690 39.67960 38.56900 39.16970 37.54420 37.86510 37.58640 35.10460
-9999 -9999 -9999 -9999 -9999 -9999 -9999 -9999 -9999 -9999 -9999 -9999 -9999 -9999 -9999 -9999 -9999 -9999 -9999 -9999 -9999 -9999 -9999 -9999 48.70690 50.00050 50.45030 50.34390 51.15710 51.03690 52.50020 53.23620 53.23270 54.51860 55.94530 58.22760 59.76020 61.15390 62.58970 65.08880 65.61340 66.79500 68.96480 69.36340 70.35250 71.93290 71.35140 69.43830 69.13380 66.68940 65.67460 62.31550 59.85860 58.34280 54.27020 50.00600 48.06400 47.04410 45.11610 44.32040 43.23190 42.36520 40.13480 39.44440 39.70280 38.96720 38.53170 39.69420 41.14890 38.25230 35.47570 33.27340
-9999 -9999 -9999 -9999 -9999 -9999 53.88220 51.91490 51.80700 52.00660 52.71140 -9999 -9999 -9999 -9999 -9999 -9999 -9999 -9999 -9999 -9999 49.69930 48.53750 48.08300 47.62410 49.02390 48.92670 50.84660 50.19740 50.29090 50.45610 51.24660 52.64610 53.59400 54.72180 57.55820 59.20330 61.28240 62.21950 63.91260 64.60480 63.31960 65.31970 67.00270 68.22560 69.20190 69.85870 67.54590 66.93570 65.01960 62.77730 60.36080 56.79950 55.75210 53.14340 49.14410 48.09350 46.15680 43.64010 43.40110 42.74430 41.18830 40.14620 38.38580 39.23110 39.81550 40.28740 39.78630 40.92310 39.15210 38.24460 35.98160
-9999 -9999 -9999 -9999 -9999 51.44890 50.63070 52.02370 52.70670 52.68770 53.54050 53.14050 52.35740 53.59520 -9999 -9999 -9999 50.39920 50.74990 49.94500 49.00130 49.31450 47.00050 46.65730 46.75880 45.96940 47.69360 48.35440 49.11050 48.56360 48.80500 48.93750 50.16740 52.61340 54.85310 55.78120 56.09110 58.21180 60.69030 62.11450 62.90540 61.60150 61.44730 62.12960 64.48160 64.21440 64.86500 65.53560 64.16640 61.38020 60.76540 57.16080 54.99980 52.40010 50.46120 48.06530 46.66130 43.30560 43.08400 40.73420 39.79760 40.37220 39.45940 38.21020 38.12850 36.20170 38.59400 38.77280 37.90450 39.23470 37.26660 35.44440
-9999 51.71030 51.63770 50.73460 51.69420 50.89610 51.68780 52.55830 53.19760 52.87440 53.10810 53.96910 53.62700 54.10800 53.00460 50.85250 49.18120 50.08150 50.16320 49.68720 48.58880 46.94060 46.66500 45.17490 44.76600 45.05360 44.90040 45.76960 46.42040 47.36740 46.65320 46.45610 47.93340 50.63140 51.39510 52.29050 54.23070 55.81400 58.40920 60.39670 60.39690 59.15280 58.83460 60.07340 60.00620 59.41910 61.86840 62.26090 61.81540 60.75950 56.84780 54.60920 52.05180 49.54560 47.70530 45.57160 43.66970 42.42740 41.16530 41.18460 39.94420 39.63750 38.49230 38.52370 37.09240 37.54020 37.41920 37.03380 37.73970 36.65960 36.22980 33.79390
-9999 53.74470 52.19260 50.95800 50.22310 50.62390 52.66300 52.39500 52.32290 52.92290 54.17510 54.22900 55.31780 53.94710 53.00660 51.73910 48.78560 50.34530 48.74790 48.07530 48.72830 48.21300 46.51220 46.39800 46.07080 46.98470 47.30500 47.88300 47.32930 47.82600 48.27900 45.56370 45.49610 47.51440 47.16210 49.61550 50.84540 51.65800 54.82540 56.80730 56.40390 56.01790 56.19880 55.30490 55.85000 55.90160 56.34100 55.92490 57.04890 57.02290 54.67830 52.86080 49.27460 47.78550 43.76030 42.54750 40.02000 41.34770 40.42970 39.24920 39.14170 38.37800 38.69990 38.68330 38.80710 38.08760 37.40400 36.77390 37.50330 37.61180 38.39130 36.70300
-9999 -9999 -9999 53.20370 52.18870 52.19430 52.05680 51.41800 51.79870 51.23600 52.24880 51.17390 52.05390 51.84600 52.00890 49.49560 48.44540 48.29830 49.14070 50.01230 48.58440 48.05170 46.96770 47.16710 45.60220 45.99130 45.64060 46.93180 46.15790 46.85280 46.67590 44.64740 44.59690 45.38540 45.94970 47.88710 49.04870 50.50760 50.48970 52.41330 53.64170 54.90860 53.46400 52.41460 53.11110 52.56720 53.01500 52.83880 52.99880 55.35900 53.28800 51.24740 48.04060 46.14630 43.96450 40.58630 39.50390 39.51080 39.47570 38.12180 38.51020 38.62250 38.80290 37.15720 37.51320 38.39600 38.40120 37.10560 38.30690 37.15750 37.70180 37.84930
-9999 -9999 -9999 -9999 -9999 -9999 53.27710 53.17700 53.42520 52.24020 51.94890 50.84740 51.01440 48.84280 49.12170 48.48360 49.31070 49.54510 49.33210 50.80200 49.20170 48.16780 47.14410 46.42600 45.65260 47.30100 46.02080 44.89200 44.36330 45.91440 44.84100 45.48090 45.06560 45.21020 45.50650 46.94730 47.61680 47.57820 47.96450 49.40010 51.18850 51.04800 51.55110 49.52500 49.40400 51.18870 51.45670 53.04260 54.32790 55.26760 54.07080 51.60990 48.39290 44.97840 42.65700 39.77340 38.02940 39.42950 39.60990 38.05890 38.35050 37.95620 36.63400 35.21050 37.22290 36.56730 38.14860 37.69280 37.49680 36.85670 38.56830 37.73820
-9999 -9999 -9999 -9999 -9999 -9999 53.01390 54.13730 54.64190 53.95360 52.84570 51.91020 51.34740 48.90950 49.03530 50.19940 49.50420 50.68400 50.42900 50.77010 51.30090 50.77780 49.39200 48.54040 47.46060 48.08700 45.66690 43.42420 43.28980 45.60430 46.15310 46.27330 46.12540 45.16390 45.81100 46.79480 47.94040 46.07300 47.64780 47.91200 46.67360 47.72510 49.07840 46.50490 47.79210 50.52160 50.71930 50.35120 52.97900 53.31210 53.81220 52.30450 48.07460 44.87040 42.55090 40.88300 39.75750 41.13550 40.30920 39.93500 36.93110 38.19720 37.72050 37.70120 36.89040 36.89490 37.56730 37.61590 37.88260 38.79370 38.95050 38.84960
-9999 -9999 -9999 -9999 -9999 -9999 -9999 -9999 -9999 -9999 50.70000 52.70210 51.93760 51.26550 52.23010 51.49460 52.21770 51.43220 50.21830 50.89920 51.70910 53.89940 51.45460 49.83790 48.47810 48.52700 47.08930 45.75500 43.52750 44.58040 44.23050 45.68640 45.69630 45.47270 45.71750 44.32790 44.71140 44.44680 44.63350 44.41000 44.21630 43.98300 44.45780 45.62160 47.39650 49.17150 49.08100 49.67150 50.25260 49.79720 49.44660 45.85170 43.24230 41.52140 40.69820 39.37790 41.09610 40.94840 40.65060 38.86710 39.44600 40.23210 40.25590 39.29300 38.81220 38.49330 38.18160 38.10200 39.21500 39.68820 40.25050 39.94410
-9999 -9999 -9999 -9999 -9999 -9999 -9999 -9999 -9999 -9999 49.40880 51.74170 51.63820 51.49840 52.26020 52.61170 53.78330 53.28770 54.35020 54.06510 52.86150 54.55040 53.00990 52.16220 50.42360 48.77400 47.24490 45.62090 45.04970 44.02250 44.16890 45.72760 45.82100 46.03680 46.32960 45.30030 44.72440 45.11250 45.89310 44.73740 45.07400 45.92040 45.21170 45.66000 46.55620 46.60240 46.63170 45.90280 44.90450 44.88770 42.93770 42.55040 40.61720 40.49080 40.89210 39.95920 39.47210 40.32820 39.43750 39.83040 38.80210 40.40830 40.29600 41.29890 41.03990 40.90630 40.14950 38.77960 38.68060 39.57140 40.96390 41.02040
-9999 -9999 -9999 -9999 -9999 -9999 -9999 -9999 -9999 -9999 -9999 -9999 50.42260 53.22950 54.87260 56.77320 56.43860 54.39480 56.16890 54.64930 54.03030 54.88790 52.70520 51.31850 49.14260 46.37420 45.00750 43.57810 41.83390 41.24850 41.69480 43.50580 44.20950 45.92470 46.50200 44.27160 44.18830 42.94880 43.70330 42.56290 42.22030 44.09260 44.13620 43.85830 44.06280 45.72090 45.61980 43.28240 41.97950 42.58500 42.89280 41.04080 41.12030 40.58740 40.34770 40.09930 41.07910 38.44960 39.37120 40.32180 40.12340 42.09310 42.35140 40.85260 40.06550 38.03030 38.58790 39.46980 39.75620 40.33270 40.18740 41.47050
-9999 -9999 -9999 -9999 -9999 -9999 -9999 -9999 -9999 -9999 -9999 -9999 48.54260 51.36240 54.44940 54.57200 56.62220 55.25130 56.88210 56.79740 54.52090 56.16260 53.74100 52.30230 50.84410 47.46280 44.51190 42.92160 40.80100 40.04250 39.52180 42.30540 42.15800 44.40440 45.53260 43.56210 44.36580 43.91090 43.56070 42.90830 42.04620 42.37540 42.39530 43.51670 43.45280 43.67410 43.52580 42.31390 42.25380 40.88800 41.13200 41.19190 41.14640 39.78470 40.40090 41.66030 40.77950 39.89190 40.62760 42.77800 42.71960 44.04390 42.65090 43.08490 42.15650 40.86030 40.57010 40.06900 41.30330 41.47890 41.44860 41.83730
-9999 -9999 -9999 -9999 -9999 -9999 -9999 -9999 -9999 -9999 -9999 45.55040 49.49540 47.83860 50.21620 53.02140 56.88590 57.10040 58.48220 60.66280 56.62330 58.18340 55.20200 55.35720 53.53450 52.37750 48.92650 43.43880 41.01370 40.19320 39.14720 39.42980 39.40550 41.66220 42.59000 42.54540 43.68270 42.20550 43.22870 45.32350 44.67740 45.34810 44.22660 42.95630 42.63880 43.25150 43.31090 43.99540 42.82240 42.08180 42.88130 42.55740 42.70610 43.94240 44.61980 41.39790 41.27900 43.29720 42.66620 45.17800 44.82190 45.85760 46.54730 46.14500 44.88090 43.84740 44.52030 43.30040 46.20270 45.31460 44.99610 44.38460
-9999 -9999 -9999 -9999 -9999 -9999 -9999 -9999 -9999 -9999 -9999 44.32190 45.48330 47.95600 48.33500 52.08740 55.02820 55.49600 57.55950 58.29700 56.73370 56.59220 54.27340 53.27350 52.05550 50.75630 46.94020 43.89770 42.12900 41.33820 39.92680 39.42590 39.47130 41.00870 41.56060 41.01970 41.86760 42.72010 42.93760 43.79480 44.02330 44.63210 46.76130 45.10420 43.53930 43.89940 43.51240 45.07280 43.81770 44.17190 43.83820 43.88940 44.00940 45.99380 44.12960 43.18490 43.85370 43.37490 44.00230 46.37070 47.52230 47.81960 48.30950 49.04010 48.79840 48.05490 47.73530 45.34420 47.21730 46.13310 45.18240 44.56930
