data/hydroclimate-scenarios/BCSD_hadcm_A1B/monthly_summaries/snodep_monthly_day1_apr.2030-2059.asc
ncols	311
nrows	91
xllcenter	102.75
yllcenter	31.75
cellsize	0.5
NODATA_value	-9999
[rows 0 to 31 of 91, columns 72 to 143 of 311]
-9999 -9999 -9999 -9999 -9999 -9999 -9999 -9999 -9999 -9999 -9999 -9999 -9999 -9999 -9999 -9999 -9999 -9999 -9999 -9999 -9999 -9999 -9999 -9999 -9999 -9999 -9999 -9999 -9999 -9999 -9999 -9999 -9999 -9999 -9999 -9999 -9999 -9999 -9999 -9999 -9999 -9999 -9999 -9999 -9999 -9999 -9999 -9999 -9999 -9999 -9999 -9999 -9999 -9999 -9999 -9999 -9999 -9999 -9999 -9999 -9999 -9999 -9999 -9999 -9999 -9999 -9999 -9999 -9999 -9999 -9999 -9999
-9999 -9999 -9999 -9999 -9999 -9999 -9999 -9999 -9999 -9999 -9999 -9999 -9999 -9999 -9999 -9999 -9999 -9999 -9999 -9999 -9999 -9999 -9999 -9999 -9999 -9999 -9999 -9999 -9999 -9999 -9999 -9999 -9999 -9999 -9999 -9999 -9999 -9999 -9999 -9999 -9999 -9999 -9999 -9999 -9999 -9999 -9999 -9999 -9999 -9999 -9999 -9999 -9999 -9999 -9999 -9999 -9999 -9999 -9999 -9999 -9999 -9999 -9999 -9999 -9999 -9999 -9999 -9999 -9999 -9999 -9999 -9999
-9999 -9999 -9999 -9999 -9999 -9999 -9999 -9999 -9999 -9999 -9999 -9999 -9999 -9999 -9999 -9999 -9999 -9999 -9999 -9999 -9999 -9999 -9999 -9999 -9999 -9999 -9999 -9999 -9999 -9999 -9999 -9999 -9999 -9999 -9999 -9999 -9999 -9999 -9999 -9999 -9999 -9999 -9999 -9999 -9999 -9999 -9999 -9999 -9999 -9999 -9999 -9999 -9999 -9999 -9999 -9999 -9999 -9999 -9999 -9999 -9999 -9999 -9999 -9999 -9999 -9999 -9999 -9999 -9999 -9999 -9999 -9999
-9999 -9999 -9999 -9999 -9999 -9999 -9999 -9999 -9999 -9999 -9999 -9999 -9999 -9999 -9999 -9999 -9999 -9999 -9999 -9999 -9999 -9999 -9999 -9999 -9999 -9999 -9999 -9999 -9999 -9999 -9999 -9999 -9999 -9999 -9999 -9999 -9999 -9999 -9999 -9999 -9999 -9999 -9999 -9999 -9999 -9999 -9999 -9999 -9999 -9999 -9999 -9999 -9999 -9999 -9999 -9999 -9999 -9999 -9999 -9999 -9999 -9999 -9999 -9999 -9999 -9999 -9999 -9999 -9999 -9999 -9999 -9999
-9999 -9999 -9999 -9999 -9999 -9999 -9999 -9999 -9999 -9999 -9999 -9999 -9999 -9999 -9999 -9999 -9999 -9999 -9999 -9999 -9999 -9999 -9999 -9999 -9999 -9999 -9999 -9999 -9999 -9999 -9999 -9999 -9999 -9999 -9999 -9999 -9999 -9999 -9999 -9999 -9999 -9999 -9999 -9999 -9999 -9999 -9999 -9999 -9999 -9999 -9999 -9999 -9999 -9999 -9999 -9999 -9999 -9999 -9999 -9999 -9999 -9999 -9999 -9999 -9999 -9999 -9999 -9999 -9999 -9999 -9999 -9999
-9999 -9999 -9999 -9999 -9999 -9999 -9999 -9999 -9999 -9999 -9999 -9999 -9999 -9999 -9999 -9999 -9999 -9999 -9999 -9999 -9999 -9999 -9999 -9999 -9999 -9999 -9999 -9999 -9999 -9999 -9999 -9999 -9999 -9999 -9999 -9999 -9999 -9999 -9999 -9999 -9999 -9999 -9999 -9999 -9999 -9999 -9999 -9999 -9999 -9999 -9999 -9999 -9999 -9999 -9999 -9999 -9999 -9999 -9999 -9999 -9999 -9999 -9999 -9999 -9999 -9999 -9999 -9999 -9999 -9999 -9999 -9999
-9999 -9999 -9999 -9999 -9999 -9999 -9999 -9999 -9999 -9999 -9999 -9999 -9999 -9999 -9999 -9999 -9999 -9999 -9999 -9999 -9999 -9999 -9999 -9999 -9999 -9999 -9999 -9999 -9999 -9999 -9999 -9999 -9999 -9999 -9999 -9999 -9999 -9999 -9999 -9999 -9999 -9999 -9999 -9999 -9999 -9999 -9999 -9999 -9999 -9999 -9999 -9999 -9999 -9999 -9999 -9999 -9999 -9999 -9999 -9999 -9999 -9999 -9999 -9999 -9999 -9999 -9999 -9999 -9999 -9999 -9999 -9999
-9999 -9999 -9999 -9999 -9999 -9999 -9999 -9999 -9999 -9999 -9999 -9999 -9999 -9999 -9999 -9999 -9999 -9999 -9999 -9999 -9999 -9999 -9999 -9999 -9999 -9999 -9999 -9999 -9999 -9999 -9999 -9999 -9999 -9999 -9999 -9999 -9999 -9999 -9999 -9999 -9999 -9999 -9999 -9999 -9999 -9999 -9999 -9999 -9999 -9999 -9999 -9999 -9999 -9999 -9999 -9999 -9999 -9999 -9999 -9999 -9999 -9999 -9999 -9999 -9999 -9999 -9999 -9999 -9999 -9999 -9999 -9999
-9999 -9999 -9999 -9999 -9999 40.01660 -9999 -9999 -9999 -9999 -9999 -9999 -9999 -9999 -9999 -9999 -9999 -9999 -9999 -9999 -9999 -9999 -9999 -9999 -9999 -9999 -9999 -9999 -9999 -9999 -9999 -9999 -9999 -9999 -9999 -9999 -9999 -9999 -9999 -9999 -9999 -9999 -9999 -9999 -9999 -9999 -9999 -9999 -9999 -9999 -9999 -9999 -9999 -9999 -9999 -9999 -9999 -9999 -9999 -9999 -9999 -9999 -9999 -9999 -9999 -9999 -9999 -9999 -9999 -9999 -9999 -9999
-9999 39.16620 35.81490 37.24470 38.88060 41.02010 44.01240 44.70500 48.57960 50.97850 52.54940 54.38850 55.61350 56.04760 55.78170 58.27160 58.09610 59.04250 58.81950 57.60440 57.29220 -9999 -9999 -9999 -9999 -9999 -9999 -9999 -9999 -9999 -9999 -9999 -9999 -9999 -9999 -9999 -9999 -9999 -9999 -9999 -9999 -9999 -9999 -9999 -9999 -9999 -9999 -9999 -9999 -9999 -9999 -9999 -9999 -9999 -9999 -9999 -9999 -9999 -9999 -9999 -9999 -9999 -9999 -9999 -9999 -9999 -9999 -9999 -9999 -9999 -9999 -9999
-9999 -9999 -9999 39.23430 41.15000 44.74550 45.46110 47.86370 49.18490 52.34360 54.98080 56.72310 57.59000 58.85280 60.02610 64.07160 63.36650 64.15870 64.33540 63.81100 63.05800 -9999 -9999 -9999 -9999 -9999 -9999 -9999 -9999 -9999 -9999 -9999 -9999 -9999 -9999 -9999 -9999 -9999 -9999 -9999 -9999 -9999 -9999 -9999 -9999 -9999 -9999 -9999 -9999 -9999 -9999 -9999 -9999 -9999 -9999 -9999 -9999 -9999 -9999 -9999 -9999 -9999 -9999 -9999 -9999 -9999 -9999 -9999 -9999 -9999 -9999 -9999
37.62840 37.98430 38.91430 40.02510 40.80170 44.60840 45.97490 46.83140 48.34270 52.75530 54.27760 55.49200 57.03420 60.39150 60.35140 63.37090 64.90010 64.08710 64.51800 63.69400 64.07120 60.30080 59.06940 57.79750 57.40310 55.78880 55.38880 -9999 -9999 -9999 -9999 -9999 -9999 -9999 -9999 -9999 -9999 -9999 -9999 -9999 -9999 -9999 -9999 -9999 -9999 -9999 -9999 -9999 -9999 -9999 -9999 -9999 -9999 -9999 -9999 -9999 -9999 -9999 -9999 -9999 -9999 -9999 -9999 -9999 -9999 -9999 -9999 -9999 -9999 -9999 -9999 -9999
38.19060 39.22560 39.38790 40.32900 44.03420 45.50120 47.56120 47.77860 49.88590 51.90600 53.05390 56.09600 58.14930 60.64980 63.41260 62.56530 62.53670 62.51580 64.16800 65.64620 64.95770 62.73430 62.37640 62.56180 59.92170 60.47070 58.48350 56.03060 55.08270 51.83060 51.43280 50.16620 49.14050 46.23040 44.47490 42.83890 42.21040 40.33410 39.10120 37.82390 37.91930 38.04570 -9999 -9999 -9999 -9999 -9999 -9999 -9999 -9999 -9999 -9999 -9999 -9999 -9999 -9999 -9999 -9999 -9999 -9999 -9999 -9999 -9999 -9999 -9999 -9999 -9999 -9999 -9999 -9999 -9999 -9999
37.04700 37.75170 38.33030 40.95580 42.38620 43.40230 45.38150 46.71090 48.85990 51.54480 53.42090 55.84680 57.68290 60.91710 62.17590 62.01170 63.34320 61.79560 63.73970 67.51110 66.12890 62.51720 62.08520 62.07730 61.52620 60.43750 59.93670 57.56070 57.03900 55.38800 54.86330 49.48250 47.62980 47.22440 45.85360 45.69940 42.95760 40.37200 39.33750 39.28050 38.68790 38.85150 38.49560 -9999 -9999 -9999 -9999 -9999 -9999 -9999 -9999 -9999 -9999 -9999 -9999 -9999 -9999 -9999 -9999 -9999 -9999 -9999 -9999 -9999 -9999 -9999 -9999 -9999 -9999 -9999 -9999 -9999
38.10450 37.86790 38.06450 40.37380 41.08150 43.29720 44.46480 48.80210 50.99180 51.72280 53.34320 56.25280 57.25650 61.22370 62.33560 62.21250 62.23990 64.14560 66.70830 64.77630 65.13500 64.04220 64.02170 60.96940 60.28470 61.38130 60.82120 62.43690 59.08000 55.84070 54.13260 52.45430 51.72620 48.89860 47.81700 47.99840 45.85630 45.29500 44.31430 42.69710 41.12020 41.15870 40.91470 -9999 -9999 -9999 -9999 -9999 -9999 -9999 -9999 -9999 -9999 -9999 -9999 -9999 -9999 -9999 41.32990 41.91450 -9999 -9999 -9999 -9999 45.23600 46.79510 47.95000 46.77400 47.90270 47.66020 51.38250 51.48990
36.40410 37.31560 36.88910 39.39220 40.98420 40.84370 42.34420 46.76130 48.14290 50.24200 52.92930 54.11090 56.75300 60.72360 60.40360 60.51910 60.19580 61.67030 62.30460 62.85810 63.77440 64.08460 61.43080 58.92450 59.51860 61.55810 61.58840 63.31220 62.11640 58.08870 55.60700 54.14750 52.34700 51.14270 50.33760 48.44180 46.98160 46.62630 45.96940 43.94660 43.04960 43.30280 43.04270 41.22800 40.81110 40.90260 41.36310 40.59630 41.27310 41.29930 41.28380 41.91690 42.91250 42.64040 42.75640 42.96060 43.71430 43.66030 44.49520 44.61360 -9999 -9999 -9999 -9999 -9999 49.60420 50.20600 49.96850 51.60360 53.82630 54.65290 56.75820
35.92600 36.83370 36.60660 38.06200 39.56270 40.83260 42.80450 44.14940 45.86600 47.29440 51.19140 52.88750 55.41150 56.29570 58.42810 58.96810 58.25810 59.05880 59.72170 58.37230 59.29960 59.66270 59.52510 59.60710 60.16720 60.04540 60.78430 61.15080 59.71950 58.49040 56.91190 55.59570 54.72800 52.59260 50.11120 50.01390 49.27720 49.48630 47.57270 46.28090 46.21160 45.54590 45.46970 45.44230 44.40380 43.22210 43.31780 44.50050 44.94340 45.34410 45.12940 46.02800 46.12870 46.75610 47.02800 47.00710 46.88390 47.05190 48.10390 49.04610 49.74980 50.43300 50.80010 52.69020 53.89370 52.68240 53.38200 53.36280 54.42880 58.16210 59.57010 62.10190
35.46200 36.78880 35.80300 38.23420 37.63760 39.48840 40.14840 43.02170 44.89560 45.45540 50.25420 51.01880 53.82970 54.56940 56.29890 56.15950 56.87960 56.61840 57.10910 56.39390 57.46560 59.16920 60.77360 59.96670 60.33340 60.34740 61.69320 61.60060 59.46080 58.25940 57.31050 55.96770 56.54240 53.30120 50.39110 51.65220 50.71140 50.10280 49.16640 48.72300 48.93550 49.06200 47.31940 46.59790 46.48530 45.70870 46.21320 46.40020 46.79640 46.62740 47.51590 47.18060 50.13910 49.84600 49.90100 49.52340 50.52990 50.66780 51.18540 50.87410 54.66900 53.80140 54.44210 55.47250 56.74330 54.87870 53.87740 53.98050 57.20940 61.29500 62.97880 66.49240
35.01820 34.41030 36.44080 35.79660 37.41100 38.78300 38.51070 40.54310 41.59250 42.72590 45.48370 49.18660 51.31100 50.93260 52.19220 53.22040 54.41190 53.92390 53.46810 54.21580 56.90790 57.74940 59.74040 59.79490 59.18950 60.13260 61.04510 62.49810 62.47910 61.95490 61.89080 59.55220 57.44500 55.13380 53.59660 51.64570 51.25650 50.34540 49.28330 50.17000 49.79470 50.61640 49.31810 48.91430 48.25090 47.99950 47.92590 48.37570 49.39440 49.29800 50.01350 50.58010 51.12840 50.98190 51.78990 51.88070 52.16770 53.59280 53.91830 53.97600 55.97610 55.94100 58.89610 59.58340 59.30020 58.62670 59.39580 60.67800 61.53980 63.24810 65.72690 66.81970
34.68220 34.82540 34.27230 35.32530 36.81380 36.67070 36.59020 37.94560 39.13770 41.48950 42.89540 45.49670 48.25620 49.46200 51.66520 51.92900 52.74740 53.14650 53.83930 53.84700 54.73980 57.98900 59.47470 60.12070 58.77520 59.16250 59.75810 60.05080 61.23760 62.03890 60.83300 59.69120 59.36530 56.99050 54.57330 53.47380 52.15290 52.35380 51.64600 51.93050 52.21970 51.23340 50.90590 51.14510 50.89820 49.45340 49.22470 49.41450 49.58660 51.11710 52.77090 52.90790 53.35910 53.62710 55.19550 54.23600 54.73180 55.65660 55.64420 55.73150 57.01510 58.53280 61.59330 61.64560 64.92270 63.64760 63.51190 64.51760 64.99750 66.28310 66.71160 67.90320
35.66710 34.26030 35.25180 37.12800 37.42420 36.97330 37.35950 38.60730 37.85580 40.36380 41.21050 43.02900 44.42240 46.53190 47.13020 49.31050 51.30520 51.86050 54.87390 55.00890 55.84510 57.65370 59.62020 61.22690 62.12170 64.47780 65.51890 64.70130 64.72080 64.45500 63.72230 62.39020 60.73510 60.06360 58.77840 56.58760 56.19780 53.85280 53.14580 53.48380 53.28080 52.98120 52.04650 51.34060 50.04160 49.29880 50.67540 49.88320 51.58970 50.52830 52.86000 55.64960 56.00480 57.07990 58.84520 57.40540 58.49310 59.21550 61.82460 60.81670 61.38790 62.23730 64.45730 64.92580 65.49020 65.60670 67.70650 66.06270 67.02240 69.81150 70.84890 69.91860
35.95660 34.91390 35.10270 38.34600 37.97670 37.56110 38.14580 39.21300 39.78380 39.39430 41.37320 41.44640 43.70440 44.33480 45.26040 47.60990 49.41810 50.96680 53.08000 55.00020 56.18000 57.56080 60.64570 63.34980 66.00550 68.41180 69.00260 68.32980 67.56650 66.66560 65.80170 62.90920 62.28360 60.59350 59.95990 57.94650 57.25070 56.66030 55.99190 55.94710 55.61690 53.89250 54.51830 54.33040 53.58490 53.75820 53.86650 53.16670 52.45490 54.03140 55.41860 59.07850 60.02410 62.64600 63.51080 62.93820 62.97960 64.83530 66.52050 64.99670 66.45880 68.80850 69.14250 70.07170 69.58650 69.40020 68.27830 67.50860 69.40990 70.06450 72.26160 72.76450
36.87600 37.63960 39.18850 36.82000 38.35740 37.46820 38.58780 38.54000 39.68760 39.80840 41.19010 42.47880 43.85360 46.34000 47.49780 47.41200 48.68610 50.17190 52.48120 55.52120 58.72400 61.68680 63.49680 65.42900 69.71000 69.30990 69.86780 73.14580 72.03510 67.42370 64.48910 62.53000 61.49650 60.34100 57.73100 59.13070 57.69340 57.41580 57.13800 55.57020 54.99880 55.13710 54.59180 54.92160 54.17320 54.47120 53.76150 57.15980 59.93560 61.48660 62.81430 59.70190 61.37060 64.25380 67.42160 68.23800 69.25680 69.41480 70.20630 71.99570 75.19910 74.76780 75.34430 76.87440 75.48830 71.43080 70.22390 70.85440 71.10920 71.72400 75.05490 81.51980
38.11080 38.28870 39.66010 37.98070 39.92250 37.82930 40.13770 39.31600 39.52130 41.17160 42.09020 45.01690 44.15320 46.62370 46.24850 46.25210 48.00120 49.94790 51.08590 55.13980 58.40700 61.55690 64.42700 66.18220 69.44950 70.06940 71.59780 72.95200 72.34500 68.55850 67.44260 65.29060 62.07130 61.11750 59.56610 60.26130 59.73850 58.65830 58.17120 57.55330 57.66780 56.82420 56.33170 55.09840 54.33860 54.75860 55.85580 60.42960 63.39050 64.68110 66.83860 61.95780 65.23280 69.65410 72.19500 73.55520 74.89570 75.48680 75.90420 77.24250 78.77350 78.81340 80.85680 80.37670 77.56600 73.23510 71.58790 71.46460 73.00610 74.39310 76.92400 83.12060
38.07510 39.17080 39.98820 39.33460 40.76370 41.11440 41.68750 39.80480 40.40390 39.01380 41.04570 43.60660 43.88780 47.87130 49.20450 44.93640 47.49820 50.70210 51.60110 53.25420 56.68680 62.54880 64.31810 67.44000 69.54440 68.57350 70.27540 71.55110 71.33300 69.86370 68.75050 67.19020 64.14880 60.89400 59.14190 58.46240 57.49140 57.78380 57.19670 56.19290 55.64810 54.61760 54.75330 56.17470 56.12940 55.72850 57.84650 62.82250 65.88860 66.65520 66.75260 66.82380 70.07300 70.59350 71.95460 77.51270 78.81960 81.09460 81.74120 82.53010 83.00520 84.96020 84.34280 82.23730 80.81840 77.99430 75.98960 75.71580 75.11920 76.94400 80.76210 85.12850
39.12380 39.74630 40.20690 40.00730 40.43980 41.45220 41.75780 40.33550 40.31540 39.32910 42.02040 42.64070 44.65520 46.14560 49.29480 47.30720 48.14740 50.99480 51.38360 53.48870 55.83820 62.33920 64.79880 67.85660 71.38440 69.45400 69.88120 73.35840 73.67760 71.64650 69.77450 67.07540 65.38180 61.82900 60.07490 59.31620 58.73830 58.76270 58.49520 57.37440 56.15180 55.74350 57.06850 58.51580 57.94650 56.61890 59.56600 62.43040 65.29510 67.71100 67.32230 66.09550 66.37570 67.49740 70.43980 77.99660 82.05790 81.52960 84.67870 84.22010 86.31400 87.54340 88.31090 85.09700 82.99230 81.07730 79.02200 78.05530 81.90320 84.79090 86.48070 89.38540
41.01940 41.67560 42.26070 43.82270 43.98100 42.33820 42.05280 41.42840 41.48880 39.64070 40.87310 43.43430 44.22350 45.01930 46.97630 50.10590 51.35570 51.85760 53.50090 54.44280 57.60550 60.18240 63.78910 64.28550 66.66930 72.09370 73.90380 72.88280 73.28800 72.76490 69.95950 67.70030 66.39060 61.26190 58.99770 58.59750 58.28340 58.12970 57.70000 58.70650 58.43540 58.84410 58.61670 58.32930 58.97730 57.42220 60.57320 63.41640 66.30920 68.50830 71.04480 67.57540 69.98970 72.34590 75.57380 83.00740 83.44270 86.49140 87.24230 83.74100 86.65480 88.47930 88.37720 89.90600 88.48010 88.33980 87.51510 87.82420 89.02030 91.59480 94.40190 95.46410
41.33690 41.75670 41.16530 43.80610 44.56450 44.55750 43.69980 42.43270 43.11340 40.55010 41.49930 44.54640 45.50680 47.97310 48.43930 51.43040 51.55880 54.85780 55.27110 57.01640 58.99240 60.64550 64.75930 64.89820 67.40730 72.29200 75.05500 74.61320 74.34610 73.66110 71.67640 70.19490 66.68770 63.03820 59.89240 58.96610 59.43300 60.28600 60.73930 61.08070 60.75720 60.89940 61.66520 61.25290 61.62520 59.29890 63.21670 67.67370 69.70500 73.17560 75.86220 74.31520 76.53850 81.12200 82.91580 90.20700 91.35550 91.55220 92.20870 88.53250 89.68980 91.54020 92.06480 97.52700 95.55770 97.23710 98.58240 94.69400 92.46760 96.29180 99.88450 104.09200
41.90490 45.08490 43.56500 43.61890 44.66360 45.52530 44.99440 43.89780 44.44510 43.96720 44.76350 45.45820 46.35760 50.08790 49.21840 52.35850 53.48750 55.22910 56.57110 57.87410 60.97170 63.59050 66.10100 67.78240 69.11170 72.43190 75.68810 78.25460 77.06490 72.01710 71.00190 71.64920 69.52270 65.70890 62.05300 61.96860 63.33520 61.65290 63.91910 63.17780 63.76710 64.58830 62.29260 61.59390 62.50700 62.51320 63.91960 63.48940 66.03090 69.40930 72.81890 78.85090 84.07640 88.83280 93.14410 102.57600 99.81800 96.57160 96.40730 94.92050 95.05120 99.68380 102.03800 102.74300 101.30400 102.64000 106.98300 106.15300 104.30100 103.65600 107.18000 113.70900
43.18280 46.59220 46.86790 47.40980 47.21300 49.06650 49.40730 47.44360 48.02510 47.78760 47.96660 48.17190 50.39120 51.99360 52.77170 55.52260 55.78750 55.37620 59.80910 60.78050 65.11080 67.55540 67.92340 68.95150 70.87020 73.26860 75.47850 76.68430 77.39320 76.81240 75.03370 75.48260 73.96030 70.53540 66.11480 66.51620 66.89950 65.89800 65.69220 66.44700 63.63120 65.88980 64.20080 60.04950 61.89740 63.71870 67.51480 68.84640 70.27250 -9999 -9999 79.28670 83.74170 84.75290 91.62040 102.38600 102.96500 100.64200 102.43500 101.54700 106.56200 112.17400 112.19400 111.96300 113.05100 114.18900 117.16500 116.41500 113.81700 114.78600 111.99100 120.52800
45.80940 47.00770 49.00440 49.72460 49.36340 50.10180 51.22820 52.07420 51.91460 49.62330 51.82760 52.70440 53.81800 56.30180 56.88310 56.97340 58.05010 59.10350 62.39210 67.29930 68.35340 70.61430 71.97610 72.38760 72.43280 73.74500 73.20310 75.10110 78.92890 80.23560 79.20390 76.51840 75.18250 76.49090 72.61750 72.75370 69.45180 67.56900 -9999 -9999 -9999 -9999 60.01330 -9999 67.38500 71.50010 71.92880 73.41670 71.71960 -9999 -9999 84.68370 86.46900 91.94040 93.61810 90.50920 95.42750 96.43560 100.68000 105.10500 108.52600 111.82800 113.93100 113.13000 119.33800 122.64700 123.39000 117.51600 118.35800 117.09200 114.28700 -9999
47.88390 51.33260 51.76650 51.53670 49.60260 54.43690 53.06470 52.30300 53.01410 51.00860 53.08340 54.34830 56.65170 60.09360 58.56680 59.30420 64.67350 67.58530 66.41690 71.48330 70.86070 75.90480 76.37840 75.40280 75.31810 73.58300 75.33200 77.47890 81.79980 85.35770 86.98940 84.27800 82.57820 83.12970 79.11240 76.25460 -9999 -9999 -9999 -9999 -9999 -9999 -9999 69.83430 72.50350 72.20470 -9999 -9999 -9999 -9999 -9999 77.93960 80.84870 94.90080 93.41170 93.67400 94.19620 93.79500 100.10600 101.96300 105.69400 112.64600 116.60700 113.59400 113.54800 122.35500 127.29500 121.84100 118.12300 -9999 -9999 -9999
