data/hydroclimate-scenarios/BCSD_hadcm_A1B/monthly_summaries/snodep_monthly_day1_dec.2070-2099.asc
ncols	311
nrows	91
xllcenter	102.75
yllcenter	31.75
cellsize	0.5
NODATA_value	-9999
[rows 0 to 31 of 91, columns 72 to 143 of 311]
-9999 -9999 -9999 -9999 -9999 -9999 -9999 -9999 -9999 -9999 -9999 -9999 -9999 -9999 -9999 -9999 -9999 -9999 -9999 -9999 -9999 -9999 -9999 -9999 -9999 -9999 -9999 -9999 -9999 -9999 -9999 -9999 -9999 -9999 -9999 -9999 -9999 -9999 -9999 -9999 -9999 -9999 -9999 -9999 -9999 -9999 -9999 -9999 -9999 -9999 -9999 -9999 -9999 -9999 -9999 -9999 -9999 -9999 -9999 -9999 -9999 -9999 -9999 -9999 -9999 -9999 -9999 -9999 -9999 -9999 -9999 -9999
-9999 -9999 -9999 -9999 -9999 -9999 -9999 -9999 -9999 -9999 -9999 -9999 -9999 -9999 -9999 -9999 -9999 -9999 -9999 -9999 -9999 -9999 -9999 -9999 -9999 -9999 -9999 -9999 -9999 -9999 -9999 -9999 -9999 -9999 -9999 -9999 -9999 -9999 -9999 -9999 -9999 -9999 -9999 -9999 -9999 -9999 -9999 -9999 -9999 -9999 -9999 -9999 -9999 -9999 -9999 -9999 -9999 -9999 -9999 -9999 -9999 -9999 -9999 -9999 -9999 -9999 -9999 -9999 -9999 -9999 -9999 -9999
-9999 -9999 -9999 -9999 -9999 -9999 -9999 -9999 -9999 -9999 -9999 -9999 -9999 -9999 -9999 -9999 -9999 -9999 -9999 -9999 -9999 -9999 -9999 -9999 -9999 -9999 -9999 -9999 -9999 -9999 -9999 -9999 -9999 -9999 -9999 -9999 -9999 -9999 -9999 -9999 -9999 -9999 -9999 -9999 -9999 -9999 -9999 -9999 -9999 -9999 -9999 -9999 -9999 -9999 -9999 -9999 -9999 -9999 -9999 -9999 -9999 -9999 -9999 -9999 -9999 -9999 -9999 -9999 -9999 -9999 -9999 -9999
-9999 -9999 -9999 -9999 -9999 -9999 -9999 -9999 -9999 -9999 -9999 -9999 -9999 -9999 -9999 -9999 -9999 -9999 -9999 -9999 -9999 -9999 -9999 -9999 -9999 -9999 -9999 -9999 -9999 -9999 -9999 -9999 -9999 -9999 -9999 -9999 -9999 -9999 -9999 -9999 -9999 -9999 -9999 -9999 -9999 -9999 -9999 -9999 -9999 -9999 -9999 -9999 -9999 -9999 -9999 -9999 -9999 -9999 -9999 -9999 -9999 -9999 -9999 -9999 -9999 -9999 -9999 -9999 -9999 -9999 -9999 -9999
-9999 -9999 -9999 -9999 -9999 -9999 -9999 -9999 -9999 -9999 -9999 -9999 -9999 -9999 -9999 -9999 -9999 -9999 -9999 -9999 -9999 -9999 -9999 -9999 -9999 -9999 -9999 -9999 -9999 -9999 -9999 -9999 -9999 -9999 -9999 -9999 -9999 -9999 -9999 -9999 -9999 -9999 -9999 -9999 -9999 -9999 -9999 -9999 -9999 -9999 -9999 -9999 -9999 -9999 -9999 -9999 -9999 -9999 -9999 -9999 -9999 -9999 -9999 -9999 -9999 -9999 -9999 -9999 -9999 -9999 -9999 -9999
-9999 -9999 -9999 -9999 -9999 -9999 -9999 -9999 -9999 -9999 -9999 -9999 -9999 -9999 -9999 -9999 -9999 -9999 -9999 -9999 -9999 -9999 -9999 -9999 -9999 -9999 -9999 -9999 -9999 -9999 -9999 -9999 -9999 -9999 -9999 -9999 -9999 -9999 -9999 -9999 -9999 -9999 -9999 -9999 -9999 -9999 -9999 -9999 -9999 -9999 -9999 -9999 -9999 -9999 -9999 -9999 -9999 -9999 -9999 -9999 -9999 -9999 -9999 -9999 -9999 -9999 -9999 -9999 -9999 -9999 -9999 -9999
-9999 -9999 -9999 -9999 -9999 -9999 -9999 -9999 -9999 -9999 -9999 -9999 -9999 -9999 -9999 -9999 -9999 -9999 -9999 -9999 -9999 -9999 -9999 -9999 -9999 -9999 -9999 -9999 -9999 -9999 -9999 -9999 -9999 -9999 -9999 -9999 -9999 -9999 -9999 -9999 -9999 -9999 -9999 -9999 -9999 -9999 -9999 -9999 -9999 -9999 -9999 -9999 -9999 -9999 -9999 -9999 -9999 -9999 -9999 -9999 -9999 -9999 -9999 -9999 -9999 -9999 -9999 -9999 -9999 -9999 -9999 -9999
-9999 -9999 -9999 -9999 -9999 -9999 -9999 -9999 -9999 -9999 -9999 -9999 -9999 -9999 -9999 -9999 -9999 -9999 -9999 -9999 -9999 -9999 -9999 -9999 -9999 -9999 -9999 -9999 -9999 -9999 -9999 -9999 -9999 -9999 -9999 -9999 -9999 -9999 -9999 -9999 -9999 -9999 -9999 -9999 -9999 -9999 -9999 -9999 -9999 -9999 -9999 -9999 -9999 -9999 -9999 -9999 -9999 -9999 -9999 -9999 -9999 -9999 -9999 -9999 -9999 -9999 -9999 -9999 -9999 -9999 -9999 -9999
-9999 -9999 -9999 -9999 -9999 24.66580 -9999 -9999 -9999 -9999 -9999 -9999 -9999 -9999 -9999 -9999 -9999 -9999 -9999 -9999 -9999 -9999 -9999 -9999 -9999 -9999 -9999 -9999 -9999 -9999 -9999 -9999 -9999 -9999 -9999 -9999 -9999 -9999 -9999 -9999 -9999 -9999 -9999 -9999 -9999 -9999 -9999 -9999 -9999 -9999 -9999 -9999 -9999 -9999 -9999 -9999 -9999 -9999 -9999 -9999 -9999 -9999 -9999 -9999 -9999 -9999 -9999 -9999 -9999 -9999 -9999 -9999
-9999 23.47330 22.33050 22.76190 23.05840 24.75350 27.04830 28.54400 29.93860 31.81850 32.94730 32.97600 33.80010 33.76720 33.40570 33.66430 33.69360 32.64480 32.31150 32.43250 31.84820 -9999 -9999 -9999 -9999 -9999 -9999 -9999 -9999 -9999 -9999 -9999 -9999 -9999 -9999 -9999 -9999 -9999 -9999 -9999 -9999 -9999 -9999 -9999 -9999 -9999 -9999 -9999 -9999 -9999 -9999 -9999 -9999 -9999 -9999 -9999 -9999 -9999 -9999 -9999 -9999 -9999 -9999 -9999 -9999 -9999 -9999 -9999 -9999 -9999 -9999 -9999
-9999 -9999 -9999 25.21050 26.85070 28.88740 30.30380 33.32380 34.91040 35.23410 36.50420 34.60820 36.38090 34.20270 34.87580 36.33860 35.94550 36.63460 36.25670 35.52520 34.71360 -9999 -9999 -9999 -9999 -9999 -9999 -9999 -9999 -9999 -9999 -9999 -9999 -9999 -9999 -9999 -9999 -9999 -9999 -9999 -9999 -9999 -9999 -9999 -9999 -9999 -9999 -9999 -9999 -9999 -9999 -9999 -9999 -9999 -9999 -9999 -9999 -9999 -9999 -9999 -9999 -9999 -9999 -9999 -9999 -9999 -9999 -9999 -9999 -9999 -9999 -9999
25.41430 25.27940 26.85580 27.36140 27.24190 31.02830 31.13870 34.07340 35.76680 36.28000 37.85310 36.26370 36.88120 35.99700 36.09770 37.14970 38.49720 38.66090 38.65000 37.46240 37.63880 34.62600 34.76030 35.70400 35.91350 33.36520 33.38370 -9999 -9999 -9999 -9999 -9999 -9999 -9999 -9999 -9999 -9999 -9999 -9999 -9999 -9999 -9999 -9999 -9999 -9999 -9999 -9999 -9999 -9999 -9999 -9999 -9999 -9999 -9999 -9999 -9999 -9999 -9999 -9999 -9999 -9999 -9999 -9999 -9999 -9999 -9999 -9999 -9999 -9999 -9999 -9999 -9999
28.66340 28.56970 28.59230 28.04280 30.43160 32.34930 34.07660 34.97710 36.76910 39.20890 39.28200 39.92430 41.39390 39.57900 41.18110 40.69930 40.62110 42.95690 42.76920 40.77280 39.61000 39.44840 38.61190 38.20220 36.47480 35.73270 35.22880 34.46330 33.47690 33.41120 33.45260 30.69160 29.58570 28.91140 28.46200 29.59370 28.98620 27.38780 26.51820 24.87030 24.41890 23.78180 -9999 -9999 -9999 -9999 -9999 -9999 -9999 -9999 -9999 -9999 -9999 -9999 -9999 -9999 -9999 -9999 -9999 -9999 -9999 -9999 -9999 -9999 -9999 -9999 -9999 -9999 -9999 -9999 -9999 -9999
28.73430 28.28560 28.57700 28.48770 30.38590 32.25190 33.52800 36.62360 37.00760 40.06850 41.57170 40.31820 42.14900 40.38940 41.60460 41.77050 42.08740 43.61880 43.42700 42.14740 41.16300 40.39200 39.97810 39.01430 38.34470 36.87020 36.73110 35.42690 35.04730 35.14560 34.66890 31.06030 29.38570 29.76860 28.52850 30.71430 30.08810 27.65750 25.94430 25.57370 25.47030 24.83810 24.52030 -9999 -9999 -9999 -9999 -9999 -9999 -9999 -9999 -9999 -9999 -9999 -9999 -9999 -9999 -9999 -9999 -9999 -9999 -9999 -9999 -9999 -9999 -9999 -9999 -9999 -9999 -9999 -9999 -9999
28.87420 27.88400 27.95330 29.14360 28.97110 31.75130 32.46220 35.78490 37.91250 39.15900 40.69160 42.17250 43.11800 42.79800 42.89030 45.61740 45.16700 41.62260 42.39330 42.78220 42.98710 42.98160 42.37370 40.12370 39.98980 39.06330 38.58760 38.74900 38.67750 38.18090 36.02160 32.99420 32.48990 31.50810 30.86070 32.77590 30.39210 29.63270 29.37380 27.09580 26.38940 26.59890 26.32850 -9999 -9999 -9999 -9999 -9999 -9999 -9999 -9999 -9999 -9999 -9999 -9999 -9999 -9999 -9999 23.33970 23.30600 -9999 -9999 -9999 -9999 25.25260 26.34990 27.29990 26.69230 26.04300 26.88640 27.34530 29.04600
27.75600 28.72360 27.75210 28.21090 29.95650 30.39060 32.52860 34.43140 36.29740 39.07410 40.89730 40.41060 42.65320 42.34240 41.20380 44.52210 43.69890 40.33050 39.92550 41.27000 41.81990 41.04340 39.59830 38.45310 39.01570 39.34820 39.62740 40.36960 39.44870 39.11970 37.89020 34.82140 33.76190 32.90470 32.13580 32.82920 32.55950 31.63130 31.25200 28.40470 28.17650 28.37760 28.05480 28.08620 27.76620 27.04630 27.44790 27.68040 28.35450 28.21260 27.83130 28.86840 29.53200 28.34130 28.36250 27.02300 26.75690 25.28730 26.43680 26.13610 -9999 -9999 -9999 -9999 -9999 27.56460 28.10780 28.99280 29.56990 30.36250 31.06140 34.82990
28.70150 29.28380 28.74470 29.50070 30.38450 31.58860 33.06520 36.00410 36.58000 35.11750 37.04250 39.13180 41.16090 39.67440 40.04860 39.09040 38.02990 35.55110 36.13090 36.28340 37.08290 36.66910 36.54970 39.05020 39.29280 39.19010 39.32040 39.69890 37.90520 36.16080 35.64590 34.16500 34.02190 33.77430 30.93970 32.95490 32.51270 30.81050 30.13330 29.59410 29.41920 28.89660 28.97320 30.19430 29.97810 28.79600 28.77460 29.69510 30.23450 30.09050 29.27830 30.44110 31.08920 31.42420 30.01190 29.17880 29.11430 29.92900 29.12950 29.95770 30.33290 31.73030 30.89820 29.89770 31.05550 30.18020 30.38300 31.11250 31.70260 32.26260 32.67160 36.09890
27.91460 29.04600 28.54550 28.74790 29.42090 30.92390 31.06750 35.54370 36.49550 34.43790 36.40660 38.23550 39.85340 38.31520 38.04010 37.18130 37.44250 34.16840 34.79750 35.47530 36.37880 36.87210 36.55840 37.67630 38.45180 37.45620 38.97700 38.98530 38.30290 36.50700 35.96290 34.12840 34.82830 33.67230 32.60780 34.71190 33.85660 32.26860 31.47590 30.67780 31.39440 31.77110 29.87940 29.73550 29.87020 29.61300 30.31800 30.14560 30.89770 30.00700 30.35560 31.34590 33.00930 32.71730 32.58690 31.27510 31.84790 32.29160 32.73230 32.07290 34.76260 35.87780 35.37350 32.78970 32.34150 31.32550 30.38340 31.02060 33.32220 34.66770 34.51020 39.48870
29.72560 27.49900 29.75990 28.97600 29.68190 31.93170 30.81650 31.22440 31.85260 32.98520 34.58680 34.00040 34.54960 36.91460 36.40350 37.39430 37.00540 36.92220 36.70530 36.47190 36.36130 37.43790 38.37130 37.65060 37.79360 37.42780 37.46080 38.74890 38.83440 38.75850 38.74360 38.16340 36.15290 36.37360 35.16770 33.12930 33.77470 34.46070 33.76530 30.84770 30.31810 32.28750 31.74470 31.21430 30.77220 29.13330 29.27910 28.12930 29.38120 31.78740 32.46790 33.07930 33.58470 33.07170 33.60850 31.34740 32.78970 33.71810 34.37560 37.42250 38.19880 37.78720 38.67190 41.18890 40.09910 38.02050 37.11050 34.32230 34.13770 36.05530 36.23410 37.71290
29.84790 28.69830 28.08380 29.19580 29.90740 29.49360 29.26530 30.34930 31.29230 32.05980 32.86650 32.49010 33.19390 35.66100 37.29100 36.09440 36.88250 36.81060 37.39030 35.72090 35.99680 38.03910 38.29470 38.50130 36.96720 36.66130 37.20270 36.44990 38.18180 39.43630 38.17960 38.05040 37.82290 38.54690 36.80030 35.42460 34.34680 35.47000 35.40090 32.02150 31.83570 31.43210 31.06160 32.33920 31.71160 29.49130 29.15240 27.97480 29.15040 31.69370 33.42340 33.30680 33.86950 34.63020 35.24190 33.87290 34.94020 34.18790 33.98770 37.36670 38.77320 38.13240 41.13670 43.09940 43.81310 42.35230 40.51850 36.62910 34.88510 36.62380 32.92510 35.53320
30.91340 28.44510 29.48710 29.67880 30.04280 29.32500 29.97370 30.59630 28.74780 28.54230 29.65980 29.76550 30.72330 32.91110 33.09260 37.55170 38.31790 41.73210 42.54530 33.65520 34.53530 35.09510 36.75590 37.74950 38.58290 38.73070 39.23870 38.60960 39.05380 39.09270 39.69850 39.66830 39.06470 38.69430 38.11530 36.00910 36.12660 34.32510 33.44000 31.65520 31.78160 32.08910 31.39030 33.76030 32.27650 30.43150 31.09020 29.33220 29.73210 30.37770 32.13140 32.02440 32.44600 32.77010 33.86770 32.42480 34.40740 32.76070 35.19930 39.10010 38.92010 40.78140 42.28200 41.27990 40.85540 40.91890 41.02980 36.09670 34.94140 33.45890 31.73790 32.82640
30.19990 30.08980 30.07000 30.59460 30.30350 29.96270 29.09800 29.69210 29.53030 27.93820 28.94380 29.19350 30.13870 32.12870 31.93240 35.91830 37.31460 39.74670 41.03350 34.35830 35.12400 35.18220 36.98590 38.85440 40.09630 41.64220 42.20170 41.16500 41.68620 40.64430 40.21500 40.04230 39.47240 39.50950 38.75870 37.54400 37.18350 34.62690 34.07500 32.57420 31.69660 32.75730 32.54630 34.61190 34.06490 33.05340 32.84190 30.98260 30.49940 33.19310 33.78120 34.42740 35.55640 34.83640 35.43150 34.92550 33.98250 33.71210 36.26340 39.41660 40.05280 43.25470 42.42740 42.86480 42.26050 42.03470 40.25430 35.39590 34.79800 31.80010 30.42710 32.66890
32.87920 31.26740 32.84600 30.71100 30.49180 30.70180 30.24110 30.58260 30.42780 31.12750 31.13500 31.15230 31.33640 33.15750 33.35530 31.64690 32.82290 32.45760 33.16300 36.89610 38.30120 38.19450 38.85480 42.07950 44.11310 44.54510 45.11740 44.18430 43.67830 42.36610 41.85440 41.30210 40.25980 39.06080 38.01540 35.95230 34.72300 35.06190 34.53420 34.49760 33.92380 34.23630 33.86050 33.07480 32.72610 32.61830 31.87970 32.69410 34.82950 34.86250 34.86760 36.62180 37.62270 38.08400 39.74000 35.80000 37.48270 37.10540 36.75770 38.64190 40.25670 40.90660 40.54470 40.42810 39.77290 37.59320 35.51640 36.78800 35.38620 33.16980 32.97770 33.54020
34.66070 32.27880 33.88040 32.59990 33.05400 31.08260 30.74950 32.08470 30.33740 31.54300 31.86130 32.14900 32.39900 32.37480 32.98710 32.44620 32.52630 31.84990 33.19430 35.71270 38.18300 37.50960 38.98620 43.23770 44.09550 44.82500 45.70320 43.42200 43.20720 43.88380 43.09010 42.24040 40.78510 39.07620 37.55260 36.12270 35.35430 35.02280 34.82100 36.19810 35.74340 35.16290 34.73210 32.31530 31.74980 31.83930 32.69610 34.04530 35.28770 36.05050 36.10980 36.55530 37.53390 40.11230 40.91570 36.94060 37.66260 36.82770 37.07490 37.84840 39.37070 40.84270 42.26750 39.76320 37.42270 36.24310 34.34210 34.93920 34.78410 34.05310 32.90760 31.69420
33.19320 33.23810 32.43400 32.35820 32.75880 31.54600 31.08740 30.56820 29.79170 28.95890 31.23480 31.36910 31.92070 33.47380 33.82140 33.74580 32.58790 32.49460 32.21800 35.57380 36.98160 38.16530 38.90620 41.77400 43.35990 42.17450 44.12280 44.48500 44.49920 42.91500 41.71460 42.69620 40.44400 39.76690 38.37870 35.72060 35.56830 33.62570 33.62660 35.49340 34.85730 33.21450 32.14130 30.13320 29.10480 31.62220 32.36840 33.06900 35.45670 35.75740 34.03730 36.58020 37.62080 38.58590 39.53940 35.04980 35.11230 37.88420 37.22600 39.85370 39.95650 40.09830 39.61380 39.78730 38.51710 35.38300 34.47880 36.58350 33.90780 33.27050 31.90990 32.61790
34.16540 33.74180 33.79320 32.75490 32.99310 32.05560 30.80130 30.27840 29.22490 29.82770 31.13740 30.70530 31.88200 32.91040 34.17300 32.91060 32.97750 33.99900 32.75770 35.06200 37.16830 38.26790 39.27280 41.12210 43.21010 43.14160 43.57480 44.10280 44.56730 42.68750 41.61960 41.56080 40.87640 38.80550 37.52700 34.83550 35.00200 33.11090 33.06860 35.20430 33.67840 32.53360 32.76160 32.55100 30.35480 31.01030 31.67310 31.18020 32.88630 33.70150 31.52500 33.13680 32.40520 33.63220 34.98920 31.82280 34.14450 34.08900 36.83210 38.32910 39.95480 39.66570 39.97800 39.69860 38.47350 34.79400 33.70230 35.25630 36.80050 36.64870 34.27880 33.57870
36.86000 35.34140 35.22970 35.11400 33.80090 31.42000 31.88440 31.30630 30.58490 30.54100 31.12390 33.99040 33.41510 32.92770 33.77220 35.46690 35.46310 35.33650 36.52680 35.64680 36.47450 38.35260 39.62160 39.89090 40.71520 40.75660 42.43290 42.82510 43.12760 41.41530 40.61560 38.58230 38.18880 36.66430 34.14830 33.70080 34.33870 31.57130 31.09100 32.43000 32.47000 32.60040 31.04630 29.84200 29.40380 30.21120 31.38680 30.84600 32.74760 33.57370 34.25260 34.26640 34.61050 34.83590 35.68490 35.70530 34.21480 32.39350 32.37200 34.73480 37.43420 40.06850 41.26500 40.25160 38.93310 40.85960 39.88000 40.06310 40.64840 39.62120 37.99700 38.17700
37.26120 35.44050 35.22710 36.20670 34.56970 33.04610 32.80610 33.11450 31.95240 30.82920 31.32270 33.16260 35.17010 34.53120 34.24700 36.05940 36.20100 36.95890 37.48940 36.78460 37.58380 38.88800 41.39160 40.59890 41.40530 41.46530 42.05680 43.87400 42.92920 42.37730 40.34490 39.94950 38.31290 37.20100 34.70380 33.41240 33.66660 32.27020 32.19110 32.49810 32.41100 31.33750 31.64380 29.62700 29.74770 28.72190 30.66580 31.58440 32.29820 32.13620 32.79590 33.95540 33.02000 34.82520 34.07740 33.88730 33.69620 31.26290 31.76700 34.58650 36.92880 40.09020 41.40400 43.51360 42.73730 45.98660 44.63180 41.75440 37.68250 37.99910 37.34470 40.00870
36.42560 37.89910 37.49150 35.94160 35.27800 34.25330 33.85680 32.68860 32.45530 32.69510 33.31870 33.81220 34.40430 35.31310 35.67810 35.95780 35.43980 37.17630 37.80040 39.08060 40.48110 41.45900 43.10020 42.45840 42.11290 41.31930 42.79500 42.65320 41.92710 38.68700 38.18800 40.93950 39.02690 34.86880 33.32180 32.65400 33.33200 33.66900 34.96080 33.39240 32.84150 33.77460 29.85300 28.08530 27.65310 26.38250 25.53450 25.36680 25.39720 25.97060 26.10220 29.95010 31.80910 32.87150 33.75410 33.27120 31.55530 33.07650 34.15390 35.56380 36.85830 41.29140 44.94080 44.41430 43.18240 45.88870 45.78880 43.71010 41.52200 39.38720 38.77280 41.62120
36.31120 37.71720 37.30570 37.90100 37.64430 35.35130 35.76100 34.19910 34.21130 35.06070 35.08990 34.51000 36.82280 36.50810 36.19240 36.93210 36.35410 36.12380 38.85780 39.43540 42.06400 44.68420 44.55510 43.68470 43.14430 42.34480 42.85190 42.04630 42.87260 41.31430 39.83190 42.63210 41.52630 38.29660 35.06690 34.96870 35.09400 35.14120 35.02570 34.16040 29.54370 31.57370 28.53900 23.99450 24.25250 25.35600 26.96520 28.10920 26.97800 -9999 -9999 28.58890 28.55150 27.08900 30.81220 30.54980 30.51690 32.83110 36.19550 37.56460 42.51240 47.15260 48.02210 47.32770 47.14330 48.58690 50.92570 48.16100 44.23130 42.54880 38.07860 41.90070
37.30380 38.91710 39.75960 37.57870 36.46200 35.67350 34.50180 34.41620 34.84630 35.67250 35.05190 35.69130 35.50490 35.27770 34.65860 35.44000 36.67100 37.25440 39.23180 42.02520 43.50410 46.25130 47.99260 46.56240 45.20570 43.04210 41.91710 43.87830 44.83280 43.98480 42.06250 41.61840 41.95230 42.56640 40.15950 39.82180 36.09930 32.68310 -9999 -9999 -9999 -9999 25.99380 -9999 30.09890 37.49080 34.92360 31.12580 27.35790 -9999 -9999 31.92630 31.11440 32.36820 33.00120 30.19550 33.30050 35.53300 40.08730 43.17890 45.71990 48.30820 49.94380 47.48920 52.88570 50.50350 50.53840 48.71600 46.18790 43.01590 37.97020 -9999
37.93910 40.50890 40.58760 37.22320 34.50420 35.31930 33.96640 34.02630 34.13460 33.94630 35.01670 34.74080 35.17470 35.26510 33.31040 35.95100 38.86160 40.71760 40.79180 43.97970 44.06680 47.64730 48.37250 47.55730 46.76510 43.18420 43.33350 44.91790 47.08400 46.22360 47.19210 46.95740 45.68880 46.65780 42.94500 40.07300 -9999 -9999 -9999 -9999 -9999 -9999 -9999 32.52530 33.89770 35.82810 -9999 -9999 -9999 -9999 -9999 28.07450 28.83580 36.09370 34.29880 35.91420 35.28660 34.54990 39.96940 39.11120 41.58890 46.03370 48.73500 46.04880 45.06050 47.03440 50.41600 49.42180 43.35670 -9999 -9999 -9999
