data/hydroclimate-scenarios/BCSD_hadcm_A1B/monthly_summaries/snodep_monthly_day1_may.2030-2059.asc
ncols	311
nrows	91
xllcenter	102.75
yllcenter	31.75
cellsize	0.5
NODATA_value	-9999
[rows 32 to 63 of 91, columns 0 to 71 of 311]
-9999 -9999 -9999 -9999 -9999 -9999 -9999 -9999 -9999 -9999 -9999 32.68760 34.05020 33.95950 36.50690 39.28430 42.00780 41.11900 44.09870 46.78990 47.25790 42.89870 38.91500 37.00890 33.79300 33.03100 31.10430 28.21980 25.18550 19.92310 20.26090 18.58840 18.32150 18.71200 21.12770 17.25340 19.40730 21.71340 23.70780 28.60380 29.17650 29.81380 30.62930 31.68540 30.99980 30.26950 31.55040 31.34470 31.86070 29.15780 26.76840 26.88550 25.84130 27.18780 24.63410 22.31630 21.09400 18.88610 17.11700 23.51930 23.45670 23.23970 22.41850 18.02320 17.86510 19.60060 25.38200 27.98310 32.78130 37.84850 36.23920 45.71910
-9999 -9999 -9999 -9999 -9999 -9999 -9999 -9999 -9999 -9999 -9999 35.69890 36.63910 35.21020 36.33700 38.05380 39.08800 40.40910 42.18670 42.85390 43.01490 40.45510 36.61680 35.09220 35.11940 34.63470 33.60260 28.23570 22.44910 14.77640 13.04380 15.42430 16.11380 14.61570 15.43110 12.04640 16.57910 20.45830 22.70300 32.42850 30.63810 35.46660 33.94760 34.51100 37.44000 37.20350 38.03910 34.57690 33.61760 30.22560 27.82740 25.51140 23.97130 22.18070 20.24970 20.13870 20.62250 19.85860 20.09650 24.56110 24.61810 24.54560 20.65790 19.44770 22.45560 26.67610 25.58630 26.47210 29.95260 36.25880 34.29300 46.95570
-9999 -9999 -9999 -9999 -9999 -9999 -9999 -9999 -9999 -9999 -9999 -9999 35.13900 32.88770 32.73680 34.33940 36.72050 37.05180 37.13040 37.42280 38.85550 38.24810 40.10910 39.71760 38.25420 40.06380 35.57670 32.64920 24.72750 19.71130 17.01660 10.30010 10.46160 10.69940 10.89890 12.24330 18.44980 21.55290 23.32970 28.41690 32.07610 36.19130 36.71920 34.75570 37.57490 39.82890 38.33070 34.48590 33.17050 31.37520 26.05120 28.02570 27.15320 21.22590 17.13170 15.18590 14.76850 17.71560 20.40960 16.61070 14.13490 16.97190 18.71550 23.13210 22.41210 24.00670 23.86090 29.18630 36.81580 39.65680 32.67940 39.79540
-9999 -9999 -9999 -9999 -9999 -9999 -9999 -9999 -9999 -9999 -9999 -9999 29.38760 28.68820 31.44660 30.73520 30.26760 32.21980 33.69530 35.57900 36.40770 44.81700 44.48710 41.69530 41.78030 33.30190 26.36210 29.79620 21.73450 20.18180 19.66860 14.13890 6.28658 5.65689 7.48885 9.26998 12.39990 17.04890 19.17800 25.77820 30.06310 35.92300 36.00650 37.27290 37.23060 39.13150 37.81890 35.81310 32.08880 34.06740 31.81510 23.77160 21.78940 15.10110 13.01450 12.10500 11.21410 12.50230 15.81340 17.73190 16.82640 25.96680 27.50450 27.21880 25.46940 19.56550 24.44460 25.23970 30.31240 34.22070 38.53960 39.27150
-9999 -9999 -9999 -9999 -9999 -9999 -9999 -9999 -9999 -9999 -9999 -9999 26.90560 21.69560 20.40550 25.86990 28.30720 29.23390 33.85120 38.16010 42.19260 43.56060 41.29360 39.43330 33.62280 32.53480 26.24340 19.01320 19.00390 13.08350 9.36226 4.89927 7.24930 8.07272 6.24977 6.19485 7.66399 15.48450 16.80410 21.23910 29.86960 38.85640 37.65110 40.27820 41.87990 48.18770 46.92770 46.88800 43.58800 32.41610 28.05720 27.74960 20.95860 18.88030 17.70280 19.57020 17.69230 17.70420 19.99610 23.29960 22.68600 29.43170 27.76580 22.88080 23.84100 23.55510 26.98630 26.96420 35.92120 36.30020 37.42950 40.39830
-9999 -9999 -9999 27.49910 27.74120 25.52110 23.40590 24.51310 25.23940 -9999 25.39290 26.73630 22.79860 17.14140 17.46880 20.65470 23.52790 22.46380 31.03340 35.49510 36.11790 34.81310 30.99220 29.89160 27.36840 24.01690 17.87110 19.00300 15.65660 13.68080 9.89691 3.77909 4.43476 7.94241 5.79435 6.42120 8.84568 15.64340 17.31220 18.52740 23.22270 32.03810 32.31870 36.35600 43.72260 50.71490 54.34380 44.52590 40.10770 34.37440 32.83580 32.28080 30.40040 30.82150 26.05110 31.43070 32.96530 19.43080 27.08580 19.58220 20.60770 27.54760 27.20380 29.54260 25.38120 24.74210 30.26820 33.85020 37.12270 39.14960 41.93750 46.13970
-9999 -9999 -9999 19.91640 18.84150 19.81640 22.03630 21.23330 21.02340 20.72110 19.87940 17.52970 20.70740 17.43140 20.85600 21.04820 24.26450 21.52190 22.62000 23.72360 21.93280 26.78120 20.46500 18.67010 21.33560 17.07800 16.56310 12.73720 12.91520 14.01060 8.82755 6.37258 6.80556 6.62976 5.58367 9.88071 7.67195 16.30730 13.02760 26.89940 29.05760 29.76570 32.05590 39.71300 45.80570 52.21490 52.63440 40.36550 45.35310 42.56190 40.86480 34.61420 37.54280 33.12900 23.82810 27.63340 21.78160 20.53990 26.30430 26.04340 23.83760 27.06900 28.22050 32.16470 34.92920 24.53940 28.16590 27.09910 33.58130 40.45540 48.73240 46.29400
-9999 -9999 -9999 9.74054 11.47880 15.03260 19.26400 18.27050 14.39970 12.63070 14.83080 16.13620 19.52690 19.79490 24.78740 18.68420 25.66720 21.04040 15.54270 16.01630 16.82780 20.72630 16.55480 20.20570 21.58400 14.92430 13.48130 12.16250 8.80430 12.65820 16.54780 10.50000 6.90726 4.66602 6.67428 7.06786 7.22983 7.43886 7.07385 15.43100 20.76230 27.36340 30.84210 35.66310 34.59830 39.76490 42.29010 44.24650 41.20810 41.63040 42.19580 28.63740 28.39560 25.43110 20.66020 20.93540 19.39550 19.14120 23.74920 24.58280 20.78240 22.33750 21.79140 31.80100 32.16820 31.92550 32.84450 35.15150 48.41700 53.52350 61.21180 52.07320
-9999 -9999 -9999 7.85151 4.17454 13.71280 14.26730 15.88450 13.04290 12.39110 11.12170 9.73754 16.64070 21.54970 22.14000 16.04560 20.05450 19.89170 17.13440 13.33670 13.86850 19.89220 22.17690 18.85900 15.52860 11.17870 6.83257 3.14218 6.00556 12.95600 11.06900 1.67523 4.13992 5.83217 7.64918 10.60540 5.71708 3.28871 6.81324 7.28315 10.23350 25.52700 34.26880 36.77140 28.04240 39.14780 42.60820 32.07400 39.33900 33.93160 37.78470 30.51760 29.35660 28.98410 23.91910 21.73590 21.11380 22.75030 25.87600 30.03330 37.14780 30.03000 29.30170 32.28060 36.85150 41.18150 46.47550 47.19100 61.04640 65.70090 57.73590 45.57370
-9999 -9999 -9999 2.94651 1.97309 9.08972 9.04212 9.06550 12.71550 9.49875 3.99475 10.84280 15.44770 20.59800 24.77500 17.91120 17.65050 15.48640 11.44040 6.75030 9.71508 9.42280 13.52190 9.06645 6.65646 5.14526 2.67963 0.80001 3.72869 6.86669 4.97300 1.92449 2.26102 1.41615 0.83339 2.44057 3.38554 2.72410 2.98881 4.75373 8.25280 17.08950 21.50870 23.39170 22.12320 23.98650 25.40900 23.81320 26.31520 27.40040 27.98740 17.75770 22.17740 27.57220 17.55000 25.26180 16.45960 16.02550 20.60120 34.32040 33.73320 31.41500 30.63010 42.55030 45.93230 41.33160 48.45340 58.75220 65.85010 55.42180 41.46250 -9999
-9999 -9999 -9999 -9999 5.13865 9.09448 8.07131 11.73110 11.59720 8.51057 4.17764 9.28778 22.88990 14.60320 -9999 -9999 -9999 -9999 -9999 13.82430 9.35322 5.23244 6.41565 7.57532 3.71029 1.86808 0.24476 0.50804 0.78011 0.30009 0.27375 0.45668 0.31192 0.26858 0.23713 0.03849 0.18460 0.01783 0.08406 0.80116 0.58961 2.51755 5.74686 10.48740 11.53540 10.53970 12.87130 19.18860 16.79340 12.29290 16.17580 15.54480 11.07110 18.50270 20.25690 23.79730 26.01380 26.81580 27.27190 26.74700 32.86760 37.17260 42.25450 42.25340 45.76060 51.07650 50.35380 44.75800 39.33280 -9999 -9999 -9999
-9999 -9999 1.95049 3.54478 4.87999 4.64281 5.49046 11.54250 5.84007 5.65808 3.14780 8.57411 20.96490 -9999 -9999 -9999 -9999 -9999 16.82210 7.22390 5.57223 1.06515 0.93536 1.46485 1.54134 0.97180 0.08705 0.00108 0.00230 0.00613 0.00317 0.00097 0.00086 0.15886 0.13069 0.01046 0.02180 0.01055 0.00688 0.02639 0.31005 0.83622 1.77441 1.45162 1.02872 1.70875 3.85643 3.73604 2.39078 1.75568 2.06692 2.65994 6.43899 5.54924 11.62140 8.06109 13.64000 21.70210 23.21500 14.58050 18.79730 23.20340 29.86000 35.98570 36.03470 37.39310 31.69040 -9999 -9999 -9999 -9999 -9999
-9999 -9999 1.76055 2.19618 1.48491 1.35216 1.22049 4.28158 2.56896 2.18007 4.19691 10.69990 11.34760 -9999 -9999 -9999 -9999 6.69956 8.78156 1.90511 1.12816 0.01678 0.03423 0.05252 0.01145 0.03009 0.02722 0.00585 0.00273 0.00002 0.00031 0.06099 0.00008 0.01065 0.07613 0.01147 0.01513 0.00312 0.00731 0.26038 0.10637 0.08802 0.49865 0.12006 0.69541 0.94502 0.61174 1.40551 0.36231 0.32898 0.28078 0.28181 0.37287 0.94507 0.86421 0.93654 2.14007 10.34260 15.11460 14.10820 13.50260 23.20370 19.76940 17.90790 15.18540 -9999 -9999 -9999 -9999 -9999 38.51870 -9999
-9999 -9999 1.08693 2.84697 2.09261 1.38939 0.74901 0.98331 1.52914 2.36586 6.46243 10.69480 0.00000 -9999 -9999 -9999 -9999 9.27925 3.47200 0.77983 0.42389 0.00118 0.00000 0.00258 0.00361 0.02200 0.06251 0.00179 0.00281 0.00006 0.00016 0.00175 0.00447 0.07171 0.01323 0.01020 0.00929 0.00132 0.01515 0.01300 0.00727 0.00000 0.00000 0.01579 0.01077 1.29523 0.92925 1.28242 0.74872 0.54810 0.21096 0.25617 0.22548 0.57822 1.07827 0.77696 0.91110 4.82849 6.44824 8.22942 4.53327 3.59831 3.93635 9.97362 21.94900 30.35350 15.55620 28.19390 26.66310 -9999 -9999 -9999
-9999 -9999 -9999 1.10220 1.06903 0.43964 0.12048 0.30090 0.80400 1.81979 2.86855 0.33686 -9999 -9999 -9999 -9999 6.95060 4.67727 0.50295 0.14220 0.06278 0.48436 0.52336 0.14723 0.14531 0.01854 0.01803 0.01346 0.01242 0.44949 0.39944 0.05117 0.03445 0.02450 0.02439 0.00002 0.00002 0.00000 0.00000 0.00000 0.00000 0.00000 0.00000 0.00000 0.00000 0.00020 0.00000 0.00139 0.00188 0.01001 0.20226 0.86691 0.59238 1.49402 3.34191 3.54869 3.34710 9.23383 9.94675 5.94436 4.55034 6.39963 15.46170 37.00280 51.49150 21.71850 10.20250 14.33780 12.09490 16.47860 -9999 -9999
-9999 -9999 -9999 -9999 0.11923 0.01483 0.00164 0.62242 1.98221 0.38491 0.00000 -9999 -9999 -9999 -9999 7.10109 3.16881 0.23846 0.07410 0.03902 0.00723 0.42545 0.46237 0.22120 0.20876 0.01298 0.00570 0.00350 0.01535 0.07581 0.17238 0.01308 0.00969 0.01406 0.03936 0.00000 0.00000 0.00000 0.00000 0.00000 0.00000 0.00000 0.00000 0.00000 0.00000 0.00000 0.00000 0.00000 0.00000 0.00000 0.00000 0.03940 0.15630 0.45461 0.26724 0.33378 0.64674 4.49836 5.33876 3.83376 7.93689 15.54380 15.81880 13.71650 25.28180 14.28980 4.51084 4.19734 11.24210 12.24910 13.60510 21.02300
-9999 -9999 -9999 -9999 -9999 -9999 0.31779 0.00000 0.00000 0.00000 0.00000 -9999 -9999 -9999 -9999 -9999 0.32607 0.00114 0.00111 0.01006 0.01505 0.11436 0.43067 0.00444 0.00350 0.03731 0.02681 0.00000 0.00000 0.00804 0.03160 0.06099 0.03229 0.30043 0.31382 0.00022 0.00034 0.00000 0.00005 0.08840 0.11582 0.19331 0.20497 0.00000 0.00000 0.00000 0.00000 0.03276 0.03348 0.00189 0.00443 0.00000 0.00000 0.00000 0.00000 0.24987 0.47873 1.88329 2.23386 4.95885 6.66932 9.35851 12.58280 18.25300 28.54090 17.60320 5.48287 0.50262 2.05525 6.89873 14.34070 18.84300
-9999 -9999 -9999 -9999 -9999 -9999 -9999 -9999 -9999 -9999 -9999 -9999 -9999 -9999 -9999 -9999 -9999 -9999 -9999 0.01756 0.01167 0.19385 0.26629 0.00034 0.00008 0.01059 0.02907 0.00000 0.00000 0.00350 0.00238 0.02054 0.05451 0.19446 0.23325 0.00021 0.00021 0.00000 0.00000 0.12172 0.18624 0.15506 0.12314 0.00000 0.00000 0.00000 0.00000 0.02536 0.03343 0.00251 0.00374 0.00000 0.00000 0.00000 0.00000 0.13981 0.43683 0.53370 1.20908 2.94936 7.78371 7.22232 9.60238 17.15790 22.21830 7.79126 1.85555 0.28232 0.91779 9.39115 16.08060 21.76940
-9999 -9999 -9999 -9999 -9999 -9999 -9999 -9999 -9999 -9999 -9999 -9999 -9999 -9999 -9999 -9999 -9999 -9999 0.00000 0.00000 0.00000 0.00000 0.00000 0.00000 0.00000 0.00000 0.00000 0.00000 0.00000 0.00027 0.00043 0.00504 0.01143 0.00719 0.00321 0.02990 0.03065 0.02173 0.05365 0.07953 0.08479 0.06130 0.06212 0.04055 0.03185 0.21959 0.16609 0.11837 0.12488 0.00179 0.00225 0.00174 0.00197 0.00000 0.00000 0.00623 0.20723 1.37146 1.94569 0.32091 0.51770 0.68035 2.52243 7.46964 10.52460 3.58760 1.45884 0.02478 0.25214 2.43237 6.91785 29.61550
-9999 -9999 -9999 -9999 -9999 -9999 -9999 -9999 -9999 -9999 -9999 -9999 -9999 -9999 -9999 -9999 -9999 0.00000 0.00000 0.00000 0.00000 0.00000 0.00000 0.00000 0.00000 0.00000 0.00000 0.00000 0.00000 0.00043 0.00100 0.01364 0.01030 0.01026 0.00798 0.01947 0.08260 0.06332 0.02586 0.03337 0.04529 0.06058 0.06428 0.03140 0.01665 0.19354 0.19349 0.20267 0.16391 0.00563 0.00952 0.00575 0.00820 0.00004 0.00003 0.00884 0.25639 1.22546 1.56673 0.47777 0.07296 0.30879 5.92423 11.32830 4.19921 2.27941 1.97204 0.02985 0.00305 1.82215 10.53100 16.96680
-9999 -9999 -9999 -9999 -9999 -9999 -9999 -9999 -9999 -9999 -9999 -9999 -9999 -9999 -9999 -9999 -9999 0.00000 0.00000 0.00067 0.00016 0.00019 0.00000 0.00000 0.00000 0.00000 0.00000 0.00000 0.00000 0.00000 0.00000 0.00079 0.00077 0.00141 0.00535 0.00078 0.00314 0.00322 0.00699 0.02619 0.01719 0.00732 0.00160 0.00000 0.00000 0.05344 0.02946 0.26577 0.26717 0.04268 0.00333 0.01230 0.01496 0.00293 0.00181 0.04094 0.91131 1.65860 1.07765 0.80830 1.33608 3.12477 3.86881 5.42487 11.73380 5.07182 2.64530 4.49138 0.32869 0.50746 0.53248 14.07700
-9999 -9999 -9999 -9999 -9999 -9999 -9999 -9999 -9999 -9999 -9999 -9999 -9999 -9999 -9999 -9999 0.17772 0.00000 0.00000 0.00074 0.00052 0.00000 0.00000 0.00000 0.00000 0.00000 0.00000 0.00000 0.00000 0.00000 0.00000 0.00000 0.00000 0.00000 0.00000 0.00109 0.00869 0.00174 0.00188 0.02679 0.01939 0.00063 0.00082 0.00000 0.00000 0.02039 0.01576 0.30308 0.31122 0.07650 0.06622 0.01449 0.01670 0.00350 0.00295 0.02991 0.05324 0.68079 0.76702 1.07086 0.93205 1.14705 3.94058 10.47840 7.58271 5.31920 3.02121 1.70312 0.00000 0.00890 0.48119 10.94230
-9999 -9999 -9999 -9999 -9999 -9999 -9999 -9999 -9999 -9999 -9999 -9999 -9999 0.13021 0.19515 0.00001 0.00004 0.13037 0.01443 0.00013 0.00000 0.00368 0.00000 0.00000 0.00000 0.00000 0.00000 0.00000 0.00000 0.00000 0.00000 0.00000 0.00000 0.00000 0.00000 0.00000 0.00000 0.00000 0.00000 0.00000 0.00000 0.00000 0.00000 0.00000 0.00000 0.10587 0.11858 0.00000 0.00000 0.00000 0.00000 0.00000 0.00000 0.00000 0.00000 0.00000 0.00496 0.01937 0.01721 0.02697 0.05695 0.05926 0.20266 1.14239 0.73350 0.01189 0.01754 0.03002 0.13348 0.78886 4.58901 18.15740
-9999 -9999 -9999 -9999 -9999 -9999 -9999 -9999 -9999 -9999 -9999 -9999 0.04221 0.09868 0.13906 0.00000 0.00000 0.00173 0.00220 0.00000 0.00000 0.00000 0.00000 0.00000 0.00000 0.00000 0.00000 0.00000 0.00000 0.00000 0.00000 0.00000 0.00000 0.00000 0.00000 0.00000 0.00000 0.00000 0.00000 0.00000 0.00000 0.00000 0.00000 0.00000 0.00000 0.09722 0.13273 0.00000 0.00000 0.00000 0.00000 0.00000 0.00000 0.00000 0.00000 0.00000 0.00000 0.00543 0.04780 0.11816 0.06408 0.00039 0.01287 0.10536 0.01410 0.01053 0.01400 0.03113 0.14823 3.16448 11.84580 14.08800
-9999 -9999 -9999 -9999 -9999 -9999 -9999 -9999 -9999 -9999 -9999 0.02207 0.01041 1.05291 0.70286 0.00000 0.00000 0.00000 0.00000 0.00000 0.00000 0.00000 0.00000 0.00000 0.00000 0.00734 0.00601 0.00000 0.00000 0.00000 0.00000 0.00000 0.00000 0.00000 0.00000 0.00000 0.00000 0.00000 0.00000 0.00000 0.00000 0.00000 0.00000 0.00000 0.00000 0.00000 0.00000 0.00000 0.00000 0.00000 0.00000 0.00000 0.00000 0.00000 0.00000 0.00000 0.00000 0.00000 0.00000 0.00000 0.00000 0.00008 0.00097 0.00931 0.00939 0.01523 0.03365 0.02110 0.48382 4.82059 18.81210 37.27850
-9999 -9999 -9999 -9999 -9999 -9999 -9999 -9999 -9999 -9999 0.03110 0.01930 0.00634 1.01516 0.63008 0.00000 0.00000 0.00000 0.00000 0.00000 0.00000 0.00000 0.00000 0.00000 0.00000 0.00323 0.00349 0.00000 0.00000 0.00000 0.00000 0.00000 0.00000 0.00000 0.00000 0.00000 0.00000 0.00000 0.00000 0.00000 0.00000 0.00000 0.00000 0.00000 0.00000 0.00000 0.00000 0.00000 0.00000 0.00000 0.00000 0.00000 0.00000 0.00000 0.00000 0.00035 0.00010 0.00025 0.00000 0.00000 0.00000 0.00000 0.00000 0.01045 0.00701 0.01399 0.03299 0.02005 1.34730 11.44080 27.13940 22.50630
-9999 -9999 -9999 -9999 -9999 -9999 -9999 -9999 -9999 0.00000 0.00000 0.00392 0.00466 0.01390 0.00643 0.16592 0.09027 0.00000 0.00000 0.00000 0.00000 0.00000 0.00000 0.00000 0.00000 0.00000 0.00000 0.00000 0.00000 0.00000 0.00000 0.00000 0.00000 0.00323 0.00572 0.00000 0.00000 0.00000 0.00000 0.00000 0.00000 0.00000 0.00000 0.00000 0.00000 0.00000 0.00000 0.00000 0.00000 0.00000 0.00000 0.00000 0.00045 0.00000 0.00000 0.00000 0.00000 0.00000 0.00000 0.00000 0.00000 0.00000 0.00000 0.00000 0.00000 0.00000 0.00000 0.38919 5.30363 15.97760 16.60690 18.54480
-9999 -9999 -9999 -9999 -9999 -9999 -9999 -9999 -9999 -9999 0.00000 0.00202 0.00132 0.00426 0.00000 0.02361 0.02258 0.00000 0.00000 0.00000 0.00000 0.00000 0.00000 -9999 -9999 -9999 -9999 -9999 -9999 0.00000 0.00000 0.00000 0.00000 0.00357 0.00606 0.00000 0.00000 0.00000 0.00000 0.00000 0.00000 0.00000 0.00000 0.00000 0.00000 0.00000 0.00000 0.00000 0.00000 0.00000 0.00000 0.00000 0.00000 0.00000 0.00000 0.00000 0.00000 0.00000 0.00000 0.00000 0.00000 0.00000 0.00000 0.00000 0.00000 0.00000 0.02151 1.77696 21.79050 24.13780 30.89850 17.66510
-9999 -9999 -9999 -9999 -9999 -9999 -9999 -9999 -9999 -9999 -9999 -9999 0.05827 0.00000 0.00000 0.00000 0.00000 0.00000 0.00000 -9999 -9999 -9999 -9999 -9999 -9999 -9999 -9999 -9999 -9999 -9999 -9999 -9999 -9999 0.00000 0.03216 0.00000 0.00000 0.00000 0.00000 0.00000 0.00000 0.00000 0.00000 0.00000 0.00000 0.00000 0.00000 0.00000 0.00000 0.00000 0.00000 0.00067 0.00039 0.00000 0.00000 0.00000 0.00000 0.00000 0.00000 0.00000 0.00000 0.00000 0.00000 0.00000 0.00000 0.00197 0.34108 2.83306 13.55770 7.16582 8.91195 5.96240
-9999 -9999 -9999 -9999 -9999 -9999 -9999 -9999 -9999 -9999 -9999 -9999 -9999 -9999 -9999 -9999 -9999 -9999 -9999 -9999 -9999 -9999 -9999 -9999 -9999 -9999 -9999 -9999 -9999 -9999 -9999 -9999 -9999 -9999 0.00000 0.00000 0.00000 0.00000 0.00000 0.00000 0.00000 0.00000 0.00000 0.00000 0.00000 0.00000 0.00000 0.00000 0.00000 0.00000 0.00000 0.00052 0.00231 0.00000 0.00000 0.00000 0.00000 0.00000 0.00000 0.00000 0.00000 0.00000 0.00000 0.00000 0.00000 0.01408 0.56355 2.77576 13.80900 7.25400 4.74971 -9999
-9999 -9999 -9999 -9999 -9999 -9999 -9999 -9999 -9999 -9999 -9999 -9999 -9999 -9999 -9999 -9999 -9999 -9999 -9999 -9999 -9999 -9999 -9999 -9999 -9999 -9999 -9999 -9999 -9999 -9999 -9999 -9999 -9999 -9999 0.00465 0.00000 0.00000 0.00000 0.00000 0.00000 0.00000 0.00000 0.00000 0.00000 0.00000 0.00000 0.00000 0.00000 0.00000 0.00000 0.00000 0.00000 0.00000 0.00000 0.00000 0.00000 0.00000 0.00000 0.00000 0.00000 0.00000 0.00000 0.00000 0.00000 0.00000 0.04210 0.39688 3.01317 15.08430 8.52499 -9999 -9999
-9999 -9999 -9999 -9999 -9999 -9999 -9999 -9999 -9999 -9999 -9999 -9999 -9999 -9999 -9999 -9999 -9999 -9999 -9999 -9999 -9999 -9999 -9999 -9999 -9999 -9999 -9999 -9999 -9999 -9999 -9999 -9999 -9999 -9999 -9999 -9999 -9999 -9999 0.00000 0.00000 0.00000 0.00000 0.00000 0.00000 0.00000 0.00000 0.00000 0.00000 0.00000 0.00000 0.00000 0.00000 0.00000 0.00000 0.00000 0.00000 0.00000 0.00000 0.00000 0.00000 0.00000 0.00000 0.00000 0.00000 0.09460 0.19907 0.96296 1.44902 0.06031 -9999 -9999 -9999
