data/hydroclimate-scenarios/BCSD_hadcm_A1B/monthly_summaries/snodep_monthly_day1_jun.2070-2099.asc
ncols	311
nrows	91
xllcenter	102.75
yllcenter	31.75
cellsize	0.5
NODATA_value	-9999
[rows 0 to 31 of 91, columns 73 to 145 of 311]
-9999 -9999 -9999 -9999 -9999 -9999 -9999 -9999 -9999 -9999 -9999 -9999 -9999 -9999 -9999 -9999 -9999 -9999 -9999 -9999 -9999 -9999 -9999 -9999 -9999 -9999 -9999 -9999 -9999 -9999 -9999 -9999 -9999 -9999 -9999 -9999 -9999 -9999 -9999 -9999 -9999 -9999 -9999 -9999 -9999 -9999 -9999 -9999 -9999 -9999 -9999 -9999 -9999 -9999 -9999 -9999 -9999 -9999 -9999 -9999 -9999 -9999 -9999 -9999 -9999 -9999 -9999 -9999 -9999 -9999 -9999 -9999 -9999
-9999 -9999 -9999 -9999 -9999 -9999 -9999 -9999 -9999 -9999 -9999 -9999 -9999 -9999 -9999 -9999 -9999 -9999 -9999 -9999 -9999 -9999 -9999 -9999 -9999 -9999 -9999 -9999 -9999 -9999 -9999 -9999 -9999 -9999 -9999 -9999 -9999 -9999 -9999 -9999 -9999 -9999 -9999 -9999 -9999 -9999 -9999 -9999 -9999 -9999 -9999 -9999 -9999 -9999 -9999 -9999 -9999 -9999 -9999 -9999 -9999 -9999 -9999 -9999 -9999 -9999 -9999 -9999 -9999 -9999 -9999 -9999 -9999
-9999 -9999 -9999 -9999 -9999 -9999 -9999 -9999 -9999 -9999 -9999 -9999 -9999 -9999 -9999 -9999 -9999 -9999 -9999 -9999 -9999 -9999 -9999 -9999 -9999 -9999 -9999 -9999 -9999 -9999 -9999 -9999 -9999 -9999 -9999 -9999 -9999 -9999 -9999 -9999 -9999 -9999 -9999 -9999 -9999 -9999 -9999 -9999 -9999 -9999 -9999 -9999 -9999 -9999 -9999 -9999 -9999 -9999 -9999 -9999 -9999 -9999 -9999 -9999 -9999 -9999 -9999 -9999 -9999 -9999 -9999 -9999 -9999
-9999 -9999 -9999 -9999 -9999 -9999 -9999 -9999 -9999 -9999 -9999 -9999 -9999 -9999 -9999 -9999 -9999 -9999 -9999 -9999 -9999 -9999 -9999 -9999 -9999 -9999 -9999 -9999 -9999 -9999 -9999 -9999 -9999 -9999 -9999 -9999 -9999 -9999 -9999 -9999 -9999 -9999 -9999 -9999 -9999 -9999 -9999 -9999 -9999 -9999 -9999 -9999 -9999 -9999 -9999 -9999 -9999 -9999 -9999 -9999 -9999 -9999 -9999 -9999 -9999 -9999 -9999 -9999 -9999 -9999 -9999 -9999 -9999
-9999 -9999 -9999 -9999 -9999 -9999 -9999 -9999 -9999 -9999 -9999 -9999 -9999 -9999 -9999 -9999 -9999 -9999 -9999 -9999 -9999 -9999 -9999 -9999 -9999 -9999 -9999 -9999 -9999 -9999 -9999 -9999 -9999 -9999 -9999 -9999 -9999 -9999 -9999 -9999 -9999 -9999 -9999 -9999 -9999 -9999 -9999 -9999 -9999 -9999 -9999 -9999 -9999 -9999 -9999 -9999 -9999 -9999 -9999 -9999 -9999 -9999 -9999 -9999 -9999 -9999 -9999 -9999 -9999 -9999 -9999 -9999 -9999
-9999 -9999 -9999 -9999 -9999 -9999 -9999 -9999 -9999 -9999 -9999 -9999 -9999 -9999 -9999 -9999 -9999 -9999 -9999 -9999 -9999 -9999 -9999 -9999 -9999 -9999 -9999 -9999 -9999 -9999 -9999 -9999 -9999 -9999 -9999 -9999 -9999 -9999 -9999 -9999 -9999 -9999 -9999 -9999 -9999 -9999 -9999 -9999 -9999 -9999 -9999 -9999 -9999 -9999 -9999 -9999 -9999 -9999 -9999 -9999 -9999 -9999 -9999 -9999 -9999 -9999 -9999 -9999 -9999 -9999 -9999 -9999 -9999
-9999 -9999 -9999 -9999 -9999 -9999 -9999 -9999 -9999 -9999 -9999 -9999 -9999 -9999 -9999 -9999 -9999 -9999 -9999 -9999 -9999 -9999 -9999 -9999 -9999 -9999 -9999 -9999 -9999 -9999 -9999 -9999 -9999 -9999 -9999 -9999 -9999 -9999 -9999 -9999 -9999 -9999 -9999 -9999 -9999 -9999 -9999 -9999 -9999 -9999 -9999 -9999 -9999 -9999 -9999 -9999 -9999 -9999 -9999 -9999 -9999 -9999 -9999 -9999 -9999 -9999 -9999 -9999 -9999 -9999 -9999 -9999 -9999
-9999 -9999 -9999 -9999 -9999 -9999 -9999 -9999 -9999 -9999 -9999 -9999 -9999 -9999 -9999 -9999 -9999 -9999 -9999 -9999 -9999 -9999 -9999 -9999 -9999 -9999 -9999 -9999 -9999 -9999 -9999 -9999 -9999 -9999 -9999 -9999 -9999 -9999 -9999 -9999 -9999 -9999 -9999 -9999 -9999 -9999 -9999 -9999 -9999 -9999 -9999 -9999 -9999 -9999 -9999 -9999 -9999 -9999 -9999 -9999 -9999 -9999 -9999 -9999 -9999 -9999 -9999 -9999 -9999 -9999 -9999 -9999 -9999
-9999 -9999 -9999 -9999 4.41869 -9999 -9999 -9999 -9999 -9999 -9999 -9999 -9999 -9999 -9999 -9999 -9999 -9999 -9999 -9999 -9999 -9999 -9999 -9999 -9999 -9999 -9999 -9999 -9999 -9999 -9999 -9999 -9999 -9999 -9999 -9999 -9999 -9999 -9999 -9999 -9999 -9999 -9999 -9999 -9999 -9999 -9999 -9999 -9999 -9999 -9999 -9999 -9999 -9999 -9999 -9999 -9999 -9999 -9999 -9999 -9999 -9999 -9999 -9999 -9999 -9999 -9999 -9999 -9999 -9999 -9999 -9999 -9999
17.25720 0.28246 0.99813 2.44274 2.61512 5.34935 9.30959 14.67270 19.91460 23.93140 27.70170 29.96550 33.47130 34.92200 37.59680 37.26050 35.30270 35.30110 27.97020 26.98560 -9999 -9999 -9999 -9999 -9999 -9999 -9999 -9999 -9999 -9999 -9999 -9999 -9999 -9999 -9999 -9999 -9999 -9999 -9999 -9999 -9999 -9999 -9999 -9999 -9999 -9999 -9999 -9999 -9999 -9999 -9999 -9999 -9999 -9999 -9999 -9999 -9999 -9999 -9999 -9999 -9999 -9999 -9999 -9999 -9999 -9999 -9999 -9999 -9999 -9999 -9999 -9999 -9999
-9999 -9999 0.00000 0.16909 0.50367 1.06276 3.57263 5.57381 11.10060 15.16280 15.89860 17.33560 24.35440 27.67600 35.27710 37.35800 32.66250 34.58020 30.91840 29.80180 -9999 -9999 -9999 -9999 -9999 -9999 -9999 -9999 -9999 -9999 -9999 -9999 -9999 -9999 -9999 -9999 -9999 -9999 -9999 -9999 -9999 -9999 -9999 -9999 -9999 -9999 -9999 -9999 -9999 -9999 -9999 -9999 -9999 -9999 -9999 -9999 -9999 -9999 -9999 -9999 -9999 -9999 -9999 -9999 -9999 -9999 -9999 -9999 -9999 -9999 -9999 -9999 -9999
0.20097 0.17965 0.00000 0.00000 0.25045 0.72133 1.36853 2.17724 6.72705 9.54243 10.29430 12.45080 18.61750 21.00450 27.40570 32.69300 27.98090 28.92860 26.83750 26.41590 20.07410 18.72700 12.37680 10.17240 8.91708 7.25840 -9999 -9999 -9999 -9999 -9999 -9999 -9999 -9999 -9999 -9999 -9999 -9999 -9999 -9999 -9999 -9999 -9999 -9999 -9999 -9999 -9999 -9999 -9999 -9999 -9999 -9999 -9999 -9999 -9999 -9999 -9999 -9999 -9999 -9999 -9999 -9999 -9999 -9999 -9999 -9999 -9999 -9999 -9999 -9999 -9999 -9999 -9999
0.00000 0.05966 0.00000 0.00000 0.11098 0.36772 0.78345 1.43692 1.15330 1.85129 6.66753 9.25183 10.93850 15.44900 19.41200 21.56810 19.99370 21.85750 24.55460 24.02480 20.32040 16.83510 12.17750 9.80997 13.03010 11.01690 5.18829 4.17372 1.85779 1.69053 2.22814 1.92258 0.94631 0.94433 0.18273 0.22444 1.03491 1.03170 0.71565 0.80143 0.82638 -9999 -9999 -9999 -9999 -9999 -9999 -9999 -9999 -9999 -9999 -9999 -9999 -9999 -9999 -9999 -9999 -9999 -9999 -9999 -9999 -9999 -9999 -9999 -9999 -9999 -9999 -9999 -9999 -9999 -9999 -9999 -9999
0.00000 0.02877 0.00095 0.00000 0.00000 0.00000 0.20164 0.59532 0.71152 1.10895 4.42580 6.21135 8.18732 10.32050 13.53220 16.14770 14.42400 16.48110 20.37860 21.32090 16.84650 14.94830 9.99878 7.60700 9.54832 9.15744 4.55992 4.66106 1.70948 1.45598 1.28373 0.97556 0.74999 0.70558 0.00158 0.00174 1.04407 1.04556 0.53025 0.54829 0.43824 0.77905 -9999 -9999 -9999 -9999 -9999 -9999 -9999 -9999 -9999 -9999 -9999 -9999 -9999 -9999 -9999 -9999 -9999 -9999 -9999 -9999 -9999 -9999 -9999 -9999 -9999 -9999 -9999 -9999 -9999 -9999 -9999
0.46954 1.84925 0.95536 0.99629 1.52718 1.47834 1.95400 2.00032 3.10510 3.21864 4.21698 5.44974 5.67214 7.34920 8.45087 11.56100 12.84940 14.53800 18.81460 18.54530 14.87810 13.38630 9.73179 12.06880 9.57824 7.88228 4.75345 4.45297 2.62231 1.77147 2.12233 2.18206 0.89215 0.75200 3.58493 3.00305 1.26350 1.14875 0.07450 0.19292 0.02644 0.02616 -9999 -9999 -9999 -9999 -9999 -9999 -9999 -9999 -9999 -9999 -9999 -9999 -9999 -9999 -9999 7.31062 11.55790 -9999 -9999 -9999 -9999 15.12780 26.02760 31.20330 30.03830 25.50770 26.43280 29.79290 28.51380 32.92060 31.50760
0.28981 1.04799 0.53967 0.51718 0.58104 1.19131 1.73300 1.97613 2.06829 2.56152 2.34692 5.22213 5.97928 5.31472 8.31554 6.23965 12.89910 12.75570 13.89660 14.24410 12.62110 12.30960 10.75340 7.41334 8.04210 6.86268 3.95912 2.95957 1.31290 0.97689 1.52413 1.24465 0.59556 1.37680 3.36577 2.62963 1.13610 1.39481 0.45529 0.07407 0.02028 0.02151 0.00000 0.36655 2.78840 1.05805 4.74356 6.58014 8.94959 10.71530 11.15810 11.53690 15.67160 16.51850 7.58973 7.73620 8.37975 9.28005 9.70307 -9999 -9999 -9999 -9999 -9999 17.69000 21.91140 27.79210 31.95520 37.13970 36.89560 40.11650 40.89330 40.22210
0.39782 1.69045 0.50300 0.27577 0.77875 1.03707 1.11505 1.16236 0.74004 1.39487 1.41884 2.71477 5.21575 5.88562 7.54197 10.46450 10.92080 7.00591 10.51880 10.68460 11.16500 10.99990 11.75770 10.85170 9.15889 8.74767 6.23046 7.92661 5.34302 4.69820 5.86685 3.86728 4.63691 5.73378 3.69231 4.44489 2.58948 3.15769 3.14863 3.53969 3.91447 3.19984 3.21404 3.58462 8.30607 6.55892 6.29473 8.42583 4.63552 8.03788 7.39706 10.95650 17.10830 10.32190 14.40150 15.94130 14.41900 11.83890 14.20390 16.60420 14.39340 10.29410 5.24192 5.55890 8.64330 9.70298 14.15580 19.23180 34.00490 35.93360 42.70170 49.99010 54.02750
0.16202 2.10149 1.90552 0.80314 1.08828 1.41420 0.35287 0.65742 0.08907 0.73147 0.61097 1.98935 3.86157 7.52294 5.43686 5.78944 10.43290 11.48460 11.35310 7.35645 8.03568 7.37192 10.55990 8.15850 7.96737 6.63217 8.19694 9.04028 8.71727 8.74422 7.01766 4.09269 4.12298 4.71250 3.20663 2.74116 2.19567 3.38201 2.53215 1.90119 1.62798 3.62431 5.13303 3.61073 4.13381 2.99271 4.71509 4.73428 6.17552 3.88947 6.33319 4.22963 7.25048 12.81580 14.29180 13.46550 14.70410 17.20060 18.29790 28.57980 23.79180 13.95280 4.73544 3.87742 4.75132 4.54285 9.09636 17.43320 37.47010 39.89280 47.63280 52.51150 60.16240
3.80000 0.09711 0.70803 0.13122 0.12083 0.95913 0.22574 0.16931 0.09943 0.07666 0.88845 2.08808 2.83379 4.42025 5.05981 5.48995 7.03612 13.08380 9.42022 6.79838 5.36363 3.48479 5.23376 5.58884 4.27064 5.84943 3.87236 3.44030 2.49088 2.61673 3.92349 4.06840 3.96813 3.21964 3.27950 2.13613 2.26796 2.90254 1.73359 1.33638 2.90443 5.32215 4.92127 2.34385 1.16910 0.63693 1.45851 2.15482 0.94930 0.80416 3.53163 3.51001 4.97010 4.75770 4.30494 10.51210 13.60660 17.51870 22.05230 27.71270 28.48000 21.19600 21.76960 17.35110 20.77860 19.02570 15.63830 19.87110 26.41590 29.73040 36.98460 46.36450 54.64280
4.55066 4.49490 1.24680 0.01418 0.13055 1.01984 0.47982 0.20948 1.96398 2.39158 2.90946 1.60611 1.40744 1.83485 1.91504 3.27356 5.58423 6.00744 7.65252 4.67280 3.03734 1.60814 3.68042 3.24635 3.68380 1.86032 4.82888 2.96575 1.61338 3.51265 3.65251 1.66890 0.62954 0.82963 1.82536 1.77425 0.97443 1.42027 1.49531 0.89846 0.79896 1.18317 0.33518 0.82188 0.85671 2.48528 2.03910 3.26427 3.77915 2.42722 3.39928 3.61575 5.16936 8.53481 10.29100 17.20370 12.79490 9.84515 13.71300 15.14430 14.17680 21.77880 31.13040 22.95570 35.72060 27.54100 17.01290 17.86690 22.16930 14.04050 16.41960 34.70990 47.88200
3.70351 6.54508 9.23316 1.53390 0.75824 0.30042 0.06475 0.23887 0.26572 2.23386 13.49230 20.47550 9.95879 4.98701 2.25422 1.82064 2.17179 2.65562 3.55035 3.46454 3.63337 1.52174 0.33297 0.94113 1.72020 0.76979 2.24824 2.67461 1.83747 1.02127 1.68971 1.44254 0.08895 0.13160 1.94278 2.90734 1.92595 1.43335 1.98644 2.37659 1.29402 1.46921 2.55181 2.57075 2.84135 2.40040 0.83085 1.74459 1.50267 1.70423 3.87881 3.69876 4.98376 7.71534 11.31650 17.10300 14.66810 26.10630 26.12400 24.06550 22.20140 19.82410 19.54210 19.88200 25.12410 28.01520 17.09620 16.73720 17.01170 12.46580 11.53340 22.10540 43.99550
6.93223 8.25703 7.87087 5.76485 6.47051 4.83932 1.68445 0.86729 0.16953 0.61712 4.86540 9.79267 12.79420 13.77800 10.75760 9.03201 4.03427 3.95832 2.35294 3.76338 2.53400 2.21636 1.62923 1.12070 0.24905 0.21923 2.46409 2.12936 0.19319 1.75151 3.75715 3.53538 1.57844 1.18132 2.70229 2.82248 2.23934 2.27525 2.35525 2.75029 1.03352 2.24576 2.64510 3.79090 2.25829 1.68422 0.54428 1.88847 6.16027 5.00319 13.43680 16.52160 14.13990 16.51220 21.99000 15.14750 17.42170 28.22880 22.76350 24.59810 24.34350 14.61840 18.46640 19.56980 29.50930 24.48540 12.91170 11.72380 10.19000 8.10409 10.71040 30.80880 39.04150
2.74028 2.45548 3.76519 6.10390 5.35599 3.83055 3.91406 2.30958 0.66382 2.69231 1.42342 0.90478 1.05561 1.71507 3.89881 9.38428 10.22970 8.88298 7.08061 6.05852 5.57366 5.27846 1.65816 1.24910 1.01057 1.68744 2.33538 1.96813 2.18065 2.25675 1.69453 0.54204 1.74825 0.17349 0.18527 0.30918 0.37994 0.16768 0.17466 0.02257 0.76105 1.61062 3.83825 6.35981 6.76383 4.21467 9.24327 18.25910 25.31090 24.14320 29.54100 41.97950 37.04210 46.49030 26.04670 35.05930 24.66640 19.51970 26.58800 23.76110 23.14560 22.07270 23.74500 15.46680 6.05527 5.10420 13.21970 22.91050 9.48117 3.89821 22.40300 39.52680 21.74770
0.17062 0.28130 2.13724 4.47180 5.03646 6.17219 5.64810 3.39097 0.88201 4.74360 4.06579 2.13924 8.52957 14.28190 13.70900 1.64546 6.68536 16.99020 14.95270 12.62190 10.70910 3.25946 0.94841 0.90685 1.26105 2.45427 1.63206 1.12883 2.21201 2.16013 0.54494 0.34840 0.00000 0.00000 0.21887 0.06951 0.02745 0.11504 6.86881 2.70073 1.68688 3.38804 0.86824 1.12096 3.58254 4.61918 12.95710 19.68880 28.14070 25.90940 26.21840 30.92890 43.68660 48.59720 35.51960 39.01030 23.62440 21.76000 17.14380 20.81240 21.74830 28.80390 10.34090 18.84980 17.18330 8.75874 7.58819 16.26960 3.97729 4.53357 12.68990 11.40250 14.04140
1.11683 1.28086 2.70156 3.47345 3.65167 5.02781 1.46593 2.01118 3.32719 1.73080 2.09908 1.58271 4.85383 7.28434 14.62790 11.13000 5.29298 2.96688 7.27814 8.91221 6.70678 5.06219 1.54961 0.72035 0.72840 0.47064 1.93825 1.21023 1.71589 1.46985 0.79328 0.56497 0.00303 0.00238 0.00000 0.05739 0.00000 0.00627 13.27500 13.44660 8.93730 7.52672 0.90967 0.89758 4.92568 8.06804 12.64990 23.93280 31.11620 23.56510 22.07540 39.94100 31.48520 30.19720 31.20470 27.23780 36.78660 27.01050 35.80740 30.29830 22.74340 13.64670 3.49632 14.94610 6.40818 3.37914 15.07090 12.42120 6.57058 12.22520 16.57890 13.05260 23.11100
2.61179 2.83616 2.91053 2.00979 2.11852 2.26714 0.95426 0.81347 0.86539 3.89991 3.13252 1.27220 0.51125 3.01330 4.17286 5.34412 9.82443 8.15186 7.30947 3.13743 1.29081 2.21750 3.87561 2.43102 0.02595 0.00000 1.18547 1.72025 0.62032 0.70255 0.05733 0.00047 0.00296 0.23602 0.23085 1.66828 0.00026 1.65436 22.24920 15.50420 9.65156 18.53360 12.14610 4.81366 5.59026 7.96440 5.88286 11.63180 20.29580 9.51768 5.80941 5.88630 2.74524 6.89714 15.78610 23.33590 14.54780 23.49370 25.51910 28.25090 18.14930 15.08600 5.53963 4.99041 2.59042 2.16348 8.70961 16.04390 13.74530 9.22914 12.88380 26.30590 34.89050
4.34861 4.87620 5.11025 3.90515 2.21907 1.55061 1.04581 0.95225 0.06824 0.49177 5.49988 3.18883 0.34419 0.49345 3.51187 7.41098 10.49580 10.97960 6.22729 4.91117 3.39113 1.70688 1.89067 1.56268 0.41424 0.00770 0.02720 0.53808 0.38223 0.06075 0.05455 1.06884 1.25852 0.04759 0.57809 4.26418 1.80076 0.66725 7.52442 9.96131 12.23600 8.33822 6.99298 5.77032 3.22986 5.04959 4.98175 8.18730 9.78634 12.06230 8.57673 12.10550 17.10390 19.15700 17.77120 8.18212 11.71840 8.44536 5.32001 10.41150 11.81230 10.02980 12.39330 10.38320 7.68629 8.19014 19.28220 27.49760 31.89300 25.82870 18.34740 27.88080 16.57020
4.89882 5.60941 9.75600 4.02856 2.68936 1.07687 1.13060 0.93148 0.03829 0.12683 1.22539 5.32564 2.04896 1.88657 4.60494 1.80890 4.21760 3.06600 11.53230 3.75448 1.62462 1.03185 0.93507 1.12962 2.88382 0.55461 0.04918 0.22795 2.12087 1.40785 0.29925 1.27794 2.50766 0.64137 0.67926 2.20160 4.08748 3.39486 6.88718 8.61749 7.98514 9.35209 5.39565 7.31018 1.07121 3.21023 6.08065 6.58170 6.03088 9.40712 5.94052 3.59485 8.25198 6.37739 8.42242 5.68930 7.30475 8.79910 5.67758 9.03910 10.81030 12.59670 28.47050 25.16980 23.77190 22.05020 24.07940 15.65480 21.88310 26.49490 22.74440 34.15840 50.95080
6.24097 8.85215 11.75660 10.43490 10.77400 4.01603 3.09096 2.54644 1.26742 2.78641 0.32392 0.96419 7.12954 4.20679 1.85810 1.38982 1.73364 1.58532 1.30728 3.92326 4.35549 0.96851 0.41722 0.28103 0.37462 0.16633 0.00000 0.43188 0.92533 1.47603 1.77952 1.68660 2.86810 3.09485 2.13706 5.69264 16.00430 22.59770 9.61874 8.88202 10.58470 2.53079 2.54822 0.39665 0.00000 0.00000 0.32947 0.30724 0.30523 0.36100 1.01068 2.60543 5.55968 7.54991 7.54062 3.74306 5.75562 5.33879 8.47119 11.25210 21.58310 38.39440 54.53910 49.26860 54.99200 55.75830 44.09720 37.22640 40.17940 40.20540 50.55220 49.06870 36.82320
5.82974 5.73542 11.64170 15.01000 14.42550 13.52400 6.44071 10.00280 9.68531 6.72404 1.89472 6.99072 5.84565 3.08975 5.17779 3.01846 0.85444 1.00579 2.14246 4.33886 11.10620 2.46317 0.30161 0.05027 1.09164 0.00886 0.55389 2.24227 1.75173 0.94092 2.84828 2.59385 4.96388 3.29469 5.20413 5.75454 15.93120 18.28190 8.61891 2.86906 3.99018 0.42436 0.26532 0.05254 0.00000 0.00000 0.95352 0.46334 -9999 -9999 0.54458 0.82392 0.37879 2.96081 4.52043 3.43400 4.54682 9.83574 13.22390 31.74390 47.71990 58.31120 65.61510 71.97800 77.78240 86.44700 60.55930 43.05450 47.49460 30.11830 46.62570 32.50980 14.35610
3.99494 5.84223 9.18165 8.19674 12.45220 7.16142 13.36390 18.30650 15.06870 12.23390 7.64505 8.56068 3.24986 1.60373 5.19709 2.84438 1.51136 3.38140 3.21201 2.75874 5.58607 8.19124 13.84450 6.00731 3.93007 0.56548 0.64756 1.71925 2.04562 0.61850 0.63502 1.73940 8.68870 10.64500 21.26300 9.25696 4.23581 -9999 -9999 -9999 -9999 0.50443 -9999 1.47746 4.79882 1.73417 1.35068 0.00000 -9999 -9999 1.80234 1.74195 1.74530 2.28942 0.86490 3.60001 6.83328 15.08820 19.73920 31.42900 41.20240 51.66350 47.46830 86.87600 84.48000 80.39590 50.59470 41.35910 34.92350 18.20620 -9999 -9999 -9999
4.10685 5.99291 7.53033 3.97302 10.89600 7.20889 4.16370 6.35471 4.69972 6.19385 5.34117 7.74615 4.00719 0.80197 2.57206 3.79881 5.68155 3.74990 7.28599 1.51892 5.29933 5.18367 5.89260 2.38690 1.90385 2.29206 1.96576 1.95386 2.49905 3.18171 5.00552 3.67067 18.33330 9.76654 10.32220 -9999 -9999 -9999 -9999 -9999 -9999 -9999 0.64950 1.08016 0.77334 -9999 -9999 -9999 -9999 -9999 0.03631 0.53456 6.62576 3.74339 8.60400 7.38683 5.58636 15.04950 6.20899 11.46340 21.70170 32.18120 26.84460 25.87810 38.48580 66.12660 41.19070 15.75720 -9999 -9999 -9999 -9999 -9999
