data/hydroclimate-scenarios/BCSD_hadcm_A1B/monthly_summaries/snodep_monthly_day1_may.2070-2099.asc
ncols	311
nrows	91
xllcenter	102.75
yllcenter	31.75
cellsize	0.5
NODATA_value	-9999
[rows 0 to 31 of 91, columns 0 to 72 of 311]
-9999 -9999 -9999 -9999 -9999 -9999 -9999 -9999 -9999 -9999 -9999 -9999 -9999 -9999 -9999 -9999 -9999 -9999 -9999 -9999 -9999 -9999 -9999 -9999 -9999 -9999 -9999 -9999 -9999 -9999 -9999 -9999 -9999 -9999 -9999 -9999 -9999 -9999 -9999 -9999 -9999 -9999 -9999 -9999 -9999 -9999 -9999 -9999 -9999 -9999 -9999 -9999 -9999 -9999 -9999 -9999 -9999 -9999 -9999 -9999 -9999 -9999 -9999 -9999 -9999 -9999 -9999 -9999 -9999 -9999 -9999 -9999 -9999
-9999 -9999 -9999 -9999 -9999 -9999 -9999 -9999 -9999 -9999 -9999 -9999 -9999 -9999 -9999 -9999 -9999 -9999 -9999 -9999 -9999 -9999 -9999 -9999 -9999 -9999 -9999 -9999 -9999 -9999 -9999 -9999 -9999 -9999 -9999 -9999 -9999 -9999 -9999 -9999 -9999 -9999 -9999 -9999 -9999 -9999 -9999 -9999 -9999 -9999 -9999 -9999 -9999 -9999 -9999 -9999 -9999 -9999 -9999 -9999 -9999 -9999 -9999 -9999 -9999 -9999 -9999 -9999 -9999 -9999 -9999 -9999 -9999
-9999 -9999 -9999 -9999 -9999 -9999 -9999 -9999 -9999 -9999 -9999 -9999 -9999 -9999 -9999 -9999 -9999 -9999 -9999 -9999 -9999 -9999 -9999 -9999 -9999 -9999 -9999 -9999 -9999 -9999 -9999 -9999 -9999 -9999 -9999 -9999 -9999 -9999 -9999 -9999 -9999 -9999 -9999 -9999 -9999 -9999 -9999 -9999 -9999 -9999 -9999 -9999 -9999 -9999 -9999 -9999 -9999 -9999 -9999 -9999 -9999 -9999 -9999 -9999 -9999 -9999 -9999 -9999 -9999 -9999 -9999 -9999 -9999
-9999 -9999 -9999 -9999 -9999 -9999 -9999 -9999 -9999 -9999 -9999 -9999 -9999 -9999 -9999 -9999 -9999 -9999 -9999 -9999 -9999 -9999 -9999 -9999 -9999 -9999 -9999 -9999 -9999 -9999 -9999 -9999 -9999 -9999 -9999 -9999 -9999 -9999 -9999 -9999 -9999 -9999 -9999 -9999 -9999 -9999 -9999 -9999 -9999 -9999 -9999 -9999 -9999 -9999 -9999 -9999 -9999 -9999 -9999 -9999 -9999 -9999 -9999 -9999 -9999 -9999 -9999 -9999 -9999 -9999 -9999 -9999 -9999
-9999 -9999 -9999 -9999 -9999 -9999 -9999 -9999 -9999 -9999 -9999 -9999 -9999 -9999 -9999 -9999 -9999 -9999 -9999 -9999 -9999 -9999 -9999 -9999 -9999 -9999 -9999 -9999 -9999 -9999 -9999 -9999 -9999 -9999 -9999 -9999 -9999 -9999 -9999 -9999 -9999 -9999 -9999 -9999 -9999 -9999 -9999 -9999 -9999 -9999 -9999 -9999 -9999 -9999 -9999 -9999 -9999 -9999 -9999 -9999 -9999 -9999 -9999 -9999 -9999 -9999 -9999 -9999 -9999 -9999 -9999 -9999 -9999
-9999 -9999 -9999 -9999 -9999 -9999 -9999 -9999 -9999 -9999 -9999 -9999 -9999 -9999 -9999 -9999 -9999 -9999 -9999 -9999 -9999 -9999 -9999 -9999 -9999 -9999 -9999 -9999 -9999 -9999 -9999 -9999 -9999 -9999 -9999 -9999 -9999 -9999 -9999 -9999 -9999 -9999 -9999 -9999 -9999 -9999 -9999 -9999 -9999 -9999 -9999 -9999 -9999 -9999 -9999 -9999 -9999 -9999 -9999 -9999 -9999 -9999 -9999 -9999 -9999 -9999 -9999 -9999 -9999 -9999 -9999 -9999 -9999
-9999 -9999 -9999 -9999 -9999 -9999 -9999 -9999 -9999 -9999 -9999 -9999 -9999 -9999 -9999 -9999 -9999 -9999 -9999 -9999 -9999 -9999 -9999 -9999 -9999 -9999 -9999 -9999 -9999 -9999 -9999 -9999 -9999 -9999 -9999 -9999 -9999 -9999 -9999 -9999 -9999 -9999 -9999 -9999 -9999 -9999 -9999 -9999 -9999 -9999 -9999 -9999 -9999 -9999 -9999 -9999 -9999 -9999 -9999 -9999 -9999 -9999 -9999 -9999 -9999 -9999 -9999 -9999 -9999 -9999 -9999 -9999 -9999
-9999 -9999 -9999 -9999 -9999 -9999 -9999 -9999 -9999 -9999 -9999 -9999 -9999 -9999 -9999 -9999 -9999 -9999 -9999 -9999 -9999 -9999 -9999 -9999 -9999 -9999 -9999 -9999 -9999 -9999 -9999 -9999 -9999 -9999 -9999 -9999 -9999 -9999 -9999 -9999 -9999 -9999 65.18830 66.02410 66.90190 67.97310 67.32520 67.31470 65.99330 68.10140 65.96770 64.07270 -9999 -9999 -9999 -9999 -9999 -9999 -9999 -9999 -9999 -9999 -9999 -9999 -9999 -9999 -9999 -9999 -9999 -9999 -9999 -9999 -9999
-9999 -9999 -9999 -9999 -9999 -9999 -9999 -9999 -9999 -9999 -9999 -9999 -9999 -9999 -9999 -9999 -9999 -9999 -9999 -9999 -9999 -9999 -9999 -9999 -9999 -9999 -9999 -9999 -9999 -9999 -9999 -9999 -9999 -9999 -9999 -9999 -9999 -9999 64.66870 67.80970 66.98880 69.24130 69.59910 69.30570 70.07770 70.84460 71.53050 71.69460 71.27880 69.51770 67.28320 64.40640 60.60330 37.60630 -9999 -9999 -9999 -9999 -9999 -9999 -9999 -9999 -9999 -9999 -9999 -9999 -9999 -9999 -9999 -9999 -9999 -9999 -9999
-9999 -9999 -9999 -9999 -9999 -9999 -9999 -9999 -9999 -9999 -9999 -9999 -9999 -9999 -9999 -9999 -9999 -9999 -9999 -9999 -9999 -9999 -9999 -9999 -9999 -9999 -9999 -9999 -9999 -9999 -9999 -9999 -9999 -9999 -9999 -9999 -9999 -9999 -9999 -9999 64.08390 68.35850 69.81660 70.23240 71.89520 73.55100 74.10900 73.56830 73.72760 74.02480 72.55730 66.39130 64.25510 39.30080 -9999 -9999 -9999 -9999 -9999 -9999 -9999 -9999 -9999 -9999 -9999 -9999 -9999 -9999 -9999 -9999 -9999 -9999 -9999
-9999 -9999 -9999 -9999 -9999 -9999 -9999 -9999 -9999 -9999 -9999 -9999 -9999 -9999 -9999 -9999 -9999 -9999 -9999 -9999 -9999 -9999 -9999 -9999 -9999 -9999 -9999 -9999 -9999 -9999 -9999 -9999 -9999 -9999 -9999 -9999 -9999 -9999 -9999 -9999 -9999 -9999 -9999 -9999 74.80790 77.71130 80.05060 81.35030 81.28330 80.17940 80.33010 76.82250 72.35060 46.84750 -9999 -9999 -9999 -9999 -9999 -9999 43.75010 -9999 -9999 -9999 -9999 -9999 -9999 -9999 -9999 -9999 -9999 -9999 -9999
-9999 -9999 -9999 -9999 -9999 -9999 -9999 -9999 -9999 -9999 -9999 -9999 -9999 -9999 -9999 -9999 -9999 -9999 -9999 -9999 -9999 -9999 -9999 -9999 -9999 -9999 -9999 -9999 -9999 -9999 -9999 -9999 -9999 -9999 -9999 -9999 -9999 -9999 -9999 -9999 -9999 73.99900 74.89250 74.31650 75.88170 76.28320 78.98710 80.44120 81.16130 80.15570 79.27570 76.71890 70.53490 66.19750 -9999 -9999 -9999 -9999 -9999 43.12110 41.84960 41.44640 40.20390 37.37580 36.83880 35.33300 34.69690 33.88920 31.85220 31.52440 31.99490 30.82390 30.47410
-9999 -9999 -9999 -9999 -9999 -9999 -9999 -9999 -9999 -9999 -9999 -9999 -9999 -9999 -9999 -9999 -9999 -9999 -9999 -9999 -9999 -9999 -9999 -9999 -9999 -9999 -9999 -9999 -9999 -9999 -9999 -9999 -9999 -9999 -9999 -9999 -9999 -9999 -9999 -9999 -9999 71.82680 74.67990 76.36780 75.54400 75.43990 75.85450 77.32100 77.96660 78.35990 75.10310 71.62200 67.61450 62.96630 59.85560 54.97020 49.57010 -9999 42.19370 44.23980 41.40110 38.61270 37.90040 37.27410 37.27800 30.75240 29.66870 30.75730 29.74730 28.94530 28.01370 29.95870 29.63950
-9999 -9999 -9999 -9999 -9999 -9999 -9999 -9999 -9999 -9999 -9999 -9999 -9999 -9999 -9999 -9999 -9999 -9999 -9999 -9999 -9999 -9999 -9999 -9999 -9999 -9999 -9999 -9999 -9999 -9999 -9999 -9999 -9999 -9999 -9999 58.69240 60.10970 63.67090 65.61140 68.01530 68.81770 70.77390 73.23520 73.35710 74.89170 75.71700 75.68270 77.19580 78.14860 78.68800 77.18320 72.06770 69.61710 64.79910 61.93770 56.61230 51.24540 43.13240 38.95790 40.54940 38.63660 36.77700 35.59900 37.49580 35.94790 29.23680 28.68670 29.23780 28.03720 26.74190 27.30060 28.77720 28.73830
-9999 -9999 -9999 -9999 -9999 -9999 -9999 -9999 -9999 -9999 -9999 -9999 -9999 -9999 -9999 -9999 -9999 -9999 -9999 -9999 -9999 -9999 -9999 -9999 -9999 -9999 -9999 -9999 -9999 -9999 -9999 -9999 -9999 -9999 56.16920 60.13100 62.16620 60.57120 62.26700 66.13150 68.69000 68.63450 71.10750 72.14070 71.82190 74.63210 74.56520 76.73170 78.48230 77.84790 76.95250 73.13790 70.75550 65.98100 62.83430 56.31940 48.30410 41.38280 36.66140 35.46990 33.91440 32.71630 34.29560 34.73160 31.10790 30.38880 30.14250 27.47490 29.32960 26.84740 28.17950 30.93940 30.50260
-9999 -9999 -9999 -9999 -9999 -9999 -9999 -9999 -9999 -9999 -9999 -9999 -9999 -9999 -9999 -9999 -9999 -9999 -9999 -9999 -9999 -9999 -9999 -9999 -9999 -9999 -9999 -9999 -9999 -9999 -9999 -9999 -9999 54.97470 56.60670 57.94230 59.62690 58.67040 59.68840 64.38560 66.63590 67.11240 68.42610 69.43600 70.87870 71.53490 73.56350 74.31570 76.46430 76.51380 74.04840 69.74610 67.61950 61.17740 56.55050 50.50060 46.59770 38.41080 34.24390 34.21720 33.54480 28.39570 27.56790 26.63880 26.98570 28.24160 29.31320 25.83790 27.05550 25.36780 24.87270 27.51910 28.10020
-9999 -9999 -9999 -9999 -9999 -9999 -9999 -9999 -9999 -9999 -9999 -9999 -9999 -9999 -9999 -9999 -9999 -9999 -9999 -9999 -9999 -9999 -9999 -9999 -9999 -9999 -9999 -9999 -9999 -9999 -9999 51.56570 53.03200 54.25170 55.02810 54.46160 55.80220 56.67180 59.40420 60.48390 61.84860 65.48730 66.80050 66.95680 67.88540 70.43590 70.80630 68.60480 69.63360 70.33350 68.98590 65.27930 62.14990 59.62100 55.67700 48.10090 41.89520 37.45510 37.02650 32.17250 29.33290 24.79350 25.46500 27.14960 27.20710 28.52760 29.69720 25.34240 26.10720 27.70830 29.89020 29.15430 27.48330
-9999 -9999 -9999 -9999 -9999 -9999 -9999 -9999 -9999 -9999 -9999 -9999 -9999 -9999 -9999 -9999 -9999 -9999 -9999 -9999 -9999 -9999 -9999 -9999 -9999 -9999 -9999 -9999 -9999 46.86770 47.88740 51.59830 52.57660 52.93280 53.18650 53.19760 53.88370 56.14440 57.39310 57.82590 60.08100 62.90810 64.14450 63.11120 64.24470 65.91550 65.74940 66.49520 68.89520 68.79280 66.99220 64.65090 60.37400 55.90810 51.56600 46.07540 39.29630 35.81140 32.33110 26.86100 25.64800 22.76610 21.73380 26.73140 25.38630 26.21010 27.96220 26.16670 26.67680 27.51570 26.17370 28.96050 32.73270
-9999 -9999 -9999 -9999 -9999 -9999 -9999 -9999 -9999 -9999 -9999 -9999 -9999 -9999 -9999 -9999 -9999 -9999 -9999 -9999 -9999 -9999 -9999 -9999 44.73800 47.11390 46.05380 45.09270 45.58180 48.56380 49.61950 48.40680 48.65780 48.46330 49.68600 51.01270 52.33030 52.90180 54.45950 54.53800 54.78610 57.25940 59.98330 56.40870 57.36080 61.46100 60.62720 62.25540 64.12020 63.17880 61.56320 63.63940 60.77000 53.28000 47.14670 41.72600 36.34310 29.98310 28.11210 23.53250 21.29650 18.45110 18.06220 20.93790 20.75290 25.04570 24.81540 23.79340 26.74330 25.32210 30.85280 31.38400 34.26460
-9999 -9999 -9999 -9999 -9999 -9999 51.76950 49.57630 49.92400 49.28160 49.66760 -9999 -9999 -9999 -9999 -9999 -9999 -9999 -9999 -9999 -9999 44.18110 45.74690 43.46430 43.35590 45.74350 45.56350 45.86970 45.59480 47.46750 47.22380 46.67920 47.89050 46.97530 48.32940 50.06650 51.86520 50.82420 52.23220 51.88500 51.65930 53.88230 55.23570 53.04210 54.06070 57.91300 57.82370 58.83570 61.47480 60.87800 59.39300 60.05920 58.67030 50.99190 44.37010 37.77920 35.06930 27.41380 21.92910 19.60470 19.14250 16.27540 17.09210 22.38630 24.06940 23.03150 20.79230 24.21040 26.13080 23.78980 24.54640 30.16940 32.22490
-9999 -9999 -9999 -9999 -9999 51.62480 50.98890 52.13000 51.29860 50.76310 50.88880 52.83770 52.03070 54.08240 -9999 -9999 -9999 50.04410 50.14500 48.21450 47.82740 47.84950 45.60760 44.31170 45.35640 43.21200 44.54220 44.29480 44.92990 43.47930 43.87200 44.14840 45.30990 44.81960 44.84830 47.08390 48.25330 47.91140 48.43720 51.35090 51.59980 50.30530 51.23910 51.36530 52.30040 52.66530 54.98990 59.73210 59.54220 60.17970 59.48060 55.18730 52.39700 46.56980 42.61060 39.92390 36.43450 29.30860 25.05330 22.13380 19.80930 22.51210 22.60800 21.13020 23.61800 25.07550 26.11360 30.65260 28.92680 30.36150 29.92970 32.55550 34.59210
-9999 48.35150 48.21460 48.73070 50.59770 50.24050 51.60120 50.83160 51.78600 50.33560 50.92300 53.71050 54.02650 54.17440 52.93540 50.72970 48.55370 48.97290 49.54690 46.81940 46.12290 43.68480 42.95070 41.14070 40.07720 41.62560 41.82200 41.68280 41.98750 40.97820 39.80560 39.63620 39.20950 39.88400 41.69000 44.54340 45.69920 44.21180 43.19540 47.79010 48.24670 45.98560 48.94460 48.13330 49.22000 48.82780 51.16980 55.58700 55.52160 56.63450 54.32970 52.34740 49.06030 46.47390 43.25730 39.42820 35.28680 25.28870 25.08840 22.72680 19.47700 21.15960 23.42390 22.63010 25.33150 23.99490 24.03070 30.09030 29.10580 30.44060 32.98020 34.59580 35.34170
-9999 51.64950 49.67420 49.12660 48.05990 48.13900 48.98970 46.55550 46.45050 46.80740 48.85580 52.24590 53.52530 53.68370 51.89990 50.60870 48.30500 48.71830 46.54070 44.26160 45.67470 44.57110 43.60160 41.20990 39.86330 37.71530 38.11460 41.35990 41.20730 39.94240 39.04190 36.64600 37.19280 38.61170 38.77870 40.65540 42.12910 41.51800 42.82580 41.17850 42.30290 43.46300 45.75370 43.75230 43.28890 41.90330 43.18420 44.46520 47.38500 51.39420 49.02150 50.83860 47.75280 47.84220 43.66740 39.26980 33.27390 28.58040 25.69920 28.03990 25.89200 22.49090 23.94520 23.25480 25.73640 28.24950 30.67740 26.50130 27.10910 28.45890 29.49950 32.32300 34.20590
-9999 -9999 -9999 51.21830 50.49870 49.19340 49.27560 46.39830 46.61650 45.51460 47.15350 48.21240 48.65890 49.17080 50.19810 47.84220 47.44080 45.32900 45.81440 47.42360 46.18850 43.76970 43.20950 41.84920 39.90860 36.48570 35.57170 37.94880 36.60230 36.17160 36.58830 35.65820 35.39870 35.67110 36.25060 37.69130 38.57470 40.14310 39.72250 38.70830 35.75530 36.28070 40.86020 39.59300 39.54040 37.51320 41.47030 40.50940 40.88620 46.65530 47.04190 48.34620 47.05730 44.74950 41.10820 38.25860 32.16980 27.79840 28.79550 28.18980 24.85950 24.82170 25.86060 25.76990 23.80950 27.66670 27.32520 26.61910 29.24390 29.95500 30.94230 31.94880 33.36590
-9999 -9999 -9999 -9999 -9999 -9999 47.60850 47.23410 47.54990 46.29250 46.21860 47.56050 47.50940 46.93360 47.34470 45.16590 45.29720 45.23270 43.51210 45.17750 44.38820 43.33270 41.96100 40.64420 39.06750 39.77790 38.07980 36.11000 34.74690 34.37620 34.39100 32.63180 33.42640 32.84730 33.05560 34.61910 35.63070 37.31200 37.64150 38.40880 38.14780 36.21920 37.35550 35.91500 37.69090 37.93450 39.02820 40.84800 41.68910 45.00010 47.68680 48.43790 46.32300 39.90140 39.26440 34.88460 30.62060 31.81090 32.13340 32.32330 32.84160 31.28780 29.15960 27.80870 28.44980 28.04410 24.02650 25.51710 27.17130 29.10260 32.58320 31.57490 31.31630
-9999 -9999 -9999 -9999 -9999 -9999 47.03410 47.30300 45.67960 47.45320 46.12900 46.91180 46.36910 45.49600 45.78870 45.59610 45.53570 46.06730 46.06870 46.62110 46.77730 45.47490 44.88830 43.07690 41.30020 38.53110 34.80000 33.54710 32.58640 32.51640 33.67180 31.14170 31.47750 30.39840 31.95820 32.74170 31.30800 30.38860 31.25290 33.08310 35.49190 34.19870 35.64230 33.75030 33.86700 35.27530 36.60900 35.59480 36.51740 38.19590 41.53760 39.27460 38.33400 38.07600 35.64440 27.94970 27.17390 28.60820 26.28810 30.79340 34.11560 32.47470 32.07530 30.39660 28.82420 25.13500 25.74070 24.77050 25.20870 28.16260 32.75160 33.26540 33.43200
-9999 -9999 -9999 -9999 -9999 -9999 -9999 -9999 -9999 -9999 44.00390 47.58220 46.78190 43.12010 44.89000 45.83280 46.82710 46.83310 45.59870 45.08830 44.92880 43.56150 42.04540 42.61890 40.90260 40.83570 38.17900 33.21320 30.23810 29.94410 29.23360 31.05880 31.17330 28.23040 28.52700 27.86220 28.78400 24.42060 23.66100 26.21490 27.67080 28.87080 30.20830 29.34460 28.53030 29.38630 31.23120 31.99580 33.27640 31.53300 30.14980 25.59920 22.94020 17.53930 15.46690 15.91910 15.40110 14.41130 20.47380 17.50640 18.55590 20.57960 21.20360 20.86290 21.53190 16.96940 18.42170 21.90700 24.26370 25.25750 29.71000 36.41840 36.91550
-9999 -9999 -9999 -9999 -9999 -9999 -9999 -9999 -9999 -9999 38.79250 41.83170 44.14910 41.65350 43.43430 46.77640 48.38710 48.98510 49.96340 49.77090 48.56570 46.56950 44.61900 44.54370 42.05770 37.81830 33.24060 31.10360 29.32910 26.43730 26.83220 28.27300 29.07880 26.56810 27.25740 28.54790 26.84090 23.82950 23.75960 26.48650 27.32010 29.70250 27.71850 25.71350 27.44440 29.06410 28.69460 29.46460 28.74530 26.63870 21.73540 20.52870 15.76580 14.42000 9.97853 13.32180 12.36890 14.74360 11.87780 14.72840 14.56750 14.84090 14.89870 14.40200 13.54740 12.12780 13.52090 15.83900 18.96360 24.14730 26.89880 30.79120 33.98790
-9999 -9999 -9999 -9999 -9999 -9999 -9999 -9999 -9999 -9999 -9999 -9999 38.25920 41.02130 44.17940 48.23600 48.01890 44.47260 48.30660 48.40580 47.13680 46.09400 44.01270 42.29200 37.23380 32.24970 29.63910 29.69480 27.55600 25.31750 24.51050 24.91200 26.78120 26.66750 28.29900 27.14370 25.99610 26.04550 24.41550 27.72540 27.88630 30.14060 30.21360 26.01490 24.80630 25.24230 26.91750 25.75560 24.87790 22.97560 20.50420 18.07620 17.82900 13.26310 7.25932 7.13634 7.05854 13.55840 14.98530 16.05690 14.36840 13.89180 13.14070 13.26620 15.03500 14.75410 14.77650 13.38070 15.51030 23.59030 32.05890 37.94330 37.57140
-9999 -9999 -9999 -9999 -9999 -9999 -9999 -9999 -9999 -9999 -9999 -9999 33.98910 35.64970 40.25700 45.45290 45.53930 45.19010 49.47800 49.02570 47.00180 47.75660 44.15340 39.78440 38.77820 33.06640 28.33790 26.85500 24.60140 20.86550 20.89600 23.76650 23.50230 23.76700 26.47670 24.53800 25.59030 29.17650 26.52870 28.07780 26.81600 25.97770 26.72320 23.89520 23.72750 24.19450 23.75750 24.24320 22.21970 21.58450 21.18180 16.66930 13.08300 11.45470 7.74119 7.46891 8.24502 14.85300 14.77790 13.10870 10.37030 10.61120 17.68030 15.21120 16.06490 17.73130 17.83990 17.46290 21.93350 30.38420 32.78530 33.08430 37.14750
-9999 -9999 -9999 -9999 -9999 -9999 -9999 -9999 -9999 -9999 -9999 30.81790 32.01370 29.98780 32.95340 45.07930 47.39020 45.23770 48.75790 51.32980 45.65730 50.50140 44.51280 43.74500 40.38460 33.01640 32.50470 28.34280 23.47120 19.89060 18.38270 18.37880 18.62980 19.08030 19.98650 16.89310 21.91200 24.22940 27.53840 31.04750 30.78760 31.87140 31.38080 29.51530 26.61950 24.55830 22.85230 23.35800 24.58640 22.59430 22.40660 18.98830 17.87840 11.80750 7.27422 7.81165 9.91006 12.49620 11.85770 16.12560 17.96610 19.88450 20.18580 21.66720 21.74370 21.58330 24.76400 26.70750 30.79350 37.23390 43.04620 48.16280 44.14060
-9999 -9999 -9999 -9999 -9999 -9999 -9999 -9999 -9999 -9999 -9999 27.49730 28.40600 29.68040 30.96020 40.48150 43.62890 42.39410 45.20560 48.23070 46.09910 45.25510 42.86910 38.89810 36.02520 31.12200 29.88070 27.23040 23.37800 21.88360 20.26540 16.86280 16.61230 15.08080 17.68100 16.27480 17.19240 22.99590 27.46870 26.68140 27.80700 30.88100 29.54500 28.55580 27.15750 24.41600 24.02110 20.02770 21.64490 15.53520 18.16330 16.70680 16.96450 14.23130 14.95540 14.89200 17.62200 15.87720 16.56860 19.16180 19.45670 23.96650 24.28640 19.95080 21.24170 22.33190 27.43770 27.53360 32.60090 41.38150 41.62370 43.64310 45.41400
