data/hydroclimate-scenarios/BCSD_hadcm_A1B/monthly_summaries/snodep_monthly_day1_apr.2070-2099.asc
ncols	311
nrows	91
xllcenter	102.75
yllcenter	31.75
cellsize	0.5
NODATA_value	-9999
[rows 32 to 63 of 91, columns 0 to 71 of 311]
-9999 -9999 -9999 -9999 -9999 -9999 -9999 -9999 -9999 -9999 -9999 47.27260 48.49370 48.97940 50.51520 53.93600 58.08200 58.70630 61.06460 63.22760 63.91880 59.93790 56.63000 52.07380 49.39410 50.08650 47.26800 45.96190 42.69620 39.08660 38.45900 39.48950 38.61710 40.43260 41.19570 39.27120 41.41930 43.73320 44.30170 46.38820 47.06400 48.75740 49.07660 49.07680 48.94940 48.71570 49.15070 50.46990 50.07790 48.89960 47.36470 46.98620 46.88720 46.62610 44.82760 44.93430 44.00060 44.77580 44.46400 44.70410 44.95620 44.13950 44.17900 45.99230 45.35390 43.65580 44.65590 43.02580 46.13970 48.20210 47.00480 48.85560
-9999 -9999 -9999 -9999 -9999 -9999 -9999 -9999 -9999 -9999 -9999 50.60060 51.02590 49.63130 51.64740 54.08880 55.41370 58.08490 61.22720 60.67350 61.14050 59.28020 55.36760 51.67860 50.69170 50.68230 49.38520 44.39180 40.59340 37.20470 38.08300 37.08630 36.56600 36.49120 38.47310 38.44730 39.71130 42.68720 44.06030 48.38430 48.79610 50.96220 51.13260 51.46950 53.27680 53.41250 53.93780 53.88310 53.15280 52.54000 51.88560 49.72460 49.30270 48.22470 47.37910 46.80520 47.07930 48.04820 46.94680 45.78930 46.03500 46.70270 47.01870 45.75810 46.61500 47.11660 46.70650 46.91350 47.90990 49.26540 48.28560 50.34600
-9999 -9999 -9999 -9999 -9999 -9999 -9999 -9999 -9999 -9999 -9999 -9999 47.98000 46.95750 47.54550 52.15130 54.69540 56.21700 57.71980 58.02020 58.45420 55.11060 56.07340 55.98160 54.03270 54.63210 50.23850 48.64450 41.89530 38.87770 36.77770 33.92750 33.84180 34.06370 34.81160 36.73890 40.58050 42.29980 44.50690 47.64260 50.86250 52.33710 54.21180 54.72720 56.09300 57.27290 57.33130 53.72100 52.69540 51.66020 49.82470 51.90010 50.96720 50.51150 50.34550 49.96660 49.76210 48.98570 47.48320 47.11680 47.15760 48.23740 49.02950 46.62440 47.48080 46.52730 45.68720 46.02330 50.47700 49.71270 47.02200 50.39450
-9999 -9999 -9999 -9999 -9999 -9999 -9999 -9999 -9999 -9999 -9999 -9999 43.26030 43.92300 46.82840 49.32660 50.67830 52.61230 54.36270 55.66260 56.35980 59.87020 58.35240 58.37460 57.26430 51.18030 46.36990 44.97820 40.43950 37.56590 36.86810 33.30300 30.36230 30.55190 31.75850 35.26530 38.16000 40.48100 41.79700 45.18040 49.82640 52.50950 53.50790 55.04680 56.68510 58.18040 57.74420 55.30030 53.61380 51.79580 50.58340 50.86970 50.60500 50.30120 50.17910 49.22240 48.47870 49.14220 46.53800 45.23950 46.91030 48.75430 49.93700 48.28380 46.24540 43.79640 45.62610 47.66170 49.38490 48.97470 51.30680 52.18440
-9999 -9999 -9999 -9999 -9999 -9999 -9999 -9999 -9999 -9999 -9999 -9999 41.86690 41.00520 39.83040 44.21690 47.04440 48.22510 51.74450 53.78330 57.39350 57.61860 55.69130 54.65110 48.68740 45.60130 40.27930 37.55030 36.71770 33.17870 30.78590 29.09200 30.63010 31.09760 31.00770 32.94170 33.63450 37.04080 38.59240 42.38670 46.41760 52.12380 52.71210 55.34120 57.65640 62.42200 62.24060 59.87740 56.40700 52.21110 51.35830 50.06420 49.44030 48.06040 45.94470 47.04790 47.21070 47.49680 46.87300 47.94510 48.63450 48.60520 47.59200 45.87780 47.20630 45.65960 45.91260 46.67440 50.53870 51.60820 53.14990 55.48760
-9999 -9999 -9999 45.41890 45.04030 42.62010 42.35720 43.08470 42.86490 -9999 41.77240 41.87480 40.21390 38.72760 38.72390 39.36200 41.45500 41.76290 46.78900 48.86300 50.14120 49.17150 46.01780 44.92920 42.74840 38.48900 34.47730 37.33830 34.64920 34.91970 30.39430 26.21340 29.12000 31.78110 30.95760 32.10430 33.32900 35.94740 37.28190 39.86340 42.86150 47.32120 47.70280 52.17600 56.89990 64.34610 66.67110 60.82180 57.84390 53.79710 51.61570 51.24130 51.10740 51.77560 50.10840 54.16830 54.79720 50.75790 52.01390 49.56540 48.39250 48.60170 48.45440 48.44170 48.76500 47.32150 49.28830 49.57960 50.14220 53.29910 57.39810 60.29330
-9999 -9999 -9999 42.03990 40.63880 39.93060 41.31770 39.83080 40.75380 39.05900 40.06380 40.14560 40.62380 38.97260 39.44710 39.81170 39.96630 38.10930 38.01020 40.22800 40.21060 41.67930 39.30050 36.88240 36.65250 34.95300 33.69140 32.92340 32.47980 32.28650 28.17790 25.78900 27.07750 29.70830 31.38400 33.17810 33.64560 36.41610 36.05610 40.99880 44.46290 44.83160 44.70150 50.54830 58.15980 63.49880 64.43130 59.10100 58.39630 55.66930 55.09240 51.66290 52.87250 51.37200 49.03130 51.75890 50.90740 52.28320 54.07630 51.64540 50.27360 49.94150 50.34480 48.74850 49.72110 48.25770 49.18910 47.37190 51.18810 55.83040 60.96410 61.01870
-9999 -9999 -9999 34.88340 34.27610 35.95840 39.58230 37.98040 35.59290 35.56300 36.75890 37.33470 38.99070 40.49680 43.45050 38.58520 38.73310 37.24600 33.78270 35.37300 36.59560 37.02990 34.73830 35.79170 35.72250 31.33720 30.96020 28.49020 28.12170 28.81520 29.30430 26.33930 23.78130 26.34610 28.64890 30.72520 30.79210 31.19350 34.12880 38.08210 41.32910 43.07200 44.04580 47.64650 51.71170 59.01160 59.57870 57.34100 55.99090 54.38750 54.30560 49.97130 48.50920 48.52970 45.89390 48.49180 49.00720 49.87120 52.23230 50.58020 49.46560 47.53480 47.72840 49.90710 50.25370 49.71830 51.83420 54.39970 61.77480 65.06960 71.10110 66.73960
-9999 -9999 -9999 32.38160 30.13390 37.71260 41.68400 39.33580 36.86300 36.54150 35.03310 33.76970 39.52740 39.05410 41.67390 38.16310 37.51160 38.22370 35.47540 32.73070 34.40540 35.79110 36.08440 33.91430 30.08800 26.70390 25.48160 23.53430 25.40490 25.76650 23.04220 15.69190 20.84580 24.88060 27.34230 25.81000 24.13290 23.04440 26.07730 30.61470 35.80900 40.90900 45.31590 48.19890 47.52260 52.46520 54.63220 52.62030 55.33490 52.33350 51.68260 48.41870 46.94020 47.40110 46.53870 46.12390 46.27430 48.93260 51.01890 49.56440 52.64880 47.66040 49.48990 51.59300 52.69970 53.98610 58.13700 60.80050 69.20260 74.13240 71.25900 64.69430
-9999 -9999 -9999 26.70760 26.25060 33.34010 32.92470 32.29030 33.79730 33.04490 30.85990 33.49850 37.69920 40.11560 42.27350 39.44830 39.06850 35.60480 29.94380 25.21820 26.96720 29.98700 28.99820 23.70410 21.57720 18.88280 15.65860 15.78360 18.72620 19.26050 18.53350 17.70130 18.86300 19.96130 21.22900 21.12230 21.87100 19.85360 20.98710 25.70100 30.19260 33.80980 38.77550 42.47060 41.03290 42.48010 44.51450 46.57860 46.72300 45.77690 45.40680 40.92770 41.32990 45.27970 43.71800 45.61900 42.07700 44.10760 47.50830 50.03210 50.89530 49.39690 49.79210 58.33880 61.30990 60.20180 64.79550 70.08400 75.09750 72.27980 67.96250 -9999
-9999 -9999 -9999 -9999 27.04740 31.48530 30.90480 33.06870 33.72420 32.70760 30.50650 33.11930 41.33640 35.07840 -9999 -9999 -9999 -9999 -9999 27.67650 24.71670 20.17730 21.14870 21.95130 19.42590 13.24140 8.65443 10.54180 10.20100 8.46444 10.33220 11.07320 12.57190 11.93610 11.03320 14.28730 15.27610 18.14030 18.32340 19.70710 21.60900 23.11400 25.88070 31.60480 33.22340 33.16940 36.83950 41.64490 39.87770 36.07870 38.46410 36.79810 35.88770 39.30890 40.57690 43.73620 45.38200 45.72910 47.31750 49.04410 51.72380 52.71010 57.28340 58.81570 62.47590 67.49070 69.26070 67.88340 67.76670 -9999 -9999 -9999
-9999 -9999 23.15790 24.99670 25.27090 25.60830 27.64170 31.31570 28.22680 29.32980 27.62050 30.95850 38.80780 -9999 -9999 -9999 -9999 -9999 31.54160 22.33070 17.96970 8.26162 8.19398 11.97860 11.41200 7.98264 4.53751 4.48306 3.97259 4.23403 3.84828 5.15984 6.38172 6.84030 7.27084 8.25187 10.47420 14.52770 14.71130 15.01460 18.19020 15.20760 16.91410 22.51440 22.05800 24.05910 27.68460 30.86080 28.95890 24.25170 25.20720 25.53560 28.31690 28.87500 32.12900 33.83450 38.00110 42.14320 44.63040 42.84700 45.35090 48.91810 53.53140 54.61730 57.84280 63.32280 65.57360 -9999 -9999 -9999 -9999 -9999
-9999 -9999 24.93020 25.53910 22.40920 21.57250 23.00850 27.84900 25.83230 25.00760 29.48280 34.36600 34.54020 -9999 -9999 -9999 -9999 23.06720 23.38740 14.59820 9.75069 3.88405 3.25997 3.66484 2.55532 2.42756 2.14810 2.24012 1.51539 2.01247 3.05343 2.65668 2.93614 3.38376 5.70825 8.20350 8.99476 7.36689 10.72890 10.81320 9.05474 10.42100 12.54170 11.54380 13.30460 16.83600 17.21680 20.71780 13.25550 16.23860 15.00980 15.95150 17.67570 21.04690 22.58200 19.18220 24.10030 36.14090 40.74970 39.28680 40.02270 43.34500 43.72300 46.46310 48.24380 -9999 -9999 -9999 -9999 -9999 76.39250 -9999
-9999 -9999 22.00950 25.11630 23.26280 21.85020 20.69370 21.13590 23.08190 25.89300 30.31620 36.70050 12.25600 -9999 -9999 -9999 -9999 22.94540 18.29590 9.28671 4.42447 0.87761 0.76329 0.70353 0.66133 1.07198 2.01787 1.16428 0.62797 1.38984 2.19273 1.17285 1.61926 3.58348 4.39889 5.63217 6.66451 5.90096 7.71104 4.55381 4.72849 5.16722 4.60562 6.88100 7.96784 14.08910 15.07820 15.13140 11.91820 12.51120 10.39310 12.38100 14.51630 18.69440 19.35350 12.55780 16.04920 29.72920 31.24330 32.29120 30.16610 30.15630 33.39900 40.11940 48.72950 54.85300 52.24080 60.43030 63.13260 -9999 -9999 -9999
-9999 -9999 -9999 22.57470 20.88850 15.04280 12.50260 16.18000 24.99250 32.49340 30.35130 15.62670 -9999 -9999 -9999 -9999 25.60190 19.36820 9.19968 4.98828 1.62348 0.19982 0.34472 0.33210 0.39215 0.67727 0.95339 1.05641 1.09259 1.79380 1.60110 1.77311 1.80547 1.94228 2.03311 2.08213 1.73777 2.07044 2.37926 2.59142 2.66260 1.26694 1.31628 1.77949 2.30879 4.21581 4.06067 4.98180 4.35731 4.81339 7.64409 11.81450 11.67890 12.06300 16.62350 20.91270 22.40430 27.28150 29.10330 28.48160 28.95200 30.78260 39.79160 53.34230 60.95610 50.09720 45.52250 50.28970 51.29930 44.71080 -9999 -9999
-9999 -9999 -9999 -9999 16.72230 10.86660 9.69601 22.16720 27.94240 23.95970 9.62725 -9999 -9999 -9999 -9999 30.06050 25.83550 11.97890 4.36225 2.60751 0.68898 0.11480 0.11084 0.17239 0.32966 0.39248 0.53123 0.56248 0.91866 1.08923 1.26514 0.93217 0.73698 0.85469 1.57555 1.25770 1.61550 2.14798 2.07355 2.05453 2.73669 1.26889 0.83509 1.10388 0.89993 2.24275 2.85821 2.76679 2.57300 3.77701 4.28053 6.43661 8.97617 9.34944 8.49929 11.45470 12.73110 21.33170 23.80590 24.04400 30.27810 36.64840 40.39880 42.92510 48.42300 45.80490 38.55910 35.19740 43.41070 40.64780 43.55750 52.65930
-9999 -9999 -9999 -9999 -9999 -9999 18.22610 21.32620 6.53161 8.33328 18.12360 -9999 -9999 -9999 -9999 -9999 16.13370 5.70027 2.75946 1.87453 1.15952 0.30224 0.57222 0.06345 0.06360 0.20519 0.15084 0.49971 0.47815 0.44272 0.52717 0.29024 0.30461 0.73213 0.95905 0.57365 0.95227 2.25982 1.36039 1.34524 1.65718 1.94623 2.94155 1.65063 1.49753 0.60125 1.16270 2.77764 3.36828 4.70110 5.41944 4.27813 5.53060 5.19536 6.32351 7.31824 8.59562 15.08310 18.01340 23.32520 31.65240 37.17570 40.42540 43.38130 48.47480 41.99620 32.17170 24.35460 29.11520 30.87080 38.51890 47.14560
-9999 -9999 -9999 -9999 -9999 -9999 -9999 -9999 -9999 -9999 -9999 -9999 -9999 -9999 -9999 -9999 -9999 -9999 -9999 1.36158 0.64992 0.45710 0.46879 0.02186 0.04481 0.15185 0.37868 0.46912 0.66374 0.81111 0.83611 0.47604 0.64331 0.73604 0.91073 0.46917 0.34756 0.53215 0.43527 1.03542 1.14870 1.14749 1.15388 0.82825 0.96261 0.56567 0.41963 1.64401 2.46867 4.50048 5.35386 2.85200 4.28757 2.81270 3.93682 5.23899 6.09782 11.59470 14.04780 19.60330 29.76280 32.37210 36.44600 41.57160 44.20880 29.41040 18.01030 15.67580 18.49520 29.90730 38.07290 47.70840
-9999 -9999 -9999 -9999 -9999 -9999 -9999 -9999 -9999 -9999 -9999 -9999 -9999 -9999 -9999 -9999 -9999 -9999 1.08342 1.05055 0.47142 0.39613 0.39719 0.23192 0.26085 0.19322 0.13770 0.57188 0.52183 0.79118 0.82171 0.36108 0.42241 0.45582 0.61227 0.19366 0.29330 0.27014 0.77292 0.43725 0.63815 0.51732 0.56814 0.79873 0.70408 1.39949 1.14489 0.58847 0.62418 1.23019 1.74792 4.78319 5.41683 4.46471 5.37545 5.26779 6.65888 15.89330 19.61570 16.79460 16.91800 17.97840 24.58550 32.14210 36.10900 22.46990 19.52470 12.24580 16.50640 24.59350 36.25310 49.30620
-9999 -9999 -9999 -9999 -9999 -9999 -9999 -9999 -9999 -9999 -9999 -9999 -9999 -9999 -9999 -9999 -9999 1.76850 0.99095 0.50496 0.33519 0.36622 0.32455 0.07366 0.09872 0.12508 0.11306 0.53436 0.36686 0.63833 0.83592 0.37555 0.73966 0.52744 0.62955 0.27750 0.51580 0.81091 0.33703 0.59725 0.71858 0.71006 0.46105 0.30262 0.25828 0.91517 1.11758 0.39895 0.44877 0.59533 0.94937 4.40056 6.21445 4.94182 4.96972 4.94569 6.96429 13.52340 15.34680 11.66010 7.81909 14.03430 30.05860 33.84330 21.92990 17.76760 18.69070 14.02890 15.13380 21.82590 37.98340 43.11580
-9999 -9999 -9999 -9999 -9999 -9999 -9999 -9999 -9999 -9999 -9999 -9999 -9999 -9999 -9999 -9999 -9999 0.79243 0.52905 0.65347 0.42850 0.39973 0.29054 0.13932 0.03190 0.31171 0.36342 0.35104 0.53068 0.65969 1.02436 0.53623 0.14306 0.80137 0.34965 0.61675 0.65506 0.63366 1.06917 1.05564 0.76642 0.45768 0.33248 0.32412 0.44797 0.22161 0.23110 0.72547 0.86148 0.41542 0.48083 4.24772 4.70398 6.64371 6.03373 4.79453 9.03056 11.02740 9.18943 7.34401 10.03330 17.54210 21.01480 25.49650 35.00560 30.08070 18.90760 25.39190 16.50840 17.45170 21.56510 42.17150
-9999 -9999 -9999 -9999 -9999 -9999 -9999 -9999 -9999 -9999 -9999 -9999 -9999 -9999 -9999 -9999 1.85509 1.00294 0.52534 0.37191 0.10231 0.18726 0.27658 0.04588 0.00000 0.25134 0.25075 0.35806 0.35768 0.85274 0.85565 0.14724 0.00735 0.69520 0.45744 0.51540 0.57059 0.47364 0.60381 0.58831 0.37018 0.38241 0.41353 0.19894 0.11973 0.10039 0.19131 0.68228 0.56121 0.33861 0.33438 3.50519 4.36209 4.89237 5.38492 3.76897 5.23953 6.04521 6.62215 9.20366 8.17024 14.31560 20.25400 31.91060 28.78720 26.67080 24.67380 18.64990 11.64810 12.83030 22.14370 38.79170
-9999 -9999 -9999 -9999 -9999 -9999 -9999 -9999 -9999 -9999 -9999 -9999 -9999 1.70219 1.59680 0.59954 0.38737 0.88002 0.41997 0.09211 0.01942 0.33779 0.18280 0.00000 0.00000 0.00000 0.01304 0.07381 0.08542 0.33549 0.28794 0.00541 0.38287 0.60235 0.68815 0.34153 0.27296 0.12434 0.13254 0.33186 0.27263 0.44460 0.38642 0.16072 0.27169 0.32095 0.31490 0.19573 0.29746 0.51027 0.65505 1.19016 2.61595 3.02989 3.80887 2.02408 3.45768 4.15229 3.54508 5.20251 7.23480 8.24627 11.53520 15.61120 12.50810 4.98615 5.18561 15.68550 15.29070 13.82640 28.52750 39.55030
-9999 -9999 -9999 -9999 -9999 -9999 -9999 -9999 -9999 -9999 -9999 -9999 0.48020 0.68355 0.59740 0.17827 0.05231 0.26331 0.23472 0.01308 0.01029 0.11739 0.09778 0.00000 0.00000 0.00000 0.00000 0.01064 0.08091 0.24480 0.21311 0.00491 0.00511 0.12358 0.23437 0.10933 0.08002 0.02004 0.05491 0.21298 0.24652 0.30370 0.23789 0.00634 0.02268 0.32584 0.31325 0.15472 0.16758 0.35129 0.39538 0.40694 0.81218 1.58451 2.64274 1.26216 1.09279 2.90139 4.03803 6.19146 5.94498 5.44642 6.23352 9.47793 8.76240 4.64641 4.80091 13.68080 11.99840 21.17670 36.72660 36.47650
-9999 -9999 -9999 -9999 -9999 -9999 -9999 -9999 -9999 -9999 -9999 1.39669 0.93247 0.67514 0.25477 0.27150 0.24138 0.03755 0.03200 0.00446 0.02959 0.00000 0.00000 0.00019 0.00071 0.00000 0.00000 0.00000 0.00000 0.00000 0.00000 0.46171 0.50358 0.25444 0.26228 0.11220 0.14550 0.32784 0.20966 0.02836 0.00604 0.06406 0.04483 0.21331 0.24244 0.20646 0.20652 0.10416 0.25738 0.19846 0.20595 0.59605 0.43484 0.59655 0.90827 0.07889 0.41409 0.28830 0.32648 0.81806 1.38352 0.79030 1.72701 2.42540 4.55548 5.33072 5.83794 7.66134 15.13100 29.38260 45.91740 54.38610
-9999 -9999 -9999 -9999 -9999 -9999 -9999 -9999 -9999 -9999 0.52128 1.44966 0.67065 0.26180 0.07879 0.23322 0.18507 0.00021 0.00195 0.03247 0.02239 0.00000 0.00000 0.00000 0.00000 0.00000 0.00000 0.00000 0.00000 0.00000 0.00000 0.37524 0.41198 0.19287 0.42571 0.16448 0.14253 0.36327 0.21558 0.00835 0.00692 0.03544 0.02308 0.23112 0.23837 0.17517 0.19979 0.00080 0.07390 0.21267 0.21439 0.52774 0.35992 0.35091 0.28697 0.06310 0.32588 0.04602 0.00085 0.43333 0.62312 0.56816 1.08930 1.21352 2.13788 3.76597 3.71380 6.70793 20.78750 36.95270 47.71570 45.56490
-9999 -9999 -9999 -9999 -9999 -9999 -9999 -9999 -9999 1.50318 1.57450 0.44187 0.50245 0.23721 0.12014 0.76034 0.64749 0.00541 0.00313 0.00000 0.00000 0.00000 0.00000 0.01285 0.11070 0.03711 0.03541 0.00000 0.00003 0.00877 0.00000 0.05889 0.06037 0.52424 0.66445 0.25274 0.39386 0.21963 0.04992 0.04004 0.00339 0.01697 0.01528 0.25667 0.25595 0.19099 0.18458 0.00000 0.03465 0.09578 0.08227 0.03088 0.15439 0.26179 0.35252 0.01491 0.00000 0.00000 0.00000 0.00671 0.00942 0.30201 0.40670 0.09769 0.31263 1.66653 1.32556 6.13443 22.98090 39.73910 41.31990 40.93820
-9999 -9999 -9999 -9999 -9999 -9999 -9999 -9999 -9999 -9999 1.36750 0.09281 0.13139 0.01348 0.00582 0.42331 0.46217 0.00556 0.00249 0.00000 0.00000 0.00000 0.00000 -9999 -9999 -9999 -9999 -9999 -9999 0.00106 0.00000 0.01695 0.07041 0.20701 0.54142 0.13040 0.37967 0.07528 0.00000 0.01183 0.00311 0.01382 0.01607 0.20467 0.20416 0.17771 0.19694 0.01397 0.02073 0.06120 0.06722 0.01328 0.04432 0.27606 0.37563 0.00000 0.00000 0.00000 0.00000 0.00390 0.00657 0.30474 0.29375 0.00000 1.18408 1.08142 4.12424 13.27330 39.90280 45.60770 51.09040 42.20830
-9999 -9999 -9999 -9999 -9999 -9999 -9999 -9999 -9999 -9999 -9999 -9999 0.70509 0.00224 0.00134 0.00446 0.01478 0.01120 0.01342 -9999 -9999 -9999 -9999 -9999 -9999 -9999 -9999 -9999 -9999 -9999 -9999 -9999 -9999 0.17065 0.23972 0.15557 0.16367 0.00364 0.00000 0.00960 0.02818 0.00000 0.00000 0.00000 0.00000 0.00000 0.00000 0.00000 0.00000 0.00000 0.00000 0.10306 0.12577 0.19404 0.14740 0.00000 0.00273 0.33696 0.30651 0.00000 0.00000 0.01810 0.15004 0.01352 0.44733 2.49794 8.84604 20.12390 31.64890 28.84400 34.90780 34.67700
-9999 -9999 -9999 -9999 -9999 -9999 -9999 -9999 -9999 -9999 -9999 -9999 -9999 -9999 -9999 -9999 -9999 -9999 -9999 -9999 -9999 -9999 -9999 -9999 -9999 -9999 -9999 -9999 -9999 -9999 -9999 -9999 -9999 -9999 0.22856 0.13808 0.02515 0.00040 0.00000 0.00741 0.01473 0.00000 0.00000 0.00000 0.00000 0.00000 0.00000 0.00000 0.00000 0.00000 0.00000 0.07644 0.14203 0.14310 0.14080 0.00000 0.00000 0.29811 0.34972 0.00000 0.00000 0.01305 0.04650 0.00000 0.21882 2.21009 9.38199 24.56020 33.02910 28.91820 22.76330 -9999
-9999 -9999 -9999 -9999 -9999 -9999 -9999 -9999 -9999 -9999 -9999 -9999 -9999 -9999 -9999 -9999 -9999 -9999 -9999 -9999 -9999 -9999 -9999 -9999 -9999 -9999 -9999 -9999 -9999 -9999 -9999 -9999 -9999 -9999 0.00000 0.00000 0.00237 0.00000 0.00000 0.00000 0.00000 0.00000 0.00000 0.00000 0.00000 0.00000 0.00000 0.00000 0.00000 0.00499 0.00892 0.00000 0.00000 0.06669 0.02696 0.00955 0.00000 0.00022 0.00008 0.00000 0.00000 0.00086 0.25344 0.07652 1.54161 8.23563 11.31490 20.61980 31.98130 24.96640 -9999 -9999
-9999 -9999 -9999 -9999 -9999 -9999 -9999 -9999 -9999 -9999 -9999 -9999 -9999 -9999 -9999 -9999 -9999 -9999 -9999 -9999 -9999 -9999 -9999 -9999 -9999 -9999 -9999 -9999 -9999 -9999 -9999 -9999 -9999 -9999 -9999 -9999 -9999 -9999 0.00000 0.00000 0.00000 0.00000 0.00000 0.00000 0.00000 0.00000 0.00000 0.00000 0.00000 0.00149 0.00225 0.00000 0.00011 0.02387 0.02174 0.00000 0.00000 0.00016 0.00002 0.00000 0.00000 0.00000 0.25940 1.19310 8.07716 9.47692 12.97310 14.84040 6.61731 -9999 -9999 -9999
