data/hydroclimate-scenarios/BCSD_hadcm_A1B/monthly_summaries/snodep_monthly_day1_mar.2030-2059.asc
ncols	311
nrows	91
xllcenter	102.75
yllcenter	31.75
cellsize	0.5
NODATA_value	-9999
[rows 32 to 63 of 91, columns 0 to 71 of 311]
-9999 -9999 -9999 -9999 -9999 -9999 -9999 -9999 -9999 -9999 -9999 52.16320 53.13180 54.63900 56.44870 55.99260 60.55590 60.13700 62.68850 68.40200 68.41150 65.22990 62.71300 58.94000 56.94880 56.16610 53.40780 52.14150 48.29760 48.06420 46.71470 46.02760 45.07350 46.00950 46.43070 45.86660 48.05220 47.99240 48.11090 49.80490 50.57850 52.25360 53.08150 52.35910 52.40220 53.90630 54.53790 54.92470 54.30150 53.87380 51.68510 52.28550 52.05220 50.69360 49.65220 49.41750 49.26220 49.90430 50.11870 50.96550 51.30070 51.64010 51.89200 53.64420 52.99330 51.74320 51.35070 49.03530 51.43720 51.48270 50.28940 50.03300
-9999 -9999 -9999 -9999 -9999 -9999 -9999 -9999 -9999 -9999 -9999 55.31780 55.51670 55.19360 57.17360 56.44010 57.74020 59.62550 63.28790 66.26310 66.72920 64.95940 61.48600 58.96350 56.98170 55.26620 53.47510 49.00350 46.45640 46.25590 45.78740 43.72240 43.48520 43.30100 44.43380 45.38330 46.83460 47.12310 47.59110 50.56210 52.10850 53.80690 54.05190 53.84730 55.32820 57.38080 58.02700 57.44860 56.22800 56.35790 55.75460 54.24970 53.77800 52.84580 52.28070 51.34470 51.83510 52.73540 52.80090 52.25700 52.72090 53.33160 53.55480 54.33870 55.01660 54.45570 53.56630 52.26540 52.41830 53.18670 52.53670 52.75440
-9999 -9999 -9999 -9999 -9999 -9999 -9999 -9999 -9999 -9999 -9999 -9999 55.24090 54.58970 55.50620 58.66350 61.76770 61.46370 63.17150 65.63030 65.68100 63.29780 62.37520 59.66630 56.48050 55.58620 51.64930 49.24980 45.07160 44.31010 42.28510 41.90720 41.96620 40.79280 40.86550 42.33950 45.81000 46.61130 47.97200 50.36630 53.03480 54.07910 55.82200 55.34470 56.92780 58.06990 57.92490 58.34770 56.95310 57.13220 55.60850 55.53170 55.19130 53.26940 53.34770 53.56770 53.19130 53.80130 52.84580 52.05910 52.64170 53.53360 54.26600 53.38910 54.88980 54.02440 53.02240 50.88470 53.48630 53.41930 51.38980 52.85920
-9999 -9999 -9999 -9999 -9999 -9999 -9999 -9999 -9999 -9999 -9999 -9999 51.49680 52.18470 55.26100 56.33870 58.81840 59.35570 61.23470 63.44000 64.57690 65.78220 62.91630 59.37040 56.30470 53.12520 48.05410 45.25500 42.50610 41.23280 40.46370 39.61990 37.58640 37.18730 38.40530 40.33640 42.40490 45.06240 46.05930 48.41620 52.71820 54.12010 54.63200 55.68030 57.20740 58.77000 59.05760 59.87870 58.30790 56.45300 55.96140 54.44500 53.71290 52.69960 52.81430 52.56350 51.85860 52.51340 51.46500 49.91480 51.39490 53.06480 54.17200 53.88970 52.13090 51.52900 52.58630 51.71230 52.83560 52.78490 53.51330 54.26760
-9999 -9999 -9999 -9999 -9999 -9999 -9999 -9999 -9999 -9999 -9999 -9999 51.53710 50.97510 49.95570 53.20470 56.34800 56.62370 60.28970 63.34380 66.50620 62.69680 60.86770 56.21460 50.41280 46.91540 42.66290 39.25190 38.53730 37.98000 35.45500 34.86310 35.09140 35.24680 35.72510 38.75010 39.08610 42.66490 44.09950 47.23390 49.55200 52.62940 54.04540 55.65270 58.20450 62.46070 62.23430 60.04380 56.97270 55.77950 55.31690 53.27660 53.16230 52.29100 50.79200 50.33440 50.57350 50.54010 50.37460 50.77710 52.30950 52.38580 52.72970 51.59460 53.12980 52.86560 52.75870 51.13220 53.58200 52.54940 52.76250 55.41520
-9999 -9999 -9999 49.42950 48.63990 49.18080 49.88950 49.26060 49.05390 -9999 49.59310 50.98830 49.92320 48.95410 49.24150 48.57960 50.30170 50.46430 53.65490 56.67840 58.44560 55.57450 51.22410 48.65590 45.52170 41.74720 38.61510 38.72460 35.98810 36.22740 33.54850 31.50470 32.99420 32.86170 33.76030 36.04920 36.91240 39.42160 41.42000 44.31460 47.25040 48.98990 50.56910 53.14670 57.10660 62.74100 64.25730 61.04380 58.31050 56.20260 54.09410 53.35460 52.37230 52.88610 52.25900 52.81860 52.77420 51.40780 52.26140 51.30010 51.51140 52.15460 52.16230 53.60190 53.68320 54.18330 55.40710 53.54490 52.81180 53.53680 54.88620 57.58620
-9999 -9999 -9999 46.88240 46.03940 45.30060 46.56250 47.03940 48.65620 48.97880 49.68040 49.71030 48.42140 46.96790 46.54550 47.03790 47.19250 44.07640 43.82660 45.32450 45.81380 45.07320 43.71850 42.77140 41.21030 39.29220 37.17550 36.06170 34.60940 34.61990 32.57030 30.06350 30.81460 31.54400 32.83460 34.81890 35.80600 37.53610 39.07680 42.70620 46.04730 48.11430 49.06530 52.31740 58.05050 61.56100 61.92350 59.81900 58.05250 57.76270 56.33490 51.79350 52.90220 51.09830 50.81140 50.18580 50.88700 51.05680 52.40830 51.56860 51.11060 52.30390 52.73650 53.39510 54.54650 51.48830 52.26310 50.65960 52.83900 57.15960 58.90070 56.20090
-9999 -9999 -9999 41.37840 39.88600 41.50720 44.86320 45.29650 43.82200 45.04390 46.01650 46.00770 46.66070 47.45700 48.47580 45.06710 44.88070 42.39470 40.34370 40.73640 41.03630 40.05880 38.09870 39.46310 38.02010 34.23730 33.46860 32.27430 31.33820 30.97950 29.36950 27.39650 27.08390 28.08220 29.11210 31.40400 33.15380 32.87110 35.79700 38.90500 42.78260 44.91460 46.87910 50.09230 53.81340 58.32890 58.59530 57.15120 54.99330 54.95660 54.18720 50.29720 48.55590 48.71410 46.88690 47.26900 48.42330 49.07420 50.75080 50.49110 50.86760 50.08610 51.56740 53.85750 54.82550 52.79950 53.69860 54.65750 58.91340 62.59210 65.22060 59.29360
-9999 -9999 -9999 39.76780 38.70590 44.01930 48.84320 46.90450 45.25700 44.29990 43.38680 42.75810 45.95840 45.94650 47.46370 46.07700 44.13780 42.68650 41.06040 38.19490 37.99980 36.01120 34.79020 33.88460 31.36140 30.56340 29.45070 28.56030 27.33870 26.75520 24.97250 21.44960 23.19250 25.50620 27.13390 26.56950 27.66900 28.51710 30.04760 32.66760 36.54510 41.30640 44.70850 47.50730 50.40290 52.23140 52.23650 52.14740 52.06690 51.38150 48.84880 47.32020 46.33510 43.94770 44.02520 44.69680 45.47630 47.27860 48.68680 50.15870 52.69090 50.33890 52.88160 55.13830 56.76080 57.53000 59.19220 61.14610 66.01680 66.09250 62.73380 54.69200
-9999 -9999 -9999 36.21650 35.64360 40.04290 39.61960 40.20810 41.53490 41.03100 40.20870 41.55550 43.57950 45.78570 46.16310 45.42950 43.74070 40.10290 36.60520 32.39180 31.77650 30.61050 28.93240 27.38010 26.26720 25.58190 23.40130 23.05640 22.86050 21.24860 20.62230 19.45980 19.70380 22.15800 23.48780 24.26780 25.35770 25.37830 27.33550 29.16640 31.43970 35.15840 39.26140 41.39250 41.62660 42.44170 44.71660 46.04690 44.95540 45.37980 43.89490 41.32310 40.76050 41.98070 41.47340 42.69320 41.08900 43.66290 45.93800 48.72980 50.92730 50.90470 51.78160 59.79660 62.51520 60.78800 62.96960 66.97540 69.29430 63.38200 58.54700 -9999
-9999 -9999 -9999 -9999 36.38370 39.04710 38.64180 39.64250 41.19530 40.81700 39.57260 40.39150 44.77750 41.93030 -9999 -9999 -9999 -9999 -9999 29.56970 27.09230 22.96500 22.52140 22.50530 21.23280 19.31260 17.98570 18.07600 16.12620 15.98250 16.68650 16.64580 17.09670 18.93250 20.41320 20.10290 20.64290 23.20390 23.71190 26.86760 29.40120 29.46950 30.72490 32.50120 34.40080 34.68510 37.36500 38.75080 38.46580 37.90510 38.43740 37.12600 36.28040 38.14300 39.28250 39.90330 40.96720 42.78260 43.87900 47.86540 50.16240 52.33640 57.34360 58.81900 62.16640 62.06440 63.10710 63.62340 62.76240 -9999 -9999 -9999
-9999 -9999 33.64020 35.48850 34.40390 35.09200 36.36820 37.83110 36.90260 38.20430 36.92050 39.15690 42.87270 -9999 -9999 -9999 -9999 -9999 31.88700 24.21900 21.07770 15.29890 15.29440 15.39600 15.20950 14.32080 14.41350 14.24820 12.87420 13.61210 12.96760 13.13130 14.54260 15.44670 16.66170 16.62950 17.70140 20.48210 20.64670 23.59790 25.81250 24.32140 25.51630 26.82020 27.12420 28.19150 31.08780 32.01120 31.12570 31.56520 31.05450 30.05980 31.39730 31.71310 33.34600 33.21740 36.28430 39.68200 42.01710 43.96350 46.01290 49.32110 53.78220 55.87220 57.88270 58.96760 59.27900 -9999 -9999 -9999 -9999 -9999
-9999 -9999 34.70470 34.78030 32.03960 32.04480 32.09550 33.33750 33.57530 34.33920 37.08670 40.54590 41.71870 -9999 -9999 -9999 -9999 29.66700 26.49220 20.20870 15.82650 11.71030 9.80277 11.26440 10.76550 11.43290 11.07290 10.82100 10.65450 10.03700 10.75000 11.10720 12.74340 14.18480 16.07640 16.57130 17.85500 17.52320 18.60340 19.30880 19.69750 19.14040 20.74630 21.23540 22.00120 23.42440 24.27150 27.75760 26.01720 27.03450 27.26250 26.71310 27.42440 28.69730 29.51310 29.33460 31.05040 36.36460 40.16590 39.13210 40.92780 44.20830 44.76270 47.67750 50.30060 -9999 -9999 -9999 -9999 -9999 67.41570 -9999
-9999 -9999 33.72370 33.99270 32.01240 30.05990 30.49040 31.34580 32.22610 34.61390 36.86730 41.34550 26.60370 -9999 -9999 -9999 -9999 26.67130 23.60160 16.44240 12.32990 7.10706 5.77844 7.70258 7.17688 8.54740 9.04324 9.30883 8.66256 8.79002 9.40147 9.97398 10.70580 12.57170 14.46410 14.34650 14.97620 14.52790 15.03650 15.16770 16.00870 17.00560 16.89500 17.46760 19.62330 20.81100 21.48800 23.30850 22.56190 23.36480 23.81180 24.13800 25.49380 26.73550 27.43280 26.78300 29.20320 33.07580 35.31650 35.93000 36.89220 36.75210 39.29420 44.17300 49.23730 52.52930 50.41240 51.84010 53.53660 -9999 -9999 -9999
-9999 -9999 -9999 32.23880 29.64800 28.21260 27.59580 28.32310 30.84900 35.54520 37.90980 30.33890 -9999 -9999 -9999 -9999 28.71600 25.06660 18.84970 14.46410 9.88017 5.82570 5.50950 5.82180 6.69893 7.33417 7.96246 7.87227 8.56081 7.67027 7.81805 9.38290 10.41890 11.40800 11.67290 13.61870 13.93050 14.11970 15.03470 13.44780 13.40010 14.42670 14.60210 14.60900 16.64630 18.84240 19.16400 20.96420 19.40020 19.98280 21.43200 21.86670 22.03580 24.76130 26.70360 28.64010 30.13070 34.00010 36.24820 35.02710 36.13170 38.51780 43.32940 49.36660 54.37400 45.78770 42.10780 47.25290 48.62230 45.00920 -9999 -9999
-9999 -9999 -9999 -9999 29.71210 28.23040 27.10940 28.64430 30.26740 32.13300 23.40230 -9999 -9999 -9999 -9999 32.44760 28.88360 22.78700 15.70450 12.14490 8.25356 4.69522 4.69136 3.79180 4.04585 6.27702 6.67991 6.97887 7.85441 8.66816 7.95155 9.11163 10.00490 9.93665 10.75450 12.25270 13.03620 14.19950 13.88310 12.51300 12.87710 13.57720 13.16490 12.71950 13.38700 15.94480 17.45570 17.90550 16.79510 17.20560 19.11720 20.66230 21.38840 23.84750 24.24640 26.66810 29.08910 31.44970 32.90990 32.67500 35.30290 39.31440 42.69030 41.72270 44.67380 40.81790 38.26470 38.53030 41.57960 43.95000 46.51580 48.45840
-9999 -9999 -9999 -9999 -9999 -9999 29.00500 30.33710 24.17400 22.47700 29.45820 -9999 -9999 -9999 -9999 -9999 25.39550 18.86830 15.40110 9.86331 6.96786 6.41117 3.31486 3.12810 3.10946 5.23454 5.44142 6.56630 7.63191 7.93006 8.26019 9.12544 10.01970 9.67947 11.47030 12.83050 13.03110 12.68030 12.15010 10.35740 10.80020 9.97751 11.55440 10.66190 11.72990 12.21200 13.00530 14.08100 14.91680 15.05710 17.19040 18.56260 20.93510 21.90670 22.89530 26.78380 28.06400 30.30870 31.53970 32.55100 35.16980 36.76730 39.89790 42.12700 45.41410 42.50480 37.38220 36.40900 39.15180 41.19010 44.73250 43.49970
-9999 -9999 -9999 -9999 -9999 -9999 -9999 -9999 -9999 -9999 -9999 -9999 -9999 -9999 -9999 -9999 -9999 -9999 -9999 8.05015 5.13535 5.91112 3.72107 2.81303 3.89444 4.83472 6.48774 7.99981 10.14260 9.33758 9.37464 10.78480 9.56788 10.03530 11.12230 11.77220 11.67050 10.54990 10.49470 9.42571 8.88242 9.19996 9.63719 8.96767 10.24650 11.06830 11.68560 12.66670 13.08670 14.45900 16.36060 17.54720 20.03540 21.14210 21.54940 24.91630 26.08480 29.93140 29.72770 30.23720 33.29900 32.86340 35.76680 38.96020 39.71250 34.61440 31.36260 32.39850 34.75520 39.27900 43.33270 42.55040
-9999 -9999 -9999 -9999 -9999 -9999 -9999 -9999 -9999 -9999 -9999 -9999 -9999 -9999 -9999 -9999 -9999 -9999 9.30668 5.93369 4.20667 2.83802 4.01421 3.53965 3.88703 5.14246 4.90053 6.57153 6.42070 7.31467 8.26412 8.17728 8.52701 8.16722 9.19751 9.68195 10.09760 11.14100 10.03710 8.01022 8.56971 7.41674 7.68602 8.68193 9.26173 9.41745 9.25390 11.72060 12.03340 13.26480 14.95310 17.72840 19.99300 20.92950 21.54380 23.01470 24.51520 26.60140 27.68720 28.10830 28.05570 26.57170 29.13080 32.65340 33.45990 30.35460 31.37170 32.27870 34.93250 35.76970 40.47180 46.24580
-9999 -9999 -9999 -9999 -9999 -9999 -9999 -9999 -9999 -9999 -9999 -9999 -9999 -9999 -9999 -9999 -9999 9.99040 8.48670 5.08465 3.55086 3.02569 3.63174 3.13410 3.43106 4.68867 5.27386 5.74947 5.12466 6.52149 7.36134 7.79760 8.95613 8.67238 9.79404 8.33348 8.83145 10.21000 9.53438 8.55842 7.98892 6.84298 6.88278 7.31881 7.13293 8.27971 9.12032 9.84706 11.68950 13.26160 15.30600 18.41220 20.43120 20.60940 20.85820 21.45000 23.21950 23.69930 24.38520 24.59940 25.76100 24.54640 30.46870 32.28360 28.81040 28.46920 30.37570 34.00240 35.89490 35.09380 40.19080 42.22430
-9999 -9999 -9999 -9999 -9999 -9999 -9999 -9999 -9999 -9999 -9999 -9999 -9999 -9999 -9999 -9999 -9999 6.63735 4.59275 3.25325 2.82288 1.67110 0.81864 1.47287 2.62605 3.33779 3.91238 5.28143 5.57323 5.27766 6.47303 8.22518 8.26605 9.69395 8.18618 8.66454 8.70073 8.44220 8.00002 7.92982 7.32358 5.53522 5.31975 6.52699 6.57837 7.61441 7.79628 8.79307 10.18320 12.58700 14.04640 17.21810 18.41570 19.67570 19.66410 20.04590 20.68450 21.59400 22.38530 21.78320 22.53720 25.07240 27.74140 30.03650 33.54020 31.48960 29.78580 33.87780 33.11930 31.92310 36.79780 44.25150
-9999 -9999 -9999 -9999 -9999 -9999 -9999 -9999 -9999 -9999 -9999 -9999 -9999 -9999 -9999 -9999 6.19470 3.92491 2.74279 2.34400 1.63924 0.99182 0.99505 1.42367 2.24718 2.68942 3.01011 5.81375 5.92334 5.94661 5.65835 8.40775 8.92127 8.78371 7.73322 8.75211 8.53300 8.02281 7.25632 7.22193 6.46805 4.71741 5.07432 5.26193 5.61097 5.85496 6.45693 7.76789 8.31765 12.04030 13.88930 15.62070 17.37240 18.46180 19.24180 19.52450 18.71670 18.38720 19.93970 21.89190 22.09180 24.59040 26.60700 31.49170 31.39250 31.01570 33.02450 32.24880 32.34330 32.23710 37.15790 42.56500
-9999 -9999 -9999 -9999 -9999 -9999 -9999 -9999 -9999 -9999 -9999 -9999 -9999 6.95660 5.40137 4.38798 3.72284 2.34871 1.94741 0.50662 0.57669 0.51819 0.45650 1.66286 1.65635 2.08116 2.94559 2.97738 3.56806 4.53887 4.11506 4.40920 6.01113 6.26836 5.80526 7.06805 6.81332 5.71801 4.45058 4.51603 4.10730 2.72008 2.45958 2.70170 3.35387 3.45988 3.97799 5.23786 5.57767 7.71559 9.60692 13.08850 16.08430 17.83990 19.19520 16.65860 16.76040 17.26220 17.53810 19.55900 20.60130 21.71880 25.43640 27.28400 28.33220 29.97080 33.14570 32.99950 33.66700 35.17510 39.64890 43.34470
-9999 -9999 -9999 -9999 -9999 -9999 -9999 -9999 -9999 -9999 -9999 -9999 4.68275 3.59755 3.01875 2.82324 1.82975 1.38737 0.51496 0.32739 0.41538 0.30476 0.51039 1.29285 1.48868 1.76406 1.58749 2.39424 2.40699 3.16467 3.06558 3.76981 4.66196 4.68275 4.44374 6.33494 5.76434 4.75126 3.54679 2.73655 2.65132 1.48172 1.47956 1.19899 2.13706 3.83502 3.32425 4.79523 4.37165 5.23883 6.96500 9.95113 11.63490 14.18620 16.99880 17.60140 15.23280 15.55110 16.90700 17.87160 18.87900 21.11580 23.10010 27.91270 30.72680 32.19840 34.20230 33.75990 33.24770 37.75950 42.97560 44.42130
-9999 -9999 -9999 -9999 -9999 -9999 -9999 -9999 -9999 -9999 -9999 3.29747 2.12740 1.97381 1.55772 2.23103 2.27292 0.38514 0.43536 0.19035 0.16192 0.17079 0.21356 0.54303 0.56198 0.50109 0.55793 1.01595 1.28094 1.73151 1.98682 2.14420 2.36678 3.42911 3.13775 3.87715 3.48069 1.17518 0.76053 1.30462 0.92885 0.18829 0.12107 0.26430 1.00956 1.79960 1.72785 3.93082 5.23282 4.07197 4.77074 7.36348 8.64302 10.47190 12.33810 12.40920 12.59530 13.46220 15.22700 15.09070 16.14350 20.55750 23.44920 26.47290 30.36410 31.76690 32.08620 30.26850 30.78140 34.92620 43.45470 52.77530
-9999 -9999 -9999 -9999 -9999 -9999 -9999 -9999 -9999 -9999 3.34950 2.70774 1.61853 1.09504 1.12961 1.59255 1.68726 0.38669 0.52724 0.20968 0.17981 0.11914 0.16290 0.50997 0.51841 0.45474 0.39751 1.28756 1.29584 1.53235 1.70346 1.96669 2.08992 3.36140 4.17991 3.99231 2.51433 1.64829 1.41442 1.00173 0.56821 0.09425 0.09179 0.22049 0.29153 0.52187 1.31811 2.38278 3.28682 3.56668 3.86302 5.10971 6.38428 7.39629 9.47883 9.33284 10.49610 11.64830 14.34510 15.83720 16.97260 19.50380 22.48000 25.67250 27.88200 30.11670 30.27350 28.96880 32.77690 38.71680 44.86960 49.89080
-9999 -9999 -9999 -9999 -9999 -9999 -9999 -9999 -9999 1.39196 1.31629 2.13486 2.31976 1.57642 1.35605 0.42337 0.42252 0.45066 0.22692 0.14706 0.15368 0.27132 0.28196 0.44684 0.50556 0.66049 0.61042 1.39830 1.37643 1.14466 1.44680 2.07659 2.69849 1.76005 2.26029 3.29793 2.41306 2.23311 1.32667 0.60599 0.36742 0.56695 0.48498 0.26782 0.38171 0.70136 1.42096 2.12257 2.83065 3.70600 4.14261 3.42004 4.95859 6.06201 6.89769 7.04301 9.78832 12.68990 13.03230 15.48160 17.57790 20.27830 22.29410 21.37080 22.54660 24.69080 24.69510 28.84060 35.36560 39.91970 42.17370 40.99550
-9999 -9999 -9999 -9999 -9999 -9999 -9999 -9999 -9999 -9999 1.01017 1.67640 1.62581 1.19356 0.95415 0.45730 0.55594 0.40059 0.46015 0.19513 0.27118 0.29405 0.27144 -9999 -9999 -9999 -9999 -9999 -9999 1.13278 1.17467 1.38537 1.79646 0.97643 1.77145 2.74881 2.23396 1.65063 0.51953 0.43128 0.33665 0.39946 0.43075 0.14096 0.23921 0.79068 1.26865 1.81511 2.19598 2.54441 3.03989 3.25103 4.36096 4.81955 6.58958 6.58377 8.54724 11.12330 11.48270 14.77390 16.97370 19.84210 21.43430 20.30400 23.14590 21.52110 26.25210 31.64260 42.86010 45.95440 50.41400 45.90040
-9999 -9999 -9999 -9999 -9999 -9999 -9999 -9999 -9999 -9999 -9999 -9999 0.64812 1.22259 1.11309 0.56135 0.31466 0.66734 0.91269 -9999 -9999 -9999 -9999 -9999 -9999 -9999 -9999 -9999 -9999 -9999 -9999 -9999 -9999 0.17749 0.43680 1.10932 0.69019 0.95311 0.76319 0.20442 0.14717 0.27268 0.24524 0.13700 0.13285 0.68163 1.00912 1.72621 1.70921 2.94202 2.96303 1.96358 2.42792 3.84300 4.25267 3.91255 5.36731 7.32461 9.43578 14.54460 17.07530 16.79330 19.06490 17.43780 18.36470 20.16370 25.33810 32.69830 40.31100 41.82050 47.16320 46.44520
-9999 -9999 -9999 -9999 -9999 -9999 -9999 -9999 -9999 -9999 -9999 -9999 -9999 -9999 -9999 -9999 -9999 -9999 -9999 -9999 -9999 -9999 -9999 -9999 -9999 -9999 -9999 -9999 -9999 -9999 -9999 -9999 -9999 -9999 0.15887 0.35039 0.17223 0.94339 0.73362 0.23263 0.21050 0.29978 0.28680 0.13437 0.13839 0.27664 1.03562 1.48858 1.81294 2.28765 3.03173 2.27236 2.97791 3.82917 4.16792 3.73191 3.99908 7.05132 10.07870 15.87510 18.88990 18.41480 21.32600 17.54810 16.65920 19.00580 25.81020 35.49550 45.09500 44.35780 47.81100 -9999
-9999 -9999 -9999 -9999 -9999 -9999 -9999 -9999 -9999 -9999 -9999 -9999 -9999 -9999 -9999 -9999 -9999 -9999 -9999 -9999 -9999 -9999 -9999 -9999 -9999 -9999 -9999 -9999 -9999 -9999 -9999 -9999 -9999 -9999 0.34745 0.48465 0.49381 0.00000 0.00000 0.01288 0.02972 0.00000 0.00000 0.36861 0.39200 0.66894 0.76395 0.87300 1.43901 1.55436 1.98782 2.34219 3.54548 3.43001 3.19414 1.95967 2.28723 5.77904 9.43378 11.33100 13.69780 17.31510 20.46810 19.84960 20.53290 24.27920 27.28420 34.08340 44.93210 44.33170 -9999 -9999
-9999 -9999 -9999 -9999 -9999 -9999 -9999 -9999 -9999 -9999 -9999 -9999 -9999 -9999 -9999 -9999 -9999 -9999 -9999 -9999 -9999 -9999 -9999 -9999 -9999 -9999 -9999 -9999 -9999 -9999 -9999 -9999 -9999 -9999 -9999 -9999 -9999 -9999 0.00000 0.01960 0.02579 0.00000 0.33992 0.53128 0.69963 0.55117 1.28570 0.91619 1.00506 1.35586 1.36610 1.80569 1.73237 2.36890 2.39308 1.52400 1.99828 4.77914 9.04841 12.02530 15.20070 16.95940 18.53290 19.00130 24.41870 25.85810 29.62990 34.98060 36.46470 -9999 -9999 -9999
