data/hydroclimate-scenarios/BCSD_hadcm_A1B/monthly_summaries/snodep_monthly_day1_feb.2070-2099.asc
ncols	311
nrows	91
xllcenter	102.75
yllcenter	31.75
cellsize	0.5
NODATA_value	-9999
[rows 0 to 31 of 91, columns 0 to 70 of 311]
-9999 -9999 -9999 -9999 -9999 -9999 -9999 -9999 -9999 -9999 -9999 -9999 -9999 -9999 -9999 -9999 -9999 -9999 -9999 -9999 -9999 -9999 -9999 -9999 -9999 -9999 -9999 -9999 -9999 -9999 -9999 -9999 -9999 -9999 -9999 -9999 -9999 -9999 -9999 -9999 -9999 -9999 -9999 -9999 -9999 -9999 -9999 -9999 -9999 -9999 -9999 -9999 -9999 -9999 -9999 -9999 -9999 -9999 -9999 -9999 -9999 -9999 -9999 -9999 -9999 -9999 -9999 -9999 -9999 -9999 -9999
-9999 -9999 -9999 -9999 -9999 -9999 -9999 -9999 -9999 -9999 -9999 -9999 -9999 -9999 -9999 -9999 -9999 -9999 -9999 -9999 -9999 -9999 -9999 -9999 -9999 -9999 -9999 -9999 -9999 -9999 -9999 -9999 -9999 -9999 -9999 -9999 -9999 -9999 -9999 -9999 -9999 -9999 -9999 -9999 -9999 -9999 -9999 -9999 -9999 -9999 -9999 -9999 -9999 -9999 -9999 -9999 -9999 -9999 -9999 -9999 -9999 -9999 -9999 -9999 -9999 -9999 -9999 -9999 -9999 -9999 -9999
-9999 -9999 -9999 -9999 -9999 -9999 -9999 -9999 -9999 -9999 -9999 -9999 -9999 -9999 -9999 -9999 -9999 -9999 -9999 -9999 -9999 -9999 -9999 -9999 -9999 -9999 -9999 -9999 -9999 -9999 -9999 -9999 -9999 -9999 -9999 -9999 -9999 -9999 -9999 -9999 -9999 -9999 -9999 -9999 -9999 -9999 -9999 -9999 -9999 -9999 -9999 -9999 -9999 -9999 -9999 -9999 -9999 -9999 -9999 -9999 -9999 -9999 -9999 -9999 -9999 -9999 -9999 -9999 -9999 -9999 -9999
-9999 -9999 -9999 -9999 -9999 -9999 -9999 -9999 -9999 -9999 -9999 -9999 -9999 -9999 -9999 -9999 -9999 -9999 -9999 -9999 -9999 -9999 -9999 -9999 -9999 -9999 -9999 -9999 -9999 -9999 -9999 -9999 -9999 -9999 -9999 -9999 -9999 -9999 -9999 -9999 -9999 -9999 -9999 -9999 -9999 -9999 -9999 -9999 -9999 -9999 -9999 -9999 -9999 -9999 -9999 -9999 -9999 -9999 -9999 -9999 -9999 -9999 -9999 -9999 -9999 -9999 -9999 -9999 -9999 -9999 -9999
-9999 -9999 -9999 -9999 -9999 -9999 -9999 -9999 -9999 -9999 -9999 -9999 -9999 -9999 -9999 -9999 -9999 -9999 -9999 -9999 -9999 -9999 -9999 -9999 -9999 -9999 -9999 -9999 -9999 -9999 -9999 -9999 -9999 -9999 -9999 -9999 -9999 -9999 -9999 -9999 -9999 -9999 -9999 -9999 -9999 -9999 -9999 -9999 -9999 -9999 -9999 -9999 -9999 -9999 -9999 -9999 -9999 -9999 -9999 -9999 -9999 -9999 -9999 -9999 -9999 -9999 -9999 -9999 -9999 -9999 -9999
-9999 -9999 -9999 -9999 -9999 -9999 -9999 -9999 -9999 -9999 -9999 -9999 -9999 -9999 -9999 -9999 -9999 -9999 -9999 -9999 -9999 -9999 -9999 -9999 -9999 -9999 -9999 -9999 -9999 -9999 -9999 -9999 -9999 -9999 -9999 -9999 -9999 -9999 -9999 -9999 -9999 -9999 -9999 -9999 -9999 -9999 -9999 -9999 -9999 -9999 -9999 -9999 -9999 -9999 -9999 -9999 -9999 -9999 -9999 -9999 -9999 -9999 -9999 -9999 -9999 -9999 -9999 -9999 -9999 -9999 -9999
-9999 -9999 -9999 -9999 -9999 -9999 -9999 -9999 -9999 -9999 -9999 -9999 -9999 -9999 -9999 -9999 -9999 -9999 -9999 -9999 -9999 -9999 -9999 -9999 -9999 -9999 -9999 -9999 -9999 -9999 -9999 -9999 -9999 -9999 -9999 -9999 -9999 -9999 -9999 -9999 -9999 -9999 -9999 -9999 -9999 -9999 -9999 -9999 -9999 -9999 -9999 -9999 -9999 -9999 -9999 -9999 -9999 -9999 -9999 -9999 -9999 -9999 -9999 -9999 -9999 -9999 -9999 -9999 -9999 -9999 -9999
-9999 -9999 -9999 -9999 -9999 -9999 -9999 -9999 -9999 -9999 -9999 -9999 -9999 -9999 -9999 -9999 -9999 -9999 -9999 -9999 -9999 -9999 -9999 -9999 -9999 -9999 -9999 -9999 -9999 -9999 -9999 -9999 -9999 -9999 -9999 -9999 -9999 -9999 -9999 -9999 -9999 -9999 77.56740 78.65590 79.18340 79.43840 79.80810 81.13340 80.83220 83.25110 82.11220 80.14980 -9999 -9999 -9999 -9999 -9999 -9999 -9999 -9999 -9999 -9999 -9999 -9999 -9999 -9999 -9999 -9999 -9999 -9999 -9999
-9999 -9999 -9999 -9999 -9999 -9999 -9999 -9999 -9999 -9999 -9999 -9999 -9999 -9999 -9999 -9999 -9999 -9999 -9999 -9999 -9999 -9999 -9999 -9999 -9999 -9999 -9999 -9999 -9999 -9999 -9999 -9999 -9999 -9999 -9999 -9999 -9999 -9999 74.29100 76.31820 75.91420 78.58470 79.25300 81.11430 82.45740 82.98030 84.73410 87.64060 88.18670 86.39550 84.36690 80.99100 78.52720 46.36460 -9999 -9999 -9999 -9999 -9999 -9999 -9999 -9999 -9999 -9999 -9999 -9999 -9999 -9999 -9999 -9999 -9999
-9999 -9999 -9999 -9999 -9999 -9999 -9999 -9999 -9999 -9999 -9999 -9999 -9999 -9999 -9999 -9999 -9999 -9999 -9999 -9999 -9999 -9999 -9999 -9999 -9999 -9999 -9999 -9999 -9999 -9999 -9999 -9999 -9999 -9999 -9999 -9999 -9999 -9999 -9999 -9999 73.40270 78.06780 79.53700 80.32630 84.05970 84.98420 86.78860 91.01950 91.88350 91.82730 90.22280 85.06500 82.67510 50.89820 -9999 -9999 -9999 -9999 -9999 -9999 -9999 -9999 -9999 -9999 -9999 -9999 -9999 -9999 -9999 -9999 -9999
-9999 -9999 -9999 -9999 -9999 -9999 -9999 -9999 -9999 -9999 -9999 -9999 -9999 -9999 -9999 -9999 -9999 -9999 -9999 -9999 -9999 -9999 -9999 -9999 -9999 -9999 -9999 -9999 -9999 -9999 -9999 -9999 -9999 -9999 -9999 -9999 -9999 -9999 -9999 -9999 -9999 -9999 -9999 -9999 90.02040 91.41830 93.79090 97.23570 98.52300 99.43030 99.81020 93.96730 92.64150 56.75280 -9999 -9999 -9999 -9999 -9999 -9999 59.48340 -9999 -9999 -9999 -9999 -9999 -9999 -9999 -9999 -9999 -9999
-9999 -9999 -9999 -9999 -9999 -9999 -9999 -9999 -9999 -9999 -9999 -9999 -9999 -9999 -9999 -9999 -9999 -9999 -9999 -9999 -9999 -9999 -9999 -9999 -9999 -9999 -9999 -9999 -9999 -9999 -9999 -9999 -9999 -9999 -9999 -9999 -9999 -9999 -9999 -9999 -9999 85.69160 86.67620 87.74690 90.99640 91.58660 93.17570 96.47550 97.55630 98.21690 97.87950 92.89260 89.46760 84.08340 -9999 -9999 -9999 -9999 -9999 60.49500 58.33750 58.27170 55.46680 53.45360 52.78350 50.74820 48.74700 47.35700 45.05160 45.53970 45.30340
-9999 -9999 -9999 -9999 -9999 -9999 -9999 -9999 -9999 -9999 -9999 -9999 -9999 -9999 -9999 -9999 -9999 -9999 -9999 -9999 -9999 -9999 -9999 -9999 -9999 -9999 -9999 -9999 -9999 -9999 -9999 -9999 -9999 -9999 -9999 -9999 -9999 -9999 -9999 -9999 -9999 84.32670 87.49570 90.16110 90.10680 91.88890 92.17470 91.32480 93.47480 93.00960 90.30130 84.99790 80.77910 77.06020 74.88530 70.51110 66.83870 -9999 61.00750 60.52450 57.71570 56.99200 56.04500 53.92450 52.82120 50.01360 49.09420 49.19690 47.63360 46.37140 44.76280
-9999 -9999 -9999 -9999 -9999 -9999 -9999 -9999 -9999 -9999 -9999 -9999 -9999 -9999 -9999 -9999 -9999 -9999 -9999 -9999 -9999 -9999 -9999 -9999 -9999 -9999 -9999 -9999 -9999 -9999 -9999 -9999 -9999 -9999 -9999 69.75270 71.62020 75.89800 78.06980 82.43600 83.76390 85.63810 89.47360 89.70170 91.54880 93.84690 93.17780 93.57100 94.08990 94.14540 91.98850 85.47790 80.62340 77.37790 73.91090 69.06330 66.50390 61.31900 59.80600 58.23940 56.55500 56.10220 55.23940 51.21680 50.86980 49.78300 48.97580 48.05490 47.58570 45.11460 44.69210
-9999 -9999 -9999 -9999 -9999 -9999 -9999 -9999 -9999 -9999 -9999 -9999 -9999 -9999 -9999 -9999 -9999 -9999 -9999 -9999 -9999 -9999 -9999 -9999 -9999 -9999 -9999 -9999 -9999 -9999 -9999 -9999 -9999 -9999 66.43760 71.33120 74.05150 74.37890 77.00710 81.11700 85.01590 84.78390 88.88340 91.10290 90.79680 93.12210 93.59330 95.40930 96.85520 92.11160 91.33160 85.42340 81.17100 75.58990 72.54180 70.21050 64.15130 60.54300 59.55290 58.98500 55.45670 53.54410 53.63550 49.52600 50.95090 50.42140 48.59410 46.82620 44.28450 43.52510 43.25070
-9999 -9999 -9999 -9999 -9999 -9999 -9999 -9999 -9999 -9999 -9999 -9999 -9999 -9999 -9999 -9999 -9999 -9999 -9999 -9999 -9999 -9999 -9999 -9999 -9999 -9999 -9999 -9999 -9999 -9999 -9999 -9999 -9999 65.30840 67.66950 70.33910 72.15190 73.14340 74.89870 79.97380 83.18620 83.68720 85.88620 89.16860 90.38730 89.72430 90.86900 92.26320 90.97920 89.15410 84.33420 77.66240 72.18650 68.78900 65.90990 64.35000 59.90650 58.88120 57.37990 55.42020 53.07320 51.24410 50.64070 50.32370 49.91330 47.97080 46.93900 44.90670 43.68560 43.18870 41.02180
-9999 -9999 -9999 -9999 -9999 -9999 -9999 -9999 -9999 -9999 -9999 -9999 -9999 -9999 -9999 -9999 -9999 -9999 -9999 -9999 -9999 -9999 -9999 -9999 -9999 -9999 -9999 -9999 -9999 -9999 -9999 62.00860 63.52070 64.41890 65.36300 68.22070 70.72560 71.36160 74.97090 78.71310 80.42730 82.81230 84.73540 86.91560 88.10990 86.27280 86.55520 85.25840 84.00290 82.36590 77.60440 73.32470 64.31930 65.94290 65.38310 60.78140 58.97210 55.57960 52.39270 51.24040 50.75670 49.47360 49.55290 48.66590 48.42060 45.57680 46.29480 45.88670 46.27410 41.86200 40.49740
-9999 -9999 -9999 -9999 -9999 -9999 -9999 -9999 -9999 -9999 -9999 -9999 -9999 -9999 -9999 -9999 -9999 -9999 -9999 -9999 -9999 -9999 -9999 -9999 -9999 -9999 -9999 -9999 -9999 57.31780 59.16710 61.96110 62.83240 63.40700 64.26860 67.01850 68.76590 70.86570 72.99590 76.41320 79.16740 80.01830 81.87450 82.72230 83.47020 80.14050 80.13550 81.48060 79.76740 77.52700 73.00440 69.50040 62.94800 63.32650 58.93170 57.17650 55.33920 53.42330 51.84410 51.80970 48.76180 47.64130 46.81180 45.63900 45.00600 44.39750 42.53340 43.35770 42.48330 42.57970 42.34280
-9999 -9999 -9999 -9999 -9999 -9999 -9999 -9999 -9999 -9999 -9999 -9999 -9999 -9999 -9999 -9999 -9999 -9999 -9999 -9999 -9999 -9999 -9999 -9999 56.10390 57.32850 57.03670 56.43480 57.33040 57.44580 58.32450 59.51850 59.87900 60.61150 62.09130 64.90140 66.53620 67.35860 69.10040 71.15640 71.49160 75.49230 78.03280 75.21970 76.18330 78.56640 77.53000 75.03760 75.37970 72.46270 71.34170 66.04380 63.56980 63.02020 58.61610 55.57830 53.44340 52.81370 49.66590 47.81820 46.73950 47.72690 46.03990 46.37370 45.03580 44.87380 44.69290 42.85450 44.18400 41.56200 36.74480
-9999 -9999 -9999 -9999 -9999 -9999 60.77820 58.68840 59.43490 58.41890 59.14580 -9999 -9999 -9999 -9999 -9999 -9999 -9999 -9999 -9999 -9999 55.56470 54.86100 54.00560 53.54820 54.60840 54.67310 56.66490 56.34190 56.68400 57.19820 58.42740 58.92600 59.47250 60.79780 63.92070 65.59040 66.49740 67.47310 69.63980 70.11140 70.24690 72.33100 72.46060 73.76720 75.20920 75.98280 72.75700 71.16440 70.49830 67.36920 65.73490 61.23080 60.74260 58.87310 54.75940 51.99240 50.53110 47.96660 46.83660 46.11280 47.01730 44.54890 44.41670 43.83620 45.35190 45.66460 42.88070 44.07990 43.57150 41.69340
-9999 -9999 -9999 -9999 -9999 59.71790 57.81630 59.16340 60.40900 58.79680 60.63470 59.96710 59.34570 60.64410 -9999 -9999 -9999 56.71680 56.12520 54.98920 54.72340 54.23980 51.10150 51.87220 51.85340 51.12060 53.48530 54.62620 55.77760 54.54410 54.71560 55.63100 57.09410 56.37110 58.65270 60.48490 60.72860 64.27300 66.77270 67.67240 68.29500 68.47910 68.41400 70.43920 72.64980 72.23610 71.97870 72.45290 70.00110 67.75340 65.39460 63.41590 61.08510 58.39090 56.43140 54.34410 52.52400 48.76750 49.47500 45.06150 44.08100 44.00030 43.72900 42.95700 41.65470 39.00700 42.34730 42.44020 41.80910 42.59890 41.49980
-9999 59.40630 58.98640 58.16180 59.25460 58.44730 59.09690 59.97580 60.80530 60.02030 60.34280 61.01210 60.86260 61.49590 60.18680 58.13420 57.74990 56.70520 56.63970 55.93550 54.94450 51.76490 51.46690 51.28980 50.60660 51.07130 50.70640 51.97290 52.74810 52.50720 52.23660 52.58550 54.54210 53.90980 54.92790 57.80580 59.95170 61.46030 64.00000 65.35420 65.28000 65.49200 65.23140 68.26770 68.26320 67.60190 68.86180 68.71950 66.92110 66.29840 61.04380 58.52550 56.25730 54.33770 52.36770 50.47770 50.03860 47.72940 46.46140 45.41740 44.32490 43.86150 41.98950 41.82320 40.85420 39.53560 41.26950 39.39080 41.42380 38.93080 37.38790
-9999 61.84010 60.42330 59.94800 59.15840 59.41510 60.38840 58.75770 58.66910 59.89220 61.28950 60.06870 60.06260 60.81120 58.72790 59.04350 56.50130 56.65220 55.31920 53.55400 54.35430 54.11730 52.68210 50.26550 49.71930 51.28240 51.50420 52.46890 51.97520 51.29490 51.78620 51.38960 50.48090 52.23370 52.59300 54.80210 56.03630 57.60950 60.50440 61.68490 62.99620 62.30400 62.61850 62.86970 63.22740 64.32430 64.75840 61.37220 63.09460 62.57030 60.77740 57.49440 52.98780 51.62050 48.33480 47.21220 44.37230 44.43270 43.56220 42.98010 42.97880 40.96670 41.26350 42.24110 42.40040 39.72520 39.85840 39.33930 39.97440 40.63420 41.37110
-9999 -9999 -9999 61.89310 60.92440 60.51070 60.50930 58.42690 59.01860 58.78510 59.65620 57.35770 57.44830 58.08420 58.67140 57.80220 56.76910 55.13350 55.96960 55.01880 53.62240 54.87630 53.77580 51.84680 50.14500 50.15860 49.07790 51.61470 51.12520 49.63920 49.46040 49.68020 49.93160 50.74530 51.42870 52.00120 53.30400 55.36580 56.03240 57.59560 59.40850 59.80810 58.72620 58.69160 59.46880 61.67030 60.96010 59.04610 58.69120 61.58070 59.14710 55.84900 51.57020 51.16710 49.01750 44.17490 43.81950 43.32030 43.21250 40.93600 42.32160 41.24580 41.55410 39.51890 39.34880 39.97400 41.74360 39.20800 40.48180 38.56080 38.99740
-9999 -9999 -9999 -9999 -9999 -9999 59.77700 59.02470 59.12330 57.80210 57.38300 57.28190 57.65040 56.37230 56.88540 55.15940 54.95800 54.43720 54.30240 55.96740 54.43850 53.76720 52.81130 50.85260 50.00320 49.86840 48.43370 49.37810 48.91760 49.89170 49.46270 47.62580 47.56950 48.93880 49.35900 52.44260 52.21380 52.49920 52.95900 54.17520 56.00900 55.26640 55.68990 56.16790 56.09760 57.61660 58.33030 59.48500 60.54540 61.49390 60.16720 56.71780 52.43380 50.56780 47.07050 43.60420 43.04810 42.88040 41.35620 42.17040 40.87850 39.72880 38.48030 35.90840 39.02700 37.11270 39.47420 39.70200 38.22490 38.21590 39.49970
-9999 -9999 -9999 -9999 -9999 -9999 60.74920 60.24510 60.70240 58.45910 58.43370 57.61270 57.15230 55.75930 55.80900 55.92380 56.02700 56.52630 56.21960 57.11870 57.59230 57.26770 55.86840 52.53020 51.49490 51.02050 48.52730 49.18510 49.04410 49.85220 50.43860 48.75660 48.88550 49.20480 49.21090 51.61300 52.70010 52.05790 53.69190 52.87240 52.47500 52.90410 54.10690 53.02850 54.53230 56.31510 56.72530 56.97800 59.70510 59.95810 60.01740 57.08800 53.73120 49.62130 47.89160 46.21880 45.23960 45.24320 44.48670 43.18180 39.86800 40.18880 39.73500 39.47710 37.42130 38.93280 39.37930 39.64150 39.65300 40.96190 40.05640
-9999 -9999 -9999 -9999 -9999 -9999 -9999 -9999 -9999 -9999 56.26960 59.40480 58.82810 56.09920 57.83620 57.08010 57.04530 58.10810 57.95410 58.76930 59.51280 58.99310 56.46200 55.15790 53.80450 53.12050 51.60010 50.67370 48.35820 50.57010 50.50000 52.05580 52.15290 49.65870 50.31220 50.82020 51.41340 49.79500 50.25220 50.11330 50.07170 49.56250 49.82230 52.05820 53.79860 55.75470 55.82860 57.57400 57.44180 58.01790 57.79990 52.06450 49.87110 47.96080 46.30120 45.37860 47.02330 46.30690 46.09190 43.72830 44.47290 44.33680 44.37460 41.95140 41.56480 40.87160 40.54350 40.51890 40.18000 40.64150 41.61380
-9999 -9999 -9999 -9999 -9999 -9999 -9999 -9999 -9999 -9999 55.07000 58.40470 57.61260 56.90720 57.79050 57.57540 59.29080 60.74640 62.00520 61.86280 60.78710 60.40460 58.82270 58.30670 56.38410 53.94160 52.49540 51.07850 50.44550 50.18480 50.14360 52.64670 52.85570 50.70550 50.16880 51.11730 51.13650 51.46130 52.15620 51.28980 51.70260 51.87020 51.68430 51.89840 52.89350 53.07560 53.24300 53.49180 53.19130 52.49530 50.68730 49.40820 46.57940 46.85880 47.33690 46.71350 45.40210 46.47640 45.62900 45.19780 44.71520 46.18400 44.44770 44.45850 44.50070 43.83780 42.27970 41.29240 41.15990 42.04580 41.79800
-9999 -9999 -9999 -9999 -9999 -9999 -9999 -9999 -9999 -9999 -9999 -9999 56.01960 58.36740 60.66630 62.76820 62.89660 62.47610 64.08530 63.61780 62.79880 63.74550 61.58090 59.17120 56.59350 53.46610 51.98700 50.38340 48.44850 48.86480 49.27430 50.67330 51.63720 51.08110 51.71240 50.57800 50.51940 49.98650 50.79260 49.59730 49.17490 50.55560 50.60680 49.57900 50.42280 51.80600 51.89690 50.58630 49.88630 48.74240 48.20910 47.35110 47.74190 46.69650 46.82740 46.10070 47.06150 44.36670 45.30990 46.15390 44.79790 46.19720 46.21020 43.25200 42.60450 41.22110 41.66750 42.54780 42.70670 43.41110 42.99590
-9999 -9999 -9999 -9999 -9999 -9999 -9999 -9999 -9999 -9999 -9999 -9999 55.70610 57.42670 60.80080 61.10400 63.59140 63.62140 65.24570 66.23120 63.99130 65.39190 63.13970 60.07230 58.68610 55.13540 51.43490 50.21390 48.33140 47.45500 47.11390 50.18220 50.49970 50.56650 50.79490 49.72430 50.67790 51.72310 51.09450 50.62930 49.78750 49.49420 50.22750 50.26980 50.45170 50.81170 50.81310 50.98880 49.89020 46.69590 47.31340 47.09480 47.07530 45.87750 46.66140 47.34560 46.90360 46.57700 46.10930 47.96400 48.07570 49.08590 46.59420 46.75410 45.54740 44.49060 44.07220 44.20940 44.21580 44.48540 43.48100
-9999 -9999 -9999 -9999 -9999 -9999 -9999 -9999 -9999 -9999 -9999 52.37630 56.34410 55.30110 57.33780 59.72710 63.85200 64.21020 67.01940 68.38120 65.30770 67.67400 64.48460 65.44920 62.76790 60.59690 56.24940 50.51830 48.26880 47.74220 45.87410 46.33660 46.50090 48.08580 49.03260 48.34810 49.69340 49.46810 50.85460 53.22980 52.52080 52.87300 52.15930 50.21840 49.93250 50.44440 50.79930 50.29390 49.08150 49.44250 50.22600 49.14360 49.87900 49.32270 50.14150 48.25920 47.14100 49.10770 48.94290 50.63220 48.89620 49.16700 49.92560 51.42720 50.22840 47.56780 47.81260 47.08730 48.59040 47.07810 45.79460
-9999 -9999 -9999 -9999 -9999 -9999 -9999 -9999 -9999 -9999 -9999 50.94200 52.44790 54.60150 55.39540 59.05970 61.93210 63.89580 65.94120 66.24750 64.68080 66.30790 63.93470 64.14690 61.82710 59.65990 55.08840 51.42800 49.90950 49.24440 46.86540 46.58880 46.76680 47.45530 48.03710 48.06540 48.88660 50.63040 50.23610 51.74030 53.00070 52.22370 54.29240 53.03030 51.99720 52.33840 51.86000 52.44140 51.17380 52.16600 50.66660 51.33640 51.99140 52.00790 50.70080 49.43480 50.21780 50.58470 51.41360 51.44760 52.33820 51.93410 52.47710 54.14070 53.87860 52.47630 51.65170 48.18790 49.06120 47.61560 46.58650
