data/hydroclimate-scenarios/BCSD_hadcm_A1B/monthly_summaries/snodep_monthly_day1_mar.2070-2099.asc
ncols	311
nrows	91
xllcenter	102.75
yllcenter	31.75
cellsize	0.5
NODATA_value	-9999
[rows 32 to 63 of 91, columns 0 to 71 of 311]
-9999 -9999 -9999 -9999 -9999 -9999 -9999 -9999 -9999 -9999 -9999 54.64990 55.82070 56.68840 58.55650 61.47440 66.49130 65.73420 68.60710 71.21600 71.38530 67.11760 64.58260 60.60370 58.27600 57.09510 54.03930 53.86900 49.83960 47.87800 46.81710 46.11860 45.21030 46.02770 46.27300 46.87510 49.15080 49.57970 49.89070 51.30430 52.07360 54.52780 55.45440 52.26380 52.25150 54.13790 54.53040 55.19460 54.59460 54.95840 52.79520 54.40590 54.44940 52.79930 51.81140 51.73900 51.76320 52.67740 52.56570 53.00030 53.16340 52.26390 52.54700 55.60640 54.63710 51.80400 51.32780 48.29670 50.80720 49.40990 47.48330 48.25610
-9999 -9999 -9999 -9999 -9999 -9999 -9999 -9999 -9999 -9999 -9999 57.98540 58.33420 57.53590 59.71560 62.29490 63.43520 65.44650 69.37400 69.01600 69.35940 67.22770 63.43060 60.89540 59.46420 56.92380 55.20580 51.43280 48.49090 46.34200 46.57520 43.68520 43.40240 43.01340 44.23930 46.07130 47.55520 48.79550 49.20170 52.28810 53.84010 56.47930 56.67990 53.97170 55.30910 57.83220 58.32720 58.26860 56.95160 58.11540 57.51060 56.90630 56.53720 55.46900 54.95710 54.76940 54.97710 55.78980 55.68750 55.02120 55.28480 54.86420 55.12690 56.13430 56.68960 55.08830 53.73180 51.84600 51.78590 50.92910 49.57820 50.43120
-9999 -9999 -9999 -9999 -9999 -9999 -9999 -9999 -9999 -9999 -9999 -9999 57.03620 55.90430 56.65360 60.53620 63.66570 64.42270 66.22650 67.47520 67.71440 64.43320 64.22570 62.42260 59.61560 60.51720 55.89870 53.98140 47.99220 45.35170 42.69100 41.07330 40.99580 40.63960 40.72250 43.43480 46.97120 47.75430 49.18370 52.08910 55.07700 55.54110 57.19350 56.91160 58.78290 60.69200 60.60860 59.91160 58.45960 58.63610 57.25940 58.07780 57.95040 56.61480 57.07050 56.02870 55.79500 56.27380 54.81420 54.19060 54.77430 57.01840 57.73460 54.78380 56.10040 55.48260 54.15980 50.95660 52.82540 51.81870 48.90950 49.74130
-9999 -9999 -9999 -9999 -9999 -9999 -9999 -9999 -9999 -9999 -9999 -9999 52.48060 53.26560 56.18170 57.65290 59.76750 61.65970 63.54490 65.09040 66.38910 68.37950 65.98410 63.51870 60.92130 57.55990 51.63670 49.23700 45.59750 43.32370 42.34000 39.15950 37.13250 36.99400 38.52350 41.96660 44.12530 46.16570 47.00220 49.99250 54.15140 55.04960 55.47380 56.64940 58.04320 60.64040 60.99590 61.02240 59.67780 57.98260 57.68120 57.05260 56.60450 56.28670 56.54480 55.45740 55.07640 55.75910 54.14490 52.27340 53.53140 56.46010 57.49560 55.49640 53.35600 52.68470 53.94800 51.99380 52.79020 51.18500 51.80700 51.71310
-9999 -9999 -9999 -9999 -9999 -9999 -9999 -9999 -9999 -9999 -9999 -9999 52.42950 51.41510 50.25270 52.90200 55.94480 56.37770 60.30360 64.28410 67.93460 66.32550 64.86160 60.60840 54.28910 50.60550 45.82810 41.58380 41.07870 38.80830 36.12340 36.65210 36.91180 37.21810 37.43600 39.84750 40.35370 42.66510 43.72540 47.63840 50.39700 52.96430 53.71380 55.59250 58.19030 63.55970 63.73710 62.15890 58.98930 57.29250 57.09760 54.37040 54.59400 52.95520 51.97980 53.13370 53.85420 52.92220 52.10560 53.52440 54.62040 55.34070 55.07460 53.26870 54.64170 53.21350 52.98790 50.93350 53.16060 52.91490 53.12090 52.17420
-9999 -9999 -9999 51.18820 50.45040 49.66400 50.35620 50.26660 50.04910 -9999 50.09610 51.71290 50.33150 49.22330 49.39710 47.98230 49.74100 49.84070 53.80150 57.67570 59.56220 58.03150 53.66650 51.24100 48.16360 44.26030 40.52950 41.32650 38.25750 38.19880 34.58000 33.11400 34.94380 35.36180 35.99450 38.26670 38.72700 40.03250 41.58530 44.54430 47.17640 48.57360 49.39340 52.65270 56.74410 64.72690 67.02630 63.37450 60.67550 57.92220 56.05370 54.97750 54.28950 54.61390 54.12280 57.56000 57.93590 54.92680 55.79040 54.76390 53.90280 55.09250 54.67600 55.15950 54.99790 54.51280 55.98450 53.24910 52.47150 54.08730 55.79130 54.64770
-9999 -9999 -9999 48.16970 47.32630 46.52230 47.80340 48.40790 49.94300 49.51930 50.09940 50.46140 48.96640 47.03310 46.62170 47.52510 47.74050 45.02040 44.88820 46.16060 46.59780 47.71260 45.97040 44.60580 43.11780 42.13100 39.96530 37.11820 35.82180 36.24520 34.04860 31.42370 32.36030 33.97370 35.19500 37.60310 38.25070 39.41480 40.31720 43.05570 46.19520 46.56860 46.29110 52.65870 59.53020 65.33730 66.11060 62.00250 60.88640 59.37550 58.83240 55.37220 56.84560 55.10970 54.57320 55.54790 56.26160 56.36480 57.56880 56.02950 54.41060 55.25990 55.24610 54.44780 54.87750 52.58020 53.66050 53.12690 55.67710 54.96960 56.96180 55.54810
-9999 -9999 -9999 42.40180 40.96210 42.61360 46.02790 46.43660 44.70120 45.38440 46.40270 46.47110 47.30930 47.99640 49.38330 45.85880 45.43480 43.65120 41.25150 41.33940 42.12220 42.54430 40.34500 41.53770 40.48650 36.72070 36.09360 33.14410 32.66850 32.60640 31.35480 29.32820 28.76690 30.37620 31.75380 34.53550 35.59020 34.47130 37.17020 39.27920 43.01460 43.81160 44.43120 50.01620 54.00040 61.27920 61.85410 59.56680 57.85780 57.03520 57.02930 53.55830 52.21040 52.11520 50.40520 51.97770 53.51180 53.86030 55.39620 54.76330 54.07410 52.70220 53.25780 54.88760 54.80240 53.66100 55.37730 58.05110 62.90960 61.23920 64.41090 59.60530
-9999 -9999 -9999 41.19600 40.31740 45.64460 50.71110 47.70240 45.75940 45.46870 44.01800 43.55070 47.25240 47.68130 49.60960 47.74400 46.05890 43.70310 41.83990 39.78820 40.18420 38.06230 37.34330 37.90880 34.65920 32.21750 31.20470 29.78400 28.61010 28.44650 26.69640 21.60020 23.87200 26.47660 28.21350 29.72450 29.96900 29.43670 31.02400 33.47480 37.27620 41.93390 45.59180 48.07120 49.56460 53.88830 55.20910 54.61350 56.25850 55.25080 53.61160 50.92860 50.23350 49.84220 50.06240 48.50350 49.57740 52.01800 53.20630 53.07710 55.60780 51.22640 53.09940 54.85160 55.73320 58.72030 61.60970 63.37360 69.52830 68.54480 65.20830 60.18090
-9999 -9999 -9999 37.46940 36.82450 41.42720 40.90890 40.40670 41.84660 41.75720 40.85900 42.49900 45.11790 48.04930 49.12000 48.03210 46.73320 41.42880 37.43290 33.51720 33.53890 32.34310 30.77600 29.94350 28.69670 27.03120 24.56430 24.21860 24.06910 22.38330 21.75960 19.80920 20.21350 22.80290 24.28460 27.29580 27.94890 26.37440 27.95950 29.78070 32.12570 35.24140 39.62200 42.49720 42.12720 43.99410 46.58590 48.50760 47.99630 48.64070 47.51180 43.77170 43.69840 47.37840 47.07150 46.66630 44.41440 47.07860 49.39480 51.49530 52.99280 51.93120 52.11480 59.96130 62.09980 63.28750 66.70590 70.63370 74.36770 66.64360 62.86500 -9999
-9999 -9999 -9999 -9999 36.59450 39.42630 38.84240 39.78810 41.43520 40.80490 39.25450 41.54800 47.28520 44.34080 -9999 -9999 -9999 -9999 -9999 32.06590 29.54910 25.22880 24.98600 23.58550 22.21390 20.96870 19.39870 19.72670 17.54860 16.30210 16.91090 17.30180 17.80500 20.25860 21.56650 23.16570 23.36920 25.15660 25.26490 26.33470 28.68500 28.57690 29.89030 32.91480 34.74830 35.45950 38.44520 41.35560 40.56870 39.68590 40.95710 38.85680 38.25640 42.11720 43.29970 44.43260 45.88600 46.92740 47.65620 52.21260 54.39450 55.32700 60.12420 57.13290 59.83870 63.34670 65.60570 69.99000 70.38520 -9999 -9999 -9999
-9999 -9999 33.43940 34.81880 34.16680 34.86990 36.30120 37.82980 36.66080 37.78970 36.35690 40.04180 44.98390 -9999 -9999 -9999 -9999 -9999 34.06520 26.77910 23.46930 16.88480 17.01620 16.27680 16.10910 15.74210 15.89650 15.54900 13.65120 13.80650 13.15950 13.16240 14.66730 16.16690 17.21960 19.11290 20.01610 22.33750 22.29340 23.28370 25.22540 23.45650 24.42830 27.21640 27.70880 29.15180 32.02590 33.69320 32.77100 33.16440 32.93210 31.88020 33.18450 35.74670 37.16610 37.16590 40.07210 42.94400 45.06560 47.83720 49.68570 52.15750 56.30360 53.14130 55.39290 60.43610 63.47370 -9999 -9999 -9999 -9999 -9999
-9999 -9999 34.76100 35.80370 33.18500 33.04520 33.27600 33.52100 33.95750 33.84450 36.58430 40.98110 42.61570 -9999 -9999 -9999 -9999 31.32390 28.71580 22.68100 18.17810 12.52920 10.60860 11.75130 11.23640 13.19840 12.88980 11.98050 11.17900 11.07240 11.78220 12.36830 14.00940 14.68790 16.89580 18.44380 19.82300 19.65400 20.79150 19.38170 19.38640 19.89670 21.49120 21.43380 22.37280 25.20680 26.06140 29.44460 27.17880 28.82650 28.94900 28.59870 29.33450 32.18170 33.16850 33.07490 34.72490 40.37800 44.29760 41.93350 43.35770 45.24520 46.01660 47.74900 50.58100 -9999 -9999 -9999 -9999 -9999 73.62040 -9999
-9999 -9999 33.99930 35.27230 33.28850 31.37610 31.81020 31.44910 32.49990 34.67660 37.28380 43.39210 27.23100 -9999 -9999 -9999 -9999 28.63260 25.55250 18.55400 13.70630 7.42216 6.05191 7.86219 7.28354 9.70737 10.25780 10.30340 9.16612 9.32555 10.01120 11.04580 11.58400 12.91990 14.96410 15.72950 16.50660 16.10780 16.63590 15.35020 16.06780 18.09690 18.03090 17.65100 20.04950 22.66510 23.42800 24.77930 23.82440 24.82670 25.59420 26.28780 28.04860 30.58560 31.04910 30.49480 33.29410 37.08550 39.27460 38.62360 39.38000 39.08510 41.54760 45.42920 49.36020 53.65680 54.55180 57.06350 59.82450 -9999 -9999 -9999
-9999 -9999 -9999 34.07520 31.73620 29.56610 29.02920 30.64460 33.34050 38.93810 41.11730 31.42800 -9999 -9999 -9999 -9999 29.65330 25.97650 19.23210 15.19430 10.37390 6.49900 5.96854 5.56623 6.56303 7.82452 8.46221 9.08740 9.43870 8.52688 8.61867 9.44489 10.67380 12.06880 12.18850 14.12350 14.27630 14.44120 15.39370 15.00570 14.82240 15.07230 14.92440 16.04470 18.84040 20.81490 21.28720 22.99390 21.54560 21.80680 23.51000 25.37870 25.76260 27.65070 29.57430 30.00930 31.84730 33.97550 36.21860 36.69050 37.86870 38.11410 41.32860 49.08530 54.13840 48.52080 46.46250 52.71840 54.65630 49.82960 -9999 -9999
-9999 -9999 -9999 -9999 32.03610 30.20890 28.95120 31.20120 33.28030 35.65780 25.37950 -9999 -9999 -9999 -9999 33.42350 29.64490 23.46210 15.85390 12.90370 8.71417 5.30032 5.25864 3.31189 3.58012 6.80291 7.29694 7.86582 8.72455 9.87684 8.85130 9.44850 10.35150 10.07470 11.06890 12.42120 13.45670 14.40500 13.90640 14.14220 14.54620 14.30440 13.43750 14.37920 15.41440 17.90130 19.94750 19.72360 19.12250 20.05560 21.89390 24.99070 25.64850 27.21040 27.62100 29.05160 31.29440 32.16690 33.61500 34.88400 36.89880 37.52610 40.70200 42.16560 44.58130 44.02780 42.49670 43.18900 46.07120 48.20310 51.05180 54.65420
-9999 -9999 -9999 -9999 -9999 -9999 30.03480 31.43790 25.14530 23.83820 32.48450 -9999 -9999 -9999 -9999 -9999 27.76310 20.03490 16.02830 10.10410 7.26853 7.03239 3.18257 3.17360 3.08681 5.63956 5.68220 7.71988 8.66643 9.42170 9.64610 10.25780 11.04330 9.42638 11.13960 12.66990 12.31600 12.52760 12.12510 10.64600 11.19270 10.56400 12.37630 12.17010 13.59660 13.60910 14.71530 16.81610 18.00130 19.59020 22.05260 21.99960 24.52720 24.69690 25.99760 28.90990 29.95800 31.17170 32.37440 34.40530 37.32170 37.46160 40.26510 41.32030 44.73680 42.25400 39.46290 38.46990 41.06650 42.71120 46.41910 50.86820
-9999 -9999 -9999 -9999 -9999 -9999 -9999 -9999 -9999 -9999 -9999 -9999 -9999 -9999 -9999 -9999 -9999 -9999 -9999 8.56729 5.44685 6.13417 3.83286 2.83984 3.76482 5.26608 7.33748 9.81996 12.07400 11.31770 11.12830 12.19130 10.82760 9.63609 10.72450 11.30050 11.37950 9.93282 9.83737 9.63174 8.98131 9.66491 10.22040 9.90944 11.48070 12.23270 13.27180 15.04590 15.76400 18.85420 21.11980 20.80040 23.39210 23.86710 24.23650 26.66310 27.64870 30.96200 30.87190 32.44900 35.39630 33.85340 36.33950 38.28010 39.18130 35.84190 33.73090 34.03240 36.01310 39.77730 43.69970 48.87330
-9999 -9999 -9999 -9999 -9999 -9999 -9999 -9999 -9999 -9999 -9999 -9999 -9999 -9999 -9999 -9999 -9999 -9999 9.63244 6.40947 4.86894 3.04948 3.93751 4.06287 4.62061 5.95309 5.86515 7.72905 7.40883 7.65579 8.47658 9.20835 9.57797 9.19062 10.34660 10.05860 10.48600 11.57950 10.01400 7.88608 8.55903 8.30108 8.75944 9.51131 10.09630 10.22140 10.77900 12.90110 13.34750 15.53490 17.58330 20.79750 23.09440 23.90270 24.78280 24.99370 26.56870 28.62390 29.39050 28.39130 28.39560 28.49220 30.61620 34.37280 35.19890 32.68930 34.10040 33.79710 36.28440 38.49990 43.19270 47.98600
-9999 -9999 -9999 -9999 -9999 -9999 -9999 -9999 -9999 -9999 -9999 -9999 -9999 -9999 -9999 -9999 -9999 10.57470 8.97749 5.32692 4.27395 3.34223 3.95368 3.71411 4.39439 5.67769 6.45979 7.48524 5.79669 6.73252 7.73984 9.00185 10.02880 10.10410 11.36880 8.78899 9.42162 10.48260 9.71758 8.83225 8.00515 7.79451 7.79004 8.10398 8.05037 9.18112 10.56290 10.80180 13.08630 15.46400 17.90980 21.38660 23.44280 23.58800 23.85690 23.61930 25.23520 25.83340 26.21760 25.52050 26.65240 26.91120 31.33610 33.98450 30.87830 30.77420 32.70800 35.47420 37.21050 37.15550 42.16250 44.10060
-9999 -9999 -9999 -9999 -9999 -9999 -9999 -9999 -9999 -9999 -9999 -9999 -9999 -9999 -9999 -9999 -9999 6.95439 4.98682 2.69762 2.52135 1.63859 0.97706 2.29005 3.83593 4.19939 4.83902 6.16389 6.25069 6.29941 7.57776 9.36514 9.00520 12.34230 10.16450 9.61970 9.48946 8.82557 7.99830 7.82900 7.18138 6.44223 6.27829 7.41319 7.79467 9.60381 9.94241 9.79881 11.55910 14.03520 15.93000 20.20260 21.60870 23.42030 23.41060 22.57770 23.01370 23.22130 24.07350 23.82770 24.48590 26.50190 29.30320 32.23690 35.69320 33.64720 31.71740 33.45450 33.05820 32.52370 36.90980 44.74220
-9999 -9999 -9999 -9999 -9999 -9999 -9999 -9999 -9999 -9999 -9999 -9999 -9999 -9999 -9999 -9999 7.44283 4.18120 2.62999 1.75705 1.43168 1.41661 1.68539 2.36783 3.81794 3.70313 3.91307 6.92743 6.59812 7.07515 6.85201 9.62625 9.94167 11.67930 10.11890 9.87306 9.59976 8.39177 7.21247 7.17741 6.35344 5.92317 6.20051 6.07287 6.77173 7.64202 8.35311 8.60821 9.37667 12.98500 14.93970 18.41660 20.46690 21.71670 22.64920 22.08410 21.21370 20.20540 21.83740 24.35820 24.19780 26.62220 28.35180 33.75610 33.84290 33.56940 34.67910 32.02930 32.45380 32.21140 36.78920 42.07910
-9999 -9999 -9999 -9999 -9999 -9999 -9999 -9999 -9999 -9999 -9999 -9999 -9999 7.65277 6.19942 4.40136 3.53230 1.73410 1.64385 0.72207 0.87669 0.75976 0.98948 1.55245 1.66060 3.02737 4.54212 5.18791 5.70228 5.97774 5.47922 6.21500 7.81220 8.52867 8.28361 8.40815 8.09516 6.45992 4.87070 4.22303 3.70462 3.36842 3.14288 4.06152 5.08557 5.42565 5.97232 6.52575 6.95257 9.35228 11.25320 15.34130 18.92960 20.86190 22.43810 20.77370 20.51770 20.40540 20.39030 22.39610 23.33140 23.68550 27.80170 28.46970 29.13030 32.48530 35.30960 34.98890 34.66460 33.66530 38.78340 47.05510
-9999 -9999 -9999 -9999 -9999 -9999 -9999 -9999 -9999 -9999 -9999 -9999 4.44944 4.29504 3.39847 3.06167 2.03389 1.71545 0.45134 0.59445 0.47246 0.45435 1.35385 1.43869 1.63101 2.63278 2.84748 4.50060 4.58002 5.15230 5.10889 5.59646 6.58547 6.83079 6.34930 7.56185 6.72961 5.29245 3.92387 2.41458 2.39657 2.19083 2.07473 2.20432 3.57461 5.99839 5.44141 5.85505 5.56964 6.72413 8.79906 11.45970 13.42970 16.38230 19.59450 21.57630 18.90180 18.27660 19.52180 19.99740 21.08020 22.68950 24.66270 28.78330 31.39140 34.76270 36.27550 34.98030 33.11170 36.17520 43.07460 47.40350
-9999 -9999 -9999 -9999 -9999 -9999 -9999 -9999 -9999 -9999 -9999 3.06490 2.30698 2.57439 1.84439 1.08628 1.12109 0.45202 0.52806 0.33774 0.21132 0.78583 1.06802 0.76950 0.89673 1.34871 1.51675 2.12029 2.78896 3.40266 3.70563 4.34935 4.49411 5.52264 5.24875 5.08689 4.02902 1.88640 1.53207 1.39139 0.92958 0.63004 0.52552 0.93167 2.24489 2.66057 2.80287 4.71588 6.07106 5.78732 6.49633 8.75094 10.34900 11.77890 13.65760 16.16460 16.16370 16.13120 17.92870 16.38250 17.54900 21.25080 24.24850 27.73630 31.89650 34.89950 34.46730 31.55250 32.09840 36.18170 46.78130 52.53340
-9999 -9999 -9999 -9999 -9999 -9999 -9999 -9999 -9999 -9999 3.69962 3.35171 1.89123 1.41796 2.04024 0.57512 0.69359 0.69065 0.85611 0.39039 0.39450 0.65405 1.01195 0.87845 0.77800 1.47626 1.38356 2.64444 2.77007 3.33134 3.58489 3.84448 3.96569 5.34405 5.91715 4.89894 2.70864 2.46966 2.13591 1.13993 0.77006 0.32009 0.46306 0.76453 0.91650 0.86089 2.05960 2.66840 3.60941 5.19048 5.22911 5.81350 7.15945 7.37476 9.95389 11.42730 13.07300 13.79180 16.61180 16.77550 17.95180 20.29250 23.44840 26.82490 28.95570 33.02200 32.62510 29.19550 33.79600 40.41480 47.89820 48.12210
-9999 -9999 -9999 -9999 -9999 -9999 -9999 -9999 -9999 1.76768 1.79769 1.87088 2.19731 1.94705 1.73933 0.90684 0.91371 0.67249 0.54955 0.42057 0.46553 0.58600 0.66887 0.91376 1.06455 1.31315 1.20667 2.09732 1.92344 1.69575 2.32032 3.57962 4.38870 3.66087 4.04631 4.16669 2.89066 2.43758 1.54587 0.86042 0.53109 0.30421 0.28965 0.51951 0.52119 0.74409 1.69727 2.22101 3.10357 3.58375 3.90093 2.87479 4.43425 5.52061 6.81584 5.81227 8.94359 11.64600 12.02780 14.32320 16.47970 19.15590 21.11310 22.88050 23.48380 23.69290 22.85480 27.85180 34.37920 39.46320 40.87600 42.04960
-9999 -9999 -9999 -9999 -9999 -9999 -9999 -9999 -9999 -9999 1.28950 0.73613 0.33129 1.48974 1.26746 0.82928 0.94953 0.65256 0.77153 0.60465 0.64422 0.67995 0.75276 -9999 -9999 -9999 -9999 -9999 -9999 1.48494 1.81553 2.54922 3.03404 2.73556 3.41195 3.45544 2.76657 1.64296 0.49164 0.63980 0.48834 0.30792 0.31956 0.35385 0.56173 0.75354 1.29055 1.79408 2.17198 2.24529 2.67158 2.86515 3.67917 3.80857 6.05376 5.43756 7.50980 9.08822 9.26037 13.03760 15.50200 18.24670 20.01010 21.35470 23.68780 19.39470 24.24200 30.09930 43.27250 45.05340 49.25230 46.50850
-9999 -9999 -9999 -9999 -9999 -9999 -9999 -9999 -9999 -9999 -9999 -9999 0.14155 0.12557 0.28885 0.78645 0.40092 1.02358 1.24376 -9999 -9999 -9999 -9999 -9999 -9999 -9999 -9999 -9999 -9999 -9999 -9999 -9999 -9999 1.59728 1.92739 1.48572 1.17825 1.03435 0.81755 0.25848 0.27220 0.45530 0.38201 0.15948 0.14051 0.33742 0.67902 1.41100 1.25799 4.63848 4.76894 3.08804 3.57994 3.34240 3.79568 3.09009 3.98195 5.22589 6.96717 12.76800 14.85380 15.34220 17.23650 16.95680 17.22920 17.02500 21.92740 32.46070 39.76550 38.50960 43.37990 44.06840
-9999 -9999 -9999 -9999 -9999 -9999 -9999 -9999 -9999 -9999 -9999 -9999 -9999 -9999 -9999 -9999 -9999 -9999 -9999 -9999 -9999 -9999 -9999 -9999 -9999 -9999 -9999 -9999 -9999 -9999 -9999 -9999 -9999 -9999 0.89554 0.26238 0.31490 0.50132 0.40360 0.05106 0.09621 0.20964 0.16167 0.00001 0.14825 0.11567 0.56630 1.30319 1.31241 3.65474 4.59640 3.05243 4.01251 3.23197 3.87416 2.87719 2.56885 4.58698 6.72753 13.17240 16.10110 15.90510 19.24460 16.69340 14.91250 15.15380 21.58100 34.46520 43.41400 39.35420 41.49470 -9999
-9999 -9999 -9999 -9999 -9999 -9999 -9999 -9999 -9999 -9999 -9999 -9999 -9999 -9999 -9999 -9999 -9999 -9999 -9999 -9999 -9999 -9999 -9999 -9999 -9999 -9999 -9999 -9999 -9999 -9999 -9999 -9999 -9999 -9999 0.26702 0.46243 0.54210 0.24112 0.10425 0.16904 0.14621 0.00000 0.00000 0.29262 0.31960 1.13730 1.19090 1.49192 2.33265 2.16022 2.58409 2.52613 3.45823 3.60556 3.60303 2.29471 2.58503 4.68087 7.28518 7.59368 9.60392 15.33850 18.28230 16.03300 16.46920 22.36920 24.49710 28.96770 39.48230 36.78120 -9999 -9999
-9999 -9999 -9999 -9999 -9999 -9999 -9999 -9999 -9999 -9999 -9999 -9999 -9999 -9999 -9999 -9999 -9999 -9999 -9999 -9999 -9999 -9999 -9999 -9999 -9999 -9999 -9999 -9999 -9999 -9999 -9999 -9999 -9999 -9999 -9999 -9999 -9999 -9999 0.07259 0.11879 0.07467 0.00000 0.30293 0.31457 0.45599 0.85632 1.68423 1.66613 1.80591 1.98288 2.04836 2.28624 1.97358 2.88166 2.87552 1.64498 1.80414 3.93979 6.56567 7.28771 10.33790 13.85020 14.69500 13.94130 20.72790 23.15660 25.89920 27.61960 26.54670 -9999 -9999 -9999
