data/hydroclimate-scenarios/BCSD_hadcm_A1B/monthly_summaries/snodep_monthly_day1_dec.2030-2059.asc
ncols	311
nrows	91
xllcenter	102.75
yllcenter	31.75
cellsize	0.5
NODATA_value	-9999
[rows 0 to 31 of 91, columns 72 to 143 of 311]
-9999 -9999 -9999 -9999 -9999 -9999 -9999 -9999 -9999 -9999 -9999 -9999 -9999 -9999 -9999 -9999 -9999 -9999 -9999 -9999 -9999 -9999 -9999 -9999 -9999 -9999 -9999 -9999 -9999 -9999 -9999 -9999 -9999 -9999 -9999 -9999 -9999 -9999 -9999 -9999 -9999 -9999 -9999 -9999 -9999 -9999 -9999 -9999 -9999 -9999 -9999 -9999 -9999 -9999 -9999 -9999 -9999 -9999 -9999 -9999 -9999 -9999 -9999 -9999 -9999 -9999 -9999 -9999 -9999 -9999 -9999 -9999
-9999 -9999 -9999 -9999 -9999 -9999 -9999 -9999 -9999 -9999 -9999 -9999 -9999 -9999 -9999 -9999 -9999 -9999 -9999 -9999 -9999 -9999 -9999 -9999 -9999 -9999 -9999 -9999 -9999 -9999 -9999 -9999 -9999 -9999 -9999 -9999 -9999 -9999 -9999 -9999 -9999 -9999 -9999 -9999 -9999 -9999 -9999 -9999 -9999 -9999 -9999 -9999 -9999 -9999 -9999 -9999 -9999 -9999 -9999 -9999 -9999 -9999 -9999 -9999 -9999 -9999 -9999 -9999 -9999 -9999 -9999 -9999
-9999 -9999 -9999 -9999 -9999 -9999 -9999 -9999 -9999 -9999 -9999 -9999 -9999 -9999 -9999 -9999 -9999 -9999 -9999 -9999 -9999 -9999 -9999 -9999 -9999 -9999 -9999 -9999 -9999 -9999 -9999 -9999 -9999 -9999 -9999 -9999 -9999 -9999 -9999 -9999 -9999 -9999 -9999 -9999 -9999 -9999 -9999 -9999 -9999 -9999 -9999 -9999 -9999 -9999 -9999 -9999 -9999 -9999 -9999 -9999 -9999 -9999 -9999 -9999 -9999 -9999 -9999 -9999 -9999 -9999 -9999 -9999
-9999 -9999 -9999 -9999 -9999 -9999 -9999 -9999 -9999 -9999 -9999 -9999 -9999 -9999 -9999 -9999 -9999 -9999 -9999 -9999 -9999 -9999 -9999 -9999 -9999 -9999 -9999 -9999 -9999 -9999 -9999 -9999 -9999 -9999 -9999 -9999 -9999 -9999 -9999 -9999 -9999 -9999 -9999 -9999 -9999 -9999 -9999 -9999 -9999 -9999 -9999 -9999 -9999 -9999 -9999 -9999 -9999 -9999 -9999 -9999 -9999 -9999 -9999 -9999 -9999 -9999 -9999 -9999 -9999 -9999 -9999 -9999
-9999 -9999 -9999 -9999 -9999 -9999 -9999 -9999 -9999 -9999 -9999 -9999 -9999 -9999 -9999 -9999 -9999 -9999 -9999 -9999 -9999 -9999 -9999 -9999 -9999 -9999 -9999 -9999 -9999 -9999 -9999 -9999 -9999 -9999 -9999 -9999 -9999 -9999 -9999 -9999 -9999 -9999 -9999 -9999 -9999 -9999 -9999 -9999 -9999 -9999 -9999 -9999 -9999 -9999 -9999 -9999 -9999 -9999 -9999 -9999 -9999 -9999 -9999 -9999 -9999 -9999 -9999 -9999 -9999 -9999 -9999 -9999
-9999 -9999 -9999 -9999 -9999 -9999 -9999 -9999 -9999 -9999 -9999 -9999 -9999 -9999 -9999 -9999 -9999 -9999 -9999 -9999 -9999 -9999 -9999 -9999 -9999 -9999 -9999 -9999 -9999 -9999 -9999 -9999 -9999 -9999 -9999 -9999 -9999 -9999 -9999 -9999 -9999 -9999 -9999 -9999 -9999 -9999 -9999 -9999 -9999 -9999 -9999 -9999 -9999 -9999 -9999 -9999 -9999 -9999 -9999 -9999 -9999 -9999 -9999 -9999 -9999 -9999 -9999 -9999 -9999 -9999 -9999 -9999
-9999 -9999 -9999 -9999 -9999 -9999 -9999 -9999 -9999 -9999 -9999 -9999 -9999 -9999 -9999 -9999 -9999 -9999 -9999 -9999 -9999 -9999 -9999 -9999 -9999 -9999 -9999 -9999 -9999 -9999 -9999 -9999 -9999 -9999 -9999 -9999 -9999 -9999 -9999 -9999 -9999 -9999 -9999 -9999 -9999 -9999 -9999 -9999 -9999 -9999 -9999 -9999 -9999 -9999 -9999 -9999 -9999 -9999 -9999 -9999 -9999 -9999 -9999 -9999 -9999 -9999 -9999 -9999 -9999 -9999 -9999 -9999
-9999 -9999 -9999 -9999 -9999 -9999 -9999 -9999 -9999 -9999 -9999 -9999 -9999 -9999 -9999 -9999 -9999 -9999 -9999 -9999 -9999 -9999 -9999 -9999 -9999 -9999 -9999 -9999 -9999 -9999 -9999 -9999 -9999 -9999 -9999 -9999 -9999 -9999 -9999 -9999 -9999 -9999 -9999 -9999 -9999 -9999 -9999 -9999 -9999 -9999 -9999 -9999 -9999 -9999 -9999 -9999 -9999 -9999 -9999 -9999 -9999 -9999 -9999 -9999 -9999 -9999 -9999 -9999 -9999 -9999 -9999 -9999
-9999 -9999 -9999 -9999 -9999 27.64400 -9999 -9999 -9999 -9999 -9999 -9999 -9999 -9999 -9999 -9999 -9999 -9999 -9999 -9999 -9999 -9999 -9999 -9999 -9999 -9999 -9999 -9999 -9999 -9999 -9999 -9999 -9999 -9999 -9999 -9999 -9999 -9999 -9999 -9999 -9999 -9999 -9999 -9999 -9999 -9999 -9999 -9999 -9999 -9999 -9999 -9999 -9999 -9999 -9999 -9999 -9999 -9999 -9999 -9999 -9999 -9999 -9999 -9999 -9999 -9999 -9999 -9999 -9999 -9999 -9999 -9999
-9999 26.67420 24.65770 25.42640 25.84850 27.38770 29.98940 32.10700 33.77360 33.67430 35.06160 34.61850 35.76850 35.64830 35.47000 36.88610 37.05200 37.37340 37.16200 35.92570 35.30260 -9999 -9999 -9999 -9999 -9999 -9999 -9999 -9999 -9999 -9999 -9999 -9999 -9999 -9999 -9999 -9999 -9999 -9999 -9999 -9999 -9999 -9999 -9999 -9999 -9999 -9999 -9999 -9999 -9999 -9999 -9999 -9999 -9999 -9999 -9999 -9999 -9999 -9999 -9999 -9999 -9999 -9999 -9999 -9999 -9999 -9999 -9999 -9999 -9999 -9999 -9999
-9999 -9999 -9999 27.22260 29.04260 31.35160 32.95580 36.01200 37.75460 38.64280 40.10600 36.38630 38.43440 36.48180 37.43540 40.44390 40.23320 40.20130 39.99140 38.78290 37.99820 -9999 -9999 -9999 -9999 -9999 -9999 -9999 -9999 -9999 -9999 -9999 -9999 -9999 -9999 -9999 -9999 -9999 -9999 -9999 -9999 -9999 -9999 -9999 -9999 -9999 -9999 -9999 -9999 -9999 -9999 -9999 -9999 -9999 -9999 -9999 -9999 -9999 -9999 -9999 -9999 -9999 -9999 -9999 -9999 -9999 -9999 -9999 -9999 -9999 -9999 -9999
25.80900 26.09980 27.77850 28.78500 28.70900 32.76790 32.96730 35.85750 37.80550 38.38100 40.15140 37.14150 37.73240 37.49700 37.72980 40.04200 41.69510 40.99480 41.21540 39.45450 39.77670 37.35150 37.51860 35.43820 35.57860 34.00570 33.97120 -9999 -9999 -9999 -9999 -9999 -9999 -9999 -9999 -9999 -9999 -9999 -9999 -9999 -9999 -9999 -9999 -9999 -9999 -9999 -9999 -9999 -9999 -9999 -9999 -9999 -9999 -9999 -9999 -9999 -9999 -9999 -9999 -9999 -9999 -9999 -9999 -9999 -9999 -9999 -9999 -9999 -9999 -9999 -9999 -9999
28.83750 29.12790 29.21680 28.92040 31.36450 33.35240 35.37700 35.79980 37.61450 38.58830 38.84700 41.01210 42.82250 40.73540 42.58470 42.77240 43.00290 43.11680 43.20990 41.22060 40.16310 39.56570 38.78070 38.47280 36.85780 36.85320 36.35860 36.12400 35.05790 34.59310 34.66420 32.86020 31.78430 30.44550 30.08400 29.74810 29.22140 28.35620 27.41590 26.62610 25.93830 25.64300 -9999 -9999 -9999 -9999 -9999 -9999 -9999 -9999 -9999 -9999 -9999 -9999 -9999 -9999 -9999 -9999 -9999 -9999 -9999 -9999 -9999 -9999 -9999 -9999 -9999 -9999 -9999 -9999 -9999 -9999
28.38090 28.43190 28.88860 28.91440 30.94660 32.62960 34.08370 36.82780 37.37650 38.69700 40.20910 40.47850 42.46560 40.74560 42.12150 42.84380 43.71530 42.83900 42.86130 41.68630 40.82480 39.91940 39.55940 39.07280 38.75790 37.95370 37.84890 36.88960 36.59520 36.31880 35.95450 33.24540 31.52580 31.30460 30.13380 30.76790 30.20680 28.56070 26.80770 27.44740 27.21370 26.85410 26.58000 -9999 -9999 -9999 -9999 -9999 -9999 -9999 -9999 -9999 -9999 -9999 -9999 -9999 -9999 -9999 -9999 -9999 -9999 -9999 -9999 -9999 -9999 -9999 -9999 -9999 -9999 -9999 -9999 -9999
27.78140 26.98560 27.21430 29.47690 29.34830 32.72480 33.39620 35.96250 38.17470 37.74190 39.40610 41.13070 42.09870 42.46090 42.60640 42.88770 42.77680 40.97820 41.75590 40.47700 40.84850 40.49790 40.03420 39.82620 39.66880 39.37440 38.95030 38.11300 38.15850 38.64960 36.47750 34.96320 34.50860 33.68650 33.08870 34.21040 31.88890 32.26150 31.97240 29.50460 28.62330 27.65900 27.22700 -9999 -9999 -9999 -9999 -9999 -9999 -9999 -9999 -9999 -9999 -9999 -9999 -9999 -9999 -9999 23.93560 24.89570 -9999 -9999 -9999 -9999 28.50350 29.16750 30.08810 27.54280 27.43310 26.20760 26.64090 27.10110
26.51180 27.35260 26.61600 28.24950 29.76730 30.76610 32.94900 33.96750 35.94190 37.29170 39.05740 38.88650 41.13330 41.74300 40.63800 41.44350 40.97790 39.33230 39.07500 38.73370 39.47800 38.49910 37.49410 37.73490 38.49880 39.26900 39.67080 39.48920 38.78090 39.27630 38.12090 36.58790 35.57690 34.96800 34.19450 33.91370 33.67050 34.03790 33.56830 30.61010 30.18010 29.27440 28.80040 29.38270 28.82560 27.72440 27.98780 27.58860 28.09220 28.00580 27.49780 27.63870 27.93840 27.14500 27.16080 26.49170 26.35660 25.33880 26.39560 27.36250 -9999 -9999 -9999 -9999 -9999 30.71440 31.21230 29.72410 30.40050 28.91840 29.84450 32.14910
26.65720 27.78790 27.30400 27.82840 28.49500 29.68390 30.94580 33.10750 33.45240 33.61290 35.53560 37.61140 39.70440 38.14920 38.71170 39.00590 38.15500 36.96640 37.73200 35.97410 36.91800 36.87530 36.82140 37.87900 38.32760 39.15030 39.44910 39.30740 37.71300 37.42570 37.02860 36.09560 36.09510 37.10210 34.12020 34.69920 34.18600 32.23940 31.49510 32.37430 32.01000 31.05390 30.93010 31.06600 30.67350 29.29150 29.01890 29.62360 29.97550 29.52360 28.72290 29.13500 29.65930 31.38230 30.11460 28.28190 28.25470 29.18690 28.96240 30.08420 30.49010 31.72170 31.52900 31.19250 32.46010 31.70660 32.16720 31.79590 32.38920 32.86540 33.30640 34.14680
26.86530 27.04130 26.90090 27.09070 27.39310 28.75700 28.83840 31.75170 32.52150 32.43240 34.43220 36.30600 38.07080 36.44000 36.38350 36.76940 37.22460 35.20850 35.97380 34.79850 35.86550 36.59550 36.41300 36.07890 37.07250 37.09210 38.78330 38.25600 37.72460 37.53310 37.03720 35.69020 36.59180 36.71190 35.57880 36.20080 35.38410 33.34040 32.51680 33.25670 33.80620 33.93400 31.93050 30.84630 30.79610 29.97520 30.53870 30.58350 31.03190 29.63680 30.05990 29.97290 31.38070 32.62930 32.45830 30.26440 30.69670 31.31310 31.57640 31.56300 33.91400 34.82110 35.04510 33.78300 33.67630 32.89560 32.18630 31.63320 33.98770 35.20200 35.27020 37.10690
28.35210 27.07640 28.65780 26.70950 27.35860 29.33960 28.17080 29.48690 30.08180 30.87560 32.65920 31.51910 32.26580 32.85580 32.29210 35.56530 35.35340 33.84030 33.99480 35.38480 35.31620 35.80820 36.86630 38.15060 38.50680 38.72290 39.02880 38.88850 39.16660 39.51320 39.80470 42.43230 40.40130 39.07500 37.80320 34.56650 35.29160 34.42150 33.62210 33.13130 32.60880 33.94650 33.08700 33.16300 32.83430 31.32070 31.32000 29.56530 30.51100 31.10240 31.61390 32.32060 32.64900 31.27880 31.80530 33.04710 33.89440 35.61050 36.06760 34.53010 35.26150 35.47410 37.00990 37.69640 37.11590 35.12360 34.83090 35.47090 35.57310 34.95100 35.39350 37.73250
28.14660 28.16060 27.50500 26.77030 27.46020 26.96340 26.72860 28.74840 29.40670 29.71040 30.46460 30.06420 30.86210 31.63630 33.15960 34.02880 35.08050 33.51110 34.26160 34.46860 34.82910 36.26610 36.81480 39.01890 37.65300 37.81100 38.46420 36.71030 38.57720 40.02680 39.10320 42.03800 41.78430 41.22920 39.26950 36.48200 35.43080 35.03810 34.93220 33.90300 33.85590 33.43200 32.92350 34.09970 33.45010 31.39930 30.97520 29.51110 30.36590 31.32020 32.71790 32.78850 33.11950 32.66900 33.37500 34.87890 35.61150 36.14140 36.38390 34.62790 35.69350 36.52900 39.13470 39.44840 40.52280 39.20610 37.90530 37.87680 36.74000 36.35750 34.44920 36.31050
29.40850 27.19930 28.02760 27.72250 27.76500 27.01010 27.53460 28.00500 26.31130 26.92670 28.15920 28.85570 29.75720 30.28390 30.59610 33.05120 34.12340 34.18210 34.84010 32.15390 33.19630 35.30460 37.04090 37.46990 38.61310 38.51130 39.10640 38.32510 38.85580 39.88230 40.60780 39.23260 38.69120 39.49250 38.79630 35.51780 35.58470 36.00100 35.07680 33.91030 33.84670 33.26290 32.49930 33.76980 32.52370 30.70700 31.22800 30.40260 30.87590 31.48430 32.85200 33.42550 33.59820 34.30420 35.17590 33.47490 35.28070 35.59980 37.55560 36.56490 36.68150 38.88860 40.68570 40.98320 40.96200 38.03790 38.74030 37.11700 36.49100 36.01400 34.97990 34.86470
29.20160 28.99560 28.87190 28.70380 28.30660 27.96050 27.08220 27.66370 27.30980 26.68720 27.58280 27.87760 29.06310 29.77810 29.64020 32.20290 33.39460 33.21110 34.20110 32.95520 33.87920 35.64270 37.59160 39.18340 40.53440 41.43520 42.04710 40.70650 41.40370 41.30220 41.01050 39.28000 38.80710 39.99200 39.25130 36.77800 36.48260 36.11810 35.46810 34.69040 33.83660 33.98480 33.67340 34.72490 34.14650 33.20450 32.68970 32.23040 31.69410 33.91340 34.18260 35.12090 36.03820 35.92870 36.55620 35.86120 35.23800 36.91540 38.95750 37.54740 38.21920 41.64170 41.71130 42.65290 42.48720 39.59730 38.18130 36.93250 37.25390 35.06680 34.41520 35.03200
31.47990 31.60780 32.69280 29.44470 29.00730 29.02770 28.32470 28.12710 27.95720 28.38570 28.42950 28.96690 28.98730 30.65320 30.82490 30.73800 32.07760 31.29690 32.52900 33.99650 35.37530 37.17560 37.99650 40.63220 42.69310 43.42110 44.09110 44.30300 43.83680 42.17030 41.74800 39.42620 38.52210 38.10470 37.20650 36.91520 35.65280 37.22610 36.66860 35.92410 35.44840 34.30980 33.97630 33.55800 33.38930 33.89780 32.98840 34.62070 36.46140 35.07330 34.89290 35.90140 36.38600 35.01900 36.60500 37.07110 38.66060 38.66830 38.82750 37.61280 39.47480 41.62430 41.69360 43.40880 43.58530 40.33010 38.82000 37.85750 37.09280 38.37350 38.66440 38.87110
33.12960 32.49270 33.79090 31.45810 31.60460 29.50690 29.11380 29.67340 28.19520 29.04900 29.48170 30.32190 30.43160 30.68110 30.53350 31.46210 31.98620 30.92920 31.52590 33.01130 35.78060 37.10070 38.33780 41.89890 42.84730 43.88030 44.77240 43.53720 43.29090 43.80990 43.03690 40.41950 38.96450 38.45660 36.80850 36.99130 36.06470 36.94590 36.66090 37.18460 36.78330 35.16690 34.77950 33.17970 32.62010 33.33760 34.06750 36.05110 37.10390 36.36110 36.42860 36.19190 36.78640 36.59930 37.51440 38.53440 39.38860 39.49460 40.03060 38.17740 39.67270 42.16530 43.85130 43.95680 42.28980 39.78700 38.51320 37.06110 37.33490 39.83720 39.13510 37.98930
32.30680 32.83210 31.94110 31.58390 31.87360 31.08130 30.65410 28.85370 28.14310 27.55590 29.43150 29.40730 29.89860 32.22140 32.52540 31.27850 31.65500 31.32960 31.38000 33.50650 35.09290 36.84490 37.82250 39.78560 41.41640 41.82540 43.90990 44.92140 44.90950 43.64140 42.52040 41.64520 39.23610 39.17320 37.59970 36.08960 35.84280 34.90770 34.77840 37.28960 36.65980 36.28430 35.32650 31.75830 30.90190 32.81640 33.27410 35.94150 37.79560 36.84680 35.65060 35.35030 35.88590 36.04570 37.21250 36.82160 37.21400 39.93840 39.76200 40.39730 40.76030 42.34770 42.39950 44.56220 43.90710 42.46840 41.69360 42.30330 40.30660 39.19320 38.50740 38.23950
33.58870 33.54070 33.54460 32.16490 32.27190 31.91760 30.73010 29.19270 28.15240 28.64420 29.67210 29.19650 30.25650 31.82140 32.92610 32.02560 32.28310 32.93900 32.01360 33.63640 35.66390 37.57120 38.73870 39.86240 41.85180 43.21790 43.70730 45.19080 45.69120 44.21870 43.12580 41.47360 40.66380 38.82620 37.28160 36.04460 36.28990 35.07160 35.12290 37.68630 36.15140 35.93400 35.91360 33.43980 32.21600 32.54990 33.08070 35.35670 36.47330 35.87250 34.84840 32.66110 31.96820 32.52210 33.76410 34.50910 36.63790 37.38180 39.82360 39.42460 40.88150 41.85360 42.54100 44.17710 43.40070 42.16190 41.31530 40.92940 43.01100 41.99700 41.05110 39.49750
37.02150 35.96240 35.72790 34.66480 33.46800 32.14840 32.55300 31.80780 31.13090 30.15960 30.77340 30.83710 30.47340 31.22290 32.26040 34.63470 34.56350 34.76930 36.16260 35.18740 36.29220 37.65610 39.18230 40.23920 41.51800 42.75420 44.69300 45.82320 46.17580 43.20160 42.63680 38.94730 38.52710 38.14790 35.86870 35.86630 36.46020 36.87440 36.74050 35.41560 35.31580 34.89360 33.68670 32.84480 32.89010 33.09010 34.05670 33.67130 35.18660 35.42360 36.05090 35.74860 35.95100 35.85760 36.68650 38.10030 37.31040 38.17100 38.44190 39.26640 41.72210 43.49190 45.04790 47.41990 46.45840 44.23000 43.66980 46.03240 46.75950 45.36440 45.11480 43.94150
37.52080 36.24860 35.37200 35.49880 34.54550 33.88960 33.98450 33.89990 32.79440 30.69760 31.24440 31.14130 32.58620 33.00420 32.77070 35.50420 36.06140 36.88880 37.83770 36.42920 37.96550 38.76160 41.55620 41.57350 42.54320 43.85870 44.79180 47.55530 46.86230 45.21000 43.19110 41.05720 39.28360 39.24600 37.24760 36.53940 36.66050 38.02780 38.34250 36.40940 36.25200 34.74160 35.03740 33.87900 33.85540 32.78590 34.26240 34.96470 35.64700 35.21270 35.79110 36.36660 35.73960 36.50890 35.82930 37.78880 37.63800 37.44980 37.91740 39.43160 41.50730 43.04060 44.88010 50.32180 49.81630 47.72910 47.21990 47.71030 45.26440 44.91340 45.08160 46.15480
37.01540 38.33530 36.23440 35.70130 36.06420 34.99320 35.31280 33.60290 33.43430 32.58090 33.18050 32.67390 33.17220 33.81880 34.45650 36.54870 36.18580 37.96910 38.85260 38.91110 39.93200 41.75430 43.81320 42.90080 43.39260 43.59800 45.47800 48.11540 47.56610 43.21220 42.86170 43.89620 41.77490 40.36840 38.57830 38.44380 38.80830 39.38280 40.51560 38.38830 38.07270 37.18060 34.34150 33.54200 33.27980 31.52820 30.51070 30.44370 30.42650 30.98880 31.08970 33.81860 35.46050 37.45880 38.23510 38.18600 36.62750 37.60450 38.35480 39.13080 40.21580 44.39340 47.95870 49.73260 48.98850 50.62560 51.31800 47.61110 45.95070 48.02850 48.01710 47.42780
36.94960 38.52560 38.06030 38.90220 37.83690 37.66350 37.21060 35.61140 35.72030 35.04690 35.26210 33.51590 35.87120 35.80930 35.64490 37.95180 37.59780 37.74250 40.78060 39.97400 42.35220 45.38020 45.84670 45.06390 44.91310 44.97950 45.92040 47.33360 48.31940 46.20900 44.91600 46.19550 44.95650 44.48530 41.30740 41.47180 41.80430 42.12530 41.87310 40.61260 37.21930 37.64290 35.36470 31.29750 31.48410 31.14770 32.53920 33.63730 32.89790 -9999 -9999 32.99110 32.68660 32.91180 36.31840 36.57370 36.41580 38.04090 41.01670 41.57240 46.21010 49.98240 50.81690 51.18890 52.45100 52.50590 54.82520 51.77610 48.57740 51.52890 47.55560 48.09140
37.28500 39.76330 40.30210 38.84310 37.74380 38.34710 38.37850 34.53010 34.35480 36.17350 36.33620 36.00920 35.92940 35.92410 35.56100 36.74990 38.40170 38.98320 40.75250 42.88180 44.86420 45.82920 47.53100 46.77000 46.09980 47.29240 46.60580 47.04140 48.40960 49.25880 48.55480 47.03280 47.10750 48.24170 45.76840 46.80080 44.39470 42.13430 -9999 -9999 -9999 -9999 33.81870 -9999 35.57670 40.06420 38.19500 37.68550 34.18860 -9999 -9999 36.34890 34.96470 34.84010 35.09070 34.99500 38.12720 39.04730 42.37900 44.65510 46.36890 48.56820 49.02760 50.29210 54.49430 54.80280 55.54330 51.80390 50.31920 48.58740 43.23800 -9999
38.35100 41.77320 41.94090 39.05430 37.04420 39.46330 38.66950 34.37360 34.54910 35.49350 36.87110 36.26520 36.82470 37.00300 35.33760 38.38520 41.57560 42.95690 43.49290 45.22620 46.67830 47.97850 49.07900 49.31910 49.04890 48.38530 48.31360 48.51900 51.16800 52.23000 53.29790 52.29000 51.15900 52.74490 49.55710 49.57290 -9999 -9999 -9999 -9999 -9999 -9999 -9999 39.97410 40.68050 41.01400 -9999 -9999 -9999 -9999 -9999 31.71710 32.78240 39.33240 37.40600 41.23500 40.44340 38.64820 42.94620 42.31280 44.34280 47.56150 49.82340 49.83150 48.73830 53.16010 56.12760 53.10050 46.75310 -9999 -9999 -9999
