data/hydroclimate-scenarios/BCSD_hadcm_A1B/monthly_summaries/soilm2_monthly_day1_mar.2030-2059.asc
ncols	311
nrows	91
xllcenter	102.75
yllcenter	31.75
cellsize	0.5
NODATA_value	-9999
[rows 0 to 30 of 91, columns 70 to 139 of 311]
-9999 -9999 -9999 -9999 -9999 -9999 -9999 -9999 -9999 -9999 -9999 -9999 -9999 -9999 -9999 -9999 -9999 -9999 -9999 -9999 -9999 -9999 -9999 -9999 -9999 -9999 -9999 -9999 -9999 -9999 -9999 -9999 -9999 -9999 -9999 -9999 -9999 -9999 -9999 -9999 -9999 -9999 -9999 -9999 -9999 -9999 -9999 -9999 -9999 -9999 -9999 -9999 -9999 -9999 -9999 -9999 -9999 -9999 -9999 -9999 -9999 -9999 -9999 -9999 -9999 -9999 -9999 -9999 -9999 -9999
-9999 -9999 -9999 -9999 -9999 -9999 -9999 -9999 -9999 -9999 -9999 -9999 -9999 -9999 -9999 -9999 -9999 -9999 -9999 -9999 -9999 -9999 -9999 -9999 -9999 -9999 -9999 -9999 -9999 -9999 -9999 -9999 -9999 -9999 -9999 -9999 -9999 -9999 -9999 -9999 -9999 -9999 -9999 -9999 -9999 -9999 -9999 -9999 -9999 -9999 -9999 -9999 -9999 -9999 -9999 -9999 -9999 -9999 -9999 -9999 -9999 -9999 -9999 -9999 -9999 -9999 -9999 -9999 -9999 -9999
-9999 -9999 -9999 -9999 -9999 -9999 -9999 -9999 -9999 -9999 -9999 -9999 -9999 -9999 -9999 -9999 -9999 -9999 -9999 -9999 -9999 -9999 -9999 -9999 -9999 -9999 -9999 -9999 -9999 -9999 -9999 -9999 -9999 -9999 -9999 -9999 -9999 -9999 -9999 -9999 -9999 -9999 -9999 -9999 -9999 -9999 -9999 -9999 -9999 -9999 -9999 -9999 -9999 -9999 -9999 -9999 -9999 -9999 -9999 -9999 -9999 -9999 -9999 -9999 -9999 -9999 -9999 -9999 -9999 -9999
-9999 -9999 -9999 -9999 -9999 -9999 -9999 -9999 -9999 -9999 -9999 -9999 -9999 -9999 -9999 -9999 -9999 -9999 -9999 -9999 -9999 -9999 -9999 -9999 -9999 -9999 -9999 -9999 -9999 -9999 -9999 -9999 -9999 -9999 -9999 -9999 -9999 -9999 -9999 -9999 -9999 -9999 -9999 -9999 -9999 -9999 -9999 -9999 -9999 -9999 -9999 -9999 -9999 -9999 -9999 -9999 -9999 -9999 -9999 -9999 -9999 -9999 -9999 -9999 -9999 -9999 -9999 -9999 -9999 -9999
-9999 -9999 -9999 -9999 -9999 -9999 -9999 -9999 -9999 -9999 -9999 -9999 -9999 -9999 -9999 -9999 -9999 -9999 -9999 -9999 -9999 -9999 -9999 -9999 -9999 -9999 -9999 -9999 -9999 -9999 -9999 -9999 -9999 -9999 -9999 -9999 -9999 -9999 -9999 -9999 -9999 -9999 -9999 -9999 -9999 -9999 -9999 -9999 -9999 -9999 -9999 -9999 -9999 -9999 -9999 -9999 -9999 -9999 -9999 -9999 -9999 -9999 -9999 -9999 -9999 -9999 -9999 -9999 -9999 -9999
-9999 -9999 -9999 -9999 -9999 -9999 -9999 -9999 -9999 -9999 -9999 -9999 -9999 -9999 -9999 -9999 -9999 -9999 -9999 -9999 -9999 -9999 -9999 -9999 -9999 -9999 -9999 -9999 -9999 -9999 -9999 -9999 -9999 -9999 -9999 -9999 -9999 -9999 -9999 -9999 -9999 -9999 -9999 -9999 -9999 -9999 -9999 -9999 -9999 -9999 -9999 -9999 -9999 -9999 -9999 -9999 -9999 -9999 -9999 -9999 -9999 -9999 -9999 -9999 -9999 -9999 -9999 -9999 -9999 -9999
-9999 -9999 -9999 -9999 -9999 -9999 -9999 -9999 -9999 -9999 -9999 -9999 -9999 -9999 -9999 -9999 -9999 -9999 -9999 -9999 -9999 -9999 -9999 -9999 -9999 -9999 -9999 -9999 -9999 -9999 -9999 -9999 -9999 -9999 -9999 -9999 -9999 -9999 -9999 -9999 -9999 -9999 -9999 -9999 -9999 -9999 -9999 -9999 -9999 -9999 -9999 -9999 -9999 -9999 -9999 -9999 -9999 -9999 -9999 -9999 -9999 -9999 -9999 -9999 -9999 -9999 -9999 -9999 -9999 -9999
-9999 -9999 -9999 -9999 -9999 -9999 -9999 -9999 -9999 -9999 -9999 -9999 -9999 -9999 -9999 -9999 -9999 -9999 -9999 -9999 -9999 -9999 -9999 -9999 -9999 -9999 -9999 -9999 -9999 -9999 -9999 -9999 -9999 -9999 -9999 -9999 -9999 -9999 -9999 -9999 -9999 -9999 -9999 -9999 -9999 -9999 -9999 -9999 -9999 -9999 -9999 -9999 -9999 -9999 -9999 -9999 -9999 -9999 -9999 -9999 -9999 -9999 -9999 -9999 -9999 -9999 -9999 -9999 -9999 -9999
-9999 -9999 -9999 -9999 -9999 -9999 -9999 93.59280 -9999 -9999 -9999 -9999 -9999 -9999 -9999 -9999 -9999 -9999 -9999 -9999 -9999 -9999 -9999 -9999 -9999 -9999 -9999 -9999 -9999 -9999 -9999 -9999 -9999 -9999 -9999 -9999 -9999 -9999 -9999 -9999 -9999 -9999 -9999 -9999 -9999 -9999 -9999 -9999 -9999 -9999 -9999 -9999 -9999 -9999 -9999 -9999 -9999 -9999 -9999 -9999 -9999 -9999 -9999 -9999 -9999 -9999 -9999 -9999 -9999 -9999
-9999 -9999 -9999 99.98290 83.52280 87.99380 90.22130 92.27430 94.74310 95.27070 97.00130 96.93600 97.74650 96.77300 97.46020 97.32560 101.16000 100.32800 99.73110 100.18700 100.00100 99.85690 96.79110 -9999 -9999 -9999 -9999 -9999 -9999 -9999 -9999 -9999 -9999 -9999 -9999 -9999 -9999 -9999 -9999 -9999 -9999 -9999 -9999 -9999 -9999 -9999 -9999 -9999 -9999 -9999 -9999 -9999 -9999 -9999 -9999 -9999 -9999 -9999 -9999 -9999 -9999 -9999 -9999 -9999 -9999 -9999 -9999 -9999 -9999 -9999
-9999 -9999 -9999 -9999 -9999 89.25980 91.35640 92.49330 93.66860 94.58630 96.29210 97.02900 98.64870 101.63900 102.18100 102.74700 103.31500 101.91800 103.01800 103.98600 104.62300 104.19900 102.26100 -9999 -9999 -9999 -9999 -9999 -9999 -9999 -9999 -9999 -9999 -9999 -9999 -9999 -9999 -9999 -9999 -9999 -9999 -9999 -9999 -9999 -9999 -9999 -9999 -9999 -9999 -9999 -9999 -9999 -9999 -9999 -9999 -9999 -9999 -9999 -9999 -9999 -9999 -9999 -9999 -9999 -9999 -9999 -9999 -9999 -9999 -9999
79.73690 80.80310 81.52380 83.09930 83.94450 86.68070 88.90570 86.71570 90.25140 91.38180 93.67410 93.81820 95.30420 98.20900 100.63300 102.00000 102.76000 101.71500 102.60900 102.87100 104.61500 115.53700 123.09300 104.66400 104.72000 102.65100 101.43200 100.18400 98.95750 -9999 -9999 -9999 -9999 -9999 -9999 -9999 -9999 -9999 -9999 -9999 -9999 -9999 -9999 -9999 -9999 -9999 -9999 -9999 -9999 -9999 -9999 -9999 -9999 -9999 -9999 -9999 -9999 -9999 -9999 -9999 -9999 -9999 -9999 -9999 -9999 -9999 -9999 -9999 -9999 -9999
80.64600 79.92810 80.73550 83.55860 83.28210 85.42290 87.43310 86.36660 87.55710 85.42600 86.36220 91.48960 93.64620 95.74880 97.63170 99.72440 101.69800 100.52400 96.41320 121.95800 108.39800 105.33600 102.99000 103.75900 103.20000 102.40300 100.70600 99.61710 98.49930 97.12890 95.10530 93.24320 91.93100 92.04320 91.89520 89.68130 88.68800 86.49210 86.26590 85.54510 85.31670 86.17770 85.72770 85.44480 -9999 -9999 -9999 -9999 -9999 -9999 -9999 -9999 -9999 -9999 -9999 -9999 -9999 -9999 -9999 -9999 -9999 -9999 -9999 -9999 -9999 -9999 -9999 -9999 -9999 -9999
56.96050 56.77370 58.21050 58.66410 77.91810 86.31080 86.24090 85.89300 86.48310 85.22440 80.46210 81.96170 88.78600 84.43010 91.54930 94.22440 96.17160 95.57510 94.90410 96.29190 102.11200 102.65500 102.66800 100.48300 81.42290 91.11430 95.16190 92.53370 91.63000 94.08360 96.93740 92.14490 92.51670 88.62890 87.70040 86.33990 85.35800 86.09030 85.82080 85.07230 84.87480 87.25520 87.64010 86.33520 118.20300 -9999 -9999 -9999 -9999 -9999 -9999 -9999 -9999 -9999 -9999 -9999 -9999 -9999 -9999 -9999 -9999 -9999 -9999 -9999 -9999 -9999 -9999 -9999 -9999 -9999
90.00640 90.92650 90.80330 82.58120 95.17200 90.76590 90.54760 93.12650 92.42270 91.82660 91.38510 95.24900 95.44720 94.10520 93.67750 92.52360 95.60350 98.47610 99.95910 98.83020 122.48700 104.28400 103.67100 100.89200 98.99170 98.59780 99.73130 95.76220 92.37570 92.27480 92.07820 89.02840 87.52620 88.14140 88.21970 86.50590 86.87180 85.91570 85.66910 85.97900 87.89770 87.85730 88.90510 90.84960 89.54710 -9999 -9999 -9999 -9999 -9999 -9999 -9999 -9999 -9999 -9999 -9999 -9999 -9999 -9999 -9999 87.65080 89.30220 -9999 -9999 -9999 -9999 102.44400 111.99200 116.97400 106.46200
88.64740 88.76650 90.10220 89.63450 92.83210 88.53540 86.67720 88.58490 91.32990 92.16430 92.77440 89.73810 91.01530 90.87010 94.15160 95.34620 94.17470 95.43200 94.80500 121.43900 95.57630 98.33690 97.85010 96.52000 91.07670 90.32640 88.75020 89.81830 91.01660 89.37790 89.78800 88.61590 87.34300 85.86900 85.19050 84.07630 83.95100 82.92120 82.25380 83.05260 109.73500 118.21700 118.16300 118.62100 110.96800 110.67900 110.55400 117.21200 86.91650 94.02430 95.85760 88.15780 90.04930 96.11950 95.97470 93.92540 75.87880 68.36060 67.91050 88.12930 89.36810 82.75830 -9999 -9999 -9999 -9999 -9999 104.65300 109.17000 108.04500
93.89670 97.06840 67.72120 90.92570 96.77140 70.64000 87.17290 88.85570 88.17940 86.38980 85.65350 85.43520 86.79490 86.25370 86.25940 87.42240 111.91900 90.66790 91.87130 92.46650 91.20970 91.52070 90.96190 89.55540 88.03020 87.62460 87.61570 85.90520 86.87530 86.10650 86.34180 86.26200 84.30850 84.14230 85.09090 85.86750 85.94400 86.47870 86.28030 117.73000 118.40900 85.94390 118.65500 86.79130 86.77800 87.49960 86.21010 85.33010 84.60590 89.60030 95.14860 93.72220 87.77000 91.91720 100.75800 104.73400 97.08470 99.27990 98.83270 91.99600 76.83030 77.19560 80.08860 89.18550 93.91910 95.94650 100.52500 103.11600 107.20000 105.46100
87.54240 96.77590 96.99700 87.39560 99.77070 99.13420 93.20300 91.93370 92.32470 82.70880 82.12980 81.55740 83.80710 84.95820 110.99100 86.27070 89.40710 88.90670 89.07580 90.29610 91.02860 90.74610 88.35620 87.44080 86.44740 86.87200 86.16350 85.02240 85.54150 85.58620 86.47510 85.63160 85.97990 84.55760 83.33700 85.28270 85.53350 118.60600 84.58160 84.10600 86.17320 86.06220 86.15800 82.99690 84.72610 86.74370 86.11900 84.31480 83.07050 82.54600 82.78260 86.49560 85.12440 87.99450 88.03830 94.88060 103.57800 104.15700 105.24500 107.29500 105.91200 93.83760 91.38870 86.11920 78.47260 88.91310 94.06340 99.39930 101.18800 102.05200
96.52620 102.59200 105.34800 91.58120 61.42000 86.13960 80.82020 80.58150 87.26400 85.91800 82.66150 81.60920 83.44120 82.59550 82.89250 85.59100 86.62960 86.46840 86.20240 87.88550 96.02710 96.85870 91.28810 90.19910 88.48030 85.95440 86.45950 84.22900 84.48780 85.52400 84.86520 84.21440 117.74000 83.46000 82.55190 86.31160 86.12050 85.13420 87.66250 87.84510 90.58220 85.91510 85.49550 92.37250 95.81700 95.23300 88.11840 84.36150 83.81370 83.65440 84.54030 88.70510 92.13120 93.86990 94.62950 75.73680 74.97210 76.86530 98.45830 100.56000 111.56100 109.19900 106.60000 106.14300 96.16780 92.54500 89.06290 89.61120 89.97660 92.77090
84.56880 97.81220 105.48000 101.15100 87.52980 70.39530 80.31420 79.35220 85.21660 87.04830 82.65390 96.22570 91.83240 82.87010 85.19850 84.96160 82.03860 80.91210 83.48820 85.63170 89.26650 95.33500 90.70820 90.46040 90.80500 85.05910 84.22450 83.10190 81.49430 82.07900 110.48900 83.35140 83.75600 82.18760 82.79080 83.42540 83.24530 84.61780 86.10580 87.38970 93.54210 93.69570 90.65500 91.94100 91.57340 96.62060 94.70970 89.85280 88.95280 82.98240 86.91240 93.18720 91.53900 93.32510 89.07640 96.62510 101.81600 101.97400 105.11500 101.98600 102.04000 102.52200 99.29680 96.97550 104.79400 109.02100 96.07140 106.65000 94.88750 94.15240
86.74910 92.49650 90.98130 88.33130 94.21650 97.37430 70.76180 61.42000 56.14220 81.61180 77.81230 84.49460 98.12030 109.14500 109.49000 95.69410 91.80160 85.08440 80.51420 80.45240 80.71900 82.95240 83.48730 84.54460 82.95930 81.13280 82.61550 81.45890 80.52620 80.82410 81.65790 80.25650 82.60250 88.59620 86.87910 86.43690 88.76180 90.31200 93.49050 91.05000 89.96060 97.36430 99.93840 95.58380 92.21910 91.03320 88.95730 89.66520 88.51550 84.80400 84.63570 84.48150 87.57030 89.69070 93.11010 95.03580 101.31900 101.31700 104.26300 101.22900 104.39900 104.76600 103.96000 91.14660 104.27300 105.62600 101.83100 92.08180 93.92150 93.42440
104.51700 112.50000 107.67400 112.76100 106.49600 106.10200 102.81700 88.21480 89.02180 87.14060 80.72760 75.80640 75.90420 85.89150 93.57960 109.64300 107.75100 106.64600 101.27600 86.54000 67.79720 83.49990 83.23220 82.95660 84.37380 82.85990 84.47360 83.35750 83.13660 82.79150 86.07320 86.24780 93.44580 91.15890 95.19570 93.43390 93.77130 94.56000 96.28190 75.41190 94.63440 97.13740 97.03310 95.59890 96.07580 93.74140 95.69150 96.16870 96.92010 93.15600 90.27260 96.42530 98.79810 99.43660 87.88420 99.43600 99.05360 94.29290 103.35500 104.60100 117.19400 107.82000 109.21900 106.11700 103.50300 103.74100 88.44760 105.70100 106.06900 109.29700
94.60310 101.28100 112.95200 119.42100 115.47600 119.37100 108.65700 100.53500 85.11590 95.79810 88.32310 85.59790 87.86490 87.63160 64.07590 85.89610 68.40130 76.06110 102.05600 108.41900 96.43820 81.17600 92.97120 85.73790 83.91950 82.43470 83.97430 84.00050 83.63330 90.85540 89.90940 93.76260 94.73510 97.77510 93.15270 98.45800 95.68790 96.40450 93.98890 97.38330 96.80290 95.63500 96.77420 96.01230 93.38990 103.07500 105.01100 103.36000 103.00500 98.82260 100.84700 104.01000 103.68300 105.88200 112.33300 95.95670 99.78920 105.84000 109.65900 107.33900 111.03000 111.56400 108.36400 102.91500 86.16120 104.97000 106.81700 104.66800 105.82000 106.46000
99.96470 103.90600 102.67400 100.13400 105.10800 114.01800 116.48200 115.10600 110.99100 106.87900 94.58960 84.64100 101.06600 100.73200 96.03450 113.80700 107.74000 107.43700 64.09720 98.04140 114.99700 106.04300 106.37100 100.31100 86.07460 82.93800 81.57910 83.30990 83.32100 88.26630 89.18300 91.83310 92.87160 93.45020 93.04350 91.12480 94.60630 98.11630 96.00710 98.62130 99.61880 102.04000 101.85600 99.95750 83.21230 71.19550 91.30920 97.55880 106.15600 108.63100 104.82000 104.61200 97.89040 106.86300 99.66550 107.98600 115.30800 108.27600 116.21000 103.24200 104.29600 108.32800 104.95700 104.25000 104.71400 101.68100 102.40300 102.09000 99.18500 102.00300
102.06400 105.87500 103.01900 100.97900 93.36090 100.46400 100.89700 101.57100 102.32700 95.38560 95.44120 91.65590 91.48870 73.56610 90.03900 105.58000 110.37900 108.14100 107.78900 85.74230 95.12260 100.51800 101.91700 97.25830 95.14790 86.72740 83.26880 84.06220 84.94080 88.00100 90.48100 91.51800 90.66150 85.97980 88.80260 92.30650 90.98190 94.28100 95.42830 98.83450 103.95100 101.77200 98.70960 110.13700 90.60720 91.50580 98.25610 103.08800 107.44600 108.54900 103.98400 101.25500 103.60300 113.64400 114.35000 111.01100 107.76400 108.08200 104.59500 111.01800 110.79800 104.11300 99.00900 102.44400 101.01700 100.13400 100.85400 97.84610 104.15700 108.35000
104.78000 113.30400 111.66400 104.69400 103.63000 105.07700 98.33010 95.96880 91.48880 86.99950 82.60960 88.64490 98.79350 95.44280 88.97280 92.12260 104.65200 105.94300 104.31200 108.56900 105.87700 103.34700 93.99060 90.61540 91.76200 92.91910 95.56600 86.77840 84.81190 86.49560 91.72500 89.96830 93.00970 86.54140 91.34040 92.55610 98.11420 99.60400 100.38900 98.11920 112.28100 98.24860 104.11800 104.54000 107.39700 106.46800 99.22950 84.07100 86.64970 86.88480 88.38180 105.27200 103.29200 102.34400 100.47000 101.25700 105.76200 106.92600 107.20400 108.79100 113.60800 110.51800 110.80100 112.11600 109.22200 108.23000 103.88900 103.57800 109.93500 100.57700
104.95000 109.89400 115.83900 110.31600 104.38300 104.55600 106.85900 101.59800 96.76550 86.35130 92.05800 88.53310 92.69680 102.98400 99.73330 99.37540 99.09860 108.82300 104.02000 109.21000 107.79500 106.40200 100.50600 105.31300 95.56990 95.98350 94.83530 93.08130 90.98590 87.34560 87.54060 87.76520 86.80300 88.45750 98.97720 97.54520 92.77850 103.26700 108.34400 87.44700 101.71700 106.97900 107.57400 99.32650 96.02180 93.41800 91.17160 104.87400 90.59540 90.78910 113.86200 92.41400 109.55800 111.80300 111.57300 111.89000 109.84100 106.71200 108.35400 110.87400 114.10800 112.05000 112.85500 113.19900 113.21500 113.54000 91.01790 111.62600 90.48000 94.15040
120.45600 110.20200 107.87400 109.98300 108.76700 109.67500 103.06400 87.55030 94.90930 93.01680 86.63420 80.43190 86.32700 98.31040 105.12000 105.60800 105.32500 105.58400 109.69000 104.74300 102.80800 117.45400 104.15900 103.28300 97.38750 95.10730 97.58350 105.16000 95.07920 92.62880 88.56620 92.11400 89.14130 91.25200 100.20400 101.13000 94.95240 105.33000 102.08400 106.41900 94.59530 96.78220 98.98170 96.60240 109.15200 108.70400 112.50800 110.31000 112.53800 114.34400 112.99500 113.47200 112.92300 110.71600 108.97700 111.99700 114.65500 118.28600 116.50200 114.76300 118.70400 117.02100 118.47200 113.69000 104.16900 104.08800 93.05210 94.31290 94.92460 96.79410
106.89000 113.54200 107.89800 112.37100 108.99300 108.16000 113.03400 99.49920 92.62250 89.45770 104.85000 92.34330 96.91730 96.71290 102.01800 106.10500 106.70900 101.96800 92.40910 100.84200 108.64500 104.67000 106.74100 104.20900 97.65270 96.29120 90.89580 96.88030 93.36550 89.68520 91.13470 88.22500 91.07570 94.54260 96.39450 97.94940 83.48600 99.01980 106.70100 109.23800 117.12100 106.50400 98.07480 109.33900 107.26700 114.01200 114.53000 102.87800 83.59340 94.33710 102.76200 107.33400 109.40900 88.15520 111.84100 117.57200 120.88000 116.59000 115.34800 119.74700 114.23700 116.51400 110.46900 95.40460 97.81150 100.35000 98.91300 99.56130 99.88320 98.64050
106.66900 107.26400 108.33400 110.63100 112.84800 115.98000 115.55000 119.04400 102.28100 107.76300 109.85500 108.78800 104.55200 103.44800 98.11520 107.83600 114.47800 111.65400 104.73600 103.27700 107.74300 96.26720 106.95700 114.06800 107.92800 97.85480 81.25590 103.02700 98.33950 93.34320 95.17630 93.84560 90.59580 96.36120 99.18490 96.06020 99.77690 104.66800 114.83100 121.19500 121.85900 120.14500 110.86500 115.05400 111.88800 104.73500 103.92600 86.83200 87.08480 105.38600 103.28200 -9999 -9999 95.70650 114.03800 121.05000 123.14800 122.17200 118.11900 97.37110 98.40440 99.72900 99.89410 101.30500 99.83890 99.55900 101.35600 101.89100 102.98800 101.58100
111.76900 115.56200 112.51500 112.70100 119.35000 112.53200 122.39000 123.29600 116.95700 113.35300 122.30600 118.98500 115.69900 111.06900 107.75300 112.67400 116.26100 108.90300 105.64600 97.32100 105.23600 93.30450 105.70800 101.41400 108.49600 101.47700 100.92900 105.52600 98.94930 79.22980 98.67940 101.87900 94.61630 98.56020 102.58500 104.12600 110.48200 114.52800 113.09900 109.78900 -9999 -9999 -9999 -9999 110.22200 -9999 91.18360 108.47900 110.49700 111.59400 103.79800 -9999 -9999 104.77000 121.92700 121.47000 111.41500 96.63610 95.67650 97.43380 98.84400 96.59650 97.79890 97.80910 95.05700 99.20350 110.81700 104.53900 103.20300 100.04300
