data/hydroclimate-scenarios/BCSD_hadcm_A1B/monthly_summaries/soilm1_monthly_day1_sep.2030-2059.asc
ncols	311
nrows	91
xllcenter	102.75
yllcenter	31.75
cellsize	0.5
NODATA_value	-9999
[rows 0 to 31 of 91, columns 213 to 283 of 311]
-9999 -9999 -9999 -9999 -9999 -9999 -9999 -9999 -9999 -9999 -9999 -9999 -9999 -9999 -9999 -9999 -9999 -9999 -9999 -9999 -9999 -9999 -9999 -9999 -9999 -9999 -9999 -9999 -9999 -9999 -9999 -9999 -9999 -9999 -9999 -9999 -9999 -9999 -9999 -9999 -9999 -9999 -9999 -9999 -9999 -9999 -9999 -9999 -9999 -9999 -9999 -9999 -9999 -9999 -9999 -9999 -9999 -9999 -9999 -9999 -9999 -9999 -9999 -9999 -9999 -9999 -9999 -9999 -9999 -9999 -9999
-9999 -9999 -9999 -9999 -9999 -9999 -9999 -9999 -9999 -9999 -9999 -9999 -9999 -9999 -9999 -9999 -9999 -9999 -9999 -9999 -9999 -9999 -9999 -9999 -9999 -9999 -9999 -9999 -9999 -9999 -9999 -9999 -9999 -9999 -9999 -9999 -9999 -9999 -9999 -9999 -9999 -9999 -9999 -9999 -9999 -9999 -9999 -9999 -9999 -9999 -9999 -9999 -9999 -9999 -9999 -9999 -9999 -9999 -9999 -9999 -9999 -9999 -9999 -9999 -9999 -9999 -9999 -9999 -9999 -9999 -9999
-9999 -9999 -9999 -9999 -9999 -9999 -9999 -9999 -9999 -9999 -9999 -9999 -9999 -9999 -9999 -9999 -9999 -9999 -9999 -9999 -9999 -9999 -9999 -9999 -9999 -9999 -9999 -9999 -9999 -9999 -9999 -9999 -9999 -9999 -9999 -9999 -9999 -9999 -9999 -9999 -9999 -9999 -9999 -9999 -9999 -9999 -9999 -9999 -9999 -9999 -9999 -9999 -9999 -9999 -9999 -9999 -9999 -9999 -9999 -9999 -9999 -9999 -9999 -9999 -9999 -9999 -9999 -9999 -9999 -9999 -9999
-9999 -9999 -9999 -9999 -9999 -9999 -9999 -9999 -9999 -9999 -9999 -9999 -9999 -9999 -9999 -9999 -9999 -9999 -9999 -9999 -9999 -9999 -9999 -9999 -9999 -9999 -9999 -9999 -9999 -9999 -9999 -9999 -9999 -9999 -9999 -9999 -9999 -9999 -9999 -9999 -9999 -9999 -9999 -9999 -9999 -9999 -9999 -9999 -9999 -9999 -9999 -9999 -9999 -9999 -9999 -9999 -9999 -9999 -9999 -9999 -9999 -9999 -9999 -9999 -9999 -9999 -9999 -9999 -9999 -9999 -9999
-9999 -9999 -9999 -9999 -9999 -9999 -9999 -9999 -9999 -9999 -9999 -9999 -9999 -9999 -9999 -9999 -9999 -9999 -9999 -9999 -9999 -9999 -9999 -9999 -9999 -9999 -9999 -9999 -9999 -9999 -9999 -9999 -9999 -9999 -9999 -9999 -9999 -9999 -9999 -9999 -9999 -9999 -9999 -9999 -9999 -9999 -9999 -9999 -9999 -9999 -9999 -9999 -9999 -9999 -9999 -9999 -9999 -9999 -9999 -9999 -9999 -9999 -9999 -9999 -9999 -9999 -9999 -9999 -9999 -9999 -9999
-9999 -9999 -9999 -9999 -9999 -9999 -9999 -9999 -9999 -9999 -9999 -9999 -9999 -9999 -9999 -9999 -9999 -9999 -9999 -9999 -9999 -9999 -9999 -9999 -9999 -9999 -9999 -9999 -9999 -9999 -9999 -9999 -9999 -9999 -9999 -9999 -9999 -9999 -9999 -9999 -9999 -9999 -9999 -9999 -9999 -9999 -9999 -9999 -9999 -9999 -9999 -9999 -9999 -9999 -9999 -9999 -9999 -9999 -9999 -9999 -9999 -9999 -9999 -9999 -9999 -9999 -9999 -9999 -9999 -9999 -9999
-9999 -9999 -9999 -9999 -9999 -9999 -9999 -9999 -9999 -9999 -9999 -9999 -9999 -9999 -9999 -9999 -9999 -9999 -9999 -9999 -9999 -9999 -9999 -9999 -9999 -9999 -9999 -9999 -9999 -9999 -9999 -9999 -9999 -9999 -9999 -9999 -9999 -9999 -9999 -9999 -9999 -9999 -9999 -9999 -9999 -9999 -9999 -9999 -9999 -9999 -9999 -9999 -9999 -9999 -9999 -9999 -9999 -9999 -9999 -9999 -9999 -9999 -9999 -9999 -9999 -9999 -9999 -9999 -9999 -9999 -9999
-9999 -9999 -9999 -9999 -9999 -9999 -9999 -9999 -9999 -9999 -9999 -9999 -9999 -9999 -9999 -9999 -9999 -9999 -9999 -9999 -9999 -9999 -9999 -9999 -9999 -9999 -9999 -9999 -9999 -9999 -9999 -9999 -9999 -9999 -9999 -9999 -9999 -9999 -9999 -9999 -9999 -9999 -9999 -9999 -9999 -9999 -9999 -9999 -9999 -9999 -9999 -9999 -9999 -9999 -9999 -9999 -9999 -9999 -9999 -9999 -9999 -9999 -9999 -9999 -9999 -9999 -9999 -9999 -9999 -9999 -9999
-9999 -9999 -9999 -9999 -9999 -9999 -9999 -9999 -9999 -9999 -9999 -9999 -9999 -9999 -9999 -9999 -9999 -9999 -9999 -9999 -9999 -9999 -9999 -9999 -9999 -9999 -9999 -9999 -9999 -9999 -9999 -9999 -9999 -9999 -9999 -9999 -9999 -9999 -9999 -9999 -9999 -9999 -9999 -9999 -9999 -9999 -9999 -9999 -9999 -9999 -9999 -9999 -9999 -9999 -9999 -9999 -9999 -9999 -9999 -9999 -9999 -9999 -9999 -9999 -9999 -9999 -9999 -9999 -9999 -9999 -9999
-9999 -9999 -9999 -9999 -9999 -9999 -9999 -9999 -9999 -9999 -9999 -9999 -9999 -9999 -9999 -9999 -9999 -9999 -9999 -9999 -9999 -9999 -9999 -9999 -9999 -9999 -9999 -9999 -9999 -9999 -9999 -9999 -9999 -9999 -9999 -9999 -9999 -9999 -9999 -9999 -9999 -9999 -9999 -9999 -9999 -9999 -9999 -9999 -9999 -9999 -9999 -9999 -9999 -9999 -9999 -9999 -9999 -9999 -9999 -9999 -9999 -9999 -9999 -9999 -9999 -9999 -9999 -9999 -9999 -9999 -9999
-9999 -9999 -9999 -9999 -9999 -9999 -9999 -9999 -9999 -9999 -9999 -9999 -9999 -9999 -9999 -9999 -9999 -9999 -9999 -9999 -9999 -9999 -9999 -9999 -9999 -9999 -9999 -9999 -9999 -9999 -9999 -9999 -9999 -9999 -9999 -9999 -9999 -9999 -9999 -9999 -9999 -9999 -9999 -9999 -9999 -9999 -9999 -9999 -9999 -9999 -9999 -9999 -9999 -9999 -9999 -9999 -9999 -9999 -9999 -9999 -9999 -9999 -9999 -9999 -9999 -9999 -9999 -9999 -9999 -9999 -9999
-9999 -9999 -9999 -9999 -9999 -9999 -9999 -9999 -9999 -9999 -9999 -9999 -9999 -9999 -9999 -9999 -9999 -9999 -9999 -9999 -9999 -9999 -9999 -9999 -9999 -9999 -9999 -9999 -9999 -9999 -9999 -9999 -9999 -9999 -9999 -9999 -9999 -9999 -9999 -9999 -9999 -9999 -9999 -9999 -9999 -9999 -9999 -9999 -9999 -9999 -9999 -9999 -9999 -9999 -9999 -9999 -9999 -9999 -9999 -9999 -9999 -9999 -9999 -9999 -9999 -9999 -9999 -9999 -9999 -9999 -9999
-9999 -9999 -9999 -9999 -9999 -9999 -9999 -9999 -9999 -9999 -9999 -9999 -9999 -9999 -9999 -9999 -9999 -9999 -9999 -9999 -9999 -9999 -9999 -9999 -9999 -9999 -9999 -9999 -9999 -9999 -9999 -9999 -9999 -9999 -9999 -9999 -9999 -9999 -9999 -9999 -9999 -9999 -9999 -9999 -9999 -9999 -9999 -9999 -9999 -9999 -9999 -9999 -9999 -9999 -9999 -9999 -9999 -9999 -9999 -9999 -9999 -9999 -9999 -9999 -9999 -9999 -9999 -9999 -9999 -9999 -9999
54.07710 54.64840 55.36260 55.17410 54.19150 53.84210 -9999 -9999 -9999 -9999 -9999 -9999 -9999 -9999 -9999 -9999 -9999 -9999 -9999 -9999 -9999 -9999 -9999 -9999 -9999 -9999 -9999 -9999 -9999 -9999 -9999 -9999 -9999 -9999 -9999 -9999 -9999 -9999 -9999 -9999 -9999 -9999 -9999 -9999 -9999 -9999 -9999 53.06870 -9999 -9999 -9999 -9999 -9999 -9999 -9999 -9999 -9999 -9999 -9999 -9999 -9999 -9999 -9999 -9999 -9999 -9999 -9999 -9999 -9999 -9999 -9999
55.40100 57.42020 57.41190 57.82390 57.22920 57.74590 56.63560 57.21940 59.47910 60.32220 53.92280 57.41320 57.70430 57.45860 57.23990 56.97750 56.04990 54.51850 62.79890 -9999 -9999 -9999 -9999 -9999 -9999 -9999 -9999 -9999 -9999 -9999 -9999 -9999 -9999 -9999 -9999 -9999 -9999 -9999 -9999 -9999 -9999 -9999 55.10240 42.75220 44.63370 49.12260 52.16760 50.36510 42.89900 -9999 -9999 -9999 47.66520 -9999 -9999 -9999 49.73570 51.23240 51.90050 -9999 -9999 -9999 -9999 -9999 -9999 -9999 -9999 -9999 -9999 -9999 -9999
56.19190 56.78100 46.56190 47.65120 46.57800 47.46760 49.93280 57.83410 63.49060 65.85750 65.38800 72.27750 72.80660 76.26300 78.39230 75.85670 73.37730 72.48020 63.30860 61.23410 58.85210 57.94830 56.16690 55.31300 53.00160 -9999 -9999 -9999 -9999 -9999 62.21480 60.40910 58.29250 56.90630 53.89090 52.72700 40.91820 40.87150 42.76680 43.08960 42.79620 43.18730 48.75990 48.49100 52.20890 51.02810 55.66370 55.05660 45.61790 46.45320 47.89560 48.49900 49.94470 49.68680 48.86780 50.26310 52.36810 55.00250 60.47500 59.81670 56.61800 53.93830 53.67950 51.96200 -9999 -9999 -9999 -9999 -9999 -9999 -9999
55.37290 60.60790 63.52760 67.48860 64.57690 67.76190 75.40810 79.70190 82.95780 83.68770 85.24930 85.05920 81.92820 85.14110 83.55850 84.39020 79.67040 78.54640 73.67210 71.04970 67.89810 64.47320 59.92550 67.50100 65.03370 65.49140 63.88240 57.35020 57.23960 54.93200 48.63770 59.24970 60.02230 59.20980 46.62970 45.50400 44.83790 44.30760 44.38370 44.88420 46.79810 47.10710 44.62920 44.99820 45.81350 45.88600 47.31570 47.72110 47.34920 47.76520 49.92690 50.25090 50.92400 51.14230 51.29460 50.99000 51.19130 52.04520 52.64830 52.90120 52.78330 53.07440 55.59850 57.92190 55.55030 54.91390 52.77470 52.42060 52.93640 53.57920 52.45430
80.16660 80.08460 80.04470 79.38730 80.97290 83.34690 85.75660 84.49940 84.55320 81.30750 75.61710 74.02400 76.86610 73.98190 72.67900 70.82550 72.62370 70.34070 74.44040 72.19650 70.22030 69.14720 68.74120 62.90580 52.66480 52.25940 62.71090 57.85850 57.76030 55.43120 47.93550 60.09710 64.60200 62.54710 49.42190 47.86080 46.42430 46.18000 46.14710 46.12860 48.76120 49.06280 47.29570 47.31710 46.97830 47.24680 48.02910 48.41720 47.50590 48.52740 50.96700 51.48380 51.47470 51.49040 50.46540 50.56200 51.25130 51.40370 52.73650 52.43780 52.27540 52.02670 56.00100 56.97760 53.00710 53.45170 52.86210 53.19330 53.60630 54.10930 52.47540
79.94780 79.65990 79.24130 82.14060 84.32810 80.73310 77.25480 76.73090 73.46250 67.15130 69.63490 70.68490 66.28640 75.55410 78.85620 82.18600 82.07040 81.01100 84.63530 85.15660 85.26740 85.28760 80.72760 55.44310 52.74450 53.19520 62.58160 59.74600 60.62960 53.01980 50.12220 52.68260 59.74670 56.50050 51.21450 49.09760 49.54860 62.24520 59.79240 59.72310 48.96760 50.24720 62.77450 62.94220 62.05110 62.49830 63.45680 52.11790 53.23010 52.50860 50.15080 50.87410 51.45730 51.36570 52.29770 51.81700 51.48600 51.97850 51.96190 51.64910 51.65530 53.13370 66.96580 65.57730 65.39530 65.42260 52.65770 52.24250 52.01620 51.33630 51.90820
85.95850 87.85420 91.37930 88.68390 87.49970 85.74260 82.37660 81.40590 79.09840 77.64670 74.66600 74.24250 73.79660 73.33420 77.13270 79.53700 81.92600 83.07180 84.79490 84.94770 86.08840 85.39850 70.97220 65.41860 52.76280 52.82460 51.64430 52.23020 59.74790 50.17610 51.29800 49.84120 50.06730 60.64180 75.39040 75.87950 78.21850 77.92640 76.89570 77.91240 77.77850 77.48770 79.75000 79.67130 78.17810 78.50500 78.79460 79.13610 79.14930 79.19380 77.33640 63.13870 62.52490 62.02280 51.42310 52.28500 50.92800 51.80950 62.84730 62.09750 63.30630 77.71570 78.80690 78.42200 78.79490 78.68100 77.03400 63.24730 59.62120 77.95390 79.06010
85.86020 89.67770 88.45930 81.41960 78.40750 76.64340 76.73630 75.78630 73.00900 71.73890 70.98700 71.03560 72.59480 73.72250 78.92320 82.23960 82.74800 84.20140 85.20810 84.68260 85.55130 83.14090 70.62780 70.33330 54.03260 51.96070 51.06090 49.91550 48.89200 48.56430 48.90030 50.66300 51.09390 48.88460 45.82640 46.68720 48.14740 60.43520 61.40920 62.77530 78.09410 78.13060 76.95980 77.29520 77.94410 78.08800 80.17680 80.00380 78.21290 78.18760 78.67560 77.65490 77.15500 76.63050 76.57080 75.97100 75.17800 75.27060 74.59830 74.07160 61.90500 77.40570 76.62430 77.12280 77.38850 77.26330 77.67260 78.67080 77.39580 77.84570 78.34380
82.86320 80.52590 78.70050 75.21080 76.61030 76.62640 77.45440 78.30310 78.52570 76.92230 74.46340 71.37370 71.16970 71.15690 77.29730 79.68930 80.55630 81.29960 84.67130 85.15200 85.18440 81.79110 68.60660 68.82500 65.25140 62.26050 50.55760 49.24850 48.68950 47.51200 46.81840 45.93430 47.83420 48.79530 46.66930 45.38310 45.91150 45.29390 47.97980 48.38010 50.15420 62.02660 78.45860 77.60870 77.53940 77.42020 64.66820 65.28410 79.11040 78.20730 77.73310 77.12250 76.39630 76.38370 76.85460 77.09680 75.25390 74.98960 74.43250 75.02370 60.00060 76.77950 77.40950 77.33380 77.52220 77.36930 76.74620 78.60120 76.91210 77.28550 77.36350
81.39490 76.54890 77.09070 79.17870 82.07980 85.16400 85.38450 87.14990 87.24710 84.41240 86.26860 84.07310 80.37480 73.31760 76.14190 79.06670 83.03580 80.03350 82.33240 80.65830 68.21610 65.12710 64.56270 63.79610 61.50580 61.39170 61.04680 61.75170 60.00370 59.20340 50.06180 49.73430 48.66710 48.43850 60.68320 60.35360 60.42550 61.25630 59.51770 60.44510 48.04800 48.67480 63.43210 80.24890 78.51600 79.61090 77.62570 77.88620 78.27830 78.58530 65.97480 65.00230 81.12340 79.74190 76.92980 76.48390 76.54630 77.49160 76.75160 81.71340 82.65340 75.75850 74.32350 74.44170 72.66470 72.99540 77.22130 77.28310 75.76480 76.23360 75.91320
83.49880 81.10970 83.65210 83.75470 82.81780 85.26650 82.54700 82.01870 80.90190 81.48150 88.76120 90.38040 80.56040 73.38630 73.39190 69.33030 63.16490 77.19690 82.73930 80.48710 76.94010 63.18540 62.04680 60.97840 60.06340 58.84540 59.27480 59.08780 58.38780 58.15250 58.91070 59.24690 59.10460 59.66710 59.03670 59.95420 61.02440 61.43350 61.28930 61.12240 63.07980 63.09260 65.26650 66.41930 65.43420 66.57850 64.82760 66.88840 80.75000 80.47260 82.05720 81.40090 79.32600 63.09350 76.67130 76.70730 75.74990 61.04660 77.15030 80.38810 78.60910 75.95980 74.20370 74.78920 73.35580 73.29700 76.97830 76.68700 75.34640 75.46000 75.12430
84.75930 84.02760 88.26130 87.09210 84.23120 83.80950 78.03470 78.55380 84.81180 84.02030 91.78780 92.86820 91.25490 91.30410 93.37990 92.32610 89.64140 82.18140 81.28150 83.21810 81.01260 75.89120 75.47050 75.42840 57.53470 56.81020 57.74540 57.18500 57.32460 57.72700 59.14610 58.85200 61.10950 61.09170 58.51780 59.28850 59.38510 61.76540 61.99360 62.68210 64.02060 65.72180 68.26820 68.44020 65.64010 66.54570 64.90160 67.03910 67.23540 69.59190 75.48660 82.76790 80.32750 76.90470 59.76160 75.14190 75.66240 77.50390 76.08820 75.58780 74.35890 74.82720 74.39320 73.60580 72.55050 72.40550 72.78480 73.78160 74.76000 74.12090 77.39470
85.47270 81.58660 72.74550 69.46570 82.74250 72.25340 69.47130 68.46220 68.51500 69.34880 74.17720 74.64750 74.63320 75.84700 86.77360 83.62840 79.49110 79.23030 81.60900 80.52530 80.53080 78.49430 77.75060 77.07180 73.74480 73.07370 71.96400 55.84870 56.34730 55.24630 57.33750 55.54320 59.03160 60.71420 57.82910 59.67970 58.78750 62.11820 61.80630 62.34970 65.18380 60.96380 64.97630 66.51540 67.46770 67.43710 66.29540 65.09010 65.89850 67.75600 70.30820 72.18730 69.51310 80.55530 76.42600 59.28910 75.20300 75.18990 75.16160 74.86030 73.40050 73.43970 72.77090 72.16810 71.27520 71.48200 72.38560 71.83240 72.42830 73.98910 76.37030
74.79250 73.29470 76.79250 80.28800 78.68100 96.66790 94.59060 94.64670 90.14080 95.41650 93.12150 90.85740 88.37670 69.90390 77.08830 79.68560 77.86820 62.54980 77.29030 77.51810 76.90800 78.53050 78.78470 78.97810 75.90540 75.00630 73.16610 73.69800 75.03560 76.42450 62.05370 60.39410 56.75090 59.37850 63.89220 63.12180 63.70140 64.73230 63.90090 64.52950 64.90600 66.61490 65.58170 67.06900 67.93910 66.80470 68.36720 68.73170 65.52700 67.86870 68.81840 69.78370 66.13750 66.59490 77.98370 60.98090 75.74750 75.18200 74.37680 75.53190 72.09170 72.62120 71.39130 71.55430 71.60090 71.07770 71.41350 71.31410 73.33800 73.82960 75.44180
82.36700 81.68580 83.78310 94.51550 94.85150 94.08160 92.14240 93.28490 96.63450 97.18380 96.73360 95.65010 100.30500 99.81030 92.54310 81.77390 77.43230 78.52930 77.04440 78.67790 80.40610 81.17520 82.60700 83.50890 79.00670 66.00190 61.91640 58.65640 63.13950 61.64850 60.77720 64.25340 64.60010 63.98660 61.50050 62.50130 66.08720 66.03010 67.51570 66.54390 63.32690 60.64420 66.25410 67.99300 70.37860 70.71980 70.92940 70.87010 66.56580 67.52680 67.69690 67.95000 69.27160 67.58490 78.46000 63.85460 60.18140 74.59710 74.45580 74.17080 72.24630 72.25140 70.51080 70.12110 70.08160 69.95160 69.96330 70.15730 73.57190 72.55690 73.86840
84.91500 84.75920 83.34000 83.56760 79.10800 78.43500 80.24570 77.35850 84.92430 85.78830 88.28290 88.29080 72.38330 77.81200 70.68930 73.42330 69.39760 56.68990 67.87820 69.81410 71.67780 75.57800 75.46390 72.81680 61.21810 54.72230 59.11090 56.70340 59.06130 60.04690 62.44920 62.31380 60.17910 58.19480 58.61890 62.66440 66.54490 67.03040 66.71120 68.14410 68.50540 65.97000 63.82180 68.17280 70.38310 72.10100 71.21770 70.57430 68.84270 65.38510 65.74480 69.76000 67.41170 67.67550 78.17230 69.02450 63.18980 74.83410 74.78370 73.34470 75.36040 74.62870 74.11800 73.95010 71.49320 70.57960 70.02150 70.27040 71.41510 71.15650 71.67090
79.81030 77.64240 82.35600 83.04700 81.55340 79.24020 77.31200 71.09780 64.11530 78.22910 80.41490 80.79730 89.63300 88.64830 83.86690 79.19030 78.24190 74.21890 75.46000 73.88060 72.03980 75.07500 76.17610 73.95400 65.01090 56.74290 52.93460 51.62450 57.41870 60.46500 59.08730 57.66900 56.04350 54.82180 55.00060 55.63210 60.62430 64.13860 67.12440 67.82700 65.70140 67.17480 63.98420 69.16580 71.19900 71.20630 71.28620 69.16360 68.49640 66.96640 67.80920 66.40260 67.04370 71.92030 73.28040 73.92860 79.23510 78.25850 75.74540 74.82110 76.07390 75.04310 74.98990 74.74030 73.25950 73.65000 71.02800 70.76060 72.02030 71.96670 72.09630
77.28540 74.87560 78.38950 80.18240 77.09220 73.84530 76.41870 77.01000 77.83400 71.78360 62.39690 56.57650 69.30600 79.74870 98.02320 93.36090 93.96930 80.37340 78.29510 77.34870 73.97810 74.58620 72.39910 69.82290 64.86370 61.48590 59.31030 60.39220 60.95820 65.69350 60.57270 63.04430 59.67400 56.75020 55.77910 56.19510 59.87270 63.51340 66.35570 64.45130 66.52510 65.13540 71.69260 67.14870 68.73570 71.03230 66.01870 68.17570 69.42870 71.27500 73.07780 72.17780 68.87520 71.42500 79.05100 73.10640 80.91110 84.00610 82.08680 80.47110 82.25180 79.94550 78.13210 75.11880 71.38630 70.83010 71.70360 72.39320 73.68990 72.10580 73.66750
77.95450 -9999 58.55670 76.36510 81.39420 88.05380 -9999 90.48110 86.83940 83.06400 73.91990 57.99410 62.36640 70.90070 77.30450 76.93600 70.94810 77.95640 93.76670 103.62800 83.46560 81.20740 74.94710 70.92030 64.41910 57.36090 61.74560 60.64010 62.33180 63.29750 60.76860 64.06550 66.03290 58.54450 55.06820 62.06720 62.80190 66.30240 61.89140 61.78840 61.96520 64.34620 80.82550 75.12950 67.56090 68.63730 64.31640 64.19580 68.47170 69.58990 69.74410 69.38570 68.87110 72.58650 80.71700 83.88570 86.12010 85.22220 83.58320 83.46250 83.76170 81.92390 82.28910 79.87910 75.31350 73.34140 72.45130 73.96220 72.57210 72.92920 73.21820
