data/hydroclimate-scenarios/BCSD_hadcm_A1B/monthly_summaries/soilm1_monthly_day1_dec.2070-2099.asc
ncols	311
nrows	91
xllcenter	102.75
yllcenter	31.75
cellsize	0.5
NODATA_value	-9999
[rows 32 to 63 of 91, columns 0 to 70 of 311]
-9999 -9999 -9999 -9999 -9999 -9999 -9999 -9999 -9999 -9999 -9999 81.27320 81.17810 82.46790 81.67800 82.01910 81.66820 82.19150 80.91660 80.83210 81.53200 82.75620 83.06270 83.01270 80.95600 80.22830 80.30920 82.04500 83.94140 87.86210 87.80210 87.54700 87.62890 87.42630 86.14920 85.29300 83.97300 82.82060 81.43920 81.16850 80.78080 80.80580 81.11990 81.18990 80.99500 81.33510 81.15490 81.01890 80.85950 80.28940 79.96480 79.31400 78.97720 78.52810 77.03610 77.23190 78.05520 77.63330 78.04890 78.74590 78.94150 78.77860 77.71440 78.47030 78.49210 78.21340 78.17070 78.63720 78.04730 76.09870 75.46440
-9999 -9999 -9999 -9999 -9999 -9999 -9999 -9999 -9999 -9999 -9999 81.70050 81.56750 81.54920 81.15590 81.63710 82.06320 82.63230 82.77320 83.01690 83.03470 82.95880 81.92360 81.06450 80.09240 78.79630 76.67930 78.86330 79.21950 80.58600 83.65760 85.50940 84.13290 82.26400 81.41410 80.32060 81.34520 81.63030 80.96030 79.46620 80.87000 80.39960 80.98490 81.37210 81.26900 81.42270 81.14850 81.13090 80.84930 80.00310 79.63100 79.01840 78.61550 77.77050 78.09640 79.54560 79.23300 78.36440 79.00400 79.65100 79.37450 79.16230 79.07600 78.91920 79.74160 79.26670 79.00650 78.04630 77.32780 76.47320 76.12520
-9999 -9999 -9999 -9999 -9999 -9999 -9999 -9999 -9999 -9999 -9999 -9999 79.88200 80.10420 79.69950 79.88510 82.55280 82.97530 83.15730 83.28510 81.75950 79.01840 75.40430 78.80140 76.84790 72.72020 73.34210 75.57370 77.52590 77.93400 78.61490 80.03120 81.20710 81.48040 80.73020 80.49670 79.85930 81.69100 80.94240 78.29160 78.85360 79.42010 80.03590 81.46860 81.35020 81.17050 81.00330 81.43850 81.17910 80.74610 80.25180 79.44730 79.24310 79.39490 78.46940 77.47560 77.26560 77.03930 79.21140 79.36590 79.02920 76.59690 76.26580 78.56990 78.81270 79.82930 79.58630 77.80280 77.18780 77.30510 77.40220
-9999 -9999 -9999 -9999 -9999 -9999 -9999 -9999 -9999 -9999 -9999 -9999 79.11200 79.84990 81.65500 82.22430 82.56120 81.89100 81.34050 80.31310 79.71930 78.75020 78.31460 77.28050 76.22140 75.52440 76.93580 76.26320 76.88020 75.01530 77.23500 79.80570 80.60170 79.49220 79.42860 78.98070 78.46570 80.26700 81.07970 77.87230 78.54430 77.43700 78.96990 81.82880 82.01250 81.09900 81.41900 80.16350 79.81870 79.25100 78.61700 78.21170 78.52630 79.49900 79.32630 77.91410 78.67780 76.82040 78.93640 78.30320 77.06490 77.23200 78.99170 80.29810 79.55350 79.36630 79.05150 78.16120 78.05780 78.70060 78.61550
-9999 -9999 -9999 -9999 -9999 -9999 -9999 -9999 -9999 -9999 -9999 -9999 81.92050 82.10200 81.49760 80.63970 80.36910 80.17030 76.67080 77.91970 78.99270 78.30410 77.94480 76.73960 76.65690 76.50600 76.95540 75.01500 75.11450 71.72260 71.16580 78.60880 78.25890 77.76570 77.93190 77.01080 76.17460 78.14210 78.25620 78.18080 78.12920 77.97460 78.50590 79.70530 78.89620 74.97290 77.80640 77.77380 77.72690 77.70190 77.36510 77.47370 76.97830 75.90950 74.39210 73.74790 72.71030 77.46030 78.13800 78.15670 77.63320 77.33270 77.57390 78.79510 79.00430 79.23580 79.16210 79.18480 79.00770 78.94360 79.20410
-9999 -9999 -9999 78.98590 78.83640 78.39710 78.44250 78.85690 78.79230 -9999 81.54170 81.48730 80.56800 79.84060 79.68050 79.79090 78.90390 77.06580 77.91640 78.73700 78.81000 78.71060 78.66810 78.40090 75.77900 77.52100 77.72320 76.80440 74.78190 72.70600 77.33010 77.52500 77.38370 70.52670 73.74840 67.64740 73.50670 77.07910 77.78190 78.09560 78.17900 77.98580 78.31480 77.33980 76.94500 76.06750 77.24700 74.53980 77.54950 77.37600 73.86240 70.05730 70.86670 74.24490 74.62000 76.19830 75.73360 76.11170 73.86130 75.52240 77.91530 77.97330 75.29870 77.98490 77.77830 78.57410 78.96330 78.68850 79.02290 78.91060 78.91490
-9999 -9999 -9999 79.22700 78.84780 78.96390 78.75500 79.75110 79.60800 80.49180 80.81650 80.07480 80.04350 77.47560 76.51530 79.09120 73.30330 79.77050 79.96040 79.90180 79.75890 79.72400 80.04110 79.91680 76.24900 73.18460 74.00330 74.93960 76.56970 71.29200 67.07570 72.80060 77.23060 72.68090 69.73940 69.35380 73.89270 75.70630 76.83740 75.69160 76.58750 77.76700 78.43000 77.28650 75.41340 75.31910 77.26840 76.90800 73.64640 70.74230 71.61230 76.53980 76.61150 76.42410 76.83440 75.83620 76.06040 76.79450 76.66120 75.22260 76.10290 77.56940 76.70450 75.09120 77.65440 78.12410 78.31690 78.81860 78.85980 77.59800 75.33030
-9999 -9999 -9999 78.96000 79.09670 79.19540 79.98100 80.39090 80.36730 80.25860 80.27500 80.23590 80.09980 79.19960 77.66760 79.55780 76.50100 74.44620 78.63950 79.67730 79.39450 76.04780 69.02980 70.49640 74.56880 73.81960 76.75100 76.22900 73.04520 72.10880 73.71050 76.75880 74.18970 71.26830 70.00310 71.20680 75.94480 76.47970 73.64780 69.91560 72.55240 75.50010 78.09470 78.08500 78.19510 77.74230 77.70090 70.25270 70.49030 76.99450 76.68900 77.16660 76.93670 76.70250 76.75950 76.35910 76.47050 77.47080 77.14320 77.02380 73.43370 73.34970 77.99580 77.72910 78.22300 78.47040 78.55720 77.46790 72.61780 75.48970 76.24970
-9999 -9999 -9999 78.47150 79.06490 79.78460 80.06450 80.33660 79.66630 79.22530 80.03550 80.02640 78.56210 76.96770 78.81400 71.89630 73.53140 81.14360 82.77050 78.69140 71.90830 67.81140 71.56270 79.09720 76.64980 72.08920 76.16200 77.56710 76.57930 72.89740 71.64930 72.21710 71.47130 73.50100 75.77010 73.18440 73.29390 73.81330 74.80470 76.13200 75.18310 73.75300 73.80660 75.63790 77.36100 77.84130 77.42820 76.76670 77.17580 77.04510 76.43830 77.14680 76.73560 72.58620 76.37770 72.57910 71.58440 71.34850 72.23790 70.60600 68.24580 73.86040 74.88930 77.59860 76.42340 74.91680 77.50730 77.36690 77.08790 76.97020 78.10220
-9999 -9999 -9999 77.37190 79.26000 79.48940 79.69980 80.08680 79.63850 79.54380 80.19460 78.85440 75.32010 74.77180 86.07150 83.60520 76.95600 76.51780 78.83730 73.16230 71.85570 76.83220 79.66560 73.47350 70.30240 72.53540 78.94380 78.32120 75.05150 75.91990 73.10100 73.47120 73.86700 75.06100 76.58550 73.57120 73.61050 75.20880 75.71200 74.99480 73.01060 74.41000 76.28920 76.29600 76.96260 77.04960 76.81450 75.67700 73.62880 76.38420 75.05660 73.53070 71.02780 71.76070 73.06850 71.22150 71.40340 70.34760 72.70960 75.57290 75.15880 75.31960 76.48760 74.61120 72.98150 73.57750 76.23580 75.32730 77.21840 77.91870 78.87210
-9999 -9999 -9999 -9999 79.11970 79.69980 79.97020 79.78390 79.24440 79.39010 80.44850 80.09020 75.37260 71.94670 -9999 -9999 -9999 -9999 -9999 75.43440 81.82350 83.48260 81.71970 75.60890 75.22810 76.38860 75.65170 78.10690 78.23220 77.61100 77.37610 74.66190 75.69110 74.85230 72.73090 72.87880 71.60260 72.96480 75.60780 74.06770 73.59530 73.27870 75.84560 75.92760 75.05580 74.40180 71.74900 73.33030 76.49640 80.25500 76.11370 76.34050 76.55060 75.63260 75.53690 75.63400 75.53410 75.72180 71.40410 73.69300 75.94990 75.95220 77.10250 76.69650 76.86650 77.52040 77.45480 77.83400 81.35720 -9999 -9999
-9999 -9999 78.03280 79.38250 79.91000 79.84220 79.86080 79.45440 79.49140 79.75680 80.65620 80.09760 77.78170 -9999 -9999 -9999 -9999 -9999 80.76150 86.17030 82.35510 78.37130 78.16690 78.09160 81.54800 93.79550 82.22150 78.24290 77.82930 76.11980 71.06660 75.27780 74.77440 73.56660 75.03650 72.78850 73.40150 74.56260 75.01680 75.44830 75.45680 76.25370 76.36200 76.04590 76.14870 76.36150 76.41370 76.67030 77.87980 90.08830 90.23150 90.26450 91.68390 85.02860 79.57130 76.67760 76.28920 73.47550 72.37790 74.90040 75.19740 75.02000 77.79360 77.15690 77.40030 77.45880 78.06410 -9999 -9999 -9999 -9999
-9999 -9999 80.87100 80.26280 79.64830 78.81470 77.41140 78.72740 78.99420 80.24430 80.87510 80.72840 79.58180 -9999 -9999 -9999 -9999 78.18900 77.98510 78.35200 75.62520 76.56050 78.54320 84.19490 82.22400 77.24090 74.18010 75.92290 75.35100 76.65260 75.47410 74.89520 75.84970 76.54350 75.59010 77.58150 77.63640 73.92890 74.63660 75.40780 75.71720 75.67030 75.75350 76.33790 72.18080 69.35900 70.69580 70.37370 71.68650 73.50980 75.64340 79.94510 81.01190 85.48620 85.27980 77.51900 75.54750 76.09220 78.00100 79.28930 77.26710 76.84150 77.62780 79.17150 77.74970 -9999 -9999 -9999 -9999 -9999 79.06900
-9999 -9999 78.45210 79.12990 80.20470 79.36760 75.11130 75.28260 78.84740 80.08630 80.20850 79.33340 78.08380 -9999 -9999 -9999 -9999 77.34500 78.09120 76.80220 74.00920 77.14480 82.16750 78.40890 78.32070 77.13170 75.06070 74.54530 75.07550 74.09320 74.98570 76.83210 76.14030 75.67730 76.29290 76.57900 76.14140 75.87160 75.81750 76.11530 76.63950 77.88850 77.00190 76.47750 74.27020 71.20410 70.16320 67.81530 66.17840 66.33430 69.37180 70.16200 74.51550 72.92780 75.97800 76.37070 77.45140 78.30760 77.47380 77.69020 78.14810 78.12230 77.78390 72.50990 71.89080 78.06770 78.04500 78.11590 78.17600 -9999 -9999
-9999 -9999 -9999 74.78050 78.16430 79.10300 77.56200 77.47080 79.45490 75.12750 68.72940 75.75860 -9999 -9999 -9999 -9999 78.00710 77.50170 77.47090 76.85370 77.38270 78.46360 75.21250 76.82750 77.07750 74.81780 74.10110 71.99330 73.25320 75.77690 75.70500 75.71630 74.07290 70.00690 66.56340 66.70800 71.76840 75.61810 77.21990 77.23110 78.04630 77.70210 79.75700 78.90160 78.81200 79.64980 78.18740 77.24510 74.54960 70.42790 75.73780 84.21950 79.91960 84.31780 92.82680 95.21580 84.10360 77.91500 77.36880 77.85020 77.94070 77.50540 77.45640 74.79750 69.49770 76.04230 79.27790 80.25020 78.06420 78.17760 -9999
-9999 -9999 -9999 -9999 75.97910 77.61970 75.72960 79.43150 79.55140 77.75610 75.88820 -9999 -9999 -9999 -9999 79.01060 75.71910 71.35510 74.27240 66.44090 68.62010 67.01740 66.47350 69.62880 74.07500 69.23600 64.67020 66.25160 65.16920 68.15090 68.48420 67.17490 65.58390 65.83730 67.72350 76.46430 77.28660 76.48450 76.67790 76.58690 76.10010 77.70970 77.44470 77.31070 77.03080 74.27150 75.86420 82.14680 77.97670 78.06850 77.52790 86.13550 84.25330 82.95420 84.62320 86.88250 94.77680 85.72850 82.87550 77.87890 77.75790 75.65250 74.08790 72.83320 71.70880 77.40680 77.66520 78.08500 78.31680 78.75850 80.15060
-9999 -9999 -9999 -9999 -9999 -9999 80.30080 80.52340 68.02230 75.28590 68.80140 -9999 -9999 -9999 -9999 -9999 68.02560 65.87620 66.27210 63.49210 62.84290 62.79780 68.32410 70.40870 65.04840 63.45160 69.36560 83.65010 84.01250 75.64620 66.87740 65.06000 69.58390 66.83770 67.95810 65.39430 75.19670 76.26510 76.40200 76.24330 75.84580 77.79220 77.88370 77.30470 79.04850 77.56840 75.34810 78.89700 82.77560 92.18980 85.73070 88.56530 78.53520 78.92320 76.55150 76.55900 82.90450 84.81600 76.38930 69.27090 68.81970 70.29360 72.57610 69.57200 68.28000 72.22210 78.77770 78.87660 78.29370 78.23860 79.16590
-9999 -9999 -9999 -9999 -9999 -9999 -9999 -9999 -9999 -9999 -9999 -9999 -9999 -9999 -9999 -9999 -9999 -9999 -9999 61.61690 63.21620 66.22710 64.97890 63.15200 66.69600 67.01200 67.19520 65.79810 64.53010 64.53690 65.63100 70.16730 77.69170 75.19920 69.26810 68.62450 76.37030 78.13850 77.43500 76.63450 76.28240 76.29320 76.95320 77.27980 77.24300 74.99920 75.49300 78.96390 82.11360 79.30500 79.52410 77.32940 81.11690 81.88120 79.08670 76.81950 68.48270 69.77470 67.50160 67.54030 73.38270 75.90800 67.49340 67.04190 66.14630 73.68990 76.51470 77.77300 78.61070 80.63360 80.09980
-9999 -9999 -9999 -9999 -9999 -9999 -9999 -9999 -9999 -9999 -9999 -9999 -9999 -9999 -9999 -9999 -9999 -9999 63.74640 66.96020 65.70890 62.47430 63.27670 62.13080 66.03440 68.91810 68.92490 68.70960 63.49560 62.83430 63.88310 64.75480 64.93940 65.07070 72.12740 78.71090 76.23010 77.07150 76.42960 77.28160 76.90520 76.25400 76.21460 76.58040 75.31350 76.10290 75.53760 75.26700 77.63350 80.73770 81.10860 85.15400 86.55150 83.82230 80.11550 77.64050 70.27770 69.16250 74.81050 69.58250 76.33830 78.80890 70.45600 69.76620 75.84260 73.95360 70.44770 77.77420 78.54370 78.92790 80.04940
-9999 -9999 -9999 -9999 -9999 -9999 -9999 -9999 -9999 -9999 -9999 -9999 -9999 -9999 -9999 -9999 -9999 64.70340 66.06840 63.52980 63.43100 63.32890 64.32070 65.61650 66.09500 67.41660 74.85980 65.07710 68.62560 70.33160 70.27670 71.64300 70.00190 70.69030 79.87500 79.98780 78.31670 77.00730 77.01280 76.57530 74.71220 76.05970 75.29510 76.30290 74.54880 73.55960 77.72910 78.86090 75.33840 80.38940 81.79440 83.40030 80.03270 80.27060 80.87820 80.32450 68.99470 68.20130 68.05630 67.89050 72.02000 76.44380 71.46450 73.17450 66.46170 68.05670 70.71030 69.66920 76.97840 79.13100 76.18240
-9999 -9999 -9999 -9999 -9999 -9999 -9999 -9999 -9999 -9999 -9999 -9999 -9999 -9999 -9999 -9999 -9999 67.03130 64.80190 63.99860 66.92310 71.44300 66.43590 61.94980 60.99590 58.79760 61.18890 60.99090 64.73060 64.78440 75.89150 77.15990 76.20250 77.83340 80.62830 81.76790 81.62560 75.41660 74.22710 75.31290 74.44720 73.95830 74.48510 73.81230 75.06080 77.74040 73.91810 74.78970 72.93820 75.04950 81.69640 85.23010 85.23130 84.24320 83.87900 81.31810 71.71930 69.75740 69.43830 71.50360 68.61100 68.16380 68.14340 67.03980 67.46220 68.26260 69.63430 72.32590 84.22160 83.58740 80.61180
-9999 -9999 -9999 -9999 -9999 -9999 -9999 -9999 -9999 -9999 -9999 -9999 -9999 -9999 -9999 -9999 75.75200 73.89930 64.64590 69.17680 67.02300 63.84230 60.58740 56.29150 53.58200 54.14140 56.17940 59.12580 59.35110 60.63220 62.81770 63.93130 63.23010 75.58160 78.79680 79.41090 74.99470 76.64850 74.89240 73.47510 70.97280 73.30670 76.77650 73.18970 72.05950 73.57400 72.69830 74.31500 73.72760 71.04940 80.57470 83.26360 83.49290 84.17860 84.13080 81.19050 81.22270 73.23920 77.86560 70.83630 69.49690 70.21410 71.93690 74.15080 75.86100 89.37170 94.22950 92.52120 87.51070 83.20770 80.44900
-9999 -9999 -9999 -9999 -9999 -9999 -9999 -9999 -9999 -9999 -9999 -9999 -9999 63.88860 63.54650 68.98140 66.86030 69.29880 70.27460 62.61870 61.37700 57.63840 54.14060 54.39630 54.57180 53.86580 52.40760 53.48390 53.50740 53.79320 72.14000 72.13440 62.51400 61.42850 77.38960 81.86410 79.11970 74.46730 74.17050 73.41380 73.73260 74.77370 74.46280 72.53430 78.95600 84.29710 80.81590 83.43360 84.09500 79.02130 78.80790 78.30480 77.15360 77.18220 81.91090 79.85880 77.46570 76.53270 76.37960 76.08370 77.00360 82.71840 78.73790 87.64410 91.70430 86.78810 93.95120 87.74750 82.14230 83.31840 80.72650
-9999 -9999 -9999 -9999 -9999 -9999 -9999 -9999 -9999 -9999 -9999 -9999 63.56940 64.26070 72.67770 71.18310 69.79780 64.66590 60.65460 57.47870 56.94450 59.19610 57.84470 59.11230 54.90820 53.16690 52.40050 50.89440 70.70200 70.11940 74.60670 72.84810 74.12610 59.68230 75.22090 80.49950 73.64860 73.73280 73.64590 73.85330 72.19240 73.44520 77.27680 79.93770 85.72750 82.39670 78.08480 84.29160 87.99730 89.17870 75.51270 75.94760 73.62160 76.21050 75.39810 78.51970 82.42970 82.58870 81.58580 82.45340 78.47170 81.01740 82.07630 81.96830 84.40060 86.69390 87.09620 82.40590 83.35620 81.34580 70.94760
-9999 -9999 -9999 -9999 -9999 -9999 -9999 -9999 -9999 -9999 -9999 71.76950 67.74060 67.46110 64.62000 60.98030 58.89890 61.14970 61.37370 58.63140 59.29370 53.84670 53.20670 52.96830 53.62200 53.22830 69.97170 51.69120 69.30360 70.88470 75.31540 54.89900 57.87210 60.03690 67.30250 79.53950 74.31550 74.56490 72.42150 71.25060 71.23530 78.38430 81.49350 85.37140 87.68140 85.47070 87.11240 87.72610 87.89000 86.35640 82.98360 76.95810 77.12460 78.60630 77.29860 77.36250 81.72910 81.27040 80.47120 79.82560 82.40490 82.02510 81.71830 79.53200 86.17000 83.09380 82.93020 84.80690 80.78710 75.89870 67.92940
-9999 -9999 -9999 -9999 -9999 -9999 -9999 -9999 -9999 -9999 63.07510 63.76070 60.66490 61.40800 58.41840 56.73510 55.15770 54.27130 55.10740 53.82870 52.50390 51.73200 51.82480 51.06140 50.95460 52.50910 52.46360 69.30090 69.76260 53.26370 55.72300 55.32460 52.84610 76.81040 81.40770 75.25450 74.86130 73.48480 72.94090 71.34810 78.84320 82.49500 83.81290 87.01260 86.88800 83.78850 84.80160 87.94540 87.26200 87.39750 86.46150 78.52830 79.81570 78.93590 78.04470 77.99490 82.33150 84.37920 84.38510 86.54930 84.87060 81.60450 80.70550 82.00570 84.75340 84.24260 86.97510 82.41130 79.35930 72.28540 70.14200
-9999 -9999 -9999 -9999 -9999 -9999 -9999 -9999 -9999 58.22310 58.33010 57.30630 56.21880 58.55340 55.93830 53.68580 53.48700 53.18540 52.27590 50.84770 51.43450 50.90600 50.86590 51.33720 51.71690 54.18180 54.08390 54.91530 55.23090 55.11440 55.57380 58.03040 60.61710 63.87190 81.19430 75.50750 75.51500 74.30540 74.23290 72.05590 80.17510 81.39310 84.07910 89.24950 86.50880 95.18150 86.43620 85.99040 89.51150 88.73540 89.37370 81.88110 76.94110 80.17260 77.04650 83.98900 87.62140 89.02050 88.26530 89.24420 83.61680 82.47000 80.61330 85.31900 80.63010 82.82140 83.78950 81.10770 72.55790 69.68700 70.43100
-9999 -9999 -9999 -9999 -9999 -9999 -9999 -9999 -9999 -9999 53.37660 52.23770 51.83400 53.53970 51.53590 51.45020 51.47150 51.53600 51.59940 49.71310 50.20820 49.74520 50.02610 -9999 -9999 -9999 -9999 -9999 -9999 54.89880 57.11100 58.92920 64.07630 66.94120 70.10120 76.47360 76.74560 73.82980 71.91620 67.45510 77.19390 79.74820 72.70230 93.57710 88.67630 94.12630 94.75360 84.08640 86.67030 86.99390 83.64140 78.10500 77.78010 78.19030 83.38420 84.11350 84.86220 87.03420 90.73810 88.67860 86.81530 80.37610 81.26650 84.68310 81.17860 83.76850 83.76600 78.77130 73.85550 76.42910 72.73420
-9999 -9999 -9999 -9999 -9999 -9999 -9999 -9999 -9999 -9999 -9999 -9999 49.86650 48.67660 48.57260 47.44420 47.50800 48.21600 48.74500 -9999 -9999 -9999 -9999 -9999 -9999 -9999 -9999 -9999 -9999 -9999 -9999 -9999 -9999 65.12180 69.61140 75.51430 81.76490 73.36080 68.76010 59.69420 73.76760 79.47930 76.39080 77.82070 78.42180 89.22180 95.72010 85.75430 88.10660 87.41420 87.11110 81.26780 81.45380 81.29140 86.49470 86.26770 85.12400 80.19050 77.97340 85.21630 84.36620 80.26270 83.07880 82.91160 81.77400 82.94510 80.35520 71.23840 72.98720 79.45540 88.38270
-9999 -9999 -9999 -9999 -9999 -9999 -9999 -9999 -9999 -9999 -9999 -9999 -9999 -9999 -9999 -9999 -9999 -9999 -9999 -9999 -9999 -9999 -9999 -9999 -9999 -9999 -9999 -9999 -9999 -9999 -9999 -9999 -9999 -9999 79.22790 80.44140 78.88710 79.20700 65.24620 75.62530 75.01070 78.39350 79.59260 75.41690 94.65570 94.11020 92.78980 86.02540 85.91100 85.91250 83.67540 81.59740 86.31110 81.41850 81.47190 82.21620 81.12160 83.98750 81.98230 83.95150 82.11440 89.32990 85.34420 82.78550 82.01240 83.33030 83.58770 74.71050 76.99540 84.51820 89.11570
-9999 -9999 -9999 -9999 -9999 -9999 -9999 -9999 -9999 -9999 -9999 -9999 -9999 -9999 -9999 -9999 -9999 -9999 -9999 -9999 -9999 -9999 -9999 -9999 -9999 -9999 -9999 -9999 -9999 -9999 -9999 -9999 -9999 -9999 68.00910 77.59350 77.09690 65.71690 61.79560 78.70440 80.28180 88.15870 88.68700 82.89340 79.45480 85.31510 85.33240 86.93960 88.48590 88.05680 85.30700 87.87870 79.32460 78.90620 78.86020 77.97160 82.49180 79.91910 81.70090 86.84930 85.35820 87.67990 83.46810 83.01250 84.56970 74.67930 83.59140 77.24510 81.41040 87.46160 -9999
-9999 -9999 -9999 -9999 -9999 -9999 -9999 -9999 -9999 -9999 -9999 -9999 -9999 -9999 -9999 -9999 -9999 -9999 -9999 -9999 -9999 -9999 -9999 -9999 -9999 -9999 -9999 -9999 -9999 -9999 -9999 -9999 -9999 -9999 -9999 -9999 -9999 -9999 77.92690 78.97180 82.01020 79.69460 75.49290 79.32550 87.51720 85.07210 84.95500 86.98260 89.80030 87.57040 87.66960 84.76000 83.80920 78.37510 82.21040 78.27340 75.11000 77.98100 81.47800 82.43150 82.57570 83.89130 85.22810 83.27200 82.63040 75.55810 80.41680 86.41070 78.40050 -9999 -9999
