data/hydroclimate-scenarios/BCSD_hadcm_A1B/monthly_summaries/soilm2_monthly_day1_jun.2030-2059.asc
ncols	311
nrows	91
xllcenter	102.75
yllcenter	31.75
cellsize	0.5
NODATA_value	-9999
[rows 0 to 30 of 91, columns 70 to 139 of 311]
-9999 -9999 -9999 -9999 -9999 -9999 -9999 -9999 -9999 -9999 -9999 -9999 -9999 -9999 -9999 -9999 -9999 -9999 -9999 -9999 -9999 -9999 -9999 -9999 -9999 -9999 -9999 -9999 -9999 -9999 -9999 -9999 -9999 -9999 -9999 -9999 -9999 -9999 -9999 -9999 -9999 -9999 -9999 -9999 -9999 -9999 -9999 -9999 -9999 -9999 -9999 -9999 -9999 -9999 -9999 -9999 -9999 -9999 -9999 -9999 -9999 -9999 -9999 -9999 -9999 -9999 -9999 -9999 -9999 -9999
-9999 -9999 -9999 -9999 -9999 -9999 -9999 -9999 -9999 -9999 -9999 -9999 -9999 -9999 -9999 -9999 -9999 -9999 -9999 -9999 -9999 -9999 -9999 -9999 -9999 -9999 -9999 -9999 -9999 -9999 -9999 -9999 -9999 -9999 -9999 -9999 -9999 -9999 -9999 -9999 -9999 -9999 -9999 -9999 -9999 -9999 -9999 -9999 -9999 -9999 -9999 -9999 -9999 -9999 -9999 -9999 -9999 -9999 -9999 -9999 -9999 -9999 -9999 -9999 -9999 -9999 -9999 -9999 -9999 -9999
-9999 -9999 -9999 -9999 -9999 -9999 -9999 -9999 -9999 -9999 -9999 -9999 -9999 -9999 -9999 -9999 -9999 -9999 -9999 -9999 -9999 -9999 -9999 -9999 -9999 -9999 -9999 -9999 -9999 -9999 -9999 -9999 -9999 -9999 -9999 -9999 -9999 -9999 -9999 -9999 -9999 -9999 -9999 -9999 -9999 -9999 -9999 -9999 -9999 -9999 -9999 -9999 -9999 -9999 -9999 -9999 -9999 -9999 -9999 -9999 -9999 -9999 -9999 -9999 -9999 -9999 -9999 -9999 -9999 -9999
-9999 -9999 -9999 -9999 -9999 -9999 -9999 -9999 -9999 -9999 -9999 -9999 -9999 -9999 -9999 -9999 -9999 -9999 -9999 -9999 -9999 -9999 -9999 -9999 -9999 -9999 -9999 -9999 -9999 -9999 -9999 -9999 -9999 -9999 -9999 -9999 -9999 -9999 -9999 -9999 -9999 -9999 -9999 -9999 -9999 -9999 -9999 -9999 -9999 -9999 -9999 -9999 -9999 -9999 -9999 -9999 -9999 -9999 -9999 -9999 -9999 -9999 -9999 -9999 -9999 -9999 -9999 -9999 -9999 -9999
-9999 -9999 -9999 -9999 -9999 -9999 -9999 -9999 -9999 -9999 -9999 -9999 -9999 -9999 -9999 -9999 -9999 -9999 -9999 -9999 -9999 -9999 -9999 -9999 -9999 -9999 -9999 -9999 -9999 -9999 -9999 -9999 -9999 -9999 -9999 -9999 -9999 -9999 -9999 -9999 -9999 -9999 -9999 -9999 -9999 -9999 -9999 -9999 -9999 -9999 -9999 -9999 -9999 -9999 -9999 -9999 -9999 -9999 -9999 -9999 -9999 -9999 -9999 -9999 -9999 -9999 -9999 -9999 -9999 -9999
-9999 -9999 -9999 -9999 -9999 -9999 -9999 -9999 -9999 -9999 -9999 -9999 -9999 -9999 -9999 -9999 -9999 -9999 -9999 -9999 -9999 -9999 -9999 -9999 -9999 -9999 -9999 -9999 -9999 -9999 -9999 -9999 -9999 -9999 -9999 -9999 -9999 -9999 -9999 -9999 -9999 -9999 -9999 -9999 -9999 -9999 -9999 -9999 -9999 -9999 -9999 -9999 -9999 -9999 -9999 -9999 -9999 -9999 -9999 -9999 -9999 -9999 -9999 -9999 -9999 -9999 -9999 -9999 -9999 -9999
-9999 -9999 -9999 -9999 -9999 -9999 -9999 -9999 -9999 -9999 -9999 -9999 -9999 -9999 -9999 -9999 -9999 -9999 -9999 -9999 -9999 -9999 -9999 -9999 -9999 -9999 -9999 -9999 -9999 -9999 -9999 -9999 -9999 -9999 -9999 -9999 -9999 -9999 -9999 -9999 -9999 -9999 -9999 -9999 -9999 -9999 -9999 -9999 -9999 -9999 -9999 -9999 -9999 -9999 -9999 -9999 -9999 -9999 -9999 -9999 -9999 -9999 -9999 -9999 -9999 -9999 -9999 -9999 -9999 -9999
-9999 -9999 -9999 -9999 -9999 -9999 -9999 -9999 -9999 -9999 -9999 -9999 -9999 -9999 -9999 -9999 -9999 -9999 -9999 -9999 -9999 -9999 -9999 -9999 -9999 -9999 -9999 -9999 -9999 -9999 -9999 -9999 -9999 -9999 -9999 -9999 -9999 -9999 -9999 -9999 -9999 -9999 -9999 -9999 -9999 -9999 -9999 -9999 -9999 -9999 -9999 -9999 -9999 -9999 -9999 -9999 -9999 -9999 -9999 -9999 -9999 -9999 -9999 -9999 -9999 -9999 -9999 -9999 -9999 -9999
-9999 -9999 -9999 -9999 -9999 -9999 -9999 119.48100 -9999 -9999 -9999 -9999 -9999 -9999 -9999 -9999 -9999 -9999 -9999 -9999 -9999 -9999 -9999 -9999 -9999 -9999 -9999 -9999 -9999 -9999 -9999 -9999 -9999 -9999 -9999 -9999 -9999 -9999 -9999 -9999 -9999 -9999 -9999 -9999 -9999 -9999 -9999 -9999 -9999 -9999 -9999 -9999 -9999 -9999 -9999 -9999 -9999 -9999 -9999 -9999 -9999 -9999 -9999 -9999 -9999 -9999 -9999 -9999 -9999 -9999
-9999 -9999 -9999 108.52500 107.25800 114.99800 118.38200 121.13600 124.92100 121.48500 122.66900 115.03900 114.06300 106.05700 104.61700 102.47700 104.93300 102.03100 101.21000 104.44100 103.17800 110.52300 107.18500 -9999 -9999 -9999 -9999 -9999 -9999 -9999 -9999 -9999 -9999 -9999 -9999 -9999 -9999 -9999 -9999 -9999 -9999 -9999 -9999 -9999 -9999 -9999 -9999 -9999 -9999 -9999 -9999 -9999 -9999 -9999 -9999 -9999 -9999 -9999 -9999 -9999 -9999 -9999 -9999 -9999 -9999 -9999 -9999 -9999 -9999 -9999
-9999 -9999 -9999 -9999 -9999 126.09600 130.79201 135.43300 136.45300 137.70900 138.23399 134.09500 133.84000 128.54800 127.80600 124.57700 122.68500 120.68900 119.11300 118.64900 116.79900 116.83700 114.72300 -9999 -9999 -9999 -9999 -9999 -9999 -9999 -9999 -9999 -9999 -9999 -9999 -9999 -9999 -9999 -9999 -9999 -9999 -9999 -9999 -9999 -9999 -9999 -9999 -9999 -9999 -9999 -9999 -9999 -9999 -9999 -9999 -9999 -9999 -9999 -9999 -9999 -9999 -9999 -9999 -9999 -9999 -9999 -9999 -9999 -9999 -9999
112.08800 110.45100 110.56800 115.43900 117.74800 124.28900 126.66700 125.66600 133.10800 137.12100 138.65601 138.30000 137.99600 135.05600 135.08800 131.21001 129.05200 127.77000 123.90800 124.77800 124.39800 134.53799 141.60201 137.34200 138.23500 137.34399 138.14600 135.69400 135.57100 -9999 -9999 -9999 -9999 -9999 -9999 -9999 -9999 -9999 -9999 -9999 -9999 -9999 -9999 -9999 -9999 -9999 -9999 -9999 -9999 -9999 -9999 -9999 -9999 -9999 -9999 -9999 -9999 -9999 -9999 -9999 -9999 -9999 -9999 -9999 -9999 -9999 -9999 -9999 -9999 -9999
115.62200 114.41500 114.74800 119.24400 118.26100 119.00100 124.82600 126.91900 127.28400 127.72300 130.20500 140.76500 140.98700 135.64900 134.22501 140.23801 138.05901 136.62399 128.72600 148.39999 143.20000 143.71899 139.04800 138.55000 144.05499 140.92200 141.61900 138.32201 136.94701 139.52499 137.42599 138.17200 136.96600 133.81700 132.89200 137.11900 134.42700 123.33100 121.12200 121.52500 119.61500 117.94200 116.68100 114.68700 -9999 -9999 -9999 -9999 -9999 -9999 -9999 -9999 -9999 -9999 -9999 -9999 -9999 -9999 -9999 -9999 -9999 -9999 -9999 -9999 -9999 -9999 -9999 -9999 -9999 -9999
91.58800 91.72500 93.38890 94.50120 110.37100 120.23700 124.72500 122.53300 123.59800 126.34200 123.73000 128.93700 132.25400 129.23100 131.91400 135.19600 134.62601 131.65199 129.19600 140.72900 147.31200 144.99899 140.87100 137.85001 127.06600 129.67000 136.01900 129.95799 129.08600 137.52100 140.72900 143.46700 143.25400 131.25000 129.35500 136.01900 133.18900 128.04100 123.79700 123.40400 121.73100 122.90800 121.18500 118.37400 142.92999 -9999 -9999 -9999 -9999 -9999 -9999 -9999 -9999 -9999 -9999 -9999 -9999 -9999 -9999 -9999 -9999 -9999 -9999 -9999 -9999 -9999 -9999 -9999 -9999 -9999
122.07800 127.67500 122.80800 115.79600 126.19100 126.47400 128.77000 132.09801 132.40300 136.34700 136.27100 143.33000 144.00000 143.50101 143.01500 140.88100 141.50200 145.32700 143.01100 140.94800 151.00900 142.81599 141.79100 142.95599 143.43600 139.72800 139.05600 139.44299 139.75301 141.70200 140.37399 139.23100 138.55400 140.54500 140.04201 137.96800 137.14600 132.94400 131.07800 132.35800 134.84700 132.64301 131.56599 130.13200 128.64700 -9999 -9999 -9999 -9999 -9999 -9999 -9999 -9999 -9999 -9999 -9999 -9999 -9999 -9999 -9999 111.33900 108.21500 -9999 -9999 -9999 -9999 108.52600 116.51500 119.54900 109.15300
122.24500 120.92100 122.70900 125.32600 124.23800 124.13400 124.58500 128.39600 129.77699 137.40700 137.31500 138.39900 142.28101 145.05701 146.18600 145.28000 145.21400 145.99001 147.91901 148.14700 138.71300 144.12399 142.71600 145.57401 141.87199 135.37900 136.99800 142.80000 143.56000 140.75600 142.42599 144.04800 142.68600 140.54100 138.22000 137.11099 134.31300 131.77699 130.65500 130.53300 141.57500 145.51199 146.34100 144.62199 141.85500 145.67000 144.37399 146.83099 128.26801 126.71200 124.15500 114.18600 113.28100 114.60300 113.99400 112.18500 93.41120 93.63200 95.58210 116.74600 117.16900 105.30300 -9999 -9999 -9999 -9999 -9999 117.31200 117.78700 114.49900
129.44200 128.99001 103.53400 124.14000 130.15601 110.07100 121.46700 124.96600 128.85400 129.59500 129.84700 131.92799 136.09500 139.60600 141.62399 142.54401 148.80000 144.98801 141.63600 141.93300 143.56500 141.68800 140.74400 141.17500 140.21100 135.88901 137.26601 138.14900 139.42999 140.25999 138.14301 139.47701 138.40100 136.98599 138.84200 138.26300 134.24899 134.77699 131.68100 146.23500 149.01199 131.19800 146.29700 124.92700 125.93400 130.52901 128.26199 117.92000 121.38800 128.81700 129.29700 133.96899 123.42900 124.00300 123.02800 117.50300 116.54200 119.23000 116.73200 109.08100 100.45800 90.42180 91.19120 103.62000 117.67500 124.89400 129.63200 124.03200 126.50700 131.97301
119.64600 125.84500 123.86100 118.14000 132.97600 132.91901 129.04100 128.35001 128.18500 121.42500 124.60400 125.92700 133.30299 136.87900 145.38800 141.76700 144.29100 143.09900 143.48100 140.73500 133.28500 141.28799 142.57700 142.77000 144.41499 137.63600 139.46201 139.30600 140.60500 139.89000 140.07899 139.13300 140.17101 141.35500 141.56100 140.04900 137.63200 151.33800 135.34700 135.75500 134.23000 134.20700 136.80499 130.75999 125.91300 125.72000 129.59399 127.95600 131.26500 126.83700 129.39999 128.46700 130.37100 123.60600 128.03600 122.15700 121.35700 125.26100 128.33800 127.28800 123.21600 103.98800 97.32090 97.80600 100.58500 118.51500 123.90600 125.96600 127.10800 132.12000
125.94400 133.46300 130.77000 118.29000 94.67450 118.21200 115.04800 115.31500 123.07400 123.86000 121.76400 122.87100 125.99500 130.95599 135.40500 137.35800 140.01100 140.87601 140.94200 140.27600 135.88901 141.67300 141.98300 143.64000 144.20599 144.56200 144.53200 143.33400 144.50800 147.83299 147.65500 145.30299 153.18401 144.25999 142.78300 144.19701 142.94099 138.82100 137.88600 141.85699 144.28400 138.27901 137.00301 141.23100 140.72701 137.42101 135.36000 133.29800 132.11000 135.24100 134.59100 133.23100 136.06900 133.98900 133.28700 109.52400 110.01100 114.55100 121.81600 120.01500 129.59399 121.08500 116.38800 112.38000 109.45600 110.71000 111.43200 110.98300 112.62200 114.74800
112.89900 130.95799 134.42900 129.44901 117.36100 105.02600 113.98900 112.86800 120.38600 125.36200 120.54600 139.17599 130.79900 122.87100 125.65700 127.81800 131.82500 135.39301 138.39000 140.06700 139.89999 142.12399 141.77699 144.53700 144.81300 144.33200 143.69501 142.79900 141.78200 146.97501 150.59500 143.15401 142.28400 138.92000 141.02100 139.97701 141.42500 138.66701 138.49800 140.43300 142.43700 148.12000 147.03600 141.31100 140.88499 146.82201 141.80600 135.48199 133.56700 132.26199 133.82500 132.75000 133.45200 135.22301 133.67300 129.10500 127.56600 126.75300 122.02400 122.45300 124.92100 122.95100 118.89400 114.66400 117.18000 119.18700 114.50700 116.64400 111.91400 117.40700
119.73500 122.64500 120.70700 117.96600 121.88600 118.39800 106.06400 98.35760 92.34800 117.05200 115.00300 128.53600 138.58200 138.09200 129.74600 126.84300 128.66299 129.57600 128.71100 135.32500 134.50101 139.52000 140.70200 141.74200 142.03999 143.67799 145.34300 145.11501 144.87000 145.80400 147.67300 148.17500 152.19299 144.83400 139.28900 136.45799 139.39999 132.81900 135.55701 135.99699 131.78000 150.10500 151.26100 149.24200 147.42000 139.29100 134.88400 134.37300 131.73199 131.10800 131.78000 136.32700 140.23900 132.23700 136.29401 134.52400 136.68700 123.97100 122.06100 121.52700 117.04000 117.32700 118.47800 112.90100 127.37900 129.48801 124.40400 109.78500 109.30000 112.37500
139.41100 140.21300 135.00500 137.13000 128.18201 127.17400 126.87900 118.42700 119.32700 122.92700 120.23400 115.89300 115.32800 123.88900 126.48900 137.16000 132.61900 134.85400 133.43100 129.31500 124.60800 135.64900 138.47800 140.78400 141.09000 143.94800 146.34100 144.95900 142.72400 153.57300 154.22501 154.35400 156.58600 140.03101 150.01401 139.14500 139.19800 141.49500 143.07500 128.82201 134.55600 138.78799 142.80901 149.82899 135.96201 137.96899 138.05701 137.63000 140.61800 136.60600 132.00200 130.60699 136.06799 130.01401 120.57300 125.56500 124.53500 112.47000 125.20100 126.94800 133.27200 125.65100 126.88800 128.74200 136.64400 132.37601 119.76000 120.31400 123.71500 131.86000
127.26000 131.58900 142.39000 146.91701 146.83000 145.05000 130.63600 123.44200 117.27900 126.12400 122.78100 125.54600 129.50999 126.50500 113.52100 130.55400 119.72600 120.88800 131.13300 136.69299 127.48100 131.81000 136.51199 136.76500 144.28799 144.84000 146.05299 143.11600 146.08099 147.70000 149.76801 152.91800 152.76300 151.43800 141.00000 147.50101 150.07401 147.28000 136.77699 136.76100 135.69400 139.93300 149.84801 149.34801 135.91299 143.07201 141.92200 137.11800 141.70100 132.35500 123.86500 122.04100 123.87600 119.34900 119.86400 103.71400 103.93900 125.38900 123.11900 127.96700 139.55000 140.84500 141.76500 132.61800 121.75200 137.84801 147.16299 145.91800 149.10400 139.55400
131.27600 135.87801 132.30600 130.30099 143.50200 144.77400 142.92200 142.16499 136.78400 136.38100 128.95799 126.48000 131.88300 136.86501 134.69600 144.66400 135.45900 126.78400 117.92600 130.78799 138.48300 134.66901 141.18100 139.24001 137.00700 141.63000 139.34000 141.29401 143.35100 146.28000 145.78300 143.79900 143.91000 144.69099 142.84700 144.54800 149.09500 151.45300 145.20399 142.81599 142.87700 138.36099 139.88100 145.55600 129.81400 124.79700 137.32100 142.47301 145.70799 139.79401 129.42700 121.97700 119.63800 124.98300 115.44800 114.98800 120.93400 124.63400 131.60100 127.95600 133.35800 148.03101 144.01300 140.69000 137.28000 153.23300 145.42999 143.78000 147.28400 143.63499
131.27100 136.74800 133.22000 129.08501 123.97400 128.85600 132.61000 136.73900 135.23900 135.32600 133.62399 126.48600 128.80299 118.28600 128.70300 143.50301 146.10400 134.35201 131.57300 122.84700 134.48300 138.39301 139.70900 141.84599 144.58400 136.85201 131.78999 139.41299 149.40300 153.64900 153.54500 153.35100 152.58900 141.19701 141.22000 145.24500 139.31400 134.78900 136.72099 144.86501 148.43500 132.89000 130.56000 147.45000 130.70200 128.60899 137.00200 145.77400 146.08501 140.38499 126.87000 114.50800 123.12500 135.68300 125.25600 128.80499 128.61800 132.38000 134.39400 129.42101 140.50800 139.69501 136.68900 142.82800 151.53200 159.08501 150.68500 152.19400 151.00900 147.32800
134.67700 146.01601 142.66000 131.17799 130.57700 132.67000 129.30701 135.50200 131.30499 129.62300 124.16000 123.94300 128.78900 128.21100 128.22000 139.11501 147.09200 138.29100 132.81000 129.78700 131.78200 140.38499 137.02200 138.70500 137.27600 137.74500 156.20200 138.96700 135.85899 154.12601 155.38499 152.88699 151.76199 145.87000 147.26199 142.31500 149.41000 152.36800 141.25700 135.74899 157.24100 124.55500 133.53500 137.42000 133.35300 136.89000 131.67900 125.88900 127.59800 124.26200 122.33700 127.30600 135.70900 139.45700 135.06400 138.01801 143.53000 146.25200 141.27400 143.47701 145.00200 152.66400 154.10500 157.00999 159.69800 170.09100 166.85400 166.62000 167.26900 147.54201
135.61000 140.06200 145.44901 134.97900 128.70100 131.33200 138.37199 134.78600 136.97301 131.28500 132.19800 130.56200 127.68300 131.81799 133.14500 145.53000 146.39799 146.06799 133.07300 136.78600 135.31799 139.58400 132.64700 143.11800 134.80800 142.39600 153.98100 141.90800 140.02499 145.63901 149.82899 147.22400 134.54201 146.78799 154.07001 142.10800 138.55400 155.97701 151.81700 132.72400 136.71800 140.50900 139.61600 131.36700 131.96400 128.81599 128.99600 135.38400 125.32000 129.72900 148.06300 124.37300 136.86800 143.63000 141.07300 142.52200 141.00400 139.84900 154.60201 165.96100 167.70200 164.78200 161.22701 164.59100 165.56700 170.76199 147.65401 165.19000 142.35699 133.51500
142.75400 141.95300 136.88100 133.84900 135.08099 134.52200 130.61099 122.56000 128.51801 135.63400 134.34500 124.81000 132.70900 142.14999 137.85899 140.82100 139.71100 136.75200 147.39600 141.23801 141.17200 145.85400 139.83800 140.61700 137.75999 135.28600 146.11200 154.31200 145.49699 144.32300 147.60600 149.81599 144.86301 152.23700 155.03200 146.95599 138.27901 156.37300 143.00600 142.15199 134.89799 135.84500 135.26500 133.31100 142.35201 142.54500 147.85300 151.77901 151.58600 154.01199 152.79401 152.73900 148.15601 150.69400 150.05400 150.89101 156.33200 167.66499 168.11501 169.53400 166.91000 166.33701 165.58900 160.96400 149.64101 145.78500 140.43700 138.94000 140.67700 135.70799
135.07899 142.81200 135.23300 136.22501 133.75900 135.06599 136.98900 127.58100 124.19500 124.02300 140.16701 126.90900 129.73199 137.28700 140.73599 134.93600 140.09300 136.92300 129.49500 137.25800 151.52299 145.53900 141.61800 139.50900 134.84599 141.82100 138.05901 152.05800 144.44099 130.88100 145.52600 143.66499 153.87399 152.93900 151.52100 145.11301 133.10100 141.27100 148.03600 140.95300 144.63800 138.65199 137.01100 141.93300 147.26401 150.80200 150.74100 144.11501 131.40401 134.57500 145.99200 157.38800 159.99899 134.28200 154.16499 162.81700 166.30400 172.30000 173.96700 170.82300 170.44099 164.01401 152.87399 143.81100 132.05499 126.88400 128.69701 127.17600 130.11501 132.75500
134.95599 137.46400 136.24500 135.36501 139.86099 142.44701 141.17799 141.15601 128.90601 133.26900 134.49500 132.64101 130.94800 136.56400 127.58800 138.05200 153.09399 146.40900 137.11200 143.46300 152.59700 132.41701 142.45900 146.98199 151.66000 141.45100 133.36700 153.48199 149.95200 136.09100 145.72701 147.17300 137.16100 153.75600 152.61099 138.76199 141.91901 148.93500 161.86099 157.79300 157.06400 160.50200 156.01900 158.63600 158.94701 150.11600 144.72200 129.68900 131.92200 146.41299 146.55299 -9999 -9999 135.82201 150.20700 163.29500 167.98700 174.05901 176.71899 153.27100 150.89200 147.12801 138.16800 131.84801 124.09900 129.33400 124.26100 122.11700 120.28400 131.33400
140.08400 146.46700 142.63600 142.53799 149.14301 136.68401 150.88100 149.39600 145.44099 136.55600 147.32500 144.38901 139.77800 137.66701 132.41800 144.79201 154.68800 135.49699 135.62000 136.01300 140.13200 137.59900 147.76199 138.87500 149.97900 134.36200 137.99200 147.87900 144.97701 132.73300 148.15500 149.36301 137.51801 142.46100 146.32899 142.92599 152.12601 152.86099 160.25000 158.28300 -9999 -9999 -9999 -9999 150.27499 -9999 135.20500 143.75900 152.33701 160.82800 143.64000 -9999 -9999 147.49001 165.01500 170.32899 162.97600 152.21500 151.99500 149.28500 144.00200 150.52699 147.27299 139.53300 135.12199 142.66901 126.86600 119.65100 122.64900 136.63699
