data/hydroclimate-scenarios/BCSD_hadcm_A1B/monthly_summaries/soilm2_monthly_day1_nov.2070-2099.asc
ncols	311
nrows	91
xllcenter	102.75
yllcenter	31.75
cellsize	0.5
NODATA_value	-9999
[rows 31 to 61 of 91, columns 0 to 69 of 311]
-9999 -9999 -9999 -9999 -9999 -9999 -9999 -9999 -9999 -9999 -9999 87.04420 97.83930 99.29210 104.80400 107.42600 97.21580 98.43220 105.69800 104.24100 109.17900 118.76500 118.76400 114.13900 112.57900 107.67800 109.49600 108.43300 106.26200 106.82300 103.88500 101.63000 102.28100 102.09000 104.78300 102.22000 101.99100 106.91600 107.59600 104.95900 105.26200 104.94000 129.72099 131.75301 131.32201 131.45399 131.56799 119.59100 107.91700 105.46700 110.73200 111.60200 108.67900 105.71600 106.04100 126.59400 127.96400 127.13600 128.74200 123.93200 121.58500 125.88500 124.70500 121.75500 122.25900 128.46100 123.82900 129.78000 129.61700 132.22000
-9999 -9999 -9999 -9999 -9999 -9999 -9999 -9999 -9999 -9999 -9999 91.75440 92.95000 104.13400 99.28720 103.86600 103.46900 105.69200 106.56000 110.74900 115.97700 115.85600 116.79400 117.86600 136.20100 135.46800 134.68800 135.02600 133.97400 108.34100 106.24600 102.98200 105.01000 106.62200 106.94100 103.93200 105.88000 107.37800 117.38200 118.78600 116.76400 114.74100 118.74200 118.30700 116.55100 116.91300 115.66200 114.99200 114.30100 113.81100 111.94200 111.66800 109.95900 127.45100 128.26100 128.39799 128.61700 127.81700 125.05500 110.75900 112.37500 112.18500 123.55500 126.77700 129.22600 124.70400 127.69600 132.88600 132.20000 132.49800
-9999 -9999 -9999 -9999 -9999 -9999 -9999 -9999 -9999 -9999 -9999 97.34760 98.23100 97.51450 96.72740 101.63300 101.79500 109.66700 111.71100 117.72900 119.06400 118.99900 138.30000 138.50800 136.77200 113.41700 111.64000 111.17000 105.38400 128.32001 129.03300 105.14400 106.39000 102.44800 115.35600 108.28000 127.89300 118.57800 128.34700 130.14500 118.46300 130.76700 121.29200 123.39200 125.39200 122.72100 121.85500 120.17300 118.30100 114.23000 112.47800 112.08600 110.17100 123.70100 108.39400 114.51600 114.50800 112.50400 114.95700 116.50500 115.32900 131.80400 130.24300 112.15700 133.27699 129.15601 129.48100 133.53101 132.69901 132.85699
-9999 -9999 -9999 -9999 -9999 -9999 -9999 -9999 -9999 -9999 -9999 -9999 99.80170 101.65000 101.66500 104.14300 106.25200 114.55300 116.60500 119.90300 139.35100 115.61100 115.95600 114.91400 111.68400 109.35000 108.45100 103.68400 99.86670 100.90200 129.36800 130.63901 130.42599 130.77200 130.05000 129.96100 131.02299 119.71600 128.51700 126.85300 127.81000 131.40100 132.34801 121.49500 123.22200 125.69600 123.55400 123.73900 121.09800 120.09500 115.83300 114.86300 114.20100 111.13700 107.40800 107.16900 107.12900 123.16000 130.54601 130.75500 129.85500 122.49900 123.12800 128.20200 128.50600 136.46899 132.95300 131.92700 131.68900 133.70000
-9999 -9999 -9999 -9999 -9999 -9999 -9999 -9999 -9999 -9999 -9999 -9999 100.43100 99.49780 104.91200 105.00400 108.33600 135.41000 137.37199 116.80300 118.56500 116.09600 111.72700 107.38300 104.35200 102.20800 98.52650 103.66200 99.23970 103.06500 104.83900 130.33200 131.43100 129.26900 132.24699 107.71200 103.69300 107.52400 109.61900 107.35300 131.18500 118.38800 118.18700 130.14301 124.77200 126.95400 127.76500 124.80200 117.03000 119.70600 114.93300 106.67200 102.45700 111.85000 110.21200 122.28200 130.69800 123.57700 102.51500 131.36400 128.60500 102.88300 102.08100 119.55200 131.54500 132.84900 133.66200 131.88100 133.12700 136.16200
-9999 -9999 -9999 -9999 -9999 -9999 -9999 -9999 -9999 -9999 -9999 -9999 100.51000 101.63600 132.00999 132.34599 135.44600 111.20800 114.98600 117.42600 117.92300 117.80200 114.13500 106.78300 106.62600 105.95400 106.48500 107.07800 108.74700 107.31000 105.22500 128.31700 107.52000 108.03100 105.75400 104.06600 106.58300 110.04200 109.39600 114.15700 119.77600 123.53000 124.72200 129.06799 133.99100 129.89200 133.47600 132.39500 130.38499 123.39300 117.24400 117.76500 109.28200 110.26700 110.27300 107.09300 104.35800 108.29400 109.70400 132.37100 108.65500 111.68400 111.60000 109.06000 129.40900 132.29300 134.55099 135.70100 138.24100 138.37601
-9999 -9999 -9999 93.61320 96.93510 91.52580 89.14650 90.80180 91.05790 -9999 98.25110 129.30800 130.18600 98.19400 101.41200 103.92100 107.77500 110.60100 112.04300 112.96400 117.80400 116.33000 111.59300 112.53000 109.88000 111.58600 111.18400 109.57100 107.78500 104.94700 105.67400 105.09300 99.07860 103.46000 102.36100 80.61030 102.51800 108.35500 115.00500 115.85700 119.80400 124.85000 129.26900 130.23801 131.23399 129.10800 134.59200 124.74300 126.21600 126.93800 120.10600 117.23300 115.96200 120.64000 117.77100 117.00500 117.45900 109.35300 111.08800 108.47400 132.34100 115.73700 114.64700 119.40700 114.69100 116.59300 119.31800 126.47100 134.04700 134.90700
-9999 -9999 -9999 95.13420 94.46150 95.64510 93.49690 96.71000 93.83120 122.96300 128.71600 125.73800 99.51510 93.60490 99.27620 100.58200 107.16800 107.45500 110.92100 109.61700 110.23800 110.99500 112.75500 114.79700 112.50300 114.10500 112.73200 109.92800 109.42600 107.80900 84.40480 104.95300 105.84800 102.79700 101.90900 103.06000 101.65400 110.68100 110.62300 117.67800 118.55100 121.42000 130.84200 130.50800 126.70600 128.01801 134.45000 130.39200 125.58800 120.94200 121.70700 127.68700 128.20200 126.81600 120.90400 119.19300 112.88100 111.40900 113.43700 110.52600 112.81500 117.94200 118.11500 119.82100 124.63000 120.29200 122.25800 129.88200 137.97501 137.58501
-9999 -9999 -9999 90.55630 95.54240 92.71740 126.72100 126.84000 126.32800 127.50500 128.73599 127.09100 95.21850 89.96850 88.74060 89.60770 106.61400 105.28000 103.68600 101.81900 105.21300 107.81900 87.72620 106.60500 108.26200 112.51500 113.53500 114.79000 109.07100 111.38200 116.60600 116.35900 109.24200 104.70700 105.29400 104.82800 105.53000 107.84100 107.99100 110.99400 114.39500 120.43200 130.74800 135.17900 134.22701 131.72800 134.12199 123.16600 122.82200 135.91299 136.38100 132.14301 131.09399 127.98500 123.93800 119.54300 114.51200 117.22400 118.02900 118.13500 115.76600 117.12500 123.63500 127.41000 130.48500 131.03200 131.72200 136.38300 131.10300 139.18600
-9999 -9999 -9999 98.44610 96.22390 101.40900 126.94100 129.30000 124.38400 122.70200 125.29300 93.43660 87.47000 91.73960 89.09550 93.01060 99.10800 114.11900 114.75100 104.76800 104.69600 101.73400 111.83300 121.06300 112.79700 113.13000 110.21700 106.27400 115.23500 118.49400 115.94800 107.38600 110.30300 113.47500 115.72800 113.74800 109.58300 108.52400 113.56700 114.44200 115.98000 122.12400 126.15200 131.19400 135.44901 139.41499 138.93600 134.63499 137.54401 135.65401 135.76900 135.61800 132.62300 124.07200 127.14500 120.55800 116.75100 116.04000 119.21100 117.61700 114.53000 125.83000 126.67800 131.70900 131.68900 130.13600 139.01500 143.35300 146.48300 147.76900
-9999 -9999 -9999 93.91570 95.67290 101.19700 127.48200 127.26100 126.29400 125.20400 125.40700 122.19200 89.31500 93.22190 106.90900 108.48000 103.60200 104.84600 103.69200 107.53200 108.17100 107.57200 124.51700 110.44500 107.95700 110.95800 110.47100 106.78300 110.03700 115.74300 114.06500 112.34600 113.46900 108.98900 108.88700 109.62900 111.27700 111.70000 113.57000 118.75500 124.94900 130.21100 132.77200 133.22900 136.55400 137.59700 138.20000 135.85899 129.70700 137.68201 134.34399 128.40700 123.26300 124.81700 124.12000 123.80600 120.55600 119.07800 123.22700 132.48300 132.17700 133.25400 137.58200 132.88699 130.13100 128.35400 136.79300 138.63100 148.08800 152.69701
-9999 -9999 -9999 -9999 126.98000 128.92200 128.84900 131.68900 127.90600 124.15600 126.70000 98.52170 96.42400 97.18710 -9999 -9999 -9999 -9999 -9999 116.34500 124.82600 120.64700 124.62800 119.51800 112.59800 108.66200 107.02900 108.22300 112.90200 109.14500 107.95100 107.36700 107.90200 104.84900 106.39800 100.83500 105.56400 105.55100 112.71700 114.78700 114.69400 124.22200 131.03999 135.24600 136.60600 137.43600 137.92799 138.14500 138.65401 138.31900 137.01199 137.02200 135.10300 136.24400 135.24001 134.97000 134.59000 134.31100 124.43800 127.78500 136.18500 138.54700 137.55901 143.31500 144.61000 140.60500 147.09801 149.27100 155.24100 -9999
-9999 -9999 107.44500 129.53200 130.15199 128.70200 129.02800 131.99001 128.02200 126.52700 127.45600 98.90480 100.02800 -9999 -9999 -9999 -9999 -9999 127.57000 119.97300 123.17200 110.46800 108.37100 114.36100 120.45100 119.74500 111.69000 110.10800 112.20600 110.93200 107.30000 106.12100 107.01000 109.36800 110.57800 106.84100 106.58400 104.97900 109.44300 108.98700 114.83500 123.78400 129.00301 129.32001 129.44501 132.38000 135.31900 135.34300 133.30400 134.92999 134.46500 135.66400 140.06200 139.77000 135.88699 131.11900 131.77901 128.15800 127.22900 129.81200 131.85600 132.41499 138.16499 143.42999 145.00400 146.76199 148.75000 -9999 -9999 -9999
-9999 -9999 132.11800 132.00600 128.76500 128.54700 128.60300 131.17300 127.50300 128.28600 106.84500 104.48200 96.22050 -9999 -9999 -9999 -9999 104.61400 113.92400 105.36200 106.40000 104.85400 108.22000 116.82800 113.98600 104.94400 105.00600 102.70500 108.25800 109.79900 105.30800 107.04300 106.44500 107.99000 110.41900 107.76500 106.21900 105.00100 111.09000 119.93300 124.63400 127.53200 130.00500 132.44701 126.68300 120.79300 123.80500 123.72100 125.74800 128.24200 135.05901 138.51500 140.20599 135.62700 134.53500 124.72000 129.38200 132.00800 136.90401 138.85001 140.29300 142.62100 144.63000 144.92500 143.42300 -9999 -9999 -9999 -9999 -9999
-9999 -9999 132.81500 135.28500 132.28400 131.81400 129.90900 127.53500 127.79000 128.23500 104.64600 97.66150 81.37830 -9999 -9999 -9999 -9999 110.38100 105.71400 105.92300 104.95300 107.60400 108.78300 105.78400 107.57400 106.05700 103.27100 104.90300 105.85700 105.25200 106.03000 103.48500 106.56200 108.17800 108.54500 112.12800 115.11800 118.07300 119.18000 115.88500 123.93500 121.89900 125.13600 135.50600 132.50301 124.49200 123.65100 120.68200 117.73900 117.21600 121.83500 122.52900 126.52300 123.28800 131.19299 125.33100 125.58500 133.89600 139.16701 141.28300 141.64700 141.61200 143.80000 131.82800 131.86200 146.87700 149.22501 151.08501 150.93900 -9999
-9999 -9999 -9999 135.97400 132.62399 131.28900 126.38100 123.48600 107.84300 108.79400 95.98920 84.81330 -9999 -9999 -9999 -9999 103.52800 105.37000 102.42600 99.87650 103.01300 100.30200 101.65800 101.75400 102.73900 102.19700 104.35900 104.46100 107.17800 110.36500 107.55500 108.23900 108.24000 106.79200 106.11800 105.81300 104.88600 108.77500 109.85700 111.39000 119.15200 120.63900 142.76700 138.74800 137.44901 140.59801 134.18900 130.69800 127.99700 120.78800 131.55099 138.88800 137.49899 142.57401 144.15401 141.74699 144.03900 139.61700 144.32800 145.75400 145.78600 144.78999 147.69200 139.20799 126.59900 142.86400 152.13800 149.00400 143.91100 149.10001
-9999 -9999 -9999 -9999 133.33200 129.86501 125.38900 109.50100 112.22300 94.49990 89.01080 -9999 -9999 -9999 -9999 107.36400 102.54700 98.76600 123.59100 97.87300 95.31960 96.15840 98.13500 101.23600 101.61700 99.81660 98.84270 102.42700 102.68200 103.64900 104.27600 102.54400 101.67900 102.50200 108.34500 111.16600 113.11600 114.02100 112.25500 110.02900 112.27000 118.03600 123.22100 123.05000 125.79100 140.08800 142.94400 139.89400 136.78300 128.65500 124.15700 132.73700 136.96201 140.36900 142.60300 136.45500 139.45000 142.65401 147.46800 144.11200 146.92999 140.47200 136.60001 134.66800 132.29500 147.90401 145.64600 141.46001 141.31300 143.02200
-9999 -9999 -9999 -9999 -9999 -9999 116.03500 131.22600 89.47810 97.68390 94.96780 -9999 -9999 -9999 -9999 -9999 95.56440 94.15070 92.66080 94.51490 94.04660 86.37750 92.83070 98.19900 97.25370 95.04080 99.31240 143.91400 143.73000 137.62300 102.03700 100.54500 100.36600 105.58700 105.91600 104.80700 112.62300 114.76100 110.14700 114.58700 115.50600 124.73000 126.86200 118.75800 136.88300 136.01900 135.33200 138.53700 138.86800 135.22800 141.85899 143.25200 135.56599 142.62700 140.28900 139.38901 139.19299 140.58800 142.75400 127.26100 125.10600 129.35300 134.91800 128.24100 125.70900 134.21899 143.54500 137.42500 134.19299 135.02600
-9999 -9999 -9999 -9999 -9999 -9999 -9999 -9999 -9999 -9999 -9999 -9999 -9999 -9999 -9999 -9999 -9999 -9999 -9999 91.50760 91.85720 83.24570 91.13680 93.27570 96.07930 96.43900 119.87800 117.33900 116.05900 92.53850 100.17400 99.03560 103.40400 107.09800 106.29900 107.63500 110.18400 116.10400 115.09200 120.60600 124.28600 128.03999 127.30100 125.02900 124.89900 122.39500 115.27400 135.27200 135.49300 141.05200 144.33000 142.17101 144.64700 145.98801 134.98700 133.03999 120.53600 123.69200 120.85500 121.77600 134.48300 142.05800 124.17200 122.75500 120.41200 135.51700 138.04300 132.03799 130.55299 140.46899
-9999 -9999 -9999 -9999 -9999 -9999 -9999 -9999 -9999 -9999 -9999 -9999 -9999 -9999 -9999 -9999 -9999 -9999 92.21200 90.07850 87.51660 87.18100 89.75320 90.69430 88.46910 86.87900 116.23900 116.50400 89.62100 92.27760 95.04360 99.00320 101.52400 103.16600 105.92800 128.35300 112.66200 113.35200 115.57000 119.46000 122.01500 123.69500 125.16000 126.51600 126.55700 135.58400 119.51400 481.28299 626.84302 664.57397 673.78198 141.20300 142.99200 146.58200 146.95500 142.63499 122.27600 121.52800 134.67000 125.68500 141.14000 144.87100 128.44600 127.81100 143.25500 134.00999 124.99900 133.76601 142.61000 135.64101
-9999 -9999 -9999 -9999 -9999 -9999 -9999 -9999 -9999 -9999 -9999 -9999 -9999 -9999 -9999 -9999 -9999 93.49390 93.55570 87.41610 88.76110 88.11660 85.41200 85.12430 82.40790 83.86510 120.45200 112.82500 117.08900 119.11200 121.20400 121.21400 102.60400 120.20700 125.61400 131.55600 132.83099 115.81500 114.56900 119.29300 119.97800 132.46500 123.13700 133.75000 117.12800 115.03800 134.39200 640.65900 630.03198 652.24103 658.33398 146.29201 141.91499 145.78999 145.92400 151.59700 121.16000 119.40600 120.61400 120.80300 129.09300 139.88300 130.74400 134.23300 118.92200 120.91000 124.90900 121.31400 142.65401 147.26700
-9999 -9999 -9999 -9999 -9999 -9999 -9999 -9999 -9999 -9999 -9999 -9999 -9999 -9999 -9999 -9999 -9999 94.67210 92.33490 93.73970 92.04440 117.76500 114.49800 77.75300 77.26050 82.57340 80.96370 80.89800 79.33550 114.51300 120.09700 119.77200 120.94200 118.92900 124.65200 129.53500 133.80600 106.43000 112.68200 115.19900 112.41600 110.56200 128.81000 106.93400 129.72600 131.78000 128.59599 486.72000 491.85599 635.29999 665.06299 142.52499 144.06400 145.03999 142.67599 153.47099 134.53600 125.15300 120.79700 126.33000 122.02300 121.46600 121.50100 120.24500 121.43300 122.77300 123.19800 132.09900 143.40500 153.31400
-9999 -9999 -9999 -9999 -9999 -9999 -9999 -9999 -9999 -9999 -9999 -9999 -9999 -9999 -9999 -9999 98.08740 96.75900 94.54930 91.87330 114.20000 79.41540 79.62420 77.71830 76.03360 79.08150 79.43340 79.51220 78.46800 79.08480 79.99120 77.43240 111.14500 116.95900 119.25800 123.99800 122.13000 126.04000 107.62300 106.50900 100.53600 105.82900 130.31700 124.85700 102.25100 126.04800 126.84400 501.61401 493.67401 629.81000 661.67902 141.71800 144.12900 144.45599 141.07500 152.36400 153.27100 136.44200 138.66800 124.74000 122.60300 125.57300 129.51100 142.57800 145.88300 148.94299 144.10201 144.96800 144.15401 151.01601
-9999 -9999 -9999 -9999 -9999 -9999 -9999 -9999 -9999 -9999 -9999 -9999 -9999 93.10220 92.71830 91.85780 91.80220 95.75350 117.77700 111.32400 77.38600 79.02550 77.50040 76.97600 77.04350 76.04780 75.72760 369.98199 369.58899 369.93100 554.58197 559.00702 368.78299 368.34201 559.74902 566.96198 581.54199 580.04999 450.49899 449.90601 446.60800 603.70801 595.56201 425.93301 606.67102 611.26001 624.50897 636.96600 648.82001 654.78400 662.28900 668.41101 664.53699 661.97601 675.42200 694.12000 692.21002 678.19299 624.79797 630.41101 655.33099 730.13898 748.66998 769.23401 749.08698 740.92102 727.71698 144.21700 143.84200 151.55499
-9999 -9999 -9999 -9999 -9999 -9999 -9999 -9999 -9999 -9999 -9999 -9999 87.76250 90.14580 118.54500 116.59600 116.29200 80.21610 78.21920 74.98850 75.22960 74.58950 73.78270 75.61490 74.14780 73.12030 73.00760 366.32999 546.13300 550.45300 542.68701 547.23999 552.53497 541.44598 559.69202 561.02100 390.00800 408.39700 442.84100 438.70599 433.56400 427.21799 595.84198 599.05701 604.87701 615.15997 628.76300 636.52802 652.79498 661.76099 663.18903 555.58698 667.52301 550.78601 650.28302 656.94598 685.19098 668.81897 661.33600 720.94299 723.70099 737.16901 748.41998 754.57001 757.28198 759.55603 761.11499 143.05600 146.99200 142.67900
-9999 -9999 -9999 -9999 -9999 -9999 -9999 -9999 -9999 -9999 -9999 118.44700 85.90870 114.71600 80.36980 77.22020 76.24230 75.22110 75.40100 73.57220 73.30930 72.72880 72.61840 73.05920 73.29420 72.48160 112.33700 537.41803 544.40802 549.27197 542.89203 364.23199 366.23901 369.43399 364.48901 561.55200 406.94000 424.00400 432.81500 427.58401 419.85199 594.02698 587.59198 593.33301 602.20300 608.91699 620.23499 629.99799 641.48102 656.88000 679.67102 594.40302 580.02197 677.33398 600.32501 579.01801 672.93597 605.37799 617.45001 682.93799 709.29401 695.07703 699.56702 705.34198 735.28900 744.15601 727.68402 148.23801 140.74800 131.00700
-9999 -9999 -9999 -9999 -9999 -9999 -9999 -9999 -9999 -9999 80.89610 81.46860 77.96550 77.39020 75.43400 73.59720 72.99230 72.94760 73.20550 71.82590 71.29010 71.04890 71.02090 71.85000 71.92400 71.95200 72.21970 544.95203 541.74799 354.43399 354.89801 364.91101 364.91901 553.41498 555.62299 558.57001 411.72000 422.64401 442.16400 421.96399 590.11499 580.50897 579.14001 589.43201 597.74701 612.38300 616.74500 630.63702 641.85400 663.78900 678.69397 609.17603 683.78497 599.56403 588.87903 573.48798 680.24402 699.25702 669.86902 673.67999 683.82098 691.04303 698.66803 710.71100 719.25098 729.10999 763.07800 146.57500 136.46700 124.65400
-9999 -9999 -9999 -9999 -9999 -9999 -9999 -9999 -9999 149.44901 148.32500 145.83099 146.38400 147.55000 146.49699 143.82700 143.49699 142.79800 141.99800 142.62700 142.62700 143.51199 144.05299 143.53900 143.07201 142.96400 144.04601 144.86501 144.26500 143.96800 144.13499 356.17001 368.36499 375.16800 566.16199 574.53198 439.15201 435.06900 423.76901 582.02698 575.22400 569.12799 575.00299 741.70898 591.78998 763.71100 616.31702 635.45599 658.92297 669.12701 687.78003 692.22699 610.19702 710.66803 659.82800 674.06702 665.41803 655.54303 654.33899 672.88800 683.32501 705.98602 694.61499 707.54999 688.17999 696.43298 722.98199 280.06601 248.06200 241.88400
-9999 -9999 -9999 -9999 -9999 -9999 -9999 -9999 -9999 -9999 145.67000 142.32001 142.38600 143.39700 141.99100 140.85001 141.08800 141.06599 141.03300 142.18800 142.46500 142.35100 142.80600 -9999 -9999 -9999 -9999 -9999 -9999 148.79300 150.08701 364.98099 367.06500 373.72198 379.41800 573.95502 589.95398 415.32999 409.34900 569.07501 571.11102 571.84900 585.10199 750.79797 743.80701 754.33197 763.05798 625.40698 659.25098 670.81897 671.84497 558.20898 594.24402 638.48700 713.98700 659.61102 649.12598 650.38300 648.21503 660.18903 684.47601 673.07501 604.07703 686.71503 713.44702 718.58099 706.41699 265.23099 259.27301 267.74701
-9999 -9999 -9999 -9999 -9999 -9999 -9999 -9999 -9999 -9999 -9999 -9999 141.21201 142.09399 141.98801 139.78900 139.92101 139.36501 139.41000 -9999 -9999 -9999 -9999 -9999 -9999 -9999 -9999 -9999 -9999 -9999 -9999 -9999 -9999 372.76501 550.38000 562.72101 579.68103 567.15002 391.95599 390.60800 572.14398 572.03900 582.00500 596.59998 604.77698 750.15802 764.72302 614.08398 636.29498 646.78302 660.16998 686.32300 691.90302 684.20898 678.61700 647.49799 651.16699 625.03601 472.99200 647.66998 678.71301 665.59497 686.35797 674.74597 695.38800 703.28302 651.99799 241.16600 251.54601 269.17300
-9999 -9999 -9999 -9999 -9999 -9999 -9999 -9999 -9999 -9999 -9999 -9999 -9999 -9999 -9999 -9999 -9999 -9999 -9999 -9999 -9999 -9999 -9999 -9999 -9999 -9999 -9999 -9999 -9999 -9999 -9999 -9999 -9999 -9999 559.70300 559.40302 559.18500 562.73901 377.07999 563.32098 564.01398 573.34802 730.54999 598.26599 760.82599 757.10498 639.01001 601.11102 624.70697 631.34998 642.89899 672.97601 680.65601 670.65198 666.45898 642.63000 622.59497 650.44800 627.06598 637.27100 656.93402 670.91998 656.84302 674.35797 686.28802 664.02197 687.06799 252.96100 265.89600 287.36301
