data/hydroclimate-scenarios/BCSD_hadcm_A1B/monthly_summaries/soilm2_monthly_day1_oct.2070-2099.asc
ncols	311
nrows	91
xllcenter	102.75
yllcenter	31.75
cellsize	0.5
NODATA_value	-9999
[rows 0 to 30 of 91, columns 210 to 279 of 311]
-9999 -9999 -9999 -9999 -9999 -9999 -9999 -9999 -9999 -9999 -9999 -9999 -9999 -9999 -9999 -9999 -9999 -9999 -9999 -9999 -9999 -9999 -9999 -9999 -9999 -9999 -9999 -9999 -9999 -9999 -9999 -9999 -9999 -9999 -9999 -9999 -9999 -9999 -9999 -9999 -9999 -9999 -9999 -9999 -9999 -9999 -9999 -9999 -9999 -9999 -9999 -9999 -9999 -9999 -9999 -9999 -9999 -9999 -9999 -9999 -9999 -9999 -9999 -9999 -9999 -9999 -9999 -9999 -9999 -9999
-9999 -9999 -9999 -9999 -9999 -9999 -9999 -9999 -9999 -9999 -9999 -9999 -9999 -9999 -9999 -9999 -9999 -9999 -9999 -9999 -9999 -9999 -9999 -9999 -9999 -9999 -9999 -9999 -9999 -9999 -9999 -9999 -9999 -9999 -9999 -9999 -9999 -9999 -9999 -9999 -9999 -9999 -9999 -9999 -9999 -9999 -9999 -9999 -9999 -9999 -9999 -9999 -9999 -9999 -9999 -9999 -9999 -9999 -9999 -9999 -9999 -9999 -9999 -9999 -9999 -9999 -9999 -9999 -9999 -9999
-9999 -9999 -9999 -9999 -9999 -9999 -9999 -9999 -9999 -9999 -9999 -9999 -9999 -9999 -9999 -9999 -9999 -9999 -9999 -9999 -9999 -9999 -9999 -9999 -9999 -9999 -9999 -9999 -9999 -9999 -9999 -9999 -9999 -9999 -9999 -9999 -9999 -9999 -9999 -9999 -9999 -9999 -9999 -9999 -9999 -9999 -9999 -9999 -9999 -9999 -9999 -9999 -9999 -9999 -9999 -9999 -9999 -9999 -9999 -9999 -9999 -9999 -9999 -9999 -9999 -9999 -9999 -9999 -9999 -9999
-9999 -9999 -9999 -9999 -9999 -9999 -9999 -9999 -9999 -9999 -9999 -9999 -9999 -9999 -9999 -9999 -9999 -9999 -9999 -9999 -9999 -9999 -9999 -9999 -9999 -9999 -9999 -9999 -9999 -9999 -9999 -9999 -9999 -9999 -9999 -9999 -9999 -9999 -9999 -9999 -9999 -9999 -9999 -9999 -9999 -9999 -9999 -9999 -9999 -9999 -9999 -9999 -9999 -9999 -9999 -9999 -9999 -9999 -9999 -9999 -9999 -9999 -9999 -9999 -9999 -9999 -9999 -9999 -9999 -9999
-9999 -9999 -9999 -9999 -9999 -9999 -9999 -9999 -9999 -9999 -9999 -9999 -9999 -9999 -9999 -9999 -9999 -9999 -9999 -9999 -9999 -9999 -9999 -9999 -9999 -9999 -9999 -9999 -9999 -9999 -9999 -9999 -9999 -9999 -9999 -9999 -9999 -9999 -9999 -9999 -9999 -9999 -9999 -9999 -9999 -9999 -9999 -9999 -9999 -9999 -9999 -9999 -9999 -9999 -9999 -9999 -9999 -9999 -9999 -9999 -9999 -9999 -9999 -9999 -9999 -9999 -9999 -9999 -9999 -9999
-9999 -9999 -9999 -9999 -9999 -9999 -9999 -9999 -9999 -9999 -9999 -9999 -9999 -9999 -9999 -9999 -9999 -9999 -9999 -9999 -9999 -9999 -9999 -9999 -9999 -9999 -9999 -9999 -9999 -9999 -9999 -9999 -9999 -9999 -9999 -9999 -9999 -9999 -9999 -9999 -9999 -9999 -9999 -9999 -9999 -9999 -9999 -9999 -9999 -9999 -9999 -9999 -9999 -9999 -9999 -9999 -9999 -9999 -9999 -9999 -9999 -9999 -9999 -9999 -9999 -9999 -9999 -9999 -9999 -9999
-9999 -9999 -9999 -9999 -9999 -9999 -9999 -9999 -9999 -9999 -9999 -9999 -9999 -9999 -9999 -9999 -9999 -9999 -9999 -9999 -9999 -9999 -9999 -9999 -9999 -9999 -9999 -9999 -9999 -9999 -9999 -9999 -9999 -9999 -9999 -9999 -9999 -9999 -9999 -9999 -9999 -9999 -9999 -9999 -9999 -9999 -9999 -9999 -9999 -9999 -9999 -9999 -9999 -9999 -9999 -9999 -9999 -9999 -9999 -9999 -9999 -9999 -9999 -9999 -9999 -9999 -9999 -9999 -9999 -9999
-9999 -9999 -9999 -9999 -9999 -9999 -9999 -9999 -9999 -9999 -9999 -9999 -9999 -9999 -9999 -9999 -9999 -9999 -9999 -9999 -9999 -9999 -9999 -9999 -9999 -9999 -9999 -9999 -9999 -9999 -9999 -9999 -9999 -9999 -9999 -9999 -9999 -9999 -9999 -9999 -9999 -9999 -9999 -9999 -9999 -9999 -9999 -9999 -9999 -9999 -9999 -9999 -9999 -9999 -9999 -9999 -9999 -9999 -9999 -9999 -9999 -9999 -9999 -9999 -9999 -9999 -9999 -9999 -9999 -9999
-9999 -9999 -9999 -9999 -9999 -9999 -9999 -9999 -9999 -9999 -9999 -9999 -9999 -9999 -9999 -9999 -9999 -9999 -9999 -9999 -9999 -9999 -9999 -9999 -9999 -9999 -9999 -9999 -9999 -9999 -9999 -9999 -9999 -9999 -9999 -9999 -9999 -9999 -9999 -9999 -9999 -9999 -9999 -9999 -9999 -9999 -9999 -9999 -9999 -9999 -9999 -9999 -9999 -9999 -9999 -9999 -9999 -9999 -9999 -9999 -9999 -9999 -9999 -9999 -9999 -9999 -9999 -9999 -9999 -9999
-9999 -9999 -9999 -9999 -9999 -9999 -9999 -9999 -9999 -9999 -9999 -9999 -9999 -9999 -9999 -9999 -9999 -9999 -9999 -9999 -9999 -9999 -9999 -9999 -9999 -9999 -9999 -9999 -9999 -9999 -9999 -9999 -9999 -9999 -9999 -9999 -9999 -9999 -9999 -9999 -9999 -9999 -9999 -9999 -9999 -9999 -9999 -9999 -9999 -9999 -9999 -9999 -9999 -9999 -9999 -9999 -9999 -9999 -9999 -9999 -9999 -9999 -9999 -9999 -9999 -9999 -9999 -9999 -9999 -9999
-9999 -9999 -9999 -9999 -9999 -9999 -9999 -9999 -9999 -9999 -9999 -9999 -9999 -9999 -9999 -9999 -9999 -9999 -9999 -9999 -9999 -9999 -9999 -9999 -9999 -9999 -9999 -9999 -9999 -9999 -9999 -9999 -9999 -9999 -9999 -9999 -9999 -9999 -9999 -9999 -9999 -9999 -9999 -9999 -9999 -9999 -9999 -9999 -9999 -9999 -9999 -9999 -9999 -9999 -9999 -9999 -9999 -9999 -9999 -9999 -9999 -9999 -9999 -9999 -9999 -9999 -9999 -9999 -9999 -9999
-9999 -9999 -9999 -9999 -9999 -9999 -9999 -9999 -9999 -9999 -9999 -9999 -9999 -9999 -9999 -9999 -9999 -9999 -9999 -9999 -9999 -9999 -9999 -9999 -9999 -9999 -9999 -9999 -9999 -9999 -9999 -9999 -9999 -9999 -9999 -9999 -9999 -9999 -9999 -9999 -9999 -9999 -9999 -9999 -9999 -9999 -9999 -9999 -9999 -9999 -9999 -9999 -9999 -9999 -9999 -9999 -9999 -9999 -9999 -9999 -9999 -9999 -9999 -9999 -9999 -9999 -9999 -9999 -9999 -9999
-9999 -9999 -9999 -9999 -9999 -9999 -9999 -9999 -9999 -9999 -9999 -9999 -9999 -9999 -9999 -9999 -9999 -9999 -9999 -9999 -9999 -9999 -9999 -9999 -9999 -9999 -9999 -9999 -9999 -9999 -9999 -9999 -9999 -9999 -9999 -9999 -9999 -9999 -9999 -9999 -9999 -9999 -9999 -9999 -9999 -9999 -9999 -9999 -9999 -9999 -9999 -9999 -9999 -9999 -9999 -9999 -9999 -9999 -9999 -9999 -9999 -9999 -9999 -9999 -9999 -9999 -9999 -9999 -9999 -9999
88.44210 89.65530 92.28530 94.78980 93.98460 93.55550 94.16030 93.42120 94.06950 -9999 -9999 -9999 -9999 -9999 -9999 -9999 -9999 -9999 -9999 -9999 -9999 -9999 -9999 -9999 -9999 -9999 -9999 -9999 -9999 -9999 -9999 -9999 -9999 -9999 -9999 -9999 -9999 -9999 -9999 -9999 -9999 -9999 -9999 -9999 -9999 -9999 -9999 -9999 -9999 -9999 94.65310 -9999 -9999 -9999 -9999 -9999 -9999 -9999 -9999 -9999 -9999 -9999 -9999 -9999 -9999 -9999 -9999 -9999 -9999 -9999
82.69380 82.22190 82.46190 84.44830 86.27430 89.38420 91.07270 92.79360 92.94870 86.57240 83.67310 83.59540 88.13360 83.39690 90.53430 89.90940 95.65760 94.19130 91.73610 91.15140 87.24030 129.30901 -9999 -9999 -9999 -9999 -9999 -9999 -9999 -9999 -9999 -9999 -9999 -9999 -9999 -9999 -9999 -9999 -9999 -9999 -9999 -9999 -9999 -9999 -9999 82.48520 80.14680 62.02290 63.22660 70.95660 75.20370 83.62110 -9999 -9999 -9999 89.95240 -9999 -9999 -9999 91.10310 94.07660 94.63940 -9999 -9999 -9999 -9999 -9999 -9999 -9999 -9999
84.01270 81.75300 81.12080 81.00380 80.70680 77.02550 78.01020 77.88990 78.66750 75.25580 79.07220 86.06020 92.49090 92.14160 107.02400 105.93600 111.07800 114.14000 110.45400 105.75100 103.92300 88.80740 85.60100 81.85600 83.89990 92.42850 96.64560 85.70570 -9999 -9999 -9999 -9999 -9999 93.94650 91.98010 90.46080 88.69550 86.98920 86.39160 81.49850 66.30910 67.45210 64.95700 61.49670 62.81040 59.64980 60.62930 64.06070 65.37100 78.63420 87.17280 83.74470 86.13960 87.51840 89.27260 88.54970 88.70240 88.59820 89.95660 93.97370 98.72720 105.20100 104.76800 101.39000 96.29530 97.10670 93.55980 -9999 -9999 -9999
81.69720 83.46760 86.80870 87.81810 96.46770 102.85500 110.71800 103.96700 108.63900 108.84000 118.09900 124.56700 128.07800 130.55800 190.13499 180.08099 194.46700 177.69800 180.28999 156.15900 105.17700 90.99570 85.13340 90.27170 85.55940 111.46600 102.28400 94.73050 95.55980 96.28370 79.07030 74.91930 71.51290 65.29910 88.83190 88.73980 90.17330 70.06850 67.70190 65.77590 62.87310 62.89120 61.99960 62.26630 62.85440 64.11550 66.66740 69.74650 68.19110 74.83240 76.67260 78.76770 81.25610 84.34090 87.46760 88.33080 88.74110 90.00280 90.05520 88.88970 90.36140 89.07390 89.48760 89.54390 90.47330 96.49500 100.23400 99.44040 97.58720 95.95890
181.36400 125.41900 127.21700 128.52400 128.11501 132.87300 124.68300 128.83200 195.07001 191.83099 179.57100 174.92999 150.40700 129.31200 123.45700 132.28799 120.29200 113.34300 110.49900 114.86300 111.87300 142.73100 141.64799 137.78500 147.27299 154.61400 144.69400 98.06030 100.78200 94.59700 113.32300 72.83810 71.70330 64.00690 82.94780 85.69580 84.21970 64.21660 63.99430 64.83490 65.70520 64.61860 62.36210 62.77060 64.01710 64.70430 63.75330 63.68150 64.21020 67.57240 69.52530 72.44970 73.39010 74.62880 76.66980 78.23870 84.11190 84.93000 85.62710 85.15930 84.80780 85.04290 84.56160 84.84310 85.26020 94.66580 96.29870 91.88830 92.39080 93.75370
169.97900 193.42799 201.84801 202.57700 203.77299 189.70599 199.83900 197.76500 164.86600 149.12100 130.08000 121.73900 122.84300 121.05200 121.10300 109.43200 119.47000 114.47500 124.32200 121.46700 116.17700 137.45100 126.97400 144.05000 154.45900 162.44000 115.38700 90.78430 90.47260 121.90700 137.53700 130.04401 72.17740 62.12600 65.14980 66.84810 65.32480 61.88150 61.21030 63.17280 66.85730 65.57890 66.14120 62.26940 64.99350 66.37910 67.59450 68.52670 71.36480 73.29270 70.78900 71.61110 72.03490 70.49630 72.31230 74.83310 75.14860 77.65440 82.05900 81.39080 83.40600 83.25480 82.77720 82.02340 88.00850 101.26800 107.73800 107.53700 108.75300 92.23050
181.63400 188.96001 200.56700 202.38400 215.28500 221.62500 200.81200 184.76300 174.64999 148.43500 148.34100 138.17000 125.97000 119.16000 115.06400 115.50400 112.57700 117.76800 117.96300 113.98600 116.43400 158.79900 156.24001 147.15199 154.61400 135.46400 113.43900 87.72740 87.12570 86.23610 87.80840 116.05800 100.36400 60.65980 58.79650 62.17500 80.84730 119.43800 119.51600 120.37300 120.29600 119.20800 119.80100 120.74800 120.41700 121.58300 121.19100 119.05600 120.32800 119.14900 119.56700 120.14800 121.19000 122.11400 89.58110 91.17080 92.70460 75.59990 73.68280 79.53480 81.81160 86.38290 97.52000 99.14910 126.54200 127.21900 126.87300 129.16000 130.07700 130.28999
180.15100 170.43401 179.19501 209.10100 232.55600 230.76700 201.50200 164.08800 143.39400 131.28600 124.23500 113.20300 109.03200 113.18400 112.85800 112.83200 112.73500 110.31700 119.74100 125.24700 127.50400 140.95799 134.93201 123.23100 122.77300 122.99700 118.55900 85.23310 86.79650 85.70310 84.72910 81.62480 83.63990 58.50090 58.28420 62.73910 61.08680 60.25930 58.61860 57.16480 61.65460 78.02210 78.31370 119.35700 119.05100 118.48600 117.91100 117.44900 117.82200 118.12000 117.74300 118.37200 118.67700 122.34700 121.86300 119.87500 119.64700 119.53900 119.31700 119.19600 119.66100 121.17100 120.38600 91.20350 124.46200 121.22400 123.01200 126.15000 127.09600 99.23100
157.48900 167.33701 193.20399 196.66901 171.04800 148.07001 121.58600 119.16300 118.50700 113.66600 115.15000 116.11700 112.15500 112.32400 109.56200 108.71000 107.75400 111.97500 112.83400 116.25600 117.84000 144.63100 142.05400 117.20300 113.30000 108.27800 109.16700 108.61300 111.27000 80.21810 79.72570 79.12070 78.83020 57.95580 55.79320 56.82180 59.62700 60.11640 58.81440 58.53770 58.04880 58.33180 58.26950 60.18290 77.95270 117.25900 116.49700 116.39500 85.51000 77.03520 78.32770 117.27500 118.12300 120.98800 119.65000 117.93500 117.89600 118.79100 118.51300 116.72600 116.67000 117.69200 119.76300 135.18500 120.24500 119.65600 120.86200 123.66000 122.29500 88.62690
203.13499 209.72800 205.39700 178.62601 138.20399 127.08800 130.44200 146.99600 175.30600 208.09700 214.40601 200.28300 169.49899 151.21400 137.12801 124.90000 108.47000 118.90400 123.13400 136.93300 126.50900 151.02200 146.60100 108.05700 104.15000 103.49000 104.59900 103.33000 76.54120 75.62800 76.48470 73.81310 76.22880 53.92730 55.41980 54.42780 54.10400 74.70830 72.85250 73.16780 73.64350 76.36150 58.72530 53.88680 54.35380 76.50540 84.12430 116.22200 116.38000 116.29300 116.28600 116.89900 117.40500 81.67250 81.75350 117.95500 118.93800 116.61200 115.80200 117.56500 119.74900 117.79200 121.97400 124.20200 117.03700 118.84800 119.19600 117.36500 117.18500 86.20510
176.47900 186.10800 177.22200 170.76401 166.58800 174.71201 164.38499 147.83299 169.67101 197.41400 197.13901 189.39200 188.04401 190.29500 191.51199 175.15900 159.33800 154.66299 136.31900 120.17200 120.39000 154.29900 151.11600 125.65800 103.47200 72.47330 73.32520 72.90890 72.86730 75.52580 76.79590 78.04460 77.74380 78.30330 75.30640 75.70860 76.76090 79.69590 81.55810 83.04590 84.16180 81.24530 80.82240 82.88930 82.76870 79.72590 79.86820 78.91530 79.53070 80.36480 80.93780 93.10920 119.52200 118.49800 117.98000 115.51400 76.54130 114.10900 114.97600 116.62500 133.47000 117.21200 118.32600 116.85800 114.88400 116.93500 117.32300 115.39800 115.90000 82.28310
168.55901 159.18201 159.46201 150.46201 152.70700 165.85899 163.24300 150.35500 142.93600 130.74899 136.69800 173.60201 177.31700 188.41100 188.90900 201.66600 196.53200 186.34200 174.01601 152.65601 119.82500 119.29300 145.11600 135.30800 159.16800 158.03700 158.33501 70.51230 70.37930 71.83300 72.19320 73.39500 74.92180 73.78200 77.81140 76.53470 79.63040 79.00040 83.01030 85.65410 89.20790 92.18840 89.11690 97.92910 95.64310 92.10840 92.38950 91.57790 91.73950 89.08390 89.37300 82.78880 82.18460 83.43580 87.02280 115.84900 112.71500 74.46700 111.93100 112.68400 114.27500 113.41800 113.16800 114.51700 114.79700 113.15900 112.37100 111.77700 111.98200 113.97000
131.50900 130.59900 154.87601 146.24800 144.62900 134.72600 136.00600 159.26500 142.49600 149.80200 147.82700 144.02200 137.95500 146.42700 151.84100 165.67900 180.95100 197.78101 148.77400 126.63500 120.37300 122.48900 118.03500 112.70500 114.12100 106.33100 110.42700 108.08300 156.57800 107.53300 101.81900 72.27970 104.45100 104.75700 104.90200 104.80400 105.36600 105.01200 106.63300 74.13580 80.90820 126.60500 140.91600 94.12620 99.18790 93.26910 91.50050 88.16860 91.05850 91.95070 88.36100 85.77870 82.34980 81.11750 80.56400 78.20700 115.21300 111.64500 72.85330 112.74900 112.01900 112.20700 112.40900 113.20300 113.21300 111.94900 111.07100 110.67300 111.06000 113.01900
157.42799 157.64500 172.45200 183.93201 182.98500 185.19901 194.58600 182.16299 232.18300 235.45700 231.22099 214.95900 231.19901 224.73399 220.39301 196.89600 152.68201 156.64700 134.52100 118.91200 107.04100 127.45100 111.49900 113.00600 112.06700 112.33000 112.44100 107.61200 106.73300 106.58400 107.36900 108.72500 109.17700 102.71200 104.79800 104.10300 104.61500 106.53700 106.50000 106.57700 110.89600 117.56900 125.43900 129.78000 126.63100 91.68630 96.32120 97.70080 94.27800 90.07280 92.73360 86.00110 82.11440 79.92370 79.90080 75.68460 75.14810 112.93500 73.26740 112.06800 112.11700 112.27300 112.61200 111.46500 111.69100 112.09500 111.92000 111.18300 111.08900 111.33100
126.47000 192.82700 198.53500 197.91000 137.97000 142.25500 161.25400 231.80499 229.01199 161.03999 164.89900 162.75900 164.17000 235.10899 159.59801 201.77299 233.51199 226.57600 162.81900 117.07900 115.80600 131.80600 129.77499 125.07400 128.93401 123.06600 125.35000 108.48500 103.82600 102.52700 102.05000 102.81300 102.92900 103.38000 102.32900 102.35400 102.22500 104.94100 106.26300 106.99500 107.34300 109.88900 111.93300 110.05200 119.28600 91.43350 92.79080 93.15890 99.45250 104.97000 100.28000 87.62030 88.83740 85.68340 80.73300 79.43730 77.14330 114.35500 74.30490 72.14230 112.15000 112.54600 112.12000 111.64400 112.30900 112.49100 111.67200 110.69200 110.70600 110.35400
135.14799 138.88300 139.70000 145.97301 146.60600 143.63901 143.03000 136.61200 136.44501 137.21400 132.46400 130.16000 131.14700 132.78101 133.09700 109.66700 128.05000 119.24100 179.64000 157.53500 110.33700 139.41200 133.03900 132.62399 139.83600 137.71700 122.93000 105.12100 104.02700 104.23600 104.18700 104.64200 105.24400 106.25600 105.39600 104.98600 104.57800 104.59000 102.85700 105.35700 108.07900 109.68800 112.34000 114.07900 114.99500 82.53940 93.78130 99.27410 101.64600 110.17800 112.82500 99.38500 108.65500 96.72070 94.06040 82.80040 79.00980 114.37500 77.52810 75.30680 114.07800 112.50900 111.87800 76.10460 75.10880 76.72130 75.69800 76.30770 111.23000 110.37600
136.58000 134.77901 136.88499 141.57600 135.89799 142.99899 141.79800 141.94099 138.18900 132.87300 122.87400 96.20290 103.22000 90.17420 90.79100 147.56599 162.19600 162.75800 197.29300 195.93300 182.69000 182.91400 171.66701 159.74899 176.77200 166.55299 135.02400 111.64500 105.69000 104.25400 100.62900 100.96000 104.85300 104.43000 103.99000 104.04000 104.64800 104.54800 105.04300 105.78300 106.96700 109.87200 111.25600 112.50600 115.71800 111.91300 96.60060 97.27110 110.08000 107.96100 108.99800 109.00600 107.37200 101.25200 92.34280 85.75760 85.66790 84.01240 83.08510 119.42700 117.28400 113.34100 112.49700 112.00300 110.89700 112.14400 112.17700 78.15970 77.59670 110.57800
140.61200 140.42799 135.87500 131.02499 120.03300 127.48900 136.65100 133.77600 128.09000 134.12300 138.12601 134.07001 122.26900 100.74100 84.32010 114.54100 149.86099 213.30800 222.80701 209.31300 183.28200 197.17000 194.49800 185.74800 185.85699 161.33600 137.68401 122.49700 113.15500 105.38200 106.19700 104.23800 108.04400 107.73500 107.78200 105.57500 104.27900 106.18700 108.05700 106.68600 109.30300 112.13800 112.19100 112.69700 87.88060 95.16680 92.80750 97.70830 105.15000 105.94200 96.80300 91.37680 90.81390 93.34480 92.60570 92.26180 90.26280 93.55920 84.32160 118.39800 117.22400 117.08800 115.09600 116.31900 114.82800 113.17700 111.30800 111.41200 110.97600 110.34800
