data/hydroclimate-scenarios/BCSD_hadcm_A1B/monthly_summaries/soilm3_monthly_day1_may.2030-2059.asc
ncols	311
nrows	91
xllcenter	102.75
yllcenter	31.75
cellsize	0.5
NODATA_value	-9999
[rows 0 to 31 of 91, columns 0 to 70 of 311]
-9999 -9999 -9999 -9999 -9999 -9999 -9999 -9999 -9999 -9999 -9999 -9999 -9999 -9999 -9999 -9999 -9999 -9999 -9999 -9999 -9999 -9999 -9999 -9999 -9999 -9999 -9999 -9999 -9999 -9999 -9999 -9999 -9999 -9999 -9999 -9999 -9999 -9999 -9999 -9999 -9999 -9999 -9999 -9999 -9999 -9999 -9999 -9999 -9999 -9999 -9999 -9999 -9999 -9999 -9999 -9999 -9999 -9999 -9999 -9999 -9999 -9999 -9999 -9999 -9999 -9999 -9999 -9999 -9999 -9999 -9999
-9999 -9999 -9999 -9999 -9999 -9999 -9999 -9999 -9999 -9999 -9999 -9999 -9999 -9999 -9999 -9999 -9999 -9999 -9999 -9999 -9999 -9999 -9999 -9999 -9999 -9999 -9999 -9999 -9999 -9999 -9999 -9999 -9999 -9999 -9999 -9999 -9999 -9999 -9999 -9999 -9999 -9999 -9999 -9999 -9999 -9999 -9999 -9999 -9999 -9999 -9999 -9999 -9999 -9999 -9999 -9999 -9999 -9999 -9999 -9999 -9999 -9999 -9999 -9999 -9999 -9999 -9999 -9999 -9999 -9999 -9999
-9999 -9999 -9999 -9999 -9999 -9999 -9999 -9999 -9999 -9999 -9999 -9999 -9999 -9999 -9999 -9999 -9999 -9999 -9999 -9999 -9999 -9999 -9999 -9999 -9999 -9999 -9999 -9999 -9999 -9999 -9999 -9999 -9999 -9999 -9999 -9999 -9999 -9999 -9999 -9999 -9999 -9999 -9999 -9999 -9999 -9999 -9999 -9999 -9999 -9999 -9999 -9999 -9999 -9999 -9999 -9999 -9999 -9999 -9999 -9999 -9999 -9999 -9999 -9999 -9999 -9999 -9999 -9999 -9999 -9999 -9999
-9999 -9999 -9999 -9999 -9999 -9999 -9999 -9999 -9999 -9999 -9999 -9999 -9999 -9999 -9999 -9999 -9999 -9999 -9999 -9999 -9999 -9999 -9999 -9999 -9999 -9999 -9999 -9999 -9999 -9999 -9999 -9999 -9999 -9999 -9999 -9999 -9999 -9999 -9999 -9999 -9999 -9999 -9999 -9999 -9999 -9999 -9999 -9999 -9999 -9999 -9999 -9999 -9999 -9999 -9999 -9999 -9999 -9999 -9999 -9999 -9999 -9999 -9999 -9999 -9999 -9999 -9999 -9999 -9999 -9999 -9999
-9999 -9999 -9999 -9999 -9999 -9999 -9999 -9999 -9999 -9999 -9999 -9999 -9999 -9999 -9999 -9999 -9999 -9999 -9999 -9999 -9999 -9999 -9999 -9999 -9999 -9999 -9999 -9999 -9999 -9999 -9999 -9999 -9999 -9999 -9999 -9999 -9999 -9999 -9999 -9999 -9999 -9999 -9999 -9999 -9999 -9999 -9999 -9999 -9999 -9999 -9999 -9999 -9999 -9999 -9999 -9999 -9999 -9999 -9999 -9999 -9999 -9999 -9999 -9999 -9999 -9999 -9999 -9999 -9999 -9999 -9999
-9999 -9999 -9999 -9999 -9999 -9999 -9999 -9999 -9999 -9999 -9999 -9999 -9999 -9999 -9999 -9999 -9999 -9999 -9999 -9999 -9999 -9999 -9999 -9999 -9999 -9999 -9999 -9999 -9999 -9999 -9999 -9999 -9999 -9999 -9999 -9999 -9999 -9999 -9999 -9999 -9999 -9999 -9999 -9999 -9999 -9999 -9999 -9999 -9999 -9999 -9999 -9999 -9999 -9999 -9999 -9999 -9999 -9999 -9999 -9999 -9999 -9999 -9999 -9999 -9999 -9999 -9999 -9999 -9999 -9999 -9999
-9999 -9999 -9999 -9999 -9999 -9999 -9999 -9999 -9999 -9999 -9999 -9999 -9999 -9999 -9999 -9999 -9999 -9999 -9999 -9999 -9999 -9999 -9999 -9999 -9999 -9999 -9999 -9999 -9999 -9999 -9999 -9999 -9999 -9999 -9999 -9999 -9999 -9999 -9999 -9999 -9999 -9999 -9999 -9999 -9999 -9999 -9999 -9999 -9999 -9999 -9999 -9999 -9999 -9999 -9999 -9999 -9999 -9999 -9999 -9999 -9999 -9999 -9999 -9999 -9999 -9999 -9999 -9999 -9999 -9999 -9999
-9999 -9999 -9999 -9999 -9999 -9999 -9999 -9999 -9999 -9999 -9999 -9999 -9999 -9999 -9999 -9999 -9999 -9999 -9999 -9999 -9999 -9999 -9999 -9999 -9999 -9999 -9999 -9999 -9999 -9999 -9999 -9999 -9999 -9999 -9999 -9999 -9999 -9999 -9999 -9999 -9999 -9999 19.21980 18.72810 19.23920 19.22720 19.32960 19.51680 19.39810 20.20180 19.89860 19.46330 -9999 -9999 -9999 -9999 -9999 -9999 -9999 -9999 -9999 -9999 -9999 -9999 -9999 -9999 -9999 -9999 -9999 -9999 -9999
-9999 -9999 -9999 -9999 -9999 -9999 -9999 -9999 -9999 -9999 -9999 -9999 -9999 -9999 -9999 -9999 -9999 -9999 -9999 -9999 -9999 -9999 -9999 -9999 -9999 -9999 -9999 -9999 -9999 -9999 -9999 -9999 -9999 -9999 -9999 -9999 -9999 -9999 20.37150 20.42890 20.51490 20.92530 20.53380 19.74240 20.14300 18.93040 18.31890 18.29360 19.59720 20.50310 22.58990 22.91510 22.83420 22.85230 -9999 -9999 -9999 -9999 -9999 -9999 -9999 -9999 -9999 -9999 -9999 -9999 -9999 -9999 -9999 -9999 -9999
-9999 -9999 -9999 -9999 -9999 -9999 -9999 -9999 -9999 -9999 -9999 -9999 -9999 -9999 -9999 -9999 -9999 -9999 -9999 -9999 -9999 -9999 -9999 -9999 -9999 -9999 -9999 -9999 -9999 -9999 -9999 -9999 -9999 -9999 -9999 -9999 -9999 -9999 -9999 -9999 19.77730 19.79310 19.91500 20.03790 20.53450 21.34370 20.43780 20.91350 18.40370 18.30320 18.59870 20.96260 22.47730 22.48430 -9999 -9999 -9999 -9999 -9999 -9999 -9999 -9999 -9999 -9999 -9999 -9999 -9999 -9999 -9999 -9999 -9999
-9999 -9999 -9999 -9999 -9999 -9999 -9999 -9999 -9999 -9999 -9999 -9999 -9999 -9999 -9999 -9999 -9999 -9999 -9999 -9999 -9999 -9999 -9999 -9999 -9999 -9999 -9999 -9999 -9999 -9999 -9999 -9999 -9999 -9999 -9999 -9999 -9999 -9999 -9999 -9999 -9999 -9999 -9999 -9999 19.69670 20.11200 20.42220 21.93640 21.87550 19.80210 20.81270 20.63240 21.67850 22.51230 -9999 -9999 -9999 -9999 -9999 -9999 19.00340 -9999 -9999 -9999 -9999 -9999 -9999 -9999 -9999 -9999 -9999
-9999 -9999 -9999 -9999 -9999 -9999 -9999 -9999 -9999 -9999 -9999 -9999 -9999 -9999 -9999 -9999 -9999 -9999 -9999 -9999 -9999 -9999 -9999 -9999 -9999 -9999 -9999 -9999 -9999 -9999 -9999 -9999 -9999 -9999 -9999 -9999 -9999 -9999 -9999 -9999 -9999 19.70810 19.71790 19.70520 19.70310 19.69790 19.90950 20.31820 20.21660 19.80660 19.71730 21.01520 22.15910 21.98210 -9999 -9999 -9999 -9999 -9999 20.60260 21.10170 22.20070 22.00070 20.40080 20.80170 21.60450 22.40490 23.50710 22.20710 22.42180 21.62130
-9999 -9999 -9999 -9999 -9999 -9999 -9999 -9999 -9999 -9999 -9999 -9999 -9999 -9999 -9999 -9999 -9999 -9999 -9999 -9999 -9999 -9999 -9999 -9999 -9999 -9999 -9999 -9999 -9999 -9999 -9999 -9999 -9999 -9999 -9999 -9999 -9999 -9999 -9999 -9999 -9999 20.78230 19.90870 19.69640 19.69070 19.68430 20.53660 20.44470 19.88880 20.80230 21.69120 23.00890 22.38950 22.34950 22.16190 22.30400 21.08520 -9999 20.80830 23.40380 23.50220 23.40400 23.30170 22.40600 22.91050 23.54510 22.64050 22.20860 21.51110 20.71160 20.41010
-9999 -9999 -9999 -9999 -9999 -9999 -9999 -9999 -9999 -9999 -9999 -9999 -9999 -9999 -9999 -9999 -9999 -9999 -9999 -9999 -9999 -9999 -9999 -9999 -9999 -9999 -9999 -9999 -9999 -9999 -9999 -9999 -9999 -9999 -9999 23.26480 21.12250 19.84040 19.84630 19.64990 19.65250 19.66680 19.68680 19.77550 20.34780 20.41270 19.67340 19.97060 21.77280 22.98490 22.89860 23.08010 23.04430 22.93920 22.36790 22.41010 22.82880 23.01110 23.51640 23.50260 23.30060 22.90080 22.80250 22.83010 23.01540 23.54580 23.43430 23.00570 22.71260 22.28460 22.28600
-9999 -9999 -9999 -9999 -9999 -9999 -9999 -9999 -9999 -9999 -9999 -9999 -9999 -9999 -9999 -9999 -9999 -9999 -9999 -9999 -9999 -9999 -9999 -9999 -9999 -9999 -9999 -9999 -9999 -9999 -9999 -9999 -9999 -9999 23.56710 22.80520 22.11330 22.02120 20.13990 19.66240 19.67010 19.66510 19.86620 20.52470 20.06710 19.66860 19.67300 20.79340 22.99920 23.01850 22.86210 22.83810 22.86960 22.44010 22.37850 22.96130 22.98180 23.40790 23.61900 23.38230 22.85710 22.76280 23.12830 23.34410 23.52690 23.41380 23.10850 23.16550 23.01490 22.88090 22.82060
-9999 -9999 -9999 -9999 -9999 -9999 -9999 -9999 -9999 -9999 -9999 -9999 -9999 -9999 -9999 -9999 -9999 -9999 -9999 -9999 -9999 -9999 -9999 -9999 -9999 -9999 -9999 -9999 -9999 -9999 -9999 -9999 -9999 23.56490 23.37340 22.20380 22.20560 21.61120 20.51980 19.63970 19.64720 19.65280 20.62610 20.31900 19.66330 20.16120 21.16870 21.59320 22.12650 22.34220 22.16570 22.97560 22.86010 22.39970 22.34340 22.93080 22.98580 22.96690 22.99650 22.90020 23.16290 23.38270 23.39490 23.54400 23.54900 23.32210 23.02490 23.53460 23.56400 23.46560 22.94390
-9999 -9999 -9999 -9999 -9999 -9999 -9999 -9999 -9999 -9999 -9999 -9999 -9999 -9999 -9999 -9999 -9999 -9999 -9999 -9999 -9999 -9999 -9999 -9999 -9999 -9999 -9999 -9999 -9999 -9999 -9999 23.61750 21.71290 21.12420 21.01930 22.51180 21.79250 20.41220 19.61730 19.83050 19.74040 19.94780 20.42780 19.93860 19.65170 20.47500 22.75800 22.95220 22.90790 22.83580 22.83060 22.43910 22.43940 22.39670 22.82830 22.94840 22.93730 22.93410 23.23270 23.18550 23.40490 23.58630 23.45680 23.53390 23.55430 23.56450 23.45180 23.11970 23.01530 22.94690 22.89960
-9999 -9999 -9999 -9999 -9999 -9999 -9999 -9999 -9999 -9999 -9999 -9999 -9999 -9999 -9999 -9999 -9999 -9999 -9999 -9999 -9999 -9999 -9999 -9999 -9999 -9999 -9999 -9999 -9999 21.02950 22.47730 20.74110 19.70890 19.64040 19.64370 20.19450 21.31900 22.60990 20.71720 19.62800 20.28990 20.83290 19.66470 19.63760 19.64110 19.67570 20.38200 22.57220 22.84270 22.85430 22.73480 22.43550 22.42260 22.38650 22.84310 23.02840 22.97410 23.02420 23.01010 22.92270 23.38530 23.34290 23.34380 23.43290 23.56550 23.44640 23.58250 23.62080 23.63030 23.61480 22.99790
-9999 -9999 -9999 -9999 -9999 -9999 -9999 -9999 -9999 -9999 -9999 -9999 -9999 -9999 -9999 -9999 -9999 -9999 -9999 -9999 -9999 -9999 -9999 -9999 21.60620 21.30820 20.90740 20.31390 20.11380 19.69810 19.65190 19.61190 19.61450 19.61010 19.61350 20.02500 22.71980 21.13060 20.24030 19.65200 19.96380 20.92030 19.95790 19.64340 19.64360 19.65330 19.96100 20.48000 21.82300 22.93610 22.84280 23.05690 22.57360 22.95730 22.98070 23.27070 23.13710 23.04500 23.01010 23.50650 23.91410 23.65130 23.46990 23.33150 23.34780 23.32570 23.45580 23.25430 23.15370 23.58220 23.74800
-9999 -9999 -9999 -9999 -9999 -9999 22.82600 22.82810 22.83690 22.83820 22.83280 -9999 -9999 -9999 -9999 -9999 -9999 -9999 -9999 -9999 -9999 21.61740 19.92840 20.71310 21.90810 20.81320 20.01130 19.61860 19.61640 19.71540 19.69820 19.61770 19.61790 19.61370 19.61580 19.63090 19.63200 19.82820 22.03010 19.69500 20.09870 20.05910 20.85830 19.63770 19.64040 19.64710 19.94970 21.75640 22.99970 22.93500 22.87770 22.62490 22.88720 23.12530 23.02930 23.16150 23.09130 23.01420 23.34710 23.87280 23.77050 23.69780 23.41630 23.48920 23.54840 22.84760 22.85990 22.93770 22.93560 23.06930 23.20470
-9999 -9999 -9999 -9999 -9999 22.81760 22.82270 22.84320 22.92800 22.83980 22.84300 22.82810 22.82350 22.84520 -9999 -9999 -9999 22.92790 22.63650 21.14370 20.63770 19.63720 19.63590 19.61540 19.25690 18.94080 18.82940 18.82480 18.71810 18.73680 18.84260 18.82900 19.03460 19.04070 18.92720 18.83870 18.84230 18.93830 18.93740 18.83830 18.84360 19.04740 20.87240 19.83940 18.65760 18.86230 19.58960 20.73460 22.59510 22.93710 22.85560 22.50180 22.99610 23.32760 23.54080 23.35870 23.09000 22.96790 22.91820 23.21100 23.10520 22.93900 22.83550 22.81480 22.77710 22.89490 22.95170 22.94590 22.94340 22.93880 22.87320
-9999 21.85500 18.29710 18.22330 18.23010 22.62520 23.32550 22.92950 22.93270 22.93210 22.94000 22.92470 22.93210 22.94770 22.93630 22.93650 22.92990 22.93610 22.94470 22.92260 22.13220 19.83450 20.32830 18.72460 18.51720 18.52680 18.52610 18.52460 18.52190 18.54220 18.53350 18.51650 18.51520 18.51650 18.51930 18.52540 18.52850 18.52510 18.52610 18.63060 18.63330 18.87510 19.44550 20.87570 18.56920 18.55880 18.55790 19.57960 21.57470 21.70890 22.21200 23.07490 23.05770 23.22460 23.44910 23.38360 23.11470 22.92860 22.92380 23.35330 23.06790 23.09380 22.95670 22.83010 22.87710 23.08760 23.02280 22.86550 22.94630 22.95820 23.03230
-9999 22.98090 22.96980 22.93890 22.93380 22.62000 22.41190 22.42430 22.12020 22.87340 22.95940 22.94620 22.96200 22.94460 22.94850 22.95060 22.97210 22.96210 22.96160 22.93250 21.94130 21.49400 23.41350 19.25480 18.54310 18.59170 18.58640 18.53240 18.52810 18.54700 18.54790 18.59060 18.54360 18.55710 19.16480 18.53630 18.53070 18.54470 18.54510 19.06740 18.98500 18.54530 18.54990 21.11140 19.49380 18.64400 18.54610 18.60980 18.62780 19.45770 20.78430 22.85730 22.88230 23.02940 22.92720 23.31580 23.32810 23.36280 23.36690 22.37610 22.83430 23.16650 23.10320 23.03930 23.14250 23.65340 23.39600 22.82390 22.89360 23.09140 23.16010
-9999 -9999 -9999 19.29920 19.10630 18.67620 18.66080 18.68250 18.67740 18.93570 22.97860 23.04790 23.14050 23.33880 23.13580 22.95150 22.97380 22.95690 23.15600 23.43420 23.48860 23.53450 22.52750 18.77740 18.56090 18.57990 18.56430 18.53650 18.53600 18.53930 18.53620 18.53530 19.03430 19.25270 20.15470 21.21140 18.23530 18.24020 19.67040 21.25920 20.76190 20.46900 23.61010 23.44620 22.02530 20.98710 19.78580 18.89560 19.02040 20.11930 22.30280 22.72240 21.96300 23.00260 22.57970 23.21440 23.44600 23.34220 23.36770 22.40430 22.92850 23.33060 23.42740 23.26630 23.22380 23.16420 23.12990 22.97150 22.89510 23.17510 23.04970
-9999 -9999 -9999 -9999 -9999 -9999 20.17970 20.81200 21.51060 22.43510 23.32660 23.47750 23.49330 23.48650 23.47930 23.34950 23.34700 23.51570 23.56280 23.09370 21.51050 19.72160 18.60050 18.59890 18.59880 18.57540 18.56400 19.96820 21.45550 18.94910 18.53310 18.58210 20.84520 22.98470 19.62090 22.95450 22.55330 20.82520 23.81420 24.06770 24.16490 23.24620 22.83010 23.19600 23.42500 23.77020 22.34040 21.41840 20.50990 19.77520 20.19250 19.72030 19.12230 22.62070 22.14770 19.26010 23.30430 23.30130 23.19110 22.98730 22.49130 23.04300 22.62210 22.56770 23.16090 23.40820 23.38960 23.10510 23.20790 22.98090 22.95110
-9999 -9999 -9999 -9999 -9999 -9999 23.45400 23.47960 23.46190 23.48830 23.47640 23.50250 23.49260 23.47770 23.49060 23.50930 23.02740 21.24250 20.14180 18.80130 18.59760 18.62200 18.60310 18.60080 18.59320 18.57350 18.57490 19.97860 24.22670 24.22930 23.17570 23.24630 22.84040 23.72900 23.48740 23.55280 23.38370 22.92010 22.69570 23.19100 22.99510 23.28900 23.74510 23.41150 23.11150 23.01890 23.19210 24.12380 24.07060 23.22960 21.95610 19.96210 19.46700 19.67830 19.35020 19.12520 19.78200 19.98830 20.96300 20.36360 21.44750 21.85170 22.99840 23.16240 23.19920 23.52460 23.34460 23.08160 23.19180 23.21540 23.06520
-9999 -9999 -9999 -9999 -9999 -9999 -9999 -9999 -9999 -9999 23.17690 23.46380 23.46260 23.49730 23.49310 20.64280 18.64520 18.63240 18.64970 18.68320 18.69200 18.63110 18.63710 18.60380 18.59860 18.56690 18.57060 18.57940 19.16690 20.39320 19.75990 20.52670 21.53790 23.62160 24.31420 23.94140 24.17170 24.21150 24.30940 24.38200 22.58170 20.91350 19.86500 21.54800 22.13620 22.81750 21.96580 20.38470 23.64510 24.22640 24.24310 24.20100 23.94720 23.57630 23.45370 24.02960 23.66790 23.72440 23.28780 23.28350 23.25730 21.17020 20.74020 19.82430 20.56590 21.18880 20.83640 21.84450 23.71030 23.58230 23.47680
-9999 -9999 -9999 -9999 -9999 -9999 -9999 -9999 -9999 -9999 22.03580 23.46100 23.46220 23.61310 23.56740 20.69350 18.69040 18.68030 18.73000 18.74180 18.76200 18.70400 18.68340 18.64550 18.64530 18.65250 18.67880 18.60170 18.59110 19.60550 20.37380 20.66030 22.70810 23.73450 22.16870 23.05200 21.10150 18.80560 19.42950 19.36740 18.77850 18.64010 18.77260 19.19880 19.11920 18.99930 19.02490 18.57920 18.69550 23.20560 24.92210 24.82340 25.13650 24.81930 24.56960 25.10680 25.42210 25.25720 25.12930 24.98750 24.80160 25.05830 24.77790 23.86920 21.94500 23.21350 21.51900 19.48330 22.68300 23.76060 24.22740
-9999 -9999 -9999 -9999 -9999 -9999 -9999 -9999 -9999 -9999 -9999 -9999 23.59780 24.21180 24.24420 23.84350 20.45280 19.80190 19.54970 19.20970 19.35600 19.40650 18.88060 19.42820 19.31090 19.37910 19.30770 18.70740 18.69820 18.83270 20.16710 20.28330 20.22980 18.80470 18.61190 19.04550 19.02350 19.07260 19.31640 18.69510 18.62970 18.59340 18.60670 18.75330 18.92120 18.98140 18.79100 18.91060 18.77350 19.32040 21.98780 23.57850 23.55550 23.65430 24.12810 25.23530 26.21370 24.91020 24.93000 25.18530 25.15140 25.48010 25.12450 23.98400 23.98620 24.80770 22.57720 19.67480 20.79370 22.20110 23.80050
-9999 -9999 -9999 -9999 -9999 -9999 -9999 -9999 -9999 -9999 -9999 -9999 24.51270 24.34610 24.44190 24.38360 24.69970 24.75650 21.79110 21.06170 19.84360 20.37460 19.32740 20.68220 19.47200 19.49170 19.33410 19.15090 19.03620 19.05180 18.98440 18.99000 19.02580 18.98320 18.72550 19.09990 19.15500 19.12660 19.16860 18.72020 18.68790 18.82910 18.69990 18.85250 18.91630 20.26940 21.02900 22.73780 24.40250 24.11490 22.98630 23.78810 24.21520 23.29900 26.14960 26.22760 26.12530 24.87130 24.88730 25.93240 26.29930 24.93650 24.06980 25.12070 24.89770 23.61010 22.04260 24.11510 23.89620 23.77940 23.86150
-9999 -9999 -9999 -9999 -9999 -9999 -9999 -9999 -9999 -9999 -9999 24.00120 24.17250 24.97240 24.92350 23.59600 22.36510 18.60270 18.46310 19.36210 19.57970 20.37330 20.78300 19.98220 19.60280 19.86650 19.57880 19.26230 19.15330 19.83690 19.77100 19.28520 19.25350 19.36660 19.37390 19.47920 19.25530 19.00070 18.96970 18.80980 18.71860 18.68700 18.66950 18.68740 18.88250 18.94010 20.51060 22.58050 22.47000 24.15790 23.90690 23.65600 23.88170 25.42770 26.89630 26.14080 25.62890 26.02480 26.04450 24.84110 24.55230 25.13110 25.07650 25.15760 25.15960 23.84960 23.06050 23.83940 24.20440 22.93960 22.95570
-9999 -9999 -9999 -9999 -9999 -9999 -9999 -9999 -9999 -9999 -9999 24.09280 24.46260 25.08460 24.97720 24.06950 21.15740 19.41620 19.07400 20.34950 21.23170 21.32220 20.47390 20.95520 20.57880 20.49280 19.41950 19.23930 19.17820 19.75480 19.71080 19.33680 19.38330 19.52220 19.43960 19.47430 19.65180 19.10970 19.04030 19.19250 19.07250 18.80850 20.14840 21.11740 21.74010 24.05780 24.51890 25.79740 25.18980 25.60300 25.20010 25.28660 25.27600 25.42660 25.04840 25.74360 25.66920 25.51610 25.42450 25.50990 25.72840 25.17520 25.18710 26.50660 25.83090 26.44150 25.37500 24.56250 24.41740 23.01240 23.10130
