data/hydroclimate-scenarios/BCSD_hadcm_A1B/monthly_summaries/soilm1_monthly_day1_jan.2030-2059.asc
ncols	311
nrows	91
xllcenter	102.75
yllcenter	31.75
cellsize	0.5
NODATA_value	-9999
[rows 32 to 63 of 91, columns 0 to 70 of 311]
-9999 -9999 -9999 -9999 -9999 -9999 -9999 -9999 -9999 -9999 -9999 76.27720 76.29130 78.20040 76.76110 77.70890 77.32560 78.42810 76.84580 76.50850 77.53390 78.46600 78.66270 78.45060 76.06640 75.04330 75.18800 77.94670 79.81680 83.47570 83.58740 83.21070 83.44430 83.43560 82.33770 80.95900 79.69190 78.93720 77.24230 76.46610 75.79280 75.24030 75.81300 75.59930 75.24290 75.77860 75.41730 75.57750 75.33630 75.25540 75.02890 73.71860 73.43140 73.62900 72.51860 72.58750 73.49090 73.54790 73.29760 73.56170 73.93870 73.29420 71.96690 75.43900 75.54800 72.43660 72.62730 73.77930 73.70750 72.57730 71.94560
-9999 -9999 -9999 -9999 -9999 -9999 -9999 -9999 -9999 -9999 -9999 76.99290 76.97860 76.81450 76.44080 77.40630 77.74260 78.70970 78.75750 78.70640 78.70610 78.57860 77.59370 76.40400 75.65800 74.29850 72.38490 74.89340 75.15070 75.58120 79.39430 81.31760 80.05210 77.77740 76.92250 75.05200 76.57570 77.51610 76.58550 75.06670 75.89320 75.36040 75.64850 75.96030 76.24700 76.17690 75.91720 76.13470 75.76380 75.25960 74.91700 74.01960 73.61770 72.94000 73.22080 74.80610 74.43980 73.84500 74.57410 75.25400 74.81880 76.03130 75.90020 74.51170 76.56070 74.23970 73.92740 73.11750 72.74790 72.78430 72.16860
-9999 -9999 -9999 -9999 -9999 -9999 -9999 -9999 -9999 -9999 -9999 -9999 75.39410 75.58850 75.11590 75.23860 77.82300 78.84360 78.93980 78.84890 77.18200 74.39620 71.13020 74.33160 72.66900 69.64290 70.07440 71.87020 72.89410 73.79130 74.46350 76.14730 77.26050 77.67300 77.00790 76.72020 75.91270 77.35860 76.08480 73.91760 74.18040 74.38300 74.65370 75.68420 75.92360 76.66410 76.49360 76.24630 76.00160 76.11290 75.69340 75.33000 75.22760 75.00160 74.02130 72.63490 72.35070 72.29750 76.22170 76.37710 76.02160 72.34940 72.02850 72.72510 72.99010 76.19630 74.02480 73.71420 73.34190 73.90430 73.40140
-9999 -9999 -9999 -9999 -9999 -9999 -9999 -9999 -9999 -9999 -9999 -9999 74.78620 75.36760 77.16720 77.64690 77.78920 77.23760 76.78770 75.88910 75.30390 74.50070 74.25230 73.46600 72.99750 71.90080 72.68190 72.63860 72.60940 71.70760 73.89970 76.23810 76.92500 75.48370 75.72040 75.33330 74.71150 76.05620 76.76980 73.78160 74.07440 73.42500 74.48490 77.06800 77.47340 76.77430 77.12970 75.69390 75.14950 75.37760 74.63970 74.64490 74.91960 75.41310 75.18280 73.48420 75.73360 72.60800 74.72720 74.53770 73.35540 72.95860 74.50220 75.14330 74.25610 73.55510 73.57120 73.75440 73.78750 74.50500 74.51440
-9999 -9999 -9999 -9999 -9999 -9999 -9999 -9999 -9999 -9999 -9999 -9999 77.67430 77.59060 77.00490 75.96670 75.75950 75.51810 72.41160 73.68540 74.80690 74.53220 74.32500 73.37520 73.32000 73.02370 73.25740 71.33000 71.82870 68.70200 68.16630 75.10100 75.05720 74.63170 74.67590 73.28770 72.62470 74.43240 74.34840 74.33310 74.39480 74.00590 74.09010 75.88740 75.14190 71.58860 74.32230 74.16300 74.10150 74.03670 73.70640 73.86120 73.37030 72.75050 71.15740 70.15490 69.11470 73.22940 73.79180 74.09020 73.50840 72.69400 72.83540 73.66430 73.67420 74.36110 74.36010 75.34580 75.20310 75.48170 75.69700
-9999 -9999 -9999 74.14110 74.25280 73.72920 73.72980 74.18660 74.19060 -9999 77.21420 77.30990 76.34740 75.30970 75.25680 75.30340 74.45410 72.71810 73.80180 74.57380 74.80310 74.74480 74.81640 74.68850 72.28820 73.87380 74.05350 73.31640 71.36410 70.07220 74.19010 74.20320 74.13080 67.90980 70.68510 64.18890 70.29680 73.67350 74.34630 74.34990 74.32760 74.07390 74.27210 73.73660 73.36360 72.86320 74.27470 70.99600 73.73880 73.99730 70.80670 67.32500 68.04150 71.33880 71.60740 73.29930 73.04560 72.20840 70.34240 71.79860 73.60100 73.37300 70.99960 73.37800 72.86100 74.16200 74.40080 74.95230 75.34960 75.27940 75.29470
-9999 -9999 -9999 74.55430 74.26990 74.38960 74.22590 74.69370 74.39230 75.31320 76.25850 75.46650 75.78640 72.81080 72.20970 74.56840 69.51550 75.70540 76.07840 76.14490 76.00520 75.79430 76.03870 76.17980 72.65960 70.12670 70.91560 72.22520 73.86780 68.32640 63.68860 69.61190 73.70650 70.35010 66.99620 67.08650 71.72370 73.50310 74.09040 72.72830 73.61270 73.68130 74.33700 73.81520 71.98640 72.16160 73.98670 73.48710 70.65700 68.13220 69.13800 73.87610 73.84920 73.73130 73.86570 72.93300 72.83050 72.62310 72.58230 71.08040 71.69590 73.48440 72.77440 71.47970 73.60880 74.43490 74.49450 74.69350 74.82530 73.41030 71.36150
-9999 -9999 -9999 74.18990 74.52250 74.71810 75.57240 75.37280 75.56360 75.67460 75.76100 75.79430 75.59660 74.34670 73.47630 74.78760 72.77710 70.80300 74.62080 75.88600 75.86430 72.32620 65.26100 67.06840 71.08770 70.67440 73.49070 73.53280 70.37830 69.22060 71.10520 74.41530 71.11990 68.69800 67.57050 69.18740 73.57320 74.06400 71.10840 67.18200 69.79850 71.84930 74.11750 74.63720 74.56610 74.30100 74.34030 67.51750 67.75990 74.19620 74.03620 74.39340 74.21100 73.96650 73.79400 73.43070 73.16240 73.34830 72.93960 72.88690 69.69450 70.07800 74.35750 74.00260 74.15720 74.74020 74.74370 73.52320 69.06040 71.61600 72.35200
-9999 -9999 -9999 74.19550 74.85340 75.84430 75.87280 75.80670 74.94800 74.56380 75.28080 75.50540 73.62160 73.03580 74.89020 68.15660 70.13590 77.97220 79.44250 75.28290 68.94830 64.42050 69.06050 76.19400 73.71410 69.09760 72.87140 74.46670 73.96040 70.29090 69.12220 69.34760 68.77500 71.28880 73.51350 71.08930 70.82670 71.37740 72.34710 72.82410 71.96800 70.85740 71.08680 72.48290 73.86600 74.64790 74.55740 73.52250 74.17620 74.17860 73.98180 74.38000 74.03050 70.32980 73.81860 70.01080 68.88650 67.96140 68.82430 67.76970 65.20760 71.06190 71.88190 73.64880 72.57830 71.28960 73.71580 73.32510 73.02400 73.29360 73.98150
-9999 -9999 -9999 73.21830 75.00320 75.54310 75.85350 75.55110 75.11340 74.98090 75.57960 74.25510 71.10420 71.18680 83.08570 80.33420 73.63120 72.94800 74.89710 69.92730 68.85550 73.36070 76.98000 70.35770 67.29990 69.47420 75.67330 75.27540 72.42290 73.20880 70.44750 70.85330 71.24380 72.47500 73.69060 71.46910 71.41840 72.87730 73.12490 71.71180 70.02820 71.43480 73.29260 73.28090 73.70390 74.03730 73.82300 72.57980 70.72070 73.54070 72.40890 70.79040 68.46770 69.46510 70.61040 68.76760 68.60420 67.01480 69.20940 72.64780 72.00140 72.51400 73.43340 71.01430 69.48930 69.99770 72.48780 71.39270 73.19620 73.83710 74.55450
-9999 -9999 -9999 -9999 74.91360 75.51120 75.70210 75.38070 75.03360 74.26210 75.20070 75.32940 71.65240 68.08580 -9999 -9999 -9999 -9999 -9999 72.55020 79.04280 80.66550 79.13880 72.97670 72.52440 73.38800 72.72200 75.19050 75.49910 74.55100 74.38940 72.30010 73.29580 72.60840 69.99230 69.88060 68.59340 69.86280 72.52670 71.47560 71.02940 69.99940 72.53290 73.01360 72.07220 71.31530 68.82900 70.44700 73.30970 77.17610 73.40640 73.38460 73.53030 73.04350 72.91090 72.46720 72.46020 72.52340 68.44000 70.77820 72.87510 72.81300 73.75300 73.09340 73.26200 73.58000 73.32410 73.80540 76.98910 -9999 -9999
-9999 -9999 73.06260 74.68980 75.49950 75.55430 75.53360 75.23520 75.00280 74.52550 75.40030 75.16620 73.87630 -9999 -9999 -9999 -9999 -9999 78.29070 83.31560 79.50120 75.15860 74.99910 75.09350 78.86450 90.99240 79.35850 75.47660 74.96610 73.39170 68.36440 72.93960 72.39530 70.99100 72.23910 69.71350 70.42990 71.61390 72.09340 73.06720 72.87640 72.88100 72.90940 73.03240 73.17750 73.01740 73.06690 73.28230 74.58060 87.41790 87.69390 87.43030 88.91730 82.18070 76.75320 73.47390 72.89420 70.35870 69.30210 71.83470 72.08010 71.76300 74.17160 73.72900 73.95280 73.39520 74.01880 -9999 -9999 -9999 -9999
-9999 -9999 75.61930 75.65700 75.39550 74.93980 73.49670 74.81720 75.01790 74.92810 75.63850 75.62830 74.66850 -9999 -9999 -9999 -9999 74.82010 75.16500 75.03890 72.56420 74.02220 75.96690 81.51610 79.50390 74.79130 72.01790 73.66370 72.74760 73.91700 72.52490 72.65120 73.33340 73.85260 73.04090 74.85450 74.86350 71.12020 71.93940 72.85120 72.96590 72.81300 72.81520 73.32260 69.38010 66.64560 67.75120 67.52670 68.75140 70.41490 72.78400 77.15970 78.19080 82.49640 82.22730 73.83720 71.86120 72.60200 74.33620 75.72310 73.91250 73.44740 74.12490 75.10020 73.66450 -9999 -9999 -9999 -9999 -9999 74.59100
-9999 -9999 73.52170 74.50590 75.76220 75.55330 71.47720 71.48840 74.85950 75.18640 75.43510 74.80690 74.30560 -9999 -9999 -9999 -9999 74.58730 75.24790 73.67800 71.07300 74.09940 79.31320 75.47570 75.55130 74.71200 73.07680 72.21070 72.47770 71.39770 72.14030 74.63960 73.83810 73.34070 73.81020 73.63250 73.26270 73.05680 73.03550 73.74210 74.04590 75.02500 74.05100 73.48350 71.35150 68.48650 67.40170 65.13970 63.57020 63.67900 66.50470 67.36780 71.63210 69.88040 72.72920 72.74970 73.76990 74.53750 73.69480 74.12730 74.48290 74.45470 74.15540 69.08420 68.47160 74.35710 74.14640 74.83420 74.52920 -9999 -9999
-9999 -9999 -9999 70.90440 74.62530 75.99360 74.81010 74.35570 75.73680 71.97480 65.98350 74.86440 -9999 -9999 -9999 -9999 74.72020 75.01700 74.97550 74.48800 74.74930 75.65310 72.51200 74.23590 74.55600 72.81650 72.01750 70.07310 71.08850 73.40390 73.44550 73.14630 71.48860 67.40780 63.85810 64.29840 69.35080 72.95840 74.30210 74.59340 75.29070 74.65850 76.68360 76.18000 76.04170 76.72470 75.15500 73.81280 71.30370 67.58200 72.61640 81.39630 77.23250 81.53970 89.98790 92.29040 80.96200 74.30520 73.79750 74.21860 74.27730 74.32810 74.13030 71.63030 66.62100 72.77750 75.65080 77.21890 74.52140 74.55970 -9999
-9999 -9999 -9999 -9999 72.40730 75.33730 73.61930 76.10320 76.20240 75.43610 74.49410 -9999 -9999 -9999 -9999 75.56650 72.81090 69.18410 72.38830 64.62180 66.98910 65.05880 64.39800 67.47760 72.07370 67.24760 62.77690 64.18360 63.05000 65.93010 66.27530 64.74010 63.29700 63.18470 65.00830 73.86500 74.55580 73.81690 73.93600 74.09620 73.39220 74.88310 74.40660 74.57990 74.07670 71.38010 73.04470 78.90940 74.57040 75.20140 74.24570 83.30140 81.40260 80.16500 81.82700 83.98500 91.84710 82.44210 79.56950 74.26080 74.11950 72.43490 70.93260 69.60490 68.57170 74.15030 74.26440 74.90850 75.13320 75.04620 76.23400
-9999 -9999 -9999 -9999 -9999 -9999 76.65280 77.68720 69.54100 72.21800 66.02780 -9999 -9999 -9999 -9999 -9999 66.42480 63.95450 64.94680 62.85580 62.91010 62.04090 67.48110 69.63500 63.80770 62.13730 67.87440 81.93770 82.04050 74.40390 65.06660 63.06860 67.37810 64.17920 65.13910 63.08030 72.67060 73.58030 73.84760 73.93080 73.46960 74.94020 75.01130 74.81070 76.26600 74.60830 72.39810 75.92670 79.53820 89.65540 82.96780 85.41030 75.39510 75.88060 73.80400 73.52260 79.99830 81.95630 73.62350 66.58390 66.17000 67.41450 69.50390 66.76270 65.48750 69.29170 75.23960 75.64430 74.83420 74.65880 75.50870
-9999 -9999 -9999 -9999 -9999 -9999 -9999 -9999 -9999 -9999 -9999 -9999 -9999 -9999 -9999 -9999 -9999 -9999 -9999 62.28560 64.26270 67.36620 64.36400 62.46520 65.66160 65.87180 67.02450 65.88510 64.51760 63.85050 63.95040 68.22200 75.60000 72.38670 66.46780 66.26160 73.77590 75.37200 74.70980 74.25640 73.86780 73.51010 74.09260 74.43270 74.24310 72.11040 72.44530 75.92100 79.03490 76.45780 76.67060 73.86060 77.72610 78.64260 76.01610 73.66080 65.58010 66.87380 64.81920 64.97830 70.49550 72.83010 64.78870 64.46550 63.62670 70.48690 73.00950 74.35370 74.93420 76.99570 76.48370
-9999 -9999 -9999 -9999 -9999 -9999 -9999 -9999 -9999 -9999 -9999 -9999 -9999 -9999 -9999 -9999 -9999 -9999 63.31180 66.36640 65.42650 61.32250 61.76350 61.41660 65.87350 69.78800 70.42150 69.59340 62.90370 61.86080 62.47500 62.98560 62.99330 63.19260 70.12790 75.93530 73.23230 74.51950 73.70760 74.30770 73.94810 73.46350 73.42560 73.86890 72.58120 73.67130 73.25770 72.09840 74.34680 77.99100 78.35470 81.71530 83.05090 80.21240 76.25880 74.50340 67.51720 66.53190 71.94200 66.86960 73.29290 75.75470 67.56510 66.87420 72.74660 70.67780 67.21880 74.22290 74.86950 74.82030 75.87170
-9999 -9999 -9999 -9999 -9999 -9999 -9999 -9999 -9999 -9999 -9999 -9999 -9999 -9999 -9999 -9999 -9999 63.37120 65.44980 62.28040 62.15990 61.80030 63.28680 65.61910 66.20160 68.07300 74.37270 67.12620 68.66840 69.87930 69.53750 70.58340 68.11440 69.60830 78.15260 77.15790 75.37790 74.35310 74.43260 73.66780 71.83950 73.52500 72.62870 73.72020 71.93680 71.57810 75.47960 75.98470 72.29090 77.80150 79.18550 79.72890 76.50690 76.30190 76.94740 77.30450 66.23810 65.69070 65.57000 65.13230 68.81010 73.13190 68.63130 70.20100 63.37010 64.90000 67.40520 66.34910 73.21120 74.49710 72.31550
-9999 -9999 -9999 -9999 -9999 -9999 -9999 -9999 -9999 -9999 -9999 -9999 -9999 -9999 -9999 -9999 -9999 65.28190 63.46800 62.11180 65.20960 69.85120 65.85830 64.34760 62.44300 59.63020 61.98600 60.96480 64.60230 65.75700 75.76440 76.22950 74.99950 76.86300 78.94320 79.74140 79.02300 73.41240 71.93610 72.47320 71.72670 71.83000 72.40880 71.10730 71.90620 75.39800 71.52010 72.01560 70.15630 71.95740 78.52710 81.07710 81.17910 80.41700 79.90980 77.53210 68.42610 66.75530 66.38940 68.46730 65.71530 64.84330 64.83490 64.02610 64.64190 65.39920 66.10210 69.21170 79.98470 78.32310 75.03540
-9999 -9999 -9999 -9999 -9999 -9999 -9999 -9999 -9999 -9999 -9999 -9999 -9999 -9999 -9999 -9999 74.02390 72.32580 63.44530 67.49730 66.86280 62.93730 59.81710 58.36260 55.57690 56.44630 57.85390 57.93140 58.61580 61.61840 63.60710 64.06630 63.65280 74.99590 77.67360 77.79590 74.06680 74.98240 72.99480 71.17070 68.85950 71.43690 74.83290 70.47190 69.36530 71.50250 70.63850 71.53840 71.00710 68.08830 77.17490 79.40520 79.76260 80.10940 80.14290 77.33720 77.52160 70.01700 74.31860 67.98380 66.68040 66.83340 68.44580 71.05410 72.35020 85.73520 90.28500 88.45530 82.28820 77.19120 74.54890
-9999 -9999 -9999 -9999 -9999 -9999 -9999 -9999 -9999 -9999 -9999 -9999 -9999 62.60230 62.58090 67.51280 65.46240 67.80750 69.02880 64.76980 62.59390 58.06110 55.40590 55.41690 55.41570 55.24450 54.45180 55.03680 54.76230 55.23870 72.08490 71.20850 62.24080 61.41410 76.17660 80.49610 77.77690 73.67970 72.61620 71.02130 71.36270 72.44270 72.31680 71.05340 77.03150 81.52810 77.84360 80.36310 80.80670 76.04230 75.76370 74.90060 73.76900 73.53360 78.15340 76.22410 74.02570 73.00150 72.91860 72.30760 73.11580 78.27950 74.51010 83.08560 86.78260 81.09060 87.97360 82.64010 76.43650 76.04380 73.94230
-9999 -9999 -9999 -9999 -9999 -9999 -9999 -9999 -9999 -9999 -9999 -9999 62.89430 63.00100 72.04140 70.08620 68.65330 64.45560 61.16990 59.22930 59.05520 60.09440 59.09960 58.95090 55.37120 54.79950 54.41780 53.04180 71.71070 70.33080 76.12400 72.74860 73.38470 59.39480 73.57080 78.43330 71.99480 72.66770 71.90520 71.10120 70.07680 70.83850 74.42420 78.01100 83.70790 79.51780 74.82840 81.13880 84.40750 85.76330 72.15990 72.19810 70.11070 72.26780 71.71250 75.09650 78.25650 78.28330 77.82280 77.92130 74.21510 76.39590 76.89190 76.80250 79.02070 80.62360 80.85950 76.21770 76.67300 73.98540 65.22090
-9999 -9999 -9999 -9999 -9999 -9999 -9999 -9999 -9999 -9999 -9999 71.78920 68.66260 68.42050 65.63770 60.50100 58.62700 60.39020 60.65770 59.92900 60.41180 55.05490 54.45320 54.98580 55.66300 55.97490 70.36480 54.50270 69.93230 69.62300 75.34840 55.04640 57.59330 59.43140 66.43560 77.54000 72.50810 72.62740 70.57830 69.68130 69.43760 75.76000 78.97340 82.92460 84.90410 83.49880 84.68220 84.12330 83.96420 83.44280 79.71220 72.94290 73.45890 74.56760 73.03660 73.35090 77.17840 77.03680 76.14520 75.50800 77.85870 76.16290 75.59690 73.94000 80.16820 75.97460 75.98430 77.60870 74.31880 69.29370 62.68670
-9999 -9999 -9999 -9999 -9999 -9999 -9999 -9999 -9999 -9999 64.12460 65.91180 63.22540 63.62480 59.74220 56.96660 55.66060 55.25680 55.72210 56.48670 55.02140 53.26570 53.22740 53.77270 53.80830 54.99440 55.08710 69.21620 70.39880 54.77910 56.57140 55.02020 52.00660 74.06730 79.00300 73.77730 72.35700 71.91150 70.87890 69.38860 76.27890 80.02460 81.50550 85.32420 85.27490 82.10530 83.12530 84.99420 83.59180 84.36560 82.92730 74.50610 75.49110 74.38290 73.32190 73.29950 77.52260 79.57600 79.66080 81.60300 80.07090 75.49610 74.20810 76.04960 78.48340 77.16850 79.41940 75.21070 72.69020 66.17220 64.54740
-9999 -9999 -9999 -9999 -9999 -9999 -9999 -9999 -9999 61.18220 61.17120 59.11010 57.91900 59.95200 57.44770 55.42120 54.86060 53.63970 52.79670 53.07970 53.34300 54.30960 54.20180 53.32150 53.87300 55.50940 55.29680 56.55030 57.07350 56.77340 56.48410 59.44100 61.33810 64.16560 79.39550 74.31260 73.66130 71.78330 71.66220 70.67050 80.65940 81.08090 82.30260 87.28660 85.16280 93.05090 85.32350 83.33870 86.37920 85.41980 85.42980 78.00640 73.33810 76.21520 73.23490 78.94430 82.17550 82.62540 81.90860 82.67350 77.29510 75.81570 73.73630 78.91220 74.05230 74.75890 75.25270 73.02650 65.53150 63.73220 63.57160
-9999 -9999 -9999 -9999 -9999 -9999 -9999 -9999 -9999 -9999 56.65030 54.14690 53.70310 55.57750 53.40650 52.24710 52.19820 52.42680 52.22310 51.59460 51.96130 52.96300 53.15660 -9999 -9999 -9999 -9999 -9999 -9999 55.19000 56.90530 59.78350 64.94240 67.23380 70.42110 75.02010 75.27470 71.34730 69.71780 67.38970 77.88610 79.57210 71.77550 91.45430 87.30540 92.16470 92.49210 81.89580 83.77970 84.06230 79.66720 74.33920 73.70620 74.31860 79.37030 79.28280 79.92980 80.49120 84.16680 82.13740 80.04970 73.91510 74.64760 78.02090 75.10710 75.36030 75.12100 71.14400 68.16560 70.21830 66.36290
-9999 -9999 -9999 -9999 -9999 -9999 -9999 -9999 -9999 -9999 -9999 -9999 51.87890 51.65720 51.21640 47.96450 48.21890 50.28900 50.75800 -9999 -9999 -9999 -9999 -9999 -9999 -9999 -9999 -9999 -9999 -9999 -9999 -9999 -9999 64.76880 69.87100 74.62720 80.08170 71.65260 67.41320 60.52100 73.71820 80.14110 77.17500 76.80500 77.18150 87.73580 92.87880 83.65010 85.68960 85.93380 85.50380 77.14790 77.25040 76.76980 82.14900 82.26270 80.16490 75.09190 72.78220 77.67880 76.42500 73.14530 75.98640 76.26230 75.10520 75.07050 72.27340 64.49810 66.41890 71.19130 78.96000
-9999 -9999 -9999 -9999 -9999 -9999 -9999 -9999 -9999 -9999 -9999 -9999 -9999 -9999 -9999 -9999 -9999 -9999 -9999 -9999 -9999 -9999 -9999 -9999 -9999 -9999 -9999 -9999 -9999 -9999 -9999 -9999 -9999 -9999 77.21300 78.85690 77.90580 77.74450 64.15490 75.60650 75.95830 79.68680 80.77350 73.53920 91.71230 91.85610 89.54680 84.13070 83.34540 83.70030 81.25210 77.04310 82.43430 76.95380 76.84540 77.35680 76.84270 78.48600 76.15820 75.49180 73.68220 81.66200 77.38330 76.20250 75.36590 75.67220 75.39420 67.50960 69.95530 75.55310 79.72240
-9999 -9999 -9999 -9999 -9999 -9999 -9999 -9999 -9999 -9999 -9999 -9999 -9999 -9999 -9999 -9999 -9999 -9999 -9999 -9999 -9999 -9999 -9999 -9999 -9999 -9999 -9999 -9999 -9999 -9999 -9999 -9999 -9999 -9999 66.67560 76.95620 76.57160 65.68130 61.11450 77.56280 79.67070 86.90000 87.52580 81.28300 78.06880 83.19230 82.63280 83.80330 84.61820 84.13340 81.13380 84.58560 75.29420 75.52150 74.99020 74.54540 78.66340 75.49190 76.27570 80.59120 78.39700 79.99740 75.99050 74.80530 76.65770 68.12990 76.44200 69.64290 73.84800 79.02900 -9999
-9999 -9999 -9999 -9999 -9999 -9999 -9999 -9999 -9999 -9999 -9999 -9999 -9999 -9999 -9999 -9999 -9999 -9999 -9999 -9999 -9999 -9999 -9999 -9999 -9999 -9999 -9999 -9999 -9999 -9999 -9999 -9999 -9999 -9999 -9999 -9999 -9999 -9999 76.84820 77.93560 80.94630 78.74780 75.11010 78.08960 85.74050 82.65470 81.84100 84.07300 85.67580 84.18770 84.80920 80.96190 80.78100 75.57850 77.87380 74.97980 71.75760 73.09960 75.81230 75.55000 75.70650 76.50400 77.84630 75.40680 74.90020 68.84440 73.20500 78.10580 71.21010 -9999 -9999
