data/hydroclimate-scenarios/BCSD_hadcm_A1B/monthly_summaries/soilm3_monthly_day1_jan.2030-2059.asc
ncols	311
nrows	91
xllcenter	102.75
yllcenter	31.75
cellsize	0.5
NODATA_value	-9999
[rows 32 to 63 of 91, columns 0 to 70 of 311]
-9999 -9999 -9999 -9999 -9999 -9999 -9999 -9999 -9999 -9999 -9999 23.44970 23.46090 23.53130 23.48960 23.47450 23.48180 23.51700 20.67620 20.96000 23.09190 23.53410 23.54820 23.55330 23.38050 23.13740 22.92440 21.72500 20.70150 18.68140 18.56950 18.55830 18.57090 18.57840 19.48800 20.77720 22.19050 23.09120 24.32670 24.35520 24.34070 24.33740 24.38190 24.35240 24.33380 24.34420 24.32660 24.29150 24.28250 24.28940 24.27470 24.28710 24.27480 24.42750 24.23370 24.24850 24.18550 24.11940 24.43880 24.28640 24.29950 24.30390 24.00590 22.69980 22.25050 23.88750 23.83000 23.83610 24.00190 23.10580 23.17050
-9999 -9999 -9999 -9999 -9999 -9999 -9999 -9999 -9999 -9999 -9999 23.48330 23.49250 23.49080 23.48650 23.47710 23.47760 23.54600 23.56780 23.58210 23.58780 23.57160 23.61270 23.43740 23.21240 22.95130 22.98240 22.92750 22.88820 22.27940 20.58100 19.88310 21.90350 23.67870 24.33080 24.27860 24.28100 24.35390 24.37960 23.74130 24.37140 24.55010 24.43030 24.42550 24.44390 24.42340 24.40540 24.34170 24.32190 24.29400 24.27910 24.29320 24.27630 24.36540 24.25760 24.34430 24.34370 24.34580 24.36670 24.37120 24.35120 23.12480 23.07950 24.35910 23.37130 23.99590 24.18160 23.16940 23.13950 23.12310 23.16420
-9999 -9999 -9999 -9999 -9999 -9999 -9999 -9999 -9999 -9999 -9999 -9999 23.17560 23.07500 23.07440 23.09570 23.49890 23.58400 23.62330 23.63530 23.55840 23.00490 23.08420 23.07110 23.10310 23.03690 23.00260 23.03570 22.95850 22.95910 23.01990 23.65220 24.33520 24.34000 24.14470 24.03040 23.45300 24.36920 24.48890 23.39520 23.61640 23.66880 24.18100 24.41120 24.43570 24.51450 24.48140 24.40410 24.37730 24.33830 24.30620 24.28850 24.28180 24.27510 24.25520 24.26180 24.26700 24.02840 23.20730 23.32590 23.19570 23.17520 23.17460 23.55340 23.76630 23.18520 23.96070 23.28720 23.27550 23.32980 23.22780
-9999 -9999 -9999 -9999 -9999 -9999 -9999 -9999 -9999 -9999 -9999 -9999 22.96760 23.06930 23.28120 23.38540 23.31430 23.55870 23.38540 23.05360 23.14910 23.09540 23.06040 23.02730 22.99730 22.99270 22.94760 22.99020 22.96410 22.91590 22.89630 24.13160 23.98330 23.22860 23.21360 22.89990 22.87720 23.68280 23.88830 23.00760 23.08380 22.95420 23.42970 24.53940 24.37190 24.14560 24.24540 23.82800 23.66380 23.66560 23.52730 23.56920 23.85060 24.28860 24.28270 24.09050 22.11420 23.26900 23.89610 23.40220 23.04450 23.12710 24.02210 24.52530 23.96510 23.47590 23.29380 23.30780 23.33120 23.40220 23.43070
-9999 -9999 -9999 -9999 -9999 -9999 -9999 -9999 -9999 -9999 -9999 -9999 23.34370 23.15460 23.42150 23.14580 23.20270 22.92510 22.95310 23.13400 23.09460 23.13080 23.10090 23.02050 23.01130 23.00870 23.00230 22.94080 22.94570 22.89340 22.77450 23.02300 22.89650 23.00500 22.99460 23.00220 22.94360 22.99030 22.98450 23.04010 23.11400 23.07290 23.27660 23.84790 23.43500 23.35030 23.35260 23.21490 23.18700 23.11850 23.05940 23.03690 22.97790 23.20700 23.14540 23.00720 22.90250 23.02960 22.94750 23.12790 22.95990 23.10210 23.10650 23.54130 23.90600 23.54840 23.29740 23.37830 23.44660 23.45090 23.51400
-9999 -9999 -9999 22.99390 23.01240 22.98900 22.96280 22.96420 22.96370 -9999 23.35170 23.50010 23.21340 22.84380 22.85420 22.97070 22.92700 22.80210 22.89060 23.05830 23.10130 23.12440 22.97690 22.85210 22.98460 23.04610 23.02970 23.02210 22.85630 22.64580 22.57940 22.69910 22.74600 22.89230 22.94330 22.37720 22.93560 22.98350 23.03260 23.05910 23.10880 23.18120 23.23660 23.33540 23.38070 23.37380 23.36680 23.13930 23.15400 23.15340 23.08210 23.00010 22.95400 23.03710 22.89260 22.94830 23.06510 22.88720 22.87170 22.91690 23.14500 22.98000 23.02410 23.31060 23.26380 23.16930 23.21030 23.32340 23.46610 23.49900 23.59280
-9999 -9999 -9999 22.66890 23.02670 23.03220 23.01210 22.88410 22.86330 23.38250 23.32210 23.09970 22.77580 22.77880 22.92190 22.86480 22.81840 22.60810 22.63340 22.63340 22.64770 22.64790 22.65690 22.69160 22.74520 22.99920 22.86410 22.68980 22.63970 22.70070 22.33960 22.65100 22.58060 22.64950 22.89610 22.80920 22.91460 23.04470 23.02430 23.17080 23.14640 23.11550 23.23850 23.35120 23.27180 23.32380 23.42470 23.22430 23.17390 23.05840 23.04490 23.19720 23.19250 23.17350 23.00160 23.17560 23.12350 23.13380 23.06770 23.23920 23.25570 23.35680 23.40060 23.36290 23.42190 23.43510 23.46730 23.47960 23.63730 23.59400 23.48540
-9999 -9999 -9999 22.61790 23.01850 22.91040 23.35750 23.25130 23.23960 23.19980 23.22780 23.12850 22.55720 22.52940 22.52440 22.51950 22.65870 22.69410 22.60940 22.58420 22.62250 22.70780 22.39380 22.88040 22.73980 22.86980 22.91750 22.82700 22.72530 22.74990 22.79540 22.71430 22.69060 22.70890 22.74410 22.69640 22.72570 22.90830 22.97440 22.99380 23.10230 23.08550 23.24510 23.37720 23.35440 23.35640 23.40060 23.11680 23.10480 23.27110 23.27860 23.23430 23.22670 23.18970 23.14030 23.19440 23.15170 23.18110 23.20520 23.38460 23.39840 23.42310 23.44130 23.47840 23.53350 23.62090 23.64360 23.37930 23.38460 23.31580 23.30300
-9999 -9999 -9999 22.71800 22.99080 22.82960 23.32950 23.27780 23.13370 23.12700 23.18080 22.63320 22.51410 22.54810 22.51990 22.69220 21.22480 18.40910 19.09990 19.96870 22.94900 22.86060 21.94790 19.78040 20.09110 23.01210 22.89470 22.72700 22.84100 22.87290 22.85600 22.67750 22.73510 22.78030 22.75430 22.80590 22.73040 22.69160 22.92020 22.98380 23.03010 23.17550 23.25200 23.30750 23.41600 23.45790 23.47180 23.28670 23.29590 23.26450 23.27380 23.27100 23.24910 23.17460 23.22700 23.22200 23.08990 23.10680 23.13220 23.41700 23.28350 23.32850 23.30190 23.30950 23.40990 23.43340 23.36350 23.24300 23.28070 23.32870 23.53180
-9999 -9999 -9999 22.49640 22.88680 22.94560 23.32710 23.20970 23.17700 23.17780 23.19110 22.88060 22.54050 22.58300 18.33980 18.36030 19.76540 21.17750 22.60680 22.86650 22.99850 20.02670 18.89420 22.90200 22.91430 22.78160 22.65120 22.63500 22.71960 22.75990 22.79450 22.74020 22.75490 22.67650 22.51780 22.82110 22.73610 22.42830 22.43790 22.67980 23.16040 23.03930 22.88600 22.94880 23.09040 23.12740 23.04370 23.08270 23.00070 22.88710 22.79090 22.90720 22.99500 22.89810 22.87910 23.00440 22.96210 22.98660 22.88470 23.05720 23.11880 23.08210 23.11270 23.29980 23.33010 23.40210 23.46140 23.39540 23.35310 23.50750 23.69870
-9999 -9999 -9999 -9999 23.02010 23.17860 23.18060 23.13720 23.06130 22.99740 23.05010 22.65260 22.59520 22.65750 -9999 -9999 -9999 -9999 -9999 20.45260 18.61820 18.56360 18.62170 22.48730 21.41790 22.05220 22.13980 22.18230 22.68970 22.64940 22.64400 22.67510 22.64640 22.48250 22.88200 22.88090 23.12990 22.54460 22.44840 22.85660 22.95430 23.23980 22.76840 22.66020 22.87450 23.08480 23.68300 23.30360 22.90680 20.14420 23.07590 23.00310 22.98000 22.70830 22.68830 22.83670 22.83690 22.82650 23.04220 22.98720 22.90090 22.93760 20.60210 22.99310 23.01480 21.15350 23.08030 23.10060 22.83890 -9999 -9999
-9999 -9999 22.52430 23.05620 23.15540 23.17140 23.17610 23.14060 23.06530 23.03670 23.06480 22.56090 22.58940 -9999 -9999 -9999 -9999 -9999 20.47450 18.55710 19.59830 22.69670 22.66790 22.76220 19.95960 18.53890 19.11360 22.67970 22.68640 22.56520 22.75150 22.62820 22.88600 22.81020 22.51360 23.11620 23.11010 22.78340 22.53650 22.51560 22.45470 22.53870 22.61780 22.57440 22.58480 22.62410 22.66580 22.66070 22.38050 18.58710 18.57820 18.64920 18.73100 18.68470 20.88090 23.11520 22.81030 22.95810 22.98210 23.02230 23.05550 23.08280 20.66020 18.96520 19.00510 19.06430 19.08290 -9999 -9999 -9999 -9999
-9999 -9999 23.19580 23.20650 23.14610 23.15580 23.25310 23.16820 23.10810 23.10030 22.62660 22.61240 22.57110 -9999 -9999 -9999 -9999 22.64630 22.78030 22.65710 23.13810 22.76370 21.69360 18.45040 19.41550 22.63930 22.70530 22.52980 22.45460 22.52990 22.49170 22.40380 22.47910 22.48450 22.89560 22.59310 22.58050 22.51410 22.55230 22.50230 22.55040 22.63250 22.68670 22.62000 22.91290 23.02090 23.04370 23.01470 22.90940 22.88030 20.16610 18.69610 18.70500 18.68520 18.66220 21.54930 23.01380 20.99130 20.14220 19.85210 18.99750 19.03680 19.09330 20.39390 21.69200 -9999 -9999 -9999 -9999 -9999 23.21360
-9999 -9999 22.99960 23.39560 23.24090 23.25010 23.48220 23.39950 23.13420 23.01510 22.64710 22.59720 22.52120 -9999 -9999 -9999 -9999 22.75640 22.68480 22.91980 21.97200 20.33950 19.76510 22.62420 22.63950 22.65330 22.53710 22.43710 22.43340 22.53240 22.52360 22.56930 22.48000 22.49110 22.48350 22.51730 22.44060 22.47240 22.48890 22.53820 22.63960 22.62100 22.69620 22.68310 22.62540 21.94350 22.05790 22.72550 23.12680 23.11470 22.22210 22.05640 20.92270 21.64890 21.19200 20.98790 22.17750 21.92150 22.94780 23.05090 19.03360 21.67460 23.16190 23.32720 23.31540 21.31130 19.18440 19.13400 19.17380 -9999 -9999
-9999 -9999 -9999 23.78960 23.25460 22.18310 22.29720 22.84520 22.79400 23.89540 25.57790 22.52260 -9999 -9999 -9999 -9999 22.64160 22.66080 22.61200 22.63650 22.75850 22.58570 22.88990 22.68160 22.58900 22.50230 22.52890 22.67280 22.57170 22.56120 22.51670 22.47810 22.50050 22.89220 23.28110 23.39430 22.83030 22.69640 22.47760 22.45240 22.50110 22.49560 22.81740 22.54180 22.05180 22.00700 20.94920 20.28970 20.91760 22.51300 21.74520 19.03220 19.04110 19.13750 19.15690 19.11050 19.16560 22.45910 23.19480 23.20650 23.20500 23.22720 23.22790 23.27660 23.27090 23.40720 19.34630 19.24560 19.31330 19.43930 -9999
-9999 -9999 -9999 -9999 22.92920 21.31190 22.72540 22.73370 22.76610 22.60420 22.54460 -9999 -9999 -9999 -9999 22.68550 22.79080 22.75190 22.38970 23.04460 23.10290 23.31750 23.48300 22.87130 22.38890 22.89400 23.47520 22.95720 23.48950 23.03230 23.00880 23.19920 23.31250 23.32660 23.28260 22.72770 22.50690 22.40360 22.49320 22.44760 22.47220 22.47780 22.52800 22.58860 22.53600 23.31640 23.66460 21.92620 21.33930 20.67740 23.10120 18.82370 18.92860 20.05280 19.34920 18.98560 19.12460 19.16670 19.23640 23.19180 23.23280 23.29820 23.29540 23.43270 23.40490 23.35280 19.27960 19.24250 19.24540 19.34290 19.41450
-9999 -9999 -9999 -9999 -9999 -9999 22.87590 22.99360 22.73940 22.87180 23.40000 -9999 -9999 -9999 -9999 -9999 23.12200 23.20720 22.72560 23.47110 23.40570 23.01640 22.72440 22.63960 23.22450 23.41350 21.40880 19.68740 19.67500 20.33650 22.60480 23.44270 23.05290 23.35760 23.22930 23.46140 22.72690 22.40740 22.46910 22.46680 22.48380 22.53670 22.56870 22.54140 22.77050 23.08540 23.66440 23.28450 21.92250 18.66560 18.88410 19.03180 22.95150 23.44560 21.93880 24.09420 19.07780 19.17840 19.26000 22.37770 23.33700 23.37150 23.31060 23.38300 23.45460 23.37140 19.92640 19.11060 19.12950 21.61380 23.10080
-9999 -9999 -9999 -9999 -9999 -9999 -9999 -9999 -9999 -9999 -9999 -9999 -9999 -9999 -9999 -9999 -9999 -9999 -9999 23.40720 22.64430 21.31620 22.94060 23.07780 22.02820 21.91810 21.01360 20.92830 21.50760 22.97050 23.45210 22.93560 22.56740 22.71100 23.20550 23.11160 22.48370 22.50190 22.49760 22.50210 22.45480 22.48680 22.57680 22.61690 22.51010 23.10760 23.11030 23.28000 22.36750 23.22020 23.51270 21.51980 19.50010 19.15930 18.87640 18.95860 23.32120 22.37490 23.46870 23.45010 20.55990 19.56490 23.45460 23.44160 23.62380 20.76610 19.24140 19.07090 19.05680 19.30850 22.91440
-9999 -9999 -9999 -9999 -9999 -9999 -9999 -9999 -9999 -9999 -9999 -9999 -9999 -9999 -9999 -9999 -9999 -9999 23.11570 21.70590 21.78730 23.32270 23.33890 23.36650 22.16160 21.41950 21.16930 21.59390 23.16280 23.34510 23.35330 23.35780 23.40610 23.36370 22.89230 22.47280 22.37310 22.47840 22.39790 22.50030 22.43060 22.49800 22.52460 22.67000 23.08710 23.50390 23.19910 23.10420 22.97640 22.41160 22.54700 23.11910 23.24910 23.54600 19.35130 19.16340 22.33680 22.82280 20.24900 22.46800 19.31840 19.29810 21.75160 22.11720 19.38010 20.70320 22.58340 19.15380 19.31980 19.16660 21.37950
-9999 -9999 -9999 -9999 -9999 -9999 -9999 -9999 -9999 -9999 -9999 -9999 -9999 -9999 -9999 -9999 -9999 23.35210 22.28080 23.24300 23.35510 23.22280 22.66520 22.13960 22.21260 22.50820 21.20090 21.23910 22.20940 22.12400 22.45960 21.72560 21.78990 22.05540 21.60790 22.11390 22.57670 22.49870 22.48900 22.41330 23.03820 23.23190 23.30970 23.42260 23.24590 23.26040 23.35390 23.11860 23.38340 22.41110 21.45090 19.25420 23.00340 23.77670 23.44500 23.81610 23.38180 23.31410 23.33470 23.52410 21.54440 19.70790 21.54290 20.50870 23.73790 23.53740 22.59100 22.95650 21.55590 21.41960 23.90510
-9999 -9999 -9999 -9999 -9999 -9999 -9999 -9999 -9999 -9999 -9999 -9999 -9999 -9999 -9999 -9999 -9999 22.69090 23.29470 23.38690 22.92140 21.69650 22.26030 22.50620 23.30700 24.61680 23.71320 23.90850 22.40200 22.27050 20.78280 20.65840 21.18460 21.95580 21.18400 20.91510 21.60190 22.35040 22.39280 22.42200 23.30030 23.29330 23.39280 23.16470 23.32710 23.27010 23.33310 23.10660 23.30580 23.27760 20.11330 18.93990 19.00430 19.64110 22.37470 23.97020 23.76140 23.53390 22.95300 22.18350 23.65450 23.51020 23.51180 23.58460 23.49190 23.51400 23.53610 22.25620 22.37910 24.21270 24.32170
-9999 -9999 -9999 -9999 -9999 -9999 -9999 -9999 -9999 -9999 -9999 -9999 -9999 -9999 -9999 -9999 22.61930 22.64360 23.31170 22.58690 21.55990 23.10590 23.90610 24.31120 24.60630 24.31530 24.31580 24.70950 24.10450 23.01440 22.81340 23.20110 23.34110 20.93380 20.54220 20.66630 21.89250 22.45550 22.35250 22.47200 23.34970 23.27990 23.21730 23.23940 23.14810 23.15310 23.30080 23.11340 23.11030 23.65680 21.22770 19.73450 19.37080 20.04590 22.23540 23.93810 23.98460 23.50090 19.23710 23.42780 23.71490 23.71320 23.84010 24.05510 23.45840 19.37200 19.33260 19.46930 22.33380 24.22240 24.45690
-9999 -9999 -9999 -9999 -9999 -9999 -9999 -9999 -9999 -9999 -9999 -9999 -9999 23.34800 23.24900 22.79000 22.80480 22.71220 22.23540 21.93410 23.40360 24.40700 24.40440 23.90630 24.40770 24.70660 24.70720 24.70000 24.70000 24.70000 23.00820 22.52810 23.90000 23.30000 21.50680 20.40270 21.60910 22.01510 22.30050 23.20100 23.10100 23.12040 23.09220 23.10070 22.69050 22.26470 22.81620 22.32170 22.35300 23.10670 23.25270 23.43780 23.47680 23.45860 22.77250 19.50350 22.09240 23.51350 20.92250 21.85550 23.77400 23.18540 24.78060 21.86620 21.81070 23.38030 21.26250 22.61980 20.28060 25.09370 25.04930
-9999 -9999 -9999 -9999 -9999 -9999 -9999 -9999 -9999 -9999 -9999 -9999 23.19750 23.21020 22.43400 22.51090 23.02680 23.31820 23.81410 23.60140 22.90160 21.80210 21.90200 22.80320 24.00300 23.60240 23.70320 24.20000 22.30120 23.00430 21.40030 22.90190 23.10390 23.80720 22.50970 20.50300 22.20000 22.30000 22.70030 23.10050 23.10050 23.10040 22.98280 22.57190 21.92450 22.23230 22.96150 22.29370 22.03580 21.73080 23.44690 23.22930 23.82030 23.33080 23.65220 23.43020 23.77460 19.27600 21.06320 20.78820 23.24560 21.35730 20.21220 21.68490 21.96740 25.50990 25.66750 20.27750 21.88890 25.06500 24.83790
-9999 -9999 -9999 -9999 -9999 -9999 -9999 -9999 -9999 -9999 -9999 22.78340 23.34180 22.61660 23.42020 23.81710 23.51540 22.30810 21.50770 21.60420 21.30430 21.40010 21.30000 21.10000 21.10010 21.10020 20.93140 23.00460 22.80210 22.60710 21.50060 23.00000 24.20000 23.80000 22.70000 21.80750 22.30010 22.40020 22.80040 23.10030 23.10020 22.77370 22.23650 21.91540 21.71260 21.83430 21.74590 21.86390 21.99950 22.33320 22.72920 23.26120 23.23040 23.70470 23.31010 23.26750 23.78690 23.38190 18.73290 19.47290 19.96400 22.61670 21.31260 22.64840 25.25030 23.86420 24.22500 20.53760 25.15380 24.84990 24.71410
-9999 -9999 -9999 -9999 -9999 -9999 -9999 -9999 -9999 -9999 23.63540 22.53060 23.71850 23.31400 22.90700 21.91410 21.41270 21.10200 21.10240 21.10140 21.10050 21.10000 21.10000 21.10000 21.10000 21.10000 21.10010 21.40630 20.70170 21.10000 21.10000 23.70000 23.40000 20.31020 20.20270 21.60920 22.30020 22.40030 23.00080 23.10030 22.76000 21.81870 21.50470 21.20330 20.50510 21.33770 21.84770 21.54700 22.00740 22.12680 22.53980 23.12520 23.74540 23.20330 23.29270 23.26480 22.68930 20.40510 19.52080 23.22970 23.53390 22.90570 22.10530 24.20920 25.03650 24.16640 25.47000 25.28550 25.16410 24.75700 24.76350
-9999 -9999 -9999 -9999 -9999 -9999 -9999 -9999 -9999 22.00120 21.20070 21.10020 22.20010 21.40030 21.70010 21.10020 21.10010 21.10010 21.10000 21.10000 21.30000 21.10000 21.80000 21.80000 21.30000 21.10000 21.10000 21.70010 21.10000 21.70000 21.90000 21.50000 24.50000 24.70000 20.60540 22.13370 22.30100 22.80080 23.00040 22.49340 20.30930 21.10260 21.10560 20.64440 19.50270 20.09570 21.31580 22.05080 21.68430 22.03570 22.39550 23.96320 23.70060 25.07220 24.57930 23.28840 22.95060 23.07060 23.10970 23.51250 23.69830 23.24130 22.53740 24.64290 24.85370 25.26670 26.07040 26.42750 26.20080 26.01910 26.22460
-9999 -9999 -9999 -9999 -9999 -9999 -9999 -9999 -9999 -9999 22.40020 21.40000 21.40000 21.10000 21.10000 21.10000 21.10000 21.10000 21.10000 21.50000 22.00000 21.30000 21.70000 -9999 -9999 -9999 -9999 -9999 -9999 23.90010 25.40020 24.50000 24.00000 24.30000 22.70000 22.23080 22.25450 23.00030 23.10020 22.97480 20.81420 21.41480 22.33650 20.08680 19.63020 19.88460 20.52240 21.81960 22.32140 22.44240 23.08800 23.32890 23.61860 24.06940 24.39650 23.10680 22.86510 22.91280 22.70880 23.51980 23.36940 22.82770 23.91020 19.88890 24.50580 25.75050 26.50500 26.16280 25.83670 26.03410 26.08960
-9999 -9999 -9999 -9999 -9999 -9999 -9999 -9999 -9999 -9999 -9999 -9999 21.70000 21.10000 21.10000 21.10000 21.10000 21.10000 21.40000 -9999 -9999 -9999 -9999 -9999 -9999 -9999 -9999 -9999 -9999 -9999 -9999 -9999 -9999 24.80000 22.90820 21.91560 20.61170 21.71650 23.40010 25.10030 21.93380 20.71010 21.83410 21.01430 19.91680 19.75320 20.03780 20.84140 21.69800 21.64770 21.85420 23.84500 24.02870 24.31130 23.32040 22.85430 23.13580 23.26510 23.04720 23.41050 22.86270 22.30490 23.90150 24.13910 25.04250 25.90910 26.60150 26.19330 26.25350 26.79110 27.42230
-9999 -9999 -9999 -9999 -9999 -9999 -9999 -9999 -9999 -9999 -9999 -9999 -9999 -9999 -9999 -9999 -9999 -9999 -9999 -9999 -9999 -9999 -9999 -9999 -9999 -9999 -9999 -9999 -9999 -9999 -9999 -9999 -9999 -9999 22.31070 20.50500 20.70490 20.30460 22.90000 21.41670 22.11870 21.40710 21.07310 21.98930 20.20500 20.53640 21.25140 21.63620 22.24630 22.06260 22.52640 23.95390 23.07080 23.66300 23.90000 23.38210 23.19120 23.42810 23.32760 23.33130 21.69710 23.91200 23.85390 24.20130 25.21390 25.68270 26.75640 26.29100 26.39430 27.06310 28.16570
-9999 -9999 -9999 -9999 -9999 -9999 -9999 -9999 -9999 -9999 -9999 -9999 -9999 -9999 -9999 -9999 -9999 -9999 -9999 -9999 -9999 -9999 -9999 -9999 -9999 -9999 -9999 -9999 -9999 -9999 -9999 -9999 -9999 -9999 21.91630 20.31010 20.41300 23.04230 25.10020 19.80380 20.00250 20.15070 19.93240 20.01050 22.36430 21.32350 21.23770 21.64680 21.89670 22.09440 22.42230 21.93150 23.33820 23.79600 23.94260 23.43300 23.13660 23.15430 23.20000 23.60650 21.68180 20.12620 22.03690 24.05380 24.73360 26.66650 27.06980 27.59340 28.01830 28.93530 -9999
-9999 -9999 -9999 -9999 -9999 -9999 -9999 -9999 -9999 -9999 -9999 -9999 -9999 -9999 -9999 -9999 -9999 -9999 -9999 -9999 -9999 -9999 -9999 -9999 -9999 -9999 -9999 -9999 -9999 -9999 -9999 -9999 -9999 -9999 -9999 -9999 -9999 -9999 21.11430 19.80460 19.40220 19.30540 19.89130 20.00500 20.70870 21.84150 22.40330 21.76650 21.90830 22.32720 21.87300 22.51850 22.51110 23.62670 23.68620 23.08490 23.12780 23.17340 23.51490 21.29170 19.73580 23.51750 24.31660 24.70570 26.09290 26.86230 27.42980 28.00480 28.76120 -9999 -9999
