data/hydroclimate-scenarios/BCSD_hadcm_A1B/monthly_summaries/soilm3_monthly_day1_jan.2070-2099.asc
ncols	311
nrows	91
xllcenter	102.75
yllcenter	31.75
cellsize	0.5
NODATA_value	-9999
[rows 0 to 31 of 91, columns 213 to 283 of 311]
-9999 -9999 -9999 -9999 -9999 -9999 -9999 -9999 -9999 -9999 -9999 -9999 -9999 -9999 -9999 -9999 -9999 -9999 -9999 -9999 -9999 -9999 -9999 -9999 -9999 -9999 -9999 -9999 -9999 -9999 -9999 -9999 -9999 -9999 -9999 -9999 -9999 -9999 -9999 -9999 -9999 -9999 -9999 -9999 -9999 -9999 -9999 -9999 -9999 -9999 -9999 -9999 -9999 -9999 -9999 -9999 -9999 -9999 -9999 -9999 -9999 -9999 -9999 -9999 -9999 -9999 -9999 -9999 -9999 -9999 -9999
-9999 -9999 -9999 -9999 -9999 -9999 -9999 -9999 -9999 -9999 -9999 -9999 -9999 -9999 -9999 -9999 -9999 -9999 -9999 -9999 -9999 -9999 -9999 -9999 -9999 -9999 -9999 -9999 -9999 -9999 -9999 -9999 -9999 -9999 -9999 -9999 -9999 -9999 -9999 -9999 -9999 -9999 -9999 -9999 -9999 -9999 -9999 -9999 -9999 -9999 -9999 -9999 -9999 -9999 -9999 -9999 -9999 -9999 -9999 -9999 -9999 -9999 -9999 -9999 -9999 -9999 -9999 -9999 -9999 -9999 -9999
-9999 -9999 -9999 -9999 -9999 -9999 -9999 -9999 -9999 -9999 -9999 -9999 -9999 -9999 -9999 -9999 -9999 -9999 -9999 -9999 -9999 -9999 -9999 -9999 -9999 -9999 -9999 -9999 -9999 -9999 -9999 -9999 -9999 -9999 -9999 -9999 -9999 -9999 -9999 -9999 -9999 -9999 -9999 -9999 -9999 -9999 -9999 -9999 -9999 -9999 -9999 -9999 -9999 -9999 -9999 -9999 -9999 -9999 -9999 -9999 -9999 -9999 -9999 -9999 -9999 -9999 -9999 -9999 -9999 -9999 -9999
-9999 -9999 -9999 -9999 -9999 -9999 -9999 -9999 -9999 -9999 -9999 -9999 -9999 -9999 -9999 -9999 -9999 -9999 -9999 -9999 -9999 -9999 -9999 -9999 -9999 -9999 -9999 -9999 -9999 -9999 -9999 -9999 -9999 -9999 -9999 -9999 -9999 -9999 -9999 -9999 -9999 -9999 -9999 -9999 -9999 -9999 -9999 -9999 -9999 -9999 -9999 -9999 -9999 -9999 -9999 -9999 -9999 -9999 -9999 -9999 -9999 -9999 -9999 -9999 -9999 -9999 -9999 -9999 -9999 -9999 -9999
-9999 -9999 -9999 -9999 -9999 -9999 -9999 -9999 -9999 -9999 -9999 -9999 -9999 -9999 -9999 -9999 -9999 -9999 -9999 -9999 -9999 -9999 -9999 -9999 -9999 -9999 -9999 -9999 -9999 -9999 -9999 -9999 -9999 -9999 -9999 -9999 -9999 -9999 -9999 -9999 -9999 -9999 -9999 -9999 -9999 -9999 -9999 -9999 -9999 -9999 -9999 -9999 -9999 -9999 -9999 -9999 -9999 -9999 -9999 -9999 -9999 -9999 -9999 -9999 -9999 -9999 -9999 -9999 -9999 -9999 -9999
-9999 -9999 -9999 -9999 -9999 -9999 -9999 -9999 -9999 -9999 -9999 -9999 -9999 -9999 -9999 -9999 -9999 -9999 -9999 -9999 -9999 -9999 -9999 -9999 -9999 -9999 -9999 -9999 -9999 -9999 -9999 -9999 -9999 -9999 -9999 -9999 -9999 -9999 -9999 -9999 -9999 -9999 -9999 -9999 -9999 -9999 -9999 -9999 -9999 -9999 -9999 -9999 -9999 -9999 -9999 -9999 -9999 -9999 -9999 -9999 -9999 -9999 -9999 -9999 -9999 -9999 -9999 -9999 -9999 -9999 -9999
-9999 -9999 -9999 -9999 -9999 -9999 -9999 -9999 -9999 -9999 -9999 -9999 -9999 -9999 -9999 -9999 -9999 -9999 -9999 -9999 -9999 -9999 -9999 -9999 -9999 -9999 -9999 -9999 -9999 -9999 -9999 -9999 -9999 -9999 -9999 -9999 -9999 -9999 -9999 -9999 -9999 -9999 -9999 -9999 -9999 -9999 -9999 -9999 -9999 -9999 -9999 -9999 -9999 -9999 -9999 -9999 -9999 -9999 -9999 -9999 -9999 -9999 -9999 -9999 -9999 -9999 -9999 -9999 -9999 -9999 -9999
-9999 -9999 -9999 -9999 -9999 -9999 -9999 -9999 -9999 -9999 -9999 -9999 -9999 -9999 -9999 -9999 -9999 -9999 -9999 -9999 -9999 -9999 -9999 -9999 -9999 -9999 -9999 -9999 -9999 -9999 -9999 -9999 -9999 -9999 -9999 -9999 -9999 -9999 -9999 -9999 -9999 -9999 -9999 -9999 -9999 -9999 -9999 -9999 -9999 -9999 -9999 -9999 -9999 -9999 -9999 -9999 -9999 -9999 -9999 -9999 -9999 -9999 -9999 -9999 -9999 -9999 -9999 -9999 -9999 -9999 -9999
-9999 -9999 -9999 -9999 -9999 -9999 -9999 -9999 -9999 -9999 -9999 -9999 -9999 -9999 -9999 -9999 -9999 -9999 -9999 -9999 -9999 -9999 -9999 -9999 -9999 -9999 -9999 -9999 -9999 -9999 -9999 -9999 -9999 -9999 -9999 -9999 -9999 -9999 -9999 -9999 -9999 -9999 -9999 -9999 -9999 -9999 -9999 -9999 -9999 -9999 -9999 -9999 -9999 -9999 -9999 -9999 -9999 -9999 -9999 -9999 -9999 -9999 -9999 -9999 -9999 -9999 -9999 -9999 -9999 -9999 -9999
-9999 -9999 -9999 -9999 -9999 -9999 -9999 -9999 -9999 -9999 -9999 -9999 -9999 -9999 -9999 -9999 -9999 -9999 -9999 -9999 -9999 -9999 -9999 -9999 -9999 -9999 -9999 -9999 -9999 -9999 -9999 -9999 -9999 -9999 -9999 -9999 -9999 -9999 -9999 -9999 -9999 -9999 -9999 -9999 -9999 -9999 -9999 -9999 -9999 -9999 -9999 -9999 -9999 -9999 -9999 -9999 -9999 -9999 -9999 -9999 -9999 -9999 -9999 -9999 -9999 -9999 -9999 -9999 -9999 -9999 -9999
-9999 -9999 -9999 -9999 -9999 -9999 -9999 -9999 -9999 -9999 -9999 -9999 -9999 -9999 -9999 -9999 -9999 -9999 -9999 -9999 -9999 -9999 -9999 -9999 -9999 -9999 -9999 -9999 -9999 -9999 -9999 -9999 -9999 -9999 -9999 -9999 -9999 -9999 -9999 -9999 -9999 -9999 -9999 -9999 -9999 -9999 -9999 -9999 -9999 -9999 -9999 -9999 -9999 -9999 -9999 -9999 -9999 -9999 -9999 -9999 -9999 -9999 -9999 -9999 -9999 -9999 -9999 -9999 -9999 -9999 -9999
-9999 -9999 -9999 -9999 -9999 -9999 -9999 -9999 -9999 -9999 -9999 -9999 -9999 -9999 -9999 -9999 -9999 -9999 -9999 -9999 -9999 -9999 -9999 -9999 -9999 -9999 -9999 -9999 -9999 -9999 -9999 -9999 -9999 -9999 -9999 -9999 -9999 -9999 -9999 -9999 -9999 -9999 -9999 -9999 -9999 -9999 -9999 -9999 -9999 -9999 -9999 -9999 -9999 -9999 -9999 -9999 -9999 -9999 -9999 -9999 -9999 -9999 -9999 -9999 -9999 -9999 -9999 -9999 -9999 -9999 -9999
-9999 -9999 -9999 -9999 -9999 -9999 -9999 -9999 -9999 -9999 -9999 -9999 -9999 -9999 -9999 -9999 -9999 -9999 -9999 -9999 -9999 -9999 -9999 -9999 -9999 -9999 -9999 -9999 -9999 -9999 -9999 -9999 -9999 -9999 -9999 -9999 -9999 -9999 -9999 -9999 -9999 -9999 -9999 -9999 -9999 -9999 -9999 -9999 -9999 -9999 -9999 -9999 -9999 -9999 -9999 -9999 -9999 -9999 -9999 -9999 -9999 -9999 -9999 -9999 -9999 -9999 -9999 -9999 -9999 -9999 -9999
19.29170 19.24140 19.57670 19.69670 19.26640 19.52590 -9999 -9999 -9999 -9999 -9999 -9999 -9999 -9999 -9999 -9999 -9999 -9999 -9999 -9999 -9999 -9999 -9999 -9999 -9999 -9999 -9999 -9999 -9999 -9999 -9999 -9999 -9999 -9999 -9999 -9999 -9999 -9999 -9999 -9999 -9999 -9999 -9999 -9999 -9999 -9999 -9999 23.22750 -9999 -9999 -9999 -9999 -9999 -9999 -9999 -9999 -9999 -9999 -9999 -9999 -9999 -9999 -9999 -9999 -9999 -9999 -9999 -9999 -9999 -9999 -9999
19.10960 19.12220 19.14240 19.15750 19.17540 19.50350 19.75720 20.35920 20.98040 21.42770 22.43210 23.91160 23.63620 22.39940 22.12540 22.59650 22.75190 22.63730 25.85020 -9999 -9999 -9999 -9999 -9999 -9999 -9999 -9999 -9999 -9999 -9999 -9999 -9999 -9999 -9999 -9999 -9999 -9999 -9999 -9999 -9999 -9999 -9999 21.65490 21.05740 19.97070 19.33440 19.39170 19.59690 21.15650 -9999 -9999 -9999 21.37280 -9999 -9999 -9999 22.39330 23.60830 23.42440 -9999 -9999 -9999 -9999 -9999 -9999 -9999 -9999 -9999 -9999 -9999 -9999
20.91970 21.53780 22.11200 22.62970 23.34980 23.36760 23.35950 23.36070 23.46920 23.64880 23.63020 24.18420 24.14000 24.40340 24.55530 24.36870 24.13850 24.06280 23.59410 23.50090 23.43270 23.53750 24.16340 24.63230 24.01210 -9999 -9999 -9999 -9999 -9999 19.20820 18.69710 18.88620 21.22670 22.74610 22.19730 21.43780 20.45040 20.24940 20.06160 19.78610 19.36580 19.28990 19.31140 19.32640 19.34510 19.43410 19.65970 20.41870 20.66070 21.01230 21.22890 21.29880 21.79400 21.85000 21.81930 22.70620 22.69000 22.49420 22.69580 22.93830 22.81060 22.42790 22.33190 -9999 -9999 -9999 -9999 -9999 -9999 -9999
23.86740 24.30270 24.54550 24.92320 24.57490 24.84530 24.14630 23.82500 22.99170 22.23050 21.51780 133.34801 132.79900 133.49899 132.86700 132.95900 132.18300 19.64670 19.37160 19.82450 21.88380 22.40980 23.19720 23.06800 23.15760 23.21930 23.04670 23.02630 23.53160 23.27330 22.76480 19.00970 18.73620 18.75540 19.32100 19.61140 19.38370 19.27400 19.28530 19.27220 19.29330 19.35180 19.44870 19.51550 19.56140 19.57450 19.64740 19.74290 20.11250 20.35230 20.51210 20.91580 21.27960 21.56450 21.87830 22.20040 22.11770 22.63500 23.17010 23.09890 23.54500 23.78410 22.41070 22.03350 21.55110 21.41900 21.92360 21.86280 22.21790 22.26760 22.25150
25.18240 24.90320 24.47730 23.10720 22.36770 133.72301 133.28700 132.67000 132.50999 131.87199 131.62900 131.59100 131.71001 131.61800 131.57300 131.55600 131.59100 131.61099 132.03700 132.03700 131.94701 132.08501 133.56799 134.03600 129.97501 130.19901 24.55580 130.33600 22.99220 23.17010 25.16990 21.10850 18.78420 19.31610 19.67160 19.61920 19.43010 19.37390 19.37470 19.31710 19.35490 19.46100 19.59780 19.61650 19.59170 19.58920 19.55140 19.62200 19.92530 20.05270 19.92500 20.27050 20.31820 21.20650 21.18040 21.51650 21.70270 21.67300 22.19020 22.16640 23.03890 23.22410 21.76690 21.75390 21.22470 21.32080 21.84810 22.05670 22.79520 22.86450 23.31380
134.75700 134.86301 133.83701 134.42599 134.47900 132.62601 132.13499 131.60699 131.54201 131.59100 131.54500 131.56000 131.51300 131.54401 131.52699 131.62100 131.64900 131.56300 131.81200 131.67101 132.42400 133.27800 134.79800 132.08400 130.52400 130.27901 132.13699 131.82800 131.69000 22.59980 24.75190 24.75790 20.81840 18.35130 18.11750 18.12120 18.23640 18.32730 18.27220 18.24560 18.24100 18.30180 18.34660 18.43190 18.48570 18.63520 18.65000 18.58770 18.63510 19.19930 19.97770 20.01300 20.02520 20.18240 20.45790 20.66250 20.54080 20.87930 21.56600 21.56110 21.92160 20.34630 20.54250 21.50270 21.01430 21.30900 21.25810 22.10980 22.27970 22.36250 23.10560
135.03000 135.59200 135.32201 134.25500 133.54800 133.10100 132.07899 132.14600 132.13000 131.70799 131.53600 131.52200 131.53600 131.52499 131.57401 131.57500 131.60600 131.64900 135.66000 134.87300 133.06100 133.64700 132.17999 130.89799 130.07800 130.16000 130.08600 130.15100 132.28101 130.07600 22.88570 24.69080 24.70200 19.08860 21.90430 21.64630 21.62350 21.66210 21.45850 21.58330 22.39770 22.22860 22.11400 22.15290 21.02490 21.36950 21.30450 21.27540 21.52550 21.69710 21.91420 19.17220 19.42160 19.51900 18.51450 18.63610 18.55350 18.69380 19.49850 20.60490 20.57320 23.39890 23.60950 23.69030 22.90800 23.21740 23.52230 21.73570 24.01670 25.85390 25.83870
135.12900 136.03200 135.97099 135.35100 134.29401 133.08099 132.07700 131.75800 131.52200 131.50900 131.52901 131.53000 131.54100 131.53900 131.50800 131.56900 131.82800 131.88800 133.14301 131.96001 131.54300 131.54401 131.63200 131.57700 129.82001 130.06200 130.31200 130.34200 129.95599 129.81599 23.38510 23.39410 25.82980 25.90020 25.89190 22.19340 19.54790 18.99090 18.69440 18.65430 22.85540 22.46280 22.22530 21.66590 20.94710 21.17510 21.11900 21.02410 21.37460 21.41790 22.04740 22.15580 21.23560 21.39720 21.12170 21.48420 21.19130 21.03550 22.01440 21.93490 20.02740 23.21540 22.66920 23.07940 23.27350 23.39000 22.22440 23.64670 23.70630 24.05010 24.73600
134.73900 133.57800 132.46100 131.60800 131.60899 131.58800 131.53300 131.53900 131.52100 131.51100 131.51900 131.51300 131.51700 131.51700 131.51401 131.51801 131.65500 131.69000 134.07100 133.07800 131.50800 131.50101 131.50101 131.50101 131.50200 131.73700 129.99001 130.32100 129.89200 129.83299 24.82930 25.24090 25.37720 26.00350 26.41790 26.13940 25.75480 25.56240 25.79090 25.80660 26.14300 24.62110 26.15970 26.14600 22.84160 23.26790 23.56960 22.46530 21.64980 21.65030 22.40830 22.03100 21.19470 21.47400 21.46220 21.90430 21.24810 21.13430 21.58740 21.94550 24.43130 22.70660 22.35860 22.47810 22.78570 22.47120 22.57010 22.72200 22.65670 23.22440 23.95060
134.30299 132.08501 131.82201 131.90300 132.48300 134.93500 137.90500 136.83200 135.50600 134.35800 131.99500 131.69299 131.60201 131.50700 131.64101 131.78101 133.05000 132.31200 133.17400 133.17999 131.50500 131.50000 131.50000 131.50000 131.50000 23.30800 23.31130 23.31830 23.38700 24.56870 24.26280 25.40350 24.97990 24.14010 24.48200 23.95950 23.74540 23.72080 25.07430 24.40360 24.27980 24.41510 24.90830 24.01610 26.90780 26.93330 26.28760 25.86660 26.20440 26.15440 23.73650 23.17480 22.60920 22.65910 21.57670 21.40060 21.58190 22.34970 22.14350 23.52250 24.15030 22.04520 22.65740 22.54360 21.31870 21.18360 22.26490 22.38410 21.94600 22.10360 22.47850
134.16499 134.05099 134.86900 133.95000 132.92200 136.39799 139.07401 139.23100 136.01300 134.47501 134.48399 134.35699 133.99899 133.58800 133.44099 132.28000 132.49001 131.84700 133.66499 133.25700 131.55499 131.50000 23.30020 23.30030 23.30010 23.30010 23.30120 23.30210 23.30190 23.30260 23.35690 23.35100 23.30800 23.30490 23.32230 23.32420 23.32190 23.35090 23.34760 23.38800 23.33920 23.37350 23.63170 23.81260 24.29250 24.32470 24.60000 24.39500 25.50200 27.55980 27.07610 26.90330 26.10130 23.46310 21.61130 21.15550 21.40940 23.27650 22.51520 22.07980 22.00740 21.69520 21.50020 21.56630 20.66020 20.94830 20.25190 22.13260 21.74600 21.79040 21.95900
132.52800 132.64500 133.61900 133.49400 133.28200 132.84900 132.04401 132.40401 135.69200 134.72099 134.08701 134.13699 135.12100 134.61099 133.37801 132.93100 131.88000 131.51300 131.51100 132.65401 134.83200 131.74600 131.67799 131.69000 21.60000 22.60000 23.30350 23.40030 23.40020 23.50060 23.60040 23.76760 23.85050 23.79880 23.67340 23.55960 23.61430 23.51640 23.44970 23.36170 23.61640 23.51460 23.49060 23.48010 23.64040 23.78920 23.61720 23.83420 24.22330 24.66680 24.62600 24.14890 26.16560 25.35370 23.34080 20.72450 20.85170 21.34610 20.66690 20.78910 20.92490 20.71110 21.42200 20.75130 20.37500 20.70040 21.11020 19.87170 21.83000 21.83990 21.85760
132.27299 132.31700 132.26700 132.70200 134.31599 133.81100 134.31400 134.36501 134.02100 133.03000 133.41701 134.07500 134.51900 135.48801 135.34100 132.07401 131.57201 131.52499 131.52200 131.50900 131.50400 131.52699 131.50000 131.50101 131.51401 131.66299 131.50500 131.50000 23.00020 131.50101 131.50101 131.50200 131.50101 131.50200 131.50101 131.50301 23.90810 23.51140 131.55400 131.88901 23.53390 23.70020 23.79590 23.82010 24.08210 24.18340 23.96710 24.02760 24.29270 24.77190 25.10220 25.10280 23.94850 26.39390 24.83710 23.46180 21.49720 20.93770 20.32970 20.61520 20.66430 20.71770 21.49590 20.71820 19.96050 20.12030 21.35580 21.16030 20.26700 21.75680 21.83150
137.03400 138.00301 137.25700 136.90100 136.39500 137.64301 137.16299 136.96300 137.23100 138.45500 139.30299 138.62100 138.84900 134.20700 133.83400 132.13600 131.67799 131.52499 131.68500 131.50400 131.50500 131.50301 131.50301 131.50700 131.50200 131.50400 131.50999 131.50900 131.51500 131.53700 131.58400 131.51100 131.50999 131.51199 131.53600 131.57201 131.52699 131.54500 131.59599 131.73300 131.90800 131.79201 23.82080 24.39460 24.68800 25.61520 24.92280 24.44340 24.04750 24.23450 24.37950 25.11270 24.02550 23.50280 26.30840 23.42710 20.79290 21.03430 21.41510 21.44140 20.84890 20.85640 21.68390 21.21330 20.82330 21.02710 21.34110 21.03240 21.32400 21.56470 21.79680
137.40800 27.19360 25.36950 23.94370 137.49699 137.65300 24.30630 24.41870 24.53870 24.85610 137.96001 23.69510 27.49660 141.27299 141.32401 134.87801 131.59200 131.57500 137.50200 134.77800 132.39301 132.38000 131.61600 131.94701 131.50301 131.50700 131.50600 131.51801 131.51500 131.52400 131.51199 131.50200 131.50101 131.50301 131.50200 131.50700 131.53799 131.58501 131.62700 131.76601 131.87100 132.67999 25.46270 26.34670 26.91020 27.12570 26.14740 25.73190 24.89510 25.24220 24.87830 24.29990 24.40910 24.22260 26.81570 23.85530 21.06100 20.91360 21.72960 21.67460 20.96990 21.33050 22.30790 21.55850 21.09080 21.05330 20.94710 21.41810 22.07450 21.95960 24.02750
27.23990 29.81490 28.00500 27.60060 28.45920 28.05710 27.46360 25.52820 24.36410 24.36010 24.80540 24.94450 26.15820 28.78360 29.89140 138.35899 137.74200 131.70399 143.79401 142.72000 140.26900 136.31900 133.41200 131.88400 131.50000 131.50000 131.50301 131.51100 131.50900 131.54201 131.63400 131.51401 131.50301 131.50101 131.50000 131.50101 131.53500 131.57899 131.67999 132.58501 132.60600 133.09200 26.91170 27.37210 27.30620 27.51130 27.65200 26.76060 25.65250 25.69960 24.67460 24.36170 24.73990 24.87510 26.78430 24.27870 20.27480 22.29090 22.33210 22.23610 18.71780 18.72570 18.83070 18.72240 18.60480 21.18950 21.18540 21.55020 20.96280 22.78210 22.85750
31.19340 30.72440 27.73720 26.91640 25.61140 27.62890 27.62070 27.31710 25.15550 22.69350 20.48000 20.89480 28.31370 29.67190 29.74380 139.04900 142.52699 140.25301 140.72800 139.88800 142.15800 148.27100 145.39799 136.04201 131.67400 131.50301 131.50101 131.50000 131.50101 131.52400 131.51100 131.50101 131.50101 131.50900 131.50101 131.50400 131.65401 131.63100 131.93201 133.53799 135.40700 135.96400 137.07300 28.77350 29.28580 29.74990 29.89520 29.18850 27.09080 26.17780 25.12250 24.66420 24.57930 25.27320 24.74620 24.12810 24.33930 23.80010 23.22580 25.85060 23.88820 22.49430 21.99830 21.21840 18.98170 19.12550 21.66210 22.53030 23.80390 23.99170 23.59850
29.71180 28.27400 29.70250 30.17360 29.32760 28.01400 28.09830 28.14380 29.75280 29.88740 29.20220 26.81260 31.27030 36.63580 45.49020 147.79401 43.19190 39.68370 141.59900 142.58000 142.62500 145.37900 145.02499 136.43401 131.75200 131.52000 131.52000 131.64700 131.50600 131.52901 131.52200 131.50600 131.50301 131.50101 131.56200 131.61400 131.57700 132.08299 133.49400 135.47200 135.56799 32.94860 37.58310 35.84840 31.66590 32.64430 30.81470 29.02070 27.73030 27.89900 26.50690 25.73670 24.92450 25.02400 25.15910 23.58390 25.69210 24.38800 25.05220 25.19390 25.01240 26.73060 25.67980 25.40720 25.85700 25.86470 25.93570 26.15600 27.27130 26.02530 26.99470
35.53550 -9999 33.87740 36.16060 35.94140 36.32810 -9999 35.60100 35.57570 30.34520 29.13790 30.45440 43.60670 38.96700 38.03040 38.05220 35.14110 41.22010 43.24870 36.67460 144.05901 141.77800 146.66000 145.50500 141.98100 135.93401 26.84350 25.19170 26.00480 132.11301 132.03200 131.73199 131.50400 131.50500 131.56200 131.72301 132.94400 132.61301 132.45500 28.91780 32.29070 30.29770 40.54520 38.97580 32.06100 32.13260 30.62540 30.18490 30.08310 30.28670 29.67250 28.12400 26.75410 25.47080 24.88720 23.44220 24.29680 23.76240 23.75610 24.13000 23.44310 23.11340 22.79300 22.27670 22.01160 21.69570 21.25220 22.59610 23.06450 24.50940 25.16610
