data/hydroclimate-scenarios/BCSD_hadcm_A1B/monthly_summaries/soilm2_monthly_day1_aug.2070-2099.asc
ncols	311
nrows	91
xllcenter	102.75
yllcenter	31.75
cellsize	0.5
NODATA_value	-9999
[rows 0 to 30 of 91, columns 71 to 141 of 311]
-9999 -9999 -9999 -9999 -9999 -9999 -9999 -9999 -9999 -9999 -9999 -9999 -9999 -9999 -9999 -9999 -9999 -9999 -9999 -9999 -9999 -9999 -9999 -9999 -9999 -9999 -9999 -9999 -9999 -9999 -9999 -9999 -9999 -9999 -9999 -9999 -9999 -9999 -9999 -9999 -9999 -9999 -9999 -9999 -9999 -9999 -9999 -9999 -9999 -9999 -9999 -9999 -9999 -9999 -9999 -9999 -9999 -9999 -9999 -9999 -9999 -9999 -9999 -9999 -9999 -9999 -9999 -9999 -9999 -9999 -9999
-9999 -9999 -9999 -9999 -9999 -9999 -9999 -9999 -9999 -9999 -9999 -9999 -9999 -9999 -9999 -9999 -9999 -9999 -9999 -9999 -9999 -9999 -9999 -9999 -9999 -9999 -9999 -9999 -9999 -9999 -9999 -9999 -9999 -9999 -9999 -9999 -9999 -9999 -9999 -9999 -9999 -9999 -9999 -9999 -9999 -9999 -9999 -9999 -9999 -9999 -9999 -9999 -9999 -9999 -9999 -9999 -9999 -9999 -9999 -9999 -9999 -9999 -9999 -9999 -9999 -9999 -9999 -9999 -9999 -9999 -9999
-9999 -9999 -9999 -9999 -9999 -9999 -9999 -9999 -9999 -9999 -9999 -9999 -9999 -9999 -9999 -9999 -9999 -9999 -9999 -9999 -9999 -9999 -9999 -9999 -9999 -9999 -9999 -9999 -9999 -9999 -9999 -9999 -9999 -9999 -9999 -9999 -9999 -9999 -9999 -9999 -9999 -9999 -9999 -9999 -9999 -9999 -9999 -9999 -9999 -9999 -9999 -9999 -9999 -9999 -9999 -9999 -9999 -9999 -9999 -9999 -9999 -9999 -9999 -9999 -9999 -9999 -9999 -9999 -9999 -9999 -9999
-9999 -9999 -9999 -9999 -9999 -9999 -9999 -9999 -9999 -9999 -9999 -9999 -9999 -9999 -9999 -9999 -9999 -9999 -9999 -9999 -9999 -9999 -9999 -9999 -9999 -9999 -9999 -9999 -9999 -9999 -9999 -9999 -9999 -9999 -9999 -9999 -9999 -9999 -9999 -9999 -9999 -9999 -9999 -9999 -9999 -9999 -9999 -9999 -9999 -9999 -9999 -9999 -9999 -9999 -9999 -9999 -9999 -9999 -9999 -9999 -9999 -9999 -9999 -9999 -9999 -9999 -9999 -9999 -9999 -9999 -9999
-9999 -9999 -9999 -9999 -9999 -9999 -9999 -9999 -9999 -9999 -9999 -9999 -9999 -9999 -9999 -9999 -9999 -9999 -9999 -9999 -9999 -9999 -9999 -9999 -9999 -9999 -9999 -9999 -9999 -9999 -9999 -9999 -9999 -9999 -9999 -9999 -9999 -9999 -9999 -9999 -9999 -9999 -9999 -9999 -9999 -9999 -9999 -9999 -9999 -9999 -9999 -9999 -9999 -9999 -9999 -9999 -9999 -9999 -9999 -9999 -9999 -9999 -9999 -9999 -9999 -9999 -9999 -9999 -9999 -9999 -9999
-9999 -9999 -9999 -9999 -9999 -9999 -9999 -9999 -9999 -9999 -9999 -9999 -9999 -9999 -9999 -9999 -9999 -9999 -9999 -9999 -9999 -9999 -9999 -9999 -9999 -9999 -9999 -9999 -9999 -9999 -9999 -9999 -9999 -9999 -9999 -9999 -9999 -9999 -9999 -9999 -9999 -9999 -9999 -9999 -9999 -9999 -9999 -9999 -9999 -9999 -9999 -9999 -9999 -9999 -9999 -9999 -9999 -9999 -9999 -9999 -9999 -9999 -9999 -9999 -9999 -9999 -9999 -9999 -9999 -9999 -9999
-9999 -9999 -9999 -9999 -9999 -9999 -9999 -9999 -9999 -9999 -9999 -9999 -9999 -9999 -9999 -9999 -9999 -9999 -9999 -9999 -9999 -9999 -9999 -9999 -9999 -9999 -9999 -9999 -9999 -9999 -9999 -9999 -9999 -9999 -9999 -9999 -9999 -9999 -9999 -9999 -9999 -9999 -9999 -9999 -9999 -9999 -9999 -9999 -9999 -9999 -9999 -9999 -9999 -9999 -9999 -9999 -9999 -9999 -9999 -9999 -9999 -9999 -9999 -9999 -9999 -9999 -9999 -9999 -9999 -9999 -9999
-9999 -9999 -9999 -9999 -9999 -9999 -9999 -9999 -9999 -9999 -9999 -9999 -9999 -9999 -9999 -9999 -9999 -9999 -9999 -9999 -9999 -9999 -9999 -9999 -9999 -9999 -9999 -9999 -9999 -9999 -9999 -9999 -9999 -9999 -9999 -9999 -9999 -9999 -9999 -9999 -9999 -9999 -9999 -9999 -9999 -9999 -9999 -9999 -9999 -9999 -9999 -9999 -9999 -9999 -9999 -9999 -9999 -9999 -9999 -9999 -9999 -9999 -9999 -9999 -9999 -9999 -9999 -9999 -9999 -9999 -9999
-9999 -9999 -9999 -9999 -9999 -9999 87.46680 -9999 -9999 -9999 -9999 -9999 -9999 -9999 -9999 -9999 -9999 -9999 -9999 -9999 -9999 -9999 -9999 -9999 -9999 -9999 -9999 -9999 -9999 -9999 -9999 -9999 -9999 -9999 -9999 -9999 -9999 -9999 -9999 -9999 -9999 -9999 -9999 -9999 -9999 -9999 -9999 -9999 -9999 -9999 -9999 -9999 -9999 -9999 -9999 -9999 -9999 -9999 -9999 -9999 -9999 -9999 -9999 -9999 -9999 -9999 -9999 -9999 -9999 -9999 -9999
-9999 -9999 103.17000 81.88970 82.87770 85.35750 86.17790 88.49680 90.26980 92.47510 94.59680 95.79110 96.98020 96.75540 100.57000 105.41800 104.95900 104.94900 103.17200 102.65500 99.74980 96.50280 -9999 -9999 -9999 -9999 -9999 -9999 -9999 -9999 -9999 -9999 -9999 -9999 -9999 -9999 -9999 -9999 -9999 -9999 -9999 -9999 -9999 -9999 -9999 -9999 -9999 -9999 -9999 -9999 -9999 -9999 -9999 -9999 -9999 -9999 -9999 -9999 -9999 -9999 -9999 -9999 -9999 -9999 -9999 -9999 -9999 -9999 -9999 -9999 -9999
-9999 -9999 -9999 -9999 86.03140 88.34350 91.76300 92.99380 95.83320 97.70170 99.13070 100.55000 101.08000 101.77000 103.10200 103.81700 105.18000 106.25800 106.80300 107.32000 107.52400 106.12800 -9999 -9999 -9999 -9999 -9999 -9999 -9999 -9999 -9999 -9999 -9999 -9999 -9999 -9999 -9999 -9999 -9999 -9999 -9999 -9999 -9999 -9999 -9999 -9999 -9999 -9999 -9999 -9999 -9999 -9999 -9999 -9999 -9999 -9999 -9999 -9999 -9999 -9999 -9999 -9999 -9999 -9999 -9999 -9999 -9999 -9999 -9999 -9999 -9999
79.50410 79.07270 80.80200 81.65290 84.36750 85.02300 83.79560 87.99580 90.97690 92.32890 95.83680 97.81680 97.96970 99.10700 101.35800 102.26900 103.14600 104.18000 104.28800 107.47800 117.12100 118.46700 111.63800 111.36900 106.64700 105.25300 104.03200 104.40800 -9999 -9999 -9999 -9999 -9999 -9999 -9999 -9999 -9999 -9999 -9999 -9999 -9999 -9999 -9999 -9999 -9999 -9999 -9999 -9999 -9999 -9999 -9999 -9999 -9999 -9999 -9999 -9999 -9999 -9999 -9999 -9999 -9999 -9999 -9999 -9999 -9999 -9999 -9999 -9999 -9999 -9999 -9999
78.17080 78.20160 80.35060 79.68000 80.45050 82.24890 83.25520 82.96480 83.87000 84.97120 90.03550 90.99670 93.22180 95.23470 98.36120 99.36290 98.29560 93.47280 115.14600 111.39700 107.00500 104.50200 105.43100 106.69300 104.35100 102.82500 103.24500 102.32900 99.81010 98.13710 95.69070 94.77010 94.13590 94.20110 93.03240 92.78120 90.68790 90.68680 89.34030 89.27100 89.70970 90.12180 90.88170 -9999 -9999 -9999 -9999 -9999 -9999 -9999 -9999 -9999 -9999 -9999 -9999 -9999 -9999 -9999 -9999 -9999 -9999 -9999 -9999 -9999 -9999 -9999 -9999 -9999 -9999 -9999 -9999
58.28980 59.25580 59.65450 77.63560 81.39420 82.71340 81.21390 81.01710 82.46700 82.10440 82.48010 83.49340 84.43330 86.18070 88.55310 90.80470 91.75750 91.37090 95.06170 102.33800 102.07000 101.79400 97.85240 86.77560 93.63550 93.21660 91.78240 90.39130 94.87260 99.14860 94.15980 94.77740 90.77530 91.00800 90.03990 88.76720 88.88890 89.88700 88.40690 88.35330 90.92100 91.41890 92.02620 114.10100 -9999 -9999 -9999 -9999 -9999 -9999 -9999 -9999 -9999 -9999 -9999 -9999 -9999 -9999 -9999 -9999 -9999 -9999 -9999 -9999 -9999 -9999 -9999 -9999 -9999 -9999 -9999
88.15000 85.24690 81.68550 91.20820 86.95560 87.65170 88.31240 87.97870 89.39700 88.37220 92.71340 93.21840 91.92170 91.05910 88.25440 92.24450 93.45690 95.22510 94.18060 114.05800 101.38900 101.25300 100.31700 99.63210 97.67760 99.51510 94.66900 92.27120 92.61660 92.57260 88.56860 86.79850 88.69710 89.00410 86.41900 87.11760 87.29990 87.20270 87.88290 90.59490 88.92840 90.63250 94.16600 95.01190 -9999 -9999 -9999 -9999 -9999 -9999 -9999 -9999 -9999 -9999 -9999 -9999 -9999 -9999 -9999 91.76360 91.63410 -9999 -9999 -9999 -9999 105.77600 114.91000 122.50200 107.12500 97.16040 93.35430
83.30360 84.73160 86.67730 87.31930 85.37230 84.17890 86.47040 86.48690 90.32290 90.14080 86.84440 88.49130 88.16760 91.81330 92.20330 91.10210 92.37960 92.08170 111.60300 90.44500 95.54790 94.71660 95.36730 90.55950 88.74050 87.17680 90.52810 91.45920 88.36150 89.74070 88.17390 86.88050 85.44380 85.25950 84.67950 83.62900 82.11130 81.62430 83.24290 108.37700 111.68700 113.30200 113.54500 111.06000 112.42500 112.28300 113.14100 92.43290 94.87450 95.06190 92.14130 94.52750 99.67300 102.89500 95.10910 82.22400 78.99190 77.84690 88.67100 90.69010 86.98680 -9999 -9999 -9999 -9999 -9999 108.20400 108.32100 107.17500 106.47900 105.25800
93.22440 66.98960 85.80820 91.08910 69.95620 81.97920 83.86940 85.32850 84.42670 83.38240 82.52880 83.43680 82.75430 81.79000 84.47230 108.34300 86.62130 86.94270 86.48480 86.05650 87.66410 87.61770 85.60540 85.16070 85.20770 85.01120 85.09100 86.01510 85.44910 85.50950 85.66240 84.12540 83.74130 84.73920 84.04720 84.08760 83.91890 83.90380 109.47100 109.68500 85.53050 110.86500 87.21470 87.68000 88.80860 87.66230 88.43720 86.93800 92.21550 97.08620 94.73400 88.59070 93.59860 101.47300 105.68100 96.93820 99.12290 98.02490 95.17930 82.92990 81.52470 82.91860 90.79450 93.12310 95.94370 100.08700 101.40000 102.32100 102.13500 103.89900 105.68000
90.11590 95.15060 81.43350 96.26530 93.70840 88.64960 86.85950 87.71500 80.37790 80.51320 78.52350 81.13100 82.80470 107.76000 83.49910 86.25250 83.94210 84.97360 85.04810 83.89300 87.46140 85.85400 84.06130 83.46790 84.43260 83.42200 83.18600 83.90670 82.99520 83.35580 83.75450 84.05840 83.59050 83.95820 83.94240 83.44440 109.00500 82.89030 81.68020 85.21740 84.28490 83.65090 82.95780 85.67760 84.97330 84.83700 83.95260 82.57190 84.11270 83.97530 85.94100 83.18710 87.50680 87.27060 93.37390 102.87400 104.17800 106.25100 109.85800 106.74100 94.39050 91.18370 85.71430 78.70910 87.76400 88.20870 94.23940 95.67710 96.10140 99.30990 99.36900
98.04320 102.78500 90.40590 63.11980 83.66310 79.60520 76.95010 84.83130 83.46710 79.51050 76.45190 79.24000 79.84770 79.26090 79.56030 80.59720 81.24010 81.56950 83.20600 91.60200 91.25790 85.02310 84.25220 83.30930 82.56180 82.79120 81.52000 80.85480 82.60010 82.07410 81.63280 108.51700 80.75260 80.31810 81.55490 81.18500 81.39430 85.28020 85.27690 88.60290 82.52490 81.42180 88.63190 94.05140 94.07360 86.45240 83.39270 80.61810 82.04380 83.12310 88.08080 93.04210 91.08840 91.33490 75.99610 74.88450 77.31140 95.27100 97.69940 110.90900 109.38000 106.91800 107.90100 96.21980 92.89180 86.47600 85.63120 84.80410 85.59910 89.86790 91.85390
93.71310 102.22100 96.26900 86.45500 71.37870 80.00010 77.12810 84.57880 85.57620 81.50650 94.63270 88.28990 81.36100 81.90550 79.55090 76.32960 78.04830 79.44990 82.07290 85.39930 89.02050 83.94400 84.70120 86.02080 80.86460 81.85190 80.02960 78.60980 80.79290 107.37800 79.75240 77.67700 77.45120 80.90720 79.33270 79.43930 81.52730 84.00630 81.96410 90.37500 92.44540 89.20830 89.72350 88.22800 94.44660 91.63030 85.65520 87.24190 80.77910 84.88820 91.54320 89.86560 89.28620 84.81670 93.48510 98.56970 98.06740 101.73000 97.84650 97.90190 99.04010 95.31680 93.92600 103.60300 109.91800 95.34440 105.12000 90.06000 86.16670 87.90290 100.84400
87.01410 89.14240 87.65290 93.75580 98.33260 71.65780 62.76990 56.65170 77.38850 77.35790 85.09520 98.29290 109.92900 115.78300 97.19350 88.64710 82.41510 77.41430 77.78860 76.17950 78.26200 78.38730 78.99240 79.37140 78.11300 80.66400 78.94970 78.76130 78.00940 79.14450 77.76280 81.24860 84.91920 80.98610 79.50030 82.51280 84.19210 88.51310 86.86660 83.69520 93.75310 96.12040 93.27320 88.79690 86.86930 83.76430 85.04720 82.73670 78.09610 79.06010 80.03790 83.80260 85.48250 90.94850 93.12680 100.52900 97.48170 100.69800 96.53670 102.56600 101.69700 99.69310 84.97420 97.45190 98.93120 94.66470 85.55710 87.12580 84.41650 96.25170 97.25280
107.87700 103.10400 108.32400 105.71100 104.17100 97.73900 84.82620 86.09660 82.39680 78.08850 73.86870 74.83120 82.39660 89.84870 110.63300 108.63600 104.55100 98.26650 84.18130 67.17720 77.84930 77.36550 77.26980 79.19590 78.51770 81.43860 81.09280 79.01840 81.26310 84.31190 85.92130 92.23570 84.69470 91.52840 87.05840 87.26850 90.66240 92.52470 74.92880 87.92460 90.01360 89.17340 90.73090 88.53480 87.94660 90.72140 91.25310 93.94090 87.62570 84.18290 91.76780 93.96130 96.56000 85.80440 95.68880 95.75780 92.62980 98.54640 99.98750 115.47200 103.13900 105.09900 100.00100 96.63020 96.35160 81.73570 98.77300 97.64710 97.78400 96.43310 98.94760
92.36530 107.47700 117.09800 110.76200 115.87700 106.70500 97.94700 80.68080 89.27720 83.29910 82.83980 88.12770 81.52960 64.27880 81.38060 67.68630 75.15900 98.06690 101.98400 91.08030 79.02400 86.32610 81.06030 80.74670 78.13480 80.01640 81.55030 80.95440 87.55700 87.57340 93.26730 93.67240 93.60920 87.28550 93.23550 93.05190 92.58390 87.21410 90.01760 88.74910 88.18540 91.17720 90.55370 86.02420 98.90170 102.15400 101.33100 101.57300 95.84820 97.46740 100.99500 100.61700 102.32400 110.98900 94.15660 99.61820 100.68000 106.42300 101.71500 106.36400 106.80700 103.36200 97.91890 81.61410 98.34470 97.98350 95.00700 95.89800 100.16100 99.58830 96.60770
94.32730 93.61650 90.45040 96.76340 105.09600 110.77400 109.10600 107.02900 103.57600 91.24410 83.68580 95.97810 95.26750 91.80090 111.46900 111.19900 107.69000 64.81970 89.64670 112.92200 101.04200 101.60300 96.76790 82.70820 78.52050 75.80960 79.26920 78.10950 83.45760 85.46470 87.41320 88.41930 87.65100 87.92860 87.02580 90.83560 94.31540 89.79030 91.38460 91.56260 96.23430 95.55650 93.36110 77.85400 66.37420 85.03640 95.07660 104.59800 107.17900 102.34600 101.37100 96.39690 103.55200 98.70420 106.42800 117.31800 103.71500 113.68800 95.76680 96.72350 102.70700 99.41780 98.50880 98.58630 91.33540 92.94630 90.56700 85.53220 92.12650 95.60770 97.87670
95.68710 91.08090 88.79080 84.56970 89.39140 90.50910 95.25930 95.85840 89.72890 91.62080 89.46820 86.86830 72.74000 84.49860 101.83900 105.51100 110.57200 103.73400 82.32760 88.55070 96.18270 96.72410 92.99300 91.82240 80.64970 76.49640 79.56030 81.64080 85.28750 89.07470 89.18630 87.46170 79.58750 82.99250 88.97810 86.12570 87.92590 88.77410 91.90020 97.70880 95.51620 94.52860 104.33700 84.63180 87.06840 93.08760 100.53300 105.63500 106.17800 101.23400 101.80200 99.78320 110.36500 112.21300 108.12600 103.30300 103.03200 98.27360 105.90700 104.61400 99.33440 92.18590 94.79400 91.47290 87.22320 87.84100 85.57150 93.57260 102.49800 96.61510 93.17700
102.96700 101.36400 96.30320 94.39740 94.17350 86.00690 87.59220 84.88350 82.08470 79.59780 85.00890 95.23490 90.59050 81.94380 90.32080 102.05600 99.08780 95.97340 104.51900 100.98400 99.31180 88.76830 86.73060 86.98810 86.51910 92.89640 82.89440 79.72600 82.66380 89.40130 87.13460 90.25710 83.01730 88.29950 89.10960 93.76250 95.33160 93.22860 88.57870 105.36200 93.07280 97.67250 97.18350 103.38700 101.27500 92.56760 79.79560 82.99870 83.29910 84.96510 101.42800 97.97880 93.85780 90.30490 90.16270 96.79010 97.67420 99.58860 99.39510 106.10300 104.76300 105.43500 104.25900 100.60400 96.67190 90.36680 91.61940 99.10260 97.48930 85.28960 82.94900
102.81500 109.70400 105.84400 99.63670 96.73720 97.48860 91.09130 89.12540 84.05290 89.74850 85.18240 87.33650 97.90310 93.91270 95.05370 94.23870 104.59400 97.82450 106.35700 106.68100 100.54200 93.03650 98.89780 86.76310 88.22150 89.99060 86.34860 84.32810 83.50600 83.45950 83.60050 80.00360 84.97850 96.47570 90.87480 85.46150 98.70720 101.64100 79.84350 91.39850 99.06130 101.91200 91.91460 87.41270 85.43990 83.54670 95.70310 82.25000 82.85420 106.68700 86.64830 104.31600 106.21500 106.67200 107.48700 104.51000 97.38350 97.01460 99.97330 95.89790 100.03200 101.46400 101.24200 101.56800 105.07700 81.51340 101.29500 81.57670 86.08240 89.13530 90.24290
99.33170 100.01500 108.82800 107.75700 106.87500 93.35540 76.95730 82.35970 85.91690 84.18510 79.97250 85.12130 95.52000 100.47400 98.02740 97.76220 99.43520 104.66500 100.79300 98.34980 116.40700 97.36440 97.06940 89.22560 85.74300 89.95810 100.99600 89.39520 90.15300 85.13310 86.72130 81.70450 87.30370 97.05660 94.58380 87.49880 100.57000 94.02450 98.46990 85.64450 87.71760 91.32100 86.93630 100.33800 98.85830 104.63300 99.90690 103.70600 105.80300 105.21800 105.21500 106.16300 102.78300 98.84080 103.51300 102.59100 107.03300 103.67700 98.77170 94.26260 99.34170 104.84100 99.95950 94.38320 101.12300 84.70650 85.45640 85.88360 89.34260 83.67810 86.67110
107.48600 101.70600 111.81400 112.20200 111.26900 117.00500 101.52400 85.10210 83.38670 99.20560 85.47550 90.91910 91.30630 97.12520 101.62300 101.46000 96.65720 88.78830 95.20090 106.23800 101.11000 102.14500 98.60290 90.99040 88.60780 81.95670 90.30850 85.71630 84.30450 86.20460 77.93210 83.19060 89.07530 91.06170 93.62960 80.44870 92.07890 99.30890 104.06500 114.74300 97.04980 87.75280 102.06200 93.89660 101.50300 99.23180 89.37210 71.66940 83.30500 85.44160 89.57670 93.02050 74.58730 97.51470 103.80600 106.44700 103.05400 99.30270 96.98930 98.71630 101.05600 95.35410 85.74600 91.46870 97.27640 94.97920 97.06670 96.64470 95.61400 92.87690 93.73700
96.88140 103.08300 109.77400 109.39000 121.59300 123.66200 130.36400 107.93100 106.03600 109.86900 111.77600 101.48200 99.60040 96.06500 104.10500 110.10400 108.07700 100.07300 97.13210 103.27600 92.85640 101.55100 109.70000 101.98400 88.20970 75.38000 96.43550 91.16360 85.99480 88.03460 85.24270 79.46260 89.15960 92.60370 95.00990 94.04300 96.73560 109.73400 119.86000 118.88300 112.69800 94.41970 102.72500 98.91910 89.69240 89.89920 72.29140 73.27950 90.86090 84.84440 -9999 -9999 75.60280 92.54990 96.05300 104.14900 103.44100 97.64950 80.08090 84.19860 85.38270 90.27080 95.80990 97.92650 102.65700 103.74200 104.93800 107.75000 101.48900 104.01300 108.03800
114.23900 108.47100 111.50900 119.75200 115.40700 120.91700 132.01401 116.16000 116.74700 130.40500 125.30300 115.93700 110.36700 108.60400 109.27100 111.78700 105.59300 100.58200 93.94930 100.02300 86.54740 96.66190 93.11520 101.68300 98.83340 94.72410 99.92470 91.08390 73.16700 90.30460 93.37880 81.88080 87.98470 94.90710 98.48250 103.87200 112.00900 111.05300 106.00900 -9999 -9999 -9999 -9999 95.77410 -9999 80.58410 102.04000 101.08400 99.11580 85.22300 -9999 -9999 91.91050 98.33110 98.57360 91.69750 73.57450 75.58840 81.94470 86.71340 87.60360 90.65760 93.38330 96.06320 94.97810 116.41200 112.47500 108.86400 99.10870 94.01430 91.14330
