data/hydroclimate-scenarios/BCSD_hadcm_A1B/monthly_summaries/soilm2_monthly_day1_may.2070-2099.asc
ncols	311
nrows	91
xllcenter	102.75
yllcenter	31.75
cellsize	0.5
NODATA_value	-9999
[rows 31 to 61 of 91, columns 0 to 69 of 311]
-9999 -9999 -9999 -9999 -9999 -9999 -9999 -9999 -9999 -9999 -9999 116.29000 125.98800 130.03700 132.20799 125.09100 114.84000 121.36800 123.15600 119.38400 120.66300 125.34900 127.04300 128.45900 128.72099 131.62300 130.20500 128.45399 131.39200 132.15601 131.04201 134.23300 135.34700 137.81500 135.54700 137.28999 137.85300 132.10800 127.66800 126.72700 126.01600 122.53400 138.24500 138.71001 136.75400 136.88000 137.40500 138.97200 133.33000 140.35500 138.92900 138.54500 136.83701 138.24001 136.74500 145.21201 143.60500 140.17000 140.60300 136.61400 137.39600 134.45500 134.62199 139.56900 137.51700 138.56100 130.98700 132.48399 131.40300 127.71200
-9999 -9999 -9999 -9999 -9999 -9999 -9999 -9999 -9999 -9999 -9999 119.63300 119.07500 127.68600 120.99400 119.49700 119.69400 123.56400 118.74800 121.13000 123.86700 127.78000 131.48900 132.11600 136.27100 137.15700 135.96100 134.39301 135.25000 136.24800 132.24400 134.81100 136.02100 137.18500 132.38499 140.27299 138.76100 133.31000 135.64200 133.15199 131.64101 131.09300 131.81200 130.60899 130.28999 129.39400 128.28200 126.45200 124.57900 127.66700 127.80000 131.66499 131.31400 136.64200 139.08000 141.11200 140.72099 139.48500 142.54401 130.91901 132.42700 131.59500 136.44400 141.13800 142.77800 137.77600 135.57500 131.85600 130.94200 130.07300
-9999 -9999 -9999 -9999 -9999 -9999 -9999 -9999 -9999 -9999 -9999 124.23100 122.88600 121.98200 121.17500 120.52600 120.62800 127.88200 129.76401 131.76900 131.90700 133.06400 138.87199 137.75700 135.13901 126.47900 121.94900 124.31900 126.25500 143.70200 147.29500 136.17000 132.88200 134.27100 142.98000 149.01601 150.13300 142.53999 141.31900 133.56100 132.83400 133.05499 131.65900 132.80499 131.38800 130.36700 129.40100 129.85400 128.37900 132.22000 132.81900 136.18600 136.59900 141.80901 136.58099 140.41000 139.25800 137.78101 138.51900 134.29201 133.49899 138.50600 140.64799 135.56000 139.17000 135.51401 138.09700 137.79300 136.02800 133.98801
-9999 -9999 -9999 -9999 -9999 -9999 -9999 -9999 -9999 -9999 -9999 -9999 124.88000 125.22100 127.03400 126.66900 127.59200 134.54300 137.14101 140.63800 141.82500 131.90500 124.41000 126.88900 120.87800 113.79600 114.79900 115.58900 120.22100 126.12200 140.94000 145.74200 147.42799 147.38000 147.59399 147.74100 144.24500 141.96001 143.48000 136.15100 135.64900 135.60600 135.34801 136.50301 135.32100 134.55701 136.32401 133.87900 132.86501 137.27100 141.55299 135.69600 134.28700 139.37500 141.22501 143.29700 143.28400 143.98399 144.00301 144.62199 146.98199 145.14999 144.34200 140.05000 140.88200 142.04601 142.52600 134.05701 133.48000 132.09300
-9999 -9999 -9999 -9999 -9999 -9999 -9999 -9999 -9999 -9999 -9999 -9999 131.11301 130.01500 132.61400 132.51700 136.52800 144.09399 144.53900 138.09100 139.25000 130.10500 125.89100 122.28900 118.33000 120.61600 125.21900 118.46700 122.21100 121.15300 124.46600 140.62601 147.39799 147.62199 147.98300 143.56400 141.21899 143.23700 143.31599 129.85001 139.39999 128.66901 130.49200 138.72600 139.21001 140.34801 141.81700 137.16200 136.52901 133.52800 133.60600 138.32300 137.42799 147.53200 149.84399 151.01900 152.98801 149.40100 140.90700 145.16800 146.30000 127.08100 125.78000 134.07100 139.07001 146.03900 143.26601 140.14400 138.41499 140.21300
-9999 -9999 -9999 -9999 -9999 -9999 -9999 -9999 -9999 -9999 -9999 -9999 134.99200 139.83400 147.72900 144.31100 144.79601 140.27299 133.27901 134.11200 134.66299 130.06599 128.63600 122.61800 123.22600 119.50300 122.66400 123.56400 124.03800 124.42000 125.62100 147.28101 138.31500 138.61900 142.72301 143.38699 141.65300 142.19400 143.76300 139.94501 133.66701 129.24699 133.43700 136.60600 139.88499 129.04300 136.86000 132.77299 131.26700 136.79300 137.98399 137.63100 143.49800 138.90601 134.48300 132.99300 132.22701 141.20000 137.88699 139.61501 130.68600 128.04401 131.50900 138.29900 144.05099 144.02901 142.99699 144.17300 138.25800 141.86900
-9999 -9999 -9999 139.72501 138.72501 139.58099 140.56799 137.99300 135.29201 -9999 136.99800 144.37601 146.34900 142.31200 143.20300 140.67999 137.79700 136.72900 132.50200 132.90199 135.62601 134.44200 132.16901 129.53900 124.16800 129.19200 131.63499 128.27800 125.44800 122.02700 131.64500 137.26900 136.18100 124.25500 132.10800 120.89200 133.47600 138.39301 141.77499 142.15700 140.96500 134.98199 138.49001 138.13400 133.65199 132.59900 133.73399 128.40800 136.50700 137.20300 126.77200 121.95000 123.95900 128.02901 130.42799 128.20599 126.23100 137.08900 124.69300 129.94501 143.28600 134.39301 130.67700 137.66701 141.88600 142.43100 140.27800 137.87801 137.07500 140.35600
-9999 -9999 -9999 146.00400 147.18900 146.31799 142.93600 143.78900 144.07001 149.67999 150.03500 148.93401 139.44099 134.43201 129.86800 138.25200 126.66100 135.67599 135.55901 138.17700 140.10699 133.54900 140.35100 138.56400 127.48200 128.03400 127.22200 130.43900 132.08200 123.80300 112.84300 124.90200 131.02600 126.13500 125.80600 125.55400 134.64301 131.36000 138.80299 128.75500 133.51900 143.68800 144.69299 134.00999 128.66100 126.26800 132.04401 143.45700 127.30500 121.95300 122.80100 136.44099 135.10100 132.72600 140.28200 133.40500 137.58701 141.51900 135.38600 129.04800 134.67500 137.88200 136.21800 130.16100 136.51601 147.27600 144.93300 147.59000 145.27400 140.13699
-9999 -9999 -9999 148.22301 149.38000 146.63901 149.73100 151.50200 152.03101 151.34300 149.98000 148.57300 137.72099 132.19299 122.54200 134.26700 128.03101 127.45300 135.67700 139.09599 138.14200 129.80600 116.89100 121.17600 123.20200 127.21000 132.28900 131.19701 126.60000 124.44200 123.86800 129.36200 125.72800 125.57300 123.50700 129.42000 135.48801 139.47501 137.30400 132.21899 134.91901 139.83501 145.88600 140.68700 145.75000 143.02299 141.37000 124.85300 125.71100 136.54700 134.18201 144.83200 141.96700 142.03500 143.86900 140.66299 141.83299 145.00500 141.92999 138.86099 135.61900 134.19901 148.30901 141.51401 143.93800 144.65900 147.42000 144.64900 125.19900 131.19299
-9999 -9999 -9999 150.92900 147.26300 151.44200 154.05200 152.96400 151.74001 150.99200 151.52699 145.68700 136.87601 129.53400 131.78500 127.95400 126.53400 138.98000 140.28300 135.55600 127.47300 119.21400 124.61300 133.35400 128.85500 125.17000 131.40100 134.98100 135.36400 126.61000 123.01800 121.38100 122.33900 128.30701 131.66600 127.27200 130.59700 131.38400 135.26801 141.42500 141.73599 133.99800 129.55400 131.70599 147.97701 142.64101 138.89900 143.62100 141.38901 146.72800 140.17799 142.99899 140.01401 128.50999 140.47400 131.95500 130.64000 127.60600 129.49800 124.95100 119.02200 133.87100 139.42599 146.35300 139.74899 134.03000 141.76801 142.48700 133.53300 132.02299
-9999 -9999 -9999 144.14400 141.44099 149.43500 150.34700 150.65300 150.60899 150.25301 150.16200 147.83900 131.69501 129.58099 137.92999 140.70300 133.60300 131.34300 135.36000 130.34100 126.40600 134.64999 139.70700 125.08000 120.89300 123.68200 130.30200 130.48199 127.61100 129.04700 125.68500 124.81500 125.65900 129.45200 135.47200 137.10400 138.52699 136.75700 139.62300 145.11200 146.43401 145.77901 147.02299 144.59599 147.40401 147.17101 148.22200 147.80901 138.03500 147.55000 142.31900 142.39700 131.89400 128.71899 138.90700 128.62399 133.83200 129.35600 134.05400 137.81000 138.64301 141.86501 148.45900 138.61800 134.71300 137.29201 143.63901 132.83400 136.49300 145.09200
-9999 -9999 -9999 -9999 148.41000 149.89200 149.19600 148.98199 148.81900 149.98399 148.44299 147.31000 137.52100 129.77000 -9999 -9999 -9999 -9999 -9999 130.50600 139.21800 136.79500 137.09200 130.68401 128.70399 125.70800 120.69000 124.28400 127.25000 124.68800 125.40900 122.42600 125.52000 126.46100 129.08200 129.20399 131.63100 128.32700 138.00400 140.13100 141.26300 144.99800 147.57001 149.00700 149.35201 151.33900 151.39200 145.29401 147.22800 147.51700 146.16200 146.61700 148.61099 144.56599 142.75999 142.18300 140.95100 138.75301 126.62400 134.50600 140.50999 141.45799 140.94099 150.28900 151.60699 142.73900 149.59599 158.41400 171.22501 -9999
-9999 -9999 143.04500 147.08000 147.77200 145.32500 147.08299 148.44400 147.81700 148.33200 146.28700 147.37399 142.62900 -9999 -9999 -9999 -9999 -9999 138.95200 138.45599 137.47400 128.00101 126.14000 130.43201 131.59801 129.89700 122.96200 119.05700 120.29100 120.33600 113.03300 116.57800 121.43600 124.69100 126.53400 125.94700 129.13600 129.35899 130.36501 132.28700 138.60899 139.46600 142.95100 147.28200 146.96600 148.20000 151.37300 149.31700 145.44400 145.75301 146.45300 149.72000 148.86800 152.10899 143.02800 149.06200 146.91701 133.11700 131.19099 144.36400 143.94501 144.00101 149.53700 152.04700 155.89799 156.31599 160.20300 -9999 -9999 -9999
-9999 -9999 145.44000 146.05701 142.84399 143.01801 143.31500 147.59500 147.00000 145.94501 148.92300 149.66901 142.18700 -9999 -9999 -9999 -9999 137.11000 141.45900 134.69501 125.81400 119.09600 119.20400 126.27700 120.52200 112.30200 110.38100 109.48600 112.57700 113.46500 113.27700 116.72900 117.59300 119.93500 125.02200 126.14700 126.86900 120.39300 128.46100 135.64999 135.37801 138.38901 141.64799 142.03200 132.67300 126.72800 129.60300 130.43401 128.21400 135.68100 138.69200 144.17300 146.91600 149.86600 152.84399 139.49800 143.66100 145.16901 148.55600 152.26801 152.35600 147.24800 152.60500 156.18700 154.39799 -9999 -9999 -9999 -9999 -9999
-9999 -9999 145.92101 147.42000 145.29800 144.47000 144.25700 144.99800 145.39799 147.94299 149.52699 147.30701 123.14100 -9999 -9999 -9999 -9999 137.31400 139.56599 128.93900 118.45700 114.03900 113.84300 110.42700 110.77200 108.77700 109.10000 109.04600 109.22700 108.76900 111.15200 111.94100 115.92100 120.36800 121.45400 127.05500 129.29800 129.95500 132.77800 127.36700 131.91499 133.28300 133.26500 138.71201 134.78200 129.79401 128.36800 123.51500 117.50100 118.28500 121.49400 124.02700 134.13100 133.79900 142.86700 134.46001 138.20900 149.28300 153.50800 153.52100 151.74001 148.70500 152.34801 138.17900 138.49699 153.35800 159.55000 159.57500 161.68500 -9999
-9999 -9999 -9999 147.11301 145.21600 146.21201 141.23000 138.63600 143.02600 146.31400 133.07500 126.98000 -9999 -9999 -9999 -9999 140.93800 139.94400 131.25101 122.02800 116.46100 106.26700 107.15400 104.97400 106.05700 107.86800 109.71700 107.37100 110.91800 116.98800 115.05500 114.89800 114.50800 111.20300 109.02000 110.04200 114.61600 118.80500 123.77200 123.63200 127.74800 128.07100 136.24699 134.57201 133.43800 138.24800 133.95500 132.29800 128.75999 119.84900 134.73500 143.76300 141.24400 145.18700 148.07001 147.75301 152.27299 150.18201 155.22400 154.80600 156.07800 155.96201 158.72501 141.45700 123.72300 151.04100 165.03700 163.22099 160.84100 158.80200
-9999 -9999 -9999 -9999 146.27901 148.29100 139.85100 141.35500 146.88400 138.46700 116.76600 -9999 -9999 -9999 -9999 147.32001 141.34900 128.46201 138.23700 109.74200 101.82200 96.90090 98.42230 100.40900 104.12600 99.96860 97.74310 100.46600 102.25500 105.93800 107.38200 103.42800 102.05600 103.49600 109.72000 119.37300 122.97700 121.82600 121.28200 119.35800 122.19300 124.79500 125.49400 126.57400 126.17100 136.68900 142.41200 137.00000 134.48300 129.45200 129.88200 139.76601 143.98500 141.40199 145.50200 143.04401 140.73199 151.49300 156.30000 153.25800 156.14500 149.91000 147.36800 140.50500 137.06500 158.39799 156.21700 153.39400 156.35201 158.84599
-9999 -9999 -9999 -9999 -9999 -9999 139.41000 143.56300 114.29300 115.70100 113.92200 -9999 -9999 -9999 -9999 -9999 124.41500 115.11600 110.97900 101.19300 98.36440 86.09260 93.06940 98.57030 94.74480 91.81570 96.92950 139.82500 140.40199 134.87399 104.27900 100.67400 101.76100 104.90600 107.07100 104.09200 117.21400 123.30800 117.79900 119.33300 120.38700 126.73900 129.00301 124.52200 134.38300 130.91000 130.67799 135.92900 138.74600 135.93700 144.89999 143.07001 134.88300 140.02499 137.06200 137.75000 139.39900 142.23300 144.16800 131.16800 131.99400 137.52200 143.04601 138.62500 134.55099 142.07500 153.34801 149.70799 150.98599 149.92999
-9999 -9999 -9999 -9999 -9999 -9999 -9999 -9999 -9999 -9999 -9999 -9999 -9999 -9999 -9999 -9999 -9999 -9999 -9999 97.76590 95.82210 85.52930 89.74550 90.01140 93.69940 94.12530 117.57400 116.42700 116.34900 97.14680 103.50600 101.61800 109.33300 110.60100 106.70800 107.96900 114.45000 119.78500 119.26900 122.78500 124.03200 124.93400 124.33800 123.63900 125.47100 121.80800 119.39000 131.42300 135.35300 146.20599 151.44200 140.33600 140.70900 140.96201 135.03799 133.53700 115.42600 122.45700 119.44100 123.22300 142.32899 151.53400 132.17700 132.35001 128.66000 141.43201 144.75000 142.92799 146.11301 157.09100
-9999 -9999 -9999 -9999 -9999 -9999 -9999 -9999 -9999 -9999 -9999 -9999 -9999 -9999 -9999 -9999 -9999 -9999 101.36500 98.30060 92.14320 86.35570 87.71630 87.84560 87.60850 88.85470 116.04600 115.80400 89.72400 92.59230 96.24010 99.23440 100.58200 102.87300 108.20200 126.47800 115.57600 116.64800 119.14200 119.69900 121.13900 120.94200 121.79500 123.63700 123.55100 129.82300 116.64700 503.15399 640.24597 680.51801 691.14697 140.48599 143.06000 145.77100 144.25500 136.02901 115.98200 121.26700 137.95100 125.07100 142.58900 147.47301 132.03300 133.24100 152.61301 140.04601 128.95599 141.70100 145.47400 149.26700
-9999 -9999 -9999 -9999 -9999 -9999 -9999 -9999 -9999 -9999 -9999 -9999 -9999 -9999 -9999 -9999 -9999 103.58300 103.43600 92.51940 90.14620 87.03840 85.00080 85.81480 85.14110 89.72490 121.66200 112.70200 115.56400 118.62500 120.79000 121.10100 104.73400 119.65900 126.65300 127.93200 129.52400 118.79400 115.88600 117.99300 118.41700 126.34400 119.05200 126.50600 113.56600 113.50000 128.39200 648.15900 648.53101 670.17297 677.13800 150.52100 148.97200 149.53300 144.94200 147.23100 115.64300 117.82700 120.02000 118.85600 126.50900 140.16200 136.50101 141.81100 122.02600 123.96800 129.27299 122.38900 145.65601 151.92700
-9999 -9999 -9999 -9999 -9999 -9999 -9999 -9999 -9999 -9999 -9999 -9999 -9999 -9999 -9999 -9999 -9999 100.50500 95.31420 95.26360 92.64420 114.95700 112.25200 77.86040 79.63990 83.96760 83.15020 83.12200 81.72220 114.07700 121.82100 123.85800 123.34400 123.17200 126.22000 128.88499 131.34200 109.80500 114.77500 115.48100 111.64300 107.97300 122.66900 106.55600 126.09100 126.83100 122.77700 501.37701 509.20200 653.07300 682.29700 149.99699 149.95000 146.29800 140.35899 148.77901 129.71100 122.08600 117.46000 122.37200 119.33800 123.43800 123.78300 123.25800 127.29800 127.88200 127.43200 139.04201 149.67500 163.06400
-9999 -9999 -9999 -9999 -9999 -9999 -9999 -9999 -9999 -9999 -9999 -9999 -9999 -9999 -9999 -9999 108.68900 103.80500 97.27740 94.19910 113.22800 78.66860 79.22330 77.32490 75.80060 77.83070 79.31390 83.26380 80.96930 81.32250 82.58130 81.95310 112.16100 120.30900 122.11200 126.47300 122.36600 125.63400 110.76700 107.40000 99.08130 101.52100 122.88400 120.33200 100.31400 120.09300 118.61000 509.72601 504.00500 645.25500 679.73798 146.20300 148.52400 145.66701 139.91200 147.50800 146.87199 130.21201 133.35600 122.54100 119.72900 125.65900 133.20000 148.30200 150.98900 156.17500 150.09000 148.73199 144.58501 157.01500
-9999 -9999 -9999 -9999 -9999 -9999 -9999 -9999 -9999 -9999 -9999 -9999 -9999 97.69290 99.01600 96.76990 96.70030 100.62500 117.17400 110.44700 77.54520 78.65020 76.68910 76.29190 76.67910 75.63360 75.38590 369.70001 369.45700 370.06699 555.77600 561.81097 374.52802 371.47000 564.95697 577.17102 589.03998 584.10699 454.80899 452.63501 448.16400 595.93903 589.35199 426.12299 604.83502 612.16400 620.87701 631.45502 640.63202 658.85199 672.78699 687.14398 695.59302 697.95697 700.91199 689.45203 691.06500 671.93799 631.11102 641.54797 671.64899 733.06799 763.93103 775.02301 757.96503 760.84900 757.31097 145.83900 145.78700 154.83501
-9999 -9999 -9999 -9999 -9999 -9999 -9999 -9999 -9999 -9999 -9999 -9999 89.98260 92.57850 119.08200 117.31000 115.76000 83.13800 80.25920 74.39920 75.53940 75.75980 74.58030 77.02990 74.37690 72.58280 72.25820 365.07599 545.45203 550.43298 542.78699 547.84698 555.02600 542.49597 563.16101 572.15601 401.26801 414.58499 445.70099 438.91599 433.38599 424.00101 590.55402 595.79901 607.48602 619.28802 633.60602 630.72400 641.83301 659.49902 669.04797 577.46698 680.34302 578.77600 666.73199 673.50500 681.49701 673.77502 665.65302 716.06201 725.60699 736.29401 751.94000 762.04102 768.17200 787.35400 788.96301 144.12100 147.89101 147.75200
-9999 -9999 -9999 -9999 -9999 -9999 -9999 -9999 -9999 -9999 -9999 121.40000 91.34710 116.95900 83.08480 78.69710 77.31820 77.47210 77.02600 74.36380 74.91660 71.93720 71.74540 71.94280 72.24150 71.60680 110.56200 536.68201 543.48999 549.55603 543.53497 364.01901 367.41101 372.12399 369.31900 571.63702 414.94101 427.80399 433.99301 424.80301 415.45401 588.01501 583.56201 593.68298 603.79602 609.06500 619.12598 632.92401 648.03998 645.74799 662.03497 592.66302 587.15503 660.79401 609.59998 599.18103 665.74902 620.76599 633.87299 682.40002 714.57397 709.39697 723.60699 731.93103 759.71698 772.68402 761.96399 146.86700 143.35201 137.79800
-9999 -9999 -9999 -9999 -9999 -9999 -9999 -9999 -9999 -9999 87.98770 88.10420 81.01620 81.44980 77.48960 74.38540 72.87450 72.48650 73.20070 72.38410 71.33900 70.40080 70.38790 71.00220 70.99990 71.22740 71.28650 544.85602 540.90503 353.99600 355.00601 364.97299 367.66000 560.69397 562.73102 566.69702 419.23901 425.52899 439.59299 417.99799 582.76202 576.26898 574.47101 586.29602 591.55902 603.51001 609.13599 626.54797 640.75000 653.27802 652.86700 596.57898 654.71802 594.12500 590.35797 581.99402 664.95300 688.89099 677.47900 696.65997 699.78699 706.07800 728.19800 729.34698 742.98199 750.20898 806.29700 143.83900 139.47000 133.63699
-9999 -9999 -9999 -9999 -9999 -9999 -9999 -9999 -9999 150.64000 149.99200 148.03400 149.00301 149.60400 147.35500 144.25200 143.66100 142.78101 141.75301 141.65401 141.78600 142.12100 142.51100 142.10300 141.74100 141.77200 142.56500 143.73700 143.20000 143.41701 144.02100 357.03000 371.39499 381.84201 576.34003 579.85199 444.06500 436.05499 421.56500 574.48401 568.46399 562.78101 573.55200 732.77301 586.71698 749.06799 606.94397 627.05902 653.94702 658.35797 665.72498 655.15997 594.49597 676.25897 644.07898 661.02600 673.83398 679.24298 677.93500 699.96698 697.14398 719.95099 713.99402 729.74701 715.43298 723.87701 739.29901 281.47400 255.72000 260.12201
-9999 -9999 -9999 -9999 -9999 -9999 -9999 -9999 -9999 -9999 145.61800 142.22900 142.33299 142.92300 141.09500 140.84100 141.20000 140.98900 140.99699 141.45500 141.71001 141.14799 141.50400 -9999 -9999 -9999 -9999 -9999 -9999 148.40500 150.10899 366.65302 371.26700 380.77802 388.31601 578.07703 589.19202 413.32700 405.56299 563.15100 563.20599 566.43903 572.72900 739.74298 730.62500 739.43597 747.39502 614.67700 646.72101 653.10400 648.46100 543.36102 579.58801 623.32001 690.64600 653.82098 662.43103 670.97302 669.44202 677.87500 703.29498 694.00201 649.49701 722.53601 741.66400 735.34100 725.17200 269.29099 274.45300 289.37500
-9999 -9999 -9999 -9999 -9999 -9999 -9999 -9999 -9999 -9999 -9999 -9999 140.53500 140.97800 140.85300 139.22301 139.35300 139.07899 139.15401 -9999 -9999 -9999 -9999 -9999 -9999 -9999 -9999 -9999 -9999 -9999 -9999 -9999 -9999 377.91400 554.82202 566.53802 582.42200 566.17401 391.31299 385.57199 564.14099 566.93903 574.04700 585.74799 593.84601 738.15698 755.83899 609.86102 630.72699 641.44897 649.32001 659.26001 663.82800 656.35303 669.30701 647.49500 653.91699 632.00299 492.15399 660.44800 691.16803 683.96698 697.35303 718.38098 724.08698 714.86798 664.82001 245.47200 261.80099 278.01501
-9999 -9999 -9999 -9999 -9999 -9999 -9999 -9999 -9999 -9999 -9999 -9999 -9999 -9999 -9999 -9999 -9999 -9999 -9999 -9999 -9999 -9999 -9999 -9999 -9999 -9999 -9999 -9999 -9999 -9999 -9999 -9999 -9999 -9999 568.59100 567.78601 561.80103 563.28998 377.56299 558.10498 556.26801 568.32501 722.03101 586.08002 747.77002 744.31000 633.88599 596.98199 624.02197 633.58301 640.36102 652.74902 668.89203 657.90503 664.64001 649.23700 629.53802 653.35699 644.41400 668.91199 687.23798 701.60999 700.20001 720.96600 709.19000 689.74298 699.49298 258.01401 276.66000 295.23199
