data/hydroclimate-scenarios/BCSD_hadcm_A1B/monthly_summaries/soilm2_monthly_day1_dec.2070-2099.asc
ncols	311
nrows	91
xllcenter	102.75
yllcenter	31.75
cellsize	0.5
NODATA_value	-9999
[rows 31 to 61 of 91, columns 0 to 69 of 311]
-9999 -9999 -9999 -9999 -9999 -9999 -9999 -9999 -9999 -9999 -9999 94.37530 105.89300 107.52800 113.24000 113.93000 103.30300 104.64900 110.46200 110.08000 114.54900 121.69200 122.48700 120.16800 118.93100 114.46400 116.21400 115.30100 114.11200 114.23700 111.26000 108.90500 109.44000 108.45500 110.53400 108.36900 108.57100 112.65600 112.83100 110.61800 110.99500 110.50700 131.24100 132.74899 131.90900 131.09000 131.31300 122.21700 112.93500 110.20900 115.37700 115.71900 112.61400 109.61100 109.92700 127.86900 128.79300 126.79400 128.04500 124.48300 122.90400 126.68500 125.67800 122.65900 122.51300 127.79300 123.94500 128.69299 128.51601 130.05200
-9999 -9999 -9999 -9999 -9999 -9999 -9999 -9999 -9999 -9999 -9999 99.04310 100.11300 112.00300 107.04000 110.40200 109.77500 111.63500 111.40300 114.87600 119.26100 121.26200 122.55500 124.49100 136.01401 135.58800 134.75999 133.85699 133.83200 115.29800 112.92000 109.65600 111.70400 112.08900 111.95300 110.09800 111.84000 112.50900 121.36600 122.51000 120.53300 119.24500 122.85300 122.26400 120.59900 120.99500 119.81100 118.92200 117.97200 117.08500 115.13500 114.96100 113.19400 127.90300 128.71201 129.13400 128.81500 127.61800 125.62600 113.48500 115.06500 114.70100 124.00200 126.60600 128.54401 125.16700 127.54400 131.10300 130.34700 130.25999
-9999 -9999 -9999 -9999 -9999 -9999 -9999 -9999 -9999 -9999 -9999 105.33700 105.71000 105.55300 104.40200 108.64400 108.67500 116.15600 117.94800 123.13800 123.88100 124.18000 136.88200 137.28400 135.92999 118.73900 115.93400 115.72400 111.14800 129.32100 130.53000 111.38100 112.08000 107.66100 119.29100 112.76500 129.94099 122.32000 129.53000 130.30099 121.86900 131.11900 124.52300 126.17900 127.55500 125.44200 124.39300 123.04600 121.09200 116.79300 115.01900 114.93300 113.06900 124.43100 111.04200 117.21700 116.96500 114.32100 116.78300 118.71600 117.58600 129.82700 128.88100 115.20100 130.84700 128.32100 128.84500 131.77299 130.92900 130.65601
-9999 -9999 -9999 -9999 -9999 -9999 -9999 -9999 -9999 -9999 -9999 -9999 108.54800 110.45200 110.42500 111.48300 113.42000 121.36900 123.10900 125.97300 137.92500 120.72300 118.24000 119.44700 114.97200 110.35100 110.13300 106.84600 104.85900 105.69800 129.80200 131.17999 131.32001 131.62199 130.73700 130.68300 131.48399 123.28000 129.61900 127.44000 128.37801 131.39301 132.12300 124.76200 125.88600 127.46000 125.70500 126.14600 123.79000 122.75300 118.94700 117.31600 116.49900 114.20700 110.31100 109.38200 109.32600 123.18800 128.87300 128.98000 128.51401 123.12600 123.70900 128.02000 128.02100 133.10001 131.81500 130.52100 130.06599 131.39500
-9999 -9999 -9999 -9999 -9999 -9999 -9999 -9999 -9999 -9999 -9999 -9999 109.55800 108.55300 114.10400 112.91500 116.80500 136.40900 137.08900 122.55300 124.20900 120.42100 115.98800 111.10700 107.69400 105.44700 102.75600 106.66500 103.38400 106.07300 108.29600 130.19701 131.73500 130.14301 132.33900 112.73400 108.77100 112.90200 115.17500 111.81100 131.13699 120.56100 120.84000 130.91000 127.54800 129.07001 129.70300 126.99500 120.49500 121.87600 117.61000 109.94600 105.92600 114.89400 113.50700 122.97500 129.88100 123.55100 106.14600 129.66701 127.60500 106.13800 105.28200 120.94800 130.57700 132.20700 132.73199 130.81100 131.66400 133.97501
-9999 -9999 -9999 -9999 -9999 -9999 -9999 -9999 -9999 -9999 -9999 -9999 108.52400 111.00000 135.17599 134.94200 136.39500 118.63200 118.75500 120.78600 121.88300 120.53900 117.01400 109.85400 109.78600 109.08100 109.99200 110.02600 111.33400 108.67100 107.09100 129.04800 111.92600 112.01400 110.59400 108.69700 110.64700 114.80400 114.52300 117.96100 122.11000 124.56400 125.88300 129.60201 133.08200 125.72900 131.26700 131.22701 129.85100 123.99800 118.85300 119.56300 112.34200 111.87800 111.31200 109.59800 106.84100 111.47600 112.77000 130.71800 111.37100 114.05000 114.12100 112.03300 128.64700 131.04401 132.82401 134.03900 135.45700 135.36600
-9999 -9999 -9999 100.79300 104.05000 98.82030 96.95490 99.16840 99.33260 -9999 106.48700 132.76801 133.31400 107.35500 110.64200 112.68000 115.57600 116.42500 116.59000 117.62800 121.82200 120.24700 115.38100 115.92600 112.16900 115.18400 115.14800 112.35900 109.87100 106.27500 108.70600 109.06100 103.04800 104.35600 104.88500 84.33010 105.43000 112.14200 118.58700 119.34500 122.52800 125.99600 129.60500 128.68700 128.52499 126.17400 131.88699 122.32500 126.34100 126.09600 118.30700 114.51400 114.09100 119.27500 117.12500 117.67700 117.88000 111.06900 111.65800 109.83600 130.61301 117.30400 115.16100 120.53600 116.76600 118.87100 121.09900 127.29900 132.76199 133.00101
-9999 -9999 -9999 102.59400 101.83500 103.41300 100.77500 104.75600 101.98300 127.08500 132.03500 130.08099 107.90800 101.68700 106.25800 107.21800 110.80800 113.01100 115.71800 114.56900 114.89900 115.29800 117.33500 119.05700 114.70300 114.58700 113.58900 111.26800 111.48500 108.15100 87.18800 106.30500 108.42400 104.11200 102.87800 103.78700 103.70500 112.29300 113.28700 117.76300 119.02100 122.51900 130.40500 128.54500 124.14900 125.59400 132.12700 127.95500 122.17600 117.40100 118.37700 126.30000 126.94200 125.56700 120.87200 119.66500 114.25100 112.95000 114.54000 111.14200 113.50700 118.59600 118.37200 118.60400 124.14600 120.99200 123.06900 130.43300 135.47701 132.87000
-9999 -9999 -9999 97.91270 102.91000 99.96520 130.24800 130.82300 130.47400 131.16100 132.03101 131.13100 102.72100 96.23910 93.82550 95.34900 110.59900 108.58400 108.65800 107.20900 109.75900 110.62400 91.83240 107.56400 109.82300 113.35200 115.41600 115.78600 109.86900 111.14800 115.70500 116.74200 110.12600 105.39800 105.46100 105.55900 107.59500 110.24600 109.43100 110.41300 113.83200 119.94000 129.74600 132.85100 132.08000 130.16701 131.79401 118.49600 118.47100 132.49300 132.70500 130.12700 129.24899 126.73500 123.62000 120.15100 115.92100 118.67600 119.05400 118.82500 115.09300 115.98800 123.90200 126.30300 128.97800 129.43600 130.32700 133.03999 124.47600 132.01100
-9999 -9999 -9999 105.82500 103.78900 107.95800 129.97301 132.10400 127.64300 125.90600 128.83800 100.43400 92.68760 97.38620 94.56610 98.07300 103.06300 117.45900 118.38900 108.77400 106.57800 102.06300 111.42700 121.52800 114.12900 112.89700 112.04700 109.24000 116.08600 116.85600 114.49700 108.42300 110.36000 113.13300 115.71500 113.41100 110.35000 110.09300 114.55300 115.96900 116.59800 120.25100 123.12000 127.76300 131.29700 134.98599 134.53600 130.38699 133.80299 132.56000 132.44501 132.28999 129.80400 121.04800 126.42300 118.03500 114.92300 114.95900 117.75200 115.19600 112.09600 122.30900 123.55500 129.76700 128.23399 126.00400 135.38300 138.15199 139.75700 139.59700
-9999 -9999 -9999 100.76300 103.41400 107.46100 129.99200 130.14301 128.92200 128.16000 129.00400 125.23600 93.92510 97.97370 110.87900 112.37200 106.62200 107.94800 108.18100 110.23100 109.45100 109.43200 124.45900 111.72700 108.69200 111.58200 113.73500 109.98600 111.25700 116.15900 113.77100 112.66800 113.65400 110.31600 110.99400 111.38800 112.99300 113.78100 115.76300 120.35900 124.96500 129.20500 130.99400 131.32300 133.74899 133.76700 133.97301 131.60300 125.00200 133.89400 130.34100 124.02700 119.00100 121.28900 121.77600 120.00700 117.87600 116.45000 121.04600 130.29800 129.13699 129.51801 133.67200 128.48500 124.90500 124.32400 132.36600 131.85899 140.59200 141.81400
-9999 -9999 -9999 -9999 129.12601 130.82700 131.05200 132.82700 129.67700 127.55900 130.85500 105.88900 100.66000 101.97300 -9999 -9999 -9999 -9999 -9999 117.06200 125.24900 121.49400 124.34000 118.92100 113.04700 110.27500 108.97900 110.66800 115.25800 111.92300 110.65500 108.57800 109.42300 107.05900 108.83100 103.89100 108.12700 107.74800 115.16000 116.69200 116.75900 124.75100 129.73000 132.89000 133.72900 134.05800 134.16100 133.85400 134.29700 133.26199 132.99100 133.44800 132.44200 133.07899 132.44501 132.63800 132.34900 131.74699 120.75700 124.57000 132.89301 134.71300 133.04201 137.87801 138.49001 134.37801 139.55499 140.70599 148.39700 -9999
-9999 -9999 114.43400 131.19600 131.80299 130.60100 130.86700 132.53200 130.00101 129.52600 131.29300 106.07700 104.28500 -9999 -9999 -9999 -9999 -9999 126.42100 121.38800 123.99800 113.40500 111.48100 115.89700 121.02200 120.79900 114.12000 112.73200 114.70200 113.51300 108.40500 107.55800 109.00100 111.39800 112.61600 109.72500 109.34200 107.60300 111.45800 111.03800 116.40800 124.29100 128.23000 128.59500 128.68800 130.79500 132.62601 132.45399 129.60300 130.64999 130.42000 132.17500 135.06900 136.34801 132.17400 129.74800 130.27299 124.55800 123.05900 126.77300 128.26700 128.74400 133.78300 136.82300 137.53700 137.48599 138.76100 -9999 -9999 -9999
-9999 -9999 134.51700 133.22900 130.71201 129.97099 130.15800 131.96800 129.14500 131.47701 114.63900 112.14700 103.59500 -9999 -9999 -9999 -9999 108.62600 115.77500 108.98200 108.73500 107.17400 110.16100 118.42200 115.98900 107.23800 106.32200 104.84100 110.36900 112.33700 108.00800 109.30400 108.94600 110.77700 112.74100 110.67600 109.41300 107.40800 113.12800 120.55800 124.92700 126.80000 128.46500 130.64799 123.25300 117.62800 120.35100 119.73400 121.61000 125.04300 130.49699 134.43401 135.98801 132.91901 132.83000 124.71400 127.07800 128.75900 133.31100 135.47099 135.57300 136.13400 137.83900 137.98100 135.63400 -9999 -9999 -9999 -9999 -9999
-9999 -9999 136.39000 135.79700 133.52100 132.65401 131.43201 129.77699 129.69299 131.12199 111.22500 103.87800 87.78870 -9999 -9999 -9999 -9999 112.60100 108.54900 108.64600 106.84400 109.73100 111.67600 108.86300 110.40900 108.41600 105.28200 107.20600 108.42800 107.53200 108.45900 106.08000 109.03600 110.67800 111.35300 114.96400 117.78900 120.08800 120.90600 117.54400 124.67300 123.20500 125.69300 133.31400 129.54900 121.27300 119.91800 115.79900 112.34100 112.61800 117.69000 118.91900 124.67800 121.26500 128.28400 125.12200 125.94800 131.06100 136.16000 137.77000 137.06700 135.44501 137.77699 124.37700 123.70000 137.41901 139.13400 139.62500 139.26500 -9999
-9999 -9999 -9999 136.57401 133.13000 132.80901 128.50101 125.76000 112.99700 112.97400 100.74000 88.40210 -9999 -9999 -9999 -9999 107.05900 107.86200 105.45800 102.54000 105.92800 103.58000 104.67300 104.62300 105.34200 104.83900 106.74200 106.18900 109.10100 112.51600 109.93900 111.08800 110.63100 108.28100 106.35900 106.21200 107.11500 111.30100 112.95600 114.07800 121.33400 122.42000 139.90300 136.42999 135.18800 137.09599 132.03700 129.17200 125.63900 118.11400 128.72099 135.67300 134.14000 136.31599 137.30499 136.66600 139.10100 134.68100 138.93600 139.78999 139.74100 139.13300 140.34399 131.49600 119.77100 134.16901 143.09000 142.14799 137.88699 139.96001
-9999 -9999 -9999 -9999 134.72900 132.03101 126.96700 114.02200 116.40400 99.57410 93.14220 -9999 -9999 -9999 -9999 111.59800 105.63600 101.28200 125.54300 99.52480 96.97790 97.56630 99.88450 102.78900 103.94100 101.51100 99.37540 102.94800 102.54800 104.47600 105.10700 103.58200 102.29500 103.28000 108.64900 113.96500 116.56100 116.93800 115.24400 112.58200 114.64300 119.92300 124.48300 124.62500 127.38900 138.44299 141.91800 138.06300 134.60201 127.87000 124.10600 132.02299 135.48700 136.18401 138.56900 134.49600 135.33900 137.60500 141.23801 138.97701 140.40401 133.12199 128.75000 125.65900 123.67500 139.70799 138.26401 136.70000 136.87100 138.67900
-9999 -9999 -9999 -9999 -9999 -9999 120.43800 132.52699 91.90890 102.77200 99.42930 -9999 -9999 -9999 -9999 -9999 98.19090 96.27500 94.80620 95.22510 94.87290 87.66320 94.29720 99.74280 97.77980 95.71870 101.10000 144.41299 144.50999 137.25000 102.95500 101.29600 102.39100 106.13900 106.83200 104.98500 114.59100 117.15700 112.89300 116.67400 117.22600 125.37700 127.07400 120.36800 136.10300 135.35699 134.79900 138.49500 138.32899 134.11200 141.12900 140.56300 132.80901 139.71001 136.38100 135.69701 134.80701 135.02400 135.72099 120.40200 118.33100 121.68300 126.77200 120.42100 118.34900 125.97900 137.14500 135.18300 133.02800 132.84599
-9999 -9999 -9999 -9999 -9999 -9999 -9999 -9999 -9999 -9999 -9999 -9999 -9999 -9999 -9999 -9999 -9999 -9999 -9999 92.10680 92.67830 84.42940 92.10580 93.94490 97.35870 97.90670 119.84700 117.41500 116.13300 93.91110 101.53700 101.23100 106.40300 109.92100 107.65400 108.51200 112.75400 118.82100 117.78300 121.97800 124.98300 128.06200 127.49300 126.44600 126.52000 124.18500 117.95900 135.23500 135.56200 142.06400 145.67599 140.33900 141.61800 142.04700 133.81900 130.96300 115.60000 118.77200 115.12800 115.56000 127.55400 134.16499 116.08500 115.23200 113.12500 127.88600 133.31599 131.11200 131.17000 138.36900
-9999 -9999 -9999 -9999 -9999 -9999 -9999 -9999 -9999 -9999 -9999 -9999 -9999 -9999 -9999 -9999 -9999 -9999 94.02040 91.89250 89.05970 88.56110 91.20400 91.55870 89.94350 88.45530 117.21300 117.29300 91.08880 93.38350 96.39620 99.92640 101.81800 104.00100 107.85600 129.92200 115.82500 116.28000 118.09400 121.69900 123.83700 125.13000 126.13800 127.04000 126.80900 134.38699 121.55500 486.86401 630.03400 667.60999 676.91400 141.01601 142.69200 145.98399 144.68500 138.52499 118.38500 116.91800 129.24200 119.46400 134.88100 139.11800 121.20500 120.13500 135.31200 127.84100 120.25100 132.04100 138.75301 134.80000
-9999 -9999 -9999 -9999 -9999 -9999 -9999 -9999 -9999 -9999 -9999 -9999 -9999 -9999 -9999 -9999 -9999 95.75000 95.62700 89.20410 90.22080 89.57500 86.83200 86.62380 83.95060 85.62490 121.52100 113.26800 117.97000 120.28400 122.36600 122.42200 104.65000 120.69100 127.27800 133.18900 133.25500 118.43100 117.30000 121.36100 121.41500 131.95900 124.34400 132.74899 118.68100 117.07300 133.83200 643.34998 634.20502 654.80402 660.75598 146.14900 142.53700 147.15500 145.59599 150.18100 117.53500 114.85500 115.26900 115.41900 124.01000 133.73599 123.77100 126.93000 112.63400 115.70600 120.38100 117.13700 139.64700 144.27600
-9999 -9999 -9999 -9999 -9999 -9999 -9999 -9999 -9999 -9999 -9999 -9999 -9999 -9999 -9999 -9999 -9999 96.81740 93.87870 94.83330 93.62790 118.51000 114.86700 78.35120 78.10850 83.44130 81.88340 81.81040 80.28500 115.04900 121.28400 121.29300 122.40900 120.26800 126.61500 131.64400 135.45000 108.79900 114.46300 117.24800 114.57200 112.47100 128.63499 109.00400 129.35699 131.17500 128.04601 491.06201 495.88400 638.68799 667.50500 143.40601 144.43900 144.79700 141.95300 153.04300 130.13200 121.79900 117.14600 122.20200 116.89200 115.98300 115.96000 114.30600 115.13500 117.29100 119.33600 127.98500 142.58701 154.83701
-9999 -9999 -9999 -9999 -9999 -9999 -9999 -9999 -9999 -9999 -9999 -9999 -9999 -9999 -9999 -9999 100.07400 98.98020 95.48690 93.44070 114.90000 80.11640 80.21260 78.10420 76.31260 79.33690 79.90550 80.50870 79.28270 79.89550 81.00100 78.45990 111.58600 118.10200 120.86900 125.89200 123.55100 127.00500 109.52500 108.43700 102.45000 107.94500 130.31000 124.97900 104.06500 125.87200 126.42900 505.83499 497.52200 632.54602 663.83600 142.37900 144.39600 144.21201 140.60699 152.30299 152.79201 133.64900 135.72099 120.47300 118.41100 121.46500 124.67900 136.52901 140.45100 143.64200 139.95100 141.33600 142.55000 152.15800
-9999 -9999 -9999 -9999 -9999 -9999 -9999 -9999 -9999 -9999 -9999 -9999 -9999 93.97900 93.21260 93.29550 92.90410 97.15160 118.30900 111.74500 78.08410 79.79740 77.89240 77.31310 77.44680 76.43310 75.96810 370.29901 369.90701 370.35901 555.54303 560.45697 370.08600 369.31699 561.50201 569.19598 583.78699 582.01099 453.35699 453.11600 449.73700 605.42200 597.03900 428.62701 608.87402 615.05603 628.40399 640.23102 652.63800 658.32202 665.48999 672.24200 669.26099 668.44202 680.14398 693.22998 692.26703 676.57098 624.46802 629.02301 654.56403 725.49799 744.11700 760.23700 741.41498 738.46399 727.73798 142.43700 142.29401 153.85100
-9999 -9999 -9999 -9999 -9999 -9999 -9999 -9999 -9999 -9999 -9999 -9999 88.80250 91.00180 118.99900 117.36400 116.89100 81.48410 79.06200 75.37360 75.62660 75.34220 74.39860 76.38060 74.57040 73.38230 73.18060 366.40399 546.42603 550.96600 543.12201 547.80298 553.77197 542.02600 561.49701 563.65302 392.67999 410.78000 445.54999 442.00101 436.19299 429.94101 598.01300 601.54602 608.17603 619.37097 633.45599 639.95099 656.42999 666.30298 667.69800 562.08301 672.12701 559.52301 655.81000 661.45001 687.85602 671.13800 660.92603 717.30902 720.66302 733.12201 743.67102 748.08301 750.42499 760.38599 762.34698 142.36301 146.60699 143.02299
-9999 -9999 -9999 -9999 -9999 -9999 -9999 -9999 -9999 -9999 -9999 119.08100 87.39250 114.99900 81.48260 78.20800 76.97060 76.05930 76.17470 74.03760 73.88430 72.85040 72.68160 73.08530 73.35370 72.55450 112.60800 537.38702 544.60498 550.07202 543.50897 364.38599 366.86700 370.53299 366.27399 564.88501 410.39700 427.04300 435.44199 430.41400 422.73599 596.49103 590.04999 595.98297 605.31403 612.23602 624.13300 634.55200 646.54199 660.15601 683.08600 600.43103 586.36499 677.71600 606.00598 584.23700 675.37299 611.59497 623.63599 686.51898 713.70099 700.84698 705.40997 709.97998 737.19000 745.16498 732.42603 148.63300 140.74899 129.50700
-9999 -9999 -9999 -9999 -9999 -9999 -9999 -9999 -9999 -9999 82.21640 82.87170 78.92190 78.28410 76.09260 74.10770 73.27470 73.13940 73.48070 72.01850 71.42080 71.04460 71.01150 71.85740 71.89660 72.00390 72.23670 545.34998 541.83197 354.63300 355.30399 365.11301 365.81900 556.37903 558.53101 561.43903 415.74200 425.38599 445.16000 424.92401 592.66302 582.56403 580.82703 591.45001 599.68903 614.51599 619.36102 634.46002 646.27002 667.59302 680.95099 614.37201 684.97699 605.85400 595.88501 579.73102 681.01801 700.79199 674.90002 682.64801 690.42499 696.58197 705.36499 713.92700 724.22803 730.74298 772.21600 148.05400 136.12300 122.12700
-9999 -9999 -9999 -9999 -9999 -9999 -9999 -9999 -9999 150.52299 149.32300 146.51199 147.01601 148.43201 147.05200 144.08400 143.70799 143.06500 142.17799 142.66200 142.69600 143.49500 144.02901 143.50900 143.03400 142.97600 144.06000 144.97400 144.38699 144.22301 144.53600 356.60599 369.44101 377.58099 569.99402 577.82501 443.70001 439.53000 427.80399 583.54999 576.13000 569.93903 576.95300 743.50598 595.08197 766.08698 619.90698 639.27197 664.17999 673.00098 690.95300 691.73297 613.90900 706.37500 660.30103 679.55798 673.48999 663.84399 662.88702 682.46802 688.75500 711.60797 702.19800 713.60901 697.15302 707.50403 732.54498 280.85300 245.55400 235.31900
-9999 -9999 -9999 -9999 -9999 -9999 -9999 -9999 -9999 -9999 146.21001 142.49899 142.52299 143.60300 142.00800 140.94701 141.18900 141.24600 141.20599 142.23100 142.51401 142.31400 142.76500 -9999 -9999 -9999 -9999 -9999 -9999 149.31400 150.91499 365.70200 368.32901 376.30099 382.41101 577.34802 593.12201 419.33401 412.45901 569.83899 571.77698 572.87701 585.28101 752.80499 745.31702 756.25201 765.52399 628.81799 662.92401 673.37000 674.29602 563.98901 599.41901 641.18298 713.79401 665.74200 657.21600 659.27399 656.94000 669.25897 692.71198 683.00800 618.17798 697.29700 720.31000 728.64899 713.25500 264.77899 251.54700 258.99799
-9999 -9999 -9999 -9999 -9999 -9999 -9999 -9999 -9999 -9999 -9999 -9999 141.21899 142.05600 141.94600 139.77800 139.91600 139.35600 139.41499 -9999 -9999 -9999 -9999 -9999 -9999 -9999 -9999 -9999 -9999 -9999 -9999 -9999 -9999 374.99600 552.21503 565.65601 583.28101 569.30902 393.97400 391.54001 572.96301 573.21997 582.88599 597.90503 606.54199 751.75598 768.53601 618.42999 641.23901 650.36700 663.63300 686.04797 691.41199 684.45599 682.41803 653.51202 658.57501 631.73602 481.12100 657.37903 687.79102 677.22400 695.93402 691.17401 709.48199 716.20502 659.62402 237.74001 245.33501 266.41699
-9999 -9999 -9999 -9999 -9999 -9999 -9999 -9999 -9999 -9999 -9999 -9999 -9999 -9999 -9999 -9999 -9999 -9999 -9999 -9999 -9999 -9999 -9999 -9999 -9999 -9999 -9999 -9999 -9999 -9999 -9999 -9999 -9999 -9999 563.25500 562.59802 561.49902 564.83698 378.71100 564.23602 564.42401 574.32501 730.31097 599.33600 762.38599 759.21698 644.42401 605.38501 629.85999 635.64001 647.09100 673.84399 683.25201 673.18402 669.95697 649.53802 630.73999 657.93298 635.86603 650.82703 670.04901 686.05103 674.37000 693.29102 703.76501 682.05701 695.52100 249.01801 259.05499 285.11401
