data/hydroclimate-scenarios/BCSD_hadcm_A1B/monthly_summaries/soilm1_monthly_day1_apr.2030-2059.asc
ncols	311
nrows	91
xllcenter	102.75
yllcenter	31.75
cellsize	0.5
NODATA_value	-9999
[rows 0 to 31 of 91, columns 71 to 141 of 311]
-9999 -9999 -9999 -9999 -9999 -9999 -9999 -9999 -9999 -9999 -9999 -9999 -9999 -9999 -9999 -9999 -9999 -9999 -9999 -9999 -9999 -9999 -9999 -9999 -9999 -9999 -9999 -9999 -9999 -9999 -9999 -9999 -9999 -9999 -9999 -9999 -9999 -9999 -9999 -9999 -9999 -9999 -9999 -9999 -9999 -9999 -9999 -9999 -9999 -9999 -9999 -9999 -9999 -9999 -9999 -9999 -9999 -9999 -9999 -9999 -9999 -9999 -9999 -9999 -9999 -9999 -9999 -9999 -9999 -9999 -9999
-9999 -9999 -9999 -9999 -9999 -9999 -9999 -9999 -9999 -9999 -9999 -9999 -9999 -9999 -9999 -9999 -9999 -9999 -9999 -9999 -9999 -9999 -9999 -9999 -9999 -9999 -9999 -9999 -9999 -9999 -9999 -9999 -9999 -9999 -9999 -9999 -9999 -9999 -9999 -9999 -9999 -9999 -9999 -9999 -9999 -9999 -9999 -9999 -9999 -9999 -9999 -9999 -9999 -9999 -9999 -9999 -9999 -9999 -9999 -9999 -9999 -9999 -9999 -9999 -9999 -9999 -9999 -9999 -9999 -9999 -9999
-9999 -9999 -9999 -9999 -9999 -9999 -9999 -9999 -9999 -9999 -9999 -9999 -9999 -9999 -9999 -9999 -9999 -9999 -9999 -9999 -9999 -9999 -9999 -9999 -9999 -9999 -9999 -9999 -9999 -9999 -9999 -9999 -9999 -9999 -9999 -9999 -9999 -9999 -9999 -9999 -9999 -9999 -9999 -9999 -9999 -9999 -9999 -9999 -9999 -9999 -9999 -9999 -9999 -9999 -9999 -9999 -9999 -9999 -9999 -9999 -9999 -9999 -9999 -9999 -9999 -9999 -9999 -9999 -9999 -9999 -9999
-9999 -9999 -9999 -9999 -9999 -9999 -9999 -9999 -9999 -9999 -9999 -9999 -9999 -9999 -9999 -9999 -9999 -9999 -9999 -9999 -9999 -9999 -9999 -9999 -9999 -9999 -9999 -9999 -9999 -9999 -9999 -9999 -9999 -9999 -9999 -9999 -9999 -9999 -9999 -9999 -9999 -9999 -9999 -9999 -9999 -9999 -9999 -9999 -9999 -9999 -9999 -9999 -9999 -9999 -9999 -9999 -9999 -9999 -9999 -9999 -9999 -9999 -9999 -9999 -9999 -9999 -9999 -9999 -9999 -9999 -9999
-9999 -9999 -9999 -9999 -9999 -9999 -9999 -9999 -9999 -9999 -9999 -9999 -9999 -9999 -9999 -9999 -9999 -9999 -9999 -9999 -9999 -9999 -9999 -9999 -9999 -9999 -9999 -9999 -9999 -9999 -9999 -9999 -9999 -9999 -9999 -9999 -9999 -9999 -9999 -9999 -9999 -9999 -9999 -9999 -9999 -9999 -9999 -9999 -9999 -9999 -9999 -9999 -9999 -9999 -9999 -9999 -9999 -9999 -9999 -9999 -9999 -9999 -9999 -9999 -9999 -9999 -9999 -9999 -9999 -9999 -9999
-9999 -9999 -9999 -9999 -9999 -9999 -9999 -9999 -9999 -9999 -9999 -9999 -9999 -9999 -9999 -9999 -9999 -9999 -9999 -9999 -9999 -9999 -9999 -9999 -9999 -9999 -9999 -9999 -9999 -9999 -9999 -9999 -9999 -9999 -9999 -9999 -9999 -9999 -9999 -9999 -9999 -9999 -9999 -9999 -9999 -9999 -9999 -9999 -9999 -9999 -9999 -9999 -9999 -9999 -9999 -9999 -9999 -9999 -9999 -9999 -9999 -9999 -9999 -9999 -9999 -9999 -9999 -9999 -9999 -9999 -9999
-9999 -9999 -9999 -9999 -9999 -9999 -9999 -9999 -9999 -9999 -9999 -9999 -9999 -9999 -9999 -9999 -9999 -9999 -9999 -9999 -9999 -9999 -9999 -9999 -9999 -9999 -9999 -9999 -9999 -9999 -9999 -9999 -9999 -9999 -9999 -9999 -9999 -9999 -9999 -9999 -9999 -9999 -9999 -9999 -9999 -9999 -9999 -9999 -9999 -9999 -9999 -9999 -9999 -9999 -9999 -9999 -9999 -9999 -9999 -9999 -9999 -9999 -9999 -9999 -9999 -9999 -9999 -9999 -9999 -9999 -9999
-9999 -9999 -9999 -9999 -9999 -9999 -9999 -9999 -9999 -9999 -9999 -9999 -9999 -9999 -9999 -9999 -9999 -9999 -9999 -9999 -9999 -9999 -9999 -9999 -9999 -9999 -9999 -9999 -9999 -9999 -9999 -9999 -9999 -9999 -9999 -9999 -9999 -9999 -9999 -9999 -9999 -9999 -9999 -9999 -9999 -9999 -9999 -9999 -9999 -9999 -9999 -9999 -9999 -9999 -9999 -9999 -9999 -9999 -9999 -9999 -9999 -9999 -9999 -9999 -9999 -9999 -9999 -9999 -9999 -9999 -9999
-9999 -9999 -9999 -9999 -9999 -9999 58.91490 -9999 -9999 -9999 -9999 -9999 -9999 -9999 -9999 -9999 -9999 -9999 -9999 -9999 -9999 -9999 -9999 -9999 -9999 -9999 -9999 -9999 -9999 -9999 -9999 -9999 -9999 -9999 -9999 -9999 -9999 -9999 -9999 -9999 -9999 -9999 -9999 -9999 -9999 -9999 -9999 -9999 -9999 -9999 -9999 -9999 -9999 -9999 -9999 -9999 -9999 -9999 -9999 -9999 -9999 -9999 -9999 -9999 -9999 -9999 -9999 -9999 -9999 -9999 -9999
-9999 -9999 57.78370 57.22370 58.09530 58.43360 58.84700 59.12700 59.70050 60.07770 60.24270 60.62610 60.55090 60.24520 60.05200 61.56680 60.21230 60.03620 60.92510 60.43400 59.77500 58.07220 -9999 -9999 -9999 -9999 -9999 -9999 -9999 -9999 -9999 -9999 -9999 -9999 -9999 -9999 -9999 -9999 -9999 -9999 -9999 -9999 -9999 -9999 -9999 -9999 -9999 -9999 -9999 -9999 -9999 -9999 -9999 -9999 -9999 -9999 -9999 -9999 -9999 -9999 -9999 -9999 -9999 -9999 -9999 -9999 -9999 -9999 -9999 -9999 -9999
-9999 -9999 -9999 -9999 61.66080 62.34730 63.06630 63.26600 62.84140 63.00110 63.12650 63.23730 63.74150 63.63300 63.75930 63.76490 63.22810 63.19020 63.24880 63.31870 62.92590 62.09650 -9999 -9999 -9999 -9999 -9999 -9999 -9999 -9999 -9999 -9999 -9999 -9999 -9999 -9999 -9999 -9999 -9999 -9999 -9999 -9999 -9999 -9999 -9999 -9999 -9999 -9999 -9999 -9999 -9999 -9999 -9999 -9999 -9999 -9999 -9999 -9999 -9999 -9999 -9999 -9999 -9999 -9999 -9999 -9999 -9999 -9999 -9999 -9999 -9999
60.52630 60.92420 61.67190 61.87780 62.48800 63.04160 63.21340 63.13800 62.89070 63.31640 63.07150 63.12090 63.50820 63.89490 63.94140 64.04990 63.79170 63.80390 63.96420 66.53720 67.76110 72.61180 66.70750 66.13350 65.49700 65.28820 64.65420 63.35370 -9999 -9999 -9999 -9999 -9999 -9999 -9999 -9999 -9999 -9999 -9999 -9999 -9999 -9999 -9999 -9999 -9999 -9999 -9999 -9999 -9999 -9999 -9999 -9999 -9999 -9999 -9999 -9999 -9999 -9999 -9999 -9999 -9999 -9999 -9999 -9999 -9999 -9999 -9999 -9999 -9999 -9999 -9999
61.01740 60.80240 61.35550 61.71550 61.94960 61.94920 62.16760 63.05130 62.50970 63.12330 63.48370 63.54500 63.27470 63.61900 63.69490 64.03780 64.18170 64.28070 74.00960 68.84990 65.95350 65.03480 64.99810 64.72870 65.10560 64.67180 64.08430 63.72730 63.53220 63.06980 62.89320 62.21460 62.05890 62.29880 62.38040 62.18390 61.75950 61.85690 61.91860 61.97220 62.86080 62.48310 61.92220 -9999 -9999 -9999 -9999 -9999 -9999 -9999 -9999 -9999 -9999 -9999 -9999 -9999 -9999 -9999 -9999 -9999 -9999 -9999 -9999 -9999 -9999 -9999 -9999 -9999 -9999 -9999 -9999
52.27190 53.16120 53.91980 54.70830 61.89680 64.05090 62.12690 61.69950 61.77660 55.69690 56.87950 62.39310 56.24270 62.89780 63.30770 63.55730 64.55100 64.37560 67.34520 68.34930 65.42220 64.04050 62.80690 57.21830 57.93660 63.55980 62.40500 62.17030 63.57650 64.22270 63.51050 63.46570 62.93670 62.49890 62.82690 62.66770 62.37530 61.75850 62.22380 62.34770 63.00410 63.19580 63.02860 72.23870 -9999 -9999 -9999 -9999 -9999 -9999 -9999 -9999 -9999 -9999 -9999 -9999 -9999 -9999 -9999 -9999 -9999 -9999 -9999 -9999 -9999 -9999 -9999 -9999 -9999 -9999 -9999
64.69850 61.32460 56.76740 62.44830 63.79100 64.84660 65.21410 65.06140 63.98020 64.03150 64.32090 64.45580 64.68840 64.88470 64.27910 64.73600 66.07750 66.22270 67.87910 72.47810 67.07640 67.11520 66.31210 65.83680 65.19810 65.07480 64.83600 64.00190 64.91520 64.61780 64.43910 64.31430 63.19020 63.31200 62.98530 63.04380 63.28590 63.40950 64.07590 64.08060 63.38490 63.19630 62.79020 63.19790 -9999 -9999 -9999 -9999 -9999 -9999 -9999 -9999 -9999 -9999 -9999 -9999 -9999 -9999 -9999 60.30950 60.20580 -9999 -9999 -9999 -9999 63.62450 64.58710 64.19020 61.51350 55.40450 56.50380
62.25890 62.81610 65.36070 61.98690 63.72000 64.00700 64.60770 63.71780 64.02160 64.39250 63.68950 63.77440 63.93220 64.09310 64.66850 64.59890 66.31390 66.77710 72.40870 67.42930 67.26690 66.68400 65.68600 65.37860 64.68170 64.06010 65.32590 65.08900 64.84470 64.49430 64.29550 64.00160 63.23480 63.56880 63.78510 63.00390 63.84000 63.60520 64.18770 65.38430 72.54320 73.44800 71.68460 64.30530 62.94440 62.97080 72.26160 62.93170 61.73390 60.96330 55.11350 56.76860 63.36750 63.53610 61.12560 53.89440 52.02730 52.23160 59.62540 60.04660 52.57740 -9999 -9999 -9999 -9999 -9999 67.24110 65.30510 62.81730 62.51690 62.05360
64.19460 54.18160 63.42650 64.20460 56.48830 61.97980 63.05740 64.43460 62.98420 63.06020 62.73540 63.20980 62.92450 63.52660 63.88590 64.67480 65.30530 64.96730 66.08560 66.11850 65.73800 65.24300 65.77560 65.38630 64.90540 64.96390 63.83210 63.92450 63.52630 63.67500 63.72700 63.24870 63.42930 63.58750 63.94630 64.38170 64.56670 65.17570 71.09860 74.06560 65.71850 71.67220 63.96780 63.54990 62.95130 63.03850 63.69180 63.68500 64.46530 65.23640 63.95290 64.09430 63.41820 64.20420 64.69900 63.17490 63.04570 61.86040 54.94350 54.06860 53.22900 54.46720 52.83700 60.67150 61.64640 63.67380 65.78540 65.91910 63.11500 62.70350 62.31020
61.84810 58.24540 60.87030 65.61250 64.89600 64.69760 64.17110 62.81270 60.96080 61.69600 61.42640 62.61790 61.84500 63.04040 63.14510 63.58290 64.25360 63.92470 65.51760 62.90120 66.00390 64.68050 64.63070 64.41700 64.02080 63.86520 63.45510 63.23900 63.56830 63.97680 63.68190 63.88770 64.40090 63.67870 64.61620 65.15240 73.62560 65.50840 65.15640 65.71240 65.19790 65.78830 64.78510 65.34040 64.55730 64.08380 64.26910 64.12860 64.09840 64.16160 64.91030 62.51740 63.10520 63.13760 63.50260 64.97050 65.06720 65.83300 66.17960 65.19650 54.63320 55.96620 54.47340 53.17710 55.02100 60.53390 62.88340 63.26980 62.26140 61.27100 58.35450
65.16680 63.53670 55.66000 52.04640 62.07300 62.47740 61.73700 61.21860 61.61250 61.61300 60.84210 60.77380 60.74530 61.59120 63.13690 63.64330 63.64800 63.42360 64.25420 64.51570 65.45110 64.97990 65.26940 64.35790 63.97210 64.19220 63.15360 63.61880 63.29880 63.08790 64.21120 72.80370 62.85930 63.12520 64.28970 64.45200 64.28200 64.08310 65.52250 66.37620 64.91750 64.44310 65.07920 65.92340 66.80520 66.80390 65.80780 64.71930 64.02520 63.93810 64.32720 64.58850 65.49650 64.41530 55.25670 54.69410 55.23260 61.59770 63.30370 66.55750 65.33360 63.74360 61.76600 56.80520 57.12260 57.51830 57.69540 58.03590 58.11690 58.46100 59.00210
65.03470 64.86790 63.21900 56.60160 54.03490 61.55870 62.78330 63.15480 62.97520 62.23610 63.08480 60.41920 51.02930 58.36780 59.92370 61.22400 61.90730 62.42160 63.50350 63.72310 64.77170 64.52700 64.68360 64.15630 63.73430 62.95650 62.64260 62.34840 63.28350 63.52030 62.89130 62.69710 60.84410 61.33080 63.36280 64.44020 64.14970 63.85750 64.38520 64.79280 65.69600 65.56760 64.22980 64.88800 66.81390 66.32560 65.65680 66.54830 64.52660 64.23930 65.05370 64.90730 65.60710 65.41570 65.03420 64.36800 63.32990 63.64960 64.26150 64.99300 64.77550 62.28480 57.06870 62.36290 63.86680 59.19560 63.06600 59.15140 58.70910 58.76250 62.66060
61.46430 55.97390 56.89790 57.59120 56.99940 52.88520 52.14350 51.34450 60.11570 61.94830 61.97020 63.34030 64.03380 61.57990 55.64780 59.62370 60.51900 60.47710 62.30580 61.64950 64.38900 64.37200 64.18500 64.04750 63.06460 63.69730 62.78220 62.78480 62.76410 62.95020 62.78810 62.47570 61.67280 60.74170 61.39120 62.28750 61.09600 62.42080 63.36950 62.29150 66.08880 66.45680 66.08960 66.58780 64.93500 64.97660 65.40540 63.12700 62.79570 63.77470 65.90600 65.94560 64.41440 65.60340 65.71210 65.69640 64.43900 64.32600 62.84840 62.82830 63.84720 64.06820 58.33100 64.80360 66.38050 63.13110 59.37200 59.38420 59.53520 62.42410 62.99320
67.03060 65.85470 66.57080 62.42850 62.60140 62.30400 56.39700 55.37120 59.83600 61.17150 61.06150 51.23030 60.38090 60.30950 64.03600 62.80590 63.67720 62.67030 54.15070 53.43620 63.24330 64.28410 64.58580 63.79440 62.95840 63.31940 62.39240 61.77010 63.28050 63.32020 62.47170 62.73480 61.16080 63.52700 62.06760 62.53760 63.61260 64.33070 55.92650 62.62510 63.84480 65.52140 66.77720 62.77020 63.72470 63.64960 63.54420 64.01620 63.07540 62.42980 61.56020 63.41720 62.47330 56.89890 62.80150 63.22300 58.53180 64.16390 64.99690 68.36120 66.63450 67.00250 65.53290 65.96040 65.53820 58.64080 62.36200 62.61500 63.90930 63.28690 64.48300
63.85690 66.86250 66.89170 66.45830 66.76460 63.05680 57.93430 55.80330 60.75840 59.95430 61.38010 62.44650 60.14440 52.18190 60.77090 53.56750 55.06660 62.71630 65.54720 57.59290 55.16080 60.77470 60.55610 62.98420 62.78640 62.70840 62.41130 62.72660 62.33860 62.31330 62.80030 62.96010 63.69120 62.35530 64.11780 64.12670 64.67600 62.84310 62.61260 62.40420 63.82810 66.01430 66.17690 62.71580 65.28710 65.57790 64.51030 65.00700 63.19030 62.38610 63.78250 64.04340 64.82620 67.11340 59.32640 60.07300 65.15950 66.24150 66.72960 68.28230 68.14680 68.00130 65.26290 58.71980 62.44950 64.05290 63.63130 64.53040 64.46520 64.97990 65.37940
65.38160 63.76200 62.30690 65.72980 66.79550 66.49740 66.44420 65.00070 64.53180 63.24810 61.65760 62.91930 62.68620 61.84130 65.24020 59.86060 62.34810 53.65360 62.26340 66.59930 63.12890 64.07940 62.11240 60.60470 62.13110 61.54360 61.81560 62.19380 62.16430 61.19190 61.62300 61.61400 62.70460 62.87110 63.62250 64.39740 64.76190 64.65720 64.40750 64.65660 63.32120 64.12350 65.31120 56.77470 56.00210 64.22720 65.51710 65.32280 65.90000 64.42610 63.70380 57.73900 65.40750 58.44260 64.66990 66.79690 66.10560 68.78510 63.93120 66.10270 67.98870 68.00010 67.57830 66.73680 65.02330 65.27110 65.29500 64.33850 63.55210 63.17290 64.74160
65.21140 64.36460 62.44460 56.77390 63.08720 64.55800 65.96050 66.00430 65.57450 64.85790 63.39190 62.84150 54.54350 60.72880 64.36530 65.30860 62.45480 63.84830 55.84350 62.02440 63.48710 64.03150 62.36010 62.33980 60.40770 60.28630 62.94130 63.76800 62.74900 62.35950 63.05240 63.12700 62.16190 62.22130 62.93170 62.20490 61.18590 61.92430 65.04490 65.86140 61.92060 58.41390 66.78620 57.70310 56.23180 63.55810 65.38450 65.26480 66.51900 63.48980 58.92720 63.73200 67.25660 67.31680 66.84340 66.05800 67.05810 65.45110 67.76640 69.53840 67.06330 63.35360 67.28910 69.15010 69.64110 70.26360 69.29780 63.77860 64.02190 62.77100 59.97580
67.46580 66.84650 62.39020 62.10750 64.40820 63.35280 66.57600 65.96230 65.54560 63.90180 62.17830 62.87830 61.21580 60.90620 63.68210 64.83920 65.30260 63.82680 63.93730 63.56950 64.44900 62.17190 61.57880 60.73640 60.18990 63.30880 62.74940 62.01350 63.05810 62.83560 63.42020 63.63830 63.48040 63.64390 62.34040 64.23360 65.24270 63.10630 61.95120 67.61920 58.71060 62.34910 64.01100 64.37920 65.41240 62.64080 56.11010 56.49750 57.23670 57.04430 64.11450 65.61600 65.33350 63.32440 63.73860 66.48420 68.13430 67.08900 68.56100 70.39970 69.40840 69.00800 69.49790 69.41720 69.18100 70.80970 69.73010 67.04550 60.04140 59.59330 60.29980
65.37160 67.04520 64.73550 59.46840 62.88290 65.79320 66.01730 66.75300 64.25870 63.73870 63.07790 62.11530 63.94190 63.84160 65.74270 65.62310 66.25680 62.39620 64.32160 63.23600 64.77810 61.50290 64.74370 60.59940 63.78900 65.34850 62.76960 62.32840 63.67890 64.09030 64.10420 62.06430 63.75700 64.69760 62.97750 62.50260 66.03300 66.48550 57.81860 62.52030 64.21960 63.93890 60.13230 59.76810 58.96460 58.61040 62.82500 58.63390 58.22880 65.90720 58.42040 66.67110 67.60810 67.98640 67.72900 66.73410 65.52110 68.56900 70.81580 79.83980 72.16250 68.16360 68.85350 69.98560 66.92760 59.88870 66.59440 59.74920 59.54890 59.91910 60.34820
67.36630 64.63000 64.19990 63.94100 64.63790 62.49860 58.34060 63.92890 65.23560 64.44960 62.43950 63.68870 65.39750 65.58530 65.41570 64.89000 64.14800 66.71250 64.34710 63.94860 66.64830 63.91140 63.17080 61.37720 61.24640 64.46460 65.72180 63.40260 63.08460 63.95140 64.79740 64.34870 64.86800 65.23920 64.58260 62.47490 66.24000 64.00520 64.34010 59.05160 59.61810 59.49600 59.49790 65.63880 65.09060 65.44090 67.59010 67.64470 66.65500 68.71150 67.37700 67.49850 68.84880 67.01650 68.16150 69.13140 70.23270 70.13800 70.28840 75.96140 69.63440 69.86110 66.03650 61.25790 60.48880 60.00420 60.08440 60.09330 60.20410 60.97770 60.68930
67.23730 64.55490 65.35790 63.66810 63.39110 63.50190 58.30920 57.75710 57.95500 66.18670 61.09580 62.45730 63.70660 64.40310 63.56480 64.85420 64.21860 57.39080 63.93340 66.49290 64.68370 64.33770 63.56440 60.80400 63.35100 62.59480 65.70480 64.11770 61.26590 63.57970 63.53990 65.74410 64.96890 64.89820 62.76050 55.28270 62.77460 65.09800 63.69580 65.94240 62.42610 59.45280 62.69530 65.98110 79.06180 75.12060 64.51630 59.18060 59.31760 64.91280 66.99090 68.43530 61.31500 66.76290 70.98430 68.89280 69.13930 70.53720 73.18620 71.27570 67.40210 64.71760 60.06250 59.76540 59.98530 60.18050 59.93990 60.16570 59.22740 60.00260 60.41950
65.88990 64.64280 64.93090 66.33040 66.66820 65.17060 63.42600 58.01920 64.04580 64.75440 63.31750 61.95860 62.34340 59.02620 64.37780 67.40800 67.25910 64.14340 65.77530 66.99240 56.80920 64.55310 66.74430 65.88410 63.64980 56.28560 66.62570 65.52930 61.82440 64.28500 64.81590 62.50470 65.90410 65.70180 56.45270 61.58390 63.92660 66.11180 66.68150 67.10100 67.35770 68.19870 69.28250 69.03310 70.63260 68.73090 59.56620 59.75810 66.50240 67.61760 -9999 -9999 62.88320 66.84520 73.32020 73.39990 79.14360 68.88620 62.09720 61.39520 61.93430 61.35850 60.36620 59.77570 59.99160 59.92820 59.73230 59.91200 59.82750 60.60600 63.46790
67.72140 66.99200 66.35890 68.53110 65.88870 69.57970 67.08320 68.32070 65.48730 66.41430 64.93480 66.51590 64.55300 62.39630 66.62520 68.20220 64.72870 63.19690 57.96970 63.57460 58.29810 65.03520 62.90670 66.92840 59.17910 61.95540 65.37010 63.79240 56.25630 65.30530 65.27380 61.34120 62.20830 63.17860 61.95350 65.43550 65.63860 65.48240 66.25510 -9999 -9999 -9999 -9999 69.08010 -9999 59.09520 64.24390 67.00790 68.49770 67.32060 -9999 -9999 61.14030 75.47360 74.75660 65.93540 63.81390 62.75530 62.21550 61.19340 60.56380 60.35080 59.88890 59.32040 59.98750 62.06690 59.12980 59.30910 59.58140 59.88830 60.80270
64.08630 66.91450 66.94270 68.14950 70.00070 69.69990 68.15450 64.31530 66.38580 68.30400 67.80440 67.45460 68.17730 68.48540 68.14740 66.02810 63.36190 64.99410 64.37840 66.27240 66.21090 65.71020 64.94110 62.63080 59.58020 65.62610 58.60070 64.63760 63.70350 62.89300 63.74020 64.31690 63.75000 64.65600 66.12000 66.80480 66.16830 -9999 -9999 -9999 -9999 -9999 -9999 -9999 69.12750 66.60980 68.74590 -9999 -9999 -9999 -9999 -9999 79.18330 69.51730 62.21640 64.73500 65.07240 65.31390 63.21570 61.90110 62.05270 61.67530 60.78580 62.80480 63.47770 60.36320 60.18320 59.82730 60.01140 60.87930 -9999
