data/hydroclimate-scenarios/BCSD_hadcm_A1B/monthly_summaries/soilm2_monthly_day1_apr.2030-2059.asc
ncols	311
nrows	91
xllcenter	102.75
yllcenter	31.75
cellsize	0.5
NODATA_value	-9999
[rows 31 to 61 of 91, columns 0 to 69 of 311]
-9999 -9999 -9999 -9999 -9999 -9999 -9999 -9999 -9999 -9999 -9999 96.44580 106.94100 107.41100 110.96700 112.67700 101.63200 102.19800 105.95500 104.89100 108.05000 114.25300 114.00400 113.14500 112.22700 109.46700 110.83600 109.34900 108.01300 108.55600 105.92600 102.73400 103.58800 102.77800 104.84100 103.89700 103.54500 105.44100 105.90200 105.05400 105.28000 104.23200 122.32300 122.81700 122.03600 122.20200 122.39400 115.84400 106.03500 105.72700 109.66600 110.70900 108.36100 105.23400 105.12400 119.60900 120.06200 118.76100 119.69400 117.91900 116.89700 120.36200 119.55800 117.25500 116.54900 121.32800 118.03000 119.74200 120.19800 122.18000
-9999 -9999 -9999 -9999 -9999 -9999 -9999 -9999 -9999 -9999 -9999 100.27400 101.49600 110.01800 104.97200 108.76600 107.31500 112.29600 109.22200 108.36200 113.19600 113.76600 114.59100 115.85600 125.35800 124.65800 124.06500 124.03000 124.33300 108.82700 108.00200 102.30600 104.20000 103.79700 103.85900 103.72300 105.07700 105.93900 114.44300 113.99600 112.41200 112.10800 114.56700 113.29400 112.06800 113.16500 111.81100 111.22500 110.62900 111.16200 109.91700 108.38500 107.13000 120.56100 121.09500 120.90800 120.33900 120.33400 119.27300 106.48900 107.69100 106.88000 116.35200 120.80000 122.05100 117.05400 119.15400 120.93800 120.83200 121.66000
-9999 -9999 -9999 -9999 -9999 -9999 -9999 -9999 -9999 -9999 -9999 105.41200 106.07400 105.11500 104.13200 108.33500 107.82800 115.95600 116.67300 117.10900 117.49100 117.04900 126.74200 126.30200 125.80400 110.62200 107.80000 111.48500 108.36400 120.84600 122.32700 104.43500 105.66100 100.72700 113.16100 107.77300 122.51800 116.13700 122.44300 122.08700 113.56200 122.58900 115.61900 116.15600 117.33800 116.52300 115.69800 114.86100 113.55300 111.73800 110.41100 108.23800 106.72700 117.77400 103.92500 109.96700 109.39400 108.05800 110.42300 111.55500 110.53400 121.78200 121.20000 108.32500 122.88400 119.49500 120.33200 121.54700 121.10600 121.47400
-9999 -9999 -9999 -9999 -9999 -9999 -9999 -9999 -9999 -9999 -9999 -9999 106.35400 108.49000 107.65200 109.93100 111.04600 118.22200 118.83300 119.10200 126.76000 111.39500 108.81200 112.09700 108.21400 105.23800 104.48800 104.07700 100.81400 100.28400 122.23500 123.87000 124.33200 124.79100 124.13500 123.37500 123.39000 116.08600 122.03100 121.38100 121.56200 122.10000 122.25900 115.07800 116.28800 118.60500 117.39600 117.15600 115.82300 113.64100 110.73200 111.01600 110.45500 107.69900 104.86400 103.44700 103.46400 116.36700 121.38600 122.20100 122.09400 117.31100 117.86000 119.08900 118.81900 122.61200 121.09500 122.00600 122.51600 123.75300
-9999 -9999 -9999 -9999 -9999 -9999 -9999 -9999 -9999 -9999 -9999 -9999 107.44600 107.29900 110.83900 111.23700 112.76600 126.14300 126.31300 114.80600 116.54500 114.29800 111.73700 108.11200 106.69200 101.88400 98.70590 104.39100 100.05800 101.64400 104.45200 123.40300 125.14300 123.39400 125.17400 106.85600 102.70500 105.79700 106.86300 106.87600 122.87300 110.61900 110.78200 119.67900 114.97000 117.08400 117.61300 115.41800 111.00400 111.68500 107.95100 102.69900 99.25790 108.15500 106.79200 117.22200 122.60100 116.76200 98.77550 121.73600 120.21200 100.74100 100.58900 113.19700 121.14100 121.27600 121.88400 122.19100 122.85200 123.93400
-9999 -9999 -9999 -9999 -9999 -9999 -9999 -9999 -9999 -9999 -9999 -9999 107.65700 107.59200 126.43200 125.50500 125.78900 110.58500 109.51200 112.70200 114.66800 115.52900 113.18800 107.18100 106.85700 106.27400 105.70800 102.05600 104.38700 102.22100 101.11400 124.33900 108.80400 110.19100 108.92700 102.63700 104.48800 106.46200 105.22400 110.92900 114.07300 115.79800 115.85400 118.41200 120.77300 114.43600 119.88700 120.39400 119.38500 114.03000 109.82600 109.92700 103.04300 102.48700 102.17200 99.56680 97.35720 102.63400 103.93600 122.40000 103.78500 106.65000 105.72800 102.85400 120.38600 121.45200 122.41400 124.36600 125.23500 125.36600
-9999 -9999 -9999 104.36400 107.42800 104.22400 101.80700 103.91100 103.95200 -9999 108.15100 125.77500 125.37300 104.66200 106.95000 108.74600 109.84200 108.14000 109.36800 112.47700 114.93100 114.50100 111.18900 109.66500 105.79800 109.35200 108.76300 105.75000 102.99900 101.91300 102.76200 106.06500 100.43500 101.71800 102.61800 79.23680 99.98150 103.93300 109.71100 112.11200 114.11100 116.73400 118.63000 117.39300 117.32200 116.45200 122.51900 112.84700 117.67300 116.86800 109.92700 105.95400 105.95000 111.53300 109.22500 112.41000 112.99100 104.28500 105.08000 103.05100 122.15200 108.71300 105.95300 110.41800 107.01100 107.94200 110.12600 117.33900 121.20200 121.66700
-9999 -9999 -9999 107.48700 107.32700 107.99600 105.82500 106.83700 103.64600 123.12100 125.09100 124.80200 109.42700 100.85500 104.05900 104.38400 104.67400 109.55400 111.78200 111.42000 111.04700 112.16300 112.94800 113.73900 108.60400 107.72900 107.13800 105.09200 105.44900 102.60900 80.02700 102.23800 103.92600 102.55100 100.49900 101.72600 102.33300 110.15300 109.06600 111.16900 112.62900 112.81300 118.35100 119.02100 115.40500 117.21500 123.61300 118.32500 112.78200 108.95300 110.35300 118.75100 119.34700 118.57000 114.13400 114.69200 110.18700 108.79000 111.06900 107.38200 108.18100 113.16800 112.49300 109.01200 113.94300 112.62800 114.30100 116.79500 120.62900 118.64600
-9999 -9999 -9999 104.67200 108.65800 105.76800 124.95100 124.85400 124.95800 124.87100 125.17600 125.28700 105.94000 97.55460 94.91720 95.14030 106.11300 104.64300 105.81500 104.82700 107.55400 107.00400 88.87210 101.70800 105.92100 107.07400 110.00100 110.17800 104.90900 105.87200 111.60900 113.90100 106.66800 103.52000 103.43600 103.84000 105.90100 107.13000 106.52800 103.97300 107.48600 110.91800 118.45700 122.54000 121.60600 121.90700 122.80900 108.79500 108.94400 123.21900 123.59500 121.17800 120.84200 119.05000 116.52300 114.51600 111.47000 111.64200 113.23400 113.97500 107.09300 107.59300 114.47200 116.08700 116.84500 119.24900 119.42200 119.37300 112.52100 119.67900
-9999 -9999 -9999 109.83200 108.11800 111.80000 125.10000 125.61100 123.63800 122.88000 124.17600 102.91800 95.24390 98.19230 95.98660 95.86780 100.58200 114.91300 115.40300 107.08700 104.14300 99.39580 107.93700 117.69900 110.42400 107.10500 106.90800 105.84100 112.22300 112.01700 110.02300 102.96000 105.13800 111.31000 114.09700 111.72700 108.24800 106.34900 110.86000 109.23500 109.49600 112.19400 114.95900 118.00200 120.04700 124.80000 125.16700 119.44300 123.55800 122.75800 123.45500 122.31100 120.19800 112.37000 118.74100 110.12800 107.67500 106.72800 108.88400 107.33200 104.98000 112.61400 113.20700 119.20000 116.75500 115.07600 123.37000 124.04600 126.09100 126.97200
-9999 -9999 -9999 106.73400 108.15300 111.28000 125.46000 125.12500 124.39000 123.98100 125.03000 122.74000 96.76210 99.07660 112.11300 111.12500 106.34900 106.98000 107.28400 107.79600 106.44500 107.75800 120.44000 107.39500 104.28100 107.04000 111.37300 108.39600 107.78300 112.01300 109.50100 107.96000 108.89300 109.11500 109.99200 110.71300 111.88100 110.58300 112.14200 113.76000 118.01100 120.26300 121.65200 122.87500 123.92000 124.41400 124.48300 121.19600 115.40700 123.71300 120.59000 114.57400 110.24400 112.63000 113.04700 111.74200 109.64100 106.34700 111.00700 122.42000 120.09200 119.49400 122.57500 117.55200 113.59800 113.33200 120.15700 118.69900 126.50400 127.73700
-9999 -9999 -9999 -9999 125.58900 125.95900 126.09200 126.14300 124.98300 123.57600 124.93400 106.51600 102.54300 100.70000 -9999 -9999 -9999 -9999 -9999 112.65300 121.00400 118.30900 119.56500 114.09700 109.74000 107.59800 108.36000 107.98000 112.05400 109.93700 108.16200 106.36600 107.55300 105.85100 107.41900 106.04000 108.77000 104.49700 110.64300 113.90800 113.85200 119.00800 122.95700 124.63900 124.82600 124.35500 123.92900 124.75700 124.58900 124.03800 123.10600 124.17500 123.09300 124.14600 123.89400 123.75800 123.92700 123.18000 111.27600 116.00600 124.37800 125.00300 122.36100 124.90500 124.81000 122.03300 125.56600 126.47600 131.98300 -9999
-9999 -9999 115.09800 126.68400 127.03300 126.60500 126.25900 126.21000 125.36500 124.57200 125.37800 106.50000 106.19900 -9999 -9999 -9999 -9999 -9999 122.50400 118.64600 120.72500 112.56000 111.13600 114.61500 118.61000 118.90500 115.80800 112.33400 113.11500 113.28700 105.44500 106.35900 107.73100 111.31300 112.07200 112.49100 110.66400 104.90600 107.67700 109.07000 113.59800 119.55300 122.94800 122.11600 122.51000 123.87200 124.08600 124.29900 121.88500 125.14000 124.45800 124.46500 126.06400 128.02100 123.30500 122.84800 122.60100 115.23500 113.20800 117.77800 119.00100 118.34100 121.68200 123.00800 123.21300 123.31300 125.13500 -9999 -9999 -9999
-9999 -9999 128.78999 128.20500 127.40600 127.41300 127.27500 126.77400 126.23300 125.55300 113.76000 113.65000 106.33800 -9999 -9999 -9999 -9999 111.73700 118.34700 110.34700 108.84900 107.98600 109.84700 117.55100 116.36100 111.05600 108.58300 106.57000 110.92400 112.13600 106.98600 109.49200 109.37900 113.34000 114.81700 110.79500 110.16900 105.80200 109.95300 117.66400 122.12300 124.55200 125.95400 126.94200 118.77300 113.34500 115.93900 113.56000 118.24300 118.86800 124.95500 130.16200 130.61700 128.60100 128.35800 122.12300 121.59700 119.03700 122.82500 124.37600 123.83700 124.01900 125.83600 124.35800 122.36700 -9999 -9999 -9999 -9999 -9999
-9999 -9999 133.62500 129.63499 128.72501 128.56799 129.40800 128.99500 127.88200 126.18600 112.64800 109.10300 100.49100 -9999 -9999 -9999 -9999 116.20600 115.41700 110.55000 107.01500 109.97600 114.34600 112.19200 113.13000 112.06200 108.11300 109.02300 110.00600 106.70400 106.88700 106.34800 108.84300 111.93400 113.49200 114.82200 117.61800 117.46300 117.08600 117.75300 124.20700 124.86900 127.03200 130.25301 127.34400 117.08500 115.08500 109.99400 108.92000 108.62100 115.15200 115.68400 121.06500 117.73200 123.17200 124.85100 124.96900 123.32500 127.29500 127.90500 128.72099 127.66800 129.46899 114.28800 112.40900 123.71400 125.89400 126.90700 126.79700 -9999
-9999 -9999 -9999 134.58000 131.41901 135.03700 132.50500 128.98199 117.54000 116.68500 109.14800 105.95100 -9999 -9999 -9999 -9999 112.73500 113.67000 112.09100 109.59400 111.99100 110.04900 110.03900 109.99400 109.99300 110.11800 111.15000 107.30100 110.18100 112.25700 109.37000 110.59400 110.73000 107.45800 104.98500 106.91000 109.63300 112.23300 113.25600 114.29800 121.16800 120.63800 137.67101 135.54700 136.04401 136.91000 133.47900 130.60001 124.39900 117.81800 125.54100 131.82500 131.26100 132.33000 131.95799 128.37300 130.52901 123.96900 127.42500 129.70100 130.01401 128.67500 127.12100 119.06900 109.64000 121.94200 131.03600 131.60100 127.49200 128.73399
-9999 -9999 -9999 -9999 137.80701 139.26100 132.62300 120.33300 120.30700 113.71300 109.90100 -9999 -9999 -9999 -9999 116.42400 111.77900 109.32100 132.17700 105.19000 102.10400 100.98100 103.81000 105.25400 108.07700 104.91500 100.63600 102.89700 101.28500 104.40200 103.74600 103.13900 102.56300 102.13300 107.19400 115.92400 118.99100 118.04400 116.03900 112.88700 114.19600 117.86900 123.23300 126.77300 129.75800 140.23199 144.83600 138.60800 134.59500 129.61800 126.69700 133.45500 134.91299 133.89000 137.13000 133.02400 133.57100 129.48399 132.19099 131.40800 129.88300 121.46500 117.51500 114.16900 112.43400 127.84300 130.28799 131.43900 129.43900 129.86400
-9999 -9999 -9999 -9999 -9999 -9999 127.97600 134.01700 105.64600 118.31800 110.15500 -9999 -9999 -9999 -9999 -9999 107.25000 106.94100 107.32200 100.69700 100.56800 94.61350 99.85260 104.76800 99.22720 97.55230 106.10600 144.29500 144.61900 135.58501 103.60600 102.52200 105.47300 104.05900 105.03000 106.75700 115.67600 116.57300 113.67300 114.84600 114.78100 120.01600 122.23400 121.20900 135.13699 135.61301 135.59200 140.73700 140.62700 135.98199 143.71800 139.50900 132.63100 138.59000 135.30901 136.67400 135.08600 130.38901 129.79401 115.24700 111.09000 113.04900 116.77200 110.87200 108.64900 116.30300 131.07600 139.21300 134.02901 128.05600
-9999 -9999 -9999 -9999 -9999 -9999 -9999 -9999 -9999 -9999 -9999 -9999 -9999 -9999 -9999 -9999 -9999 -9999 -9999 99.02660 99.94210 92.56120 96.89960 96.58240 101.54800 102.57000 120.19400 117.11800 116.15400 96.38810 103.92400 105.77300 110.84100 108.91600 106.22100 109.51700 115.13100 119.88300 118.65600 120.14700 122.56300 123.75600 124.03800 125.45400 126.47600 126.42000 122.08100 137.53600 137.70700 145.70599 150.16000 140.93500 141.96100 143.27800 136.82001 134.96600 118.26700 117.75400 112.79000 112.02100 119.32400 125.04200 108.10000 106.58200 104.49800 121.99600 134.12801 138.65700 138.68700 132.77699
-9999 -9999 -9999 -9999 -9999 -9999 -9999 -9999 -9999 -9999 -9999 -9999 -9999 -9999 -9999 -9999 -9999 -9999 102.49400 101.40900 97.46140 92.13630 94.26750 94.37500 94.51020 93.82950 119.41400 120.92400 95.84640 95.88840 98.71610 101.95400 102.87600 105.24800 110.90100 131.01700 118.15300 119.47000 118.84500 119.19000 121.07800 122.97600 123.63800 125.89500 126.10400 133.77901 124.84300 478.96799 622.41602 660.80402 670.66998 143.10800 145.07899 149.72301 147.70300 143.11200 122.25800 115.57900 125.03900 118.12800 132.68900 135.46100 115.52300 113.66100 126.36200 124.90200 121.21400 135.67599 138.25400 133.12199
-9999 -9999 -9999 -9999 -9999 -9999 -9999 -9999 -9999 -9999 -9999 -9999 -9999 -9999 -9999 -9999 -9999 103.66100 104.99700 95.90720 95.05190 93.20880 91.45740 91.45980 88.10250 90.36590 124.46700 115.95900 120.98000 122.69200 124.32000 123.84900 108.38400 121.60000 130.97000 133.48000 131.73100 119.64600 119.52700 120.13300 119.33700 128.79601 122.62500 130.75000 118.79900 118.51200 134.67599 633.35498 626.98700 645.83600 654.96002 149.23700 146.36301 153.20100 150.02699 155.42700 121.66300 114.06200 113.56400 116.41900 127.07200 130.84300 116.01500 119.09400 111.49400 115.83400 121.00600 118.50300 140.54500 140.83299
-9999 -9999 -9999 -9999 -9999 -9999 -9999 -9999 -9999 -9999 -9999 -9999 -9999 -9999 -9999 -9999 -9999 103.33500 98.67930 96.98100 97.93220 118.90100 114.24300 81.76490 81.46380 85.88040 84.71520 83.48670 82.09600 115.60200 123.31800 125.19600 125.56700 122.92700 129.16299 134.66901 136.73599 108.64800 112.53800 116.98500 114.64800 113.09600 127.13700 108.96000 126.76800 130.91600 128.78700 474.94901 476.50500 629.99402 655.74402 145.73599 146.20599 149.45399 145.31400 155.76300 129.27100 119.26200 116.70400 125.03200 118.80900 112.84000 113.26500 110.07400 108.67200 114.56200 119.81600 123.83300 143.04700 154.03200
-9999 -9999 -9999 -9999 -9999 -9999 -9999 -9999 -9999 -9999 -9999 -9999 -9999 -9999 -9999 -9999 108.66500 106.00700 97.74780 98.07420 116.87900 81.35860 80.12900 80.94590 78.94660 80.53050 81.28230 82.79460 81.00770 81.14610 81.97410 80.67540 112.32200 121.06700 123.42100 127.73500 124.66600 127.49400 108.70400 109.39100 103.80900 110.94900 129.04100 124.34100 104.24800 126.01100 126.67000 486.48401 477.46600 623.68701 650.32800 145.52200 146.59500 147.69800 144.17500 155.67101 154.00900 131.55099 134.41299 122.69300 121.39100 120.55100 121.46700 129.14200 134.87801 139.87801 138.91701 139.23199 144.89500 153.19701
-9999 -9999 -9999 -9999 -9999 -9999 -9999 -9999 -9999 -9999 -9999 -9999 -9999 97.27700 96.75210 98.59950 97.31830 99.84400 118.39900 114.31000 82.55180 83.61750 80.95680 80.25050 80.28100 79.57090 79.23910 368.99399 367.93500 370.84500 556.61298 559.14899 366.57501 363.84100 559.52301 564.78699 577.77899 571.65198 435.72800 443.50101 440.73801 598.09497 590.01501 421.34601 600.46100 607.59698 620.40997 629.74799 642.14398 647.51599 651.93903 660.40302 658.54999 663.39801 677.46899 683.66199 683.52600 665.78497 612.73700 623.67700 646.41101 709.07599 727.81897 728.95898 714.02399 723.58600 712.47699 144.56400 144.18600 153.87000
-9999 -9999 -9999 -9999 -9999 -9999 -9999 -9999 -9999 -9999 -9999 -9999 94.35250 94.89970 120.82200 119.97800 118.44700 87.45700 84.43330 78.93740 79.42820 79.20910 77.77140 79.81590 77.39710 76.15310 75.89310 364.52600 544.59601 551.98297 542.87299 545.63898 551.81799 539.59399 557.84698 561.68701 381.52301 394.50000 428.65500 431.80399 424.64700 421.44601 591.30200 592.00800 597.26300 608.03802 620.48401 626.14801 641.33698 650.35901 650.77502 515.04401 659.38898 533.60101 654.06799 661.55103 682.62701 655.46503 642.00201 700.71100 708.25598 718.70898 727.97900 722.31299 726.23499 747.89600 748.09698 145.59900 149.36900 138.21001
-9999 -9999 -9999 -9999 -9999 -9999 -9999 -9999 -9999 -9999 -9999 120.32600 93.08940 116.49500 86.74430 82.24300 80.63420 79.96680 80.57280 79.06000 78.92950 73.58320 72.88340 74.11150 74.17790 74.26620 115.36600 536.41400 543.96600 547.21997 540.88202 363.41800 366.23901 370.62299 364.16101 565.25000 403.89001 419.10599 423.89600 418.23599 410.84399 588.14099 580.92700 584.04498 591.43201 599.86603 610.22198 618.54401 627.64899 641.94098 664.77802 560.34601 549.22498 660.75800 580.42798 560.39301 670.47699 602.46301 616.32898 682.33197 710.40802 705.08502 710.12799 707.66400 730.10999 737.06403 730.26898 153.44099 142.22800 120.00500
-9999 -9999 -9999 -9999 -9999 -9999 -9999 -9999 -9999 -9999 88.18120 88.98420 83.41970 82.42810 79.59810 77.85730 77.14490 76.05180 76.48560 75.48200 73.89610 71.46350 71.12750 72.00420 71.72070 72.60470 72.70420 546.06299 541.01202 349.81900 350.20801 363.95700 364.54599 559.76300 562.54901 561.51202 412.74799 419.27802 437.00201 414.10699 583.78699 573.45697 570.27100 577.35602 583.04303 598.31097 602.83801 614.21100 623.50299 643.16998 656.68103 571.27698 660.16901 577.93201 575.11603 562.07501 671.60602 689.94598 675.29999 686.56598 691.06799 698.59497 709.25403 712.52600 724.47198 728.45502 777.47198 152.48801 133.13000 111.50600
-9999 -9999 -9999 -9999 -9999 -9999 -9999 -9999 -9999 155.92400 154.21100 151.62601 152.12399 152.55299 149.95900 147.04401 146.35699 146.03300 144.59801 144.19200 144.06200 143.70000 143.91400 143.14999 142.53500 142.06300 142.41000 144.90800 143.89600 144.69099 144.84599 355.67999 370.98801 377.21701 572.79199 580.73700 444.59100 437.96201 424.87900 577.00500 567.73102 560.47302 566.23700 731.96198 576.44702 749.28198 595.60797 612.20801 631.25403 641.30103 661.71698 663.08301 575.45398 675.46399 630.24298 667.58002 667.55298 664.03699 664.09601 679.73499 683.64301 704.55499 700.75000 714.38300 703.85400 713.16699 732.02002 279.24701 230.09100 214.21400
-9999 -9999 -9999 -9999 -9999 -9999 -9999 -9999 -9999 -9999 149.95799 145.39400 145.10400 145.23100 142.76500 143.28000 143.51500 143.49300 143.11200 143.96400 144.05901 142.54401 142.84500 -9999 -9999 -9999 -9999 -9999 -9999 150.02400 152.11600 366.02301 369.48300 375.85699 381.11600 582.15302 595.43500 420.79800 409.97501 564.34003 565.04303 564.37000 574.64600 741.33801 733.64697 742.57300 748.94000 602.91602 631.29401 640.34100 646.66199 531.08502 568.29401 609.39001 690.15900 655.29901 652.51898 660.84198 660.35303 669.81201 690.78497 681.35901 619.42700 703.06500 723.66998 729.60901 706.06897 255.63200 229.53300 236.02901
-9999 -9999 -9999 -9999 -9999 -9999 -9999 -9999 -9999 -9999 -9999 -9999 141.53700 141.70599 141.41299 139.34000 139.71500 140.48500 140.68700 -9999 -9999 -9999 -9999 -9999 -9999 -9999 -9999 -9999 -9999 -9999 -9999 -9999 -9999 376.45001 554.16602 571.01898 589.59998 570.12799 390.74899 385.02701 566.91602 563.89697 569.69202 572.09900 579.79797 737.55103 753.40399 596.44598 614.78302 625.96802 640.51501 661.47900 668.08197 663.01099 665.94397 648.53198 656.79797 635.28198 494.85101 665.29303 688.89398 680.37201 697.48602 703.54199 715.39899 707.23199 634.98602 224.15401 226.10001 246.19901
-9999 -9999 -9999 -9999 -9999 -9999 -9999 -9999 -9999 -9999 -9999 -9999 -9999 -9999 -9999 -9999 -9999 -9999 -9999 -9999 -9999 -9999 -9999 -9999 -9999 -9999 -9999 -9999 -9999 -9999 -9999 -9999 -9999 -9999 567.01801 568.61499 566.25098 567.76300 375.67499 560.41101 559.34802 564.09198 720.60999 577.37201 744.83301 745.03400 622.61499 589.07898 611.44897 618.69598 631.39600 654.12299 667.01202 656.25897 652.83099 644.60303 631.06097 664.21899 646.85999 659.95001 681.65601 694.77802 690.93903 710.68201 709.78101 682.28601 670.97498 229.39000 241.02600 262.86499
