data/hydroclimate-scenarios/BCSD_hadcm_A1B/monthly_summaries/soilm1_monthly_day1_oct.2070-2099.asc
ncols	311
nrows	91
xllcenter	102.75
yllcenter	31.75
cellsize	0.5
NODATA_value	-9999
[rows 0 to 31 of 91, columns 213 to 283 of 311]
-9999 -9999 -9999 -9999 -9999 -9999 -9999 -9999 -9999 -9999 -9999 -9999 -9999 -9999 -9999 -9999 -9999 -9999 -9999 -9999 -9999 -9999 -9999 -9999 -9999 -9999 -9999 -9999 -9999 -9999 -9999 -9999 -9999 -9999 -9999 -9999 -9999 -9999 -9999 -9999 -9999 -9999 -9999 -9999 -9999 -9999 -9999 -9999 -9999 -9999 -9999 -9999 -9999 -9999 -9999 -9999 -9999 -9999 -9999 -9999 -9999 -9999 -9999 -9999 -9999 -9999 -9999 -9999 -9999 -9999 -9999
-9999 -9999 -9999 -9999 -9999 -9999 -9999 -9999 -9999 -9999 -9999 -9999 -9999 -9999 -9999 -9999 -9999 -9999 -9999 -9999 -9999 -9999 -9999 -9999 -9999 -9999 -9999 -9999 -9999 -9999 -9999 -9999 -9999 -9999 -9999 -9999 -9999 -9999 -9999 -9999 -9999 -9999 -9999 -9999 -9999 -9999 -9999 -9999 -9999 -9999 -9999 -9999 -9999 -9999 -9999 -9999 -9999 -9999 -9999 -9999 -9999 -9999 -9999 -9999 -9999 -9999 -9999 -9999 -9999 -9999 -9999
-9999 -9999 -9999 -9999 -9999 -9999 -9999 -9999 -9999 -9999 -9999 -9999 -9999 -9999 -9999 -9999 -9999 -9999 -9999 -9999 -9999 -9999 -9999 -9999 -9999 -9999 -9999 -9999 -9999 -9999 -9999 -9999 -9999 -9999 -9999 -9999 -9999 -9999 -9999 -9999 -9999 -9999 -9999 -9999 -9999 -9999 -9999 -9999 -9999 -9999 -9999 -9999 -9999 -9999 -9999 -9999 -9999 -9999 -9999 -9999 -9999 -9999 -9999 -9999 -9999 -9999 -9999 -9999 -9999 -9999 -9999
-9999 -9999 -9999 -9999 -9999 -9999 -9999 -9999 -9999 -9999 -9999 -9999 -9999 -9999 -9999 -9999 -9999 -9999 -9999 -9999 -9999 -9999 -9999 -9999 -9999 -9999 -9999 -9999 -9999 -9999 -9999 -9999 -9999 -9999 -9999 -9999 -9999 -9999 -9999 -9999 -9999 -9999 -9999 -9999 -9999 -9999 -9999 -9999 -9999 -9999 -9999 -9999 -9999 -9999 -9999 -9999 -9999 -9999 -9999 -9999 -9999 -9999 -9999 -9999 -9999 -9999 -9999 -9999 -9999 -9999 -9999
-9999 -9999 -9999 -9999 -9999 -9999 -9999 -9999 -9999 -9999 -9999 -9999 -9999 -9999 -9999 -9999 -9999 -9999 -9999 -9999 -9999 -9999 -9999 -9999 -9999 -9999 -9999 -9999 -9999 -9999 -9999 -9999 -9999 -9999 -9999 -9999 -9999 -9999 -9999 -9999 -9999 -9999 -9999 -9999 -9999 -9999 -9999 -9999 -9999 -9999 -9999 -9999 -9999 -9999 -9999 -9999 -9999 -9999 -9999 -9999 -9999 -9999 -9999 -9999 -9999 -9999 -9999 -9999 -9999 -9999 -9999
-9999 -9999 -9999 -9999 -9999 -9999 -9999 -9999 -9999 -9999 -9999 -9999 -9999 -9999 -9999 -9999 -9999 -9999 -9999 -9999 -9999 -9999 -9999 -9999 -9999 -9999 -9999 -9999 -9999 -9999 -9999 -9999 -9999 -9999 -9999 -9999 -9999 -9999 -9999 -9999 -9999 -9999 -9999 -9999 -9999 -9999 -9999 -9999 -9999 -9999 -9999 -9999 -9999 -9999 -9999 -9999 -9999 -9999 -9999 -9999 -9999 -9999 -9999 -9999 -9999 -9999 -9999 -9999 -9999 -9999 -9999
-9999 -9999 -9999 -9999 -9999 -9999 -9999 -9999 -9999 -9999 -9999 -9999 -9999 -9999 -9999 -9999 -9999 -9999 -9999 -9999 -9999 -9999 -9999 -9999 -9999 -9999 -9999 -9999 -9999 -9999 -9999 -9999 -9999 -9999 -9999 -9999 -9999 -9999 -9999 -9999 -9999 -9999 -9999 -9999 -9999 -9999 -9999 -9999 -9999 -9999 -9999 -9999 -9999 -9999 -9999 -9999 -9999 -9999 -9999 -9999 -9999 -9999 -9999 -9999 -9999 -9999 -9999 -9999 -9999 -9999 -9999
-9999 -9999 -9999 -9999 -9999 -9999 -9999 -9999 -9999 -9999 -9999 -9999 -9999 -9999 -9999 -9999 -9999 -9999 -9999 -9999 -9999 -9999 -9999 -9999 -9999 -9999 -9999 -9999 -9999 -9999 -9999 -9999 -9999 -9999 -9999 -9999 -9999 -9999 -9999 -9999 -9999 -9999 -9999 -9999 -9999 -9999 -9999 -9999 -9999 -9999 -9999 -9999 -9999 -9999 -9999 -9999 -9999 -9999 -9999 -9999 -9999 -9999 -9999 -9999 -9999 -9999 -9999 -9999 -9999 -9999 -9999
-9999 -9999 -9999 -9999 -9999 -9999 -9999 -9999 -9999 -9999 -9999 -9999 -9999 -9999 -9999 -9999 -9999 -9999 -9999 -9999 -9999 -9999 -9999 -9999 -9999 -9999 -9999 -9999 -9999 -9999 -9999 -9999 -9999 -9999 -9999 -9999 -9999 -9999 -9999 -9999 -9999 -9999 -9999 -9999 -9999 -9999 -9999 -9999 -9999 -9999 -9999 -9999 -9999 -9999 -9999 -9999 -9999 -9999 -9999 -9999 -9999 -9999 -9999 -9999 -9999 -9999 -9999 -9999 -9999 -9999 -9999
-9999 -9999 -9999 -9999 -9999 -9999 -9999 -9999 -9999 -9999 -9999 -9999 -9999 -9999 -9999 -9999 -9999 -9999 -9999 -9999 -9999 -9999 -9999 -9999 -9999 -9999 -9999 -9999 -9999 -9999 -9999 -9999 -9999 -9999 -9999 -9999 -9999 -9999 -9999 -9999 -9999 -9999 -9999 -9999 -9999 -9999 -9999 -9999 -9999 -9999 -9999 -9999 -9999 -9999 -9999 -9999 -9999 -9999 -9999 -9999 -9999 -9999 -9999 -9999 -9999 -9999 -9999 -9999 -9999 -9999 -9999
-9999 -9999 -9999 -9999 -9999 -9999 -9999 -9999 -9999 -9999 -9999 -9999 -9999 -9999 -9999 -9999 -9999 -9999 -9999 -9999 -9999 -9999 -9999 -9999 -9999 -9999 -9999 -9999 -9999 -9999 -9999 -9999 -9999 -9999 -9999 -9999 -9999 -9999 -9999 -9999 -9999 -9999 -9999 -9999 -9999 -9999 -9999 -9999 -9999 -9999 -9999 -9999 -9999 -9999 -9999 -9999 -9999 -9999 -9999 -9999 -9999 -9999 -9999 -9999 -9999 -9999 -9999 -9999 -9999 -9999 -9999
-9999 -9999 -9999 -9999 -9999 -9999 -9999 -9999 -9999 -9999 -9999 -9999 -9999 -9999 -9999 -9999 -9999 -9999 -9999 -9999 -9999 -9999 -9999 -9999 -9999 -9999 -9999 -9999 -9999 -9999 -9999 -9999 -9999 -9999 -9999 -9999 -9999 -9999 -9999 -9999 -9999 -9999 -9999 -9999 -9999 -9999 -9999 -9999 -9999 -9999 -9999 -9999 -9999 -9999 -9999 -9999 -9999 -9999 -9999 -9999 -9999 -9999 -9999 -9999 -9999 -9999 -9999 -9999 -9999 -9999 -9999
-9999 -9999 -9999 -9999 -9999 -9999 -9999 -9999 -9999 -9999 -9999 -9999 -9999 -9999 -9999 -9999 -9999 -9999 -9999 -9999 -9999 -9999 -9999 -9999 -9999 -9999 -9999 -9999 -9999 -9999 -9999 -9999 -9999 -9999 -9999 -9999 -9999 -9999 -9999 -9999 -9999 -9999 -9999 -9999 -9999 -9999 -9999 -9999 -9999 -9999 -9999 -9999 -9999 -9999 -9999 -9999 -9999 -9999 -9999 -9999 -9999 -9999 -9999 -9999 -9999 -9999 -9999 -9999 -9999 -9999 -9999
67.67720 67.87000 68.45500 68.47120 69.72030 69.23840 -9999 -9999 -9999 -9999 -9999 -9999 -9999 -9999 -9999 -9999 -9999 -9999 -9999 -9999 -9999 -9999 -9999 -9999 -9999 -9999 -9999 -9999 -9999 -9999 -9999 -9999 -9999 -9999 -9999 -9999 -9999 -9999 -9999 -9999 -9999 -9999 -9999 -9999 -9999 -9999 -9999 68.42780 -9999 -9999 -9999 -9999 -9999 -9999 -9999 -9999 -9999 -9999 -9999 -9999 -9999 -9999 -9999 -9999 -9999 -9999 -9999 -9999 -9999 -9999 -9999
68.17260 70.50160 73.29960 73.60910 73.35820 73.49620 62.98220 63.80270 66.47010 67.45080 65.70230 69.07320 68.57380 66.75380 65.90630 64.85340 63.37340 59.93140 83.26520 -9999 -9999 -9999 -9999 -9999 -9999 -9999 -9999 -9999 -9999 -9999 -9999 -9999 -9999 -9999 -9999 -9999 -9999 -9999 -9999 -9999 -9999 -9999 62.91850 58.44480 58.52990 58.54420 62.15960 63.39030 66.04560 -9999 -9999 -9999 70.40150 -9999 -9999 -9999 70.72630 71.35180 72.97130 -9999 -9999 -9999 -9999 -9999 -9999 -9999 -9999 -9999 -9999 -9999 -9999
68.87770 69.98270 65.14120 66.25250 65.27900 66.06070 60.40460 53.04800 57.54980 59.10270 59.66390 64.13480 63.62740 65.65270 66.59870 65.60160 64.05400 63.20670 59.92500 58.04580 58.56490 64.59340 70.24010 73.27270 66.37850 -9999 -9999 -9999 -9999 -9999 77.69730 75.94100 74.76280 72.11730 68.90140 68.36950 57.57960 56.93380 58.89210 59.48370 59.52920 60.42880 55.07390 56.34140 56.93830 58.69190 60.68160 62.27780 66.46950 67.16390 68.19880 69.40520 70.20030 71.05170 68.10260 68.93600 70.32100 69.49090 69.74780 70.27380 71.09260 71.07480 69.88930 70.52980 -9999 -9999 -9999 -9999 -9999 -9999 -9999
72.29370 74.85580 76.51760 77.32870 77.02740 77.83390 64.90840 66.61560 69.28590 70.66940 71.55930 71.75000 73.51760 74.68260 73.14790 73.49150 70.82060 69.68660 68.14770 69.11570 69.93220 67.52600 67.40600 73.16930 68.18070 70.20030 74.60920 69.16690 67.95830 66.67590 65.88460 76.47100 76.31500 76.11870 64.17860 63.09870 63.02940 61.09100 60.08970 59.98010 60.10040 60.57740 60.26260 60.23160 62.65900 63.47740 63.75250 64.79850 66.04800 67.21300 68.38930 68.35670 69.02980 69.24400 68.39820 68.21540 69.30780 70.55490 69.97100 69.81150 69.56190 69.49790 70.00440 68.99890 69.82530 70.45680 71.79870 71.38750 71.28400 71.25760 72.79580
80.88000 80.06450 81.24870 69.77670 70.97180 72.01830 74.00190 74.06340 74.29620 72.50730 68.70400 67.54030 71.19500 68.41860 65.69550 63.36010 67.37040 74.49290 84.21740 84.19730 83.50860 80.61140 85.15820 72.76280 56.44490 55.55230 64.73520 62.45630 62.61740 60.84180 57.08090 72.76820 78.86730 77.14380 65.89310 64.35040 63.84880 61.91540 61.19150 60.41790 61.20510 61.97170 61.81990 62.23480 63.60240 63.48340 63.26810 64.50530 65.31350 66.72270 67.36710 68.60310 68.01610 68.94520 67.23710 67.24150 69.54990 69.65080 68.67830 68.50960 68.57640 68.33050 68.64700 68.79260 69.16730 69.86920 71.17890 71.00980 71.39310 71.12490 73.46040
89.19940 88.83660 88.09330 88.52230 87.45200 83.94620 87.20550 68.76830 75.54870 82.01770 81.95260 81.66060 71.01630 81.14540 71.62460 85.12990 84.53730 82.09400 88.70810 88.73910 92.76080 93.00440 86.57690 65.62210 59.51170 57.63640 67.36110 57.64730 60.80420 52.67720 56.42060 62.34280 70.41910 71.64250 71.43450 70.06830 66.62610 74.96780 73.72750 73.08320 65.33610 65.94530 74.27760 74.52600 73.75490 75.05040 73.50190 65.79230 65.80600 65.60550 66.87260 67.71170 67.40470 67.68820 67.50240 67.30750 67.43750 68.18230 68.63260 68.52260 67.56670 70.52550 78.89270 79.69250 79.46800 79.35670 70.60200 69.95250 70.03750 70.05450 70.85660
94.33610 95.77230 95.64200 94.19050 91.88110 89.70910 89.11360 87.38530 85.21330 83.95150 83.33870 82.59390 81.30800 80.42010 81.21610 84.04610 85.25080 86.64600 95.94750 95.28830 93.21840 92.93160 82.40730 73.30320 54.40120 56.82750 59.91300 60.44050 66.83540 50.14090 60.27420 60.66050 62.25320 74.79680 86.86110 87.72140 86.34430 86.25260 85.13530 85.28530 84.41410 84.18060 84.34990 83.98070 82.70620 83.43920 82.51800 82.50140 82.64130 82.89570 84.19790 77.46510 76.00260 75.47730 66.40080 67.69940 67.75160 68.88430 76.80570 77.29780 78.12610 85.72880 86.89270 86.93470 85.69240 85.98260 85.52760 80.64720 77.94480 89.04950 89.58860
95.73040 96.41600 97.19130 90.31720 88.35170 87.53390 88.23600 87.43450 82.83930 81.23900 82.62920 82.50880 80.84420 82.25290 84.91040 86.53430 87.68180 89.67310 93.79470 89.96670 88.07050 83.48210 76.47720 72.63370 55.22050 57.40220 61.01730 60.76910 57.11510 52.63280 53.01210 63.16090 60.01430 58.42870 59.51330 63.31360 64.53520 74.33300 73.55640 74.14310 84.11490 84.07470 84.54000 83.93720 83.93800 84.14800 82.16180 81.82740 82.84050 82.89100 84.24590 84.02500 84.25690 84.29880 83.88800 84.42370 83.85740 83.98220 84.24060 84.13870 77.16270 85.84690 87.33540 88.28680 87.08410 87.13540 89.27160 88.95890 88.57880 88.71420 89.86710
92.15650 89.67520 89.90550 87.71040 88.12910 88.41550 89.67360 89.72870 88.18340 86.60790 86.01980 83.14540 79.41470 78.70970 82.61490 84.96840 86.53730 87.72780 95.04240 93.52130 84.12170 75.22090 56.84810 61.37250 64.69090 67.08710 61.40470 60.03470 56.59220 54.20790 49.03520 53.68620 55.32010 58.05490 60.30700 59.44840 58.37810 57.46240 57.44830 57.42920 60.55810 71.80840 86.34780 86.11420 84.12080 83.20360 72.38810 72.49070 84.08030 82.65240 83.72970 83.82080 84.17620 84.44120 84.51320 84.63210 83.82400 83.80710 83.65440 84.34450 82.02270 84.82340 86.82350 87.12300 86.12170 87.33920 88.15160 88.64620 87.82600 88.31100 89.19570
87.86950 86.26120 87.30990 87.48980 88.79070 91.10840 92.17800 91.15080 92.52680 92.15250 89.12310 88.28640 87.92040 81.12590 84.84160 87.61240 89.14180 86.65470 88.88740 87.70920 71.71610 62.14530 58.01990 59.97330 59.22760 65.36180 65.06930 66.66170 68.51890 67.97100 56.77190 58.00100 57.15310 56.34700 65.93460 66.44100 66.73180 66.35810 67.82060 68.21500 57.40010 60.17490 71.96220 84.93290 83.77230 84.73330 84.40570 83.06090 84.50930 84.28790 74.66260 73.66480 85.47100 83.99930 84.96520 84.37480 84.19190 85.41050 83.94790 86.37590 87.74330 84.37450 84.54900 84.53210 84.73540 86.50090 86.65390 87.12660 86.47220 86.66820 87.85420
87.09910 85.55980 87.64480 86.85150 87.50090 89.30180 89.14540 89.02570 86.88790 87.71190 89.16990 91.15370 82.98780 78.08530 80.07560 79.22190 74.94120 87.75250 91.68450 88.56170 79.68770 60.18330 59.83280 59.87780 57.73100 57.72550 58.02710 58.82050 58.64330 60.27460 61.66760 65.41130 63.18560 61.45320 56.40990 56.93630 56.98180 58.53130 63.20140 63.63410 63.84020 65.12110 68.86920 70.81250 71.20440 71.78520 74.59980 77.00980 86.54520 85.79980 85.81030 86.22870 83.95780 71.97540 84.52410 83.41020 83.30070 79.24450 84.15030 84.78640 84.16320 83.51670 83.00640 83.46510 83.77750 83.97760 85.77780 85.23100 84.78250 84.58410 85.79650
92.48860 90.93380 91.84380 90.42860 88.33100 88.77550 84.85470 85.22610 88.69610 89.31150 90.28120 91.32760 92.57400 90.89670 82.84980 88.66360 73.81490 83.52320 85.81100 91.33440 90.33350 70.92610 68.22880 67.85910 50.92990 51.03220 50.98820 52.57300 53.47520 53.42130 52.60290 52.77870 53.55660 52.57250 51.19440 52.78760 53.89640 55.39940 56.08760 59.14880 58.79510 61.28990 65.42800 67.02530 63.74610 64.51130 66.70610 71.21270 75.45100 78.55420 79.67870 85.36070 85.61090 82.44840 68.29370 80.96490 81.87060 83.23600 81.22840 81.16330 81.64780 81.52060 83.13850 81.83140 81.57900 82.34070 82.05750 84.57160 84.45950 83.82660 85.14520
91.68340 87.91220 84.32910 80.05880 88.24580 83.73030 79.23350 76.83160 76.85460 79.52350 78.40610 77.12610 78.65880 80.97340 92.00820 93.61090 91.05500 89.41940 88.50800 86.79910 85.08750 82.42200 74.54980 75.63750 70.25110 68.42430 67.15770 50.62740 51.92440 53.50930 56.09770 54.86410 53.14210 55.21710 52.51590 53.61210 55.38490 57.34790 58.25980 59.75720 61.50740 62.38220 67.26230 65.90190 67.95160 68.50480 69.86330 72.18910 72.93380 76.64640 77.33700 78.70780 77.98210 84.47040 80.52410 68.71920 81.72890 81.66900 79.95860 80.47680 80.59700 80.63760 82.62150 81.49440 80.09410 80.79070 81.52850 81.19830 81.84240 83.57000 84.44380
81.54500 79.53580 80.55250 85.53090 84.25230 97.32150 96.68970 95.08890 87.56620 93.90350 93.70000 89.93980 84.47040 79.93030 87.02720 91.34960 85.54200 76.79110 87.38250 85.24720 81.37110 80.51930 80.43720 80.16280 76.86030 76.66340 76.81240 75.94590 75.24840 80.71080 65.85150 59.94760 56.01770 58.41480 65.78250 65.29750 61.84530 62.99980 61.99970 63.35700 65.00070 67.86850 66.14290 67.57450 69.47560 70.46230 72.37960 71.30660 70.75860 75.26890 73.88990 75.49870 74.31150 74.83070 84.83090 70.00060 81.57370 81.12100 80.22760 80.73580 79.61180 79.86500 80.27660 80.06060 81.35950 81.45430 81.31430 81.18990 80.81850 81.34210 82.39240
80.12080 81.91180 84.07150 96.57290 95.93370 95.16810 97.42670 98.93140 95.95860 96.35020 95.10450 94.66660 95.09880 93.65390 94.82770 87.49980 86.67180 86.41960 89.80010 88.67640 88.34930 88.30950 85.49690 86.39620 78.34630 68.08610 65.30840 63.97140 66.38540 66.35100 60.90260 62.80020 62.86450 63.86090 60.01420 61.26160 65.46590 66.45570 66.73830 66.23650 64.94970 64.94620 67.50470 71.73920 76.08090 75.73220 75.32450 75.24420 73.40420 75.67840 73.06280 72.73530 74.66890 74.40690 84.39250 71.37090 67.74120 80.62650 80.44470 79.86150 79.10350 79.49070 79.95900 79.37750 80.16500 80.32010 80.15090 80.76120 81.43170 80.34680 81.04250
85.55190 85.69610 85.71780 85.77550 82.41260 82.15570 83.49420 85.46740 90.67120 92.93180 94.52230 94.55750 80.11570 78.68160 77.03190 77.84950 78.02370 69.22700 83.07760 83.77290 84.90050 86.95440 82.03760 76.52050 59.68090 52.16870 58.89430 59.04960 60.57200 63.16840 66.93570 64.60090 61.21170 57.05520 57.37300 62.46090 66.94070 66.72430 67.63070 70.51980 71.31110 70.98080 66.98560 73.94010 78.98550 80.90620 77.22160 74.52400 76.37270 70.88540 67.70600 72.10620 73.97990 75.26760 83.60400 75.99480 73.16600 82.01210 80.74250 79.54060 81.04160 80.32520 79.91770 79.51230 78.88500 78.60290 78.70270 79.81310 78.90190 78.56460 81.40500
83.60560 82.37940 85.67840 85.06400 84.32750 82.84910 81.32440 78.01910 74.09690 85.02160 89.17790 89.39400 88.08900 85.98560 87.28060 80.71000 81.60710 79.16570 80.06970 79.47420 80.13300 84.92390 86.79840 80.18260 68.80090 57.43150 50.99940 49.47950 56.74990 62.84290 60.77220 57.39030 56.78200 53.46630 54.70470 55.76220 62.68820 66.59390 71.11080 73.59440 72.78560 73.90560 70.34000 73.76150 82.00260 81.33050 81.07520 77.57610 76.55230 72.81360 68.72890 67.20880 72.94290 77.35870 78.59420 80.25170 85.13590 84.47380 81.48060 80.83380 81.08030 79.71320 78.39320 78.19430 79.03630 80.40250 79.62370 79.84750 79.70690 79.63490 82.35850
82.37450 81.43580 81.92420 82.67880 82.48890 80.83350 82.78300 83.64610 82.36930 80.13630 76.05550 71.75260 80.74000 85.66500 97.57050 89.93430 96.05870 87.64200 81.53310 81.39510 81.15250 81.76740 77.71050 74.10230 68.24050 61.82180 59.89560 65.19370 60.55500 67.26630 66.16890 67.80690 63.06090 57.72980 56.03360 55.78690 60.47030 66.36670 72.33300 73.64670 74.29100 73.45970 79.01880 76.52960 79.43350 82.16220 80.84070 80.04710 75.99820 78.59820 78.76750 76.74720 73.14760 75.64110 80.55460 78.49890 85.98840 88.04020 85.55000 84.37770 84.96840 82.27010 82.40110 80.20010 80.41530 80.63300 80.19530 80.94580 82.73320 83.25460 81.95410
82.62750 -9999 75.00130 81.71970 84.77160 87.33990 -9999 86.46970 86.70340 85.58550 83.07660 74.81340 74.76500 80.42670 79.93760 79.73000 77.40810 84.38860 89.96290 85.95640 80.19570 78.47790 78.36280 77.00360 74.48770 67.73600 68.92590 67.31000 68.56410 68.85240 70.10650 72.31490 67.58550 60.81320 56.70690 64.43150 65.60770 68.62050 67.69930 69.92020 70.87710 75.82570 86.90990 83.64300 77.65500 78.14420 77.73260 75.82090 75.96000 75.93430 75.81830 73.97980 72.25080 75.23140 81.12810 85.69450 89.52230 89.15030 86.41830 86.71500 85.96380 85.02060 86.29120 84.70490 84.47940 82.67910 81.27410 82.89200 81.78170 83.01490 79.34460
