data/hydroclimate-scenarios/BCSD_hadcm_A1B/monthly_summaries/soilm3_monthly_day1_mar.2070-2099.asc
ncols	311
nrows	91
xllcenter	102.75
yllcenter	31.75
cellsize	0.5
NODATA_value	-9999
[rows 0 to 31 of 91, columns 0 to 70 of 311]
-9999 -9999 -9999 -9999 -9999 -9999 -9999 -9999 -9999 -9999 -9999 -9999 -9999 -9999 -9999 -9999 -9999 -9999 -9999 -9999 -9999 -9999 -9999 -9999 -9999 -9999 -9999 -9999 -9999 -9999 -9999 -9999 -9999 -9999 -9999 -9999 -9999 -9999 -9999 -9999 -9999 -9999 -9999 -9999 -9999 -9999 -9999 -9999 -9999 -9999 -9999 -9999 -9999 -9999 -9999 -9999 -9999 -9999 -9999 -9999 -9999 -9999 -9999 -9999 -9999 -9999 -9999 -9999 -9999 -9999 -9999
-9999 -9999 -9999 -9999 -9999 -9999 -9999 -9999 -9999 -9999 -9999 -9999 -9999 -9999 -9999 -9999 -9999 -9999 -9999 -9999 -9999 -9999 -9999 -9999 -9999 -9999 -9999 -9999 -9999 -9999 -9999 -9999 -9999 -9999 -9999 -9999 -9999 -9999 -9999 -9999 -9999 -9999 -9999 -9999 -9999 -9999 -9999 -9999 -9999 -9999 -9999 -9999 -9999 -9999 -9999 -9999 -9999 -9999 -9999 -9999 -9999 -9999 -9999 -9999 -9999 -9999 -9999 -9999 -9999 -9999 -9999
-9999 -9999 -9999 -9999 -9999 -9999 -9999 -9999 -9999 -9999 -9999 -9999 -9999 -9999 -9999 -9999 -9999 -9999 -9999 -9999 -9999 -9999 -9999 -9999 -9999 -9999 -9999 -9999 -9999 -9999 -9999 -9999 -9999 -9999 -9999 -9999 -9999 -9999 -9999 -9999 -9999 -9999 -9999 -9999 -9999 -9999 -9999 -9999 -9999 -9999 -9999 -9999 -9999 -9999 -9999 -9999 -9999 -9999 -9999 -9999 -9999 -9999 -9999 -9999 -9999 -9999 -9999 -9999 -9999 -9999 -9999
-9999 -9999 -9999 -9999 -9999 -9999 -9999 -9999 -9999 -9999 -9999 -9999 -9999 -9999 -9999 -9999 -9999 -9999 -9999 -9999 -9999 -9999 -9999 -9999 -9999 -9999 -9999 -9999 -9999 -9999 -9999 -9999 -9999 -9999 -9999 -9999 -9999 -9999 -9999 -9999 -9999 -9999 -9999 -9999 -9999 -9999 -9999 -9999 -9999 -9999 -9999 -9999 -9999 -9999 -9999 -9999 -9999 -9999 -9999 -9999 -9999 -9999 -9999 -9999 -9999 -9999 -9999 -9999 -9999 -9999 -9999
-9999 -9999 -9999 -9999 -9999 -9999 -9999 -9999 -9999 -9999 -9999 -9999 -9999 -9999 -9999 -9999 -9999 -9999 -9999 -9999 -9999 -9999 -9999 -9999 -9999 -9999 -9999 -9999 -9999 -9999 -9999 -9999 -9999 -9999 -9999 -9999 -9999 -9999 -9999 -9999 -9999 -9999 -9999 -9999 -9999 -9999 -9999 -9999 -9999 -9999 -9999 -9999 -9999 -9999 -9999 -9999 -9999 -9999 -9999 -9999 -9999 -9999 -9999 -9999 -9999 -9999 -9999 -9999 -9999 -9999 -9999
-9999 -9999 -9999 -9999 -9999 -9999 -9999 -9999 -9999 -9999 -9999 -9999 -9999 -9999 -9999 -9999 -9999 -9999 -9999 -9999 -9999 -9999 -9999 -9999 -9999 -9999 -9999 -9999 -9999 -9999 -9999 -9999 -9999 -9999 -9999 -9999 -9999 -9999 -9999 -9999 -9999 -9999 -9999 -9999 -9999 -9999 -9999 -9999 -9999 -9999 -9999 -9999 -9999 -9999 -9999 -9999 -9999 -9999 -9999 -9999 -9999 -9999 -9999 -9999 -9999 -9999 -9999 -9999 -9999 -9999 -9999
-9999 -9999 -9999 -9999 -9999 -9999 -9999 -9999 -9999 -9999 -9999 -9999 -9999 -9999 -9999 -9999 -9999 -9999 -9999 -9999 -9999 -9999 -9999 -9999 -9999 -9999 -9999 -9999 -9999 -9999 -9999 -9999 -9999 -9999 -9999 -9999 -9999 -9999 -9999 -9999 -9999 -9999 -9999 -9999 -9999 -9999 -9999 -9999 -9999 -9999 -9999 -9999 -9999 -9999 -9999 -9999 -9999 -9999 -9999 -9999 -9999 -9999 -9999 -9999 -9999 -9999 -9999 -9999 -9999 -9999 -9999
-9999 -9999 -9999 -9999 -9999 -9999 -9999 -9999 -9999 -9999 -9999 -9999 -9999 -9999 -9999 -9999 -9999 -9999 -9999 -9999 -9999 -9999 -9999 -9999 -9999 -9999 -9999 -9999 -9999 -9999 -9999 -9999 -9999 -9999 -9999 -9999 -9999 -9999 -9999 -9999 -9999 -9999 19.22750 18.74810 19.27210 19.27320 19.38340 19.58490 19.46060 20.25860 19.95400 19.55320 -9999 -9999 -9999 -9999 -9999 -9999 -9999 -9999 -9999 -9999 -9999 -9999 -9999 -9999 -9999 -9999 -9999 -9999 -9999
-9999 -9999 -9999 -9999 -9999 -9999 -9999 -9999 -9999 -9999 -9999 -9999 -9999 -9999 -9999 -9999 -9999 -9999 -9999 -9999 -9999 -9999 -9999 -9999 -9999 -9999 -9999 -9999 -9999 -9999 -9999 -9999 -9999 -9999 -9999 -9999 -9999 -9999 20.39000 20.45680 20.53750 20.92960 20.53980 19.76560 20.17820 18.96670 18.35240 18.34530 19.65430 20.57130 22.64850 23.08810 22.99460 22.99040 -9999 -9999 -9999 -9999 -9999 -9999 -9999 -9999 -9999 -9999 -9999 -9999 -9999 -9999 -9999 -9999 -9999
-9999 -9999 -9999 -9999 -9999 -9999 -9999 -9999 -9999 -9999 -9999 -9999 -9999 -9999 -9999 -9999 -9999 -9999 -9999 -9999 -9999 -9999 -9999 -9999 -9999 -9999 -9999 -9999 -9999 -9999 -9999 -9999 -9999 -9999 -9999 -9999 -9999 -9999 -9999 -9999 19.80530 19.80090 19.91890 20.05950 20.56210 21.39000 20.48530 20.98170 18.46650 18.37150 18.66410 21.10020 22.61270 22.59750 -9999 -9999 -9999 -9999 -9999 -9999 -9999 -9999 -9999 -9999 -9999 -9999 -9999 -9999 -9999 -9999 -9999
-9999 -9999 -9999 -9999 -9999 -9999 -9999 -9999 -9999 -9999 -9999 -9999 -9999 -9999 -9999 -9999 -9999 -9999 -9999 -9999 -9999 -9999 -9999 -9999 -9999 -9999 -9999 -9999 -9999 -9999 -9999 -9999 -9999 -9999 -9999 -9999 -9999 -9999 -9999 -9999 -9999 -9999 -9999 -9999 19.76160 20.15350 20.47470 21.98640 21.90680 19.86830 20.88270 20.76000 21.73220 22.58620 -9999 -9999 -9999 -9999 -9999 -9999 19.03170 -9999 -9999 -9999 -9999 -9999 -9999 -9999 -9999 -9999 -9999
-9999 -9999 -9999 -9999 -9999 -9999 -9999 -9999 -9999 -9999 -9999 -9999 -9999 -9999 -9999 -9999 -9999 -9999 -9999 -9999 -9999 -9999 -9999 -9999 -9999 -9999 -9999 -9999 -9999 -9999 -9999 -9999 -9999 -9999 -9999 -9999 -9999 -9999 -9999 -9999 -9999 19.75610 19.77070 19.77020 19.76950 19.74430 19.96060 20.35370 20.25930 19.86990 19.78030 21.12920 22.20590 22.03970 -9999 -9999 -9999 -9999 -9999 20.62360 21.11670 22.20780 22.00520 20.40170 20.80270 21.60450 22.40340 23.51640 22.21710 22.41460 21.61760
-9999 -9999 -9999 -9999 -9999 -9999 -9999 -9999 -9999 -9999 -9999 -9999 -9999 -9999 -9999 -9999 -9999 -9999 -9999 -9999 -9999 -9999 -9999 -9999 -9999 -9999 -9999 -9999 -9999 -9999 -9999 -9999 -9999 -9999 -9999 -9999 -9999 -9999 -9999 -9999 -9999 20.82880 19.96100 19.76810 19.76550 19.74500 20.60800 20.51560 19.95350 20.85290 21.73810 23.12430 22.45890 22.43490 22.23790 22.41930 21.17670 -9999 20.84820 23.41960 23.51230 23.40350 23.30120 22.40130 22.90200 23.51240 22.61090 22.23230 21.53290 20.71630 20.41460
-9999 -9999 -9999 -9999 -9999 -9999 -9999 -9999 -9999 -9999 -9999 -9999 -9999 -9999 -9999 -9999 -9999 -9999 -9999 -9999 -9999 -9999 -9999 -9999 -9999 -9999 -9999 -9999 -9999 -9999 -9999 -9999 -9999 -9999 -9999 23.33110 21.16530 19.89950 19.90590 19.72290 19.72850 19.71640 19.73490 19.86150 20.42900 20.48820 19.74940 20.03310 21.83440 23.03260 22.94660 23.16090 23.15920 23.05070 22.41840 22.51530 22.92560 23.06560 23.56670 23.51460 23.30430 22.90080 22.80120 22.80620 23.00220 23.51320 23.41040 23.01890 22.73500 22.28420 22.28440
-9999 -9999 -9999 -9999 -9999 -9999 -9999 -9999 -9999 -9999 -9999 -9999 -9999 -9999 -9999 -9999 -9999 -9999 -9999 -9999 -9999 -9999 -9999 -9999 -9999 -9999 -9999 -9999 -9999 -9999 -9999 -9999 -9999 -9999 23.60920 22.84710 22.16770 22.07120 20.20140 19.70340 19.70990 19.72170 19.92000 20.60560 20.14540 19.73800 19.73910 20.82780 23.02760 23.06730 22.90780 22.90770 22.95130 22.50260 22.43430 22.99160 22.99350 23.36790 23.53520 23.33370 22.83460 22.73090 23.12780 23.33620 23.51450 23.40870 23.10340 23.00380 22.82790 22.86370 22.78980
-9999 -9999 -9999 -9999 -9999 -9999 -9999 -9999 -9999 -9999 -9999 -9999 -9999 -9999 -9999 -9999 -9999 -9999 -9999 -9999 -9999 -9999 -9999 -9999 -9999 -9999 -9999 -9999 -9999 -9999 -9999 -9999 -9999 23.59130 23.40670 22.24270 22.25250 21.66230 20.58160 19.68170 19.69430 19.71670 20.71450 20.41050 19.74170 20.23100 21.22840 21.62240 22.15970 22.38750 22.21730 23.06210 22.96820 22.46060 22.36720 22.93040 22.97970 22.92440 22.91410 22.83630 23.13370 23.32600 23.32380 23.50630 23.50820 23.30830 23.00670 23.30650 23.31640 23.44780 22.92640
-9999 -9999 -9999 -9999 -9999 -9999 -9999 -9999 -9999 -9999 -9999 -9999 -9999 -9999 -9999 -9999 -9999 -9999 -9999 -9999 -9999 -9999 -9999 -9999 -9999 -9999 -9999 -9999 -9999 -9999 -9999 23.36870 21.61320 21.11420 21.02090 22.13170 21.34460 20.46880 19.68390 19.87360 19.79600 19.99900 20.49740 20.03100 19.74140 20.53670 22.80480 22.98000 22.93930 22.88770 22.88950 22.50980 22.50900 22.42820 22.85870 22.94540 22.88450 22.85900 23.15270 23.14350 23.33300 23.52160 23.41730 23.50150 23.50310 23.51280 23.40770 23.10170 23.00130 22.93440 22.87840
-9999 -9999 -9999 -9999 -9999 -9999 -9999 -9999 -9999 -9999 -9999 -9999 -9999 -9999 -9999 -9999 -9999 -9999 -9999 -9999 -9999 -9999 -9999 -9999 -9999 -9999 -9999 -9999 -9999 20.71290 22.10520 20.61880 19.62370 19.62560 19.63180 19.64470 20.75450 22.65780 20.78280 19.68160 20.35380 20.89730 19.73150 19.74020 19.73090 19.73520 20.43140 22.59910 22.88510 22.92230 22.79850 22.53290 22.47670 22.40300 22.87410 23.00310 22.93380 22.93400 22.90800 22.91270 23.32340 23.31070 23.31050 23.40240 23.50390 23.40620 23.52840 23.54580 23.55930 23.57570 22.95500
-9999 -9999 -9999 -9999 -9999 -9999 -9999 -9999 -9999 -9999 -9999 -9999 -9999 -9999 -9999 -9999 -9999 -9999 -9999 -9999 -9999 -9999 -9999 -9999 21.62800 21.33230 20.93070 20.31530 20.11380 19.61880 19.62000 19.62310 19.62810 19.64280 19.65250 20.05000 22.74390 21.19820 20.31830 19.74530 20.05880 21.03740 20.06260 19.74150 19.72390 19.70810 20.00890 20.53170 21.86740 22.98760 22.89420 23.18220 22.64260 22.94720 22.93270 23.00320 22.94070 22.92490 22.91330 23.20380 23.50200 23.50230 23.40130 23.30010 23.30020 23.30080 23.40220 23.21710 23.11740 23.33620 23.71390
-9999 -9999 -9999 -9999 -9999 -9999 22.86960 22.89310 22.90170 22.93440 22.92180 -9999 -9999 -9999 -9999 -9999 -9999 -9999 -9999 -9999 -9999 21.62700 19.94350 20.74080 21.93590 20.84340 20.03980 19.62410 19.62160 19.62430 19.62280 19.62930 19.63190 19.64860 19.65520 19.64820 19.66430 19.89200 22.09790 19.72290 20.12610 20.16740 20.95040 19.71870 19.71120 19.69060 19.98620 21.79570 23.02920 22.98630 22.94840 22.70430 22.94690 23.06570 22.96800 22.95370 22.93330 22.92240 23.22120 23.40970 23.40340 23.40220 23.30170 23.40140 23.40400 22.80100 22.80100 22.90680 22.90630 22.90700 22.84480
-9999 -9999 -9999 -9999 -9999 22.86420 22.86650 22.84590 22.94260 22.84140 22.84580 22.85530 22.85070 22.84650 -9999 -9999 -9999 22.91790 22.62020 21.14480 20.64250 19.66300 19.66320 19.63570 19.28430 18.96980 18.85860 18.83950 18.73220 18.74530 18.85620 18.85560 19.07050 19.09120 18.97090 18.87500 18.89810 18.98550 18.97940 18.84230 18.85510 18.86870 20.74410 19.93210 18.70540 18.90820 19.62740 20.78170 22.60070 22.98280 22.90590 22.54020 23.06440 22.86420 22.90440 22.94270 22.95990 22.92260 22.90460 22.72760 22.81010 22.90060 22.70100 22.80040 22.71240 22.82710 22.90770 22.91170 22.90870 22.91560 22.84480
-9999 21.88530 18.32090 18.28870 18.29340 22.67360 23.36690 22.94330 22.93840 22.93840 22.93630 22.95340 22.95660 22.95230 22.94480 22.93390 22.93240 22.92480 22.93010 22.92680 22.14150 19.86660 20.35820 18.74630 18.53780 18.54990 18.54940 18.53890 18.53430 18.54220 18.53840 18.53600 18.53520 18.54120 18.55010 18.55270 18.56190 18.55350 18.55120 18.59410 18.59850 18.61700 19.44160 20.81390 18.58850 18.58720 18.56880 19.59810 21.57000 21.72890 22.22880 23.14090 23.11820 22.94280 23.00360 23.10480 23.00540 22.91810 22.91180 22.74690 22.80760 22.81020 22.80690 22.80620 22.82050 23.02240 23.00400 22.83860 22.91320 22.94130 23.04290
-9999 22.99480 22.98680 22.95140 22.94660 22.65330 22.43920 22.44570 22.14170 22.84070 22.94130 22.94110 22.94480 22.94070 22.94340 22.94220 22.96070 22.94860 22.95210 22.94380 21.96000 21.46130 23.40170 19.27600 18.55860 18.57370 18.56210 18.54270 18.53950 18.54700 18.53950 18.56030 18.57140 18.56530 19.18190 18.57280 18.58280 18.58070 18.58030 18.56930 18.58020 18.60120 18.62080 21.21370 19.58210 18.66290 18.55670 18.60160 18.60940 19.48040 20.82140 22.91110 22.96640 23.10370 22.99820 23.01260 22.98010 23.00630 22.90280 22.35570 22.74490 22.82900 22.83240 22.71830 22.83240 23.44500 23.24640 22.79520 22.87460 22.81720 22.89920
-9999 -9999 -9999 19.32050 19.14150 18.75380 18.72020 18.70350 18.69480 18.80040 22.94820 23.05770 23.14320 23.34010 23.13670 22.94760 22.97090 22.96540 23.16190 23.45330 23.53910 23.53310 22.54500 18.80540 18.58560 18.60230 18.59070 18.54590 18.54460 18.55300 18.55760 18.57510 19.08060 19.28100 20.19150 21.24730 18.26320 18.28490 19.69860 21.09450 20.27320 20.45050 23.67930 23.51670 22.09310 20.96080 19.86590 18.80390 18.90010 20.13300 22.30430 22.73880 22.02860 23.05840 22.62510 23.03740 23.06580 22.88600 22.95220 22.34520 22.78190 22.87340 22.82100 22.86110 22.84630 22.93070 22.91760 22.93720 22.89950 22.99790 23.01800
-9999 -9999 -9999 -9999 -9999 -9999 20.22080 20.82330 21.51420 22.45260 23.34150 23.47920 23.47660 23.48310 23.47660 23.35570 23.35080 23.52080 23.52460 23.12420 21.56860 19.78070 18.66410 18.61780 18.61600 18.62810 18.60280 19.99700 21.48930 18.98170 18.56780 18.57480 20.96930 22.89530 19.63430 22.81010 22.34190 20.96360 23.90560 24.03500 24.00070 23.25350 22.86090 23.26020 23.51200 23.78740 22.39960 21.42130 20.49550 19.43320 20.03210 19.78720 19.19430 22.63620 22.20110 19.16730 23.09000 23.11950 23.03740 22.94280 22.44140 22.84180 22.42220 22.38160 22.88900 22.87390 22.86800 22.96180 23.05490 23.00030 23.01060
-9999 -9999 -9999 -9999 -9999 -9999 23.48900 23.49020 23.47170 23.50330 23.49120 23.47310 23.48040 23.48500 23.50240 23.53000 23.06050 21.26520 20.16250 18.84550 18.64960 18.67160 18.67080 18.66990 18.66070 18.65110 18.64120 20.03440 24.28470 24.27670 23.20120 23.30270 22.91720 23.66240 23.48540 23.35770 22.73300 22.64470 22.32370 22.73580 23.01150 23.33410 23.79360 23.48770 23.18560 23.00070 23.25390 24.15470 23.99460 22.94040 21.51010 20.04340 19.54180 19.76800 19.39520 18.62140 19.28240 19.53810 20.42360 20.23960 21.42700 21.71210 22.87820 22.93630 23.02260 22.90810 22.95480 22.95590 23.01230 23.08160 23.14420
-9999 -9999 -9999 -9999 -9999 -9999 -9999 -9999 -9999 -9999 23.21850 23.48710 23.48540 23.51450 23.50860 20.67860 18.68560 18.67530 18.73870 18.69880 18.69790 18.69280 18.69650 18.66550 18.66590 18.66850 18.67500 18.63430 19.21910 20.37260 19.75840 20.31080 21.31290 23.33950 24.12070 23.63850 24.01010 24.10520 24.08650 24.08680 22.23570 20.72680 19.88290 21.21420 21.19840 21.79580 21.40400 20.29560 23.69730 24.18820 24.15730 23.82690 23.49790 22.39090 22.16790 22.96210 21.94060 22.71090 22.73750 22.36860 22.71800 20.20780 19.91000 19.37390 20.10030 20.47320 20.27830 21.26880 22.99240 23.01970 22.98050
-9999 -9999 -9999 -9999 -9999 -9999 -9999 -9999 -9999 -9999 22.05740 23.47300 23.48620 23.52140 23.55520 20.76240 18.75880 18.78070 18.78450 18.76900 18.78660 18.77470 18.75890 18.70500 18.70310 18.70560 18.68400 18.65160 18.63660 19.57550 20.37480 20.32020 22.43140 23.06800 21.42900 22.44000 20.21880 18.57980 19.06600 19.18050 18.57590 18.57150 18.56250 18.57880 18.57690 18.58100 18.58950 18.63620 18.73780 22.97700 24.16980 24.12980 24.11700 23.86340 21.86300 24.21590 24.31180 24.34920 24.32260 24.22120 24.10770 24.08980 23.90270 22.49140 20.56820 21.09380 19.88530 18.68560 22.01180 23.06450 23.14940
-9999 -9999 -9999 -9999 -9999 -9999 -9999 -9999 -9999 -9999 -9999 -9999 23.49720 23.52430 23.56730 23.14770 19.91170 18.84490 18.83490 18.86630 18.84200 18.93380 18.54200 18.85460 18.71410 18.71670 18.70950 18.67470 18.65570 18.73730 19.78420 19.54990 19.54410 18.80840 18.61460 18.62090 18.60880 18.60190 18.58500 18.58680 18.58370 18.58090 18.58840 18.58640 18.58640 18.58530 18.60170 18.64490 18.65050 19.13110 20.97420 22.66130 22.81830 21.79520 20.61120 23.28410 24.27230 24.36690 24.35100 24.33310 24.31990 24.29660 23.51620 22.29330 23.39110 24.17210 21.45010 18.80060 19.67270 21.35540 23.02290
-9999 -9999 -9999 -9999 -9999 -9999 -9999 -9999 -9999 -9999 -9999 -9999 23.50450 23.54130 23.57420 23.65410 23.68500 23.55660 20.67510 19.96950 18.63500 20.01110 18.56820 19.56420 18.70390 18.72390 18.72770 18.69490 18.66320 18.65700 18.62750 18.62100 18.62370 18.62490 18.61460 18.61910 18.60640 18.61830 18.59740 18.59650 18.60180 18.59040 18.58840 18.59210 18.59680 19.42600 20.02570 22.03420 23.62760 23.59570 22.21290 22.15970 21.51510 20.68150 22.43250 24.16880 24.20910 24.28240 24.26960 24.22750 23.73070 22.41600 23.09530 24.15650 24.21900 22.36700 20.98260 22.03730 22.95200 23.17310 23.05670
-9999 -9999 -9999 -9999 -9999 -9999 -9999 -9999 -9999 -9999 -9999 23.51030 23.48750 23.52930 23.56610 23.55770 22.33550 18.34680 18.36110 18.36420 18.39790 20.01580 19.85950 18.89700 18.66060 18.62020 18.63680 18.67310 18.65760 18.63440 18.61150 18.63750 18.63050 18.62090 18.61180 18.59420 18.59090 18.61480 18.61350 18.61190 18.61120 18.59330 18.59520 18.61890 18.60320 18.60850 19.91960 21.17150 21.66960 23.31290 23.01230 23.06550 22.84470 23.55790 24.06860 24.21480 24.16110 24.19980 24.18390 22.97280 23.21730 24.38730 24.41680 24.24540 24.25010 22.90950 22.32770 23.04110 23.03280 22.96590 23.04650
-9999 -9999 -9999 -9999 -9999 -9999 -9999 -9999 -9999 -9999 -9999 23.44720 23.51300 23.53690 23.58700 23.54870 20.83270 18.93320 18.37140 19.17700 20.01470 20.06340 19.36090 19.85100 19.63040 19.47740 18.67590 18.66560 18.65180 18.65350 18.62260 18.61700 18.61920 18.61130 18.62550 18.62320 18.62390 18.64390 18.64700 18.64270 18.64480 18.71750 19.33070 19.85650 20.55950 22.75440 23.15290 23.47030 24.29410 24.27660 24.30990 24.36930 24.34070 24.31010 24.30880 24.48370 24.49570 23.20750 22.92510 23.95590 24.30550 24.46160 24.44720 24.22430 23.35950 22.36360 23.97390 23.36280 23.04420 23.06390 23.20200
