data/hydroclimate-scenarios/BCSD_hadcm_A1B/monthly_summaries/soilm1_monthly_day1_feb.2070-2099.asc
ncols	311
nrows	91
xllcenter	102.75
yllcenter	31.75
cellsize	0.5
NODATA_value	-9999
[rows 0 to 31 of 91, columns 0 to 70 of 311]
-9999 -9999 -9999 -9999 -9999 -9999 -9999 -9999 -9999 -9999 -9999 -9999 -9999 -9999 -9999 -9999 -9999 -9999 -9999 -9999 -9999 -9999 -9999 -9999 -9999 -9999 -9999 -9999 -9999 -9999 -9999 -9999 -9999 -9999 -9999 -9999 -9999 -9999 -9999 -9999 -9999 -9999 -9999 -9999 -9999 -9999 -9999 -9999 -9999 -9999 -9999 -9999 -9999 -9999 -9999 -9999 -9999 -9999 -9999 -9999 -9999 -9999 -9999 -9999 -9999 -9999 -9999 -9999 -9999 -9999 -9999
-9999 -9999 -9999 -9999 -9999 -9999 -9999 -9999 -9999 -9999 -9999 -9999 -9999 -9999 -9999 -9999 -9999 -9999 -9999 -9999 -9999 -9999 -9999 -9999 -9999 -9999 -9999 -9999 -9999 -9999 -9999 -9999 -9999 -9999 -9999 -9999 -9999 -9999 -9999 -9999 -9999 -9999 -9999 -9999 -9999 -9999 -9999 -9999 -9999 -9999 -9999 -9999 -9999 -9999 -9999 -9999 -9999 -9999 -9999 -9999 -9999 -9999 -9999 -9999 -9999 -9999 -9999 -9999 -9999 -9999 -9999
-9999 -9999 -9999 -9999 -9999 -9999 -9999 -9999 -9999 -9999 -9999 -9999 -9999 -9999 -9999 -9999 -9999 -9999 -9999 -9999 -9999 -9999 -9999 -9999 -9999 -9999 -9999 -9999 -9999 -9999 -9999 -9999 -9999 -9999 -9999 -9999 -9999 -9999 -9999 -9999 -9999 -9999 -9999 -9999 -9999 -9999 -9999 -9999 -9999 -9999 -9999 -9999 -9999 -9999 -9999 -9999 -9999 -9999 -9999 -9999 -9999 -9999 -9999 -9999 -9999 -9999 -9999 -9999 -9999 -9999 -9999
-9999 -9999 -9999 -9999 -9999 -9999 -9999 -9999 -9999 -9999 -9999 -9999 -9999 -9999 -9999 -9999 -9999 -9999 -9999 -9999 -9999 -9999 -9999 -9999 -9999 -9999 -9999 -9999 -9999 -9999 -9999 -9999 -9999 -9999 -9999 -9999 -9999 -9999 -9999 -9999 -9999 -9999 -9999 -9999 -9999 -9999 -9999 -9999 -9999 -9999 -9999 -9999 -9999 -9999 -9999 -9999 -9999 -9999 -9999 -9999 -9999 -9999 -9999 -9999 -9999 -9999 -9999 -9999 -9999 -9999 -9999
-9999 -9999 -9999 -9999 -9999 -9999 -9999 -9999 -9999 -9999 -9999 -9999 -9999 -9999 -9999 -9999 -9999 -9999 -9999 -9999 -9999 -9999 -9999 -9999 -9999 -9999 -9999 -9999 -9999 -9999 -9999 -9999 -9999 -9999 -9999 -9999 -9999 -9999 -9999 -9999 -9999 -9999 -9999 -9999 -9999 -9999 -9999 -9999 -9999 -9999 -9999 -9999 -9999 -9999 -9999 -9999 -9999 -9999 -9999 -9999 -9999 -9999 -9999 -9999 -9999 -9999 -9999 -9999 -9999 -9999 -9999
-9999 -9999 -9999 -9999 -9999 -9999 -9999 -9999 -9999 -9999 -9999 -9999 -9999 -9999 -9999 -9999 -9999 -9999 -9999 -9999 -9999 -9999 -9999 -9999 -9999 -9999 -9999 -9999 -9999 -9999 -9999 -9999 -9999 -9999 -9999 -9999 -9999 -9999 -9999 -9999 -9999 -9999 -9999 -9999 -9999 -9999 -9999 -9999 -9999 -9999 -9999 -9999 -9999 -9999 -9999 -9999 -9999 -9999 -9999 -9999 -9999 -9999 -9999 -9999 -9999 -9999 -9999 -9999 -9999 -9999 -9999
-9999 -9999 -9999 -9999 -9999 -9999 -9999 -9999 -9999 -9999 -9999 -9999 -9999 -9999 -9999 -9999 -9999 -9999 -9999 -9999 -9999 -9999 -9999 -9999 -9999 -9999 -9999 -9999 -9999 -9999 -9999 -9999 -9999 -9999 -9999 -9999 -9999 -9999 -9999 -9999 -9999 -9999 -9999 -9999 -9999 -9999 -9999 -9999 -9999 -9999 -9999 -9999 -9999 -9999 -9999 -9999 -9999 -9999 -9999 -9999 -9999 -9999 -9999 -9999 -9999 -9999 -9999 -9999 -9999 -9999 -9999
-9999 -9999 -9999 -9999 -9999 -9999 -9999 -9999 -9999 -9999 -9999 -9999 -9999 -9999 -9999 -9999 -9999 -9999 -9999 -9999 -9999 -9999 -9999 -9999 -9999 -9999 -9999 -9999 -9999 -9999 -9999 -9999 -9999 -9999 -9999 -9999 -9999 -9999 -9999 -9999 -9999 -9999 67.19950 68.29280 67.37580 67.18890 67.17840 67.09790 66.71470 67.50050 67.13820 66.83480 -9999 -9999 -9999 -9999 -9999 -9999 -9999 -9999 -9999 -9999 -9999 -9999 -9999 -9999 -9999 -9999 -9999 -9999 -9999
-9999 -9999 -9999 -9999 -9999 -9999 -9999 -9999 -9999 -9999 -9999 -9999 -9999 -9999 -9999 -9999 -9999 -9999 -9999 -9999 -9999 -9999 -9999 -9999 -9999 -9999 -9999 -9999 -9999 -9999 -9999 -9999 -9999 -9999 -9999 -9999 -9999 -9999 66.17080 66.65000 66.32280 66.04330 66.44410 66.89270 66.31060 68.29860 68.29680 68.79080 67.37800 64.61750 64.57100 73.48760 76.13170 74.68530 -9999 -9999 -9999 -9999 -9999 -9999 -9999 -9999 -9999 -9999 -9999 -9999 -9999 -9999 -9999 -9999 -9999
-9999 -9999 -9999 -9999 -9999 -9999 -9999 -9999 -9999 -9999 -9999 -9999 -9999 -9999 -9999 -9999 -9999 -9999 -9999 -9999 -9999 -9999 -9999 -9999 -9999 -9999 -9999 -9999 -9999 -9999 -9999 -9999 -9999 -9999 -9999 -9999 -9999 -9999 -9999 -9999 68.57140 68.81670 68.30330 67.37820 66.10000 64.99320 65.97750 64.82740 68.47810 68.70540 67.99010 63.61690 60.83370 60.94720 -9999 -9999 -9999 -9999 -9999 -9999 -9999 -9999 -9999 -9999 -9999 -9999 -9999 -9999 -9999 -9999 -9999
-9999 -9999 -9999 -9999 -9999 -9999 -9999 -9999 -9999 -9999 -9999 -9999 -9999 -9999 -9999 -9999 -9999 -9999 -9999 -9999 -9999 -9999 -9999 -9999 -9999 -9999 -9999 -9999 -9999 -9999 -9999 -9999 -9999 -9999 -9999 -9999 -9999 -9999 -9999 -9999 -9999 -9999 -9999 -9999 68.82910 66.42570 65.53940 63.48770 61.36750 68.88930 66.11560 65.78970 61.27820 61.14620 -9999 -9999 -9999 -9999 -9999 -9999 63.89560 -9999 -9999 -9999 -9999 -9999 -9999 -9999 -9999 -9999 -9999
-9999 -9999 -9999 -9999 -9999 -9999 -9999 -9999 -9999 -9999 -9999 -9999 -9999 -9999 -9999 -9999 -9999 -9999 -9999 -9999 -9999 -9999 -9999 -9999 -9999 -9999 -9999 -9999 -9999 -9999 -9999 -9999 -9999 -9999 -9999 -9999 -9999 -9999 -9999 -9999 -9999 69.36150 69.56510 69.28810 69.32310 68.65500 68.09710 68.21100 67.29280 69.03900 69.06770 66.31820 60.59910 63.28210 -9999 -9999 -9999 -9999 -9999 63.38400 62.89540 61.97350 61.68430 60.37550 59.62510 60.50300 60.62190 61.10950 61.30870 60.84040 61.12360
-9999 -9999 -9999 -9999 -9999 -9999 -9999 -9999 -9999 -9999 -9999 -9999 -9999 -9999 -9999 -9999 -9999 -9999 -9999 -9999 -9999 -9999 -9999 -9999 -9999 -9999 -9999 -9999 -9999 -9999 -9999 -9999 -9999 -9999 -9999 -9999 -9999 -9999 -9999 -9999 -9999 69.86530 69.62020 68.97710 69.06120 68.43750 72.58770 72.71060 69.01320 69.85640 69.90800 67.65720 61.05240 61.97600 63.50960 61.49710 64.93570 -9999 64.20670 62.65120 61.97350 60.89730 60.54360 63.31920 62.87670 61.04270 60.64380 60.82560 60.76270 61.35910 61.76660
-9999 -9999 -9999 -9999 -9999 -9999 -9999 -9999 -9999 -9999 -9999 -9999 -9999 -9999 -9999 -9999 -9999 -9999 -9999 -9999 -9999 -9999 -9999 -9999 -9999 -9999 -9999 -9999 -9999 -9999 -9999 -9999 -9999 -9999 -9999 68.29980 68.11740 67.64270 67.75360 68.02940 68.28140 68.85480 68.93670 68.95010 72.59920 72.57460 68.57700 69.22770 69.70890 70.46850 68.37060 70.77170 68.26590 66.66550 61.27230 61.74860 66.10950 67.72970 64.90240 62.57210 62.60350 61.46260 60.18370 63.22540 63.87840 60.70960 61.40080 62.31500 61.53580 53.54720 54.00430
-9999 -9999 -9999 -9999 -9999 -9999 -9999 -9999 -9999 -9999 -9999 -9999 -9999 -9999 -9999 -9999 -9999 -9999 -9999 -9999 -9999 -9999 -9999 -9999 -9999 -9999 -9999 -9999 -9999 -9999 -9999 -9999 -9999 -9999 67.82770 67.41400 67.48220 68.60380 67.96470 67.73950 68.08690 68.81380 69.47980 72.94040 70.41540 69.76080 69.83970 69.42000 69.95530 70.60370 65.55440 67.10860 67.22450 62.59180 61.63330 66.49780 68.93830 66.07240 64.10580 62.33560 61.47540 60.18820 60.66260 61.42250 59.65980 60.21290 61.06220 61.99030 62.77580 61.83060 62.85520
-9999 -9999 -9999 -9999 -9999 -9999 -9999 -9999 -9999 -9999 -9999 -9999 -9999 -9999 -9999 -9999 -9999 -9999 -9999 -9999 -9999 -9999 -9999 -9999 -9999 -9999 -9999 -9999 -9999 -9999 -9999 -9999 -9999 67.31180 67.54870 67.33830 67.85390 68.71130 68.38880 68.03140 68.44330 69.18060 73.14150 72.74390 69.47590 69.96040 70.40300 69.11290 68.37580 71.18140 70.60150 68.77450 65.64960 61.84800 60.98860 66.30360 66.58370 67.44990 64.93860 61.27870 61.64100 60.15520 59.20770 59.13820 58.79870 59.90900 62.04450 62.22910 62.61980 63.18090 65.89880
-9999 -9999 -9999 -9999 -9999 -9999 -9999 -9999 -9999 -9999 -9999 -9999 -9999 -9999 -9999 -9999 -9999 -9999 -9999 -9999 -9999 -9999 -9999 -9999 -9999 -9999 -9999 -9999 -9999 -9999 -9999 68.41750 68.48790 67.34880 68.02170 67.97550 68.05680 68.44850 68.38400 69.71300 69.81340 70.12910 72.95210 70.72500 69.89310 70.62470 71.62610 71.18390 68.52170 65.61920 63.51570 61.76010 59.81390 60.73760 65.22410 63.72990 65.26610 64.18340 63.98110 62.34810 60.25580 59.09530 59.49740 58.25200 58.44850 59.79250 60.55110 61.96260 63.01880 64.99310 65.04570
-9999 -9999 -9999 -9999 -9999 -9999 -9999 -9999 -9999 -9999 -9999 -9999 -9999 -9999 -9999 -9999 -9999 -9999 -9999 -9999 -9999 -9999 -9999 -9999 -9999 -9999 -9999 -9999 -9999 68.34030 68.20340 68.35200 67.97250 67.27910 67.54580 67.00760 68.00220 70.21040 69.25350 69.84650 72.73260 73.76020 69.78670 70.02090 70.07070 70.34800 70.72210 71.11300 67.28260 66.37730 63.41610 62.11240 60.13850 60.94180 66.00740 67.63450 67.87610 66.53340 65.50140 61.54290 59.32670 59.21730 58.72040 58.58510 58.28160 59.45710 59.79670 61.38320 61.84110 62.34840 63.32950
-9999 -9999 -9999 -9999 -9999 -9999 -9999 -9999 -9999 -9999 -9999 -9999 -9999 -9999 -9999 -9999 -9999 -9999 -9999 -9999 -9999 -9999 -9999 -9999 69.78640 69.35970 69.05540 68.18570 68.11950 68.73960 68.93100 69.50390 69.65950 69.22560 69.30500 69.54690 71.36010 70.86160 70.70050 70.25270 71.27120 74.62560 71.59440 70.12930 70.08820 70.41330 70.41270 71.09870 70.57300 68.43170 67.03900 66.59680 61.27110 65.37520 67.65030 68.88220 67.77130 65.86030 65.10960 62.91100 60.37950 58.68810 59.10760 60.55050 61.08980 60.94750 61.51840 62.77580 62.86350 63.30900 64.47650
-9999 -9999 -9999 -9999 -9999 -9999 69.34130 70.34810 70.88260 71.54010 71.18740 -9999 -9999 -9999 -9999 -9999 -9999 -9999 -9999 -9999 -9999 71.30710 69.84020 69.98690 70.51880 69.43600 68.60430 67.80060 68.12910 69.14460 69.20070 69.72760 69.81410 69.57670 69.49570 69.20700 69.54700 70.04750 71.82570 70.33440 71.23180 72.07720 74.22880 70.12720 70.10390 70.40850 70.35620 71.58430 70.99140 67.60680 65.66230 62.07380 62.13290 69.97780 69.04020 68.68930 67.89670 66.48560 63.96300 62.47380 61.18470 59.00340 60.24480 61.59810 62.65960 61.40180 61.42730 64.27190 64.75240 65.64230 63.83160
-9999 -9999 -9999 -9999 -9999 69.52650 69.40960 70.29430 69.96710 70.80720 70.71560 70.51060 70.21300 69.99840 -9999 -9999 -9999 70.42300 70.05540 70.20490 69.90330 69.70060 69.65710 69.72330 74.35400 77.05950 77.50510 77.40510 78.98990 79.42250 78.78670 77.72100 76.35320 76.14720 77.44660 77.72150 78.11410 79.96590 79.81450 79.57430 79.66390 79.85400 75.49760 77.33940 80.71510 78.80730 77.83130 76.20910 71.60220 67.01690 65.87890 61.59900 64.68790 66.24230 66.29190 66.37340 68.50420 66.96670 65.97290 62.76260 62.19200 63.07960 51.88050 61.48460 61.43870 63.62310 64.50180 66.01600 65.81110 67.05460 65.67770
-9999 70.91890 71.14440 71.49940 70.04460 69.31270 69.58100 69.85640 69.89630 70.49760 70.62240 70.17060 70.08780 70.12290 70.31120 71.24300 71.42590 70.49930 70.51070 70.71510 70.52700 70.03620 70.87640 79.94980 81.37360 81.41900 81.45850 81.28090 81.29320 81.52440 81.69220 81.43500 81.29110 81.51120 81.59600 81.59480 81.65310 81.45840 81.29120 81.44330 81.45640 81.79670 79.31900 75.21500 81.84920 81.80080 81.50620 78.48890 71.92490 68.81650 70.49550 69.34800 67.41880 62.28450 67.08050 68.74380 68.90810 67.50440 67.19880 63.28020 64.22870 62.91730 64.68920 64.18730 64.83030 64.14190 65.18110 65.54720 66.34260 67.93910 68.90470
-9999 71.12450 71.36830 71.12730 71.11840 71.00370 70.51190 71.63220 71.27300 71.13090 71.31830 71.08260 70.94410 71.20610 71.43590 71.06870 71.66300 71.64790 71.74810 70.75260 70.90330 72.13680 76.17710 80.56770 81.36020 81.61330 81.43940 81.46410 81.52460 81.45950 81.46820 81.65010 81.84000 81.92050 80.70850 81.53050 81.64810 81.61600 81.54930 81.70150 81.88430 82.11790 82.26800 74.86920 78.70360 81.50400 81.69350 81.36700 81.07650 78.61400 75.77750 69.17560 65.28870 67.66160 65.05560 66.02530 67.96740 68.10290 65.54760 58.34000 64.42840 63.86180 64.75140 55.72720 64.21940 64.17590 65.22050 63.91170 65.98130 64.90750 66.37450
-9999 -9999 -9999 76.44130 76.90590 77.42930 77.27630 77.64350 77.55590 77.74470 71.70660 72.46110 73.01510 73.73870 72.64260 71.68110 72.01800 72.70630 73.59560 73.69080 76.28070 76.45310 77.25680 81.25950 81.47730 81.77890 81.77490 81.67910 81.88280 81.77970 81.90680 81.98150 81.06350 80.58920 78.68200 77.48160 85.82660 82.49340 80.42170 79.22560 79.65170 78.53570 72.67930 72.52470 73.78440 74.95140 77.34880 80.28980 80.38050 77.06230 70.30900 70.32490 68.41730 69.11460 68.79460 67.79710 66.45150 60.23000 63.52720 58.65280 63.83790 65.35770 62.44000 66.01070 64.61610 65.86050 66.11230 68.44230 67.46360 66.83200 66.97040
-9999 -9999 -9999 -9999 -9999 -9999 77.08680 77.19120 76.87770 74.86900 74.64520 76.39780 76.29330 76.69170 76.62940 74.23400 74.22760 76.65120 76.70420 76.67040 78.41420 80.30080 81.96550 81.70550 81.78180 82.03700 81.97620 79.47790 77.54930 81.26710 81.93150 81.84160 78.16030 72.34090 79.01470 71.74510 74.24860 75.47200 72.30920 72.90760 71.53190 71.64710 71.80590 71.76690 72.71300 72.65040 73.52970 74.23630 75.97240 78.46030 77.74290 78.56590 79.90380 71.18080 72.19440 79.92830 70.17640 68.57180 67.56420 63.90400 60.12230 60.20070 59.67430 59.42960 63.88830 64.28090 65.42070 69.13960 68.94790 68.63860 65.39730
-9999 -9999 -9999 -9999 -9999 -9999 76.54790 76.61700 76.49720 76.70570 76.66790 76.38230 76.50270 76.85170 76.90940 76.61490 77.07860 79.02680 80.13620 81.47090 81.73850 81.85060 81.97270 82.12740 82.14770 82.24510 82.29120 79.75540 73.07980 72.81930 73.88400 73.35160 73.71170 72.62970 72.79500 72.24700 73.44390 73.25730 73.23590 70.73770 72.12600 72.25750 71.91960 71.69640 71.77240 72.14200 72.20580 71.97080 71.40790 72.58030 74.14140 76.48580 77.97410 77.27860 78.62170 80.61820 79.09230 78.13200 76.02780 76.82500 71.87090 71.63240 69.78080 65.34150 66.80070 66.21960 68.35610 69.55950 68.92930 69.60910 67.26640
-9999 -9999 -9999 -9999 -9999 -9999 -9999 -9999 -9999 -9999 76.92540 76.37980 76.40220 76.82740 76.64990 79.55590 82.14870 82.36080 82.55330 82.23260 82.16640 82.08080 82.28930 82.45730 82.54580 82.44840 82.56130 82.55850 81.32270 79.31300 79.61060 77.06590 74.88480 71.78480 71.83360 72.08250 72.08390 72.14690 71.80990 71.71320 75.56530 78.41540 79.74250 77.67990 77.59800 76.47880 77.00560 79.41420 72.90910 72.31580 72.15710 71.70060 71.25450 72.78190 74.06850 73.89300 73.23730 68.82840 69.66950 72.23690 69.11370 74.70370 75.53240 77.48240 76.55240 75.62650 76.26750 72.74970 70.51790 70.37940 69.40660
-9999 -9999 -9999 -9999 -9999 -9999 -9999 -9999 -9999 -9999 78.10420 76.67000 76.60620 76.78740 76.95360 79.86990 82.47990 82.66420 82.58520 82.41600 82.51290 82.47770 82.46590 82.59220 82.61690 82.66870 82.73580 82.65560 82.66760 80.27830 77.78830 77.62380 75.04680 73.53620 76.97460 75.41860 79.46440 82.31180 81.14240 81.03860 82.29730 82.40270 82.31890 82.50490 82.51390 82.44200 82.43650 82.50390 82.22130 74.52430 72.31670 72.00550 71.93620 70.98190 73.87650 73.26520 70.23540 69.67410 69.13210 69.16710 69.02710 68.01100 68.39010 72.24990 74.78430 74.86630 76.52780 80.27690 72.41060 70.72470 71.63820
-9999 -9999 -9999 -9999 -9999 -9999 -9999 -9999 -9999 -9999 -9999 -9999 76.86780 76.58910 76.71130 77.44780 81.04650 82.79430 82.64260 82.82180 82.76650 80.93800 80.37350 78.31630 82.75250 82.82580 82.86080 82.88680 82.86230 82.42450 79.67720 80.25310 80.26190 82.06260 82.49490 82.57440 82.51770 82.34460 82.10840 82.43320 82.44070 82.57540 82.56600 82.56490 82.53380 82.53160 82.57650 82.59340 82.56800 81.53350 77.99030 75.01220 73.43020 75.97360 75.21410 70.62200 68.01390 69.71300 69.50890 68.41820 67.99730 68.24660 68.29500 72.65920 70.75700 71.18890 74.08060 80.32580 78.41660 73.38190 70.66150
-9999 -9999 -9999 -9999 -9999 -9999 -9999 -9999 -9999 -9999 -9999 -9999 77.01320 76.88600 76.89670 77.31970 77.37330 77.70790 80.48950 81.22650 77.40130 76.69720 83.87930 77.38570 82.69560 82.81820 82.91330 82.94460 82.91320 82.87940 82.84790 82.76000 82.72080 82.62030 82.45290 82.57060 82.41010 82.35910 82.31570 82.50000 82.53110 82.65060 82.65010 82.63550 82.61380 79.92320 79.09910 75.77930 73.87000 74.09880 76.49200 76.32620 77.15340 76.33620 74.76470 69.45220 69.62350 70.56460 70.44260 68.69680 68.22490 69.40160 71.45600 70.79500 71.49400 73.15280 75.71780 75.31190 72.55540 72.29110 69.96330
-9999 -9999 -9999 -9999 -9999 -9999 -9999 -9999 -9999 -9999 -9999 77.19480 76.85790 77.16770 77.27460 77.20980 75.34100 74.00590 75.29670 73.05350 75.48100 76.48530 76.86370 80.19560 82.62580 82.48230 82.65090 82.88540 82.95850 82.92440 82.89330 82.85690 82.83990 82.70790 82.63480 82.61790 82.51130 82.61520 82.54550 82.14900 82.13190 82.27900 82.23310 82.47390 82.43550 82.45710 80.02700 76.74740 74.52080 73.31020 73.50590 73.13160 72.24780 71.01590 69.26880 71.83670 72.09560 72.59350 71.67890 70.34840 71.97630 73.98790 74.15210 72.60370 71.71750 72.09710 73.18390 72.99930 72.65810 70.73660 68.95520
-9999 -9999 -9999 -9999 -9999 -9999 -9999 -9999 -9999 -9999 -9999 76.32470 77.30170 77.25810 77.42290 77.30160 75.74690 75.91280 73.52630 76.21040 76.55630 76.98680 80.42450 81.26940 81.40770 80.75550 82.81290 82.83830 82.93000 82.87970 82.82100 82.77260 82.76230 82.63700 82.65020 82.68730 82.73120 82.67380 82.59420 82.33840 82.29070 82.18310 79.92920 78.58520 77.64470 75.15270 75.47060 74.96230 76.22650 76.10130 76.41870 76.04720 75.52150 75.04460 75.26630 75.88290 74.97340 73.43900 73.44750 73.70070 72.95070 75.17810 74.86620 71.47310 70.97420 74.42840 73.71630 73.63400 72.85350 72.78410 72.06820
