data/hydroclimate-scenarios/BCSD_hadcm_A1B/monthly_summaries/soilm3_monthly_day1_nov.2070-2099.asc
ncols	311
nrows	91
xllcenter	102.75
yllcenter	31.75
cellsize	0.5
NODATA_value	-9999
[rows 0 to 31 of 91, columns 0 to 70 of 311]
-9999 -9999 -9999 -9999 -9999 -9999 -9999 -9999 -9999 -9999 -9999 -9999 -9999 -9999 -9999 -9999 -9999 -9999 -9999 -9999 -9999 -9999 -9999 -9999 -9999 -9999 -9999 -9999 -9999 -9999 -9999 -9999 -9999 -9999 -9999 -9999 -9999 -9999 -9999 -9999 -9999 -9999 -9999 -9999 -9999 -9999 -9999 -9999 -9999 -9999 -9999 -9999 -9999 -9999 -9999 -9999 -9999 -9999 -9999 -9999 -9999 -9999 -9999 -9999 -9999 -9999 -9999 -9999 -9999 -9999 -9999
-9999 -9999 -9999 -9999 -9999 -9999 -9999 -9999 -9999 -9999 -9999 -9999 -9999 -9999 -9999 -9999 -9999 -9999 -9999 -9999 -9999 -9999 -9999 -9999 -9999 -9999 -9999 -9999 -9999 -9999 -9999 -9999 -9999 -9999 -9999 -9999 -9999 -9999 -9999 -9999 -9999 -9999 -9999 -9999 -9999 -9999 -9999 -9999 -9999 -9999 -9999 -9999 -9999 -9999 -9999 -9999 -9999 -9999 -9999 -9999 -9999 -9999 -9999 -9999 -9999 -9999 -9999 -9999 -9999 -9999 -9999
-9999 -9999 -9999 -9999 -9999 -9999 -9999 -9999 -9999 -9999 -9999 -9999 -9999 -9999 -9999 -9999 -9999 -9999 -9999 -9999 -9999 -9999 -9999 -9999 -9999 -9999 -9999 -9999 -9999 -9999 -9999 -9999 -9999 -9999 -9999 -9999 -9999 -9999 -9999 -9999 -9999 -9999 -9999 -9999 -9999 -9999 -9999 -9999 -9999 -9999 -9999 -9999 -9999 -9999 -9999 -9999 -9999 -9999 -9999 -9999 -9999 -9999 -9999 -9999 -9999 -9999 -9999 -9999 -9999 -9999 -9999
-9999 -9999 -9999 -9999 -9999 -9999 -9999 -9999 -9999 -9999 -9999 -9999 -9999 -9999 -9999 -9999 -9999 -9999 -9999 -9999 -9999 -9999 -9999 -9999 -9999 -9999 -9999 -9999 -9999 -9999 -9999 -9999 -9999 -9999 -9999 -9999 -9999 -9999 -9999 -9999 -9999 -9999 -9999 -9999 -9999 -9999 -9999 -9999 -9999 -9999 -9999 -9999 -9999 -9999 -9999 -9999 -9999 -9999 -9999 -9999 -9999 -9999 -9999 -9999 -9999 -9999 -9999 -9999 -9999 -9999 -9999
-9999 -9999 -9999 -9999 -9999 -9999 -9999 -9999 -9999 -9999 -9999 -9999 -9999 -9999 -9999 -9999 -9999 -9999 -9999 -9999 -9999 -9999 -9999 -9999 -9999 -9999 -9999 -9999 -9999 -9999 -9999 -9999 -9999 -9999 -9999 -9999 -9999 -9999 -9999 -9999 -9999 -9999 -9999 -9999 -9999 -9999 -9999 -9999 -9999 -9999 -9999 -9999 -9999 -9999 -9999 -9999 -9999 -9999 -9999 -9999 -9999 -9999 -9999 -9999 -9999 -9999 -9999 -9999 -9999 -9999 -9999
-9999 -9999 -9999 -9999 -9999 -9999 -9999 -9999 -9999 -9999 -9999 -9999 -9999 -9999 -9999 -9999 -9999 -9999 -9999 -9999 -9999 -9999 -9999 -9999 -9999 -9999 -9999 -9999 -9999 -9999 -9999 -9999 -9999 -9999 -9999 -9999 -9999 -9999 -9999 -9999 -9999 -9999 -9999 -9999 -9999 -9999 -9999 -9999 -9999 -9999 -9999 -9999 -9999 -9999 -9999 -9999 -9999 -9999 -9999 -9999 -9999 -9999 -9999 -9999 -9999 -9999 -9999 -9999 -9999 -9999 -9999
-9999 -9999 -9999 -9999 -9999 -9999 -9999 -9999 -9999 -9999 -9999 -9999 -9999 -9999 -9999 -9999 -9999 -9999 -9999 -9999 -9999 -9999 -9999 -9999 -9999 -9999 -9999 -9999 -9999 -9999 -9999 -9999 -9999 -9999 -9999 -9999 -9999 -9999 -9999 -9999 -9999 -9999 -9999 -9999 -9999 -9999 -9999 -9999 -9999 -9999 -9999 -9999 -9999 -9999 -9999 -9999 -9999 -9999 -9999 -9999 -9999 -9999 -9999 -9999 -9999 -9999 -9999 -9999 -9999 -9999 -9999
-9999 -9999 -9999 -9999 -9999 -9999 -9999 -9999 -9999 -9999 -9999 -9999 -9999 -9999 -9999 -9999 -9999 -9999 -9999 -9999 -9999 -9999 -9999 -9999 -9999 -9999 -9999 -9999 -9999 -9999 -9999 -9999 -9999 -9999 -9999 -9999 -9999 -9999 -9999 -9999 -9999 -9999 19.34760 18.85000 19.42620 19.45330 19.61030 19.85770 19.66960 20.47080 20.14880 19.81270 -9999 -9999 -9999 -9999 -9999 -9999 -9999 -9999 -9999 -9999 -9999 -9999 -9999 -9999 -9999 -9999 -9999 -9999 -9999
-9999 -9999 -9999 -9999 -9999 -9999 -9999 -9999 -9999 -9999 -9999 -9999 -9999 -9999 -9999 -9999 -9999 -9999 -9999 -9999 -9999 -9999 -9999 -9999 -9999 -9999 -9999 -9999 -9999 -9999 -9999 -9999 -9999 -9999 -9999 -9999 -9999 -9999 20.43730 20.62480 20.65560 21.00950 20.65270 19.91260 20.36610 19.13830 18.50240 18.50260 19.84230 20.83200 22.86270 24.13580 23.47200 23.44460 -9999 -9999 -9999 -9999 -9999 -9999 -9999 -9999 -9999 -9999 -9999 -9999 -9999 -9999 -9999 -9999 -9999
-9999 -9999 -9999 -9999 -9999 -9999 -9999 -9999 -9999 -9999 -9999 -9999 -9999 -9999 -9999 -9999 -9999 -9999 -9999 -9999 -9999 -9999 -9999 -9999 -9999 -9999 -9999 -9999 -9999 -9999 -9999 -9999 -9999 -9999 -9999 -9999 -9999 -9999 -9999 -9999 19.84840 19.83520 19.99750 20.20540 20.71030 21.62450 20.71110 21.22200 18.67140 18.60670 18.87740 21.52960 23.09600 23.03850 -9999 -9999 -9999 -9999 -9999 -9999 -9999 -9999 -9999 -9999 -9999 -9999 -9999 -9999 -9999 -9999 -9999
-9999 -9999 -9999 -9999 -9999 -9999 -9999 -9999 -9999 -9999 -9999 -9999 -9999 -9999 -9999 -9999 -9999 -9999 -9999 -9999 -9999 -9999 -9999 -9999 -9999 -9999 -9999 -9999 -9999 -9999 -9999 -9999 -9999 -9999 -9999 -9999 -9999 -9999 -9999 -9999 -9999 -9999 -9999 -9999 20.01180 20.38210 20.76770 22.28870 22.08050 20.17000 21.20770 21.45750 21.95990 23.08650 -9999 -9999 -9999 -9999 -9999 -9999 19.01790 -9999 -9999 -9999 -9999 -9999 -9999 -9999 -9999 -9999 -9999
-9999 -9999 -9999 -9999 -9999 -9999 -9999 -9999 -9999 -9999 -9999 -9999 -9999 -9999 -9999 -9999 -9999 -9999 -9999 -9999 -9999 -9999 -9999 -9999 -9999 -9999 -9999 -9999 -9999 -9999 -9999 -9999 -9999 -9999 -9999 -9999 -9999 -9999 -9999 -9999 -9999 19.94320 20.00870 20.04610 20.05240 19.95560 20.20730 20.57770 20.47300 20.20090 20.11820 21.75790 22.41940 22.42800 -9999 -9999 -9999 -9999 -9999 20.60990 21.10590 22.20180 22.00110 20.40030 20.80050 21.60100 22.40070 23.50720 22.20970 22.40630 21.60950
-9999 -9999 -9999 -9999 -9999 -9999 -9999 -9999 -9999 -9999 -9999 -9999 -9999 -9999 -9999 -9999 -9999 -9999 -9999 -9999 -9999 -9999 -9999 -9999 -9999 -9999 -9999 -9999 -9999 -9999 -9999 -9999 -9999 -9999 -9999 -9999 -9999 -9999 -9999 -9999 -9999 21.00010 20.21570 20.00720 20.02650 19.98830 21.02380 20.89990 20.17060 21.14880 21.97660 23.65920 22.73100 22.80200 22.50080 22.61530 21.20800 -9999 20.82010 23.40650 23.50330 23.40080 23.30030 22.40030 22.90040 23.50510 22.60410 22.21560 21.51750 20.70560 20.40470
-9999 -9999 -9999 -9999 -9999 -9999 -9999 -9999 -9999 -9999 -9999 -9999 -9999 -9999 -9999 -9999 -9999 -9999 -9999 -9999 -9999 -9999 -9999 -9999 -9999 -9999 -9999 -9999 -9999 -9999 -9999 -9999 -9999 -9999 -9999 23.36730 21.15290 19.94520 19.97980 19.82640 19.83910 19.84780 19.92340 20.15260 20.97530 20.84500 20.00430 20.24250 22.03570 23.24940 23.19290 23.50670 23.88420 23.70780 22.56170 22.84460 23.06400 23.03610 23.53500 23.50450 23.30090 22.90010 22.80030 22.80170 23.00050 23.50610 23.40380 23.00730 22.71940 22.28370 22.28370
-9999 -9999 -9999 -9999 -9999 -9999 -9999 -9999 -9999 -9999 -9999 -9999 -9999 -9999 -9999 -9999 -9999 -9999 -9999 -9999 -9999 -9999 -9999 -9999 -9999 -9999 -9999 -9999 -9999 -9999 -9999 -9999 -9999 -9999 23.62500 22.86290 22.22440 22.13560 20.32100 19.79850 19.84280 19.85510 20.07920 21.05390 20.38970 19.86890 19.89030 21.03820 23.23320 23.38020 23.41210 23.31010 23.51600 22.83930 22.69660 23.35030 22.97300 23.36190 23.51570 23.38130 22.88460 22.78000 23.16570 23.33660 23.50750 23.40370 23.10110 23.00100 22.81210 22.88780 22.83150
-9999 -9999 -9999 -9999 -9999 -9999 -9999 -9999 -9999 -9999 -9999 -9999 -9999 -9999 -9999 -9999 -9999 -9999 -9999 -9999 -9999 -9999 -9999 -9999 -9999 -9999 -9999 -9999 -9999 -9999 -9999 -9999 -9999 23.58590 23.41070 22.26220 22.27900 21.71420 20.65590 19.72270 19.77900 19.86350 21.44100 20.89670 20.00060 20.32250 21.33950 21.79410 22.45560 22.75330 22.67750 23.61770 23.55200 22.78860 22.45230 23.16120 23.10200 22.91300 22.90500 22.89050 23.18720 23.35450 23.34310 23.50230 23.50350 23.30420 23.00270 23.30170 23.30530 23.45090 22.91310
-9999 -9999 -9999 -9999 -9999 -9999 -9999 -9999 -9999 -9999 -9999 -9999 -9999 -9999 -9999 -9999 -9999 -9999 -9999 -9999 -9999 -9999 -9999 -9999 -9999 -9999 -9999 -9999 -9999 -9999 -9999 23.36080 21.60410 21.10460 21.00820 22.11440 21.32420 20.49480 19.72570 19.91880 19.88170 20.04940 20.85840 20.15790 19.91820 20.71030 22.86390 22.99520 23.10740 23.22480 23.27150 23.09110 22.98050 22.68010 23.05300 23.15280 22.87360 22.83200 23.13020 23.17070 23.34940 23.52410 23.41630 23.50050 23.50110 23.50610 23.40330 23.10040 23.00030 22.93770 22.91480
-9999 -9999 -9999 -9999 -9999 -9999 -9999 -9999 -9999 -9999 -9999 -9999 -9999 -9999 -9999 -9999 -9999 -9999 -9999 -9999 -9999 -9999 -9999 -9999 -9999 -9999 -9999 -9999 -9999 20.70370 22.10130 20.60790 19.61090 19.61070 19.61480 19.62300 20.73300 22.67660 20.81470 19.73330 20.49350 21.55270 19.88640 19.85980 19.86880 19.91800 20.58100 22.63770 23.16650 23.32010 23.12440 23.15420 22.83710 22.59620 23.11740 23.16320 22.91590 22.91540 22.90230 22.90770 23.32010 23.30650 23.30670 23.40090 23.50140 23.40320 23.51950 23.52650 23.54300 23.64460 22.97860
-9999 -9999 -9999 -9999 -9999 -9999 -9999 -9999 -9999 -9999 -9999 -9999 -9999 -9999 -9999 -9999 -9999 -9999 -9999 -9999 -9999 -9999 -9999 -9999 21.61760 21.32080 20.91870 20.30490 20.10480 19.60920 19.61020 19.61740 19.62560 19.66760 19.69570 20.08660 22.77520 21.28200 20.47240 19.92910 20.33290 22.18540 20.19640 19.98560 19.86140 19.81580 20.11290 20.70720 22.14300 23.23770 23.16690 24.24320 23.35590 23.23180 22.98970 22.98730 22.92060 22.90850 22.90380 23.20090 23.50040 23.50050 23.40020 23.30000 23.30000 23.30020 23.40050 23.20540 23.10620 23.32220 23.85730
-9999 -9999 -9999 -9999 -9999 -9999 22.90430 23.06070 23.09140 22.98040 22.94520 -9999 -9999 -9999 -9999 -9999 -9999 -9999 -9999 -9999 -9999 21.61330 19.92970 20.73340 21.92480 20.83350 20.02570 19.61340 19.61200 19.61360 19.61230 19.63340 19.63840 19.68690 19.70230 19.69070 19.72270 19.97970 22.21190 19.87070 20.28050 20.38890 22.17260 19.93600 19.86630 19.78680 20.08370 21.87800 23.19010 23.24470 23.43010 23.55420 23.51370 23.16610 22.95540 22.92790 22.91460 22.90700 23.20620 23.40260 23.40070 23.40040 23.30040 23.40050 23.40130 22.80020 22.80020 22.90180 22.90180 22.90250 22.82710
-9999 -9999 -9999 -9999 -9999 22.84310 22.84940 22.82580 22.93220 22.80990 22.81690 22.90470 22.89950 22.87370 -9999 -9999 -9999 22.90440 22.60630 21.13260 20.62490 19.64870 19.65090 19.63070 19.31050 18.97670 18.86300 18.85330 18.74270 18.74870 18.86320 18.87640 19.09320 19.11880 18.99420 18.91020 18.93970 19.00880 18.98990 18.94540 19.01420 19.09190 21.97420 20.83910 18.78950 18.97140 19.68730 20.88600 22.62350 23.22600 23.22210 23.02390 23.73470 22.99160 22.97310 22.96360 22.93560 22.90990 22.90130 22.71530 22.80300 22.90010 22.70030 22.80010 22.70610 22.81510 22.90320 22.90420 22.90290 22.90750 22.82840
-9999 21.88590 18.35740 18.27170 18.28830 22.68010 23.37090 22.96320 22.94330 22.92200 22.92120 23.02030 23.03090 22.99470 22.96650 22.92870 22.92460 22.90860 22.91040 22.90990 22.11750 19.84390 20.33550 18.73480 18.52610 18.54610 18.55320 18.57240 18.56730 18.55360 18.54340 18.55220 18.54880 18.55760 18.57140 18.56980 18.57800 18.54700 18.53840 18.60310 18.60740 18.64720 20.36280 21.50430 18.60640 18.63450 18.56430 19.59350 21.55890 21.82200 22.34220 23.72060 23.63410 23.31390 23.17130 23.18120 22.98710 22.90690 22.90380 22.73100 22.80220 22.80330 22.80240 22.80390 22.81210 23.01210 23.00180 22.81810 22.90540 22.92620 23.04000
-9999 23.05380 23.01300 22.96310 22.95170 22.64820 22.43620 22.47730 22.17360 22.94430 23.03900 22.95920 22.97140 22.94080 22.94610 22.95960 22.97970 22.92810 22.92970 22.93940 21.95370 21.43840 23.35860 19.24700 18.53000 18.57960 18.57570 18.60760 18.60080 18.60980 18.59030 18.59380 18.60340 18.64990 19.27630 18.59370 18.58690 18.58950 18.57810 18.56180 18.58570 18.66500 18.72710 21.97750 20.09490 18.62940 18.52420 18.61250 18.62660 19.67490 21.07230 23.15250 23.37460 23.64780 23.53040 23.49980 23.16240 23.01820 22.90490 22.35340 22.74890 22.82010 22.82330 22.71250 22.82510 23.43280 23.23360 22.79900 22.85780 22.81370 22.87980
-9999 -9999 -9999 19.38850 19.20740 18.82600 18.76600 18.79470 18.79660 18.96450 23.07890 23.14260 23.24130 23.38940 23.16230 23.01210 23.03300 22.98480 23.16450 23.48270 23.60430 23.58230 22.59830 18.84650 18.58310 18.63670 18.62280 18.62900 18.63430 18.63910 18.64180 18.62520 19.12660 19.38000 20.29390 21.67490 18.27360 18.28000 19.69000 21.09080 20.26740 20.75040 23.90160 23.82820 22.61480 21.26310 20.12870 18.82490 18.92090 20.25250 22.43230 22.84190 22.29200 23.43560 22.87860 23.65700 23.48420 23.05260 23.28080 22.37700 22.81580 22.88610 22.88860 22.86950 22.84690 22.91950 22.90920 22.92650 22.89800 23.06540 23.11630
-9999 -9999 -9999 -9999 -9999 -9999 20.22770 20.92770 21.62330 22.51950 23.39090 23.55340 23.55670 23.54280 23.53260 23.40990 23.40220 23.64520 23.63680 23.16420 21.66830 20.03080 18.87590 18.71100 18.67300 18.67530 18.63180 20.06750 21.94090 19.05310 18.62320 18.66160 21.39370 23.05150 19.90310 22.96770 22.72990 21.32760 23.94610 24.07050 24.00570 23.36900 22.99410 23.38070 23.67910 23.89910 22.84170 22.06870 21.00200 19.72160 20.23560 20.14620 19.54760 22.69490 22.35420 19.63410 23.19160 23.38150 23.37220 23.18670 22.53450 22.94990 22.47130 22.42150 23.01280 22.99260 22.85940 22.94800 23.08310 23.11560 23.41820
-9999 -9999 -9999 -9999 -9999 -9999 23.46550 23.53730 23.50420 23.55380 23.54190 23.50960 23.50700 23.49510 23.51650 23.60490 23.19010 21.43330 20.33540 18.87140 18.68000 18.89800 18.88690 18.76420 18.73410 18.71510 18.72200 20.12600 24.49140 24.50430 23.54590 23.59000 23.21430 23.82910 23.68220 23.50580 23.02250 22.90820 22.50790 22.79190 23.14950 23.52960 23.91070 23.55280 23.24560 23.06900 23.44070 24.45830 24.21890 23.59950 21.99820 20.37630 19.84870 19.96540 19.47290 18.61490 19.32310 19.70640 20.59700 20.38860 21.62270 21.89550 22.98920 23.10750 23.16110 22.92040 22.94130 22.93920 23.00530 23.15990 23.63060
-9999 -9999 -9999 -9999 -9999 -9999 -9999 -9999 -9999 -9999 23.20530 23.48190 23.47970 23.50930 23.50820 20.70130 18.72640 18.68560 18.74140 18.91500 18.94170 19.02450 19.02490 18.88860 18.85650 18.79190 18.79740 18.74760 19.30650 20.98960 20.24020 20.84110 21.89260 23.65630 24.36030 23.74490 24.07560 24.14890 24.10280 24.11720 22.66980 20.98710 19.83220 21.59170 21.51740 22.18350 21.84380 20.89440 24.07930 24.37070 24.27230 23.89140 23.53730 22.57440 22.27590 23.05220 22.03240 22.72140 22.78400 22.54420 22.72960 20.30190 20.01560 19.37210 20.10770 20.46150 20.26780 21.25330 22.99130 23.03110 23.29550
-9999 -9999 -9999 -9999 -9999 -9999 -9999 -9999 -9999 -9999 21.98790 23.44560 23.46900 23.48530 23.54680 20.78460 18.78350 18.74910 18.80000 19.06500 19.12680 19.15590 19.13650 18.99580 18.96140 18.89600 18.82670 18.80480 18.75480 20.07820 20.91460 20.85020 23.07520 23.52380 22.09990 22.83790 20.45340 18.53090 19.02570 19.13870 18.52910 18.52090 18.51940 18.51940 18.51740 18.52780 18.53560 18.55290 18.65500 23.59580 24.24910 24.14630 24.11060 23.84430 21.92020 24.17130 24.26990 24.36040 24.31740 24.20680 24.09080 24.07980 23.90030 22.71360 20.70100 21.28480 20.05010 18.64440 21.98240 23.08980 23.92880
-9999 -9999 -9999 -9999 -9999 -9999 -9999 -9999 -9999 -9999 -9999 -9999 23.49440 23.44990 23.50820 23.10490 19.88840 18.73610 18.75910 19.02920 18.99140 19.09960 18.73510 19.08250 18.81040 18.80250 18.78500 18.84580 18.76820 18.83420 20.34380 19.95460 19.92220 18.78100 18.60280 18.59560 18.57150 18.59490 18.57010 18.53280 18.52440 18.51840 18.52280 18.51740 18.51890 18.54590 18.56410 18.54660 18.54680 19.03400 21.25460 22.93550 22.80280 21.88860 20.57770 23.25760 24.24140 24.39180 24.36600 24.35500 24.32690 24.28190 23.51110 22.52870 23.44890 24.25810 21.91720 18.75640 19.65980 21.34100 23.45360
-9999 -9999 -9999 -9999 -9999 -9999 -9999 -9999 -9999 -9999 -9999 -9999 23.49720 23.43580 23.47230 23.50750 23.57040 23.49760 20.76890 20.32510 19.17430 20.15490 18.86350 19.80940 18.78540 18.81750 18.81840 18.89550 18.76510 18.75220 18.66960 18.57850 18.59280 18.60200 18.60760 18.61350 18.59310 18.64170 18.59600 18.53800 18.53240 18.52360 18.52330 18.51760 18.52110 19.78480 20.41590 22.92770 23.77760 23.64270 22.80480 22.42340 21.60210 20.73210 22.41950 24.13540 24.18340 24.33320 24.30690 24.23490 23.74610 22.41060 23.13040 24.16300 24.28030 22.96660 21.64630 23.02610 23.57460 24.14690 23.68160
-9999 -9999 -9999 -9999 -9999 -9999 -9999 -9999 -9999 -9999 -9999 23.41750 23.41240 23.41900 23.43750 23.50490 22.30980 18.35850 18.42180 18.37470 18.36400 20.26170 20.21680 18.86230 18.62070 18.65430 18.74010 18.76230 18.68100 18.61940 18.57930 18.59280 18.58240 18.58500 18.58000 18.56020 18.56110 18.59260 18.59130 18.55020 18.54260 18.55490 18.56550 18.59900 18.56690 18.57530 19.88130 21.47880 22.01910 23.47930 23.19990 23.23100 22.99040 23.55270 24.03930 24.21070 24.19810 24.31250 24.28030 23.00550 23.30110 24.41870 24.51220 24.38190 24.44090 23.32470 22.80000 23.57820 23.55600 23.39850 23.96180
-9999 -9999 -9999 -9999 -9999 -9999 -9999 -9999 -9999 -9999 -9999 23.40300 23.41240 23.41980 23.44160 23.46750 20.76650 18.89530 18.51940 19.17740 20.09020 20.52030 19.70810 19.81850 19.60810 19.54260 18.76120 18.73110 18.65520 18.63450 18.59120 18.56070 18.55810 18.56980 18.61080 18.62170 18.60810 18.63330 18.65210 18.57730 18.58290 18.71890 19.64290 20.26670 21.01220 23.36730 23.73150 23.54600 24.29100 24.25960 24.30270 24.34230 24.31110 24.27770 24.28130 24.68390 24.76340 23.76240 23.56330 24.17670 24.38000 24.64940 24.59600 24.36210 23.64030 23.01910 24.33610 24.12600 23.67170 23.93130 23.78070
