data/hydroclimate-scenarios/BCSD_hadcm_A1B/monthly_summaries/soilm1_monthly_day1_may.2030-2059.asc
ncols	311
nrows	91
xllcenter	102.75
yllcenter	31.75
cellsize	0.5
NODATA_value	-9999
[rows 0 to 31 of 91, columns 213 to 283 of 311]
-9999 -9999 -9999 -9999 -9999 -9999 -9999 -9999 -9999 -9999 -9999 -9999 -9999 -9999 -9999 -9999 -9999 -9999 -9999 -9999 -9999 -9999 -9999 -9999 -9999 -9999 -9999 -9999 -9999 -9999 -9999 -9999 -9999 -9999 -9999 -9999 -9999 -9999 -9999 -9999 -9999 -9999 -9999 -9999 -9999 -9999 -9999 -9999 -9999 -9999 -9999 -9999 -9999 -9999 -9999 -9999 -9999 -9999 -9999 -9999 -9999 -9999 -9999 -9999 -9999 -9999 -9999 -9999 -9999 -9999 -9999
-9999 -9999 -9999 -9999 -9999 -9999 -9999 -9999 -9999 -9999 -9999 -9999 -9999 -9999 -9999 -9999 -9999 -9999 -9999 -9999 -9999 -9999 -9999 -9999 -9999 -9999 -9999 -9999 -9999 -9999 -9999 -9999 -9999 -9999 -9999 -9999 -9999 -9999 -9999 -9999 -9999 -9999 -9999 -9999 -9999 -9999 -9999 -9999 -9999 -9999 -9999 -9999 -9999 -9999 -9999 -9999 -9999 -9999 -9999 -9999 -9999 -9999 -9999 -9999 -9999 -9999 -9999 -9999 -9999 -9999 -9999
-9999 -9999 -9999 -9999 -9999 -9999 -9999 -9999 -9999 -9999 -9999 -9999 -9999 -9999 -9999 -9999 -9999 -9999 -9999 -9999 -9999 -9999 -9999 -9999 -9999 -9999 -9999 -9999 -9999 -9999 -9999 -9999 -9999 -9999 -9999 -9999 -9999 -9999 -9999 -9999 -9999 -9999 -9999 -9999 -9999 -9999 -9999 -9999 -9999 -9999 -9999 -9999 -9999 -9999 -9999 -9999 -9999 -9999 -9999 -9999 -9999 -9999 -9999 -9999 -9999 -9999 -9999 -9999 -9999 -9999 -9999
-9999 -9999 -9999 -9999 -9999 -9999 -9999 -9999 -9999 -9999 -9999 -9999 -9999 -9999 -9999 -9999 -9999 -9999 -9999 -9999 -9999 -9999 -9999 -9999 -9999 -9999 -9999 -9999 -9999 -9999 -9999 -9999 -9999 -9999 -9999 -9999 -9999 -9999 -9999 -9999 -9999 -9999 -9999 -9999 -9999 -9999 -9999 -9999 -9999 -9999 -9999 -9999 -9999 -9999 -9999 -9999 -9999 -9999 -9999 -9999 -9999 -9999 -9999 -9999 -9999 -9999 -9999 -9999 -9999 -9999 -9999
-9999 -9999 -9999 -9999 -9999 -9999 -9999 -9999 -9999 -9999 -9999 -9999 -9999 -9999 -9999 -9999 -9999 -9999 -9999 -9999 -9999 -9999 -9999 -9999 -9999 -9999 -9999 -9999 -9999 -9999 -9999 -9999 -9999 -9999 -9999 -9999 -9999 -9999 -9999 -9999 -9999 -9999 -9999 -9999 -9999 -9999 -9999 -9999 -9999 -9999 -9999 -9999 -9999 -9999 -9999 -9999 -9999 -9999 -9999 -9999 -9999 -9999 -9999 -9999 -9999 -9999 -9999 -9999 -9999 -9999 -9999
-9999 -9999 -9999 -9999 -9999 -9999 -9999 -9999 -9999 -9999 -9999 -9999 -9999 -9999 -9999 -9999 -9999 -9999 -9999 -9999 -9999 -9999 -9999 -9999 -9999 -9999 -9999 -9999 -9999 -9999 -9999 -9999 -9999 -9999 -9999 -9999 -9999 -9999 -9999 -9999 -9999 -9999 -9999 -9999 -9999 -9999 -9999 -9999 -9999 -9999 -9999 -9999 -9999 -9999 -9999 -9999 -9999 -9999 -9999 -9999 -9999 -9999 -9999 -9999 -9999 -9999 -9999 -9999 -9999 -9999 -9999
-9999 -9999 -9999 -9999 -9999 -9999 -9999 -9999 -9999 -9999 -9999 -9999 -9999 -9999 -9999 -9999 -9999 -9999 -9999 -9999 -9999 -9999 -9999 -9999 -9999 -9999 -9999 -9999 -9999 -9999 -9999 -9999 -9999 -9999 -9999 -9999 -9999 -9999 -9999 -9999 -9999 -9999 -9999 -9999 -9999 -9999 -9999 -9999 -9999 -9999 -9999 -9999 -9999 -9999 -9999 -9999 -9999 -9999 -9999 -9999 -9999 -9999 -9999 -9999 -9999 -9999 -9999 -9999 -9999 -9999 -9999
-9999 -9999 -9999 -9999 -9999 -9999 -9999 -9999 -9999 -9999 -9999 -9999 -9999 -9999 -9999 -9999 -9999 -9999 -9999 -9999 -9999 -9999 -9999 -9999 -9999 -9999 -9999 -9999 -9999 -9999 -9999 -9999 -9999 -9999 -9999 -9999 -9999 -9999 -9999 -9999 -9999 -9999 -9999 -9999 -9999 -9999 -9999 -9999 -9999 -9999 -9999 -9999 -9999 -9999 -9999 -9999 -9999 -9999 -9999 -9999 -9999 -9999 -9999 -9999 -9999 -9999 -9999 -9999 -9999 -9999 -9999
-9999 -9999 -9999 -9999 -9999 -9999 -9999 -9999 -9999 -9999 -9999 -9999 -9999 -9999 -9999 -9999 -9999 -9999 -9999 -9999 -9999 -9999 -9999 -9999 -9999 -9999 -9999 -9999 -9999 -9999 -9999 -9999 -9999 -9999 -9999 -9999 -9999 -9999 -9999 -9999 -9999 -9999 -9999 -9999 -9999 -9999 -9999 -9999 -9999 -9999 -9999 -9999 -9999 -9999 -9999 -9999 -9999 -9999 -9999 -9999 -9999 -9999 -9999 -9999 -9999 -9999 -9999 -9999 -9999 -9999 -9999
-9999 -9999 -9999 -9999 -9999 -9999 -9999 -9999 -9999 -9999 -9999 -9999 -9999 -9999 -9999 -9999 -9999 -9999 -9999 -9999 -9999 -9999 -9999 -9999 -9999 -9999 -9999 -9999 -9999 -9999 -9999 -9999 -9999 -9999 -9999 -9999 -9999 -9999 -9999 -9999 -9999 -9999 -9999 -9999 -9999 -9999 -9999 -9999 -9999 -9999 -9999 -9999 -9999 -9999 -9999 -9999 -9999 -9999 -9999 -9999 -9999 -9999 -9999 -9999 -9999 -9999 -9999 -9999 -9999 -9999 -9999
-9999 -9999 -9999 -9999 -9999 -9999 -9999 -9999 -9999 -9999 -9999 -9999 -9999 -9999 -9999 -9999 -9999 -9999 -9999 -9999 -9999 -9999 -9999 -9999 -9999 -9999 -9999 -9999 -9999 -9999 -9999 -9999 -9999 -9999 -9999 -9999 -9999 -9999 -9999 -9999 -9999 -9999 -9999 -9999 -9999 -9999 -9999 -9999 -9999 -9999 -9999 -9999 -9999 -9999 -9999 -9999 -9999 -9999 -9999 -9999 -9999 -9999 -9999 -9999 -9999 -9999 -9999 -9999 -9999 -9999 -9999
-9999 -9999 -9999 -9999 -9999 -9999 -9999 -9999 -9999 -9999 -9999 -9999 -9999 -9999 -9999 -9999 -9999 -9999 -9999 -9999 -9999 -9999 -9999 -9999 -9999 -9999 -9999 -9999 -9999 -9999 -9999 -9999 -9999 -9999 -9999 -9999 -9999 -9999 -9999 -9999 -9999 -9999 -9999 -9999 -9999 -9999 -9999 -9999 -9999 -9999 -9999 -9999 -9999 -9999 -9999 -9999 -9999 -9999 -9999 -9999 -9999 -9999 -9999 -9999 -9999 -9999 -9999 -9999 -9999 -9999 -9999
-9999 -9999 -9999 -9999 -9999 -9999 -9999 -9999 -9999 -9999 -9999 -9999 -9999 -9999 -9999 -9999 -9999 -9999 -9999 -9999 -9999 -9999 -9999 -9999 -9999 -9999 -9999 -9999 -9999 -9999 -9999 -9999 -9999 -9999 -9999 -9999 -9999 -9999 -9999 -9999 -9999 -9999 -9999 -9999 -9999 -9999 -9999 -9999 -9999 -9999 -9999 -9999 -9999 -9999 -9999 -9999 -9999 -9999 -9999 -9999 -9999 -9999 -9999 -9999 -9999 -9999 -9999 -9999 -9999 -9999 -9999
63.86300 64.17150 64.46160 64.36820 67.72830 67.26400 -9999 -9999 -9999 -9999 -9999 -9999 -9999 -9999 -9999 -9999 -9999 -9999 -9999 -9999 -9999 -9999 -9999 -9999 -9999 -9999 -9999 -9999 -9999 -9999 -9999 -9999 -9999 -9999 -9999 -9999 -9999 -9999 -9999 -9999 -9999 -9999 -9999 -9999 -9999 -9999 -9999 59.74600 -9999 -9999 -9999 -9999 -9999 -9999 -9999 -9999 -9999 -9999 -9999 -9999 -9999 -9999 -9999 -9999 -9999 -9999 -9999 -9999 -9999 -9999 -9999
62.54480 63.95080 66.53270 67.14850 67.94110 68.15440 60.16890 60.25970 60.88110 61.71870 65.30290 66.09510 66.94940 57.70740 59.15740 58.58370 57.37260 56.38940 66.60730 -9999 -9999 -9999 -9999 -9999 -9999 -9999 -9999 -9999 -9999 -9999 -9999 -9999 -9999 -9999 -9999 -9999 -9999 -9999 -9999 -9999 -9999 -9999 55.97960 52.08540 51.63750 50.75770 53.12720 54.40220 57.56200 -9999 -9999 -9999 61.87860 -9999 -9999 -9999 61.54450 61.23770 61.61110 -9999 -9999 -9999 -9999 -9999 -9999 -9999 -9999 -9999 -9999 -9999 -9999
61.67330 62.02270 60.77610 61.86780 62.49630 63.42910 61.16620 54.11410 58.92120 58.82810 60.74830 62.32510 62.19910 63.21820 52.45550 62.89060 62.26140 60.23650 55.25960 53.28300 53.14180 58.84080 62.80900 64.55010 62.86040 -9999 -9999 -9999 -9999 -9999 71.90540 71.15890 69.42080 64.38660 60.62990 59.95060 56.83780 57.06720 60.28750 60.74970 62.45700 62.96260 49.41730 50.15800 51.86170 52.57350 54.11370 54.89340 58.76630 59.04770 60.17280 60.83140 62.74670 62.91770 61.11580 60.93880 60.29170 59.63630 60.20230 60.32530 61.59850 61.80950 60.98820 61.80220 -9999 -9999 -9999 -9999 -9999 -9999 -9999
61.95700 64.13700 68.51170 70.28660 67.51870 78.24210 66.54250 65.71310 68.38350 70.14530 62.06030 71.43500 72.39840 72.21780 68.92060 68.83600 65.87880 65.44170 63.80990 62.24410 64.75850 64.29540 55.53700 66.61300 64.96810 65.98310 66.16000 61.55410 62.50410 62.64870 64.20440 74.55460 71.03650 69.76470 58.55570 57.76220 57.79720 56.45960 61.19520 62.39720 59.49620 59.63220 60.12280 59.29040 58.13910 59.09400 58.67090 59.38090 60.61290 61.35030 61.48650 61.84820 60.38480 60.78950 61.47850 61.09390 60.70340 61.07060 62.02300 61.90700 62.54410 62.12520 61.10240 60.26440 60.11650 60.42590 61.15810 60.98220 61.70410 61.58480 59.91210
68.39970 69.47450 70.90610 75.99780 77.61100 70.93680 74.99200 74.49790 75.27310 73.14960 68.95610 67.88430 70.91440 66.79590 62.03870 59.75300 61.28380 63.35420 79.29450 74.49700 72.51920 70.45720 75.53730 62.91340 56.24660 54.67130 58.19690 58.46180 59.76620 58.62170 54.10190 70.04060 73.24770 71.11850 60.84160 59.80740 60.44870 59.37030 63.12210 63.03470 61.04740 61.05460 62.86840 63.42380 62.74760 62.82920 60.62360 61.04290 63.51130 63.70070 62.69860 63.15570 61.21260 61.46890 61.82600 61.64350 61.37210 61.36320 62.93740 62.62150 62.94620 62.37240 60.84640 60.51210 60.68150 61.01070 61.01680 60.81390 61.55730 61.32550 60.26290
79.37330 78.68030 78.88330 78.58510 89.14510 87.36260 84.76430 74.09440 74.63760 75.45920 76.24160 75.82980 69.34850 73.57790 68.65720 77.47300 86.08050 79.22920 82.58970 83.92310 91.00830 84.71570 77.50620 59.13860 56.79830 56.35050 61.10210 52.64530 60.44320 53.64790 55.44810 57.43860 60.98440 65.94170 65.88020 65.74070 66.98460 70.51470 71.57860 71.06250 66.70600 65.64630 70.07000 69.80700 71.66850 71.77200 69.53380 65.13240 69.02960 67.90950 65.78650 65.87420 65.93690 66.00830 64.26610 64.17380 66.73400 65.45900 62.79990 62.35760 63.14950 66.18320 69.20030 69.81860 69.37140 68.41930 62.16980 61.09790 59.88490 59.89070 60.25040
89.33980 89.29410 86.84520 87.97040 90.25300 88.59660 88.90640 84.61750 84.01040 84.94350 85.22130 84.74000 84.39610 84.01360 84.10270 88.09210 90.43070 91.69370 92.42270 89.67880 87.98870 83.56640 79.08920 68.81010 56.93420 57.70320 57.90850 60.43200 60.85810 52.85160 64.91520 60.26060 57.88670 74.85630 77.98230 78.33940 78.43240 78.93600 78.88360 77.68610 79.15790 79.55410 76.43350 76.55880 79.41820 78.68260 77.69950 78.61310 80.34620 81.20200 81.67310 77.29510 76.65580 77.52080 70.55750 69.52250 72.14180 71.42530 72.35410 72.41850 74.65770 77.84480 77.87850 77.20350 74.63220 74.52390 74.44580 72.48690 69.21460 74.65440 75.60900
92.34480 90.59800 87.91540 88.20830 90.72790 88.99390 89.84120 87.82460 85.00390 84.62460 88.18920 86.99930 86.94120 88.27920 91.12060 91.08090 91.45080 93.48610 97.66650 93.87090 86.52520 84.84030 80.67580 77.31630 60.64620 57.67120 58.78540 59.45540 58.49810 57.17500 59.98200 64.85430 56.69840 57.63790 61.30510 67.14360 71.57280 74.37930 78.47860 78.00220 79.53540 80.52590 79.08240 79.44400 79.63330 79.94070 78.64560 79.71510 81.65330 81.77340 81.35980 85.86060 84.06860 84.06140 80.51720 80.00330 79.45460 80.04300 80.96990 81.39630 76.77650 81.10800 79.84600 78.74030 77.23400 76.45700 78.93160 76.60320 75.83430 75.76310 75.93610
91.30130 88.13450 92.40670 93.78850 92.22690 92.68460 94.02020 93.63490 94.12530 93.96840 93.60090 91.56570 89.27450 88.61350 89.55800 92.29570 91.82070 92.91000 101.76400 97.37220 83.29010 75.57430 65.32970 75.12910 77.26110 71.52260 67.39580 62.27230 60.65030 58.78390 56.19830 58.74210 59.01680 59.59180 61.18110 62.17800 63.22830 64.75060 63.86410 63.13400 61.95640 74.53720 84.09890 84.10790 85.50040 81.89880 78.40580 77.36830 84.67320 83.21480 87.05790 88.57870 89.54150 86.85300 82.06390 83.10280 83.00710 83.05710 82.59120 84.29400 84.93590 84.65040 83.24100 81.84510 81.14500 83.08740 80.01340 77.23550 76.37640 76.21430 76.64190
91.41340 90.62430 89.17650 88.69830 89.68860 91.08400 93.59830 93.82610 92.17820 92.84430 81.85370 89.80370 93.89590 85.51750 91.31030 93.13400 92.51940 90.37390 92.04260 92.08930 75.35460 68.81490 66.86320 75.32690 70.80310 77.19110 83.00760 81.63910 76.84090 72.05930 64.22950 62.90970 63.64580 67.25240 70.63800 75.94350 79.97430 76.74190 70.50430 70.10130 66.50010 67.81760 76.84270 84.43520 84.61350 84.79070 84.47970 83.18830 83.48870 81.04050 80.50000 80.06380 84.64860 80.89690 81.57620 80.89350 81.74950 83.40810 86.95770 81.99520 79.11280 87.23770 82.07010 82.05890 83.46830 82.60340 78.59770 78.61840 80.46000 80.20820 77.96370
88.90400 86.25390 88.08520 87.10420 86.69940 87.61070 87.40380 86.06580 88.35690 80.19190 81.04540 81.33080 60.03010 61.37110 60.39910 59.07830 82.22690 95.19380 95.14710 94.61110 84.38680 66.98900 73.83650 80.39700 75.34840 76.98400 82.01580 82.81410 76.50730 76.83020 81.10190 84.47910 83.76870 80.60270 71.68410 70.51820 72.92390 73.38010 70.06390 71.06740 70.35150 71.89860 78.55950 77.94810 78.71720 78.44810 82.09660 82.14570 81.69460 82.92690 85.42130 88.18350 87.65780 87.43290 89.36240 86.56290 89.05080 88.56180 86.54250 78.69380 81.36310 84.23910 83.99890 78.62900 79.99560 77.82260 78.49270 78.96840 82.67820 83.72900 81.18440
90.59060 89.15970 88.88100 87.47940 86.27560 86.21460 86.45040 86.49990 90.56980 92.37030 87.24990 79.56190 71.99390 71.81240 71.35090 71.73630 69.72000 69.37910 76.85690 97.30250 94.56660 77.41650 74.42450 74.14340 64.39380 66.87670 64.17680 73.03880 76.99510 75.80770 75.51260 74.89530 74.45780 72.80320 65.94450 65.30320 63.07610 63.30080 62.04530 64.67600 61.98390 64.22660 70.64830 70.57500 68.49420 68.50990 68.56470 73.24170 81.20640 81.91010 82.06690 88.50960 92.05880 92.49360 88.24080 93.73650 88.80860 85.05930 86.88570 85.72290 83.31990 80.39240 77.98780 78.81580 79.35420 80.84160 79.44320 84.07240 81.52740 84.13290 81.61260
89.69020 85.80040 81.85490 77.26430 84.83580 79.95990 80.68990 78.09370 77.76400 80.73840 81.56990 79.76600 76.28980 74.67600 75.69430 75.72940 75.08810 71.28240 85.28550 92.48470 92.47270 92.64350 80.63720 85.49400 81.14990 77.04960 76.83340 69.41120 74.92890 74.98940 78.13370 77.46030 75.95630 76.43660 69.99860 68.13090 66.74090 68.10500 68.84550 66.79040 66.30660 64.07010 72.94280 72.50350 71.86510 71.90140 71.34180 74.10950 82.29530 85.03240 85.14200 85.81280 91.16280 88.25430 89.87510 87.56910 89.44480 89.64400 88.58900 87.22200 85.90370 82.67930 82.76940 84.33580 85.61340 82.71190 81.57940 82.31960 82.19030 82.69510 81.74950
81.80660 79.14740 81.98330 86.10600 81.61760 94.47580 95.50400 92.97360 81.52060 90.02790 91.33450 85.84480 89.94840 78.51770 80.33230 84.27680 79.53960 80.93870 90.74000 91.88810 90.18890 88.44030 89.68700 90.46650 90.31820 92.09090 90.72670 89.33120 87.49190 90.69770 89.55970 80.60780 76.01550 75.87010 77.09950 75.83210 72.18750 75.04500 78.58750 78.57380 74.69080 75.90100 74.78810 73.35660 71.66240 74.12110 75.40700 73.31530 75.98580 82.71070 83.56600 81.71240 87.91560 89.46500 92.91520 86.03930 89.76070 89.13680 89.99410 88.75510 90.54110 86.87700 83.96410 82.75460 85.97640 88.81770 84.72450 84.29830 85.43830 86.44480 88.96210
74.87220 74.75760 81.06790 95.19640 92.00730 91.97500 100.35100 101.11600 92.39440 92.70000 88.07320 84.17770 103.30400 103.26000 100.75200 88.72950 84.70980 84.56420 97.24350 95.12260 92.54430 92.35590 93.75380 94.98620 89.38470 85.11120 85.84660 87.53010 86.51870 86.61280 83.98330 81.83430 78.18120 79.45610 76.83740 74.72260 72.86930 72.66070 73.27800 75.33160 73.15910 72.13930 74.08820 79.48080 75.91560 74.38930 72.26510 73.47590 78.79310 84.41460 86.56180 86.73680 85.22240 87.01610 96.48730 89.42670 92.13210 92.73930 91.21380 92.09760 93.16020 89.40820 89.01730 91.52500 94.37550 94.24710 88.82560 86.52900 85.66080 86.97900 91.17770
79.90110 91.71470 92.71990 90.10580 83.49720 82.80940 85.07910 88.73050 95.35400 97.58570 95.82810 96.16020 84.62050 82.62800 80.90390 80.78360 72.96410 65.96920 83.54510 90.78730 92.49820 92.73960 88.30190 84.80220 75.05450 65.28620 79.35690 81.00350 79.93590 81.37860 80.12400 76.92490 73.91350 70.65920 74.97700 80.44850 79.71080 75.35650 73.81540 73.98250 69.58200 70.59980 74.13420 79.02570 76.83430 75.97100 73.68950 71.40470 75.11000 71.93560 77.16660 79.04470 87.69030 89.40550 96.54710 95.22650 98.14080 96.99440 95.96300 94.76200 96.65670 97.27550 96.87240 96.32130 94.67040 93.56020 92.73770 91.77650 93.17730 91.27360 93.46500
89.59410 85.41500 90.83620 89.20110 84.15840 83.41310 79.86360 80.73080 81.15700 88.90320 92.10820 91.50890 92.62790 88.45540 88.82880 85.11180 80.98910 76.00430 82.00470 82.46080 85.98060 91.04330 94.89600 88.61140 80.46030 74.61060 74.07680 76.80270 80.30840 79.55880 76.12410 71.52320 71.04670 68.12310 72.30070 74.02840 79.15130 80.02140 86.29200 80.93620 73.13380 72.42250 75.69410 74.66540 81.19880 77.37110 78.19340 77.13130 74.50370 73.83330 76.99010 80.13730 90.25340 86.23040 93.58610 97.11640 100.59100 100.22900 99.97080 97.22040 93.92660 91.13350 90.84060 89.30520 89.53820 87.99020 92.67290 93.04210 91.41620 92.03540 96.86330
83.05970 79.47500 80.94130 84.87790 82.22790 79.27030 85.40590 85.10870 85.67650 85.31620 84.92700 78.48860 81.04580 85.89150 92.62510 84.22060 88.16510 93.99930 82.54680 84.34350 83.13980 81.80800 85.12190 85.97930 82.89080 81.38070 81.26530 83.18390 86.35060 79.76810 76.46910 72.71080 68.95470 69.37030 71.54620 77.36150 76.82430 77.72590 76.45880 79.12580 78.40090 76.05930 73.76340 76.64730 80.64380 82.55000 79.80660 79.86120 83.71810 89.83270 86.48700 88.52610 94.92970 91.59210 86.24590 95.86890 101.37600 102.56500 98.30990 97.48290 100.18900 97.18710 97.24700 96.91510 97.30500 97.53740 97.08420 95.45380 93.05020 94.59250 95.57440
74.90240 -9999 69.39570 82.54510 86.83840 85.97570 -9999 81.35860 86.91150 86.30470 87.89940 86.55200 99.44780 101.50000 104.10700 99.43950 80.51260 95.88170 76.39530 66.66220 64.52340 63.62390 77.73410 83.07130 82.14810 84.13990 89.79910 87.56900 94.51610 88.92470 86.25290 80.59050 75.83120 73.21660 76.04990 79.76840 79.94700 78.55390 81.56520 82.51270 85.90620 85.65510 84.57020 83.62450 79.79300 77.49630 79.77580 81.03630 84.23420 81.00820 81.55560 82.66430 86.50400 93.41240 90.93980 100.59900 103.68200 104.31900 102.11100 101.99500 103.47400 102.78900 104.67000 104.54400 104.44600 104.07500 105.19200 103.88600 100.90100 99.84210 101.79000
