data/hydroclimate-scenarios/BCSD_hadcm_A1B/monthly_summaries/soilm2_monthly_day1_oct.2030-2059.asc
ncols	311
nrows	91
xllcenter	102.75
yllcenter	31.75
cellsize	0.5
NODATA_value	-9999
[rows 31 to 61 of 91, columns 0 to 69 of 311]
-9999 -9999 -9999 -9999 -9999 -9999 -9999 -9999 -9999 -9999 -9999 77.32750 84.73210 85.93010 88.37700 89.78660 82.26900 83.72430 88.32510 87.46550 88.16550 94.67980 92.94510 93.19550 91.74060 87.76330 88.94830 88.01530 85.74990 85.85730 84.63770 82.16890 82.54390 81.57650 83.34910 83.75920 83.04330 85.30330 86.60880 86.68020 87.12440 86.33450 116.68800 116.92600 116.81700 117.97900 117.74500 110.25300 93.80570 93.18150 95.83660 96.46270 95.30490 94.64630 94.47080 114.02400 114.98400 113.99600 115.38000 114.09200 112.62500 115.04900 114.37100 112.67500 113.08100 118.96600 114.40000 117.12500 120.18800 126.88700
-9999 -9999 -9999 -9999 -9999 -9999 -9999 -9999 -9999 -9999 -9999 80.42910 81.64090 88.16820 83.47070 86.32900 85.69040 91.24670 89.48840 89.51950 95.08840 92.89960 91.61210 92.51360 119.01300 117.59600 117.86100 120.20200 119.42600 86.12320 86.44630 83.23290 84.24310 84.04900 85.16210 84.31520 85.45300 86.43640 99.57740 100.34000 99.56450 98.67660 101.09400 100.32000 99.45290 100.10000 98.80800 98.64810 98.12840 98.28210 97.12830 96.29380 95.58180 115.01600 115.25000 115.10000 115.54900 115.85800 113.90000 96.15590 97.09390 96.61010 111.73100 116.77800 118.25900 112.78200 115.79800 118.58800 120.28500 124.15400
-9999 -9999 -9999 -9999 -9999 -9999 -9999 -9999 -9999 -9999 -9999 84.31260 85.55330 83.27400 83.82340 85.34940 85.44010 92.42850 92.75180 94.55880 95.29630 94.24760 120.48900 120.75600 121.89100 91.30640 90.71090 91.68600 86.66390 115.49000 116.10700 85.27900 86.72780 82.36880 98.91520 95.30290 115.35200 101.18700 115.63100 118.88500 101.38000 119.34200 103.95700 104.53600 106.53800 104.90400 104.41700 102.95000 101.65100 99.44380 98.40600 95.92050 95.00810 111.98700 93.92980 98.55380 98.89030 98.10460 99.53870 99.83180 99.11110 118.49200 115.84400 95.32120 120.22000 116.49800 117.40800 119.01700 119.48200 122.55500
-9999 -9999 -9999 -9999 -9999 -9999 -9999 -9999 -9999 -9999 -9999 -9999 85.16730 85.24890 84.85460 85.74600 86.54750 93.77810 93.61430 93.91070 121.00300 90.71400 93.92390 93.91510 93.20500 95.92840 93.25910 90.24650 83.88930 83.19430 117.07900 117.45700 117.77600 118.01900 118.22300 116.74500 117.73200 101.69700 115.91200 117.77900 118.35000 119.58500 120.23800 101.96600 103.30100 108.67800 105.93000 104.83400 103.08600 100.73600 97.70070 98.04590 97.84950 97.31090 96.18150 94.18100 94.34850 111.64300 117.84000 118.73500 117.31900 112.65500 113.24300 115.10100 115.32900 122.11500 117.98500 120.68700 125.73900 128.83501
-9999 -9999 -9999 -9999 -9999 -9999 -9999 -9999 -9999 -9999 -9999 -9999 85.44000 83.99870 86.02060 85.76230 85.97310 118.97000 120.11600 90.58830 92.67490 97.71240 96.11590 93.04100 93.57990 89.15720 84.82090 91.27480 84.89250 86.56890 87.93740 120.02100 119.67300 116.74600 120.22600 86.83320 84.56420 86.55080 87.03280 91.12450 120.85900 98.90540 97.96960 110.48400 98.65710 102.58400 102.89800 99.76140 94.04360 96.68330 93.04290 86.54310 83.83280 98.54790 97.21400 111.30500 117.89300 111.82900 81.84850 117.45400 115.16900 86.95860 86.91650 104.68200 120.17700 118.07900 119.63200 120.54200 124.09700 127.04400
-9999 -9999 -9999 -9999 -9999 -9999 -9999 -9999 -9999 -9999 -9999 -9999 84.34440 82.21980 116.97300 117.49800 119.16200 86.90380 90.95770 93.10570 94.12640 100.39100 98.31860 93.38820 93.13740 93.11760 91.14680 88.34700 91.07280 89.88000 87.67360 117.27000 89.81820 92.10630 88.52790 83.66750 86.09960 88.17370 86.42230 93.89650 101.13800 106.26000 104.29700 107.37000 111.93500 115.43100 114.30900 115.28100 112.67700 102.27800 96.91140 94.14140 86.49080 88.08180 88.14340 87.08930 85.89390 87.11520 88.41530 120.65100 89.24960 94.64390 93.43920 87.76770 117.80100 119.58900 121.02200 121.93100 127.51600 129.37000
-9999 -9999 -9999 85.03920 87.85480 86.21940 82.83940 82.47880 82.63060 -9999 84.00680 117.68500 116.93400 80.98800 82.28760 84.27670 86.67610 88.04280 91.78680 93.32180 95.48010 97.42780 95.73300 94.27980 93.20730 94.07080 92.32570 92.63150 91.33140 92.51800 88.05340 87.72190 83.58150 92.50180 88.75720 63.06780 85.42140 88.50710 93.04780 96.07880 99.67340 106.10500 108.49900 110.70800 114.87800 116.10200 123.87600 112.41900 110.60000 110.15800 107.56600 104.40700 103.20400 109.38800 103.50100 108.44300 110.52500 94.29190 99.71640 92.23320 121.15300 98.73160 98.92790 100.95900 95.87530 95.35780 99.22780 108.11000 115.12100 120.89400
-9999 -9999 -9999 87.17840 86.82930 88.31640 86.11400 85.76270 82.35990 113.80000 116.51600 115.59400 85.25860 79.72390 84.25590 85.14320 90.35300 90.18000 93.01480 92.05410 92.02560 95.80840 95.48150 98.90450 99.38880 100.08600 99.34850 94.52040 93.98730 96.42150 67.68560 90.89530 89.72800 93.04610 92.71870 93.53020 90.14080 98.55880 92.48980 103.14200 102.99800 100.56400 107.56900 115.91700 116.34300 122.59800 128.34900 113.85400 116.70100 114.00900 115.34700 117.45700 119.40200 118.60200 107.66000 112.85100 104.43700 102.78400 107.02900 101.66400 101.44500 105.88100 106.76500 104.99200 108.01600 102.73800 104.82700 106.90700 116.81800 121.46100
-9999 -9999 -9999 84.23730 88.47950 86.65400 120.65400 118.25100 116.93200 116.40800 117.06300 117.44800 84.43720 81.10730 81.50590 78.89360 91.47370 90.43540 87.59090 86.22740 90.11720 95.50340 73.36640 97.16610 100.72700 100.38100 100.80200 100.43400 96.02870 101.81300 110.81800 106.63100 97.05270 95.67530 98.82130 95.82960 94.03470 92.82170 93.35730 98.25680 101.35300 103.72300 110.60600 120.12200 116.71500 118.45500 123.27800 117.32200 116.97500 128.50500 131.34599 120.72900 121.13400 117.89100 111.71000 111.16800 105.46000 104.74300 109.23000 108.42600 104.19900 103.53900 104.27000 111.23500 112.54000 115.13500 115.64300 119.25200 122.73000 131.73700
-9999 -9999 -9999 87.65590 84.77000 90.49480 117.47400 120.41200 116.45600 115.46800 116.33000 81.61040 79.74800 81.50640 79.89600 81.56570 87.54410 101.93100 100.78600 91.97560 96.03660 96.72260 109.02200 117.40400 105.76200 103.97400 98.05770 93.11180 106.16300 115.19000 111.09200 92.00610 98.15290 108.07500 109.61800 109.47300 100.22200 94.18940 100.37500 97.19030 100.27100 113.39100 121.14800 124.34900 120.06900 129.90700 133.40800 121.83400 129.61099 127.00200 131.55701 126.31100 123.42500 122.24800 121.45100 111.97700 106.94500 108.38200 112.19700 110.94900 110.68100 113.22900 110.81900 116.40500 118.69000 120.05400 127.83300 131.14500 141.24300 145.31599
-9999 -9999 -9999 84.81430 84.86330 91.51390 119.84600 119.66600 119.38700 117.61700 116.61600 115.28500 82.03300 84.54990 98.05990 98.79560 96.66480 95.59050 90.94370 94.27290 98.75590 100.60100 120.25100 102.35200 100.33700 100.86400 97.68880 93.82520 99.96450 107.43500 106.81300 101.17500 103.51600 99.86690 98.51220 100.43700 101.33200 97.05560 97.36370 101.13500 110.53500 118.85000 123.52200 126.84900 128.42101 129.29800 130.28500 124.94600 122.82000 129.96700 128.38901 118.80100 117.12200 124.27800 117.79400 120.49200 111.62400 108.99400 114.93000 126.60300 125.57000 121.84400 123.69700 127.22800 124.68900 121.27800 129.95799 133.28700 143.69099 144.47000
-9999 -9999 -9999 -9999 121.47300 124.12600 123.45500 124.42900 120.74900 117.90300 118.55900 87.55850 91.91430 89.17130 -9999 -9999 -9999 -9999 -9999 111.75800 121.87100 114.09900 120.20800 117.16900 107.96400 101.45900 98.74100 97.86640 101.95000 97.42160 96.25410 97.11860 97.79120 94.18850 93.64910 90.67290 95.61840 91.36410 96.29870 99.70040 98.76080 107.94300 119.61700 128.17101 129.55499 128.62500 129.46899 133.58200 131.14200 130.54201 128.15601 129.25500 123.67100 132.28999 130.98100 133.40100 133.87300 130.05000 121.06500 124.63600 133.82700 136.74001 135.01801 134.88400 135.50301 134.60699 137.29601 135.82899 134.27400 -9999
-9999 -9999 97.20790 123.43100 124.39200 124.09500 123.58800 126.25800 120.95800 119.90400 119.61600 88.54950 95.09380 -9999 -9999 -9999 -9999 -9999 128.18500 116.23700 120.24100 100.82400 98.56030 108.61000 116.79900 115.41300 103.88100 100.86600 101.92400 100.00800 98.21260 94.37610 93.82060 98.82810 99.01580 96.32870 95.58490 90.22500 94.18520 94.52260 100.09800 108.16500 115.80400 117.65000 117.03500 119.86800 124.00700 122.90900 120.25600 119.61500 119.71200 123.48400 133.15700 129.28000 129.72701 121.45700 124.64500 123.13900 123.17900 122.43000 125.40100 126.57500 131.67799 135.44000 136.61301 136.29300 135.61501 -9999 -9999 -9999
-9999 -9999 125.52200 126.76400 123.89200 124.01700 123.43300 125.58300 121.65600 121.72100 95.24030 96.60930 89.23890 -9999 -9999 -9999 -9999 94.49560 110.30200 97.27480 99.80080 95.70350 99.17430 109.16400 105.69700 97.86030 99.31220 95.43580 98.93490 98.56210 93.61460 97.49710 95.59160 96.76170 98.84150 95.53430 93.78200 90.10710 95.61880 106.33500 110.09800 118.24200 122.20700 120.57300 121.36300 116.48000 118.10000 118.74400 116.01300 116.00600 125.13000 126.48100 126.49100 123.64500 121.86100 109.88200 115.86800 124.84300 131.91400 129.19600 129.82700 136.10001 136.12900 134.61600 133.43600 -9999 -9999 -9999 -9999 -9999
-9999 -9999 127.27700 131.65401 128.86400 128.22400 126.00400 122.59500 122.85700 122.96600 96.27260 92.68170 78.07390 -9999 -9999 -9999 -9999 106.00000 100.65900 99.74270 99.82040 99.81460 100.67600 99.59910 101.40000 100.44800 97.35880 96.93570 97.40210 95.14600 94.94330 93.87790 95.60770 96.82790 96.11990 99.29500 102.26700 101.94800 103.37700 100.89200 109.71700 108.79100 113.22100 124.83700 124.29300 121.33200 120.46300 117.67600 113.54200 112.43300 112.00000 112.37200 112.44800 113.26900 120.73900 111.29800 109.93200 123.05500 127.78000 127.90300 125.12000 127.35700 128.46600 125.19400 128.63300 139.68401 135.81300 136.10400 132.41100 -9999
-9999 -9999 -9999 132.44901 129.87399 127.51900 122.07500 120.35500 100.81400 103.00400 91.30350 81.05210 -9999 -9999 -9999 -9999 98.28400 101.23000 96.49540 94.92290 97.59930 95.74570 96.72190 99.21680 99.66970 99.17910 100.88800 99.40790 100.54800 102.20800 98.06290 96.15870 96.18990 96.67230 97.86790 98.76950 94.65190 94.99500 94.32590 93.69340 100.91800 99.91100 135.40601 135.29500 134.05600 137.50999 125.41800 119.67800 118.30200 113.80000 123.04200 127.57500 126.40700 130.16299 134.60201 131.91600 133.23801 129.03101 132.45100 132.76300 130.89600 130.08900 137.45700 139.50101 131.83200 137.01100 137.72900 131.70500 124.72600 139.69299
-9999 -9999 -9999 -9999 130.62601 126.26300 122.27400 104.90700 107.51800 90.12230 86.90160 -9999 -9999 -9999 -9999 102.37200 98.23140 94.70200 121.37300 96.11450 93.40980 94.64970 96.16000 100.31800 99.08950 98.62090 98.42110 99.51380 99.19980 98.35540 97.81810 94.69190 93.79310 94.32610 100.61100 99.90340 100.33700 99.53300 97.85310 93.95830 95.75430 98.70660 104.16300 109.08100 112.28900 134.76700 136.00101 134.59000 131.60699 118.78600 112.27400 116.96800 122.58200 126.32700 126.32600 123.12500 127.31900 132.22099 137.66400 131.46500 137.16000 135.24200 133.11301 131.64101 131.98599 141.69000 133.45799 126.19700 125.15100 123.48000
-9999 -9999 -9999 -9999 -9999 -9999 112.55000 131.96400 84.16780 98.29290 95.36700 -9999 -9999 -9999 -9999 -9999 95.86740 95.26370 93.78280 95.46090 94.93570 89.33990 94.49890 98.55140 97.38640 94.80580 98.33760 140.92000 139.78700 136.20500 96.51080 96.11880 93.51780 98.40480 97.20150 98.68200 100.55000 99.77460 95.73540 97.06010 97.68600 104.53100 107.25200 103.91200 130.66901 130.54800 129.84500 133.91000 134.03799 132.31300 135.73700 134.26900 128.33200 132.29201 131.87199 130.51601 125.75200 132.70200 137.97000 123.50300 122.62200 128.58900 135.98700 130.89799 129.31799 135.03200 134.54601 118.08800 112.85800 116.85000
-9999 -9999 -9999 -9999 -9999 -9999 -9999 -9999 -9999 -9999 -9999 -9999 -9999 -9999 -9999 -9999 -9999 -9999 -9999 92.97320 92.86270 85.18060 93.85830 94.71370 96.66900 96.27420 120.18400 114.27100 112.47800 86.78610 94.52470 93.16790 94.92420 95.26540 97.34680 99.56590 98.35160 101.80200 100.81700 103.84600 107.86700 110.06600 109.62800 112.09600 111.20400 110.87700 102.01700 131.86900 131.67999 134.39500 136.07100 134.47501 138.66800 137.69000 122.08800 122.28100 113.55600 116.99000 117.56400 119.50200 133.96700 141.09599 127.64800 126.68300 124.98500 135.17900 130.70900 114.15300 111.94800 124.78000
-9999 -9999 -9999 -9999 -9999 -9999 -9999 -9999 -9999 -9999 -9999 -9999 -9999 -9999 -9999 -9999 -9999 -9999 95.81550 92.27500 89.61980 88.07330 90.34320 91.91840 88.48410 85.84620 115.00900 115.55400 87.07760 88.75000 90.39710 94.39880 97.24570 97.45600 97.40650 122.85900 101.84800 101.33200 103.08200 104.72200 107.52100 111.44700 113.16500 112.19600 113.35100 133.11099 108.88300 446.85599 600.23700 632.85199 639.44202 136.14200 136.27901 139.50301 142.61301 141.49800 120.74100 121.01700 133.19901 123.60400 136.85899 140.71400 129.03900 130.44600 144.96600 134.42599 122.49000 119.17300 136.32001 118.46300
-9999 -9999 -9999 -9999 -9999 -9999 -9999 -9999 -9999 -9999 -9999 -9999 -9999 -9999 -9999 -9999 -9999 96.70120 96.70370 88.81850 90.20260 89.10690 85.44280 84.99460 80.78430 81.20280 118.38700 111.64400 115.85800 116.15800 117.99400 117.31600 95.51880 116.96800 120.06600 126.47200 128.70900 103.39400 103.00300 106.12500 107.19200 128.83000 112.65100 129.22099 102.88600 103.98700 131.83400 614.44501 600.43597 619.14502 625.01898 138.84100 133.04401 138.92700 141.38600 147.75600 120.95300 121.32700 123.05400 121.74300 126.78900 138.85699 133.88200 139.31900 122.56400 123.28400 124.80400 115.03700 136.47900 138.97200
-9999 -9999 -9999 -9999 -9999 -9999 -9999 -9999 -9999 -9999 -9999 -9999 -9999 -9999 -9999 -9999 -9999 96.68390 94.47070 93.83440 92.31580 117.34600 113.24800 77.97440 76.58730 80.43160 78.51780 76.80190 75.19720 112.84100 117.13900 116.88900 117.79900 115.05500 120.15200 125.29700 129.65800 94.97000 100.81500 106.21100 103.39500 100.69900 127.27200 94.71720 122.85500 125.38200 124.33700 448.19299 449.29999 602.66400 626.91498 132.68300 135.47501 140.76500 141.13200 150.68700 137.40900 128.98700 124.34100 126.03700 123.21300 124.04200 123.93100 122.61600 124.43400 124.11200 123.50300 131.61800 138.14000 142.11600
-9999 -9999 -9999 -9999 -9999 -9999 -9999 -9999 -9999 -9999 -9999 -9999 -9999 -9999 -9999 -9999 98.71020 99.17200 96.32020 92.11390 114.58500 78.51600 77.85490 78.36860 76.68490 78.12900 77.75650 76.23070 75.33870 76.32240 76.40290 74.74100 109.59200 113.83700 115.44500 118.68700 117.84900 121.13700 96.36230 98.76260 94.23760 98.58480 129.94901 120.95900 92.03490 122.34200 124.72500 461.97501 453.06900 599.25702 622.73297 134.35600 137.25400 139.78999 138.85001 150.20500 152.61501 141.53799 141.74699 124.43800 122.65200 127.34300 131.72701 145.93300 147.77699 151.37801 144.84801 145.49200 141.89999 141.66600
-9999 -9999 -9999 -9999 -9999 -9999 -9999 -9999 -9999 -9999 -9999 -9999 -9999 92.78390 93.00060 91.75020 92.52180 96.02280 119.00400 112.81400 78.82990 80.83500 79.04850 78.38890 78.14470 77.20490 77.30640 365.77499 364.96600 367.66101 549.96802 552.23499 359.71301 359.38000 551.28998 554.00098 565.62598 560.51599 420.75500 427.60001 425.80200 589.36499 582.24402 405.62701 586.47498 591.64502 604.83899 613.89899 624.63702 630.82098 633.39398 631.07098 623.28400 620.65503 640.64899 674.29999 675.50800 665.27502 598.66998 612.16302 632.89502 718.39801 733.15900 762.82703 738.15100 717.63202 699.91400 142.73199 142.92500 149.01700
-9999 -9999 -9999 -9999 -9999 -9999 -9999 -9999 -9999 -9999 -9999 -9999 89.20480 89.84910 118.34200 117.38900 117.39100 82.60000 81.13330 76.74630 76.95430 75.87100 74.75150 76.42250 75.14040 74.42790 74.46680 363.38800 541.68201 547.85498 540.18597 542.73297 546.19202 538.19800 550.93500 549.88501 369.64001 381.96100 414.85699 418.03500 413.04800 410.12900 582.52899 579.30701 580.74103 590.60199 601.41302 609.53101 624.58197 632.71503 630.54901 479.85101 630.57501 487.53900 621.05603 631.83801 667.46503 637.87799 633.08899 709.19702 710.50500 724.54602 733.10400 742.74200 747.81702 732.32397 738.00500 143.20900 148.19200 142.39600
-9999 -9999 -9999 -9999 -9999 -9999 -9999 -9999 -9999 -9999 -9999 119.33000 85.67700 115.02000 80.73440 78.98950 78.06430 76.20160 76.80010 76.03120 75.08910 72.04150 71.70730 72.77770 72.48050 73.14460 113.80700 536.20898 541.56097 543.64697 538.34497 362.12701 363.34399 366.33801 357.45499 551.79999 389.23700 403.63501 410.92999 406.54401 400.08301 578.53400 571.31403 570.32300 576.11603 585.42603 593.48602 602.70502 609.55798 628.12402 650.54303 536.37299 522.26801 653.80402 548.20300 521.52399 654.03802 570.38397 582.98700 664.40698 688.04901 677.51300 674.87799 674.48199 708.03900 716.04700 705.88098 149.60500 140.40500 132.27299
-9999 -9999 -9999 -9999 -9999 -9999 -9999 -9999 -9999 -9999 82.28190 81.96130 78.44630 78.06990 76.36220 76.06270 75.79120 74.75360 74.95480 73.76420 72.70790 70.88800 70.59270 71.29130 70.91340 71.87200 72.04040 542.84302 539.63202 349.47601 349.26501 362.34799 361.14700 548.65997 550.45203 550.09900 396.59399 404.94601 423.51700 403.82901 575.40002 565.83301 564.01703 567.45300 573.38397 589.19202 591.66400 602.04602 608.87201 628.05902 649.69202 552.71002 660.00299 551.24902 543.29303 526.23901 664.02698 682.66498 650.06201 649.77600 661.27802 671.02600 670.50299 685.00897 695.32501 712.22699 738.29401 147.45000 137.41499 127.79200
-9999 -9999 -9999 -9999 -9999 -9999 -9999 -9999 -9999 150.15601 148.90800 147.93100 148.42200 147.88699 146.57001 146.04800 145.74699 144.93600 143.60899 144.06700 143.70399 143.09700 143.26801 142.52499 141.86700 141.21800 141.55901 143.60001 142.69299 142.71300 142.91800 353.14401 365.06799 368.76700 557.53998 567.16998 425.45200 422.36401 412.35400 570.47302 563.83502 557.18597 558.13000 729.66602 568.92798 745.45801 588.10699 600.55200 614.03900 626.61401 649.45697 663.58301 556.39099 692.54401 628.07397 648.59497 637.40100 630.89899 630.01099 640.22198 655.87402 675.23297 665.34698 684.51300 668.43103 678.63501 711.53400 281.72900 252.28700 250.84801
-9999 -9999 -9999 -9999 -9999 -9999 -9999 -9999 -9999 -9999 146.92900 144.24800 144.19299 143.35201 141.95599 143.03000 143.32600 142.59599 142.16499 143.90900 143.91100 142.35899 142.64999 -9999 -9999 -9999 -9999 -9999 -9999 147.72800 148.95000 362.79800 363.69199 367.45999 369.96600 568.48798 583.54401 408.57700 400.85001 560.67499 562.31201 559.37097 570.76898 737.27002 732.86200 739.80402 745.35797 594.48700 620.11798 631.46399 639.08301 506.74100 546.45398 600.80902 695.37402 635.59302 621.96198 628.50897 626.41602 636.08899 656.79199 645.77301 562.57599 663.32001 703.16998 705.93597 701.87201 267.88901 264.16299 275.99100
-9999 -9999 -9999 -9999 -9999 -9999 -9999 -9999 -9999 -9999 -9999 -9999 141.60300 141.63000 141.41800 139.76199 140.16299 140.96500 141.09801 -9999 -9999 -9999 -9999 -9999 -9999 -9999 -9999 -9999 -9999 -9999 -9999 -9999 -9999 368.22800 546.89099 559.53400 575.18402 561.80103 382.99899 380.71600 562.63397 559.51801 566.04700 570.12201 575.98199 736.22803 745.82501 585.22699 601.64001 612.10101 627.17200 661.01099 669.01599 664.98999 653.53601 627.61603 633.88098 612.88898 458.26199 634.14203 660.07703 650.11102 675.76599 658.54102 687.20599 698.52197 655.00403 245.76500 255.87399 276.53500
-9999 -9999 -9999 -9999 -9999 -9999 -9999 -9999 -9999 -9999 -9999 -9999 -9999 -9999 -9999 -9999 -9999 -9999 -9999 -9999 -9999 -9999 -9999 -9999 -9999 -9999 -9999 -9999 -9999 -9999 -9999 -9999 -9999 -9999 552.82800 556.46503 556.78699 559.20300 370.61899 556.43298 556.98499 560.50403 722.88800 576.12299 742.99402 743.78101 609.85797 579.54199 597.66101 603.23297 616.65100 652.25403 658.30902 651.97998 644.55402 623.67102 608.77502 643.99103 617.00299 619.22302 640.18701 657.80499 642.10602 661.78400 679.29797 663.89899 693.72198 256.82199 269.83301 294.20401
