data/hydroclimate-scenarios/BCSD_hadcm_A1B/monthly_summaries/soilm1_monthly_day1_oct.2030-2059.asc
ncols	311
nrows	91
xllcenter	102.75
yllcenter	31.75
cellsize	0.5
NODATA_value	-9999
[rows 32 to 63 of 91, columns 0 to 70 of 311]
-9999 -9999 -9999 -9999 -9999 -9999 -9999 -9999 -9999 -9999 -9999 81.65940 81.94540 86.85770 83.96860 85.96440 84.16130 87.21400 84.51920 84.94240 87.29310 88.56420 88.40170 90.68340 85.68300 84.16530 84.61890 88.17910 89.66980 92.56880 92.79020 90.22250 91.55320 93.05470 92.57820 90.31140 89.40610 88.45520 84.31240 83.91960 82.27840 81.11190 82.73960 81.89210 80.67130 81.91520 80.94840 79.99270 79.50500 79.36950 78.52070 77.46180 76.89420 78.72040 77.84560 78.03390 79.24800 80.27440 78.06920 77.69040 78.71100 77.19600 73.97170 81.63110 81.96150 72.89970 75.71410 79.94250 80.82650 80.19760 79.80930
-9999 -9999 -9999 -9999 -9999 -9999 -9999 -9999 -9999 -9999 -9999 83.93950 84.25900 84.03800 82.95620 84.36990 84.25280 88.58660 88.63790 88.87300 88.82460 88.95350 85.77650 86.87360 86.73500 85.94240 83.83040 85.72670 84.66450 80.61310 86.31060 89.23560 89.19370 86.41630 84.27570 78.37090 82.96550 85.29930 82.20600 82.27140 82.51420 82.59870 82.84270 83.44430 84.66510 83.91110 83.34640 82.03300 81.20260 79.43850 78.62740 77.16080 76.18620 74.51900 74.35050 78.99540 78.59450 78.36200 80.72390 81.38360 80.37890 83.48340 81.66990 76.06670 84.08310 76.99240 77.45900 78.56760 78.71360 79.49460 78.65500
-9999 -9999 -9999 -9999 -9999 -9999 -9999 -9999 -9999 -9999 -9999 -9999 83.22090 84.57780 83.70080 84.63400 86.96460 89.62600 89.47440 89.93600 85.46960 84.96190 82.58470 86.01780 83.88610 80.61980 80.68680 80.60720 80.28940 81.45310 81.72020 83.47770 84.94150 85.87090 85.27280 83.97870 83.66020 86.29840 82.50390 80.58620 81.01820 81.20110 81.46730 81.97780 83.08850 84.64660 83.93060 84.63270 83.71100 81.97030 80.01750 79.58070 79.68820 77.71430 75.57720 72.74110 71.92160 72.53650 83.36620 83.93180 82.81760 74.09540 74.30280 76.19130 75.98910 83.25280 78.06090 79.41050 80.64860 81.58880 79.05750
-9999 -9999 -9999 -9999 -9999 -9999 -9999 -9999 -9999 -9999 -9999 -9999 83.22150 83.77680 86.79990 87.05140 87.21840 85.05180 85.31730 85.96310 85.85410 86.38350 85.42610 83.84250 82.62210 80.35820 79.84240 81.13920 79.85990 80.94040 83.92740 84.71610 85.50220 82.30260 84.88340 84.39310 81.62510 85.52630 86.38650 82.54800 81.95770 82.76730 83.16450 85.81880 87.14920 86.72400 87.31160 87.06180 85.03540 84.91370 82.99740 80.57360 79.79610 78.14080 76.97320 73.80440 81.82250 72.53540 77.90620 79.54650 76.96890 79.71100 81.39460 81.35880 79.86340 77.62500 78.57510 78.99260 80.30580 81.09760 81.89010
-9999 -9999 -9999 -9999 -9999 -9999 -9999 -9999 -9999 -9999 -9999 -9999 85.99760 85.83210 84.66560 83.51210 84.10170 85.63030 83.12400 84.76330 85.64770 86.44420 85.63540 82.50450 82.50120 81.85520 82.48280 79.80090 81.27720 78.72060 77.50790 82.05130 85.56480 84.99190 84.06280 81.64760 82.08020 83.87510 82.96910 84.47770 85.24510 84.24820 83.98470 86.12690 86.17640 83.40080 85.50110 86.75670 86.29760 84.02970 82.66130 83.53290 80.92240 79.23460 78.30260 75.99300 73.89290 78.47610 79.83680 79.95800 79.80560 80.30900 79.79210 78.47830 77.86470 77.64740 78.23040 80.68750 82.62180 83.41750 83.92260
-9999 -9999 -9999 79.31340 81.13710 79.51990 78.17590 80.92040 80.89530 -9999 85.81810 84.72880 83.28460 81.93130 82.82720 83.85930 83.37900 82.83260 84.03450 84.96370 86.31910 86.41410 85.40720 85.05670 82.43660 84.25570 84.49530 82.53850 80.26400 78.61440 82.79240 83.31120 81.16270 77.48070 78.79380 69.74260 78.20740 81.93930 84.40960 84.48030 84.81960 84.75250 85.38910 84.64040 84.63010 83.60600 85.50290 83.14120 85.21120 84.80720 81.41210 78.40270 78.42140 81.14840 80.93540 81.60890 81.34630 78.11630 78.20700 77.73530 79.41440 81.15670 79.05450 81.23340 78.68860 78.34700 79.43410 82.62480 84.16260 84.86180 85.15230
-9999 -9999 -9999 81.83360 81.50500 82.46790 81.64590 82.23800 80.36960 78.56850 82.37670 80.83160 83.86200 77.38140 79.08370 81.42860 78.73580 85.10380 86.34330 86.61020 86.12880 85.48360 85.95780 85.91470 82.36330 81.80920 82.22400 82.21130 83.55990 77.39990 70.36390 78.80390 82.44020 78.09640 73.88470 75.68720 78.76340 82.93450 83.00020 83.45420 84.02840 83.21560 85.27640 85.86080 83.81930 85.48150 87.38070 84.17550 82.00420 78.79280 79.63190 84.51590 84.60610 84.26680 82.98910 79.83970 78.21780 78.51040 79.63200 78.50600 79.18050 80.53310 80.08230 81.56450 83.49300 79.85780 80.44990 81.77980 83.51260 83.53010 82.88680
-9999 -9999 -9999 80.24640 82.73200 81.73620 83.22700 81.94030 81.76760 81.47330 82.07640 82.49430 81.54200 76.94770 76.97670 78.97820 81.99200 80.05980 82.94790 83.60970 84.58530 81.40590 73.20140 75.76010 80.25910 81.53180 84.62190 84.67450 80.13410 78.94050 81.38730 84.84590 80.89780 76.71260 75.45240 77.63350 81.04180 82.13070 79.93390 76.72520 79.84240 81.65150 85.01160 86.79620 85.95800 86.76760 87.12570 79.67030 79.38470 85.35950 84.91350 85.06160 84.91010 83.90720 83.08560 79.92340 78.75200 80.17350 80.39690 81.13220 77.94800 77.78320 81.83570 84.41630 84.53590 82.57580 82.46420 82.83050 80.30980 84.19880 85.58470
-9999 -9999 -9999 83.60790 83.75080 85.18450 82.61890 83.58550 80.09580 78.41580 80.17670 79.32320 74.52700 77.47290 79.00190 74.90620 78.41820 88.57540 90.41420 83.39640 77.71260 72.31990 79.20680 87.84030 84.40990 79.47800 81.94670 83.84240 85.09490 81.73190 80.38280 78.61120 78.68610 81.96910 83.83380 82.18880 80.14800 79.49370 81.73710 80.95570 80.37520 81.27350 82.48870 85.32740 85.85030 87.58010 87.97520 85.40040 86.32850 84.13350 84.24190 84.21950 83.86760 80.18400 82.76980 77.85530 76.06800 76.25970 77.64080 77.57950 74.96360 81.61580 82.00140 83.69320 83.42280 82.41200 84.76100 84.82330 85.42240 86.47310 86.78030
-9999 -9999 -9999 81.11520 84.10560 84.92580 84.17900 82.92260 82.12550 80.43100 80.50000 76.41420 73.61050 76.46870 92.02090 89.75320 82.20780 81.30480 82.51460 79.26710 78.22570 81.34780 87.80340 80.47840 77.04190 78.90600 84.70630 85.37940 83.54920 84.03300 81.31440 81.29070 81.70610 81.66560 81.59490 79.64390 80.07150 81.17110 81.22510 80.19340 79.40850 81.67150 83.88680 85.13090 85.96660 86.23700 86.24590 84.29710 82.78570 84.02850 82.99920 80.45040 78.41650 79.86340 79.42190 77.69150 76.15810 75.22260 78.24830 83.71860 82.97040 83.74880 84.57930 82.75720 81.38110 81.15350 83.93880 83.80620 86.26280 86.64300 87.07960
-9999 -9999 -9999 -9999 84.17020 83.67540 84.02700 84.08560 81.95720 78.62720 80.80190 82.18070 77.02540 74.78860 -9999 -9999 -9999 -9999 -9999 83.04190 90.59270 90.50020 89.84770 83.86150 82.33020 83.45700 82.90650 83.54180 85.04660 85.15910 84.67800 81.45660 81.97610 80.21870 77.52800 76.88270 76.41960 75.68570 79.39690 78.32890 77.29260 77.87590 82.26600 84.79230 83.78380 82.00370 79.38750 81.71830 84.45330 88.35160 83.75570 83.66530 83.05380 82.75130 82.42130 82.12470 82.47820 82.55870 78.75520 80.87190 83.68370 84.76370 86.22350 85.85780 86.49190 86.73350 86.47750 83.86240 85.92320 -9999 -9999
-9999 -9999 83.31210 84.12250 85.64030 83.55620 83.42410 84.07850 81.86520 79.94720 81.32980 81.95390 79.60420 -9999 -9999 -9999 -9999 -9999 90.91880 93.92750 90.90020 83.76680 83.34460 85.11280 90.12600 102.16400 90.60630 85.31060 85.23460 84.65230 78.85650 81.96010 81.17160 80.51810 81.69460 78.63930 78.60270 77.17240 78.53180 79.09180 79.58940 81.43440 82.42080 83.03450 82.76260 82.43680 82.75480 82.36510 83.36260 95.63210 95.63900 95.69740 99.32940 91.07130 86.62930 81.25750 81.08900 80.31630 79.64210 81.00260 81.79790 82.95840 86.29180 86.46460 86.83230 86.54780 86.57660 -9999 -9999 -9999 -9999
-9999 -9999 84.56270 86.38210 85.12060 83.56770 82.24770 83.13080 81.44120 82.69340 84.63290 84.74500 80.20000 -9999 -9999 -9999 -9999 83.32150 85.20410 83.48810 81.67140 82.07230 85.14350 91.41140 89.87730 84.08480 81.44000 82.46490 82.94860 83.79120 80.82220 80.79350 81.11910 83.62230 82.49050 82.16250 81.61640 76.10270 77.80700 81.36150 82.22520 81.36890 81.47970 83.39470 79.48290 76.03630 77.32670 76.26280 76.73630 78.27400 81.61760 85.69910 86.89940 91.05490 90.64090 79.79720 79.72560 82.88480 85.47560 86.40320 84.54890 84.41240 85.28860 90.24700 88.56940 -9999 -9999 -9999 -9999 -9999 85.46340
-9999 -9999 82.33050 86.28650 86.93750 85.34410 80.32390 78.11660 81.95790 82.84400 83.35920 81.20020 74.66240 -9999 -9999 -9999 -9999 84.64960 84.05380 82.95240 80.21090 83.51360 90.22370 84.96190 85.58010 84.80020 82.20870 82.06610 82.73900 80.09000 80.91890 82.22140 81.59920 82.93800 83.09100 82.55110 82.59660 81.33360 80.75280 81.62140 83.14930 82.61840 81.93050 84.90130 82.55000 78.52790 77.37370 74.79600 72.92740 72.25430 74.37910 74.99130 78.22860 77.09660 81.58160 78.40020 79.37340 84.16220 84.08750 84.40100 84.54770 84.72720 84.30580 82.87650 82.87230 88.52130 87.08490 86.51400 86.72230 -9999 -9999
-9999 -9999 -9999 81.38400 84.48660 83.69750 80.61150 78.54790 83.11400 80.41540 71.37450 75.22100 -9999 -9999 -9999 -9999 84.06830 83.61060 83.78990 81.67980 83.62560 84.08640 81.03900 81.80610 82.35830 81.22580 80.91650 79.15860 80.72210 84.08390 83.17200 82.57020 80.75700 76.49440 72.50910 73.42930 77.55110 81.81290 83.06910 81.73660 83.92880 82.89740 87.16940 86.64450 85.91160 88.03850 86.40480 82.88690 79.94260 76.63580 82.48160 89.72170 84.77560 91.35500 100.85400 103.37700 92.34150 85.19460 85.18810 86.59720 86.28510 86.41600 87.29610 85.91360 81.39250 85.14780 87.99520 88.83950 86.76250 89.02910 -9999
-9999 -9999 -9999 -9999 81.69320 81.48970 79.05450 83.55580 84.07230 79.88600 77.33820 -9999 -9999 -9999 -9999 86.24810 82.03280 76.71440 79.55220 71.80360 74.15820 72.20360 72.11810 74.39130 79.38410 75.27940 70.61560 73.07380 71.85460 75.48320 75.31120 73.26030 71.85170 71.62390 74.37860 84.19010 85.56760 84.87860 83.98290 81.74260 81.26590 83.01120 83.53160 84.25150 84.48480 81.27550 81.77390 86.96940 81.80700 84.38410 81.98800 88.96240 88.06380 88.67950 90.15010 92.04780 101.44100 92.60280 90.76450 85.54060 86.62450 85.35090 83.89900 82.84820 82.42740 86.31930 85.63230 86.80400 86.82740 88.77530 90.04040
-9999 -9999 -9999 -9999 -9999 -9999 88.21710 86.53670 70.22490 80.17110 73.58030 -9999 -9999 -9999 -9999 -9999 70.96640 70.50420 71.02270 69.27550 69.20960 67.16260 73.43030 75.89340 69.72460 68.77620 75.76610 91.36940 91.34680 81.97880 73.54550 72.76200 77.27830 73.91600 74.49860 73.21110 83.46500 84.08510 83.16420 83.74100 83.10690 84.24350 84.73690 83.01040 84.94560 82.93640 80.33770 83.14550 86.36350 97.91960 91.64170 91.61760 80.15410 83.07760 81.32090 81.40690 90.36690 92.55070 84.87470 77.90210 77.97310 80.28950 83.50870 78.77250 78.25570 82.86850 89.37400 87.05470 86.58900 86.62020 88.04040
-9999 -9999 -9999 -9999 -9999 -9999 -9999 -9999 -9999 -9999 -9999 -9999 -9999 -9999 -9999 -9999 -9999 -9999 -9999 67.69240 69.96560 71.47310 70.18510 67.71250 71.72360 72.82720 72.12070 70.22710 68.29180 69.85940 72.19400 78.04940 86.42320 82.56880 76.24800 76.83820 84.82640 86.99420 85.73800 85.51160 85.66870 84.50960 84.88940 84.81170 84.41140 81.02810 79.67310 83.06320 84.88390 84.34380 84.58080 79.97390 85.72690 89.05040 84.96210 82.78880 75.86600 76.83570 75.06250 75.92020 83.93530 86.97190 77.65890 75.73320 75.14150 83.90110 86.04730 85.89130 86.44660 89.67810 89.10080
-9999 -9999 -9999 -9999 -9999 -9999 -9999 -9999 -9999 -9999 -9999 -9999 -9999 -9999 -9999 -9999 -9999 -9999 69.39450 73.24680 71.74190 66.91710 68.45900 67.23260 71.60510 74.92440 74.28250 75.06820 69.73090 68.78960 69.74450 72.22620 72.48370 72.76070 80.06780 85.38170 83.96790 86.62700 85.41970 85.13510 85.09550 83.83810 83.65080 84.14140 82.67040 82.05750 81.53520 81.84560 82.13600 87.90530 88.95550 89.13930 90.15560 89.92470 86.70380 83.87250 76.80600 76.18090 83.05500 77.50180 85.21700 87.00530 79.07170 81.58330 88.98470 83.51170 78.74320 86.82310 86.81760 87.64790 90.41440
-9999 -9999 -9999 -9999 -9999 -9999 -9999 -9999 -9999 -9999 -9999 -9999 -9999 -9999 -9999 -9999 -9999 69.86580 71.33750 68.42230 69.24070 67.87800 68.66670 70.07250 69.92570 71.85400 79.90600 70.68910 74.65760 75.79850 76.34740 77.82190 78.15000 77.00420 87.46640 87.57510 85.53600 86.33340 86.52190 84.78710 82.00280 82.12230 82.34510 82.71950 81.30570 78.18860 82.85560 84.87600 80.08820 86.61500 88.64150 86.84480 82.03940 84.95870 86.62030 86.66810 74.88610 75.44820 75.64560 75.77470 80.30090 85.35760 81.03390 86.16360 76.79690 76.04940 78.75500 77.88750 84.77140 87.06050 85.78890
-9999 -9999 -9999 -9999 -9999 -9999 -9999 -9999 -9999 -9999 -9999 -9999 -9999 -9999 -9999 -9999 -9999 70.41810 68.05980 67.89720 70.95200 73.96210 68.46370 67.07440 64.49670 63.01000 65.42460 65.29240 68.73180 69.61420 81.44650 81.81940 80.90540 81.02430 85.24680 86.84490 87.07220 82.20110 81.09180 80.57580 79.85460 79.91700 80.25970 78.71060 79.04960 82.65270 77.85360 81.63290 79.20750 81.10540 89.09600 89.87390 90.55250 90.64760 90.95130 89.55290 79.89250 78.27040 77.17530 79.71270 76.94050 76.54170 76.29470 75.33850 76.31810 75.72780 76.74240 81.54910 92.19850 90.06360 86.28000
-9999 -9999 -9999 -9999 -9999 -9999 -9999 -9999 -9999 -9999 -9999 -9999 -9999 -9999 -9999 -9999 80.66760 77.97760 67.88350 72.41190 68.96430 64.55560 61.59140 60.26160 56.63790 58.68180 59.89970 61.23370 61.77830 64.91650 66.79280 66.50140 65.28570 78.32880 81.67930 81.89770 77.42630 82.30980 81.09760 77.49770 74.69270 79.49840 83.49050 76.95280 75.87130 76.82970 76.95870 81.50780 79.92490 76.20210 86.98230 87.76680 88.74740 90.35130 90.48540 88.81260 89.76640 81.55340 86.93500 78.78130 77.21000 78.17860 80.30400 83.62490 84.42940 97.68840 100.91000 100.83100 94.02300 86.97350 85.80870
-9999 -9999 -9999 -9999 -9999 -9999 -9999 -9999 -9999 -9999 -9999 -9999 -9999 68.19670 67.30610 72.52630 70.29420 72.65530 72.75880 65.77590 63.64510 59.31860 55.87740 57.19320 57.08760 56.42870 55.69700 58.86940 58.26990 59.74140 77.60170 74.34390 63.28430 61.82680 78.93980 84.98080 83.49500 77.65600 79.44330 78.95290 79.23030 79.83600 78.60670 78.73890 85.69320 91.06460 88.55940 88.55740 89.88900 83.07280 82.64280 84.35200 82.80950 83.05000 88.89140 88.79700 85.98780 85.13130 84.81470 84.81220 85.91770 91.85960 86.68080 96.77810 99.65600 93.80670 99.36020 94.03450 88.51090 89.22470 88.21250
-9999 -9999 -9999 -9999 -9999 -9999 -9999 -9999 -9999 -9999 -9999 -9999 66.21920 67.43940 75.53920 74.21770 72.84290 66.03010 62.19760 59.60110 59.60650 60.20710 58.76470 59.70330 56.81760 55.96410 55.63910 56.70770 75.97690 75.24370 79.81580 73.23470 74.45930 58.18110 75.76450 82.76110 75.88670 76.35100 77.93230 78.39760 76.47980 77.07000 80.59620 86.53710 92.03960 88.77750 85.25830 88.69500 93.20350 92.74770 78.12290 80.77600 78.61690 82.74290 80.99960 84.54940 90.32770 92.22200 91.05760 92.46190 87.89910 89.10060 90.22800 90.24640 91.36080 92.76720 92.28010 87.70180 90.18360 88.71860 78.88530
-9999 -9999 -9999 -9999 -9999 -9999 -9999 -9999 -9999 -9999 -9999 75.23730 70.82460 70.61740 67.18940 61.58730 59.24620 60.86990 61.19760 61.04770 61.60770 55.68240 55.60490 56.02470 56.49760 56.50080 72.50500 54.94350 72.41160 73.41530 78.00670 55.65380 57.67580 59.21440 66.40180 83.62640 80.01510 80.48290 78.27370 76.40930 75.59820 82.82770 85.00640 90.83910 93.36880 90.31270 92.47610 89.54500 89.70690 91.59630 89.55970 83.21650 82.17510 85.93980 84.52920 84.09870 89.40440 89.29960 87.54420 86.54890 90.38830 85.91860 85.15300 82.65780 90.06740 86.78400 86.16990 87.42380 85.72920 82.55630 75.59610
-9999 -9999 -9999 -9999 -9999 -9999 -9999 -9999 -9999 -9999 63.79570 65.83510 61.63440 62.95840 59.32550 57.05580 55.74880 55.06840 55.34870 56.73450 55.59850 53.72730 53.66430 53.68210 53.99410 54.55520 55.01260 71.75110 72.21370 56.83520 57.52120 54.61930 49.52590 76.53680 81.67630 77.75530 79.91610 78.65580 79.39410 75.11330 82.45780 84.06820 85.36690 91.82750 92.64450 88.39640 89.43270 89.32140 88.46500 91.56660 92.24680 85.20900 86.18370 86.79590 85.51970 84.70180 90.00500 91.87380 89.46510 91.16800 90.02170 84.64770 82.92840 84.99910 87.20680 87.21910 89.78340 85.12980 84.12890 79.36000 77.90380
-9999 -9999 -9999 -9999 -9999 -9999 -9999 -9999 -9999 61.45520 61.27270 56.77820 55.09350 58.59360 56.23520 54.14180 53.62590 54.74050 54.19000 53.47890 53.90890 55.04810 55.01940 52.21700 52.87980 55.44480 55.44840 57.88520 58.62740 57.48560 57.31340 58.15500 59.83940 62.96980 82.76340 77.92850 80.25480 78.87460 78.02840 75.05510 83.89760 83.92850 84.72500 91.27560 88.60230 96.64760 87.96190 88.50040 92.66600 94.01840 96.37180 89.46120 84.05290 87.61720 84.91480 87.87870 89.34270 87.03500 86.27890 91.84090 86.63440 85.55470 82.12080 85.58190 80.08710 83.98950 87.18070 86.40380 78.28470 77.78000 77.49410
-9999 -9999 -9999 -9999 -9999 -9999 -9999 -9999 -9999 -9999 56.57920 51.63280 51.22940 53.86400 52.19010 50.88320 50.92790 52.71280 52.66390 52.01250 52.34590 53.86890 54.26440 -9999 -9999 -9999 -9999 -9999 -9999 56.11440 58.26990 58.06230 61.85430 64.60960 69.77390 78.65920 80.57190 77.07380 74.35810 68.92820 80.75080 82.00740 76.09750 96.52270 90.97820 95.09550 95.72570 85.59540 89.55110 91.79910 89.33670 83.92230 84.59540 85.23820 90.84390 85.95590 85.13690 84.34110 87.66080 89.81280 88.32120 81.27720 82.82420 83.83530 82.80250 86.25410 87.74600 84.13560 81.56250 85.30260 80.84160
-9999 -9999 -9999 -9999 -9999 -9999 -9999 -9999 -9999 -9999 -9999 -9999 49.47240 50.58080 50.40430 46.92460 47.39310 49.73190 49.91200 -9999 -9999 -9999 -9999 -9999 -9999 -9999 -9999 -9999 -9999 -9999 -9999 -9999 -9999 62.48620 68.22180 75.74940 84.33690 73.36530 68.38390 62.57530 77.98690 81.98650 79.23290 78.04890 79.13190 90.65090 97.96220 88.01990 90.51450 89.22140 89.90120 87.74610 88.62710 86.62840 90.44750 87.28950 86.36840 78.80540 76.04960 83.70230 83.36930 78.10780 82.11940 83.47910 83.63640 85.00760 83.63000 77.00860 79.51700 85.42410 94.29610
-9999 -9999 -9999 -9999 -9999 -9999 -9999 -9999 -9999 -9999 -9999 -9999 -9999 -9999 -9999 -9999 -9999 -9999 -9999 -9999 -9999 -9999 -9999 -9999 -9999 -9999 -9999 -9999 -9999 -9999 -9999 -9999 -9999 -9999 79.81230 79.91310 78.83240 79.99430 63.41420 78.74220 79.17890 80.71680 81.78740 75.40640 94.68650 95.32350 95.04860 87.36180 88.12910 86.63020 85.15090 86.65180 91.46560 84.59320 84.07680 82.20770 79.89260 84.74470 79.62740 80.29530 79.05860 86.53830 80.59690 82.51110 84.91480 86.38730 86.60640 80.28730 83.00710 90.29060 94.55600
-9999 -9999 -9999 -9999 -9999 -9999 -9999 -9999 -9999 -9999 -9999 -9999 -9999 -9999 -9999 -9999 -9999 -9999 -9999 -9999 -9999 -9999 -9999 -9999 -9999 -9999 -9999 -9999 -9999 -9999 -9999 -9999 -9999 -9999 64.32730 77.87880 77.70550 63.90770 59.47710 76.56050 79.03520 87.81840 88.57590 81.67680 79.30820 83.15070 83.21420 85.64540 87.05850 87.72240 85.55290 88.58720 78.19820 81.59690 80.12770 74.90340 80.28010 76.48140 78.26090 84.08360 83.40920 87.32530 81.84110 80.90500 84.54020 77.81310 87.32640 79.77470 84.17100 88.96170 -9999
-9999 -9999 -9999 -9999 -9999 -9999 -9999 -9999 -9999 -9999 -9999 -9999 -9999 -9999 -9999 -9999 -9999 -9999 -9999 -9999 -9999 -9999 -9999 -9999 -9999 -9999 -9999 -9999 -9999 -9999 -9999 -9999 -9999 -9999 -9999 -9999 -9999 -9999 76.38300 76.40980 79.13010 78.33230 75.21370 78.53310 85.38220 82.07970 82.00490 85.16070 87.06690 86.64400 87.05120 84.46370 84.18990 79.75980 83.52330 74.15630 70.17460 72.76140 77.61770 78.52380 78.88610 81.42010 84.82800 84.06730 85.31470 78.18980 83.11880 88.53320 78.61560 -9999 -9999
