data/hydroclimate-scenarios/BCSD_hadcm_A1B/monthly_summaries/soilm3_monthly_day1_may.2070-2099.asc
ncols	311
nrows	91
xllcenter	102.75
yllcenter	31.75
cellsize	0.5
NODATA_value	-9999
[rows 0 to 31 of 91, columns 0 to 70 of 311]
-9999 -9999 -9999 -9999 -9999 -9999 -9999 -9999 -9999 -9999 -9999 -9999 -9999 -9999 -9999 -9999 -9999 -9999 -9999 -9999 -9999 -9999 -9999 -9999 -9999 -9999 -9999 -9999 -9999 -9999 -9999 -9999 -9999 -9999 -9999 -9999 -9999 -9999 -9999 -9999 -9999 -9999 -9999 -9999 -9999 -9999 -9999 -9999 -9999 -9999 -9999 -9999 -9999 -9999 -9999 -9999 -9999 -9999 -9999 -9999 -9999 -9999 -9999 -9999 -9999 -9999 -9999 -9999 -9999 -9999 -9999
-9999 -9999 -9999 -9999 -9999 -9999 -9999 -9999 -9999 -9999 -9999 -9999 -9999 -9999 -9999 -9999 -9999 -9999 -9999 -9999 -9999 -9999 -9999 -9999 -9999 -9999 -9999 -9999 -9999 -9999 -9999 -9999 -9999 -9999 -9999 -9999 -9999 -9999 -9999 -9999 -9999 -9999 -9999 -9999 -9999 -9999 -9999 -9999 -9999 -9999 -9999 -9999 -9999 -9999 -9999 -9999 -9999 -9999 -9999 -9999 -9999 -9999 -9999 -9999 -9999 -9999 -9999 -9999 -9999 -9999 -9999
-9999 -9999 -9999 -9999 -9999 -9999 -9999 -9999 -9999 -9999 -9999 -9999 -9999 -9999 -9999 -9999 -9999 -9999 -9999 -9999 -9999 -9999 -9999 -9999 -9999 -9999 -9999 -9999 -9999 -9999 -9999 -9999 -9999 -9999 -9999 -9999 -9999 -9999 -9999 -9999 -9999 -9999 -9999 -9999 -9999 -9999 -9999 -9999 -9999 -9999 -9999 -9999 -9999 -9999 -9999 -9999 -9999 -9999 -9999 -9999 -9999 -9999 -9999 -9999 -9999 -9999 -9999 -9999 -9999 -9999 -9999
-9999 -9999 -9999 -9999 -9999 -9999 -9999 -9999 -9999 -9999 -9999 -9999 -9999 -9999 -9999 -9999 -9999 -9999 -9999 -9999 -9999 -9999 -9999 -9999 -9999 -9999 -9999 -9999 -9999 -9999 -9999 -9999 -9999 -9999 -9999 -9999 -9999 -9999 -9999 -9999 -9999 -9999 -9999 -9999 -9999 -9999 -9999 -9999 -9999 -9999 -9999 -9999 -9999 -9999 -9999 -9999 -9999 -9999 -9999 -9999 -9999 -9999 -9999 -9999 -9999 -9999 -9999 -9999 -9999 -9999 -9999
-9999 -9999 -9999 -9999 -9999 -9999 -9999 -9999 -9999 -9999 -9999 -9999 -9999 -9999 -9999 -9999 -9999 -9999 -9999 -9999 -9999 -9999 -9999 -9999 -9999 -9999 -9999 -9999 -9999 -9999 -9999 -9999 -9999 -9999 -9999 -9999 -9999 -9999 -9999 -9999 -9999 -9999 -9999 -9999 -9999 -9999 -9999 -9999 -9999 -9999 -9999 -9999 -9999 -9999 -9999 -9999 -9999 -9999 -9999 -9999 -9999 -9999 -9999 -9999 -9999 -9999 -9999 -9999 -9999 -9999 -9999
-9999 -9999 -9999 -9999 -9999 -9999 -9999 -9999 -9999 -9999 -9999 -9999 -9999 -9999 -9999 -9999 -9999 -9999 -9999 -9999 -9999 -9999 -9999 -9999 -9999 -9999 -9999 -9999 -9999 -9999 -9999 -9999 -9999 -9999 -9999 -9999 -9999 -9999 -9999 -9999 -9999 -9999 -9999 -9999 -9999 -9999 -9999 -9999 -9999 -9999 -9999 -9999 -9999 -9999 -9999 -9999 -9999 -9999 -9999 -9999 -9999 -9999 -9999 -9999 -9999 -9999 -9999 -9999 -9999 -9999 -9999
-9999 -9999 -9999 -9999 -9999 -9999 -9999 -9999 -9999 -9999 -9999 -9999 -9999 -9999 -9999 -9999 -9999 -9999 -9999 -9999 -9999 -9999 -9999 -9999 -9999 -9999 -9999 -9999 -9999 -9999 -9999 -9999 -9999 -9999 -9999 -9999 -9999 -9999 -9999 -9999 -9999 -9999 -9999 -9999 -9999 -9999 -9999 -9999 -9999 -9999 -9999 -9999 -9999 -9999 -9999 -9999 -9999 -9999 -9999 -9999 -9999 -9999 -9999 -9999 -9999 -9999 -9999 -9999 -9999 -9999 -9999
-9999 -9999 -9999 -9999 -9999 -9999 -9999 -9999 -9999 -9999 -9999 -9999 -9999 -9999 -9999 -9999 -9999 -9999 -9999 -9999 -9999 -9999 -9999 -9999 -9999 -9999 -9999 -9999 -9999 -9999 -9999 -9999 -9999 -9999 -9999 -9999 -9999 -9999 -9999 -9999 -9999 -9999 19.20650 18.72380 19.23940 19.23760 19.34400 19.54680 19.42910 20.23440 19.93020 19.50750 -9999 -9999 -9999 -9999 -9999 -9999 -9999 -9999 -9999 -9999 -9999 -9999 -9999 -9999 -9999 -9999 -9999 -9999 -9999
-9999 -9999 -9999 -9999 -9999 -9999 -9999 -9999 -9999 -9999 -9999 -9999 -9999 -9999 -9999 -9999 -9999 -9999 -9999 -9999 -9999 -9999 -9999 -9999 -9999 -9999 -9999 -9999 -9999 -9999 -9999 -9999 -9999 -9999 -9999 -9999 -9999 -9999 20.37690 20.42370 20.51030 20.90800 20.51580 19.73430 20.14120 18.93480 18.32470 18.32000 19.62590 20.53570 22.62000 22.96530 22.90850 22.90670 -9999 -9999 -9999 -9999 -9999 -9999 -9999 -9999 -9999 -9999 -9999 -9999 -9999 -9999 -9999 -9999 -9999
-9999 -9999 -9999 -9999 -9999 -9999 -9999 -9999 -9999 -9999 -9999 -9999 -9999 -9999 -9999 -9999 -9999 -9999 -9999 -9999 -9999 -9999 -9999 -9999 -9999 -9999 -9999 -9999 -9999 -9999 -9999 -9999 -9999 -9999 -9999 -9999 -9999 -9999 -9999 -9999 19.78670 19.78650 19.89970 20.03020 20.53140 21.34950 20.44640 20.94680 18.43690 18.33860 18.63300 21.03920 22.54670 22.53210 -9999 -9999 -9999 -9999 -9999 -9999 -9999 -9999 -9999 -9999 -9999 -9999 -9999 -9999 -9999 -9999 -9999
-9999 -9999 -9999 -9999 -9999 -9999 -9999 -9999 -9999 -9999 -9999 -9999 -9999 -9999 -9999 -9999 -9999 -9999 -9999 -9999 -9999 -9999 -9999 -9999 -9999 -9999 -9999 -9999 -9999 -9999 -9999 -9999 -9999 -9999 -9999 -9999 -9999 -9999 -9999 -9999 -9999 -9999 -9999 -9999 19.72690 20.13930 20.44310 21.94540 21.88580 19.83120 20.84090 20.67720 21.70270 22.52490 -9999 -9999 -9999 -9999 -9999 -9999 19.02980 -9999 -9999 -9999 -9999 -9999 -9999 -9999 -9999 -9999 -9999
-9999 -9999 -9999 -9999 -9999 -9999 -9999 -9999 -9999 -9999 -9999 -9999 -9999 -9999 -9999 -9999 -9999 -9999 -9999 -9999 -9999 -9999 -9999 -9999 -9999 -9999 -9999 -9999 -9999 -9999 -9999 -9999 -9999 -9999 -9999 -9999 -9999 -9999 -9999 -9999 -9999 19.72950 19.73970 19.73320 19.73240 19.74850 19.94980 20.32250 20.22730 19.83150 19.73880 21.05550 22.18100 21.98940 -9999 -9999 -9999 -9999 -9999 20.62400 21.11790 22.20960 22.00670 20.40220 20.80350 21.60570 22.40440 23.51780 22.21750 22.41480 21.61670
-9999 -9999 -9999 -9999 -9999 -9999 -9999 -9999 -9999 -9999 -9999 -9999 -9999 -9999 -9999 -9999 -9999 -9999 -9999 -9999 -9999 -9999 -9999 -9999 -9999 -9999 -9999 -9999 -9999 -9999 -9999 -9999 -9999 -9999 -9999 -9999 -9999 -9999 -9999 -9999 -9999 20.80230 19.92680 19.73250 19.73120 19.71260 20.55780 20.46400 19.92060 20.81820 21.70790 23.04620 22.42220 22.38230 22.18970 22.37340 21.14840 -9999 20.84850 23.42080 23.51450 23.40720 23.30280 22.40570 22.91190 23.64950 22.74260 22.29840 21.60050 20.73100 20.42910
-9999 -9999 -9999 -9999 -9999 -9999 -9999 -9999 -9999 -9999 -9999 -9999 -9999 -9999 -9999 -9999 -9999 -9999 -9999 -9999 -9999 -9999 -9999 -9999 -9999 -9999 -9999 -9999 -9999 -9999 -9999 -9999 -9999 -9999 -9999 23.31180 21.15840 19.88110 19.88540 19.69930 19.70350 19.69300 19.70640 19.83050 20.37960 20.44220 19.71360 20.00420 21.80550 23.00330 22.91310 23.10530 23.07030 22.96620 22.39230 22.46480 22.88380 23.06170 23.56560 23.54900 23.32350 22.90370 22.80620 22.80900 23.00820 23.75170 23.62070 23.12840 22.98470 22.29400 22.29280
-9999 -9999 -9999 -9999 -9999 -9999 -9999 -9999 -9999 -9999 -9999 -9999 -9999 -9999 -9999 -9999 -9999 -9999 -9999 -9999 -9999 -9999 -9999 -9999 -9999 -9999 -9999 -9999 -9999 -9999 -9999 -9999 -9999 -9999 23.59240 22.84330 22.15930 22.06010 20.18320 19.68240 19.68690 19.69750 19.89500 20.55750 20.11430 19.71200 19.71420 20.80500 23.00190 23.02780 22.85590 22.85800 22.88750 22.45930 22.39790 22.94420 22.99030 23.69320 24.33250 23.87950 23.18510 22.99510 23.24040 23.38020 23.67000 23.48010 23.12700 23.03780 22.86730 23.30100 23.13100
-9999 -9999 -9999 -9999 -9999 -9999 -9999 -9999 -9999 -9999 -9999 -9999 -9999 -9999 -9999 -9999 -9999 -9999 -9999 -9999 -9999 -9999 -9999 -9999 -9999 -9999 -9999 -9999 -9999 -9999 -9999 -9999 -9999 23.58090 23.39190 22.25960 22.26480 21.66070 20.58280 19.66800 19.67630 19.69280 20.65360 20.36660 19.73560 20.21650 21.20740 21.60340 22.12300 22.34310 22.16440 22.99630 22.89900 22.41790 22.35130 22.90860 22.98740 23.18240 23.56000 23.26670 23.36950 23.48540 23.49680 23.83290 23.75120 23.36310 23.02610 23.32910 23.34970 23.71620 23.01540
-9999 -9999 -9999 -9999 -9999 -9999 -9999 -9999 -9999 -9999 -9999 -9999 -9999 -9999 -9999 -9999 -9999 -9999 -9999 -9999 -9999 -9999 -9999 -9999 -9999 -9999 -9999 -9999 -9999 -9999 -9999 23.36440 21.61340 21.11520 21.02130 22.13270 21.34590 20.48920 19.70070 20.10790 19.94750 19.98760 20.46170 20.04490 19.76680 20.52390 22.79250 22.97260 22.91160 22.84460 22.84360 22.44850 22.45050 22.39520 22.82700 22.93680 22.98610 22.87160 23.15320 23.26770 23.49500 23.74890 23.54320 23.62540 23.61700 23.65040 23.48790 23.11300 23.01120 22.93470 22.88080
-9999 -9999 -9999 -9999 -9999 -9999 -9999 -9999 -9999 -9999 -9999 -9999 -9999 -9999 -9999 -9999 -9999 -9999 -9999 -9999 -9999 -9999 -9999 -9999 -9999 -9999 -9999 -9999 -9999 20.87040 22.24690 20.61880 19.62330 19.62570 19.63160 19.67160 20.78600 22.73690 20.86750 19.96550 20.92500 21.06790 19.73680 19.85000 19.80310 19.72840 20.42010 22.58810 22.84360 22.86990 22.75270 22.46600 22.42890 22.37710 22.83760 22.98860 22.96510 22.93580 22.91080 22.93830 23.39990 23.38300 23.36750 23.44150 23.56240 23.47630 23.60430 23.61350 23.62130 23.61460 22.98100
-9999 -9999 -9999 -9999 -9999 -9999 -9999 -9999 -9999 -9999 -9999 -9999 -9999 -9999 -9999 -9999 -9999 -9999 -9999 -9999 -9999 -9999 -9999 -9999 22.10240 21.34720 20.95530 20.31810 20.11650 19.61890 19.61970 19.63210 19.63500 19.64880 19.66040 20.04240 22.73740 21.23300 20.31980 19.72740 20.05350 21.35320 20.03470 19.81280 19.74150 19.68990 19.99050 20.50490 21.83260 22.94730 22.85150 23.05340 22.55140 22.89870 22.91260 22.99280 22.96430 23.08410 23.04190 23.40990 23.80310 24.13710 23.68760 23.34650 23.35230 23.30720 23.42230 23.26740 23.21790 23.44860 23.74360
-9999 -9999 -9999 -9999 -9999 -9999 22.83780 22.85140 22.85850 22.95430 22.98100 -9999 -9999 -9999 -9999 -9999 -9999 -9999 -9999 -9999 -9999 21.78470 19.95720 21.28730 22.45090 20.86090 20.06640 19.62580 19.62270 19.62340 19.62210 19.64560 19.64070 19.66840 19.67280 19.64210 19.65550 20.06910 22.21430 19.79890 20.21530 20.25990 21.03200 19.99490 19.85560 19.68240 19.97700 21.77970 23.00420 22.94500 22.88580 22.60540 22.86330 23.03860 22.96380 22.96350 22.98360 23.10630 23.46530 23.86960 23.74180 24.10890 23.64200 23.49980 23.53210 22.82140 22.83530 22.94260 22.94020 22.96360 23.06130
-9999 -9999 -9999 -9999 -9999 22.85270 22.85550 22.84080 22.93600 22.83690 22.84080 22.84590 22.84140 22.83810 -9999 -9999 -9999 22.91890 22.62230 21.14110 20.63930 19.65500 19.65460 19.64410 19.28190 18.97280 18.86780 18.83770 18.73410 18.74340 18.85320 18.87100 19.08630 19.08440 18.99640 18.87030 18.88450 19.14710 19.28430 18.84090 18.84510 18.98320 20.76230 20.18850 18.98110 19.10340 19.73050 20.74740 22.58520 22.94730 22.85880 22.47950 22.97880 22.84110 22.89690 22.93090 22.97100 23.06600 22.95880 23.15190 23.06400 22.90760 22.71860 23.15390 23.04470 22.92590 22.95310 22.91290 22.90970 22.91780 22.85400
-9999 21.87190 18.30080 18.27200 18.27590 22.65900 23.35560 22.93630 22.93250 22.93340 22.93170 22.94350 22.94690 22.94290 22.93670 22.92880 22.92740 22.92350 22.92900 22.92620 22.13830 19.85740 20.35090 18.80620 18.60840 18.55730 18.55420 18.53790 18.53340 18.54540 18.54660 18.59370 18.66840 18.56830 18.57220 18.54830 18.55670 18.83060 19.05090 18.66400 18.66870 18.85260 19.42900 21.28500 18.73140 18.72830 18.73520 19.58570 21.56240 21.70680 22.20670 23.06210 23.04620 22.89340 22.97170 23.08170 23.03150 23.06550 23.01850 23.42020 23.03180 22.90460 22.83010 23.07220 22.97970 23.23680 23.07760 22.83990 22.91450 22.94370 23.03190
-9999 22.97970 22.97290 22.94380 22.93980 22.64630 22.43400 22.46480 22.14650 22.84310 22.93700 22.93580 22.93880 22.94410 22.95460 22.93720 22.95380 22.94470 22.94770 22.94130 21.95520 21.63820 23.58080 19.32530 18.61910 19.01960 19.00730 18.56580 18.55770 18.64490 18.71840 18.56560 18.56930 18.58860 19.21380 18.56760 18.57330 18.57600 18.57890 18.97630 18.97840 18.73990 18.59930 21.32690 19.75320 18.84000 18.71000 18.86640 18.87620 19.62710 20.99220 22.86640 22.90490 23.02970 22.92560 23.06000 22.98740 23.39150 23.59500 22.37250 22.91500 23.80880 23.51210 22.77480 22.89450 23.52100 23.30870 22.93470 22.95440 22.97230 23.02670
-9999 -9999 -9999 19.30280 19.11970 18.72900 18.70440 18.75770 18.77760 18.86740 22.95710 23.04980 23.13670 23.36830 23.19650 22.94210 22.96170 22.95710 23.15410 23.44640 23.52140 23.64840 22.64330 18.85400 18.67490 18.97740 18.90400 18.60760 18.60320 18.66920 18.58410 18.57220 19.07690 19.29280 20.20540 21.17810 18.25700 18.27330 19.68900 21.63400 21.62650 22.35550 23.76610 23.60260 22.37000 21.33150 19.87010 19.02660 19.10100 20.40710 22.43950 22.71480 21.97830 22.99820 22.57440 23.05460 23.12930 23.56290 23.59200 22.42420 23.22450 23.82730 24.08770 22.91810 22.93040 22.99060 22.96360 22.97110 23.00190 23.18640 23.16420
-9999 -9999 -9999 -9999 -9999 -9999 20.20510 20.82770 21.53490 22.47930 23.34400 23.47060 23.46840 23.47360 23.46880 23.34920 23.34530 23.57910 23.73890 23.10840 21.53680 19.74650 18.63390 18.62950 18.63610 18.61610 18.60740 20.03900 21.46500 19.10140 18.60710 18.69770 21.15970 23.30630 20.01150 22.93800 22.51480 20.94360 23.87830 24.16790 24.43130 23.94300 23.48060 23.86070 23.79770 23.85130 22.42880 21.49320 20.55450 19.98100 20.19030 19.75840 19.14960 22.62040 22.16690 19.33430 23.25220 23.33750 23.20830 23.11180 22.48340 22.91270 22.50010 22.41330 22.94070 22.96660 23.22920 23.14260 23.36250 23.18930 23.17750
-9999 -9999 -9999 -9999 -9999 -9999 23.48350 23.52850 23.71800 23.50960 23.54370 23.46840 23.47470 23.47910 23.49320 23.51060 23.03780 21.32710 20.21820 18.82450 18.62710 18.65510 18.64210 18.64600 18.63880 18.65940 18.85660 20.08290 24.32690 24.54240 23.41080 23.92120 23.45820 24.33000 24.06490 23.56300 23.70290 23.60310 23.45760 23.67060 23.17490 23.87240 24.31480 23.96080 23.73420 23.35150 23.46450 24.43350 24.41590 23.50440 22.06740 20.71800 20.01630 19.74860 19.39840 19.22060 19.89450 20.40520 21.53790 20.60330 21.48980 21.80150 22.95610 23.02070 23.08190 23.34200 23.14380 23.16500 23.51980 23.45760 23.40730
-9999 -9999 -9999 -9999 -9999 -9999 -9999 -9999 -9999 -9999 23.24290 23.48160 23.47890 23.63270 23.76280 21.06140 18.87570 18.70800 18.77370 18.73580 18.75570 18.79820 18.75430 18.63970 18.64410 18.65340 18.68020 19.18510 19.86510 21.38800 20.72000 20.66020 21.63860 24.61340 25.10650 24.59680 24.76190 25.87250 25.93090 25.53900 23.77240 21.77890 20.07920 22.30090 22.75520 23.41560 22.55420 21.24220 24.34940 24.82150 24.86380 24.63180 24.37100 24.57750 24.49830 24.88450 24.80440 24.99540 23.93550 24.40830 24.27290 21.78240 21.35190 20.35750 21.05850 21.93330 21.29970 21.97570 23.78440 23.81760 23.69540
-9999 -9999 -9999 -9999 -9999 -9999 -9999 -9999 -9999 -9999 22.45740 23.67120 23.52070 24.02130 23.78650 20.80330 18.76920 18.80470 18.87890 18.78120 18.74870 18.80630 18.82110 18.69490 18.70530 18.90920 19.23920 19.62170 19.68640 21.85170 22.43490 21.70540 23.63940 25.20370 23.29560 23.64950 21.84960 20.09280 20.78700 20.26020 19.69420 19.05130 19.37630 19.77140 19.68680 19.54470 19.60240 19.22850 19.38760 24.08390 25.68980 25.43750 25.98320 26.00060 26.15940 25.87540 26.17720 26.20690 26.48980 25.91610 25.68370 25.52890 25.13210 25.70610 24.03410 25.55930 23.58440 20.06100 23.13970 24.45350 25.18430
-9999 -9999 -9999 -9999 -9999 -9999 -9999 -9999 -9999 -9999 -9999 -9999 24.28400 25.20980 25.06820 23.50460 20.09800 19.29740 19.00610 19.02730 19.11960 19.27250 18.93160 19.28710 19.60580 20.20520 20.32020 19.64100 19.71650 20.33050 22.22810 22.25160 22.02200 19.94380 19.47840 19.21760 19.29780 19.43610 20.13510 19.55110 19.32900 19.34230 19.33010 19.38860 19.70460 19.94590 19.55610 19.99810 19.82610 20.53830 23.68790 25.38920 25.25490 25.61190 26.65330 27.22490 28.12180 26.43180 26.38710 26.00500 26.18090 26.56930 26.48460 25.45210 25.20890 25.69080 23.48980 20.78790 22.14100 23.02880 24.21280
-9999 -9999 -9999 -9999 -9999 -9999 -9999 -9999 -9999 -9999 -9999 -9999 25.95740 25.88970 25.74580 24.01850 24.28900 24.17360 21.00550 20.52300 19.39010 20.40970 19.44840 20.88400 19.67870 20.58270 20.66580 20.26180 20.08630 21.18810 20.83510 20.59600 20.75180 20.60160 19.91560 19.71140 19.69060 19.31300 19.59650 19.63350 19.68040 20.06860 20.00520 20.01110 20.13060 21.51230 22.17820 24.19620 26.10210 25.58060 24.45090 25.78820 26.20720 25.42350 28.05070 27.94070 27.85030 26.65410 26.60920 26.95770 27.65460 26.47710 25.20850 26.57570 26.28220 24.49280 22.96250 25.55280 25.02420 24.32380 24.31440
-9999 -9999 -9999 -9999 -9999 -9999 -9999 -9999 -9999 -9999 -9999 25.35240 25.78740 26.49310 26.25650 24.01570 23.33420 19.53640 19.27490 18.44400 19.04980 20.29140 20.58740 20.12330 19.89520 21.15610 20.37270 20.03650 20.09510 20.67270 20.47030 21.28220 20.89490 21.08760 20.70870 20.62390 19.92110 20.45080 19.94200 19.71020 19.71750 19.51400 19.46020 19.41270 19.98480 20.14730 22.09310 22.99170 22.77170 24.76400 24.60230 25.63290 25.70260 28.04570 28.58670 29.06390 28.33940 28.12050 28.17400 26.00200 25.59290 25.94010 26.03770 26.02900 25.94490 24.33700 23.34020 24.11480 24.31150 23.66270 23.42380
-9999 -9999 -9999 -9999 -9999 -9999 -9999 -9999 -9999 -9999 -9999 25.40780 26.06810 26.56620 26.70020 24.92000 22.27600 20.52750 20.07050 19.74210 21.07720 21.43130 20.88570 22.49160 22.14430 22.58780 20.97480 20.06980 20.19430 20.73660 20.51970 21.23790 21.34760 21.75050 21.22610 20.73960 21.09900 20.91330 20.41770 21.07600 20.82950 19.97430 21.84270 22.75830 23.13690 25.64230 25.97260 26.52520 25.92140 27.43420 26.68060 27.13910 27.07290 27.73680 27.18490 28.28270 27.59470 27.13830 26.77650 26.80040 26.87790 25.83650 25.99490 27.67290 27.24480 25.97580 25.45250 24.79000 24.51800 23.64350 23.66510
