data/hydroclimate-scenarios/BCSD_hadcm_A1B/monthly_summaries/soilm2_monthly_day1_aug.2030-2059.asc
ncols	311
nrows	91
xllcenter	102.75
yllcenter	31.75
cellsize	0.5
NODATA_value	-9999
[rows 31 to 61 of 91, columns 0 to 70 of 311]
-9999 -9999 -9999 -9999 -9999 -9999 -9999 -9999 -9999 -9999 -9999 72.08220 74.04610 75.59190 74.85020 79.35710 77.85430 79.58520 79.81800 79.06640 75.50030 77.00710 74.48280 74.88870 74.73610 75.24560 75.84310 76.65600 75.14830 73.54460 73.68330 76.09160 75.03770 74.04860 74.19130 72.81020 73.00730 72.18250 75.23730 78.69900 80.38720 81.15820 109.99400 110.57200 110.19700 111.12200 110.83000 107.31200 90.01090 89.81450 90.29350 91.32710 91.11910 90.60910 90.12630 108.23600 108.38900 107.66500 107.96300 108.09500 107.71400 108.18500 108.10000 107.89400 108.06100 110.04900 108.40600 108.99500 112.49900 118.76700 108.31900
-9999 -9999 -9999 -9999 -9999 -9999 -9999 -9999 -9999 -9999 -9999 70.90880 71.69460 72.36090 71.73720 73.19040 74.81580 78.20410 75.87480 73.15410 76.79480 75.50380 75.16510 74.65120 108.22300 108.76900 109.25700 111.07700 110.92600 74.15360 74.73480 75.46610 74.77060 74.95790 75.41680 72.09930 71.87960 71.89360 89.48000 90.77520 91.32780 91.05880 91.43900 91.95040 92.27330 91.30170 91.49470 92.38710 92.85560 92.07270 91.87520 91.51160 90.95030 109.60800 109.54200 108.21700 108.26600 107.81400 107.75400 90.71430 90.37890 91.17920 107.97400 110.87800 111.28000 107.74600 108.44600 109.62600 111.82700 116.10100 99.95730
-9999 -9999 -9999 -9999 -9999 -9999 -9999 -9999 -9999 -9999 -9999 71.44650 71.95670 71.75560 73.88120 74.45840 75.36000 75.76520 75.66600 74.83810 75.72290 75.66070 108.86300 108.39400 109.00900 76.06040 76.55710 77.64280 75.38490 108.29300 108.23000 75.83390 75.82320 73.73070 91.58860 90.31870 107.66100 89.58120 107.81900 110.16200 92.39340 110.53500 93.25560 93.43730 94.28180 93.61010 94.01070 93.70880 93.88200 93.02320 92.47520 91.66500 91.24390 108.79500 90.98480 90.35760 90.72070 90.85310 90.42160 90.95540 90.72760 111.25500 110.41000 90.47740 111.43400 108.63300 109.14100 110.61600 111.62500 114.88600 100.21800
-9999 -9999 -9999 -9999 -9999 -9999 -9999 -9999 -9999 -9999 -9999 -9999 71.59480 71.93740 72.12750 72.13950 72.84550 73.30550 73.47640 74.06230 108.64500 73.69480 75.18050 78.53910 78.71670 83.80190 81.54470 81.48680 77.27800 74.21930 108.35300 107.88200 107.99100 108.36000 108.40700 108.84900 109.18600 90.74810 108.18600 109.48100 109.45000 110.17600 110.40100 92.96990 93.45740 93.82000 92.90410 93.44700 93.18430 93.69750 92.19200 91.46250 91.34000 91.31980 91.95760 93.19460 93.67650 108.22400 110.83000 109.50200 109.35300 107.56000 107.73000 108.68800 108.84900 112.19000 109.90800 110.48900 115.52700 119.93800 100.14300
-9999 -9999 -9999 -9999 -9999 -9999 -9999 -9999 -9999 -9999 -9999 -9999 71.54090 72.20360 71.91280 72.00070 71.66270 107.88100 107.85900 72.65860 73.72140 78.83140 80.39890 84.49830 89.77430 84.33450 82.43480 86.50510 79.46420 76.42830 75.99030 108.82300 108.33800 107.95200 108.78100 73.97260 74.64290 73.25160 73.06530 78.46910 110.25100 83.71840 84.81540 95.28670 82.21870 82.39660 81.46970 82.41600 81.62460 86.13440 85.33390 78.63400 77.28780 91.49120 91.26060 107.63900 110.26900 108.05600 76.05040 108.19000 107.91400 76.98900 77.66030 93.17930 109.66400 108.77200 109.63200 110.10700 113.68700 116.69000 120.83700
-9999 -9999 -9999 -9999 -9999 -9999 -9999 -9999 -9999 -9999 -9999 -9999 71.58420 71.03720 107.75100 107.51700 107.53400 71.53890 71.93810 74.38430 76.88720 79.66770 79.92390 88.31510 87.99990 87.75030 82.56020 76.42720 76.83110 74.49630 73.88590 107.54300 72.87200 75.30960 73.53630 72.92670 73.32220 74.08250 73.89590 76.48730 82.19890 89.62240 88.32460 85.97270 86.41480 87.74670 89.35810 93.51960 91.37590 85.73750 82.25190 81.13730 76.96930 76.09760 73.66880 73.70820 74.44960 75.69020 75.93780 108.66700 75.96690 80.41370 79.85130 78.35060 108.98800 108.25400 109.05800 110.11900 116.54800 116.69400 119.04600
-9999 -9999 -9999 74.41460 73.51060 73.63570 73.04250 73.89010 74.56470 -9999 74.33640 108.26700 108.06000 71.56290 71.47480 71.17110 71.56550 71.51540 73.96200 78.17130 76.67790 77.25690 79.54230 82.06630 81.27830 80.53120 77.75730 79.54190 78.92480 85.93380 77.60070 72.66120 74.17160 79.56210 75.67940 55.34790 75.57820 77.27220 76.85480 78.19340 80.94370 87.58250 87.78960 87.33320 91.65660 94.32930 102.46800 92.35580 93.20050 91.71160 88.13670 86.42600 86.86700 91.35850 85.01900 95.05360 97.27740 82.06450 84.17940 77.96910 108.01000 81.38970 80.66750 84.97230 85.19170 82.27440 87.47030 96.32200 102.37900 107.72700 117.07200
-9999 -9999 -9999 74.39010 74.31620 73.69650 73.92440 73.33730 73.05420 108.18900 108.70800 108.37200 73.11710 72.56260 73.72070 75.94510 75.33680 75.41100 76.15750 76.85910 77.29000 80.30670 77.51730 76.30940 78.53890 77.97520 78.50390 78.11750 81.20480 85.98980 58.77990 78.16380 79.18190 80.64150 79.54930 80.97570 81.34400 89.60900 80.84310 87.56100 89.99670 87.53480 89.94140 94.72980 96.46940 103.48600 108.96600 97.47550 99.30030 97.56850 99.07200 101.32700 101.78200 98.81760 88.79430 94.28320 88.34940 87.13280 90.36310 85.71950 85.44630 91.44750 92.70790 87.31150 93.44230 89.62000 92.83170 91.92290 101.22200 108.85100 116.15600
-9999 -9999 -9999 73.32450 74.17290 73.86540 109.51600 109.08700 108.72900 108.75800 109.00600 108.83900 75.02850 78.58400 82.02990 77.27210 78.25050 77.22310 75.86520 77.33270 79.12790 80.96130 59.64880 80.62060 85.81910 81.57650 81.40610 80.51210 80.58800 89.44400 99.31260 95.31990 82.87460 80.43680 83.63800 85.11620 84.39910 83.40830 80.68870 85.30290 88.29920 89.70550 94.43240 98.84860 95.93490 98.55740 101.53900 100.70500 101.53600 112.31900 116.68300 103.59300 103.60400 98.33620 91.00810 90.35780 86.56460 84.63160 89.71160 90.85780 83.34430 84.76960 85.84740 93.95340 95.64920 98.70970 101.56200 103.56200 109.69500 120.87300 131.32100
-9999 -9999 -9999 74.02530 72.54990 74.97710 109.15900 110.00500 109.16400 108.86300 109.05600 72.64210 79.23150 79.10420 79.45840 75.33370 79.53270 91.45380 88.25760 80.35760 84.58600 86.02680 96.73200 102.69000 89.24890 83.63830 80.42290 79.55820 93.62320 102.17500 96.02580 77.21690 84.30720 94.81020 96.79280 90.75710 82.70100 78.34170 83.49220 83.61590 86.59810 97.28370 106.93200 106.83300 97.82270 107.63900 111.51600 101.81600 111.61700 109.52700 115.82100 103.32900 99.13750 101.35700 96.09650 88.40330 84.78980 87.61250 91.47850 91.18900 93.92740 91.92880 90.31120 96.57770 97.72010 95.94250 107.90900 114.49400 129.07500 134.50000 134.17300
-9999 -9999 -9999 73.18660 72.24440 75.61970 110.21300 110.08900 110.34100 109.72200 108.89100 108.76000 78.45970 82.01760 93.39760 90.61950 90.96330 87.83690 82.42550 77.40350 82.92230 88.99330 105.22600 85.24050 83.38890 80.22790 76.10080 75.08650 82.27870 92.81830 91.93890 87.06180 90.30290 88.52770 89.54470 90.62430 89.35670 83.61940 83.08940 87.36600 95.59820 103.22600 109.04700 109.74800 108.17400 107.11600 106.96600 105.91300 105.80000 112.39500 111.09300 94.68450 96.10930 104.13800 92.42070 98.96350 88.26950 86.72330 92.48840 107.76300 107.62300 100.98700 103.07500 109.08400 106.03000 97.77130 109.29700 118.29900 130.71500 130.54800 129.73700
-9999 -9999 -9999 -9999 110.71300 111.39000 110.96600 112.72600 111.30900 110.00400 109.62700 75.28410 88.20610 78.70710 -9999 -9999 -9999 -9999 -9999 95.04000 104.16900 96.92680 102.30500 100.76900 91.53180 84.00210 77.69900 78.01950 81.69700 78.17170 79.67870 82.47610 85.44280 84.52200 80.24230 77.47830 80.60400 77.42530 80.80740 83.58150 83.44450 90.99290 101.01600 108.77700 109.28400 107.52700 107.94200 115.62700 110.60800 107.87500 104.19700 105.58000 99.01480 109.70200 109.19700 112.73700 112.71500 112.31700 104.52100 104.58300 114.07800 117.39500 115.44800 114.81500 114.05600 114.21800 116.69400 114.34500 112.98400 -9999 -9999
-9999 -9999 79.80270 111.78000 112.27000 111.36500 111.54600 114.37700 111.43400 110.95800 110.29900 76.20370 90.51770 -9999 -9999 -9999 -9999 -9999 113.38400 100.12600 102.63900 84.66610 82.89350 90.08830 96.45960 96.44070 82.40980 76.79310 77.82030 77.43370 78.25030 77.73870 78.19530 82.60690 82.13140 79.07100 80.39970 77.71270 80.10950 80.32010 84.94970 89.90040 96.75970 96.80110 94.73110 96.85400 99.72930 101.32400 98.23180 95.77400 96.48730 100.30900 111.86200 102.58300 106.85300 93.27730 98.32060 104.16500 105.65900 98.89090 101.97800 100.19400 103.99200 110.25300 110.95100 110.00900 109.42500 -9999 -9999 -9999 -9999
-9999 -9999 116.16000 114.85000 112.75900 112.12900 111.65100 113.89100 111.27600 110.47900 76.78490 78.90550 78.58170 -9999 -9999 -9999 -9999 82.91020 98.49580 85.87990 85.38960 82.34690 82.71000 86.46530 82.53150 75.76200 76.32930 76.46320 78.04210 76.14590 74.85780 77.80400 76.49480 78.55620 80.66520 79.58920 78.36260 75.88000 79.84970 88.28110 90.06070 96.59120 100.55300 97.25230 101.75500 97.77120 97.94130 101.70600 95.98880 95.10450 104.31500 104.80500 103.17100 98.51810 96.36740 84.77710 88.13250 98.38810 106.57800 104.21800 103.73700 111.29300 107.82400 101.33400 99.42020 -9999 -9999 -9999 -9999 -9999 101.76000
-9999 -9999 117.19600 118.01200 116.71900 115.55900 113.60600 111.72200 111.57100 111.69600 78.86210 80.82840 72.86060 -9999 -9999 -9999 -9999 93.04160 89.31380 84.92670 84.02520 81.19490 81.53440 77.96270 78.77120 77.18230 76.69230 77.96280 78.34350 75.30370 76.46760 75.86820 77.13230 80.04670 80.13260 81.79660 83.52270 82.66820 84.32750 83.44350 89.37620 87.39710 90.88250 101.33100 102.12800 103.29200 104.71900 106.87800 103.72100 100.51700 96.30660 95.71300 92.88270 92.26910 95.11390 86.44410 84.04730 92.57040 95.10160 99.17130 93.94150 92.87710 93.71480 95.77760 103.55600 114.22900 105.18600 105.04900 98.58240 -9999 -9999
-9999 -9999 -9999 120.67000 119.24200 115.58300 112.92500 111.15300 81.46580 82.04450 77.61140 74.24280 -9999 -9999 -9999 -9999 85.77280 88.75950 81.20840 80.58370 80.15270 77.38900 78.59740 77.69830 77.57260 78.98580 79.80090 77.70740 78.14740 81.20940 79.21590 78.85610 78.76580 80.52720 83.36190 82.91710 79.36140 78.99540 77.83860 77.61700 82.51200 82.85590 123.85400 126.28100 125.60500 125.96400 104.68100 98.33810 100.21400 102.21400 105.82500 108.78200 106.35600 108.86300 114.56600 112.37100 110.42600 108.64700 109.12200 98.26220 95.50430 94.91570 106.11600 123.42200 121.09500 111.97300 103.96300 99.87210 93.42300 109.86700 -9999
-9999 -9999 -9999 -9999 119.26400 115.09100 113.19400 85.60850 86.63120 78.02480 76.97650 -9999 -9999 -9999 -9999 84.64520 83.10030 80.47330 111.88800 81.88330 79.47080 78.60060 78.40160 79.46000 77.58120 80.00350 81.20200 79.07760 80.43010 80.39440 80.77990 79.36570 79.37190 79.81540 84.96400 82.57540 82.79470 82.87810 81.65870 80.20750 81.63670 83.97340 87.02040 91.61490 94.85580 122.64800 123.41600 125.80200 123.90800 106.50200 96.48590 99.35950 103.45600 106.23400 103.55000 102.30700 106.88000 112.66500 116.54400 97.30520 106.91800 110.93100 110.86900 114.49100 117.84000 116.90300 99.21410 92.59290 94.81590 92.79220 91.95260
-9999 -9999 -9999 -9999 -9999 -9999 89.54280 118.23600 78.34530 80.39550 77.96440 -9999 -9999 -9999 -9999 -9999 80.67590 81.44850 80.37700 81.02810 80.16150 75.79880 77.27350 78.06640 78.14200 80.53120 79.68710 127.88200 128.05701 126.87300 79.18950 80.85860 78.52820 81.97580 82.27840 82.50420 82.53340 85.82110 82.65920 84.13120 84.93620 90.77150 93.57060 90.02880 120.40000 120.83500 121.44700 126.01400 127.37400 125.79800 126.12100 127.33300 120.84200 125.16400 126.14500 123.97100 106.50300 109.27500 116.75300 105.02900 107.72100 113.30100 120.59800 121.30400 118.40900 117.95600 104.25700 87.54340 85.52150 90.24970 94.54990
-9999 -9999 -9999 -9999 -9999 -9999 -9999 -9999 -9999 -9999 -9999 -9999 -9999 -9999 -9999 -9999 -9999 -9999 -9999 79.22350 78.63970 73.52730 77.53160 77.03190 77.44660 79.87340 111.51400 107.98100 107.67500 74.83490 79.04550 78.36760 78.91370 78.91600 82.57550 83.64840 81.53340 86.75690 87.00200 90.04060 94.15670 96.19080 95.80550 95.31530 96.14870 95.05220 90.27120 124.33400 125.37100 124.75900 125.40100 127.23600 130.20300 131.97200 101.75600 101.19400 101.18700 99.21850 101.57300 104.64100 116.94600 120.34700 116.42700 120.07000 117.66600 113.27200 98.00650 84.33470 83.32630 98.51780 98.67680
-9999 -9999 -9999 -9999 -9999 -9999 -9999 -9999 -9999 -9999 -9999 -9999 -9999 -9999 -9999 -9999 -9999 -9999 82.49190 77.34400 75.58000 74.24010 75.64270 78.52970 75.71820 73.56940 108.60600 109.71000 76.24110 76.69530 77.95560 79.98630 82.36470 83.58650 83.83560 113.65000 83.93890 84.19080 87.36220 91.40800 94.84520 97.27060 97.99160 97.28560 98.54200 125.07200 94.70160 417.79300 578.25403 613.67902 618.36298 132.97099 131.55600 132.12300 131.98801 129.91100 103.10100 104.25100 111.36500 105.04000 109.43500 112.10200 112.94000 119.28400 130.15700 110.66500 96.44690 89.85990 116.20500 90.14330 92.70690
-9999 -9999 -9999 -9999 -9999 -9999 -9999 -9999 -9999 -9999 -9999 -9999 -9999 -9999 -9999 -9999 -9999 83.84550 82.34900 76.33340 77.32160 74.95520 72.97500 74.17110 72.35170 72.08800 109.96400 108.50500 110.22700 109.95000 110.48300 109.76400 79.60470 110.69000 114.05600 117.31100 118.47900 87.45490 88.32690 93.65140 95.86820 122.93700 99.38100 121.59900 92.74900 92.13200 124.00900 595.80200 582.07397 606.35400 608.42499 132.97099 126.12700 128.72600 130.14900 130.09000 104.47500 106.04000 107.80800 105.04900 102.26100 110.98200 120.84000 127.69000 109.38100 105.32900 101.16200 91.39370 117.08200 117.29100 119.35500
-9999 -9999 -9999 -9999 -9999 -9999 -9999 -9999 -9999 -9999 -9999 -9999 -9999 -9999 -9999 -9999 -9999 82.30780 81.67220 80.62910 78.13910 110.71400 108.46400 72.16590 71.61400 74.67660 72.38850 73.38660 72.43090 109.01100 110.82800 111.22300 111.97900 109.72700 113.05400 115.51200 118.98400 83.04040 88.71210 93.17900 94.40510 91.06530 121.96700 88.11130 118.76400 119.38100 117.40500 425.88000 428.69000 583.39398 606.97198 126.85300 127.99900 131.64600 131.46600 132.01199 130.70399 111.77500 105.56200 101.80600 102.30300 110.42500 109.63000 113.26900 117.78200 111.36900 104.35100 108.64600 118.79300 119.06600 117.11500
-9999 -9999 -9999 -9999 -9999 -9999 -9999 -9999 -9999 -9999 -9999 -9999 -9999 -9999 -9999 -9999 85.63460 83.33900 83.54630 77.06310 108.51300 70.98890 72.95830 73.93350 73.35970 72.68710 72.52290 74.23910 73.84900 72.22160 71.92050 71.63910 107.92400 109.15700 110.13500 111.79100 112.32300 114.90000 85.92430 87.26620 88.25870 90.89400 125.75100 118.35100 86.59270 116.73600 118.62200 436.74200 430.93301 583.87598 607.47601 126.82500 128.09500 129.91200 128.85500 129.91901 133.84801 130.91100 113.70900 102.16100 99.88290 108.58300 114.51200 137.50200 136.29700 136.99500 129.04601 127.25200 122.93500 120.71700 120.92300
-9999 -9999 -9999 -9999 -9999 -9999 -9999 -9999 -9999 -9999 -9999 -9999 -9999 84.88230 82.61750 79.02590 78.65020 81.56220 111.44900 108.27700 73.56980 74.38230 73.37600 72.47910 72.50530 73.00560 73.32610 362.15302 361.92999 363.21701 543.01398 543.58801 353.90900 353.33899 543.48102 546.22198 555.65399 550.38000 399.99701 403.90799 403.45099 568.96899 564.76703 388.94699 570.24200 576.13501 584.76703 592.90503 596.98401 608.45001 614.26801 613.46600 602.28400 600.69702 615.70697 620.68701 624.84100 615.69202 552.42902 566.43103 589.10498 665.16901 690.08698 719.12402 695.87299 686.80103 675.20099 124.64800 122.99300 125.18000 125.62000
-9999 -9999 -9999 -9999 -9999 -9999 -9999 -9999 -9999 -9999 -9999 -9999 79.78030 81.30530 111.86400 109.84800 109.91600 73.85980 73.06380 72.61730 72.50750 70.31700 70.17370 71.82830 69.99360 70.62990 70.90050 361.19800 538.35498 542.40900 537.78699 538.56500 540.42102 535.83099 544.09998 543.24103 362.28799 370.72501 393.61099 395.69601 395.31400 391.98999 568.38898 566.28601 565.98798 577.43402 585.93500 590.06598 595.74799 603.34198 601.34302 452.74500 601.02502 453.20801 588.54700 592.23401 612.37799 582.38098 583.98798 656.49799 660.72498 672.46198 678.50098 698.76801 706.86401 707.09100 717.23901 125.38700 128.39600 113.57500 110.49800
-9999 -9999 -9999 -9999 -9999 -9999 -9999 -9999 -9999 -9999 -9999 113.67800 77.27520 110.28500 74.60660 73.31860 72.66630 70.69500 70.85610 70.59740 70.20440 69.87010 69.85170 70.05670 70.10230 70.21960 109.22600 535.36298 538.41803 539.41199 536.40698 359.29999 359.82199 362.88501 353.68201 544.46997 374.86899 386.19199 392.57401 391.04999 386.98999 565.07703 560.74902 560.94897 564.64899 570.53998 575.05701 585.91699 591.15198 599.88300 612.55499 496.56201 486.54300 610.89899 505.98199 486.05600 604.49298 518.69501 531.85602 612.66101 632.59998 635.65997 631.90399 641.45697 677.21899 686.59698 677.26898 131.96899 114.52000 116.46800 113.35600
-9999 -9999 -9999 -9999 -9999 -9999 -9999 -9999 -9999 -9999 75.16080 75.75680 73.85320 73.59930 72.98350 70.51160 70.27280 70.03540 70.05390 69.99340 69.73360 69.59400 69.55570 69.64140 69.63320 69.81620 70.03940 539.12201 537.43201 348.30399 348.35699 360.00500 359.16199 543.02399 544.64801 543.30499 380.21100 390.04401 403.08401 388.87799 565.17401 555.86700 553.88397 557.84601 562.11499 572.10199 574.90302 584.28802 589.62402 601.46600 613.07001 510.69800 618.29999 503.78500 493.34399 476.26999 610.94598 627.92297 610.34698 615.91101 622.82300 634.07800 635.27002 655.23199 666.74200 680.71802 716.81097 133.45900 121.89500 120.75700 120.24000
-9999 -9999 -9999 -9999 -9999 -9999 -9999 -9999 -9999 142.33501 141.83501 142.51401 143.44901 143.60201 143.36501 142.03400 141.37100 140.89900 139.89200 140.85300 140.50600 139.79300 139.93500 139.89200 139.57500 138.95799 139.01700 139.23399 139.00999 139.06400 139.21400 350.06601 361.32700 363.68900 548.24298 551.49701 402.41400 400.35599 393.25299 556.75897 554.13898 551.46899 552.65198 729.38300 560.95502 737.89600 571.14001 582.23102 592.56097 599.45599 612.07098 625.57098 510.94901 651.56000 579.66302 599.42200 595.93201 597.50897 598.18597 608.01398 620.36603 644.00800 631.79102 653.74402 634.21002 645.91498 673.50500 259.51999 241.88000 242.42101 240.66400
-9999 -9999 -9999 -9999 -9999 -9999 -9999 -9999 -9999 -9999 141.18700 140.85100 141.00900 141.15800 140.24899 140.50101 140.26500 139.96899 139.66100 140.87500 140.88100 139.66701 139.87100 -9999 -9999 -9999 -9999 -9999 -9999 143.45599 143.73100 359.80301 360.82999 363.35101 363.71399 552.44397 566.41803 391.96899 386.87601 550.86603 553.16699 553.15302 562.93903 733.78998 731.41998 734.51099 737.94897 579.00598 595.39001 602.91803 608.26599 466.33401 501.12701 558.54199 650.84198 594.81299 588.44202 596.66498 594.98700 602.55298 624.32098 613.71802 542.83698 632.45502 670.06299 670.73602 672.80701 253.04900 259.06201 268.95901 255.22600
-9999 -9999 -9999 -9999 -9999 -9999 -9999 -9999 -9999 -9999 -9999 -9999 140.18800 139.64400 139.44501 139.14101 139.14900 140.46700 140.46300 -9999 -9999 -9999 -9999 -9999 -9999 -9999 -9999 -9999 -9999 -9999 -9999 -9999 -9999 360.72000 538.56403 548.78699 562.83002 554.30701 374.98801 376.30899 555.95898 554.10699 559.03900 563.23297 567.76599 730.64801 737.92499 572.42401 582.75299 587.06403 596.91901 628.51001 633.04401 623.52399 615.66101 593.44098 597.14398 578.20599 424.23700 599.24701 624.17902 608.45801 636.32202 624.25000 649.70398 667.04199 635.90002 236.11600 248.89999 265.26700 299.16901
-9999 -9999 -9999 -9999 -9999 -9999 -9999 -9999 -9999 -9999 -9999 -9999 -9999 -9999 -9999 -9999 -9999 -9999 -9999 -9999 -9999 -9999 -9999 -9999 -9999 -9999 -9999 -9999 -9999 -9999 -9999 -9999 -9999 -9999 543.31403 551.91901 551.79999 555.42102 367.67001 553.43701 552.20697 555.68201 721.52100 568.55499 736.28198 736.49799 597.01501 569.10699 581.36102 582.28998 593.54700 623.15503 627.73999 621.61902 616.82001 595.49597 576.50500 605.38599 583.10101 587.45001 603.50598 623.08600 611.05902 627.17603 634.36798 632.82501 671.62201 247.30000 262.14499 280.69299 293.87799
