data/hydroclimate-scenarios/BCSD_hadcm_A1B/monthly_summaries/soilm1_monthly_day1_feb.2030-2059.asc
ncols	311
nrows	91
xllcenter	102.75
yllcenter	31.75
cellsize	0.5
NODATA_value	-9999
[rows 0 to 31 of 91, columns 71 to 141 of 311]
-9999 -9999 -9999 -9999 -9999 -9999 -9999 -9999 -9999 -9999 -9999 -9999 -9999 -9999 -9999 -9999 -9999 -9999 -9999 -9999 -9999 -9999 -9999 -9999 -9999 -9999 -9999 -9999 -9999 -9999 -9999 -9999 -9999 -9999 -9999 -9999 -9999 -9999 -9999 -9999 -9999 -9999 -9999 -9999 -9999 -9999 -9999 -9999 -9999 -9999 -9999 -9999 -9999 -9999 -9999 -9999 -9999 -9999 -9999 -9999 -9999 -9999 -9999 -9999 -9999 -9999 -9999 -9999 -9999 -9999 -9999
-9999 -9999 -9999 -9999 -9999 -9999 -9999 -9999 -9999 -9999 -9999 -9999 -9999 -9999 -9999 -9999 -9999 -9999 -9999 -9999 -9999 -9999 -9999 -9999 -9999 -9999 -9999 -9999 -9999 -9999 -9999 -9999 -9999 -9999 -9999 -9999 -9999 -9999 -9999 -9999 -9999 -9999 -9999 -9999 -9999 -9999 -9999 -9999 -9999 -9999 -9999 -9999 -9999 -9999 -9999 -9999 -9999 -9999 -9999 -9999 -9999 -9999 -9999 -9999 -9999 -9999 -9999 -9999 -9999 -9999 -9999
-9999 -9999 -9999 -9999 -9999 -9999 -9999 -9999 -9999 -9999 -9999 -9999 -9999 -9999 -9999 -9999 -9999 -9999 -9999 -9999 -9999 -9999 -9999 -9999 -9999 -9999 -9999 -9999 -9999 -9999 -9999 -9999 -9999 -9999 -9999 -9999 -9999 -9999 -9999 -9999 -9999 -9999 -9999 -9999 -9999 -9999 -9999 -9999 -9999 -9999 -9999 -9999 -9999 -9999 -9999 -9999 -9999 -9999 -9999 -9999 -9999 -9999 -9999 -9999 -9999 -9999 -9999 -9999 -9999 -9999 -9999
-9999 -9999 -9999 -9999 -9999 -9999 -9999 -9999 -9999 -9999 -9999 -9999 -9999 -9999 -9999 -9999 -9999 -9999 -9999 -9999 -9999 -9999 -9999 -9999 -9999 -9999 -9999 -9999 -9999 -9999 -9999 -9999 -9999 -9999 -9999 -9999 -9999 -9999 -9999 -9999 -9999 -9999 -9999 -9999 -9999 -9999 -9999 -9999 -9999 -9999 -9999 -9999 -9999 -9999 -9999 -9999 -9999 -9999 -9999 -9999 -9999 -9999 -9999 -9999 -9999 -9999 -9999 -9999 -9999 -9999 -9999
-9999 -9999 -9999 -9999 -9999 -9999 -9999 -9999 -9999 -9999 -9999 -9999 -9999 -9999 -9999 -9999 -9999 -9999 -9999 -9999 -9999 -9999 -9999 -9999 -9999 -9999 -9999 -9999 -9999 -9999 -9999 -9999 -9999 -9999 -9999 -9999 -9999 -9999 -9999 -9999 -9999 -9999 -9999 -9999 -9999 -9999 -9999 -9999 -9999 -9999 -9999 -9999 -9999 -9999 -9999 -9999 -9999 -9999 -9999 -9999 -9999 -9999 -9999 -9999 -9999 -9999 -9999 -9999 -9999 -9999 -9999
-9999 -9999 -9999 -9999 -9999 -9999 -9999 -9999 -9999 -9999 -9999 -9999 -9999 -9999 -9999 -9999 -9999 -9999 -9999 -9999 -9999 -9999 -9999 -9999 -9999 -9999 -9999 -9999 -9999 -9999 -9999 -9999 -9999 -9999 -9999 -9999 -9999 -9999 -9999 -9999 -9999 -9999 -9999 -9999 -9999 -9999 -9999 -9999 -9999 -9999 -9999 -9999 -9999 -9999 -9999 -9999 -9999 -9999 -9999 -9999 -9999 -9999 -9999 -9999 -9999 -9999 -9999 -9999 -9999 -9999 -9999
-9999 -9999 -9999 -9999 -9999 -9999 -9999 -9999 -9999 -9999 -9999 -9999 -9999 -9999 -9999 -9999 -9999 -9999 -9999 -9999 -9999 -9999 -9999 -9999 -9999 -9999 -9999 -9999 -9999 -9999 -9999 -9999 -9999 -9999 -9999 -9999 -9999 -9999 -9999 -9999 -9999 -9999 -9999 -9999 -9999 -9999 -9999 -9999 -9999 -9999 -9999 -9999 -9999 -9999 -9999 -9999 -9999 -9999 -9999 -9999 -9999 -9999 -9999 -9999 -9999 -9999 -9999 -9999 -9999 -9999 -9999
-9999 -9999 -9999 -9999 -9999 -9999 -9999 -9999 -9999 -9999 -9999 -9999 -9999 -9999 -9999 -9999 -9999 -9999 -9999 -9999 -9999 -9999 -9999 -9999 -9999 -9999 -9999 -9999 -9999 -9999 -9999 -9999 -9999 -9999 -9999 -9999 -9999 -9999 -9999 -9999 -9999 -9999 -9999 -9999 -9999 -9999 -9999 -9999 -9999 -9999 -9999 -9999 -9999 -9999 -9999 -9999 -9999 -9999 -9999 -9999 -9999 -9999 -9999 -9999 -9999 -9999 -9999 -9999 -9999 -9999 -9999
-9999 -9999 -9999 -9999 -9999 -9999 60.10530 -9999 -9999 -9999 -9999 -9999 -9999 -9999 -9999 -9999 -9999 -9999 -9999 -9999 -9999 -9999 -9999 -9999 -9999 -9999 -9999 -9999 -9999 -9999 -9999 -9999 -9999 -9999 -9999 -9999 -9999 -9999 -9999 -9999 -9999 -9999 -9999 -9999 -9999 -9999 -9999 -9999 -9999 -9999 -9999 -9999 -9999 -9999 -9999 -9999 -9999 -9999 -9999 -9999 -9999 -9999 -9999 -9999 -9999 -9999 -9999 -9999 -9999 -9999 -9999
-9999 -9999 58.82240 58.11590 59.12960 59.51000 60.01520 60.35130 60.91500 61.31200 61.40800 61.79610 61.67010 61.41490 60.95520 62.50200 61.07600 60.81130 61.88590 61.39870 60.85330 59.11010 -9999 -9999 -9999 -9999 -9999 -9999 -9999 -9999 -9999 -9999 -9999 -9999 -9999 -9999 -9999 -9999 -9999 -9999 -9999 -9999 -9999 -9999 -9999 -9999 -9999 -9999 -9999 -9999 -9999 -9999 -9999 -9999 -9999 -9999 -9999 -9999 -9999 -9999 -9999 -9999 -9999 -9999 -9999 -9999 -9999 -9999 -9999 -9999 -9999
-9999 -9999 -9999 -9999 62.72170 63.43810 64.13970 64.35340 63.85470 64.03940 64.18020 64.30870 64.89490 64.77590 64.90460 64.91700 64.24920 64.21100 64.29010 64.37050 63.91390 62.98370 -9999 -9999 -9999 -9999 -9999 -9999 -9999 -9999 -9999 -9999 -9999 -9999 -9999 -9999 -9999 -9999 -9999 -9999 -9999 -9999 -9999 -9999 -9999 -9999 -9999 -9999 -9999 -9999 -9999 -9999 -9999 -9999 -9999 -9999 -9999 -9999 -9999 -9999 -9999 -9999 -9999 -9999 -9999 -9999 -9999 -9999 -9999 -9999 -9999
61.31120 61.76980 62.62150 62.84470 63.48090 64.12350 64.22970 64.23270 63.94780 64.44870 64.09730 64.15340 64.59910 65.06740 65.11490 65.23870 64.90250 64.92600 65.08410 67.57860 68.55870 74.10470 67.43530 66.89500 66.37530 66.15660 65.51140 64.09200 -9999 -9999 -9999 -9999 -9999 -9999 -9999 -9999 -9999 -9999 -9999 -9999 -9999 -9999 -9999 -9999 -9999 -9999 -9999 -9999 -9999 -9999 -9999 -9999 -9999 -9999 -9999 -9999 -9999 -9999 -9999 -9999 -9999 -9999 -9999 -9999 -9999 -9999 -9999 -9999 -9999 -9999 -9999
61.73450 61.57860 62.30610 62.64830 63.00600 63.05370 63.21530 64.16500 63.43140 64.07060 64.54570 64.70420 64.40020 64.76530 64.80900 65.23410 65.42930 65.48780 75.51600 69.91090 67.14320 66.17560 66.10420 65.70450 66.16130 65.65000 64.99050 64.58090 64.36820 63.83960 63.65650 62.90160 62.71680 62.97830 63.04030 62.82080 62.35080 62.45430 62.58740 62.65800 63.59560 63.16540 62.54300 -9999 -9999 -9999 -9999 -9999 -9999 -9999 -9999 -9999 -9999 -9999 -9999 -9999 -9999 -9999 -9999 -9999 -9999 -9999 -9999 -9999 -9999 -9999 -9999 -9999 -9999 -9999 -9999
52.62250 53.58610 54.42040 55.19270 62.96140 65.09080 63.18460 62.78560 62.72360 56.18610 57.41290 63.51630 56.81090 64.02380 64.46770 64.74630 65.73670 65.54750 68.37020 69.40650 66.63780 65.25790 64.01900 57.88430 58.55060 64.63330 63.38020 63.13760 64.41800 65.01650 64.25920 64.19660 63.55960 63.08850 63.42500 63.28770 63.01640 62.35750 62.93400 63.07330 63.76160 63.97260 63.66060 73.40050 -9999 -9999 -9999 -9999 -9999 -9999 -9999 -9999 -9999 -9999 -9999 -9999 -9999 -9999 -9999 -9999 -9999 -9999 -9999 -9999 -9999 -9999 -9999 -9999 -9999 -9999 -9999
65.67690 62.39730 57.43100 63.64930 64.76080 65.79810 66.27510 66.10150 64.82330 64.93390 65.24430 65.36970 65.55180 65.77140 65.21910 65.71730 67.19840 67.38560 69.06990 74.06150 68.36130 68.36670 67.42990 66.87860 66.22210 66.07910 65.84200 64.89210 65.82700 65.48550 65.24940 65.10650 63.86920 63.99670 63.68350 63.74130 63.97450 64.10830 64.79810 64.84830 64.21850 64.03570 63.58200 63.92180 -9999 -9999 -9999 -9999 -9999 -9999 -9999 -9999 -9999 -9999 -9999 -9999 -9999 -9999 -9999 61.13270 61.08790 -9999 -9999 -9999 -9999 64.49040 65.58770 65.21780 62.64760 56.07930 57.27620
63.29080 63.86240 66.36960 63.15680 64.61880 64.86400 65.48540 64.72510 64.81540 65.23190 64.52000 64.62620 64.74460 64.93340 65.56220 65.47960 67.26680 67.68340 73.96570 68.61120 68.39430 67.82900 66.74690 66.38930 65.64820 64.96670 66.16640 65.94280 65.77620 65.36090 65.11060 64.77860 63.95250 64.25680 64.42490 63.70600 64.60470 64.34970 64.92290 65.95130 73.88030 74.70370 73.02990 64.86200 63.39580 63.42550 73.51370 63.56750 62.63580 61.94580 55.70430 57.37860 64.09690 64.12850 61.92990 54.36810 52.35980 52.58390 60.53600 60.94920 52.96040 -9999 -9999 -9999 -9999 -9999 67.95800 66.34420 63.91600 63.72880 63.35690
65.15300 54.82870 64.42820 65.28960 57.17830 62.89930 64.03250 65.31780 63.73150 63.81600 63.44450 63.96560 63.68470 64.33980 64.64710 65.36840 66.19900 65.98870 67.24370 67.18680 66.78290 66.28300 66.88570 66.44370 65.88220 65.94660 64.66630 64.77310 64.31240 64.48640 64.56310 64.02090 64.21900 64.38600 64.78790 65.27140 65.46200 66.07770 72.49410 75.38100 66.58200 73.14710 64.77530 64.31620 63.67770 63.77120 64.44200 64.42080 65.26710 66.13880 64.78330 64.90690 64.14620 65.03410 65.62530 64.00530 63.97790 62.85310 55.46620 54.56030 53.70990 55.05720 53.32390 61.49880 62.49920 64.56450 66.78780 67.22070 64.30520 63.88000 63.66020
62.91000 59.27130 61.80720 66.58980 65.90940 65.62800 65.13880 63.77170 61.67010 62.36240 62.06230 63.26840 62.49730 63.65880 63.85520 64.38820 65.17680 64.81270 66.59330 64.01370 66.96250 65.55970 65.56920 65.33820 64.93480 64.74920 64.29510 64.05370 64.40710 64.86030 64.57990 64.79160 65.24970 64.39060 65.40410 65.99590 74.92890 66.29550 65.96260 66.54560 66.11550 66.71320 65.51910 66.12580 65.44730 64.93020 65.11360 64.93250 64.83800 64.90770 65.73000 63.34870 63.90100 63.92640 64.37470 65.87860 65.99740 66.67670 67.02910 66.07450 55.20210 56.71590 55.12670 53.73210 55.65920 61.59820 64.05380 64.47150 63.49630 62.54240 59.40840
66.17260 64.65570 56.35510 52.52030 62.85480 63.14710 62.45720 61.93860 62.31350 62.29900 61.52970 61.45160 61.36650 62.27460 63.96910 64.50710 64.48220 64.23700 65.15640 65.45740 66.46500 65.97350 66.23230 65.29540 64.88970 65.13520 63.97610 64.49050 64.16600 63.92790 64.97330 74.10310 63.61250 63.86330 65.24680 65.42480 65.20470 64.96300 66.45520 67.32940 65.82280 65.37260 66.04630 66.85740 67.76020 67.75640 66.64890 65.62480 64.83740 64.71760 65.13920 65.34030 66.43060 65.38230 55.85840 55.29340 55.83740 62.59800 64.25980 67.47050 66.32920 64.85760 62.81720 57.61860 57.97120 58.40630 58.67100 59.05690 59.23490 59.60460 60.23510
65.99510 65.91000 64.27690 57.41000 54.66780 62.22840 63.43120 63.84290 63.65880 62.86500 63.81270 61.17680 51.48620 59.02710 60.65510 61.93960 62.51940 63.15230 64.32140 64.55300 65.81070 65.54140 65.64320 65.08260 64.63720 63.76600 63.43390 63.10530 64.06040 64.20910 63.67160 63.57410 61.62120 62.00840 64.19490 65.27360 64.98930 64.67620 65.34800 65.73320 66.56190 66.42060 65.10420 65.81210 67.76550 67.31070 66.62960 67.48240 65.36130 65.07830 65.98690 65.79510 66.57330 66.37050 66.02370 65.45580 64.42870 64.85860 65.32040 65.96800 65.79110 63.41470 57.88330 63.43050 65.05130 60.17860 64.38860 60.25520 59.90700 59.98430 64.33110
62.49520 56.71610 57.80370 58.56130 57.90060 53.48690 52.65340 51.78070 60.87780 62.52080 62.54070 64.05180 64.91310 62.47310 56.34020 60.44430 61.25230 61.20130 62.93770 62.37200 65.30050 65.30430 65.10240 64.83360 63.76230 64.36570 63.46510 63.41360 63.47230 63.66740 63.50400 63.13210 62.42100 61.57990 62.29290 63.19300 62.09080 63.41810 64.34390 63.34890 67.04520 67.43720 67.01620 67.55570 65.88710 65.99950 66.44350 64.18670 63.90110 64.84610 66.93190 66.95860 65.35200 66.47150 66.57970 66.53050 65.56600 65.55670 64.06740 64.05390 65.07630 65.33800 59.41660 66.18460 67.85250 64.68880 60.50310 60.56750 60.77950 63.95150 64.51360
68.16310 66.99310 67.83370 63.64450 63.66420 63.33230 57.23620 56.06850 60.64260 61.84370 61.60580 51.60870 61.14810 61.21730 64.98990 63.81290 64.61760 63.56950 54.63860 53.90930 64.15770 65.23710 65.49140 64.69110 63.74300 64.05110 63.03700 62.48050 63.97110 64.03240 63.11100 63.44350 62.01840 64.31830 62.97190 63.46870 64.53960 65.27760 56.70930 63.73510 64.92640 66.62520 67.81790 63.90850 64.77920 64.70780 64.60440 64.98940 64.14070 63.49500 62.64370 64.49080 63.55830 57.62210 63.93350 64.30020 59.52400 65.43130 66.23200 69.54960 67.88070 68.25360 66.90620 67.46320 67.12690 59.95110 63.81320 64.12390 65.47540 64.88400 66.03640
65.04850 68.06990 68.03370 67.54960 67.90640 64.19840 58.87360 56.60960 61.78620 60.81580 62.10150 63.07010 60.99200 52.71350 61.53400 54.15930 55.71810 63.71320 66.60160 58.41590 55.89180 61.74940 61.34410 63.72840 63.54870 63.47820 63.11210 63.38630 63.10360 63.04370 63.52980 63.71650 64.53170 63.23870 64.97550 64.94270 65.60940 63.87430 63.76760 63.59110 64.91990 67.06100 67.21500 63.84360 66.31700 66.59400 65.50060 65.89790 64.16490 63.49520 64.96010 65.15550 66.07760 68.38510 60.35150 61.20280 66.70290 67.75290 68.30670 69.85420 69.79910 69.70150 66.97750 60.20440 64.07280 65.81450 65.08560 66.00880 65.84980 66.50360 66.99190
66.56070 64.95620 63.43440 66.82150 67.94600 67.64330 67.53890 66.02470 65.51970 64.09490 62.31700 63.82970 63.61570 62.67820 66.19040 60.63880 63.40150 54.20010 63.26610 67.66420 64.24350 65.11870 62.95670 61.31840 62.84380 62.31510 62.57020 62.97510 62.91420 61.92410 62.39180 62.39420 63.58910 63.74240 64.46150 65.27130 65.70120 65.67110 65.54110 65.84100 64.56450 65.32610 66.43940 57.69880 56.84080 65.26520 66.45230 66.22570 66.86850 65.48320 64.93090 58.57670 66.57690 59.34330 66.00940 68.07310 67.69360 70.33020 65.65870 67.82470 69.79250 69.83820 69.39040 68.49940 66.89420 67.15730 66.87420 65.93090 65.12240 64.76930 66.31770
66.35270 65.54390 63.61990 57.74480 64.27830 65.71700 66.93300 66.98120 66.53660 65.74420 64.13190 63.66380 55.15640 61.62630 65.26300 66.28650 63.38850 64.91950 56.60470 62.91310 64.41420 65.01490 63.21810 63.12340 61.20990 61.12100 63.73860 64.52760 63.46400 63.06040 63.81310 63.90030 63.02480 63.09530 63.73760 63.07130 62.24490 63.02960 66.23440 67.08520 63.23350 59.51860 68.00730 58.71240 57.10890 64.61310 66.32050 66.16700 67.55920 64.66630 59.90120 64.96210 68.44920 68.58710 68.11120 67.42270 68.64450 67.18660 69.25460 71.15060 68.86940 65.27420 69.15170 71.13720 71.63060 72.41660 70.78310 65.30480 65.48750 64.31770 61.05670
68.66800 68.05050 63.60680 63.31310 65.66140 64.54360 67.63180 66.94380 66.49340 64.69870 62.94340 63.79720 62.17930 61.87130 64.41670 65.69810 66.35180 64.93220 65.08800 64.63420 65.42250 63.09760 62.38850 61.60160 61.09180 64.04910 63.52310 62.79830 63.77770 63.55010 64.16780 64.41640 64.26820 64.45820 63.13820 65.11250 66.21670 64.28940 63.24540 68.90510 59.92860 63.71410 65.35300 65.75050 66.61000 63.81700 56.95230 57.32410 58.14070 57.96940 65.35770 66.86090 66.78040 64.89700 65.89580 68.64030 70.38830 69.19870 70.70890 72.41700 71.47180 71.04630 71.61170 71.61610 71.60530 73.30750 71.00970 68.43800 60.98350 60.69760 61.50210
66.63800 68.33160 66.04850 60.63390 64.16530 67.04290 67.26600 67.91870 65.01770 64.49410 63.89550 63.01700 65.05550 64.90550 66.72670 66.60070 67.31240 63.56100 65.48360 64.32870 65.83840 62.56850 65.74290 61.54920 64.81490 66.27250 63.72110 63.26590 64.48410 64.92850 64.98860 63.04490 64.54270 65.56750 63.96990 63.47420 67.04430 67.68990 58.88290 63.87970 65.60820 65.34840 61.37410 60.96460 60.15780 59.78160 64.20160 59.79130 59.41720 67.27400 59.48690 67.95180 68.95830 69.40510 69.52310 68.53580 67.40720 70.77260 72.98940 82.50890 74.46160 70.44150 71.22360 72.42490 68.47100 61.27350 67.91760 60.78240 60.68870 61.22460 61.72380
68.65430 65.92000 65.52640 65.23130 65.98360 63.78780 59.48930 65.15590 66.22720 65.23590 63.09400 64.44080 66.30500 66.69190 66.59530 66.05590 65.34200 67.82270 65.39700 64.97590 67.77160 64.95860 64.14000 62.32210 62.33680 65.51100 66.72680 64.34000 63.89580 64.77260 65.76900 65.38330 65.72520 66.14020 65.62580 63.50160 67.28380 65.24010 65.69770 60.27680 60.88420 60.78310 60.75520 67.07660 66.54960 66.89850 69.08230 69.14270 68.18700 70.37790 68.83520 68.99990 70.25570 68.53800 69.87820 70.92190 72.77720 72.90260 72.84130 78.75660 72.43410 72.48960 68.72420 63.69860 61.82810 61.47470 61.45440 61.45210 61.17000 61.79710 62.13120
68.57110 65.87670 66.70170 64.94970 64.69960 64.70880 59.45180 58.86180 58.95440 67.29370 62.14130 63.54040 64.76210 65.51040 64.80580 66.02720 65.38680 58.21960 65.05430 67.49850 65.64160 65.41130 64.64860 61.81660 64.37320 63.60000 66.69080 65.10880 62.18630 64.46320 64.63220 66.79920 65.89350 65.85320 63.64260 56.00070 63.87930 66.33400 65.02110 67.31650 63.81930 60.72200 64.15150 67.80620 81.10010 77.48690 66.71190 61.21310 61.32200 67.31230 69.44230 70.97160 63.02090 68.74930 72.74800 70.84210 71.77350 73.35000 75.56390 73.16440 69.84000 67.11120 61.89060 61.26840 61.22880 61.39890 61.12270 61.29550 60.79270 61.96660 62.00490
67.23380 65.96730 66.28670 67.68890 68.02460 66.42700 64.49480 59.08860 65.34350 66.03780 64.54500 63.24480 63.57570 60.15540 65.65110 68.59620 68.50600 65.40480 66.89990 68.08180 57.66360 65.70470 68.00710 66.96600 64.78940 57.15790 67.75570 66.60580 62.89210 65.34780 65.93780 63.68900 67.00090 66.82070 57.25050 62.68060 65.14330 67.35460 68.01200 68.49130 68.82600 70.07130 71.27390 71.26570 72.97830 71.10550 61.67610 61.85480 68.81680 70.10080 -9999 -9999 64.54250 68.68270 74.96010 75.33120 82.03050 71.57560 63.77420 63.26010 63.91980 63.24910 61.98100 61.10700 61.20820 61.23060 61.00200 61.23450 61.35170 62.61840 65.32790
69.15720 68.39780 67.73360 69.95460 67.35030 71.04650 68.31730 69.73640 66.87940 67.63860 66.03190 67.88540 65.92280 63.74020 67.96000 69.49810 66.09860 64.53420 58.88870 64.83160 59.43260 66.36130 64.14810 68.14980 60.22620 63.14930 66.51550 64.92910 57.16780 66.43810 66.44270 62.58460 63.47870 64.41350 63.17290 66.67090 66.78510 66.65550 67.60560 -9999 -9999 -9999 -9999 71.42470 -9999 61.03760 66.15270 69.20970 70.74660 69.75590 -9999 -9999 62.92260 77.48930 77.30620 68.42610 64.71450 64.14400 63.48920 62.94330 62.29390 61.87510 61.23990 60.58520 61.62020 63.53650 60.38620 60.61930 61.02800 61.51760 62.37570
65.51880 68.36890 68.37820 69.61980 71.53350 71.18750 69.73430 65.84570 67.79960 69.70720 69.22830 68.88350 69.57920 69.93970 69.58310 67.42390 64.75630 66.42500 65.75400 67.64560 67.65210 67.13930 66.31310 63.99760 60.77860 66.99890 59.76680 65.92840 65.01490 64.23530 65.08050 65.67950 65.09270 66.02070 67.40680 68.17820 67.42190 -9999 -9999 -9999 -9999 -9999 -9999 -9999 71.52120 68.99020 71.12390 -9999 -9999 -9999 -9999 -9999 80.29390 70.61540 64.27870 66.94080 66.81930 66.74300 64.08880 63.47930 63.56080 63.32500 62.27380 64.37870 65.27120 62.04200 61.73390 61.24110 61.49040 62.86720 -9999
