data/hydroclimate-scenarios/BCSD_hadcm_A1B/monthly_summaries/soilm2_monthly_day1_feb.2070-2099.asc
ncols	311
nrows	91
xllcenter	102.75
yllcenter	31.75
cellsize	0.5
NODATA_value	-9999
[rows 31 to 61 of 91, columns 0 to 69 of 311]
-9999 -9999 -9999 -9999 -9999 -9999 -9999 -9999 -9999 -9999 -9999 98.58970 109.57800 110.36100 115.21300 115.54000 105.04000 106.73000 111.13300 111.12700 114.73800 120.48400 121.50900 120.38700 119.66400 115.89900 117.88400 117.21900 116.59800 116.74800 114.28400 111.77400 112.22900 111.32900 113.02700 111.03100 111.34500 114.76700 114.65600 112.44300 112.79100 112.87100 128.78799 129.33099 128.21100 127.08400 127.34800 121.80100 115.03600 112.65000 117.17700 116.80900 114.04300 111.40100 111.83000 126.54800 127.06500 124.36600 125.27800 123.00700 122.36600 125.42000 124.64400 122.05500 121.20700 125.22900 122.60000 125.95700 125.98500 126.74700
-9999 -9999 -9999 -9999 -9999 -9999 -9999 -9999 -9999 -9999 -9999 103.10700 104.03400 114.39100 109.78500 113.23400 112.31500 113.90800 112.36700 114.28000 118.42900 120.72000 121.76800 123.85700 130.46500 130.38300 129.69501 128.45500 128.94099 116.86200 114.94400 112.39600 114.32000 114.20700 113.60400 112.05500 113.27400 113.85600 121.75500 122.15300 120.42900 119.86900 122.70600 122.12500 120.73400 121.36400 120.31000 119.71400 118.99300 118.04200 116.33500 115.87300 114.34400 126.08700 126.83900 127.31300 126.53300 125.40300 124.28400 114.43000 115.80800 115.40200 122.41000 124.37700 125.73400 123.20500 125.34500 127.62800 127.11100 126.83500
-9999 -9999 -9999 -9999 -9999 -9999 -9999 -9999 -9999 -9999 -9999 109.04800 109.30100 108.53400 107.33100 111.65300 111.53100 117.77700 118.91700 122.26600 122.75700 122.82000 131.17101 131.14999 130.42799 118.75900 115.28300 116.62000 113.03900 125.85700 127.28500 113.57200 113.62000 109.49000 119.81800 114.16800 127.57700 122.33500 127.28300 127.16600 121.32800 128.10100 123.55900 124.87200 125.79500 124.45900 123.58700 122.78100 121.17400 117.55900 115.93500 115.39100 113.80700 123.11600 111.88800 117.69100 117.27000 114.56500 116.88100 118.70700 117.71000 126.19400 125.69600 115.54300 126.66700 125.27800 126.16700 128.18600 127.53900 127.06600
-9999 -9999 -9999 -9999 -9999 -9999 -9999 -9999 -9999 -9999 -9999 -9999 111.54300 113.09000 112.95700 114.28100 116.05500 121.80900 122.90600 124.64200 131.82600 119.07700 115.51300 119.03200 114.35500 109.32800 109.54700 108.09200 107.32600 108.05500 127.16400 128.11000 128.58000 128.79601 127.96800 127.83400 128.27600 123.00600 127.30600 125.22700 125.91500 128.20599 128.66800 123.90700 124.51700 125.82600 124.46500 124.85100 123.01000 122.06600 118.96600 117.38500 116.70500 115.07900 111.56200 110.35800 110.22800 121.46200 125.57300 125.60100 125.48000 121.74900 122.37300 125.59000 125.31900 128.07700 128.07700 127.33300 127.05700 127.84500
-9999 -9999 -9999 -9999 -9999 -9999 -9999 -9999 -9999 -9999 -9999 -9999 112.66100 111.63100 116.52700 115.87200 118.98500 131.13499 131.33501 120.97100 122.78000 119.97300 116.47300 112.16400 109.19800 106.78600 105.20100 108.29600 105.64300 107.10500 109.72100 127.37200 128.54700 127.44500 128.79401 114.06800 110.58400 114.52700 116.65400 112.97000 127.77900 119.33100 119.81400 128.03700 125.68200 126.73700 127.28200 125.12900 120.08800 120.80000 117.33900 110.75800 107.36900 115.69600 114.55000 121.80900 126.75600 121.58400 107.44400 126.39300 124.90000 107.58400 106.88400 120.24000 127.36900 128.51500 128.99200 127.64600 128.21800 129.71400
-9999 -9999 -9999 -9999 -9999 -9999 -9999 -9999 -9999 -9999 -9999 -9999 111.77800 113.95400 131.04300 130.75000 131.17599 119.77300 117.18100 119.13300 121.09700 120.28300 117.24100 110.87100 110.94500 110.49600 111.53600 110.43200 111.60800 107.48800 106.25800 126.73100 113.44900 113.41400 112.49300 110.08600 111.31400 115.83700 115.64500 118.39700 121.31400 122.86100 123.96100 126.58400 128.72701 120.13700 126.71200 127.44700 126.56500 121.82500 117.69700 118.39300 112.53200 111.30400 110.12200 109.20100 106.69700 112.27100 113.41900 127.31300 111.94400 114.47900 114.56100 112.57600 126.08500 127.62600 128.87900 129.74800 130.51199 130.37601
-9999 -9999 -9999 104.69500 107.85800 102.86900 101.19500 103.33700 103.46500 -9999 110.43100 129.94400 129.92999 110.77400 113.66600 116.12500 117.59700 116.18700 116.56000 118.06800 121.33200 120.19800 115.97000 116.31700 111.83000 116.06600 116.18400 113.26400 109.86400 106.08600 109.71800 110.21500 105.18200 103.71000 105.35200 86.09070 105.90000 113.08500 118.58000 119.51200 121.77600 124.18100 126.81200 124.45700 123.81600 121.66300 127.47800 118.27400 123.74500 123.18800 115.07000 110.66600 110.98600 116.73400 115.20100 117.10700 117.15900 111.19400 110.88100 109.48700 127.18700 116.89200 113.93700 119.53700 116.46700 118.21600 120.05900 125.07600 128.76700 128.71700
-9999 -9999 -9999 106.20400 105.71500 107.28800 104.55900 108.63500 105.97600 126.15300 129.25000 128.01199 111.57700 104.68100 108.16800 110.39600 110.36700 114.85800 116.99000 115.55100 115.56300 116.36500 117.97600 119.17400 113.64600 112.42800 112.04100 110.44700 111.57400 106.88300 88.33880 105.76300 109.24900 103.97000 102.04700 102.74700 104.19200 112.33200 113.65000 116.05800 117.76000 121.08200 126.96100 124.41500 119.93800 121.50700 128.05200 123.85600 117.66500 113.02700 114.21200 123.46700 124.38600 123.10500 119.42400 118.73000 114.23500 113.18200 114.49900 110.59600 112.83500 117.69500 117.09100 116.00400 121.92900 119.28400 121.24700 127.04000 130.23801 126.78100
-9999 -9999 -9999 102.01700 107.08300 103.90700 128.31500 128.47501 128.36200 128.83000 129.30901 128.77100 106.68900 99.92770 97.05900 99.32710 111.44900 108.75200 110.42000 109.20100 111.08200 110.70300 93.08160 106.08000 109.25300 111.85000 115.02300 114.60800 108.61800 109.37400 113.58100 115.74500 109.28900 104.41800 104.11600 104.70100 108.05500 110.90800 108.88000 108.00700 111.50200 117.43200 126.29400 128.21899 127.69400 126.46800 127.62100 113.10900 113.33300 127.87700 128.04300 126.52600 125.96600 124.04800 121.73600 119.14100 115.74700 118.18900 118.46200 118.08500 112.90600 113.28400 121.94000 123.63800 125.66900 125.88200 126.73300 127.56700 117.93300 125.08200
-9999 -9999 -9999 109.57200 107.86400 111.66600 128.22099 129.49100 126.50300 125.35400 127.62000 104.41400 96.18170 100.65800 98.32560 100.46500 104.50300 117.76300 118.82700 109.62900 106.04200 101.05200 109.81500 119.99200 113.42100 110.73100 111.84600 110.35200 115.43100 113.96000 111.79200 107.62500 108.70200 111.50000 114.43700 111.74300 109.34200 109.44400 113.59000 115.23200 115.10400 116.79100 118.86800 122.81400 125.84900 129.57800 129.34399 125.26300 128.98599 128.17700 128.05499 127.68800 125.60900 116.91800 123.85000 114.35500 111.86300 112.19500 114.64200 111.59100 108.63100 118.00100 119.30500 126.19000 123.70500 120.65400 129.86400 131.58800 132.47501 132.00999
-9999 -9999 -9999 104.66400 107.63900 111.02100 128.32201 128.39500 127.41200 127.00100 127.80800 124.57300 96.75730 100.73500 112.83900 113.98500 107.91300 108.64700 110.05900 109.05800 107.98600 109.42000 122.58900 110.58700 107.06700 110.00300 114.80600 111.30200 110.87800 115.07700 111.98100 111.34200 112.18400 110.20100 111.73800 111.79100 113.24600 114.03000 115.79300 119.63000 122.91000 126.08100 127.31300 127.54000 129.02100 128.71600 128.75700 126.45000 119.80000 128.94299 125.38600 118.89800 114.15800 116.81200 117.93800 115.38400 113.89000 112.46700 117.20200 126.59000 124.86400 124.88100 128.67599 123.27200 119.27800 118.94100 126.39000 124.78400 132.82800 133.17599
-9999 -9999 -9999 -9999 127.50300 128.50200 128.82600 129.56700 127.45900 126.35400 128.80200 109.21500 102.68400 103.12400 -9999 -9999 -9999 -9999 -9999 115.16000 123.02800 119.76000 121.74000 116.97500 112.08000 110.04900 108.94600 111.32000 115.87800 113.06200 111.75300 108.23800 109.39900 107.84700 109.56300 105.53500 109.04900 108.09000 115.60400 116.43400 116.50900 122.60200 126.19700 128.70000 129.11700 129.22400 129.23199 128.59399 128.90601 127.52800 127.89200 128.45000 127.82900 128.51199 128.20300 128.57100 128.44701 127.80500 116.15700 120.20600 128.47099 129.75400 127.51800 131.62601 131.89700 127.85600 132.20000 132.66000 139.93800 -9999
-9999 -9999 116.41200 128.82401 129.52100 128.33099 128.50200 129.24600 127.74000 127.61300 129.04401 109.07700 106.45200 -9999 -9999 -9999 -9999 -9999 123.68900 120.21800 122.28500 114.19900 112.62800 115.94300 119.98000 120.00600 114.88900 113.65400 115.40000 114.38100 107.56100 107.69800 109.72400 111.89400 112.98000 110.94700 110.51900 108.90000 111.83600 111.48700 116.10500 122.31300 125.13400 125.58100 125.57100 127.09300 128.22800 127.65300 124.59700 125.57200 125.46700 126.97100 129.00700 130.87500 126.90000 126.19500 126.73400 119.95300 118.07200 122.03900 123.24500 123.63300 127.94400 130.15199 130.43500 129.80600 130.92599 -9999 -9999 -9999
-9999 -9999 130.98801 130.22800 128.59399 127.96000 128.16499 129.09300 127.14700 128.87000 116.78900 115.00100 106.70700 -9999 -9999 -9999 -9999 110.05600 115.97800 110.38100 108.82700 108.22900 110.83000 118.38000 116.39900 108.43400 106.55600 105.86700 111.17100 113.39600 109.42300 109.97900 109.77000 111.79700 113.27600 111.82100 110.84100 107.84600 112.92900 119.58400 123.22300 124.13800 125.11700 127.01200 118.67100 112.90100 115.25100 114.71900 116.54200 120.35300 124.68900 128.55701 129.98300 127.90300 128.53000 120.74100 121.95700 123.70100 127.95800 129.88800 129.26601 129.36400 130.70100 130.54800 127.92900 -9999 -9999 -9999 -9999 -9999
-9999 -9999 133.31100 131.86501 130.55901 129.84200 129.40300 128.15700 127.70200 128.59700 113.20900 106.53300 91.84170 -9999 -9999 -9999 -9999 113.02400 109.84200 109.27400 106.61500 110.40200 113.55300 111.01000 112.25400 109.77600 106.45100 108.39700 109.72000 108.48400 109.45400 107.37400 109.93700 111.54200 112.26300 115.86000 118.30400 119.76000 120.25300 117.60500 123.42300 122.32300 123.87700 129.10201 124.84200 116.40800 114.64800 110.27800 106.79900 107.23900 112.43000 113.63700 120.24100 117.00000 123.17500 120.84100 121.94500 125.86900 130.47701 131.54300 130.26300 128.31200 130.69200 117.23100 116.42400 129.35600 130.65199 131.36900 130.72600 -9999
-9999 -9999 -9999 133.33200 130.26401 131.08701 127.49700 124.99400 115.14700 113.96800 102.44900 91.10300 -9999 -9999 -9999 -9999 108.97100 109.10500 107.30400 104.29600 107.68500 106.39400 107.20600 106.85700 107.30300 106.81000 108.23800 106.80000 109.67200 113.35200 111.16400 112.40800 111.43400 107.86500 104.43900 104.17900 107.24500 112.06600 114.26100 115.02900 121.20600 122.01200 134.79700 131.66901 130.32001 131.46100 127.43400 124.90900 121.00300 113.53800 123.82500 130.01900 128.42700 129.47900 130.23100 130.12801 132.31500 128.25400 132.05600 132.51801 132.46001 132.17101 132.73399 124.23600 113.44700 126.23500 134.50200 135.39101 130.50900 131.36800
-9999 -9999 -9999 -9999 132.68700 131.30901 125.79200 115.77200 117.66900 102.39800 96.16090 -9999 -9999 -9999 -9999 113.30000 106.92200 102.34200 126.22800 100.02600 97.83670 98.22920 100.94700 103.43400 105.71300 102.29000 98.77810 102.15000 100.98400 103.89900 104.53100 103.00400 101.33800 102.18600 106.80300 114.72300 117.82600 117.97500 116.36400 113.66000 115.19400 119.92300 123.49100 123.74000 125.82000 133.96800 138.18800 133.21600 129.71600 124.25600 121.41700 128.40100 131.03300 130.20799 132.66200 129.93600 129.47900 130.88600 133.76601 132.13901 132.80000 125.84700 121.55000 118.11200 116.38300 131.64900 130.56700 130.36501 130.65601 131.63200
-9999 -9999 -9999 -9999 -9999 -9999 120.60300 130.51300 93.43960 105.53600 100.35900 -9999 -9999 -9999 -9999 -9999 98.80490 96.84930 96.21500 95.22190 95.28450 88.79680 95.49310 101.09200 97.68480 95.67410 102.59900 143.76500 144.00500 135.52901 102.73700 100.47900 103.04400 104.52900 105.47500 103.24300 114.96400 117.88800 114.25000 117.20200 117.29600 124.08100 125.30500 119.99900 132.57600 131.42101 131.01700 134.90800 134.22400 129.92500 136.81100 134.94901 127.61500 134.51601 130.57899 129.93500 128.63699 128.44701 128.34100 113.70500 111.83800 114.77000 119.48200 113.61800 111.74700 118.67100 129.74699 130.02901 127.93400 127.07100
-9999 -9999 -9999 -9999 -9999 -9999 -9999 -9999 -9999 -9999 -9999 -9999 -9999 -9999 -9999 -9999 -9999 -9999 -9999 92.38930 93.45850 85.93240 92.93300 94.29030 98.53700 99.12210 119.04000 116.91800 115.68000 94.95680 102.01300 102.30300 108.74800 111.02600 106.74400 107.61600 114.28500 119.81900 118.74800 121.56000 123.67700 125.88900 125.56400 125.21700 125.22900 122.99600 118.21700 131.49800 132.08400 139.68201 143.50400 135.37700 135.42400 135.60100 129.80901 126.30600 109.63000 112.71200 109.12100 109.19600 120.46300 126.31800 109.37600 108.82700 106.87400 120.37800 126.84000 126.47700 126.97400 132.49600
-9999 -9999 -9999 -9999 -9999 -9999 -9999 -9999 -9999 -9999 -9999 -9999 -9999 -9999 -9999 -9999 -9999 -9999 94.53750 93.30640 90.51290 89.48830 92.08450 91.91010 91.39250 90.17820 117.87000 117.97200 92.55810 93.75200 96.78570 99.69220 100.65600 103.39500 108.68700 129.54100 117.38800 118.07700 119.12600 122.00600 123.51400 124.13200 124.69600 125.36700 124.84100 130.33299 121.03600 491.10001 629.96899 666.71198 675.28900 136.53101 137.87199 141.30701 138.64700 132.25400 112.85000 111.10500 122.70300 112.97100 127.72300 132.31100 114.19200 113.16900 127.50900 120.59700 113.85100 127.36800 132.27901 129.58299
-9999 -9999 -9999 -9999 -9999 -9999 -9999 -9999 -9999 -9999 -9999 -9999 -9999 -9999 -9999 -9999 -9999 96.25400 96.71670 90.30850 91.18900 90.66600 88.24920 88.25390 85.61830 87.38620 122.19800 113.74300 118.66900 120.83200 122.66700 122.76700 105.85600 120.14400 128.14999 132.53400 131.30299 119.54900 118.71100 121.66100 120.96500 129.12900 123.28800 129.58000 118.48400 116.89600 130.51700 642.62000 636.15900 653.61200 658.87402 141.45599 138.97600 144.27699 141.06799 145.96100 112.30900 109.19900 109.40300 109.21100 116.83700 126.20800 116.79600 119.70400 106.12900 109.33600 113.98500 111.29300 133.75999 137.05701
-9999 -9999 -9999 -9999 -9999 -9999 -9999 -9999 -9999 -9999 -9999 -9999 -9999 -9999 -9999 -9999 -9999 98.01980 94.61450 95.12130 94.85790 119.08600 115.11900 79.16730 79.20200 84.47580 82.98500 82.86980 81.47980 115.36700 122.30300 122.52700 123.31000 121.29600 127.90400 132.72701 135.17200 110.58500 114.96800 117.81300 115.37400 113.32500 126.61600 110.07400 127.01600 128.57800 125.70700 494.86899 499.46600 640.38898 666.26703 138.92599 139.42900 139.79800 136.41600 148.26601 123.79500 115.90300 111.06600 115.60900 110.30600 109.45700 109.43700 107.79200 108.70000 110.86200 113.06300 121.36800 136.75000 149.34900
-9999 -9999 -9999 -9999 -9999 -9999 -9999 -9999 -9999 -9999 -9999 -9999 -9999 -9999 -9999 -9999 101.81800 100.76600 95.68880 94.82020 115.49300 81.18030 81.02760 78.72100 76.80700 79.75920 80.54500 81.71090 80.30220 80.82830 82.09070 79.60050 111.72400 119.25800 122.33200 127.38400 124.19900 126.83700 110.81000 109.66200 103.94200 109.52400 128.39400 123.83500 105.30200 124.32600 124.45100 509.48401 501.01401 634.27002 662.16699 138.25400 139.82500 139.02299 135.35600 147.60500 147.90900 127.37100 128.91299 114.21000 112.23000 115.22400 118.17800 129.75900 133.71500 136.19600 132.66200 133.76700 135.31900 145.72900
-9999 -9999 -9999 -9999 -9999 -9999 -9999 -9999 -9999 -9999 -9999 -9999 -9999 94.33270 93.33970 94.42790 93.68350 97.94580 118.11500 112.18400 79.05480 80.74170 78.44290 77.80380 78.01360 76.97490 76.34810 370.84201 370.42801 370.91501 556.81702 561.76300 371.57401 370.47900 563.50299 571.59198 586.14697 584.01801 456.60300 456.71201 453.30600 606.37000 598.13800 431.82700 610.30798 617.51703 630.20001 641.83698 653.97302 657.92297 663.81403 670.37598 668.62299 668.91302 677.02698 682.59698 683.72400 666.72900 616.95898 619.90302 645.93701 710.53601 729.56403 737.30701 718.29401 719.95001 708.67798 135.31599 133.81000 144.87399
-9999 -9999 -9999 -9999 -9999 -9999 -9999 -9999 -9999 -9999 -9999 -9999 89.67830 91.75760 119.06900 117.80300 117.04900 82.83080 79.91880 75.98150 76.15660 76.18340 75.13920 77.34390 75.15170 73.76070 73.47060 366.61099 547.00897 551.81403 543.71100 548.72699 555.32703 542.63599 563.51099 566.53198 395.47101 413.57001 448.90100 445.82999 439.37799 433.27899 599.99298 603.43597 611.20203 622.25403 636.16400 641.94800 658.05603 667.97498 668.45203 564.81299 671.15198 563.20599 653.60101 659.19397 681.20300 665.71503 652.73602 703.00299 707.90399 717.72498 725.96198 726.18903 726.33698 742.63000 743.41302 133.54300 136.75301 132.80400
-9999 -9999 -9999 -9999 -9999 -9999 -9999 -9999 -9999 -9999 -9999 118.78500 88.89320 114.83100 82.82800 79.31860 77.80180 77.01610 77.13740 74.64870 74.58680 73.07820 72.84570 73.19630 73.50520 72.69930 113.10400 537.37701 545.16302 551.48901 544.51300 364.74100 367.81699 371.86401 368.22601 567.99500 413.92001 430.52600 438.70099 433.52802 425.88599 598.59399 592.57098 598.98297 608.75403 614.94397 627.02899 637.42200 648.80603 659.81000 681.39398 600.35303 586.90002 670.27197 606.33398 586.12500 670.46301 612.31097 622.71100 677.44397 704.88300 692.16998 695.13098 696.15399 717.82599 724.13800 716.41901 139.20700 132.60699 120.15100
-9999 -9999 -9999 -9999 -9999 -9999 -9999 -9999 -9999 -9999 83.41350 84.28680 80.01740 79.33080 76.96360 74.75900 73.72920 73.44190 73.86310 72.29630 71.62760 71.09050 71.06190 71.89950 71.90330 72.12170 72.33370 546.19897 542.23901 354.94901 355.93701 365.59399 367.05701 559.57599 561.99103 564.32800 419.85999 428.64801 448.63400 428.19601 594.81097 584.94598 583.15302 594.15100 602.32300 616.62799 621.49701 637.07397 647.94098 667.16602 677.06500 613.25403 676.24701 606.83398 597.55200 582.77698 674.41302 693.48999 673.15900 681.43597 683.93298 686.13202 694.13702 696.58301 707.59998 711.26703 762.01001 139.05099 127.07900 113.01300
-9999 -9999 -9999 -9999 -9999 -9999 -9999 -9999 -9999 151.52200 150.27901 147.25900 147.71400 149.36400 147.69701 144.52901 144.12000 143.53300 142.50200 142.81799 142.89301 143.53200 144.06700 143.53200 143.05400 143.12399 144.21899 145.29601 144.69400 144.71400 145.18600 357.36200 370.79700 379.90799 573.67297 580.64899 447.85999 443.61700 431.71799 585.36401 577.62903 571.57397 579.59497 743.46002 597.75403 767.17297 622.53699 640.78003 665.51703 673.28601 689.24597 683.43903 611.94897 692.51501 652.73199 678.54401 675.24500 666.06201 664.76898 681.56097 681.36798 699.14600 691.73999 701.90198 688.16400 696.28198 715.42102 261.98801 226.67300 218.96500
-9999 -9999 -9999 -9999 -9999 -9999 -9999 -9999 -9999 -9999 146.76100 142.82100 142.75301 143.92500 142.12700 141.19200 141.45000 141.54300 141.50999 142.38000 142.67999 142.32600 142.78101 -9999 -9999 -9999 -9999 -9999 -9999 150.03700 151.90800 366.62399 369.78299 378.72299 385.33600 580.58002 595.73798 423.25601 415.67899 570.82599 573.05200 574.59802 585.14502 753.84601 745.35901 757.48700 766.15503 630.40399 662.94202 672.59003 672.03400 566.34802 599.36401 636.80603 704.43597 666.59198 659.54901 662.45001 661.16101 669.76202 689.11902 675.96503 617.55499 690.80200 711.45099 715.47803 694.29303 246.00900 234.57800 241.90900
-9999 -9999 -9999 -9999 -9999 -9999 -9999 -9999 -9999 -9999 -9999 -9999 141.28500 142.05400 141.95200 139.80299 139.95200 139.39799 139.48599 -9999 -9999 -9999 -9999 -9999 -9999 -9999 -9999 -9999 -9999 -9999 -9999 -9999 -9999 376.99701 553.86798 568.62799 587.02301 571.80902 396.43600 392.91000 574.34698 574.74103 583.89203 599.09003 608.10101 751.61603 769.71899 621.49701 644.04303 652.70697 665.12903 680.12299 684.62402 678.12097 681.01398 656.61200 661.28400 634.61798 487.64301 660.30298 684.46198 673.07098 686.91998 692.45099 703.25598 701.40997 637.09802 219.82800 226.80000 243.84700
-9999 -9999 -9999 -9999 -9999 -9999 -9999 -9999 -9999 -9999 -9999 -9999 -9999 -9999 -9999 -9999 -9999 -9999 -9999 -9999 -9999 -9999 -9999 -9999 -9999 -9999 -9999 -9999 -9999 -9999 -9999 -9999 -9999 -9999 566.42297 565.77600 564.08801 567.28003 380.45200 565.63098 565.33502 575.54602 729.02899 599.45697 763.46503 759.69202 647.66602 608.59100 632.64801 638.53601 648.72803 669.57202 681.51202 669.95300 666.35999 651.52197 634.80298 660.61298 639.73700 653.61298 670.33301 685.36603 676.74103 694.83600 696.23602 673.02100 672.68298 230.36600 239.50200 260.70901
