data/hydroclimate-scenarios/BCSD_hadcm_A1B/monthly_summaries/soilm3_monthly_day1_mar.2030-2059.asc
ncols	311
nrows	91
xllcenter	102.75
yllcenter	31.75
cellsize	0.5
NODATA_value	-9999
[rows 0 to 31 of 91, columns 0 to 70 of 311]
-9999 -9999 -9999 -9999 -9999 -9999 -9999 -9999 -9999 -9999 -9999 -9999 -9999 -9999 -9999 -9999 -9999 -9999 -9999 -9999 -9999 -9999 -9999 -9999 -9999 -9999 -9999 -9999 -9999 -9999 -9999 -9999 -9999 -9999 -9999 -9999 -9999 -9999 -9999 -9999 -9999 -9999 -9999 -9999 -9999 -9999 -9999 -9999 -9999 -9999 -9999 -9999 -9999 -9999 -9999 -9999 -9999 -9999 -9999 -9999 -9999 -9999 -9999 -9999 -9999 -9999 -9999 -9999 -9999 -9999 -9999
-9999 -9999 -9999 -9999 -9999 -9999 -9999 -9999 -9999 -9999 -9999 -9999 -9999 -9999 -9999 -9999 -9999 -9999 -9999 -9999 -9999 -9999 -9999 -9999 -9999 -9999 -9999 -9999 -9999 -9999 -9999 -9999 -9999 -9999 -9999 -9999 -9999 -9999 -9999 -9999 -9999 -9999 -9999 -9999 -9999 -9999 -9999 -9999 -9999 -9999 -9999 -9999 -9999 -9999 -9999 -9999 -9999 -9999 -9999 -9999 -9999 -9999 -9999 -9999 -9999 -9999 -9999 -9999 -9999 -9999 -9999
-9999 -9999 -9999 -9999 -9999 -9999 -9999 -9999 -9999 -9999 -9999 -9999 -9999 -9999 -9999 -9999 -9999 -9999 -9999 -9999 -9999 -9999 -9999 -9999 -9999 -9999 -9999 -9999 -9999 -9999 -9999 -9999 -9999 -9999 -9999 -9999 -9999 -9999 -9999 -9999 -9999 -9999 -9999 -9999 -9999 -9999 -9999 -9999 -9999 -9999 -9999 -9999 -9999 -9999 -9999 -9999 -9999 -9999 -9999 -9999 -9999 -9999 -9999 -9999 -9999 -9999 -9999 -9999 -9999 -9999 -9999
-9999 -9999 -9999 -9999 -9999 -9999 -9999 -9999 -9999 -9999 -9999 -9999 -9999 -9999 -9999 -9999 -9999 -9999 -9999 -9999 -9999 -9999 -9999 -9999 -9999 -9999 -9999 -9999 -9999 -9999 -9999 -9999 -9999 -9999 -9999 -9999 -9999 -9999 -9999 -9999 -9999 -9999 -9999 -9999 -9999 -9999 -9999 -9999 -9999 -9999 -9999 -9999 -9999 -9999 -9999 -9999 -9999 -9999 -9999 -9999 -9999 -9999 -9999 -9999 -9999 -9999 -9999 -9999 -9999 -9999 -9999
-9999 -9999 -9999 -9999 -9999 -9999 -9999 -9999 -9999 -9999 -9999 -9999 -9999 -9999 -9999 -9999 -9999 -9999 -9999 -9999 -9999 -9999 -9999 -9999 -9999 -9999 -9999 -9999 -9999 -9999 -9999 -9999 -9999 -9999 -9999 -9999 -9999 -9999 -9999 -9999 -9999 -9999 -9999 -9999 -9999 -9999 -9999 -9999 -9999 -9999 -9999 -9999 -9999 -9999 -9999 -9999 -9999 -9999 -9999 -9999 -9999 -9999 -9999 -9999 -9999 -9999 -9999 -9999 -9999 -9999 -9999
-9999 -9999 -9999 -9999 -9999 -9999 -9999 -9999 -9999 -9999 -9999 -9999 -9999 -9999 -9999 -9999 -9999 -9999 -9999 -9999 -9999 -9999 -9999 -9999 -9999 -9999 -9999 -9999 -9999 -9999 -9999 -9999 -9999 -9999 -9999 -9999 -9999 -9999 -9999 -9999 -9999 -9999 -9999 -9999 -9999 -9999 -9999 -9999 -9999 -9999 -9999 -9999 -9999 -9999 -9999 -9999 -9999 -9999 -9999 -9999 -9999 -9999 -9999 -9999 -9999 -9999 -9999 -9999 -9999 -9999 -9999
-9999 -9999 -9999 -9999 -9999 -9999 -9999 -9999 -9999 -9999 -9999 -9999 -9999 -9999 -9999 -9999 -9999 -9999 -9999 -9999 -9999 -9999 -9999 -9999 -9999 -9999 -9999 -9999 -9999 -9999 -9999 -9999 -9999 -9999 -9999 -9999 -9999 -9999 -9999 -9999 -9999 -9999 -9999 -9999 -9999 -9999 -9999 -9999 -9999 -9999 -9999 -9999 -9999 -9999 -9999 -9999 -9999 -9999 -9999 -9999 -9999 -9999 -9999 -9999 -9999 -9999 -9999 -9999 -9999 -9999 -9999
-9999 -9999 -9999 -9999 -9999 -9999 -9999 -9999 -9999 -9999 -9999 -9999 -9999 -9999 -9999 -9999 -9999 -9999 -9999 -9999 -9999 -9999 -9999 -9999 -9999 -9999 -9999 -9999 -9999 -9999 -9999 -9999 -9999 -9999 -9999 -9999 -9999 -9999 -9999 -9999 -9999 -9999 19.24310 18.75300 19.27120 19.25590 19.36190 19.54020 19.41520 20.21810 19.91260 19.48840 -9999 -9999 -9999 -9999 -9999 -9999 -9999 -9999 -9999 -9999 -9999 -9999 -9999 -9999 -9999 -9999 -9999 -9999 -9999
-9999 -9999 -9999 -9999 -9999 -9999 -9999 -9999 -9999 -9999 -9999 -9999 -9999 -9999 -9999 -9999 -9999 -9999 -9999 -9999 -9999 -9999 -9999 -9999 -9999 -9999 -9999 -9999 -9999 -9999 -9999 -9999 -9999 -9999 -9999 -9999 -9999 -9999 20.37850 20.45520 20.53540 20.94980 20.56270 19.77510 20.17890 18.95930 18.34290 18.30990 19.61800 20.52320 22.60410 23.00000 22.88070 22.91270 -9999 -9999 -9999 -9999 -9999 -9999 -9999 -9999 -9999 -9999 -9999 -9999 -9999 -9999 -9999 -9999 -9999
-9999 -9999 -9999 -9999 -9999 -9999 -9999 -9999 -9999 -9999 -9999 -9999 -9999 -9999 -9999 -9999 -9999 -9999 -9999 -9999 -9999 -9999 -9999 -9999 -9999 -9999 -9999 -9999 -9999 -9999 -9999 -9999 -9999 -9999 -9999 -9999 -9999 -9999 -9999 -9999 19.78660 19.80550 19.93640 20.06930 20.56460 21.38190 20.47430 20.94170 18.42650 18.32250 18.61630 20.98910 22.51140 22.53310 -9999 -9999 -9999 -9999 -9999 -9999 -9999 -9999 -9999 -9999 -9999 -9999 -9999 -9999 -9999 -9999 -9999
-9999 -9999 -9999 -9999 -9999 -9999 -9999 -9999 -9999 -9999 -9999 -9999 -9999 -9999 -9999 -9999 -9999 -9999 -9999 -9999 -9999 -9999 -9999 -9999 -9999 -9999 -9999 -9999 -9999 -9999 -9999 -9999 -9999 -9999 -9999 -9999 -9999 -9999 -9999 -9999 -9999 -9999 -9999 -9999 19.71720 20.13790 20.45260 21.97620 21.89190 19.82680 20.84340 20.69520 21.69180 22.57100 -9999 -9999 -9999 -9999 -9999 -9999 19.00270 -9999 -9999 -9999 -9999 -9999 -9999 -9999 -9999 -9999 -9999
-9999 -9999 -9999 -9999 -9999 -9999 -9999 -9999 -9999 -9999 -9999 -9999 -9999 -9999 -9999 -9999 -9999 -9999 -9999 -9999 -9999 -9999 -9999 -9999 -9999 -9999 -9999 -9999 -9999 -9999 -9999 -9999 -9999 -9999 -9999 -9999 -9999 -9999 -9999 -9999 -9999 19.73220 19.74660 19.73000 19.72720 19.71770 19.93430 20.34610 20.24590 19.83290 19.74790 21.07160 22.16620 22.03080 -9999 -9999 -9999 -9999 -9999 20.60200 21.10130 22.20050 22.00050 20.40060 20.80130 21.60390 22.40440 23.50640 22.20630 22.41500 21.61750
-9999 -9999 -9999 -9999 -9999 -9999 -9999 -9999 -9999 -9999 -9999 -9999 -9999 -9999 -9999 -9999 -9999 -9999 -9999 -9999 -9999 -9999 -9999 -9999 -9999 -9999 -9999 -9999 -9999 -9999 -9999 -9999 -9999 -9999 -9999 -9999 -9999 -9999 -9999 -9999 -9999 20.79580 19.93040 19.71640 19.70770 19.69930 20.57330 20.48250 19.90520 20.82750 21.71020 23.06660 22.41000 22.38540 22.19390 22.31730 21.08680 -9999 20.80600 23.40290 23.50160 23.40260 23.30110 22.40460 22.90870 23.50980 22.60950 22.20680 21.50930 20.71010 20.40880
-9999 -9999 -9999 -9999 -9999 -9999 -9999 -9999 -9999 -9999 -9999 -9999 -9999 -9999 -9999 -9999 -9999 -9999 -9999 -9999 -9999 -9999 -9999 -9999 -9999 -9999 -9999 -9999 -9999 -9999 -9999 -9999 -9999 -9999 -9999 23.26900 21.12170 19.84180 19.84890 19.65200 19.65520 19.67600 19.70200 19.78850 20.38510 20.43640 19.68330 19.98260 21.78540 23.00070 22.92100 23.12010 23.11990 23.00820 22.38110 22.43710 22.84440 23.00880 23.50970 23.50190 23.30040 22.90050 22.80150 22.83100 23.01470 23.51080 23.41250 23.00470 22.71110 22.28440 22.28560
-9999 -9999 -9999 -9999 -9999 -9999 -9999 -9999 -9999 -9999 -9999 -9999 -9999 -9999 -9999 -9999 -9999 -9999 -9999 -9999 -9999 -9999 -9999 -9999 -9999 -9999 -9999 -9999 -9999 -9999 -9999 -9999 -9999 -9999 23.54790 22.80450 22.11280 22.02080 20.14200 19.66670 19.67700 19.67720 19.87900 20.55400 20.07840 19.67790 19.68340 20.81180 23.02110 23.04530 22.91330 22.87220 22.92250 22.47130 22.40440 23.02670 22.98420 23.39670 23.54430 23.30410 22.80780 22.71600 23.11050 23.34760 23.52080 23.41070 23.10690 23.03200 22.89230 22.88170 22.83440
-9999 -9999 -9999 -9999 -9999 -9999 -9999 -9999 -9999 -9999 -9999 -9999 -9999 -9999 -9999 -9999 -9999 -9999 -9999 -9999 -9999 -9999 -9999 -9999 -9999 -9999 -9999 -9999 -9999 -9999 -9999 -9999 -9999 23.53850 23.34560 22.20310 22.20460 21.60990 20.51860 19.63920 19.64830 19.66000 20.69660 20.34630 19.67310 20.16760 21.17770 21.60860 22.16180 22.37930 22.21540 23.02960 22.90990 22.43440 22.35450 22.98040 23.01990 22.94640 22.92690 22.81600 23.12170 23.30850 23.30530 23.51620 23.52590 23.31860 23.02410 23.35770 23.37650 23.46410 22.94740
-9999 -9999 -9999 -9999 -9999 -9999 -9999 -9999 -9999 -9999 -9999 -9999 -9999 -9999 -9999 -9999 -9999 -9999 -9999 -9999 -9999 -9999 -9999 -9999 -9999 -9999 -9999 -9999 -9999 -9999 -9999 23.33760 21.60180 21.10140 21.00150 22.10430 21.30710 20.41120 19.61630 19.82870 19.74000 19.94900 20.45950 19.94390 19.66020 20.48760 22.76320 22.95670 22.93560 22.87050 22.86790 22.49200 22.49050 22.42990 22.86190 22.99410 22.91900 22.87130 23.17870 23.15230 23.33540 23.50770 23.40540 23.50730 23.51690 23.55280 23.44520 23.10470 23.00470 22.94370 22.91370
-9999 -9999 -9999 -9999 -9999 -9999 -9999 -9999 -9999 -9999 -9999 -9999 -9999 -9999 -9999 -9999 -9999 -9999 -9999 -9999 -9999 -9999 -9999 -9999 -9999 -9999 -9999 -9999 -9999 20.71590 22.10550 20.60340 19.60460 19.60260 19.60330 19.60860 20.71120 22.60940 20.71680 19.62560 20.29340 20.88430 19.66640 19.64240 19.64670 19.68730 20.39540 22.58220 22.88410 22.89850 22.77330 22.48660 22.46790 22.41620 22.88400 23.06550 22.96820 22.96290 22.92630 22.90550 23.32000 23.30320 23.30430 23.41540 23.52110 23.43790 23.58380 23.59340 23.60530 23.61260 22.98030
-9999 -9999 -9999 -9999 -9999 -9999 -9999 -9999 -9999 -9999 -9999 -9999 -9999 -9999 -9999 -9999 -9999 -9999 -9999 -9999 -9999 -9999 -9999 -9999 21.60520 21.30690 20.90650 20.31410 20.11310 19.61590 19.61570 19.61150 19.61440 19.60950 19.61360 20.02520 22.72120 21.13320 20.24510 19.63990 19.94620 20.94890 19.94100 19.64840 19.64870 19.66110 19.97020 20.49160 21.85090 22.96910 22.87990 23.18550 22.68020 23.03590 23.02540 23.05040 22.99430 22.98770 22.97880 23.23410 23.53000 23.50810 23.40600 23.30960 23.31790 23.31400 23.42460 23.24910 23.15020 23.37140 23.71150
-9999 -9999 -9999 -9999 -9999 -9999 22.84090 22.84860 22.86090 22.86690 22.85970 -9999 -9999 -9999 -9999 -9999 -9999 -9999 -9999 -9999 -9999 21.61610 19.92850 20.71160 21.90680 20.81190 20.01020 19.61650 19.61500 19.61830 19.61620 19.61890 19.61890 19.61370 19.61650 19.62760 19.63440 19.83050 22.03300 19.62830 20.02730 20.04710 20.86280 19.64030 19.64330 19.65020 19.95380 21.76120 23.01610 22.97010 22.93620 22.73490 22.98880 23.18640 23.05130 23.01660 22.99350 22.98530 23.28220 23.44330 23.43210 23.40850 23.31520 23.42710 23.44770 22.81190 22.81290 22.92920 22.92920 22.93240 22.87790
-9999 -9999 -9999 -9999 -9999 22.81600 22.82110 22.84380 22.92740 22.83800 22.84150 22.82500 22.82020 22.84350 -9999 -9999 -9999 22.92500 22.63260 21.14300 20.63600 19.63670 19.63540 19.61500 19.26190 18.94340 18.83090 18.82460 18.71710 18.72690 18.83450 18.82990 19.03650 19.04410 18.92850 18.83280 18.84380 18.94240 18.94140 18.74760 18.75340 18.76370 20.66620 19.84170 18.65140 18.86260 19.60140 20.76730 22.61350 22.97440 22.90170 22.57680 23.08970 22.96910 23.00630 23.03500 23.01420 22.93740 22.90420 22.73410 22.81470 22.90210 22.70670 22.80390 22.74160 22.87640 22.93630 22.94630 22.94100 22.94020 22.87870
-9999 21.85760 18.31040 18.22220 18.22920 22.62310 23.32340 22.92870 22.93220 22.92970 22.93740 22.92180 22.92950 22.94660 22.93460 22.93850 22.93180 22.93040 22.94090 22.92060 22.13040 19.83500 20.32860 18.72450 18.51690 18.52830 18.52780 18.52560 18.52220 18.52520 18.52330 18.51630 18.51410 18.51650 18.51920 18.51950 18.52290 18.52570 18.52590 18.52390 18.52400 18.53850 19.36890 20.73460 18.54830 18.54930 18.55680 19.59150 21.58780 21.73720 22.24120 23.16150 23.13750 23.02100 23.10430 23.22650 23.08110 22.91850 22.91430 22.75390 22.81110 22.82630 22.82200 22.81140 22.84390 23.04920 23.01240 22.86220 22.93450 22.96020 23.05290
-9999 22.98510 22.97230 22.94100 22.93440 22.61910 22.41110 22.42390 22.11990 22.81610 22.92070 22.94870 22.96790 22.94790 22.95260 22.95430 22.98120 22.97030 22.96890 22.93480 21.94570 21.44250 23.37110 19.26060 18.54710 18.55350 18.54760 18.53350 18.52940 18.52830 18.52260 18.52910 18.53200 18.53460 19.13730 18.52690 18.52910 18.53390 18.52960 18.52780 18.53350 18.54640 18.55370 21.16210 19.53350 18.64850 18.55200 18.59420 18.63660 19.49990 20.83830 22.90570 22.93990 23.10630 23.00280 22.99820 22.98600 23.00890 22.88340 22.35840 22.75500 22.84430 22.84650 22.71360 22.83780 23.47710 23.28040 22.79240 22.87420 22.82200 22.91260
-9999 -9999 -9999 19.31440 19.12420 18.68570 18.66640 18.69110 18.68430 18.79560 22.93160 23.05270 23.14380 23.34220 23.13840 22.95770 22.98520 22.96490 23.16290 23.43850 23.50100 23.48520 22.48610 18.78890 18.56560 18.56480 18.55750 18.53840 18.53570 18.53450 18.53620 18.54050 19.03980 19.24550 20.14480 21.16960 18.22470 18.23860 19.64790 21.05100 20.23330 20.39870 23.62850 23.47040 22.05120 20.92930 19.83210 18.79970 18.91410 20.14500 22.32800 22.75870 22.01310 23.06700 22.63250 23.02370 23.04240 22.86780 22.92960 22.36490 22.78920 22.89240 22.84710 22.86210 22.83730 22.93920 22.92180 22.92440 22.89880 22.98890 23.00710
-9999 -9999 -9999 -9999 -9999 -9999 20.19220 20.82660 21.52490 22.43640 23.32770 23.48130 23.48360 23.49580 23.48370 23.35340 23.34970 23.53510 23.52450 23.09580 21.52290 19.74130 18.61480 18.59030 18.58240 18.58700 18.56920 19.95670 21.37270 18.94480 18.53510 18.53380 20.87950 22.84990 19.56130 22.74890 22.28130 20.86500 23.83300 23.99680 23.96560 23.18780 22.79440 23.20780 23.45180 23.76200 22.36230 21.34920 20.42570 19.38490 20.03780 19.78530 19.18730 22.65590 22.19250 19.17420 23.12430 23.14970 23.06960 22.95960 22.49140 22.87070 22.43910 22.38080 22.86890 22.89730 22.86560 22.95970 23.06300 23.00030 22.99920
-9999 -9999 -9999 -9999 -9999 -9999 23.45780 23.48430 23.46120 23.49330 23.47980 23.47020 23.47320 23.48340 23.50000 23.52920 23.05360 21.26590 20.16100 18.80470 18.60330 18.61960 18.61230 18.61400 18.60310 18.58010 18.57250 19.97180 24.18580 24.19620 23.11990 23.20070 22.81270 23.59220 23.41790 23.29760 22.65980 22.54540 22.22700 22.69890 22.95910 23.26020 23.72430 23.42380 23.12000 22.95970 23.20200 24.05110 23.90720 22.83720 21.41900 19.99420 19.49470 19.71860 19.37780 18.64090 19.28480 19.55960 20.43220 20.25680 21.46850 21.72640 22.89290 22.91490 22.99590 22.91540 22.95670 22.94930 23.00570 23.06210 23.11470
-9999 -9999 -9999 -9999 -9999 -9999 -9999 -9999 -9999 -9999 23.17080 23.46830 23.46710 23.48310 23.48170 20.65690 18.66740 18.63630 18.65440 18.67860 18.67550 18.64770 18.65010 18.60080 18.59470 18.57210 18.56670 18.55380 19.14480 20.27560 19.65880 20.25820 21.26320 23.27550 24.05820 23.57910 23.96260 24.03670 24.02580 24.00600 22.14580 20.62870 19.82610 21.13070 21.11010 21.71240 21.32230 20.18430 23.59740 24.06950 24.04770 23.72730 23.41660 22.29400 22.07780 22.90050 21.88710 22.69390 22.71210 22.30460 22.68870 20.15550 19.85410 19.35620 20.07550 20.44890 20.25180 21.25230 22.98310 23.00410 22.92160
-9999 -9999 -9999 -9999 -9999 -9999 -9999 -9999 -9999 -9999 21.99010 23.45430 23.46460 23.47540 23.50900 20.70270 18.70030 18.66330 18.67000 18.71490 18.72400 18.70000 18.68840 18.63240 18.61970 18.58740 18.56720 18.55280 18.54480 19.46660 20.27060 20.25760 22.37500 23.00230 21.37110 22.38010 20.15340 18.53410 19.02670 19.12380 18.52350 18.51780 18.51690 18.52090 18.52030 18.53280 18.53830 18.56940 18.67130 22.84780 24.04770 24.02590 24.01860 23.80470 21.76910 24.19280 24.28830 24.29970 24.28340 24.18420 24.07370 24.04680 23.85270 22.38000 20.45490 20.97460 19.77230 18.65050 21.96470 23.02640 23.01940
-9999 -9999 -9999 -9999 -9999 -9999 -9999 -9999 -9999 -9999 -9999 -9999 23.43950 23.45810 23.48680 23.04780 19.78360 18.67060 18.67130 18.73290 18.71910 18.82160 18.42030 18.75450 18.61450 18.57530 18.56490 18.55960 18.54990 18.64380 19.65670 19.46380 19.45980 18.73430 18.53780 18.55140 18.54210 18.54540 18.53340 18.53200 18.53330 18.53040 18.53950 18.52330 18.52450 18.52730 18.53390 18.56410 18.56980 19.05560 20.82880 22.54290 22.73630 21.71540 20.56350 23.25650 24.24680 24.28740 24.27520 24.27270 24.26220 24.25100 23.46210 22.19310 23.30330 24.10560 21.33100 18.74410 19.58710 21.27930 22.94730
-9999 -9999 -9999 -9999 -9999 -9999 -9999 -9999 -9999 -9999 -9999 -9999 23.44280 23.46280 23.48260 23.54410 23.56040 23.38100 20.50290 19.83760 18.48210 19.90660 18.42940 19.46230 18.61160 18.58080 18.57420 18.56950 18.55080 18.54980 18.54120 18.54350 18.54750 18.54180 18.53970 18.55460 18.54610 18.56380 18.54670 18.53830 18.54160 18.53690 18.54030 18.52520 18.52780 19.30550 19.90470 21.92110 23.48390 23.46580 22.07250 22.04350 21.41070 20.60550 22.37510 24.14080 24.16540 24.19260 24.18020 24.16480 23.66740 22.36290 22.99790 24.08550 24.12060 22.24270 20.85350 21.87660 22.79860 23.04020 22.97240
-9999 -9999 -9999 -9999 -9999 -9999 -9999 -9999 -9999 -9999 -9999 23.46630 23.44540 23.46660 23.49450 23.50410 22.27830 18.29100 18.29990 18.29610 18.30880 19.92640 19.76400 18.83620 18.61210 18.56380 18.57530 18.59820 18.57830 18.55470 18.54440 18.55980 18.55960 18.56090 18.55940 18.53450 18.53350 18.53810 18.53870 18.54080 18.54420 18.54640 18.55190 18.55390 18.54160 18.54060 19.84520 21.08420 21.58770 23.23910 22.94250 22.98360 22.76830 23.48990 24.03120 24.16620 24.09220 24.11890 24.10050 22.90220 23.12780 24.32300 24.34310 24.16210 24.16960 22.82180 22.23330 22.92000 22.92090 22.89560 22.98400
-9999 -9999 -9999 -9999 -9999 -9999 -9999 -9999 -9999 -9999 -9999 23.43330 23.47150 23.48320 23.51520 23.50360 20.78060 18.87550 18.30740 19.09960 19.92690 19.97080 19.24910 19.75950 19.53890 19.39930 18.59670 18.59420 18.58020 18.56600 18.55330 18.55220 18.55570 18.55480 18.56730 18.55060 18.54800 18.54950 18.55400 18.56040 18.56320 18.66220 19.22410 19.74310 20.44870 22.66420 23.06030 23.39960 24.24360 24.23730 24.26060 24.28920 24.27130 24.25560 24.25070 24.37530 24.38450 23.11080 22.82910 23.87100 24.22430 24.38140 24.36620 24.14410 23.27190 22.29340 23.89730 23.24400 22.94350 22.98640 23.13000
