data/hydroclimate-scenarios/BCSD_hadcm_A1B/monthly_summaries/soilm1_monthly_day1_may.2070-2099.asc
ncols	311
nrows	91
xllcenter	102.75
yllcenter	31.75
cellsize	0.5
NODATA_value	-9999
[rows 32 to 63 of 91, columns 0 to 70 of 311]
-9999 -9999 -9999 -9999 -9999 -9999 -9999 -9999 -9999 -9999 -9999 90.86010 89.76280 91.10330 89.30680 86.71910 87.12670 90.14690 86.41810 88.84420 88.28470 90.20250 92.56190 90.31530 89.17120 90.00230 89.74510 91.48840 94.23940 103.36600 103.00100 103.39800 103.98100 104.44800 102.99700 104.16000 103.77900 102.39000 99.64180 98.47850 97.56630 97.88860 97.65670 93.87910 93.88260 92.11950 91.37720 90.70340 89.58750 92.73190 93.77280 95.91970 96.08350 94.75190 94.12770 95.27840 96.29930 96.18160 97.87540 95.82450 96.16240 94.42570 93.94980 95.02440 94.96490 95.38200 91.85690 87.64790 85.19330 81.61100 82.31000
-9999 -9999 -9999 -9999 -9999 -9999 -9999 -9999 -9999 -9999 -9999 90.61610 89.45440 89.93070 89.41460 88.48010 88.80130 90.99790 91.65050 92.62400 92.57920 92.79370 93.13880 89.52240 87.66640 86.41250 83.93310 86.90200 91.12640 96.79380 98.65690 101.62800 100.66100 100.04700 99.32490 97.00850 99.76890 102.00300 100.15000 94.38460 98.01930 93.82330 96.79440 94.14990 91.26170 89.32510 88.47430 90.89510 90.81630 95.10960 96.11030 98.25650 98.39470 98.83060 99.55960 99.99470 98.99310 98.67350 99.15140 96.59510 96.47650 94.04350 95.13820 97.98350 96.02070 93.75960 93.60020 90.11110 88.20000 84.91550 86.52290
-9999 -9999 -9999 -9999 -9999 -9999 -9999 -9999 -9999 -9999 -9999 -9999 89.04670 88.36120 88.41170 89.09120 91.01200 94.55830 95.57030 97.14820 94.33100 90.89580 84.95060 85.79890 82.97340 76.06790 78.24300 81.05810 87.90330 92.65900 94.01620 94.64870 96.50030 96.35390 95.82630 98.14340 98.13870 100.53400 99.80420 96.29600 95.91250 93.53140 92.98050 96.51370 95.18130 93.29160 95.38380 94.05540 94.35020 96.65620 99.21900 99.03610 98.51830 100.14400 101.41600 99.64300 99.62200 97.89640 96.58630 97.05820 96.66270 95.82230 95.13960 94.69910 94.33460 94.15270 94.20230 87.21920 84.13270 82.98960 88.77160
-9999 -9999 -9999 -9999 -9999 -9999 -9999 -9999 -9999 -9999 -9999 -9999 90.96200 91.16730 92.19000 94.71730 96.04750 96.78230 96.17390 95.28930 93.89880 86.88730 85.23190 83.71950 81.59890 84.67080 88.92530 83.89700 88.98050 88.71790 91.20310 94.79700 94.39390 91.95940 93.06280 96.29140 96.51910 98.72590 100.08700 97.21670 96.88770 90.90880 93.04670 96.61690 97.86310 96.23860 97.35600 94.66540 95.74190 93.04530 93.70890 100.44100 101.74700 102.14300 102.18200 98.53620 95.84800 97.84900 98.43170 96.79980 95.91470 92.40940 94.07180 92.54740 92.25890 94.78630 92.79410 91.48300 88.81500 89.47540 88.12560
-9999 -9999 -9999 -9999 -9999 -9999 -9999 -9999 -9999 -9999 -9999 -9999 96.24850 96.84190 96.16460 94.90140 95.36350 97.09370 92.90850 92.48840 91.54370 87.03520 86.99570 85.23280 85.73190 82.57430 85.51260 89.85730 88.30890 86.75170 86.29220 91.73280 93.77780 93.28530 92.07600 91.31940 91.81880 95.89250 96.11130 97.97370 93.48680 87.92910 91.90290 93.44280 93.47980 86.73820 89.75110 84.82880 85.46420 94.13830 95.35390 96.11620 98.98940 97.84740 95.39390 92.33000 91.64550 95.30070 95.02050 91.72450 91.88620 87.83170 89.27360 93.63130 93.70540 92.79740 91.27960 94.84690 89.61740 92.08930 93.25560
-9999 -9999 -9999 94.80620 94.54520 94.67780 94.59530 97.20080 96.41150 -9999 97.11160 95.80590 95.10930 94.79550 94.88830 94.80150 93.78070 93.29310 92.42550 92.36970 92.08300 91.15710 90.98830 89.34650 86.74290 87.81480 89.32600 90.79770 88.31740 86.01280 92.22040 89.57240 89.32010 84.31130 86.72610 80.40350 88.90960 93.82040 94.92200 97.31520 96.92350 92.64780 94.41100 93.42300 90.20460 88.62550 85.83800 85.45170 89.30040 92.44120 87.97920 84.45280 85.23690 87.19100 90.71220 88.25410 86.36980 94.60550 87.72320 90.16050 92.80400 90.26550 87.68880 90.28460 92.51650 92.56080 91.69420 90.57970 88.12350 90.40290 92.29920
-9999 -9999 -9999 95.28660 94.75370 94.74930 94.46030 96.24520 96.38270 98.52400 98.69620 96.29340 96.60100 92.69360 90.60890 92.58490 85.92970 92.67800 93.34790 96.37830 95.76900 93.88960 95.16250 94.54190 89.23890 88.04480 88.65430 89.03280 91.21200 86.79050 81.36170 84.03230 89.45290 88.04490 83.71190 84.53140 90.42240 92.72950 93.44410 91.59780 93.65340 95.77470 95.48190 89.19770 85.54520 82.67990 84.92770 96.73930 86.49400 82.51790 83.95040 91.67330 88.96930 88.90260 94.43970 91.38180 95.33590 93.71130 91.10660 90.42560 92.78790 91.06450 90.01030 86.56570 88.55930 94.89850 92.63420 93.49080 92.18180 89.98600 84.24100
-9999 -9999 -9999 90.26570 91.95710 93.97970 95.17350 96.98360 95.73480 96.65340 96.92810 96.29030 95.45990 93.21540 91.81310 94.50900 89.46950 87.58710 91.36520 94.65540 93.59180 89.92690 82.12220 83.51570 87.10100 86.00100 89.81820 88.56720 84.02100 84.78140 85.23120 88.41580 84.02650 83.95470 82.75980 85.75690 89.77940 90.62230 88.64500 89.39280 93.25120 93.35800 95.39970 92.76570 95.36400 94.05010 92.28700 84.90480 85.72460 88.19840 86.26800 95.25240 93.82990 95.05980 94.76300 95.12270 95.74430 93.74430 92.18030 93.29070 92.00320 88.59040 93.99010 90.52600 91.15700 92.70420 93.46110 92.24390 82.45650 83.00890 80.75770
-9999 -9999 -9999 89.22750 85.80680 94.38610 94.56640 96.69990 95.15040 95.55190 95.94550 92.86590 93.18330 90.95100 93.77090 85.64990 86.59730 93.05950 94.59100 91.56670 84.53830 82.35720 85.13380 91.60360 89.73500 82.90110 86.29120 87.98870 90.10490 84.44200 79.41310 79.02010 80.26630 87.58920 90.06900 85.75860 85.72340 83.12440 87.00280 90.50530 92.04340 89.33510 86.04750 88.07770 96.19870 92.96670 89.45660 93.83220 91.53480 92.88900 89.10480 95.54270 94.83720 87.29710 93.11510 87.55900 86.47990 83.86430 84.69410 83.79910 79.21880 88.60150 92.22110 92.70210 90.22370 86.48960 87.55620 88.32130 81.21210 78.11170 86.59920
-9999 -9999 -9999 82.39710 83.35060 91.00530 91.24650 92.59650 94.47580 93.70100 90.39380 90.07280 89.02010 88.29050 99.17640 96.56840 90.36380 86.18320 86.80310 83.40670 82.27780 90.42790 91.53230 82.18060 77.61670 78.90530 83.71760 85.36170 84.86300 85.98160 83.45110 82.37800 84.00200 85.55830 86.70340 83.61310 84.12700 83.94070 84.24240 85.93530 87.19240 88.41340 91.46140 91.58360 92.97060 94.40320 94.59540 93.12570 90.17400 92.06440 89.94240 93.93590 89.39650 87.08220 91.94990 83.44890 86.50000 83.80870 86.31500 87.09520 88.89280 91.20580 93.57640 89.54890 88.11800 88.03730 90.31340 85.09420 83.20610 87.65210 96.05420
-9999 -9999 -9999 -9999 87.28280 91.34400 90.85150 94.02050 93.45150 91.67380 88.35070 90.43790 90.48280 82.50280 -9999 -9999 -9999 -9999 -9999 86.75250 92.77310 93.14670 91.77620 85.60160 84.45540 84.17520 78.85350 83.55430 84.75250 82.90790 83.61870 81.08170 82.74140 81.01600 76.03720 75.76220 75.83270 77.00040 81.14800 79.33610 77.55460 79.28840 86.37810 90.92300 90.14710 89.17900 87.15690 88.11250 92.21640 95.67780 92.12310 92.39220 92.43970 91.46710 90.96350 86.69570 86.05980 85.80780 82.08270 88.24550 88.52210 87.64880 90.38570 92.14840 93.04290 90.88330 92.24880 94.50290 99.97600 -9999 -9999
-9999 -9999 83.57330 85.17910 87.57380 86.79980 88.16790 93.61910 90.20400 89.28560 87.50490 89.38090 91.28170 -9999 -9999 -9999 -9999 -9999 94.36780 97.70280 93.36940 85.73560 85.06960 86.22440 88.00110 98.46450 84.02230 79.71300 79.78270 78.36060 74.02620 78.54250 78.35190 78.02440 79.01850 74.19580 75.77030 77.95390 79.12410 78.05460 79.73040 79.74940 82.01180 83.17020 81.89290 83.38910 86.37560 89.01400 89.14330 97.76490 98.96070 100.31200 104.80600 97.26840 92.51270 90.66810 90.37380 85.80670 85.10490 93.18710 92.54730 91.62030 95.65680 93.11760 94.68210 95.47060 96.32870 -9999 -9999 -9999 -9999
-9999 -9999 86.60470 86.45500 84.53910 84.03240 82.56920 88.91490 87.51640 86.96450 91.34210 93.15660 87.94190 -9999 -9999 -9999 -9999 89.08590 92.15860 87.96520 83.83430 81.41900 83.15350 87.96050 84.09160 76.90650 74.21640 76.72600 75.78680 76.37990 76.13860 78.07410 77.76210 78.36580 78.08400 79.87840 79.46010 75.45460 78.85500 80.58670 79.80930 80.67160 81.48280 80.28630 77.36260 75.29470 76.94780 78.15100 75.07710 80.21110 82.70000 84.12610 86.19740 92.49460 93.04770 81.67920 84.64700 91.16610 92.91840 93.68880 91.58460 88.99730 91.17670 94.05150 92.09750 -9999 -9999 -9999 -9999 -9999 98.51940
-9999 -9999 82.11170 85.99760 86.43740 85.47160 79.54210 80.08250 85.44400 88.37090 92.46970 89.60330 75.28590 -9999 -9999 -9999 -9999 90.40410 90.88430 85.16400 80.31500 79.06130 82.49980 77.19870 77.27790 75.92760 75.70330 74.81390 75.24020 73.96030 75.77000 78.31990 78.18440 78.58080 77.96920 79.11990 79.07920 80.19590 81.15970 77.97790 79.42310 79.31740 77.79270 80.44570 78.28960 77.98240 77.26340 76.60720 73.12410 73.80000 74.46560 73.06970 77.22080 77.32160 83.71450 77.43030 79.24170 89.82800 89.57870 89.84360 87.49370 86.73670 86.64250 83.82370 85.78520 94.18490 93.76560 94.68550 96.81460 -9999 -9999
-9999 -9999 -9999 79.18460 82.56870 82.97190 78.99620 76.68600 83.79120 87.58020 75.81020 79.77450 -9999 -9999 -9999 -9999 89.62850 88.81000 85.19990 82.05540 80.64230 76.63900 74.21480 75.27730 75.75220 74.82600 74.89130 73.50330 75.31040 79.56800 78.82920 77.32250 75.38210 70.85800 67.93580 67.78610 71.29040 76.30910 78.60830 76.97880 79.04470 77.95390 81.83620 80.29710 78.63790 82.44880 80.73490 78.28120 76.86540 71.73780 79.25350 90.65880 85.00750 91.41600 102.94100 105.42100 95.06920 92.25910 91.99780 88.65170 88.23450 87.33840 91.79670 89.95450 79.66160 93.35290 95.13800 95.84880 94.50500 95.14590 -9999
-9999 -9999 -9999 -9999 77.34120 79.32540 76.90110 82.89880 86.12650 80.75120 73.74480 -9999 -9999 -9999 -9999 91.64770 86.71720 77.05620 78.47180 67.87480 68.21640 64.51560 63.96640 68.64570 73.32980 68.16690 64.47460 66.84390 67.47420 69.90230 70.64940 67.61950 66.35160 66.04180 69.51280 77.57790 78.39980 77.89070 77.74080 76.38850 76.87410 77.56620 76.99270 76.35100 76.34310 74.30740 75.99850 82.63910 78.45580 78.89580 76.29380 88.41700 88.14890 86.99490 88.62740 89.62650 98.48970 96.05560 94.20340 86.02840 90.25900 90.29190 89.38080 87.88090 88.34390 94.46150 88.92220 89.30130 92.44610 94.09700 95.62890
-9999 -9999 -9999 -9999 -9999 -9999 83.43650 82.04930 59.05570 75.08570 69.85650 -9999 -9999 -9999 -9999 -9999 72.96300 67.76020 67.12990 64.66750 63.48520 55.67670 63.67230 68.99660 64.07920 61.01870 66.43220 81.83030 82.43150 75.23080 67.73160 65.63670 68.05160 68.80620 69.47030 65.41740 75.15430 78.93920 76.54320 78.11850 77.88600 79.72820 80.35560 77.95080 79.51820 77.85550 75.88380 80.40400 83.97730 93.00390 86.81380 87.61320 75.45140 78.62690 76.51980 75.51020 83.85500 88.71510 81.63540 76.69940 78.70280 83.20370 87.10070 85.96630 86.38410 86.37090 88.53160 85.39080 86.98370 88.24640 91.98440
-9999 -9999 -9999 -9999 -9999 -9999 -9999 -9999 -9999 -9999 -9999 -9999 -9999 -9999 -9999 -9999 -9999 -9999 -9999 62.27640 63.23790 58.61970 59.44710 59.72710 63.61240 64.05870 65.31660 62.52270 61.18210 63.80710 66.29890 68.91800 77.49160 75.32050 70.29150 68.68310 75.00800 79.45890 78.61360 80.06960 80.18090 79.01500 78.94760 78.55360 78.59370 75.94850 74.45520 80.21640 82.38550 79.92940 80.11910 75.05870 79.43170 83.18230 78.71460 73.32900 68.09450 70.83410 69.60710 72.70850 84.79720 88.57590 80.66120 81.91260 81.35970 83.63010 81.20810 81.56180 83.89000 91.62260 92.75620
-9999 -9999 -9999 -9999 -9999 -9999 -9999 -9999 -9999 -9999 -9999 -9999 -9999 -9999 -9999 -9999 -9999 -9999 64.13010 68.09460 63.97970 56.10900 57.26830 56.69620 59.65220 63.19560 64.00910 65.68140 60.17630 60.62410 62.40240 64.58550 65.55380 64.78360 70.79570 77.63550 76.74970 77.50400 78.33520 77.99390 78.14400 76.93590 76.43930 77.55180 76.56300 77.91060 76.41040 75.30470 76.37980 83.43730 84.66540 90.40140 91.50070 84.37230 80.14020 75.26600 69.52630 69.53280 77.38170 73.40240 81.05270 84.39320 79.25710 81.74990 91.15090 83.36410 76.52170 77.91600 80.34930 84.79210 90.61080
-9999 -9999 -9999 -9999 -9999 -9999 -9999 -9999 -9999 -9999 -9999 -9999 -9999 -9999 -9999 -9999 -9999 65.58490 66.56090 62.37150 62.18830 57.49190 55.89830 58.90120 60.92710 65.92420 73.16140 61.03860 65.15090 67.61290 68.61410 69.68650 68.97780 67.04430 77.37150 81.01830 80.14110 78.55650 77.85950 76.65540 74.51350 74.56760 75.26140 75.14490 73.58650 71.86000 78.20970 79.77370 74.18170 82.55090 83.74500 89.04620 84.55920 76.38460 78.31620 76.58650 67.21480 68.20580 69.02710 70.84900 74.95010 81.20940 82.60640 87.38650 75.61920 74.65670 77.07630 71.34960 77.01380 83.26420 86.82130
-9999 -9999 -9999 -9999 -9999 -9999 -9999 -9999 -9999 -9999 -9999 -9999 -9999 -9999 -9999 -9999 -9999 67.17280 63.89380 65.67630 66.32190 66.32210 58.64020 55.68960 57.39410 58.29340 59.48250 57.72840 60.72190 63.80450 76.17080 76.54990 75.09400 75.68590 79.55770 81.82690 82.77360 74.27380 74.36600 74.96390 74.38870 70.94550 71.87560 69.01440 73.16540 76.73630 68.40680 73.36120 69.93590 73.96900 84.97250 92.44470 92.25520 85.18090 85.13620 78.62050 72.75980 72.23180 69.48990 70.30030 69.66770 73.67390 72.95720 72.59590 76.56780 75.02070 73.36990 78.61140 83.61700 86.82370 84.12220
-9999 -9999 -9999 -9999 -9999 -9999 -9999 -9999 -9999 -9999 -9999 -9999 -9999 -9999 -9999 -9999 80.52550 76.27990 66.08640 70.74690 62.42460 55.14970 55.27930 52.79650 49.58780 49.81380 51.44620 56.53450 56.41870 59.08800 61.54140 59.93370 57.10300 72.66240 75.62040 77.76650 72.07830 75.39580 73.79200 69.97560 66.23740 68.75640 75.60950 65.47080 62.35580 62.87550 61.69200 71.33030 68.17090 67.26770 84.10720 88.69440 89.24950 85.52650 84.25650 74.83070 77.58700 73.60730 77.50010 70.68420 68.19340 72.03510 76.91840 83.08930 82.58590 96.22200 97.58640 93.83970 84.19960 82.51470 83.61780
-9999 -9999 -9999 -9999 -9999 -9999 -9999 -9999 -9999 -9999 -9999 -9999 -9999 68.41490 68.74460 72.64090 71.22890 73.45170 71.34000 57.38420 58.01230 52.26130 47.41900 48.44960 49.30370 50.95350 49.12420 48.80940 48.44890 46.57170 67.58710 70.64610 56.97890 55.95430 77.54790 82.81780 78.22690 71.98870 71.64330 69.05230 68.90840 68.54020 66.00470 60.91700 73.69060 76.44080 75.09480 79.39700 81.27610 77.47130 79.65910 83.50710 82.25910 75.37610 80.40580 77.80450 74.59900 73.61380 72.57360 71.32090 73.25140 83.03310 77.28200 92.68910 94.53160 86.12940 91.60340 84.90560 79.91100 81.70260 84.41790
-9999 -9999 -9999 -9999 -9999 -9999 -9999 -9999 -9999 -9999 -9999 -9999 64.32220 67.30860 76.52590 73.26740 71.07050 63.94100 59.46970 51.44130 53.38200 54.62640 51.34460 55.66890 50.11310 47.74010 46.43650 44.74800 65.65430 64.78100 67.81860 67.38010 69.31200 56.49060 73.88320 81.83500 75.32050 70.22270 69.54370 67.20200 64.11700 65.30270 73.10740 75.34090 81.07990 75.70280 75.52710 79.77850 83.59070 84.12600 71.90580 76.30040 73.99270 71.93210 68.26830 69.34610 80.59230 82.34520 81.07950 81.04740 77.20710 80.40490 80.52280 84.14790 85.76760 86.52630 85.13510 78.76450 83.12160 84.02560 77.63890
-9999 -9999 -9999 -9999 -9999 -9999 -9999 -9999 -9999 -9999 -9999 77.15530 71.64930 73.98250 67.07690 60.63590 56.73060 58.38390 57.57090 55.53360 57.90250 45.35520 44.72420 45.12360 45.33990 45.22780 65.82570 44.17380 65.08520 65.04100 68.16490 46.39280 50.77290 54.44060 61.73170 79.86690 70.83580 67.62580 63.81850 62.95820 59.92140 73.10240 73.81120 76.60600 78.89360 78.09570 80.52280 83.18660 85.89530 81.62560 81.21900 72.53400 70.60430 73.55150 71.08980 72.06670 79.44380 78.11900 74.84940 73.12270 77.91090 76.77750 73.70220 74.02460 84.40580 79.47720 76.88730 79.20170 81.25250 81.17580 79.19060
-9999 -9999 -9999 -9999 -9999 -9999 -9999 -9999 -9999 -9999 66.97390 68.91770 62.81870 66.84110 59.82130 54.72870 50.39310 47.22180 49.26700 50.59500 48.24770 44.02780 44.04830 45.11400 44.61820 44.47930 44.35590 64.92190 64.56140 43.38440 45.34130 45.78840 47.73850 72.68580 75.68520 74.41490 69.63220 64.84210 65.30070 62.65350 72.95140 72.10790 71.19730 74.61130 72.93460 71.55120 73.58440 79.54450 82.86540 83.27290 82.77580 75.73490 76.14680 75.91280 73.36970 72.41750 80.14400 80.64420 75.75720 80.67180 81.47980 78.08280 76.82180 79.97650 81.00370 79.80870 81.23040 78.56860 81.15230 80.66690 82.35880
-9999 -9999 -9999 -9999 -9999 -9999 -9999 -9999 -9999 53.22370 55.20850 54.66500 54.51390 57.86430 53.36220 50.38740 49.60400 46.31020 44.87500 43.87580 44.31650 43.48310 43.06260 44.20090 44.16460 44.25480 43.68470 42.42180 42.57390 42.41310 44.05900 47.73780 54.01220 62.58150 81.33360 72.44110 72.68880 67.47740 66.39670 60.74620 70.79480 71.44460 77.06290 82.54750 75.56520 88.25300 70.77910 75.26630 82.31610 80.26900 82.71230 81.29550 75.30700 81.45350 78.30210 78.84110 81.42200 85.66990 85.24740 85.83640 80.85930 82.13850 74.73670 79.91330 71.45820 75.09980 79.62940 81.88870 76.44030 81.73760 81.37070
-9999 -9999 -9999 -9999 -9999 -9999 -9999 -9999 -9999 -9999 48.56570 47.33720 48.31510 49.04600 45.74580 47.70530 47.64270 46.01840 45.29530 44.22540 44.11660 43.41020 43.03660 -9999 -9999 -9999 -9999 -9999 -9999 45.53260 49.30570 52.50680 61.70710 67.72360 70.18860 71.71300 72.82350 65.39580 62.71050 56.45890 69.34990 72.17670 69.22920 88.74770 79.62760 87.90000 88.78230 73.80790 77.11170 75.52510 76.66430 74.08870 76.20150 78.43550 84.56970 77.08380 78.35270 82.50450 84.03160 79.83420 80.81880 73.41940 75.64490 76.08250 76.43770 78.51100 81.24520 80.43610 84.58710 90.93310 86.82500
-9999 -9999 -9999 -9999 -9999 -9999 -9999 -9999 -9999 -9999 -9999 -9999 47.77770 46.12980 46.47580 42.97080 43.18300 44.07520 44.35550 -9999 -9999 -9999 -9999 -9999 -9999 -9999 -9999 -9999 -9999 -9999 -9999 -9999 -9999 66.88470 70.26230 72.80870 79.39530 63.57350 58.60580 53.46650 69.87040 74.34990 71.87450 71.72190 73.20220 81.54430 92.08570 75.02960 75.67760 76.60340 76.85880 77.68130 79.23900 78.76050 82.11670 78.98440 79.95440 67.35730 63.34550 78.06730 79.69680 71.63940 78.99050 73.23700 74.69480 80.32600 80.58780 76.81700 81.41790 85.90560 95.23250
-9999 -9999 -9999 -9999 -9999 -9999 -9999 -9999 -9999 -9999 -9999 -9999 -9999 -9999 -9999 -9999 -9999 -9999 -9999 -9999 -9999 -9999 -9999 -9999 -9999 -9999 -9999 -9999 -9999 -9999 -9999 -9999 -9999 -9999 82.82840 81.91610 76.66780 73.85810 58.78770 71.46770 69.90310 73.87600 75.16820 72.53650 91.81340 89.82480 90.54790 74.39560 76.99250 78.24950 76.82890 77.05860 81.00040 77.41030 79.33410 78.79760 71.53360 79.03750 70.32300 75.02410 72.70450 82.78090 73.40580 71.41960 76.09680 82.18860 83.25680 80.26840 85.16270 90.59210 94.01110
-9999 -9999 -9999 -9999 -9999 -9999 -9999 -9999 -9999 -9999 -9999 -9999 -9999 -9999 -9999 -9999 -9999 -9999 -9999 -9999 -9999 -9999 -9999 -9999 -9999 -9999 -9999 -9999 -9999 -9999 -9999 -9999 -9999 -9999 70.92680 75.94140 74.96030 61.55710 57.14600 72.47840 74.12640 85.51880 86.03170 76.98740 72.77480 79.50990 79.85700 82.99940 86.34230 83.09540 81.42600 79.97540 73.19780 73.64180 74.06220 69.31420 78.13000 70.51120 73.97200 78.07630 79.91210 85.87140 76.98330 78.29140 81.85420 75.58480 85.10570 79.84030 86.84860 91.10330 -9999
-9999 -9999 -9999 -9999 -9999 -9999 -9999 -9999 -9999 -9999 -9999 -9999 -9999 -9999 -9999 -9999 -9999 -9999 -9999 -9999 -9999 -9999 -9999 -9999 -9999 -9999 -9999 -9999 -9999 -9999 -9999 -9999 -9999 -9999 -9999 -9999 -9999 -9999 74.67270 74.78970 77.92320 75.64250 70.44130 73.10030 82.71340 81.03140 81.01510 82.97870 88.70480 80.39440 78.00750 79.09300 74.61730 70.71340 78.14010 69.39370 65.38440 71.58110 77.79280 73.03730 70.24070 80.60150 79.35110 82.39140 84.97900 76.37290 81.37400 86.98460 76.58320 -9999 -9999
