data/hydroclimate-scenarios/BCSD_hadcm_A1B/monthly_summaries/soilm2_monthly_day1_may.2030-2059.asc
ncols	311
nrows	91
xllcenter	102.75
yllcenter	31.75
cellsize	0.5
NODATA_value	-9999
[rows 0 to 30 of 91, columns 70 to 139 of 311]
-9999 -9999 -9999 -9999 -9999 -9999 -9999 -9999 -9999 -9999 -9999 -9999 -9999 -9999 -9999 -9999 -9999 -9999 -9999 -9999 -9999 -9999 -9999 -9999 -9999 -9999 -9999 -9999 -9999 -9999 -9999 -9999 -9999 -9999 -9999 -9999 -9999 -9999 -9999 -9999 -9999 -9999 -9999 -9999 -9999 -9999 -9999 -9999 -9999 -9999 -9999 -9999 -9999 -9999 -9999 -9999 -9999 -9999 -9999 -9999 -9999 -9999 -9999 -9999 -9999 -9999 -9999 -9999 -9999 -9999
-9999 -9999 -9999 -9999 -9999 -9999 -9999 -9999 -9999 -9999 -9999 -9999 -9999 -9999 -9999 -9999 -9999 -9999 -9999 -9999 -9999 -9999 -9999 -9999 -9999 -9999 -9999 -9999 -9999 -9999 -9999 -9999 -9999 -9999 -9999 -9999 -9999 -9999 -9999 -9999 -9999 -9999 -9999 -9999 -9999 -9999 -9999 -9999 -9999 -9999 -9999 -9999 -9999 -9999 -9999 -9999 -9999 -9999 -9999 -9999 -9999 -9999 -9999 -9999 -9999 -9999 -9999 -9999 -9999 -9999
-9999 -9999 -9999 -9999 -9999 -9999 -9999 -9999 -9999 -9999 -9999 -9999 -9999 -9999 -9999 -9999 -9999 -9999 -9999 -9999 -9999 -9999 -9999 -9999 -9999 -9999 -9999 -9999 -9999 -9999 -9999 -9999 -9999 -9999 -9999 -9999 -9999 -9999 -9999 -9999 -9999 -9999 -9999 -9999 -9999 -9999 -9999 -9999 -9999 -9999 -9999 -9999 -9999 -9999 -9999 -9999 -9999 -9999 -9999 -9999 -9999 -9999 -9999 -9999 -9999 -9999 -9999 -9999 -9999 -9999
-9999 -9999 -9999 -9999 -9999 -9999 -9999 -9999 -9999 -9999 -9999 -9999 -9999 -9999 -9999 -9999 -9999 -9999 -9999 -9999 -9999 -9999 -9999 -9999 -9999 -9999 -9999 -9999 -9999 -9999 -9999 -9999 -9999 -9999 -9999 -9999 -9999 -9999 -9999 -9999 -9999 -9999 -9999 -9999 -9999 -9999 -9999 -9999 -9999 -9999 -9999 -9999 -9999 -9999 -9999 -9999 -9999 -9999 -9999 -9999 -9999 -9999 -9999 -9999 -9999 -9999 -9999 -9999 -9999 -9999
-9999 -9999 -9999 -9999 -9999 -9999 -9999 -9999 -9999 -9999 -9999 -9999 -9999 -9999 -9999 -9999 -9999 -9999 -9999 -9999 -9999 -9999 -9999 -9999 -9999 -9999 -9999 -9999 -9999 -9999 -9999 -9999 -9999 -9999 -9999 -9999 -9999 -9999 -9999 -9999 -9999 -9999 -9999 -9999 -9999 -9999 -9999 -9999 -9999 -9999 -9999 -9999 -9999 -9999 -9999 -9999 -9999 -9999 -9999 -9999 -9999 -9999 -9999 -9999 -9999 -9999 -9999 -9999 -9999 -9999
-9999 -9999 -9999 -9999 -9999 -9999 -9999 -9999 -9999 -9999 -9999 -9999 -9999 -9999 -9999 -9999 -9999 -9999 -9999 -9999 -9999 -9999 -9999 -9999 -9999 -9999 -9999 -9999 -9999 -9999 -9999 -9999 -9999 -9999 -9999 -9999 -9999 -9999 -9999 -9999 -9999 -9999 -9999 -9999 -9999 -9999 -9999 -9999 -9999 -9999 -9999 -9999 -9999 -9999 -9999 -9999 -9999 -9999 -9999 -9999 -9999 -9999 -9999 -9999 -9999 -9999 -9999 -9999 -9999 -9999
-9999 -9999 -9999 -9999 -9999 -9999 -9999 -9999 -9999 -9999 -9999 -9999 -9999 -9999 -9999 -9999 -9999 -9999 -9999 -9999 -9999 -9999 -9999 -9999 -9999 -9999 -9999 -9999 -9999 -9999 -9999 -9999 -9999 -9999 -9999 -9999 -9999 -9999 -9999 -9999 -9999 -9999 -9999 -9999 -9999 -9999 -9999 -9999 -9999 -9999 -9999 -9999 -9999 -9999 -9999 -9999 -9999 -9999 -9999 -9999 -9999 -9999 -9999 -9999 -9999 -9999 -9999 -9999 -9999 -9999
-9999 -9999 -9999 -9999 -9999 -9999 -9999 -9999 -9999 -9999 -9999 -9999 -9999 -9999 -9999 -9999 -9999 -9999 -9999 -9999 -9999 -9999 -9999 -9999 -9999 -9999 -9999 -9999 -9999 -9999 -9999 -9999 -9999 -9999 -9999 -9999 -9999 -9999 -9999 -9999 -9999 -9999 -9999 -9999 -9999 -9999 -9999 -9999 -9999 -9999 -9999 -9999 -9999 -9999 -9999 -9999 -9999 -9999 -9999 -9999 -9999 -9999 -9999 -9999 -9999 -9999 -9999 -9999 -9999 -9999
-9999 -9999 -9999 -9999 -9999 -9999 -9999 93.68420 -9999 -9999 -9999 -9999 -9999 -9999 -9999 -9999 -9999 -9999 -9999 -9999 -9999 -9999 -9999 -9999 -9999 -9999 -9999 -9999 -9999 -9999 -9999 -9999 -9999 -9999 -9999 -9999 -9999 -9999 -9999 -9999 -9999 -9999 -9999 -9999 -9999 -9999 -9999 -9999 -9999 -9999 -9999 -9999 -9999 -9999 -9999 -9999 -9999 -9999 -9999 -9999 -9999 -9999 -9999 -9999 -9999 -9999 -9999 -9999 -9999 -9999
-9999 -9999 -9999 99.36840 84.07790 88.37180 90.48640 92.46410 94.76220 95.35460 97.00060 97.10480 97.93880 97.12000 97.72310 97.62240 101.36900 100.41200 99.85340 100.41600 100.17700 99.88850 96.74210 -9999 -9999 -9999 -9999 -9999 -9999 -9999 -9999 -9999 -9999 -9999 -9999 -9999 -9999 -9999 -9999 -9999 -9999 -9999 -9999 -9999 -9999 -9999 -9999 -9999 -9999 -9999 -9999 -9999 -9999 -9999 -9999 -9999 -9999 -9999 -9999 -9999 -9999 -9999 -9999 -9999 -9999 -9999 -9999 -9999 -9999 -9999
-9999 -9999 -9999 -9999 -9999 89.91260 92.00360 93.15680 94.29150 95.13520 96.79650 97.61890 99.19360 102.07000 102.59100 103.15100 103.69900 102.31700 103.34300 104.20100 104.79300 104.36900 102.41700 -9999 -9999 -9999 -9999 -9999 -9999 -9999 -9999 -9999 -9999 -9999 -9999 -9999 -9999 -9999 -9999 -9999 -9999 -9999 -9999 -9999 -9999 -9999 -9999 -9999 -9999 -9999 -9999 -9999 -9999 -9999 -9999 -9999 -9999 -9999 -9999 -9999 -9999 -9999 -9999 -9999 -9999 -9999 -9999 -9999 -9999 -9999
81.64610 81.36680 82.09480 83.84580 84.67500 87.34940 89.56740 87.33310 90.92860 91.99880 94.24190 94.46280 95.92010 98.75650 101.12800 102.44200 103.17400 102.14800 103.00400 103.12900 104.88200 115.20700 122.26000 104.85900 104.91500 102.98800 101.79300 100.57000 99.22100 -9999 -9999 -9999 -9999 -9999 -9999 -9999 -9999 -9999 -9999 -9999 -9999 -9999 -9999 -9999 -9999 -9999 -9999 -9999 -9999 -9999 -9999 -9999 -9999 -9999 -9999 -9999 -9999 -9999 -9999 -9999 -9999 -9999 -9999 -9999 -9999 -9999 -9999 -9999 -9999 -9999
82.02180 81.39200 82.14900 85.76320 85.13870 86.58170 88.43320 87.47870 88.39030 86.11170 87.00350 92.11910 94.27540 96.10970 97.97040 100.10700 102.02700 100.90000 96.74920 121.03900 108.66600 105.58600 103.20200 103.94700 103.45400 102.78200 101.10000 100.02700 98.89000 97.64540 95.63370 93.73510 92.41730 92.53300 92.46400 90.20260 89.17830 87.00230 86.79020 86.36210 86.18310 87.11890 86.61470 86.15340 -9999 -9999 -9999 -9999 -9999 -9999 -9999 -9999 -9999 -9999 -9999 -9999 -9999 -9999 -9999 -9999 -9999 -9999 -9999 -9999 -9999 -9999 -9999 -9999 -9999 -9999
58.31770 59.33340 60.20310 61.06010 79.84720 87.46770 87.38920 87.66380 87.84130 86.40220 80.95030 82.27160 89.35580 84.54230 91.80000 94.48520 96.40000 95.85790 95.19070 96.69250 102.43900 102.83100 102.72000 100.52800 81.71470 91.27000 95.56520 92.93510 92.04400 94.58520 97.38760 92.66780 93.03750 89.22000 88.34220 86.90790 85.95120 86.69860 86.38350 86.07290 85.92320 88.34280 88.68960 87.10350 118.25800 -9999 -9999 -9999 -9999 -9999 -9999 -9999 -9999 -9999 -9999 -9999 -9999 -9999 -9999 -9999 -9999 -9999 -9999 -9999 -9999 -9999 -9999 -9999 -9999 -9999
91.77410 91.99340 91.64560 83.68810 95.76130 92.77820 92.59970 94.19150 93.57550 92.42930 92.15950 96.12450 96.25290 94.38200 93.97960 93.23430 96.18080 98.76310 100.21300 99.80800 121.56200 104.35400 103.78900 101.22200 99.38340 98.94690 100.01200 96.17520 92.85800 93.03480 92.79180 89.86980 88.36980 88.65900 88.74760 87.00090 87.35960 86.58090 86.40070 86.63200 88.59970 88.75500 89.80140 91.42800 90.11740 -9999 -9999 -9999 -9999 -9999 -9999 -9999 -9999 -9999 -9999 -9999 -9999 -9999 -9999 -9999 88.24370 89.84300 -9999 -9999 -9999 -9999 102.66600 111.53700 115.90800 105.69000
90.80420 90.34760 91.44110 91.27560 93.82840 91.56250 90.19300 90.93720 92.79350 92.93100 93.38260 91.46280 92.73700 91.24930 94.39430 96.02170 95.08750 96.00270 95.45700 121.04700 97.06140 98.78070 98.26890 96.97820 91.70300 90.91360 89.32600 90.41480 91.61050 90.56560 90.98450 89.65420 88.38160 86.49030 85.81630 84.60970 84.49720 83.91970 83.29910 83.88110 109.94700 118.32100 118.34900 118.23700 111.00200 110.69300 110.57200 117.13700 87.43860 94.41310 96.02020 88.35560 90.26160 96.43250 96.34900 94.11210 76.15160 68.65460 68.22290 88.67660 89.90960 82.96310 -9999 -9999 -9999 -9999 -9999 105.05900 109.09400 107.65000
95.13950 98.26200 70.08300 92.30530 97.27580 72.28250 89.41380 90.79250 89.94110 88.65700 88.17020 89.50030 89.93430 87.96160 87.80320 88.79650 112.31200 91.16730 92.41800 93.20610 92.13410 92.17180 91.62650 90.31010 88.78650 88.25950 88.25420 86.48860 87.46430 87.29070 87.39940 86.88980 84.92420 84.81380 85.76550 86.48960 86.59580 87.22410 87.02430 117.43500 118.52200 86.64350 118.04000 87.40030 87.35270 88.02040 86.74860 85.89940 85.17490 90.14800 95.61740 94.12790 88.35080 92.36340 100.81200 104.51600 97.34270 99.25610 98.65030 92.00910 77.16740 77.44270 80.32660 89.22460 94.21840 96.39210 100.93000 103.52800 107.37900 105.49300
90.79980 97.92860 96.72410 90.48930 100.78400 99.80640 94.50660 93.42280 93.71870 86.32350 85.65900 87.14790 88.83680 86.81880 112.00600 87.67980 90.22610 89.54980 89.68030 91.29700 91.68840 91.37350 89.19470 88.14600 87.17530 87.48390 86.76720 85.62870 86.13360 86.78480 87.37830 86.33510 86.68690 85.29770 84.02820 85.91310 86.18670 118.48900 85.45500 85.23190 87.06670 86.78910 86.88350 83.63480 85.38010 87.38660 86.73820 84.96760 83.72330 83.18120 83.41760 87.10370 85.72340 88.54190 88.60900 95.28620 103.50700 103.98100 105.24800 107.40700 105.79100 93.64100 91.02150 86.02870 78.65960 89.09700 94.24370 99.81390 101.54900 102.11100
96.99950 102.78000 104.71400 91.97780 64.58400 88.11470 83.27160 84.70990 90.13950 89.16560 86.49830 85.31140 86.95350 84.67210 84.44240 86.57760 87.31560 87.43780 87.20270 88.78560 96.24120 98.43190 93.54680 91.47730 90.08210 87.47280 87.85560 86.49580 86.09950 87.05620 86.42620 87.89530 119.43100 84.57440 83.50570 87.08330 86.90120 85.93900 88.39040 88.69370 91.38520 86.66750 86.26920 92.90030 96.27470 96.60060 90.02040 85.35450 84.91930 85.14650 85.64490 89.34140 92.70310 94.35200 95.02900 76.14120 75.38500 77.29100 98.20270 100.40300 111.32400 108.51500 105.68800 104.99400 95.38110 92.05930 88.89280 89.55970 89.97230 92.52240
86.29180 98.54340 105.41900 101.22600 87.79460 72.18610 83.68590 83.21090 87.73680 89.42270 85.99370 97.70910 93.49350 83.76020 86.69120 86.37350 83.56930 83.21680 85.29080 86.94210 90.17290 97.10450 93.30740 92.33860 93.34470 87.33260 86.49440 86.22250 85.22750 83.41560 111.38000 87.74600 86.56740 83.52960 84.57570 84.30880 84.06700 85.57770 86.93110 88.32850 94.17140 94.31860 91.35550 92.50620 92.13440 98.57750 96.42410 90.74930 89.92680 84.45910 88.04470 93.79080 92.15730 93.81430 89.71370 96.95800 101.72500 101.71100 104.39100 101.73900 102.00400 102.21200 98.84680 96.33550 103.83000 107.87400 95.48040 105.46100 94.49250 93.71040
87.62220 93.08160 91.21860 88.35790 93.75680 96.57770 71.48370 64.57870 59.89490 84.67100 80.91910 85.60870 98.37980 108.53700 108.16400 95.32830 92.52680 86.44230 82.67360 81.27680 81.67660 84.45620 85.17000 86.37310 85.51600 82.20860 83.58360 83.48960 82.63390 82.34760 82.82070 81.26200 83.52060 90.54770 88.78560 87.37750 89.50810 90.69690 93.75140 91.90770 90.84180 97.90020 100.36700 96.21010 92.93480 92.16100 90.12720 90.84190 89.67190 85.80640 85.65030 85.47680 88.45550 90.29720 93.69580 95.57740 101.68500 101.10000 103.68500 100.79000 103.52700 104.06600 103.37300 90.93870 103.83700 105.27100 101.21600 91.89890 93.59650 93.26090
104.91700 112.26800 107.44600 111.83600 105.31600 105.23200 102.31900 89.00820 90.22240 88.91250 83.40910 78.44200 77.05600 86.78650 93.57090 108.96000 106.84800 106.11300 101.11700 86.63080 68.27480 85.49190 85.10410 85.44450 87.10970 84.02190 85.69260 86.30940 85.57810 84.35990 87.31980 87.46870 93.97810 92.21780 96.46590 93.72620 94.08530 94.96270 96.66060 76.34890 95.14230 97.12840 97.22970 96.33670 96.05660 94.64940 96.37860 96.80780 97.74460 93.66970 90.89770 96.32230 98.74740 99.07830 87.81810 99.22220 98.91210 93.83200 102.82900 104.07900 116.44700 107.45300 108.78900 105.62500 103.38900 103.36500 88.44110 104.80900 105.21700 108.56400
96.31640 101.07600 112.23000 118.24700 114.71900 118.15900 107.33400 99.75340 85.13780 96.10630 89.70500 87.13680 89.06090 88.43510 65.43840 87.58960 69.78500 77.16070 101.93100 107.90200 96.13520 81.50200 93.27570 86.69270 85.36410 84.37760 85.97710 87.12800 85.81020 91.37780 90.51360 95.45940 96.29500 99.43640 95.09340 99.82850 98.67720 99.30680 96.23940 97.56400 97.19920 95.90300 97.52480 96.70750 93.55880 102.96300 104.82500 103.37500 103.36300 98.82510 100.46400 103.38200 103.21000 105.21200 111.37400 95.42750 98.94840 105.23200 108.77700 106.96300 111.25300 111.37900 108.32200 102.64600 86.29190 104.19900 106.45900 104.40100 105.72700 106.27200
100.58500 103.90900 102.37500 99.90730 105.41100 113.40200 115.42700 114.42500 110.34800 106.72300 95.45920 86.54450 101.05200 100.66600 96.56700 113.41800 107.34800 106.46000 66.79180 98.07090 114.09000 105.10100 105.81700 100.21800 88.19450 85.89300 84.61230 86.92120 85.78270 89.09370 90.02080 93.91450 94.69890 96.31570 95.98430 95.67680 98.31940 101.10300 99.24210 99.87140 100.41300 101.38600 101.46200 100.05300 83.38590 72.04680 92.04150 98.45230 106.52600 108.54800 104.46400 103.83900 97.37920 106.31100 99.06300 106.97200 114.03200 107.46700 115.35200 102.50300 103.90200 108.25300 105.01500 104.42300 104.67200 101.91400 102.72300 102.23100 99.42000 101.86900
102.77300 106.30600 103.61400 101.11000 94.22670 100.73400 101.21000 102.70500 103.31900 96.11880 96.11720 92.39210 92.04060 74.06760 90.60980 106.20600 110.59300 107.98600 107.12600 85.90620 95.47690 100.80000 102.07300 97.64630 95.76470 88.95240 87.38390 88.69530 88.97320 90.81220 93.53520 94.14400 93.47000 89.35610 91.68970 96.15260 94.63910 97.52400 98.61320 100.89200 104.98000 100.93300 98.13190 110.55800 91.52370 91.79330 98.74540 103.82700 107.68500 108.45300 103.28400 100.43800 103.02400 113.18500 113.35200 110.24000 107.06000 107.72300 104.25900 110.38200 110.76800 103.83600 98.52810 102.49700 101.40500 100.81700 101.55600 98.24360 103.86200 107.82100
105.68900 113.68200 111.83600 104.15900 103.23000 104.94000 99.16310 97.50340 93.10160 88.24370 83.82510 89.80790 98.98900 96.09060 89.88950 94.67180 106.22500 106.00100 103.94300 107.47700 105.19000 103.65600 95.48290 92.32070 93.25850 93.91100 97.31180 91.44700 89.37580 89.67730 94.58640 93.01290 95.91450 92.34300 95.90130 96.59910 101.30600 103.34100 102.25900 99.47630 112.47600 97.39620 102.98600 104.71800 106.99800 105.86900 98.98840 84.83990 87.15040 87.00000 88.31150 104.58900 103.19900 102.17700 100.09400 100.89800 105.39700 106.79000 106.79900 108.42300 113.31900 110.19600 110.42400 111.82200 108.93600 108.04900 104.02500 103.83400 109.81100 100.08200
110.40800 109.61100 115.71600 109.27400 103.39400 103.49000 106.42600 102.07700 97.92290 88.68110 93.37840 91.21980 94.45570 102.35300 99.54310 100.60600 100.29200 108.92900 103.29100 108.23300 106.78500 106.46900 100.57100 106.10200 97.21380 98.01570 97.80290 93.99200 92.93400 91.14160 90.94460 90.46520 89.16180 90.94650 99.86590 98.21390 94.52150 104.02000 108.33900 87.93760 101.51700 105.81600 106.19000 98.35680 95.42890 92.99630 90.96140 104.09900 90.37830 90.74910 113.08300 92.08720 108.94700 111.34700 110.90500 111.29300 109.21100 105.95700 108.05500 111.12200 114.38900 112.52600 112.65000 112.42200 112.39700 113.35800 91.26020 113.33800 92.32860 93.73650
126.80800 112.38400 109.08500 108.90000 107.90100 108.17300 102.22200 87.87340 96.56170 95.64890 90.06660 89.99220 93.45730 98.88600 104.69300 105.45800 105.09900 105.07400 109.84400 104.54600 102.80100 116.64400 104.52300 104.61500 99.19120 97.98070 99.81980 105.41800 96.66700 95.92200 92.48890 93.39570 90.94560 93.28070 101.15300 101.61600 96.41110 106.11500 102.40500 105.83300 94.51110 96.26120 98.03520 95.96490 107.99000 107.76900 111.51300 110.70700 112.35300 113.59200 112.39100 112.77900 112.13400 110.85400 110.09000 112.08900 115.57700 117.81900 116.31400 115.49800 118.85100 117.44700 118.24000 112.12400 102.77000 103.29200 92.78050 95.02390 95.67440 96.12260
112.36500 113.42200 108.12800 111.62200 108.85400 107.47900 111.78500 100.03400 93.95600 91.69330 107.43900 95.97380 100.02400 99.22010 102.57500 105.18600 106.18800 102.02600 92.86990 100.88600 108.75700 106.78700 106.99000 104.64600 99.95340 99.90630 95.66510 98.40620 95.48870 93.32010 93.27030 89.73160 92.52810 96.39880 97.87710 99.58360 84.81390 100.74500 106.88200 108.27600 115.67300 105.17700 97.50590 107.85100 106.50700 113.96100 114.31800 105.42200 89.13430 97.30150 105.90700 110.82000 112.81800 93.02880 114.59900 119.96800 122.41500 116.18200 115.36900 121.17100 116.20100 115.06300 108.85000 94.73630 97.14710 99.53150 98.28840 98.71820 99.05480 97.68110
112.06900 109.92800 109.44600 110.25000 112.44900 114.66200 114.95700 117.95300 102.46300 108.65600 109.80000 108.96100 105.33400 103.42200 97.65310 106.87800 114.08500 111.25800 104.51900 104.66400 109.05100 98.22750 107.51700 113.47000 110.28500 101.66600 86.46780 103.87400 100.10700 95.24920 96.33890 96.12800 93.36620 98.24070 100.62100 96.95800 101.41300 105.65500 115.53700 120.22200 120.74800 119.05800 110.75400 114.13300 111.66400 109.06800 108.65400 93.69980 93.16310 106.95600 106.60900 -9999 -9999 103.03000 118.02600 127.09800 126.69900 121.92000 118.53400 100.81600 100.13600 98.81880 98.88960 100.28600 98.88400 98.87970 100.19100 100.63500 101.54900 100.33000
111.78600 115.18300 113.60200 112.86400 118.76100 111.06100 121.03900 123.54800 117.20400 113.76600 123.27800 119.39500 115.57300 110.19400 106.50500 112.79200 117.31800 108.20800 105.73200 97.62310 104.79400 94.19270 107.22800 102.68600 109.38400 101.01200 101.53700 105.20600 99.10040 82.20710 101.21000 103.71600 98.61530 100.42300 103.12300 103.46600 110.08800 113.81800 112.85900 110.25500 -9999 -9999 -9999 -9999 113.96000 -9999 91.88520 108.28200 111.53500 113.42000 109.60300 -9999 -9999 108.35200 124.63900 123.25800 112.80600 100.82600 100.48900 99.24430 98.53050 96.01070 97.17320 97.18720 94.59340 98.32560 109.02200 103.00700 101.72000 98.92360
