data/hydroclimate-scenarios/BCSD_hadcm_A1B/monthly_summaries/soilm3_monthly_day1_oct.2070-2099.asc
ncols	311
nrows	91
xllcenter	102.75
yllcenter	31.75
cellsize	0.5
NODATA_value	-9999
[rows 32 to 63 of 91, columns 0 to 70 of 311]
-9999 -9999 -9999 -9999 -9999 -9999 -9999 -9999 -9999 -9999 -9999 23.40020 23.40030 23.40060 23.40040 23.40060 23.40050 23.40050 20.50210 20.80490 22.90900 23.40840 23.40780 23.40440 23.05490 22.89590 22.73690 21.47290 20.41620 18.60230 18.50220 18.50250 18.50300 18.50600 19.41260 20.71530 22.12810 23.05350 24.27240 24.33660 24.34800 24.28530 24.32130 24.38740 24.34400 24.32100 24.29380 24.26250 24.25100 24.24180 24.23150 24.22420 24.22330 24.40920 24.21820 24.14590 24.08650 24.02890 24.32590 24.22780 24.23350 24.22910 23.93380 22.59150 22.17140 23.73840 23.74040 23.93800 24.31380 23.80370 23.39020
-9999 -9999 -9999 -9999 -9999 -9999 -9999 -9999 -9999 -9999 -9999 23.40050 23.40080 23.40030 23.40040 23.40040 23.40030 23.40070 23.40100 23.40430 23.40630 23.41030 23.32010 23.08010 22.92170 22.81590 22.83840 22.81190 22.80320 22.02090 20.32790 19.80710 21.81160 23.60950 24.24180 24.22570 24.25040 24.34200 24.49400 23.96890 24.45280 24.67570 24.43450 24.57920 24.59910 24.54850 24.52960 24.38620 24.35520 24.28870 24.27200 24.24160 24.23390 24.36260 24.23420 24.26760 24.28390 24.25870 24.25410 24.28010 24.27560 23.21640 23.04780 24.23640 23.34320 23.90510 24.15060 23.28870 23.38930 23.72650 23.33820
-9999 -9999 -9999 -9999 -9999 -9999 -9999 -9999 -9999 -9999 -9999 -9999 23.10040 23.00060 23.00060 23.00070 23.40070 23.40330 23.40310 23.40180 23.12870 22.80350 22.82280 22.90860 22.92300 22.93460 22.89230 22.97850 22.91440 22.91440 22.87180 23.44790 24.15790 24.17990 24.06120 24.18290 23.62260 24.42930 24.66750 23.68390 23.96540 24.07920 24.62120 24.45150 24.47430 24.51430 24.42520 24.41730 24.37440 24.31790 24.27420 24.25060 24.25100 24.22190 24.21390 24.22510 24.23400 24.00030 23.26700 23.33140 23.10320 23.05450 23.05170 23.40310 23.61470 23.39840 23.97850 23.56850 24.14430 24.63200 23.38390
-9999 -9999 -9999 -9999 -9999 -9999 -9999 -9999 -9999 -9999 -9999 -9999 22.90050 23.00070 23.20080 23.30080 23.20100 23.11090 22.94010 22.80230 22.90350 22.91140 22.91140 22.91420 22.91610 22.93250 22.91140 22.97470 22.92460 22.86750 22.84040 24.03740 23.84470 23.08890 23.12300 22.90580 22.90180 23.72690 23.92330 23.02060 23.45680 23.18980 23.65100 24.66150 24.37130 24.09010 24.17110 23.86150 23.65730 23.68800 23.53030 23.52780 23.81290 24.22050 24.21430 24.03290 22.18590 23.20040 23.82440 23.31990 22.91560 23.05400 23.95030 24.37890 23.95550 23.46550 23.38620 23.47960 23.94720 24.50400 25.26090
-9999 -9999 -9999 -9999 -9999 -9999 -9999 -9999 -9999 -9999 -9999 -9999 23.30060 23.10270 23.11740 22.77180 22.79820 22.80080 22.70810 22.91680 22.91500 22.92420 22.92390 22.92260 22.92380 22.92890 22.92630 22.87200 22.88210 22.83640 22.70130 22.87220 22.81090 22.92290 22.91590 23.02070 22.96100 22.99070 22.97590 23.05940 23.24450 23.40190 23.54370 23.93790 23.67800 24.48470 23.90760 23.67480 23.51160 23.14920 23.03570 23.02010 22.93760 23.15420 23.09020 22.87510 22.78820 23.01260 22.91710 23.11630 22.83260 22.97080 22.97310 23.37720 24.06480 23.69810 23.50240 23.66780 24.52310 24.91590 25.50080
-9999 -9999 -9999 22.90760 22.90660 22.90540 22.90290 22.90100 22.90100 -9999 23.30060 23.17250 22.87050 22.80260 22.80390 22.90040 22.80140 22.60440 22.70790 22.91760 22.92610 22.91790 22.82330 22.73170 22.86950 22.93330 22.92720 22.97570 22.82110 22.69970 22.54540 22.61620 22.70770 22.98690 22.92250 22.46460 23.03610 23.02220 23.04930 23.09190 23.17920 23.43970 23.54720 23.72400 24.09640 24.29770 24.30010 23.91170 23.46840 23.41450 23.56060 23.80580 23.55110 23.45570 23.09480 22.97770 23.14420 22.96100 23.10640 22.79220 23.15700 22.86870 23.02500 23.41730 23.21180 23.08640 23.15310 23.61300 24.25360 24.82590 26.09910
-9999 -9999 -9999 22.50730 22.90430 22.90270 22.90220 22.80130 22.80070 23.07330 22.90380 22.76610 22.70060 22.70100 22.80390 22.80300 22.64810 22.51440 22.52410 22.51660 22.52340 22.52570 22.52420 22.57000 22.69290 22.93160 22.81750 22.63750 22.58730 22.87260 22.34620 22.75010 22.60330 22.76120 23.03010 23.07770 22.95040 23.20030 23.07020 23.57600 23.47010 23.32680 23.60630 23.91380 24.09060 24.54470 24.59160 23.74940 24.19960 24.42460 24.28430 23.40530 23.37900 23.51970 23.06280 23.24830 23.08330 23.03900 22.98080 23.29440 23.32500 23.45200 23.73670 24.18760 23.96970 23.64770 23.62920 23.72570 24.45530 25.60940 27.53130
-9999 -9999 -9999 22.50390 22.90330 22.80190 22.86910 22.78860 22.77190 22.79490 22.80970 22.77880 22.50060 22.50060 22.50170 22.50140 22.53500 22.55350 22.52090 22.51230 22.52910 22.58570 22.31370 22.91890 22.74370 22.81110 22.81500 22.77850 22.73850 23.10020 23.39680 22.97300 22.91510 22.87950 23.03700 22.95050 22.78330 22.96080 23.13960 23.47200 23.53120 23.50730 23.69320 23.91970 23.78020 23.89340 24.22570 24.83290 24.65750 24.34660 24.41930 23.48860 23.42450 23.39570 23.20510 23.18580 23.06530 23.08440 23.13660 23.41960 23.89160 24.08750 23.56200 24.13000 24.43740 24.72530 24.63420 24.80070 27.56140 27.88480 29.18550
-9999 -9999 -9999 22.60400 22.90210 22.70210 22.81830 22.81800 22.77740 22.77650 22.78340 22.60020 22.50040 22.50140 22.50050 22.61130 21.13800 18.29040 18.97690 19.86150 22.92710 22.96440 22.26140 19.83640 20.06960 23.08930 22.82490 22.67090 22.97400 23.71330 23.72560 22.81330 23.09940 23.28150 23.19560 23.34610 22.90880 22.76400 23.04450 23.09170 23.20510 24.00720 24.60730 24.61780 24.24700 24.62720 25.02780 24.04990 24.11480 24.04000 24.33110 23.74400 23.58870 24.26130 23.52290 23.55780 23.23670 23.39020 23.56750 24.72310 24.99090 24.28070 23.93810 24.06640 25.26080 26.22990 25.66140 25.13270 27.28420 28.80010 30.21390
-9999 -9999 -9999 22.40290 22.80180 22.80230 22.84040 22.79840 22.80900 22.79760 22.78250 22.65170 22.50170 22.50430 18.22550 18.24160 19.69560 21.11870 22.53260 22.71110 22.98780 19.96120 19.09730 22.83940 22.92580 22.74940 22.55720 22.57150 22.77650 22.91440 23.07660 23.04360 23.10850 22.86780 22.63690 22.84660 22.76830 22.44160 22.43690 22.77130 23.43250 23.61390 23.67730 23.75930 24.16740 24.19650 24.26620 23.91580 24.34220 23.99340 24.15690 23.84000 24.24000 24.36320 23.49540 24.05280 23.34920 23.45310 23.38990 24.02320 24.65990 24.00920 23.93790 26.27250 27.14300 26.56310 26.73270 27.50310 28.04310 28.90380 30.03840
-9999 -9999 -9999 -9999 22.72410 22.84570 22.82650 22.85600 22.81620 22.80520 22.80860 22.60090 22.50860 22.52150 -9999 -9999 -9999 -9999 -9999 20.69900 18.96130 18.63990 18.90820 22.81100 21.49150 21.99190 22.05160 22.14630 22.66290 22.65150 22.65490 22.73520 22.70370 22.53060 22.94430 22.87870 23.12610 22.55520 22.44960 22.91410 23.00310 23.48370 23.50860 23.47930 23.78210 23.91440 24.55010 24.78540 24.23060 21.80400 24.15530 23.96040 23.49980 23.61080 23.42490 23.83190 23.91340 23.63830 24.83870 24.19850 24.00150 24.59420 22.78930 25.33860 25.78050 24.79540 26.13080 25.97570 24.53720 -9999 -9999
-9999 -9999 22.30670 22.76130 22.86080 22.84050 22.83590 22.90450 22.81510 22.83250 22.82640 22.50140 22.50890 -9999 -9999 -9999 -9999 -9999 21.11030 18.67670 19.83740 22.62660 22.60950 22.71080 20.01320 18.47400 19.00350 22.62520 22.65430 22.59360 22.93500 22.67070 22.92000 22.88550 22.61570 23.12580 23.11910 22.78850 22.55990 22.58770 22.59900 22.88940 23.24870 23.07970 23.03650 23.06750 23.25880 23.34230 23.24340 19.55760 19.46140 19.64230 20.62810 19.58490 22.11370 23.56270 23.38050 24.44430 24.99870 23.88680 24.13130 24.36270 22.40780 22.56270 23.16070 23.18310 22.79080 -9999 -9999 -9999 -9999
-9999 -9999 22.87870 22.84660 22.80440 22.84220 22.92820 22.91720 22.85420 22.84740 22.50740 22.50580 22.50340 -9999 -9999 -9999 -9999 22.54140 22.72530 22.60660 23.14670 22.70500 21.65360 18.36940 19.30890 22.55160 22.66910 22.47670 22.40810 22.53720 22.50160 22.39540 22.48780 22.53590 23.02590 22.65370 22.61170 22.54430 22.62280 22.87530 22.98210 23.26460 23.58220 23.11700 24.07070 24.21250 24.24480 24.67890 24.16570 24.25310 22.08590 19.97900 19.78080 19.30150 19.04690 21.83480 23.63430 22.44130 21.87130 20.96040 20.45110 21.84490 21.66520 23.12820 24.97030 -9999 -9999 -9999 -9999 -9999 24.68540
-9999 -9999 22.63850 23.05460 22.87840 22.91790 23.14790 23.13920 22.86690 22.76840 22.51610 22.51080 22.50040 -9999 -9999 -9999 -9999 22.68130 22.59480 22.89280 22.01010 20.22160 19.64910 22.52170 22.53260 22.54550 22.45290 22.35710 22.36380 22.52970 22.52810 22.54840 22.47870 22.56060 22.55610 22.58090 22.49550 22.53940 22.60280 22.69730 22.98820 22.88940 23.13390 23.24780 23.44240 23.29510 23.59740 25.18160 25.59470 25.68840 23.92090 23.26640 21.47420 22.21750 21.93300 21.36540 22.38300 23.02710 23.96750 23.86320 19.84030 22.93020 24.17180 26.20510 27.49590 25.27280 22.34860 22.00720 21.25200 -9999 -9999
-9999 -9999 -9999 23.46120 22.95210 21.87430 22.00860 22.62620 22.62200 23.65170 25.41870 22.51950 -9999 -9999 -9999 -9999 22.53280 22.62390 22.57150 22.55340 22.65570 22.51280 22.81880 22.61370 22.52230 22.42640 22.45060 22.57580 22.47810 22.47340 22.44960 22.47950 22.53200 23.09910 23.78550 23.64800 22.88460 22.75720 22.50850 22.55980 22.64430 22.68050 23.59530 23.34640 22.95750 23.14440 21.71430 20.99260 21.73240 23.67300 22.88320 20.31050 20.34240 20.87120 21.52950 21.43370 21.26210 24.91810 25.23500 24.57210 24.33950 24.21440 24.99390 28.69150 30.98780 27.44480 21.98580 20.76300 20.00960 22.30550 -9999
-9999 -9999 -9999 -9999 22.60690 21.02320 22.43720 22.54170 22.56510 22.50890 22.50520 -9999 -9999 -9999 -9999 22.54290 22.67210 22.71040 22.30460 22.94450 23.00510 23.19100 23.36500 22.77400 22.32090 22.80700 23.56510 22.99500 23.63890 23.12300 23.06290 23.33300 23.52260 23.61030 23.73120 22.76120 22.52460 22.43990 22.52330 22.54830 22.59090 22.66130 22.84270 22.78640 22.76810 23.91090 24.08700 22.55340 22.05430 21.40430 23.68850 19.45820 19.71970 21.05630 20.18770 19.93490 20.86940 22.12710 22.45110 24.63160 25.30670 26.03480 26.40340 28.30390 29.03710 26.73870 21.57840 20.11650 19.65580 19.14980 19.01340
-9999 -9999 -9999 -9999 -9999 -9999 22.61140 22.87730 22.72010 22.75360 23.21350 -9999 -9999 -9999 -9999 -9999 23.04470 23.13110 22.66200 23.51510 23.37730 22.97300 22.63950 22.52680 23.16380 23.38070 21.34940 19.59580 19.56850 20.47670 22.65370 23.59960 23.05370 23.70330 23.54650 24.09520 22.82080 22.45490 22.50550 22.51430 22.58260 22.81310 22.98550 22.82760 23.38530 23.58900 24.13870 23.62930 22.36640 19.25570 19.29360 20.09280 23.96250 24.69230 23.82580 25.76530 21.23460 22.68370 23.49610 26.69000 27.51010 27.76140 28.45160 30.58200 30.83000 28.71020 22.21960 18.79790 18.56360 21.22940 22.70480
-9999 -9999 -9999 -9999 -9999 -9999 -9999 -9999 -9999 -9999 -9999 -9999 -9999 -9999 -9999 -9999 -9999 -9999 -9999 23.38950 22.57530 21.30370 22.92580 23.01360 21.95820 21.85610 21.03400 20.88240 21.46250 22.93530 23.44650 22.92100 22.55630 22.76720 23.47980 23.47900 22.53180 22.54070 22.55130 22.60650 22.65880 22.84320 23.00990 23.05790 22.90310 23.39940 23.35270 23.66710 22.71850 23.42310 23.67270 22.61150 21.19870 21.39600 20.44570 20.74410 26.74010 25.52540 27.33490 27.52670 25.37660 23.90630 29.99560 31.31710 31.53040 25.59750 21.36680 18.62830 18.51700 18.97720 22.60020
-9999 -9999 -9999 -9999 -9999 -9999 -9999 -9999 -9999 -9999 -9999 -9999 -9999 -9999 -9999 -9999 -9999 -9999 23.10870 21.63960 21.72820 23.27480 23.29720 23.32750 22.12400 21.40630 21.14130 21.58790 23.16780 23.41100 23.40880 23.40730 23.55120 23.47770 22.91470 22.52630 22.40120 22.48060 22.43590 22.59530 22.60690 22.79090 22.94050 23.03240 23.50550 24.07820 23.42060 23.10300 23.00890 22.52430 22.67650 24.19470 24.18740 24.59000 21.52250 22.52050 26.00670 26.89760 24.32070 26.84460 23.56480 23.02480 27.02430 27.96720 24.98960 24.96680 25.07400 19.33680 20.42120 19.12770 21.52750
-9999 -9999 -9999 -9999 -9999 -9999 -9999 -9999 -9999 -9999 -9999 -9999 -9999 -9999 -9999 -9999 -9999 23.35500 22.22480 23.21880 23.37230 23.18990 22.63550 22.11400 22.20210 22.50140 21.17920 21.23500 22.20850 22.08830 22.43840 21.68070 21.77530 22.10730 21.60070 22.16650 22.77070 22.52800 22.52130 22.53660 23.27190 23.68840 23.64360 23.88120 23.44620 23.39760 23.75860 23.15520 23.38790 22.51080 21.58360 20.13460 23.32580 24.28210 24.58520 25.07700 27.03290 27.57590 28.09290 28.48930 25.71320 24.05610 27.24500 27.05390 29.15900 28.26860 25.83910 24.76090 22.55230 22.34360 26.28490
-9999 -9999 -9999 -9999 -9999 -9999 -9999 -9999 -9999 -9999 -9999 -9999 -9999 -9999 -9999 -9999 -9999 22.59660 23.27450 23.47010 22.90570 21.70220 22.26010 22.50120 23.30130 24.60950 23.70370 23.90350 22.40120 22.24100 20.73560 20.62490 21.14650 21.92700 21.14710 20.90760 21.62820 22.36210 22.46170 22.54100 23.44790 23.37590 23.64210 23.22400 23.48170 23.29000 23.46670 23.10420 23.30490 23.28810 20.21330 19.79840 20.08110 21.32310 24.49620 25.30520 28.09470 27.23530 26.86100 25.74810 27.91520 29.33100 29.31080 29.44430 29.77240 28.35180 27.24530 25.21980 23.10050 24.14970 24.60600
-9999 -9999 -9999 -9999 -9999 -9999 -9999 -9999 -9999 -9999 -9999 -9999 -9999 -9999 -9999 -9999 22.53020 22.52700 23.33860 22.57330 21.54350 23.10390 23.90360 24.30390 24.60170 24.30400 24.30380 24.70350 24.10130 23.00040 22.80030 23.20020 23.32740 20.91500 20.51630 20.65100 21.89910 22.48880 22.39460 22.56160 23.43110 23.31180 23.39440 23.37640 23.20640 23.23130 23.51380 23.11240 23.11070 23.67150 21.34230 20.87080 20.61180 21.70640 24.06090 25.35810 25.49740 27.25820 23.10230 26.81190 27.10650 28.25240 29.00210 29.44390 28.22070 24.14770 22.88550 22.49320 23.99060 24.59650 25.61560
-9999 -9999 -9999 -9999 -9999 -9999 -9999 -9999 -9999 -9999 -9999 -9999 -9999 23.42790 23.32980 22.74020 22.77190 22.68210 22.23760 21.91950 23.40080 24.40320 24.40170 23.90020 24.40020 24.70060 24.70060 24.70000 24.70000 24.70000 23.00740 22.53080 23.90000 23.30000 21.50700 20.40290 21.61200 22.02420 22.30160 23.20170 23.10130 23.15900 23.12300 23.10040 22.70720 22.26710 22.82730 22.35930 22.39640 23.19420 23.36320 23.53470 23.52870 23.48470 22.86780 20.19580 22.66550 24.16830 21.67720 22.77100 24.58730 24.81020 26.24690 25.66750 25.45460 25.43190 22.64170 25.92750 24.61100 27.55310 29.70270
-9999 -9999 -9999 -9999 -9999 -9999 -9999 -9999 -9999 -9999 -9999 -9999 23.14610 23.24320 22.42790 22.45650 22.98330 23.30080 23.80050 23.60020 22.90010 21.80010 21.90010 22.80000 24.00000 23.60070 23.70060 24.20000 22.30120 23.00420 21.40030 22.90240 23.10470 23.80780 22.51130 20.50310 22.20000 22.30010 22.70150 23.10120 23.10130 23.10090 23.01440 22.59570 21.92860 22.24280 22.97200 22.34860 22.10820 21.79330 23.52460 23.34040 23.90250 23.38200 23.68520 23.48470 24.06470 19.57110 21.73040 21.81160 24.19800 22.84360 22.05080 24.85350 25.61260 26.81430 27.01690 25.53120 27.91270 30.31320 34.08150
-9999 -9999 -9999 -9999 -9999 -9999 -9999 -9999 -9999 -9999 -9999 22.73370 23.31350 22.59080 23.40150 23.80020 23.50010 22.30010 21.50020 21.60000 21.30000 21.40010 21.30010 21.10010 21.10010 21.10000 20.92280 23.00470 22.80210 22.60780 21.50060 23.00000 24.20000 23.80000 22.70000 21.80660 22.30020 22.40060 22.80150 23.10170 23.10120 22.81740 22.26330 21.92440 21.71940 21.85220 21.76310 21.89710 22.05350 22.51260 22.97590 23.54720 23.43150 24.08360 23.43260 23.37360 23.94970 23.45260 18.93410 19.86570 20.36020 23.00040 21.82650 23.66860 26.85980 25.47660 25.28750 26.16880 29.89750 32.11730 37.04810
-9999 -9999 -9999 -9999 -9999 -9999 -9999 -9999 -9999 -9999 23.60340 22.50990 23.70400 23.30100 22.90020 21.90000 21.40000 21.10000 21.10010 21.10000 21.10000 21.10000 21.10000 21.10000 21.10010 21.10000 21.10000 21.40610 20.70180 21.10000 21.10000 23.70000 23.40000 20.30910 20.20240 21.60890 22.30030 22.40090 23.00240 23.10170 22.82850 21.83710 21.51200 21.20770 20.51130 21.37840 21.89370 21.59630 22.10590 22.35760 23.06060 23.49200 24.42780 23.37230 23.38770 23.34240 23.03260 20.76820 19.54550 23.10760 23.54620 23.15610 22.41260 25.30870 26.21030 25.93020 25.80530 30.23450 32.19360 35.22730 38.13260
-9999 -9999 -9999 -9999 -9999 -9999 -9999 -9999 -9999 22.00010 21.20010 21.10000 22.20000 21.40000 21.70000 21.10000 21.10000 21.10000 21.10000 21.10000 21.30000 21.10000 21.80000 21.80000 21.30000 21.10000 21.10000 21.70010 21.10010 21.70000 21.90000 21.50000 24.50000 24.70000 20.60450 22.12750 22.30130 22.80130 23.00060 22.56250 20.31990 21.10640 21.11120 20.70580 19.50660 20.21460 21.35760 22.28970 21.98630 22.52140 23.18400 25.42780 24.28210 27.35200 25.53570 23.46770 22.95920 22.97710 22.98860 23.31260 23.85160 23.54390 22.79080 25.41730 25.46550 25.94980 27.37610 35.54650 39.14260 42.40690 43.68570
-9999 -9999 -9999 -9999 -9999 -9999 -9999 -9999 -9999 -9999 22.40000 21.40000 21.40000 21.10000 21.10000 21.10000 21.10000 21.10000 21.10000 21.50000 22.00000 21.30000 21.70000 -9999 -9999 -9999 -9999 -9999 -9999 23.90020 25.40020 24.50000 24.00000 24.30000 22.70000 22.22300 22.24910 23.00030 23.10030 23.01850 20.82430 21.42640 22.47860 20.14060 19.69320 19.97150 20.65940 22.01490 22.82080 23.07850 23.97000 23.60330 23.97570 24.74240 25.35800 23.21000 22.83620 22.82540 22.65210 23.40810 23.38270 22.63000 23.85950 19.98870 25.21340 26.51420 28.33080 37.51450 40.87070 43.85210 45.82350
-9999 -9999 -9999 -9999 -9999 -9999 -9999 -9999 -9999 -9999 -9999 -9999 21.70000 21.10000 21.10000 21.10000 21.10000 21.10000 21.40000 -9999 -9999 -9999 -9999 -9999 -9999 -9999 -9999 -9999 -9999 -9999 -9999 -9999 -9999 24.80000 22.90650 21.91040 20.60830 21.71390 23.40010 25.10080 21.95000 20.71670 21.87400 21.04400 19.95010 19.83650 20.11150 20.90500 21.85770 21.89280 22.19230 24.72980 24.76720 25.07550 23.43510 22.79020 22.98590 23.12630 23.03490 23.24390 22.89460 22.06570 24.06410 23.91210 25.10860 26.33210 28.98330 40.16880 41.78060 43.89440 44.72930
-9999 -9999 -9999 -9999 -9999 -9999 -9999 -9999 -9999 -9999 -9999 -9999 -9999 -9999 -9999 -9999 -9999 -9999 -9999 -9999 -9999 -9999 -9999 -9999 -9999 -9999 -9999 -9999 -9999 -9999 -9999 -9999 -9999 -9999 22.30660 20.50290 20.70330 20.30330 22.90000 21.41970 22.12560 21.41240 21.15800 22.07010 20.27560 20.60640 21.30410 21.66740 22.35290 22.20760 22.77890 24.49910 23.24280 23.98790 24.03310 23.23400 23.03830 23.25300 23.11790 22.92930 21.32590 23.51760 23.49270 23.86870 24.83510 25.36510 28.66450 40.01870 42.23990 43.60240 44.74140
-9999 -9999 -9999 -9999 -9999 -9999 -9999 -9999 -9999 -9999 -9999 -9999 -9999 -9999 -9999 -9999 -9999 -9999 -9999 -9999 -9999 -9999 -9999 -9999 -9999 -9999 -9999 -9999 -9999 -9999 -9999 -9999 -9999 -9999 21.91030 20.30880 20.41270 23.04320 25.10020 19.80430 20.00280 20.16320 19.94090 20.01680 22.41400 21.34510 21.25870 21.65560 21.92540 22.10690 22.43270 21.96970 23.29380 23.75850 23.79890 23.35600 23.05070 23.00690 23.03100 23.18170 20.83680 19.15170 21.26040 23.54910 24.17030 28.67530 28.64090 32.67460 34.55000 32.95840 -9999
-9999 -9999 -9999 -9999 -9999 -9999 -9999 -9999 -9999 -9999 -9999 -9999 -9999 -9999 -9999 -9999 -9999 -9999 -9999 -9999 -9999 -9999 -9999 -9999 -9999 -9999 -9999 -9999 -9999 -9999 -9999 -9999 -9999 -9999 -9999 -9999 -9999 -9999 21.11390 19.80520 19.40230 19.30570 19.90190 20.05320 20.71120 21.85280 22.41710 21.77560 21.90750 22.32000 21.86370 22.48320 22.50220 23.51470 23.53370 23.01000 23.11270 23.12070 23.31550 20.73810 18.86470 22.85290 23.72070 24.04330 26.21190 29.39710 30.44320 30.46440 32.10180 -9999 -9999
