data/hydroclimate-scenarios/BCSD_hadcm_A1B/monthly_summaries/soilm3_monthly_day1_aug.2070-2099.asc
ncols	311
nrows	91
xllcenter	102.75
yllcenter	31.75
cellsize	0.5
NODATA_value	-9999
[rows 0 to 31 of 91, columns 213 to 283 of 311]
-9999 -9999 -9999 -9999 -9999 -9999 -9999 -9999 -9999 -9999 -9999 -9999 -9999 -9999 -9999 -9999 -9999 -9999 -9999 -9999 -9999 -9999 -9999 -9999 -9999 -9999 -9999 -9999 -9999 -9999 -9999 -9999 -9999 -9999 -9999 -9999 -9999 -9999 -9999 -9999 -9999 -9999 -9999 -9999 -9999 -9999 -9999 -9999 -9999 -9999 -9999 -9999 -9999 -9999 -9999 -9999 -9999 -9999 -9999 -9999 -9999 -9999 -9999 -9999 -9999 -9999 -9999 -9999 -9999 -9999 -9999
-9999 -9999 -9999 -9999 -9999 -9999 -9999 -9999 -9999 -9999 -9999 -9999 -9999 -9999 -9999 -9999 -9999 -9999 -9999 -9999 -9999 -9999 -9999 -9999 -9999 -9999 -9999 -9999 -9999 -9999 -9999 -9999 -9999 -9999 -9999 -9999 -9999 -9999 -9999 -9999 -9999 -9999 -9999 -9999 -9999 -9999 -9999 -9999 -9999 -9999 -9999 -9999 -9999 -9999 -9999 -9999 -9999 -9999 -9999 -9999 -9999 -9999 -9999 -9999 -9999 -9999 -9999 -9999 -9999 -9999 -9999
-9999 -9999 -9999 -9999 -9999 -9999 -9999 -9999 -9999 -9999 -9999 -9999 -9999 -9999 -9999 -9999 -9999 -9999 -9999 -9999 -9999 -9999 -9999 -9999 -9999 -9999 -9999 -9999 -9999 -9999 -9999 -9999 -9999 -9999 -9999 -9999 -9999 -9999 -9999 -9999 -9999 -9999 -9999 -9999 -9999 -9999 -9999 -9999 -9999 -9999 -9999 -9999 -9999 -9999 -9999 -9999 -9999 -9999 -9999 -9999 -9999 -9999 -9999 -9999 -9999 -9999 -9999 -9999 -9999 -9999 -9999
-9999 -9999 -9999 -9999 -9999 -9999 -9999 -9999 -9999 -9999 -9999 -9999 -9999 -9999 -9999 -9999 -9999 -9999 -9999 -9999 -9999 -9999 -9999 -9999 -9999 -9999 -9999 -9999 -9999 -9999 -9999 -9999 -9999 -9999 -9999 -9999 -9999 -9999 -9999 -9999 -9999 -9999 -9999 -9999 -9999 -9999 -9999 -9999 -9999 -9999 -9999 -9999 -9999 -9999 -9999 -9999 -9999 -9999 -9999 -9999 -9999 -9999 -9999 -9999 -9999 -9999 -9999 -9999 -9999 -9999 -9999
-9999 -9999 -9999 -9999 -9999 -9999 -9999 -9999 -9999 -9999 -9999 -9999 -9999 -9999 -9999 -9999 -9999 -9999 -9999 -9999 -9999 -9999 -9999 -9999 -9999 -9999 -9999 -9999 -9999 -9999 -9999 -9999 -9999 -9999 -9999 -9999 -9999 -9999 -9999 -9999 -9999 -9999 -9999 -9999 -9999 -9999 -9999 -9999 -9999 -9999 -9999 -9999 -9999 -9999 -9999 -9999 -9999 -9999 -9999 -9999 -9999 -9999 -9999 -9999 -9999 -9999 -9999 -9999 -9999 -9999 -9999
-9999 -9999 -9999 -9999 -9999 -9999 -9999 -9999 -9999 -9999 -9999 -9999 -9999 -9999 -9999 -9999 -9999 -9999 -9999 -9999 -9999 -9999 -9999 -9999 -9999 -9999 -9999 -9999 -9999 -9999 -9999 -9999 -9999 -9999 -9999 -9999 -9999 -9999 -9999 -9999 -9999 -9999 -9999 -9999 -9999 -9999 -9999 -9999 -9999 -9999 -9999 -9999 -9999 -9999 -9999 -9999 -9999 -9999 -9999 -9999 -9999 -9999 -9999 -9999 -9999 -9999 -9999 -9999 -9999 -9999 -9999
-9999 -9999 -9999 -9999 -9999 -9999 -9999 -9999 -9999 -9999 -9999 -9999 -9999 -9999 -9999 -9999 -9999 -9999 -9999 -9999 -9999 -9999 -9999 -9999 -9999 -9999 -9999 -9999 -9999 -9999 -9999 -9999 -9999 -9999 -9999 -9999 -9999 -9999 -9999 -9999 -9999 -9999 -9999 -9999 -9999 -9999 -9999 -9999 -9999 -9999 -9999 -9999 -9999 -9999 -9999 -9999 -9999 -9999 -9999 -9999 -9999 -9999 -9999 -9999 -9999 -9999 -9999 -9999 -9999 -9999 -9999
-9999 -9999 -9999 -9999 -9999 -9999 -9999 -9999 -9999 -9999 -9999 -9999 -9999 -9999 -9999 -9999 -9999 -9999 -9999 -9999 -9999 -9999 -9999 -9999 -9999 -9999 -9999 -9999 -9999 -9999 -9999 -9999 -9999 -9999 -9999 -9999 -9999 -9999 -9999 -9999 -9999 -9999 -9999 -9999 -9999 -9999 -9999 -9999 -9999 -9999 -9999 -9999 -9999 -9999 -9999 -9999 -9999 -9999 -9999 -9999 -9999 -9999 -9999 -9999 -9999 -9999 -9999 -9999 -9999 -9999 -9999
-9999 -9999 -9999 -9999 -9999 -9999 -9999 -9999 -9999 -9999 -9999 -9999 -9999 -9999 -9999 -9999 -9999 -9999 -9999 -9999 -9999 -9999 -9999 -9999 -9999 -9999 -9999 -9999 -9999 -9999 -9999 -9999 -9999 -9999 -9999 -9999 -9999 -9999 -9999 -9999 -9999 -9999 -9999 -9999 -9999 -9999 -9999 -9999 -9999 -9999 -9999 -9999 -9999 -9999 -9999 -9999 -9999 -9999 -9999 -9999 -9999 -9999 -9999 -9999 -9999 -9999 -9999 -9999 -9999 -9999 -9999
-9999 -9999 -9999 -9999 -9999 -9999 -9999 -9999 -9999 -9999 -9999 -9999 -9999 -9999 -9999 -9999 -9999 -9999 -9999 -9999 -9999 -9999 -9999 -9999 -9999 -9999 -9999 -9999 -9999 -9999 -9999 -9999 -9999 -9999 -9999 -9999 -9999 -9999 -9999 -9999 -9999 -9999 -9999 -9999 -9999 -9999 -9999 -9999 -9999 -9999 -9999 -9999 -9999 -9999 -9999 -9999 -9999 -9999 -9999 -9999 -9999 -9999 -9999 -9999 -9999 -9999 -9999 -9999 -9999 -9999 -9999
-9999 -9999 -9999 -9999 -9999 -9999 -9999 -9999 -9999 -9999 -9999 -9999 -9999 -9999 -9999 -9999 -9999 -9999 -9999 -9999 -9999 -9999 -9999 -9999 -9999 -9999 -9999 -9999 -9999 -9999 -9999 -9999 -9999 -9999 -9999 -9999 -9999 -9999 -9999 -9999 -9999 -9999 -9999 -9999 -9999 -9999 -9999 -9999 -9999 -9999 -9999 -9999 -9999 -9999 -9999 -9999 -9999 -9999 -9999 -9999 -9999 -9999 -9999 -9999 -9999 -9999 -9999 -9999 -9999 -9999 -9999
-9999 -9999 -9999 -9999 -9999 -9999 -9999 -9999 -9999 -9999 -9999 -9999 -9999 -9999 -9999 -9999 -9999 -9999 -9999 -9999 -9999 -9999 -9999 -9999 -9999 -9999 -9999 -9999 -9999 -9999 -9999 -9999 -9999 -9999 -9999 -9999 -9999 -9999 -9999 -9999 -9999 -9999 -9999 -9999 -9999 -9999 -9999 -9999 -9999 -9999 -9999 -9999 -9999 -9999 -9999 -9999 -9999 -9999 -9999 -9999 -9999 -9999 -9999 -9999 -9999 -9999 -9999 -9999 -9999 -9999 -9999
-9999 -9999 -9999 -9999 -9999 -9999 -9999 -9999 -9999 -9999 -9999 -9999 -9999 -9999 -9999 -9999 -9999 -9999 -9999 -9999 -9999 -9999 -9999 -9999 -9999 -9999 -9999 -9999 -9999 -9999 -9999 -9999 -9999 -9999 -9999 -9999 -9999 -9999 -9999 -9999 -9999 -9999 -9999 -9999 -9999 -9999 -9999 -9999 -9999 -9999 -9999 -9999 -9999 -9999 -9999 -9999 -9999 -9999 -9999 -9999 -9999 -9999 -9999 -9999 -9999 -9999 -9999 -9999 -9999 -9999 -9999
20.16090 20.04840 20.33860 20.51820 19.85830 20.13630 -9999 -9999 -9999 -9999 -9999 -9999 -9999 -9999 -9999 -9999 -9999 -9999 -9999 -9999 -9999 -9999 -9999 -9999 -9999 -9999 -9999 -9999 -9999 -9999 -9999 -9999 -9999 -9999 -9999 -9999 -9999 -9999 -9999 -9999 -9999 -9999 -9999 -9999 -9999 -9999 -9999 23.69870 -9999 -9999 -9999 -9999 -9999 -9999 -9999 -9999 -9999 -9999 -9999 -9999 -9999 -9999 -9999 -9999 -9999 -9999 -9999 -9999 -9999 -9999 -9999
19.78900 19.77600 19.91420 19.97780 20.09550 20.41570 20.24530 20.76980 21.35640 22.00450 22.48610 23.84330 23.62020 24.54460 24.10020 24.46730 24.85420 24.25030 23.97920 -9999 -9999 -9999 -9999 -9999 -9999 -9999 -9999 -9999 -9999 -9999 -9999 -9999 -9999 -9999 -9999 -9999 -9999 -9999 -9999 -9999 -9999 -9999 21.50230 20.99800 19.75570 19.14680 19.48940 19.90070 21.81980 -9999 -9999 -9999 21.11510 -9999 -9999 -9999 21.05750 21.80270 22.13510 -9999 -9999 -9999 -9999 -9999 -9999 -9999 -9999 -9999 -9999 -9999 -9999
21.56510 22.08330 22.63690 23.15490 23.84500 23.85020 23.31160 23.30850 23.31510 23.45020 23.59370 25.72450 24.66890 26.13190 28.31150 28.19350 25.58870 25.02120 24.06170 23.82430 23.48150 23.56720 24.46270 24.98300 24.40310 -9999 -9999 -9999 -9999 -9999 19.98570 19.47480 20.74720 23.32770 24.77490 24.07690 23.68370 20.82120 20.62100 20.29080 19.91050 19.51170 19.13040 19.14760 19.15090 19.16960 19.93710 20.78000 21.46870 21.84500 21.98040 22.00820 21.48530 21.56130 21.53970 21.50560 22.45820 23.54730 25.02980 24.67970 23.48180 22.51820 22.81940 21.75750 -9999 -9999 -9999 -9999 -9999 -9999 -9999
23.82410 23.89550 23.93790 24.10480 23.87440 23.78640 24.97940 29.36130 29.64760 27.32690 24.21330 136.35001 134.62100 137.17200 134.41299 135.19299 132.95599 20.26910 19.43740 19.74760 21.75600 22.26890 23.57770 23.06380 23.68810 23.85160 23.87780 23.01060 23.37710 23.26670 22.67530 20.92290 20.88260 21.25180 19.63430 19.75280 19.71260 19.66720 19.65640 19.58680 19.71530 19.77930 19.90540 20.18910 20.47310 20.21250 20.96090 21.01770 20.93010 20.89380 21.31480 21.57030 21.74000 21.75410 21.60610 21.79060 21.92470 21.87970 22.17010 22.22060 22.28820 22.65550 23.58100 25.14060 23.30480 22.54760 22.00310 22.25750 21.78960 21.96520 22.36630
29.09620 28.95800 31.19240 31.75980 30.90700 140.36900 133.50101 132.52499 131.92101 131.53799 131.51801 131.50800 131.62000 131.51601 131.50101 131.50101 131.50200 131.50101 131.53101 131.56100 131.62500 132.61600 133.40900 133.06700 130.60600 131.03600 25.44250 132.17700 23.88940 24.05070 25.36380 22.65260 20.65900 21.01520 19.43990 19.49850 19.63890 19.75830 19.75260 19.66830 19.77260 19.85660 19.89130 19.79310 19.71710 19.73020 19.94890 20.07650 20.10450 20.06970 20.27110 20.37840 20.60090 21.04280 21.08460 21.22630 21.40640 21.29410 21.67140 21.70410 21.87270 22.16390 23.96600 24.41970 22.09950 21.95040 22.15060 22.84160 22.72430 23.14310 23.11790
133.30600 133.66000 132.40100 132.60300 133.12801 131.84900 131.65401 131.51900 131.50600 131.50500 131.50301 131.50301 131.50000 131.50101 131.50101 131.50200 131.56000 131.50200 131.52699 131.50999 132.60800 133.60899 133.52600 131.08000 131.53600 131.52100 133.63400 133.67799 134.03400 23.72040 24.83300 23.84320 20.10710 18.20980 18.23160 18.24310 18.33490 18.27640 18.27700 18.31750 18.39400 18.53790 18.33920 18.38030 18.36590 18.44840 18.64390 18.80610 18.83530 19.24450 19.98810 20.04280 20.29700 20.32220 20.42970 20.77360 20.75480 20.97080 21.10640 21.14450 21.43230 20.85560 21.84660 23.75690 22.90250 23.36900 22.07280 22.40610 22.42030 22.30030 22.56600
132.66800 133.62100 134.05000 132.54300 132.44299 132.23000 131.83900 131.63600 131.86800 131.73500 131.64500 131.55901 131.60500 131.57100 131.64900 131.62000 131.56900 131.62100 132.70399 132.99500 133.08800 133.61200 132.98801 131.32899 131.24699 131.39200 131.21201 131.61099 133.82201 132.95300 23.03470 24.22760 23.41040 20.40960 21.53250 21.57330 21.57160 21.49770 21.71030 21.88300 22.75800 22.66060 23.31950 23.31230 22.33110 22.46170 22.54460 22.34520 22.15310 22.06060 22.35240 21.19680 21.49430 21.51640 19.08640 18.94340 19.29360 19.50250 19.48500 21.85210 22.32730 24.46330 24.21690 24.35280 23.59740 23.65140 24.19190 22.91420 25.14180 25.72150 26.04990
132.41400 137.87700 138.15199 132.87399 132.07100 131.85500 131.78500 131.71400 131.60600 131.57600 131.60800 131.61600 131.60800 131.63000 131.63300 131.74899 131.81900 131.83900 132.32700 132.16000 131.50999 131.53900 131.98700 131.79601 130.34900 131.22900 131.25500 131.28000 131.39500 131.64999 23.71770 22.99640 24.75680 24.95450 24.95270 21.95720 19.62200 18.90560 20.14360 20.19940 22.58140 22.36200 22.35540 22.33400 21.89180 21.91460 22.14570 22.14070 22.00060 22.08020 22.56140 22.18540 22.44390 22.47440 22.72130 22.81830 22.22000 22.07550 22.28070 22.17360 21.38370 23.05130 22.70740 22.80380 21.90580 22.21040 23.09850 25.60170 25.14960 25.30480 25.55240
132.99500 132.42000 131.91200 131.63300 131.61600 131.61700 131.59599 131.61301 131.62300 131.61800 131.62399 131.63100 131.65199 131.70000 131.77200 131.71001 131.72501 131.72701 132.29401 132.42999 131.50101 131.50000 131.50000 131.50200 131.56500 132.82899 131.14101 131.52299 131.26700 131.42900 25.11740 24.96750 24.99320 24.93690 24.92610 24.92400 24.91750 24.91820 24.92350 24.92750 24.73680 25.50390 25.89510 25.93380 23.03380 24.63320 25.41580 24.33750 22.21210 21.89150 21.81410 21.66500 21.82000 21.91090 22.24920 21.94650 21.45380 21.50970 21.79140 21.81860 26.53330 22.39380 22.25490 22.50060 21.48420 21.38160 24.11790 25.15250 24.48640 24.43620 24.87260
132.55400 131.95200 131.79700 131.80000 131.96400 132.27499 133.63200 134.49400 133.22301 132.41299 131.63699 131.65401 131.89700 131.78500 132.01700 131.97600 132.55000 132.16800 133.00700 133.83600 131.50101 131.50000 131.50000 131.50101 131.50000 24.31100 24.87060 25.43320 24.58130 25.03280 24.21870 24.61860 24.63220 24.19170 25.41160 25.01670 25.33180 25.46960 25.69690 23.86240 24.14260 24.08920 25.46380 24.98130 26.33900 26.45670 26.82630 27.22310 26.74110 27.07130 25.73940 24.86780 22.53780 22.11430 21.80840 21.97280 21.79970 21.69460 21.40630 21.34530 21.97620 21.64660 21.99790 21.96230 22.12140 22.39260 25.06840 25.05260 24.55120 24.58950 24.63190
131.94099 131.94800 132.17101 132.03999 131.83000 132.22000 133.16400 133.42400 133.13499 132.53400 132.16000 132.03700 131.62100 131.58299 131.58099 131.51601 132.40800 132.34700 133.42300 134.59801 131.72301 131.50000 23.30250 23.32650 23.31060 23.31860 23.67590 23.95250 24.23990 24.56790 24.78790 24.56390 24.87400 24.96250 25.25250 25.32000 25.72220 25.98080 25.71370 25.59520 26.44540 26.45710 26.18920 26.35480 26.79200 26.80410 26.38210 26.03060 25.67880 27.03250 26.18570 25.81860 25.86040 25.10920 21.81100 21.45610 21.12460 25.00050 21.28010 21.72320 22.02780 21.58810 21.79470 22.33850 22.34010 22.60410 22.88130 24.81340 24.10070 24.02030 24.07880
131.76401 131.78700 131.82001 131.80499 131.78900 131.74899 131.72600 131.77600 132.20900 132.55499 132.10400 131.62801 132.27901 132.34300 132.71500 131.92700 131.58701 131.50101 131.50101 135.84300 141.63800 131.71800 131.67900 131.69501 21.60010 22.60020 23.30490 23.40860 23.49750 23.78430 23.80420 24.43140 24.76020 25.27580 24.61170 25.16670 26.05580 26.13670 26.65130 26.43600 28.61490 28.33880 27.65340 27.59920 28.87160 29.02280 28.98640 28.03070 26.04500 25.51620 25.36430 24.85970 25.19350 25.44210 24.99120 20.97770 21.16780 21.33930 20.98440 21.10470 21.73300 22.23830 22.39790 22.20550 21.97810 21.70180 21.85720 21.93900 23.67170 23.55930 23.67530
131.70300 131.71201 131.67799 131.66701 131.96400 131.83099 131.96001 132.19099 132.22600 131.88499 131.85699 131.95500 132.12199 132.41499 132.56100 131.52600 131.50400 131.50101 131.51401 131.60800 131.63300 133.84300 131.50000 131.66800 131.52299 131.71100 131.50700 131.50101 23.07340 131.98500 131.99699 132.35001 131.79601 132.15300 131.69600 132.28300 25.68650 25.69560 134.95900 136.53300 27.87180 28.92390 27.88680 28.06500 28.27250 28.78050 29.15580 28.20440 26.47610 25.93150 25.79490 25.37730 24.70630 25.80470 25.89710 25.10990 21.13550 21.08300 20.80190 20.94200 21.31610 21.81310 21.67610 21.29800 21.39360 21.67670 21.66450 21.50730 21.19400 23.42730 23.50140
132.01700 132.46400 132.92400 134.25101 133.21400 144.57001 150.59599 152.11301 152.35201 148.60100 141.62801 142.98700 134.41499 132.08701 131.91701 131.80299 131.80600 131.64799 132.47900 131.59000 132.09700 131.72301 131.78999 132.55099 132.06799 132.48801 133.94200 134.08200 135.01601 136.73100 136.24200 133.81900 133.54700 133.87601 134.26401 135.27800 134.82201 136.92700 140.68300 146.26100 155.01401 160.38901 41.25410 44.91500 30.53820 29.85960 28.66430 29.28590 28.27740 27.02790 27.01620 26.88210 25.61230 25.22460 25.83700 25.52240 22.12640 21.86340 21.86850 21.84690 21.15820 21.55130 21.81180 21.95340 21.44800 21.09100 21.25570 21.25350 21.17880 21.18440 23.38940
159.09200 48.47980 35.93630 26.45490 139.60500 140.12000 30.86820 31.52100 35.20130 36.42630 145.53300 40.13540 77.64540 183.45500 152.02600 132.85300 131.73100 131.67000 138.12300 138.80099 137.59700 138.23599 134.74600 136.18600 132.04100 132.55600 132.98700 134.80299 134.46300 135.27299 134.44299 132.02100 131.67999 132.04401 131.69400 132.65401 135.78600 140.13499 143.88200 149.37801 156.73399 168.80701 44.50990 41.62230 29.21760 30.55280 31.57990 30.59150 28.30230 27.69260 27.67210 27.02540 26.14390 25.79000 25.65000 25.48690 23.09590 21.70710 21.69650 21.72650 21.03080 21.28460 21.33560 21.08940 20.80060 20.80820 20.91520 21.03950 20.97690 20.84290 23.76560
47.95820 40.77710 31.91910 29.19010 28.74850 32.41500 42.77580 29.05000 25.10710 23.40760 19.90830 19.74150 22.49070 28.95340 27.86420 143.95599 136.49001 131.64700 136.51700 139.26401 142.95799 146.67300 140.47900 135.38300 131.50600 131.50101 132.32401 133.09399 132.71201 133.64500 133.76300 132.09599 131.77600 131.51601 131.51100 131.79500 135.55800 139.26700 145.81599 153.70599 162.40700 171.66600 43.73950 44.03090 30.44800 30.56170 33.33400 34.53660 30.59990 32.80540 30.20810 28.99880 26.61190 25.85930 25.92980 24.96050 21.72970 21.69640 21.28360 21.28810 19.78010 19.86580 19.88570 19.91250 19.73280 20.81840 20.90590 21.57870 21.03980 21.90770 21.92960
26.44800 21.82100 31.05910 35.30250 37.30910 44.34520 43.70560 34.22420 23.80530 20.54290 19.12430 19.11270 28.93670 82.26110 77.78250 174.85500 172.46400 153.01601 146.36099 146.50301 141.88300 157.35800 152.08000 139.41701 133.40700 131.75500 131.64200 131.51300 131.73399 132.62700 132.06300 131.53799 131.56799 131.52200 131.54700 132.15800 137.38800 140.62601 146.14200 153.32100 165.70700 176.22400 182.83400 54.59180 29.57750 32.61780 32.07210 33.01630 32.86790 32.74960 31.51870 29.31720 26.84810 26.64260 25.55720 23.56280 21.50600 21.53240 21.16930 24.05160 22.87850 23.00690 22.85590 21.89600 20.19940 19.95530 20.86110 21.70190 22.11260 21.97380 21.90010
20.32280 20.01870 20.12390 26.76910 29.40600 32.32580 36.04880 37.82740 36.64220 27.17360 24.79650 23.85700 25.67180 44.12200 94.85270 343.83499 96.58100 91.60650 188.33299 176.29500 168.35500 194.67599 169.10800 144.20100 135.91299 133.08600 133.60899 134.73700 132.43201 133.18600 131.93201 131.55701 131.54100 131.51801 131.96201 133.66299 137.03101 141.96100 145.85899 151.73500 166.63499 48.97920 46.88680 56.81660 29.04890 29.27610 31.19310 29.50400 28.53780 27.35940 27.51120 27.54570 27.88790 27.56200 26.95850 23.76240 22.13010 21.91940 21.95810 22.36930 21.76830 23.29550 23.23320 23.40350 24.09140 24.05440 24.14490 23.97620 24.87800 23.11570 22.77580
20.58790 -9999 23.12680 26.27220 35.88560 59.79680 -9999 73.13070 58.92000 44.11240 37.11670 26.55140 41.74140 38.04220 34.47500 33.29400 28.53650 61.42810 99.82940 100.19500 456.28299 429.01501 266.84601 196.33299 164.08600 149.63300 30.46510 28.33760 29.13830 138.73801 136.10100 132.93900 131.61400 131.81500 132.83200 135.26500 140.42200 143.92101 149.12199 36.55860 39.68340 45.13780 46.15380 40.55370 28.54040 28.89640 29.19290 28.51530 27.93100 27.96080 27.91070 27.89590 28.79570 27.63200 25.69530 22.31560 21.81780 21.64180 21.62750 21.65610 21.31490 21.26530 21.32980 21.35190 21.41490 21.51160 21.53940 21.71970 22.08630 22.22140 22.36640
