data/hydroclimate-scenarios/BCSD_hadcm_A1B/monthly_summaries/soilm2_monthly_day1_jan.2030-2059.asc
ncols	311
nrows	91
xllcenter	102.75
yllcenter	31.75
cellsize	0.5
NODATA_value	-9999
[rows 0 to 30 of 91, columns 70 to 139 of 311]
-9999 -9999 -9999 -9999 -9999 -9999 -9999 -9999 -9999 -9999 -9999 -9999 -9999 -9999 -9999 -9999 -9999 -9999 -9999 -9999 -9999 -9999 -9999 -9999 -9999 -9999 -9999 -9999 -9999 -9999 -9999 -9999 -9999 -9999 -9999 -9999 -9999 -9999 -9999 -9999 -9999 -9999 -9999 -9999 -9999 -9999 -9999 -9999 -9999 -9999 -9999 -9999 -9999 -9999 -9999 -9999 -9999 -9999 -9999 -9999 -9999 -9999 -9999 -9999 -9999 -9999 -9999 -9999 -9999 -9999
-9999 -9999 -9999 -9999 -9999 -9999 -9999 -9999 -9999 -9999 -9999 -9999 -9999 -9999 -9999 -9999 -9999 -9999 -9999 -9999 -9999 -9999 -9999 -9999 -9999 -9999 -9999 -9999 -9999 -9999 -9999 -9999 -9999 -9999 -9999 -9999 -9999 -9999 -9999 -9999 -9999 -9999 -9999 -9999 -9999 -9999 -9999 -9999 -9999 -9999 -9999 -9999 -9999 -9999 -9999 -9999 -9999 -9999 -9999 -9999 -9999 -9999 -9999 -9999 -9999 -9999 -9999 -9999 -9999 -9999
-9999 -9999 -9999 -9999 -9999 -9999 -9999 -9999 -9999 -9999 -9999 -9999 -9999 -9999 -9999 -9999 -9999 -9999 -9999 -9999 -9999 -9999 -9999 -9999 -9999 -9999 -9999 -9999 -9999 -9999 -9999 -9999 -9999 -9999 -9999 -9999 -9999 -9999 -9999 -9999 -9999 -9999 -9999 -9999 -9999 -9999 -9999 -9999 -9999 -9999 -9999 -9999 -9999 -9999 -9999 -9999 -9999 -9999 -9999 -9999 -9999 -9999 -9999 -9999 -9999 -9999 -9999 -9999 -9999 -9999
-9999 -9999 -9999 -9999 -9999 -9999 -9999 -9999 -9999 -9999 -9999 -9999 -9999 -9999 -9999 -9999 -9999 -9999 -9999 -9999 -9999 -9999 -9999 -9999 -9999 -9999 -9999 -9999 -9999 -9999 -9999 -9999 -9999 -9999 -9999 -9999 -9999 -9999 -9999 -9999 -9999 -9999 -9999 -9999 -9999 -9999 -9999 -9999 -9999 -9999 -9999 -9999 -9999 -9999 -9999 -9999 -9999 -9999 -9999 -9999 -9999 -9999 -9999 -9999 -9999 -9999 -9999 -9999 -9999 -9999
-9999 -9999 -9999 -9999 -9999 -9999 -9999 -9999 -9999 -9999 -9999 -9999 -9999 -9999 -9999 -9999 -9999 -9999 -9999 -9999 -9999 -9999 -9999 -9999 -9999 -9999 -9999 -9999 -9999 -9999 -9999 -9999 -9999 -9999 -9999 -9999 -9999 -9999 -9999 -9999 -9999 -9999 -9999 -9999 -9999 -9999 -9999 -9999 -9999 -9999 -9999 -9999 -9999 -9999 -9999 -9999 -9999 -9999 -9999 -9999 -9999 -9999 -9999 -9999 -9999 -9999 -9999 -9999 -9999 -9999
-9999 -9999 -9999 -9999 -9999 -9999 -9999 -9999 -9999 -9999 -9999 -9999 -9999 -9999 -9999 -9999 -9999 -9999 -9999 -9999 -9999 -9999 -9999 -9999 -9999 -9999 -9999 -9999 -9999 -9999 -9999 -9999 -9999 -9999 -9999 -9999 -9999 -9999 -9999 -9999 -9999 -9999 -9999 -9999 -9999 -9999 -9999 -9999 -9999 -9999 -9999 -9999 -9999 -9999 -9999 -9999 -9999 -9999 -9999 -9999 -9999 -9999 -9999 -9999 -9999 -9999 -9999 -9999 -9999 -9999
-9999 -9999 -9999 -9999 -9999 -9999 -9999 -9999 -9999 -9999 -9999 -9999 -9999 -9999 -9999 -9999 -9999 -9999 -9999 -9999 -9999 -9999 -9999 -9999 -9999 -9999 -9999 -9999 -9999 -9999 -9999 -9999 -9999 -9999 -9999 -9999 -9999 -9999 -9999 -9999 -9999 -9999 -9999 -9999 -9999 -9999 -9999 -9999 -9999 -9999 -9999 -9999 -9999 -9999 -9999 -9999 -9999 -9999 -9999 -9999 -9999 -9999 -9999 -9999 -9999 -9999 -9999 -9999 -9999 -9999
-9999 -9999 -9999 -9999 -9999 -9999 -9999 -9999 -9999 -9999 -9999 -9999 -9999 -9999 -9999 -9999 -9999 -9999 -9999 -9999 -9999 -9999 -9999 -9999 -9999 -9999 -9999 -9999 -9999 -9999 -9999 -9999 -9999 -9999 -9999 -9999 -9999 -9999 -9999 -9999 -9999 -9999 -9999 -9999 -9999 -9999 -9999 -9999 -9999 -9999 -9999 -9999 -9999 -9999 -9999 -9999 -9999 -9999 -9999 -9999 -9999 -9999 -9999 -9999 -9999 -9999 -9999 -9999 -9999 -9999
-9999 -9999 -9999 -9999 -9999 -9999 -9999 93.21210 -9999 -9999 -9999 -9999 -9999 -9999 -9999 -9999 -9999 -9999 -9999 -9999 -9999 -9999 -9999 -9999 -9999 -9999 -9999 -9999 -9999 -9999 -9999 -9999 -9999 -9999 -9999 -9999 -9999 -9999 -9999 -9999 -9999 -9999 -9999 -9999 -9999 -9999 -9999 -9999 -9999 -9999 -9999 -9999 -9999 -9999 -9999 -9999 -9999 -9999 -9999 -9999 -9999 -9999 -9999 -9999 -9999 -9999 -9999 -9999 -9999 -9999
-9999 -9999 -9999 100.56500 82.65190 87.30760 89.67680 91.80880 94.48360 94.89140 96.72790 96.48650 97.26930 96.13450 96.88280 96.83110 100.78500 100.12000 99.49800 99.73100 99.60060 99.53380 96.58490 -9999 -9999 -9999 -9999 -9999 -9999 -9999 -9999 -9999 -9999 -9999 -9999 -9999 -9999 -9999 -9999 -9999 -9999 -9999 -9999 -9999 -9999 -9999 -9999 -9999 -9999 -9999 -9999 -9999 -9999 -9999 -9999 -9999 -9999 -9999 -9999 -9999 -9999 -9999 -9999 -9999 -9999 -9999 -9999 -9999 -9999 -9999
-9999 -9999 -9999 -9999 -9999 88.27790 90.37240 91.48260 92.70840 93.71760 95.47520 96.13080 97.80380 100.87800 101.44400 102.02400 102.60800 101.24600 102.42200 103.53900 104.22900 103.81000 101.92400 -9999 -9999 -9999 -9999 -9999 -9999 -9999 -9999 -9999 -9999 -9999 -9999 -9999 -9999 -9999 -9999 -9999 -9999 -9999 -9999 -9999 -9999 -9999 -9999 -9999 -9999 -9999 -9999 -9999 -9999 -9999 -9999 -9999 -9999 -9999 -9999 -9999 -9999 -9999 -9999 -9999 -9999 -9999 -9999 -9999 -9999 -9999
78.98710 80.04070 80.73180 82.17220 83.01430 85.73200 87.92780 85.80610 89.24680 90.43970 92.77330 92.89180 94.40700 97.35500 99.79190 101.21800 102.00500 100.98700 101.91400 102.35700 104.12400 115.77000 123.73400 104.33100 104.38400 102.11500 100.87600 99.57830 98.54520 -9999 -9999 -9999 -9999 -9999 -9999 -9999 -9999 -9999 -9999 -9999 -9999 -9999 -9999 -9999 -9999 -9999 -9999 -9999 -9999 -9999 -9999 -9999 -9999 -9999 -9999 -9999 -9999 -9999 -9999 -9999 -9999 -9999 -9999 -9999 -9999 -9999 -9999 -9999 -9999 -9999
79.76660 79.29610 80.07670 82.66580 82.45760 84.45510 86.44560 85.35720 86.57990 84.55330 85.49500 90.57880 92.68900 95.15980 97.05570 99.06500 101.06600 99.79600 95.74470 122.76900 107.90200 104.83300 102.54800 103.33700 102.74500 101.79100 100.10100 98.98330 97.91310 96.44890 94.42720 92.52590 91.23400 91.44660 91.26720 89.04490 88.04810 85.86120 85.62020 84.78270 84.54300 85.39470 85.00920 84.79670 -9999 -9999 -9999 -9999 -9999 -9999 -9999 -9999 -9999 -9999 -9999 -9999 -9999 -9999 -9999 -9999 -9999 -9999 -9999 -9999 -9999 -9999 -9999 -9999 -9999 -9999
56.48420 56.42230 57.82070 58.23300 77.57290 85.34840 85.24630 84.89340 85.51620 84.31090 80.04910 81.60290 87.94810 84.23830 91.08190 93.72600 95.69940 95.01430 94.33020 95.69000 101.57800 102.22400 102.37900 100.17700 81.00880 90.87120 94.51690 91.88780 90.97500 93.44510 96.31550 91.40140 91.77220 88.04390 87.09620 85.73270 84.70520 85.40950 85.17020 84.26520 84.05080 86.45680 86.84850 85.68240 118.14700 -9999 -9999 -9999 -9999 -9999 -9999 -9999 -9999 -9999 -9999 -9999 -9999 -9999 -9999 -9999 -9999 -9999 -9999 -9999 -9999 -9999 -9999 -9999 -9999 -9999
89.74240 90.15000 90.27940 82.14870 94.88920 90.10470 89.85910 92.37280 91.63580 91.38500 90.86600 94.85450 95.04590 93.67310 93.19740 92.07900 95.22770 98.10840 99.61050 98.11010 123.97900 103.92400 103.25900 100.26600 98.33490 97.98970 99.20450 95.06440 91.65110 91.49630 91.33050 88.27590 86.75740 87.48020 87.54500 85.82500 86.20420 85.21130 84.94640 85.20200 87.07640 86.94350 88.00310 90.05160 88.78130 -9999 -9999 -9999 -9999 -9999 -9999 -9999 -9999 -9999 -9999 -9999 -9999 -9999 -9999 -9999 86.79990 88.48440 -9999 -9999 -9999 -9999 101.97200 112.34800 118.16100 107.22900
88.02890 88.05950 89.42070 88.80020 92.44170 87.83510 85.97140 87.83390 90.61710 91.75510 92.33190 89.19670 90.50150 90.42470 93.79740 95.04600 93.78480 94.88490 94.19650 122.55900 94.68670 97.56410 97.09720 95.77830 90.18610 89.48770 87.95450 88.99070 90.18780 88.48520 88.95480 87.79860 86.54130 85.11720 84.44190 83.39360 83.23580 82.07480 81.42490 82.22260 109.53600 118.13800 118.03600 118.78500 110.79400 110.54800 110.40800 116.96400 86.23150 93.37410 95.42350 87.78610 89.65350 95.59170 95.43770 93.54230 75.47400 67.97930 67.50260 87.28520 88.53860 82.45120 -9999 -9999 -9999 -9999 -9999 103.99500 108.99200 108.31100
93.45420 96.86440 67.20820 90.34670 96.41810 70.08560 86.50990 88.21380 87.50530 85.83880 85.07960 84.94100 86.28160 85.72320 85.67300 86.86380 112.43000 90.11370 91.31190 91.59130 90.27130 90.61170 90.03710 88.50310 87.00750 86.71760 86.70390 85.09290 86.05030 85.29510 85.49780 85.35670 83.44190 83.23950 84.18440 84.97710 85.00180 85.50280 85.29040 118.06000 118.17400 84.97550 118.97600 85.92740 85.95510 86.74340 85.43430 84.53040 83.81410 88.81920 94.41020 93.07380 86.93680 91.23470 100.50600 104.81400 96.56940 99.09860 98.84950 91.84710 76.34510 76.83290 79.71000 88.99300 93.37840 95.22690 99.82390 102.16200 106.44100 104.91900
86.96750 96.84210 97.83370 86.83340 99.49000 99.00030 92.73310 91.44090 91.97650 82.14660 81.57870 81.07970 83.33440 84.50670 111.29500 85.75560 88.93550 88.35430 88.51280 89.43780 90.39300 89.91090 87.53500 86.56370 85.56670 86.00140 85.31930 84.16180 84.70180 84.69220 85.54980 84.60760 84.94680 83.56240 82.50610 84.40440 84.60070 118.62600 83.67960 83.18680 85.22760 85.04260 85.13280 82.14690 83.82630 85.79820 85.21680 83.38760 82.16500 81.71160 81.94140 85.63410 84.26030 87.18830 87.20800 94.18150 103.46700 104.18000 105.04900 106.95400 105.86000 93.94530 91.77120 86.10870 78.10980 88.52020 93.60360 98.43530 100.24900 101.54200
96.47420 102.55800 106.28000 91.92540 60.94760 85.60520 80.28850 80.01420 86.85280 85.48210 82.13980 81.10670 82.96860 82.18120 82.42220 84.94640 85.97780 85.86000 85.57060 87.19810 95.73720 96.32050 90.44410 89.43940 87.63610 84.99130 85.46460 83.31330 83.52360 84.53570 83.90170 83.33860 117.81100 82.64850 81.72880 85.22950 85.02410 84.13770 86.77290 86.82900 89.56380 84.88780 84.44930 91.52390 95.05020 94.35340 87.07650 83.40690 82.80940 82.72060 83.65410 87.83070 91.33810 93.08780 93.92630 75.12240 74.33990 76.20830 98.61790 100.54700 111.65400 109.98800 107.71900 107.63600 97.13600 93.10400 89.17920 89.49940 89.78470 92.84560
83.93730 97.40390 105.80500 101.44600 87.83370 69.95080 79.75060 78.75490 84.70590 86.63410 82.10680 95.98200 91.70090 82.75940 84.86500 84.43170 81.38540 80.25820 82.78990 84.90450 88.64710 94.68960 89.78130 89.69390 90.03850 84.07580 83.31940 82.20140 80.61530 81.14820 110.43000 82.45730 82.79230 81.38950 82.05180 82.46200 82.26740 83.68190 85.24040 86.41690 92.79300 92.80320 89.71680 91.10560 90.70730 95.73660 93.82650 88.90890 87.93390 81.99980 85.99220 92.29160 90.64050 92.51680 88.10950 95.98420 101.73900 102.12400 105.89100 102.07800 101.83600 102.81000 99.82620 97.72790 106.03100 110.44200 96.77130 108.11100 95.22540 94.46980
86.04990 92.11120 90.96240 88.65850 94.89290 98.48310 70.30570 60.86920 55.62960 81.01860 77.21710 84.02500 97.92420 109.81900 111.19700 96.33710 91.71360 84.41280 79.72180 79.76480 79.96340 81.93360 82.45050 83.55620 82.06040 80.32380 81.84810 80.65250 79.77720 79.98770 80.81460 79.41420 81.84430 87.93050 86.19580 85.62870 88.00840 89.70870 92.97080 90.26970 89.18230 96.48040 99.15870 94.68610 91.20750 90.22250 88.02550 88.59500 87.51240 83.60300 83.41000 83.26250 86.40970 88.72120 92.19360 94.16950 100.65200 101.39500 104.84700 101.67600 105.42300 105.52800 104.55600 91.21860 104.54800 105.60900 102.18500 92.14650 94.17810 93.45990
104.05500 112.74700 107.92800 113.87000 108.07200 107.25600 103.43700 88.27050 88.89650 86.70100 80.13020 75.20740 75.60100 85.39050 93.57260 110.58800 108.87000 107.19600 101.42900 86.39890 67.27660 82.53130 82.19010 81.96500 83.45430 82.02020 83.69480 82.61480 82.33960 81.97580 85.25630 85.53680 92.73920 90.85100 94.65850 93.17110 93.45330 93.91330 95.62960 74.57040 94.25830 96.91710 96.52860 94.59590 95.94070 93.25050 95.41780 95.74160 96.31850 92.43270 89.41290 96.43840 98.61740 99.75580 87.77420 99.53380 99.03450 94.80690 103.84400 105.06300 117.95100 108.05300 109.54200 106.49500 103.18000 103.69900 88.06780 106.63300 106.92100 109.91500
94.03400 101.57300 113.79300 120.94600 116.37200 120.83300 110.37200 101.59300 85.11350 95.84920 87.87410 84.92090 87.24740 87.01710 63.46640 85.20520 67.76080 75.55240 102.63600 108.94600 96.71410 80.79930 92.68850 85.16190 83.22920 81.70870 83.26220 83.29780 82.94440 90.17350 89.15680 93.04940 94.04600 97.21600 92.61460 98.11760 94.91150 95.59860 93.52550 97.42770 96.87570 95.17640 95.89440 95.08960 93.00310 102.94700 105.01100 103.25400 102.47100 98.58200 101.15100 104.66600 104.10900 106.59600 113.45900 96.56840 100.83100 106.27900 110.56500 107.36700 110.55300 110.85100 107.24800 102.38300 85.23000 105.56500 106.65600 104.72600 105.64400 106.58200
100.03200 103.96900 103.15400 100.57700 104.67500 114.61500 117.73200 115.91300 111.81100 107.25700 94.13000 83.96240 101.05500 100.72400 95.68810 114.40400 108.82800 108.97200 63.44600 98.19570 116.09600 107.17100 107.02100 100.49900 85.56270 82.34560 80.91050 82.61070 82.60540 87.59650 88.54880 91.37390 92.47780 92.88120 92.39650 90.30630 93.75270 97.31540 95.26960 98.33090 99.53720 102.79000 102.29500 99.70680 82.85960 70.22400 90.33900 96.69130 105.68000 108.49700 105.07800 105.48400 98.37920 107.41300 100.32200 109.19000 116.89000 109.03200 117.00900 103.55000 104.08600 106.94200 103.45800 103.24300 104.17000 100.66700 101.30700 101.59600 98.58590 101.97400
102.79100 106.28000 103.41200 101.45300 93.15360 100.73100 100.75100 101.09900 101.90200 94.49740 94.65020 90.97880 90.83610 72.95920 89.37290 105.37600 110.37400 109.04400 108.87900 85.69660 94.86850 100.29200 101.74300 97.00370 94.81830 86.28070 82.67000 83.33310 84.15070 87.27280 89.78440 90.77720 89.90630 85.14600 88.01480 91.63030 90.30770 93.96100 95.13280 98.19220 103.70200 102.74300 99.30590 110.76500 90.79150 91.09480 97.68520 102.52900 107.19700 108.41400 104.74300 102.19700 104.13800 113.92900 115.48200 111.85600 108.51200 108.29600 104.60700 111.63400 110.52600 103.55600 98.65280 101.56100 99.49970 98.86580 99.42210 97.18650 104.39900 108.81400
105.59200 113.87700 112.40600 106.17900 104.92600 105.91300 98.24580 95.09930 90.51400 85.92150 81.69620 88.08860 98.85220 95.35290 88.22890 91.40530 104.15400 105.93700 104.83400 109.94100 106.81500 103.19800 93.53390 90.11530 91.39510 92.85580 95.11110 86.13560 84.14950 85.73860 91.06290 89.20440 92.28270 85.67490 90.52060 91.95550 97.57000 98.91420 100.56200 98.25300 112.40600 99.27980 105.51900 105.64400 108.93200 107.11600 99.42610 83.73480 86.41500 86.51120 88.27210 105.95700 103.05500 102.29600 100.75600 100.89800 105.27700 106.13700 106.91300 108.38200 113.27500 109.68900 109.98000 110.93700 108.02500 107.04600 102.15200 103.17300 110.00800 101.00900
105.47500 111.23000 117.40800 112.28900 106.04900 105.91300 107.19400 101.16500 95.69430 85.50890 91.37890 87.70920 92.25370 103.68300 99.81000 98.65000 98.40170 108.67700 104.99500 110.34700 109.01900 106.80700 100.99300 105.55000 95.66730 95.67080 94.19400 92.82510 90.65720 86.63170 86.78060 86.94460 86.14620 87.83110 98.51380 97.39270 92.36170 102.82900 108.38300 87.18870 102.38900 108.37100 109.35300 100.53900 96.64980 93.83770 91.30180 105.82400 90.76290 90.62920 114.61900 92.66500 110.13400 112.20900 112.26000 112.26100 110.17300 107.18200 108.03200 110.29500 113.32100 110.89000 112.37000 112.85000 112.90500 113.80500 90.59600 112.01200 90.43920 94.63200
121.85700 110.97700 109.29500 112.14600 110.52700 111.71100 104.30500 87.28950 94.43510 92.17400 85.74320 79.66810 85.48810 97.81910 105.55100 105.92100 105.76100 106.40700 109.75100 104.92000 102.81600 118.87700 104.57600 103.71200 97.62840 95.09720 97.27990 105.25700 94.90190 92.20070 87.84770 91.47410 88.47530 90.65800 99.84330 101.08700 94.75030 105.05600 102.12800 107.30000 94.95050 97.28060 100.10600 97.28520 110.57600 109.80200 113.68100 110.50300 113.03800 115.15000 113.49000 114.20400 113.77200 111.08600 108.90500 111.73700 113.53200 118.59600 116.53400 113.58700 117.80100 115.63600 117.86300 114.19200 104.47800 105.00900 93.17810 94.66380 95.32170 97.59320
107.55700 115.19500 109.67200 114.59700 110.98800 110.16100 115.28900 100.91500 93.04710 89.63160 104.82400 92.00370 96.87050 96.46590 102.20700 107.34000 107.47000 102.24900 92.45550 101.00600 108.60300 104.62900 107.32100 104.69500 97.90560 96.01360 90.41180 96.43200 92.95530 89.41510 90.65520 87.69790 90.41280 94.11000 96.06590 98.00900 83.51080 98.91500 106.90900 110.56500 118.98700 108.14600 98.66200 111.24100 107.67600 113.94000 114.36900 102.33000 81.88860 93.61570 101.83500 106.18100 108.34600 86.39680 111.00600 114.92800 118.64500 117.08400 115.60900 120.41800 113.98900 116.64000 110.95400 95.41680 98.36830 101.59500 100.04100 100.73400 101.11900 99.76190
107.53200 108.33400 110.09200 112.83400 114.92500 118.42200 117.81800 121.67000 104.13600 109.43900 111.63800 110.76900 106.02800 104.49600 99.24480 109.17700 115.18200 112.36100 105.44400 103.28900 107.70100 96.61190 107.73700 115.35600 108.09400 97.82150 80.85770 102.79400 97.94270 93.20820 94.90620 93.38850 90.27080 95.94220 98.87610 96.75220 100.10100 104.79700 115.29700 122.75500 123.55800 121.45400 111.11300 115.77100 111.75500 103.56500 102.80800 85.85040 86.00050 105.20300 102.44200 -9999 -9999 92.88040 112.20000 117.13800 120.53400 123.89000 119.07400 96.81380 98.51750 99.65650 100.38800 102.32200 100.99000 100.77400 102.90000 103.54700 104.92600 103.21000
113.55600 117.58900 114.32500 114.87000 121.70200 114.95200 124.54100 125.63900 118.81600 115.51400 124.40300 120.82000 117.48200 112.94100 109.86500 113.83100 116.68600 110.45600 106.75700 97.89690 106.28500 93.58900 106.25700 102.15200 109.06100 102.56400 101.61200 105.98600 98.93520 79.06630 98.53510 101.81300 94.66900 98.62890 102.94400 105.03000 111.03000 115.34300 113.95200 110.22700 -9999 -9999 -9999 -9999 109.53000 -9999 90.99780 109.68400 110.73200 111.08500 103.38900 -9999 -9999 104.26600 121.31600 121.29300 110.93000 93.49840 93.85280 96.35800 98.50890 96.32740 98.02540 98.49210 95.56770 99.81980 113.22400 106.61300 105.21800 101.53300
