data/hydroclimate-scenarios/BCSD_hadcm_A1B/monthly_summaries/soilm3_monthly_day1_jun.2070-2099.asc
ncols	311
nrows	91
xllcenter	102.75
yllcenter	31.75
cellsize	0.5
NODATA_value	-9999
[rows 32 to 63 of 91, columns 0 to 70 of 311]
-9999 -9999 -9999 -9999 -9999 -9999 -9999 -9999 -9999 -9999 -9999 26.20160 26.66800 26.91330 27.53860 27.11110 28.08090 27.66120 26.69910 26.96060 29.15210 28.08580 26.53320 26.26980 25.23120 24.76820 24.46600 22.99460 21.77580 19.45940 19.40050 19.41320 19.30790 19.26490 20.24910 21.10450 22.54370 23.68730 25.15970 25.45770 25.73920 25.93450 26.03580 26.42540 26.38540 26.40660 26.84000 26.25830 26.42650 26.12280 25.96230 27.15250 26.97280 26.95160 26.10770 25.54310 25.33780 25.08380 25.42030 25.96340 25.84690 25.85710 25.52540 25.10040 24.62700 26.35500 27.76750 29.31520 32.84890 34.33810 32.99520
-9999 -9999 -9999 -9999 -9999 -9999 -9999 -9999 -9999 -9999 -9999 26.77450 27.24140 26.92240 27.71240 26.66360 26.99680 26.86930 26.98650 26.96030 27.08280 26.65910 25.56970 25.37400 25.45510 25.51330 25.55000 24.62930 23.85160 22.47940 20.90940 20.45900 22.33920 23.97610 24.65710 24.52050 24.44210 24.85430 25.09460 25.80720 25.99450 27.25260 26.72930 26.80150 27.56840 28.02520 28.52030 26.67390 26.67240 26.31790 26.08560 27.06430 26.77390 26.45520 25.99790 25.66490 25.73080 25.74710 25.60400 25.98500 26.06130 24.76400 24.28890 26.58690 26.00520 27.89380 28.40380 28.64060 30.67440 33.25560 31.72970
-9999 -9999 -9999 -9999 -9999 -9999 -9999 -9999 -9999 -9999 -9999 -9999 24.87140 24.73160 24.82520 25.08440 25.66360 25.50970 25.48230 25.30700 25.22450 25.16330 26.02040 26.90760 26.94020 29.75510 27.70420 27.27700 24.67510 23.74750 23.42560 23.64010 24.32460 24.30110 24.10570 24.09270 23.76470 24.89360 25.22470 25.15860 25.91730 26.45510 27.39490 27.13450 27.82290 28.54910 27.97780 26.14970 26.15370 25.80010 25.40220 25.69450 25.66550 25.23420 25.01110 25.54410 25.52170 25.10380 24.34070 24.31250 24.00310 24.39050 24.75070 27.63170 28.01000 27.29620 28.17520 31.53920 36.47560 39.87540 33.11940
-9999 -9999 -9999 -9999 -9999 -9999 -9999 -9999 -9999 -9999 -9999 -9999 24.01020 24.16990 24.59100 24.69630 24.41620 24.37750 24.28190 24.35320 24.83920 28.60550 28.76230 28.85460 29.08350 27.08230 25.21190 26.78220 24.56110 24.00380 23.78740 24.50340 23.83230 23.13460 23.04860 23.06270 23.24950 24.06760 24.36510 24.50510 24.84900 25.88710 26.48120 27.55680 27.18120 27.30270 26.95170 25.54930 25.24540 25.52470 25.35950 24.62680 24.74850 24.88910 24.71570 24.95440 22.91560 23.95490 24.82160 24.50950 24.27710 26.25770 27.12140 30.34650 29.49640 26.51720 28.56360 30.03490 32.81470 34.94200 37.76110
-9999 -9999 -9999 -9999 -9999 -9999 -9999 -9999 -9999 -9999 -9999 -9999 24.12490 23.64710 23.56830 23.55880 23.66540 23.74850 24.01730 25.00900 26.17980 27.70410 27.17790 27.59070 26.51360 26.50740 25.23870 23.94070 24.10430 23.34170 23.04230 22.98890 23.02070 23.17210 23.04740 23.08240 23.01270 23.35990 23.39800 23.90370 25.19210 27.45390 26.78540 26.95560 26.87280 28.32240 28.80420 27.88720 26.58080 24.72250 24.47000 24.27150 23.70380 23.90760 23.71180 24.31940 24.08890 24.33430 24.49790 25.26870 25.33580 26.94360 26.46690 27.60990 28.23960 28.47520 29.87130 28.96280 33.14200 34.80810 35.26650
-9999 -9999 -9999 24.61890 24.52020 24.27920 24.14320 24.30250 24.48820 -9999 24.74300 23.88640 23.37310 23.16090 23.18750 23.42240 23.45810 23.13790 24.11760 25.01500 25.20650 25.22700 24.97460 24.96050 24.87760 24.63230 23.92950 24.28880 23.89370 24.18960 23.18550 22.75520 22.97420 23.46750 23.14520 22.57710 23.26750 23.61500 23.56620 23.77020 24.15560 25.66700 25.33580 25.59340 27.69900 30.27520 33.76750 25.77010 25.60450 25.31520 24.99620 24.73200 24.94500 26.51380 25.15930 27.30680 27.79250 24.68540 26.18590 25.26230 25.26120 26.14620 25.99300 30.42870 28.67490 28.56470 31.40010 33.13440 36.61110 38.16530 39.51930
-9999 -9999 -9999 23.93640 24.18070 24.18960 24.45400 23.74240 23.75490 24.14990 23.73530 23.12390 23.15460 23.17890 23.55800 23.76400 23.72410 23.46140 23.48230 23.54440 23.49300 24.13580 23.41070 23.20860 23.52560 23.41080 23.39490 23.28060 23.52980 23.95810 22.90340 23.17580 23.10050 23.27790 23.38340 23.52980 23.52840 24.61570 23.87560 25.06410 25.33860 24.70850 24.84190 27.06960 28.77500 30.99780 30.76190 24.73160 25.98190 25.80310 25.64970 25.32930 26.26030 26.86720 24.83930 26.86280 25.28730 25.43770 26.95140 31.02510 29.58790 30.89830 31.78330 32.98790 34.73580 29.70960 31.54070 31.85250 35.85650 41.31090 49.06030
-9999 -9999 -9999 23.06180 23.47630 23.62120 24.09760 23.48980 23.27910 23.22710 23.33470 23.05790 23.04360 23.51270 24.08130 23.36740 23.91180 23.55520 23.13740 23.17960 23.43390 23.67630 23.03600 23.81730 24.15430 23.66850 23.56020 23.48610 23.34320 24.29270 25.47500 24.29080 23.53050 23.17630 23.53550 23.47510 23.40230 23.55970 23.50420 23.80960 24.13790 24.43990 24.87030 25.98540 25.85310 27.03370 27.65870 25.39100 25.16980 26.44250 27.12200 24.85810 24.96790 25.10240 24.64690 25.42150 25.03490 25.18050 26.42470 30.60800 28.42560 28.76230 28.51570 32.39470 33.06310 34.26090 34.57670 37.09000 48.94100 53.09250 60.66460
-9999 -9999 -9999 23.02870 23.13350 23.37860 23.64940 23.39320 23.33550 23.36930 23.22030 22.74180 23.11240 23.52030 23.55560 23.49380 22.64770 20.46940 20.56620 20.72830 23.83790 24.37340 24.18730 21.61400 21.23480 23.60280 23.25210 22.91470 23.64190 24.91930 25.08530 22.79890 23.49390 24.22250 24.38220 24.05360 23.18400 22.77670 23.30330 23.31010 23.46020 25.10360 27.68110 26.85360 24.73720 26.85040 29.21970 24.54230 25.66340 25.38690 26.77690 25.00810 24.92210 25.66220 25.16970 25.56500 25.22970 25.89810 26.54590 33.10450 38.29850 31.72810 30.94730 32.86300 36.42540 39.38450 44.13560 45.96070 57.42790 60.80230 54.18910
-9999 -9999 -9999 22.60910 22.92960 23.23920 23.27960 23.10350 23.32210 23.20500 22.96660 22.96050 23.14610 23.68210 20.26560 20.06220 21.62480 23.12550 24.06680 22.89700 23.50570 20.71510 20.28250 23.47560 23.20130 22.94950 22.63920 22.58650 23.07840 23.76080 23.65440 23.16580 23.33510 23.16550 22.83280 23.26680 23.23750 22.65540 22.63400 22.87990 23.59210 24.40650 24.86800 25.04540 24.72110 24.74050 24.91230 23.97000 24.08810 24.65490 24.73560 23.37220 23.98330 25.25860 23.72380 27.36150 24.64420 24.29730 24.95270 35.61570 34.14870 32.17810 31.62490 37.71410 40.16480 37.46760 41.94570 55.37850 61.61350 52.38280 45.47250
-9999 -9999 -9999 -9999 22.74990 22.91180 22.88310 22.95710 22.98560 22.91240 22.77880 22.67390 23.41780 23.09200 -9999 -9999 -9999 -9999 -9999 22.19310 19.90820 19.20380 19.50330 23.69490 21.89080 22.10860 21.94440 22.09130 22.63490 22.61550 22.69110 22.78950 22.85500 22.57270 22.88000 22.85160 23.08890 22.48590 22.42080 22.82490 22.92870 23.24150 22.92490 22.96260 23.09270 23.23980 23.93260 24.28190 23.62210 20.44550 23.70500 24.13160 23.61090 24.61110 24.81260 26.85160 27.72710 27.07560 26.94990 27.46400 29.25080 30.55180 29.86800 30.13380 30.60100 32.24070 33.15690 31.01370 29.07010 -9999 -9999
-9999 -9999 22.39010 22.73010 22.83490 22.81040 22.83360 23.00000 22.83940 22.82800 22.76550 22.57000 23.39450 -9999 -9999 -9999 -9999 -9999 23.12460 19.42730 20.19830 22.65110 22.63370 22.78100 19.95030 18.41820 18.92110 22.50990 22.51620 22.42120 22.55260 22.55410 22.85070 22.75950 22.44920 23.01680 23.04120 22.74680 22.46650 22.46220 22.42150 22.40490 22.46330 22.47260 22.42870 22.47280 22.58100 22.64270 22.27080 18.37610 18.42470 18.62930 18.90840 18.75290 21.65320 23.75150 24.42200 25.87740 25.78710 24.89460 25.77790 26.74640 25.91950 25.10440 25.02930 26.25840 24.64240 -9999 -9999 -9999 -9999
-9999 -9999 22.72510 22.78710 22.77260 22.76900 22.86610 22.83440 22.81310 22.76600 22.55750 22.60180 22.80240 -9999 -9999 -9999 -9999 22.94140 23.74950 22.74130 23.07040 22.65280 21.55000 18.24380 19.21170 22.50290 22.50620 22.40720 22.30540 22.40400 22.41250 22.33270 22.42250 22.41170 22.81960 22.52170 22.52000 22.42440 22.46420 22.42370 22.35950 22.40830 22.48490 22.39970 22.64090 22.70580 22.69590 22.79510 22.56710 22.62160 19.84170 18.32760 18.31890 18.36600 18.38930 21.15860 22.74670 22.17450 22.51530 21.81100 20.64620 23.66690 22.67820 22.64920 23.27000 -9999 -9999 -9999 -9999 -9999 31.63200
-9999 -9999 22.48190 22.90200 22.79130 22.77970 23.06590 23.06860 22.78000 22.69100 22.66530 22.79110 22.50720 -9999 -9999 -9999 -9999 23.64730 23.02140 22.86450 21.79450 20.11490 19.60320 22.50110 22.50120 22.50090 22.40520 22.30310 22.30330 22.40620 22.41090 22.51160 22.42050 22.42170 22.41220 22.41880 22.31750 22.32930 22.36530 22.43000 22.43280 22.43150 22.43610 22.35010 22.24300 21.62780 21.72140 22.46150 22.80970 22.80010 21.85470 21.65980 20.56240 21.30060 20.86410 20.48840 21.71300 21.90530 23.14240 23.38960 18.86640 21.53870 23.10920 24.17170 26.56130 27.66810 21.88840 25.11400 23.76150 -9999 -9999
-9999 -9999 -9999 23.27230 22.79670 21.76700 21.95640 22.54490 22.62130 23.68840 25.47950 22.53320 -9999 -9999 -9999 -9999 22.96620 22.93480 22.56690 22.53580 22.61010 22.50110 22.80160 22.60060 22.50110 22.40230 22.40320 22.50460 22.40470 22.41750 22.41800 22.40840 22.40750 22.71130 23.02260 23.12120 22.70940 22.60570 22.40910 22.40690 22.40900 22.41180 22.42870 22.13040 21.63600 21.56720 20.52740 19.92160 20.53770 22.13160 21.35570 18.39230 18.38410 18.44570 18.71850 18.83340 18.95840 22.98420 23.78660 23.25480 23.28270 23.34330 24.91260 31.45770 40.87340 28.19480 21.39150 21.94310 21.70510 23.63000 -9999
-9999 -9999 -9999 -9999 22.46730 20.96300 22.36430 22.52090 22.55930 22.54220 22.50480 -9999 -9999 -9999 -9999 22.77880 22.87780 22.66230 22.23440 22.82220 22.90680 23.10260 23.30150 22.70230 22.30160 22.70150 23.20330 22.70260 23.20790 22.80610 22.81220 23.00490 23.10520 23.10760 23.01350 22.60460 22.40440 22.30320 22.40450 22.40490 22.40990 22.40980 22.40790 22.40380 22.30220 22.92430 23.31910 21.55100 20.96090 20.32230 22.82030 18.35490 18.38410 19.35260 18.71070 18.39390 18.41490 19.00640 19.33260 22.94310 23.98020 24.90200 25.05760 25.41960 28.05720 26.40750 20.05490 19.87280 21.36660 21.60390 22.25830
-9999 -9999 -9999 -9999 -9999 -9999 22.51910 22.54230 22.71530 22.70140 23.10560 -9999 -9999 -9999 -9999 -9999 22.96870 23.02680 22.60960 23.22800 23.21060 22.90060 22.60200 22.50200 23.00420 23.20150 21.30020 19.41970 19.41840 20.05520 22.40440 23.20420 22.90130 23.10720 23.00860 23.20440 22.60270 22.30940 22.40430 22.40450 22.40780 22.41680 22.41950 22.40690 22.42330 22.71840 23.31820 22.92410 21.54830 18.26050 18.46690 18.46520 22.42080 22.82400 21.28060 23.49600 18.45830 18.58570 18.87510 22.42080 24.07460 24.58870 25.49510 26.49050 29.41550 26.23050 20.57100 19.05630 19.41920 22.48750 25.15900
-9999 -9999 -9999 -9999 -9999 -9999 -9999 -9999 -9999 -9999 -9999 -9999 -9999 -9999 -9999 -9999 -9999 -9999 -9999 23.21440 22.50430 21.30020 22.80150 22.90170 21.90060 21.80030 20.82340 20.81970 21.42230 22.90160 23.30200 22.80100 22.50090 22.60210 23.00490 22.90320 22.40110 22.40210 22.40310 22.40430 22.30620 22.30720 22.40690 22.40190 22.30300 22.90190 23.00190 22.92810 22.04230 22.92590 23.22610 20.94540 18.81590 18.40910 18.30070 18.31450 22.68310 21.79930 23.03650 23.35410 21.94230 20.59270 25.31970 26.89050 28.63030 22.01820 19.02680 18.75740 18.93780 20.73970 25.25400
-9999 -9999 -9999 -9999 -9999 -9999 -9999 -9999 -9999 -9999 -9999 -9999 -9999 -9999 -9999 -9999 -9999 -9999 22.91150 21.60250 21.70100 23.20120 23.20080 23.20120 22.10020 21.40020 21.10650 21.50650 23.10030 23.20150 23.20180 23.20150 23.20240 23.20180 22.80050 22.30630 22.30030 22.40030 22.30110 22.40140 22.30230 22.30270 22.30370 22.40610 22.80590 23.03410 23.00150 23.10270 22.92960 22.37780 22.51270 22.51520 22.63580 22.90060 18.57240 18.32180 21.57200 22.33450 19.91060 22.10780 18.98950 18.92030 22.05270 23.22600 21.81510 21.36990 22.47890 18.71880 18.85560 19.15660 22.02420
-9999 -9999 -9999 -9999 -9999 -9999 -9999 -9999 -9999 -9999 -9999 -9999 -9999 -9999 -9999 -9999 -9999 23.11500 22.10730 23.10370 23.20210 23.10080 22.60030 22.10020 22.20010 22.50030 21.11000 21.20520 22.10720 22.00840 22.30990 21.60760 21.70040 21.91600 21.50500 21.90550 22.31110 22.40090 22.40040 22.30110 22.90310 22.92100 23.10200 23.02540 23.10110 23.10310 22.93220 23.04890 23.36970 22.42980 21.46590 18.72960 22.58010 23.26530 22.78650 23.13410 22.67330 22.78280 22.95490 23.10320 20.96660 19.16720 23.04130 23.04180 24.05170 23.59750 22.58090 22.62080 21.02240 21.02360 25.00340
-9999 -9999 -9999 -9999 -9999 -9999 -9999 -9999 -9999 -9999 -9999 -9999 -9999 -9999 -9999 -9999 -9999 22.50480 23.10570 23.22220 22.80210 21.61010 22.20920 22.50000 23.30000 24.60010 23.70010 23.90020 22.40010 22.20830 20.70560 20.60490 21.10700 21.90600 21.10490 20.80320 21.40460 22.30060 22.30440 22.30350 23.20160 23.20040 23.11560 23.10110 23.03850 22.93020 23.02320 23.10280 23.30390 23.26910 20.13170 18.49290 18.51920 19.01480 21.66640 23.23810 23.18780 22.85080 22.30160 21.44780 23.15160 23.80540 23.98810 24.57250 26.51560 24.39400 23.49660 23.02850 21.99340 23.76130 24.02100
-9999 -9999 -9999 -9999 -9999 -9999 -9999 -9999 -9999 -9999 -9999 -9999 -9999 -9999 -9999 -9999 22.50710 22.50560 23.11940 22.50380 21.50610 23.10000 23.90000 24.30000 24.60000 24.30000 24.30000 24.70000 24.10000 23.00010 22.80010 23.20000 23.31080 20.90340 20.50290 20.60470 21.80650 22.30980 22.30200 22.40140 23.30030 23.20010 22.91940 23.02000 23.10040 22.91520 23.01610 23.10510 23.10550 23.65810 21.27280 19.23030 18.86550 19.42280 21.58650 23.23720 23.22790 22.75830 18.30570 22.84660 23.16530 23.46560 24.17210 26.40690 24.72820 20.09930 19.44460 19.66060 21.87750 23.74820 24.34090
-9999 -9999 -9999 -9999 -9999 -9999 -9999 -9999 -9999 -9999 -9999 -9999 -9999 23.22180 23.12930 22.70260 22.70510 22.61890 22.12490 21.90430 23.40000 24.40000 24.40000 23.90000 24.40000 24.70000 24.70000 24.70000 24.70000 24.70000 23.00600 22.52260 23.90000 23.30000 21.50570 20.40270 21.60780 22.01180 22.30040 23.20040 23.10020 23.03840 23.03400 23.10010 22.64480 22.22560 22.73750 22.24040 22.23970 23.01500 23.21130 23.48920 23.59620 23.56770 22.82810 18.76260 21.46020 22.77630 20.56700 21.47620 23.51770 22.65160 24.77820 22.42780 22.68160 24.28010 22.76860 22.12070 19.93330 24.37700 26.07380
-9999 -9999 -9999 -9999 -9999 -9999 -9999 -9999 -9999 -9999 -9999 -9999 23.10640 23.11200 22.32080 22.41060 22.91360 23.30050 23.80050 23.60000 22.90000 21.80000 21.90000 22.80000 24.00000 23.60000 23.70000 24.20000 22.30090 23.00330 21.40030 22.90180 23.10360 23.80710 22.50870 20.50320 22.20000 22.30000 22.70030 23.10020 23.10020 23.10010 22.93470 22.53470 21.91260 22.21820 22.93300 22.23560 21.93610 21.65390 23.39230 23.28830 23.79870 23.38170 23.58810 23.28480 23.12800 18.82680 20.60850 19.99750 22.68700 20.73810 19.71550 21.94410 22.72820 26.55440 26.84790 19.85730 21.16690 25.33990 28.73470
-9999 -9999 -9999 -9999 -9999 -9999 -9999 -9999 -9999 -9999 -9999 22.68440 23.30690 22.55940 23.40090 23.80010 23.50010 22.30020 21.50010 21.60000 21.30000 21.40000 21.30000 21.10000 21.10000 21.10000 20.90380 23.00440 22.80180 22.60650 21.50060 23.00000 24.20000 23.80000 22.70000 21.80660 22.30000 22.40010 22.80030 23.10020 23.10010 22.73050 22.21710 21.90940 21.70790 21.81670 21.72010 21.83350 21.96330 22.16720 22.46050 23.18770 23.20950 23.21460 23.22480 23.31810 23.20740 23.19430 18.49670 18.80370 19.36030 22.33820 21.28730 23.26300 26.20640 25.05900 24.96480 19.46280 24.34450 26.92660 32.11170
-9999 -9999 -9999 -9999 -9999 -9999 -9999 -9999 -9999 -9999 23.60640 22.50950 23.70120 23.30240 22.90030 21.90000 21.40000 21.10000 21.10000 21.10000 21.10000 21.10000 21.10000 21.10000 21.10000 21.10000 21.10000 21.40520 20.70150 21.10000 21.10000 23.70000 23.40000 20.30790 20.20180 21.60680 22.30010 22.40020 23.00030 23.10010 22.72510 21.80960 21.50250 21.20240 20.50320 21.31420 21.81790 21.52170 21.95710 21.97740 22.17630 22.97960 23.14930 23.06040 23.16520 23.20480 21.90160 19.62660 19.20290 23.12420 23.28710 22.67990 22.37070 24.65790 25.59210 24.53250 25.98280 24.08690 25.12170 29.42060 34.93860
-9999 -9999 -9999 -9999 -9999 -9999 -9999 -9999 -9999 22.00000 21.20000 21.10000 22.20000 21.40010 21.70000 21.10000 21.10000 21.10000 21.10000 21.10000 21.30000 21.10000 21.80000 21.80000 21.30000 21.10000 21.10000 21.70000 21.10000 21.70000 21.90000 21.50000 24.50000 24.70000 20.60500 22.11540 22.30040 22.80020 23.00000 22.43960 20.30590 21.10200 21.10550 20.59010 19.50230 20.04150 21.30770 21.98710 21.64050 21.86150 21.95640 22.87490 23.30990 23.60970 23.63800 22.81640 22.79590 23.09250 23.15150 23.51330 23.45860 23.26330 22.67790 24.82220 24.90880 25.29530 25.53300 26.46660 30.01040 33.67270 34.78960
-9999 -9999 -9999 -9999 -9999 -9999 -9999 -9999 -9999 -9999 22.40000 21.40000 21.40000 21.10000 21.10000 21.10000 21.10000 21.10000 21.10000 21.50000 22.00000 21.30000 21.70000 -9999 -9999 -9999 -9999 -9999 -9999 23.90000 25.40000 24.50000 24.00000 24.30000 22.70000 22.21110 22.21790 23.00000 23.10000 22.93950 20.80780 21.41030 22.21820 20.04530 19.57520 19.83980 20.45350 21.77720 22.15500 22.15810 22.59700 23.18720 23.24570 23.36810 23.17500 22.82170 22.79480 22.90450 22.73230 23.35200 23.19440 22.81070 24.28640 20.28410 24.50440 25.25110 26.23320 27.71100 36.02470 36.42740 38.82750
-9999 -9999 -9999 -9999 -9999 -9999 -9999 -9999 -9999 -9999 -9999 -9999 21.70000 21.10000 21.10000 21.10000 21.10000 21.10000 21.40000 -9999 -9999 -9999 -9999 -9999 -9999 -9999 -9999 -9999 -9999 -9999 -9999 -9999 -9999 24.80000 22.90670 21.90640 20.60400 21.70590 23.40000 25.10010 21.91900 20.70710 21.82170 21.00930 19.91180 19.68580 19.96660 20.83890 21.66840 21.60090 21.72550 22.96330 22.97100 23.28530 22.87020 22.67260 22.85420 23.05290 23.05080 23.16010 22.54320 21.84250 23.25490 24.19930 24.71680 25.28890 26.87600 28.64650 32.46020 31.01550 32.48410
-9999 -9999 -9999 -9999 -9999 -9999 -9999 -9999 -9999 -9999 -9999 -9999 -9999 -9999 -9999 -9999 -9999 -9999 -9999 -9999 -9999 -9999 -9999 -9999 -9999 -9999 -9999 -9999 -9999 -9999 -9999 -9999 -9999 -9999 22.30800 20.50310 20.70240 20.30200 22.90000 21.40960 22.10960 21.40450 21.00070 21.94460 20.15200 20.46140 21.22380 21.62590 22.19270 22.02880 22.39680 23.17750 22.52940 23.06810 23.48900 23.13880 22.99680 22.95700 23.12090 23.30620 21.63990 23.73980 23.92950 24.19480 24.36930 25.04860 27.08530 29.28060 32.41830 30.89600 30.11300
-9999 -9999 -9999 -9999 -9999 -9999 -9999 -9999 -9999 -9999 -9999 -9999 -9999 -9999 -9999 -9999 -9999 -9999 -9999 -9999 -9999 -9999 -9999 -9999 -9999 -9999 -9999 -9999 -9999 -9999 -9999 -9999 -9999 -9999 21.91100 20.30620 20.40770 23.03020 25.10010 19.80240 20.00150 20.08970 19.87760 20.00760 22.33800 21.31630 21.22460 21.63450 21.88610 22.03020 22.31880 21.85050 23.18950 23.15950 23.43950 23.17800 22.91550 22.99510 23.13820 23.42720 21.43350 20.22070 22.09880 24.24420 24.60550 26.22520 27.07080 29.88230 33.70230 31.88210 -9999
-9999 -9999 -9999 -9999 -9999 -9999 -9999 -9999 -9999 -9999 -9999 -9999 -9999 -9999 -9999 -9999 -9999 -9999 -9999 -9999 -9999 -9999 -9999 -9999 -9999 -9999 -9999 -9999 -9999 -9999 -9999 -9999 -9999 -9999 -9999 -9999 -9999 -9999 21.10840 19.80290 19.40140 19.30260 19.84700 19.97010 20.70640 21.82510 22.36000 21.74140 21.88410 22.20280 21.76030 22.40750 22.32930 23.04200 23.10530 22.92970 23.11760 23.14730 23.46880 21.22460 19.49220 23.71750 24.16280 24.28690 26.13860 26.67780 27.92140 28.82130 28.27830 -9999 -9999
