data/hydroclimate-scenarios/BCSD_hadcm_A1B/monthly_summaries/soilm1_monthly_day1_jul.2030-2059.asc
ncols	311
nrows	91
xllcenter	102.75
yllcenter	31.75
cellsize	0.5
NODATA_value	-9999
[rows 32 to 63 of 91, columns 0 to 70 of 311]
-9999 -9999 -9999 -9999 -9999 -9999 -9999 -9999 -9999 -9999 -9999 64.46890 63.87610 72.90920 64.69620 69.91050 66.18060 73.40530 67.99040 73.29020 80.63900 80.22510 79.94840 79.26210 71.42750 69.15590 70.67660 77.85320 78.28020 79.34590 79.40820 79.46490 80.96370 79.55660 79.79200 72.38920 73.35760 76.14450 67.69030 68.45790 65.73780 64.66690 68.25830 66.66990 65.31010 67.84050 65.17310 58.29680 57.08850 58.82860 57.73580 65.40240 64.96610 66.14530 65.79690 61.32080 62.57760 61.62710 58.21110 56.06380 56.76250 58.72430 54.77210 70.42900 70.38420 51.04680 54.04430 55.91580 56.96240 58.27180 58.31060
-9999 -9999 -9999 -9999 -9999 -9999 -9999 -9999 -9999 -9999 -9999 67.62090 68.19220 64.65390 61.94350 66.59160 66.45300 76.52720 76.27560 81.19450 82.11380 80.72660 74.25690 72.73940 73.45990 73.00370 71.76910 72.58200 68.87910 62.95910 72.51700 79.58690 80.80140 69.00960 67.00760 53.86080 61.95550 67.94480 65.67390 68.78390 66.68870 70.67640 70.00460 69.43030 72.07960 70.63840 68.20360 59.69820 58.05510 56.92090 55.92680 63.23590 62.27040 57.14670 55.71530 59.30280 59.14140 56.75410 59.41460 60.35770 58.36900 74.34680 71.94420 51.68630 71.95790 55.81320 56.28000 55.19660 54.46490 56.87440 55.82820
-9999 -9999 -9999 -9999 -9999 -9999 -9999 -9999 -9999 -9999 -9999 -9999 68.77390 69.30930 67.41660 66.97860 68.84110 76.97970 76.70730 79.53440 72.87420 71.22690 70.95330 71.29730 69.82650 67.63680 67.18080 67.88110 63.70000 66.45720 67.67390 64.12060 64.76980 66.60730 64.48210 65.04980 67.64250 69.88820 63.50110 62.03220 62.05180 65.46020 65.40060 59.44350 59.92830 63.87040 60.52640 63.90130 61.52980 58.60670 55.19180 54.86580 54.78430 55.79150 53.57750 52.28860 51.35390 50.00780 69.60770 69.31380 68.32090 50.00280 49.83830 54.60430 54.96550 71.08890 54.18840 57.97040 60.00340 62.24510 58.80700
-9999 -9999 -9999 -9999 -9999 -9999 -9999 -9999 -9999 -9999 -9999 -9999 69.07920 68.01800 71.32440 69.34400 69.83480 68.68950 69.72400 71.71230 72.44490 72.78670 70.74530 65.10210 62.28760 58.78730 56.81660 65.02360 61.69310 65.18060 69.51500 65.76130 65.11300 59.88200 65.09670 65.79540 61.73510 66.70420 68.88360 65.86740 63.88490 71.31670 68.15860 65.77080 67.93910 67.52440 68.52480 68.94230 62.64280 62.79070 59.31540 55.76960 54.55290 55.41420 53.65430 52.19210 71.08150 48.64010 52.83690 54.26340 50.93050 55.41490 55.89770 61.41140 59.70310 52.69340 53.97370 56.38710 58.48380 59.28720 60.56900
-9999 -9999 -9999 -9999 -9999 -9999 -9999 -9999 -9999 -9999 -9999 -9999 70.63280 68.98420 68.73110 68.02610 68.62270 69.38190 69.45640 70.66660 70.65540 71.33870 68.78950 62.36890 62.20530 61.70910 62.99820 63.50520 67.87770 63.47300 61.24290 59.69960 66.95280 64.51550 61.72120 59.98500 62.55440 64.73520 62.55220 71.11970 72.92910 71.20990 68.13970 68.79400 70.40330 71.81210 70.08620 73.79050 73.03450 62.67620 59.60070 58.97710 54.61140 53.52250 53.41350 53.00500 52.28220 55.09600 57.37700 58.69570 56.60670 59.31950 57.20010 54.75410 55.46450 59.43270 61.20060 62.78980 65.96170 65.42560 65.63770
-9999 -9999 -9999 62.05040 67.35890 63.47340 60.78940 61.94160 62.73630 -9999 68.63140 71.67020 69.47320 66.27460 66.83760 67.86230 68.87350 67.66470 69.64640 68.49550 72.10660 69.56950 65.55540 65.50990 63.16070 65.89930 65.83750 65.54230 63.34540 57.20090 61.86370 61.28950 56.00060 53.96330 55.54110 44.84190 54.73630 58.59690 64.82230 70.61890 71.20210 72.02880 72.21610 67.60850 65.07220 63.92530 67.51270 66.05550 65.31790 63.63180 61.70710 60.56750 59.80500 61.10460 59.01320 57.70660 57.54650 54.41790 56.56590 54.30460 55.36250 60.25510 59.31640 63.08420 58.26370 61.52480 64.68050 69.00090 71.50820 71.05960 72.79660
-9999 -9999 -9999 61.34340 61.92910 66.59410 64.54320 67.11910 64.47380 63.68710 70.98920 66.60240 71.22700 60.77670 64.53860 64.64530 65.70850 69.34520 70.51980 68.66510 66.77500 68.78720 68.51930 68.38230 66.00310 66.31650 65.01510 64.03840 63.57980 59.08200 47.28860 56.84770 58.27960 53.96280 51.49100 52.65820 51.24230 57.97030 59.02580 60.96490 59.43930 62.22830 68.85440 72.93860 68.81670 67.86320 68.39680 65.47200 67.68210 68.98050 68.41120 60.91410 61.57180 62.37730 57.50150 57.24780 53.70770 53.47370 55.99960 54.55340 54.50590 61.02520 61.52540 64.23070 66.06890 61.85280 63.64750 68.22460 72.60540 69.62630 72.84240
-9999 -9999 -9999 58.48270 65.41640 64.24560 69.13940 68.41140 67.52260 69.51440 70.85690 69.72510 68.75500 59.43290 56.14860 55.42710 67.06240 62.72150 61.81740 60.19290 62.06850 64.07040 52.66750 58.10700 59.81690 62.26090 64.85980 67.84460 62.28820 60.64990 64.22510 62.12910 59.44650 53.69120 53.66710 51.42170 53.23290 56.53120 55.61160 54.32550 55.81250 62.13130 66.82730 73.99400 70.27030 66.75260 68.48370 68.25650 67.20010 73.92980 74.51400 60.51800 60.16980 60.45470 57.95250 56.57470 55.07980 56.54910 57.07630 56.52100 55.70750 60.88420 62.22390 64.92710 65.82960 66.66440 67.04790 72.33510 75.64080 74.90270 77.65960
-9999 -9999 -9999 65.77830 64.25660 71.55780 66.90250 70.78660 64.87270 64.25810 67.59730 63.47560 55.82550 55.90200 55.05410 53.15490 56.36270 74.84480 76.58330 63.83830 60.11660 47.55790 59.20260 74.34000 63.36660 61.79020 57.12310 57.83310 60.32830 62.84530 62.86720 56.94020 56.98620 58.13550 59.66240 63.88690 60.50290 57.70520 59.64280 61.45020 60.94650 65.62040 69.55670 72.34700 69.06610 73.28890 73.59290 70.27220 71.28160 69.91350 72.19500 65.18950 64.24490 62.92100 61.55680 60.47570 59.01540 60.50110 59.90270 57.77900 50.72120 65.05030 63.80460 66.31850 67.18590 68.99510 71.41730 73.51370 76.80080 80.06490 79.40230
-9999 -9999 -9999 61.88730 64.63590 71.38040 71.32190 70.03870 68.77550 68.19910 66.42460 60.83860 55.09090 53.90730 73.91460 72.35280 56.76380 58.00950 58.52470 62.00580 61.92720 57.39950 75.36560 60.28710 58.22820 57.89730 59.59970 59.59850 59.82610 63.65380 62.99740 58.23120 58.04990 55.10680 54.25450 55.53170 56.64200 56.29780 57.61800 62.44770 63.02910 66.78540 69.01290 67.86700 69.95490 70.55370 69.85100 69.32830 68.86640 71.29270 70.43930 62.63620 63.36360 64.50440 59.99390 62.55440 58.90340 58.74500 60.01520 61.46470 58.79770 64.71650 65.20180 66.15680 66.74780 66.60530 69.82220 75.07530 78.87550 77.11360 77.88500
-9999 -9999 -9999 -9999 71.03280 75.01230 75.02010 73.88360 68.19070 64.11900 66.54240 68.98190 59.24670 57.45830 -9999 -9999 -9999 -9999 -9999 63.51600 76.50380 73.59950 74.40200 62.49720 58.70020 59.68760 62.67420 58.99700 63.23610 62.47790 60.85330 57.94180 57.95550 55.20230 55.56840 55.37130 56.37700 55.46840 58.34580 56.27620 55.06550 58.86300 64.61990 67.30820 66.87530 64.53910 62.88400 66.56710 68.07150 80.12790 68.07360 69.94350 67.09770 66.77390 65.08570 63.95510 64.42960 63.21310 60.53860 61.72620 64.98880 69.24950 70.88810 66.67700 67.99620 68.02630 67.60350 70.11000 69.05840 -9999 -9999
-9999 -9999 72.82940 71.82010 75.38690 74.10730 74.51010 74.07170 68.12300 66.77890 67.17150 67.43200 61.57410 -9999 -9999 -9999 -9999 -9999 78.99230 77.10250 76.96530 56.36930 55.61590 61.09030 76.00250 92.62000 77.35290 62.01480 63.70940 64.98080 61.55640 59.73950 59.78970 61.78940 62.71690 60.48410 58.30670 56.28460 57.87170 55.41830 56.69900 61.96080 64.92020 61.94530 61.10590 62.10050 62.68060 62.66870 62.84580 81.09660 81.07800 84.79160 97.09700 82.32610 80.09170 62.72820 62.19810 63.58140 61.83770 61.01660 61.93750 67.61810 71.45480 68.53420 68.25110 66.26380 64.62860 -9999 -9999 -9999 -9999
-9999 -9999 75.66820 76.84350 73.22970 71.30610 70.35170 75.13240 68.80410 68.02960 70.83890 72.46320 62.36660 -9999 -9999 -9999 -9999 63.96730 62.89300 55.60410 55.25960 54.11290 57.19080 80.70490 80.25380 58.44970 57.82710 58.56350 62.40820 62.68100 58.32120 58.88840 59.05320 63.66340 63.13730 61.18310 60.29560 56.20300 57.97380 62.25250 67.68730 68.47280 67.50570 63.09870 62.51790 61.75210 62.39700 62.92390 61.77030 65.29210 77.18660 81.77080 82.90110 81.16230 78.62160 58.21090 60.01560 67.50220 67.67510 64.58970 63.34910 68.44600 67.41310 67.75370 66.01060 -9999 -9999 -9999 -9999 -9999 67.72150
-9999 -9999 71.57000 77.94900 77.03160 74.83530 68.19030 64.82940 67.91960 68.17700 65.19440 60.86610 52.19940 -9999 -9999 -9999 -9999 65.50440 60.59710 55.35480 55.97440 59.51280 74.62290 64.92370 66.59530 62.20630 59.44000 60.25370 62.22500 57.63030 59.80360 59.33850 59.06740 62.22160 62.98050 63.38980 65.71430 64.26550 61.88520 62.07780 67.79170 67.21780 67.23470 70.26810 69.68930 65.91960 66.12030 69.82690 68.93320 69.49680 68.08070 67.88100 66.17380 62.01990 65.97810 58.44720 56.78150 67.48050 68.52030 64.12610 61.74500 63.83160 63.18240 64.30840 64.92580 71.23940 69.35310 69.97080 74.33960 -9999 -9999
-9999 -9999 -9999 70.24270 72.30810 64.19950 60.02780 60.45540 71.11950 65.87570 54.62600 50.76550 -9999 -9999 -9999 -9999 62.45440 58.82640 59.78270 59.46730 64.15870 63.59650 63.34210 63.34850 63.82190 60.14160 61.86060 58.12930 60.00090 62.57760 59.84810 63.27370 62.36040 65.33450 63.55610 58.37110 57.71570 60.59300 59.72580 58.97700 64.72580 65.40900 80.65860 82.50140 80.11850 81.26790 80.32000 70.83630 69.80890 72.42170 77.58000 82.69390 77.03270 84.44340 97.54180 100.38900 85.44440 74.49720 73.57570 75.29140 71.91630 69.34940 73.20520 72.98110 72.10520 69.72030 69.77860 71.95740 70.40430 76.90500 -9999
-9999 -9999 -9999 -9999 68.10040 58.92660 56.75320 71.41140 72.61290 55.41290 56.52690 -9999 -9999 -9999 -9999 70.30660 59.00220 56.34970 57.99170 58.76850 58.12530 58.06780 59.21980 61.34450 61.37290 59.10290 57.88050 57.12490 57.32300 58.05260 57.19440 57.70520 57.30430 61.82000 66.37520 66.62390 67.04030 65.66530 64.00840 61.36140 62.05910 66.08480 67.99380 72.93640 75.21640 69.94130 69.20590 79.04290 68.18280 82.08090 69.27300 75.98080 77.08140 79.64830 78.65730 81.45080 95.53410 84.82310 82.39390 70.44710 74.58640 74.35160 71.83680 65.72160 68.64230 68.67360 65.80550 66.91440 69.82070 68.92060 70.52420
-9999 -9999 -9999 -9999 -9999 -9999 71.98960 78.25040 50.27000 62.77720 57.06730 -9999 -9999 -9999 -9999 -9999 52.71010 59.73250 59.06360 57.05460 56.70720 51.17330 54.44020 61.17210 58.94790 57.86830 60.78160 72.34000 72.83440 58.41690 57.47810 57.22240 58.26310 64.08960 63.61140 60.88070 66.99530 65.65030 63.15080 66.66930 66.64820 69.75120 72.48560 72.68280 74.88470 75.20970 73.60580 82.15180 83.53500 90.50990 84.50630 80.18960 61.51470 61.12770 60.34680 60.64040 77.57140 82.98320 77.67820 62.17570 62.54900 68.12040 68.61940 61.81010 60.59010 63.95270 62.76620 60.73250 61.52230 65.75180 70.59370
-9999 -9999 -9999 -9999 -9999 -9999 -9999 -9999 -9999 -9999 -9999 -9999 -9999 -9999 -9999 -9999 -9999 -9999 -9999 55.53010 56.33920 50.76570 53.79670 56.64710 59.71070 59.01580 55.38440 47.13340 46.41870 52.10300 56.79010 58.05440 63.83660 66.36690 64.46690 63.14180 66.43400 69.59360 68.19910 72.22430 75.17720 75.60900 75.19690 79.80460 79.16280 75.70810 69.69850 82.27160 82.04450 72.91600 72.32960 65.62860 77.90750 76.07730 64.95190 61.24650 62.50130 63.35970 62.91160 61.52860 66.96310 72.10300 67.49170 62.18630 62.32730 64.55490 60.76620 60.66630 60.82370 72.57750 74.36100
-9999 -9999 -9999 -9999 -9999 -9999 -9999 -9999 -9999 -9999 -9999 -9999 -9999 -9999 -9999 -9999 -9999 -9999 59.16570 59.82370 57.61970 52.74160 54.99880 52.18860 52.63940 50.56190 49.47760 52.50380 53.23620 53.14030 54.68770 57.52270 59.21060 60.01540 64.30980 62.72080 66.63820 67.55620 68.83890 71.61720 73.70510 73.42640 72.83290 77.10710 76.08020 76.30430 74.73670 75.95130 71.93750 84.63480 85.90620 82.36170 81.78230 77.05540 67.21030 70.09060 68.39680 63.31880 65.62700 63.72800 67.32510 65.61760 62.42690 66.50480 71.08120 62.78760 59.52270 62.83870 64.41650 68.19220 78.51930
-9999 -9999 -9999 -9999 -9999 -9999 -9999 -9999 -9999 -9999 -9999 -9999 -9999 -9999 -9999 -9999 -9999 62.27680 61.40430 58.36700 59.52080 54.62570 53.08720 50.99740 49.40040 48.46540 67.36440 48.62490 53.04130 53.60720 55.41670 55.70860 60.83240 56.31470 75.02680 77.35260 71.09770 69.61800 70.47890 72.71970 69.73740 68.43430 73.33730 73.71190 72.53980 67.50680 77.66790 81.27640 71.23330 82.19460 83.82280 78.81310 66.27700 63.61940 66.36800 70.99120 66.93170 65.05420 64.15110 64.89400 66.35680 67.48860 66.59930 72.30590 66.05270 61.95390 61.42760 63.55400 62.89480 69.52750 78.29740
-9999 -9999 -9999 -9999 -9999 -9999 -9999 -9999 -9999 -9999 -9999 -9999 -9999 -9999 -9999 -9999 -9999 63.37620 60.64350 60.93730 61.18450 58.70260 52.09360 49.83930 48.51920 48.74500 48.55220 47.29700 48.13410 49.76860 69.39790 71.71010 71.54530 70.52240 74.87530 78.59910 80.95100 61.67690 62.34060 64.06060 66.53400 62.87880 63.09730 61.49600 61.61660 75.23030 62.59320 69.80340 66.31470 65.50790 78.88870 79.36890 79.57820 77.72960 79.07290 73.02150 73.19790 72.17560 66.93330 66.21140 66.44650 66.27490 64.53700 68.51050 69.79610 70.18730 69.01170 70.80760 68.55760 72.23530 69.41860
-9999 -9999 -9999 -9999 -9999 -9999 -9999 -9999 -9999 -9999 -9999 -9999 -9999 -9999 -9999 -9999 74.57880 71.08660 62.19010 62.06480 54.65380 51.17180 50.16080 48.80580 47.52020 47.66320 47.04340 46.21660 46.57900 47.69840 48.82060 50.50640 49.73150 69.84300 71.75500 73.14110 59.47980 60.06260 60.48920 57.42920 57.24150 62.79290 74.14270 56.93310 54.80890 58.25650 60.45620 70.89040 66.85660 60.94640 77.15130 78.07090 78.34000 77.69350 77.69910 68.51940 74.77990 74.93580 76.59230 67.50630 65.31350 67.34990 68.92030 76.67250 76.28430 92.52350 91.68550 88.75520 81.62840 68.28050 73.08360
-9999 -9999 -9999 -9999 -9999 -9999 -9999 -9999 -9999 -9999 -9999 -9999 -9999 68.68750 65.28210 67.66480 64.03260 67.65590 65.33700 53.06560 53.01610 48.61330 46.74340 49.83850 49.73030 46.31540 46.07690 47.83300 47.65390 46.92330 68.26130 67.05350 47.35550 47.82520 69.45550 75.47590 75.80800 59.26240 65.99700 67.63730 67.62610 65.44550 60.52750 56.88880 73.06800 73.19330 73.98670 83.96390 86.90560 79.79270 79.03320 73.67640 63.98220 65.04990 76.63600 76.40310 72.32190 70.54690 68.35670 70.59460 71.81320 83.41120 74.97030 92.20760 92.09840 84.74480 87.03480 79.87830 70.24160 78.82590 82.34450
-9999 -9999 -9999 -9999 -9999 -9999 -9999 -9999 -9999 -9999 -9999 -9999 63.91890 66.26470 69.49230 65.64440 64.33160 58.97410 55.65180 51.42000 51.23390 47.19510 46.51110 50.04710 49.32600 45.30310 45.21640 47.08770 68.04600 67.18080 67.84820 66.62270 67.00490 47.42200 68.17480 73.94430 59.13330 57.99390 64.57210 65.85950 61.92660 62.05250 72.69560 73.86710 75.50660 71.63700 71.77430 84.16250 89.37800 87.82150 71.48400 62.35010 61.25870 69.30530 63.88250 64.54540 82.79640 83.07620 80.35680 83.17280 78.61810 84.30710 82.48780 82.00890 84.55280 85.90440 84.55450 71.45970 78.91130 85.45300 77.12360
-9999 -9999 -9999 -9999 -9999 -9999 -9999 -9999 -9999 -9999 -9999 71.59820 66.70280 66.17060 64.23250 55.94030 53.56800 54.50500 54.36570 55.02510 54.43000 47.22090 47.13620 46.80410 46.73280 45.58730 67.25930 45.76330 67.39770 69.41940 70.27020 46.45260 47.11330 49.74490 52.05760 74.07960 64.82530 65.61630 64.29950 60.61270 58.78850 75.29300 74.63110 76.01410 77.68340 75.57970 78.60590 81.65460 83.30000 87.08270 88.76100 76.03570 71.20540 75.99120 72.61530 69.48920 81.89890 80.22530 77.42620 72.82540 77.98810 77.12010 70.88930 70.80670 83.65510 74.70340 72.14700 74.39950 79.74430 77.08710 71.84050
-9999 -9999 -9999 -9999 -9999 -9999 -9999 -9999 -9999 -9999 60.80860 62.41320 59.42270 61.63200 59.00380 53.05160 51.84920 51.78020 51.85080 53.43730 52.34800 46.99310 46.83370 46.45850 46.24040 45.01170 45.14240 67.20120 67.22480 48.03950 48.68850 46.24490 34.95130 70.38190 72.92590 60.62150 65.75770 64.65300 70.73480 61.64590 74.50710 73.77170 72.70190 76.32980 76.65360 74.08220 75.42250 80.96250 82.68390 87.68240 91.27350 81.80690 82.08540 82.79970 79.18370 74.87930 84.12130 85.48580 79.58800 78.72070 79.47310 77.15170 71.60520 79.76970 81.51530 80.68450 77.03300 78.47640 81.25360 76.75240 75.63330
-9999 -9999 -9999 -9999 -9999 -9999 -9999 -9999 -9999 49.52370 49.72810 53.26390 53.75580 53.76400 52.21500 52.11510 52.26920 53.39360 52.49410 52.37530 52.03020 50.14050 49.62420 47.09370 46.89470 46.09780 45.75790 46.40640 46.54290 46.12960 46.10230 47.82130 49.28560 52.11320 74.58750 68.65410 75.61330 71.90580 70.32090 65.49560 77.40600 73.41370 74.14240 80.34790 72.62800 90.29670 73.70060 81.00780 86.72330 87.51880 92.81040 88.20930 81.72010 85.22530 82.52020 82.64120 81.43670 82.63570 82.63650 85.14830 81.59760 80.17420 71.55440 80.18540 70.54420 75.17020 82.10600 86.51080 78.82830 77.43510 76.77370
-9999 -9999 -9999 -9999 -9999 -9999 -9999 -9999 -9999 -9999 46.77310 50.06250 50.77460 49.56140 48.59340 50.43590 50.98730 52.31620 52.32410 51.71240 51.77480 49.97390 49.41180 -9999 -9999 -9999 -9999 -9999 -9999 46.96550 49.92000 48.70470 50.16280 53.29830 57.29410 69.70530 75.80090 69.88700 66.37880 60.44530 76.42370 73.91390 70.76730 88.96730 80.15330 89.86050 90.63150 80.12010 84.17220 85.26390 86.40010 80.78040 83.78530 82.62360 89.16860 79.32930 76.94600 81.20000 83.23570 83.40940 82.60600 71.27540 74.17130 73.50850 78.15360 81.14230 84.39430 84.70460 82.87490 84.86220 79.99740
-9999 -9999 -9999 -9999 -9999 -9999 -9999 -9999 -9999 -9999 -9999 -9999 45.68920 48.73810 49.19040 49.10490 49.26340 49.69630 50.05990 -9999 -9999 -9999 -9999 -9999 -9999 -9999 -9999 -9999 -9999 -9999 -9999 -9999 -9999 54.44560 58.74310 62.74590 79.57250 63.21200 60.28840 59.91990 77.40170 76.74310 74.70380 71.80550 72.62310 80.98120 91.49060 84.03740 86.12630 84.63730 87.02580 84.17340 86.39550 84.01160 84.82430 77.80340 78.91280 69.61710 66.90780 81.24220 80.71150 71.50710 79.83400 73.53180 77.51910 83.85430 84.45760 76.18100 78.78470 81.10400 89.22850
-9999 -9999 -9999 -9999 -9999 -9999 -9999 -9999 -9999 -9999 -9999 -9999 -9999 -9999 -9999 -9999 -9999 -9999 -9999 -9999 -9999 -9999 -9999 -9999 -9999 -9999 -9999 -9999 -9999 -9999 -9999 -9999 -9999 -9999 77.03400 75.97460 75.12910 77.25860 58.44830 79.19830 78.32250 76.81190 76.30130 71.31270 91.11260 89.95890 90.43700 83.90730 85.41430 83.37950 84.39130 82.63350 86.86200 79.69920 78.33640 75.14600 68.02440 83.47860 71.72430 73.94780 72.54500 82.98910 71.88550 72.67290 80.90200 86.68000 87.16070 79.46410 81.71070 85.82990 89.63550
-9999 -9999 -9999 -9999 -9999 -9999 -9999 -9999 -9999 -9999 -9999 -9999 -9999 -9999 -9999 -9999 -9999 -9999 -9999 -9999 -9999 -9999 -9999 -9999 -9999 -9999 -9999 -9999 -9999 -9999 -9999 -9999 -9999 -9999 60.48420 79.79920 80.24010 59.21120 57.31520 74.65700 74.98200 87.94070 88.16940 80.61090 79.27190 75.89370 76.81450 78.41820 80.07460 84.00690 82.91640 79.10710 66.67420 71.10690 69.49110 63.21740 74.24590 65.73940 68.12890 79.25390 79.66340 83.18120 72.82510 73.47350 80.74840 78.03020 87.61390 80.91190 85.02390 87.53250 -9999
-9999 -9999 -9999 -9999 -9999 -9999 -9999 -9999 -9999 -9999 -9999 -9999 -9999 -9999 -9999 -9999 -9999 -9999 -9999 -9999 -9999 -9999 -9999 -9999 -9999 -9999 -9999 -9999 -9999 -9999 -9999 -9999 -9999 -9999 -9999 -9999 -9999 -9999 76.08910 74.79990 76.04230 78.26490 75.70000 79.44640 83.81560 76.41700 77.42880 78.78340 81.37710 84.11070 84.31080 77.23710 76.92230 69.25910 77.78380 63.97370 61.14880 66.70860 69.75030 68.90500 69.46030 73.85530 78.15520 81.82120 85.53930 78.47650 83.45880 89.36970 78.44920 -9999 -9999
