data/hydroclimate-scenarios/BCSD_hadcm_A1B/monthly_summaries/soilm2_monthly_day1_apr.2070-2099.asc
ncols	311
nrows	91
xllcenter	102.75
yllcenter	31.75
cellsize	0.5
NODATA_value	-9999
[rows 31 to 61 of 91, columns 0 to 69 of 311]
-9999 -9999 -9999 -9999 -9999 -9999 -9999 -9999 -9999 -9999 -9999 101.35300 111.82800 111.87800 116.43400 115.84300 105.43600 107.22100 110.99600 111.36600 114.55100 119.48000 120.60800 119.50600 119.06100 116.00700 118.05800 117.45800 117.08100 117.30600 115.16100 112.79700 113.28000 112.27900 113.72600 111.68900 112.00500 115.15600 114.96400 112.87100 113.14600 113.51700 126.63200 126.81400 125.62000 124.45300 124.73400 120.72700 115.40100 113.29400 117.31600 116.70700 114.18800 111.82800 112.31000 125.04200 125.39400 122.51800 123.25900 121.62800 121.46600 124.06400 123.41400 121.20400 120.02100 123.31300 121.37300 124.01500 124.11800 124.60400
-9999 -9999 -9999 -9999 -9999 -9999 -9999 -9999 -9999 -9999 -9999 105.75600 106.41300 115.56600 111.06800 113.76800 112.73700 114.26900 112.10000 113.67100 117.59600 120.49500 121.58100 123.35800 127.95500 127.78000 127.12800 125.63600 126.30300 117.12300 115.30700 113.23500 115.03700 114.68100 113.84200 112.34700 113.22500 113.77500 121.11500 121.32700 119.77800 119.44900 121.80700 121.29700 120.09300 120.76200 119.82300 119.39800 118.82100 117.89800 116.39300 115.76300 114.40400 124.53600 125.23900 125.64600 124.66900 123.64300 123.00400 114.41900 115.64200 115.25400 121.02800 122.63400 123.75000 121.78200 123.69100 125.31600 124.93600 124.61500
-9999 -9999 -9999 -9999 -9999 -9999 -9999 -9999 -9999 -9999 -9999 111.08600 111.11300 110.20200 108.65600 112.30300 112.10700 117.78300 118.69200 121.69000 122.02400 122.41900 128.77901 128.50200 127.70300 118.16200 114.39300 116.43900 113.51700 123.95700 125.10000 114.24300 113.97600 110.14900 119.64400 114.28500 125.72500 121.50600 125.43800 125.07500 120.44600 125.98900 122.32400 123.50200 124.24700 123.26100 122.52500 121.92000 120.54800 117.41200 115.94700 115.11000 113.70400 121.96500 111.93600 117.36300 116.88900 114.29700 116.46700 118.14800 117.23000 123.88000 123.59300 115.25400 124.26300 123.38000 124.33200 125.81400 125.26800 124.75200
-9999 -9999 -9999 -9999 -9999 -9999 -9999 -9999 -9999 -9999 -9999 -9999 112.65300 113.83300 113.72200 114.87200 116.50700 121.36300 122.25000 123.69600 128.67999 118.14400 113.82000 118.24500 113.47400 108.28700 108.67300 108.20200 108.00700 108.72600 125.21300 126.40800 126.92900 126.87500 126.07700 125.72300 125.96600 122.03800 125.44000 123.51600 124.06700 125.89400 126.25100 122.70600 123.13100 124.27200 123.14700 123.50200 121.96500 121.10900 118.43200 116.90300 116.31900 115.01200 111.80100 110.55100 110.39000 120.14600 123.41300 123.40700 123.44100 120.56100 121.20200 123.91500 123.53000 125.27700 125.72800 125.18700 125.00500 125.56900
-9999 -9999 -9999 -9999 -9999 -9999 -9999 -9999 -9999 -9999 -9999 -9999 114.31200 112.99800 117.32800 116.62500 119.33400 128.51100 128.57600 120.01800 121.81700 119.26600 116.14500 112.16300 109.55500 106.99500 106.07500 108.75400 106.37100 107.10500 109.92100 125.49400 126.85100 126.14300 126.70200 114.12600 110.84900 114.59900 116.56900 112.88500 125.51500 118.01100 118.61300 125.98400 124.00000 124.78600 125.27300 123.48300 119.20600 119.68100 116.65900 110.70400 107.67300 115.55200 114.54300 120.80800 124.85300 120.09400 107.61600 124.31500 123.08900 107.90700 107.32000 119.44200 125.31900 126.18800 126.54700 125.53800 125.93400 127.04000
-9999 -9999 -9999 -9999 -9999 -9999 -9999 -9999 -9999 -9999 -9999 -9999 113.72100 116.20800 129.87801 128.28600 128.27600 119.73600 115.92000 117.81500 120.09700 119.48300 116.75700 110.91900 111.02700 110.78900 111.80300 109.97500 111.06700 106.91800 105.91800 125.70400 113.86000 113.58000 112.99000 110.93400 111.38700 115.53400 115.37500 117.79200 120.16700 121.41700 122.37500 124.45700 126.04600 117.18600 124.07600 125.07900 124.44600 120.28200 116.61900 117.32800 112.17300 110.50300 109.04900 108.38200 106.09100 112.18200 113.24700 125.13900 111.70500 114.21800 114.29000 112.42900 124.28300 125.39900 126.40200 127.08600 127.55400 127.44300
-9999 -9999 -9999 106.84100 109.38600 104.43400 103.17300 104.98800 104.96800 -9999 111.74300 127.94900 128.32800 113.43400 116.16000 117.50500 117.67100 115.67900 115.88800 117.56300 120.45800 119.43200 115.64100 115.84900 111.07700 115.81100 116.01700 113.14600 109.30100 105.62100 110.28600 111.08000 106.46200 103.07000 105.54800 87.83630 106.33300 112.88900 117.79200 118.80100 120.60200 122.58900 124.69400 121.88700 121.13100 119.10700 124.91900 115.94300 121.98400 121.35800 113.17100 108.48300 109.08700 115.02200 113.83300 116.38100 116.36600 110.83700 110.05700 108.88700 124.98800 116.19600 112.84700 118.57800 115.86200 117.34100 118.96500 123.37200 126.32000 126.07900
-9999 -9999 -9999 107.73500 107.40700 108.61200 105.91100 110.23300 107.90100 126.78600 127.72800 127.44500 113.06500 106.70100 108.90100 111.84600 109.88800 115.34300 117.05300 115.41100 115.34100 116.18600 117.62100 118.78700 112.69000 111.16900 111.02300 109.65600 111.10800 105.80000 88.79110 105.61700 109.80400 103.51400 101.26500 102.06700 104.20500 111.93200 113.41600 114.70500 116.62700 119.73300 124.63200 121.91100 117.49500 119.05200 125.57400 121.48700 115.10500 110.59400 111.85200 121.55100 122.58500 121.37900 118.24300 117.76100 113.81600 112.89600 114.08000 109.98400 112.12000 116.84500 116.04700 114.30000 120.39600 117.98800 119.85300 124.87700 127.26200 123.50700
-9999 -9999 -9999 105.69400 109.40100 105.71900 126.38100 126.91100 127.02400 127.58100 127.69500 127.41700 109.02300 102.25600 98.62220 101.72400 111.44200 108.38100 111.42100 109.79000 111.33400 110.19800 93.48850 104.98900 108.49600 110.93900 114.57000 113.91000 107.87700 108.17400 112.09300 115.05800 109.09700 103.79300 103.27300 104.18300 108.37900 111.12600 108.31400 106.31400 109.83100 115.65100 124.00600 125.47600 125.09400 124.21900 125.16600 110.25800 110.55400 125.18600 125.30800 124.24000 123.80200 122.16800 120.28200 118.11200 115.20400 117.41800 117.65400 117.27200 111.38200 111.52100 120.47500 121.87900 123.58100 123.75900 124.51600 124.55600 114.63700 121.60800
-9999 -9999 -9999 113.05900 112.62600 113.33000 126.98500 127.68600 125.86900 125.27300 126.91800 107.95000 98.49770 102.31200 100.09900 102.94900 106.04300 117.69500 118.95700 110.25800 105.42400 100.23900 108.60200 118.67800 112.69500 109.74400 111.91800 111.24500 114.83100 112.28300 110.70500 107.96400 108.14900 110.27200 113.37100 110.77700 109.06600 109.98000 113.50900 114.52400 113.81200 114.59200 116.32300 119.98400 122.88900 126.56300 126.40500 122.40200 126.16100 125.51400 125.40800 124.96700 123.05500 114.47800 121.93900 112.12700 109.93300 110.31000 112.57700 109.44800 106.58500 115.56800 116.88900 123.96500 121.09100 117.84000 126.85800 128.15100 128.71201 128.23599
-9999 -9999 -9999 110.37500 113.27500 112.63200 126.85600 127.28700 126.35400 126.39000 127.77500 124.68200 98.63040 101.98800 113.27500 115.61400 109.28900 109.48400 112.21900 109.77900 107.99700 108.98200 121.27000 110.51000 107.38900 110.73300 117.33000 113.15900 111.10700 114.62700 111.09700 110.62800 111.17200 109.84300 111.82000 112.42800 113.78900 115.46600 117.50100 119.62800 121.48100 123.97300 124.88800 125.07000 126.23300 125.86600 125.84200 123.57000 116.94400 126.06700 122.54600 116.11600 111.51800 114.23500 115.57900 112.78300 111.55300 110.08500 114.80000 124.25700 122.32100 122.24400 125.86300 120.30900 116.22400 116.09300 123.18900 121.22800 128.93300 129.31300
-9999 -9999 -9999 -9999 127.27300 127.03000 127.27800 127.43400 126.32500 125.80800 127.40700 111.28600 103.60000 104.82500 -9999 -9999 -9999 -9999 -9999 114.35300 122.31800 119.50100 120.49000 115.96400 111.80900 111.29600 112.55100 113.86500 117.39200 115.19600 113.30600 109.12600 110.16500 109.53400 113.38300 109.69400 112.15100 109.91100 117.27100 118.03300 118.17300 123.91100 125.57800 126.73900 126.82100 127.13300 126.66600 125.67300 125.96600 124.80600 125.10400 125.63700 125.22600 125.76700 125.57400 125.96400 125.90900 125.33900 113.49600 117.67900 125.85100 126.83700 124.41000 128.18600 128.35699 124.47700 128.51199 129.25900 136.71001 -9999
-9999 -9999 120.17800 129.08099 128.95900 127.85800 127.42800 127.31300 127.00800 126.79200 127.74200 111.63300 107.65900 -9999 -9999 -9999 -9999 -9999 122.19900 120.02100 122.09500 116.37000 114.98200 116.52400 120.09600 121.57900 119.55700 117.73000 118.82500 117.75400 109.66200 109.86000 112.61000 114.90500 116.61900 116.13400 114.88000 112.32500 114.39600 114.94200 118.03600 125.84800 127.42400 126.04900 126.36100 126.63000 127.10900 125.37600 122.71300 126.61300 125.81900 126.17500 127.10800 129.64400 124.71900 124.17800 124.45600 117.29800 115.26400 119.64400 120.72800 120.74600 124.73700 126.67600 126.88100 126.34700 127.98500 -9999 -9999 -9999
-9999 -9999 131.06599 129.47501 128.93900 128.73801 128.21700 127.18000 127.06900 127.93900 117.60300 116.03700 110.05100 -9999 -9999 -9999 -9999 112.42900 116.42800 113.19300 111.28200 111.03000 112.92300 120.78000 119.65700 113.45200 111.36300 109.29400 114.73800 116.51600 112.30400 113.08500 114.52900 117.25800 118.83700 116.24700 116.01700 113.87600 116.72900 122.83400 127.67200 127.18100 127.92200 130.27901 121.13200 114.27200 116.53700 115.55200 121.80100 123.46100 129.05499 130.85500 131.42400 129.53300 129.72200 124.75800 122.41300 121.15300 125.13100 126.91400 126.22900 126.42300 127.87900 128.13600 126.47300 -9999 -9999 -9999 -9999 -9999
-9999 -9999 136.43800 131.57100 130.24699 129.67599 130.58299 130.95599 129.35100 128.18401 115.63500 110.01600 105.70400 -9999 -9999 -9999 -9999 114.21800 112.14800 113.26000 110.07000 112.64500 115.57000 114.31000 114.91800 113.85200 109.49700 111.82000 112.73600 111.02000 111.67300 111.28000 114.00900 115.82800 117.71600 120.37300 122.27600 124.54300 123.74700 123.16600 128.82300 129.10001 130.55200 132.98900 129.67300 118.46700 116.17500 112.46200 111.32400 111.36800 118.96900 117.69500 123.79800 119.66100 125.26500 130.72600 129.66299 124.96100 129.71400 129.96201 130.80400 128.96100 130.87801 116.92100 114.63200 125.97900 129.27600 128.92900 129.19600 -9999
-9999 -9999 -9999 136.72501 133.56200 138.77000 137.28799 131.89700 118.52600 115.21400 107.79100 105.40200 -9999 -9999 -9999 -9999 111.07100 112.58300 112.66500 110.01200 112.33100 109.62800 109.60500 109.33600 109.92900 109.71000 111.02000 109.35200 112.80400 115.16400 113.42900 115.10800 115.07900 111.93600 108.94300 110.12500 114.78900 120.14300 122.55300 121.77500 127.01600 130.01401 140.25200 138.39999 139.30701 140.50400 138.46800 135.53300 129.87000 121.26900 129.49001 133.71400 133.31500 135.26500 133.33200 130.53000 132.50000 126.93800 130.57100 132.41901 133.01601 133.64301 130.53101 120.64500 110.27800 122.92300 132.90800 134.85500 131.14700 132.48500
-9999 -9999 -9999 -9999 142.23900 146.40199 139.32899 120.74800 120.24900 113.35500 110.01200 -9999 -9999 -9999 -9999 114.27100 109.13900 109.47100 132.40700 105.66400 101.46300 100.44900 102.89100 104.11500 107.33200 104.52000 101.03000 104.66400 103.31900 106.79700 106.56300 106.35000 105.55100 106.18600 110.54500 120.94100 124.71800 125.34400 123.80200 119.97600 120.35200 126.95500 130.81000 132.56599 136.05400 143.97301 149.21001 142.51199 138.93700 133.37000 131.54201 137.82300 138.38300 138.42000 142.69299 139.43201 139.12801 132.78900 134.66200 135.17799 132.45799 123.85000 119.03900 115.15700 113.03500 128.66400 132.44200 135.58099 131.69901 133.96500
-9999 -9999 -9999 -9999 -9999 -9999 129.15700 135.04700 112.79700 119.69800 109.17600 -9999 -9999 -9999 -9999 -9999 107.95000 107.81000 106.06700 99.82600 98.36030 92.63900 96.36880 102.43700 98.24470 97.36030 105.32800 144.84399 145.55901 137.00301 105.91800 104.83100 108.84600 107.63500 109.67300 109.94900 121.32800 122.79500 120.74200 121.64200 121.20500 126.53600 127.99700 125.94300 138.45200 140.08000 139.91000 142.81200 143.06900 138.02200 146.13699 145.18500 137.91499 144.95500 141.86000 141.94200 142.18500 136.94299 135.24200 118.31900 112.61800 112.41900 116.66500 111.24900 108.82100 116.49400 134.35699 143.34100 137.97800 133.45000
-9999 -9999 -9999 -9999 -9999 -9999 -9999 -9999 -9999 -9999 -9999 -9999 -9999 -9999 -9999 -9999 -9999 -9999 -9999 97.72800 97.08910 89.02520 94.25920 95.07620 100.04400 101.45800 120.49500 119.07500 118.41900 99.17750 106.72800 108.60600 114.18300 115.39100 110.70100 113.10800 121.42500 125.27100 124.41500 125.03900 126.07100 128.14500 128.67599 129.93900 131.89900 132.57300 130.89799 139.65601 140.06100 147.96201 152.70900 147.59000 147.39700 150.01100 145.04601 142.01300 123.42700 123.56600 118.11300 115.63700 120.84300 124.07300 107.36000 106.83400 104.79700 124.66100 140.71899 143.68500 143.26199 137.25000
-9999 -9999 -9999 -9999 -9999 -9999 -9999 -9999 -9999 -9999 -9999 -9999 -9999 -9999 -9999 -9999 -9999 -9999 102.21700 99.15170 95.20600 91.00850 93.95040 94.20340 93.85640 93.30390 119.28200 119.77100 95.30930 96.83630 100.43300 103.44900 104.14700 107.46800 114.21900 133.37199 123.04200 124.96600 123.84700 125.09400 126.26100 127.14200 127.90200 129.20700 129.75900 134.37399 128.62000 511.46899 645.58698 683.26202 693.70898 146.68201 148.57401 154.21001 152.93100 146.84200 127.27600 117.75100 127.04800 119.10900 134.27100 139.05400 117.40000 113.45000 126.13000 127.79300 124.91000 147.54700 149.87399 142.66000
-9999 -9999 -9999 -9999 -9999 -9999 -9999 -9999 -9999 -9999 -9999 -9999 -9999 -9999 -9999 -9999 -9999 104.68300 104.12000 95.80430 94.83460 92.62370 90.44230 90.63890 87.58450 90.22500 124.34100 114.76300 119.71700 122.48700 124.55800 125.07200 110.68000 123.44200 133.10800 135.10600 133.44400 124.34400 123.97600 125.17000 123.82200 130.87900 126.29600 132.36700 123.66900 122.52600 135.80200 652.95898 653.53497 670.43799 679.91101 153.50500 150.26199 157.99800 154.44400 158.07201 124.76800 115.38000 115.10900 117.48000 129.99800 135.35899 117.40500 118.99300 112.86800 119.43400 124.85600 129.10100 152.85100 149.96700
-9999 -9999 -9999 -9999 -9999 -9999 -9999 -9999 -9999 -9999 -9999 -9999 -9999 -9999 -9999 -9999 -9999 103.57300 98.81790 97.38940 97.49770 119.22500 114.79600 79.64820 80.60800 85.61680 84.42670 84.20330 83.23190 115.85500 123.84300 125.23000 125.72000 125.38500 131.32001 135.94099 137.60899 114.72800 117.04600 120.11400 118.01700 117.35500 128.84700 114.87300 129.31400 133.15401 131.52000 509.17001 516.83502 660.82202 688.37598 149.99600 150.78101 151.89500 148.10500 159.56799 131.66701 121.55700 120.82100 127.69700 120.83900 115.74400 115.69200 112.86700 110.28400 114.16800 123.45100 129.02100 150.29300 161.08200
-9999 -9999 -9999 -9999 -9999 -9999 -9999 -9999 -9999 -9999 -9999 -9999 -9999 -9999 -9999 -9999 106.95800 103.82000 97.20450 96.47120 115.86500 81.68460 81.30440 79.22750 77.60590 80.25950 81.33620 84.78530 82.25100 82.09320 83.36640 81.88140 112.83400 123.09500 125.32800 130.26900 126.39000 129.29201 113.72200 112.74000 106.77500 113.90900 130.15900 126.25600 110.69000 128.21300 128.76900 521.11798 515.09698 653.19897 682.16199 148.33000 151.02200 150.05701 146.46899 159.42300 157.01199 135.58900 139.71800 124.57300 124.10600 123.94600 124.47500 130.94099 137.55800 141.76199 140.99600 146.82800 153.35001 161.58600
-9999 -9999 -9999 -9999 -9999 -9999 -9999 -9999 -9999 -9999 -9999 -9999 -9999 97.68040 96.42820 97.73750 96.48150 99.23930 118.23000 112.08400 79.39000 81.06570 78.50090 77.86830 78.11750 76.99410 76.71240 371.27701 370.98700 371.57501 558.22101 564.00403 375.24100 373.29199 566.54102 575.50098 590.57599 587.13300 460.57199 461.57999 457.94400 607.75897 599.78601 436.98901 613.65698 622.15698 635.02002 647.89301 661.00598 668.03802 673.78802 684.37402 685.91699 688.53003 696.06201 701.25403 698.19897 678.90900 635.07599 637.59900 660.82703 720.35303 741.29199 744.84900 735.99298 758.34601 754.85699 151.02901 151.56300 160.25200
-9999 -9999 -9999 -9999 -9999 -9999 -9999 -9999 -9999 -9999 -9999 -9999 92.09520 93.87540 119.69000 118.87000 117.49400 84.10120 80.59260 75.97620 76.20640 76.42230 75.36860 77.61120 75.26630 73.70400 73.38680 366.57300 547.50201 553.13000 544.06403 550.12201 557.62598 543.26202 565.71100 570.26202 398.77701 416.79199 452.60901 449.13699 442.36099 435.51199 600.90698 604.46997 614.43201 627.25800 640.46198 647.30200 662.82098 675.55798 679.16602 580.55701 685.54602 584.75403 671.10602 685.21600 700.38202 681.21698 666.24200 711.15997 719.73901 732.74200 744.23199 746.95099 756.53900 786.50403 788.56500 151.63901 156.30299 144.67799
-9999 -9999 -9999 -9999 -9999 -9999 -9999 -9999 -9999 -9999 -9999 119.16000 90.40310 115.02000 83.76230 79.86610 78.20100 77.37190 77.56780 74.72910 74.68780 72.97030 72.75050 73.10700 73.46720 72.58110 113.05200 537.20898 545.53900 552.42999 544.88397 364.88599 368.31400 373.04099 369.75299 570.48102 416.98801 432.70599 440.52802 434.93799 426.89999 598.21002 592.71301 600.31000 611.06299 616.67401 628.75598 641.25702 653.67603 664.83197 686.90198 607.49799 597.62201 676.38898 620.78802 608.30298 687.57397 634.63300 650.12000 697.79999 727.61298 721.33698 732.28003 735.70099 756.87299 769.53400 761.36200 159.55701 146.19200 123.53900
-9999 -9999 -9999 -9999 -9999 -9999 -9999 -9999 -9999 -9999 85.92520 86.40580 81.18930 80.23000 77.64980 75.01940 73.91790 73.58490 74.07760 72.38480 71.64320 70.97470 70.96200 71.78170 71.83780 72.05070 72.24360 547.14801 542.54498 355.02100 356.08401 365.87601 367.60901 562.33801 565.49200 566.71100 422.96799 431.00000 450.42801 429.32901 594.54199 584.97998 583.55103 595.00299 602.95300 616.72601 622.21100 639.02301 649.75201 670.40698 678.36902 615.40601 676.33301 614.44897 610.15900 601.19299 687.04401 708.49902 697.28601 705.23297 708.30402 714.34399 730.86401 734.92798 749.26501 756.31500 806.97601 156.58000 137.16299 113.93600
-9999 -9999 -9999 -9999 -9999 -9999 -9999 -9999 -9999 152.10001 150.84801 147.66499 148.15900 149.84900 147.98700 144.62300 144.16400 143.66400 142.61200 142.65700 142.76500 143.29900 143.82201 143.36900 142.91000 143.09300 144.17000 145.33299 144.66299 144.88100 145.45700 357.84299 371.65601 380.92599 575.46399 583.16498 450.59500 445.56500 433.00299 585.09302 577.07898 570.89899 579.18701 740.86401 597.28601 765.45203 623.48798 641.60400 666.64301 674.81201 690.91803 679.15302 614.17700 687.46100 653.91901 686.74298 690.02100 685.79797 684.45898 702.28003 702.82703 723.10101 721.21997 737.28198 727.13397 730.67603 746.83398 289.47900 237.70599 216.51900
-9999 -9999 -9999 -9999 -9999 -9999 -9999 -9999 -9999 -9999 146.77200 142.79100 142.66600 143.86200 141.98300 141.16600 141.50800 141.59300 141.63499 142.28200 142.59399 142.12500 142.56700 -9999 -9999 -9999 -9999 -9999 -9999 150.17900 152.20200 366.94400 370.47299 379.50699 386.65601 583.06500 596.73499 424.65900 416.00400 570.25500 572.02802 573.75598 582.10901 751.56897 742.42902 755.43500 764.11603 630.02502 662.82202 671.91302 671.67499 570.04303 602.08398 635.96399 703.09497 673.18103 673.45203 679.80902 678.38098 688.50897 710.47803 701.27100 653.78198 728.75098 747.14600 742.69202 720.93903 264.36301 233.15199 237.94701
-9999 -9999 -9999 -9999 -9999 -9999 -9999 -9999 -9999 -9999 -9999 -9999 141.12601 141.81200 141.69600 139.69701 139.85001 139.35100 139.46800 -9999 -9999 -9999 -9999 -9999 -9999 -9999 -9999 -9999 -9999 -9999 -9999 -9999 -9999 377.32599 554.14203 569.58099 588.22803 572.46600 397.01199 392.18201 573.13800 573.65100 582.09302 597.07800 606.03900 748.70300 767.64001 622.53900 644.88397 657.78802 669.70502 676.98102 681.67499 674.88599 681.32800 661.16699 668.56299 644.49103 505.73901 678.44202 703.82300 698.64502 712.11499 724.50000 732.67401 720.57800 649.57599 231.05499 231.41800 254.89700
-9999 -9999 -9999 -9999 -9999 -9999 -9999 -9999 -9999 -9999 -9999 -9999 -9999 -9999 -9999 -9999 -9999 -9999 -9999 -9999 -9999 -9999 -9999 -9999 -9999 -9999 -9999 -9999 -9999 -9999 -9999 -9999 -9999 -9999 566.96002 566.29102 564.23602 567.42401 380.09900 564.55902 564.00500 574.34998 726.07599 596.06201 760.12500 756.41699 646.99402 609.33002 634.58899 643.04498 653.67499 667.80798 681.95599 668.49902 665.77399 655.97900 641.19501 670.47400 655.08398 675.67798 697.89099 712.10797 712.04797 730.04199 724.09399 694.94897 684.14301 237.56900 247.63499 272.85599
