data/hydroclimate-scenarios/BCSD_hadcm_A1B/monthly_summaries/soilm1_monthly_day1_dec.2030-2059.asc
ncols	311
nrows	91
xllcenter	102.75
yllcenter	31.75
cellsize	0.5
NODATA_value	-9999
[rows 32 to 63 of 91, columns 0 to 70 of 311]
-9999 -9999 -9999 -9999 -9999 -9999 -9999 -9999 -9999 -9999 -9999 78.38900 78.42310 80.56970 78.98250 80.02670 79.57750 80.84860 79.22510 78.83790 79.94100 80.89870 81.23110 80.96110 78.44100 77.29540 77.38480 80.33670 82.18340 85.82190 85.87180 85.39040 85.70290 85.68550 84.59230 83.24950 82.03500 81.25770 79.34180 78.44370 77.65140 77.14210 77.80670 77.54840 77.12600 77.71690 77.28280 77.38740 77.09880 77.05840 76.78990 75.26950 74.92260 75.17460 74.08950 74.22630 75.16440 75.28280 74.85770 75.01250 75.44360 74.75920 73.29280 77.23300 77.43470 73.88000 74.15330 75.51960 75.31600 74.07540 73.54400
-9999 -9999 -9999 -9999 -9999 -9999 -9999 -9999 -9999 -9999 -9999 79.21400 79.17330 79.05980 78.59910 79.76470 80.08260 81.28790 81.37010 81.30860 81.30830 81.17010 80.11690 78.86970 78.01890 76.52570 74.55360 77.16860 77.46440 77.69120 81.56420 83.59930 82.41550 79.98330 79.03460 76.84550 78.64430 79.71620 78.59090 76.94270 77.77940 77.22490 77.61550 77.98650 78.28880 78.18280 77.84910 78.05340 77.61080 77.02820 76.61960 75.58420 75.10720 74.32470 74.62700 76.57180 76.13530 75.44840 76.30420 77.02780 76.50800 77.99760 77.86070 76.20630 78.71480 75.95240 75.59850 74.91630 74.44480 74.38410 73.82460
-9999 -9999 -9999 -9999 -9999 -9999 -9999 -9999 -9999 -9999 -9999 -9999 77.71740 78.01180 77.51830 77.67770 80.28140 81.52200 81.68860 81.53240 79.74150 76.88540 73.46890 76.57790 74.80490 71.53960 71.99020 73.70700 74.75900 75.77270 76.46300 78.36860 79.46240 79.94800 79.22020 78.90410 78.05730 79.49720 77.96930 75.64290 75.91470 76.21130 76.47850 77.59520 77.87050 78.76300 78.56430 78.29360 77.99380 78.03760 77.51910 77.12530 77.00260 76.63860 75.41960 74.01420 73.70570 73.70430 78.22720 78.44620 78.05110 73.81240 73.49550 74.33480 74.60350 78.26940 75.87730 75.52000 74.99830 75.65790 75.31630
-9999 -9999 -9999 -9999 -9999 -9999 -9999 -9999 -9999 -9999 -9999 -9999 77.19670 77.83840 79.70060 80.18260 80.41910 79.87070 79.43650 78.54280 77.95540 76.76640 76.40240 75.41950 74.76430 73.64850 74.37990 74.35790 74.37060 73.65370 75.91490 78.19950 79.19880 77.65780 78.05780 77.69630 76.90550 78.28850 79.02640 75.77090 75.96840 75.46330 76.51520 79.19650 79.77310 79.17640 79.55750 77.95920 77.30610 77.52030 76.67800 76.60090 76.77910 77.06520 76.77570 75.00850 77.80530 74.11810 76.57870 76.52170 75.15890 74.69710 76.21710 76.86180 76.03450 75.43560 75.45460 75.61580 75.61540 76.48380 76.47770
-9999 -9999 -9999 -9999 -9999 -9999 -9999 -9999 -9999 -9999 -9999 -9999 80.11880 80.11020 79.47590 78.44540 78.29650 78.05560 74.89920 76.13860 77.22940 76.77410 76.48160 75.23240 75.15480 74.78980 75.10120 73.24220 73.78160 70.71610 70.20600 77.25280 77.35430 76.89410 77.05030 75.51350 74.89770 76.68110 76.58270 76.54010 76.51660 76.05010 76.20020 78.21610 77.56260 73.91870 76.62790 76.30970 76.23200 76.20370 75.77280 75.98100 75.37220 74.84080 73.31730 72.17530 71.03130 75.22680 75.79500 76.02160 75.45540 74.58930 74.75860 75.65860 75.47260 76.24230 76.33110 77.53240 77.30030 77.65080 77.96500
-9999 -9999 -9999 76.44890 76.61020 75.96060 75.98490 76.51380 76.51380 -9999 79.68300 79.74240 78.82740 77.75630 77.77380 77.90450 77.03500 75.20730 76.18550 76.89950 77.20090 77.08370 76.97050 76.75520 74.25690 75.89640 76.13290 75.20720 73.23160 71.76220 76.05830 76.38300 76.07060 69.75220 72.70270 65.94330 72.26360 75.66410 76.54110 76.55630 76.53140 76.21290 76.48910 76.08740 75.64700 75.02020 76.39490 73.03930 75.79820 76.09220 72.80260 69.29120 69.93410 73.21310 73.51360 74.99270 74.69690 74.04610 72.12830 73.68480 75.52540 75.36130 72.96620 75.45130 74.89680 76.32640 76.55070 77.26430 77.78200 77.67040 77.67170
-9999 -9999 -9999 76.93950 76.61920 76.76590 76.52690 76.99750 76.65230 77.40010 78.65170 77.84000 78.29210 75.07220 74.49790 76.79910 71.72590 77.97480 78.33450 78.44530 78.32150 77.96890 78.31680 78.51320 74.76350 72.21980 72.91470 74.16790 75.71270 69.98970 65.27650 71.31790 75.42560 72.02120 68.67050 68.94370 73.60650 75.43030 76.24310 74.74260 75.66370 75.78800 76.61520 76.04500 74.09880 74.20270 76.05770 75.63080 72.67460 70.10100 71.08570 75.94890 75.81980 75.64290 75.82290 74.70590 74.64320 74.42480 74.36840 72.91480 73.59350 75.52450 74.81600 73.58010 75.72550 76.78740 76.87990 77.21520 77.36040 75.78710 73.66610
-9999 -9999 -9999 76.53830 76.90150 77.00170 77.90280 77.69090 77.96150 78.06480 78.17670 78.20140 77.89340 76.22540 75.13420 76.65610 74.89350 72.89980 76.80930 78.07290 78.05980 74.34440 67.17120 68.96710 72.88790 72.62030 75.45960 75.55930 72.30580 70.93520 72.79300 76.17050 72.86040 70.44800 69.26170 71.02690 75.46820 76.06390 73.18950 69.12950 71.81090 73.88970 76.32190 76.95660 76.90550 76.49670 76.53240 69.54930 69.76080 76.25080 76.02380 76.56190 76.31670 75.98170 75.80820 75.36570 75.07940 75.36150 74.85040 74.81910 71.71490 72.25640 76.67200 76.19700 76.45180 77.22520 77.23120 75.97480 71.29040 73.86210 74.60260
-9999 -9999 -9999 76.66660 77.36520 78.45490 78.41550 78.20440 77.10260 76.68020 77.58930 77.80680 75.37050 75.00250 76.76530 70.02320 72.01230 80.06030 81.63420 77.38860 70.93260 66.03000 70.84690 78.14160 75.56120 71.03000 74.77710 76.35860 75.83400 72.09400 70.93400 71.16350 70.56140 73.06230 75.30380 72.99300 72.81230 73.51010 74.46690 74.87410 74.00820 72.79080 73.03510 74.57580 76.25190 76.93430 76.78600 75.73540 76.25570 76.24330 75.93320 76.52670 76.13620 72.28470 75.86470 72.03040 70.91160 69.83280 70.70970 69.76370 67.03290 73.32320 74.19870 76.00450 74.92250 73.75430 76.24950 75.79380 75.27300 75.59220 76.68910
-9999 -9999 -9999 75.57800 77.53220 78.05940 78.28170 77.83470 77.24480 77.17050 78.00090 76.23820 72.86610 73.08100 85.11840 82.29650 75.39420 74.83240 76.93110 72.22400 70.96900 75.15430 78.96840 72.28980 69.19880 71.46960 77.77010 77.30910 74.31230 75.06290 72.28890 72.67380 73.05700 74.26100 75.44980 73.29840 73.32090 74.95080 75.31840 73.74340 72.00560 73.40780 75.28740 75.27750 75.84680 76.29160 76.08510 74.72770 72.80930 75.62530 74.45340 73.08380 70.58060 71.43190 72.75440 70.71260 70.69770 69.05880 71.20500 74.70400 74.12210 74.78330 75.78780 73.20030 71.68150 72.42580 74.98580 73.70720 75.53460 76.51250 77.53880
-9999 -9999 -9999 -9999 77.08040 77.79380 78.05670 77.64540 77.20190 76.32310 77.59190 77.54570 73.33710 70.01360 -9999 -9999 -9999 -9999 -9999 74.45160 81.07470 82.63220 81.05780 74.80400 74.34830 75.25910 74.72880 77.07630 77.46190 76.45190 76.24830 74.16670 75.13610 74.35520 71.79750 71.66990 70.37740 71.71590 74.53650 73.58710 73.17530 72.06520 74.61800 75.11820 74.16860 73.52770 70.94130 72.46370 75.44820 79.42960 75.49100 75.55090 75.80580 75.14400 74.95300 74.40840 74.38890 74.48890 70.38280 72.87270 74.96780 74.94990 76.00340 75.39340 75.61880 75.99670 75.84350 76.48210 79.90360 -9999 -9999
-9999 -9999 75.39850 76.92530 77.72350 77.90730 77.87160 77.43290 77.18720 76.68030 77.84530 77.30940 75.60400 -9999 -9999 -9999 -9999 -9999 80.28900 85.33520 81.59760 77.13210 76.94500 76.98200 80.88780 92.98610 81.49500 77.48900 76.98640 75.40720 70.22580 74.80100 74.24750 72.86570 74.17010 71.63490 72.28670 73.38550 73.99860 75.08970 74.95360 75.01270 75.02890 75.22060 75.43260 75.34280 75.39800 75.54450 76.87930 89.72640 89.95090 89.82190 91.27660 84.65660 79.10970 75.81040 75.08700 72.40160 71.37350 74.25270 74.50900 74.14780 76.67870 76.00930 76.34320 75.95290 76.66360 -9999 -9999 -9999 -9999
-9999 -9999 78.03300 77.96790 77.64780 77.25790 75.82740 77.15160 77.31340 77.18480 77.98150 77.91390 76.81410 -9999 -9999 -9999 -9999 76.96740 77.12890 77.04930 74.57640 75.94370 77.88270 83.51120 81.58570 76.75210 73.90410 75.45670 74.71540 75.93790 74.36750 74.52740 75.19820 75.93460 75.05430 76.80200 76.82100 73.03430 73.96500 74.81850 75.06240 74.88630 74.89990 75.59600 71.51480 68.79150 70.00470 69.64400 71.01960 72.68650 75.08480 79.53910 80.63760 84.97450 84.78430 76.43710 74.49410 74.88050 76.64200 78.38220 76.52930 75.89410 76.80120 77.96230 76.54940 -9999 -9999 -9999 -9999 -9999 77.77370
-9999 -9999 76.10160 76.90240 78.10020 78.00380 73.84240 73.79480 77.22490 77.43970 77.64620 76.91410 76.84450 -9999 -9999 -9999 -9999 76.60350 77.26000 75.73240 73.05100 76.17910 81.58910 77.49610 77.56690 76.73780 74.90860 74.14670 74.46380 73.27320 74.01220 76.44080 75.70160 75.36740 75.91730 75.67400 75.37190 75.23750 75.16310 75.79230 76.19740 77.19250 76.27120 75.83410 73.65080 70.63690 69.55550 67.14670 65.62540 65.73810 68.71490 69.73960 74.14240 72.32130 75.29940 75.43060 76.55970 77.06730 76.30870 76.91230 77.37620 77.42730 77.15010 71.83040 71.11140 77.18950 77.11820 77.71410 77.56660 -9999 -9999
-9999 -9999 -9999 73.45790 77.03330 78.41390 77.09690 76.50580 78.13040 74.37830 68.17250 77.19160 -9999 -9999 -9999 -9999 76.74000 76.98890 76.93840 76.39020 76.79780 77.82970 74.55790 76.19500 76.45620 74.74680 73.94110 71.91470 73.03900 75.32380 75.30320 75.12300 73.43480 69.31600 65.72740 66.22990 71.22360 74.85000 76.28230 76.60760 77.47250 76.77120 78.93990 78.41620 78.30430 79.12910 77.64800 76.19580 73.62880 69.79230 74.99530 83.87350 79.64340 84.09130 92.51270 94.79860 83.69950 76.86210 76.43180 77.05840 77.16380 77.28090 76.91250 74.08500 68.75070 75.67650 78.67700 80.00580 77.53540 77.59520 -9999
-9999 -9999 -9999 -9999 74.95160 77.77680 75.91260 78.52330 78.60240 77.85830 76.74030 -9999 -9999 -9999 -9999 77.80750 74.84850 71.06420 74.25890 66.41990 68.76000 66.98030 66.31490 69.25490 73.88440 69.13320 64.55100 65.95530 64.79730 67.71910 67.97790 66.48510 65.02560 64.96790 66.90560 76.01320 76.87470 75.99220 76.00340 76.04600 75.40290 76.89960 76.54820 76.85980 76.48400 73.68560 75.25850 81.23920 76.84170 77.61590 76.50500 85.72010 83.89450 82.81290 84.49500 86.69830 94.56450 85.10260 82.29540 77.13660 76.88490 75.07090 73.52840 72.33930 71.18670 77.10690 77.11450 77.74400 77.99200 78.15780 79.48280
-9999 -9999 -9999 -9999 -9999 -9999 79.25980 80.21550 71.22880 74.66980 68.30680 -9999 -9999 -9999 -9999 -9999 68.29680 65.58780 66.46640 64.59080 64.47060 63.46520 68.96520 71.33820 65.39460 63.67220 69.53020 83.88450 84.02800 76.05040 66.79860 64.78600 69.17880 66.01370 66.95810 64.91420 74.61870 75.68150 75.86510 75.94440 75.46370 77.05670 77.16680 77.00020 78.49330 76.88010 74.57760 78.25520 81.96350 92.13010 85.66060 87.99460 77.79770 78.49710 76.40690 76.06130 82.56250 84.44370 76.08610 69.07240 68.58430 69.86330 72.02320 69.20950 67.87100 71.97730 78.28740 78.38200 77.72720 77.70400 78.61410
-9999 -9999 -9999 -9999 -9999 -9999 -9999 -9999 -9999 -9999 -9999 -9999 -9999 -9999 -9999 -9999 -9999 -9999 -9999 63.79850 65.71370 68.48430 65.72120 63.90950 67.20810 67.40740 68.20620 66.86830 65.41610 65.22810 65.64050 70.05140 77.62320 74.40450 68.36610 68.16650 75.80810 77.61370 76.88530 76.34210 76.05720 75.74910 76.28970 76.78220 76.58240 74.37550 74.56840 78.20230 81.24610 78.90480 79.23530 76.29250 80.37930 81.47650 78.60120 76.28450 68.04730 69.36980 67.19670 67.46140 73.09100 75.62580 67.12520 66.74550 65.85910 73.27880 75.78670 77.12180 77.80950 80.14070 79.57420
-9999 -9999 -9999 -9999 -9999 -9999 -9999 -9999 -9999 -9999 -9999 -9999 -9999 -9999 -9999 -9999 -9999 -9999 65.07830 68.00410 66.89750 62.75550 63.28690 62.83630 67.14820 71.04170 71.48830 70.75720 64.26400 63.26590 64.01730 64.68670 64.77490 64.94430 72.01750 77.82820 75.32210 76.74850 75.77330 76.43030 76.11110 75.82810 75.79060 76.23390 74.87160 75.97630 75.66420 74.47910 76.54390 80.54030 81.05550 84.29260 85.67690 82.88190 79.04980 77.35770 70.12810 69.03730 74.68550 69.46240 76.14500 78.59670 70.26560 69.41880 75.51550 73.45110 69.84330 77.12850 77.73080 77.79640 78.99440
-9999 -9999 -9999 -9999 -9999 -9999 -9999 -9999 -9999 -9999 -9999 -9999 -9999 -9999 -9999 -9999 -9999 65.33890 67.23810 63.93410 63.81190 63.28710 64.62130 66.84610 67.27860 69.30870 75.77670 67.90980 69.92180 71.22000 71.00020 72.10440 69.94370 71.02440 79.93620 79.27100 77.38050 76.52470 76.62350 75.84850 73.90990 75.65880 74.93720 75.86590 74.18710 73.78490 77.83470 78.30490 74.51020 80.16580 81.64880 82.32040 78.98620 78.78600 79.56140 80.11860 68.73460 68.14420 68.01070 67.63200 71.57800 76.19090 71.24020 72.87120 65.83690 67.38220 70.04950 68.98780 76.14650 77.61750 75.24660
-9999 -9999 -9999 -9999 -9999 -9999 -9999 -9999 -9999 -9999 -9999 -9999 -9999 -9999 -9999 -9999 -9999 67.21920 65.25650 63.70310 66.77020 70.97650 66.60840 65.08350 63.26870 60.47370 62.87700 61.79560 65.45240 66.54240 77.01390 77.61890 76.45490 78.10950 80.60920 81.69590 81.19260 75.24490 73.81930 74.45080 73.65660 73.85220 74.38970 72.87070 73.70270 77.60700 73.54780 74.34670 72.32850 74.07310 80.96660 83.71280 83.85810 83.10070 82.71010 80.45680 71.00030 69.29810 68.96950 71.25120 68.37180 67.24800 67.23940 66.35520 66.96100 67.78750 68.61710 71.95660 83.35420 81.97280 78.64400
-9999 -9999 -9999 -9999 -9999 -9999 -9999 -9999 -9999 -9999 -9999 -9999 -9999 -9999 -9999 -9999 75.99220 74.17940 65.10500 68.93820 67.75380 63.60790 60.34260 58.99260 56.09570 56.95920 58.50060 58.69170 59.30840 62.26670 64.33610 64.75160 64.20510 76.05280 78.93480 79.31780 75.55520 76.70720 74.76200 72.89240 70.44510 73.55740 76.99140 72.01650 70.94660 73.26800 72.49920 73.90570 73.27590 69.97800 79.59440 82.07880 82.38280 82.83120 82.88480 80.22030 80.47920 72.92530 77.47110 70.68320 69.34930 69.41260 71.04780 73.57510 74.94640 88.59610 93.10660 91.76620 86.00710 81.20560 78.44700
-9999 -9999 -9999 -9999 -9999 -9999 -9999 -9999 -9999 -9999 -9999 -9999 -9999 64.30350 64.12000 69.08560 66.89530 69.36370 70.28470 65.56990 63.43940 58.79310 55.95530 55.86720 55.90400 55.77050 54.89670 55.46820 55.14750 55.62450 73.01610 72.50190 63.15060 62.06410 77.42770 81.91780 79.39150 75.33670 74.71490 73.16490 73.45990 74.57040 74.19770 73.23170 79.18970 83.67450 80.23790 82.97860 83.76760 78.69310 78.36730 77.47440 76.31220 76.31350 81.14080 79.78290 77.28880 76.19050 76.09440 75.40820 76.22470 81.59200 77.66960 86.17620 90.05460 84.89950 91.88430 86.43880 80.59750 80.49900 77.94810
-9999 -9999 -9999 -9999 -9999 -9999 -9999 -9999 -9999 -9999 -9999 -9999 64.50960 64.55360 73.53360 71.40920 69.95540 65.45740 61.95440 59.88950 59.68490 60.87470 59.78130 59.61060 55.86580 55.21140 54.78890 53.24700 72.17880 70.98650 76.58450 73.35890 74.36470 59.76010 74.77100 80.05070 73.57930 74.43780 73.96920 73.21430 71.89020 72.81790 76.53630 80.29700 85.96760 81.48990 77.07480 83.75980 87.36310 88.68970 75.00450 75.11380 72.88120 75.59500 74.70590 78.41290 81.95640 81.97270 81.20750 81.35800 77.42590 79.87420 80.69890 80.12710 82.40610 84.88230 85.25730 80.48100 81.79000 78.24690 68.69390
-9999 -9999 -9999 -9999 -9999 -9999 -9999 -9999 -9999 -9999 -9999 73.50380 70.13980 69.65460 66.76910 61.24180 59.22370 61.17190 61.48160 60.63310 61.21110 55.44410 54.77960 55.40440 56.12490 56.27690 71.14040 54.70460 70.45640 70.45120 75.90860 55.35650 58.16770 60.21000 67.54240 79.34840 74.41340 74.65220 72.47380 71.58810 71.31830 78.00830 80.98410 84.97470 87.07210 85.63930 87.09440 86.56970 86.56410 86.44500 83.17050 76.05170 76.37720 77.66310 76.15050 76.63480 80.79610 80.52540 79.83440 79.66610 82.32100 80.59180 80.17000 78.22600 84.87170 81.16460 81.10440 82.75140 79.20120 72.96530 65.79290
-9999 -9999 -9999 -9999 -9999 -9999 -9999 -9999 -9999 -9999 65.26290 67.21170 64.22890 64.49430 60.40320 57.48100 56.09880 55.69140 56.18790 56.95180 55.39980 53.52670 53.45890 54.10960 54.13750 55.24450 55.31430 69.90810 70.78330 54.97630 56.88590 55.39400 52.64630 75.87270 80.97480 75.44960 74.52890 73.82880 72.93520 71.28600 78.36700 81.72370 82.98470 87.01780 86.96020 84.02410 85.18730 87.25260 86.10700 87.43250 86.17920 77.64780 78.90170 77.77390 76.74170 76.79460 81.12030 83.28200 83.28400 85.84590 84.34950 80.24290 79.17680 80.81970 83.45800 82.50160 85.26720 80.41010 77.58970 69.52200 67.80490
-9999 -9999 -9999 -9999 -9999 -9999 -9999 -9999 -9999 62.10680 62.04110 59.78300 58.57760 60.76220 58.06980 55.73360 55.13850 53.93430 53.09280 53.38530 53.67750 54.63870 54.52690 53.67960 54.20120 55.86300 55.64830 56.96180 57.43250 57.35660 57.03240 60.03090 62.30840 65.61800 81.74720 76.66680 76.42090 74.11020 73.84800 72.72300 82.00860 82.26490 84.08080 89.07890 86.85480 95.12220 87.26760 85.70100 89.16620 88.22340 88.54270 81.52340 76.65290 79.47620 76.58600 82.49260 85.70970 86.14400 85.50130 86.85180 81.28460 80.27330 78.09820 83.09360 78.29590 80.14030 81.10090 78.48960 69.99180 67.60980 67.84060
-9999 -9999 -9999 -9999 -9999 -9999 -9999 -9999 -9999 -9999 57.26540 54.51690 54.03760 56.00710 53.69520 52.42770 52.37630 52.69930 52.47650 51.86250 52.24830 53.19900 53.40430 -9999 -9999 -9999 -9999 -9999 -9999 55.83920 57.68000 60.51950 66.02310 68.70490 72.19910 77.53390 77.76360 73.49070 71.57800 68.82240 79.15950 81.04960 73.76310 93.32130 89.01940 94.08870 94.61700 83.94900 86.51550 86.76330 82.88210 78.04100 77.37940 77.68160 82.85670 82.52340 83.23380 84.05730 87.68470 86.25350 84.44830 78.38050 79.33270 82.53500 79.13600 81.05940 80.77400 76.00230 71.77850 74.08370 70.30740
-9999 -9999 -9999 -9999 -9999 -9999 -9999 -9999 -9999 -9999 -9999 -9999 52.10230 51.89430 51.43680 48.07120 48.32890 50.39120 50.87240 -9999 -9999 -9999 -9999 -9999 -9999 -9999 -9999 -9999 -9999 -9999 -9999 -9999 -9999 66.23290 71.14370 76.80560 82.75500 73.41600 68.98260 61.76050 75.27080 81.53850 78.55810 77.86040 78.51150 89.49650 95.33730 85.68310 88.15140 88.77020 88.49490 80.66280 80.82150 80.10890 85.43770 85.98300 84.25920 78.70960 76.42900 81.87280 80.67560 77.92580 80.72750 80.82290 80.04110 80.73100 77.22970 69.13480 70.92410 76.74540 85.58140
-9999 -9999 -9999 -9999 -9999 -9999 -9999 -9999 -9999 -9999 -9999 -9999 -9999 -9999 -9999 -9999 -9999 -9999 -9999 -9999 -9999 -9999 -9999 -9999 -9999 -9999 -9999 -9999 -9999 -9999 -9999 -9999 -9999 -9999 79.54810 80.98720 79.80650 79.52060 65.34010 77.00150 77.13140 80.95470 81.90880 74.96010 93.50490 93.73230 92.38600 86.08280 85.90690 86.73480 84.64960 80.53330 85.88770 80.24750 80.20030 81.45860 80.67980 82.58610 80.08740 80.15710 78.21580 86.80520 82.60040 81.54390 81.33230 81.75690 80.62830 72.29230 74.62400 81.62820 87.57380
-9999 -9999 -9999 -9999 -9999 -9999 -9999 -9999 -9999 -9999 -9999 -9999 -9999 -9999 -9999 -9999 -9999 -9999 -9999 -9999 -9999 -9999 -9999 -9999 -9999 -9999 -9999 -9999 -9999 -9999 -9999 -9999 -9999 -9999 67.82510 78.54950 78.17690 66.84600 62.52030 78.68720 80.82500 88.33950 88.99550 83.01740 79.67870 85.31020 85.21110 86.20120 87.44770 87.37190 84.55730 88.21540 79.21280 79.14650 78.67330 77.61840 82.62580 78.96170 80.38330 85.99420 84.42640 86.83670 82.33660 80.43140 82.12430 73.41510 82.16110 74.48840 78.47240 85.47610 -9999
-9999 -9999 -9999 -9999 -9999 -9999 -9999 -9999 -9999 -9999 -9999 -9999 -9999 -9999 -9999 -9999 -9999 -9999 -9999 -9999 -9999 -9999 -9999 -9999 -9999 -9999 -9999 -9999 -9999 -9999 -9999 -9999 -9999 -9999 -9999 -9999 -9999 -9999 78.48580 79.16400 82.29630 80.06710 76.11140 79.60370 87.74780 84.93220 84.73470 86.50820 88.86960 87.18810 87.53710 84.89710 84.32450 79.15470 81.85190 77.84740 74.61110 77.13960 80.60240 81.42080 81.69870 82.73720 83.90720 80.99910 79.54250 74.22320 78.81260 84.31350 78.30680 -9999 -9999
