data/hydroclimate-scenarios/BCSD_hadcm_A1B/monthly_summaries/soilm1_monthly_day1_nov.2070-2099.asc
ncols	311
nrows	91
xllcenter	102.75
yllcenter	31.75
cellsize	0.5
NODATA_value	-9999
[rows 0 to 31 of 91, columns 213 to 283 of 311]
-9999 -9999 -9999 -9999 -9999 -9999 -9999 -9999 -9999 -9999 -9999 -9999 -9999 -9999 -9999 -9999 -9999 -9999 -9999 -9999 -9999 -9999 -9999 -9999 -9999 -9999 -9999 -9999 -9999 -9999 -9999 -9999 -9999 -9999 -9999 -9999 -9999 -9999 -9999 -9999 -9999 -9999 -9999 -9999 -9999 -9999 -9999 -9999 -9999 -9999 -9999 -9999 -9999 -9999 -9999 -9999 -9999 -9999 -9999 -9999 -9999 -9999 -9999 -9999 -9999 -9999 -9999 -9999 -9999 -9999 -9999
-9999 -9999 -9999 -9999 -9999 -9999 -9999 -9999 -9999 -9999 -9999 -9999 -9999 -9999 -9999 -9999 -9999 -9999 -9999 -9999 -9999 -9999 -9999 -9999 -9999 -9999 -9999 -9999 -9999 -9999 -9999 -9999 -9999 -9999 -9999 -9999 -9999 -9999 -9999 -9999 -9999 -9999 -9999 -9999 -9999 -9999 -9999 -9999 -9999 -9999 -9999 -9999 -9999 -9999 -9999 -9999 -9999 -9999 -9999 -9999 -9999 -9999 -9999 -9999 -9999 -9999 -9999 -9999 -9999 -9999 -9999
-9999 -9999 -9999 -9999 -9999 -9999 -9999 -9999 -9999 -9999 -9999 -9999 -9999 -9999 -9999 -9999 -9999 -9999 -9999 -9999 -9999 -9999 -9999 -9999 -9999 -9999 -9999 -9999 -9999 -9999 -9999 -9999 -9999 -9999 -9999 -9999 -9999 -9999 -9999 -9999 -9999 -9999 -9999 -9999 -9999 -9999 -9999 -9999 -9999 -9999 -9999 -9999 -9999 -9999 -9999 -9999 -9999 -9999 -9999 -9999 -9999 -9999 -9999 -9999 -9999 -9999 -9999 -9999 -9999 -9999 -9999
-9999 -9999 -9999 -9999 -9999 -9999 -9999 -9999 -9999 -9999 -9999 -9999 -9999 -9999 -9999 -9999 -9999 -9999 -9999 -9999 -9999 -9999 -9999 -9999 -9999 -9999 -9999 -9999 -9999 -9999 -9999 -9999 -9999 -9999 -9999 -9999 -9999 -9999 -9999 -9999 -9999 -9999 -9999 -9999 -9999 -9999 -9999 -9999 -9999 -9999 -9999 -9999 -9999 -9999 -9999 -9999 -9999 -9999 -9999 -9999 -9999 -9999 -9999 -9999 -9999 -9999 -9999 -9999 -9999 -9999 -9999
-9999 -9999 -9999 -9999 -9999 -9999 -9999 -9999 -9999 -9999 -9999 -9999 -9999 -9999 -9999 -9999 -9999 -9999 -9999 -9999 -9999 -9999 -9999 -9999 -9999 -9999 -9999 -9999 -9999 -9999 -9999 -9999 -9999 -9999 -9999 -9999 -9999 -9999 -9999 -9999 -9999 -9999 -9999 -9999 -9999 -9999 -9999 -9999 -9999 -9999 -9999 -9999 -9999 -9999 -9999 -9999 -9999 -9999 -9999 -9999 -9999 -9999 -9999 -9999 -9999 -9999 -9999 -9999 -9999 -9999 -9999
-9999 -9999 -9999 -9999 -9999 -9999 -9999 -9999 -9999 -9999 -9999 -9999 -9999 -9999 -9999 -9999 -9999 -9999 -9999 -9999 -9999 -9999 -9999 -9999 -9999 -9999 -9999 -9999 -9999 -9999 -9999 -9999 -9999 -9999 -9999 -9999 -9999 -9999 -9999 -9999 -9999 -9999 -9999 -9999 -9999 -9999 -9999 -9999 -9999 -9999 -9999 -9999 -9999 -9999 -9999 -9999 -9999 -9999 -9999 -9999 -9999 -9999 -9999 -9999 -9999 -9999 -9999 -9999 -9999 -9999 -9999
-9999 -9999 -9999 -9999 -9999 -9999 -9999 -9999 -9999 -9999 -9999 -9999 -9999 -9999 -9999 -9999 -9999 -9999 -9999 -9999 -9999 -9999 -9999 -9999 -9999 -9999 -9999 -9999 -9999 -9999 -9999 -9999 -9999 -9999 -9999 -9999 -9999 -9999 -9999 -9999 -9999 -9999 -9999 -9999 -9999 -9999 -9999 -9999 -9999 -9999 -9999 -9999 -9999 -9999 -9999 -9999 -9999 -9999 -9999 -9999 -9999 -9999 -9999 -9999 -9999 -9999 -9999 -9999 -9999 -9999 -9999
-9999 -9999 -9999 -9999 -9999 -9999 -9999 -9999 -9999 -9999 -9999 -9999 -9999 -9999 -9999 -9999 -9999 -9999 -9999 -9999 -9999 -9999 -9999 -9999 -9999 -9999 -9999 -9999 -9999 -9999 -9999 -9999 -9999 -9999 -9999 -9999 -9999 -9999 -9999 -9999 -9999 -9999 -9999 -9999 -9999 -9999 -9999 -9999 -9999 -9999 -9999 -9999 -9999 -9999 -9999 -9999 -9999 -9999 -9999 -9999 -9999 -9999 -9999 -9999 -9999 -9999 -9999 -9999 -9999 -9999 -9999
-9999 -9999 -9999 -9999 -9999 -9999 -9999 -9999 -9999 -9999 -9999 -9999 -9999 -9999 -9999 -9999 -9999 -9999 -9999 -9999 -9999 -9999 -9999 -9999 -9999 -9999 -9999 -9999 -9999 -9999 -9999 -9999 -9999 -9999 -9999 -9999 -9999 -9999 -9999 -9999 -9999 -9999 -9999 -9999 -9999 -9999 -9999 -9999 -9999 -9999 -9999 -9999 -9999 -9999 -9999 -9999 -9999 -9999 -9999 -9999 -9999 -9999 -9999 -9999 -9999 -9999 -9999 -9999 -9999 -9999 -9999
-9999 -9999 -9999 -9999 -9999 -9999 -9999 -9999 -9999 -9999 -9999 -9999 -9999 -9999 -9999 -9999 -9999 -9999 -9999 -9999 -9999 -9999 -9999 -9999 -9999 -9999 -9999 -9999 -9999 -9999 -9999 -9999 -9999 -9999 -9999 -9999 -9999 -9999 -9999 -9999 -9999 -9999 -9999 -9999 -9999 -9999 -9999 -9999 -9999 -9999 -9999 -9999 -9999 -9999 -9999 -9999 -9999 -9999 -9999 -9999 -9999 -9999 -9999 -9999 -9999 -9999 -9999 -9999 -9999 -9999 -9999
-9999 -9999 -9999 -9999 -9999 -9999 -9999 -9999 -9999 -9999 -9999 -9999 -9999 -9999 -9999 -9999 -9999 -9999 -9999 -9999 -9999 -9999 -9999 -9999 -9999 -9999 -9999 -9999 -9999 -9999 -9999 -9999 -9999 -9999 -9999 -9999 -9999 -9999 -9999 -9999 -9999 -9999 -9999 -9999 -9999 -9999 -9999 -9999 -9999 -9999 -9999 -9999 -9999 -9999 -9999 -9999 -9999 -9999 -9999 -9999 -9999 -9999 -9999 -9999 -9999 -9999 -9999 -9999 -9999 -9999 -9999
-9999 -9999 -9999 -9999 -9999 -9999 -9999 -9999 -9999 -9999 -9999 -9999 -9999 -9999 -9999 -9999 -9999 -9999 -9999 -9999 -9999 -9999 -9999 -9999 -9999 -9999 -9999 -9999 -9999 -9999 -9999 -9999 -9999 -9999 -9999 -9999 -9999 -9999 -9999 -9999 -9999 -9999 -9999 -9999 -9999 -9999 -9999 -9999 -9999 -9999 -9999 -9999 -9999 -9999 -9999 -9999 -9999 -9999 -9999 -9999 -9999 -9999 -9999 -9999 -9999 -9999 -9999 -9999 -9999 -9999 -9999
-9999 -9999 -9999 -9999 -9999 -9999 -9999 -9999 -9999 -9999 -9999 -9999 -9999 -9999 -9999 -9999 -9999 -9999 -9999 -9999 -9999 -9999 -9999 -9999 -9999 -9999 -9999 -9999 -9999 -9999 -9999 -9999 -9999 -9999 -9999 -9999 -9999 -9999 -9999 -9999 -9999 -9999 -9999 -9999 -9999 -9999 -9999 -9999 -9999 -9999 -9999 -9999 -9999 -9999 -9999 -9999 -9999 -9999 -9999 -9999 -9999 -9999 -9999 -9999 -9999 -9999 -9999 -9999 -9999 -9999 -9999
72.73540 72.32590 71.75890 71.37740 72.57040 71.87240 -9999 -9999 -9999 -9999 -9999 -9999 -9999 -9999 -9999 -9999 -9999 -9999 -9999 -9999 -9999 -9999 -9999 -9999 -9999 -9999 -9999 -9999 -9999 -9999 -9999 -9999 -9999 -9999 -9999 -9999 -9999 -9999 -9999 -9999 -9999 -9999 -9999 -9999 -9999 -9999 -9999 67.50830 -9999 -9999 -9999 -9999 -9999 -9999 -9999 -9999 -9999 -9999 -9999 -9999 -9999 -9999 -9999 -9999 -9999 -9999 -9999 -9999 -9999 -9999 -9999
70.53340 72.07620 73.41780 73.57540 72.56170 72.39770 64.32950 64.63980 65.52960 65.83600 62.46170 64.55830 64.34750 64.99790 64.56660 63.76220 62.63120 60.00380 75.18160 -9999 -9999 -9999 -9999 -9999 -9999 -9999 -9999 -9999 -9999 -9999 -9999 -9999 -9999 -9999 -9999 -9999 -9999 -9999 -9999 -9999 -9999 -9999 61.56410 58.64290 58.30440 57.31920 59.87350 61.85560 67.29650 -9999 -9999 -9999 72.01920 -9999 -9999 -9999 74.28010 75.04590 72.69500 -9999 -9999 -9999 -9999 -9999 -9999 -9999 -9999 -9999 -9999 -9999 -9999
69.40480 69.75250 65.12710 65.77570 64.46260 65.04950 58.89870 52.57720 56.88030 58.22540 58.82230 62.73680 62.24220 63.96760 64.58020 64.09660 62.84650 62.05970 58.99990 57.21890 57.70720 62.97450 67.56780 70.38820 65.55400 -9999 -9999 -9999 -9999 -9999 76.08880 74.95880 75.47930 71.45330 68.11190 67.49430 62.22170 61.82370 62.16600 62.48810 61.48880 62.40060 54.05490 55.15570 55.89430 57.33200 58.82650 60.01410 68.18440 69.05160 69.89590 70.66140 71.84270 72.96400 73.40180 72.96760 73.70890 72.29630 68.98140 69.59600 70.88140 71.36930 71.60610 72.59510 -9999 -9999 -9999 -9999 -9999 -9999 -9999
69.66670 71.03970 71.30870 71.36440 71.13630 71.40000 63.79040 65.02370 67.44680 68.84450 69.72950 69.90110 71.62710 72.46560 71.16200 71.54580 69.38810 68.49280 67.01760 67.65730 67.63310 65.72760 61.80690 69.23390 68.16600 69.77470 73.38700 68.43810 67.71750 66.88880 65.72450 76.31420 76.63760 76.59580 65.09120 64.38120 65.22670 63.94830 63.45970 63.38280 62.71710 63.19790 61.82330 61.57640 63.18510 63.88290 65.07320 65.94500 68.70280 69.97590 70.42890 71.11190 71.91390 72.31080 72.43330 72.53140 72.49220 73.18370 71.22340 71.00940 72.13210 72.07050 71.42420 69.53510 70.64460 70.88200 71.15630 71.03710 71.18110 70.71350 72.71740
73.09840 73.07300 73.62460 67.67990 68.96200 69.84290 72.00420 72.19670 72.31650 70.87210 67.50840 66.47540 69.73790 67.32130 64.82170 62.60660 66.25220 71.72710 77.23160 77.23910 77.52370 78.00700 80.49010 67.23390 57.93680 56.22470 62.64740 63.07450 62.68430 61.36850 56.59060 71.79910 78.65010 76.57860 66.83320 66.06270 66.89610 66.24240 65.53420 65.40660 64.36930 65.06210 64.09000 64.50440 64.77040 64.56210 65.24930 66.25950 68.82380 69.97810 70.12500 71.22620 71.49330 72.31830 71.75820 71.84990 72.31560 72.36980 70.41530 70.39290 72.05440 71.94710 70.21690 69.82380 71.18660 71.31790 71.28720 71.30230 71.54310 71.32480 73.62700
79.74030 79.52130 78.80170 78.93220 78.81410 77.72870 79.32420 67.69910 72.88600 76.15820 76.60120 76.39630 69.41820 76.52640 70.59140 80.05950 82.80450 78.20290 82.03790 83.34720 86.50560 87.31740 79.66650 60.23250 59.73460 58.42860 65.52940 55.99230 61.62720 54.48510 57.84720 61.93320 69.99880 74.41710 73.58940 73.21420 70.91230 75.94840 76.43990 75.98960 72.72330 72.92500 76.32400 76.44630 75.98900 76.68420 75.70890 70.83360 73.96820 73.56480 71.28400 71.51580 69.07790 69.54110 70.42970 70.30110 69.06650 69.38830 70.90870 70.87940 69.77240 73.88510 77.45610 78.55210 79.31660 78.87470 72.45430 71.39470 72.80880 73.11330 72.43070
86.28430 87.07980 85.34990 85.02280 83.63790 81.85030 81.20380 79.39520 80.62640 80.67020 80.55590 80.70580 80.33840 80.75430 81.54170 84.92640 86.29060 87.12600 91.13760 90.95710 87.70760 86.48240 79.68050 68.67620 56.68990 58.37990 59.77040 62.03370 65.51400 53.71850 64.78990 62.49370 64.29550 78.54310 83.59350 84.89310 84.31600 84.58530 83.95550 84.02200 84.01980 83.98420 83.53360 83.50630 83.55550 84.03970 83.85630 83.71440 85.91690 86.12180 84.46480 81.68920 77.94110 77.40600 72.52540 73.14950 72.66530 73.05380 78.44110 78.89440 79.61580 83.69640 84.50670 84.61940 84.60310 84.96190 84.74060 84.23880 83.63100 88.95250 89.44380
86.61200 86.31680 86.06550 82.56520 81.75650 81.81790 82.71800 82.43890 81.24780 80.70890 81.38460 81.40570 81.41980 83.58570 87.36020 87.75530 86.20480 87.77120 89.81230 87.02200 82.59370 78.98980 74.34570 70.14210 56.66000 57.68990 59.66920 59.62120 59.33290 56.10720 58.08230 68.64350 62.29840 61.54320 61.42160 67.86440 71.91960 77.74830 78.77690 79.70240 83.92490 83.99960 84.35700 83.97640 84.23560 84.71900 84.80580 84.52210 85.73110 85.74360 85.03020 85.24360 84.27330 84.67200 82.59540 83.38590 83.03460 82.87660 83.57690 83.77560 78.42580 83.86810 84.86750 84.96760 85.38820 85.33000 89.68860 88.43310 89.18620 89.35200 89.19020
84.06240 83.05790 84.71560 85.74640 85.25140 85.73380 86.63210 86.69730 86.22850 85.47990 85.27350 83.29640 81.81660 81.49090 84.36990 88.00920 86.48860 87.36400 90.55590 89.64210 80.50470 73.67660 56.26300 60.59060 66.24510 68.61750 64.08080 61.35540 59.42990 58.38170 53.10550 58.52540 59.40390 61.51410 62.66640 62.58710 61.28770 60.68980 60.82290 61.07980 62.41970 74.51030 86.42870 86.66120 84.88720 83.12040 80.14920 79.46000 87.53800 85.88840 84.42100 85.33410 84.83300 85.27410 83.83070 84.72800 84.85320 84.37460 83.84780 84.18000 83.00570 84.26020 85.35920 85.05140 85.45920 87.26820 89.71440 88.83320 89.34350 89.54530 89.50520
81.90990 82.21870 82.11970 81.77640 82.54750 84.80500 85.74890 82.26410 83.51620 87.84640 83.24350 85.54340 87.75570 82.90030 83.44940 85.88490 88.09340 86.43240 84.62170 83.34190 69.57590 61.50560 57.55850 59.57530 58.81320 68.03150 69.41130 70.82980 73.97610 71.02140 64.73320 63.52560 63.46240 64.58240 71.65290 74.38260 73.12290 72.45870 71.56190 70.49970 65.45160 66.98550 75.38590 85.13960 85.62360 86.67580 86.96480 85.26410 84.88740 84.57520 82.28180 81.15360 87.07770 84.85340 85.68440 85.49240 85.57560 86.13460 85.68000 86.48630 85.45780 85.12800 85.16190 84.87170 84.50280 86.07650 87.82010 88.00500 87.21310 87.29690 88.25810
83.53120 82.44180 82.54680 82.52080 83.26440 84.13280 83.48800 83.44800 78.44520 79.54340 82.21160 83.95710 75.44050 71.03310 71.74990 71.84530 75.14510 87.75940 87.28510 84.19200 75.26540 59.58940 59.38140 59.43590 57.23030 57.30580 57.84580 58.67290 60.63510 64.76750 71.22900 76.37900 72.72130 68.39270 61.11130 59.59400 56.70100 60.29370 68.39540 69.71970 67.03940 69.72220 74.63780 76.36380 78.09690 78.24690 81.32680 83.18600 85.21240 85.61050 87.56040 88.02950 86.33890 81.34920 87.35450 85.26670 85.35760 84.59610 86.32090 85.55400 84.51290 84.94360 84.26420 84.07450 83.72620 83.94020 88.65730 88.08580 86.75080 86.70700 88.05890
88.45780 87.41850 86.45950 85.37100 83.71820 84.49540 83.88520 83.68760 86.44870 85.70330 83.20410 84.02420 84.56520 84.14310 79.79380 82.65740 72.93540 79.89190 81.19670 88.50030 87.67690 69.93810 67.52390 67.17990 50.48340 50.58330 50.56710 52.17990 53.07400 53.01700 52.22580 52.29080 53.08160 52.06400 50.74030 52.34100 53.48050 54.96520 55.68980 58.85410 58.39110 60.85220 68.89240 70.22780 68.55580 69.61600 72.61820 75.92550 80.43420 82.50470 81.91940 84.78840 87.29720 85.93890 78.49990 85.37870 84.87540 85.64300 85.45750 85.60350 84.87740 84.34900 85.06410 84.37130 84.43730 85.05460 86.39260 89.86590 89.66360 88.67980 89.37100
88.82400 85.38160 80.57880 76.35180 83.22570 79.36300 77.85650 76.05690 76.53210 79.83420 78.65960 76.32390 71.24560 72.75960 80.55590 84.06690 83.38640 82.79500 82.52450 81.69150 80.69760 83.41340 72.85580 73.06230 69.10620 67.69280 66.47510 50.22460 51.48900 53.02790 55.59850 54.34560 52.74020 54.64110 52.03780 53.02960 55.02760 57.12610 57.95630 59.10040 61.12270 63.21170 73.04230 73.31730 73.98280 74.04020 75.62420 77.92950 79.52050 81.46740 81.73760 82.62420 83.74710 86.55220 84.27150 79.06610 84.62480 84.83280 84.83240 85.31830 84.48360 84.53320 85.39840 84.73750 83.78390 84.07400 86.95750 86.59560 88.48050 90.01160 89.96430
77.41320 75.02150 77.70690 81.59460 80.08150 89.87200 85.79050 84.71420 77.93630 83.51720 89.90190 84.40360 83.02130 78.15810 83.36400 90.38830 85.44680 80.96720 79.45450 80.46720 78.81220 77.72930 76.96460 80.13100 80.34510 81.13460 80.01060 77.15320 77.19490 83.82280 79.15880 67.28280 61.81850 63.36040 70.73950 71.87060 60.92630 64.90580 64.08300 67.52870 71.59080 74.85790 74.18200 75.07690 75.32420 78.09800 79.22320 77.63710 78.13820 79.99560 80.89140 82.32690 81.74930 82.34160 87.07630 78.71380 85.21860 84.55070 84.21550 84.45080 84.23570 84.24560 85.95660 85.28510 86.30620 86.75740 87.08950 86.93140 86.67830 87.96930 89.05230
69.77870 68.89590 76.17290 89.30920 87.72100 88.07070 91.93300 91.96070 84.81940 85.05420 84.95250 84.07440 83.65570 88.83630 90.30190 85.68770 86.94480 87.21390 87.87210 86.28580 87.30290 86.48180 83.65530 84.48930 79.83240 73.24340 70.33410 72.95490 73.91020 75.64970 70.16130 63.10290 61.46260 67.05520 58.99580 59.91320 66.06330 70.67110 70.06340 70.77580 71.56890 71.57250 74.23020 79.17700 80.54070 79.57590 78.11060 78.85180 80.19270 80.43640 80.12320 80.36770 81.05930 81.31430 85.83510 78.72460 78.28140 84.30590 84.64010 84.56910 84.19340 84.11610 86.04160 85.70670 86.71490 86.63660 86.59070 87.17460 87.03710 86.37810 88.47700
76.53050 81.20160 80.44180 80.24400 76.24780 75.39620 77.39860 82.73570 90.58090 92.82630 93.22240 93.37200 80.92980 77.86610 76.72340 75.53160 75.71640 75.20550 81.36380 82.69060 84.24200 85.95890 82.12910 78.10220 58.71440 51.58620 63.30770 68.33410 67.49500 72.50210 75.09800 69.84040 62.04530 55.73520 56.55180 61.21660 69.58450 70.25380 72.09180 75.23570 74.82000 75.01380 73.61550 79.46270 80.56490 80.89200 79.20390 76.95790 79.18320 75.30350 75.30580 75.81940 79.69710 81.47680 87.36350 82.76450 82.03940 84.80370 85.19810 84.17600 86.11850 86.31820 86.48680 86.58740 85.51430 85.44590 85.99570 87.66510 88.34230 86.55380 85.11890
82.72890 82.61120 81.23490 78.19760 74.94760 73.86780 74.02540 74.27370 77.31820 86.75950 92.11190 92.65310 86.88380 80.32160 79.14520 73.82340 74.12010 74.30630 74.41390 74.75410 77.29880 80.55680 84.96790 81.03320 75.01880 58.13650 50.43840 49.07220 59.41670 72.10350 69.67350 57.28870 56.72550 52.43840 53.83050 54.73210 71.72760 74.30800 80.47480 80.07230 77.16110 76.74600 76.48680 76.29900 82.86110 81.58640 81.82480 80.82920 78.89540 77.42180 75.69740 76.47900 78.63980 81.36130 83.41760 84.32420 85.41690 85.75440 85.44780 85.14270 85.53520 84.79510 83.80580 83.64920 85.30320 85.77910 86.88620 87.32190 87.57090 87.59140 85.62480
80.53490 79.52100 79.13110 78.95670 76.84030 74.84190 75.83160 75.68370 76.31810 77.52330 77.40710 77.36520 81.24170 82.36430 84.65990 81.13720 81.05630 74.21550 72.90580 74.48180 74.92350 76.06840 77.56610 76.73950 73.56210 62.80260 69.54270 76.68940 66.39340 72.75710 68.11270 64.33780 62.90180 56.11350 54.42930 54.21040 62.61790 73.25760 75.92990 77.63060 78.59170 75.59090 78.31960 77.58910 79.41590 81.05650 79.63300 79.66850 81.14480 82.77440 80.53570 80.12860 78.52210 79.95550 80.49760 82.12150 88.55080 90.80540 88.95420 88.85900 89.79320 87.85590 86.48950 86.16160 85.28320 85.41870 86.51360 86.75820 86.57980 88.03180 89.08270
81.56270 -9999 77.12530 78.28210 80.73180 81.16610 -9999 78.06030 80.27950 78.53120 77.37980 73.37240 74.51940 79.05520 77.56850 78.21450 78.49570 76.95450 77.18190 72.29360 71.43100 70.84940 75.00480 76.68480 76.63610 76.43780 77.89120 78.89930 83.89660 81.25140 78.60280 77.49850 64.59460 58.56430 54.76050 70.11530 73.79580 74.60110 74.64280 75.82800 78.04500 80.45930 85.85730 83.14800 78.29540 78.23000 76.78860 77.09260 78.66210 79.14450 77.96090 76.88640 74.59690 80.06630 81.41450 85.99110 91.73720 92.08520 91.22550 91.47630 91.78010 91.57390 90.56320 90.33550 89.70810 88.93260 89.45880 89.19570 87.95440 88.22090 87.92970
