data/hydroclimate-scenarios/BCSD_hadcm_A1B/monthly_summaries/soilm2_monthly_day1_sep.2070-2099.asc
ncols	311
nrows	91
xllcenter	102.75
yllcenter	31.75
cellsize	0.5
NODATA_value	-9999
[rows 31 to 61 of 91, columns 0 to 69 of 311]
-9999 -9999 -9999 -9999 -9999 -9999 -9999 -9999 -9999 -9999 -9999 71.14280 73.84100 74.05170 74.51070 76.11650 72.58140 74.16020 76.27280 75.22040 74.63830 78.95540 78.29560 77.69710 77.13710 77.84840 78.67360 76.66800 75.40150 76.21250 75.73550 74.54890 74.09680 74.75110 75.14140 74.93850 75.17990 76.33590 77.75890 78.02550 78.56290 77.04220 111.21500 112.78500 112.95200 113.11600 112.92200 108.57700 91.32750 91.37090 92.63110 92.52530 92.01320 91.41510 91.20450 110.36200 110.96400 111.49900 112.33000 111.24600 110.62100 112.10400 111.96700 111.34200 111.95800 116.12000 113.17800 114.44700 117.12600 121.92200
-9999 -9999 -9999 -9999 -9999 -9999 -9999 -9999 -9999 -9999 -9999 71.80460 72.27560 74.44270 72.53230 73.72360 73.39060 75.22430 74.62250 74.62140 78.15300 77.30700 76.94340 77.63230 110.34600 110.88600 111.16500 112.06600 111.59800 75.60070 75.70780 74.76480 74.46270 75.58240 75.72050 73.56020 74.56080 75.98360 92.30500 94.70750 94.86570 92.71840 94.12820 93.60670 93.70000 94.20220 93.40290 93.09520 93.12050 93.75360 93.29260 92.99210 92.62460 111.59800 111.71000 111.13800 111.56700 111.63700 110.58900 94.22180 94.89910 95.28830 111.12000 114.60600 115.87600 110.83600 112.85600 115.41000 117.44700 120.30500
-9999 -9999 -9999 -9999 -9999 -9999 -9999 -9999 -9999 -9999 -9999 73.20630 73.73730 72.54390 72.94770 73.46480 73.50800 75.59360 75.54140 77.14750 78.14980 77.89570 110.63600 110.90300 111.72600 78.93040 79.02130 78.99740 76.14380 109.19400 109.70200 75.27750 75.56520 74.24940 91.77350 89.88610 108.94900 92.68570 110.19300 114.54200 96.55200 113.37400 96.57150 96.49930 97.72980 97.27860 97.31990 95.84870 95.39920 94.64510 94.41840 92.70290 92.19880 109.82700 91.26870 93.68570 93.77530 94.28500 94.85800 96.13010 96.24060 116.72800 115.48400 94.21870 117.55300 113.44500 113.88400 116.53300 117.04800 119.67600
-9999 -9999 -9999 -9999 -9999 -9999 -9999 -9999 -9999 -9999 -9999 -9999 72.62340 72.39080 71.94960 72.64280 73.08150 77.26510 77.28250 75.51720 109.59100 75.94950 78.13990 78.43640 78.85540 81.78300 80.24940 79.38610 75.00320 74.75210 110.01100 109.33800 109.27900 109.95000 109.89700 109.89900 110.77800 94.33460 111.30200 112.43500 112.93300 114.19900 114.83500 94.80470 95.43980 98.56120 96.78650 96.28490 95.23880 95.18050 93.30360 94.78020 94.44920 92.39100 92.24200 93.20430 93.26570 109.66000 114.61600 115.22100 114.63500 109.90600 110.37700 112.22600 113.02500 119.10700 114.52800 116.13800 120.21800 121.87100
-9999 -9999 -9999 -9999 -9999 -9999 -9999 -9999 -9999 -9999 -9999 -9999 72.98890 72.01670 72.49180 72.83140 72.82850 109.65200 109.73200 74.20830 75.39700 79.97980 79.33060 79.59770 81.67410 78.04120 76.14600 80.78020 76.27370 77.16450 77.47360 111.29000 110.54200 110.22200 111.52000 77.01070 76.74950 78.65880 79.04150 82.75150 115.20000 89.00010 87.98030 100.43800 86.39060 88.17040 88.47130 86.62050 82.49280 86.94740 84.78850 81.29120 79.40310 92.91540 91.78420 109.24200 115.16100 109.53800 77.48900 112.56200 111.20500 80.26120 80.27510 97.38190 113.97500 112.89200 113.85500 114.19200 116.74600 117.96000
-9999 -9999 -9999 -9999 -9999 -9999 -9999 -9999 -9999 -9999 -9999 -9999 72.50880 71.86460 108.51200 108.70000 109.05400 73.88180 75.70400 77.07210 77.96980 80.83510 79.89420 79.19540 79.52790 81.06020 79.43780 78.08360 79.91220 79.28860 77.85420 110.90000 79.80950 81.25200 79.33700 77.53370 78.84210 80.66980 79.30050 84.40700 90.63530 95.54880 93.39540 94.03870 96.91010 102.17400 100.54400 100.11000 98.13460 90.84800 86.96740 86.59930 81.36260 80.98150 79.72300 78.63560 78.55380 80.35360 81.03730 113.36900 80.04530 81.72840 81.00950 78.77990 111.84400 111.96300 112.84800 113.24800 118.24600 117.41300
-9999 -9999 -9999 74.41610 75.58630 74.22210 72.82230 72.94980 73.28830 -9999 74.14130 108.71000 108.43500 71.98190 72.26680 72.82600 73.73850 74.44330 76.81200 77.43730 78.08700 78.61280 78.89720 78.89700 79.09700 80.43870 79.40030 80.83250 80.49200 83.77470 79.48040 79.47180 78.02650 84.88260 82.54640 60.55240 81.41660 82.27540 86.14110 88.39230 91.07600 96.55910 97.74290 98.28660 101.71100 103.98200 110.47500 99.07450 97.08610 98.61760 97.96430 96.98970 96.12170 98.29850 92.44820 97.06270 98.42390 85.97070 88.26700 81.19800 111.91200 83.36180 83.40330 85.64390 83.08370 81.73700 84.59390 91.17250 97.19940 101.02600
-9999 -9999 -9999 74.41290 74.42850 74.91950 74.16210 74.22610 73.05080 108.27900 108.93300 108.73900 74.82160 72.39970 74.45450 74.31260 75.95940 75.08510 75.93780 77.20940 77.28930 79.58310 78.98710 80.05480 81.96600 85.17950 85.24960 81.59970 82.31560 85.54270 59.54400 83.76100 83.37360 87.02980 87.66640 88.96600 86.45570 90.92230 86.60200 97.06300 96.39540 94.84610 100.68600 105.62000 106.76600 111.54700 116.47500 105.38400 108.66700 109.21900 110.25800 105.38900 105.18400 106.37000 96.53650 98.01830 90.30680 88.80950 90.91440 85.70370 85.56070 89.38780 89.97570 87.36740 89.54530 83.53730 85.16890 87.14450 96.80600 104.81000
-9999 -9999 -9999 73.39860 75.38820 74.76020 110.52700 109.65700 109.20600 109.09000 109.11400 109.36000 75.71340 75.13780 75.43180 72.04840 76.99420 75.80850 73.95970 75.22320 77.24310 80.74070 59.48850 82.47220 85.26210 86.73170 86.55090 85.25740 83.96810 90.16340 99.21380 96.47650 89.39470 89.45260 92.88860 91.94090 90.44480 88.20790 88.41330 95.45530 98.00510 99.74830 104.93500 110.14300 107.26200 107.14300 111.42900 111.05500 111.00900 121.72900 125.40900 109.06400 107.97800 106.35600 100.05000 95.34310 89.84530 88.99750 92.10660 90.40300 86.96700 86.50710 85.37910 91.22670 92.24900 92.11240 93.42130 99.56270 109.11300 118.28500
-9999 -9999 -9999 76.36820 74.94150 77.28080 109.61200 110.44800 109.22700 108.73100 108.86400 73.85170 75.54680 75.60840 74.00930 74.06590 77.32330 85.65120 84.44720 78.95420 81.73170 83.05020 92.66070 98.15650 89.06780 89.11380 84.12220 81.11900 92.50330 101.13100 98.48180 84.00540 90.22430 98.91180 101.03700 99.05880 92.08850 88.76580 93.50880 92.51580 95.19620 108.13900 116.11600 115.69000 110.33200 118.85700 121.81700 114.07100 120.99800 118.65000 123.21100 114.79300 110.07200 111.48900 106.43000 97.33330 91.53840 91.81040 95.18920 96.52420 95.82160 96.20910 92.99020 93.56130 95.80360 95.52080 102.46800 108.49500 126.30700 131.78400
-9999 -9999 -9999 75.38490 75.47600 78.59540 111.31000 110.75600 110.60500 109.60900 109.02200 109.61800 76.82050 78.33280 88.16940 86.67050 85.20540 82.65500 79.07320 79.34920 83.21360 85.49160 101.61400 87.16190 86.18390 86.20210 83.64160 80.48000 86.19760 91.91960 92.18530 91.39800 94.06370 92.26020 92.63670 94.10440 94.80540 91.88270 92.97930 96.84290 104.68200 112.83400 118.31300 118.13000 119.24300 120.42200 120.42400 118.42000 117.33500 123.81100 122.74000 110.45000 109.86300 114.66700 105.30300 108.08900 96.97110 93.36790 97.94190 110.66900 110.35500 105.10200 105.08500 108.91500 106.48200 96.84090 105.66800 116.71700 127.89800 127.96100
-9999 -9999 -9999 -9999 113.91500 115.09400 114.03300 114.75200 112.70400 110.89300 110.59400 78.18210 83.51770 77.92850 -9999 -9999 -9999 -9999 -9999 91.28940 98.87240 94.32210 100.31000 98.06560 90.57980 86.45900 83.80690 83.60390 87.52990 84.50270 85.00530 86.96180 88.81360 88.65700 88.34050 86.39080 90.75810 87.89680 92.29430 93.64570 93.73840 103.10000 113.00700 120.93900 122.43600 121.82300 122.09600 126.55300 122.86600 124.87000 121.00800 121.36600 114.32600 121.84400 119.35300 115.83900 114.51800 115.00900 109.53300 108.99000 115.45200 120.34600 118.01900 115.82400 114.22900 115.44700 117.12400 111.42000 104.69600 -9999
-9999 -9999 87.74420 115.97200 117.08000 116.20300 115.43900 116.84700 113.41300 112.22200 111.37000 79.39140 86.53610 -9999 -9999 -9999 -9999 -9999 110.98800 94.86340 98.49860 85.13590 84.17090 89.93980 97.68350 96.96990 86.91020 84.03710 85.81130 86.21120 86.14220 85.38660 85.72500 90.81200 91.96260 90.60510 91.82040 88.59010 92.17190 91.05730 96.19760 104.38800 110.57500 112.61400 112.34300 114.60300 117.55900 116.18700 113.38800 115.80400 115.49300 119.67100 130.21100 121.64700 122.14400 103.71300 105.30800 110.73800 112.00800 106.04800 107.53700 107.90500 109.92400 113.37500 113.78200 113.13600 112.60400 -9999 -9999 -9999
-9999 -9999 119.62300 119.12300 116.68600 116.08700 115.02200 117.62500 114.18800 113.32500 83.09280 83.62300 81.42800 -9999 -9999 -9999 -9999 84.93240 94.19210 84.57770 86.48420 84.04320 86.57590 92.10000 89.32250 82.82390 83.70740 81.71300 84.64060 85.17940 83.81820 86.61330 86.04150 88.35500 91.23410 90.55170 90.26950 89.03120 94.82140 99.65730 103.90400 109.56300 112.70400 113.36500 115.71800 112.78900 114.44100 112.99900 110.71000 113.90100 123.28000 124.09900 122.96700 114.94300 111.47400 97.77280 100.93300 108.08000 113.99100 112.01100 111.05500 117.87500 114.17400 109.85200 107.36000 -9999 -9999 -9999 -9999 -9999
-9999 -9999 121.44600 122.95800 120.73400 119.29400 117.01300 115.32900 115.11100 114.82100 85.70860 84.09520 76.49930 -9999 -9999 -9999 -9999 93.88720 89.12760 87.80620 89.37680 89.45650 89.57950 85.87760 87.12060 86.04640 84.21190 83.36790 84.52450 83.74810 85.56560 84.66340 87.21350 89.58530 89.68490 93.29890 97.12480 98.97690 100.85400 95.32340 102.83200 100.23700 103.74100 116.41400 116.72600 117.13000 117.01200 113.40400 109.42800 112.80400 112.50200 111.53900 110.68900 106.40000 111.33300 100.89900 97.73930 107.69200 110.11900 110.93200 106.42200 107.33200 105.87500 105.68400 110.23000 116.56100 108.86300 108.54900 104.24600 -9999
-9999 -9999 -9999 123.96800 121.94400 119.98100 115.80000 114.47200 90.11920 89.67710 81.90720 78.81540 -9999 -9999 -9999 -9999 90.16560 92.66640 88.78500 86.32830 88.07800 85.36470 86.85540 87.72330 87.46030 87.30160 88.63130 87.91650 89.30210 90.22570 88.13990 87.58990 88.15260 89.53670 91.83780 92.91800 91.01420 92.50880 92.14310 91.48360 98.02410 98.91130 134.10201 131.54300 130.32899 135.20799 121.59200 116.77300 115.36700 110.39000 118.65000 125.65000 124.73500 127.00900 131.54100 127.70500 126.76800 120.73600 121.54200 118.17500 114.34900 112.73900 119.62900 127.89100 123.77200 117.04100 110.93600 102.60200 96.81300 113.35300
-9999 -9999 -9999 -9999 123.81700 120.27600 116.00500 95.52820 96.25340 83.58460 82.73120 -9999 -9999 -9999 -9999 92.51520 90.06340 88.95360 117.16600 88.08210 85.85340 86.65610 87.11310 90.79470 88.46550 88.91320 89.52150 90.07940 90.25250 89.10980 89.91950 87.02100 86.58410 87.16560 92.86690 94.12070 94.71660 95.94140 95.06120 92.12210 93.31330 97.73180 101.88300 103.07200 106.39000 131.99800 133.82899 133.53700 130.06500 115.37800 108.46200 116.43500 121.33900 124.40300 122.85400 118.01700 122.93400 126.59300 130.59200 119.22000 124.20000 123.48200 121.54900 121.29100 120.63200 121.78600 107.18900 97.25930 97.16620 92.94340
-9999 -9999 -9999 -9999 -9999 -9999 102.32000 122.96200 86.56970 90.51460 85.56830 -9999 -9999 -9999 -9999 -9999 87.50500 87.92800 87.47060 88.59720 87.92960 80.27220 84.98170 89.31330 89.57660 88.25530 88.57260 134.78101 134.18800 131.49500 88.59140 87.64440 85.69590 92.50810 91.98940 92.18190 94.39190 95.39920 92.62310 95.09030 95.08950 101.82400 103.86900 102.22600 129.50900 129.21899 128.65401 131.53799 131.11700 127.85000 130.57800 130.82600 124.64300 130.89101 131.17599 130.01199 122.41200 127.78500 133.12500 117.76200 116.59900 121.80500 127.58000 124.90500 119.69300 119.85900 110.61200 93.79420 88.76450 89.04510
-9999 -9999 -9999 -9999 -9999 -9999 -9999 -9999 -9999 -9999 -9999 -9999 -9999 -9999 -9999 -9999 -9999 -9999 -9999 86.77410 86.35880 78.06640 84.50850 87.06600 88.00080 87.92530 115.98000 111.66800 110.50000 81.23250 87.64390 85.46140 87.04880 89.70190 92.03370 92.84210 92.71540 96.26810 96.70450 101.74800 105.09600 108.61800 107.39900 108.96600 108.71700 109.77700 104.86800 130.36301 129.42799 130.00600 131.34700 130.69099 135.06500 135.48801 117.13300 117.60100 112.48500 113.63000 114.20600 115.20300 127.36600 132.84100 121.99800 122.56400 119.15800 118.45900 107.15300 90.49710 87.36270 95.39890
-9999 -9999 -9999 -9999 -9999 -9999 -9999 -9999 -9999 -9999 -9999 -9999 -9999 -9999 -9999 -9999 -9999 -9999 86.41160 85.61440 83.04040 81.56340 83.93840 82.96510 80.13170 77.91240 110.33700 111.08600 79.93160 81.91920 83.49360 86.50110 89.54930 89.90120 90.29710 118.16300 94.60750 95.85430 99.12970 103.28600 106.40300 109.37100 110.95000 110.28500 110.55800 129.64799 108.24500 452.15399 602.66101 638.20099 642.65601 130.00600 128.96500 133.85600 137.89500 137.33200 116.23300 118.74600 128.45900 118.95300 129.18300 130.24001 123.50300 120.50700 131.45399 116.47200 102.65000 97.08610 120.25800 94.24950
-9999 -9999 -9999 -9999 -9999 -9999 -9999 -9999 -9999 -9999 -9999 -9999 -9999 -9999 -9999 -9999 -9999 87.55390 86.61290 83.67960 84.96740 82.52210 78.49650 76.63110 73.60820 73.08420 111.36800 109.10300 110.97700 112.35500 113.23800 113.20600 88.17930 113.86500 116.52000 121.18900 124.01900 99.43480 99.87300 105.80500 108.04600 127.88900 112.09000 127.80100 103.32500 104.22200 129.69501 616.28699 603.42700 626.17902 630.57599 131.11600 125.59300 134.12801 135.75400 139.85699 116.75000 118.55300 120.09400 117.54400 119.79600 130.10201 128.68201 129.41701 112.05100 110.16100 109.23600 100.28300 122.97100 124.66700
-9999 -9999 -9999 -9999 -9999 -9999 -9999 -9999 -9999 -9999 -9999 -9999 -9999 -9999 -9999 -9999 -9999 88.29080 86.18970 90.38830 87.04300 114.40900 110.45800 73.25740 71.72230 74.90080 72.89810 72.58560 71.89690 109.20600 112.17500 111.66300 112.64100 112.20000 115.91800 121.49400 125.87300 97.00280 103.17300 105.42600 104.11500 102.45500 124.97100 96.91000 122.16100 123.13700 122.63500 458.25000 463.60699 609.15601 635.32300 129.29401 131.32001 136.69299 135.70399 142.36099 135.94901 126.32000 121.22200 120.62800 118.79200 119.66500 118.61600 117.14300 119.02400 116.59900 114.23200 118.68900 127.54500 125.72200
-9999 -9999 -9999 -9999 -9999 -9999 -9999 -9999 -9999 -9999 -9999 -9999 -9999 -9999 -9999 -9999 91.01570 90.31580 89.03510 86.99120 111.92400 75.11510 75.25200 73.97260 73.04470 74.08940 73.64100 73.27730 73.03440 72.69500 72.51380 72.89820 108.82000 112.44600 113.40400 117.04100 118.16000 122.45600 100.99500 101.30600 98.47360 101.14700 127.52500 123.16400 95.49670 121.72600 123.61600 472.60901 464.33600 606.30402 631.44598 130.23801 132.60899 134.75800 133.56599 141.18201 144.52400 140.70799 135.80901 120.24700 118.18600 122.46000 126.46300 141.75700 142.56100 146.03799 139.05200 139.22800 134.70500 130.24400
-9999 -9999 -9999 -9999 -9999 -9999 -9999 -9999 -9999 -9999 -9999 -9999 -9999 92.72300 89.79360 88.60390 87.60670 90.27090 116.11800 110.01200 75.28840 77.41460 76.20390 74.92880 74.56730 73.23170 73.17040 365.47000 365.48599 365.74399 547.51501 548.74402 360.09601 363.39301 551.66998 557.70599 573.02301 570.34900 435.65900 433.25000 432.16000 593.90399 588.29102 413.91199 592.19397 596.59198 607.01398 617.26398 623.99103 626.47601 630.96100 636.46802 628.49597 626.08197 643.13098 664.10498 665.58698 652.20099 593.12799 606.49200 628.93701 706.80701 725.57300 754.27399 732.08698 719.30603 702.18500 138.40300 137.05800 139.03101
-9999 -9999 -9999 -9999 -9999 -9999 -9999 -9999 -9999 -9999 -9999 -9999 87.11250 88.72150 116.15800 114.80600 114.97400 77.86750 76.37570 74.53900 74.11250 72.92520 72.26030 73.49650 72.14000 71.13240 70.99380 363.74500 542.31598 545.65601 539.49902 542.71002 545.81598 539.70502 553.04602 551.50897 379.57401 396.50900 430.31699 425.21201 423.29300 418.62201 587.77802 587.01398 588.88300 601.18799 609.26001 619.48999 630.37201 635.47803 634.36603 520.75702 637.66400 514.95203 621.32300 629.39899 658.22998 627.21899 627.01202 699.07898 701.03699 716.24298 724.55902 734.81799 743.53101 734.89099 740.50299 139.45100 143.00800 130.99300
-9999 -9999 -9999 -9999 -9999 -9999 -9999 -9999 -9999 -9999 -9999 119.18600 84.54260 114.49500 79.20080 76.78940 75.50860 73.95930 74.40480 72.36220 71.54860 72.06050 71.93290 73.58160 73.48160 71.99600 111.39900 536.30103 540.75299 543.90997 538.70599 360.44800 361.38800 363.25699 355.86301 550.25897 393.12701 409.16599 421.14099 419.60699 413.41800 588.40399 582.38599 583.33301 590.26898 595.56201 602.73798 610.46002 619.15198 640.98901 661.43298 566.63202 553.99200 658.26099 566.37402 547.20001 650.72101 566.69897 582.47302 658.12500 679.48401 669.15100 668.02002 678.33398 710.14600 717.26202 705.16400 147.87900 133.77901 126.15200
-9999 -9999 -9999 -9999 -9999 -9999 -9999 -9999 -9999 -9999 80.29330 82.06880 78.73990 77.09130 75.50740 73.95730 73.51520 73.81700 73.86500 71.67260 71.20180 71.03130 70.94220 72.39940 72.24470 71.67350 71.71620 541.29102 539.16302 350.72101 351.09900 361.03201 360.17401 542.62701 545.76300 549.22198 397.50800 411.40201 432.89700 416.52600 587.09802 577.99103 577.31799 584.71802 593.17603 604.24500 607.25702 616.95502 624.99597 651.34399 669.70300 588.59497 674.46399 571.38898 557.51801 543.10400 662.24597 675.05298 649.36798 648.25500 657.22302 662.87201 663.61603 686.24298 695.84003 712.53601 735.85498 146.72000 135.64400 125.21900
-9999 -9999 -9999 -9999 -9999 -9999 -9999 -9999 -9999 148.25400 147.36501 147.17101 148.52499 149.61099 148.60899 143.75800 143.41901 142.84700 141.72900 142.81700 142.53600 143.56300 143.53000 142.13000 141.46600 140.91400 141.13300 141.01601 140.48199 139.81700 139.84500 351.37500 361.47000 365.74600 551.10303 560.38800 421.16599 423.83801 417.04700 577.91901 573.35999 570.66199 571.54303 741.26801 585.06500 764.28302 609.43903 627.98297 647.64203 659.86700 678.96503 687.30103 591.49402 705.23700 638.09198 655.26099 643.92297 630.35999 628.13501 644.62299 657.77802 676.29102 664.45203 676.54999 657.31897 669.43201 698.11298 278.74200 254.83200 251.38699
-9999 -9999 -9999 -9999 -9999 -9999 -9999 -9999 -9999 -9999 145.65900 144.28999 144.49300 145.52000 144.07100 141.26700 141.45500 140.97600 140.61400 142.41901 142.48199 142.64101 142.67000 -9999 -9999 -9999 -9999 -9999 -9999 144.22200 144.61501 360.12399 360.48001 364.37900 366.17999 561.47699 581.23901 410.18399 405.64200 567.90002 571.44800 571.80298 583.82703 751.01398 747.48102 759.21198 766.54700 624.32703 653.76300 666.13599 670.74902 545.43201 577.41602 621.96301 702.99200 646.37201 630.66101 628.45300 625.89697 640.87500 660.89899 643.26300 572.19800 651.09998 684.92401 690.16302 683.03900 267.28500 267.20999 274.65100
-9999 -9999 -9999 -9999 -9999 -9999 -9999 -9999 -9999 -9999 -9999 -9999 143.08000 144.73300 144.75800 140.48700 140.57001 139.56100 139.49699 -9999 -9999 -9999 -9999 -9999 -9999 -9999 -9999 -9999 -9999 -9999 -9999 -9999 -9999 363.87299 541.33398 553.78699 571.09003 563.97900 388.19901 390.34900 572.80402 570.83502 580.09900 593.73401 600.27301 752.17902 763.42102 610.98999 630.34900 643.95502 656.97998 684.72803 687.72900 679.46997 666.53198 632.15802 633.16498 607.10602 452.76599 634.16803 658.70398 641.29102 665.63202 643.11401 667.79199 677.82202 631.09998 242.67300 251.92200 265.50699
-9999 -9999 -9999 -9999 -9999 -9999 -9999 -9999 -9999 -9999 -9999 -9999 -9999 -9999 -9999 -9999 -9999 -9999 -9999 -9999 -9999 -9999 -9999 -9999 -9999 -9999 -9999 -9999 -9999 -9999 -9999 -9999 -9999 -9999 548.63300 552.86401 555.80402 561.69299 376.46100 565.63202 567.41901 572.93298 733.41400 596.28699 760.15601 759.18201 633.46802 600.98602 619.85797 627.26398 640.23999 672.29498 675.78802 667.27002 656.48199 628.80402 608.67297 635.22601 605.96698 613.88702 631.57397 646.19800 632.37097 644.10999 653.97998 630.09998 662.60101 250.27299 262.17200 278.75299
