data/hydroclimate-scenarios/BCSD_hadcm_A1B/monthly_summaries/soilm2_monthly_day1_feb.2030-2059.asc
ncols	311
nrows	91
xllcenter	102.75
yllcenter	31.75
cellsize	0.5
NODATA_value	-9999
[rows 31 to 61 of 91, columns 0 to 69 of 311]
-9999 -9999 -9999 -9999 -9999 -9999 -9999 -9999 -9999 -9999 -9999 94.76140 105.31600 106.22400 110.04300 112.06900 100.90900 101.42700 105.65500 104.35500 107.74300 114.44000 113.90400 113.13200 111.94600 108.72400 110.04900 108.58700 107.04000 107.32400 104.60300 101.40000 102.25100 101.42600 103.66200 102.60500 102.24100 104.16100 104.71100 103.98400 104.25700 103.23600 123.49100 124.17800 123.48400 123.90000 124.04400 116.24600 105.32200 104.90500 109.13600 110.19800 107.72000 104.56900 104.40100 120.30400 120.86500 119.82000 120.91400 118.65100 117.22000 121.09500 120.16300 117.58400 117.13400 122.68800 118.77100 120.83600 121.34600 123.69800
-9999 -9999 -9999 -9999 -9999 -9999 -9999 -9999 -9999 -9999 -9999 98.83880 100.18200 109.10000 103.88000 107.77600 106.39900 111.61500 109.01300 108.03600 113.08200 113.20100 114.09300 115.47400 127.47200 126.60300 125.93600 126.34700 126.50100 107.83300 106.88700 100.99900 102.93200 102.54500 102.70600 102.54000 104.05600 105.00400 114.04900 113.94700 112.30200 111.95900 114.75700 113.23700 111.88400 113.07700 111.60500 110.90200 110.23300 110.82300 109.43500 107.90200 106.56000 121.27500 121.83600 121.70900 121.34000 121.44400 119.96300 106.02400 107.29400 106.52100 116.93600 122.03000 123.47200 117.81400 120.13200 122.29500 122.11000 123.05900
-9999 -9999 -9999 -9999 -9999 -9999 -9999 -9999 -9999 -9999 -9999 104.27200 105.03600 104.00500 103.06200 107.31900 106.82100 115.52300 116.41200 116.90100 117.34400 116.77400 128.97000 128.70300 128.10201 110.33000 107.79200 110.99600 107.49100 122.36900 123.83300 103.28900 104.71200 99.53970 112.69800 106.99900 123.44000 115.89900 123.44200 123.51600 113.68500 124.12300 116.19400 116.64700 117.94200 116.99800 116.06200 115.02200 113.54400 111.47900 110.01800 107.79100 106.17400 118.08100 103.22400 109.77700 109.23100 107.91200 110.38300 111.50800 110.42300 123.36400 122.51300 108.06500 124.79600 120.67600 121.47800 123.00900 122.46900 122.87900
-9999 -9999 -9999 -9999 -9999 -9999 -9999 -9999 -9999 -9999 -9999 -9999 105.26400 107.42400 106.55300 109.08300 110.22400 118.16100 119.01600 119.22800 129.20399 111.38400 109.51100 111.99800 108.41500 105.79800 104.77800 103.87200 99.86560 99.17250 123.36100 124.76300 125.23900 125.88300 125.29500 124.57100 124.76800 116.06100 123.14000 122.62400 122.94100 123.77300 124.01400 115.51900 116.94700 119.65700 118.22800 117.89600 116.33700 113.73400 110.50700 110.67000 110.04000 107.24100 104.31100 102.80100 102.89900 117.06500 122.81200 123.72800 123.44300 118.18500 118.70600 120.25200 120.03600 124.53000 122.57000 123.60700 124.19800 125.62900
-9999 -9999 -9999 -9999 -9999 -9999 -9999 -9999 -9999 -9999 -9999 -9999 106.11700 106.08900 109.75000 110.28100 112.05900 128.47200 128.75301 115.02600 116.75900 114.32500 111.52400 107.74100 106.16800 101.31000 97.69530 103.82000 99.20660 101.09500 103.68700 124.53000 125.99900 124.08000 126.58000 105.86100 101.65300 104.89000 106.00900 106.29800 124.54500 111.27100 111.28800 120.91500 115.55800 118.12100 118.63900 116.21500 111.22400 111.88900 107.80500 101.94000 98.29430 107.79400 106.39500 117.65700 124.09300 117.68500 98.10690 122.97300 121.17700 100.36900 100.20600 113.70700 122.68100 122.76900 123.47800 123.82100 124.62800 125.90900
-9999 -9999 -9999 -9999 -9999 -9999 -9999 -9999 -9999 -9999 -9999 -9999 106.24300 105.55200 127.56600 127.25100 127.91000 109.90800 109.94400 113.03800 114.69100 115.82800 113.28800 106.79700 106.40700 105.88000 105.19500 101.77100 104.11800 101.89900 100.38700 124.10800 107.04100 108.97000 107.04700 101.51900 103.81600 105.55200 104.27200 110.53200 114.31300 116.55700 116.64700 119.56100 122.45100 116.72800 121.69100 122.00500 120.77000 114.69800 109.97400 109.87600 102.34100 102.08300 102.14200 99.55810 97.34110 102.10800 103.55000 123.91500 103.50600 106.73700 105.77900 102.66100 121.63400 122.87200 124.00400 126.25000 127.45300 127.52300
-9999 -9999 -9999 103.35100 106.61700 103.18700 100.50100 102.49600 102.58200 -9999 106.49700 127.47900 127.04500 102.35200 104.66000 107.30700 109.03600 107.99900 109.32000 112.23800 115.00000 114.67500 111.07700 109.40300 105.84000 109.05200 108.12300 105.28400 102.76100 101.72000 101.36000 103.30600 97.49150 101.46700 101.15900 77.59610 99.20900 103.05500 109.19100 111.81700 114.24400 117.50700 119.80200 119.10100 119.30100 118.44400 124.54600 114.71900 118.75500 117.91200 111.26700 107.51200 107.14800 112.60400 109.80400 112.86900 113.57300 104.25300 105.61800 103.15300 123.75800 109.16100 106.66400 110.96500 107.31100 108.16100 110.55400 118.28700 122.73700 123.32000
-9999 -9999 -9999 106.10300 105.80100 106.83100 104.35900 105.29800 101.59500 123.06100 126.37300 125.73400 108.19500 99.34770 103.21500 102.81100 104.47400 108.62800 111.15500 110.90800 110.60300 111.85500 112.63400 113.36900 108.83900 108.28600 107.50000 104.93500 105.07300 102.93300 78.92980 101.09200 102.02900 101.92100 100.12000 101.44400 101.33600 109.56500 107.85500 111.83400 113.09100 113.07400 119.49700 120.89300 117.46700 119.62500 126.07500 120.11500 114.96500 111.00700 112.31000 120.25200 120.84800 119.93700 114.76500 115.52500 110.55400 109.19400 111.71400 108.15200 108.96200 113.92900 113.41900 110.14100 114.85000 113.34900 115.20700 117.86400 122.35900 120.72600
-9999 -9999 -9999 102.33000 107.27100 104.11300 126.57200 126.19600 126.20400 126.07900 126.57100 126.65100 104.14400 95.79320 93.55260 92.98790 105.54600 104.50300 104.44200 103.61000 106.64700 107.16200 88.00260 102.22100 106.36600 107.25400 109.88600 109.90400 104.54100 106.34300 112.64700 113.74700 105.64100 102.91300 103.32600 103.38100 104.60100 105.62100 105.49300 104.83800 108.39900 111.74200 119.64000 124.52500 123.43300 123.86000 125.02900 111.19700 111.29200 125.37600 125.84000 122.97700 122.59300 120.53800 117.53100 115.37500 111.99500 112.24800 114.07100 114.91700 108.41800 108.91600 115.35500 117.24800 118.12400 120.77100 121.04900 121.31400 115.05600 122.42000
-9999 -9999 -9999 107.88600 105.58900 110.57000 126.32200 127.29500 124.20700 123.52500 125.14000 100.01200 92.83370 96.65180 94.48990 94.27300 99.46360 114.18200 114.22900 105.82100 104.23600 100.13500 109.21200 119.02600 111.08100 107.63500 106.37600 104.45100 112.47100 113.31700 110.63800 101.21400 104.41500 111.77700 114.32200 112.08600 107.38900 105.23800 110.35900 108.36500 109.57800 113.66800 116.98000 120.19100 121.89800 127.28000 127.76700 121.59000 125.87400 124.87100 125.70000 124.40500 122.12400 114.47400 120.47000 111.73400 109.03500 108.39300 110.69200 109.23700 106.84900 114.33300 114.76500 120.85600 118.76500 117.47600 125.86400 126.68900 129.08501 130.11600
-9999 -9999 -9999 103.31900 105.23000 110.11900 126.95800 126.43100 125.44900 124.95100 125.71200 122.45300 94.57040 98.14870 111.70800 110.34400 105.87700 105.45600 104.39300 105.99100 105.83100 107.83100 121.42800 107.50300 104.06400 106.13700 108.83100 105.93200 107.16700 111.99100 109.87700 107.46800 108.92200 108.06800 108.23100 109.37600 110.57100 108.89800 110.16500 112.22400 117.83600 121.30000 123.13000 124.71400 125.57400 126.67700 126.84400 123.34700 117.69200 125.95500 122.85700 116.75600 112.43700 114.93100 115.05200 113.92500 111.33800 108.36000 113.07400 124.58000 122.43000 121.50900 124.64000 120.08800 116.20200 115.96500 122.99800 121.61100 129.68201 130.75900
-9999 -9999 -9999 -9999 126.56600 127.60600 127.84300 128.14200 126.08600 123.78400 125.95100 104.87400 102.10300 100.46300 -9999 -9999 -9999 -9999 -9999 112.99400 121.49000 117.32100 119.64400 115.31700 110.23100 107.27200 106.15600 106.31100 111.13400 108.49100 106.99300 105.41000 106.64900 103.63900 103.73900 102.49700 106.00300 100.98800 107.17400 110.77600 110.29400 116.29400 122.16700 126.09100 126.36900 125.81400 125.81500 127.07300 126.65200 126.14300 125.14500 126.35000 125.05000 126.57200 126.22000 126.25800 126.44600 125.58800 113.65200 118.37200 126.92000 127.76100 125.23300 127.79500 127.72900 124.97400 128.63000 128.62199 133.68700 -9999
-9999 -9999 112.84100 127.28500 128.14500 127.62600 127.58000 128.12399 126.21700 125.16300 126.39000 104.77500 105.59800 -9999 -9999 -9999 -9999 -9999 124.44200 118.49000 120.80000 110.45000 108.89800 114.72500 119.19900 118.85600 113.30500 110.25400 111.28800 111.18600 104.55200 104.13400 104.84900 108.66900 108.94300 108.12400 106.82000 100.80200 104.13400 105.27600 110.23100 116.19600 120.40500 121.38200 121.42700 122.97400 124.49500 124.51900 121.70100 123.31100 123.12200 125.38000 128.04401 129.52100 125.58700 123.93500 124.46600 117.65900 115.73000 119.69900 121.09600 120.84900 124.51600 125.94600 126.22200 125.98400 127.01100 -9999 -9999 -9999
-9999 -9999 129.20799 129.27699 128.04601 127.71400 127.79600 128.65900 126.95600 126.78700 113.04500 112.70500 103.96700 -9999 -9999 -9999 -9999 108.21200 117.38300 108.30900 107.31700 106.41600 108.79500 116.64500 114.74400 107.95700 106.27000 104.98400 109.14400 109.93600 104.97400 107.40400 105.89300 108.70500 110.01100 106.42200 104.97400 101.26700 106.47600 115.37000 118.90500 122.38600 124.10500 124.40000 117.37400 111.51900 113.42700 112.84400 114.40700 116.86300 122.43800 127.44300 128.75600 126.64600 127.56700 117.54600 118.90000 120.75000 125.09300 126.58700 126.17900 125.90200 127.20000 126.99100 124.64600 -9999 -9999 -9999 -9999 -9999
-9999 -9999 132.29300 130.67101 129.76199 129.45100 129.40900 128.26700 127.69300 127.13300 111.76000 106.86700 92.01480 -9999 -9999 -9999 -9999 114.45500 111.46300 108.51900 105.68900 109.05900 112.90800 110.40500 111.67400 109.94200 106.41900 107.31700 108.37000 105.11300 105.38000 103.89300 105.93900 108.23400 108.34600 110.49500 113.56800 114.04300 114.23000 112.94900 119.77100 119.00300 121.31400 127.06800 123.29000 114.95800 113.07400 108.78900 105.49900 105.59700 109.79800 112.11300 118.09000 115.72700 121.08600 117.86200 118.98200 122.08200 126.26000 127.84400 126.82200 124.89000 127.39600 115.07200 114.52400 126.63900 127.67600 129.31000 129.00200 -9999
-9999 -9999 -9999 133.09900 130.29500 132.15100 128.62700 125.51100 115.51000 116.25900 105.74400 95.38020 -9999 -9999 -9999 -9999 110.55200 111.74800 108.18800 105.91800 109.09900 108.03800 108.37700 108.25200 108.23600 108.19200 109.32500 106.17000 108.57400 111.45900 108.07800 108.12700 107.46000 104.80300 102.31700 103.05500 104.20200 106.19400 107.10400 106.24000 113.80700 112.61700 133.30200 130.92400 129.51900 131.00400 126.01800 122.04900 118.37600 111.62300 121.29900 127.35200 125.87700 127.43700 128.80400 128.09100 129.90800 125.02100 128.57700 129.97000 129.70300 129.00700 129.79800 122.18700 112.46900 125.09500 133.07001 133.14200 128.65900 130.30499
-9999 -9999 -9999 -9999 133.41600 133.87100 127.98100 117.52900 119.07800 106.50300 100.10800 -9999 -9999 -9999 -9999 115.53100 109.09400 104.44700 128.29800 102.39000 100.07300 100.19600 102.99900 105.08400 106.93000 103.93300 99.78920 102.04400 100.57900 103.40200 103.03700 100.81000 99.48920 99.53770 104.90900 111.41600 113.95200 112.32400 110.30800 105.96200 108.12200 110.80300 115.92600 120.09800 122.46500 132.92101 136.84700 131.69099 128.14101 122.22700 118.24100 124.32700 127.46000 127.42900 129.43201 127.52300 127.92200 128.13499 131.23599 129.39900 130.56500 124.03600 120.23700 116.95600 115.45600 130.72600 129.54201 129.12399 129.48500 130.54401
-9999 -9999 -9999 -9999 -9999 -9999 122.79200 132.00400 93.49740 109.92600 104.23000 -9999 -9999 -9999 -9999 -9999 102.14600 99.47660 100.50300 97.91240 98.78570 92.62680 99.44530 104.38400 99.53230 97.13190 104.55300 144.32700 144.17999 135.66000 102.03500 99.92060 101.48200 102.28900 102.09900 100.96900 109.56700 111.87300 107.94600 109.94500 110.28600 116.50500 118.52700 116.45600 131.51401 130.08400 129.56400 134.22600 133.31100 129.39999 136.03300 133.35800 126.20300 132.85001 129.57001 128.52499 125.90300 126.39600 126.92400 112.92400 111.19100 114.05000 118.73300 113.26700 111.32900 118.38600 129.22200 129.84000 127.62900 126.81400
-9999 -9999 -9999 -9999 -9999 -9999 -9999 -9999 -9999 -9999 -9999 -9999 -9999 -9999 -9999 -9999 -9999 -9999 -9999 96.04190 97.87500 90.43090 96.46560 96.73530 101.03500 101.39700 119.93100 116.40400 114.95200 93.99410 101.27800 101.40400 106.81700 105.62800 103.32300 104.57300 108.69200 114.88300 113.54500 116.12100 119.64200 120.44300 119.87900 122.04200 121.69400 119.77800 112.93200 130.66800 131.11600 138.33299 142.06100 133.34801 134.15900 134.74800 126.73500 123.08700 108.67000 111.48400 108.25300 108.82100 119.76500 125.52800 109.05300 108.61200 106.67100 120.10700 126.64400 126.69700 127.10800 132.79500
-9999 -9999 -9999 -9999 -9999 -9999 -9999 -9999 -9999 -9999 -9999 -9999 -9999 -9999 -9999 -9999 -9999 -9999 98.78120 98.63040 95.33220 91.80780 93.61320 94.01670 93.47630 91.98460 118.73500 119.89500 94.13180 93.74390 96.33930 99.74080 100.80500 102.15300 106.22100 127.80300 112.86800 113.83000 114.66200 116.13700 118.30600 120.84300 121.47800 121.69300 121.32200 129.83400 117.24900 463.90302 610.98901 647.24200 655.60901 135.51900 136.93201 139.95900 137.42300 131.89799 112.55100 110.53800 121.85000 112.47000 126.90300 131.40300 113.91700 112.94600 127.19800 120.25000 113.44900 127.00400 131.99500 128.89500
-9999 -9999 -9999 -9999 -9999 -9999 -9999 -9999 -9999 -9999 -9999 -9999 -9999 -9999 -9999 -9999 -9999 99.81250 101.69500 93.53830 94.07180 92.69830 90.38080 90.36430 86.98370 88.73780 123.67100 115.17400 120.47800 121.36900 122.92200 122.56800 104.74600 119.36100 127.01100 131.51900 130.39900 115.63200 115.27700 117.08100 116.75800 128.32899 120.63500 128.40300 113.26400 111.69500 130.10001 625.15698 614.01703 632.91901 638.47699 139.96400 137.54900 142.80299 139.93600 145.64600 112.09200 109.13600 109.36300 108.92900 116.31400 125.76900 116.62100 119.57300 105.88000 109.08700 113.76000 110.96000 133.53500 136.40100
-9999 -9999 -9999 -9999 -9999 -9999 -9999 -9999 -9999 -9999 -9999 -9999 -9999 -9999 -9999 -9999 -9999 100.95900 97.10020 96.36090 96.96470 118.97400 114.46000 81.19310 80.57720 84.97810 83.54420 82.47030 80.64150 115.26300 122.09400 123.21400 123.71700 120.32600 126.51300 131.66299 134.58200 104.87600 110.18500 113.97900 111.38500 110.09900 126.44200 103.98300 124.76000 127.56300 124.44400 465.07401 464.69299 616.15900 640.60101 136.99300 137.96700 138.50400 135.45700 147.25900 123.34800 115.70300 110.81000 115.22000 110.16100 109.01700 109.00700 107.38500 108.38100 110.70100 112.83700 122.07800 137.57899 149.16499
-9999 -9999 -9999 -9999 -9999 -9999 -9999 -9999 -9999 -9999 -9999 -9999 -9999 -9999 -9999 -9999 106.60900 105.03600 97.57040 97.36770 116.79200 80.89790 79.92250 80.46440 78.31340 79.91780 80.52930 81.17440 79.87260 80.16440 80.96200 79.08980 111.58800 118.60300 121.41300 125.04300 122.48000 125.46300 105.74300 105.90800 100.73800 107.85000 128.69299 122.30200 99.52290 122.87600 123.21500 477.77701 467.90900 611.32397 637.22198 136.79800 138.59300 137.70000 134.42200 146.62399 147.58200 127.22900 128.70599 114.03000 112.18400 115.04700 117.90500 129.35201 133.29401 136.03999 132.37399 134.09801 135.29800 145.45500
-9999 -9999 -9999 -9999 -9999 -9999 -9999 -9999 -9999 -9999 -9999 -9999 -9999 96.41010 96.01930 97.27890 96.38210 99.86950 119.12300 114.51400 82.11940 83.45000 80.89670 80.21800 80.22430 79.43580 78.95150 368.29199 367.20801 370.10901 555.29498 557.79498 364.18900 362.21799 557.63501 562.21600 574.38800 569.19501 432.48700 439.80499 437.32800 597.16998 589.07703 417.51501 597.88898 604.69098 617.13800 626.09399 637.67603 642.43903 647.16101 648.31201 643.22302 643.61798 658.66998 674.24597 676.40601 661.76599 603.74298 613.65997 637.69000 705.60400 723.51801 734.14801 713.46100 711.60901 699.41998 134.68401 133.12100 143.50400
-9999 -9999 -9999 -9999 -9999 -9999 -9999 -9999 -9999 -9999 -9999 -9999 93.28410 94.43730 121.05000 119.99000 118.92500 86.86170 84.19370 78.83570 79.27470 79.01530 77.54950 79.63280 77.31570 76.08390 75.86370 364.36401 543.99402 550.84698 542.44598 544.81299 550.37903 539.37402 556.55402 559.33002 379.54599 392.03900 425.59500 429.25201 422.42300 420.02802 590.84497 591.07898 594.93500 604.76703 617.76099 622.57300 638.05402 646.15198 645.00403 502.19400 647.24402 512.60797 636.11700 646.49902 672.43597 648.14502 636.41101 697.79999 702.73297 711.27100 718.44299 720.66602 721.39001 732.92999 735.42499 132.54500 136.01100 131.45700
-9999 -9999 -9999 -9999 -9999 -9999 -9999 -9999 -9999 -9999 -9999 120.95500 92.15570 116.70200 86.00200 81.96800 80.47710 79.85440 80.44330 78.94550 78.75420 73.53600 72.85120 74.05070 74.06660 74.23200 115.44800 536.52502 543.69397 546.59003 540.60999 363.37799 366.02701 370.18799 363.41400 563.85303 401.79099 417.37500 422.46600 416.74301 409.64301 588.27399 580.76398 583.12201 589.91498 598.15002 608.62799 616.54901 625.27600 639.58398 662.06799 553.82001 540.48999 655.57898 567.23999 546.00598 660.90002 589.03900 599.85400 667.05902 693.22400 682.89099 682.66803 682.85999 708.50000 715.48499 708.02502 138.20500 131.72200 118.80700
-9999 -9999 -9999 -9999 -9999 -9999 -9999 -9999 -9999 -9999 86.70040 87.93550 82.73060 81.82480 79.23450 77.86040 77.21110 76.01580 76.45830 75.41650 73.93650 71.48210 71.12780 72.01180 71.70410 72.60260 72.71610 545.72101 540.89502 349.85400 350.17599 363.88800 364.41199 558.57501 560.45300 559.94702 410.45001 417.47800 435.59500 412.91000 583.44299 573.32703 570.06000 576.72302 582.43298 597.55499 601.60199 613.06897 622.38000 641.30603 655.99103 568.15802 659.78400 570.39600 564.01703 549.40503 664.92700 682.85797 661.96399 668.21399 672.23102 676.93402 681.00897 687.51202 698.05103 704.55402 751.15302 137.97900 126.25800 111.85300
-9999 -9999 -9999 -9999 -9999 -9999 -9999 -9999 -9999 155.23000 153.59300 151.13901 151.50800 152.02100 149.62801 147.06900 146.49699 146.12199 144.71700 144.34900 144.19299 143.77800 143.97400 143.15601 142.51601 142.02200 142.38200 144.92900 143.90601 144.50400 144.70399 355.46701 370.46201 376.40100 571.08698 578.98102 442.13800 436.23001 423.78299 577.18103 568.00299 560.83698 566.41199 733.76599 576.54901 749.94299 594.43799 610.62402 629.25098 639.51599 659.70099 664.77502 571.50403 679.21198 629.56000 660.73602 655.67999 649.88599 649.68597 663.66998 667.10901 684.51300 675.32501 689.17200 674.80902 681.49902 703.84998 259.47900 224.67599 217.55000
-9999 -9999 -9999 -9999 -9999 -9999 -9999 -9999 -9999 -9999 149.62601 145.32201 145.07100 145.14799 142.82001 143.46600 143.70700 143.60001 143.21201 144.10899 144.18600 142.67599 142.96001 -9999 -9999 -9999 -9999 -9999 -9999 149.91200 151.96800 365.89999 369.13501 375.28299 379.85901 580.53900 594.64301 419.59698 409.62100 564.73401 565.71899 564.80902 576.77600 742.83002 735.58801 743.54797 749.96002 602.40002 629.97699 639.86298 646.21600 526.19202 564.17798 608.74298 691.39600 649.29700 641.29199 647.28998 646.11298 655.00702 673.63202 659.96100 588.78101 675.45203 701.66998 702.25800 684.73401 243.62300 232.91299 240.31400
-9999 -9999 -9999 -9999 -9999 -9999 -9999 -9999 -9999 -9999 -9999 -9999 141.65199 141.82100 141.54500 139.53400 139.93201 140.71300 140.90800 -9999 -9999 -9999 -9999 -9999 -9999 -9999 -9999 -9999 -9999 -9999 -9999 -9999 -9999 376.20599 553.80499 570.06799 588.24500 569.62500 390.37701 385.38300 567.52698 564.63898 570.80798 572.99298 580.65002 739.45801 754.57202 595.09003 612.85498 622.80499 637.55798 664.20300 671.23499 664.99103 665.27502 644.97302 650.99701 627.00000 478.84500 647.35101 668.14301 658.63202 674.97198 675.28601 689.05103 690.07397 628.39697 218.80600 225.82100 242.07001
-9999 -9999 -9999 -9999 -9999 -9999 -9999 -9999 -9999 -9999 -9999 -9999 -9999 -9999 -9999 -9999 -9999 -9999 -9999 -9999 -9999 -9999 -9999 -9999 -9999 -9999 -9999 -9999 -9999 -9999 -9999 -9999 -9999 -9999 566.51300 568.01099 565.94598 567.42401 376.00299 560.99402 560.01599 564.86102 722.78699 579.16901 746.60999 746.93500 622.37701 588.15698 609.11102 616.26300 628.92200 655.82001 667.21198 656.97302 653.59198 641.23499 625.23401 654.81702 632.45203 637.45898 652.65698 671.42603 660.64301 678.41998 683.35699 661.82599 664.45502 229.09500 238.22099 258.67300
