data/hydroclimate-scenarios/BCSD_hadcm_A1B/monthly_summaries/soilm1_monthly_day1_mar.2030-2059.asc
ncols	311
nrows	91
xllcenter	102.75
yllcenter	31.75
cellsize	0.5
NODATA_value	-9999
[rows 0 to 31 of 91, columns 213 to 283 of 311]
-9999 -9999 -9999 -9999 -9999 -9999 -9999 -9999 -9999 -9999 -9999 -9999 -9999 -9999 -9999 -9999 -9999 -9999 -9999 -9999 -9999 -9999 -9999 -9999 -9999 -9999 -9999 -9999 -9999 -9999 -9999 -9999 -9999 -9999 -9999 -9999 -9999 -9999 -9999 -9999 -9999 -9999 -9999 -9999 -9999 -9999 -9999 -9999 -9999 -9999 -9999 -9999 -9999 -9999 -9999 -9999 -9999 -9999 -9999 -9999 -9999 -9999 -9999 -9999 -9999 -9999 -9999 -9999 -9999 -9999 -9999
-9999 -9999 -9999 -9999 -9999 -9999 -9999 -9999 -9999 -9999 -9999 -9999 -9999 -9999 -9999 -9999 -9999 -9999 -9999 -9999 -9999 -9999 -9999 -9999 -9999 -9999 -9999 -9999 -9999 -9999 -9999 -9999 -9999 -9999 -9999 -9999 -9999 -9999 -9999 -9999 -9999 -9999 -9999 -9999 -9999 -9999 -9999 -9999 -9999 -9999 -9999 -9999 -9999 -9999 -9999 -9999 -9999 -9999 -9999 -9999 -9999 -9999 -9999 -9999 -9999 -9999 -9999 -9999 -9999 -9999 -9999
-9999 -9999 -9999 -9999 -9999 -9999 -9999 -9999 -9999 -9999 -9999 -9999 -9999 -9999 -9999 -9999 -9999 -9999 -9999 -9999 -9999 -9999 -9999 -9999 -9999 -9999 -9999 -9999 -9999 -9999 -9999 -9999 -9999 -9999 -9999 -9999 -9999 -9999 -9999 -9999 -9999 -9999 -9999 -9999 -9999 -9999 -9999 -9999 -9999 -9999 -9999 -9999 -9999 -9999 -9999 -9999 -9999 -9999 -9999 -9999 -9999 -9999 -9999 -9999 -9999 -9999 -9999 -9999 -9999 -9999 -9999
-9999 -9999 -9999 -9999 -9999 -9999 -9999 -9999 -9999 -9999 -9999 -9999 -9999 -9999 -9999 -9999 -9999 -9999 -9999 -9999 -9999 -9999 -9999 -9999 -9999 -9999 -9999 -9999 -9999 -9999 -9999 -9999 -9999 -9999 -9999 -9999 -9999 -9999 -9999 -9999 -9999 -9999 -9999 -9999 -9999 -9999 -9999 -9999 -9999 -9999 -9999 -9999 -9999 -9999 -9999 -9999 -9999 -9999 -9999 -9999 -9999 -9999 -9999 -9999 -9999 -9999 -9999 -9999 -9999 -9999 -9999
-9999 -9999 -9999 -9999 -9999 -9999 -9999 -9999 -9999 -9999 -9999 -9999 -9999 -9999 -9999 -9999 -9999 -9999 -9999 -9999 -9999 -9999 -9999 -9999 -9999 -9999 -9999 -9999 -9999 -9999 -9999 -9999 -9999 -9999 -9999 -9999 -9999 -9999 -9999 -9999 -9999 -9999 -9999 -9999 -9999 -9999 -9999 -9999 -9999 -9999 -9999 -9999 -9999 -9999 -9999 -9999 -9999 -9999 -9999 -9999 -9999 -9999 -9999 -9999 -9999 -9999 -9999 -9999 -9999 -9999 -9999
-9999 -9999 -9999 -9999 -9999 -9999 -9999 -9999 -9999 -9999 -9999 -9999 -9999 -9999 -9999 -9999 -9999 -9999 -9999 -9999 -9999 -9999 -9999 -9999 -9999 -9999 -9999 -9999 -9999 -9999 -9999 -9999 -9999 -9999 -9999 -9999 -9999 -9999 -9999 -9999 -9999 -9999 -9999 -9999 -9999 -9999 -9999 -9999 -9999 -9999 -9999 -9999 -9999 -9999 -9999 -9999 -9999 -9999 -9999 -9999 -9999 -9999 -9999 -9999 -9999 -9999 -9999 -9999 -9999 -9999 -9999
-9999 -9999 -9999 -9999 -9999 -9999 -9999 -9999 -9999 -9999 -9999 -9999 -9999 -9999 -9999 -9999 -9999 -9999 -9999 -9999 -9999 -9999 -9999 -9999 -9999 -9999 -9999 -9999 -9999 -9999 -9999 -9999 -9999 -9999 -9999 -9999 -9999 -9999 -9999 -9999 -9999 -9999 -9999 -9999 -9999 -9999 -9999 -9999 -9999 -9999 -9999 -9999 -9999 -9999 -9999 -9999 -9999 -9999 -9999 -9999 -9999 -9999 -9999 -9999 -9999 -9999 -9999 -9999 -9999 -9999 -9999
-9999 -9999 -9999 -9999 -9999 -9999 -9999 -9999 -9999 -9999 -9999 -9999 -9999 -9999 -9999 -9999 -9999 -9999 -9999 -9999 -9999 -9999 -9999 -9999 -9999 -9999 -9999 -9999 -9999 -9999 -9999 -9999 -9999 -9999 -9999 -9999 -9999 -9999 -9999 -9999 -9999 -9999 -9999 -9999 -9999 -9999 -9999 -9999 -9999 -9999 -9999 -9999 -9999 -9999 -9999 -9999 -9999 -9999 -9999 -9999 -9999 -9999 -9999 -9999 -9999 -9999 -9999 -9999 -9999 -9999 -9999
-9999 -9999 -9999 -9999 -9999 -9999 -9999 -9999 -9999 -9999 -9999 -9999 -9999 -9999 -9999 -9999 -9999 -9999 -9999 -9999 -9999 -9999 -9999 -9999 -9999 -9999 -9999 -9999 -9999 -9999 -9999 -9999 -9999 -9999 -9999 -9999 -9999 -9999 -9999 -9999 -9999 -9999 -9999 -9999 -9999 -9999 -9999 -9999 -9999 -9999 -9999 -9999 -9999 -9999 -9999 -9999 -9999 -9999 -9999 -9999 -9999 -9999 -9999 -9999 -9999 -9999 -9999 -9999 -9999 -9999 -9999
-9999 -9999 -9999 -9999 -9999 -9999 -9999 -9999 -9999 -9999 -9999 -9999 -9999 -9999 -9999 -9999 -9999 -9999 -9999 -9999 -9999 -9999 -9999 -9999 -9999 -9999 -9999 -9999 -9999 -9999 -9999 -9999 -9999 -9999 -9999 -9999 -9999 -9999 -9999 -9999 -9999 -9999 -9999 -9999 -9999 -9999 -9999 -9999 -9999 -9999 -9999 -9999 -9999 -9999 -9999 -9999 -9999 -9999 -9999 -9999 -9999 -9999 -9999 -9999 -9999 -9999 -9999 -9999 -9999 -9999 -9999
-9999 -9999 -9999 -9999 -9999 -9999 -9999 -9999 -9999 -9999 -9999 -9999 -9999 -9999 -9999 -9999 -9999 -9999 -9999 -9999 -9999 -9999 -9999 -9999 -9999 -9999 -9999 -9999 -9999 -9999 -9999 -9999 -9999 -9999 -9999 -9999 -9999 -9999 -9999 -9999 -9999 -9999 -9999 -9999 -9999 -9999 -9999 -9999 -9999 -9999 -9999 -9999 -9999 -9999 -9999 -9999 -9999 -9999 -9999 -9999 -9999 -9999 -9999 -9999 -9999 -9999 -9999 -9999 -9999 -9999 -9999
-9999 -9999 -9999 -9999 -9999 -9999 -9999 -9999 -9999 -9999 -9999 -9999 -9999 -9999 -9999 -9999 -9999 -9999 -9999 -9999 -9999 -9999 -9999 -9999 -9999 -9999 -9999 -9999 -9999 -9999 -9999 -9999 -9999 -9999 -9999 -9999 -9999 -9999 -9999 -9999 -9999 -9999 -9999 -9999 -9999 -9999 -9999 -9999 -9999 -9999 -9999 -9999 -9999 -9999 -9999 -9999 -9999 -9999 -9999 -9999 -9999 -9999 -9999 -9999 -9999 -9999 -9999 -9999 -9999 -9999 -9999
-9999 -9999 -9999 -9999 -9999 -9999 -9999 -9999 -9999 -9999 -9999 -9999 -9999 -9999 -9999 -9999 -9999 -9999 -9999 -9999 -9999 -9999 -9999 -9999 -9999 -9999 -9999 -9999 -9999 -9999 -9999 -9999 -9999 -9999 -9999 -9999 -9999 -9999 -9999 -9999 -9999 -9999 -9999 -9999 -9999 -9999 -9999 -9999 -9999 -9999 -9999 -9999 -9999 -9999 -9999 -9999 -9999 -9999 -9999 -9999 -9999 -9999 -9999 -9999 -9999 -9999 -9999 -9999 -9999 -9999 -9999
64.53550 64.81250 64.87010 64.83760 65.75460 65.24820 -9999 -9999 -9999 -9999 -9999 -9999 -9999 -9999 -9999 -9999 -9999 -9999 -9999 -9999 -9999 -9999 -9999 -9999 -9999 -9999 -9999 -9999 -9999 -9999 -9999 -9999 -9999 -9999 -9999 -9999 -9999 -9999 -9999 -9999 -9999 -9999 -9999 -9999 -9999 -9999 -9999 59.40660 -9999 -9999 -9999 -9999 -9999 -9999 -9999 -9999 -9999 -9999 -9999 -9999 -9999 -9999 -9999 -9999 -9999 -9999 -9999 -9999 -9999 -9999 -9999
62.89050 64.33510 65.51850 65.72110 65.67670 65.63200 60.29860 60.37570 61.33560 61.54250 55.42860 57.01470 56.80310 58.24050 58.61670 57.90890 56.83760 55.68230 65.97670 -9999 -9999 -9999 -9999 -9999 -9999 -9999 -9999 -9999 -9999 -9999 -9999 -9999 -9999 -9999 -9999 -9999 -9999 -9999 -9999 -9999 -9999 -9999 55.85960 50.52890 50.18400 50.54730 53.07190 54.25910 56.85160 -9999 -9999 -9999 60.92660 -9999 -9999 -9999 60.21970 60.64900 61.30030 -9999 -9999 -9999 -9999 -9999 -9999 -9999 -9999 -9999 -9999 -9999 -9999
61.98640 62.23030 56.82060 57.31110 56.79740 57.41470 53.15750 49.62870 53.79860 54.55490 54.52950 57.90230 57.65370 59.66910 60.12300 60.06610 59.34280 58.64200 54.45300 53.21980 53.19920 56.26430 61.16170 63.53770 60.55480 -9999 -9999 -9999 -9999 -9999 69.19530 68.62810 67.38290 63.27480 60.61060 59.87550 54.06970 53.52300 53.75360 53.93440 54.36670 54.97350 48.92510 49.42770 51.14710 51.78190 54.15390 54.92880 58.07310 58.47060 59.20630 59.78670 61.14380 61.55730 59.73270 59.79290 59.97870 59.90210 60.84220 60.97310 61.15630 61.21880 61.04860 61.55000 -9999 -9999 -9999 -9999 -9999 -9999 -9999
60.49660 62.17050 62.53440 63.68750 62.82540 64.13030 61.58920 62.30530 64.23860 65.53410 66.31120 66.32810 66.21350 67.29640 66.05160 66.75140 64.83430 64.50470 63.09150 62.37240 62.00830 60.38500 51.67830 63.48790 62.78350 63.64170 64.60720 59.89030 60.50270 60.12640 59.54450 69.78060 67.92640 67.82660 58.11850 56.98740 56.25980 54.95920 54.82640 54.80760 55.60550 55.87180 56.48040 56.26120 56.33150 56.80610 57.28840 57.92760 58.41210 59.07860 60.36330 60.58350 60.07080 60.25020 60.12310 59.91970 60.15060 60.67130 61.20980 61.29550 61.60860 61.57970 60.55450 60.30160 60.55950 60.61960 61.57650 61.41060 61.56020 61.41870 61.08790
66.44260 66.17250 67.04520 64.41050 65.82210 66.29410 68.38850 68.53320 67.95100 66.56790 63.13970 62.33910 64.12900 62.52780 61.25520 59.89610 61.73210 64.31350 69.97170 69.96110 70.17170 69.94290 70.18680 58.95590 53.13640 51.82580 56.99950 57.08930 57.97880 56.88210 51.73830 64.78910 69.00230 67.21400 58.73790 58.19180 57.39220 56.52430 56.26380 55.94510 56.94670 57.53060 58.35440 58.47150 58.04870 58.02700 57.44720 58.21140 58.67180 59.35400 60.16010 60.78000 59.86320 60.25330 59.66270 59.71060 60.26070 60.30970 60.95020 60.87990 61.54180 61.46850 60.08890 60.02120 60.44100 60.72670 61.42390 61.39220 61.67430 61.57310 61.52950
71.45720 71.17390 71.22600 71.48330 71.88200 71.06690 71.59110 64.83940 66.70490 68.59450 68.69140 68.73190 63.83890 71.07340 68.39960 74.05210 73.98860 72.71590 75.02760 76.48040 78.02580 78.20050 70.92120 53.29240 52.16360 51.54480 58.69400 50.03660 58.95020 52.97770 52.67540 54.58300 59.77930 63.83390 63.04300 62.71420 63.46020 67.91700 67.71790 67.42130 61.93450 62.43720 66.71710 66.78410 67.07870 67.46410 66.57180 61.30400 63.32180 62.42210 60.09390 60.29730 59.99360 60.08090 60.55430 60.48540 60.51400 60.81440 61.12340 61.01580 60.79740 64.17970 67.81740 68.55210 69.16640 68.62980 61.84740 60.80730 60.84780 60.93190 61.29470
77.49320 78.21070 78.12780 77.98280 77.18140 75.63460 74.72160 73.05220 72.04980 71.89780 71.67190 71.69090 71.41010 71.43990 71.57270 74.46050 76.84270 77.55230 78.29560 78.21030 78.38670 77.07670 70.51180 61.21460 50.86050 51.51490 52.86630 54.88900 58.09250 51.48420 58.29170 55.46190 54.93940 68.20320 73.22900 74.27320 74.44490 74.47080 74.44030 74.44340 74.40250 74.40710 74.16920 74.15970 74.05710 74.17810 74.06700 73.99720 74.35610 74.37980 74.03260 70.62920 68.36080 67.90420 63.49800 63.49840 63.52350 64.04180 68.42590 68.89060 70.70130 74.42250 74.39630 74.40180 74.31740 74.35540 73.68600 71.88230 70.20330 76.06220 77.00190
78.22450 78.23190 77.80580 73.67430 72.70920 72.76400 72.77150 72.54030 72.13480 71.94430 71.86330 71.81570 71.74950 73.29340 76.40860 76.47290 76.72400 77.85230 78.67820 77.89520 77.10770 73.97410 67.64520 65.82930 52.70730 51.20550 52.29130 52.36390 51.87000 50.43780 52.57200 58.55520 53.67680 52.87800 52.70460 58.08040 63.20260 67.64450 69.39720 70.40570 73.51480 73.66810 74.07200 74.13960 74.32540 74.37640 74.27770 74.23700 74.46300 74.45760 74.28400 74.27950 74.21760 74.21990 74.19820 74.30680 74.31510 74.31480 74.26600 74.28590 68.80950 74.50490 74.44020 74.50290 74.40240 74.36700 77.34910 77.11140 77.01350 77.02110 77.15440
75.94490 74.80440 75.36390 76.12960 76.31400 76.67950 76.96550 76.92230 76.84060 76.26380 75.58530 73.94740 72.28230 71.97370 73.59060 76.40080 76.97050 77.60670 78.92840 78.66810 76.38190 71.34320 59.43390 62.49510 63.75520 61.55660 56.04380 53.73600 51.91910 51.25840 48.13460 50.68930 52.32650 52.88600 53.00960 52.89320 53.04150 52.87660 53.05060 53.09300 54.22250 65.58300 75.96930 75.99110 74.36060 72.69120 70.23590 69.66260 75.31720 73.75530 73.44040 74.34050 74.34830 74.40820 74.40720 74.48910 74.52040 74.46990 74.31730 74.41440 72.46800 74.61200 74.48950 74.47020 74.39290 75.44630 77.32280 77.21160 77.02040 77.09010 77.16830
73.42750 73.52540 73.49310 73.04810 73.09840 74.77850 75.53720 76.04520 76.76370 77.89680 78.12430 78.29190 77.89330 74.42740 73.68780 75.83170 77.30680 75.79990 75.46230 73.85240 66.33300 60.46610 57.41300 58.96280 57.20540 61.12300 63.42770 64.29470 65.80230 62.21220 56.06230 54.86460 54.06540 55.81400 63.02920 65.41690 64.10490 63.89540 62.78870 61.81300 56.86800 57.96950 65.50340 73.74450 74.32610 75.30940 76.17120 75.41400 74.51980 74.32350 72.07720 70.76230 75.45650 73.56410 74.48810 74.43580 74.33320 74.47030 74.50850 74.70520 74.67100 74.46270 74.44990 74.37960 74.37340 75.48270 77.11930 77.14020 77.09680 77.10190 77.19780
73.81290 72.94980 72.88470 72.69400 73.02810 73.61800 73.35670 73.37400 72.48460 73.27810 77.96300 79.44000 69.44460 66.64230 66.54210 66.72570 65.99550 77.62880 77.74210 75.17470 71.02510 58.64580 58.50990 58.33190 55.72620 55.53790 56.37970 56.92120 57.87300 60.43720 63.47780 66.64360 65.49520 64.01330 60.21700 59.91150 58.22700 60.21650 63.56490 64.11740 63.95990 65.02990 68.83230 69.48810 69.71750 69.72430 70.79830 71.96950 73.45760 74.47750 76.07120 76.47900 75.36640 71.43120 75.32970 74.41080 74.38220 72.09100 74.64390 74.53900 74.35640 74.41570 74.26510 74.25650 74.26540 74.26630 77.43210 77.12560 77.01990 76.99630 77.13680
78.35980 77.43840 75.95030 74.92930 72.69910 73.18400 73.07200 72.55860 74.64910 75.61800 77.91210 79.38900 77.72740 77.56640 75.88850 76.79120 73.01330 75.24560 76.42440 78.37990 76.18420 68.56310 66.82680 66.58210 51.31150 51.62700 50.96400 52.61670 53.62910 53.86220 53.73760 53.39510 55.35630 54.66210 52.97560 54.65900 54.25300 56.24870 57.33380 59.75400 59.86840 62.12240 66.22280 66.70020 65.68160 66.53510 67.09230 68.97360 70.27140 71.14910 71.56430 73.91230 76.24050 75.69750 69.16500 74.21900 74.18950 74.34850 74.49030 74.50660 74.38810 74.25950 74.26180 74.01270 74.36310 74.47580 74.35230 77.52190 77.30020 77.19130 77.36550
78.79890 75.94990 70.95280 66.92080 72.36880 68.22260 67.08850 65.43420 65.72050 68.60690 68.25500 66.62680 66.12470 67.51620 73.75250 77.42330 77.13830 76.28460 77.72890 77.01160 76.32340 75.86470 70.49310 69.92580 67.82510 67.20240 65.89220 50.93390 52.19330 52.94800 55.56360 53.95780 54.63070 55.98630 53.55220 54.57850 55.14760 58.02850 59.04860 59.07550 61.57160 58.18420 65.97020 67.35180 68.59020 68.62030 68.70930 69.16300 70.01170 70.81370 71.42470 71.59610 72.25610 75.82250 74.87310 69.43190 73.46530 74.23560 74.40710 74.48410 74.30650 74.29650 74.33980 74.15510 74.11330 74.21680 74.59710 74.44030 75.58030 77.27700 77.47070
67.55450 65.64860 67.01910 71.21290 69.43740 78.97950 78.76020 77.46090 71.76600 77.16980 78.12240 74.32250 72.53310 68.81590 73.35130 79.35010 74.90400 70.66100 73.73320 75.61320 74.68340 73.78970 72.60530 72.83800 72.65790 73.06740 72.10720 71.29560 71.32360 73.32050 69.73240 62.35630 58.76120 59.72090 62.58470 62.88760 59.20760 61.87810 62.41540 63.93430 65.73020 67.97080 67.14170 67.86130 68.46340 69.52900 69.06020 68.56270 68.94760 70.22040 70.79130 71.21100 71.11140 72.22990 76.40740 70.39760 74.85930 74.60460 74.46890 74.53970 74.32960 74.33050 74.37330 74.27080 74.31710 74.39190 74.73280 74.72550 74.75220 75.26830 77.25350
64.94250 64.28980 65.60970 78.45670 76.75720 76.36400 79.17710 79.07780 78.45310 78.44890 78.59840 76.40100 77.82830 78.77830 78.15220 74.28420 75.94040 76.46820 74.68680 74.13940 76.52190 75.80940 74.38150 74.21930 72.43300 66.08040 64.30900 65.22120 66.07130 66.84410 64.64870 61.89210 60.85720 63.47520 57.66220 58.06790 61.24310 62.55580 63.85100 63.73170 63.47980 62.92270 66.23350 69.92160 71.00580 70.60410 69.06770 69.37590 69.95220 70.29010 70.70420 70.78430 71.00760 71.13300 75.13550 70.11370 70.60860 74.61940 74.59860 74.56050 74.33090 73.95800 74.18350 74.39230 74.28180 74.31090 74.69720 74.80990 74.87360 74.16900 76.61990
65.14630 66.35680 65.56190 67.59230 64.79730 64.55910 65.87950 70.49750 77.45050 78.98750 78.97650 79.01580 69.84620 67.34970 64.75680 64.67880 64.51990 64.03730 67.66350 68.88220 70.60810 73.08730 70.88310 68.29530 57.18930 51.27140 59.36570 61.37940 61.37490 63.80470 64.89580 63.18790 58.76750 55.29590 56.48640 60.43590 64.68590 63.97190 63.80080 64.82020 64.99470 64.95230 64.23870 69.44860 70.46840 70.82510 69.94840 68.69850 70.26330 67.44810 69.46610 70.10350 70.57900 70.93700 75.99590 71.71010 73.37060 74.80900 74.79200 73.91760 74.91960 75.25530 74.94410 74.94750 73.26170 73.68540 74.27170 75.77800 76.55850 74.91280 74.79850
67.41140 68.04870 65.79610 65.10560 64.35660 64.36010 64.24300 64.00570 66.03700 74.26800 78.91310 79.08660 75.18470 71.30790 69.14550 64.39650 64.45860 64.50240 64.49260 64.50560 64.87650 66.57290 70.14820 68.60750 65.54260 56.18370 51.23860 50.19310 58.54970 64.42870 63.44930 57.24310 56.55530 53.20040 54.30770 54.54760 63.13740 65.11550 69.05930 67.58670 64.77180 64.94260 65.17920 67.14090 71.33350 70.82370 71.02230 70.37740 69.85440 69.05900 69.74680 70.08560 70.40520 71.04770 72.81990 71.69320 74.45460 74.97450 74.31560 74.60130 74.47490 74.46260 74.02760 73.34280 73.06460 73.14070 74.65790 75.23820 75.14840 75.16740 75.01940
66.08240 65.68580 67.03320 66.95770 65.25620 64.42180 64.24870 64.21470 64.05200 64.48190 64.58710 65.24990 67.52270 68.91930 71.10290 71.85540 69.82460 64.50050 64.14020 64.31840 64.57160 64.62100 64.75340 65.87170 65.91890 60.61620 63.35000 66.17680 63.83880 65.08770 62.40600 60.76330 61.31270 56.39650 55.96410 55.59280 60.49450 64.56480 64.90030 65.77700 67.08300 64.48880 64.74860 65.02150 67.79780 68.94190 69.01900 69.22070 69.25730 70.12650 69.99040 70.47860 70.34240 70.79370 71.40290 71.96620 74.47990 76.66940 75.71580 75.80280 75.72550 74.42240 74.10220 73.76700 73.86920 73.93410 74.09050 74.14180 74.49280 75.01560 75.44990
68.63550 -9999 67.26140 67.37360 67.14710 66.59460 -9999 66.27290 63.61260 62.13400 61.69680 59.18930 60.29420 64.78720 64.92050 65.00890 64.86230 64.58440 64.43420 64.05780 64.07380 63.94810 64.58570 64.72530 64.72190 65.06080 66.86910 67.98380 71.08940 68.77060 67.56510 67.92510 63.34880 58.79250 57.61570 64.02230 65.18050 65.60670 64.74070 65.03480 66.47670 69.46340 71.72260 68.46250 66.33780 66.27300 66.04720 66.10960 66.09040 66.11210 65.75420 65.59900 65.64710 70.56880 71.46900 74.15980 77.34180 77.65750 77.67430 77.70000 77.47490 77.47400 77.47850 77.42720 77.57670 77.21840 77.43600 76.72520 76.16420 75.75820 75.34200
