data/hydroclimate-scenarios/BCSD_hadcm_A1B/monthly_summaries/soilm1_monthly_day1_jun.2030-2059.asc
ncols	311
nrows	91
xllcenter	102.75
yllcenter	31.75
cellsize	0.5
NODATA_value	-9999
[rows 0 to 31 of 91, columns 71 to 141 of 311]
-9999 -9999 -9999 -9999 -9999 -9999 -9999 -9999 -9999 -9999 -9999 -9999 -9999 -9999 -9999 -9999 -9999 -9999 -9999 -9999 -9999 -9999 -9999 -9999 -9999 -9999 -9999 -9999 -9999 -9999 -9999 -9999 -9999 -9999 -9999 -9999 -9999 -9999 -9999 -9999 -9999 -9999 -9999 -9999 -9999 -9999 -9999 -9999 -9999 -9999 -9999 -9999 -9999 -9999 -9999 -9999 -9999 -9999 -9999 -9999 -9999 -9999 -9999 -9999 -9999 -9999 -9999 -9999 -9999 -9999 -9999
-9999 -9999 -9999 -9999 -9999 -9999 -9999 -9999 -9999 -9999 -9999 -9999 -9999 -9999 -9999 -9999 -9999 -9999 -9999 -9999 -9999 -9999 -9999 -9999 -9999 -9999 -9999 -9999 -9999 -9999 -9999 -9999 -9999 -9999 -9999 -9999 -9999 -9999 -9999 -9999 -9999 -9999 -9999 -9999 -9999 -9999 -9999 -9999 -9999 -9999 -9999 -9999 -9999 -9999 -9999 -9999 -9999 -9999 -9999 -9999 -9999 -9999 -9999 -9999 -9999 -9999 -9999 -9999 -9999 -9999 -9999
-9999 -9999 -9999 -9999 -9999 -9999 -9999 -9999 -9999 -9999 -9999 -9999 -9999 -9999 -9999 -9999 -9999 -9999 -9999 -9999 -9999 -9999 -9999 -9999 -9999 -9999 -9999 -9999 -9999 -9999 -9999 -9999 -9999 -9999 -9999 -9999 -9999 -9999 -9999 -9999 -9999 -9999 -9999 -9999 -9999 -9999 -9999 -9999 -9999 -9999 -9999 -9999 -9999 -9999 -9999 -9999 -9999 -9999 -9999 -9999 -9999 -9999 -9999 -9999 -9999 -9999 -9999 -9999 -9999 -9999 -9999
-9999 -9999 -9999 -9999 -9999 -9999 -9999 -9999 -9999 -9999 -9999 -9999 -9999 -9999 -9999 -9999 -9999 -9999 -9999 -9999 -9999 -9999 -9999 -9999 -9999 -9999 -9999 -9999 -9999 -9999 -9999 -9999 -9999 -9999 -9999 -9999 -9999 -9999 -9999 -9999 -9999 -9999 -9999 -9999 -9999 -9999 -9999 -9999 -9999 -9999 -9999 -9999 -9999 -9999 -9999 -9999 -9999 -9999 -9999 -9999 -9999 -9999 -9999 -9999 -9999 -9999 -9999 -9999 -9999 -9999 -9999
-9999 -9999 -9999 -9999 -9999 -9999 -9999 -9999 -9999 -9999 -9999 -9999 -9999 -9999 -9999 -9999 -9999 -9999 -9999 -9999 -9999 -9999 -9999 -9999 -9999 -9999 -9999 -9999 -9999 -9999 -9999 -9999 -9999 -9999 -9999 -9999 -9999 -9999 -9999 -9999 -9999 -9999 -9999 -9999 -9999 -9999 -9999 -9999 -9999 -9999 -9999 -9999 -9999 -9999 -9999 -9999 -9999 -9999 -9999 -9999 -9999 -9999 -9999 -9999 -9999 -9999 -9999 -9999 -9999 -9999 -9999
-9999 -9999 -9999 -9999 -9999 -9999 -9999 -9999 -9999 -9999 -9999 -9999 -9999 -9999 -9999 -9999 -9999 -9999 -9999 -9999 -9999 -9999 -9999 -9999 -9999 -9999 -9999 -9999 -9999 -9999 -9999 -9999 -9999 -9999 -9999 -9999 -9999 -9999 -9999 -9999 -9999 -9999 -9999 -9999 -9999 -9999 -9999 -9999 -9999 -9999 -9999 -9999 -9999 -9999 -9999 -9999 -9999 -9999 -9999 -9999 -9999 -9999 -9999 -9999 -9999 -9999 -9999 -9999 -9999 -9999 -9999
-9999 -9999 -9999 -9999 -9999 -9999 -9999 -9999 -9999 -9999 -9999 -9999 -9999 -9999 -9999 -9999 -9999 -9999 -9999 -9999 -9999 -9999 -9999 -9999 -9999 -9999 -9999 -9999 -9999 -9999 -9999 -9999 -9999 -9999 -9999 -9999 -9999 -9999 -9999 -9999 -9999 -9999 -9999 -9999 -9999 -9999 -9999 -9999 -9999 -9999 -9999 -9999 -9999 -9999 -9999 -9999 -9999 -9999 -9999 -9999 -9999 -9999 -9999 -9999 -9999 -9999 -9999 -9999 -9999 -9999 -9999
-9999 -9999 -9999 -9999 -9999 -9999 -9999 -9999 -9999 -9999 -9999 -9999 -9999 -9999 -9999 -9999 -9999 -9999 -9999 -9999 -9999 -9999 -9999 -9999 -9999 -9999 -9999 -9999 -9999 -9999 -9999 -9999 -9999 -9999 -9999 -9999 -9999 -9999 -9999 -9999 -9999 -9999 -9999 -9999 -9999 -9999 -9999 -9999 -9999 -9999 -9999 -9999 -9999 -9999 -9999 -9999 -9999 -9999 -9999 -9999 -9999 -9999 -9999 -9999 -9999 -9999 -9999 -9999 -9999 -9999 -9999
-9999 -9999 -9999 -9999 -9999 -9999 78.70760 -9999 -9999 -9999 -9999 -9999 -9999 -9999 -9999 -9999 -9999 -9999 -9999 -9999 -9999 -9999 -9999 -9999 -9999 -9999 -9999 -9999 -9999 -9999 -9999 -9999 -9999 -9999 -9999 -9999 -9999 -9999 -9999 -9999 -9999 -9999 -9999 -9999 -9999 -9999 -9999 -9999 -9999 -9999 -9999 -9999 -9999 -9999 -9999 -9999 -9999 -9999 -9999 -9999 -9999 -9999 -9999 -9999 -9999 -9999 -9999 -9999 -9999 -9999 -9999
-9999 -9999 78.73030 74.41310 72.02750 75.79310 75.58260 78.80690 83.31850 86.33620 85.50740 85.96180 85.83660 83.48400 80.89220 80.73690 77.15890 76.29630 80.20920 78.62360 80.71540 78.49960 -9999 -9999 -9999 -9999 -9999 -9999 -9999 -9999 -9999 -9999 -9999 -9999 -9999 -9999 -9999 -9999 -9999 -9999 -9999 -9999 -9999 -9999 -9999 -9999 -9999 -9999 -9999 -9999 -9999 -9999 -9999 -9999 -9999 -9999 -9999 -9999 -9999 -9999 -9999 -9999 -9999 -9999 -9999 -9999 -9999 -9999 -9999 -9999 -9999
-9999 -9999 -9999 -9999 76.24170 78.55180 82.14370 84.92390 90.48790 92.32120 92.01000 93.18640 89.59370 88.87160 89.47570 88.07940 89.63210 87.99870 90.27750 88.11220 89.48410 89.12210 -9999 -9999 -9999 -9999 -9999 -9999 -9999 -9999 -9999 -9999 -9999 -9999 -9999 -9999 -9999 -9999 -9999 -9999 -9999 -9999 -9999 -9999 -9999 -9999 -9999 -9999 -9999 -9999 -9999 -9999 -9999 -9999 -9999 -9999 -9999 -9999 -9999 -9999 -9999 -9999 -9999 -9999 -9999 -9999 -9999 -9999 -9999 -9999 -9999
68.72530 70.00000 70.80330 71.27770 74.22460 75.16240 76.88110 78.68620 83.19530 85.69870 90.04100 91.18100 90.16140 89.93120 91.57840 90.55060 92.65780 90.92360 93.85120 95.66980 98.15910 100.96200 99.22480 97.90840 94.15620 93.94870 91.29700 90.46290 -9999 -9999 -9999 -9999 -9999 -9999 -9999 -9999 -9999 -9999 -9999 -9999 -9999 -9999 -9999 -9999 -9999 -9999 -9999 -9999 -9999 -9999 -9999 -9999 -9999 -9999 -9999 -9999 -9999 -9999 -9999 -9999 -9999 -9999 -9999 -9999 -9999 -9999 -9999 -9999 -9999 -9999 -9999
65.52410 65.23440 65.49160 67.25240 66.53100 68.38960 70.97260 73.57480 76.55310 79.26320 81.95790 82.93930 87.90060 88.29650 91.61330 91.16250 90.13510 89.24130 102.28800 100.89700 97.39720 95.78490 97.10810 97.45600 92.24900 91.52540 89.66290 88.32530 91.01140 89.67930 87.69880 87.29040 86.65520 86.36960 82.63730 82.37590 82.27130 82.37110 80.85490 80.65450 81.04120 82.58010 84.38380 -9999 -9999 -9999 -9999 -9999 -9999 -9999 -9999 -9999 -9999 -9999 -9999 -9999 -9999 -9999 -9999 -9999 -9999 -9999 -9999 -9999 -9999 -9999 -9999 -9999 -9999 -9999 -9999
56.22270 57.78490 57.37910 60.86650 65.10120 68.53350 66.81730 67.22230 70.95750 71.16360 72.74180 75.79650 80.76130 85.02290 86.89560 88.38270 88.52110 88.54330 96.45740 100.22200 95.31340 93.37460 92.23090 89.17070 86.55210 88.33070 84.68360 84.08620 90.87830 92.01720 88.99950 88.79690 87.01710 86.09540 82.67700 81.77240 81.79210 81.73260 78.78940 79.05390 80.68370 81.34700 83.98970 88.92430 -9999 -9999 -9999 -9999 -9999 -9999 -9999 -9999 -9999 -9999 -9999 -9999 -9999 -9999 -9999 -9999 -9999 -9999 -9999 -9999 -9999 -9999 -9999 -9999 -9999 -9999 -9999
76.33580 71.34380 66.91130 73.58040 74.15980 75.72090 74.83040 74.45710 76.22270 74.71050 82.80790 83.20040 86.32380 86.97790 87.50730 88.84180 90.60150 91.88370 92.04650 96.67080 95.61100 95.13540 94.82200 94.81140 90.81420 91.01560 89.40190 88.12980 87.83790 87.71610 89.27260 88.34260 87.79400 87.60520 80.82950 80.17360 81.74750 80.76490 81.58890 80.99440 79.32280 79.96560 79.74870 82.00910 -9999 -9999 -9999 -9999 -9999 -9999 -9999 -9999 -9999 -9999 -9999 -9999 -9999 -9999 -9999 84.77240 84.10300 -9999 -9999 -9999 -9999 86.70170 78.79340 75.41220 75.99310 76.72150 79.28460
69.57280 71.43200 73.68050 71.89090 72.62880 71.27420 70.10890 71.50540 75.53690 76.86990 78.48360 79.67340 84.66620 87.89080 89.58590 88.80640 89.54060 89.76890 93.20480 90.45580 92.88130 92.86400 94.26720 92.58430 90.96070 88.99550 90.61860 89.12340 85.14130 84.86820 86.70570 85.08370 84.74630 84.85380 81.40070 81.59460 81.67120 79.41220 80.84510 84.22040 84.92610 85.15880 83.60840 83.96380 87.25940 88.43760 89.98600 87.10780 86.28680 85.87610 81.67100 83.37320 89.61070 91.11650 83.95240 79.13180 80.35140 80.80720 83.67810 85.03180 81.38530 -9999 -9999 -9999 -9999 -9999 89.78140 84.03570 83.25190 80.39980 79.11440
77.52120 63.86180 73.55940 78.45870 68.95220 69.25220 68.86940 71.57870 70.24210 69.22550 71.01670 73.39390 78.82630 81.73460 87.02830 89.04450 88.53770 89.99780 90.24510 88.04960 89.35790 89.82460 91.76550 91.70900 90.62370 90.39060 88.66580 88.64560 87.33450 89.68560 90.02210 89.39870 92.78870 90.07960 90.71090 93.27600 89.07280 91.53610 87.79700 92.37360 91.06910 93.20580 89.07960 87.70260 88.19440 88.40660 89.39100 87.48360 91.80650 93.80170 92.34180 90.10660 89.01070 89.66130 85.72650 87.52470 87.80300 85.67430 81.69490 81.86970 80.33400 78.82110 83.13720 90.57320 86.66960 88.90260 90.23820 89.96550 88.98820 87.73980 80.60150
73.27520 78.27280 67.12430 81.27520 79.84430 77.18810 72.18040 71.61660 63.78210 65.90000 68.27290 71.65070 75.61440 81.35770 84.15520 90.00070 85.76200 86.29680 89.97550 84.79570 90.07070 87.20220 87.73490 87.60550 89.82330 87.61640 87.01110 85.34270 89.62330 92.45140 93.87800 94.84930 95.15920 90.67370 90.24040 92.70770 93.20100 89.14520 86.17110 90.95010 89.53610 88.07440 87.46590 92.23130 92.12880 89.18630 87.46790 85.11490 87.62140 87.65150 89.09440 85.51630 85.54620 87.80460 90.16930 89.23170 90.56440 92.59700 91.94640 89.90100 78.45030 74.12420 78.31390 84.85830 81.36310 83.90390 89.63300 89.89240 87.83450 85.24100 76.54140
83.47660 83.78880 74.55560 61.54180 74.47340 73.27940 68.80980 74.23320 70.31850 68.43960 66.02490 65.76040 69.82770 74.89270 78.53630 82.17690 83.11320 83.53520 85.64860 87.87200 85.03310 83.47180 84.27420 83.69010 85.12790 86.00270 84.91690 87.93620 88.54990 87.80910 88.09750 91.53430 88.39950 89.74860 90.55250 89.75040 86.10340 82.59160 85.87640 88.48930 83.59720 82.01430 86.95660 89.67670 90.38150 89.25570 87.53520 83.60460 84.55750 86.51340 87.70930 89.39860 91.15080 90.47390 81.68540 81.78760 81.56980 83.55940 84.87870 88.81220 85.27660 81.58190 76.85420 78.35790 77.41890 79.62560 82.16850 83.16770 83.33840 81.18400 79.80350
80.27590 83.56190 81.55280 76.33840 71.65920 70.03280 72.12960 78.42010 76.14530 71.58650 80.55410 74.84410 68.96910 66.97010 69.52440 73.11930 75.99140 79.38230 84.06910 83.54950 83.86810 81.03570 82.39170 81.05060 83.47350 82.55200 83.41890 79.53130 90.26890 87.51480 84.00330 86.62120 85.22860 82.67270 80.99250 84.97290 81.02060 81.99860 80.77120 82.77710 84.82190 83.55030 83.02850 84.47410 88.12800 87.62250 84.53070 90.68250 87.23190 88.70430 88.91240 89.10960 91.28850 91.23830 90.04780 88.13050 85.53170 83.67710 85.84950 88.01450 87.74660 84.27660 81.85140 83.16210 77.79010 79.31080 79.23750 80.11630 84.01860 83.66020 86.08380
73.16320 73.98480 74.87420 77.92100 77.64090 71.78770 65.52020 62.65770 67.74930 72.32880 75.87140 85.07610 87.24090 83.07440 76.21320 73.60470 74.26010 72.54890 76.57370 76.08720 81.78470 82.21300 82.26160 79.07290 79.91790 81.99460 82.34100 80.74480 84.34400 86.42970 87.53400 87.28700 85.28500 82.56190 77.33370 81.70980 77.92970 82.73820 79.60600 76.61080 86.78040 87.97980 86.16050 86.52280 86.35100 86.07050 89.85870 86.39010 83.19740 86.54330 88.82400 91.04800 88.27550 91.29690 94.24080 94.14050 85.14020 83.11380 82.86080 79.80370 81.26550 82.91560 82.70910 90.42710 91.87880 87.32720 79.67090 78.36150 78.95820 82.15430 87.55220
85.90850 84.48750 87.41790 81.87140 82.44290 82.33220 77.61550 76.92630 74.79990 73.82520 68.24320 66.06650 75.20890 78.47500 83.71080 82.23760 84.97840 83.41090 76.55030 75.55900 77.98790 81.49360 80.48390 79.29230 81.52640 81.86140 78.73270 77.88390 86.53490 86.78810 84.44430 92.09790 87.09160 92.17540 82.93140 83.67640 84.41920 86.55070 75.76390 79.20090 82.82280 86.00330 85.97260 81.86050 84.33990 84.94900 87.17460 88.93240 87.24510 86.15150 86.27810 92.16500 86.32770 83.61670 87.20100 87.73720 77.76600 84.31750 86.31490 88.44920 87.10600 87.62670 90.23850 95.45820 92.54860 85.78130 81.88240 84.62130 87.72130 87.93930 92.87050
78.38320 85.51580 87.37910 87.86350 89.03360 83.60200 77.92610 76.36460 78.32090 73.88520 76.94740 82.28650 75.94080 69.35790 76.58600 72.98410 76.05980 83.12180 88.62580 82.65560 80.01590 81.11490 81.00650 84.28850 81.10350 80.86020 76.60370 80.51860 84.94490 85.12240 83.47610 84.40890 86.54090 81.05200 85.32720 80.12700 79.97580 78.32440 81.86630 80.13370 82.53190 85.70150 87.32260 83.48070 88.87700 90.11690 90.55830 91.60480 92.33160 89.54160 89.63060 91.71290 86.03420 82.87120 76.27360 73.63380 89.06460 87.30210 89.15430 93.55320 90.48550 92.08370 88.22590 82.78220 90.68360 94.60840 90.27690 91.31670 90.37420 87.62670 92.85990
80.69320 79.01470 77.34520 83.18290 88.47360 89.43790 87.63460 85.71510 84.97490 81.17090 76.99420 84.76680 85.13470 81.65790 89.11660 83.06260 80.39520 70.93770 82.09600 87.98400 88.03580 89.88540 89.04840 76.05710 78.09680 76.52150 75.77860 80.31980 83.30490 82.14290 81.77150 81.84210 80.49480 79.88910 76.14880 78.29750 81.85170 80.89410 83.56680 84.46960 87.78800 87.19030 87.74640 81.38390 76.87340 84.17130 91.25110 92.55880 97.22860 93.23160 89.12940 87.56530 89.55000 83.70110 81.29140 82.27550 88.79540 91.20670 87.63500 91.39210 93.63360 93.49130 92.51710 90.73390 93.98540 92.24390 90.97120 89.82890 90.07290 87.84300 92.32850
81.72860 80.31820 79.18190 75.79800 82.30260 85.42140 85.93920 86.73800 83.17590 83.23800 83.60890 81.64240 76.75900 78.02050 88.79920 91.03560 83.07850 83.66740 77.82740 82.23590 87.48700 89.31640 87.14250 86.22390 76.85360 71.88780 74.27750 76.51450 81.58330 79.12590 83.01230 81.97280 78.22740 78.95970 79.40660 77.12090 75.64630 77.92680 82.69540 85.96650 86.30320 85.58020 93.87390 85.17860 78.83900 83.84510 90.48920 92.68820 93.16570 87.11610 79.34910 86.56910 94.21300 86.54660 90.91270 90.99430 91.62320 91.01930 87.02890 93.81400 92.63500 87.24450 93.35010 95.61800 96.83510 97.88840 96.27650 88.49750 90.01030 87.50180 86.06450
85.72490 85.54180 80.78410 80.78230 84.38420 81.47950 84.67130 84.70050 80.87530 78.28580 79.28300 82.00590 79.91550 77.65440 84.08190 88.65840 86.46330 84.79410 83.69400 84.37570 88.92190 82.13080 80.46500 80.16470 81.38170 86.23820 73.03230 72.08330 81.78980 83.75380 81.22300 81.32440 75.45340 76.64480 76.75590 82.92170 85.33670 86.11200 79.32100 92.43090 86.49680 88.11130 89.28120 89.56930 89.00560 84.10390 81.00820 83.38420 83.43490 84.02440 88.73710 93.29190 91.82980 88.56020 89.62920 94.98060 95.91320 94.00780 95.60980 96.78340 97.60430 96.58200 96.61380 96.41750 96.24520 96.68230 94.73180 91.91470 87.88080 86.66280 87.83710
89.05060 91.96090 86.47770 82.71450 82.80480 86.15620 82.82670 82.78240 78.50410 79.96790 77.27340 77.47530 84.55590 83.28300 85.55010 86.06810 89.22560 85.69390 88.70840 87.08380 87.78090 83.53110 89.78490 83.23600 85.05630 87.08220 82.09010 77.60410 74.51120 79.17020 76.06980 72.55990 74.70840 82.96920 82.99870 78.46920 87.58690 91.34280 79.64200 81.60600 88.12950 88.76120 84.50230 83.88710 82.45110 82.13900 82.42240 79.72160 83.21810 90.19040 83.46210 89.94520 94.05510 94.05500 93.00420 91.81110 92.94180 98.06240 98.73940 105.71700 98.44150 94.27390 97.80720 99.20760 96.20490 88.00250 95.13760 88.45510 90.09930 88.58310 88.85340
87.84500 87.05150 85.59790 85.90960 86.67020 81.61070 77.24140 77.35600 81.49440 78.48360 69.82440 75.39400 82.91670 86.74810 88.89540 88.24670 86.71000 89.27180 87.17170 86.15890 89.95980 87.60200 86.32320 83.59460 79.25330 86.42890 91.63550 83.24300 74.45110 76.11250 84.94860 82.14140 79.60060 83.55120 87.57100 79.60910 88.05060 86.04620 87.25130 82.17210 84.89450 84.65210 83.59780 90.00400 88.05550 88.86700 88.97880 89.45120 91.83260 95.02710 92.71020 92.79580 96.51130 92.53970 94.20400 94.24410 99.58820 98.25590 95.24030 99.77170 94.73220 95.44800 93.31330 90.00000 91.83870 90.72980 89.45920 90.20110 91.74670 90.97010 91.56440
87.87360 84.41870 87.01720 85.11370 86.19690 86.67110 80.81820 78.27410 78.70150 85.74100 74.53970 79.63080 81.83290 87.12320 86.54180 88.28000 84.81910 79.60650 83.90200 87.99330 86.33660 88.36090 86.36370 80.37990 83.78470 78.76090 85.67390 80.40990 65.24180 77.27360 83.01950 87.56060 85.95740 86.57860 87.93890 82.34960 83.57180 91.51550 90.83260 93.87160 89.56950 88.24070 88.42450 91.08210 99.27030 95.06380 80.12220 73.41650 74.19140 78.17620 84.03800 86.87100 80.07690 88.61470 97.98100 95.62250 96.87080 97.09600 95.54190 94.46570 94.67290 91.63270 93.36690 90.16080 83.49430 85.04560 84.60200 86.03000 91.72040 92.90150 92.39960
82.00620 83.11330 86.51070 88.90920 91.13300 87.95510 87.33850 80.72960 84.10920 85.24320 82.85960 81.50140 85.69490 83.56150 88.32110 92.94220 91.19570 86.01050 84.77630 87.33970 79.74010 88.93620 91.84250 89.52400 83.91440 76.01270 89.80770 85.61440 74.70280 83.89450 82.87070 77.08680 89.09290 89.69880 85.14640 86.02270 89.39250 92.47790 95.46520 95.86160 96.20090 92.68690 94.81180 91.13680 87.25480 83.61250 73.44870 74.86820 85.70430 84.25420 -9999 -9999 78.39650 83.24670 89.66190 95.84740 103.21200 93.69860 85.01310 87.02060 91.22070 91.86600 89.09090 84.28100 84.01550 81.83090 79.99380 78.57750 90.16750 94.63570 95.19170
87.29260 84.13090 88.31230 91.71540 86.98120 92.47010 89.62650 91.80540 87.11470 88.32300 87.53880 88.39880 88.46720 85.50350 90.77670 92.65190 85.42560 83.83700 81.51870 87.38500 84.98690 89.64290 83.86790 90.95330 85.67690 85.37800 89.16540 84.29760 76.94110 86.38740 87.10510 76.47590 81.93590 87.06330 88.21750 93.00030 96.52110 92.06870 85.96760 -9999 -9999 -9999 -9999 80.12100 -9999 79.34890 88.00010 89.09410 92.03920 80.97000 -9999 -9999 84.88790 97.05100 95.87660 88.44400 83.52130 87.02730 90.53850 92.28940 92.61570 93.74100 93.13330 91.16400 91.07080 81.87930 77.90870 81.41040 89.58510 93.38700 95.37640
79.48400 84.53290 89.30520 91.91630 93.14590 91.44540 92.24960 87.56510 87.62460 90.52190 91.14980 91.17910 93.32480 93.85290 92.45450 87.19190 83.75810 87.29410 89.18440 91.60420 95.08370 92.08610 88.12380 84.67030 86.56180 91.35760 82.10160 88.49410 83.58270 82.42400 86.00160 88.33330 89.96050 91.37250 95.47570 94.44950 94.74800 -9999 -9999 -9999 -9999 -9999 -9999 -9999 88.04770 87.75080 89.22400 -9999 -9999 -9999 -9999 -9999 94.88740 88.50280 86.62970 88.93220 94.02940 92.77510 89.89370 92.35740 90.89900 91.78040 93.86000 97.08770 98.49430 94.63750 93.92890 85.66880 92.61480 97.52260 -9999
