data/hydroclimate-scenarios/BCSD_hadcm_A1B/monthly_summaries/soilm2_monthly_day1_sep.2030-2059.asc
ncols	311
nrows	91
xllcenter	102.75
yllcenter	31.75
cellsize	0.5
NODATA_value	-9999
[rows 0 to 30 of 91, columns 213 to 283 of 311]
-9999 -9999 -9999 -9999 -9999 -9999 -9999 -9999 -9999 -9999 -9999 -9999 -9999 -9999 -9999 -9999 -9999 -9999 -9999 -9999 -9999 -9999 -9999 -9999 -9999 -9999 -9999 -9999 -9999 -9999 -9999 -9999 -9999 -9999 -9999 -9999 -9999 -9999 -9999 -9999 -9999 -9999 -9999 -9999 -9999 -9999 -9999 -9999 -9999 -9999 -9999 -9999 -9999 -9999 -9999 -9999 -9999 -9999 -9999 -9999 -9999 -9999 -9999 -9999 -9999 -9999 -9999 -9999 -9999 -9999 -9999
-9999 -9999 -9999 -9999 -9999 -9999 -9999 -9999 -9999 -9999 -9999 -9999 -9999 -9999 -9999 -9999 -9999 -9999 -9999 -9999 -9999 -9999 -9999 -9999 -9999 -9999 -9999 -9999 -9999 -9999 -9999 -9999 -9999 -9999 -9999 -9999 -9999 -9999 -9999 -9999 -9999 -9999 -9999 -9999 -9999 -9999 -9999 -9999 -9999 -9999 -9999 -9999 -9999 -9999 -9999 -9999 -9999 -9999 -9999 -9999 -9999 -9999 -9999 -9999 -9999 -9999 -9999 -9999 -9999 -9999 -9999
-9999 -9999 -9999 -9999 -9999 -9999 -9999 -9999 -9999 -9999 -9999 -9999 -9999 -9999 -9999 -9999 -9999 -9999 -9999 -9999 -9999 -9999 -9999 -9999 -9999 -9999 -9999 -9999 -9999 -9999 -9999 -9999 -9999 -9999 -9999 -9999 -9999 -9999 -9999 -9999 -9999 -9999 -9999 -9999 -9999 -9999 -9999 -9999 -9999 -9999 -9999 -9999 -9999 -9999 -9999 -9999 -9999 -9999 -9999 -9999 -9999 -9999 -9999 -9999 -9999 -9999 -9999 -9999 -9999 -9999 -9999
-9999 -9999 -9999 -9999 -9999 -9999 -9999 -9999 -9999 -9999 -9999 -9999 -9999 -9999 -9999 -9999 -9999 -9999 -9999 -9999 -9999 -9999 -9999 -9999 -9999 -9999 -9999 -9999 -9999 -9999 -9999 -9999 -9999 -9999 -9999 -9999 -9999 -9999 -9999 -9999 -9999 -9999 -9999 -9999 -9999 -9999 -9999 -9999 -9999 -9999 -9999 -9999 -9999 -9999 -9999 -9999 -9999 -9999 -9999 -9999 -9999 -9999 -9999 -9999 -9999 -9999 -9999 -9999 -9999 -9999 -9999
-9999 -9999 -9999 -9999 -9999 -9999 -9999 -9999 -9999 -9999 -9999 -9999 -9999 -9999 -9999 -9999 -9999 -9999 -9999 -9999 -9999 -9999 -9999 -9999 -9999 -9999 -9999 -9999 -9999 -9999 -9999 -9999 -9999 -9999 -9999 -9999 -9999 -9999 -9999 -9999 -9999 -9999 -9999 -9999 -9999 -9999 -9999 -9999 -9999 -9999 -9999 -9999 -9999 -9999 -9999 -9999 -9999 -9999 -9999 -9999 -9999 -9999 -9999 -9999 -9999 -9999 -9999 -9999 -9999 -9999 -9999
-9999 -9999 -9999 -9999 -9999 -9999 -9999 -9999 -9999 -9999 -9999 -9999 -9999 -9999 -9999 -9999 -9999 -9999 -9999 -9999 -9999 -9999 -9999 -9999 -9999 -9999 -9999 -9999 -9999 -9999 -9999 -9999 -9999 -9999 -9999 -9999 -9999 -9999 -9999 -9999 -9999 -9999 -9999 -9999 -9999 -9999 -9999 -9999 -9999 -9999 -9999 -9999 -9999 -9999 -9999 -9999 -9999 -9999 -9999 -9999 -9999 -9999 -9999 -9999 -9999 -9999 -9999 -9999 -9999 -9999 -9999
-9999 -9999 -9999 -9999 -9999 -9999 -9999 -9999 -9999 -9999 -9999 -9999 -9999 -9999 -9999 -9999 -9999 -9999 -9999 -9999 -9999 -9999 -9999 -9999 -9999 -9999 -9999 -9999 -9999 -9999 -9999 -9999 -9999 -9999 -9999 -9999 -9999 -9999 -9999 -9999 -9999 -9999 -9999 -9999 -9999 -9999 -9999 -9999 -9999 -9999 -9999 -9999 -9999 -9999 -9999 -9999 -9999 -9999 -9999 -9999 -9999 -9999 -9999 -9999 -9999 -9999 -9999 -9999 -9999 -9999 -9999
-9999 -9999 -9999 -9999 -9999 -9999 -9999 -9999 -9999 -9999 -9999 -9999 -9999 -9999 -9999 -9999 -9999 -9999 -9999 -9999 -9999 -9999 -9999 -9999 -9999 -9999 -9999 -9999 -9999 -9999 -9999 -9999 -9999 -9999 -9999 -9999 -9999 -9999 -9999 -9999 -9999 -9999 -9999 -9999 -9999 -9999 -9999 -9999 -9999 -9999 -9999 -9999 -9999 -9999 -9999 -9999 -9999 -9999 -9999 -9999 -9999 -9999 -9999 -9999 -9999 -9999 -9999 -9999 -9999 -9999 -9999
-9999 -9999 -9999 -9999 -9999 -9999 -9999 -9999 -9999 -9999 -9999 -9999 -9999 -9999 -9999 -9999 -9999 -9999 -9999 -9999 -9999 -9999 -9999 -9999 -9999 -9999 -9999 -9999 -9999 -9999 -9999 -9999 -9999 -9999 -9999 -9999 -9999 -9999 -9999 -9999 -9999 -9999 -9999 -9999 -9999 -9999 -9999 -9999 -9999 -9999 -9999 -9999 -9999 -9999 -9999 -9999 -9999 -9999 -9999 -9999 -9999 -9999 -9999 -9999 -9999 -9999 -9999 -9999 -9999 -9999 -9999
-9999 -9999 -9999 -9999 -9999 -9999 -9999 -9999 -9999 -9999 -9999 -9999 -9999 -9999 -9999 -9999 -9999 -9999 -9999 -9999 -9999 -9999 -9999 -9999 -9999 -9999 -9999 -9999 -9999 -9999 -9999 -9999 -9999 -9999 -9999 -9999 -9999 -9999 -9999 -9999 -9999 -9999 -9999 -9999 -9999 -9999 -9999 -9999 -9999 -9999 -9999 -9999 -9999 -9999 -9999 -9999 -9999 -9999 -9999 -9999 -9999 -9999 -9999 -9999 -9999 -9999 -9999 -9999 -9999 -9999 -9999
-9999 -9999 -9999 -9999 -9999 -9999 -9999 -9999 -9999 -9999 -9999 -9999 -9999 -9999 -9999 -9999 -9999 -9999 -9999 -9999 -9999 -9999 -9999 -9999 -9999 -9999 -9999 -9999 -9999 -9999 -9999 -9999 -9999 -9999 -9999 -9999 -9999 -9999 -9999 -9999 -9999 -9999 -9999 -9999 -9999 -9999 -9999 -9999 -9999 -9999 -9999 -9999 -9999 -9999 -9999 -9999 -9999 -9999 -9999 -9999 -9999 -9999 -9999 -9999 -9999 -9999 -9999 -9999 -9999 -9999 -9999
-9999 -9999 -9999 -9999 -9999 -9999 -9999 -9999 -9999 -9999 -9999 -9999 -9999 -9999 -9999 -9999 -9999 -9999 -9999 -9999 -9999 -9999 -9999 -9999 -9999 -9999 -9999 -9999 -9999 -9999 -9999 -9999 -9999 -9999 -9999 -9999 -9999 -9999 -9999 -9999 -9999 -9999 -9999 -9999 -9999 -9999 -9999 -9999 -9999 -9999 -9999 -9999 -9999 -9999 -9999 -9999 -9999 -9999 -9999 -9999 -9999 -9999 -9999 -9999 -9999 -9999 -9999 -9999 -9999 -9999 -9999
-9999 -9999 -9999 -9999 -9999 -9999 -9999 -9999 -9999 -9999 -9999 -9999 -9999 -9999 -9999 -9999 -9999 -9999 -9999 -9999 -9999 -9999 -9999 -9999 -9999 -9999 -9999 -9999 -9999 -9999 -9999 -9999 -9999 -9999 -9999 -9999 -9999 -9999 -9999 -9999 -9999 -9999 -9999 -9999 -9999 -9999 -9999 -9999 -9999 -9999 -9999 -9999 -9999 -9999 -9999 -9999 -9999 -9999 -9999 -9999 -9999 -9999 -9999 -9999 -9999 -9999 -9999 -9999 -9999 -9999 -9999
91.76680 91.16260 91.17580 91.06020 89.09200 89.89920 -9999 -9999 -9999 -9999 -9999 -9999 -9999 -9999 -9999 -9999 -9999 -9999 -9999 -9999 -9999 -9999 -9999 -9999 -9999 -9999 -9999 -9999 -9999 -9999 -9999 -9999 -9999 -9999 -9999 -9999 -9999 -9999 -9999 -9999 -9999 -9999 -9999 -9999 -9999 -9999 -9999 84.20670 -9999 -9999 -9999 -9999 -9999 -9999 -9999 -9999 -9999 -9999 -9999 -9999 -9999 -9999 -9999 -9999 -9999 -9999 -9999 -9999 -9999 -9999 -9999
82.64790 84.01210 86.39000 87.40040 88.34300 88.03650 81.94710 79.93290 79.05120 82.44860 78.25400 82.56810 83.23410 93.11590 94.04360 92.07300 91.94710 87.81680 92.40090 -9999 -9999 -9999 -9999 -9999 -9999 -9999 -9999 -9999 -9999 -9999 -9999 -9999 -9999 -9999 -9999 -9999 -9999 -9999 -9999 -9999 -9999 -9999 74.96860 73.30510 53.43980 55.80480 63.48080 66.49460 75.42560 -9999 -9999 -9999 83.45710 -9999 -9999 -9999 83.73620 87.40790 88.04880 -9999 -9999 -9999 -9999 -9999 -9999 -9999 -9999 -9999 -9999 -9999 -9999
79.71940 78.45720 75.41610 75.70510 75.01060 75.26610 72.72140 76.40210 80.56100 86.98960 86.30960 103.83200 104.71200 115.40800 122.06400 115.09700 106.48200 104.35500 88.61030 86.29040 82.69310 84.30720 88.81530 89.02420 83.61630 -9999 -9999 -9999 -9999 -9999 87.73740 86.72590 86.54060 83.94520 82.38550 80.95380 79.03870 62.88120 62.75880 59.57590 55.91170 56.97180 52.92810 53.32380 57.25640 57.25790 73.03860 79.88440 79.16010 82.48110 83.11050 84.14500 85.09370 85.96280 85.88890 86.27950 90.12760 94.79610 100.25300 98.96420 94.06830 89.93350 90.99210 86.88880 -9999 -9999 -9999 -9999 -9999 -9999 -9999
77.12160 79.44590 83.96520 88.99090 85.30990 87.93750 103.76700 123.08400 131.72501 131.71300 129.64600 186.30200 171.21001 192.58900 174.54601 177.86501 149.06599 100.70600 88.82300 84.59190 89.38170 86.41500 103.99200 96.00190 93.89330 93.84590 90.94230 73.77100 66.92860 64.77790 61.10150 85.81140 84.98900 87.16980 68.49910 64.94550 63.46800 61.30900 61.61000 60.12780 59.23370 59.55500 60.70310 63.55040 66.32770 63.97820 70.28070 71.86030 72.97850 75.16780 79.55610 83.18120 85.32410 86.09390 87.45510 87.84500 86.72620 86.94510 86.42120 86.80490 87.17810 88.08090 91.70360 96.65710 95.48900 93.44760 89.14250 89.77360 88.82320 89.26530 89.73030
119.01000 119.26700 126.14700 130.49600 134.41400 201.84500 181.47800 161.05400 154.33501 130.97600 114.38200 111.79400 121.00800 111.52800 107.28900 105.81900 108.94500 105.97400 116.13000 115.01000 119.81700 135.63000 144.80099 130.21201 98.75940 101.99700 92.38510 113.56200 73.54250 72.38460 61.86070 77.73060 79.70590 76.91910 58.56060 59.99090 63.39930 65.72350 64.08790 61.51240 59.94770 60.87350 60.76720 59.12310 59.48390 59.85520 62.83380 64.45460 67.21730 66.99280 70.24940 71.71520 75.56890 81.71710 83.13290 83.98270 83.65540 83.14480 83.71600 83.39610 84.15710 84.80400 91.34610 93.07600 89.93190 89.51600 88.21940 90.44400 89.96930 90.64090 89.73320
158.88300 160.96400 142.70300 151.95900 161.43201 130.53200 114.14500 113.18500 106.35100 102.25900 105.21300 106.13900 104.03700 108.38100 110.89300 112.11700 110.78800 109.07200 118.14400 114.88000 126.07300 141.85500 139.63699 94.12970 90.52410 91.70890 124.11700 139.65199 132.99200 78.11800 62.94750 56.81340 56.38810 59.67800 59.71310 59.87480 62.10770 62.51090 62.20320 63.23680 60.04200 62.33080 61.29310 62.26760 62.52300 64.03220 66.69510 67.39160 69.31940 69.40390 67.30180 68.67290 70.66540 70.76510 73.59970 78.99660 78.53380 79.84260 81.02820 80.83800 81.01850 89.58650 97.70080 103.11300 102.89100 103.53600 89.74680 87.48680 87.75650 86.84830 84.78860
147.42599 163.25800 172.86900 151.24400 142.63300 133.77699 115.07700 115.09800 108.95300 105.18400 105.44000 104.50400 105.63800 105.26900 108.98000 109.63500 107.48400 109.42500 122.34300 127.58700 130.63200 137.98599 130.00999 105.19000 90.18000 88.62110 87.03110 91.09710 117.01900 110.13400 63.51120 55.49550 54.07030 76.27880 109.87500 109.68400 110.01400 109.88100 109.87600 110.45600 110.19800 110.08800 111.92700 112.09300 110.88200 111.25500 111.22100 111.84600 112.99000 113.67900 112.89200 86.26630 86.69270 88.47370 76.18510 73.31370 81.79040 83.28110 85.30890 94.90280 98.22290 118.18400 117.69400 117.41700 118.73600 118.79200 118.70000 97.23060 93.52840 102.17300 102.21600
135.03101 185.52100 189.58200 145.76300 120.23100 110.14900 106.63000 104.63900 101.56900 100.94100 102.08300 102.08600 101.75300 102.41200 102.82700 107.99900 113.08100 113.94300 117.46100 118.61800 110.98900 114.44500 117.56800 114.16100 84.20980 85.95030 83.37220 82.10240 81.06520 87.50320 60.82830 54.49480 53.56990 52.56220 51.74390 52.22860 54.22540 56.07900 73.68760 74.32610 109.86000 109.91600 110.11600 110.50300 110.37400 110.63400 110.97100 111.09900 111.94700 112.22300 112.86500 112.87100 113.23800 112.97300 112.55100 111.82100 112.45100 112.76300 114.19500 113.66500 89.78460 115.33200 112.70600 112.55600 113.18200 114.27100 92.71960 97.78380 99.69450 101.52800 102.71700
138.30901 127.07200 113.40400 103.52100 102.62300 102.71900 101.92000 102.75200 102.33800 101.36700 101.76300 101.47300 101.62200 101.70500 103.76300 104.33600 106.96200 107.90300 115.74400 119.46300 108.83000 109.73800 105.10700 106.24800 106.49300 109.64700 81.01020 79.31620 78.42890 80.37470 60.08140 54.15090 52.95090 52.26360 51.50470 51.23540 51.76850 51.87160 51.53650 51.77380 52.17560 72.16660 109.75900 109.57900 110.02700 77.77500 74.62900 75.95330 111.79800 112.46000 112.90200 112.18800 112.19200 111.67900 111.31900 111.12800 110.26200 110.34300 111.91000 113.06900 132.34700 113.10800 112.18200 113.07900 113.12900 112.37500 82.94240 88.77540 90.22070 94.70460 96.14050
133.74600 111.06500 104.45700 104.89600 115.32200 132.82800 162.80400 174.78200 157.17599 135.32899 119.53600 113.22100 107.99200 102.59300 105.36500 107.03200 115.63700 109.82800 118.59700 119.96600 104.34600 103.20600 101.80100 102.81800 102.05400 76.41990 76.93330 78.40390 75.21860 73.70130 53.35410 52.41170 51.69520 53.15560 72.97810 72.48460 73.33640 74.03360 73.40700 56.24410 53.94240 52.77300 72.42660 77.23110 110.09600 110.51200 111.49800 112.39600 112.53300 113.04800 80.14840 79.81620 111.41800 111.70600 109.96100 109.92400 111.00000 111.78300 110.98400 112.10400 112.99000 110.68900 109.69600 110.10600 109.75800 109.68800 83.49940 83.23960 86.37360 89.15050 90.21710
124.77400 124.41300 129.96001 124.04200 119.17400 131.66701 152.57700 153.35001 152.10600 149.90700 147.99699 149.15601 131.12100 122.38400 118.32700 109.98500 106.13100 107.00500 120.01000 122.80600 116.24600 102.52100 70.52630 71.19550 71.09950 71.26440 75.28040 77.55930 81.14460 82.19730 81.66000 77.74710 78.11570 79.69390 84.93130 87.16350 88.40480 89.54540 87.61300 86.72460 90.32020 90.13420 85.18560 84.47760 82.18630 82.58240 79.64470 78.78750 85.91430 114.82600 113.66700 112.38700 110.79300 75.93480 109.36800 110.13800 111.00800 131.62700 110.33200 111.23200 110.78500 109.15600 109.44800 109.75200 109.38200 109.44000 80.30240 80.46850 80.57310 83.01470 85.23130
116.12500 119.07700 124.80000 124.56900 119.69100 114.85300 110.55600 112.17900 134.48100 140.49001 145.60899 144.75600 161.32201 165.64101 172.68300 151.62300 135.25600 108.49300 106.93000 121.76600 123.88800 158.58900 157.22301 157.49899 69.98420 69.92220 70.30580 70.90700 73.08320 75.54480 74.75150 79.53450 78.60500 82.19970 81.04470 87.26160 90.22010 94.45330 98.98400 96.55820 105.55400 104.22000 100.19500 98.73570 99.73940 99.86150 97.80020 96.13230 82.92240 78.49350 79.03180 81.09210 111.06900 109.90500 76.34550 108.95800 108.99500 109.44500 108.77800 108.51200 108.84100 109.29000 109.45200 109.42200 108.86500 108.71300 108.11600 74.50740 74.94030 75.47320 78.66720
117.01900 117.82900 109.72300 111.40000 126.15100 114.27600 120.95900 121.51000 118.57400 114.28400 118.18000 122.84700 131.51401 136.51100 153.64500 114.79800 106.10800 104.72500 105.92600 106.37100 107.73300 114.08300 104.05300 107.84600 106.91000 156.55701 105.61300 100.99500 72.31110 105.02500 106.00600 106.63100 105.97600 106.80100 105.91800 108.30100 75.90880 86.18500 136.69901 150.66299 101.98300 103.06300 96.42490 98.13990 95.65780 98.40640 99.33700 92.46450 89.54070 81.74200 79.92020 77.22170 75.12050 111.25200 109.36400 74.25940 108.73100 108.51300 108.47800 108.16700 108.34500 108.43800 108.46000 108.19700 108.20600 108.32500 107.77400 107.64500 107.68300 73.47490 74.58740
138.48399 142.22600 143.80299 154.18401 140.25800 215.51601 227.62300 231.66400 221.24200 224.88901 199.76401 207.98599 148.89799 107.18700 108.56800 107.62200 106.50800 102.10700 108.14300 105.04800 111.59900 109.43500 108.79300 110.14300 105.89800 105.83900 107.05000 108.85300 111.49200 110.24300 104.71600 105.72000 105.30400 105.90400 105.24100 105.31900 108.45100 116.64600 126.18800 135.08000 139.85201 137.31500 99.14550 104.35500 103.79200 99.61740 95.17450 98.74510 93.11670 85.27970 82.32450 80.41740 75.41550 74.50440 109.37900 74.78500 109.41200 109.16600 109.04200 109.01500 107.89100 108.02100 108.07900 108.08400 108.10100 107.75700 107.69300 107.61100 108.17700 108.25100 72.61440
198.80901 136.68800 138.07600 144.86700 209.60800 204.38800 144.81799 150.08701 158.67101 161.73500 224.81900 163.62300 178.01100 235.85600 206.07201 130.07700 105.94800 106.43300 113.43600 116.05500 119.64400 122.12900 117.23300 116.51100 106.36800 102.49800 102.71200 102.89500 103.61600 104.19600 106.01800 103.33900 104.06300 103.86200 104.88900 106.34500 108.10700 109.13500 112.53300 115.89000 114.31200 122.96600 98.76860 100.53300 98.57110 105.08400 111.13300 106.84800 94.34810 93.08160 91.12550 84.98600 81.42480 77.79500 109.95000 74.74010 73.47290 109.12500 108.88500 108.66000 108.09100 108.11400 107.79600 107.60400 107.92100 107.74000 107.46900 107.41200 108.20700 108.30700 107.25300
141.86600 140.64700 136.04100 133.23900 118.48200 119.06300 126.40200 105.05700 105.58000 102.60400 98.53270 98.75350 85.06470 105.84700 95.45870 154.76401 132.93600 105.32900 111.11800 110.73000 115.74200 124.82500 127.52900 116.62900 104.82700 103.98600 104.23500 104.00600 104.64500 105.04900 105.31400 105.24300 105.38700 105.28900 104.68100 103.15400 106.72900 110.82000 111.31600 112.91500 116.91600 118.96500 88.36550 102.05500 105.02000 107.93800 115.86000 119.19600 108.03800 116.56800 105.32700 102.20900 87.50750 80.06720 110.84100 74.68730 74.84640 109.98800 108.78400 108.25400 74.62370 73.87590 72.82050 72.29880 72.26380 107.24800 107.39300 107.24100 107.23100 107.42200 107.61400
114.58200 95.76940 129.54500 136.95700 134.03300 129.63000 122.48500 104.26100 80.08890 83.97930 76.85500 76.90680 128.57001 153.97200 146.18100 187.03000 182.26100 168.03000 158.97900 148.92900 130.05200 134.52901 132.69501 122.92500 110.42200 106.15000 104.68100 100.81700 101.54000 104.69800 104.51500 104.31400 104.37700 105.06000 104.56800 105.36200 105.87900 107.82300 113.69300 112.89700 111.62600 115.94200 114.14500 105.56400 102.16100 115.18100 111.54800 113.67500 117.04900 116.36200 111.13300 102.46700 92.82910 89.48470 84.36700 78.03270 112.72400 111.46800 109.29000 108.59800 109.23100 109.07200 108.21600 108.14000 75.52650 72.50580 107.43300 107.23400 107.55000 107.65800 107.79700
88.11160 73.26400 86.71020 117.58400 114.39600 110.55100 122.79500 128.23399 123.49200 98.28560 80.57650 73.26260 88.48790 127.98500 195.08099 229.09300 198.32600 162.28600 185.26900 177.27000 165.17200 165.87900 138.81599 131.63200 130.44901 121.60600 108.44900 105.74700 106.94800 106.63800 106.35300 106.14400 104.83300 104.28400 107.04000 110.21500 108.74000 109.49400 110.03700 110.13400 111.92600 87.88350 90.58750 95.53460 93.36740 100.00400 107.45000 100.65000 95.66190 92.80840 96.34210 97.92860 99.66750 95.75060 96.96340 84.32610 114.42200 113.84400 111.16400 109.84000 109.70900 109.33700 108.89500 108.02300 107.51200 107.29600 107.34200 107.44200 107.63300 107.50900 107.62400
