data/hydroclimate-scenarios/BCSD_hadcm_A1B/monthly_summaries/soilm1_monthly_day1_jun.2070-2099.asc
ncols	311
nrows	91
xllcenter	102.75
yllcenter	31.75
cellsize	0.5
NODATA_value	-9999
[rows 32 to 63 of 91, columns 0 to 70 of 311]
-9999 -9999 -9999 -9999 -9999 -9999 -9999 -9999 -9999 -9999 -9999 79.23810 79.29980 79.98110 79.24750 83.42940 81.55090 81.50130 83.21530 84.67300 85.65610 84.96950 83.45870 82.01320 76.66200 75.26410 75.82450 77.66640 78.57990 80.97750 81.58920 80.00730 81.84930 81.79460 82.42280 78.55520 79.04260 78.41610 76.16870 76.93580 75.67530 72.68000 75.36840 74.05870 72.82370 76.38590 76.09130 76.19560 75.94940 73.89300 72.75170 73.32180 72.30920 75.30140 73.16470 71.53830 72.63270 72.81100 70.17850 68.72000 69.16800 67.19350 63.30560 70.82060 70.54660 60.61230 65.82120 72.91960 78.25360 82.76050 80.31670
-9999 -9999 -9999 -9999 -9999 -9999 -9999 -9999 -9999 -9999 -9999 80.96910 81.76130 78.15170 76.71250 80.48070 80.60670 83.09910 82.73920 85.03640 85.41640 83.93230 80.63880 77.36380 77.61970 77.84370 75.63070 75.80980 72.47670 67.78350 71.93380 78.34960 79.32660 73.79000 72.07990 62.39090 70.47250 74.91700 73.40350 76.98570 76.37060 77.12400 76.58530 75.92250 78.53440 79.90720 79.67750 77.43900 76.52880 72.18020 70.88100 70.63190 69.08080 67.79950 66.17290 70.79140 70.43500 69.86650 72.07750 71.84820 70.56080 72.69960 69.25160 62.76210 73.47220 67.31920 67.61480 70.69120 73.26340 79.87310 77.20050
-9999 -9999 -9999 -9999 -9999 -9999 -9999 -9999 -9999 -9999 -9999 -9999 76.77520 76.97480 74.75610 75.82020 78.62420 80.96730 80.24890 80.44310 77.26320 76.26300 74.78890 80.27580 78.19620 76.05990 74.42490 75.62350 70.59130 71.41430 71.65860 69.42870 70.44910 74.29720 72.74130 71.54020 73.88890 75.96940 72.42350 70.42450 72.02050 76.86110 77.79990 76.10810 77.58730 81.59550 79.36960 77.61710 75.89090 73.47960 69.78710 72.71430 72.76050 68.92640 65.44090 60.24680 58.93010 60.59210 72.88020 73.17930 71.65910 59.58880 60.41600 64.45810 64.43400 73.12040 67.81730 71.48300 77.90490 84.45760 76.69560
-9999 -9999 -9999 -9999 -9999 -9999 -9999 -9999 -9999 -9999 -9999 -9999 74.23480 73.66670 77.06630 77.13050 76.41940 74.52750 74.93700 75.13400 75.05780 79.71640 79.12010 78.52180 78.27450 70.70340 67.63720 74.52330 68.31140 70.07010 73.78210 71.56640 69.90710 66.81280 71.87350 71.30410 68.58800 72.31210 75.20970 72.03630 70.97160 78.45700 77.96010 79.76310 80.28080 81.70500 81.45690 78.39070 73.78860 75.26670 72.89650 70.27830 69.42550 66.37330 62.86880 58.01710 69.53020 56.40680 63.39820 66.54980 62.77160 69.25820 71.19440 72.72440 70.56180 64.46710 69.17680 68.54730 72.97280 78.41400 80.43130
-9999 -9999 -9999 -9999 -9999 -9999 -9999 -9999 -9999 -9999 -9999 -9999 77.19870 75.16830 73.87050 73.37130 73.00930 74.87220 73.05270 74.58110 76.42890 80.54920 78.53590 76.43450 75.42540 74.10610 73.17710 68.93460 71.50750 65.30170 63.12670 63.26870 69.90130 71.70950 68.61770 67.63630 69.87590 71.90550 70.25500 73.07610 75.83420 76.83010 74.68820 81.77760 82.01380 81.73200 82.96500 82.42610 81.16110 72.43620 69.85400 71.50380 65.80240 64.39050 63.31220 60.80410 58.37130 63.06440 66.28650 69.39510 68.83540 73.26360 71.05970 65.45740 66.69300 69.04300 72.10290 70.85510 75.92730 79.52170 79.74230
-9999 -9999 -9999 66.33740 70.74460 67.75620 64.80790 67.21340 67.81560 -9999 74.63550 75.51850 72.79890 69.81920 70.48040 71.54550 71.44530 70.30140 73.46260 73.52880 75.25940 76.05830 73.78700 74.98480 71.96660 72.35920 70.86520 71.06050 67.63750 65.35670 67.42150 63.57930 60.38890 62.07090 62.23990 54.29900 63.98390 67.63290 71.99240 71.56140 72.71450 74.96110 74.51490 78.26900 78.85010 80.67150 85.22110 74.33880 75.41790 73.21880 69.95620 68.98920 69.12040 74.92280 71.17300 72.07980 73.01930 62.20150 66.74090 64.14380 66.11060 71.93350 69.53660 73.16270 68.40290 69.63880 74.21510 76.74040 79.99410 83.04910 83.30130
-9999 -9999 -9999 66.58100 66.84840 68.93480 67.10130 70.45590 68.21260 64.40240 70.72820 68.15660 73.05930 63.47620 66.74050 67.59440 65.92050 71.63470 72.30460 71.27630 69.09570 75.95540 73.47040 74.66370 72.15850 71.48640 71.40800 67.56050 69.39300 66.54980 55.75560 64.08040 66.89710 63.90660 59.37230 61.46060 62.33700 66.10460 64.00390 71.21540 71.16260 67.60880 72.10630 75.11700 73.18190 77.39830 78.02210 68.70850 70.51260 69.13420 69.89010 72.33390 74.90370 76.62350 69.69880 71.61950 66.36740 66.36270 71.52970 70.74600 69.44700 70.59420 71.09120 72.11540 76.90540 68.97370 71.96120 74.64130 79.07300 80.98590 84.09330
-9999 -9999 -9999 60.86310 67.91440 64.67790 69.67270 69.67180 69.03690 68.33440 69.84840 70.35100 68.75790 62.76490 62.54370 61.25330 69.12320 63.99840 63.29550 62.51690 64.50560 68.71760 58.82340 63.86980 68.76340 68.97430 71.97850 70.14720 64.07640 68.50790 75.58590 74.91400 67.09200 61.15790 62.09980 61.42660 63.84670 61.06380 58.38660 60.29220 63.32050 65.01110 69.65680 73.92640 71.25330 74.14990 74.95310 67.40350 66.16230 75.63540 77.45420 69.93760 70.44500 71.67810 68.79660 68.61410 66.63150 67.22450 70.82980 72.78070 67.40250 65.61860 69.53790 74.02170 75.12820 74.37310 74.78900 78.10060 81.58690 86.89510 92.39320
-9999 -9999 -9999 65.77330 64.74260 71.11780 66.97980 71.04840 65.40070 64.27860 67.51670 64.32940 58.85370 60.81180 61.91950 57.31000 62.19660 75.96260 76.46530 65.10740 59.75840 59.76910 70.58460 77.95850 70.68790 65.96280 63.22700 61.98140 68.55800 70.46980 69.07300 61.01430 63.93040 69.26630 71.77040 69.68130 64.72340 59.92180 63.22300 62.91110 62.66100 65.29160 71.06260 72.70190 67.40270 74.08530 75.97720 69.71560 73.66580 72.42020 76.13850 70.87410 70.92810 69.11520 69.56610 67.31670 65.13630 67.05350 68.73950 65.94490 67.79770 70.78850 70.93870 73.21650 75.22590 77.17250 82.53860 86.71550 94.72890 98.01670 92.41320
-9999 -9999 -9999 60.24050 63.75420 69.65170 70.00980 69.40210 68.17220 67.27690 66.81470 61.81450 57.10720 58.47440 76.00360 75.39010 65.80070 63.02710 62.03580 58.59910 59.46060 64.16930 78.75810 62.93490 59.16130 60.48210 62.54320 61.04990 63.88580 70.22010 67.85070 65.23400 66.58420 63.67090 62.51880 60.86900 61.57260 59.27300 59.80890 62.00320 63.04160 64.71420 67.38500 66.52490 67.44730 68.97350 68.80850 67.87660 67.51610 71.92660 71.36850 63.73020 64.91540 69.31580 63.31750 69.58990 63.92530 63.20640 67.07410 74.09060 70.86470 72.30090 72.69230 73.03290 72.95580 74.40090 79.18230 89.64540 95.71530 90.91290 86.43730
-9999 -9999 -9999 -9999 64.67430 68.97910 69.57940 74.88360 69.89800 64.84160 68.21370 66.69520 63.00100 59.05800 -9999 -9999 -9999 -9999 -9999 69.07640 77.69890 75.70350 77.30640 71.98360 65.53000 61.83360 60.32660 60.49320 64.93920 61.59370 61.67480 59.17730 60.69910 55.54970 53.04040 55.18280 56.52480 53.95680 57.68590 56.95140 55.67770 58.60560 64.38940 64.67160 63.43970 63.74420 63.49490 66.07990 67.89740 75.86170 67.84050 69.74930 66.63090 70.15820 69.76700 70.38670 71.82440 72.38160 68.16630 70.91290 76.78470 78.11860 80.96140 79.44020 80.84290 84.25730 83.22200 81.29470 83.26750 -9999 -9999
-9999 -9999 63.32450 63.93710 67.36200 67.79930 68.11560 74.88740 68.73020 66.34440 68.68790 64.75330 65.60580 -9999 -9999 -9999 -9999 -9999 80.01010 78.41990 76.70810 59.29570 58.36070 64.45940 75.57340 90.14350 73.25300 61.13760 62.33130 61.65400 58.04880 58.13300 57.36230 59.35660 59.39840 58.30260 57.17790 54.05440 55.85690 54.65630 56.88290 59.78820 62.78840 56.38720 55.03950 59.25880 61.19530 59.90690 60.53060 74.94820 75.70460 78.98600 91.71680 78.05260 76.79710 63.12900 65.17860 69.24020 67.75000 66.21490 68.85960 71.86390 77.54980 79.10910 78.98120 79.76640 78.25540 -9999 -9999 -9999 -9999
-9999 -9999 69.63240 69.30880 65.78220 65.33940 64.53850 72.88040 67.20910 68.74550 71.40950 71.62560 62.99610 -9999 -9999 -9999 -9999 64.71970 69.22720 62.31460 60.52100 54.04690 57.37810 71.99830 71.99840 57.75020 57.28300 56.35400 59.10240 60.55710 57.41050 59.80460 58.81680 60.60660 60.36020 60.98060 60.10030 54.13980 57.13260 60.90110 64.45100 64.87350 64.40010 59.43760 59.28630 58.51300 59.33550 55.67560 53.29670 56.41900 69.89560 72.66270 73.75180 74.57250 72.75040 52.72300 55.64610 63.33860 66.07680 71.22510 69.52490 74.69660 73.93500 77.16610 75.40540 -9999 -9999 -9999 -9999 -9999 85.54960
-9999 -9999 64.73410 69.50730 69.16140 68.37280 62.21330 61.86280 65.78390 68.37060 67.82620 62.19710 50.27660 -9999 -9999 -9999 -9999 70.57320 66.08760 62.31240 60.71250 58.45300 70.65030 58.68170 59.94740 60.60170 59.41210 57.02190 59.54250 57.04980 58.52100 59.57950 59.09570 59.51820 59.25530 63.54440 65.45960 63.14650 60.95330 59.11650 64.55410 62.68540 62.21460 65.24750 64.40290 62.07800 63.00790 61.07170 59.94680 59.23880 58.04340 56.86730 55.86540 55.29280 60.11610 52.04140 51.18470 61.70450 63.41280 68.26760 66.64460 67.58420 67.50900 69.39080 71.32480 81.78410 79.06280 80.69890 82.51420 -9999 -9999
-9999 -9999 -9999 63.66090 65.98120 63.08790 59.45070 59.70380 68.89280 66.57270 55.43870 47.98540 -9999 -9999 -9999 -9999 67.72740 67.78670 63.73560 59.36490 63.12880 57.84930 55.92380 58.90330 58.99060 56.42770 58.60780 58.76750 60.70180 64.23520 61.79270 62.52900 61.07590 59.07180 57.72050 55.98420 55.39460 58.27430 58.58670 53.93880 59.15630 58.65030 74.86130 74.49010 73.02830 74.25860 73.40910 63.84860 63.30460 63.54930 68.42870 78.03400 73.78460 78.37430 92.72380 95.73750 80.85150 72.26330 72.21000 68.33080 66.01790 65.39250 70.47690 78.05310 80.74890 77.43190 78.93870 77.40390 75.69180 80.57160 -9999
-9999 -9999 -9999 -9999 60.93980 57.37840 56.30480 68.69990 70.70430 56.38950 57.30270 -9999 -9999 -9999 -9999 73.75110 64.08020 58.44530 59.99820 55.99860 54.67140 51.27120 51.78620 56.31570 57.05260 54.92340 53.46780 56.97230 56.80430 58.86520 58.11460 56.46490 56.07770 56.08390 60.68830 63.48430 64.08180 62.71370 61.58460 56.01000 57.28830 59.62590 60.26000 62.69070 64.80830 61.79190 61.82800 74.40590 63.17990 75.15960 61.90660 73.41550 74.39880 74.09850 74.33340 76.91450 92.60400 81.03970 79.93330 62.49450 67.37750 69.84450 67.89460 67.94710 72.03100 76.33820 74.31000 70.61240 74.27610 75.69670 77.81320
-9999 -9999 -9999 -9999 -9999 -9999 68.38240 75.39370 47.48510 61.14110 56.21650 -9999 -9999 -9999 -9999 -9999 58.03340 56.47090 55.57150 52.03710 50.98910 45.38660 47.88450 54.11330 51.66410 50.88020 53.74130 70.64730 70.96500 58.95320 57.09280 56.27330 57.17930 61.00230 60.38840 58.78350 65.36920 62.46130 59.36600 60.78680 60.91870 61.68120 64.30050 62.42180 64.85220 66.37140 65.33340 73.67720 74.39410 80.59430 75.82530 74.35350 57.33590 60.42250 60.16860 62.09230 77.72780 81.03100 76.77770 58.48360 58.77390 62.35570 65.00140 66.90450 69.31070 72.71880 73.60300 63.85380 64.98830 68.43140 73.69240
-9999 -9999 -9999 -9999 -9999 -9999 -9999 -9999 -9999 -9999 -9999 -9999 -9999 -9999 -9999 -9999 -9999 -9999 -9999 50.12460 50.78700 45.18130 47.71700 49.25880 51.99840 52.85950 50.24290 48.42040 47.53140 52.05020 56.24300 56.90910 62.46000 63.42330 60.59620 61.04650 64.06640 64.99850 63.92400 64.91170 66.59430 66.25210 65.76780 67.64180 67.21920 65.24310 59.57960 73.60050 73.29670 63.28040 62.98210 59.93150 71.98790 75.44070 63.76550 60.32830 61.25800 62.44770 62.09290 56.93730 64.07370 67.44560 61.40160 65.96820 66.95210 71.25670 68.87070 62.09900 63.29320 73.87390 75.70670
-9999 -9999 -9999 -9999 -9999 -9999 -9999 -9999 -9999 -9999 -9999 -9999 -9999 -9999 -9999 -9999 -9999 -9999 55.12790 54.93760 51.40070 50.07100 51.58960 50.98090 51.17070 49.89440 50.22690 50.75130 49.83750 49.09360 50.62730 57.44850 58.55160 57.18590 60.50120 61.73440 64.06370 63.84960 64.86170 67.67420 69.45100 67.01090 66.31330 68.90730 67.85090 70.54770 67.83570 64.66090 61.34050 71.74120 73.36530 75.75520 75.78070 73.78710 62.90910 66.81190 65.19250 62.10380 65.59800 60.07910 65.05240 66.14430 60.88370 64.68540 72.06340 66.54190 63.03890 63.10350 65.08990 70.82850 79.44620
-9999 -9999 -9999 -9999 -9999 -9999 -9999 -9999 -9999 -9999 -9999 -9999 -9999 -9999 -9999 -9999 -9999 58.52840 57.50950 53.77000 54.75780 51.98100 49.48060 51.14380 51.65370 51.81140 67.46440 47.83780 49.62470 49.85600 51.87140 57.00250 59.92820 53.76810 71.51630 73.63600 69.16500 64.66020 65.39660 67.99640 66.18870 63.84760 66.85630 67.21540 63.66100 60.04310 73.55190 73.23690 60.18420 70.25490 71.33070 73.70420 61.71580 58.25050 60.96060 66.24750 63.51760 62.66970 62.60310 60.29050 63.15840 65.18490 64.82660 70.49870 62.59160 62.71930 63.50050 61.36440 61.08400 69.98600 76.91380
-9999 -9999 -9999 -9999 -9999 -9999 -9999 -9999 -9999 -9999 -9999 -9999 -9999 -9999 -9999 -9999 -9999 61.19400 58.60480 55.61870 56.13920 59.63520 52.70360 50.97120 49.60680 48.29570 48.51010 46.94470 47.08230 50.71220 69.03080 70.52630 70.13190 69.38100 71.95910 74.72600 76.32120 57.82280 58.61720 62.95590 64.99370 62.62890 64.41880 60.00570 62.89030 72.31950 57.87470 65.69830 62.08500 58.08490 74.62260 74.50370 74.91290 74.93810 75.57060 70.75160 72.05140 68.45640 63.42900 63.48380 63.89420 64.37140 62.30180 61.29330 64.30140 66.14130 65.64380 64.50590 64.66920 70.22350 68.23120
-9999 -9999 -9999 -9999 -9999 -9999 -9999 -9999 -9999 -9999 -9999 -9999 -9999 -9999 -9999 -9999 71.93480 69.58020 60.32200 57.77030 50.30140 51.81050 51.28830 49.05540 46.57590 46.24550 45.81610 45.42420 45.78050 49.06150 50.18920 50.32470 49.20640 68.84550 70.15000 71.82290 57.21850 57.12470 56.10610 55.92930 55.81080 62.38390 75.21680 55.99550 53.31550 53.14380 54.13470 66.36000 61.77080 53.77480 73.84090 73.38240 73.90270 75.12940 74.52260 66.33810 71.59150 70.17510 70.95480 64.45620 62.27740 63.95610 65.92720 70.21080 69.14780 87.10260 86.70650 80.31100 74.43340 64.97450 69.50110
-9999 -9999 -9999 -9999 -9999 -9999 -9999 -9999 -9999 -9999 -9999 -9999 -9999 62.70210 59.56410 63.30320 59.66280 63.69980 62.29550 51.06980 52.19550 51.12680 48.33030 50.84730 50.65270 47.59350 46.77050 45.35610 45.35460 45.72870 67.04820 68.36810 48.99640 47.19720 69.74190 70.56350 69.77190 56.79330 59.74900 59.08650 59.41090 58.94300 54.58480 54.80120 72.98320 73.81580 74.42570 74.86070 77.06080 73.85750 74.70890 75.28660 67.41770 67.22800 78.27330 75.72140 72.01000 67.45700 66.55290 65.39140 66.73970 79.05440 70.94030 87.51710 87.51660 80.19890 83.75340 78.21580 69.41590 75.25970 78.00380
-9999 -9999 -9999 -9999 -9999 -9999 -9999 -9999 -9999 -9999 -9999 -9999 57.09620 59.93650 63.39240 59.98580 59.07660 54.69450 52.18720 48.35610 49.51480 51.29620 49.55350 53.11450 50.44990 46.28060 45.79250 44.60100 65.70730 65.80370 66.47780 66.97650 67.86690 47.55970 68.43550 69.65180 56.18400 55.76340 57.79050 56.59120 55.01210 56.05860 69.24560 73.33160 74.76640 72.66360 73.57790 74.93560 78.64690 79.17570 63.69450 61.93810 61.10650 66.50400 62.92050 64.63280 82.78310 78.97130 76.68070 77.01990 73.44180 80.98480 77.01440 75.92850 80.01490 80.77520 79.73620 68.45070 74.64690 80.15300 71.54910
-9999 -9999 -9999 -9999 -9999 -9999 -9999 -9999 -9999 -9999 -9999 62.34830 55.27440 54.87450 51.30540 49.36480 47.58940 50.96630 50.67390 50.36750 51.38330 46.18770 46.02810 47.30850 47.15000 45.12640 66.27760 44.25340 65.83640 65.20210 65.80090 44.70590 45.68290 46.85930 50.20340 71.00030 57.86450 58.29360 55.71950 57.39350 56.29220 72.70150 72.80470 70.43230 71.62540 72.74460 75.09350 75.13710 77.28180 77.31060 79.47070 68.84620 65.51200 69.60990 66.74230 65.51860 78.41760 71.84720 69.09230 65.69060 71.06790 72.67160 62.92440 67.08120 80.74230 75.43420 72.76990 70.97490 76.30400 74.55180 69.74330
-9999 -9999 -9999 -9999 -9999 -9999 -9999 -9999 -9999 -9999 53.10020 52.27210 49.38480 50.05930 48.18830 46.24350 44.53310 46.44290 47.19530 47.16340 46.25400 45.34680 45.16790 46.78820 46.35600 44.44930 44.06490 65.56560 65.44010 43.08700 43.56050 44.47320 35.16740 67.82440 69.09280 56.93800 56.97860 56.60240 61.26660 54.38020 69.76020 72.24550 71.63490 69.34460 69.22950 70.33920 71.57110 73.32710 75.55490 77.74540 80.26700 74.58410 74.02790 75.89790 71.92800 68.80890 80.20420 78.74210 73.70450 75.67930 76.39010 73.17660 65.80010 77.70840 78.63740 80.54010 75.76360 73.86670 77.40810 73.79850 73.81990
-9999 -9999 -9999 -9999 -9999 -9999 -9999 -9999 -9999 47.62480 48.71580 51.84670 51.38240 48.95810 47.24530 43.49220 43.28390 46.34830 45.43270 44.19040 44.17040 45.07610 44.59700 45.75980 45.52200 44.61950 44.26150 42.86400 42.92180 44.14610 44.19660 43.44730 45.30130 48.36640 69.89480 58.13570 63.06330 60.65560 58.24040 54.29090 70.14770 70.62250 71.88230 79.58530 70.93310 91.74530 72.81630 70.28910 74.44400 79.54520 83.57140 79.53440 71.18800 80.72440 76.16550 79.25980 78.95980 78.07020 78.34260 82.82100 80.37660 79.44180 68.47560 76.80980 64.11490 69.65000 77.62300 80.84660 73.96720 74.55850 74.03230
-9999 -9999 -9999 -9999 -9999 -9999 -9999 -9999 -9999 -9999 46.08670 47.51470 47.80520 45.77540 44.50630 42.95750 42.85850 45.66880 45.32730 44.01420 44.13740 44.75850 44.62310 -9999 -9999 -9999 -9999 -9999 -9999 45.27620 48.09570 44.92530 46.70730 49.91490 52.41730 57.30110 62.93490 58.03980 54.22990 51.02180 69.30310 70.68180 69.18340 89.36730 79.17920 91.50710 91.83810 70.09850 71.43570 76.69120 78.68330 68.92320 72.75420 75.83450 83.61550 76.58660 75.73020 76.68610 77.91730 79.63900 80.02970 66.39640 68.68860 66.98070 69.69740 75.02020 80.36150 79.14200 77.78540 81.50200 77.03630
-9999 -9999 -9999 -9999 -9999 -9999 -9999 -9999 -9999 -9999 -9999 -9999 48.12640 49.61210 49.64260 43.72820 43.95890 46.12510 46.34630 -9999 -9999 -9999 -9999 -9999 -9999 -9999 -9999 -9999 -9999 -9999 -9999 -9999 -9999 50.78310 55.27490 58.53020 73.50270 52.25400 49.79880 49.53710 68.95080 69.39750 68.72210 67.59690 67.95330 79.02000 89.85590 69.42610 69.94880 73.99540 75.44950 76.86420 79.18240 76.17300 76.56140 76.12030 76.92520 60.86380 58.07870 75.13720 76.02530 64.56940 76.71780 63.31360 66.64930 75.40880 79.24960 73.03530 75.68530 79.31690 87.31430
-9999 -9999 -9999 -9999 -9999 -9999 -9999 -9999 -9999 -9999 -9999 -9999 -9999 -9999 -9999 -9999 -9999 -9999 -9999 -9999 -9999 -9999 -9999 -9999 -9999 -9999 -9999 -9999 -9999 -9999 -9999 -9999 -9999 -9999 71.99960 72.58650 70.14860 68.94900 48.65460 69.46430 68.98540 69.03660 69.07640 67.58190 87.91240 89.19480 89.31000 69.08220 70.09090 73.81070 74.28070 75.43000 78.44700 73.28150 73.23730 75.03540 63.71450 76.97300 61.50220 65.02030 62.67630 78.46790 63.88070 61.75220 71.00600 79.81640 81.34780 76.06950 77.52020 83.47340 87.32550
-9999 -9999 -9999 -9999 -9999 -9999 -9999 -9999 -9999 -9999 -9999 -9999 -9999 -9999 -9999 -9999 -9999 -9999 -9999 -9999 -9999 -9999 -9999 -9999 -9999 -9999 -9999 -9999 -9999 -9999 -9999 -9999 -9999 -9999 53.96570 70.78290 70.86520 54.57720 51.81470 68.83500 69.06990 82.23380 82.76610 67.48800 66.76760 68.89660 68.99010 72.03250 73.54660 76.18250 76.58530 74.73620 62.89870 64.85310 64.76880 57.91560 71.79030 59.17710 62.44950 74.40630 75.40550 77.69190 64.63100 65.40220 72.80090 75.08860 84.85400 76.78190 79.61630 81.44790 -9999
-9999 -9999 -9999 -9999 -9999 -9999 -9999 -9999 -9999 -9999 -9999 -9999 -9999 -9999 -9999 -9999 -9999 -9999 -9999 -9999 -9999 -9999 -9999 -9999 -9999 -9999 -9999 -9999 -9999 -9999 -9999 -9999 -9999 -9999 -9999 -9999 -9999 -9999 71.59260 68.94870 69.32940 69.89930 69.20080 66.66790 69.30160 69.04110 69.32090 71.87370 73.98070 75.17820 75.55650 74.07780 72.60390 61.70800 74.64030 58.34830 55.91520 60.76790 64.41470 63.76630 62.62780 68.54710 68.55010 73.94450 79.94620 74.99190 79.77890 83.76050 71.74040 -9999 -9999
