data/hydroclimate-scenarios/BCSD_hadcm_A1B/monthly_summaries/soilm1_monthly_day1_jan.2070-2099.asc
ncols	311
nrows	91
xllcenter	102.75
yllcenter	31.75
cellsize	0.5
NODATA_value	-9999
[rows 0 to 31 of 91, columns 71 to 141 of 311]
-9999 -9999 -9999 -9999 -9999 -9999 -9999 -9999 -9999 -9999 -9999 -9999 -9999 -9999 -9999 -9999 -9999 -9999 -9999 -9999 -9999 -9999 -9999 -9999 -9999 -9999 -9999 -9999 -9999 -9999 -9999 -9999 -9999 -9999 -9999 -9999 -9999 -9999 -9999 -9999 -9999 -9999 -9999 -9999 -9999 -9999 -9999 -9999 -9999 -9999 -9999 -9999 -9999 -9999 -9999 -9999 -9999 -9999 -9999 -9999 -9999 -9999 -9999 -9999 -9999 -9999 -9999 -9999 -9999 -9999 -9999
-9999 -9999 -9999 -9999 -9999 -9999 -9999 -9999 -9999 -9999 -9999 -9999 -9999 -9999 -9999 -9999 -9999 -9999 -9999 -9999 -9999 -9999 -9999 -9999 -9999 -9999 -9999 -9999 -9999 -9999 -9999 -9999 -9999 -9999 -9999 -9999 -9999 -9999 -9999 -9999 -9999 -9999 -9999 -9999 -9999 -9999 -9999 -9999 -9999 -9999 -9999 -9999 -9999 -9999 -9999 -9999 -9999 -9999 -9999 -9999 -9999 -9999 -9999 -9999 -9999 -9999 -9999 -9999 -9999 -9999 -9999
-9999 -9999 -9999 -9999 -9999 -9999 -9999 -9999 -9999 -9999 -9999 -9999 -9999 -9999 -9999 -9999 -9999 -9999 -9999 -9999 -9999 -9999 -9999 -9999 -9999 -9999 -9999 -9999 -9999 -9999 -9999 -9999 -9999 -9999 -9999 -9999 -9999 -9999 -9999 -9999 -9999 -9999 -9999 -9999 -9999 -9999 -9999 -9999 -9999 -9999 -9999 -9999 -9999 -9999 -9999 -9999 -9999 -9999 -9999 -9999 -9999 -9999 -9999 -9999 -9999 -9999 -9999 -9999 -9999 -9999 -9999
-9999 -9999 -9999 -9999 -9999 -9999 -9999 -9999 -9999 -9999 -9999 -9999 -9999 -9999 -9999 -9999 -9999 -9999 -9999 -9999 -9999 -9999 -9999 -9999 -9999 -9999 -9999 -9999 -9999 -9999 -9999 -9999 -9999 -9999 -9999 -9999 -9999 -9999 -9999 -9999 -9999 -9999 -9999 -9999 -9999 -9999 -9999 -9999 -9999 -9999 -9999 -9999 -9999 -9999 -9999 -9999 -9999 -9999 -9999 -9999 -9999 -9999 -9999 -9999 -9999 -9999 -9999 -9999 -9999 -9999 -9999
-9999 -9999 -9999 -9999 -9999 -9999 -9999 -9999 -9999 -9999 -9999 -9999 -9999 -9999 -9999 -9999 -9999 -9999 -9999 -9999 -9999 -9999 -9999 -9999 -9999 -9999 -9999 -9999 -9999 -9999 -9999 -9999 -9999 -9999 -9999 -9999 -9999 -9999 -9999 -9999 -9999 -9999 -9999 -9999 -9999 -9999 -9999 -9999 -9999 -9999 -9999 -9999 -9999 -9999 -9999 -9999 -9999 -9999 -9999 -9999 -9999 -9999 -9999 -9999 -9999 -9999 -9999 -9999 -9999 -9999 -9999
-9999 -9999 -9999 -9999 -9999 -9999 -9999 -9999 -9999 -9999 -9999 -9999 -9999 -9999 -9999 -9999 -9999 -9999 -9999 -9999 -9999 -9999 -9999 -9999 -9999 -9999 -9999 -9999 -9999 -9999 -9999 -9999 -9999 -9999 -9999 -9999 -9999 -9999 -9999 -9999 -9999 -9999 -9999 -9999 -9999 -9999 -9999 -9999 -9999 -9999 -9999 -9999 -9999 -9999 -9999 -9999 -9999 -9999 -9999 -9999 -9999 -9999 -9999 -9999 -9999 -9999 -9999 -9999 -9999 -9999 -9999
-9999 -9999 -9999 -9999 -9999 -9999 -9999 -9999 -9999 -9999 -9999 -9999 -9999 -9999 -9999 -9999 -9999 -9999 -9999 -9999 -9999 -9999 -9999 -9999 -9999 -9999 -9999 -9999 -9999 -9999 -9999 -9999 -9999 -9999 -9999 -9999 -9999 -9999 -9999 -9999 -9999 -9999 -9999 -9999 -9999 -9999 -9999 -9999 -9999 -9999 -9999 -9999 -9999 -9999 -9999 -9999 -9999 -9999 -9999 -9999 -9999 -9999 -9999 -9999 -9999 -9999 -9999 -9999 -9999 -9999 -9999
-9999 -9999 -9999 -9999 -9999 -9999 -9999 -9999 -9999 -9999 -9999 -9999 -9999 -9999 -9999 -9999 -9999 -9999 -9999 -9999 -9999 -9999 -9999 -9999 -9999 -9999 -9999 -9999 -9999 -9999 -9999 -9999 -9999 -9999 -9999 -9999 -9999 -9999 -9999 -9999 -9999 -9999 -9999 -9999 -9999 -9999 -9999 -9999 -9999 -9999 -9999 -9999 -9999 -9999 -9999 -9999 -9999 -9999 -9999 -9999 -9999 -9999 -9999 -9999 -9999 -9999 -9999 -9999 -9999 -9999 -9999
-9999 -9999 -9999 -9999 -9999 -9999 61.08810 -9999 -9999 -9999 -9999 -9999 -9999 -9999 -9999 -9999 -9999 -9999 -9999 -9999 -9999 -9999 -9999 -9999 -9999 -9999 -9999 -9999 -9999 -9999 -9999 -9999 -9999 -9999 -9999 -9999 -9999 -9999 -9999 -9999 -9999 -9999 -9999 -9999 -9999 -9999 -9999 -9999 -9999 -9999 -9999 -9999 -9999 -9999 -9999 -9999 -9999 -9999 -9999 -9999 -9999 -9999 -9999 -9999 -9999 -9999 -9999 -9999 -9999 -9999 -9999
-9999 -9999 60.11820 58.90210 61.09140 61.29930 60.91220 61.20060 61.79730 62.15100 61.62370 62.04330 61.50440 61.38520 60.85320 62.57230 61.62190 61.22580 62.25720 61.76230 61.91590 60.12790 -9999 -9999 -9999 -9999 -9999 -9999 -9999 -9999 -9999 -9999 -9999 -9999 -9999 -9999 -9999 -9999 -9999 -9999 -9999 -9999 -9999 -9999 -9999 -9999 -9999 -9999 -9999 -9999 -9999 -9999 -9999 -9999 -9999 -9999 -9999 -9999 -9999 -9999 -9999 -9999 -9999 -9999 -9999 -9999 -9999 -9999 -9999 -9999 -9999
-9999 -9999 -9999 -9999 62.73730 63.42040 63.89640 64.10270 64.27790 64.36100 63.91480 64.07870 65.48730 65.46070 64.96280 65.13170 63.74880 63.91540 64.29330 64.47330 64.44190 63.63440 -9999 -9999 -9999 -9999 -9999 -9999 -9999 -9999 -9999 -9999 -9999 -9999 -9999 -9999 -9999 -9999 -9999 -9999 -9999 -9999 -9999 -9999 -9999 -9999 -9999 -9999 -9999 -9999 -9999 -9999 -9999 -9999 -9999 -9999 -9999 -9999 -9999 -9999 -9999 -9999 -9999 -9999 -9999 -9999 -9999 -9999 -9999 -9999 -9999
62.32130 62.88080 63.60330 63.73450 63.37080 64.09090 63.63120 63.69600 63.97330 64.53860 63.25700 63.34650 65.06810 65.60130 65.32160 65.37610 63.80470 64.00890 64.38710 66.93980 68.04650 74.64300 68.05480 67.44950 66.98070 66.65710 66.87880 65.90330 -9999 -9999 -9999 -9999 -9999 -9999 -9999 -9999 -9999 -9999 -9999 -9999 -9999 -9999 -9999 -9999 -9999 -9999 -9999 -9999 -9999 -9999 -9999 -9999 -9999 -9999 -9999 -9999 -9999 -9999 -9999 -9999 -9999 -9999 -9999 -9999 -9999 -9999 -9999 -9999 -9999 -9999 -9999
61.73450 61.59900 62.43970 62.67640 63.36230 63.34410 62.96180 63.78990 62.81280 63.40030 63.68690 63.92110 65.00600 65.36910 65.07560 65.66540 64.82700 64.90140 76.01690 69.41030 66.99890 66.07640 66.40610 65.96730 66.91280 66.50580 66.97400 66.76500 66.23630 65.91300 65.45870 65.19520 65.21170 65.51450 65.50860 65.46220 64.91750 65.11370 65.40460 65.54830 65.54340 65.29820 66.29260 -9999 -9999 -9999 -9999 -9999 -9999 -9999 -9999 -9999 -9999 -9999 -9999 -9999 -9999 -9999 -9999 -9999 -9999 -9999 -9999 -9999 -9999 -9999 -9999 -9999 -9999 -9999 -9999
51.85210 52.48680 53.56350 54.21050 63.33820 65.30820 62.85730 62.58650 62.13600 55.01460 55.63010 62.42520 57.77790 64.56610 64.65620 64.96480 64.89300 64.86950 67.77470 68.85150 66.22620 64.85990 64.51050 57.66860 59.54470 65.97570 65.30390 65.26360 66.50010 67.37890 66.24400 66.46970 66.15660 65.76030 66.18300 65.95150 65.51230 65.05110 65.59050 65.75890 65.76890 66.04360 67.59100 76.01200 -9999 -9999 -9999 -9999 -9999 -9999 -9999 -9999 -9999 -9999 -9999 -9999 -9999 -9999 -9999 -9999 -9999 -9999 -9999 -9999 -9999 -9999 -9999 -9999 -9999 -9999 -9999
65.67180 62.61590 57.55500 63.72890 66.70790 67.70860 66.93750 66.68730 65.15420 65.33910 65.65810 66.15790 65.67390 65.94630 65.50380 65.95930 68.51880 68.82530 69.69520 75.09300 68.74350 68.73310 68.30700 67.82440 67.31360 67.12060 67.23890 66.57830 66.78300 66.50730 65.85070 65.86620 65.27080 65.50010 66.84030 66.96700 65.43750 65.61430 66.92280 67.09190 66.40750 66.44270 66.02940 66.69580 -9999 -9999 -9999 -9999 -9999 -9999 -9999 -9999 -9999 -9999 -9999 -9999 -9999 -9999 -9999 65.17370 65.32370 -9999 -9999 -9999 -9999 69.72230 69.91590 69.85440 66.78960 62.67160 64.13840
63.57760 64.07530 66.39710 63.49580 66.87510 66.81060 66.20150 65.57770 65.73770 66.09010 65.99530 66.20830 65.53250 65.78420 66.74030 66.84630 69.23590 69.82340 75.09610 69.77130 69.32070 68.71570 68.29850 68.08480 67.16210 66.43750 67.87970 67.66490 66.76430 66.52690 65.69420 65.34130 64.96470 65.38350 67.10160 66.26570 65.70160 65.49020 66.78430 68.12150 75.15310 76.01110 74.49260 67.14120 69.55100 69.76080 75.80820 67.43580 65.60990 64.56270 58.80040 60.42300 66.57120 66.72650 63.99200 56.93130 56.56510 57.02330 63.98980 64.57980 58.10170 -9999 -9999 -9999 -9999 -9999 72.80770 70.46760 67.92130 67.34330 66.55730
66.04040 55.80060 64.87680 65.64310 58.05830 64.22090 65.02740 66.22870 64.93660 65.24340 65.44950 65.96830 64.97230 65.74910 67.42720 68.37080 68.68090 68.10100 69.27540 69.18300 69.11660 68.64840 68.77690 68.42010 67.55350 67.58410 66.33780 66.30830 66.71310 66.83260 66.70420 66.16810 65.51960 65.70390 67.17920 67.74030 67.31160 67.89780 73.85160 76.75030 68.18590 74.32310 67.69120 67.31780 68.67840 68.88430 68.84490 68.75470 67.53120 68.00690 67.00500 67.36800 67.48610 68.23210 67.71550 66.32340 66.31860 64.89270 59.32310 58.79670 58.15060 59.28770 60.06870 67.12360 67.75850 69.79260 70.29310 70.76220 68.25130 67.74830 66.62940
63.55340 60.50020 62.61870 67.02400 67.35540 67.13870 66.26440 65.04330 63.46200 64.28560 64.39450 65.81130 64.50460 65.71020 67.16910 67.65860 67.72230 67.49220 68.97520 65.71420 69.72230 68.48550 67.81350 67.42940 66.91330 66.58340 65.95400 65.59510 66.67070 66.91140 66.39620 66.41220 66.27410 65.63560 67.59170 68.32080 76.13780 68.06600 67.78720 68.40810 67.36830 67.90520 68.44810 69.25280 69.93710 69.68320 68.88560 68.90080 67.95970 67.81180 68.05990 65.82720 66.83050 66.96340 66.64730 68.08670 68.40390 69.48130 70.38410 69.28430 59.70820 59.93710 59.53190 60.51470 60.56160 65.54670 66.82240 67.59710 66.88580 65.45660 63.14040
67.04400 65.64860 58.08850 54.14280 63.81380 64.01030 64.21460 63.91530 64.27060 64.14040 64.05630 64.32040 64.46850 65.50940 67.06650 67.46030 67.59210 67.27940 68.30110 68.07250 68.60990 67.88570 67.60260 66.94230 66.71590 66.78590 66.60880 66.97610 66.39140 66.13960 67.29980 75.36110 65.39550 65.75820 66.81770 66.96820 67.37050 67.00560 68.47750 69.23070 68.54350 68.14140 67.83670 68.86220 69.73570 69.70290 70.52680 69.42390 69.17400 68.95030 67.98080 68.37900 67.92620 66.89500 59.21730 58.92610 61.04180 65.70890 67.52960 71.10960 69.34290 67.13150 65.39870 61.84870 61.40990 62.08940 62.43140 62.90160 63.19020 63.50400 64.24170
67.24460 67.31450 65.57180 59.30300 55.72510 63.23340 65.33720 66.34110 66.12930 65.05330 66.27060 63.37510 55.35830 61.85170 63.91910 65.20730 66.16130 66.44340 67.81100 67.69630 68.01580 67.46730 67.45810 67.05860 66.82560 65.90740 66.48470 66.01800 66.95530 67.06780 66.20920 65.88370 63.37680 64.03560 65.61600 66.55600 67.31300 66.99850 67.33690 67.59980 68.88350 69.16050 67.46450 68.13770 69.50870 68.97110 69.42470 70.93710 69.48920 69.09520 68.78990 68.77120 68.23370 68.16730 68.34000 67.22230 67.19340 66.82810 68.25930 69.73780 69.17090 66.10340 62.56390 66.41080 67.23020 63.16590 66.67910 63.38250 63.45750 63.73820 67.38300
63.97420 58.93940 59.73520 60.51210 60.53130 56.02630 55.11290 54.28500 63.15440 64.94020 64.48560 65.53220 67.00160 64.75230 58.44440 62.82150 63.63830 63.37000 66.51060 65.53510 67.34110 67.28920 67.31520 67.27430 66.77890 67.52900 67.54800 67.61630 66.52200 66.59630 66.60050 66.49130 64.50160 63.21210 64.09460 64.90810 63.71620 64.99700 66.81980 65.61910 70.02020 70.20210 69.40640 69.87560 68.26020 68.35000 69.44560 67.23600 66.69730 68.01540 70.24780 70.30180 69.18710 70.78120 70.96750 70.91190 68.01490 67.56710 66.75540 66.38110 66.99130 67.40650 62.55190 68.98260 71.52120 67.73850 64.30310 64.12480 65.04290 67.55940 69.53770
70.26480 68.97990 69.88630 65.66250 66.35920 65.81260 60.42820 59.41010 63.49320 64.78940 63.69400 53.91670 63.38470 63.26550 67.19010 65.81030 67.24120 65.91870 58.45700 57.91740 65.78970 66.92010 67.89550 66.98810 67.10060 67.60300 67.78650 66.72630 67.43830 67.41940 66.88010 67.22050 63.84900 66.55780 65.02630 65.48760 66.97560 67.73020 60.57120 65.94850 67.62900 69.50180 70.41330 65.54920 66.87120 66.65070 67.39530 68.21790 67.30090 66.73960 65.38660 67.23510 66.03670 61.51380 66.59830 67.16180 61.96590 67.65330 69.31550 72.51190 70.38470 70.87520 69.51210 70.82580 70.56210 64.46690 66.37080 66.89740 69.42310 68.98170 72.25230
67.32730 70.74450 72.06560 71.79060 71.47610 67.15020 62.36430 60.28180 63.94600 63.53300 64.24800 65.16670 62.83520 54.91870 63.95860 56.85640 56.94530 65.14900 67.82680 59.69750 58.09220 63.17140 63.95350 67.27680 67.37420 67.28360 66.45380 66.56280 66.62620 66.62850 67.11500 67.35860 66.71530 65.36390 68.61000 68.94980 68.85630 66.52750 65.83830 65.75420 68.32960 71.21520 71.33140 66.85380 69.61950 70.19240 68.98270 69.67200 67.42200 65.92680 66.94640 67.45550 68.31810 70.50300 62.13810 62.46980 68.97970 69.55600 70.90660 73.52090 73.56320 74.05110 70.02300 63.87070 66.70960 69.46510 69.16440 70.76760 70.91220 71.29640 71.90250
69.36350 67.49710 66.64970 71.17070 71.74470 71.46670 71.16680 69.82360 68.66650 67.44860 64.89440 66.22050 65.72360 64.54450 69.19240 66.31940 65.43880 56.11390 64.51830 69.67330 65.88090 67.05080 65.58770 64.45300 66.83440 66.16510 66.21190 66.40620 66.85170 65.85980 66.42480 66.41790 66.41140 66.52440 68.54550 69.22660 69.31550 69.10580 68.39910 68.63260 67.33210 68.66310 70.15960 61.94740 62.09390 69.65750 70.70340 70.34220 70.47120 68.52680 66.92320 62.33550 69.85870 63.76780 67.49820 69.85790 69.87430 72.78410 68.45460 71.25480 75.33140 75.20580 73.13720 71.52440 71.42370 71.74130 71.28720 70.98780 70.41660 69.65270 71.66590
69.62120 68.47590 67.08140 62.50970 67.05230 68.74540 70.64960 70.68870 69.23090 68.55680 67.47380 66.14990 57.41650 63.31920 67.57730 68.22700 68.20810 67.31160 59.99200 65.35900 66.87120 67.29330 66.06380 66.48480 65.20530 64.83290 67.51470 68.84120 69.07720 68.57970 68.92960 69.10190 67.52100 67.42360 68.26450 67.04590 65.35880 66.15260 69.16160 70.04550 65.85740 63.23250 71.38420 62.70970 63.67920 70.13770 70.94500 70.67830 70.83420 66.70060 62.32880 67.56750 72.04930 70.99210 70.67470 69.97350 71.81720 70.44870 71.60150 74.07790 71.76930 67.85400 72.34290 75.02120 76.78770 77.07940 76.24370 70.07910 69.92490 68.89680 67.95350
72.07670 71.48690 66.56640 66.29440 68.37400 67.32800 71.10050 70.76350 69.54090 67.57270 65.98380 66.84270 64.55450 63.68500 67.57790 68.24110 68.59980 66.94800 67.17510 66.89410 68.01740 65.37030 66.15250 64.99640 64.70990 69.14820 67.33380 66.43650 69.44990 69.09720 69.11170 69.32290 68.56160 68.62600 67.51020 69.30950 69.73430 67.20800 65.52540 71.91490 63.07370 66.11460 67.76430 67.70800 69.96980 67.58260 61.45390 62.06660 63.01240 62.06800 68.15060 70.86900 70.69170 68.19880 69.13520 71.94410 74.16910 72.59580 73.56190 75.20550 75.41540 74.74190 75.12920 75.06910 76.05120 77.87150 76.54690 73.68090 68.35470 66.63460 67.12490
69.46600 71.41310 68.41740 64.24180 66.03800 69.63580 69.62830 70.63730 69.58310 68.83300 66.39760 65.14970 65.93650 65.75700 68.56510 68.54170 68.75690 64.91920 67.47420 66.55150 68.93470 65.29410 70.21500 65.78470 68.04930 70.61860 67.71320 67.30590 68.43420 68.78510 68.73720 66.28700 68.14520 69.19700 67.43320 67.27320 71.50170 71.37930 63.01770 66.62650 67.47260 67.02150 63.69900 63.61860 63.55200 63.52120 66.96970 63.40240 63.48470 70.02980 63.48670 71.57230 72.28610 72.52600 73.30330 72.12250 71.16090 75.25720 76.46020 85.21110 77.70080 73.23090 73.48250 74.84360 72.11280 65.67100 71.90750 65.98040 65.24550 65.12120 65.76210
72.17520 68.83870 67.77100 67.73110 67.74310 65.67720 61.93890 67.36510 69.91910 69.52550 66.03160 67.37140 68.43730 68.10120 68.37430 67.84380 67.04130 69.82150 67.89720 67.65280 71.37560 68.44440 69.14080 67.23730 65.42850 68.95310 70.57710 68.64580 68.15010 68.86110 69.32670 68.51030 68.69950 69.29680 68.70670 66.79640 71.48120 68.52490 68.56060 63.70430 63.29200 62.91230 63.38000 69.41530 69.55060 70.04000 72.53060 72.44900 71.24760 73.74280 72.70030 72.75600 73.90970 71.93090 73.55780 74.53520 77.17890 77.27330 75.60110 81.30980 75.43210 75.22020 70.58960 66.32350 66.36240 65.28770 64.97310 65.31420 65.69140 67.12710 67.70910
71.99300 68.91890 69.33640 68.10260 67.49600 67.69030 63.35330 61.70420 62.44710 70.39890 64.62970 66.12160 67.69840 68.51390 66.84180 68.63640 67.80860 61.58530 67.89300 70.99230 70.24330 68.60120 68.10350 65.72920 68.90030 68.28330 71.16950 69.40140 66.89290 69.58190 68.51750 71.12590 69.82310 69.20650 67.75930 60.85040 67.48560 69.73290 67.86090 70.34640 65.92900 63.20290 66.08890 69.96410 83.98690 79.87250 69.79940 65.94700 66.24650 70.98300 73.38500 75.11840 66.56660 72.02410 76.86920 74.89750 76.53930 79.05780 79.16070 77.91920 72.55520 69.43330 65.54690 64.87210 64.76910 65.16270 64.70510 65.32090 65.45650 66.46420 67.05170
70.77940 69.09930 68.80530 70.31830 70.40140 70.53290 68.31610 62.52670 67.44180 68.38560 67.06470 65.01060 65.86240 62.79300 67.83560 71.83230 70.98780 67.63760 70.32710 72.05760 63.30040 69.28300 70.98350 71.74380 68.76930 63.29530 71.51950 70.64560 66.49640 69.12280 69.98040 66.91450 70.40850 69.82150 61.92640 65.98780 68.51560 71.29420 71.64480 71.99540 71.65330 72.80760 73.97300 74.54780 77.54660 75.62060 66.59680 66.75300 72.56120 73.99360 -9999 -9999 67.73490 71.91590 80.12120 80.09290 86.55180 76.63300 68.38000 67.18360 66.53180 65.86680 64.93860 64.30330 64.86020 64.53990 64.14370 64.40640 65.22290 66.81610 69.10390
71.09460 70.63550 69.72730 71.80290 69.18900 73.23160 72.76240 72.10420 68.70230 71.88270 70.59730 70.01720 68.04030 65.71430 70.60680 72.68600 68.00570 66.50060 63.11210 67.22910 63.70150 69.94070 67.15410 71.90920 63.54440 65.79170 69.60830 67.95790 61.88340 70.23900 70.12380 65.91760 66.77670 67.84780 66.33260 70.08250 70.61630 71.10330 72.28890 -9999 -9999 -9999 -9999 75.10420 -9999 64.73200 68.96880 72.92480 74.69060 73.11110 -9999 -9999 66.35480 79.60150 79.89650 71.20230 68.48810 68.01540 66.86050 65.71490 64.65180 64.32970 64.03390 64.04120 64.44760 65.58160 62.96370 63.36560 64.81420 65.40980 65.85330
67.38450 70.26220 70.17530 71.40260 73.62180 73.61860 71.43130 67.38730 69.84310 72.08320 71.34950 70.97020 72.18230 72.32330 72.29320 70.37160 66.75380 68.46030 67.83650 70.10900 70.63960 70.48180 69.12780 66.53860 63.58090 69.60680 62.72280 68.55860 67.73310 66.86250 68.30730 68.82880 68.70860 69.62750 71.32200 71.99140 71.52350 -9999 -9999 -9999 -9999 -9999 -9999 -9999 74.98210 72.01050 75.27490 -9999 -9999 -9999 -9999 -9999 82.80270 73.73760 66.29880 69.37240 69.62900 69.85440 67.27710 65.93670 65.52750 65.28430 64.89480 66.59760 67.51270 65.23340 64.80760 63.98020 64.98810 66.30700 -9999
