data/hydroclimate-scenarios/BCSD_hadcm_A1B/monthly_summaries/soilm2_monthly_day1_dec.2030-2059.asc
ncols	311
nrows	91
xllcenter	102.75
yllcenter	31.75
cellsize	0.5
NODATA_value	-9999
[rows 31 to 61 of 91, columns 0 to 69 of 311]
-9999 -9999 -9999 -9999 -9999 -9999 -9999 -9999 -9999 -9999 -9999 91.81000 102.34100 103.49500 107.59400 109.84900 98.79990 99.32170 104.37000 102.61600 106.19900 113.54900 112.47500 112.04100 110.40400 106.41600 107.65200 106.26800 104.42000 104.33400 101.62400 98.56260 99.42770 98.55680 100.95300 99.70700 99.25640 101.14500 101.83800 101.35800 101.71400 100.81500 124.53500 125.48500 124.98300 125.89600 125.93600 116.13500 103.41400 102.80200 107.27600 108.42900 105.87000 102.88400 102.64500 120.59800 121.36600 120.84000 122.23800 119.17100 117.18500 121.46100 120.38300 117.56900 117.51800 124.23000 119.32400 122.02400 122.68600 125.87200
-9999 -9999 -9999 -9999 -9999 -9999 -9999 -9999 -9999 -9999 -9999 95.88110 97.31420 106.60700 101.18400 105.01600 103.84400 109.27300 107.48900 106.37600 111.80100 111.07500 111.97000 113.51000 130.30400 129.00200 128.21899 129.60400 129.36600 105.03200 104.01400 98.14220 100.11800 99.84160 100.13300 99.78660 101.42500 102.42300 112.34500 112.85300 111.19700 110.75800 114.04000 112.16600 110.65100 111.89500 110.29100 109.53900 108.77900 109.44300 107.85000 106.40100 104.99600 121.55700 122.15400 122.10900 122.14500 122.57600 120.37200 104.66200 106.00800 105.36300 117.29900 123.29900 125.11000 118.52500 121.15800 124.12900 123.78600 124.88400
-9999 -9999 -9999 -9999 -9999 -9999 -9999 -9999 -9999 -9999 -9999 101.50400 102.40500 101.28300 100.42900 104.53600 104.07400 113.36100 114.50800 115.21300 115.73900 114.94800 132.05099 132.19200 131.37801 108.75800 106.74500 109.01200 104.90900 124.11900 125.36000 100.62100 102.23200 96.99490 111.05800 105.12500 123.99000 114.43000 124.07100 125.19500 112.97300 126.00500 116.21200 116.49900 118.02500 116.83800 115.76000 114.41700 112.68400 110.23600 108.60500 106.34400 104.63500 117.84100 101.58000 108.66500 108.22300 107.07700 109.60600 110.70900 109.50300 125.36900 123.97100 106.98500 127.39300 122.13700 122.85100 125.07600 124.36600 124.73600
-9999 -9999 -9999 -9999 -9999 -9999 -9999 -9999 -9999 -9999 -9999 -9999 102.49600 104.49800 103.65300 106.43100 107.59200 116.38700 117.68800 118.18100 132.89500 110.18300 109.65000 110.67800 107.70800 105.92400 104.39400 102.69000 97.56690 96.68230 124.49300 126.03200 126.33900 126.93300 126.49900 125.61400 126.15600 114.90200 124.10000 123.86500 124.47900 125.91000 126.36400 115.36800 117.08800 120.65800 118.80300 118.25500 116.28300 113.06500 109.40100 109.29400 108.57400 105.85700 102.94500 101.25900 101.47100 117.60200 124.55400 125.61700 125.00300 119.17000 119.67100 121.78200 121.69300 127.40700 124.72600 126.02500 126.72300 128.49899
-9999 -9999 -9999 -9999 -9999 -9999 -9999 -9999 -9999 -9999 -9999 -9999 103.09600 103.00600 106.74400 107.33900 109.38600 132.05800 132.67599 114.26900 115.93400 113.30500 110.18700 106.25200 104.54700 99.65720 95.48990 102.18300 97.14510 99.45450 101.65900 125.93400 127.64600 125.07000 128.49800 103.35600 99.08890 102.35300 103.51300 104.48000 126.73600 111.42000 111.14000 122.22600 115.63500 119.07800 119.56700 116.64300 110.63700 111.34800 106.71900 99.94100 96.10710 106.62000 105.20900 117.51900 125.74200 118.53000 96.24460 124.71700 122.46000 99.03900 98.86790 113.90200 124.98700 124.99000 125.84200 126.33500 127.40600 129.10201
-9999 -9999 -9999 -9999 -9999 -9999 -9999 -9999 -9999 -9999 -9999 -9999 102.83900 102.18600 129.41000 129.40900 130.78700 107.51400 109.42600 112.28500 113.42700 115.32900 112.50200 105.35700 104.87400 104.42300 103.52700 100.54200 102.88400 101.24200 99.42780 125.04900 104.58500 106.69000 104.45800 99.27280 102.07600 103.08900 101.75400 108.82300 113.76400 116.95700 117.01800 120.62700 124.58300 120.63600 124.23600 124.15800 122.43700 115.06000 109.41700 108.82900 100.41400 100.54700 101.20600 98.78580 96.67150 100.40200 102.05700 126.02800 102.25100 106.09000 105.14700 101.61400 123.36300 124.84000 126.26200 128.91100 130.86600 130.86400
-9999 -9999 -9999 100.57800 103.96500 100.48300 97.48450 99.36850 99.45780 -9999 103.00800 129.08701 128.74899 98.95280 101.29800 104.05300 106.60000 106.75400 108.06200 110.60900 113.85800 113.94000 109.95300 108.07000 105.12200 107.71000 106.46400 103.81600 101.81100 100.89100 99.32320 101.06800 94.88220 101.06600 99.79990 75.35820 97.82410 100.89200 107.39800 110.37300 113.49900 117.87800 120.83700 121.33100 122.27900 121.52000 127.56500 117.50300 119.93400 119.02200 113.05900 109.68800 108.59000 113.74600 110.09000 113.09000 114.06800 103.50400 105.99200 102.70000 126.10700 109.34000 107.43900 111.33700 107.31300 108.00700 110.79600 119.32600 124.90800 125.85900
-9999 -9999 -9999 103.75600 103.12800 104.16300 101.62300 102.41800 98.56500 123.70300 128.00101 127.43800 105.16500 96.73180 101.15300 100.03100 103.87400 106.37500 109.26600 108.95200 108.82200 110.29400 111.04300 112.18300 108.75300 108.97900 107.83900 104.32300 103.91000 102.91300 77.03880 100.31700 100.24800 101.17400 100.03400 101.25700 99.77480 108.34600 106.01600 112.24600 113.10600 112.58800 120.47300 123.52800 120.57800 123.56900 129.98199 122.45300 118.39900 114.23000 115.31300 122.18200 122.84500 121.67800 115.13700 116.29900 110.56400 109.36000 112.36300 108.98600 109.84600 114.59800 114.47500 111.65900 115.97900 114.22300 116.32500 119.12800 125.04900 124.18200
-9999 -9999 -9999 99.57730 104.47700 101.38500 128.72900 128.23599 128.00500 127.47200 128.21800 128.69200 101.17400 93.07700 91.09240 90.13020 104.23200 103.72600 102.34100 101.15200 104.70200 106.68800 86.36310 102.96200 106.67600 107.75900 109.61700 109.67500 104.45600 106.92900 113.90100 113.75500 105.35900 102.87100 103.86900 103.03000 103.16700 103.78800 104.47900 105.69700 109.27300 112.33800 120.82000 127.38500 125.95100 126.62300 128.42000 115.41900 115.33300 128.68100 129.38499 125.43600 125.01000 122.41800 118.52100 116.15700 112.22700 112.73800 115.04700 116.00100 110.38000 110.84400 116.35200 118.75500 119.97500 123.09600 123.57100 124.49700 119.53600 127.14000
-9999 -9999 -9999 104.94300 102.33400 107.53100 127.92500 129.48199 125.25300 124.57900 126.46400 96.69430 90.10710 94.04410 91.61750 92.43500 98.02040 113.44800 113.23000 104.58600 104.40400 101.07600 111.00000 120.83200 111.87800 108.75800 105.88900 103.03600 112.67100 115.47600 112.54800 100.63500 104.68200 112.68900 114.83600 113.14800 107.27800 104.36700 109.90100 107.52300 109.40300 115.67700 120.04400 123.81700 125.21600 131.33800 132.10500 124.96200 129.60800 128.03200 129.20500 127.56700 124.94800 118.01400 122.98500 114.13800 110.99700 110.82600 113.44900 112.26100 109.84500 117.03600 117.14800 123.26800 122.06800 121.67900 130.20799 131.31900 134.37900 135.76300
-9999 -9999 -9999 100.34600 101.91700 107.36300 128.69800 128.07201 126.97300 126.42000 126.97600 123.07500 92.18730 96.13430 110.13900 109.15800 105.12300 104.72100 102.48600 105.94000 106.50500 107.87200 123.30100 108.48200 105.28000 106.73400 107.43200 104.40700 107.04900 112.48100 110.87700 107.74200 109.41000 107.51300 106.89700 107.98600 109.27100 107.21700 108.43800 111.34800 118.19300 122.73300 125.16200 127.62000 128.84700 130.31599 130.69299 126.71600 121.49200 129.46800 126.49900 120.36400 116.11100 118.86400 118.37100 117.54500 114.17300 111.62300 116.35700 127.81800 126.11000 124.64000 127.90800 124.39700 120.77700 120.82300 128.25600 126.95500 135.50101 137.48000
-9999 -9999 -9999 -9999 128.55299 130.19800 130.34801 130.99001 127.93500 124.85200 127.31600 102.06100 100.80000 99.82090 -9999 -9999 -9999 -9999 -9999 114.57400 123.59900 118.82300 121.98300 117.61000 111.50800 107.60300 106.11700 105.65700 110.47100 107.36800 105.86000 104.70000 105.57900 101.83200 101.84900 100.62700 104.83200 99.89640 105.87700 109.45100 108.89200 116.22600 123.81200 129.07600 129.65300 129.15401 129.35201 131.07300 130.47701 130.17500 128.48599 130.06900 128.18500 130.43800 129.80499 130.29300 130.50000 129.45300 117.80800 122.33500 131.04500 132.29500 130.13300 132.79601 132.92900 130.34100 134.46201 134.60500 139.77299 -9999
-9999 -9999 111.60600 129.65700 130.52299 130.02299 130.06100 131.12900 128.10400 126.67900 127.89900 102.20900 104.12800 -9999 -9999 -9999 -9999 -9999 127.48100 119.81000 122.60800 109.88300 107.97600 115.19500 120.62000 119.96400 112.57000 109.37900 110.49200 110.09900 104.93000 102.77800 102.92700 107.05100 107.27600 106.54600 105.25200 98.99040 102.84000 103.49700 108.91100 115.96100 121.28800 122.69600 122.82600 124.98800 127.26300 127.28700 124.76800 126.14600 125.88000 129.19000 133.32300 133.79700 130.20399 127.13300 127.78000 121.86200 120.23800 123.64400 125.44900 125.62800 129.77600 131.40601 132.01801 132.29300 133.45300 -9999 -9999 -9999
-9999 -9999 132.17400 132.21500 130.26601 129.96400 130.00500 131.89000 129.33200 129.09700 111.09500 110.75900 101.59800 -9999 -9999 -9999 -9999 106.68100 117.98600 107.12700 107.28700 105.46700 108.22900 116.58400 114.12700 106.60800 105.96000 103.76600 107.98800 108.35200 103.14300 105.67700 103.84000 106.39800 107.97900 104.45200 102.81300 99.66520 105.22500 114.87600 118.88100 123.54200 125.99900 126.39800 121.32500 115.66300 117.83000 116.90900 118.14000 120.02400 126.85200 132.11000 133.47701 130.96800 131.35500 120.71900 123.03900 124.86200 129.72301 131.39500 131.52901 131.99100 133.63600 133.36000 131.20100 -9999 -9999 -9999 -9999 -9999
-9999 -9999 135.03600 134.68500 133.11000 132.75900 131.97600 130.53300 130.36301 129.67101 110.31400 104.96300 88.40750 -9999 -9999 -9999 -9999 114.64700 110.66500 108.15600 106.13400 108.83200 111.34700 108.75100 110.23500 108.68400 105.23700 105.97800 106.89600 103.80200 103.95000 101.80400 103.90000 106.10000 105.98600 108.70800 112.00100 112.81500 113.31500 111.44500 119.51800 118.47500 121.75500 130.08000 127.17300 119.37500 117.78800 113.22100 109.95800 109.81800 113.82200 116.49600 121.48500 119.81100 125.69600 121.36900 122.30700 126.33200 130.87000 132.89301 132.23000 131.07800 133.61501 121.28100 120.73400 133.42400 134.88800 136.15300 136.12500 -9999
-9999 -9999 -9999 136.84700 133.72200 134.51801 130.09200 127.17200 114.50100 116.86200 104.98100 91.97700 -9999 -9999 -9999 -9999 109.48200 111.05800 106.71900 104.62400 107.88600 105.62500 106.22400 106.10500 106.27400 106.38400 107.89000 105.47700 107.69100 110.46200 106.56100 105.89000 105.59200 104.30200 103.15200 103.99100 102.90600 104.37600 104.87100 103.81000 111.99300 110.81300 137.07700 135.16600 133.86800 136.13300 129.87900 124.96300 121.95900 115.49400 125.37600 131.85001 130.58600 132.92599 134.52600 133.35400 135.37601 130.09100 134.01300 135.75400 135.41200 134.89101 135.91200 128.19000 117.77700 132.00301 140.62801 139.30800 135.14900 138.03799
-9999 -9999 -9999 -9999 136.27499 135.22501 129.84700 117.07300 119.13800 104.13200 97.13920 -9999 -9999 -9999 -9999 114.83000 108.81100 103.78700 128.23399 102.82000 99.95780 100.06700 102.40100 104.49600 105.10900 103.51000 100.71400 102.67800 101.73500 103.65900 103.09400 100.67800 99.58220 99.74870 105.72300 109.63800 111.60400 110.14200 108.15200 103.54800 106.05500 108.82400 114.65400 119.70700 122.72600 136.69099 139.86099 135.45700 132.20300 124.91900 120.01600 126.77700 130.87900 132.00600 133.86301 131.20500 133.03600 133.73900 137.46201 134.96700 136.75400 130.03000 126.27700 123.28000 121.62500 138.05000 136.64400 135.16800 135.53101 137.16600
-9999 -9999 -9999 -9999 -9999 -9999 123.52800 135.32201 91.31620 108.54000 105.07900 -9999 -9999 -9999 -9999 -9999 102.67100 100.14700 99.99920 98.84220 99.05510 91.87850 98.67740 103.45700 100.01000 97.55620 103.26500 144.87500 144.49899 137.39600 101.98600 100.46500 100.60400 102.85700 102.28100 101.60700 108.08800 109.86300 105.54100 107.77100 108.45200 115.43400 117.97000 115.36000 134.49400 133.30701 132.61099 137.38499 136.86501 133.32401 139.96400 137.66000 130.41701 136.72900 134.30299 133.16400 130.79401 132.44299 133.86200 118.89300 116.91800 120.11100 125.10500 119.45100 117.28100 125.24200 136.63800 134.68700 132.42700 132.56000
-9999 -9999 -9999 -9999 -9999 -9999 -9999 -9999 -9999 -9999 -9999 -9999 -9999 -9999 -9999 -9999 -9999 -9999 -9999 96.41750 97.43850 88.74860 96.13950 96.79870 100.20700 100.44800 120.82800 116.47400 114.89000 92.65030 100.58600 100.24000 104.35700 103.80600 103.04600 104.37900 106.47500 112.58400 111.29100 114.46000 118.76500 120.06900 119.39400 122.04900 121.59200 119.79600 111.41800 133.80701 134.04601 140.13000 143.57001 137.02000 139.10400 139.99001 129.49400 126.63200 113.67900 116.89400 113.93900 114.64500 126.15300 132.60001 115.13200 114.61100 112.56200 127.45000 133.45500 131.10201 131.20900 138.99300
-9999 -9999 -9999 -9999 -9999 -9999 -9999 -9999 -9999 -9999 -9999 -9999 -9999 -9999 -9999 -9999 -9999 -9999 99.12700 97.60200 94.27390 91.44180 93.36450 93.99760 92.19180 90.13180 117.87500 119.19200 92.71110 93.40950 95.90180 99.76380 101.58600 102.20800 104.74600 127.69900 110.68400 111.53500 112.95500 114.39000 117.03700 120.48600 121.60000 121.54400 121.55400 133.11000 116.11800 460.06900 609.87701 646.05499 654.70398 139.11600 140.80200 143.77299 142.69501 137.70700 117.82600 115.90600 127.85600 118.60400 133.67400 138.00101 120.66800 119.62300 134.72000 127.23600 119.73000 132.04201 138.78900 133.97099
-9999 -9999 -9999 -9999 -9999 -9999 -9999 -9999 -9999 -9999 -9999 -9999 -9999 -9999 -9999 -9999 -9999 100.42200 101.44600 93.15660 93.89340 92.25020 89.22760 88.87930 85.36610 86.78090 122.67600 114.35900 119.85200 120.80200 122.65500 122.21200 103.28200 119.73400 125.91500 131.79300 131.99200 113.78800 113.23000 115.47800 115.80600 130.80000 120.63900 130.77699 111.61400 110.33200 132.59000 624.44897 611.57800 632.01703 637.93500 143.50999 140.06599 145.07899 143.82001 149.34000 117.07000 114.55600 115.04200 114.90200 122.84700 133.20599 123.35300 126.70900 112.12700 115.25900 120.10800 117.02000 139.93401 143.14799
-9999 -9999 -9999 -9999 -9999 -9999 -9999 -9999 -9999 -9999 -9999 -9999 -9999 -9999 -9999 -9999 -9999 100.66400 97.13430 96.79310 96.36180 118.65300 114.24700 80.11060 79.35190 83.85950 82.27880 81.22530 79.24410 114.91600 121.07300 121.85500 122.71700 119.17600 125.16500 130.40800 134.53400 102.70000 108.68700 112.85000 109.98000 108.45600 128.48801 101.96400 126.36800 129.11301 125.79300 461.37799 461.23199 613.82397 639.54797 140.27901 141.84900 142.84900 140.30499 151.43600 129.16901 121.24100 116.44400 121.19800 116.27300 114.98000 114.99400 113.20000 114.27400 116.73800 118.93000 128.92799 143.71100 154.50101
-9999 -9999 -9999 -9999 -9999 -9999 -9999 -9999 -9999 -9999 -9999 -9999 -9999 -9999 -9999 -9999 105.13900 104.12900 98.06660 96.40340 116.32100 79.97420 79.24510 79.66770 77.61780 79.36020 79.74740 80.07830 78.81370 79.28360 79.92420 77.94970 111.39400 117.37800 119.99000 123.61700 121.60600 125.34100 103.71000 104.30400 98.98160 105.83400 130.89101 123.10400 97.59970 123.53600 124.39400 474.13400 464.39200 609.07001 636.45502 140.09000 142.28400 142.08501 138.93300 150.50000 151.88400 132.96700 134.91701 119.73300 117.85300 120.82100 123.93600 135.63901 139.42700 143.31000 139.31799 141.80299 142.60500 151.52000
-9999 -9999 -9999 -9999 -9999 -9999 -9999 -9999 -9999 -9999 -9999 -9999 -9999 96.50790 96.39540 96.45310 96.08530 99.51860 119.69000 114.07400 80.90780 82.53790 80.23340 79.71560 79.67630 78.78850 78.43640 367.65201 366.62201 369.50299 553.89899 556.23297 362.70099 361.13000 555.66101 559.85999 571.85602 566.74200 429.04501 436.31299 433.91299 595.45697 587.35699 414.03601 595.66400 602.10602 614.92297 623.63300 635.16602 641.13501 646.55200 647.53802 641.63501 641.45203 659.14899 682.07300 682.89502 669.84399 608.40698 620.95801 644.41602 718.30701 735.74103 754.50598 733.16998 726.23901 714.61200 141.51500 140.74001 150.39999
-9999 -9999 -9999 -9999 -9999 -9999 -9999 -9999 -9999 -9999 -9999 -9999 92.54660 94.02460 121.15800 119.97800 119.30400 85.61210 83.34780 77.92180 78.43570 77.99000 76.62950 78.73870 76.69140 75.54740 75.40330 364.12100 543.29102 549.86499 541.73499 543.85303 548.82300 538.94299 554.76099 556.66803 376.90500 389.10199 422.22101 425.81400 419.45700 416.87100 588.65100 588.43201 591.62598 601.98297 614.98102 619.71802 635.29797 643.34497 642.63599 498.00699 646.00500 507.89801 636.42102 647.19897 677.34802 651.38898 642.19202 710.79999 714.15802 724.10602 733.04199 739.45502 742.00702 746.43201 750.58899 140.06700 144.14301 139.04201
-9999 -9999 -9999 -9999 -9999 -9999 -9999 -9999 -9999 -9999 -9999 121.70300 90.55670 116.94300 84.56400 81.16810 79.89510 78.89770 79.41520 78.07530 77.76560 73.09870 72.50830 73.57250 73.51830 73.86240 114.87300 536.44202 542.95801 545.43597 539.78900 362.95099 365.14301 368.93399 361.61801 560.99799 398.65500 414.07101 419.38000 413.67599 406.66199 585.82703 578.14001 580.08197 586.63397 595.21899 605.43799 613.52100 622.50598 638.10602 661.31799 551.22998 537.73102 660.65302 565.33197 542.75800 665.00201 587.76300 599.63202 673.79401 699.50201 689.27600 689.64099 691.21802 721.71002 731.79797 720.91602 146.05800 139.17799 125.83200
-9999 -9999 -9999 -9999 -9999 -9999 -9999 -9999 -9999 -9999 85.55820 86.43010 81.50750 80.70700 78.34520 77.40480 76.86650 75.52270 75.92010 74.90870 73.55850 71.31280 70.96390 71.69350 71.39450 72.32460 72.46800 544.79102 540.39502 349.68500 349.79501 363.36200 363.44800 555.88898 557.32501 557.38202 406.92099 414.35300 432.26801 409.89301 580.98999 570.98700 567.83301 574.11200 579.84198 595.04901 598.99701 610.12097 619.87598 639.64697 657.01300 566.40601 664.99597 567.99298 561.42999 545.82599 670.98901 689.51801 663.75000 668.67297 677.00702 684.96899 688.62201 699.48700 709.40698 720.83502 759.51001 145.18500 133.75200 118.63800
-9999 -9999 -9999 -9999 -9999 -9999 -9999 -9999 -9999 153.85201 152.28500 150.16499 150.54700 150.82001 148.75200 146.68300 146.18201 145.80299 144.43600 144.14400 143.92900 143.50000 143.67700 142.82899 142.19099 141.65900 142.02699 144.47099 143.51199 143.78999 144.02299 354.66101 369.00201 374.15201 567.45203 575.90997 437.76999 432.54001 420.34698 574.77899 566.11102 559.12201 563.83502 733.10602 574.06097 747.95398 591.55499 608.00403 626.24799 637.58698 659.19800 669.39502 570.87598 690.17499 635.35498 660.84302 653.72900 648.50403 648.55499 664.25702 672.90802 692.72498 682.13501 697.97998 681.51898 689.84497 717.40002 274.00400 239.01300 231.39999
-9999 -9999 -9999 -9999 -9999 -9999 -9999 -9999 -9999 -9999 148.78300 144.95500 144.76199 144.57800 142.50700 143.32100 143.57201 143.33099 142.95700 143.94000 143.97200 142.50200 142.77299 -9999 -9999 -9999 -9999 -9999 -9999 149.13600 151.00101 364.92001 367.57401 373.05399 377.08499 577.19299 591.81799 416.22299 406.83600 563.20801 564.04303 562.76801 575.68298 741.26801 734.82001 741.67200 748.30603 600.05603 628.06201 638.86603 646.32202 522.28400 562.48499 611.49799 699.24103 648.18500 638.84698 645.32599 643.30798 654.97803 676.47803 664.51703 587.94702 680.53400 709.58600 712.95697 701.63397 257.77200 246.54401 254.86301
-9999 -9999 -9999 -9999 -9999 -9999 -9999 -9999 -9999 -9999 -9999 -9999 141.54201 141.75600 141.49001 139.54601 139.94701 140.69600 140.85899 -9999 -9999 -9999 -9999 -9999 -9999 -9999 -9999 -9999 -9999 -9999 -9999 -9999 -9999 374.12500 552.07599 567.02100 584.32300 567.21399 387.99100 383.72601 565.61603 562.69397 569.12799 571.78101 578.98401 738.86902 752.70203 592.01703 609.46503 619.32202 634.55603 667.96002 676.23798 670.23199 666.24402 642.14203 649.09998 625.33600 473.59201 646.46198 671.82501 662.47198 682.58301 675.57300 695.44598 702.61902 647.46002 233.55901 241.02901 259.40799
-9999 -9999 -9999 -9999 -9999 -9999 -9999 -9999 -9999 -9999 -9999 -9999 -9999 -9999 -9999 -9999 -9999 -9999 -9999 -9999 -9999 -9999 -9999 -9999 -9999 -9999 -9999 -9999 -9999 -9999 -9999 -9999 -9999 -9999 563.33398 564.98102 563.30298 564.93103 374.49899 559.28699 558.62097 563.31598 723.40302 578.54303 745.39801 746.00702 618.83301 585.19897 605.94501 612.63000 625.94800 658.96198 668.29797 659.76703 656.67297 639.84302 622.32898 654.19000 630.63800 636.81799 653.93903 672.90002 659.52301 678.17700 690.25800 671.81201 684.15997 244.36200 254.12399 277.06400
