data/hydroclimate-scenarios/BCSD_hadcm_A1B/monthly_summaries/soilm3_monthly_day1_jul.2030-2059.asc
ncols	311
nrows	91
xllcenter	102.75
yllcenter	31.75
cellsize	0.5
NODATA_value	-9999
[rows 0 to 31 of 91, columns 71 to 141 of 311]
-9999 -9999 -9999 -9999 -9999 -9999 -9999 -9999 -9999 -9999 -9999 -9999 -9999 -9999 -9999 -9999 -9999 -9999 -9999 -9999 -9999 -9999 -9999 -9999 -9999 -9999 -9999 -9999 -9999 -9999 -9999 -9999 -9999 -9999 -9999 -9999 -9999 -9999 -9999 -9999 -9999 -9999 -9999 -9999 -9999 -9999 -9999 -9999 -9999 -9999 -9999 -9999 -9999 -9999 -9999 -9999 -9999 -9999 -9999 -9999 -9999 -9999 -9999 -9999 -9999 -9999 -9999 -9999 -9999 -9999 -9999
-9999 -9999 -9999 -9999 -9999 -9999 -9999 -9999 -9999 -9999 -9999 -9999 -9999 -9999 -9999 -9999 -9999 -9999 -9999 -9999 -9999 -9999 -9999 -9999 -9999 -9999 -9999 -9999 -9999 -9999 -9999 -9999 -9999 -9999 -9999 -9999 -9999 -9999 -9999 -9999 -9999 -9999 -9999 -9999 -9999 -9999 -9999 -9999 -9999 -9999 -9999 -9999 -9999 -9999 -9999 -9999 -9999 -9999 -9999 -9999 -9999 -9999 -9999 -9999 -9999 -9999 -9999 -9999 -9999 -9999 -9999
-9999 -9999 -9999 -9999 -9999 -9999 -9999 -9999 -9999 -9999 -9999 -9999 -9999 -9999 -9999 -9999 -9999 -9999 -9999 -9999 -9999 -9999 -9999 -9999 -9999 -9999 -9999 -9999 -9999 -9999 -9999 -9999 -9999 -9999 -9999 -9999 -9999 -9999 -9999 -9999 -9999 -9999 -9999 -9999 -9999 -9999 -9999 -9999 -9999 -9999 -9999 -9999 -9999 -9999 -9999 -9999 -9999 -9999 -9999 -9999 -9999 -9999 -9999 -9999 -9999 -9999 -9999 -9999 -9999 -9999 -9999
-9999 -9999 -9999 -9999 -9999 -9999 -9999 -9999 -9999 -9999 -9999 -9999 -9999 -9999 -9999 -9999 -9999 -9999 -9999 -9999 -9999 -9999 -9999 -9999 -9999 -9999 -9999 -9999 -9999 -9999 -9999 -9999 -9999 -9999 -9999 -9999 -9999 -9999 -9999 -9999 -9999 -9999 -9999 -9999 -9999 -9999 -9999 -9999 -9999 -9999 -9999 -9999 -9999 -9999 -9999 -9999 -9999 -9999 -9999 -9999 -9999 -9999 -9999 -9999 -9999 -9999 -9999 -9999 -9999 -9999 -9999
-9999 -9999 -9999 -9999 -9999 -9999 -9999 -9999 -9999 -9999 -9999 -9999 -9999 -9999 -9999 -9999 -9999 -9999 -9999 -9999 -9999 -9999 -9999 -9999 -9999 -9999 -9999 -9999 -9999 -9999 -9999 -9999 -9999 -9999 -9999 -9999 -9999 -9999 -9999 -9999 -9999 -9999 -9999 -9999 -9999 -9999 -9999 -9999 -9999 -9999 -9999 -9999 -9999 -9999 -9999 -9999 -9999 -9999 -9999 -9999 -9999 -9999 -9999 -9999 -9999 -9999 -9999 -9999 -9999 -9999 -9999
-9999 -9999 -9999 -9999 -9999 -9999 -9999 -9999 -9999 -9999 -9999 -9999 -9999 -9999 -9999 -9999 -9999 -9999 -9999 -9999 -9999 -9999 -9999 -9999 -9999 -9999 -9999 -9999 -9999 -9999 -9999 -9999 -9999 -9999 -9999 -9999 -9999 -9999 -9999 -9999 -9999 -9999 -9999 -9999 -9999 -9999 -9999 -9999 -9999 -9999 -9999 -9999 -9999 -9999 -9999 -9999 -9999 -9999 -9999 -9999 -9999 -9999 -9999 -9999 -9999 -9999 -9999 -9999 -9999 -9999 -9999
-9999 -9999 -9999 -9999 -9999 -9999 -9999 -9999 -9999 -9999 -9999 -9999 -9999 -9999 -9999 -9999 -9999 -9999 -9999 -9999 -9999 -9999 -9999 -9999 -9999 -9999 -9999 -9999 -9999 -9999 -9999 -9999 -9999 -9999 -9999 -9999 -9999 -9999 -9999 -9999 -9999 -9999 -9999 -9999 -9999 -9999 -9999 -9999 -9999 -9999 -9999 -9999 -9999 -9999 -9999 -9999 -9999 -9999 -9999 -9999 -9999 -9999 -9999 -9999 -9999 -9999 -9999 -9999 -9999 -9999 -9999
-9999 -9999 -9999 -9999 -9999 -9999 -9999 -9999 -9999 -9999 -9999 -9999 -9999 -9999 -9999 -9999 -9999 -9999 -9999 -9999 -9999 -9999 -9999 -9999 -9999 -9999 -9999 -9999 -9999 -9999 -9999 -9999 -9999 -9999 -9999 -9999 -9999 -9999 -9999 -9999 -9999 -9999 -9999 -9999 -9999 -9999 -9999 -9999 -9999 -9999 -9999 -9999 -9999 -9999 -9999 -9999 -9999 -9999 -9999 -9999 -9999 -9999 -9999 -9999 -9999 -9999 -9999 -9999 -9999 -9999 -9999
-9999 -9999 -9999 -9999 -9999 -9999 22.98580 -9999 -9999 -9999 -9999 -9999 -9999 -9999 -9999 -9999 -9999 -9999 -9999 -9999 -9999 -9999 -9999 -9999 -9999 -9999 -9999 -9999 -9999 -9999 -9999 -9999 -9999 -9999 -9999 -9999 -9999 -9999 -9999 -9999 -9999 -9999 -9999 -9999 -9999 -9999 -9999 -9999 -9999 -9999 -9999 -9999 -9999 -9999 -9999 -9999 -9999 -9999 -9999 -9999 -9999 -9999 -9999 -9999 -9999 -9999 -9999 -9999 -9999 -9999 -9999
-9999 -9999 26.99320 22.57920 22.59330 22.79780 22.90390 23.32640 23.17960 23.73780 24.19990 24.53430 27.86320 28.83490 28.57400 28.61930 30.69700 30.20810 29.76630 30.19140 30.09410 30.46950 -9999 -9999 -9999 -9999 -9999 -9999 -9999 -9999 -9999 -9999 -9999 -9999 -9999 -9999 -9999 -9999 -9999 -9999 -9999 -9999 -9999 -9999 -9999 -9999 -9999 -9999 -9999 -9999 -9999 -9999 -9999 -9999 -9999 -9999 -9999 -9999 -9999 -9999 -9999 -9999 -9999 -9999 -9999 -9999 -9999 -9999 -9999 -9999 -9999
-9999 -9999 -9999 -9999 21.47550 21.52350 21.57800 21.75190 22.45480 23.10460 23.85530 24.90690 26.14170 26.69350 27.69450 28.57410 28.81670 29.39070 29.42800 29.97360 30.73900 30.35380 -9999 -9999 -9999 -9999 -9999 -9999 -9999 -9999 -9999 -9999 -9999 -9999 -9999 -9999 -9999 -9999 -9999 -9999 -9999 -9999 -9999 -9999 -9999 -9999 -9999 -9999 -9999 -9999 -9999 -9999 -9999 -9999 -9999 -9999 -9999 -9999 -9999 -9999 -9999 -9999 -9999 -9999 -9999 -9999 -9999 -9999 -9999 -9999 -9999
22.03880 22.46340 22.03320 22.20380 21.38950 22.10220 24.56080 22.85210 23.08300 23.54300 23.28780 23.73940 24.72580 25.53400 27.00190 27.57050 27.82650 28.82020 28.71400 29.12770 30.89300 31.02090 25.62040 25.04860 22.68410 22.18460 21.47630 21.05140 -9999 -9999 -9999 -9999 -9999 -9999 -9999 -9999 -9999 -9999 -9999 -9999 -9999 -9999 -9999 -9999 -9999 -9999 -9999 -9999 -9999 -9999 -9999 -9999 -9999 -9999 -9999 -9999 -9999 -9999 -9999 -9999 -9999 -9999 -9999 -9999 -9999 -9999 -9999 -9999 -9999 -9999 -9999
23.32880 23.28020 22.10650 23.44120 23.99580 23.53780 23.81160 24.93130 25.07390 25.55750 23.99720 24.48070 25.57800 26.22850 26.19690 27.53570 28.26330 30.03010 30.66150 27.46720 27.46720 28.07670 27.94860 26.18390 23.25010 22.38670 22.47100 21.90720 23.03070 22.08370 21.14420 20.92050 23.15620 22.78110 21.41760 20.83440 19.82790 19.70740 19.42470 19.24480 19.41150 19.37960 19.29880 -9999 -9999 -9999 -9999 -9999 -9999 -9999 -9999 -9999 -9999 -9999 -9999 -9999 -9999 -9999 -9999 -9999 -9999 -9999 -9999 -9999 -9999 -9999 -9999 -9999 -9999 -9999 -9999
22.43220 22.34750 22.39050 23.15720 23.51350 23.58140 23.61570 23.82910 24.06570 24.45870 24.63830 25.41110 25.94670 27.14770 27.15100 27.73740 28.81270 29.60080 28.37570 27.25190 28.73940 29.54800 28.93200 27.38900 25.36180 24.37260 24.54060 24.39510 24.55620 23.21410 21.69380 21.47910 23.13080 21.90960 20.88360 20.55420 20.47510 19.95690 19.55820 19.38460 19.79780 19.69780 19.44450 25.21550 -9999 -9999 -9999 -9999 -9999 -9999 -9999 -9999 -9999 -9999 -9999 -9999 -9999 -9999 -9999 -9999 -9999 -9999 -9999 -9999 -9999 -9999 -9999 -9999 -9999 -9999 -9999
23.54050 23.83530 23.31190 24.33140 23.64690 22.67030 23.46520 24.33920 23.66790 23.13080 23.81230 24.68420 25.18090 25.39960 25.05770 25.32250 25.58460 25.61030 26.52580 29.09870 25.05110 25.79820 25.33720 24.96650 24.27900 24.98830 23.77930 23.72970 22.57090 22.32510 21.89340 21.50240 22.77190 22.64300 21.95450 21.86730 23.97530 23.31170 22.51860 21.26430 21.14120 21.05030 21.13410 20.60430 -9999 -9999 -9999 -9999 -9999 -9999 -9999 -9999 -9999 -9999 -9999 -9999 -9999 -9999 -9999 24.47490 25.29680 -9999 -9999 -9999 -9999 25.68380 32.53520 37.68720 32.11540 29.32070 27.51330
23.36440 23.45010 23.33360 23.99080 23.41000 21.77790 20.49200 22.27110 21.48750 23.79120 24.02540 22.71110 22.50700 23.64600 24.14420 23.76370 24.55500 24.45080 27.66520 25.53030 25.05940 24.67110 23.60600 22.97780 23.23090 23.19310 25.53910 25.36160 22.60630 21.97690 21.85200 21.49930 23.74350 24.75080 24.99530 22.89150 23.82390 23.75180 25.86280 28.55170 28.75810 28.71960 28.63960 25.59330 23.91660 23.98910 28.22630 23.04230 25.84310 28.52860 27.87760 27.43170 27.38620 27.03400 30.14430 27.09050 24.31740 24.44530 27.30350 27.25840 27.03710 -9999 -9999 -9999 -9999 -9999 27.35260 32.25960 30.94460 33.86740 36.14080
24.01910 22.49680 23.56710 24.35030 22.71310 23.45600 23.29130 22.33460 20.45480 20.46400 20.60040 21.06370 21.64640 22.11230 23.36240 25.48730 24.47040 25.21640 24.42210 24.89940 23.86120 23.32840 22.77860 22.71740 23.17090 23.06890 22.63120 22.66230 22.52410 22.75690 22.55360 22.18230 25.09450 24.23340 23.63990 23.69900 26.41500 26.58500 32.54510 31.92110 25.79970 32.72170 25.50140 25.85840 25.39580 24.79430 24.88360 24.58660 25.14500 27.25710 27.17700 26.28020 27.83390 31.90870 36.24000 31.99340 34.90720 36.46780 33.98240 29.88000 31.14340 33.05420 32.56370 30.08130 29.64830 28.70380 29.31240 31.10390 29.45320 31.95350 38.33880
24.18410 26.33600 23.34990 24.33250 24.87680 22.39050 22.03070 22.65980 22.13080 21.84800 20.81880 21.20560 21.68490 23.87690 22.82260 23.61190 23.55150 23.63490 24.39760 27.11160 24.51310 23.48620 22.36610 21.90730 22.90160 22.38080 22.36280 22.23580 22.80030 23.00080 22.95250 23.03420 25.05260 24.39850 24.17940 24.12800 34.01770 27.66930 27.85770 28.57770 28.21800 26.35470 27.16110 27.51750 28.23230 26.27890 25.92320 24.95230 24.60850 25.29400 28.36300 28.85730 29.67530 29.44800 32.13750 36.02650 37.17960 36.00600 35.71090 37.32610 38.74090 45.65710 39.37260 33.38850 33.90260 35.06360 31.82740 31.65500 29.17960 34.96820 42.54310
24.41060 26.17710 24.27170 22.41080 23.07630 22.23620 22.88570 23.37020 22.89440 20.99840 21.46420 22.02160 21.22790 21.31950 21.82720 22.56070 21.29960 21.38610 22.02760 25.48590 24.20910 23.36440 23.13560 22.15560 22.05240 22.14120 21.98460 22.36250 24.78210 24.55570 25.04270 28.01870 24.94510 25.86190 24.37750 24.21100 24.22200 24.21300 25.70280 26.04190 24.94990 23.58830 25.37950 27.29100 27.10200 25.76880 25.19880 23.85020 22.59710 24.71440 25.70080 27.09850 32.53460 33.50270 31.63100 31.74810 30.86060 39.30640 40.43060 40.52110 42.94340 47.96710 52.63870 48.79930 46.69670 43.16230 42.42480 42.73720 45.88900 50.28200 53.80870
23.69330 25.07850 24.98840 24.39510 22.59890 22.92230 23.00250 23.18720 23.23580 23.09310 24.21690 24.36630 23.73730 23.60720 23.52080 23.52460 23.15050 21.09170 21.52440 21.91210 22.54120 21.87170 21.88010 21.64280 21.74600 21.58190 21.75940 21.35290 24.85140 26.80630 24.50290 26.44540 27.00880 26.27520 24.60350 25.37530 25.03250 25.13200 23.48190 25.53020 25.97760 25.66400 25.06300 25.46440 26.68180 26.96790 26.41630 26.43380 25.04360 24.62940 25.77430 26.93640 33.66300 31.53450 35.20530 41.29170 40.26270 46.25160 42.22700 38.80000 40.13170 42.64090 44.21700 51.90860 55.50380 52.07230 57.58090 51.49860 50.35740 52.27770 54.43580
23.72590 24.31510 24.86510 26.12780 27.55430 22.89440 22.46070 22.35090 22.98680 22.99720 23.28730 24.85400 27.43480 30.69320 26.29200 24.69910 23.84090 23.62030 23.48660 22.46850 22.52580 21.94460 22.17420 22.20870 21.79210 22.35830 22.21140 22.34840 24.73620 26.45200 26.41710 26.66380 27.39020 27.31450 26.50590 27.13380 27.02040 27.82840 26.87610 26.65900 27.09320 27.65130 26.79680 26.42810 27.10320 26.97660 27.44090 27.88480 26.65110 26.92430 26.07480 27.34310 35.83040 35.45670 35.38170 38.35500 42.69050 47.41540 45.15040 53.33040 53.81320 51.82180 48.16740 49.33770 46.93320 50.08590 52.46130 57.42120 54.32070 56.23410 52.23840
25.71010 25.77610 27.55400 28.28600 27.79710 26.46310 25.01120 24.58780 23.69310 23.12610 23.02340 23.16600 23.94470 25.67970 27.74080 28.18070 27.78270 26.84350 24.85520 23.57260 24.23650 24.35540 23.44460 22.30740 21.98840 22.39560 22.14120 22.07830 27.01640 27.19180 26.81760 28.81420 29.08400 28.87050 28.36120 28.52420 27.57210 27.92210 25.60450 27.74990 28.42540 28.25860 26.75570 28.37110 28.09600 28.67690 29.67540 29.73690 28.88230 28.84920 32.34310 32.18900 48.54650 47.82060 50.63610 51.41280 53.91920 49.35280 48.93150 53.71850 52.25170 53.25960 54.40460 47.25510 50.79880 50.77900 59.68040 56.10140 52.56120 53.59680 47.05910
24.38170 26.04640 27.11470 26.29400 27.03400 27.83650 26.55370 24.23770 25.07310 23.97320 23.52090 23.85190 23.93520 22.77730 23.79500 23.13390 24.12620 27.61330 28.36580 27.45080 27.37610 28.36900 26.88810 26.23450 23.38560 23.85070 23.64830 24.37080 26.90900 27.78370 27.30120 27.29230 28.21560 27.27370 27.75310 26.43210 26.56570 27.00450 28.84360 28.36940 27.55570 26.84080 27.42530 28.31830 30.15060 31.18300 32.44680 30.73880 33.36680 38.43830 41.57640 40.53260 43.90130 49.63230 49.63930 57.50940 40.43120 45.67430 38.81640 35.62310 52.89160 51.84950 54.74050 53.60490 57.77360 51.64400 46.27990 44.15620 50.39250 56.52330 50.58300
24.31670 24.68110 24.30940 24.28840 25.61920 27.23510 26.30720 26.81640 26.24440 24.55940 23.52850 26.21450 25.69130 24.82390 27.48280 28.05210 31.17100 22.86530 26.37180 31.09920 34.85960 33.18290 31.23130 26.44680 24.73960 24.46880 23.85000 25.08590 26.78550 26.25840 26.12100 25.90890 25.13310 25.86390 25.96080 26.30290 26.74860 26.79090 28.26680 28.59030 30.90900 29.64870 28.83990 28.20630 25.29140 27.32470 29.28320 31.36310 35.76840 39.96610 44.01760 43.34480 42.95300 47.15600 55.95500 58.40820 46.80050 47.61280 40.50950 37.99770 50.29050 51.45570 53.58440 58.83150 48.47320 52.69550 50.99660 45.31140 46.70250 55.65670 51.23450
24.45070 24.30110 24.42100 24.22170 24.82820 24.88270 24.65220 24.98620 24.08780 24.26850 24.27470 24.41180 23.70370 24.44160 26.34140 27.41400 28.81550 29.79090 25.94670 25.37170 29.29930 30.32470 29.51220 28.62780 26.67690 26.06000 24.60710 26.07720 26.92430 26.79270 27.27680 26.83920 25.61360 25.34580 26.36200 26.59340 27.47940 27.72560 27.97810 29.00860 32.99380 33.09400 32.45470 30.46520 28.84390 28.58970 29.66500 31.85210 35.94800 43.57830 49.70990 45.14080 42.91030 53.95400 49.99410 49.71510 41.46950 40.96680 49.84070 41.95880 58.46790 58.47310 55.71460 49.85000 43.25990 48.38460 44.52400 47.47070 56.01350 56.01920 56.80230
24.93240 25.06740 25.63420 25.52250 25.42780 24.39090 24.06270 23.89170 23.59840 23.58080 24.48410 26.21600 25.55310 24.33370 24.20730 25.80970 26.82970 27.56500 31.59990 29.84030 29.76900 27.85490 27.18880 27.96250 28.74190 27.93330 26.19290 26.06670 26.76800 27.65540 26.88840 27.09290 26.25300 26.54060 26.65790 27.46030 28.00760 30.44740 29.17380 31.51460 38.54960 35.24790 33.36820 38.44910 35.10930 31.69180 29.60340 31.65210 33.03270 37.12510 45.42100 39.54230 37.31430 38.24430 37.10540 39.50910 36.64310 41.01760 39.66500 42.78840 55.85890 57.19310 55.40420 55.47060 48.75900 45.76730 44.35060 45.52660 54.99670 62.02530 66.08260
26.21650 27.44260 28.54670 28.60010 26.21230 25.55010 24.30310 23.82870 24.05580 24.86360 24.99340 26.52480 30.21880 28.11050 25.75420 26.02710 29.08560 32.14730 34.29540 34.82190 31.22220 30.90800 30.92820 29.68440 29.30370 28.47320 28.88540 27.97960 25.98860 26.53310 26.50750 26.10050 27.39210 29.58390 31.49270 29.12900 30.76030 34.93290 31.96610 32.69870 38.37150 40.89370 40.62230 36.80000 36.92520 35.66880 35.31760 37.25570 35.62040 40.16750 43.81900 46.94980 44.11220 46.71540 48.24970 50.11590 43.01160 36.41910 35.21900 31.90330 32.08170 35.40620 35.23020 33.88160 45.50080 43.88090 41.69530 42.63910 53.07310 59.58810 63.14790
24.77810 26.02380 29.28200 28.20950 28.69480 25.65530 23.88200 23.82660 25.15020 24.15820 23.68180 24.40620 26.13600 30.08690 29.50660 29.53880 31.49040 29.42870 30.94670 30.21060 36.45260 31.26800 30.46970 29.70810 29.29730 29.84750 32.39760 29.45500 26.70670 26.63120 28.56010 27.86120 28.64990 30.09280 33.61080 30.44920 31.65520 34.24900 37.60320 37.36810 39.51850 41.81510 38.85670 40.80830 38.51920 38.63980 31.85000 36.44240 39.40830 41.15290 43.58300 47.87740 44.27210 42.82120 47.74820 45.06600 39.53590 36.71980 34.35470 33.40630 33.75100 35.91040 36.37660 38.87240 65.03950 59.68770 59.41930 59.00150 60.91110 54.22590 60.73770
25.99150 26.12610 29.89160 28.55370 27.93970 30.06130 28.08760 25.44290 27.10540 27.26020 25.60010 27.00020 26.90850 28.90090 34.93580 32.02250 29.66400 28.83000 29.86820 29.69030 29.74930 33.33200 34.52800 31.75000 29.55000 28.05670 28.56630 28.12510 26.21240 27.44710 28.26400 28.56850 31.03240 31.29870 34.97940 34.14620 33.23460 37.73850 47.19160 53.35020 47.07460 45.93030 47.15410 38.42770 33.98970 31.89590 28.54250 27.10750 30.69660 29.24050 29.87900 32.10390 35.13990 40.31500 48.05120 50.67290 42.42190 37.73750 34.49380 34.56340 39.63600 41.28230 46.57940 58.48810 78.15010 75.30670 76.70830 78.33330 71.04740 68.22770 71.44660
24.78990 25.69610 29.42240 28.84410 30.61880 30.23910 33.77010 29.63000 33.59240 36.40570 35.51150 32.38710 31.80580 36.41080 35.36090 32.40810 33.32340 31.95500 29.11250 29.82340 31.41940 34.92810 42.75350 33.43280 30.33480 27.87860 31.13190 29.45210 28.04850 30.10770 29.41220 28.38330 33.60170 34.22810 41.14010 37.83570 37.85600 39.06360 48.82440 50.91050 46.54620 37.63370 39.95410 33.30550 26.66960 28.38760 28.16260 29.43600 35.93440 33.63850 -9999 -9999 34.72190 37.43530 36.30830 44.51500 38.35700 37.87010 37.51710 42.44240 46.48160 60.06700 70.82190 74.63450 83.14300 87.41590 87.73440 91.40890 84.06360 77.62030 81.52010
24.52050 24.00720 24.74470 25.85410 33.62090 31.94340 33.33790 31.76610 34.30270 34.21220 34.10770 34.85450 35.59230 36.88780 32.12780 29.87770 42.34770 38.76980 34.97110 39.28180 39.05220 38.57570 40.20740 41.70760 52.23880 44.15580 41.25630 35.80430 29.05070 32.02130 33.19400 30.89770 31.99810 34.80510 41.41020 40.57430 46.02140 37.82420 33.45500 -9999 -9999 -9999 -9999 26.50220 -9999 29.51540 35.60100 31.92700 31.06630 27.32190 -9999 -9999 41.45710 38.81620 40.97090 43.90310 33.36690 37.19170 42.54220 50.92140 51.79830 58.66710 65.42200 67.46500 76.77110 91.70290 91.24960 90.96150 81.72700 79.16020 77.65730
23.73030 24.05610 24.77530 25.99520 32.15020 28.72500 35.35240 32.65430 28.32680 29.76930 29.64850 31.33040 33.58170 35.86800 33.53120 27.99370 40.90250 45.63820 47.46840 43.94210 48.75890 41.63060 44.57930 44.43270 49.05400 44.41380 42.09750 43.44830 35.09410 35.08460 36.41230 37.80080 41.41240 39.69840 49.04570 41.10310 39.25600 -9999 -9999 -9999 -9999 -9999 -9999 -9999 29.19100 30.57790 30.09420 -9999 -9999 -9999 -9999 -9999 32.22560 36.27510 54.97440 51.17070 47.19740 44.05700 41.93210 52.96740 42.27170 46.31290 55.50740 64.48400 72.28960 70.27360 81.78580 91.58360 84.34860 69.17720 -9999
