data/hydroclimate-scenarios/BCSD_hadcm_A1B/monthly_summaries/soilm3_monthly_day1_feb.2030-2059.asc
ncols	311
nrows	91
xllcenter	102.75
yllcenter	31.75
cellsize	0.5
NODATA_value	-9999
[rows 0 to 31 of 91, columns 71 to 141 of 311]
-9999 -9999 -9999 -9999 -9999 -9999 -9999 -9999 -9999 -9999 -9999 -9999 -9999 -9999 -9999 -9999 -9999 -9999 -9999 -9999 -9999 -9999 -9999 -9999 -9999 -9999 -9999 -9999 -9999 -9999 -9999 -9999 -9999 -9999 -9999 -9999 -9999 -9999 -9999 -9999 -9999 -9999 -9999 -9999 -9999 -9999 -9999 -9999 -9999 -9999 -9999 -9999 -9999 -9999 -9999 -9999 -9999 -9999 -9999 -9999 -9999 -9999 -9999 -9999 -9999 -9999 -9999 -9999 -9999 -9999 -9999
-9999 -9999 -9999 -9999 -9999 -9999 -9999 -9999 -9999 -9999 -9999 -9999 -9999 -9999 -9999 -9999 -9999 -9999 -9999 -9999 -9999 -9999 -9999 -9999 -9999 -9999 -9999 -9999 -9999 -9999 -9999 -9999 -9999 -9999 -9999 -9999 -9999 -9999 -9999 -9999 -9999 -9999 -9999 -9999 -9999 -9999 -9999 -9999 -9999 -9999 -9999 -9999 -9999 -9999 -9999 -9999 -9999 -9999 -9999 -9999 -9999 -9999 -9999 -9999 -9999 -9999 -9999 -9999 -9999 -9999 -9999
-9999 -9999 -9999 -9999 -9999 -9999 -9999 -9999 -9999 -9999 -9999 -9999 -9999 -9999 -9999 -9999 -9999 -9999 -9999 -9999 -9999 -9999 -9999 -9999 -9999 -9999 -9999 -9999 -9999 -9999 -9999 -9999 -9999 -9999 -9999 -9999 -9999 -9999 -9999 -9999 -9999 -9999 -9999 -9999 -9999 -9999 -9999 -9999 -9999 -9999 -9999 -9999 -9999 -9999 -9999 -9999 -9999 -9999 -9999 -9999 -9999 -9999 -9999 -9999 -9999 -9999 -9999 -9999 -9999 -9999 -9999
-9999 -9999 -9999 -9999 -9999 -9999 -9999 -9999 -9999 -9999 -9999 -9999 -9999 -9999 -9999 -9999 -9999 -9999 -9999 -9999 -9999 -9999 -9999 -9999 -9999 -9999 -9999 -9999 -9999 -9999 -9999 -9999 -9999 -9999 -9999 -9999 -9999 -9999 -9999 -9999 -9999 -9999 -9999 -9999 -9999 -9999 -9999 -9999 -9999 -9999 -9999 -9999 -9999 -9999 -9999 -9999 -9999 -9999 -9999 -9999 -9999 -9999 -9999 -9999 -9999 -9999 -9999 -9999 -9999 -9999 -9999
-9999 -9999 -9999 -9999 -9999 -9999 -9999 -9999 -9999 -9999 -9999 -9999 -9999 -9999 -9999 -9999 -9999 -9999 -9999 -9999 -9999 -9999 -9999 -9999 -9999 -9999 -9999 -9999 -9999 -9999 -9999 -9999 -9999 -9999 -9999 -9999 -9999 -9999 -9999 -9999 -9999 -9999 -9999 -9999 -9999 -9999 -9999 -9999 -9999 -9999 -9999 -9999 -9999 -9999 -9999 -9999 -9999 -9999 -9999 -9999 -9999 -9999 -9999 -9999 -9999 -9999 -9999 -9999 -9999 -9999 -9999
-9999 -9999 -9999 -9999 -9999 -9999 -9999 -9999 -9999 -9999 -9999 -9999 -9999 -9999 -9999 -9999 -9999 -9999 -9999 -9999 -9999 -9999 -9999 -9999 -9999 -9999 -9999 -9999 -9999 -9999 -9999 -9999 -9999 -9999 -9999 -9999 -9999 -9999 -9999 -9999 -9999 -9999 -9999 -9999 -9999 -9999 -9999 -9999 -9999 -9999 -9999 -9999 -9999 -9999 -9999 -9999 -9999 -9999 -9999 -9999 -9999 -9999 -9999 -9999 -9999 -9999 -9999 -9999 -9999 -9999 -9999
-9999 -9999 -9999 -9999 -9999 -9999 -9999 -9999 -9999 -9999 -9999 -9999 -9999 -9999 -9999 -9999 -9999 -9999 -9999 -9999 -9999 -9999 -9999 -9999 -9999 -9999 -9999 -9999 -9999 -9999 -9999 -9999 -9999 -9999 -9999 -9999 -9999 -9999 -9999 -9999 -9999 -9999 -9999 -9999 -9999 -9999 -9999 -9999 -9999 -9999 -9999 -9999 -9999 -9999 -9999 -9999 -9999 -9999 -9999 -9999 -9999 -9999 -9999 -9999 -9999 -9999 -9999 -9999 -9999 -9999 -9999
-9999 -9999 -9999 -9999 -9999 -9999 -9999 -9999 -9999 -9999 -9999 -9999 -9999 -9999 -9999 -9999 -9999 -9999 -9999 -9999 -9999 -9999 -9999 -9999 -9999 -9999 -9999 -9999 -9999 -9999 -9999 -9999 -9999 -9999 -9999 -9999 -9999 -9999 -9999 -9999 -9999 -9999 -9999 -9999 -9999 -9999 -9999 -9999 -9999 -9999 -9999 -9999 -9999 -9999 -9999 -9999 -9999 -9999 -9999 -9999 -9999 -9999 -9999 -9999 -9999 -9999 -9999 -9999 -9999 -9999 -9999
-9999 -9999 -9999 -9999 -9999 -9999 22.46010 -9999 -9999 -9999 -9999 -9999 -9999 -9999 -9999 -9999 -9999 -9999 -9999 -9999 -9999 -9999 -9999 -9999 -9999 -9999 -9999 -9999 -9999 -9999 -9999 -9999 -9999 -9999 -9999 -9999 -9999 -9999 -9999 -9999 -9999 -9999 -9999 -9999 -9999 -9999 -9999 -9999 -9999 -9999 -9999 -9999 -9999 -9999 -9999 -9999 -9999 -9999 -9999 -9999 -9999 -9999 -9999 -9999 -9999 -9999 -9999 -9999 -9999 -9999 -9999
-9999 -9999 22.67220 22.34020 22.38480 22.41360 22.44310 22.48450 22.16430 22.08370 21.84320 21.74010 21.74280 21.96840 21.31860 20.85140 21.17470 21.04450 21.04820 21.26120 21.80800 22.52110 -9999 -9999 -9999 -9999 -9999 -9999 -9999 -9999 -9999 -9999 -9999 -9999 -9999 -9999 -9999 -9999 -9999 -9999 -9999 -9999 -9999 -9999 -9999 -9999 -9999 -9999 -9999 -9999 -9999 -9999 -9999 -9999 -9999 -9999 -9999 -9999 -9999 -9999 -9999 -9999 -9999 -9999 -9999 -9999 -9999 -9999 -9999 -9999 -9999
-9999 -9999 -9999 -9999 20.86290 20.67020 20.35800 20.37210 20.37220 20.38930 20.37520 20.39080 20.43020 20.43230 20.43460 20.43960 20.41040 20.42580 20.46220 20.47590 20.47010 20.75370 -9999 -9999 -9999 -9999 -9999 -9999 -9999 -9999 -9999 -9999 -9999 -9999 -9999 -9999 -9999 -9999 -9999 -9999 -9999 -9999 -9999 -9999 -9999 -9999 -9999 -9999 -9999 -9999 -9999 -9999 -9999 -9999 -9999 -9999 -9999 -9999 -9999 -9999 -9999 -9999 -9999 -9999 -9999 -9999 -9999 -9999 -9999 -9999 -9999
21.93330 22.34380 21.84500 21.94900 20.95120 21.46810 23.46140 21.56390 21.36690 21.39550 20.46210 20.36970 20.39500 20.41870 20.42960 20.43870 20.42230 20.43200 20.66800 21.15070 21.14900 20.73330 18.51410 18.32290 18.29100 18.28560 18.27550 18.28410 -9999 -9999 -9999 -9999 -9999 -9999 -9999 -9999 -9999 -9999 -9999 -9999 -9999 -9999 -9999 -9999 -9999 -9999 -9999 -9999 -9999 -9999 -9999 -9999 -9999 -9999 -9999 -9999 -9999 -9999 -9999 -9999 -9999 -9999 -9999 -9999 -9999 -9999 -9999 -9999 -9999 -9999 -9999
23.04180 22.95210 21.75140 22.95950 23.26260 22.47130 22.65030 23.47290 23.44440 23.55180 21.47330 21.48940 21.45800 21.26590 20.43970 20.46720 21.45780 23.25640 22.92860 18.45950 18.40750 19.20460 19.09880 18.35640 18.31910 18.30230 18.28150 18.27840 18.27520 18.25520 18.24560 18.22830 18.27540 18.27290 18.25370 18.24020 18.22150 18.21850 18.21010 18.21340 18.22990 18.23050 18.22710 -9999 -9999 -9999 -9999 -9999 -9999 -9999 -9999 -9999 -9999 -9999 -9999 -9999 -9999 -9999 -9999 -9999 -9999 -9999 -9999 -9999 -9999 -9999 -9999 -9999 -9999 -9999 -9999
22.39300 22.30470 22.36070 22.84480 22.76600 22.85270 22.75560 22.76930 22.74430 23.03130 22.75420 23.00290 23.10070 23.47920 22.68220 22.49530 23.47300 23.66640 23.12340 20.34930 19.82810 20.35790 20.95250 21.81750 21.28540 20.81580 21.09320 21.19000 19.68590 18.47610 18.23560 18.23050 19.06250 18.73800 18.23460 18.22620 18.22490 18.21710 18.21170 18.21230 18.23570 18.24750 18.23110 21.54490 -9999 -9999 -9999 -9999 -9999 -9999 -9999 -9999 -9999 -9999 -9999 -9999 -9999 -9999 -9999 -9999 -9999 -9999 -9999 -9999 -9999 -9999 -9999 -9999 -9999 -9999 -9999
22.88000 22.85580 22.77250 22.93750 22.90200 21.89330 22.00550 22.89190 21.81390 21.21450 20.64820 21.44250 21.82200 21.81810 21.14040 20.66600 20.70350 20.02070 20.95000 21.80900 19.80090 20.68290 20.61840 20.49760 19.71150 19.92050 20.19090 20.85980 19.65460 19.64990 19.63660 19.62970 19.63210 19.63030 19.63480 19.63770 19.64030 19.63740 19.12660 18.23170 18.23190 18.24100 18.26040 18.23820 -9999 -9999 -9999 -9999 -9999 -9999 -9999 -9999 -9999 -9999 -9999 -9999 -9999 -9999 -9999 21.14200 21.28140 -9999 -9999 -9999 -9999 18.39900 18.78540 19.13100 21.61940 22.34950 21.84280
22.80940 22.81760 22.87550 22.90780 22.87620 21.26600 19.66180 20.90140 19.81010 22.01160 22.09190 20.10550 19.71030 19.73640 19.76070 19.73880 20.32390 20.59960 21.72240 20.41370 21.49710 20.90450 19.68880 19.65370 19.65800 20.35130 23.43010 23.23280 20.03900 19.63480 19.62560 19.61990 20.72180 22.41360 23.11450 20.32610 19.62340 20.11960 22.51210 22.57490 21.93250 22.16270 21.34830 20.08880 19.15840 19.35390 21.40640 20.22430 20.95050 21.86010 22.41030 21.71060 21.70920 22.94820 22.89370 22.33480 22.28600 22.28550 22.08340 21.68570 22.34920 -9999 -9999 -9999 -9999 -9999 18.26840 18.58970 20.88680 21.62940 22.19100
22.99120 22.33910 22.92660 22.99280 22.38400 22.78830 22.50620 21.57690 19.67090 19.66880 19.67400 19.68190 19.68110 19.68310 20.27440 21.07440 20.61020 20.54120 19.71330 21.07510 20.95960 20.15660 19.64860 19.64230 19.64890 19.64930 19.63320 19.63390 19.62290 19.62300 19.61720 19.61010 20.60860 20.10990 19.62840 19.63060 19.64030 19.93830 21.85830 22.15540 20.22440 21.88930 19.84080 20.23690 19.64550 19.64120 19.63600 19.63150 19.65570 19.71410 20.11450 20.44270 21.06240 21.85870 22.61760 22.85510 23.01880 23.12120 22.76040 22.31560 22.36110 22.40410 22.33510 20.95660 20.39990 18.32660 18.32420 18.52550 20.54320 20.82210 21.92910
22.97240 22.70800 22.81530 23.07930 22.91650 21.33170 21.13680 21.46400 21.65900 21.35120 20.25820 20.26330 20.27020 21.11170 20.27100 19.70440 20.21850 20.10720 20.19510 22.54660 21.85370 21.24010 20.04170 19.63770 19.64210 19.63970 19.62670 19.62470 19.62130 19.62550 19.61180 19.71190 20.00600 20.20340 20.31630 20.32010 22.25800 21.31710 22.11670 22.71830 21.23070 20.03330 22.71050 22.81670 21.25050 19.84720 19.93430 19.62190 19.61190 20.21180 22.33600 22.74050 22.64680 21.83630 22.51190 21.74320 22.19960 22.87470 23.12570 23.24540 22.88190 22.76340 22.56460 22.39420 22.32660 22.29270 20.58750 20.51570 21.16340 22.21650 22.83360
23.08880 23.06670 22.79020 22.34360 22.86470 22.14200 22.74600 22.87140 22.56460 20.74980 21.15360 21.55610 20.65380 20.45770 20.76030 21.16530 19.66670 19.65840 19.86720 21.73720 21.21320 20.95920 21.06590 20.04800 19.62680 19.62700 19.61360 19.61620 19.61530 19.61280 20.50980 21.88530 20.52110 21.81390 19.81930 19.92050 20.62820 20.73910 22.62560 22.93070 22.21580 20.71850 21.07360 22.58130 22.96130 22.82380 22.81330 21.02130 19.61100 21.31170 21.72080 22.72150 21.73520 21.48580 22.32910 22.32240 22.35540 23.19350 23.19920 23.31620 23.53390 23.62950 23.75510 23.07110 22.88170 22.73210 22.65740 22.54680 22.82100 22.97420 23.06430
23.02070 23.05340 22.95160 22.53640 22.38140 22.83590 22.92620 22.94940 22.96340 22.93170 23.00000 22.92400 22.67000 22.77210 22.75610 22.83350 22.41320 19.83030 19.64310 19.66300 19.70250 19.75080 19.86530 19.65820 19.62020 19.61270 19.61010 19.60620 20.30320 20.97610 20.31170 21.62390 22.73140 22.81520 21.41000 22.50690 22.31810 22.12720 20.44690 21.79020 22.93460 22.92100 21.25090 21.65810 22.95850 22.96880 22.85320 22.82620 21.70790 20.22190 19.65250 21.13740 21.44270 20.37400 20.12920 21.24160 21.44570 22.84020 23.28540 23.13710 23.35270 23.41730 23.25160 23.66200 23.78380 23.04840 23.87230 22.92690 22.94400 23.01380 22.82260
22.83880 22.74050 22.51520 22.58440 22.63970 22.32750 22.29330 22.28450 22.75210 22.91220 22.93320 23.00380 23.17430 23.24400 22.83590 22.84300 22.73240 22.71130 22.61030 21.31760 21.01400 20.31570 20.52070 20.90880 20.20500 20.60600 20.30340 20.70190 20.70470 22.40530 22.40420 22.90550 22.85240 22.77510 22.76400 22.87700 22.83900 22.85710 22.89290 22.81900 22.96550 22.99570 22.95230 22.93850 22.87830 22.87180 22.84620 22.76790 22.73520 22.52060 22.31030 22.91900 22.86750 22.75500 22.77270 23.03250 23.32830 23.47750 23.40990 23.64330 23.53800 23.48720 22.83010 23.50080 23.42660 23.51890 22.88100 22.94080 22.90150 23.05480 22.21290
23.15840 23.16130 23.22440 23.19350 23.09170 22.99850 22.45650 22.71450 22.78540 22.83290 22.90640 22.72290 22.76600 22.87320 23.13350 23.17270 23.06760 22.99660 22.66960 22.33600 22.82200 22.81840 22.11710 20.72720 19.91840 20.21770 20.30670 20.21140 22.90470 22.91040 22.91190 22.93320 22.87020 22.99540 22.89270 22.98690 22.90830 22.91230 22.35930 22.92840 23.05720 22.99630 22.96150 22.99560 22.88290 22.93530 22.89870 22.93160 22.83310 22.80240 23.01640 22.96330 23.41420 22.64550 23.34260 23.25440 22.93900 23.46160 23.52270 23.70100 23.42490 23.55900 23.53940 23.33760 23.48360 22.73960 22.84170 22.73960 21.99250 22.41000 21.43960
23.08130 23.27040 23.36620 23.25430 23.35540 23.19960 22.95430 22.48730 22.90820 22.79520 22.82970 22.91900 22.76530 22.28870 22.73490 22.29520 22.37280 22.98470 23.08670 22.80330 22.39920 22.90450 22.78470 22.64620 19.64340 19.64960 20.03250 20.42420 20.75800 22.53120 22.93930 22.95240 23.00580 22.52370 22.56340 22.94990 22.98000 22.98710 23.04360 23.06370 23.00560 22.99760 22.98250 22.93350 23.06190 23.18980 23.05590 23.02440 23.01730 23.09020 23.19540 23.11830 23.23360 23.43770 22.73710 22.87360 23.14340 23.32850 23.16840 23.18020 23.39590 23.52720 23.50630 22.69980 22.66100 21.46030 21.52520 20.95670 21.04440 21.07080 20.96250
23.04060 23.11230 22.99290 23.04280 23.21870 23.32300 23.24150 23.22970 23.15110 22.98970 22.91740 22.97200 22.97680 22.90480 23.17600 23.12290 23.15140 22.32970 22.91790 23.28150 23.27580 23.23920 23.07560 22.88000 21.36130 20.96180 20.15100 20.75580 21.55790 20.86120 20.91390 20.73290 20.22400 21.49830 22.74890 22.95000 22.98300 23.02010 23.05850 23.12530 23.24950 23.25920 23.06600 22.47220 22.30310 22.87180 22.96360 23.04150 23.13860 23.16180 23.26750 22.95860 23.26980 23.01970 23.38760 23.55540 23.31790 23.41160 23.17410 23.18200 23.36550 23.63550 23.60540 23.31680 21.73520 21.26190 21.29580 21.16700 21.98950 22.27830 21.33620
23.08810 23.09490 23.00850 22.85750 22.97820 23.00310 23.01200 23.02040 22.94290 22.94340 22.93340 22.85280 22.34860 22.76510 23.03740 23.08460 23.12410 23.18270 22.47080 22.93040 23.00070 23.02970 22.97770 22.94010 22.82150 22.79460 21.15540 22.93000 22.93290 22.93640 22.94320 22.94400 21.75570 21.26950 22.57310 22.89050 22.93250 22.95250 22.99550 23.19940 23.33370 23.07430 23.40680 22.67290 22.85690 22.97000 23.03640 23.09750 23.16270 23.22520 23.11020 23.18880 23.31850 23.54730 23.37520 23.47840 23.21030 23.20620 23.37030 23.31690 23.53430 23.49430 23.39460 22.48470 23.54450 23.95080 22.90780 21.97600 21.70510 22.64070 23.02890
23.22720 23.25560 23.18230 23.14920 23.18330 22.92140 22.96600 22.93480 22.91060 23.00630 23.25700 23.18550 22.87070 22.76660 22.92450 22.98250 23.10130 23.09840 23.24400 23.15720 23.03130 22.94920 22.90860 22.85560 22.93870 22.99980 22.86560 22.86510 22.92740 22.94720 22.93370 23.15040 23.32410 23.24190 22.88740 23.02290 23.01620 23.08770 23.12060 23.30520 22.90640 23.45700 23.37270 23.48640 23.30880 23.09450 22.45220 22.51680 22.50360 22.52930 23.22990 23.11180 23.22110 23.27180 23.27700 23.43540 23.48080 23.43510 23.62560 23.79180 24.18440 23.89310 23.65080 20.24960 18.98230 18.86540 18.92300 19.12800 22.05700 22.91590 22.92590
23.16690 23.40610 23.38080 23.20220 23.17500 23.09900 22.97700 22.95730 22.91410 23.04830 23.23380 23.64220 23.86930 23.41050 23.00480 23.00960 23.15400 23.25300 23.38500 23.28690 23.18730 23.11130 23.23330 22.98950 23.01810 23.01110 23.01060 22.99020 22.96160 22.96000 23.36210 23.03070 22.99580 23.16780 23.09690 23.01680 23.11500 23.31620 22.57910 23.36170 23.57800 23.70160 23.11760 22.92830 22.82340 22.72390 21.67130 22.74010 21.99350 19.01650 22.77310 23.40040 23.39610 21.69910 20.99950 22.12980 23.32240 21.25200 18.62010 18.73220 18.69740 19.64840 19.32890 18.74730 19.02990 22.77190 19.31340 22.55300 22.87530 22.95640 23.05790
23.08130 23.28700 23.31610 23.24250 23.29910 23.15810 22.47300 22.96740 22.97980 22.91190 22.90220 23.01310 23.03450 23.50640 23.20120 23.22720 23.32600 23.21950 23.12790 23.08380 23.54300 23.18770 23.17030 23.02100 23.00750 23.02620 23.30450 23.02450 23.02970 23.26580 23.32830 23.14420 23.02920 23.10920 23.14760 22.99950 23.17570 23.23830 23.41460 22.81790 22.91760 23.06300 22.92450 23.70880 22.23410 20.46940 18.80410 18.89950 18.98230 18.92070 18.96650 20.29890 21.27370 20.94340 21.76800 20.96850 19.03030 18.98540 18.87820 19.07640 19.29370 19.18840 20.46480 22.31830 22.02310 22.86130 22.86000 22.89390 23.02270 23.03710 23.33270
23.23510 23.35350 23.43000 23.28070 23.28650 23.40380 22.78930 22.57440 22.65460 23.19990 22.91230 22.98990 23.03510 23.15090 23.34170 23.30750 23.19360 22.94370 23.15090 23.16840 23.15640 23.23160 23.21590 23.04350 23.02530 22.97530 23.07600 22.98650 22.90230 23.03970 22.99680 23.25080 23.09690 23.13850 23.12370 22.59360 23.15330 23.28280 23.33600 23.40850 23.45960 22.26210 21.97810 22.09220 18.86750 18.97180 20.73590 22.08900 22.84850 21.21120 19.25880 19.49580 22.68290 20.21370 19.02870 19.30920 19.05720 19.24110 19.42940 19.16490 19.88340 21.86770 22.76310 22.74690 23.09430 23.07810 23.10180 23.14620 23.18170 23.34160 23.45030
23.24430 23.35270 23.43020 23.40960 23.46590 23.41670 23.53360 22.84550 23.46770 23.58690 23.51660 23.21750 23.20020 22.87640 23.37850 23.39600 23.41590 23.22620 23.11810 23.19480 22.92180 23.30420 23.55620 23.24240 23.11600 22.49180 23.16810 23.11590 22.97760 23.04230 23.12250 22.97650 23.16820 23.20830 23.08300 22.98140 22.86000 22.86590 23.20600 23.26960 23.18300 21.79460 19.08190 18.89830 18.96830 21.66090 23.35550 23.61380 24.22030 24.70860 -9999 -9999 23.36570 22.52150 21.17910 20.85650 20.13070 20.20820 23.39000 23.22960 23.16820 22.87110 22.86600 22.83970 23.09370 23.17490 23.21680 23.31040 23.29800 23.56640 23.43620
23.16680 23.14290 23.17340 23.29580 23.55450 23.60390 23.58290 23.43910 23.19210 23.13930 23.06090 23.01580 23.03190 23.16960 23.29240 23.25270 23.63030 23.39000 23.08480 23.43860 22.77660 23.42880 23.35510 23.49250 23.28210 23.31370 23.32900 23.19090 22.52200 23.10390 23.12930 23.08650 23.09800 23.15250 23.17460 22.89260 22.82820 22.85040 22.80140 -9999 -9999 -9999 -9999 23.54670 -9999 22.90360 23.49190 23.84290 23.75600 25.58370 -9999 -9999 24.04050 21.37440 20.75990 22.61620 23.06480 22.81200 23.00590 22.88060 22.78930 22.75590 22.76550 22.71220 22.94410 22.86500 23.14660 23.28420 23.21170 23.20580 23.38290
23.03350 23.13830 23.17150 23.19620 23.63990 23.52770 23.35360 23.19160 22.81150 22.68640 22.75660 22.89810 22.87760 22.89620 22.83750 22.81310 23.45270 23.38960 23.37240 23.30110 23.53940 23.45120 23.43900 23.38170 22.85490 23.18330 22.76180 23.25620 23.28360 23.12940 23.06480 22.96840 23.10260 23.05270 23.04560 22.86200 22.83570 -9999 -9999 -9999 -9999 -9999 -9999 -9999 23.81080 23.85170 24.12730 -9999 -9999 -9999 -9999 -9999 22.45450 23.19030 23.53610 24.26570 22.46860 22.55500 23.41970 22.96700 23.30560 22.97060 22.77220 22.61550 22.86460 23.20510 23.29810 23.29880 23.25100 23.55680 -9999
