data/hydroclimate-scenarios/BCSD_hadcm_A1B/monthly_summaries/soilm3_monthly_day1_dec.2070-2099.asc
ncols	311
nrows	91
xllcenter	102.75
yllcenter	31.75
cellsize	0.5
NODATA_value	-9999
[rows 0 to 31 of 91, columns 0 to 70 of 311]
-9999 -9999 -9999 -9999 -9999 -9999 -9999 -9999 -9999 -9999 -9999 -9999 -9999 -9999 -9999 -9999 -9999 -9999 -9999 -9999 -9999 -9999 -9999 -9999 -9999 -9999 -9999 -9999 -9999 -9999 -9999 -9999 -9999 -9999 -9999 -9999 -9999 -9999 -9999 -9999 -9999 -9999 -9999 -9999 -9999 -9999 -9999 -9999 -9999 -9999 -9999 -9999 -9999 -9999 -9999 -9999 -9999 -9999 -9999 -9999 -9999 -9999 -9999 -9999 -9999 -9999 -9999 -9999 -9999 -9999 -9999
-9999 -9999 -9999 -9999 -9999 -9999 -9999 -9999 -9999 -9999 -9999 -9999 -9999 -9999 -9999 -9999 -9999 -9999 -9999 -9999 -9999 -9999 -9999 -9999 -9999 -9999 -9999 -9999 -9999 -9999 -9999 -9999 -9999 -9999 -9999 -9999 -9999 -9999 -9999 -9999 -9999 -9999 -9999 -9999 -9999 -9999 -9999 -9999 -9999 -9999 -9999 -9999 -9999 -9999 -9999 -9999 -9999 -9999 -9999 -9999 -9999 -9999 -9999 -9999 -9999 -9999 -9999 -9999 -9999 -9999 -9999
-9999 -9999 -9999 -9999 -9999 -9999 -9999 -9999 -9999 -9999 -9999 -9999 -9999 -9999 -9999 -9999 -9999 -9999 -9999 -9999 -9999 -9999 -9999 -9999 -9999 -9999 -9999 -9999 -9999 -9999 -9999 -9999 -9999 -9999 -9999 -9999 -9999 -9999 -9999 -9999 -9999 -9999 -9999 -9999 -9999 -9999 -9999 -9999 -9999 -9999 -9999 -9999 -9999 -9999 -9999 -9999 -9999 -9999 -9999 -9999 -9999 -9999 -9999 -9999 -9999 -9999 -9999 -9999 -9999 -9999 -9999
-9999 -9999 -9999 -9999 -9999 -9999 -9999 -9999 -9999 -9999 -9999 -9999 -9999 -9999 -9999 -9999 -9999 -9999 -9999 -9999 -9999 -9999 -9999 -9999 -9999 -9999 -9999 -9999 -9999 -9999 -9999 -9999 -9999 -9999 -9999 -9999 -9999 -9999 -9999 -9999 -9999 -9999 -9999 -9999 -9999 -9999 -9999 -9999 -9999 -9999 -9999 -9999 -9999 -9999 -9999 -9999 -9999 -9999 -9999 -9999 -9999 -9999 -9999 -9999 -9999 -9999 -9999 -9999 -9999 -9999 -9999
-9999 -9999 -9999 -9999 -9999 -9999 -9999 -9999 -9999 -9999 -9999 -9999 -9999 -9999 -9999 -9999 -9999 -9999 -9999 -9999 -9999 -9999 -9999 -9999 -9999 -9999 -9999 -9999 -9999 -9999 -9999 -9999 -9999 -9999 -9999 -9999 -9999 -9999 -9999 -9999 -9999 -9999 -9999 -9999 -9999 -9999 -9999 -9999 -9999 -9999 -9999 -9999 -9999 -9999 -9999 -9999 -9999 -9999 -9999 -9999 -9999 -9999 -9999 -9999 -9999 -9999 -9999 -9999 -9999 -9999 -9999
-9999 -9999 -9999 -9999 -9999 -9999 -9999 -9999 -9999 -9999 -9999 -9999 -9999 -9999 -9999 -9999 -9999 -9999 -9999 -9999 -9999 -9999 -9999 -9999 -9999 -9999 -9999 -9999 -9999 -9999 -9999 -9999 -9999 -9999 -9999 -9999 -9999 -9999 -9999 -9999 -9999 -9999 -9999 -9999 -9999 -9999 -9999 -9999 -9999 -9999 -9999 -9999 -9999 -9999 -9999 -9999 -9999 -9999 -9999 -9999 -9999 -9999 -9999 -9999 -9999 -9999 -9999 -9999 -9999 -9999 -9999
-9999 -9999 -9999 -9999 -9999 -9999 -9999 -9999 -9999 -9999 -9999 -9999 -9999 -9999 -9999 -9999 -9999 -9999 -9999 -9999 -9999 -9999 -9999 -9999 -9999 -9999 -9999 -9999 -9999 -9999 -9999 -9999 -9999 -9999 -9999 -9999 -9999 -9999 -9999 -9999 -9999 -9999 -9999 -9999 -9999 -9999 -9999 -9999 -9999 -9999 -9999 -9999 -9999 -9999 -9999 -9999 -9999 -9999 -9999 -9999 -9999 -9999 -9999 -9999 -9999 -9999 -9999 -9999 -9999 -9999 -9999
-9999 -9999 -9999 -9999 -9999 -9999 -9999 -9999 -9999 -9999 -9999 -9999 -9999 -9999 -9999 -9999 -9999 -9999 -9999 -9999 -9999 -9999 -9999 -9999 -9999 -9999 -9999 -9999 -9999 -9999 -9999 -9999 -9999 -9999 -9999 -9999 -9999 -9999 -9999 -9999 -9999 -9999 19.29460 18.81140 19.36500 19.38750 19.51760 19.72990 19.57500 20.36980 20.05550 19.69130 -9999 -9999 -9999 -9999 -9999 -9999 -9999 -9999 -9999 -9999 -9999 -9999 -9999 -9999 -9999 -9999 -9999 -9999 -9999
-9999 -9999 -9999 -9999 -9999 -9999 -9999 -9999 -9999 -9999 -9999 -9999 -9999 -9999 -9999 -9999 -9999 -9999 -9999 -9999 -9999 -9999 -9999 -9999 -9999 -9999 -9999 -9999 -9999 -9999 -9999 -9999 -9999 -9999 -9999 -9999 -9999 -9999 20.42350 20.56700 20.62490 20.98710 20.61000 19.85260 20.28970 19.06410 18.43640 18.42980 19.75410 20.70840 22.76190 23.62670 23.28090 23.25990 -9999 -9999 -9999 -9999 -9999 -9999 -9999 -9999 -9999 -9999 -9999 -9999 -9999 -9999 -9999 -9999 -9999
-9999 -9999 -9999 -9999 -9999 -9999 -9999 -9999 -9999 -9999 -9999 -9999 -9999 -9999 -9999 -9999 -9999 -9999 -9999 -9999 -9999 -9999 -9999 -9999 -9999 -9999 -9999 -9999 -9999 -9999 -9999 -9999 -9999 -9999 -9999 -9999 -9999 -9999 -9999 -9999 19.84920 19.83300 19.97300 20.14310 20.64890 21.51960 20.60950 21.11220 18.57100 18.49590 18.77660 21.32770 22.86860 22.83660 -9999 -9999 -9999 -9999 -9999 -9999 -9999 -9999 -9999 -9999 -9999 -9999 -9999 -9999 -9999 -9999 -9999
-9999 -9999 -9999 -9999 -9999 -9999 -9999 -9999 -9999 -9999 -9999 -9999 -9999 -9999 -9999 -9999 -9999 -9999 -9999 -9999 -9999 -9999 -9999 -9999 -9999 -9999 -9999 -9999 -9999 -9999 -9999 -9999 -9999 -9999 -9999 -9999 -9999 -9999 -9999 -9999 -9999 -9999 -9999 -9999 19.89190 20.26540 20.61770 22.13460 21.98690 20.00850 21.03840 21.09080 21.85140 22.82580 -9999 -9999 -9999 -9999 -9999 -9999 19.02710 -9999 -9999 -9999 -9999 -9999 -9999 -9999 -9999 -9999 -9999
-9999 -9999 -9999 -9999 -9999 -9999 -9999 -9999 -9999 -9999 -9999 -9999 -9999 -9999 -9999 -9999 -9999 -9999 -9999 -9999 -9999 -9999 -9999 -9999 -9999 -9999 -9999 -9999 -9999 -9999 -9999 -9999 -9999 -9999 -9999 -9999 -9999 -9999 -9999 -9999 -9999 19.86270 19.89810 19.91100 19.91360 19.85000 20.08430 20.46300 20.36700 20.02080 19.94060 21.43070 22.31870 22.23430 -9999 -9999 -9999 -9999 -9999 20.61660 21.11040 22.20370 22.00230 20.40070 20.80120 21.60210 22.40150 23.51120 22.21380 22.41030 21.61450
-9999 -9999 -9999 -9999 -9999 -9999 -9999 -9999 -9999 -9999 -9999 -9999 -9999 -9999 -9999 -9999 -9999 -9999 -9999 -9999 -9999 -9999 -9999 -9999 -9999 -9999 -9999 -9999 -9999 -9999 -9999 -9999 -9999 -9999 -9999 -9999 -9999 -9999 -9999 -9999 -9999 20.92440 20.09030 19.89100 19.89980 19.86660 20.80870 20.71200 20.06430 20.99190 21.85190 23.40900 22.59750 22.63240 22.39800 22.55860 21.23190 -9999 20.83390 23.41220 23.50660 23.40160 23.30050 22.40050 22.90080 23.50840 22.60700 22.22430 21.52590 20.70990 20.40850
-9999 -9999 -9999 -9999 -9999 -9999 -9999 -9999 -9999 -9999 -9999 -9999 -9999 -9999 -9999 -9999 -9999 -9999 -9999 -9999 -9999 -9999 -9999 -9999 -9999 -9999 -9999 -9999 -9999 -9999 -9999 -9999 -9999 -9999 -9999 23.37220 21.16750 19.94230 19.96180 19.79370 19.80270 19.79340 19.83710 20.01030 20.67940 20.67010 19.88620 20.14020 21.93910 23.14040 23.07070 23.35200 23.51420 23.38810 22.50690 22.69650 23.04130 23.05600 23.55680 23.50850 23.30190 22.90030 22.80050 22.80300 23.00100 23.50970 23.40650 23.01200 22.72920 22.28380 22.28390
-9999 -9999 -9999 -9999 -9999 -9999 -9999 -9999 -9999 -9999 -9999 -9999 -9999 -9999 -9999 -9999 -9999 -9999 -9999 -9999 -9999 -9999 -9999 -9999 -9999 -9999 -9999 -9999 -9999 -9999 -9999 -9999 -9999 -9999 23.63630 22.86240 22.21050 22.10860 20.26830 19.76910 19.79060 19.80620 20.01350 20.81560 20.27400 19.82790 19.83810 20.93010 23.12800 23.22560 23.13540 23.10800 23.21790 22.67490 22.57190 23.19320 22.99570 23.37000 23.52510 23.36000 22.86190 22.75790 23.15140 23.33740 23.51060 23.40550 23.10180 23.00170 22.81800 22.88760 22.82570
-9999 -9999 -9999 -9999 -9999 -9999 -9999 -9999 -9999 -9999 -9999 -9999 -9999 -9999 -9999 -9999 -9999 -9999 -9999 -9999 -9999 -9999 -9999 -9999 -9999 -9999 -9999 -9999 -9999 -9999 -9999 -9999 -9999 23.59890 23.42490 22.25510 22.27160 21.68990 20.62430 19.71600 19.75210 19.80350 21.05460 20.62870 19.86770 20.30990 21.31270 21.71640 22.30260 22.56730 22.43760 23.32920 23.24820 22.62850 22.42040 23.06700 23.06530 22.91910 22.90840 22.86460 23.16210 23.34510 23.33820 23.50360 23.50510 23.30570 23.00400 23.30300 23.30900 23.45960 22.92020
-9999 -9999 -9999 -9999 -9999 -9999 -9999 -9999 -9999 -9999 -9999 -9999 -9999 -9999 -9999 -9999 -9999 -9999 -9999 -9999 -9999 -9999 -9999 -9999 -9999 -9999 -9999 -9999 -9999 -9999 -9999 23.37870 21.60920 21.10900 21.01530 22.12840 21.34460 20.49050 19.71810 19.90680 19.85510 20.03990 20.68460 20.12040 19.85090 20.63370 22.85420 23.00020 23.04380 23.05640 23.07370 22.78000 22.74360 22.55360 22.96430 23.07370 22.89160 22.85010 23.14500 23.16210 23.34550 23.52540 23.41840 23.50080 23.50170 23.50820 23.40460 23.10070 23.00060 22.94590 22.90870
-9999 -9999 -9999 -9999 -9999 -9999 -9999 -9999 -9999 -9999 -9999 -9999 -9999 -9999 -9999 -9999 -9999 -9999 -9999 -9999 -9999 -9999 -9999 -9999 -9999 -9999 -9999 -9999 -9999 20.70850 22.10280 20.61560 19.62060 19.62010 19.62610 19.64610 20.76020 22.67250 20.81460 19.72360 20.45080 21.20880 19.82990 19.83110 19.82190 19.83040 20.52170 22.63880 23.04020 23.12270 22.96650 22.82170 22.66100 22.50130 23.00280 23.10830 22.92420 22.92500 22.90420 22.91030 23.32390 23.30860 23.30870 23.40130 23.50210 23.40410 23.52360 23.53690 23.55450 23.61610 22.97860
-9999 -9999 -9999 -9999 -9999 -9999 -9999 -9999 -9999 -9999 -9999 -9999 -9999 -9999 -9999 -9999 -9999 -9999 -9999 -9999 -9999 -9999 -9999 -9999 21.63200 21.33600 20.93750 20.31050 20.10910 19.61440 19.61580 19.62250 19.63040 19.66220 19.67630 20.07630 22.76500 21.27190 20.42020 19.89040 20.24470 21.47620 20.19310 19.87250 19.80320 19.77380 20.07380 20.63270 21.99890 23.12770 23.04490 23.71400 23.00570 23.11130 22.98050 23.00960 22.93120 22.91520 22.90710 23.20180 23.50080 23.50100 23.40050 23.30010 23.30010 23.30030 23.40090 23.21010 23.11100 23.32930 23.82320
-9999 -9999 -9999 -9999 -9999 -9999 22.95030 23.08070 23.10510 23.08550 23.04970 -9999 -9999 -9999 -9999 -9999 -9999 -9999 -9999 -9999 -9999 21.62260 19.94380 20.74890 21.94010 20.84950 20.04400 19.62040 19.61830 19.62110 19.61920 19.63520 19.63920 19.67140 19.68080 19.67210 19.69570 19.96260 22.17980 19.83600 20.24600 20.33270 21.42470 19.83180 19.78940 19.74500 20.03900 21.85440 23.11800 23.13280 23.19410 23.12390 23.25530 23.13820 22.96690 22.94210 22.92330 22.91290 23.21200 23.40510 23.40150 23.40090 23.30080 23.40070 23.40200 22.80040 22.80040 22.90330 22.90330 22.90400 22.83620
-9999 -9999 -9999 -9999 -9999 22.88630 22.89200 22.85400 22.96910 22.83940 22.85220 22.89620 22.89390 22.87750 -9999 -9999 -9999 22.91140 22.61200 21.14770 20.64050 19.67030 19.67420 19.63810 19.31760 18.99460 18.87680 18.85100 18.74200 18.75340 18.86720 18.87000 19.08750 19.11930 18.99120 18.90380 18.93630 19.02580 19.00670 18.94560 18.98720 19.03910 21.21870 20.30040 18.77900 18.98780 19.69090 20.86900 22.63090 23.12130 23.07560 22.78010 23.39720 22.93610 22.94370 22.98050 22.95010 22.91550 22.90230 22.72390 22.80580 22.90030 22.70050 22.80020 22.70820 22.82130 22.90480 22.90740 22.90530 22.91170 22.83940
-9999 21.91750 18.39330 18.32840 18.33760 22.72580 23.41000 22.99000 22.97410 22.95580 22.95270 23.00700 23.01150 22.99710 22.97710 22.95450 22.95260 22.92640 22.92710 22.92150 22.13820 19.87740 20.36210 18.74730 18.53740 18.55700 18.56080 18.55670 18.55190 18.55510 18.54840 18.55010 18.54820 18.55760 18.56880 18.56990 18.58170 18.56540 18.55620 18.63260 18.64120 18.68980 19.87790 21.12760 18.64860 18.65160 18.58690 19.61350 21.57410 21.79010 22.29440 23.44110 23.39040 23.12930 23.10000 23.17840 23.00720 22.91130 22.90650 22.74360 22.80410 22.80550 22.80370 22.80460 22.81500 23.01610 23.00240 22.82890 22.90900 22.93570 23.05620
-9999 23.05120 23.03410 22.98180 22.97430 22.68190 22.46640 22.49330 22.18880 22.90760 23.00510 22.97080 22.97710 22.95490 22.95950 22.96890 22.98780 22.94800 22.95390 22.96140 21.97750 21.47330 23.40660 19.27780 18.55150 18.59010 18.57840 18.56980 18.56590 18.57590 18.56690 18.58300 18.59380 18.61300 19.22990 18.59840 18.60620 18.61310 18.61670 18.59040 18.61330 18.66730 18.71550 21.61290 19.89390 18.67570 18.56630 18.63900 18.63540 19.58790 20.95980 23.06010 23.19340 23.38310 23.27320 23.27390 23.09200 23.03010 22.92350 22.35820 22.75310 22.82490 22.82850 22.71570 22.83000 23.44060 23.24170 22.81440 22.87460 22.83420 22.90160
-9999 -9999 -9999 19.37660 19.20050 18.82960 18.77460 18.77260 18.76440 18.86530 23.00910 23.10570 23.19220 23.37600 23.16510 22.98930 23.01470 23.00170 23.19050 23.48870 23.60170 23.59480 22.61520 18.86110 18.61540 18.64820 18.62500 18.57930 18.58010 18.58940 18.59050 18.60750 19.11270 19.35470 20.27190 21.62390 18.30440 18.32270 19.74590 21.12990 20.29540 20.68650 23.85280 23.72790 22.42710 21.20140 20.09240 18.84420 18.93230 20.20580 22.37610 22.80930 22.19470 23.27220 22.78450 23.36070 23.29610 23.00790 23.15720 22.37300 22.80800 22.88820 22.86870 22.87170 22.85060 22.92510 22.91270 22.93290 22.91240 23.07160 23.11010
-9999 -9999 -9999 -9999 -9999 -9999 20.26030 20.89520 21.58420 22.50010 23.38510 23.52060 23.51900 23.51810 23.51210 23.39200 23.38750 23.59540 23.60400 23.18820 21.69110 19.91340 18.78520 18.71990 18.71310 18.68180 18.64050 20.04940 21.90680 19.05520 18.63720 18.65560 21.36130 23.06830 19.93650 23.02190 22.71480 21.37890 24.08400 24.10130 24.02950 23.36000 22.98140 23.39140 23.68990 23.92990 22.72280 21.86520 20.86200 19.64140 20.16130 19.98920 19.39990 22.68370 22.30950 19.44640 23.17550 23.27610 23.22040 23.09410 22.50220 22.90790 22.45980 22.42130 22.97800 22.95500 22.87070 22.95870 23.09150 23.09410 23.25650
-9999 -9999 -9999 -9999 -9999 -9999 23.50540 23.53360 23.50950 23.54770 23.53580 23.50840 23.51160 23.50300 23.52660 23.59620 23.17050 21.38130 20.28150 18.91840 18.73280 18.79940 18.80420 18.79880 18.78560 18.74490 18.74540 20.11110 24.51860 24.50350 23.49670 23.62300 23.25310 23.87050 23.71440 23.58580 23.07270 23.02220 22.64630 22.81070 23.16920 23.52390 23.92240 23.60360 23.30370 23.12900 23.48520 24.47250 24.22180 23.43670 21.86700 20.26420 19.75050 19.91910 19.46940 18.63080 19.32740 19.65240 20.53340 20.34920 21.55110 21.82780 22.95720 23.05450 23.12300 22.92810 22.95150 22.95050 23.02250 23.15940 23.43140
-9999 -9999 -9999 -9999 -9999 -9999 -9999 -9999 -9999 -9999 23.25150 23.52090 23.51870 23.55400 23.55390 20.74420 18.77040 18.73640 18.85720 18.87860 18.88940 18.89620 18.89770 18.85250 18.84010 18.82830 18.85390 18.71610 19.28780 20.86440 20.19010 20.69300 21.71080 23.64830 24.39150 23.89040 24.21190 24.31600 24.26470 24.25370 22.68510 21.10920 19.89070 21.65280 21.59450 22.14610 21.77700 20.77720 23.99780 24.42210 24.33160 23.94740 23.57960 22.58150 22.30810 23.10600 22.06300 22.74340 22.79680 22.51350 22.74180 20.28650 19.99430 19.37950 20.11540 20.47220 20.27930 21.26840 23.00410 23.04340 23.17070
-9999 -9999 -9999 -9999 -9999 -9999 -9999 -9999 -9999 -9999 22.10350 23.48960 23.51810 23.54480 23.61490 20.94690 18.95300 18.91860 18.95740 19.04540 19.09560 19.06010 19.02540 18.96290 18.94760 18.96760 18.90250 18.75510 18.72830 20.02720 20.84580 20.71000 22.86570 23.43160 21.91080 22.91660 20.60110 18.64570 19.12270 19.23140 18.60940 18.57410 18.55900 18.61560 18.61220 18.57670 18.58980 18.63820 18.74160 23.46560 24.35240 24.24210 24.20480 23.89720 21.98810 24.21510 24.31610 24.40570 24.35880 24.23690 24.11710 24.10040 23.92050 22.68420 20.70250 21.27800 20.04880 18.67570 22.01840 23.10580 23.59400
-9999 -9999 -9999 -9999 -9999 -9999 -9999 -9999 -9999 -9999 -9999 -9999 23.51130 23.52400 23.62330 23.38260 20.29620 19.28720 19.20200 19.35520 19.28010 19.30820 18.91990 19.15250 18.93050 18.95290 18.91860 18.84610 18.80220 18.83610 20.32910 19.94060 19.90750 18.90550 18.72060 18.71570 18.68070 18.67200 18.63450 18.60920 18.58970 18.56750 18.57520 18.62900 18.63610 18.59650 18.62200 18.63790 18.64160 19.11490 21.38070 23.06200 22.90610 21.98850 20.66820 23.28650 24.26930 24.44500 24.41060 24.38040 24.35540 24.30240 23.53160 22.49780 23.47600 24.24550 21.77510 18.80220 19.70840 21.37990 23.29530
-9999 -9999 -9999 -9999 -9999 -9999 -9999 -9999 -9999 -9999 -9999 -9999 23.52220 23.53280 23.61380 23.87290 24.05560 24.19940 21.31150 20.54790 19.37840 20.37020 19.05500 19.89430 18.91510 18.97330 18.98300 18.92830 18.82360 18.76640 18.71430 18.69970 18.71740 18.72530 18.70980 18.71260 18.69220 18.70520 18.65730 18.61760 18.60680 18.57510 18.57120 18.62300 18.62770 19.86180 20.47340 22.76330 23.94910 23.80770 22.81370 22.55910 21.75140 20.86060 22.53140 24.16230 24.22900 24.38560 24.35450 24.27060 23.77810 22.43110 23.16520 24.20300 24.32680 22.76160 21.41550 22.68900 23.40040 23.72350 23.41640
-9999 -9999 -9999 -9999 -9999 -9999 -9999 -9999 -9999 -9999 -9999 23.47060 23.45890 23.55670 23.64420 23.69280 22.45760 18.50890 18.55320 18.57200 18.61370 20.31010 20.27910 19.04210 18.77210 18.72460 18.75380 18.79160 18.73590 18.70710 18.67170 18.72510 18.71760 18.70870 18.70280 18.65050 18.65110 18.68990 18.68820 18.65470 18.63470 18.61280 18.61260 18.64470 18.61100 18.61700 19.93710 21.50540 22.01900 23.50190 23.20460 23.30820 23.05330 23.62680 24.06580 24.24470 24.23030 24.32930 24.29370 23.05070 23.35030 24.45840 24.53110 24.39330 24.41800 23.19850 22.64900 23.38920 23.35760 23.21760 23.48310
-9999 -9999 -9999 -9999 -9999 -9999 -9999 -9999 -9999 -9999 -9999 23.41600 23.47210 23.57240 23.72880 23.66480 20.93650 19.03310 18.60590 19.37650 20.30860 20.50260 19.76050 20.03630 19.78200 19.63470 18.80670 18.77970 18.73000 18.72420 18.67940 18.68750 18.69150 18.68270 18.72660 18.70260 18.69100 18.73150 18.75220 18.70020 18.69920 18.76400 19.66020 20.29050 21.03130 23.28390 23.67640 23.58650 24.32950 24.29920 24.35670 24.45800 24.39570 24.34300 24.33840 24.69640 24.74520 23.56730 23.32030 24.18220 24.43000 24.65410 24.61450 24.37300 23.58810 22.77240 24.22450 23.80330 23.40240 23.50450 23.51520
