data/hydroclimate-scenarios/BCSD_hadcm_A1B/monthly_summaries/soilm3_monthly_day1_sep.2070-2099.asc
ncols	311
nrows	91
xllcenter	102.75
yllcenter	31.75
cellsize	0.5
NODATA_value	-9999
[rows 0 to 31 of 91, columns 213 to 283 of 311]
-9999 -9999 -9999 -9999 -9999 -9999 -9999 -9999 -9999 -9999 -9999 -9999 -9999 -9999 -9999 -9999 -9999 -9999 -9999 -9999 -9999 -9999 -9999 -9999 -9999 -9999 -9999 -9999 -9999 -9999 -9999 -9999 -9999 -9999 -9999 -9999 -9999 -9999 -9999 -9999 -9999 -9999 -9999 -9999 -9999 -9999 -9999 -9999 -9999 -9999 -9999 -9999 -9999 -9999 -9999 -9999 -9999 -9999 -9999 -9999 -9999 -9999 -9999 -9999 -9999 -9999 -9999 -9999 -9999 -9999 -9999
-9999 -9999 -9999 -9999 -9999 -9999 -9999 -9999 -9999 -9999 -9999 -9999 -9999 -9999 -9999 -9999 -9999 -9999 -9999 -9999 -9999 -9999 -9999 -9999 -9999 -9999 -9999 -9999 -9999 -9999 -9999 -9999 -9999 -9999 -9999 -9999 -9999 -9999 -9999 -9999 -9999 -9999 -9999 -9999 -9999 -9999 -9999 -9999 -9999 -9999 -9999 -9999 -9999 -9999 -9999 -9999 -9999 -9999 -9999 -9999 -9999 -9999 -9999 -9999 -9999 -9999 -9999 -9999 -9999 -9999 -9999
-9999 -9999 -9999 -9999 -9999 -9999 -9999 -9999 -9999 -9999 -9999 -9999 -9999 -9999 -9999 -9999 -9999 -9999 -9999 -9999 -9999 -9999 -9999 -9999 -9999 -9999 -9999 -9999 -9999 -9999 -9999 -9999 -9999 -9999 -9999 -9999 -9999 -9999 -9999 -9999 -9999 -9999 -9999 -9999 -9999 -9999 -9999 -9999 -9999 -9999 -9999 -9999 -9999 -9999 -9999 -9999 -9999 -9999 -9999 -9999 -9999 -9999 -9999 -9999 -9999 -9999 -9999 -9999 -9999 -9999 -9999
-9999 -9999 -9999 -9999 -9999 -9999 -9999 -9999 -9999 -9999 -9999 -9999 -9999 -9999 -9999 -9999 -9999 -9999 -9999 -9999 -9999 -9999 -9999 -9999 -9999 -9999 -9999 -9999 -9999 -9999 -9999 -9999 -9999 -9999 -9999 -9999 -9999 -9999 -9999 -9999 -9999 -9999 -9999 -9999 -9999 -9999 -9999 -9999 -9999 -9999 -9999 -9999 -9999 -9999 -9999 -9999 -9999 -9999 -9999 -9999 -9999 -9999 -9999 -9999 -9999 -9999 -9999 -9999 -9999 -9999 -9999
-9999 -9999 -9999 -9999 -9999 -9999 -9999 -9999 -9999 -9999 -9999 -9999 -9999 -9999 -9999 -9999 -9999 -9999 -9999 -9999 -9999 -9999 -9999 -9999 -9999 -9999 -9999 -9999 -9999 -9999 -9999 -9999 -9999 -9999 -9999 -9999 -9999 -9999 -9999 -9999 -9999 -9999 -9999 -9999 -9999 -9999 -9999 -9999 -9999 -9999 -9999 -9999 -9999 -9999 -9999 -9999 -9999 -9999 -9999 -9999 -9999 -9999 -9999 -9999 -9999 -9999 -9999 -9999 -9999 -9999 -9999
-9999 -9999 -9999 -9999 -9999 -9999 -9999 -9999 -9999 -9999 -9999 -9999 -9999 -9999 -9999 -9999 -9999 -9999 -9999 -9999 -9999 -9999 -9999 -9999 -9999 -9999 -9999 -9999 -9999 -9999 -9999 -9999 -9999 -9999 -9999 -9999 -9999 -9999 -9999 -9999 -9999 -9999 -9999 -9999 -9999 -9999 -9999 -9999 -9999 -9999 -9999 -9999 -9999 -9999 -9999 -9999 -9999 -9999 -9999 -9999 -9999 -9999 -9999 -9999 -9999 -9999 -9999 -9999 -9999 -9999 -9999
-9999 -9999 -9999 -9999 -9999 -9999 -9999 -9999 -9999 -9999 -9999 -9999 -9999 -9999 -9999 -9999 -9999 -9999 -9999 -9999 -9999 -9999 -9999 -9999 -9999 -9999 -9999 -9999 -9999 -9999 -9999 -9999 -9999 -9999 -9999 -9999 -9999 -9999 -9999 -9999 -9999 -9999 -9999 -9999 -9999 -9999 -9999 -9999 -9999 -9999 -9999 -9999 -9999 -9999 -9999 -9999 -9999 -9999 -9999 -9999 -9999 -9999 -9999 -9999 -9999 -9999 -9999 -9999 -9999 -9999 -9999
-9999 -9999 -9999 -9999 -9999 -9999 -9999 -9999 -9999 -9999 -9999 -9999 -9999 -9999 -9999 -9999 -9999 -9999 -9999 -9999 -9999 -9999 -9999 -9999 -9999 -9999 -9999 -9999 -9999 -9999 -9999 -9999 -9999 -9999 -9999 -9999 -9999 -9999 -9999 -9999 -9999 -9999 -9999 -9999 -9999 -9999 -9999 -9999 -9999 -9999 -9999 -9999 -9999 -9999 -9999 -9999 -9999 -9999 -9999 -9999 -9999 -9999 -9999 -9999 -9999 -9999 -9999 -9999 -9999 -9999 -9999
-9999 -9999 -9999 -9999 -9999 -9999 -9999 -9999 -9999 -9999 -9999 -9999 -9999 -9999 -9999 -9999 -9999 -9999 -9999 -9999 -9999 -9999 -9999 -9999 -9999 -9999 -9999 -9999 -9999 -9999 -9999 -9999 -9999 -9999 -9999 -9999 -9999 -9999 -9999 -9999 -9999 -9999 -9999 -9999 -9999 -9999 -9999 -9999 -9999 -9999 -9999 -9999 -9999 -9999 -9999 -9999 -9999 -9999 -9999 -9999 -9999 -9999 -9999 -9999 -9999 -9999 -9999 -9999 -9999 -9999 -9999
-9999 -9999 -9999 -9999 -9999 -9999 -9999 -9999 -9999 -9999 -9999 -9999 -9999 -9999 -9999 -9999 -9999 -9999 -9999 -9999 -9999 -9999 -9999 -9999 -9999 -9999 -9999 -9999 -9999 -9999 -9999 -9999 -9999 -9999 -9999 -9999 -9999 -9999 -9999 -9999 -9999 -9999 -9999 -9999 -9999 -9999 -9999 -9999 -9999 -9999 -9999 -9999 -9999 -9999 -9999 -9999 -9999 -9999 -9999 -9999 -9999 -9999 -9999 -9999 -9999 -9999 -9999 -9999 -9999 -9999 -9999
-9999 -9999 -9999 -9999 -9999 -9999 -9999 -9999 -9999 -9999 -9999 -9999 -9999 -9999 -9999 -9999 -9999 -9999 -9999 -9999 -9999 -9999 -9999 -9999 -9999 -9999 -9999 -9999 -9999 -9999 -9999 -9999 -9999 -9999 -9999 -9999 -9999 -9999 -9999 -9999 -9999 -9999 -9999 -9999 -9999 -9999 -9999 -9999 -9999 -9999 -9999 -9999 -9999 -9999 -9999 -9999 -9999 -9999 -9999 -9999 -9999 -9999 -9999 -9999 -9999 -9999 -9999 -9999 -9999 -9999 -9999
-9999 -9999 -9999 -9999 -9999 -9999 -9999 -9999 -9999 -9999 -9999 -9999 -9999 -9999 -9999 -9999 -9999 -9999 -9999 -9999 -9999 -9999 -9999 -9999 -9999 -9999 -9999 -9999 -9999 -9999 -9999 -9999 -9999 -9999 -9999 -9999 -9999 -9999 -9999 -9999 -9999 -9999 -9999 -9999 -9999 -9999 -9999 -9999 -9999 -9999 -9999 -9999 -9999 -9999 -9999 -9999 -9999 -9999 -9999 -9999 -9999 -9999 -9999 -9999 -9999 -9999 -9999 -9999 -9999 -9999 -9999
-9999 -9999 -9999 -9999 -9999 -9999 -9999 -9999 -9999 -9999 -9999 -9999 -9999 -9999 -9999 -9999 -9999 -9999 -9999 -9999 -9999 -9999 -9999 -9999 -9999 -9999 -9999 -9999 -9999 -9999 -9999 -9999 -9999 -9999 -9999 -9999 -9999 -9999 -9999 -9999 -9999 -9999 -9999 -9999 -9999 -9999 -9999 -9999 -9999 -9999 -9999 -9999 -9999 -9999 -9999 -9999 -9999 -9999 -9999 -9999 -9999 -9999 -9999 -9999 -9999 -9999 -9999 -9999 -9999 -9999 -9999
19.34340 19.27410 19.58150 19.71500 19.26970 19.56850 -9999 -9999 -9999 -9999 -9999 -9999 -9999 -9999 -9999 -9999 -9999 -9999 -9999 -9999 -9999 -9999 -9999 -9999 -9999 -9999 -9999 -9999 -9999 -9999 -9999 -9999 -9999 -9999 -9999 -9999 -9999 -9999 -9999 -9999 -9999 -9999 -9999 -9999 -9999 -9999 -9999 22.71250 -9999 -9999 -9999 -9999 -9999 -9999 -9999 -9999 -9999 -9999 -9999 -9999 -9999 -9999 -9999 -9999 -9999 -9999 -9999 -9999 -9999 -9999 -9999
19.21220 19.21060 19.23490 19.24740 19.27120 19.58050 19.83760 20.46430 21.17140 21.83930 22.30190 23.98320 24.08550 23.31510 22.93600 23.40660 23.77750 23.61700 24.35720 -9999 -9999 -9999 -9999 -9999 -9999 -9999 -9999 -9999 -9999 -9999 -9999 -9999 -9999 -9999 -9999 -9999 -9999 -9999 -9999 -9999 -9999 -9999 21.89480 21.12550 19.89160 19.31590 19.90070 19.96770 20.48880 -9999 -9999 -9999 19.86980 -9999 -9999 -9999 19.96790 20.19900 20.44320 -9999 -9999 -9999 -9999 -9999 -9999 -9999 -9999 -9999 -9999 -9999 -9999
21.00370 21.58980 22.18100 22.68300 23.38110 23.38370 23.41260 23.89330 24.20490 25.25450 25.10640 30.42070 30.50250 35.39760 39.57920 34.75490 30.82110 29.67330 24.85540 24.54560 24.32600 24.31320 24.38070 24.50180 24.12460 -9999 -9999 -9999 -9999 -9999 19.43850 18.72900 19.14170 21.50240 23.13850 22.30520 21.90440 20.33940 20.07650 19.91850 19.66830 19.21170 19.29870 19.32860 19.45110 19.49170 20.45200 20.79370 19.96270 20.10220 20.10870 20.18900 19.98370 19.95860 20.14230 20.15220 20.47110 21.08990 22.62550 22.37650 20.94270 20.21140 20.39540 19.88790 -9999 -9999 -9999 -9999 -9999 -9999 -9999
23.39830 23.66840 24.51520 25.48800 24.54830 25.03310 31.50510 37.09070 38.52750 34.86950 32.41380 141.61800 136.46700 141.39900 137.11000 138.03600 134.16100 21.34670 20.19460 20.56570 22.59580 23.00910 23.05480 23.40090 23.38730 23.32210 23.31010 23.26320 23.17300 22.88500 22.30000 19.17550 19.07490 19.18930 19.16030 19.36450 19.24770 19.23450 19.25750 19.24280 19.24470 19.25500 19.27860 19.34010 19.40520 19.37520 20.00480 20.08130 19.55560 19.57310 19.63290 19.72910 19.82890 19.82210 20.03130 19.97830 19.98380 19.96770 20.02730 20.03750 20.01320 20.15250 20.84020 21.64450 20.90830 20.46380 20.07880 20.24610 20.09690 20.33930 20.14960
34.05320 33.68450 36.42540 38.12370 37.58550 148.71400 141.07401 135.92999 134.75301 132.53101 131.61200 131.54800 131.89500 131.57001 131.51700 131.50800 131.69000 131.54500 131.76601 131.65700 131.67700 132.04300 132.43401 132.52299 130.25301 130.49500 25.05580 130.60600 22.96020 23.09250 24.90580 21.05750 18.97690 19.36140 19.23000 19.23890 19.22730 19.24940 19.27720 19.25320 19.24680 19.26310 19.27520 19.26550 19.26280 19.29840 19.70000 19.77260 19.33260 19.33380 19.35450 19.37920 19.47030 19.60060 19.74230 19.72800 19.76180 19.69420 19.84710 19.82930 19.82080 19.89960 20.98130 21.27030 20.11050 20.08170 20.18270 20.45270 20.33360 20.55490 20.21830
135.28400 135.60400 132.75101 133.81200 135.82300 132.10600 131.62399 131.69600 131.51401 131.50200 131.50301 131.50500 131.50700 131.50600 131.50301 131.50301 131.51300 131.50101 131.56200 131.52200 131.78101 132.07300 132.16600 130.14000 130.28200 130.27800 132.10699 132.17400 132.30000 22.76780 24.45680 23.68780 19.98150 17.99410 17.99560 17.99810 18.00900 18.00350 18.00200 18.00720 18.02700 18.04410 18.01920 18.02710 18.04580 18.09720 18.44690 18.43080 18.15400 18.59700 19.28660 19.30350 19.38250 19.38800 19.45470 19.54240 19.52860 19.58260 19.62140 19.61840 19.74080 18.74890 19.47090 20.47590 19.79900 19.98600 19.71490 20.10670 19.96490 19.88930 20.67060
133.48300 136.00200 137.45700 133.32001 132.46800 132.04100 131.61900 131.57800 131.58800 131.55000 131.53101 131.51199 131.52299 131.51500 131.53300 131.52699 131.51500 131.52600 131.77499 131.85800 131.88400 132.02499 131.84100 130.24899 130.17400 130.19800 130.04800 130.35100 132.14400 130.85400 22.71230 24.04020 23.23910 18.91890 19.61410 19.58500 19.53040 19.55680 19.48750 19.57150 20.15560 20.15110 20.37860 20.43530 20.25690 20.48850 20.82540 20.85230 20.32660 20.33330 19.77670 19.17810 19.36450 19.38250 18.17620 18.14700 18.22860 18.28560 18.31930 19.42870 19.68340 21.07250 20.83670 20.81000 20.37010 20.38840 20.70710 20.07260 22.11690 22.71330 23.25720
132.12399 139.97200 141.65601 133.02200 131.66901 131.57100 131.55400 131.54100 131.52200 131.51601 131.52299 131.52400 131.52299 131.52699 131.52800 131.55701 131.58000 131.58400 131.68700 131.65900 131.50301 131.50999 131.61000 131.56799 129.93300 130.15500 130.15601 130.16200 130.21800 130.28600 23.42850 22.84990 24.60990 24.82590 24.83510 21.84130 19.51260 18.80040 18.83030 18.84840 19.93770 19.85560 19.92500 19.96450 19.67880 19.73770 19.78520 19.77650 19.90010 19.89720 19.90100 19.72090 19.87500 19.85880 20.57810 20.43250 20.30370 20.26450 19.86510 19.75690 19.31050 20.10330 19.91440 19.94570 19.46000 19.56740 20.89750 22.75490 22.55000 22.59700 22.68120
132.21899 131.78700 131.57500 131.52200 131.52200 131.52200 131.51801 131.52100 131.52600 131.52499 131.52600 131.52800 131.53200 131.54201 131.55701 131.54401 131.54900 131.55000 131.67900 131.71300 131.50101 131.50000 131.50101 131.50101 131.51700 131.84300 130.13100 130.42101 130.18401 130.22701 24.85450 24.82360 24.83470 24.82130 24.82120 24.82260 24.81640 24.81670 24.81770 24.81890 24.61610 24.14600 23.97650 23.99190 21.13990 23.26370 23.91510 22.76750 20.02480 19.71550 19.55060 19.43300 19.55850 19.57720 20.06950 19.86640 19.73310 19.72050 19.51780 19.58890 23.01250 19.75970 19.73090 19.83110 19.29060 19.21960 22.29630 22.59290 22.34210 22.33000 22.44520
132.04201 131.59399 131.55499 131.55600 131.61400 132.24100 136.75600 139.36000 135.24300 132.29401 131.59200 131.54500 131.59399 131.56599 131.62000 131.61200 131.79900 131.67500 131.96400 132.15199 131.50101 131.50000 131.50000 131.50000 131.50000 23.60950 23.78040 23.95240 23.64970 24.13390 24.10110 24.51530 24.52200 24.05980 24.33990 24.01370 24.12500 24.16690 24.44400 23.72200 23.96230 23.95160 24.23320 23.67840 24.29580 24.27760 24.40210 24.58240 24.31050 24.45240 23.94670 23.13430 20.08810 19.65990 19.54450 19.58560 19.57520 19.58030 19.37730 19.40720 19.67790 19.46620 19.56090 19.55090 19.63950 19.70700 22.72780 22.72280 22.44640 22.45920 22.46790
131.90500 131.89799 132.12801 131.85100 131.62601 132.21100 135.05200 135.23801 134.96300 134.16200 133.35899 133.14400 132.80901 132.00600 131.89500 131.53799 131.71800 131.71800 132.06400 132.36099 131.59399 131.50000 23.30080 23.30820 23.30330 23.30570 23.41510 23.49980 23.55700 23.64640 23.75310 23.64500 23.76220 23.78830 23.89980 23.92320 24.06110 24.18280 24.03570 24.00000 24.37520 24.37900 24.28690 24.34370 24.62330 24.62830 24.46830 24.21300 23.86620 24.42970 23.98350 23.84370 23.80510 23.71460 19.82890 19.39910 19.33010 22.56240 19.31280 19.47820 19.59160 19.41040 19.48400 19.67010 19.70010 19.78850 20.76180 22.64400 22.31330 22.29040 22.30710
131.64000 131.73100 131.83099 131.83400 131.59900 131.56000 131.55099 131.56400 132.38000 133.05099 133.28101 132.66800 134.88200 135.41701 136.17300 133.47701 132.22501 131.50200 131.50101 132.61200 134.79800 131.77000 131.68800 131.70399 21.60000 22.60010 23.30650 23.40310 23.42670 23.57770 23.65570 24.00410 24.15730 24.31700 24.00440 24.07750 24.44630 24.40000 24.54670 24.32930 25.56410 25.28530 24.90690 24.80990 25.55060 25.57060 25.49150 25.10780 24.17980 24.00960 23.96090 23.59870 23.60450 23.67220 23.74670 19.17890 19.23650 19.29560 19.16110 19.19830 19.44870 19.62830 19.89390 19.80020 19.53850 19.44130 19.49110 20.38130 22.19050 22.15850 22.19150
131.61900 131.67300 131.55499 131.57500 131.82401 131.62100 132.36700 132.82100 132.48500 131.93201 131.77499 132.03700 132.96001 133.67101 133.95300 131.53600 131.50301 131.50101 131.50400 131.52800 131.54401 132.25301 131.50000 131.55299 131.52000 131.67999 131.50700 131.50000 23.02020 131.63100 131.63499 131.73000 131.58600 131.69000 131.55701 131.72800 24.43990 24.16970 132.62500 133.63901 25.16480 25.74270 25.13280 25.15560 25.20070 25.46080 25.61800 25.17020 24.32190 24.14390 24.09860 23.96430 23.59080 23.81230 23.82860 23.85160 19.23610 19.19760 19.09840 19.14120 19.30050 19.47160 19.54660 19.36990 19.33370 19.43140 19.41930 19.36750 19.13620 22.12080 22.14190
135.09200 136.72200 137.41200 138.14000 135.01100 148.21899 150.62000 152.94099 152.85899 150.60800 143.47200 146.87700 134.42200 131.64400 131.60400 131.57700 131.59599 131.54500 131.80901 131.52901 131.69800 131.57201 131.59000 131.82600 131.67599 131.80701 132.27100 132.31500 132.64999 133.18500 133.02299 132.24200 132.18100 132.29100 132.42000 132.75800 132.73199 133.52299 134.95399 137.14799 140.63000 142.45399 29.51040 30.79330 26.55740 26.24870 25.77370 26.12610 25.87190 25.17590 24.85590 24.79720 24.11780 23.85360 23.94100 23.95880 19.78660 19.67790 19.67290 19.66500 19.28530 19.42600 19.51990 19.57030 19.34700 19.22100 19.27560 19.27410 19.23960 19.24550 22.17440
157.36800 48.88380 41.17060 33.98690 147.18700 146.15800 32.61450 34.16840 37.83140 39.38400 148.98700 42.16400 88.27130 195.46500 159.52200 132.17599 131.57500 131.55499 133.57500 133.77299 133.48199 133.65100 132.51300 132.95799 131.66701 131.82600 131.95900 132.51900 132.45200 132.71300 132.44600 131.66701 131.56000 131.68201 131.56500 131.88400 133.08600 134.69800 136.09000 138.15700 140.99400 145.92500 30.67080 29.51850 25.66850 26.46470 27.63930 27.00690 25.91630 25.71940 25.29110 24.86540 24.30770 24.18100 23.95410 24.07380 21.72410 19.61350 19.60450 19.61480 19.23940 19.33870 19.35490 19.25840 19.12540 19.12600 19.15860 19.20010 19.17140 19.13750 22.19240
46.28490 45.16920 41.68130 40.07750 37.61620 37.77770 37.01550 27.33150 24.24570 23.19720 21.41390 20.96010 23.23230 35.24820 32.11220 146.98700 136.94400 131.55000 133.13901 133.92500 135.05400 136.22900 134.35899 132.70799 131.50200 131.50000 131.75301 131.98900 131.88800 132.18500 132.22301 131.69000 131.59200 131.50600 131.50400 131.59900 133.00600 134.37900 136.79800 139.72000 143.13000 146.71700 30.65860 30.42350 26.55860 26.59640 28.66980 29.39980 27.02980 28.78910 26.75520 25.99030 24.47850 24.20610 24.01810 23.88800 20.41220 19.61030 19.44970 19.46460 18.75500 18.84910 18.85600 18.86530 18.72030 19.13310 19.17170 19.77330 19.26240 20.36710 20.36370
31.05960 26.26050 37.69730 42.57590 40.83640 40.86940 36.24330 30.23880 24.26750 20.59820 18.91560 18.92220 39.14120 80.82420 74.11770 178.42900 177.60100 155.11099 146.22099 141.89200 136.13499 141.10300 138.40800 134.03700 132.09100 131.57899 131.54401 131.50400 131.57500 131.86000 131.67999 131.51199 131.52299 131.51601 131.51601 131.72000 133.68401 134.88699 136.93800 139.59300 144.38600 148.33900 150.81900 34.24890 25.96060 28.05730 27.92550 28.59310 28.58440 28.56660 27.52530 26.13180 24.57300 24.49500 23.97820 22.56490 19.60870 19.57390 19.43540 22.33190 20.98580 20.70830 20.53700 19.57210 18.87870 18.79570 19.15830 20.08360 20.44230 20.41480 20.36770
23.68630 21.12680 23.91530 33.35310 34.28180 33.20710 39.64130 42.80020 39.52430 29.90500 25.11160 23.56630 26.58030 54.09540 96.76270 316.08499 97.89030 94.66580 180.19200 165.94099 153.95300 161.73199 145.81500 136.14700 133.12100 132.03799 132.18500 132.54900 131.83400 132.10300 131.65800 131.52299 131.51500 131.50700 131.73300 132.41200 133.60800 135.46500 136.90601 139.12801 146.77901 32.52820 31.79940 36.08520 26.23690 26.37720 27.40260 26.05380 25.56780 25.00420 25.19360 25.11940 25.47720 25.25540 24.70290 22.19720 20.14750 19.95820 20.41680 20.84190 20.29880 21.81450 21.63710 21.75260 22.47790 22.45550 22.54880 22.31390 23.16550 21.16480 20.83530
27.75540 -9999 23.23430 33.11720 42.93250 60.09700 -9999 67.28300 53.88550 44.84040 36.52300 27.72930 39.24880 40.56670 41.97080 39.07390 29.17780 78.76380 97.96170 98.86910 374.17700 332.79001 196.56200 158.00999 144.00101 137.55400 25.84910 25.14880 25.58560 134.09100 133.15401 132.01700 131.54201 131.61501 132.03900 132.87199 134.89799 136.17300 138.12900 28.42270 29.91610 31.33110 33.71100 29.87300 25.87470 25.98290 26.04860 25.74350 25.55280 25.58900 25.68180 25.72450 26.57230 25.41620 23.58960 20.70460 20.22160 20.09270 20.06030 20.06450 19.85000 19.82690 19.85820 19.86170 19.87220 19.90870 19.91600 20.12170 20.41440 20.50480 20.70940
