data/hydroclimate-scenarios/BCSD_hadcm_A1B/monthly_summaries/soilm3_monthly_day1_sep.2030-2059.asc
ncols	311
nrows	91
xllcenter	102.75
yllcenter	31.75
cellsize	0.5
NODATA_value	-9999
[rows 0 to 31 of 91, columns 71 to 141 of 311]
-9999 -9999 -9999 -9999 -9999 -9999 -9999 -9999 -9999 -9999 -9999 -9999 -9999 -9999 -9999 -9999 -9999 -9999 -9999 -9999 -9999 -9999 -9999 -9999 -9999 -9999 -9999 -9999 -9999 -9999 -9999 -9999 -9999 -9999 -9999 -9999 -9999 -9999 -9999 -9999 -9999 -9999 -9999 -9999 -9999 -9999 -9999 -9999 -9999 -9999 -9999 -9999 -9999 -9999 -9999 -9999 -9999 -9999 -9999 -9999 -9999 -9999 -9999 -9999 -9999 -9999 -9999 -9999 -9999 -9999 -9999
-9999 -9999 -9999 -9999 -9999 -9999 -9999 -9999 -9999 -9999 -9999 -9999 -9999 -9999 -9999 -9999 -9999 -9999 -9999 -9999 -9999 -9999 -9999 -9999 -9999 -9999 -9999 -9999 -9999 -9999 -9999 -9999 -9999 -9999 -9999 -9999 -9999 -9999 -9999 -9999 -9999 -9999 -9999 -9999 -9999 -9999 -9999 -9999 -9999 -9999 -9999 -9999 -9999 -9999 -9999 -9999 -9999 -9999 -9999 -9999 -9999 -9999 -9999 -9999 -9999 -9999 -9999 -9999 -9999 -9999 -9999
-9999 -9999 -9999 -9999 -9999 -9999 -9999 -9999 -9999 -9999 -9999 -9999 -9999 -9999 -9999 -9999 -9999 -9999 -9999 -9999 -9999 -9999 -9999 -9999 -9999 -9999 -9999 -9999 -9999 -9999 -9999 -9999 -9999 -9999 -9999 -9999 -9999 -9999 -9999 -9999 -9999 -9999 -9999 -9999 -9999 -9999 -9999 -9999 -9999 -9999 -9999 -9999 -9999 -9999 -9999 -9999 -9999 -9999 -9999 -9999 -9999 -9999 -9999 -9999 -9999 -9999 -9999 -9999 -9999 -9999 -9999
-9999 -9999 -9999 -9999 -9999 -9999 -9999 -9999 -9999 -9999 -9999 -9999 -9999 -9999 -9999 -9999 -9999 -9999 -9999 -9999 -9999 -9999 -9999 -9999 -9999 -9999 -9999 -9999 -9999 -9999 -9999 -9999 -9999 -9999 -9999 -9999 -9999 -9999 -9999 -9999 -9999 -9999 -9999 -9999 -9999 -9999 -9999 -9999 -9999 -9999 -9999 -9999 -9999 -9999 -9999 -9999 -9999 -9999 -9999 -9999 -9999 -9999 -9999 -9999 -9999 -9999 -9999 -9999 -9999 -9999 -9999
-9999 -9999 -9999 -9999 -9999 -9999 -9999 -9999 -9999 -9999 -9999 -9999 -9999 -9999 -9999 -9999 -9999 -9999 -9999 -9999 -9999 -9999 -9999 -9999 -9999 -9999 -9999 -9999 -9999 -9999 -9999 -9999 -9999 -9999 -9999 -9999 -9999 -9999 -9999 -9999 -9999 -9999 -9999 -9999 -9999 -9999 -9999 -9999 -9999 -9999 -9999 -9999 -9999 -9999 -9999 -9999 -9999 -9999 -9999 -9999 -9999 -9999 -9999 -9999 -9999 -9999 -9999 -9999 -9999 -9999 -9999
-9999 -9999 -9999 -9999 -9999 -9999 -9999 -9999 -9999 -9999 -9999 -9999 -9999 -9999 -9999 -9999 -9999 -9999 -9999 -9999 -9999 -9999 -9999 -9999 -9999 -9999 -9999 -9999 -9999 -9999 -9999 -9999 -9999 -9999 -9999 -9999 -9999 -9999 -9999 -9999 -9999 -9999 -9999 -9999 -9999 -9999 -9999 -9999 -9999 -9999 -9999 -9999 -9999 -9999 -9999 -9999 -9999 -9999 -9999 -9999 -9999 -9999 -9999 -9999 -9999 -9999 -9999 -9999 -9999 -9999 -9999
-9999 -9999 -9999 -9999 -9999 -9999 -9999 -9999 -9999 -9999 -9999 -9999 -9999 -9999 -9999 -9999 -9999 -9999 -9999 -9999 -9999 -9999 -9999 -9999 -9999 -9999 -9999 -9999 -9999 -9999 -9999 -9999 -9999 -9999 -9999 -9999 -9999 -9999 -9999 -9999 -9999 -9999 -9999 -9999 -9999 -9999 -9999 -9999 -9999 -9999 -9999 -9999 -9999 -9999 -9999 -9999 -9999 -9999 -9999 -9999 -9999 -9999 -9999 -9999 -9999 -9999 -9999 -9999 -9999 -9999 -9999
-9999 -9999 -9999 -9999 -9999 -9999 -9999 -9999 -9999 -9999 -9999 -9999 -9999 -9999 -9999 -9999 -9999 -9999 -9999 -9999 -9999 -9999 -9999 -9999 -9999 -9999 -9999 -9999 -9999 -9999 -9999 -9999 -9999 -9999 -9999 -9999 -9999 -9999 -9999 -9999 -9999 -9999 -9999 -9999 -9999 -9999 -9999 -9999 -9999 -9999 -9999 -9999 -9999 -9999 -9999 -9999 -9999 -9999 -9999 -9999 -9999 -9999 -9999 -9999 -9999 -9999 -9999 -9999 -9999 -9999 -9999
-9999 -9999 -9999 -9999 -9999 -9999 22.31470 -9999 -9999 -9999 -9999 -9999 -9999 -9999 -9999 -9999 -9999 -9999 -9999 -9999 -9999 -9999 -9999 -9999 -9999 -9999 -9999 -9999 -9999 -9999 -9999 -9999 -9999 -9999 -9999 -9999 -9999 -9999 -9999 -9999 -9999 -9999 -9999 -9999 -9999 -9999 -9999 -9999 -9999 -9999 -9999 -9999 -9999 -9999 -9999 -9999 -9999 -9999 -9999 -9999 -9999 -9999 -9999 -9999 -9999 -9999 -9999 -9999 -9999 -9999 -9999
-9999 -9999 22.68510 22.30340 22.30360 22.30680 22.31390 22.32540 22.01200 21.92010 21.71910 21.62060 21.66020 21.87010 21.27400 20.85570 21.26870 21.10440 21.01910 21.22700 21.88730 22.61330 -9999 -9999 -9999 -9999 -9999 -9999 -9999 -9999 -9999 -9999 -9999 -9999 -9999 -9999 -9999 -9999 -9999 -9999 -9999 -9999 -9999 -9999 -9999 -9999 -9999 -9999 -9999 -9999 -9999 -9999 -9999 -9999 -9999 -9999 -9999 -9999 -9999 -9999 -9999 -9999 -9999 -9999 -9999 -9999 -9999 -9999 -9999 -9999 -9999
-9999 -9999 -9999 -9999 20.80520 20.60780 20.30940 20.31180 20.31600 20.32210 20.32850 20.33790 20.35630 20.36210 20.37630 20.38560 20.38100 20.39190 20.39990 20.41020 20.43520 20.72500 -9999 -9999 -9999 -9999 -9999 -9999 -9999 -9999 -9999 -9999 -9999 -9999 -9999 -9999 -9999 -9999 -9999 -9999 -9999 -9999 -9999 -9999 -9999 -9999 -9999 -9999 -9999 -9999 -9999 -9999 -9999 -9999 -9999 -9999 -9999 -9999 -9999 -9999 -9999 -9999 -9999 -9999 -9999 -9999 -9999 -9999 -9999 -9999 -9999
21.90150 22.30210 21.80130 21.90170 20.90370 21.40630 23.40780 21.51030 21.31160 21.31550 20.42080 20.32590 20.33850 20.34710 20.36690 20.37470 20.37070 20.38100 20.58350 21.07840 21.11650 20.48250 18.50180 18.30100 18.23860 18.24990 18.22420 18.30930 -9999 -9999 -9999 -9999 -9999 -9999 -9999 -9999 -9999 -9999 -9999 -9999 -9999 -9999 -9999 -9999 -9999 -9999 -9999 -9999 -9999 -9999 -9999 -9999 -9999 -9999 -9999 -9999 -9999 -9999 -9999 -9999 -9999 -9999 -9999 -9999 -9999 -9999 -9999 -9999 -9999 -9999 -9999
23.00180 22.90240 21.70220 22.90290 23.20540 22.40790 22.60710 23.40950 23.41000 23.51220 21.41620 21.42030 21.32980 21.13710 20.34760 20.35820 21.36210 23.15410 22.63150 18.39930 18.32850 19.12550 19.01870 18.30200 18.23140 18.22580 18.22550 18.23610 18.27420 18.25870 18.24400 18.24060 18.59770 18.57000 18.47040 18.42350 18.33950 18.33010 18.30720 18.29480 18.32250 18.32550 18.31800 -9999 -9999 -9999 -9999 -9999 -9999 -9999 -9999 -9999 -9999 -9999 -9999 -9999 -9999 -9999 -9999 -9999 -9999 -9999 -9999 -9999 -9999 -9999 -9999 -9999 -9999 -9999 -9999
22.38240 22.28380 22.32900 22.80230 22.70860 22.80580 22.70660 22.70900 22.71000 23.00870 22.71040 22.91700 23.01660 23.32540 22.53640 22.34260 23.35730 23.55030 23.03770 20.26210 19.71930 20.24010 20.80350 21.76140 21.22180 20.71770 21.01690 21.11490 19.66890 18.47420 18.25060 18.24780 19.32500 18.95900 18.42210 18.39530 18.39080 18.35010 18.31890 18.30540 18.36030 18.36790 18.33670 21.76560 -9999 -9999 -9999 -9999 -9999 -9999 -9999 -9999 -9999 -9999 -9999 -9999 -9999 -9999 -9999 -9999 -9999 -9999 -9999 -9999 -9999 -9999 -9999 -9999 -9999 -9999 -9999
22.80640 22.73180 22.70750 22.89740 22.82390 21.82300 22.01070 22.90090 21.74350 21.14030 20.59020 21.37510 21.74580 21.74120 21.03720 20.54200 20.63660 19.93830 20.84130 21.38070 19.63350 20.52890 20.52570 20.42180 19.62630 19.83550 20.11670 20.81050 19.61250 19.61320 19.60880 19.60690 19.64070 19.64000 19.64110 19.64760 19.94050 19.89220 19.39370 18.48160 18.47280 18.48480 18.49700 18.43780 -9999 -9999 -9999 -9999 -9999 -9999 -9999 -9999 -9999 -9999 -9999 -9999 -9999 -9999 -9999 21.28140 21.41590 -9999 -9999 -9999 -9999 18.81930 19.80050 20.96500 21.88500 22.41330 21.93630
22.70840 22.71460 22.80750 22.79380 22.81160 21.20850 19.63280 20.89550 19.73430 21.93540 22.02850 20.04100 19.63620 19.65310 19.64670 19.63600 20.28690 20.55850 21.30840 20.33270 21.41220 20.81410 19.61690 19.60890 19.61200 20.30900 23.40520 23.20550 20.00880 19.60890 19.60780 19.60660 20.73490 22.42450 23.12240 20.34530 19.92020 20.37510 22.74560 22.95760 22.06900 22.37480 21.54600 20.51640 19.51990 19.70130 21.64430 20.43370 21.15090 22.12410 22.62140 21.94190 21.94830 23.14040 23.16780 22.43370 22.33310 22.33240 22.25940 21.88100 22.52530 -9999 -9999 -9999 -9999 -9999 18.69670 19.07050 20.79730 21.56560 22.16640
22.96040 22.28510 22.83330 22.96600 22.33750 22.73100 22.44040 21.51760 19.61000 19.60890 19.60980 19.61390 19.61380 19.61550 20.21730 20.90090 20.52590 20.43240 19.62930 21.02170 20.90660 20.10750 19.60660 19.60600 19.60990 19.60970 19.60920 19.60970 19.60950 19.60960 19.60870 19.60750 20.64820 20.14700 19.64950 19.65020 20.09490 20.38110 22.20510 22.56180 20.68430 22.23970 20.24860 20.63820 20.12210 20.07560 20.05520 20.01440 19.89170 20.01310 20.39010 20.68140 21.34390 22.22540 23.32210 23.20230 23.39870 23.54060 23.22090 22.46700 22.48110 22.53960 22.68650 21.23590 20.76240 18.75330 18.77390 18.88800 20.46270 20.72390 21.89670
23.06710 24.67430 22.73270 23.08770 23.19680 21.33790 21.09710 21.50840 21.60390 21.30320 20.20400 20.20660 20.20930 20.99530 20.21670 19.63080 20.12790 20.02580 20.12440 22.42930 21.80600 21.20520 20.00570 19.60530 19.60910 19.60820 19.60790 19.60790 19.60900 19.60920 19.60930 19.70900 20.05480 20.24640 20.34420 20.34380 22.60400 21.73970 22.52410 23.13760 21.76630 20.53020 23.00900 23.12500 21.75550 20.33350 20.38210 20.02240 19.83510 20.43510 22.56360 22.96620 22.91080 22.14040 22.87070 22.29360 22.77480 23.34350 23.60580 23.74730 23.42350 23.42760 22.84170 22.49510 22.71450 22.56830 20.94290 20.85350 21.02950 22.10360 23.08140
23.41440 24.16940 23.12510 22.32900 22.80420 22.10080 22.70070 22.81450 22.50720 20.70190 21.10220 21.50400 20.63800 20.45280 20.76320 21.18130 19.61110 19.60920 19.82330 21.76080 21.11730 20.90810 21.00880 20.00570 19.60720 19.60700 19.60690 19.60750 19.65650 19.65460 20.54840 21.65500 20.54790 21.83990 19.85180 19.94980 20.63990 20.74370 22.65260 22.95670 22.25220 20.75850 21.09320 22.59700 22.98030 22.84250 22.82430 21.03210 19.63860 21.33940 21.74990 22.75450 22.35290 22.14730 22.55610 22.54560 22.49220 23.63300 23.72860 23.90930 24.34220 25.09190 26.52630 24.37750 23.83720 23.16740 22.90000 22.68660 23.02640 23.50980 23.83640
23.06650 23.57090 23.27670 23.15430 22.33100 22.80040 22.90020 22.90120 22.90480 22.90100 22.95700 22.95530 22.85300 22.89680 22.79520 22.83300 22.40190 19.80490 19.61770 19.63270 19.61540 19.70660 19.80940 19.60780 19.60660 19.60660 19.60650 19.60490 20.34660 20.93300 20.34560 21.64700 22.74100 22.83440 21.43320 22.52790 22.32820 22.13390 20.45800 21.78550 22.96680 22.95510 21.28230 21.67870 22.97410 22.97530 22.84140 22.83720 21.73480 20.25350 19.68480 21.17320 22.12760 21.03790 20.96740 22.19500 21.90330 23.62180 23.73400 23.52410 23.61760 23.69370 23.73150 25.10190 25.70300 24.13660 25.61120 23.30630 23.19190 23.38660 23.91940
22.73250 22.67090 23.01120 23.45910 23.82210 22.33030 22.28380 22.28370 22.70380 22.90020 22.90210 22.98480 23.79440 25.02590 23.25080 22.94430 22.72820 22.70650 22.60160 21.30250 21.00220 20.30260 20.50260 20.90220 20.20430 20.60500 20.30560 20.70430 20.74120 22.43840 22.43780 22.93730 22.85130 22.75100 22.74140 22.85180 22.76390 22.79230 22.85770 22.76040 22.96210 22.97410 22.95720 22.94690 22.85700 22.84840 22.84960 22.75540 22.73980 22.54340 22.33660 22.94560 23.59640 23.50580 23.52990 23.93140 23.76630 24.10230 23.75230 25.02050 24.46810 24.12110 22.96540 23.92870 23.79700 23.91350 23.05260 23.21670 23.11110 23.81120 22.86240
23.04370 23.04270 23.34740 23.99560 23.45400 22.95950 22.45090 22.63090 22.72730 22.80100 22.90020 22.70090 22.71450 22.91740 23.54340 23.67010 23.31200 23.10770 22.67050 22.33050 22.80200 22.80190 22.10170 20.70260 19.90580 20.20670 20.30610 20.20710 22.93860 22.94310 22.94370 22.97430 22.79320 22.97220 22.78610 22.88410 22.86530 22.87640 22.34940 22.78220 22.88600 22.87380 22.95060 22.79840 22.78060 22.80720 22.79800 22.89050 22.77580 22.76920 22.93550 22.83480 24.47240 23.33400 24.56330 24.59060 23.68890 23.93400 23.97260 24.72060 24.10710 24.34300 24.15440 23.74420 23.89620 22.86330 23.58230 23.25730 22.59080 22.98720 21.80350
22.85270 23.17200 23.73190 23.30590 23.76190 24.12850 23.42770 22.53120 22.82020 22.73410 22.80290 22.90400 22.70710 22.28420 22.70400 22.28490 22.35090 23.03810 23.11050 22.82000 22.37010 22.85310 22.74260 22.63030 19.63650 19.64210 20.03610 20.43820 20.76530 22.54950 22.94730 22.94800 22.98520 22.47430 22.49010 22.94190 22.94560 22.86720 22.81500 22.80250 22.86300 22.95150 22.95830 22.79060 22.94080 23.13960 23.04090 23.01810 22.96800 23.02250 23.16200 23.03490 23.15440 23.69870 22.63320 23.11050 22.88640 23.18940 22.94870 22.98980 24.14450 24.22870 24.13070 22.90400 23.47910 22.04880 21.92350 21.32830 21.56190 21.78290 21.53340
22.82400 22.83900 22.74290 22.91080 23.06450 23.41530 23.22210 23.34360 23.14630 22.95230 22.91690 22.88140 22.90720 22.85710 23.28960 23.55320 23.98100 22.32930 22.83740 23.44860 23.63470 23.36690 23.18440 22.83470 21.33050 20.93150 20.13570 20.73950 21.54990 20.85300 20.87460 20.68840 20.18220 21.46620 22.73510 22.93690 22.94970 22.95080 22.88410 22.90300 22.99530 22.96760 22.90220 22.34200 22.29780 22.85270 22.97650 23.03280 23.13170 23.13020 23.23530 22.95200 23.18230 23.04060 23.52910 24.17940 23.08960 23.28060 22.86870 22.89990 23.96610 24.26290 24.22410 24.06500 22.24730 21.89830 21.85290 21.55160 22.25920 22.89390 22.01750
22.84460 22.83680 22.73700 22.71230 22.73190 22.81840 22.91520 22.91850 22.90580 22.90980 22.90970 22.80940 22.33230 22.71060 23.02450 23.05860 23.23090 23.26430 22.53600 22.84320 22.92880 22.94760 22.92800 22.89570 22.74200 22.72970 21.13250 22.92690 22.93670 22.93610 22.94000 22.93880 21.74190 21.24840 22.54120 22.83900 22.76500 22.76860 22.86150 22.99510 22.94820 22.78750 23.11730 22.42430 22.78150 22.88210 23.00140 23.05390 23.11830 23.23460 23.34790 23.09760 23.19820 23.55300 23.29180 23.29880 22.93640 22.91750 23.14520 23.10670 24.30540 24.10740 24.02040 22.99520 23.81220 24.33650 23.19640 22.31500 22.49660 23.35160 23.78020
22.95800 22.97530 22.91560 22.84950 22.85310 22.71250 22.90430 22.90220 22.90130 23.00100 23.21910 23.12780 22.86270 22.70970 22.90770 22.94180 22.94570 22.89270 23.44390 23.24010 22.97800 22.86080 22.84750 22.77160 22.80010 22.95330 22.83100 22.82870 22.93250 22.94200 22.93500 23.13720 23.32860 23.23570 22.84530 22.95250 22.96030 22.83410 22.79420 23.04940 22.63460 23.05550 23.03880 23.45160 23.10820 22.86890 22.34770 22.41740 22.41010 22.41510 23.15570 23.02910 22.97760 22.88840 22.87620 23.10760 23.17900 23.11440 23.29220 23.51880 24.73470 24.50250 24.21480 20.95850 19.45240 19.25940 19.25630 19.41100 22.78800 23.25230 23.28900
23.20260 23.51780 23.79430 23.38160 22.92580 22.84740 22.81030 22.90330 22.91180 23.02520 23.21870 23.54410 23.74980 23.21380 22.93600 22.94150 23.01740 23.09850 24.05910 24.18170 23.12370 23.00980 23.14090 22.79830 22.87760 22.95370 22.86760 22.85190 22.92750 22.93100 23.32600 22.92870 22.98450 23.13200 23.00510 22.92540 23.05260 23.17010 22.39890 23.02270 23.45260 23.96310 23.17550 22.65570 22.59540 22.51100 21.40350 22.49440 21.83370 19.07970 22.69050 23.44040 23.30360 21.69320 21.05370 22.17510 23.00730 20.90700 18.31030 18.27980 18.28620 19.20010 18.91800 18.32180 18.80700 22.42100 19.05320 22.23880 22.56220 22.75350 22.80190
22.89540 23.34450 24.60310 23.91400 23.75590 22.88480 22.29560 22.80380 22.92520 22.91240 22.90710 23.01440 22.94400 23.34100 22.96730 22.99110 23.13760 23.03590 23.16400 23.10200 24.14760 23.04530 23.01370 22.79830 22.80960 22.88690 23.31530 22.89490 22.93700 23.22940 23.24490 23.03990 23.00600 23.04980 23.08340 22.88670 23.07970 23.04880 23.44270 22.83270 22.95050 23.49940 22.86020 23.85890 22.19240 20.58670 18.62030 18.80000 19.05920 19.01720 19.00880 20.41310 21.21430 20.79080 21.63180 20.51660 18.52370 18.36990 18.30620 18.29440 18.30270 18.32680 19.59150 21.67030 22.28880 22.63530 22.74400 22.73250 22.72820 22.54500 22.63770
23.35860 23.49540 24.65130 23.86890 23.52000 24.46460 23.33530 22.38260 22.51380 23.03680 22.75070 22.80620 22.85800 22.92590 23.54910 23.28340 23.14610 22.90550 23.19630 23.12410 23.01680 23.09480 23.09420 22.84950 22.88210 22.85220 22.96300 22.85710 22.73160 22.93970 22.84280 23.14340 23.04820 23.06060 23.11040 22.55860 23.01020 23.14710 24.11970 24.81510 24.19860 22.71930 23.16630 22.13400 19.04300 18.84630 20.24530 21.44040 21.68510 19.61050 18.55300 18.50080 22.36290 19.88700 18.81380 18.94520 18.39480 18.32720 18.34640 18.31230 19.04970 21.03390 22.35720 22.52730 23.69120 23.48570 23.70990 23.76800 23.05070 22.85040 22.90480
22.97120 23.38870 24.36390 23.78810 24.84240 24.32470 25.38910 23.73340 24.63200 25.04710 25.35680 23.80780 23.11950 23.35260 23.64970 23.36200 23.57140 23.39620 23.03600 23.12260 22.78940 23.18600 23.80300 23.07500 22.90250 22.35570 23.07130 22.97970 22.75530 22.87030 22.95710 22.74990 23.09420 23.11940 23.58370 23.00170 22.74680 22.97490 24.43860 24.52020 24.08400 21.78650 19.52040 18.78230 18.43180 20.79920 22.41180 22.43570 23.17050 23.00800 -9999 -9999 22.39700 20.96260 18.50820 18.80240 18.44920 18.54330 22.13350 22.35580 22.36010 22.43170 22.81590 22.94590 24.02330 24.87340 25.21540 26.23140 24.28750 24.00230 23.70850
23.38080 23.22000 23.41130 23.60100 25.05560 23.86620 24.64780 23.74890 24.49370 24.18160 23.88170 23.68720 23.52300 23.99580 23.52140 23.21410 24.44250 23.70560 23.16390 23.68970 22.69940 23.30900 23.42950 23.57470 24.05250 23.43590 23.51320 23.18070 22.34680 22.91930 22.97280 22.79900 22.81770 22.96180 23.43670 22.93150 23.14800 23.11120 22.97380 -9999 -9999 -9999 -9999 22.97530 -9999 22.56850 23.75840 23.30760 23.09740 22.85910 -9999 -9999 22.10140 18.66180 18.58950 20.53070 22.11610 22.19050 22.23320 22.41320 22.41540 22.47180 22.54420 22.56550 23.04240 26.98950 27.24520 26.67150 24.45380 23.43920 23.18690
23.11170 23.23980 23.32810 23.50930 24.04210 23.44420 24.23950 23.77140 22.86940 22.82800 22.77490 22.98510 23.17180 23.16540 23.07540 22.61940 24.00570 24.09020 24.18960 23.71740 24.14530 23.39560 23.72440 23.64950 22.97120 23.12020 22.73280 23.47800 23.21090 22.90700 22.80330 22.71430 23.31760 23.10030 23.72930 22.77540 22.87700 -9999 -9999 -9999 -9999 -9999 -9999 -9999 23.10530 23.10580 23.13900 -9999 -9999 -9999 -9999 -9999 18.81490 19.52770 22.61040 22.42720 21.91320 21.79480 22.34040 22.44400 22.35170 22.35760 22.40460 22.37010 22.78760 22.72830 23.47410 25.19380 23.90850 22.69560 -9999
