data/hydroclimate-scenarios/BCSD_hadcm_A1B/monthly_summaries/soilm1_monthly_day1_aug.2070-2099.asc
ncols	311
nrows	91
xllcenter	102.75
yllcenter	31.75
cellsize	0.5
NODATA_value	-9999
[rows 0 to 31 of 91, columns 0 to 70 of 311]
-9999 -9999 -9999 -9999 -9999 -9999 -9999 -9999 -9999 -9999 -9999 -9999 -9999 -9999 -9999 -9999 -9999 -9999 -9999 -9999 -9999 -9999 -9999 -9999 -9999 -9999 -9999 -9999 -9999 -9999 -9999 -9999 -9999 -9999 -9999 -9999 -9999 -9999 -9999 -9999 -9999 -9999 -9999 -9999 -9999 -9999 -9999 -9999 -9999 -9999 -9999 -9999 -9999 -9999 -9999 -9999 -9999 -9999 -9999 -9999 -9999 -9999 -9999 -9999 -9999 -9999 -9999 -9999 -9999 -9999 -9999
-9999 -9999 -9999 -9999 -9999 -9999 -9999 -9999 -9999 -9999 -9999 -9999 -9999 -9999 -9999 -9999 -9999 -9999 -9999 -9999 -9999 -9999 -9999 -9999 -9999 -9999 -9999 -9999 -9999 -9999 -9999 -9999 -9999 -9999 -9999 -9999 -9999 -9999 -9999 -9999 -9999 -9999 -9999 -9999 -9999 -9999 -9999 -9999 -9999 -9999 -9999 -9999 -9999 -9999 -9999 -9999 -9999 -9999 -9999 -9999 -9999 -9999 -9999 -9999 -9999 -9999 -9999 -9999 -9999 -9999 -9999
-9999 -9999 -9999 -9999 -9999 -9999 -9999 -9999 -9999 -9999 -9999 -9999 -9999 -9999 -9999 -9999 -9999 -9999 -9999 -9999 -9999 -9999 -9999 -9999 -9999 -9999 -9999 -9999 -9999 -9999 -9999 -9999 -9999 -9999 -9999 -9999 -9999 -9999 -9999 -9999 -9999 -9999 -9999 -9999 -9999 -9999 -9999 -9999 -9999 -9999 -9999 -9999 -9999 -9999 -9999 -9999 -9999 -9999 -9999 -9999 -9999 -9999 -9999 -9999 -9999 -9999 -9999 -9999 -9999 -9999 -9999
-9999 -9999 -9999 -9999 -9999 -9999 -9999 -9999 -9999 -9999 -9999 -9999 -9999 -9999 -9999 -9999 -9999 -9999 -9999 -9999 -9999 -9999 -9999 -9999 -9999 -9999 -9999 -9999 -9999 -9999 -9999 -9999 -9999 -9999 -9999 -9999 -9999 -9999 -9999 -9999 -9999 -9999 -9999 -9999 -9999 -9999 -9999 -9999 -9999 -9999 -9999 -9999 -9999 -9999 -9999 -9999 -9999 -9999 -9999 -9999 -9999 -9999 -9999 -9999 -9999 -9999 -9999 -9999 -9999 -9999 -9999
-9999 -9999 -9999 -9999 -9999 -9999 -9999 -9999 -9999 -9999 -9999 -9999 -9999 -9999 -9999 -9999 -9999 -9999 -9999 -9999 -9999 -9999 -9999 -9999 -9999 -9999 -9999 -9999 -9999 -9999 -9999 -9999 -9999 -9999 -9999 -9999 -9999 -9999 -9999 -9999 -9999 -9999 -9999 -9999 -9999 -9999 -9999 -9999 -9999 -9999 -9999 -9999 -9999 -9999 -9999 -9999 -9999 -9999 -9999 -9999 -9999 -9999 -9999 -9999 -9999 -9999 -9999 -9999 -9999 -9999 -9999
-9999 -9999 -9999 -9999 -9999 -9999 -9999 -9999 -9999 -9999 -9999 -9999 -9999 -9999 -9999 -9999 -9999 -9999 -9999 -9999 -9999 -9999 -9999 -9999 -9999 -9999 -9999 -9999 -9999 -9999 -9999 -9999 -9999 -9999 -9999 -9999 -9999 -9999 -9999 -9999 -9999 -9999 -9999 -9999 -9999 -9999 -9999 -9999 -9999 -9999 -9999 -9999 -9999 -9999 -9999 -9999 -9999 -9999 -9999 -9999 -9999 -9999 -9999 -9999 -9999 -9999 -9999 -9999 -9999 -9999 -9999
-9999 -9999 -9999 -9999 -9999 -9999 -9999 -9999 -9999 -9999 -9999 -9999 -9999 -9999 -9999 -9999 -9999 -9999 -9999 -9999 -9999 -9999 -9999 -9999 -9999 -9999 -9999 -9999 -9999 -9999 -9999 -9999 -9999 -9999 -9999 -9999 -9999 -9999 -9999 -9999 -9999 -9999 -9999 -9999 -9999 -9999 -9999 -9999 -9999 -9999 -9999 -9999 -9999 -9999 -9999 -9999 -9999 -9999 -9999 -9999 -9999 -9999 -9999 -9999 -9999 -9999 -9999 -9999 -9999 -9999 -9999
-9999 -9999 -9999 -9999 -9999 -9999 -9999 -9999 -9999 -9999 -9999 -9999 -9999 -9999 -9999 -9999 -9999 -9999 -9999 -9999 -9999 -9999 -9999 -9999 -9999 -9999 -9999 -9999 -9999 -9999 -9999 -9999 -9999 -9999 -9999 -9999 -9999 -9999 -9999 -9999 -9999 -9999 50.13350 49.96670 49.82630 48.34960 48.24110 49.48630 49.06670 50.35650 50.38300 51.15200 -9999 -9999 -9999 -9999 -9999 -9999 -9999 -9999 -9999 -9999 -9999 -9999 -9999 -9999 -9999 -9999 -9999 -9999 -9999
-9999 -9999 -9999 -9999 -9999 -9999 -9999 -9999 -9999 -9999 -9999 -9999 -9999 -9999 -9999 -9999 -9999 -9999 -9999 -9999 -9999 -9999 -9999 -9999 -9999 -9999 -9999 -9999 -9999 -9999 -9999 -9999 -9999 -9999 -9999 -9999 -9999 -9999 51.97970 54.70160 54.80170 52.35180 52.35070 50.41120 50.39370 48.98300 48.64170 48.77290 48.55930 49.35490 49.12560 69.11550 68.15490 61.66450 -9999 -9999 -9999 -9999 -9999 -9999 -9999 -9999 -9999 -9999 -9999 -9999 -9999 -9999 -9999 -9999 -9999
-9999 -9999 -9999 -9999 -9999 -9999 -9999 -9999 -9999 -9999 -9999 -9999 -9999 -9999 -9999 -9999 -9999 -9999 -9999 -9999 -9999 -9999 -9999 -9999 -9999 -9999 -9999 -9999 -9999 -9999 -9999 -9999 -9999 -9999 -9999 -9999 -9999 -9999 -9999 -9999 54.42740 51.61230 52.68350 51.16210 50.22640 49.50490 49.30680 48.61540 48.87290 50.30740 49.91040 48.72110 48.37190 48.47830 -9999 -9999 -9999 -9999 -9999 -9999 -9999 -9999 -9999 -9999 -9999 -9999 -9999 -9999 -9999 -9999 -9999
-9999 -9999 -9999 -9999 -9999 -9999 -9999 -9999 -9999 -9999 -9999 -9999 -9999 -9999 -9999 -9999 -9999 -9999 -9999 -9999 -9999 -9999 -9999 -9999 -9999 -9999 -9999 -9999 -9999 -9999 -9999 -9999 -9999 -9999 -9999 -9999 -9999 -9999 -9999 -9999 -9999 -9999 -9999 -9999 55.17850 50.59160 51.08490 53.07880 40.67040 50.43330 50.28810 51.24030 37.89850 50.46670 -9999 -9999 -9999 -9999 -9999 -9999 48.90830 -9999 -9999 -9999 -9999 -9999 -9999 -9999 -9999 -9999 -9999
-9999 -9999 -9999 -9999 -9999 -9999 -9999 -9999 -9999 -9999 -9999 -9999 -9999 -9999 -9999 -9999 -9999 -9999 -9999 -9999 -9999 -9999 -9999 -9999 -9999 -9999 -9999 -9999 -9999 -9999 -9999 -9999 -9999 -9999 -9999 -9999 -9999 -9999 -9999 -9999 -9999 52.02750 51.91310 56.64460 56.56780 50.66300 51.29430 53.64460 52.98480 50.86300 50.43830 51.63200 38.28820 50.16990 -9999 -9999 -9999 -9999 -9999 49.07610 48.81460 46.29430 46.47310 48.15860 47.57590 46.96860 47.09260 50.87970 50.97200 52.24800 52.69280
-9999 -9999 -9999 -9999 -9999 -9999 -9999 -9999 -9999 -9999 -9999 -9999 -9999 -9999 -9999 -9999 -9999 -9999 -9999 -9999 -9999 -9999 -9999 -9999 -9999 -9999 -9999 -9999 -9999 -9999 -9999 -9999 -9999 -9999 -9999 -9999 -9999 -9999 -9999 -9999 -9999 53.61500 54.29740 49.83950 49.01690 50.97490 71.03360 70.71320 52.11490 52.69430 52.82370 52.66110 40.56270 41.71300 51.34340 42.41290 52.69120 -9999 50.95510 48.43460 48.17820 48.10070 48.38280 47.75660 47.76840 45.97120 45.84270 51.82450 51.68450 51.84930 51.83010
-9999 -9999 -9999 -9999 -9999 -9999 -9999 -9999 -9999 -9999 -9999 -9999 -9999 -9999 -9999 -9999 -9999 -9999 -9999 -9999 -9999 -9999 -9999 -9999 -9999 -9999 -9999 -9999 -9999 -9999 -9999 -9999 -9999 -9999 -9999 49.98830 50.04160 52.70150 52.62850 51.42960 51.18630 52.38200 52.52090 48.61170 68.99590 70.82380 50.77350 51.45400 51.74020 52.97980 53.65320 53.41380 54.58780 53.94810 43.29420 45.89400 54.48240 53.44380 51.91030 48.73690 48.46830 48.83120 48.70040 49.45730 49.16970 46.31120 46.42040 52.48560 51.97050 40.51640 40.65980
-9999 -9999 -9999 -9999 -9999 -9999 -9999 -9999 -9999 -9999 -9999 -9999 -9999 -9999 -9999 -9999 -9999 -9999 -9999 -9999 -9999 -9999 -9999 -9999 -9999 -9999 -9999 -9999 -9999 -9999 -9999 -9999 -9999 -9999 49.19350 51.01080 50.44520 50.16210 49.94810 48.05460 47.96620 48.90690 48.89640 73.75060 54.53970 53.76780 54.00760 52.60830 53.38960 57.75810 58.56490 56.29770 58.10250 49.52830 48.11760 52.52690 50.98730 52.65170 50.78800 50.52510 51.00060 49.36330 49.83600 52.94140 51.32570 52.02890 52.11460 50.21380 51.95880 51.34260 52.71090
-9999 -9999 -9999 -9999 -9999 -9999 -9999 -9999 -9999 -9999 -9999 -9999 -9999 -9999 -9999 -9999 -9999 -9999 -9999 -9999 -9999 -9999 -9999 -9999 -9999 -9999 -9999 -9999 -9999 -9999 -9999 -9999 -9999 49.02360 49.11960 50.17170 50.20530 50.20240 49.99800 48.24450 48.66680 49.65250 69.75620 74.08570 54.53550 54.20730 54.85130 53.49680 56.22370 60.13940 61.28670 59.81110 59.62570 50.06520 46.02260 52.11680 51.64930 52.89640 51.19690 51.42860 52.27380 49.22380 48.59750 50.42970 50.80040 52.39820 53.23090 51.06440 51.76560 51.31840 52.07730
-9999 -9999 -9999 -9999 -9999 -9999 -9999 -9999 -9999 -9999 -9999 -9999 -9999 -9999 -9999 -9999 -9999 -9999 -9999 -9999 -9999 -9999 -9999 -9999 -9999 -9999 -9999 -9999 -9999 -9999 -9999 48.54680 49.14960 48.05070 48.27570 51.06320 51.20130 51.99660 52.14880 49.10370 49.92160 51.75920 72.60150 52.42650 52.64790 56.07800 56.22130 51.91470 53.49860 55.17170 47.44230 50.56850 48.11170 47.11570 54.58430 52.88160 51.06200 52.87980 53.40810 51.93560 50.57370 50.22040 50.50230 49.14900 49.66440 52.88430 53.01670 50.58280 51.12230 54.18740 55.59590
-9999 -9999 -9999 -9999 -9999 -9999 -9999 -9999 -9999 -9999 -9999 -9999 -9999 -9999 -9999 -9999 -9999 -9999 -9999 -9999 -9999 -9999 -9999 -9999 -9999 -9999 -9999 -9999 -9999 49.95810 49.74670 49.81900 50.15550 48.23210 48.16570 50.97770 51.14390 52.94190 52.95210 50.15170 68.67410 71.57660 54.29070 53.14330 53.51430 57.30500 57.57900 53.49910 56.40530 57.55200 48.68410 54.16590 47.79740 46.64560 56.34860 54.78620 51.94980 54.37840 53.06570 50.93230 50.67780 50.73200 50.55750 50.77700 50.48780 53.08190 54.23010 53.01650 53.61210 54.18060 53.61850
-9999 -9999 -9999 -9999 -9999 -9999 -9999 -9999 -9999 -9999 -9999 -9999 -9999 -9999 -9999 -9999 -9999 -9999 -9999 -9999 -9999 -9999 -9999 -9999 53.08170 53.99870 53.36180 52.84480 52.87570 52.06320 52.43380 51.48840 51.46100 52.07000 52.05430 55.52970 56.34600 59.37070 62.17110 58.22330 58.90180 71.32250 54.07820 52.95690 53.09190 53.48670 52.96210 58.32420 60.61910 59.39220 58.81510 60.93710 53.10030 52.69170 50.83870 53.29150 51.78090 52.51920 52.49170 49.48200 48.41320 48.10920 48.15620 49.19560 49.23230 51.42860 51.23580 52.93530 52.91070 51.28460 54.44860
-9999 -9999 -9999 -9999 -9999 -9999 48.90450 48.11480 48.30420 46.03110 45.73090 -9999 -9999 -9999 -9999 -9999 -9999 -9999 -9999 -9999 -9999 53.89830 54.76620 54.41620 54.00630 54.69700 53.96380 54.02510 53.98260 52.89080 52.58840 51.87910 52.24600 52.32490 52.41010 55.86480 56.28870 59.27760 60.10060 55.98160 56.48730 57.20060 71.54230 53.37290 53.22410 53.48810 53.51960 57.82680 60.67700 59.19800 60.16860 53.93520 52.74720 54.82040 51.21250 53.57140 53.13020 54.16880 52.77830 49.27580 48.77610 48.70830 49.19980 50.61520 51.13290 51.23170 50.85320 53.23770 53.70890 51.34240 51.86440
-9999 -9999 -9999 -9999 -9999 50.14930 50.06880 51.43970 50.81670 49.47170 48.99970 50.43020 50.25120 51.14200 -9999 -9999 -9999 51.51380 51.89620 51.04010 51.17970 53.86410 53.79580 53.58830 71.26280 73.55900 73.15600 74.66260 74.86450 72.88030 72.67770 70.88280 71.01950 72.82270 72.24850 72.70190 73.87700 74.11670 73.56170 73.16890 73.43320 72.95620 72.60810 71.79860 72.55480 73.88720 74.52540 72.19480 57.37200 56.02990 56.94560 52.08860 59.83510 53.33880 52.17190 55.08910 54.93470 54.51370 52.11080 49.26800 48.79460 50.32680 38.35060 51.33200 52.24900 54.00320 53.82120 54.92530 54.45850 53.77070 53.75330
-9999 48.93170 49.87960 47.99600 48.07240 50.17520 50.14040 50.87120 51.07670 49.20680 49.59280 50.45740 50.87790 50.93610 51.06550 53.62670 53.14870 51.13650 52.05230 50.33280 50.43170 52.58040 52.78150 71.41680 71.53940 74.15390 73.63390 75.40750 75.49010 73.31490 73.04280 71.14050 70.70130 73.53490 74.18090 74.09870 74.67630 74.31640 73.68810 73.88050 74.22460 73.01870 75.06430 72.04640 73.46750 74.77570 75.09810 72.43360 57.21280 56.43420 58.10510 62.68910 61.53860 47.35600 55.69400 58.08940 55.94030 54.84970 54.98350 50.88790 49.83180 51.49100 52.30980 53.68930 55.30390 54.93540 54.36980 56.59810 55.15140 55.72790 57.70210
-9999 50.31200 50.03980 54.21900 53.78340 56.16880 55.59620 56.63140 56.54800 52.57960 53.01930 53.40970 53.85030 56.76590 57.34630 52.64110 54.05600 51.17520 51.33990 54.92790 56.09000 52.47090 70.07310 72.86790 72.48540 71.12220 70.83040 71.55820 71.66830 72.73750 72.37080 75.24380 77.28700 76.36970 75.42550 73.83300 74.90270 75.93930 75.26730 76.08810 76.24960 76.30530 79.27260 76.00740 75.10690 75.72400 75.78890 75.84660 76.46230 76.53250 75.82150 61.63990 60.32720 61.75750 60.34000 56.67520 55.73450 54.30230 52.55810 46.15880 55.99800 56.64120 57.14680 45.56360 57.42620 56.71620 57.58700 58.23970 59.08180 57.94540 57.92340
-9999 -9999 -9999 73.10440 73.93740 76.08630 75.58620 76.67190 76.73180 73.01660 53.03200 54.67980 52.74830 56.29160 56.73710 52.23290 54.40670 52.50590 52.42620 56.60910 74.05740 70.46080 70.81130 73.66500 72.62880 71.24600 71.08440 71.53180 71.77150 73.78510 75.44580 78.31270 77.66420 76.47190 75.19520 74.03620 75.33190 77.22680 76.93970 76.84440 74.95950 72.26650 56.99510 63.10360 74.12010 73.34490 75.45600 75.84010 76.20310 75.03060 60.17470 60.70310 61.94710 61.64180 60.55730 58.97010 56.83290 44.56370 54.39750 47.58310 56.34900 58.35820 57.51060 59.67430 59.33290 57.48360 57.04650 60.34740 61.02580 60.06630 60.43730
-9999 -9999 -9999 -9999 -9999 -9999 75.85480 76.27770 76.28900 52.17330 52.44150 72.34210 71.16740 69.55080 70.32210 55.21540 53.68750 71.96930 71.87520 68.75620 70.89950 72.78820 74.15180 74.12880 74.25510 76.48230 74.76820 71.94240 71.84980 74.33690 72.49320 71.53280 72.51780 54.65060 74.73240 56.12550 73.97690 74.67390 57.92600 54.54990 51.50450 53.35200 53.45760 55.14940 61.65200 59.36710 73.12130 73.26600 73.34930 76.44920 78.06840 83.14180 84.19120 63.85460 66.32880 76.33090 58.75690 60.14340 60.38310 60.70310 51.24720 48.28760 48.44320 49.83980 58.43350 56.46700 54.82060 59.20540 60.37270 62.52230 62.12990
-9999 -9999 -9999 -9999 -9999 -9999 76.42370 76.86170 75.33250 71.98970 71.10980 71.02480 71.77650 70.47940 71.96870 73.01330 74.39620 72.33870 73.00300 70.09990 70.20710 71.97060 72.95830 76.13690 75.68840 74.57830 74.47140 75.00640 57.83570 59.44740 58.52800 58.06840 59.49030 59.02120 62.07940 62.19000 72.54170 71.99850 70.66970 52.39240 59.29740 59.38820 56.27830 55.95970 54.29660 56.65340 61.35690 61.16740 58.25850 74.64010 75.09080 78.63140 80.41610 79.53770 80.12590 74.22300 74.05460 75.26110 73.31210 78.77620 66.23820 62.46650 61.70420 60.87450 61.80390 56.47390 57.23080 59.97280 60.65280 63.33260 64.37040
-9999 -9999 -9999 -9999 -9999 -9999 -9999 -9999 -9999 -9999 71.97050 68.58200 68.63900 69.03010 68.02850 69.82580 70.53130 71.25950 72.80510 71.69940 71.08870 71.20510 72.08000 75.26520 75.87110 78.43630 79.37200 76.31140 75.64060 75.70750 76.17360 72.32420 71.52400 59.43480 59.26670 60.35520 60.83590 58.75950 56.49080 55.15510 71.66940 73.73360 75.21580 75.08450 73.61040 72.78220 73.61000 74.60420 59.46090 61.25200 59.48450 59.62130 60.64800 71.78210 71.40270 74.02350 72.67970 54.84810 56.85690 74.91920 59.66690 75.02230 75.35760 75.78120 76.40190 70.87480 71.68840 60.65360 60.53840 62.35790 63.79550
-9999 -9999 -9999 -9999 -9999 -9999 -9999 -9999 -9999 -9999 71.54930 67.69480 68.55330 68.05920 69.21100 72.28960 73.44510 74.06520 73.32010 73.14310 74.97140 75.46370 75.48650 77.83180 77.84480 79.15450 78.11220 75.33640 75.76300 75.95950 74.86250 72.03460 71.56930 60.59240 73.58820 74.21610 75.09970 74.03830 71.73900 71.29880 72.64240 74.63990 73.37890 74.82860 75.52320 77.39020 77.77260 80.48580 81.39920 67.43080 60.86370 61.01370 61.89460 55.02120 70.64120 57.99550 56.93320 57.65140 55.34450 58.92590 58.55130 55.40420 56.16770 72.76930 73.10830 69.46070 70.43030 75.02660 61.42660 64.00160 64.53660
-9999 -9999 -9999 -9999 -9999 -9999 -9999 -9999 -9999 -9999 -9999 -9999 67.44190 66.78440 67.05710 66.91960 67.88800 68.48520 68.78760 75.23430 74.06850 74.39500 75.50820 78.09720 78.54430 78.95370 79.69510 78.08360 78.78910 76.35850 74.64860 75.86370 75.98510 78.00870 77.95240 79.89290 78.27940 79.28660 76.97070 75.67720 76.04730 72.10860 73.38130 75.19530 75.00570 74.65260 76.11870 80.38430 82.07160 81.65430 75.34120 73.46670 57.94980 72.49140 70.60030 51.80290 51.55470 59.52080 58.49560 56.35120 56.31030 53.22680 53.45000 73.58560 58.98190 55.54670 71.58360 75.20180 75.20510 63.86700 65.52030
-9999 -9999 -9999 -9999 -9999 -9999 -9999 -9999 -9999 -9999 -9999 -9999 67.26490 67.02830 66.93760 67.34400 67.41530 68.26990 68.50520 72.81560 74.47910 61.11390 76.76430 76.21260 77.71060 79.64210 80.97240 79.62390 79.60980 77.98390 78.30420 79.69500 79.17730 79.11190 77.94420 79.49590 77.87070 80.38840 77.24330 75.90540 76.18340 72.03270 72.45040 75.10580 76.30060 75.06160 73.74140 76.81490 60.60830 59.24250 76.41500 72.82280 72.69210 72.70880 70.92750 51.99900 53.87000 60.14000 59.25960 56.57740 55.67700 53.48770 56.15190 58.75700 61.41770 71.16670 72.48720 73.67530 62.47540 66.48870 65.32720
-9999 -9999 -9999 -9999 -9999 -9999 -9999 -9999 -9999 -9999 -9999 69.81410 68.23820 67.54560 67.64850 68.44520 49.48100 55.72140 58.12210 55.20700 59.57590 68.41520 81.24700 74.28440 73.75440 72.57350 76.34370 84.08960 83.56260 82.07310 81.99450 83.09170 82.97630 82.77360 81.59400 77.92520 77.88410 78.00240 77.45860 77.11160 78.16570 75.53250 75.89340 75.69220 74.44360 75.51720 74.20190 75.15540 75.55690 60.62160 62.14150 59.56850 59.08070 55.84810 50.78140 54.19510 56.87830 62.84400 61.29320 56.66030 60.06030 58.70610 61.34820 67.07920 66.30290 68.49390 69.92520 63.30530 63.05790 66.22930 66.51070
-9999 -9999 -9999 -9999 -9999 -9999 -9999 -9999 -9999 -9999 -9999 53.89210 70.51820 68.56650 69.13870 69.15470 51.47840 58.49670 60.95630 61.19390 65.96570 81.04410 84.38190 77.90940 77.90950 77.14380 80.73370 82.98820 82.23010 82.96810 82.70730 80.56670 81.42170 81.49120 82.80390 81.45990 80.65830 81.42960 80.99550 80.55390 79.36710 77.30410 74.03690 72.52340 72.51150 72.93670 72.92710 57.95080 59.76490 57.91300 62.04050 63.57610 61.74010 62.60680 62.83740 66.01470 66.92160 66.76720 68.03900 64.30810 60.37460 65.09080 63.67250 62.17990 62.64170 77.81970 66.67470 63.93080 63.91270 68.57030 69.20660
