data/hydroclimate-scenarios/BCSD_hadcm_A1B/monthly_summaries/soilm2_monthly_day1_jul.2070-2099.asc
ncols	311
nrows	91
xllcenter	102.75
yllcenter	31.75
cellsize	0.5
NODATA_value	-9999
[rows 0 to 30 of 91, columns 71 to 141 of 311]
-9999 -9999 -9999 -9999 -9999 -9999 -9999 -9999 -9999 -9999 -9999 -9999 -9999 -9999 -9999 -9999 -9999 -9999 -9999 -9999 -9999 -9999 -9999 -9999 -9999 -9999 -9999 -9999 -9999 -9999 -9999 -9999 -9999 -9999 -9999 -9999 -9999 -9999 -9999 -9999 -9999 -9999 -9999 -9999 -9999 -9999 -9999 -9999 -9999 -9999 -9999 -9999 -9999 -9999 -9999 -9999 -9999 -9999 -9999 -9999 -9999 -9999 -9999 -9999 -9999 -9999 -9999 -9999 -9999 -9999 -9999
-9999 -9999 -9999 -9999 -9999 -9999 -9999 -9999 -9999 -9999 -9999 -9999 -9999 -9999 -9999 -9999 -9999 -9999 -9999 -9999 -9999 -9999 -9999 -9999 -9999 -9999 -9999 -9999 -9999 -9999 -9999 -9999 -9999 -9999 -9999 -9999 -9999 -9999 -9999 -9999 -9999 -9999 -9999 -9999 -9999 -9999 -9999 -9999 -9999 -9999 -9999 -9999 -9999 -9999 -9999 -9999 -9999 -9999 -9999 -9999 -9999 -9999 -9999 -9999 -9999 -9999 -9999 -9999 -9999 -9999 -9999
-9999 -9999 -9999 -9999 -9999 -9999 -9999 -9999 -9999 -9999 -9999 -9999 -9999 -9999 -9999 -9999 -9999 -9999 -9999 -9999 -9999 -9999 -9999 -9999 -9999 -9999 -9999 -9999 -9999 -9999 -9999 -9999 -9999 -9999 -9999 -9999 -9999 -9999 -9999 -9999 -9999 -9999 -9999 -9999 -9999 -9999 -9999 -9999 -9999 -9999 -9999 -9999 -9999 -9999 -9999 -9999 -9999 -9999 -9999 -9999 -9999 -9999 -9999 -9999 -9999 -9999 -9999 -9999 -9999 -9999 -9999
-9999 -9999 -9999 -9999 -9999 -9999 -9999 -9999 -9999 -9999 -9999 -9999 -9999 -9999 -9999 -9999 -9999 -9999 -9999 -9999 -9999 -9999 -9999 -9999 -9999 -9999 -9999 -9999 -9999 -9999 -9999 -9999 -9999 -9999 -9999 -9999 -9999 -9999 -9999 -9999 -9999 -9999 -9999 -9999 -9999 -9999 -9999 -9999 -9999 -9999 -9999 -9999 -9999 -9999 -9999 -9999 -9999 -9999 -9999 -9999 -9999 -9999 -9999 -9999 -9999 -9999 -9999 -9999 -9999 -9999 -9999
-9999 -9999 -9999 -9999 -9999 -9999 -9999 -9999 -9999 -9999 -9999 -9999 -9999 -9999 -9999 -9999 -9999 -9999 -9999 -9999 -9999 -9999 -9999 -9999 -9999 -9999 -9999 -9999 -9999 -9999 -9999 -9999 -9999 -9999 -9999 -9999 -9999 -9999 -9999 -9999 -9999 -9999 -9999 -9999 -9999 -9999 -9999 -9999 -9999 -9999 -9999 -9999 -9999 -9999 -9999 -9999 -9999 -9999 -9999 -9999 -9999 -9999 -9999 -9999 -9999 -9999 -9999 -9999 -9999 -9999 -9999
-9999 -9999 -9999 -9999 -9999 -9999 -9999 -9999 -9999 -9999 -9999 -9999 -9999 -9999 -9999 -9999 -9999 -9999 -9999 -9999 -9999 -9999 -9999 -9999 -9999 -9999 -9999 -9999 -9999 -9999 -9999 -9999 -9999 -9999 -9999 -9999 -9999 -9999 -9999 -9999 -9999 -9999 -9999 -9999 -9999 -9999 -9999 -9999 -9999 -9999 -9999 -9999 -9999 -9999 -9999 -9999 -9999 -9999 -9999 -9999 -9999 -9999 -9999 -9999 -9999 -9999 -9999 -9999 -9999 -9999 -9999
-9999 -9999 -9999 -9999 -9999 -9999 -9999 -9999 -9999 -9999 -9999 -9999 -9999 -9999 -9999 -9999 -9999 -9999 -9999 -9999 -9999 -9999 -9999 -9999 -9999 -9999 -9999 -9999 -9999 -9999 -9999 -9999 -9999 -9999 -9999 -9999 -9999 -9999 -9999 -9999 -9999 -9999 -9999 -9999 -9999 -9999 -9999 -9999 -9999 -9999 -9999 -9999 -9999 -9999 -9999 -9999 -9999 -9999 -9999 -9999 -9999 -9999 -9999 -9999 -9999 -9999 -9999 -9999 -9999 -9999 -9999
-9999 -9999 -9999 -9999 -9999 -9999 -9999 -9999 -9999 -9999 -9999 -9999 -9999 -9999 -9999 -9999 -9999 -9999 -9999 -9999 -9999 -9999 -9999 -9999 -9999 -9999 -9999 -9999 -9999 -9999 -9999 -9999 -9999 -9999 -9999 -9999 -9999 -9999 -9999 -9999 -9999 -9999 -9999 -9999 -9999 -9999 -9999 -9999 -9999 -9999 -9999 -9999 -9999 -9999 -9999 -9999 -9999 -9999 -9999 -9999 -9999 -9999 -9999 -9999 -9999 -9999 -9999 -9999 -9999 -9999 -9999
-9999 -9999 -9999 -9999 -9999 -9999 104.46500 -9999 -9999 -9999 -9999 -9999 -9999 -9999 -9999 -9999 -9999 -9999 -9999 -9999 -9999 -9999 -9999 -9999 -9999 -9999 -9999 -9999 -9999 -9999 -9999 -9999 -9999 -9999 -9999 -9999 -9999 -9999 -9999 -9999 -9999 -9999 -9999 -9999 -9999 -9999 -9999 -9999 -9999 -9999 -9999 -9999 -9999 -9999 -9999 -9999 -9999 -9999 -9999 -9999 -9999 -9999 -9999 -9999 -9999 -9999 -9999 -9999 -9999 -9999 -9999
-9999 -9999 116.46100 95.89290 99.21740 102.44300 103.05100 106.13000 108.65600 111.61100 114.46300 116.33000 117.82500 117.15700 122.45500 127.67500 126.01600 126.71900 126.45200 125.56900 120.42100 115.60900 -9999 -9999 -9999 -9999 -9999 -9999 -9999 -9999 -9999 -9999 -9999 -9999 -9999 -9999 -9999 -9999 -9999 -9999 -9999 -9999 -9999 -9999 -9999 -9999 -9999 -9999 -9999 -9999 -9999 -9999 -9999 -9999 -9999 -9999 -9999 -9999 -9999 -9999 -9999 -9999 -9999 -9999 -9999 -9999 -9999 -9999 -9999 -9999 -9999
-9999 -9999 -9999 -9999 105.21300 108.66300 113.05600 114.62200 117.78800 119.71100 121.70100 123.39600 124.45800 125.13100 126.68900 127.61600 129.58099 130.56000 130.44000 130.92500 130.56799 128.73199 -9999 -9999 -9999 -9999 -9999 -9999 -9999 -9999 -9999 -9999 -9999 -9999 -9999 -9999 -9999 -9999 -9999 -9999 -9999 -9999 -9999 -9999 -9999 -9999 -9999 -9999 -9999 -9999 -9999 -9999 -9999 -9999 -9999 -9999 -9999 -9999 -9999 -9999 -9999 -9999 -9999 -9999 -9999 -9999 -9999 -9999 -9999 -9999 -9999
95.69750 94.85610 98.22470 99.49320 103.69400 104.31400 101.52900 108.16500 111.72900 113.06300 118.43600 120.66800 121.14500 122.41800 125.03600 125.85200 127.39900 128.54201 127.99200 131.54401 133.99300 135.48700 135.88800 135.30600 129.68700 127.91200 126.29100 125.72700 -9999 -9999 -9999 -9999 -9999 -9999 -9999 -9999 -9999 -9999 -9999 -9999 -9999 -9999 -9999 -9999 -9999 -9999 -9999 -9999 -9999 -9999 -9999 -9999 -9999 -9999 -9999 -9999 -9999 -9999 -9999 -9999 -9999 -9999 -9999 -9999 -9999 -9999 -9999 -9999 -9999 -9999 -9999
93.76110 93.68500 97.45150 95.94880 95.52150 98.94840 100.86400 100.23200 101.37500 102.99500 110.69400 111.81500 114.73900 117.22200 121.67900 122.88200 120.22200 113.67900 130.14799 136.51401 131.19099 126.86900 126.99300 129.31200 126.61000 124.64500 125.31300 123.93800 121.56100 119.62800 116.39300 115.11300 114.07300 113.88800 112.69700 111.82900 110.15300 110.02500 108.03000 107.69400 105.96000 106.56700 108.31500 -9999 -9999 -9999 -9999 -9999 -9999 -9999 -9999 -9999 -9999 -9999 -9999 -9999 -9999 -9999 -9999 -9999 -9999 -9999 -9999 -9999 -9999 -9999 -9999 -9999 -9999 -9999 -9999
75.65300 76.94750 77.72290 92.17590 96.97990 100.40300 97.83760 97.63990 99.86850 98.92760 100.11100 101.30600 102.80600 104.84600 108.76400 111.54000 111.39200 110.82500 116.43500 125.34600 123.53000 122.11200 117.02600 109.70000 112.00200 112.05500 110.59800 109.07500 114.89200 120.58000 115.83600 115.87900 109.98700 110.04000 110.00300 108.26200 109.19300 109.31000 107.05900 106.90800 108.12600 108.26700 109.86300 123.18300 -9999 -9999 -9999 -9999 -9999 -9999 -9999 -9999 -9999 -9999 -9999 -9999 -9999 -9999 -9999 -9999 -9999 -9999 -9999 -9999 -9999 -9999 -9999 -9999 -9999 -9999 -9999
106.57000 100.47300 96.49800 105.09000 104.34000 106.37200 107.20200 107.19900 109.69900 108.47700 113.86900 114.11200 113.31500 112.93700 110.93400 114.54800 115.31500 117.63900 117.66500 127.43400 123.88400 123.27800 122.50400 121.73600 119.25300 120.60300 116.03900 112.97800 113.88400 113.32500 109.17900 107.01900 109.55400 109.66000 106.28900 106.67500 106.99100 106.28000 107.69100 111.29400 108.28000 109.54300 113.17000 114.57500 -9999 -9999 -9999 -9999 -9999 -9999 -9999 -9999 -9999 -9999 -9999 -9999 -9999 -9999 -9999 113.58100 114.35100 -9999 -9999 -9999 -9999 129.35201 135.54900 140.25900 126.60900 117.05100 116.65300
99.30340 101.11100 104.56400 101.98200 103.25200 102.54000 105.62400 104.97600 111.52300 110.82200 108.12300 110.47200 110.70800 114.51900 115.78700 114.38000 115.79200 115.33900 124.30600 115.25800 120.05500 118.48900 119.29400 115.58200 113.02300 109.70800 114.17500 114.01900 110.07900 110.96100 109.14800 107.38800 105.77300 105.37100 105.09100 103.71600 102.44300 101.02200 102.57400 115.65000 117.52700 120.66300 120.86100 120.92300 122.29400 122.39100 122.73300 112.72000 113.70300 112.10700 108.12900 111.73000 118.54300 123.17900 112.92600 104.97100 100.53400 100.29900 107.89900 110.96500 106.90000 -9999 -9999 -9999 -9999 -9999 133.65500 131.57001 129.28200 126.98000 124.82500
110.37900 86.90120 102.80700 108.32400 92.31460 99.69470 101.78000 105.14700 104.48700 103.32700 102.81100 104.37800 105.20100 105.44000 109.62200 118.59900 111.65900 112.09300 111.58000 109.64600 112.30500 112.28200 111.70900 111.18800 110.30200 109.83200 108.61100 109.04900 109.34300 110.03300 109.24500 107.45500 106.81000 106.91400 107.28100 108.10000 106.87300 107.43000 116.36000 118.80800 107.51100 118.19900 109.20200 109.05100 109.95500 108.96800 111.45100 109.97100 113.97900 118.09500 115.06200 111.39600 115.16100 120.73900 123.55300 116.09500 116.25200 114.45100 111.88200 105.12400 105.20100 106.89600 110.31000 115.62200 118.71900 123.61600 124.80100 125.56000 124.88700 125.97100 125.01100
104.62800 110.57100 96.10500 114.97300 112.86500 108.46200 105.37900 105.59700 98.47190 99.76160 97.67180 102.17000 104.30500 115.80600 107.90600 112.16300 108.22700 109.20900 110.43700 105.62700 113.75800 109.75400 108.36400 107.83800 109.45500 107.30400 106.70100 106.55400 108.17300 109.23800 109.17800 109.74900 108.66400 107.25700 107.78300 107.61200 118.68900 105.97900 104.29700 109.54800 105.62800 105.02400 105.65200 110.38700 107.55400 106.66000 106.01000 104.56400 106.99000 106.12200 108.29700 102.19800 107.90000 107.98000 112.65900 121.60500 121.73300 125.64900 130.55701 125.99600 112.13600 113.51100 108.67600 102.41200 106.28400 106.58000 116.05500 117.59800 116.94100 116.84800 117.34500
114.47800 115.66700 104.54200 81.59590 100.67900 97.30100 93.70250 103.09000 102.39100 97.91830 94.30500 97.22890 99.56710 101.06600 102.30600 104.47700 106.34800 106.71500 108.14100 115.22800 114.55300 108.70400 108.16300 106.67000 106.59300 106.98600 105.40000 105.63400 106.74000 105.75000 105.49800 116.84000 103.20500 103.09900 105.62000 104.76600 103.59800 105.68100 108.08600 112.89500 103.62000 101.55400 108.33200 114.99200 117.37300 109.52500 106.49300 100.25700 102.02600 103.20300 107.34800 112.59400 110.92200 109.53000 97.34160 96.34440 98.14030 110.92300 115.10100 131.83099 126.87200 123.45400 122.69000 114.45600 112.33500 108.14000 107.79600 107.77300 107.75200 111.04600 112.99100
111.47400 116.99500 111.37000 103.49400 91.86940 96.97090 95.71850 105.98800 106.63900 101.12900 116.98000 106.88500 98.78230 98.81420 97.05190 95.66940 100.52100 102.71600 106.60000 109.00900 112.09100 106.74400 107.54900 107.86400 103.74300 104.10500 103.61600 100.82300 106.45000 114.37600 102.15100 100.21500 97.66710 100.97300 99.74680 101.97900 102.93300 104.74300 102.70800 110.14100 114.85000 111.88100 108.19400 106.96100 116.04400 112.04200 105.73400 110.57800 101.06000 105.40700 111.92300 109.40500 109.41100 105.99000 113.45500 115.96800 114.61700 117.30600 115.56100 116.90900 117.32600 111.92100 111.58600 119.53800 126.59400 115.99600 122.09700 112.75500 108.95600 110.38200 118.86700
101.74600 103.94000 104.18200 109.16700 112.43600 92.89410 83.30360 75.19050 93.20030 96.95240 106.52800 118.44300 127.02400 126.68900 112.21000 106.04900 101.60600 96.06830 99.29120 96.29700 100.66600 100.66500 101.32400 100.58500 98.81010 102.29700 101.92000 101.09600 100.17900 102.28900 100.93200 105.50500 104.75100 99.19270 96.80000 100.99600 100.76200 105.54500 105.82500 101.03800 116.45900 118.50800 115.43200 111.87300 106.55300 103.53000 105.76000 100.90400 95.00660 97.97120 101.70500 106.16000 107.01200 114.47100 115.87000 123.14800 114.96700 117.47400 113.42500 119.18900 120.04300 118.90900 110.36900 118.38800 120.35400 113.52900 110.98200 112.63400 107.94300 114.69900 117.46600
125.27100 119.00800 123.83400 116.83000 117.48800 113.57900 105.13900 103.46900 99.34910 96.83000 90.51070 90.37480 101.26500 107.42800 126.63600 122.77500 122.66700 117.37800 101.99200 92.76620 97.74290 98.94270 98.97780 100.29100 99.71360 102.68700 102.65000 99.29800 106.61100 108.93100 108.72900 116.31700 104.30700 114.65400 105.49400 105.87800 109.88100 111.94500 97.62990 105.16500 107.50500 108.97600 112.64600 103.94100 105.08100 107.12300 107.46900 111.28800 104.24300 101.34600 107.05500 111.02200 113.33200 108.67000 114.07400 115.95600 113.29500 116.52400 118.89400 137.42900 125.71400 128.19501 122.61200 119.44400 117.75300 107.87700 120.33300 118.37900 118.01100 115.89900 119.13100
108.43700 124.13400 131.66600 128.26500 130.96800 118.41900 111.36500 101.10200 105.33900 100.24400 101.94600 111.08300 100.04500 87.89810 100.94400 92.34740 99.65860 115.52900 122.30000 109.61800 103.33000 105.42200 100.58600 104.25900 99.10160 100.75600 102.02600 102.48400 108.72300 109.49100 115.98800 116.61200 114.81800 105.96100 113.91400 114.31400 112.72100 104.26100 104.86700 102.78400 105.00500 111.12800 111.11600 100.51300 115.93200 118.99600 117.02400 120.06400 113.27400 113.45900 117.47400 118.20200 120.47800 130.73100 116.33400 120.85500 120.00000 125.91600 122.67900 130.23300 133.01601 130.41800 120.45900 109.13900 120.64600 121.55100 116.57300 118.14100 122.33500 126.97700 120.30700
111.56500 109.02300 105.90300 117.65600 123.48800 127.38200 127.36200 123.99000 120.68200 110.91700 103.84500 114.68400 114.32600 110.89900 131.25301 125.69200 120.81700 89.48860 108.67600 132.43800 118.89600 120.73800 115.47200 101.41400 97.88200 93.95540 99.00830 98.70810 104.37900 106.06700 107.60600 108.21100 107.39000 106.92800 107.67700 112.49000 115.46400 109.34500 107.77000 107.30400 109.93200 110.24600 109.75000 96.20000 87.60830 102.48000 115.63900 123.28900 126.96600 120.06100 117.54600 114.23700 122.63800 117.20700 125.65900 136.92000 124.61100 136.39799 115.36500 118.52100 128.39700 127.10200 124.50000 126.41000 118.21500 123.73500 121.00000 112.69900 112.90600 118.30200 117.99800
112.41300 107.37200 105.01000 101.27800 105.97100 109.17900 116.90200 118.08700 112.53900 114.22500 112.32200 107.39700 96.97560 103.05100 123.13400 127.27700 126.19800 120.42300 104.54200 107.89600 116.07500 116.91300 112.49900 111.97200 97.85960 91.91520 98.18760 103.51500 107.90600 111.14100 111.97900 109.50800 98.90400 102.34900 109.35800 104.72900 102.55100 103.84700 109.90300 114.35600 109.12100 109.09000 121.36300 102.45800 101.40200 108.89300 120.23500 124.82400 126.15900 117.08600 117.53300 117.52700 133.24200 134.60100 129.58400 124.44800 125.36900 119.41600 129.49699 131.94901 129.63699 120.33100 122.82300 119.95500 114.67700 120.52500 113.64100 114.44200 123.02400 116.77300 111.89400
121.09600 118.28500 109.51100 108.55500 110.09900 102.89900 110.37200 108.11600 104.85900 99.94110 103.82700 113.09600 108.15100 100.34300 113.19000 124.19800 119.39600 114.29900 119.84600 117.60800 119.20000 107.72100 105.86100 104.74700 102.86900 115.44400 100.85600 96.66600 105.40400 112.27700 109.27600 111.64400 103.91000 108.99500 107.69200 114.02500 115.65400 108.65400 102.81600 123.99600 111.24400 110.91300 111.52700 116.33900 117.41900 107.28300 99.69760 103.22500 103.51400 105.93300 118.79900 117.73500 113.84700 108.96100 107.74200 115.97600 120.38800 121.64900 122.11700 131.26801 131.39301 133.25101 129.93600 128.93800 123.80700 119.56500 118.35000 121.64600 116.31400 111.38900 111.41100
114.98200 123.25900 116.78400 111.75900 109.82200 115.38400 110.47500 111.35400 105.24100 109.05300 103.65200 104.06300 114.33600 112.01200 118.48600 117.62700 124.64400 113.56700 121.00100 120.07000 119.42200 110.03500 118.39800 103.99800 107.30500 113.85100 104.48000 101.78500 103.93900 106.14000 105.44200 96.61690 105.57200 118.02100 108.49900 103.18700 120.78300 121.59000 100.34300 105.20100 112.86300 114.14200 111.11800 107.70800 103.33800 101.64600 109.24600 101.44500 104.15900 126.39800 108.15500 124.32300 126.72400 127.05600 129.30499 125.56700 118.20400 119.68900 125.46100 118.91900 121.87000 121.92800 124.98800 124.21300 126.77600 102.42200 122.10800 102.27300 108.87500 114.70900 118.16600
112.96400 110.74000 117.23700 117.55400 118.16400 106.91400 98.57490 100.09100 106.65400 105.57100 97.91330 104.87400 117.73600 119.24400 117.63700 116.40300 115.73700 124.08700 116.68000 114.51800 132.87700 115.31500 113.86400 106.06000 101.27700 108.93400 119.86400 107.91200 109.11400 105.80300 109.03500 102.24900 109.84800 118.25700 113.06300 104.03300 122.01500 111.39700 112.69900 104.44800 106.46500 107.99800 107.28600 116.43900 113.69300 119.88400 118.37800 121.89200 125.86600 126.29900 127.25500 127.96900 124.02800 118.76300 123.17600 122.76100 130.00101 125.91300 121.98400 116.92000 121.14300 124.54600 120.04400 113.45200 126.55400 112.71200 113.34700 112.26700 113.62000 107.80800 112.82000
117.48300 109.78100 119.28800 119.87200 120.50400 126.01800 115.33000 104.88900 103.77000 118.36900 101.26300 107.39600 109.53200 114.98200 116.97300 118.46400 112.76100 104.46400 111.21600 124.65800 119.40100 118.44500 115.17900 106.68800 106.07000 98.68770 111.49900 103.85700 99.04000 104.97700 96.43060 106.63500 111.94700 112.49300 111.99200 101.45900 109.10900 117.28200 119.90100 131.57001 112.85200 109.89800 117.45300 112.97600 119.66900 115.56300 107.00700 93.40290 99.68530 104.39600 111.34600 115.26300 97.11550 117.41900 127.00300 129.53200 125.56000 121.43500 117.96600 121.03400 121.70600 114.29600 109.49200 117.71900 134.52400 130.78500 133.43900 133.89700 125.68600 122.14800 122.80300
107.03800 109.98100 115.94000 118.61300 128.80800 131.35201 135.52000 118.02400 117.44000 121.54700 121.39900 113.99100 113.35100 112.85500 118.63200 129.45700 125.28000 114.13500 114.38500 122.14000 107.90500 117.68200 127.61800 121.95700 105.20900 95.58690 116.65500 110.77900 100.85600 106.70400 105.53000 96.04540 112.63200 114.09100 109.79500 110.00000 115.27900 129.03000 137.07700 137.44600 132.38800 116.90800 123.42600 119.47000 110.19400 108.48500 93.02640 94.50750 109.46000 105.19300 -9999 -9999 96.88820 110.08100 117.95200 124.84100 121.61400 120.11200 102.62400 106.20100 107.40800 115.80000 125.36600 131.97701 147.11600 152.22600 156.10500 164.32201 139.14600 131.83501 137.40500
120.38900 115.22700 117.31400 127.16000 121.01500 132.43700 139.50700 127.51600 126.26200 141.52299 137.74100 129.37199 122.43900 118.42400 123.72300 129.65199 118.47300 113.46700 107.83600 113.77300 106.16100 113.91600 109.48800 122.46600 115.28500 109.83000 117.75500 107.91100 94.77500 109.99800 113.20300 97.66930 103.86800 111.08900 114.21600 125.03000 134.46600 129.84700 125.40200 -9999 -9999 -9999 -9999 116.07300 -9999 100.75800 115.63900 118.63000 120.92200 104.09400 -9999 -9999 109.34600 118.62600 117.92300 112.29800 98.34600 101.28800 105.63300 110.59100 113.30200 117.73200 122.41700 126.95700 132.46500 173.13901 167.10699 159.47501 133.68700 126.84600 122.71800
