data/hydroclimate-scenarios/BCSD_hadcm_A1B/monthly_summaries/soilm3_monthly_day1_aug.2030-2059.asc
ncols	311
nrows	91
xllcenter	102.75
yllcenter	31.75
cellsize	0.5
NODATA_value	-9999
[rows 0 to 31 of 91, columns 0 to 70 of 311]
-9999 -9999 -9999 -9999 -9999 -9999 -9999 -9999 -9999 -9999 -9999 -9999 -9999 -9999 -9999 -9999 -9999 -9999 -9999 -9999 -9999 -9999 -9999 -9999 -9999 -9999 -9999 -9999 -9999 -9999 -9999 -9999 -9999 -9999 -9999 -9999 -9999 -9999 -9999 -9999 -9999 -9999 -9999 -9999 -9999 -9999 -9999 -9999 -9999 -9999 -9999 -9999 -9999 -9999 -9999 -9999 -9999 -9999 -9999 -9999 -9999 -9999 -9999 -9999 -9999 -9999 -9999 -9999 -9999 -9999 -9999
-9999 -9999 -9999 -9999 -9999 -9999 -9999 -9999 -9999 -9999 -9999 -9999 -9999 -9999 -9999 -9999 -9999 -9999 -9999 -9999 -9999 -9999 -9999 -9999 -9999 -9999 -9999 -9999 -9999 -9999 -9999 -9999 -9999 -9999 -9999 -9999 -9999 -9999 -9999 -9999 -9999 -9999 -9999 -9999 -9999 -9999 -9999 -9999 -9999 -9999 -9999 -9999 -9999 -9999 -9999 -9999 -9999 -9999 -9999 -9999 -9999 -9999 -9999 -9999 -9999 -9999 -9999 -9999 -9999 -9999 -9999
-9999 -9999 -9999 -9999 -9999 -9999 -9999 -9999 -9999 -9999 -9999 -9999 -9999 -9999 -9999 -9999 -9999 -9999 -9999 -9999 -9999 -9999 -9999 -9999 -9999 -9999 -9999 -9999 -9999 -9999 -9999 -9999 -9999 -9999 -9999 -9999 -9999 -9999 -9999 -9999 -9999 -9999 -9999 -9999 -9999 -9999 -9999 -9999 -9999 -9999 -9999 -9999 -9999 -9999 -9999 -9999 -9999 -9999 -9999 -9999 -9999 -9999 -9999 -9999 -9999 -9999 -9999 -9999 -9999 -9999 -9999
-9999 -9999 -9999 -9999 -9999 -9999 -9999 -9999 -9999 -9999 -9999 -9999 -9999 -9999 -9999 -9999 -9999 -9999 -9999 -9999 -9999 -9999 -9999 -9999 -9999 -9999 -9999 -9999 -9999 -9999 -9999 -9999 -9999 -9999 -9999 -9999 -9999 -9999 -9999 -9999 -9999 -9999 -9999 -9999 -9999 -9999 -9999 -9999 -9999 -9999 -9999 -9999 -9999 -9999 -9999 -9999 -9999 -9999 -9999 -9999 -9999 -9999 -9999 -9999 -9999 -9999 -9999 -9999 -9999 -9999 -9999
-9999 -9999 -9999 -9999 -9999 -9999 -9999 -9999 -9999 -9999 -9999 -9999 -9999 -9999 -9999 -9999 -9999 -9999 -9999 -9999 -9999 -9999 -9999 -9999 -9999 -9999 -9999 -9999 -9999 -9999 -9999 -9999 -9999 -9999 -9999 -9999 -9999 -9999 -9999 -9999 -9999 -9999 -9999 -9999 -9999 -9999 -9999 -9999 -9999 -9999 -9999 -9999 -9999 -9999 -9999 -9999 -9999 -9999 -9999 -9999 -9999 -9999 -9999 -9999 -9999 -9999 -9999 -9999 -9999 -9999 -9999
-9999 -9999 -9999 -9999 -9999 -9999 -9999 -9999 -9999 -9999 -9999 -9999 -9999 -9999 -9999 -9999 -9999 -9999 -9999 -9999 -9999 -9999 -9999 -9999 -9999 -9999 -9999 -9999 -9999 -9999 -9999 -9999 -9999 -9999 -9999 -9999 -9999 -9999 -9999 -9999 -9999 -9999 -9999 -9999 -9999 -9999 -9999 -9999 -9999 -9999 -9999 -9999 -9999 -9999 -9999 -9999 -9999 -9999 -9999 -9999 -9999 -9999 -9999 -9999 -9999 -9999 -9999 -9999 -9999 -9999 -9999
-9999 -9999 -9999 -9999 -9999 -9999 -9999 -9999 -9999 -9999 -9999 -9999 -9999 -9999 -9999 -9999 -9999 -9999 -9999 -9999 -9999 -9999 -9999 -9999 -9999 -9999 -9999 -9999 -9999 -9999 -9999 -9999 -9999 -9999 -9999 -9999 -9999 -9999 -9999 -9999 -9999 -9999 -9999 -9999 -9999 -9999 -9999 -9999 -9999 -9999 -9999 -9999 -9999 -9999 -9999 -9999 -9999 -9999 -9999 -9999 -9999 -9999 -9999 -9999 -9999 -9999 -9999 -9999 -9999 -9999 -9999
-9999 -9999 -9999 -9999 -9999 -9999 -9999 -9999 -9999 -9999 -9999 -9999 -9999 -9999 -9999 -9999 -9999 -9999 -9999 -9999 -9999 -9999 -9999 -9999 -9999 -9999 -9999 -9999 -9999 -9999 -9999 -9999 -9999 -9999 -9999 -9999 -9999 -9999 -9999 -9999 -9999 -9999 19.14030 18.62960 19.12690 19.12720 19.22540 19.42050 19.31730 20.11400 19.81380 19.42380 -9999 -9999 -9999 -9999 -9999 -9999 -9999 -9999 -9999 -9999 -9999 -9999 -9999 -9999 -9999 -9999 -9999 -9999 -9999
-9999 -9999 -9999 -9999 -9999 -9999 -9999 -9999 -9999 -9999 -9999 -9999 -9999 -9999 -9999 -9999 -9999 -9999 -9999 -9999 -9999 -9999 -9999 -9999 -9999 -9999 -9999 -9999 -9999 -9999 -9999 -9999 -9999 -9999 -9999 -9999 -9999 -9999 20.32340 20.42830 20.44400 20.82310 20.42340 19.62720 20.02380 18.82470 18.22360 18.22310 19.51730 20.41490 22.50920 22.79990 22.77400 23.00430 -9999 -9999 -9999 -9999 -9999 -9999 -9999 -9999 -9999 -9999 -9999 -9999 -9999 -9999 -9999 -9999 -9999
-9999 -9999 -9999 -9999 -9999 -9999 -9999 -9999 -9999 -9999 -9999 -9999 -9999 -9999 -9999 -9999 -9999 -9999 -9999 -9999 -9999 -9999 -9999 -9999 -9999 -9999 -9999 -9999 -9999 -9999 -9999 -9999 -9999 -9999 -9999 -9999 -9999 -9999 -9999 -9999 19.72070 19.72040 19.82590 19.93380 20.42800 21.22650 20.32270 20.81630 18.34240 18.22120 18.51900 20.91830 22.42090 22.48890 -9999 -9999 -9999 -9999 -9999 -9999 -9999 -9999 -9999 -9999 -9999 -9999 -9999 -9999 -9999 -9999 -9999
-9999 -9999 -9999 -9999 -9999 -9999 -9999 -9999 -9999 -9999 -9999 -9999 -9999 -9999 -9999 -9999 -9999 -9999 -9999 -9999 -9999 -9999 -9999 -9999 -9999 -9999 -9999 -9999 -9999 -9999 -9999 -9999 -9999 -9999 -9999 -9999 -9999 -9999 -9999 -9999 -9999 -9999 -9999 -9999 19.62730 20.03200 20.34520 21.83650 21.81510 19.72300 20.72080 20.57130 21.66380 22.40730 -9999 -9999 -9999 -9999 -9999 -9999 19.02680 -9999 -9999 -9999 -9999 -9999 -9999 -9999 -9999 -9999 -9999
-9999 -9999 -9999 -9999 -9999 -9999 -9999 -9999 -9999 -9999 -9999 -9999 -9999 -9999 -9999 -9999 -9999 -9999 -9999 -9999 -9999 -9999 -9999 -9999 -9999 -9999 -9999 -9999 -9999 -9999 -9999 -9999 -9999 -9999 -9999 -9999 -9999 -9999 -9999 -9999 -9999 19.63610 19.63370 19.63990 19.63650 19.62670 19.83490 20.23680 20.12880 19.72430 19.71340 20.95610 22.12030 21.89800 -9999 -9999 -9999 -9999 -9999 20.61760 21.11390 22.20970 22.00770 20.40560 20.80510 21.60590 22.40550 23.51800 22.21290 22.41120 21.61220
-9999 -9999 -9999 -9999 -9999 -9999 -9999 -9999 -9999 -9999 -9999 -9999 -9999 -9999 -9999 -9999 -9999 -9999 -9999 -9999 -9999 -9999 -9999 -9999 -9999 -9999 -9999 -9999 -9999 -9999 -9999 -9999 -9999 -9999 -9999 -9999 -9999 -9999 -9999 -9999 -9999 20.72370 19.82950 19.64110 19.62820 19.62210 20.42080 20.32510 19.82500 20.72260 21.62100 23.01100 22.37340 22.39450 22.08070 22.52270 21.21460 -9999 20.90260 23.41450 23.51090 23.40850 23.30630 22.40790 22.90810 23.50720 22.60630 22.22700 21.52350 20.71960 20.41600
-9999 -9999 -9999 -9999 -9999 -9999 -9999 -9999 -9999 -9999 -9999 -9999 -9999 -9999 -9999 -9999 -9999 -9999 -9999 -9999 -9999 -9999 -9999 -9999 -9999 -9999 -9999 -9999 -9999 -9999 -9999 -9999 -9999 -9999 -9999 23.25830 21.11780 19.82750 19.82770 19.61770 19.61530 19.61090 19.61690 19.72360 20.22380 20.31050 19.61360 19.91290 21.71520 22.92710 22.83330 23.14350 23.33540 23.17610 22.41410 22.72630 22.95270 23.11220 23.57190 23.51030 23.30660 22.90460 22.80550 22.81930 23.01050 23.50670 23.40580 23.01700 22.71960 22.28620 22.28660
-9999 -9999 -9999 -9999 -9999 -9999 -9999 -9999 -9999 -9999 -9999 -9999 -9999 -9999 -9999 -9999 -9999 -9999 -9999 -9999 -9999 -9999 -9999 -9999 -9999 -9999 -9999 -9999 -9999 -9999 -9999 -9999 -9999 -9999 23.53160 22.80840 22.11570 22.01560 20.12480 19.62290 19.61870 19.61500 19.81120 20.41200 20.00980 19.60810 19.60790 20.70840 22.92250 22.95400 22.79740 22.84320 23.16420 22.61720 22.51710 23.25350 23.10300 23.39680 23.55200 23.33770 22.83770 22.74830 23.14250 23.39090 23.53020 23.42220 23.11580 23.02850 22.86350 22.84920 22.77900
-9999 -9999 -9999 -9999 -9999 -9999 -9999 -9999 -9999 -9999 -9999 -9999 -9999 -9999 -9999 -9999 -9999 -9999 -9999 -9999 -9999 -9999 -9999 -9999 -9999 -9999 -9999 -9999 -9999 -9999 -9999 -9999 -9999 23.53810 23.34020 22.20880 22.20920 21.60890 20.51290 19.61090 19.60790 19.60900 20.44800 20.21170 19.60870 20.10780 21.11060 21.51100 22.04480 22.31110 22.24870 23.36110 23.35750 22.60610 22.34470 23.19100 23.17160 22.98650 22.94790 22.84780 23.14650 23.32490 23.31990 23.51760 23.52360 23.32170 23.01960 23.33220 23.34520 23.43350 22.92340
-9999 -9999 -9999 -9999 -9999 -9999 -9999 -9999 -9999 -9999 -9999 -9999 -9999 -9999 -9999 -9999 -9999 -9999 -9999 -9999 -9999 -9999 -9999 -9999 -9999 -9999 -9999 -9999 -9999 -9999 -9999 23.33610 21.60690 21.10590 21.00430 22.10490 21.30470 20.40500 19.60530 19.80580 19.70540 19.90400 20.30480 19.90500 19.60800 20.40920 22.70850 22.90850 22.82570 22.75120 22.93150 23.01780 23.14610 22.46670 22.80730 23.20510 23.03880 23.00750 23.32590 23.15210 23.33720 23.52090 23.41500 23.51100 23.51460 23.52300 23.42210 23.11370 23.01290 22.92870 22.87170
-9999 -9999 -9999 -9999 -9999 -9999 -9999 -9999 -9999 -9999 -9999 -9999 -9999 -9999 -9999 -9999 -9999 -9999 -9999 -9999 -9999 -9999 -9999 -9999 -9999 -9999 -9999 -9999 -9999 20.70400 22.10240 20.60510 19.60670 19.60550 19.60550 19.60550 20.70530 22.60290 20.70410 19.60340 20.20340 20.62900 19.60270 19.60430 19.60530 19.61220 20.31390 22.51230 22.80640 22.84980 22.81170 23.10610 22.99830 22.42760 22.92940 23.50530 23.14640 23.13580 23.00350 22.91060 23.31590 23.31060 23.30800 23.41050 23.51120 23.41340 23.52810 23.55410 23.56080 23.55260 22.93530
-9999 -9999 -9999 -9999 -9999 -9999 -9999 -9999 -9999 -9999 -9999 -9999 -9999 -9999 -9999 -9999 -9999 -9999 -9999 -9999 -9999 -9999 -9999 -9999 21.60680 21.30810 20.90600 20.30330 20.10370 19.60360 19.60280 19.60240 19.60250 19.60260 19.60260 20.00230 22.70160 21.10200 20.20170 19.60250 19.90190 20.72580 19.90250 19.60370 19.60280 19.60420 19.90650 20.41850 21.77260 22.95750 22.87570 25.24390 24.05630 23.20120 23.06130 23.24570 23.10180 22.99230 22.95750 23.23270 23.51900 23.51200 23.40840 23.30540 23.30640 23.31150 23.41210 23.20910 23.11340 23.32410 23.78620
-9999 -9999 -9999 -9999 -9999 -9999 22.77470 22.78700 22.78570 22.78000 22.76830 -9999 -9999 -9999 -9999 -9999 -9999 -9999 -9999 -9999 -9999 21.60890 19.91660 20.71030 21.90690 20.81110 20.00900 19.60580 19.60460 19.60280 19.60220 19.60230 19.60280 19.60250 19.60320 19.60240 19.60280 19.80210 22.00170 19.60360 20.00270 20.00190 20.63650 19.60400 19.60350 19.60430 19.90520 21.70870 22.94460 23.01740 23.31830 24.39320 24.17090 23.38340 23.07490 23.13530 23.08990 22.97170 23.23690 23.42520 23.41670 23.41010 23.31240 23.41390 23.42150 22.80840 22.80620 22.90680 22.90800 22.90650 22.82130
-9999 -9999 -9999 -9999 -9999 22.84010 22.85090 22.88840 22.95090 22.86260 22.86000 22.87350 22.86440 22.86460 -9999 -9999 -9999 22.91380 22.61460 21.11540 20.61390 19.62440 19.62510 19.60830 19.21790 18.90710 18.80400 18.80310 18.70260 18.70280 18.80210 18.80230 19.00260 19.00240 18.90170 18.80170 18.80200 18.90220 18.90220 18.70410 18.70450 18.70530 20.43970 19.63180 18.60440 18.80360 19.51610 20.66150 22.56930 23.01110 23.01260 22.94350 23.27460 22.85570 22.87330 22.98630 23.01660 22.93860 22.91080 22.72180 22.80910 22.90600 22.71430 22.80540 22.73610 22.87230 22.93270 22.92060 22.91120 22.92000 22.83640
-9999 22.08270 18.65190 18.25840 18.26750 22.63810 23.35240 22.95690 22.96290 22.94880 22.95970 22.96220 22.97340 22.95980 22.94670 22.91680 22.90970 22.91470 22.92040 22.91240 22.11220 19.82030 20.32020 18.70710 18.50370 18.50380 18.50310 18.50300 18.50260 18.50180 18.50100 18.50080 18.50120 18.50070 18.50070 18.50110 18.50110 18.50150 18.50170 18.50200 18.50140 18.50200 19.13200 20.52880 18.50240 18.50380 18.50850 19.52510 21.53690 21.66900 22.22100 23.78770 23.47670 23.87030 23.26440 23.23430 23.06700 22.92290 22.91820 22.73590 22.80580 22.82150 22.82440 22.82110 22.85620 23.04920 23.01750 22.83810 22.91360 22.94360 23.10450
-9999 23.20850 23.17510 22.93840 22.93610 22.62990 22.42060 22.41030 22.10730 22.81150 22.91570 22.92950 22.94620 22.91550 22.91910 22.92710 22.94150 22.92530 22.92180 22.92190 21.92760 21.43690 23.33770 19.20930 18.50660 18.50410 18.50500 18.50400 18.50300 18.50300 18.50150 18.50130 18.50090 18.50070 19.10080 18.50130 18.50140 18.50150 18.50140 18.50150 18.50170 18.50210 18.50090 20.93730 19.33370 18.60110 18.50230 18.52070 18.57780 19.53840 21.06430 23.27730 23.75620 24.81720 24.58510 23.22570 22.91300 22.96200 22.84300 22.33880 22.71700 22.81920 22.82180 22.70980 22.82630 23.43970 23.23430 22.75110 22.83140 22.75060 22.85010
-9999 -9999 -9999 19.25620 19.06240 18.65140 18.64090 18.62990 18.62920 18.72020 22.91990 23.02000 23.12000 23.31100 23.11400 22.92420 22.93770 22.91680 23.12110 23.43200 23.47560 23.46970 22.47720 18.71840 18.50870 18.50460 18.50360 18.50280 18.50160 18.50120 18.50070 18.50070 19.00070 19.20040 20.10050 20.93120 18.20080 18.20120 19.60090 21.00100 20.20280 20.25380 23.51780 23.31740 21.84650 20.78250 19.70800 18.74130 18.86940 20.13490 22.42460 22.95260 22.93780 24.48320 23.67360 23.94170 23.32530 23.05240 23.24560 22.37200 22.76140 22.92290 22.94620 22.88310 22.84260 22.92410 22.90850 22.92090 22.88630 22.99700 22.97190
-9999 -9999 -9999 -9999 -9999 -9999 20.11780 20.71960 21.41960 22.40920 23.30840 23.41650 23.41840 23.42100 23.41630 23.30760 23.30840 23.40980 23.40620 23.04530 21.46060 19.64440 18.52700 18.51160 18.50730 18.50770 18.50440 19.90150 21.13960 18.90040 18.50060 18.50060 20.63660 22.72540 19.32150 22.62180 22.03140 20.62960 23.71280 23.91040 23.91030 23.11740 22.72120 23.11530 23.31760 23.64410 22.37180 21.36840 20.50010 19.47180 20.35440 20.81320 20.37580 22.89840 22.79270 20.36480 23.34110 24.09420 24.26910 23.30400 22.74820 23.14000 22.69190 22.62950 23.06580 23.06000 22.83510 22.97020 23.10020 23.06850 23.13220
-9999 -9999 -9999 -9999 -9999 -9999 23.40720 23.40880 23.40600 23.40810 23.40680 23.40850 23.40770 23.40660 23.40620 23.40870 22.90700 21.10690 20.00710 18.74480 18.54200 18.52360 18.51800 18.50620 18.50380 18.50340 18.50140 19.90030 24.01230 24.01230 22.92700 23.02450 22.62510 23.41610 23.21700 23.11810 22.42420 22.32680 22.02610 22.61590 22.81610 23.11790 23.61480 23.31660 23.01690 22.85850 23.07170 23.87700 23.81320 22.66790 21.42910 20.00600 19.59980 20.01720 19.62030 18.58240 19.25420 20.13070 20.75980 20.35900 21.88310 22.08660 23.16340 23.09390 23.15510 22.87450 22.92890 22.94100 22.96610 23.04200 23.22770
-9999 -9999 -9999 -9999 -9999 -9999 -9999 -9999 -9999 -9999 23.10280 23.40520 23.40460 23.40220 23.40340 20.50390 18.50730 18.51520 18.51040 18.51380 18.51650 18.51490 18.51190 18.50140 18.50100 18.50070 18.50020 18.50010 19.10010 20.02840 19.42180 20.01820 21.01980 23.11280 23.90820 23.41130 23.80900 23.90930 23.90930 23.91130 21.95430 20.43390 19.80040 20.93100 20.93360 21.53910 21.14730 19.97600 23.44470 23.91580 23.91460 23.61690 23.32060 22.15990 21.95350 22.82390 21.84340 22.75440 22.78230 22.19700 22.62840 20.08310 19.78030 19.40330 20.12710 20.41260 20.20830 21.20440 22.90950 22.91140 22.75280
-9999 -9999 -9999 -9999 -9999 -9999 -9999 -9999 -9999 -9999 21.90080 23.40070 23.40190 23.40170 23.40190 20.50240 18.50370 18.50460 18.50800 18.51000 18.50690 18.50690 18.50620 18.50110 18.50080 18.50010 18.50000 18.50010 18.50000 19.22160 20.02330 20.01880 22.12480 22.81900 21.12560 22.12950 19.92390 18.50010 19.00050 19.10120 18.50180 18.50050 18.50080 18.50200 18.50130 18.50410 18.50600 18.50610 18.60380 22.63600 23.91270 23.91190 23.91100 23.71230 21.63590 24.12050 24.22110 24.25270 24.24920 24.11050 24.01020 24.00980 23.81070 22.27720 20.36950 20.84130 19.63410 18.60160 21.90180 22.90960 22.81520
-9999 -9999 -9999 -9999 -9999 -9999 -9999 -9999 -9999 -9999 -9999 -9999 23.40070 23.40230 23.40380 22.90410 19.60210 18.50270 18.50480 18.50290 18.50350 18.60950 18.20810 18.60040 18.50030 18.50010 18.50010 18.50030 18.50030 18.60010 19.42350 19.22160 19.22240 18.70010 18.50000 18.50000 18.50010 18.50030 18.50060 18.50540 18.50940 18.51040 18.52000 18.51860 18.51790 18.51400 18.51640 18.50190 18.50200 19.00140 20.65330 22.35100 22.62500 21.56220 20.44020 23.21840 24.21110 24.23580 24.23410 24.21150 24.21170 24.20960 23.41480 22.05530 23.22330 24.01550 21.18830 18.70160 19.50450 21.20570 22.80210
-9999 -9999 -9999 -9999 -9999 -9999 -9999 -9999 -9999 -9999 -9999 -9999 23.40070 23.40070 23.40160 23.40110 23.40090 23.20130 20.30420 19.60470 18.20510 19.71090 18.21220 19.30080 18.50070 18.50030 18.50020 18.50030 18.50020 18.50010 18.50020 18.50040 18.50020 18.50010 18.50020 18.50010 18.50040 18.50170 18.50250 18.50860 18.51110 18.51180 18.51790 18.51870 18.51630 19.14070 19.74650 21.66180 23.32540 23.33080 21.87040 21.86090 21.25250 20.45490 22.24500 24.11020 24.11060 24.13060 24.12850 24.11220 23.61640 22.31740 22.91870 24.01380 24.01570 22.08700 20.70110 21.67130 22.56250 22.83430 22.83690
-9999 -9999 -9999 -9999 -9999 -9999 -9999 -9999 -9999 -9999 -9999 23.40030 23.40080 23.40060 23.40040 23.40070 22.20050 18.20090 18.20130 18.20220 18.20030 19.80240 19.60240 18.70280 18.50340 18.50060 18.50080 18.50020 18.50010 18.50000 18.50000 18.50160 18.50110 18.50010 18.50010 18.50000 18.50010 18.50020 18.50090 18.52000 18.51970 18.51060 18.51400 18.50650 18.50350 18.50180 19.80180 20.92850 21.42930 23.11620 22.81660 22.82630 22.62420 23.41600 24.01040 24.11050 24.01060 24.01150 24.01080 22.82180 23.02470 24.21470 24.21720 24.01780 24.01760 22.62700 22.03490 22.72990 22.74840 22.78890 23.29860
-9999 -9999 -9999 -9999 -9999 -9999 -9999 -9999 -9999 -9999 -9999 23.40020 23.40020 23.40030 23.40030 23.40080 20.70050 18.80060 18.20140 19.00090 19.80030 19.80570 19.10140 19.60150 19.40130 19.30040 18.50060 18.50020 18.50010 18.50000 18.50000 18.50240 18.50110 18.50010 18.50010 18.50000 18.50010 18.50010 18.50110 18.50820 18.51380 18.60790 19.05950 19.57370 20.26830 22.48250 22.86340 23.31270 24.20030 24.20030 24.20040 24.20090 24.20070 24.20050 24.20030 24.21440 24.21510 22.92310 22.62540 23.72550 24.11510 24.22210 24.22180 24.01630 23.12710 22.06130 23.72970 23.03480 22.79720 23.10710 23.20210
