data/hydroclimate-scenarios/BCSD_hadcm_A1B/monthly_summaries/soilm3_monthly_day1_nov.2030-2059.asc
ncols	311
nrows	91
xllcenter	102.75
yllcenter	31.75
cellsize	0.5
NODATA_value	-9999
[rows 32 to 63 of 91, columns 0 to 70 of 311]
-9999 -9999 -9999 -9999 -9999 -9999 -9999 -9999 -9999 -9999 -9999 23.43560 23.45060 23.53470 23.51090 23.50650 23.51430 23.53530 20.71480 20.98600 23.13300 23.55120 23.57090 23.57920 23.66560 23.39740 23.17480 22.13000 20.98770 18.66150 18.55460 18.55290 18.57240 18.59260 19.53660 20.77510 22.17550 23.06370 24.29410 24.33250 24.31680 24.33600 24.37930 24.32730 24.30610 24.30050 24.28540 24.27460 24.25840 24.26210 24.24690 24.27450 24.27110 24.45670 24.26440 24.24810 24.21140 24.27630 24.52710 24.27840 24.29370 24.31390 24.11760 22.99030 22.66080 24.06160 24.01120 24.28760 24.37020 23.48140 23.40960
-9999 -9999 -9999 -9999 -9999 -9999 -9999 -9999 -9999 -9999 -9999 23.45920 23.47260 23.47380 23.49560 23.50310 23.50850 23.56400 23.59390 23.60260 23.61500 23.59830 23.87800 23.83320 23.62070 22.98360 23.01770 22.93040 22.88390 22.46120 20.69040 19.89000 21.93560 23.71710 24.38410 24.28170 24.31900 24.34180 24.44300 23.93310 24.35450 24.72930 24.45630 24.43850 24.48430 24.43970 24.42060 24.35660 24.31950 24.27160 24.25820 24.28500 24.27840 24.38440 24.26770 24.34140 24.35510 24.39060 24.41130 24.40000 24.36330 23.52420 23.41970 24.48310 24.19430 24.45420 24.52960 23.84190 23.67220 23.54930 23.43820
-9999 -9999 -9999 -9999 -9999 -9999 -9999 -9999 -9999 -9999 -9999 -9999 23.14750 23.06060 23.07670 23.08370 23.49330 23.54930 23.58470 23.67830 24.15200 23.09000 23.24240 23.12460 23.16230 23.14060 23.06190 23.04220 22.94990 22.94480 23.17310 23.80400 24.48290 24.45100 24.27390 24.16260 23.61560 24.35700 24.58440 23.56330 23.81950 23.90460 24.44670 24.44930 24.48190 24.65740 24.56960 24.45850 24.39000 24.36070 24.30810 24.30980 24.31080 24.27990 24.26370 24.26220 24.26970 24.13000 23.58700 23.81350 23.63620 23.39250 23.40480 23.95530 24.25310 24.29020 24.72820 24.30740 24.06860 24.14940 23.65330
-9999 -9999 -9999 -9999 -9999 -9999 -9999 -9999 -9999 -9999 -9999 -9999 22.93580 23.04190 23.26400 23.35630 23.27660 23.89680 23.85240 23.12850 23.22090 23.16280 23.10720 23.05080 23.00920 23.01340 22.95050 23.00120 22.95560 22.93030 22.89980 24.29280 24.16400 23.33840 23.39490 22.90710 22.86860 23.65290 23.85190 23.01700 23.38420 23.03920 23.49960 24.75550 24.48220 24.33120 24.44090 23.91610 23.68490 23.72360 23.56630 23.61110 23.88840 24.30360 24.29320 24.11590 22.28770 23.34240 23.89570 23.90660 23.43750 23.14310 24.03530 24.65480 24.60510 24.23980 24.09210 24.38950 24.47880 24.55040 24.68740
-9999 -9999 -9999 -9999 -9999 -9999 -9999 -9999 -9999 -9999 -9999 -9999 23.31340 23.11880 23.48620 23.24590 23.42320 22.87420 22.95470 23.14780 23.09440 23.17640 23.13460 23.03750 23.02730 23.01670 22.99890 22.95160 22.95000 22.94970 22.81100 23.14530 22.88660 22.99270 22.97370 23.04220 22.99560 22.98200 22.96710 23.01590 23.16610 23.21310 23.41210 24.10260 23.86470 24.37140 23.88910 23.57480 23.47730 23.25230 23.14600 23.09640 23.01670 23.24920 23.22240 23.08490 22.98360 23.03320 22.94310 23.59310 23.03280 23.19870 23.23470 23.66850 24.46610 24.26490 24.24540 24.46970 24.63570 25.01280 25.42720
-9999 -9999 -9999 22.93740 22.94270 22.93230 22.91730 22.91930 22.91980 -9999 23.31250 23.49860 23.21720 22.81120 22.81600 22.92170 22.85850 22.74680 22.86270 23.03940 23.09030 23.13740 22.98430 22.86820 23.04090 23.04060 23.01460 23.03920 22.89250 22.68990 22.57850 22.68640 22.73140 22.97950 22.95780 22.38810 22.95590 22.97970 23.02700 23.03830 23.13380 23.30470 23.44000 23.77660 24.04590 24.08640 24.02360 23.65530 23.39980 23.39660 23.41120 23.39260 23.24560 23.27490 23.08330 23.17080 23.32500 22.96680 23.09540 23.07980 23.67340 23.23100 23.47370 23.81730 23.70160 23.73990 23.92070 24.34690 24.96210 25.36780 25.77080
-9999 -9999 -9999 22.56670 22.94070 22.93510 22.92920 22.82170 22.81470 23.33030 23.32220 23.16020 22.72570 22.72500 22.85750 22.83300 22.84750 22.56200 22.59100 22.59170 22.61110 22.62350 22.62550 22.73260 22.87030 23.19430 23.02590 22.77490 22.67790 22.82070 22.34360 22.69340 22.57630 22.69400 22.99080 22.94530 22.93360 23.11650 23.07350 23.37270 23.31760 23.24400 23.49270 23.85470 23.93930 24.14450 24.17630 23.55560 23.70870 23.59260 23.55060 23.52360 23.51040 23.46900 23.18950 23.40970 23.29230 23.30360 23.29930 23.66280 23.70300 23.73230 23.96480 24.34620 24.34980 24.91060 25.09520 24.87060 25.50980 25.54490 25.84040
-9999 -9999 -9999 22.54290 22.93760 22.82980 23.51470 23.31460 23.23230 23.16460 23.21490 23.20520 22.52000 22.51160 22.51250 22.50620 22.66510 22.71870 22.58060 22.55360 22.60080 22.75130 22.38320 23.10610 22.90660 23.06350 23.03910 22.95480 22.85390 22.94790 23.05010 22.83520 22.77860 22.82290 22.93330 22.82980 22.76390 22.95830 23.09630 23.27340 23.38920 23.33270 23.55440 23.92410 23.85350 23.89380 24.10210 23.91140 23.82360 23.77270 23.80750 23.60160 23.59020 23.47770 23.36460 23.43420 23.33660 23.41150 23.49660 23.87330 24.41360 24.45130 24.19860 24.50440 24.96880 25.93230 26.01420 25.41400 25.95270 25.54190 25.71160
-9999 -9999 -9999 22.72060 22.98190 22.73880 23.39140 23.40580 23.15440 23.11300 23.15730 22.60880 22.50520 22.52830 22.50960 22.70230 21.25690 18.44360 19.12610 19.98930 23.12210 23.10190 22.33480 20.15920 20.30370 23.28140 23.00430 22.76800 23.04100 23.32670 23.25440 22.80250 22.93290 23.02840 22.96200 23.07340 22.84980 22.74820 23.00230 23.10490 23.21820 23.61430 23.85640 24.06840 24.14100 24.44030 24.51250 23.79590 23.85260 23.66680 23.73150 23.70350 23.64310 23.74280 23.60050 23.76240 23.58290 23.59190 23.69180 24.60330 24.53750 24.94880 24.88130 24.65930 25.28530 26.94950 26.83430 25.84650 25.85270 26.03010 28.50920
-9999 -9999 -9999 22.47420 22.86220 22.86630 23.39130 23.25590 23.23200 23.19920 23.14000 22.88070 22.52230 22.56500 18.35250 18.40140 19.84040 21.23090 22.59620 23.00160 23.24270 20.15250 19.26780 23.12660 23.19200 22.98260 22.67440 22.67780 22.90220 23.00160 23.07960 22.93430 22.95590 22.77870 22.57380 22.89640 22.80880 22.46590 22.46310 22.78770 23.39650 23.40180 23.34810 23.49300 23.75560 23.91900 23.91890 23.57740 23.63460 23.36570 23.31450 23.48990 23.58740 23.53350 23.39960 23.76720 23.62920 23.66270 23.54430 24.16970 24.44200 24.62020 24.82640 25.14700 25.59430 27.27770 27.43640 26.37350 26.46030 28.18120 30.88880
-9999 -9999 -9999 -9999 23.15790 23.31290 23.25770 23.26620 23.12560 23.03370 23.04410 22.62670 22.60260 22.73950 -9999 -9999 -9999 -9999 -9999 20.84550 19.09760 18.90210 19.10130 22.98840 21.75280 22.25850 22.29490 22.29870 22.80820 22.70800 22.70620 22.77080 22.72240 22.54270 22.92370 22.87900 23.16320 22.59570 22.49510 22.89690 23.00370 23.38010 23.10940 23.09260 23.36010 23.59580 24.24760 23.97660 23.56510 20.80980 23.57960 23.56260 23.44940 23.24310 23.16310 23.57480 23.57200 23.54510 23.98930 23.98740 23.87480 24.09660 22.03950 24.44000 24.68910 23.09680 25.32210 26.21910 26.14900 -9999 -9999
-9999 -9999 22.51500 23.30120 23.38490 23.28550 23.29370 23.33860 23.12840 23.09700 23.08320 22.54240 22.59840 -9999 -9999 -9999 -9999 -9999 21.08080 18.92580 20.03770 22.76800 22.70880 22.95050 20.31600 18.83610 19.21420 22.77450 22.78260 22.61620 22.92570 22.68750 22.92830 22.85370 22.55860 23.12340 23.12440 22.79910 22.59450 22.53690 22.51260 22.67160 22.87640 22.85570 22.85080 22.93550 23.08880 23.09030 22.90240 18.99970 18.96860 19.29440 19.68120 19.39360 21.62010 23.79320 23.47060 23.84200 24.04980 24.22940 24.39640 24.56940 22.46030 21.06960 21.72950 22.49400 23.34430 -9999 -9999 -9999 -9999
-9999 -9999 23.47820 23.55000 23.36550 23.31180 23.37980 23.35690 23.19640 23.24660 22.60460 22.60450 22.55660 -9999 -9999 -9999 -9999 22.65660 22.95430 22.72150 23.29570 22.82120 21.77240 18.56390 19.48680 22.66120 22.79270 22.58050 22.51170 22.53900 22.49010 22.43140 22.49880 22.49320 22.91040 22.60030 22.57660 22.55050 22.62010 22.55470 22.62860 22.84780 23.00270 22.88680 23.43860 23.68860 23.79810 23.75330 23.53920 23.35940 20.87900 19.51090 19.54480 19.42920 19.30310 22.41400 24.18080 22.24990 21.49890 21.45000 20.98280 21.34250 21.75010 23.42240 25.22000 -9999 -9999 -9999 -9999 -9999 27.17110
-9999 -9999 23.19220 23.95620 23.65200 23.58520 23.68310 23.48330 23.25140 23.22150 22.64730 22.59500 22.50610 -9999 -9999 -9999 -9999 22.87490 22.73100 23.04370 22.15110 20.40440 19.76840 22.63060 22.65490 22.66740 22.56230 22.46190 22.44840 22.53470 22.52050 22.57090 22.48710 22.49600 22.48330 22.52510 22.44930 22.49490 22.53650 22.52700 22.67730 22.66640 22.81550 22.97890 23.07710 22.64320 22.89090 23.57170 24.00200 23.87890 22.89730 22.88430 21.46940 22.36450 22.07030 21.96300 23.14090 23.14790 24.28840 24.64530 21.15750 24.40710 25.86720 26.67920 26.68600 24.97140 24.30170 23.61960 23.78020 -9999 -9999
-9999 -9999 -9999 24.28490 23.72290 22.39560 22.38380 22.97090 22.79880 23.98400 25.57290 22.50640 -9999 -9999 -9999 -9999 22.67340 22.72220 22.63470 22.65000 22.76540 22.56490 22.87350 22.67210 22.58290 22.49390 22.52750 22.71420 22.60400 22.60760 22.53570 22.46130 22.48470 22.91830 23.40080 23.53310 22.82860 22.70870 22.47830 22.44320 22.50130 22.47980 23.12020 22.96460 22.54470 22.62310 21.38740 20.56170 21.31380 23.05790 22.32470 20.23380 20.30240 20.76330 21.01780 20.63700 20.75890 24.13650 25.03080 25.49650 25.68240 25.66030 25.72920 25.77220 25.43930 27.43470 24.12250 24.89160 24.77960 25.83120 -9999
-9999 -9999 -9999 -9999 23.29200 21.40730 22.85640 22.78390 22.86460 22.56740 22.51710 -9999 -9999 -9999 -9999 22.70570 22.85960 22.79600 22.41070 23.16440 23.15800 23.34870 23.48790 22.90380 22.38740 22.90620 23.58840 23.07560 23.66800 23.14640 23.10820 23.23910 23.35390 23.41200 23.40650 22.71630 22.47750 22.40090 22.48840 22.43340 22.45860 22.45790 22.50820 22.62380 22.59440 23.64830 23.92520 22.23750 21.71490 20.96270 23.32170 19.41240 19.76880 21.17110 20.43190 19.77710 20.40800 21.15620 21.62850 25.44690 25.70400 25.74590 25.95690 26.87700 26.63530 27.29580 23.53530 24.12430 24.03840 24.01390 24.00880
-9999 -9999 -9999 -9999 -9999 -9999 23.00800 23.30240 22.73520 22.81500 23.41910 -9999 -9999 -9999 -9999 -9999 23.22790 23.35620 22.77160 23.66840 23.48320 23.01810 22.73870 22.63860 23.28300 23.46030 21.40240 19.73960 19.69680 20.48420 22.70190 23.59160 23.07380 23.50480 23.33300 23.59250 22.76620 22.38950 22.44510 22.45110 22.47240 22.53260 22.58000 22.53650 22.98940 23.30460 23.91050 23.46800 22.18150 19.08120 19.28510 20.10630 24.07350 24.30850 23.07320 25.20220 20.69010 21.95590 22.76340 25.05540 25.91180 26.31420 26.39690 26.40140 26.35300 27.06510 24.64110 22.91100 22.76560 25.68310 27.01700
-9999 -9999 -9999 -9999 -9999 -9999 -9999 -9999 -9999 -9999 -9999 -9999 -9999 -9999 -9999 -9999 -9999 -9999 -9999 23.52020 22.66700 21.31080 22.97320 23.10660 22.02760 21.91650 21.06870 20.94630 21.51100 22.97180 23.49130 22.95550 22.56140 22.71840 23.28280 23.19700 22.49440 22.47860 22.47320 22.48570 22.43860 22.49490 22.58930 22.63380 22.52990 23.11400 23.10680 23.47500 22.55120 23.39940 23.69090 22.45720 20.77760 20.34460 19.60350 19.94330 25.04290 25.08060 26.74050 25.99820 23.25020 22.90800 26.71650 26.43430 26.64840 25.87170 23.57740 22.38170 22.21480 23.29010 26.62620
-9999 -9999 -9999 -9999 -9999 -9999 -9999 -9999 -9999 -9999 -9999 -9999 -9999 -9999 -9999 -9999 -9999 -9999 23.23250 21.73430 21.80160 23.34270 23.36830 23.41620 22.15630 21.41350 21.15680 21.58340 23.14880 23.38760 23.39190 23.42380 23.52280 23.42940 22.91390 22.48330 22.36960 22.45840 22.38140 22.47890 22.41190 22.50830 22.55340 22.66520 23.11280 23.79480 23.21590 23.10380 22.97480 22.41310 22.54670 23.63240 23.84730 24.24590 20.57630 20.58340 23.90380 24.56670 22.23800 25.31610 22.24230 22.23290 25.33810 26.70610 24.18260 25.14100 26.40020 22.02460 23.48220 22.73590 25.31950
-9999 -9999 -9999 -9999 -9999 -9999 -9999 -9999 -9999 -9999 -9999 -9999 -9999 -9999 -9999 -9999 -9999 23.48090 22.34550 23.27950 23.40280 23.24050 22.66330 22.13840 22.20980 22.50480 21.19140 21.23230 22.20060 22.12600 22.48070 21.73870 21.79770 22.10460 21.61050 22.13470 22.65660 22.48000 22.46680 22.39320 23.03010 23.36850 23.33690 23.61260 23.23340 23.27560 23.51860 23.11900 23.38020 22.41350 21.45440 19.79010 23.44070 24.11650 24.23480 24.38150 24.79650 25.01250 25.32410 26.18290 24.42620 23.01000 24.83240 24.78330 28.47430 27.49430 26.17080 27.16100 24.92110 25.62170 29.19860
-9999 -9999 -9999 -9999 -9999 -9999 -9999 -9999 -9999 -9999 -9999 -9999 -9999 -9999 -9999 -9999 -9999 22.74670 23.37510 23.45090 22.92510 21.71170 22.27180 22.50430 23.30530 24.61940 23.71340 23.90670 22.40100 22.29200 20.80020 20.64340 21.17370 21.94990 21.17740 20.91000 21.60810 22.34100 22.39500 22.41600 23.28920 23.28360 23.53250 23.15090 23.43800 23.36710 23.40520 23.10640 23.30580 23.27510 20.11190 19.44820 19.74860 20.69370 23.59870 24.75480 25.54560 25.21610 24.77350 24.48210 26.39650 26.61200 26.76470 26.61410 26.60450 27.45740 27.01250 25.69570 24.51360 26.12820 27.55020
-9999 -9999 -9999 -9999 -9999 -9999 -9999 -9999 -9999 -9999 -9999 -9999 -9999 -9999 -9999 -9999 22.63410 22.68140 23.44710 22.59350 21.55650 23.10570 23.90610 24.31140 24.60670 24.32510 24.32670 24.70900 24.10290 23.02210 22.81650 23.20040 23.33450 20.92930 20.53640 20.67080 21.88840 22.47120 22.34780 22.46360 23.33800 23.26330 23.34930 23.28370 23.14090 23.19490 23.36600 23.11330 23.11030 23.65550 21.22740 20.32190 20.11100 21.20580 23.43030 24.63030 24.78860 24.95170 20.84960 25.63740 26.02910 26.46140 26.83110 26.78940 26.25960 22.96770 22.71000 22.89550 25.48080 26.56410 28.63390
-9999 -9999 -9999 -9999 -9999 -9999 -9999 -9999 -9999 -9999 -9999 -9999 -9999 23.38590 23.30080 22.80590 22.84330 22.76640 22.30050 21.93340 23.40200 24.40690 24.40430 23.90740 24.41060 24.70710 24.70910 24.70000 24.70000 24.70000 23.00760 22.52560 23.90000 23.30000 21.50600 20.40230 21.60790 22.01270 22.30040 23.20090 23.10080 23.11370 23.08950 23.10060 22.68620 22.26240 22.81510 22.31640 22.34480 23.10530 23.25050 23.42850 23.46220 23.43580 22.75940 19.78840 22.34510 23.85300 21.19450 22.33370 24.23570 24.12180 25.65020 24.42020 24.28060 24.92060 22.62760 26.55930 25.29190 28.53590 30.64370
-9999 -9999 -9999 -9999 -9999 -9999 -9999 -9999 -9999 -9999 -9999 -9999 23.21540 23.21980 22.45010 22.53370 23.06220 23.32400 23.81820 23.60070 22.90080 21.80110 21.90120 22.80190 24.00220 23.60150 23.70240 24.20000 22.30110 23.00410 21.40030 22.90180 23.10360 23.80690 22.50870 20.50250 22.20000 22.30000 22.70020 23.10040 23.10040 23.10040 22.97790 22.56580 21.92200 22.23060 22.95810 22.28860 22.02900 21.72600 23.44010 23.22740 23.81490 23.32530 23.63590 23.42100 23.88890 19.43730 21.43270 21.61400 24.03410 22.23920 21.29300 23.91730 24.51790 26.63240 26.88220 24.91600 27.06820 29.89530 32.16040
-9999 -9999 -9999 -9999 -9999 -9999 -9999 -9999 -9999 -9999 -9999 22.83580 23.35270 22.66170 23.41950 23.83280 23.52880 22.30840 21.50730 21.60220 21.30190 21.40000 21.30000 21.10000 21.10000 21.10010 20.93950 23.00460 22.80200 22.60670 21.50050 23.00000 24.20000 23.80000 22.70000 21.80630 22.30010 22.40020 22.80030 23.10020 23.10020 22.76610 22.23250 21.91350 21.71090 21.83160 21.74250 21.86030 21.99470 22.35050 22.75850 23.26880 23.23390 23.84120 23.31040 23.26150 23.86330 23.41240 18.79800 19.63690 20.13590 22.86890 21.64410 23.38890 26.49190 25.26310 25.14940 24.31470 28.89200 29.78240 31.63840
-9999 -9999 -9999 -9999 -9999 -9999 -9999 -9999 -9999 -9999 23.64830 22.53840 23.72060 23.31180 22.90500 21.91980 21.41620 21.10160 21.10190 21.10060 21.10020 21.10000 21.10000 21.10000 21.10000 21.10000 21.10010 21.40600 20.70170 21.10000 21.10000 23.70000 23.40000 20.30850 20.20220 21.60770 22.30010 22.40020 23.00060 23.10020 22.75360 21.81640 21.50410 21.20290 20.50440 21.33590 21.84570 21.54480 22.00550 22.13800 22.62100 23.13730 23.95730 23.19330 23.27880 23.25110 22.89420 20.64550 19.53480 23.15310 23.57580 23.21140 22.44160 25.23450 26.00280 25.52830 25.88010 28.28880 29.65590 30.21810 31.45570
-9999 -9999 -9999 -9999 -9999 -9999 -9999 -9999 -9999 22.00090 21.20050 21.10010 22.20010 21.40020 21.70010 21.10010 21.10010 21.10000 21.10000 21.10000 21.30000 21.10000 21.80000 21.80000 21.30000 21.10000 21.10000 21.70010 21.10000 21.70000 21.90000 21.50000 24.50000 24.70000 20.60430 22.12670 22.30060 22.80060 23.00030 22.48240 20.30830 21.10220 21.10430 20.63680 19.50230 20.09070 21.31420 22.04500 21.67300 22.06150 22.49830 24.45060 23.72780 26.04050 25.03270 23.31500 22.90520 22.98830 23.01510 23.41120 23.90080 23.67060 22.91670 25.32610 25.37840 25.78660 26.92360 30.77750 32.65150 33.60870 34.36560
-9999 -9999 -9999 -9999 -9999 -9999 -9999 -9999 -9999 -9999 22.40010 21.40000 21.40000 21.10000 21.10000 21.10000 21.10000 21.10000 21.10000 21.50000 22.00000 21.30000 21.70000 -9999 -9999 -9999 -9999 -9999 -9999 23.90010 25.40020 24.50000 24.00000 24.30000 22.70000 22.22380 22.24460 23.00020 23.10010 22.96850 20.81300 21.41240 22.31080 20.08130 19.62500 19.87940 20.51670 21.81250 22.32810 22.50070 23.22670 23.30150 23.60000 24.31740 24.96900 23.09820 22.81280 22.83900 22.64720 23.46100 23.42560 22.95260 23.97960 20.21580 25.33160 26.42960 27.97460 31.02450 32.91790 33.97790 34.80670
-9999 -9999 -9999 -9999 -9999 -9999 -9999 -9999 -9999 -9999 -9999 -9999 21.70000 21.10000 21.10000 21.10000 21.10000 21.10000 21.40000 -9999 -9999 -9999 -9999 -9999 -9999 -9999 -9999 -9999 -9999 -9999 -9999 -9999 -9999 24.80000 22.90690 21.91220 20.60910 21.71410 23.40010 25.10020 21.93060 20.70890 21.83210 21.01390 19.91590 19.75030 20.03010 20.83590 21.68790 21.63500 21.84440 24.14340 24.39290 24.54780 23.29470 22.81370 23.07550 23.19070 23.04280 23.41010 23.09230 22.46200 24.36400 24.20460 25.34960 26.67580 28.87530 31.93390 33.11550 33.98400 35.53590
-9999 -9999 -9999 -9999 -9999 -9999 -9999 -9999 -9999 -9999 -9999 -9999 -9999 -9999 -9999 -9999 -9999 -9999 -9999 -9999 -9999 -9999 -9999 -9999 -9999 -9999 -9999 -9999 -9999 -9999 -9999 -9999 -9999 -9999 22.30840 20.50390 20.70400 20.30390 22.90000 21.41480 22.11720 21.40650 21.07300 21.99090 20.20330 20.53770 21.24970 21.63080 22.23240 22.04100 22.50170 24.17490 23.16390 23.74030 23.92860 23.32260 23.12440 23.38850 23.25720 23.26850 21.78850 23.95990 23.85110 24.20190 25.27850 26.23420 28.92060 32.05740 33.27410 34.13330 35.42480
-9999 -9999 -9999 -9999 -9999 -9999 -9999 -9999 -9999 -9999 -9999 -9999 -9999 -9999 -9999 -9999 -9999 -9999 -9999 -9999 -9999 -9999 -9999 -9999 -9999 -9999 -9999 -9999 -9999 -9999 -9999 -9999 -9999 -9999 21.91410 20.30820 20.41080 23.03630 25.10010 19.80340 20.00220 20.14120 19.92280 20.00920 22.36070 21.31990 21.23060 21.63980 21.88370 22.06340 22.38500 21.88600 23.24170 23.91540 23.99610 23.40230 23.08330 23.09290 23.13910 23.39560 21.34940 19.81840 21.80040 24.18430 24.99720 28.42530 28.99190 31.36330 33.09720 32.94620 -9999
-9999 -9999 -9999 -9999 -9999 -9999 -9999 -9999 -9999 -9999 -9999 -9999 -9999 -9999 -9999 -9999 -9999 -9999 -9999 -9999 -9999 -9999 -9999 -9999 -9999 -9999 -9999 -9999 -9999 -9999 -9999 -9999 -9999 -9999 -9999 -9999 -9999 -9999 21.11140 19.80410 19.40190 19.30490 19.88840 19.99920 20.70670 21.83450 22.38390 21.75930 21.89190 22.30570 21.85850 22.44830 22.45910 23.67940 23.76450 23.04620 23.12220 23.15880 23.44570 21.00330 19.33250 23.27300 24.17860 24.99230 27.41360 28.85130 30.00030 30.73240 31.46380 -9999 -9999
