data/hydroclimate-scenarios/BCSD_hadcm_A1B/monthly_summaries/soilm2_monthly_day1_nov.2030-2059.asc
ncols	311
nrows	91
xllcenter	102.75
yllcenter	31.75
cellsize	0.5
NODATA_value	-9999
[rows 0 to 30 of 91, columns 210 to 279 of 311]
-9999 -9999 -9999 -9999 -9999 -9999 -9999 -9999 -9999 -9999 -9999 -9999 -9999 -9999 -9999 -9999 -9999 -9999 -9999 -9999 -9999 -9999 -9999 -9999 -9999 -9999 -9999 -9999 -9999 -9999 -9999 -9999 -9999 -9999 -9999 -9999 -9999 -9999 -9999 -9999 -9999 -9999 -9999 -9999 -9999 -9999 -9999 -9999 -9999 -9999 -9999 -9999 -9999 -9999 -9999 -9999 -9999 -9999 -9999 -9999 -9999 -9999 -9999 -9999 -9999 -9999 -9999 -9999 -9999 -9999
-9999 -9999 -9999 -9999 -9999 -9999 -9999 -9999 -9999 -9999 -9999 -9999 -9999 -9999 -9999 -9999 -9999 -9999 -9999 -9999 -9999 -9999 -9999 -9999 -9999 -9999 -9999 -9999 -9999 -9999 -9999 -9999 -9999 -9999 -9999 -9999 -9999 -9999 -9999 -9999 -9999 -9999 -9999 -9999 -9999 -9999 -9999 -9999 -9999 -9999 -9999 -9999 -9999 -9999 -9999 -9999 -9999 -9999 -9999 -9999 -9999 -9999 -9999 -9999 -9999 -9999 -9999 -9999 -9999 -9999
-9999 -9999 -9999 -9999 -9999 -9999 -9999 -9999 -9999 -9999 -9999 -9999 -9999 -9999 -9999 -9999 -9999 -9999 -9999 -9999 -9999 -9999 -9999 -9999 -9999 -9999 -9999 -9999 -9999 -9999 -9999 -9999 -9999 -9999 -9999 -9999 -9999 -9999 -9999 -9999 -9999 -9999 -9999 -9999 -9999 -9999 -9999 -9999 -9999 -9999 -9999 -9999 -9999 -9999 -9999 -9999 -9999 -9999 -9999 -9999 -9999 -9999 -9999 -9999 -9999 -9999 -9999 -9999 -9999 -9999
-9999 -9999 -9999 -9999 -9999 -9999 -9999 -9999 -9999 -9999 -9999 -9999 -9999 -9999 -9999 -9999 -9999 -9999 -9999 -9999 -9999 -9999 -9999 -9999 -9999 -9999 -9999 -9999 -9999 -9999 -9999 -9999 -9999 -9999 -9999 -9999 -9999 -9999 -9999 -9999 -9999 -9999 -9999 -9999 -9999 -9999 -9999 -9999 -9999 -9999 -9999 -9999 -9999 -9999 -9999 -9999 -9999 -9999 -9999 -9999 -9999 -9999 -9999 -9999 -9999 -9999 -9999 -9999 -9999 -9999
-9999 -9999 -9999 -9999 -9999 -9999 -9999 -9999 -9999 -9999 -9999 -9999 -9999 -9999 -9999 -9999 -9999 -9999 -9999 -9999 -9999 -9999 -9999 -9999 -9999 -9999 -9999 -9999 -9999 -9999 -9999 -9999 -9999 -9999 -9999 -9999 -9999 -9999 -9999 -9999 -9999 -9999 -9999 -9999 -9999 -9999 -9999 -9999 -9999 -9999 -9999 -9999 -9999 -9999 -9999 -9999 -9999 -9999 -9999 -9999 -9999 -9999 -9999 -9999 -9999 -9999 -9999 -9999 -9999 -9999
-9999 -9999 -9999 -9999 -9999 -9999 -9999 -9999 -9999 -9999 -9999 -9999 -9999 -9999 -9999 -9999 -9999 -9999 -9999 -9999 -9999 -9999 -9999 -9999 -9999 -9999 -9999 -9999 -9999 -9999 -9999 -9999 -9999 -9999 -9999 -9999 -9999 -9999 -9999 -9999 -9999 -9999 -9999 -9999 -9999 -9999 -9999 -9999 -9999 -9999 -9999 -9999 -9999 -9999 -9999 -9999 -9999 -9999 -9999 -9999 -9999 -9999 -9999 -9999 -9999 -9999 -9999 -9999 -9999 -9999
-9999 -9999 -9999 -9999 -9999 -9999 -9999 -9999 -9999 -9999 -9999 -9999 -9999 -9999 -9999 -9999 -9999 -9999 -9999 -9999 -9999 -9999 -9999 -9999 -9999 -9999 -9999 -9999 -9999 -9999 -9999 -9999 -9999 -9999 -9999 -9999 -9999 -9999 -9999 -9999 -9999 -9999 -9999 -9999 -9999 -9999 -9999 -9999 -9999 -9999 -9999 -9999 -9999 -9999 -9999 -9999 -9999 -9999 -9999 -9999 -9999 -9999 -9999 -9999 -9999 -9999 -9999 -9999 -9999 -9999
-9999 -9999 -9999 -9999 -9999 -9999 -9999 -9999 -9999 -9999 -9999 -9999 -9999 -9999 -9999 -9999 -9999 -9999 -9999 -9999 -9999 -9999 -9999 -9999 -9999 -9999 -9999 -9999 -9999 -9999 -9999 -9999 -9999 -9999 -9999 -9999 -9999 -9999 -9999 -9999 -9999 -9999 -9999 -9999 -9999 -9999 -9999 -9999 -9999 -9999 -9999 -9999 -9999 -9999 -9999 -9999 -9999 -9999 -9999 -9999 -9999 -9999 -9999 -9999 -9999 -9999 -9999 -9999 -9999 -9999
-9999 -9999 -9999 -9999 -9999 -9999 -9999 -9999 -9999 -9999 -9999 -9999 -9999 -9999 -9999 -9999 -9999 -9999 -9999 -9999 -9999 -9999 -9999 -9999 -9999 -9999 -9999 -9999 -9999 -9999 -9999 -9999 -9999 -9999 -9999 -9999 -9999 -9999 -9999 -9999 -9999 -9999 -9999 -9999 -9999 -9999 -9999 -9999 -9999 -9999 -9999 -9999 -9999 -9999 -9999 -9999 -9999 -9999 -9999 -9999 -9999 -9999 -9999 -9999 -9999 -9999 -9999 -9999 -9999 -9999
-9999 -9999 -9999 -9999 -9999 -9999 -9999 -9999 -9999 -9999 -9999 -9999 -9999 -9999 -9999 -9999 -9999 -9999 -9999 -9999 -9999 -9999 -9999 -9999 -9999 -9999 -9999 -9999 -9999 -9999 -9999 -9999 -9999 -9999 -9999 -9999 -9999 -9999 -9999 -9999 -9999 -9999 -9999 -9999 -9999 -9999 -9999 -9999 -9999 -9999 -9999 -9999 -9999 -9999 -9999 -9999 -9999 -9999 -9999 -9999 -9999 -9999 -9999 -9999 -9999 -9999 -9999 -9999 -9999 -9999
-9999 -9999 -9999 -9999 -9999 -9999 -9999 -9999 -9999 -9999 -9999 -9999 -9999 -9999 -9999 -9999 -9999 -9999 -9999 -9999 -9999 -9999 -9999 -9999 -9999 -9999 -9999 -9999 -9999 -9999 -9999 -9999 -9999 -9999 -9999 -9999 -9999 -9999 -9999 -9999 -9999 -9999 -9999 -9999 -9999 -9999 -9999 -9999 -9999 -9999 -9999 -9999 -9999 -9999 -9999 -9999 -9999 -9999 -9999 -9999 -9999 -9999 -9999 -9999 -9999 -9999 -9999 -9999 -9999 -9999
-9999 -9999 -9999 -9999 -9999 -9999 -9999 -9999 -9999 -9999 -9999 -9999 -9999 -9999 -9999 -9999 -9999 -9999 -9999 -9999 -9999 -9999 -9999 -9999 -9999 -9999 -9999 -9999 -9999 -9999 -9999 -9999 -9999 -9999 -9999 -9999 -9999 -9999 -9999 -9999 -9999 -9999 -9999 -9999 -9999 -9999 -9999 -9999 -9999 -9999 -9999 -9999 -9999 -9999 -9999 -9999 -9999 -9999 -9999 -9999 -9999 -9999 -9999 -9999 -9999 -9999 -9999 -9999 -9999 -9999
-9999 -9999 -9999 -9999 -9999 -9999 -9999 -9999 -9999 -9999 -9999 -9999 -9999 -9999 -9999 -9999 -9999 -9999 -9999 -9999 -9999 -9999 -9999 -9999 -9999 -9999 -9999 -9999 -9999 -9999 -9999 -9999 -9999 -9999 -9999 -9999 -9999 -9999 -9999 -9999 -9999 -9999 -9999 -9999 -9999 -9999 -9999 -9999 -9999 -9999 -9999 -9999 -9999 -9999 -9999 -9999 -9999 -9999 -9999 -9999 -9999 -9999 -9999 -9999 -9999 -9999 -9999 -9999 -9999 -9999
89.77180 90.13950 91.67470 93.84600 93.35720 94.38080 94.18420 92.07110 92.87840 -9999 -9999 -9999 -9999 -9999 -9999 -9999 -9999 -9999 -9999 -9999 -9999 -9999 -9999 -9999 -9999 -9999 -9999 -9999 -9999 -9999 -9999 -9999 -9999 -9999 -9999 -9999 -9999 -9999 -9999 -9999 -9999 -9999 -9999 -9999 -9999 -9999 -9999 -9999 -9999 -9999 90.17200 -9999 -9999 -9999 -9999 -9999 -9999 -9999 -9999 -9999 -9999 -9999 -9999 -9999 -9999 -9999 -9999 -9999 -9999 -9999
81.48660 82.83540 82.47520 84.95830 87.18760 88.84910 89.91650 91.66020 91.63970 82.78250 81.15980 81.75990 85.70370 83.18420 89.20010 89.69050 97.31270 97.88970 95.99230 95.94600 91.89190 119.49400 -9999 -9999 -9999 -9999 -9999 -9999 -9999 -9999 -9999 -9999 -9999 -9999 -9999 -9999 -9999 -9999 -9999 -9999 -9999 -9999 -9999 -9999 -9999 77.12530 74.12360 55.10830 57.72050 67.10290 70.13450 81.28870 -9999 -9999 -9999 91.24470 -9999 -9999 -9999 92.20650 97.25320 98.10510 -9999 -9999 -9999 -9999 -9999 -9999 -9999 -9999
84.69050 83.91020 82.82370 82.96120 82.62850 76.95250 77.74420 78.27790 79.00260 74.65150 76.80640 81.63030 87.23370 87.24950 100.01000 100.45100 105.55800 108.25600 104.91500 100.11600 98.82050 88.36120 86.59970 84.56410 87.87380 95.30130 99.63490 90.23370 -9999 -9999 -9999 -9999 -9999 96.13570 93.31430 91.62200 90.97740 89.76100 88.74390 81.72020 64.66160 66.27530 63.35730 59.13670 60.14550 53.91820 54.31880 58.85490 59.01750 75.79680 82.48770 84.61120 88.19250 88.99910 91.13190 92.74950 95.21640 94.26870 94.93430 97.63330 100.65800 104.73000 104.10200 102.04500 99.06300 98.35400 96.47740 -9999 -9999 -9999
83.00100 82.29890 83.78550 84.62920 89.17240 94.19840 99.33910 94.29880 97.42250 100.87900 112.10500 118.07100 120.45300 121.70700 178.44000 169.64101 184.57401 170.17400 171.57500 150.00700 101.76100 91.71200 88.47830 96.29010 92.75550 117.41500 103.50600 99.84760 101.55000 102.10500 86.20620 79.47240 75.50500 68.08920 91.81650 90.09800 91.69290 72.25650 69.51700 67.25700 64.02280 64.65130 63.12120 62.70110 62.99650 62.82920 65.24290 68.42670 66.40270 73.06110 75.32590 77.68890 80.70700 86.64560 90.44110 93.12910 94.33440 94.88950 95.73580 94.33930 96.02180 99.17870 99.45680 98.56460 99.70700 100.80700 102.57300 102.34700 101.79300 101.74200
162.97301 108.34100 111.72100 116.88100 116.81400 121.69800 117.92900 121.98300 184.66200 177.38499 162.33701 158.16901 135.22000 118.20000 115.15900 124.00300 113.74200 109.93400 107.89700 111.42000 111.82800 139.42300 139.06000 140.73500 149.62399 168.63699 153.03101 106.05000 109.07400 97.12550 118.14900 77.76800 76.46660 68.40600 87.51650 88.34860 86.33270 67.31900 66.96040 68.83770 69.58800 68.86980 65.91150 64.62890 65.95460 64.82300 63.44070 62.88400 63.00790 66.23780 68.62910 72.28790 73.35370 77.65640 80.76080 83.77080 91.06370 90.53570 91.70840 92.96750 92.52310 95.91140 95.66580 96.60700 97.09260 98.85870 100.12300 98.83260 99.76460 101.66400
158.40100 174.13400 181.81500 182.82401 183.93201 166.56900 175.08099 177.60100 145.28101 136.85400 115.14200 112.24400 118.87500 117.02200 117.60600 106.31700 117.70300 112.48900 123.48500 126.05400 118.23800 133.60100 125.94100 147.78799 164.66200 171.17799 123.85400 103.41400 101.14100 133.37900 143.67799 133.39799 77.90030 67.50370 71.09150 74.45150 71.25900 68.57120 67.41250 68.33460 72.94270 71.67370 71.66180 64.52450 66.32980 69.33370 70.55660 69.93560 72.86550 74.45290 71.14910 74.58610 76.10340 75.34560 76.87780 78.59770 79.19940 83.10090 87.94380 88.19540 90.64730 91.93660 91.85190 92.25250 98.36240 107.38500 114.02100 113.93800 115.08000 102.15500
169.33200 174.27100 181.64799 185.29500 194.88400 195.52200 178.68700 169.12300 160.68700 139.78101 140.96201 138.03300 128.28400 120.31800 117.28800 117.09600 115.46500 121.14100 120.88800 120.67500 123.16900 173.63901 171.94901 154.70000 165.48700 145.14600 125.58300 95.70400 97.21210 99.80400 101.34700 127.25500 108.93600 67.58490 66.16340 71.40860 88.48300 125.46400 125.32000 127.14000 127.07900 125.88000 126.44300 125.63900 125.16900 124.97900 124.92600 123.26000 124.93000 122.96800 123.20400 125.76100 126.56800 127.52300 95.81860 96.40350 97.77410 80.18760 79.44400 87.13670 89.58580 97.50310 107.25500 109.91200 133.62900 133.47701 133.50301 133.30800 134.43600 135.53700
172.74001 163.25700 168.45300 189.72900 207.57401 206.69600 184.00400 161.80499 147.26401 138.72701 132.29800 117.49600 113.28800 116.74500 116.55500 114.85300 114.75800 113.82700 121.37600 127.99600 130.53500 150.94600 134.85100 121.88600 122.16100 126.42500 120.92800 86.82610 94.52900 98.68070 98.76350 90.51380 91.20870 62.57600 67.22450 71.28500 68.78890 65.55760 62.16150 61.20540 69.04870 85.92360 86.36520 128.02800 127.17500 125.39800 124.43100 124.32600 125.10100 125.01200 124.53100 126.43600 126.50500 126.93400 127.01100 125.83600 125.99900 124.86800 125.72200 125.63600 125.94900 128.81400 128.14500 103.23000 131.79100 128.86099 130.30200 131.26500 132.07700 112.31900
157.40300 161.00800 178.98801 183.93900 166.68201 147.65300 124.77200 124.25900 123.81200 121.07900 122.09700 119.58500 116.14600 115.85400 113.25300 110.82900 110.14000 116.34600 116.19900 121.01800 122.49000 160.92500 151.60300 115.00700 112.17800 105.82800 107.90300 107.85100 117.88200 93.45230 93.05780 86.49360 85.73980 61.06860 61.83520 63.84730 68.04640 67.69100 65.38040 66.00650 64.01790 67.80470 68.34280 71.23100 87.51460 124.39100 123.87700 123.63000 95.59710 83.42780 85.25490 126.55600 127.52200 127.46500 126.78200 125.70200 126.01100 126.39100 127.38400 125.22500 125.13100 126.59600 128.66000 137.10300 129.75101 128.02600 129.00900 129.62700 128.95900 100.79600
186.24200 190.42799 187.51900 171.57201 140.21300 130.52800 133.70100 148.34200 168.80200 193.00000 194.05901 183.67900 164.92101 145.02299 134.77200 125.99600 110.89000 120.36500 124.42100 141.63499 132.18900 149.50000 148.56000 107.59800 103.76400 101.84700 102.99500 101.87800 76.34280 77.41000 79.35290 78.21910 82.23650 59.37850 63.88940 62.90300 60.44640 82.20860 80.47420 79.61340 79.72130 82.63220 67.47060 60.29800 62.13880 89.75560 100.15200 125.27100 126.66000 126.57000 125.33100 126.59600 126.69200 89.88720 90.45020 126.98800 128.28700 126.04700 125.32700 126.15800 128.98900 126.56800 131.68500 133.54300 126.19900 126.56100 126.39200 123.06900 123.13400 97.98720
170.10699 178.87399 172.13300 167.45799 164.27800 169.03999 159.63600 150.48801 168.85201 186.18500 186.47600 177.12801 176.51300 177.17000 178.41000 160.37801 148.69299 145.82401 131.91299 125.87900 126.14000 154.74100 151.94200 124.63300 102.76600 70.67100 71.13370 70.67010 70.80670 74.49760 76.64950 80.10450 81.27980 81.38240 79.39770 79.34770 79.81360 83.90100 86.21690 87.05500 88.49620 87.35600 86.98090 90.44800 91.01390 91.60110 93.11170 92.20360 92.53090 94.67060 95.23500 113.50900 131.60699 130.42500 129.85001 125.75500 83.86650 123.89000 124.73000 126.03600 135.45000 127.87500 127.60400 126.12800 124.61600 123.52900 124.07500 121.01800 121.75400 94.16180
160.00700 153.29300 156.05499 149.63200 150.12700 160.50900 158.86600 154.50999 150.17101 135.44501 141.57600 171.10500 168.27299 172.38400 173.60100 185.34801 181.17700 171.96100 162.57600 135.67400 115.98300 120.20800 154.83501 159.24600 159.55600 157.76900 158.03999 69.58510 69.54230 70.18220 70.59510 72.48580 74.68490 74.14530 78.59900 78.27230 81.53490 80.14020 85.96680 88.79910 93.05330 97.53520 95.75080 104.49200 103.85100 101.58600 100.24900 100.29900 100.91100 98.38530 100.66600 95.80030 98.73370 98.56280 103.22900 126.04300 120.96800 81.57750 120.97000 122.04800 124.12500 123.20100 123.18300 122.43900 121.97800 121.68600 119.24200 121.42700 122.35500 121.40300
123.28300 124.46800 152.29500 145.75400 144.48700 135.59700 137.50800 160.38499 146.61600 147.84399 145.11501 143.11099 137.26500 143.57001 148.44000 154.94800 167.39400 185.80200 145.08501 126.67100 120.40200 124.65300 120.00300 115.50800 121.01000 106.33100 111.11800 107.09100 156.30400 105.54900 100.77900 72.08320 104.60900 105.51600 106.13300 105.83100 106.91800 105.75400 107.95500 75.69770 85.13840 134.55200 148.33000 101.45200 101.59400 98.49920 101.96700 100.42800 103.02100 102.96800 98.17950 99.59070 98.43670 98.05310 98.36390 90.70210 125.93200 119.61900 80.19130 122.76700 121.38700 121.17900 121.72800 120.89700 120.78300 120.79800 118.05900 118.85200 119.83400 121.03900
155.31500 154.99400 168.07700 171.24500 169.97301 173.23199 181.14500 171.68800 212.68600 211.88800 209.43800 195.93300 208.54700 212.35899 203.24500 191.52299 155.17300 160.49800 142.05099 127.51700 111.46900 129.95599 113.47000 114.99300 113.72100 114.00300 116.24100 109.47500 109.03700 110.57200 110.70700 113.60800 119.42000 112.94100 108.00200 106.03800 107.34500 109.95500 110.59700 109.57300 116.67900 125.43300 134.61400 141.53500 141.95300 102.64300 108.84100 109.65400 109.27300 104.39500 105.51900 97.58120 94.01300 94.08160 96.75190 90.08850 88.06280 125.68500 82.50270 123.86300 124.00900 125.18400 125.73800 122.21900 122.16600 121.29800 120.27000 119.87900 120.06300 121.51800
118.08900 178.38000 182.56900 176.03500 120.78700 125.92200 145.70799 209.13400 208.03600 147.84500 149.28500 144.25999 144.49800 211.05099 142.70700 146.64500 214.25500 214.93600 167.78900 124.80500 122.81500 169.01700 157.16299 144.03600 146.62300 131.92599 138.32201 111.15300 105.61100 104.10100 104.64100 106.48400 107.73100 107.62400 104.88300 105.20700 106.15400 105.85800 107.73900 111.19400 113.57700 117.14100 121.09900 122.63800 131.01300 105.44100 112.80200 114.90500 118.44100 117.71500 114.70700 102.08600 102.73600 101.32000 95.63260 96.02550 92.85230 127.02700 84.89960 79.93400 123.74100 126.68800 125.96700 122.58400 123.16700 121.94800 120.22000 119.48100 119.21000 119.54700
123.77900 122.44800 123.11800 129.84300 135.64700 132.20900 131.91299 124.52300 123.21700 126.32800 127.38900 131.74500 134.42999 137.77901 138.30600 118.91900 124.65800 118.67500 173.51900 158.38300 113.55900 182.79100 182.08600 178.72900 168.73599 152.66000 131.03999 105.10700 103.93600 105.60200 106.59100 107.03500 110.12300 114.89000 109.53000 107.34000 106.25000 105.02800 103.84200 109.51200 114.37400 117.94400 126.24700 130.39700 134.04700 97.03970 112.91700 119.47500 122.74900 124.17400 123.33800 115.73700 118.44100 109.54400 108.43500 102.08900 100.14400 130.36800 93.97820 87.37750 128.02400 128.63699 126.04200 90.65040 87.56000 86.80170 85.55870 86.58680 119.49800 119.98300
128.84700 130.89799 132.88600 135.78200 135.50301 134.50500 128.29900 124.84900 122.82300 121.96600 117.70300 101.57500 111.69000 107.51900 111.05100 142.67599 139.92400 136.47800 180.55600 180.42000 174.03999 177.50600 174.48500 178.83501 197.46700 201.60300 162.29100 116.15900 105.92500 104.26200 100.54000 101.81300 109.50700 108.20200 105.29500 105.17600 105.43400 104.80700 105.48800 110.84500 113.55300 124.54400 135.00700 139.30499 144.65300 141.62100 114.09100 124.86400 130.23801 128.71800 126.96200 123.71600 120.58400 115.67000 107.69400 105.51400 109.05300 104.99300 104.09800 135.82300 133.83800 130.07500 128.61600 125.84400 122.30900 119.26100 119.88800 90.27410 89.84080 120.79600
128.03799 133.76100 137.89600 134.59200 130.51601 131.81700 131.21201 125.17400 120.96800 121.89200 123.60300 122.73900 123.42100 115.83200 101.65000 125.60100 141.39600 171.84300 201.39600 165.23000 142.83099 179.88200 181.66499 181.93401 185.19800 186.38400 163.42400 131.95200 118.49300 109.87600 117.51100 106.42700 113.17700 108.83600 108.32100 107.08000 105.08400 106.81100 109.24500 110.73800 119.15700 126.84600 133.43300 136.17700 107.51600 118.64500 115.10400 121.95200 129.42900 127.24300 121.81400 119.98400 121.46000 117.74500 115.40000 108.14300 106.93100 111.15200 103.03900 135.82899 135.02800 133.71300 131.71899 130.04300 127.60200 126.01300 122.92400 122.55800 122.05300 121.16700
