data/hydroclimate-scenarios/BCSD_hadcm_A1B/monthly_summaries/soilm1_monthly_day1_apr.2070-2099.asc
ncols	311
nrows	91
xllcenter	102.75
yllcenter	31.75
cellsize	0.5
NODATA_value	-9999
[rows 32 to 63 of 91, columns 0 to 70 of 311]
-9999 -9999 -9999 -9999 -9999 -9999 -9999 -9999 -9999 -9999 -9999 76.12580 75.91940 76.35170 75.69020 75.28220 74.96890 75.22570 73.84220 74.28130 74.76310 75.85810 76.20810 76.76130 75.08160 74.37850 74.62270 75.68040 77.66660 81.72880 81.47530 81.45870 81.54100 81.34280 79.85170 78.86870 77.19020 76.08520 74.82050 75.37060 75.12470 75.07330 75.13850 74.67710 74.59830 74.73130 74.65460 74.60010 74.55810 74.24640 74.10980 73.75100 73.57160 73.24270 71.84200 71.73630 72.58240 72.51970 73.23390 73.62420 73.74630 73.49060 72.84150 73.15660 73.09580 73.25920 72.97100 72.88420 72.74660 71.22820 70.34400
-9999 -9999 -9999 -9999 -9999 -9999 -9999 -9999 -9999 -9999 -9999 75.85230 75.69770 75.74040 75.22900 75.01350 75.37060 75.50140 75.49040 76.19420 76.07130 76.09140 75.45450 75.19960 74.07200 72.89360 70.89800 72.60880 73.28570 75.28010 77.86260 79.47840 77.96240 76.54260 75.77500 75.16370 75.41450 75.36590 74.70370 73.71250 74.98940 74.64180 74.99700 74.74500 74.71390 74.75460 74.66350 74.62370 74.53010 74.14210 73.97660 73.56040 73.32100 72.96560 73.30450 73.93990 73.74140 73.38150 73.85670 74.13730 74.01720 73.55150 73.52900 73.86020 74.02690 73.92270 73.63130 72.18370 71.77810 71.28750 70.70280
-9999 -9999 -9999 -9999 -9999 -9999 -9999 -9999 -9999 -9999 -9999 -9999 74.08200 73.62630 73.57720 73.58980 76.00560 76.59880 76.75300 76.79710 74.92300 72.94020 69.06440 72.10780 70.50070 67.11960 67.70450 69.89200 71.55140 71.93890 72.92740 75.24580 76.26730 76.13370 75.56310 74.51140 73.42460 75.03230 74.58700 72.54100 72.95430 73.16010 73.71110 74.73840 74.70200 74.62290 74.64070 74.76800 74.68890 74.88820 74.82300 74.09400 73.95960 73.91960 73.48200 73.19510 73.11500 72.22740 73.54540 73.57580 73.28450 72.07980 71.70670 72.91450 73.14570 73.75970 73.53280 72.25250 71.93410 72.03600 71.53680
-9999 -9999 -9999 -9999 -9999 -9999 -9999 -9999 -9999 -9999 -9999 -9999 74.01630 74.15820 75.57820 76.09110 76.27030 75.92340 75.54780 74.16680 73.21620 72.17490 71.78190 71.20920 70.63910 69.95410 71.26880 70.85140 71.24640 69.34680 71.43250 74.82960 76.09710 75.16840 74.41570 72.95820 72.27950 73.83310 74.49590 71.56380 72.25960 71.04560 72.44790 74.90050 74.73150 74.23050 74.56460 73.19090 73.05230 73.28900 72.84830 72.79060 73.28080 74.11270 74.02080 73.49040 73.47470 71.99040 73.32530 72.55440 71.59950 71.92470 73.63690 74.48130 73.65000 73.22180 72.76450 72.61690 72.41170 72.62230 72.49700
-9999 -9999 -9999 -9999 -9999 -9999 -9999 -9999 -9999 -9999 -9999 -9999 77.03780 77.72350 77.36490 75.14340 74.76440 74.35210 70.88780 71.36270 72.08490 71.59630 71.45820 71.01950 71.06730 70.97330 71.30960 69.57000 69.75520 67.08720 66.75510 74.99630 73.40740 72.56000 73.23700 72.79370 71.58470 72.22210 72.31260 71.82860 71.78760 71.63430 71.82820 72.86540 71.91610 68.44870 71.24420 71.39780 71.39130 71.37420 71.25520 71.49860 71.36110 70.34370 68.85260 68.04000 67.12600 71.39420 72.00430 72.24600 71.64850 71.25520 71.39850 72.69800 73.12490 73.12130 72.74940 72.98710 72.63290 72.56580 72.64890
-9999 -9999 -9999 73.74060 72.89630 73.14500 73.62900 72.98310 72.82920 -9999 75.31360 75.87390 75.75710 75.76120 75.74300 74.74820 73.51780 72.10540 71.93400 72.03950 72.27820 72.20430 72.41570 72.53720 70.18180 71.70520 72.25530 71.34730 69.69780 68.11970 72.90120 74.06420 73.85740 65.99250 69.64330 64.59320 69.67350 71.77350 72.19160 72.07140 71.88580 71.51100 71.53760 70.58820 70.32380 69.88460 71.24770 68.44930 71.33430 71.28460 68.10600 64.75380 65.71240 69.01830 69.35860 71.13640 70.83860 70.45180 68.42940 69.89990 71.95870 71.79010 69.24490 71.71050 71.67530 72.12040 72.28840 72.23640 72.47620 72.17300 72.11840
-9999 -9999 -9999 74.30360 73.92560 73.74040 73.57550 74.64710 74.71860 77.30710 76.41360 75.90300 74.83440 73.10670 71.37670 73.76370 68.31530 74.28960 74.43540 74.39270 74.34220 73.46630 73.88680 74.40440 70.76370 68.54530 69.35030 70.28050 71.71540 66.37690 63.32760 69.49660 73.76810 68.52030 65.58780 65.38000 69.85770 70.98040 72.31540 70.19470 71.00960 71.43130 71.78570 70.90730 69.27080 69.43830 71.27150 70.73210 67.86490 65.39900 66.28920 70.83200 71.05960 71.27350 71.66900 70.72470 70.85780 71.20020 71.16180 69.66190 70.26970 71.55190 70.73660 69.00970 71.33670 71.73650 71.68320 72.80700 72.45230 70.67100 68.57380
-9999 -9999 -9999 75.84090 74.75450 75.18140 74.64580 75.78240 76.43630 76.67580 76.27850 75.76220 75.65620 75.02390 73.22180 75.22490 71.26520 69.38320 74.68650 75.33260 74.66520 70.32440 64.17300 65.31130 69.23920 69.54800 72.31400 72.22140 69.54760 67.74000 69.06930 72.94620 71.85910 67.74840 66.22470 67.72920 72.72740 72.86580 69.68070 64.88510 67.27000 69.50680 71.64960 71.65870 71.64980 71.39670 71.38590 64.64590 64.92910 71.30400 71.16840 71.22040 71.15830 71.41680 71.57530 71.01750 71.16290 71.48790 71.24490 71.17570 67.47410 67.48930 71.91690 71.36400 71.59190 71.94450 71.78710 71.26370 66.45110 68.80990 69.52040
-9999 -9999 -9999 75.84340 77.51720 75.73920 76.27800 76.03280 76.29560 76.02000 76.44300 77.87310 76.17410 73.48930 74.74780 69.14310 70.45000 76.39740 78.09890 74.80320 67.44060 63.05250 66.50500 73.81080 72.04500 68.66030 72.91000 75.20220 72.52620 68.83120 69.22070 71.40550 68.93740 69.79720 71.90900 70.41410 71.98340 73.31740 72.87540 72.69880 70.38030 68.35540 68.40280 69.65020 70.90800 71.49400 71.35610 70.63320 71.26310 71.37690 71.04560 71.53950 71.21650 67.50770 70.99180 67.33240 66.39410 65.98060 66.65010 65.16470 63.14740 68.34940 69.29910 71.09090 69.96550 68.76810 70.81390 71.12900 70.59490 70.25050 71.22500
-9999 -9999 -9999 76.93610 78.49520 76.06530 76.44440 77.01070 76.18880 76.33620 77.81250 77.46650 73.14340 71.48030 81.41980 80.38660 73.96820 73.09210 76.81480 71.74990 69.18940 71.69180 74.80880 71.12590 69.04370 72.31380 80.04180 78.60250 73.34730 73.49380 70.56800 70.76040 70.38750 72.93280 74.54260 73.82240 73.66200 75.77580 76.57010 73.71190 69.50960 69.46970 70.86420 70.55780 71.12170 71.22220 70.92730 69.79250 67.88980 70.93500 69.66910 68.29350 66.04370 66.68660 67.73120 66.10200 66.34460 65.00310 67.14310 69.90010 69.26380 69.84950 70.75870 68.42310 66.79980 67.57630 69.76090 69.10600 70.72670 71.44910 74.81770
-9999 -9999 -9999 -9999 77.69640 76.19500 76.38400 75.58040 75.78940 77.20070 77.82360 77.00870 72.36980 70.14140 -9999 -9999 -9999 -9999 -9999 72.13820 78.76850 81.89760 79.31750 72.28960 72.83500 77.38360 80.00540 80.60950 79.19880 79.46730 78.29420 75.15690 75.84630 77.69700 77.70440 76.20110 73.88420 75.01590 77.38650 74.91180 74.53230 74.51160 75.53250 72.40160 71.37240 70.96180 67.57640 68.42760 71.60800 76.72090 71.66540 71.30080 71.82580 70.60120 70.44060 69.94600 69.90350 69.93370 65.76750 68.45240 70.33630 69.99180 70.84550 70.27300 70.27180 70.73570 70.50470 72.70140 77.18160 -9999 -9999
-9999 -9999 78.09900 79.00180 78.52110 78.84120 77.69500 75.93110 77.72140 78.07230 78.93940 78.21020 75.30220 -9999 -9999 -9999 -9999 -9999 77.43010 83.83180 80.91410 80.81690 80.75380 77.82730 81.24010 95.29200 86.80680 82.57730 81.81970 80.48680 75.19930 78.64320 78.30070 78.45230 80.45340 78.36360 78.21200 78.69790 78.57730 79.17520 77.43720 80.42380 79.80320 76.58300 77.37830 76.83400 75.20430 74.65730 77.53730 93.61850 92.65660 89.67580 89.62620 83.89390 76.48210 71.91710 70.48990 67.66040 66.51110 71.16150 71.31660 69.08640 71.39180 70.98300 71.35170 71.77940 73.59840 -9999 -9999 -9999 -9999
-9999 -9999 79.54200 79.42000 80.16470 79.59000 77.23910 75.80810 78.44630 79.37080 77.48140 76.04950 77.44660 -9999 -9999 -9999 -9999 78.21000 76.86010 80.84940 78.70380 79.71850 81.06450 87.14750 85.79420 83.07560 80.83100 80.30900 79.29730 80.78990 79.23920 79.91710 82.29500 82.40750 81.68850 82.87580 83.54040 82.44210 81.64030 80.56090 82.32820 81.65010 81.24350 83.09370 78.11290 73.74880 75.69660 75.17000 81.57160 81.09060 84.16650 87.92200 87.56710 89.19220 87.81200 84.48520 78.50420 72.14380 73.29880 74.42050 73.13140 72.22470 73.64080 76.40520 76.92910 -9999 -9999 -9999 -9999 -9999 78.30890
-9999 -9999 80.74700 79.08390 79.99910 79.19380 76.50600 77.87520 80.56230 79.49010 78.38310 77.66190 86.78640 -9999 -9999 -9999 -9999 76.80090 79.99770 81.15110 77.71210 78.76090 82.57290 80.38970 79.75600 81.41270 79.87540 78.64570 78.26070 77.35550 77.88280 82.38350 81.72670 80.80410 82.02660 82.24960 81.58820 83.35380 82.32290 83.87300 84.59110 86.57540 86.30150 84.14060 82.69470 76.11100 74.79780 73.76650 74.03980 73.40770 78.36970 79.73990 83.63170 78.35300 80.75220 86.24620 87.34040 78.40340 77.65590 77.70740 82.16240 83.55920 82.25130 72.94600 69.58790 73.66420 77.79140 74.56800 74.61880 -9999 -9999
-9999 -9999 -9999 77.66230 81.24440 86.95890 86.89460 83.80420 78.70960 72.27600 69.79840 85.57110 -9999 -9999 -9999 -9999 76.64660 79.36070 83.30180 84.58490 82.53250 79.77540 75.77830 77.70410 78.61470 78.19870 77.75170 75.79090 77.63990 78.80440 79.26780 79.39600 79.10400 75.66970 72.73240 73.69000 79.67030 83.85910 85.87510 86.43100 86.63830 86.21430 87.97030 87.57930 88.28950 89.49750 88.25760 87.60400 84.17600 78.95860 84.33970 91.29290 87.66390 92.64150 98.67970 97.93610 87.42280 77.92370 77.23440 78.85040 80.25280 80.99960 74.97600 68.91600 63.80820 72.22890 80.00060 81.51720 79.73090 79.04390 -9999
-9999 -9999 -9999 -9999 83.39920 90.10180 87.72770 81.13030 78.20940 83.23610 87.13770 -9999 -9999 -9999 -9999 76.11850 75.25710 78.99780 82.63020 73.06070 73.62260 68.59690 67.40230 69.31300 74.91670 71.54580 68.05100 69.87540 69.23100 73.02850 73.02440 72.07640 71.16510 71.04920 73.29900 82.79790 84.27960 83.97780 84.42780 84.84260 84.10320 85.67920 85.01910 85.24420 84.94350 82.48920 84.50300 90.40780 85.91380 85.60830 86.06980 96.56990 93.64760 92.20940 94.60320 97.32920 105.70400 91.36530 87.83390 82.45070 78.33090 73.29990 70.51440 68.92500 66.48370 74.84350 82.24940 85.26080 80.15010 81.26100 82.51750
-9999 -9999 -9999 -9999 -9999 -9999 85.92680 85.26880 83.38670 83.71770 75.25800 -9999 -9999 -9999 -9999 -9999 75.73130 74.85780 75.74150 70.02260 68.49410 66.35110 68.68710 71.72670 66.10170 66.41760 72.24510 87.04770 87.79050 81.81750 72.35720 70.40010 74.95170 71.30910 73.55670 71.90170 82.23680 82.98200 84.00780 82.85900 82.31220 82.44610 82.95470 84.58940 86.31920 84.23380 81.97330 85.71620 90.51450 99.56120 92.89970 99.92310 89.97400 89.56070 87.18580 88.07780 93.84150 93.66970 84.46170 75.60100 71.08590 67.65810 68.97230 65.60150 63.65570 71.58840 86.37370 91.71460 89.69880 85.57790 81.95900
-9999 -9999 -9999 -9999 -9999 -9999 -9999 -9999 -9999 -9999 -9999 -9999 -9999 -9999 -9999 -9999 -9999 -9999 -9999 69.64920 70.26770 72.19210 67.16750 64.49690 68.29910 70.31300 73.46440 73.63570 73.62440 72.12050 72.04130 76.24330 83.25980 79.81040 74.19010 74.60570 82.70140 84.20080 83.71500 82.46170 81.35750 80.57470 81.65530 82.60740 83.72580 80.80170 81.52880 85.01080 89.18870 86.69790 86.88580 87.90090 92.81930 93.02550 89.43190 87.73760 78.73610 80.93290 76.94060 75.44280 75.45540 74.49150 65.46290 63.82160 62.61590 79.57350 88.73900 91.08030 92.49530 85.81220 81.35820
-9999 -9999 -9999 -9999 -9999 -9999 -9999 -9999 -9999 -9999 -9999 -9999 -9999 -9999 -9999 -9999 -9999 -9999 71.45900 74.19430 72.34410 65.02080 66.08200 65.33160 69.86230 74.42830 74.15410 74.93030 67.33670 66.97040 68.06400 69.36000 69.67160 70.16990 77.86140 84.22100 81.82760 84.20330 83.17820 81.33230 81.23650 80.13220 80.35280 81.01430 80.18590 80.87910 80.77180 81.59230 84.08800 90.96820 91.82500 92.54890 93.60130 92.19530 89.40400 88.62460 80.81610 76.55950 80.12670 75.59550 82.78270 85.52760 73.63560 70.24410 73.89380 81.01250 79.75790 91.07450 91.16730 89.26520 84.05480
-9999 -9999 -9999 -9999 -9999 -9999 -9999 -9999 -9999 -9999 -9999 -9999 -9999 -9999 -9999 -9999 -9999 72.09790 73.70060 69.43250 67.81670 66.30390 67.82350 69.28220 69.67640 72.12690 78.38900 71.84380 72.22860 75.05470 74.79210 76.54290 75.47860 77.90210 86.54180 84.48920 83.19420 83.35220 83.03810 80.75350 78.63170 79.74420 78.82480 79.93280 78.24370 78.49640 82.81620 84.39720 81.32060 90.15520 92.50890 91.33420 87.94690 89.25600 89.60060 90.78480 78.85040 75.77420 74.84720 75.76260 83.87330 85.42910 71.91210 72.19410 73.03160 76.51040 79.77930 82.57850 90.80580 90.02990 78.63300
-9999 -9999 -9999 -9999 -9999 -9999 -9999 -9999 -9999 -9999 -9999 -9999 -9999 -9999 -9999 -9999 -9999 72.02520 69.65610 67.24300 70.63110 73.50660 67.01310 65.08310 65.76630 61.68890 64.50640 64.54880 69.55300 69.54550 80.32590 83.26600 81.80170 85.79770 86.46010 86.58740 85.74840 80.96790 78.08210 78.70830 77.55040 77.60230 77.95560 77.81100 78.39150 81.69050 79.58560 81.65130 80.75610 83.91810 90.84520 91.77800 92.17840 93.34160 92.93310 91.61290 79.30120 76.32760 78.06980 81.56230 78.06560 74.07020 73.61910 71.90920 68.44450 71.45550 79.03070 79.16060 95.33780 93.12070 90.24760
-9999 -9999 -9999 -9999 -9999 -9999 -9999 -9999 -9999 -9999 -9999 -9999 -9999 -9999 -9999 -9999 81.48980 77.98950 67.43320 71.91030 70.18760 65.78350 62.41370 60.58970 58.23450 57.97060 59.67980 63.55780 63.69110 66.13080 67.57810 72.61040 72.39640 83.04050 85.17580 84.30620 81.00510 82.28370 79.47630 77.69470 74.14600 76.89570 80.04830 77.19410 76.48280 78.81940 78.04550 80.15170 80.49470 79.66340 88.79290 89.28580 90.06590 93.07210 92.94640 91.52380 90.73870 80.49290 86.73850 80.70420 80.20190 78.01100 77.69840 75.19860 79.50770 95.07600 102.10800 102.23100 97.26100 94.60560 89.97910
-9999 -9999 -9999 -9999 -9999 -9999 -9999 -9999 -9999 -9999 -9999 -9999 -9999 68.07610 68.52130 73.85650 71.54330 71.35850 72.28700 64.15790 63.79850 58.33850 54.80540 56.20540 56.05980 55.81220 57.43170 58.87050 58.91420 58.22230 73.79900 74.67760 68.44630 68.91720 81.61550 87.77350 84.66250 79.26260 76.96670 76.20710 76.28930 76.85760 76.96200 74.24660 80.07030 85.49970 82.71450 85.79560 86.24600 83.81040 84.45570 85.13640 84.96460 85.28290 90.70560 88.12910 85.40520 83.80700 84.03030 86.09630 86.83920 91.38620 88.85190 96.85870 102.48100 97.81560 105.02400 97.76170 92.59640 91.12400 85.58570
-9999 -9999 -9999 -9999 -9999 -9999 -9999 -9999 -9999 -9999 -9999 -9999 66.62650 67.08910 75.86760 74.71290 72.24870 67.31760 62.42300 57.94310 58.68210 59.96640 59.17050 60.60650 56.69930 54.62500 54.10880 55.54870 74.10650 72.14960 77.50860 75.82840 76.67880 65.85950 77.57350 84.27160 77.29810 76.63820 75.81290 74.39120 73.87380 73.93570 76.92070 78.15260 85.83450 83.76260 78.59120 86.11830 89.23650 92.20180 79.65890 80.61110 79.17150 82.93720 82.95890 85.31780 87.60640 88.59470 89.53460 90.91330 87.39530 89.38290 91.65280 94.69800 97.94470 97.33200 97.96760 91.96970 93.73600 88.16930 73.35410
-9999 -9999 -9999 -9999 -9999 -9999 -9999 -9999 -9999 -9999 -9999 74.31930 70.70200 72.12580 68.14740 62.55490 60.65930 61.75800 62.23130 58.75540 59.71590 52.66890 52.57510 53.67540 54.39740 53.22270 69.09010 52.00480 69.65490 70.54720 76.34390 57.32590 59.75350 62.60460 69.73330 79.83300 75.26190 74.25440 71.63730 69.58410 68.84050 75.11460 78.18330 82.90990 85.59920 85.39880 86.42570 87.65560 88.68410 88.18560 84.91100 79.83280 81.69130 82.88400 82.01710 82.26550 85.47580 86.17360 85.09790 85.07530 88.94230 88.02510 89.89500 88.33960 96.42780 91.88850 91.57710 92.51150 88.18280 77.07800 65.19120
-9999 -9999 -9999 -9999 -9999 -9999 -9999 -9999 -9999 -9999 68.81920 68.08260 63.57330 65.51710 62.05150 58.14810 56.56180 56.00110 57.22400 54.98510 52.26800 50.58080 51.53080 50.70340 52.19040 52.76560 52.41050 68.63170 69.55120 55.09660 57.17830 56.84090 54.32570 75.72200 82.21380 76.92780 74.81530 74.29500 72.54890 69.30030 75.80850 78.92260 80.81020 84.65130 84.18460 81.76840 84.09930 86.84630 86.48870 88.46450 87.75050 79.89960 81.11850 80.51490 80.31740 80.18850 85.69910 87.91370 87.04570 90.83180 89.42750 85.91620 86.56340 88.17780 91.97410 91.37300 94.29200 88.25560 84.67850 70.40830 65.43100
-9999 -9999 -9999 -9999 -9999 -9999 -9999 -9999 -9999 59.27670 59.99140 59.79370 59.23970 61.80390 58.99340 56.75240 55.18510 53.56490 52.60400 49.99020 50.54010 49.76710 49.61680 50.41190 50.78150 53.40100 52.66200 53.56300 53.74060 54.86110 55.71460 59.42920 61.83380 63.08800 78.90800 76.95390 75.34250 73.33010 72.10220 70.66670 77.85680 77.72930 79.68040 86.16680 82.94780 92.10760 84.67810 85.11620 89.18000 89.03530 90.36100 82.39450 78.90030 81.59230 80.08890 83.77700 87.92090 89.40050 88.81210 90.21030 84.97460 85.54810 84.91470 88.50850 84.00380 85.05210 85.69270 87.81450 75.76790 65.88700 66.06970
-9999 -9999 -9999 -9999 -9999 -9999 -9999 -9999 -9999 -9999 53.54960 52.56830 51.77310 54.98960 52.53690 53.35270 53.64440 52.25460 52.58210 49.51220 49.91160 49.02440 49.46240 -9999 -9999 -9999 -9999 -9999 -9999 54.27940 56.63300 58.81580 64.88600 65.59440 69.03220 77.16650 76.50590 71.90910 69.04090 67.02500 74.66430 76.23810 68.93370 90.16090 84.91690 90.90380 92.16320 82.28890 86.02570 86.38180 83.63750 78.26710 78.52890 78.84960 85.46540 82.73270 84.46030 85.68770 89.20570 87.91400 86.49920 82.82140 84.68720 87.83750 87.52600 84.82830 87.59700 84.12050 70.85680 71.34050 67.23220
-9999 -9999 -9999 -9999 -9999 -9999 -9999 -9999 -9999 -9999 -9999 -9999 50.16930 47.93720 48.25490 47.23290 47.07310 48.16650 49.31230 -9999 -9999 -9999 -9999 -9999 -9999 -9999 -9999 -9999 -9999 -9999 -9999 -9999 -9999 63.02900 68.41520 73.51930 79.08880 71.98750 67.27500 57.39090 71.21100 77.16380 73.63550 72.63600 73.46770 84.43310 91.82130 84.34720 86.31890 89.22440 88.94410 81.87910 82.48170 81.32140 86.36390 84.02360 83.70920 78.77710 76.90430 82.95820 82.81120 80.00230 83.31010 85.61310 84.95040 86.06100 85.25680 75.16210 73.29650 82.17070 90.06450
-9999 -9999 -9999 -9999 -9999 -9999 -9999 -9999 -9999 -9999 -9999 -9999 -9999 -9999 -9999 -9999 -9999 -9999 -9999 -9999 -9999 -9999 -9999 -9999 -9999 -9999 -9999 -9999 -9999 -9999 -9999 -9999 -9999 -9999 75.05780 76.39600 75.27550 76.49460 62.86580 72.37290 72.70720 75.86150 76.73810 70.47110 89.10140 89.41170 89.46060 83.90150 85.21020 86.61560 84.72230 81.59560 87.16010 80.99070 81.22420 79.63100 79.34490 82.66620 81.21070 82.80240 81.57640 88.42920 85.05370 84.26050 83.48440 85.62420 87.57950 77.45470 78.17850 87.28220 95.71250
-9999 -9999 -9999 -9999 -9999 -9999 -9999 -9999 -9999 -9999 -9999 -9999 -9999 -9999 -9999 -9999 -9999 -9999 -9999 -9999 -9999 -9999 -9999 -9999 -9999 -9999 -9999 -9999 -9999 -9999 -9999 -9999 -9999 -9999 66.27270 75.35930 75.79890 63.96490 57.73790 74.55100 76.56950 83.78430 83.94680 78.31880 74.26140 80.23250 80.00270 85.03100 87.63860 87.36670 84.96450 87.49660 79.68780 79.13380 78.37900 77.48700 82.27110 78.25970 80.51090 87.30410 86.77230 87.52270 84.59010 83.65810 86.94430 80.61470 89.30970 79.01460 81.67960 91.72190 -9999
-9999 -9999 -9999 -9999 -9999 -9999 -9999 -9999 -9999 -9999 -9999 -9999 -9999 -9999 -9999 -9999 -9999 -9999 -9999 -9999 -9999 -9999 -9999 -9999 -9999 -9999 -9999 -9999 -9999 -9999 -9999 -9999 -9999 -9999 -9999 -9999 -9999 -9999 74.26400 75.81530 78.70260 74.22260 70.21200 74.26300 83.93230 79.98590 80.45990 85.71890 88.52100 86.93120 86.85550 83.70510 82.54870 78.00730 80.59660 77.68430 74.74980 75.09930 80.07710 83.42000 84.08190 83.65940 86.56910 85.10780 88.02930 81.15060 85.49160 89.38290 81.64500 -9999 -9999
