data/hydroclimate-scenarios/BCSD_hadcm_A1B/monthly_summaries/soilm3_monthly_day1_apr.2030-2059.asc
ncols	311
nrows	91
xllcenter	102.75
yllcenter	31.75
cellsize	0.5
NODATA_value	-9999
[rows 0 to 31 of 91, columns 213 to 283 of 311]
-9999 -9999 -9999 -9999 -9999 -9999 -9999 -9999 -9999 -9999 -9999 -9999 -9999 -9999 -9999 -9999 -9999 -9999 -9999 -9999 -9999 -9999 -9999 -9999 -9999 -9999 -9999 -9999 -9999 -9999 -9999 -9999 -9999 -9999 -9999 -9999 -9999 -9999 -9999 -9999 -9999 -9999 -9999 -9999 -9999 -9999 -9999 -9999 -9999 -9999 -9999 -9999 -9999 -9999 -9999 -9999 -9999 -9999 -9999 -9999 -9999 -9999 -9999 -9999 -9999 -9999 -9999 -9999 -9999 -9999 -9999
-9999 -9999 -9999 -9999 -9999 -9999 -9999 -9999 -9999 -9999 -9999 -9999 -9999 -9999 -9999 -9999 -9999 -9999 -9999 -9999 -9999 -9999 -9999 -9999 -9999 -9999 -9999 -9999 -9999 -9999 -9999 -9999 -9999 -9999 -9999 -9999 -9999 -9999 -9999 -9999 -9999 -9999 -9999 -9999 -9999 -9999 -9999 -9999 -9999 -9999 -9999 -9999 -9999 -9999 -9999 -9999 -9999 -9999 -9999 -9999 -9999 -9999 -9999 -9999 -9999 -9999 -9999 -9999 -9999 -9999 -9999
-9999 -9999 -9999 -9999 -9999 -9999 -9999 -9999 -9999 -9999 -9999 -9999 -9999 -9999 -9999 -9999 -9999 -9999 -9999 -9999 -9999 -9999 -9999 -9999 -9999 -9999 -9999 -9999 -9999 -9999 -9999 -9999 -9999 -9999 -9999 -9999 -9999 -9999 -9999 -9999 -9999 -9999 -9999 -9999 -9999 -9999 -9999 -9999 -9999 -9999 -9999 -9999 -9999 -9999 -9999 -9999 -9999 -9999 -9999 -9999 -9999 -9999 -9999 -9999 -9999 -9999 -9999 -9999 -9999 -9999 -9999
-9999 -9999 -9999 -9999 -9999 -9999 -9999 -9999 -9999 -9999 -9999 -9999 -9999 -9999 -9999 -9999 -9999 -9999 -9999 -9999 -9999 -9999 -9999 -9999 -9999 -9999 -9999 -9999 -9999 -9999 -9999 -9999 -9999 -9999 -9999 -9999 -9999 -9999 -9999 -9999 -9999 -9999 -9999 -9999 -9999 -9999 -9999 -9999 -9999 -9999 -9999 -9999 -9999 -9999 -9999 -9999 -9999 -9999 -9999 -9999 -9999 -9999 -9999 -9999 -9999 -9999 -9999 -9999 -9999 -9999 -9999
-9999 -9999 -9999 -9999 -9999 -9999 -9999 -9999 -9999 -9999 -9999 -9999 -9999 -9999 -9999 -9999 -9999 -9999 -9999 -9999 -9999 -9999 -9999 -9999 -9999 -9999 -9999 -9999 -9999 -9999 -9999 -9999 -9999 -9999 -9999 -9999 -9999 -9999 -9999 -9999 -9999 -9999 -9999 -9999 -9999 -9999 -9999 -9999 -9999 -9999 -9999 -9999 -9999 -9999 -9999 -9999 -9999 -9999 -9999 -9999 -9999 -9999 -9999 -9999 -9999 -9999 -9999 -9999 -9999 -9999 -9999
-9999 -9999 -9999 -9999 -9999 -9999 -9999 -9999 -9999 -9999 -9999 -9999 -9999 -9999 -9999 -9999 -9999 -9999 -9999 -9999 -9999 -9999 -9999 -9999 -9999 -9999 -9999 -9999 -9999 -9999 -9999 -9999 -9999 -9999 -9999 -9999 -9999 -9999 -9999 -9999 -9999 -9999 -9999 -9999 -9999 -9999 -9999 -9999 -9999 -9999 -9999 -9999 -9999 -9999 -9999 -9999 -9999 -9999 -9999 -9999 -9999 -9999 -9999 -9999 -9999 -9999 -9999 -9999 -9999 -9999 -9999
-9999 -9999 -9999 -9999 -9999 -9999 -9999 -9999 -9999 -9999 -9999 -9999 -9999 -9999 -9999 -9999 -9999 -9999 -9999 -9999 -9999 -9999 -9999 -9999 -9999 -9999 -9999 -9999 -9999 -9999 -9999 -9999 -9999 -9999 -9999 -9999 -9999 -9999 -9999 -9999 -9999 -9999 -9999 -9999 -9999 -9999 -9999 -9999 -9999 -9999 -9999 -9999 -9999 -9999 -9999 -9999 -9999 -9999 -9999 -9999 -9999 -9999 -9999 -9999 -9999 -9999 -9999 -9999 -9999 -9999 -9999
-9999 -9999 -9999 -9999 -9999 -9999 -9999 -9999 -9999 -9999 -9999 -9999 -9999 -9999 -9999 -9999 -9999 -9999 -9999 -9999 -9999 -9999 -9999 -9999 -9999 -9999 -9999 -9999 -9999 -9999 -9999 -9999 -9999 -9999 -9999 -9999 -9999 -9999 -9999 -9999 -9999 -9999 -9999 -9999 -9999 -9999 -9999 -9999 -9999 -9999 -9999 -9999 -9999 -9999 -9999 -9999 -9999 -9999 -9999 -9999 -9999 -9999 -9999 -9999 -9999 -9999 -9999 -9999 -9999 -9999 -9999
-9999 -9999 -9999 -9999 -9999 -9999 -9999 -9999 -9999 -9999 -9999 -9999 -9999 -9999 -9999 -9999 -9999 -9999 -9999 -9999 -9999 -9999 -9999 -9999 -9999 -9999 -9999 -9999 -9999 -9999 -9999 -9999 -9999 -9999 -9999 -9999 -9999 -9999 -9999 -9999 -9999 -9999 -9999 -9999 -9999 -9999 -9999 -9999 -9999 -9999 -9999 -9999 -9999 -9999 -9999 -9999 -9999 -9999 -9999 -9999 -9999 -9999 -9999 -9999 -9999 -9999 -9999 -9999 -9999 -9999 -9999
-9999 -9999 -9999 -9999 -9999 -9999 -9999 -9999 -9999 -9999 -9999 -9999 -9999 -9999 -9999 -9999 -9999 -9999 -9999 -9999 -9999 -9999 -9999 -9999 -9999 -9999 -9999 -9999 -9999 -9999 -9999 -9999 -9999 -9999 -9999 -9999 -9999 -9999 -9999 -9999 -9999 -9999 -9999 -9999 -9999 -9999 -9999 -9999 -9999 -9999 -9999 -9999 -9999 -9999 -9999 -9999 -9999 -9999 -9999 -9999 -9999 -9999 -9999 -9999 -9999 -9999 -9999 -9999 -9999 -9999 -9999
-9999 -9999 -9999 -9999 -9999 -9999 -9999 -9999 -9999 -9999 -9999 -9999 -9999 -9999 -9999 -9999 -9999 -9999 -9999 -9999 -9999 -9999 -9999 -9999 -9999 -9999 -9999 -9999 -9999 -9999 -9999 -9999 -9999 -9999 -9999 -9999 -9999 -9999 -9999 -9999 -9999 -9999 -9999 -9999 -9999 -9999 -9999 -9999 -9999 -9999 -9999 -9999 -9999 -9999 -9999 -9999 -9999 -9999 -9999 -9999 -9999 -9999 -9999 -9999 -9999 -9999 -9999 -9999 -9999 -9999 -9999
-9999 -9999 -9999 -9999 -9999 -9999 -9999 -9999 -9999 -9999 -9999 -9999 -9999 -9999 -9999 -9999 -9999 -9999 -9999 -9999 -9999 -9999 -9999 -9999 -9999 -9999 -9999 -9999 -9999 -9999 -9999 -9999 -9999 -9999 -9999 -9999 -9999 -9999 -9999 -9999 -9999 -9999 -9999 -9999 -9999 -9999 -9999 -9999 -9999 -9999 -9999 -9999 -9999 -9999 -9999 -9999 -9999 -9999 -9999 -9999 -9999 -9999 -9999 -9999 -9999 -9999 -9999 -9999 -9999 -9999 -9999
-9999 -9999 -9999 -9999 -9999 -9999 -9999 -9999 -9999 -9999 -9999 -9999 -9999 -9999 -9999 -9999 -9999 -9999 -9999 -9999 -9999 -9999 -9999 -9999 -9999 -9999 -9999 -9999 -9999 -9999 -9999 -9999 -9999 -9999 -9999 -9999 -9999 -9999 -9999 -9999 -9999 -9999 -9999 -9999 -9999 -9999 -9999 -9999 -9999 -9999 -9999 -9999 -9999 -9999 -9999 -9999 -9999 -9999 -9999 -9999 -9999 -9999 -9999 -9999 -9999 -9999 -9999 -9999 -9999 -9999 -9999
19.21310 19.19270 19.51240 19.61150 19.21120 19.43340 -9999 -9999 -9999 -9999 -9999 -9999 -9999 -9999 -9999 -9999 -9999 -9999 -9999 -9999 -9999 -9999 -9999 -9999 -9999 -9999 -9999 -9999 -9999 -9999 -9999 -9999 -9999 -9999 -9999 -9999 -9999 -9999 -9999 -9999 -9999 -9999 -9999 -9999 -9999 -9999 -9999 22.08730 -9999 -9999 -9999 -9999 -9999 -9999 -9999 -9999 -9999 -9999 -9999 -9999 -9999 -9999 -9999 -9999 -9999 -9999 -9999 -9999 -9999 -9999 -9999
19.15250 19.16280 19.12580 19.13140 19.16470 19.47180 19.71230 20.31540 20.94910 21.39680 22.33690 23.62300 23.44420 22.25170 22.01850 22.50730 22.73610 22.64460 23.49090 -9999 -9999 -9999 -9999 -9999 -9999 -9999 -9999 -9999 -9999 -9999 -9999 -9999 -9999 -9999 -9999 -9999 -9999 -9999 -9999 -9999 -9999 -9999 21.34240 20.71300 19.74140 19.11850 19.20190 19.34790 20.13910 -9999 -9999 -9999 19.66490 -9999 -9999 -9999 19.70160 19.94690 19.94860 -9999 -9999 -9999 -9999 -9999 -9999 -9999 -9999 -9999 -9999 -9999 -9999
20.95660 21.56840 22.10590 22.61230 23.34640 23.35520 23.33110 23.33340 23.38220 23.46600 23.46780 23.71330 23.73550 23.86010 23.91590 23.85290 23.75460 23.72490 23.52310 23.48900 23.48010 23.54190 23.71840 23.88650 23.60970 -9999 -9999 -9999 -9999 -9999 18.85360 18.36810 18.36710 20.66910 22.09930 21.41940 20.99460 20.17920 19.95630 19.83120 19.59320 19.12230 19.10940 19.10930 19.11460 19.11440 19.25200 19.32740 19.38780 19.46000 19.49270 19.60100 19.69240 19.84530 19.70420 19.71260 19.86650 19.97200 20.14140 20.12760 20.09900 19.97760 19.96440 19.93000 -9999 -9999 -9999 -9999 -9999 -9999 -9999
23.49780 23.59990 23.69200 23.83930 23.67320 23.77170 23.72370 23.23230 22.24320 21.44860 20.72150 132.41100 132.13499 132.50600 132.25600 132.28999 131.91400 19.51460 19.33670 19.80940 21.92070 22.41050 22.77140 22.87610 23.05580 23.02040 22.85260 22.82740 22.94640 22.81490 22.25510 18.44260 18.33960 18.33980 18.91380 19.15180 19.15110 19.12710 19.13190 19.12320 19.13980 19.13610 19.11670 19.11950 19.13060 19.12610 19.18700 19.21460 19.25600 19.32080 19.50160 19.61230 19.66320 19.73580 19.73850 19.78620 19.77330 19.89270 20.01310 20.01910 20.02770 20.06780 20.07580 20.05720 19.94920 19.96120 20.00830 20.03030 20.03510 20.09510 20.13820
23.69560 23.42130 22.93280 22.32990 21.57900 132.59000 132.32899 131.95300 131.87700 131.58099 131.50600 131.50301 131.54100 131.50301 131.50200 131.50101 131.50200 131.50600 131.70900 131.71400 131.76401 131.84599 132.40700 132.47900 129.84801 130.10400 24.20180 130.24699 22.76230 22.92160 24.83950 20.57150 18.37470 18.80230 19.18460 19.15910 19.23510 19.20970 19.18870 19.15940 19.16120 19.16800 19.13760 19.12770 19.12390 19.12000 19.13860 19.15760 19.18680 19.21620 19.29250 19.39020 19.40580 19.63350 19.58880 19.64690 19.76940 19.74480 19.89720 19.88200 19.98530 19.98380 19.92820 19.95990 19.87610 19.93670 20.02010 20.12330 20.15800 20.22090 20.29630
132.55800 132.59300 132.15500 132.32300 132.46500 131.71800 131.62000 131.50200 131.50200 131.52600 131.50900 131.51300 131.50101 131.51900 131.50301 131.52299 131.52600 131.50800 131.62601 131.54800 131.85699 132.26700 132.73500 130.56400 130.12700 130.03799 132.01500 131.88800 131.70300 22.60800 24.50880 23.94370 20.22230 18.02470 18.03810 18.01080 17.99910 18.03140 17.97900 17.98530 17.94690 17.94350 17.99670 17.99960 17.94700 17.96720 17.99990 17.96290 18.01120 18.52630 19.31840 19.35870 19.40270 19.43230 19.52780 19.64420 19.63480 19.73870 19.78680 19.78890 19.85120 18.62010 18.85900 19.33120 19.15300 19.27710 19.65890 20.14430 20.07480 20.10300 20.74620
132.66100 132.87199 132.82700 132.37199 132.21100 132.06799 131.68800 131.70500 131.70900 131.56300 131.51199 131.50700 131.51300 131.50700 131.52200 131.51700 131.50999 131.51500 132.55200 132.50200 131.99100 132.32800 131.87300 130.39999 129.94299 129.95900 129.86400 130.02100 131.87199 130.12601 22.70670 24.17340 23.53850 18.43280 19.57060 19.45210 19.57860 19.58630 19.49910 19.53740 19.74220 19.71240 19.64810 19.64480 19.37390 19.50920 19.37670 19.37460 19.52980 19.58100 19.70420 18.49480 18.60600 18.65440 18.04770 18.09430 18.14130 18.21010 18.50310 19.03960 19.00800 20.06850 20.07780 20.07920 19.81060 19.87030 19.97080 19.76810 21.85260 22.85920 23.07830
132.73500 133.16800 133.18300 132.72301 132.36900 132.00600 131.78400 131.62000 131.51100 131.50400 131.51401 131.51401 131.50600 131.50400 131.50301 131.51500 131.53700 131.54700 131.87100 131.61000 131.53300 131.53900 131.57600 131.55099 129.81000 129.89101 130.01601 130.02400 129.84300 129.81000 23.35260 22.97690 24.95500 25.11760 25.01280 21.87060 19.48050 18.80750 18.36030 18.33670 20.09210 20.00310 19.73230 19.60930 19.51020 19.58240 19.55360 19.50610 19.59760 19.59440 19.60840 19.61310 19.62320 19.64960 19.48100 19.56640 19.48670 19.51500 19.66500 19.63680 18.96110 19.99110 19.74920 19.85810 19.67490 19.70840 20.69950 22.34260 22.46980 22.58210 22.75010
132.60300 132.20500 131.83099 131.54300 131.53500 131.52499 131.51900 131.52100 131.51300 131.50600 131.51199 131.50900 131.50200 131.50101 131.50700 131.50700 131.51500 131.51801 132.19000 131.89200 131.50999 131.50700 131.50000 131.50101 131.50101 131.56700 129.87199 130.16200 129.81000 129.80000 24.78250 24.84890 24.97090 25.09210 25.06600 24.99310 24.98670 24.93840 25.09210 25.11410 25.04950 23.82750 24.15940 24.12650 21.39640 22.86170 23.28120 22.12600 20.11250 19.81660 19.76020 19.61570 19.64190 19.68700 19.63850 19.74350 19.51940 19.49920 19.54030 19.67650 20.17500 19.89370 19.70780 19.76370 19.59220 19.54530 21.90950 22.06060 22.13570 22.35040 22.52520
132.42599 131.70700 131.59900 131.62900 131.95000 132.52000 133.37500 133.30901 132.77901 132.21600 131.88600 131.68700 131.53500 131.50101 131.51700 131.53500 131.77100 131.61800 131.95599 131.98700 131.50200 131.50000 131.50000 131.50000 131.50000 23.30090 23.30140 23.30310 23.30800 23.94520 24.07790 24.61200 24.60120 24.04420 24.10700 23.72070 23.68380 23.67490 24.12450 23.75440 23.91900 23.95600 24.14870 23.50780 24.60570 24.54690 24.46400 24.36490 24.34470 24.35240 23.32700 22.58660 20.24950 19.87110 19.58370 19.52880 19.56790 19.75900 19.62150 20.01950 20.18060 19.63580 19.68340 19.64580 19.40230 19.35270 21.82300 21.87380 21.90080 22.01890 22.43390
132.54100 132.53700 132.66400 132.29401 132.21800 132.99699 133.74899 133.79900 132.91299 132.81700 132.88400 132.85300 132.38699 132.86099 132.46500 131.92000 131.73199 131.54601 132.12300 132.02800 131.55099 131.50000 23.30000 23.30000 23.30000 23.30000 23.30010 23.30040 23.30200 23.30460 23.32390 23.30460 23.30390 23.30210 23.31320 23.31810 23.31260 23.33470 23.31820 23.32830 23.34840 23.37320 23.54930 23.63260 23.66590 23.69000 23.78670 23.57240 23.99790 24.72210 24.50410 24.47630 24.12410 23.20380 20.04880 19.47710 19.56340 19.96920 19.76920 19.69030 19.62310 19.54780 19.44090 19.47930 19.22920 19.32690 19.87200 21.76550 21.72660 21.77090 21.98370
132.05200 132.05400 132.27800 132.26199 132.26199 132.18600 131.79500 131.92500 132.75000 132.48599 132.77299 132.63699 132.84300 132.64700 132.19800 132.01199 131.61400 131.50900 131.52400 132.11501 132.50900 131.78000 131.68600 131.69901 21.60000 22.60000 23.30010 23.40000 23.40000 23.50030 23.60020 23.73750 23.83150 23.76140 23.64200 23.54180 23.57680 23.49210 23.41900 23.38000 23.58680 23.57710 23.66190 23.63190 23.68060 23.74270 23.65910 23.80060 23.74660 23.89620 23.82560 23.53350 24.13370 23.77120 23.23600 19.28380 19.32350 19.47390 19.42570 19.43410 19.35120 19.29060 19.35220 19.12780 19.34030 19.43630 19.51150 19.66230 21.70040 21.67950 21.81160
132.15100 132.16499 131.98000 132.19501 132.60400 132.48300 132.60100 132.60500 132.49800 132.04800 132.25999 132.55701 132.90199 133.25800 133.28700 131.78200 131.56799 131.52499 131.57700 131.55701 131.52000 131.53400 131.50000 131.50301 131.50200 131.66400 131.50000 131.50000 23.00020 131.50000 131.50000 131.50101 131.50101 131.50200 131.50101 131.50200 23.90580 23.51440 131.54500 131.78000 23.53160 23.56020 23.63850 23.76110 23.81780 23.90600 23.84500 23.74950 23.74410 23.84170 23.82000 23.85900 23.33980 24.11190 23.68710 23.32830 19.48860 19.28240 19.26210 19.32050 19.23850 19.22350 19.32350 19.08950 19.13110 19.21950 19.47470 19.42130 19.27210 21.65980 21.69890
133.45799 133.65100 133.41299 133.36301 133.06300 133.75400 133.71600 133.51300 133.60899 133.84000 134.14700 133.99500 133.75101 133.05000 133.36301 132.56599 132.11099 131.66800 131.72800 131.50999 131.51500 131.51601 131.50301 131.50400 131.50000 131.50000 131.50101 131.50101 131.50200 131.51500 131.52600 131.50700 131.50600 131.51601 131.52000 131.52901 131.50600 131.50600 131.52800 131.61000 131.75400 131.78101 23.79220 24.06250 24.14330 24.30830 24.06830 24.04330 23.76510 23.71470 23.81460 23.99020 23.58480 23.30980 24.36170 23.20070 19.75260 19.76260 19.78730 19.85930 19.46460 19.45940 19.41060 19.31700 19.24480 19.27820 19.51460 19.41710 19.52320 19.60020 21.62940
134.00999 24.29550 22.06870 20.68100 133.77100 133.65601 20.63860 20.60850 20.73010 20.75480 134.09000 20.50910 20.89180 134.41600 134.69501 133.08099 131.70399 131.69099 133.34599 132.63000 131.95700 131.99200 131.58099 131.69901 131.50101 131.50101 131.50101 131.50301 131.50600 131.51100 131.50400 131.50101 131.50700 131.52000 131.50200 131.50500 131.53000 131.56100 131.57201 131.66701 131.81700 132.12100 24.44130 24.48760 24.67730 24.84500 24.63280 24.49630 23.98980 24.05980 24.02710 23.81250 23.73260 23.63700 24.66850 23.46410 20.95460 19.72680 19.96210 19.90510 19.48670 19.61170 19.55320 19.33910 19.23660 19.21580 19.37110 19.49830 19.61820 19.66240 22.41630
22.50220 23.42710 22.45250 23.71750 25.33930 25.17570 24.35230 22.34240 20.68970 20.46000 20.56450 20.58320 22.98950 24.56880 26.77360 134.63699 135.28799 131.91200 135.03400 134.25200 133.76900 133.06200 132.30701 131.74699 131.50000 131.50000 131.50500 131.51401 131.51300 131.55499 131.59399 131.52000 131.51300 131.50400 131.50101 131.50101 131.50900 131.53900 131.64200 131.99800 132.09801 132.27699 24.81210 24.73540 24.96240 25.18850 25.14950 24.95030 24.70010 24.67210 24.27810 24.24240 23.99350 24.02500 24.79990 23.72500 19.81730 20.16810 20.23830 20.17480 18.39620 18.42310 18.49840 18.45120 18.31830 19.34480 19.52020 19.95830 19.45410 20.93480 21.01510
25.57060 27.11180 23.07050 22.72200 22.53240 25.04480 25.01660 24.87740 23.46690 20.84660 19.59020 19.90640 22.68990 23.04850 23.73550 133.92300 135.32700 135.80600 134.28200 134.19901 134.80701 135.34900 135.18700 133.14301 131.63200 131.50500 131.50101 131.50000 131.50101 131.55400 131.52200 131.50400 131.50700 131.50600 131.50200 131.50200 131.55400 131.54700 131.64799 132.26900 132.69901 132.99400 132.99600 25.41800 25.44610 25.73190 25.67200 25.46840 25.32610 24.97770 24.67050 24.25110 24.07450 24.41280 23.88960 22.93150 20.97000 20.71950 20.56470 23.32590 21.58970 20.75340 20.33010 19.44110 18.39580 18.35650 19.71080 20.63650 21.25920 21.31100 21.31190
25.51960 24.77930 25.44360 25.96070 26.71740 25.36790 25.21480 25.08510 25.37080 25.66040 25.28560 24.46570 26.52640 28.13650 25.45980 135.30400 24.82850 26.69270 134.09900 134.20300 134.43100 134.70000 134.77901 133.54700 131.73500 131.50800 131.52400 131.73700 131.50200 131.62100 131.52299 131.50999 131.52600 131.50500 131.55000 131.56900 131.53900 131.78799 132.15199 132.48199 132.59399 26.15020 27.29860 26.87260 26.30220 26.54810 26.18960 25.85390 25.86830 25.79980 25.25210 24.86780 24.23080 24.29950 24.36960 22.21700 21.50190 21.19970 21.89040 22.10370 21.42150 22.90300 22.54590 22.47670 23.20420 23.21010 23.44260 23.36620 24.54370 22.66060 22.40490
28.85420 -9999 29.20460 29.45240 31.99560 31.75450 -9999 30.81870 28.22570 24.81790 22.93740 25.69010 30.18980 29.36110 30.04970 30.91540 31.34110 28.07070 26.93560 26.02800 134.25900 134.06200 135.07100 135.09300 134.84500 133.08800 25.09310 24.55320 24.67410 132.14200 131.85899 131.88400 131.52200 131.54500 131.54800 131.69000 132.02299 131.94501 131.77600 25.11200 25.72580 25.07350 27.69020 27.46980 26.56010 26.61040 26.34780 26.25520 26.52390 26.55820 26.33270 25.96180 25.43740 24.64470 23.76370 21.43880 21.60530 21.28680 21.06560 21.13830 20.46900 20.29090 20.44610 20.24970 20.12810 19.96380 19.92010 20.75860 21.43090 21.95950 21.95010
