data/hydroclimate-scenarios/BCSD_hadcm_A1B/monthly_summaries/soilm1_monthly_day1_jul.2070-2099.asc
ncols	311
nrows	91
xllcenter	102.75
yllcenter	31.75
cellsize	0.5
NODATA_value	-9999
[rows 32 to 63 of 91, columns 0 to 70 of 311]
-9999 -9999 -9999 -9999 -9999 -9999 -9999 -9999 -9999 -9999 -9999 61.28570 61.12000 71.49420 60.88680 65.18680 60.77360 72.04190 63.57520 63.97570 74.42150 76.11190 75.95010 76.50520 66.64280 65.15310 66.94370 76.50020 76.95980 78.01010 78.25760 77.08890 78.69340 78.86490 79.40550 75.26630 76.59880 79.02920 70.79610 70.05610 67.47160 66.07520 69.84700 66.28910 64.81020 65.04960 62.12690 59.43250 58.26150 59.48020 58.48850 64.10440 63.69070 65.92300 65.68190 61.64670 63.16000 58.68610 55.25860 56.31300 57.20130 59.05910 54.90410 71.36720 71.48060 51.26130 54.78000 58.64890 59.44110 59.79010 59.58990
-9999 -9999 -9999 -9999 -9999 -9999 -9999 -9999 -9999 -9999 -9999 65.17440 66.24900 61.22840 58.96970 61.89200 61.45070 74.47190 74.04360 74.87420 75.64560 76.72270 67.63830 68.00170 69.15180 69.30870 68.35510 69.26920 65.98960 61.07390 72.57750 77.11160 78.48120 66.89220 65.32640 55.92530 63.57440 70.85470 68.70470 70.36570 68.78110 71.50230 71.42960 69.21230 71.98190 67.35490 64.67700 60.39830 58.75490 57.03650 56.17630 61.37610 60.35410 55.80930 54.30360 58.86020 58.71650 52.99930 56.23410 61.10500 58.91370 74.25430 71.94430 53.26510 73.64250 57.02470 57.51710 58.32540 57.60450 58.88020 57.43280
-9999 -9999 -9999 -9999 -9999 -9999 -9999 -9999 -9999 -9999 -9999 -9999 65.55280 64.84300 62.40450 62.62040 64.42160 74.00610 73.81620 76.23590 66.90900 65.64860 66.26040 66.05850 64.55860 63.86570 63.63010 62.51140 58.52240 63.32880 64.78200 62.90360 63.93420 66.06610 64.01200 64.70400 67.68020 71.79370 65.98240 63.38520 63.45880 63.49480 63.39450 59.93650 60.43580 65.25770 62.04200 62.49180 60.03820 58.66620 55.24790 57.07300 56.88350 57.80250 55.82260 47.31880 46.44220 47.83580 68.22840 69.15470 68.36370 52.38330 52.34200 52.14900 52.75390 71.42040 54.95680 58.50840 59.82010 63.64450 60.35130
-9999 -9999 -9999 -9999 -9999 -9999 -9999 -9999 -9999 -9999 -9999 -9999 65.18270 63.27720 66.09590 64.90370 65.04620 62.84060 63.57860 65.95230 67.29410 69.05210 67.09920 59.88670 56.45220 55.16580 53.64580 59.70340 56.96550 62.78510 67.28580 64.81340 64.85450 60.18700 65.77820 66.46980 62.76250 69.59680 72.00280 67.70310 65.60630 68.96780 65.76280 66.23860 68.31820 68.73470 69.66510 67.42450 60.77730 63.03400 59.31690 57.94600 56.63130 57.24220 55.70440 47.11720 67.23060 46.34200 50.66160 53.29870 50.05880 56.77470 57.38010 58.02220 56.58200 52.63210 53.50530 55.89530 57.29120 59.55460 60.34990
-9999 -9999 -9999 -9999 -9999 -9999 -9999 -9999 -9999 -9999 -9999 -9999 64.72720 63.59070 62.86450 63.19630 63.53280 64.45370 65.03290 66.92150 67.43720 68.40270 66.25620 59.34530 59.67200 60.04310 62.21090 58.87220 63.44690 60.83650 58.95800 58.73780 66.47510 67.25210 64.56890 61.51510 64.26510 67.16100 65.06700 72.62430 74.27560 69.19940 66.03770 71.20060 72.72530 72.04910 70.72200 75.14300 74.30550 64.38520 61.42340 58.14650 53.53140 53.98420 53.78380 50.89250 50.08990 52.65410 54.87980 56.06160 53.88850 56.85640 54.81550 51.08810 51.75180 55.14700 56.41580 59.67530 61.64320 63.37430 63.27310
-9999 -9999 -9999 60.68380 65.64230 62.71180 59.91580 60.94770 61.54790 -9999 66.48190 65.39810 63.22710 61.30880 61.72430 63.24310 64.40110 63.06320 65.93680 65.17610 68.93390 66.31140 62.56880 63.57080 61.77630 65.17920 65.47470 61.13970 59.29600 54.84040 59.61570 60.55030 54.92890 56.69490 58.64990 46.10290 55.81970 61.44020 68.27450 72.37750 72.67030 69.86290 69.86360 69.69450 66.92080 64.02550 67.17140 67.43310 66.61630 65.33450 63.52130 59.59580 58.87510 61.59920 59.46220 54.72620 54.40880 51.43860 53.11820 51.41640 52.20410 56.89480 56.00570 58.10630 53.58750 56.18060 58.50500 63.56670 65.33620 67.38620 68.65010
-9999 -9999 -9999 60.52180 61.01250 65.32760 63.12620 64.53610 62.04690 58.51530 64.33490 62.27650 66.26240 56.93950 60.36170 61.53480 62.37850 64.94100 65.70190 63.86530 62.55810 67.04690 67.57940 67.50000 65.77720 66.10490 65.30780 62.14950 61.37240 58.53640 46.65330 56.49420 58.02110 54.74680 52.38430 57.88190 56.00630 60.34850 61.99300 64.80570 62.85970 63.57090 70.28750 73.72030 69.10550 66.51440 66.51350 60.45550 62.19480 62.30250 61.59800 64.31310 65.19960 61.37960 56.96770 59.26540 55.95300 52.34100 54.25210 51.49400 51.34940 53.52280 53.84400 56.74760 58.35520 56.80290 57.96450 63.08930 66.30360 63.11140 66.37710
-9999 -9999 -9999 58.01560 64.15920 63.30140 67.29870 65.66530 64.45070 63.53920 64.22280 65.05340 64.24140 56.07730 52.41590 53.56490 63.86950 59.34340 57.71020 56.18440 58.21960 63.15190 52.19910 57.59000 59.45320 62.69090 65.82360 66.35380 60.82560 60.77560 64.27060 61.53170 59.37100 55.01530 55.25450 57.02500 58.47230 59.41190 58.66170 57.86740 59.26480 63.26400 67.90050 74.60970 70.50240 65.27100 66.74940 62.96140 61.65530 66.24230 66.40880 64.20720 63.77740 59.22520 57.15670 58.40720 56.99200 55.22020 55.32570 53.11010 52.72240 53.48120 54.47000 56.70550 57.80290 60.94330 60.69010 66.54000 68.97800 68.85050 71.36230
-9999 -9999 -9999 64.75580 63.26570 69.00780 64.24940 67.36380 61.96560 59.97000 62.27670 59.61970 53.01970 52.23040 51.09640 51.78770 54.60350 71.68830 73.35970 58.99490 55.74410 46.62960 59.88130 76.51730 64.78060 63.52840 59.29990 57.07390 58.90870 62.64060 63.37150 60.68230 60.88390 63.65670 64.93470 67.40360 63.72910 64.71620 66.62720 63.60870 62.54890 65.66740 69.53420 73.63190 69.95990 69.55880 69.48180 63.78410 64.02930 64.46860 66.33550 64.91080 63.97960 61.86070 60.86960 57.41760 56.06180 55.17770 54.77490 56.16020 47.56120 57.72240 56.37600 58.64940 59.73630 63.92030 65.26550 66.89630 70.10540 73.58570 73.07810
-9999 -9999 -9999 61.54860 63.72060 68.98770 68.00300 66.91290 65.70570 63.62070 61.49740 58.17310 52.53930 50.89920 72.13090 72.04760 54.60390 53.95970 54.68960 57.98200 58.03610 57.42320 77.24080 62.42650 60.99810 60.87000 63.05910 59.45550 59.43980 63.83210 63.19680 61.95380 62.03950 60.94750 59.76460 58.58380 59.49760 63.78200 64.84580 64.81800 64.62970 66.98270 68.73640 68.42300 70.85220 66.61940 65.68190 62.85400 62.45080 65.75040 64.98160 62.38010 63.21560 63.45430 59.65810 59.64110 56.51950 54.14890 55.23240 59.55630 57.20660 57.20650 57.61430 57.78270 58.37360 61.00190 63.03800 68.68960 72.38520 71.05970 71.70060
-9999 -9999 -9999 -9999 67.16460 73.05220 72.86110 70.84230 65.17920 63.32760 64.69400 67.98800 58.75350 55.62250 -9999 -9999 -9999 -9999 -9999 60.28430 74.91030 73.37410 74.02620 63.29660 61.43380 61.89210 65.58270 64.03360 67.79500 65.27810 63.37300 62.50520 62.30800 60.73890 60.91470 59.60020 60.54580 59.08530 61.88490 63.31190 61.65320 64.66240 70.30320 68.03850 67.69650 63.72320 62.20690 63.40890 64.90170 76.80950 63.50520 65.01680 62.49390 61.14790 59.85220 62.17050 62.43850 58.91330 57.04580 55.09560 57.52310 59.34950 60.54640 60.74270 62.10250 64.13850 63.56320 63.87660 62.31470 -9999 -9999
-9999 -9999 69.89770 68.12030 71.47770 72.83890 72.88090 72.24450 65.25190 65.85380 65.74690 67.15380 61.81640 -9999 -9999 -9999 -9999 -9999 75.77730 75.22480 75.85010 55.58950 55.66520 62.76350 79.37400 94.89310 80.53880 67.38100 68.77340 68.08340 64.08910 64.55590 64.47930 67.41410 68.59790 65.54520 62.68720 59.81310 61.11280 62.27850 63.44940 68.16920 70.89550 62.91000 62.30950 61.72900 62.03110 60.11550 60.23950 77.65640 77.39990 81.31620 95.34170 78.19120 76.35960 61.37790 60.56720 60.00100 58.41020 54.50450 55.29800 58.03890 60.73760 62.25640 62.10570 62.95380 61.10000 -9999 -9999 -9999 -9999
-9999 -9999 69.58780 73.44040 70.19510 66.65100 65.59550 71.38070 64.29610 67.62840 70.68750 73.09380 63.35410 -9999 -9999 -9999 -9999 63.63720 61.99040 57.29960 57.78810 56.71680 60.49250 81.55270 81.88550 60.84510 60.67310 67.22720 70.29960 65.64800 61.99020 64.10260 63.96260 70.99240 70.30810 67.00990 65.70580 62.63290 64.09460 70.26170 75.76610 76.40900 74.66130 68.01300 67.47690 65.06200 65.82970 58.05040 57.09360 59.91200 72.45360 74.84260 76.06370 76.41790 73.58460 55.62360 57.35120 64.00900 64.06110 59.66100 58.57470 64.44920 63.01140 64.42470 62.89180 -9999 -9999 -9999 -9999 -9999 64.07430
-9999 -9999 66.70850 76.21500 75.26690 71.04970 64.20180 61.59980 64.02220 68.61180 66.57910 63.00390 54.38960 -9999 -9999 -9999 -9999 65.89860 60.34640 57.50900 58.75630 62.49710 78.37270 66.88310 69.15970 64.24260 61.69400 68.37110 70.40550 61.15550 63.21520 64.64040 64.41020 69.86450 70.85030 70.44090 72.73150 72.39030 69.34120 70.57860 76.37320 75.91150 75.50080 75.53130 74.64690 69.75620 69.77420 65.03020 64.07990 65.00080 63.68870 59.53830 56.96530 56.11910 60.34940 56.42750 54.57500 65.37390 66.66130 60.32670 58.18670 61.11100 60.23570 62.42740 63.13770 69.58550 67.45350 66.50770 71.48390 -9999 -9999
-9999 -9999 -9999 68.52880 69.85520 62.82470 58.23940 56.64220 67.31540 65.06710 54.92480 50.72910 -9999 -9999 -9999 -9999 62.10520 56.61220 57.82780 61.09060 65.83690 65.95450 66.04860 67.49580 68.35480 64.90100 66.79170 58.93100 61.27930 65.68950 63.02890 68.41980 67.43640 65.22550 63.03910 63.77900 63.68270 66.93050 65.89530 65.39050 71.25310 70.17880 84.53420 86.20970 83.95640 79.66240 78.70050 72.69540 71.30010 68.90050 73.80990 82.92640 76.92290 82.73460 96.29380 97.18810 81.17770 71.87900 70.83700 72.65800 68.86580 68.29330 71.21700 70.81130 69.84700 64.67640 64.62310 65.76630 64.79190 71.08740 -9999
-9999 -9999 -9999 -9999 66.21010 57.27630 54.76390 68.84770 70.13090 55.46070 56.29970 -9999 -9999 -9999 -9999 71.27230 58.85790 54.38140 56.52280 60.22740 59.79930 60.62250 62.05810 65.07980 65.53960 63.41720 62.13490 57.61390 58.05290 60.79630 60.37640 62.18080 61.77720 61.60010 66.66570 73.73300 74.25010 72.79590 70.69860 68.60890 69.36310 71.78370 73.41280 78.99150 81.11050 69.34270 68.50270 81.13480 70.36650 79.06570 66.51530 76.26790 77.23400 78.30050 77.47630 77.75340 92.85300 82.86250 80.19000 68.07610 71.73860 72.61780 70.41990 64.99500 67.38420 64.24630 61.83940 61.50060 64.02550 62.97750 64.47320
-9999 -9999 -9999 -9999 -9999 -9999 72.71620 77.79170 49.64600 62.33290 56.28140 -9999 -9999 -9999 -9999 -9999 52.54740 59.47300 58.97000 57.51220 57.17670 54.34440 58.03260 62.13880 60.07630 57.26970 60.67980 74.23970 75.03520 61.82210 61.11760 59.95090 61.80400 64.06780 63.72500 63.29630 70.56130 68.62690 65.85410 71.94980 71.88520 76.01770 78.21860 76.12440 77.64310 75.48810 73.63630 81.96950 83.11450 87.91870 81.95890 81.07500 62.85540 65.94110 64.74450 62.05610 78.16760 83.99470 78.13630 67.70540 67.78560 73.09770 73.84700 65.78520 62.49170 63.15100 61.24510 57.77470 57.76270 60.08680 64.16200
-9999 -9999 -9999 -9999 -9999 -9999 -9999 -9999 -9999 -9999 -9999 -9999 -9999 -9999 -9999 -9999 -9999 -9999 -9999 55.94250 56.95870 54.03000 57.16310 57.52850 60.80480 58.58690 54.53560 49.15720 48.68300 55.19100 60.40890 61.15930 67.93240 67.00750 64.64770 66.18930 70.60880 73.05040 71.40720 77.66710 79.89750 81.38060 80.87810 82.48430 81.97960 76.73040 70.86190 82.38560 81.83030 70.65710 69.86760 67.52590 78.25040 80.54150 70.11500 63.07380 63.02860 65.30910 64.08900 67.12890 72.67170 77.46090 72.70660 65.80680 65.75290 63.53240 59.38130 57.69740 57.18770 66.27760 67.59890
-9999 -9999 -9999 -9999 -9999 -9999 -9999 -9999 -9999 -9999 -9999 -9999 -9999 -9999 -9999 -9999 -9999 -9999 59.73080 61.71900 59.11120 55.98840 58.37520 55.28840 55.95160 55.07200 53.65090 57.30480 58.19440 57.42360 59.40760 59.37790 61.41470 62.42430 67.64090 63.91240 68.47580 68.11670 69.98660 76.48330 78.95600 78.79460 78.24560 82.02680 80.67350 78.99490 77.77330 75.33150 71.47000 82.23460 83.54250 86.30270 85.74080 81.09570 71.92490 70.92790 68.68640 66.19740 68.38810 65.88040 69.64700 70.14650 66.43200 69.53080 73.44370 63.38820 59.82750 60.04990 60.82960 62.94190 72.73040
-9999 -9999 -9999 -9999 -9999 -9999 -9999 -9999 -9999 -9999 -9999 -9999 -9999 -9999 -9999 -9999 -9999 63.52130 62.54260 60.31800 61.59840 57.77380 56.49570 54.55790 53.03100 53.02730 70.97950 53.51760 58.02550 57.88210 60.19500 57.28980 62.99190 58.26310 76.47800 77.24690 72.40180 70.38670 71.53560 77.82170 74.96830 73.91160 78.68720 78.81130 77.64940 71.64180 80.27150 81.76950 71.32450 80.17040 81.70210 83.39970 72.17310 69.79150 71.79580 72.52120 67.32540 67.86410 66.62220 66.86270 68.62470 71.72210 70.16000 74.43290 67.76510 62.43140 61.41340 60.56440 58.98560 63.98050 72.77850
-9999 -9999 -9999 -9999 -9999 -9999 -9999 -9999 -9999 -9999 -9999 -9999 -9999 -9999 -9999 -9999 -9999 65.00740 61.94360 64.35350 64.52560 62.67830 56.05590 50.86830 49.56480 50.15090 49.87550 54.83540 56.01230 55.63450 75.04230 75.49000 75.44260 70.36140 74.53210 80.75100 83.26610 63.04880 64.56800 69.76250 71.96540 71.08980 71.35910 68.21970 68.38250 78.45550 67.81220 72.54970 69.16010 68.67820 81.99310 87.41050 87.46550 83.46540 84.03290 77.40030 76.01930 74.78490 69.22900 67.29220 67.00720 67.80230 65.73130 68.38000 69.51400 66.27980 65.49860 67.11160 63.48340 68.71880 64.84000
-9999 -9999 -9999 -9999 -9999 -9999 -9999 -9999 -9999 -9999 -9999 -9999 -9999 -9999 -9999 -9999 73.09040 72.82720 63.24650 65.30890 56.75490 54.57310 53.60470 49.79420 48.31610 48.97130 48.36510 53.19010 53.82240 53.82310 55.24940 55.20930 54.46290 69.63710 71.18850 74.97380 62.41600 61.53770 62.88910 63.10510 62.73070 70.91620 80.28130 63.72460 61.77310 63.71120 65.73980 73.44130 69.64030 64.65250 80.60870 86.05950 86.29960 83.62320 82.99500 73.79380 78.96710 77.21580 78.80780 68.29550 65.64510 68.71810 70.06480 76.23830 75.67020 88.76170 87.71650 85.24490 78.67520 64.36220 68.51800
-9999 -9999 -9999 -9999 -9999 -9999 -9999 -9999 -9999 -9999 -9999 -9999 -9999 68.15350 64.57120 66.14430 62.42590 72.31810 69.68060 54.03090 54.13440 50.83860 49.26040 52.08620 51.98410 48.81890 48.24990 48.35700 48.37510 50.02610 71.10730 71.94180 53.62480 52.47990 74.16700 74.07390 74.22040 61.80180 67.58940 69.05950 69.40520 71.54900 67.61850 65.27400 79.21650 81.94920 82.17470 85.35240 88.28300 84.86740 84.15560 79.89990 72.21440 72.45110 82.03320 82.84990 78.44100 73.43810 71.25160 71.61860 72.35820 80.83360 71.76230 93.58060 92.94510 84.95090 86.22980 79.25260 67.23750 74.43870 78.13360
-9999 -9999 -9999 -9999 -9999 -9999 -9999 -9999 -9999 -9999 -9999 -9999 62.29830 65.14320 68.55170 63.82140 62.59450 62.45320 59.09700 51.92980 51.78680 49.40880 48.92930 52.91530 51.83670 47.99360 47.68810 47.19760 68.21780 69.47270 70.79640 71.24240 71.98190 51.40370 72.17900 72.65420 59.03240 60.62550 66.25100 67.39700 64.12430 68.06770 77.44980 80.10290 82.67670 80.14570 79.62540 85.41160 90.52470 93.34060 77.06190 70.97740 68.75070 75.12900 69.89620 71.64170 88.18640 85.61890 82.56070 83.82870 79.00120 82.79660 79.69550 82.08560 85.53970 85.84610 84.07800 67.77540 74.74270 81.76860 74.36130
-9999 -9999 -9999 -9999 -9999 -9999 -9999 -9999 -9999 -9999 -9999 69.69040 64.90790 64.22060 62.11160 55.30310 52.92400 52.92420 52.68870 55.18450 54.88040 47.61220 47.59340 51.42600 51.42670 50.79310 70.95490 46.45510 67.71910 68.83710 70.23260 51.23820 52.92520 55.47640 59.19030 76.26480 66.80950 68.56630 67.37810 62.20950 60.90600 75.90010 76.13220 82.42950 84.23250 82.77560 85.14200 84.48950 86.14730 91.67510 92.35270 79.57600 75.14230 78.95100 75.79940 73.85100 85.39740 80.78850 77.91710 70.17140 74.94040 74.01860 65.76080 67.63050 81.25700 74.28930 70.25170 68.67520 74.79430 71.61970 67.89400
-9999 -9999 -9999 -9999 -9999 -9999 -9999 -9999 -9999 -9999 58.60080 60.31030 57.94700 60.13430 57.33820 52.31620 51.14620 49.73920 49.77920 53.43180 52.52590 47.26260 47.18520 50.80520 50.56370 50.17160 50.15090 67.44750 67.51790 48.21080 48.96830 50.92490 41.61680 75.17180 78.70180 63.01290 67.19330 67.57580 72.80560 62.56130 74.90460 74.98560 74.34670 82.45250 82.81820 81.44360 82.50990 83.21290 84.85770 92.42680 94.86970 84.54140 84.74840 84.85210 81.36870 78.38620 87.29940 86.70950 81.44910 77.11880 77.68820 74.49030 66.99470 78.19000 79.22770 80.68890 74.43650 74.02270 76.72050 73.39080 72.40800
-9999 -9999 -9999 -9999 -9999 -9999 -9999 -9999 -9999 51.95180 52.19640 53.70490 54.00150 52.84120 51.40650 51.85900 51.63240 50.55880 49.37030 48.71990 48.40400 51.64300 51.14880 47.36550 46.98450 47.13050 46.46500 48.23580 48.57730 48.45250 48.55470 48.03980 49.72220 54.96680 77.27180 73.67720 80.86480 73.78660 72.60290 66.38800 78.04990 77.34620 78.20250 82.69930 75.80940 93.97970 78.38380 82.11210 87.15950 88.64640 93.81670 91.49970 84.74740 90.36450 87.05190 84.41860 83.46110 81.10980 81.03690 81.88580 78.59550 80.30470 69.82850 78.80380 67.22340 69.97520 78.22090 86.13240 78.58920 76.53320 75.52930
-9999 -9999 -9999 -9999 -9999 -9999 -9999 -9999 -9999 -9999 49.34880 50.39150 51.10170 49.26490 48.40130 50.59120 50.68600 49.62730 49.24460 48.16950 48.17710 51.31390 50.83600 -9999 -9999 -9999 -9999 -9999 -9999 48.76120 51.97630 48.81360 51.27130 55.91920 59.96400 74.94420 81.13590 71.94020 68.88420 61.01070 76.18280 76.76540 73.15300 90.15730 81.94260 93.45120 94.25850 80.83570 84.21420 85.69860 86.86300 83.54790 86.35980 87.02140 93.69460 81.55750 79.47190 79.87580 81.45170 80.17450 79.44810 69.33520 71.81750 69.62830 74.00450 76.90050 81.38840 84.23910 82.66450 83.56850 78.37870
-9999 -9999 -9999 -9999 -9999 -9999 -9999 -9999 -9999 -9999 -9999 -9999 48.15550 48.71890 49.04980 48.73070 48.83720 50.37210 50.44630 -9999 -9999 -9999 -9999 -9999 -9999 -9999 -9999 -9999 -9999 -9999 -9999 -9999 -9999 53.20870 57.82070 65.35430 81.52110 68.34460 65.43310 61.71310 78.62670 75.55910 73.69740 73.61840 74.17120 84.63790 94.02740 83.63540 85.36180 87.12640 88.54060 85.44180 87.68600 86.82020 87.82980 82.26330 82.90190 66.90770 64.08570 80.10850 79.41330 68.27370 78.41350 65.50270 69.43720 78.56250 81.18530 78.27570 80.76150 80.42420 87.66060
-9999 -9999 -9999 -9999 -9999 -9999 -9999 -9999 -9999 -9999 -9999 -9999 -9999 -9999 -9999 -9999 -9999 -9999 -9999 -9999 -9999 -9999 -9999 -9999 -9999 -9999 -9999 -9999 -9999 -9999 -9999 -9999 -9999 -9999 74.57440 77.51590 76.91290 80.44730 62.33410 80.14420 79.45180 74.97040 74.55130 72.02170 91.38920 92.04120 92.06080 82.73290 83.64100 85.05480 85.18200 83.62370 87.38640 82.99610 81.79590 79.82040 70.80530 81.90990 68.39110 70.25930 68.68420 81.01130 67.49110 64.92310 74.77280 83.09080 83.31770 81.23100 83.04240 84.77900 88.41020
-9999 -9999 -9999 -9999 -9999 -9999 -9999 -9999 -9999 -9999 -9999 -9999 -9999 -9999 -9999 -9999 -9999 -9999 -9999 -9999 -9999 -9999 -9999 -9999 -9999 -9999 -9999 -9999 -9999 -9999 -9999 -9999 -9999 -9999 57.79670 75.83530 76.05810 60.41870 58.47880 79.30300 79.85460 89.42410 89.57630 77.67030 76.12520 76.00970 76.65270 79.68000 80.58140 81.89460 80.78690 81.24610 67.47720 71.63360 69.99980 68.36570 79.95960 63.45980 65.21690 77.82170 78.21580 79.40610 66.57260 70.96320 78.77940 79.35940 88.82020 80.93650 83.76940 83.36010 -9999
-9999 -9999 -9999 -9999 -9999 -9999 -9999 -9999 -9999 -9999 -9999 -9999 -9999 -9999 -9999 -9999 -9999 -9999 -9999 -9999 -9999 -9999 -9999 -9999 -9999 -9999 -9999 -9999 -9999 -9999 -9999 -9999 -9999 -9999 -9999 -9999 -9999 -9999 76.32560 78.97940 80.16430 78.91380 76.48630 76.01560 80.35210 75.89730 76.40940 79.52850 81.21350 81.57580 81.74870 79.12830 78.96500 69.30100 79.50340 68.26590 66.23230 64.35110 66.25230 66.09020 66.03000 68.13040 71.75760 80.96200 86.07600 79.47920 84.11780 88.59820 76.20710 -9999 -9999
