data/hydroclimate-scenarios/BCSD_hadcm_A1B/monthly_summaries/soilm3_monthly_day1_dec.2030-2059.asc
ncols	311
nrows	91
xllcenter	102.75
yllcenter	31.75
cellsize	0.5
NODATA_value	-9999
[rows 0 to 31 of 91, columns 71 to 141 of 311]
-9999 -9999 -9999 -9999 -9999 -9999 -9999 -9999 -9999 -9999 -9999 -9999 -9999 -9999 -9999 -9999 -9999 -9999 -9999 -9999 -9999 -9999 -9999 -9999 -9999 -9999 -9999 -9999 -9999 -9999 -9999 -9999 -9999 -9999 -9999 -9999 -9999 -9999 -9999 -9999 -9999 -9999 -9999 -9999 -9999 -9999 -9999 -9999 -9999 -9999 -9999 -9999 -9999 -9999 -9999 -9999 -9999 -9999 -9999 -9999 -9999 -9999 -9999 -9999 -9999 -9999 -9999 -9999 -9999 -9999 -9999
-9999 -9999 -9999 -9999 -9999 -9999 -9999 -9999 -9999 -9999 -9999 -9999 -9999 -9999 -9999 -9999 -9999 -9999 -9999 -9999 -9999 -9999 -9999 -9999 -9999 -9999 -9999 -9999 -9999 -9999 -9999 -9999 -9999 -9999 -9999 -9999 -9999 -9999 -9999 -9999 -9999 -9999 -9999 -9999 -9999 -9999 -9999 -9999 -9999 -9999 -9999 -9999 -9999 -9999 -9999 -9999 -9999 -9999 -9999 -9999 -9999 -9999 -9999 -9999 -9999 -9999 -9999 -9999 -9999 -9999 -9999
-9999 -9999 -9999 -9999 -9999 -9999 -9999 -9999 -9999 -9999 -9999 -9999 -9999 -9999 -9999 -9999 -9999 -9999 -9999 -9999 -9999 -9999 -9999 -9999 -9999 -9999 -9999 -9999 -9999 -9999 -9999 -9999 -9999 -9999 -9999 -9999 -9999 -9999 -9999 -9999 -9999 -9999 -9999 -9999 -9999 -9999 -9999 -9999 -9999 -9999 -9999 -9999 -9999 -9999 -9999 -9999 -9999 -9999 -9999 -9999 -9999 -9999 -9999 -9999 -9999 -9999 -9999 -9999 -9999 -9999 -9999
-9999 -9999 -9999 -9999 -9999 -9999 -9999 -9999 -9999 -9999 -9999 -9999 -9999 -9999 -9999 -9999 -9999 -9999 -9999 -9999 -9999 -9999 -9999 -9999 -9999 -9999 -9999 -9999 -9999 -9999 -9999 -9999 -9999 -9999 -9999 -9999 -9999 -9999 -9999 -9999 -9999 -9999 -9999 -9999 -9999 -9999 -9999 -9999 -9999 -9999 -9999 -9999 -9999 -9999 -9999 -9999 -9999 -9999 -9999 -9999 -9999 -9999 -9999 -9999 -9999 -9999 -9999 -9999 -9999 -9999 -9999
-9999 -9999 -9999 -9999 -9999 -9999 -9999 -9999 -9999 -9999 -9999 -9999 -9999 -9999 -9999 -9999 -9999 -9999 -9999 -9999 -9999 -9999 -9999 -9999 -9999 -9999 -9999 -9999 -9999 -9999 -9999 -9999 -9999 -9999 -9999 -9999 -9999 -9999 -9999 -9999 -9999 -9999 -9999 -9999 -9999 -9999 -9999 -9999 -9999 -9999 -9999 -9999 -9999 -9999 -9999 -9999 -9999 -9999 -9999 -9999 -9999 -9999 -9999 -9999 -9999 -9999 -9999 -9999 -9999 -9999 -9999
-9999 -9999 -9999 -9999 -9999 -9999 -9999 -9999 -9999 -9999 -9999 -9999 -9999 -9999 -9999 -9999 -9999 -9999 -9999 -9999 -9999 -9999 -9999 -9999 -9999 -9999 -9999 -9999 -9999 -9999 -9999 -9999 -9999 -9999 -9999 -9999 -9999 -9999 -9999 -9999 -9999 -9999 -9999 -9999 -9999 -9999 -9999 -9999 -9999 -9999 -9999 -9999 -9999 -9999 -9999 -9999 -9999 -9999 -9999 -9999 -9999 -9999 -9999 -9999 -9999 -9999 -9999 -9999 -9999 -9999 -9999
-9999 -9999 -9999 -9999 -9999 -9999 -9999 -9999 -9999 -9999 -9999 -9999 -9999 -9999 -9999 -9999 -9999 -9999 -9999 -9999 -9999 -9999 -9999 -9999 -9999 -9999 -9999 -9999 -9999 -9999 -9999 -9999 -9999 -9999 -9999 -9999 -9999 -9999 -9999 -9999 -9999 -9999 -9999 -9999 -9999 -9999 -9999 -9999 -9999 -9999 -9999 -9999 -9999 -9999 -9999 -9999 -9999 -9999 -9999 -9999 -9999 -9999 -9999 -9999 -9999 -9999 -9999 -9999 -9999 -9999 -9999
-9999 -9999 -9999 -9999 -9999 -9999 -9999 -9999 -9999 -9999 -9999 -9999 -9999 -9999 -9999 -9999 -9999 -9999 -9999 -9999 -9999 -9999 -9999 -9999 -9999 -9999 -9999 -9999 -9999 -9999 -9999 -9999 -9999 -9999 -9999 -9999 -9999 -9999 -9999 -9999 -9999 -9999 -9999 -9999 -9999 -9999 -9999 -9999 -9999 -9999 -9999 -9999 -9999 -9999 -9999 -9999 -9999 -9999 -9999 -9999 -9999 -9999 -9999 -9999 -9999 -9999 -9999 -9999 -9999 -9999 -9999
-9999 -9999 -9999 -9999 -9999 -9999 22.50730 -9999 -9999 -9999 -9999 -9999 -9999 -9999 -9999 -9999 -9999 -9999 -9999 -9999 -9999 -9999 -9999 -9999 -9999 -9999 -9999 -9999 -9999 -9999 -9999 -9999 -9999 -9999 -9999 -9999 -9999 -9999 -9999 -9999 -9999 -9999 -9999 -9999 -9999 -9999 -9999 -9999 -9999 -9999 -9999 -9999 -9999 -9999 -9999 -9999 -9999 -9999 -9999 -9999 -9999 -9999 -9999 -9999 -9999 -9999 -9999 -9999 -9999 -9999 -9999
-9999 -9999 22.81240 22.32920 22.39780 22.44410 22.48870 22.55740 22.21040 22.13880 21.89790 21.79510 21.79590 22.02450 21.38470 20.93640 21.25050 21.10450 21.09530 21.31170 21.84680 22.56670 -9999 -9999 -9999 -9999 -9999 -9999 -9999 -9999 -9999 -9999 -9999 -9999 -9999 -9999 -9999 -9999 -9999 -9999 -9999 -9999 -9999 -9999 -9999 -9999 -9999 -9999 -9999 -9999 -9999 -9999 -9999 -9999 -9999 -9999 -9999 -9999 -9999 -9999 -9999 -9999 -9999 -9999 -9999 -9999 -9999 -9999 -9999 -9999 -9999
-9999 -9999 -9999 -9999 20.87050 20.68240 20.35310 20.37420 20.36860 20.39260 20.38750 20.41370 20.48240 20.48380 20.48410 20.48880 20.45000 20.46360 20.51290 20.52980 20.52720 20.80860 -9999 -9999 -9999 -9999 -9999 -9999 -9999 -9999 -9999 -9999 -9999 -9999 -9999 -9999 -9999 -9999 -9999 -9999 -9999 -9999 -9999 -9999 -9999 -9999 -9999 -9999 -9999 -9999 -9999 -9999 -9999 -9999 -9999 -9999 -9999 -9999 -9999 -9999 -9999 -9999 -9999 -9999 -9999 -9999 -9999 -9999 -9999 -9999 -9999
21.93110 22.34610 21.86760 21.97860 20.97200 21.49500 23.46790 21.57340 21.36540 21.40850 20.48670 20.39460 20.44880 20.47160 20.47520 20.48450 20.46800 20.47780 20.71450 21.19490 21.21880 20.87120 18.55770 18.36790 18.32430 18.32140 18.29720 18.30780 -9999 -9999 -9999 -9999 -9999 -9999 -9999 -9999 -9999 -9999 -9999 -9999 -9999 -9999 -9999 -9999 -9999 -9999 -9999 -9999 -9999 -9999 -9999 -9999 -9999 -9999 -9999 -9999 -9999 -9999 -9999 -9999 -9999 -9999 -9999 -9999 -9999 -9999 -9999 -9999 -9999 -9999 -9999
23.04800 22.97120 21.78070 22.99530 23.29170 22.50220 22.65670 23.48450 23.43840 23.54980 21.51760 21.53260 21.54260 21.34620 20.49100 20.52220 21.50350 23.30190 23.08710 18.51060 18.49130 19.28700 19.16470 18.41320 18.37670 18.35170 18.31440 18.31230 18.27040 18.24510 18.23650 18.21900 18.26300 18.25950 18.24410 18.23050 18.21600 18.21370 18.20870 18.21070 18.22260 18.22370 18.22140 -9999 -9999 -9999 -9999 -9999 -9999 -9999 -9999 -9999 -9999 -9999 -9999 -9999 -9999 -9999 -9999 -9999 -9999 -9999 -9999 -9999 -9999 -9999 -9999 -9999 -9999 -9999 -9999
22.39030 22.30530 22.37920 22.88640 22.80080 22.89210 22.77150 22.78800 22.74600 23.03260 22.79780 23.04700 23.17330 23.57900 22.75330 22.56920 23.53490 23.72640 23.16690 20.40110 19.92000 20.45970 21.04070 21.87060 21.33920 20.87990 21.14310 21.24080 19.68440 18.46730 18.22610 18.22030 19.04980 18.72820 18.22730 18.22020 18.21960 18.21330 18.21000 18.21010 18.22770 18.23720 18.22500 21.55040 -9999 -9999 -9999 -9999 -9999 -9999 -9999 -9999 -9999 -9999 -9999 -9999 -9999 -9999 -9999 -9999 -9999 -9999 -9999 -9999 -9999 -9999 -9999 -9999 -9999 -9999 -9999
22.91630 22.91830 22.80800 23.05980 22.94650 21.94080 22.05020 22.93620 21.88350 21.28410 20.73080 21.51890 21.88780 21.87910 21.19440 20.72320 20.77640 20.10480 21.01270 22.16150 19.86130 20.73630 20.65600 20.53210 19.74660 19.95410 20.21420 20.87700 19.66390 19.65390 19.63690 19.62670 19.62360 19.62140 19.63110 19.63650 19.63460 19.63070 19.12400 18.22820 18.22760 18.23530 18.25260 18.23310 -9999 -9999 -9999 -9999 -9999 -9999 -9999 -9999 -9999 -9999 -9999 -9999 -9999 -9999 -9999 21.12880 21.26500 -9999 -9999 -9999 -9999 18.39170 18.92380 19.47870 21.78510 22.33380 21.88120
22.86150 22.87260 22.90730 23.00380 22.90830 21.30330 19.69910 20.94610 19.86780 22.06930 22.14540 20.16550 19.77350 19.80790 19.81810 19.78420 20.37670 20.64840 21.98970 20.46310 21.52240 20.92970 19.71520 19.67780 19.68420 20.37400 23.43330 23.23610 20.04050 19.63280 19.62090 19.61470 20.71420 22.40830 23.11090 20.32420 19.62090 20.11720 22.51210 22.55840 21.91510 22.13820 21.35360 20.07310 19.14780 19.34240 21.37430 20.22120 20.96140 21.87510 22.39740 21.69580 21.69320 22.94060 22.90120 22.32880 22.28610 22.28560 22.06420 21.66890 22.34090 -9999 -9999 -9999 -9999 -9999 18.25280 18.58580 20.96150 21.83390 22.47570
23.09680 22.37500 22.99210 23.09720 22.41510 22.82990 22.55300 21.61830 19.72450 19.71950 19.72170 19.73200 19.73020 19.73320 20.30180 21.16230 20.65370 20.59200 19.73740 21.08580 20.98940 20.18580 19.67220 19.66690 19.67420 19.67300 19.64280 19.64230 19.61790 19.61660 19.61100 19.60590 20.60480 20.10570 19.62080 19.62280 19.63650 19.93440 21.94970 22.15390 20.22640 21.90690 19.83710 20.23370 19.64520 19.64100 19.63510 19.63070 19.64760 19.70140 20.09820 20.43140 21.05190 21.87680 22.70290 22.82970 23.03260 23.18220 22.76380 22.30970 22.37480 22.43120 22.31570 20.93490 20.37700 18.29940 18.27660 18.42300 20.53160 20.83620 22.24470
23.12580 22.98430 22.87660 23.18030 23.02480 21.40290 21.20600 21.54810 21.70240 21.38860 20.28560 20.29470 20.30870 21.18740 20.29430 19.74320 20.27250 20.14730 20.21070 22.58830 21.87350 21.25330 20.06170 19.65780 19.65920 19.65430 19.62860 19.62500 19.61440 19.61670 19.60690 19.70690 20.00320 20.20210 20.31080 20.31400 22.26910 21.31890 22.11830 22.71980 21.23110 20.03270 22.71220 22.81610 21.24550 19.84460 19.93390 19.62340 19.61000 20.20980 22.32660 22.72900 22.63620 21.82730 22.48770 21.78400 22.25740 22.87580 23.11900 23.28010 22.95170 23.01720 22.63410 22.38810 22.30280 22.29200 20.54100 20.46470 21.20430 22.46520 23.21140
23.19250 23.28040 22.91490 22.34210 22.90340 22.15610 22.76870 22.91570 22.60260 20.77230 21.17990 21.58130 20.67900 20.48550 20.78590 21.19190 19.68080 19.66720 19.88210 21.78550 21.23370 20.95660 21.07950 20.05240 19.62400 19.62280 19.60910 19.61100 19.60900 19.60750 20.50580 21.92050 20.51540 21.80900 19.81130 19.91200 20.61970 20.72880 22.61810 22.92250 22.21120 20.71280 21.06120 22.56780 22.95160 22.81710 22.80960 21.01540 19.60680 21.30740 21.71420 22.71480 21.72340 21.47540 22.31970 22.31320 22.34510 23.34400 23.27420 23.39780 23.92490 24.28830 24.63920 23.58090 23.24240 22.94650 22.81180 22.67650 23.11130 23.36600 23.60730
23.09330 23.18780 23.08950 22.68270 22.41780 22.84250 22.92750 22.97150 22.99530 22.93660 23.05710 22.98520 22.71000 22.80540 22.77460 22.84170 22.41100 19.82960 19.64530 19.67060 19.71310 19.74450 19.87020 19.65780 19.61580 19.60910 19.60670 19.60400 20.30170 20.95970 20.30690 21.61410 22.72640 22.81120 21.40570 22.50390 22.31190 22.11910 20.43510 21.77510 22.92760 22.91620 21.23830 21.64450 22.94620 22.95520 22.84480 22.81890 21.70430 20.21440 19.63890 21.12580 21.42640 20.36430 20.11160 21.35610 21.58670 23.29370 23.37810 23.13980 23.56940 23.83810 23.56070 24.39520 24.62620 23.54540 24.73210 23.31800 23.34100 23.45430 23.58240
22.91420 22.82280 22.67700 22.78980 22.88280 22.35000 22.29330 22.28420 22.78460 22.90980 22.94120 23.06160 23.30820 23.51540 22.96300 22.89720 22.73270 22.70840 22.60730 21.31320 21.00870 20.31030 20.51500 20.90580 20.20310 20.60400 20.30220 20.70120 20.70260 22.40310 22.40230 22.90370 22.84160 22.76530 22.75010 22.86360 22.82020 22.83900 22.87340 22.80430 22.94820 22.97400 22.93790 22.92690 22.86360 22.85970 22.83300 22.74960 22.72150 22.51100 22.30500 22.91150 22.85450 22.74860 22.76280 23.01510 23.49220 23.91080 23.63830 24.25220 24.02030 23.89810 23.03590 23.81600 23.68630 23.99010 23.17220 23.33780 23.43130 23.79820 22.65860
23.26870 23.27750 23.46200 23.51870 23.32890 23.15100 22.55170 22.76680 22.83100 22.84120 22.90440 22.72540 22.79070 22.95200 23.30290 23.37540 23.17370 23.06800 22.68490 22.33420 22.81860 22.81350 22.11240 20.72230 19.91320 20.21330 20.30480 20.20840 22.90300 22.90740 22.90860 22.92650 22.90470 22.99190 22.91880 23.00390 22.88910 22.88980 22.34890 22.93110 23.05720 22.98020 22.94400 23.03700 22.88170 22.95630 22.88500 22.90280 22.80940 22.77980 23.11170 22.98230 23.63870 22.64980 23.52160 23.39130 23.34740 23.80750 23.72730 24.02320 23.62280 23.79770 23.87920 23.52210 23.82800 22.99040 23.50640 23.38760 22.61120 23.00050 21.77750
23.21720 23.47760 23.64700 23.43630 23.61010 23.54110 23.17890 22.57650 23.00220 22.83020 22.83280 22.92190 22.77280 22.28760 22.73650 22.29510 22.38680 23.12000 23.20860 22.88700 22.43500 22.97490 22.81210 22.64910 19.64090 19.65040 20.02750 20.41870 20.74530 22.52170 22.92880 22.93940 22.98930 22.50550 22.56290 22.93510 22.95470 22.96450 23.08050 23.12110 22.98380 22.97120 22.96310 22.93820 23.07420 23.24280 23.09710 23.00640 23.03210 23.23920 23.42520 23.25720 23.51130 23.83350 23.02720 23.33300 23.34340 23.60920 23.34820 23.27290 23.54970 23.66750 23.81800 22.95620 23.34650 21.92010 21.90380 21.28280 21.65840 21.72040 21.45650
23.12820 23.26380 23.12910 23.06840 23.35840 23.56050 23.41360 23.40870 23.26140 23.01500 22.91920 23.01670 23.03010 22.92480 23.28080 23.28230 23.43540 22.32930 23.00020 23.49210 23.63330 23.47350 23.21160 22.92040 21.37530 20.97700 20.15150 20.75710 21.55100 20.85070 20.92410 20.74660 20.22490 21.48680 22.73350 22.93340 22.95640 22.99050 23.05220 23.15860 23.53500 23.40430 23.08460 22.49860 22.29530 22.84970 22.94730 23.02190 23.15900 23.27640 23.58760 23.07980 23.46650 23.22680 23.85780 24.07140 23.60860 23.65690 23.48600 23.40980 23.50100 23.77960 23.83390 23.67070 22.00360 21.59040 21.60500 21.46060 22.69520 23.10620 21.91710
23.20070 23.21690 23.12860 22.89420 23.10070 23.06140 23.03500 23.04610 22.94110 22.94570 22.93420 22.85270 22.34700 22.77080 23.06600 23.12300 23.29380 23.39200 22.53660 22.96250 23.06090 23.11130 23.05840 23.01740 22.89110 22.83730 21.15760 22.92590 22.92960 22.93230 22.93440 22.93630 21.75010 21.26190 22.56570 22.87970 22.95710 22.98010 22.97690 23.23780 23.76030 23.31550 23.61390 22.80490 22.82740 22.93490 23.03510 23.11190 23.18360 23.50280 23.37440 23.40590 23.39240 23.91060 23.68620 23.82510 23.46510 23.45710 23.67050 23.45490 23.88430 24.02880 23.69390 22.66120 23.81540 24.24740 23.22940 22.61680 22.49010 23.43230 23.80040
23.36920 23.43140 23.51320 23.43300 23.37590 22.98910 22.96620 22.92980 22.90700 23.00400 23.26550 23.25660 22.93050 22.77180 22.92430 22.99170 23.17580 23.23610 23.50240 23.35690 23.10400 22.99110 22.95000 22.92580 23.06650 23.02220 22.86560 22.86580 22.92250 22.94530 22.92470 23.14030 23.31780 23.23380 22.88680 23.02530 23.00020 23.22070 23.30510 23.41560 23.40840 24.05810 23.89970 24.15090 23.58890 23.23300 22.48470 22.56070 22.51310 22.57880 23.48300 23.16270 23.35040 23.55940 23.50760 23.65100 23.65320 23.68730 23.88830 24.00110 24.45710 24.21130 23.89310 20.58800 19.55500 19.46590 19.50720 19.89600 22.76760 23.62730 23.63320
23.46800 23.72770 23.82780 23.56340 23.49020 23.19430 23.01560 22.95400 22.90930 23.03990 23.22540 23.65690 24.13540 23.53440 23.04530 23.04580 23.20990 23.54020 23.70810 23.63660 23.37430 23.34550 23.39520 23.12910 23.14340 23.04130 23.12510 23.07570 22.95260 22.95190 23.35790 23.08520 23.03360 23.25090 23.24640 23.10700 23.14360 23.50460 22.70170 23.74430 24.18000 24.50150 23.78210 23.34530 23.18540 22.95590 22.18050 22.98060 22.08110 19.31490 22.95090 23.64900 23.62600 22.04270 21.34890 22.50420 23.71840 21.50050 18.84240 19.05110 18.88110 19.93970 19.60360 19.07070 19.41710 23.05270 19.81910 22.93020 23.58570 23.70540 23.95570
23.29490 23.62650 23.84120 23.66920 23.79430 23.45280 22.54920 23.00760 22.96910 22.90750 22.90120 23.00890 23.06580 23.72240 23.37160 23.42910 23.60920 23.33380 23.26970 23.21590 23.94350 23.38220 23.34550 23.15880 23.18880 23.16810 23.49760 23.15440 23.03940 23.25510 23.35860 23.19990 23.08070 23.22900 23.36600 23.19310 23.28390 23.54170 23.84650 23.23100 23.37040 23.70790 23.44100 24.42220 22.81280 21.05380 19.10680 19.29680 19.36640 19.27010 19.36240 20.75160 21.59890 21.33370 22.08450 21.12870 19.42900 19.34110 19.49300 19.84430 19.47920 19.48800 20.82450 22.64410 22.62720 23.29810 23.29750 23.40100 24.01140 24.33970 24.73550
23.64640 23.81860 23.98430 23.77170 23.76450 23.88080 23.14580 22.72540 22.81070 23.27890 22.97450 23.09280 23.11670 23.28180 23.78340 23.58650 23.39850 23.07590 23.34080 23.29230 23.26720 23.43780 23.43440 23.22720 23.16060 23.08660 23.18250 23.09350 22.98830 23.08490 23.10700 23.31270 23.17400 23.25650 23.36600 22.83080 23.44070 23.65850 23.96850 24.18000 24.22410 22.80050 22.92650 22.49680 19.25680 19.29140 20.73530 21.57270 22.11480 20.16780 19.03080 18.98090 22.89870 20.61700 19.26920 19.57640 19.43830 19.44460 20.86310 19.94040 20.46160 22.60840 23.09100 23.11710 23.85270 23.83280 23.97390 24.21280 24.86160 25.28550 25.22980
23.54510 23.83870 24.01680 23.94900 24.05870 23.92500 24.04640 23.28120 24.12760 24.26650 24.21010 23.78170 23.64470 23.31620 23.88410 23.62350 23.72400 23.59300 23.29610 23.35110 23.11490 23.60090 23.97670 23.41690 23.27810 22.61430 23.34300 23.24690 23.18140 23.21460 23.27540 23.20590 23.33080 23.42550 23.53940 23.40730 23.24500 23.33360 23.91240 24.04430 23.84920 22.26590 19.73580 19.31820 18.85120 21.21910 22.81350 22.77160 23.86670 23.61030 -9999 -9999 23.55540 22.93320 20.69670 20.52450 20.90120 20.61600 24.23180 24.07690 23.59520 23.32170 23.33450 23.29070 23.82240 24.05800 24.12540 24.39030 25.06330 25.98910 26.19900
23.46060 23.41160 23.49090 23.62390 24.30930 24.23190 24.12950 23.97480 23.80470 23.62500 23.42440 23.44350 23.49370 23.68930 23.57430 23.42600 24.37150 23.96860 23.40390 23.95190 23.24010 23.95630 23.94130 23.96740 23.85180 23.75140 23.71390 23.45770 22.73910 23.37900 23.39830 23.40300 23.46890 23.57650 23.66630 23.27970 23.21670 23.29780 23.19540 -9999 -9999 -9999 -9999 23.60610 -9999 22.92100 24.03790 23.80060 23.45460 23.65130 -9999 -9999 23.81740 21.47600 21.12420 22.73850 23.50520 23.26780 23.23540 23.22760 23.03500 23.08650 23.18260 23.08740 23.52090 23.95500 24.14100 24.32500 24.45550 24.62180 25.23380
23.31800 23.40530 23.49200 23.53070 24.34460 24.07040 24.05270 23.83670 23.19910 23.03950 23.04580 23.23630 23.27900 23.30810 23.18330 23.09450 24.27210 24.19920 24.18630 23.99380 24.47170 24.23360 24.26570 24.27470 23.35480 23.63410 23.15110 23.70210 23.82860 23.64950 23.56280 23.46800 23.78270 23.68060 23.65210 23.37360 23.31100 -9999 -9999 -9999 -9999 -9999 -9999 -9999 23.98490 24.16020 24.13170 -9999 -9999 -9999 -9999 -9999 23.74080 23.26710 24.07970 25.03550 23.68240 23.74030 23.75320 23.44020 23.20330 23.14440 23.22560 23.38080 24.08510 23.90590 24.54620 24.41110 24.58410 26.21780 -9999
