data/hydroclimate-scenarios/BCSD_hadcm_A1B/monthly_summaries/soilm3_monthly_day1_feb.2070-2099.asc
ncols	311
nrows	91
xllcenter	102.75
yllcenter	31.75
cellsize	0.5
NODATA_value	-9999
[rows 0 to 31 of 91, columns 213 to 283 of 311]
-9999 -9999 -9999 -9999 -9999 -9999 -9999 -9999 -9999 -9999 -9999 -9999 -9999 -9999 -9999 -9999 -9999 -9999 -9999 -9999 -9999 -9999 -9999 -9999 -9999 -9999 -9999 -9999 -9999 -9999 -9999 -9999 -9999 -9999 -9999 -9999 -9999 -9999 -9999 -9999 -9999 -9999 -9999 -9999 -9999 -9999 -9999 -9999 -9999 -9999 -9999 -9999 -9999 -9999 -9999 -9999 -9999 -9999 -9999 -9999 -9999 -9999 -9999 -9999 -9999 -9999 -9999 -9999 -9999 -9999 -9999
-9999 -9999 -9999 -9999 -9999 -9999 -9999 -9999 -9999 -9999 -9999 -9999 -9999 -9999 -9999 -9999 -9999 -9999 -9999 -9999 -9999 -9999 -9999 -9999 -9999 -9999 -9999 -9999 -9999 -9999 -9999 -9999 -9999 -9999 -9999 -9999 -9999 -9999 -9999 -9999 -9999 -9999 -9999 -9999 -9999 -9999 -9999 -9999 -9999 -9999 -9999 -9999 -9999 -9999 -9999 -9999 -9999 -9999 -9999 -9999 -9999 -9999 -9999 -9999 -9999 -9999 -9999 -9999 -9999 -9999 -9999
-9999 -9999 -9999 -9999 -9999 -9999 -9999 -9999 -9999 -9999 -9999 -9999 -9999 -9999 -9999 -9999 -9999 -9999 -9999 -9999 -9999 -9999 -9999 -9999 -9999 -9999 -9999 -9999 -9999 -9999 -9999 -9999 -9999 -9999 -9999 -9999 -9999 -9999 -9999 -9999 -9999 -9999 -9999 -9999 -9999 -9999 -9999 -9999 -9999 -9999 -9999 -9999 -9999 -9999 -9999 -9999 -9999 -9999 -9999 -9999 -9999 -9999 -9999 -9999 -9999 -9999 -9999 -9999 -9999 -9999 -9999
-9999 -9999 -9999 -9999 -9999 -9999 -9999 -9999 -9999 -9999 -9999 -9999 -9999 -9999 -9999 -9999 -9999 -9999 -9999 -9999 -9999 -9999 -9999 -9999 -9999 -9999 -9999 -9999 -9999 -9999 -9999 -9999 -9999 -9999 -9999 -9999 -9999 -9999 -9999 -9999 -9999 -9999 -9999 -9999 -9999 -9999 -9999 -9999 -9999 -9999 -9999 -9999 -9999 -9999 -9999 -9999 -9999 -9999 -9999 -9999 -9999 -9999 -9999 -9999 -9999 -9999 -9999 -9999 -9999 -9999 -9999
-9999 -9999 -9999 -9999 -9999 -9999 -9999 -9999 -9999 -9999 -9999 -9999 -9999 -9999 -9999 -9999 -9999 -9999 -9999 -9999 -9999 -9999 -9999 -9999 -9999 -9999 -9999 -9999 -9999 -9999 -9999 -9999 -9999 -9999 -9999 -9999 -9999 -9999 -9999 -9999 -9999 -9999 -9999 -9999 -9999 -9999 -9999 -9999 -9999 -9999 -9999 -9999 -9999 -9999 -9999 -9999 -9999 -9999 -9999 -9999 -9999 -9999 -9999 -9999 -9999 -9999 -9999 -9999 -9999 -9999 -9999
-9999 -9999 -9999 -9999 -9999 -9999 -9999 -9999 -9999 -9999 -9999 -9999 -9999 -9999 -9999 -9999 -9999 -9999 -9999 -9999 -9999 -9999 -9999 -9999 -9999 -9999 -9999 -9999 -9999 -9999 -9999 -9999 -9999 -9999 -9999 -9999 -9999 -9999 -9999 -9999 -9999 -9999 -9999 -9999 -9999 -9999 -9999 -9999 -9999 -9999 -9999 -9999 -9999 -9999 -9999 -9999 -9999 -9999 -9999 -9999 -9999 -9999 -9999 -9999 -9999 -9999 -9999 -9999 -9999 -9999 -9999
-9999 -9999 -9999 -9999 -9999 -9999 -9999 -9999 -9999 -9999 -9999 -9999 -9999 -9999 -9999 -9999 -9999 -9999 -9999 -9999 -9999 -9999 -9999 -9999 -9999 -9999 -9999 -9999 -9999 -9999 -9999 -9999 -9999 -9999 -9999 -9999 -9999 -9999 -9999 -9999 -9999 -9999 -9999 -9999 -9999 -9999 -9999 -9999 -9999 -9999 -9999 -9999 -9999 -9999 -9999 -9999 -9999 -9999 -9999 -9999 -9999 -9999 -9999 -9999 -9999 -9999 -9999 -9999 -9999 -9999 -9999
-9999 -9999 -9999 -9999 -9999 -9999 -9999 -9999 -9999 -9999 -9999 -9999 -9999 -9999 -9999 -9999 -9999 -9999 -9999 -9999 -9999 -9999 -9999 -9999 -9999 -9999 -9999 -9999 -9999 -9999 -9999 -9999 -9999 -9999 -9999 -9999 -9999 -9999 -9999 -9999 -9999 -9999 -9999 -9999 -9999 -9999 -9999 -9999 -9999 -9999 -9999 -9999 -9999 -9999 -9999 -9999 -9999 -9999 -9999 -9999 -9999 -9999 -9999 -9999 -9999 -9999 -9999 -9999 -9999 -9999 -9999
-9999 -9999 -9999 -9999 -9999 -9999 -9999 -9999 -9999 -9999 -9999 -9999 -9999 -9999 -9999 -9999 -9999 -9999 -9999 -9999 -9999 -9999 -9999 -9999 -9999 -9999 -9999 -9999 -9999 -9999 -9999 -9999 -9999 -9999 -9999 -9999 -9999 -9999 -9999 -9999 -9999 -9999 -9999 -9999 -9999 -9999 -9999 -9999 -9999 -9999 -9999 -9999 -9999 -9999 -9999 -9999 -9999 -9999 -9999 -9999 -9999 -9999 -9999 -9999 -9999 -9999 -9999 -9999 -9999 -9999 -9999
-9999 -9999 -9999 -9999 -9999 -9999 -9999 -9999 -9999 -9999 -9999 -9999 -9999 -9999 -9999 -9999 -9999 -9999 -9999 -9999 -9999 -9999 -9999 -9999 -9999 -9999 -9999 -9999 -9999 -9999 -9999 -9999 -9999 -9999 -9999 -9999 -9999 -9999 -9999 -9999 -9999 -9999 -9999 -9999 -9999 -9999 -9999 -9999 -9999 -9999 -9999 -9999 -9999 -9999 -9999 -9999 -9999 -9999 -9999 -9999 -9999 -9999 -9999 -9999 -9999 -9999 -9999 -9999 -9999 -9999 -9999
-9999 -9999 -9999 -9999 -9999 -9999 -9999 -9999 -9999 -9999 -9999 -9999 -9999 -9999 -9999 -9999 -9999 -9999 -9999 -9999 -9999 -9999 -9999 -9999 -9999 -9999 -9999 -9999 -9999 -9999 -9999 -9999 -9999 -9999 -9999 -9999 -9999 -9999 -9999 -9999 -9999 -9999 -9999 -9999 -9999 -9999 -9999 -9999 -9999 -9999 -9999 -9999 -9999 -9999 -9999 -9999 -9999 -9999 -9999 -9999 -9999 -9999 -9999 -9999 -9999 -9999 -9999 -9999 -9999 -9999 -9999
-9999 -9999 -9999 -9999 -9999 -9999 -9999 -9999 -9999 -9999 -9999 -9999 -9999 -9999 -9999 -9999 -9999 -9999 -9999 -9999 -9999 -9999 -9999 -9999 -9999 -9999 -9999 -9999 -9999 -9999 -9999 -9999 -9999 -9999 -9999 -9999 -9999 -9999 -9999 -9999 -9999 -9999 -9999 -9999 -9999 -9999 -9999 -9999 -9999 -9999 -9999 -9999 -9999 -9999 -9999 -9999 -9999 -9999 -9999 -9999 -9999 -9999 -9999 -9999 -9999 -9999 -9999 -9999 -9999 -9999 -9999
-9999 -9999 -9999 -9999 -9999 -9999 -9999 -9999 -9999 -9999 -9999 -9999 -9999 -9999 -9999 -9999 -9999 -9999 -9999 -9999 -9999 -9999 -9999 -9999 -9999 -9999 -9999 -9999 -9999 -9999 -9999 -9999 -9999 -9999 -9999 -9999 -9999 -9999 -9999 -9999 -9999 -9999 -9999 -9999 -9999 -9999 -9999 -9999 -9999 -9999 -9999 -9999 -9999 -9999 -9999 -9999 -9999 -9999 -9999 -9999 -9999 -9999 -9999 -9999 -9999 -9999 -9999 -9999 -9999 -9999 -9999
19.29670 19.25470 19.58600 19.70180 19.26780 19.51530 -9999 -9999 -9999 -9999 -9999 -9999 -9999 -9999 -9999 -9999 -9999 -9999 -9999 -9999 -9999 -9999 -9999 -9999 -9999 -9999 -9999 -9999 -9999 -9999 -9999 -9999 -9999 -9999 -9999 -9999 -9999 -9999 -9999 -9999 -9999 -9999 -9999 -9999 -9999 -9999 -9999 22.94670 -9999 -9999 -9999 -9999 -9999 -9999 -9999 -9999 -9999 -9999 -9999 -9999 -9999 -9999 -9999 -9999 -9999 -9999 -9999 -9999 -9999 -9999 -9999
19.11220 19.12740 19.15120 19.16750 19.18510 19.51090 19.74970 20.35080 20.97140 21.42190 22.40380 23.79400 23.53540 22.30820 22.04930 22.52220 22.68410 22.58480 24.67810 -9999 -9999 -9999 -9999 -9999 -9999 -9999 -9999 -9999 -9999 -9999 -9999 -9999 -9999 -9999 -9999 -9999 -9999 -9999 -9999 -9999 -9999 -9999 21.58840 20.98420 19.91600 19.27840 19.31000 19.50910 20.87770 -9999 -9999 -9999 21.18970 -9999 -9999 -9999 21.70420 22.48120 22.42470 -9999 -9999 -9999 -9999 -9999 -9999 -9999 -9999 -9999 -9999 -9999 -9999
20.92460 21.54520 22.11550 22.63650 23.35750 23.37540 23.35240 23.35020 23.44350 23.58650 23.57350 23.99250 23.96020 24.14830 24.25180 24.12420 23.95960 23.90180 23.54480 23.46880 23.41210 23.49610 23.96820 24.23550 23.84540 -9999 -9999 -9999 -9999 -9999 19.05500 18.57830 18.69820 21.01860 22.52160 21.93790 21.35320 20.41710 20.21300 20.04360 19.77120 19.34730 19.25740 19.27260 19.27280 19.28370 19.35900 19.55660 20.12070 20.31440 20.62260 20.80280 21.17150 21.58320 21.51660 21.46230 21.97260 21.89980 21.59410 21.73030 21.87820 21.83980 21.56730 21.52850 -9999 -9999 -9999 -9999 -9999 -9999 -9999
23.79450 24.12690 24.42570 24.78230 24.43340 24.51300 23.97190 23.53920 22.63000 21.86910 21.17060 132.95700 132.55701 133.07401 132.59900 132.66800 132.06400 19.56680 19.34480 19.80470 21.83270 22.36360 23.00050 22.96490 23.06620 23.08950 22.92320 22.89930 23.30880 23.10810 22.57920 18.82960 18.65550 18.67260 19.21880 19.48820 19.36280 19.27310 19.27470 19.26020 19.29160 19.33770 19.40550 19.45460 19.46180 19.46850 19.53130 19.60730 19.88460 20.06920 20.29400 20.61650 21.12100 21.34680 21.51830 21.69820 21.54300 21.85770 22.02800 21.97560 22.26450 22.35800 21.50180 21.27780 20.95830 20.87740 21.15720 21.11310 21.34380 21.34450 21.35300
24.41210 24.17050 23.68310 22.73850 21.99180 133.19600 132.91901 132.45399 132.33900 131.82100 131.61000 131.57800 131.67000 131.59599 131.56100 131.54900 131.57201 131.58400 131.95300 131.94701 131.87399 131.99500 133.09000 133.31700 129.91200 130.11400 24.37900 130.28600 22.88850 23.06820 25.04140 20.93710 18.71600 19.22250 19.52750 19.49500 19.42910 19.38430 19.36360 19.31130 19.35500 19.45480 19.52730 19.54220 19.48100 19.47560 19.44470 19.50080 19.74090 19.83380 19.80980 20.10570 20.33230 21.11720 21.00450 21.22700 21.23720 21.22060 21.43370 21.41780 21.96380 22.02920 21.11770 21.11750 20.75480 20.81430 21.10540 21.20730 21.69320 21.71660 22.00030
133.87000 133.93700 133.31100 133.69901 133.76700 132.44600 132.08900 131.60100 131.54401 131.59900 131.55000 131.56500 131.51401 131.54601 131.52699 131.62900 131.64700 131.56400 131.76500 131.65199 132.24600 132.89600 133.89301 131.36301 130.37900 130.19099 132.05299 131.80099 131.67400 22.58670 24.66240 24.49120 20.71340 18.30640 18.10740 18.10400 18.26600 18.35250 18.30230 18.26280 18.23410 18.26370 18.34390 18.39670 18.39680 18.51370 18.50910 18.44270 18.45840 18.99840 19.79360 19.83870 19.91060 20.05710 20.23320 20.40170 20.35950 20.59750 21.14540 21.15820 21.35790 19.99200 20.15590 20.89020 20.42920 20.62540 20.72670 21.34820 21.32780 21.35110 21.99830
133.98199 134.32300 134.21201 133.58099 133.15700 132.85100 132.10600 132.13000 132.10001 131.72400 131.54500 131.52800 131.54500 131.53200 131.58099 131.58099 131.61600 131.69600 134.64101 134.32600 132.74100 133.16600 132.06900 130.68800 130.03300 130.10100 130.01700 130.13400 132.20500 130.07500 22.83200 24.52760 24.36180 19.01420 21.13290 20.98730 20.99430 21.04220 20.91930 20.99280 21.68870 21.57680 21.37120 21.36600 20.45530 20.70170 20.65970 20.64750 20.86330 20.98700 21.12400 19.01430 19.28450 19.38200 18.43220 18.53470 18.47220 18.60400 19.36770 20.27910 20.20860 21.95570 22.07120 22.11440 21.51130 21.66120 21.80950 21.06720 23.20750 24.46400 24.56640
134.02200 134.56100 134.55000 134.26801 133.83600 132.99600 132.08099 131.78101 131.52800 131.51199 131.53700 131.53799 131.55099 131.54800 131.50999 131.58000 131.78300 131.83200 132.90900 131.92999 131.54700 131.54700 131.62399 131.57100 129.82300 130.00999 130.22800 130.25600 129.96001 129.81900 23.39490 23.29860 25.53550 25.64950 25.71490 22.22170 19.56930 19.00940 18.67820 18.64530 21.89660 21.66500 21.50790 21.12910 20.48930 20.66860 20.62400 20.54380 20.78620 20.82250 21.20390 21.27740 20.77040 20.90340 20.58700 20.84350 20.62260 20.55490 21.10020 21.06970 19.83300 21.91590 21.61350 21.84160 21.69740 21.74780 21.93400 23.39330 23.35060 23.56330 23.95150
133.77901 133.06700 132.33800 131.62000 131.62801 131.60400 131.54201 131.54800 131.52600 131.51500 131.52499 131.51700 131.52200 131.52200 131.51801 131.52800 131.65601 131.68401 133.61400 132.86900 131.50900 131.50200 131.50101 131.50200 131.50200 131.70900 129.97000 130.28999 129.89700 129.83800 24.83780 25.15100 25.22420 25.68840 26.04360 25.84580 25.53280 25.38500 25.51880 25.53080 25.76090 24.42720 25.63650 25.64230 22.44350 23.20760 23.51780 22.39200 21.20630 21.07160 21.46420 21.21680 20.78110 20.99990 20.85360 21.17220 20.73120 20.63320 20.83950 21.07960 22.52410 21.64160 21.48980 21.53240 21.47170 21.39670 22.51260 22.64930 22.57670 23.00940 23.46930
133.55200 132.05000 131.82100 131.89600 132.40401 134.26401 136.04100 135.65900 134.81300 133.96600 132.00101 131.71100 131.62601 131.50999 131.68300 131.83501 132.99800 132.38901 132.97200 132.95599 131.50500 131.50000 131.50000 131.50000 131.50000 23.30830 23.31100 23.31870 23.39850 24.43190 24.25470 25.24580 24.93220 24.14310 24.46030 23.95680 23.77330 23.74100 24.84580 24.26060 24.20200 24.29670 24.68310 23.89980 26.25460 26.19620 25.74450 25.39210 25.58740 25.57150 23.68290 23.11530 21.96260 21.83820 21.06400 20.90140 20.97100 21.44220 21.36270 22.19690 22.56380 21.34570 21.66360 21.57100 20.74880 20.69160 22.20380 22.29640 21.99050 22.15250 22.43160
133.53400 133.61000 134.12300 133.45100 132.97000 135.63699 137.27901 137.43900 135.54100 134.07100 134.13901 133.95700 133.44000 133.30400 133.09900 132.21300 132.44600 131.88901 133.31799 133.00301 131.56000 131.50000 23.30030 23.30030 23.30010 23.30010 23.30050 23.30080 23.30080 23.30130 23.34860 23.36100 23.30770 23.30260 23.31680 23.31840 23.31520 23.34020 23.35100 23.39130 23.33660 23.37960 23.60850 23.76070 24.11570 24.13530 24.36930 24.17810 25.08450 26.42060 26.24480 26.16920 25.59060 23.45650 21.28090 20.69310 20.80790 21.96010 21.61910 21.33170 21.25160 21.09950 20.89830 20.93030 20.29280 20.50270 20.23770 22.11140 21.77990 21.82930 21.99060
132.39799 132.49100 133.23000 133.15700 133.10800 132.81599 132.04300 132.35899 134.78999 134.15800 133.88100 133.97000 134.22701 133.90700 133.01199 132.69800 131.83000 131.51500 131.51199 132.55400 134.04500 131.74200 131.67700 131.68900 21.60000 22.60000 23.30310 23.40030 23.40010 23.50030 23.60020 23.75730 23.84200 23.78210 23.66170 23.54880 23.59440 23.49700 23.42340 23.35070 23.55840 23.47680 23.48080 23.48580 23.61940 23.74770 23.58940 23.78670 24.13570 24.51140 24.43180 24.05350 25.56850 24.91440 23.35200 20.41490 20.42260 20.77630 20.40000 20.48800 20.57560 20.39020 20.84370 20.38260 20.10910 20.36980 20.70510 19.91650 21.85650 21.85790 21.88350
132.26601 132.38200 132.23100 132.61501 133.88901 133.55499 133.77200 133.76401 133.54401 132.82001 133.23700 133.69299 134.10800 134.69000 134.31799 131.99899 131.57800 131.52800 131.52699 131.51100 131.50400 131.52800 131.50000 131.50101 131.51300 131.66400 131.50500 131.50000 23.00010 131.50000 131.50000 131.50101 131.50000 131.50101 131.50101 131.50101 23.90520 23.50780 131.54100 131.82500 23.49200 23.63710 23.76740 23.79500 23.98140 24.07920 23.90070 23.97740 24.20530 24.57460 24.73990 24.78150 23.87620 25.58600 24.54560 23.47890 20.85890 20.46900 20.12400 20.34340 20.32550 20.35690 20.90200 20.37740 19.81300 19.93590 20.83210 20.70770 20.07840 21.78670 21.87050
136.11000 136.72501 135.91800 135.57201 134.89999 135.58900 135.43600 135.26401 135.38901 136.37601 136.70000 136.39200 136.12000 133.59200 133.44299 132.16499 131.73500 131.53500 131.70200 131.50400 131.50400 131.50301 131.50301 131.50600 131.50200 131.50200 131.50500 131.50400 131.50500 131.53101 131.58200 131.50700 131.50400 131.50600 131.54100 131.58000 131.51100 131.51700 131.54800 131.64700 131.76300 131.65100 23.75600 24.24560 24.51510 25.19400 24.66990 24.32260 23.97160 24.16310 24.32350 24.97840 24.02990 23.53370 25.65830 23.41390 20.56850 20.72930 20.90130 20.96240 20.43540 20.44760 21.11290 20.78240 20.49970 20.66570 20.95770 20.75900 20.85340 21.04200 21.84190
135.94501 26.02590 23.64160 22.14780 135.45500 135.48100 22.23580 22.26310 22.61370 22.80310 136.08400 22.11650 23.40920 137.16901 137.31799 134.11501 131.61301 131.59300 135.70900 134.02000 132.37500 132.38901 131.63100 131.98599 131.50200 131.50600 131.50400 131.51500 131.50999 131.51900 131.50600 131.50101 131.50101 131.50301 131.50200 131.50800 131.57100 131.60100 131.61301 131.71500 131.83600 132.44600 25.36260 26.12750 26.09530 26.23340 25.59020 25.30850 24.67710 24.93320 24.70490 24.26760 24.26070 24.16440 26.02030 23.79910 21.07670 20.58930 21.14590 21.08940 20.47450 20.74320 21.46930 20.98480 20.66510 20.63220 20.64170 20.97660 21.29500 21.25690 23.67410
25.08290 26.95230 25.70550 25.48100 26.63670 26.35940 25.68180 23.84630 22.58490 22.44310 22.67590 22.74870 24.76580 26.67450 28.15800 136.27000 136.17101 131.71700 138.49400 138.03300 136.98000 135.00600 133.17300 131.90900 131.50000 131.50000 131.50200 131.51100 131.50800 131.55701 131.89500 131.65300 131.54700 131.50101 131.50000 131.50101 131.63600 131.64900 131.96201 132.99400 132.61900 133.03300 26.75670 27.13010 26.59120 26.80410 26.65380 26.00190 25.31180 25.25150 24.46310 24.22910 24.42560 24.55170 25.95970 24.17630 20.23280 21.49000 21.49650 21.45910 18.72430 18.74830 18.85080 18.76200 18.64950 20.75950 20.70960 21.14400 20.60990 22.21680 22.21320
28.88570 28.40070 25.88760 24.86240 23.79610 26.14870 26.15710 25.99640 24.41470 21.91080 20.18670 20.48020 25.33870 25.64590 25.83700 135.85600 137.81200 137.22000 137.09100 136.75800 137.88699 140.24500 139.25600 134.94501 131.73500 131.50301 131.50000 131.50000 131.50000 131.57001 131.74200 131.50999 131.52299 131.50900 131.50101 131.50600 132.63400 132.12801 132.76801 134.25999 135.43100 135.72600 137.05701 28.63940 28.17400 28.43330 28.32260 27.74840 26.40760 25.66200 24.78720 24.44680 24.29430 24.82890 24.45550 23.78560 22.87510 22.49760 22.09480 24.74510 22.99630 21.90700 21.43800 20.63010 18.96420 19.10130 21.03130 21.91890 22.84160 22.96070 22.69270
27.18570 25.45420 27.67680 28.55890 27.91520 26.67760 26.32020 26.32120 27.29030 27.46370 27.09960 25.74710 27.55860 29.54290 31.79800 139.63100 31.16460 30.94520 137.18800 137.71800 137.88800 138.92799 138.90900 134.97301 131.74400 131.51601 131.51801 131.67300 131.50200 131.53000 131.53700 131.51601 131.51300 131.50101 131.55800 131.59300 131.61099 132.30299 133.52600 134.91200 135.42400 30.94890 33.59630 32.51390 29.49080 30.01600 29.06650 27.98540 27.09840 27.19910 26.04470 25.33380 24.62790 24.69990 24.82150 23.15560 23.96470 23.21490 23.87270 24.08410 23.78510 25.34460 24.58260 24.45550 24.96860 24.99820 25.15760 25.23500 26.20450 24.68600 25.21610
32.85000 -9999 31.02600 34.29400 34.09700 33.60280 -9999 31.18350 30.19210 26.67870 25.60720 27.28350 32.91350 31.07390 30.69550 30.68060 30.02530 31.92420 33.29700 30.04150 137.92799 137.12300 139.45000 139.11301 137.93600 134.72000 25.93440 24.89460 25.55750 132.15900 132.28900 132.22900 131.51700 131.51801 131.57700 131.96300 133.12000 132.71600 132.50700 27.58890 30.20480 29.09200 34.96860 34.45610 29.83630 29.89490 29.12800 28.86790 28.92720 29.04920 28.50040 27.42480 26.13810 25.06900 24.38380 22.74950 23.36790 22.97630 22.86500 23.11530 22.57620 22.31860 22.10880 21.74230 21.56470 21.36100 21.08210 22.17630 22.50700 23.54130 24.10220
