data/hydroclimate-scenarios/BCSD_hadcm_A1B/monthly_summaries/soilm1_monthly_day1_nov.2030-2059.asc
ncols	311
nrows	91
xllcenter	102.75
yllcenter	31.75
cellsize	0.5
NODATA_value	-9999
[rows 0 to 31 of 91, columns 71 to 141 of 311]
-9999 -9999 -9999 -9999 -9999 -9999 -9999 -9999 -9999 -9999 -9999 -9999 -9999 -9999 -9999 -9999 -9999 -9999 -9999 -9999 -9999 -9999 -9999 -9999 -9999 -9999 -9999 -9999 -9999 -9999 -9999 -9999 -9999 -9999 -9999 -9999 -9999 -9999 -9999 -9999 -9999 -9999 -9999 -9999 -9999 -9999 -9999 -9999 -9999 -9999 -9999 -9999 -9999 -9999 -9999 -9999 -9999 -9999 -9999 -9999 -9999 -9999 -9999 -9999 -9999 -9999 -9999 -9999 -9999 -9999 -9999
-9999 -9999 -9999 -9999 -9999 -9999 -9999 -9999 -9999 -9999 -9999 -9999 -9999 -9999 -9999 -9999 -9999 -9999 -9999 -9999 -9999 -9999 -9999 -9999 -9999 -9999 -9999 -9999 -9999 -9999 -9999 -9999 -9999 -9999 -9999 -9999 -9999 -9999 -9999 -9999 -9999 -9999 -9999 -9999 -9999 -9999 -9999 -9999 -9999 -9999 -9999 -9999 -9999 -9999 -9999 -9999 -9999 -9999 -9999 -9999 -9999 -9999 -9999 -9999 -9999 -9999 -9999 -9999 -9999 -9999 -9999
-9999 -9999 -9999 -9999 -9999 -9999 -9999 -9999 -9999 -9999 -9999 -9999 -9999 -9999 -9999 -9999 -9999 -9999 -9999 -9999 -9999 -9999 -9999 -9999 -9999 -9999 -9999 -9999 -9999 -9999 -9999 -9999 -9999 -9999 -9999 -9999 -9999 -9999 -9999 -9999 -9999 -9999 -9999 -9999 -9999 -9999 -9999 -9999 -9999 -9999 -9999 -9999 -9999 -9999 -9999 -9999 -9999 -9999 -9999 -9999 -9999 -9999 -9999 -9999 -9999 -9999 -9999 -9999 -9999 -9999 -9999
-9999 -9999 -9999 -9999 -9999 -9999 -9999 -9999 -9999 -9999 -9999 -9999 -9999 -9999 -9999 -9999 -9999 -9999 -9999 -9999 -9999 -9999 -9999 -9999 -9999 -9999 -9999 -9999 -9999 -9999 -9999 -9999 -9999 -9999 -9999 -9999 -9999 -9999 -9999 -9999 -9999 -9999 -9999 -9999 -9999 -9999 -9999 -9999 -9999 -9999 -9999 -9999 -9999 -9999 -9999 -9999 -9999 -9999 -9999 -9999 -9999 -9999 -9999 -9999 -9999 -9999 -9999 -9999 -9999 -9999 -9999
-9999 -9999 -9999 -9999 -9999 -9999 -9999 -9999 -9999 -9999 -9999 -9999 -9999 -9999 -9999 -9999 -9999 -9999 -9999 -9999 -9999 -9999 -9999 -9999 -9999 -9999 -9999 -9999 -9999 -9999 -9999 -9999 -9999 -9999 -9999 -9999 -9999 -9999 -9999 -9999 -9999 -9999 -9999 -9999 -9999 -9999 -9999 -9999 -9999 -9999 -9999 -9999 -9999 -9999 -9999 -9999 -9999 -9999 -9999 -9999 -9999 -9999 -9999 -9999 -9999 -9999 -9999 -9999 -9999 -9999 -9999
-9999 -9999 -9999 -9999 -9999 -9999 -9999 -9999 -9999 -9999 -9999 -9999 -9999 -9999 -9999 -9999 -9999 -9999 -9999 -9999 -9999 -9999 -9999 -9999 -9999 -9999 -9999 -9999 -9999 -9999 -9999 -9999 -9999 -9999 -9999 -9999 -9999 -9999 -9999 -9999 -9999 -9999 -9999 -9999 -9999 -9999 -9999 -9999 -9999 -9999 -9999 -9999 -9999 -9999 -9999 -9999 -9999 -9999 -9999 -9999 -9999 -9999 -9999 -9999 -9999 -9999 -9999 -9999 -9999 -9999 -9999
-9999 -9999 -9999 -9999 -9999 -9999 -9999 -9999 -9999 -9999 -9999 -9999 -9999 -9999 -9999 -9999 -9999 -9999 -9999 -9999 -9999 -9999 -9999 -9999 -9999 -9999 -9999 -9999 -9999 -9999 -9999 -9999 -9999 -9999 -9999 -9999 -9999 -9999 -9999 -9999 -9999 -9999 -9999 -9999 -9999 -9999 -9999 -9999 -9999 -9999 -9999 -9999 -9999 -9999 -9999 -9999 -9999 -9999 -9999 -9999 -9999 -9999 -9999 -9999 -9999 -9999 -9999 -9999 -9999 -9999 -9999
-9999 -9999 -9999 -9999 -9999 -9999 -9999 -9999 -9999 -9999 -9999 -9999 -9999 -9999 -9999 -9999 -9999 -9999 -9999 -9999 -9999 -9999 -9999 -9999 -9999 -9999 -9999 -9999 -9999 -9999 -9999 -9999 -9999 -9999 -9999 -9999 -9999 -9999 -9999 -9999 -9999 -9999 -9999 -9999 -9999 -9999 -9999 -9999 -9999 -9999 -9999 -9999 -9999 -9999 -9999 -9999 -9999 -9999 -9999 -9999 -9999 -9999 -9999 -9999 -9999 -9999 -9999 -9999 -9999 -9999 -9999
-9999 -9999 -9999 -9999 -9999 -9999 63.85770 -9999 -9999 -9999 -9999 -9999 -9999 -9999 -9999 -9999 -9999 -9999 -9999 -9999 -9999 -9999 -9999 -9999 -9999 -9999 -9999 -9999 -9999 -9999 -9999 -9999 -9999 -9999 -9999 -9999 -9999 -9999 -9999 -9999 -9999 -9999 -9999 -9999 -9999 -9999 -9999 -9999 -9999 -9999 -9999 -9999 -9999 -9999 -9999 -9999 -9999 -9999 -9999 -9999 -9999 -9999 -9999 -9999 -9999 -9999 -9999 -9999 -9999 -9999 -9999
-9999 -9999 62.06070 60.69310 62.25600 62.78080 63.63770 64.19980 64.71200 65.16580 64.90220 65.29370 64.86920 64.84680 63.42830 65.03170 63.33280 62.77010 64.53850 64.08800 64.05060 62.18910 -9999 -9999 -9999 -9999 -9999 -9999 -9999 -9999 -9999 -9999 -9999 -9999 -9999 -9999 -9999 -9999 -9999 -9999 -9999 -9999 -9999 -9999 -9999 -9999 -9999 -9999 -9999 -9999 -9999 -9999 -9999 -9999 -9999 -9999 -9999 -9999 -9999 -9999 -9999 -9999 -9999 -9999 -9999 -9999 -9999 -9999 -9999 -9999 -9999
-9999 -9999 -9999 -9999 65.85010 66.65860 67.25860 67.51680 66.82200 67.08410 67.15980 67.34480 68.29280 68.14560 68.21650 68.25100 67.03610 67.01100 67.17410 67.29550 66.62790 65.37540 -9999 -9999 -9999 -9999 -9999 -9999 -9999 -9999 -9999 -9999 -9999 -9999 -9999 -9999 -9999 -9999 -9999 -9999 -9999 -9999 -9999 -9999 -9999 -9999 -9999 -9999 -9999 -9999 -9999 -9999 -9999 -9999 -9999 -9999 -9999 -9999 -9999 -9999 -9999 -9999 -9999 -9999 -9999 -9999 -9999 -9999 -9999 -9999 -9999
63.39350 64.09870 65.31280 65.60370 66.30950 67.27840 67.12800 67.38910 66.99870 67.78410 66.94310 67.01770 67.74780 68.53560 68.54420 68.70230 67.99280 68.06530 68.22660 70.43250 70.65420 78.60860 69.30960 68.86560 68.74310 68.49700 67.90410 66.11190 -9999 -9999 -9999 -9999 -9999 -9999 -9999 -9999 -9999 -9999 -9999 -9999 -9999 -9999 -9999 -9999 -9999 -9999 -9999 -9999 -9999 -9999 -9999 -9999 -9999 -9999 -9999 -9999 -9999 -9999 -9999 -9999 -9999 -9999 -9999 -9999 -9999 -9999 -9999 -9999 -9999 -9999 -9999
63.59860 63.64560 64.98080 65.26730 66.12280 66.33140 66.20690 67.40970 65.99780 66.71910 67.51280 68.03500 67.70740 68.13720 68.04000 68.77790 69.09800 69.04600 80.12010 72.81250 70.51990 69.37560 69.18550 68.33680 69.13360 68.35400 67.54180 66.96290 66.66870 65.93310 65.79420 64.82640 64.56160 64.87890 64.72270 64.44340 63.82600 63.94790 64.33690 64.43740 65.46760 64.89940 64.05050 -9999 -9999 -9999 -9999 -9999 -9999 -9999 -9999 -9999 -9999 -9999 -9999 -9999 -9999 -9999 -9999 -9999 -9999 -9999 -9999 -9999 -9999 -9999 -9999 -9999 -9999 -9999 -9999
53.51410 54.67260 55.71600 56.43930 66.08260 68.07270 66.25010 65.96430 65.40990 57.45140 58.85490 66.75260 58.54770 67.40100 67.96240 68.34640 69.25080 69.01620 71.28510 72.39960 70.17620 68.79940 67.63330 59.69560 60.25590 67.76990 66.23290 65.97510 66.74560 67.20020 66.37810 66.28380 65.31670 64.75180 64.93730 64.84930 64.61370 63.84690 64.78060 64.95760 65.71880 65.97820 65.20960 76.55100 -9999 -9999 -9999 -9999 -9999 -9999 -9999 -9999 -9999 -9999 -9999 -9999 -9999 -9999 -9999 -9999 -9999 -9999 -9999 -9999 -9999 -9999 -9999 -9999 -9999 -9999 -9999
68.47310 65.57870 59.32100 67.26000 67.58420 68.53040 69.32600 69.05320 67.12820 67.43530 67.90730 68.00040 68.01080 68.30970 67.98550 68.63790 70.60540 70.94140 72.72110 79.20210 72.35990 72.23600 70.69840 69.85340 69.15720 68.91840 68.74250 67.38500 68.32830 67.83730 67.44190 67.24370 65.68820 65.82200 65.57580 65.62240 65.74760 65.89750 66.62690 66.81570 66.50540 66.36600 65.76180 65.86630 -9999 -9999 -9999 -9999 -9999 -9999 -9999 -9999 -9999 -9999 -9999 -9999 -9999 -9999 -9999 63.26160 63.29690 -9999 -9999 -9999 -9999 66.85460 68.45580 68.16360 66.08150 58.01820 58.86800
66.33380 66.94550 69.24250 66.66060 67.18670 67.26290 67.90280 67.59340 66.96050 67.51410 66.89550 67.06600 67.06420 67.34340 68.17530 68.07330 70.12930 70.41400 78.97140 72.23610 71.84310 71.32460 69.80250 69.23390 68.37950 67.47370 68.50630 68.32540 68.36060 67.71780 67.29090 66.83740 65.88300 66.08140 66.06590 65.54530 66.66050 66.31970 66.79880 67.33710 77.77060 78.26730 76.93170 66.26770 64.52960 64.57650 77.03220 65.21210 65.14900 64.75620 57.31520 59.04740 65.98400 65.58410 64.07620 55.60740 53.17670 53.45880 63.13400 63.50590 53.83230 -9999 -9999 -9999 -9999 -9999 70.00610 69.38490 67.28570 67.48330 67.43830
67.94940 56.73850 67.32630 68.49030 59.10810 65.50730 66.79100 67.74170 65.80210 65.92100 65.44590 66.11350 65.88970 66.71750 66.88620 67.41360 68.94480 69.14190 70.90510 70.52180 69.95120 69.42250 70.11860 69.47080 68.68080 68.76430 66.97090 67.11730 66.53910 66.81540 66.95160 66.20440 66.38690 66.56450 67.17840 67.82230 68.02600 68.66680 76.66470 79.22220 68.95520 77.67690 67.04000 66.45560 65.71120 65.82930 66.46610 66.39480 67.35210 68.54490 67.01270 67.09040 66.16380 67.37360 68.18340 66.28120 66.57190 65.66490 56.91780 55.89790 55.09410 56.80560 54.85110 63.98420 64.89610 67.12930 69.10120 70.58290 67.14910 66.73300 67.57160
66.09830 62.36760 64.56000 69.39270 68.77720 68.21950 67.86010 66.48170 63.66900 64.24520 63.82800 65.09440 64.36940 65.42110 65.94750 66.77740 67.97160 67.49940 69.98500 67.56240 69.85970 68.16520 68.24230 67.93610 67.57290 67.27390 66.67020 66.34550 66.89280 67.50390 67.25110 67.50910 67.64620 66.29720 67.65100 68.43630 78.73810 68.52200 68.18430 68.82560 68.67840 69.31900 67.54400 68.34390 68.03380 67.36930 67.49070 67.14920 66.74990 66.82920 67.94800 65.63000 66.11370 66.11860 66.81550 68.41240 68.60110 69.00660 69.40230 68.58310 56.92130 58.97080 57.11880 55.55310 57.61320 64.97270 67.23850 67.73870 66.94700 66.26030 62.67610
69.16050 68.01130 58.41230 53.82700 65.05980 64.92920 64.37480 63.91570 64.25460 64.23320 63.50370 63.40160 63.06680 64.18950 66.44220 67.09220 66.97580 66.65360 67.85570 68.25780 69.59000 68.99090 69.07930 68.08290 67.59130 67.94080 66.33820 67.04060 66.73600 66.39240 67.16000 77.99640 65.72550 65.92900 68.10660 68.34040 67.92320 67.50010 69.20580 70.14670 68.51980 68.15860 68.88540 69.59290 70.52450 70.50210 69.08230 68.32760 67.25590 66.96780 67.36980 67.36770 69.10090 68.17550 57.62060 57.06630 57.75190 65.61780 67.06840 70.10030 69.28610 68.20230 65.95780 60.19030 60.63710 61.28610 61.98200 62.42000 62.56900 63.06310 63.92730
68.81590 69.00940 67.39600 59.82910 56.53310 63.98400 65.12070 65.71470 65.49820 64.55870 65.85680 63.33540 52.78370 60.84230 62.76100 63.99120 64.27020 65.28560 66.72720 66.98980 68.98820 68.62090 68.49290 67.81220 67.30660 66.07990 65.73070 65.27300 66.33050 66.15540 65.95080 66.22880 63.83330 63.84880 66.62490 67.68750 67.44770 67.03550 68.29810 68.58280 69.11690 68.94150 67.73910 68.63220 70.49770 70.18300 69.53170 70.31490 67.97360 67.59650 68.67840 68.32080 69.42750 69.20920 68.89970 68.62770 67.75270 68.56270 68.54720 69.05080 68.95020 67.01710 60.56800 66.68770 68.68660 63.26810 68.75140 64.06280 63.60180 63.77760 69.58600
65.55680 58.89030 60.55320 61.52760 60.59220 55.21380 54.07180 52.93950 63.02080 64.00230 64.08870 66.03210 67.38790 64.98450 58.33360 62.78750 63.29400 63.19140 64.68840 64.41950 67.99840 68.08970 67.85120 67.14490 65.71870 66.24200 65.43720 65.21450 65.54530 65.75330 65.52420 64.91240 64.55350 64.02080 64.94900 65.83980 65.15530 66.42770 67.45810 66.80890 70.16880 70.64610 69.97530 70.67590 68.83560 69.22160 69.76800 67.60880 67.45150 68.30460 70.18530 70.14670 68.21760 69.08710 68.88120 68.75260 69.21820 69.49510 68.09350 67.83110 68.87900 69.22170 62.58380 70.14420 71.58030 68.80910 64.09650 64.46720 65.11030 69.68580 70.34840
71.58280 70.44310 71.73860 67.44300 66.82910 66.38880 59.71520 58.08670 62.97120 63.69980 63.01280 52.62280 63.26840 63.82310 67.72530 66.72650 67.36330 66.18010 56.00940 55.24040 66.83450 68.06610 68.16240 67.34020 65.99730 66.14690 64.92830 64.58680 65.99390 66.12750 64.88030 65.46650 64.55210 66.63010 65.64810 66.23150 67.35730 68.16380 59.34530 67.40090 68.56700 70.34220 71.23570 67.67240 68.10040 68.01730 67.94480 68.02200 67.62030 67.01320 66.15120 67.91730 66.82750 59.87880 67.32070 67.45940 62.70090 69.84420 70.42270 73.22290 71.70450 72.02410 71.03470 71.38230 71.37490 63.27880 68.66020 69.23290 71.25440 70.86770 72.21670
68.79530 71.76800 71.48030 70.82390 71.34770 67.66990 61.77400 59.08820 64.90550 63.37750 64.12140 64.73160 63.49100 54.23490 63.67160 55.85010 57.57140 66.61620 69.70630 60.88460 57.99550 64.62310 63.58700 65.84140 65.67640 65.64940 65.13260 65.29460 65.50580 65.29850 65.77610 66.08490 67.13610 66.00020 67.65750 67.51330 68.91130 67.50850 67.66710 67.76900 68.75970 70.85330 70.79180 67.69920 69.67500 69.88190 68.62590 68.68700 67.10580 66.85190 68.50680 68.44300 69.92350 72.25000 63.68190 64.81060 70.78160 71.88370 72.38050 73.67140 73.73190 73.66710 70.94120 63.49150 68.37730 70.17260 70.29980 71.22210 70.83990 72.05080 72.43190
70.25570 68.74350 66.98930 70.17220 71.46750 71.12950 70.88180 69.12250 68.47000 66.59150 64.12770 66.48230 66.34660 65.11050 68.92030 62.88520 66.53410 55.73410 66.23200 70.81030 67.64030 68.22240 65.38630 63.35920 64.85770 64.54890 64.81420 65.35680 65.31540 64.27040 64.88620 64.94060 66.40480 66.50460 67.22360 68.12340 69.04820 69.38700 69.56540 70.05150 68.81850 69.59850 70.32860 60.98460 59.91340 68.88500 69.53840 69.12310 69.74930 68.66430 68.72630 61.15100 70.29330 62.22720 70.38490 72.11520 71.96000 74.32500 70.31550 72.28990 74.08120 74.24580 73.56090 72.81990 71.47680 71.92510 72.61030 71.60650 71.01990 70.77250 71.50790
69.96980 69.31500 67.45770 60.85730 68.11280 69.35770 69.84910 69.90850 69.31780 68.27810 66.22900 66.02120 56.84790 64.17910 67.81360 69.09290 66.13240 68.12490 58.92640 65.55860 67.05380 67.87090 65.71340 65.37150 63.59580 63.57430 66.13120 66.81350 65.67540 65.24480 66.20950 66.37060 65.95100 66.03620 66.34350 65.94200 65.96320 66.93220 70.35040 71.28060 67.90760 63.28840 72.09660 62.18950 60.29900 68.46880 69.49920 69.12080 70.89010 68.40830 62.90120 68.72570 72.39820 72.78120 72.61770 72.10610 73.25590 71.80760 73.86380 75.37060 73.08340 70.01550 73.63310 75.83390 76.91780 77.76630 76.77940 71.66780 71.07710 70.40220 65.04420
72.48210 71.89180 67.59980 67.27270 69.79160 68.39490 70.83690 69.89290 69.21670 66.90800 65.12980 66.48320 64.97030 64.65790 66.42820 68.08050 69.48270 68.30530 68.56210 67.84320 68.21230 65.78740 64.74190 64.16540 63.84220 66.24490 65.82070 65.15700 65.99530 65.74470 66.51670 66.87880 66.93020 67.18580 65.72230 67.92130 69.47170 68.26170 67.95050 73.24560 64.14940 68.66870 69.99890 70.42120 70.56560 67.91770 59.88690 60.21160 61.38560 61.20490 69.21550 70.19610 70.71710 69.05940 70.69350 73.14090 75.35490 74.11430 75.64530 77.01610 75.84910 75.47590 76.23280 76.65460 76.80230 78.35560 77.42520 75.00120 65.48450 65.36250 66.20070
70.71900 72.43450 70.33650 64.44330 68.37290 71.05710 71.30940 71.54280 67.13260 66.60030 66.18920 65.61960 68.42140 68.08790 69.56980 69.44840 70.43680 67.12620 68.89120 67.52660 69.00320 65.79730 68.79210 64.50070 68.03510 69.10990 66.73870 66.31350 67.28980 67.78710 68.12060 66.50240 67.22420 68.33530 67.05630 66.58650 70.23720 71.47210 62.39620 68.53250 70.28270 70.07960 65.60510 65.03340 64.19710 63.55840 69.04160 63.89440 63.31170 71.91730 63.35470 72.37060 73.44130 73.95620 73.53530 72.49240 72.74760 76.04190 77.62000 88.56550 79.98290 76.26140 76.01780 77.09050 74.34220 66.30290 74.62080 65.94700 65.21300 65.66150 66.44590
72.86000 70.15970 69.89940 69.47900 70.40620 68.07340 63.36360 69.19980 69.18060 67.47930 64.82150 66.52400 68.89280 70.02630 70.21040 69.64530 69.01590 71.16770 68.42630 67.95150 71.15900 68.11860 67.14450 65.29100 65.85280 68.83380 69.83720 67.32770 66.74240 67.73270 69.05200 69.09500 68.61260 69.04110 68.87410 66.77740 70.58840 69.28290 70.21440 64.41520 65.22180 65.21900 65.08810 71.97080 71.52660 71.68380 74.11270 74.15540 73.01550 74.99850 74.06650 74.03290 74.99100 73.04480 73.95100 74.97090 78.76260 78.63720 77.79990 85.66140 78.71520 78.54850 74.00960 67.82260 66.54150 66.50290 66.63920 66.86480 66.18940 67.79300 68.34240
73.03050 70.35920 71.16700 69.24510 69.05880 68.59150 63.26520 62.54010 62.13470 70.66890 65.30340 66.84030 67.93960 68.88970 68.71310 69.68980 68.99530 60.80800 68.44780 70.48460 68.55490 68.67250 68.02880 65.01450 67.70720 66.94170 69.80170 68.26600 65.50150 67.49250 68.69830 70.65760 69.01120 69.04170 66.43990 58.36690 67.47790 70.35490 69.37090 71.80700 68.64120 65.13970 68.91630 72.17000 85.75620 82.45370 71.12750 64.59650 64.99320 72.75970 75.26220 76.47300 66.25110 73.94460 76.92400 75.45200 77.66990 79.53100 83.37820 78.94010 75.80370 73.09520 65.94810 65.53830 66.14410 66.36830 66.21280 66.73700 66.42370 68.66550 68.20310
71.94720 70.55250 70.86430 72.26950 72.48090 70.54600 67.88310 62.63130 69.49340 70.09790 68.38970 67.33120 67.51020 63.75710 69.70760 72.34040 72.38530 69.40990 70.36200 71.43890 60.36080 69.28490 72.00440 70.40670 68.65180 60.23530 71.43720 70.13900 66.50140 68.81780 70.07520 68.26400 70.78880 70.64550 59.88540 66.28370 69.17720 71.47820 72.36510 73.12350 73.76790 75.27560 76.05750 75.80910 78.19930 76.14420 65.92620 65.96200 73.94500 75.71290 -9999 -9999 69.00220 75.39670 80.09490 80.40840 89.68770 78.69340 69.47690 68.60640 69.09820 67.84460 66.87000 65.86860 66.25990 66.18180 65.90960 66.23550 67.20580 69.64770 72.71420
73.91520 73.12270 72.31120 74.62780 72.30320 75.95720 72.32490 74.36250 71.46530 71.59620 69.41950 72.25390 70.32540 68.07940 72.26250 73.64550 70.52360 68.90540 61.85580 68.82200 63.24720 70.83780 68.27090 72.16210 63.60210 67.05430 70.15120 68.58670 60.38700 70.37960 70.44280 67.28680 68.13440 68.70320 67.26220 70.73630 70.44960 70.60620 72.01950 -9999 -9999 -9999 -9999 77.39340 -9999 64.97410 70.29470 73.50800 75.44440 75.90980 -9999 -9999 68.05710 85.39060 84.62710 74.60910 70.67760 69.61260 68.29470 67.36940 66.91110 66.80550 66.00330 65.16510 66.70510 68.69450 64.75330 65.27630 66.53520 67.74170 69.64920
70.42670 73.29500 73.21910 74.46640 76.74050 76.27780 75.00750 71.04730 72.50930 74.32610 73.90970 73.57460 74.09130 74.64970 74.37300 72.27890 69.46210 71.21490 70.23270 72.09080 72.57200 72.09980 70.94130 68.69000 64.90060 71.80420 63.82070 70.21640 69.64460 69.16860 70.04120 70.73810 69.95760 71.01180 71.70480 73.00370 71.75820 -9999 -9999 -9999 -9999 -9999 -9999 -9999 77.19390 74.66780 76.75730 -9999 -9999 -9999 -9999 -9999 89.28310 78.43730 69.15430 73.04780 73.03500 73.26610 69.98360 68.62030 69.43050 69.13380 67.59030 70.28790 72.05960 68.01540 68.06700 66.67230 67.67070 72.37400 -9999
