data/hydroclimate-scenarios/BCSD_hadcm_A1B/monthly_summaries/soilm3_monthly_day1_oct.2030-2059.asc
ncols	311
nrows	91
xllcenter	102.75
yllcenter	31.75
cellsize	0.5
NODATA_value	-9999
[rows 0 to 31 of 91, columns 71 to 141 of 311]
-9999 -9999 -9999 -9999 -9999 -9999 -9999 -9999 -9999 -9999 -9999 -9999 -9999 -9999 -9999 -9999 -9999 -9999 -9999 -9999 -9999 -9999 -9999 -9999 -9999 -9999 -9999 -9999 -9999 -9999 -9999 -9999 -9999 -9999 -9999 -9999 -9999 -9999 -9999 -9999 -9999 -9999 -9999 -9999 -9999 -9999 -9999 -9999 -9999 -9999 -9999 -9999 -9999 -9999 -9999 -9999 -9999 -9999 -9999 -9999 -9999 -9999 -9999 -9999 -9999 -9999 -9999 -9999 -9999 -9999 -9999
-9999 -9999 -9999 -9999 -9999 -9999 -9999 -9999 -9999 -9999 -9999 -9999 -9999 -9999 -9999 -9999 -9999 -9999 -9999 -9999 -9999 -9999 -9999 -9999 -9999 -9999 -9999 -9999 -9999 -9999 -9999 -9999 -9999 -9999 -9999 -9999 -9999 -9999 -9999 -9999 -9999 -9999 -9999 -9999 -9999 -9999 -9999 -9999 -9999 -9999 -9999 -9999 -9999 -9999 -9999 -9999 -9999 -9999 -9999 -9999 -9999 -9999 -9999 -9999 -9999 -9999 -9999 -9999 -9999 -9999 -9999
-9999 -9999 -9999 -9999 -9999 -9999 -9999 -9999 -9999 -9999 -9999 -9999 -9999 -9999 -9999 -9999 -9999 -9999 -9999 -9999 -9999 -9999 -9999 -9999 -9999 -9999 -9999 -9999 -9999 -9999 -9999 -9999 -9999 -9999 -9999 -9999 -9999 -9999 -9999 -9999 -9999 -9999 -9999 -9999 -9999 -9999 -9999 -9999 -9999 -9999 -9999 -9999 -9999 -9999 -9999 -9999 -9999 -9999 -9999 -9999 -9999 -9999 -9999 -9999 -9999 -9999 -9999 -9999 -9999 -9999 -9999
-9999 -9999 -9999 -9999 -9999 -9999 -9999 -9999 -9999 -9999 -9999 -9999 -9999 -9999 -9999 -9999 -9999 -9999 -9999 -9999 -9999 -9999 -9999 -9999 -9999 -9999 -9999 -9999 -9999 -9999 -9999 -9999 -9999 -9999 -9999 -9999 -9999 -9999 -9999 -9999 -9999 -9999 -9999 -9999 -9999 -9999 -9999 -9999 -9999 -9999 -9999 -9999 -9999 -9999 -9999 -9999 -9999 -9999 -9999 -9999 -9999 -9999 -9999 -9999 -9999 -9999 -9999 -9999 -9999 -9999 -9999
-9999 -9999 -9999 -9999 -9999 -9999 -9999 -9999 -9999 -9999 -9999 -9999 -9999 -9999 -9999 -9999 -9999 -9999 -9999 -9999 -9999 -9999 -9999 -9999 -9999 -9999 -9999 -9999 -9999 -9999 -9999 -9999 -9999 -9999 -9999 -9999 -9999 -9999 -9999 -9999 -9999 -9999 -9999 -9999 -9999 -9999 -9999 -9999 -9999 -9999 -9999 -9999 -9999 -9999 -9999 -9999 -9999 -9999 -9999 -9999 -9999 -9999 -9999 -9999 -9999 -9999 -9999 -9999 -9999 -9999 -9999
-9999 -9999 -9999 -9999 -9999 -9999 -9999 -9999 -9999 -9999 -9999 -9999 -9999 -9999 -9999 -9999 -9999 -9999 -9999 -9999 -9999 -9999 -9999 -9999 -9999 -9999 -9999 -9999 -9999 -9999 -9999 -9999 -9999 -9999 -9999 -9999 -9999 -9999 -9999 -9999 -9999 -9999 -9999 -9999 -9999 -9999 -9999 -9999 -9999 -9999 -9999 -9999 -9999 -9999 -9999 -9999 -9999 -9999 -9999 -9999 -9999 -9999 -9999 -9999 -9999 -9999 -9999 -9999 -9999 -9999 -9999
-9999 -9999 -9999 -9999 -9999 -9999 -9999 -9999 -9999 -9999 -9999 -9999 -9999 -9999 -9999 -9999 -9999 -9999 -9999 -9999 -9999 -9999 -9999 -9999 -9999 -9999 -9999 -9999 -9999 -9999 -9999 -9999 -9999 -9999 -9999 -9999 -9999 -9999 -9999 -9999 -9999 -9999 -9999 -9999 -9999 -9999 -9999 -9999 -9999 -9999 -9999 -9999 -9999 -9999 -9999 -9999 -9999 -9999 -9999 -9999 -9999 -9999 -9999 -9999 -9999 -9999 -9999 -9999 -9999 -9999 -9999
-9999 -9999 -9999 -9999 -9999 -9999 -9999 -9999 -9999 -9999 -9999 -9999 -9999 -9999 -9999 -9999 -9999 -9999 -9999 -9999 -9999 -9999 -9999 -9999 -9999 -9999 -9999 -9999 -9999 -9999 -9999 -9999 -9999 -9999 -9999 -9999 -9999 -9999 -9999 -9999 -9999 -9999 -9999 -9999 -9999 -9999 -9999 -9999 -9999 -9999 -9999 -9999 -9999 -9999 -9999 -9999 -9999 -9999 -9999 -9999 -9999 -9999 -9999 -9999 -9999 -9999 -9999 -9999 -9999 -9999 -9999
-9999 -9999 -9999 -9999 -9999 -9999 22.45090 -9999 -9999 -9999 -9999 -9999 -9999 -9999 -9999 -9999 -9999 -9999 -9999 -9999 -9999 -9999 -9999 -9999 -9999 -9999 -9999 -9999 -9999 -9999 -9999 -9999 -9999 -9999 -9999 -9999 -9999 -9999 -9999 -9999 -9999 -9999 -9999 -9999 -9999 -9999 -9999 -9999 -9999 -9999 -9999 -9999 -9999 -9999 -9999 -9999 -9999 -9999 -9999 -9999 -9999 -9999 -9999 -9999 -9999 -9999 -9999 -9999 -9999 -9999 -9999
-9999 -9999 22.83930 22.30500 22.32790 22.37410 22.43790 22.55550 22.20820 22.16190 21.94940 21.84860 21.72590 21.96140 21.39250 20.99110 21.34950 21.16180 21.07010 21.30710 21.87960 22.58920 -9999 -9999 -9999 -9999 -9999 -9999 -9999 -9999 -9999 -9999 -9999 -9999 -9999 -9999 -9999 -9999 -9999 -9999 -9999 -9999 -9999 -9999 -9999 -9999 -9999 -9999 -9999 -9999 -9999 -9999 -9999 -9999 -9999 -9999 -9999 -9999 -9999 -9999 -9999 -9999 -9999 -9999 -9999 -9999 -9999 -9999 -9999 -9999 -9999
-9999 -9999 -9999 -9999 20.81740 20.62570 20.31280 20.32280 20.31460 20.32270 20.33660 20.35860 20.51100 20.50620 20.63090 20.63070 20.47850 20.49290 20.63700 20.66870 20.63040 20.91530 -9999 -9999 -9999 -9999 -9999 -9999 -9999 -9999 -9999 -9999 -9999 -9999 -9999 -9999 -9999 -9999 -9999 -9999 -9999 -9999 -9999 -9999 -9999 -9999 -9999 -9999 -9999 -9999 -9999 -9999 -9999 -9999 -9999 -9999 -9999 -9999 -9999 -9999 -9999 -9999 -9999 -9999 -9999 -9999 -9999 -9999 -9999 -9999 -9999
21.90550 22.30950 21.82740 21.94610 20.91670 21.43500 23.42330 21.52930 21.31290 21.32880 20.44710 20.35190 20.49020 20.54120 20.68910 20.69580 20.56780 20.57920 20.88940 21.34570 21.39090 20.94950 18.67620 18.49420 18.33910 18.31790 18.23240 18.28150 -9999 -9999 -9999 -9999 -9999 -9999 -9999 -9999 -9999 -9999 -9999 -9999 -9999 -9999 -9999 -9999 -9999 -9999 -9999 -9999 -9999 -9999 -9999 -9999 -9999 -9999 -9999 -9999 -9999 -9999 -9999 -9999 -9999 -9999 -9999 -9999 -9999 -9999 -9999 -9999 -9999 -9999 -9999
23.00850 22.92070 21.72470 22.94810 23.26160 22.47160 22.62600 23.45120 23.40690 23.51010 21.51970 21.57370 21.45880 21.25110 20.39040 20.41890 21.66760 23.46560 23.28660 18.72740 18.69040 19.47830 19.49030 18.67830 18.40010 18.35060 18.23120 18.23590 18.21870 18.21310 18.20860 18.20750 18.32070 18.31180 18.28420 18.26820 18.24300 18.24000 18.23310 18.23040 18.24210 18.24390 18.24160 -9999 -9999 -9999 -9999 -9999 -9999 -9999 -9999 -9999 -9999 -9999 -9999 -9999 -9999 -9999 -9999 -9999 -9999 -9999 -9999 -9999 -9999 -9999 -9999 -9999 -9999 -9999 -9999
22.38260 22.28560 22.33570 22.87700 22.79650 22.88250 22.74520 22.76460 22.70910 23.00550 22.85510 23.21000 23.17710 23.70590 22.74560 22.56430 23.86700 23.98560 23.46160 20.68270 20.18980 20.68770 21.41440 22.14960 21.36420 20.89990 21.03490 21.12980 19.61910 18.41930 18.20920 18.20850 19.09610 18.77620 18.26720 18.25870 18.25840 18.24580 18.23660 18.23310 18.25430 18.26010 18.24800 21.46280 -9999 -9999 -9999 -9999 -9999 -9999 -9999 -9999 -9999 -9999 -9999 -9999 -9999 -9999 -9999 -9999 -9999 -9999 -9999 -9999 -9999 -9999 -9999 -9999 -9999 -9999 -9999
22.97380 23.10380 22.80070 23.25510 22.88720 21.88130 22.05290 22.94200 22.03550 21.39330 20.88600 21.65130 22.14830 22.12240 21.49840 21.01720 20.87520 20.17370 21.06200 22.17850 20.05820 20.92980 20.90480 20.75470 19.88990 20.10410 20.16430 20.82520 19.63190 19.62480 19.61550 19.60980 19.60820 19.60810 19.61260 19.61610 19.70170 19.68730 19.19070 18.28960 18.28500 18.29110 18.29940 18.27820 -9999 -9999 -9999 -9999 -9999 -9999 -9999 -9999 -9999 -9999 -9999 -9999 -9999 -9999 -9999 21.14360 21.25420 -9999 -9999 -9999 -9999 18.43400 18.99980 19.79150 21.58210 22.27890 21.84570
23.02780 23.07410 22.87660 23.10430 22.84540 21.24230 19.64650 20.93970 19.98200 22.19470 22.20390 20.23780 20.01630 20.05810 20.07030 20.00760 20.38490 20.63070 21.89970 20.39540 21.69430 21.10000 19.92070 19.81290 19.72110 20.39170 23.40430 23.20480 20.01450 19.61050 19.60670 19.60410 20.70580 22.40390 23.10480 20.31250 19.69320 20.17920 22.57030 22.63220 21.68180 21.97280 21.10190 20.16340 19.22580 19.41670 21.29640 20.27100 20.92490 21.81080 22.40110 21.70560 21.71590 22.97200 22.87730 22.32980 22.29560 22.29520 22.06290 21.66820 22.35360 -9999 -9999 -9999 -9999 -9999 18.32840 18.51460 20.70060 21.53330 22.23740
23.37630 22.43010 23.15200 23.43160 22.38250 22.80050 22.59120 21.62820 19.81280 19.75420 19.69670 19.71290 19.73950 19.74060 20.30860 21.25280 20.59130 20.52200 19.62650 21.01010 20.94400 20.13330 19.77600 19.72800 19.71220 19.69850 19.63090 19.62860 19.60270 19.60230 19.60140 19.60100 20.60590 20.10630 19.60820 19.60830 19.74780 20.04190 21.65000 22.00600 20.34450 21.58000 19.93580 20.33090 19.76180 19.74730 19.73840 19.72500 19.68130 19.72630 20.11660 20.46890 21.09340 21.85320 22.71960 22.84220 22.95720 23.07180 22.79790 22.32800 22.32870 22.34880 22.32660 20.91030 20.41610 18.34690 18.34940 18.40680 20.36410 20.61060 22.06270
23.74820 24.19680 22.99770 23.43210 23.30800 21.49480 21.30580 21.70370 21.69530 21.34800 20.23150 20.24150 20.26630 21.32650 20.28080 19.76410 20.22000 20.07650 20.11930 22.45670 21.82160 21.21090 20.10140 19.68460 19.66080 19.64990 19.61460 19.61160 19.60240 19.60230 19.60130 19.70110 20.00670 20.20590 20.30650 20.30650 22.14190 21.42550 22.22110 22.82410 21.36720 20.15910 22.78580 22.89070 21.36400 19.96150 20.04330 19.72390 19.65530 20.25470 22.36140 22.76170 22.67600 21.88130 22.52320 21.75480 22.22540 22.85520 23.12540 23.23280 22.88060 23.08530 22.56760 22.33460 22.32820 22.17500 20.54560 20.45320 20.97250 22.30410 23.55590
23.49590 23.87320 23.29550 22.33280 22.98680 22.14350 22.77180 23.10250 22.68820 20.76890 21.18660 21.59830 20.70350 20.52570 20.81400 21.22650 19.65740 19.64270 19.84430 21.81080 21.18730 20.92130 21.03870 20.01650 19.60650 19.60540 19.60260 19.60270 19.60770 19.60760 20.50670 21.65390 20.50810 21.80560 19.80770 19.90740 20.60650 20.71000 22.61090 22.91280 22.21070 20.71170 21.03130 22.53320 22.92330 22.80880 22.80550 21.00730 19.60660 21.30640 21.71050 22.71140 21.83780 21.58060 22.35810 22.35460 22.36650 23.15330 23.21660 23.35040 24.07880 25.06850 26.37260 24.18910 23.56080 22.98520 22.66640 22.48170 22.95330 23.41340 23.58290
23.21580 23.55010 23.53240 23.19690 22.51350 22.82130 22.91120 22.97040 23.02290 22.92370 23.30240 23.27770 22.85930 22.89620 22.80430 22.84890 22.40470 19.81580 19.62160 19.64100 19.66800 19.71510 19.82470 19.61710 19.60430 19.60280 19.60270 19.60140 20.30550 20.89010 20.30650 21.60630 22.71010 22.80650 21.40470 22.50360 22.30490 22.10680 20.41320 21.72650 22.92070 22.91420 21.22440 21.62450 22.92340 22.92330 22.82130 22.80870 21.70460 20.20910 19.62090 21.11580 21.55720 20.51850 20.24380 21.30720 21.33730 23.21900 23.25510 23.06320 23.37190 23.68170 23.54460 25.23790 25.98320 24.07450 25.91940 23.41000 23.34740 23.51090 23.72100
23.08450 23.11460 23.24520 23.57310 23.79980 22.37850 22.28750 22.28380 22.80090 22.90280 22.92670 23.24800 23.69000 24.43050 23.25480 22.94960 22.71920 22.70370 22.60200 21.30350 21.00070 20.30090 20.50220 20.90100 20.20100 20.60140 20.30110 20.70070 20.70500 22.40470 22.40440 22.90530 22.81290 22.71450 22.71240 22.81680 22.72730 22.74160 22.81650 22.72000 22.91820 22.92500 22.91700 22.91250 22.82250 22.81800 22.81020 22.71260 22.70610 22.50560 22.30430 22.90700 23.02430 22.92950 22.94150 23.20950 23.24540 23.73220 23.36510 24.92790 24.36100 24.01560 23.04470 23.91050 23.28080 23.65610 22.90370 23.15680 23.39790 24.19580 22.45310
23.51730 23.57090 24.03200 24.48530 23.93910 23.42700 22.84680 22.87990 22.96560 22.82440 22.90100 22.70980 22.80240 23.09670 23.55770 23.70350 23.28060 23.10450 22.68300 22.33020 22.80110 22.80070 22.10200 20.70470 19.90270 20.20310 20.30210 20.20340 22.90490 22.90660 22.90770 22.91730 22.78290 22.92940 22.77630 22.86680 22.82210 22.82580 22.33290 22.74230 22.86080 22.83990 22.91540 22.81840 22.76180 22.80490 22.75060 22.82890 22.72070 22.71600 22.93640 22.77930 23.54740 22.66960 23.47840 23.45480 23.23910 23.37680 23.41830 24.02700 23.61520 23.87240 24.08040 23.44100 23.38440 22.62570 23.69450 23.35720 22.84220 23.07430 21.20300
23.40590 23.85940 24.22230 23.71470 24.13430 24.47370 23.67980 22.69380 23.16980 22.84850 22.81250 22.90940 22.73120 22.28400 22.71350 22.28550 22.39620 23.35150 23.21910 22.84580 22.40450 22.97380 22.80070 22.63210 19.60970 19.61330 20.00630 20.40670 20.71630 22.51030 22.91100 22.91180 22.93000 22.42710 22.44930 22.91030 22.91090 22.82420 22.78550 22.78250 22.83520 22.91660 22.91840 22.76170 22.90140 23.10140 22.98580 22.94220 22.88470 23.02130 23.23710 22.97380 23.43950 24.09210 22.93200 23.77530 23.07780 23.62460 23.18150 23.06050 23.34720 23.46810 23.53240 22.56030 24.01150 22.02720 21.75550 21.07120 21.15440 21.27730 20.97700
23.16190 23.39330 23.11180 22.97470 23.43470 23.93550 23.54760 23.62730 23.38530 23.01050 22.91600 22.98750 23.00120 22.89050 23.35970 23.58260 24.28040 22.32890 22.96070 23.79260 24.27770 23.84000 23.46450 22.94120 21.31850 20.91910 20.10750 20.71020 21.51330 20.81380 20.83090 20.64000 20.13130 21.42220 22.70720 22.90780 22.91220 22.91330 22.84060 22.86820 23.17520 23.01140 22.87620 22.34010 22.28640 22.81340 22.91780 22.94930 23.00950 23.06040 23.40350 22.81890 23.29630 23.09890 24.07130 24.52980 23.47570 23.55530 23.33970 23.12630 23.22380 23.52330 23.51880 23.46320 21.95100 21.47860 21.41280 21.23880 22.02610 22.67730 21.58260
23.16530 23.19980 23.11240 22.86750 23.03000 22.95880 22.98090 22.99070 22.91340 22.92250 22.91270 22.81500 22.33170 22.72370 23.04050 23.08870 23.63590 23.76640 22.62750 22.88260 23.12350 23.28450 23.21050 23.19070 22.80950 22.74360 21.11060 22.90570 22.90820 22.90810 22.90850 22.90970 21.70750 21.20960 22.50950 22.80980 22.72510 22.72610 22.82040 22.95570 23.22530 22.85620 23.18220 22.47800 22.72500 22.82740 22.94550 22.98160 22.99440 23.27800 23.41560 23.14000 23.07570 23.74110 23.38720 23.45150 23.08220 23.10000 23.61560 23.16220 23.46810 23.46810 23.30770 22.30230 23.36980 23.83850 22.86500 22.44680 22.30960 23.18990 23.28370
23.31820 23.44480 23.95970 23.71280 23.28210 22.84820 22.92110 22.90710 22.90090 23.00050 23.23500 23.26560 22.94000 22.72210 22.90670 22.94770 23.20070 23.42900 24.12240 23.75120 23.12700 22.98790 22.92310 23.06010 23.06360 22.93340 22.81450 22.81330 22.90610 22.91160 22.90640 23.10910 23.30400 23.20620 22.81430 22.91850 22.91320 22.80070 22.78660 23.02190 23.22050 23.69870 23.50440 24.27980 23.25300 22.87280 22.32880 22.39100 22.35800 22.34370 23.24840 22.90840 22.90820 22.93810 22.87110 23.07280 23.22150 23.27520 23.43790 23.65840 23.89970 23.63190 23.45480 20.07810 18.89490 18.67200 18.84670 19.21370 22.25830 23.06340 22.89540
24.04670 24.41870 25.06490 24.56360 23.65640 23.05570 22.88850 22.91120 22.90270 23.01210 23.20680 23.56710 24.37420 23.44960 23.01760 23.01200 23.07270 23.76590 24.51320 24.58130 23.51180 23.59310 23.49310 23.19700 22.94000 22.92280 22.89180 22.84890 22.90560 22.90560 23.30370 22.91810 22.93350 23.09390 23.00940 22.87170 22.93920 23.09830 22.44560 23.38680 24.25230 25.06030 24.03500 23.10640 22.88950 22.59120 21.64540 22.47440 21.77180 18.97300 22.57020 23.21350 23.16590 21.54560 21.00080 22.21020 23.58780 21.03670 18.36070 18.42350 18.35050 19.41820 19.06840 18.50470 18.64050 22.41230 18.93670 22.25520 23.21940 23.64200 23.51610
23.34430 24.18480 25.60100 24.91130 24.96110 23.50030 22.42060 22.86090 22.91510 22.90250 22.90100 23.00330 22.98130 23.92480 23.71100 23.81190 23.80880 23.19110 23.51630 23.40460 24.70350 23.58660 23.54360 23.26200 23.21050 23.01630 23.49640 22.97160 22.92130 23.20700 23.21900 23.01850 22.94410 23.03770 23.11500 22.86970 22.97070 23.09820 23.91450 23.27960 23.52270 24.23950 23.44830 24.49320 22.70130 20.94650 18.48190 18.66080 18.98700 18.83530 18.73460 20.17440 21.01780 20.62420 21.56080 20.45180 18.78190 18.55830 18.46270 18.64300 18.51740 18.64420 20.05790 22.06380 22.10400 22.68370 22.71750 22.76260 23.67720 23.07640 23.06420
24.09570 24.41880 25.61400 24.82750 24.80400 25.38120 23.89870 22.60760 22.78630 23.16960 22.89700 23.08700 23.12280 23.37780 24.87880 24.13480 23.30980 22.95150 23.22640 23.13980 23.44880 23.90630 23.92840 23.54720 23.40030 23.13980 23.07100 22.99050 22.82030 22.95810 22.83970 23.11760 22.95170 22.99290 23.07000 22.56480 22.98600 23.31480 24.66110 25.24520 24.71170 23.06390 23.74110 22.38670 19.18300 19.04020 20.29710 21.41720 21.58130 19.49920 18.37820 18.28280 22.32900 19.83440 18.62820 18.84260 18.57650 18.37030 18.69450 18.36080 19.49440 21.66480 22.77810 23.37720 23.56410 23.41690 24.06700 24.16250 23.97300 23.68370 23.67930
23.32740 24.21680 25.50810 24.87070 26.23540 25.47140 25.78420 24.44690 25.65660 25.96050 26.31370 24.93830 24.21180 24.25660 25.09960 23.96660 23.81160 23.78090 23.06760 23.14400 23.47790 24.16370 24.86840 23.72980 23.68220 22.73370 23.43490 23.19640 23.11640 23.16150 23.00390 22.86760 23.03070 23.11260 23.65880 23.18660 22.88960 23.06030 24.59010 24.82090 24.15670 21.89600 19.71940 18.96500 18.47360 20.88860 22.45610 22.41650 23.13360 22.89940 -9999 -9999 22.38860 21.06290 18.47890 18.79530 18.96760 18.71220 22.28400 22.59040 22.90160 23.32450 23.82290 23.81890 23.58530 24.31630 25.12850 25.94410 25.33600 24.82590 25.21430
24.49120 24.25520 24.67790 24.82640 27.29620 25.56460 25.49640 25.04990 25.49010 24.63240 24.22330 24.41760 24.88280 25.44130 24.11090 23.69010 25.35080 24.33590 23.49230 24.49270 23.72930 24.20050 24.34100 24.25900 25.54840 24.83430 24.25460 23.83060 22.64060 23.21260 23.06880 22.90310 22.98840 23.24590 23.75550 23.08370 23.32110 23.22560 23.02630 -9999 -9999 -9999 -9999 23.04480 -9999 22.67650 24.17710 23.41050 23.03570 22.83330 -9999 -9999 22.05750 18.76880 18.78140 20.65310 22.20580 22.30260 22.58120 22.92780 22.65340 22.88000 23.11470 22.95550 23.39320 25.76210 26.19750 26.11180 24.66950 23.80060 23.63830
24.21820 24.23260 24.76180 25.04990 26.14690 24.68970 26.47820 26.10820 23.70680 23.39700 23.10750 23.48510 24.04490 24.14310 23.65890 23.14750 25.18940 25.05550 25.63410 24.80080 25.75790 24.77330 25.11230 25.31030 24.82060 24.58200 23.78160 24.45640 24.14200 23.68510 23.17640 23.08020 23.95610 23.58470 23.90290 22.95710 22.94990 -9999 -9999 -9999 -9999 -9999 -9999 -9999 23.17770 23.27900 23.26860 -9999 -9999 -9999 -9999 -9999 19.14260 19.54310 22.87180 23.01590 22.95160 22.64640 22.77010 23.10540 22.49050 22.53430 22.73800 23.36830 23.18450 23.02330 24.20800 25.28110 24.37990 23.04870 -9999
