data/hydroclimate-scenarios/BCSD_hadcm_A1B/monthly_summaries/soilm3_monthly_day1_apr.2070-2099.asc
ncols	311
nrows	91
xllcenter	102.75
yllcenter	31.75
cellsize	0.5
NODATA_value	-9999
[rows 0 to 31 of 91, columns 0 to 70 of 311]
-9999 -9999 -9999 -9999 -9999 -9999 -9999 -9999 -9999 -9999 -9999 -9999 -9999 -9999 -9999 -9999 -9999 -9999 -9999 -9999 -9999 -9999 -9999 -9999 -9999 -9999 -9999 -9999 -9999 -9999 -9999 -9999 -9999 -9999 -9999 -9999 -9999 -9999 -9999 -9999 -9999 -9999 -9999 -9999 -9999 -9999 -9999 -9999 -9999 -9999 -9999 -9999 -9999 -9999 -9999 -9999 -9999 -9999 -9999 -9999 -9999 -9999 -9999 -9999 -9999 -9999 -9999 -9999 -9999 -9999 -9999
-9999 -9999 -9999 -9999 -9999 -9999 -9999 -9999 -9999 -9999 -9999 -9999 -9999 -9999 -9999 -9999 -9999 -9999 -9999 -9999 -9999 -9999 -9999 -9999 -9999 -9999 -9999 -9999 -9999 -9999 -9999 -9999 -9999 -9999 -9999 -9999 -9999 -9999 -9999 -9999 -9999 -9999 -9999 -9999 -9999 -9999 -9999 -9999 -9999 -9999 -9999 -9999 -9999 -9999 -9999 -9999 -9999 -9999 -9999 -9999 -9999 -9999 -9999 -9999 -9999 -9999 -9999 -9999 -9999 -9999 -9999
-9999 -9999 -9999 -9999 -9999 -9999 -9999 -9999 -9999 -9999 -9999 -9999 -9999 -9999 -9999 -9999 -9999 -9999 -9999 -9999 -9999 -9999 -9999 -9999 -9999 -9999 -9999 -9999 -9999 -9999 -9999 -9999 -9999 -9999 -9999 -9999 -9999 -9999 -9999 -9999 -9999 -9999 -9999 -9999 -9999 -9999 -9999 -9999 -9999 -9999 -9999 -9999 -9999 -9999 -9999 -9999 -9999 -9999 -9999 -9999 -9999 -9999 -9999 -9999 -9999 -9999 -9999 -9999 -9999 -9999 -9999
-9999 -9999 -9999 -9999 -9999 -9999 -9999 -9999 -9999 -9999 -9999 -9999 -9999 -9999 -9999 -9999 -9999 -9999 -9999 -9999 -9999 -9999 -9999 -9999 -9999 -9999 -9999 -9999 -9999 -9999 -9999 -9999 -9999 -9999 -9999 -9999 -9999 -9999 -9999 -9999 -9999 -9999 -9999 -9999 -9999 -9999 -9999 -9999 -9999 -9999 -9999 -9999 -9999 -9999 -9999 -9999 -9999 -9999 -9999 -9999 -9999 -9999 -9999 -9999 -9999 -9999 -9999 -9999 -9999 -9999 -9999
-9999 -9999 -9999 -9999 -9999 -9999 -9999 -9999 -9999 -9999 -9999 -9999 -9999 -9999 -9999 -9999 -9999 -9999 -9999 -9999 -9999 -9999 -9999 -9999 -9999 -9999 -9999 -9999 -9999 -9999 -9999 -9999 -9999 -9999 -9999 -9999 -9999 -9999 -9999 -9999 -9999 -9999 -9999 -9999 -9999 -9999 -9999 -9999 -9999 -9999 -9999 -9999 -9999 -9999 -9999 -9999 -9999 -9999 -9999 -9999 -9999 -9999 -9999 -9999 -9999 -9999 -9999 -9999 -9999 -9999 -9999
-9999 -9999 -9999 -9999 -9999 -9999 -9999 -9999 -9999 -9999 -9999 -9999 -9999 -9999 -9999 -9999 -9999 -9999 -9999 -9999 -9999 -9999 -9999 -9999 -9999 -9999 -9999 -9999 -9999 -9999 -9999 -9999 -9999 -9999 -9999 -9999 -9999 -9999 -9999 -9999 -9999 -9999 -9999 -9999 -9999 -9999 -9999 -9999 -9999 -9999 -9999 -9999 -9999 -9999 -9999 -9999 -9999 -9999 -9999 -9999 -9999 -9999 -9999 -9999 -9999 -9999 -9999 -9999 -9999 -9999 -9999
-9999 -9999 -9999 -9999 -9999 -9999 -9999 -9999 -9999 -9999 -9999 -9999 -9999 -9999 -9999 -9999 -9999 -9999 -9999 -9999 -9999 -9999 -9999 -9999 -9999 -9999 -9999 -9999 -9999 -9999 -9999 -9999 -9999 -9999 -9999 -9999 -9999 -9999 -9999 -9999 -9999 -9999 -9999 -9999 -9999 -9999 -9999 -9999 -9999 -9999 -9999 -9999 -9999 -9999 -9999 -9999 -9999 -9999 -9999 -9999 -9999 -9999 -9999 -9999 -9999 -9999 -9999 -9999 -9999 -9999 -9999
-9999 -9999 -9999 -9999 -9999 -9999 -9999 -9999 -9999 -9999 -9999 -9999 -9999 -9999 -9999 -9999 -9999 -9999 -9999 -9999 -9999 -9999 -9999 -9999 -9999 -9999 -9999 -9999 -9999 -9999 -9999 -9999 -9999 -9999 -9999 -9999 -9999 -9999 -9999 -9999 -9999 -9999 19.21570 18.73460 19.25380 19.25280 19.36080 19.56180 19.44150 20.23950 19.93610 19.52740 -9999 -9999 -9999 -9999 -9999 -9999 -9999 -9999 -9999 -9999 -9999 -9999 -9999 -9999 -9999 -9999 -9999 -9999 -9999
-9999 -9999 -9999 -9999 -9999 -9999 -9999 -9999 -9999 -9999 -9999 -9999 -9999 -9999 -9999 -9999 -9999 -9999 -9999 -9999 -9999 -9999 -9999 -9999 -9999 -9999 -9999 -9999 -9999 -9999 -9999 -9999 -9999 -9999 -9999 -9999 -9999 -9999 20.38270 20.43780 20.52200 20.91760 20.52630 19.74800 20.15720 18.94870 18.33680 18.33020 19.63700 20.54950 22.63010 23.01410 22.94340 22.94210 -9999 -9999 -9999 -9999 -9999 -9999 -9999 -9999 -9999 -9999 -9999 -9999 -9999 -9999 -9999 -9999 -9999
-9999 -9999 -9999 -9999 -9999 -9999 -9999 -9999 -9999 -9999 -9999 -9999 -9999 -9999 -9999 -9999 -9999 -9999 -9999 -9999 -9999 -9999 -9999 -9999 -9999 -9999 -9999 -9999 -9999 -9999 -9999 -9999 -9999 -9999 -9999 -9999 -9999 -9999 -9999 -9999 19.79490 19.79300 19.90820 20.04310 20.54480 21.36700 20.46320 20.95870 18.44800 18.35090 18.64500 21.06130 22.56990 22.55810 -9999 -9999 -9999 -9999 -9999 -9999 -9999 -9999 -9999 -9999 -9999 -9999 -9999 -9999 -9999 -9999 -9999
-9999 -9999 -9999 -9999 -9999 -9999 -9999 -9999 -9999 -9999 -9999 -9999 -9999 -9999 -9999 -9999 -9999 -9999 -9999 -9999 -9999 -9999 -9999 -9999 -9999 -9999 -9999 -9999 -9999 -9999 -9999 -9999 -9999 -9999 -9999 -9999 -9999 -9999 -9999 -9999 -9999 -9999 -9999 -9999 19.74160 20.13590 20.45320 21.96300 21.89470 19.84700 20.85870 20.71140 21.71350 22.55050 -9999 -9999 -9999 -9999 -9999 -9999 19.03090 -9999 -9999 -9999 -9999 -9999 -9999 -9999 -9999 -9999 -9999
-9999 -9999 -9999 -9999 -9999 -9999 -9999 -9999 -9999 -9999 -9999 -9999 -9999 -9999 -9999 -9999 -9999 -9999 -9999 -9999 -9999 -9999 -9999 -9999 -9999 -9999 -9999 -9999 -9999 -9999 -9999 -9999 -9999 -9999 -9999 -9999 -9999 -9999 -9999 -9999 -9999 19.73800 19.75000 19.74890 19.74800 19.72710 19.94090 20.33600 20.24110 19.84780 19.75640 21.08500 22.18970 22.01080 -9999 -9999 -9999 -9999 -9999 20.62400 21.11750 22.20870 22.00590 20.40200 20.80310 21.60500 22.40380 23.51680 22.21700 22.41470 21.61720
-9999 -9999 -9999 -9999 -9999 -9999 -9999 -9999 -9999 -9999 -9999 -9999 -9999 -9999 -9999 -9999 -9999 -9999 -9999 -9999 -9999 -9999 -9999 -9999 -9999 -9999 -9999 -9999 -9999 -9999 -9999 -9999 -9999 -9999 -9999 -9999 -9999 -9999 -9999 -9999 -9999 20.81360 19.94140 19.74760 19.74430 19.72640 20.57890 20.48580 19.93480 20.83280 21.72070 23.07940 22.43780 22.40460 22.21040 22.39310 21.16080 -9999 20.84830 23.42030 23.51320 23.40400 23.30140 22.40150 22.90240 23.51280 22.61140 22.23210 21.53270 20.71710 20.41550
-9999 -9999 -9999 -9999 -9999 -9999 -9999 -9999 -9999 -9999 -9999 -9999 -9999 -9999 -9999 -9999 -9999 -9999 -9999 -9999 -9999 -9999 -9999 -9999 -9999 -9999 -9999 -9999 -9999 -9999 -9999 -9999 -9999 -9999 -9999 23.31920 21.16140 19.88920 19.89430 19.70950 19.71440 19.70310 19.71850 19.83940 20.39530 20.46150 19.72870 20.01650 21.81780 23.01580 22.92730 23.12920 23.10770 23.00180 22.40350 22.48640 22.90150 23.06320 23.56360 23.51540 23.30480 22.90090 22.80140 22.80710 23.00250 23.51340 23.41090 23.01970 22.73410 22.28440 22.28460
-9999 -9999 -9999 -9999 -9999 -9999 -9999 -9999 -9999 -9999 -9999 -9999 -9999 -9999 -9999 -9999 -9999 -9999 -9999 -9999 -9999 -9999 -9999 -9999 -9999 -9999 -9999 -9999 -9999 -9999 -9999 -9999 -9999 -9999 23.60000 22.84280 22.15990 22.06410 20.18970 19.69110 19.69650 19.70710 19.90510 20.57610 20.12580 19.72080 19.72140 20.81210 23.01220 23.04440 22.87750 22.87880 22.91420 22.47740 22.41320 22.96010 22.98890 23.36630 23.53580 23.33000 22.83080 22.72740 23.12420 23.33530 23.51480 23.40930 23.10380 23.00450 22.82950 22.85920 22.78250
-9999 -9999 -9999 -9999 -9999 -9999 -9999 -9999 -9999 -9999 -9999 -9999 -9999 -9999 -9999 -9999 -9999 -9999 -9999 -9999 -9999 -9999 -9999 -9999 -9999 -9999 -9999 -9999 -9999 -9999 -9999 -9999 -9999 23.58580 23.39870 22.23970 22.24800 21.65700 20.57360 19.67390 19.68390 19.70270 20.66690 20.38030 19.72290 20.21510 21.21280 21.60740 22.13840 22.36180 22.18660 23.02390 22.92800 22.43580 22.35810 22.90830 22.96380 22.92470 22.91510 22.83250 23.13000 23.32270 23.32090 23.50700 23.50890 23.30880 23.00730 23.30740 23.31780 23.44460 22.92640
-9999 -9999 -9999 -9999 -9999 -9999 -9999 -9999 -9999 -9999 -9999 -9999 -9999 -9999 -9999 -9999 -9999 -9999 -9999 -9999 -9999 -9999 -9999 -9999 -9999 -9999 -9999 -9999 -9999 -9999 -9999 23.36520 21.61330 21.11480 21.02120 22.13060 21.34240 20.46300 19.67580 19.86750 19.78600 19.98910 20.46970 20.01530 19.72390 20.52020 22.79410 22.97330 22.92210 22.86240 22.86280 22.47380 22.47500 22.40920 22.84050 22.92220 22.87960 22.85740 23.15150 23.14010 23.33050 23.52020 23.41640 23.50180 23.50360 23.51390 23.40850 23.10200 23.00160 22.93130 22.87310
-9999 -9999 -9999 -9999 -9999 -9999 -9999 -9999 -9999 -9999 -9999 -9999 -9999 -9999 -9999 -9999 -9999 -9999 -9999 -9999 -9999 -9999 -9999 -9999 -9999 -9999 -9999 -9999 -9999 20.71310 22.10570 20.61830 19.62290 19.62560 19.63160 19.64200 20.75100 22.65350 20.77490 19.67410 20.33570 20.85370 19.71510 19.72330 19.71530 19.71910 20.41580 22.58910 22.86100 22.89180 22.77210 22.49380 22.44900 22.38800 22.85300 22.98460 22.93450 22.93420 22.90870 22.91280 23.32230 23.31070 23.31050 23.40270 23.50440 23.40670 23.52880 23.54570 23.55800 23.57020 22.95100
-9999 -9999 -9999 -9999 -9999 -9999 -9999 -9999 -9999 -9999 -9999 -9999 -9999 -9999 -9999 -9999 -9999 -9999 -9999 -9999 -9999 -9999 -9999 -9999 21.62620 21.33020 20.92850 20.31570 20.11430 19.61890 19.61990 19.62240 19.62690 19.63940 19.64850 20.04550 22.74020 21.18610 20.30240 19.72480 20.03490 20.98450 20.04070 19.72370 19.71070 19.69690 19.99750 20.51590 21.84740 22.96460 22.86970 23.10710 22.58970 22.91950 22.92140 22.99750 22.94100 22.92620 22.91440 23.20430 23.50240 23.50270 23.40150 23.30020 23.30020 23.30090 23.40260 23.21800 23.11820 23.33650 23.69080
-9999 -9999 -9999 -9999 -9999 -9999 22.85160 22.86850 22.87620 22.90520 22.89510 -9999 -9999 -9999 -9999 -9999 -9999 -9999 -9999 -9999 -9999 21.62650 19.94130 20.73770 21.93340 20.84050 20.03730 19.62360 19.62120 19.62380 19.62240 19.62770 19.63000 19.64470 19.65080 19.64440 19.65910 19.88110 22.08550 19.70710 20.10930 20.14350 20.89400 19.70400 19.69910 19.68180 19.97780 21.78550 23.01490 22.96260 22.91210 22.64660 22.89870 23.05050 22.96570 22.95370 22.93420 22.92380 23.22240 23.41050 23.40380 23.40250 23.30200 23.40170 23.40450 22.80110 22.80120 22.90760 22.90690 22.90770 22.84490
-9999 -9999 -9999 -9999 -9999 22.85780 22.86030 22.84310 22.93870 22.83890 22.84300 22.84970 22.84510 22.84150 -9999 -9999 -9999 22.91840 22.62110 21.14280 20.64080 19.65870 19.65850 19.63390 19.27650 18.96410 18.85390 18.83720 18.73040 18.74290 18.85300 18.85270 19.06610 19.08400 18.96590 18.86940 18.88960 18.97760 18.97270 18.82570 18.83530 18.84470 20.69000 19.88300 18.69490 18.89650 19.61470 20.76240 22.59220 22.95960 22.87860 22.50510 23.01500 22.84990 22.89720 22.93130 22.95920 22.92350 22.90510 22.72690 22.81070 22.90070 22.70110 22.80050 22.71330 22.82740 22.90820 22.91230 22.90920 22.91590 22.84450
-9999 21.87770 18.30910 18.27880 18.28320 22.66520 23.36040 22.93900 22.93480 22.93540 22.93350 22.94740 22.95070 22.94670 22.94000 22.93080 22.92940 22.92350 22.92920 22.92660 22.13980 19.86130 20.35400 18.74400 18.53590 18.54680 18.54590 18.53680 18.53240 18.53950 18.53630 18.53380 18.53290 18.53860 18.54690 18.54920 18.55750 18.54990 18.54840 18.58590 18.58940 18.60350 19.39020 20.76900 18.57950 18.57720 18.56290 19.59120 21.56600 21.71590 22.21600 23.09550 23.07670 22.91380 22.98470 23.08700 23.00080 22.91920 22.91290 22.74550 22.80830 22.81120 22.80770 22.80670 22.82160 23.02330 23.00430 22.83900 22.91370 22.94140 23.03580
-9999 22.98590 22.97870 22.94700 22.94270 22.64920 22.43610 22.44030 22.13630 22.83460 22.93540 22.93800 22.94130 22.93820 22.94080 22.93920 22.95670 22.94660 22.94970 22.94140 21.95670 21.45870 23.39600 19.27160 18.55660 18.56920 18.55840 18.54000 18.53710 18.54430 18.53700 18.55650 18.56710 18.56010 19.17550 18.56820 18.57680 18.57300 18.57180 18.56330 18.57270 18.58960 18.60580 21.16430 19.54220 18.65720 18.55190 18.59230 18.60160 19.46220 20.79740 22.88540 22.93070 23.06100 22.95600 22.97190 22.96030 22.99830 22.89460 22.35400 22.74250 22.82890 22.83210 22.71820 22.83180 23.44410 23.24560 22.78820 22.87100 22.80980 22.89440
-9999 -9999 -9999 19.31060 19.12950 18.74010 18.71150 18.69470 18.68680 18.79370 22.94280 23.05290 23.13940 23.33690 23.13360 22.94380 22.96530 22.96060 23.15740 23.44890 23.52660 23.52110 22.53120 18.79560 18.57800 18.59330 18.58360 18.54250 18.54160 18.55020 18.55500 18.57040 19.07500 19.27400 20.18280 21.19520 18.25800 18.27750 19.68810 21.08520 20.26680 20.41670 23.65520 23.48680 22.04840 20.92510 19.83050 18.79470 18.89200 20.12010 22.29300 22.72470 21.99960 23.02370 22.59590 22.99070 23.03080 22.86320 22.91880 22.33900 22.77640 22.86850 22.81110 22.85750 22.84410 22.93090 22.91830 22.93680 22.89320 22.97900 22.99620
-9999 -9999 -9999 -9999 -9999 -9999 20.21180 20.81210 21.50410 22.44800 23.33770 23.47430 23.47170 23.47760 23.47160 23.35100 23.34630 23.50760 23.51020 23.11140 21.54860 19.75870 18.64570 18.60530 18.60350 18.61630 18.59390 19.98990 21.42810 18.97550 18.56250 18.56720 20.91240 22.87230 19.58900 22.78340 22.29140 20.90830 23.87920 24.02050 23.99210 23.23470 22.84070 23.24060 23.48450 23.76440 22.35350 21.35690 20.43830 19.39310 20.00720 19.75220 19.15790 22.62410 22.17810 19.12100 23.07070 23.09250 23.00830 22.91450 22.42990 22.82930 22.41370 22.37210 22.87060 22.85760 22.86500 22.96010 23.04310 22.97930 22.97040
-9999 -9999 -9999 -9999 -9999 -9999 23.48430 23.48350 23.46650 23.49600 23.48480 23.46880 23.47590 23.48120 23.49670 23.51720 23.04090 21.24540 20.14310 18.83100 18.63430 18.65120 18.65020 18.64980 18.64170 18.63380 18.62430 20.02310 24.24600 24.23990 23.15710 23.25660 22.86840 23.63010 23.44940 23.32520 22.68500 22.59350 22.27810 22.72140 22.98410 23.30210 23.76970 23.46570 23.16370 22.97670 23.21730 24.10390 23.95620 22.86850 21.44970 20.00110 19.50060 19.73680 19.37630 18.61570 19.26880 19.51470 20.40210 20.21650 21.40320 21.69020 22.86140 22.91210 23.00090 22.90130 22.95350 22.95490 23.00650 23.06320 23.09830
-9999 -9999 -9999 -9999 -9999 -9999 -9999 -9999 -9999 -9999 23.20840 23.48050 23.47890 23.50560 23.49960 20.66160 18.66750 18.66090 18.71310 18.67500 18.67350 18.66880 18.67450 18.64250 18.64350 18.64640 18.65050 18.62260 19.20980 20.31000 19.70060 20.26450 21.26450 23.30470 24.08970 23.60450 23.98310 24.07820 24.06330 24.06350 22.18010 20.67550 19.87730 21.15990 21.14850 21.74630 21.35240 20.22990 23.65300 24.14750 24.12430 23.79970 23.47660 22.35190 22.13510 22.92930 21.91240 22.70160 22.72430 22.33710 22.70990 20.18800 19.88960 19.37060 20.09440 20.47070 20.27540 21.26600 22.98700 23.01180 22.94700
-9999 -9999 -9999 -9999 -9999 -9999 -9999 -9999 -9999 -9999 22.04130 23.46830 23.47990 23.50950 23.53790 20.72910 18.72670 18.74670 18.74890 18.73190 18.74640 18.73820 18.72590 18.67500 18.67290 18.67360 18.65670 18.63590 18.62340 19.51420 20.31180 20.27220 22.37830 23.02750 21.37540 22.38350 20.17060 18.57160 19.05940 19.17230 18.56900 18.56690 18.55910 18.57080 18.56950 18.57630 18.58370 18.62650 18.72790 22.91200 24.13440 24.10230 24.09260 23.84930 21.83180 24.20910 24.30450 24.33470 24.31190 24.21310 24.10140 24.08520 23.89660 22.45310 20.53700 21.05570 19.85010 18.68350 22.00560 23.05140 23.08190
-9999 -9999 -9999 -9999 -9999 -9999 -9999 -9999 -9999 -9999 -9999 -9999 23.48980 23.51400 23.54730 23.11000 19.86140 18.78870 18.77980 18.80520 18.78620 18.88310 18.49000 18.81700 18.68410 18.68320 18.67760 18.65250 18.63680 18.72280 19.71900 19.49820 19.49390 18.79690 18.60180 18.60630 18.59630 18.59050 18.57560 18.57910 18.57760 18.57740 18.58460 18.57980 18.57970 18.57890 18.59330 18.63530 18.64080 19.12510 20.91360 22.60230 22.79330 21.75540 20.59150 23.28010 24.26930 24.34880 24.33590 24.32190 24.31050 24.29220 23.50940 22.25530 23.37120 24.15760 21.39830 18.79650 19.65990 21.34430 22.97820
-9999 -9999 -9999 -9999 -9999 -9999 -9999 -9999 -9999 -9999 -9999 -9999 23.49630 23.52530 23.55040 23.61590 23.64010 23.49520 20.60860 19.90560 18.55840 19.96270 18.50890 19.52290 18.67590 18.68990 18.69290 18.67480 18.64710 18.64260 18.61620 18.60990 18.61210 18.61340 18.60280 18.60490 18.59350 18.60500 18.58670 18.58820 18.59420 18.58650 18.58540 18.58570 18.58980 19.36970 19.96850 21.95210 23.57530 23.55380 22.13840 22.10160 21.47060 20.64480 22.40660 24.16620 24.20050 24.26070 24.25070 24.21640 23.71950 22.40900 23.07590 24.14240 24.19420 22.30910 20.92210 21.94820 22.88290 23.09690 23.00370
-9999 -9999 -9999 -9999 -9999 -9999 -9999 -9999 -9999 -9999 -9999 23.50440 23.48300 23.51380 23.54560 23.53430 22.31410 18.32490 18.33670 18.33880 18.36820 19.97970 19.81630 18.87260 18.64320 18.60490 18.62170 18.65480 18.64270 18.63370 18.61200 18.62860 18.62120 18.61010 18.60160 18.58480 18.58100 18.60200 18.60030 18.59970 18.59990 18.58540 18.58750 18.60880 18.59580 18.60100 19.90970 21.12490 21.62290 23.28140 22.98120 23.02740 22.81070 23.54140 24.06530 24.20610 24.14500 24.17580 24.16320 22.95410 23.18980 24.36750 24.39110 24.21650 24.21970 22.86530 22.27950 22.98910 22.98300 22.92760 22.98930
-9999 -9999 -9999 -9999 -9999 -9999 -9999 -9999 -9999 -9999 -9999 23.44880 23.50740 23.52270 23.56720 23.52790 20.81230 18.91400 18.34340 19.14910 19.98000 20.01890 19.31740 19.81620 19.60050 19.45780 18.65910 18.64780 18.63790 18.64530 18.61680 18.60980 18.61230 18.60270 18.61320 18.60930 18.61020 18.62760 18.62890 18.62720 18.62850 18.70670 19.28110 19.79770 20.49840 22.69080 23.08950 23.44860 24.28550 24.27030 24.29920 24.34990 24.32620 24.30060 24.30000 24.44460 24.45290 23.15900 22.87270 23.91930 24.28010 24.42590 24.41460 24.19650 23.32350 22.30720 23.93610 23.30410 22.99180 23.00530 23.15700
