data/hydroclimate-scenarios/BCSD_hadcm_A1B/monthly_summaries/soilm2_monthly_day1_mar.2070-2099.asc
ncols	311
nrows	91
xllcenter	102.75
yllcenter	31.75
cellsize	0.5
NODATA_value	-9999
[rows 0 to 30 of 91, columns 70 to 139 of 311]
-9999 -9999 -9999 -9999 -9999 -9999 -9999 -9999 -9999 -9999 -9999 -9999 -9999 -9999 -9999 -9999 -9999 -9999 -9999 -9999 -9999 -9999 -9999 -9999 -9999 -9999 -9999 -9999 -9999 -9999 -9999 -9999 -9999 -9999 -9999 -9999 -9999 -9999 -9999 -9999 -9999 -9999 -9999 -9999 -9999 -9999 -9999 -9999 -9999 -9999 -9999 -9999 -9999 -9999 -9999 -9999 -9999 -9999 -9999 -9999 -9999 -9999 -9999 -9999 -9999 -9999 -9999 -9999 -9999 -9999
-9999 -9999 -9999 -9999 -9999 -9999 -9999 -9999 -9999 -9999 -9999 -9999 -9999 -9999 -9999 -9999 -9999 -9999 -9999 -9999 -9999 -9999 -9999 -9999 -9999 -9999 -9999 -9999 -9999 -9999 -9999 -9999 -9999 -9999 -9999 -9999 -9999 -9999 -9999 -9999 -9999 -9999 -9999 -9999 -9999 -9999 -9999 -9999 -9999 -9999 -9999 -9999 -9999 -9999 -9999 -9999 -9999 -9999 -9999 -9999 -9999 -9999 -9999 -9999 -9999 -9999 -9999 -9999 -9999 -9999
-9999 -9999 -9999 -9999 -9999 -9999 -9999 -9999 -9999 -9999 -9999 -9999 -9999 -9999 -9999 -9999 -9999 -9999 -9999 -9999 -9999 -9999 -9999 -9999 -9999 -9999 -9999 -9999 -9999 -9999 -9999 -9999 -9999 -9999 -9999 -9999 -9999 -9999 -9999 -9999 -9999 -9999 -9999 -9999 -9999 -9999 -9999 -9999 -9999 -9999 -9999 -9999 -9999 -9999 -9999 -9999 -9999 -9999 -9999 -9999 -9999 -9999 -9999 -9999 -9999 -9999 -9999 -9999 -9999 -9999
-9999 -9999 -9999 -9999 -9999 -9999 -9999 -9999 -9999 -9999 -9999 -9999 -9999 -9999 -9999 -9999 -9999 -9999 -9999 -9999 -9999 -9999 -9999 -9999 -9999 -9999 -9999 -9999 -9999 -9999 -9999 -9999 -9999 -9999 -9999 -9999 -9999 -9999 -9999 -9999 -9999 -9999 -9999 -9999 -9999 -9999 -9999 -9999 -9999 -9999 -9999 -9999 -9999 -9999 -9999 -9999 -9999 -9999 -9999 -9999 -9999 -9999 -9999 -9999 -9999 -9999 -9999 -9999 -9999 -9999
-9999 -9999 -9999 -9999 -9999 -9999 -9999 -9999 -9999 -9999 -9999 -9999 -9999 -9999 -9999 -9999 -9999 -9999 -9999 -9999 -9999 -9999 -9999 -9999 -9999 -9999 -9999 -9999 -9999 -9999 -9999 -9999 -9999 -9999 -9999 -9999 -9999 -9999 -9999 -9999 -9999 -9999 -9999 -9999 -9999 -9999 -9999 -9999 -9999 -9999 -9999 -9999 -9999 -9999 -9999 -9999 -9999 -9999 -9999 -9999 -9999 -9999 -9999 -9999 -9999 -9999 -9999 -9999 -9999 -9999
-9999 -9999 -9999 -9999 -9999 -9999 -9999 -9999 -9999 -9999 -9999 -9999 -9999 -9999 -9999 -9999 -9999 -9999 -9999 -9999 -9999 -9999 -9999 -9999 -9999 -9999 -9999 -9999 -9999 -9999 -9999 -9999 -9999 -9999 -9999 -9999 -9999 -9999 -9999 -9999 -9999 -9999 -9999 -9999 -9999 -9999 -9999 -9999 -9999 -9999 -9999 -9999 -9999 -9999 -9999 -9999 -9999 -9999 -9999 -9999 -9999 -9999 -9999 -9999 -9999 -9999 -9999 -9999 -9999 -9999
-9999 -9999 -9999 -9999 -9999 -9999 -9999 -9999 -9999 -9999 -9999 -9999 -9999 -9999 -9999 -9999 -9999 -9999 -9999 -9999 -9999 -9999 -9999 -9999 -9999 -9999 -9999 -9999 -9999 -9999 -9999 -9999 -9999 -9999 -9999 -9999 -9999 -9999 -9999 -9999 -9999 -9999 -9999 -9999 -9999 -9999 -9999 -9999 -9999 -9999 -9999 -9999 -9999 -9999 -9999 -9999 -9999 -9999 -9999 -9999 -9999 -9999 -9999 -9999 -9999 -9999 -9999 -9999 -9999 -9999
-9999 -9999 -9999 -9999 -9999 -9999 -9999 -9999 -9999 -9999 -9999 -9999 -9999 -9999 -9999 -9999 -9999 -9999 -9999 -9999 -9999 -9999 -9999 -9999 -9999 -9999 -9999 -9999 -9999 -9999 -9999 -9999 -9999 -9999 -9999 -9999 -9999 -9999 -9999 -9999 -9999 -9999 -9999 -9999 -9999 -9999 -9999 -9999 -9999 -9999 -9999 -9999 -9999 -9999 -9999 -9999 -9999 -9999 -9999 -9999 -9999 -9999 -9999 -9999 -9999 -9999 -9999 -9999 -9999 -9999
-9999 -9999 -9999 -9999 -9999 -9999 -9999 94.61480 -9999 -9999 -9999 -9999 -9999 -9999 -9999 -9999 -9999 -9999 -9999 -9999 -9999 -9999 -9999 -9999 -9999 -9999 -9999 -9999 -9999 -9999 -9999 -9999 -9999 -9999 -9999 -9999 -9999 -9999 -9999 -9999 -9999 -9999 -9999 -9999 -9999 -9999 -9999 -9999 -9999 -9999 -9999 -9999 -9999 -9999 -9999 -9999 -9999 -9999 -9999 -9999 -9999 -9999 -9999 -9999 -9999 -9999 -9999 -9999 -9999 -9999
-9999 -9999 -9999 100.59000 85.59530 90.54040 92.76030 93.20520 95.60700 96.76880 98.24420 97.90280 98.83420 97.57800 97.97890 98.28320 102.42100 101.45200 100.66500 101.09800 100.83100 100.58900 97.52230 -9999 -9999 -9999 -9999 -9999 -9999 -9999 -9999 -9999 -9999 -9999 -9999 -9999 -9999 -9999 -9999 -9999 -9999 -9999 -9999 -9999 -9999 -9999 -9999 -9999 -9999 -9999 -9999 -9999 -9999 -9999 -9999 -9999 -9999 -9999 -9999 -9999 -9999 -9999 -9999 -9999 -9999 -9999 -9999 -9999 -9999 -9999
-9999 -9999 -9999 -9999 -9999 90.11880 92.01970 93.10080 94.25920 96.28000 97.71200 98.98080 100.40100 101.80200 102.37000 102.81700 103.48200 103.06800 104.33500 105.37100 106.06300 105.84100 103.88800 -9999 -9999 -9999 -9999 -9999 -9999 -9999 -9999 -9999 -9999 -9999 -9999 -9999 -9999 -9999 -9999 -9999 -9999 -9999 -9999 -9999 -9999 -9999 -9999 -9999 -9999 -9999 -9999 -9999 -9999 -9999 -9999 -9999 -9999 -9999 -9999 -9999 -9999 -9999 -9999 -9999 -9999 -9999 -9999 -9999 -9999 -9999
80.79970 80.97020 81.81710 84.86300 85.65030 86.80230 88.69040 86.17720 89.69380 91.84530 93.97130 94.97430 96.46180 97.57250 100.06700 101.76900 102.59200 101.77700 102.78400 102.95700 105.11700 115.84100 122.78000 106.46200 106.77900 102.86900 101.20600 100.24100 99.20320 -9999 -9999 -9999 -9999 -9999 -9999 -9999 -9999 -9999 -9999 -9999 -9999 -9999 -9999 -9999 -9999 -9999 -9999 -9999 -9999 -9999 -9999 -9999 -9999 -9999 -9999 -9999 -9999 -9999 -9999 -9999 -9999 -9999 -9999 -9999 -9999 -9999 -9999 -9999 -9999 -9999
82.76350 79.04840 79.88440 83.62810 83.20380 85.38210 87.04240 86.19490 86.90160 85.04500 85.97140 91.24300 93.51020 96.60010 98.46970 100.14500 102.10600 100.86400 96.82730 121.48200 109.48100 106.62900 104.34700 104.13000 103.57200 103.23200 101.32600 101.43400 100.46200 97.69220 95.99090 94.11520 92.96200 91.54380 91.97710 91.22690 90.91540 89.93380 90.17690 90.43720 90.75000 90.32140 90.03890 92.39860 -9999 -9999 -9999 -9999 -9999 -9999 -9999 -9999 -9999 -9999 -9999 -9999 -9999 -9999 -9999 -9999 -9999 -9999 -9999 -9999 -9999 -9999 -9999 -9999 -9999 -9999
58.67130 56.01290 57.08340 59.03450 77.84720 86.08050 85.99370 85.46040 85.82110 84.41830 79.91140 81.86540 88.00460 84.72400 92.29920 94.13380 95.95130 95.40350 94.96770 96.54020 102.70100 103.23500 103.05100 100.39200 81.69970 91.81590 96.42140 94.60390 93.88500 94.53890 97.60990 92.55680 93.06510 88.02420 87.67780 88.02090 87.47120 88.81190 89.10890 89.65490 90.02910 91.19440 92.14440 93.74770 121.80600 -9999 -9999 -9999 -9999 -9999 -9999 -9999 -9999 -9999 -9999 -9999 -9999 -9999 -9999 -9999 -9999 -9999 -9999 -9999 -9999 -9999 -9999 -9999 -9999 -9999
89.79790 89.45010 89.78300 81.46870 95.17430 91.17700 90.91830 92.72810 91.88350 92.06290 91.62560 93.22530 93.42570 93.30670 92.94740 92.03310 95.28210 98.60150 100.37600 99.48530 122.64600 104.37000 103.99900 101.77500 100.15300 98.28660 99.71980 96.05600 92.51940 93.63940 93.51620 89.26190 87.91240 87.37360 87.85210 87.20700 87.86000 86.87090 87.16890 88.15480 91.03270 90.98030 92.59250 93.52840 93.12010 -9999 -9999 -9999 -9999 -9999 -9999 -9999 -9999 -9999 -9999 -9999 -9999 -9999 -9999 -9999 94.39470 95.20210 -9999 -9999 -9999 -9999 106.84400 113.52200 118.31900 108.63900
88.52060 87.43620 88.52630 87.40780 91.96850 88.68250 86.65930 88.91770 90.80260 91.88200 92.38260 87.42990 88.68160 89.32770 92.71200 94.48710 93.26180 95.82320 95.13880 122.26900 97.10650 98.30430 98.00970 97.41230 92.64550 89.84430 88.30720 89.50690 90.87340 91.21970 91.30650 89.27480 87.92510 85.73190 85.25910 85.06310 85.24470 83.88050 83.62510 85.13740 111.27400 119.77500 119.83100 119.47700 111.71500 114.92400 115.00600 120.94500 94.47100 98.03430 98.92240 90.51310 92.26070 98.75560 99.94850 95.08970 77.58710 73.93390 73.18280 92.00850 93.36510 86.67050 -9999 -9999 -9999 -9999 -9999 106.02800 110.31700 109.42100
94.26590 96.07070 66.43910 89.20970 94.56750 66.82370 84.21680 86.74830 86.02860 85.06800 84.47890 85.08560 86.45300 83.03210 83.33090 84.80540 111.69500 91.32100 93.72820 94.24850 92.47270 93.33030 92.96790 91.03380 89.61640 88.69770 88.87970 87.15360 88.00040 88.67470 88.86390 88.47960 86.50140 86.94690 88.15100 89.18220 89.63570 88.85100 88.92270 118.83000 119.82700 90.14240 120.03500 91.41460 91.22700 92.16640 91.48490 92.39690 91.38590 93.62440 97.99040 96.13920 90.78270 93.36280 101.22500 104.84000 97.55090 100.67700 100.31700 92.72440 79.28410 79.39540 82.05680 91.34080 98.34830 98.43170 102.50500 101.43500 106.98300 105.58100
87.81820 96.37310 96.07690 85.69470 96.94830 96.44870 90.27620 89.89450 90.53930 81.05330 80.46090 80.83360 83.11840 81.69940 109.96500 84.20260 88.20390 90.87130 90.51670 92.56270 93.26760 92.17410 89.86340 88.62600 87.88450 88.04870 87.33890 86.57500 86.86480 88.48860 89.39040 87.95630 88.03480 87.48350 86.28950 88.56360 89.08960 120.01000 87.22730 85.36090 87.61480 89.98050 89.91460 87.24710 89.56820 92.61720 91.88070 90.64010 89.16900 87.93620 87.84770 89.61220 88.25940 89.66330 89.28240 95.85960 103.73100 105.36500 106.32900 108.35800 106.36000 94.31560 91.23610 85.71880 78.86260 89.65130 96.56790 97.84450 99.78660 102.05800
95.95160 102.49900 105.11900 90.84170 60.20680 84.37880 79.80040 79.35140 85.60990 83.38380 80.31930 79.99730 82.53370 82.42040 83.48660 85.40880 86.62380 86.51750 85.91760 90.55710 97.56110 96.80620 91.54690 91.20460 89.84030 88.04960 88.59810 87.64190 88.37620 89.61800 88.77940 88.39880 120.01100 87.42890 86.23680 88.11010 87.83310 88.93900 91.34650 89.51400 92.23750 89.09330 88.85150 94.69720 98.12320 98.64340 92.80650 89.90400 89.87130 90.04150 90.22230 91.40190 94.19160 94.62380 95.65290 74.79370 73.78460 79.08410 100.96500 102.89200 113.01400 111.17200 108.44500 107.73000 95.83040 93.02120 89.41110 90.47880 91.45320 94.36030
85.24010 97.94410 105.19900 101.08100 86.76070 68.56630 79.67950 77.91860 83.85900 85.35660 81.18790 93.93240 89.99830 81.71830 85.97990 85.34950 82.36700 80.96280 83.62070 88.46730 91.36270 95.80000 91.65680 91.92830 92.60530 87.85110 86.61800 86.52370 85.25000 86.36480 113.37300 87.91640 88.34590 86.27970 86.70520 86.09180 85.77570 88.33930 89.74220 88.71510 94.56270 95.77680 93.04850 94.03200 93.97900 99.56500 97.81300 93.93710 93.79410 88.97860 92.01910 95.65630 94.07310 94.39760 90.53320 97.65680 103.97700 104.30600 106.59000 104.55900 104.98600 104.74500 102.41300 97.78190 106.98000 110.47100 97.62390 108.11900 96.85020 96.17080
87.70420 93.21450 91.30630 88.80610 94.25090 96.16690 69.13080 61.67900 57.10490 81.91830 77.79410 83.87430 96.85730 107.95700 109.70500 94.01020 91.68340 85.74180 82.80700 82.74860 83.81710 86.45680 87.17180 88.71890 86.64130 83.55470 84.91740 84.47870 83.20150 84.92670 85.36750 84.66970 85.93470 89.97470 88.99660 87.55550 89.46630 92.17280 95.14580 93.88190 93.06890 98.44920 100.87900 96.44350 93.72370 94.89900 93.64790 93.75160 92.77990 89.73340 89.70260 87.37090 89.55980 91.21840 93.67050 98.42450 103.74300 103.94700 106.46100 103.64100 106.27800 106.03300 105.51700 91.65260 106.79500 108.91900 105.89200 94.93160 97.12080 96.27160
104.21600 112.13800 107.74700 112.86600 107.12500 106.33000 102.61300 86.18860 87.86950 87.55140 80.96330 76.41110 75.82380 86.09460 93.52250 108.32400 106.90800 103.99800 98.41310 85.48580 67.45470 86.70380 87.47580 88.07130 89.50900 86.94480 87.84440 86.29090 86.37730 86.29730 88.58330 89.20350 94.97360 92.03550 95.13410 94.11570 94.55050 95.94430 97.58800 77.88560 97.90500 98.65780 99.08920 97.27010 98.21640 97.87350 99.61410 99.58690 99.86900 96.93410 94.48860 98.30550 99.96380 101.97700 87.11930 103.64600 103.24700 95.91140 105.79700 107.10500 118.83100 109.06600 110.49400 109.13100 108.03300 108.40700 92.70590 109.38700 110.11900 113.62700
95.47690 102.32700 113.05400 120.97200 116.65300 119.22000 109.38000 100.10100 83.21040 96.31580 89.30230 83.62320 85.91290 86.20980 63.76360 85.69280 68.03150 72.69870 100.00400 104.85100 93.66550 79.73600 93.78560 87.97180 87.32800 87.61420 88.60460 87.59910 86.95050 93.21330 91.73640 94.15660 95.04020 95.91520 92.73090 97.64000 93.81240 95.70980 94.32410 98.99220 98.73330 96.81990 97.84340 98.59340 96.45680 106.24200 108.29600 105.62500 104.74900 102.01100 103.77600 105.71800 105.40200 108.26200 114.27800 96.57220 100.57700 107.64300 110.93800 109.01200 113.08100 111.70000 109.70100 107.81400 92.51810 109.55300 113.29600 111.18400 113.12900 113.80900
102.08100 105.20800 104.17200 103.74900 107.54000 114.59400 116.91700 114.81000 110.61300 106.56800 94.67740 83.33990 97.52080 97.86180 93.66890 110.91100 109.16200 106.39500 64.93620 96.12310 113.99900 105.35400 105.49200 99.79150 88.79450 87.66480 87.08790 87.57560 87.60950 91.19380 90.98180 92.65700 93.66930 92.91730 92.68020 89.86930 93.11370 97.19930 95.70870 99.09010 101.04600 105.06900 104.27300 103.20400 85.94760 75.93520 95.79360 100.60000 107.99500 111.41200 107.70000 106.57900 99.36640 109.33700 101.72400 109.28100 116.60400 110.19600 117.86800 106.96300 108.82700 113.72200 111.22900 111.70600 111.33700 112.11500 113.58000 111.92400 111.41800 112.85600
103.57500 108.12000 105.23100 103.02800 94.34570 102.02300 101.84900 102.78700 103.24200 94.02770 94.06840 90.76250 90.04600 70.84570 88.41680 102.30000 106.07900 109.87200 105.51600 83.69090 95.12300 99.41430 101.04200 97.20100 96.26420 89.70320 87.73660 87.25450 87.28270 90.78450 91.85680 91.88900 91.46170 85.81130 87.76160 90.63140 89.89170 95.04320 96.39810 99.48330 105.13800 103.79000 100.20300 111.66400 91.32700 94.45480 101.83500 102.78700 107.08100 109.20900 105.19600 102.42700 105.66000 113.39600 115.14900 113.39800 111.10100 111.77200 109.31200 113.68100 115.01100 108.70200 105.36600 109.80000 110.05500 110.29400 111.54700 110.18900 113.66700 116.08600
107.46900 115.82100 114.27400 107.38700 106.09700 106.66100 100.40800 99.13700 94.86530 87.98890 83.39730 88.05910 97.29700 94.34470 87.99690 90.22580 101.17000 101.99300 101.53400 108.15200 105.27400 101.59600 93.68740 91.76570 93.35660 94.24830 95.38570 88.95120 86.84500 89.18850 92.32750 90.69400 92.96320 85.70820 89.60080 91.30910 96.05490 98.50530 100.95700 99.45870 112.99600 99.09870 105.83600 106.63600 108.89400 108.16600 102.45200 82.01250 84.37100 86.55980 87.91110 106.92100 105.46100 103.19300 102.88900 106.27700 110.87800 112.94100 112.57400 113.88300 118.17200 115.62800 116.55300 118.99600 117.39300 117.87800 115.18800 117.28800 122.53100 109.52700
112.44200 113.13500 118.54800 112.83200 106.79800 107.27500 109.30600 103.37900 98.19740 90.09050 94.33290 90.69020 93.97950 100.06700 95.90700 96.30620 95.95590 103.45800 101.46300 108.96900 107.58700 105.06000 100.20800 104.48600 96.65200 97.94260 96.77320 95.74610 93.94750 89.20660 88.50460 88.53620 88.40420 90.77380 99.13330 96.77330 92.88670 103.04300 108.65600 89.78160 105.31200 108.39800 108.73500 99.80580 96.50010 94.67860 92.34370 106.17900 88.99480 87.95750 113.98600 91.80940 110.78000 111.45900 112.16400 114.75100 113.60500 111.83500 116.15300 118.05800 121.39700 119.74500 119.97900 119.50200 120.23800 122.54700 101.30500 122.55700 103.68200 104.11300
125.24600 115.12100 111.29500 112.34000 112.23500 111.95500 106.34500 89.56380 98.39430 96.79580 90.18630 84.98450 89.97930 95.85560 102.04000 103.23800 103.12100 103.01700 105.06200 104.34300 101.95100 117.54800 104.06700 104.06100 99.42230 98.44770 99.83780 106.07600 97.31770 93.94400 90.07280 92.99210 90.50720 93.07640 100.66700 99.81720 95.43600 105.00400 102.97500 108.24000 96.35740 97.42940 99.35470 96.82310 110.32500 110.77800 114.26200 110.42600 112.29900 113.92700 112.64200 114.98700 114.81800 111.51100 111.57700 115.11700 117.94000 125.71500 125.18700 122.10400 124.78500 123.95800 124.83000 120.54800 110.91900 111.57200 103.37300 103.91600 105.41500 106.06700
114.06700 117.49200 111.68300 114.22400 112.78500 111.88700 113.74400 103.25400 93.45090 91.07660 107.05900 95.23710 99.13570 98.25470 102.50500 106.00600 106.01600 102.21300 92.03310 101.04500 107.42500 106.15500 107.73400 105.80900 100.56500 100.46500 96.78680 99.80020 96.79640 95.01900 95.27640 93.36510 94.69980 94.88190 96.40710 99.50020 83.14750 99.63230 105.99500 109.50400 117.10500 106.37500 96.74480 109.38600 107.59100 115.16900 115.91200 104.20800 83.86920 97.13120 107.54600 111.03100 112.68400 91.47580 114.80500 120.57700 124.27100 123.55200 123.19000 126.34600 122.85300 123.25100 115.80600 102.40800 103.93600 106.10600 106.23300 105.52400 107.07300 106.42100
113.52800 112.80400 112.00000 112.47700 114.79300 118.00200 118.68000 119.88800 104.14500 110.07000 111.95200 110.25700 106.00800 105.44200 97.13750 108.13700 113.24400 111.48300 105.99700 103.42600 108.04700 98.37640 108.84000 114.51100 110.26500 102.52300 85.18580 105.52100 100.55200 97.69350 98.79340 97.64660 95.03740 97.13410 99.18410 97.21740 101.95000 104.49100 114.07300 120.79800 121.53500 119.60400 112.54900 116.06000 114.31100 110.10400 108.74500 87.80660 87.47060 107.64500 107.93300 -9999 -9999 97.24620 115.35200 125.44800 126.17200 128.03700 125.48400 105.97400 105.37200 106.55800 106.30000 104.84300 102.25600 106.67900 105.25400 104.81900 105.79800 106.85100
114.63000 117.52900 115.31100 114.31300 120.59200 113.76300 124.12400 126.05100 119.37100 114.62000 125.41500 121.61800 116.73900 111.78700 108.52300 113.49100 116.63300 109.79700 106.95100 99.82040 107.23000 94.38290 108.40800 105.11500 111.71900 102.61600 103.82100 108.27400 102.78100 80.38590 100.89000 103.36700 98.84530 102.01700 104.74900 105.09800 110.46600 113.77600 114.01000 113.97700 -9999 -9999 -9999 -9999 115.69900 -9999 91.45970 108.43600 110.75000 113.39100 109.93600 -9999 -9999 105.31300 123.42200 125.63300 116.09100 104.13800 103.75800 105.44600 103.97400 101.76800 101.47900 101.41600 102.18600 103.60500 111.68700 105.69100 105.01600 105.76300
