data/hydroclimate-scenarios/BCSD_hadcm_A1B/monthly_summaries/soilm1_monthly_day1_mar.2070-2099.asc
ncols	311
nrows	91
xllcenter	102.75
yllcenter	31.75
cellsize	0.5
NODATA_value	-9999
[rows 0 to 31 of 91, columns 71 to 141 of 311]
-9999 -9999 -9999 -9999 -9999 -9999 -9999 -9999 -9999 -9999 -9999 -9999 -9999 -9999 -9999 -9999 -9999 -9999 -9999 -9999 -9999 -9999 -9999 -9999 -9999 -9999 -9999 -9999 -9999 -9999 -9999 -9999 -9999 -9999 -9999 -9999 -9999 -9999 -9999 -9999 -9999 -9999 -9999 -9999 -9999 -9999 -9999 -9999 -9999 -9999 -9999 -9999 -9999 -9999 -9999 -9999 -9999 -9999 -9999 -9999 -9999 -9999 -9999 -9999 -9999 -9999 -9999 -9999 -9999 -9999 -9999
-9999 -9999 -9999 -9999 -9999 -9999 -9999 -9999 -9999 -9999 -9999 -9999 -9999 -9999 -9999 -9999 -9999 -9999 -9999 -9999 -9999 -9999 -9999 -9999 -9999 -9999 -9999 -9999 -9999 -9999 -9999 -9999 -9999 -9999 -9999 -9999 -9999 -9999 -9999 -9999 -9999 -9999 -9999 -9999 -9999 -9999 -9999 -9999 -9999 -9999 -9999 -9999 -9999 -9999 -9999 -9999 -9999 -9999 -9999 -9999 -9999 -9999 -9999 -9999 -9999 -9999 -9999 -9999 -9999 -9999 -9999
-9999 -9999 -9999 -9999 -9999 -9999 -9999 -9999 -9999 -9999 -9999 -9999 -9999 -9999 -9999 -9999 -9999 -9999 -9999 -9999 -9999 -9999 -9999 -9999 -9999 -9999 -9999 -9999 -9999 -9999 -9999 -9999 -9999 -9999 -9999 -9999 -9999 -9999 -9999 -9999 -9999 -9999 -9999 -9999 -9999 -9999 -9999 -9999 -9999 -9999 -9999 -9999 -9999 -9999 -9999 -9999 -9999 -9999 -9999 -9999 -9999 -9999 -9999 -9999 -9999 -9999 -9999 -9999 -9999 -9999 -9999
-9999 -9999 -9999 -9999 -9999 -9999 -9999 -9999 -9999 -9999 -9999 -9999 -9999 -9999 -9999 -9999 -9999 -9999 -9999 -9999 -9999 -9999 -9999 -9999 -9999 -9999 -9999 -9999 -9999 -9999 -9999 -9999 -9999 -9999 -9999 -9999 -9999 -9999 -9999 -9999 -9999 -9999 -9999 -9999 -9999 -9999 -9999 -9999 -9999 -9999 -9999 -9999 -9999 -9999 -9999 -9999 -9999 -9999 -9999 -9999 -9999 -9999 -9999 -9999 -9999 -9999 -9999 -9999 -9999 -9999 -9999
-9999 -9999 -9999 -9999 -9999 -9999 -9999 -9999 -9999 -9999 -9999 -9999 -9999 -9999 -9999 -9999 -9999 -9999 -9999 -9999 -9999 -9999 -9999 -9999 -9999 -9999 -9999 -9999 -9999 -9999 -9999 -9999 -9999 -9999 -9999 -9999 -9999 -9999 -9999 -9999 -9999 -9999 -9999 -9999 -9999 -9999 -9999 -9999 -9999 -9999 -9999 -9999 -9999 -9999 -9999 -9999 -9999 -9999 -9999 -9999 -9999 -9999 -9999 -9999 -9999 -9999 -9999 -9999 -9999 -9999 -9999
-9999 -9999 -9999 -9999 -9999 -9999 -9999 -9999 -9999 -9999 -9999 -9999 -9999 -9999 -9999 -9999 -9999 -9999 -9999 -9999 -9999 -9999 -9999 -9999 -9999 -9999 -9999 -9999 -9999 -9999 -9999 -9999 -9999 -9999 -9999 -9999 -9999 -9999 -9999 -9999 -9999 -9999 -9999 -9999 -9999 -9999 -9999 -9999 -9999 -9999 -9999 -9999 -9999 -9999 -9999 -9999 -9999 -9999 -9999 -9999 -9999 -9999 -9999 -9999 -9999 -9999 -9999 -9999 -9999 -9999 -9999
-9999 -9999 -9999 -9999 -9999 -9999 -9999 -9999 -9999 -9999 -9999 -9999 -9999 -9999 -9999 -9999 -9999 -9999 -9999 -9999 -9999 -9999 -9999 -9999 -9999 -9999 -9999 -9999 -9999 -9999 -9999 -9999 -9999 -9999 -9999 -9999 -9999 -9999 -9999 -9999 -9999 -9999 -9999 -9999 -9999 -9999 -9999 -9999 -9999 -9999 -9999 -9999 -9999 -9999 -9999 -9999 -9999 -9999 -9999 -9999 -9999 -9999 -9999 -9999 -9999 -9999 -9999 -9999 -9999 -9999 -9999
-9999 -9999 -9999 -9999 -9999 -9999 -9999 -9999 -9999 -9999 -9999 -9999 -9999 -9999 -9999 -9999 -9999 -9999 -9999 -9999 -9999 -9999 -9999 -9999 -9999 -9999 -9999 -9999 -9999 -9999 -9999 -9999 -9999 -9999 -9999 -9999 -9999 -9999 -9999 -9999 -9999 -9999 -9999 -9999 -9999 -9999 -9999 -9999 -9999 -9999 -9999 -9999 -9999 -9999 -9999 -9999 -9999 -9999 -9999 -9999 -9999 -9999 -9999 -9999 -9999 -9999 -9999 -9999 -9999 -9999 -9999
-9999 -9999 -9999 -9999 -9999 -9999 59.60930 -9999 -9999 -9999 -9999 -9999 -9999 -9999 -9999 -9999 -9999 -9999 -9999 -9999 -9999 -9999 -9999 -9999 -9999 -9999 -9999 -9999 -9999 -9999 -9999 -9999 -9999 -9999 -9999 -9999 -9999 -9999 -9999 -9999 -9999 -9999 -9999 -9999 -9999 -9999 -9999 -9999 -9999 -9999 -9999 -9999 -9999 -9999 -9999 -9999 -9999 -9999 -9999 -9999 -9999 -9999 -9999 -9999 -9999 -9999 -9999 -9999 -9999 -9999 -9999
-9999 -9999 58.73570 57.72460 59.60220 59.76540 59.46830 59.69180 60.26240 60.59620 60.21230 60.62270 60.20500 60.01930 59.76130 61.41510 60.49930 60.23180 61.08060 60.58530 60.51930 58.78520 -9999 -9999 -9999 -9999 -9999 -9999 -9999 -9999 -9999 -9999 -9999 -9999 -9999 -9999 -9999 -9999 -9999 -9999 -9999 -9999 -9999 -9999 -9999 -9999 -9999 -9999 -9999 -9999 -9999 -9999 -9999 -9999 -9999 -9999 -9999 -9999 -9999 -9999 -9999 -9999 -9999 -9999 -9999 -9999 -9999 -9999 -9999 -9999 -9999
-9999 -9999 -9999 -9999 61.43690 62.09360 62.67720 62.86690 63.02540 63.09940 62.64270 62.78490 64.04930 64.02610 63.59400 63.73710 62.56380 62.69440 63.00310 63.16060 63.11580 62.40760 -9999 -9999 -9999 -9999 -9999 -9999 -9999 -9999 -9999 -9999 -9999 -9999 -9999 -9999 -9999 -9999 -9999 -9999 -9999 -9999 -9999 -9999 -9999 -9999 -9999 -9999 -9999 -9999 -9999 -9999 -9999 -9999 -9999 -9999 -9999 -9999 -9999 -9999 -9999 -9999 -9999 -9999 -9999 -9999 -9999 -9999 -9999 -9999 -9999
61.30690 61.77740 62.36320 62.47750 62.16570 62.78480 62.51430 62.50310 62.76560 63.24140 62.10270 62.18650 63.72500 64.14520 63.89400 63.94240 62.60720 62.78360 63.13460 65.74440 67.07250 72.90880 66.91020 66.29640 65.65570 65.47210 65.75490 64.91440 -9999 -9999 -9999 -9999 -9999 -9999 -9999 -9999 -9999 -9999 -9999 -9999 -9999 -9999 -9999 -9999 -9999 -9999 -9999 -9999 -9999 -9999 -9999 -9999 -9999 -9999 -9999 -9999 -9999 -9999 -9999 -9999 -9999 -9999 -9999 -9999 -9999 -9999 -9999 -9999 -9999 -9999 -9999
60.83260 60.61440 61.31100 61.57690 62.11730 62.06120 61.80340 62.58410 61.73340 62.29500 62.46700 62.61070 63.55260 63.88850 63.64910 64.14530 63.36650 63.48260 74.25100 68.08410 65.56200 64.68230 65.10740 64.82060 65.52510 65.19350 65.59610 65.40070 65.02500 64.74240 64.26660 64.03190 64.11380 64.36440 64.44700 64.40900 63.88910 64.06010 64.22100 64.35560 64.38350 64.18990 64.82650 -9999 -9999 -9999 -9999 -9999 -9999 -9999 -9999 -9999 -9999 -9999 -9999 -9999 -9999 -9999 -9999 -9999 -9999 -9999 -9999 -9999 -9999 -9999 -9999 -9999 -9999 -9999 -9999
51.45160 52.01780 52.95660 53.62780 62.07690 64.09470 61.69510 61.39180 61.03440 54.43580 54.95000 61.20330 56.96160 63.10450 63.19730 63.47620 63.51300 63.48340 66.51890 67.53880 64.79660 63.44190 63.05730 56.81700 58.57440 64.45490 63.76920 63.70020 65.21660 66.12190 65.01980 65.23420 65.13050 64.79850 65.16920 64.89730 64.41080 64.00230 64.37430 64.53100 64.57200 64.79690 66.05290 73.95300 -9999 -9999 -9999 -9999 -9999 -9999 -9999 -9999 -9999 -9999 -9999 -9999 -9999 -9999 -9999 -9999 -9999 -9999 -9999 -9999 -9999 -9999 -9999 -9999 -9999 -9999 -9999
64.61170 61.39660 56.74630 62.32320 65.36180 66.40700 65.59230 65.40160 63.99110 64.13120 64.51450 65.02280 64.52140 64.74940 64.23510 64.64810 66.99810 67.24500 68.15170 73.12380 67.16720 67.19340 66.85670 66.44960 65.99860 65.83440 65.85330 65.31190 65.41320 65.17220 64.61850 64.62860 64.25550 64.46700 65.60980 65.72410 64.40340 64.56560 65.80500 65.89340 65.17830 65.18460 64.84850 65.54950 -9999 -9999 -9999 -9999 -9999 -9999 -9999 -9999 -9999 -9999 -9999 -9999 -9999 -9999 -9999 62.81020 62.81430 -9999 -9999 -9999 -9999 66.92090 67.54500 67.56430 64.35180 60.57690 61.55500
62.43240 62.92720 65.24530 62.10790 65.60830 65.64160 65.07840 64.30650 64.57400 64.88800 64.92540 65.09560 64.42180 64.60980 65.42760 65.53520 67.78880 68.40060 73.12310 68.12470 67.84930 67.22990 66.81880 66.63000 65.87780 65.22120 66.71320 66.47120 65.36390 65.19780 64.44520 64.14370 63.91120 64.36350 65.96500 65.05560 64.58620 64.39070 65.65040 67.18470 73.41390 74.35570 72.67230 66.36740 68.19820 68.35710 73.66610 65.81910 63.84330 62.75390 57.77640 59.39050 65.31470 65.61010 62.67510 56.09610 55.65640 56.00710 62.03270 62.57590 56.57830 -9999 -9999 -9999 -9999 -9999 70.91940 68.11670 65.67910 64.96690 64.17480
64.84020 55.00590 63.68300 64.38520 57.23140 63.04930 63.83590 65.16240 63.98320 64.26760 64.35350 64.79780 63.98720 64.64190 66.28650 67.32360 67.17600 66.46370 67.53560 67.55720 67.48730 67.02460 67.16990 66.88070 66.09010 66.11570 65.07900 65.04810 65.41590 65.50500 65.38770 64.92400 64.23090 64.40020 65.76320 66.26190 65.94440 66.53160 71.99270 74.97870 66.76930 72.42390 66.30420 65.98390 67.04920 67.19240 67.10300 67.02670 66.15680 66.58550 65.65100 65.98480 66.18370 66.83490 66.32700 64.98300 64.78580 63.32400 58.18820 57.46500 56.68810 57.69390 58.33650 64.84320 65.50730 67.48930 68.87540 68.81370 66.59210 66.05190 64.55120
62.25280 59.20400 61.47930 65.91640 65.99490 65.92700 65.05250 63.83670 62.58600 63.46600 63.44090 64.79930 63.71260 64.96350 66.03840 66.29780 66.15500 65.97490 67.30620 64.05630 68.13050 67.00850 66.37480 66.03310 65.48420 65.19490 64.68500 64.36460 65.31570 65.51000 65.08330 65.11240 64.95680 64.44540 66.27650 66.93070 74.41390 66.86190 66.54600 67.11030 65.93260 66.46960 67.16340 67.86190 68.03670 67.79230 67.10070 67.13910 66.50210 66.35660 66.65860 64.40210 65.42520 65.55020 65.25190 66.66700 66.85870 67.97070 68.84110 67.73920 58.45570 58.55630 58.00230 58.69980 58.83270 63.28380 65.73970 66.42320 65.45880 63.79760 61.42250
65.78700 64.19140 57.10430 53.56720 62.90670 63.24480 63.28600 62.92680 63.36470 63.25360 63.07760 63.30760 63.49760 64.39300 65.70440 66.04780 66.16710 65.90300 66.71740 66.45830 67.02280 66.37510 66.12300 65.48010 65.31710 65.37230 65.18540 65.50480 64.97850 64.76290 66.01780 73.59720 64.19140 64.57310 65.45310 65.58940 65.95490 65.65120 67.11190 67.83460 67.07560 66.61760 66.35920 67.40510 68.24840 68.13440 68.67420 67.47830 67.28390 67.12410 66.48830 66.95860 66.63380 65.56520 57.98770 57.64630 59.23860 63.70930 65.59760 69.26370 67.55960 65.34110 63.81150 60.54620 60.07820 60.75750 61.14350 61.56080 62.11400 62.30200 62.51660
66.05910 65.98150 64.14890 58.13890 55.05220 62.48500 64.54180 65.42810 65.21770 64.25500 65.25000 62.31690 54.66250 60.80050 62.67790 64.02930 65.08100 65.17930 66.29940 66.17670 66.39840 65.91750 65.96150 65.56740 65.40180 64.61040 65.08060 64.66320 65.62370 65.86400 64.90810 64.45390 62.17620 62.93290 64.42880 65.37220 66.02610 65.71880 65.93950 66.20520 67.49520 67.75460 66.03060 66.63430 68.08040 67.49460 67.54500 69.04050 67.61360 67.22440 67.12190 67.14050 66.87310 66.80140 66.60990 65.43190 65.20290 64.95400 66.24020 67.65650 67.14960 64.05830 61.38520 64.86820 65.54470 61.77350 64.86810 62.03770 62.40910 62.61340 65.19320
62.60650 57.89020 58.45460 59.14210 59.20240 55.25430 54.45630 53.72080 62.03660 64.11780 63.75050 64.57210 65.74930 63.42880 57.44280 61.56020 62.45200 62.16320 65.27230 64.17840 65.82040 65.74530 65.76210 65.88270 65.53140 66.31270 66.22500 66.39020 65.21490 65.30670 65.31550 65.28000 63.30100 61.94850 62.77120 63.59510 62.25620 63.52770 65.24950 63.96540 68.52470 68.68240 67.96920 68.37200 66.63520 66.56200 67.51310 65.20800 64.69670 65.97700 68.40840 68.51010 67.45280 69.12970 69.07060 69.07700 66.00640 65.56310 64.67340 64.37850 65.34020 65.93220 62.09180 68.11700 70.00530 66.02340 63.01350 62.67790 63.26200 65.24260 66.50110
68.73140 67.45690 68.15860 63.96810 64.78360 64.28720 59.15690 58.37050 62.27000 63.76590 62.92420 53.38240 62.25490 61.93530 65.86770 64.43690 65.86050 64.62470 57.50400 56.93480 64.35580 65.40910 66.34690 65.45460 65.64400 66.22490 66.46360 65.32030 66.15040 66.12870 65.67640 65.96750 62.57850 65.33680 63.67670 64.10440 65.52320 66.25130 59.19490 64.23500 65.93680 67.75160 68.78430 63.87950 65.18300 64.98180 65.52220 66.39160 65.33180 64.74220 63.58810 65.46090 64.30750 60.10090 64.61980 65.22430 60.20590 65.53670 67.16440 70.44610 69.08550 69.67860 68.60530 69.71570 68.90600 63.08930 64.74530 65.35390 67.19670 66.61080 68.95540
65.70980 69.08710 70.21020 69.98950 69.70450 65.40290 60.95820 59.07910 62.46700 62.20610 63.33380 64.35910 61.78340 54.23860 62.83630 55.97640 56.07370 63.80660 66.41040 58.58820 57.01910 61.78790 62.67180 65.96290 65.88700 65.80400 65.21150 65.40080 65.34700 65.45260 65.97230 66.16740 65.47780 64.01970 67.14930 67.60350 67.51050 65.00900 64.14060 63.98790 66.52500 69.40980 69.55760 65.03470 67.85810 68.42720 67.39990 68.14400 65.71350 64.16540 65.18090 65.69970 66.40420 68.60400 60.59040 60.82400 66.86270 67.57670 68.93420 71.55600 71.46500 72.22020 68.68980 62.64200 64.92590 67.44240 67.09880 68.69850 68.69130 68.91370 68.87480
67.72270 65.86360 64.93710 69.45940 69.92910 69.65280 69.50440 68.24530 67.20910 66.13560 64.03290 64.96340 64.59050 63.53950 67.84370 64.96350 63.97950 55.24100 63.13790 68.16470 64.33460 65.56800 64.28200 63.23560 65.45890 64.72710 64.88070 65.05720 65.54570 64.62200 65.12670 65.09850 65.06150 65.20510 67.18300 67.81340 67.95180 67.61600 66.71070 66.85280 65.47470 66.73640 68.31370 60.34760 60.34050 67.61510 69.02480 68.73530 68.80610 66.80250 65.08100 60.81480 67.84760 62.04710 65.83480 68.24940 67.78410 70.79840 66.31950 69.14890 73.57280 73.55910 71.78610 70.26020 69.76130 70.12660 69.79720 69.61210 68.05770 67.37840 68.41490
67.86890 66.72950 65.28240 61.09640 65.31870 67.04330 69.00670 69.04240 67.88790 67.31420 66.39170 65.02090 56.57480 62.16150 66.38700 66.97960 66.70910 65.83280 58.84220 64.06200 65.60100 65.93730 64.74570 65.19210 63.81530 63.36220 66.10910 67.51000 67.73680 67.31380 67.63960 67.78870 66.20580 66.09410 66.96050 65.63860 63.80000 64.53780 67.45420 68.27000 63.95190 61.58680 69.45860 61.02330 61.89270 67.92540 69.28760 69.06490 69.17320 64.99390 60.78360 65.54150 70.20250 69.08720 69.21850 68.27010 69.82160 68.26270 69.52120 72.08200 70.29520 66.45880 70.54520 73.01260 74.54370 74.93400 73.97790 67.71520 67.47000 66.02340 64.88860
70.20290 69.61840 64.70300 64.44170 66.50610 65.53400 69.35550 69.08650 68.12140 66.35670 64.86200 65.51710 63.24380 62.40810 66.49520 67.08580 67.18250 65.43110 65.58810 65.38860 66.67300 64.09360 64.83700 63.60150 63.20110 67.88380 65.97920 65.08820 68.04840 67.79450 67.77710 67.97360 67.34170 67.38540 66.17570 67.85280 68.23040 65.46750 63.67740 70.01860 61.28250 64.14070 65.74640 65.76240 68.05930 65.48460 59.95150 60.57080 61.37630 60.46040 66.10600 68.43990 68.34000 65.68000 66.76760 69.72950 71.69500 70.26920 71.49790 73.10990 73.89390 73.34560 73.14290 72.97550 73.69220 75.42790 73.88910 70.95170 65.66320 64.10160 64.26380
67.62010 69.52120 66.49520 62.44490 64.18120 67.76200 67.83400 68.95820 68.10120 67.38310 65.15960 63.82320 64.64890 64.52520 67.37250 67.34950 67.45210 63.43420 65.88140 65.00610 67.35370 63.67940 68.58360 64.15620 66.44610 69.07150 66.06020 65.68180 67.11400 67.47910 67.37350 64.84030 66.75160 67.76660 65.80360 65.62170 69.75000 69.49300 61.20940 64.50070 65.52160 65.07290 61.85440 61.72700 61.56230 61.51550 64.76030 61.50830 61.62250 67.90500 61.46180 69.18240 70.07560 70.24180 71.04980 69.82750 68.33380 72.74470 74.15180 82.70980 75.87920 71.50470 72.07480 73.35150 70.27520 63.95410 69.73090 63.89490 63.21910 63.21200 63.61620
70.27610 66.98490 65.85200 65.81310 65.83240 63.80470 60.29680 65.57050 68.21500 68.05170 64.92460 66.16800 67.23310 66.74280 66.86960 66.34200 65.48620 68.34670 66.36810 66.14050 69.62850 66.75290 67.43990 65.51410 63.66360 67.29090 68.90570 67.00420 66.76290 67.46770 67.80000 66.97340 67.20780 67.78230 67.03160 65.07040 69.72810 66.62730 66.48130 61.77440 61.45300 61.06960 61.43470 67.25370 67.21630 67.72320 70.25470 70.23060 69.02730 71.49590 69.94280 69.98250 71.25270 68.90730 71.09190 72.03000 74.47320 74.48560 72.93590 78.68320 73.34500 73.32230 69.19600 65.20730 64.84060 63.66540 63.26430 63.45540 63.48680 64.34430 64.85430
70.02670 66.98820 67.42740 66.20500 65.57610 65.97520 61.60370 60.13900 60.97640 68.75950 63.06220 64.47280 66.07560 66.82680 65.12910 66.97010 66.08690 60.22380 66.18380 69.39890 68.59580 66.90480 66.35560 63.97700 66.99400 66.34280 69.33770 67.57180 65.04990 67.81740 66.63920 69.27120 68.24990 67.66890 66.05600 59.37580 65.71330 67.85150 65.89910 68.31760 63.96950 61.37130 64.12150 67.82080 81.37510 77.03890 67.06540 63.37930 63.54540 68.20550 69.39810 71.28510 63.11000 68.43610 73.88900 71.66770 72.94360 74.72680 76.32530 75.46180 70.52410 67.53330 63.95980 63.60850 63.23970 63.46760 63.09760 63.53410 63.22830 64.03000 64.65230
68.76870 67.16120 66.86140 68.34830 68.40640 68.54840 66.73850 60.83220 65.61070 66.53570 65.22330 63.20940 64.05470 61.13780 66.04310 70.08240 69.15040 65.79230 68.50760 70.21540 61.73700 67.41670 69.08880 69.87770 66.71550 61.58220 69.58590 68.76990 64.60610 67.24210 68.10190 64.98930 68.66230 68.09830 60.37350 64.11320 66.63510 69.32840 69.59660 69.87020 69.53210 70.40630 71.58090 71.94300 74.26460 72.26250 63.83420 64.09880 69.72460 71.32920 -9999 -9999 64.14820 68.13470 75.94560 76.21410 82.27160 72.31420 66.19980 65.08250 64.84760 64.12760 63.72840 63.23110 63.31200 63.04060 62.44580 62.59050 62.95660 64.38970 66.65430
69.06540 68.58990 67.74620 69.79300 67.18760 71.18620 70.79160 70.02280 66.78970 69.92160 68.77370 68.07480 66.05100 63.77200 68.59640 70.70600 66.15090 64.68110 61.49890 65.39050 61.88050 67.80730 65.09990 69.84280 61.87290 63.86560 67.72170 66.05630 60.22260 68.26540 68.15780 63.84570 64.71500 65.82020 64.41920 68.10870 68.74100 69.05280 69.89490 -9999 -9999 -9999 -9999 72.14890 -9999 62.50900 66.75560 70.22430 71.84190 70.33140 -9999 -9999 64.46060 77.52370 77.38450 68.84880 65.58580 65.24890 65.12510 64.30480 63.43040 63.08390 62.82380 62.58450 63.09320 63.64750 61.08930 61.36030 62.64730 63.17430 63.71740
65.34260 68.17960 68.13340 69.32910 71.45100 71.41460 69.26600 65.30480 67.81910 70.03920 69.35320 68.96120 70.05930 70.16720 70.11660 68.20310 64.80540 66.48440 65.87860 68.08800 68.46950 68.21860 66.94620 64.38420 61.69200 67.47490 60.88360 66.55760 65.67040 64.76630 66.19680 66.69270 66.57530 67.45850 69.25930 69.74770 69.32940 -9999 -9999 -9999 -9999 -9999 -9999 -9999 72.34300 69.49910 72.41020 -9999 -9999 -9999 -9999 -9999 81.45950 72.56020 64.97250 67.28920 67.04250 67.14440 65.45220 64.41020 64.69440 64.29520 63.78130 65.13450 65.93870 64.02220 62.93080 61.80380 62.83010 64.84470 -9999
