data/hydroclimate-scenarios/BCSD_hadcm_A1B/monthly_summaries/soilm3_monthly_day1_jul.2070-2099.asc
ncols	311
nrows	91
xllcenter	102.75
yllcenter	31.75
cellsize	0.5
NODATA_value	-9999
[rows 0 to 31 of 91, columns 0 to 70 of 311]
-9999 -9999 -9999 -9999 -9999 -9999 -9999 -9999 -9999 -9999 -9999 -9999 -9999 -9999 -9999 -9999 -9999 -9999 -9999 -9999 -9999 -9999 -9999 -9999 -9999 -9999 -9999 -9999 -9999 -9999 -9999 -9999 -9999 -9999 -9999 -9999 -9999 -9999 -9999 -9999 -9999 -9999 -9999 -9999 -9999 -9999 -9999 -9999 -9999 -9999 -9999 -9999 -9999 -9999 -9999 -9999 -9999 -9999 -9999 -9999 -9999 -9999 -9999 -9999 -9999 -9999 -9999 -9999 -9999 -9999 -9999
-9999 -9999 -9999 -9999 -9999 -9999 -9999 -9999 -9999 -9999 -9999 -9999 -9999 -9999 -9999 -9999 -9999 -9999 -9999 -9999 -9999 -9999 -9999 -9999 -9999 -9999 -9999 -9999 -9999 -9999 -9999 -9999 -9999 -9999 -9999 -9999 -9999 -9999 -9999 -9999 -9999 -9999 -9999 -9999 -9999 -9999 -9999 -9999 -9999 -9999 -9999 -9999 -9999 -9999 -9999 -9999 -9999 -9999 -9999 -9999 -9999 -9999 -9999 -9999 -9999 -9999 -9999 -9999 -9999 -9999 -9999
-9999 -9999 -9999 -9999 -9999 -9999 -9999 -9999 -9999 -9999 -9999 -9999 -9999 -9999 -9999 -9999 -9999 -9999 -9999 -9999 -9999 -9999 -9999 -9999 -9999 -9999 -9999 -9999 -9999 -9999 -9999 -9999 -9999 -9999 -9999 -9999 -9999 -9999 -9999 -9999 -9999 -9999 -9999 -9999 -9999 -9999 -9999 -9999 -9999 -9999 -9999 -9999 -9999 -9999 -9999 -9999 -9999 -9999 -9999 -9999 -9999 -9999 -9999 -9999 -9999 -9999 -9999 -9999 -9999 -9999 -9999
-9999 -9999 -9999 -9999 -9999 -9999 -9999 -9999 -9999 -9999 -9999 -9999 -9999 -9999 -9999 -9999 -9999 -9999 -9999 -9999 -9999 -9999 -9999 -9999 -9999 -9999 -9999 -9999 -9999 -9999 -9999 -9999 -9999 -9999 -9999 -9999 -9999 -9999 -9999 -9999 -9999 -9999 -9999 -9999 -9999 -9999 -9999 -9999 -9999 -9999 -9999 -9999 -9999 -9999 -9999 -9999 -9999 -9999 -9999 -9999 -9999 -9999 -9999 -9999 -9999 -9999 -9999 -9999 -9999 -9999 -9999
-9999 -9999 -9999 -9999 -9999 -9999 -9999 -9999 -9999 -9999 -9999 -9999 -9999 -9999 -9999 -9999 -9999 -9999 -9999 -9999 -9999 -9999 -9999 -9999 -9999 -9999 -9999 -9999 -9999 -9999 -9999 -9999 -9999 -9999 -9999 -9999 -9999 -9999 -9999 -9999 -9999 -9999 -9999 -9999 -9999 -9999 -9999 -9999 -9999 -9999 -9999 -9999 -9999 -9999 -9999 -9999 -9999 -9999 -9999 -9999 -9999 -9999 -9999 -9999 -9999 -9999 -9999 -9999 -9999 -9999 -9999
-9999 -9999 -9999 -9999 -9999 -9999 -9999 -9999 -9999 -9999 -9999 -9999 -9999 -9999 -9999 -9999 -9999 -9999 -9999 -9999 -9999 -9999 -9999 -9999 -9999 -9999 -9999 -9999 -9999 -9999 -9999 -9999 -9999 -9999 -9999 -9999 -9999 -9999 -9999 -9999 -9999 -9999 -9999 -9999 -9999 -9999 -9999 -9999 -9999 -9999 -9999 -9999 -9999 -9999 -9999 -9999 -9999 -9999 -9999 -9999 -9999 -9999 -9999 -9999 -9999 -9999 -9999 -9999 -9999 -9999 -9999
-9999 -9999 -9999 -9999 -9999 -9999 -9999 -9999 -9999 -9999 -9999 -9999 -9999 -9999 -9999 -9999 -9999 -9999 -9999 -9999 -9999 -9999 -9999 -9999 -9999 -9999 -9999 -9999 -9999 -9999 -9999 -9999 -9999 -9999 -9999 -9999 -9999 -9999 -9999 -9999 -9999 -9999 -9999 -9999 -9999 -9999 -9999 -9999 -9999 -9999 -9999 -9999 -9999 -9999 -9999 -9999 -9999 -9999 -9999 -9999 -9999 -9999 -9999 -9999 -9999 -9999 -9999 -9999 -9999 -9999 -9999
-9999 -9999 -9999 -9999 -9999 -9999 -9999 -9999 -9999 -9999 -9999 -9999 -9999 -9999 -9999 -9999 -9999 -9999 -9999 -9999 -9999 -9999 -9999 -9999 -9999 -9999 -9999 -9999 -9999 -9999 -9999 -9999 -9999 -9999 -9999 -9999 -9999 -9999 -9999 -9999 -9999 -9999 19.92820 19.54280 19.97530 19.94370 20.00700 20.13800 19.98110 20.74880 20.46820 22.81370 -9999 -9999 -9999 -9999 -9999 -9999 -9999 -9999 -9999 -9999 -9999 -9999 -9999 -9999 -9999 -9999 -9999 -9999 -9999
-9999 -9999 -9999 -9999 -9999 -9999 -9999 -9999 -9999 -9999 -9999 -9999 -9999 -9999 -9999 -9999 -9999 -9999 -9999 -9999 -9999 -9999 -9999 -9999 -9999 -9999 -9999 -9999 -9999 -9999 -9999 -9999 -9999 -9999 -9999 -9999 -9999 -9999 21.03950 21.58100 21.38320 21.67810 21.30680 20.47150 20.78720 19.73710 19.11580 19.03120 20.20070 21.00860 22.95010 25.80760 25.72970 24.94440 -9999 -9999 -9999 -9999 -9999 -9999 -9999 -9999 -9999 -9999 -9999 -9999 -9999 -9999 -9999 -9999 -9999
-9999 -9999 -9999 -9999 -9999 -9999 -9999 -9999 -9999 -9999 -9999 -9999 -9999 -9999 -9999 -9999 -9999 -9999 -9999 -9999 -9999 -9999 -9999 -9999 -9999 -9999 -9999 -9999 -9999 -9999 -9999 -9999 -9999 -9999 -9999 -9999 -9999 -9999 -9999 -9999 20.39370 20.48570 20.75200 20.86050 21.29640 22.14270 21.18120 21.40440 19.10980 19.02960 19.27920 24.06340 25.17860 24.24190 -9999 -9999 -9999 -9999 -9999 -9999 -9999 -9999 -9999 -9999 -9999 -9999 -9999 -9999 -9999 -9999 -9999
-9999 -9999 -9999 -9999 -9999 -9999 -9999 -9999 -9999 -9999 -9999 -9999 -9999 -9999 -9999 -9999 -9999 -9999 -9999 -9999 -9999 -9999 -9999 -9999 -9999 -9999 -9999 -9999 -9999 -9999 -9999 -9999 -9999 -9999 -9999 -9999 -9999 -9999 -9999 -9999 -9999 -9999 -9999 -9999 20.69920 21.02550 21.62800 23.02710 22.86290 20.67460 21.61820 24.24410 23.39080 24.25350 -9999 -9999 -9999 -9999 -9999 -9999 20.29040 -9999 -9999 -9999 -9999 -9999 -9999 -9999 -9999 -9999 -9999
-9999 -9999 -9999 -9999 -9999 -9999 -9999 -9999 -9999 -9999 -9999 -9999 -9999 -9999 -9999 -9999 -9999 -9999 -9999 -9999 -9999 -9999 -9999 -9999 -9999 -9999 -9999 -9999 -9999 -9999 -9999 -9999 -9999 -9999 -9999 -9999 -9999 -9999 -9999 -9999 -9999 20.56240 20.53580 20.91690 20.85680 20.50410 20.85030 21.50470 21.21660 20.62160 20.79340 24.14660 23.51240 24.06800 -9999 -9999 -9999 -9999 -9999 21.51140 21.89100 22.89720 22.61670 20.85260 21.22340 21.99560 22.77030 24.23850 22.78220 22.93780 22.16940
-9999 -9999 -9999 -9999 -9999 -9999 -9999 -9999 -9999 -9999 -9999 -9999 -9999 -9999 -9999 -9999 -9999 -9999 -9999 -9999 -9999 -9999 -9999 -9999 -9999 -9999 -9999 -9999 -9999 -9999 -9999 -9999 -9999 -9999 -9999 -9999 -9999 -9999 -9999 -9999 -9999 21.48530 20.71430 20.64050 20.38080 20.46330 21.14530 21.43540 20.97510 21.72050 22.56530 26.88760 25.17270 25.20550 24.13340 26.91400 24.21580 -9999 22.62650 24.14560 24.11660 23.88400 23.73100 22.82260 23.32580 23.94980 23.03470 23.15010 22.36410 21.45450 21.06410
-9999 -9999 -9999 -9999 -9999 -9999 -9999 -9999 -9999 -9999 -9999 -9999 -9999 -9999 -9999 -9999 -9999 -9999 -9999 -9999 -9999 -9999 -9999 -9999 -9999 -9999 -9999 -9999 -9999 -9999 -9999 -9999 -9999 -9999 -9999 23.83650 21.74600 20.75290 20.77000 20.24360 20.20520 20.11560 20.26660 20.33500 20.77810 20.83850 20.21300 20.70800 22.49780 23.90300 23.93600 26.91560 27.82030 26.54370 24.64480 27.96070 26.26850 24.92250 24.82260 24.03140 23.73250 23.26390 23.17950 23.37360 23.42790 23.91500 23.77980 23.68410 23.41950 22.45140 22.46420
-9999 -9999 -9999 -9999 -9999 -9999 -9999 -9999 -9999 -9999 -9999 -9999 -9999 -9999 -9999 -9999 -9999 -9999 -9999 -9999 -9999 -9999 -9999 -9999 -9999 -9999 -9999 -9999 -9999 -9999 -9999 -9999 -9999 -9999 23.91430 23.27910 22.67310 22.54910 20.79100 20.31780 20.27640 20.13510 20.30010 21.02660 20.76970 20.06820 20.04120 21.28000 23.79110 24.25600 24.46360 24.30500 25.21830 24.20830 23.63950 28.28610 25.82410 24.92200 24.55190 24.23030 23.75640 23.79040 24.17130 24.74530 24.39960 24.12450 23.68360 23.86810 24.14000 24.06560 24.32760
-9999 -9999 -9999 -9999 -9999 -9999 -9999 -9999 -9999 -9999 -9999 -9999 -9999 -9999 -9999 -9999 -9999 -9999 -9999 -9999 -9999 -9999 -9999 -9999 -9999 -9999 -9999 -9999 -9999 -9999 -9999 -9999 -9999 23.87820 23.69220 22.57630 22.58180 21.98490 20.94470 20.09190 20.14770 20.12540 21.08970 21.00500 20.12490 20.46070 21.50640 22.09770 23.32070 24.22790 24.67660 26.11230 26.72090 24.26040 23.04740 27.06130 26.22240 24.20250 23.80930 23.80200 24.10870 23.98670 23.91340 24.07050 24.18850 23.93270 23.61370 24.15940 24.36180 24.39570 23.67830
-9999 -9999 -9999 -9999 -9999 -9999 -9999 -9999 -9999 -9999 -9999 -9999 -9999 -9999 -9999 -9999 -9999 -9999 -9999 -9999 -9999 -9999 -9999 -9999 -9999 -9999 -9999 -9999 -9999 -9999 -9999 23.61710 21.86140 21.34940 21.27120 22.45230 21.65730 20.78400 19.99860 20.17270 20.18720 20.33030 20.91390 20.35780 19.97910 20.80310 23.06820 23.37760 23.53880 24.01540 24.86380 25.39700 25.78600 24.56770 23.97510 26.92840 24.95680 24.17850 24.67990 24.03700 24.01710 24.08440 23.91150 23.90660 23.96890 24.16380 24.06860 23.58720 23.46610 23.88620 24.69510
-9999 -9999 -9999 -9999 -9999 -9999 -9999 -9999 -9999 -9999 -9999 -9999 -9999 -9999 -9999 -9999 -9999 -9999 -9999 -9999 -9999 -9999 -9999 -9999 -9999 -9999 -9999 -9999 -9999 20.91070 22.24160 20.84090 19.91800 19.88170 19.85990 19.91800 20.99620 22.88140 21.02010 19.91210 20.46170 20.99460 19.94100 19.87010 19.89590 20.02760 20.74490 23.04430 24.00590 24.66950 24.99870 26.78250 25.46490 24.12610 24.40640 27.68540 24.77940 24.21660 23.61260 23.23460 23.70070 23.65740 23.59920 23.74400 23.85140 23.79700 24.21680 24.61390 24.70310 24.92490 24.02850
-9999 -9999 -9999 -9999 -9999 -9999 -9999 -9999 -9999 -9999 -9999 -9999 -9999 -9999 -9999 -9999 -9999 -9999 -9999 -9999 -9999 -9999 -9999 -9999 21.78810 21.49860 21.06130 20.42790 20.23720 19.72470 19.73540 19.73700 19.76090 19.75660 19.75670 20.12160 22.82540 21.28960 20.39050 19.85330 20.12650 20.90750 20.06530 19.83960 19.83650 19.90690 20.24790 20.92630 22.69920 24.29370 24.16390 33.70120 31.34490 27.29530 25.38930 25.70350 24.34820 23.73580 23.57260 23.64480 23.86110 23.76730 23.61850 23.50560 23.52090 23.70660 23.86280 23.51010 23.52030 24.11000 26.23440
-9999 -9999 -9999 -9999 -9999 -9999 23.66510 23.78350 23.87800 23.80190 23.60590 -9999 -9999 -9999 -9999 -9999 -9999 -9999 -9999 -9999 -9999 21.88940 20.34900 20.90340 22.07700 21.02230 20.20060 19.77620 19.76930 19.72990 19.72000 19.73920 19.75410 19.73230 19.74990 19.71610 19.74850 19.95570 22.14060 19.79990 20.19200 20.18930 20.84060 19.80870 19.80460 19.86340 20.18460 22.05160 23.68590 24.17860 24.75410 30.52800 30.81890 27.16760 24.76640 24.69130 24.21180 23.57810 23.63340 23.77360 23.72290 23.62950 23.56430 23.77740 23.92500 23.15130 23.08290 23.13600 23.17300 23.27360 23.58650
-9999 -9999 -9999 -9999 -9999 23.65840 23.77300 24.34740 23.87690 24.10260 24.02260 24.17080 23.95670 24.02080 -9999 -9999 -9999 23.29910 22.97090 21.51740 20.98090 20.07110 20.04780 19.77530 19.42390 19.13080 18.98460 18.91210 18.81100 18.81320 18.92820 18.93710 19.14070 19.11350 18.99610 18.90040 18.93490 19.02830 19.00580 18.86690 18.86600 18.90210 20.63930 19.92340 18.84830 19.03600 19.90960 21.22110 23.33400 24.01240 24.09610 26.77410 26.65980 24.92370 24.22130 24.95280 24.49030 23.68060 23.23060 23.08260 23.04160 23.12600 23.06690 23.06940 23.43550 23.86490 23.65510 23.52910 23.31580 23.55290 23.72600
-9999 24.65390 22.09990 19.21460 19.29440 23.43780 24.26070 23.88820 24.01680 23.96500 24.14130 24.08800 24.19320 23.94630 23.79880 23.32140 23.17240 23.26680 23.33970 23.18990 22.36610 20.12390 20.61430 18.84170 18.62280 18.71510 18.71610 18.64860 18.64320 18.61140 18.58560 18.58310 18.56950 18.56390 18.57460 18.58550 18.58720 18.58580 18.56580 18.60990 18.61030 18.64320 19.28040 20.70690 18.72550 18.73130 18.77910 19.85700 21.97710 22.32400 23.00220 27.26860 26.32560 26.76260 25.55600 25.97590 24.74900 23.42870 23.37850 23.21310 23.01910 23.23960 23.33090 23.37020 23.72660 23.85790 23.53600 23.66650 23.39610 23.91930 25.12190
-9999 26.32070 26.00440 23.56410 23.52300 23.17720 22.80840 22.78460 22.42780 23.21430 23.44630 23.35890 23.43660 23.30540 23.31400 23.31290 23.45420 23.37320 23.30260 23.25810 22.23690 21.69360 23.57090 19.46580 18.75040 18.70950 18.71330 18.73350 18.73950 18.69470 18.63860 18.62630 18.60830 18.59170 19.20210 18.64020 18.65670 18.64840 18.64170 18.55260 18.55920 18.54780 18.54100 20.98700 19.41790 18.65190 18.57680 18.83880 19.04210 20.19510 21.52570 24.28990 24.29670 25.04810 24.53040 24.80690 23.97340 23.53520 23.22370 22.55440 23.00080 23.06860 23.11600 22.97260 23.22330 23.89060 23.79240 23.40720 23.48000 23.40170 23.60280
-9999 -9999 -9999 20.05360 20.01590 19.46750 19.31070 19.19390 19.14330 19.22780 23.45630 23.35750 23.45540 23.62200 23.40940 23.25960 23.35080 23.22810 23.43740 23.74410 23.74800 23.71290 22.71900 19.03410 18.76170 18.70270 18.68060 18.66340 18.62480 18.60570 18.58480 18.57860 19.07630 19.25830 20.16250 21.02590 18.30220 18.32330 19.69970 21.03200 20.24290 20.28200 23.55250 23.34240 21.87450 20.76440 19.70870 18.99660 19.10110 20.39500 22.80710 23.71830 23.35150 24.52600 23.65160 25.22080 24.04410 23.58040 23.62560 22.68020 23.08140 23.28250 23.28750 23.36370 23.18980 23.24380 23.16440 23.43270 23.79040 23.92100 24.01750
-9999 -9999 -9999 -9999 -9999 -9999 20.56030 21.15000 21.85920 22.75770 23.62880 23.69790 23.68120 23.63640 23.57900 23.53490 23.54840 23.64210 23.56850 23.16590 21.61540 19.85350 18.72320 18.73380 18.69090 18.68210 18.64240 19.99010 21.21120 18.96430 18.57890 18.56870 20.68930 22.78650 19.37490 22.69030 22.08490 20.68910 23.77400 23.94210 23.94750 23.14750 22.75210 23.14080 23.32580 23.63290 22.15840 21.30330 20.44550 19.66650 20.72330 21.21860 20.73640 23.23170 22.96040 21.29720 24.11720 24.46470 24.57470 23.87580 23.21880 23.88150 23.10580 22.98270 23.58960 23.75660 23.23890 23.80550 24.45920 24.30900 24.69190
-9999 -9999 -9999 -9999 -9999 -9999 23.65270 23.67660 23.61440 23.68590 23.63710 23.60210 23.57580 23.54790 23.53310 23.57770 23.05790 21.32130 20.23420 18.99990 18.79530 18.73550 18.74040 18.72910 18.69740 18.63300 18.58130 19.94020 24.04620 24.04090 22.97080 23.05340 22.64780 23.44100 23.23830 23.14310 22.45790 22.35940 22.07100 22.64230 22.82620 23.12510 23.63110 23.33670 23.03940 22.83990 23.03230 23.87130 23.80170 22.70580 21.51950 20.24160 19.79500 20.24890 19.86590 19.23010 19.85890 20.50570 21.31790 21.13100 23.06030 23.24310 24.20210 23.88540 23.90320 23.46710 23.44320 23.68250 23.82590 24.06690 24.84180
-9999 -9999 -9999 -9999 -9999 -9999 -9999 -9999 -9999 -9999 23.22470 23.60230 23.58650 23.50070 23.51980 20.71150 18.81630 18.86960 18.78410 18.71260 18.72030 18.69590 18.69460 18.56980 18.55530 18.54680 18.52490 18.51300 19.10810 20.02890 19.42310 20.02350 21.02360 23.11720 23.91190 23.41400 23.81210 23.91330 23.91540 23.92280 21.93940 20.44260 19.81160 20.93190 20.93710 21.53570 21.14010 19.96090 23.44030 23.92770 23.93050 23.63330 23.33480 22.14600 21.94550 22.73850 21.74650 22.63740 22.64380 22.19050 22.66670 20.12810 19.84020 19.42220 20.12960 20.49030 20.28920 21.38890 23.16290 23.23560 23.31630
-9999 -9999 -9999 -9999 -9999 -9999 -9999 -9999 -9999 -9999 21.96550 23.47150 23.51310 23.46720 23.48620 20.67130 18.73350 18.75270 18.80380 18.74710 18.71930 18.68370 18.67170 18.55060 18.54140 18.51710 18.51030 18.51110 18.50690 19.22070 20.02100 20.02490 22.12620 22.82220 21.13110 22.12800 19.92910 18.50840 19.01110 19.11230 18.51300 18.51880 18.52100 18.51080 18.50830 18.50770 18.50960 18.51510 18.61080 22.63230 23.92150 23.92310 23.91680 23.72170 21.63290 24.12310 24.22000 24.21730 24.21590 24.12790 24.02700 24.02670 23.82850 22.24870 20.35450 20.86310 19.66510 18.69850 22.00910 23.19140 23.31940
-9999 -9999 -9999 -9999 -9999 -9999 -9999 -9999 -9999 -9999 -9999 -9999 23.45180 23.47560 23.50530 23.03290 19.75330 18.65380 18.72720 18.64230 18.64990 18.74520 18.32490 18.62690 18.52170 18.51040 18.50770 18.50730 18.50560 18.60440 19.41940 19.21970 19.22130 18.70620 18.50730 18.50690 18.50770 18.51020 18.51220 18.51980 18.52120 18.52510 18.52580 18.51090 18.51150 18.51110 18.51200 18.52230 18.51890 19.01420 20.66360 22.35530 22.64050 21.54810 20.44230 23.22420 24.21590 24.22160 24.22260 24.22960 24.22830 24.22580 23.43270 22.04800 23.24220 24.03300 21.14840 18.77920 19.61720 21.39170 23.21630
-9999 -9999 -9999 -9999 -9999 -9999 -9999 -9999 -9999 -9999 -9999 -9999 23.43620 23.44710 23.46920 23.48500 23.47560 23.29920 20.50290 19.74440 18.33970 19.83990 18.32130 19.32500 18.52870 18.51320 18.50730 18.50600 18.50470 18.50340 18.50330 18.50440 18.50420 18.50490 18.50930 18.50770 18.51130 18.51990 18.52270 18.52180 18.51980 18.51900 18.51920 18.50860 18.50870 19.13480 19.74270 21.66610 23.34810 23.35680 21.87410 21.86720 21.25140 20.44080 22.24350 24.11760 24.11870 24.12380 24.12380 24.12900 23.63310 22.34610 22.94390 24.03410 24.03150 22.05070 20.66060 21.68180 22.73760 23.19150 23.30750
-9999 -9999 -9999 -9999 -9999 -9999 -9999 -9999 -9999 -9999 -9999 23.42590 23.43550 23.43160 23.43740 23.42450 22.23120 18.25600 18.26910 18.27470 18.23450 19.84850 19.61880 18.72820 18.53020 18.52070 18.51810 18.50600 18.50310 18.50190 18.50180 18.50190 18.50190 18.50270 18.50350 18.50350 18.50630 18.50850 18.51470 18.53190 18.52810 18.52710 18.52800 18.52080 18.51840 18.51430 19.81170 20.93770 21.43280 23.12200 22.82130 22.83980 22.63450 23.43060 24.02620 24.11970 24.02000 24.02250 24.02360 22.83750 23.03440 24.22560 24.22610 24.03180 24.03390 22.64610 22.06790 22.79990 22.87440 23.03050 23.51790
-9999 -9999 -9999 -9999 -9999 -9999 -9999 -9999 -9999 -9999 -9999 23.41760 23.42210 23.42630 23.42620 23.41610 20.72650 18.83630 18.23540 19.04680 19.82930 19.82240 19.11500 19.61070 19.40950 19.30920 18.50960 18.50780 18.50510 18.50290 18.50260 18.50300 18.50230 18.50270 18.50280 18.50200 18.50240 18.50350 18.51070 18.51390 18.51870 18.62340 19.05970 19.56140 20.25620 22.44710 22.84600 23.32620 24.20830 24.20440 24.20480 24.20970 24.21010 24.20800 24.20670 24.21860 24.21870 22.92730 22.62640 23.72620 24.12760 24.22120 24.22260 24.04240 23.15040 22.06150 23.78720 23.10400 22.93520 23.37480 23.51930
