data/hydroclimate-scenarios/BCSD_hadcm_A1B/monthly_summaries/soilm3_monthly_day1_jun.2030-2059.asc
ncols	311
nrows	91
xllcenter	102.75
yllcenter	31.75
cellsize	0.5
NODATA_value	-9999
[rows 0 to 31 of 91, columns 213 to 283 of 311]
-9999 -9999 -9999 -9999 -9999 -9999 -9999 -9999 -9999 -9999 -9999 -9999 -9999 -9999 -9999 -9999 -9999 -9999 -9999 -9999 -9999 -9999 -9999 -9999 -9999 -9999 -9999 -9999 -9999 -9999 -9999 -9999 -9999 -9999 -9999 -9999 -9999 -9999 -9999 -9999 -9999 -9999 -9999 -9999 -9999 -9999 -9999 -9999 -9999 -9999 -9999 -9999 -9999 -9999 -9999 -9999 -9999 -9999 -9999 -9999 -9999 -9999 -9999 -9999 -9999 -9999 -9999 -9999 -9999 -9999 -9999
-9999 -9999 -9999 -9999 -9999 -9999 -9999 -9999 -9999 -9999 -9999 -9999 -9999 -9999 -9999 -9999 -9999 -9999 -9999 -9999 -9999 -9999 -9999 -9999 -9999 -9999 -9999 -9999 -9999 -9999 -9999 -9999 -9999 -9999 -9999 -9999 -9999 -9999 -9999 -9999 -9999 -9999 -9999 -9999 -9999 -9999 -9999 -9999 -9999 -9999 -9999 -9999 -9999 -9999 -9999 -9999 -9999 -9999 -9999 -9999 -9999 -9999 -9999 -9999 -9999 -9999 -9999 -9999 -9999 -9999 -9999
-9999 -9999 -9999 -9999 -9999 -9999 -9999 -9999 -9999 -9999 -9999 -9999 -9999 -9999 -9999 -9999 -9999 -9999 -9999 -9999 -9999 -9999 -9999 -9999 -9999 -9999 -9999 -9999 -9999 -9999 -9999 -9999 -9999 -9999 -9999 -9999 -9999 -9999 -9999 -9999 -9999 -9999 -9999 -9999 -9999 -9999 -9999 -9999 -9999 -9999 -9999 -9999 -9999 -9999 -9999 -9999 -9999 -9999 -9999 -9999 -9999 -9999 -9999 -9999 -9999 -9999 -9999 -9999 -9999 -9999 -9999
-9999 -9999 -9999 -9999 -9999 -9999 -9999 -9999 -9999 -9999 -9999 -9999 -9999 -9999 -9999 -9999 -9999 -9999 -9999 -9999 -9999 -9999 -9999 -9999 -9999 -9999 -9999 -9999 -9999 -9999 -9999 -9999 -9999 -9999 -9999 -9999 -9999 -9999 -9999 -9999 -9999 -9999 -9999 -9999 -9999 -9999 -9999 -9999 -9999 -9999 -9999 -9999 -9999 -9999 -9999 -9999 -9999 -9999 -9999 -9999 -9999 -9999 -9999 -9999 -9999 -9999 -9999 -9999 -9999 -9999 -9999
-9999 -9999 -9999 -9999 -9999 -9999 -9999 -9999 -9999 -9999 -9999 -9999 -9999 -9999 -9999 -9999 -9999 -9999 -9999 -9999 -9999 -9999 -9999 -9999 -9999 -9999 -9999 -9999 -9999 -9999 -9999 -9999 -9999 -9999 -9999 -9999 -9999 -9999 -9999 -9999 -9999 -9999 -9999 -9999 -9999 -9999 -9999 -9999 -9999 -9999 -9999 -9999 -9999 -9999 -9999 -9999 -9999 -9999 -9999 -9999 -9999 -9999 -9999 -9999 -9999 -9999 -9999 -9999 -9999 -9999 -9999
-9999 -9999 -9999 -9999 -9999 -9999 -9999 -9999 -9999 -9999 -9999 -9999 -9999 -9999 -9999 -9999 -9999 -9999 -9999 -9999 -9999 -9999 -9999 -9999 -9999 -9999 -9999 -9999 -9999 -9999 -9999 -9999 -9999 -9999 -9999 -9999 -9999 -9999 -9999 -9999 -9999 -9999 -9999 -9999 -9999 -9999 -9999 -9999 -9999 -9999 -9999 -9999 -9999 -9999 -9999 -9999 -9999 -9999 -9999 -9999 -9999 -9999 -9999 -9999 -9999 -9999 -9999 -9999 -9999 -9999 -9999
-9999 -9999 -9999 -9999 -9999 -9999 -9999 -9999 -9999 -9999 -9999 -9999 -9999 -9999 -9999 -9999 -9999 -9999 -9999 -9999 -9999 -9999 -9999 -9999 -9999 -9999 -9999 -9999 -9999 -9999 -9999 -9999 -9999 -9999 -9999 -9999 -9999 -9999 -9999 -9999 -9999 -9999 -9999 -9999 -9999 -9999 -9999 -9999 -9999 -9999 -9999 -9999 -9999 -9999 -9999 -9999 -9999 -9999 -9999 -9999 -9999 -9999 -9999 -9999 -9999 -9999 -9999 -9999 -9999 -9999 -9999
-9999 -9999 -9999 -9999 -9999 -9999 -9999 -9999 -9999 -9999 -9999 -9999 -9999 -9999 -9999 -9999 -9999 -9999 -9999 -9999 -9999 -9999 -9999 -9999 -9999 -9999 -9999 -9999 -9999 -9999 -9999 -9999 -9999 -9999 -9999 -9999 -9999 -9999 -9999 -9999 -9999 -9999 -9999 -9999 -9999 -9999 -9999 -9999 -9999 -9999 -9999 -9999 -9999 -9999 -9999 -9999 -9999 -9999 -9999 -9999 -9999 -9999 -9999 -9999 -9999 -9999 -9999 -9999 -9999 -9999 -9999
-9999 -9999 -9999 -9999 -9999 -9999 -9999 -9999 -9999 -9999 -9999 -9999 -9999 -9999 -9999 -9999 -9999 -9999 -9999 -9999 -9999 -9999 -9999 -9999 -9999 -9999 -9999 -9999 -9999 -9999 -9999 -9999 -9999 -9999 -9999 -9999 -9999 -9999 -9999 -9999 -9999 -9999 -9999 -9999 -9999 -9999 -9999 -9999 -9999 -9999 -9999 -9999 -9999 -9999 -9999 -9999 -9999 -9999 -9999 -9999 -9999 -9999 -9999 -9999 -9999 -9999 -9999 -9999 -9999 -9999 -9999
-9999 -9999 -9999 -9999 -9999 -9999 -9999 -9999 -9999 -9999 -9999 -9999 -9999 -9999 -9999 -9999 -9999 -9999 -9999 -9999 -9999 -9999 -9999 -9999 -9999 -9999 -9999 -9999 -9999 -9999 -9999 -9999 -9999 -9999 -9999 -9999 -9999 -9999 -9999 -9999 -9999 -9999 -9999 -9999 -9999 -9999 -9999 -9999 -9999 -9999 -9999 -9999 -9999 -9999 -9999 -9999 -9999 -9999 -9999 -9999 -9999 -9999 -9999 -9999 -9999 -9999 -9999 -9999 -9999 -9999 -9999
-9999 -9999 -9999 -9999 -9999 -9999 -9999 -9999 -9999 -9999 -9999 -9999 -9999 -9999 -9999 -9999 -9999 -9999 -9999 -9999 -9999 -9999 -9999 -9999 -9999 -9999 -9999 -9999 -9999 -9999 -9999 -9999 -9999 -9999 -9999 -9999 -9999 -9999 -9999 -9999 -9999 -9999 -9999 -9999 -9999 -9999 -9999 -9999 -9999 -9999 -9999 -9999 -9999 -9999 -9999 -9999 -9999 -9999 -9999 -9999 -9999 -9999 -9999 -9999 -9999 -9999 -9999 -9999 -9999 -9999 -9999
-9999 -9999 -9999 -9999 -9999 -9999 -9999 -9999 -9999 -9999 -9999 -9999 -9999 -9999 -9999 -9999 -9999 -9999 -9999 -9999 -9999 -9999 -9999 -9999 -9999 -9999 -9999 -9999 -9999 -9999 -9999 -9999 -9999 -9999 -9999 -9999 -9999 -9999 -9999 -9999 -9999 -9999 -9999 -9999 -9999 -9999 -9999 -9999 -9999 -9999 -9999 -9999 -9999 -9999 -9999 -9999 -9999 -9999 -9999 -9999 -9999 -9999 -9999 -9999 -9999 -9999 -9999 -9999 -9999 -9999 -9999
-9999 -9999 -9999 -9999 -9999 -9999 -9999 -9999 -9999 -9999 -9999 -9999 -9999 -9999 -9999 -9999 -9999 -9999 -9999 -9999 -9999 -9999 -9999 -9999 -9999 -9999 -9999 -9999 -9999 -9999 -9999 -9999 -9999 -9999 -9999 -9999 -9999 -9999 -9999 -9999 -9999 -9999 -9999 -9999 -9999 -9999 -9999 -9999 -9999 -9999 -9999 -9999 -9999 -9999 -9999 -9999 -9999 -9999 -9999 -9999 -9999 -9999 -9999 -9999 -9999 -9999 -9999 -9999 -9999 -9999 -9999
19.39550 19.40770 19.86570 19.87640 19.60400 19.83640 -9999 -9999 -9999 -9999 -9999 -9999 -9999 -9999 -9999 -9999 -9999 -9999 -9999 -9999 -9999 -9999 -9999 -9999 -9999 -9999 -9999 -9999 -9999 -9999 -9999 -9999 -9999 -9999 -9999 -9999 -9999 -9999 -9999 -9999 -9999 -9999 -9999 -9999 -9999 -9999 -9999 22.56440 -9999 -9999 -9999 -9999 -9999 -9999 -9999 -9999 -9999 -9999 -9999 -9999 -9999 -9999 -9999 -9999 -9999 -9999 -9999 -9999 -9999 -9999 -9999
20.59050 21.07690 21.15670 21.09290 22.59410 23.17530 20.38410 21.06180 22.62770 24.12180 23.60300 25.72980 25.04300 28.02210 27.28970 27.38450 26.74270 24.48680 57.51670 -9999 -9999 -9999 -9999 -9999 -9999 -9999 -9999 -9999 -9999 -9999 -9999 -9999 -9999 -9999 -9999 -9999 -9999 -9999 -9999 -9999 -9999 -9999 21.34470 20.73270 19.74180 19.11950 19.19020 19.33940 24.07140 -9999 -9999 -9999 22.55360 -9999 -9999 -9999 24.35100 27.97060 28.70040 -9999 -9999 -9999 -9999 -9999 -9999 -9999 -9999 -9999 -9999 -9999 -9999
25.15650 25.93360 26.18900 27.71010 28.90600 29.69000 23.40740 23.36100 23.59790 23.77940 24.01910 24.50400 24.45450 24.68260 23.73520 24.45340 24.04300 23.78550 23.47090 23.44320 23.44010 23.56710 26.18090 33.15180 27.32190 -9999 -9999 -9999 -9999 -9999 23.10290 21.27660 23.47500 30.65390 36.63740 33.98400 28.31060 24.08980 24.16580 22.90320 21.38840 21.21980 19.10950 19.10940 19.11540 19.11550 19.24370 19.33380 28.10840 29.45420 28.14560 26.99460 27.21480 29.51470 30.90850 29.40380 31.32540 29.72870 26.26850 26.56760 27.44030 27.06630 29.04800 30.17710 -9999 -9999 -9999 -9999 -9999 -9999 -9999
34.73350 35.96160 35.06300 31.10650 30.93860 26.75900 24.30700 24.17990 23.31930 22.66900 20.50500 133.54601 133.22400 133.79201 132.80800 132.45599 131.90800 19.47010 19.30810 19.79330 22.00220 22.44530 29.63890 24.21060 25.65730 28.50390 29.09720 31.83920 36.30470 35.59720 36.69370 31.86460 29.30040 33.62350 36.32050 35.10170 29.58920 29.00120 32.02630 29.66600 29.24970 28.65960 27.05780 26.92680 26.42840 27.04460 25.16140 27.42940 29.22500 31.38250 30.85510 30.98080 33.44580 34.13080 36.54260 37.98890 40.23520 39.67390 38.01600 37.85580 38.30910 38.21050 34.44150 28.51280 29.89540 28.37350 30.15890 29.56650 27.93140 29.89810 29.82630
35.85160 32.74790 35.56680 26.67670 25.49170 133.53400 133.16200 132.49100 132.38901 131.74800 131.54601 131.52200 131.86700 131.52400 131.50101 131.50101 131.50200 131.50301 132.05800 132.31100 132.75500 135.92400 149.36301 149.83099 134.95599 138.48100 31.56740 134.53700 34.32730 35.83040 45.35390 38.58940 32.75080 37.05730 39.60360 41.42250 39.92640 39.43300 36.92070 35.51020 32.76660 32.99950 32.29040 30.51900 30.49170 30.32750 29.55210 31.47900 35.50740 35.42040 34.20010 35.62270 37.61150 41.08990 42.90080 44.01680 45.09370 44.36670 40.34840 40.56280 44.05040 42.93810 36.85260 35.21250 36.77430 35.91410 36.22870 36.44220 36.00730 35.95880 35.06430
142.94400 143.51401 138.90300 138.13400 137.22301 133.08200 132.65601 131.53200 131.53400 131.57401 131.53400 131.54201 131.50101 131.51100 131.50101 131.51500 131.59801 131.50600 131.68300 131.55901 138.35400 144.81300 150.15700 147.85300 139.19200 138.49600 144.08099 134.53999 135.28300 31.71860 42.27060 38.89080 37.49140 32.85980 34.39300 34.80690 34.32850 33.54840 32.19480 31.10450 30.84350 28.22700 29.43410 30.61210 33.25410 33.81900 35.23160 36.09780 37.07530 39.46640 41.15280 40.88660 40.83510 41.55180 44.34000 45.30120 44.65670 46.16110 44.70450 44.69660 45.61790 43.57720 42.78600 43.27540 45.05030 44.26200 41.02020 41.21690 40.91780 41.41270 39.90260
144.70500 146.69099 145.38600 141.20700 139.11600 137.32800 134.04100 132.89200 134.78600 133.17799 132.22800 131.76500 131.92900 131.78000 132.35800 132.02400 131.72099 132.13699 150.30600 151.64301 146.77800 147.21400 143.47900 145.78000 135.01199 138.53500 142.97000 143.96201 147.68401 143.11700 41.25800 41.96970 45.37560 39.50440 41.55560 41.14780 40.54730 39.96400 40.35750 40.69430 40.91930 40.30080 39.63410 40.63180 44.13930 44.30420 44.07050 43.49370 45.32030 45.03990 45.10020 43.49200 42.03850 42.60220 41.52420 42.79130 44.22710 45.16270 44.66230 45.18140 45.26900 45.85090 46.68060 47.09090 49.22750 49.55770 45.96150 44.85130 48.12470 48.44060 45.09380
143.21800 148.53900 150.19099 146.22501 140.79201 136.88200 135.28300 134.09000 132.06900 131.84700 131.99200 131.99500 132.00400 132.13400 132.18500 133.39200 134.37500 134.70500 144.62700 136.74500 131.53799 131.65500 134.11501 132.57201 130.97501 139.80901 144.30200 145.82899 146.53000 148.33299 40.23450 42.51580 47.06710 44.91200 42.75940 39.86830 37.09110 37.69240 38.51570 38.35550 42.94400 41.36710 42.24510 41.97520 43.45240 43.40920 44.51690 44.34850 45.97670 46.16340 46.64060 45.39740 45.01580 45.08780 46.07980 45.87270 46.28870 45.78260 44.24420 43.63210 44.21510 44.51520 46.33800 47.21680 48.05650 48.72750 50.74880 49.23500 49.31920 49.11180 44.48540
145.20200 145.11600 140.05099 132.99699 132.38000 132.36800 132.22400 132.44200 132.24500 132.11600 132.08400 132.09200 132.37500 132.83600 133.80099 133.17599 133.46700 133.40900 145.55200 146.06599 131.50600 131.50600 131.50101 131.50800 131.58200 143.29100 145.39600 147.45700 146.32001 146.83099 41.35240 42.82390 45.16730 44.29020 43.40530 42.20850 40.88180 39.76180 40.08400 40.45760 42.18790 41.30780 43.45110 43.55870 42.32350 42.59390 43.34800 43.96210 45.69650 45.37060 44.62060 44.07740 43.05530 43.81730 45.71160 44.55880 44.02890 44.35820 43.74250 43.40270 45.09320 44.10600 44.82830 45.83120 46.82240 46.23790 44.77360 42.69740 48.37010 52.27570 49.87580
144.36400 137.66901 135.09700 135.39900 136.74200 139.49100 142.14799 142.75900 142.86900 142.43100 132.55299 132.45599 134.34200 133.14101 135.99200 135.91701 139.53000 135.70500 145.94200 157.97301 131.50301 131.50000 131.50000 131.50200 131.50000 26.12940 30.73000 35.38320 38.08510 39.92100 40.90440 40.48260 39.93380 39.53140 41.43130 40.23930 42.66230 43.23960 44.30560 42.83880 43.11460 42.65750 41.64570 41.51630 43.91890 44.63360 45.51000 46.48480 49.75280 50.23460 48.15710 47.08010 46.68340 46.49100 45.61290 46.46990 45.09480 44.69620 42.97490 43.40730 45.11290 42.44400 44.29230 44.49600 44.41780 45.16820 42.92810 44.47350 51.15090 53.32990 52.09710
138.58299 138.41701 140.12300 137.73399 134.97099 138.12100 140.09801 139.96400 141.84700 135.18600 133.22701 133.15199 131.78400 132.14301 131.92000 131.65401 139.87500 136.39000 151.20100 164.42300 131.97701 131.50000 23.30080 23.30700 23.30130 23.30270 23.75430 24.81300 29.27510 35.69950 37.99700 37.88560 38.73730 38.80690 40.56620 39.53850 41.12960 43.74570 45.04920 44.27150 44.45690 45.11250 46.86500 46.47310 47.57700 47.26880 46.71880 45.58540 49.92550 50.52150 48.77200 47.06990 48.03260 44.90450 43.17670 43.56120 41.34480 42.59930 42.83850 46.03000 45.41850 43.54500 44.28210 45.81100 45.53710 46.17600 41.51450 43.30050 46.72810 49.48190 49.25370
135.17200 135.23300 136.06799 135.52200 135.45000 135.20399 134.02400 135.18300 140.14999 140.90700 134.63200 132.32800 132.07401 132.03799 131.90700 131.73900 131.54300 131.50301 131.51601 176.82201 201.44701 131.87000 131.74001 131.75900 21.60000 22.60000 23.30010 23.40150 23.46410 24.01460 23.87800 25.53780 27.72690 30.29390 26.23380 30.81680 36.10720 35.28440 42.12560 44.40900 45.25650 46.02780 48.86340 49.20480 51.72300 53.29040 53.60210 50.54340 51.17930 47.85780 46.76000 43.77540 45.25220 46.48730 43.78750 40.66330 41.75270 43.34430 41.46450 42.46490 45.30470 47.37970 48.13400 46.93690 46.89460 45.17800 45.54970 41.75700 44.65570 44.32410 43.79390
133.88600 134.20300 134.14200 134.71300 137.80901 137.25999 138.20799 136.69800 136.14000 135.09599 137.39301 140.22600 136.66800 136.07300 133.26199 131.66600 131.53400 131.50900 131.58000 132.01300 131.90100 143.67700 131.50101 131.95200 131.50600 131.75301 131.50101 131.50000 23.07240 133.14101 133.03500 136.03200 132.31400 133.85800 131.83900 133.46400 37.43320 39.34190 149.57600 153.75000 46.42480 47.68510 50.13220 51.34940 53.20470 53.23460 54.20110 52.41950 52.28830 51.21210 50.85300 47.20710 43.07870 49.12320 48.77540 45.39740 42.00730 42.14830 40.76430 42.04810 43.35920 46.44990 45.98950 43.90670 44.34420 45.99090 45.44200 44.11510 47.86050 44.80420 43.42700
141.24800 141.62500 142.34300 143.42000 142.35100 149.00301 151.23199 152.83000 149.69701 149.19099 148.32100 150.02000 162.29100 139.37399 136.47600 134.30800 133.21700 132.18800 136.96600 131.80701 133.76100 132.29800 132.58800 136.67799 133.45500 135.53799 144.94701 144.37601 147.92999 162.71300 162.77699 144.66000 141.67200 142.81799 144.14301 150.37801 139.07201 144.41299 160.54800 187.67799 215.62100 237.96400 96.42120 96.10760 54.47880 55.42360 55.29420 56.21470 52.18900 47.41200 48.08950 48.23430 45.24900 43.52490 45.07530 46.00290 42.41830 41.51870 41.08770 41.25190 41.66710 44.33240 45.74490 46.65400 43.96060 41.87590 43.94090 43.86340 43.88730 43.59510 42.07640
159.36400 57.23380 44.93210 37.42110 150.01801 148.25700 32.82880 36.51090 41.61810 44.08280 153.05200 43.19280 93.71760 215.58800 191.88300 146.71500 132.72301 132.40700 193.58200 196.03900 176.29700 183.41701 155.86400 171.26601 134.08900 137.49300 140.02600 155.18401 149.41000 155.36400 148.33501 133.42000 132.09100 133.68600 131.93700 134.89101 145.87601 163.72701 170.98300 193.84399 231.74800 274.47000 97.82890 98.15920 56.65950 57.15060 57.87460 57.59740 52.44650 48.88050 48.30450 47.34670 49.56520 46.88320 43.67280 44.65790 41.40420 40.70390 40.29820 40.59090 40.74350 42.49580 42.82300 41.12780 39.51580 39.58180 41.46760 42.71000 42.91700 41.17840 43.15990
68.83580 44.83090 35.36360 37.99880 36.40430 36.79820 38.83680 31.54130 30.25080 30.29280 30.74330 30.96040 39.35160 50.60680 46.88750 161.31100 152.26300 132.39900 185.12900 209.12000 231.64799 234.86200 202.73500 165.20300 131.51601 131.50101 136.48599 142.36501 139.08900 146.71800 148.36099 135.02800 132.56000 131.55000 131.52100 132.11099 144.67700 159.80701 184.43401 216.46500 218.49400 260.67401 97.78020 97.58640 56.86950 58.23700 59.34410 58.74800 54.35920 55.13030 52.49750 50.28570 50.15760 46.94690 45.01630 39.57820 39.72940 40.12680 38.41240 38.18910 37.16230 37.03150 37.23890 37.79390 36.76860 40.07970 41.81280 43.39990 42.31170 41.00540 40.93330
32.70890 28.08610 36.01540 45.20750 54.08760 50.37660 40.33950 36.01750 31.01780 27.38240 24.84990 24.75200 61.67420 89.97350 94.88220 234.99200 214.47900 169.72099 191.84100 204.66600 224.06500 309.17499 290.46399 209.48599 150.71201 133.27400 132.41299 131.54100 132.79300 140.06300 135.59200 131.68800 131.79500 131.53101 131.63200 133.49300 159.77299 172.06900 190.95000 226.89799 254.76199 268.22400 299.96201 96.11900 57.56430 58.62820 57.62190 57.58280 56.53830 56.10660 53.81270 51.48610 49.87350 50.88950 45.33220 36.82830 37.60900 38.67830 37.52600 41.24850 44.38460 47.40190 47.47990 46.75930 44.09400 42.41300 41.81910 42.03930 43.18120 41.82900 40.65450
26.12670 23.92070 27.00770 35.12970 41.39670 38.76530 45.37760 54.97070 51.12740 39.38760 35.71070 31.92220 56.83100 78.92590 85.56510 251.75700 83.83540 97.72210 277.08099 295.58899 304.51801 347.03299 320.00299 233.28300 163.99400 140.98399 147.96300 158.92300 136.83800 142.51401 133.54800 131.72800 131.70900 131.59100 132.94901 140.25301 156.38400 179.29201 201.42200 226.75800 237.21001 97.82890 98.27030 94.83140 53.75590 53.42920 54.65000 51.36320 48.85390 47.16560 46.69850 46.37740 47.03560 46.83260 45.40550 39.50700 36.52780 37.45710 35.85190 36.30540 37.21970 39.26370 39.76460 40.13480 40.81000 40.72510 41.09140 41.58470 42.97280 42.09240 41.54100
25.47270 -9999 27.15470 37.23740 56.91580 76.37930 -9999 67.46670 72.59700 67.86560 64.77750 50.49410 98.85200 96.15760 94.73010 91.90140 67.34380 96.66490 72.32670 53.57380 185.34399 173.87700 377.16501 358.61099 289.21899 258.99500 89.32920 75.37760 79.32680 179.69600 163.61400 140.30901 132.09000 133.11200 137.91800 154.04601 179.83299 194.92799 212.37100 95.05430 99.13070 97.57880 97.79340 99.27630 51.52240 50.67580 52.80630 50.41010 48.59190 49.40150 48.34160 46.69300 47.22720 45.55340 42.67890 36.04170 34.91980 35.05990 35.74230 36.01690 36.65710 36.28060 36.13210 36.20030 36.74690 37.41190 37.75410 37.82550 38.47050 39.06820 39.00590
