data/hydroclimate-scenarios/BCSD_hadcm_A1B/monthly_summaries/soilm2_monthly_day1_jul.2030-2059.asc
ncols	311
nrows	91
xllcenter	102.75
yllcenter	31.75
cellsize	0.5
NODATA_value	-9999
[rows 0 to 30 of 91, columns 70 to 139 of 311]
-9999 -9999 -9999 -9999 -9999 -9999 -9999 -9999 -9999 -9999 -9999 -9999 -9999 -9999 -9999 -9999 -9999 -9999 -9999 -9999 -9999 -9999 -9999 -9999 -9999 -9999 -9999 -9999 -9999 -9999 -9999 -9999 -9999 -9999 -9999 -9999 -9999 -9999 -9999 -9999 -9999 -9999 -9999 -9999 -9999 -9999 -9999 -9999 -9999 -9999 -9999 -9999 -9999 -9999 -9999 -9999 -9999 -9999 -9999 -9999 -9999 -9999 -9999 -9999 -9999 -9999 -9999 -9999 -9999 -9999
-9999 -9999 -9999 -9999 -9999 -9999 -9999 -9999 -9999 -9999 -9999 -9999 -9999 -9999 -9999 -9999 -9999 -9999 -9999 -9999 -9999 -9999 -9999 -9999 -9999 -9999 -9999 -9999 -9999 -9999 -9999 -9999 -9999 -9999 -9999 -9999 -9999 -9999 -9999 -9999 -9999 -9999 -9999 -9999 -9999 -9999 -9999 -9999 -9999 -9999 -9999 -9999 -9999 -9999 -9999 -9999 -9999 -9999 -9999 -9999 -9999 -9999 -9999 -9999 -9999 -9999 -9999 -9999 -9999 -9999
-9999 -9999 -9999 -9999 -9999 -9999 -9999 -9999 -9999 -9999 -9999 -9999 -9999 -9999 -9999 -9999 -9999 -9999 -9999 -9999 -9999 -9999 -9999 -9999 -9999 -9999 -9999 -9999 -9999 -9999 -9999 -9999 -9999 -9999 -9999 -9999 -9999 -9999 -9999 -9999 -9999 -9999 -9999 -9999 -9999 -9999 -9999 -9999 -9999 -9999 -9999 -9999 -9999 -9999 -9999 -9999 -9999 -9999 -9999 -9999 -9999 -9999 -9999 -9999 -9999 -9999 -9999 -9999 -9999 -9999
-9999 -9999 -9999 -9999 -9999 -9999 -9999 -9999 -9999 -9999 -9999 -9999 -9999 -9999 -9999 -9999 -9999 -9999 -9999 -9999 -9999 -9999 -9999 -9999 -9999 -9999 -9999 -9999 -9999 -9999 -9999 -9999 -9999 -9999 -9999 -9999 -9999 -9999 -9999 -9999 -9999 -9999 -9999 -9999 -9999 -9999 -9999 -9999 -9999 -9999 -9999 -9999 -9999 -9999 -9999 -9999 -9999 -9999 -9999 -9999 -9999 -9999 -9999 -9999 -9999 -9999 -9999 -9999 -9999 -9999
-9999 -9999 -9999 -9999 -9999 -9999 -9999 -9999 -9999 -9999 -9999 -9999 -9999 -9999 -9999 -9999 -9999 -9999 -9999 -9999 -9999 -9999 -9999 -9999 -9999 -9999 -9999 -9999 -9999 -9999 -9999 -9999 -9999 -9999 -9999 -9999 -9999 -9999 -9999 -9999 -9999 -9999 -9999 -9999 -9999 -9999 -9999 -9999 -9999 -9999 -9999 -9999 -9999 -9999 -9999 -9999 -9999 -9999 -9999 -9999 -9999 -9999 -9999 -9999 -9999 -9999 -9999 -9999 -9999 -9999
-9999 -9999 -9999 -9999 -9999 -9999 -9999 -9999 -9999 -9999 -9999 -9999 -9999 -9999 -9999 -9999 -9999 -9999 -9999 -9999 -9999 -9999 -9999 -9999 -9999 -9999 -9999 -9999 -9999 -9999 -9999 -9999 -9999 -9999 -9999 -9999 -9999 -9999 -9999 -9999 -9999 -9999 -9999 -9999 -9999 -9999 -9999 -9999 -9999 -9999 -9999 -9999 -9999 -9999 -9999 -9999 -9999 -9999 -9999 -9999 -9999 -9999 -9999 -9999 -9999 -9999 -9999 -9999 -9999 -9999
-9999 -9999 -9999 -9999 -9999 -9999 -9999 -9999 -9999 -9999 -9999 -9999 -9999 -9999 -9999 -9999 -9999 -9999 -9999 -9999 -9999 -9999 -9999 -9999 -9999 -9999 -9999 -9999 -9999 -9999 -9999 -9999 -9999 -9999 -9999 -9999 -9999 -9999 -9999 -9999 -9999 -9999 -9999 -9999 -9999 -9999 -9999 -9999 -9999 -9999 -9999 -9999 -9999 -9999 -9999 -9999 -9999 -9999 -9999 -9999 -9999 -9999 -9999 -9999 -9999 -9999 -9999 -9999 -9999 -9999
-9999 -9999 -9999 -9999 -9999 -9999 -9999 -9999 -9999 -9999 -9999 -9999 -9999 -9999 -9999 -9999 -9999 -9999 -9999 -9999 -9999 -9999 -9999 -9999 -9999 -9999 -9999 -9999 -9999 -9999 -9999 -9999 -9999 -9999 -9999 -9999 -9999 -9999 -9999 -9999 -9999 -9999 -9999 -9999 -9999 -9999 -9999 -9999 -9999 -9999 -9999 -9999 -9999 -9999 -9999 -9999 -9999 -9999 -9999 -9999 -9999 -9999 -9999 -9999 -9999 -9999 -9999 -9999 -9999 -9999
-9999 -9999 -9999 -9999 -9999 -9999 -9999 99.74840 -9999 -9999 -9999 -9999 -9999 -9999 -9999 -9999 -9999 -9999 -9999 -9999 -9999 -9999 -9999 -9999 -9999 -9999 -9999 -9999 -9999 -9999 -9999 -9999 -9999 -9999 -9999 -9999 -9999 -9999 -9999 -9999 -9999 -9999 -9999 -9999 -9999 -9999 -9999 -9999 -9999 -9999 -9999 -9999 -9999 -9999 -9999 -9999 -9999 -9999 -9999 -9999 -9999 -9999 -9999 -9999 -9999 -9999 -9999 -9999 -9999 -9999
-9999 -9999 -9999 113.67400 90.67240 94.01860 97.40230 98.77340 101.89800 104.15600 107.85100 111.24800 113.41500 115.86000 115.45200 120.22300 125.07700 123.97400 124.41300 123.77700 122.96200 118.55500 113.78200 -9999 -9999 -9999 -9999 -9999 -9999 -9999 -9999 -9999 -9999 -9999 -9999 -9999 -9999 -9999 -9999 -9999 -9999 -9999 -9999 -9999 -9999 -9999 -9999 -9999 -9999 -9999 -9999 -9999 -9999 -9999 -9999 -9999 -9999 -9999 -9999 -9999 -9999 -9999 -9999 -9999 -9999 -9999 -9999 -9999 -9999 -9999
-9999 -9999 -9999 -9999 -9999 101.02700 104.50700 108.47000 109.98500 113.58100 115.89200 117.70300 120.03900 122.39300 123.33800 124.86000 125.92800 126.27400 127.22000 127.60700 128.21201 128.52499 126.60300 -9999 -9999 -9999 -9999 -9999 -9999 -9999 -9999 -9999 -9999 -9999 -9999 -9999 -9999 -9999 -9999 -9999 -9999 -9999 -9999 -9999 -9999 -9999 -9999 -9999 -9999 -9999 -9999 -9999 -9999 -9999 -9999 -9999 -9999 -9999 -9999 -9999 -9999 -9999 -9999 -9999 -9999 -9999 -9999 -9999 -9999 -9999
90.16030 89.20200 89.08720 92.03580 93.71810 98.77570 100.09700 98.64550 104.34600 107.77000 109.55400 114.25300 116.55200 118.94400 120.60600 123.09900 124.10500 124.42700 125.52500 125.10500 128.49800 132.75600 134.37399 132.92300 132.20500 127.48300 126.07700 124.08800 123.00300 -9999 -9999 -9999 -9999 -9999 -9999 -9999 -9999 -9999 -9999 -9999 -9999 -9999 -9999 -9999 -9999 -9999 -9999 -9999 -9999 -9999 -9999 -9999 -9999 -9999 -9999 -9999 -9999 -9999 -9999 -9999 -9999 -9999 -9999 -9999 -9999 -9999 -9999 -9999 -9999 -9999
92.16310 90.43030 90.69610 93.51800 92.87810 93.84150 97.49320 98.23170 98.29170 99.30880 101.02100 108.61300 109.78900 113.42300 116.24900 120.33700 121.98800 117.79600 111.47900 128.66100 134.22000 128.89400 124.90400 125.47400 127.65500 125.36600 123.96900 123.35100 121.97500 120.72400 118.48600 115.42900 114.46700 114.12800 113.46200 110.50800 108.85100 104.53100 103.87200 101.72700 100.56800 99.75340 99.49070 99.44350 -9999 -9999 -9999 -9999 -9999 -9999 -9999 -9999 -9999 -9999 -9999 -9999 -9999 -9999 -9999 -9999 -9999 -9999 -9999 -9999 -9999 -9999 -9999 -9999 -9999 -9999
68.49320 68.20620 69.80720 69.82540 88.22730 94.94580 97.90470 95.18290 95.33920 97.60590 96.63710 98.39070 99.69910 101.38900 103.72500 107.82800 110.65700 108.92300 108.57800 114.38300 123.28600 121.79200 120.50100 115.78200 108.07700 111.76700 112.37300 110.21100 109.01300 115.16100 120.53800 115.96100 116.22600 109.58500 108.36700 107.36500 105.29000 105.43800 104.20900 101.27800 100.29000 102.52100 101.71900 101.14700 121.89200 -9999 -9999 -9999 -9999 -9999 -9999 -9999 -9999 -9999 -9999 -9999 -9999 -9999 -9999 -9999 -9999 -9999 -9999 -9999 -9999 -9999 -9999 -9999 -9999 -9999
98.89730 103.15300 98.88460 93.36180 102.66700 101.15200 102.87900 105.10300 105.09300 107.12400 106.12000 112.68900 113.10500 111.18700 110.92600 108.57000 112.06900 114.55300 116.71500 117.50500 126.50200 121.47000 121.02700 120.62100 119.95300 119.30500 120.46800 115.75100 112.85600 113.97200 113.34800 110.53700 108.50300 110.32300 110.15900 106.49200 106.70000 105.56900 104.42100 105.03900 107.32100 105.63400 106.10200 109.67000 109.32300 -9999 -9999 -9999 -9999 -9999 -9999 -9999 -9999 -9999 -9999 -9999 -9999 -9999 -9999 -9999 106.95200 108.01800 -9999 -9999 -9999 -9999 125.47100 132.98700 138.04601 123.60100
99.19910 97.09700 98.83460 100.60400 99.87610 99.57950 98.67750 102.26700 103.22300 108.57200 108.52100 106.56700 109.26900 108.23200 112.64500 113.55300 112.30900 114.28400 114.42300 123.03800 114.65000 117.88400 116.50900 117.23900 113.88200 112.54300 109.83600 113.71700 113.94200 110.29500 111.34300 110.56400 108.83200 106.79100 106.06700 105.26500 104.30900 101.29600 99.71210 100.83000 115.85200 118.05600 120.85100 121.86400 121.24000 121.84000 121.63700 122.35500 107.79700 111.06200 110.85600 104.83600 107.90900 115.71300 117.77900 111.25600 100.04900 91.28600 91.63520 105.28600 108.03000 102.60100 -9999 -9999 -9999 -9999 -9999 131.44501 130.87399 127.89000
105.39500 107.47800 80.05440 101.17400 107.53400 86.32260 97.12400 99.37840 101.91200 100.91900 99.87600 100.26000 102.70400 102.67300 103.03600 107.09000 117.60300 109.97200 110.33700 111.21900 110.03100 110.80000 111.04900 110.46300 110.11900 110.10200 109.79200 108.71400 109.47300 108.69600 109.55700 109.90800 107.97900 107.84600 107.99600 107.98000 108.57700 106.70000 106.97200 117.07000 119.63300 107.54400 119.37300 108.71100 108.55300 109.64700 107.97200 108.41000 107.29400 112.05000 117.36300 114.64500 110.20300 114.54100 121.56100 124.93500 117.21700 117.58600 115.95200 112.29800 103.94100 104.94800 107.44400 110.27100 116.47400 120.47700 126.00300 127.31800 128.77200 125.59600
96.22880 103.24600 109.29300 94.74920 112.56800 111.34500 105.60800 102.78800 103.43800 95.04230 95.87460 94.83160 100.26300 101.77800 114.98500 105.25600 109.49500 106.42600 107.76500 109.32400 105.54800 112.07600 108.93600 107.45600 107.08800 108.99000 107.32400 106.69100 106.98400 107.63200 108.93400 109.33300 110.01400 109.67600 108.19400 108.18600 108.03600 119.41600 105.57500 103.92500 108.71400 106.59300 106.00900 105.84800 109.11400 107.82300 107.23700 105.89000 104.66300 106.41000 106.09400 109.02900 104.00700 109.24700 110.14100 115.54800 124.37900 125.07300 128.39301 132.53400 128.65401 114.62500 116.58400 111.75900 105.62600 109.44900 110.30400 120.26000 122.01100 119.25700
104.74900 114.14700 115.59200 102.75100 72.30750 95.19500 89.77140 87.74930 98.43070 98.17450 93.35910 91.49720 95.14300 97.47520 98.61750 100.02000 102.24300 104.08900 104.60800 106.96900 114.86400 114.12400 108.59800 107.45400 106.42100 105.56800 105.99100 104.91700 105.19200 107.12600 106.29100 106.57100 117.81400 105.29900 104.85000 106.19300 105.45700 103.36400 105.49000 107.76500 112.16800 103.71300 102.21900 110.02500 116.07000 118.57200 110.74400 107.72500 103.23200 104.37000 106.07800 109.94300 115.14300 114.81700 113.76800 102.07500 101.04900 102.94100 115.10300 119.31400 135.45700 130.42500 125.85200 125.60900 118.09300 114.80000 112.21800 112.03300 112.58100 113.86000
87.77460 110.00900 117.35700 111.65800 102.08000 84.46680 90.10840 86.57190 96.40590 99.44560 93.33850 114.09700 105.84700 97.61120 98.06030 96.34900 94.80550 98.71090 101.18700 105.55400 108.81100 111.86300 107.08200 107.35000 108.19600 103.40400 103.94000 103.45900 100.93100 106.37500 114.84200 103.44700 101.51700 99.71420 103.21900 100.90500 102.65000 102.32200 104.37800 102.78000 110.15300 114.53700 111.88300 110.13900 109.02800 118.19400 114.65400 109.00900 113.20100 104.05200 108.89000 115.46400 113.36800 114.17500 111.03900 118.32800 120.00000 119.81200 122.29100 119.99100 121.56600 121.65500 115.20200 114.74300 122.50900 126.86700 117.58900 122.96800 116.06500 114.83900
93.51370 101.54000 103.69400 103.70800 109.52300 112.94900 87.47590 74.91830 66.19520 89.75760 87.62140 101.29500 116.83000 126.31300 125.74000 111.02700 104.90200 100.86400 95.68820 99.01180 96.61670 101.00400 101.30100 101.49200 101.33300 100.72200 103.80900 102.73100 102.21100 101.99100 104.05900 103.12900 107.69300 107.66600 102.31600 99.56310 103.81100 101.72500 106.39000 105.67400 101.10400 118.39700 120.55500 117.32400 113.93800 108.50600 105.93000 109.32600 104.89700 99.59810 102.49100 106.32200 110.74200 111.29200 118.50300 120.27600 127.60800 119.98100 122.17600 117.02300 122.78400 123.20400 122.26800 114.56400 121.45200 124.69300 116.57700 115.83800 117.29300 115.19000
118.23000 126.51900 120.26800 125.60900 117.91100 118.96500 115.04400 104.57400 102.66900 97.69810 92.34560 86.32300 88.92530 100.23400 107.30200 125.97400 121.96200 122.86600 117.46100 103.60800 93.98350 99.12700 100.13300 99.78740 101.22200 101.28300 104.58400 104.19500 101.02900 108.72900 111.36800 111.14600 119.00400 106.79700 117.31800 107.91400 108.49100 110.76900 113.05400 97.91560 105.44400 109.89400 111.78900 115.46000 106.73600 107.64500 109.64400 111.30900 114.90300 108.93000 106.30400 111.20700 115.12800 115.92600 112.52000 117.44000 119.34700 118.73500 120.62200 122.76800 142.20100 129.53600 131.59700 125.43000 122.71900 120.63900 111.79900 123.31700 121.86300 123.99100
102.30700 109.02100 125.79500 133.13699 129.56400 133.44099 120.43000 112.66400 101.42900 106.16200 99.94410 101.24500 108.78600 100.65000 85.67560 101.38100 91.86400 99.54610 116.86600 124.09700 111.42500 104.02800 105.98500 101.82200 104.92800 101.52000 103.39800 103.23200 103.66200 110.36400 111.35500 116.53100 117.00800 116.64500 108.01700 115.54400 116.75700 114.19900 105.92900 107.58000 105.68300 107.27900 113.74000 114.86000 104.60700 119.76400 123.06400 121.72800 124.83400 117.43700 117.62300 121.48800 122.08400 124.15900 134.87000 120.56600 125.87700 123.61200 129.17400 126.88800 134.35800 137.32500 134.48500 121.81200 110.52400 122.61200 124.97000 120.20700 122.90500 126.61400
107.21100 113.26500 110.78400 107.27900 118.50000 127.02800 130.66901 129.73500 125.79200 121.80700 110.46200 102.51000 116.90400 115.77400 112.01400 132.28600 123.83700 122.59300 88.43440 110.65300 133.64999 120.89800 122.39300 117.33000 102.84300 100.90700 96.73130 100.42600 100.01000 106.66700 108.18400 108.91500 109.27200 109.58800 109.12300 110.32900 115.19000 117.05400 111.35400 111.07100 110.90600 111.80000 112.44900 113.89500 101.33400 93.07750 107.72600 121.74800 128.62601 131.89101 124.92600 122.00800 117.83000 126.49700 120.61700 130.97600 141.79401 128.28200 140.10001 119.15700 122.14100 132.49800 129.77100 126.04900 127.54100 120.92600 125.89700 124.18800 117.01300 115.82200
109.59900 114.18400 109.46900 106.59100 102.64600 108.40200 111.57700 118.33000 119.73900 112.92300 113.96100 111.23500 108.55200 97.64310 104.59200 125.09700 129.82201 124.55400 123.01800 107.01500 110.31400 118.06300 118.95300 114.84400 114.16900 100.38300 94.34280 100.06900 105.57800 110.48800 113.61300 114.03500 111.60800 102.02100 105.32800 111.51000 106.95100 104.88300 106.30800 113.10300 117.41100 111.05200 111.30600 125.16000 107.14700 105.77400 113.63100 125.20800 129.53700 131.44501 122.29200 122.60900 122.78600 138.08099 139.51199 134.88499 129.83400 128.17500 122.45000 134.48399 137.09900 130.04401 120.02900 124.52600 122.31700 118.29600 124.21900 117.80700 117.68900 126.09000
112.63100 123.23800 120.61200 111.37500 110.23000 112.72700 105.24500 111.37200 107.98500 103.89600 98.95370 104.26200 114.48000 109.41200 102.09900 114.15500 126.24300 122.00000 117.09200 123.67500 121.14000 121.62300 109.69600 108.04100 106.93500 105.61200 118.35600 102.99400 98.82080 108.81800 115.10500 112.17900 114.29800 107.22500 112.30200 109.99900 116.52000 118.76500 111.45700 105.86500 127.87700 113.96300 113.27700 114.79400 119.61100 121.97200 111.93500 105.17400 108.66300 109.29000 111.17100 123.91600 123.92400 119.55400 114.06100 113.50900 121.36400 125.13300 125.31100 127.53200 136.74200 134.53500 135.80600 133.12801 131.14101 126.46300 122.55700 122.56800 125.79100 119.61700
110.09700 118.13200 126.86400 120.40600 115.03000 112.16400 117.49000 111.44500 111.14000 103.67600 108.71600 103.89500 105.21600 115.19800 112.69700 118.70700 118.38800 126.53700 116.22100 123.26900 122.06300 121.19400 111.80200 121.45700 107.14300 110.52700 117.39100 108.32400 105.71100 106.45700 108.77800 109.06900 99.74640 108.52900 120.05400 111.52800 106.37100 123.37800 124.64800 104.68400 108.37100 116.18300 117.65700 114.16800 111.09900 109.26300 108.04900 115.27800 108.33200 110.79000 132.85899 113.74500 129.27600 132.34700 132.60400 134.47600 130.72600 123.95100 125.70100 131.76801 125.44300 126.72000 126.61000 129.92300 128.98801 131.19600 106.80600 126.86600 107.44700 114.76900
120.33500 116.26000 114.45300 120.47400 118.94400 120.16100 108.93700 99.64710 100.96800 107.59000 104.49800 96.51190 104.05600 117.62300 120.20200 119.84500 118.62800 118.44300 126.61000 119.50100 117.53100 134.65500 117.56800 116.95500 109.52300 104.46300 112.77200 123.75300 112.11200 111.71300 109.04900 113.13700 106.72300 113.27400 120.69100 116.55900 107.44500 125.00600 114.21100 116.54200 109.53100 111.62500 112.82900 110.56500 119.83700 119.46000 125.73900 125.42900 128.76100 131.97000 132.24400 133.62199 133.86200 130.80499 125.78600 129.75600 129.48199 137.12900 132.57700 127.93600 122.98900 127.03700 130.00400 124.94500 117.44700 131.19501 119.02000 120.29500 119.50600 121.22600
107.71400 121.67800 114.44900 123.78900 119.88300 118.55700 126.94200 113.88300 106.12400 104.95800 118.72400 101.45200 107.73300 110.21300 116.08300 119.38300 120.82700 114.91400 106.92400 113.90800 127.55800 121.28600 120.90700 117.98500 109.71300 110.13100 103.32600 115.70500 108.24300 101.60500 108.85500 101.01100 111.67900 117.12700 116.99500 115.87700 105.84900 112.16300 120.96300 124.15500 136.02699 117.32300 114.93800 122.03900 118.34100 126.71600 122.23300 111.91700 98.92960 104.68900 110.18600 117.54300 121.08700 103.99500 125.01100 138.10899 140.49800 133.37100 129.17300 123.55600 126.53500 128.50800 119.95500 114.89600 124.21500 141.26500 137.55099 140.15300 141.91701 131.76700
107.37800 111.38600 114.19400 120.65900 123.25100 129.62700 129.53999 136.15900 116.81800 118.99200 123.31200 122.22500 115.32200 114.67400 115.01300 121.03200 132.33400 128.42500 116.70400 117.87000 125.95100 110.03700 120.32300 130.80200 125.20900 109.49200 100.13900 120.70900 115.24700 104.04200 110.64000 110.04800 100.18800 118.11600 118.92100 113.80200 113.97200 119.17200 132.86301 140.95700 142.00301 137.16901 122.73900 129.21899 125.09200 116.19300 113.73800 97.70510 99.65230 114.75300 111.29000 -9999 -9999 103.71100 116.36000 125.21100 133.79300 128.57700 128.23700 108.66400 112.34600 115.17900 123.75900 131.91701 139.74200 150.95500 159.12100 160.33600 168.11700 146.56700
117.67500 123.49500 118.51600 121.23500 131.35500 124.90500 136.96700 141.80200 132.11600 127.56800 140.86900 137.50900 131.43300 125.45900 121.33300 127.26300 133.33200 122.32500 116.91000 110.25300 116.41500 109.80200 117.48900 112.83800 125.71200 120.25000 114.18200 122.27200 112.31400 99.00080 114.82300 117.69200 102.42600 107.92100 114.87900 118.05900 129.52699 139.27400 133.42400 128.89900 -9999 -9999 -9999 -9999 119.67800 -9999 105.61700 120.05100 123.73700 127.12400 109.39800 -9999 -9999 115.04700 126.31800 126.49400 119.85000 105.15900 108.61000 112.88500 117.42900 118.35800 122.85600 128.28200 131.78101 140.20100 178.39000 173.13200 168.13400 143.46001
