data/hydroclimate-scenarios/BCSD_hadcm_A1B/monthly_summaries/swe_monthly_day1_jan.2070-2099.asc
ncols	311
nrows	91
xllcenter	102.75
yllcenter	31.75
cellsize	0.5
NODATA_value	-9999
[rows 0 to 31 of 91, columns 213 to 283 of 311]
-9999 -9999 -9999 -9999 -9999 -9999 -9999 -9999 -9999 -9999 -9999 -9999 -9999 -9999 -9999 -9999 -9999 -9999 -9999 -9999 -9999 -9999 -9999 -9999 -9999 -9999 -9999 -9999 -9999 -9999 -9999 -9999 -9999 -9999 -9999 -9999 -9999 -9999 -9999 -9999 -9999 -9999 -9999 -9999 -9999 -9999 -9999 -9999 -9999 -9999 -9999 -9999 -9999 -9999 -9999 -9999 -9999 -9999 -9999 -9999 -9999 -9999 -9999 -9999 -9999 -9999 -9999 -9999 -9999 -9999 -9999
-9999 -9999 -9999 -9999 -9999 -9999 -9999 -9999 -9999 -9999 -9999 -9999 -9999 -9999 -9999 -9999 -9999 -9999 -9999 -9999 -9999 -9999 -9999 -9999 -9999 -9999 -9999 -9999 -9999 -9999 -9999 -9999 -9999 -9999 -9999 -9999 -9999 -9999 -9999 -9999 -9999 -9999 -9999 -9999 -9999 -9999 -9999 -9999 -9999 -9999 -9999 -9999 -9999 -9999 -9999 -9999 -9999 -9999 -9999 -9999 -9999 -9999 -9999 -9999 -9999 -9999 -9999 -9999 -9999 -9999 -9999
-9999 -9999 -9999 -9999 -9999 -9999 -9999 -9999 -9999 -9999 -9999 -9999 -9999 -9999 -9999 -9999 -9999 -9999 -9999 -9999 -9999 -9999 -9999 -9999 -9999 -9999 -9999 -9999 -9999 -9999 -9999 -9999 -9999 -9999 -9999 -9999 -9999 -9999 -9999 -9999 -9999 -9999 -9999 -9999 -9999 -9999 -9999 -9999 -9999 -9999 -9999 -9999 -9999 -9999 -9999 -9999 -9999 -9999 -9999 -9999 -9999 -9999 -9999 -9999 -9999 -9999 -9999 -9999 -9999 -9999 -9999
-9999 -9999 -9999 -9999 -9999 -9999 -9999 -9999 -9999 -9999 -9999 -9999 -9999 -9999 -9999 -9999 -9999 -9999 -9999 -9999 -9999 -9999 -9999 -9999 -9999 -9999 -9999 -9999 -9999 -9999 -9999 -9999 -9999 -9999 -9999 -9999 -9999 -9999 -9999 -9999 -9999 -9999 -9999 -9999 -9999 -9999 -9999 -9999 -9999 -9999 -9999 -9999 -9999 -9999 -9999 -9999 -9999 -9999 -9999 -9999 -9999 -9999 -9999 -9999 -9999 -9999 -9999 -9999 -9999 -9999 -9999
-9999 -9999 -9999 -9999 -9999 -9999 -9999 -9999 -9999 -9999 -9999 -9999 -9999 -9999 -9999 -9999 -9999 -9999 -9999 -9999 -9999 -9999 -9999 -9999 -9999 -9999 -9999 -9999 -9999 -9999 -9999 -9999 -9999 -9999 -9999 -9999 -9999 -9999 -9999 -9999 -9999 -9999 -9999 -9999 -9999 -9999 -9999 -9999 -9999 -9999 -9999 -9999 -9999 -9999 -9999 -9999 -9999 -9999 -9999 -9999 -9999 -9999 -9999 -9999 -9999 -9999 -9999 -9999 -9999 -9999 -9999
-9999 -9999 -9999 -9999 -9999 -9999 -9999 -9999 -9999 -9999 -9999 -9999 -9999 -9999 -9999 -9999 -9999 -9999 -9999 -9999 -9999 -9999 -9999 -9999 -9999 -9999 -9999 -9999 -9999 -9999 -9999 -9999 -9999 -9999 -9999 -9999 -9999 -9999 -9999 -9999 -9999 -9999 -9999 -9999 -9999 -9999 -9999 -9999 -9999 -9999 -9999 -9999 -9999 -9999 -9999 -9999 -9999 -9999 -9999 -9999 -9999 -9999 -9999 -9999 -9999 -9999 -9999 -9999 -9999 -9999 -9999
-9999 -9999 -9999 -9999 -9999 -9999 -9999 -9999 -9999 -9999 -9999 -9999 -9999 -9999 -9999 -9999 -9999 -9999 -9999 -9999 -9999 -9999 -9999 -9999 -9999 -9999 -9999 -9999 -9999 -9999 -9999 -9999 -9999 -9999 -9999 -9999 -9999 -9999 -9999 -9999 -9999 -9999 -9999 -9999 -9999 -9999 -9999 -9999 -9999 -9999 -9999 -9999 -9999 -9999 -9999 -9999 -9999 -9999 -9999 -9999 -9999 -9999 -9999 -9999 -9999 -9999 -9999 -9999 -9999 -9999 -9999
-9999 -9999 -9999 -9999 -9999 -9999 -9999 -9999 -9999 -9999 -9999 -9999 -9999 -9999 -9999 -9999 -9999 -9999 -9999 -9999 -9999 -9999 -9999 -9999 -9999 -9999 -9999 -9999 -9999 -9999 -9999 -9999 -9999 -9999 -9999 -9999 -9999 -9999 -9999 -9999 -9999 -9999 -9999 -9999 -9999 -9999 -9999 -9999 -9999 -9999 -9999 -9999 -9999 -9999 -9999 -9999 -9999 -9999 -9999 -9999 -9999 -9999 -9999 -9999 -9999 -9999 -9999 -9999 -9999 -9999 -9999
-9999 -9999 -9999 -9999 -9999 -9999 -9999 -9999 -9999 -9999 -9999 -9999 -9999 -9999 -9999 -9999 -9999 -9999 -9999 -9999 -9999 -9999 -9999 -9999 -9999 -9999 -9999 -9999 -9999 -9999 -9999 -9999 -9999 -9999 -9999 -9999 -9999 -9999 -9999 -9999 -9999 -9999 -9999 -9999 -9999 -9999 -9999 -9999 -9999 -9999 -9999 -9999 -9999 -9999 -9999 -9999 -9999 -9999 -9999 -9999 -9999 -9999 -9999 -9999 -9999 -9999 -9999 -9999 -9999 -9999 -9999
-9999 -9999 -9999 -9999 -9999 -9999 -9999 -9999 -9999 -9999 -9999 -9999 -9999 -9999 -9999 -9999 -9999 -9999 -9999 -9999 -9999 -9999 -9999 -9999 -9999 -9999 -9999 -9999 -9999 -9999 -9999 -9999 -9999 -9999 -9999 -9999 -9999 -9999 -9999 -9999 -9999 -9999 -9999 -9999 -9999 -9999 -9999 -9999 -9999 -9999 -9999 -9999 -9999 -9999 -9999 -9999 -9999 -9999 -9999 -9999 -9999 -9999 -9999 -9999 -9999 -9999 -9999 -9999 -9999 -9999 -9999
-9999 -9999 -9999 -9999 -9999 -9999 -9999 -9999 -9999 -9999 -9999 -9999 -9999 -9999 -9999 -9999 -9999 -9999 -9999 -9999 -9999 -9999 -9999 -9999 -9999 -9999 -9999 -9999 -9999 -9999 -9999 -9999 -9999 -9999 -9999 -9999 -9999 -9999 -9999 -9999 -9999 -9999 -9999 -9999 -9999 -9999 -9999 -9999 -9999 -9999 -9999 -9999 -9999 -9999 -9999 -9999 -9999 -9999 -9999 -9999 -9999 -9999 -9999 -9999 -9999 -9999 -9999 -9999 -9999 -9999 -9999
-9999 -9999 -9999 -9999 -9999 -9999 -9999 -9999 -9999 -9999 -9999 -9999 -9999 -9999 -9999 -9999 -9999 -9999 -9999 -9999 -9999 -9999 -9999 -9999 -9999 -9999 -9999 -9999 -9999 -9999 -9999 -9999 -9999 -9999 -9999 -9999 -9999 -9999 -9999 -9999 -9999 -9999 -9999 -9999 -9999 -9999 -9999 -9999 -9999 -9999 -9999 -9999 -9999 -9999 -9999 -9999 -9999 -9999 -9999 -9999 -9999 -9999 -9999 -9999 -9999 -9999 -9999 -9999 -9999 -9999 -9999
-9999 -9999 -9999 -9999 -9999 -9999 -9999 -9999 -9999 -9999 -9999 -9999 -9999 -9999 -9999 -9999 -9999 -9999 -9999 -9999 -9999 -9999 -9999 -9999 -9999 -9999 -9999 -9999 -9999 -9999 -9999 -9999 -9999 -9999 -9999 -9999 -9999 -9999 -9999 -9999 -9999 -9999 -9999 -9999 -9999 -9999 -9999 -9999 -9999 -9999 -9999 -9999 -9999 -9999 -9999 -9999 -9999 -9999 -9999 -9999 -9999 -9999 -9999 -9999 -9999 -9999 -9999 -9999 -9999 -9999 -9999
68.62680 69.36350 69.09980 67.83760 70.45610 67.70570 -9999 -9999 -9999 -9999 -9999 -9999 -9999 -9999 -9999 -9999 -9999 -9999 -9999 -9999 -9999 -9999 -9999 -9999 -9999 -9999 -9999 -9999 -9999 -9999 -9999 -9999 -9999 -9999 -9999 -9999 -9999 -9999 -9999 -9999 -9999 -9999 -9999 -9999 -9999 -9999 -9999 46.12200 -9999 -9999 -9999 -9999 -9999 -9999 -9999 -9999 -9999 -9999 -9999 -9999 -9999 -9999 -9999 -9999 -9999 -9999 -9999 -9999 -9999 -9999 -9999
84.20160 81.52850 78.55960 76.75840 77.50030 76.53040 64.51330 56.71360 39.66720 39.80510 15.70750 17.77640 16.68220 84.26160 82.89440 80.98850 74.80630 62.56750 353.90601 -9999 -9999 -9999 -9999 -9999 -9999 -9999 -9999 -9999 -9999 -9999 -9999 -9999 -9999 -9999 -9999 -9999 -9999 -9999 -9999 -9999 -9999 -9999 10.51020 27.58220 18.05190 1.72375 0.30220 13.97650 58.42280 -9999 -9999 -9999 51.13750 -9999 -9999 -9999 51.60800 64.11630 62.45810 -9999 -9999 -9999 -9999 -9999 -9999 -9999 -9999 -9999 -9999 -9999 -9999
90.38670 85.37000 83.07300 83.45260 83.05570 84.12790 22.08970 0.00000 0.00000 0.00000 0.00000 0.00000 0.00000 0.00000 0.00000 0.00000 0.00000 0.00000 0.00000 0.00000 0.72805 2.81416 45.07650 102.29100 68.32520 -9999 -9999 -9999 -9999 -9999 75.88080 74.22020 77.24050 81.63800 84.29110 77.20970 67.31450 68.34420 67.94300 68.52640 65.55840 64.32390 1.24698 3.91664 0.75605 1.71448 0.34003 1.36101 67.76050 67.05790 70.18090 64.41300 60.76100 70.99300 67.07830 64.30010 72.07580 67.90610 38.68020 44.36260 61.60750 66.86660 73.72280 72.12950 -9999 -9999 -9999 -9999 -9999 -9999 -9999
94.26790 93.94000 94.15240 32.63130 35.33260 33.67170 0.00000 0.00000 0.00000 0.00000 0.00000 0.00000 0.00000 0.00000 0.00000 0.00000 0.00000 0.00000 0.00000 0.46205 1.84235 2.17493 73.96460 9.27217 45.05220 63.26000 81.12370 98.12790 105.35000 97.79190 89.32560 85.32820 83.48530 95.03260 103.43500 93.47980 81.51570 83.62390 91.40500 85.59280 80.72040 80.01210 76.17910 77.69010 78.41210 75.59570 67.10210 66.75740 67.17480 63.91600 67.70850 64.97280 68.35080 71.71270 75.56390 88.76930 94.05430 93.34610 101.43400 103.15100 93.28850 105.76700 97.91660 86.72040 79.57640 72.52840 73.26080 73.33920 68.20660 72.12620 69.67690
55.33290 12.53030 77.29130 0.00000 0.00000 0.00000 0.00000 0.00000 0.00000 0.00000 0.00000 0.00000 0.00000 0.00000 0.00000 0.00000 0.00000 0.85823 18.71720 27.25870 25.67260 60.34610 184.58501 191.95799 73.29400 76.29350 65.05360 80.53050 100.79800 112.91000 122.71500 92.83970 90.23470 104.30400 129.98100 132.32300 126.91100 119.98600 117.00800 110.67400 93.79440 96.15940 89.52940 83.98890 85.00490 82.67050 71.19410 73.72580 75.21770 71.32050 71.44640 75.33600 78.00650 83.85320 90.75370 98.62040 110.13600 103.55700 102.79600 107.04700 111.09000 124.03000 101.23000 104.38900 92.96550 93.42300 89.71370 97.30490 106.93400 112.88500 110.57300
84.61680 86.12770 39.78870 44.20850 43.48060 33.51200 34.64890 29.13150 28.17830 25.59690 26.31820 24.40120 16.15620 13.74840 0.00042 15.96180 42.58880 16.09270 18.80180 17.12780 69.39630 139.16600 193.25900 210.65601 99.82260 89.93130 99.55830 51.53510 46.52680 71.60040 163.02600 134.13499 118.67600 115.30900 124.58800 128.90601 134.31900 120.12400 106.34500 98.31790 88.45960 81.88500 85.36900 88.45650 91.97950 91.38990 91.50290 91.11680 90.57300 88.33600 91.15670 83.74380 86.25080 90.04790 98.07900 97.96350 96.23070 106.89900 115.52100 120.50700 120.32800 121.63700 99.46820 108.49800 110.73500 122.32300 127.99700 124.12200 116.00100 119.33400 117.82200
130.07700 151.07300 103.29700 80.60420 72.00050 66.39850 55.04920 27.67710 74.06710 69.62240 64.38770 62.05740 62.36110 60.51730 66.79620 63.53540 62.24240 73.69950 240.76401 208.47701 131.11400 150.31300 112.32900 153.24899 71.24690 86.14410 118.10500 125.52600 139.01900 104.56800 197.68401 192.57700 151.92101 141.36900 127.92200 114.96600 111.05700 104.95100 101.92600 103.39400 91.93640 82.62150 94.87950 106.31500 106.82300 104.37000 106.42400 105.08400 99.52740 91.04800 93.64570 99.44030 97.46780 97.02440 103.35400 107.83100 119.05200 118.72600 116.87900 115.67900 109.15400 109.32600 111.59400 120.07800 125.12900 131.78400 138.11400 154.93201 154.47200 157.20700 150.48500
135.96201 208.89600 205.64600 161.49100 110.05400 86.29030 80.87060 77.33220 59.99630 57.29670 54.12430 54.85600 58.11200 60.93530 72.75490 83.17600 91.57830 92.81940 157.89301 92.17650 17.85620 18.41990 57.16810 41.15780 48.03040 83.66450 102.63300 119.56800 128.73000 131.55099 137.31799 168.95700 164.07300 150.40601 131.65300 113.43200 113.43900 117.33800 110.49500 106.00100 100.07500 87.65420 99.75280 96.59890 98.45710 96.71140 94.86480 101.86800 103.27600 101.46000 102.28300 100.03900 109.42600 111.61600 114.13900 114.95600 130.01300 119.80100 117.29700 113.57400 105.95400 104.43700 106.70200 112.63100 114.49600 123.30700 130.65401 143.38499 149.73700 152.03999 152.20399
190.05000 180.52299 136.65300 77.24090 60.03430 63.45260 65.17260 69.06890 62.72310 62.60330 60.79690 63.84440 70.99740 79.92070 85.44350 84.62430 89.19530 88.08390 221.87801 167.26199 8.44779 0.00000 0.00000 6.47807 41.44040 97.03520 129.21600 134.10500 116.64400 127.61500 117.78200 162.42799 177.07700 158.99400 138.06799 126.95500 125.97200 119.43600 111.93700 108.58400 102.20600 91.02610 97.77500 93.11000 92.11470 97.84640 102.40000 101.75400 106.91400 106.60300 111.23500 111.59200 111.24900 108.78800 107.15300 105.03900 110.45500 119.37300 114.51000 118.21700 106.17800 106.34600 105.10500 110.08000 104.81500 98.32990 102.81500 113.50800 131.22900 149.82300 156.50301
190.77600 121.88000 96.99290 97.01850 89.35720 105.92500 162.26601 141.74500 113.41700 128.87900 73.97020 55.43950 88.27230 88.51220 106.22000 104.98700 97.21720 83.00220 114.46100 135.96300 8.94679 0.11730 0.09740 7.31793 10.30890 60.27400 76.53580 83.61670 109.65800 130.02299 126.59400 125.91800 133.15199 137.85201 126.67500 132.04401 135.97501 128.52299 139.23900 134.80499 140.35699 132.13499 119.96000 109.75500 102.23000 120.38700 131.58200 144.67200 149.07201 142.90199 130.03000 128.57001 116.85800 106.69000 102.55400 112.98900 108.27200 115.48400 100.84900 87.89450 92.28700 95.66340 95.38560 99.73090 106.61200 108.89600 109.30100 115.51500 136.82800 147.50400 161.85201
105.84500 104.50500 117.51800 92.05160 64.78520 86.37330 133.37700 134.20200 104.05800 48.11890 41.81940 43.48720 0.76953 37.99670 31.95630 31.16070 95.41870 99.46400 127.74800 148.46700 24.32510 0.06803 5.96811 11.08100 13.34280 20.19010 34.96260 40.20740 54.81340 81.76670 110.60100 128.33800 132.23801 109.60200 105.96800 84.31780 64.18980 83.13820 122.58100 119.02600 120.20800 145.52100 197.16299 201.12900 212.20000 206.45500 192.48399 165.12000 173.00600 162.18600 141.37900 117.62200 128.29201 118.32200 109.12600 115.82900 117.36200 108.90500 94.16410 99.97880 104.61100 91.99420 94.49290 96.90160 101.09300 106.58000 101.09400 107.77200 124.84700 133.61600 136.49001
91.01240 89.20870 84.84660 78.08050 72.82730 75.53520 75.96960 82.72660 107.08400 104.04500 39.23250 29.35440 0.40592 0.24448 0.00000 0.00014 0.00000 0.13701 0.24047 182.98599 238.42999 0.00000 0.00000 0.00000 0.00000 3.57252 0.00000 11.28740 16.63060 22.32460 14.98580 15.26600 23.17440 20.11600 14.49180 19.98730 21.37810 20.52780 43.53210 67.77940 76.27440 92.99300 157.84700 153.61200 185.14600 222.46700 249.48900 234.66901 205.69200 165.92000 139.20900 110.57400 109.56100 126.72200 125.21200 116.75500 109.17600 106.32000 96.37280 100.26000 107.83200 116.40600 115.78200 112.89400 108.06000 99.39960 96.96140 108.06600 111.20500 117.44600 114.14300
79.29260 82.11750 82.97640 79.68050 86.08960 83.56610 93.10510 78.52820 70.53350 69.49310 78.98240 96.59050 65.34470 39.06880 0.55511 0.00000 0.17323 0.11880 12.64580 38.61500 35.76670 87.88280 2.92680 39.29870 15.82150 3.06917 3.03044 8.89925 13.73740 44.38590 44.62210 56.07760 30.41840 35.91970 17.90350 22.67770 44.35750 40.15180 67.66260 93.28730 97.35890 123.48900 207.85500 236.32500 240.51500 247.91701 277.14999 292.89401 287.15601 234.52400 192.57700 152.69099 121.49400 150.75800 163.84100 131.69000 123.51900 119.22100 111.65200 110.69400 109.52100 119.72400 112.93000 106.16400 119.20800 120.18200 104.21700 100.71200 110.44300 108.61200 108.68300
133.79700 140.99699 152.81700 146.96800 129.02000 185.36700 187.48500 208.69901 99.88350 160.53000 187.24200 198.97600 123.45000 72.80390 63.30180 65.11100 61.40740 61.35120 55.71720 21.50080 58.08490 34.33700 47.36260 67.05250 59.39730 70.83050 91.70920 83.85450 90.10480 120.67500 130.63100 89.05210 77.75740 77.67410 72.28690 84.87370 54.17090 73.78190 91.77780 125.99400 162.26601 207.98399 229.47400 279.79099 291.53699 325.08801 335.37701 327.03699 299.88199 265.21201 223.42599 198.47701 158.40199 135.05800 137.08800 149.42599 128.47400 124.71000 121.51900 116.08800 115.51200 116.22200 117.19700 120.60600 117.06200 114.39300 106.54000 101.57300 99.76130 103.56500 110.09600
-9999 382.05301 315.97101 217.88600 203.86501 193.56700 212.50600 268.70901 204.57800 231.09399 201.46600 153.38200 220.31900 177.19701 169.37500 83.43760 52.09080 49.43520 223.96100 198.97400 152.49500 136.20300 96.33170 127.87000 59.75710 69.07440 81.07760 107.99700 93.92110 107.08300 92.76700 54.80400 42.18980 59.54140 34.69730 45.88370 70.49090 93.02780 102.96600 132.91600 192.83400 247.69600 268.48999 326.38101 358.04599 374.82401 372.88599 368.42200 328.52100 293.14801 275.47501 231.92799 195.95200 166.40300 133.57500 147.68401 138.91200 131.00400 120.68200 129.52901 123.96900 122.47600 115.04900 109.10200 113.40500 115.37500 115.78200 112.34400 97.16540 98.67840 100.35900
690.88098 366.80899 293.59601 261.17200 185.93700 173.24600 179.72501 108.04800 105.58500 114.27500 122.25800 124.92700 88.72850 105.26400 112.24300 124.62300 90.22970 43.05680 227.15601 259.34100 282.48901 269.18500 165.86900 96.83570 19.70570 7.83648 66.46510 82.73870 71.97010 88.66910 92.31170 61.86120 47.04650 22.57310 23.89740 48.46170 84.44860 93.55550 124.81700 173.64999 190.21800 252.89700 294.19601 350.82901 412.36700 428.45001 424.44000 390.42599 331.31201 308.40701 274.00000 238.70799 228.99500 178.95300 163.43300 123.61200 135.35300 131.73399 112.80000 109.97200 110.46600 109.82800 111.68000 111.88100 113.84900 118.35300 129.18900 126.12000 116.60200 102.31900 103.34600
210.24100 150.04900 242.72200 349.76801 392.37100 282.61499 174.48300 117.35800 81.35680 83.80390 78.44070 74.16400 155.51700 292.85400 312.46399 261.45599 206.88901 120.49500 177.38100 192.25600 211.65800 411.87299 362.44199 175.82500 87.85680 50.98850 50.59230 38.87180 57.56800 67.02420 61.41630 41.18250 43.65280 18.71350 31.53140 47.43980 100.64100 114.56400 155.63100 194.67200 232.78101 278.16000 329.13000 382.20999 457.35699 494.52100 439.20401 421.34900 390.45300 353.59601 293.56400 269.42801 265.97800 209.30701 173.06200 120.92200 123.92000 131.71400 112.91900 120.27600 138.32001 163.12300 164.81799 163.40500 158.39101 129.64301 114.16600 115.76800 116.05100 114.17600 113.71600
154.98801 117.34000 114.51300 188.75101 225.74200 176.66100 359.13501 549.96002 468.21600 254.10001 180.25800 104.50900 142.71201 234.15700 -9999 -9999 545.75098 426.49100 364.57401 384.80099 371.45999 535.94202 435.38699 228.57600 95.91770 73.62830 95.94890 113.71400 81.62600 71.54590 49.65690 33.16540 34.12850 31.95840 43.63240 66.42740 85.60360 115.49900 143.86900 187.92799 200.35001 249.28600 253.76801 336.09100 430.08200 460.54501 466.09500 369.52600 311.02899 293.93399 241.05099 239.61700 249.92999 185.69901 129.42200 136.78799 120.29400 120.22600 90.88780 92.06260 94.78640 104.30000 108.94500 111.93600 109.63900 107.63400 103.74800 109.00600 112.64200 120.95800 113.17000
56.20280 -9999 71.72150 159.50800 482.24301 -9999 -9999 -9999 -9999 1000.88000 880.26099 498.07300 461.28299 376.70099 345.74301 303.74100 183.42700 334.87500 -9999 -9999 -9999 -9999 879.80902 529.26599 316.32901 259.86700 209.49300 164.86400 174.57201 136.26601 101.05800 60.64360 38.19680 44.86190 67.99250 86.12010 117.88900 125.47200 165.04300 201.74600 249.27200 265.97900 262.73401 251.08800 357.02200 346.71201 392.80200 338.06299 295.05600 253.50800 246.05299 213.04601 202.53500 184.87399 123.21300 121.54900 96.76110 95.01210 97.22820 99.87350 96.74790 90.19680 91.42370 95.17280 97.58780 101.26300 106.11600 101.70700 105.42300 109.41100 103.40900
