data/hydroclimate-scenarios/BCSD_hadcm_A1B/monthly_summaries/swe_monthly_day1_jan.2030-2059.asc
ncols	311
nrows	91
xllcenter	102.75
yllcenter	31.75
cellsize	0.5
NODATA_value	-9999
[rows 0 to 31 of 91, columns 71 to 141 of 311]
-9999 -9999 -9999 -9999 -9999 -9999 -9999 -9999 -9999 -9999 -9999 -9999 -9999 -9999 -9999 -9999 -9999 -9999 -9999 -9999 -9999 -9999 -9999 -9999 -9999 -9999 -9999 -9999 -9999 -9999 -9999 -9999 -9999 -9999 -9999 -9999 -9999 -9999 -9999 -9999 -9999 -9999 -9999 -9999 -9999 -9999 -9999 -9999 -9999 -9999 -9999 -9999 -9999 -9999 -9999 -9999 -9999 -9999 -9999 -9999 -9999 -9999 -9999 -9999 -9999 -9999 -9999 -9999 -9999 -9999 -9999
-9999 -9999 -9999 -9999 -9999 -9999 -9999 -9999 -9999 -9999 -9999 -9999 -9999 -9999 -9999 -9999 -9999 -9999 -9999 -9999 -9999 -9999 -9999 -9999 -9999 -9999 -9999 -9999 -9999 -9999 -9999 -9999 -9999 -9999 -9999 -9999 -9999 -9999 -9999 -9999 -9999 -9999 -9999 -9999 -9999 -9999 -9999 -9999 -9999 -9999 -9999 -9999 -9999 -9999 -9999 -9999 -9999 -9999 -9999 -9999 -9999 -9999 -9999 -9999 -9999 -9999 -9999 -9999 -9999 -9999 -9999
-9999 -9999 -9999 -9999 -9999 -9999 -9999 -9999 -9999 -9999 -9999 -9999 -9999 -9999 -9999 -9999 -9999 -9999 -9999 -9999 -9999 -9999 -9999 -9999 -9999 -9999 -9999 -9999 -9999 -9999 -9999 -9999 -9999 -9999 -9999 -9999 -9999 -9999 -9999 -9999 -9999 -9999 -9999 -9999 -9999 -9999 -9999 -9999 -9999 -9999 -9999 -9999 -9999 -9999 -9999 -9999 -9999 -9999 -9999 -9999 -9999 -9999 -9999 -9999 -9999 -9999 -9999 -9999 -9999 -9999 -9999
-9999 -9999 -9999 -9999 -9999 -9999 -9999 -9999 -9999 -9999 -9999 -9999 -9999 -9999 -9999 -9999 -9999 -9999 -9999 -9999 -9999 -9999 -9999 -9999 -9999 -9999 -9999 -9999 -9999 -9999 -9999 -9999 -9999 -9999 -9999 -9999 -9999 -9999 -9999 -9999 -9999 -9999 -9999 -9999 -9999 -9999 -9999 -9999 -9999 -9999 -9999 -9999 -9999 -9999 -9999 -9999 -9999 -9999 -9999 -9999 -9999 -9999 -9999 -9999 -9999 -9999 -9999 -9999 -9999 -9999 -9999
-9999 -9999 -9999 -9999 -9999 -9999 -9999 -9999 -9999 -9999 -9999 -9999 -9999 -9999 -9999 -9999 -9999 -9999 -9999 -9999 -9999 -9999 -9999 -9999 -9999 -9999 -9999 -9999 -9999 -9999 -9999 -9999 -9999 -9999 -9999 -9999 -9999 -9999 -9999 -9999 -9999 -9999 -9999 -9999 -9999 -9999 -9999 -9999 -9999 -9999 -9999 -9999 -9999 -9999 -9999 -9999 -9999 -9999 -9999 -9999 -9999 -9999 -9999 -9999 -9999 -9999 -9999 -9999 -9999 -9999 -9999
-9999 -9999 -9999 -9999 -9999 -9999 -9999 -9999 -9999 -9999 -9999 -9999 -9999 -9999 -9999 -9999 -9999 -9999 -9999 -9999 -9999 -9999 -9999 -9999 -9999 -9999 -9999 -9999 -9999 -9999 -9999 -9999 -9999 -9999 -9999 -9999 -9999 -9999 -9999 -9999 -9999 -9999 -9999 -9999 -9999 -9999 -9999 -9999 -9999 -9999 -9999 -9999 -9999 -9999 -9999 -9999 -9999 -9999 -9999 -9999 -9999 -9999 -9999 -9999 -9999 -9999 -9999 -9999 -9999 -9999 -9999
-9999 -9999 -9999 -9999 -9999 -9999 -9999 -9999 -9999 -9999 -9999 -9999 -9999 -9999 -9999 -9999 -9999 -9999 -9999 -9999 -9999 -9999 -9999 -9999 -9999 -9999 -9999 -9999 -9999 -9999 -9999 -9999 -9999 -9999 -9999 -9999 -9999 -9999 -9999 -9999 -9999 -9999 -9999 -9999 -9999 -9999 -9999 -9999 -9999 -9999 -9999 -9999 -9999 -9999 -9999 -9999 -9999 -9999 -9999 -9999 -9999 -9999 -9999 -9999 -9999 -9999 -9999 -9999 -9999 -9999 -9999
-9999 -9999 -9999 -9999 -9999 -9999 -9999 -9999 -9999 -9999 -9999 -9999 -9999 -9999 -9999 -9999 -9999 -9999 -9999 -9999 -9999 -9999 -9999 -9999 -9999 -9999 -9999 -9999 -9999 -9999 -9999 -9999 -9999 -9999 -9999 -9999 -9999 -9999 -9999 -9999 -9999 -9999 -9999 -9999 -9999 -9999 -9999 -9999 -9999 -9999 -9999 -9999 -9999 -9999 -9999 -9999 -9999 -9999 -9999 -9999 -9999 -9999 -9999 -9999 -9999 -9999 -9999 -9999 -9999 -9999 -9999
-9999 -9999 -9999 -9999 -9999 -9999 54.30860 -9999 -9999 -9999 -9999 -9999 -9999 -9999 -9999 -9999 -9999 -9999 -9999 -9999 -9999 -9999 -9999 -9999 -9999 -9999 -9999 -9999 -9999 -9999 -9999 -9999 -9999 -9999 -9999 -9999 -9999 -9999 -9999 -9999 -9999 -9999 -9999 -9999 -9999 -9999 -9999 -9999 -9999 -9999 -9999 -9999 -9999 -9999 -9999 -9999 -9999 -9999 -9999 -9999 -9999 -9999 -9999 -9999 -9999 -9999 -9999 -9999 -9999 -9999 -9999
-9999 -9999 63.12330 47.43460 50.17400 51.25140 53.05080 60.90580 63.00220 69.64200 74.08830 77.17600 80.48400 83.46370 85.05760 85.64980 86.20580 87.69590 88.84830 89.21100 88.33990 87.48480 -9999 -9999 -9999 -9999 -9999 -9999 -9999 -9999 -9999 -9999 -9999 -9999 -9999 -9999 -9999 -9999 -9999 -9999 -9999 -9999 -9999 -9999 -9999 -9999 -9999 -9999 -9999 -9999 -9999 -9999 -9999 -9999 -9999 -9999 -9999 -9999 -9999 -9999 -9999 -9999 -9999 -9999 -9999 -9999 -9999 -9999 -9999 -9999 -9999
-9999 -9999 -9999 -9999 54.31370 59.53260 63.23330 65.85380 72.86170 76.49050 79.99800 85.32840 83.32970 88.50080 89.43730 92.47850 97.80930 98.33260 99.13000 99.61330 99.22480 96.87940 -9999 -9999 -9999 -9999 -9999 -9999 -9999 -9999 -9999 -9999 -9999 -9999 -9999 -9999 -9999 -9999 -9999 -9999 -9999 -9999 -9999 -9999 -9999 -9999 -9999 -9999 -9999 -9999 -9999 -9999 -9999 -9999 -9999 -9999 -9999 -9999 -9999 -9999 -9999 -9999 -9999 -9999 -9999 -9999 -9999 -9999 -9999 -9999 -9999
52.51740 51.11610 51.97200 54.57670 57.61280 58.29580 64.35420 67.02520 71.67850 75.48870 81.02990 84.28470 83.34710 88.85770 89.92380 92.04110 95.35710 102.48400 101.22500 102.87000 101.02200 101.59100 94.54670 94.55430 90.49340 90.04290 84.21680 83.60000 -9999 -9999 -9999 -9999 -9999 -9999 -9999 -9999 -9999 -9999 -9999 -9999 -9999 -9999 -9999 -9999 -9999 -9999 -9999 -9999 -9999 -9999 -9999 -9999 -9999 -9999 -9999 -9999 -9999 -9999 -9999 -9999 -9999 -9999 -9999 -9999 -9999 -9999 -9999 -9999 -9999 -9999 -9999
57.82430 56.19700 56.82160 57.25360 59.23360 64.19840 66.45980 70.32050 72.53120 77.73370 80.03880 81.55920 89.71700 93.55840 94.22750 101.80200 100.46000 102.47500 106.53800 108.29600 105.64300 102.21300 100.77400 98.64090 97.16950 92.59780 91.42930 87.13680 83.84560 80.97270 77.99840 77.22760 75.40490 72.75400 68.71210 67.70260 62.84120 61.65170 58.31550 56.25980 54.88200 54.17680 55.16080 -9999 -9999 -9999 -9999 -9999 -9999 -9999 -9999 -9999 -9999 -9999 -9999 -9999 -9999 -9999 -9999 -9999 -9999 -9999 -9999 -9999 -9999 -9999 -9999 -9999 -9999 -9999 -9999
56.03390 54.17850 54.28260 55.28630 57.40620 61.88190 63.83310 66.48200 71.13480 75.59420 78.81970 84.15590 86.79150 94.01960 94.94930 99.21200 99.20090 103.96100 105.84000 106.82100 105.82900 100.15600 98.89530 97.34580 95.69670 94.63450 91.80500 91.20380 86.62640 84.90890 82.62000 81.59230 75.69140 71.90140 72.10590 68.82630 66.68130 65.09640 59.93140 56.69210 57.83650 58.12340 59.28780 59.19800 -9999 -9999 -9999 -9999 -9999 -9999 -9999 -9999 -9999 -9999 -9999 -9999 -9999 -9999 -9999 -9999 -9999 -9999 -9999 -9999 -9999 -9999 -9999 -9999 -9999 -9999 -9999
51.06220 50.27010 50.51480 48.63960 54.58190 54.75130 60.27240 62.70750 65.78690 72.94890 76.70790 81.06810 89.21880 94.09240 96.53690 100.20400 101.16000 101.75100 100.82900 103.01400 99.75410 100.30900 101.60100 99.94340 95.53410 91.47790 93.48830 92.54790 90.56200 87.65290 85.36140 80.62730 79.29000 77.84740 76.40430 74.98950 71.13120 66.36420 65.76550 65.36260 63.21600 61.97250 61.56150 61.71640 -9999 -9999 -9999 -9999 -9999 -9999 -9999 -9999 -9999 -9999 -9999 -9999 -9999 -9999 -9999 66.43070 66.27050 -9999 -9999 -9999 -9999 73.36560 72.72920 74.67070 72.61410 77.94110 78.28520
47.49210 47.43750 50.04590 47.57900 51.94110 57.05860 57.27090 60.52210 63.68530 67.57260 75.03010 81.83790 85.01540 92.09430 94.68230 95.91230 97.06330 96.93180 96.73700 98.80650 95.25040 96.19640 96.10630 96.49130 92.40740 93.04270 94.85450 95.20240 95.13540 90.91670 87.96070 85.64900 83.77520 81.04520 80.81700 78.96000 71.69180 71.05900 70.29790 69.73300 66.40510 66.05350 65.84000 65.89630 69.13890 68.61910 68.22800 68.84840 63.82780 64.87540 65.39990 63.81240 66.52230 69.45470 67.12400 67.23560 69.01600 70.93170 69.25900 71.96360 71.82050 -9999 -9999 -9999 -9999 -9999 80.41780 80.09700 79.93440 82.56410 84.73500
45.39860 47.55580 49.50170 47.64910 51.19590 54.77500 56.12540 60.42800 61.82100 65.18150 70.79530 75.50100 82.82770 90.19870 92.07570 93.64370 95.43870 93.81610 93.35960 93.86200 93.76970 95.41630 92.38390 91.96320 92.67470 92.96320 93.81100 94.15360 93.53950 90.04350 89.02620 87.45110 86.58390 85.87710 82.34800 74.63990 74.09210 73.07330 72.03260 70.80900 70.81360 70.69040 70.98270 71.33840 74.58380 74.06500 73.41730 72.72020 69.67500 69.78640 73.98960 73.06880 73.26540 71.38250 72.46460 72.66390 70.01200 70.03010 72.08010 75.27180 79.45150 80.97310 82.46850 84.88410 86.93940 90.20580 86.57610 90.21970 88.56730 90.27690 93.65160
44.41230 42.97780 50.31130 46.33150 47.80010 50.19690 53.28890 53.74620 60.80490 65.05580 68.10440 74.28810 79.56350 86.80060 89.76010 90.21440 89.05480 90.55940 88.68610 89.13350 89.00920 91.25460 90.58260 91.85280 89.58550 90.80400 90.44300 93.78880 93.01230 91.72600 90.82830 89.40710 87.51390 88.54350 82.35790 78.96110 78.38630 76.32610 75.70040 74.39530 73.67780 75.25870 77.69410 74.13990 75.41630 75.65300 75.99690 77.65560 75.84750 76.37290 75.84440 78.69030 76.09570 81.06910 78.77840 77.72580 74.77820 76.05630 78.90560 79.31500 78.95830 85.37180 88.29840 92.02260 92.10680 94.37130 91.69910 89.73980 89.06620 95.05730 98.98780
44.11190 44.58420 44.89300 50.84450 48.05040 51.69890 55.67940 52.03600 57.32260 60.63630 64.72240 70.32480 73.49380 77.79200 79.62690 81.55050 87.05050 85.72810 84.88000 81.60110 83.26800 85.61710 86.42910 91.08700 90.78750 91.05950 92.67600 93.71350 98.32960 98.39710 99.20900 99.88850 95.87140 91.99830 85.37570 82.16310 79.27930 80.44190 77.78770 75.78140 76.92480 76.83960 79.05900 77.28000 76.84670 77.32600 77.97310 78.54680 80.33220 80.25800 79.81030 80.78690 81.36600 83.40550 82.69640 84.13900 84.26000 83.56410 84.56540 85.42550 84.80390 85.11840 85.67500 95.91400 98.51540 99.48780 98.00750 98.57010 100.22500 100.83100 100.78500
47.03770 45.78520 44.86150 43.76090 47.16450 51.27160 50.78580 48.71080 52.31240 56.24030 54.69000 58.37430 62.16840 69.88360 74.58730 81.05710 82.03650 84.60540 83.44350 83.71160 82.74240 83.93570 88.39840 90.23320 93.62850 90.34730 90.72190 91.58260 94.92170 97.73360 100.81300 98.76930 93.47770 93.00680 89.61610 83.88980 82.11330 79.88670 79.46560 77.78650 77.61290 79.96520 79.83400 79.08810 78.88730 78.15650 76.43110 77.67230 80.94030 80.05800 81.38370 85.86050 85.08220 87.71100 86.65630 87.40180 86.02700 85.07890 86.95990 89.57470 88.83340 91.49820 94.06950 101.03100 97.07740 106.72600 105.11400 104.95600 106.60800 105.50900 106.77200
47.94230 48.94700 44.17760 45.52380 44.15220 49.69820 50.11100 51.29980 54.66150 51.85420 52.35330 51.82070 51.85830 53.71530 62.30860 69.09420 74.05830 79.34520 81.47370 85.17790 83.91360 86.01620 87.81400 91.41550 90.75330 94.10780 96.91380 97.43380 97.47750 97.67460 100.10000 100.80600 96.26550 93.20200 91.35670 87.80310 81.46700 81.13460 81.57350 80.12630 79.89730 79.48150 81.69040 80.43510 79.59170 78.30180 77.27590 80.07210 79.51830 82.77320 81.75650 85.80510 87.30050 87.78560 89.21800 90.44070 85.90750 87.62980 90.37460 92.12170 94.90440 96.04300 99.63180 106.98500 105.23700 106.11800 105.03600 108.98200 107.31000 107.05200 110.38000
47.79030 48.06080 46.19120 45.54930 47.55050 46.98450 45.40720 46.09060 49.97530 53.42420 54.24990 55.71510 54.54550 56.89130 56.09650 57.83300 61.32720 66.06300 72.06350 76.85590 81.29600 85.57740 87.44380 91.86360 96.36220 98.96590 104.81000 105.48200 103.47000 101.62600 104.00600 97.56070 91.92480 91.03870 88.93360 87.44460 84.99970 82.95480 83.39340 82.06830 82.94940 81.75430 85.50120 82.60490 82.46150 81.45970 81.97590 82.68820 84.06100 83.35810 85.34270 87.23000 89.78690 91.78820 93.05420 94.13640 90.29150 91.99130 96.58310 98.72160 101.13600 103.42600 110.26600 113.17000 112.66700 111.67600 109.01300 106.52100 107.88900 112.08500 110.74700
51.55980 50.94310 51.55720 54.32830 47.49480 46.39420 47.99720 49.00570 47.89330 51.09810 51.97390 54.05630 54.95440 58.43680 63.59780 65.08230 64.50710 64.65650 64.80450 69.71260 74.54020 79.71300 87.66750 93.49610 99.70480 105.68200 107.59700 107.12900 107.04100 105.20900 100.47100 97.60220 89.59410 90.21930 86.13690 87.48250 86.03140 82.23190 83.02030 83.74840 85.08570 84.95670 86.82390 85.65700 83.02050 82.63500 85.70950 85.38790 89.19830 92.14980 89.70620 91.30830 89.62740 89.85600 91.08860 94.86780 98.36190 100.55400 104.37100 106.79100 111.98700 118.41300 120.17400 121.46900 119.21200 122.42400 117.95100 114.87600 114.71600 114.54000 119.32600
55.54080 56.57830 57.55910 59.64280 53.48220 52.70210 49.41310 48.44520 50.59340 49.35670 55.00390 51.37640 54.71740 57.56770 56.84290 56.18650 58.61380 72.45880 66.94140 61.73690 67.12690 75.03810 81.55690 94.69490 102.97200 106.98900 109.48200 109.77500 106.17100 104.87300 102.74800 100.79900 95.38870 92.82940 92.38860 89.15020 86.64250 85.36570 84.53590 84.56870 85.93270 87.67940 88.70900 87.37050 87.85420 86.41590 89.36500 90.49570 92.54600 95.88830 94.91410 96.77020 94.90310 98.05910 99.65910 101.09800 105.27500 106.62700 111.96400 113.77600 119.49600 124.86300 125.02000 127.36400 128.56400 124.98500 120.46400 118.10300 116.60200 119.23800 124.05400
58.78470 58.52430 59.83020 59.17020 56.15330 57.69250 55.64860 54.31100 50.78530 48.80620 49.97350 52.90480 56.18850 57.74520 62.29330 63.75350 57.68070 62.21280 68.04390 70.69730 72.14650 75.27550 82.91750 87.43440 95.28610 102.94700 104.40500 107.40600 107.82600 107.14300 103.51100 101.72100 101.66400 94.88360 93.62330 91.03220 88.24360 88.71230 86.32150 85.69690 86.04330 85.38400 85.09760 84.85130 89.49000 88.31720 89.20470 90.00960 95.30210 98.75780 99.03060 100.20400 99.93120 100.45400 103.94800 108.41700 109.03600 112.08500 116.12700 120.28400 123.59800 126.63700 129.48900 131.20799 129.44299 127.53800 123.86800 121.19300 124.58200 122.04200 125.34700
63.22280 62.65180 61.79060 61.58080 59.85320 59.27990 59.46320 56.92230 53.52990 52.62690 51.00600 52.55380 55.37590 60.31580 64.19330 66.87240 64.36550 65.18140 67.62210 68.67780 72.12100 80.69820 87.56160 90.76150 91.07710 98.52580 104.68400 104.16100 105.62200 105.57500 104.18600 102.58500 101.98200 99.24480 94.01840 88.67960 87.32590 85.99230 87.13880 85.60420 86.25300 85.53940 86.15870 85.79460 88.39750 90.59730 88.96580 91.78480 96.41940 99.97110 100.77500 102.63400 99.20340 98.53720 102.49000 106.59600 109.44800 114.57900 118.23300 122.87200 126.08900 131.20000 131.47200 133.95799 131.11501 129.24400 126.26500 123.21200 124.08600 131.49100 135.05299
69.56460 70.50130 67.47000 66.37780 65.85180 62.72240 59.48050 59.12600 59.91770 56.87360 55.74810 56.93640 56.01180 58.66770 64.91840 69.19920 71.20160 71.66680 68.95170 73.52910 75.30530 79.45300 84.65240 91.29930 94.41070 99.03230 99.76090 104.54100 107.85400 106.02100 104.28600 101.85300 99.78960 94.80100 91.91810 90.61500 89.75080 89.23810 88.73030 91.19880 88.65140 88.56860 87.95610 88.01590 87.99250 88.67040 89.50610 93.64250 95.50850 100.15200 103.39900 106.77200 105.75100 107.87400 109.94100 114.10800 120.27200 121.61600 126.01900 128.60300 128.17000 133.92999 135.73801 139.75101 141.15900 138.51500 137.83400 135.16600 139.30000 140.23700 143.21899
73.85650 75.52180 69.28490 66.68030 66.74370 67.60520 63.44080 64.42970 64.59650 63.19330 61.29270 63.04400 63.47490 65.00490 67.82910 68.41570 75.08310 76.66060 79.90880 81.77620 78.14230 85.55540 89.99220 97.21460 99.61030 99.80130 98.98310 103.58600 110.26300 110.18200 105.32800 103.90500 103.42200 97.61700 93.98720 93.47380 91.60460 92.54940 91.36950 94.96680 93.34630 92.86980 92.55010 93.54720 93.20610 93.63610 93.53940 98.64660 101.67600 105.84200 109.92500 112.84300 115.86300 118.57400 124.47900 125.40900 132.76500 132.41800 133.56599 133.46700 135.44200 138.03200 140.67599 143.00600 148.64200 148.44701 148.67000 147.30200 148.14700 145.56500 148.56599
76.21570 76.03080 76.18740 70.30440 68.24590 67.47650 64.33020 67.91900 65.75840 66.83740 66.81160 67.90080 69.28940 71.08150 71.95840 75.37080 81.84190 83.38790 86.54510 88.57800 92.97320 93.89380 96.82470 105.11700 107.48300 109.63900 105.82600 111.48000 119.57100 115.97800 110.92700 109.51000 108.26800 102.73800 100.69400 96.14020 96.09200 96.63060 97.54720 101.51100 101.24400 102.48100 101.13900 97.43590 97.29530 99.57840 100.66400 101.20200 103.89100 107.48700 111.13500 115.01600 126.91200 133.35201 143.62601 149.18900 150.44600 146.33701 146.74100 145.75900 144.73000 145.21600 152.30099 156.97800 156.37199 154.54201 158.37100 165.45500 158.85300 157.70200 160.92900
80.26770 78.74780 79.50790 79.95860 78.31350 74.25730 70.11790 70.12840 71.80600 70.88850 71.19710 71.78820 73.80730 78.23270 79.77310 81.75830 87.73480 87.40940 89.58480 98.33300 99.53180 103.82800 106.06400 112.54500 115.15600 115.73800 109.25400 112.94800 115.41600 116.09000 119.54800 117.64400 116.34700 112.33100 112.92300 105.85000 105.48800 109.39000 108.72200 109.73600 111.60000 107.90900 109.13200 106.20300 99.01290 101.41400 103.65700 109.47400 114.40200 116.80800 -9999 -9999 128.71300 132.27299 137.78799 147.73399 149.07300 148.57600 151.26401 155.62399 153.88800 161.48000 168.31500 164.26300 163.95700 163.59000 161.03000 171.50101 175.96100 171.22600 178.41400
83.24960 83.82260 84.18270 82.91250 82.86640 81.19770 77.29870 79.94610 76.31960 74.95500 76.70120 80.69130 84.15120 84.42020 88.06190 89.93410 88.34500 94.22220 100.43900 101.98700 109.82300 116.99400 120.97400 123.94600 117.53600 118.79900 118.81300 117.97800 117.20400 123.00100 125.20800 130.35001 126.95400 125.17000 127.39100 121.11600 122.04000 121.00900 122.69600 -9999 -9999 -9999 -9999 110.09400 -9999 115.41400 124.62700 126.36900 130.04401 127.91600 -9999 -9999 139.53900 140.31200 143.24699 145.40199 144.90800 151.50999 156.55200 162.07500 169.10001 170.79100 172.18800 170.35100 171.29401 172.83400 169.77000 179.48700 182.03101 182.02600 183.51801
87.33130 88.56660 91.22830 90.86190 87.17340 85.73720 86.57170 87.77010 87.25790 86.64880 87.51130 91.84440 93.06650 94.31820 97.67170 99.07780 99.67130 110.32900 114.90600 116.50900 119.92600 126.96900 132.60400 135.61200 135.17300 135.49200 126.76000 125.65800 125.02500 134.08800 140.09900 144.47600 145.04601 143.08900 144.15300 140.62801 140.43500 -9999 -9999 -9999 -9999 -9999 -9999 -9999 132.00301 134.42000 135.92000 -9999 -9999 -9999 -9999 -9999 130.53200 135.06400 151.61099 148.60201 154.94099 153.53900 154.18500 165.13300 166.15500 171.60899 176.51300 180.47400 176.36200 174.12100 185.16701 188.38699 190.99800 182.75900 -9999
