data/hydroclimate-scenarios/BCSD_hadcm_A1B/monthly_summaries/swe_monthly_day1_apr.2030-2059.asc
ncols	311
nrows	91
xllcenter	102.75
yllcenter	31.75
cellsize	0.5
NODATA_value	-9999
[rows 0 to 31 of 91, columns 213 to 283 of 311]
-9999 -9999 -9999 -9999 -9999 -9999 -9999 -9999 -9999 -9999 -9999 -9999 -9999 -9999 -9999 -9999 -9999 -9999 -9999 -9999 -9999 -9999 -9999 -9999 -9999 -9999 -9999 -9999 -9999 -9999 -9999 -9999 -9999 -9999 -9999 -9999 -9999 -9999 -9999 -9999 -9999 -9999 -9999 -9999 -9999 -9999 -9999 -9999 -9999 -9999 -9999 -9999 -9999 -9999 -9999 -9999 -9999 -9999 -9999 -9999 -9999 -9999 -9999 -9999 -9999 -9999 -9999 -9999 -9999 -9999 -9999
-9999 -9999 -9999 -9999 -9999 -9999 -9999 -9999 -9999 -9999 -9999 -9999 -9999 -9999 -9999 -9999 -9999 -9999 -9999 -9999 -9999 -9999 -9999 -9999 -9999 -9999 -9999 -9999 -9999 -9999 -9999 -9999 -9999 -9999 -9999 -9999 -9999 -9999 -9999 -9999 -9999 -9999 -9999 -9999 -9999 -9999 -9999 -9999 -9999 -9999 -9999 -9999 -9999 -9999 -9999 -9999 -9999 -9999 -9999 -9999 -9999 -9999 -9999 -9999 -9999 -9999 -9999 -9999 -9999 -9999 -9999
-9999 -9999 -9999 -9999 -9999 -9999 -9999 -9999 -9999 -9999 -9999 -9999 -9999 -9999 -9999 -9999 -9999 -9999 -9999 -9999 -9999 -9999 -9999 -9999 -9999 -9999 -9999 -9999 -9999 -9999 -9999 -9999 -9999 -9999 -9999 -9999 -9999 -9999 -9999 -9999 -9999 -9999 -9999 -9999 -9999 -9999 -9999 -9999 -9999 -9999 -9999 -9999 -9999 -9999 -9999 -9999 -9999 -9999 -9999 -9999 -9999 -9999 -9999 -9999 -9999 -9999 -9999 -9999 -9999 -9999 -9999
-9999 -9999 -9999 -9999 -9999 -9999 -9999 -9999 -9999 -9999 -9999 -9999 -9999 -9999 -9999 -9999 -9999 -9999 -9999 -9999 -9999 -9999 -9999 -9999 -9999 -9999 -9999 -9999 -9999 -9999 -9999 -9999 -9999 -9999 -9999 -9999 -9999 -9999 -9999 -9999 -9999 -9999 -9999 -9999 -9999 -9999 -9999 -9999 -9999 -9999 -9999 -9999 -9999 -9999 -9999 -9999 -9999 -9999 -9999 -9999 -9999 -9999 -9999 -9999 -9999 -9999 -9999 -9999 -9999 -9999 -9999
-9999 -9999 -9999 -9999 -9999 -9999 -9999 -9999 -9999 -9999 -9999 -9999 -9999 -9999 -9999 -9999 -9999 -9999 -9999 -9999 -9999 -9999 -9999 -9999 -9999 -9999 -9999 -9999 -9999 -9999 -9999 -9999 -9999 -9999 -9999 -9999 -9999 -9999 -9999 -9999 -9999 -9999 -9999 -9999 -9999 -9999 -9999 -9999 -9999 -9999 -9999 -9999 -9999 -9999 -9999 -9999 -9999 -9999 -9999 -9999 -9999 -9999 -9999 -9999 -9999 -9999 -9999 -9999 -9999 -9999 -9999
-9999 -9999 -9999 -9999 -9999 -9999 -9999 -9999 -9999 -9999 -9999 -9999 -9999 -9999 -9999 -9999 -9999 -9999 -9999 -9999 -9999 -9999 -9999 -9999 -9999 -9999 -9999 -9999 -9999 -9999 -9999 -9999 -9999 -9999 -9999 -9999 -9999 -9999 -9999 -9999 -9999 -9999 -9999 -9999 -9999 -9999 -9999 -9999 -9999 -9999 -9999 -9999 -9999 -9999 -9999 -9999 -9999 -9999 -9999 -9999 -9999 -9999 -9999 -9999 -9999 -9999 -9999 -9999 -9999 -9999 -9999
-9999 -9999 -9999 -9999 -9999 -9999 -9999 -9999 -9999 -9999 -9999 -9999 -9999 -9999 -9999 -9999 -9999 -9999 -9999 -9999 -9999 -9999 -9999 -9999 -9999 -9999 -9999 -9999 -9999 -9999 -9999 -9999 -9999 -9999 -9999 -9999 -9999 -9999 -9999 -9999 -9999 -9999 -9999 -9999 -9999 -9999 -9999 -9999 -9999 -9999 -9999 -9999 -9999 -9999 -9999 -9999 -9999 -9999 -9999 -9999 -9999 -9999 -9999 -9999 -9999 -9999 -9999 -9999 -9999 -9999 -9999
-9999 -9999 -9999 -9999 -9999 -9999 -9999 -9999 -9999 -9999 -9999 -9999 -9999 -9999 -9999 -9999 -9999 -9999 -9999 -9999 -9999 -9999 -9999 -9999 -9999 -9999 -9999 -9999 -9999 -9999 -9999 -9999 -9999 -9999 -9999 -9999 -9999 -9999 -9999 -9999 -9999 -9999 -9999 -9999 -9999 -9999 -9999 -9999 -9999 -9999 -9999 -9999 -9999 -9999 -9999 -9999 -9999 -9999 -9999 -9999 -9999 -9999 -9999 -9999 -9999 -9999 -9999 -9999 -9999 -9999 -9999
-9999 -9999 -9999 -9999 -9999 -9999 -9999 -9999 -9999 -9999 -9999 -9999 -9999 -9999 -9999 -9999 -9999 -9999 -9999 -9999 -9999 -9999 -9999 -9999 -9999 -9999 -9999 -9999 -9999 -9999 -9999 -9999 -9999 -9999 -9999 -9999 -9999 -9999 -9999 -9999 -9999 -9999 -9999 -9999 -9999 -9999 -9999 -9999 -9999 -9999 -9999 -9999 -9999 -9999 -9999 -9999 -9999 -9999 -9999 -9999 -9999 -9999 -9999 -9999 -9999 -9999 -9999 -9999 -9999 -9999 -9999
-9999 -9999 -9999 -9999 -9999 -9999 -9999 -9999 -9999 -9999 -9999 -9999 -9999 -9999 -9999 -9999 -9999 -9999 -9999 -9999 -9999 -9999 -9999 -9999 -9999 -9999 -9999 -9999 -9999 -9999 -9999 -9999 -9999 -9999 -9999 -9999 -9999 -9999 -9999 -9999 -9999 -9999 -9999 -9999 -9999 -9999 -9999 -9999 -9999 -9999 -9999 -9999 -9999 -9999 -9999 -9999 -9999 -9999 -9999 -9999 -9999 -9999 -9999 -9999 -9999 -9999 -9999 -9999 -9999 -9999 -9999
-9999 -9999 -9999 -9999 -9999 -9999 -9999 -9999 -9999 -9999 -9999 -9999 -9999 -9999 -9999 -9999 -9999 -9999 -9999 -9999 -9999 -9999 -9999 -9999 -9999 -9999 -9999 -9999 -9999 -9999 -9999 -9999 -9999 -9999 -9999 -9999 -9999 -9999 -9999 -9999 -9999 -9999 -9999 -9999 -9999 -9999 -9999 -9999 -9999 -9999 -9999 -9999 -9999 -9999 -9999 -9999 -9999 -9999 -9999 -9999 -9999 -9999 -9999 -9999 -9999 -9999 -9999 -9999 -9999 -9999 -9999
-9999 -9999 -9999 -9999 -9999 -9999 -9999 -9999 -9999 -9999 -9999 -9999 -9999 -9999 -9999 -9999 -9999 -9999 -9999 -9999 -9999 -9999 -9999 -9999 -9999 -9999 -9999 -9999 -9999 -9999 -9999 -9999 -9999 -9999 -9999 -9999 -9999 -9999 -9999 -9999 -9999 -9999 -9999 -9999 -9999 -9999 -9999 -9999 -9999 -9999 -9999 -9999 -9999 -9999 -9999 -9999 -9999 -9999 -9999 -9999 -9999 -9999 -9999 -9999 -9999 -9999 -9999 -9999 -9999 -9999 -9999
-9999 -9999 -9999 -9999 -9999 -9999 -9999 -9999 -9999 -9999 -9999 -9999 -9999 -9999 -9999 -9999 -9999 -9999 -9999 -9999 -9999 -9999 -9999 -9999 -9999 -9999 -9999 -9999 -9999 -9999 -9999 -9999 -9999 -9999 -9999 -9999 -9999 -9999 -9999 -9999 -9999 -9999 -9999 -9999 -9999 -9999 -9999 -9999 -9999 -9999 -9999 -9999 -9999 -9999 -9999 -9999 -9999 -9999 -9999 -9999 -9999 -9999 -9999 -9999 -9999 -9999 -9999 -9999 -9999 -9999 -9999
97.81550 99.30380 96.75300 94.86520 81.17850 78.08230 -9999 -9999 -9999 -9999 -9999 -9999 -9999 -9999 -9999 -9999 -9999 -9999 -9999 -9999 -9999 -9999 -9999 -9999 -9999 -9999 -9999 -9999 -9999 -9999 -9999 -9999 -9999 -9999 -9999 -9999 -9999 -9999 -9999 -9999 -9999 -9999 -9999 -9999 -9999 -9999 -9999 63.79180 -9999 -9999 -9999 -9999 -9999 -9999 -9999 -9999 -9999 -9999 -9999 -9999 -9999 -9999 -9999 -9999 -9999 -9999 -9999 -9999 -9999 -9999 -9999
113.18700 110.08500 104.73400 102.57600 102.48200 102.00100 81.17540 76.06360 61.58970 63.89890 43.28490 45.96060 49.44840 117.11300 113.80700 110.02700 102.13000 84.02430 449.84000 -9999 -9999 -9999 -9999 -9999 -9999 -9999 -9999 -9999 -9999 -9999 -9999 -9999 -9999 -9999 -9999 -9999 -9999 -9999 -9999 -9999 -9999 -9999 20.82320 38.99630 30.47140 14.57120 16.63780 34.56650 83.48540 -9999 -9999 -9999 74.94410 -9999 -9999 -9999 78.90090 99.28060 96.00730 -9999 -9999 -9999 -9999 -9999 -9999 -9999 -9999 -9999 -9999 -9999 -9999
118.50700 110.27500 107.96000 108.20700 106.48900 108.02400 25.07020 14.24630 15.87230 16.79970 18.84580 23.12200 22.77570 23.10990 0.06081 17.28940 14.08980 11.50140 7.26934 5.74812 5.23866 16.92130 66.04080 123.93100 80.94110 -9999 -9999 -9999 -9999 -9999 97.63430 96.62480 106.52100 114.24900 113.38900 104.97100 95.18890 95.95360 95.10030 90.69310 85.77970 86.53860 18.85130 24.50230 20.68300 20.43310 24.77510 31.78240 101.83800 105.71100 107.68100 99.58200 94.86040 107.48900 105.56600 99.65220 114.69600 112.59200 82.97890 84.81420 94.29020 94.46890 102.42200 94.57570 -9999 -9999 -9999 -9999 -9999 -9999 -9999
126.54700 126.14900 124.52000 75.39380 75.21060 56.14400 19.11260 22.53580 23.49670 22.97570 0.00000 25.71960 23.19960 23.89950 17.08380 12.82810 8.67460 7.52189 6.31991 4.63316 12.21190 15.84320 89.74290 31.51490 58.14620 77.96070 96.66200 119.43100 130.72800 123.42200 117.59300 115.17300 115.65200 133.79401 141.87199 125.34800 113.70700 116.43700 122.15300 113.72600 114.34300 116.20100 108.62300 110.09400 115.98100 113.37600 110.51200 109.41700 107.00600 104.80100 107.86800 103.38800 111.24700 115.80800 123.75700 142.53700 142.83099 141.44299 153.18600 154.93100 140.09700 155.55499 140.13800 131.61700 118.95800 103.44000 99.66720 98.92230 92.76680 96.32630 102.68100
90.42720 66.37830 114.83400 52.35160 49.32730 28.95690 24.94320 22.39580 22.11140 18.90960 16.19370 15.46980 18.62350 12.79260 6.64936 4.66017 4.58997 5.61038 35.69390 34.05810 35.52540 74.83390 204.28799 215.99500 84.44190 94.47240 84.76120 116.93800 140.34100 157.47000 168.30299 126.69100 127.65200 143.30200 165.85800 173.31599 171.22800 168.82500 157.73700 149.62399 137.07500 141.56100 128.55299 120.12200 122.08200 117.22500 110.63100 114.57300 119.30700 116.23400 115.86300 118.38800 124.37700 134.71800 141.71300 154.58501 161.48500 149.19099 153.46400 161.16100 168.17500 183.86900 149.42200 151.24800 134.12000 128.51700 122.89700 134.33200 148.66499 156.23900 163.63200
119.47300 122.81000 87.99230 70.18600 70.63550 51.37770 47.90230 27.76820 25.62880 23.68100 24.36960 22.62810 13.93840 9.31372 2.30561 12.02830 52.48000 15.11300 29.99140 26.47830 94.59620 154.42900 218.00999 233.61301 116.47900 107.77200 127.39000 92.54070 88.81550 123.25400 221.92101 179.48100 169.20500 163.85400 171.33400 180.59300 183.79800 167.61400 153.44800 146.72301 136.35500 128.19099 125.61000 130.35001 133.22501 134.29201 143.85699 146.24100 146.67999 142.70000 142.90100 134.03600 133.21800 135.43401 142.04900 140.00301 135.74500 151.75700 167.66100 171.90100 170.96400 174.59200 154.06900 160.03101 162.03600 173.62900 175.65900 169.18700 161.50000 165.50600 168.64301
163.87601 190.72000 149.84500 114.44000 98.45770 89.49680 76.01050 55.98300 91.49180 83.93120 77.54390 64.94120 74.99450 71.48490 79.27590 77.02540 71.02990 82.86370 264.57401 240.18800 152.16600 180.84700 145.04800 184.18700 90.06440 108.17900 141.58000 157.15500 181.34200 163.33701 267.13800 256.19501 214.90601 200.34200 178.73801 162.67200 155.95599 148.69901 150.91800 156.86900 143.32800 131.34500 146.89799 161.93800 155.62100 153.25900 164.59200 163.18201 160.21700 148.78101 148.83800 161.52100 147.43800 145.30800 148.42700 153.11099 162.29700 168.19901 169.37199 164.39900 159.62000 154.23599 158.86000 169.37801 182.03200 190.37199 191.36501 211.73500 221.18100 224.08200 220.34000
161.40700 232.94299 240.17500 189.81200 139.45200 112.52000 102.92100 99.24920 78.91440 75.89530 74.78730 76.02150 80.58800 82.01950 90.63510 98.28510 106.25900 109.49600 174.97800 104.59100 23.68850 35.28600 82.21930 66.47410 70.40390 110.16700 135.52800 159.12601 176.78300 197.81200 203.46500 234.46400 227.32800 208.76300 182.73700 161.87100 161.25700 166.53700 158.20700 153.55000 154.16299 136.94800 151.42500 149.45399 147.20000 144.86900 150.72400 160.90300 164.25000 164.35899 174.41600 166.87000 166.52800 167.16701 165.39500 166.07300 183.22501 164.24800 161.68800 150.83501 145.00800 140.65100 147.68500 155.84000 168.56900 180.54700 188.12900 210.72800 214.14301 222.85899 222.65700
204.35001 191.22000 150.66901 95.51510 83.27170 85.31350 82.98640 88.49710 83.90910 84.20810 83.71350 85.73160 94.78560 102.14800 108.62700 104.98300 105.93700 104.77200 235.50999 190.41000 13.55960 11.49680 13.67990 32.39230 62.81770 126.86300 171.80299 188.38200 170.74800 190.38300 188.51801 237.36501 246.87000 223.72900 201.13300 184.79900 181.39200 170.82201 162.06799 160.88300 156.47301 141.98599 148.05299 144.67400 137.58800 144.46600 161.73500 165.90199 171.51601 171.32001 185.56900 179.00999 165.96600 160.52600 154.79800 149.59599 150.54601 162.12000 157.45300 157.86200 144.21400 143.92101 145.23700 150.11000 156.01500 143.97701 155.33701 173.39301 190.87801 212.16499 228.51300
200.01500 133.75301 113.79100 114.44800 112.54500 132.26801 185.18600 172.79201 143.29700 156.29201 50.17860 59.64810 104.06400 104.61400 127.75900 125.90900 121.20400 104.89000 134.41701 173.02800 14.92830 14.66860 17.97710 34.97180 30.47200 89.30720 109.33000 123.56400 162.72600 191.59100 193.72400 195.40601 195.69901 204.85201 194.95500 202.30701 213.41100 201.57500 225.82800 216.16200 220.67400 203.61900 181.62700 166.97800 163.37601 189.28500 202.42500 232.28799 249.32700 237.76401 222.39301 212.73100 185.47701 173.55200 160.75900 170.81799 164.30499 168.55099 151.32800 135.46400 140.34700 138.82001 146.83099 150.76900 146.48399 151.35201 161.42200 169.74300 189.62300 202.12300 216.97000
124.35900 124.45500 142.20700 115.16300 86.94850 111.04300 152.32401 149.76300 133.50800 50.72390 29.10320 29.09330 0.32912 4.11614 2.83156 2.37088 119.32700 121.23100 151.12000 189.68401 38.62340 13.08100 25.00660 36.27660 37.75180 42.46160 73.07380 82.34500 109.33800 146.67799 179.00600 201.19800 203.28500 181.20799 197.81200 166.36800 155.86501 190.92900 243.19400 223.07600 243.67101 273.86700 324.41199 326.57401 343.37601 336.90900 302.71600 267.01599 295.30399 272.59500 227.59801 187.11301 199.94701 185.74100 166.88100 177.98599 173.66901 156.31599 147.74001 161.77200 166.20300 140.20200 146.95000 154.06500 146.73000 153.14200 153.32500 162.53101 173.60500 183.24500 185.80701
106.18000 104.85200 109.13500 101.33000 91.77670 91.65190 89.34760 97.37110 128.79300 128.27000 43.96610 18.72260 0.00811 0.00000 0.00000 0.00000 0.00000 0.00000 7.54947 228.23000 275.51901 17.37120 16.54710 17.19630 21.00130 25.54130 21.93020 39.16350 54.88950 68.71510 63.48150 71.89920 80.40550 88.78350 75.87030 94.40160 108.51700 105.93400 151.74600 185.40900 239.67300 265.37201 337.12399 341.94601 397.45200 464.89200 486.04599 415.12500 331.74399 258.88501 222.07300 177.71800 177.79500 204.58299 195.88901 183.07800 171.12601 165.44901 145.25200 149.29500 162.17400 178.44000 190.94000 182.95100 158.66901 144.17200 142.10001 155.36400 156.72400 162.02200 164.38499
88.61350 91.80030 100.99200 96.53200 106.09400 102.64000 111.70400 94.42340 85.64000 82.65670 95.44330 116.15100 63.24050 40.28160 12.83600 6.37203 3.82054 0.00000 15.78170 52.21700 52.32260 134.39900 12.51570 66.72710 30.64430 18.64150 20.88490 27.83490 52.90900 101.02300 100.63700 118.18000 83.33980 94.97670 68.97720 88.04320 122.96400 127.05100 174.86301 221.73000 249.53900 302.85101 390.27701 442.32501 450.41699 475.16599 516.80298 505.23199 483.31799 387.07401 325.22198 257.02399 202.28000 251.11200 269.34900 209.70000 193.56500 189.90601 169.82001 168.86800 171.89400 188.46201 190.09700 176.92300 179.94200 179.24800 160.95700 149.29601 160.19501 157.86501 163.02400
169.52600 180.04300 186.92101 178.45100 159.94400 237.22501 291.42099 289.98700 187.54900 219.81700 253.77600 288.98599 173.88600 86.02260 63.49610 61.23660 59.29050 65.56490 76.09310 33.78030 92.09990 61.79790 78.91430 116.42600 103.07900 123.96400 159.70700 161.51300 171.60001 215.78400 221.68201 147.60800 135.13300 132.95900 131.58099 147.78600 123.65600 160.40601 197.48100 252.03799 312.37601 370.14401 415.92801 500.31500 537.49298 574.69098 587.57898 593.04498 530.79700 453.19501 378.92999 337.99200 258.15201 217.52901 219.54800 242.57500 204.74500 196.94901 197.02800 187.24899 183.11200 189.90800 194.68800 201.22800 191.09599 183.42999 172.72301 161.74300 155.78999 159.00999 171.58501
-9999 573.95801 406.49701 287.06900 272.47101 258.21301 278.78799 369.23801 357.34399 410.10699 340.27701 309.80301 332.65601 302.26199 242.47000 113.26000 59.49250 53.22290 287.06799 278.05399 210.88200 217.16800 165.82600 215.28200 105.23000 124.89100 145.28200 196.45799 176.42799 198.04300 177.15700 108.57900 80.29900 95.54720 72.76750 98.46250 134.70799 178.26300 200.90100 256.08600 334.44601 426.97198 483.77802 547.80701 604.80402 635.77600 655.90399 655.47302 575.34802 506.25800 476.57999 407.65399 332.64401 276.48401 213.63200 242.86600 226.70799 212.56900 199.37700 212.36400 202.42500 201.08501 196.16200 184.84000 188.51401 190.14200 184.79900 183.12000 160.84399 157.86600 157.00101
999.73999 568.10400 430.40900 357.13199 256.35599 237.93600 242.25600 157.35300 147.93300 157.68900 173.65100 181.23599 129.25999 154.60600 156.88901 170.15100 122.02000 43.72290 284.95999 347.85400 380.74701 403.77399 272.91101 171.29401 34.15890 16.07330 109.23500 135.81900 121.18700 146.57100 148.59900 93.47860 73.43660 40.99990 46.42190 92.84100 151.75600 176.81100 231.09399 302.86401 333.78900 429.13501 499.60101 575.86298 676.39697 698.46600 747.41699 722.51300 609.88800 605.11902 507.42401 437.48999 397.02399 300.50500 273.02600 202.09000 227.19701 223.19299 185.69299 181.53300 182.99001 183.12900 191.51900 189.26601 194.95399 202.31599 207.52100 202.59500 191.59801 164.71899 160.63000
341.52600 224.51199 398.47000 521.23700 568.25299 380.11499 215.76601 157.33800 110.63800 109.69900 98.52200 95.77490 236.41499 438.05399 455.31100 380.71301 304.63599 166.97301 252.54300 295.74799 326.67300 621.53802 565.19299 283.51001 133.81599 73.81050 76.50870 62.65730 96.94460 115.32600 96.42330 56.97210 60.18110 30.59970 52.34810 94.13180 176.87700 212.30600 275.20499 330.77399 405.14700 473.54901 559.50403 654.78900 733.55200 809.39398 746.96899 741.30701 711.71002 672.15900 546.94202 500.77301 472.76199 366.78699 300.36200 204.77699 214.49699 230.42700 193.41901 209.31799 242.52000 292.60300 307.01901 300.27200 289.44901 236.47099 193.85400 195.35699 195.99600 188.77200 178.47000
233.28200 156.68300 173.02299 305.12799 350.64401 244.58200 491.49899 738.23700 669.41101 351.26401 248.23500 135.73500 188.02000 334.87601 -9999 -9999 1064.69995 644.16302 523.70001 581.11200 556.45898 783.76202 665.58002 350.24600 165.75301 124.22400 146.08501 175.34100 132.28300 115.85400 77.07020 46.55470 35.22290 36.68420 73.61420 126.06800 170.05800 216.10100 252.88600 321.26801 354.41000 440.73999 447.25500 582.23602 692.78900 733.57703 753.28497 612.71198 510.11700 471.49600 410.70300 418.77899 457.92599 338.05399 248.88200 249.26300 215.85899 220.44000 170.81100 173.34599 184.29300 201.48599 204.35600 207.22200 199.83600 198.57700 193.00999 194.80299 191.67700 203.22301 192.74001
121.23700 -9999 93.78120 277.94800 826.11102 -9999 -9999 -9999 -9999 1575.55005 1353.25000 764.54901 688.91302 555.44702 512.00897 453.63400 261.12399 518.34399 -9999 -9999 -9999 -9999 1283.70996 815.01398 519.28101 426.38000 329.79001 261.01401 285.40302 233.73300 182.60699 104.84400 60.66150 74.80420 113.98900 154.04700 216.47600 247.02699 309.10001 367.29999 444.85901 473.87500 471.72800 444.24500 605.12799 581.89899 646.25098 557.35498 470.05801 420.92200 417.28601 374.51099 378.59299 342.68201 241.33000 227.25700 181.51601 179.93600 188.05400 193.92999 194.62000 179.45300 176.86000 179.42700 183.77499 187.14500 193.24300 185.03600 182.88600 187.70500 181.11301
