data/hydroclimate-scenarios/BCSD_hadcm_A1B/monthly_summaries/swe_monthly_day1_feb.2030-2059.asc
ncols	311
nrows	91
xllcenter	102.75
yllcenter	31.75
cellsize	0.5
NODATA_value	-9999
[rows 0 to 30 of 91, columns 0 to 70 of 311]
-9999 -9999 -9999 -9999 -9999 -9999 -9999 -9999 -9999 -9999 -9999 -9999 -9999 -9999 -9999 -9999 -9999 -9999 -9999 -9999 -9999 -9999 -9999 -9999 -9999 -9999 -9999 -9999 -9999 -9999 -9999 -9999 -9999 -9999 -9999 -9999 -9999 -9999 -9999 -9999 -9999 -9999 -9999 -9999 -9999 -9999 -9999 -9999 -9999 -9999 -9999 -9999 -9999 -9999 -9999 -9999 -9999 -9999 -9999 -9999 -9999 -9999 -9999 -9999 -9999 -9999 -9999 -9999 -9999 -9999 -9999
-9999 -9999 -9999 -9999 -9999 -9999 -9999 -9999 -9999 -9999 -9999 -9999 -9999 -9999 -9999 -9999 -9999 -9999 -9999 -9999 -9999 -9999 -9999 -9999 -9999 -9999 -9999 -9999 -9999 -9999 -9999 -9999 -9999 -9999 -9999 -9999 -9999 -9999 -9999 -9999 -9999 -9999 -9999 -9999 -9999 -9999 -9999 -9999 -9999 -9999 -9999 -9999 -9999 -9999 -9999 -9999 -9999 -9999 -9999 -9999 -9999 -9999 -9999 -9999 -9999 -9999 -9999 -9999 -9999 -9999 -9999
-9999 -9999 -9999 -9999 -9999 -9999 -9999 -9999 -9999 -9999 -9999 -9999 -9999 -9999 -9999 -9999 -9999 -9999 -9999 -9999 -9999 -9999 -9999 -9999 -9999 -9999 -9999 -9999 -9999 -9999 -9999 -9999 -9999 -9999 -9999 -9999 -9999 -9999 -9999 -9999 -9999 -9999 -9999 -9999 -9999 -9999 -9999 -9999 -9999 -9999 -9999 -9999 -9999 -9999 -9999 -9999 -9999 -9999 -9999 -9999 -9999 -9999 -9999 -9999 -9999 -9999 -9999 -9999 -9999 -9999 -9999
-9999 -9999 -9999 -9999 -9999 -9999 -9999 -9999 -9999 -9999 -9999 -9999 -9999 -9999 -9999 -9999 -9999 -9999 -9999 -9999 -9999 -9999 -9999 -9999 -9999 -9999 -9999 -9999 -9999 -9999 -9999 -9999 -9999 -9999 -9999 -9999 -9999 -9999 -9999 -9999 -9999 -9999 -9999 -9999 -9999 -9999 -9999 -9999 -9999 -9999 -9999 -9999 -9999 -9999 -9999 -9999 -9999 -9999 -9999 -9999 -9999 -9999 -9999 -9999 -9999 -9999 -9999 -9999 -9999 -9999 -9999
-9999 -9999 -9999 -9999 -9999 -9999 -9999 -9999 -9999 -9999 -9999 -9999 -9999 -9999 -9999 -9999 -9999 -9999 -9999 -9999 -9999 -9999 -9999 -9999 -9999 -9999 -9999 -9999 -9999 -9999 -9999 -9999 -9999 -9999 -9999 -9999 -9999 -9999 -9999 -9999 -9999 -9999 -9999 -9999 -9999 -9999 -9999 -9999 -9999 -9999 -9999 -9999 -9999 -9999 -9999 -9999 -9999 -9999 -9999 -9999 -9999 -9999 -9999 -9999 -9999 -9999 -9999 -9999 -9999 -9999 -9999
-9999 -9999 -9999 -9999 -9999 -9999 -9999 -9999 -9999 -9999 -9999 -9999 -9999 -9999 -9999 -9999 -9999 -9999 -9999 -9999 -9999 -9999 -9999 -9999 -9999 -9999 -9999 -9999 -9999 -9999 -9999 -9999 -9999 -9999 -9999 -9999 -9999 -9999 -9999 -9999 -9999 -9999 -9999 -9999 -9999 -9999 -9999 -9999 -9999 -9999 -9999 -9999 -9999 -9999 -9999 -9999 -9999 -9999 -9999 -9999 -9999 -9999 -9999 -9999 -9999 -9999 -9999 -9999 -9999 -9999 -9999
-9999 -9999 -9999 -9999 -9999 -9999 -9999 -9999 -9999 -9999 -9999 -9999 -9999 -9999 -9999 -9999 -9999 -9999 -9999 -9999 -9999 -9999 -9999 -9999 -9999 -9999 -9999 -9999 -9999 -9999 -9999 -9999 -9999 -9999 -9999 -9999 -9999 -9999 -9999 -9999 -9999 -9999 -9999 -9999 -9999 -9999 -9999 -9999 -9999 -9999 -9999 -9999 -9999 -9999 -9999 -9999 -9999 -9999 -9999 -9999 -9999 -9999 -9999 -9999 -9999 -9999 -9999 -9999 -9999 -9999 -9999
-9999 -9999 -9999 -9999 -9999 -9999 -9999 -9999 -9999 -9999 -9999 -9999 -9999 -9999 -9999 -9999 -9999 -9999 -9999 -9999 -9999 -9999 -9999 -9999 -9999 -9999 -9999 -9999 -9999 -9999 -9999 -9999 -9999 -9999 -9999 -9999 -9999 -9999 -9999 -9999 -9999 -9999 137.68201 139.98900 140.44200 144.03700 143.38800 143.80701 140.76500 142.91701 139.27400 135.27400 -9999 -9999 -9999 -9999 -9999 -9999 -9999 -9999 -9999 -9999 -9999 -9999 -9999 -9999 -9999 -9999 -9999 -9999 -9999
-9999 -9999 -9999 -9999 -9999 -9999 -9999 -9999 -9999 -9999 -9999 -9999 -9999 -9999 -9999 -9999 -9999 -9999 -9999 -9999 -9999 -9999 -9999 -9999 -9999 -9999 -9999 -9999 -9999 -9999 -9999 -9999 -9999 -9999 -9999 -9999 -9999 -9999 132.58000 137.49001 136.59700 142.15100 142.77299 144.37199 147.13000 149.34399 150.88000 151.68201 151.84599 150.02400 144.35600 139.61099 132.58099 83.20950 -9999 -9999 -9999 -9999 -9999 -9999 -9999 -9999 -9999 -9999 -9999 -9999 -9999 -9999 -9999 -9999 -9999
-9999 -9999 -9999 -9999 -9999 -9999 -9999 -9999 -9999 -9999 -9999 -9999 -9999 -9999 -9999 -9999 -9999 -9999 -9999 -9999 -9999 -9999 -9999 -9999 -9999 -9999 -9999 -9999 -9999 -9999 -9999 -9999 -9999 -9999 -9999 -9999 -9999 -9999 -9999 -9999 131.89999 141.31400 142.92300 144.64999 150.21700 152.48300 156.02000 159.86301 160.79500 161.00700 155.82401 147.75800 141.16000 89.25060 -9999 -9999 -9999 -9999 -9999 -9999 -9999 -9999 -9999 -9999 -9999 -9999 -9999 -9999 -9999 -9999 -9999
-9999 -9999 -9999 -9999 -9999 -9999 -9999 -9999 -9999 -9999 -9999 -9999 -9999 -9999 -9999 -9999 -9999 -9999 -9999 -9999 -9999 -9999 -9999 -9999 -9999 -9999 -9999 -9999 -9999 -9999 -9999 -9999 -9999 -9999 -9999 -9999 -9999 -9999 -9999 -9999 -9999 -9999 -9999 -9999 167.54800 168.72099 172.07201 176.27800 179.04300 179.62300 177.70100 162.79700 156.06799 98.27870 -9999 -9999 -9999 -9999 -9999 -9999 90.37540 -9999 -9999 -9999 -9999 -9999 -9999 -9999 -9999 -9999 -9999
-9999 -9999 -9999 -9999 -9999 -9999 -9999 -9999 -9999 -9999 -9999 -9999 -9999 -9999 -9999 -9999 -9999 -9999 -9999 -9999 -9999 -9999 -9999 -9999 -9999 -9999 -9999 -9999 -9999 -9999 -9999 -9999 -9999 -9999 -9999 -9999 -9999 -9999 -9999 -9999 -9999 155.07899 156.15900 162.05600 167.88499 169.95000 172.91299 175.76601 177.70500 179.81400 174.50400 161.12900 151.03000 140.17500 -9999 -9999 -9999 -9999 -9999 91.94390 86.86460 85.28380 79.84650 75.51250 73.24850 71.39010 69.56190 68.99340 66.26830 66.59600 66.84940
-9999 -9999 -9999 -9999 -9999 -9999 -9999 -9999 -9999 -9999 -9999 -9999 -9999 -9999 -9999 -9999 -9999 -9999 -9999 -9999 -9999 -9999 -9999 -9999 -9999 -9999 -9999 -9999 -9999 -9999 -9999 -9999 -9999 -9999 -9999 -9999 -9999 -9999 -9999 -9999 -9999 154.47800 160.77901 169.17799 170.62199 172.10500 173.02699 170.32201 173.26700 171.69200 162.58299 149.31799 138.44800 126.69600 121.28200 110.53500 103.19400 -9999 94.48710 94.02420 87.34640 84.32650 81.37430 75.09940 73.15120 70.81770 69.53620 71.03940 69.30420 67.91930 67.29770
-9999 -9999 -9999 -9999 -9999 -9999 -9999 -9999 -9999 -9999 -9999 -9999 -9999 -9999 -9999 -9999 -9999 -9999 -9999 -9999 -9999 -9999 -9999 -9999 -9999 -9999 -9999 -9999 -9999 -9999 -9999 -9999 -9999 -9999 -9999 129.08501 132.94800 139.67101 143.00101 151.03600 153.99001 157.68600 163.49699 170.55600 174.75700 177.16800 175.89600 175.25101 175.75900 173.16499 165.22400 151.16499 139.68600 128.11099 118.64600 106.62900 100.53800 95.11850 91.07560 88.54190 83.90860 81.64090 78.88070 68.85160 68.31270 69.42080 68.26450 68.02400 68.09320 65.41770 65.24560
-9999 -9999 -9999 -9999 -9999 -9999 -9999 -9999 -9999 -9999 -9999 -9999 -9999 -9999 -9999 -9999 -9999 -9999 -9999 -9999 -9999 -9999 -9999 -9999 -9999 -9999 -9999 -9999 -9999 -9999 -9999 -9999 -9999 -9999 123.64900 131.09000 137.14000 138.45599 143.99300 147.49800 155.38699 158.24200 165.07001 169.39999 168.11600 174.28900 174.49100 172.03999 172.57300 162.91800 158.50700 153.43500 142.06799 126.71300 119.80500 107.18700 96.58300 89.69650 88.31290 88.01020 81.11750 77.04150 76.21260 69.64340 71.84180 70.29630 68.00060 64.45050 60.60690 59.92560 59.67250
-9999 -9999 -9999 -9999 -9999 -9999 -9999 -9999 -9999 -9999 -9999 -9999 -9999 -9999 -9999 -9999 -9999 -9999 -9999 -9999 -9999 -9999 -9999 -9999 -9999 -9999 -9999 -9999 -9999 -9999 -9999 -9999 -9999 120.27900 125.50900 130.11700 133.99800 136.74500 140.66800 145.49100 151.85400 156.62100 161.48199 166.89600 168.80800 168.78000 169.38600 165.56799 160.57300 155.70500 144.66100 137.14101 119.42500 114.58900 107.56000 96.10610 88.90190 86.47540 83.08130 81.40140 75.89910 72.07160 71.05470 71.13890 69.78030 66.14780 64.51260 60.17970 59.36640 59.01980 56.04910
-9999 -9999 -9999 -9999 -9999 -9999 -9999 -9999 -9999 -9999 -9999 -9999 -9999 -9999 -9999 -9999 -9999 -9999 -9999 -9999 -9999 -9999 -9999 -9999 -9999 -9999 -9999 -9999 -9999 -9999 -9999 113.70000 116.87600 118.60900 121.27100 122.37600 127.44500 131.25200 139.40700 143.64700 146.85699 152.86700 157.48100 162.44501 162.92900 161.96201 161.16701 152.37601 147.37601 142.00600 131.66200 123.25300 103.70700 105.47600 100.69900 91.08930 86.76890 80.11780 73.63730 72.12770 71.16120 68.52970 68.28430 67.22820 66.65490 63.47290 64.60730 61.55620 62.15210 55.61420 53.69760
-9999 -9999 -9999 -9999 -9999 -9999 -9999 -9999 -9999 -9999 -9999 -9999 -9999 -9999 -9999 -9999 -9999 -9999 -9999 -9999 -9999 -9999 -9999 -9999 -9999 -9999 -9999 -9999 -9999 101.37000 104.66500 113.05100 114.84800 116.49900 118.27600 119.49800 123.41100 131.18700 135.70100 139.47400 144.73900 147.25700 151.62399 156.23199 155.91000 149.56700 147.62300 144.12300 138.22900 132.81500 123.26000 112.88300 100.32800 99.15060 89.13060 85.60580 80.79330 74.85600 71.59120 72.13570 67.08910 64.54850 63.16930 61.67060 61.12240 61.24170 58.82480 57.26310 55.89770 56.52200 56.41970
-9999 -9999 -9999 -9999 -9999 -9999 -9999 -9999 -9999 -9999 -9999 -9999 -9999 -9999 -9999 -9999 -9999 -9999 -9999 -9999 -9999 -9999 -9999 -9999 100.02600 99.09390 99.18490 100.54300 102.19100 101.68800 103.54100 105.06500 105.70100 105.92400 108.97800 113.75800 116.69600 120.82100 124.85700 131.55200 133.88000 142.24200 146.36301 142.45900 141.45599 142.66200 139.48500 133.64200 131.48000 121.06500 117.85700 105.12700 98.54550 94.93460 86.08390 81.04960 76.34040 74.54470 68.70460 65.89930 63.79130 62.30780 59.87200 59.29510 58.14430 58.60250 58.34650 58.30510 60.05120 53.32690 47.36180
-9999 -9999 -9999 -9999 -9999 -9999 107.74700 107.31200 109.39500 109.69500 111.25800 -9999 -9999 -9999 -9999 -9999 -9999 -9999 -9999 -9999 -9999 105.54200 102.50300 97.62060 96.53650 95.90010 95.40200 100.93700 99.80430 101.12900 101.95600 102.23500 104.01900 104.06300 106.35400 111.43600 115.26300 120.71600 123.76900 129.27000 131.41800 133.95599 137.14999 137.06500 137.41499 136.38800 136.97099 129.76601 125.35400 117.79300 110.89800 102.88700 93.98820 90.65130 86.33110 79.61700 74.93230 71.28280 66.16040 64.98500 62.74950 61.76300 57.58420 56.89000 57.28560 60.02800 60.75960 58.04990 59.80180 57.31330 54.26950
-9999 -9999 -9999 -9999 -9999 110.57000 107.73600 106.09200 109.98400 106.08200 110.53900 112.55500 111.43000 110.29700 -9999 -9999 -9999 104.53100 103.55400 101.79100 100.64000 100.20300 93.83200 92.65120 92.08360 89.44700 93.07440 94.41610 96.35900 96.22060 98.12030 98.63570 101.50600 101.50900 106.11600 109.21200 109.95900 116.50100 121.96000 126.39100 128.39700 129.37300 128.57700 129.77200 133.59100 129.95200 125.95200 123.12400 118.15700 112.73600 108.38600 99.41160 94.06480 86.74410 81.94820 75.88990 72.00320 67.74330 68.01500 61.79240 59.58730 58.18610 57.14890 57.27030 55.06640 51.23060 55.67260 54.98800 54.52770 59.20530 57.27780
-9999 107.70700 107.87400 111.71600 113.17900 109.96900 111.48300 109.61900 111.14800 109.24700 109.60900 115.77900 115.09900 113.12100 110.99400 109.75800 109.13100 105.73000 105.34300 104.24100 102.13700 97.91490 96.19880 92.55340 91.29970 89.83110 88.76880 91.20510 91.97830 95.38250 94.76470 94.19520 97.59460 97.99520 99.88170 104.27000 108.83100 112.03800 117.64600 123.15700 123.21200 123.55200 122.66500 125.51200 125.15400 122.49100 121.47800 119.07400 113.96200 111.21100 100.65700 92.81970 87.22790 81.83180 76.85850 71.26510 68.61780 68.04430 64.81000 62.88140 60.72200 58.40310 55.64820 56.54330 54.05000 53.13070 55.20360 52.67590 54.80970 54.63120 54.04630
-9999 117.59700 114.44400 112.67600 111.19900 111.25900 113.46500 109.92900 109.90400 111.12000 114.66000 112.08400 111.89800 112.85700 109.74800 109.57300 104.42600 106.83300 104.71700 104.56200 105.57900 102.88100 99.00860 94.98480 93.68430 94.07720 93.51990 95.01570 93.79590 95.19710 96.02260 95.00550 93.88520 96.42370 97.01360 100.48700 103.40600 105.70400 112.98300 116.05400 117.74700 114.57100 115.20900 116.63800 116.54800 114.01200 113.42400 110.23200 109.50300 104.15400 98.58880 95.51930 87.15720 80.98010 73.98610 69.99530 64.17620 65.02150 63.31150 61.12270 61.65230 56.25600 56.53500 57.78180 57.82020 54.69870 55.06150 54.09070 55.90540 56.12510 57.27220
-9999 -9999 -9999 117.53400 116.38400 115.50500 114.84900 110.63600 111.26600 111.17900 112.97300 111.41800 111.17100 111.96400 110.99400 108.53300 106.30600 107.27500 108.58500 110.80000 107.03000 106.16300 103.03500 98.54270 94.73690 94.13020 92.21370 95.04110 94.15560 93.82700 93.51130 93.12140 93.52300 94.37920 95.58930 97.67710 99.19740 103.36600 103.80400 108.14400 110.93900 111.13500 108.37500 109.18200 110.13500 109.09100 107.25100 107.71400 104.48800 104.04900 97.35610 92.29820 85.49940 79.76680 74.29900 67.12300 64.75630 64.30440 63.66440 60.29350 62.23450 58.21800 58.33320 56.02240 55.60180 57.45200 59.65970 56.07540 58.74150 56.26710 57.65660
-9999 -9999 -9999 -9999 -9999 -9999 117.22800 113.26700 113.69700 111.71700 111.00300 110.64800 111.26600 109.66800 109.93200 107.80200 107.61000 109.19000 109.15400 112.66800 109.93800 106.18100 104.52100 101.19800 99.72720 97.57600 94.16650 97.99160 96.60900 95.60320 94.38870 91.90070 91.33910 94.30760 95.57160 97.93000 97.90000 99.92790 100.02300 100.70300 104.68400 103.24800 104.73900 108.24700 107.62800 105.66500 106.32600 105.54000 106.57600 103.48300 97.70330 92.44380 84.82460 79.66960 74.09620 66.19620 63.70840 67.00150 65.17610 61.38080 59.93130 57.19300 54.72800 51.78730 56.01540 53.85530 58.07030 57.84980 57.30790 58.58890 61.54810
-9999 -9999 -9999 -9999 -9999 -9999 119.67000 116.04900 117.78100 114.36500 113.55600 112.23500 111.55800 109.38100 109.56300 110.86600 110.71200 114.37600 113.62300 115.23600 116.37400 114.75900 111.27300 107.34400 104.28500 102.97500 97.83560 97.45630 96.98970 96.33990 96.98220 95.48170 95.32510 96.27700 95.73900 96.83820 99.14210 97.31000 100.30200 97.22720 95.96870 97.76110 100.84500 101.34800 104.62700 104.29400 105.32500 103.85600 108.32800 106.57500 102.90400 95.25840 85.72890 79.21520 74.77460 71.98220 68.83000 70.64170 69.15690 64.76050 58.71390 59.69720 58.96690 58.24550 57.06320 58.40970 60.33920 60.51720 61.55860 65.67370 64.82250
-9999 -9999 -9999 -9999 -9999 -9999 -9999 -9999 -9999 -9999 114.06700 117.10700 115.40100 113.00500 116.38000 115.80700 116.68600 120.03100 120.96500 123.30400 124.99700 123.73400 118.44700 114.89200 111.84500 110.98500 108.65400 105.15700 98.61160 98.60730 97.21000 98.42130 97.95580 97.22250 97.63780 95.18450 94.86800 93.62820 93.30020 94.85540 95.12820 93.34550 93.94400 95.83010 99.03490 103.38000 102.75900 106.38100 106.46000 108.22900 106.07500 94.93330 87.00650 79.65430 76.44660 72.52310 74.58090 71.34880 70.80450 69.00770 70.85630 71.13060 71.43270 64.57580 64.05470 64.69720 64.57560 65.93360 66.79760 71.86040 74.62600
-9999 -9999 -9999 -9999 -9999 -9999 -9999 -9999 -9999 -9999 112.37000 114.30200 113.88200 115.19200 117.45000 119.98000 123.84300 128.86700 131.53500 133.17900 130.42999 129.36000 125.15600 123.07600 118.97300 115.73100 112.40500 107.49300 105.37100 98.05680 97.88870 100.22800 100.21600 99.88580 98.74820 96.23440 95.37480 95.73480 96.62900 97.16510 98.03070 98.59840 97.33810 95.83930 97.88160 97.80300 97.68820 98.92230 97.22990 98.39080 93.31180 90.12920 83.63260 80.29100 79.75750 77.20540 74.45040 74.67410 72.77450 73.87890 73.33220 76.70540 75.39570 75.42210 75.42220 75.33390 73.57800 73.08670 73.02890 76.48490 78.21860
-9999 -9999 -9999 -9999 -9999 -9999 -9999 -9999 -9999 -9999 -9999 -9999 114.84600 120.97900 126.66700 135.82600 137.80701 138.88600 141.53400 139.57201 137.52200 136.22099 131.35699 127.69200 121.82700 117.31600 114.16200 107.49500 101.49300 99.20230 99.22560 97.42800 98.41230 99.72990 100.72100 97.74440 96.98610 94.43280 95.66870 96.20790 95.14590 97.88630 97.50310 93.20790 94.45380 96.58590 96.50060 94.65670 91.82700 93.23400 91.05590 86.75440 85.49370 80.60910 79.61130 76.72730 77.60320 73.22000 75.48970 78.55240 77.16980 79.07850 80.17770 75.23480 75.59260 74.76040 77.49140 81.23820 81.28420 82.47330 80.62770
-9999 -9999 -9999 -9999 -9999 -9999 -9999 -9999 -9999 -9999 -9999 -9999 113.98000 119.00500 127.44900 133.07100 139.94299 143.05800 145.52000 146.25999 141.36700 139.81900 135.71001 130.28200 125.50800 120.52300 113.19600 107.25100 101.08500 96.63900 93.79860 96.68260 96.59210 98.90650 98.56970 96.42660 97.12910 97.63200 96.81130 99.00770 96.75620 95.38780 96.40030 94.39250 94.28360 93.85400 93.69180 94.64360 93.09500 88.62130 89.65610 86.99800 85.04340 79.70090 79.56150 79.58430 78.30550 77.55060 78.29640 82.83620 83.79710 84.38280 82.42290 81.61180 81.35060 83.28130 83.64120 85.46030 86.43590 85.44410 84.90950
-9999 -9999 -9999 -9999 -9999 -9999 -9999 -9999 -9999 -9999 -9999 109.48900 118.01100 118.27200 124.44500 127.37800 137.52901 140.10201 146.29401 147.95500 142.17300 144.85100 136.83200 135.52800 129.09700 125.09200 116.41600 104.64100 99.56720 97.36110 92.91270 92.57290 92.21010 93.04320 94.29710 95.66020 97.75750 96.76300 98.75420 101.42300 99.89570 100.69300 98.33600 96.04710 94.90310 95.18460 95.69490 95.35420 92.22720 90.74080 91.52460 88.73030 88.58070 87.53250 87.30190 83.51030 81.48180 82.37090 82.61980 87.29460 86.19100 85.97680 88.97660 91.14050 89.30030 87.99820 90.25640 89.60470 94.25250 92.61350 89.96360
