data/hydroclimate-scenarios/BCSD_hadcm_A1B/monthly_summaries/swe_monthly_day1_nov.2070-2099.asc
ncols	311
nrows	91
xllcenter	102.75
yllcenter	31.75
cellsize	0.5
NODATA_value	-9999
[rows 0 to 31 of 91, columns 73 to 145 of 311]
-9999 -9999 -9999 -9999 -9999 -9999 -9999 -9999 -9999 -9999 -9999 -9999 -9999 -9999 -9999 -9999 -9999 -9999 -9999 -9999 -9999 -9999 -9999 -9999 -9999 -9999 -9999 -9999 -9999 -9999 -9999 -9999 -9999 -9999 -9999 -9999 -9999 -9999 -9999 -9999 -9999 -9999 -9999 -9999 -9999 -9999 -9999 -9999 -9999 -9999 -9999 -9999 -9999 -9999 -9999 -9999 -9999 -9999 -9999 -9999 -9999 -9999 -9999 -9999 -9999 -9999 -9999 -9999 -9999 -9999 -9999 -9999 -9999
-9999 -9999 -9999 -9999 -9999 -9999 -9999 -9999 -9999 -9999 -9999 -9999 -9999 -9999 -9999 -9999 -9999 -9999 -9999 -9999 -9999 -9999 -9999 -9999 -9999 -9999 -9999 -9999 -9999 -9999 -9999 -9999 -9999 -9999 -9999 -9999 -9999 -9999 -9999 -9999 -9999 -9999 -9999 -9999 -9999 -9999 -9999 -9999 -9999 -9999 -9999 -9999 -9999 -9999 -9999 -9999 -9999 -9999 -9999 -9999 -9999 -9999 -9999 -9999 -9999 -9999 -9999 -9999 -9999 -9999 -9999 -9999 -9999
-9999 -9999 -9999 -9999 -9999 -9999 -9999 -9999 -9999 -9999 -9999 -9999 -9999 -9999 -9999 -9999 -9999 -9999 -9999 -9999 -9999 -9999 -9999 -9999 -9999 -9999 -9999 -9999 -9999 -9999 -9999 -9999 -9999 -9999 -9999 -9999 -9999 -9999 -9999 -9999 -9999 -9999 -9999 -9999 -9999 -9999 -9999 -9999 -9999 -9999 -9999 -9999 -9999 -9999 -9999 -9999 -9999 -9999 -9999 -9999 -9999 -9999 -9999 -9999 -9999 -9999 -9999 -9999 -9999 -9999 -9999 -9999 -9999
-9999 -9999 -9999 -9999 -9999 -9999 -9999 -9999 -9999 -9999 -9999 -9999 -9999 -9999 -9999 -9999 -9999 -9999 -9999 -9999 -9999 -9999 -9999 -9999 -9999 -9999 -9999 -9999 -9999 -9999 -9999 -9999 -9999 -9999 -9999 -9999 -9999 -9999 -9999 -9999 -9999 -9999 -9999 -9999 -9999 -9999 -9999 -9999 -9999 -9999 -9999 -9999 -9999 -9999 -9999 -9999 -9999 -9999 -9999 -9999 -9999 -9999 -9999 -9999 -9999 -9999 -9999 -9999 -9999 -9999 -9999 -9999 -9999
-9999 -9999 -9999 -9999 -9999 -9999 -9999 -9999 -9999 -9999 -9999 -9999 -9999 -9999 -9999 -9999 -9999 -9999 -9999 -9999 -9999 -9999 -9999 -9999 -9999 -9999 -9999 -9999 -9999 -9999 -9999 -9999 -9999 -9999 -9999 -9999 -9999 -9999 -9999 -9999 -9999 -9999 -9999 -9999 -9999 -9999 -9999 -9999 -9999 -9999 -9999 -9999 -9999 -9999 -9999 -9999 -9999 -9999 -9999 -9999 -9999 -9999 -9999 -9999 -9999 -9999 -9999 -9999 -9999 -9999 -9999 -9999 -9999
-9999 -9999 -9999 -9999 -9999 -9999 -9999 -9999 -9999 -9999 -9999 -9999 -9999 -9999 -9999 -9999 -9999 -9999 -9999 -9999 -9999 -9999 -9999 -9999 -9999 -9999 -9999 -9999 -9999 -9999 -9999 -9999 -9999 -9999 -9999 -9999 -9999 -9999 -9999 -9999 -9999 -9999 -9999 -9999 -9999 -9999 -9999 -9999 -9999 -9999 -9999 -9999 -9999 -9999 -9999 -9999 -9999 -9999 -9999 -9999 -9999 -9999 -9999 -9999 -9999 -9999 -9999 -9999 -9999 -9999 -9999 -9999 -9999
-9999 -9999 -9999 -9999 -9999 -9999 -9999 -9999 -9999 -9999 -9999 -9999 -9999 -9999 -9999 -9999 -9999 -9999 -9999 -9999 -9999 -9999 -9999 -9999 -9999 -9999 -9999 -9999 -9999 -9999 -9999 -9999 -9999 -9999 -9999 -9999 -9999 -9999 -9999 -9999 -9999 -9999 -9999 -9999 -9999 -9999 -9999 -9999 -9999 -9999 -9999 -9999 -9999 -9999 -9999 -9999 -9999 -9999 -9999 -9999 -9999 -9999 -9999 -9999 -9999 -9999 -9999 -9999 -9999 -9999 -9999 -9999 -9999
-9999 -9999 -9999 -9999 -9999 -9999 -9999 -9999 -9999 -9999 -9999 -9999 -9999 -9999 -9999 -9999 -9999 -9999 -9999 -9999 -9999 -9999 -9999 -9999 -9999 -9999 -9999 -9999 -9999 -9999 -9999 -9999 -9999 -9999 -9999 -9999 -9999 -9999 -9999 -9999 -9999 -9999 -9999 -9999 -9999 -9999 -9999 -9999 -9999 -9999 -9999 -9999 -9999 -9999 -9999 -9999 -9999 -9999 -9999 -9999 -9999 -9999 -9999 -9999 -9999 -9999 -9999 -9999 -9999 -9999 -9999 -9999 -9999
-9999 -9999 -9999 -9999 19.31210 -9999 -9999 -9999 -9999 -9999 -9999 -9999 -9999 -9999 -9999 -9999 -9999 -9999 -9999 -9999 -9999 -9999 -9999 -9999 -9999 -9999 -9999 -9999 -9999 -9999 -9999 -9999 -9999 -9999 -9999 -9999 -9999 -9999 -9999 -9999 -9999 -9999 -9999 -9999 -9999 -9999 -9999 -9999 -9999 -9999 -9999 -9999 -9999 -9999 -9999 -9999 -9999 -9999 -9999 -9999 -9999 -9999 -9999 -9999 -9999 -9999 -9999 -9999 -9999 -9999 -9999 -9999 -9999
19.21460 16.50860 18.50390 18.91500 19.02850 21.24170 22.10600 24.53580 26.47380 26.69670 27.18820 27.06350 27.06610 27.42300 27.68770 29.06720 30.10390 30.11760 29.24020 27.84610 -9999 -9999 -9999 -9999 -9999 -9999 -9999 -9999 -9999 -9999 -9999 -9999 -9999 -9999 -9999 -9999 -9999 -9999 -9999 -9999 -9999 -9999 -9999 -9999 -9999 -9999 -9999 -9999 -9999 -9999 -9999 -9999 -9999 -9999 -9999 -9999 -9999 -9999 -9999 -9999 -9999 -9999 -9999 -9999 -9999 -9999 -9999 -9999 -9999 -9999 -9999 -9999 -9999
-9999 -9999 23.13460 23.20610 27.32640 27.11750 29.12670 29.54550 30.33200 30.07490 30.73470 32.85950 31.34330 31.23400 33.39250 33.25850 35.72780 35.84220 35.61130 34.06840 -9999 -9999 -9999 -9999 -9999 -9999 -9999 -9999 -9999 -9999 -9999 -9999 -9999 -9999 -9999 -9999 -9999 -9999 -9999 -9999 -9999 -9999 -9999 -9999 -9999 -9999 -9999 -9999 -9999 -9999 -9999 -9999 -9999 -9999 -9999 -9999 -9999 -9999 -9999 -9999 -9999 -9999 -9999 -9999 -9999 -9999 -9999 -9999 -9999 -9999 -9999 -9999 -9999
22.18350 22.29200 23.64850 23.57110 27.68320 27.69290 29.41550 30.11960 30.98880 31.11960 30.95510 33.07010 31.78320 33.38620 34.21960 35.84800 36.86810 38.35710 36.81710 36.56690 35.04530 35.27170 32.35330 32.39920 29.33760 29.08260 -9999 -9999 -9999 -9999 -9999 -9999 -9999 -9999 -9999 -9999 -9999 -9999 -9999 -9999 -9999 -9999 -9999 -9999 -9999 -9999 -9999 -9999 -9999 -9999 -9999 -9999 -9999 -9999 -9999 -9999 -9999 -9999 -9999 -9999 -9999 -9999 -9999 -9999 -9999 -9999 -9999 -9999 -9999 -9999 -9999 -9999 -9999
25.99890 26.28240 26.07510 28.00530 29.96330 30.29520 30.38340 30.78810 31.38750 32.16130 33.19280 34.96540 36.95160 38.78130 36.79200 38.10990 40.11210 41.84320 39.48260 38.01350 37.78380 36.03070 33.25240 31.19590 29.70120 28.33160 28.63460 29.36130 29.37550 29.23440 26.76040 24.72420 26.10530 25.75270 23.12580 22.80580 21.13730 19.68780 19.79300 19.99760 19.31950 -9999 -9999 -9999 -9999 -9999 -9999 -9999 -9999 -9999 -9999 -9999 -9999 -9999 -9999 -9999 -9999 -9999 -9999 -9999 -9999 -9999 -9999 -9999 -9999 -9999 -9999 -9999 -9999 -9999 -9999 -9999 -9999
25.68140 26.01660 26.30660 27.88360 30.06480 29.66050 30.22920 30.56130 32.14150 32.47350 33.72380 35.83780 37.17820 38.80060 38.07160 37.60970 40.05550 40.60870 40.25680 39.29550 38.85150 37.47610 33.49970 32.35410 29.27570 29.25990 30.75290 29.70730 30.71370 30.34430 25.09870 24.57380 26.20800 24.06080 24.18970 23.51960 20.21810 20.01340 20.22670 20.54930 20.27930 20.23750 -9999 -9999 -9999 -9999 -9999 -9999 -9999 -9999 -9999 -9999 -9999 -9999 -9999 -9999 -9999 -9999 -9999 -9999 -9999 -9999 -9999 -9999 -9999 -9999 -9999 -9999 -9999 -9999 -9999 -9999 -9999
26.90350 25.87830 27.93670 27.52510 26.36710 28.55210 28.97830 30.81860 32.88000 33.93300 34.77470 34.35960 37.36210 38.73470 36.07110 37.19400 36.55610 39.17150 36.62040 37.07920 36.35240 34.41690 33.77980 32.89020 30.80130 30.34990 31.26020 31.27440 31.45940 29.30920 28.20360 27.80440 26.56020 26.35070 26.46630 24.08460 24.15680 23.92620 22.08590 20.45970 22.01920 21.73040 -9999 -9999 -9999 -9999 -9999 -9999 -9999 -9999 -9999 -9999 -9999 -9999 -9999 -9999 -9999 17.49450 17.75350 -9999 -9999 -9999 -9999 22.51350 22.97270 24.89150 25.44370 25.53410 25.08370 27.06260 26.78640 29.28140 28.93860
26.15120 26.72840 26.78900 28.30730 26.38510 27.22470 28.22940 28.83070 31.08140 32.98490 33.06210 34.92150 37.84580 36.72990 35.31150 34.53060 35.15240 34.90110 35.25250 35.57980 32.94200 31.04700 30.68820 31.76050 31.99600 32.42070 32.81410 30.75710 31.10130 30.70370 29.70780 27.49840 27.30770 26.69330 25.40680 25.44440 24.90080 24.80290 21.34650 21.51830 22.52410 22.47010 20.18210 20.11780 21.95610 22.99600 20.86600 21.69030 21.67240 20.15090 22.11920 22.01460 21.19930 21.47690 18.22090 18.26180 17.26180 18.35940 18.98040 -9999 -9999 -9999 -9999 -9999 22.41110 23.40470 26.16750 28.23240 28.25380 29.92310 30.77740 32.12430 31.07580
26.45770 27.60360 27.83220 27.46580 28.95670 29.23650 26.86120 28.14780 27.33370 29.34470 32.12850 33.96940 33.81680 33.36530 32.44250 31.16100 30.03170 31.38700 31.78890 31.98550 28.54510 28.46280 30.05570 30.32840 29.95510 30.01320 28.60050 27.27100 29.18810 28.65020 27.24900 27.02800 25.62430 22.86990 22.39710 22.01530 23.05390 22.29050 22.02560 21.98130 20.93880 21.29340 22.12660 22.19160 22.23500 22.02770 22.28310 23.01900 23.48650 22.63450 23.82800 24.31360 25.64030 23.75580 20.86730 20.88430 21.74180 19.95580 22.38010 22.93660 24.02330 23.97220 23.71640 25.62770 24.84720 27.22460 27.01880 28.14870 30.50450 29.76530 31.33950 33.69260 38.25030
27.13270 27.65210 29.01190 28.07590 27.84930 27.93220 26.07000 27.78180 27.06470 28.13890 31.82550 33.55630 32.78440 31.08720 29.91720 31.24840 28.64440 29.87360 30.31860 30.40320 29.03630 28.65450 28.41020 29.14280 28.12690 29.81190 28.15230 26.84880 28.71290 28.02790 25.45220 26.30300 24.47570 23.26700 23.33970 21.52190 23.29980 22.34930 22.03710 23.64000 22.52020 18.72460 18.20620 19.58520 21.80920 22.88530 19.60760 20.99880 21.03500 22.33590 23.81740 24.94540 24.78600 25.99500 22.02000 21.72740 22.84610 23.38130 23.74150 25.74460 25.79080 26.23970 25.99770 25.30010 24.92820 24.00740 24.36910 26.52520 29.96760 30.27180 34.51800 35.25370 39.44600
25.38840 25.42650 27.93700 27.15990 26.66060 26.51280 28.16970 27.79760 25.99650 27.82220 29.05950 28.11500 29.05620 27.81770 29.58750 29.40930 26.98950 27.40350 29.64260 29.39500 30.65960 31.44590 29.56270 28.08530 27.13830 27.89310 29.58840 29.24170 30.33010 31.07000 30.46350 29.36930 25.66180 25.00240 22.13770 23.13870 23.79190 22.38930 22.28270 21.76540 24.31980 22.85060 22.30010 20.51840 18.22710 18.33030 18.44740 20.41980 24.38130 25.26990 25.39270 26.15840 24.96150 25.35960 21.56360 22.26700 24.52140 25.09100 24.75560 25.30540 26.34350 27.33820 26.16260 26.41650 25.52100 24.33820 26.05960 26.47280 28.53110 29.97560 28.78210 30.52760 32.11630
27.86340 26.58610 28.54080 29.18040 25.92470 25.03320 26.61450 27.34600 27.94600 27.75300 26.72900 27.50310 28.97360 30.35480 29.64340 29.79510 26.87700 27.01490 27.72060 28.81720 30.23930 30.99150 28.97130 27.17620 27.13870 28.14410 25.12540 26.96980 30.62680 28.66360 30.57590 30.80500 28.66570 27.19720 25.38350 23.46700 25.05710 25.35930 24.66740 23.16870 21.82960 21.94990 23.40480 22.74130 19.37680 17.18820 17.36510 18.67200 23.55320 24.59690 25.24600 24.16140 24.80020 25.81700 23.01820 23.45190 24.72900 23.48670 23.35850 23.55250 23.81460 27.51050 27.97220 28.22390 29.42670 26.53530 27.83930 26.94230 27.42820 22.01730 24.15380 26.81300 29.10350
28.11550 29.85290 31.44870 30.19950 27.25520 26.88450 28.85900 25.30840 25.34170 25.79870 26.53720 28.06380 29.44590 29.87450 28.67390 28.42620 26.51860 27.52220 26.22460 26.09790 26.03750 28.25510 29.15550 28.38210 29.48350 30.12560 27.99910 28.15890 31.64750 32.89870 35.46840 34.67670 29.63500 28.42920 26.34120 27.01800 24.73380 23.69850 23.11640 22.07020 25.29950 24.46780 21.77320 19.83940 19.17340 18.72390 18.45460 18.32130 18.91540 20.63580 19.76070 20.79150 20.66530 21.26400 22.67880 23.84180 23.25500 25.66350 27.21000 27.71750 28.54390 28.30230 25.15330 24.67380 25.72550 27.47020 25.67830 24.65170 23.29910 19.75520 19.12450 23.63240 29.08920
31.94780 31.22990 33.47780 33.16380 29.46200 28.49260 28.35150 26.50460 23.31160 24.85330 25.92180 27.32990 28.99260 28.64570 28.80240 29.61920 26.77560 26.84750 26.18930 26.17760 25.72950 27.69670 27.63470 29.79970 30.79880 31.21640 30.27600 31.13760 33.47110 33.86150 35.03360 34.51550 30.17400 29.23080 27.32850 27.10470 25.38230 24.87310 23.58690 23.06100 26.29320 26.02480 23.43530 24.07140 23.85110 23.34130 21.33910 20.42740 23.64300 24.74800 25.16340 25.56630 23.01470 22.94040 24.33960 24.94000 24.00470 26.59770 27.35490 29.07010 30.26340 27.96410 25.84360 25.76520 27.45580 26.47380 24.54320 24.13730 19.45360 18.28610 18.74770 27.42720 27.04940
35.22090 35.25840 34.22310 33.41560 32.54780 31.82780 31.48990 28.67820 28.13660 27.66430 26.70810 28.02910 28.51900 29.08110 28.22470 29.47750 29.69160 28.98300 28.94800 29.56030 27.97980 29.08650 30.83840 31.24430 31.53300 32.21430 31.84630 31.04550 31.90430 32.04160 30.48000 30.31350 28.04580 26.11900 25.00500 24.95110 26.17380 24.45090 24.89570 23.39140 23.42520 22.99590 26.45070 26.08730 26.14530 25.13820 23.08580 25.02150 25.66900 24.62310 23.75250 24.38150 24.09900 25.81070 23.43750 25.28970 27.02020 25.10170 28.02450 28.51090 29.16480 28.49070 31.91920 30.37390 25.50090 24.23890 21.86590 20.29190 17.33660 17.73590 23.25390 27.50650 20.09800
37.11950 37.90110 36.95600 37.10170 34.61460 33.36840 35.15590 29.35580 29.17700 30.99820 29.49670 28.60240 29.74480 30.15830 29.87110 30.41580 29.22170 29.82300 30.42120 30.78430 29.42330 28.99740 30.59390 31.75790 31.16730 32.01920 30.59660 30.51910 32.14310 31.75260 30.58860 29.53270 26.55960 26.39230 26.31650 25.58890 25.37120 25.82230 28.31250 27.44900 25.78840 24.86760 24.31660 23.83380 25.12780 26.74470 24.74460 25.62120 26.30380 25.82220 23.55390 24.14160 24.84250 25.39200 25.68200 26.72310 26.09700 25.30180 25.71480 25.52250 29.24060 31.13630 29.81570 26.91980 22.84810 22.10630 19.00080 19.56590 19.31630 17.85880 18.89400 18.06720 18.44460
41.08150 39.22900 36.24640 36.55680 35.26120 33.54950 31.79570 29.63540 28.94510 30.82130 30.97870 30.68380 33.19600 33.84130 33.08290 31.84590 29.29190 27.50610 28.39300 29.27680 28.99880 28.89560 30.95320 30.25970 28.93890 30.74470 30.02640 30.02270 30.95840 29.66070 30.68650 29.40610 29.63250 28.52500 25.79520 26.77630 25.07580 25.77000 27.60880 27.56970 28.85900 26.41530 21.80690 20.68960 23.70630 24.81990 28.08220 31.37020 31.15430 28.06470 24.39500 26.44430 24.29810 25.14430 28.00250 27.14910 31.66020 30.80560 29.80220 29.30160 29.18220 29.08200 24.24870 23.07100 21.77850 23.16840 29.13170 26.67570 21.59050 19.22820 16.84800 17.78030 20.86700
43.35800 43.30670 38.79890 37.24350 35.74000 32.85740 30.63650 28.01720 29.06190 31.23390 30.61740 32.16570 33.39620 35.44280 31.68260 31.98080 31.78900 30.37830 28.48650 29.80210 31.28400 30.35000 32.78140 32.79610 31.96460 32.08670 32.00730 32.64410 31.60050 30.77690 30.42190 30.45150 29.61930 29.22740 26.89810 27.61330 25.81820 27.64770 30.33550 29.01840 29.59780 31.30540 29.37160 24.29820 25.41590 25.12100 24.84350 27.18420 29.09370 24.77880 19.61370 18.57980 16.64820 17.98800 23.83000 26.96100 28.12980 30.81650 27.91540 29.47350 29.07230 29.66190 24.25080 22.73670 20.77860 20.63840 27.27330 30.15990 25.57630 21.70640 16.77040 21.55820 24.23190
44.54170 43.89810 44.86980 41.56100 34.93570 33.75710 32.69450 29.57100 29.30610 30.37010 37.86030 38.54610 35.70590 35.78400 39.08960 41.11340 36.83360 37.27680 35.31320 35.72880 35.40780 34.99220 34.62920 33.00110 32.99120 33.30830 32.29130 32.82390 31.16290 32.23020 28.88160 29.84630 30.93790 28.57890 28.15510 30.33490 27.66820 27.07520 33.23670 33.77070 34.00730 31.54210 28.46820 26.17840 26.40090 26.74660 25.17470 27.65840 27.38830 28.00250 26.29490 26.82000 26.23670 25.83750 28.93260 24.49430 22.94810 22.43840 20.03810 23.31020 24.79920 25.77240 24.97530 24.38230 25.87480 25.86380 30.57370 32.54650 31.49650 26.96960 22.81630 20.15400 19.93300
46.29650 45.61280 48.47930 42.65470 37.39450 34.79000 35.36480 32.40630 30.19250 31.47920 37.11070 41.43000 37.85500 37.97530 42.28480 41.39360 39.95640 39.40400 39.94390 38.99920 38.37980 39.35800 37.35960 36.80590 36.73530 35.09780 35.30350 32.83980 33.99740 31.41950 30.44470 30.61830 32.64070 29.87310 28.75470 31.16840 30.86030 30.69300 34.25690 33.91540 33.06880 32.82970 27.86810 27.99760 23.33260 25.53030 25.62980 26.37190 25.43660 26.24540 25.07770 22.44390 24.93100 21.57200 22.93730 21.67290 21.07850 21.17500 19.69910 22.61910 24.34280 26.27310 31.29890 29.37330 32.02760 32.50340 30.86920 24.62040 24.53400 22.56750 22.87870 24.85030 35.55630
50.08890 49.91790 47.28930 43.83690 41.85570 39.42810 36.31720 35.76090 34.19920 35.38870 37.02910 38.79010 42.26780 41.45870 41.08980 40.65910 43.04950 43.11290 44.91920 47.65170 46.48420 46.27920 42.44270 38.90640 36.12200 35.83810 35.93330 34.36770 28.99910 28.99330 32.74640 32.43070 32.62030 32.13490 30.15610 32.48680 36.99980 39.85730 37.27450 36.25110 38.11920 29.54950 24.90690 22.66790 18.90260 16.17540 14.18610 12.79360 15.61050 15.85180 18.46410 20.42420 17.41750 17.70390 17.83630 15.81950 16.96440 17.60170 16.09200 17.57800 25.71380 32.51190 38.48870 36.53970 38.34650 37.54100 30.86410 27.46190 21.81670 20.01800 32.88950 28.59210 20.65180
49.57010 48.65550 49.49820 47.74690 42.27440 41.55930 39.68870 38.71480 40.21010 39.48670 41.28990 43.87290 43.79770 42.37930 44.20190 43.54930 41.28590 44.76030 46.86520 50.11800 51.61480 49.95290 43.64020 41.37710 39.77360 37.22240 38.79170 38.89970 34.05690 31.33930 34.76870 34.65500 37.22550 34.15590 32.86800 33.34840 37.92230 39.58770 38.29650 28.16960 31.64140 24.68680 14.89420 14.22130 16.03580 16.79120 17.66120 14.29090 -9999 -9999 17.52880 16.73750 11.29740 14.48650 15.36730 14.90830 17.20050 20.67960 18.13060 26.54780 35.73800 35.56770 42.61380 40.49040 44.04300 44.97360 35.42580 29.09540 23.30790 16.16030 30.02980 21.84700 13.78400
50.01260 51.34080 47.29210 45.73620 44.54500 41.53470 41.63690 41.98200 40.97090 41.09030 44.90650 44.96540 44.67880 44.72080 41.28930 41.54950 42.15580 45.47260 47.51470 47.21380 53.14710 54.32200 52.51690 48.70900 42.17750 38.02820 38.10690 37.68050 39.05940 33.22230 36.52860 39.26800 39.36170 38.07720 40.26280 33.32920 25.09710 -9999 -9999 -9999 -9999 14.29030 -9999 24.67740 35.77660 27.91600 22.68480 12.21710 -9999 -9999 17.51740 16.38240 18.45360 18.45650 10.79270 14.28680 18.73610 25.29990 30.57360 35.07660 44.24890 48.04780 40.58340 51.22340 51.77550 48.57440 39.85860 35.66830 27.07560 17.72280 -9999 -9999 -9999
50.06710 50.30330 46.35590 41.62480 44.54840 42.40190 42.00250 41.85580 40.63930 41.67160 44.25830 45.20110 44.90340 40.48810 41.02110 43.48480 46.95190 45.88760 51.09440 47.64970 55.35800 54.24880 52.98950 49.12200 41.83170 40.47180 38.35870 37.65790 39.06420 40.89860 43.65520 42.98240 44.80330 38.77000 34.40600 -9999 -9999 -9999 -9999 -9999 -9999 -9999 22.20150 24.33160 23.12410 -9999 -9999 -9999 -9999 -9999 12.47810 13.68370 26.14710 22.01960 21.20370 19.71000 16.95690 25.25150 22.18610 25.63090 38.02130 44.40540 35.77360 34.17390 39.68680 45.37010 39.37760 26.88200 -9999 -9999 -9999 -9999 -9999
