data/hydroclimate-scenarios/BCSD_hadcm_A1B/monthly_summaries/swe_monthly_day1_apr.2070-2099.asc
ncols	311
nrows	91
xllcenter	102.75
yllcenter	31.75
cellsize	0.5
NODATA_value	-9999
[rows 0 to 31 of 91, columns 0 to 70 of 311]
-9999 -9999 -9999 -9999 -9999 -9999 -9999 -9999 -9999 -9999 -9999 -9999 -9999 -9999 -9999 -9999 -9999 -9999 -9999 -9999 -9999 -9999 -9999 -9999 -9999 -9999 -9999 -9999 -9999 -9999 -9999 -9999 -9999 -9999 -9999 -9999 -9999 -9999 -9999 -9999 -9999 -9999 -9999 -9999 -9999 -9999 -9999 -9999 -9999 -9999 -9999 -9999 -9999 -9999 -9999 -9999 -9999 -9999 -9999 -9999 -9999 -9999 -9999 -9999 -9999 -9999 -9999 -9999 -9999 -9999 -9999
-9999 -9999 -9999 -9999 -9999 -9999 -9999 -9999 -9999 -9999 -9999 -9999 -9999 -9999 -9999 -9999 -9999 -9999 -9999 -9999 -9999 -9999 -9999 -9999 -9999 -9999 -9999 -9999 -9999 -9999 -9999 -9999 -9999 -9999 -9999 -9999 -9999 -9999 -9999 -9999 -9999 -9999 -9999 -9999 -9999 -9999 -9999 -9999 -9999 -9999 -9999 -9999 -9999 -9999 -9999 -9999 -9999 -9999 -9999 -9999 -9999 -9999 -9999 -9999 -9999 -9999 -9999 -9999 -9999 -9999 -9999
-9999 -9999 -9999 -9999 -9999 -9999 -9999 -9999 -9999 -9999 -9999 -9999 -9999 -9999 -9999 -9999 -9999 -9999 -9999 -9999 -9999 -9999 -9999 -9999 -9999 -9999 -9999 -9999 -9999 -9999 -9999 -9999 -9999 -9999 -9999 -9999 -9999 -9999 -9999 -9999 -9999 -9999 -9999 -9999 -9999 -9999 -9999 -9999 -9999 -9999 -9999 -9999 -9999 -9999 -9999 -9999 -9999 -9999 -9999 -9999 -9999 -9999 -9999 -9999 -9999 -9999 -9999 -9999 -9999 -9999 -9999
-9999 -9999 -9999 -9999 -9999 -9999 -9999 -9999 -9999 -9999 -9999 -9999 -9999 -9999 -9999 -9999 -9999 -9999 -9999 -9999 -9999 -9999 -9999 -9999 -9999 -9999 -9999 -9999 -9999 -9999 -9999 -9999 -9999 -9999 -9999 -9999 -9999 -9999 -9999 -9999 -9999 -9999 -9999 -9999 -9999 -9999 -9999 -9999 -9999 -9999 -9999 -9999 -9999 -9999 -9999 -9999 -9999 -9999 -9999 -9999 -9999 -9999 -9999 -9999 -9999 -9999 -9999 -9999 -9999 -9999 -9999
-9999 -9999 -9999 -9999 -9999 -9999 -9999 -9999 -9999 -9999 -9999 -9999 -9999 -9999 -9999 -9999 -9999 -9999 -9999 -9999 -9999 -9999 -9999 -9999 -9999 -9999 -9999 -9999 -9999 -9999 -9999 -9999 -9999 -9999 -9999 -9999 -9999 -9999 -9999 -9999 -9999 -9999 -9999 -9999 -9999 -9999 -9999 -9999 -9999 -9999 -9999 -9999 -9999 -9999 -9999 -9999 -9999 -9999 -9999 -9999 -9999 -9999 -9999 -9999 -9999 -9999 -9999 -9999 -9999 -9999 -9999
-9999 -9999 -9999 -9999 -9999 -9999 -9999 -9999 -9999 -9999 -9999 -9999 -9999 -9999 -9999 -9999 -9999 -9999 -9999 -9999 -9999 -9999 -9999 -9999 -9999 -9999 -9999 -9999 -9999 -9999 -9999 -9999 -9999 -9999 -9999 -9999 -9999 -9999 -9999 -9999 -9999 -9999 -9999 -9999 -9999 -9999 -9999 -9999 -9999 -9999 -9999 -9999 -9999 -9999 -9999 -9999 -9999 -9999 -9999 -9999 -9999 -9999 -9999 -9999 -9999 -9999 -9999 -9999 -9999 -9999 -9999
-9999 -9999 -9999 -9999 -9999 -9999 -9999 -9999 -9999 -9999 -9999 -9999 -9999 -9999 -9999 -9999 -9999 -9999 -9999 -9999 -9999 -9999 -9999 -9999 -9999 -9999 -9999 -9999 -9999 -9999 -9999 -9999 -9999 -9999 -9999 -9999 -9999 -9999 -9999 -9999 -9999 -9999 -9999 -9999 -9999 -9999 -9999 -9999 -9999 -9999 -9999 -9999 -9999 -9999 -9999 -9999 -9999 -9999 -9999 -9999 -9999 -9999 -9999 -9999 -9999 -9999 -9999 -9999 -9999 -9999 -9999
-9999 -9999 -9999 -9999 -9999 -9999 -9999 -9999 -9999 -9999 -9999 -9999 -9999 -9999 -9999 -9999 -9999 -9999 -9999 -9999 -9999 -9999 -9999 -9999 -9999 -9999 -9999 -9999 -9999 -9999 -9999 -9999 -9999 -9999 -9999 -9999 -9999 -9999 -9999 -9999 -9999 -9999 217.29900 218.41701 222.38499 225.24600 222.53200 222.34000 217.99100 224.35899 218.62000 213.80499 -9999 -9999 -9999 -9999 -9999 -9999 -9999 -9999 -9999 -9999 -9999 -9999 -9999 -9999 -9999 -9999 -9999 -9999 -9999
-9999 -9999 -9999 -9999 -9999 -9999 -9999 -9999 -9999 -9999 -9999 -9999 -9999 -9999 -9999 -9999 -9999 -9999 -9999 -9999 -9999 -9999 -9999 -9999 -9999 -9999 -9999 -9999 -9999 -9999 -9999 -9999 -9999 -9999 -9999 -9999 -9999 -9999 202.27800 211.78999 210.82401 221.80200 223.40401 227.97501 231.82700 233.68600 237.87199 237.98100 239.53200 233.95100 224.72501 217.27699 203.41000 119.14400 -9999 -9999 -9999 -9999 -9999 -9999 -9999 -9999 -9999 -9999 -9999 -9999 -9999 -9999 -9999 -9999 -9999
-9999 -9999 -9999 -9999 -9999 -9999 -9999 -9999 -9999 -9999 -9999 -9999 -9999 -9999 -9999 -9999 -9999 -9999 -9999 -9999 -9999 -9999 -9999 -9999 -9999 -9999 -9999 -9999 -9999 -9999 -9999 -9999 -9999 -9999 -9999 -9999 -9999 -9999 -9999 -9999 203.01601 219.56000 222.59900 225.52299 236.31799 238.87801 246.46700 249.69501 249.80299 251.21100 244.11800 229.02901 218.87399 128.64400 -9999 -9999 -9999 -9999 -9999 -9999 -9999 -9999 -9999 -9999 -9999 -9999 -9999 -9999 -9999 -9999 -9999
-9999 -9999 -9999 -9999 -9999 -9999 -9999 -9999 -9999 -9999 -9999 -9999 -9999 -9999 -9999 -9999 -9999 -9999 -9999 -9999 -9999 -9999 -9999 -9999 -9999 -9999 -9999 -9999 -9999 -9999 -9999 -9999 -9999 -9999 -9999 -9999 -9999 -9999 -9999 -9999 -9999 -9999 -9999 -9999 248.41400 257.24799 261.06400 269.93799 274.81900 275.55200 274.68201 252.91701 245.94000 148.42799 -9999 -9999 -9999 -9999 -9999 -9999 139.22200 -9999 -9999 -9999 -9999 -9999 -9999 -9999 -9999 -9999 -9999
-9999 -9999 -9999 -9999 -9999 -9999 -9999 -9999 -9999 -9999 -9999 -9999 -9999 -9999 -9999 -9999 -9999 -9999 -9999 -9999 -9999 -9999 -9999 -9999 -9999 -9999 -9999 -9999 -9999 -9999 -9999 -9999 -9999 -9999 -9999 -9999 -9999 -9999 -9999 -9999 -9999 232.21400 236.44800 240.92700 248.53999 256.10400 261.91699 268.23300 274.82401 275.29300 267.61499 252.29601 236.77499 221.37100 -9999 -9999 -9999 -9999 -9999 141.61800 136.25999 134.82300 129.81100 124.50900 124.08500 118.79100 114.07100 111.23700 103.87500 104.90600 104.98500
-9999 -9999 -9999 -9999 -9999 -9999 -9999 -9999 -9999 -9999 -9999 -9999 -9999 -9999 -9999 -9999 -9999 -9999 -9999 -9999 -9999 -9999 -9999 -9999 -9999 -9999 -9999 -9999 -9999 -9999 -9999 -9999 -9999 -9999 -9999 -9999 -9999 -9999 -9999 -9999 -9999 229.86600 240.87900 248.50200 251.30901 256.31299 259.20901 258.45200 261.98999 263.96399 250.27499 225.01199 210.08701 198.09100 190.79100 174.10201 162.92300 -9999 145.57899 147.25999 139.69701 134.11301 130.30701 123.78400 123.92300 117.57500 115.17300 112.51900 109.61000 107.47200 106.28400
-9999 -9999 -9999 -9999 -9999 -9999 -9999 -9999 -9999 -9999 -9999 -9999 -9999 -9999 -9999 -9999 -9999 -9999 -9999 -9999 -9999 -9999 -9999 -9999 -9999 -9999 -9999 -9999 -9999 -9999 -9999 -9999 -9999 -9999 -9999 186.11900 192.69299 203.23100 211.00500 220.72400 224.99100 235.84100 245.51700 247.33501 254.97501 262.28000 262.56201 265.69101 266.47900 264.60599 254.12700 227.88901 209.37100 197.78200 185.50301 170.76700 161.87801 147.01199 140.01601 140.63100 136.34599 130.38300 127.79700 115.05300 115.22700 115.68300 112.35000 108.32400 108.60500 105.34000 104.78500
-9999 -9999 -9999 -9999 -9999 -9999 -9999 -9999 -9999 -9999 -9999 -9999 -9999 -9999 -9999 -9999 -9999 -9999 -9999 -9999 -9999 -9999 -9999 -9999 -9999 -9999 -9999 -9999 -9999 -9999 -9999 -9999 -9999 -9999 180.12399 190.35699 199.83800 201.24699 209.77000 221.23801 232.64000 234.18600 245.44901 252.47900 251.79201 261.38300 261.98901 266.43600 268.18701 251.29100 242.64000 227.61501 211.02800 190.46500 181.74800 173.77100 155.23700 144.49899 141.98900 138.17700 127.66100 121.62800 121.82100 112.09200 115.37600 111.90400 109.26200 105.08600 100.09900 98.01700 95.73500
-9999 -9999 -9999 -9999 -9999 -9999 -9999 -9999 -9999 -9999 -9999 -9999 -9999 -9999 -9999 -9999 -9999 -9999 -9999 -9999 -9999 -9999 -9999 -9999 -9999 -9999 -9999 -9999 -9999 -9999 -9999 -9999 -9999 174.49400 182.63300 187.64900 192.96100 198.22600 203.40500 218.67200 228.71400 231.31799 238.53300 246.53200 251.13901 251.00700 254.76900 256.33301 249.25999 237.78400 219.81300 199.28799 179.75600 168.77400 161.07899 154.41299 143.31900 138.76900 133.60100 128.36700 119.69100 114.30400 113.87200 112.13000 110.94600 104.94500 102.75700 98.58140 97.87070 95.70810 88.99830
-9999 -9999 -9999 -9999 -9999 -9999 -9999 -9999 -9999 -9999 -9999 -9999 -9999 -9999 -9999 -9999 -9999 -9999 -9999 -9999 -9999 -9999 -9999 -9999 -9999 -9999 -9999 -9999 -9999 -9999 -9999 166.27000 170.44901 173.00700 177.59599 180.80200 188.12801 193.07201 205.39101 214.80600 219.64301 230.48900 237.08800 239.36099 242.26801 243.74699 243.77200 232.48500 226.12700 214.35899 199.27000 183.09100 157.12801 162.08501 157.32201 146.01500 137.76100 128.52699 119.44200 114.08800 112.37600 108.66800 108.75800 105.27500 102.93900 98.44480 100.70000 98.47620 99.44480 88.53840 86.81720
-9999 -9999 -9999 -9999 -9999 -9999 -9999 -9999 -9999 -9999 -9999 -9999 -9999 -9999 -9999 -9999 -9999 -9999 -9999 -9999 -9999 -9999 -9999 -9999 -9999 -9999 -9999 -9999 -9999 150.29201 154.10699 164.61400 168.58299 170.33800 173.17400 177.98100 183.61600 193.45599 199.34100 205.71001 217.20900 222.75000 229.00500 230.03101 229.86800 223.41701 220.64400 218.28600 210.78400 197.59900 183.42700 169.39400 150.65900 151.30800 138.10800 134.19501 128.79601 119.30600 113.99100 112.47000 106.15100 102.50200 97.29710 95.82810 95.44300 94.95730 91.81450 89.73370 87.98560 89.37540 89.82400
-9999 -9999 -9999 -9999 -9999 -9999 -9999 -9999 -9999 -9999 -9999 -9999 -9999 -9999 -9999 -9999 -9999 -9999 -9999 -9999 -9999 -9999 -9999 -9999 143.92200 143.87300 143.72900 146.84500 148.38200 147.56900 151.14400 152.09300 153.62000 155.11200 160.41299 168.29800 172.34700 180.68300 186.48599 191.18500 193.66901 204.51300 212.98900 209.58600 210.47099 212.76801 208.74899 200.28500 194.07001 185.72800 181.00400 162.47400 151.90199 148.36600 136.53799 126.31700 120.35100 115.00700 108.26200 103.94400 102.04200 98.01680 93.67630 94.18560 93.14490 92.97360 94.03350 92.87520 96.93610 88.98810 81.40570
-9999 -9999 -9999 -9999 -9999 -9999 161.62900 160.35400 162.29401 158.78101 160.31000 -9999 -9999 -9999 -9999 -9999 -9999 -9999 -9999 -9999 -9999 147.09100 141.24200 138.09300 136.46100 136.87801 136.74600 146.20799 144.70300 146.14900 147.79401 149.25101 151.15900 152.16901 155.44600 165.28600 170.13499 176.61400 182.64400 186.79300 189.32899 191.34900 197.07300 199.93800 201.73801 203.43600 202.58501 191.21400 186.05299 179.05600 167.66800 156.92101 145.85001 140.74800 134.40500 122.89500 118.02000 110.55900 103.10900 102.59300 100.33400 95.15740 90.31960 89.81510 90.25890 95.66760 94.50750 94.09160 96.70570 93.61540 90.67570
-9999 -9999 -9999 -9999 -9999 160.10300 156.15700 159.42700 162.13100 158.62601 162.51300 159.90300 157.98500 160.39999 -9999 -9999 -9999 150.38499 149.72701 147.55099 144.76199 142.62199 133.00900 131.40900 132.38699 128.12399 132.61700 136.44000 140.46500 138.97701 140.80600 144.39000 148.18600 148.49800 153.34100 159.50101 161.31599 169.53000 177.96100 182.88300 185.48100 186.89000 186.37700 188.64500 192.68500 188.85400 186.79500 186.72900 178.09700 169.14200 163.04300 148.77200 142.14500 135.04900 128.96100 119.04100 111.08300 107.65600 107.33900 96.48930 92.37200 92.73130 91.42540 91.55430 88.44250 81.40440 88.19670 88.78970 88.33840 91.67860 89.38920
-9999 154.43600 155.31100 156.67200 160.34500 158.13499 158.92599 160.21899 163.10500 161.06400 161.14101 162.70000 163.00400 162.50200 159.55400 156.83600 154.39000 150.00301 150.06900 147.51900 145.00800 136.98199 132.39900 129.40100 128.02699 127.25700 126.53200 130.52901 132.17700 134.00500 133.57401 135.52000 139.04900 140.29800 145.14000 152.60400 158.19600 162.42000 169.17900 175.69701 177.25500 178.77901 178.40401 182.34500 181.86200 177.42300 179.54800 179.47099 171.56000 165.91299 149.78799 139.46600 130.83400 123.08600 117.10200 109.25700 105.27500 103.16000 99.46800 96.77850 92.88950 91.63990 87.01450 88.85130 85.02140 83.36640 86.97990 84.06360 87.10210 84.06160 82.56450
-9999 162.52299 160.20000 158.07700 156.42500 155.95200 158.13699 156.98900 156.43700 157.48100 162.74300 164.23700 165.45200 163.87801 159.81200 158.39000 150.29900 151.99001 148.40401 143.01500 144.42900 140.28700 136.24899 133.05800 129.61000 131.10500 131.15500 133.26300 131.94200 132.37500 133.08501 132.63600 131.67400 137.58000 138.06799 141.93500 146.84700 150.45399 159.35400 164.49100 168.70100 165.52000 166.92900 165.75500 166.26500 165.88200 165.63699 160.17200 159.98399 155.73399 146.05901 134.59700 123.04400 116.62100 104.83200 102.60000 95.16500 96.42890 95.27560 93.76520 94.17790 88.85910 89.63710 89.11170 88.63750 85.45600 85.36980 84.05650 85.81680 86.67160 88.49480
-9999 -9999 -9999 162.95500 161.43600 160.08099 160.02901 156.64700 157.60500 156.42900 159.03500 159.44400 159.94000 159.41299 159.60699 155.24200 153.01300 151.51801 153.40100 150.93500 145.11099 143.00000 140.04601 137.81300 132.78900 129.65100 126.68900 131.65500 131.08800 129.68401 129.61900 130.40300 130.16400 133.79900 135.37900 135.79900 138.77100 145.07300 146.25500 153.11301 156.05000 157.45900 155.74500 154.50301 156.23599 157.62801 157.40601 152.87601 149.63300 152.76401 143.80600 132.81599 120.56200 111.38500 104.39200 95.62980 92.56850 92.19040 91.93760 89.73420 91.48440 89.61740 90.25380 86.51180 86.26250 86.62810 89.87080 84.40290 87.54710 85.07130 86.38540
-9999 -9999 -9999 -9999 -9999 -9999 161.01601 161.47501 161.49300 157.10600 156.59100 158.04800 158.13901 155.31100 155.77600 153.72600 154.00500 154.89400 154.71400 156.12000 152.45599 146.17200 143.75999 138.66901 136.10500 136.34599 132.09500 131.85800 128.40300 129.17200 127.72100 127.04500 128.73700 132.52800 133.57600 136.14000 135.72900 137.45599 138.28000 142.47701 146.56500 144.88200 149.30800 149.10699 149.58600 151.42101 153.41200 150.02901 152.84599 152.84700 145.40900 133.18800 123.01300 112.58700 103.06500 96.76380 92.20070 93.37150 89.23720 90.69420 89.27680 89.39620 83.62490 77.54970 85.04950 82.53050 85.61540 87.71140 85.35490 86.57080 90.41470
-9999 -9999 -9999 -9999 -9999 -9999 164.87700 165.99699 167.11600 160.69099 159.28200 159.44701 158.20000 155.10500 156.04800 158.05901 158.30901 161.35100 161.59599 161.71500 161.92101 158.15100 153.92500 147.89600 142.59599 140.71001 132.86700 128.94901 128.71899 130.54500 131.76300 130.58200 130.60899 131.47099 132.49699 133.16701 134.96700 131.86000 137.35300 137.45900 135.94099 137.68300 143.12900 140.88699 145.31500 149.83501 151.06400 149.37399 151.54800 152.57201 149.90199 138.58099 126.84400 112.13200 106.48800 103.27000 95.42550 98.19360 94.79550 94.16150 85.23120 89.29310 88.41820 87.36390 82.36910 85.88390 87.87970 88.14780 88.98790 91.82840 92.26890
-9999 -9999 -9999 -9999 -9999 -9999 -9999 -9999 -9999 -9999 157.13699 162.72600 160.75400 156.80800 160.74100 163.43600 165.18600 164.56400 164.40500 165.56300 165.68100 166.20300 159.89700 156.27100 150.14101 148.63200 144.00000 137.80499 128.18800 131.20500 131.12900 133.64999 133.40401 130.95799 132.26801 131.31900 131.72099 125.73400 125.24900 131.51700 131.56599 132.72800 133.51500 133.46201 137.91400 144.15800 144.73399 148.64999 150.79401 148.23000 143.61099 129.84000 119.16900 109.89800 104.80300 102.34500 105.58000 101.05000 101.06800 95.53280 96.90240 96.96320 96.66810 90.54810 89.90180 89.11420 88.01530 88.77350 91.40530 93.84300 94.49870
-9999 -9999 -9999 -9999 -9999 -9999 -9999 -9999 -9999 -9999 153.35800 159.52000 158.05299 157.90300 161.66200 168.17000 173.31900 176.82401 180.94000 180.60800 177.23300 174.22900 166.79201 165.70599 157.75101 152.19200 145.22099 138.39301 136.51601 132.67799 131.08501 134.93900 135.46600 134.28101 133.42200 134.21201 132.61099 129.76199 130.32300 134.99200 137.69099 139.00600 137.10899 132.65601 135.53600 136.86000 137.12199 137.19200 136.17500 132.47099 124.15000 120.89100 111.74100 109.13900 106.77100 105.31200 102.81600 104.79500 100.35300 101.82400 100.40400 101.45200 97.59210 98.97420 97.98440 96.13450 95.04970 93.58330 93.97230 96.24610 97.70780
-9999 -9999 -9999 -9999 -9999 -9999 -9999 -9999 -9999 -9999 -9999 -9999 155.06300 163.23199 171.97701 180.39500 183.58299 183.59599 188.52600 186.10500 183.31100 182.50500 175.52600 169.99300 159.91800 151.78400 142.54100 134.95500 129.03500 128.75800 128.25600 131.16600 135.29900 135.28900 138.96800 135.64101 134.61501 132.75600 135.03200 133.89200 131.81400 135.78200 135.22200 128.88901 130.53300 134.10899 134.08400 129.69400 124.99300 123.70000 122.07500 115.41700 115.12200 108.41900 106.38100 103.70600 105.39600 98.82060 101.30100 103.43400 101.19000 103.57900 103.37300 99.71410 99.05360 93.54040 94.29050 98.25530 98.97380 101.52500 99.36170
-9999 -9999 -9999 -9999 -9999 -9999 -9999 -9999 -9999 -9999 -9999 -9999 154.89999 160.81200 173.91701 178.73399 187.64101 189.20200 194.00900 195.28000 188.51900 188.89900 179.67300 172.70799 164.65601 155.79300 142.62399 133.51601 127.55100 122.85000 122.12400 129.57500 130.07401 134.36700 136.03400 133.31200 135.04201 138.80499 136.17700 136.79800 133.58299 131.84399 133.32899 130.59801 130.30000 130.88699 129.96201 128.93900 126.91300 118.75500 118.57500 116.71700 113.04400 107.66600 106.14200 108.84000 106.07600 103.43100 103.70200 107.95900 107.45600 109.30600 106.30900 107.32800 105.12300 103.64100 103.09900 105.82100 106.43100 105.18300 105.08100
-9999 -9999 -9999 -9999 -9999 -9999 -9999 -9999 -9999 -9999 -9999 145.73100 157.81200 155.51801 163.69400 174.60201 187.25700 189.42400 197.15900 200.38200 190.92500 196.87900 184.28300 184.92000 174.81599 167.69901 155.59300 135.12199 128.32201 124.56200 119.80300 119.97800 119.97100 125.38000 127.74600 129.88400 133.79300 133.67101 136.34300 141.93401 139.99800 139.27901 136.27400 132.10600 130.22701 130.53400 130.17101 129.90100 125.84900 125.44200 125.53400 120.91500 121.80500 119.80700 118.36200 111.92600 110.16200 113.16000 111.54400 117.53700 115.73800 115.96000 116.55500 119.74200 118.13500 114.13500 116.00800 113.60800 119.48000 117.86700 117.13600
-9999 -9999 -9999 -9999 -9999 -9999 -9999 -9999 -9999 -9999 -9999 139.34300 144.32500 153.73399 157.40300 171.18100 180.87700 187.61099 194.62100 196.10800 190.86501 190.79201 183.05299 179.16299 170.65500 163.66901 148.34100 136.36501 131.38499 127.42300 121.75600 119.42800 119.84600 122.35800 124.39000 127.74200 133.26700 136.38400 137.27800 140.97501 143.09300 141.31200 146.28600 142.82201 135.51401 135.34399 134.38400 135.46800 132.93700 132.72800 130.51401 129.42500 130.33701 128.10800 124.34300 120.22900 121.35600 119.24200 120.59500 123.77300 126.21800 126.50800 127.80100 131.15700 131.74400 129.41299 128.81200 120.82400 123.62500 122.96000 122.03600
