data/hydroclimate-scenarios/BCSD_hadcm_A1B/monthly_summaries/swe_monthly_day1_oct.2070-2099.asc
ncols	311
nrows	91
xllcenter	102.75
yllcenter	31.75
cellsize	0.5
NODATA_value	-9999
[rows 0 to 32 of 91, columns 0 to 72 of 311]
-9999 -9999 -9999 -9999 -9999 -9999 -9999 -9999 -9999 -9999 -9999 -9999 -9999 -9999 -9999 -9999 -9999 -9999 -9999 -9999 -9999 -9999 -9999 -9999 -9999 -9999 -9999 -9999 -9999 -9999 -9999 -9999 -9999 -9999 -9999 -9999 -9999 -9999 -9999 -9999 -9999 -9999 -9999 -9999 -9999 -9999 -9999 -9999 -9999 -9999 -9999 -9999 -9999 -9999 -9999 -9999 -9999 -9999 -9999 -9999 -9999 -9999 -9999 -9999 -9999 -9999 -9999 -9999 -9999 -9999 -9999 -9999 -9999
-9999 -9999 -9999 -9999 -9999 -9999 -9999 -9999 -9999 -9999 -9999 -9999 -9999 -9999 -9999 -9999 -9999 -9999 -9999 -9999 -9999 -9999 -9999 -9999 -9999 -9999 -9999 -9999 -9999 -9999 -9999 -9999 -9999 -9999 -9999 -9999 -9999 -9999 -9999 -9999 -9999 -9999 -9999 -9999 -9999 -9999 -9999 -9999 -9999 -9999 -9999 -9999 -9999 -9999 -9999 -9999 -9999 -9999 -9999 -9999 -9999 -9999 -9999 -9999 -9999 -9999 -9999 -9999 -9999 -9999 -9999 -9999 -9999
-9999 -9999 -9999 -9999 -9999 -9999 -9999 -9999 -9999 -9999 -9999 -9999 -9999 -9999 -9999 -9999 -9999 -9999 -9999 -9999 -9999 -9999 -9999 -9999 -9999 -9999 -9999 -9999 -9999 -9999 -9999 -9999 -9999 -9999 -9999 -9999 -9999 -9999 -9999 -9999 -9999 -9999 -9999 -9999 -9999 -9999 -9999 -9999 -9999 -9999 -9999 -9999 -9999 -9999 -9999 -9999 -9999 -9999 -9999 -9999 -9999 -9999 -9999 -9999 -9999 -9999 -9999 -9999 -9999 -9999 -9999 -9999 -9999
-9999 -9999 -9999 -9999 -9999 -9999 -9999 -9999 -9999 -9999 -9999 -9999 -9999 -9999 -9999 -9999 -9999 -9999 -9999 -9999 -9999 -9999 -9999 -9999 -9999 -9999 -9999 -9999 -9999 -9999 -9999 -9999 -9999 -9999 -9999 -9999 -9999 -9999 -9999 -9999 -9999 -9999 -9999 -9999 -9999 -9999 -9999 -9999 -9999 -9999 -9999 -9999 -9999 -9999 -9999 -9999 -9999 -9999 -9999 -9999 -9999 -9999 -9999 -9999 -9999 -9999 -9999 -9999 -9999 -9999 -9999 -9999 -9999
-9999 -9999 -9999 -9999 -9999 -9999 -9999 -9999 -9999 -9999 -9999 -9999 -9999 -9999 -9999 -9999 -9999 -9999 -9999 -9999 -9999 -9999 -9999 -9999 -9999 -9999 -9999 -9999 -9999 -9999 -9999 -9999 -9999 -9999 -9999 -9999 -9999 -9999 -9999 -9999 -9999 -9999 -9999 -9999 -9999 -9999 -9999 -9999 -9999 -9999 -9999 -9999 -9999 -9999 -9999 -9999 -9999 -9999 -9999 -9999 -9999 -9999 -9999 -9999 -9999 -9999 -9999 -9999 -9999 -9999 -9999 -9999 -9999
-9999 -9999 -9999 -9999 -9999 -9999 -9999 -9999 -9999 -9999 -9999 -9999 -9999 -9999 -9999 -9999 -9999 -9999 -9999 -9999 -9999 -9999 -9999 -9999 -9999 -9999 -9999 -9999 -9999 -9999 -9999 -9999 -9999 -9999 -9999 -9999 -9999 -9999 -9999 -9999 -9999 -9999 -9999 -9999 -9999 -9999 -9999 -9999 -9999 -9999 -9999 -9999 -9999 -9999 -9999 -9999 -9999 -9999 -9999 -9999 -9999 -9999 -9999 -9999 -9999 -9999 -9999 -9999 -9999 -9999 -9999 -9999 -9999
-9999 -9999 -9999 -9999 -9999 -9999 -9999 -9999 -9999 -9999 -9999 -9999 -9999 -9999 -9999 -9999 -9999 -9999 -9999 -9999 -9999 -9999 -9999 -9999 -9999 -9999 -9999 -9999 -9999 -9999 -9999 -9999 -9999 -9999 -9999 -9999 -9999 -9999 -9999 -9999 -9999 -9999 -9999 -9999 -9999 -9999 -9999 -9999 -9999 -9999 -9999 -9999 -9999 -9999 -9999 -9999 -9999 -9999 -9999 -9999 -9999 -9999 -9999 -9999 -9999 -9999 -9999 -9999 -9999 -9999 -9999 -9999 -9999
-9999 -9999 -9999 -9999 -9999 -9999 -9999 -9999 -9999 -9999 -9999 -9999 -9999 -9999 -9999 -9999 -9999 -9999 -9999 -9999 -9999 -9999 -9999 -9999 -9999 -9999 -9999 -9999 -9999 -9999 -9999 -9999 -9999 -9999 -9999 -9999 -9999 -9999 -9999 -9999 -9999 -9999 3.26131 2.99795 3.13147 2.42885 2.31894 2.30441 2.16674 5.78136 5.60908 5.83357 -9999 -9999 -9999 -9999 -9999 -9999 -9999 -9999 -9999 -9999 -9999 -9999 -9999 -9999 -9999 -9999 -9999 -9999 -9999 -9999 -9999
-9999 -9999 -9999 -9999 -9999 -9999 -9999 -9999 -9999 -9999 -9999 -9999 -9999 -9999 -9999 -9999 -9999 -9999 -9999 -9999 -9999 -9999 -9999 -9999 -9999 -9999 -9999 -9999 -9999 -9999 -9999 -9999 -9999 -9999 -9999 -9999 -9999 -9999 4.16616 6.16828 5.15533 7.48275 7.87513 6.24161 6.05380 5.62146 5.64225 8.08656 8.13741 6.19224 5.87465 5.77780 5.97461 2.63501 -9999 -9999 -9999 -9999 -9999 -9999 -9999 -9999 -9999 -9999 -9999 -9999 -9999 -9999 -9999 -9999 -9999 -9999 -9999
-9999 -9999 -9999 -9999 -9999 -9999 -9999 -9999 -9999 -9999 -9999 -9999 -9999 -9999 -9999 -9999 -9999 -9999 -9999 -9999 -9999 -9999 -9999 -9999 -9999 -9999 -9999 -9999 -9999 -9999 -9999 -9999 -9999 -9999 -9999 -9999 -9999 -9999 -9999 -9999 3.90197 6.36063 8.04983 7.24046 6.99199 7.30622 6.47642 7.44698 7.53906 6.43716 6.36278 5.13754 4.83841 1.80257 -9999 -9999 -9999 -9999 -9999 -9999 -9999 -9999 -9999 -9999 -9999 -9999 -9999 -9999 -9999 -9999 -9999 -9999 -9999
-9999 -9999 -9999 -9999 -9999 -9999 -9999 -9999 -9999 -9999 -9999 -9999 -9999 -9999 -9999 -9999 -9999 -9999 -9999 -9999 -9999 -9999 -9999 -9999 -9999 -9999 -9999 -9999 -9999 -9999 -9999 -9999 -9999 -9999 -9999 -9999 -9999 -9999 -9999 -9999 -9999 -9999 -9999 -9999 11.25380 14.20280 16.74130 15.44590 14.82530 9.49053 9.74995 5.01355 4.08774 1.61949 -9999 -9999 -9999 -9999 -9999 -9999 3.49389 -9999 -9999 -9999 -9999 -9999 -9999 -9999 -9999 -9999 -9999 -9999 -9999
-9999 -9999 -9999 -9999 -9999 -9999 -9999 -9999 -9999 -9999 -9999 -9999 -9999 -9999 -9999 -9999 -9999 -9999 -9999 -9999 -9999 -9999 -9999 -9999 -9999 -9999 -9999 -9999 -9999 -9999 -9999 -9999 -9999 -9999 -9999 -9999 -9999 -9999 -9999 -9999 -9999 9.95961 10.29810 13.16680 12.77120 13.48490 15.23900 15.56020 14.04950 9.43846 11.11670 5.01072 4.04881 2.63471 -9999 -9999 -9999 -9999 -9999 2.86960 2.80722 2.96857 2.95196 1.48226 1.44824 1.49823 1.41054 1.65979 1.66663 1.45900 1.49566 1.11581 1.17440
-9999 -9999 -9999 -9999 -9999 -9999 -9999 -9999 -9999 -9999 -9999 -9999 -9999 -9999 -9999 -9999 -9999 -9999 -9999 -9999 -9999 -9999 -9999 -9999 -9999 -9999 -9999 -9999 -9999 -9999 -9999 -9999 -9999 -9999 -9999 -9999 -9999 -9999 -9999 -9999 -9999 10.02700 10.82050 13.06660 10.97360 11.39040 11.34750 11.17170 11.70490 6.49869 7.06352 5.73425 5.87713 4.79355 3.89321 2.82127 1.70771 -9999 0.97563 5.77637 5.39942 5.92781 5.39368 3.45021 3.45752 2.49991 2.24556 3.34086 3.26020 1.95930 2.09520 2.23246 2.26316
-9999 -9999 -9999 -9999 -9999 -9999 -9999 -9999 -9999 -9999 -9999 -9999 -9999 -9999 -9999 -9999 -9999 -9999 -9999 -9999 -9999 -9999 -9999 -9999 -9999 -9999 -9999 -9999 -9999 -9999 -9999 -9999 -9999 -9999 -9999 4.76281 4.85122 5.48536 5.60470 4.70842 4.96651 8.86123 9.25825 9.62397 9.49697 9.70766 8.94604 9.39479 9.95067 6.78305 8.21078 6.02505 8.53188 6.57567 6.24432 5.22353 2.55935 1.27823 0.84249 4.52885 4.48488 5.25544 4.83370 5.09238 4.43684 2.36618 2.38821 3.30506 3.13972 2.02409 2.01574 2.05693 2.36467
-9999 -9999 -9999 -9999 -9999 -9999 -9999 -9999 -9999 -9999 -9999 -9999 -9999 -9999 -9999 -9999 -9999 -9999 -9999 -9999 -9999 -9999 -9999 -9999 -9999 -9999 -9999 -9999 -9999 -9999 -9999 -9999 -9999 -9999 6.74926 8.22010 8.90001 8.28120 8.37788 6.57939 6.82148 5.88649 6.11655 7.12230 6.81815 7.93012 7.91096 9.86281 11.42030 8.69789 10.36050 6.25885 8.60435 9.49498 8.11603 8.70424 4.75716 4.92340 2.82872 4.05167 4.24038 6.48761 6.26574 6.14298 5.19238 3.87798 4.29583 2.99280 4.16142 2.49478 3.94619 4.49904 4.77533
-9999 -9999 -9999 -9999 -9999 -9999 -9999 -9999 -9999 -9999 -9999 -9999 -9999 -9999 -9999 -9999 -9999 -9999 -9999 -9999 -9999 -9999 -9999 -9999 -9999 -9999 -9999 -9999 -9999 -9999 -9999 -9999 -9999 6.69051 6.85889 7.13840 7.31026 7.06920 7.08894 5.97661 5.96019 5.41693 5.11425 5.76838 6.56236 7.52798 7.88433 9.48247 12.28780 10.01370 11.85010 9.79264 13.15190 8.96857 6.01972 6.85002 5.84361 3.76568 2.79849 4.37564 4.61251 5.82613 5.39786 4.17762 4.36694 4.03991 4.76037 3.09977 3.28458 1.82431 2.62920 3.92902 4.16762
-9999 -9999 -9999 -9999 -9999 -9999 -9999 -9999 -9999 -9999 -9999 -9999 -9999 -9999 -9999 -9999 -9999 -9999 -9999 -9999 -9999 -9999 -9999 -9999 -9999 -9999 -9999 -9999 -9999 -9999 -9999 4.89372 5.58937 5.61021 5.40451 5.40628 5.34028 5.95198 6.55411 5.11652 5.23977 5.64806 5.01180 4.02195 4.57748 6.02507 6.05959 6.07651 7.06779 5.44798 6.87642 9.15036 9.49972 12.07670 9.11036 8.50403 5.36602 5.28053 6.02191 5.38107 4.43442 4.98836 5.02011 3.64718 4.01817 4.15068 4.26834 3.39022 3.58328 3.13310 3.93479 4.63592 3.62110
-9999 -9999 -9999 -9999 -9999 -9999 -9999 -9999 -9999 -9999 -9999 -9999 -9999 -9999 -9999 -9999 -9999 -9999 -9999 -9999 -9999 -9999 -9999 -9999 -9999 -9999 -9999 -9999 -9999 3.28559 4.13232 4.86989 4.88593 4.89436 4.97370 4.88046 4.74090 4.82321 5.44064 4.55941 5.05259 5.08511 5.10442 4.04583 4.19888 5.96729 5.93559 6.38667 8.23669 6.75029 7.98010 11.20790 8.65828 10.48260 9.63811 8.90392 4.89472 5.67554 4.54918 4.26311 4.01533 4.95385 4.75030 4.01329 3.70044 3.67497 4.52383 4.40917 4.68871 2.93840 2.77342 4.40477 7.27991
-9999 -9999 -9999 -9999 -9999 -9999 -9999 -9999 -9999 -9999 -9999 -9999 -9999 -9999 -9999 -9999 -9999 -9999 -9999 -9999 -9999 -9999 -9999 -9999 0.69427 1.14046 0.92076 1.46654 1.52240 1.82039 1.86528 1.55991 1.38017 1.81832 2.16299 2.07231 2.23707 1.49445 1.41678 1.77392 1.75721 2.17335 2.39198 2.28165 2.38496 2.08410 2.12221 4.17383 6.91569 9.69551 9.65810 17.39200 16.96110 11.36750 8.42362 3.18413 2.29888 3.25578 3.06502 1.57642 1.05478 1.60169 1.25608 1.77598 1.93298 2.02438 1.85253 0.77008 1.14054 1.91571 4.15283 3.83357 5.19729
-9999 -9999 -9999 -9999 -9999 -9999 4.95569 5.08180 3.83290 3.44091 3.53698 -9999 -9999 -9999 -9999 -9999 -9999 -9999 -9999 -9999 -9999 0.94266 1.52850 0.98506 0.91588 1.35810 1.15978 1.93894 1.67332 1.47545 1.24179 0.96255 1.33737 1.71664 1.92393 2.11575 2.17764 1.38138 1.31537 1.77888 1.71997 1.69733 1.94000 1.99943 2.19536 1.73581 1.87482 3.34098 5.34680 8.40539 9.93080 14.63580 15.28630 10.69920 6.24337 2.35881 2.13748 3.09977 2.42594 1.01193 0.92024 1.48772 1.85635 2.23992 2.39788 1.59146 1.61681 0.74189 0.98656 0.87732 1.82827 3.21292 4.23755
-9999 -9999 -9999 -9999 -9999 2.87715 2.97973 6.12435 5.09104 4.63918 4.36934 3.46556 3.23430 4.95192 -9999 -9999 -9999 3.56294 4.03410 1.97677 1.95647 1.73385 1.72763 1.80665 1.78955 0.94254 0.98886 1.75295 1.70111 0.73722 0.33622 0.08133 0.08364 0.14300 0.30977 0.46707 0.33526 0.76607 0.96381 0.72271 0.71033 0.46705 0.40660 0.48123 0.73381 0.88109 1.90276 5.72992 6.49052 6.35358 7.30558 10.27040 9.63773 5.55876 4.73574 4.27343 3.98617 2.62595 2.03606 0.39247 0.34783 1.64938 1.73075 1.11924 1.52340 2.01544 1.83647 2.50000 2.09569 2.60137 2.93912 3.95459 4.57256
-9999 1.79016 1.31152 1.25058 1.90110 2.09111 2.70959 5.07675 5.26062 4.41234 4.68243 3.20647 3.43325 4.56627 3.83616 3.69381 3.07402 3.39848 3.50799 1.93058 1.79551 1.37376 1.42220 1.26140 1.12438 0.71545 0.64168 1.11494 1.22113 0.35251 0.22377 0.05532 0.12037 0.17805 0.14284 0.26287 0.29451 0.72671 0.92966 0.59644 0.56199 0.31954 0.22023 0.40451 0.36555 0.28239 1.35615 4.05862 4.96326 4.34832 5.16451 8.82069 7.85316 6.91200 5.89878 5.14589 3.96899 2.22483 2.21559 0.38860 0.34265 2.08408 2.29305 1.51690 1.95410 1.82092 1.58042 2.89780 2.30061 3.50311 5.12779 5.88720 6.01798
-9999 2.11624 1.50258 1.34767 1.02701 1.38911 2.52608 1.67178 1.68283 0.88770 0.79389 3.57880 4.27636 3.12887 3.01349 2.62068 1.79933 2.58766 2.08300 1.93932 2.02045 2.64752 2.47867 2.77578 2.71753 2.00843 2.06118 0.91877 0.81833 0.21260 0.24924 0.30909 0.29260 0.39873 0.42910 0.98932 0.96878 0.20805 0.24332 0.70027 0.53885 0.34161 0.20571 0.10399 0.11640 0.46138 0.53726 0.78999 1.15712 2.82707 2.92302 3.16953 2.95185 6.43973 5.76466 3.44187 2.43610 3.63053 3.10477 2.60883 2.28680 2.81996 2.91720 2.28879 2.69792 3.93729 4.59127 3.86775 4.17783 4.22469 4.78201 5.57834 7.09577
-9999 -9999 -9999 1.98945 1.51622 1.09414 1.51010 1.05320 1.32558 0.42805 0.53599 2.17475 2.58308 2.31875 2.86790 1.66628 1.33711 1.07662 1.24485 1.79061 1.64529 2.18333 1.95576 2.71628 2.40950 1.50780 1.10530 0.67228 0.58294 0.09676 0.07089 0.24301 0.24948 0.27169 0.30110 0.73040 0.75668 0.02055 0.05343 0.24264 0.50725 0.62948 0.16331 0.03482 0.05992 0.35137 0.25687 0.39525 0.60136 1.67106 2.11123 1.97694 2.54659 4.18729 3.60066 3.89533 2.48125 3.86862 4.09091 2.68975 2.33233 3.13245 3.12962 2.92774 2.74322 3.81543 3.59282 3.80505 4.79396 5.40562 5.98930 5.52827 5.94917
-9999 -9999 -9999 -9999 -9999 -9999 0.86654 0.27690 0.35434 0.10357 0.08578 0.83756 0.96027 0.61324 0.82339 1.43449 1.65180 1.39783 1.40443 1.29656 0.95553 1.94975 1.54926 2.62866 2.42014 2.73811 2.36388 0.60680 0.53597 0.13887 0.11979 0.13109 0.11967 0.26434 0.23672 0.77954 0.84125 0.19273 0.20165 0.27935 0.42590 0.91937 0.85027 0.06771 0.03070 0.08050 0.08208 0.59186 0.65858 1.10325 1.76652 3.41023 3.65521 1.40270 2.07946 5.12310 3.92279 5.99182 6.21629 3.37493 3.57195 3.05265 3.16173 4.04955 3.78361 3.20888 2.63792 2.98531 3.98791 5.97579 7.02094 4.21719 4.17592
-9999 -9999 -9999 -9999 -9999 -9999 0.68874 0.29745 0.43974 0.08308 0.09700 0.60994 0.49509 0.39720 0.42606 1.27969 1.29025 1.12950 1.20580 1.05834 1.06272 2.04216 1.69661 2.43107 2.12671 2.16912 1.36915 0.42679 0.39744 0.08443 0.09041 0.09150 0.07857 0.12933 0.15709 0.61602 0.74030 0.26402 0.33169 0.41654 0.17945 0.49422 0.51459 0.05542 0.02877 0.05843 0.05666 0.07948 0.23227 0.30080 0.67114 0.75565 0.97675 0.94364 1.00485 2.08665 2.55450 5.15236 4.51063 2.87845 3.96048 3.45028 3.32913 4.19489 4.52941 2.80476 2.90150 2.37075 2.78538 4.76287 7.06417 4.44788 4.61060
-9999 -9999 -9999 -9999 -9999 -9999 -9999 -9999 -9999 -9999 0.31557 0.15870 0.12025 0.42478 0.66275 0.94861 0.99802 1.50857 1.22574 0.85487 0.91044 1.45226 0.80182 0.97347 0.78099 1.23692 0.81706 0.01932 0.01675 0.00012 0.00013 0.03182 0.02402 0.15603 0.17015 0.00000 0.00375 0.03884 0.05232 0.16740 0.12793 0.21445 0.11664 0.18063 0.30812 0.02127 0.00927 0.03970 0.03598 0.02807 0.02809 0.03919 0.19733 0.09971 0.11779 0.26840 0.39263 0.37581 0.35463 0.49018 0.52058 1.16965 1.17708 1.93544 2.15069 1.06764 1.03162 0.66635 1.01998 1.93277 3.15506 5.73682 6.62069
-9999 -9999 -9999 -9999 -9999 -9999 -9999 -9999 -9999 -9999 0.13917 0.12895 0.10845 0.49968 0.38912 0.86397 0.91334 1.33220 1.48756 0.80880 0.70674 0.88850 0.84166 0.87991 0.71595 0.55586 0.36784 0.01867 0.00785 0.00000 0.00000 0.01315 0.00813 0.11712 0.17540 0.00004 0.00345 0.05687 0.10532 0.17384 0.16954 0.21510 0.29649 0.28119 0.27070 0.00018 0.00488 0.02883 0.02805 0.03603 0.02299 0.02552 0.02193 0.05235 0.09705 0.21298 0.24999 0.03387 0.04212 0.12400 0.12804 0.35643 0.31750 0.42063 0.53522 0.47031 0.53356 0.10598 0.10060 1.61538 2.37573 4.29369 5.21705
-9999 -9999 -9999 -9999 -9999 -9999 -9999 -9999 -9999 -9999 -9999 -9999 0.97995 0.45929 0.44225 0.52996 0.23290 0.28506 0.44883 0.38341 0.46621 0.36765 0.25652 0.52278 0.47304 0.32033 0.26525 0.11821 0.10992 0.05809 0.05808 0.00844 0.00778 0.22099 0.25325 0.03703 0.04161 0.19247 0.36533 0.18163 0.13324 0.13542 0.11578 0.06866 0.08509 0.02485 0.01992 0.01442 0.00561 0.00345 0.01738 0.08166 0.07137 0.07169 0.14693 0.19180 0.22953 0.88119 1.01589 0.09023 0.10794 0.56178 0.64581 0.70685 0.57198 0.18292 0.19739 0.87408 0.97205 1.16637 2.61592 4.32391 4.35011
-9999 -9999 -9999 -9999 -9999 -9999 -9999 -9999 -9999 -9999 -9999 -9999 0.91774 0.31194 0.33469 0.22480 0.22043 0.22838 0.43103 0.58030 0.38818 0.38716 0.27472 0.39765 0.49241 0.32221 0.14899 0.10189 0.09561 0.05624 0.04487 0.01066 0.00521 0.21566 0.31024 0.04141 0.05531 0.26004 0.25301 0.12041 0.09176 0.07333 0.05534 0.02249 0.03353 0.01982 0.01978 0.00515 0.03521 0.00824 0.00975 0.06430 0.09242 0.07670 0.11370 0.20896 0.18738 0.85429 0.96260 0.15353 0.21404 0.64737 0.45469 0.58237 0.44305 0.18262 0.20978 0.75401 0.92113 1.25076 1.97917 2.13635 3.26644
-9999 -9999 -9999 -9999 -9999 -9999 -9999 -9999 -9999 -9999 -9999 0.02393 0.19658 0.06233 0.05187 0.32232 0.62533 0.34645 0.41417 0.74589 0.30692 0.48864 0.26748 0.13148 0.13853 0.58644 0.34326 0.02884 0.00392 0.00222 0.00225 0.02439 0.02078 0.00580 0.01540 0.06550 0.10656 0.18361 0.25046 0.81067 0.75152 0.25285 0.23923 0.19405 0.15550 0.13657 0.15990 0.03672 0.01979 0.14727 0.14457 0.00689 0.00896 0.06275 0.07122 0.26761 0.23608 0.20450 0.25712 1.15021 1.03641 0.25501 0.32249 0.35207 0.44299 0.27827 0.33626 0.75183 1.18007 1.41078 2.11821 5.09299 4.15076
-9999 -9999 -9999 -9999 -9999 -9999 -9999 -9999 -9999 -9999 -9999 0.00640 0.01245 0.04756 0.03942 0.25378 0.36197 0.31244 0.31832 0.49267 0.36846 0.28377 0.17804 0.01898 0.02496 0.16117 0.09129 0.06022 0.00914 0.00291 0.00292 0.03378 0.02867 0.01447 0.01073 0.06245 0.06037 0.18766 0.24552 0.67291 0.62692 0.15746 0.48714 0.33990 0.25686 0.26783 0.18584 0.12707 0.06546 0.09800 0.07483 0.00741 0.00939 0.04148 0.03603 0.16041 0.17365 0.12460 0.12255 0.95344 1.05223 0.23912 0.25702 0.38780 0.33944 0.40837 0.41832 0.74191 1.49513 1.59352 1.51177 2.97796 3.34755
-9999 -9999 -9999 -9999 -9999 -9999 -9999 -9999 -9999 -9999 -9999 0.20556 0.23366 0.02774 0.04141 0.07800 0.10214 0.52832 0.45428 0.28356 0.32039 0.21767 0.16380 0.26553 0.20262 0.04182 0.06170 0.21401 0.16087 0.04599 0.06210 0.03746 0.01464 0.01845 0.03414 0.03893 0.04726 0.02134 0.06591 0.03316 0.08109 0.19296 0.14169 0.04696 0.11747 0.13957 0.16580 0.31919 0.28267 0.15387 0.12705 0.19645 0.22066 0.02774 0.02246 0.50562 0.52665 0.20689 0.22904 0.54697 0.55934 0.31813 0.32737 0.35989 0.32388 0.33455 0.34054 0.70500 1.00431 2.41590 1.91203 2.26866 2.46333
