data/hydroclimate-scenarios/BCSD_hadcm_A1B/monthly_summaries/swe_monthly_day1_jun.2030-2059.asc
ncols	311
nrows	91
xllcenter	102.75
yllcenter	31.75
cellsize	0.5
NODATA_value	-9999
[rows 0 to 31 of 91, columns 73 to 145 of 311]
-9999 -9999 -9999 -9999 -9999 -9999 -9999 -9999 -9999 -9999 -9999 -9999 -9999 -9999 -9999 -9999 -9999 -9999 -9999 -9999 -9999 -9999 -9999 -9999 -9999 -9999 -9999 -9999 -9999 -9999 -9999 -9999 -9999 -9999 -9999 -9999 -9999 -9999 -9999 -9999 -9999 -9999 -9999 -9999 -9999 -9999 -9999 -9999 -9999 -9999 -9999 -9999 -9999 -9999 -9999 -9999 -9999 -9999 -9999 -9999 -9999 -9999 -9999 -9999 -9999 -9999 -9999 -9999 -9999 -9999 -9999 -9999 -9999
-9999 -9999 -9999 -9999 -9999 -9999 -9999 -9999 -9999 -9999 -9999 -9999 -9999 -9999 -9999 -9999 -9999 -9999 -9999 -9999 -9999 -9999 -9999 -9999 -9999 -9999 -9999 -9999 -9999 -9999 -9999 -9999 -9999 -9999 -9999 -9999 -9999 -9999 -9999 -9999 -9999 -9999 -9999 -9999 -9999 -9999 -9999 -9999 -9999 -9999 -9999 -9999 -9999 -9999 -9999 -9999 -9999 -9999 -9999 -9999 -9999 -9999 -9999 -9999 -9999 -9999 -9999 -9999 -9999 -9999 -9999 -9999 -9999
-9999 -9999 -9999 -9999 -9999 -9999 -9999 -9999 -9999 -9999 -9999 -9999 -9999 -9999 -9999 -9999 -9999 -9999 -9999 -9999 -9999 -9999 -9999 -9999 -9999 -9999 -9999 -9999 -9999 -9999 -9999 -9999 -9999 -9999 -9999 -9999 -9999 -9999 -9999 -9999 -9999 -9999 -9999 -9999 -9999 -9999 -9999 -9999 -9999 -9999 -9999 -9999 -9999 -9999 -9999 -9999 -9999 -9999 -9999 -9999 -9999 -9999 -9999 -9999 -9999 -9999 -9999 -9999 -9999 -9999 -9999 -9999 -9999
-9999 -9999 -9999 -9999 -9999 -9999 -9999 -9999 -9999 -9999 -9999 -9999 -9999 -9999 -9999 -9999 -9999 -9999 -9999 -9999 -9999 -9999 -9999 -9999 -9999 -9999 -9999 -9999 -9999 -9999 -9999 -9999 -9999 -9999 -9999 -9999 -9999 -9999 -9999 -9999 -9999 -9999 -9999 -9999 -9999 -9999 -9999 -9999 -9999 -9999 -9999 -9999 -9999 -9999 -9999 -9999 -9999 -9999 -9999 -9999 -9999 -9999 -9999 -9999 -9999 -9999 -9999 -9999 -9999 -9999 -9999 -9999 -9999
-9999 -9999 -9999 -9999 -9999 -9999 -9999 -9999 -9999 -9999 -9999 -9999 -9999 -9999 -9999 -9999 -9999 -9999 -9999 -9999 -9999 -9999 -9999 -9999 -9999 -9999 -9999 -9999 -9999 -9999 -9999 -9999 -9999 -9999 -9999 -9999 -9999 -9999 -9999 -9999 -9999 -9999 -9999 -9999 -9999 -9999 -9999 -9999 -9999 -9999 -9999 -9999 -9999 -9999 -9999 -9999 -9999 -9999 -9999 -9999 -9999 -9999 -9999 -9999 -9999 -9999 -9999 -9999 -9999 -9999 -9999 -9999 -9999
-9999 -9999 -9999 -9999 -9999 -9999 -9999 -9999 -9999 -9999 -9999 -9999 -9999 -9999 -9999 -9999 -9999 -9999 -9999 -9999 -9999 -9999 -9999 -9999 -9999 -9999 -9999 -9999 -9999 -9999 -9999 -9999 -9999 -9999 -9999 -9999 -9999 -9999 -9999 -9999 -9999 -9999 -9999 -9999 -9999 -9999 -9999 -9999 -9999 -9999 -9999 -9999 -9999 -9999 -9999 -9999 -9999 -9999 -9999 -9999 -9999 -9999 -9999 -9999 -9999 -9999 -9999 -9999 -9999 -9999 -9999 -9999 -9999
-9999 -9999 -9999 -9999 -9999 -9999 -9999 -9999 -9999 -9999 -9999 -9999 -9999 -9999 -9999 -9999 -9999 -9999 -9999 -9999 -9999 -9999 -9999 -9999 -9999 -9999 -9999 -9999 -9999 -9999 -9999 -9999 -9999 -9999 -9999 -9999 -9999 -9999 -9999 -9999 -9999 -9999 -9999 -9999 -9999 -9999 -9999 -9999 -9999 -9999 -9999 -9999 -9999 -9999 -9999 -9999 -9999 -9999 -9999 -9999 -9999 -9999 -9999 -9999 -9999 -9999 -9999 -9999 -9999 -9999 -9999 -9999 -9999
-9999 -9999 -9999 -9999 -9999 -9999 -9999 -9999 -9999 -9999 -9999 -9999 -9999 -9999 -9999 -9999 -9999 -9999 -9999 -9999 -9999 -9999 -9999 -9999 -9999 -9999 -9999 -9999 -9999 -9999 -9999 -9999 -9999 -9999 -9999 -9999 -9999 -9999 -9999 -9999 -9999 -9999 -9999 -9999 -9999 -9999 -9999 -9999 -9999 -9999 -9999 -9999 -9999 -9999 -9999 -9999 -9999 -9999 -9999 -9999 -9999 -9999 -9999 -9999 -9999 -9999 -9999 -9999 -9999 -9999 -9999 -9999 -9999
-9999 -9999 -9999 -9999 4.03434 -9999 -9999 -9999 -9999 -9999 -9999 -9999 -9999 -9999 -9999 -9999 -9999 -9999 -9999 -9999 -9999 -9999 -9999 -9999 -9999 -9999 -9999 -9999 -9999 -9999 -9999 -9999 -9999 -9999 -9999 -9999 -9999 -9999 -9999 -9999 -9999 -9999 -9999 -9999 -9999 -9999 -9999 -9999 -9999 -9999 -9999 -9999 -9999 -9999 -9999 -9999 -9999 -9999 -9999 -9999 -9999 -9999 -9999 -9999 -9999 -9999 -9999 -9999 -9999 -9999 -9999 -9999 -9999
40.35820 1.69218 0.00000 0.35781 2.05391 5.42715 12.19540 23.50100 48.47460 58.44510 80.76310 88.95160 97.85450 101.48300 113.19200 113.03900 106.81900 108.22300 89.37400 86.16660 -9999 -9999 -9999 -9999 -9999 -9999 -9999 -9999 -9999 -9999 -9999 -9999 -9999 -9999 -9999 -9999 -9999 -9999 -9999 -9999 -9999 -9999 -9999 -9999 -9999 -9999 -9999 -9999 -9999 -9999 -9999 -9999 -9999 -9999 -9999 -9999 -9999 -9999 -9999 -9999 -9999 -9999 -9999 -9999 -9999 -9999 -9999 -9999 -9999 -9999 -9999 -9999 -9999
-9999 -9999 0.00989 0.00968 1.37356 2.05275 7.53711 12.43510 26.91770 37.97460 58.69890 64.87920 77.38920 87.32210 89.55220 95.14450 94.34940 102.67100 104.19200 100.75600 -9999 -9999 -9999 -9999 -9999 -9999 -9999 -9999 -9999 -9999 -9999 -9999 -9999 -9999 -9999 -9999 -9999 -9999 -9999 -9999 -9999 -9999 -9999 -9999 -9999 -9999 -9999 -9999 -9999 -9999 -9999 -9999 -9999 -9999 -9999 -9999 -9999 -9999 -9999 -9999 -9999 -9999 -9999 -9999 -9999 -9999 -9999 -9999 -9999 -9999 -9999 -9999 -9999
0.00000 0.00000 0.00088 0.00153 0.47821 1.19740 2.53396 4.46953 13.29910 19.75370 34.84920 43.90250 62.67710 70.02110 71.01830 86.94050 80.23730 85.58980 85.54300 84.84880 57.27610 52.42210 45.11700 39.51560 35.46770 29.68370 -9999 -9999 -9999 -9999 -9999 -9999 -9999 -9999 -9999 -9999 -9999 -9999 -9999 -9999 -9999 -9999 -9999 -9999 -9999 -9999 -9999 -9999 -9999 -9999 -9999 -9999 -9999 -9999 -9999 -9999 -9999 -9999 -9999 -9999 -9999 -9999 -9999 -9999 -9999 -9999 -9999 -9999 -9999 -9999 -9999 -9999 -9999
0.02750 0.03345 2.39769 2.82267 0.00800 0.41170 2.25876 3.50148 3.72132 6.88502 26.23980 38.36000 38.33950 55.52000 49.21680 56.77950 61.86270 73.93850 60.99470 60.80320 61.46470 50.35600 43.83950 33.74250 41.36420 37.27930 24.61590 20.63990 12.46590 11.46180 13.91700 13.22920 0.20897 0.13092 5.15622 6.71227 1.88431 1.58892 2.70407 2.54856 4.30901 -9999 -9999 -9999 -9999 -9999 -9999 -9999 -9999 -9999 -9999 -9999 -9999 -9999 -9999 -9999 -9999 -9999 -9999 -9999 -9999 -9999 -9999 -9999 -9999 -9999 -9999 -9999 -9999 -9999 -9999 -9999 -9999
0.02001 0.00791 2.51912 2.69718 0.00737 0.00716 1.36805 2.37409 1.74175 2.30567 9.25874 16.02040 22.04290 32.57210 35.66380 43.98880 29.54360 42.55520 49.25300 51.40120 46.98360 40.99470 34.76680 26.07020 33.66790 32.58480 21.83880 23.81180 11.92840 10.24060 10.67650 8.89712 0.02351 0.67024 6.51773 5.99535 1.29696 1.20363 2.36727 2.30666 4.40124 4.29675 -9999 -9999 -9999 -9999 -9999 -9999 -9999 -9999 -9999 -9999 -9999 -9999 -9999 -9999 -9999 -9999 -9999 -9999 -9999 -9999 -9999 -9999 -9999 -9999 -9999 -9999 -9999 -9999 -9999 -9999 -9999
0.02646 0.66089 0.03637 0.02885 0.63511 0.85380 0.23267 0.32066 4.72967 4.49639 10.28890 13.95550 17.12190 22.96170 22.95060 33.70420 39.40820 45.67230 48.32140 49.49430 45.78310 40.97290 36.97210 42.21850 28.36990 19.44620 15.86140 14.81250 14.39780 10.18250 6.60492 6.05943 3.14498 3.05797 8.70308 7.21956 5.67830 4.44350 3.69070 3.67048 7.46199 7.67262 -9999 -9999 -9999 -9999 -9999 -9999 -9999 -9999 -9999 -9999 -9999 -9999 -9999 -9999 -9999 22.89250 32.68810 -9999 -9999 -9999 -9999 65.70450 84.91650 98.58450 87.96220 77.54230 70.52390 84.93400 86.54450 101.89400 106.14500
0.02895 0.20649 0.00966 0.00084 0.03559 0.30122 0.02062 0.11708 2.00059 2.90132 2.70947 11.31690 17.19000 14.75610 19.07180 12.69280 39.85200 39.46530 35.16600 36.65010 32.29340 30.73430 37.72950 25.67870 18.84800 15.26270 14.03650 9.85420 7.02692 5.35003 3.85948 3.39047 4.24759 8.29631 10.46720 7.07670 4.68732 6.49179 4.81888 2.81348 7.45057 7.18289 1.62409 3.20602 9.40020 5.26519 10.89240 17.61180 22.11340 28.29450 38.57620 39.41910 41.44720 43.75890 23.72510 23.08440 21.37310 25.04710 31.99100 -9999 -9999 -9999 -9999 -9999 73.06120 83.73210 87.26030 100.28600 107.24400 108.75500 127.05100 132.77901 133.90500
0.49830 1.93908 0.00000 0.00000 0.00000 0.00000 0.00068 0.00000 0.07617 0.23250 3.29178 6.70245 14.18620 16.52180 19.91480 30.74640 31.33570 20.00010 30.83270 34.36280 33.32860 33.75800 37.82700 34.93100 26.45300 25.48730 23.26740 30.55600 25.24260 22.82740 24.87990 18.26410 21.35850 28.27280 20.18760 25.60580 12.37630 16.81240 20.56200 22.13470 28.21950 24.69010 17.89240 18.73920 33.73490 27.67190 20.21820 28.41190 18.54790 30.57980 34.20340 48.96430 67.77540 48.91910 50.59250 54.50640 54.71980 49.02260 72.26810 80.63110 63.22040 51.33110 52.45520 56.53520 66.48190 70.93040 58.61550 73.99870 116.90700 124.05700 147.32899 167.07600 185.54800
0.29148 2.55309 2.34612 0.50935 0.00000 0.11250 0.00000 0.00000 0.06784 0.11572 0.45371 4.37653 8.95530 19.53300 13.07260 14.85800 29.30840 33.03650 32.73330 21.11790 18.88220 16.00110 31.86130 22.57950 22.94590 18.73300 30.05740 33.90180 35.17210 35.23360 29.16160 18.77080 19.67750 24.26560 20.01190 19.43450 13.26010 22.34830 20.14670 14.41170 20.63260 31.21730 32.90320 23.99430 23.39100 16.16810 23.72740 19.61020 27.36610 16.52440 33.85120 30.29670 43.81140 65.16620 58.63570 56.15140 64.27510 69.65920 87.36800 116.68600 93.93040 68.93860 54.27570 52.57630 56.42340 55.72130 46.86860 78.00340 135.43401 142.63800 169.18800 182.97400 207.63499
7.84645 0.71223 1.10771 0.43089 0.08915 1.19424 0.09528 0.02885 0.07011 0.06288 0.18329 1.68563 4.62828 7.96373 10.67210 12.14550 18.14770 38.65180 28.19940 21.29260 14.77280 11.30950 11.69500 13.47370 11.74130 17.13440 12.88780 11.60100 16.05580 16.28850 15.91620 17.27490 18.86280 17.52010 14.73360 10.46470 11.04780 14.35350 8.00333 7.65769 12.84780 22.00520 29.89200 21.56900 19.41870 15.11500 11.98300 15.69260 21.64630 23.84950 28.65110 28.95010 42.59100 41.99280 41.47200 65.74860 76.34730 84.63470 91.44780 105.30900 120.59300 108.93600 107.20300 97.02410 93.93550 92.35220 101.41100 120.04100 128.88800 141.43700 162.53400 185.86800 206.07401
10.97460 10.51960 2.60352 0.08309 0.22372 1.99014 0.38056 0.14486 1.52826 1.81047 2.57876 0.88570 1.65523 2.43419 4.45100 7.23593 13.82290 17.50500 22.51200 15.62800 9.74886 6.54782 7.51058 5.55254 10.19020 4.68760 16.39820 10.95480 11.59530 18.41220 15.23250 7.57886 6.70447 9.76215 6.83035 7.12780 1.71846 3.37073 5.50119 4.80027 6.01344 8.54768 13.51320 16.71000 19.34110 30.16960 19.79590 24.16230 37.69480 33.95010 30.95190 31.32450 50.72140 61.61340 70.06390 93.60790 79.58400 72.09900 73.82270 77.66080 89.37530 117.77800 136.54300 124.91500 144.36400 124.83900 113.65400 120.50700 122.10300 91.75640 123.33500 171.99800 200.05299
12.56600 18.89390 31.93760 5.70400 1.92361 0.50427 0.15147 0.30764 0.72488 5.19751 24.23730 42.91800 20.23840 10.23170 7.11367 5.78340 4.32315 5.68428 10.63530 11.23040 10.46750 4.97413 2.16751 4.30902 5.65520 2.92403 9.10697 11.23100 11.01770 8.71089 8.88894 9.30784 3.79363 8.94448 7.26005 13.97400 9.81149 9.74268 13.96120 16.11780 12.12450 13.37500 15.91580 20.99470 30.09370 29.46350 17.33200 24.24580 21.84280 23.95810 41.92830 43.11050 44.80450 56.51520 83.42360 101.91300 89.67180 123.44300 121.42500 115.96100 107.01700 105.89600 105.87600 107.53000 133.60300 147.73199 134.56599 134.99500 116.91500 99.26280 93.02660 145.16400 194.95300
24.70430 26.82110 32.51890 24.91480 18.73280 13.78140 3.36156 1.45638 0.24153 1.56163 8.15445 18.66020 30.28990 33.02090 34.29790 30.14950 12.69250 12.38090 9.99418 13.31670 8.28516 8.02243 7.22380 5.52741 1.14939 1.37383 12.25430 11.65190 5.53186 20.88780 24.45570 24.83450 16.90510 18.50070 11.48250 14.71580 11.65270 12.14080 16.82640 20.13670 11.25100 16.00200 16.76520 19.39630 32.49930 30.92910 22.87600 28.93460 45.07940 43.65790 65.28380 71.24840 83.83230 91.26430 123.32100 101.48500 104.51400 134.19501 120.18400 126.35200 123.02800 91.79300 109.33900 110.49500 148.50500 133.25900 118.25500 114.55000 84.21820 73.25020 83.96950 179.43201 179.82001
13.14360 10.48210 16.93640 24.98890 20.63220 13.05290 10.93590 6.04839 2.37023 7.85392 4.83837 2.87568 3.21981 6.53416 17.45110 35.64190 45.17610 40.42500 15.30390 12.17230 9.73365 11.04010 6.53108 5.03224 2.81272 5.02439 18.08590 15.99000 13.30580 13.77320 7.97359 6.15258 11.53180 4.89045 3.83220 5.18896 18.83950 15.53330 10.52390 8.17335 15.19020 19.28290 30.90270 39.53820 54.36640 45.52270 59.18850 90.87690 109.05600 105.82200 121.74400 150.59000 152.20900 176.61700 129.49600 153.05600 129.73000 111.60300 122.42800 118.57300 111.97600 109.89500 109.44700 86.03570 64.87340 58.53900 104.11400 135.83701 86.17490 66.55250 117.41100 173.48801 134.03000
1.94286 1.68859 11.10480 22.37130 18.17180 24.03560 16.41300 10.72200 3.40648 17.84860 13.56100 7.99415 26.86610 25.96860 52.47660 5.50062 28.79020 59.24230 50.70730 43.44240 36.24780 3.23055 3.69240 3.44905 4.71631 9.12323 14.26570 12.09600 15.02700 14.37930 4.47593 4.07628 3.98830 5.01941 4.48687 4.40187 14.84940 16.67660 33.02180 24.43260 19.70140 27.38830 15.95150 18.08950 41.14740 48.44430 76.07200 97.73900 120.11600 115.97800 116.45100 132.51500 174.00301 187.36600 159.57201 168.19000 135.56100 125.68100 103.92800 113.48000 110.35500 133.74001 68.48990 102.82700 101.10500 67.77320 72.40580 111.93600 69.97920 69.51200 85.64710 83.00790 103.67900
5.91351 5.09590 11.79520 12.94930 11.93680 18.06650 8.25359 10.32340 15.17520 11.27170 10.94580 8.64627 20.45970 28.45280 34.60590 46.96680 30.32040 18.05670 23.86560 29.96750 22.93560 15.50600 4.83780 3.00785 4.40835 3.94919 7.05041 2.34954 10.47260 7.44673 6.86257 6.96626 3.92065 4.26115 8.09869 9.92315 10.93170 14.29160 48.34630 49.05100 40.44010 36.15540 26.11030 24.27630 38.47260 50.49910 76.80490 109.21000 139.74500 121.42500 120.61600 164.02699 146.90300 144.42900 139.69600 133.99699 186.43600 155.98300 139.97900 125.32400 119.92900 91.48580 51.54030 97.29430 66.31550 59.42810 102.25700 91.66830 86.68200 111.33200 116.92700 107.17800 133.64101
9.91956 10.66670 14.11910 8.89080 8.07042 9.74608 7.45778 6.32153 9.04720 21.33430 16.44540 8.49957 7.11427 17.25700 27.75200 32.12680 61.03550 49.79900 26.87610 12.42340 7.07288 9.41176 17.15300 11.61630 2.59482 1.55737 4.18441 9.71911 5.70055 5.89136 2.93423 3.80718 3.42676 6.97695 11.58820 24.41640 14.46470 28.03010 80.45640 56.58250 41.22510 68.63390 65.45920 44.15590 40.78710 51.53270 57.70940 78.44250 118.28100 93.34550 75.78200 77.37720 65.73880 83.26390 102.27000 131.00200 127.94400 154.04100 118.50200 125.74800 112.00700 102.14400 61.89490 56.67560 47.62470 52.22360 76.96990 111.43600 125.02000 108.37900 105.15000 168.44299 179.19299
30.74500 33.42650 16.18260 12.73090 7.55944 4.74120 3.52048 3.71486 0.27464 4.29264 17.24420 11.18480 5.50862 7.04110 21.10110 33.84960 40.24470 43.58120 33.50480 31.06590 35.06330 26.40630 22.09090 19.38540 15.22990 9.05053 1.29198 5.90339 3.23264 0.71352 0.57181 4.45542 15.61580 6.70148 13.14870 33.92410 20.97720 15.85490 40.53130 47.13960 56.97060 42.40690 50.27940 45.32860 52.49590 64.33220 54.67280 75.90930 88.47510 105.46600 104.50800 117.22300 125.46200 132.28500 137.33400 97.11670 97.96130 80.45980 72.17430 94.90670 89.05930 76.28040 88.34660 74.48020 74.77020 80.16130 139.01700 170.04700 186.84399 174.28799 153.08000 189.01801 152.11600
34.50130 24.51910 29.74470 12.83960 8.87031 3.84351 5.32029 1.72518 0.25703 0.84751 6.07700 19.77560 20.80610 20.26430 27.85160 20.70940 25.90460 21.35550 55.28670 30.23320 27.23060 23.67330 18.10230 21.68080 36.48320 16.98450 2.36381 3.84198 17.70010 14.38540 3.96620 6.66968 23.75290 12.12150 16.18060 26.13390 34.68080 35.12150 44.24020 48.54320 46.23190 50.88090 48.00330 52.68280 39.15390 57.19980 65.09410 71.39910 82.74780 99.36880 98.58770 85.31450 108.71600 93.22650 108.00400 91.36600 76.39950 80.77360 78.33750 93.83050 87.48090 95.46760 176.03799 159.89000 157.09801 153.35800 167.47000 132.57401 160.51100 181.75000 180.57201 228.16901 303.23499
39.92700 30.75370 25.06480 35.74080 24.09570 16.80380 17.64590 13.77660 4.83550 13.72870 4.23858 12.30240 41.10560 29.37820 22.92270 20.95960 20.99900 20.63500 20.26060 38.96380 43.01520 27.83310 20.12970 13.09690 17.22240 11.68380 0.01084 7.04310 18.23490 21.97470 18.90650 14.18720 28.40610 31.66960 22.24880 41.42390 84.83930 112.37800 79.83440 76.88560 74.91680 42.91970 51.78460 41.01210 9.47256 6.72133 16.22380 16.86290 17.90580 22.89020 44.15510 66.08790 108.12400 119.82300 112.72900 82.49930 76.49760 71.96590 113.11900 120.97800 157.64500 235.55000 255.61301 238.98300 247.69501 257.41299 230.49200 208.67300 228.54500 235.88600 264.79199 269.06000 246.62399
38.67060 36.98600 41.46840 40.01710 51.14290 29.72990 35.52550 47.25110 39.77590 30.68760 26.09160 54.31260 43.00490 31.76990 40.85450 34.19420 17.19690 20.40760 27.82380 44.58160 77.70220 36.21830 21.38320 15.64710 29.45430 16.87060 4.07201 18.72060 20.17680 14.58210 27.88230 24.09240 44.34580 35.28480 40.75470 42.12860 86.72220 95.95850 74.94210 39.85040 48.55240 22.84470 15.35460 12.48330 4.04314 7.66611 28.77340 23.60040 -9999 -9999 36.52930 45.07450 44.25910 78.09810 89.12460 77.80670 71.95260 102.00300 149.49899 239.38400 292.38800 314.28601 284.66599 311.35001 317.10699 347.62399 299.72501 243.05000 277.35501 208.58501 272.13901 229.21700 156.23000
23.24940 36.29810 56.72590 50.02660 51.70990 49.54890 57.81010 56.11190 57.33440 69.40250 64.82300 70.83760 50.55940 38.65110 57.11680 46.19100 25.19810 45.43300 41.30240 34.93940 45.69180 58.40810 93.54930 59.63980 53.32910 27.76540 20.87690 31.48930 32.21510 19.86270 21.81730 33.68730 74.14230 80.75740 115.47100 59.20500 34.39790 -9999 -9999 -9999 -9999 3.93821 -9999 29.82630 58.34610 40.75500 32.27230 8.27350 -9999 -9999 55.65880 56.09810 61.18680 64.00570 44.75620 69.70500 111.72200 166.41400 155.15601 194.47400 238.59599 254.98700 241.14900 360.28799 356.54001 351.56299 278.24701 252.31799 227.67500 144.38300 -9999 -9999 -9999
26.18620 43.23110 51.09920 29.50990 72.39030 54.42970 24.29490 35.84090 37.43310 49.22370 55.03940 70.18830 61.27260 25.63350 50.29040 70.27010 70.68560 60.92210 72.37770 41.31920 55.86530 52.06820 74.30320 57.15030 53.40150 56.00080 37.52020 37.18800 38.48410 43.90740 52.83560 45.91060 114.43700 72.87720 60.26540 -9999 -9999 -9999 -9999 -9999 -9999 -9999 17.56480 26.73800 25.40530 -9999 -9999 -9999 -9999 -9999 20.38540 35.09410 118.56700 92.11470 118.53900 99.18910 98.58780 166.19299 86.41490 111.76600 170.46400 222.80701 184.96700 179.84200 252.10500 349.57599 281.99701 156.50000 -9999 -9999 -9999 -9999 -9999
