data/hydroclimate-scenarios/BCSD_hadcm_A1B/monthly_summaries/swe_monthly_day1_may.2030-2059.asc
ncols	311
nrows	91
xllcenter	102.75
yllcenter	31.75
cellsize	0.5
NODATA_value	-9999
[rows 0 to 31 of 91, columns 0 to 71 of 311]
-9999 -9999 -9999 -9999 -9999 -9999 -9999 -9999 -9999 -9999 -9999 -9999 -9999 -9999 -9999 -9999 -9999 -9999 -9999 -9999 -9999 -9999 -9999 -9999 -9999 -9999 -9999 -9999 -9999 -9999 -9999 -9999 -9999 -9999 -9999 -9999 -9999 -9999 -9999 -9999 -9999 -9999 -9999 -9999 -9999 -9999 -9999 -9999 -9999 -9999 -9999 -9999 -9999 -9999 -9999 -9999 -9999 -9999 -9999 -9999 -9999 -9999 -9999 -9999 -9999 -9999 -9999 -9999 -9999 -9999 -9999 -9999
-9999 -9999 -9999 -9999 -9999 -9999 -9999 -9999 -9999 -9999 -9999 -9999 -9999 -9999 -9999 -9999 -9999 -9999 -9999 -9999 -9999 -9999 -9999 -9999 -9999 -9999 -9999 -9999 -9999 -9999 -9999 -9999 -9999 -9999 -9999 -9999 -9999 -9999 -9999 -9999 -9999 -9999 -9999 -9999 -9999 -9999 -9999 -9999 -9999 -9999 -9999 -9999 -9999 -9999 -9999 -9999 -9999 -9999 -9999 -9999 -9999 -9999 -9999 -9999 -9999 -9999 -9999 -9999 -9999 -9999 -9999 -9999
-9999 -9999 -9999 -9999 -9999 -9999 -9999 -9999 -9999 -9999 -9999 -9999 -9999 -9999 -9999 -9999 -9999 -9999 -9999 -9999 -9999 -9999 -9999 -9999 -9999 -9999 -9999 -9999 -9999 -9999 -9999 -9999 -9999 -9999 -9999 -9999 -9999 -9999 -9999 -9999 -9999 -9999 -9999 -9999 -9999 -9999 -9999 -9999 -9999 -9999 -9999 -9999 -9999 -9999 -9999 -9999 -9999 -9999 -9999 -9999 -9999 -9999 -9999 -9999 -9999 -9999 -9999 -9999 -9999 -9999 -9999 -9999
-9999 -9999 -9999 -9999 -9999 -9999 -9999 -9999 -9999 -9999 -9999 -9999 -9999 -9999 -9999 -9999 -9999 -9999 -9999 -9999 -9999 -9999 -9999 -9999 -9999 -9999 -9999 -9999 -9999 -9999 -9999 -9999 -9999 -9999 -9999 -9999 -9999 -9999 -9999 -9999 -9999 -9999 -9999 -9999 -9999 -9999 -9999 -9999 -9999 -9999 -9999 -9999 -9999 -9999 -9999 -9999 -9999 -9999 -9999 -9999 -9999 -9999 -9999 -9999 -9999 -9999 -9999 -9999 -9999 -9999 -9999 -9999
-9999 -9999 -9999 -9999 -9999 -9999 -9999 -9999 -9999 -9999 -9999 -9999 -9999 -9999 -9999 -9999 -9999 -9999 -9999 -9999 -9999 -9999 -9999 -9999 -9999 -9999 -9999 -9999 -9999 -9999 -9999 -9999 -9999 -9999 -9999 -9999 -9999 -9999 -9999 -9999 -9999 -9999 -9999 -9999 -9999 -9999 -9999 -9999 -9999 -9999 -9999 -9999 -9999 -9999 -9999 -9999 -9999 -9999 -9999 -9999 -9999 -9999 -9999 -9999 -9999 -9999 -9999 -9999 -9999 -9999 -9999 -9999
-9999 -9999 -9999 -9999 -9999 -9999 -9999 -9999 -9999 -9999 -9999 -9999 -9999 -9999 -9999 -9999 -9999 -9999 -9999 -9999 -9999 -9999 -9999 -9999 -9999 -9999 -9999 -9999 -9999 -9999 -9999 -9999 -9999 -9999 -9999 -9999 -9999 -9999 -9999 -9999 -9999 -9999 -9999 -9999 -9999 -9999 -9999 -9999 -9999 -9999 -9999 -9999 -9999 -9999 -9999 -9999 -9999 -9999 -9999 -9999 -9999 -9999 -9999 -9999 -9999 -9999 -9999 -9999 -9999 -9999 -9999 -9999
-9999 -9999 -9999 -9999 -9999 -9999 -9999 -9999 -9999 -9999 -9999 -9999 -9999 -9999 -9999 -9999 -9999 -9999 -9999 -9999 -9999 -9999 -9999 -9999 -9999 -9999 -9999 -9999 -9999 -9999 -9999 -9999 -9999 -9999 -9999 -9999 -9999 -9999 -9999 -9999 -9999 -9999 -9999 -9999 -9999 -9999 -9999 -9999 -9999 -9999 -9999 -9999 -9999 -9999 -9999 -9999 -9999 -9999 -9999 -9999 -9999 -9999 -9999 -9999 -9999 -9999 -9999 -9999 -9999 -9999 -9999 -9999
-9999 -9999 -9999 -9999 -9999 -9999 -9999 -9999 -9999 -9999 -9999 -9999 -9999 -9999 -9999 -9999 -9999 -9999 -9999 -9999 -9999 -9999 -9999 -9999 -9999 -9999 -9999 -9999 -9999 -9999 -9999 -9999 -9999 -9999 -9999 -9999 -9999 -9999 -9999 -9999 -9999 -9999 192.48000 194.84100 197.64400 199.54300 196.00999 195.59801 189.91701 192.81700 185.79800 181.59399 -9999 -9999 -9999 -9999 -9999 -9999 -9999 -9999 -9999 -9999 -9999 -9999 -9999 -9999 -9999 -9999 -9999 -9999 -9999 -9999
-9999 -9999 -9999 -9999 -9999 -9999 -9999 -9999 -9999 -9999 -9999 -9999 -9999 -9999 -9999 -9999 -9999 -9999 -9999 -9999 -9999 -9999 -9999 -9999 -9999 -9999 -9999 -9999 -9999 -9999 -9999 -9999 -9999 -9999 -9999 -9999 -9999 -9999 187.97400 198.57700 196.97000 203.22701 204.18900 204.55901 206.90601 209.00600 210.64799 210.42700 209.39900 204.13300 195.82201 188.50600 174.75900 99.56210 -9999 -9999 -9999 -9999 -9999 -9999 -9999 -9999 -9999 -9999 -9999 -9999 -9999 -9999 -9999 -9999 -9999 -9999
-9999 -9999 -9999 -9999 -9999 -9999 -9999 -9999 -9999 -9999 -9999 -9999 -9999 -9999 -9999 -9999 -9999 -9999 -9999 -9999 -9999 -9999 -9999 -9999 -9999 -9999 -9999 -9999 -9999 -9999 -9999 -9999 -9999 -9999 -9999 -9999 -9999 -9999 -9999 -9999 188.06500 200.81799 203.25999 205.05901 211.36800 215.45100 218.61099 219.69299 218.92599 219.16200 212.37000 196.35100 187.66800 105.00200 -9999 -9999 -9999 -9999 -9999 -9999 -9999 -9999 -9999 -9999 -9999 -9999 -9999 -9999 -9999 -9999 -9999 -9999
-9999 -9999 -9999 -9999 -9999 -9999 -9999 -9999 -9999 -9999 -9999 -9999 -9999 -9999 -9999 -9999 -9999 -9999 -9999 -9999 -9999 -9999 -9999 -9999 -9999 -9999 -9999 -9999 -9999 -9999 -9999 -9999 -9999 -9999 -9999 -9999 -9999 -9999 -9999 -9999 -9999 -9999 -9999 -9999 230.25500 233.57700 237.92200 243.61000 245.11301 243.18300 241.30701 224.26801 211.46001 125.89700 -9999 -9999 -9999 -9999 -9999 -9999 117.47000 -9999 -9999 -9999 -9999 -9999 -9999 -9999 -9999 -9999 -9999 -9999
-9999 -9999 -9999 -9999 -9999 -9999 -9999 -9999 -9999 -9999 -9999 -9999 -9999 -9999 -9999 -9999 -9999 -9999 -9999 -9999 -9999 -9999 -9999 -9999 -9999 -9999 -9999 -9999 -9999 -9999 -9999 -9999 -9999 -9999 -9999 -9999 -9999 -9999 -9999 -9999 -9999 216.68401 219.81900 224.52299 229.92900 230.18500 236.72900 240.31100 243.84100 243.18900 235.81799 223.51900 204.06000 189.29601 -9999 -9999 -9999 -9999 -9999 115.87100 110.52200 105.83000 100.47600 92.81840 90.25070 83.21030 82.56220 83.37390 78.74590 75.55430 77.04680 73.70520
-9999 -9999 -9999 -9999 -9999 -9999 -9999 -9999 -9999 -9999 -9999 -9999 -9999 -9999 -9999 -9999 -9999 -9999 -9999 -9999 -9999 -9999 -9999 -9999 -9999 -9999 -9999 -9999 -9999 -9999 -9999 -9999 -9999 -9999 -9999 -9999 -9999 -9999 -9999 -9999 -9999 213.29900 223.09000 230.52000 231.47900 230.22600 231.81599 233.55499 234.67101 235.56000 222.24600 206.07100 191.94200 173.12199 164.02100 150.44000 135.68201 -9999 117.66800 120.39200 111.54900 104.30800 99.93740 91.49210 89.75640 77.50740 74.73910 78.89710 76.75360 73.37360 72.03890 72.07320
-9999 -9999 -9999 -9999 -9999 -9999 -9999 -9999 -9999 -9999 -9999 -9999 -9999 -9999 -9999 -9999 -9999 -9999 -9999 -9999 -9999 -9999 -9999 -9999 -9999 -9999 -9999 -9999 -9999 -9999 -9999 -9999 -9999 -9999 -9999 175.59801 180.86099 190.36099 196.63400 203.51900 206.09100 213.60899 221.06500 226.90601 232.45500 233.00200 232.40300 235.50900 236.53000 234.13200 225.51500 207.50600 195.29700 175.64200 164.87300 150.51401 137.51900 121.11100 108.63200 111.75200 105.31000 99.00360 94.43980 87.33150 84.24580 73.28790 71.22410 73.93790 72.14350 67.21740 67.97810 65.99630
-9999 -9999 -9999 -9999 -9999 -9999 -9999 -9999 -9999 -9999 -9999 -9999 -9999 -9999 -9999 -9999 -9999 -9999 -9999 -9999 -9999 -9999 -9999 -9999 -9999 -9999 -9999 -9999 -9999 -9999 -9999 -9999 -9999 -9999 165.50200 178.63100 185.83501 185.49200 192.29601 197.94800 206.93800 207.97400 216.09500 226.25301 224.84200 232.65601 232.01601 230.81000 232.58600 224.96500 217.79300 212.54500 199.07100 181.43700 172.32600 151.60800 131.06900 113.37400 100.46200 100.04600 92.59390 90.64960 92.24450 93.17640 89.48140 79.95480 78.15110 64.60170 68.58820 67.67290 70.78840 76.21360
-9999 -9999 -9999 -9999 -9999 -9999 -9999 -9999 -9999 -9999 -9999 -9999 -9999 -9999 -9999 -9999 -9999 -9999 -9999 -9999 -9999 -9999 -9999 -9999 -9999 -9999 -9999 -9999 -9999 -9999 -9999 -9999 -9999 157.75101 165.28101 173.68201 178.77299 181.96201 185.95599 192.69200 201.27000 203.72701 209.50000 220.93100 223.17400 223.57800 227.02299 221.73300 220.63901 215.89200 203.27901 192.53000 172.56599 164.53000 152.35500 133.66800 122.88700 104.83400 92.35670 93.20080 88.33090 77.03190 72.82890 79.89740 79.80310 73.01440 74.77020 59.60970 62.13550 63.97410 61.85570 67.10660
-9999 -9999 -9999 -9999 -9999 -9999 -9999 -9999 -9999 -9999 -9999 -9999 -9999 -9999 -9999 -9999 -9999 -9999 -9999 -9999 -9999 -9999 -9999 -9999 -9999 -9999 -9999 -9999 -9999 -9999 -9999 144.39400 149.65401 153.19299 158.72701 156.99400 162.45100 173.55701 183.24699 189.97900 194.67200 201.65199 209.33800 212.71600 214.14301 216.65800 215.93300 206.07201 202.04700 198.55299 189.89500 176.05499 157.11800 155.02100 145.13300 127.35400 111.17100 99.04340 94.03560 86.02550 79.03530 63.38190 64.15920 66.08330 66.15560 70.26960 72.96900 59.65230 61.42550 63.05450 67.05130 68.54540
-9999 -9999 -9999 -9999 -9999 -9999 -9999 -9999 -9999 -9999 -9999 -9999 -9999 -9999 -9999 -9999 -9999 -9999 -9999 -9999 -9999 -9999 -9999 -9999 -9999 -9999 -9999 -9999 -9999 126.17100 127.50100 143.46300 148.37700 148.66400 150.41200 151.31300 155.62199 172.94600 176.84500 180.93300 188.32201 191.89900 197.05800 202.20799 202.06000 199.51401 196.63800 195.03600 193.82600 189.62000 179.90800 164.27499 150.36301 143.57201 130.43500 119.47700 103.28600 90.94270 80.49060 72.62730 67.64900 56.51870 52.82670 62.41750 59.77110 62.58820 66.38870 60.09290 60.73320 61.32000 58.99250 67.21550
-9999 -9999 -9999 -9999 -9999 -9999 -9999 -9999 -9999 -9999 -9999 -9999 -9999 -9999 -9999 -9999 -9999 -9999 -9999 -9999 -9999 -9999 -9999 -9999 133.48000 133.53500 130.65900 132.25200 133.45300 131.67900 135.76300 140.01900 142.39200 142.41299 147.35699 148.25200 152.73100 161.33701 167.13300 168.67200 171.18300 181.28200 186.49200 183.31700 183.18900 186.52000 182.34801 182.17700 180.86099 172.27699 166.94701 160.94400 150.68100 139.78000 123.54900 102.51800 89.92660 79.18680 72.99980 59.83870 55.19620 47.48000 45.23820 50.65150 49.41300 56.67540 57.66320 60.72930 66.72330 65.03170 71.57340 71.80200
-9999 -9999 -9999 -9999 -9999 -9999 147.92200 149.87900 153.08299 153.55600 155.04900 -9999 -9999 -9999 -9999 -9999 -9999 -9999 -9999 -9999 -9999 137.36000 135.15900 129.89301 128.15401 128.51100 126.44600 132.60001 132.20200 131.28999 132.22000 136.73300 139.36400 138.88000 142.96600 143.90900 150.64301 155.85400 162.58299 157.28200 160.20000 172.14999 174.69701 172.56300 173.78799 176.35400 175.11800 173.09200 174.16701 166.20000 157.75400 152.81400 145.24100 133.00999 118.48100 94.74230 87.77710 73.39060 60.85050 53.44430 51.40610 40.46070 42.28120 54.25800 59.84250 53.11350 46.83100 61.87130 65.37470 62.97560 64.79110 71.65850
-9999 -9999 -9999 -9999 -9999 150.37100 148.13000 152.78200 154.83400 151.15700 153.50800 161.37500 159.47301 157.80701 -9999 -9999 -9999 145.80800 144.41299 141.99600 139.08299 138.60400 129.42799 123.80800 125.61600 120.81000 124.00400 126.94100 130.36200 125.72500 130.24001 132.19400 136.58501 135.41901 139.41901 140.03700 145.19400 152.00999 156.69501 156.98500 159.91100 162.87399 165.18900 164.74800 165.34100 161.42500 161.42900 169.72501 164.37100 158.85699 154.30901 145.74899 137.72000 116.10300 105.06700 95.17120 84.46780 73.86660 65.59320 57.99530 49.88700 51.14100 51.10080 48.26370 53.50780 54.82580 57.16820 69.81300 66.48680 77.07890 75.26860 73.03190
-9999 145.28700 147.15800 148.60500 151.42200 148.47701 151.55701 153.44099 156.03900 151.77000 153.08000 165.22800 166.03600 159.62199 156.10899 153.06500 149.32201 145.26500 145.66100 140.38300 137.49400 131.33501 126.44200 119.98500 116.64700 118.79100 118.51200 122.73900 123.88200 122.81000 120.85600 121.85800 123.05700 126.05000 131.04601 134.97301 139.60800 143.40700 145.09900 147.89000 150.41299 151.69200 159.16499 155.19299 159.44299 155.48801 152.39301 163.04401 157.48801 152.68500 140.90300 137.86200 128.22000 114.87100 104.80500 91.99670 81.90030 66.13970 63.35000 59.09310 51.85280 48.49030 52.08100 52.66960 55.63660 53.78400 54.41830 68.16130 66.35200 74.49730 79.02780 77.51850
-9999 158.97600 154.48700 155.12601 152.81599 152.27299 152.20900 147.14101 146.80800 149.34500 156.13499 159.24300 160.95300 161.79601 156.83600 152.93800 147.05901 148.78600 144.30600 140.38800 142.40199 134.14101 130.09801 123.45000 118.07400 115.84200 115.05900 121.32100 121.43500 120.89900 118.72000 113.36600 115.80100 120.02500 120.97500 125.91500 132.28900 131.04601 136.72200 130.61700 136.84100 143.45000 149.58701 144.55701 142.72600 137.03500 139.83701 138.06799 139.31000 140.71400 131.41000 134.23100 123.67400 121.80700 108.46500 86.05330 67.83930 65.14560 59.11450 72.51650 68.89010 50.72360 54.55560 55.19890 59.56920 60.68900 66.90340 66.41910 68.95610 68.73990 71.64700 78.80340
-9999 -9999 -9999 159.78300 160.07401 157.19200 156.51500 148.90500 149.42400 149.68900 153.21700 155.37601 154.73000 155.90100 155.37300 150.31000 149.55299 148.68401 149.24100 149.13200 143.62000 137.71100 135.34500 127.55900 121.24100 115.45500 111.24500 116.62200 114.79300 114.46000 116.23300 112.56900 112.62300 113.17000 115.59400 120.77400 122.70400 129.31000 127.57000 126.32800 115.21300 125.70400 135.83099 131.86501 131.63000 123.04400 136.40199 131.05400 127.31200 133.48801 129.12199 128.78500 122.10100 113.85100 101.94000 82.59540 66.79410 63.65120 64.44690 73.19430 67.42240 57.85560 59.26000 60.74840 56.06310 60.21730 61.92440 66.71460 74.90770 73.54360 77.09330 81.22960
-9999 -9999 -9999 -9999 -9999 -9999 157.56599 154.26801 155.29700 152.90401 152.59700 152.90100 152.23100 149.64999 149.41100 147.66400 146.55901 147.53999 143.12500 141.70200 142.23399 136.74300 133.57401 127.47700 122.97300 121.63200 114.65400 114.75400 110.95300 110.26100 110.61000 103.95600 107.18400 108.06100 109.44600 112.35100 114.17200 122.17500 122.18400 119.43800 118.31700 117.44300 123.45100 125.19400 129.42000 125.70800 128.79700 126.79200 128.54900 128.07600 128.41200 130.72301 122.61000 104.48100 100.01700 81.50630 68.83660 83.72600 82.83190 78.65570 79.02520 73.12560 66.72260 57.97770 60.85440 55.18230 50.31570 64.67660 66.65100 72.69370 79.87650 80.65600
-9999 -9999 -9999 -9999 -9999 -9999 160.63100 156.98900 155.86800 156.12300 153.69600 150.96600 150.34000 146.18900 146.67300 149.20399 148.69000 150.93900 150.55701 147.74600 148.27600 143.76801 142.40401 137.16200 130.88000 123.09800 112.00500 108.63000 107.06400 106.99600 108.73400 101.98800 102.76100 102.08000 105.63100 106.02700 102.28300 99.65990 103.04100 100.47400 111.48700 111.94800 117.58400 117.05300 118.85900 118.81300 124.55200 118.19800 118.55700 122.80800 122.65200 120.80200 112.02100 101.05000 92.56920 67.36710 62.26160 78.53210 71.33870 76.07920 78.70590 75.80470 75.41290 67.78520 63.19720 53.46250 55.56770 64.47610 66.61060 74.98620 82.74550 86.76260
-9999 -9999 -9999 -9999 -9999 -9999 -9999 -9999 -9999 -9999 150.08600 158.69701 156.72900 147.97501 151.64000 150.53400 152.69701 153.20399 152.65500 152.41100 151.61400 147.22701 143.72400 142.99001 137.75301 135.97400 129.24899 119.16400 108.37300 109.66600 107.17100 102.77800 102.89200 98.23520 98.27410 93.81790 95.24870 91.67940 88.02030 92.82430 98.53930 98.45680 102.72300 98.62240 93.78190 96.52170 105.12500 118.49100 122.52800 115.93900 109.39900 92.57900 78.68600 57.10520 49.21860 50.20430 48.76800 48.40420 61.91420 50.13980 53.74710 58.28670 60.18590 55.68060 57.35830 45.54280 50.36970 53.51170 58.55760 66.01710 76.32350 99.33710
-9999 -9999 -9999 -9999 -9999 -9999 -9999 -9999 -9999 -9999 138.39600 143.99400 149.21100 141.71201 148.74001 154.89999 159.81400 164.35600 166.67300 169.55200 165.96600 159.99001 152.77200 151.02000 143.10400 131.22400 119.52100 116.09200 110.81800 102.58600 102.62000 97.16890 98.58830 94.71190 95.24650 94.10230 88.79070 86.93100 86.11020 92.36100 96.42120 101.18400 93.94730 82.08270 87.98930 94.18970 93.96520 109.29900 106.18400 96.89420 77.49970 75.95800 60.80130 52.59840 36.46030 46.82580 43.04160 51.74760 43.44470 47.20750 47.60350 48.18040 47.64380 49.49050 45.48730 36.91210 42.74000 44.88500 55.34170 66.49020 73.10880 92.91300
-9999 -9999 -9999 -9999 -9999 -9999 -9999 -9999 -9999 -9999 -9999 -9999 134.82001 140.85800 150.76300 159.07300 163.36600 161.45700 168.95799 171.36800 165.41400 160.07600 155.42999 149.09599 134.97099 123.89700 115.69500 110.34500 102.40600 94.67810 91.93770 88.21490 92.83120 93.64120 97.71450 95.89460 92.26850 89.70900 84.69500 101.52400 101.98300 105.44300 105.74200 91.02110 86.93330 86.17550 93.12990 96.82420 92.07430 88.15120 78.16770 69.07330 66.84810 54.59940 29.82410 29.85740 28.99240 50.77930 54.99820 50.03500 46.08130 40.07730 38.16330 42.26730 50.08490 47.62890 50.42090 46.27970 53.76120 67.74560 83.04780 106.02600
-9999 -9999 -9999 -9999 -9999 -9999 -9999 -9999 -9999 -9999 -9999 -9999 123.03900 129.73599 143.22501 156.73500 161.29201 166.64101 174.75600 172.78000 169.53300 166.03999 158.10600 144.10300 137.85600 126.10600 111.46200 102.81600 93.64290 81.19490 77.73360 85.92160 84.68070 85.94720 91.46830 90.38260 89.51900 99.11500 92.49600 103.99600 100.10100 90.79750 94.75920 84.78410 85.18830 85.59330 84.00230 91.21680 85.77240 81.83530 80.07820 63.45900 49.23860 46.53770 30.56520 29.31130 31.84320 55.37070 54.22340 39.85770 30.71630 30.35370 51.86030 49.19770 53.89120 59.52440 62.46820 60.97980 74.12190 88.21440 89.81910 102.86600
-9999 -9999 -9999 -9999 -9999 -9999 -9999 -9999 -9999 -9999 -9999 117.07200 123.93400 116.59200 128.14900 154.72701 163.19400 164.73801 175.71300 173.08701 164.22800 176.57800 159.52499 153.00101 142.55200 122.98900 119.98900 103.43900 88.65780 72.17130 66.43100 71.36820 72.24410 74.94430 76.75020 72.05210 83.73940 94.63780 102.84700 114.75700 113.90400 114.13700 112.66100 104.09800 94.19360 88.07000 83.32910 76.70630 81.17980 80.38470 79.25830 75.15120 69.86390 50.60870 24.23890 35.46430 43.14100 44.73870 43.64600 49.86280 59.58150 66.67980 68.75920 69.56480 68.89280 67.56090 76.92570 78.94010 84.98140 105.88100 117.27000 123.73400
-9999 -9999 -9999 -9999 -9999 -9999 -9999 -9999 -9999 -9999 -9999 107.69500 111.65500 115.08900 122.08100 143.27200 152.75400 157.70300 167.06700 168.41200 166.41100 164.52100 157.97099 144.42700 134.68401 120.11300 112.03600 99.68780 87.49560 78.49730 73.25210 66.91720 66.21300 64.38140 71.74690 73.26640 77.00890 93.96460 105.85100 106.69500 110.26100 112.30800 109.64700 104.82700 97.76920 91.31570 88.55370 64.75620 72.56130 63.40700 69.68120 67.81210 66.30430 60.58040 66.05680 63.01990 68.31900 55.51780 57.88820 63.63820 63.70460 80.28790 82.25560 62.91960 69.04340 61.33110 80.32210 80.44140 84.63940 114.48000 117.16500 120.38700
