data/hydroclimate-scenarios/BCSD_hadcm_A1B/monthly_summaries/swe_monthly_day1_dec.2030-2059.asc
ncols	311
nrows	91
xllcenter	102.75
yllcenter	31.75
cellsize	0.5
NODATA_value	-9999
[rows 0 to 31 of 91, columns 0 to 71 of 311]
-9999 -9999 -9999 -9999 -9999 -9999 -9999 -9999 -9999 -9999 -9999 -9999 -9999 -9999 -9999 -9999 -9999 -9999 -9999 -9999 -9999 -9999 -9999 -9999 -9999 -9999 -9999 -9999 -9999 -9999 -9999 -9999 -9999 -9999 -9999 -9999 -9999 -9999 -9999 -9999 -9999 -9999 -9999 -9999 -9999 -9999 -9999 -9999 -9999 -9999 -9999 -9999 -9999 -9999 -9999 -9999 -9999 -9999 -9999 -9999 -9999 -9999 -9999 -9999 -9999 -9999 -9999 -9999 -9999 -9999 -9999 -9999
-9999 -9999 -9999 -9999 -9999 -9999 -9999 -9999 -9999 -9999 -9999 -9999 -9999 -9999 -9999 -9999 -9999 -9999 -9999 -9999 -9999 -9999 -9999 -9999 -9999 -9999 -9999 -9999 -9999 -9999 -9999 -9999 -9999 -9999 -9999 -9999 -9999 -9999 -9999 -9999 -9999 -9999 -9999 -9999 -9999 -9999 -9999 -9999 -9999 -9999 -9999 -9999 -9999 -9999 -9999 -9999 -9999 -9999 -9999 -9999 -9999 -9999 -9999 -9999 -9999 -9999 -9999 -9999 -9999 -9999 -9999 -9999
-9999 -9999 -9999 -9999 -9999 -9999 -9999 -9999 -9999 -9999 -9999 -9999 -9999 -9999 -9999 -9999 -9999 -9999 -9999 -9999 -9999 -9999 -9999 -9999 -9999 -9999 -9999 -9999 -9999 -9999 -9999 -9999 -9999 -9999 -9999 -9999 -9999 -9999 -9999 -9999 -9999 -9999 -9999 -9999 -9999 -9999 -9999 -9999 -9999 -9999 -9999 -9999 -9999 -9999 -9999 -9999 -9999 -9999 -9999 -9999 -9999 -9999 -9999 -9999 -9999 -9999 -9999 -9999 -9999 -9999 -9999 -9999
-9999 -9999 -9999 -9999 -9999 -9999 -9999 -9999 -9999 -9999 -9999 -9999 -9999 -9999 -9999 -9999 -9999 -9999 -9999 -9999 -9999 -9999 -9999 -9999 -9999 -9999 -9999 -9999 -9999 -9999 -9999 -9999 -9999 -9999 -9999 -9999 -9999 -9999 -9999 -9999 -9999 -9999 -9999 -9999 -9999 -9999 -9999 -9999 -9999 -9999 -9999 -9999 -9999 -9999 -9999 -9999 -9999 -9999 -9999 -9999 -9999 -9999 -9999 -9999 -9999 -9999 -9999 -9999 -9999 -9999 -9999 -9999
-9999 -9999 -9999 -9999 -9999 -9999 -9999 -9999 -9999 -9999 -9999 -9999 -9999 -9999 -9999 -9999 -9999 -9999 -9999 -9999 -9999 -9999 -9999 -9999 -9999 -9999 -9999 -9999 -9999 -9999 -9999 -9999 -9999 -9999 -9999 -9999 -9999 -9999 -9999 -9999 -9999 -9999 -9999 -9999 -9999 -9999 -9999 -9999 -9999 -9999 -9999 -9999 -9999 -9999 -9999 -9999 -9999 -9999 -9999 -9999 -9999 -9999 -9999 -9999 -9999 -9999 -9999 -9999 -9999 -9999 -9999 -9999
-9999 -9999 -9999 -9999 -9999 -9999 -9999 -9999 -9999 -9999 -9999 -9999 -9999 -9999 -9999 -9999 -9999 -9999 -9999 -9999 -9999 -9999 -9999 -9999 -9999 -9999 -9999 -9999 -9999 -9999 -9999 -9999 -9999 -9999 -9999 -9999 -9999 -9999 -9999 -9999 -9999 -9999 -9999 -9999 -9999 -9999 -9999 -9999 -9999 -9999 -9999 -9999 -9999 -9999 -9999 -9999 -9999 -9999 -9999 -9999 -9999 -9999 -9999 -9999 -9999 -9999 -9999 -9999 -9999 -9999 -9999 -9999
-9999 -9999 -9999 -9999 -9999 -9999 -9999 -9999 -9999 -9999 -9999 -9999 -9999 -9999 -9999 -9999 -9999 -9999 -9999 -9999 -9999 -9999 -9999 -9999 -9999 -9999 -9999 -9999 -9999 -9999 -9999 -9999 -9999 -9999 -9999 -9999 -9999 -9999 -9999 -9999 -9999 -9999 -9999 -9999 -9999 -9999 -9999 -9999 -9999 -9999 -9999 -9999 -9999 -9999 -9999 -9999 -9999 -9999 -9999 -9999 -9999 -9999 -9999 -9999 -9999 -9999 -9999 -9999 -9999 -9999 -9999 -9999
-9999 -9999 -9999 -9999 -9999 -9999 -9999 -9999 -9999 -9999 -9999 -9999 -9999 -9999 -9999 -9999 -9999 -9999 -9999 -9999 -9999 -9999 -9999 -9999 -9999 -9999 -9999 -9999 -9999 -9999 -9999 -9999 -9999 -9999 -9999 -9999 -9999 -9999 -9999 -9999 -9999 -9999 84.96020 85.43100 85.15320 85.09710 83.28020 83.34970 79.28710 75.64810 71.21900 68.98280 -9999 -9999 -9999 -9999 -9999 -9999 -9999 -9999 -9999 -9999 -9999 -9999 -9999 -9999 -9999 -9999 -9999 -9999 -9999 -9999
-9999 -9999 -9999 -9999 -9999 -9999 -9999 -9999 -9999 -9999 -9999 -9999 -9999 -9999 -9999 -9999 -9999 -9999 -9999 -9999 -9999 -9999 -9999 -9999 -9999 -9999 -9999 -9999 -9999 -9999 -9999 -9999 -9999 -9999 -9999 -9999 -9999 -9999 84.24720 89.10500 87.98050 90.97070 91.41500 89.66390 89.42770 90.27240 87.78940 86.81820 86.02220 82.84900 76.98930 72.10610 65.58480 39.88250 -9999 -9999 -9999 -9999 -9999 -9999 -9999 -9999 -9999 -9999 -9999 -9999 -9999 -9999 -9999 -9999 -9999 -9999
-9999 -9999 -9999 -9999 -9999 -9999 -9999 -9999 -9999 -9999 -9999 -9999 -9999 -9999 -9999 -9999 -9999 -9999 -9999 -9999 -9999 -9999 -9999 -9999 -9999 -9999 -9999 -9999 -9999 -9999 -9999 -9999 -9999 -9999 -9999 -9999 -9999 -9999 -9999 -9999 83.50260 91.02740 92.28070 92.78630 92.99180 93.95510 93.41640 94.02770 93.34670 88.98220 83.10620 75.16380 68.83650 39.06970 -9999 -9999 -9999 -9999 -9999 -9999 -9999 -9999 -9999 -9999 -9999 -9999 -9999 -9999 -9999 -9999 -9999 -9999
-9999 -9999 -9999 -9999 -9999 -9999 -9999 -9999 -9999 -9999 -9999 -9999 -9999 -9999 -9999 -9999 -9999 -9999 -9999 -9999 -9999 -9999 -9999 -9999 -9999 -9999 -9999 -9999 -9999 -9999 -9999 -9999 -9999 -9999 -9999 -9999 -9999 -9999 -9999 -9999 -9999 -9999 -9999 -9999 110.85100 110.19000 111.86100 110.86700 111.77000 103.63500 98.75170 84.12010 73.63290 43.59760 -9999 -9999 -9999 -9999 -9999 -9999 45.75570 -9999 -9999 -9999 -9999 -9999 -9999 -9999 -9999 -9999 -9999 -9999
-9999 -9999 -9999 -9999 -9999 -9999 -9999 -9999 -9999 -9999 -9999 -9999 -9999 -9999 -9999 -9999 -9999 -9999 -9999 -9999 -9999 -9999 -9999 -9999 -9999 -9999 -9999 -9999 -9999 -9999 -9999 -9999 -9999 -9999 -9999 -9999 -9999 -9999 -9999 -9999 -9999 104.90400 105.05900 111.42600 113.32800 113.89000 115.13600 115.29800 113.92200 111.52100 104.36100 89.30800 77.87330 67.52160 -9999 -9999 -9999 -9999 -9999 46.74420 44.49510 45.36480 43.65940 39.20560 39.23460 39.49050 39.53070 38.56430 38.27940 38.76470 38.86820 36.77810
-9999 -9999 -9999 -9999 -9999 -9999 -9999 -9999 -9999 -9999 -9999 -9999 -9999 -9999 -9999 -9999 -9999 -9999 -9999 -9999 -9999 -9999 -9999 -9999 -9999 -9999 -9999 -9999 -9999 -9999 -9999 -9999 -9999 -9999 -9999 -9999 -9999 -9999 -9999 -9999 -9999 105.60300 110.56200 117.30900 116.89200 115.23100 117.08500 115.26400 115.19200 112.34400 105.25200 93.55680 82.60240 72.54770 66.95630 60.02300 53.56400 -9999 48.78850 52.16380 48.08400 48.37830 45.95520 42.22200 41.85530 41.67160 40.19190 41.59810 41.60320 40.91340 42.03560 42.04240
-9999 -9999 -9999 -9999 -9999 -9999 -9999 -9999 -9999 -9999 -9999 -9999 -9999 -9999 -9999 -9999 -9999 -9999 -9999 -9999 -9999 -9999 -9999 -9999 -9999 -9999 -9999 -9999 -9999 -9999 -9999 -9999 -9999 -9999 -9999 87.93350 91.44670 96.75310 99.03140 101.80600 104.60800 108.58000 110.22000 117.21300 120.66300 119.96300 119.25400 117.52200 118.04900 115.52900 109.91300 98.64010 91.40560 79.85670 70.67310 62.65380 55.22000 51.86120 48.02420 50.50950 46.39830 47.25160 44.65170 40.39720 39.92670 40.53920 39.64550 40.96690 40.82930 40.70520 40.75160 40.88550
-9999 -9999 -9999 -9999 -9999 -9999 -9999 -9999 -9999 -9999 -9999 -9999 -9999 -9999 -9999 -9999 -9999 -9999 -9999 -9999 -9999 -9999 -9999 -9999 -9999 -9999 -9999 -9999 -9999 -9999 -9999 -9999 -9999 -9999 84.55040 89.85790 95.53370 96.73320 100.52500 99.05110 105.22200 107.37600 109.91100 114.73000 113.49200 116.30300 116.33200 113.43600 113.78100 109.40900 105.72700 103.77700 97.29760 85.63510 79.17180 66.83830 57.17290 52.85190 50.29810 50.80580 47.47530 47.30490 46.65900 44.10260 44.58610 42.59850 41.75310 40.24250 39.62990 38.60760 40.00250 40.33710
-9999 -9999 -9999 -9999 -9999 -9999 -9999 -9999 -9999 -9999 -9999 -9999 -9999 -9999 -9999 -9999 -9999 -9999 -9999 -9999 -9999 -9999 -9999 -9999 -9999 -9999 -9999 -9999 -9999 -9999 -9999 -9999 -9999 83.26680 86.18340 89.56400 92.76350 94.70430 98.04720 98.16400 102.16900 106.14800 109.05500 112.71500 115.05100 115.09200 115.67300 110.69900 109.48000 106.21400 100.25500 98.22240 87.36140 80.49330 72.36710 60.31940 56.69350 51.80610 48.60240 49.52880 46.25570 44.16150 43.47610 43.72890 43.68830 41.18780 41.22030 38.89880 39.40830 38.43830 37.54540 37.44950
-9999 -9999 -9999 -9999 -9999 -9999 -9999 -9999 -9999 -9999 -9999 -9999 -9999 -9999 -9999 -9999 -9999 -9999 -9999 -9999 -9999 -9999 -9999 -9999 -9999 -9999 -9999 -9999 -9999 -9999 -9999 76.40140 79.33940 80.50920 82.36990 83.01080 86.75220 89.34040 94.89580 96.18100 98.59670 104.43900 106.54200 110.44800 110.47100 108.99400 107.91800 100.39100 99.60450 96.68460 91.35740 88.47720 77.26360 76.09770 68.63380 60.88650 54.96610 50.92160 47.91340 46.28400 45.13270 42.41510 42.24400 41.63790 42.32440 41.37930 42.05450 39.51220 39.90870 38.18180 37.64500 37.40670
-9999 -9999 -9999 -9999 -9999 -9999 -9999 -9999 -9999 -9999 -9999 -9999 -9999 -9999 -9999 -9999 -9999 -9999 -9999 -9999 -9999 -9999 -9999 -9999 -9999 -9999 -9999 -9999 -9999 63.08980 66.31160 75.46010 76.96150 77.91340 79.54700 80.08760 83.23410 87.57280 91.54270 92.32520 96.93650 99.46140 103.88400 106.56400 106.62700 102.56800 100.43300 96.90110 95.30720 92.46990 87.82690 82.10320 74.45700 70.85550 63.41030 59.80920 53.00780 48.31910 45.39730 44.65830 42.71750 40.20360 40.25180 40.10490 39.50570 40.33540 40.67020 38.79790 38.80470 39.45200 39.38680 36.75320
-9999 -9999 -9999 -9999 -9999 -9999 -9999 -9999 -9999 -9999 -9999 -9999 -9999 -9999 -9999 -9999 -9999 -9999 -9999 -9999 -9999 -9999 -9999 -9999 62.67690 62.08940 60.81600 61.69320 63.89750 63.10140 65.60350 67.41800 67.80830 68.45860 71.48290 74.78560 76.87680 79.72440 82.88910 86.83050 88.82910 96.72710 100.01300 95.84860 94.61010 95.96420 93.40200 91.40790 91.90250 86.51190 83.93690 78.31610 72.64160 67.29170 59.56370 53.28990 49.44890 48.60060 44.86630 41.69370 39.94280 38.56390 37.63280 36.71550 37.01820 37.94780 37.25390 37.25990 39.19710 35.26180 35.25650 38.20250
-9999 -9999 -9999 -9999 -9999 -9999 63.24330 62.99550 61.42540 61.28580 61.91070 -9999 -9999 -9999 -9999 -9999 -9999 -9999 -9999 -9999 -9999 65.27400 64.81290 62.68360 62.08150 61.75610 61.18570 63.11030 62.25620 62.41930 62.82100 63.64760 66.30250 66.73800 68.75400 72.61080 75.30660 77.79580 80.13860 84.72260 86.33890 89.87880 92.24260 90.18800 90.48140 89.81060 90.50800 87.53270 87.68730 83.20580 80.70080 74.56900 69.61070 64.67620 57.87320 51.62210 49.19900 46.55580 42.58790 40.84390 39.13080 39.69710 36.88190 37.27800 38.39210 37.74480 38.36180 37.24160 38.68600 36.82160 36.44170 39.82460
-9999 -9999 -9999 -9999 -9999 64.92330 65.37730 64.05270 64.64750 61.09430 63.60160 69.23380 68.36750 66.23370 -9999 -9999 -9999 61.63930 62.48190 60.86980 61.81610 63.40660 60.74500 58.73950 58.43450 55.60130 56.43460 57.94720 59.20330 59.49820 59.13620 59.42300 61.42890 61.01880 65.37340 68.79500 68.54110 73.25210 78.10110 81.96120 83.34510 84.39830 83.50280 82.76710 86.74120 84.28720 84.44730 83.91470 83.32600 79.52820 77.36560 71.21930 66.42870 59.97670 56.12350 50.46410 47.48990 44.21600 42.05300 39.27690 37.32610 37.56020 37.57690 37.53180 36.58330 36.46930 37.78420 36.95610 36.88650 41.06390 40.56060 41.12250
-9999 62.00200 61.19250 65.78960 68.24480 65.57590 66.95610 65.39750 66.59390 63.79580 64.06240 72.13790 72.00450 68.53230 66.84030 63.96120 61.76050 62.87020 62.93200 62.35210 60.74010 61.58780 60.54230 56.18010 55.02770 53.99660 52.91300 55.05120 55.75250 57.46410 56.90700 56.39720 58.94170 58.57180 59.67430 62.82790 66.40880 70.00990 74.79410 78.95610 78.98380 79.28420 78.03650 79.11380 79.09060 77.08510 80.25260 80.34070 77.80130 76.47080 71.12510 67.57470 62.01650 59.10640 54.55130 49.58500 45.85470 44.53760 41.82440 39.80140 37.84110 38.26030 38.38910 37.65850 36.53950 36.88110 37.16230 38.05960 37.26960 39.77610 42.33500 42.43940
-9999 70.34410 67.11500 65.18050 63.61320 65.07400 67.87890 66.40860 66.35390 66.49910 67.52680 66.43040 67.89810 66.13500 64.93740 64.86080 61.46760 64.44650 62.70950 63.01450 63.79850 63.39900 61.49380 56.67830 55.95380 55.04300 54.84560 57.44440 56.22520 56.09970 56.60010 57.09740 57.01270 56.38950 58.25960 59.16630 61.09040 61.88560 67.35490 72.88920 72.54460 68.29980 68.90150 71.02930 70.92600 69.38280 69.48590 69.95690 71.29120 70.67460 67.17710 68.86210 64.25220 62.04910 56.51290 49.49510 44.72480 44.12330 42.77250 40.69110 41.25710 38.74180 39.13360 40.05490 40.12600 38.82160 40.12940 39.60790 41.45930 41.92510 43.07860 44.60680
-9999 -9999 -9999 71.08110 69.90500 68.89100 68.18980 65.51650 66.32150 63.06900 65.22340 64.86440 65.96400 65.30300 66.13090 63.72360 60.26140 61.30030 62.67040 66.49740 63.14010 64.15190 61.45780 58.25490 54.93720 54.55740 52.05790 54.97060 53.48650 52.96740 52.19910 53.61270 53.96550 53.41370 54.46730 55.55800 56.49450 57.67730 59.61730 63.26630 67.72790 65.87050 62.68340 63.93030 64.86750 64.66690 64.36180 66.67980 67.29820 66.92600 66.15410 65.68200 63.10290 59.22160 54.05540 50.04930 45.14350 44.74700 44.43530 42.36130 41.46320 40.54500 40.43130 41.24770 39.72740 41.43860 41.82480 41.35530 44.08710 44.80250 46.19010 48.21310
-9999 -9999 -9999 -9999 -9999 -9999 70.44460 64.74000 65.64900 63.83240 63.38370 63.81140 64.27330 62.61260 62.63060 59.82590 60.81340 62.64590 62.38300 64.50270 61.73000 60.66470 59.51680 57.58090 56.87230 54.98270 52.44040 53.48280 52.47630 50.94630 50.70600 50.88040 49.94780 52.06440 53.08900 54.30360 55.54070 56.64250 56.99180 57.35950 61.03790 59.82270 60.99980 63.03590 62.06010 59.39090 61.32480 64.54360 65.59280 66.94620 66.25800 64.95330 61.40780 55.74380 53.58510 49.37950 45.24180 50.25890 50.16560 44.31880 44.23560 42.11500 40.15800 40.38620 41.21470 40.69870 41.68560 43.17880 45.48860 46.83570 49.77700 50.91790
-9999 -9999 -9999 -9999 -9999 -9999 69.03140 65.52420 67.32840 65.88340 63.60390 64.05910 62.95900 61.06930 61.10800 61.33890 62.45810 65.85260 64.67090 66.12400 66.02860 65.17960 62.24530 61.06480 59.12910 56.67860 53.03180 51.18320 50.97100 50.88870 51.34200 50.83010 50.65160 51.99100 51.71990 52.84660 55.04980 54.82770 57.55630 55.79770 52.54560 54.50580 56.68430 57.43470 59.63600 58.20510 58.69520 59.24960 62.46930 64.54210 64.98630 62.13390 55.34700 53.99860 51.51550 48.81030 45.99700 50.80070 49.29140 46.33580 44.75930 46.27220 45.32970 43.57940 45.61430 43.63210 45.43270 45.61090 46.76940 50.81780 52.85670 55.18050
-9999 -9999 -9999 -9999 -9999 -9999 -9999 -9999 -9999 -9999 64.79170 68.51860 66.46790 62.08350 65.99960 64.30010 65.28560 68.39030 67.75980 71.12090 71.98360 73.68030 68.31150 64.77770 62.92940 61.24210 59.56990 57.10410 52.21760 51.87970 51.70500 53.31800 52.58650 52.58200 53.07750 49.54280 49.41220 50.16880 50.10130 51.96290 53.55520 51.86560 52.28720 52.01180 54.86630 59.26980 57.43480 58.63110 61.22720 61.99060 60.40490 54.74260 51.21420 45.87800 46.21090 42.59520 44.69910 44.35940 43.57180 45.89360 47.34720 50.53490 50.57700 46.70620 46.28370 47.00760 46.44600 47.71420 49.80070 55.02150 59.05160 61.40360
-9999 -9999 -9999 -9999 -9999 -9999 -9999 -9999 -9999 -9999 61.81880 64.14500 65.49100 64.15830 64.75580 66.17970 68.11510 71.74770 73.78050 77.42620 75.28150 74.74290 72.22880 67.68960 65.42690 61.75960 59.34000 56.87570 55.30970 51.26300 50.79770 52.10490 51.85590 52.05810 52.50810 49.15610 50.29520 50.49030 51.77630 52.61380 53.26990 54.01130 54.19200 52.72280 54.11440 54.74180 54.06110 53.79730 53.65030 56.17290 52.03630 51.26680 47.50010 46.32920 46.29650 44.03880 44.23240 44.61450 43.35950 46.44850 46.93430 49.89210 50.59710 50.90000 50.98270 50.97900 51.35750 50.46600 50.19980 58.19380 61.30010 63.79330
-9999 -9999 -9999 -9999 -9999 -9999 -9999 -9999 -9999 -9999 -9999 -9999 64.56300 70.75690 73.64610 77.23900 75.09000 73.82690 77.33250 75.10580 74.66250 75.02390 70.65840 68.56010 64.35810 60.97970 59.14350 56.78400 52.19520 49.60490 49.18790 50.44140 50.41330 51.73680 52.49800 49.29590 48.71980 49.77970 51.23630 51.91070 51.27220 53.35870 53.28580 49.57830 51.56390 53.96390 53.72040 51.59800 50.20700 52.47510 52.20370 50.11530 48.88600 45.78300 47.24510 44.64620 45.23730 43.78640 46.16690 48.79370 49.08030 50.86240 52.66010 51.61860 51.79790 50.61650 52.95280 56.04990 55.67670 59.24420 61.75080 64.83120
-9999 -9999 -9999 -9999 -9999 -9999 -9999 -9999 -9999 -9999 -9999 -9999 65.06130 67.43390 72.35530 72.13070 74.97500 76.10720 78.90680 79.67170 76.22300 76.53250 72.83330 67.93430 65.90130 62.12190 59.08170 54.69280 51.09270 48.39660 45.64160 47.52500 48.76420 50.27090 50.95380 48.60730 49.50300 49.59800 49.50390 51.78770 49.79950 49.46570 50.82670 49.13710 48.90350 50.52880 50.89180 50.45000 50.83180 48.63100 50.38160 49.57050 48.65140 46.17990 46.10000 46.38600 46.13750 45.04510 47.62810 51.78160 55.02540 55.24170 53.89860 53.70830 53.83850 56.17170 55.93050 58.17100 60.13860 61.09460 63.85960 66.81870
-9999 -9999 -9999 -9999 -9999 -9999 -9999 -9999 -9999 -9999 -9999 60.18030 67.82150 65.54520 68.02120 71.31080 78.59400 78.17840 80.79890 81.64210 73.81140 77.71050 70.64200 72.94390 68.88820 67.25920 61.13230 53.60300 48.83760 48.14360 45.06620 44.89830 44.13300 44.65730 44.98920 45.45680 47.49610 48.43330 50.00700 53.13130 52.31260 53.57040 52.93810 51.58400 51.10300 50.13510 50.61740 50.87640 48.96560 48.60530 49.57480 48.57530 49.90690 50.68710 50.73560 48.47430 47.80840 47.86670 49.28110 54.82490 55.34250 54.29680 57.21870 59.13480 58.88720 59.41120 61.47960 61.51080 67.35170 68.58780 68.87890 69.13860
-9999 -9999 -9999 -9999 -9999 -9999 -9999 -9999 -9999 -9999 -9999 56.36910 58.94090 62.38330 63.19740 66.57950 71.51530 74.35300 75.14710 75.56580 72.58190 73.30340 69.10410 67.46190 64.92850 62.71390 56.80550 53.40430 50.08580 49.22860 46.37810 44.79730 44.00410 43.12050 43.90240 44.05170 46.25960 48.89130 50.97390 52.08670 52.63050 52.46310 57.38510 55.09870 52.80790 52.37140 51.46880 53.40980 51.77710 50.21680 49.35450 50.46070 50.61430 52.10860 50.33470 50.29770 51.26590 49.00720 50.17580 56.04590 58.27820 58.49730 59.80540 64.41420 65.71460 63.69930 64.57530 64.88990 69.27560 70.72290 69.41800 69.65280
