data/hydroclimate-scenarios/BCSD_hadcm_A1B/monthly_summaries/swe_monthly_day1_feb.2070-2099.asc
ncols	311
nrows	91
xllcenter	102.75
yllcenter	31.75
cellsize	0.5
NODATA_value	-9999
[rows 0 to 30 of 91, columns 213 to 283 of 311]
-9999 -9999 -9999 -9999 -9999 -9999 -9999 -9999 -9999 -9999 -9999 -9999 -9999 -9999 -9999 -9999 -9999 -9999 -9999 -9999 -9999 -9999 -9999 -9999 -9999 -9999 -9999 -9999 -9999 -9999 -9999 -9999 -9999 -9999 -9999 -9999 -9999 -9999 -9999 -9999 -9999 -9999 -9999 -9999 -9999 -9999 -9999 -9999 -9999 -9999 -9999 -9999 -9999 -9999 -9999 -9999 -9999 -9999 -9999 -9999 -9999 -9999 -9999 -9999 -9999 -9999 -9999 -9999 -9999 -9999 -9999
-9999 -9999 -9999 -9999 -9999 -9999 -9999 -9999 -9999 -9999 -9999 -9999 -9999 -9999 -9999 -9999 -9999 -9999 -9999 -9999 -9999 -9999 -9999 -9999 -9999 -9999 -9999 -9999 -9999 -9999 -9999 -9999 -9999 -9999 -9999 -9999 -9999 -9999 -9999 -9999 -9999 -9999 -9999 -9999 -9999 -9999 -9999 -9999 -9999 -9999 -9999 -9999 -9999 -9999 -9999 -9999 -9999 -9999 -9999 -9999 -9999 -9999 -9999 -9999 -9999 -9999 -9999 -9999 -9999 -9999 -9999
-9999 -9999 -9999 -9999 -9999 -9999 -9999 -9999 -9999 -9999 -9999 -9999 -9999 -9999 -9999 -9999 -9999 -9999 -9999 -9999 -9999 -9999 -9999 -9999 -9999 -9999 -9999 -9999 -9999 -9999 -9999 -9999 -9999 -9999 -9999 -9999 -9999 -9999 -9999 -9999 -9999 -9999 -9999 -9999 -9999 -9999 -9999 -9999 -9999 -9999 -9999 -9999 -9999 -9999 -9999 -9999 -9999 -9999 -9999 -9999 -9999 -9999 -9999 -9999 -9999 -9999 -9999 -9999 -9999 -9999 -9999
-9999 -9999 -9999 -9999 -9999 -9999 -9999 -9999 -9999 -9999 -9999 -9999 -9999 -9999 -9999 -9999 -9999 -9999 -9999 -9999 -9999 -9999 -9999 -9999 -9999 -9999 -9999 -9999 -9999 -9999 -9999 -9999 -9999 -9999 -9999 -9999 -9999 -9999 -9999 -9999 -9999 -9999 -9999 -9999 -9999 -9999 -9999 -9999 -9999 -9999 -9999 -9999 -9999 -9999 -9999 -9999 -9999 -9999 -9999 -9999 -9999 -9999 -9999 -9999 -9999 -9999 -9999 -9999 -9999 -9999 -9999
-9999 -9999 -9999 -9999 -9999 -9999 -9999 -9999 -9999 -9999 -9999 -9999 -9999 -9999 -9999 -9999 -9999 -9999 -9999 -9999 -9999 -9999 -9999 -9999 -9999 -9999 -9999 -9999 -9999 -9999 -9999 -9999 -9999 -9999 -9999 -9999 -9999 -9999 -9999 -9999 -9999 -9999 -9999 -9999 -9999 -9999 -9999 -9999 -9999 -9999 -9999 -9999 -9999 -9999 -9999 -9999 -9999 -9999 -9999 -9999 -9999 -9999 -9999 -9999 -9999 -9999 -9999 -9999 -9999 -9999 -9999
-9999 -9999 -9999 -9999 -9999 -9999 -9999 -9999 -9999 -9999 -9999 -9999 -9999 -9999 -9999 -9999 -9999 -9999 -9999 -9999 -9999 -9999 -9999 -9999 -9999 -9999 -9999 -9999 -9999 -9999 -9999 -9999 -9999 -9999 -9999 -9999 -9999 -9999 -9999 -9999 -9999 -9999 -9999 -9999 -9999 -9999 -9999 -9999 -9999 -9999 -9999 -9999 -9999 -9999 -9999 -9999 -9999 -9999 -9999 -9999 -9999 -9999 -9999 -9999 -9999 -9999 -9999 -9999 -9999 -9999 -9999
-9999 -9999 -9999 -9999 -9999 -9999 -9999 -9999 -9999 -9999 -9999 -9999 -9999 -9999 -9999 -9999 -9999 -9999 -9999 -9999 -9999 -9999 -9999 -9999 -9999 -9999 -9999 -9999 -9999 -9999 -9999 -9999 -9999 -9999 -9999 -9999 -9999 -9999 -9999 -9999 -9999 -9999 -9999 -9999 -9999 -9999 -9999 -9999 -9999 -9999 -9999 -9999 -9999 -9999 -9999 -9999 -9999 -9999 -9999 -9999 -9999 -9999 -9999 -9999 -9999 -9999 -9999 -9999 -9999 -9999 -9999
-9999 -9999 -9999 -9999 -9999 -9999 -9999 -9999 -9999 -9999 -9999 -9999 -9999 -9999 -9999 -9999 -9999 -9999 -9999 -9999 -9999 -9999 -9999 -9999 -9999 -9999 -9999 -9999 -9999 -9999 -9999 -9999 -9999 -9999 -9999 -9999 -9999 -9999 -9999 -9999 -9999 -9999 -9999 -9999 -9999 -9999 -9999 -9999 -9999 -9999 -9999 -9999 -9999 -9999 -9999 -9999 -9999 -9999 -9999 -9999 -9999 -9999 -9999 -9999 -9999 -9999 -9999 -9999 -9999 -9999 -9999
-9999 -9999 -9999 -9999 -9999 -9999 -9999 -9999 -9999 -9999 -9999 -9999 -9999 -9999 -9999 -9999 -9999 -9999 -9999 -9999 -9999 -9999 -9999 -9999 -9999 -9999 -9999 -9999 -9999 -9999 -9999 -9999 -9999 -9999 -9999 -9999 -9999 -9999 -9999 -9999 -9999 -9999 -9999 -9999 -9999 -9999 -9999 -9999 -9999 -9999 -9999 -9999 -9999 -9999 -9999 -9999 -9999 -9999 -9999 -9999 -9999 -9999 -9999 -9999 -9999 -9999 -9999 -9999 -9999 -9999 -9999
-9999 -9999 -9999 -9999 -9999 -9999 -9999 -9999 -9999 -9999 -9999 -9999 -9999 -9999 -9999 -9999 -9999 -9999 -9999 -9999 -9999 -9999 -9999 -9999 -9999 -9999 -9999 -9999 -9999 -9999 -9999 -9999 -9999 -9999 -9999 -9999 -9999 -9999 -9999 -9999 -9999 -9999 -9999 -9999 -9999 -9999 -9999 -9999 -9999 -9999 -9999 -9999 -9999 -9999 -9999 -9999 -9999 -9999 -9999 -9999 -9999 -9999 -9999 -9999 -9999 -9999 -9999 -9999 -9999 -9999 -9999
-9999 -9999 -9999 -9999 -9999 -9999 -9999 -9999 -9999 -9999 -9999 -9999 -9999 -9999 -9999 -9999 -9999 -9999 -9999 -9999 -9999 -9999 -9999 -9999 -9999 -9999 -9999 -9999 -9999 -9999 -9999 -9999 -9999 -9999 -9999 -9999 -9999 -9999 -9999 -9999 -9999 -9999 -9999 -9999 -9999 -9999 -9999 -9999 -9999 -9999 -9999 -9999 -9999 -9999 -9999 -9999 -9999 -9999 -9999 -9999 -9999 -9999 -9999 -9999 -9999 -9999 -9999 -9999 -9999 -9999 -9999
-9999 -9999 -9999 -9999 -9999 -9999 -9999 -9999 -9999 -9999 -9999 -9999 -9999 -9999 -9999 -9999 -9999 -9999 -9999 -9999 -9999 -9999 -9999 -9999 -9999 -9999 -9999 -9999 -9999 -9999 -9999 -9999 -9999 -9999 -9999 -9999 -9999 -9999 -9999 -9999 -9999 -9999 -9999 -9999 -9999 -9999 -9999 -9999 -9999 -9999 -9999 -9999 -9999 -9999 -9999 -9999 -9999 -9999 -9999 -9999 -9999 -9999 -9999 -9999 -9999 -9999 -9999 -9999 -9999 -9999 -9999
-9999 -9999 -9999 -9999 -9999 -9999 -9999 -9999 -9999 -9999 -9999 -9999 -9999 -9999 -9999 -9999 -9999 -9999 -9999 -9999 -9999 -9999 -9999 -9999 -9999 -9999 -9999 -9999 -9999 -9999 -9999 -9999 -9999 -9999 -9999 -9999 -9999 -9999 -9999 -9999 -9999 -9999 -9999 -9999 -9999 -9999 -9999 -9999 -9999 -9999 -9999 -9999 -9999 -9999 -9999 -9999 -9999 -9999 -9999 -9999 -9999 -9999 -9999 -9999 -9999 -9999 -9999 -9999 -9999 -9999 -9999
91.41520 92.60990 92.87340 92.23200 93.07790 90.58420 -9999 -9999 -9999 -9999 -9999 -9999 -9999 -9999 -9999 -9999 -9999 -9999 -9999 -9999 -9999 -9999 -9999 -9999 -9999 -9999 -9999 -9999 -9999 -9999 -9999 -9999 -9999 -9999 -9999 -9999 -9999 -9999 -9999 -9999 -9999 -9999 -9999 -9999 -9999 -9999 -9999 60.93690 -9999 -9999 -9999 -9999 -9999 -9999 -9999 -9999 -9999 -9999 -9999 -9999 -9999 -9999 -9999 -9999 -9999 -9999 -9999 -9999 -9999 -9999 -9999
110.43000 106.93800 101.70600 100.41600 102.08700 102.13600 90.92890 83.48390 69.22330 71.32230 50.39450 48.77650 55.58460 121.85500 119.27000 115.78000 106.71800 88.63200 492.93399 -9999 -9999 -9999 -9999 -9999 -9999 -9999 -9999 -9999 -9999 -9999 -9999 -9999 -9999 -9999 -9999 -9999 -9999 -9999 -9999 -9999 -9999 -9999 12.74800 35.65180 22.98030 2.26036 0.46516 20.31540 78.67260 -9999 -9999 -9999 69.73180 -9999 -9999 -9999 67.61070 84.36160 80.18610 -9999 -9999 -9999 -9999 -9999 -9999 -9999 -9999 -9999 -9999 -9999 -9999
118.22700 111.27300 106.79600 107.73600 107.64500 109.68900 20.86550 0.00000 0.00000 0.00000 0.00000 0.00000 0.00000 0.00000 0.00000 0.00000 0.00000 0.00000 0.00000 0.00000 0.81267 3.18682 46.11350 115.67100 82.79720 -9999 -9999 -9999 -9999 -9999 97.09950 95.70200 105.40500 111.92400 112.18100 102.05700 91.83140 93.11100 93.20210 90.00460 86.63080 85.64850 3.14681 6.81625 1.71644 3.39856 0.62214 4.88990 96.42090 96.83790 98.89110 91.96570 86.42560 99.09340 94.40060 89.89340 97.65390 87.42400 49.14930 54.37760 76.03100 83.43850 89.68110 88.79370 -9999 -9999 -9999 -9999 -9999 -9999 -9999
121.51300 120.51300 120.32900 60.05210 61.75510 34.74600 0.00000 0.00000 0.00000 0.00000 0.00000 0.00000 0.00000 0.00000 0.00000 0.00000 0.00000 0.00000 0.00000 0.49223 1.94889 2.48163 74.78370 9.54157 49.40820 71.28560 93.83980 114.90400 126.87500 122.06100 117.07400 114.64900 112.97200 129.37399 140.84700 125.92200 110.34200 113.82300 117.17000 108.53000 109.54300 109.73100 101.69900 104.26100 108.81700 108.03500 99.38000 99.13860 96.99100 93.13610 98.79000 94.64960 99.03440 102.59000 108.13200 125.18500 128.87801 124.16900 136.50200 137.55200 120.88100 135.44000 125.28100 108.03500 100.83700 89.14580 90.07970 89.63470 80.14780 85.94860 87.41750
56.15760 13.79830 80.22770 2.74810 3.33102 0.00000 0.00000 0.00000 0.00000 0.00000 0.00000 0.00000 0.00000 0.00000 0.00000 0.00000 0.00000 0.95499 19.61610 27.94870 26.65320 67.56710 218.32500 223.76300 81.41420 86.03170 70.03660 92.55940 117.43900 137.12100 158.28799 126.08900 123.42900 140.19000 172.79100 178.24300 170.68500 164.56100 150.56599 144.12601 130.33299 133.34100 122.74900 114.82700 116.13900 113.65900 101.50900 105.10600 110.31300 105.52800 107.33800 108.19800 111.30700 119.09900 128.47200 139.39500 151.32600 140.19400 140.06799 146.02499 147.82600 162.65800 130.74001 132.34000 118.99600 116.33900 112.45100 124.30000 129.47099 138.32600 141.34700
118.60000 122.31000 72.85210 45.38800 44.42350 34.07460 35.47010 28.88420 28.40730 25.85820 26.46210 24.11260 15.71050 13.63260 0.00000 16.24790 57.46030 16.83120 19.87930 18.11270 88.63570 163.23500 232.88499 256.30399 119.15700 103.58500 119.39500 58.84380 52.77340 84.34900 203.31599 173.08400 159.04201 154.98500 170.61301 179.04601 182.41000 162.90500 148.91400 139.96300 126.14300 116.69600 118.61000 122.59800 126.73200 128.80099 131.65601 132.58000 131.75400 129.53700 133.23801 121.64400 123.16600 127.47300 136.48599 135.10201 130.60800 147.48700 159.32700 165.06400 160.67799 162.78900 131.30600 142.49100 142.66499 154.25700 163.38800 157.65500 148.76900 150.85600 151.29500
167.47900 195.11700 146.29300 112.93600 97.01130 89.22550 75.76910 49.08150 95.25320 88.87010 81.40810 77.59430 78.53240 75.43190 82.17020 79.10900 77.19630 89.51680 288.78799 261.79700 162.05701 186.09100 136.78101 178.12700 81.42760 102.59000 144.17500 154.28000 171.50301 127.47100 250.05299 242.86900 199.21500 188.38901 172.92200 158.15800 150.31200 145.20300 145.67400 149.27200 132.44099 120.22100 132.68700 146.97200 145.10300 141.80800 149.86900 148.85800 144.57500 133.16901 137.36400 147.82300 138.39900 136.50000 142.19501 148.14200 158.14700 161.60500 162.25999 159.52499 152.17000 146.79601 148.24300 156.71800 162.25400 172.17101 176.64799 195.17000 200.47099 205.49699 194.42101
165.53700 244.70500 242.69200 192.16000 134.11200 107.67900 104.11100 100.16000 81.82140 78.39500 75.53970 76.02710 78.99240 81.10540 91.68630 102.28300 111.74300 113.57900 193.19400 111.05900 18.63590 19.40200 59.13340 43.08930 56.73730 102.51800 126.22400 150.08800 162.30499 168.68300 174.69501 217.44000 214.85100 199.75900 174.24400 152.41100 154.70200 162.19800 153.46600 147.45399 141.31599 124.37600 137.97600 135.64799 137.33900 134.92500 137.96700 145.21800 150.06400 146.40900 150.74200 145.48000 149.64999 152.19299 156.01199 156.98900 173.25000 156.81900 156.76401 147.48801 139.31300 135.56900 138.63499 145.39000 149.72400 159.52000 168.89600 183.54900 192.03700 197.64600 196.33800
218.81599 206.37601 157.96500 100.33000 83.13150 85.25910 87.48000 92.14410 85.39430 84.55970 82.85530 86.03790 93.02270 101.83500 107.82900 106.09500 111.01200 109.95200 268.20401 210.74400 8.96989 0.43439 0.28164 7.40213 49.27090 119.47900 160.65401 170.64900 149.89200 163.38300 149.89700 207.88100 229.89101 209.00900 184.59000 169.95900 171.06200 161.70100 153.53600 150.76199 143.76300 129.06599 135.05499 131.62000 128.86700 136.23599 147.75500 148.33501 155.52699 154.29700 160.05099 156.55000 149.74300 145.54500 144.27800 140.88100 142.67000 153.81700 148.06700 152.12100 136.94099 136.88400 134.39799 139.24001 138.15500 127.43100 137.16499 150.86600 170.50301 190.87900 202.73399
219.32401 144.24200 116.10100 116.51300 111.69200 132.61600 195.90800 185.85001 154.17000 162.82401 74.57000 77.25870 108.72500 109.05600 129.79800 128.81599 122.89500 106.22200 134.54401 171.29300 8.85129 0.47323 1.62989 9.51756 10.23160 71.74460 93.97100 105.44600 142.06200 168.69000 164.20900 165.52000 171.77200 178.79100 166.93100 177.75101 183.39999 173.25400 193.49200 186.03200 195.14200 184.14799 171.35400 157.01199 146.58600 172.39900 184.65100 205.71300 217.46700 206.39301 187.62300 180.49600 160.94099 147.97099 140.03700 152.17599 146.33400 152.05099 132.41499 115.52000 119.82400 121.78600 126.26300 130.89600 133.43100 138.09300 141.35100 150.56599 174.68300 187.67599 205.54500
134.21500 132.58701 146.52800 117.85100 87.35200 111.04400 163.51500 165.59599 145.86600 48.34860 41.57410 43.14600 0.80490 38.39610 31.59480 30.18380 121.60800 124.18300 152.57899 187.53700 24.60680 0.37330 7.73967 13.45960 13.47100 21.85640 43.49550 51.86710 73.56420 109.81400 143.96899 167.86000 170.73300 145.31200 146.03700 117.26600 93.35750 124.81300 176.88800 169.46400 178.98801 213.23199 282.54700 287.89999 301.93100 294.10999 269.96500 233.69299 250.38200 234.80600 198.75900 164.72600 177.04401 161.08600 148.15100 156.20900 155.07800 142.01900 125.72600 132.71300 137.34300 120.04300 124.59700 129.82700 128.78900 135.16299 132.71400 142.85300 161.44901 171.26601 172.94901
115.98100 113.85000 111.99100 104.53000 97.06450 99.82950 99.21830 106.81800 137.01300 135.60899 39.65850 28.83480 0.49629 0.34921 0.00000 0.00044 0.00009 0.15565 0.46970 226.61900 285.43900 0.63065 0.25942 0.23074 0.24577 3.50203 0.60672 16.18390 22.22940 34.00470 22.04780 23.04950 34.20630 31.67370 20.55910 32.70630 40.66780 38.35220 75.24290 112.12100 133.04100 161.82201 244.87100 244.11301 285.55899 342.39200 372.27200 337.20999 286.02301 232.25500 194.28999 155.03000 153.57401 174.72000 169.18300 157.38100 147.11000 140.75600 126.39400 130.75000 140.42200 150.17900 153.32100 148.52400 141.15601 131.15500 129.22501 142.45000 147.10699 153.69200 147.85500
101.04200 103.24900 106.53600 102.97800 111.48900 109.19500 120.53000 104.37400 96.88590 96.50350 102.92700 123.22500 66.38470 39.68780 0.75222 0.23167 0.25546 0.12723 11.80140 38.63220 49.89140 114.15400 2.36681 47.79330 18.01350 2.80962 3.08815 9.11376 26.09860 68.97540 68.54780 83.68890 45.58490 56.05990 27.91030 38.92120 71.02890 67.45800 109.37100 145.53799 162.45700 199.03500 308.47900 347.42001 348.09399 360.61600 401.12299 414.61600 397.58099 323.34500 269.34601 214.62900 169.56599 205.83000 222.61800 176.11200 163.43800 158.18100 145.55200 144.33400 144.46600 156.10699 150.53400 142.55099 155.83299 156.29100 140.19800 133.93300 146.67200 144.33099 143.15500
166.17799 171.56000 191.34399 184.73300 160.51199 227.38800 256.03601 210.87801 102.28600 162.86501 232.17700 251.81300 161.14101 98.66330 85.27230 83.51300 79.42150 79.93180 72.84810 20.95170 83.53440 49.76490 66.19380 93.30380 82.62380 102.55000 143.18100 141.33299 148.45200 189.46899 195.68800 127.58800 110.23500 109.76300 103.06600 116.19900 83.26260 116.39800 140.17799 185.53600 239.40800 295.17801 327.59399 396.90799 419.24200 459.60199 469.59100 463.35400 418.16400 367.22601 304.51099 272.61301 223.45599 187.68900 189.54100 203.54201 171.26601 165.21700 158.88100 151.17900 152.76900 153.17700 155.87500 159.92799 155.95000 152.39799 144.86099 137.12700 133.54401 138.27000 145.85201
-9999 504.71799 387.24301 272.84399 256.39600 244.24001 269.34100 337.31100 289.09000 328.07800 281.30801 156.18600 222.47000 245.28400 220.32700 111.00700 70.23770 66.23080 287.98999 258.22000 200.47800 186.77100 139.30200 188.71600 89.24850 110.95300 130.86200 177.39799 157.29300 179.84900 156.18300 90.73700 63.75250 82.72800 50.34530 67.05290 101.43700 136.28400 149.81200 195.62199 270.40302 346.07800 380.57401 448.20700 492.98700 513.90302 517.98798 509.30600 456.02200 401.16501 374.40701 316.83801 273.98199 231.05701 180.95300 201.79300 183.09100 172.19099 158.21400 168.76401 162.40100 160.62100 153.93800 145.79201 152.21400 155.14999 154.86900 151.36501 132.55200 132.51601 131.67900
893.40698 480.99500 374.09698 324.83600 243.05600 229.46600 221.24100 139.56500 136.62900 146.77000 156.87199 161.06000 117.04400 136.54500 147.66701 162.57201 119.45800 58.55250 290.88000 338.23901 366.35501 361.05301 233.87300 145.21300 32.30510 15.66650 101.70700 126.58500 109.39900 133.77299 138.21500 87.41170 68.38510 36.94180 35.62200 73.75740 117.64600 133.83600 178.90401 246.12900 269.42801 352.79599 405.59201 473.54300 548.90399 565.31702 582.77899 541.56201 460.96899 431.99600 375.04700 323.66199 310.43500 240.69400 224.16901 169.10699 183.58400 177.50301 150.44299 146.31300 147.66299 146.80800 150.30200 152.08600 153.00800 159.67500 169.31000 166.73599 156.24699 135.48900 137.01401
281.58600 194.25200 333.41800 445.22299 490.76199 340.25800 203.83200 141.32201 103.98200 106.31600 98.94660 95.65460 200.19200 365.73099 392.79700 331.33701 260.82401 153.87900 227.52901 249.81500 279.10300 552.60498 494.13699 248.65401 123.04400 75.76140 81.26740 66.20120 91.33170 104.53900 91.57950 60.06220 61.35020 29.44050 46.76070 69.66240 141.00400 165.71600 219.90900 270.37701 328.83401 385.01099 455.22000 521.29797 603.22803 651.88898 593.43597 572.09601 534.40997 490.18201 397.94101 367.23401 359.10699 280.19901 237.15401 166.57201 169.62000 179.39500 151.45100 160.30901 184.83299 217.36099 226.16800 223.21899 217.10001 177.21899 154.80000 156.01401 157.48399 152.24100 149.02600
214.22301 162.01401 153.05701 248.88100 292.03299 220.87199 452.41599 679.16901 595.03601 316.00101 224.75900 133.38100 181.28799 298.82300 -9999 -9999 675.54401 534.02100 451.63101 485.01099 463.79599 676.25800 575.96100 306.49200 140.83501 112.26900 138.78799 162.16800 120.67800 107.62300 72.12690 48.70540 48.99090 44.20530 63.52310 98.69690 128.31500 166.15300 198.56300 257.93399 276.24600 338.87000 355.97501 461.68799 577.46100 612.29102 611.24402 488.52899 412.99301 388.62201 319.67499 319.18600 337.32800 249.33501 178.24001 188.03900 164.79401 164.68401 128.63499 130.10300 133.75900 148.12801 155.38300 159.14101 157.61301 156.43700 148.39600 152.03400 154.05499 163.90100 154.74899
