data/hydroclimate-scenarios/BCSD_hadcm_A1B/monthly_summaries/swe_monthly_day1_nov.2030-2059.asc
ncols	311
nrows	91
xllcenter	102.75
yllcenter	31.75
cellsize	0.5
NODATA_value	-9999
[rows 0 to 31 of 91, columns 0 to 72 of 311]
-9999 -9999 -9999 -9999 -9999 -9999 -9999 -9999 -9999 -9999 -9999 -9999 -9999 -9999 -9999 -9999 -9999 -9999 -9999 -9999 -9999 -9999 -9999 -9999 -9999 -9999 -9999 -9999 -9999 -9999 -9999 -9999 -9999 -9999 -9999 -9999 -9999 -9999 -9999 -9999 -9999 -9999 -9999 -9999 -9999 -9999 -9999 -9999 -9999 -9999 -9999 -9999 -9999 -9999 -9999 -9999 -9999 -9999 -9999 -9999 -9999 -9999 -9999 -9999 -9999 -9999 -9999 -9999 -9999 -9999 -9999 -9999 -9999
-9999 -9999 -9999 -9999 -9999 -9999 -9999 -9999 -9999 -9999 -9999 -9999 -9999 -9999 -9999 -9999 -9999 -9999 -9999 -9999 -9999 -9999 -9999 -9999 -9999 -9999 -9999 -9999 -9999 -9999 -9999 -9999 -9999 -9999 -9999 -9999 -9999 -9999 -9999 -9999 -9999 -9999 -9999 -9999 -9999 -9999 -9999 -9999 -9999 -9999 -9999 -9999 -9999 -9999 -9999 -9999 -9999 -9999 -9999 -9999 -9999 -9999 -9999 -9999 -9999 -9999 -9999 -9999 -9999 -9999 -9999 -9999 -9999
-9999 -9999 -9999 -9999 -9999 -9999 -9999 -9999 -9999 -9999 -9999 -9999 -9999 -9999 -9999 -9999 -9999 -9999 -9999 -9999 -9999 -9999 -9999 -9999 -9999 -9999 -9999 -9999 -9999 -9999 -9999 -9999 -9999 -9999 -9999 -9999 -9999 -9999 -9999 -9999 -9999 -9999 -9999 -9999 -9999 -9999 -9999 -9999 -9999 -9999 -9999 -9999 -9999 -9999 -9999 -9999 -9999 -9999 -9999 -9999 -9999 -9999 -9999 -9999 -9999 -9999 -9999 -9999 -9999 -9999 -9999 -9999 -9999
-9999 -9999 -9999 -9999 -9999 -9999 -9999 -9999 -9999 -9999 -9999 -9999 -9999 -9999 -9999 -9999 -9999 -9999 -9999 -9999 -9999 -9999 -9999 -9999 -9999 -9999 -9999 -9999 -9999 -9999 -9999 -9999 -9999 -9999 -9999 -9999 -9999 -9999 -9999 -9999 -9999 -9999 -9999 -9999 -9999 -9999 -9999 -9999 -9999 -9999 -9999 -9999 -9999 -9999 -9999 -9999 -9999 -9999 -9999 -9999 -9999 -9999 -9999 -9999 -9999 -9999 -9999 -9999 -9999 -9999 -9999 -9999 -9999
-9999 -9999 -9999 -9999 -9999 -9999 -9999 -9999 -9999 -9999 -9999 -9999 -9999 -9999 -9999 -9999 -9999 -9999 -9999 -9999 -9999 -9999 -9999 -9999 -9999 -9999 -9999 -9999 -9999 -9999 -9999 -9999 -9999 -9999 -9999 -9999 -9999 -9999 -9999 -9999 -9999 -9999 -9999 -9999 -9999 -9999 -9999 -9999 -9999 -9999 -9999 -9999 -9999 -9999 -9999 -9999 -9999 -9999 -9999 -9999 -9999 -9999 -9999 -9999 -9999 -9999 -9999 -9999 -9999 -9999 -9999 -9999 -9999
-9999 -9999 -9999 -9999 -9999 -9999 -9999 -9999 -9999 -9999 -9999 -9999 -9999 -9999 -9999 -9999 -9999 -9999 -9999 -9999 -9999 -9999 -9999 -9999 -9999 -9999 -9999 -9999 -9999 -9999 -9999 -9999 -9999 -9999 -9999 -9999 -9999 -9999 -9999 -9999 -9999 -9999 -9999 -9999 -9999 -9999 -9999 -9999 -9999 -9999 -9999 -9999 -9999 -9999 -9999 -9999 -9999 -9999 -9999 -9999 -9999 -9999 -9999 -9999 -9999 -9999 -9999 -9999 -9999 -9999 -9999 -9999 -9999
-9999 -9999 -9999 -9999 -9999 -9999 -9999 -9999 -9999 -9999 -9999 -9999 -9999 -9999 -9999 -9999 -9999 -9999 -9999 -9999 -9999 -9999 -9999 -9999 -9999 -9999 -9999 -9999 -9999 -9999 -9999 -9999 -9999 -9999 -9999 -9999 -9999 -9999 -9999 -9999 -9999 -9999 -9999 -9999 -9999 -9999 -9999 -9999 -9999 -9999 -9999 -9999 -9999 -9999 -9999 -9999 -9999 -9999 -9999 -9999 -9999 -9999 -9999 -9999 -9999 -9999 -9999 -9999 -9999 -9999 -9999 -9999 -9999
-9999 -9999 -9999 -9999 -9999 -9999 -9999 -9999 -9999 -9999 -9999 -9999 -9999 -9999 -9999 -9999 -9999 -9999 -9999 -9999 -9999 -9999 -9999 -9999 -9999 -9999 -9999 -9999 -9999 -9999 -9999 -9999 -9999 -9999 -9999 -9999 -9999 -9999 -9999 -9999 -9999 -9999 53.45240 54.61370 54.35990 54.58570 52.39800 51.65040 49.05030 48.01510 45.88340 42.59050 -9999 -9999 -9999 -9999 -9999 -9999 -9999 -9999 -9999 -9999 -9999 -9999 -9999 -9999 -9999 -9999 -9999 -9999 -9999 -9999 -9999
-9999 -9999 -9999 -9999 -9999 -9999 -9999 -9999 -9999 -9999 -9999 -9999 -9999 -9999 -9999 -9999 -9999 -9999 -9999 -9999 -9999 -9999 -9999 -9999 -9999 -9999 -9999 -9999 -9999 -9999 -9999 -9999 -9999 -9999 -9999 -9999 -9999 -9999 53.19270 57.09240 55.94870 58.39780 58.40480 57.36160 56.78230 57.42330 55.69890 54.57120 53.03170 52.80260 49.04910 45.97190 41.93650 25.02990 -9999 -9999 -9999 -9999 -9999 -9999 -9999 -9999 -9999 -9999 -9999 -9999 -9999 -9999 -9999 -9999 -9999 -9999 -9999
-9999 -9999 -9999 -9999 -9999 -9999 -9999 -9999 -9999 -9999 -9999 -9999 -9999 -9999 -9999 -9999 -9999 -9999 -9999 -9999 -9999 -9999 -9999 -9999 -9999 -9999 -9999 -9999 -9999 -9999 -9999 -9999 -9999 -9999 -9999 -9999 -9999 -9999 -9999 -9999 53.48050 57.48090 58.45580 59.70660 59.19570 60.15410 58.85590 58.94040 57.30170 55.47940 52.02900 45.88630 41.75770 23.62610 -9999 -9999 -9999 -9999 -9999 -9999 -9999 -9999 -9999 -9999 -9999 -9999 -9999 -9999 -9999 -9999 -9999 -9999 -9999
-9999 -9999 -9999 -9999 -9999 -9999 -9999 -9999 -9999 -9999 -9999 -9999 -9999 -9999 -9999 -9999 -9999 -9999 -9999 -9999 -9999 -9999 -9999 -9999 -9999 -9999 -9999 -9999 -9999 -9999 -9999 -9999 -9999 -9999 -9999 -9999 -9999 -9999 -9999 -9999 -9999 -9999 -9999 -9999 73.63040 73.83520 74.42200 72.77440 72.56690 66.12110 62.66570 53.31250 45.00770 26.08680 -9999 -9999 -9999 -9999 -9999 -9999 27.46750 -9999 -9999 -9999 -9999 -9999 -9999 -9999 -9999 -9999 -9999 -9999 -9999
-9999 -9999 -9999 -9999 -9999 -9999 -9999 -9999 -9999 -9999 -9999 -9999 -9999 -9999 -9999 -9999 -9999 -9999 -9999 -9999 -9999 -9999 -9999 -9999 -9999 -9999 -9999 -9999 -9999 -9999 -9999 -9999 -9999 -9999 -9999 -9999 -9999 -9999 -9999 -9999 -9999 70.61660 70.85800 75.43960 77.28880 76.35520 77.45000 76.98840 75.38980 72.19580 68.27690 57.65790 47.58870 38.45570 -9999 -9999 -9999 -9999 -9999 28.44410 26.49980 26.51100 24.81960 22.60220 22.38270 23.18860 23.52320 22.03470 22.08260 21.97220 21.95460 22.29440 22.63080
-9999 -9999 -9999 -9999 -9999 -9999 -9999 -9999 -9999 -9999 -9999 -9999 -9999 -9999 -9999 -9999 -9999 -9999 -9999 -9999 -9999 -9999 -9999 -9999 -9999 -9999 -9999 -9999 -9999 -9999 -9999 -9999 -9999 -9999 -9999 -9999 -9999 -9999 -9999 -9999 -9999 71.47570 75.95480 80.65120 79.88990 78.70650 78.50130 77.69040 77.87990 75.19210 69.92410 63.30980 55.82870 46.37570 40.33160 36.30960 32.26150 -9999 28.42500 30.72460 28.72570 30.00080 27.51320 26.44430 26.00180 25.01050 23.25520 24.16140 24.29130 23.38980 24.19960 24.90190 24.90500
-9999 -9999 -9999 -9999 -9999 -9999 -9999 -9999 -9999 -9999 -9999 -9999 -9999 -9999 -9999 -9999 -9999 -9999 -9999 -9999 -9999 -9999 -9999 -9999 -9999 -9999 -9999 -9999 -9999 -9999 -9999 -9999 -9999 -9999 -9999 57.09230 60.29080 62.10840 64.34720 68.03130 70.72590 71.77170 73.96640 80.54620 81.65660 80.57260 79.83560 78.71400 79.36440 76.76290 72.93340 65.28080 62.39550 51.37800 44.59310 39.25040 33.90410 31.86530 28.02880 29.56530 27.42210 28.83510 26.56720 24.84610 24.32810 24.30290 23.06610 23.76390 23.61070 23.18070 23.33890 23.99080 24.24740
-9999 -9999 -9999 -9999 -9999 -9999 -9999 -9999 -9999 -9999 -9999 -9999 -9999 -9999 -9999 -9999 -9999 -9999 -9999 -9999 -9999 -9999 -9999 -9999 -9999 -9999 -9999 -9999 -9999 -9999 -9999 -9999 -9999 -9999 53.50570 58.17390 61.86250 62.65910 65.73850 64.37310 68.06360 71.01260 73.39700 75.79100 74.32960 76.15010 76.31730 73.87820 73.82310 71.53090 69.68400 70.18240 66.16420 58.72820 54.65660 42.62970 34.86010 32.61730 29.66220 30.94970 29.57860 29.45320 28.80940 28.63540 29.06920 27.12110 26.18240 23.86500 25.29280 24.43050 25.60450 25.71790 25.53460
-9999 -9999 -9999 -9999 -9999 -9999 -9999 -9999 -9999 -9999 -9999 -9999 -9999 -9999 -9999 -9999 -9999 -9999 -9999 -9999 -9999 -9999 -9999 -9999 -9999 -9999 -9999 -9999 -9999 -9999 -9999 -9999 -9999 51.43170 53.54270 56.70860 59.65950 61.40360 64.35480 62.60120 65.44190 69.79340 71.00600 74.15060 75.82470 75.39580 75.78710 71.15250 71.48700 70.67420 66.78070 68.81730 60.48220 55.89550 48.21340 38.33700 35.49810 30.69660 29.00730 30.40150 29.05180 27.21090 26.51330 27.11650 26.89970 26.43930 26.21930 23.52890 23.80200 23.26690 24.37670 23.88430 24.13890
-9999 -9999 -9999 -9999 -9999 -9999 -9999 -9999 -9999 -9999 -9999 -9999 -9999 -9999 -9999 -9999 -9999 -9999 -9999 -9999 -9999 -9999 -9999 -9999 -9999 -9999 -9999 -9999 -9999 -9999 -9999 46.15160 48.36200 49.39040 50.84030 51.09430 53.72750 56.84190 60.10840 61.09030 63.42110 68.72350 68.86160 72.30880 72.51310 71.05810 69.92340 65.28160 65.08140 63.25920 62.11140 61.63920 54.68100 52.75920 45.54480 38.99810 33.41830 30.63200 29.23830 28.02450 26.75210 26.08140 25.88690 25.70710 26.21370 27.67080 28.24640 25.27110 25.81040 23.76600 24.78160 25.59400 24.00390
-9999 -9999 -9999 -9999 -9999 -9999 -9999 -9999 -9999 -9999 -9999 -9999 -9999 -9999 -9999 -9999 -9999 -9999 -9999 -9999 -9999 -9999 -9999 -9999 -9999 -9999 -9999 -9999 -9999 37.76480 40.22500 45.89890 47.12730 47.55500 48.99250 49.18980 51.75190 54.05500 57.66380 58.54680 62.68080 65.20960 67.53410 69.94560 70.41430 68.31730 66.33130 63.23760 63.59740 62.02930 59.47060 58.03770 52.54870 49.00990 43.55990 39.07370 32.47840 30.13810 27.34970 26.83970 25.00740 24.80830 24.69290 24.98550 24.47370 25.97390 27.72450 25.00310 25.05210 25.31360 25.22230 25.18190 28.48650
-9999 -9999 -9999 -9999 -9999 -9999 -9999 -9999 -9999 -9999 -9999 -9999 -9999 -9999 -9999 -9999 -9999 -9999 -9999 -9999 -9999 -9999 -9999 -9999 38.73580 38.50200 37.32280 37.82380 39.36920 38.25600 39.28170 41.23040 41.06870 40.30780 42.96640 44.28360 46.19160 47.99740 50.44240 53.39310 55.12170 63.24180 66.40110 61.75240 60.39730 62.32930 60.00110 61.01000 63.72110 59.50450 57.24310 55.47490 51.75210 44.83060 37.66030 33.68720 29.60530 28.94160 26.95410 24.05600 22.41740 21.36510 20.60210 21.36800 21.81430 22.74090 22.00970 21.94000 24.21440 21.75160 23.38580 26.41950 28.32120
-9999 -9999 -9999 -9999 -9999 -9999 33.70680 34.04350 32.60170 33.51170 34.02600 -9999 -9999 -9999 -9999 -9999 -9999 -9999 -9999 -9999 -9999 40.45500 41.37210 39.09260 38.60800 38.68350 38.07720 39.57970 38.49100 37.60270 37.10510 38.04970 40.17990 39.43990 40.69900 42.72550 45.39010 46.46120 48.80610 51.92810 53.62040 57.48110 59.45890 57.03360 57.20550 56.99410 57.22410 57.44770 59.33200 55.95680 55.72440 51.53400 48.72820 42.39140 35.77840 31.81260 29.53570 28.29870 24.91410 23.50210 22.03150 22.57330 21.62600 22.37790 23.43780 22.76370 23.35130 22.23070 23.81960 21.74150 23.25490 26.70090 28.67250
-9999 -9999 -9999 -9999 -9999 35.75870 36.46140 34.14130 33.19820 32.75290 33.71300 41.19830 40.99940 39.63940 -9999 -9999 -9999 36.78290 37.82800 36.92550 37.82730 37.52700 36.29650 35.80400 35.49320 33.73740 34.74960 34.76870 35.52090 35.30350 34.48250 33.22060 34.61930 32.94280 36.70540 41.24100 40.46280 43.78720 48.23260 49.30190 49.83510 51.49090 50.72860 49.92330 53.64830 51.86820 53.45840 56.54950 57.37470 54.02590 53.58390 48.50140 45.25750 38.61860 34.75780 31.16990 28.53130 27.21420 23.71120 22.72270 20.94620 21.34230 21.51010 21.75660 22.20150 22.11420 23.35480 22.89140 22.79750 26.82230 27.77950 28.30200 29.29200
-9999 31.17980 29.84980 33.72480 36.12260 35.03540 36.80490 33.66660 35.42390 34.16470 34.93280 42.22630 42.88350 40.13340 38.98960 36.45490 34.91630 37.70010 37.55390 36.74540 36.63340 36.01120 34.88070 33.50160 32.53390 32.63280 31.44190 32.24920 32.78860 32.86570 31.97150 31.45950 33.34910 31.85950 31.93780 36.46600 39.16160 41.32390 45.59550 46.21210 46.23780 46.69250 45.16340 46.33250 46.31760 46.40600 49.50560 52.67620 51.87420 50.60390 47.86670 44.85420 41.53730 39.86820 35.61540 32.31800 28.68890 26.68210 25.37000 23.43990 21.61340 22.47480 22.96660 22.48450 23.06240 23.16510 23.52560 24.78300 24.23040 28.06870 30.28780 31.51160 31.86710
-9999 37.15660 33.65250 31.75420 30.73380 32.19010 35.60940 34.61630 35.15310 35.26280 35.60480 35.61440 37.69860 37.62070 37.09060 36.97020 34.39490 37.02700 36.47410 36.29240 37.35610 38.81880 36.79620 31.31450 31.09040 30.17050 30.31630 33.74950 32.54000 32.32440 32.41430 31.23970 30.65390 30.57410 32.18450 32.94140 34.44010 34.02390 37.52960 42.99150 42.22130 36.84290 37.10950 38.60270 38.35490 39.24630 39.35990 43.47670 44.49630 45.62470 43.55130 46.13460 43.80120 42.67110 39.48150 32.88920 28.36970 27.99460 26.84000 24.81410 25.55810 24.09130 24.42580 25.16290 25.77320 25.84870 27.11470 26.51100 28.56900 28.15530 29.30670 32.38860 33.21340
-9999 -9999 -9999 36.38160 35.08590 32.91670 33.91950 33.14310 34.36750 31.26720 33.81260 32.39720 33.93990 35.23630 36.47290 34.16790 32.40860 33.15880 34.37030 37.58590 35.96110 37.22480 35.01910 30.92160 29.59700 29.24160 27.43230 31.49720 29.62240 28.90020 28.04090 27.66830 27.77690 27.99480 28.87950 30.23230 30.77660 29.80970 31.34390 34.88520 38.72420 35.65950 32.03340 32.78210 33.16510 34.63470 33.85720 39.91250 40.36210 40.90360 41.62800 42.59130 42.06860 39.83040 35.29900 33.67700 28.89390 28.84960 28.86900 27.12230 26.38500 26.28970 26.44140 27.03450 26.02970 27.44360 27.75020 28.78430 31.62200 31.72080 32.96870 34.89220 35.60930
-9999 -9999 -9999 -9999 -9999 -9999 35.34480 31.00680 32.49980 30.49310 30.48520 30.66010 31.76910 31.10720 32.87470 30.25450 30.58420 31.99150 31.45630 34.07430 32.72500 31.31370 30.71680 29.26280 28.94940 27.74600 26.08280 28.27090 27.42260 26.52510 27.25290 26.83360 26.11240 27.42020 28.22150 29.07330 29.97240 29.61060 29.64300 30.16670 33.30490 31.02070 31.61470 32.36940 30.68670 29.77530 31.14220 36.25330 36.67010 39.41570 40.59830 41.50610 40.43830 34.92260 34.97600 33.03200 29.47870 34.72260 34.92420 29.26070 29.46960 28.40990 27.34250 27.45410 28.13940 27.86710 28.63570 29.88770 32.32650 34.62250 37.28540 38.25030 38.05330
-9999 -9999 -9999 -9999 -9999 -9999 33.34040 30.23770 32.13810 30.22100 29.88480 30.32950 29.68100 28.99960 29.27060 29.04350 29.69410 31.86860 32.10700 33.84210 34.14230 32.91120 31.89650 30.27940 28.41080 26.70100 24.40350 25.13680 24.89620 25.68780 25.99890 24.88360 24.61400 25.96370 26.60920 26.56540 28.61680 27.76360 29.96990 29.69650 25.79840 26.73160 27.93400 27.52920 28.49760 26.66490 27.62000 28.15210 32.14270 33.66070 36.26160 36.23370 32.80440 33.35030 31.66910 29.67100 29.02950 34.09550 32.79670 30.16580 30.35990 31.41180 30.87640 29.29380 31.49340 29.43830 31.33410 31.32920 33.73340 37.21790 39.48580 41.65630 42.50670
-9999 -9999 -9999 -9999 -9999 -9999 -9999 -9999 -9999 -9999 29.92260 33.76480 32.06250 27.61820 31.53300 31.05100 31.25130 34.21430 32.96700 35.09500 36.14690 36.38790 32.20760 31.86050 30.53760 31.30140 29.97510 26.56280 24.42170 25.39160 25.05600 26.22760 25.84150 25.84600 26.22810 22.13990 22.36510 23.44050 23.38970 24.80980 25.70780 25.03870 24.55500 23.18900 25.34450 28.51030 27.14000 27.77120 28.85770 29.79350 28.91830 28.08570 26.83930 23.49550 24.40120 23.05680 25.32610 24.89920 24.21160 27.28670 28.72780 32.38130 32.54830 31.12040 30.95050 31.67280 31.30190 32.82870 36.14390 41.21620 45.30950 48.29860 49.10730
-9999 -9999 -9999 -9999 -9999 -9999 -9999 -9999 -9999 -9999 25.34370 27.76230 30.83110 29.15950 28.71490 29.65380 30.43460 33.66580 35.50510 37.32430 35.77230 34.11090 33.81230 31.13200 30.98470 28.95560 26.90210 25.92310 24.62810 23.62120 23.53560 24.70040 24.42190 24.74840 25.21080 21.51940 23.08760 23.40800 24.49370 24.95660 25.44260 25.63130 26.75740 24.55620 25.37920 25.45310 25.57620 25.14890 24.43000 26.57350 24.65360 25.51760 24.42580 23.06900 23.45630 23.38550 24.06370 24.42650 23.74520 26.60430 27.15580 30.27310 29.87950 31.20000 31.72410 33.19250 33.69050 34.37170 34.42540 43.53630 46.67610 49.59710 51.30770
-9999 -9999 -9999 -9999 -9999 -9999 -9999 -9999 -9999 -9999 -9999 -9999 29.36230 34.33450 35.75580 36.67770 32.79440 31.52700 34.71970 32.31620 32.91400 32.22300 30.19550 30.76870 28.59090 26.24690 26.18000 24.12500 22.35860 21.40330 21.09830 22.54150 22.42590 23.34460 24.38840 21.70640 21.31560 22.04540 23.59620 24.50060 23.62270 24.00100 23.91690 21.58360 22.83600 25.04880 24.19460 24.32710 23.08260 24.91410 25.35920 25.52740 24.98610 23.43060 25.59900 23.09510 23.98170 23.23350 25.36750 28.88660 29.20250 30.69970 32.81990 30.56160 30.66980 31.01070 33.28010 36.89470 37.84010 41.77660 45.68600 49.72260 49.20070
-9999 -9999 -9999 -9999 -9999 -9999 -9999 -9999 -9999 -9999 -9999 -9999 28.45510 29.34630 32.58800 30.07530 30.83370 32.10890 35.07080 35.31720 32.77010 32.24910 30.87740 28.48310 28.66560 27.26470 24.78660 22.30520 21.10860 20.41940 17.85690 19.67560 21.13800 22.10600 22.90860 21.09690 21.88000 21.86800 21.84150 23.83830 22.34720 21.50480 21.60820 19.96550 20.94930 22.32600 22.56740 22.61550 23.31580 23.60220 24.77110 24.32250 26.13440 24.14040 24.48970 24.24980 24.10420 23.62360 25.76060 30.88280 33.84390 33.67430 32.12860 31.58050 31.74710 34.42590 34.27430 37.24730 40.41430 42.87180 46.38140 49.04570 48.49970
-9999 -9999 -9999 -9999 -9999 -9999 -9999 -9999 -9999 -9999 -9999 25.12400 31.71110 29.40470 28.71200 32.25560 36.82680 37.02460 38.70490 39.38000 31.30080 34.06800 29.43250 31.35990 30.00200 30.89990 26.64480 22.44990 19.31010 19.06320 17.87630 17.74560 17.16250 17.74990 17.95240 18.60360 20.77250 20.81030 22.57560 25.14600 24.40450 25.73010 25.30490 24.25240 24.02310 23.37810 24.08660 24.43640 23.43780 22.91770 24.10810 24.54810 26.13400 26.86960 26.98610 26.10700 25.63350 26.69840 27.78290 30.64150 30.81660 30.14800 32.79040 34.40720 34.25770 35.12150 37.26880 38.93700 44.88420 48.08840 50.08170 50.79850 50.23850
-9999 -9999 -9999 -9999 -9999 -9999 -9999 -9999 -9999 -9999 -9999 22.26590 23.20330 25.47550 25.09110 27.88620 30.56190 33.89540 34.29360 33.96600 31.41080 29.96920 27.51890 25.65480 24.62420 25.08850 23.19900 22.12300 18.88440 19.75900 19.02540 17.77970 17.24370 16.41120 16.87450 17.42020 18.15840 19.89580 22.03510 22.73270 23.31150 23.43890 28.14490 27.55810 25.60590 25.34350 24.57840 26.44560 25.38050 23.90350 23.25070 25.30500 25.18580 26.36260 26.25380 26.43780 27.53350 26.36580 26.91300 31.73560 33.02460 32.43470 33.03400 37.16340 38.58880 36.94070 39.70940 40.49310 46.81290 48.97970 47.95270 48.64660 50.03620
