data/hydroclimate-scenarios/BCSD_hadcm_A1B/monthly_summaries/swe_monthly_day1_mar.2070-2099.asc
ncols	311
nrows	91
xllcenter	102.75
yllcenter	31.75
cellsize	0.5
NODATA_value	-9999
[rows 31 to 61 of 91, columns 0 to 70 of 311]
-9999 -9999 -9999 -9999 -9999 -9999 -9999 -9999 -9999 -9999 -9999 130.57100 135.41701 143.17500 146.53900 155.45399 163.86099 170.40700 176.02100 176.52299 172.49300 171.38499 163.77600 162.15800 155.75800 150.38499 136.97701 124.63900 120.47800 119.03500 113.29100 111.23200 112.05300 111.96300 113.50500 115.18100 120.32800 121.79700 120.81000 124.98900 127.41500 125.90500 130.34801 126.02300 120.39000 119.58800 118.53600 120.27300 117.47400 118.90800 116.05600 116.45500 117.08000 115.82900 111.54100 108.48700 109.38100 109.19700 110.46800 113.04600 115.33100 115.88300 117.11600 121.72800 122.01600 119.14000 117.52900 109.15400 111.82500 106.58700 104.38600
-9999 -9999 -9999 -9999 -9999 -9999 -9999 -9999 -9999 -9999 -9999 138.16600 141.53300 142.26500 147.60001 151.81200 167.69000 166.31599 175.03200 184.12399 183.73801 173.56799 166.64000 154.10899 146.63100 143.91100 134.79300 131.08900 119.75000 112.59800 108.28000 108.80700 106.69000 110.63400 111.28900 110.29400 117.64600 121.15200 121.28700 122.95200 124.83000 131.48199 133.52100 129.21500 127.04200 125.48000 126.70200 129.87199 127.98100 129.12100 122.99300 124.40900 123.45500 120.58000 117.96000 117.67500 117.13800 119.43900 119.54800 120.30300 120.80100 119.94800 122.24400 128.59900 127.92200 123.20300 123.61400 113.29500 117.86600 113.96700 110.53500
-9999 -9999 -9999 -9999 -9999 -9999 -9999 -9999 -9999 -9999 -9999 148.20599 148.51801 145.69701 149.66100 155.62601 158.95700 167.27499 179.40401 178.29800 178.54500 174.52400 163.83099 154.17000 149.25301 143.08800 136.94501 123.26800 116.10400 108.47100 107.02300 102.41200 101.61600 102.09500 106.03200 107.76100 113.31800 119.56800 119.76100 125.32400 130.16600 135.98000 138.50800 135.89799 139.00101 138.24899 138.81599 140.55200 136.83299 138.84599 135.59200 133.70300 130.85201 128.68100 127.46200 126.60400 126.50600 127.77400 128.74100 126.91900 128.01300 128.59801 131.15199 132.98399 136.57201 135.61700 131.14400 123.75700 123.83700 120.89600 118.41800
-9999 -9999 -9999 -9999 -9999 -9999 -9999 -9999 -9999 -9999 -9999 -9999 144.21500 138.58701 141.47900 153.86000 162.50400 165.80600 172.98900 177.22900 176.31100 166.82899 165.01900 157.46500 148.48900 145.70799 133.93600 127.66900 113.05300 108.73500 102.11400 97.08070 96.92780 96.30260 96.55540 101.15400 109.91000 115.60900 119.70600 126.95800 135.66100 140.25999 144.48500 145.25101 150.17900 153.87700 154.21899 147.37000 142.38901 142.48300 137.57600 139.60500 137.55901 134.25800 133.50400 131.16200 130.60500 130.17500 127.03800 129.14500 131.43201 139.41800 141.66100 131.78999 136.20200 132.42500 128.68800 126.85800 128.10001 125.82900 121.37100
-9999 -9999 -9999 -9999 -9999 -9999 -9999 -9999 -9999 -9999 -9999 -9999 131.67101 132.41299 141.42101 145.83400 151.98700 159.18300 166.17799 170.11400 173.71800 176.50600 166.76900 157.88800 147.05400 135.75800 119.94400 113.54500 105.06200 101.43300 98.91810 89.74740 86.36270 87.46740 90.59900 97.44330 102.85700 111.94600 115.15800 121.96600 135.63000 139.13200 141.86000 146.72000 152.28999 159.70300 160.22701 154.81300 148.26601 141.89101 138.56100 137.10899 134.40800 133.70200 134.03700 132.47800 131.43800 131.30000 127.67500 125.75600 129.95799 137.87900 141.24899 131.90500 128.56500 125.13800 127.82400 129.42900 130.00800 126.42600 128.09200
-9999 -9999 -9999 -9999 -9999 -9999 -9999 -9999 -9999 -9999 -9999 -9999 131.83501 128.92400 124.58200 132.35899 142.38699 144.51900 156.89000 165.05901 174.96800 167.77100 160.86501 148.39101 130.08299 118.73300 105.87600 95.55520 93.54380 90.75660 84.25620 85.54310 85.13260 86.14720 89.12030 94.56550 95.91080 102.01800 107.04500 116.29200 123.60700 132.08299 136.52299 145.03900 153.89999 170.10800 169.05600 160.10500 148.70900 142.63800 139.17000 132.99300 131.71201 127.04200 125.36300 128.00101 129.47800 128.42400 125.61000 129.61099 132.07201 133.82899 134.70700 129.98900 132.71201 127.42100 126.64800 125.75100 130.56400 136.58299 138.05600
-9999 -9999 -9999 133.63000 130.00800 126.75600 130.01500 129.24300 127.53100 -9999 126.14200 129.35899 126.22600 121.10500 121.87500 118.84100 124.30200 125.66700 135.39101 143.17300 149.57001 143.38200 129.35899 123.29400 113.56100 103.61600 94.58500 92.86140 85.18910 84.91260 78.89630 75.64110 79.04290 79.10600 83.65590 88.44550 89.90560 93.82650 99.97880 108.25300 115.73000 120.73900 124.73400 137.01801 150.14999 171.06400 174.38901 163.53900 152.48000 142.99699 135.72200 132.99300 129.29300 128.52000 128.27499 134.41701 134.74300 133.39400 134.65800 134.05099 132.45200 135.17000 134.78000 134.98599 136.06599 131.66000 134.76100 132.82700 132.23900 142.39799 147.11200
-9999 -9999 -9999 124.15200 120.79600 117.99400 121.47500 120.73800 125.22200 124.45900 125.59100 127.82400 122.37600 117.08400 113.54000 113.25700 113.90500 106.74800 106.34800 112.01600 113.31100 115.17800 109.45100 105.24300 99.78920 97.54560 90.74580 82.01440 77.84030 77.09740 72.23990 68.72240 70.79870 75.14260 79.14610 85.55480 87.49330 90.09620 96.13340 101.13500 109.42300 113.44600 115.61000 131.53900 150.05000 163.31599 166.03400 156.38699 149.92900 143.60201 139.17599 128.98801 131.49400 127.87500 126.86600 130.90500 133.66800 137.93600 140.09399 137.78700 134.37900 134.30000 135.18700 134.78200 137.45300 134.58900 136.95500 133.18300 140.62399 143.62300 149.93900
-9999 -9999 -9999 107.00600 100.87400 105.64200 115.51000 115.32100 111.20900 112.42900 114.81100 116.13500 116.82900 116.30900 119.05000 109.19600 107.06200 102.04600 97.29510 99.04640 99.92320 99.92630 93.98480 93.86570 89.54860 82.47840 80.11510 72.60970 70.27080 66.79740 63.87320 61.50630 60.66660 66.44200 69.94310 76.34070 79.88370 78.74780 86.21090 90.03910 99.81380 104.41700 110.17200 124.17900 135.91901 153.80600 154.92799 147.47099 141.14000 136.40800 133.74100 125.72500 121.10900 120.88500 117.21000 122.81700 128.93401 133.57899 136.65601 135.35100 134.43700 128.78200 131.71700 136.27901 138.43700 139.01801 144.30000 147.01401 158.97701 162.69501 172.08800
-9999 -9999 -9999 100.39300 98.24890 112.63800 129.46001 118.79800 112.91700 112.06700 108.05900 107.64500 115.33300 114.07900 117.41000 111.40600 107.31300 101.23800 96.41870 93.72950 92.37320 87.61380 84.64910 81.98460 76.12880 70.73110 67.62630 63.80020 58.76690 57.42620 54.58120 43.75630 48.46510 54.58340 60.08730 64.85740 66.79560 65.81320 70.01180 76.67160 86.67850 98.07900 107.88500 118.00600 125.47500 135.49400 137.05200 137.59399 138.24500 135.67000 128.40300 118.67000 115.65900 115.11800 117.74000 114.65400 119.35800 125.84400 128.60300 130.80499 136.48100 127.22500 133.71400 140.82100 144.75800 156.17799 165.48399 164.08701 178.18800 184.63901 184.00500
-9999 -9999 -9999 89.53620 88.69900 100.70700 98.75500 97.62250 101.11700 100.46800 99.71150 103.23500 107.47400 112.34200 113.23900 110.75900 106.54600 95.31650 87.07750 79.07380 76.32840 73.04980 68.87730 65.01530 61.20570 58.17550 53.44800 50.62250 48.69520 45.52790 43.00110 38.74710 39.25240 46.03400 50.77050 57.18540 59.93160 56.83600 61.85810 68.30090 73.41580 80.58000 90.65460 98.83630 101.82800 106.98500 113.57200 118.75900 116.97100 118.10100 114.52000 102.21200 100.78400 108.21300 110.36000 110.22800 106.49100 112.83700 118.53900 125.39600 129.89400 127.66500 130.50500 151.42500 159.10001 168.48500 179.49800 183.24400 195.77400 188.03799 188.48599
-9999 -9999 -9999 -9999 85.32200 92.82370 91.05920 94.69100 98.42900 98.90230 95.62640 98.81050 107.47700 103.43000 -9999 -9999 -9999 -9999 -9999 70.02910 63.12860 53.60830 52.07740 48.44930 44.96410 41.87450 40.35170 39.61030 34.14150 32.39600 32.94720 33.90720 34.31960 39.71610 45.33090 49.36770 49.55820 54.07920 55.20190 58.79320 64.08450 64.89960 68.54640 76.71120 82.94000 85.52090 94.15280 99.04630 98.64390 93.89830 95.42070 92.50740 91.22630 99.14800 101.64900 102.48700 106.75200 110.74900 112.82200 123.35400 129.85400 133.77901 149.20399 148.29500 158.29401 171.70500 182.05000 189.65700 198.84801 -9999 -9999
-9999 -9999 77.80690 81.56250 79.40300 81.39360 84.99620 88.76030 86.81810 91.19680 87.70040 96.04550 103.81500 -9999 -9999 -9999 -9999 -9999 74.75500 58.39990 49.40390 34.53330 34.39390 32.48720 31.46110 29.78800 31.77890 31.13450 26.96110 28.09680 25.57250 25.55000 29.69960 31.87990 35.88140 40.97570 42.72190 47.87100 47.60970 49.77720 54.53850 52.10930 54.97620 63.34640 65.63710 68.99670 76.25750 79.87020 78.27610 79.15990 78.02190 76.58350 80.39610 87.93070 89.11190 89.08740 95.14360 102.64900 106.59200 114.34200 119.82600 130.06799 142.88000 139.02901 148.69099 168.29401 181.52800 -9999 -9999 -9999 -9999
-9999 -9999 83.58740 81.71980 74.69050 73.72850 75.65000 77.83840 80.48000 80.61770 87.86040 98.62840 104.56900 -9999 -9999 -9999 -9999 72.39370 64.17150 49.31030 38.39680 23.80390 20.38040 22.07290 21.56890 27.47000 26.41970 22.77210 21.29130 21.51610 22.15210 23.05540 28.32650 29.73990 35.57800 38.85810 41.75140 40.26190 42.12550 39.43890 41.37390 43.28770 48.56740 49.77290 52.27590 60.12230 64.29760 70.34400 66.29790 69.73540 70.33800 70.73800 72.54890 78.47990 79.72850 80.42370 84.74150 96.45030 104.29300 102.02900 106.79700 110.38700 114.71600 128.96400 141.24100 -9999 -9999 -9999 -9999 -9999 243.69400
-9999 -9999 83.18570 81.69310 74.97060 70.01080 71.57670 74.01740 77.41250 83.31990 90.91390 107.44200 63.67170 -9999 -9999 -9999 -9999 65.50950 57.23500 40.39840 27.66370 13.92430 11.18380 14.02500 12.68790 18.98220 19.05670 19.04700 16.26670 16.78200 18.08130 20.05150 22.01590 25.42130 30.74290 31.63860 34.07350 32.53620 33.51630 31.06570 33.59350 39.76270 40.02050 40.59810 46.97970 53.09010 55.90920 57.81550 56.30980 59.07320 62.66890 64.39670 68.25660 73.32190 75.99600 74.97960 81.66530 91.31680 97.12490 96.96750 100.41100 101.10100 108.29700 122.62100 132.88100 143.84900 153.26601 166.82800 182.94400 -9999 -9999
-9999 -9999 -9999 82.97760 74.99740 68.99630 67.83240 72.33090 79.79470 95.47880 104.36000 72.97250 -9999 -9999 -9999 -9999 71.05770 58.95470 42.51970 32.21010 20.41240 12.03530 10.37180 10.02440 11.35090 13.63320 14.79970 15.43080 16.52120 13.97890 14.59890 16.84120 20.65030 23.59550 24.14800 29.29140 29.82270 30.58420 32.37470 31.33360 31.05960 31.52010 31.90120 35.79680 43.10220 49.57000 51.51410 54.10290 48.76510 50.14520 55.33920 59.36290 61.05510 65.25440 69.60920 72.23120 78.31360 82.52010 88.50980 92.34740 96.47040 98.62070 105.88600 122.41000 135.76401 125.98500 126.42800 145.65100 155.72000 137.40401 -9999
-9999 -9999 -9999 -9999 78.84070 72.16820 68.02330 73.24780 79.86670 89.91750 59.19470 -9999 -9999 -9999 -9999 83.24220 71.24280 52.78570 34.00280 25.83710 15.76400 9.24846 9.10626 5.33778 5.76056 11.61710 12.62640 13.37470 14.57630 17.66180 15.13140 17.54530 19.52420 18.90930 21.05280 24.49030 27.14840 30.51950 28.77260 28.67410 28.95100 28.52310 27.33250 31.90030 35.12470 43.21690 48.74500 45.60350 43.98620 46.80380 52.07340 58.19490 59.68720 64.38110 65.61650 71.96730 79.49790 79.73580 84.20570 88.65910 93.32320 95.99700 102.67900 104.60600 110.99500 112.70000 112.50600 116.33100 124.95800 129.32100 139.05701
-9999 -9999 -9999 -9999 -9999 -9999 74.13070 78.24960 59.65430 56.23480 84.31570 -9999 -9999 -9999 -9999 -9999 68.70860 45.44060 33.98260 19.08350 13.39480 12.80100 4.68146 4.77607 4.54378 9.65806 9.86894 13.17690 15.10660 16.42800 16.74590 18.67180 20.46860 17.89430 20.60050 25.42760 24.12860 24.81230 24.67040 20.85610 21.86670 19.65900 24.20130 25.08620 28.32650 31.30650 34.71200 40.28090 43.42190 45.66740 52.37750 52.91020 58.68010 59.26880 63.00800 71.10250 74.05570 78.46890 80.61350 87.10370 92.14040 91.15430 97.54200 99.99350 107.84400 103.89300 99.13540 100.56800 108.16800 110.72900 121.67500
-9999 -9999 -9999 -9999 -9999 -9999 -9999 -9999 -9999 -9999 -9999 -9999 -9999 -9999 -9999 -9999 -9999 -9999 -9999 16.42040 9.72752 10.37040 6.15212 4.37787 5.62956 8.77510 12.83680 17.59120 22.21980 19.88120 20.05920 22.48010 19.61040 18.12850 19.99830 21.61770 22.25830 19.86120 19.61080 18.49360 16.98490 18.03960 19.79290 19.94380 24.20870 27.56850 30.86760 35.31680 36.59540 43.77100 49.80230 50.62120 57.00750 57.74880 58.81010 64.54840 67.70840 76.89080 75.20490 79.72270 85.23980 80.16350 87.48550 90.09310 92.51420 88.35260 84.67370 87.93860 94.17700 99.30490 110.27900
-9999 -9999 -9999 -9999 -9999 -9999 -9999 -9999 -9999 -9999 -9999 -9999 -9999 -9999 -9999 -9999 -9999 -9999 19.37450 12.77160 9.24248 4.96872 6.33496 6.86963 7.75681 10.26750 9.92404 13.49720 12.53970 13.07400 14.95020 15.87340 16.73600 16.14690 19.14780 19.59270 20.52120 22.31730 18.56110 13.60410 15.07420 15.24040 16.57790 18.71450 20.63830 20.99130 23.44730 30.14420 31.29450 37.62600 43.60570 50.40930 55.58370 58.05300 60.87410 62.21280 66.66650 70.01220 70.38240 66.59530 67.52050 68.99210 73.78520 80.25850 82.06750 79.09630 83.90660 87.07480 95.14600 99.35490 111.36000
-9999 -9999 -9999 -9999 -9999 -9999 -9999 -9999 -9999 -9999 -9999 -9999 -9999 -9999 -9999 -9999 -9999 22.18630 18.03880 10.05070 8.10243 5.70223 6.39372 6.21853 7.24220 9.40551 10.92280 12.47150 8.96242 11.03790 13.11060 15.01730 17.69110 18.21090 20.77510 16.52850 17.94640 19.87460 18.42620 16.06390 14.24050 14.38310 14.40250 15.49600 15.80280 18.85840 22.73990 24.08090 30.42580 36.47900 44.35930 50.98570 55.80910 57.38080 58.73440 57.97740 61.51620 61.66200 62.14280 59.38990 63.77320 65.51280 73.56020 78.53210 73.91730 76.34310 80.25350 92.28440 97.94590 95.43890 106.71100
-9999 -9999 -9999 -9999 -9999 -9999 -9999 -9999 -9999 -9999 -9999 -9999 -9999 -9999 -9999 -9999 -9999 14.27820 10.06360 4.80134 4.36041 2.56953 1.24889 3.68730 7.05780 7.24394 8.33026 10.75100 10.90040 10.22770 12.85900 17.09090 16.46730 23.12090 18.36280 16.94670 16.86040 16.27710 13.96930 13.57060 12.44310 12.36950 12.18690 14.69570 15.36440 19.62950 21.22480 21.76330 27.17090 33.97240 39.34420 47.35800 50.51940 57.34270 58.21870 55.19450 54.39170 54.23820 57.73080 56.55140 58.44590 61.81480 68.37580 76.28970 84.79100 80.47060 79.27970 85.69570 86.31540 85.46640 98.13970
-9999 -9999 -9999 -9999 -9999 -9999 -9999 -9999 -9999 -9999 -9999 -9999 -9999 -9999 -9999 -9999 15.56860 8.26692 4.93434 2.91540 2.09629 2.12384 2.42688 4.01437 7.52219 6.29123 6.76202 13.46400 12.23420 12.13700 11.55480 17.82380 18.34020 21.52950 17.63810 17.26400 16.91910 15.66660 12.70190 12.50600 11.11500 11.52940 12.16300 11.93500 13.67310 15.77830 18.02360 18.98160 21.53900 30.91040 36.40120 43.02980 47.73930 52.37030 55.39180 54.02460 50.60470 46.99460 52.27050 57.01180 56.81420 62.64710 66.66200 79.82740 82.39320 83.56030 86.87900 84.48670 86.99820 85.23180 98.23530
-9999 -9999 -9999 -9999 -9999 -9999 -9999 -9999 -9999 -9999 -9999 -9999 -9999 15.59160 12.65720 9.10808 6.99823 2.98248 2.84821 0.87658 1.14234 0.92776 1.29437 2.41169 2.54128 5.20155 8.13963 8.79823 9.99065 10.45030 9.32206 10.34360 13.87300 14.93050 14.24510 15.17410 14.94110 11.71600 8.41520 7.82667 6.89426 6.09560 5.72742 8.40353 10.28000 10.98020 12.72340 13.79600 14.86610 21.22270 25.15020 34.86860 43.75860 49.42630 54.31250 51.72090 50.48430 50.29080 49.70380 53.25870 56.48550 57.72700 68.24530 70.39720 74.51360 84.65000 92.50400 97.42920 96.78700 90.39240 103.28400
-9999 -9999 -9999 -9999 -9999 -9999 -9999 -9999 -9999 -9999 -9999 -9999 8.35767 8.09773 6.35742 5.91024 3.57206 3.07225 0.50452 0.75018 0.46474 0.45283 1.94284 2.15566 2.41579 4.43824 4.78627 7.71627 7.57669 8.92337 8.65183 9.23303 11.15620 11.21360 10.19300 13.72280 12.06130 9.39231 6.81528 4.56836 4.43772 3.89641 3.51361 3.93293 6.68971 11.79870 10.85730 11.98750 11.68940 14.38040 19.69780 25.65430 30.70010 38.67030 46.61880 52.58090 46.60890 44.61340 46.86950 47.61070 50.20480 54.69350 61.47110 71.86810 81.76280 92.74110 96.86230 99.05180 95.68710 98.20880 114.63700
-9999 -9999 -9999 -9999 -9999 -9999 -9999 -9999 -9999 -9999 -9999 5.23488 3.92682 4.39060 3.06859 1.88221 1.89411 0.64269 0.80096 0.47306 0.22117 1.11891 1.50649 1.11420 1.28552 1.91632 2.14089 3.45019 4.73897 5.85033 6.22378 7.04828 7.14972 9.33102 8.73258 8.82444 6.88286 3.14497 2.63975 2.15221 1.28540 0.95057 0.78974 1.54751 3.71401 4.60835 4.97195 9.12230 12.38210 12.82620 14.81090 19.31460 23.23770 26.89650 31.25760 38.25500 39.57590 38.57820 43.63350 40.19880 44.19790 51.77560 60.87980 71.57950 86.05260 96.33530 94.53840 89.39970 89.47250 95.38260 122.79800
-9999 -9999 -9999 -9999 -9999 -9999 -9999 -9999 -9999 -9999 6.20556 5.51246 2.86179 2.13093 3.36092 0.69104 0.84386 0.91758 1.16311 0.50136 0.51723 0.90140 1.52670 1.26844 1.10890 2.20894 2.02307 4.82248 4.84459 5.58091 6.03604 6.25610 6.40381 9.26125 10.78560 8.79208 4.75487 4.34602 3.86659 1.70676 1.06120 0.40153 0.71347 1.28456 1.47740 1.46246 3.57724 4.81858 6.85017 11.28080 11.94390 12.55100 16.19660 16.18950 22.15600 27.20470 31.85560 32.97660 39.98140 40.91940 44.44030 49.71290 59.22930 69.90000 77.40430 90.84070 90.00660 83.06470 95.15610 106.99500 126.02400
-9999 -9999 -9999 -9999 -9999 -9999 -9999 -9999 -9999 2.60610 2.72685 2.70356 3.30411 2.77500 2.45183 1.33801 1.37350 0.84348 0.74095 0.59047 0.63607 0.69361 0.79063 1.31950 1.64614 2.09287 1.90858 2.51594 2.20344 2.20216 3.47167 5.54195 6.96231 5.57817 6.31583 7.41675 5.05142 4.32991 2.61095 1.44933 0.74979 0.52353 0.51012 0.86624 0.85730 1.38438 3.29850 4.25353 6.13284 7.77895 8.81697 5.99034 9.04952 11.41970 14.29070 13.53980 20.58650 27.96660 28.41930 33.14630 38.66620 45.17970 51.84250 60.48420 63.71800 64.92160 63.06660 73.66770 90.92210 109.26100 113.82700
-9999 -9999 -9999 -9999 -9999 -9999 -9999 -9999 -9999 -9999 1.86217 0.84092 0.31737 2.03737 1.78501 1.29339 1.52091 0.86974 1.13361 0.86943 0.90208 0.86397 0.94013 -9999 -9999 -9999 -9999 -9999 -9999 1.96599 2.62069 3.54760 4.49080 3.91705 5.16015 6.18019 4.86784 2.86993 0.64105 0.99996 0.73573 0.54902 0.58760 0.61006 0.95866 1.36774 2.08818 3.25382 4.30314 4.65068 5.91220 5.76874 7.59195 7.79769 12.64900 11.96240 16.80280 21.61200 21.58780 29.83970 36.48910 43.48490 49.08750 55.62230 62.99400 52.58980 66.66140 79.47880 114.40100 127.85300 141.26199
-9999 -9999 -9999 -9999 -9999 -9999 -9999 -9999 -9999 -9999 -9999 -9999 0.15007 0.12216 0.28635 1.43892 0.69948 1.93177 2.36247 -9999 -9999 -9999 -9999 -9999 -9999 -9999 -9999 -9999 -9999 -9999 -9999 -9999 -9999 1.88747 2.25854 2.02388 1.68287 1.50290 1.22845 0.42811 0.46609 0.74640 0.51364 0.23523 0.19907 0.64778 1.05212 2.55449 2.31992 9.83149 10.29040 5.65712 6.45242 6.56646 7.37433 6.11344 8.39244 13.04500 17.26440 28.72660 34.62920 37.73730 43.00160 43.98400 46.24330 46.15570 59.82720 87.49590 109.10500 111.76100 128.66499
-9999 -9999 -9999 -9999 -9999 -9999 -9999 -9999 -9999 -9999 -9999 -9999 -9999 -9999 -9999 -9999 -9999 -9999 -9999 -9999 -9999 -9999 -9999 -9999 -9999 -9999 -9999 -9999 -9999 -9999 -9999 -9999 -9999 -9999 1.01423 0.20182 0.31497 0.56923 0.48303 0.05908 0.12277 0.25068 0.20494 0.00002 0.22009 0.18101 0.94105 2.32716 2.32141 7.37491 9.81240 5.42329 7.40855 5.85507 7.13258 5.61669 5.22866 11.77930 16.82080 30.10590 38.55510 38.89910 48.58640 43.63730 40.36150 40.75560 59.62460 95.12970 122.74100 117.29000 129.87700
