data/hydroclimate-scenarios/BCSD_hadcm_A1B/monthly_summaries/swe_monthly_day1_oct.2030-2059.asc
ncols	311
nrows	91
xllcenter	102.75
yllcenter	31.75
cellsize	0.5
NODATA_value	-9999
[rows 0 to 32 of 91, columns 73 to 145 of 311]
-9999 -9999 -9999 -9999 -9999 -9999 -9999 -9999 -9999 -9999 -9999 -9999 -9999 -9999 -9999 -9999 -9999 -9999 -9999 -9999 -9999 -9999 -9999 -9999 -9999 -9999 -9999 -9999 -9999 -9999 -9999 -9999 -9999 -9999 -9999 -9999 -9999 -9999 -9999 -9999 -9999 -9999 -9999 -9999 -9999 -9999 -9999 -9999 -9999 -9999 -9999 -9999 -9999 -9999 -9999 -9999 -9999 -9999 -9999 -9999 -9999 -9999 -9999 -9999 -9999 -9999 -9999 -9999 -9999 -9999 -9999 -9999 -9999
-9999 -9999 -9999 -9999 -9999 -9999 -9999 -9999 -9999 -9999 -9999 -9999 -9999 -9999 -9999 -9999 -9999 -9999 -9999 -9999 -9999 -9999 -9999 -9999 -9999 -9999 -9999 -9999 -9999 -9999 -9999 -9999 -9999 -9999 -9999 -9999 -9999 -9999 -9999 -9999 -9999 -9999 -9999 -9999 -9999 -9999 -9999 -9999 -9999 -9999 -9999 -9999 -9999 -9999 -9999 -9999 -9999 -9999 -9999 -9999 -9999 -9999 -9999 -9999 -9999 -9999 -9999 -9999 -9999 -9999 -9999 -9999 -9999
-9999 -9999 -9999 -9999 -9999 -9999 -9999 -9999 -9999 -9999 -9999 -9999 -9999 -9999 -9999 -9999 -9999 -9999 -9999 -9999 -9999 -9999 -9999 -9999 -9999 -9999 -9999 -9999 -9999 -9999 -9999 -9999 -9999 -9999 -9999 -9999 -9999 -9999 -9999 -9999 -9999 -9999 -9999 -9999 -9999 -9999 -9999 -9999 -9999 -9999 -9999 -9999 -9999 -9999 -9999 -9999 -9999 -9999 -9999 -9999 -9999 -9999 -9999 -9999 -9999 -9999 -9999 -9999 -9999 -9999 -9999 -9999 -9999
-9999 -9999 -9999 -9999 -9999 -9999 -9999 -9999 -9999 -9999 -9999 -9999 -9999 -9999 -9999 -9999 -9999 -9999 -9999 -9999 -9999 -9999 -9999 -9999 -9999 -9999 -9999 -9999 -9999 -9999 -9999 -9999 -9999 -9999 -9999 -9999 -9999 -9999 -9999 -9999 -9999 -9999 -9999 -9999 -9999 -9999 -9999 -9999 -9999 -9999 -9999 -9999 -9999 -9999 -9999 -9999 -9999 -9999 -9999 -9999 -9999 -9999 -9999 -9999 -9999 -9999 -9999 -9999 -9999 -9999 -9999 -9999 -9999
-9999 -9999 -9999 -9999 -9999 -9999 -9999 -9999 -9999 -9999 -9999 -9999 -9999 -9999 -9999 -9999 -9999 -9999 -9999 -9999 -9999 -9999 -9999 -9999 -9999 -9999 -9999 -9999 -9999 -9999 -9999 -9999 -9999 -9999 -9999 -9999 -9999 -9999 -9999 -9999 -9999 -9999 -9999 -9999 -9999 -9999 -9999 -9999 -9999 -9999 -9999 -9999 -9999 -9999 -9999 -9999 -9999 -9999 -9999 -9999 -9999 -9999 -9999 -9999 -9999 -9999 -9999 -9999 -9999 -9999 -9999 -9999 -9999
-9999 -9999 -9999 -9999 -9999 -9999 -9999 -9999 -9999 -9999 -9999 -9999 -9999 -9999 -9999 -9999 -9999 -9999 -9999 -9999 -9999 -9999 -9999 -9999 -9999 -9999 -9999 -9999 -9999 -9999 -9999 -9999 -9999 -9999 -9999 -9999 -9999 -9999 -9999 -9999 -9999 -9999 -9999 -9999 -9999 -9999 -9999 -9999 -9999 -9999 -9999 -9999 -9999 -9999 -9999 -9999 -9999 -9999 -9999 -9999 -9999 -9999 -9999 -9999 -9999 -9999 -9999 -9999 -9999 -9999 -9999 -9999 -9999
-9999 -9999 -9999 -9999 -9999 -9999 -9999 -9999 -9999 -9999 -9999 -9999 -9999 -9999 -9999 -9999 -9999 -9999 -9999 -9999 -9999 -9999 -9999 -9999 -9999 -9999 -9999 -9999 -9999 -9999 -9999 -9999 -9999 -9999 -9999 -9999 -9999 -9999 -9999 -9999 -9999 -9999 -9999 -9999 -9999 -9999 -9999 -9999 -9999 -9999 -9999 -9999 -9999 -9999 -9999 -9999 -9999 -9999 -9999 -9999 -9999 -9999 -9999 -9999 -9999 -9999 -9999 -9999 -9999 -9999 -9999 -9999 -9999
-9999 -9999 -9999 -9999 -9999 -9999 -9999 -9999 -9999 -9999 -9999 -9999 -9999 -9999 -9999 -9999 -9999 -9999 -9999 -9999 -9999 -9999 -9999 -9999 -9999 -9999 -9999 -9999 -9999 -9999 -9999 -9999 -9999 -9999 -9999 -9999 -9999 -9999 -9999 -9999 -9999 -9999 -9999 -9999 -9999 -9999 -9999 -9999 -9999 -9999 -9999 -9999 -9999 -9999 -9999 -9999 -9999 -9999 -9999 -9999 -9999 -9999 -9999 -9999 -9999 -9999 -9999 -9999 -9999 -9999 -9999 -9999 -9999
-9999 -9999 -9999 -9999 2.40540 -9999 -9999 -9999 -9999 -9999 -9999 -9999 -9999 -9999 -9999 -9999 -9999 -9999 -9999 -9999 -9999 -9999 -9999 -9999 -9999 -9999 -9999 -9999 -9999 -9999 -9999 -9999 -9999 -9999 -9999 -9999 -9999 -9999 -9999 -9999 -9999 -9999 -9999 -9999 -9999 -9999 -9999 -9999 -9999 -9999 -9999 -9999 -9999 -9999 -9999 -9999 -9999 -9999 -9999 -9999 -9999 -9999 -9999 -9999 -9999 -9999 -9999 -9999 -9999 -9999 -9999 -9999 -9999
2.17770 2.03994 1.83496 2.13775 2.14966 2.45271 2.59624 2.70388 3.19435 3.47259 2.52449 3.09275 2.71273 2.69791 3.06762 2.87793 3.71000 3.66852 4.13515 3.86664 -9999 -9999 -9999 -9999 -9999 -9999 -9999 -9999 -9999 -9999 -9999 -9999 -9999 -9999 -9999 -9999 -9999 -9999 -9999 -9999 -9999 -9999 -9999 -9999 -9999 -9999 -9999 -9999 -9999 -9999 -9999 -9999 -9999 -9999 -9999 -9999 -9999 -9999 -9999 -9999 -9999 -9999 -9999 -9999 -9999 -9999 -9999 -9999 -9999 -9999 -9999 -9999 -9999
-9999 -9999 3.89241 4.23293 5.00838 5.10745 5.95192 5.84941 7.02931 7.20602 3.26510 3.71993 2.80510 2.88398 6.45273 6.76220 6.53309 6.65399 5.87108 5.53925 -9999 -9999 -9999 -9999 -9999 -9999 -9999 -9999 -9999 -9999 -9999 -9999 -9999 -9999 -9999 -9999 -9999 -9999 -9999 -9999 -9999 -9999 -9999 -9999 -9999 -9999 -9999 -9999 -9999 -9999 -9999 -9999 -9999 -9999 -9999 -9999 -9999 -9999 -9999 -9999 -9999 -9999 -9999 -9999 -9999 -9999 -9999 -9999 -9999 -9999 -9999 -9999 -9999
1.40637 1.52929 2.85185 3.18051 3.95411 4.10026 4.64021 4.97854 5.43712 5.52615 2.21684 2.55642 2.46375 2.58745 6.01169 6.12485 5.42619 5.62305 4.71805 4.40778 4.10421 3.99810 2.45076 2.27352 2.70004 2.40960 -9999 -9999 -9999 -9999 -9999 -9999 -9999 -9999 -9999 -9999 -9999 -9999 -9999 -9999 -9999 -9999 -9999 -9999 -9999 -9999 -9999 -9999 -9999 -9999 -9999 -9999 -9999 -9999 -9999 -9999 -9999 -9999 -9999 -9999 -9999 -9999 -9999 -9999 -9999 -9999 -9999 -9999 -9999 -9999 -9999 -9999 -9999
2.66062 2.87770 3.65270 3.86749 4.94718 5.47409 5.71856 5.79953 3.45679 4.17626 4.66979 5.07466 5.94484 6.29005 5.53404 5.74616 6.48825 6.73100 5.32195 5.28846 3.60429 3.04630 2.82069 2.44692 3.78139 3.71720 2.45279 2.33588 1.72314 1.60152 1.21156 1.20536 1.92958 1.98564 2.82654 2.85916 2.83002 2.78292 1.92076 1.87339 1.58767 -9999 -9999 -9999 -9999 -9999 -9999 -9999 -9999 -9999 -9999 -9999 -9999 -9999 -9999 -9999 -9999 -9999 -9999 -9999 -9999 -9999 -9999 -9999 -9999 -9999 -9999 -9999 -9999 -9999 -9999 -9999 -9999
2.46119 2.80619 3.69129 3.70712 4.76129 4.65845 4.45374 4.84823 2.64128 2.74630 3.22965 3.97526 4.99321 5.08792 3.90288 4.37581 5.69726 5.88556 4.99051 5.31244 3.90341 3.50157 2.62377 2.11564 3.40787 3.24535 2.41602 2.68555 1.38753 1.40675 1.00025 0.88548 1.79516 1.83790 2.59362 2.47448 2.52721 2.42902 1.83480 1.88804 1.62322 1.61357 -9999 -9999 -9999 -9999 -9999 -9999 -9999 -9999 -9999 -9999 -9999 -9999 -9999 -9999 -9999 -9999 -9999 -9999 -9999 -9999 -9999 -9999 -9999 -9999 -9999 -9999 -9999 -9999 -9999 -9999 -9999
5.08359 6.05776 5.90906 5.60029 5.10649 5.00301 5.96242 5.68122 5.75297 5.49049 5.29208 5.40896 4.50582 4.83429 4.30351 4.50622 5.15433 5.11142 3.52074 3.72596 3.87424 3.75434 1.76444 2.21728 2.73177 2.37334 1.75908 2.00560 1.35465 1.18966 0.66897 0.66096 1.52358 1.55561 1.39710 1.40770 2.35538 2.48743 0.75160 0.65675 0.72607 0.62428 -9999 -9999 -9999 -9999 -9999 -9999 -9999 -9999 -9999 -9999 -9999 -9999 -9999 -9999 -9999 2.30780 1.55599 -9999 -9999 -9999 -9999 3.68793 3.98580 5.53387 4.66890 2.72813 1.52290 1.23835 2.91054 3.29434 3.15107
4.33207 5.07207 4.96233 3.99796 3.54638 4.25791 5.31948 5.64746 4.38695 4.36250 4.54579 4.95910 4.62930 4.34507 3.74234 3.69866 3.72052 3.84987 2.68261 3.09707 3.22383 2.60266 0.96078 1.13147 2.17691 2.25880 1.61876 1.55899 1.21594 1.06456 0.79308 0.74921 1.21708 1.05186 1.08384 1.26349 1.99101 1.88638 0.47864 0.44354 0.45792 0.47530 1.99317 1.91621 1.30860 1.56091 1.09253 1.56434 2.09735 2.26065 4.26699 3.60031 4.11517 4.10798 2.07648 2.02577 2.21276 2.28306 1.55484 -9999 -9999 -9999 -9999 -9999 2.78934 3.34786 3.58026 3.92390 3.00408 2.50390 4.16590 3.84702 3.71693
5.09045 6.00162 5.39514 4.29344 3.32816 3.20749 4.47931 4.12644 2.93266 3.11807 2.20981 2.34784 3.18398 3.49811 2.86452 2.50041 3.45572 4.26395 2.68982 2.75336 1.51115 1.47414 1.51727 1.66355 1.35195 1.40351 1.69252 1.49277 1.16506 1.07810 0.92382 1.22404 0.72433 0.44289 0.44683 0.32717 1.12335 1.03728 0.43938 0.44167 0.54024 0.62679 1.26386 1.27677 1.13946 1.35295 0.69326 0.99606 1.46188 1.09414 3.34347 4.58836 6.18234 4.71795 5.57306 5.80122 6.04840 4.92845 4.17081 4.82514 3.77642 3.13001 3.05854 3.22678 1.97645 2.14177 1.51408 1.75100 3.81014 3.10403 3.26709 4.56455 7.84970
3.99509 6.25421 6.83854 5.29634 3.85803 3.96801 3.28995 3.24929 2.47557 2.63373 1.87579 1.97306 2.76812 2.25453 2.19656 2.26106 2.32927 3.19139 2.53634 2.48645 1.35978 1.43973 1.09946 1.36044 0.93812 1.07941 1.09016 0.75246 0.43503 0.36900 0.50402 0.82439 0.52238 0.30613 0.37777 0.39410 0.69637 0.49384 0.29566 0.54096 0.64619 0.41529 0.80001 1.02465 1.17636 1.36932 0.19656 0.25557 0.98749 0.85829 2.66804 3.07268 4.54694 5.49535 6.36318 5.83196 6.54021 6.69480 5.85821 7.32824 5.52117 3.79373 3.30927 2.89462 1.69316 1.68378 1.09510 1.75604 4.44150 4.74710 3.69782 4.45348 8.66076
5.81650 2.38136 2.82690 2.20366 2.73296 3.33115 2.68912 1.62922 1.45679 1.49706 1.16176 1.04985 1.20186 1.06826 1.24226 1.26317 1.70731 3.01155 2.44496 2.03031 1.50103 1.17257 1.10818 0.95878 1.16804 1.21937 2.23830 2.19874 2.62406 2.69059 1.70517 1.46235 0.38520 0.37177 0.30721 0.48974 0.61955 0.77783 0.95433 0.96026 2.28544 2.25114 1.56870 0.86745 0.80483 0.72432 1.32324 1.65315 2.07423 2.31323 0.99349 1.15622 3.23114 3.08909 3.81855 5.18413 6.36425 6.77160 5.91563 7.00606 7.55024 6.79797 3.56881 2.97834 2.47173 2.38960 3.11910 3.49867 3.53600 3.51921 5.22699 6.65065 8.26950
6.73990 6.73224 3.21063 2.20684 2.44081 2.89835 3.68755 2.03638 4.00266 3.52996 2.28142 1.53983 1.43948 1.41743 1.23175 1.01749 1.35249 2.23150 1.87913 1.64394 1.11394 1.08138 0.88934 0.79764 1.00042 1.18203 1.49327 1.76263 2.42528 2.10489 1.78323 1.94519 0.75513 0.88247 0.48754 0.52438 0.95938 1.34254 1.35003 1.07405 1.74121 1.88691 1.82257 1.76058 1.12953 0.76959 1.07049 1.56235 1.99915 2.05965 0.86444 0.53307 3.11554 4.21541 5.38468 7.23829 6.35744 5.76881 4.85308 4.80034 6.17623 6.66526 5.87244 3.77819 4.89130 3.07069 3.28169 3.09794 2.35062 1.29598 2.01278 4.79206 6.07804
6.65708 7.51762 9.18772 6.18520 2.83073 2.31442 2.89013 1.77481 2.35533 4.48229 5.95726 7.06020 3.17033 2.26395 1.25717 0.82897 0.54191 0.52610 0.68928 0.69833 0.49190 0.61050 0.89853 0.89319 1.72952 1.89815 2.67241 3.01365 3.46960 4.19548 1.93707 1.95396 0.73989 0.92407 1.10565 1.29915 1.14155 0.78268 1.43692 1.53867 1.37161 1.22302 1.48657 1.03929 1.43554 1.23139 1.32531 1.18214 0.79982 0.98317 0.62547 0.67804 1.24186 1.42052 1.82538 2.61659 4.16422 5.76515 5.22296 4.83568 4.83566 4.21959 4.18922 4.25376 2.55139 2.76620 2.86632 2.47053 2.55979 1.57729 2.21534 3.85333 5.86115
8.74328 9.09424 9.16917 8.32136 5.72556 4.65159 4.59835 2.84183 0.92153 1.81661 2.15186 3.91463 4.28248 4.20177 4.82369 3.76190 2.63014 1.62832 1.00027 0.75507 0.50342 0.55695 0.82540 0.95706 1.67195 1.76336 3.37171 4.00553 3.64051 5.52649 2.63697 2.59833 1.22980 1.23685 1.01896 1.14357 1.23164 1.27585 1.62567 1.50945 1.45682 1.68086 1.55908 1.70736 2.40650 2.13878 1.72623 1.61859 1.80722 1.61440 1.48502 1.54675 2.22052 2.21941 2.63231 1.48098 3.55626 5.30604 4.79265 4.80477 4.50796 3.62244 3.95775 4.02880 2.66216 1.93683 1.98685 1.87159 1.44433 1.38250 2.21784 4.75243 4.58482
11.03370 9.94154 7.93489 7.95491 6.17822 4.75824 5.10482 2.93098 3.14933 3.13709 2.70054 2.10635 2.84127 3.19367 2.40789 3.46734 4.36331 4.39919 3.53578 2.85421 1.76302 1.06687 0.98031 1.01068 1.46776 2.27024 2.65277 2.46973 1.20714 1.27565 0.87468 0.71103 1.45633 0.41558 0.82020 1.15838 1.72780 1.28168 0.62165 0.30475 0.81865 1.17949 3.39175 3.64783 5.08401 4.43112 4.60908 5.66794 3.41476 2.79708 1.82151 2.39722 2.24756 2.71814 2.64107 3.43000 2.45660 2.04290 3.03611 2.52810 3.21281 3.21943 2.06848 1.46101 1.76887 1.60668 1.49769 1.41274 1.14829 1.20717 3.00601 4.30672 1.75982
8.79685 8.55798 6.84046 7.64422 5.65958 5.52706 6.04989 3.71322 2.63375 5.63078 4.86800 3.71388 6.11227 5.45298 5.56626 1.10299 3.68731 4.33433 5.70101 5.37598 4.71519 1.30594 1.08292 0.95520 1.12190 1.60704 2.12529 1.90227 1.29691 1.31008 0.46668 0.41107 0.25809 0.38144 0.96241 0.91223 1.15708 1.38138 2.25696 0.97534 1.17047 1.89122 1.82241 1.83493 3.59787 4.47964 5.22856 5.64603 3.18562 2.54787 1.62468 1.54936 2.16844 2.33982 3.05743 3.29276 2.01003 1.82185 2.05829 1.88986 3.15528 3.66312 0.88049 0.55353 1.10553 1.16583 0.93473 1.02695 1.34551 1.00617 2.30934 2.27671 1.29286
7.43930 6.67194 4.08572 4.01657 4.04791 4.22493 3.28187 3.35145 3.29795 3.65232 5.16107 4.44174 7.75429 8.07849 4.47245 5.47948 3.67583 2.88042 4.04200 4.45682 2.97401 2.73563 1.20283 0.37447 0.63204 0.74009 1.48509 1.46411 1.01219 0.91691 0.95190 1.08284 1.31836 1.16822 0.85889 1.05352 1.20931 1.58982 1.88084 1.72054 1.69501 1.21637 1.05732 0.93209 2.96758 3.52191 5.23603 6.19042 4.15957 3.37881 0.49826 0.84072 1.18739 1.19719 1.05978 0.93712 2.85440 2.01667 0.75137 0.62831 0.49709 0.33955 0.98181 0.84167 1.38825 1.62305 0.89504 0.36625 1.27751 0.98103 0.82792 0.93735 1.40922
7.97964 7.82440 4.02403 3.12562 3.16058 2.60758 1.99218 1.67145 3.28528 4.38455 4.94235 4.15443 5.38250 6.41056 3.83979 4.04993 5.36873 4.63048 4.11463 2.95574 2.09825 2.52582 2.21649 1.58758 1.03585 0.94977 1.91640 2.30080 0.94069 1.00045 0.79667 0.87598 0.75132 1.29784 1.14220 2.09996 1.35951 2.92456 4.01764 2.02298 1.45230 3.47764 3.11000 1.81259 3.27745 3.55214 4.33048 4.94771 3.56237 2.14603 0.37051 0.36666 0.99899 1.04700 0.79833 0.90246 1.31506 1.87061 0.58247 0.55860 0.39869 0.34995 1.00624 0.81507 1.23925 1.31509 0.28057 0.79051 1.26470 1.56919 0.88314 1.02878 2.18586
9.17203 8.89031 8.00239 7.19279 4.64194 3.72712 4.38267 4.86048 3.53879 3.94004 5.04611 3.81287 1.69700 1.54281 5.74449 6.70177 6.69193 6.53109 2.59142 2.36890 2.84142 2.65155 1.82739 1.35215 1.97539 1.53981 1.64976 1.93843 1.23974 1.87457 1.22470 2.15682 2.44873 2.03793 2.71216 4.62252 3.22993 2.90153 2.98618 3.40958 2.80995 2.05390 1.76203 1.33338 0.94399 1.09752 1.71842 2.36753 2.15491 2.20732 0.92041 0.94692 1.14522 1.13180 0.32599 0.28615 0.61559 0.47575 0.60389 0.80396 1.34163 1.36035 1.63687 1.52208 1.31103 1.31771 1.77020 2.31212 1.99705 1.49638 1.26055 1.05477 2.00234
9.24176 7.96005 10.01010 6.95270 4.85697 3.60147 4.84074 4.26624 2.39529 2.76832 2.73921 4.49985 2.62405 2.34443 6.33775 5.43876 5.35232 4.88858 3.78359 2.48389 2.84913 2.53241 1.64400 1.94504 3.41503 2.04259 1.74686 1.23783 1.80617 1.40367 1.20735 2.10579 2.84195 2.12688 2.53019 3.53699 3.93720 4.16424 2.65382 2.89220 1.77390 1.88420 1.43751 1.41779 0.39921 0.66244 1.62983 1.59656 1.44706 1.54101 0.76783 0.65635 0.87762 0.82102 0.26491 0.26947 0.34016 0.33447 0.42953 0.64096 1.19794 1.30872 3.03117 2.32599 2.22251 1.95946 1.75614 1.42129 1.29012 1.26790 1.25396 1.37827 3.89272
8.31616 6.26367 7.85109 8.75910 7.00275 5.25633 5.29825 5.12204 2.97760 3.39831 1.80474 2.38091 3.83084 2.76543 5.17617 4.54654 5.40261 5.32387 2.38834 3.27026 3.17528 2.37485 1.35032 1.09352 1.58376 1.52299 1.15334 1.34712 0.74315 0.89818 1.00185 1.41643 3.63188 3.93345 2.09211 2.87810 4.85612 6.04809 3.33591 3.21578 2.80468 1.81295 1.14278 0.77629 0.29397 0.25196 0.45140 0.41494 0.14863 0.15880 0.36579 0.53700 0.20699 0.20968 0.04287 0.02701 0.44379 0.47057 1.32072 1.32869 3.66703 4.84481 4.23263 3.47996 2.87662 2.68145 0.73538 0.70645 1.87793 1.89061 3.37461 3.12767 2.78395
7.05271 6.40689 9.41866 7.99974 9.57358 6.56986 6.68346 7.36230 5.58140 4.65274 3.22975 4.60023 3.65647 2.33253 6.26018 5.80407 4.43074 4.47255 2.53341 3.30277 4.37288 2.61751 1.39403 1.34405 2.00189 1.69111 2.00314 2.27704 1.35114 1.07349 1.20578 1.51212 4.04530 3.85001 2.35623 2.23643 3.78595 4.17059 3.07091 2.17917 1.58126 0.96028 0.28876 0.33101 0.25088 0.29825 0.61219 0.42769 -9999 -9999 0.30827 0.27099 0.11753 0.12923 0.02866 0.03120 0.39461 0.71181 1.50527 2.41102 5.29173 5.25065 3.31316 3.87150 2.87106 3.06458 1.10394 0.82492 2.05531 1.75411 2.99201 2.13619 2.18161
7.14741 7.93311 6.76291 5.88992 6.51097 6.28081 6.20877 5.66100 7.40421 7.71113 6.84740 6.81361 7.92662 7.13441 4.29964 3.22862 2.46666 3.12394 2.47973 2.12009 2.93915 3.42927 3.55050 2.66500 3.88696 2.96234 1.76379 1.66288 1.20304 0.85696 3.22871 4.03903 5.81907 5.77616 4.55505 3.39291 1.94172 -9999 -9999 -9999 -9999 0.33723 -9999 0.93328 3.01564 1.92804 1.39328 0.55334 -9999 -9999 0.21988 0.21614 0.20546 0.21575 0.03230 0.03171 0.39698 0.45147 1.80862 2.16762 3.10481 2.92490 2.44066 4.79527 2.99629 2.47707 0.67440 0.48368 0.91275 0.79643 -9999 -9999 -9999
6.43669 7.56945 5.54585 3.95549 6.64939 5.86529 3.35301 3.53993 5.56856 5.95620 6.39911 6.57627 7.78686 5.29749 3.04809 3.56401 3.69081 3.28129 3.53153 2.27069 3.19255 3.29614 2.85097 2.45774 3.23968 3.29410 1.94403 1.84120 1.15932 1.28518 4.36096 3.95345 6.68423 4.74767 3.16050 -9999 -9999 -9999 -9999 -9999 -9999 -9999 0.95352 1.02305 1.62840 -9999 -9999 -9999 -9999 -9999 0.22952 0.21696 0.40307 0.30043 0.03825 0.05116 0.39504 0.47259 1.19277 1.36749 1.75771 2.55314 1.20838 1.19400 1.58876 1.98907 0.50697 0.28831 -9999 -9999 -9999 -9999 -9999
4.53187 4.09790 2.66868 2.18617 2.24445 3.11660 1.84284 1.08779 1.21239 1.16609 3.63337 2.52367 1.50726 1.19279 1.37522 1.76552 1.10897 1.34037 1.47300 1.45371 2.19661 3.61754 2.13610 1.83421 1.89757 1.72682 2.68522 2.55780 2.30844 2.85502 2.15092 1.40252 3.40113 1.95589 -9999 -9999 -9999 -9999 -9999 -9999 -9999 -9999 -9999 0.57395 -9999 -9999 -9999 -9999 0.98711 1.03445 0.20441 0.23063 0.04741 0.02649 0.21432 0.23282 0.32414 0.32254 1.07110 1.13008 1.93196 3.04183 1.95695 2.34455 1.38057 -9999 -9999 -9999 -9999 -9999 -9999 -9999 -9999
