data/hydroclimate-scenarios/BCSD_hadcm_A1B/monthly_summaries/swe_monthly_day1_may.2070-2099.asc
ncols	311
nrows	91
xllcenter	102.75
yllcenter	31.75
cellsize	0.5
NODATA_value	-9999
[rows 0 to 31 of 91, columns 72 to 143 of 311]
-9999 -9999 -9999 -9999 -9999 -9999 -9999 -9999 -9999 -9999 -9999 -9999 -9999 -9999 -9999 -9999 -9999 -9999 -9999 -9999 -9999 -9999 -9999 -9999 -9999 -9999 -9999 -9999 -9999 -9999 -9999 -9999 -9999 -9999 -9999 -9999 -9999 -9999 -9999 -9999 -9999 -9999 -9999 -9999 -9999 -9999 -9999 -9999 -9999 -9999 -9999 -9999 -9999 -9999 -9999 -9999 -9999 -9999 -9999 -9999 -9999 -9999 -9999 -9999 -9999 -9999 -9999 -9999 -9999 -9999 -9999 -9999
-9999 -9999 -9999 -9999 -9999 -9999 -9999 -9999 -9999 -9999 -9999 -9999 -9999 -9999 -9999 -9999 -9999 -9999 -9999 -9999 -9999 -9999 -9999 -9999 -9999 -9999 -9999 -9999 -9999 -9999 -9999 -9999 -9999 -9999 -9999 -9999 -9999 -9999 -9999 -9999 -9999 -9999 -9999 -9999 -9999 -9999 -9999 -9999 -9999 -9999 -9999 -9999 -9999 -9999 -9999 -9999 -9999 -9999 -9999 -9999 -9999 -9999 -9999 -9999 -9999 -9999 -9999 -9999 -9999 -9999 -9999 -9999
-9999 -9999 -9999 -9999 -9999 -9999 -9999 -9999 -9999 -9999 -9999 -9999 -9999 -9999 -9999 -9999 -9999 -9999 -9999 -9999 -9999 -9999 -9999 -9999 -9999 -9999 -9999 -9999 -9999 -9999 -9999 -9999 -9999 -9999 -9999 -9999 -9999 -9999 -9999 -9999 -9999 -9999 -9999 -9999 -9999 -9999 -9999 -9999 -9999 -9999 -9999 -9999 -9999 -9999 -9999 -9999 -9999 -9999 -9999 -9999 -9999 -9999 -9999 -9999 -9999 -9999 -9999 -9999 -9999 -9999 -9999 -9999
-9999 -9999 -9999 -9999 -9999 -9999 -9999 -9999 -9999 -9999 -9999 -9999 -9999 -9999 -9999 -9999 -9999 -9999 -9999 -9999 -9999 -9999 -9999 -9999 -9999 -9999 -9999 -9999 -9999 -9999 -9999 -9999 -9999 -9999 -9999 -9999 -9999 -9999 -9999 -9999 -9999 -9999 -9999 -9999 -9999 -9999 -9999 -9999 -9999 -9999 -9999 -9999 -9999 -9999 -9999 -9999 -9999 -9999 -9999 -9999 -9999 -9999 -9999 -9999 -9999 -9999 -9999 -9999 -9999 -9999 -9999 -9999
-9999 -9999 -9999 -9999 -9999 -9999 -9999 -9999 -9999 -9999 -9999 -9999 -9999 -9999 -9999 -9999 -9999 -9999 -9999 -9999 -9999 -9999 -9999 -9999 -9999 -9999 -9999 -9999 -9999 -9999 -9999 -9999 -9999 -9999 -9999 -9999 -9999 -9999 -9999 -9999 -9999 -9999 -9999 -9999 -9999 -9999 -9999 -9999 -9999 -9999 -9999 -9999 -9999 -9999 -9999 -9999 -9999 -9999 -9999 -9999 -9999 -9999 -9999 -9999 -9999 -9999 -9999 -9999 -9999 -9999 -9999 -9999
-9999 -9999 -9999 -9999 -9999 -9999 -9999 -9999 -9999 -9999 -9999 -9999 -9999 -9999 -9999 -9999 -9999 -9999 -9999 -9999 -9999 -9999 -9999 -9999 -9999 -9999 -9999 -9999 -9999 -9999 -9999 -9999 -9999 -9999 -9999 -9999 -9999 -9999 -9999 -9999 -9999 -9999 -9999 -9999 -9999 -9999 -9999 -9999 -9999 -9999 -9999 -9999 -9999 -9999 -9999 -9999 -9999 -9999 -9999 -9999 -9999 -9999 -9999 -9999 -9999 -9999 -9999 -9999 -9999 -9999 -9999 -9999
-9999 -9999 -9999 -9999 -9999 -9999 -9999 -9999 -9999 -9999 -9999 -9999 -9999 -9999 -9999 -9999 -9999 -9999 -9999 -9999 -9999 -9999 -9999 -9999 -9999 -9999 -9999 -9999 -9999 -9999 -9999 -9999 -9999 -9999 -9999 -9999 -9999 -9999 -9999 -9999 -9999 -9999 -9999 -9999 -9999 -9999 -9999 -9999 -9999 -9999 -9999 -9999 -9999 -9999 -9999 -9999 -9999 -9999 -9999 -9999 -9999 -9999 -9999 -9999 -9999 -9999 -9999 -9999 -9999 -9999 -9999 -9999
-9999 -9999 -9999 -9999 -9999 -9999 -9999 -9999 -9999 -9999 -9999 -9999 -9999 -9999 -9999 -9999 -9999 -9999 -9999 -9999 -9999 -9999 -9999 -9999 -9999 -9999 -9999 -9999 -9999 -9999 -9999 -9999 -9999 -9999 -9999 -9999 -9999 -9999 -9999 -9999 -9999 -9999 -9999 -9999 -9999 -9999 -9999 -9999 -9999 -9999 -9999 -9999 -9999 -9999 -9999 -9999 -9999 -9999 -9999 -9999 -9999 -9999 -9999 -9999 -9999 -9999 -9999 -9999 -9999 -9999 -9999 -9999
-9999 -9999 -9999 -9999 -9999 94.86560 -9999 -9999 -9999 -9999 -9999 -9999 -9999 -9999 -9999 -9999 -9999 -9999 -9999 -9999 -9999 -9999 -9999 -9999 -9999 -9999 -9999 -9999 -9999 -9999 -9999 -9999 -9999 -9999 -9999 -9999 -9999 -9999 -9999 -9999 -9999 -9999 -9999 -9999 -9999 -9999 -9999 -9999 -9999 -9999 -9999 -9999 -9999 -9999 -9999 -9999 -9999 -9999 -9999 -9999 -9999 -9999 -9999 -9999 -9999 -9999 -9999 -9999 -9999 -9999 -9999 -9999
-9999 103.39200 82.50530 85.72270 93.68990 96.49920 110.74800 116.35000 132.46700 140.69800 147.53300 157.73801 163.43800 166.28700 166.63300 174.34300 173.76801 173.25999 172.86501 171.00700 168.53300 -9999 -9999 -9999 -9999 -9999 -9999 -9999 -9999 -9999 -9999 -9999 -9999 -9999 -9999 -9999 -9999 -9999 -9999 -9999 -9999 -9999 -9999 -9999 -9999 -9999 -9999 -9999 -9999 -9999 -9999 -9999 -9999 -9999 -9999 -9999 -9999 -9999 -9999 -9999 -9999 -9999 -9999 -9999 -9999 -9999 -9999 -9999 -9999 -9999 -9999 -9999
-9999 -9999 -9999 97.61340 106.01000 118.17500 121.62700 137.51801 143.78500 151.98900 164.11200 171.56599 175.58200 182.40900 188.49899 195.50800 192.89999 197.84900 199.04100 194.72200 191.67799 -9999 -9999 -9999 -9999 -9999 -9999 -9999 -9999 -9999 -9999 -9999 -9999 -9999 -9999 -9999 -9999 -9999 -9999 -9999 -9999 -9999 -9999 -9999 -9999 -9999 -9999 -9999 -9999 -9999 -9999 -9999 -9999 -9999 -9999 -9999 -9999 -9999 -9999 -9999 -9999 -9999 -9999 -9999 -9999 -9999 -9999 -9999 -9999 -9999 -9999 -9999
88.65900 90.24590 94.46650 103.50300 108.17000 120.44400 127.98900 137.33900 143.95700 159.53400 166.54900 171.29900 179.96001 189.29300 190.57500 198.59700 204.89200 204.41000 205.08099 202.33800 202.08800 189.21001 185.48000 177.82500 176.48399 169.53400 165.29601 -9999 -9999 -9999 -9999 -9999 -9999 -9999 -9999 -9999 -9999 -9999 -9999 -9999 -9999 -9999 -9999 -9999 -9999 -9999 -9999 -9999 -9999 -9999 -9999 -9999 -9999 -9999 -9999 -9999 -9999 -9999 -9999 -9999 -9999 -9999 -9999 -9999 -9999 -9999 -9999 -9999 -9999 -9999 -9999 -9999
89.01930 88.17040 90.38030 104.47000 116.91900 122.91500 133.16901 138.82500 149.51300 162.14700 167.86700 183.63000 192.10600 198.18800 212.04900 210.08900 209.38200 217.40900 220.99899 212.73399 207.03900 203.16701 199.24800 193.61800 182.48500 180.57600 171.23801 166.13400 159.21001 148.95300 146.07800 142.62399 139.03200 126.19100 122.22300 116.39400 114.45500 105.29300 101.41200 96.17760 98.18370 101.01700 -9999 -9999 -9999 -9999 -9999 -9999 -9999 -9999 -9999 -9999 -9999 -9999 -9999 -9999 -9999 -9999 -9999 -9999 -9999 -9999 -9999 -9999 -9999 -9999 -9999 -9999 -9999 -9999 -9999 -9999
85.43400 82.41580 86.41550 104.45400 110.80000 112.42500 123.27400 134.96001 146.29601 162.85699 172.54601 187.59801 196.61099 205.46899 212.19600 212.70000 217.39799 218.05000 223.75800 221.59599 210.54601 202.48100 198.71800 191.99200 186.87700 179.50101 177.20399 172.10400 168.87399 162.36501 158.90500 140.03400 132.67700 128.51700 124.02900 125.42300 117.96300 105.56300 102.35700 100.10700 99.98230 104.15900 102.79700 -9999 -9999 -9999 -9999 -9999 -9999 -9999 -9999 -9999 -9999 -9999 -9999 -9999 -9999 -9999 -9999 -9999 -9999 -9999 -9999 -9999 -9999 -9999 -9999 -9999 -9999 -9999 -9999 -9999
86.75110 80.97660 86.60360 91.61170 95.08310 106.05900 112.06800 136.36200 145.07001 162.34000 170.00999 190.47800 197.22400 212.43600 220.09801 218.47301 217.10001 213.56799 220.02901 216.87500 215.48300 207.39600 206.41600 199.26300 193.66200 191.39799 188.84399 185.03600 173.05400 163.64500 156.38200 157.98000 154.94501 145.28400 140.94400 135.50400 126.95900 121.08400 118.51400 119.30800 116.48000 116.38100 116.37200 -9999 -9999 -9999 -9999 -9999 -9999 -9999 -9999 -9999 -9999 -9999 -9999 -9999 -9999 -9999 131.03300 134.59599 -9999 -9999 -9999 -9999 136.18700 145.08400 149.47099 147.12700 150.98500 151.87300 165.15401 169.88400
79.69010 81.13830 83.26500 87.15840 94.67290 94.04580 104.77000 131.66100 138.40900 153.82899 167.84000 185.86700 201.39900 214.13200 214.66701 214.51801 212.80701 209.97800 212.08099 212.93100 213.03300 210.70000 203.89101 198.56400 196.48700 199.08701 197.47800 193.98500 186.06200 174.48599 166.16600 168.65401 161.77100 154.29201 152.85400 141.40100 134.41901 128.23300 127.77400 126.96200 123.70800 123.99800 123.96500 115.02600 115.29500 125.14700 126.44100 126.42800 129.80499 132.49899 132.98801 135.18201 141.24500 142.50301 143.02699 144.04300 148.81599 145.75500 149.86000 151.18201 -9999 -9999 -9999 -9999 -9999 161.56100 160.94800 162.99400 170.34300 181.39000 184.62900 199.47900
79.25910 78.02530 83.37300 90.12450 95.76810 103.44300 112.65200 116.35800 124.24600 132.03300 148.08501 183.89700 198.19701 201.59801 209.56100 216.30400 214.20900 211.06599 207.70200 207.26700 208.83299 201.35400 198.96300 200.29100 200.87000 197.72800 199.05800 195.89200 191.53700 188.52200 181.28900 180.94099 177.60400 173.57201 164.89400 155.43900 153.98399 150.64999 147.57100 145.63200 145.92700 142.83299 142.72400 143.27699 140.10201 140.94901 141.96500 144.05099 147.23399 151.03700 151.71600 156.09900 154.08099 158.92300 161.51199 156.89000 156.81900 158.73599 163.80901 168.11200 171.36301 172.92999 172.77499 173.47301 176.22000 181.52901 183.89900 186.04100 190.40300 200.40900 209.21500 218.36501
83.29190 76.58990 79.51940 92.64340 92.81190 101.35000 107.14200 114.88500 123.92200 123.87800 144.77901 174.38200 194.08600 199.06599 212.25101 208.82001 210.21700 207.88699 203.89799 202.36200 201.77901 200.18700 203.47900 205.58000 203.15800 202.77100 204.50999 203.33400 199.59599 198.43700 195.77499 189.85800 188.48599 181.17400 172.00600 166.78000 163.01700 157.61000 157.40199 155.62900 154.38000 153.86800 152.11400 150.81500 149.33200 150.69901 153.07700 155.14999 157.33600 160.11501 163.88100 164.10699 175.60001 175.17799 176.37700 169.14600 174.34399 176.28799 178.18700 178.72000 193.05499 191.57500 195.84900 190.99500 194.84100 194.37000 187.56100 190.77100 205.72701 216.47600 223.39799 238.98199
88.41310 83.49610 86.70230 88.49540 96.11590 101.35700 107.81000 112.52900 118.02800 137.39799 150.27000 165.36700 180.16000 186.05600 197.60600 200.33200 200.52299 197.36600 192.35201 197.23399 205.01199 201.65100 210.71100 210.97301 205.75500 204.39600 211.20799 214.49899 212.08200 211.38100 210.30901 201.86301 194.44701 188.68401 182.47400 174.32899 172.17300 166.32899 162.44099 156.00301 154.99400 164.87801 162.66600 160.20900 157.39700 154.02499 154.91100 161.69400 165.03101 171.61301 177.24500 181.38901 184.94200 184.79700 189.85100 187.92101 192.00999 192.21100 195.15500 195.21001 202.82001 199.96201 213.06700 218.59700 215.08900 213.46500 214.09801 211.12199 214.03400 222.25000 233.17500 238.07100
85.22910 83.72170 83.12480 89.19570 88.16240 93.63750 101.06700 102.17000 106.54600 132.27200 141.25700 147.86600 160.78799 170.07401 181.85699 184.70700 192.31799 193.86400 192.87700 198.32600 198.76100 204.71700 207.16299 212.88901 203.61501 202.74001 199.34399 210.98801 210.26300 211.45900 211.95399 200.48100 194.51601 191.69600 180.76300 175.74600 172.97900 169.88800 167.39600 160.15800 161.56900 164.86501 164.77499 165.58900 165.53300 158.25400 162.52600 166.45599 169.28500 180.13800 189.26601 193.08099 197.42300 198.05800 202.69800 199.79700 204.06700 202.48500 204.02901 207.07401 214.37700 213.77200 226.58800 223.08099 240.01801 236.14999 234.06799 229.59000 228.77499 237.64400 236.22600 247.41200
93.87780 91.38060 95.96120 97.07390 99.37820 97.10540 98.54280 109.50700 109.35500 118.59100 124.49100 134.00301 140.59399 160.28500 169.27901 170.79601 178.33501 178.75600 190.00301 192.14200 194.21001 202.16200 199.92101 205.24400 210.53999 220.18100 220.96500 217.94000 217.63200 218.48900 215.77100 208.32600 200.76601 189.84200 185.73000 180.30499 180.32401 175.36400 172.92799 171.47900 173.13100 177.40500 175.21899 169.77100 165.68100 163.21201 170.83099 172.13901 181.53700 183.78600 197.07500 203.38100 205.41499 204.72301 212.39200 213.37100 217.62000 216.14000 225.02800 232.02800 236.19099 236.44701 246.92799 241.40300 241.56000 240.96001 247.86400 236.64101 240.11800 241.61501 245.62500 251.25400
93.57010 92.77650 93.93860 99.82840 99.23760 99.57870 102.85500 109.37000 114.38700 111.02500 121.49800 128.04401 140.13901 146.16000 152.51401 154.64301 163.12399 166.55600 177.41600 185.16800 193.52901 196.84100 204.33000 215.80800 223.42799 232.89301 233.85001 235.07001 226.92400 225.86301 222.23500 210.64999 207.83501 194.46500 191.09900 186.17999 184.32800 182.63600 182.72501 180.10800 179.98199 180.49600 181.57700 180.03400 176.53900 177.81500 181.25101 184.36800 184.60300 196.46800 206.46700 214.20900 219.22200 224.69501 231.33701 234.45799 239.31900 241.25200 247.57001 251.99200 260.20200 268.07599 268.15900 267.59900 262.75500 258.53601 251.36400 243.10899 249.43800 242.82800 247.71700 265.77200
91.20820 89.65270 96.61540 98.84050 103.42100 101.53800 106.20100 106.63100 110.49900 113.54500 123.09000 120.41500 126.74900 134.39400 142.33400 153.43700 156.60300 160.60201 169.02299 180.61501 192.24300 196.82201 208.33900 220.50200 237.80701 229.43500 234.31599 246.42000 241.66901 226.89301 217.34599 207.08900 199.39999 197.62801 180.48599 175.69600 170.81400 178.71899 178.22800 179.99200 176.89301 179.55701 178.53000 177.09100 174.19600 181.41200 180.80099 188.87300 201.68900 205.98900 213.59500 223.20200 230.39500 236.74899 250.43700 255.34399 260.54001 270.61499 276.48700 286.87601 302.46899 297.71301 298.66599 294.16101 288.10501 275.39301 265.38300 264.57599 266.58701 267.67599 277.72900 299.43500
93.45620 86.41620 93.53040 100.55700 108.42600 101.07300 108.35700 107.92800 106.60600 114.25800 120.17000 122.17300 121.65000 129.92200 136.25600 143.10699 151.19000 153.39999 159.67999 170.34000 184.17000 188.60899 204.53101 218.22400 232.70599 232.23599 241.19200 245.59399 241.68600 230.90300 226.87100 211.99899 198.77699 188.02800 182.23599 177.11600 174.06900 181.06000 180.24100 188.79900 189.70300 184.33400 183.82100 171.76100 168.67101 179.36301 188.17101 200.48801 215.10899 218.16600 230.89400 234.34500 251.60800 262.68600 274.12900 279.37500 286.23499 297.52499 301.15399 308.01300 319.65302 317.22101 323.90100 310.85400 300.73700 289.57501 270.89200 264.41501 275.08899 276.24500 286.35501 302.32300
85.94310 94.67210 96.46290 96.76470 103.98900 102.42300 105.75700 107.05800 108.17300 107.15500 114.19000 123.13200 124.37000 136.58299 144.22000 143.01401 145.98500 151.18900 154.44400 161.89799 173.26801 185.92500 193.94701 207.99001 216.83099 225.80400 233.10300 237.85201 233.91299 234.49500 229.26500 216.49699 204.30400 198.08099 189.39700 185.21400 181.62300 178.36700 178.77800 185.70500 184.52200 181.09200 180.93300 169.39500 169.60400 182.57600 194.21500 212.87601 226.99100 232.49200 237.03500 249.39101 262.19501 265.41699 274.47699 284.89301 294.07501 313.04401 321.14200 328.54099 333.20599 328.22101 320.47501 312.18500 312.93100 299.35300 286.21600 291.76199 287.41400 284.57700 304.66101 317.94501
92.13260 100.98200 103.63300 102.72800 103.63900 102.59800 105.83300 106.22900 105.06000 104.28700 115.96100 119.77200 126.06100 128.96500 141.70900 140.64400 143.45900 149.06300 151.77000 157.47200 167.58099 176.00900 187.82001 201.99001 214.43201 218.91200 221.44400 231.92300 233.09300 227.60899 220.36000 198.86301 192.66499 191.66200 188.02200 181.82300 181.42400 178.32300 179.14400 184.77200 184.24699 180.52499 186.19800 180.28101 173.70500 180.57600 196.16299 205.88499 220.60201 230.99200 231.83900 239.87900 241.97200 237.30600 254.71700 279.23001 298.27600 307.46500 323.82800 323.85400 336.12500 330.88599 329.70700 319.66299 307.91699 301.53299 290.56900 294.24100 315.41299 322.16101 323.46899 328.72699
104.34200 114.05500 117.89200 118.07600 118.09200 106.77000 105.09500 105.20000 104.83700 100.30300 108.02000 132.38901 134.49001 136.39999 145.72099 150.26700 157.31700 151.84300 158.29700 168.86099 177.34399 184.92500 196.65199 205.91000 213.96100 222.52699 223.17999 218.13000 224.94099 206.87100 194.60699 196.96201 201.45000 189.93401 174.59900 179.24699 180.87300 168.86301 166.96201 179.14400 179.39799 181.93100 180.21300 179.97301 181.40601 184.28200 198.99600 205.63000 220.79100 230.38499 242.18800 245.22099 257.96500 265.71500 282.40302 299.26001 296.27200 316.49301 319.51901 316.55701 334.92999 341.48099 339.66901 333.75101 323.76001 312.14499 305.93799 337.97601 344.34299 357.77200 370.10699 364.74301
99.55440 116.97000 119.18900 124.03500 122.76700 115.45000 108.68000 111.87600 110.47600 89.04810 102.15600 129.95700 141.97000 148.40300 149.84300 154.61200 151.95200 158.91701 157.53101 176.33099 181.13300 182.96899 197.01300 203.31500 212.69901 220.36900 223.54401 217.26601 214.60001 216.29201 207.46600 205.58800 198.66901 193.89600 175.74600 175.37199 178.64101 174.84801 177.89200 184.81599 184.82899 184.55499 188.52699 187.61200 188.91600 184.47501 205.20100 220.10800 230.76100 244.68600 257.29599 271.37500 281.01999 299.26599 306.33099 314.91101 315.75400 327.51801 332.35199 328.44299 337.57999 347.54999 351.94400 368.52701 361.21500 358.74701 361.18900 368.05099 352.60599 375.45099 393.14301 403.35800
112.54000 118.02700 124.81500 129.51801 127.21500 131.17999 127.46600 120.16700 118.64600 118.33100 127.83900 129.52000 137.22099 152.46100 149.86900 148.08501 148.81700 155.14700 159.41200 178.26801 191.35899 198.95000 206.92300 195.27299 191.47200 212.29300 218.63200 206.87700 219.86301 219.90700 213.31599 208.06799 200.50900 196.05400 184.08900 180.71201 187.79300 189.41800 198.97900 193.58600 195.85500 201.83501 189.16901 181.72000 183.80499 177.05200 178.04800 190.79300 200.27100 216.15401 233.21300 262.68100 293.50101 325.03400 346.76300 359.57401 339.62399 349.13800 345.05899 352.60300 357.16800 379.52301 391.89899 394.81100 388.78799 395.96201 417.37399 415.73300 407.91501 410.55499 426.54001 451.42499
113.71300 121.04800 124.09100 138.15401 141.53700 135.49001 142.83501 132.73700 137.67300 144.28799 143.62300 143.30600 154.39600 157.02200 157.59599 159.06000 155.42000 143.26801 157.73000 184.79900 203.08900 214.14101 212.62601 190.61501 191.50600 212.96500 215.52100 214.21001 228.45000 225.59399 214.70700 221.11501 216.53900 213.35400 198.15601 198.51199 201.60001 205.58800 208.77600 203.40601 189.20399 200.20000 186.95000 158.41100 161.62500 172.07800 192.65401 216.84100 218.54900 -9999 -9999 259.28299 285.99600 285.34399 326.96899 341.00500 340.62299 352.14700 373.41901 380.21399 410.27100 431.61899 430.07101 438.06400 435.51300 435.98401 458.45999 460.69199 448.99799 461.90900 444.40701 480.68399
131.87900 133.42999 145.42700 150.21500 148.14900 146.27200 144.60600 140.18900 143.56100 137.64500 143.99300 155.62900 160.88600 153.84900 149.45100 158.23801 160.32500 161.63200 177.81799 199.35100 200.71001 209.81700 217.98199 225.51500 221.28000 216.81000 209.83299 213.30000 226.73399 232.46899 218.55901 230.95100 231.64900 233.24899 221.10699 223.10500 207.32700 197.09000 -9999 -9999 -9999 -9999 156.20700 -9999 208.98000 237.59900 233.82100 239.08200 210.95300 -9999 -9999 283.80801 296.22900 296.64001 306.99701 314.77701 345.02301 368.14099 399.27600 416.48599 431.83899 435.57401 447.47198 442.69601 462.45300 459.71600 474.26501 466.42801 469.42801 478.82901 465.89801 -9999
138.45399 150.28700 156.61400 156.71400 144.05299 156.36301 149.31300 127.99400 133.70300 129.38800 139.48599 152.80000 162.68900 157.87700 136.53300 157.22200 180.46400 194.42900 189.66800 212.86900 206.89301 226.81000 226.56900 234.01500 230.30400 218.09599 223.83701 226.71201 241.27000 253.48801 259.28400 269.83301 264.52200 263.60101 247.16901 234.75600 -9999 -9999 -9999 -9999 -9999 -9999 -9999 215.77800 224.66200 218.02600 -9999 -9999 -9999 -9999 -9999 232.44901 260.04700 323.10800 309.81699 348.79199 342.81799 345.93701 393.05899 382.37601 404.54300 432.54099 455.74100 444.27600 440.61401 474.82300 497.10501 484.20099 458.66299 -9999 -9999 -9999
