data/hydroclimate-scenarios/BCSD_hadcm_A1B/monthly_summaries/swe_monthly_day1_dec.2070-2099.asc
ncols	311
nrows	91
xllcenter	102.75
yllcenter	31.75
cellsize	0.5
NODATA_value	-9999
[rows 0 to 31 of 91, columns 216 to 287 of 311]
-9999 -9999 -9999 -9999 -9999 -9999 -9999 -9999 -9999 -9999 -9999 -9999 -9999 -9999 -9999 -9999 -9999 -9999 -9999 -9999 -9999 -9999 -9999 -9999 -9999 -9999 -9999 -9999 -9999 -9999 -9999 -9999 -9999 -9999 -9999 -9999 -9999 -9999 -9999 -9999 -9999 -9999 -9999 -9999 -9999 -9999 -9999 -9999 -9999 -9999 -9999 -9999 -9999 -9999 -9999 -9999 -9999 -9999 -9999 -9999 -9999 -9999 -9999 -9999 -9999 -9999 -9999 -9999 -9999 -9999 -9999 -9999
-9999 -9999 -9999 -9999 -9999 -9999 -9999 -9999 -9999 -9999 -9999 -9999 -9999 -9999 -9999 -9999 -9999 -9999 -9999 -9999 -9999 -9999 -9999 -9999 -9999 -9999 -9999 -9999 -9999 -9999 -9999 -9999 -9999 -9999 -9999 -9999 -9999 -9999 -9999 -9999 -9999 -9999 -9999 -9999 -9999 -9999 -9999 -9999 -9999 -9999 -9999 -9999 -9999 -9999 -9999 -9999 -9999 -9999 -9999 -9999 -9999 -9999 -9999 -9999 -9999 -9999 -9999 -9999 -9999 -9999 -9999 -9999
-9999 -9999 -9999 -9999 -9999 -9999 -9999 -9999 -9999 -9999 -9999 -9999 -9999 -9999 -9999 -9999 -9999 -9999 -9999 -9999 -9999 -9999 -9999 -9999 -9999 -9999 -9999 -9999 -9999 -9999 -9999 -9999 -9999 -9999 -9999 -9999 -9999 -9999 -9999 -9999 -9999 -9999 -9999 -9999 -9999 -9999 -9999 -9999 -9999 -9999 -9999 -9999 -9999 -9999 -9999 -9999 -9999 -9999 -9999 -9999 -9999 -9999 -9999 -9999 -9999 -9999 -9999 -9999 -9999 -9999 -9999 -9999
-9999 -9999 -9999 -9999 -9999 -9999 -9999 -9999 -9999 -9999 -9999 -9999 -9999 -9999 -9999 -9999 -9999 -9999 -9999 -9999 -9999 -9999 -9999 -9999 -9999 -9999 -9999 -9999 -9999 -9999 -9999 -9999 -9999 -9999 -9999 -9999 -9999 -9999 -9999 -9999 -9999 -9999 -9999 -9999 -9999 -9999 -9999 -9999 -9999 -9999 -9999 -9999 -9999 -9999 -9999 -9999 -9999 -9999 -9999 -9999 -9999 -9999 -9999 -9999 -9999 -9999 -9999 -9999 -9999 -9999 -9999 -9999
-9999 -9999 -9999 -9999 -9999 -9999 -9999 -9999 -9999 -9999 -9999 -9999 -9999 -9999 -9999 -9999 -9999 -9999 -9999 -9999 -9999 -9999 -9999 -9999 -9999 -9999 -9999 -9999 -9999 -9999 -9999 -9999 -9999 -9999 -9999 -9999 -9999 -9999 -9999 -9999 -9999 -9999 -9999 -9999 -9999 -9999 -9999 -9999 -9999 -9999 -9999 -9999 -9999 -9999 -9999 -9999 -9999 -9999 -9999 -9999 -9999 -9999 -9999 -9999 -9999 -9999 -9999 -9999 -9999 -9999 -9999 -9999
-9999 -9999 -9999 -9999 -9999 -9999 -9999 -9999 -9999 -9999 -9999 -9999 -9999 -9999 -9999 -9999 -9999 -9999 -9999 -9999 -9999 -9999 -9999 -9999 -9999 -9999 -9999 -9999 -9999 -9999 -9999 -9999 -9999 -9999 -9999 -9999 -9999 -9999 -9999 -9999 -9999 -9999 -9999 -9999 -9999 -9999 -9999 -9999 -9999 -9999 -9999 -9999 -9999 -9999 -9999 -9999 -9999 -9999 -9999 -9999 -9999 -9999 -9999 -9999 -9999 -9999 -9999 -9999 -9999 -9999 -9999 -9999
-9999 -9999 -9999 -9999 -9999 -9999 -9999 -9999 -9999 -9999 -9999 -9999 -9999 -9999 -9999 -9999 -9999 -9999 -9999 -9999 -9999 -9999 -9999 -9999 -9999 -9999 -9999 -9999 -9999 -9999 -9999 -9999 -9999 -9999 -9999 -9999 -9999 -9999 -9999 -9999 -9999 -9999 -9999 -9999 -9999 -9999 -9999 -9999 -9999 -9999 -9999 -9999 -9999 -9999 -9999 -9999 -9999 -9999 -9999 -9999 -9999 -9999 -9999 -9999 -9999 -9999 -9999 -9999 -9999 -9999 -9999 -9999
-9999 -9999 -9999 -9999 -9999 -9999 -9999 -9999 -9999 -9999 -9999 -9999 -9999 -9999 -9999 -9999 -9999 -9999 -9999 -9999 -9999 -9999 -9999 -9999 -9999 -9999 -9999 -9999 -9999 -9999 -9999 -9999 -9999 -9999 -9999 -9999 -9999 -9999 -9999 -9999 -9999 -9999 -9999 -9999 -9999 -9999 -9999 -9999 -9999 -9999 -9999 -9999 -9999 -9999 -9999 -9999 -9999 -9999 -9999 -9999 -9999 -9999 -9999 -9999 -9999 -9999 -9999 -9999 -9999 -9999 -9999 -9999
-9999 -9999 -9999 -9999 -9999 -9999 -9999 -9999 -9999 -9999 -9999 -9999 -9999 -9999 -9999 -9999 -9999 -9999 -9999 -9999 -9999 -9999 -9999 -9999 -9999 -9999 -9999 -9999 -9999 -9999 -9999 -9999 -9999 -9999 -9999 -9999 -9999 -9999 -9999 -9999 -9999 -9999 -9999 -9999 -9999 -9999 -9999 -9999 -9999 -9999 -9999 -9999 -9999 -9999 -9999 -9999 -9999 -9999 -9999 -9999 -9999 -9999 -9999 -9999 -9999 -9999 -9999 -9999 -9999 -9999 -9999 -9999
-9999 -9999 -9999 -9999 -9999 -9999 -9999 -9999 -9999 -9999 -9999 -9999 -9999 -9999 -9999 -9999 -9999 -9999 -9999 -9999 -9999 -9999 -9999 -9999 -9999 -9999 -9999 -9999 -9999 -9999 -9999 -9999 -9999 -9999 -9999 -9999 -9999 -9999 -9999 -9999 -9999 -9999 -9999 -9999 -9999 -9999 -9999 -9999 -9999 -9999 -9999 -9999 -9999 -9999 -9999 -9999 -9999 -9999 -9999 -9999 -9999 -9999 -9999 -9999 -9999 -9999 -9999 -9999 -9999 -9999 -9999 -9999
-9999 -9999 -9999 -9999 -9999 -9999 -9999 -9999 -9999 -9999 -9999 -9999 -9999 -9999 -9999 -9999 -9999 -9999 -9999 -9999 -9999 -9999 -9999 -9999 -9999 -9999 -9999 -9999 -9999 -9999 -9999 -9999 -9999 -9999 -9999 -9999 -9999 -9999 -9999 -9999 -9999 -9999 -9999 -9999 -9999 -9999 -9999 -9999 -9999 -9999 -9999 -9999 -9999 -9999 -9999 -9999 -9999 -9999 -9999 -9999 -9999 -9999 -9999 -9999 -9999 -9999 -9999 -9999 -9999 -9999 -9999 -9999
-9999 -9999 -9999 -9999 -9999 -9999 -9999 -9999 -9999 -9999 -9999 -9999 -9999 -9999 -9999 -9999 -9999 -9999 -9999 -9999 -9999 -9999 -9999 -9999 -9999 -9999 -9999 -9999 -9999 -9999 -9999 -9999 -9999 -9999 -9999 -9999 -9999 -9999 -9999 -9999 -9999 -9999 -9999 -9999 -9999 -9999 -9999 -9999 -9999 -9999 -9999 -9999 -9999 -9999 -9999 -9999 -9999 -9999 -9999 -9999 -9999 -9999 -9999 -9999 -9999 -9999 -9999 -9999 -9999 -9999 -9999 -9999
-9999 -9999 -9999 -9999 -9999 -9999 -9999 -9999 -9999 -9999 -9999 -9999 -9999 -9999 -9999 -9999 -9999 -9999 -9999 -9999 -9999 -9999 -9999 -9999 -9999 -9999 -9999 -9999 -9999 -9999 -9999 -9999 -9999 -9999 -9999 -9999 -9999 -9999 -9999 -9999 -9999 -9999 -9999 -9999 -9999 -9999 -9999 -9999 -9999 -9999 -9999 -9999 -9999 -9999 -9999 -9999 -9999 -9999 -9999 -9999 -9999 -9999 -9999 -9999 -9999 -9999 -9999 -9999 -9999 -9999 -9999 -9999
41.76530 39.73310 37.62990 -9999 -9999 -9999 -9999 -9999 -9999 -9999 -9999 -9999 -9999 -9999 -9999 -9999 -9999 -9999 -9999 -9999 -9999 -9999 -9999 -9999 -9999 -9999 -9999 -9999 -9999 -9999 -9999 -9999 -9999 -9999 -9999 -9999 -9999 -9999 -9999 -9999 -9999 -9999 -9999 -9999 26.96750 -9999 -9999 -9999 -9999 -9999 -9999 -9999 -9999 -9999 -9999 -9999 -9999 -9999 -9999 -9999 -9999 -9999 -9999 -9999 -9999 -9999 -9999 -9999 -9999 -9999 -9999 -9999
45.02580 45.18330 44.26350 37.68940 35.85220 37.26540 37.43230 13.19820 15.27180 14.06190 42.97010 43.25110 42.06500 39.16850 33.95840 252.62000 -9999 -9999 -9999 -9999 -9999 -9999 -9999 -9999 -9999 -9999 -9999 -9999 -9999 -9999 -9999 -9999 -9999 -9999 -9999 -9999 -9999 -9999 -9999 7.42969 15.97070 11.22240 1.39549 0.22690 10.71490 34.44810 -9999 -9999 -9999 24.78820 -9999 -9999 -9999 28.68360 39.31560 41.98400 -9999 -9999 -9999 -9999 -9999 -9999 -9999 -9999 -9999 -9999 -9999 -9999 -9999 -9999 -9999 -9999
49.28290 48.83620 49.09340 20.96100 0.00000 0.00000 0.00000 0.00000 0.00000 0.00000 0.00000 0.00000 0.00000 0.00000 0.00000 0.00000 0.00000 0.59005 2.53310 43.87320 89.42720 47.35300 -9999 -9999 -9999 -9999 -9999 51.67750 50.11620 49.76480 51.18570 48.91590 42.86570 37.57500 38.36150 40.37520 40.65070 37.39690 38.87410 1.02064 1.43023 0.62857 1.23607 0.25834 1.12061 40.48530 38.45440 37.84310 32.84740 31.26770 33.33200 33.37950 33.06200 41.82690 44.92340 32.65180 38.49680 48.52850 50.92020 52.47700 50.53460 -9999 -9999 -9999 -9999 -9999 -9999 -9999 -9999 -9999 -9999 -9999
30.22710 30.95470 32.60460 0.00000 0.00000 0.00000 0.00000 0.00000 0.00000 0.00000 0.00000 0.00000 0.00000 0.00000 0.00000 0.00000 0.36432 1.64599 1.97130 72.53310 8.53011 39.37670 53.62820 61.01100 73.61180 75.79340 68.76890 61.12350 57.77120 54.03510 60.15290 58.77850 51.40870 44.66260 46.58850 47.17040 44.98520 46.74050 45.08330 44.42970 45.31360 44.92490 44.00760 40.46700 39.94920 38.79940 38.44040 39.62350 37.45220 37.73900 39.90830 43.84790 52.60670 57.08310 60.80910 65.82610 67.66340 62.21780 72.44140 70.15040 65.20580 57.40370 51.14770 50.02850 51.12470 46.74230 48.49000 47.47840 48.60290 -9999 -9999 -9999
0.00000 0.00000 0.00000 0.00000 0.00000 0.00000 0.00000 0.00000 0.00000 0.00000 0.00000 0.00000 0.00000 0.00000 0.65951 18.03030 26.37870 24.63910 58.76630 132.22301 141.22301 58.59740 59.96610 55.15020 68.19060 78.36580 82.27380 87.31470 62.31400 58.14010 62.23570 66.43790 67.16940 65.89850 62.19950 59.80280 55.68900 51.88680 53.37520 49.96120 48.19990 49.35890 47.20820 41.29780 42.64540 44.05280 42.08700 43.25970 45.70180 47.04420 49.99870 55.49380 60.77370 68.49520 67.12030 66.26910 68.83720 72.14100 82.87020 71.76080 72.02500 63.41720 62.09690 60.90670 66.93970 70.58060 76.12950 73.67600 60.83530 -9999 47.75820 -9999
42.62800 41.84610 31.95300 33.07860 27.51840 26.60390 24.39170 25.22160 23.67740 16.39470 14.12390 0.00029 16.56110 41.31000 15.77570 17.45300 15.56890 67.17170 110.70700 139.30600 153.46100 71.71580 68.00250 73.75930 45.22210 40.46450 53.17890 109.77700 84.14430 71.16950 67.33120 73.19280 74.49010 74.71210 64.19230 56.07010 52.88130 46.68110 43.75800 45.81510 48.67880 51.13480 51.15650 52.59000 54.59500 53.53830 51.35120 53.81330 50.36910 53.68720 56.65730 62.30370 63.27820 65.59870 71.15430 77.00650 79.71010 79.33420 79.71840 70.34590 73.03100 73.41940 80.26110 83.11250 81.44300 78.73870 79.42250 78.22750 80.82710 86.28640 -9999 -9999
37.92850 33.07190 30.08780 26.13000 26.28570 47.93960 43.96080 38.40330 36.61630 37.15950 35.28310 38.18820 39.59130 40.95190 43.82390 161.34801 154.95799 95.46240 108.62500 87.67860 117.70100 52.82920 62.33050 80.38090 86.56430 95.42390 71.95710 131.59300 123.16100 92.27520 86.46160 76.90690 67.20230 62.15760 56.65210 56.61750 56.64560 48.77280 43.24790 50.59240 57.59830 61.11360 59.94590 61.64510 61.36850 57.95920 52.95650 55.38570 60.12850 61.58860 61.39830 66.40550 70.41990 79.79110 79.09070 77.19870 76.60010 71.85290 72.01350 74.66710 78.50740 78.97530 82.13690 90.40380 99.29740 98.90010 103.32600 95.30160 112.29200 114.93500 102.36200 -9999
104.73600 67.50460 51.47100 50.01870 48.00760 38.43820 36.96850 32.72480 33.61400 36.52470 36.81440 43.53210 47.09440 53.11660 54.31540 109.85500 67.38100 17.10030 17.37500 44.07380 30.52500 35.91040 59.61610 69.91810 81.83140 89.65270 91.21660 93.75520 106.53100 101.50400 91.56770 80.24080 67.95170 68.11390 68.63050 64.31880 61.11950 53.87990 47.12700 55.09530 54.41350 56.39700 55.25230 57.51310 62.25200 61.55490 60.55040 59.65330 60.53240 68.57180 70.28560 75.50880 75.14220 87.63710 79.67200 78.55000 70.17680 67.26170 66.17790 72.61500 75.36290 74.72240 78.68400 83.48450 92.62190 98.07770 98.42360 98.99660 100.62700 105.70700 111.24700 109.06300
45.72420 33.62760 35.45530 37.84920 38.71900 37.99700 39.76180 36.49880 38.95080 44.05710 49.99150 53.26530 50.55800 53.66860 52.49240 128.56200 102.26800 7.95812 0.00000 0.00000 5.99096 30.51180 67.31830 88.03920 90.20860 78.17990 86.43700 77.80960 107.30100 115.42600 100.10700 85.12880 76.88870 77.06770 73.90450 68.62300 65.56410 56.33470 51.54610 54.76540 52.24630 52.73630 56.84970 62.25460 62.03930 62.44510 63.26750 65.45220 66.00520 68.97490 67.45370 69.64850 68.38760 72.52800 78.05830 77.94240 78.54270 72.52510 70.42330 67.92760 73.03330 67.83320 62.50550 63.98120 71.24460 83.53650 98.80960 103.56300 99.03300 89.33270 88.17300 93.51330
55.41990 50.19550 57.32350 93.10510 66.65110 49.67980 78.38050 33.79850 35.05790 54.67450 56.13910 71.20620 70.11310 62.79850 55.39000 73.24520 80.84890 8.49955 0.08204 0.06088 6.73902 9.66236 39.01270 52.09710 56.04160 72.16980 86.89270 81.10950 78.07640 83.74650 88.75360 78.93440 81.45640 85.47120 79.96780 87.13220 82.56940 85.18340 78.58550 69.84360 63.41390 56.84600 68.91370 73.33220 83.03830 85.53480 83.34560 78.07620 78.56940 71.45920 67.30400 65.72440 71.13540 70.89440 77.51630 67.33880 56.07050 55.46220 60.56660 59.26080 61.33200 68.20230 69.53980 69.93090 73.91890 91.97030 100.64700 109.62000 111.43500 101.14000 96.11550 92.91250
45.13810 29.41720 39.23360 73.72380 76.98260 47.04790 50.06210 45.99240 46.06130 1.06413 39.57300 32.25030 31.00810 61.57640 57.96300 78.60510 85.11300 23.63450 0.04243 5.52792 10.53470 9.17117 12.54010 22.14190 24.15430 34.15490 52.78290 71.41830 81.18980 84.77170 71.08320 65.57660 51.45620 37.02650 49.86920 77.08180 76.89990 74.39900 94.74010 127.26600 128.91701 130.92799 125.86500 108.80000 88.32350 95.28340 91.73670 77.47060 65.41660 77.82060 73.23340 69.49910 75.38680 78.67380 74.54090 59.92790 64.60220 69.15010 56.05170 56.57260 59.48260 64.39920 67.10880 64.33040 68.11340 81.66290 89.34460 91.65540 100.63200 103.87400 106.32100 87.57810
39.29730 33.34470 33.92760 35.15620 39.26860 56.12390 51.75100 41.86290 32.76120 0.64283 0.45310 0.00000 0.00005 0.00000 0.11026 0.21410 91.11210 124.84000 0.00000 0.00000 0.00000 0.00000 3.39009 0.00000 10.90920 16.20360 17.20020 14.64170 14.84480 18.00750 19.52400 14.09980 19.32800 20.61020 19.79060 30.93400 42.33110 51.65650 62.46970 106.08600 103.79900 122.32000 143.40900 156.22600 145.57401 119.15100 92.49950 78.75410 63.43300 65.59150 80.64610 81.20800 76.49550 73.42810 69.74740 63.45030 67.01800 70.85420 78.29460 75.61320 72.45010 69.39240 63.84710 59.00210 66.50780 70.21230 76.60630 75.74960 83.12840 89.40490 100.20700 103.25900
41.54930 43.94650 42.28960 50.28900 43.83780 41.30360 42.26020 48.32940 60.45960 35.53410 41.14840 0.86636 0.00000 0.14477 0.09725 13.10440 21.89980 21.98610 38.27030 3.38911 17.80300 11.18650 3.21986 3.16338 8.85124 13.39460 28.72500 27.89900 30.32960 21.15200 21.18000 17.50270 17.47340 28.07540 28.41000 43.02200 59.41840 58.39300 84.22700 143.88100 162.32800 164.83800 168.29601 186.94299 195.09599 189.60600 150.78400 123.38100 94.20370 74.63230 96.72730 108.47600 86.73430 82.53520 80.91010 73.66600 71.23540 74.03970 79.91790 73.52340 68.68520 79.15580 78.68600 62.05600 60.10590 65.57420 65.15310 69.51350 71.66230 77.69990 87.50720 98.53390
82.47050 66.46940 105.28800 83.25390 109.50200 97.99750 74.84850 117.36700 106.49000 73.73700 40.82250 33.73080 36.83420 39.40070 41.29090 39.05950 21.79300 26.51430 16.09790 20.25140 31.89220 31.98600 38.06440 54.10260 50.87440 55.49400 75.23240 76.88500 51.77570 44.15200 44.51730 41.30150 50.70510 35.34040 47.67740 56.92270 82.03860 110.42300 144.24800 154.91901 192.82401 205.41299 228.91400 235.05299 232.06000 214.48300 190.05499 150.96300 129.69099 102.64600 87.95400 89.74630 100.50400 84.07280 82.41360 82.43430 78.01350 76.74580 76.95330 74.95110 77.97350 73.95470 70.49080 64.28030 60.24450 57.38180 59.32630 67.50590 71.12800 78.42490 83.91460 87.94750
132.38400 115.92900 108.46200 123.37000 163.10699 84.15220 97.23240 86.69110 74.37500 100.15800 105.62500 104.15300 47.50180 32.66250 31.67790 138.78900 121.44300 78.35000 66.71130 41.46080 57.14290 27.06420 35.57210 44.99460 63.93620 55.24210 61.79480 53.41340 30.01580 23.95100 33.38390 20.65650 26.16990 42.16170 59.16930 66.56010 87.85830 127.88400 174.98900 186.75900 231.12100 255.18900 272.86801 271.93701 266.31601 239.33400 213.59900 193.00301 159.35001 135.65300 111.66800 85.94350 99.08210 94.17550 88.76980 79.69210 86.26380 82.21140 79.96630 72.76690 68.57180 70.82770 70.35580 68.99960 65.98920 54.07750 56.10320 60.35650 66.06720 77.38650 83.43080 83.02160
155.31799 104.83100 101.30400 119.67900 62.56850 58.71380 64.86450 67.38990 70.06300 52.53390 63.01340 66.53740 77.34060 53.93160 25.83010 140.46500 151.88499 157.10001 140.73399 84.69100 47.33470 11.91480 8.27045 36.77290 47.59160 39.28840 48.88760 47.95780 31.02560 26.09080 14.48970 15.25300 28.95950 48.70680 56.43460 74.10490 106.92400 125.18600 171.92200 204.00101 250.78000 300.29501 317.37799 318.41101 289.90500 245.71700 227.80499 197.04500 170.18500 156.75400 117.46100 105.64000 77.13070 88.19210 86.68460 71.53880 69.22900 72.37960 72.45670 69.54770 67.88640 66.90090 68.38200 76.78170 72.75120 67.35910 60.08680 61.64900 66.35620 74.30920 73.34270 77.99350
209.54800 248.26100 192.30499 122.99600 80.45520 48.13040 46.33240 41.67350 44.47250 102.99000 204.25301 224.60201 186.50900 146.59000 81.14280 121.98600 124.65200 121.94700 221.63699 197.00301 98.62690 50.05320 30.60830 32.11780 22.95130 30.98330 37.56780 32.35740 21.33790 22.42610 10.74010 19.00030 27.88520 56.51820 68.98760 92.99770 117.88500 143.61400 181.26199 221.11800 276.68799 335.07199 361.81100 326.15100 311.06799 290.87601 258.23499 212.79500 189.00600 181.85300 137.84801 110.71000 73.52810 75.87050 82.15790 69.67000 75.36910 90.96480 108.31800 107.05100 101.25200 94.48790 73.09930 64.15940 66.01320 66.42420 67.62140 71.26980 71.31080 75.14810 79.11930 73.87760
102.28300 135.79201 113.18200 212.69901 340.69901 304.37900 160.22600 106.93100 62.37990 89.76790 150.78101 -9999 -9999 404.84799 306.71899 256.78699 257.92801 234.85899 321.59201 252.45100 137.36800 56.99510 45.27850 54.47130 65.59600 46.89440 38.63420 24.77030 16.67280 16.94440 16.68700 26.20320 40.23160 46.35740 66.68040 80.47650 107.56700 121.05500 156.28000 162.75800 230.81799 308.89099 336.32199 333.12201 262.34201 217.97501 200.15900 167.13600 167.91499 172.80600 123.98800 82.82710 83.08400 70.04900 72.73800 53.32560 54.42830 56.01940 61.19870 63.81710 64.47780 60.30340 57.34830 53.99020 57.63790 62.41870 70.28420 67.60430 66.95980 55.79460 58.57010 48.82810
99.76380 277.51501 -9999 -9999 -9999 -9999 659.50098 547.73798 298.35901 279.32999 233.54100 219.16299 186.44200 111.06100 236.71201 -9999 -9999 -9999 -9999 622.64697 325.38101 193.08501 154.57700 126.12400 97.68240 103.96100 77.57190 52.07420 28.94690 19.01570 22.64760 38.43870 47.72090 63.76270 69.59050 96.09810 119.05900 146.50900 164.96201 164.06300 155.97200 243.09200 239.67599 272.24100 230.58800 200.69099 167.08299 165.49500 144.52299 136.45200 123.51000 78.03040 72.42180 54.12400 54.65200 56.72670 59.76730 57.27370 50.91830 51.22880 51.57930 52.62850 53.18420 54.50740 53.24590 59.67500 64.73290 58.81140 60.56650 55.64300 50.63060 34.34270
