data/hydroclimate-scenarios/BCSD_hadcm_A1B/monthly_summaries/swe_monthly_day1_mar.2030-2059.asc
ncols	311
nrows	91
xllcenter	102.75
yllcenter	31.75
cellsize	0.5
NODATA_value	-9999
[rows 0 to 30 of 91, columns 213 to 283 of 311]
-9999 -9999 -9999 -9999 -9999 -9999 -9999 -9999 -9999 -9999 -9999 -9999 -9999 -9999 -9999 -9999 -9999 -9999 -9999 -9999 -9999 -9999 -9999 -9999 -9999 -9999 -9999 -9999 -9999 -9999 -9999 -9999 -9999 -9999 -9999 -9999 -9999 -9999 -9999 -9999 -9999 -9999 -9999 -9999 -9999 -9999 -9999 -9999 -9999 -9999 -9999 -9999 -9999 -9999 -9999 -9999 -9999 -9999 -9999 -9999 -9999 -9999 -9999 -9999 -9999 -9999 -9999 -9999 -9999 -9999 -9999
-9999 -9999 -9999 -9999 -9999 -9999 -9999 -9999 -9999 -9999 -9999 -9999 -9999 -9999 -9999 -9999 -9999 -9999 -9999 -9999 -9999 -9999 -9999 -9999 -9999 -9999 -9999 -9999 -9999 -9999 -9999 -9999 -9999 -9999 -9999 -9999 -9999 -9999 -9999 -9999 -9999 -9999 -9999 -9999 -9999 -9999 -9999 -9999 -9999 -9999 -9999 -9999 -9999 -9999 -9999 -9999 -9999 -9999 -9999 -9999 -9999 -9999 -9999 -9999 -9999 -9999 -9999 -9999 -9999 -9999 -9999
-9999 -9999 -9999 -9999 -9999 -9999 -9999 -9999 -9999 -9999 -9999 -9999 -9999 -9999 -9999 -9999 -9999 -9999 -9999 -9999 -9999 -9999 -9999 -9999 -9999 -9999 -9999 -9999 -9999 -9999 -9999 -9999 -9999 -9999 -9999 -9999 -9999 -9999 -9999 -9999 -9999 -9999 -9999 -9999 -9999 -9999 -9999 -9999 -9999 -9999 -9999 -9999 -9999 -9999 -9999 -9999 -9999 -9999 -9999 -9999 -9999 -9999 -9999 -9999 -9999 -9999 -9999 -9999 -9999 -9999 -9999
-9999 -9999 -9999 -9999 -9999 -9999 -9999 -9999 -9999 -9999 -9999 -9999 -9999 -9999 -9999 -9999 -9999 -9999 -9999 -9999 -9999 -9999 -9999 -9999 -9999 -9999 -9999 -9999 -9999 -9999 -9999 -9999 -9999 -9999 -9999 -9999 -9999 -9999 -9999 -9999 -9999 -9999 -9999 -9999 -9999 -9999 -9999 -9999 -9999 -9999 -9999 -9999 -9999 -9999 -9999 -9999 -9999 -9999 -9999 -9999 -9999 -9999 -9999 -9999 -9999 -9999 -9999 -9999 -9999 -9999 -9999
-9999 -9999 -9999 -9999 -9999 -9999 -9999 -9999 -9999 -9999 -9999 -9999 -9999 -9999 -9999 -9999 -9999 -9999 -9999 -9999 -9999 -9999 -9999 -9999 -9999 -9999 -9999 -9999 -9999 -9999 -9999 -9999 -9999 -9999 -9999 -9999 -9999 -9999 -9999 -9999 -9999 -9999 -9999 -9999 -9999 -9999 -9999 -9999 -9999 -9999 -9999 -9999 -9999 -9999 -9999 -9999 -9999 -9999 -9999 -9999 -9999 -9999 -9999 -9999 -9999 -9999 -9999 -9999 -9999 -9999 -9999
-9999 -9999 -9999 -9999 -9999 -9999 -9999 -9999 -9999 -9999 -9999 -9999 -9999 -9999 -9999 -9999 -9999 -9999 -9999 -9999 -9999 -9999 -9999 -9999 -9999 -9999 -9999 -9999 -9999 -9999 -9999 -9999 -9999 -9999 -9999 -9999 -9999 -9999 -9999 -9999 -9999 -9999 -9999 -9999 -9999 -9999 -9999 -9999 -9999 -9999 -9999 -9999 -9999 -9999 -9999 -9999 -9999 -9999 -9999 -9999 -9999 -9999 -9999 -9999 -9999 -9999 -9999 -9999 -9999 -9999 -9999
-9999 -9999 -9999 -9999 -9999 -9999 -9999 -9999 -9999 -9999 -9999 -9999 -9999 -9999 -9999 -9999 -9999 -9999 -9999 -9999 -9999 -9999 -9999 -9999 -9999 -9999 -9999 -9999 -9999 -9999 -9999 -9999 -9999 -9999 -9999 -9999 -9999 -9999 -9999 -9999 -9999 -9999 -9999 -9999 -9999 -9999 -9999 -9999 -9999 -9999 -9999 -9999 -9999 -9999 -9999 -9999 -9999 -9999 -9999 -9999 -9999 -9999 -9999 -9999 -9999 -9999 -9999 -9999 -9999 -9999 -9999
-9999 -9999 -9999 -9999 -9999 -9999 -9999 -9999 -9999 -9999 -9999 -9999 -9999 -9999 -9999 -9999 -9999 -9999 -9999 -9999 -9999 -9999 -9999 -9999 -9999 -9999 -9999 -9999 -9999 -9999 -9999 -9999 -9999 -9999 -9999 -9999 -9999 -9999 -9999 -9999 -9999 -9999 -9999 -9999 -9999 -9999 -9999 -9999 -9999 -9999 -9999 -9999 -9999 -9999 -9999 -9999 -9999 -9999 -9999 -9999 -9999 -9999 -9999 -9999 -9999 -9999 -9999 -9999 -9999 -9999 -9999
-9999 -9999 -9999 -9999 -9999 -9999 -9999 -9999 -9999 -9999 -9999 -9999 -9999 -9999 -9999 -9999 -9999 -9999 -9999 -9999 -9999 -9999 -9999 -9999 -9999 -9999 -9999 -9999 -9999 -9999 -9999 -9999 -9999 -9999 -9999 -9999 -9999 -9999 -9999 -9999 -9999 -9999 -9999 -9999 -9999 -9999 -9999 -9999 -9999 -9999 -9999 -9999 -9999 -9999 -9999 -9999 -9999 -9999 -9999 -9999 -9999 -9999 -9999 -9999 -9999 -9999 -9999 -9999 -9999 -9999 -9999
-9999 -9999 -9999 -9999 -9999 -9999 -9999 -9999 -9999 -9999 -9999 -9999 -9999 -9999 -9999 -9999 -9999 -9999 -9999 -9999 -9999 -9999 -9999 -9999 -9999 -9999 -9999 -9999 -9999 -9999 -9999 -9999 -9999 -9999 -9999 -9999 -9999 -9999 -9999 -9999 -9999 -9999 -9999 -9999 -9999 -9999 -9999 -9999 -9999 -9999 -9999 -9999 -9999 -9999 -9999 -9999 -9999 -9999 -9999 -9999 -9999 -9999 -9999 -9999 -9999 -9999 -9999 -9999 -9999 -9999 -9999
-9999 -9999 -9999 -9999 -9999 -9999 -9999 -9999 -9999 -9999 -9999 -9999 -9999 -9999 -9999 -9999 -9999 -9999 -9999 -9999 -9999 -9999 -9999 -9999 -9999 -9999 -9999 -9999 -9999 -9999 -9999 -9999 -9999 -9999 -9999 -9999 -9999 -9999 -9999 -9999 -9999 -9999 -9999 -9999 -9999 -9999 -9999 -9999 -9999 -9999 -9999 -9999 -9999 -9999 -9999 -9999 -9999 -9999 -9999 -9999 -9999 -9999 -9999 -9999 -9999 -9999 -9999 -9999 -9999 -9999 -9999
-9999 -9999 -9999 -9999 -9999 -9999 -9999 -9999 -9999 -9999 -9999 -9999 -9999 -9999 -9999 -9999 -9999 -9999 -9999 -9999 -9999 -9999 -9999 -9999 -9999 -9999 -9999 -9999 -9999 -9999 -9999 -9999 -9999 -9999 -9999 -9999 -9999 -9999 -9999 -9999 -9999 -9999 -9999 -9999 -9999 -9999 -9999 -9999 -9999 -9999 -9999 -9999 -9999 -9999 -9999 -9999 -9999 -9999 -9999 -9999 -9999 -9999 -9999 -9999 -9999 -9999 -9999 -9999 -9999 -9999 -9999
-9999 -9999 -9999 -9999 -9999 -9999 -9999 -9999 -9999 -9999 -9999 -9999 -9999 -9999 -9999 -9999 -9999 -9999 -9999 -9999 -9999 -9999 -9999 -9999 -9999 -9999 -9999 -9999 -9999 -9999 -9999 -9999 -9999 -9999 -9999 -9999 -9999 -9999 -9999 -9999 -9999 -9999 -9999 -9999 -9999 -9999 -9999 -9999 -9999 -9999 -9999 -9999 -9999 -9999 -9999 -9999 -9999 -9999 -9999 -9999 -9999 -9999 -9999 -9999 -9999 -9999 -9999 -9999 -9999 -9999 -9999
86.11400 87.60920 85.65350 84.28060 71.64700 69.20850 -9999 -9999 -9999 -9999 -9999 -9999 -9999 -9999 -9999 -9999 -9999 -9999 -9999 -9999 -9999 -9999 -9999 -9999 -9999 -9999 -9999 -9999 -9999 -9999 -9999 -9999 -9999 -9999 -9999 -9999 -9999 -9999 -9999 -9999 -9999 -9999 -9999 -9999 -9999 -9999 -9999 58.61660 -9999 -9999 -9999 -9999 -9999 -9999 -9999 -9999 -9999 -9999 -9999 -9999 -9999 -9999 -9999 -9999 -9999 -9999 -9999 -9999 -9999 -9999 -9999
97.82740 95.76450 92.44950 90.90060 91.19530 91.07430 70.39730 65.65390 50.87190 52.91370 31.98550 33.46760 36.77100 104.09900 102.79600 99.63470 92.51910 76.59890 435.56500 -9999 -9999 -9999 -9999 -9999 -9999 -9999 -9999 -9999 -9999 -9999 -9999 -9999 -9999 -9999 -9999 -9999 -9999 -9999 -9999 -9999 -9999 -9999 16.33270 34.54910 24.56090 8.21988 6.96936 24.61230 74.54820 -9999 -9999 -9999 66.33360 -9999 -9999 -9999 69.87190 88.51100 82.97690 -9999 -9999 -9999 -9999 -9999 -9999 -9999 -9999 -9999 -9999 -9999 -9999
102.66000 96.68600 95.97020 96.55190 95.33640 96.94760 14.33010 0.55246 0.21681 0.27275 0.73714 0.85909 0.30303 0.35833 0.10949 1.86290 1.23171 1.03945 0.02342 0.01727 0.75849 8.23071 58.19250 114.24700 74.91140 -9999 -9999 -9999 -9999 -9999 89.27450 88.42800 98.40670 103.94400 104.28600 96.25410 86.51410 87.30520 84.99550 82.66240 78.65930 78.83660 10.14030 14.05070 11.27510 11.83590 10.81990 16.59880 89.62500 92.85380 93.44340 86.76350 82.72220 93.76050 92.63510 88.73300 100.50100 91.48780 58.54590 63.59480 75.27070 80.31280 87.00720 84.24470 -9999 -9999 -9999 -9999 -9999 -9999 -9999
110.15100 110.15000 109.31300 59.40500 60.02710 40.98310 0.43801 0.51642 0.32359 0.30918 0.00000 0.08310 1.04412 1.15482 1.34304 1.07809 0.12294 0.10751 0.37690 1.07242 2.96079 8.03973 75.96190 20.84360 48.23290 65.43600 85.50280 105.21600 114.99000 110.03700 106.72100 104.90100 105.05900 119.95800 127.36300 113.69300 102.37300 105.28900 109.72900 101.13000 101.61600 102.56000 95.47000 96.24190 101.19800 99.82650 94.72560 94.24630 92.21680 90.29220 93.30990 89.78280 96.71070 100.49700 107.63500 123.64900 123.44900 121.29900 131.48700 132.34000 119.42300 132.85600 119.51600 107.60400 98.51740 86.88800 86.79780 86.20870 80.92700 85.02800 89.23610
66.22730 39.51710 87.32140 25.14340 22.90510 0.26415 0.53717 0.48057 0.31524 0.25701 0.03168 0.02810 1.18643 0.84837 0.64220 0.52892 0.07369 2.40859 27.30160 28.18720 31.49350 66.62400 191.35600 197.67400 72.31470 77.69700 68.09270 91.76900 112.18400 130.33400 146.02200 112.94200 114.54900 128.30800 150.54500 155.66100 152.98100 150.65900 139.19000 133.81300 121.07500 124.55400 113.68100 106.40600 108.19100 104.37300 96.49290 100.03900 103.99900 101.01500 100.92700 102.79200 108.35600 117.22600 123.08000 133.96600 142.54300 130.95399 132.27600 138.25301 143.81200 157.72900 125.80100 128.69000 115.67900 112.04700 107.49300 118.21600 129.83299 137.22200 143.19000
101.96500 105.98900 73.22930 54.08410 52.50180 37.39880 35.78520 15.32880 15.16350 15.98460 16.42940 15.65900 10.80860 10.13780 0.20050 12.29920 48.08430 13.97260 23.24990 20.38400 82.14270 144.26801 203.16299 216.03900 106.51400 96.57670 107.98700 63.29010 58.81680 87.44120 186.47200 156.17400 146.85400 142.54100 150.05600 157.78101 162.23399 145.92000 135.38600 129.81900 121.42300 112.54400 110.80000 114.74900 117.67700 118.86900 125.00700 127.07800 127.42500 126.30500 126.55300 118.01900 116.89700 118.79700 125.46600 123.36000 118.30400 132.23700 147.15900 152.61600 150.20700 152.97501 128.33800 135.97301 137.87500 149.41200 154.10699 149.09000 141.88499 144.62300 149.01900
145.10001 170.47000 129.44000 99.61010 84.96750 77.69870 65.70000 47.09330 83.15550 77.90580 73.36840 63.36290 71.75870 68.65110 75.01140 72.87860 66.45540 76.61450 256.42499 227.73900 141.00700 165.41600 126.12400 160.08900 77.28160 95.06310 123.65900 135.83000 154.30299 125.46100 226.57201 221.20399 185.27600 174.11700 155.31000 141.91901 136.07100 130.74300 133.26300 138.83099 127.80200 116.86600 128.52499 141.90300 137.73199 135.45000 146.01300 143.55701 141.15800 131.45300 131.69299 142.67000 129.39700 127.74700 131.52800 134.69000 144.11200 147.63499 150.56100 145.64999 140.60001 135.28000 137.53000 147.56300 155.84700 164.66901 167.27499 186.18300 192.69200 196.88699 193.38901
143.52400 210.55400 213.64200 172.00900 127.24800 104.18000 94.43010 91.25110 75.00540 72.60610 70.09460 70.71950 75.01140 76.41290 83.70630 91.04870 96.69880 99.29970 165.17400 97.62470 21.60840 24.70960 63.77570 51.82700 56.78540 95.42750 116.70100 137.63300 149.65300 161.41200 168.66000 201.42101 195.41400 180.94299 158.47200 140.14999 141.33000 146.84500 139.94800 136.26401 136.74500 121.38500 133.34200 131.37500 130.12500 128.44800 133.14101 141.61700 145.31200 144.78999 152.17700 145.86301 145.27699 148.10400 146.73700 147.17000 161.00500 143.38901 145.11600 136.48801 129.43300 126.69000 131.11501 137.78000 147.77400 158.88901 165.85100 181.28101 185.56000 192.77699 193.36200
186.57201 175.45700 136.93100 90.01420 78.07400 79.86390 77.55280 81.90960 77.64450 77.51700 76.75610 78.96440 87.56660 94.56950 99.44830 96.77700 97.72490 96.28030 227.12801 178.38200 13.38580 5.71388 4.93318 19.44540 50.65030 111.63200 148.61700 162.37900 143.18401 158.32899 153.25900 201.57100 211.77600 194.45900 173.39600 160.21100 158.57100 150.41701 144.35699 143.14900 139.55099 126.49700 131.33200 128.31799 123.15300 129.64900 143.24699 145.92799 151.69501 152.56599 164.02499 158.89600 147.59500 142.62399 138.02800 134.86900 133.80701 143.77600 141.69000 143.19800 129.30800 129.01300 129.19200 133.57600 139.71300 128.32899 135.98399 149.85500 166.76801 185.04401 199.80600
182.83900 121.50200 105.03800 105.55600 100.47900 118.64600 170.14799 157.58701 134.02600 148.97400 53.36550 58.69020 97.39580 96.31170 117.63600 117.91600 116.78900 102.24800 124.16500 156.54401 13.87060 10.75290 9.21601 19.98560 18.70040 73.27120 94.18330 106.18500 141.24001 168.03999 164.04500 166.52699 168.13300 173.65199 165.54300 174.90800 181.27000 171.49899 197.01100 189.15700 191.40700 179.35300 161.38000 148.14900 144.74200 169.16100 180.77000 204.94701 218.89200 210.30299 196.91100 187.78900 164.55099 153.65500 143.14000 151.74699 146.06599 151.00000 134.82001 119.37500 125.20200 124.96700 130.58800 134.66499 130.50900 134.82800 141.78200 150.09100 166.76900 178.31700 188.25600
112.42800 114.42900 133.63499 107.63200 81.69090 105.86400 149.53300 151.93800 133.72400 54.09080 30.63320 31.24970 3.84211 26.72820 22.29940 19.78050 112.35800 114.28600 140.04800 170.91299 30.74150 10.15330 16.75720 24.34400 25.52410 31.24360 57.34410 65.18510 87.41940 121.14600 148.40300 172.22701 170.76199 150.51900 158.56400 129.93201 112.24400 142.89500 196.89101 183.02000 194.71800 223.46500 277.04099 282.29800 299.29300 293.43201 269.81201 236.03999 261.42300 241.47800 203.64799 167.41701 180.01300 166.60400 149.18800 157.92900 155.47400 140.38400 130.73000 140.42000 146.34500 124.39300 129.35899 135.63800 128.86099 134.59700 133.70500 142.55901 153.64101 162.39101 161.91200
98.95000 98.53580 102.32800 95.79230 88.67050 91.00490 90.85340 96.83900 124.87400 123.59000 46.81580 20.33790 1.91139 1.44397 0.90419 1.44123 0.00000 0.06119 11.26640 215.90100 264.07001 11.51190 10.05730 9.00661 10.06950 14.99150 12.65090 28.33420 37.48290 49.51100 40.04120 46.16940 53.92270 54.63640 44.63470 56.89420 68.67110 63.77810 106.35100 136.45900 171.56000 197.56599 266.63800 269.86301 320.64301 378.90701 401.50000 353.22000 291.56699 230.74699 199.34300 159.28300 160.96001 183.76199 174.47200 163.05000 151.15300 145.49100 128.42300 131.98700 141.52901 154.17101 164.86501 158.61900 138.37601 127.56200 126.45100 139.02100 139.58400 145.02200 143.87300
85.91610 89.95160 96.55740 94.08390 103.94600 102.28800 110.76500 96.83880 89.85340 89.47620 97.05610 115.44900 69.45810 46.43750 20.92250 15.41100 10.72160 0.12382 25.52750 53.36230 53.16030 123.02600 10.43010 56.21670 26.46870 13.14010 14.22110 21.65940 39.99050 82.69660 81.94800 96.93540 62.19450 71.03880 45.13620 59.39420 89.93270 89.53970 132.88000 171.35699 191.32600 232.82401 321.41199 365.69299 373.55801 394.28000 431.26999 429.13199 418.04999 337.91400 288.12399 229.10201 182.49500 223.25301 235.64999 184.25700 171.77699 166.32300 149.81900 148.53799 148.66200 161.66100 163.03000 152.87100 156.11301 156.15199 141.99699 133.33099 142.93900 140.53000 142.62300
155.48500 166.00301 174.24300 167.75500 152.87700 220.50200 253.02499 232.73500 135.42599 181.60500 229.42400 254.35500 163.98700 95.53220 81.16740 82.90670 79.39550 79.38840 79.67260 33.06130 83.55410 56.05330 71.27190 100.37600 92.04600 110.75200 146.14101 144.85300 155.73700 198.77200 205.97099 133.69000 119.02500 115.54700 112.64600 125.21700 95.37290 127.97200 162.64900 208.59000 261.14301 312.59201 352.86499 421.53900 448.67899 487.91599 503.27802 502.70099 455.95401 395.25201 330.63699 296.29800 229.54601 192.44099 195.45100 212.23100 180.12500 173.39999 169.16299 160.09399 157.98300 160.12100 167.55400 171.35001 165.44800 160.43401 152.69299 142.84200 137.44701 141.52200 153.14101
-9999 469.85300 363.99399 258.44800 251.79100 238.91000 255.16800 327.36099 296.95599 338.94601 282.31299 211.07201 260.42300 259.47299 223.89999 113.82000 71.96440 67.80550 272.83099 249.97800 189.93100 188.50400 144.27901 193.66901 96.03560 116.16800 133.38200 182.21001 163.77400 185.47600 166.43500 100.14500 74.81080 87.93570 59.62480 76.95110 111.56000 148.41400 168.00101 217.65800 287.21100 365.11200 412.80499 475.63501 517.82098 543.40002 558.56299 555.38800 496.36401 439.43301 412.51001 352.83099 289.46301 242.27600 189.53600 213.70599 196.64301 184.17999 170.27299 180.79500 171.49600 170.27901 168.51900 159.34900 165.15800 166.79601 162.84399 161.02499 141.86600 141.26100 141.38600
804.96698 457.32401 364.00000 311.59601 232.89799 219.86301 224.98399 145.29100 138.20599 147.11900 161.02400 167.10699 121.40800 143.82201 148.24800 162.41901 126.09000 62.79170 286.57401 335.95300 354.18799 357.20599 236.26700 148.80200 34.82090 19.34260 102.49100 127.37700 115.53900 139.58501 142.32700 93.26670 74.23600 43.73120 42.99300 81.20160 128.96800 148.28900 196.19400 261.76099 287.91501 372.52499 431.48001 500.72400 587.34802 604.07703 634.11200 601.19202 518.22699 501.05600 427.72299 369.63501 340.94800 259.75500 235.81599 175.80499 194.72800 189.82600 160.73700 156.69000 158.27600 157.94800 162.04900 162.02200 167.03101 173.91100 180.19701 177.77901 168.75500 146.02600 144.55299
290.53000 207.71500 326.42200 437.52701 488.92200 344.69000 206.11900 148.83099 106.92200 108.86300 103.13700 102.49000 218.86700 392.14999 405.83499 343.88699 277.23801 162.21001 234.64000 267.72299 295.19800 561.52899 511.33499 253.00999 125.98800 76.88770 80.03880 68.93260 96.94300 113.68300 98.69200 65.35930 65.63320 35.86850 53.96680 82.05430 155.76500 181.31100 238.73700 289.19299 355.47800 415.27600 488.84799 562.37097 639.23297 701.08301 640.72601 628.99103 597.93799 559.65698 457.88501 421.14401 399.01300 309.60300 254.64500 177.13300 182.63400 195.05600 167.40500 177.89200 204.78400 243.95700 251.56700 247.03000 242.42200 200.49100 167.86600 169.30200 172.30000 165.85400 158.01801
226.13100 160.72301 167.90700 274.42899 300.73801 218.94600 443.10901 666.84802 588.73999 318.17599 232.23700 138.53000 188.35699 315.78299 -9999 -9999 970.54602 566.63898 464.87000 510.72800 486.34299 695.55298 598.61902 315.19000 148.04800 113.59600 143.87100 171.46201 130.63400 115.78900 81.02750 54.73200 52.81230 49.66690 74.31250 112.26200 145.59599 186.83200 220.84399 284.16299 311.41599 382.81601 392.33401 505.76001 605.40100 639.21198 648.48401 524.63898 439.51901 409.16101 352.29300 356.82501 385.41101 285.16599 204.92700 209.74699 182.61900 185.24699 145.86700 148.02200 156.01601 169.10500 170.61099 175.21800 168.54201 168.04700 165.00301 168.26300 164.72701 174.53000 167.78400
