data/hydroclimate-scenarios/BCSD_hadcm_A1B/monthly_summaries/tavg_monthly_avg_feb.2070-2099.asc
ncols	311
nrows	91
xllcenter	102.75
yllcenter	31.75
cellsize	0.5
NODATA_value	-9999
[rows 31 to 61 of 91, columns 0 to 70 of 311]
-9999 -9999 -9999 -9999 -9999 -9999 -9999 -9999 -9999 -9999 -9999 -21.61160 -21.70370 -21.92860 -21.76990 -22.70100 -22.94900 -22.99230 -23.03480 -23.09880 -23.00260 -23.26090 -23.10210 -22.74330 -22.78670 -22.73200 -22.98390 -23.25850 -22.75300 -22.83710 -22.93530 -22.82390 -22.74510 -22.54090 -22.75070 -22.33580 -22.14680 -22.96830 -23.67780 -23.69070 -23.78510 -24.00730 -24.39340 -24.95370 -25.22550 -25.53380 -25.52350 -25.34040 -25.24080 -25.23240 -25.57560 -25.80610 -26.30160 -26.86750 -27.42010 -27.86870 -28.44160 -28.59580 -28.75150 -28.70540 -28.73950 -28.79460 -28.64610 -28.28660 -27.92230 -27.33710 -27.72360 -27.71370 -29.21250 -30.79000 -30.58570
-9999 -9999 -9999 -9999 -9999 -9999 -9999 -9999 -9999 -9999 -9999 -22.05370 -22.25080 -22.18550 -22.22980 -22.56430 -22.71360 -22.74800 -22.77900 -22.73140 -22.94630 -22.70400 -22.25740 -22.40350 -22.35430 -22.42230 -22.80580 -22.80390 -22.87180 -22.53410 -22.91140 -22.78980 -22.47890 -22.36480 -22.65270 -21.82340 -21.74520 -21.85000 -22.26620 -22.67060 -22.90070 -23.00990 -22.91850 -23.78740 -24.36300 -24.94950 -24.96340 -25.36390 -25.54850 -25.55310 -25.67380 -26.34410 -26.73600 -27.28210 -27.32320 -27.37680 -27.82410 -27.96510 -27.74080 -27.93020 -27.90650 -27.90330 -27.48920 -27.16170 -26.33520 -25.46890 -25.82000 -26.37430 -27.53470 -28.48160 -27.64800
-9999 -9999 -9999 -9999 -9999 -9999 -9999 -9999 -9999 -9999 -9999 -21.70150 -22.18400 -22.02580 -22.27700 -22.31350 -22.34600 -22.19150 -22.03480 -21.98730 -22.08450 -22.15970 -22.01500 -22.27540 -22.95970 -23.34570 -23.63970 -23.42130 -22.87180 -22.01440 -22.49280 -22.45630 -22.32950 -21.90630 -21.76880 -21.12360 -21.13540 -21.34550 -21.65910 -22.87490 -22.29710 -23.11680 -22.63130 -22.89830 -23.39620 -23.88790 -24.28490 -24.47590 -24.77610 -24.96500 -25.31740 -25.37530 -25.85310 -25.99030 -26.12840 -26.36180 -26.80170 -27.24640 -27.05800 -26.97480 -26.89980 -26.80520 -25.93970 -25.65330 -25.06800 -24.79510 -24.62050 -25.13630 -25.56070 -26.38320 -25.51030
-9999 -9999 -9999 -9999 -9999 -9999 -9999 -9999 -9999 -9999 -9999 -9999 -21.79160 -21.74260 -21.79820 -21.64640 -21.58810 -21.42210 -21.16280 -21.00540 -21.21640 -21.77840 -22.57680 -23.36790 -23.85900 -25.36320 -25.14790 -25.33710 -23.87270 -23.20830 -22.85380 -21.90900 -21.77600 -21.53710 -21.49170 -21.42300 -21.32140 -21.23240 -21.44650 -22.15900 -22.06730 -22.09110 -22.11390 -21.52360 -21.73880 -22.25240 -22.36570 -22.69120 -23.10500 -23.55640 -23.80870 -24.44310 -25.07970 -25.18500 -25.88880 -26.09310 -26.19800 -26.20850 -26.19940 -25.70220 -25.49610 -25.31240 -25.31430 -25.11800 -24.23320 -23.77110 -23.35220 -24.11540 -25.88770 -26.26200 -23.93380
-9999 -9999 -9999 -9999 -9999 -9999 -9999 -9999 -9999 -9999 -9999 -9999 -21.49230 -21.44730 -21.48060 -21.33720 -20.99010 -20.72490 -20.67480 -20.91810 -21.13880 -23.14560 -23.95250 -24.75790 -25.95560 -25.35360 -24.95340 -25.94420 -24.67250 -24.38730 -24.13200 -23.55880 -22.00310 -21.45110 -21.20330 -21.13020 -21.24000 -20.73940 -20.63330 -21.13960 -21.15310 -21.47080 -21.08270 -20.63360 -19.99970 -20.06550 -20.32780 -21.19170 -22.10370 -23.38440 -24.03110 -24.11890 -24.50080 -24.74030 -24.79610 -25.03130 -25.09670 -25.04470 -24.97200 -24.81130 -24.84740 -25.58150 -25.40940 -25.13160 -23.98100 -22.75730 -23.17520 -23.09260 -23.80070 -23.81120 -24.03040
-9999 -9999 -9999 -9999 -9999 -9999 -9999 -9999 -9999 -9999 -9999 -9999 -21.29420 -20.64230 -20.78760 -20.73610 -20.78180 -20.71890 -21.08210 -21.65730 -22.11030 -23.41510 -24.02580 -25.03800 -25.24780 -25.85480 -25.35430 -24.45470 -24.75590 -23.76440 -23.28260 -22.10490 -22.34350 -22.36510 -21.11650 -20.62540 -20.44160 -20.65300 -20.14500 -20.34970 -21.14200 -21.64370 -20.54550 -19.95440 -19.35870 -19.16770 -19.88670 -21.73550 -22.47520 -22.52760 -23.16160 -23.50490 -23.61950 -24.10660 -24.00520 -24.19810 -24.29070 -24.48360 -24.64630 -24.82350 -24.67730 -25.25120 -24.59400 -23.36160 -23.12510 -22.85620 -22.70120 -22.35320 -23.30660 -22.45910 -22.11240
-9999 -9999 -9999 -20.87530 -21.06040 -21.29200 -21.01270 -20.94060 -21.28170 -9999 -21.27870 -21.03760 -20.58860 -20.32820 -20.27010 -20.62140 -20.77690 -20.74020 -21.62430 -22.10710 -22.16540 -22.85560 -23.69300 -24.21860 -24.64100 -24.64010 -24.25550 -25.36710 -25.06450 -26.14130 -24.34520 -22.75440 -23.18090 -24.41020 -22.52730 -21.63500 -21.75140 -21.54950 -20.96470 -20.25810 -20.15280 -20.84830 -20.04300 -19.57550 -19.72860 -20.28670 -21.98180 -21.47050 -22.37550 -23.17160 -24.10270 -24.57440 -25.23660 -26.46690 -25.91380 -27.24420 -27.78560 -24.92540 -26.02410 -24.62690 -23.81050 -24.30340 -23.79870 -23.27960 -22.17720 -21.74150 -22.13520 -22.11810 -21.60840 -21.50010 -21.59280
-9999 -9999 -9999 -19.96740 -20.25310 -20.41740 -20.84240 -20.99340 -20.82830 -20.90090 -20.46390 -20.22260 -20.67890 -20.62740 -21.19460 -21.84220 -22.21710 -21.99530 -22.16980 -22.24100 -22.11170 -23.14620 -22.87980 -22.80200 -23.82490 -23.72890 -24.44660 -24.97150 -25.64520 -26.51690 -25.00010 -24.90100 -24.51640 -24.82810 -23.83510 -23.33420 -22.94590 -23.65400 -21.46290 -22.37140 -22.17420 -20.76680 -19.86350 -20.54490 -21.22570 -22.43110 -22.77090 -21.31870 -23.36110 -24.60350 -25.42260 -25.74440 -26.55070 -26.73870 -25.32670 -26.40850 -25.28340 -25.07650 -26.10580 -25.43240 -24.65090 -24.36990 -23.88750 -22.90360 -22.33030 -20.72340 -20.75550 -19.78840 -20.02370 -20.25580 -20.77360
-9999 -9999 -9999 -19.34950 -19.81660 -20.49250 -20.72610 -20.66910 -20.32330 -20.07230 -20.22110 -20.40410 -21.07800 -21.94550 -23.22000 -22.40200 -22.87090 -22.55700 -21.94280 -21.81940 -22.28900 -23.31840 -23.04330 -23.85410 -25.06780 -24.35500 -24.56150 -24.96540 -24.84130 -26.81340 -28.18990 -26.98810 -25.21080 -24.61290 -24.70050 -23.90890 -23.02790 -22.43440 -21.85870 -22.16420 -22.08020 -21.17830 -20.27940 -20.36790 -20.06470 -21.28430 -21.70960 -22.47150 -23.21350 -25.15480 -26.19160 -24.79420 -25.45150 -25.41790 -24.87050 -25.13290 -24.59970 -23.95710 -24.79970 -24.76500 -23.51980 -22.96050 -22.02370 -22.37000 -21.11880 -20.40180 -20.20580 -20.19190 -21.39960 -20.90430 -21.29720
-9999 -9999 -9999 -19.38930 -18.87800 -20.14140 -19.88010 -20.51560 -20.68610 -20.82560 -20.36260 -20.31300 -21.89750 -22.67820 -23.16070 -22.95070 -23.35560 -23.65360 -23.15690 -22.35510 -23.51900 -24.70600 -25.89400 -25.18440 -24.85080 -24.32340 -23.99560 -24.45730 -26.53940 -28.02690 -27.00890 -24.21250 -25.33500 -26.64620 -26.24820 -24.86480 -22.98400 -21.30820 -21.93330 -21.24780 -21.27310 -22.29870 -22.70140 -21.76180 -19.83870 -21.51640 -22.61820 -21.64070 -23.84580 -23.77420 -25.68070 -24.77580 -25.05110 -26.01800 -25.08260 -24.75420 -24.32110 -24.66840 -24.94840 -24.44310 -25.32370 -23.10040 -22.27530 -21.45840 -20.83540 -19.79430 -19.67410 -19.87970 -21.17450 -20.56210 -17.15690
-9999 -9999 -9999 -18.98480 -18.67130 -20.32700 -20.36380 -20.50820 -21.14750 -20.79330 -19.89510 -21.04190 -22.60670 -23.50400 -24.60500 -24.01560 -24.34520 -23.45420 -21.96950 -21.08280 -22.50400 -23.56640 -24.61730 -23.07640 -22.84180 -22.57930 -22.11530 -23.25260 -25.23460 -26.52650 -26.73420 -25.83950 -26.16680 -25.18640 -24.39640 -23.81140 -23.44440 -21.97260 -21.10670 -21.04460 -21.56850 -22.09350 -22.32770 -22.26410 -21.20890 -21.26710 -21.53050 -21.89910 -22.78210 -23.57590 -24.26660 -23.08210 -24.05680 -25.82610 -23.98990 -25.26680 -23.51340 -23.27690 -23.79290 -25.10880 -24.32030 -23.33090 -22.34520 -22.85830 -22.17190 -19.67310 -19.65820 -20.34830 -20.24400 -17.22960 -13.52150
-9999 -9999 -9999 -9999 -20.05230 -20.81320 -20.64900 -21.49560 -21.62900 -21.13320 -19.95740 -20.98830 -24.32650 -22.54060 -9999 -9999 -9999 -9999 -9999 -24.18970 -24.30450 -23.42910 -24.35440 -25.57640 -24.71140 -23.84500 -22.03450 -23.14450 -24.05050 -23.75900 -24.56440 -24.69610 -24.83880 -23.56840 -21.87350 -21.19040 -21.63930 -20.67550 -20.72210 -20.55390 -19.99220 -20.12650 -20.56080 -21.56720 -21.08420 -20.71790 -21.25230 -22.68940 -22.22860 -21.88970 -23.06910 -23.47860 -22.74350 -24.42760 -24.80430 -25.47720 -25.62590 -25.18040 -24.73980 -23.97620 -24.23230 -24.27350 -23.31040 -22.13860 -21.39290 -21.05100 -19.63560 -17.31970 -15.40670 -9999 -9999
-9999 -9999 -18.26250 -19.34560 -20.13640 -20.29170 -20.74080 -21.87470 -21.05870 -20.97910 -20.10580 -21.32100 -24.04850 -9999 -9999 -9999 -9999 -9999 -25.96000 -23.89070 -23.59640 -21.88520 -22.08640 -23.55490 -23.57750 -23.26960 -21.37370 -21.54180 -22.05570 -22.06120 -22.78200 -23.09210 -22.58890 -22.34760 -21.56730 -20.20320 -20.74750 -20.40060 -20.54850 -20.18780 -20.42410 -19.77300 -20.01270 -19.78450 -19.36750 -19.56940 -20.05990 -20.36750 -19.87370 -19.39360 -20.16530 -20.67200 -21.15240 -20.83770 -22.29930 -21.47240 -22.63470 -23.88950 -23.78070 -21.75880 -21.73120 -21.50000 -20.97740 -20.86050 -19.63260 -18.54460 -17.12180 -9999 -9999 -9999 -9999
-9999 -9999 -17.95770 -18.74530 -19.14990 -19.89160 -19.82980 -21.21790 -20.92760 -20.34010 -21.06030 -21.68150 -21.60790 -9999 -9999 -9999 -9999 -22.29130 -24.41540 -22.04790 -21.65380 -20.93620 -21.53270 -21.50580 -20.79500 -20.09290 -20.56870 -21.26070 -21.18280 -20.88930 -21.71120 -22.73800 -21.41270 -20.60190 -20.66070 -20.30710 -20.05920 -19.81820 -20.96640 -21.41010 -20.35710 -20.60750 -20.36290 -19.62170 -19.98470 -19.56540 -19.04520 -19.83930 -18.13040 -19.02550 -18.99170 -19.00000 -18.89010 -19.26190 -19.63920 -18.20740 -19.08020 -21.64710 -22.22310 -20.79800 -19.97150 -21.13480 -19.70100 -17.86620 -16.53690 -9999 -9999 -9999 -9999 -9999 -12.67610
-9999 -9999 -16.98170 -18.55690 -18.94940 -19.50510 -19.56830 -20.10400 -20.42970 -20.55610 -21.68380 -21.77820 -16.87260 -9999 -9999 -9999 -9999 -23.69600 -22.89180 -21.69310 -21.09670 -20.08430 -19.59070 -19.57930 -20.07370 -19.96850 -20.99540 -20.61640 -21.03660 -21.05890 -21.57330 -21.59830 -21.35410 -20.95270 -19.91660 -20.20830 -20.47250 -20.64170 -21.18610 -20.33550 -19.99320 -19.06230 -18.50410 -19.26440 -19.03160 -19.80860 -19.80300 -20.09900 -19.29080 -19.49140 -18.34350 -18.96970 -19.04750 -19.43770 -19.62340 -17.69940 -17.59170 -19.66460 -19.29780 -18.71880 -16.93470 -16.54760 -16.26930 -17.09910 -18.11360 -18.14010 -15.57540 -16.22550 -14.47550 -9999 -9999
-9999 -9999 -9999 -17.36780 -18.25140 -18.59210 -18.50190 -18.53780 -19.46530 -20.36410 -19.65870 -17.14380 -9999 -9999 -9999 -9999 -22.55950 -22.72610 -21.19950 -20.46470 -19.93650 -18.82580 -19.32800 -19.42610 -19.94920 -20.27780 -20.60790 -21.05720 -21.09360 -22.71690 -22.43150 -21.26870 -20.20550 -19.69930 -19.16900 -18.85550 -18.85750 -18.93600 -19.19330 -19.14820 -19.02290 -18.24580 -18.10450 -17.67540 -17.05440 -17.92640 -17.62610 -17.41220 -18.11100 -18.31860 -19.38550 -19.20780 -18.70440 -19.69630 -20.59880 -20.26380 -19.87230 -20.77050 -20.04850 -18.23180 -17.60250 -17.28090 -18.84270 -22.01980 -23.67590 -18.81830 -16.25710 -15.99540 -14.83650 -14.22570 -9999
-9999 -9999 -9999 -9999 -16.63400 -17.40360 -17.84820 -18.66440 -19.45880 -18.23950 -16.12730 -9999 -9999 -9999 -9999 -21.57720 -21.92130 -20.65550 -19.59560 -19.33120 -18.79680 -18.28550 -18.60540 -19.80490 -20.24180 -19.57960 -19.73180 -20.19160 -21.05140 -21.26880 -21.71150 -19.83680 -19.17430 -18.93520 -19.40940 -19.00000 -18.91290 -18.81660 -19.22220 -19.10140 -19.31540 -18.56340 -17.87790 -17.35970 -16.73180 -17.11860 -17.40350 -17.19990 -17.31350 -17.81640 -17.98850 -18.04630 -18.65110 -19.06100 -18.96480 -18.43320 -17.87400 -19.78240 -19.41380 -17.84090 -18.67950 -19.58790 -19.71290 -19.32010 -20.34290 -18.70910 -16.20970 -15.36360 -16.10580 -15.41510 -15.11190
-9999 -9999 -9999 -9999 -9999 -9999 -17.04830 -17.34360 -16.33080 -15.90900 -17.59380 -9999 -9999 -9999 -9999 -9999 -19.86660 -19.17830 -18.59200 -18.69440 -18.65260 -16.17070 -18.78450 -19.43310 -19.56220 -18.80200 -18.76390 -19.62620 -19.81090 -20.14690 -20.66460 -19.69790 -18.72760 -19.68800 -19.27560 -18.37340 -18.98870 -19.89410 -19.01200 -19.69000 -19.53570 -20.04990 -19.48430 -18.23950 -18.03350 -17.10580 -16.81010 -17.09410 -17.40650 -17.63080 -17.60420 -18.05260 -17.99230 -18.31380 -18.72460 -18.44210 -18.36040 -18.77140 -18.75560 -18.73050 -19.31300 -19.79550 -19.97000 -20.64340 -21.41160 -19.39280 -16.90060 -15.12710 -15.70230 -16.10160 -16.38970
-9999 -9999 -9999 -9999 -9999 -9999 -9999 -9999 -9999 -9999 -9999 -9999 -9999 -9999 -9999 -9999 -9999 -9999 -9999 -18.06970 -18.03650 -16.66080 -17.70990 -18.24950 -18.59190 -18.82740 -19.17410 -18.41020 -18.79170 -20.12980 -20.26700 -19.29750 -19.82030 -19.57650 -19.38240 -19.09840 -18.80340 -19.50180 -19.52330 -20.15920 -20.50850 -19.82790 -19.04200 -18.41010 -18.16340 -17.35560 -16.83950 -16.82360 -17.03660 -17.36070 -17.43990 -17.40540 -17.76180 -17.50540 -18.24120 -18.35060 -18.36980 -18.09240 -18.64850 -18.71290 -20.26680 -19.53720 -19.80560 -20.96950 -21.12520 -17.54250 -15.70260 -14.78340 -15.33940 -16.98860 -17.32740
-9999 -9999 -9999 -9999 -9999 -9999 -9999 -9999 -9999 -9999 -9999 -9999 -9999 -9999 -9999 -9999 -9999 -9999 -17.41010 -17.59190 -17.03840 -16.53670 -16.75590 -17.09640 -17.34130 -17.87730 -17.92360 -18.56960 -19.32450 -20.07810 -20.01020 -20.23470 -20.34820 -20.00740 -19.62290 -19.03170 -19.33000 -19.03070 -19.92620 -20.41480 -20.56540 -19.56720 -19.08220 -18.92910 -18.58480 -18.44400 -17.42680 -16.60040 -16.30460 -16.61770 -16.51130 -16.90210 -17.06490 -17.42320 -18.17440 -17.51400 -17.74080 -19.28690 -20.16170 -18.82800 -18.21080 -17.58880 -18.45980 -19.12680 -19.51090 -16.74080 -15.54010 -14.73840 -14.89590 -15.15530 -16.00900
-9999 -9999 -9999 -9999 -9999 -9999 -9999 -9999 -9999 -9999 -9999 -9999 -9999 -9999 -9999 -9999 -9999 -17.06210 -17.03830 -16.11270 -16.25400 -16.43840 -16.64660 -16.55110 -16.78160 -17.41880 -17.66840 -18.70490 -20.06740 -20.53100 -20.55910 -20.16600 -20.18330 -19.23980 -18.95880 -19.76370 -20.34410 -20.14640 -19.67900 -20.17490 -19.88820 -19.01600 -19.00470 -18.44540 -17.89920 -17.54910 -17.10600 -16.88390 -15.77720 -15.98680 -15.57810 -15.68120 -16.54530 -17.31650 -17.52030 -17.49840 -18.05130 -19.41190 -19.69600 -18.28580 -16.37070 -17.25240 -20.14080 -20.22470 -17.01310 -15.76760 -15.79020 -14.60490 -14.66940 -14.83790 -16.41460
-9999 -9999 -9999 -9999 -9999 -9999 -9999 -9999 -9999 -9999 -9999 -9999 -9999 -9999 -9999 -9999 -9999 -16.88310 -16.16760 -16.94760 -16.45540 -16.32970 -16.34450 -16.15030 -15.24860 -16.66650 -17.19890 -18.25420 -18.71360 -19.76810 -19.89920 -19.60480 -19.22170 -18.57610 -19.29130 -19.88440 -19.98240 -19.85900 -20.63840 -20.01820 -19.50080 -18.32800 -17.81540 -17.47800 -17.31200 -15.66530 -15.31440 -16.86660 -16.14860 -14.94520 -14.84410 -15.13570 -16.02890 -16.62360 -16.81530 -17.34090 -19.04880 -18.93450 -17.82240 -17.12160 -17.31800 -18.31040 -18.21930 -18.21740 -19.24240 -17.70430 -15.64730 -16.47410 -14.73960 -14.23830 -14.42230
-9999 -9999 -9999 -9999 -9999 -9999 -9999 -9999 -9999 -9999 -9999 -9999 -9999 -9999 -9999 -9999 -18.44450 -17.92780 -17.48630 -16.84830 -15.65040 -14.94220 -15.74030 -15.04150 -14.05680 -16.16960 -16.47840 -16.39790 -17.33820 -18.89140 -19.23200 -18.85120 -18.86030 -18.00660 -18.43080 -18.92720 -19.29320 -19.52850 -19.89810 -18.74880 -17.81820 -17.41720 -17.20640 -16.57270 -16.11380 -15.26160 -14.90900 -16.76870 -15.91880 -14.49420 -14.19530 -14.69500 -15.71440 -16.21700 -16.63290 -17.05450 -17.38910 -17.61870 -17.15900 -17.56980 -16.87250 -17.09580 -17.92250 -19.44060 -17.45430 -16.55980 -15.80000 -14.85580 -13.39260 -13.43820 -14.24760
-9999 -9999 -9999 -9999 -9999 -9999 -9999 -9999 -9999 -9999 -9999 -9999 -9999 -18.68190 -19.20350 -18.81760 -18.86820 -19.34000 -17.71850 -15.36410 -14.97470 -15.94760 -15.42210 -15.61700 -16.22090 -15.02500 -15.52070 -16.01180 -16.44900 -16.86870 -17.39250 -17.72460 -18.04780 -18.11070 -18.34060 -18.74580 -18.28670 -17.69460 -17.57240 -17.22720 -16.68420 -15.97760 -15.66560 -14.74940 -14.99700 -15.23860 -15.17850 -15.01470 -15.02930 -15.11780 -15.18650 -15.48190 -15.77000 -15.51370 -15.91580 -16.74200 -16.47050 -16.12250 -15.90470 -15.98220 -15.92210 -15.55800 -15.50570 -15.04400 -13.78170 -12.48080 -12.34810 -12.60240 -12.66930 -12.97210 -14.19800
-9999 -9999 -9999 -9999 -9999 -9999 -9999 -9999 -9999 -9999 -9999 -9999 -18.31890 -18.76150 -19.20990 -18.72850 -18.35530 -17.84630 -17.43550 -14.10380 -15.40570 -14.94370 -14.89890 -15.26740 -15.64700 -14.41730 -14.81970 -15.10500 -15.68340 -15.91370 -16.54610 -16.96810 -17.39820 -17.67540 -17.71170 -17.69300 -17.33210 -16.54880 -16.25530 -15.53570 -15.61650 -15.19640 -14.81630 -14.39290 -14.55900 -14.98420 -14.78160 -14.74500 -15.02540 -15.30140 -15.19680 -15.16100 -15.32890 -15.00640 -15.29790 -15.40110 -15.35560 -16.00950 -16.43300 -16.11840 -15.80920 -14.60640 -14.17230 -14.23360 -13.00670 -11.82640 -11.87370 -12.02620 -11.98680 -13.45000 -15.06260
-9999 -9999 -9999 -9999 -9999 -9999 -9999 -9999 -9999 -9999 -9999 -20.36360 -19.91650 -20.05660 -18.93560 -17.77170 -17.12130 -16.54480 -16.03890 -15.83250 -15.22970 -14.24200 -14.57420 -14.70820 -15.16580 -15.42790 -15.73710 -14.90060 -14.60890 -15.05550 -15.99860 -16.64510 -16.97320 -17.24320 -17.04730 -17.62640 -17.49560 -16.41640 -14.82070 -14.22620 -13.92800 -14.04000 -13.45120 -13.50350 -13.85380 -14.14980 -14.19760 -14.35570 -14.53110 -14.88850 -14.76440 -16.27500 -15.74060 -15.70010 -15.45290 -15.12580 -14.27010 -14.72550 -13.75250 -13.27550 -13.19550 -12.21680 -11.92450 -11.73300 -11.42610 -11.15160 -11.39480 -11.14000 -12.48530 -13.83700 -15.64160
-9999 -9999 -9999 -9999 -9999 -9999 -9999 -9999 -9999 -9999 -19.47200 -19.93770 -18.89010 -19.58830 -18.26490 -17.33430 -16.94010 -16.55320 -16.26220 -15.96950 -15.47560 -14.35990 -14.24140 -14.45870 -14.50260 -14.75850 -15.16290 -14.00640 -14.32820 -15.01200 -15.46520 -16.06230 -16.54400 -16.65030 -16.75670 -17.30460 -17.14840 -15.88240 -14.41180 -13.44420 -12.86750 -12.48890 -11.99040 -12.60340 -12.99810 -13.27460 -13.42310 -13.67560 -13.92430 -14.17790 -14.33940 -15.83800 -15.13010 -15.08420 -14.63940 -13.90320 -14.01280 -13.42470 -12.08950 -12.14860 -12.18390 -11.72770 -11.47270 -11.30940 -11.07240 -10.88000 -10.82100 -10.96390 -12.40000 -14.43690 -15.70070
-9999 -9999 -9999 -9999 -9999 -9999 -9999 -9999 -9999 -16.84660 -17.20970 -17.57590 -18.03470 -17.99030 -17.85610 -17.65570 -17.42400 -16.65130 -15.78090 -15.31850 -14.81420 -14.87580 -14.91930 -14.44620 -14.28500 -14.09170 -14.03560 -14.50090 -14.90120 -15.21550 -15.09070 -16.54050 -17.14260 -17.87260 -18.38460 -18.05310 -17.57280 -15.29790 -14.11850 -12.25840 -11.40260 -10.72650 -10.44400 -10.91010 -11.31190 -11.82560 -11.95730 -13.08510 -13.51500 -13.56070 -13.81830 -14.69320 -15.18070 -16.87420 -16.72200 -12.28110 -11.32760 -10.61680 -10.81560 -10.99390 -11.26840 -11.24090 -11.01990 -10.79570 -10.56740 -10.61690 -10.85050 -11.77260 -12.80290 -13.62590 -13.36730
-9999 -9999 -9999 -9999 -9999 -9999 -9999 -9999 -9999 -9999 -16.46500 -16.80340 -17.04670 -16.97920 -16.30470 -16.99310 -17.33250 -16.67720 -16.01210 -15.84500 -15.83900 -15.06890 -14.92890 -9999 -9999 -9999 -9999 -9999 -9999 -14.68660 -15.00360 -15.89060 -16.42800 -17.37180 -18.21030 -17.58050 -16.79610 -14.48520 -13.07000 -11.14760 -10.45170 -9.76709 -9.45036 -9.98509 -10.52910 -11.16690 -11.61220 -12.45390 -12.88010 -12.91930 -13.28710 -13.84760 -14.73850 -16.31940 -16.10840 -11.43770 -10.28230 -9.93592 -10.16380 -10.49050 -10.58110 -10.90660 -10.76720 -10.71050 -11.89700 -10.62720 -11.41510 -12.09220 -14.85580 -13.94160 -14.01230
-9999 -9999 -9999 -9999 -9999 -9999 -9999 -9999 -9999 -9999 -9999 -9999 -16.28220 -15.93210 -16.29010 -14.40100 -14.75880 -14.59470 -14.53330 -9999 -9999 -9999 -9999 -9999 -9999 -9999 -9999 -9999 -9999 -9999 -9999 -9999 -9999 -15.88380 -17.22870 -15.99170 -15.14840 -12.97900 -11.22320 -9.94983 -9.29013 -8.64497 -8.70359 -8.98050 -9.57988 -10.15460 -10.63490 -11.23950 -11.51720 -11.99210 -12.45900 -14.71340 -14.79270 -14.27110 -13.54650 -10.82280 -10.36500 -9.90670 -9.66166 -9.80681 -10.15750 -10.89440 -11.21460 -10.92830 -10.46430 -10.15270 -11.23260 -11.71020 -12.17150 -10.93680 -10.80000
-9999 -9999 -9999 -9999 -9999 -9999 -9999 -9999 -9999 -9999 -9999 -9999 -9999 -9999 -9999 -9999 -9999 -9999 -9999 -9999 -9999 -9999 -9999 -9999 -9999 -9999 -9999 -9999 -9999 -9999 -9999 -9999 -9999 -9999 -15.36210 -15.09290 -12.80200 -11.78950 -10.08310 -8.96708 -8.45372 -8.16529 -8.05695 -8.17481 -8.81460 -9.53884 -10.07450 -10.58540 -11.13050 -11.63850 -12.20970 -14.07440 -14.23720 -13.70960 -13.08240 -9.75485 -9.60856 -10.29340 -9.96090 -9.74314 -10.00190 -10.75320 -10.59290 -10.25600 -9.72862 -10.18690 -11.05290 -11.41680 -12.17910 -10.53870 -8.70405
