data/hydroclimate-scenarios/BCSD_hadcm_A1B/monthly_summaries/tavg_monthly_avg_dec.2070-2099.asc
ncols	311
nrows	91
xllcenter	102.75
yllcenter	31.75
cellsize	0.5
NODATA_value	-9999
[rows 0 to 30 of 91, columns 0 to 70 of 311]
-9999 -9999 -9999 -9999 -9999 -9999 -9999 -9999 -9999 -9999 -9999 -9999 -9999 -9999 -9999 -9999 -9999 -9999 -9999 -9999 -9999 -9999 -9999 -9999 -9999 -9999 -9999 -9999 -9999 -9999 -9999 -9999 -9999 -9999 -9999 -9999 -9999 -9999 -9999 -9999 -9999 -9999 -9999 -9999 -9999 -9999 -9999 -9999 -9999 -9999 -9999 -9999 -9999 -9999 -9999 -9999 -9999 -9999 -9999 -9999 -9999 -9999 -9999 -9999 -9999 -9999 -9999 -9999 -9999 -9999 -9999
-9999 -9999 -9999 -9999 -9999 -9999 -9999 -9999 -9999 -9999 -9999 -9999 -9999 -9999 -9999 -9999 -9999 -9999 -9999 -9999 -9999 -9999 -9999 -9999 -9999 -9999 -9999 -9999 -9999 -9999 -9999 -9999 -9999 -9999 -9999 -9999 -9999 -9999 -9999 -9999 -9999 -9999 -9999 -9999 -9999 -9999 -9999 -9999 -9999 -9999 -9999 -9999 -9999 -9999 -9999 -9999 -9999 -9999 -9999 -9999 -9999 -9999 -9999 -9999 -9999 -9999 -9999 -9999 -9999 -9999 -9999
-9999 -9999 -9999 -9999 -9999 -9999 -9999 -9999 -9999 -9999 -9999 -9999 -9999 -9999 -9999 -9999 -9999 -9999 -9999 -9999 -9999 -9999 -9999 -9999 -9999 -9999 -9999 -9999 -9999 -9999 -9999 -9999 -9999 -9999 -9999 -9999 -9999 -9999 -9999 -9999 -9999 -9999 -9999 -9999 -9999 -9999 -9999 -9999 -9999 -9999 -9999 -9999 -9999 -9999 -9999 -9999 -9999 -9999 -9999 -9999 -9999 -9999 -9999 -9999 -9999 -9999 -9999 -9999 -9999 -9999 -9999
-9999 -9999 -9999 -9999 -9999 -9999 -9999 -9999 -9999 -9999 -9999 -9999 -9999 -9999 -9999 -9999 -9999 -9999 -9999 -9999 -9999 -9999 -9999 -9999 -9999 -9999 -9999 -9999 -9999 -9999 -9999 -9999 -9999 -9999 -9999 -9999 -9999 -9999 -9999 -9999 -9999 -9999 -9999 -9999 -9999 -9999 -9999 -9999 -9999 -9999 -9999 -9999 -9999 -9999 -9999 -9999 -9999 -9999 -9999 -9999 -9999 -9999 -9999 -9999 -9999 -9999 -9999 -9999 -9999 -9999 -9999
-9999 -9999 -9999 -9999 -9999 -9999 -9999 -9999 -9999 -9999 -9999 -9999 -9999 -9999 -9999 -9999 -9999 -9999 -9999 -9999 -9999 -9999 -9999 -9999 -9999 -9999 -9999 -9999 -9999 -9999 -9999 -9999 -9999 -9999 -9999 -9999 -9999 -9999 -9999 -9999 -9999 -9999 -9999 -9999 -9999 -9999 -9999 -9999 -9999 -9999 -9999 -9999 -9999 -9999 -9999 -9999 -9999 -9999 -9999 -9999 -9999 -9999 -9999 -9999 -9999 -9999 -9999 -9999 -9999 -9999 -9999
-9999 -9999 -9999 -9999 -9999 -9999 -9999 -9999 -9999 -9999 -9999 -9999 -9999 -9999 -9999 -9999 -9999 -9999 -9999 -9999 -9999 -9999 -9999 -9999 -9999 -9999 -9999 -9999 -9999 -9999 -9999 -9999 -9999 -9999 -9999 -9999 -9999 -9999 -9999 -9999 -9999 -9999 -9999 -9999 -9999 -9999 -9999 -9999 -9999 -9999 -9999 -9999 -9999 -9999 -9999 -9999 -9999 -9999 -9999 -9999 -9999 -9999 -9999 -9999 -9999 -9999 -9999 -9999 -9999 -9999 -9999
-9999 -9999 -9999 -9999 -9999 -9999 -9999 -9999 -9999 -9999 -9999 -9999 -9999 -9999 -9999 -9999 -9999 -9999 -9999 -9999 -9999 -9999 -9999 -9999 -9999 -9999 -9999 -9999 -9999 -9999 -9999 -9999 -9999 -9999 -9999 -9999 -9999 -9999 -9999 -9999 -9999 -9999 -9999 -9999 -9999 -9999 -9999 -9999 -9999 -9999 -9999 -9999 -9999 -9999 -9999 -9999 -9999 -9999 -9999 -9999 -9999 -9999 -9999 -9999 -9999 -9999 -9999 -9999 -9999 -9999 -9999
-9999 -9999 -9999 -9999 -9999 -9999 -9999 -9999 -9999 -9999 -9999 -9999 -9999 -9999 -9999 -9999 -9999 -9999 -9999 -9999 -9999 -9999 -9999 -9999 -9999 -9999 -9999 -9999 -9999 -9999 -9999 -9999 -9999 -9999 -9999 -9999 -9999 -9999 -9999 -9999 -9999 -9999 -30.14630 -30.63660 -31.03340 -31.24460 -31.54770 -31.86410 -32.16170 -32.46290 -32.58870 -32.42710 -9999 -9999 -9999 -9999 -9999 -9999 -9999 -9999 -9999 -9999 -9999 -9999 -9999 -9999 -9999 -9999 -9999 -9999 -9999
-9999 -9999 -9999 -9999 -9999 -9999 -9999 -9999 -9999 -9999 -9999 -9999 -9999 -9999 -9999 -9999 -9999 -9999 -9999 -9999 -9999 -9999 -9999 -9999 -9999 -9999 -9999 -9999 -9999 -9999 -9999 -9999 -9999 -9999 -9999 -9999 -9999 -9999 -29.30330 -30.09270 -30.06200 -30.06070 -30.34150 -30.53830 -30.73630 -31.03190 -31.35010 -31.66420 -31.95880 -32.27480 -32.39550 -32.33610 -32.16380 -25.59700 -9999 -9999 -9999 -9999 -9999 -9999 -9999 -9999 -9999 -9999 -9999 -9999 -9999 -9999 -9999 -9999 -9999
-9999 -9999 -9999 -9999 -9999 -9999 -9999 -9999 -9999 -9999 -9999 -9999 -9999 -9999 -9999 -9999 -9999 -9999 -9999 -9999 -9999 -9999 -9999 -9999 -9999 -9999 -9999 -9999 -9999 -9999 -9999 -9999 -9999 -9999 -9999 -9999 -9999 -9999 -9999 -9999 -29.87710 -30.06750 -30.65400 -31.13310 -31.20310 -31.69120 -31.67700 -31.66260 -32.04000 -32.52060 -32.64800 -32.10340 -32.05430 -26.00080 -9999 -9999 -9999 -9999 -9999 -9999 -9999 -9999 -9999 -9999 -9999 -9999 -9999 -9999 -9999 -9999 -9999
-9999 -9999 -9999 -9999 -9999 -9999 -9999 -9999 -9999 -9999 -9999 -9999 -9999 -9999 -9999 -9999 -9999 -9999 -9999 -9999 -9999 -9999 -9999 -9999 -9999 -9999 -9999 -9999 -9999 -9999 -9999 -9999 -9999 -9999 -9999 -9999 -9999 -9999 -9999 -9999 -9999 -9999 -9999 -9999 -31.25510 -31.69590 -32.53130 -32.67250 -32.60860 -32.55800 -32.76640 -33.25360 -32.43460 -26.71680 -9999 -9999 -9999 -9999 -9999 -9999 -32.34370 -9999 -9999 -9999 -9999 -9999 -9999 -9999 -9999 -9999 -9999
-9999 -9999 -9999 -9999 -9999 -9999 -9999 -9999 -9999 -9999 -9999 -9999 -9999 -9999 -9999 -9999 -9999 -9999 -9999 -9999 -9999 -9999 -9999 -9999 -9999 -9999 -9999 -9999 -9999 -9999 -9999 -9999 -9999 -9999 -9999 -9999 -9999 -9999 -9999 -9999 -9999 -31.21500 -31.41730 -31.80870 -32.00530 -31.69700 -32.28610 -32.87360 -32.67250 -32.67020 -33.18090 -33.40140 -32.72250 -32.53280 -9999 -9999 -9999 -9999 -9999 -32.52950 -32.72240 -32.83910 -32.97170 -33.22730 -33.32640 -32.91110 -32.02740 -31.12510 -30.34140 -29.67180 -29.04520
-9999 -9999 -9999 -9999 -9999 -9999 -9999 -9999 -9999 -9999 -9999 -9999 -9999 -9999 -9999 -9999 -9999 -9999 -9999 -9999 -9999 -9999 -9999 -9999 -9999 -9999 -9999 -9999 -9999 -9999 -9999 -9999 -9999 -9999 -9999 -9999 -9999 -9999 -9999 -9999 -9999 -31.24170 -31.55640 -31.60270 -31.34210 -31.49910 -31.74090 -32.09420 -32.34190 -32.48690 -32.89700 -33.94590 -34.11490 -33.67270 -33.34030 -33.60600 -32.87490 -9999 -32.61110 -32.87950 -33.04510 -33.32220 -33.50660 -33.81210 -34.01030 -33.51920 -32.97270 -32.27650 -31.71240 -31.27870 -30.67860
-9999 -9999 -9999 -9999 -9999 -9999 -9999 -9999 -9999 -9999 -9999 -9999 -9999 -9999 -9999 -9999 -9999 -9999 -9999 -9999 -9999 -9999 -9999 -9999 -9999 -9999 -9999 -9999 -9999 -9999 -9999 -9999 -9999 -9999 -9999 -29.38160 -29.59500 -30.20290 -30.42930 -30.42850 -30.54840 -30.66720 -31.08810 -31.18670 -31.18520 -31.39310 -31.48920 -31.80330 -32.20150 -32.81950 -33.61620 -34.40640 -35.41030 -34.91380 -35.01980 -35.21870 -34.22030 -33.51640 -33.15880 -33.18840 -33.31930 -33.65890 -33.79100 -35.22990 -34.95620 -33.90410 -33.85940 -33.43050 -32.88740 -32.66500 -32.43510
-9999 -9999 -9999 -9999 -9999 -9999 -9999 -9999 -9999 -9999 -9999 -9999 -9999 -9999 -9999 -9999 -9999 -9999 -9999 -9999 -9999 -9999 -9999 -9999 -9999 -9999 -9999 -9999 -9999 -9999 -9999 -9999 -9999 -9999 -29.09730 -29.77440 -29.88730 -30.19840 -30.31130 -30.12170 -30.33700 -30.45630 -30.67610 -30.76400 -30.95380 -31.14560 -31.34400 -32.02550 -32.81860 -34.02800 -34.94390 -35.27870 -36.40590 -36.94330 -36.66000 -35.80240 -34.83370 -34.36530 -33.47350 -33.58950 -34.09160 -34.90180 -35.21170 -35.81940 -34.61040 -34.29410 -34.45270 -34.51460 -35.37570 -34.83210 -35.18750
-9999 -9999 -9999 -9999 -9999 -9999 -9999 -9999 -9999 -9999 -9999 -9999 -9999 -9999 -9999 -9999 -9999 -9999 -9999 -9999 -9999 -9999 -9999 -9999 -9999 -9999 -9999 -9999 -9999 -9999 -9999 -9999 -9999 -29.08810 -29.22360 -29.57500 -29.68500 -29.98920 -29.98090 -29.79320 -29.99370 -30.29780 -30.41050 -30.61870 -30.83040 -31.24930 -31.77050 -32.39070 -34.11830 -35.25110 -36.39430 -37.33800 -38.99150 -37.84550 -36.88930 -36.25270 -36.20040 -34.75730 -34.27080 -34.76550 -35.37210 -35.07540 -34.88040 -34.58100 -34.77080 -35.02810 -35.46510 -35.49220 -35.52130 -35.24630 -35.35260
-9999 -9999 -9999 -9999 -9999 -9999 -9999 -9999 -9999 -9999 -9999 -9999 -9999 -9999 -9999 -9999 -9999 -9999 -9999 -9999 -9999 -9999 -9999 -9999 -9999 -9999 -9999 -9999 -9999 -9999 -9999 -28.37900 -28.57790 -28.90210 -29.03710 -29.38970 -29.38590 -29.36630 -29.56400 -29.36140 -29.74860 -29.85060 -30.03860 -30.27350 -30.81240 -31.35740 -31.82280 -32.16670 -33.61100 -34.96830 -36.32690 -37.50740 -39.77800 -38.64740 -37.82200 -36.90280 -35.77810 -35.54420 -36.54440 -36.14850 -35.54970 -35.44690 -35.54290 -34.93830 -35.22840 -35.76550 -35.66270 -35.25060 -35.04840 -36.13380 -36.72470
-9999 -9999 -9999 -9999 -9999 -9999 -9999 -9999 -9999 -9999 -9999 -9999 -9999 -9999 -9999 -9999 -9999 -9999 -9999 -9999 -9999 -9999 -9999 -9999 -9999 -9999 -9999 -9999 -9999 -28.02360 -28.13750 -28.55950 -28.78200 -28.91770 -28.94290 -29.19370 -29.27400 -29.25460 -29.34040 -29.22530 -29.21030 -29.59110 -29.77570 -30.04100 -30.71620 -31.69350 -32.16740 -32.93930 -35.11510 -36.19200 -37.27840 -39.07240 -40.26120 -38.86190 -38.95570 -38.06160 -36.54700 -36.73280 -36.33670 -35.62480 -35.92810 -36.22490 -36.32200 -36.29300 -35.87570 -36.00220 -36.76260 -37.11290 -36.97050 -36.63290 -35.98990
-9999 -9999 -9999 -9999 -9999 -9999 -9999 -9999 -9999 -9999 -9999 -9999 -9999 -9999 -9999 -9999 -9999 -9999 -9999 -9999 -9999 -9999 -9999 -9999 -27.61220 -27.90830 -27.72400 -27.53160 -27.77770 -28.12370 -28.46020 -28.50080 -28.63720 -28.79250 -29.14410 -28.89670 -29.26840 -29.44310 -29.41480 -29.29210 -29.06750 -29.25900 -29.55340 -29.81390 -30.51630 -31.42470 -31.91990 -33.62530 -35.42280 -36.42930 -36.93120 -39.24670 -39.56650 -38.47720 -37.78820 -37.40650 -36.71630 -36.62980 -37.02830 -36.60140 -36.19640 -36.28200 -36.06270 -36.04580 -36.01920 -36.51670 -35.95600 -35.47770 -35.71160 -36.33800 -38.27820
-9999 -9999 -9999 -9999 -9999 -9999 -26.13990 -25.84130 -25.62360 -25.52520 -25.51780 -9999 -9999 -9999 -9999 -9999 -9999 -9999 -9999 -9999 -9999 -27.00480 -27.71990 -27.83120 -27.93110 -28.03480 -28.03670 -28.13840 -28.18090 -28.13030 -28.08470 -28.23590 -28.56930 -28.72610 -29.07490 -29.13000 -29.33980 -29.24560 -29.15320 -29.06050 -28.95340 -29.07400 -29.35330 -29.92670 -30.61630 -31.53960 -31.96830 -33.39040 -35.42040 -36.45670 -37.76900 -38.78510 -39.79850 -38.91910 -37.33490 -37.04810 -37.15910 -37.07300 -36.55400 -36.22480 -36.50960 -36.58940 -37.16130 -37.30780 -37.47190 -35.95870 -35.40050 -35.93580 -35.86840 -35.50670 -35.95580
-9999 -9999 -9999 -9999 -9999 -26.16050 -26.36230 -26.66260 -26.25520 -26.26120 -26.05640 -26.76380 -26.56540 -26.94980 -9999 -9999 -9999 -26.86080 -27.20800 -27.17120 -27.35960 -27.52150 -27.79710 -27.68750 -28.07810 -27.87080 -27.95950 -27.66680 -27.79450 -27.92130 -27.75810 -27.80540 -27.96500 -28.02510 -28.27590 -28.67060 -28.79820 -28.92630 -28.86660 -28.59040 -28.71800 -28.74540 -29.13470 -29.62240 -30.42350 -31.24240 -32.68840 -34.53310 -35.78590 -36.73270 -37.75340 -38.45590 -38.55040 -37.73100 -37.31570 -37.39990 -37.49580 -36.98340 -36.05140 -36.42910 -36.48470 -36.85570 -37.19060 -36.73180 -37.67850 -38.58800 -37.86790 -37.55900 -36.74570 -36.72710 -36.61890
-9999 -26.38100 -26.27240 -26.15780 -26.44050 -26.39370 -26.59860 -26.60210 -26.71890 -26.42060 -26.52020 -26.73110 -26.92550 -26.80210 -26.69120 -26.38730 -25.96260 -26.94510 -27.23400 -26.89450 -26.94800 -27.00380 -27.24580 -27.01170 -26.97970 -27.53440 -27.64500 -27.54070 -27.69170 -27.54530 -27.37660 -27.32900 -27.56600 -27.60480 -27.95130 -28.24340 -28.50140 -28.75790 -28.71180 -28.55830 -28.71080 -28.74650 -29.04440 -29.46220 -30.18100 -30.99560 -32.45060 -33.80530 -35.07400 -36.24710 -37.36630 -38.63670 -38.70840 -39.37170 -38.94790 -38.60730 -37.87110 -36.43440 -36.89840 -36.94150 -36.49360 -37.24080 -38.07080 -37.69300 -38.52380 -38.34490 -37.48310 -38.11650 -37.05010 -37.87990 -39.01210
-9999 -27.03220 -26.52670 -26.50810 -26.34460 -26.11980 -26.03630 -26.05390 -26.05960 -26.15750 -26.18230 -26.47940 -26.89670 -26.68390 -26.67180 -26.74960 -26.84030 -27.11130 -26.88380 -26.85940 -27.11080 -27.25400 -27.32070 -26.78560 -26.94370 -26.82350 -27.00080 -27.28720 -27.31530 -27.15150 -27.27280 -27.01050 -27.23100 -27.25910 -27.49310 -27.77870 -28.05700 -28.34390 -28.31090 -28.70870 -28.76930 -28.82140 -29.06680 -29.50460 -29.94330 -30.67750 -31.52350 -33.08290 -34.48160 -35.76850 -36.48070 -38.13970 -38.58980 -40.22240 -40.37350 -38.90950 -38.14760 -37.79450 -37.42250 -37.86780 -37.41260 -37.93980 -38.24060 -37.85180 -38.26080 -38.40320 -38.69540 -38.07230 -37.85060 -37.83830 -38.02260
-9999 -9999 -9999 -26.95180 -26.93550 -26.27500 -26.18480 -25.99000 -26.10250 -25.71770 -26.03500 -25.74470 -25.76030 -25.84530 -26.33250 -26.32490 -26.50730 -26.13140 -26.46060 -26.73270 -26.88030 -27.02420 -27.08600 -26.88170 -26.75310 -26.69100 -26.64070 -26.71630 -26.50890 -26.62120 -26.63170 -26.75560 -26.85740 -26.87020 -27.07590 -27.37860 -27.79050 -28.19250 -28.38170 -28.48360 -28.76470 -28.83500 -29.14040 -29.43830 -29.90100 -30.35360 -31.40550 -32.67160 -33.68260 -34.78930 -36.41020 -37.62370 -38.74430 -39.86120 -39.47640 -39.60680 -38.41730 -38.24010 -38.56560 -38.48110 -37.71150 -38.71600 -38.81770 -38.82060 -38.31000 -38.05920 -37.49600 -38.13090 -38.56310 -38.89430 -38.91980
-9999 -9999 -9999 -9999 -9999 -9999 -26.14610 -25.77970 -26.00840 -25.74010 -25.67370 -25.80730 -25.74840 -25.52850 -25.61190 -25.69280 -25.96910 -26.03530 -25.81540 -26.06850 -26.04090 -26.50360 -26.38360 -26.47510 -26.36930 -26.72420 -26.56440 -26.20150 -26.18460 -26.38460 -26.49090 -26.60490 -26.71360 -26.72950 -26.74790 -27.04490 -27.63630 -27.91660 -28.20400 -28.48730 -28.64740 -28.81730 -28.98790 -29.19730 -29.60130 -30.05730 -30.60850 -32.55570 -33.10690 -34.70810 -36.52140 -38.14790 -38.87480 -37.80650 -38.93420 -39.36820 -38.90280 -39.72570 -40.35240 -39.57720 -40.10990 -40.04010 -40.14510 -40.04880 -39.25220 -39.22360 -37.86420 -38.21040 -38.75830 -38.70510 -39.04920
-9999 -9999 -9999 -9999 -9999 -9999 -25.77450 -25.92540 -25.48320 -25.85790 -25.62470 -25.69400 -25.56650 -25.24090 -25.40360 -25.66690 -25.62710 -25.78750 -25.94420 -26.03010 -26.10990 -26.27590 -26.37190 -26.37080 -26.47280 -26.16900 -25.91790 -25.87590 -25.87780 -26.08570 -26.29350 -26.39720 -26.51000 -26.53930 -26.86920 -27.04860 -27.29740 -27.64790 -27.89560 -28.31700 -28.52860 -28.55040 -28.78410 -28.94460 -29.19880 -29.55530 -29.99880 -30.49750 -31.50530 -32.42190 -33.92530 -35.21720 -36.08740 -36.95200 -37.42280 -36.59340 -37.36850 -38.63950 -38.40280 -39.05830 -40.72060 -40.48960 -40.43180 -39.77450 -39.69790 -38.37470 -37.99900 -37.62850 -37.65250 -37.78820 -38.72140
-9999 -9999 -9999 -9999 -9999 -9999 -9999 -9999 -9999 -9999 -24.90250 -25.59610 -25.49090 -24.74650 -25.01160 -25.35850 -25.40180 -25.64820 -25.43120 -25.51890 -25.68930 -25.86890 -25.87590 -25.98950 -25.99820 -26.31120 -26.20850 -25.74900 -25.87630 -25.98630 -26.09970 -26.23660 -26.44210 -26.44930 -26.48800 -26.52130 -26.96090 -27.37550 -27.56220 -27.73620 -27.90850 -28.08150 -28.25250 -28.56840 -28.88390 -29.09930 -29.51320 -29.83010 -30.20460 -30.67150 -31.15640 -31.66500 -32.57500 -32.90290 -33.31820 -33.63240 -34.14480 -34.85360 -35.45200 -35.94640 -36.03080 -36.83000 -36.91360 -37.68670 -37.74640 -36.74790 -36.54660 -36.45250 -36.76710 -36.38030 -37.28890
-9999 -9999 -9999 -9999 -9999 -9999 -9999 -9999 -9999 -9999 -24.20100 -24.51620 -25.10810 -24.47510 -24.59600 -25.12260 -25.17420 -25.24260 -25.31140 -25.39200 -25.46680 -25.65460 -25.77290 -25.88420 -26.00720 -25.63230 -25.44420 -25.42780 -25.56970 -25.70180 -26.02920 -25.95450 -26.09320 -26.12370 -26.45400 -26.48830 -26.74110 -27.09250 -27.42650 -27.55020 -27.68270 -27.91760 -28.04770 -28.30920 -28.66850 -28.94430 -29.22760 -29.47370 -29.67780 -30.12810 -30.38960 -31.12280 -31.39050 -32.03950 -32.30240 -32.77080 -33.32270 -33.67660 -33.80360 -34.43150 -34.55440 -34.57800 -34.69730 -34.69380 -34.49980 -34.29470 -34.28960 -34.07890 -34.07780 -35.66540 -36.05910
-9999 -9999 -9999 -9999 -9999 -9999 -9999 -9999 -9999 -9999 -9999 -9999 -24.43490 -25.07070 -24.99660 -24.82730 -24.38920 -24.05050 -24.50870 -24.56910 -24.63820 -24.94280 -24.96730 -25.09550 -25.02300 -24.84530 -25.17490 -25.39140 -25.45790 -25.41090 -25.44810 -25.80110 -25.93830 -26.19170 -26.34420 -26.44460 -26.53740 -27.00440 -27.09170 -27.36300 -27.45360 -27.54070 -27.73090 -27.83920 -28.06880 -28.40100 -28.63190 -28.95940 -29.28980 -29.52380 -29.95180 -30.60350 -31.28960 -31.89460 -31.89660 -32.29490 -32.79450 -33.69310 -34.05120 -34.31490 -34.46760 -34.52630 -34.68140 -34.51910 -34.25070 -33.95790 -33.52710 -33.10150 -33.17500 -33.66230 -35.33530
-9999 -9999 -9999 -9999 -9999 -9999 -9999 -9999 -9999 -9999 -9999 -9999 -24.06170 -24.47620 -24.61020 -24.46550 -24.23020 -24.08920 -24.63700 -24.60350 -24.57300 -25.19590 -25.03840 -24.76890 -25.31080 -25.03600 -25.07680 -25.11040 -25.49490 -25.35110 -25.28870 -25.61940 -25.63510 -25.96670 -26.29510 -26.30660 -26.48590 -27.04720 -27.01370 -26.98700 -26.97450 -26.95050 -26.93340 -27.19520 -27.59150 -27.89400 -28.20370 -28.41380 -28.70790 -29.20280 -29.71410 -30.11160 -30.70800 -31.40380 -31.81450 -32.20880 -32.61180 -33.30920 -33.57490 -33.83220 -34.19650 -34.25950 -34.31660 -34.15520 -33.89820 -33.50030 -33.06240 -32.63140 -32.90190 -33.86780 -34.02960
-9999 -9999 -9999 -9999 -9999 -9999 -9999 -9999 -9999 -9999 -9999 -24.17680 -24.46680 -23.92260 -23.88690 -24.74730 -24.91060 -24.77760 -24.93890 -24.99310 -24.26770 -25.22100 -25.07260 -25.31600 -25.56850 -25.60930 -25.76210 -25.71380 -25.44810 -25.28480 -25.29470 -25.38480 -25.37910 -25.47420 -25.57080 -25.27590 -25.69090 -26.08530 -26.58130 -27.08770 -26.99940 -27.22140 -27.43880 -27.49620 -27.66500 -27.65930 -27.75240 -27.84020 -28.23500 -28.61940 -29.09780 -29.86260 -30.34390 -30.88940 -31.05420 -31.80580 -32.26580 -32.83150 -33.07190 -33.30400 -33.63790 -33.77140 -33.71000 -33.62200 -33.34380 -32.83130 -32.50270 -32.57210 -32.93440 -33.79790 -34.66350
