data/hydroclimate-scenarios/BCSD_hadcm_A1B/monthly_summaries/tavg_monthly_avg_may.2070-2099.asc
ncols	311
nrows	91
xllcenter	102.75
yllcenter	31.75
cellsize	0.5
NODATA_value	-9999
[rows 0 to 31 of 91, columns 0 to 71 of 311]
-9999 -9999 -9999 -9999 -9999 -9999 -9999 -9999 -9999 -9999 -9999 -9999 -9999 -9999 -9999 -9999 -9999 -9999 -9999 -9999 -9999 -9999 -9999 -9999 -9999 -9999 -9999 -9999 -9999 -9999 -9999 -9999 -9999 -9999 -9999 -9999 -9999 -9999 -9999 -9999 -9999 -9999 -9999 -9999 -9999 -9999 -9999 -9999 -9999 -9999 -9999 -9999 -9999 -9999 -9999 -9999 -9999 -9999 -9999 -9999 -9999 -9999 -9999 -9999 -9999 -9999 -9999 -9999 -9999 -9999 -9999 -9999
-9999 -9999 -9999 -9999 -9999 -9999 -9999 -9999 -9999 -9999 -9999 -9999 -9999 -9999 -9999 -9999 -9999 -9999 -9999 -9999 -9999 -9999 -9999 -9999 -9999 -9999 -9999 -9999 -9999 -9999 -9999 -9999 -9999 -9999 -9999 -9999 -9999 -9999 -9999 -9999 -9999 -9999 -9999 -9999 -9999 -9999 -9999 -9999 -9999 -9999 -9999 -9999 -9999 -9999 -9999 -9999 -9999 -9999 -9999 -9999 -9999 -9999 -9999 -9999 -9999 -9999 -9999 -9999 -9999 -9999 -9999 -9999
-9999 -9999 -9999 -9999 -9999 -9999 -9999 -9999 -9999 -9999 -9999 -9999 -9999 -9999 -9999 -9999 -9999 -9999 -9999 -9999 -9999 -9999 -9999 -9999 -9999 -9999 -9999 -9999 -9999 -9999 -9999 -9999 -9999 -9999 -9999 -9999 -9999 -9999 -9999 -9999 -9999 -9999 -9999 -9999 -9999 -9999 -9999 -9999 -9999 -9999 -9999 -9999 -9999 -9999 -9999 -9999 -9999 -9999 -9999 -9999 -9999 -9999 -9999 -9999 -9999 -9999 -9999 -9999 -9999 -9999 -9999 -9999
-9999 -9999 -9999 -9999 -9999 -9999 -9999 -9999 -9999 -9999 -9999 -9999 -9999 -9999 -9999 -9999 -9999 -9999 -9999 -9999 -9999 -9999 -9999 -9999 -9999 -9999 -9999 -9999 -9999 -9999 -9999 -9999 -9999 -9999 -9999 -9999 -9999 -9999 -9999 -9999 -9999 -9999 -9999 -9999 -9999 -9999 -9999 -9999 -9999 -9999 -9999 -9999 -9999 -9999 -9999 -9999 -9999 -9999 -9999 -9999 -9999 -9999 -9999 -9999 -9999 -9999 -9999 -9999 -9999 -9999 -9999 -9999
-9999 -9999 -9999 -9999 -9999 -9999 -9999 -9999 -9999 -9999 -9999 -9999 -9999 -9999 -9999 -9999 -9999 -9999 -9999 -9999 -9999 -9999 -9999 -9999 -9999 -9999 -9999 -9999 -9999 -9999 -9999 -9999 -9999 -9999 -9999 -9999 -9999 -9999 -9999 -9999 -9999 -9999 -9999 -9999 -9999 -9999 -9999 -9999 -9999 -9999 -9999 -9999 -9999 -9999 -9999 -9999 -9999 -9999 -9999 -9999 -9999 -9999 -9999 -9999 -9999 -9999 -9999 -9999 -9999 -9999 -9999 -9999
-9999 -9999 -9999 -9999 -9999 -9999 -9999 -9999 -9999 -9999 -9999 -9999 -9999 -9999 -9999 -9999 -9999 -9999 -9999 -9999 -9999 -9999 -9999 -9999 -9999 -9999 -9999 -9999 -9999 -9999 -9999 -9999 -9999 -9999 -9999 -9999 -9999 -9999 -9999 -9999 -9999 -9999 -9999 -9999 -9999 -9999 -9999 -9999 -9999 -9999 -9999 -9999 -9999 -9999 -9999 -9999 -9999 -9999 -9999 -9999 -9999 -9999 -9999 -9999 -9999 -9999 -9999 -9999 -9999 -9999 -9999 -9999
-9999 -9999 -9999 -9999 -9999 -9999 -9999 -9999 -9999 -9999 -9999 -9999 -9999 -9999 -9999 -9999 -9999 -9999 -9999 -9999 -9999 -9999 -9999 -9999 -9999 -9999 -9999 -9999 -9999 -9999 -9999 -9999 -9999 -9999 -9999 -9999 -9999 -9999 -9999 -9999 -9999 -9999 -9999 -9999 -9999 -9999 -9999 -9999 -9999 -9999 -9999 -9999 -9999 -9999 -9999 -9999 -9999 -9999 -9999 -9999 -9999 -9999 -9999 -9999 -9999 -9999 -9999 -9999 -9999 -9999 -9999 -9999
-9999 -9999 -9999 -9999 -9999 -9999 -9999 -9999 -9999 -9999 -9999 -9999 -9999 -9999 -9999 -9999 -9999 -9999 -9999 -9999 -9999 -9999 -9999 -9999 -9999 -9999 -9999 -9999 -9999 -9999 -9999 -9999 -9999 -9999 -9999 -9999 -9999 -9999 -9999 -9999 -9999 -9999 -0.16543 -0.28536 -0.20223 -0.12473 -0.03834 -0.04639 0.03698 0.11849 -0.05014 -0.20256 -9999 -9999 -9999 -9999 -9999 -9999 -9999 -9999 -9999 -9999 -9999 -9999 -9999 -9999 -9999 -9999 -9999 -9999 -9999 -9999
-9999 -9999 -9999 -9999 -9999 -9999 -9999 -9999 -9999 -9999 -9999 -9999 -9999 -9999 -9999 -9999 -9999 -9999 -9999 -9999 -9999 -9999 -9999 -9999 -9999 -9999 -9999 -9999 -9999 -9999 -9999 -9999 -9999 -9999 -9999 -9999 -9999 -9999 -0.32805 -0.90655 -0.59094 -0.28659 -0.27451 -0.09585 0.08184 0.16295 0.35633 0.33532 0.42727 0.52466 0.54212 0.29451 -0.15391 -1.51666 -9999 -9999 -9999 -9999 -9999 -9999 -9999 -9999 -9999 -9999 -9999 -9999 -9999 -9999 -9999 -9999 -9999 -9999
-9999 -9999 -9999 -9999 -9999 -9999 -9999 -9999 -9999 -9999 -9999 -9999 -9999 -9999 -9999 -9999 -9999 -9999 -9999 -9999 -9999 -9999 -9999 -9999 -9999 -9999 -9999 -9999 -9999 -9999 -9999 -9999 -9999 -9999 -9999 -9999 -9999 -9999 -9999 -9999 -0.00453 0.10154 -0.29138 -0.40100 -0.12513 -0.23334 0.14977 0.65249 0.74115 0.54014 0.47908 0.57043 0.46775 -0.84445 -9999 -9999 -9999 -9999 -9999 -9999 -9999 -9999 -9999 -9999 -9999 -9999 -9999 -9999 -9999 -9999 -9999 -9999
-9999 -9999 -9999 -9999 -9999 -9999 -9999 -9999 -9999 -9999 -9999 -9999 -9999 -9999 -9999 -9999 -9999 -9999 -9999 -9999 -9999 -9999 -9999 -9999 -9999 -9999 -9999 -9999 -9999 -9999 -9999 -9999 -9999 -9999 -9999 -9999 -9999 -9999 -9999 -9999 -9999 -9999 -9999 -9999 0.36908 0.26486 -0.23240 -0.03024 0.27489 0.88374 0.76918 0.03483 0.81517 -0.12731 -9999 -9999 -9999 -9999 -9999 -9999 0.64155 -9999 -9999 -9999 -9999 -9999 -9999 -9999 -9999 -9999 -9999 -9999
-9999 -9999 -9999 -9999 -9999 -9999 -9999 -9999 -9999 -9999 -9999 -9999 -9999 -9999 -9999 -9999 -9999 -9999 -9999 -9999 -9999 -9999 -9999 -9999 -9999 -9999 -9999 -9999 -9999 -9999 -9999 -9999 -9999 -9999 -9999 -9999 -9999 -9999 -9999 -9999 -9999 -0.22977 -0.12633 -0.13096 0.06720 0.67310 0.37999 0.09856 0.59929 1.01629 0.64340 0.40093 1.05627 1.31004 -9999 -9999 -9999 -9999 -9999 1.56287 1.55595 1.77170 1.90504 1.94758 2.15156 2.07838 1.84782 1.63904 1.45505 1.39030 1.21905 1.07584
-9999 -9999 -9999 -9999 -9999 -9999 -9999 -9999 -9999 -9999 -9999 -9999 -9999 -9999 -9999 -9999 -9999 -9999 -9999 -9999 -9999 -9999 -9999 -9999 -9999 -9999 -9999 -9999 -9999 -9999 -9999 -9999 -9999 -9999 -9999 -9999 -9999 -9999 -9999 -9999 -9999 0.24361 0.24998 0.55524 1.26072 1.28135 1.38874 1.31552 1.32986 1.53547 1.32227 0.26052 0.20002 0.81765 1.44640 1.16707 1.98955 -9999 2.56972 2.41158 2.45722 2.39743 2.34511 1.98770 2.03456 2.13848 2.11342 2.07835 2.06413 1.94371 1.93152 1.62041
-9999 -9999 -9999 -9999 -9999 -9999 -9999 -9999 -9999 -9999 -9999 -9999 -9999 -9999 -9999 -9999 -9999 -9999 -9999 -9999 -9999 -9999 -9999 -9999 -9999 -9999 -9999 -9999 -9999 -9999 -9999 -9999 -9999 -9999 -9999 0.90896 0.81693 0.42420 0.52699 1.03411 1.23714 1.44160 1.34058 1.65682 1.76574 1.88598 2.11020 2.04025 1.85969 1.58295 1.00339 0.41689 -0.36809 0.43548 0.55464 0.25826 1.66512 2.46908 3.24372 3.30685 3.26600 2.92063 2.77724 1.22819 1.47071 2.36963 2.30867 2.35174 2.59310 2.34705 2.18842 2.23531
-9999 -9999 -9999 -9999 -9999 -9999 -9999 -9999 -9999 -9999 -9999 -9999 -9999 -9999 -9999 -9999 -9999 -9999 -9999 -9999 -9999 -9999 -9999 -9999 -9999 -9999 -9999 -9999 -9999 -9999 -9999 -9999 -9999 -9999 1.37413 0.76920 0.87723 0.87360 1.07261 1.57717 1.76906 1.97546 2.07583 2.19837 2.32001 2.45124 2.47877 2.20371 1.54656 0.56632 -0.10004 -0.02818 -0.97015 -1.22532 -0.75427 0.58764 1.93585 2.79960 3.91408 3.93099 3.33381 2.45688 2.06091 1.36303 2.48051 2.74095 2.33125 1.99675 0.86323 1.23989 0.61628 0.37691
-9999 -9999 -9999 -9999 -9999 -9999 -9999 -9999 -9999 -9999 -9999 -9999 -9999 -9999 -9999 -9999 -9999 -9999 -9999 -9999 -9999 -9999 -9999 -9999 -9999 -9999 -9999 -9999 -9999 -9999 -9999 -9999 -9999 1.42279 1.51664 1.31795 1.39892 1.50754 1.60777 2.10698 2.20335 2.09068 2.39014 2.52120 2.66111 2.60251 2.33948 2.07105 0.51892 -0.34783 -1.10584 -1.84186 -3.28099 -1.53550 -0.27581 0.87695 1.23221 3.09509 3.88986 3.51250 2.72188 3.13170 3.23466 3.52851 3.03250 2.51019 1.97617 1.64069 1.32044 1.37181 0.93634 0.89442
-9999 -9999 -9999 -9999 -9999 -9999 -9999 -9999 -9999 -9999 -9999 -9999 -9999 -9999 -9999 -9999 -9999 -9999 -9999 -9999 -9999 -9999 -9999 -9999 -9999 -9999 -9999 -9999 -9999 -9999 -9999 2.12139 2.10224 1.87523 2.05293 1.94193 2.14386 2.23232 2.23202 2.62451 2.51479 2.62552 2.71681 2.85173 2.70132 2.54808 2.58848 2.63898 1.47438 0.51713 -0.52667 -1.56158 -3.69198 -1.94082 -0.59042 0.86976 2.52693 3.08972 2.18933 2.79751 3.39324 3.59998 3.39745 3.98567 3.37442 2.55546 2.43361 2.69840 2.44949 1.00073 0.06314 -0.38225
-9999 -9999 -9999 -9999 -9999 -9999 -9999 -9999 -9999 -9999 -9999 -9999 -9999 -9999 -9999 -9999 -9999 -9999 -9999 -9999 -9999 -9999 -9999 -9999 -9999 -9999 -9999 -9999 -9999 2.76385 2.64002 2.20698 2.16265 2.13226 2.40740 2.47969 2.57437 2.67042 2.61726 2.96846 2.94268 2.94079 3.04016 3.18220 3.03486 2.48756 2.34592 2.08950 0.15016 -0.50407 -1.24208 -2.87607 -3.61572 -1.45052 -1.09501 0.35856 2.42532 2.58894 3.17558 3.97631 3.88430 3.58382 3.36434 3.25357 3.44472 3.02470 1.97533 1.23165 0.98322 1.03261 1.48807 -0.36668
-9999 -9999 -9999 -9999 -9999 -9999 -9999 -9999 -9999 -9999 -9999 -9999 -9999 -9999 -9999 -9999 -9999 -9999 -9999 -9999 -9999 -9999 -9999 -9999 2.10070 2.36755 2.72890 2.98910 2.94786 2.69311 2.44604 2.70915 2.76919 2.62735 2.48465 2.94736 2.54858 2.73518 2.71938 3.02068 3.31099 3.39723 3.39418 3.53427 3.38478 2.94358 3.00744 1.76504 0.22840 -0.30036 -0.24285 -2.47527 -2.31111 -0.45673 0.89933 1.85539 3.01456 3.47421 3.26053 3.85078 4.34603 4.33263 4.41448 4.30850 3.88322 3.05159 3.50077 3.66535 3.01221 2.07815 -0.57553 -1.12717
-9999 -9999 -9999 -9999 -9999 -9999 0.62912 1.01284 1.28778 1.26824 1.44540 -9999 -9999 -9999 -9999 -9999 -9999 -9999 -9999 -9999 -9999 2.23182 1.59240 1.84809 1.90295 2.04933 2.42114 2.51840 2.52455 2.68189 2.94426 3.00795 2.76296 2.81543 2.66447 2.92873 2.81290 2.90929 3.18322 3.29103 3.47881 3.57665 3.74785 3.67061 3.61265 3.16820 3.22936 2.19689 0.56240 -0.06190 -0.90588 -1.54694 -2.07626 -0.43314 1.72707 2.76806 3.02442 3.58910 4.29448 4.69370 4.59521 4.50094 3.58993 3.18959 2.67708 4.15950 4.41106 3.66207 3.21406 3.27236 2.52630 0.16210
-9999 -9999 -9999 -9999 -9999 1.13522 0.93422 0.47379 1.13506 0.91024 1.18197 0.44172 0.82752 0.70551 -9999 -9999 -9999 1.68347 1.49188 1.73270 1.72904 1.61540 1.66439 1.99663 1.84708 2.29553 2.43803 2.89024 2.94862 3.01416 3.37517 3.54942 3.51219 3.67967 3.63963 3.50947 3.50192 3.48300 3.57132 3.97232 4.05502 4.04042 4.10859 4.30656 4.03649 3.66267 2.72922 1.39014 0.44511 0.00819 -0.53179 -0.87362 -0.32325 1.12799 2.07734 2.41715 2.67366 3.71993 5.05187 4.48751 4.71344 4.14359 3.65201 3.97992 2.70583 1.30550 1.85367 2.01893 2.67506 2.32778 2.18257 0.64468
-9999 1.50551 1.79432 1.88217 1.46488 1.52396 1.18088 1.13570 1.00269 1.35653 1.12246 0.77860 0.56032 1.03864 1.34937 1.84463 2.53896 1.83863 1.66712 2.29859 2.44226 2.47165 2.33878 2.67258 3.00631 2.63283 2.76773 3.09747 3.07343 3.44294 3.91889 4.10021 4.17966 4.15388 4.12142 4.08292 4.07325 3.94790 4.13664 4.43862 4.42431 4.60203 4.54421 4.66493 4.58002 4.29745 3.33164 2.48349 1.64377 0.89655 0.24361 -0.70932 -0.25219 -0.50562 0.33486 1.27374 2.42705 4.46313 4.12923 4.18581 4.74536 3.90221 2.85349 3.00386 1.85192 1.75821 2.61845 1.67825 2.64160 1.50398 0.16305 -1.27042
-9999 1.46898 1.97334 2.15594 2.25016 2.41417 2.16764 2.12423 2.17251 1.93530 1.88307 1.53318 0.99186 1.39076 1.67376 1.67617 1.86646 1.69975 2.12417 2.47163 2.36757 2.42116 2.36662 3.17727 3.30537 3.52672 3.45696 3.37998 3.45743 3.83924 4.12011 4.50946 4.58142 4.76958 4.74772 4.53673 4.51243 4.59584 4.78680 4.67526 4.84676 5.03790 4.99785 5.09662 5.10976 5.12372 4.73551 3.67235 2.72818 1.78025 1.61985 0.16884 0.21350 -1.35023 -0.99719 1.13405 2.28314 3.12104 3.72262 3.30985 3.69592 3.28387 2.75750 3.15119 2.42869 2.04341 1.58527 2.04330 2.00896 1.86864 1.53469 0.19862
-9999 -9999 -9999 1.84011 1.84307 2.40070 2.45558 2.50460 2.34536 2.69647 2.42926 2.76668 2.61444 2.71387 2.11488 2.40969 2.43241 3.05787 2.88460 2.83687 2.82165 2.75682 2.86876 3.17727 3.57961 3.77910 3.99784 4.00743 4.50782 4.58295 4.78210 4.86080 4.94524 5.14217 5.13856 5.22173 4.99865 5.09314 5.07203 5.25095 5.24487 5.35058 5.41714 5.54223 5.65078 5.74914 5.25646 4.36682 3.91103 3.25703 2.09768 1.04152 0.18670 -0.68604 0.25498 0.48179 2.12596 2.66276 2.48977 2.71001 3.62443 2.54828 2.26790 2.17551 2.48912 2.62481 2.97438 2.23334 1.59199 1.03998 0.90954 0.67136
-9999 -9999 -9999 -9999 -9999 -9999 3.07068 3.10757 2.85073 3.19005 3.33070 3.17057 3.21519 3.50940 3.50266 3.50492 3.43221 3.45699 3.86673 3.91263 3.88899 3.60550 3.90392 4.01040 4.21310 4.02017 4.32901 4.93834 5.32119 5.30413 5.39787 5.38635 5.37938 5.57261 5.76269 5.75349 5.63280 5.51144 5.59075 5.47018 5.47439 5.67148 5.76108 5.97672 6.10354 6.09784 6.01006 4.59586 4.50196 3.32878 1.75777 0.29978 -0.06636 1.67401 0.81165 0.64552 1.67080 0.91323 0.44219 1.48125 0.91889 1.05933 0.89691 0.72808 1.45444 1.20561 2.67522 2.15044 1.31624 1.18675 0.75587 0.92708
-9999 -9999 -9999 -9999 -9999 -9999 3.76070 3.61505 3.86152 3.41498 3.66324 3.71558 3.86129 4.14461 4.13592 4.03078 3.94655 3.95349 4.01580 3.96458 4.02223 4.04311 4.06259 4.27478 4.39092 4.99708 5.31791 5.54895 5.90640 5.89638 5.77497 5.95573 6.05033 6.23857 6.02477 6.31777 6.48958 6.46531 6.43482 5.93713 5.93960 6.03240 6.12354 6.32472 6.43209 6.53732 6.53570 6.51678 6.10105 5.50135 4.30641 3.54914 2.87356 2.40956 2.34768 3.78041 3.20635 2.14206 2.57929 2.11350 0.15763 0.49332 0.42809 0.96168 0.79729 2.15645 2.45705 2.56534 2.46060 2.16567 0.96485 0.86923
-9999 -9999 -9999 -9999 -9999 -9999 -9999 -9999 -9999 -9999 4.79714 4.06890 4.21952 5.09446 4.88028 4.36747 4.35786 4.26375 4.66067 4.70230 4.66516 4.58629 4.81404 4.83425 5.05625 4.89442 5.21201 5.83874 6.21479 6.19160 6.26635 6.34990 6.42603 6.60639 6.69338 7.17731 7.04230 7.21031 7.18397 6.78280 6.68763 6.67690 6.67998 6.67726 6.65475 6.65569 6.65533 6.99157 7.01290 6.98020 6.86632 6.89823 6.52200 6.75029 6.78002 6.90985 6.74812 6.36433 6.00657 5.55184 5.48369 4.63173 4.26626 3.40263 3.04012 3.92232 3.95931 3.78597 3.11216 3.24351 2.07477 0.38903
-9999 -9999 -9999 -9999 -9999 -9999 -9999 -9999 -9999 -9999 6.03416 5.70909 4.87462 5.62151 5.41127 4.89135 4.78367 4.92509 4.78568 4.85067 4.89672 4.84273 4.87469 5.10592 5.24823 5.76727 6.19791 6.43924 6.81620 6.78934 6.77046 6.93757 6.92310 7.10523 6.97895 7.24371 7.20243 7.16689 7.05500 6.94486 6.73878 6.63729 6.51804 6.61064 6.49552 6.47204 6.64133 6.91866 6.99735 7.06329 7.24043 7.04489 7.36146 7.29728 7.61611 7.64884 7.56918 7.48643 7.73580 7.08602 7.12185 7.06016 7.00453 6.94233 6.68110 6.58007 6.24245 6.00371 5.55853 3.61369 2.87496 2.02234
-9999 -9999 -9999 -9999 -9999 -9999 -9999 -9999 -9999 -9999 -9999 -9999 6.12483 5.28310 5.24694 5.42453 5.86335 6.48315 5.92297 5.97758 5.93538 5.76696 5.92657 6.05826 6.31284 6.65565 6.76655 6.75212 7.01157 7.38527 7.46780 7.23730 7.30696 7.19114 7.26527 7.21570 7.38081 7.03999 6.91716 6.70561 6.59316 6.58239 6.46814 6.57208 6.51625 6.49553 6.65215 6.79468 6.86557 7.02234 6.90981 6.90450 6.91112 7.03104 7.75584 7.77946 7.78524 7.21239 7.06028 6.98953 7.05042 6.98442 6.93323 6.87806 6.92487 6.83438 6.83072 6.71526 6.19913 5.09127 2.98077 1.35430
-9999 -9999 -9999 -9999 -9999 -9999 -9999 -9999 -9999 -9999 -9999 -9999 6.88139 6.35490 6.00524 6.22435 6.46468 6.69065 6.01941 5.97584 6.23186 5.77915 6.14078 6.67925 6.43375 6.88289 7.12932 7.38531 7.44964 7.70878 7.97874 7.74991 7.72171 7.59623 7.29270 7.34221 7.10431 6.56266 6.72259 6.80652 6.99351 6.98599 7.06770 7.06119 6.80704 6.76449 6.72358 6.87075 7.01548 6.87012 6.84436 7.14481 7.24421 7.35045 7.86139 7.88570 7.77975 7.19926 7.24863 7.17929 7.21848 7.16057 7.10401 7.14326 7.08522 6.90478 6.79585 6.58621 5.65933 4.05035 3.13828 3.00997
-9999 -9999 -9999 -9999 -9999 -9999 -9999 -9999 -9999 -9999 -9999 7.37549 6.86626 7.31660 7.15800 6.18455 5.91209 6.03682 5.77327 5.82179 6.78057 5.73905 6.38691 6.44296 6.50320 6.85804 6.81032 7.17273 7.73913 8.18820 8.25335 8.10917 8.18727 7.95073 7.89962 8.27607 7.73793 7.40537 6.98093 6.44692 6.52395 6.42535 6.31383 6.50506 6.76907 7.01753 7.16700 7.41630 7.35681 7.30779 7.36852 7.15642 7.34938 7.65604 8.24351 7.84519 7.74671 7.34824 7.28159 7.40602 7.43645 7.37474 7.30851 7.24944 7.06589 6.87934 6.33875 5.59436 4.24933 2.50551 0.86294 0.40893
-9999 -9999 -9999 -9999 -9999 -9999 -9999 -9999 -9999 -9999 -9999 7.76544 7.73259 7.47613 7.59962 6.63973 6.37397 6.30625 6.23050 6.07619 6.34131 6.39440 6.55776 7.11101 7.28004 7.43306 7.29891 7.40000 7.76103 7.88004 7.93932 7.88999 7.93396 8.08987 7.83494 8.19629 8.36808 7.65243 6.93291 7.10108 7.17901 6.76736 6.58034 6.56128 6.63151 6.87062 7.01741 7.36887 7.69066 7.83517 7.79512 7.96199 7.96807 7.85424 7.75190 7.62914 7.42094 7.40306 7.41824 7.44598 7.46966 7.39292 7.32294 7.34507 7.16856 7.05058 6.08404 5.50776 3.53769 1.55646 1.47962 1.61526
