data/hydroclimate-scenarios/BCSD_hadcm_A1B/monthly_summaries/tavg_monthly_avg_jan.2030-2059.asc
ncols	311
nrows	91
xllcenter	102.75
yllcenter	31.75
cellsize	0.5
NODATA_value	-9999
[rows 0 to 30 of 91, columns 70 to 139 of 311]
-9999 -9999 -9999 -9999 -9999 -9999 -9999 -9999 -9999 -9999 -9999 -9999 -9999 -9999 -9999 -9999 -9999 -9999 -9999 -9999 -9999 -9999 -9999 -9999 -9999 -9999 -9999 -9999 -9999 -9999 -9999 -9999 -9999 -9999 -9999 -9999 -9999 -9999 -9999 -9999 -9999 -9999 -9999 -9999 -9999 -9999 -9999 -9999 -9999 -9999 -9999 -9999 -9999 -9999 -9999 -9999 -9999 -9999 -9999 -9999 -9999 -9999 -9999 -9999 -9999 -9999 -9999 -9999 -9999 -9999
-9999 -9999 -9999 -9999 -9999 -9999 -9999 -9999 -9999 -9999 -9999 -9999 -9999 -9999 -9999 -9999 -9999 -9999 -9999 -9999 -9999 -9999 -9999 -9999 -9999 -9999 -9999 -9999 -9999 -9999 -9999 -9999 -9999 -9999 -9999 -9999 -9999 -9999 -9999 -9999 -9999 -9999 -9999 -9999 -9999 -9999 -9999 -9999 -9999 -9999 -9999 -9999 -9999 -9999 -9999 -9999 -9999 -9999 -9999 -9999 -9999 -9999 -9999 -9999 -9999 -9999 -9999 -9999 -9999 -9999
-9999 -9999 -9999 -9999 -9999 -9999 -9999 -9999 -9999 -9999 -9999 -9999 -9999 -9999 -9999 -9999 -9999 -9999 -9999 -9999 -9999 -9999 -9999 -9999 -9999 -9999 -9999 -9999 -9999 -9999 -9999 -9999 -9999 -9999 -9999 -9999 -9999 -9999 -9999 -9999 -9999 -9999 -9999 -9999 -9999 -9999 -9999 -9999 -9999 -9999 -9999 -9999 -9999 -9999 -9999 -9999 -9999 -9999 -9999 -9999 -9999 -9999 -9999 -9999 -9999 -9999 -9999 -9999 -9999 -9999
-9999 -9999 -9999 -9999 -9999 -9999 -9999 -9999 -9999 -9999 -9999 -9999 -9999 -9999 -9999 -9999 -9999 -9999 -9999 -9999 -9999 -9999 -9999 -9999 -9999 -9999 -9999 -9999 -9999 -9999 -9999 -9999 -9999 -9999 -9999 -9999 -9999 -9999 -9999 -9999 -9999 -9999 -9999 -9999 -9999 -9999 -9999 -9999 -9999 -9999 -9999 -9999 -9999 -9999 -9999 -9999 -9999 -9999 -9999 -9999 -9999 -9999 -9999 -9999 -9999 -9999 -9999 -9999 -9999 -9999
-9999 -9999 -9999 -9999 -9999 -9999 -9999 -9999 -9999 -9999 -9999 -9999 -9999 -9999 -9999 -9999 -9999 -9999 -9999 -9999 -9999 -9999 -9999 -9999 -9999 -9999 -9999 -9999 -9999 -9999 -9999 -9999 -9999 -9999 -9999 -9999 -9999 -9999 -9999 -9999 -9999 -9999 -9999 -9999 -9999 -9999 -9999 -9999 -9999 -9999 -9999 -9999 -9999 -9999 -9999 -9999 -9999 -9999 -9999 -9999 -9999 -9999 -9999 -9999 -9999 -9999 -9999 -9999 -9999 -9999
-9999 -9999 -9999 -9999 -9999 -9999 -9999 -9999 -9999 -9999 -9999 -9999 -9999 -9999 -9999 -9999 -9999 -9999 -9999 -9999 -9999 -9999 -9999 -9999 -9999 -9999 -9999 -9999 -9999 -9999 -9999 -9999 -9999 -9999 -9999 -9999 -9999 -9999 -9999 -9999 -9999 -9999 -9999 -9999 -9999 -9999 -9999 -9999 -9999 -9999 -9999 -9999 -9999 -9999 -9999 -9999 -9999 -9999 -9999 -9999 -9999 -9999 -9999 -9999 -9999 -9999 -9999 -9999 -9999 -9999
-9999 -9999 -9999 -9999 -9999 -9999 -9999 -9999 -9999 -9999 -9999 -9999 -9999 -9999 -9999 -9999 -9999 -9999 -9999 -9999 -9999 -9999 -9999 -9999 -9999 -9999 -9999 -9999 -9999 -9999 -9999 -9999 -9999 -9999 -9999 -9999 -9999 -9999 -9999 -9999 -9999 -9999 -9999 -9999 -9999 -9999 -9999 -9999 -9999 -9999 -9999 -9999 -9999 -9999 -9999 -9999 -9999 -9999 -9999 -9999 -9999 -9999 -9999 -9999 -9999 -9999 -9999 -9999 -9999 -9999
-9999 -9999 -9999 -9999 -9999 -9999 -9999 -9999 -9999 -9999 -9999 -9999 -9999 -9999 -9999 -9999 -9999 -9999 -9999 -9999 -9999 -9999 -9999 -9999 -9999 -9999 -9999 -9999 -9999 -9999 -9999 -9999 -9999 -9999 -9999 -9999 -9999 -9999 -9999 -9999 -9999 -9999 -9999 -9999 -9999 -9999 -9999 -9999 -9999 -9999 -9999 -9999 -9999 -9999 -9999 -9999 -9999 -9999 -9999 -9999 -9999 -9999 -9999 -9999 -9999 -9999 -9999 -9999 -9999 -9999
-9999 -9999 -9999 -9999 -9999 -9999 -9999 -39.01850 -9999 -9999 -9999 -9999 -9999 -9999 -9999 -9999 -9999 -9999 -9999 -9999 -9999 -9999 -9999 -9999 -9999 -9999 -9999 -9999 -9999 -9999 -9999 -9999 -9999 -9999 -9999 -9999 -9999 -9999 -9999 -9999 -9999 -9999 -9999 -9999 -9999 -9999 -9999 -9999 -9999 -9999 -9999 -9999 -9999 -9999 -9999 -9999 -9999 -9999 -9999 -9999 -9999 -9999 -9999 -9999 -9999 -9999 -9999 -9999 -9999 -9999
-9999 -9999 -9999 -29.89820 -39.88070 -39.66910 -39.55790 -38.96010 -38.54130 -38.04730 -37.54770 -37.02430 -36.40760 -35.68280 -35.07640 -34.45530 -33.85330 -33.25600 -32.60410 -32.06290 -31.60900 -31.22350 -31.00880 -9999 -9999 -9999 -9999 -9999 -9999 -9999 -9999 -9999 -9999 -9999 -9999 -9999 -9999 -9999 -9999 -9999 -9999 -9999 -9999 -9999 -9999 -9999 -9999 -9999 -9999 -9999 -9999 -9999 -9999 -9999 -9999 -9999 -9999 -9999 -9999 -9999 -9999 -9999 -9999 -9999 -9999 -9999 -9999 -9999 -9999 -9999
-9999 -9999 -9999 -9999 -9999 -39.78090 -39.39400 -38.99830 -38.60070 -38.11920 -37.62270 -37.01080 -36.40410 -35.77950 -35.05720 -34.34050 -33.74100 -33.14320 -32.49930 -31.84490 -31.40140 -31.02590 -30.88250 -9999 -9999 -9999 -9999 -9999 -9999 -9999 -9999 -9999 -9999 -9999 -9999 -9999 -9999 -9999 -9999 -9999 -9999 -9999 -9999 -9999 -9999 -9999 -9999 -9999 -9999 -9999 -9999 -9999 -9999 -9999 -9999 -9999 -9999 -9999 -9999 -9999 -9999 -9999 -9999 -9999 -9999 -9999 -9999 -9999 -9999 -9999
-40.89140 -40.68150 -40.57330 -40.28300 -39.89660 -39.80300 -39.42470 -39.04900 -38.66730 -38.18880 -37.59930 -37.07730 -36.47380 -35.84970 -35.13820 -34.41990 -33.70720 -33.00830 -32.26820 -31.42470 -30.88080 -30.57680 -30.54940 -30.58300 -30.81360 -30.79130 -30.79390 -30.90930 -30.90660 -9999 -9999 -9999 -9999 -9999 -9999 -9999 -9999 -9999 -9999 -9999 -9999 -9999 -9999 -9999 -9999 -9999 -9999 -9999 -9999 -9999 -9999 -9999 -9999 -9999 -9999 -9999 -9999 -9999 -9999 -9999 -9999 -9999 -9999 -9999 -9999 -9999 -9999 -9999 -9999 -9999
-41.25250 -40.86280 -40.76250 -40.38020 -40.20000 -39.83120 -39.45710 -39.08780 -38.71840 -38.25830 -37.76840 -37.15580 -36.54540 -35.82350 -35.21350 -34.40070 -33.79190 -32.99070 -32.15610 -31.21540 -30.26760 -30.20410 -30.62710 -30.83540 -30.70510 -30.86260 -30.94550 -31.00200 -31.01850 -31.09750 -31.07390 -31.14820 -31.12990 -30.96860 -30.78800 -30.76710 -30.52230 -30.27300 -30.01990 -29.87050 -29.64000 -29.40680 -29.06770 -28.74610 -9999 -9999 -9999 -9999 -9999 -9999 -9999 -9999 -9999 -9999 -9999 -9999 -9999 -9999 -9999 -9999 -9999 -9999 -9999 -9999 -9999 -9999 -9999 -9999 -9999 -9999
-41.61510 -41.13850 -41.25190 -40.88040 -40.81170 -40.45420 -39.99600 -39.43950 -38.88290 -38.42820 -37.95210 -37.33470 -36.63310 -36.01160 -35.30130 -34.69010 -33.87690 -33.08530 -32.24950 -31.40350 -30.74820 -30.76970 -31.40490 -31.34250 -31.38720 -31.33910 -31.10600 -31.06010 -31.11510 -31.25690 -31.51590 -31.06060 -31.01770 -30.86730 -30.71350 -30.56610 -30.21440 -29.96580 -29.71000 -29.46900 -29.22090 -29.00160 -28.77100 -28.43810 -27.99810 -9999 -9999 -9999 -9999 -9999 -9999 -9999 -9999 -9999 -9999 -9999 -9999 -9999 -9999 -9999 -9999 -9999 -9999 -9999 -9999 -9999 -9999 -9999 -9999 -9999
-43.70180 -43.53420 -43.45320 -42.67810 -43.40670 -42.24160 -41.49080 -41.12710 -40.47520 -40.02570 -38.92630 -38.61590 -37.59110 -36.55400 -35.65130 -34.71980 -34.00010 -33.29200 -32.55140 -31.83250 -31.36400 -31.40210 -31.44710 -31.59110 -31.53490 -31.36700 -32.02020 -31.46500 -31.11750 -31.17500 -31.61800 -31.26470 -31.10920 -30.87220 -30.73060 -30.48000 -30.23920 -29.90770 -29.66320 -29.32020 -29.08730 -28.86220 -28.52190 -28.29680 -27.77040 -9999 -9999 -9999 -9999 -9999 -9999 -9999 -9999 -9999 -9999 -9999 -9999 -9999 -9999 -9999 -23.68110 -23.61810 -9999 -9999 -9999 -9999 -23.57170 -24.46880 -24.87830 -24.23930
-43.60560 -43.44550 -43.36280 -42.97320 -43.39850 -41.90300 -40.93240 -40.65900 -40.68030 -40.23120 -39.81080 -38.18150 -37.33970 -36.58340 -35.95270 -35.20950 -34.06380 -33.43530 -32.61630 -32.11680 -31.48750 -31.41230 -31.56490 -31.59410 -30.93510 -30.98500 -31.05000 -31.00420 -31.06720 -31.02750 -31.08220 -30.95960 -30.82190 -30.69370 -30.46790 -30.35550 -29.93070 -29.79360 -29.47050 -29.14840 -28.92850 -28.59230 -28.26280 -27.93170 -27.60600 -27.06570 -26.74110 -26.40550 -26.36730 -27.22750 -27.28790 -26.55510 -26.80640 -26.56740 -25.92190 -25.80500 -25.58790 -24.10680 -23.80170 -23.82110 -23.57090 -23.31830 -9999 -9999 -9999 -9999 -9999 -23.17870 -23.52780 -23.68390
-44.82690 -45.04850 -43.47460 -43.47790 -44.28430 -42.97930 -41.59910 -40.89600 -40.31560 -39.33520 -38.31490 -37.55490 -36.89010 -36.11590 -35.45660 -34.79640 -33.94190 -33.28800 -32.69750 -32.20940 -31.81470 -31.36250 -31.20320 -30.94010 -30.88960 -30.93610 -30.88960 -30.96700 -30.92420 -30.91350 -30.98510 -30.86120 -30.73550 -30.52640 -30.41960 -30.11910 -29.91540 -29.50640 -29.19010 -28.88460 -28.66890 -28.32860 -27.99870 -27.65560 -27.31860 -26.89210 -26.46890 -26.22030 -26.07640 -26.62460 -26.77140 -25.93080 -25.38130 -25.61860 -26.47520 -26.93890 -25.51440 -25.80320 -25.79110 -25.22220 -24.55230 -24.10670 -24.25780 -23.26370 -22.65320 -22.53010 -22.62310 -22.51160 -22.40380 -22.80040
-43.82860 -45.35280 -47.68980 -42.76450 -44.55570 -44.64680 -43.23230 -42.12810 -41.62360 -38.84060 -38.08140 -37.51260 -36.82890 -36.15660 -35.47340 -34.69000 -34.01950 -33.34030 -32.75920 -32.37380 -32.49500 -32.18760 -31.53550 -31.17740 -31.03560 -30.98370 -30.96290 -30.93190 -30.90690 -30.88860 -30.86630 -30.85340 -30.64670 -30.44650 -30.25490 -29.96310 -29.57400 -29.28490 -28.99780 -28.70170 -28.39370 -28.05700 -27.81310 -27.38840 -26.94680 -26.41500 -26.07850 -25.82880 -25.47170 -25.31710 -25.14210 -25.18810 -24.63380 -24.96980 -24.71010 -25.06750 -25.94020 -26.01940 -25.50320 -25.20820 -25.45390 -24.79270 -25.45330 -24.47600 -23.12220 -22.64980 -22.39060 -22.22840 -22.16750 -22.61070
-45.92850 -46.25900 -47.28960 -45.26870 -41.83990 -42.71310 -41.38360 -40.67330 -41.45480 -40.04400 -38.89080 -37.98520 -36.98790 -36.17820 -35.48630 -34.68410 -33.99290 -33.31400 -32.84090 -32.56370 -33.79170 -33.21020 -32.48140 -32.03840 -31.38740 -31.15960 -31.03860 -30.91450 -30.89970 -30.98620 -30.86520 -30.74760 -30.53820 -30.38250 -30.10850 -29.83340 -29.56610 -29.08740 -29.01920 -28.83180 -28.73750 -28.30090 -27.65540 -28.21980 -28.08750 -27.24900 -26.18960 -25.53520 -24.86650 -24.49510 -24.63100 -24.85260 -24.79510 -24.72140 -24.45950 -24.19040 -23.75420 -23.60870 -24.57100 -24.88170 -25.01600 -25.47270 -25.81810 -26.22590 -24.91180 -24.30290 -23.88220 -23.76480 -23.45640 -23.63760
-43.11300 -45.24530 -46.46000 -46.23960 -45.91820 -43.79790 -41.46410 -41.05140 -41.74610 -41.53520 -39.78430 -41.49080 -40.32080 -38.93840 -36.74920 -35.46660 -34.59650 -33.63890 -33.15800 -32.98760 -33.30790 -33.53010 -32.63950 -32.29100 -31.74360 -31.40460 -31.26620 -31.12320 -31.08330 -31.03780 -30.99410 -30.75760 -30.62300 -30.73600 -30.13810 -29.73720 -29.75410 -29.46420 -29.18090 -28.88890 -28.88200 -28.55490 -27.72000 -27.08540 -26.85050 -27.10820 -26.64210 -25.88330 -25.12540 -24.15480 -24.48980 -24.63290 -24.37180 -24.09710 -23.44130 -23.97610 -24.42390 -24.47580 -25.33040 -24.22820 -23.56170 -23.70220 -23.53930 -23.85420 -24.76130 -25.47170 -24.27180 -24.87440 -23.97810 -23.58850
-43.67690 -44.98190 -45.71150 -46.30910 -46.90990 -47.09410 -43.99400 -42.49900 -41.49730 -41.20280 -40.09540 -40.97800 -42.64700 -43.32170 -43.39810 -40.07480 -37.66330 -35.75480 -34.16500 -33.37010 -32.89310 -32.60140 -32.40390 -32.18470 -31.92590 -31.75070 -31.64770 -31.64800 -31.45050 -31.24920 -31.54750 -31.26440 -31.16100 -31.13190 -30.69450 -29.75660 -29.81980 -29.58200 -29.63840 -28.61920 -27.97620 -28.04700 -27.71730 -26.77930 -26.24170 -26.28800 -25.42930 -25.07890 -24.64350 -23.80090 -23.15660 -22.71700 -22.78350 -22.94250 -22.90640 -22.74840 -22.79130 -23.52610 -24.07210 -23.47580 -24.55890 -24.07070 -23.60100 -23.59960 -23.10190 -22.70550 -22.79570 -23.08970 -23.19050 -22.68150
-45.80970 -46.82750 -46.54590 -47.55560 -47.66930 -47.09210 -46.61080 -46.31450 -45.13370 -43.57480 -41.59440 -39.81890 -40.45110 -41.07640 -41.50350 -42.14990 -41.49910 -40.55150 -38.95420 -36.74400 -35.44750 -33.95300 -33.34980 -32.85180 -32.58150 -32.26460 -32.12010 -31.95560 -31.89510 -32.33750 -32.49270 -31.42730 -32.57140 -32.50480 -31.81980 -30.94360 -30.37580 -29.68750 -29.31570 -28.34030 -27.97130 -27.52270 -27.08670 -25.95830 -26.20230 -25.66390 -25.50410 -25.16100 -24.74700 -24.02580 -23.32170 -23.81310 -23.70290 -24.08100 -23.97720 -23.53860 -23.15390 -24.08390 -23.01730 -22.81020 -23.83320 -23.00110 -22.77140 -22.74420 -21.52120 -21.90660 -22.09130 -22.88080 -22.26590 -21.55480
-44.45430 -45.56180 -46.67300 -47.21710 -46.75100 -47.28660 -47.51510 -46.85210 -45.88950 -45.53060 -43.78970 -42.97970 -42.65950 -41.93470 -40.42970 -39.93660 -39.43570 -39.64780 -40.23950 -40.02060 -38.81320 -37.50230 -36.48610 -34.67230 -33.53940 -32.60170 -32.47390 -32.25570 -32.84260 -33.43890 -33.11930 -32.71110 -32.28910 -32.67570 -31.55530 -31.54280 -29.42570 -28.80970 -28.48680 -28.76660 -27.77280 -26.62830 -25.68080 -25.53620 -25.51390 -26.17850 -26.03210 -25.50100 -24.80660 -24.51680 -25.03900 -25.04680 -24.25290 -24.45640 -25.17930 -24.13410 -24.54110 -22.84610 -23.45860 -22.05890 -21.36190 -21.35890 -20.71310 -21.07730 -21.02410 -21.87670 -21.12200 -20.26760 -19.84940 -19.93720
-44.98610 -44.89710 -45.01490 -44.97260 -44.71840 -46.27120 -47.13190 -46.97680 -46.93140 -46.48880 -45.09530 -42.92350 -45.56360 -44.49800 -42.65510 -43.71990 -44.07560 -43.04490 -37.31410 -39.30140 -41.27800 -40.26020 -39.03440 -37.40750 -33.87820 -33.01650 -32.74210 -32.57220 -32.91090 -33.52250 -33.13840 -33.06210 -32.39240 -31.82810 -30.97050 -29.20360 -28.74810 -28.57970 -27.81080 -27.64400 -27.34400 -27.49580 -26.14810 -25.51240 -25.40020 -23.79130 -23.25620 -23.52280 -23.85480 -24.29570 -24.33590 -24.36600 -23.50260 -23.23690 -23.16830 -23.63370 -23.52480 -22.51480 -22.42140 -20.80570 -20.39480 -19.37620 -19.25120 -20.20960 -20.85840 -19.69080 -19.13230 -18.87020 -18.41170 -18.34730
-44.97770 -44.67000 -44.34380 -44.17720 -43.90140 -44.64270 -44.75550 -44.99030 -45.52160 -45.35150 -45.34490 -44.80310 -44.55460 -43.71630 -42.18840 -42.86920 -42.54950 -43.13130 -41.21640 -39.00490 -37.48270 -37.78090 -37.66480 -36.63980 -36.01410 -34.08890 -32.82420 -32.66040 -32.88670 -33.11630 -32.64640 -32.79150 -31.81860 -30.66030 -30.19600 -29.64360 -28.67980 -28.02060 -27.35520 -26.89670 -26.87260 -27.31080 -26.85230 -26.41410 -25.71400 -23.38330 -22.67400 -23.05750 -23.16870 -23.40590 -24.02210 -23.94530 -22.76660 -21.98740 -22.92000 -21.86550 -21.26120 -20.74040 -19.96760 -20.85890 -19.84070 -19.32440 -18.80090 -18.88110 -18.22560 -18.26160 -18.28960 -18.01140 -18.14430 -18.68350
-44.59220 -44.35720 -44.21950 -44.44710 -44.20750 -43.95930 -43.32370 -43.39180 -43.45390 -43.60760 -43.46250 -44.39370 -44.72670 -43.28010 -41.13300 -40.09210 -40.36490 -39.91040 -39.43000 -40.04560 -38.55140 -37.15310 -35.23940 -34.34540 -34.64240 -34.89410 -34.23950 -32.95410 -33.26590 -33.47360 -33.79100 -32.80330 -32.11720 -30.19630 -29.78300 -29.46100 -29.54610 -28.62230 -28.99060 -27.36500 -28.06810 -28.79000 -27.22750 -26.46930 -27.03690 -25.61640 -23.78460 -23.37160 -23.05250 -22.54220 -22.72090 -22.89830 -21.06560 -20.24000 -19.70750 -19.15280 -18.94770 -18.95080 -19.21750 -18.71590 -19.31540 -18.30190 -18.29390 -18.16980 -18.14340 -17.97180 -17.78870 -17.41460 -17.44230 -17.76650
-43.00850 -44.23560 -44.68000 -44.95770 -44.83690 -43.91020 -43.49960 -42.96990 -42.77150 -42.36870 -43.56710 -43.47380 -43.09850 -43.34130 -41.27870 -38.71110 -37.64670 -37.96720 -38.00010 -38.22730 -37.46230 -36.07630 -35.40810 -34.73950 -33.86220 -33.65690 -33.22340 -33.93610 -33.53730 -33.43010 -33.72130 -32.12890 -31.91490 -30.33580 -31.15910 -30.77140 -28.79080 -29.11540 -29.53280 -28.43980 -27.45220 -27.97230 -27.88580 -27.31400 -26.07470 -25.42900 -24.39370 -23.56110 -23.21570 -22.34970 -22.50130 -21.82810 -21.45250 -20.56640 -20.19240 -19.71320 -19.12130 -18.64880 -17.43500 -16.94840 -16.45430 -16.26460 -16.68010 -17.05030 -17.10530 -17.31050 -17.12550 -17.04590 -17.06230 -17.97250
-41.60990 -42.13130 -42.65930 -44.16230 -44.07920 -43.88200 -42.09820 -41.91460 -40.91990 -41.43580 -41.57840 -41.07620 -40.18910 -39.79740 -39.99530 -38.29500 -37.09280 -36.60190 -35.15500 -34.81750 -33.76410 -35.42640 -33.58100 -32.63510 -32.18750 -32.03590 -33.09030 -34.32510 -33.80080 -33.58310 -32.85280 -33.22960 -31.70350 -30.67350 -31.03030 -30.98270 -29.03910 -29.00440 -28.96200 -29.11860 -28.24740 -27.64210 -27.35750 -26.36930 -25.91250 -24.85440 -24.50400 -22.55950 -22.35980 -22.27520 -21.55520 -20.85080 -20.44840 -19.31360 -18.18470 -17.89150 -17.01980 -16.74330 -16.27090 -15.58490 -15.41570 -15.43940 -15.83880 -16.16400 -16.58270 -18.08320 -17.69230 -17.79860 -17.49830 -17.52170
-40.92590 -42.01360 -41.62460 -42.56730 -43.11010 -42.76060 -43.40260 -42.45100 -40.59170 -40.43260 -40.22860 -39.27150 -39.04140 -37.51590 -36.99210 -37.46930 -35.55040 -33.53660 -32.41620 -32.29830 -31.58910 -30.97270 -31.95600 -31.63200 -30.51460 -29.82120 -29.65320 -31.27700 -31.77120 -31.62740 -32.09130 -31.14160 -30.58730 -30.49380 -30.29150 -30.20330 -29.79150 -28.59560 -28.99360 -29.29150 -29.23270 -27.22080 -26.51790 -26.21750 -24.34670 -23.17940 -22.11180 -20.54420 -19.30790 -18.87000 -18.02340 -17.36790 -16.71160 -16.14970 -16.09150 -16.06490 -15.70910 -15.16870 -14.49980 -14.54040 -14.46070 -14.85580 -14.94010 -16.06350 -17.66200 -18.36210 -18.05120 -18.06150 -17.55810 -16.75860
-39.58890 -39.39960 -39.92810 -41.00910 -40.40300 -41.29050 -41.27760 -42.76920 -41.26460 -39.64050 -40.15090 -39.98390 -38.71590 -37.04830 -37.01280 -35.77210 -33.94640 -33.30820 -32.16720 -30.51810 -29.88140 -29.94260 -30.49070 -31.54410 -29.40090 -28.30790 -28.55000 -30.59300 -30.74490 -31.23550 -31.90100 -30.46330 -29.64000 -29.84930 -29.55480 -29.56660 -28.48880 -28.09040 -27.19890 -27.60460 -27.13630 -25.57730 -23.50120 -23.65160 -22.12470 -20.10740 -19.59090 -19.27070 -18.71910 -18.78520 -17.53270 -9999 -9999 -14.96300 -14.50540 -13.71770 -14.10160 -13.82400 -13.57550 -13.61440 -14.24800 -14.58130 -15.91430 -17.20380 -18.48810 -17.97150 -18.65580 -18.82870 -18.81440 -16.70270
-40.38490 -40.47160 -39.06150 -39.29430 -39.63820 -39.49110 -38.82790 -40.47300 -38.62030 -39.16020 -39.44210 -39.46270 -37.89280 -37.53450 -36.75940 -34.90570 -33.55580 -33.61700 -31.79810 -30.17500 -30.55840 -29.54350 -28.42390 -28.19540 -28.57510 -30.21750 -29.22180 -29.81960 -29.51030 -30.17270 -29.99290 -30.21960 -28.54720 -28.44160 -28.52300 -27.92240 -27.21150 -26.79290 -23.98520 -21.76760 -9999 -9999 -9999 -9999 -18.35620 -9999 -19.43520 -20.52040 -18.72400 -17.72690 -15.51150 -9999 -9999 -14.38760 -13.66800 -12.83530 -12.59130 -12.06550 -12.44730 -13.14870 -14.04770 -14.64060 -15.33550 -16.08830 -16.54630 -15.78840 -18.44730 -18.60500 -17.76550 -15.23010
