data/hydroclimate-scenarios/BCSD_hadcm_A1B/monthly_summaries/tavg_monthly_avg_feb.2030-2059.asc
ncols	311
nrows	91
xllcenter	102.75
yllcenter	31.75
cellsize	0.5
NODATA_value	-9999
[rows 0 to 30 of 91, columns 71 to 141 of 311]
-9999 -9999 -9999 -9999 -9999 -9999 -9999 -9999 -9999 -9999 -9999 -9999 -9999 -9999 -9999 -9999 -9999 -9999 -9999 -9999 -9999 -9999 -9999 -9999 -9999 -9999 -9999 -9999 -9999 -9999 -9999 -9999 -9999 -9999 -9999 -9999 -9999 -9999 -9999 -9999 -9999 -9999 -9999 -9999 -9999 -9999 -9999 -9999 -9999 -9999 -9999 -9999 -9999 -9999 -9999 -9999 -9999 -9999 -9999 -9999 -9999 -9999 -9999 -9999 -9999 -9999 -9999 -9999 -9999 -9999 -9999
-9999 -9999 -9999 -9999 -9999 -9999 -9999 -9999 -9999 -9999 -9999 -9999 -9999 -9999 -9999 -9999 -9999 -9999 -9999 -9999 -9999 -9999 -9999 -9999 -9999 -9999 -9999 -9999 -9999 -9999 -9999 -9999 -9999 -9999 -9999 -9999 -9999 -9999 -9999 -9999 -9999 -9999 -9999 -9999 -9999 -9999 -9999 -9999 -9999 -9999 -9999 -9999 -9999 -9999 -9999 -9999 -9999 -9999 -9999 -9999 -9999 -9999 -9999 -9999 -9999 -9999 -9999 -9999 -9999 -9999 -9999
-9999 -9999 -9999 -9999 -9999 -9999 -9999 -9999 -9999 -9999 -9999 -9999 -9999 -9999 -9999 -9999 -9999 -9999 -9999 -9999 -9999 -9999 -9999 -9999 -9999 -9999 -9999 -9999 -9999 -9999 -9999 -9999 -9999 -9999 -9999 -9999 -9999 -9999 -9999 -9999 -9999 -9999 -9999 -9999 -9999 -9999 -9999 -9999 -9999 -9999 -9999 -9999 -9999 -9999 -9999 -9999 -9999 -9999 -9999 -9999 -9999 -9999 -9999 -9999 -9999 -9999 -9999 -9999 -9999 -9999 -9999
-9999 -9999 -9999 -9999 -9999 -9999 -9999 -9999 -9999 -9999 -9999 -9999 -9999 -9999 -9999 -9999 -9999 -9999 -9999 -9999 -9999 -9999 -9999 -9999 -9999 -9999 -9999 -9999 -9999 -9999 -9999 -9999 -9999 -9999 -9999 -9999 -9999 -9999 -9999 -9999 -9999 -9999 -9999 -9999 -9999 -9999 -9999 -9999 -9999 -9999 -9999 -9999 -9999 -9999 -9999 -9999 -9999 -9999 -9999 -9999 -9999 -9999 -9999 -9999 -9999 -9999 -9999 -9999 -9999 -9999 -9999
-9999 -9999 -9999 -9999 -9999 -9999 -9999 -9999 -9999 -9999 -9999 -9999 -9999 -9999 -9999 -9999 -9999 -9999 -9999 -9999 -9999 -9999 -9999 -9999 -9999 -9999 -9999 -9999 -9999 -9999 -9999 -9999 -9999 -9999 -9999 -9999 -9999 -9999 -9999 -9999 -9999 -9999 -9999 -9999 -9999 -9999 -9999 -9999 -9999 -9999 -9999 -9999 -9999 -9999 -9999 -9999 -9999 -9999 -9999 -9999 -9999 -9999 -9999 -9999 -9999 -9999 -9999 -9999 -9999 -9999 -9999
-9999 -9999 -9999 -9999 -9999 -9999 -9999 -9999 -9999 -9999 -9999 -9999 -9999 -9999 -9999 -9999 -9999 -9999 -9999 -9999 -9999 -9999 -9999 -9999 -9999 -9999 -9999 -9999 -9999 -9999 -9999 -9999 -9999 -9999 -9999 -9999 -9999 -9999 -9999 -9999 -9999 -9999 -9999 -9999 -9999 -9999 -9999 -9999 -9999 -9999 -9999 -9999 -9999 -9999 -9999 -9999 -9999 -9999 -9999 -9999 -9999 -9999 -9999 -9999 -9999 -9999 -9999 -9999 -9999 -9999 -9999
-9999 -9999 -9999 -9999 -9999 -9999 -9999 -9999 -9999 -9999 -9999 -9999 -9999 -9999 -9999 -9999 -9999 -9999 -9999 -9999 -9999 -9999 -9999 -9999 -9999 -9999 -9999 -9999 -9999 -9999 -9999 -9999 -9999 -9999 -9999 -9999 -9999 -9999 -9999 -9999 -9999 -9999 -9999 -9999 -9999 -9999 -9999 -9999 -9999 -9999 -9999 -9999 -9999 -9999 -9999 -9999 -9999 -9999 -9999 -9999 -9999 -9999 -9999 -9999 -9999 -9999 -9999 -9999 -9999 -9999 -9999
-9999 -9999 -9999 -9999 -9999 -9999 -9999 -9999 -9999 -9999 -9999 -9999 -9999 -9999 -9999 -9999 -9999 -9999 -9999 -9999 -9999 -9999 -9999 -9999 -9999 -9999 -9999 -9999 -9999 -9999 -9999 -9999 -9999 -9999 -9999 -9999 -9999 -9999 -9999 -9999 -9999 -9999 -9999 -9999 -9999 -9999 -9999 -9999 -9999 -9999 -9999 -9999 -9999 -9999 -9999 -9999 -9999 -9999 -9999 -9999 -9999 -9999 -9999 -9999 -9999 -9999 -9999 -9999 -9999 -9999 -9999
-9999 -9999 -9999 -9999 -9999 -9999 -37.00020 -9999 -9999 -9999 -9999 -9999 -9999 -9999 -9999 -9999 -9999 -9999 -9999 -9999 -9999 -9999 -9999 -9999 -9999 -9999 -9999 -9999 -9999 -9999 -9999 -9999 -9999 -9999 -9999 -9999 -9999 -9999 -9999 -9999 -9999 -9999 -9999 -9999 -9999 -9999 -9999 -9999 -9999 -9999 -9999 -9999 -9999 -9999 -9999 -9999 -9999 -9999 -9999 -9999 -9999 -9999 -9999 -9999 -9999 -9999 -9999 -9999 -9999 -9999 -9999
-9999 -9999 -29.76190 -37.83910 -37.64090 -37.53300 -36.93090 -36.52400 -36.00950 -35.65080 -35.23770 -34.75020 -34.15190 -33.64960 -33.05750 -32.54890 -32.15870 -31.75040 -31.33790 -31.01970 -30.81870 -30.61000 -9999 -9999 -9999 -9999 -9999 -9999 -9999 -9999 -9999 -9999 -9999 -9999 -9999 -9999 -9999 -9999 -9999 -9999 -9999 -9999 -9999 -9999 -9999 -9999 -9999 -9999 -9999 -9999 -9999 -9999 -9999 -9999 -9999 -9999 -9999 -9999 -9999 -9999 -9999 -9999 -9999 -9999 -9999 -9999 -9999 -9999 -9999 -9999 -9999
-9999 -9999 -9999 -9999 -37.70470 -37.31220 -36.91510 -36.51460 -36.02610 -35.56770 -35.15360 -34.63140 -34.13880 -33.53620 -32.92800 -32.43260 -31.92610 -31.51550 -31.10110 -30.68460 -30.47810 -30.36380 -9999 -9999 -9999 -9999 -9999 -9999 -9999 -9999 -9999 -9999 -9999 -9999 -9999 -9999 -9999 -9999 -9999 -9999 -9999 -9999 -9999 -9999 -9999 -9999 -9999 -9999 -9999 -9999 -9999 -9999 -9999 -9999 -9999 -9999 -9999 -9999 -9999 -9999 -9999 -9999 -9999 -9999 -9999 -9999 -9999 -9999 -9999 -9999 -9999
-38.42190 -38.29590 -38.02300 -37.63550 -37.46850 -37.28450 -36.89580 -36.41230 -36.03030 -35.57890 -35.05800 -34.64480 -34.13420 -33.43000 -32.90850 -32.30480 -31.89140 -31.27730 -30.66750 -30.24070 -29.93310 -30.01860 -30.09910 -30.19100 -30.27470 -30.28120 -30.37540 -30.48050 -9999 -9999 -9999 -9999 -9999 -9999 -9999 -9999 -9999 -9999 -9999 -9999 -9999 -9999 -9999 -9999 -9999 -9999 -9999 -9999 -9999 -9999 -9999 -9999 -9999 -9999 -9999 -9999 -9999 -9999 -9999 -9999 -9999 -9999 -9999 -9999 -9999 -9999 -9999 -9999 -9999 -9999 -9999
-38.62910 -38.30840 -38.05460 -37.89160 -37.52190 -37.15150 -36.88760 -36.42280 -35.94130 -35.49140 -35.06700 -34.44250 -33.93610 -33.41510 -32.80220 -32.27800 -31.66610 -31.03850 -30.32180 -29.59880 -29.59190 -29.96750 -30.25330 -30.13520 -30.11650 -30.29820 -30.27860 -30.47020 -30.34840 -30.41350 -30.39540 -30.16250 -30.11310 -29.94740 -29.99580 -29.83160 -29.66070 -29.41330 -29.25260 -29.25390 -29.12460 -28.88020 -28.84360 -9999 -9999 -9999 -9999 -9999 -9999 -9999 -9999 -9999 -9999 -9999 -9999 -9999 -9999 -9999 -9999 -9999 -9999 -9999 -9999 -9999 -9999 -9999 -9999 -9999 -9999 -9999 -9999
-38.74580 -38.82940 -38.48800 -38.34130 -38.18030 -37.52230 -36.96870 -36.52080 -36.16040 -35.70400 -35.07780 -34.44960 -33.93400 -33.40240 -32.78930 -32.26500 -31.64080 -31.00930 -30.29030 -29.76510 -29.84730 -30.62920 -30.70920 -30.59440 -30.65190 -30.31440 -30.17600 -30.22630 -30.39180 -30.65230 -30.19820 -30.06280 -30.00680 -29.74960 -29.68250 -29.42630 -29.27030 -29.00860 -28.85410 -28.64910 -28.62380 -28.58040 -28.43670 -28.19250 -9999 -9999 -9999 -9999 -9999 -9999 -9999 -9999 -9999 -9999 -9999 -9999 -9999 -9999 -9999 -9999 -9999 -9999 -9999 -9999 -9999 -9999 -9999 -9999 -9999 -9999 -9999
-41.21030 -41.19260 -40.25960 -41.23090 -39.78070 -39.23890 -38.78130 -38.02780 -37.68430 -36.53290 -36.28860 -35.45850 -34.43950 -33.70020 -33.07450 -32.44330 -31.81560 -31.07990 -30.45560 -30.22700 -30.40780 -30.48200 -30.65400 -30.73610 -30.49750 -31.14100 -30.59580 -30.13830 -30.18550 -30.53100 -30.18980 -30.02360 -29.87330 -29.72850 -29.46260 -29.31970 -28.96100 -28.80310 -28.55070 -28.35660 -28.32040 -28.27680 -28.13280 -27.88130 -9999 -9999 -9999 -9999 -9999 -9999 -9999 -9999 -9999 -9999 -9999 -9999 -9999 -9999 -9999 -24.61500 -24.59040 -9999 -9999 -9999 -9999 -24.87020 -25.85370 -26.40850 -25.58200 -24.16870 -23.64320
-40.95290 -40.83520 -40.40170 -40.96600 -39.43440 -38.28660 -38.03230 -38.18240 -37.82900 -37.37480 -35.82950 -35.07800 -34.44360 -34.11360 -33.46040 -32.42650 -31.87610 -30.95340 -30.61850 -30.10310 -30.17340 -30.43720 -30.50180 -29.98080 -29.94100 -29.89420 -29.92820 -29.89470 -29.83970 -29.79890 -29.73670 -29.59630 -29.45280 -29.30630 -29.16410 -28.91590 -28.66140 -28.51180 -28.27290 -27.97780 -27.83520 -27.68080 -27.52510 -27.47760 -27.00070 -26.94040 -26.77700 -26.66680 -27.73880 -27.90830 -27.28000 -27.37190 -27.24530 -26.52150 -26.44960 -26.51880 -25.09080 -24.75930 -24.54140 -24.50730 -24.29120 -9999 -9999 -9999 -9999 -9999 -24.40790 -25.00710 -25.20450 -25.30920 -24.99140
-42.49870 -40.77820 -40.93900 -41.70800 -40.37880 -38.82870 -38.27720 -37.71800 -36.66700 -35.61180 -34.95910 -34.50610 -33.84350 -33.40910 -32.75160 -32.20550 -31.65520 -31.02940 -30.59840 -30.27260 -30.03310 -29.90520 -29.77560 -29.73650 -29.69230 -29.64120 -29.70390 -29.65460 -29.60270 -29.55430 -29.41500 -29.27580 -29.12970 -28.99650 -28.75280 -28.50850 -28.27330 -28.03530 -27.79780 -27.59780 -27.35180 -27.19840 -26.93170 -26.76310 -26.58450 -26.40990 -26.32870 -26.12480 -27.01500 -27.31910 -26.51030 -25.80030 -26.19450 -27.09500 -27.92620 -26.41130 -26.86820 -26.95430 -26.41830 -25.60720 -25.28050 -25.37200 -24.41760 -23.75380 -23.69580 -23.72880 -23.87210 -23.80040 -24.22770 -24.54580 -25.35300
-42.74300 -45.41800 -39.89490 -41.95400 -42.02490 -40.58020 -39.32130 -39.07500 -36.01590 -35.25670 -34.87900 -34.32050 -33.86470 -33.30930 -32.74030 -32.08350 -31.43470 -30.90350 -30.56590 -30.84020 -30.60070 -29.97010 -29.73450 -29.60000 -29.55560 -29.51020 -29.36130 -29.41870 -29.36840 -29.12510 -29.17720 -29.04150 -28.70750 -28.67010 -28.44720 -28.21760 -27.88480 -27.65500 -27.42750 -27.13730 -26.97320 -26.90280 -26.61620 -26.24790 -25.96510 -25.78540 -25.58860 -25.30300 -25.21140 -25.32260 -25.52770 -24.93560 -25.34690 -25.15360 -25.90140 -26.98860 -27.16150 -26.74460 -26.51420 -26.70150 -26.09800 -26.98230 -25.85590 -24.42640 -23.90240 -23.55970 -23.53350 -23.59140 -24.05970 -24.87470 -26.09980
-43.69450 -44.77580 -42.53360 -38.80400 -39.76190 -38.42560 -37.66760 -38.70950 -37.25630 -35.98640 -35.31600 -34.34100 -33.76540 -33.20140 -32.63720 -32.06900 -31.40310 -30.96850 -30.73140 -32.09670 -31.48450 -30.83800 -30.60700 -29.86190 -29.52670 -29.47670 -29.12720 -29.09370 -29.04510 -29.00920 -28.86940 -28.71190 -28.39700 -28.26990 -27.94570 -27.83200 -27.51130 -27.49240 -27.37060 -27.36740 -26.99870 -26.51120 -27.42480 -27.43360 -26.74460 -25.74320 -25.14870 -24.48130 -24.19580 -24.63570 -25.16490 -25.08780 -25.21700 -25.03460 -24.98350 -24.77150 -24.64740 -25.93250 -26.21540 -26.70130 -27.00020 -27.49360 -28.00070 -26.49460 -25.80350 -25.30290 -25.19700 -25.08040 -25.17710 -25.43900 -25.55660
-42.39830 -43.67240 -43.44240 -43.21420 -40.79130 -38.26160 -37.91210 -38.87240 -38.71780 -36.86550 -39.00300 -37.94830 -36.59460 -34.43960 -33.19150 -32.43660 -31.50330 -30.97060 -30.84060 -31.41230 -31.77560 -30.84740 -30.50690 -29.96140 -29.52100 -29.25870 -29.30430 -29.04080 -28.98310 -28.83240 -28.66050 -28.70060 -28.76610 -28.23200 -27.80240 -27.97430 -27.84890 -27.60940 -27.48490 -27.57880 -27.38540 -26.59230 -26.09670 -26.10040 -26.58320 -26.36810 -25.55680 -24.87620 -23.91270 -24.64580 -24.87770 -24.69940 -24.52770 -23.94770 -24.70100 -25.36230 -25.72000 -26.70290 -25.66980 -24.94860 -25.13930 -25.02650 -25.32830 -26.22020 -27.02480 -25.62390 -26.51770 -25.40640 -25.10010 -24.86810 -24.59380
-41.97990 -42.74790 -43.44160 -44.11840 -44.40500 -40.99850 -39.17850 -38.23440 -38.00690 -36.97710 -38.15950 -40.14420 -41.13420 -41.42310 -37.91730 -35.31230 -33.32070 -31.68390 -30.96830 -30.53990 -30.31420 -30.08730 -30.06090 -29.72390 -29.66050 -29.46790 -29.37200 -29.27930 -29.08110 -29.28900 -29.09360 -29.10010 -29.03400 -28.77000 -27.81780 -28.05630 -28.10160 -28.24640 -27.19460 -26.76360 -26.85250 -26.63930 -25.92890 -25.50980 -25.77200 -25.04190 -24.91960 -24.42200 -23.63990 -23.06060 -22.77050 -22.89000 -23.09600 -23.10340 -23.12690 -23.27770 -24.41840 -25.16100 -24.49550 -25.85600 -25.40960 -24.86980 -24.63820 -24.11070 -23.67800 -23.74170 -24.19920 -24.35530 -23.71820 -23.27280 -22.23210
-43.94820 -43.62120 -44.73220 -44.82400 -44.12010 -43.62590 -43.42140 -42.21090 -40.38810 -38.29340 -36.61390 -37.44860 -38.27660 -38.91630 -39.84900 -39.20120 -38.34260 -36.72170 -34.30150 -32.96940 -31.45050 -30.83750 -30.40810 -30.18920 -29.79810 -29.57870 -29.54140 -29.50930 -29.98440 -30.25600 -29.21680 -30.59030 -30.60170 -30.01200 -29.23230 -28.74950 -28.26360 -27.98370 -27.10400 -26.85430 -26.61490 -26.19060 -25.06220 -25.52030 -25.17370 -25.32910 -25.08870 -24.58820 -23.89300 -23.29090 -23.99830 -23.89950 -24.30100 -24.30210 -23.79910 -23.61440 -24.83510 -23.64540 -23.43970 -24.62630 -23.76230 -23.51090 -23.35800 -22.19260 -22.42190 -22.56210 -23.48480 -22.70890 -21.93600 -21.48960 -20.26270
-42.32260 -43.59440 -44.20720 -43.63150 -44.24000 -44.55200 -43.76630 -42.68870 -42.37230 -40.50500 -39.77800 -39.54490 -38.93280 -37.39690 -37.08060 -36.68280 -36.86470 -37.63250 -37.62110 -36.41630 -35.09300 -34.07720 -32.16460 -30.93180 -30.04100 -29.87320 -29.60090 -30.24840 -31.07640 -30.70360 -30.43880 -30.17280 -30.75590 -29.65350 -29.84620 -27.73200 -27.32610 -27.21450 -27.71840 -26.73530 -25.69920 -24.74910 -24.79870 -24.85060 -25.88730 -25.93410 -25.58000 -24.65620 -24.34890 -25.04160 -25.11780 -24.41480 -24.59390 -25.47340 -24.26180 -24.96090 -23.15050 -23.93200 -22.40070 -21.66500 -21.60610 -20.92990 -21.23160 -21.15750 -21.96390 -21.15830 -20.15630 -19.75420 -19.73700 -19.49160 -18.59310
-41.49160 -41.66460 -41.59810 -41.32970 -42.95330 -43.97660 -43.70910 -43.74120 -43.26210 -41.61140 -39.31990 -42.53900 -41.45290 -39.58730 -41.01580 -41.54550 -40.36910 -34.15700 -36.55340 -38.83490 -37.92360 -36.62320 -35.00740 -31.10570 -30.19120 -29.88190 -29.77890 -30.26720 -30.96460 -30.56690 -30.66180 -30.35750 -29.92570 -29.08630 -27.36200 -27.13050 -27.30120 -26.66580 -26.73860 -26.54260 -26.97960 -25.50160 -24.93410 -24.98000 -23.22400 -22.94730 -23.37750 -23.84680 -24.21820 -24.29130 -24.35410 -23.42770 -23.10540 -22.97030 -23.44020 -23.60490 -22.67570 -22.73370 -20.85360 -20.38930 -19.30580 -18.95660 -19.72320 -20.41420 -19.07560 -18.55110 -18.21620 -17.68070 -17.55590 -17.60590 -17.42500
-41.04480 -40.71670 -40.63760 -40.35750 -41.06690 -41.19380 -41.41950 -41.93670 -41.64980 -41.89320 -41.40590 -41.22380 -40.44130 -38.96550 -39.88810 -39.61770 -40.33760 -38.32310 -36.01990 -34.50670 -35.11300 -35.09330 -33.99490 -33.17420 -31.18650 -29.79490 -29.60660 -29.80700 -30.12650 -29.72260 -30.23900 -29.44860 -28.43420 -28.11230 -27.69260 -26.88020 -26.36230 -26.03750 -25.80880 -26.01540 -26.73980 -26.27600 -25.90560 -25.24800 -22.80350 -22.25450 -22.78770 -23.04860 -23.21350 -23.97260 -23.83200 -22.60300 -21.76920 -22.93860 -21.79630 -21.26640 -20.73540 -20.09480 -21.12620 -19.86220 -19.29260 -18.52830 -18.34750 -17.62090 -17.59640 -17.66630 -17.32780 -17.50060 -18.17190 -17.30940 -16.63990
-40.49250 -40.55340 -40.94250 -40.82230 -40.50530 -39.58540 -39.76660 -39.74970 -39.83070 -39.85060 -40.89860 -41.46920 -39.93680 -37.81700 -36.79500 -37.16490 -36.84830 -36.34120 -37.22870 -35.71580 -34.20300 -32.19460 -31.19330 -31.47700 -31.81760 -31.01050 -29.57530 -29.75490 -30.22490 -30.60330 -29.67590 -29.24690 -27.37610 -27.20690 -27.04210 -27.47700 -26.80170 -27.53120 -26.04050 -27.07570 -28.02560 -26.37220 -25.72360 -26.58540 -25.24440 -23.52960 -23.09170 -22.96530 -22.33670 -22.59410 -22.75790 -20.91710 -20.08040 -19.54090 -19.03030 -18.93140 -19.14070 -19.63240 -18.99790 -19.66840 -18.44310 -18.41200 -18.15930 -17.91340 -17.81040 -17.51020 -17.20600 -17.31030 -17.59980 -18.14820 -17.75320
-40.32720 -41.00220 -41.54140 -41.48920 -40.43950 -39.97310 -39.32410 -39.26740 -38.59880 -39.98840 -39.99740 -39.78590 -40.25190 -38.07980 -35.40820 -34.23620 -34.65970 -34.84570 -35.23750 -34.42470 -33.10890 -32.40210 -31.69380 -30.58470 -30.25760 -29.71770 -30.35820 -29.89340 -29.51990 -29.96280 -28.49670 -28.53310 -27.20760 -28.39540 -28.27620 -26.24950 -26.93720 -27.80900 -26.87170 -25.94300 -26.80940 -26.77800 -26.54080 -25.32980 -24.81840 -24.10140 -23.29690 -23.06840 -22.14600 -22.32350 -21.87690 -21.43240 -20.69980 -20.45760 -20.07160 -19.61650 -19.16700 -17.97270 -17.38710 -16.88260 -16.68310 -17.08830 -17.37290 -17.34180 -17.47720 -17.40120 -17.32250 -17.44900 -18.57990 -19.02630 -18.79890
-37.86980 -38.64590 -40.63940 -40.65870 -40.46080 -38.66890 -38.46710 -37.37420 -37.98600 -38.02370 -37.29330 -36.67550 -36.45140 -36.82510 -35.11400 -33.78910 -33.35790 -31.75050 -31.54070 -30.52980 -32.41480 -30.41620 -29.29490 -28.68860 -28.39320 -29.31580 -30.62790 -29.83040 -29.43220 -28.73300 -29.32640 -28.02880 -27.15780 -27.87870 -28.20570 -26.22440 -26.46050 -26.67640 -27.30390 -26.61930 -26.08540 -25.97820 -25.25140 -24.95870 -24.06190 -23.87980 -21.99200 -22.06460 -21.94980 -21.41640 -20.78840 -20.45810 -19.51810 -18.37100 -18.30430 -17.38990 -17.46930 -16.91120 -16.15550 -16.10310 -16.33440 -16.76310 -16.94450 -17.40470 -19.15850 -18.72540 -18.97800 -18.74970 -18.88370 -17.94840 -17.99460
-37.71200 -37.39060 -38.95340 -39.72030 -39.48530 -40.35440 -39.32250 -37.29780 -37.36270 -36.96030 -35.88960 -35.82070 -34.14170 -33.77050 -34.39790 -32.33120 -30.15460 -28.95140 -28.93500 -28.23270 -27.61390 -28.61060 -28.20110 -26.78870 -25.93590 -25.31140 -26.89470 -27.37290 -26.80870 -27.49990 -26.75370 -26.50690 -26.76780 -26.85470 -27.13020 -26.90140 -25.78930 -26.46040 -27.13770 -27.37750 -25.38230 -24.78290 -24.78120 -23.00120 -22.02280 -21.05310 -19.68850 -18.56240 -18.23890 -17.61260 -16.97410 -16.55760 -16.23180 -16.39350 -16.63370 -16.56650 -16.07530 -15.34830 -15.43230 -15.59910 -16.13580 -16.29030 -17.58200 -19.25720 -20.15830 -19.84530 -19.94320 -19.71520 -18.91590 -18.27560 -18.17640
-34.78810 -35.68130 -37.27620 -36.78520 -37.98670 -38.09260 -39.79760 -38.20230 -36.60420 -37.12560 -37.13750 -35.65450 -33.87110 -33.99130 -32.61440 -30.73120 -30.04200 -28.72180 -27.10120 -26.48370 -26.55780 -27.13750 -28.33040 -25.89440 -24.43800 -24.54190 -26.55570 -26.45080 -26.83760 -27.80320 -26.36410 -25.54550 -26.24640 -26.25930 -26.58590 -25.79380 -25.52290 -24.93200 -25.65180 -25.38060 -23.81480 -21.85820 -22.19380 -20.74690 -18.80660 -18.37870 -18.33070 -17.99170 -18.35430 -17.21800 -9999 -9999 -14.99160 -14.73590 -14.07630 -14.78040 -14.55930 -14.21420 -14.42500 -15.25420 -15.56290 -17.06740 -18.55080 -19.84490 -19.53710 -20.32790 -20.70800 -20.89840 -18.47810 -17.55810 -17.52670
-36.19160 -34.83830 -35.33730 -35.95570 -35.96120 -35.37440 -37.17600 -35.19280 -35.90170 -36.38910 -36.43570 -34.68120 -34.31030 -33.65100 -31.69610 -30.25730 -30.50710 -28.56410 -26.92620 -27.47920 -26.43190 -25.29480 -25.05340 -25.40890 -27.13380 -25.90360 -26.49350 -25.86680 -26.61260 -26.45880 -26.80000 -25.23780 -25.46810 -25.91040 -25.65770 -25.19800 -25.04900 -22.39340 -20.13860 -9999 -9999 -9999 -9999 -17.20700 -9999 -18.83650 -20.15860 -18.38770 -17.40620 -15.13460 -9999 -9999 -14.51100 -13.83620 -13.09920 -12.83520 -12.09200 -12.52870 -13.07190 -13.91750 -14.51990 -15.13080 -15.98760 -16.64800 -15.90330 -18.95530 -19.20230 -18.45110 -15.68780 -15.00130 -14.48760
