data/hydroclimate-scenarios/BCSD_hadcm_A1B/monthly_summaries/tavg_monthly_avg_sep.2030-2059.asc
ncols	311
nrows	91
xllcenter	102.75
yllcenter	31.75
cellsize	0.5
NODATA_value	-9999
[rows 0 to 31 of 91, columns 0 to 71 of 311]
-9999 -9999 -9999 -9999 -9999 -9999 -9999 -9999 -9999 -9999 -9999 -9999 -9999 -9999 -9999 -9999 -9999 -9999 -9999 -9999 -9999 -9999 -9999 -9999 -9999 -9999 -9999 -9999 -9999 -9999 -9999 -9999 -9999 -9999 -9999 -9999 -9999 -9999 -9999 -9999 -9999 -9999 -9999 -9999 -9999 -9999 -9999 -9999 -9999 -9999 -9999 -9999 -9999 -9999 -9999 -9999 -9999 -9999 -9999 -9999 -9999 -9999 -9999 -9999 -9999 -9999 -9999 -9999 -9999 -9999 -9999 -9999
-9999 -9999 -9999 -9999 -9999 -9999 -9999 -9999 -9999 -9999 -9999 -9999 -9999 -9999 -9999 -9999 -9999 -9999 -9999 -9999 -9999 -9999 -9999 -9999 -9999 -9999 -9999 -9999 -9999 -9999 -9999 -9999 -9999 -9999 -9999 -9999 -9999 -9999 -9999 -9999 -9999 -9999 -9999 -9999 -9999 -9999 -9999 -9999 -9999 -9999 -9999 -9999 -9999 -9999 -9999 -9999 -9999 -9999 -9999 -9999 -9999 -9999 -9999 -9999 -9999 -9999 -9999 -9999 -9999 -9999 -9999 -9999
-9999 -9999 -9999 -9999 -9999 -9999 -9999 -9999 -9999 -9999 -9999 -9999 -9999 -9999 -9999 -9999 -9999 -9999 -9999 -9999 -9999 -9999 -9999 -9999 -9999 -9999 -9999 -9999 -9999 -9999 -9999 -9999 -9999 -9999 -9999 -9999 -9999 -9999 -9999 -9999 -9999 -9999 -9999 -9999 -9999 -9999 -9999 -9999 -9999 -9999 -9999 -9999 -9999 -9999 -9999 -9999 -9999 -9999 -9999 -9999 -9999 -9999 -9999 -9999 -9999 -9999 -9999 -9999 -9999 -9999 -9999 -9999
-9999 -9999 -9999 -9999 -9999 -9999 -9999 -9999 -9999 -9999 -9999 -9999 -9999 -9999 -9999 -9999 -9999 -9999 -9999 -9999 -9999 -9999 -9999 -9999 -9999 -9999 -9999 -9999 -9999 -9999 -9999 -9999 -9999 -9999 -9999 -9999 -9999 -9999 -9999 -9999 -9999 -9999 -9999 -9999 -9999 -9999 -9999 -9999 -9999 -9999 -9999 -9999 -9999 -9999 -9999 -9999 -9999 -9999 -9999 -9999 -9999 -9999 -9999 -9999 -9999 -9999 -9999 -9999 -9999 -9999 -9999 -9999
-9999 -9999 -9999 -9999 -9999 -9999 -9999 -9999 -9999 -9999 -9999 -9999 -9999 -9999 -9999 -9999 -9999 -9999 -9999 -9999 -9999 -9999 -9999 -9999 -9999 -9999 -9999 -9999 -9999 -9999 -9999 -9999 -9999 -9999 -9999 -9999 -9999 -9999 -9999 -9999 -9999 -9999 -9999 -9999 -9999 -9999 -9999 -9999 -9999 -9999 -9999 -9999 -9999 -9999 -9999 -9999 -9999 -9999 -9999 -9999 -9999 -9999 -9999 -9999 -9999 -9999 -9999 -9999 -9999 -9999 -9999 -9999
-9999 -9999 -9999 -9999 -9999 -9999 -9999 -9999 -9999 -9999 -9999 -9999 -9999 -9999 -9999 -9999 -9999 -9999 -9999 -9999 -9999 -9999 -9999 -9999 -9999 -9999 -9999 -9999 -9999 -9999 -9999 -9999 -9999 -9999 -9999 -9999 -9999 -9999 -9999 -9999 -9999 -9999 -9999 -9999 -9999 -9999 -9999 -9999 -9999 -9999 -9999 -9999 -9999 -9999 -9999 -9999 -9999 -9999 -9999 -9999 -9999 -9999 -9999 -9999 -9999 -9999 -9999 -9999 -9999 -9999 -9999 -9999
-9999 -9999 -9999 -9999 -9999 -9999 -9999 -9999 -9999 -9999 -9999 -9999 -9999 -9999 -9999 -9999 -9999 -9999 -9999 -9999 -9999 -9999 -9999 -9999 -9999 -9999 -9999 -9999 -9999 -9999 -9999 -9999 -9999 -9999 -9999 -9999 -9999 -9999 -9999 -9999 -9999 -9999 -9999 -9999 -9999 -9999 -9999 -9999 -9999 -9999 -9999 -9999 -9999 -9999 -9999 -9999 -9999 -9999 -9999 -9999 -9999 -9999 -9999 -9999 -9999 -9999 -9999 -9999 -9999 -9999 -9999 -9999
-9999 -9999 -9999 -9999 -9999 -9999 -9999 -9999 -9999 -9999 -9999 -9999 -9999 -9999 -9999 -9999 -9999 -9999 -9999 -9999 -9999 -9999 -9999 -9999 -9999 -9999 -9999 -9999 -9999 -9999 -9999 -9999 -9999 -9999 -9999 -9999 -9999 -9999 -9999 -9999 -9999 -9999 2.99053 2.88059 2.78814 2.77233 2.87532 2.87776 2.87435 2.88052 2.82789 2.81022 -9999 -9999 -9999 -9999 -9999 -9999 -9999 -9999 -9999 -9999 -9999 -9999 -9999 -9999 -9999 -9999 -9999 -9999 -9999 -9999
-9999 -9999 -9999 -9999 -9999 -9999 -9999 -9999 -9999 -9999 -9999 -9999 -9999 -9999 -9999 -9999 -9999 -9999 -9999 -9999 -9999 -9999 -9999 -9999 -9999 -9999 -9999 -9999 -9999 -9999 -9999 -9999 -9999 -9999 -9999 -9999 -9999 -9999 3.04452 2.35762 2.66899 2.87983 2.77961 2.87728 2.97757 3.08310 3.07417 3.08156 3.07989 3.09532 3.12912 3.11093 2.99739 2.80305 -9999 -9999 -9999 -9999 -9999 -9999 -9999 -9999 -9999 -9999 -9999 -9999 -9999 -9999 -9999 -9999 -9999 -9999
-9999 -9999 -9999 -9999 -9999 -9999 -9999 -9999 -9999 -9999 -9999 -9999 -9999 -9999 -9999 -9999 -9999 -9999 -9999 -9999 -9999 -9999 -9999 -9999 -9999 -9999 -9999 -9999 -9999 -9999 -9999 -9999 -9999 -9999 -9999 -9999 -9999 -9999 -9999 -9999 3.10662 3.12377 2.62905 2.52400 2.62062 2.51478 2.82122 3.32531 3.32520 3.12852 3.07379 3.27304 3.26783 3.18519 -9999 -9999 -9999 -9999 -9999 -9999 -9999 -9999 -9999 -9999 -9999 -9999 -9999 -9999 -9999 -9999 -9999 -9999
-9999 -9999 -9999 -9999 -9999 -9999 -9999 -9999 -9999 -9999 -9999 -9999 -9999 -9999 -9999 -9999 -9999 -9999 -9999 -9999 -9999 -9999 -9999 -9999 -9999 -9999 -9999 -9999 -9999 -9999 -9999 -9999 -9999 -9999 -9999 -9999 -9999 -9999 -9999 -9999 -9999 -9999 -9999 -9999 3.10366 2.99627 2.39102 2.50104 2.80299 3.31191 3.16477 2.59552 3.30073 3.43404 -9999 -9999 -9999 -9999 -9999 -9999 3.30504 -9999 -9999 -9999 -9999 -9999 -9999 -9999 -9999 -9999 -9999 -9999
-9999 -9999 -9999 -9999 -9999 -9999 -9999 -9999 -9999 -9999 -9999 -9999 -9999 -9999 -9999 -9999 -9999 -9999 -9999 -9999 -9999 -9999 -9999 -9999 -9999 -9999 -9999 -9999 -9999 -9999 -9999 -9999 -9999 -9999 -9999 -9999 -9999 -9999 -9999 -9999 -9999 2.76953 2.78225 2.67761 2.77556 3.27474 2.88083 2.58853 3.08846 3.38852 2.95781 2.69925 3.23778 3.48570 -9999 -9999 -9999 -9999 -9999 3.78209 3.73274 3.90017 3.98359 4.08337 4.21310 4.12585 4.02672 3.94726 3.88393 3.83213 3.88660 3.64737
-9999 -9999 -9999 -9999 -9999 -9999 -9999 -9999 -9999 -9999 -9999 -9999 -9999 -9999 -9999 -9999 -9999 -9999 -9999 -9999 -9999 -9999 -9999 -9999 -9999 -9999 -9999 -9999 -9999 -9999 -9999 -9999 -9999 -9999 -9999 -9999 -9999 -9999 -9999 -9999 -9999 3.25253 3.16839 3.36276 3.96137 3.85813 3.96297 3.76049 3.65936 3.75727 3.45066 2.50786 2.26243 2.82855 3.27830 2.93300 3.67491 -9999 4.25706 4.08938 4.12588 4.07118 4.02671 3.78653 3.84336 3.95335 4.10580 4.04950 4.11227 4.07042 4.03556 4.01116
-9999 -9999 -9999 -9999 -9999 -9999 -9999 -9999 -9999 -9999 -9999 -9999 -9999 -9999 -9999 -9999 -9999 -9999 -9999 -9999 -9999 -9999 -9999 -9999 -9999 -9999 -9999 -9999 -9999 -9999 -9999 -9999 -9999 -9999 -9999 3.91825 4.03364 3.56392 3.58115 4.09159 4.20239 4.32058 4.23769 4.23775 4.33514 4.33809 4.53052 4.33715 4.13858 3.64427 3.03534 2.30933 1.28354 1.96620 1.92978 1.70511 2.98489 3.64798 4.36019 4.46312 4.38359 4.18658 4.21188 2.73459 3.06249 3.96341 3.94885 4.02764 4.30745 4.08901 4.07067 4.25238
-9999 -9999 -9999 -9999 -9999 -9999 -9999 -9999 -9999 -9999 -9999 -9999 -9999 -9999 -9999 -9999 -9999 -9999 -9999 -9999 -9999 -9999 -9999 -9999 -9999 -9999 -9999 -9999 -9999 -9999 -9999 -9999 -9999 -9999 4.44436 3.87489 3.89441 3.91591 4.13393 4.55955 4.67869 4.89218 4.91490 4.91413 4.90980 4.90757 4.92353 4.42670 3.72737 2.62979 1.92073 1.69966 0.68299 0.27438 0.64535 1.72589 3.00422 3.56769 4.68384 4.76128 4.26367 3.45657 3.25829 2.56334 3.85907 4.17604 3.86282 3.56217 2.46127 2.94987 2.25153 2.24429
-9999 -9999 -9999 -9999 -9999 -9999 -9999 -9999 -9999 -9999 -9999 -9999 -9999 -9999 -9999 -9999 -9999 -9999 -9999 -9999 -9999 -9999 -9999 -9999 -9999 -9999 -9999 -9999 -9999 -9999 -9999 -9999 -9999 4.24782 4.36475 4.19130 4.32124 4.34125 4.58040 5.00766 5.12488 5.03715 5.26776 5.27647 5.28763 5.09632 4.69086 4.30827 2.90619 1.81139 0.90057 -0.11030 -1.64470 -0.16131 1.00668 1.87885 2.15843 3.82922 4.51861 4.20236 3.59557 3.97885 4.18033 4.57373 4.29013 3.99038 3.38372 3.08035 2.87878 2.97684 2.56495 2.57259
-9999 -9999 -9999 -9999 -9999 -9999 -9999 -9999 -9999 -9999 -9999 -9999 -9999 -9999 -9999 -9999 -9999 -9999 -9999 -9999 -9999 -9999 -9999 -9999 -9999 -9999 -9999 -9999 -9999 -9999 -9999 4.98564 4.81958 4.65884 4.78266 4.72489 4.94881 5.08937 5.11201 5.54352 5.46801 5.50529 5.62468 5.63617 5.35550 5.06876 4.97874 4.87870 3.59065 2.59324 1.37634 0.25750 -1.96781 -0.49951 0.66825 1.84513 3.30848 3.66643 2.75855 3.33612 4.02721 4.31281 4.19681 4.89433 4.49556 3.79852 3.69826 4.00084 3.89578 2.50140 1.78948 1.40164
-9999 -9999 -9999 -9999 -9999 -9999 -9999 -9999 -9999 -9999 -9999 -9999 -9999 -9999 -9999 -9999 -9999 -9999 -9999 -9999 -9999 -9999 -9999 -9999 -9999 -9999 -9999 -9999 -9999 5.29776 5.24173 4.78049 4.83418 4.76388 5.00250 5.03971 5.17360 5.41185 5.44698 5.78012 5.82328 5.85145 5.98683 5.90456 5.63107 4.92822 4.74005 4.24535 2.26972 1.37554 0.57070 -1.15312 -1.89005 -0.12792 0.03757 1.29465 3.06092 3.02297 3.60507 4.57529 4.35685 4.13590 3.91831 4.11537 4.50753 4.19913 3.20520 2.60558 2.41702 2.52370 2.92980 1.33140
-9999 -9999 -9999 -9999 -9999 -9999 -9999 -9999 -9999 -9999 -9999 -9999 -9999 -9999 -9999 -9999 -9999 -9999 -9999 -9999 -9999 -9999 -9999 -9999 4.54613 4.55636 4.87461 5.18531 5.23909 4.88774 4.83608 5.08386 5.13477 5.17937 5.02159 5.47521 5.31373 5.34562 5.48421 5.82414 6.15849 6.20744 6.24857 6.28261 5.98805 5.40124 5.31998 3.91722 2.34389 1.76587 1.44693 -0.79524 -0.74413 0.82679 1.88417 2.64294 3.50059 3.76691 3.64178 4.21346 4.76938 4.66707 4.84887 4.93386 4.91922 4.21372 4.62495 4.72007 4.32843 3.43536 0.94517 0.55670
-9999 -9999 -9999 -9999 -9999 -9999 3.93053 4.15919 4.47959 4.50627 4.61539 -9999 -9999 -9999 -9999 -9999 -9999 -9999 -9999 -9999 -9999 4.57177 3.89009 4.00948 4.02803 4.14699 4.37824 4.58807 4.64424 4.88318 5.13735 5.37530 5.03253 5.17494 5.12751 5.36968 5.31018 5.66238 5.81049 6.05265 6.39696 6.54509 6.57725 6.52657 6.26213 5.67322 5.58731 4.39221 2.82160 1.93086 0.93132 0.16908 -0.57381 0.78596 2.73659 3.48965 3.54586 3.90514 4.58102 5.08711 4.96949 4.78233 4.08227 3.86075 3.54355 5.03658 5.34156 4.73854 4.44135 4.55194 3.75008 1.65965
-9999 -9999 -9999 -9999 -9999 4.10948 3.92134 3.44154 4.16677 3.97202 4.19607 3.41194 3.72552 3.42431 -9999 -9999 -9999 4.04795 3.83698 4.03617 3.92871 3.85194 3.87573 4.10032 3.92467 4.35107 4.47901 4.89855 4.94949 5.09946 5.53424 5.68686 5.83839 5.98485 5.92149 5.88245 5.93080 5.97250 6.12373 6.56621 6.82080 6.85984 6.89511 6.93756 6.58446 6.12036 5.02965 3.64723 2.66702 1.98112 1.36161 0.82781 1.08139 2.33044 2.99195 3.25529 3.30658 4.16790 5.43865 4.90827 5.08194 4.52946 4.21012 4.49968 3.50829 2.37486 2.86535 3.06174 3.75947 3.35831 3.35867 1.85108
-9999 4.47354 4.47545 4.58772 4.18737 4.19926 3.90542 3.92285 3.84491 4.05599 3.76417 3.47463 3.39121 3.49795 3.90823 4.30854 4.91132 4.00254 3.90675 4.28987 4.39969 4.42195 4.34859 4.68464 4.91743 4.65455 4.78760 5.12987 5.07165 5.41566 5.86071 6.00975 6.25785 6.29007 6.34910 6.29313 6.23413 6.28690 6.52589 6.88305 7.03214 7.17249 7.21862 7.26238 7.00661 6.53784 5.57242 4.58824 3.64444 3.02641 2.12805 0.97467 1.33780 0.89595 1.55703 2.22215 3.18377 4.94015 4.61866 4.69019 5.25580 4.30546 3.42328 3.55641 2.73666 2.70949 3.50319 2.68145 3.67058 2.56031 1.15236 -0.16577
-9999 4.06432 4.47076 4.47054 4.58195 4.68749 4.69906 4.61744 4.62853 4.33765 4.34203 3.94719 3.46196 3.76344 3.87165 3.87582 3.97830 3.77103 4.17181 4.37870 4.19584 4.21315 4.34421 5.08055 5.12109 5.45539 5.39799 5.34579 5.47373 5.83517 5.97079 6.31869 6.46476 6.70001 6.64735 6.68696 6.73303 6.77943 7.02614 6.97758 7.21894 7.47845 7.52586 7.56668 7.51429 7.25925 6.91099 5.73859 4.75914 3.68056 3.37701 1.86546 1.78824 0.15326 0.31807 2.18301 3.15056 3.81308 4.28735 3.85388 4.31222 3.76649 3.34479 3.81258 3.18890 2.86919 2.53718 2.91875 2.89384 2.77265 2.65301 1.32954
-9999 -9999 -9999 4.06158 3.96660 4.67905 4.68488 4.70397 4.60897 5.01328 4.62472 4.92028 4.73374 4.72765 4.23505 4.34655 4.35652 4.95173 4.64695 4.43904 4.46259 4.49966 4.61624 4.96797 5.32973 5.67678 5.91351 5.95620 6.39725 6.44309 6.57511 6.72375 6.75797 7.10588 7.03938 7.07522 7.02893 7.07597 7.12939 7.37179 7.42220 7.66820 7.72530 7.88231 7.83820 7.78660 7.22851 6.37583 5.80531 5.12021 3.91557 2.78130 1.75700 0.82304 1.49328 1.66541 3.12987 3.50552 3.16525 3.32399 4.37643 3.13612 2.90264 2.88175 3.15338 3.32630 3.68905 2.95344 2.41334 2.08689 1.84966 1.61462
-9999 -9999 -9999 -9999 -9999 -9999 4.88190 5.08563 4.80156 5.10433 5.20596 5.01406 5.11197 5.41316 5.32268 5.22670 5.02430 5.13463 5.43143 5.54527 5.35152 5.17996 5.42139 5.57574 5.82734 5.78275 6.12861 6.77565 6.89582 6.83230 6.87645 6.91678 6.95533 7.28855 7.42478 7.46632 7.31754 7.45762 7.40819 7.35155 7.50588 7.74920 7.90960 8.15816 8.12326 8.17141 8.01677 6.57493 6.41579 5.13880 3.53738 2.01546 1.58481 3.04537 2.11625 1.78252 2.65696 2.01951 1.47638 2.33947 1.89096 1.84940 1.71340 1.59589 2.37056 2.14288 3.40603 2.87225 2.33361 2.19163 1.75152 1.70691
-9999 -9999 -9999 -9999 -9999 -9999 5.38834 5.19744 5.49998 5.10370 5.39548 5.30211 5.49925 5.81084 5.71714 5.52766 5.53054 5.53022 5.52935 5.44171 5.44560 5.47164 5.51788 5.77144 5.93454 6.49504 7.03527 7.18457 7.31746 7.23686 7.16664 7.30215 7.34052 7.47661 7.51307 7.64877 7.89960 7.94836 7.88836 7.63069 7.76963 7.91550 7.96249 8.12405 8.46712 8.23746 8.39270 8.32997 7.87421 7.21528 5.92094 5.07435 4.35737 3.81640 3.69075 4.87178 4.23068 3.08925 3.54376 2.90471 1.15596 1.41800 1.38454 1.85356 1.64324 3.00689 3.28389 3.36370 3.31549 2.98994 1.85485 1.81739
-9999 -9999 -9999 -9999 -9999 -9999 -9999 -9999 -9999 -9999 6.18864 5.49438 5.59403 6.39718 6.11352 5.71737 5.62683 5.73814 6.03569 5.93886 5.94367 5.76895 6.12062 6.17089 6.43885 6.49079 6.74998 7.40095 7.52602 7.45362 7.48266 7.51016 7.53228 7.65007 7.80571 8.32666 8.27666 8.41866 8.47168 8.21807 8.25213 8.28812 8.34120 8.48877 8.53967 8.58991 8.44473 8.69363 8.72951 8.67167 8.57965 8.35090 7.83244 8.00266 7.97845 8.03287 7.80271 7.25555 6.80835 6.36352 6.22170 5.38092 5.14745 4.22950 3.90236 4.78406 4.76485 4.62909 4.00662 4.07493 3.04525 1.51806
-9999 -9999 -9999 -9999 -9999 -9999 -9999 -9999 -9999 -9999 6.98253 6.67360 6.07930 6.69786 6.60606 6.01881 6.02910 5.92954 6.03124 5.93538 5.94864 5.95747 6.02654 6.26731 6.52822 7.09684 7.54533 7.80528 7.93932 7.97062 7.79213 7.91417 7.93684 8.06794 7.89443 8.22241 8.36096 8.30311 8.24551 8.19394 8.23071 8.27756 8.31119 8.25722 8.29713 8.35385 8.30640 8.55043 8.68917 8.74339 8.95324 8.54363 8.71479 8.57781 8.84924 8.70837 8.56475 8.40989 8.47626 7.82617 7.78463 7.75174 7.70483 7.59238 7.57200 7.45135 7.23692 7.01385 6.58274 4.57266 3.94395 3.03269
-9999 -9999 -9999 -9999 -9999 -9999 -9999 -9999 -9999 -9999 -9999 -9999 6.97160 6.19007 6.19728 6.42230 6.91586 7.42038 6.91515 6.91865 6.83617 6.76787 6.93006 7.07656 7.43991 7.89496 7.95347 7.91332 7.94645 8.27463 8.30385 8.12116 8.15727 8.07696 8.10938 8.12857 8.34158 8.08805 8.12290 8.07372 8.10326 8.14692 8.08899 8.22676 8.26504 8.40562 8.44908 8.49357 8.54412 8.68333 8.60939 8.40199 8.29455 8.36068 8.91922 8.88314 8.82941 8.17062 8.04368 7.70159 7.75093 7.72187 7.78632 7.75852 7.74584 7.82227 7.80334 7.69467 7.26954 6.25696 4.04130 2.53457
-9999 -9999 -9999 -9999 -9999 -9999 -9999 -9999 -9999 -9999 -9999 -9999 7.47535 6.98819 6.79629 6.91419 7.21065 7.41954 6.81397 6.91208 7.02721 6.56786 6.92441 7.46558 7.32724 7.78286 8.14378 8.29145 8.23445 8.47163 8.59616 8.41329 8.33648 8.25342 7.96764 8.08131 8.00406 7.65193 7.90817 8.05031 8.29487 8.53060 8.67508 8.61183 8.54223 8.58855 8.62216 8.55392 8.70240 8.44320 8.36299 8.66903 8.57400 8.54554 8.88734 9.03799 8.89517 8.23298 8.10108 7.95809 7.92938 7.89589 7.85463 7.94906 8.01854 7.99714 7.89855 7.68808 6.88474 5.38082 4.67723 4.47285
-9999 -9999 -9999 -9999 -9999 -9999 -9999 -9999 -9999 -9999 -9999 7.61131 7.21083 7.70553 7.70694 6.70821 6.50071 6.61040 6.50483 6.50231 7.50252 6.66257 7.11026 7.16200 7.20823 7.56054 7.61247 7.95351 8.40740 8.61950 8.74072 8.55586 8.57449 8.50460 8.41875 8.83834 8.46733 8.21581 7.97903 7.62994 7.77273 7.82301 7.85824 8.09686 8.32855 8.76022 8.89411 9.02715 8.87318 8.81523 8.72428 8.62140 8.53596 8.70840 9.16403 9.01288 8.65704 8.29979 8.17757 8.12877 8.16045 8.16536 8.14315 8.11795 7.99954 8.08153 7.69075 7.01009 6.00385 4.52857 2.93942 2.44927
-9999 -9999 -9999 -9999 -9999 -9999 -9999 -9999 -9999 -9999 -9999 7.74269 7.72524 7.72308 7.90701 7.00855 6.70155 6.69832 6.78577 6.79723 7.00230 6.94775 7.29228 7.63750 7.78273 7.84630 7.87702 7.91630 8.36074 8.39322 8.29265 8.29717 8.32385 8.53594 8.26692 8.68347 8.93316 8.18949 7.63973 8.00359 8.14294 8.00323 7.95244 7.98531 8.20658 8.33942 8.66761 8.99623 9.12267 9.27543 9.17744 9.28375 9.27747 8.96311 8.80612 8.57971 8.51928 8.46417 8.33383 8.30123 8.28004 8.23899 8.31032 8.29669 8.37850 8.37082 7.69434 7.31263 5.64083 4.06849 3.98853 4.31923
