data/hydroclimate-scenarios/BCSD_hadcm_A1B/monthly_summaries/tavg_monthly_avg_oct.2030-2059.asc
ncols	311
nrows	91
xllcenter	102.75
yllcenter	31.75
cellsize	0.5
NODATA_value	-9999
[rows 0 to 31 of 91, columns 219 to 291 of 311]
-9999 -9999 -9999 -9999 -9999 -9999 -9999 -9999 -9999 -9999 -9999 -9999 -9999 -9999 -9999 -9999 -9999 -9999 -9999 -9999 -9999 -9999 -9999 -9999 -9999 -9999 -9999 -9999 -9999 -9999 -9999 -9999 -9999 -9999 -9999 -9999 -9999 -9999 -9999 -9999 -9999 -9999 -9999 -9999 -9999 -9999 -9999 -9999 -9999 -9999 -9999 -9999 -9999 -9999 -9999 -9999 -9999 -9999 -9999 -9999 -9999 -9999 -9999 -9999 -9999 -9999 -9999 -9999 -9999 -9999 -9999 -9999 -9999
-9999 -9999 -9999 -9999 -9999 -9999 -9999 -9999 -9999 -9999 -9999 -9999 -9999 -9999 -9999 -9999 -9999 -9999 -9999 -9999 -9999 -9999 -9999 -9999 -9999 -9999 -9999 -9999 -9999 -9999 -9999 -9999 -9999 -9999 -9999 -9999 -9999 -9999 -9999 -9999 -9999 -9999 -9999 -9999 -9999 -9999 -9999 -9999 -9999 -9999 -9999 -9999 -9999 -9999 -9999 -9999 -9999 -9999 -9999 -9999 -9999 -9999 -9999 -9999 -9999 -9999 -9999 -9999 -9999 -9999 -9999 -9999 -9999
-9999 -9999 -9999 -9999 -9999 -9999 -9999 -9999 -9999 -9999 -9999 -9999 -9999 -9999 -9999 -9999 -9999 -9999 -9999 -9999 -9999 -9999 -9999 -9999 -9999 -9999 -9999 -9999 -9999 -9999 -9999 -9999 -9999 -9999 -9999 -9999 -9999 -9999 -9999 -9999 -9999 -9999 -9999 -9999 -9999 -9999 -9999 -9999 -9999 -9999 -9999 -9999 -9999 -9999 -9999 -9999 -9999 -9999 -9999 -9999 -9999 -9999 -9999 -9999 -9999 -9999 -9999 -9999 -9999 -9999 -9999 -9999 -9999
-9999 -9999 -9999 -9999 -9999 -9999 -9999 -9999 -9999 -9999 -9999 -9999 -9999 -9999 -9999 -9999 -9999 -9999 -9999 -9999 -9999 -9999 -9999 -9999 -9999 -9999 -9999 -9999 -9999 -9999 -9999 -9999 -9999 -9999 -9999 -9999 -9999 -9999 -9999 -9999 -9999 -9999 -9999 -9999 -9999 -9999 -9999 -9999 -9999 -9999 -9999 -9999 -9999 -9999 -9999 -9999 -9999 -9999 -9999 -9999 -9999 -9999 -9999 -9999 -9999 -9999 -9999 -9999 -9999 -9999 -9999 -9999 -9999
-9999 -9999 -9999 -9999 -9999 -9999 -9999 -9999 -9999 -9999 -9999 -9999 -9999 -9999 -9999 -9999 -9999 -9999 -9999 -9999 -9999 -9999 -9999 -9999 -9999 -9999 -9999 -9999 -9999 -9999 -9999 -9999 -9999 -9999 -9999 -9999 -9999 -9999 -9999 -9999 -9999 -9999 -9999 -9999 -9999 -9999 -9999 -9999 -9999 -9999 -9999 -9999 -9999 -9999 -9999 -9999 -9999 -9999 -9999 -9999 -9999 -9999 -9999 -9999 -9999 -9999 -9999 -9999 -9999 -9999 -9999 -9999 -9999
-9999 -9999 -9999 -9999 -9999 -9999 -9999 -9999 -9999 -9999 -9999 -9999 -9999 -9999 -9999 -9999 -9999 -9999 -9999 -9999 -9999 -9999 -9999 -9999 -9999 -9999 -9999 -9999 -9999 -9999 -9999 -9999 -9999 -9999 -9999 -9999 -9999 -9999 -9999 -9999 -9999 -9999 -9999 -9999 -9999 -9999 -9999 -9999 -9999 -9999 -9999 -9999 -9999 -9999 -9999 -9999 -9999 -9999 -9999 -9999 -9999 -9999 -9999 -9999 -9999 -9999 -9999 -9999 -9999 -9999 -9999 -9999 -9999
-9999 -9999 -9999 -9999 -9999 -9999 -9999 -9999 -9999 -9999 -9999 -9999 -9999 -9999 -9999 -9999 -9999 -9999 -9999 -9999 -9999 -9999 -9999 -9999 -9999 -9999 -9999 -9999 -9999 -9999 -9999 -9999 -9999 -9999 -9999 -9999 -9999 -9999 -9999 -9999 -9999 -9999 -9999 -9999 -9999 -9999 -9999 -9999 -9999 -9999 -9999 -9999 -9999 -9999 -9999 -9999 -9999 -9999 -9999 -9999 -9999 -9999 -9999 -9999 -9999 -9999 -9999 -9999 -9999 -9999 -9999 -9999 -9999
-9999 -9999 -9999 -9999 -9999 -9999 -9999 -9999 -9999 -9999 -9999 -9999 -9999 -9999 -9999 -9999 -9999 -9999 -9999 -9999 -9999 -9999 -9999 -9999 -9999 -9999 -9999 -9999 -9999 -9999 -9999 -9999 -9999 -9999 -9999 -9999 -9999 -9999 -9999 -9999 -9999 -9999 -9999 -9999 -9999 -9999 -9999 -9999 -9999 -9999 -9999 -9999 -9999 -9999 -9999 -9999 -9999 -9999 -9999 -9999 -9999 -9999 -9999 -9999 -9999 -9999 -9999 -9999 -9999 -9999 -9999 -9999 -9999
-9999 -9999 -9999 -9999 -9999 -9999 -9999 -9999 -9999 -9999 -9999 -9999 -9999 -9999 -9999 -9999 -9999 -9999 -9999 -9999 -9999 -9999 -9999 -9999 -9999 -9999 -9999 -9999 -9999 -9999 -9999 -9999 -9999 -9999 -9999 -9999 -9999 -9999 -9999 -9999 -9999 -9999 -9999 -9999 -9999 -9999 -9999 -9999 -9999 -9999 -9999 -9999 -9999 -9999 -9999 -9999 -9999 -9999 -9999 -9999 -9999 -9999 -9999 -9999 -9999 -9999 -9999 -9999 -9999 -9999 -9999 -9999 -9999
-9999 -9999 -9999 -9999 -9999 -9999 -9999 -9999 -9999 -9999 -9999 -9999 -9999 -9999 -9999 -9999 -9999 -9999 -9999 -9999 -9999 -9999 -9999 -9999 -9999 -9999 -9999 -9999 -9999 -9999 -9999 -9999 -9999 -9999 -9999 -9999 -9999 -9999 -9999 -9999 -9999 -9999 -9999 -9999 -9999 -9999 -9999 -9999 -9999 -9999 -9999 -9999 -9999 -9999 -9999 -9999 -9999 -9999 -9999 -9999 -9999 -9999 -9999 -9999 -9999 -9999 -9999 -9999 -9999 -9999 -9999 -9999 -9999
-9999 -9999 -9999 -9999 -9999 -9999 -9999 -9999 -9999 -9999 -9999 -9999 -9999 -9999 -9999 -9999 -9999 -9999 -9999 -9999 -9999 -9999 -9999 -9999 -9999 -9999 -9999 -9999 -9999 -9999 -9999 -9999 -9999 -9999 -9999 -9999 -9999 -9999 -9999 -9999 -9999 -9999 -9999 -9999 -9999 -9999 -9999 -9999 -9999 -9999 -9999 -9999 -9999 -9999 -9999 -9999 -9999 -9999 -9999 -9999 -9999 -9999 -9999 -9999 -9999 -9999 -9999 -9999 -9999 -9999 -9999 -9999 -9999
-9999 -9999 -9999 -9999 -9999 -9999 -9999 -9999 -9999 -9999 -9999 -9999 -9999 -9999 -9999 -9999 -9999 -9999 -9999 -9999 -9999 -9999 -9999 -9999 -9999 -9999 -9999 -9999 -9999 -9999 -9999 -9999 -9999 -9999 -9999 -9999 -9999 -9999 -9999 -9999 -9999 -9999 -9999 -9999 -9999 -9999 -9999 -9999 -9999 -9999 -9999 -9999 -9999 -9999 -9999 -9999 -9999 -9999 -9999 -9999 -9999 -9999 -9999 -9999 -9999 -9999 -9999 -9999 -9999 -9999 -9999 -9999 -9999
-9999 -9999 -9999 -9999 -9999 -9999 -9999 -9999 -9999 -9999 -9999 -9999 -9999 -9999 -9999 -9999 -9999 -9999 -9999 -9999 -9999 -9999 -9999 -9999 -9999 -9999 -9999 -9999 -9999 -9999 -9999 -9999 -9999 -9999 -9999 -9999 -9999 -9999 -9999 -9999 -9999 -9999 -9999 -9999 -9999 -9999 -9999 -9999 -9999 -9999 -9999 -9999 -9999 -9999 -9999 -9999 -9999 -9999 -9999 -9999 -9999 -9999 -9999 -9999 -9999 -9999 -9999 -9999 -9999 -9999 -9999 -9999 -9999
-9999 -9999 -9999 -9999 -9999 -9999 -9999 -9999 -9999 -9999 -9999 -9999 -9999 -9999 -9999 -9999 -9999 -9999 -9999 -9999 -9999 -9999 -9999 -9999 -9999 -9999 -9999 -9999 -9999 -9999 -9999 -9999 -9999 -9999 -9999 -9999 -9999 -9999 -9999 -9999 -9999 -5.67650 -9999 -9999 -9999 -9999 -9999 -9999 -9999 -9999 -9999 -9999 -9999 -9999 -9999 -9999 -9999 -9999 -9999 -9999 -9999 -9999 -9999 -9999 -9999 -9999 -9999 -9999 -9999 -9999 -9999 -9999 -9999
-7.30848 -7.53289 -8.00133 -8.31227 -8.53195 -8.70787 -8.46199 -7.95196 -7.79518 -7.67474 -7.52666 -7.26514 -6.36192 -9999 -9999 -9999 -9999 -9999 -9999 -9999 -9999 -9999 -9999 -9999 -9999 -9999 -9999 -9999 -9999 -9999 -9999 -9999 -9999 -9999 -9999 -9999 -7.27500 -6.27213 -6.76779 -7.75266 -8.04750 -7.17923 -4.62631 -9999 -9999 -9999 -2.35968 -9999 -9999 -9999 -2.11256 -2.34001 -2.66812 -9999 -9999 -9999 -9999 -9999 -9999 -9999 -9999 -9999 -9999 -9999 -9999 -9999 -9999 -9999 -9999 -9999 -9999 -9999 -9999
-8.68382 -9.35547 -9.96485 -10.25390 -10.51770 -11.62870 -11.38720 -11.99310 -12.24720 -11.14910 -10.59100 -10.19980 -9.80273 -9.57483 -8.89102 -9.02540 -7.99523 -7.19542 -6.26695 -9999 -9999 -9999 -9999 -9999 -6.16032 -6.17003 -5.99132 -5.92399 -5.56633 -5.17423 -5.00352 -5.02707 -4.95634 -4.99625 -4.90374 -4.80080 -7.60506 -7.29482 -7.79727 -7.39162 -8.08478 -7.65537 -4.48371 -4.11001 -3.45633 -2.99112 -2.62647 -2.25131 -2.09056 -2.40716 -2.81951 -3.54417 -4.46188 -4.28079 -3.50315 -3.21722 -3.44262 -3.15325 -9999 -9999 -9999 -9999 -9999 -9999 -9999 -9999 -9999 -9999 -9999 -9999 -9999 -9999 -9999
-10.60310 -11.11280 -11.36550 -11.32510 -11.51820 -11.79040 -11.91280 -12.53620 -11.37220 -11.31820 -10.29190 -9.72780 -8.99976 -8.07290 -8.24277 -8.51668 -7.48391 -8.13958 -7.11459 -7.02460 -6.43622 -6.23399 -5.84819 -5.74661 -5.64454 -5.63284 -5.74962 -5.77250 -5.59909 -5.13308 -4.83381 -4.94779 -4.87520 -4.81332 -4.80899 -4.70939 -4.70090 -4.80679 -4.71034 -4.51722 -5.00323 -4.81789 -4.32296 -4.03691 -3.65980 -3.27261 -3.08442 -2.79721 -2.50492 -2.61634 -2.62213 -2.53937 -2.55525 -2.66650 -2.66686 -2.87726 -3.29962 -4.22619 -4.06088 -3.90280 -3.45384 -3.42410 -3.51051 -3.73392 -3.74131 -3.65168 -9999 -9999 -9999 -9999 -9999 -9999 -9999
-10.67980 -10.58430 -10.53450 -10.22160 -9.76676 -9.68193 -9.99468 -9.31076 -8.44598 -7.88982 -8.15963 -7.21280 -6.43424 -6.28172 -6.39923 -6.52123 -5.67391 -5.82340 -6.30454 -6.69654 -7.09444 -7.39373 -7.29857 -7.18218 -6.35528 -5.32713 -5.23467 -5.14572 -4.96815 -4.90043 -4.61259 -4.50385 -4.47802 -4.39834 -4.30734 -4.20626 -4.10828 -4.02382 -4.02545 -4.02556 -4.43195 -4.37939 -3.87472 -3.66273 -3.37139 -3.16039 -2.95250 -2.83668 -2.61864 -2.62749 -2.62363 -2.64029 -2.63695 -2.64797 -2.54297 -2.74808 -3.65679 -3.96761 -3.48251 -3.40810 -3.34178 -3.46450 -3.61221 -3.74515 -3.63821 -3.16010 -9999 -2.97510 -9999 -9999 -9999 -9999 -9999
-7.83363 -8.29733 -8.17277 -7.65313 -8.36482 -8.25988 -7.30931 -6.40824 -6.62439 -6.28094 -5.52343 -5.12937 -6.14972 -6.19032 -5.70171 -5.44480 -4.98381 -4.89487 -5.08463 -5.77501 -6.05925 -7.55506 -7.73799 -7.82827 -6.30234 -4.78290 -4.75916 -4.56979 -4.28012 -4.08892 -4.15751 -4.05374 -3.72794 -3.80990 -3.59153 -3.79913 -3.60947 -3.62613 -3.63448 -3.53863 -3.95097 -3.74038 -3.62321 -3.29646 -3.06849 -3.05115 -2.91905 -2.88101 -2.63916 -2.63916 -2.63272 -2.62453 -2.62861 -2.61726 -2.61927 -2.71336 -3.49356 -3.29306 -3.17667 -3.37102 -3.35721 -3.15433 -3.34433 -3.23841 -3.06437 -2.76426 -2.59004 -9999 -9999 -9999 -9999 -9999 -9999
-6.22314 -6.44345 -5.58144 -5.42861 -5.30711 -4.95676 -4.82982 -4.24883 -4.41850 -4.49087 -4.19492 -4.39251 -4.36853 -4.43548 -4.97039 -4.92912 -5.36957 -5.29404 -5.60153 -5.38410 -4.78538 -4.87678 -5.37749 -7.14876 -5.42335 -4.77964 -4.05869 -3.96953 -3.66592 -3.45169 -3.38647 -3.08701 -3.26955 -3.36967 -3.15530 -3.03956 -3.53760 -3.54079 -3.37194 -3.17850 -3.49556 -3.50993 -3.32887 -3.14770 -2.95654 -2.97478 -2.77157 -2.77804 -2.68644 -2.67675 -2.57257 -2.66858 -2.55246 -2.55072 -2.53707 -2.52860 -2.71285 -2.68866 -2.95213 -2.83013 -2.80654 -2.78624 -2.86020 -2.86422 -2.68289 -2.69943 -2.72083 -2.72217 -9999 -9999 -9999 -9999 -9999
-4.23207 -4.40413 -4.13623 -4.02251 -3.94222 -3.87659 -3.84452 -3.77310 -3.73353 -3.90161 -4.04091 -4.11749 -4.21869 -4.71203 -5.28476 -5.75606 -5.49137 -5.76088 -5.45359 -4.84571 -4.44722 -4.43653 -4.92750 -5.92738 -5.99421 -4.27501 -3.75962 -3.35560 -3.24705 -3.09889 -2.83239 -2.82555 -2.81126 -2.80556 -2.81456 -2.91686 -3.01279 -3.20412 -3.21935 -3.03843 -3.16124 -3.18512 -3.00334 -3.00891 -3.13799 -2.84547 -2.85032 -2.66339 -2.76158 -2.44746 -2.43755 -2.42649 -2.02942 -1.81491 -1.81562 -1.70394 -1.87206 -1.96177 -2.13239 -2.21585 -2.39477 -3.06193 -3.15752 -3.07972 -3.21265 -3.22798 -3.36068 -3.57037 -3.68601 -3.78287 -3.99590 -4.21636 -9999
-3.90529 -3.95636 -3.99329 -3.96832 -3.94117 -3.94901 -4.07447 -4.24132 -4.00603 -3.80885 -3.54187 -3.54193 -3.48620 -3.76910 -5.38567 -5.97140 -6.67179 -6.33274 -5.24063 -4.28254 -3.99338 -4.19277 -4.60146 -4.89791 -5.99598 -4.77166 -3.94964 -3.14268 -2.72198 -2.54425 -2.37901 -2.46636 -2.35193 -2.24270 -2.35520 -2.56586 -2.58221 -2.49877 -2.70513 -2.80393 -2.82515 -2.94973 -2.87554 -2.78225 -2.81488 -2.61620 -2.42458 -2.23021 -2.23559 -1.82015 -1.81556 -1.90887 -2.00420 -1.59268 -1.29578 -1.28177 -1.35237 -1.63402 -1.71025 -1.40418 -1.97512 -2.75297 -2.76953 -2.79522 -2.83271 -2.95890 -3.09398 -3.22432 -3.35018 -3.57145 -3.68669 -3.91206 -4.24714
-3.03785 -3.67089 -4.07369 -4.05817 -4.00723 -3.81739 -3.89518 -4.51301 -4.09374 -3.88266 -3.66785 -3.60509 -3.81835 -3.88798 -4.95298 -5.76857 -6.05021 -5.97038 -5.73017 -4.49455 -4.54154 -4.65344 -4.15455 -3.87884 -4.08239 -3.46465 -3.33745 -3.72707 -3.68728 -3.20636 -3.52789 -3.80510 -3.19231 -2.97797 -3.09987 -2.71895 -2.33963 -2.35405 -2.37656 -2.58949 -2.61961 -3.21835 -2.94250 -3.06317 -2.78226 -2.68442 -2.48831 -2.40703 -2.30243 -2.39053 -2.28839 -1.87554 -1.46406 -1.26636 -1.36146 -1.15325 -1.43056 -1.51178 -1.49390 -1.57682 -2.45789 -2.46587 -2.40074 -2.41168 -2.55755 -2.59116 -2.73005 -2.86076 -3.10141 -3.23031 -3.36528 -3.80027 -4.12035
-1.76998 -2.08997 -3.45306 -4.62997 -4.64703 -4.30471 -3.87151 -3.86627 -4.00392 -3.99376 -3.88969 -3.56112 -3.37159 -3.68894 -4.41280 -5.55173 -5.26740 -5.25440 -5.22799 -5.18385 -5.04736 -5.01552 -5.02409 -4.94298 -4.56296 -3.83894 -4.02206 -4.51725 -5.13967 -5.34890 -5.76533 -5.54064 -4.82169 -4.60666 -5.53962 -5.36937 -4.38293 -4.21142 -3.74439 -3.76493 -2.58840 -2.31802 -2.22244 -2.53802 -2.25562 -1.96497 -2.26899 -2.17564 -2.07501 -2.26588 -1.75081 -1.24341 -1.24253 -2.23614 -2.03199 -1.41616 -1.60026 -1.88814 -1.86102 -1.76138 -2.15219 -2.08869 -2.11039 -2.13276 -2.18653 -2.22932 -2.36576 -2.60490 -2.75137 -2.98805 -3.03023 -3.25414 -3.77427
-1.26194 -1.76559 -2.22300 -3.07772 -3.66992 -4.23511 -4.17542 -4.27704 -4.49009 -4.74037 -5.20620 -4.32719 -4.29039 -3.43536 -3.21904 -5.27079 -5.53245 -6.02212 -5.49954 -5.45899 -5.82637 -5.40339 -5.56008 -5.68122 -6.19791 -6.19666 -5.98507 -6.17932 -6.58299 -6.45716 -6.30377 -6.67068 -6.35354 -6.03926 -6.66261 -6.78353 -6.20925 -6.43761 -6.45593 -6.39760 -5.71354 -4.73404 -3.04514 -2.06196 -2.17342 -1.88224 -1.70367 -2.30334 -2.31580 -1.90715 -1.89830 -1.89452 -1.58057 -1.56883 -1.76704 -2.15243 -2.13201 -2.22493 -1.42304 -1.10671 -1.04423 -1.16078 -1.18615 -1.30614 -1.75308 -1.90129 -2.05058 -2.17843 -2.42265 -2.56102 -2.71230 -2.81742 -3.01954
-2.00036 -1.67020 -1.72111 -1.92874 -2.17586 -2.85306 -3.38981 -3.92531 -4.48681 -3.83686 -3.71908 -3.79495 -3.79776 -3.88099 -3.83619 -3.50324 -4.57741 -4.09702 -4.54551 -4.92516 -5.09643 -5.25381 -5.14236 -4.50661 -4.53260 -4.24615 -4.74094 -4.68372 -5.39265 -5.40270 -5.02677 -5.49209 -5.37685 -5.45507 -5.97137 -6.28630 -5.50488 -5.61707 -5.63621 -5.75026 -5.47513 -4.70096 -3.71837 -2.86075 -2.37534 -1.87386 -1.39112 -2.41275 -2.92622 -2.20681 -1.89861 -1.98896 -1.58335 -1.56040 -1.65292 -1.83385 -1.72763 -1.50728 -1.41272 -1.34197 -0.76981 -0.69638 -0.72458 -0.85787 -1.39286 -1.43098 -1.65824 -1.80185 -1.92465 -2.05172 -2.08453 -2.30572 -2.40516
-4.90703 -5.12843 -4.52284 -3.25796 -2.39599 -3.17720 -2.70360 -2.68768 -2.55357 -2.35401 -2.51139 -3.04524 -3.26687 -3.80975 -3.83192 -3.57666 -3.47613 -3.11549 -2.83411 -2.75264 -2.44580 -2.92318 -3.00002 -2.28196 -1.95876 -2.69274 -2.58826 -2.70604 -2.40939 -2.31676 -3.84814 -3.90717 -4.48456 -4.76702 -4.58785 -4.59864 -5.09720 -5.20999 -5.51317 -4.82206 -4.73636 -5.16539 -4.50453 -3.53325 -3.05245 -2.37395 -1.78660 -1.70873 -1.64343 -2.32160 -2.00137 -1.78598 -1.78226 -1.56040 -1.24792 -1.42445 -1.31036 -1.40833 -1.02481 -0.56068 -0.59650 -0.52366 -0.35136 -0.19196 -0.61839 -0.74124 -0.96945 -1.09378 -1.22316 -1.55066 -1.76882 -2.07772 -2.07281
-2.68992 -2.81448 -3.49362 -3.69231 -2.80203 -4.34756 -3.92011 -3.49247 -2.99918 -2.71740 -2.58587 -2.69009 -2.42494 -3.05003 -3.26094 -2.97993 -2.88296 -2.31263 -2.45470 -2.25980 -2.16326 -1.89612 -1.92141 -1.63885 -1.94038 -2.21146 -2.30976 -1.72004 -2.93440 -3.12802 -2.85683 -2.91368 -3.69664 -4.09036 -3.89422 -4.28483 -4.69326 -4.19993 -4.60649 -5.00747 -5.51853 -5.24866 -3.99230 -3.42604 -3.24619 -2.97338 -2.49753 -2.11692 -1.34002 -2.02988 -2.01265 -1.79750 -1.37489 -1.25831 -1.03975 -1.11088 -0.69869 -0.50899 -0.35034 -0.18150 -0.21951 -0.16013 0.11905 0.27007 0.15465 -0.07058 -0.28195 -0.40892 -0.62671 -0.73693 -1.06230 -1.35677 -1.54517
-2.97429 -1.89670 -1.66785 -1.55160 -1.41423 -1.36794 -1.11300 -1.68654 -1.75242 -2.64773 -2.38019 -2.19084 -1.32453 -1.40621 -1.78044 -2.43180 -2.68713 -2.51977 -3.07246 -3.38027 -1.88478 -1.49677 -1.41924 -0.95152 -0.46165 -0.79225 -1.20305 -1.92792 -2.54108 -2.16190 -2.08352 -2.63952 -2.83112 -2.61011 -3.31130 -3.50813 -4.10293 -4.09662 -4.39527 -4.48778 -4.99306 -5.52288 -4.87445 -5.20383 -4.33271 -4.17420 -2.70471 -1.73361 -1.36383 -0.83986 -1.31296 -1.30213 -0.67227 -0.65099 -0.44323 -0.29684 -0.19012 -0.12285 0.03096 0.09656 0.15147 0.20732 0.37522 0.73748 0.82112 0.70098 0.59460 0.48518 0.17351 -0.13354 -0.34072 -0.42875 -0.61946
-4.09249 -3.52139 -2.05942 -1.49266 -0.82122 -0.33074 -1.62925 -4.82252 -5.15631 -4.51079 -4.25614 -3.67377 -3.35423 -3.14197 -1.44579 -0.96392 -0.96001 -1.69064 -2.02697 -2.19498 -2.28729 -2.37752 -1.50050 -0.29260 -0.17011 -0.50081 -0.26151 -1.56656 -1.71673 -2.04766 -1.08739 -1.74724 -1.74189 -1.54719 -1.94367 -2.44292 -2.73892 -4.33187 -3.63573 -4.13608 -4.03460 -4.05924 -4.70301 -4.72730 -4.36251 -3.79739 -2.92623 -2.15559 -1.39850 -0.15644 -0.41730 -0.60344 -0.27056 -0.44980 -0.72953 -1.28763 -1.40008 -1.13936 -0.68389 0.07563 0.63890 0.78942 0.95558 1.11839 1.10644 1.20168 1.18402 1.08089 0.97465 0.76392 0.55769 0.46257 0.57981
-2.54783 -3.10886 -2.60169 -1.62098 -1.00946 -0.26534 -0.22439 -1.14881 -4.18644 -5.43272 -5.03090 -4.64246 -4.87687 -3.84141 -3.35558 -2.68765 -1.90471 -2.36971 -2.66169 -2.60049 -1.71477 -0.84373 -1.46514 -0.59802 -0.32858 0.03040 0.68754 -0.40530 -0.92193 -1.40157 -1.58243 -1.36456 -1.08619 -0.99763 -1.69620 -2.29300 -1.69396 -2.90591 -2.90515 -2.70695 -3.30990 -3.44815 -2.98036 -2.20350 -2.53468 -2.75429 -2.94932 -2.34916 -2.24950 -0.78389 -0.15425 -0.52163 0.21464 0.23166 0.47187 0.60259 0.39340 0.45169 0.80969 1.06697 1.13383 1.29627 1.45966 1.40844 1.59233 1.57894 1.48038 1.56437 1.48270 1.27748 1.28022 1.08468 0.89878
-9999 -1.60450 -0.20371 -1.04807 -1.63240 -0.81106 -0.47400 -0.67128 -0.96635 -0.27475 0.75229 -2.24650 -5.49937 -7.02610 -7.23753 -7.89419 -3.47225 -2.18699 -1.74891 -1.96398 -1.43376 -1.19119 -0.62407 -0.35413 0.09311 1.02854 0.43831 0.38639 -0.40034 -0.41399 -0.41795 -1.32086 -1.90967 -1.74194 -1.55227 -2.44940 -1.57100 -0.89713 -2.49265 -2.49419 -2.81429 -2.53451 -2.04938 -1.78971 -1.49162 -1.82210 -2.52295 -2.00343 -1.49243 -0.12720 0.44316 0.38524 0.61962 0.58853 0.71502 1.11520 1.20767 1.35563 1.50099 1.55043 1.53160 1.70307 1.77145 1.93725 1.81564 1.91074 1.89184 1.78722 1.70137 1.82138 1.53100 1.33334 1.13870
