data/hydroclimate-scenarios/BCSD_hadcm_A1B/monthly_summaries/tavg_monthly_avg_jun.2030-2059.asc
ncols	311
nrows	91
xllcenter	102.75
yllcenter	31.75
cellsize	0.5
NODATA_value	-9999
[rows 0 to 31 of 91, columns 72 to 143 of 311]
-9999 -9999 -9999 -9999 -9999 -9999 -9999 -9999 -9999 -9999 -9999 -9999 -9999 -9999 -9999 -9999 -9999 -9999 -9999 -9999 -9999 -9999 -9999 -9999 -9999 -9999 -9999 -9999 -9999 -9999 -9999 -9999 -9999 -9999 -9999 -9999 -9999 -9999 -9999 -9999 -9999 -9999 -9999 -9999 -9999 -9999 -9999 -9999 -9999 -9999 -9999 -9999 -9999 -9999 -9999 -9999 -9999 -9999 -9999 -9999 -9999 -9999 -9999 -9999 -9999 -9999 -9999 -9999 -9999 -9999 -9999 -9999
-9999 -9999 -9999 -9999 -9999 -9999 -9999 -9999 -9999 -9999 -9999 -9999 -9999 -9999 -9999 -9999 -9999 -9999 -9999 -9999 -9999 -9999 -9999 -9999 -9999 -9999 -9999 -9999 -9999 -9999 -9999 -9999 -9999 -9999 -9999 -9999 -9999 -9999 -9999 -9999 -9999 -9999 -9999 -9999 -9999 -9999 -9999 -9999 -9999 -9999 -9999 -9999 -9999 -9999 -9999 -9999 -9999 -9999 -9999 -9999 -9999 -9999 -9999 -9999 -9999 -9999 -9999 -9999 -9999 -9999 -9999 -9999
-9999 -9999 -9999 -9999 -9999 -9999 -9999 -9999 -9999 -9999 -9999 -9999 -9999 -9999 -9999 -9999 -9999 -9999 -9999 -9999 -9999 -9999 -9999 -9999 -9999 -9999 -9999 -9999 -9999 -9999 -9999 -9999 -9999 -9999 -9999 -9999 -9999 -9999 -9999 -9999 -9999 -9999 -9999 -9999 -9999 -9999 -9999 -9999 -9999 -9999 -9999 -9999 -9999 -9999 -9999 -9999 -9999 -9999 -9999 -9999 -9999 -9999 -9999 -9999 -9999 -9999 -9999 -9999 -9999 -9999 -9999 -9999
-9999 -9999 -9999 -9999 -9999 -9999 -9999 -9999 -9999 -9999 -9999 -9999 -9999 -9999 -9999 -9999 -9999 -9999 -9999 -9999 -9999 -9999 -9999 -9999 -9999 -9999 -9999 -9999 -9999 -9999 -9999 -9999 -9999 -9999 -9999 -9999 -9999 -9999 -9999 -9999 -9999 -9999 -9999 -9999 -9999 -9999 -9999 -9999 -9999 -9999 -9999 -9999 -9999 -9999 -9999 -9999 -9999 -9999 -9999 -9999 -9999 -9999 -9999 -9999 -9999 -9999 -9999 -9999 -9999 -9999 -9999 -9999
-9999 -9999 -9999 -9999 -9999 -9999 -9999 -9999 -9999 -9999 -9999 -9999 -9999 -9999 -9999 -9999 -9999 -9999 -9999 -9999 -9999 -9999 -9999 -9999 -9999 -9999 -9999 -9999 -9999 -9999 -9999 -9999 -9999 -9999 -9999 -9999 -9999 -9999 -9999 -9999 -9999 -9999 -9999 -9999 -9999 -9999 -9999 -9999 -9999 -9999 -9999 -9999 -9999 -9999 -9999 -9999 -9999 -9999 -9999 -9999 -9999 -9999 -9999 -9999 -9999 -9999 -9999 -9999 -9999 -9999 -9999 -9999
-9999 -9999 -9999 -9999 -9999 -9999 -9999 -9999 -9999 -9999 -9999 -9999 -9999 -9999 -9999 -9999 -9999 -9999 -9999 -9999 -9999 -9999 -9999 -9999 -9999 -9999 -9999 -9999 -9999 -9999 -9999 -9999 -9999 -9999 -9999 -9999 -9999 -9999 -9999 -9999 -9999 -9999 -9999 -9999 -9999 -9999 -9999 -9999 -9999 -9999 -9999 -9999 -9999 -9999 -9999 -9999 -9999 -9999 -9999 -9999 -9999 -9999 -9999 -9999 -9999 -9999 -9999 -9999 -9999 -9999 -9999 -9999
-9999 -9999 -9999 -9999 -9999 -9999 -9999 -9999 -9999 -9999 -9999 -9999 -9999 -9999 -9999 -9999 -9999 -9999 -9999 -9999 -9999 -9999 -9999 -9999 -9999 -9999 -9999 -9999 -9999 -9999 -9999 -9999 -9999 -9999 -9999 -9999 -9999 -9999 -9999 -9999 -9999 -9999 -9999 -9999 -9999 -9999 -9999 -9999 -9999 -9999 -9999 -9999 -9999 -9999 -9999 -9999 -9999 -9999 -9999 -9999 -9999 -9999 -9999 -9999 -9999 -9999 -9999 -9999 -9999 -9999 -9999 -9999
-9999 -9999 -9999 -9999 -9999 -9999 -9999 -9999 -9999 -9999 -9999 -9999 -9999 -9999 -9999 -9999 -9999 -9999 -9999 -9999 -9999 -9999 -9999 -9999 -9999 -9999 -9999 -9999 -9999 -9999 -9999 -9999 -9999 -9999 -9999 -9999 -9999 -9999 -9999 -9999 -9999 -9999 -9999 -9999 -9999 -9999 -9999 -9999 -9999 -9999 -9999 -9999 -9999 -9999 -9999 -9999 -9999 -9999 -9999 -9999 -9999 -9999 -9999 -9999 -9999 -9999 -9999 -9999 -9999 -9999 -9999 -9999
-9999 -9999 -9999 -9999 -9999 8.83041 -9999 -9999 -9999 -9999 -9999 -9999 -9999 -9999 -9999 -9999 -9999 -9999 -9999 -9999 -9999 -9999 -9999 -9999 -9999 -9999 -9999 -9999 -9999 -9999 -9999 -9999 -9999 -9999 -9999 -9999 -9999 -9999 -9999 -9999 -9999 -9999 -9999 -9999 -9999 -9999 -9999 -9999 -9999 -9999 -9999 -9999 -9999 -9999 -9999 -9999 -9999 -9999 -9999 -9999 -9999 -9999 -9999 -9999 -9999 -9999 -9999 -9999 -9999 -9999 -9999 -9999
-9999 4.33481 9.93604 9.64480 9.16631 9.27971 9.08626 8.99541 8.78718 8.63107 8.39244 8.23816 7.98988 7.73087 7.49142 7.23452 7.10628 6.89165 6.76860 6.75848 6.75300 -9999 -9999 -9999 -9999 -9999 -9999 -9999 -9999 -9999 -9999 -9999 -9999 -9999 -9999 -9999 -9999 -9999 -9999 -9999 -9999 -9999 -9999 -9999 -9999 -9999 -9999 -9999 -9999 -9999 -9999 -9999 -9999 -9999 -9999 -9999 -9999 -9999 -9999 -9999 -9999 -9999 -9999 -9999 -9999 -9999 -9999 -9999 -9999 -9999 -9999 -9999
-9999 -9999 -9999 10.36750 10.18290 10.09430 9.99580 9.80994 9.59528 9.42543 9.16804 8.91041 8.65563 8.39705 8.13586 7.86799 7.54742 7.32168 7.21430 7.09246 7.18885 -9999 -9999 -9999 -9999 -9999 -9999 -9999 -9999 -9999 -9999 -9999 -9999 -9999 -9999 -9999 -9999 -9999 -9999 -9999 -9999 -9999 -9999 -9999 -9999 -9999 -9999 -9999 -9999 -9999 -9999 -9999 -9999 -9999 -9999 -9999 -9999 -9999 -9999 -9999 -9999 -9999 -9999 -9999 -9999 -9999 -9999 -9999 -9999 -9999 -9999 -9999
11.62200 11.53900 11.55280 11.17470 11.07150 10.87920 10.79640 10.60260 10.48560 10.21410 9.84530 9.57616 9.30248 9.04051 8.67513 8.39960 8.17879 7.95422 7.74444 7.72711 7.83068 7.93227 8.02703 8.17767 8.55099 8.63853 8.95461 -9999 -9999 -9999 -9999 -9999 -9999 -9999 -9999 -9999 -9999 -9999 -9999 -9999 -9999 -9999 -9999 -9999 -9999 -9999 -9999 -9999 -9999 -9999 -9999 -9999 -9999 -9999 -9999 -9999 -9999 -9999 -9999 -9999 -9999 -9999 -9999 -9999 -9999 -9999 -9999 -9999 -9999 -9999 -9999 -9999
12.41730 12.24800 12.05380 11.97060 11.87820 11.78390 11.59390 11.51960 11.27840 11.00680 10.63320 10.35420 10.06880 9.79279 9.50654 9.13131 8.90881 8.57539 8.27485 8.38443 8.27097 8.28102 8.57253 8.90293 9.06914 9.23418 9.39704 9.67556 9.74270 10.03400 10.12560 10.06740 10.01770 9.86044 9.82374 9.66733 9.61617 9.56352 9.34900 9.13760 8.94563 8.74591 -9999 -9999 -9999 -9999 -9999 -9999 -9999 -9999 -9999 -9999 -9999 -9999 -9999 -9999 -9999 -9999 -9999 -9999 -9999 -9999 -9999 -9999 -9999 -9999 -9999 -9999 -9999 -9999 -9999 -9999
12.61440 12.63100 12.35140 12.17170 12.27790 12.38680 12.39880 12.21280 11.97750 11.79650 11.50930 11.32490 10.92410 10.54080 10.25280 9.95900 9.64189 9.42848 9.11887 8.81290 8.31964 8.61235 8.80369 9.12032 9.64365 9.85430 9.98358 9.98980 9.71145 10.22680 10.33180 10.27510 10.22360 10.17820 10.12630 9.98336 9.92929 9.77859 9.65868 9.35773 9.15560 8.85935 8.75150 -9999 -9999 -9999 -9999 -9999 -9999 -9999 -9999 -9999 -9999 -9999 -9999 -9999 -9999 -9999 -9999 -9999 -9999 -9999 -9999 -9999 -9999 -9999 -9999 -9999 -9999 -9999 -9999 -9999
10.76180 11.18550 10.00220 11.02590 11.12510 11.04320 11.24960 11.15800 11.62470 10.94390 11.15620 11.25920 11.06870 10.98280 10.68770 10.40380 10.08350 9.86279 9.56090 9.15796 9.15865 9.15835 9.35031 9.65210 9.14327 9.83361 10.32880 10.32330 10.10160 10.37550 10.46260 10.50910 10.36410 10.31820 10.27650 10.22750 10.08340 10.03710 9.82058 9.53005 9.35247 9.06650 8.98797 -9999 -9999 -9999 -9999 -9999 -9999 -9999 -9999 -9999 -9999 -9999 -9999 -9999 -9999 -9999 7.15159 7.02398 -9999 -9999 -9999 -9999 5.82845 4.65769 3.78771 4.21006 5.32334 5.52637 5.32810 4.89490
10.99130 11.10670 10.42460 11.53350 12.32710 12.04760 11.34550 11.25750 11.01440 11.73210 11.76100 11.57440 11.09300 10.89880 11.02570 10.63580 10.62750 10.39700 10.29640 9.98563 9.79463 9.69610 10.38510 10.49370 10.58900 10.68160 10.78160 10.76220 10.95400 10.83800 10.83210 10.87970 10.83750 10.80090 10.66810 10.63070 10.48340 10.34650 10.25220 10.00410 9.75874 9.49564 9.35404 9.31038 9.06404 8.92593 8.61808 7.20627 6.58838 6.97808 6.45177 6.33152 6.80774 6.57401 6.23187 7.47733 7.53456 7.58173 7.45381 7.62886 -9999 -9999 -9999 -9999 -9999 6.44230 5.75458 5.19072 4.70377 4.71307 4.82666 4.12193
11.31830 11.03220 9.72668 10.74900 11.94960 11.94430 12.04270 12.63560 12.80600 12.93760 12.56180 12.38340 12.10910 11.82380 11.55120 11.28300 11.05750 10.93660 10.71430 10.81140 10.71920 10.82280 10.91900 11.01830 11.02620 11.12580 11.22190 11.22150 11.30820 11.29510 11.38980 11.34190 11.21550 11.18870 11.05310 11.02600 10.88850 10.76400 10.59380 10.37020 10.25600 10.03380 9.82274 9.60853 9.40184 9.28288 9.07553 7.87142 7.25614 7.73610 8.13142 7.42530 6.09798 5.06937 6.42937 5.77148 5.43058 5.78022 6.55551 6.84037 6.44850 7.46168 8.05385 7.91258 7.82044 7.63376 7.45202 6.66839 5.88411 4.86798 4.91210 4.22768
6.95344 12.04660 9.65191 9.26210 10.35670 11.15330 11.03000 13.33410 13.58950 13.23390 12.96020 12.78650 12.51730 12.25390 11.97970 11.72080 11.59830 11.37870 10.65510 10.63750 11.03090 11.23810 11.33730 11.44290 11.44570 11.55630 11.66790 11.66460 11.65670 11.75000 11.74670 11.71260 11.68970 11.55570 11.43470 11.31710 11.29970 11.16210 11.01920 10.83390 10.44710 10.36680 10.29570 10.10820 10.03340 9.82753 9.72149 9.42773 9.01805 8.51980 8.91167 8.19112 8.09971 7.16414 5.91885 5.47346 5.82118 5.87534 5.55539 6.15904 5.15398 6.28700 7.88047 8.20795 8.31356 8.32644 8.23337 7.44723 6.16321 4.58639 4.31748 3.91668
7.57708 9.56748 12.95490 11.65560 12.64520 13.04310 11.53530 12.50680 13.07590 13.12530 13.26260 13.10160 12.93220 12.67040 12.41790 12.16440 11.94420 11.72230 9.90043 10.17500 10.56670 10.85310 11.35000 11.65850 11.76760 11.98370 12.07790 12.08550 11.99470 12.20350 12.19990 12.08490 12.06070 11.94660 11.82960 11.71520 11.39900 11.17470 10.75370 10.70810 10.76140 9.50379 9.07063 9.41897 9.95423 10.17110 10.47540 10.38570 9.58254 8.88438 8.68917 8.38083 8.28276 8.05840 8.31145 8.07491 6.72517 6.38424 5.87857 5.37745 4.77634 4.39620 6.00219 6.60830 7.10453 7.11032 7.03218 6.53561 6.05870 5.67208 5.51128 4.92566
8.43724 8.53242 8.63108 10.62130 12.90920 12.81060 11.58930 11.27950 12.63940 9.89889 10.23940 10.88290 12.12640 12.47560 12.52480 12.58190 12.56550 12.03590 11.11670 10.48430 11.06750 11.35840 11.86180 12.17410 12.27360 12.37710 12.38490 12.48910 12.49290 12.59230 12.40840 11.89570 12.19110 12.18450 11.56530 11.35290 11.14360 10.92780 10.30970 10.09210 10.47400 10.53630 10.23020 9.18167 9.12707 9.47389 9.87335 10.36620 9.35619 8.74588 8.74177 8.63960 9.02346 7.99982 7.15151 6.62058 5.47269 6.53520 7.22269 7.03317 7.04343 6.84793 6.23675 5.15915 6.55571 5.56136 6.36354 6.57266 6.29675 6.30994 7.32878 6.76223
9.27113 8.26162 7.46005 7.05693 10.24930 11.74460 12.33290 12.22390 12.69790 11.15640 8.61122 6.85764 5.82007 8.47141 10.32940 11.49710 12.27180 12.55050 12.62830 12.50070 12.47330 12.46700 12.66660 12.66620 12.77590 12.68420 12.77200 12.88910 12.48660 12.59350 12.19210 11.88680 11.67840 12.16920 11.46270 11.06270 10.24980 10.74540 10.81990 10.21690 9.90812 10.28870 10.27110 9.53348 9.88876 9.54107 9.61535 9.98336 10.15540 10.12160 9.69409 9.15641 8.82388 8.69839 8.26244 7.12025 6.18749 6.79168 5.36143 5.86499 6.37572 6.76887 7.47153 7.77025 7.56795 6.97611 6.57516 6.88589 6.99774 7.51617 8.02475 7.74575
7.87346 6.76170 6.46534 7.06849 7.57472 7.67696 8.57437 10.15430 11.73200 12.90830 11.56230 10.12520 8.78577 7.05825 6.92905 7.19880 8.07713 9.84863 10.62780 11.90510 12.18210 12.56400 12.75790 13.05920 13.16820 13.05530 13.06350 12.46480 11.96600 12.76300 10.96510 10.45750 10.55510 10.83950 10.64240 10.53220 10.22080 10.51670 10.31790 10.03570 9.92023 10.62650 9.68779 9.45514 8.92690 8.79953 8.75138 9.09876 9.15071 8.10486 7.85393 7.10840 6.75361 7.00909 6.97607 5.65145 6.70531 6.91890 5.75255 6.64384 6.82516 7.07903 8.47505 8.16865 7.97372 6.77281 7.17545 7.57920 7.68772 8.50185 8.61014 7.93749
7.45273 6.75958 7.36708 6.66600 6.37877 7.06915 8.18118 8.27863 9.86008 10.33180 9.90123 9.96591 10.54140 10.22520 9.80121 8.97406 7.45964 6.93132 7.61765 8.59742 9.46532 11.25210 12.43320 13.23760 13.44040 13.43810 12.73650 11.82530 11.93430 11.83200 11.51930 10.41350 10.90370 10.00480 11.49000 11.27850 10.67130 9.47316 9.87202 10.50550 10.92050 10.34050 9.72638 8.22165 7.80181 7.68669 8.00989 7.74335 6.66164 6.09118 6.41450 5.75651 4.58831 5.42622 4.68456 6.25937 5.41079 6.95151 7.79011 7.83447 8.50699 8.37738 8.73943 7.80964 8.58010 9.15792 9.15678 8.67096 8.57652 8.98631 8.79321 7.19997
8.85854 8.95912 9.17225 7.68524 6.69623 6.89834 7.00799 7.41235 9.00089 10.87650 7.15682 7.63937 8.72226 6.51037 5.19521 5.67947 10.95400 8.14133 5.32388 5.99817 7.07487 8.55779 12.43800 13.42400 13.72500 13.72180 13.21960 12.41420 12.41040 11.90300 11.70160 11.49130 11.37970 12.37160 11.87240 10.96600 10.85470 10.05770 9.65087 8.70043 9.60965 9.64069 9.06857 10.28090 10.08020 9.17299 8.17884 7.18600 6.58143 5.99534 6.38958 6.40388 6.00584 5.24004 4.90711 5.67200 5.56273 7.38753 7.93115 9.17126 9.60630 8.97349 8.54037 10.09870 10.37030 10.24260 10.11080 9.78361 9.17183 8.86669 8.88362 8.08196
8.97705 9.09415 9.50129 8.91544 8.83027 8.82967 8.44597 8.85994 8.55895 8.93386 8.51523 8.50108 9.09234 7.27314 6.66130 5.04342 6.32225 7.90870 8.98908 8.07504 8.05383 9.03529 9.92794 12.11840 13.60460 13.81250 13.70740 13.19330 13.29680 12.48630 12.57820 12.78390 12.17150 11.86860 11.76310 11.45710 11.05880 10.54630 9.74634 8.39890 8.33286 8.06880 8.29919 10.23280 10.35370 9.37937 8.38213 7.66587 6.26537 5.85667 6.55478 6.94952 5.44369 6.16729 6.53740 6.88849 7.57580 6.51023 7.76038 8.68740 9.51258 9.83996 10.88950 11.35500 11.13720 10.70240 9.87256 8.65046 8.92278 9.09496 9.08481 8.75674
8.47038 7.96867 8.17806 8.38786 9.50720 9.71568 10.02800 10.14500 10.43930 9.02351 7.50705 8.18553 9.27262 9.15201 7.84250 7.32715 6.90736 5.39101 6.37287 7.66345 9.34914 10.43030 10.32190 10.30710 11.39990 13.09530 13.29970 12.90540 12.30180 12.69730 12.39780 13.40340 12.70410 11.90530 10.80060 10.69970 9.18412 9.98513 8.30108 6.75016 7.89329 7.84441 6.67250 7.51340 8.86179 8.80101 8.31062 8.30916 7.50943 6.59543 7.89215 8.29299 8.28422 8.61077 8.46092 8.11482 7.59538 8.33328 7.76924 9.27869 9.49792 10.01970 10.53580 11.01140 11.17290 10.84610 10.31410 9.37867 8.35568 8.34251 8.72135 8.88911
7.07020 6.37283 6.38359 7.49210 7.99418 9.00515 9.62198 10.63620 9.53884 9.51309 8.69634 6.57851 7.67371 9.14636 9.21919 7.78867 6.68953 5.66747 5.86070 6.95175 7.53758 8.43864 9.62685 10.41790 11.50920 11.40610 12.51430 13.31590 12.61770 13.51420 12.53100 13.03730 10.84610 10.14010 11.34430 9.93234 8.24601 8.63150 8.95059 7.50385 6.95786 6.80918 7.54620 7.59742 7.94907 8.30154 7.92144 8.23426 7.45837 7.35942 7.15261 7.34367 7.14325 7.06299 7.39999 7.63705 8.83652 9.56670 10.38720 10.79670 10.49030 10.51670 10.71480 10.78620 10.86380 10.62070 10.08570 8.45391 7.52830 7.40363 7.89445 8.26674
8.35212 6.07497 5.98234 6.10024 8.09881 8.50652 10.01850 9.92191 10.62140 11.61290 10.58560 9.08287 7.25920 7.63523 7.70736 7.06954 7.86018 7.45065 7.84286 5.74792 7.62612 8.72512 9.71985 10.51390 10.21700 9.60669 11.51690 12.81690 13.44190 11.84470 12.26110 12.16520 10.46680 9.26912 10.56840 9.57328 8.87889 7.67127 7.69431 7.66166 7.21934 7.68372 7.53502 7.98674 7.74723 9.20869 8.52682 8.05218 7.96320 7.98730 7.69600 8.09316 8.69320 8.40744 9.03025 8.96530 9.47354 10.39640 10.69590 10.69290 10.47140 10.36690 10.22810 8.60446 8.97092 8.62484 8.60541 8.05319 8.73222 8.30378 8.19726 8.17366
8.34899 6.46333 5.49033 5.50394 4.51248 5.62087 7.93380 8.34054 8.72365 9.90514 8.77484 8.96176 7.93327 6.11090 6.98564 8.15147 8.53697 7.83103 8.12986 8.42686 7.32682 7.72014 9.21228 10.72210 12.01330 11.50640 12.31760 14.22490 13.24870 12.96180 12.26950 11.27480 10.39430 9.39738 8.90656 9.41256 8.21878 6.92272 6.25408 7.81906 7.98039 7.64645 9.01607 9.67159 10.23440 11.19950 11.63010 11.45600 11.37630 11.29240 11.11440 10.81520 10.12370 9.54473 9.47469 9.80327 10.50630 10.71160 10.68000 10.43860 10.40140 9.37052 7.83049 7.10622 7.46125 7.23237 7.39909 8.05977 8.33279 8.10743 8.09540 7.30587
8.75334 6.77562 6.98096 5.51457 5.32149 3.43028 5.03606 6.73445 6.01836 5.79066 6.37848 7.16815 6.03915 6.21256 7.08716 6.95565 7.35322 8.34112 8.34867 8.15298 7.35170 6.06378 8.55218 10.45300 11.05530 9.96315 11.04950 11.46400 10.47200 11.67560 11.79530 10.37710 9.66276 8.64549 8.81945 8.49072 8.47300 7.25005 6.98427 8.17936 9.86316 9.35644 10.43530 12.12320 12.20340 11.89330 11.42010 10.55590 11.08890 -9999 -9999 11.14940 10.97470 11.10010 10.22750 10.17750 10.56090 10.42150 9.77524 9.62432 8.25007 7.03280 5.80829 6.38331 5.55470 5.22454 4.90585 7.16982 7.96742 7.76715 8.75764 7.66144
8.26562 7.38014 6.39066 6.29356 6.59436 4.71341 6.61831 5.83037 5.11177 4.58626 5.77030 5.26956 5.15909 6.14091 6.82425 5.90139 7.00273 7.90140 7.00295 7.61159 8.40978 8.40439 8.21702 6.71103 8.31131 8.51338 9.81085 9.80471 10.21160 9.72485 11.01930 10.05060 8.77034 8.29076 8.01123 7.42671 9.34581 10.76450 -9999 -9999 -9999 -9999 12.59900 -9999 10.65000 9.08318 10.11000 10.35970 11.90170 -9999 -9999 10.30590 10.33840 10.45670 10.28320 10.63580 10.19640 9.54497 8.88484 8.50560 7.93081 7.32125 6.82199 7.69901 4.71032 4.41831 5.04115 7.94611 8.44647 8.83943 9.93782 -9999
8.15844 7.56130 6.47424 6.68839 7.98719 5.70284 6.51413 7.90448 7.49396 7.37529 7.07972 6.06652 5.66435 6.25070 7.94595 6.84138 6.35438 6.15462 6.65304 6.25397 7.76771 7.56824 7.97478 7.47578 8.37967 8.17671 8.07691 8.77241 9.36855 9.15928 8.96093 8.42240 8.38178 7.23816 8.40571 9.25483 -9999 -9999 -9999 -9999 -9999 -9999 -9999 11.32390 10.99530 10.96390 -9999 -9999 -9999 -9999 -9999 11.25870 10.50040 8.72599 9.14374 8.48614 9.03255 9.57390 8.57113 9.59396 9.29992 8.61176 7.84388 8.68323 8.92061 7.85458 6.09344 8.23207 10.14200 -9999 -9999 -9999
