data/hydroclimate-scenarios/BCSD_hadcm_A1B/monthly_summaries/tavg_monthly_avg_oct.2070-2099.asc
ncols	311
nrows	91
xllcenter	102.75
yllcenter	31.75
cellsize	0.5
NODATA_value	-9999
[rows 0 to 31 of 91, columns 219 to 291 of 311]
-9999 -9999 -9999 -9999 -9999 -9999 -9999 -9999 -9999 -9999 -9999 -9999 -9999 -9999 -9999 -9999 -9999 -9999 -9999 -9999 -9999 -9999 -9999 -9999 -9999 -9999 -9999 -9999 -9999 -9999 -9999 -9999 -9999 -9999 -9999 -9999 -9999 -9999 -9999 -9999 -9999 -9999 -9999 -9999 -9999 -9999 -9999 -9999 -9999 -9999 -9999 -9999 -9999 -9999 -9999 -9999 -9999 -9999 -9999 -9999 -9999 -9999 -9999 -9999 -9999 -9999 -9999 -9999 -9999 -9999 -9999 -9999 -9999
-9999 -9999 -9999 -9999 -9999 -9999 -9999 -9999 -9999 -9999 -9999 -9999 -9999 -9999 -9999 -9999 -9999 -9999 -9999 -9999 -9999 -9999 -9999 -9999 -9999 -9999 -9999 -9999 -9999 -9999 -9999 -9999 -9999 -9999 -9999 -9999 -9999 -9999 -9999 -9999 -9999 -9999 -9999 -9999 -9999 -9999 -9999 -9999 -9999 -9999 -9999 -9999 -9999 -9999 -9999 -9999 -9999 -9999 -9999 -9999 -9999 -9999 -9999 -9999 -9999 -9999 -9999 -9999 -9999 -9999 -9999 -9999 -9999
-9999 -9999 -9999 -9999 -9999 -9999 -9999 -9999 -9999 -9999 -9999 -9999 -9999 -9999 -9999 -9999 -9999 -9999 -9999 -9999 -9999 -9999 -9999 -9999 -9999 -9999 -9999 -9999 -9999 -9999 -9999 -9999 -9999 -9999 -9999 -9999 -9999 -9999 -9999 -9999 -9999 -9999 -9999 -9999 -9999 -9999 -9999 -9999 -9999 -9999 -9999 -9999 -9999 -9999 -9999 -9999 -9999 -9999 -9999 -9999 -9999 -9999 -9999 -9999 -9999 -9999 -9999 -9999 -9999 -9999 -9999 -9999 -9999
-9999 -9999 -9999 -9999 -9999 -9999 -9999 -9999 -9999 -9999 -9999 -9999 -9999 -9999 -9999 -9999 -9999 -9999 -9999 -9999 -9999 -9999 -9999 -9999 -9999 -9999 -9999 -9999 -9999 -9999 -9999 -9999 -9999 -9999 -9999 -9999 -9999 -9999 -9999 -9999 -9999 -9999 -9999 -9999 -9999 -9999 -9999 -9999 -9999 -9999 -9999 -9999 -9999 -9999 -9999 -9999 -9999 -9999 -9999 -9999 -9999 -9999 -9999 -9999 -9999 -9999 -9999 -9999 -9999 -9999 -9999 -9999 -9999
-9999 -9999 -9999 -9999 -9999 -9999 -9999 -9999 -9999 -9999 -9999 -9999 -9999 -9999 -9999 -9999 -9999 -9999 -9999 -9999 -9999 -9999 -9999 -9999 -9999 -9999 -9999 -9999 -9999 -9999 -9999 -9999 -9999 -9999 -9999 -9999 -9999 -9999 -9999 -9999 -9999 -9999 -9999 -9999 -9999 -9999 -9999 -9999 -9999 -9999 -9999 -9999 -9999 -9999 -9999 -9999 -9999 -9999 -9999 -9999 -9999 -9999 -9999 -9999 -9999 -9999 -9999 -9999 -9999 -9999 -9999 -9999 -9999
-9999 -9999 -9999 -9999 -9999 -9999 -9999 -9999 -9999 -9999 -9999 -9999 -9999 -9999 -9999 -9999 -9999 -9999 -9999 -9999 -9999 -9999 -9999 -9999 -9999 -9999 -9999 -9999 -9999 -9999 -9999 -9999 -9999 -9999 -9999 -9999 -9999 -9999 -9999 -9999 -9999 -9999 -9999 -9999 -9999 -9999 -9999 -9999 -9999 -9999 -9999 -9999 -9999 -9999 -9999 -9999 -9999 -9999 -9999 -9999 -9999 -9999 -9999 -9999 -9999 -9999 -9999 -9999 -9999 -9999 -9999 -9999 -9999
-9999 -9999 -9999 -9999 -9999 -9999 -9999 -9999 -9999 -9999 -9999 -9999 -9999 -9999 -9999 -9999 -9999 -9999 -9999 -9999 -9999 -9999 -9999 -9999 -9999 -9999 -9999 -9999 -9999 -9999 -9999 -9999 -9999 -9999 -9999 -9999 -9999 -9999 -9999 -9999 -9999 -9999 -9999 -9999 -9999 -9999 -9999 -9999 -9999 -9999 -9999 -9999 -9999 -9999 -9999 -9999 -9999 -9999 -9999 -9999 -9999 -9999 -9999 -9999 -9999 -9999 -9999 -9999 -9999 -9999 -9999 -9999 -9999
-9999 -9999 -9999 -9999 -9999 -9999 -9999 -9999 -9999 -9999 -9999 -9999 -9999 -9999 -9999 -9999 -9999 -9999 -9999 -9999 -9999 -9999 -9999 -9999 -9999 -9999 -9999 -9999 -9999 -9999 -9999 -9999 -9999 -9999 -9999 -9999 -9999 -9999 -9999 -9999 -9999 -9999 -9999 -9999 -9999 -9999 -9999 -9999 -9999 -9999 -9999 -9999 -9999 -9999 -9999 -9999 -9999 -9999 -9999 -9999 -9999 -9999 -9999 -9999 -9999 -9999 -9999 -9999 -9999 -9999 -9999 -9999 -9999
-9999 -9999 -9999 -9999 -9999 -9999 -9999 -9999 -9999 -9999 -9999 -9999 -9999 -9999 -9999 -9999 -9999 -9999 -9999 -9999 -9999 -9999 -9999 -9999 -9999 -9999 -9999 -9999 -9999 -9999 -9999 -9999 -9999 -9999 -9999 -9999 -9999 -9999 -9999 -9999 -9999 -9999 -9999 -9999 -9999 -9999 -9999 -9999 -9999 -9999 -9999 -9999 -9999 -9999 -9999 -9999 -9999 -9999 -9999 -9999 -9999 -9999 -9999 -9999 -9999 -9999 -9999 -9999 -9999 -9999 -9999 -9999 -9999
-9999 -9999 -9999 -9999 -9999 -9999 -9999 -9999 -9999 -9999 -9999 -9999 -9999 -9999 -9999 -9999 -9999 -9999 -9999 -9999 -9999 -9999 -9999 -9999 -9999 -9999 -9999 -9999 -9999 -9999 -9999 -9999 -9999 -9999 -9999 -9999 -9999 -9999 -9999 -9999 -9999 -9999 -9999 -9999 -9999 -9999 -9999 -9999 -9999 -9999 -9999 -9999 -9999 -9999 -9999 -9999 -9999 -9999 -9999 -9999 -9999 -9999 -9999 -9999 -9999 -9999 -9999 -9999 -9999 -9999 -9999 -9999 -9999
-9999 -9999 -9999 -9999 -9999 -9999 -9999 -9999 -9999 -9999 -9999 -9999 -9999 -9999 -9999 -9999 -9999 -9999 -9999 -9999 -9999 -9999 -9999 -9999 -9999 -9999 -9999 -9999 -9999 -9999 -9999 -9999 -9999 -9999 -9999 -9999 -9999 -9999 -9999 -9999 -9999 -9999 -9999 -9999 -9999 -9999 -9999 -9999 -9999 -9999 -9999 -9999 -9999 -9999 -9999 -9999 -9999 -9999 -9999 -9999 -9999 -9999 -9999 -9999 -9999 -9999 -9999 -9999 -9999 -9999 -9999 -9999 -9999
-9999 -9999 -9999 -9999 -9999 -9999 -9999 -9999 -9999 -9999 -9999 -9999 -9999 -9999 -9999 -9999 -9999 -9999 -9999 -9999 -9999 -9999 -9999 -9999 -9999 -9999 -9999 -9999 -9999 -9999 -9999 -9999 -9999 -9999 -9999 -9999 -9999 -9999 -9999 -9999 -9999 -9999 -9999 -9999 -9999 -9999 -9999 -9999 -9999 -9999 -9999 -9999 -9999 -9999 -9999 -9999 -9999 -9999 -9999 -9999 -9999 -9999 -9999 -9999 -9999 -9999 -9999 -9999 -9999 -9999 -9999 -9999 -9999
-9999 -9999 -9999 -9999 -9999 -9999 -9999 -9999 -9999 -9999 -9999 -9999 -9999 -9999 -9999 -9999 -9999 -9999 -9999 -9999 -9999 -9999 -9999 -9999 -9999 -9999 -9999 -9999 -9999 -9999 -9999 -9999 -9999 -9999 -9999 -9999 -9999 -9999 -9999 -9999 -9999 -9999 -9999 -9999 -9999 -9999 -9999 -9999 -9999 -9999 -9999 -9999 -9999 -9999 -9999 -9999 -9999 -9999 -9999 -9999 -9999 -9999 -9999 -9999 -9999 -9999 -9999 -9999 -9999 -9999 -9999 -9999 -9999
-9999 -9999 -9999 -9999 -9999 -9999 -9999 -9999 -9999 -9999 -9999 -9999 -9999 -9999 -9999 -9999 -9999 -9999 -9999 -9999 -9999 -9999 -9999 -9999 -9999 -9999 -9999 -9999 -9999 -9999 -9999 -9999 -9999 -9999 -9999 -9999 -9999 -9999 -9999 -9999 -9999 -4.20722 -9999 -9999 -9999 -9999 -9999 -9999 -9999 -9999 -9999 -9999 -9999 -9999 -9999 -9999 -9999 -9999 -9999 -9999 -9999 -9999 -9999 -9999 -9999 -9999 -9999 -9999 -9999 -9999 -9999 -9999 -9999
-5.69326 -5.90933 -6.36975 -6.67423 -6.89556 -7.06861 -6.82616 -6.31741 -6.16265 -6.04370 -5.89939 -5.64136 -4.74873 -9999 -9999 -9999 -9999 -9999 -9999 -9999 -9999 -9999 -9999 -9999 -9999 -9999 -9999 -9999 -9999 -9999 -9999 -9999 -9999 -9999 -9999 -9999 -5.74496 -4.78339 -5.32087 -6.34655 -6.68817 -5.74907 -3.01807 -9999 -9999 -9999 -0.02270 -9999 -9999 -9999 0.47487 0.19030 -0.19902 -9999 -9999 -9999 -9999 -9999 -9999 -9999 -9999 -9999 -9999 -9999 -9999 -9999 -9999 -9999 -9999 -9999 -9999 -9999 -9999
-7.18269 -7.84247 -8.44407 -8.72098 -8.97371 -10.06640 -9.81421 -10.40720 -10.64900 -9.53509 -8.96345 -8.57392 -8.19054 -7.97850 -7.30622 -7.45832 -6.43332 -5.65186 -4.74092 -9999 -9999 -9999 -9999 -9999 -4.67177 -4.68633 -4.50055 -4.42190 -4.05267 -3.64928 -3.46902 -3.48263 -3.40618 -3.43771 -3.38242 -3.31298 -6.15302 -5.87904 -6.41525 -6.04862 -6.78116 -6.29730 -2.98485 -2.46940 -1.66797 -1.05843 -0.54895 -0.03154 0.27774 -0.08214 -0.53456 -1.29831 -2.26436 -2.12266 -1.38704 -1.14211 -1.39044 -1.12477 -9999 -9999 -9999 -9999 -9999 -9999 -9999 -9999 -9999 -9999 -9999 -9999 -9999 -9999 -9999
-9.22179 -9.71683 -9.95978 -9.90170 -10.06730 -10.31100 -10.40570 -10.99880 -9.80748 -9.72589 -8.66872 -8.09956 -7.38996 -6.48581 -6.67211 -6.96809 -5.94969 -6.62808 -5.62445 -5.53820 -4.96079 -4.76070 -4.38142 -4.28698 -4.18470 -4.17956 -4.30185 -4.31570 -4.14126 -3.67466 -3.37354 -3.48395 -3.41244 -3.34512 -3.37259 -3.30712 -3.32807 -3.46639 -3.39975 -3.23734 -3.75084 -3.53203 -2.92901 -2.53634 -2.05815 -1.56447 -1.27254 -0.87938 -0.48119 -0.61617 -0.64428 -0.58713 -0.63011 -0.76350 -0.78760 -1.02217 -1.45889 -2.40501 -2.26136 -2.12974 -1.71555 -1.72367 -1.85791 -2.14232 -2.14058 -2.03450 -9999 -9999 -9999 -9999 -9999 -9999 -9999
-9.41444 -9.29901 -9.23777 -8.90573 -8.40529 -8.27899 -8.54883 -7.81769 -6.91446 -6.31187 -6.53653 -5.58280 -4.82578 -4.70024 -4.84052 -4.98863 -4.15921 -4.33983 -4.84455 -5.23949 -5.64954 -5.95452 -5.86501 -5.75416 -4.93095 -3.90697 -3.82282 -3.73438 -3.56389 -3.50029 -3.21889 -3.11225 -3.09538 -3.01716 -2.95662 -2.88180 -2.81202 -2.75375 -2.77897 -2.80606 -3.23496 -3.16217 -2.58838 -2.31059 -1.95299 -1.67428 -1.39795 -1.21662 -0.92962 -0.94573 -0.95001 -0.97392 -0.98008 -0.99873 -0.90095 -1.11279 -2.02354 -2.33789 -1.85516 -1.78630 -1.72858 -1.85591 -2.01130 -2.15251 -2.03516 -1.54480 -9999 -1.33476 -9999 -9999 -9999 -9999 -9999
-6.68615 -7.12876 -6.98040 -6.43722 -7.09040 -6.92440 -5.91744 -4.95853 -5.12110 -4.71882 -3.89849 -3.49502 -4.54290 -4.61280 -4.15605 -3.93161 -3.49704 -3.44149 -3.65940 -4.35546 -4.64109 -6.14332 -6.33300 -6.42844 -4.90978 -3.39698 -3.38732 -3.20848 -2.93717 -2.75592 -2.84122 -2.74785 -2.43646 -2.52665 -2.33366 -2.55845 -2.38767 -2.42820 -2.45137 -2.37649 -2.80712 -2.59013 -2.44311 -2.08839 -1.83496 -1.78861 -1.62787 -1.56231 -1.29174 -1.28187 -1.26575 -1.24827 -1.23849 -1.21901 -1.20814 -1.29367 -2.05680 -1.83470 -1.70239 -1.87204 -1.84878 -1.62034 -1.78746 -1.65607 -1.46018 -1.14871 -0.95764 -9999 -9999 -9999 -9999 -9999 -9999
-5.15209 -5.35058 -4.46098 -4.28781 -4.10486 -3.69519 -3.51050 -2.86948 -2.98596 -2.99766 -2.64389 -2.82703 -2.83713 -2.94064 -3.50447 -3.50135 -3.97505 -3.93485 -4.27632 -4.06650 -3.47111 -3.56699 -4.07290 -5.85296 -4.13534 -3.49779 -2.79111 -2.70986 -2.42575 -2.22154 -2.17352 -1.88424 -2.07921 -2.19091 -1.99020 -1.88716 -2.39328 -2.41076 -2.25127 -2.07082 -2.39676 -2.41200 -2.21876 -2.02649 -1.82698 -1.83331 -1.62142 -1.61779 -1.51470 -1.48983 -1.36807 -1.45041 -1.31619 -1.29665 -1.26754 -1.24472 -1.40030 -1.34441 -1.57914 -1.42084 -1.37629 -1.32166 -1.36155 -1.33224 -1.12331 -1.12820 -1.12179 -1.10711 -9999 -9999 -9999 -9999 -9999
-3.19475 -3.34647 -3.05566 -2.92227 -2.79694 -2.68524 -2.61184 -2.49022 -2.41088 -2.53233 -2.62531 -2.69901 -2.83211 -3.36712 -3.97743 -4.48785 -4.26645 -4.57386 -4.30366 -3.70429 -3.30073 -3.29844 -3.79346 -4.79880 -4.87488 -3.16415 -2.65864 -2.25738 -2.16001 -2.01587 -1.75562 -1.75232 -1.73876 -1.73986 -1.74783 -1.85280 -1.95034 -2.14364 -2.15828 -1.98166 -2.10349 -2.12174 -1.92656 -1.91728 -2.03408 -1.72518 -1.72122 -1.52152 -1.61099 -1.28760 -1.26270 -1.24361 -0.82951 -0.60338 -0.59141 -0.46879 -0.61855 -0.68213 -0.82942 -0.88617 -1.04781 -1.68693 -1.76032 -1.65372 -1.75006 -1.74127 -1.84230 -2.02317 -2.10766 -2.17964 -2.36517 -2.56832 -9999
-2.90492 -2.94069 -2.95667 -2.91276 -2.85549 -2.82995 -2.92456 -3.05945 -2.79424 -2.56175 -2.26378 -2.26800 -2.24964 -2.57672 -4.23483 -4.86144 -5.60928 -5.31251 -4.25825 -3.30803 -3.01489 -3.22240 -3.63230 -3.93527 -5.04419 -3.82651 -3.01101 -2.20070 -1.78676 -1.60126 -1.43783 -1.52101 -1.40161 -1.28720 -1.38942 -1.59634 -1.60015 -1.51171 -1.70846 -1.79929 -1.81109 -1.92368 -1.83170 -1.72283 -1.73450 -1.52187 -1.31854 -1.10440 -1.10011 -0.68011 -0.66961 -0.75504 -0.84023 -0.42277 -0.11479 -0.09585 -0.15441 -0.41542 -0.47827 -0.15032 -0.71086 -1.47100 -1.46731 -1.47141 -1.46438 -1.55614 -1.64720 -1.73950 -1.82522 -2.01022 -2.08807 -2.29100 -2.61779
-2.07319 -2.68998 -3.08255 -3.04926 -2.98085 -2.77442 -2.83434 -3.43056 -2.99789 -2.76633 -2.53324 -2.48427 -2.74030 -2.85509 -3.96524 -4.82693 -5.15489 -5.12094 -4.92175 -3.69186 -3.73517 -3.85327 -3.35930 -3.08915 -3.30733 -2.69289 -2.57069 -2.94874 -2.89893 -2.40603 -2.71682 -2.98061 -2.35273 -2.12620 -2.22762 -1.83088 -1.43354 -1.43023 -1.43553 -1.63328 -1.64516 -2.22735 -1.93200 -2.03305 -1.73071 -1.61377 -1.40307 -1.30036 -1.18453 -1.27095 -1.17063 -0.75730 -0.34430 -0.14578 -0.23861 -0.02878 -0.29686 -0.36570 -0.33726 -0.40573 -1.27882 -1.27444 -1.19544 -1.19512 -1.29097 -1.27925 -1.36404 -1.44804 -1.63069 -1.71597 -1.80073 -2.20177 -2.51427
-0.84456 -1.14905 -2.50330 -3.66701 -3.68094 -3.33191 -2.89596 -2.88468 -3.02025 -3.00336 -2.89254 -2.58601 -2.44265 -2.80873 -3.58055 -4.76896 -4.53237 -4.57001 -4.58825 -4.54927 -4.40934 -4.38351 -4.39644 -4.32028 -3.95384 -3.23417 -3.41663 -3.89280 -4.50080 -4.68832 -5.08666 -4.84602 -4.10198 -3.86786 -4.77115 -4.57423 -3.55633 -3.35973 -2.86260 -2.85727 -1.65662 -1.36042 -1.24504 -1.53798 -1.23253 -0.92223 -1.20471 -1.09178 -0.97483 -1.16866 -0.66064 -0.15515 -0.15830 -1.15642 -0.95459 -0.34121 -0.52312 -0.80568 -0.77301 -0.66718 -1.05526 -0.98680 -1.00364 -1.02047 -1.01787 -1.00181 -1.07497 -1.25986 -1.33561 -1.51570 -1.49955 -1.68248 -2.18583
-0.33920 -0.83297 -1.27870 -2.12164 -2.71397 -3.27799 -3.22122 -3.32108 -3.53892 -3.78679 -4.25356 -3.39881 -3.41107 -2.60402 -2.43615 -4.53800 -4.84688 -5.38800 -4.90885 -4.87547 -5.24140 -4.82559 -4.98788 -5.11629 -5.64500 -5.65022 -5.43478 -5.60682 -5.98748 -5.84021 -5.66171 -6.00449 -5.66243 -5.32446 -5.91827 -6.01344 -5.40923 -5.61266 -5.60524 -5.51817 -4.81167 -3.80977 -2.10115 -1.10029 -1.19148 -0.88378 -0.68391 -1.26392 -1.26005 -0.85230 -0.84727 -0.84812 -0.53937 -0.53126 -0.73431 -1.12236 -1.09993 -1.19071 -0.38434 -0.06167 0.00289 -0.11026 -0.13247 -0.24868 -0.64598 -0.73786 -0.82846 -0.90293 -1.08100 -1.16404 -1.25664 -1.32286 -1.50255
-1.05599 -0.71337 -0.75225 -0.94860 -1.19310 -1.86303 -2.39724 -2.92856 -3.49058 -2.83332 -2.71377 -2.80955 -2.85787 -2.98872 -2.98996 -2.70242 -3.82566 -3.39101 -3.88135 -4.27102 -4.44455 -4.61252 -4.50674 -3.88085 -3.91982 -3.64513 -4.13495 -4.05438 -4.74442 -4.73231 -4.33359 -4.77471 -4.63126 -4.68699 -5.18573 -5.48196 -4.68346 -4.77971 -4.78045 -4.88041 -4.59236 -3.80167 -2.81054 -1.94260 -1.44380 -0.92817 -0.43510 -1.44466 -1.94416 -1.22550 -0.91332 -1.00124 -0.59808 -0.57116 -0.66180 -0.84211 -0.72913 -0.50232 -0.40338 -0.32476 0.25200 0.33438 0.30926 0.18106 -0.31382 -0.31082 -0.49512 -0.59767 -0.66768 -0.75600 -0.74226 -0.92887 -1.00685
-3.94578 -4.15399 -3.53523 -2.25954 -1.38177 -2.15603 -1.67254 -1.64643 -1.50976 -1.30060 -1.45239 -2.00154 -2.27126 -2.85653 -2.92536 -2.71449 -2.65457 -2.33950 -2.09713 -2.02850 -1.72534 -2.21580 -2.30217 -1.59641 -1.28995 -2.03647 -1.92968 -2.02241 -1.70219 -1.58902 -3.09622 -3.13201 -3.68575 -3.94527 -3.75967 -3.76319 -4.25289 -4.36157 -4.65921 -3.95943 -3.87393 -4.29598 -3.63322 -2.65642 -2.17427 -1.48842 -0.89402 -0.81218 -0.73568 -1.40411 -1.07481 -0.85234 -0.84279 -0.61226 -0.29249 -0.46236 -0.33955 -0.42936 -0.03889 0.43549 0.40796 0.48932 0.66993 0.83722 0.43681 0.34110 0.14086 0.04378 -0.05728 -0.35555 -0.54537 -0.82804 -0.79403
-1.70637 -1.81931 -2.48276 -2.67128 -1.76463 -3.29429 -2.85730 -2.41296 -1.91146 -1.61529 -1.47440 -1.59139 -1.37136 -2.03857 -2.28951 -2.05333 -1.99467 -1.46569 -1.64431 -1.46509 -1.37687 -1.12319 -1.16218 -0.89474 -1.21418 -1.50016 -1.59314 -0.98407 -2.17372 -2.34409 -2.04987 -2.08482 -2.84311 -3.21505 -3.02325 -3.41651 -3.82692 -3.33853 -3.74852 -4.15285 -4.67333 -4.40626 -3.15366 -2.58951 -2.41522 -2.14434 -1.66773 -1.29103 -0.51032 -1.18570 -1.15140 -0.92362 -0.49100 -0.35808 -0.12885 -0.18548 0.23690 0.43774 0.60908 0.78722 0.76113 0.83284 1.11936 1.28370 1.17687 0.96747 0.76833 0.65572 0.45540 0.35948 0.04871 -0.22393 -0.38088
-1.96623 -0.87474 -0.63618 -0.50324 -0.34520 -0.28224 -0.01197 -0.56457 -0.61914 -1.49591 -1.21415 -1.03547 -0.20932 -0.33134 -0.74507 -1.43520 -1.73037 -1.60154 -2.18932 -2.51573 -1.03058 -0.65967 -0.59742 -0.14684 0.32255 -0.02681 -0.43405 -1.13644 -1.72499 -1.32472 -1.22175 -1.75662 -1.92922 -1.68438 -2.40292 -2.61042 -3.21927 -3.22842 -3.53723 -3.64545 -4.16452 -4.70631 -4.06850 -4.40854 -3.55029 -3.40125 -1.93888 -0.97477 -0.60738 -0.06305 -0.51482 -0.48135 0.16214 0.20383 0.43021 0.59568 0.71752 0.79870 0.96587 1.04329 1.11253 1.18358 1.36030 1.73720 1.81846 1.69979 1.59046 1.48090 1.17044 0.86260 0.65511 0.58280 0.42307
-3.09822 -2.51607 -1.04084 -0.46045 0.23407 0.74489 -0.53649 -3.70720 -4.02611 -3.36073 -3.08915 -2.51295 -2.22600 -2.04612 -0.38281 0.06841 0.04039 -0.72303 -1.08707 -1.26951 -1.36760 -1.47161 -0.60594 0.58810 0.69385 0.34796 0.59087 -0.69782 -0.82813 -1.14108 -0.16264 -0.80576 -0.78350 -0.57084 -0.98927 -1.51341 -1.83224 -3.44899 -2.77623 -3.29827 -3.21993 -3.26220 -3.91916 -3.95339 -3.60397 -3.04883 -2.18555 -1.42762 -0.67189 0.59699 0.36108 0.20111 0.55497 0.39903 0.14518 -0.39035 -0.48498 -0.20831 0.25898 1.03224 1.61046 1.77564 1.95274 2.13166 2.10953 2.19852 2.17574 2.06542 1.95337 1.73737 1.52308 1.43989 1.58182
-1.60091 -2.15028 -1.63312 -0.64432 -0.00842 0.75611 0.81829 -0.08692 -3.10774 -4.33351 -3.91397 -3.52548 -3.77661 -2.76071 -2.29389 -1.64416 -0.88321 -1.36706 -1.67739 -1.61976 -0.73241 0.13420 -0.48977 0.37342 0.63821 0.99371 1.64932 0.56849 0.05619 -0.41397 -0.58757 -0.36007 -0.07295 0.02475 -0.70390 -1.33540 -0.76577 -2.00712 -2.03730 -1.87167 -2.50091 -2.65918 -2.19671 -1.42789 -1.76532 -1.99108 -2.19472 -1.59905 -1.50663 -0.01170 0.64832 0.30900 1.06920 1.11657 1.38431 1.54278 1.35512 1.42708 1.79466 2.06830 2.14773 2.32170 2.50284 2.46194 2.64343 2.62669 2.52076 2.60145 2.51343 2.30392 2.30004 2.10901 1.93488
-9999 -0.69304 0.71528 -0.12319 -0.68139 0.15863 0.51595 0.34069 0.06081 0.77401 1.82079 -1.17250 -4.43268 -5.96394 -6.18460 -6.84612 -2.43256 -1.15340 -0.72068 -0.92816 -0.38910 -0.14126 0.43512 0.70852 1.16102 2.10381 1.51293 1.46220 0.67359 0.66023 0.65461 -0.24713 -0.83795 -0.67078 -0.51956 -1.45828 -0.61674 0.01820 -1.61811 -1.65903 -2.01314 -1.75810 -1.27385 -1.01385 -0.72205 -1.05460 -1.75718 -1.24067 -0.73155 0.66896 1.27024 1.24717 1.51301 1.51281 1.67076 2.10710 2.21845 2.37850 2.53780 2.59818 2.59159 2.77560 2.85713 3.03253 2.91326 3.00389 2.98130 2.87653 2.78615 2.90274 2.60588 2.41074 2.21197
