data/hydroclimate-scenarios/BCSD_hadcm_A1B/monthly_summaries/tavg_monthly_avg_aug.2070-2099.asc
ncols	311
nrows	91
xllcenter	102.75
yllcenter	31.75
cellsize	0.5
NODATA_value	-9999
[rows 0 to 31 of 91, columns 71 to 141 of 311]
-9999 -9999 -9999 -9999 -9999 -9999 -9999 -9999 -9999 -9999 -9999 -9999 -9999 -9999 -9999 -9999 -9999 -9999 -9999 -9999 -9999 -9999 -9999 -9999 -9999 -9999 -9999 -9999 -9999 -9999 -9999 -9999 -9999 -9999 -9999 -9999 -9999 -9999 -9999 -9999 -9999 -9999 -9999 -9999 -9999 -9999 -9999 -9999 -9999 -9999 -9999 -9999 -9999 -9999 -9999 -9999 -9999 -9999 -9999 -9999 -9999 -9999 -9999 -9999 -9999 -9999 -9999 -9999 -9999 -9999 -9999
-9999 -9999 -9999 -9999 -9999 -9999 -9999 -9999 -9999 -9999 -9999 -9999 -9999 -9999 -9999 -9999 -9999 -9999 -9999 -9999 -9999 -9999 -9999 -9999 -9999 -9999 -9999 -9999 -9999 -9999 -9999 -9999 -9999 -9999 -9999 -9999 -9999 -9999 -9999 -9999 -9999 -9999 -9999 -9999 -9999 -9999 -9999 -9999 -9999 -9999 -9999 -9999 -9999 -9999 -9999 -9999 -9999 -9999 -9999 -9999 -9999 -9999 -9999 -9999 -9999 -9999 -9999 -9999 -9999 -9999 -9999
-9999 -9999 -9999 -9999 -9999 -9999 -9999 -9999 -9999 -9999 -9999 -9999 -9999 -9999 -9999 -9999 -9999 -9999 -9999 -9999 -9999 -9999 -9999 -9999 -9999 -9999 -9999 -9999 -9999 -9999 -9999 -9999 -9999 -9999 -9999 -9999 -9999 -9999 -9999 -9999 -9999 -9999 -9999 -9999 -9999 -9999 -9999 -9999 -9999 -9999 -9999 -9999 -9999 -9999 -9999 -9999 -9999 -9999 -9999 -9999 -9999 -9999 -9999 -9999 -9999 -9999 -9999 -9999 -9999 -9999 -9999
-9999 -9999 -9999 -9999 -9999 -9999 -9999 -9999 -9999 -9999 -9999 -9999 -9999 -9999 -9999 -9999 -9999 -9999 -9999 -9999 -9999 -9999 -9999 -9999 -9999 -9999 -9999 -9999 -9999 -9999 -9999 -9999 -9999 -9999 -9999 -9999 -9999 -9999 -9999 -9999 -9999 -9999 -9999 -9999 -9999 -9999 -9999 -9999 -9999 -9999 -9999 -9999 -9999 -9999 -9999 -9999 -9999 -9999 -9999 -9999 -9999 -9999 -9999 -9999 -9999 -9999 -9999 -9999 -9999 -9999 -9999
-9999 -9999 -9999 -9999 -9999 -9999 -9999 -9999 -9999 -9999 -9999 -9999 -9999 -9999 -9999 -9999 -9999 -9999 -9999 -9999 -9999 -9999 -9999 -9999 -9999 -9999 -9999 -9999 -9999 -9999 -9999 -9999 -9999 -9999 -9999 -9999 -9999 -9999 -9999 -9999 -9999 -9999 -9999 -9999 -9999 -9999 -9999 -9999 -9999 -9999 -9999 -9999 -9999 -9999 -9999 -9999 -9999 -9999 -9999 -9999 -9999 -9999 -9999 -9999 -9999 -9999 -9999 -9999 -9999 -9999 -9999
-9999 -9999 -9999 -9999 -9999 -9999 -9999 -9999 -9999 -9999 -9999 -9999 -9999 -9999 -9999 -9999 -9999 -9999 -9999 -9999 -9999 -9999 -9999 -9999 -9999 -9999 -9999 -9999 -9999 -9999 -9999 -9999 -9999 -9999 -9999 -9999 -9999 -9999 -9999 -9999 -9999 -9999 -9999 -9999 -9999 -9999 -9999 -9999 -9999 -9999 -9999 -9999 -9999 -9999 -9999 -9999 -9999 -9999 -9999 -9999 -9999 -9999 -9999 -9999 -9999 -9999 -9999 -9999 -9999 -9999 -9999
-9999 -9999 -9999 -9999 -9999 -9999 -9999 -9999 -9999 -9999 -9999 -9999 -9999 -9999 -9999 -9999 -9999 -9999 -9999 -9999 -9999 -9999 -9999 -9999 -9999 -9999 -9999 -9999 -9999 -9999 -9999 -9999 -9999 -9999 -9999 -9999 -9999 -9999 -9999 -9999 -9999 -9999 -9999 -9999 -9999 -9999 -9999 -9999 -9999 -9999 -9999 -9999 -9999 -9999 -9999 -9999 -9999 -9999 -9999 -9999 -9999 -9999 -9999 -9999 -9999 -9999 -9999 -9999 -9999 -9999 -9999
-9999 -9999 -9999 -9999 -9999 -9999 -9999 -9999 -9999 -9999 -9999 -9999 -9999 -9999 -9999 -9999 -9999 -9999 -9999 -9999 -9999 -9999 -9999 -9999 -9999 -9999 -9999 -9999 -9999 -9999 -9999 -9999 -9999 -9999 -9999 -9999 -9999 -9999 -9999 -9999 -9999 -9999 -9999 -9999 -9999 -9999 -9999 -9999 -9999 -9999 -9999 -9999 -9999 -9999 -9999 -9999 -9999 -9999 -9999 -9999 -9999 -9999 -9999 -9999 -9999 -9999 -9999 -9999 -9999 -9999 -9999
-9999 -9999 -9999 -9999 -9999 -9999 11.43460 -9999 -9999 -9999 -9999 -9999 -9999 -9999 -9999 -9999 -9999 -9999 -9999 -9999 -9999 -9999 -9999 -9999 -9999 -9999 -9999 -9999 -9999 -9999 -9999 -9999 -9999 -9999 -9999 -9999 -9999 -9999 -9999 -9999 -9999 -9999 -9999 -9999 -9999 -9999 -9999 -9999 -9999 -9999 -9999 -9999 -9999 -9999 -9999 -9999 -9999 -9999 -9999 -9999 -9999 -9999 -9999 -9999 -9999 -9999 -9999 -9999 -9999 -9999 -9999
-9999 -9999 8.41933 12.04170 11.67710 11.51810 11.64060 11.48490 11.41560 11.33480 11.24240 11.20770 11.31030 11.19760 11.08880 10.97490 10.94590 10.82820 10.80730 10.68940 10.57720 10.55680 -9999 -9999 -9999 -9999 -9999 -9999 -9999 -9999 -9999 -9999 -9999 -9999 -9999 -9999 -9999 -9999 -9999 -9999 -9999 -9999 -9999 -9999 -9999 -9999 -9999 -9999 -9999 -9999 -9999 -9999 -9999 -9999 -9999 -9999 -9999 -9999 -9999 -9999 -9999 -9999 -9999 -9999 -9999 -9999 -9999 -9999 -9999 -9999 -9999
-9999 -9999 -9999 -9999 11.92490 11.84220 11.89140 11.71160 11.73380 11.64340 11.53300 11.40840 11.39140 11.37110 11.25460 11.14200 11.10960 10.88800 10.76110 10.64630 10.53190 10.49060 -9999 -9999 -9999 -9999 -9999 -9999 -9999 -9999 -9999 -9999 -9999 -9999 -9999 -9999 -9999 -9999 -9999 -9999 -9999 -9999 -9999 -9999 -9999 -9999 -9999 -9999 -9999 -9999 -9999 -9999 -9999 -9999 -9999 -9999 -9999 -9999 -9999 -9999 -9999 -9999 -9999 -9999 -9999 -9999 -9999 -9999 -9999 -9999 -9999
12.81230 12.58880 12.51320 12.54570 12.27070 12.19000 12.30950 12.14140 12.04940 12.03870 11.83800 11.81070 11.68670 11.56760 11.44440 11.32070 11.19290 11.05850 10.92200 10.80320 10.77260 10.74490 10.82080 10.79680 10.67680 10.84430 10.79760 10.85580 -9999 -9999 -9999 -9999 -9999 -9999 -9999 -9999 -9999 -9999 -9999 -9999 -9999 -9999 -9999 -9999 -9999 -9999 -9999 -9999 -9999 -9999 -9999 -9999 -9999 -9999 -9999 -9999 -9999 -9999 -9999 -9999 -9999 -9999 -9999 -9999 -9999 -9999 -9999 -9999 -9999 -9999 -9999
12.99290 12.85950 12.77100 12.58630 12.60890 12.51020 12.52090 12.52730 12.43640 12.33270 12.21350 12.10000 11.96950 11.84070 11.71490 11.59460 11.46260 11.31660 11.17930 10.94610 10.91800 10.78130 10.56110 10.81800 10.89560 10.86690 10.82590 10.88170 10.93850 10.88030 10.83460 10.88190 10.86020 10.85280 10.76040 10.75870 10.64880 10.55720 10.53250 10.55820 10.61030 10.64810 10.68290 -9999 -9999 -9999 -9999 -9999 -9999 -9999 -9999 -9999 -9999 -9999 -9999 -9999 -9999 -9999 -9999 -9999 -9999 -9999 -9999 -9999 -9999 -9999 -9999 -9999 -9999 -9999 -9999
13.05310 12.62470 12.70760 12.41070 12.31790 12.43400 12.72420 12.72910 12.63050 12.44130 12.50380 12.38890 12.24810 12.12000 11.99030 11.84880 11.72840 11.57120 11.43200 11.19390 10.85500 10.32040 10.39690 10.54990 10.62640 10.89500 11.15330 11.11960 10.87910 10.64440 11.11080 11.08290 11.07430 11.06250 11.06050 10.96100 10.95630 10.85180 10.94520 10.86360 10.80800 10.84620 10.89140 11.03410 -9999 -9999 -9999 -9999 -9999 -9999 -9999 -9999 -9999 -9999 -9999 -9999 -9999 -9999 -9999 -9999 -9999 -9999 -9999 -9999 -9999 -9999 -9999 -9999 -9999 -9999 -9999
10.97930 10.74050 11.23490 10.01830 11.00700 11.31030 11.20390 11.40920 11.49980 11.99840 11.67860 11.85360 12.11270 12.18940 12.24570 12.01010 11.98160 11.83380 11.69210 11.35530 10.91180 10.87890 10.64050 10.70620 10.97650 10.35470 10.92420 11.29870 11.37940 10.84680 11.11780 11.19970 11.28870 11.18010 11.26530 11.26680 11.15950 11.15160 11.04910 11.04980 11.00140 11.02310 11.05480 11.19570 -9999 -9999 -9999 -9999 -9999 -9999 -9999 -9999 -9999 -9999 -9999 -9999 -9999 -9999 -9999 11.57020 11.50820 -9999 -9999 -9999 -9999 10.45010 9.33428 8.54595 8.93885 10.13620 10.22180
11.54730 11.22670 11.41660 10.59010 11.76890 12.46810 12.35890 11.65240 11.55240 11.44520 12.51800 12.68870 12.55820 12.32880 12.19570 12.46900 12.33090 12.38910 12.14940 12.10220 11.77110 11.45070 11.32330 11.79440 11.77370 11.85250 11.83940 11.81030 11.98640 11.87110 11.95670 11.83400 11.82810 11.80470 11.78970 11.78590 11.66630 11.64960 11.64080 11.44100 11.45790 11.47330 11.49720 11.41240 11.62330 11.64120 11.76040 11.52070 10.27020 9.82534 10.27690 9.91882 9.86649 10.30990 10.23870 10.05600 11.37850 11.49170 11.51540 11.54050 11.67410 -9999 -9999 -9999 -9999 -9999 10.71160 10.01620 9.51691 9.11759 9.10740
10.33930 11.71330 11.30160 10.18430 11.15840 12.23590 12.51990 12.60090 13.19880 13.58120 13.67100 13.54410 13.51800 13.39190 13.35490 13.22930 12.99830 12.85570 12.70960 12.56890 12.55020 12.52290 12.40220 12.37700 12.36670 12.45010 12.44160 12.42370 12.40830 12.49940 12.48960 12.47870 12.35920 12.33670 12.31650 12.29370 12.17460 12.15980 12.13210 12.02810 11.93480 11.92480 11.83660 11.82920 11.82870 11.73010 11.82880 11.66250 10.60300 10.15100 10.68950 11.12420 10.56360 9.39853 8.53412 9.84616 9.25556 9.17115 9.49204 10.30860 10.54320 10.29110 11.09440 11.69230 11.79080 11.58830 11.49560 11.39490 10.50420 9.89174 8.98900
10.32260 7.62892 12.59650 10.27190 10.02910 11.10030 11.88660 11.76530 14.13700 14.33020 14.21500 14.09340 13.98000 13.83320 13.81410 13.68120 13.56090 13.42430 13.28010 12.54840 12.41530 12.79870 12.88040 12.95960 12.94490 12.94100 12.94150 12.94010 13.03900 13.02480 12.92420 13.02460 12.89660 12.86490 12.83660 12.81180 12.68850 12.65900 12.53510 12.51710 12.50280 12.17630 12.27090 12.15520 12.13190 12.11710 12.08020 12.01240 11.94410 11.67010 11.20500 11.63660 10.95570 11.00080 10.20910 9.02470 8.73364 9.13753 9.25547 8.97996 9.43336 8.56565 9.67218 11.17160 11.67110 11.76740 11.67200 11.56860 10.87230 9.87770 8.37564
9.69811 8.51360 10.37760 13.64400 12.40840 13.37090 13.74320 12.42220 13.29760 14.08800 14.27270 14.44910 14.51210 14.39960 14.36780 14.24150 14.11150 13.87970 13.44760 11.82470 11.98110 12.46480 12.55420 13.14060 13.33890 13.33420 13.44390 13.44310 13.44560 13.45180 13.55460 13.55770 13.52270 13.40410 13.35830 13.22620 13.19500 12.86520 12.73220 12.39820 12.37340 12.53530 11.39780 11.07570 11.33770 11.89440 12.24540 12.55850 12.48200 11.80370 11.21990 11.13400 10.86100 10.78030 10.69690 11.00190 10.70880 9.61671 9.22279 8.85928 8.40598 7.93536 7.63780 9.15032 9.74719 10.14700 10.15920 10.25560 9.86162 9.46101 9.25986
11.04320 9.67039 9.63520 9.69080 11.75060 13.91330 13.87710 12.64350 12.41980 13.69560 11.29710 11.77430 12.54140 13.69510 14.30030 14.36820 14.54650 14.32310 13.89820 13.06520 12.43040 13.00970 13.19740 13.59180 13.89850 13.89560 14.00370 14.10300 14.00970 14.01960 14.02290 13.92730 13.39480 13.66980 13.63720 13.10340 12.96790 12.83490 12.60820 12.06570 11.92890 12.37700 12.43730 12.19880 11.24070 11.08090 11.52940 11.93560 12.53990 11.54600 11.05100 11.06520 10.97110 11.37880 10.48450 9.69913 9.41205 8.32062 9.33942 10.06460 9.81513 10.04430 9.85149 9.06411 8.17005 9.56998 8.67050 9.47911 9.78319 9.79003 9.88184
11.46730 10.58440 9.74293 8.90028 8.46708 11.61240 12.98650 13.54990 13.52320 14.10500 12.59760 10.28550 8.77157 7.94360 10.51820 12.29700 13.36290 14.34070 14.51780 14.59110 14.46070 14.43710 14.32250 14.42250 14.51710 14.42290 14.41490 14.42450 14.42250 14.12260 14.02920 13.74120 13.30760 13.37600 13.76130 13.22580 12.70740 12.08250 12.54610 12.70890 12.16100 11.90720 12.26500 12.41460 11.64730 11.98610 11.83380 11.93040 12.42060 12.51630 12.48800 12.20110 11.70200 11.49620 11.30010 11.02300 9.94468 9.15710 9.79928 8.63070 9.07094 9.55942 9.91568 10.42660 10.82280 10.73690 10.34340 10.05140 10.46140 10.65640 11.26320
9.48008 9.79310 8.46219 8.41119 8.95862 9.23897 9.29527 10.16650 11.63880 13.20880 14.51010 13.38450 12.16870 10.85100 9.33033 9.20807 9.48631 10.36420 12.03350 12.81920 13.99190 14.27060 14.54320 14.74120 14.83890 15.03850 14.83870 14.74010 14.14560 13.74220 14.33870 12.64890 12.22180 12.20280 12.56860 12.45650 12.43080 12.20640 12.58790 12.34320 12.19650 12.04520 12.79450 12.02470 11.85820 11.40060 11.23540 11.32440 11.71420 11.80160 10.88860 10.77810 10.06230 9.85797 10.15540 10.28060 8.99683 10.01240 10.14500 9.08833 10.02890 10.07060 10.37760 11.67630 11.48690 11.29910 10.30520 10.81930 11.31790 11.61870 12.43160
10.99790 9.79966 8.96181 9.42987 8.76860 8.43860 8.99871 10.05290 10.03090 11.61810 12.10160 11.79510 12.06590 12.75560 12.43480 12.20840 11.28660 10.08240 9.45725 10.13410 11.12280 11.88810 13.47040 14.55210 15.25580 15.35760 15.45900 14.54320 13.76200 13.65990 13.55540 13.35040 12.23280 12.70120 11.99510 13.47720 13.35610 12.83080 11.81870 12.18410 12.82370 13.18110 12.72430 12.16010 10.70890 10.34040 10.28810 10.66640 10.63360 9.61615 9.18995 9.55271 9.02251 8.10156 8.88754 8.21679 9.84670 9.06583 10.31400 11.16140 11.20120 11.84340 11.74650 12.05300 11.16040 11.96580 12.65790 12.87700 12.58380 12.58500 13.30270
11.61180 11.41170 11.35980 11.62170 10.07290 9.04578 9.20296 9.25934 9.43490 11.10310 12.81300 9.50112 9.98419 11.06880 9.04678 7.82897 8.40537 13.48450 10.77530 8.16553 8.74532 9.72023 11.10560 14.78010 15.58380 15.77980 15.77140 15.06830 14.26480 14.26590 13.66630 13.55970 13.44560 13.43960 14.51980 14.10710 13.29610 13.27250 12.57040 12.23380 11.26950 12.21400 12.25800 11.69840 12.84270 12.68200 11.81600 10.97780 10.24610 9.80496 9.26962 9.83727 9.78715 9.64614 8.94224 8.66602 9.49060 9.41982 11.07500 11.52000 12.66600 13.01260 12.42060 11.93740 13.33010 13.74070 13.75740 13.95280 13.76910 13.36910 13.37100
11.79050 11.87710 11.94150 12.19350 11.56040 11.42350 11.38850 10.86270 11.12350 10.90780 11.30770 11.00060 10.98590 11.56510 9.94306 9.52579 8.10573 9.29279 10.87870 11.96240 11.05590 10.94160 11.82900 12.62020 14.50910 15.79800 15.89790 15.78320 15.18850 15.18550 14.38130 14.48310 14.86410 14.35410 14.14230 14.12460 14.01530 13.70300 13.28620 12.54620 11.27660 11.21500 10.96030 11.21170 12.96540 13.08960 12.14510 11.40260 10.75700 9.61366 9.27924 10.12300 10.57640 9.23563 10.01960 10.45600 10.77160 11.39780 10.54550 11.69480 12.34170 13.18400 13.29990 14.30660 14.60960 14.51080 14.30900 13.82100 12.83260 13.33010 13.62700
11.73940 11.59890 11.07150 11.24970 11.42160 12.28880 12.37250 12.64180 12.61300 12.81480 11.50330 10.19560 10.98550 12.05750 12.03340 10.92160 10.49060 10.17720 8.77680 9.76738 10.95200 12.54360 13.43480 13.22390 13.02390 13.91290 15.50990 15.41200 14.99980 14.39510 14.70050 14.48800 15.56530 15.05150 14.33140 13.32350 13.41490 12.08680 12.86010 11.32970 9.85959 10.90410 11.06120 9.79420 10.64580 11.89310 11.73830 11.51130 11.58060 10.93830 10.19160 11.55270 12.00830 12.14680 12.54710 12.35200 12.17470 11.81510 12.34790 11.88330 13.12200 13.35810 13.55880 13.97300 14.36550 14.76090 14.55990 14.35230 13.65480 12.86260 13.06010
11.38470 10.51850 9.80689 9.79986 10.87560 11.25880 12.04970 12.42930 13.31700 12.21900 12.10500 11.48970 9.57836 10.84520 12.41600 12.70030 11.38220 10.47820 9.47537 9.66949 10.66670 11.25940 11.85510 12.84880 13.33970 14.22790 14.02690 14.91730 15.40960 14.70700 15.60350 14.78980 15.37390 13.45820 12.84310 14.01640 13.00050 11.47660 11.84410 12.20930 10.84860 10.28270 10.23110 10.87320 10.93030 11.17930 11.42470 11.19700 11.67840 10.93650 10.99970 10.96130 11.32470 11.28440 11.27850 11.67610 11.98980 13.10970 13.83960 14.46370 14.59790 14.32100 14.22570 14.43170 14.51090 14.71350 14.60140 14.29270 12.88410 12.08700 12.28850
13.02050 12.05540 9.84586 9.74008 9.83690 11.62140 11.93150 13.21860 13.00370 13.51510 14.30100 13.56810 12.45900 10.84870 11.52100 11.60550 11.17700 11.87640 11.57650 11.96800 9.96941 11.66170 12.66190 13.35490 13.85150 13.44680 12.53810 14.02800 15.12410 15.71440 14.21580 14.71160 14.88370 13.26090 12.43510 13.60350 12.88360 12.15610 11.12080 11.28590 11.22060 10.77290 11.22280 10.96280 11.41750 11.17380 12.61270 12.09220 11.66720 11.74080 11.90900 11.68140 12.24650 12.90790 12.69430 13.38940 13.39140 13.90990 14.63560 14.94650 14.76920 14.59910 14.38740 14.18110 12.76740 13.24320 12.94150 13.11720 12.80570 13.49580 13.30090
12.26800 12.27430 10.57020 9.58970 9.59573 8.69492 9.71839 11.81000 12.00930 12.41400 13.40030 12.47330 12.96630 12.14260 10.51780 11.40220 12.66570 13.06790 12.47160 12.66870 12.86710 11.77670 12.07350 13.37190 14.56250 15.55880 14.65640 15.14330 16.62670 15.82070 15.71690 15.30530 14.27430 13.54700 12.82780 12.48720 12.95950 11.84110 10.80220 10.06080 11.50980 11.64570 11.30460 12.56370 13.19780 13.65350 14.60930 15.18110 14.96140 15.13660 15.20560 15.19180 15.06690 14.53830 14.03110 14.00770 14.40560 15.11000 15.02050 15.03430 14.76100 14.77580 13.74750 12.33490 11.61040 11.98520 11.86650 12.24980 12.91410 13.30930 13.22700
14.23920 13.04950 11.25720 11.45550 10.06380 9.86670 8.07577 9.57299 11.18040 10.47960 10.26940 10.95300 11.81610 10.80060 10.96980 12.05170 11.92680 12.23380 13.22950 13.33290 12.93870 12.13660 10.84930 13.14520 14.74230 15.13550 13.73850 14.54510 14.63930 13.73430 15.02390 15.32140 13.96380 13.31180 12.46310 12.70920 12.36400 12.40570 11.35280 11.10960 12.14930 13.69940 13.07520 14.02830 15.58630 15.64430 15.29860 15.10040 14.28750 14.98570 -9999 -9999 15.55560 15.44340 15.64810 14.81440 14.79500 15.19030 14.99000 14.49000 14.29450 12.97130 11.74280 10.71560 11.19010 10.45400 10.13070 9.90646 12.16750 13.05950 13.07130
12.03190 12.76830 12.16050 11.35990 11.24750 11.53240 9.83383 11.61430 10.90800 10.20330 9.78389 10.87020 10.54600 10.42260 11.49540 11.97590 11.26140 12.35720 13.16470 12.25880 12.75620 13.45950 13.45690 13.05880 11.57380 12.98530 12.90190 14.01900 13.72480 14.13550 13.64360 15.04450 14.14810 12.95920 12.56360 12.26130 11.86230 13.66140 15.06950 -9999 -9999 -9999 -9999 16.38550 -9999 14.33770 12.70220 13.92510 14.34820 15.96610 -9999 -9999 15.03970 15.16640 15.45420 15.40430 15.67920 15.25120 14.62620 13.90120 13.45110 12.91030 12.26950 11.83220 12.69070 9.75255 9.51710 10.27030 12.82270 13.41360 13.94390
13.61910 13.29000 12.76890 11.85240 12.12540 13.51070 11.19090 12.06120 13.54030 13.12320 13.11260 12.79530 11.76790 11.34400 11.91770 13.60270 12.38560 11.98130 11.88700 12.18730 11.78360 13.17520 12.98450 13.27490 12.69380 13.42250 13.15450 12.99190 13.30770 13.93310 13.55890 13.48450 13.03940 13.09710 11.96190 13.11720 13.96610 -9999 -9999 -9999 -9999 -9999 -9999 -9999 15.23000 14.81890 14.79770 -9999 -9999 -9999 -9999 -9999 16.22740 15.77780 14.28380 14.72930 13.96700 14.50860 14.86330 13.88610 14.81730 14.53300 13.79090 13.03890 13.68630 13.83830 12.79990 11.13520 13.08660 14.96740 -9999
