data/hydroclimate-scenarios/BCSD_hadcm_A1B/monthly_summaries/tavg_monthly_avg_mar.2030-2059.asc
ncols	311
nrows	91
xllcenter	102.75
yllcenter	31.75
cellsize	0.5
NODATA_value	-9999
[rows 0 to 31 of 91, columns 0 to 70 of 311]
-9999 -9999 -9999 -9999 -9999 -9999 -9999 -9999 -9999 -9999 -9999 -9999 -9999 -9999 -9999 -9999 -9999 -9999 -9999 -9999 -9999 -9999 -9999 -9999 -9999 -9999 -9999 -9999 -9999 -9999 -9999 -9999 -9999 -9999 -9999 -9999 -9999 -9999 -9999 -9999 -9999 -9999 -9999 -9999 -9999 -9999 -9999 -9999 -9999 -9999 -9999 -9999 -9999 -9999 -9999 -9999 -9999 -9999 -9999 -9999 -9999 -9999 -9999 -9999 -9999 -9999 -9999 -9999 -9999 -9999 -9999
-9999 -9999 -9999 -9999 -9999 -9999 -9999 -9999 -9999 -9999 -9999 -9999 -9999 -9999 -9999 -9999 -9999 -9999 -9999 -9999 -9999 -9999 -9999 -9999 -9999 -9999 -9999 -9999 -9999 -9999 -9999 -9999 -9999 -9999 -9999 -9999 -9999 -9999 -9999 -9999 -9999 -9999 -9999 -9999 -9999 -9999 -9999 -9999 -9999 -9999 -9999 -9999 -9999 -9999 -9999 -9999 -9999 -9999 -9999 -9999 -9999 -9999 -9999 -9999 -9999 -9999 -9999 -9999 -9999 -9999 -9999
-9999 -9999 -9999 -9999 -9999 -9999 -9999 -9999 -9999 -9999 -9999 -9999 -9999 -9999 -9999 -9999 -9999 -9999 -9999 -9999 -9999 -9999 -9999 -9999 -9999 -9999 -9999 -9999 -9999 -9999 -9999 -9999 -9999 -9999 -9999 -9999 -9999 -9999 -9999 -9999 -9999 -9999 -9999 -9999 -9999 -9999 -9999 -9999 -9999 -9999 -9999 -9999 -9999 -9999 -9999 -9999 -9999 -9999 -9999 -9999 -9999 -9999 -9999 -9999 -9999 -9999 -9999 -9999 -9999 -9999 -9999
-9999 -9999 -9999 -9999 -9999 -9999 -9999 -9999 -9999 -9999 -9999 -9999 -9999 -9999 -9999 -9999 -9999 -9999 -9999 -9999 -9999 -9999 -9999 -9999 -9999 -9999 -9999 -9999 -9999 -9999 -9999 -9999 -9999 -9999 -9999 -9999 -9999 -9999 -9999 -9999 -9999 -9999 -9999 -9999 -9999 -9999 -9999 -9999 -9999 -9999 -9999 -9999 -9999 -9999 -9999 -9999 -9999 -9999 -9999 -9999 -9999 -9999 -9999 -9999 -9999 -9999 -9999 -9999 -9999 -9999 -9999
-9999 -9999 -9999 -9999 -9999 -9999 -9999 -9999 -9999 -9999 -9999 -9999 -9999 -9999 -9999 -9999 -9999 -9999 -9999 -9999 -9999 -9999 -9999 -9999 -9999 -9999 -9999 -9999 -9999 -9999 -9999 -9999 -9999 -9999 -9999 -9999 -9999 -9999 -9999 -9999 -9999 -9999 -9999 -9999 -9999 -9999 -9999 -9999 -9999 -9999 -9999 -9999 -9999 -9999 -9999 -9999 -9999 -9999 -9999 -9999 -9999 -9999 -9999 -9999 -9999 -9999 -9999 -9999 -9999 -9999 -9999
-9999 -9999 -9999 -9999 -9999 -9999 -9999 -9999 -9999 -9999 -9999 -9999 -9999 -9999 -9999 -9999 -9999 -9999 -9999 -9999 -9999 -9999 -9999 -9999 -9999 -9999 -9999 -9999 -9999 -9999 -9999 -9999 -9999 -9999 -9999 -9999 -9999 -9999 -9999 -9999 -9999 -9999 -9999 -9999 -9999 -9999 -9999 -9999 -9999 -9999 -9999 -9999 -9999 -9999 -9999 -9999 -9999 -9999 -9999 -9999 -9999 -9999 -9999 -9999 -9999 -9999 -9999 -9999 -9999 -9999 -9999
-9999 -9999 -9999 -9999 -9999 -9999 -9999 -9999 -9999 -9999 -9999 -9999 -9999 -9999 -9999 -9999 -9999 -9999 -9999 -9999 -9999 -9999 -9999 -9999 -9999 -9999 -9999 -9999 -9999 -9999 -9999 -9999 -9999 -9999 -9999 -9999 -9999 -9999 -9999 -9999 -9999 -9999 -9999 -9999 -9999 -9999 -9999 -9999 -9999 -9999 -9999 -9999 -9999 -9999 -9999 -9999 -9999 -9999 -9999 -9999 -9999 -9999 -9999 -9999 -9999 -9999 -9999 -9999 -9999 -9999 -9999
-9999 -9999 -9999 -9999 -9999 -9999 -9999 -9999 -9999 -9999 -9999 -9999 -9999 -9999 -9999 -9999 -9999 -9999 -9999 -9999 -9999 -9999 -9999 -9999 -9999 -9999 -9999 -9999 -9999 -9999 -9999 -9999 -9999 -9999 -9999 -9999 -9999 -9999 -9999 -9999 -9999 -9999 -26.43490 -26.76650 -26.99850 -27.21680 -27.33330 -27.45280 -27.66890 -27.87820 -28.06980 -28.20310 -9999 -9999 -9999 -9999 -9999 -9999 -9999 -9999 -9999 -9999 -9999 -9999 -9999 -9999 -9999 -9999 -9999 -9999 -9999
-9999 -9999 -9999 -9999 -9999 -9999 -9999 -9999 -9999 -9999 -9999 -9999 -9999 -9999 -9999 -9999 -9999 -9999 -9999 -9999 -9999 -9999 -9999 -9999 -9999 -9999 -9999 -9999 -9999 -9999 -9999 -9999 -9999 -9999 -9999 -9999 -9999 -9999 -25.68830 -26.59360 -26.47110 -26.26560 -26.54540 -26.57120 -26.59600 -26.72570 -26.84520 -27.06450 -27.28690 -27.39060 -27.57360 -27.81130 -28.04600 -24.99660 -9999 -9999 -9999 -9999 -9999 -9999 -9999 -9999 -9999 -9999 -9999 -9999 -9999 -9999 -9999 -9999 -9999
-9999 -9999 -9999 -9999 -9999 -9999 -9999 -9999 -9999 -9999 -9999 -9999 -9999 -9999 -9999 -9999 -9999 -9999 -9999 -9999 -9999 -9999 -9999 -9999 -9999 -9999 -9999 -9999 -9999 -9999 -9999 -9999 -9999 -9999 -9999 -9999 -9999 -9999 -9999 -9999 -25.85840 -25.93960 -26.63180 -26.95160 -26.88080 -27.29920 -27.01280 -26.63580 -26.95070 -27.35580 -27.63110 -27.44710 -27.66320 -24.79240 -9999 -9999 -9999 -9999 -9999 -9999 -9999 -9999 -9999 -9999 -9999 -9999 -9999 -9999 -9999 -9999 -9999
-9999 -9999 -9999 -9999 -9999 -9999 -9999 -9999 -9999 -9999 -9999 -9999 -9999 -9999 -9999 -9999 -9999 -9999 -9999 -9999 -9999 -9999 -9999 -9999 -9999 -9999 -9999 -9999 -9999 -9999 -9999 -9999 -9999 -9999 -9999 -9999 -9999 -9999 -9999 -9999 -9999 -9999 -9999 -9999 -26.41700 -26.82170 -27.54010 -27.65940 -27.46740 -27.17300 -27.51950 -28.38610 -27.66720 -24.74760 -9999 -9999 -9999 -9999 -9999 -9999 -28.59550 -9999 -9999 -9999 -9999 -9999 -9999 -9999 -9999 -9999 -9999
-9999 -9999 -9999 -9999 -9999 -9999 -9999 -9999 -9999 -9999 -9999 -9999 -9999 -9999 -9999 -9999 -9999 -9999 -9999 -9999 -9999 -9999 -9999 -9999 -9999 -9999 -9999 -9999 -9999 -9999 -9999 -9999 -9999 -9999 -9999 -9999 -9999 -9999 -9999 -9999 -9999 -26.43000 -26.52370 -26.83670 -26.85210 -26.36140 -26.96780 -27.67270 -27.17910 -27.18220 -27.80470 -28.24380 -27.67120 -27.51720 -9999 -9999 -9999 -9999 -9999 -27.84210 -28.16010 -28.06560 -28.05930 -28.01350 -27.84750 -27.74890 -27.84940 -27.84310 -27.83570 -27.62190 -27.71790
-9999 -9999 -9999 -9999 -9999 -9999 -9999 -9999 -9999 -9999 -9999 -9999 -9999 -9999 -9999 -9999 -9999 -9999 -9999 -9999 -9999 -9999 -9999 -9999 -9999 -9999 -9999 -9999 -9999 -9999 -9999 -9999 -9999 -9999 -9999 -9999 -9999 -9999 -9999 -9999 -9999 -25.88240 -25.97570 -25.88200 -25.49640 -25.69020 -25.79200 -26.29470 -26.49990 -26.68520 -27.19660 -28.68610 -28.87510 -28.47590 -28.07710 -28.46940 -27.67510 -9999 -27.20830 -27.54220 -27.66900 -27.79790 -27.91780 -28.32230 -28.22330 -27.94890 -27.72420 -27.71070 -27.50590 -27.69710 -27.57210
-9999 -9999 -9999 -9999 -9999 -9999 -9999 -9999 -9999 -9999 -9999 -9999 -9999 -9999 -9999 -9999 -9999 -9999 -9999 -9999 -9999 -9999 -9999 -9999 -9999 -9999 -9999 -9999 -9999 -9999 -9999 -9999 -9999 -9999 -9999 -24.06480 -24.07280 -24.78060 -24.90030 -24.50600 -24.52710 -24.53420 -24.73300 -24.83120 -24.93270 -25.12400 -25.21560 -25.62140 -26.02400 -26.90720 -27.78240 -28.82230 -30.09070 -29.34150 -29.49660 -29.96320 -28.61140 -27.77470 -27.02660 -27.17590 -27.31840 -27.67710 -27.71570 -29.55880 -28.99400 -27.94750 -27.92080 -27.80310 -27.37360 -27.64840 -27.62590
-9999 -9999 -9999 -9999 -9999 -9999 -9999 -9999 -9999 -9999 -9999 -9999 -9999 -9999 -9999 -9999 -9999 -9999 -9999 -9999 -9999 -9999 -9999 -9999 -9999 -9999 -9999 -9999 -9999 -9999 -9999 -9999 -9999 -9999 -23.19430 -24.01470 -24.13360 -24.23860 -24.16180 -23.86990 -23.77840 -23.79010 -23.89610 -23.98980 -24.19970 -24.48640 -24.68130 -25.37660 -26.47190 -27.95570 -29.12210 -29.46160 -30.80300 -31.34950 -31.09280 -29.93570 -28.57990 -27.92280 -26.67730 -26.74500 -27.51430 -28.57460 -28.94050 -29.70030 -28.24600 -27.70740 -27.98230 -28.33960 -29.52150 -29.09710 -29.86340
-9999 -9999 -9999 -9999 -9999 -9999 -9999 -9999 -9999 -9999 -9999 -9999 -9999 -9999 -9999 -9999 -9999 -9999 -9999 -9999 -9999 -9999 -9999 -9999 -9999 -9999 -9999 -9999 -9999 -9999 -9999 -9999 -9999 -23.06060 -23.07460 -23.39290 -23.39800 -23.51100 -23.43250 -23.03080 -23.04280 -23.35280 -23.25380 -23.46550 -23.66310 -24.05430 -24.75410 -25.35560 -27.55200 -29.03840 -30.32090 -31.46030 -33.41420 -31.86820 -30.61980 -29.68380 -29.54760 -27.59950 -26.97050 -27.44460 -28.39900 -28.07770 -27.75220 -27.42350 -27.56970 -28.04240 -28.69980 -28.96240 -29.12490 -29.08620 -29.55370
-9999 -9999 -9999 -9999 -9999 -9999 -9999 -9999 -9999 -9999 -9999 -9999 -9999 -9999 -9999 -9999 -9999 -9999 -9999 -9999 -9999 -9999 -9999 -9999 -9999 -9999 -9999 -9999 -9999 -9999 -9999 -21.73480 -22.03450 -22.43750 -22.34810 -22.56020 -22.47210 -22.47580 -22.49140 -22.19560 -22.51000 -22.61370 -22.62090 -22.82630 -23.33260 -23.93020 -24.32990 -24.72740 -26.52020 -27.91770 -29.60000 -30.86730 -33.73900 -32.19500 -30.97260 -29.74150 -28.20960 -27.87910 -28.95810 -28.52670 -27.89850 -27.68030 -27.86210 -27.03230 -27.49490 -28.16450 -28.21130 -27.87400 -27.93470 -29.69340 -30.65930
-9999 -9999 -9999 -9999 -9999 -9999 -9999 -9999 -9999 -9999 -9999 -9999 -9999 -9999 -9999 -9999 -9999 -9999 -9999 -9999 -9999 -9999 -9999 -9999 -9999 -9999 -9999 -9999 -9999 -20.94530 -21.13540 -21.72540 -21.82810 -22.02340 -21.82950 -21.93230 -21.94230 -21.85170 -21.95660 -21.66370 -21.76000 -21.97200 -22.07460 -22.39580 -22.99460 -23.99030 -24.39690 -25.19140 -27.89800 -29.09860 -30.38990 -32.46890 -33.64790 -31.73400 -31.70690 -30.40130 -28.46920 -28.56070 -28.03760 -27.12810 -27.50240 -27.98900 -28.17170 -28.13700 -27.61750 -27.77950 -28.93100 -29.59170 -29.75030 -29.70460 -29.16450
-9999 -9999 -9999 -9999 -9999 -9999 -9999 -9999 -9999 -9999 -9999 -9999 -9999 -9999 -9999 -9999 -9999 -9999 -9999 -9999 -9999 -9999 -9999 -9999 -21.08140 -21.02010 -20.74510 -20.35470 -20.72810 -21.02710 -21.41770 -21.11030 -21.19970 -21.39780 -21.58910 -21.17980 -21.49240 -21.69200 -21.59160 -21.31280 -21.10450 -21.22390 -21.53520 -21.74430 -22.35010 -23.16930 -23.56730 -25.46740 -27.67390 -28.67790 -29.06890 -32.06220 -32.06150 -30.54970 -29.45240 -28.74920 -27.84090 -27.63640 -28.02110 -27.49650 -27.09950 -27.27590 -27.16660 -27.05600 -27.13830 -27.81490 -27.25080 -26.91250 -27.45140 -28.60690 -31.55320
-9999 -9999 -9999 -9999 -9999 -9999 -20.69430 -20.51570 -20.12960 -20.15630 -20.17680 -9999 -9999 -9999 -9999 -9999 -9999 -9999 -9999 -9999 -9999 -20.28260 -21.19810 -21.11480 -21.23220 -21.25900 -21.17490 -20.99190 -20.98350 -20.87760 -20.76390 -20.74360 -21.15710 -21.13830 -21.23830 -21.13340 -21.34190 -21.14090 -21.04900 -20.85700 -20.66220 -20.57420 -20.76730 -21.38460 -21.99200 -22.80290 -23.10470 -24.70200 -27.00420 -28.11200 -29.61840 -30.61590 -31.72010 -30.32040 -28.32190 -27.62990 -27.72860 -27.43030 -26.82080 -26.42020 -26.70010 -27.09180 -27.88240 -28.16800 -28.46510 -26.63170 -26.06670 -26.91420 -27.15970 -27.10230 -27.84830
-9999 -9999 -9999 -9999 -9999 -20.18130 -20.49070 -21.10690 -20.30220 -20.51600 -20.32240 -21.12760 -20.93050 -21.25080 -9999 -9999 -9999 -20.71960 -20.69950 -20.59820 -20.67380 -20.76870 -20.87860 -20.72180 -21.03140 -20.74710 -20.66930 -20.37430 -20.37060 -20.37930 -19.98590 -19.97300 -20.00090 -19.99430 -20.20330 -20.41020 -20.51270 -20.51690 -20.51240 -20.01410 -20.01920 -20.03270 -20.40740 -20.62880 -21.33200 -21.93420 -23.63600 -25.51710 -27.11180 -28.01040 -28.91350 -29.71180 -29.60640 -28.22420 -27.72210 -27.73280 -27.73270 -26.92900 -25.52200 -26.21120 -26.19230 -26.89050 -27.48070 -27.06510 -28.25310 -29.62340 -28.86690 -28.61150 -27.76070 -28.10000 -28.23900
-9999 -19.61400 -19.60700 -19.39000 -19.88990 -19.88520 -20.18610 -20.29250 -20.49890 -20.18700 -20.48470 -20.78030 -20.98130 -20.89010 -20.50160 -20.01460 -19.33640 -20.31830 -20.61160 -19.89310 -19.78850 -19.88230 -20.06650 -19.79600 -19.61120 -20.14920 -20.06230 -19.87860 -20.09160 -19.81020 -19.52780 -19.43390 -19.45450 -19.45960 -19.56660 -19.87620 -19.88720 -20.07470 -19.88770 -19.59160 -19.78360 -19.67350 -19.85590 -20.07290 -20.46700 -21.15100 -22.64980 -24.02940 -25.52450 -26.61670 -27.81940 -29.32010 -29.12260 -29.82200 -29.23370 -28.63440 -27.73720 -25.73840 -26.21560 -26.19690 -25.70130 -26.79810 -27.98840 -27.77450 -28.96060 -28.92400 -27.87360 -28.71490 -27.65400 -28.88830 -30.53250
-9999 -19.87000 -19.23590 -19.32190 -19.21440 -19.00690 -19.09250 -19.18530 -19.17080 -19.45890 -19.54550 -19.93590 -20.52530 -20.32760 -20.23520 -20.25050 -20.15610 -20.34180 -19.93080 -19.70570 -19.89040 -19.88000 -19.87560 -19.09560 -19.12230 -18.94540 -19.17730 -19.39270 -19.41760 -19.22220 -19.14940 -18.87370 -19.00820 -18.82460 -19.04820 -19.15730 -19.24540 -19.24550 -19.15240 -19.45010 -19.22580 -19.22700 -19.39490 -19.40340 -19.69470 -20.18620 -20.87290 -22.55270 -24.03360 -25.41610 -26.11870 -28.01280 -28.32180 -30.42050 -30.41930 -28.43020 -27.42270 -26.92020 -26.40210 -27.09280 -26.39890 -27.19640 -27.68690 -27.27020 -28.05090 -28.47400 -28.86510 -28.20570 -28.14650 -28.28270 -28.62290
-9999 -9999 -9999 -19.55810 -19.53620 -18.92330 -18.88200 -18.76920 -18.95130 -18.53340 -18.91370 -18.58110 -18.66260 -18.76850 -19.37220 -19.17770 -19.46720 -18.86120 -19.02250 -19.32000 -19.40250 -19.31000 -19.31180 -18.90400 -18.62100 -18.43860 -18.27410 -18.49120 -18.03420 -18.26520 -18.20060 -18.22810 -18.25780 -18.08790 -18.21940 -18.44590 -18.53220 -18.63010 -18.71740 -18.68940 -18.67510 -18.66070 -18.83700 -18.95090 -19.21960 -19.50200 -20.48710 -21.66800 -22.55360 -23.62650 -25.22870 -26.71690 -28.01950 -29.22490 -28.61930 -28.72230 -27.22200 -26.92080 -27.40660 -27.40240 -26.10970 -27.51860 -27.79010 -28.06890 -27.75190 -27.51070 -27.04860 -27.79660 -28.34380 -28.87340 -29.01470
-9999 -9999 -9999 -9999 -9999 -9999 -18.39750 -18.36560 -18.55600 -18.23050 -18.01750 -18.27650 -18.07280 -17.77530 -18.06930 -18.06780 -18.35170 -18.33360 -17.90990 -18.00280 -18.09030 -18.40860 -18.21240 -18.19600 -17.97140 -18.19720 -18.02400 -17.36170 -17.32150 -17.53850 -17.68100 -17.71790 -17.75080 -17.68710 -17.62580 -17.64740 -17.92530 -17.92280 -18.11270 -18.38430 -18.45710 -18.43810 -18.51320 -18.60970 -18.81150 -19.09070 -19.36240 -21.34810 -21.71860 -23.38020 -25.37160 -27.37570 -28.06960 -26.36920 -27.66320 -28.06080 -27.25300 -28.44360 -29.24890 -28.25460 -28.85560 -28.74940 -29.03010 -29.11310 -28.47690 -28.73050 -26.96810 -27.61880 -28.25050 -28.28680 -28.72930
-9999 -9999 -9999 -9999 -9999 -9999 -17.80500 -17.98440 -17.67570 -18.15890 -17.84980 -17.83670 -17.64090 -17.22700 -17.33300 -17.61060 -17.78440 -17.76210 -17.83990 -17.83250 -17.95130 -18.06530 -18.06040 -18.04370 -17.85340 -17.15530 -16.89000 -16.91590 -16.85420 -16.99710 -17.22610 -17.14750 -17.17870 -17.11240 -17.32890 -17.25920 -17.05580 -17.14950 -17.42900 -17.82090 -18.07730 -18.05760 -18.23260 -18.22740 -18.23090 -18.51940 -18.70600 -19.06730 -19.74770 -20.70570 -22.39840 -23.58560 -24.57260 -25.36310 -25.55250 -24.42650 -25.12770 -26.53980 -26.32430 -27.12430 -29.22490 -28.92670 -28.89880 -28.37930 -28.63670 -27.08560 -26.73840 -26.57070 -26.61080 -26.74610 -28.18070
-9999 -9999 -9999 -9999 -9999 -9999 -9999 -9999 -9999 -9999 -16.71640 -17.51100 -17.30920 -16.30010 -16.67870 -17.14190 -17.31350 -17.39070 -17.08980 -17.10090 -17.21020 -17.42930 -17.33830 -17.32410 -17.21190 -17.50740 -17.21550 -16.66510 -16.59210 -16.81540 -16.75050 -16.87000 -16.80690 -16.63260 -16.65680 -16.18120 -16.57460 -16.46880 -16.56670 -17.03220 -17.21030 -17.37750 -17.45550 -17.75180 -17.93690 -18.23000 -18.40270 -18.59590 -18.66770 -18.74860 -19.02630 -19.50150 -20.18330 -20.16910 -20.44610 -20.42360 -20.62940 -21.32500 -22.11800 -22.70380 -22.90390 -23.89110 -24.07120 -25.14100 -25.49530 -24.54840 -24.48360 -24.62730 -25.35770 -25.19250 -26.33450
-9999 -9999 -9999 -9999 -9999 -9999 -9999 -9999 -9999 -9999 -15.46250 -15.96630 -16.67610 -15.95640 -16.01070 -16.68150 -16.80940 -16.84760 -16.94820 -17.13570 -17.16110 -17.19460 -17.29940 -17.09370 -17.08050 -16.47730 -16.18360 -16.10890 -16.03030 -16.25640 -16.37700 -16.29670 -16.31320 -16.03710 -16.35700 -16.17810 -16.19330 -16.38640 -16.57250 -16.84860 -17.02240 -17.17730 -17.47220 -17.76420 -18.13880 -18.33780 -18.50950 -18.49700 -18.58260 -18.66390 -18.43910 -18.91750 -18.88750 -19.25620 -19.03020 -19.22230 -19.41390 -19.61000 -19.70370 -20.58650 -20.68010 -20.57080 -20.64350 -20.59780 -20.75120 -20.71940 -21.04840 -21.38740 -21.82430 -24.05900 -24.79670
-9999 -9999 -9999 -9999 -9999 -9999 -9999 -9999 -9999 -9999 -9999 -9999 -15.53460 -16.40560 -16.35580 -16.23870 -15.71950 -15.22340 -15.90460 -15.89950 -16.01240 -16.24220 -16.24450 -16.15070 -15.84790 -15.55400 -15.66990 -15.78330 -15.87690 -15.69420 -15.69120 -15.90950 -15.92910 -16.03310 -15.94710 -15.88600 -15.99520 -16.39890 -16.48010 -16.85760 -16.93330 -17.10370 -17.49090 -17.68070 -17.86010 -18.14680 -18.33900 -18.31880 -18.49550 -18.47760 -18.56180 -18.73680 -18.89330 -19.06030 -18.53560 -18.62290 -18.70860 -19.39550 -19.68890 -20.07480 -20.16020 -20.13470 -20.11440 -19.97270 -19.83450 -19.86660 -19.80480 -19.84530 -20.37970 -21.61630 -24.04510
-9999 -9999 -9999 -9999 -9999 -9999 -9999 -9999 -9999 -9999 -9999 -9999 -14.82720 -15.37600 -15.55360 -15.53510 -15.22950 -15.02470 -15.80030 -15.89980 -15.71020 -16.43070 -16.04030 -15.63330 -15.93020 -15.54180 -15.25040 -15.25190 -15.42090 -15.32890 -15.23300 -15.45610 -15.47850 -15.49400 -15.90400 -15.73510 -16.07130 -16.64430 -16.53430 -16.48400 -16.46010 -16.53610 -16.72430 -17.10090 -17.38260 -17.64700 -17.83930 -17.91280 -17.98310 -18.36540 -18.45820 -18.23100 -18.21260 -18.46380 -18.25360 -18.25050 -18.34260 -18.92390 -19.10850 -19.27130 -19.44850 -19.52590 -19.40380 -19.34380 -19.29260 -19.24560 -19.18890 -19.33530 -20.28530 -22.13440 -23.08410
-9999 -9999 -9999 -9999 -9999 -9999 -9999 -9999 -9999 -9999 -9999 -14.66280 -15.16250 -14.62160 -14.50330 -15.79460 -16.07240 -15.96470 -16.14580 -16.23180 -15.23340 -16.23520 -15.73410 -15.83750 -15.83660 -15.64090 -15.62200 -15.43380 -15.10190 -14.89690 -14.91250 -15.04900 -14.96430 -14.99540 -15.10410 -14.62700 -15.24540 -15.61100 -16.18830 -16.77030 -16.83100 -17.20420 -17.48100 -17.46560 -17.42980 -17.30200 -17.28530 -17.25250 -17.31910 -17.58480 -17.64780 -17.83140 -17.91280 -17.90640 -17.39770 -17.79380 -18.08310 -18.37450 -18.54690 -18.59790 -18.67370 -18.83220 -18.79780 -18.73520 -18.77670 -18.62670 -18.99640 -19.77900 -21.05210 -22.92390 -24.70750
-9999 -9999 -9999 -9999 -9999 -9999 -9999 -9999 -9999 -9999 -9999 -14.40210 -14.39740 -14.57220 -14.25390 -15.44640 -15.73490 -15.91170 -15.88850 -15.97030 -15.76640 -15.75890 -15.55800 -15.14810 -15.15600 -15.03020 -15.23190 -15.42700 -14.89250 -14.97540 -15.20870 -15.13510 -14.95080 -14.67570 -14.90800 -14.52100 -14.40450 -15.28320 -16.15370 -16.03610 -16.10280 -16.66780 -17.04090 -17.20390 -17.37550 -17.53810 -17.31810 -16.98090 -16.63200 -16.60030 -16.67520 -16.55510 -16.75940 -17.16360 -17.44450 -17.63270 -18.02590 -18.03370 -17.97870 -18.03580 -18.09490 -18.24470 -18.20320 -18.12060 -18.04750 -18.00690 -18.60990 -19.00770 -21.00630 -23.01560 -23.01320
