data/hydroclimate-scenarios/BCSD_hadcm_A1B/monthly_summaries/tavg_monthly_avg_jul.2030-2059.asc
ncols	311
nrows	91
xllcenter	102.75
yllcenter	31.75
cellsize	0.5
NODATA_value	-9999
[rows 0 to 31 of 91, columns 0 to 71 of 311]
-9999 -9999 -9999 -9999 -9999 -9999 -9999 -9999 -9999 -9999 -9999 -9999 -9999 -9999 -9999 -9999 -9999 -9999 -9999 -9999 -9999 -9999 -9999 -9999 -9999 -9999 -9999 -9999 -9999 -9999 -9999 -9999 -9999 -9999 -9999 -9999 -9999 -9999 -9999 -9999 -9999 -9999 -9999 -9999 -9999 -9999 -9999 -9999 -9999 -9999 -9999 -9999 -9999 -9999 -9999 -9999 -9999 -9999 -9999 -9999 -9999 -9999 -9999 -9999 -9999 -9999 -9999 -9999 -9999 -9999 -9999 -9999
-9999 -9999 -9999 -9999 -9999 -9999 -9999 -9999 -9999 -9999 -9999 -9999 -9999 -9999 -9999 -9999 -9999 -9999 -9999 -9999 -9999 -9999 -9999 -9999 -9999 -9999 -9999 -9999 -9999 -9999 -9999 -9999 -9999 -9999 -9999 -9999 -9999 -9999 -9999 -9999 -9999 -9999 -9999 -9999 -9999 -9999 -9999 -9999 -9999 -9999 -9999 -9999 -9999 -9999 -9999 -9999 -9999 -9999 -9999 -9999 -9999 -9999 -9999 -9999 -9999 -9999 -9999 -9999 -9999 -9999 -9999 -9999
-9999 -9999 -9999 -9999 -9999 -9999 -9999 -9999 -9999 -9999 -9999 -9999 -9999 -9999 -9999 -9999 -9999 -9999 -9999 -9999 -9999 -9999 -9999 -9999 -9999 -9999 -9999 -9999 -9999 -9999 -9999 -9999 -9999 -9999 -9999 -9999 -9999 -9999 -9999 -9999 -9999 -9999 -9999 -9999 -9999 -9999 -9999 -9999 -9999 -9999 -9999 -9999 -9999 -9999 -9999 -9999 -9999 -9999 -9999 -9999 -9999 -9999 -9999 -9999 -9999 -9999 -9999 -9999 -9999 -9999 -9999 -9999
-9999 -9999 -9999 -9999 -9999 -9999 -9999 -9999 -9999 -9999 -9999 -9999 -9999 -9999 -9999 -9999 -9999 -9999 -9999 -9999 -9999 -9999 -9999 -9999 -9999 -9999 -9999 -9999 -9999 -9999 -9999 -9999 -9999 -9999 -9999 -9999 -9999 -9999 -9999 -9999 -9999 -9999 -9999 -9999 -9999 -9999 -9999 -9999 -9999 -9999 -9999 -9999 -9999 -9999 -9999 -9999 -9999 -9999 -9999 -9999 -9999 -9999 -9999 -9999 -9999 -9999 -9999 -9999 -9999 -9999 -9999 -9999
-9999 -9999 -9999 -9999 -9999 -9999 -9999 -9999 -9999 -9999 -9999 -9999 -9999 -9999 -9999 -9999 -9999 -9999 -9999 -9999 -9999 -9999 -9999 -9999 -9999 -9999 -9999 -9999 -9999 -9999 -9999 -9999 -9999 -9999 -9999 -9999 -9999 -9999 -9999 -9999 -9999 -9999 -9999 -9999 -9999 -9999 -9999 -9999 -9999 -9999 -9999 -9999 -9999 -9999 -9999 -9999 -9999 -9999 -9999 -9999 -9999 -9999 -9999 -9999 -9999 -9999 -9999 -9999 -9999 -9999 -9999 -9999
-9999 -9999 -9999 -9999 -9999 -9999 -9999 -9999 -9999 -9999 -9999 -9999 -9999 -9999 -9999 -9999 -9999 -9999 -9999 -9999 -9999 -9999 -9999 -9999 -9999 -9999 -9999 -9999 -9999 -9999 -9999 -9999 -9999 -9999 -9999 -9999 -9999 -9999 -9999 -9999 -9999 -9999 -9999 -9999 -9999 -9999 -9999 -9999 -9999 -9999 -9999 -9999 -9999 -9999 -9999 -9999 -9999 -9999 -9999 -9999 -9999 -9999 -9999 -9999 -9999 -9999 -9999 -9999 -9999 -9999 -9999 -9999
-9999 -9999 -9999 -9999 -9999 -9999 -9999 -9999 -9999 -9999 -9999 -9999 -9999 -9999 -9999 -9999 -9999 -9999 -9999 -9999 -9999 -9999 -9999 -9999 -9999 -9999 -9999 -9999 -9999 -9999 -9999 -9999 -9999 -9999 -9999 -9999 -9999 -9999 -9999 -9999 -9999 -9999 -9999 -9999 -9999 -9999 -9999 -9999 -9999 -9999 -9999 -9999 -9999 -9999 -9999 -9999 -9999 -9999 -9999 -9999 -9999 -9999 -9999 -9999 -9999 -9999 -9999 -9999 -9999 -9999 -9999 -9999
-9999 -9999 -9999 -9999 -9999 -9999 -9999 -9999 -9999 -9999 -9999 -9999 -9999 -9999 -9999 -9999 -9999 -9999 -9999 -9999 -9999 -9999 -9999 -9999 -9999 -9999 -9999 -9999 -9999 -9999 -9999 -9999 -9999 -9999 -9999 -9999 -9999 -9999 -9999 -9999 -9999 -9999 14.30970 14.29150 14.18610 14.26990 14.24630 14.23780 14.21630 14.21010 14.24710 14.47710 -9999 -9999 -9999 -9999 -9999 -9999 -9999 -9999 -9999 -9999 -9999 -9999 -9999 -9999 -9999 -9999 -9999 -9999 -9999 -9999
-9999 -9999 -9999 -9999 -9999 -9999 -9999 -9999 -9999 -9999 -9999 -9999 -9999 -9999 -9999 -9999 -9999 -9999 -9999 -9999 -9999 -9999 -9999 -9999 -9999 -9999 -9999 -9999 -9999 -9999 -9999 -9999 -9999 -9999 -9999 -9999 -9999 -9999 14.26250 13.58170 13.88650 14.09580 14.20830 14.29890 14.38650 14.46460 14.45290 14.43250 14.41360 14.40350 14.56150 14.78090 14.78950 11.80930 -9999 -9999 -9999 -9999 -9999 -9999 -9999 -9999 -9999 -9999 -9999 -9999 -9999 -9999 -9999 -9999 -9999 -9999
-9999 -9999 -9999 -9999 -9999 -9999 -9999 -9999 -9999 -9999 -9999 -9999 -9999 -9999 -9999 -9999 -9999 -9999 -9999 -9999 -9999 -9999 -9999 -9999 -9999 -9999 -9999 -9999 -9999 -9999 -9999 -9999 -9999 -9999 -9999 -9999 -9999 -9999 -9999 -9999 14.31590 14.32510 13.93960 13.72610 14.00920 13.80180 14.19000 14.57380 14.55580 14.35500 14.49940 14.91360 15.01570 12.32000 -9999 -9999 -9999 -9999 -9999 -9999 -9999 -9999 -9999 -9999 -9999 -9999 -9999 -9999 -9999 -9999 -9999 -9999
-9999 -9999 -9999 -9999 -9999 -9999 -9999 -9999 -9999 -9999 -9999 -9999 -9999 -9999 -9999 -9999 -9999 -9999 -9999 -9999 -9999 -9999 -9999 -9999 -9999 -9999 -9999 -9999 -9999 -9999 -9999 -9999 -9999 -9999 -9999 -9999 -9999 -9999 -9999 -9999 -9999 -9999 -9999 -9999 14.37840 14.26690 13.65360 13.76060 14.04780 14.54600 14.57990 14.07530 14.95830 12.75120 -9999 -9999 -9999 -9999 -9999 -9999 15.60820 -9999 -9999 -9999 -9999 -9999 -9999 -9999 -9999 -9999 -9999 -9999
-9999 -9999 -9999 -9999 -9999 -9999 -9999 -9999 -9999 -9999 -9999 -9999 -9999 -9999 -9999 -9999 -9999 -9999 -9999 -9999 -9999 -9999 -9999 -9999 -9999 -9999 -9999 -9999 -9999 -9999 -9999 -9999 -9999 -9999 -9999 -9999 -9999 -9999 -9999 -9999 -9999 13.73770 13.85210 13.74550 13.94320 14.52630 14.11840 13.82760 14.31630 14.62030 14.25100 14.12770 14.89620 15.16330 -9999 -9999 -9999 -9999 -9999 15.86070 15.66060 15.77360 15.67660 15.67960 15.56670 15.45180 15.32510 15.19330 15.15740 15.24250 15.10990 15.00300
-9999 -9999 -9999 -9999 -9999 -9999 -9999 -9999 -9999 -9999 -9999 -9999 -9999 -9999 -9999 -9999 -9999 -9999 -9999 -9999 -9999 -9999 -9999 -9999 -9999 -9999 -9999 -9999 -9999 -9999 -9999 -9999 -9999 -9999 -9999 -9999 -9999 -9999 -9999 -9999 -9999 14.19750 14.22350 14.40980 15.11180 15.10040 15.10330 14.91930 14.92100 15.02110 14.74830 13.69270 13.73480 14.19910 14.85110 14.59870 15.45540 -9999 16.11190 15.92860 15.84020 15.74580 15.56400 15.16640 15.18120 15.30020 15.39550 15.40270 15.40770 15.30970 15.30970 15.21830
-9999 -9999 -9999 -9999 -9999 -9999 -9999 -9999 -9999 -9999 -9999 -9999 -9999 -9999 -9999 -9999 -9999 -9999 -9999 -9999 -9999 -9999 -9999 -9999 -9999 -9999 -9999 -9999 -9999 -9999 -9999 -9999 -9999 -9999 -9999 14.94590 14.96640 14.48800 14.50380 15.03150 15.14390 15.35820 15.27260 15.27160 15.48920 15.58820 15.68140 15.49920 15.29170 14.90640 14.22720 13.55530 12.58900 13.33030 13.36340 13.19140 14.42320 15.26430 15.88160 15.90510 15.92230 15.64040 15.55900 13.97510 14.29040 15.31660 15.15720 15.18520 15.52690 15.36040 15.28820 15.42750
-9999 -9999 -9999 -9999 -9999 -9999 -9999 -9999 -9999 -9999 -9999 -9999 -9999 -9999 -9999 -9999 -9999 -9999 -9999 -9999 -9999 -9999 -9999 -9999 -9999 -9999 -9999 -9999 -9999 -9999 -9999 -9999 -9999 -9999 15.39360 14.80730 14.81540 14.92980 15.06480 15.46500 15.69280 15.81250 15.82100 15.94200 15.95730 15.95750 16.06330 15.58680 14.88520 13.80690 13.02810 12.83790 11.86770 11.49030 11.90820 13.12020 14.26320 14.98090 16.09530 16.13510 15.64190 14.86690 14.48880 13.80380 15.11430 15.35920 15.10430 14.75050 13.70560 14.03470 13.38830 13.43550
-9999 -9999 -9999 -9999 -9999 -9999 -9999 -9999 -9999 -9999 -9999 -9999 -9999 -9999 -9999 -9999 -9999 -9999 -9999 -9999 -9999 -9999 -9999 -9999 -9999 -9999 -9999 -9999 -9999 -9999 -9999 -9999 -9999 15.20670 15.30120 15.21960 15.24080 15.37320 15.38900 15.91430 16.03220 15.96140 16.18510 16.19330 16.21620 16.12760 15.74130 15.45500 13.68090 12.69260 11.81870 10.93060 9.35190 10.97550 12.28950 13.21790 13.52950 15.14320 15.96900 15.59330 14.91170 15.33240 15.55000 15.95800 15.57660 15.20610 14.54880 14.28330 14.03430 14.07190 13.61760 13.76030
-9999 -9999 -9999 -9999 -9999 -9999 -9999 -9999 -9999 -9999 -9999 -9999 -9999 -9999 -9999 -9999 -9999 -9999 -9999 -9999 -9999 -9999 -9999 -9999 -9999 -9999 -9999 -9999 -9999 -9999 -9999 15.91890 15.82620 15.51580 15.72070 15.63600 15.86820 15.99410 16.12200 16.44370 16.36760 16.49870 16.52490 16.54640 16.26830 15.99340 15.91550 15.94640 14.56360 13.49010 12.31040 11.31740 8.94303 10.54770 11.86490 13.07920 14.59430 15.01860 14.13390 14.65220 15.46830 15.67880 15.59060 16.19880 15.80460 15.03650 14.88790 15.22550 15.06900 13.59330 12.64200 12.27400
-9999 -9999 -9999 -9999 -9999 -9999 -9999 -9999 -9999 -9999 -9999 -9999 -9999 -9999 -9999 -9999 -9999 -9999 -9999 -9999 -9999 -9999 -9999 -9999 -9999 -9999 -9999 -9999 -9999 16.43940 16.24450 15.84150 15.74060 15.73840 15.93680 15.95230 16.08670 16.31430 16.34960 16.66990 16.80730 16.64000 16.76620 16.80750 16.53250 15.86190 15.59130 15.22260 13.04660 12.38520 11.50070 9.80601 8.92203 10.93060 11.14120 12.45700 14.47320 14.48100 14.99670 15.91210 15.72470 15.53850 15.34790 15.35320 15.75690 15.37730 14.32470 13.65980 13.39300 13.52690 13.96910 12.09940
-9999 -9999 -9999 -9999 -9999 -9999 -9999 -9999 -9999 -9999 -9999 -9999 -9999 -9999 -9999 -9999 -9999 -9999 -9999 -9999 -9999 -9999 -9999 -9999 15.73930 15.73520 16.15350 16.46930 16.37100 16.12200 15.75700 16.06180 16.06150 16.05450 15.96950 16.36800 16.10230 16.13260 16.27320 16.61980 17.04860 17.08230 17.10560 17.05870 16.78800 16.23290 16.26120 14.69740 13.03740 12.37220 12.39600 10.09850 10.20770 11.90910 13.11780 13.93330 14.82480 15.23890 14.95910 15.56380 16.07880 16.08320 16.28550 16.29220 16.09220 15.30980 15.74300 15.99730 15.42220 14.46180 11.89330 11.23980
-9999 -9999 -9999 -9999 -9999 -9999 15.24420 15.50010 15.65180 15.70320 15.76400 -9999 -9999 -9999 -9999 -9999 -9999 -9999 -9999 -9999 -9999 15.74160 15.03790 15.14120 15.33890 15.35310 15.61550 15.76200 15.76160 15.96390 16.16180 16.26130 15.96370 16.06060 15.95560 16.17640 16.20320 16.43220 16.56880 16.89940 17.23130 17.35920 17.30900 17.26990 16.91540 16.46810 16.41540 15.24610 13.49500 12.73070 11.64810 11.06560 10.36030 11.87160 13.87390 14.76990 14.88880 15.29000 16.00180 16.40790 16.32160 16.23340 15.52930 15.13550 14.83870 16.34850 16.69270 15.82510 15.55900 15.59570 14.82910 12.46350
-9999 -9999 -9999 -9999 -9999 15.50160 15.36160 14.70140 15.37380 15.13350 15.29440 14.54240 14.70510 14.49460 -9999 -9999 -9999 15.17750 14.96760 15.15360 15.05490 14.94080 14.83730 15.22970 14.93420 15.44450 15.53900 15.85520 16.05090 16.15540 16.54410 16.63710 16.62410 16.71780 16.71150 16.62180 16.64780 16.68140 16.91760 17.36040 17.49820 17.53450 17.58860 17.66230 17.21950 16.87730 15.72520 14.27900 13.22000 12.66980 12.10650 11.59670 11.90090 13.40850 14.20140 14.40620 14.62150 15.41930 16.74020 16.34940 16.46460 15.76510 15.47890 15.88060 14.68970 13.40670 13.94070 14.07900 14.80840 14.43670 14.27980 12.71480
-9999 16.15880 16.14920 16.23820 15.63020 15.70950 15.36810 15.13670 14.99880 15.25750 14.92280 14.60470 14.36030 14.54710 15.02820 15.41370 16.10250 15.09620 14.98400 15.46580 15.64920 15.54310 15.43090 15.72140 15.93210 15.62670 15.71830 16.13220 16.02340 16.31650 16.69900 16.88720 16.98640 16.96330 16.95640 16.86230 16.90050 16.93860 17.18000 17.52360 17.56290 17.81500 17.86940 17.94300 17.71830 17.26510 16.33540 15.30060 14.35410 13.60820 12.84940 11.73270 12.03230 11.73940 12.43560 13.33940 14.35370 16.13980 15.85190 15.97640 16.48320 15.60760 14.62370 14.82430 13.73810 13.66730 14.48730 13.53190 14.55890 13.38550 11.92790 10.56530
-9999 15.87880 16.27380 16.16880 16.15060 16.22960 16.09810 15.96140 15.93690 15.49930 15.46880 15.04850 14.51870 14.79790 14.87880 14.96400 15.13250 14.92140 15.19990 15.57880 15.36890 15.26160 15.35150 16.14360 16.14060 16.32910 16.23150 16.11960 16.31850 16.60080 16.79670 17.18390 17.17510 17.35830 17.33840 17.25400 17.38920 17.43120 17.66910 17.61690 17.85980 18.01060 18.17370 18.24830 18.22520 17.99750 17.66780 16.43900 15.50300 14.46260 14.20380 12.59490 12.48170 10.80530 10.99470 13.18410 14.28180 14.86960 15.49090 15.01440 15.54500 14.85430 14.38240 14.90190 14.10600 13.74330 13.27430 13.79160 13.72710 13.56290 13.28510 11.82110
-9999 -9999 -9999 15.66790 15.46020 16.04720 16.01120 16.08930 15.85910 16.23600 15.79840 16.08880 15.96160 15.93720 15.42090 15.48810 15.46240 16.03410 15.80550 15.68130 15.56590 15.56290 15.55890 15.94320 16.23200 16.53190 16.73480 16.83060 17.21490 17.21760 17.28830 17.37480 17.36320 17.65220 17.64550 17.64540 17.58800 17.63010 17.67280 18.02710 18.07010 18.20990 18.25740 18.43340 18.50880 18.39420 17.87500 17.06870 16.53270 15.89850 14.74140 13.52730 12.42340 11.52450 12.30820 12.50560 13.99500 14.39960 14.21330 14.34200 15.36220 14.19870 13.90960 13.74610 14.06520 14.18520 14.51120 13.74440 13.07480 12.60550 12.43750 12.15890
-9999 -9999 -9999 -9999 -9999 -9999 16.12550 16.39820 15.97720 16.35630 16.43970 16.21680 16.30330 16.58150 16.45670 16.42830 16.29630 16.37740 16.73810 16.71560 16.60930 16.28860 16.48910 16.57510 16.76280 16.56120 16.95680 17.66970 17.76000 17.64430 17.63860 17.62700 17.70910 17.78820 17.98080 18.07660 18.01910 18.05950 18.08120 18.02790 17.96070 18.30030 18.43770 18.59370 18.55150 18.62360 18.59800 17.08290 16.94950 15.80880 14.14730 12.55630 12.16750 13.76970 12.88650 12.59720 13.50020 12.70940 12.04440 13.06130 12.49590 12.52230 12.44660 12.17620 12.99140 12.71980 14.14260 13.37810 12.59530 12.51770 12.04430 12.17760
-9999 -9999 -9999 -9999 -9999 -9999 16.64550 16.41670 16.58920 16.27960 16.56390 16.45020 16.64090 17.02180 17.00100 16.67290 16.75350 16.73630 16.70990 16.60200 16.57370 16.56460 16.56430 16.73730 16.84200 17.51920 17.81830 17.92550 18.12490 18.02380 17.91860 18.02000 18.00280 18.18850 18.06640 18.38800 18.48150 18.49440 18.60420 18.23290 18.23010 18.33800 18.35860 18.49870 18.74530 18.68780 18.73200 18.68260 18.25000 17.70580 16.55360 15.68780 15.02550 14.47160 14.41240 15.64590 15.08740 13.93320 14.35840 13.67130 11.71390 12.03660 11.96440 12.49630 12.21680 13.62320 13.85910 13.87110 13.59750 13.22370 11.85400 11.97280
-9999 -9999 -9999 -9999 -9999 -9999 -9999 -9999 -9999 -9999 17.29390 16.58460 16.77450 17.66230 17.43790 17.01720 16.89850 16.98130 17.36310 17.24360 17.22910 17.02520 17.22360 17.21480 17.40430 17.18390 17.47910 18.18350 18.17730 18.08810 18.07950 18.17720 18.17710 18.37790 18.57570 19.05860 18.84750 19.03200 19.11700 18.81360 18.69680 18.68820 18.66300 18.59770 18.62320 18.65160 18.67240 18.79560 18.93510 18.98160 18.94160 18.91470 18.58800 18.74870 18.82510 18.89620 18.76620 18.33770 17.87180 17.28910 17.22080 16.24560 15.97210 14.89800 14.51310 15.33100 15.24710 14.96780 14.18650 14.11490 12.94330 11.15190
-9999 -9999 -9999 -9999 -9999 -9999 -9999 -9999 -9999 -9999 18.21830 17.82740 17.21560 18.00050 17.79030 17.26670 17.35160 17.34350 17.32710 17.30730 17.41440 17.19600 17.19820 17.37860 17.46600 17.96260 18.35180 18.53350 18.54220 18.45070 18.35050 18.45180 18.55370 18.65300 18.55600 18.84810 18.90220 18.88080 18.85240 18.60560 18.56550 18.42860 18.28910 18.19600 18.21060 18.22470 18.33020 18.44090 18.65040 18.66610 19.03100 19.04170 19.24380 19.24550 19.64880 19.75940 19.56130 19.56820 19.58900 18.81120 18.83530 18.75870 18.58620 18.40460 18.32850 18.14540 17.66240 17.17830 16.69800 14.40640 13.62690 12.65560
-9999 -9999 -9999 -9999 -9999 -9999 -9999 -9999 -9999 -9999 -9999 -9999 18.15120 17.45140 17.43800 17.73110 18.32200 18.80650 18.19790 18.39560 18.27960 18.07700 18.16290 18.25100 18.53910 18.83820 18.82030 18.71420 18.60620 18.81270 18.82280 18.61970 18.72080 18.53080 18.73400 18.71940 18.85430 18.50780 18.55020 18.28710 18.22470 18.16560 18.00080 18.09530 18.10160 17.99100 17.99270 18.18380 18.18260 18.37670 18.63220 18.66910 18.80170 19.04080 19.77900 19.91110 19.94740 19.39200 19.11340 19.03060 18.85790 18.78270 18.60430 18.62870 18.63690 18.35900 18.17300 17.88450 17.30040 15.90610 13.42570 11.74750
-9999 -9999 -9999 -9999 -9999 -9999 -9999 -9999 -9999 -9999 -9999 -9999 18.63340 18.21690 18.11160 18.29700 18.59320 18.98890 18.37720 18.37490 18.56470 18.05680 18.34530 18.73460 18.43160 18.91870 19.01490 19.00500 18.89540 18.99700 18.99780 18.88790 18.89070 18.79860 18.49680 18.67940 18.52690 18.07450 18.21670 18.26340 18.40090 18.44530 18.48980 18.37920 18.17460 18.16130 18.15270 18.13680 18.32520 18.11430 18.37180 18.78370 19.01380 19.24670 19.78310 19.91740 19.94940 19.47950 19.30480 19.12290 19.05030 18.97010 18.88570 18.70200 18.72440 18.43690 18.15770 17.67740 16.59200 14.72570 13.73300 13.45720
-9999 -9999 -9999 -9999 -9999 -9999 -9999 -9999 -9999 -9999 -9999 18.65030 18.33570 18.92610 19.11500 18.10030 17.89590 18.19120 17.97730 18.06870 19.16800 18.05940 18.55080 18.44850 18.33960 18.63180 18.63130 18.72320 19.10850 19.20150 19.28630 19.08170 19.15920 19.14390 19.04170 19.52740 19.01460 18.67840 18.35390 17.82990 17.90310 17.77290 17.75330 17.94650 18.13770 18.42190 18.51220 18.70070 18.68420 18.68180 18.91060 18.99020 19.17060 19.56620 20.15750 19.94790 19.75330 19.44960 19.37220 19.28370 19.19650 19.12380 18.94210 18.84480 18.56450 18.39190 17.72950 16.75360 15.30000 13.32020 11.65510 10.79070
-9999 -9999 -9999 -9999 -9999 -9999 -9999 -9999 -9999 -9999 -9999 18.74830 18.94120 18.93120 19.20960 18.40810 18.29440 18.28440 18.46360 18.45670 18.65810 18.54600 18.65500 19.04460 19.14810 19.13770 18.93240 18.83700 19.11270 18.98750 18.86860 18.94750 18.92830 19.00520 18.88030 19.27200 19.48220 18.78880 18.19230 18.28900 18.39740 18.20750 18.00870 17.89670 17.99010 18.28470 18.47160 18.85580 19.24980 19.43660 19.55670 19.78160 19.81880 19.78420 19.64210 19.60440 19.46330 19.41810 19.33840 19.34990 19.16160 19.07850 18.88510 18.89450 18.70770 18.44130 17.39320 16.64160 14.58060 12.63250 12.27660 12.34150
