data/hydroclimate-scenarios/BCSD_hadcm_A1B/monthly_summaries/tavg_monthly_avg_dec.2030-2059.asc
ncols	311
nrows	91
xllcenter	102.75
yllcenter	31.75
cellsize	0.5
NODATA_value	-9999
[rows 0 to 30 of 91, columns 0 to 70 of 311]
-9999 -9999 -9999 -9999 -9999 -9999 -9999 -9999 -9999 -9999 -9999 -9999 -9999 -9999 -9999 -9999 -9999 -9999 -9999 -9999 -9999 -9999 -9999 -9999 -9999 -9999 -9999 -9999 -9999 -9999 -9999 -9999 -9999 -9999 -9999 -9999 -9999 -9999 -9999 -9999 -9999 -9999 -9999 -9999 -9999 -9999 -9999 -9999 -9999 -9999 -9999 -9999 -9999 -9999 -9999 -9999 -9999 -9999 -9999 -9999 -9999 -9999 -9999 -9999 -9999 -9999 -9999 -9999 -9999 -9999 -9999
-9999 -9999 -9999 -9999 -9999 -9999 -9999 -9999 -9999 -9999 -9999 -9999 -9999 -9999 -9999 -9999 -9999 -9999 -9999 -9999 -9999 -9999 -9999 -9999 -9999 -9999 -9999 -9999 -9999 -9999 -9999 -9999 -9999 -9999 -9999 -9999 -9999 -9999 -9999 -9999 -9999 -9999 -9999 -9999 -9999 -9999 -9999 -9999 -9999 -9999 -9999 -9999 -9999 -9999 -9999 -9999 -9999 -9999 -9999 -9999 -9999 -9999 -9999 -9999 -9999 -9999 -9999 -9999 -9999 -9999 -9999
-9999 -9999 -9999 -9999 -9999 -9999 -9999 -9999 -9999 -9999 -9999 -9999 -9999 -9999 -9999 -9999 -9999 -9999 -9999 -9999 -9999 -9999 -9999 -9999 -9999 -9999 -9999 -9999 -9999 -9999 -9999 -9999 -9999 -9999 -9999 -9999 -9999 -9999 -9999 -9999 -9999 -9999 -9999 -9999 -9999 -9999 -9999 -9999 -9999 -9999 -9999 -9999 -9999 -9999 -9999 -9999 -9999 -9999 -9999 -9999 -9999 -9999 -9999 -9999 -9999 -9999 -9999 -9999 -9999 -9999 -9999
-9999 -9999 -9999 -9999 -9999 -9999 -9999 -9999 -9999 -9999 -9999 -9999 -9999 -9999 -9999 -9999 -9999 -9999 -9999 -9999 -9999 -9999 -9999 -9999 -9999 -9999 -9999 -9999 -9999 -9999 -9999 -9999 -9999 -9999 -9999 -9999 -9999 -9999 -9999 -9999 -9999 -9999 -9999 -9999 -9999 -9999 -9999 -9999 -9999 -9999 -9999 -9999 -9999 -9999 -9999 -9999 -9999 -9999 -9999 -9999 -9999 -9999 -9999 -9999 -9999 -9999 -9999 -9999 -9999 -9999 -9999
-9999 -9999 -9999 -9999 -9999 -9999 -9999 -9999 -9999 -9999 -9999 -9999 -9999 -9999 -9999 -9999 -9999 -9999 -9999 -9999 -9999 -9999 -9999 -9999 -9999 -9999 -9999 -9999 -9999 -9999 -9999 -9999 -9999 -9999 -9999 -9999 -9999 -9999 -9999 -9999 -9999 -9999 -9999 -9999 -9999 -9999 -9999 -9999 -9999 -9999 -9999 -9999 -9999 -9999 -9999 -9999 -9999 -9999 -9999 -9999 -9999 -9999 -9999 -9999 -9999 -9999 -9999 -9999 -9999 -9999 -9999
-9999 -9999 -9999 -9999 -9999 -9999 -9999 -9999 -9999 -9999 -9999 -9999 -9999 -9999 -9999 -9999 -9999 -9999 -9999 -9999 -9999 -9999 -9999 -9999 -9999 -9999 -9999 -9999 -9999 -9999 -9999 -9999 -9999 -9999 -9999 -9999 -9999 -9999 -9999 -9999 -9999 -9999 -9999 -9999 -9999 -9999 -9999 -9999 -9999 -9999 -9999 -9999 -9999 -9999 -9999 -9999 -9999 -9999 -9999 -9999 -9999 -9999 -9999 -9999 -9999 -9999 -9999 -9999 -9999 -9999 -9999
-9999 -9999 -9999 -9999 -9999 -9999 -9999 -9999 -9999 -9999 -9999 -9999 -9999 -9999 -9999 -9999 -9999 -9999 -9999 -9999 -9999 -9999 -9999 -9999 -9999 -9999 -9999 -9999 -9999 -9999 -9999 -9999 -9999 -9999 -9999 -9999 -9999 -9999 -9999 -9999 -9999 -9999 -9999 -9999 -9999 -9999 -9999 -9999 -9999 -9999 -9999 -9999 -9999 -9999 -9999 -9999 -9999 -9999 -9999 -9999 -9999 -9999 -9999 -9999 -9999 -9999 -9999 -9999 -9999 -9999 -9999
-9999 -9999 -9999 -9999 -9999 -9999 -9999 -9999 -9999 -9999 -9999 -9999 -9999 -9999 -9999 -9999 -9999 -9999 -9999 -9999 -9999 -9999 -9999 -9999 -9999 -9999 -9999 -9999 -9999 -9999 -9999 -9999 -9999 -9999 -9999 -9999 -9999 -9999 -9999 -9999 -9999 -9999 -34.60710 -35.11070 -35.51570 -35.73750 -36.05150 -36.37080 -36.67930 -36.98880 -37.19620 -37.19150 -9999 -9999 -9999 -9999 -9999 -9999 -9999 -9999 -9999 -9999 -9999 -9999 -9999 -9999 -9999 -9999 -9999 -9999 -9999
-9999 -9999 -9999 -9999 -9999 -9999 -9999 -9999 -9999 -9999 -9999 -9999 -9999 -9999 -9999 -9999 -9999 -9999 -9999 -9999 -9999 -9999 -9999 -9999 -9999 -9999 -9999 -9999 -9999 -9999 -9999 -9999 -9999 -9999 -9999 -9999 -9999 -9999 -33.67510 -34.48670 -34.48140 -34.50330 -34.80800 -35.01450 -35.22330 -35.52590 -35.85480 -36.17560 -36.47960 -36.80480 -37.00800 -37.10390 -37.08650 -30.68020 -9999 -9999 -9999 -9999 -9999 -9999 -9999 -9999 -9999 -9999 -9999 -9999 -9999 -9999 -9999 -9999 -9999
-9999 -9999 -9999 -9999 -9999 -9999 -9999 -9999 -9999 -9999 -9999 -9999 -9999 -9999 -9999 -9999 -9999 -9999 -9999 -9999 -9999 -9999 -9999 -9999 -9999 -9999 -9999 -9999 -9999 -9999 -9999 -9999 -9999 -9999 -9999 -9999 -9999 -9999 -9999 -9999 -34.13190 -34.34490 -34.95350 -35.45130 -35.54220 -36.04570 -36.05000 -36.04890 -36.44470 -36.94300 -37.15410 -36.76060 -36.86180 -30.96290 -9999 -9999 -9999 -9999 -9999 -9999 -9999 -9999 -9999 -9999 -9999 -9999 -9999 -9999 -9999 -9999 -9999
-9999 -9999 -9999 -9999 -9999 -9999 -9999 -9999 -9999 -9999 -9999 -9999 -9999 -9999 -9999 -9999 -9999 -9999 -9999 -9999 -9999 -9999 -9999 -9999 -9999 -9999 -9999 -9999 -9999 -9999 -9999 -9999 -9999 -9999 -9999 -9999 -9999 -9999 -9999 -9999 -9999 -9999 -9999 -9999 -35.29140 -35.76460 -36.63640 -36.81530 -36.78640 -36.77110 -37.06790 -37.69510 -37.01500 -31.43840 -9999 -9999 -9999 -9999 -9999 -9999 -37.55970 -9999 -9999 -9999 -9999 -9999 -9999 -9999 -9999 -9999 -9999
-9999 -9999 -9999 -9999 -9999 -9999 -9999 -9999 -9999 -9999 -9999 -9999 -9999 -9999 -9999 -9999 -9999 -9999 -9999 -9999 -9999 -9999 -9999 -9999 -9999 -9999 -9999 -9999 -9999 -9999 -9999 -9999 -9999 -9999 -9999 -9999 -9999 -9999 -9999 -9999 -9999 -34.83450 -35.05510 -35.49390 -35.74240 -35.48420 -36.12580 -36.76690 -36.61790 -36.66930 -37.27090 -37.61990 -37.07080 -37.01310 -9999 -9999 -9999 -9999 -9999 -37.51020 -37.69240 -37.79620 -37.91190 -38.15230 -38.22750 -38.17100 -37.91120 -37.50250 -37.12800 -36.79320 -36.45460
-9999 -9999 -9999 -9999 -9999 -9999 -9999 -9999 -9999 -9999 -9999 -9999 -9999 -9999 -9999 -9999 -9999 -9999 -9999 -9999 -9999 -9999 -9999 -9999 -9999 -9999 -9999 -9999 -9999 -9999 -9999 -9999 -9999 -9999 -9999 -9999 -9999 -9999 -9999 -9999 -9999 -34.52800 -34.85930 -34.96680 -34.77510 -35.00200 -35.31290 -35.74430 -36.06100 -36.28000 -36.78420 -37.95270 -38.23890 -37.91610 -37.70210 -38.08460 -37.47250 -9999 -37.34500 -37.63220 -37.81640 -38.11730 -38.32580 -38.65930 -38.88730 -38.59250 -38.38240 -37.98130 -37.69050 -37.50220 -37.12960
-9999 -9999 -9999 -9999 -9999 -9999 -9999 -9999 -9999 -9999 -9999 -9999 -9999 -9999 -9999 -9999 -9999 -9999 -9999 -9999 -9999 -9999 -9999 -9999 -9999 -9999 -9999 -9999 -9999 -9999 -9999 -9999 -9999 -9999 -9999 -32.25190 -32.48110 -33.10630 -33.34710 -33.35890 -33.49460 -33.62230 -34.05780 -34.23490 -34.31960 -34.61360 -34.79540 -35.20480 -35.68940 -36.39810 -37.29080 -38.19090 -39.30350 -38.91470 -39.12920 -39.43510 -38.54410 -37.94900 -37.64680 -37.73490 -37.92370 -38.32640 -38.51910 -40.02390 -39.81650 -38.86540 -38.95680 -38.65290 -38.23980 -38.13650 -38.03060
-9999 -9999 -9999 -9999 -9999 -9999 -9999 -9999 -9999 -9999 -9999 -9999 -9999 -9999 -9999 -9999 -9999 -9999 -9999 -9999 -9999 -9999 -9999 -9999 -9999 -9999 -9999 -9999 -9999 -9999 -9999 -9999 -9999 -9999 -31.73330 -32.43580 -32.56510 -32.88920 -33.01900 -32.83540 -33.06780 -33.19510 -33.43220 -33.60150 -33.87890 -34.16260 -34.44710 -35.23310 -36.11380 -37.42000 -38.42850 -38.86110 -40.08540 -40.71340 -40.52760 -39.75600 -38.88400 -38.51230 -37.69600 -37.89970 -38.47720 -39.36750 -39.75270 -40.43310 -39.30030 -39.04940 -39.27340 -39.39820 -40.32300 -39.84330 -40.26430
-9999 -9999 -9999 -9999 -9999 -9999 -9999 -9999 -9999 -9999 -9999 -9999 -9999 -9999 -9999 -9999 -9999 -9999 -9999 -9999 -9999 -9999 -9999 -9999 -9999 -9999 -9999 -9999 -9999 -9999 -9999 -9999 -9999 -31.52310 -31.72180 -32.11880 -32.25190 -32.57650 -32.59140 -32.41610 -32.63840 -32.95870 -33.09440 -33.36940 -33.65320 -34.14930 -34.74270 -35.45180 -37.25110 -38.46570 -39.68550 -40.71470 -42.45260 -41.38470 -40.51170 -39.94790 -39.97950 -38.62020 -38.20150 -38.77420 -39.45030 -39.22430 -39.09780 -38.86270 -39.11970 -39.44690 -39.96180 -40.06390 -40.17100 -39.97190 -40.15700
-9999 -9999 -9999 -9999 -9999 -9999 -9999 -9999 -9999 -9999 -9999 -9999 -9999 -9999 -9999 -9999 -9999 -9999 -9999 -9999 -9999 -9999 -9999 -9999 -9999 -9999 -9999 -9999 -9999 -9999 -9999 -30.43180 -30.75390 -31.18320 -31.40820 -31.81960 -31.84530 -31.85060 -32.07820 -31.89440 -32.31140 -32.43380 -32.65110 -32.93890 -33.53470 -34.14190 -34.66300 -35.08200 -36.58270 -38.00550 -39.42830 -40.68090 -43.02270 -41.95760 -41.20250 -40.34100 -39.28820 -39.12630 -40.18510 -39.86440 -39.32470 -39.28480 -39.44060 -38.88900 -39.23890 -39.84710 -39.83500 -39.51370 -39.40280 -40.57950 -41.26160
-9999 -9999 -9999 -9999 -9999 -9999 -9999 -9999 -9999 -9999 -9999 -9999 -9999 -9999 -9999 -9999 -9999 -9999 -9999 -9999 -9999 -9999 -9999 -9999 -9999 -9999 -9999 -9999 -9999 -29.61940 -29.88750 -30.44980 -30.79900 -31.05180 -31.18560 -31.50710 -31.62260 -31.63570 -31.75670 -31.66720 -31.68730 -32.09730 -32.31720 -32.61840 -33.33570 -34.35990 -34.87710 -35.70660 -37.92470 -39.05150 -40.18730 -42.03990 -43.28660 -41.94000 -42.09140 -41.24220 -39.78610 -40.03020 -39.68530 -39.04110 -39.39460 -39.74710 -39.89650 -39.91050 -39.54710 -39.74630 -40.61070 -41.06490 -41.02650 -40.79300 -40.25440
-9999 -9999 -9999 -9999 -9999 -9999 -9999 -9999 -9999 -9999 -9999 -9999 -9999 -9999 -9999 -9999 -9999 -9999 -9999 -9999 -9999 -9999 -9999 -9999 -28.65280 -29.01990 -28.89770 -28.77730 -29.16120 -29.64350 -30.10930 -30.27530 -30.53410 -30.80520 -31.27290 -31.09800 -31.51250 -31.72460 -31.73850 -31.65370 -31.47160 -31.70290 -32.03880 -32.32340 -33.05120 -33.98520 -34.50750 -36.24370 -38.06640 -39.10350 -39.63980 -42.00500 -42.36880 -41.32240 -40.67900 -40.33290 -39.68830 -39.64940 -40.09190 -39.72150 -39.36070 -39.49220 -39.31700 -39.33430 -39.35010 -39.92340 -39.47930 -39.11750 -39.46790 -40.20870 -42.26550
-9999 -9999 -9999 -9999 -9999 -9999 -26.68880 -26.40970 -26.21840 -26.14230 -26.15880 -9999 -9999 -9999 -9999 -9999 -9999 -9999 -9999 -9999 -9999 -27.81660 -28.59800 -28.77750 -28.94280 -29.11250 -29.18110 -29.35030 -29.50630 -29.57510 -29.64600 -29.91580 -30.36720 -30.64240 -31.10630 -31.24150 -31.49380 -31.43630 -31.38520 -31.32350 -31.25790 -31.41640 -31.73730 -32.33200 -33.04070 -33.98410 -34.42910 -35.86940 -37.91830 -38.97560 -40.32070 -41.39010 -42.45210 -41.61770 -40.08220 -39.83350 -39.99280 -39.95530 -39.47790 -39.20180 -39.52660 -39.65160 -40.26330 -40.44680 -40.65050 -39.20870 -38.75810 -39.39820 -39.43710 -39.18420 -39.73930
-9999 -9999 -9999 -9999 -9999 -26.66270 -26.88810 -27.21150 -26.82980 -26.86710 -26.68180 -27.42930 -27.25380 -27.63940 -9999 -9999 -9999 -27.52410 -27.86480 -27.81690 -28.03690 -28.26450 -28.61120 -28.57020 -29.03020 -28.89030 -29.04910 -28.82310 -29.06400 -29.30440 -29.25380 -29.41840 -29.69330 -29.86390 -30.22390 -30.68360 -30.84430 -31.00660 -30.97890 -30.74620 -30.90720 -30.97000 -31.39220 -31.89060 -32.71160 -33.54310 -35.00630 -36.86410 -38.13570 -39.09710 -40.16390 -40.93490 -41.10010 -40.35530 -40.01100 -40.17670 -40.34070 -39.90670 -39.02130 -39.44870 -39.54800 -39.96320 -40.34050 -39.91920 -40.91130 -41.87210 -41.22550 -40.98450 -40.24270 -40.29610 -40.26070
-9999 -26.92230 -26.80920 -26.69650 -26.98120 -26.93780 -27.16660 -27.18510 -27.32010 -27.04380 -27.16720 -27.40480 -27.61880 -27.48310 -27.35240 -27.02590 -26.58900 -27.54910 -27.81740 -27.46510 -27.54320 -27.67130 -27.98990 -27.82380 -27.86670 -28.49620 -28.67870 -28.65160 -28.91320 -28.87410 -28.81410 -28.87510 -29.22010 -29.36370 -29.82230 -30.17490 -30.45600 -30.73850 -30.71520 -30.58950 -30.76520 -30.82520 -31.14900 -31.58320 -32.31860 -33.15390 -34.62520 -36.00080 -37.28940 -38.47820 -39.65550 -41.01750 -41.18030 -41.93910 -41.60860 -41.36140 -40.71830 -39.37680 -39.88810 -39.98100 -39.57880 -40.37230 -41.24760 -40.90960 -41.78550 -41.64640 -40.82400 -41.49800 -40.46930 -41.34000 -42.50980
-9999 -27.59240 -27.08560 -27.06440 -26.90010 -26.68570 -26.62170 -26.66040 -26.68640 -26.80830 -26.85060 -27.16920 -27.60750 -27.36450 -27.32430 -27.37050 -27.43310 -27.67540 -27.41590 -27.36310 -27.63970 -27.85890 -28.00410 -27.54640 -27.78390 -27.73890 -27.99580 -28.35630 -28.48920 -28.42940 -28.65150 -28.49170 -28.81960 -28.94610 -29.28790 -29.63880 -29.92550 -30.23000 -30.21600 -30.61730 -30.69620 -30.76740 -31.02380 -31.48790 -31.94910 -32.69920 -33.56250 -35.13900 -36.55270 -37.85500 -38.63750 -40.41230 -40.97670 -42.72660 -42.99260 -41.64530 -41.00080 -40.76300 -40.44130 -40.94280 -40.53160 -41.10930 -41.46060 -41.11140 -41.57190 -41.74120 -42.03400 -41.41600 -41.20120 -41.19020 -41.37960
-9999 -9999 -9999 -27.53010 -27.51410 -26.86150 -26.78960 -26.61410 -26.74530 -26.37960 -26.71580 -26.44610 -26.47960 -26.52400 -26.97120 -26.92110 -27.06300 -26.64720 -26.93340 -27.16410 -27.33250 -27.55640 -27.70040 -27.57860 -27.52950 -27.54970 -27.58250 -27.73630 -27.62960 -27.84170 -27.95220 -28.17430 -28.37750 -28.48970 -28.79740 -29.15420 -29.57270 -29.97980 -30.17760 -30.28010 -30.56860 -30.64700 -30.95910 -31.28160 -31.76300 -32.23360 -33.30430 -34.58330 -35.61190 -36.73660 -38.43490 -39.78780 -41.04510 -42.30180 -42.05370 -42.32290 -41.27260 -41.23530 -41.61080 -41.58360 -40.86440 -41.92130 -42.07390 -42.12330 -41.66350 -41.42070 -40.82730 -41.43240 -41.83580 -42.13740 -42.13360
-9999 -9999 -9999 -9999 -9999 -9999 -26.76790 -26.42250 -26.66860 -26.42270 -26.37220 -26.52130 -26.48080 -26.22090 -26.26350 -26.30760 -26.54310 -26.56970 -26.30980 -26.51810 -26.50840 -27.04390 -26.99400 -27.16210 -27.12830 -27.55130 -27.46820 -27.17260 -27.24650 -27.53640 -27.73590 -27.93810 -28.13880 -28.24810 -28.35800 -28.70770 -29.30930 -29.59570 -29.89160 -30.18080 -30.34830 -30.52750 -30.70800 -30.95940 -31.40140 -31.89180 -32.47900 -34.45460 -35.04340 -36.67810 -38.57260 -40.33280 -41.18640 -40.24850 -41.50380 -42.06550 -41.72940 -42.68320 -43.35670 -42.63320 -43.21630 -43.19740 -43.34850 -43.30250 -42.55440 -42.52560 -41.12200 -41.42130 -41.92490 -41.82750 -42.12430
-9999 -9999 -9999 -9999 -9999 -9999 -26.40560 -26.58190 -26.15950 -26.55660 -26.34040 -26.42470 -26.31300 -25.96120 -26.09710 -26.33500 -26.26860 -26.39940 -26.53160 -26.59040 -26.68190 -26.89820 -27.04490 -27.09790 -27.24680 -26.99380 -26.79430 -26.79660 -26.87810 -27.15980 -27.44910 -27.62620 -27.81590 -27.92610 -28.33300 -28.56480 -28.83700 -29.20530 -29.47290 -29.91310 -30.14440 -30.18550 -30.44210 -30.68270 -31.00820 -31.43680 -31.95380 -32.51690 -33.59990 -34.58730 -36.17030 -37.55340 -38.50940 -39.46450 -40.02110 -39.27960 -40.14020 -41.50240 -41.30680 -42.00620 -43.70890 -43.52010 -43.50170 -42.88340 -42.84870 -41.52380 -41.10750 -40.69240 -40.67620 -40.77180 -41.66160
-9999 -9999 -9999 -9999 -9999 -9999 -9999 -9999 -9999 -9999 -25.63750 -26.33700 -26.24430 -25.48800 -25.73930 -26.07670 -26.10800 -26.33710 -26.10890 -26.17860 -26.35440 -26.56400 -26.60100 -26.74300 -26.78270 -27.12600 -27.04620 -26.61230 -26.80590 -26.97880 -27.15790 -27.35760 -27.63000 -27.70200 -27.80570 -27.88770 -28.36130 -28.80530 -29.02750 -29.23860 -29.44000 -29.64830 -29.85480 -30.27660 -30.70210 -31.02810 -31.54920 -31.96620 -32.45370 -33.02880 -33.58880 -34.14850 -35.10400 -35.48090 -35.94030 -36.30430 -36.86020 -37.61490 -38.24900 -38.77360 -38.89200 -39.72690 -39.84250 -40.65190 -40.74450 -39.74460 -39.50490 -39.37460 -39.65090 -39.22390 -40.09760
-9999 -9999 -9999 -9999 -9999 -9999 -9999 -9999 -9999 -9999 -24.95750 -25.28220 -25.87950 -25.24700 -25.37280 -25.90080 -25.95130 -26.02270 -26.09120 -26.16530 -26.24610 -26.44050 -26.56230 -26.68680 -26.81360 -26.44130 -26.26310 -26.24490 -26.43730 -26.62120 -26.99990 -26.97220 -27.16620 -27.24590 -27.62870 -27.71130 -28.00910 -28.40370 -28.78260 -28.95470 -29.12980 -29.41300 -29.58740 -29.99310 -30.50020 -30.92200 -31.34800 -31.73510 -32.08800 -32.67870 -33.01780 -33.76030 -34.02960 -34.68740 -34.95410 -35.42600 -35.98320 -36.34160 -36.49350 -37.14760 -37.29590 -37.34520 -37.49070 -37.51440 -37.34610 -37.13780 -37.09830 -36.85410 -36.82010 -38.37240 -38.73170
-9999 -9999 -9999 -9999 -9999 -9999 -9999 -9999 -9999 -9999 -9999 -9999 -25.22170 -25.87030 -25.81020 -25.65790 -25.23340 -24.90820 -25.38030 -25.45130 -25.51830 -25.80700 -25.81380 -25.92840 -25.83900 -25.64440 -25.95700 -26.15350 -26.25830 -26.24770 -26.32530 -26.71560 -26.89270 -27.18390 -27.37490 -27.52140 -27.66940 -28.19480 -28.33790 -28.67200 -28.81760 -28.96270 -29.20930 -29.49830 -29.91000 -30.42160 -30.83500 -31.34050 -31.85360 -32.26930 -32.77100 -33.38850 -34.03700 -34.60700 -34.57150 -34.93430 -35.39730 -36.26050 -36.63490 -36.91740 -37.08570 -37.16420 -37.33650 -37.19390 -36.94250 -36.64480 -36.18370 -35.72980 -35.77260 -36.22780 -37.87110
-9999 -9999 -9999 -9999 -9999 -9999 -9999 -9999 -9999 -9999 -9999 -9999 -24.88580 -25.32060 -25.47730 -25.35720 -25.14340 -25.02420 -25.59370 -25.57870 -25.54270 -26.13210 -25.94200 -25.64390 -26.15210 -25.84460 -25.85270 -25.84840 -26.26780 -26.15640 -26.12840 -26.49300 -26.54350 -26.90860 -27.27110 -27.32430 -27.55450 -28.16890 -28.18730 -28.21530 -28.25460 -28.28350 -28.31720 -28.76710 -29.35470 -29.84430 -30.34450 -30.74050 -31.22430 -31.90860 -32.49640 -32.85850 -33.41670 -34.07730 -34.44980 -34.80790 -35.17250 -35.83250 -36.10660 -36.37270 -36.74520 -36.81860 -36.88470 -36.73450 -36.48630 -36.08230 -35.62400 -35.17240 -35.42090 -36.36360 -36.50530
-9999 -9999 -9999 -9999 -9999 -9999 -9999 -9999 -9999 -9999 -9999 -25.06120 -25.35170 -24.82750 -24.81690 -25.70050 -25.88910 -25.77890 -25.96510 -26.04360 -25.30970 -26.21850 -26.02980 -26.22660 -26.43740 -26.43390 -26.54410 -26.45210 -26.22630 -26.10230 -26.15060 -26.28120 -26.31260 -26.44890 -26.58500 -26.32480 -26.76950 -27.19260 -27.71740 -28.25490 -28.19530 -28.44700 -28.69330 -28.92050 -29.25880 -29.42060 -29.68320 -29.93910 -30.50370 -31.05640 -31.61960 -32.38420 -32.86760 -33.41270 -33.58040 -34.33330 -34.79390 -35.36330 -35.60160 -35.83630 -36.16730 -36.30120 -36.23770 -36.14760 -35.86850 -35.35140 -35.01470 -35.07720 -35.43140 -36.28620 -37.14550
