data/hydroclimate-scenarios/BCSD_hadcm_A1B/monthly_summaries/tavg_monthly_avg_aug.2030-2059.asc
ncols	311
nrows	91
xllcenter	102.75
yllcenter	31.75
cellsize	0.5
NODATA_value	-9999
[rows 32 to 63 of 91, columns 0 to 70 of 311]
-9999 -9999 -9999 -9999 -9999 -9999 -9999 -9999 -9999 -9999 -9999 16.93380 16.71790 16.83180 16.83060 16.44010 16.44020 16.45370 16.54820 16.76260 16.75970 17.02550 17.68870 17.66730 17.73790 17.81110 17.48930 17.76290 17.61090 17.94820 17.47190 17.39000 17.50890 17.44340 16.96630 17.73790 17.76670 17.89410 17.62990 17.25830 17.18200 17.22280 17.45310 17.12670 16.99910 16.94170 16.89490 16.34740 16.16980 16.58250 16.59500 16.55960 16.51540 16.36960 16.61860 16.86600 16.71210 16.76180 16.87070 16.67900 16.59570 16.49900 16.71480 16.72610 16.93320 16.95950 16.10840 14.95580 13.48740 12.14760 12.68020
-9999 -9999 -9999 -9999 -9999 -9999 -9999 -9999 -9999 -9999 -9999 16.93620 16.62030 16.82060 16.62040 16.62600 16.73500 16.93200 17.25300 17.35110 17.35840 17.64310 18.01300 17.89750 17.38510 16.97340 16.76640 17.13790 17.67230 18.40820 17.71960 17.52450 17.43820 17.65170 17.66670 18.06010 18.11150 17.87770 17.73770 16.79320 17.45590 16.81150 17.37840 17.35710 17.03790 16.69770 16.41750 16.33570 16.35130 16.45770 16.50480 16.82180 16.74560 16.93830 17.14850 17.14700 16.96840 16.67470 16.77950 16.78030 16.69300 16.59680 17.10590 17.22250 16.93560 16.36860 15.94380 15.00900 14.18360 12.95240 13.42570
-9999 -9999 -9999 -9999 -9999 -9999 -9999 -9999 -9999 -9999 -9999 -9999 17.13490 17.11860 17.22520 17.22940 17.42190 17.74060 18.03750 18.25840 18.26350 17.94770 17.44450 16.94650 16.53440 15.23120 15.62450 15.41610 16.74400 17.25850 17.50430 18.21870 18.03070 17.93800 17.75480 17.74570 17.78630 17.95540 17.73170 17.09330 17.07150 17.13070 17.09680 17.79950 17.48590 17.13880 17.25730 17.37100 17.29610 17.36030 17.48970 17.29920 17.11040 17.40040 16.99150 16.99780 16.99170 17.18880 16.99460 17.18250 17.28310 17.17430 16.76980 16.47580 16.47140 16.20800 16.08410 14.96240 12.83050 12.11080 13.88050
-9999 -9999 -9999 -9999 -9999 -9999 -9999 -9999 -9999 -9999 -9999 -9999 17.36080 17.45460 17.44900 17.65090 18.14060 18.25180 18.34890 18.25860 18.27240 16.48100 15.98020 15.49410 14.59540 15.39210 15.99470 14.88980 16.03230 16.18670 16.32320 16.64620 17.97250 18.29270 18.22390 18.21520 17.94170 18.17570 18.30990 17.66340 17.52200 17.08800 17.34720 17.65630 18.04840 18.01100 18.23040 17.85780 17.82780 17.11480 17.06120 17.38970 17.31990 17.54460 17.84750 17.67630 17.69320 17.80850 17.78360 17.65760 17.45460 16.33370 16.01430 15.60530 15.98440 16.50580 15.65440 15.20600 14.06340 13.71060 13.05860
-9999 -9999 -9999 -9999 -9999 -9999 -9999 -9999 -9999 -9999 -9999 -9999 17.58510 18.07800 18.07770 18.18060 18.17270 18.16610 17.86890 17.38310 17.19650 16.20800 16.01710 15.34600 15.35540 14.96080 15.66380 16.66720 16.12100 16.99070 17.43980 18.37660 17.91000 17.65800 18.49480 18.78830 18.70770 18.42500 18.45160 18.27310 17.09470 16.33270 17.17730 17.69520 17.90540 17.66300 17.50680 16.79360 16.97550 17.76410 17.73300 17.77500 18.11780 17.96010 18.20490 18.14380 18.18960 17.92390 17.59200 17.15270 17.01880 15.98790 16.15640 16.60930 16.08780 15.68790 15.31980 15.15240 13.79060 14.11350 14.04150
-9999 -9999 -9999 17.04820 17.04220 16.94030 17.24210 17.44460 17.34060 -9999 17.63380 17.71630 18.21170 18.40540 18.49590 18.30740 18.09310 18.10280 17.20690 16.80300 17.02230 16.74290 16.36400 16.18040 16.00250 16.11690 16.72580 15.75390 15.92280 14.68880 16.44340 17.79980 17.15230 15.61510 17.17890 17.76040 17.37730 17.28150 17.59100 18.09920 17.90760 17.03320 17.44730 17.84370 17.35860 16.63840 15.63490 16.92800 17.01870 17.01620 16.70300 16.76890 16.33040 15.29550 16.05710 14.82940 14.28180 17.14000 15.89150 16.93080 17.28330 16.43250 16.18230 15.93220 16.19000 15.98090 15.19490 14.70040 14.71860 14.22540 13.73400
-9999 -9999 -9999 17.63470 17.62270 17.62150 17.23960 17.45060 17.65190 17.75480 18.25140 18.63900 18.14380 18.03510 17.42350 16.93480 16.54940 16.64930 16.44520 16.64910 16.95230 16.25430 17.10100 17.62840 16.65750 16.97480 16.50170 16.11390 15.40490 14.19700 15.76860 15.73190 15.88700 15.27940 15.85540 16.04290 16.14620 15.13810 17.13380 15.82140 15.83230 16.93500 17.64170 16.85680 16.25200 15.26360 15.26890 17.25840 16.07340 15.66300 15.37180 15.45880 14.94090 14.91870 16.31130 15.39780 16.36300 16.35170 15.29240 15.71110 16.05650 15.79760 15.52580 15.76110 15.49940 16.35330 15.95080 16.24800 15.43300 14.72380 13.71890
-9999 -9999 -9999 17.98630 17.88160 17.48130 17.29450 17.71340 18.22500 18.55360 18.45060 18.35420 17.55880 16.65500 15.46780 16.27270 15.77360 15.87090 16.57500 16.75890 16.47200 15.69090 16.39310 15.93600 14.96760 15.98500 16.01260 15.73430 16.02830 13.91090 12.20960 13.47540 15.15450 15.33920 14.82560 15.31750 15.91680 16.10660 16.39840 15.87700 15.67100 16.37180 17.06960 17.18790 17.78930 16.69520 16.50500 16.21150 16.10660 15.02730 14.42830 16.12570 15.62870 15.72270 16.31330 16.10930 16.60780 16.99450 15.83450 15.76230 16.49750 16.52430 16.86030 15.77610 16.10610 16.04820 15.79770 15.15000 13.40400 13.04740 12.28560
-9999 -9999 -9999 17.91870 18.71520 17.72600 18.35000 17.88010 17.89560 17.72310 18.23560 18.56380 16.69730 15.99710 15.50660 15.69960 14.99680 14.70200 15.09940 15.89080 14.79160 13.70360 12.71530 13.92540 14.53250 15.35190 16.06940 15.78640 13.68030 12.17240 13.06780 16.05130 14.64070 12.82570 12.81530 13.81240 15.69800 16.88380 16.27120 16.56460 16.24970 15.03950 14.53440 15.75150 17.95240 16.45700 15.55370 16.76260 15.17190 15.77800 14.48610 15.48770 15.38850 14.48790 15.48790 15.79260 16.18420 15.58110 15.12000 15.16520 14.10930 15.74570 16.09010 16.11630 15.74810 16.06240 15.44500 14.51670 12.59790 12.07990 14.05050
-9999 -9999 -9999 18.16810 18.96310 17.47350 17.71430 17.75210 17.27810 17.80610 18.75400 17.68760 16.12420 15.12590 13.92890 14.43360 13.92440 14.62710 16.01180 16.90850 15.42330 14.33290 13.45500 15.53680 15.93020 16.53320 17.44220 16.44170 14.53700 13.02900 12.83480 13.63700 13.12220 13.72260 14.31360 14.69020 14.87520 16.06720 16.56870 16.53870 15.62990 15.01200 14.70280 14.91320 16.21950 16.31530 16.32210 16.22340 15.82330 15.53680 15.24140 16.54360 15.65430 14.15840 15.95250 14.55750 16.16840 16.25820 15.61900 14.06650 14.51760 15.16760 15.51340 14.44860 14.28860 15.77180 15.08150 13.38910 12.50130 14.00600 15.90570
-9999 -9999 -9999 -9999 17.41460 17.03010 17.47330 16.72090 16.56380 17.30590 18.64550 17.79780 14.24380 16.25210 -9999 -9999 -9999 -9999 -9999 13.15670 12.96320 13.87710 13.06890 12.15610 13.34670 14.52140 16.91930 16.01820 15.10850 15.41290 14.60380 14.21220 13.92390 15.11860 16.51010 16.90910 16.19260 17.08200 16.76370 16.75670 17.04880 16.72790 15.91300 15.29550 15.88040 16.37700 16.18380 15.09090 15.89250 16.78830 15.99590 15.70160 16.41080 14.81620 14.52350 13.83130 13.53940 13.85170 14.10280 14.77470 14.23920 13.78790 14.23850 14.78760 14.93690 14.38240 14.81530 15.85930 16.28880 -9999 -9999
-9999 -9999 17.86890 17.46450 17.26330 17.58130 17.43740 16.18100 17.23550 17.59600 18.55730 17.41140 14.47450 -9999 -9999 -9999 -9999 -9999 11.20760 13.01160 13.10330 14.80630 14.79530 13.58090 13.95210 14.63290 17.10070 17.09640 16.78540 16.77870 16.06950 15.66510 15.68320 15.70230 16.33050 17.53260 16.83550 17.11590 16.81080 16.98870 16.37850 16.56420 16.04270 16.41420 16.97950 17.05890 16.84590 17.03710 17.84620 18.75390 18.45000 18.07200 17.47490 17.88420 16.49010 17.30470 16.02080 14.62890 14.60400 16.47780 16.23760 16.10090 16.16350 15.82670 16.37790 16.68920 17.06260 -9999 -9999 -9999 -9999
-9999 -9999 17.75800 17.56010 17.95900 17.88130 18.12310 16.68010 17.23370 18.08760 17.55240 17.09720 17.25070 -9999 -9999 -9999 -9999 15.31930 12.51650 14.53520 14.32240 14.73220 14.80630 15.48270 16.74640 17.82780 17.39880 17.16300 17.35870 17.64970 16.85140 15.64060 16.54360 17.04930 16.75910 17.00220 17.41450 17.63970 16.42860 15.71540 16.39770 15.50010 15.45110 16.12850 16.00710 16.69600 17.74760 17.32570 19.40520 19.01000 19.32310 19.42580 19.34340 19.15620 18.85700 20.27250 19.38470 16.59860 15.98560 17.17230 17.64510 16.11580 17.19100 18.55480 19.33260 -9999 -9999 -9999 -9999 -9999 17.15540
-9999 -9999 18.28120 17.29260 17.60110 17.41880 17.75210 17.49450 17.43510 17.58080 16.71690 16.65140 19.68500 -9999 -9999 -9999 -9999 13.38960 13.80390 14.54030 14.44380 15.52600 16.60710 17.28050 17.15030 17.61740 16.86970 17.54010 17.23220 17.42840 16.72230 16.60480 16.41220 16.40930 17.21330 16.71310 16.64110 16.76170 16.10760 16.85510 16.83690 17.11930 16.80480 16.05850 16.74520 16.22370 16.68590 16.87050 18.23040 18.59750 20.08780 19.50790 19.41260 19.12210 18.92610 20.93700 20.84850 18.66460 18.76070 18.96480 20.33910 20.32870 20.31280 19.19690 17.78150 17.13200 18.96690 17.38930 18.31460 -9999 -9999
-9999 -9999 -9999 17.82180 17.42660 17.44690 18.07580 18.50670 17.94410 17.35430 18.37690 19.00100 -9999 -9999 -9999 -9999 14.80470 14.13080 15.16810 15.57890 15.99030 17.00220 16.87620 17.15270 17.01260 17.08900 16.96340 16.92830 17.21810 15.51650 15.69000 16.68540 17.36300 17.36770 17.36770 17.86580 18.27970 18.48700 18.42910 18.57380 18.09640 18.01200 17.37810 17.45990 18.63400 18.21670 18.88950 19.65870 19.34530 19.70050 18.88470 19.28400 19.78240 18.99080 18.19900 18.60200 18.81450 17.62770 18.03920 19.44170 19.54430 19.54210 17.63300 14.24350 12.24290 16.63620 18.50810 18.31410 18.90130 18.28230 -9999
-9999 -9999 -9999 -9999 18.15210 17.96700 18.18950 17.80050 17.40700 19.13070 20.14060 -9999 -9999 -9999 -9999 15.91590 14.93700 15.75460 16.57620 16.39710 17.09560 17.59650 17.39920 16.50680 16.49560 17.66650 17.84130 17.91760 17.29000 17.08590 16.46600 18.15230 18.53700 18.33330 17.42680 18.02940 18.33530 18.74120 18.55330 18.59660 17.93420 17.76340 17.85310 18.41240 19.10200 19.09730 19.25880 19.84410 20.12450 20.28690 20.56710 20.45880 20.05680 19.86420 20.16530 20.68130 20.98140 18.70320 18.60560 19.73060 18.33870 17.05290 16.67750 16.78380 15.39930 16.83300 19.07220 19.63410 18.58880 18.83470 18.67430
-9999 -9999 -9999 -9999 -9999 -9999 18.28500 18.68920 19.88160 20.08550 19.67810 -9999 -9999 -9999 -9999 -9999 16.63970 16.94900 17.18290 16.79980 16.81860 19.71080 17.20650 16.71860 17.02260 18.33010 18.81920 18.39680 18.66660 18.35010 17.84690 18.52120 19.10030 17.77750 18.08450 18.97940 18.38770 17.69110 18.59710 17.82070 17.47330 16.59710 16.71650 17.79310 18.17190 19.25720 19.84550 20.12980 20.20410 20.46940 20.84810 20.64790 20.84100 20.84250 20.64210 20.85100 20.65490 19.86160 19.38440 18.91030 17.74250 16.77990 16.30170 15.43170 14.25610 16.02770 18.73420 20.64990 20.06340 19.18260 18.58570
-9999 -9999 -9999 -9999 -9999 -9999 -9999 -9999 -9999 -9999 -9999 -9999 -9999 -9999 -9999 -9999 -9999 -9999 -9999 17.08900 17.30100 18.99570 18.10950 17.91780 18.02770 18.43650 18.45400 19.76510 19.73940 18.62350 18.39650 19.16140 18.23210 18.22130 18.20760 18.51600 18.82810 18.13040 18.04500 17.07200 16.59190 16.74940 17.37600 17.96130 18.25300 19.24100 20.20680 20.49790 20.66530 20.74580 20.93080 21.22680 21.11570 21.70980 21.52460 21.21540 20.91130 20.61980 19.64670 18.98900 16.92620 17.16060 16.49990 15.12950 14.56490 18.05910 20.10800 21.35690 20.90410 18.84210 18.28080
-9999 -9999 -9999 -9999 -9999 -9999 -9999 -9999 -9999 -9999 -9999 -9999 -9999 -9999 -9999 -9999 -9999 -9999 17.48370 17.28880 17.99370 18.79750 18.91650 19.02570 19.23810 19.15020 19.66860 19.58590 19.27220 18.74860 18.72670 18.30020 17.95630 18.14930 18.24130 18.75360 18.45750 18.67730 17.59620 16.94140 16.43650 17.16040 17.21410 17.41670 17.90540 18.39640 19.57950 20.66250 21.34390 21.20210 21.49490 21.48980 21.79780 21.58450 21.27860 21.78230 21.48080 19.38650 18.11940 18.95140 19.08080 19.12570 17.96100 16.99660 16.23490 18.92340 20.29240 21.22280 21.07330 20.50630 19.56840
-9999 -9999 -9999 -9999 -9999 -9999 -9999 -9999 -9999 -9999 -9999 -9999 -9999 -9999 -9999 -9999 -9999 17.69210 17.59950 18.40720 18.51640 18.62030 18.84010 19.35680 19.77400 19.68400 20.00090 19.52360 18.41600 18.18890 18.23980 18.52120 18.19620 19.07580 19.18560 18.27200 17.39600 17.61080 17.84470 17.08420 16.99380 17.60200 17.53980 18.06240 18.55770 19.16410 19.95420 20.32260 21.45590 21.47880 22.06360 22.26470 21.94840 21.44160 21.54980 21.64340 21.04990 19.34560 18.66830 19.41330 20.95210 19.59000 16.42510 15.85910 18.80100 19.70460 19.87150 21.08220 21.03510 20.69100 18.93410
-9999 -9999 -9999 -9999 -9999 -9999 -9999 -9999 -9999 -9999 -9999 -9999 -9999 -9999 -9999 -9999 -9999 17.51270 17.81990 17.02320 17.83750 18.34670 18.97410 19.68420 21.19410 20.32100 20.34220 20.06030 19.74210 18.90660 18.88160 19.15440 19.41700 20.01410 19.11630 18.31340 17.72900 17.74610 16.69880 16.93730 17.25240 18.06510 18.37100 19.09390 19.29550 21.09760 21.50470 20.09160 20.76930 21.94560 22.24180 22.32890 22.00850 21.89200 21.90250 21.50600 19.91010 19.70970 20.34360 20.57610 19.91240 18.55060 18.28720 17.83660 16.27630 17.58680 19.83590 18.96220 20.69720 21.05680 20.61070
-9999 -9999 -9999 -9999 -9999 -9999 -9999 -9999 -9999 -9999 -9999 -9999 -9999 -9999 -9999 -9999 16.23350 16.22420 16.22740 16.63510 18.25520 19.47420 19.29240 20.62030 22.33670 20.75930 21.08350 21.79810 21.06980 19.64070 19.51200 19.97370 19.95060 20.64540 20.05350 19.25260 18.36760 17.60120 16.95160 17.78360 18.31360 18.61790 18.82680 19.81810 20.43150 21.54080 21.93150 20.04740 20.73740 22.01520 22.39970 22.38610 22.06850 22.15810 22.06570 21.76830 21.37560 20.77400 20.80850 20.03650 20.37940 19.72100 18.56860 16.41500 17.86140 18.76670 19.51880 20.33290 21.55530 21.31790 20.39290
-9999 -9999 -9999 -9999 -9999 -9999 -9999 -9999 -9999 -9999 -9999 -9999 -9999 16.98230 16.07580 16.08410 15.68570 14.67430 15.77680 17.89400 18.59880 18.23500 19.44600 19.87800 19.90690 21.71950 21.74730 21.75610 21.50650 21.38100 21.14170 20.91850 20.67860 20.66900 20.17680 19.29790 18.93940 18.77690 18.21950 18.26610 18.80880 19.73300 20.33870 21.51340 21.52440 21.71440 21.70320 21.80230 21.69880 21.68150 21.65700 21.74740 21.72930 22.61380 22.62560 22.12740 21.93800 21.93690 21.77310 21.51040 21.14720 21.09640 20.73840 20.69230 21.52870 22.65310 22.68680 22.31110 21.83240 21.28580 19.95540
-9999 -9999 -9999 -9999 -9999 -9999 -9999 -9999 -9999 -9999 -9999 -9999 17.47600 16.76390 16.16550 16.16880 16.26210 16.25040 16.25850 19.25790 18.57060 19.30310 19.92440 20.05610 20.27950 22.10940 21.96960 22.14340 21.80810 21.85540 21.69890 21.45430 21.22140 20.99740 20.80710 19.95360 19.40840 19.16140 18.62640 19.07370 19.23250 20.27740 21.00480 21.86870 22.03500 22.11910 22.09530 21.97880 21.77500 21.63090 21.60640 21.89680 21.89000 22.58280 22.88320 22.99570 22.60470 21.60170 20.83150 20.98080 20.92880 21.77650 21.82390 21.36770 22.21980 23.13450 22.84680 22.47070 21.89480 20.22740 18.40430
-9999 -9999 -9999 -9999 -9999 -9999 -9999 -9999 -9999 -9999 -9999 15.02930 15.69780 15.56870 16.55030 17.63550 17.92380 18.13340 18.32150 18.42960 19.04640 20.27150 20.40260 20.53220 20.55370 20.59370 20.64520 21.81520 22.41020 22.45950 22.00050 21.64440 21.49700 21.15580 20.95320 19.71000 18.70670 18.57160 19.02790 19.59620 20.55620 21.00540 22.16060 22.51020 22.46450 22.51390 22.48410 22.36500 22.23590 22.07320 22.04740 20.64530 21.13070 21.32520 21.71630 22.15470 22.75780 22.05790 22.90600 23.15170 22.90430 23.75030 23.80990 23.65620 23.59740 23.60200 23.01440 22.64220 21.05990 19.28000 17.24520
-9999 -9999 -9999 -9999 -9999 -9999 -9999 -9999 -9999 -9999 15.65790 15.44460 16.91500 16.27060 17.63450 18.51630 18.92290 18.91050 18.82310 18.80790 19.31500 20.73940 20.86980 20.90450 20.84470 20.92030 21.01570 22.48220 22.68790 22.38310 22.23050 22.08030 21.69740 21.31540 20.90650 19.37430 18.78270 18.86990 19.63960 20.39820 21.37350 22.33100 23.29950 23.03700 23.09030 23.02190 22.97890 22.85770 22.59700 22.43410 22.19280 20.47910 21.28290 21.27810 21.67040 22.21520 21.91610 22.23110 23.57540 23.62210 23.46490 23.92250 23.97440 23.83210 23.78720 23.57020 23.09370 22.41600 20.43060 18.05420 16.59080
-9999 -9999 -9999 -9999 -9999 -9999 -9999 -9999 -9999 17.78680 18.05940 17.83350 17.80980 18.05410 18.52320 18.92080 19.01140 19.41070 20.11070 20.28450 20.59900 20.52440 20.63360 21.13110 21.27410 21.70060 22.20020 22.17170 21.90280 22.09740 22.57330 21.41910 20.97370 19.77640 18.78020 18.34240 17.95380 19.44280 20.11230 21.79300 22.77550 23.84650 24.52230 24.46690 24.42180 24.15010 24.18160 23.14330 22.96220 22.78800 22.43070 21.32220 20.72120 19.12950 19.02530 22.96540 23.48960 24.00810 24.13780 24.19560 24.04770 24.09400 24.05180 23.99610 23.84350 23.23290 22.55380 21.08590 19.49970 18.31200 18.03430
-9999 -9999 -9999 -9999 -9999 -9999 -9999 -9999 -9999 -9999 18.51900 18.52110 18.63590 19.09970 20.17140 19.65260 19.62540 19.90990 20.08330 20.17050 20.06470 20.67840 20.99850 -9999 -9999 -9999 -9999 -9999 -9999 22.30230 22.32920 21.54530 20.97050 19.67960 18.57690 18.43720 18.54910 20.02350 21.00910 22.67000 23.62370 24.40720 25.00760 24.95000 24.89820 24.53130 24.23700 23.57820 23.09800 23.11950 22.77360 22.06190 20.96690 19.26500 19.27540 23.40320 24.15070 24.27250 24.39810 24.34500 24.28310 24.12350 24.06470 23.80020 21.94520 22.64310 21.28280 20.02230 16.95280 17.19090 16.60830
-9999 -9999 -9999 -9999 -9999 -9999 -9999 -9999 -9999 -9999 -9999 -9999 19.14080 19.91110 20.07790 22.34250 22.01750 21.99040 21.85750 -9999 -9999 -9999 -9999 -9999 -9999 -9999 -9999 -9999 -9999 -9999 -9999 -9999 -9999 20.49890 18.80480 19.46580 19.65410 21.12020 22.46600 23.52870 24.16080 24.92420 25.20530 25.15560 25.11890 24.95510 24.77450 24.40470 24.33230 24.05850 23.42720 21.20450 20.91880 21.01210 21.33980 23.74820 23.69740 24.00440 24.32690 24.45150 24.38920 23.91870 23.45110 23.29500 22.90870 22.51280 20.88650 19.82700 18.69220 19.14760 18.79190
-9999 -9999 -9999 -9999 -9999 -9999 -9999 -9999 -9999 -9999 -9999 -9999 -9999 -9999 -9999 -9999 -9999 -9999 -9999 -9999 -9999 -9999 -9999 -9999 -9999 -9999 -9999 -9999 -9999 -9999 -9999 -9999 -9999 -9999 19.73920 19.58840 21.35830 21.80070 23.12970 24.07160 24.52160 24.96210 25.12700 25.47600 25.33580 24.98170 24.78670 24.53650 24.28470 24.02550 23.69570 21.77760 21.38160 21.38740 21.49760 24.23210 23.94210 23.03400 23.55190 24.06190 24.19220 23.80950 24.15700 23.77780 23.39200 22.08670 20.37870 19.24810 17.82280 18.69520 19.78460
-9999 -9999 -9999 -9999 -9999 -9999 -9999 -9999 -9999 -9999 -9999 -9999 -9999 -9999 -9999 -9999 -9999 -9999 -9999 -9999 -9999 -9999 -9999 -9999 -9999 -9999 -9999 -9999 -9999 -9999 -9999 -9999 -9999 -9999 20.76830 20.91770 20.75650 22.47600 24.09570 25.52940 25.65030 25.69900 25.73930 25.40190 25.26510 25.01450 24.72850 24.47660 24.34560 23.59830 23.17320 23.05650 23.25790 20.95390 21.17500 23.39370 23.99250 24.07320 23.86490 24.27230 24.58950 24.52420 24.04410 23.15120 22.55330 20.86740 20.37130 19.16210 17.84650 19.16540 -9999
-9999 -9999 -9999 -9999 -9999 -9999 -9999 -9999 -9999 -9999 -9999 -9999 -9999 -9999 -9999 -9999 -9999 -9999 -9999 -9999 -9999 -9999 -9999 -9999 -9999 -9999 -9999 -9999 -9999 -9999 -9999 -9999 -9999 -9999 -9999 -9999 -9999 -9999 24.87090 25.76610 25.79260 25.80830 25.83680 25.50950 25.26720 25.12760 24.88430 24.63180 24.50890 23.68760 23.44940 23.54970 23.54560 21.34490 21.24750 23.46380 23.74380 24.23050 24.00780 24.69100 24.51190 24.42720 23.03000 22.33160 20.42930 20.43870 19.57170 19.58060 20.60270 -9999 -9999
