data/hydroclimate-scenarios/BCSD_hadcm_A1B/monthly_summaries/tavg_monthly_avg_nov.2030-2059.asc
ncols	311
nrows	91
xllcenter	102.75
yllcenter	31.75
cellsize	0.5
NODATA_value	-9999
[rows 0 to 30 of 91, columns 0 to 70 of 311]
-9999 -9999 -9999 -9999 -9999 -9999 -9999 -9999 -9999 -9999 -9999 -9999 -9999 -9999 -9999 -9999 -9999 -9999 -9999 -9999 -9999 -9999 -9999 -9999 -9999 -9999 -9999 -9999 -9999 -9999 -9999 -9999 -9999 -9999 -9999 -9999 -9999 -9999 -9999 -9999 -9999 -9999 -9999 -9999 -9999 -9999 -9999 -9999 -9999 -9999 -9999 -9999 -9999 -9999 -9999 -9999 -9999 -9999 -9999 -9999 -9999 -9999 -9999 -9999 -9999 -9999 -9999 -9999 -9999 -9999 -9999
-9999 -9999 -9999 -9999 -9999 -9999 -9999 -9999 -9999 -9999 -9999 -9999 -9999 -9999 -9999 -9999 -9999 -9999 -9999 -9999 -9999 -9999 -9999 -9999 -9999 -9999 -9999 -9999 -9999 -9999 -9999 -9999 -9999 -9999 -9999 -9999 -9999 -9999 -9999 -9999 -9999 -9999 -9999 -9999 -9999 -9999 -9999 -9999 -9999 -9999 -9999 -9999 -9999 -9999 -9999 -9999 -9999 -9999 -9999 -9999 -9999 -9999 -9999 -9999 -9999 -9999 -9999 -9999 -9999 -9999 -9999
-9999 -9999 -9999 -9999 -9999 -9999 -9999 -9999 -9999 -9999 -9999 -9999 -9999 -9999 -9999 -9999 -9999 -9999 -9999 -9999 -9999 -9999 -9999 -9999 -9999 -9999 -9999 -9999 -9999 -9999 -9999 -9999 -9999 -9999 -9999 -9999 -9999 -9999 -9999 -9999 -9999 -9999 -9999 -9999 -9999 -9999 -9999 -9999 -9999 -9999 -9999 -9999 -9999 -9999 -9999 -9999 -9999 -9999 -9999 -9999 -9999 -9999 -9999 -9999 -9999 -9999 -9999 -9999 -9999 -9999 -9999
-9999 -9999 -9999 -9999 -9999 -9999 -9999 -9999 -9999 -9999 -9999 -9999 -9999 -9999 -9999 -9999 -9999 -9999 -9999 -9999 -9999 -9999 -9999 -9999 -9999 -9999 -9999 -9999 -9999 -9999 -9999 -9999 -9999 -9999 -9999 -9999 -9999 -9999 -9999 -9999 -9999 -9999 -9999 -9999 -9999 -9999 -9999 -9999 -9999 -9999 -9999 -9999 -9999 -9999 -9999 -9999 -9999 -9999 -9999 -9999 -9999 -9999 -9999 -9999 -9999 -9999 -9999 -9999 -9999 -9999 -9999
-9999 -9999 -9999 -9999 -9999 -9999 -9999 -9999 -9999 -9999 -9999 -9999 -9999 -9999 -9999 -9999 -9999 -9999 -9999 -9999 -9999 -9999 -9999 -9999 -9999 -9999 -9999 -9999 -9999 -9999 -9999 -9999 -9999 -9999 -9999 -9999 -9999 -9999 -9999 -9999 -9999 -9999 -9999 -9999 -9999 -9999 -9999 -9999 -9999 -9999 -9999 -9999 -9999 -9999 -9999 -9999 -9999 -9999 -9999 -9999 -9999 -9999 -9999 -9999 -9999 -9999 -9999 -9999 -9999 -9999 -9999
-9999 -9999 -9999 -9999 -9999 -9999 -9999 -9999 -9999 -9999 -9999 -9999 -9999 -9999 -9999 -9999 -9999 -9999 -9999 -9999 -9999 -9999 -9999 -9999 -9999 -9999 -9999 -9999 -9999 -9999 -9999 -9999 -9999 -9999 -9999 -9999 -9999 -9999 -9999 -9999 -9999 -9999 -9999 -9999 -9999 -9999 -9999 -9999 -9999 -9999 -9999 -9999 -9999 -9999 -9999 -9999 -9999 -9999 -9999 -9999 -9999 -9999 -9999 -9999 -9999 -9999 -9999 -9999 -9999 -9999 -9999
-9999 -9999 -9999 -9999 -9999 -9999 -9999 -9999 -9999 -9999 -9999 -9999 -9999 -9999 -9999 -9999 -9999 -9999 -9999 -9999 -9999 -9999 -9999 -9999 -9999 -9999 -9999 -9999 -9999 -9999 -9999 -9999 -9999 -9999 -9999 -9999 -9999 -9999 -9999 -9999 -9999 -9999 -9999 -9999 -9999 -9999 -9999 -9999 -9999 -9999 -9999 -9999 -9999 -9999 -9999 -9999 -9999 -9999 -9999 -9999 -9999 -9999 -9999 -9999 -9999 -9999 -9999 -9999 -9999 -9999 -9999
-9999 -9999 -9999 -9999 -9999 -9999 -9999 -9999 -9999 -9999 -9999 -9999 -9999 -9999 -9999 -9999 -9999 -9999 -9999 -9999 -9999 -9999 -9999 -9999 -9999 -9999 -9999 -9999 -9999 -9999 -9999 -9999 -9999 -9999 -9999 -9999 -9999 -9999 -9999 -9999 -9999 -9999 -30.02390 -30.45360 -30.76270 -31.07040 -31.27100 -31.47890 -31.66700 -31.95730 -32.12870 -32.15010 -9999 -9999 -9999 -9999 -9999 -9999 -9999 -9999 -9999 -9999 -9999 -9999 -9999 -9999 -9999 -9999 -9999 -9999 -9999
-9999 -9999 -9999 -9999 -9999 -9999 -9999 -9999 -9999 -9999 -9999 -9999 -9999 -9999 -9999 -9999 -9999 -9999 -9999 -9999 -9999 -9999 -9999 -9999 -9999 -9999 -9999 -9999 -9999 -9999 -9999 -9999 -9999 -9999 -9999 -9999 -9999 -9999 -29.03650 -29.89140 -29.83280 -29.77500 -30.13510 -30.26130 -30.47650 -30.67520 -30.97800 -31.26270 -31.43840 -31.75760 -31.83220 -31.80210 -31.87330 -25.93660 -9999 -9999 -9999 -9999 -9999 -9999 -9999 -9999 -9999 -9999 -9999 -9999 -9999 -9999 -9999 -9999 -9999
-9999 -9999 -9999 -9999 -9999 -9999 -9999 -9999 -9999 -9999 -9999 -9999 -9999 -9999 -9999 -9999 -9999 -9999 -9999 -9999 -9999 -9999 -9999 -9999 -9999 -9999 -9999 -9999 -9999 -9999 -9999 -9999 -9999 -9999 -9999 -9999 -9999 -9999 -9999 -9999 -29.40610 -29.54750 -30.29340 -30.79790 -30.80020 -31.18190 -31.16900 -30.94020 -31.21640 -31.69560 -31.76170 -31.64250 -31.60590 -26.09170 -9999 -9999 -9999 -9999 -9999 -9999 -9999 -9999 -9999 -9999 -9999 -9999 -9999 -9999 -9999 -9999 -9999
-9999 -9999 -9999 -9999 -9999 -9999 -9999 -9999 -9999 -9999 -9999 -9999 -9999 -9999 -9999 -9999 -9999 -9999 -9999 -9999 -9999 -9999 -9999 -9999 -9999 -9999 -9999 -9999 -9999 -9999 -9999 -9999 -9999 -9999 -9999 -9999 -9999 -9999 -9999 -9999 -9999 -9999 -9999 -9999 -30.47410 -30.83050 -31.75370 -31.80970 -31.64910 -31.38060 -31.64790 -32.34100 -31.51700 -26.41480 -9999 -9999 -9999 -9999 -9999 -9999 -31.47080 -9999 -9999 -9999 -9999 -9999 -9999 -9999 -9999 -9999 -9999
-9999 -9999 -9999 -9999 -9999 -9999 -9999 -9999 -9999 -9999 -9999 -9999 -9999 -9999 -9999 -9999 -9999 -9999 -9999 -9999 -9999 -9999 -9999 -9999 -9999 -9999 -9999 -9999 -9999 -9999 -9999 -9999 -9999 -9999 -9999 -9999 -9999 -9999 -9999 -9999 -9999 -30.17440 -30.30870 -30.74390 -30.85940 -30.57310 -31.16970 -31.57140 -31.37520 -31.27940 -31.73750 -32.12400 -31.52470 -31.33950 -9999 -9999 -9999 -9999 -9999 -31.28670 -31.33700 -31.18940 -31.12500 -31.05960 -30.97760 -30.57850 -30.17020 -29.75140 -29.38690 -28.85960 -28.47400
-9999 -9999 -9999 -9999 -9999 -9999 -9999 -9999 -9999 -9999 -9999 -9999 -9999 -9999 -9999 -9999 -9999 -9999 -9999 -9999 -9999 -9999 -9999 -9999 -9999 -9999 -9999 -9999 -9999 -9999 -9999 -9999 -9999 -9999 -9999 -9999 -9999 -9999 -9999 -9999 -9999 -29.71910 -30.04620 -30.14140 -29.72990 -29.90590 -30.06480 -30.43450 -30.60160 -30.66830 -31.20030 -32.41390 -32.63380 -32.16150 -31.67550 -32.01130 -31.32460 -9999 -31.00450 -31.15500 -31.20880 -31.25300 -31.29430 -31.52650 -31.46680 -31.01930 -30.59330 -30.20940 -29.82450 -29.55600 -29.20700
-9999 -9999 -9999 -9999 -9999 -9999 -9999 -9999 -9999 -9999 -9999 -9999 -9999 -9999 -9999 -9999 -9999 -9999 -9999 -9999 -9999 -9999 -9999 -9999 -9999 -9999 -9999 -9999 -9999 -9999 -9999 -9999 -9999 -9999 -9999 -27.93950 -28.04910 -28.65900 -28.85430 -28.56870 -28.67470 -28.69060 -29.00600 -29.26760 -29.30990 -29.44640 -29.46980 -29.69930 -30.12820 -30.66140 -31.68490 -32.52520 -33.65490 -32.99150 -33.12810 -33.46210 -32.40620 -31.74040 -31.09220 -31.13060 -31.08590 -31.33040 -31.38000 -32.81490 -32.35840 -31.30040 -31.20510 -30.82310 -30.33620 -30.24890 -29.97170
-9999 -9999 -9999 -9999 -9999 -9999 -9999 -9999 -9999 -9999 -9999 -9999 -9999 -9999 -9999 -9999 -9999 -9999 -9999 -9999 -9999 -9999 -9999 -9999 -9999 -9999 -9999 -9999 -9999 -9999 -9999 -9999 -9999 -9999 -27.40270 -28.10000 -28.19130 -28.31410 -28.42320 -28.13780 -28.14710 -28.25760 -28.36430 -28.61310 -28.73560 -28.93890 -29.05460 -29.55180 -30.46440 -31.77700 -32.80490 -33.15320 -34.39190 -34.84500 -34.57880 -33.63750 -32.58460 -32.11160 -30.97520 -30.91810 -31.47170 -32.32180 -32.56940 -33.22980 -31.78590 -31.34340 -31.50140 -31.76910 -32.61600 -31.98110 -32.44130
-9999 -9999 -9999 -9999 -9999 -9999 -9999 -9999 -9999 -9999 -9999 -9999 -9999 -9999 -9999 -9999 -9999 -9999 -9999 -9999 -9999 -9999 -9999 -9999 -9999 -9999 -9999 -9999 -9999 -9999 -9999 -9999 -9999 -27.29890 -27.39060 -27.68250 -27.69480 -27.80470 -27.82160 -27.63260 -27.63930 -27.96000 -28.07340 -28.13580 -28.45070 -28.77120 -29.18960 -29.80060 -31.61650 -32.83210 -34.06420 -35.11580 -36.86750 -35.41420 -34.36700 -33.81510 -33.66910 -32.10950 -31.47690 -31.82460 -32.48680 -32.13730 -31.90210 -31.55690 -31.63100 -31.88890 -32.34170 -32.48780 -32.53630 -32.19410 -32.43540
-9999 -9999 -9999 -9999 -9999 -9999 -9999 -9999 -9999 -9999 -9999 -9999 -9999 -9999 -9999 -9999 -9999 -9999 -9999 -9999 -9999 -9999 -9999 -9999 -9999 -9999 -9999 -9999 -9999 -9999 -9999 -26.26790 -26.43740 -26.81480 -26.88320 -27.09560 -27.00810 -27.02950 -27.24010 -27.15850 -27.37990 -27.59170 -27.70600 -27.86580 -28.37820 -28.80040 -29.12600 -29.34430 -30.86710 -32.19720 -33.73470 -34.88520 -37.34210 -35.99540 -34.95690 -34.00550 -32.66340 -32.50810 -33.37370 -33.03750 -32.29480 -32.16660 -32.23030 -31.50570 -31.77980 -32.33730 -32.27480 -31.83100 -31.76660 -33.00360 -33.73870
-9999 -9999 -9999 -9999 -9999 -9999 -9999 -9999 -9999 -9999 -9999 -9999 -9999 -9999 -9999 -9999 -9999 -9999 -9999 -9999 -9999 -9999 -9999 -9999 -9999 -9999 -9999 -9999 -9999 -25.61360 -25.88220 -26.34180 -26.43540 -26.69930 -26.68190 -26.78090 -26.69790 -26.72510 -26.75640 -26.87100 -26.89800 -27.12700 -27.35450 -27.49700 -28.11160 -28.94390 -29.36890 -30.00110 -32.32560 -33.34410 -34.58690 -36.44180 -37.51110 -35.77770 -35.82670 -34.68690 -33.14260 -33.30210 -32.78090 -32.04010 -32.31710 -32.68690 -32.75850 -32.74830 -32.22480 -32.28690 -33.11620 -33.65260 -33.57780 -33.31450 -32.64410
-9999 -9999 -9999 -9999 -9999 -9999 -9999 -9999 -9999 -9999 -9999 -9999 -9999 -9999 -9999 -9999 -9999 -9999 -9999 -9999 -9999 -9999 -9999 -9999 -25.59740 -25.54620 -25.30310 -25.05460 -25.32550 -25.70500 -26.08900 -25.86910 -26.14400 -26.22860 -26.51820 -26.22080 -26.65000 -26.88080 -26.90890 -26.73600 -26.46620 -26.61400 -26.95840 -27.15730 -27.70990 -28.45070 -28.68360 -30.42290 -32.34430 -33.27170 -33.72970 -36.19320 -36.45210 -34.91870 -34.08360 -33.54520 -32.81610 -32.67340 -33.06270 -32.52980 -32.20700 -32.28950 -32.06990 -31.95200 -31.94400 -32.49220 -31.82110 -31.44510 -31.76470 -32.58460 -34.91020
-9999 -9999 -9999 -9999 -9999 -9999 -24.54140 -24.29720 -24.14410 -24.07760 -23.92200 -9999 -9999 -9999 -9999 -9999 -9999 -9999 -9999 -9999 -9999 -24.95910 -25.62170 -25.68570 -25.74340 -25.69450 -25.55140 -25.49520 -25.47570 -25.56010 -25.54140 -25.52470 -25.91030 -25.99470 -26.27490 -26.19650 -26.44820 -26.39970 -26.35540 -26.30140 -26.15960 -26.21350 -26.45510 -26.77460 -27.39840 -28.13520 -28.50300 -29.96330 -31.92130 -32.97180 -34.43120 -35.38820 -36.34460 -35.11290 -33.37630 -32.73820 -32.89920 -32.75420 -32.24070 -31.91440 -32.19020 -32.37390 -32.95670 -33.14110 -33.32710 -31.67980 -31.09540 -31.72930 -31.85510 -31.58300 -32.10480
-9999 -9999 -9999 -9999 -9999 -24.22770 -24.37160 -24.92240 -24.38270 -24.52110 -24.26530 -25.10090 -24.74810 -25.09530 -9999 -9999 -9999 -24.93410 -25.16140 -25.07630 -25.18010 -25.31270 -25.36050 -25.21420 -25.46450 -25.22140 -25.18010 -24.92070 -25.00140 -25.08230 -24.75610 -24.84790 -24.95160 -24.93660 -25.13300 -25.46580 -25.73060 -25.79580 -25.86710 -25.62790 -25.60920 -25.67210 -25.99660 -26.15610 -26.89440 -27.56300 -29.04760 -30.86090 -32.24020 -33.12770 -34.10010 -34.83380 -34.77770 -33.62060 -33.16440 -33.10150 -33.14400 -32.58890 -31.46060 -32.14350 -32.01570 -32.60840 -32.89610 -32.47610 -33.44520 -34.60550 -33.84360 -33.57430 -32.63500 -32.76770 -32.70850
-9999 -23.89540 -23.89070 -23.68310 -24.07270 -24.04940 -24.31070 -24.46600 -24.49860 -24.35350 -24.59930 -24.84720 -25.10240 -24.92870 -24.66770 -24.29350 -23.73230 -24.74190 -24.87140 -24.46350 -24.37670 -24.39640 -24.62260 -24.27300 -24.11970 -24.56110 -24.51570 -24.38430 -24.65820 -24.46020 -24.23860 -24.23180 -24.32040 -24.40840 -24.59620 -24.83490 -25.11220 -25.29920 -25.28700 -25.06670 -25.24280 -25.21440 -25.53080 -25.81760 -26.20910 -27.00150 -28.39950 -29.73540 -31.16010 -32.28980 -33.45470 -34.77730 -34.70160 -35.32920 -34.74690 -34.16540 -33.39320 -31.71100 -32.28300 -32.35870 -31.94560 -32.73810 -33.81080 -33.39680 -34.36560 -34.23070 -33.19040 -33.94250 -32.80020 -33.84100 -35.10550
-9999 -24.23240 -23.71040 -23.71590 -23.60920 -23.38700 -23.43630 -23.59160 -23.53500 -23.78420 -23.94100 -24.29020 -24.73890 -24.45840 -24.38930 -24.40940 -24.43050 -24.54270 -24.24720 -23.95100 -24.16170 -24.28300 -24.29970 -23.55050 -23.58720 -23.43990 -23.70060 -23.85550 -24.03470 -23.82170 -23.80700 -23.59050 -23.77710 -23.75260 -23.92630 -24.17870 -24.46710 -24.56600 -24.67060 -24.96610 -24.86450 -24.93010 -25.08320 -25.39790 -25.70770 -26.23960 -27.06100 -28.61650 -30.07950 -31.53680 -32.22070 -33.91850 -34.33120 -36.11580 -36.02750 -34.31380 -33.43320 -32.92970 -32.58660 -33.16930 -32.76770 -33.45430 -33.83040 -33.31090 -33.87220 -34.14700 -34.42170 -33.80070 -33.65580 -33.62640 -33.80470
-9999 -9999 -9999 -24.04570 -24.04910 -23.51450 -23.26340 -23.22330 -23.37290 -23.01390 -23.48050 -23.13240 -23.29030 -23.20590 -23.71270 -23.63540 -23.63480 -23.13830 -23.34730 -23.52830 -23.73460 -23.64680 -23.57440 -23.33000 -23.07800 -22.92820 -22.87360 -22.91780 -22.78860 -22.86040 -22.94100 -23.02050 -23.09120 -23.07500 -23.25440 -23.48730 -23.90520 -24.11790 -24.32650 -24.43820 -24.54020 -24.61260 -24.79730 -25.06770 -25.32340 -25.67540 -26.63610 -27.91080 -29.08530 -30.09220 -31.66960 -33.15540 -34.34480 -35.41290 -34.91020 -34.88520 -33.47110 -33.14490 -33.61720 -33.60370 -32.79310 -33.98730 -34.15340 -34.22550 -33.87650 -33.55620 -33.04310 -33.63390 -34.12740 -34.51630 -34.49900
-9999 -9999 -9999 -9999 -9999 -9999 -22.97700 -22.73530 -22.99200 -22.65640 -22.61600 -22.67660 -22.73190 -22.45800 -22.47430 -22.48620 -22.67700 -22.68920 -22.38700 -22.28810 -22.38560 -22.60290 -22.43470 -22.47970 -22.33200 -22.57240 -22.41120 -21.96250 -22.02210 -22.19220 -22.36960 -22.44330 -22.62260 -22.59850 -22.67890 -22.90460 -23.30880 -23.61370 -23.90450 -24.10940 -24.27030 -24.31950 -24.38900 -24.47580 -24.88440 -25.06500 -25.62860 -27.50330 -28.27310 -29.78740 -31.79020 -33.67830 -34.27850 -32.95940 -34.15360 -34.54960 -33.84140 -34.73230 -35.33790 -34.54060 -35.14840 -35.15110 -35.33140 -35.41360 -34.60320 -34.66990 -33.24180 -33.62320 -34.19340 -34.16050 -34.43380
-9999 -9999 -9999 -9999 -9999 -9999 -22.38490 -22.34500 -22.10560 -22.47190 -22.14070 -22.22410 -22.09480 -21.72500 -21.94790 -22.06810 -21.97330 -21.98440 -22.00420 -22.10640 -22.12220 -22.11640 -22.25190 -22.09720 -22.03980 -21.58730 -21.31610 -21.35500 -21.43680 -21.61730 -21.89020 -21.95930 -22.04080 -22.03870 -22.42640 -22.54080 -22.58840 -23.03770 -23.19240 -23.61610 -23.73530 -23.64560 -23.77200 -23.85400 -24.04220 -24.43830 -24.72240 -25.29290 -26.14970 -27.31960 -28.73510 -30.07320 -30.90520 -31.94360 -32.28060 -31.30670 -32.04550 -33.30040 -33.03750 -33.88150 -35.71990 -35.46040 -35.48760 -35.01220 -35.12070 -33.58880 -33.21430 -32.83300 -32.65690 -32.88390 -34.00010
-9999 -9999 -9999 -9999 -9999 -9999 -9999 -9999 -9999 -9999 -21.07750 -21.76680 -21.65790 -20.78930 -21.11560 -21.54280 -21.57230 -21.59320 -21.21330 -21.22730 -21.33740 -21.54530 -21.47740 -21.41260 -21.35140 -21.78590 -21.53270 -21.05140 -21.04660 -21.33970 -21.51190 -21.51420 -21.79270 -21.67280 -21.83270 -21.56560 -22.05610 -22.27070 -22.46690 -22.63260 -22.70820 -22.68670 -22.75310 -23.03780 -23.41610 -23.80210 -24.08250 -24.26680 -24.62560 -25.07850 -25.59100 -26.06850 -27.03540 -27.21170 -27.58780 -27.77240 -28.16970 -28.87550 -29.55240 -30.22700 -30.50080 -31.37370 -31.73670 -32.69220 -32.94500 -31.79370 -31.47940 -31.35470 -31.72700 -31.29970 -32.17500
-9999 -9999 -9999 -9999 -9999 -9999 -9999 -9999 -9999 -9999 -19.91030 -20.30700 -20.90310 -20.25600 -20.39130 -20.92430 -20.95350 -20.99440 -21.02980 -21.05610 -21.06460 -21.16710 -21.19160 -21.12720 -21.15810 -20.78580 -20.52180 -20.45590 -20.55420 -20.74950 -21.04950 -21.14940 -21.24600 -21.13800 -21.53340 -21.39830 -21.64900 -21.90300 -22.02740 -22.16680 -22.17720 -22.20930 -22.33450 -22.59830 -22.97680 -23.25030 -23.63430 -23.69960 -24.08030 -24.44540 -24.66080 -25.45110 -25.66290 -26.08980 -26.28130 -26.63700 -26.98880 -27.23490 -27.45040 -28.36170 -28.66610 -28.78260 -28.98680 -29.07750 -29.07040 -28.82080 -28.85330 -28.57310 -28.59080 -30.31670 -30.73800
-9999 -9999 -9999 -9999 -9999 -9999 -9999 -9999 -9999 -9999 -9999 -9999 -19.75930 -20.50780 -20.45620 -20.30360 -19.74360 -19.29330 -19.84220 -19.87420 -19.99020 -20.18360 -20.11780 -20.13630 -19.96010 -19.69430 -19.80730 -20.04820 -20.27020 -20.07590 -20.37440 -20.59240 -20.79910 -21.00830 -21.11300 -21.25350 -21.14370 -21.53930 -21.60470 -21.68630 -21.65510 -21.63250 -21.70830 -21.87220 -22.14690 -22.61230 -22.88200 -23.04470 -23.51540 -23.77610 -24.23370 -24.85580 -25.31280 -25.76510 -25.63240 -26.02280 -26.30630 -27.19750 -27.65510 -28.09990 -28.25150 -28.49560 -28.63540 -28.56140 -28.49440 -28.44330 -27.90980 -27.48720 -27.56110 -28.22730 -30.00900
-9999 -9999 -9999 -9999 -9999 -9999 -9999 -9999 -9999 -9999 -9999 -9999 -19.00520 -19.45610 -19.60070 -19.46970 -19.11410 -18.96700 -19.52930 -19.67300 -19.48960 -20.11440 -19.84780 -19.48600 -19.92560 -19.55590 -19.49390 -19.44560 -19.75770 -19.84630 -19.84930 -20.04190 -20.12830 -20.40920 -20.80720 -20.73420 -20.92280 -21.42580 -21.20340 -21.18950 -20.95360 -20.83040 -20.80310 -21.14700 -21.49460 -21.93200 -22.27560 -22.51550 -22.85150 -23.40650 -23.85280 -24.00500 -24.75620 -25.11840 -25.32170 -25.53020 -26.02850 -26.72960 -27.06690 -27.40540 -27.75730 -27.90270 -28.03860 -27.96190 -27.88670 -27.64370 -27.23350 -26.91300 -27.29130 -28.37990 -28.76380
-9999 -9999 -9999 -9999 -9999 -9999 -9999 -9999 -9999 -9999 -9999 -18.80000 -19.01100 -18.47410 -18.42900 -19.38960 -19.65720 -19.41360 -19.58660 -19.63670 -18.86770 -19.84060 -19.50100 -19.57370 -19.73160 -19.71260 -19.78310 -19.76360 -19.42740 -19.27200 -19.32960 -19.48550 -19.42920 -19.67460 -19.61950 -19.36030 -19.91140 -20.22860 -20.67870 -21.20520 -21.12970 -21.24970 -21.37350 -21.39310 -21.50390 -21.51030 -21.63290 -21.73220 -22.15160 -22.55570 -23.16990 -23.69510 -24.23870 -24.48340 -24.45830 -25.14320 -25.51610 -26.08920 -26.39360 -26.69350 -26.89220 -27.10000 -27.19580 -27.18320 -27.16890 -26.73830 -26.49100 -26.74500 -27.41000 -28.65210 -29.80720
