data/hydroclimate-scenarios/BCSD_hadcm_A1B/monthly_summaries/tavg_monthly_avg_may.2030-2059.asc
ncols	311
nrows	91
xllcenter	102.75
yllcenter	31.75
cellsize	0.5
NODATA_value	-9999
[rows 0 to 31 of 91, columns 73 to 145 of 311]
-9999 -9999 -9999 -9999 -9999 -9999 -9999 -9999 -9999 -9999 -9999 -9999 -9999 -9999 -9999 -9999 -9999 -9999 -9999 -9999 -9999 -9999 -9999 -9999 -9999 -9999 -9999 -9999 -9999 -9999 -9999 -9999 -9999 -9999 -9999 -9999 -9999 -9999 -9999 -9999 -9999 -9999 -9999 -9999 -9999 -9999 -9999 -9999 -9999 -9999 -9999 -9999 -9999 -9999 -9999 -9999 -9999 -9999 -9999 -9999 -9999 -9999 -9999 -9999 -9999 -9999 -9999 -9999 -9999 -9999 -9999 -9999 -9999
-9999 -9999 -9999 -9999 -9999 -9999 -9999 -9999 -9999 -9999 -9999 -9999 -9999 -9999 -9999 -9999 -9999 -9999 -9999 -9999 -9999 -9999 -9999 -9999 -9999 -9999 -9999 -9999 -9999 -9999 -9999 -9999 -9999 -9999 -9999 -9999 -9999 -9999 -9999 -9999 -9999 -9999 -9999 -9999 -9999 -9999 -9999 -9999 -9999 -9999 -9999 -9999 -9999 -9999 -9999 -9999 -9999 -9999 -9999 -9999 -9999 -9999 -9999 -9999 -9999 -9999 -9999 -9999 -9999 -9999 -9999 -9999 -9999
-9999 -9999 -9999 -9999 -9999 -9999 -9999 -9999 -9999 -9999 -9999 -9999 -9999 -9999 -9999 -9999 -9999 -9999 -9999 -9999 -9999 -9999 -9999 -9999 -9999 -9999 -9999 -9999 -9999 -9999 -9999 -9999 -9999 -9999 -9999 -9999 -9999 -9999 -9999 -9999 -9999 -9999 -9999 -9999 -9999 -9999 -9999 -9999 -9999 -9999 -9999 -9999 -9999 -9999 -9999 -9999 -9999 -9999 -9999 -9999 -9999 -9999 -9999 -9999 -9999 -9999 -9999 -9999 -9999 -9999 -9999 -9999 -9999
-9999 -9999 -9999 -9999 -9999 -9999 -9999 -9999 -9999 -9999 -9999 -9999 -9999 -9999 -9999 -9999 -9999 -9999 -9999 -9999 -9999 -9999 -9999 -9999 -9999 -9999 -9999 -9999 -9999 -9999 -9999 -9999 -9999 -9999 -9999 -9999 -9999 -9999 -9999 -9999 -9999 -9999 -9999 -9999 -9999 -9999 -9999 -9999 -9999 -9999 -9999 -9999 -9999 -9999 -9999 -9999 -9999 -9999 -9999 -9999 -9999 -9999 -9999 -9999 -9999 -9999 -9999 -9999 -9999 -9999 -9999 -9999 -9999
-9999 -9999 -9999 -9999 -9999 -9999 -9999 -9999 -9999 -9999 -9999 -9999 -9999 -9999 -9999 -9999 -9999 -9999 -9999 -9999 -9999 -9999 -9999 -9999 -9999 -9999 -9999 -9999 -9999 -9999 -9999 -9999 -9999 -9999 -9999 -9999 -9999 -9999 -9999 -9999 -9999 -9999 -9999 -9999 -9999 -9999 -9999 -9999 -9999 -9999 -9999 -9999 -9999 -9999 -9999 -9999 -9999 -9999 -9999 -9999 -9999 -9999 -9999 -9999 -9999 -9999 -9999 -9999 -9999 -9999 -9999 -9999 -9999
-9999 -9999 -9999 -9999 -9999 -9999 -9999 -9999 -9999 -9999 -9999 -9999 -9999 -9999 -9999 -9999 -9999 -9999 -9999 -9999 -9999 -9999 -9999 -9999 -9999 -9999 -9999 -9999 -9999 -9999 -9999 -9999 -9999 -9999 -9999 -9999 -9999 -9999 -9999 -9999 -9999 -9999 -9999 -9999 -9999 -9999 -9999 -9999 -9999 -9999 -9999 -9999 -9999 -9999 -9999 -9999 -9999 -9999 -9999 -9999 -9999 -9999 -9999 -9999 -9999 -9999 -9999 -9999 -9999 -9999 -9999 -9999 -9999
-9999 -9999 -9999 -9999 -9999 -9999 -9999 -9999 -9999 -9999 -9999 -9999 -9999 -9999 -9999 -9999 -9999 -9999 -9999 -9999 -9999 -9999 -9999 -9999 -9999 -9999 -9999 -9999 -9999 -9999 -9999 -9999 -9999 -9999 -9999 -9999 -9999 -9999 -9999 -9999 -9999 -9999 -9999 -9999 -9999 -9999 -9999 -9999 -9999 -9999 -9999 -9999 -9999 -9999 -9999 -9999 -9999 -9999 -9999 -9999 -9999 -9999 -9999 -9999 -9999 -9999 -9999 -9999 -9999 -9999 -9999 -9999 -9999
-9999 -9999 -9999 -9999 -9999 -9999 -9999 -9999 -9999 -9999 -9999 -9999 -9999 -9999 -9999 -9999 -9999 -9999 -9999 -9999 -9999 -9999 -9999 -9999 -9999 -9999 -9999 -9999 -9999 -9999 -9999 -9999 -9999 -9999 -9999 -9999 -9999 -9999 -9999 -9999 -9999 -9999 -9999 -9999 -9999 -9999 -9999 -9999 -9999 -9999 -9999 -9999 -9999 -9999 -9999 -9999 -9999 -9999 -9999 -9999 -9999 -9999 -9999 -9999 -9999 -9999 -9999 -9999 -9999 -9999 -9999 -9999 -9999
-9999 -9999 -9999 -9999 -3.39752 -9999 -9999 -9999 -9999 -9999 -9999 -9999 -9999 -9999 -9999 -9999 -9999 -9999 -9999 -9999 -9999 -9999 -9999 -9999 -9999 -9999 -9999 -9999 -9999 -9999 -9999 -9999 -9999 -9999 -9999 -9999 -9999 -9999 -9999 -9999 -9999 -9999 -9999 -9999 -9999 -9999 -9999 -9999 -9999 -9999 -9999 -9999 -9999 -9999 -9999 -9999 -9999 -9999 -9999 -9999 -9999 -9999 -9999 -9999 -9999 -9999 -9999 -9999 -9999 -9999 -9999 -9999 -9999
-4.45556 -1.74550 -2.14824 -2.64107 -2.72568 -2.92834 -3.12370 -3.33210 -3.55316 -3.78877 -3.84127 -3.98761 -4.22756 -4.47535 -4.81959 -4.85116 -4.95701 -5.07099 -5.16458 -5.16526 -9999 -9999 -9999 -9999 -9999 -9999 -9999 -9999 -9999 -9999 -9999 -9999 -9999 -9999 -9999 -9999 -9999 -9999 -9999 -9999 -9999 -9999 -9999 -9999 -9999 -9999 -9999 -9999 -9999 -9999 -9999 -9999 -9999 -9999 -9999 -9999 -9999 -9999 -9999 -9999 -9999 -9999 -9999 -9999 -9999 -9999 -9999 -9999 -9999 -9999 -9999 -9999 -9999
-9999 -9999 -1.29364 -1.49305 -1.49711 -1.89185 -2.00296 -2.21970 -2.53748 -2.77938 -3.11407 -3.17575 -3.33135 -3.58843 -4.02984 -4.37376 -4.40349 -4.62362 -4.63745 -4.65171 -9999 -9999 -9999 -9999 -9999 -9999 -9999 -9999 -9999 -9999 -9999 -9999 -9999 -9999 -9999 -9999 -9999 -9999 -9999 -9999 -9999 -9999 -9999 -9999 -9999 -9999 -9999 -9999 -9999 -9999 -9999 -9999 -9999 -9999 -9999 -9999 -9999 -9999 -9999 -9999 -9999 -9999 -9999 -9999 -9999 -9999 -9999 -9999 -9999 -9999 -9999 -9999 -9999
0.14509 0.14679 -0.25045 -0.45452 -0.66087 -0.87627 -1.07872 -1.29640 -1.63346 -1.88041 -2.12355 -2.28266 -2.53276 -2.79352 -3.26338 -3.60980 -3.74695 -3.89087 -3.89181 -3.91906 -3.73634 -3.65159 -3.44248 -3.18497 -3.01534 -2.83655 -9999 -9999 -9999 -9999 -9999 -9999 -9999 -9999 -9999 -9999 -9999 -9999 -9999 -9999 -9999 -9999 -9999 -9999 -9999 -9999 -9999 -9999 -9999 -9999 -9999 -9999 -9999 -9999 -9999 -9999 -9999 -9999 -9999 -9999 -9999 -9999 -9999 -9999 -9999 -9999 -9999 -9999 -9999 -9999 -9999 -9999 -9999
1.08588 0.78318 0.66819 0.56591 0.36897 0.15058 -0.14729 -0.37192 -0.61032 -0.86938 -1.04375 -1.39382 -1.55649 -1.91631 -2.37957 -2.74136 -2.90392 -3.13765 -3.16935 -3.30618 -3.32071 -2.96030 -2.76791 -2.52279 -2.39327 -2.33763 -2.09268 -2.03378 -1.87135 -1.79624 -1.75640 -1.81607 -1.97091 -2.02401 -2.07793 -2.23300 -2.29940 -2.42142 -2.63428 -2.84146 -3.05031 -9999 -9999 -9999 -9999 -9999 -9999 -9999 -9999 -9999 -9999 -9999 -9999 -9999 -9999 -9999 -9999 -9999 -9999 -9999 -9999 -9999 -9999 -9999 -9999 -9999 -9999 -9999 -9999 -9999 -9999 -9999 -9999
1.64252 1.31541 1.10861 1.09365 1.19328 1.08869 0.87811 0.56111 0.30570 0.23181 -0.04245 -0.31070 -0.56802 -0.93247 -1.40416 -1.77504 -1.83594 -2.18413 -2.53003 -2.96756 -2.82173 -2.67176 -2.38987 -1.99544 -1.69593 -1.69910 -1.79759 -1.90298 -1.50379 -1.40205 -1.45262 -1.50396 -1.56953 -1.61602 -1.66523 -1.73148 -1.79576 -2.02080 -2.24020 -2.53871 -2.74652 -2.96526 -9999 -9999 -9999 -9999 -9999 -9999 -9999 -9999 -9999 -9999 -9999 -9999 -9999 -9999 -9999 -9999 -9999 -9999 -9999 -9999 -9999 -9999 -9999 -9999 -9999 -9999 -9999 -9999 -9999 -9999 -9999
0.50745 -0.79914 0.09845 0.18600 -0.02353 0.17439 -0.04169 0.43767 -0.09954 0.02910 0.06672 -0.00517 -0.05251 -0.33736 -0.81047 -1.08256 -1.35304 -1.59957 -2.03885 -2.10438 -2.13754 -1.99576 -1.83799 -2.35393 -1.69236 -1.22127 -1.24807 -1.56187 -1.28544 -1.19974 -1.14632 -1.31521 -1.25907 -1.21945 -1.38435 -1.33655 -1.48631 -1.61461 -1.90757 -2.19084 -2.37368 -2.57204 -9999 -9999 -9999 -9999 -9999 -9999 -9999 -9999 -9999 -9999 -9999 -9999 -9999 -9999 -9999 -4.23595 -4.45103 -9999 -9999 -9999 -9999 -5.36323 -6.42308 -7.18890 -6.74181 -5.52085 -5.19807 -5.18496 -5.38654 -5.66189 -5.48031
0.52346 -0.37773 0.62543 1.22277 1.01819 0.43041 0.23301 0.01509 0.67427 0.62567 0.47210 0.00714 -0.14605 -0.00437 -0.38002 -0.44426 -0.80825 -0.86751 -1.29948 -1.55039 -1.59990 -1.03796 -0.98436 -0.89581 -0.81919 -0.73706 -0.65051 -0.66260 -0.58074 -0.58713 -0.63183 -0.68722 -0.64717 -0.69475 -0.86051 -0.90864 -1.05928 -1.17065 -1.41759 -1.54926 -1.80763 -1.94942 -1.98496 -2.22810 -2.47328 -2.79059 -4.13089 -4.66576 -4.29596 -4.83525 -4.98015 -4.81068 -5.04737 -5.26537 -4.08181 -3.89052 -3.81429 -3.93337 -3.92029 -9999 -9999 -9999 -9999 -9999 -4.59836 -5.24921 -5.70393 -5.98412 -5.96826 -5.66364 -6.25915 -5.86262 -5.79023
0.35726 -1.03976 0.05733 0.97012 0.98013 1.00236 1.50209 1.79059 1.76744 1.51534 1.38053 1.01819 0.87174 0.72032 0.35420 0.08926 -0.17260 -0.43718 -0.37224 -0.51740 -0.45785 -0.40037 -0.43323 -0.33832 -0.25109 -0.25410 -0.15671 -0.16229 0.03476 0.02763 -0.01299 -0.07023 -0.12151 -0.27346 -0.32697 -0.58552 -0.63912 -0.82308 -0.91871 -1.11874 -1.32448 -1.32032 -1.51830 -1.71795 -1.92313 -2.04490 -3.28840 -3.92578 -3.45282 -3.30103 -4.03111 -5.37890 -6.30336 -5.03111 -5.64011 -5.85978 -5.48650 -4.80128 -4.70061 -4.98980 -4.04137 -3.41149 -3.46689 -3.52338 -3.56778 -3.61418 -4.25391 -4.83722 -5.84527 -5.64885 -6.15593 -6.86081 -6.69463
1.27185 -1.00710 -1.40011 -0.37496 0.33832 0.17229 2.38039 2.47693 2.24451 2.00820 1.77924 1.54494 1.48617 1.14150 0.89306 0.63048 0.36400 -0.38732 -0.44233 -0.08932 -0.01371 0.04874 0.12042 0.22260 0.22950 0.32743 0.32885 0.53827 0.44870 0.55278 0.50486 0.45285 0.20868 0.14963 -0.00457 -0.05923 -0.21107 -0.36180 -0.42740 -0.78119 -0.74122 -0.88509 -0.93999 -0.99821 -1.16424 -1.30061 -1.54708 -1.98178 -2.51934 -2.35152 -3.17460 -3.31650 -4.25828 -5.48979 -5.70851 -5.43295 -5.46531 -5.76729 -5.27269 -6.25628 -5.12103 -3.68004 -3.22781 -2.79881 -2.83925 -2.86016 -3.61812 -4.60193 -6.11878 -6.12929 -6.44460 -6.76427 -7.07328
-1.11003 2.02378 0.84968 1.76630 2.10501 0.63222 1.56024 2.16072 2.24349 2.30463 2.18392 1.94969 1.90296 1.66777 1.42641 1.16930 0.71768 -1.04835 -0.89157 -0.43732 -0.27423 0.28780 0.48007 0.59103 0.79178 0.90487 1.02989 1.03868 0.95710 1.07987 1.02686 0.88520 0.73423 0.68087 0.51897 0.17915 -0.07867 -0.50603 -0.52115 -0.33607 -1.53918 -1.85854 -1.56462 -0.97936 -0.70670 -0.44680 -0.59279 -1.43469 -2.27269 -2.50639 -2.85508 -3.08568 -3.31990 -3.13854 -3.17614 -4.50923 -4.84827 -5.45023 -5.93612 -6.53039 -6.89133 -5.34599 -4.60866 -3.96225 -4.00231 -3.75532 -4.10746 -4.67676 -4.99464 -5.02593 -5.34042 -5.86383 -5.99019
-2.05653 -1.92923 -0.01521 2.01038 2.03477 0.66969 0.49726 1.69571 -0.80949 -0.55521 0.12435 1.40040 1.76604 1.83705 1.80616 1.64835 1.09549 0.33619 -0.30017 0.03993 0.31554 0.68864 1.17471 1.19078 1.30164 1.42549 1.44079 1.56715 1.37509 1.30451 0.85795 1.01614 1.06921 0.41492 0.26483 0.01947 -0.22809 -0.85594 -0.95019 -0.55233 -0.44410 -0.73785 -1.63895 -1.74129 -1.35117 -0.98302 -0.53574 -1.57239 -2.31304 -2.34866 -2.57792 -2.31618 -3.24889 -3.95633 -4.47697 -5.60638 -4.72037 -4.11620 -4.30577 -4.30966 -4.56140 -5.31748 -5.96764 -4.51991 -5.37686 -4.43351 -4.08109 -4.27102 -4.26603 -3.20125 -3.42221 -4.75080 -4.97345
-1.99962 -2.97814 -3.37540 -0.26359 0.95173 1.56974 1.47351 1.88058 0.37907 -2.15457 -3.67876 -4.70804 -2.14062 -0.36015 0.80178 1.55315 1.71950 1.67007 1.52309 1.47393 1.33866 1.51646 1.60747 1.72564 1.64745 1.76430 1.78802 1.50777 1.42880 1.15254 0.79420 0.65139 1.11058 0.36553 0.01672 -0.82424 -0.37242 -0.30230 -0.80229 -1.12562 -0.63081 -0.74417 -1.45753 -1.06959 -1.30197 -1.32429 -0.95502 -0.88475 -0.92530 -1.45310 -1.97525 -2.31178 -2.52087 -2.81082 -4.01159 -4.81010 -4.19439 -5.69355 -5.38107 -4.85895 -4.51907 -3.87169 -3.54425 -3.50899 -3.95912 -4.12095 -3.78361 -3.63992 -2.98860 -2.38202 -2.49733 -3.42371 -4.33845
-3.51664 -3.71398 -3.21631 -2.81542 -2.92074 -2.01855 -0.52310 0.88651 2.16894 0.90493 -0.47851 -1.79856 -3.42238 -3.54801 -3.27968 -2.41960 -0.76497 -0.10449 1.05728 1.21597 1.58208 1.65916 1.94918 1.97414 2.08628 2.00762 1.53061 1.04785 1.77096 0.00200 -0.44920 -0.48874 -0.12801 -0.27885 -0.41840 -0.76358 -0.50581 -0.64267 -0.86744 -0.98962 -0.31972 -1.24945 -1.47439 -2.00732 -2.13429 -2.14496 -1.87014 -1.79358 -2.90138 -3.12617 -3.82841 -4.13684 -3.94677 -3.92689 -5.21156 -4.08767 -4.05846 -5.22662 -4.30767 -4.30407 -4.03256 -2.74507 -2.91576 -3.07568 -4.03981 -3.60228 -3.06444 -2.76113 -1.97382 -1.58144 -2.07094 -3.88575 -3.60476
-3.24695 -2.75970 -3.47523 -3.88123 -3.29791 -2.21114 -2.32749 -0.73330 -0.33791 -0.65842 -0.67272 0.00002 -0.41587 -0.83809 -1.65652 -3.09510 -3.52597 -2.86496 -1.99567 -1.23411 0.32683 1.39493 2.19245 2.41267 2.43189 1.84290 0.87589 1.00697 0.92242 0.64307 -0.49893 -0.03912 -0.88206 0.58246 0.33724 -0.20409 -1.34613 -0.98163 -0.23104 -0.05700 -0.57949 -1.11357 -2.64569 -3.18559 -3.33955 -2.94126 -3.14137 -4.14706 -4.65179 -4.36329 -4.97161 -6.07367 -5.25827 -5.92998 -4.39530 -5.16728 -3.82357 -3.07241 -3.11789 -2.49485 -2.57923 -2.46399 -3.34646 -2.52935 -1.81956 -1.58911 -1.85587 -1.85405 -1.26116 -1.16465 -2.56519 -3.57560 -2.36616
-0.97735 -0.90712 -2.42621 -3.44638 -3.27405 -3.39676 -3.02247 -1.53992 0.25705 -3.25134 -2.87499 -1.78879 -3.90224 -5.22145 -4.74112 0.32316 -2.30364 -5.13846 -4.45698 -3.39144 -2.13337 1.64431 2.33250 2.75138 2.77649 2.30369 1.52082 1.54276 0.97920 0.90391 0.67250 0.62427 1.58238 1.06153 0.20942 0.17602 -0.66334 -1.00198 -2.05091 -1.19442 -1.24274 -1.77182 -0.71949 -0.96112 -1.91776 -2.81156 -3.61680 -4.11548 -4.70853 -4.21305 -4.31629 -4.40980 -5.28298 -5.54119 -4.79969 -4.95064 -3.18503 -2.81432 -1.65795 -1.39801 -2.07346 -2.67089 -1.16011 -0.74382 -0.74173 -0.63827 -0.81539 -1.13133 -1.13477 -0.94848 -1.53402 -1.25809 -1.34900
-0.68351 -0.50509 -1.14561 -1.28305 -1.32397 -1.85363 -1.59404 -1.80261 -1.50343 -1.92084 -1.93594 -1.35434 -3.16710 -3.58248 -5.19937 -4.02719 -2.35881 -1.48547 -2.20465 -2.32473 -1.55472 -0.65323 1.32236 2.75261 2.88165 2.80643 2.34188 2.47856 1.70369 1.73523 2.09432 1.45930 1.12080 1.08484 0.84075 0.40949 -0.02844 -0.77555 -2.11742 -2.25475 -2.59276 -2.42341 -0.66602 -0.59154 -1.62687 -2.43193 -3.11266 -4.20386 -4.60058 -3.69305 -3.38373 -4.77808 -3.96331 -3.61879 -3.37222 -2.72978 -3.86487 -2.70693 -2.04388 -1.28091 -1.15849 -0.25987 0.04410 -0.15476 -0.25382 -0.65114 -1.74909 -1.15836 -0.87579 -0.69763 -0.91241 -0.82441 -1.32429
-1.44707 -1.60094 -1.34364 -0.49003 -0.43763 -0.18639 -0.22648 -0.04659 -1.35039 -2.86590 -2.18197 -1.09956 -1.20934 -2.43791 -2.84519 -3.17489 -4.69123 -3.79529 -2.60437 -0.80785 0.09182 -0.01336 -0.23187 0.77033 2.41480 2.53924 2.19007 1.72856 2.06368 1.81283 2.76771 2.12045 1.39073 0.34427 0.20797 -1.23101 -0.47493 -1.99477 -3.62127 -2.54227 -2.46235 -3.66568 -2.98077 -1.79919 -1.91579 -2.18696 -2.05770 -2.85003 -3.44390 -2.13512 -1.63251 -1.70905 -1.30880 -1.58113 -1.85663 -2.33346 -1.78622 -2.33618 -1.19219 -1.14894 -0.73050 -0.41919 -0.12621 0.16710 0.15756 -0.35488 -0.96434 -1.68007 -1.48814 -0.91260 -0.72898 -1.74192 -1.96129
-2.90636 -3.06822 -2.12928 -1.68858 -0.95029 -0.49889 0.23545 -0.78023 -0.88136 -1.60594 -3.61808 -2.54050 -1.05236 -0.87258 -2.26140 -3.16247 -4.06774 -3.85522 -2.85321 -2.26942 -1.67577 -0.47589 0.12435 1.10718 1.13729 2.08563 2.82603 2.18171 3.02125 2.17194 2.53416 0.59490 -0.04696 1.00916 -0.32781 -1.87179 -1.61216 -1.32893 -2.63363 -3.12052 -3.41818 -2.60281 -2.70704 -2.39193 -2.09962 -2.36234 -1.93122 -2.50370 -2.48696 -2.67993 -2.26772 -2.55952 -2.55447 -2.34997 -2.13078 -0.92787 -0.30172 0.22283 0.45479 0.08767 -0.01070 0.08335 -0.04726 0.13176 -0.08505 -0.30625 -1.72104 -2.44224 -2.35467 -1.76535 -1.28314 -1.10601 -0.62510
-3.05537 -3.32699 -3.30106 -1.48017 -1.35260 -0.02401 -0.28918 0.36594 1.26156 0.24623 -1.04298 -2.74426 -2.15489 -2.04108 -2.44597 -1.73277 -2.13533 -1.64444 -3.74056 -1.93636 -0.83949 -0.02694 0.57414 0.27485 -0.42698 1.21963 2.57999 3.12566 1.59026 2.04738 1.99995 0.46246 -0.67895 0.47275 -0.46422 -1.20517 -2.34952 -2.25167 -2.33456 -2.70597 -2.39072 -2.55806 -2.03037 -2.30755 -0.87579 -1.44743 -1.81570 -1.78041 -1.55486 -1.91686 -1.39853 -0.68847 -0.98608 -0.41040 -0.61101 -0.12014 0.59075 0.79314 0.60865 0.30084 0.05790 -0.17770 -1.71840 -1.44376 -1.66474 -1.49937 -1.92425 -1.24568 -1.36033 -1.38130 -1.30188 -1.81072 -2.60898
-2.50912 -3.59762 -3.67742 -4.66319 -3.74870 -1.72960 -1.60287 -1.13936 -0.12451 -1.12433 -0.72933 -1.52257 -3.32534 -2.33319 -1.22865 -0.92033 -1.41693 -1.20249 -0.90496 -2.00090 -1.58480 -0.18049 1.12571 2.22994 1.54717 2.26950 4.03170 3.18176 3.04383 2.51771 1.46729 0.72610 -0.31170 -0.74951 -0.40414 -1.54339 -2.78198 -3.49572 -2.04310 -1.89168 -2.14569 -0.90266 -0.25842 0.28325 1.23408 1.77009 1.60510 1.73941 1.77417 1.69982 1.54754 0.98711 0.36774 0.32825 0.59932 1.18544 1.17911 1.05260 0.60191 0.45154 -0.58821 -2.13496 -2.96841 -2.60897 -2.75308 -2.49460 -1.83200 -1.45865 -1.56333 -1.37797 -1.98690 -1.77120 -1.07823
-2.00644 -1.99270 -3.45952 -3.74010 -5.69731 -4.15746 -2.60195 -3.44191 -3.52056 -2.82407 -2.02551 -3.22965 -2.81696 -1.92598 -2.12891 -1.61417 -0.72060 -0.61710 -0.89866 -1.70251 -2.88701 -0.47708 1.11795 1.62185 0.42559 1.40862 1.64739 0.80605 2.06050 2.32049 0.86939 0.31611 -0.73753 -0.58125 -1.04205 -0.99026 -2.23578 -2.43115 -1.38615 0.27539 -0.37614 0.58183 2.13913 2.18280 1.84089 1.78326 0.82588 1.48005 -9999 -9999 2.01973 1.97122 2.06628 1.32554 1.09985 1.35097 1.18831 0.52817 0.06907 -1.37871 -2.62513 -3.86802 -3.42215 -4.15032 -4.50013 -4.74032 -2.56480 -1.58223 -1.66816 -0.65083 -1.55147 -0.83530 0.06344
-1.45445 -2.18125 -2.52241 -2.24379 -3.98602 -2.32206 -3.06305 -3.85079 -4.15107 -3.14023 -3.44374 -3.54420 -2.54797 -1.94067 -2.74833 -1.74116 -0.74231 -1.63386 -1.02617 -0.31881 -0.31930 -0.51159 -2.02529 -0.55312 -0.57623 0.48640 0.47582 0.80277 0.33321 1.74946 0.78454 -0.27370 -0.73592 -1.20008 -1.66404 0.17032 1.51059 -9999 -9999 -9999 -9999 2.79752 -9999 0.89568 -0.65505 0.50350 0.76638 2.43061 -9999 -9999 1.33817 1.59437 1.70784 1.56501 1.79612 1.22858 0.55924 -0.20249 -0.64502 -1.30389 -2.03525 -2.67836 -1.91303 -4.84564 -5.06944 -4.38886 -1.71552 -1.11132 -0.58538 0.55396 -9999 -9999 -9999
-1.05685 -2.06470 -1.76883 -0.57881 -2.87805 -1.99671 -0.48587 -0.98168 -1.05429 -1.36926 -2.35143 -2.65597 -2.15539 -0.35885 -1.55664 -1.96044 -2.16244 -1.66624 -2.04755 -0.55998 -0.75120 -0.35571 -0.88105 -0.22885 -0.47975 -0.73938 -0.29993 0.19291 -0.00187 -0.10227 -0.57589 -0.45658 -1.54427 -0.30884 0.40958 -9999 -9999 -9999 -9999 -9999 -9999 -9999 1.56002 1.10577 1.15075 -9999 -9999 -9999 -9999 -9999 2.24617 1.82380 0.24096 0.66996 -0.11571 0.30701 0.64024 -0.31428 0.42676 0.17132 -0.56088 -1.37735 -0.70563 -0.60850 -1.63190 -3.44094 -1.35841 0.45577 -9999 -9999 -9999 -9999 -9999
