data/hydroclimate-scenarios/BCSD_hadcm_A1B/monthly_summaries/tavg_monthly_avg_nov.2070-2099.asc
ncols	311
nrows	91
xllcenter	102.75
yllcenter	31.75
cellsize	0.5
NODATA_value	-9999
[rows 0 to 31 of 91, columns 213 to 283 of 311]
-9999 -9999 -9999 -9999 -9999 -9999 -9999 -9999 -9999 -9999 -9999 -9999 -9999 -9999 -9999 -9999 -9999 -9999 -9999 -9999 -9999 -9999 -9999 -9999 -9999 -9999 -9999 -9999 -9999 -9999 -9999 -9999 -9999 -9999 -9999 -9999 -9999 -9999 -9999 -9999 -9999 -9999 -9999 -9999 -9999 -9999 -9999 -9999 -9999 -9999 -9999 -9999 -9999 -9999 -9999 -9999 -9999 -9999 -9999 -9999 -9999 -9999 -9999 -9999 -9999 -9999 -9999 -9999 -9999 -9999 -9999
-9999 -9999 -9999 -9999 -9999 -9999 -9999 -9999 -9999 -9999 -9999 -9999 -9999 -9999 -9999 -9999 -9999 -9999 -9999 -9999 -9999 -9999 -9999 -9999 -9999 -9999 -9999 -9999 -9999 -9999 -9999 -9999 -9999 -9999 -9999 -9999 -9999 -9999 -9999 -9999 -9999 -9999 -9999 -9999 -9999 -9999 -9999 -9999 -9999 -9999 -9999 -9999 -9999 -9999 -9999 -9999 -9999 -9999 -9999 -9999 -9999 -9999 -9999 -9999 -9999 -9999 -9999 -9999 -9999 -9999 -9999
-9999 -9999 -9999 -9999 -9999 -9999 -9999 -9999 -9999 -9999 -9999 -9999 -9999 -9999 -9999 -9999 -9999 -9999 -9999 -9999 -9999 -9999 -9999 -9999 -9999 -9999 -9999 -9999 -9999 -9999 -9999 -9999 -9999 -9999 -9999 -9999 -9999 -9999 -9999 -9999 -9999 -9999 -9999 -9999 -9999 -9999 -9999 -9999 -9999 -9999 -9999 -9999 -9999 -9999 -9999 -9999 -9999 -9999 -9999 -9999 -9999 -9999 -9999 -9999 -9999 -9999 -9999 -9999 -9999 -9999 -9999
-9999 -9999 -9999 -9999 -9999 -9999 -9999 -9999 -9999 -9999 -9999 -9999 -9999 -9999 -9999 -9999 -9999 -9999 -9999 -9999 -9999 -9999 -9999 -9999 -9999 -9999 -9999 -9999 -9999 -9999 -9999 -9999 -9999 -9999 -9999 -9999 -9999 -9999 -9999 -9999 -9999 -9999 -9999 -9999 -9999 -9999 -9999 -9999 -9999 -9999 -9999 -9999 -9999 -9999 -9999 -9999 -9999 -9999 -9999 -9999 -9999 -9999 -9999 -9999 -9999 -9999 -9999 -9999 -9999 -9999 -9999
-9999 -9999 -9999 -9999 -9999 -9999 -9999 -9999 -9999 -9999 -9999 -9999 -9999 -9999 -9999 -9999 -9999 -9999 -9999 -9999 -9999 -9999 -9999 -9999 -9999 -9999 -9999 -9999 -9999 -9999 -9999 -9999 -9999 -9999 -9999 -9999 -9999 -9999 -9999 -9999 -9999 -9999 -9999 -9999 -9999 -9999 -9999 -9999 -9999 -9999 -9999 -9999 -9999 -9999 -9999 -9999 -9999 -9999 -9999 -9999 -9999 -9999 -9999 -9999 -9999 -9999 -9999 -9999 -9999 -9999 -9999
-9999 -9999 -9999 -9999 -9999 -9999 -9999 -9999 -9999 -9999 -9999 -9999 -9999 -9999 -9999 -9999 -9999 -9999 -9999 -9999 -9999 -9999 -9999 -9999 -9999 -9999 -9999 -9999 -9999 -9999 -9999 -9999 -9999 -9999 -9999 -9999 -9999 -9999 -9999 -9999 -9999 -9999 -9999 -9999 -9999 -9999 -9999 -9999 -9999 -9999 -9999 -9999 -9999 -9999 -9999 -9999 -9999 -9999 -9999 -9999 -9999 -9999 -9999 -9999 -9999 -9999 -9999 -9999 -9999 -9999 -9999
-9999 -9999 -9999 -9999 -9999 -9999 -9999 -9999 -9999 -9999 -9999 -9999 -9999 -9999 -9999 -9999 -9999 -9999 -9999 -9999 -9999 -9999 -9999 -9999 -9999 -9999 -9999 -9999 -9999 -9999 -9999 -9999 -9999 -9999 -9999 -9999 -9999 -9999 -9999 -9999 -9999 -9999 -9999 -9999 -9999 -9999 -9999 -9999 -9999 -9999 -9999 -9999 -9999 -9999 -9999 -9999 -9999 -9999 -9999 -9999 -9999 -9999 -9999 -9999 -9999 -9999 -9999 -9999 -9999 -9999 -9999
-9999 -9999 -9999 -9999 -9999 -9999 -9999 -9999 -9999 -9999 -9999 -9999 -9999 -9999 -9999 -9999 -9999 -9999 -9999 -9999 -9999 -9999 -9999 -9999 -9999 -9999 -9999 -9999 -9999 -9999 -9999 -9999 -9999 -9999 -9999 -9999 -9999 -9999 -9999 -9999 -9999 -9999 -9999 -9999 -9999 -9999 -9999 -9999 -9999 -9999 -9999 -9999 -9999 -9999 -9999 -9999 -9999 -9999 -9999 -9999 -9999 -9999 -9999 -9999 -9999 -9999 -9999 -9999 -9999 -9999 -9999
-9999 -9999 -9999 -9999 -9999 -9999 -9999 -9999 -9999 -9999 -9999 -9999 -9999 -9999 -9999 -9999 -9999 -9999 -9999 -9999 -9999 -9999 -9999 -9999 -9999 -9999 -9999 -9999 -9999 -9999 -9999 -9999 -9999 -9999 -9999 -9999 -9999 -9999 -9999 -9999 -9999 -9999 -9999 -9999 -9999 -9999 -9999 -9999 -9999 -9999 -9999 -9999 -9999 -9999 -9999 -9999 -9999 -9999 -9999 -9999 -9999 -9999 -9999 -9999 -9999 -9999 -9999 -9999 -9999 -9999 -9999
-9999 -9999 -9999 -9999 -9999 -9999 -9999 -9999 -9999 -9999 -9999 -9999 -9999 -9999 -9999 -9999 -9999 -9999 -9999 -9999 -9999 -9999 -9999 -9999 -9999 -9999 -9999 -9999 -9999 -9999 -9999 -9999 -9999 -9999 -9999 -9999 -9999 -9999 -9999 -9999 -9999 -9999 -9999 -9999 -9999 -9999 -9999 -9999 -9999 -9999 -9999 -9999 -9999 -9999 -9999 -9999 -9999 -9999 -9999 -9999 -9999 -9999 -9999 -9999 -9999 -9999 -9999 -9999 -9999 -9999 -9999
-9999 -9999 -9999 -9999 -9999 -9999 -9999 -9999 -9999 -9999 -9999 -9999 -9999 -9999 -9999 -9999 -9999 -9999 -9999 -9999 -9999 -9999 -9999 -9999 -9999 -9999 -9999 -9999 -9999 -9999 -9999 -9999 -9999 -9999 -9999 -9999 -9999 -9999 -9999 -9999 -9999 -9999 -9999 -9999 -9999 -9999 -9999 -9999 -9999 -9999 -9999 -9999 -9999 -9999 -9999 -9999 -9999 -9999 -9999 -9999 -9999 -9999 -9999 -9999 -9999 -9999 -9999 -9999 -9999 -9999 -9999
-9999 -9999 -9999 -9999 -9999 -9999 -9999 -9999 -9999 -9999 -9999 -9999 -9999 -9999 -9999 -9999 -9999 -9999 -9999 -9999 -9999 -9999 -9999 -9999 -9999 -9999 -9999 -9999 -9999 -9999 -9999 -9999 -9999 -9999 -9999 -9999 -9999 -9999 -9999 -9999 -9999 -9999 -9999 -9999 -9999 -9999 -9999 -9999 -9999 -9999 -9999 -9999 -9999 -9999 -9999 -9999 -9999 -9999 -9999 -9999 -9999 -9999 -9999 -9999 -9999 -9999 -9999 -9999 -9999 -9999 -9999
-9999 -9999 -9999 -9999 -9999 -9999 -9999 -9999 -9999 -9999 -9999 -9999 -9999 -9999 -9999 -9999 -9999 -9999 -9999 -9999 -9999 -9999 -9999 -9999 -9999 -9999 -9999 -9999 -9999 -9999 -9999 -9999 -9999 -9999 -9999 -9999 -9999 -9999 -9999 -9999 -9999 -9999 -9999 -9999 -9999 -9999 -9999 -9999 -9999 -9999 -9999 -9999 -9999 -9999 -9999 -9999 -9999 -9999 -9999 -9999 -9999 -9999 -9999 -9999 -9999 -9999 -9999 -9999 -9999 -9999 -9999
-14.10160 -14.24160 -14.64620 -15.16960 -15.91440 -16.49690 -9999 -9999 -9999 -9999 -9999 -9999 -9999 -9999 -9999 -9999 -9999 -9999 -9999 -9999 -9999 -9999 -9999 -9999 -9999 -9999 -9999 -9999 -9999 -9999 -9999 -9999 -9999 -9999 -9999 -9999 -9999 -9999 -9999 -9999 -9999 -9999 -9999 -9999 -9999 -9999 -9999 -15.18020 -9999 -9999 -9999 -9999 -9999 -9999 -9999 -9999 -9999 -9999 -9999 -9999 -9999 -9999 -9999 -9999 -9999 -9999 -9999 -9999 -9999 -9999 -9999
-15.08990 -14.98950 -15.13070 -15.37310 -15.70530 -15.94260 -16.19100 -16.30940 -16.29980 -16.28360 -15.61730 -14.97720 -14.38080 -13.79880 -13.53710 -13.28040 -13.00250 -12.93220 -10.96200 -9999 -9999 -9999 -9999 -9999 -9999 -9999 -9999 -9999 -9999 -9999 -9999 -9999 -9999 -9999 -9999 -9999 -9999 -9999 -9999 -9999 -9999 -9999 -17.48500 -16.48900 -16.80570 -17.91900 -18.11170 -17.12080 -14.33670 -9999 -9999 -9999 -11.29370 -9999 -9999 -9999 -10.16730 -10.08980 -10.09920 -9999 -9999 -9999 -9999 -9999 -9999 -9999 -9999 -9999 -9999 -9999 -9999
-15.41970 -15.28720 -14.74520 -14.64970 -14.74550 -14.77960 -14.86460 -15.23910 -15.75670 -16.44800 -16.37300 -17.02540 -16.69220 -17.20810 -17.22450 -16.19420 -15.55480 -15.14490 -15.64600 -16.06010 -15.87530 -16.03790 -15.50100 -14.91400 -14.73380 -9999 -9999 -9999 -9999 -9999 -16.79810 -16.84950 -16.89630 -16.60040 -16.11840 -15.62630 -15.36150 -15.47080 -15.48400 -15.50070 -15.43810 -15.34620 -18.39800 -18.09690 -18.61010 -18.13660 -18.85200 -18.22370 -14.75640 -14.33660 -13.50130 -12.81890 -12.24110 -11.74890 -11.12260 -11.24460 -11.36130 -11.87140 -12.77490 -12.48900 -11.50240 -11.00800 -11.22550 -11.12150 -9999 -9999 -9999 -9999 -9999 -9999 -9999
-13.76560 -13.31030 -12.83550 -13.21750 -13.72110 -14.16100 -15.04230 -16.12480 -16.47220 -16.89420 -17.40750 -17.91430 -17.72180 -18.38650 -17.25680 -16.90210 -15.83660 -15.25240 -15.71650 -15.19360 -15.88820 -16.58390 -15.62140 -16.71780 -16.66830 -16.60220 -16.34680 -16.48040 -16.39000 -16.74140 -16.91990 -17.12190 -17.31560 -16.99190 -16.66750 -16.13260 -15.85030 -15.83270 -15.81170 -15.71190 -15.68090 -15.75810 -15.79270 -15.72920 -15.70560 -15.48220 -15.84700 -15.57610 -15.02340 -14.77740 -14.21860 -13.75190 -13.28940 -12.83080 -12.41070 -12.12230 -11.93570 -11.74050 -11.56410 -11.45620 -11.36920 -11.28890 -11.88530 -12.97480 -12.96880 -12.97380 -12.69260 -12.85000 -12.90500 -13.10700 -13.10360
-15.80680 -15.51920 -14.94590 -14.95370 -15.16820 -15.81810 -15.76020 -16.34850 -16.52140 -17.18070 -17.53710 -17.49410 -15.92630 -14.37010 -13.42940 -13.31810 -13.48690 -13.45010 -14.07640 -14.36060 -15.01120 -15.35800 -14.67310 -15.30820 -16.51700 -17.20820 -17.99420 -18.42980 -18.67840 -18.76890 -18.15580 -17.24390 -17.22520 -16.70770 -16.42440 -16.16070 -15.94910 -15.98660 -15.73550 -15.74090 -15.81010 -15.69710 -15.58790 -15.37430 -15.25120 -15.24190 -15.82960 -15.63060 -15.09880 -14.77120 -14.33720 -14.09020 -13.73810 -13.40860 -12.89600 -12.79950 -12.51630 -12.41820 -12.13420 -12.02180 -11.81350 -11.83140 -12.87000 -13.32370 -13.07270 -13.03860 -13.09980 -13.07020 -13.30460 -13.25530 -13.20970
-15.49270 -15.07700 -15.01170 -15.62840 -16.03000 -15.73070 -15.46390 -15.46260 -15.13720 -15.68810 -15.49790 -14.12090 -11.74290 -11.77880 -11.36830 -11.57110 -12.64160 -13.34970 -14.54990 -15.21410 -14.99500 -15.02490 -14.83460 -15.01400 -16.03320 -16.97940 -17.56790 -19.06200 -19.55580 -19.88280 -18.42260 -16.85670 -16.60870 -16.34430 -16.07230 -15.79570 -15.85230 -15.61220 -15.27030 -15.52700 -15.40070 -15.59050 -15.39560 -15.38700 -15.48660 -15.37470 -15.56480 -15.27050 -15.24540 -14.83170 -14.52400 -14.58290 -14.34470 -13.95340 -13.55530 -13.35710 -13.25420 -13.05780 -12.75980 -12.56270 -12.45720 -12.53950 -13.44890 -13.22410 -13.18190 -13.26100 -13.22230 -13.08860 -13.04660 -12.99920 -12.67490
-14.80110 -14.78460 -14.46780 -14.88650 -14.53040 -14.09830 -13.77450 -13.71720 -13.60050 -13.97390 -13.99500 -14.10050 -14.12410 -14.82260 -14.42070 -14.23670 -14.31020 -14.11570 -12.96760 -13.57560 -14.60560 -14.76030 -15.77380 -16.14620 -17.07400 -17.04950 -16.53460 -16.70740 -17.37040 -19.15300 -17.66990 -16.79670 -15.90450 -15.70260 -15.52990 -15.16640 -15.03910 -14.97800 -15.12280 -15.15750 -15.13920 -15.20990 -15.61170 -15.80290 -15.60330 -15.40320 -15.60290 -15.43460 -15.18780 -15.02450 -14.66100 -14.78760 -14.42110 -14.19370 -13.95820 -13.85020 -13.64930 -13.45240 -13.16450 -12.87250 -12.97730 -12.91070 -13.00010 -13.03400 -12.96040 -13.00240 -12.83990 -12.76660 -12.79570 -12.74240 -12.53260
-13.51600 -14.12190 -13.95610 -12.52410 -11.44280 -11.33600 -12.35850 -13.24120 -13.75810 -14.13250 -15.48550 -16.22600 -16.30290 -16.43180 -16.33860 -15.32590 -14.55970 -13.83330 -12.58680 -13.50230 -14.68310 -15.74770 -15.76090 -16.67560 -17.11100 -16.49850 -16.19260 -16.28270 -16.77730 -17.96980 -18.10240 -16.23560 -15.65270 -15.27950 -15.10510 -14.78550 -14.87920 -14.72080 -14.57400 -14.85940 -14.99670 -14.96140 -15.24260 -15.62440 -15.79530 -15.59400 -15.39270 -15.42840 -14.99770 -15.12990 -15.16080 -14.78200 -14.64180 -14.29360 -14.25260 -13.95060 -13.65760 -13.37490 -12.77940 -12.50910 -12.38680 -12.24470 -12.44350 -12.38530 -12.54760 -12.61250 -12.66260 -13.30660 -13.46090 -13.47190 -13.45270
-13.37320 -13.86760 -13.58440 -13.13560 -12.86120 -13.08110 -13.66550 -14.19660 -14.76020 -15.31070 -15.51290 -15.61350 -16.02610 -16.11330 -14.60340 -12.88780 -11.69620 -11.94060 -11.59090 -12.37800 -14.52520 -15.94820 -16.95720 -16.95230 -16.62660 -15.92380 -15.64390 -15.96280 -16.47390 -16.98840 -18.11070 -16.77440 -16.02180 -15.05970 -14.69350 -14.42130 -14.51570 -14.26670 -14.22190 -14.37310 -14.44730 -14.71610 -14.98120 -15.24330 -15.51910 -15.48900 -15.27670 -15.31470 -14.89040 -14.83620 -14.96830 -14.70310 -14.13490 -14.02230 -13.86940 -13.35010 -13.07370 -13.00130 -13.11200 -12.42380 -12.10600 -12.06470 -11.97170 -12.34400 -12.33690 -12.09770 -12.45640 -13.21300 -13.12780 -13.24930 -13.26290
-12.30980 -13.22100 -13.52860 -13.70780 -12.28640 -10.53750 -9.67410 -9.92382 -10.79210 -11.08430 -11.07670 -11.22050 -12.42030 -15.17470 -13.11190 -11.40470 -9.83961 -10.20670 -11.27660 -11.89090 -13.85560 -15.47750 -16.34020 -16.59260 -17.04170 -16.06590 -16.29290 -16.52910 -16.16600 -15.99460 -16.24710 -15.62850 -15.38400 -15.83320 -15.50300 -15.15650 -15.54510 -15.70620 -15.27720 -15.12840 -15.38700 -14.96240 -14.72790 -14.79140 -15.06470 -15.11700 -14.88220 -15.50080 -15.27550 -15.24170 -14.96500 -14.71610 -14.27140 -14.21450 -14.07470 -13.96900 -13.79230 -13.11500 -12.64530 -12.43500 -12.32510 -12.08030 -12.39790 -12.47380 -12.47100 -12.35350 -13.22570 -13.15450 -13.09910 -13.05010 -13.08070
-10.81820 -10.01640 -9.70805 -10.84120 -10.10370 -8.55669 -7.82320 -7.67211 -9.09541 -10.01340 -10.10690 -10.29240 -10.00050 -10.81280 -10.86140 -10.79790 -11.19140 -10.92550 -10.62130 -11.47150 -12.97110 -15.01350 -15.38670 -15.50290 -16.27160 -16.60460 -16.66190 -17.00060 -17.25230 -17.11330 -16.57940 -15.98740 -16.26820 -16.61180 -17.02710 -17.38130 -17.80100 -17.54320 -17.01610 -16.77490 -17.64670 -17.59750 -16.56560 -16.43540 -15.89520 -15.95040 -14.69950 -14.32240 -14.47360 -14.83810 -14.37990 -13.93130 -14.17500 -14.11360 -13.86160 -13.95540 -13.18910 -12.71480 -12.69330 -13.61070 -13.30910 -12.56860 -12.89570 -13.00790 -12.91010 -12.80750 -13.03350 -13.10070 -13.06630 -12.97320 -12.93290
-11.28130 -11.63800 -11.75560 -11.44170 -10.38300 -9.74065 -10.01680 -10.69310 -9.87847 -10.42830 -10.21140 -10.20290 -9.77156 -9.65643 -9.53573 -10.07080 -10.68200 -10.36700 -11.55450 -11.17260 -11.64520 -14.65480 -15.59970 -16.27210 -16.44570 -16.60280 -17.54920 -17.40010 -17.75750 -17.73210 -18.29120 -18.30030 -18.18720 -18.15910 -18.63330 -18.30070 -18.41460 -18.68530 -18.57410 -18.14490 -18.81600 -18.77830 -18.13010 -18.40030 -18.25820 -18.21440 -17.57910 -16.67340 -15.12300 -14.06180 -14.18830 -13.73470 -13.57100 -14.19970 -14.23890 -13.73530 -13.84410 -13.67500 -13.16050 -12.92860 -12.91070 -13.36410 -13.47650 -13.48070 -12.60320 -11.92610 -12.01330 -12.10120 -12.20500 -12.32320 -12.60450
-10.98610 -11.40430 -11.04270 -10.86240 -10.10720 -9.79473 -9.42068 -9.01045 -9.28571 -9.80646 -10.13480 -10.56080 -10.29200 -10.01070 -10.19680 -10.28880 -10.78360 -11.15980 -11.63980 -12.01910 -12.65880 -12.76960 -14.16700 -14.01690 -15.09820 -16.03890 -16.69260 -16.94280 -16.99300 -16.73510 -16.50100 -16.18550 -16.77940 -16.52210 -17.11820 -17.11790 -16.74930 -17.44080 -17.34870 -17.35240 -17.98080 -18.26350 -17.33110 -17.49240 -17.36110 -17.51970 -17.27500 -16.35970 -15.58890 -14.70500 -14.42120 -13.84440 -13.36740 -14.38780 -15.02130 -14.36500 -13.86860 -13.65870 -13.20140 -12.96500 -12.89770 -12.91770 -12.81500 -12.64270 -12.37540 -12.36440 -11.75790 -11.58240 -11.59960 -11.72040 -12.11630
-9.43413 -8.54275 -8.33256 -8.69165 -8.60901 -9.07553 -9.70593 -9.94749 -9.65579 -9.07105 -9.14412 -9.54690 -10.29300 -10.71640 -10.58490 -10.45310 -10.84630 -11.23690 -11.42570 -12.49160 -12.67060 -12.69360 -12.86740 -12.98550 -13.31290 -13.51590 -13.73390 -14.47670 -14.62390 -14.16230 -13.80710 -14.46880 -14.27550 -14.18400 -13.89140 -13.81590 -15.38100 -15.57780 -16.01640 -16.42280 -16.40100 -16.35900 -16.72460 -16.68490 -16.94090 -16.10890 -16.25140 -16.52650 -16.22750 -15.24250 -14.95060 -14.15830 -13.87460 -13.67050 -13.79700 -14.42760 -13.98860 -13.63220 -13.35110 -12.96660 -12.49320 -12.46390 -12.26830 -12.30370 -11.98260 -11.38640 -11.31410 -11.24980 -11.09290 -11.02420 -11.52450
-10.27170 -9.55267 -9.03345 -9.43284 -10.06220 -9.65954 -9.20144 -9.04852 -8.92976 -8.59491 -8.78521 -9.53151 -9.60011 -10.16090 -11.12730 -12.36870 -12.75650 -12.38660 -10.75920 -11.51890 -12.23530 -11.96420 -12.05680 -11.84640 -12.86210 -12.79310 -13.29780 -13.27540 -13.33540 -13.02600 -13.42780 -13.66210 -13.50440 -13.04330 -14.18940 -14.21610 -14.01480 -14.33140 -15.07910 -15.62600 -15.49080 -15.86110 -16.00770 -15.66510 -15.72930 -15.97350 -16.61280 -16.48350 -15.68440 -15.07750 -15.17850 -14.87360 -14.56910 -14.16640 -13.47090 -14.17420 -13.99820 -13.50220 -12.88870 -12.58950 -12.37800 -12.23210 -11.51530 -11.17750 -10.99700 -10.84550 -10.78640 -10.72740 -10.47140 -10.41530 -10.63550
-8.69723 -5.77854 -6.69956 -8.31529 -8.30971 -9.35413 -9.92097 -9.93205 -9.60404 -9.74952 -10.23490 -10.26210 -9.86175 -9.33400 -9.72186 -9.72789 -10.12400 -12.05780 -9.19354 -9.65545 -10.35100 -11.04560 -11.71140 -11.72190 -13.12300 -13.76520 -12.65850 -12.43230 -12.32420 -11.80800 -11.27030 -11.34610 -11.69360 -12.70020 -13.26450 -12.92870 -13.02490 -13.86910 -14.14590 -13.92350 -14.67280 -14.72610 -15.37920 -15.13060 -15.08910 -15.34630 -15.88280 -16.74810 -16.23300 -16.72260 -16.10510 -15.89200 -14.57820 -13.86480 -13.35320 -12.73610 -13.06940 -12.86200 -12.22660 -11.90590 -11.65480 -11.28890 -10.87580 -10.50230 -10.44720 -10.29760 -10.16470 -10.11610 -9.97048 -9.71612 -9.64906
-4.01895 -3.88734 -5.36772 -7.24468 -9.75265 -10.37920 -10.27540 -10.47420 -10.65910 -10.42740 -10.45290 -10.47830 -9.15218 -10.03210 -11.52610 -10.95300 -10.91250 -9.84431 -10.92930 -10.97880 -9.51955 -9.12571 -9.37660 -10.68780 -11.44740 -11.98910 -12.34350 -12.77820 -11.75350 -10.48980 -10.15260 -10.46670 -10.31630 -11.59540 -11.86010 -12.38040 -11.49980 -12.35420 -12.71150 -12.58470 -12.93970 -13.49500 -13.75250 -15.00390 -14.14740 -14.60710 -14.54850 -15.01990 -15.79720 -15.91880 -15.87190 -15.36330 -14.54140 -14.13030 -13.42460 -11.92680 -12.26780 -12.23970 -11.79930 -11.76540 -12.00010 -12.30800 -12.03610 -11.59560 -11.15130 -10.19970 -9.46184 -9.22208 -9.26878 -9.12771 -9.05344
-4.63666 -5.21870 -3.33731 -3.71469 -6.03633 -7.95839 -8.46301 -9.49222 -9.67334 -8.77626 -8.79317 -8.85482 -8.27425 -7.85887 -9.72528 -10.45270 -10.25680 -9.93321 -11.57340 -10.93140 -10.63930 -10.21790 -9.84657 -10.89830 -11.97120 -11.97270 -11.36850 -10.39080 -10.96590 -10.02700 -9.62229 -9.32563 -8.46875 -9.52197 -10.08340 -11.04470 -11.36650 -11.31830 -11.26460 -11.18380 -12.11510 -12.65930 -12.01470 -13.04800 -12.67450 -12.48270 -13.23420 -13.52750 -13.44760 -12.78500 -13.32680 -13.73430 -14.25000 -13.74370 -13.92260 -12.58740 -11.90150 -12.09740 -11.20040 -10.87700 -10.51090 -10.05550 -10.22570 -9.77619 -9.34774 -8.85212 -8.69821 -8.54283 -8.68917 -8.73896 -8.56234
-1.11671 -9999 -1.52366 -1.34770 -2.18007 -3.58279 -9999 -5.74403 -4.34160 -5.77289 -6.45258 -6.58412 -6.59410 -7.37307 -8.03528 -7.37552 -6.95781 -8.53790 -11.16030 -13.18000 -13.83900 -15.20800 -11.11850 -10.24850 -10.43460 -10.76400 -10.46790 -10.27350 -9.51887 -9.00728 -8.43285 -7.39020 -7.97617 -8.28545 -9.18584 -9.23682 -9.58292 -10.83370 -11.45280 -11.62900 -11.34820 -12.37140 -11.53740 -11.15880 -12.46210 -12.17350 -12.49730 -12.38330 -11.94770 -12.02070 -11.99710 -12.46260 -13.59830 -13.28880 -12.98850 -11.75480 -11.13800 -11.06580 -10.76030 -10.40030 -10.15100 -9.46083 -9.23338 -8.69264 -8.49613 -8.36293 -8.14008 -7.98089 -8.20816 -8.15021 -8.07461
