data/hydroclimate-scenarios/BCSD_hadcm_A1B/monthly_summaries/tavg_monthly_avg_jun.2070-2099.asc
ncols	311
nrows	91
xllcenter	102.75
yllcenter	31.75
cellsize	0.5
NODATA_value	-9999
[rows 32 to 63 of 91, columns 0 to 71 of 311]
-9999 -9999 -9999 -9999 -9999 -9999 -9999 -9999 -9999 -9999 -9999 16.89380 16.70290 16.91100 16.80420 16.31190 16.31960 16.30070 16.31000 16.50980 16.37910 16.73300 17.38120 17.22960 17.47780 17.53390 17.27160 17.43530 17.48500 17.75080 17.33220 17.41450 17.68910 17.65180 17.22260 18.00670 18.00790 18.08690 17.67960 17.38690 17.28000 17.36230 17.46420 17.10390 16.84240 16.81280 16.84290 16.39380 16.34020 16.69490 16.75220 16.74720 16.73010 16.72880 16.94880 17.24480 17.25880 17.37050 17.48260 17.30840 17.21890 17.32390 17.33190 17.43860 17.45710 17.30660 16.12740 14.73690 13.03520 11.44740 11.84130 9.54576
-9999 -9999 -9999 -9999 -9999 -9999 -9999 -9999 -9999 -9999 -9999 17.01400 16.72270 16.84350 16.64370 16.65270 16.55560 16.75800 16.96360 17.06930 17.04770 17.30040 17.66700 17.51980 17.07250 16.63760 16.49030 16.86110 17.50600 18.35700 17.72640 17.68860 17.65490 17.81960 17.89100 18.27220 18.18940 18.08320 17.80490 16.70080 17.41080 16.62110 17.22930 17.19270 16.72770 16.47900 16.33590 16.35940 16.31040 16.45680 16.49400 16.95200 16.91920 17.20050 17.47530 17.56050 17.43880 17.22300 17.34060 17.33850 17.25480 17.16260 17.75980 17.76690 17.36240 16.41560 15.74000 14.55850 13.38030 11.90110 12.22860 10.06130
-9999 -9999 -9999 -9999 -9999 -9999 -9999 -9999 -9999 -9999 -9999 -9999 17.25920 17.27590 17.19270 17.20880 17.32050 17.53370 17.84940 18.05640 17.93920 17.70100 17.05310 16.51500 16.17780 14.63490 15.09630 15.07140 16.41010 17.07510 17.43020 18.19530 18.06930 18.13080 18.00630 17.89170 17.69790 17.80720 17.62340 16.93480 16.94380 16.96030 16.96710 17.63300 17.28490 16.93680 17.19450 17.34710 17.29300 17.33520 17.57770 17.43030 17.28220 17.45770 17.23470 17.32110 17.48950 17.66750 17.46590 17.66440 17.76240 17.76130 17.17240 16.83420 16.52700 15.97870 15.59610 14.23280 11.74290 10.65490 12.27550 11.40090
-9999 -9999 -9999 -9999 -9999 -9999 -9999 -9999 -9999 -9999 -9999 -9999 17.39960 17.53520 17.46750 17.68980 18.11250 18.23430 18.25440 18.06130 18.06220 16.10780 15.56810 15.03360 13.97860 14.84040 15.50320 14.37200 15.72110 15.89100 16.05440 16.44080 18.00560 18.37690 18.24390 18.21630 17.81800 18.13080 18.15190 17.54720 17.35450 16.96190 17.07690 17.54290 17.83280 17.79660 18.16890 17.83420 17.78600 17.14730 17.00680 17.47550 17.54340 17.53170 17.91640 17.90660 18.08780 18.27850 18.16800 18.07140 17.86400 16.45390 16.14050 15.59500 15.74080 16.07770 14.87640 13.97050 12.56560 11.85700 11.05940 11.46040
-9999 -9999 -9999 -9999 -9999 -9999 -9999 -9999 -9999 -9999 -9999 -9999 17.55880 18.19550 18.12930 18.15900 18.19560 18.12350 17.75810 17.28650 16.97460 15.82350 15.57970 14.73770 14.78490 14.34130 15.10290 16.17120 15.73990 16.60790 17.07930 18.16690 17.74630 17.52640 18.48380 18.75510 18.55680 18.35420 18.55830 18.15540 17.06500 16.27090 17.06340 17.47060 17.76060 17.44670 17.44040 16.61140 16.78520 17.75490 17.73670 17.90890 18.19250 18.09400 18.39670 18.40580 18.30970 18.19920 17.88690 17.37560 17.25690 16.12690 16.20200 16.44100 15.58920 14.88510 14.15750 13.73070 11.98470 11.96030 11.82730 11.38710
-9999 -9999 -9999 17.52370 17.44500 17.33900 17.63750 17.73100 17.41990 -9999 17.61610 17.80810 18.21070 18.45250 18.48470 18.23590 18.07110 18.11700 17.15690 16.68670 16.78650 16.42370 15.99060 15.73400 15.39020 15.55220 16.20050 15.18020 15.34250 14.12480 16.00780 17.48970 16.89230 15.26160 17.01700 17.49340 17.17930 17.06760 17.45250 17.95630 17.86020 16.85910 17.36940 17.67910 17.19570 16.39860 15.38890 16.78410 16.87900 16.96950 16.65480 16.64730 16.34170 15.26880 16.08630 14.79150 14.19790 17.21810 15.98630 16.97020 17.33710 16.39530 16.06340 15.49670 15.43780 14.91130 13.72500 12.86310 12.60650 11.85520 11.08560 10.33170
-9999 -9999 -9999 18.02220 18.02250 17.83150 17.53240 17.64670 17.84760 17.84920 18.34760 18.64440 18.06260 18.10920 17.45980 16.80860 16.46500 16.51660 16.35020 16.49100 16.79360 15.94830 16.79940 17.14500 16.19670 16.45460 15.91570 15.56720 14.74970 13.74130 15.32530 15.32160 15.52370 14.78520 15.44190 15.61870 15.80420 14.78980 16.76530 15.55370 15.54690 16.73650 17.44190 16.68010 16.11240 14.94560 15.05050 17.16240 15.96290 15.57920 15.28830 15.29150 14.79750 14.72270 16.35400 15.27930 16.40960 16.43060 15.30760 15.75110 16.02350 15.58000 15.11570 15.05230 14.48470 15.14550 14.23040 14.22090 13.12650 12.04210 10.65090 10.37420
-9999 -9999 -9999 18.32200 18.13380 17.64120 17.55530 17.85130 18.26710 18.66950 18.48000 18.28650 17.48930 16.54640 15.20120 16.05470 15.50680 15.65120 16.48700 16.72320 16.32150 15.48170 16.03900 15.47910 14.44440 15.50170 15.45730 15.22350 15.40880 13.20110 11.69200 12.89650 14.68160 14.84480 14.40820 14.78250 15.57040 15.74310 16.12680 15.50400 15.38200 16.08090 16.87500 17.02330 17.67450 16.49290 16.31980 16.14500 15.96040 14.87120 14.19180 15.99250 15.51590 15.64840 16.28310 16.02120 16.55720 16.88510 15.84930 15.60560 16.36180 16.21850 16.35080 14.99040 14.91760 14.63950 13.85000 12.76260 10.57930 9.91655 8.75587 9.69739
-9999 -9999 -9999 18.36840 19.05950 17.97720 18.47960 17.98480 17.89160 17.79500 18.31550 18.41880 16.42940 15.67050 15.22100 15.36640 14.69740 14.43250 14.86420 15.69740 14.49100 13.35410 12.21340 13.37870 14.04190 15.00350 15.56000 15.31570 13.01640 11.40450 12.49670 15.69050 14.15870 12.22180 12.30250 13.47110 15.25270 16.63520 15.82000 16.30990 15.99990 14.78320 14.18060 15.51550 17.94790 16.27890 15.50690 16.73020 15.04090 15.65780 14.27800 15.38190 15.21330 14.34420 15.37380 15.71330 16.14100 15.46660 14.93510 14.99770 13.65940 15.30950 15.45990 15.09570 14.54570 14.40730 13.40400 11.99760 9.47806 8.57683 9.79232 10.80830
-9999 -9999 -9999 18.59170 19.31410 17.71010 17.82300 17.82280 17.22900 17.62530 18.64130 17.36200 15.75580 14.68920 13.52750 14.06350 13.49510 14.21940 15.73830 16.65730 15.16180 14.02520 12.98670 15.05830 15.63170 16.19710 17.16020 16.02870 14.02060 12.51230 12.39630 13.27660 12.65540 13.32220 13.88620 14.26310 14.34910 15.74090 16.33250 16.31470 15.40090 14.68410 14.27220 14.61300 16.03200 16.15400 16.18730 16.11900 15.73720 15.43640 15.14880 16.46600 15.59660 13.92600 15.96640 14.49810 16.13000 16.14500 15.32180 13.69340 14.16910 14.51750 14.56060 13.21250 12.86940 13.96300 12.73560 10.61820 9.18529 10.06190 11.22900 -9999
-9999 -9999 -9999 -9999 17.74720 17.24910 17.65630 16.66010 16.54980 17.06430 18.37690 17.49670 13.70360 15.82930 -9999 -9999 -9999 -9999 -9999 12.64130 12.62440 13.48450 12.66300 11.63710 12.91330 14.19190 16.65460 15.73210 14.72800 15.11050 14.29300 13.87730 13.54850 14.71920 16.19530 16.66760 15.96410 16.84800 16.63850 16.62920 16.82500 16.40760 15.69540 14.91520 15.62450 16.24820 16.06690 14.98470 15.90580 16.71200 15.92680 15.53860 16.37260 14.80960 14.45200 13.68710 13.40880 13.63340 13.71210 14.39410 13.66280 13.02400 13.08260 13.43460 13.38690 12.43490 12.38690 12.93890 12.79000 -9999 -9999 -9999
-9999 -9999 18.44980 17.87670 17.59210 17.89290 17.58150 16.09190 17.19220 17.30990 18.41540 17.13230 13.92940 -9999 -9999 -9999 -9999 -9999 10.69880 12.60310 12.70000 14.45760 14.63820 13.31930 13.69300 14.38010 16.86330 16.94050 16.51880 16.50820 15.77530 15.25750 15.54730 15.41980 16.00290 17.19130 16.58170 16.78400 16.66300 16.66020 16.15720 16.33990 15.82340 16.13560 16.83720 16.93830 16.85030 17.06730 17.87770 18.89760 18.50950 18.02500 17.45400 18.00050 16.53160 17.25860 15.98830 14.41100 14.20430 16.08680 15.76760 15.22700 15.07830 14.55150 14.91260 14.81200 14.73610 -9999 -9999 -9999 -9999 -9999
-9999 -9999 18.41900 18.14510 18.35040 18.16750 18.14440 16.65530 17.15760 17.85720 17.17160 16.77560 16.88460 -9999 -9999 -9999 -9999 14.97040 11.97340 14.26040 14.14860 14.71260 14.60890 15.18600 16.36630 17.65300 17.35140 16.81520 16.88430 17.26670 16.45510 15.33290 16.10600 16.68780 16.47710 16.77070 17.08070 17.19290 16.08730 15.28660 15.88920 15.27250 15.06830 15.77570 15.77590 16.77290 17.77370 17.36940 19.57880 19.10410 19.40690 19.53460 19.65540 19.38800 19.02260 20.44130 19.36570 16.38400 15.67940 16.87750 17.15710 15.42600 16.19150 17.37450 17.93910 -9999 -9999 -9999 -9999 -9999 12.71770 -9999
-9999 -9999 19.03180 17.84650 18.06600 17.85790 18.04680 17.64570 17.34290 17.43280 16.44260 16.34640 18.74560 -9999 -9999 -9999 -9999 12.96890 13.44590 14.32500 14.38630 15.57160 16.55920 17.14680 16.95320 17.55120 16.52210 17.19590 16.95140 17.01880 16.20930 16.18340 15.87050 15.84970 16.63910 16.44210 16.25400 16.37410 15.69750 16.51100 16.32310 16.62180 16.51910 15.74050 16.53000 16.23340 16.83180 17.03090 18.32630 18.73450 20.33960 19.65110 19.66450 19.28990 19.10420 21.12370 20.94720 18.55270 18.56370 18.65920 20.04350 19.72270 19.50080 18.08580 16.36620 15.33660 16.89130 14.84400 15.28990 -9999 -9999 -9999
-9999 -9999 -9999 18.44680 17.96740 18.07130 18.45600 18.84940 18.04730 17.23620 18.32290 18.52250 -9999 -9999 -9999 -9999 14.40980 13.78140 15.04670 15.40270 15.86510 17.04520 16.74020 17.04360 16.92280 16.91760 16.88790 16.56590 16.82810 15.08840 15.26390 16.23420 16.91490 16.91460 16.98970 17.50840 17.92480 18.14500 18.17500 18.30510 17.82960 17.75960 17.07430 17.38090 18.66990 18.27210 19.17340 19.98200 19.67660 19.97740 19.27090 19.68460 20.18960 19.19690 18.30470 18.71250 18.81610 17.53480 17.73730 19.14780 19.13450 18.93080 16.72090 12.92440 10.60870 14.94530 16.61820 16.07160 16.34860 15.01650 -9999 -9999
-9999 -9999 -9999 -9999 18.97500 18.67590 18.75960 18.33930 17.53450 19.42180 19.99730 -9999 -9999 -9999 -9999 15.65740 14.72010 15.68100 16.53670 16.28820 16.94420 17.59210 17.31810 16.43040 16.50220 17.48450 17.66730 17.54340 16.92080 16.68270 16.05220 17.81360 18.07880 17.86270 16.94680 17.66250 17.99900 18.42640 18.16740 18.40500 17.73130 17.67090 17.78880 18.40260 19.30430 19.30190 19.59650 20.20850 20.50710 20.71560 20.90840 20.92480 20.42670 20.13100 20.31100 20.80500 21.09870 18.60300 18.42570 19.42920 17.93290 16.23870 15.65210 15.65680 13.96040 15.25040 17.33650 17.71590 16.39930 16.28790 15.87550 15.16950
-9999 -9999 -9999 -9999 -9999 -9999 19.04860 19.33080 20.30040 20.47940 20.05990 -9999 -9999 -9999 -9999 -9999 16.62550 16.88120 17.33540 16.86460 16.81880 19.80440 17.11120 16.59160 16.96570 18.25420 18.72880 18.21830 18.40340 18.06790 17.43500 18.09570 18.74920 17.42420 17.70360 18.62550 18.06400 17.41550 18.35210 17.48810 17.33970 16.38280 16.60590 17.82820 18.23970 19.52280 20.21970 20.52430 20.63510 20.83980 21.24230 20.95010 21.26470 21.15050 20.93780 21.12440 20.71580 19.79080 19.21700 18.63150 17.24550 16.06220 15.37870 14.29710 12.80890 14.56200 17.16350 19.05790 18.05310 16.95880 16.05900 15.76500
-9999 -9999 -9999 -9999 -9999 -9999 -9999 -9999 -9999 -9999 -9999 -9999 -9999 -9999 -9999 -9999 -9999 -9999 -9999 17.27770 17.34870 19.24760 18.12660 17.92930 18.01370 18.50150 18.38810 19.68140 19.67380 18.54130 18.19490 19.03330 17.98240 18.05780 17.94120 18.25670 18.59630 17.83610 17.86900 16.80390 16.34940 16.70190 17.25010 17.95700 18.46390 19.54530 20.55060 20.85350 21.04750 21.06390 21.36640 21.68510 21.59470 22.08570 21.76840 21.34820 20.92010 20.59790 19.41260 18.63760 16.35300 16.46960 15.58060 14.00360 13.22220 16.70230 18.66290 19.91940 19.17660 16.63970 15.81070 15.87290
-9999 -9999 -9999 -9999 -9999 -9999 -9999 -9999 -9999 -9999 -9999 -9999 -9999 -9999 -9999 -9999 -9999 -9999 17.80540 17.59180 18.38310 19.19270 19.30200 19.29530 19.61020 19.50850 20.00900 19.82470 19.40660 18.85750 18.90830 18.34890 17.87370 18.04880 18.24400 18.74670 18.37910 18.50810 17.42390 16.75220 16.29360 17.02620 17.28360 17.58000 18.07860 18.57570 19.97050 21.05540 21.75530 21.56430 21.76630 21.88370 22.09740 21.88350 21.46980 21.94730 21.51520 19.28770 17.81920 18.51590 18.63960 18.55490 17.16150 15.98220 14.89650 17.46700 18.83570 19.71500 19.28010 18.36180 17.22950 14.58360
-9999 -9999 -9999 -9999 -9999 -9999 -9999 -9999 -9999 -9999 -9999 -9999 -9999 -9999 -9999 -9999 -9999 18.06930 18.06680 18.97220 18.98650 19.20740 19.44380 19.86530 20.29010 20.11390 20.42230 19.95430 18.72090 18.46410 18.41360 18.74860 18.37660 19.23520 19.22400 18.22440 17.34740 17.57480 17.79040 16.90320 16.82210 17.56670 17.49220 18.30690 18.80620 19.49040 20.18140 20.56600 21.86670 21.75930 22.37980 22.58660 22.29460 21.69680 21.67060 21.73800 21.01780 19.19120 18.30570 19.02250 20.52730 19.03310 15.43890 14.74780 17.66900 18.45730 18.32200 19.50980 19.17990 18.55400 16.44230 16.20850
-9999 -9999 -9999 -9999 -9999 -9999 -9999 -9999 -9999 -9999 -9999 -9999 -9999 -9999 -9999 -9999 -9999 18.02210 18.44030 17.66370 18.39720 18.92720 19.57150 20.42090 21.96480 21.00700 21.04270 20.67730 20.33310 19.37670 19.31900 19.54800 19.77750 20.43000 19.31100 18.41410 17.83280 17.74350 16.54980 16.76060 17.06620 17.99950 18.42570 19.23920 19.53620 21.50550 21.89880 20.28170 20.96570 22.26990 22.68920 22.59060 22.29040 22.19120 22.07310 21.44180 19.70810 19.49260 20.00230 20.20820 19.41390 17.91220 17.42030 16.84260 14.84850 16.24070 18.20590 17.20170 18.68920 18.66430 18.13340 15.61470
-9999 -9999 -9999 -9999 -9999 -9999 -9999 -9999 -9999 -9999 -9999 -9999 -9999 -9999 -9999 -9999 16.63540 16.78160 16.81700 17.25700 18.92310 20.25710 20.12200 21.37850 23.23480 21.59420 21.95560 22.70150 21.84610 20.38770 20.11930 20.55900 20.47680 21.22320 20.49270 19.60110 18.50890 17.81480 16.83340 17.82060 18.31290 18.64570 18.86650 20.07470 20.78130 21.94500 22.32340 20.29950 20.97930 22.38760 22.69390 22.59270 22.18540 22.29050 22.08250 21.75130 21.22000 20.57820 20.49100 19.60350 19.80990 19.01520 17.61970 15.23010 16.53810 17.22730 17.80140 18.39470 19.58830 18.96030 17.74840 15.53480
-9999 -9999 -9999 -9999 -9999 -9999 -9999 -9999 -9999 -9999 -9999 -9999 -9999 17.12540 16.27360 16.41110 16.14010 15.18040 16.34090 18.57660 19.42930 18.98970 20.25420 20.72110 20.78910 22.64020 22.70750 22.65440 22.48970 22.34630 21.98770 21.72910 21.35280 21.28830 20.65630 19.66750 19.38880 19.19910 18.30510 18.40760 18.80650 19.83860 20.46090 21.85560 22.04280 22.11170 22.07200 22.03710 21.79350 21.76640 21.67160 21.77380 21.86700 22.66320 22.66690 21.94790 21.71050 21.67390 21.47980 20.99220 20.50630 20.42290 19.83970 19.64690 20.35510 21.23500 21.01300 20.30070 19.58800 18.77130 16.95860 14.73310
-9999 -9999 -9999 -9999 -9999 -9999 -9999 -9999 -9999 -9999 -9999 -9999 17.79940 17.13550 16.65340 16.67750 16.79700 16.72580 16.87890 20.01150 19.34710 20.20250 20.77000 21.02530 21.19810 23.06470 22.85440 23.04740 22.61880 22.65420 22.49730 22.24390 21.90600 21.74070 21.51350 20.52270 19.85300 19.60090 18.91530 19.41750 19.44090 20.46680 21.21870 22.28440 22.55620 22.59660 22.43510 22.26820 21.90370 21.54010 21.71060 21.81490 21.72460 22.42930 22.73370 22.72030 22.28060 21.15300 20.35960 20.38780 20.39610 21.12690 20.95720 20.36800 20.99370 21.76120 21.14070 20.32250 19.50060 17.48510 15.15350 14.81390
-9999 -9999 -9999 -9999 -9999 -9999 -9999 -9999 -9999 -9999 -9999 15.54120 16.23970 16.13060 17.14490 18.36320 18.67650 18.89120 19.00720 19.23910 19.76920 21.23940 21.38360 21.44620 21.41110 21.46860 21.44150 22.63150 23.32180 23.37410 22.82090 22.47060 22.22130 21.88180 21.65430 20.26290 19.13630 18.97450 19.40270 19.94680 20.87820 21.39810 22.44880 22.99730 23.02970 23.08950 22.89610 22.60420 22.31990 21.92510 21.76460 20.25950 20.96880 21.07060 21.27970 21.79740 22.44570 21.51260 22.33640 22.57410 22.21320 22.94250 22.96240 22.69350 22.42440 22.20580 21.18030 20.44990 18.31990 16.19360 13.66040 12.20050
-9999 -9999 -9999 -9999 -9999 -9999 -9999 -9999 -9999 -9999 16.29520 16.07260 17.54530 16.93690 18.43440 19.43470 19.64620 19.66200 19.57740 19.68230 20.30730 21.75270 21.90030 21.86580 21.92000 21.81260 21.73070 23.42810 23.52190 23.31050 23.16800 22.91970 22.55930 22.12030 21.40180 19.92420 19.20670 19.26340 20.11500 20.77090 21.91610 22.75860 23.99950 23.69310 23.62470 23.65260 23.35380 23.03960 22.82510 22.41160 21.93390 20.22220 20.89760 20.80910 21.23080 21.74890 21.33850 21.60930 22.83700 22.87860 22.80170 23.14110 22.88320 22.81490 22.45210 21.94850 21.11310 19.87590 17.42440 14.60770 12.64670 12.88930
-9999 -9999 -9999 -9999 -9999 -9999 -9999 -9999 -9999 18.66320 18.83930 18.80200 18.67120 18.85510 19.44800 19.73650 19.92580 20.33860 20.94430 21.23830 21.55850 21.59510 21.54170 22.05630 22.21400 22.64090 23.03450 22.92830 22.83240 23.02970 23.50240 22.26260 21.80460 20.45590 19.33870 18.67400 18.26860 19.84860 20.53060 22.39210 23.45580 24.51280 25.36660 25.25880 25.04050 24.82530 24.72210 23.47170 23.03910 22.79030 22.19290 20.87590 20.26750 18.45880 18.37860 22.40300 22.81510 23.28320 23.33700 23.38110 23.02870 23.16330 22.90960 22.54720 22.19410 21.18640 20.13870 18.09860 16.14590 14.49260 13.84590 13.26800
-9999 -9999 -9999 -9999 -9999 -9999 -9999 -9999 -9999 -9999 19.49410 19.48900 19.47780 20.04950 21.22940 20.61820 20.49810 20.86150 21.05200 21.15660 21.08580 21.73140 21.87610 -9999 -9999 -9999 -9999 -9999 -9999 23.13960 23.14190 22.40270 21.85050 20.40090 19.09700 18.95370 18.94520 20.51760 21.47400 23.24930 24.21030 25.16690 25.73460 25.61650 25.48420 24.97200 24.63920 23.90220 23.34590 23.21120 22.60680 21.68460 20.46940 18.66870 18.47100 22.78900 23.41920 23.51630 23.45670 23.39700 23.33020 22.96710 22.61290 22.13980 19.98620 20.27180 18.42850 16.78050 13.13460 13.09960 12.15130 13.09030
-9999 -9999 -9999 -9999 -9999 -9999 -9999 -9999 -9999 -9999 -9999 -9999 19.99590 20.68630 20.96370 23.14500 22.90240 22.98150 22.85680 -9999 -9999 -9999 -9999 -9999 -9999 -9999 -9999 -9999 -9999 -9999 -9999 -9999 -9999 21.19130 19.30440 19.94660 20.11560 21.65630 23.08830 24.13050 24.76150 25.51790 25.75730 25.76340 25.55540 25.35920 25.15200 24.71260 24.48210 24.05250 23.37700 20.84060 20.33220 20.43560 20.63450 23.03820 22.96210 23.16070 23.39460 23.51480 23.24220 22.55950 21.87520 21.40270 20.63870 19.73160 17.59230 16.05930 14.52530 14.67560 13.84980 14.00900
-9999 -9999 -9999 -9999 -9999 -9999 -9999 -9999 -9999 -9999 -9999 -9999 -9999 -9999 -9999 -9999 -9999 -9999 -9999 -9999 -9999 -9999 -9999 -9999 -9999 -9999 -9999 -9999 -9999 -9999 -9999 -9999 -9999 -9999 20.51700 20.25320 21.98310 22.49610 23.69960 24.60900 25.13510 25.34050 25.57810 25.90060 25.72640 25.54730 25.14230 24.95900 24.54940 24.14160 23.56680 21.42830 20.80650 20.80510 20.80600 23.50910 23.11970 22.12020 22.43420 22.94110 22.84750 22.26070 22.36140 21.58260 20.79260 19.07770 16.75030 15.23250 13.31140 13.88280 14.74400 -9999
-9999 -9999 -9999 -9999 -9999 -9999 -9999 -9999 -9999 -9999 -9999 -9999 -9999 -9999 -9999 -9999 -9999 -9999 -9999 -9999 -9999 -9999 -9999 -9999 -9999 -9999 -9999 -9999 -9999 -9999 -9999 -9999 -9999 -9999 21.63080 21.64810 21.44810 23.14010 24.81520 26.21330 26.21350 26.18560 26.18920 25.83600 25.68580 25.34700 25.17060 24.90630 24.63180 23.53260 22.95790 22.62220 22.79280 20.27340 20.37230 22.59150 23.18950 23.08610 22.77650 22.96300 23.04980 22.84330 22.14260 20.75050 19.65830 17.33660 16.41090 14.80880 13.00180 14.06910 -9999 -9999
-9999 -9999 -9999 -9999 -9999 -9999 -9999 -9999 -9999 -9999 -9999 -9999 -9999 -9999 -9999 -9999 -9999 -9999 -9999 -9999 -9999 -9999 -9999 -9999 -9999 -9999 -9999 -9999 -9999 -9999 -9999 -9999 -9999 -9999 -9999 -9999 -9999 -9999 25.74230 26.50590 26.47410 26.23520 26.20440 25.97110 25.64910 25.52850 25.30270 25.05120 24.71120 23.63210 23.23990 23.01560 23.08790 20.67500 20.35320 22.65160 22.66010 22.96700 22.64000 23.00260 22.66170 22.34000 20.72310 19.62450 17.21010 16.59780 15.37920 14.98410 15.56230 -9999 -9999 -9999
