data/hydroclimate-scenarios/BCSD_hadcm_A1B/monthly_summaries/tavg_monthly_avg_jul.2070-2099.asc
ncols	311
nrows	91
xllcenter	102.75
yllcenter	31.75
cellsize	0.5
NODATA_value	-9999
[rows 0 to 31 of 91, columns 0 to 70 of 311]
-9999 -9999 -9999 -9999 -9999 -9999 -9999 -9999 -9999 -9999 -9999 -9999 -9999 -9999 -9999 -9999 -9999 -9999 -9999 -9999 -9999 -9999 -9999 -9999 -9999 -9999 -9999 -9999 -9999 -9999 -9999 -9999 -9999 -9999 -9999 -9999 -9999 -9999 -9999 -9999 -9999 -9999 -9999 -9999 -9999 -9999 -9999 -9999 -9999 -9999 -9999 -9999 -9999 -9999 -9999 -9999 -9999 -9999 -9999 -9999 -9999 -9999 -9999 -9999 -9999 -9999 -9999 -9999 -9999 -9999 -9999
-9999 -9999 -9999 -9999 -9999 -9999 -9999 -9999 -9999 -9999 -9999 -9999 -9999 -9999 -9999 -9999 -9999 -9999 -9999 -9999 -9999 -9999 -9999 -9999 -9999 -9999 -9999 -9999 -9999 -9999 -9999 -9999 -9999 -9999 -9999 -9999 -9999 -9999 -9999 -9999 -9999 -9999 -9999 -9999 -9999 -9999 -9999 -9999 -9999 -9999 -9999 -9999 -9999 -9999 -9999 -9999 -9999 -9999 -9999 -9999 -9999 -9999 -9999 -9999 -9999 -9999 -9999 -9999 -9999 -9999 -9999
-9999 -9999 -9999 -9999 -9999 -9999 -9999 -9999 -9999 -9999 -9999 -9999 -9999 -9999 -9999 -9999 -9999 -9999 -9999 -9999 -9999 -9999 -9999 -9999 -9999 -9999 -9999 -9999 -9999 -9999 -9999 -9999 -9999 -9999 -9999 -9999 -9999 -9999 -9999 -9999 -9999 -9999 -9999 -9999 -9999 -9999 -9999 -9999 -9999 -9999 -9999 -9999 -9999 -9999 -9999 -9999 -9999 -9999 -9999 -9999 -9999 -9999 -9999 -9999 -9999 -9999 -9999 -9999 -9999 -9999 -9999
-9999 -9999 -9999 -9999 -9999 -9999 -9999 -9999 -9999 -9999 -9999 -9999 -9999 -9999 -9999 -9999 -9999 -9999 -9999 -9999 -9999 -9999 -9999 -9999 -9999 -9999 -9999 -9999 -9999 -9999 -9999 -9999 -9999 -9999 -9999 -9999 -9999 -9999 -9999 -9999 -9999 -9999 -9999 -9999 -9999 -9999 -9999 -9999 -9999 -9999 -9999 -9999 -9999 -9999 -9999 -9999 -9999 -9999 -9999 -9999 -9999 -9999 -9999 -9999 -9999 -9999 -9999 -9999 -9999 -9999 -9999
-9999 -9999 -9999 -9999 -9999 -9999 -9999 -9999 -9999 -9999 -9999 -9999 -9999 -9999 -9999 -9999 -9999 -9999 -9999 -9999 -9999 -9999 -9999 -9999 -9999 -9999 -9999 -9999 -9999 -9999 -9999 -9999 -9999 -9999 -9999 -9999 -9999 -9999 -9999 -9999 -9999 -9999 -9999 -9999 -9999 -9999 -9999 -9999 -9999 -9999 -9999 -9999 -9999 -9999 -9999 -9999 -9999 -9999 -9999 -9999 -9999 -9999 -9999 -9999 -9999 -9999 -9999 -9999 -9999 -9999 -9999
-9999 -9999 -9999 -9999 -9999 -9999 -9999 -9999 -9999 -9999 -9999 -9999 -9999 -9999 -9999 -9999 -9999 -9999 -9999 -9999 -9999 -9999 -9999 -9999 -9999 -9999 -9999 -9999 -9999 -9999 -9999 -9999 -9999 -9999 -9999 -9999 -9999 -9999 -9999 -9999 -9999 -9999 -9999 -9999 -9999 -9999 -9999 -9999 -9999 -9999 -9999 -9999 -9999 -9999 -9999 -9999 -9999 -9999 -9999 -9999 -9999 -9999 -9999 -9999 -9999 -9999 -9999 -9999 -9999 -9999 -9999
-9999 -9999 -9999 -9999 -9999 -9999 -9999 -9999 -9999 -9999 -9999 -9999 -9999 -9999 -9999 -9999 -9999 -9999 -9999 -9999 -9999 -9999 -9999 -9999 -9999 -9999 -9999 -9999 -9999 -9999 -9999 -9999 -9999 -9999 -9999 -9999 -9999 -9999 -9999 -9999 -9999 -9999 -9999 -9999 -9999 -9999 -9999 -9999 -9999 -9999 -9999 -9999 -9999 -9999 -9999 -9999 -9999 -9999 -9999 -9999 -9999 -9999 -9999 -9999 -9999 -9999 -9999 -9999 -9999 -9999 -9999
-9999 -9999 -9999 -9999 -9999 -9999 -9999 -9999 -9999 -9999 -9999 -9999 -9999 -9999 -9999 -9999 -9999 -9999 -9999 -9999 -9999 -9999 -9999 -9999 -9999 -9999 -9999 -9999 -9999 -9999 -9999 -9999 -9999 -9999 -9999 -9999 -9999 -9999 -9999 -9999 -9999 -9999 16.11430 16.13530 16.07010 16.19380 16.20950 16.24050 16.25790 16.29090 16.28450 16.38840 -9999 -9999 -9999 -9999 -9999 -9999 -9999 -9999 -9999 -9999 -9999 -9999 -9999 -9999 -9999 -9999 -9999 -9999 -9999
-9999 -9999 -9999 -9999 -9999 -9999 -9999 -9999 -9999 -9999 -9999 -9999 -9999 -9999 -9999 -9999 -9999 -9999 -9999 -9999 -9999 -9999 -9999 -9999 -9999 -9999 -9999 -9999 -9999 -9999 -9999 -9999 -9999 -9999 -9999 -9999 -9999 -9999 16.06290 15.38010 15.68820 15.89750 16.01170 16.14420 16.27060 16.38960 16.41730 16.43650 16.45780 16.48710 16.60080 16.69320 16.57450 13.46750 -9999 -9999 -9999 -9999 -9999 -9999 -9999 -9999 -9999 -9999 -9999 -9999 -9999 -9999 -9999 -9999 -9999
-9999 -9999 -9999 -9999 -9999 -9999 -9999 -9999 -9999 -9999 -9999 -9999 -9999 -9999 -9999 -9999 -9999 -9999 -9999 -9999 -9999 -9999 -9999 -9999 -9999 -9999 -9999 -9999 -9999 -9999 -9999 -9999 -9999 -9999 -9999 -9999 -9999 -9999 -9999 -9999 16.13140 16.14240 15.75990 15.58520 15.90460 15.73580 16.16070 16.58160 16.60070 16.43690 16.54240 16.84390 16.83370 14.02460 -9999 -9999 -9999 -9999 -9999 -9999 -9999 -9999 -9999 -9999 -9999 -9999 -9999 -9999 -9999 -9999 -9999
-9999 -9999 -9999 -9999 -9999 -9999 -9999 -9999 -9999 -9999 -9999 -9999 -9999 -9999 -9999 -9999 -9999 -9999 -9999 -9999 -9999 -9999 -9999 -9999 -9999 -9999 -9999 -9999 -9999 -9999 -9999 -9999 -9999 -9999 -9999 -9999 -9999 -9999 -9999 -9999 -9999 -9999 -9999 -9999 16.30100 16.22250 15.64130 15.77980 16.09860 16.62720 16.63410 16.04400 16.84520 14.55040 -9999 -9999 -9999 -9999 -9999 -9999 17.19080 -9999 -9999 -9999 -9999 -9999 -9999 -9999 -9999 -9999 -9999
-9999 -9999 -9999 -9999 -9999 -9999 -9999 -9999 -9999 -9999 -9999 -9999 -9999 -9999 -9999 -9999 -9999 -9999 -9999 -9999 -9999 -9999 -9999 -9999 -9999 -9999 -9999 -9999 -9999 -9999 -9999 -9999 -9999 -9999 -9999 -9999 -9999 -9999 -9999 -9999 -9999 15.62530 15.74520 15.66560 15.88900 16.50070 16.11910 15.85440 16.36920 16.69880 16.31400 16.13370 16.84750 17.05770 -9999 -9999 -9999 -9999 -9999 17.61040 17.46040 17.62940 17.60350 17.68940 17.68460 17.56460 17.32030 17.09820 16.98530 17.00940 16.82300
-9999 -9999 -9999 -9999 -9999 -9999 -9999 -9999 -9999 -9999 -9999 -9999 -9999 -9999 -9999 -9999 -9999 -9999 -9999 -9999 -9999 -9999 -9999 -9999 -9999 -9999 -9999 -9999 -9999 -9999 -9999 -9999 -9999 -9999 -9999 -9999 -9999 -9999 -9999 -9999 -9999 16.11240 16.14810 16.35590 17.07910 17.08960 17.11210 16.95050 16.97360 17.09390 16.81830 15.73410 15.74950 16.18590 16.81300 16.53380 17.36470 -9999 18.02440 17.87180 17.81830 17.76020 17.62100 17.26590 17.33360 17.44010 17.46320 17.40830 17.35260 17.20470 17.15590
-9999 -9999 -9999 -9999 -9999 -9999 -9999 -9999 -9999 -9999 -9999 -9999 -9999 -9999 -9999 -9999 -9999 -9999 -9999 -9999 -9999 -9999 -9999 -9999 -9999 -9999 -9999 -9999 -9999 -9999 -9999 -9999 -9999 -9999 -9999 16.83720 16.86850 16.40170 16.42670 16.96130 17.08480 17.30770 17.23170 17.24950 17.48060 17.59790 17.70610 17.54110 17.34880 16.97720 16.30640 15.63310 14.66990 15.41170 15.44760 15.28020 16.51470 17.35810 17.98620 18.02050 18.05050 17.77850 17.70890 16.13380 16.46290 17.47360 17.27150 17.26170 17.56170 17.36100 17.25050
-9999 -9999 -9999 -9999 -9999 -9999 -9999 -9999 -9999 -9999 -9999 -9999 -9999 -9999 -9999 -9999 -9999 -9999 -9999 -9999 -9999 -9999 -9999 -9999 -9999 -9999 -9999 -9999 -9999 -9999 -9999 -9999 -9999 -9999 17.29410 16.71500 16.73370 16.86090 17.00750 17.42200 17.66130 17.78940 17.81200 17.93740 17.96190 17.97580 18.09170 17.63080 16.94050 15.87250 15.10470 14.92320 13.97020 13.60460 14.04000 15.27110 16.43170 17.16440 18.28130 18.31920 17.82690 17.05210 16.67410 15.98950 17.30130 17.53270 17.24890 16.86920 15.79830 16.10340 15.42850
-9999 -9999 -9999 -9999 -9999 -9999 -9999 -9999 -9999 -9999 -9999 -9999 -9999 -9999 -9999 -9999 -9999 -9999 -9999 -9999 -9999 -9999 -9999 -9999 -9999 -9999 -9999 -9999 -9999 -9999 -9999 -9999 -9999 17.12460 17.22110 17.14720 17.17840 17.32370 17.35020 17.88650 18.01600 17.95550 18.18850 18.19830 18.22630 18.14550 17.76460 17.49370 15.72280 14.74000 13.87830 12.99730 11.43350 13.06880 14.39960 15.34440 15.67110 17.30040 18.13290 17.76170 17.08530 17.51050 17.73660 18.14940 17.77460 17.39660 16.71810 16.43330 16.16100 16.18390 15.70790
-9999 -9999 -9999 -9999 -9999 -9999 -9999 -9999 -9999 -9999 -9999 -9999 -9999 -9999 -9999 -9999 -9999 -9999 -9999 -9999 -9999 -9999 -9999 -9999 -9999 -9999 -9999 -9999 -9999 -9999 -9999 17.84460 17.75900 17.45590 17.66530 17.58890 17.83110 17.96910 18.10690 18.44250 18.37660 18.51780 18.55370 18.57170 18.29600 18.02040 17.94410 17.98160 16.59950 15.52570 14.35440 13.36740 11.00670 12.62280 13.95380 15.18290 16.71210 17.15010 16.27750 16.80720 17.63560 17.85690 17.78130 18.40250 18.01970 17.25030 17.08540 17.40630 17.23500 15.74560 14.77810
-9999 -9999 -9999 -9999 -9999 -9999 -9999 -9999 -9999 -9999 -9999 -9999 -9999 -9999 -9999 -9999 -9999 -9999 -9999 -9999 -9999 -9999 -9999 -9999 -9999 -9999 -9999 -9999 -9999 18.34560 18.16620 17.77510 17.68490 17.69540 17.90350 17.92680 18.07260 18.31150 18.35380 18.68770 18.83330 18.67260 18.80920 18.84260 18.56130 17.89020 17.61780 17.25210 15.07340 14.40930 13.52880 11.83940 10.96840 12.98490 13.21000 14.54140 16.56560 16.58740 17.12230 18.04820 17.88190 17.71380 17.53580 17.56300 17.98530 17.60480 16.54570 15.87040 15.59070 15.71890 16.15210
-9999 -9999 -9999 -9999 -9999 -9999 -9999 -9999 -9999 -9999 -9999 -9999 -9999 -9999 -9999 -9999 -9999 -9999 -9999 -9999 -9999 -9999 -9999 -9999 17.56670 17.57580 18.01090 18.34410 18.26050 18.03320 17.68500 18.00430 18.02300 18.03550 17.96020 18.37410 18.11810 18.15230 18.30550 18.65860 19.09360 19.13400 19.16560 19.10670 18.82920 18.26610 18.28600 16.71860 15.05000 14.38100 14.40410 12.11480 12.23850 13.94470 15.16600 15.99030 16.89360 17.31830 17.06090 17.68830 18.22670 18.25810 18.48030 18.51130 18.33580 17.56110 17.99020 18.23830 17.65750 16.69180 14.12090
-9999 -9999 -9999 -9999 -9999 -9999 17.08470 17.37380 17.55090 17.63220 17.72100 -9999 -9999 -9999 -9999 -9999 -9999 -9999 -9999 -9999 -9999 17.54840 16.85710 16.96710 17.18060 17.20430 17.47930 17.64100 17.65770 17.87660 18.09320 18.21040 17.93040 18.04630 17.95800 18.19270 18.23240 18.47480 18.62030 18.96400 19.30730 19.44490 19.40660 19.35200 18.98680 18.52770 18.46280 17.28880 15.52550 14.74970 13.66880 13.09200 12.39630 13.91930 15.92940 16.83210 16.96160 17.37070 18.10610 18.53770 18.46990 18.40470 17.72720 17.35610 17.07940 18.60120 18.94310 18.06860 17.80520 17.83640 17.06880
-9999 -9999 -9999 -9999 -9999 17.38350 17.26600 16.63170 17.32280 17.10690 17.28840 16.55680 16.74090 16.49620 -9999 -9999 -9999 17.06150 16.82540 16.98870 16.88120 16.77880 16.68160 17.08230 16.79700 17.31270 17.41820 17.74170 17.95200 18.07280 18.47810 18.59310 18.59260 18.70280 18.71450 18.63930 18.68400 18.73630 18.99030 19.44990 19.60570 19.66000 19.73620 19.79330 19.33650 18.98510 17.81710 16.35900 15.28730 14.72390 14.15870 13.65710 13.97170 15.48530 16.28870 16.50540 16.72380 17.53570 18.87460 18.49760 18.62940 17.94470 17.67520 18.09350 16.91340 15.63740 16.17080 16.30060 17.02910 16.65540 16.49550
-9999 18.10160 18.09010 18.17920 17.57130 17.65910 17.33290 17.11940 16.99560 17.27160 16.95340 16.64780 16.41910 16.57660 17.03210 17.38720 18.04860 17.01660 16.87850 17.33780 17.51020 17.41020 17.30510 17.59850 17.81430 17.51240 17.60970 18.03040 17.93230 18.24130 18.63760 18.84100 18.95640 18.94650 18.95320 18.87890 18.94260 19.00600 19.27450 19.64470 19.71080 19.98780 20.06990 20.12600 19.88640 19.41940 18.47140 17.42270 16.45940 15.69830 14.93430 13.82570 14.13660 13.84710 14.55410 15.46490 16.48600 18.28160 18.00450 18.13720 18.65410 17.79010 16.81210 17.02280 15.94520 15.87290 16.69170 15.72920 16.75400 15.57710 14.11810
-9999 17.89790 18.29330 18.18580 18.16820 18.25050 18.12830 18.00430 17.98660 17.55520 17.53750 17.12060 16.59980 16.85190 16.90950 16.96830 17.11240 16.87880 17.13240 17.49080 17.26890 17.16470 17.25630 18.05020 18.04830 18.23700 18.14160 18.02380 18.23750 18.53100 18.73700 19.13900 19.14330 19.33860 19.33210 19.27090 19.43940 19.51380 19.78620 19.76570 20.04300 20.22640 20.42570 20.48300 20.43760 20.19470 19.84730 18.60090 17.64480 16.58720 16.32110 14.71660 14.61420 12.94370 13.14170 15.34580 16.45190 17.05140 17.67520 17.20140 17.73490 17.04560 16.57380 17.08770 16.29480 15.92760 15.45600 15.97090 15.90380 15.73620 15.45610
-9999 -9999 -9999 17.75850 17.55040 18.13820 18.10730 18.18990 17.96130 18.34160 17.90760 18.19470 18.07250 18.02180 17.48220 17.52790 17.47780 18.02640 17.77600 17.63130 17.50370 17.49810 17.49160 17.87650 18.16130 18.45760 18.65980 18.74860 19.14180 19.15720 19.23770 19.33420 19.33600 19.63550 19.64060 19.66540 19.64950 19.73150 19.81700 20.20770 20.29260 20.47550 20.56300 20.71960 20.77400 20.63840 20.09800 19.27250 18.71490 18.05740 16.89470 15.68410 14.58740 13.69760 14.48910 14.70030 16.19650 16.61490 16.42260 16.55100 17.56410 16.39170 16.10090 15.92210 16.23590 16.34860 16.67070 15.90020 15.22870 14.75600 14.58340
-9999 -9999 -9999 -9999 -9999 -9999 18.25630 18.53440 18.11780 18.49780 18.58730 18.36470 18.45240 18.70940 18.56420 18.51770 18.36510 18.42580 18.76680 18.72410 18.60250 18.27830 18.47360 18.55700 18.73840 18.53100 18.91780 19.61820 19.72090 19.61380 19.62080 19.61990 19.71340 19.80350 20.00720 20.12920 20.11410 20.19360 20.26030 20.24880 20.22390 20.60810 20.78840 20.92060 20.85400 20.90250 20.84890 19.31100 19.15070 17.98280 16.31460 14.72950 14.35070 15.96570 15.09180 14.81770 15.72970 14.95490 14.28520 15.30200 14.73080 14.75100 14.67180 14.38800 15.19810 14.91550 16.33080 15.55650 14.76750 14.68050 14.19690
-9999 -9999 -9999 -9999 -9999 -9999 18.79680 18.58200 18.76880 18.47070 18.76350 18.65620 18.85640 19.21570 19.17630 18.83140 18.89340 18.85570 18.81310 18.68440 18.64260 18.62750 18.61500 18.78230 18.87900 19.54400 19.83220 19.92350 20.13700 20.04530 19.95570 20.07260 20.06710 20.26790 20.15930 20.50360 20.63730 20.68520 20.83420 20.50010 20.53700 20.68310 20.74230 20.85210 21.06730 20.97990 20.99240 20.91200 20.45020 19.87210 18.71060 17.85890 17.21200 16.67390 16.63160 17.88380 17.34070 16.20690 16.63550 15.95790 14.00300 14.32620 14.25910 14.78600 14.50810 15.90640 16.12060 16.11310 15.81980 15.42310 14.03370
-9999 -9999 -9999 -9999 -9999 -9999 -9999 -9999 -9999 -9999 19.54920 18.85040 19.05090 19.92230 19.68110 19.24750 19.11100 19.17850 19.54330 19.40650 19.37480 19.15700 19.34420 19.32320 19.49750 19.26430 19.54530 20.23080 20.24080 20.16560 20.17550 20.28820 20.30660 20.52180 20.73450 21.24020 21.06460 21.27960 21.39950 21.12970 21.04820 21.07420 21.08290 20.97910 20.96770 20.95860 20.94250 21.03040 21.13120 21.14070 21.09250 21.08550 20.77900 20.96000 21.05940 21.14770 21.04100 20.63410 20.18050 19.61420 19.55810 18.59420 18.33270 17.26740 16.89520 17.70160 17.58530 17.27650 16.46370 16.35800 15.15470
-9999 -9999 -9999 -9999 -9999 -9999 -9999 -9999 -9999 -9999 20.53790 20.15680 19.55440 20.32470 20.09840 19.56450 19.63590 19.61280 19.58140 19.54550 19.63560 19.40010 19.38600 19.55000 19.61960 20.09810 20.47080 20.63040 20.65760 20.58380 20.50220 20.62360 20.74530 20.86170 20.78260 21.09490 21.17830 21.18400 21.18490 20.96880 20.95800 20.85000 20.73940 20.60500 20.57530 20.54680 20.60940 20.67750 20.84410 20.81760 21.17250 21.20740 21.43860 21.46260 21.89310 22.02950 21.85700 21.89200 21.93380 21.18030 21.22470 21.16890 21.01580 20.85150 20.79570 20.59850 20.07330 19.54820 19.02410 16.68650 15.86400
-9999 -9999 -9999 -9999 -9999 -9999 -9999 -9999 -9999 -9999 -9999 -9999 20.55220 19.84020 19.81350 20.09620 20.67540 21.14620 20.52500 20.70910 20.57600 20.35150 20.41860 20.48760 20.75520 21.03190 20.99260 20.85940 20.77340 20.99940 21.03130 20.85060 20.97270 20.80320 21.02780 21.03180 21.19150 20.86880 20.93660 20.69910 20.66150 20.62790 20.48770 20.53260 20.49010 20.33060 20.28280 20.42570 20.37560 20.52220 20.76790 20.83640 21.00110 21.26870 22.03920 22.19960 22.26750 21.74420 21.49310 21.44180 21.29860 21.25190 21.10430 21.15520 21.19250 20.90180 20.66050 20.31980 19.67910 18.22810 15.69210
-9999 -9999 -9999 -9999 -9999 -9999 -9999 -9999 -9999 -9999 -9999 -9999 21.08290 20.65560 20.53810 20.71460 21.00210 21.38680 20.76300 20.74960 20.92390 20.39470 20.66110 21.03060 20.70640 21.17270 21.24490 21.20990 21.12240 21.24410 21.26800 21.18210 21.20570 21.13500 20.85810 21.05480 20.92170 20.48670 20.64730 20.71440 20.86920 20.93260 20.99560 20.83510 20.58210 20.52010 20.45970 20.39690 20.53420 20.27370 20.52030 20.96070 21.21940 21.47820 22.04330 22.20060 22.26170 21.81850 21.67640 21.53250 21.49250 21.44590 21.39430 21.24290 21.29900 21.00240 20.67210 20.14200 19.00580 17.08550 16.04180
-9999 -9999 -9999 -9999 -9999 -9999 -9999 -9999 -9999 -9999 -9999 21.13290 20.81940 21.39980 21.57890 20.55440 20.33940 20.62580 20.40360 20.48850 21.57350 20.44880 20.92120 20.80520 20.67700 20.94920 20.92850 20.99440 21.40140 21.51320 21.62200 21.44100 21.54030 21.54810 21.46620 21.96820 21.46650 21.13830 20.82580 20.31160 20.39330 20.27560 20.26720 20.41680 20.56240 20.80420 20.84930 20.99280 20.93140 20.88450 21.09960 21.19550 21.39380 21.80280 22.40970 22.21160 22.03340 21.74250 21.69770 21.64420 21.58890 21.55210 21.40380 21.34490 21.09720 20.92760 20.23310 19.22370 17.73830 15.72550 14.02680
-9999 -9999 -9999 -9999 -9999 -9999 -9999 -9999 -9999 -9999 -9999 21.26480 21.45690 21.44070 21.71330 20.90050 20.78030 20.76480 20.93590 20.92440 21.11540 20.98940 21.08220 21.45950 21.54800 21.51860 21.29670 21.17800 21.47320 21.36890 21.27220 21.37530 21.37840 21.47610 21.37400 21.77600 21.99060 21.29570 20.70330 20.80140 20.91180 20.72600 20.53100 20.37950 20.43240 20.68790 20.83290 21.18080 21.53190 21.67950 21.78220 22.01170 22.05370 22.01970 21.88230 21.84400 21.70620 21.66220 21.61630 21.66220 21.50550 21.45770 21.29800 21.34580 21.19210 20.93790 19.87780 19.11390 17.04030 15.07880 14.71100
