data/hydroclimate-scenarios/BCSD_hadcm_A1B/monthly_summaries/tavg_monthly_avg_sep.2070-2099.asc
ncols	311
nrows	91
xllcenter	102.75
yllcenter	31.75
cellsize	0.5
NODATA_value	-9999
[rows 32 to 63 of 91, columns 0 to 71 of 311]
-9999 -9999 -9999 -9999 -9999 -9999 -9999 -9999 -9999 -9999 -9999 9.39446 9.26925 9.35148 9.22604 8.79980 8.77179 8.75017 8.72674 8.91435 8.83262 9.18628 9.82800 9.77781 10.02160 10.07580 9.82097 10.06920 10.11440 10.35600 9.96399 10.04150 10.18640 10.31090 9.82703 10.66600 10.73580 10.79410 10.66780 10.42590 10.39000 10.55210 10.71720 10.45670 10.38210 10.51080 10.44480 10.07280 9.99984 10.03990 10.17880 10.10310 10.12950 10.02550 10.31090 10.59320 10.58150 10.66070 10.76530 10.65070 10.63760 10.62690 10.90800 10.98470 11.28700 11.59010 10.81350 9.83766 8.47984 7.42623 8.06597 6.21962
-9999 -9999 -9999 -9999 -9999 -9999 -9999 -9999 -9999 -9999 -9999 9.51459 9.18251 9.25701 9.02219 9.08584 9.07425 9.15873 9.33271 9.40653 9.43694 9.79453 10.13820 10.09400 9.54224 9.39227 9.14463 9.48731 10.13560 10.97290 10.37890 10.29810 10.30960 10.52180 10.52850 10.87930 10.94350 10.81100 10.67950 9.74245 10.50570 9.87410 10.44180 10.49250 10.22320 10.04790 9.88337 9.91871 9.76553 9.90263 9.92087 10.34260 10.35220 10.62650 10.89940 10.97170 10.84270 10.72120 10.81610 10.80500 10.91520 10.91140 11.39470 11.59300 11.56930 11.20010 10.85930 10.28000 9.53509 8.48443 9.02746 7.19045
-9999 -9999 -9999 -9999 -9999 -9999 -9999 -9999 -9999 -9999 -9999 -9999 9.71534 9.68112 9.65915 9.62087 9.69404 9.87103 10.15620 10.33390 10.37580 10.11920 9.57648 9.13289 8.88100 7.54658 7.90007 7.82891 9.18064 9.81167 10.12730 10.83540 10.74440 10.74940 10.65010 10.58930 10.55000 10.71710 10.48360 9.95039 10.01440 10.07720 10.04570 10.89140 10.51920 10.15890 10.50310 10.54090 10.57890 10.62800 10.84540 10.74740 10.65400 10.91460 10.79170 10.75870 10.92990 11.09910 10.99150 11.29950 11.49530 11.49940 11.19930 11.02040 11.23590 11.16230 11.21410 10.32790 8.30352 7.75102 9.60592 9.15387
-9999 -9999 -9999 -9999 -9999 -9999 -9999 -9999 -9999 -9999 -9999 -9999 9.96353 10.03150 10.00370 10.07750 10.44580 10.52100 10.58810 10.40030 10.43690 8.79339 8.34837 7.91011 6.97536 7.83272 8.28332 7.41165 8.65132 8.79286 9.00841 9.30258 10.71980 11.00980 10.92670 10.96250 10.70090 10.95260 10.99330 10.35780 10.31470 9.86944 10.03250 10.56850 11.00390 10.94270 11.18030 10.92070 10.75780 10.30310 10.22580 10.72900 10.73290 10.90730 11.17900 11.25000 11.42670 11.59860 11.59530 11.70190 11.50670 10.61230 10.51750 10.34110 10.84500 11.58760 10.85590 10.59050 9.63649 9.39069 9.04123 9.70137
-9999 -9999 -9999 -9999 -9999 -9999 -9999 -9999 -9999 -9999 -9999 -9999 10.21070 10.68550 10.65750 10.63660 10.61320 10.48510 10.16030 9.64716 9.50218 8.55825 8.32655 7.70100 7.75373 7.41148 8.04467 9.08627 8.72618 9.55641 9.98038 10.86970 10.47240 10.26730 11.19910 11.43180 11.35530 11.09770 11.22560 10.87810 9.92500 9.16493 9.91235 10.34620 10.57700 10.31490 10.45400 9.60353 9.93859 10.77410 10.79930 10.91150 11.21040 11.08780 11.46220 11.54880 11.52470 11.49920 11.20300 11.01670 11.11000 10.32970 10.65420 11.27310 10.99520 10.82530 10.67780 10.70680 9.55201 10.01590 10.16430 10.31010
-9999 -9999 -9999 10.43650 10.44590 10.31920 10.48150 10.54450 10.30750 -9999 10.35270 10.50910 10.84800 11.02730 11.11430 10.78680 10.56930 10.56470 9.65755 9.25452 9.36942 9.12748 8.80811 8.66499 8.43575 8.58320 9.23015 8.17800 8.40410 7.33743 9.05167 10.34040 9.73054 8.24846 9.87484 10.40200 10.12160 9.94680 10.36810 10.81410 10.64190 9.77978 10.20660 10.42840 9.96365 9.19289 8.23479 9.78956 9.91817 10.04390 9.77694 9.79337 9.40096 8.48032 9.25834 8.14678 7.63724 10.40970 9.41264 10.81780 11.23220 10.66110 10.67290 10.60640 11.12710 11.16640 10.70480 10.34130 10.57580 10.43070 10.18240 9.83766
-9999 -9999 -9999 11.04270 10.93750 10.82490 10.49910 10.55920 10.74280 10.71780 11.18610 11.45620 10.90110 10.78360 10.17670 9.57724 9.17191 9.26292 8.95576 9.14785 9.46024 8.70746 9.58295 10.05850 9.20471 9.46418 9.01094 8.66275 7.99300 7.10188 8.53143 8.40886 8.60641 7.91676 8.55541 8.76930 8.88551 7.91383 9.71988 8.64764 8.67365 9.69259 10.21310 9.53504 8.95728 7.87273 8.01582 10.04270 8.98387 8.61604 8.36050 8.47745 7.97445 7.86603 9.44148 8.54629 9.52005 9.70181 8.81437 9.33131 9.95618 9.87625 9.90480 10.42470 10.45880 11.58410 11.33090 11.96250 11.41820 11.04870 10.31000 10.46410
-9999 -9999 -9999 11.34450 11.24540 10.73800 10.60540 10.88410 11.25620 11.53220 11.39990 11.16200 10.43010 9.54184 8.23569 8.95323 8.45774 8.65153 9.35353 9.44638 9.17182 8.41250 9.05208 8.62744 7.76631 8.71833 8.56097 8.40812 8.62521 6.65101 5.26015 6.24944 7.85843 8.07460 7.59496 8.11008 8.71895 8.93050 9.25461 8.66001 8.56126 9.18081 9.89298 9.81904 10.42860 9.24300 9.16080 9.00300 8.93654 7.96954 7.50736 9.12507 8.64336 8.82484 9.42335 9.20378 9.80607 10.18720 9.31186 9.33426 10.46250 10.58920 11.21160 10.44720 11.06900 11.29620 11.30530 10.92260 9.54234 9.55108 8.97528 10.61330
-9999 -9999 -9999 11.44710 12.04480 11.13320 11.50410 10.97300 10.85280 10.81960 11.19130 11.28660 9.55064 8.77087 8.38819 8.50290 7.93346 7.63517 8.04305 8.65504 7.58181 6.61301 5.63788 6.77892 7.40491 8.24077 8.77514 8.61932 6.53964 5.15090 6.06434 8.95098 7.56543 5.78282 5.90640 6.91253 8.52183 9.82706 9.03292 9.54278 9.14362 8.04909 7.45646 8.67218 10.78180 9.29591 8.49771 9.61236 8.14592 8.78442 7.62640 8.65904 8.56412 7.77064 8.76710 9.05914 9.36487 8.87860 8.60406 9.01781 8.15577 9.98083 10.60190 10.84570 10.77910 11.47430 11.13910 10.50670 8.86731 8.83691 11.00950 12.87610
-9999 -9999 -9999 11.74760 12.35040 10.93790 11.00090 10.97340 10.34530 10.71050 11.59760 10.49490 8.97235 7.89942 6.94071 7.36703 6.79564 7.51902 8.94587 9.76963 8.37639 7.40044 6.53148 8.44602 8.96393 9.49196 10.42040 9.33951 7.54976 6.15584 6.07413 6.87827 6.28505 6.89613 7.50544 7.82262 7.91707 9.12250 9.81670 9.61860 8.72266 8.22084 7.91531 8.12830 9.32325 9.33339 9.34177 9.24913 8.97128 8.70028 8.44480 9.78570 9.00101 7.50737 9.21340 7.91798 9.53361 9.65915 9.18470 8.00736 8.74987 9.37748 9.90756 9.24730 9.47851 11.15560 10.67410 9.48366 8.90282 10.81490 13.11410 -9999
-9999 -9999 -9999 -9999 11.05380 10.53790 10.79840 9.96316 9.82688 10.42130 11.50700 10.60180 7.18806 9.13205 -9999 -9999 -9999 -9999 -9999 6.37523 6.29039 7.10313 6.41779 5.53307 6.63260 7.74348 10.06650 9.17347 8.27987 8.58283 7.88122 7.48542 7.20703 8.31702 9.62801 10.03580 9.42081 10.22030 10.01990 10.10540 10.39450 9.99791 9.30003 8.59517 9.20113 9.69427 9.49901 8.39114 9.19999 10.01280 9.25228 9.11107 9.82700 8.24668 7.96219 7.29491 7.12615 7.44144 7.77720 8.70440 8.33379 8.06907 8.70856 9.55845 9.79015 9.63139 10.40790 11.75830 12.63100 -9999 -9999 -9999
-9999 -9999 11.76290 11.26390 10.94960 11.14470 10.90310 9.56733 10.44080 10.62710 11.51600 10.30160 7.28957 -9999 -9999 -9999 -9999 -9999 4.72800 6.46979 6.59666 8.19717 8.29879 7.10336 7.40362 8.09547 10.30410 10.31720 10.00790 10.01190 9.31869 8.91019 9.11896 9.02739 9.54554 10.74670 10.03220 10.31600 10.10630 10.40050 9.87873 10.08010 9.66685 9.94923 10.55150 10.54700 10.34210 10.42960 11.22770 12.14570 11.77770 11.43860 10.86430 11.38770 9.92688 10.75430 9.59293 8.22194 8.36221 10.38820 10.33000 10.36620 10.60330 10.55500 11.39070 11.92590 12.53310 -9999 -9999 -9999 -9999 -9999
-9999 -9999 11.87020 11.56300 11.74900 11.43310 11.49380 10.07010 10.46670 11.14960 10.54040 9.93031 10.00520 -9999 -9999 -9999 -9999 8.62474 5.97052 8.03050 7.86220 8.35335 8.36079 8.94533 10.04040 11.12780 10.84410 10.42330 10.53080 10.82080 10.11380 9.02061 9.91763 10.31860 10.12560 10.43440 10.62900 10.82650 9.81158 9.00265 9.89330 9.29047 9.15988 9.84909 9.74592 10.53580 11.32420 10.80480 12.80940 12.40670 12.73430 12.89130 12.92010 12.76370 12.40400 13.74620 12.88780 10.42170 9.85533 11.08760 11.62380 10.46510 11.60810 13.05740 14.19610 -9999 -9999 -9999 -9999 -9999 14.06750 -9999
-9999 -9999 12.36740 11.26350 11.35140 11.23330 11.31450 10.89510 10.58730 10.76130 9.84428 9.62727 12.70110 -9999 -9999 -9999 -9999 6.83091 7.28217 8.04553 8.26599 9.26904 10.16160 10.75460 10.56390 11.05600 10.23900 10.80940 10.61700 10.72100 10.01540 9.91111 9.70334 9.70416 10.50400 10.09080 9.99747 9.99630 9.51848 10.31950 10.31740 10.80140 10.88040 10.07510 10.67420 10.16010 10.55490 10.74020 11.83470 12.32340 13.55160 13.09060 13.11850 12.77600 12.60790 14.56730 14.50210 12.33650 12.67780 12.90290 14.34340 14.47930 14.62080 13.76670 12.60370 12.15490 14.20420 13.05210 14.31050 -9999 -9999 -9999
-9999 -9999 -9999 11.86310 11.35110 11.34440 11.70520 12.08220 11.36870 10.55450 11.43140 12.21660 -9999 -9999 -9999 -9999 8.11465 7.57286 8.74254 9.12276 9.44422 10.66790 10.38150 10.67120 10.57330 10.64230 10.53730 10.31360 10.60950 9.01384 9.32013 10.21040 10.79740 10.79060 10.78820 11.18190 11.57580 11.68470 11.69870 11.90780 11.80370 11.91170 11.38310 11.68190 12.66980 12.17520 12.86530 13.45980 13.15940 13.45250 12.67170 13.11490 13.54640 12.69070 12.03300 12.37580 12.61130 11.55360 11.98780 13.42380 13.64450 13.69250 12.02310 8.98005 7.21078 11.58060 13.66900 13.76080 14.65990 14.53070 -9999 -9999
-9999 -9999 -9999 -9999 12.25730 11.95750 11.84200 11.51690 10.88090 12.35840 13.32630 -9999 -9999 -9999 -9999 9.24524 8.41170 9.36723 10.23090 10.09740 10.74570 11.25980 10.98070 10.29280 10.26810 11.34480 11.42460 11.41230 10.79280 10.59720 10.08400 11.68830 12.08740 11.87200 10.87620 11.47940 11.68000 12.07490 11.86990 11.98110 11.59610 11.81020 12.08380 12.47480 13.27460 13.07500 13.26820 13.76980 13.97230 14.07550 14.18990 14.25360 13.87690 13.62440 13.95850 14.49400 14.92730 12.77420 12.70880 13.73490 12.47040 11.30850 11.03280 11.37950 10.22250 11.70190 14.13570 14.97410 14.19900 14.60090 14.81190 14.61820
-9999 -9999 -9999 -9999 -9999 -9999 12.06160 12.24050 13.41100 13.59370 13.06800 -9999 -9999 -9999 -9999 -9999 10.30400 10.46880 10.92330 10.69720 10.62960 13.34480 10.96790 10.55540 10.84230 12.03270 12.42300 12.01250 12.17610 11.87960 11.37410 12.06570 12.66850 11.45930 11.65060 12.46050 11.86440 11.36560 12.15200 11.35970 11.27520 10.48670 10.77680 11.98680 12.27720 13.37970 13.88280 14.08070 14.08830 14.18980 14.61390 14.47040 14.71550 14.75350 14.78380 15.02710 14.75880 13.99350 13.52200 13.04710 11.88280 11.11950 10.75950 10.09900 9.12980 10.93880 13.70130 15.78880 15.32810 14.88490 14.52690 14.66690
-9999 -9999 -9999 -9999 -9999 -9999 -9999 -9999 -9999 -9999 -9999 -9999 -9999 -9999 -9999 -9999 -9999 -9999 -9999 10.98320 11.11420 12.83820 11.82900 11.72140 11.72560 12.12680 12.12280 13.33080 13.29150 12.28020 12.07170 12.76270 11.95090 11.94050 11.93330 12.22750 12.53970 11.84010 11.74210 10.95090 10.46720 10.77690 11.38530 11.98890 12.38630 13.38180 14.20240 14.38920 14.49310 14.40090 14.72710 15.08920 15.03820 15.67710 15.61000 15.23360 15.04990 14.78270 13.80650 13.12670 11.26770 11.49470 10.93000 9.76942 9.31582 12.82750 14.92160 16.40980 16.08530 14.34880 14.01510 14.58530
-9999 -9999 -9999 -9999 -9999 -9999 -9999 -9999 -9999 -9999 -9999 -9999 -9999 -9999 -9999 -9999 -9999 -9999 11.51850 11.36820 12.00750 12.71730 12.82710 12.83080 13.04090 12.94450 13.45340 13.26350 12.93210 12.40010 12.48260 12.06060 11.74190 11.93890 12.02420 12.51520 12.22620 12.53170 11.44030 10.84690 10.45740 11.16720 11.38090 11.58980 11.99690 12.39570 13.60000 14.59890 15.20110 14.91480 15.34130 15.39430 15.64990 15.57540 15.39850 16.01030 15.62770 13.65280 12.37070 13.18970 13.31830 13.44580 12.38840 11.62050 10.85620 13.57420 15.08490 16.26480 16.33810 16.00590 15.48270 13.36760
-9999 -9999 -9999 -9999 -9999 -9999 -9999 -9999 -9999 -9999 -9999 -9999 -9999 -9999 -9999 -9999 -9999 11.78130 11.70720 12.55610 12.58090 12.70260 12.83220 13.24750 13.65360 13.47060 13.79160 13.31190 12.17710 12.01900 11.97960 12.36300 12.03450 12.82340 13.00780 12.10090 11.40470 11.61420 11.93070 11.13590 10.95070 11.65100 11.56850 12.28720 12.69850 13.30020 13.89850 14.20210 15.31020 15.31190 15.84880 16.10190 15.93780 15.57160 15.58620 15.80490 15.21750 13.63210 12.94230 13.65650 15.18300 13.90040 10.93840 10.57300 13.39060 14.42710 14.74920 16.21790 16.39000 16.36000 14.74300 15.02450
-9999 -9999 -9999 -9999 -9999 -9999 -9999 -9999 -9999 -9999 -9999 -9999 -9999 -9999 -9999 -9999 -9999 11.77740 12.11050 11.43810 12.05990 12.48090 13.01810 13.74450 15.06620 14.19260 14.22610 13.84390 13.59860 12.74650 12.69270 12.95390 13.22510 13.81250 12.99630 12.18730 11.78400 11.79680 10.81310 11.02750 11.33260 12.04800 12.45760 13.19180 13.39090 15.20540 15.50600 13.91430 14.71590 15.82310 16.17700 16.29220 16.12480 16.04790 16.07720 15.69140 14.19670 14.10800 14.60960 14.91940 14.24370 13.05100 12.78770 12.42810 11.06730 12.58330 14.69750 14.16150 16.03550 16.61230 16.61000 14.59070
-9999 -9999 -9999 -9999 -9999 -9999 -9999 -9999 -9999 -9999 -9999 -9999 -9999 -9999 -9999 -9999 10.44840 10.68390 10.70690 11.12070 12.53340 13.66310 13.50400 14.63220 16.07470 14.71800 14.94450 15.58560 14.92280 13.57390 13.41800 13.75750 13.72300 14.49370 13.97690 13.26630 12.47060 11.88360 11.21540 12.01760 12.53080 12.84260 12.95500 13.98430 14.59890 15.71390 15.91110 14.21300 14.81610 16.04210 16.46910 16.48600 16.21690 16.34880 16.27800 15.97820 15.57860 15.08630 15.18200 14.38870 14.70090 14.12880 13.05750 11.08800 12.63200 13.44840 14.44710 15.51870 17.08570 17.06890 16.47190 14.96680
-9999 -9999 -9999 -9999 -9999 -9999 -9999 -9999 -9999 -9999 -9999 -9999 -9999 11.16080 10.36400 10.46180 10.18010 9.40964 10.43630 12.35960 13.08210 12.61380 13.74300 13.97680 14.01430 15.66430 15.69990 15.63740 15.47890 15.32900 15.05550 14.89400 14.54800 14.50460 14.08850 13.28810 13.10630 13.11330 12.54600 12.56690 13.08330 13.89900 14.41960 15.74230 15.75720 15.85940 15.95580 15.84920 15.75680 15.85360 15.97300 16.00130 16.03290 16.85430 16.98340 16.49260 16.30060 16.20810 16.09590 15.90920 15.52750 15.55320 15.17720 15.30270 16.23340 17.36730 17.64690 17.50770 17.47810 17.26660 16.15160 14.55380
-9999 -9999 -9999 -9999 -9999 -9999 -9999 -9999 -9999 -9999 -9999 -9999 11.63860 10.96850 10.58860 10.70600 10.83160 10.96740 11.00550 13.84140 13.08350 13.80270 14.34050 14.47150 14.50550 16.14650 16.05740 16.11230 15.76650 15.80980 15.73530 15.47040 15.09680 14.95550 14.82300 14.04470 13.68630 13.62110 13.04580 13.55990 13.68670 14.52300 15.25690 16.15860 16.37120 16.35960 16.33870 16.30660 16.19510 16.17740 16.20060 16.23480 16.25570 16.99130 17.32270 17.44740 16.95520 16.05590 15.45630 15.48440 15.50920 16.33360 16.45450 16.08710 17.01780 18.04490 18.11180 17.85890 17.72980 16.49830 14.98640 15.26740
-9999 -9999 -9999 -9999 -9999 -9999 -9999 -9999 -9999 -9999 -9999 9.52534 10.02530 9.96422 11.10580 12.25080 12.59530 12.83140 13.08460 13.14550 13.68380 14.90560 15.03370 15.06230 14.99410 14.90910 14.83800 15.99890 16.44990 16.48140 15.90770 15.74540 15.57370 15.22240 15.10570 14.00270 13.07360 13.12210 13.54410 14.07940 15.00670 15.34850 16.28860 16.87930 16.87130 16.84450 16.79350 16.77780 16.64660 16.43360 16.53540 15.04850 15.68230 15.82520 16.25500 16.69220 17.30340 16.60770 17.52040 17.74550 17.56730 18.41220 18.43800 18.37270 18.40430 18.61170 18.25660 18.31960 17.17340 15.82610 14.00530 13.28610
-9999 -9999 -9999 -9999 -9999 -9999 -9999 -9999 -9999 -9999 9.95032 9.85073 11.16940 10.66500 12.13520 13.09720 13.45180 13.50240 13.58380 13.75050 14.19270 15.40520 15.53630 15.55040 15.46140 15.37950 15.32560 16.77310 16.82680 16.57760 16.41600 16.13370 15.93980 15.56980 15.14610 13.87900 13.36470 13.61480 14.35170 14.97890 15.82260 16.75640 17.71070 17.48600 17.45430 17.41520 17.26840 17.14490 17.00110 16.96200 16.76310 15.18680 15.81510 15.85600 16.27750 16.82670 16.54550 16.87600 18.29560 18.30920 18.25120 18.67800 18.81070 18.74870 18.78080 18.76950 18.72370 18.37490 16.92370 14.97620 13.84140 14.51190
-9999 -9999 -9999 -9999 -9999 -9999 -9999 -9999 -9999 11.85470 12.05650 11.87490 11.88530 12.29540 12.92380 13.32520 13.69670 14.08670 14.78060 15.16890 15.41320 15.42720 15.43250 15.94540 15.94390 16.27340 16.62180 16.36880 16.31420 16.27230 16.89430 15.72550 15.30180 14.22090 13.38790 13.02300 12.72720 14.19230 14.83700 16.46590 17.30660 18.36660 18.93220 18.89010 18.84120 18.50620 18.55290 17.61090 17.44920 17.40240 16.99450 16.01970 15.56600 13.77890 13.81110 17.66360 18.21390 18.93950 18.96380 19.09890 18.92560 19.06670 19.09140 19.13290 19.16180 18.74320 18.29710 17.34280 16.18630 15.42800 15.36940 15.64460
-9999 -9999 -9999 -9999 -9999 -9999 -9999 -9999 -9999 -9999 12.53560 12.54790 12.57260 13.40580 14.53940 14.24870 14.34820 14.53590 15.02450 15.11940 14.97820 15.48940 15.69370 -9999 -9999 -9999 -9999 -9999 -9999 16.60730 16.75260 16.06650 15.63660 14.46920 13.45990 13.40380 13.50640 14.95110 15.79660 17.32270 18.15700 19.00000 19.45390 19.41610 19.27020 18.93010 18.68610 18.03860 17.69970 17.73990 17.42880 16.83730 15.76120 14.18420 14.00350 18.25340 19.01710 19.26060 19.28060 19.30500 19.34140 19.17420 19.20850 19.15150 17.56460 18.44380 17.50680 16.67140 14.03160 14.60800 14.35160 16.03860
-9999 -9999 -9999 -9999 -9999 -9999 -9999 -9999 -9999 -9999 -9999 -9999 13.19680 14.03680 14.34540 16.75940 16.53870 16.73350 16.62280 -9999 -9999 -9999 -9999 -9999 -9999 -9999 -9999 -9999 -9999 -9999 -9999 -9999 -9999 15.22920 13.74180 14.48650 14.66120 16.10060 17.31660 18.24300 18.75470 19.49040 19.61540 19.67760 19.63160 19.39490 19.26980 19.04170 18.88220 18.73350 18.22130 15.95130 15.76310 15.88180 16.19700 18.52630 18.58420 18.92860 19.35620 19.57460 19.61530 19.14040 18.87600 18.79110 18.69690 18.58570 17.38900 16.68650 15.88200 16.67140 16.57070 17.29800
-9999 -9999 -9999 -9999 -9999 -9999 -9999 -9999 -9999 -9999 -9999 -9999 -9999 -9999 -9999 -9999 -9999 -9999 -9999 -9999 -9999 -9999 -9999 -9999 -9999 -9999 -9999 -9999 -9999 -9999 -9999 -9999 -9999 -9999 14.92120 14.77100 16.41660 16.82450 17.94200 18.84500 19.26770 19.47180 19.69330 20.05360 19.88720 19.66430 19.43800 19.34500 19.11130 18.87260 18.57380 16.49070 16.09010 16.28600 16.38990 19.01300 18.85950 18.09670 18.62490 19.24920 19.37820 19.10940 19.52830 19.43070 19.32650 18.44890 17.17720 16.39710 15.31790 16.44860 17.89100 -9999
-9999 -9999 -9999 -9999 -9999 -9999 -9999 -9999 -9999 -9999 -9999 -9999 -9999 -9999 -9999 -9999 -9999 -9999 -9999 -9999 -9999 -9999 -9999 -9999 -9999 -9999 -9999 -9999 -9999 -9999 -9999 -9999 -9999 -9999 15.90640 16.04280 15.85980 17.46170 19.05420 20.36570 20.37650 20.37160 20.35410 20.11880 19.97820 19.75840 19.53310 19.44190 19.24850 18.42210 18.01360 17.92150 18.01000 15.78680 16.08310 18.20590 18.94490 19.17430 19.18600 19.61980 20.04140 20.06870 19.66300 19.16430 18.86720 17.48830 17.44490 16.60930 15.55810 17.24580 -9999 -9999
-9999 -9999 -9999 -9999 -9999 -9999 -9999 -9999 -9999 -9999 -9999 -9999 -9999 -9999 -9999 -9999 -9999 -9999 -9999 -9999 -9999 -9999 -9999 -9999 -9999 -9999 -9999 -9999 -9999 -9999 -9999 -9999 -9999 -9999 -9999 -9999 -9999 -9999 19.88230 20.79740 20.69170 20.66760 20.62370 20.39210 20.17230 20.06110 19.84170 19.65050 19.57360 18.66970 18.46250 18.35290 18.32910 16.30150 16.17830 18.29630 18.73470 19.45280 19.47110 20.18290 20.29470 20.31020 19.11150 18.60400 16.99630 17.34090 16.92900 17.31790 18.73210 -9999 -9999 -9999
