data/hydroclimate-scenarios/BCSD_hadcm_A1B/monthly_summaries/tavg_monthly_avg_jan.2070-2099.asc
ncols	311
nrows	91
xllcenter	102.75
yllcenter	31.75
cellsize	0.5
NODATA_value	-9999
[rows 0 to 30 of 91, columns 70 to 139 of 311]
-9999 -9999 -9999 -9999 -9999 -9999 -9999 -9999 -9999 -9999 -9999 -9999 -9999 -9999 -9999 -9999 -9999 -9999 -9999 -9999 -9999 -9999 -9999 -9999 -9999 -9999 -9999 -9999 -9999 -9999 -9999 -9999 -9999 -9999 -9999 -9999 -9999 -9999 -9999 -9999 -9999 -9999 -9999 -9999 -9999 -9999 -9999 -9999 -9999 -9999 -9999 -9999 -9999 -9999 -9999 -9999 -9999 -9999 -9999 -9999 -9999 -9999 -9999 -9999 -9999 -9999 -9999 -9999 -9999 -9999
-9999 -9999 -9999 -9999 -9999 -9999 -9999 -9999 -9999 -9999 -9999 -9999 -9999 -9999 -9999 -9999 -9999 -9999 -9999 -9999 -9999 -9999 -9999 -9999 -9999 -9999 -9999 -9999 -9999 -9999 -9999 -9999 -9999 -9999 -9999 -9999 -9999 -9999 -9999 -9999 -9999 -9999 -9999 -9999 -9999 -9999 -9999 -9999 -9999 -9999 -9999 -9999 -9999 -9999 -9999 -9999 -9999 -9999 -9999 -9999 -9999 -9999 -9999 -9999 -9999 -9999 -9999 -9999 -9999 -9999
-9999 -9999 -9999 -9999 -9999 -9999 -9999 -9999 -9999 -9999 -9999 -9999 -9999 -9999 -9999 -9999 -9999 -9999 -9999 -9999 -9999 -9999 -9999 -9999 -9999 -9999 -9999 -9999 -9999 -9999 -9999 -9999 -9999 -9999 -9999 -9999 -9999 -9999 -9999 -9999 -9999 -9999 -9999 -9999 -9999 -9999 -9999 -9999 -9999 -9999 -9999 -9999 -9999 -9999 -9999 -9999 -9999 -9999 -9999 -9999 -9999 -9999 -9999 -9999 -9999 -9999 -9999 -9999 -9999 -9999
-9999 -9999 -9999 -9999 -9999 -9999 -9999 -9999 -9999 -9999 -9999 -9999 -9999 -9999 -9999 -9999 -9999 -9999 -9999 -9999 -9999 -9999 -9999 -9999 -9999 -9999 -9999 -9999 -9999 -9999 -9999 -9999 -9999 -9999 -9999 -9999 -9999 -9999 -9999 -9999 -9999 -9999 -9999 -9999 -9999 -9999 -9999 -9999 -9999 -9999 -9999 -9999 -9999 -9999 -9999 -9999 -9999 -9999 -9999 -9999 -9999 -9999 -9999 -9999 -9999 -9999 -9999 -9999 -9999 -9999
-9999 -9999 -9999 -9999 -9999 -9999 -9999 -9999 -9999 -9999 -9999 -9999 -9999 -9999 -9999 -9999 -9999 -9999 -9999 -9999 -9999 -9999 -9999 -9999 -9999 -9999 -9999 -9999 -9999 -9999 -9999 -9999 -9999 -9999 -9999 -9999 -9999 -9999 -9999 -9999 -9999 -9999 -9999 -9999 -9999 -9999 -9999 -9999 -9999 -9999 -9999 -9999 -9999 -9999 -9999 -9999 -9999 -9999 -9999 -9999 -9999 -9999 -9999 -9999 -9999 -9999 -9999 -9999 -9999 -9999
-9999 -9999 -9999 -9999 -9999 -9999 -9999 -9999 -9999 -9999 -9999 -9999 -9999 -9999 -9999 -9999 -9999 -9999 -9999 -9999 -9999 -9999 -9999 -9999 -9999 -9999 -9999 -9999 -9999 -9999 -9999 -9999 -9999 -9999 -9999 -9999 -9999 -9999 -9999 -9999 -9999 -9999 -9999 -9999 -9999 -9999 -9999 -9999 -9999 -9999 -9999 -9999 -9999 -9999 -9999 -9999 -9999 -9999 -9999 -9999 -9999 -9999 -9999 -9999 -9999 -9999 -9999 -9999 -9999 -9999
-9999 -9999 -9999 -9999 -9999 -9999 -9999 -9999 -9999 -9999 -9999 -9999 -9999 -9999 -9999 -9999 -9999 -9999 -9999 -9999 -9999 -9999 -9999 -9999 -9999 -9999 -9999 -9999 -9999 -9999 -9999 -9999 -9999 -9999 -9999 -9999 -9999 -9999 -9999 -9999 -9999 -9999 -9999 -9999 -9999 -9999 -9999 -9999 -9999 -9999 -9999 -9999 -9999 -9999 -9999 -9999 -9999 -9999 -9999 -9999 -9999 -9999 -9999 -9999 -9999 -9999 -9999 -9999 -9999 -9999
-9999 -9999 -9999 -9999 -9999 -9999 -9999 -9999 -9999 -9999 -9999 -9999 -9999 -9999 -9999 -9999 -9999 -9999 -9999 -9999 -9999 -9999 -9999 -9999 -9999 -9999 -9999 -9999 -9999 -9999 -9999 -9999 -9999 -9999 -9999 -9999 -9999 -9999 -9999 -9999 -9999 -9999 -9999 -9999 -9999 -9999 -9999 -9999 -9999 -9999 -9999 -9999 -9999 -9999 -9999 -9999 -9999 -9999 -9999 -9999 -9999 -9999 -9999 -9999 -9999 -9999 -9999 -9999 -9999 -9999
-9999 -9999 -9999 -9999 -9999 -9999 -9999 -34.38130 -9999 -9999 -9999 -9999 -9999 -9999 -9999 -9999 -9999 -9999 -9999 -9999 -9999 -9999 -9999 -9999 -9999 -9999 -9999 -9999 -9999 -9999 -9999 -9999 -9999 -9999 -9999 -9999 -9999 -9999 -9999 -9999 -9999 -9999 -9999 -9999 -9999 -9999 -9999 -9999 -9999 -9999 -9999 -9999 -9999 -9999 -9999 -9999 -9999 -9999 -9999 -9999 -9999 -9999 -9999 -9999 -9999 -9999 -9999 -9999 -9999 -9999
-9999 -9999 -9999 -25.54350 -35.46510 -35.19370 -35.02140 -34.36210 -33.88230 -33.32400 -32.77520 -32.22000 -31.56800 -30.81510 -30.17440 -29.51940 -28.88250 -28.24500 -27.59430 -27.04780 -26.59360 -26.20270 -25.98720 -9999 -9999 -9999 -9999 -9999 -9999 -9999 -9999 -9999 -9999 -9999 -9999 -9999 -9999 -9999 -9999 -9999 -9999 -9999 -9999 -9999 -9999 -9999 -9999 -9999 -9999 -9999 -9999 -9999 -9999 -9999 -9999 -9999 -9999 -9999 -9999 -9999 -9999 -9999 -9999 -9999 -9999 -9999 -9999 -9999 -9999 -9999
-9999 -9999 -9999 -9999 -9999 -35.36700 -34.92630 -34.47460 -34.02350 -33.47670 -32.93820 -32.29680 -31.65940 -31.01480 -30.26500 -29.51840 -28.88940 -28.25350 -27.61250 -26.95870 -26.51740 -26.15030 -26.00790 -9999 -9999 -9999 -9999 -9999 -9999 -9999 -9999 -9999 -9999 -9999 -9999 -9999 -9999 -9999 -9999 -9999 -9999 -9999 -9999 -9999 -9999 -9999 -9999 -9999 -9999 -9999 -9999 -9999 -9999 -9999 -9999 -9999 -9999 -9999 -9999 -9999 -9999 -9999 -9999 -9999 -9999 -9999 -9999 -9999 -9999 -9999
-36.74610 -36.49740 -36.35960 -36.01860 -35.58560 -35.44460 -35.01950 -34.59140 -34.16380 -33.63140 -33.00550 -32.46000 -31.83080 -31.19030 -30.45350 -29.71160 -28.97490 -28.24660 -27.50990 -26.66730 -26.12580 -25.82260 -25.79900 -25.83510 -26.06720 -26.07470 -26.13300 -26.31880 -26.39190 -9999 -9999 -9999 -9999 -9999 -9999 -9999 -9999 -9999 -9999 -9999 -9999 -9999 -9999 -9999 -9999 -9999 -9999 -9999 -9999 -9999 -9999 -9999 -9999 -9999 -9999 -9999 -9999 -9999 -9999 -9999 -9999 -9999 -9999 -9999 -9999 -9999 -9999 -9999 -9999 -9999
-37.16120 -36.71630 -36.57710 -36.15540 -35.93290 -35.53760 -35.12540 -34.71400 -34.30590 -33.79200 -33.27070 -32.63590 -32.00540 -31.27310 -30.64460 -29.81600 -29.18440 -28.36160 -27.53190 -26.59310 -25.65070 -25.58980 -26.01630 -26.22990 -26.10480 -26.29310 -26.43650 -26.56200 -26.65010 -26.81320 -26.87580 -27.04470 -27.13480 -26.91170 -26.67090 -26.59890 -26.29740 -26.00070 -25.69220 -25.48050 -25.05370 -24.47050 -23.80160 -23.14530 -9999 -9999 -9999 -9999 -9999 -9999 -9999 -9999 -9999 -9999 -9999 -9999 -9999 -9999 -9999 -9999 -9999 -9999 -9999 -9999 -9999 -9999 -9999 -9999 -9999 -9999
-37.56650 -37.03640 -37.10700 -36.70090 -36.59720 -36.21180 -35.72120 -35.13320 -34.54330 -34.05530 -33.55330 -32.92370 -32.20700 -31.57380 -30.84840 -30.21890 -29.38940 -28.57310 -27.74300 -26.90210 -26.25250 -26.28740 -26.92750 -26.87200 -26.92260 -26.90120 -26.72380 -26.73460 -26.84910 -27.05580 -27.37650 -26.98970 -27.01280 -26.80890 -26.59660 -26.39850 -25.98970 -25.69510 -25.38160 -25.07870 -24.63840 -24.07160 -23.51260 -22.84320 -22.07330 -9999 -9999 -9999 -9999 -9999 -9999 -9999 -9999 -9999 -9999 -9999 -9999 -9999 -9999 -9999 -9999 -9999 -9999 -9999 -9999 -9999 -9999 -9999 -9999 -9999
-39.77590 -39.56280 -39.43430 -38.61980 -39.31200 -38.10280 -37.31700 -36.91360 -36.22510 -35.74200 -34.61610 -34.28940 -33.24920 -32.19610 -31.27720 -30.33190 -29.59500 -28.87420 -28.13900 -27.42840 -26.96620 -27.01130 -27.06320 -27.21120 -27.16200 -27.01450 -27.71810 -27.20810 -26.90980 -27.01410 -27.50640 -27.20280 -27.09650 -26.81220 -26.62000 -26.32440 -26.03180 -25.65500 -25.35870 -24.96380 -24.55460 -24.02150 -23.38100 -22.85120 -22.02370 -9999 -9999 -9999 -9999 -9999 -9999 -9999 -9999 -9999 -9999 -9999 -9999 -9999 -9999 -9999 -18.70940 -18.71180 -9999 -9999 -9999 -9999 -18.67520 -19.55440 -19.95420 -19.30450
-39.86100 -39.64660 -39.50840 -39.06980 -39.44820 -37.90700 -36.88800 -36.56980 -36.54280 -36.04380 -35.59030 -33.93860 -33.07450 -32.29850 -31.64490 -30.87890 -29.71410 -29.06350 -28.24970 -27.75680 -27.13070 -27.06170 -27.21820 -27.25340 -26.59880 -26.67430 -26.78360 -26.78400 -26.89030 -26.89560 -26.99410 -26.91530 -26.82080 -26.64790 -26.38460 -26.23460 -25.77110 -25.60730 -25.24480 -24.88290 -24.51970 -23.92260 -23.34970 -22.77110 -22.20170 -21.42480 -20.85890 -20.28650 -20.40230 -21.42940 -21.64570 -21.07300 -21.48230 -21.39790 -20.90740 -20.89470 -20.73130 -19.29410 -19.04740 -19.11690 -18.92020 -18.73190 -9999 -9999 -9999 -9999 -9999 -18.56710 -18.89500 -19.03740
-41.25240 -41.41550 -39.78160 -39.72380 -40.47170 -39.10350 -37.66410 -36.89920 -36.26020 -35.22160 -34.15640 -33.37180 -32.68190 -31.88170 -31.19700 -30.51340 -29.63450 -28.95940 -28.37260 -27.89340 -27.49970 -27.04700 -26.89500 -26.63460 -26.58750 -26.66020 -26.65450 -26.77190 -26.76890 -26.79820 -26.90940 -26.82080 -26.73430 -26.48810 -26.35560 -26.02500 -25.79640 -25.36580 -25.02410 -24.69530 -24.37190 -23.84720 -23.33200 -22.79410 -22.27340 -21.65160 -21.03670 -20.60540 -20.59930 -21.28940 -21.57270 -20.87160 -20.45670 -20.82970 -21.82010 -22.37770 -21.00440 -21.34280 -21.38260 -20.86520 -20.24400 -19.84410 -20.04940 -19.03050 -18.38790 -18.24750 -18.31240 -18.17570 -18.03760 -18.40120
-40.43130 -41.88610 -44.15790 -39.16190 -40.88160 -40.90110 -39.41670 -38.24830 -37.67300 -34.82830 -34.01880 -33.41980 -32.70490 -31.99810 -31.28210 -30.46590 -29.76390 -29.05410 -28.47770 -28.09860 -28.22200 -27.92690 -27.27850 -26.92820 -26.78900 -26.75870 -26.77130 -26.76850 -26.77680 -26.77800 -26.79060 -26.80060 -26.62920 -26.41320 -26.20670 -25.90340 -25.50270 -25.20880 -24.90560 -24.60350 -24.22590 -23.76490 -23.39170 -22.83980 -22.26780 -21.59910 -21.13210 -20.75440 -20.51260 -20.48060 -20.42100 -20.58110 -20.13910 -20.57540 -20.43150 -20.87180 -21.78700 -21.92730 -21.45700 -21.21040 -21.50190 -20.87910 -21.58500 -20.57150 -19.18070 -18.67990 -18.38430 -18.18580 -18.08620 -18.48670
-42.72460 -42.97890 -43.94220 -41.83970 -38.32860 -39.12460 -37.71440 -36.92380 -37.62240 -36.12350 -34.91210 -33.96790 -32.93370 -32.09420 -31.36330 -30.52370 -29.79700 -29.07560 -28.60410 -28.32550 -29.55920 -28.97860 -28.25120 -27.80980 -27.16130 -26.94340 -26.85360 -26.75970 -26.77350 -26.89780 -26.80890 -26.71920 -26.53780 -26.37220 -26.09780 -25.81810 -25.55040 -25.07410 -25.00410 -24.82000 -24.69070 -24.18750 -23.47150 -23.96770 -23.76250 -22.85230 -21.72290 -20.99640 -20.42200 -20.14960 -20.37640 -20.69290 -20.73120 -20.74740 -20.57840 -20.37810 -19.97810 -19.87000 -20.87580 -21.21940 -21.39380 -21.89180 -22.27480 -22.63770 -21.27860 -20.62560 -20.16030 -19.99930 -19.64250 -19.78060
-40.00560 -42.07790 -43.22910 -42.93560 -42.54110 -40.34590 -37.93230 -37.44690 -38.06600 -37.76730 -35.96850 -37.63520 -36.42360 -35.01740 -32.79060 -31.46920 -30.56850 -29.56980 -29.08110 -28.89130 -29.19750 -29.40800 -28.50200 -28.13510 -27.58190 -27.23170 -27.11340 -27.00680 -26.96690 -26.94910 -26.94050 -26.70870 -26.59360 -26.71570 -26.11720 -25.72640 -25.75310 -25.47260 -25.19610 -24.91890 -24.89020 -24.52330 -23.64430 -22.96340 -22.68660 -22.89540 -22.38100 -21.58070 -20.90130 -20.00780 -20.42360 -20.64520 -20.46470 -20.27150 -19.68640 -20.28640 -20.77420 -20.86020 -21.75050 -20.68350 -20.06450 -20.22800 -20.10620 -20.37470 -21.22020 -21.88090 -20.63450 -21.18110 -20.23250 -19.79590
-40.57950 -41.84520 -42.53760 -43.08350 -43.63380 -43.76690 -40.61610 -39.06620 -38.01530 -37.66750 -36.51760 -37.37110 -39.01120 -39.65520 -39.70380 -36.35110 -33.91050 -31.97430 -30.34200 -29.50440 -28.98350 -28.64610 -28.40590 -28.14280 -27.84090 -27.64960 -27.54940 -27.55490 -27.36410 -27.16690 -27.46840 -27.18690 -27.08770 -27.06080 -26.63370 -25.70590 -25.77900 -25.55740 -25.62290 -24.61440 -23.95450 -23.97620 -23.59930 -22.61610 -22.03160 -22.03380 -21.12820 -20.73230 -20.36590 -19.59390 -19.02000 -18.64870 -18.78650 -19.01450 -19.04790 -18.94620 -19.03280 -19.80420 -20.39820 -19.84080 -20.96990 -20.53190 -20.10470 -20.04870 -19.49740 -19.04440 -19.07880 -19.32150 -19.36360 -18.79990
-42.72250 -43.73030 -43.43200 -44.41190 -44.50270 -43.89510 -43.38580 -43.06350 -41.85550 -40.26490 -38.26390 -36.46350 -37.07110 -37.67570 -38.08050 -38.70450 -38.03260 -37.06430 -35.39160 -33.11010 -31.74110 -30.17100 -29.49380 -28.92400 -28.58030 -28.22370 -28.06640 -27.89140 -27.82030 -28.25160 -28.39660 -27.31500 -28.44740 -28.38870 -27.71760 -26.85100 -26.29740 -25.62440 -25.26560 -24.30850 -23.91810 -23.42120 -22.93810 -21.75750 -21.95160 -21.36550 -21.15420 -20.76140 -20.41000 -19.74840 -19.10650 -19.66060 -19.60870 -20.04680 -20.00610 -19.61600 -19.28290 -20.25980 -19.24180 -19.08270 -20.16100 -19.37950 -19.19930 -19.11840 -17.83300 -18.15940 -18.28820 -19.01960 -18.34170 -17.57620
-41.38020 -42.50130 -43.61950 -44.16150 -43.69410 -44.22340 -44.44940 -43.78010 -42.81640 -42.45370 -40.70390 -39.87880 -39.54110 -38.79900 -37.27930 -36.77020 -36.25380 -36.45210 -36.93980 -36.61860 -35.30970 -33.89520 -32.77800 -30.86080 -29.62470 -28.62220 -28.46840 -28.22580 -28.78350 -29.35480 -29.00800 -28.56970 -28.12010 -28.51600 -27.41310 -27.41520 -25.31340 -24.71980 -24.41300 -24.70920 -23.70020 -22.50040 -21.49740 -21.30080 -21.22450 -21.83210 -21.63300 -21.04790 -20.40520 -20.16470 -20.74030 -20.80080 -20.05770 -20.31660 -21.09220 -20.09950 -20.56420 -18.91820 -19.58810 -18.24500 -17.60250 -17.66300 -17.07440 -17.37550 -17.26150 -18.05230 -17.23210 -16.31900 -15.83700 -15.86200
-41.92440 -41.87190 -42.01950 -41.99940 -41.76750 -43.33930 -44.22060 -44.08600 -44.06310 -43.63920 -42.25390 -40.07100 -42.70410 -41.62790 -39.77720 -40.83280 -41.18030 -40.14220 -34.27710 -36.13100 -37.97540 -36.82640 -35.46560 -33.70740 -30.04680 -29.09650 -28.77980 -28.57040 -28.86570 -29.43690 -29.00940 -28.88790 -28.17650 -27.62340 -26.78650 -25.03740 -24.60020 -24.45420 -23.70600 -23.55960 -23.23930 -23.33620 -21.93120 -21.23660 -21.07090 -19.40070 -18.80960 -19.02010 -19.39150 -19.87630 -19.96000 -20.03310 -19.21430 -18.99310 -18.96820 -19.48330 -19.44090 -18.48400 -18.45470 -16.90000 -16.55150 -15.59930 -15.53830 -16.43060 -17.01270 -15.78280 -15.15430 -14.82910 -14.30290 -14.17480
-41.92600 -41.66800 -41.38900 -41.25080 -41.00280 -41.76850 -41.91110 -42.17190 -42.73170 -42.59320 -42.59450 -42.04150 -41.78140 -40.92810 -39.38950 -40.05640 -39.72500 -40.29610 -38.25230 -35.91440 -34.26460 -34.43860 -34.19700 -33.04330 -32.29020 -30.28490 -28.98610 -28.79290 -28.98560 -29.18270 -28.68230 -28.79320 -27.78780 -26.64760 -26.20690 -25.67330 -24.73130 -24.09570 -23.45100 -23.01800 -22.97510 -23.35270 -22.83790 -22.33740 -21.57540 -19.18590 -18.41280 -18.73350 -18.86900 -19.12130 -19.75950 -19.70760 -18.54970 -17.79710 -18.75280 -17.73930 -17.18600 -16.71240 -15.99560 -16.93840 -15.97180 -15.51790 -15.04570 -15.06270 -14.34480 -14.31780 -14.27850 -13.94030 -14.00760 -14.48290
-41.54440 -41.36960 -41.28890 -41.53650 -41.31110 -41.07890 -40.45990 -40.54390 -40.62230 -40.79410 -40.64550 -41.55130 -41.86080 -40.38580 -38.21520 -37.14820 -37.39650 -36.91750 -36.35110 -36.88000 -35.29910 -33.81590 -31.81360 -30.83520 -31.04450 -31.25600 -30.60500 -29.32530 -29.64140 -29.85480 -30.17660 -29.19020 -28.51030 -26.60800 -26.21880 -25.92310 -26.03160 -25.13350 -25.52800 -23.92870 -24.61470 -25.27510 -23.64890 -22.83280 -23.33530 -21.84790 -19.95830 -19.47530 -19.14330 -18.62120 -18.78390 -18.94990 -17.10720 -16.27170 -15.72730 -15.18040 -15.00590 -15.03100 -15.32980 -14.85620 -15.48450 -14.50530 -14.52740 -14.34810 -14.26570 -14.03680 -13.79420 -13.36830 -13.33350 -13.60310
-39.96320 -41.25760 -41.77240 -42.05320 -41.93620 -41.01710 -40.61160 -40.08720 -39.89530 -39.50380 -40.68360 -40.55710 -40.14530 -40.34730 -38.24810 -35.64180 -34.53920 -34.82060 -34.80690 -34.98670 -34.17640 -32.74810 -32.03230 -31.31750 -30.39430 -30.18350 -29.79040 -30.54330 -30.18580 -30.12120 -30.45510 -28.90200 -28.72990 -27.17690 -28.02840 -27.66670 -25.71340 -26.05960 -26.50530 -25.44050 -24.43360 -24.89460 -24.74230 -24.10580 -22.80430 -22.09150 -20.99020 -20.09050 -19.69800 -18.78090 -18.88410 -18.16500 -17.74650 -16.82410 -16.40420 -15.90710 -15.32080 -14.84700 -13.63960 -13.15720 -12.66800 -12.48910 -12.90890 -13.23110 -13.23470 -13.38920 -13.15320 -13.02340 -12.99010 -13.85020
-38.56980 -39.16850 -39.77610 -41.27190 -41.18300 -40.97880 -39.18880 -39.00180 -37.99920 -38.51480 -38.62990 -38.07900 -37.14190 -36.69760 -36.84630 -35.09300 -33.84090 -33.29720 -31.84440 -31.50190 -30.44310 -32.10210 -30.25110 -29.29930 -28.84650 -28.72910 -29.86000 -31.17210 -30.72610 -30.58680 -29.93440 -30.38860 -28.93970 -27.93870 -28.32670 -28.30480 -26.39500 -26.38740 -26.37350 -26.56190 -25.67270 -25.00240 -24.65160 -23.59760 -23.07270 -21.94820 -21.52910 -19.51500 -19.23590 -19.05860 -18.26400 -17.48200 -16.99400 -15.79350 -14.58420 -14.24260 -13.35310 -13.05120 -12.56060 -11.85440 -11.66650 -11.67600 -12.05630 -12.33930 -12.71500 -14.17390 -13.73790 -13.80170 -13.45850 -13.43930
-37.89220 -39.06590 -38.76930 -39.69160 -40.21420 -39.84990 -40.47340 -39.50690 -37.62930 -37.45860 -37.21330 -36.19740 -35.90390 -34.31420 -33.72750 -34.13940 -32.15760 -30.07910 -28.99300 -28.90920 -28.23550 -27.65640 -28.67420 -28.38460 -27.30220 -26.67960 -26.62620 -28.36350 -28.97060 -28.94470 -29.52100 -28.68770 -28.24760 -28.18750 -28.01870 -27.95970 -27.58260 -26.41480 -26.84550 -27.17670 -27.09830 -25.02090 -24.24890 -23.88060 -21.94080 -20.70410 -19.56830 -17.92760 -16.57560 -16.01510 -15.05320 -14.28260 -13.51330 -12.84870 -12.67520 -12.57590 -12.17760 -11.59280 -10.87960 -10.87960 -10.75770 -11.10960 -11.15200 -12.23840 -13.79810 -14.46430 -14.11650 -14.08980 -13.55070 -12.71560
-36.49610 -36.38320 -36.99250 -38.06040 -37.44000 -38.31470 -38.29080 -39.77120 -38.25360 -36.62570 -37.09480 -36.86560 -35.52910 -33.79440 -33.69340 -32.38310 -30.49160 -29.78350 -28.68110 -27.07230 -26.47430 -26.57670 -27.16390 -28.25570 -26.15230 -25.13940 -25.51000 -27.68030 -27.96000 -28.58360 -29.37620 -28.06870 -27.37300 -27.60640 -27.33960 -27.37310 -26.31890 -25.94250 -25.07560 -25.50520 -25.00660 -23.36400 -21.20030 -21.26670 -19.65260 -17.54840 -16.94540 -16.53380 -15.90680 -15.88720 -14.55970 -9999 -9999 -11.77300 -11.24170 -10.40380 -10.75210 -10.43820 -10.15580 -10.16030 -10.75810 -11.06010 -12.35890 -13.61300 -14.86150 -14.31020 -14.95550 -15.09590 -15.04480 -12.89400
-37.17840 -37.31220 -35.95110 -36.19150 -36.54550 -36.40550 -35.75050 -37.40900 -35.56510 -36.11720 -36.37660 -36.33720 -34.70440 -34.28570 -33.44920 -31.53420 -30.12440 -30.12480 -28.31250 -26.69690 -27.08630 -26.07540 -24.96490 -24.74000 -25.12600 -26.82930 -25.95320 -26.67070 -26.48440 -27.27300 -27.21180 -27.56310 -26.00840 -25.91050 -25.99690 -25.39810 -24.69500 -24.27930 -21.47460 -19.26320 -9999 -9999 -9999 -9999 -15.31920 -9999 -16.16200 -17.12250 -15.36300 -14.38960 -12.21200 -9999 -9999 -11.20460 -10.52070 -9.71381 -9.47738 -8.95971 -9.34796 -10.05750 -10.95960 -11.55800 -12.25740 -12.96990 -13.38440 -12.58640 -15.20350 -15.31940 -14.43860 -11.85930
