data/hydroclimate-scenarios/BCSD_hadcm_A1B/monthly_summaries/tavg_monthly_avg_apr.2070-2099.asc
ncols	311
nrows	91
xllcenter	102.75
yllcenter	31.75
cellsize	0.5
NODATA_value	-9999
[rows 0 to 31 of 91, columns 219 to 291 of 311]
-9999 -9999 -9999 -9999 -9999 -9999 -9999 -9999 -9999 -9999 -9999 -9999 -9999 -9999 -9999 -9999 -9999 -9999 -9999 -9999 -9999 -9999 -9999 -9999 -9999 -9999 -9999 -9999 -9999 -9999 -9999 -9999 -9999 -9999 -9999 -9999 -9999 -9999 -9999 -9999 -9999 -9999 -9999 -9999 -9999 -9999 -9999 -9999 -9999 -9999 -9999 -9999 -9999 -9999 -9999 -9999 -9999 -9999 -9999 -9999 -9999 -9999 -9999 -9999 -9999 -9999 -9999 -9999 -9999 -9999 -9999 -9999 -9999
-9999 -9999 -9999 -9999 -9999 -9999 -9999 -9999 -9999 -9999 -9999 -9999 -9999 -9999 -9999 -9999 -9999 -9999 -9999 -9999 -9999 -9999 -9999 -9999 -9999 -9999 -9999 -9999 -9999 -9999 -9999 -9999 -9999 -9999 -9999 -9999 -9999 -9999 -9999 -9999 -9999 -9999 -9999 -9999 -9999 -9999 -9999 -9999 -9999 -9999 -9999 -9999 -9999 -9999 -9999 -9999 -9999 -9999 -9999 -9999 -9999 -9999 -9999 -9999 -9999 -9999 -9999 -9999 -9999 -9999 -9999 -9999 -9999
-9999 -9999 -9999 -9999 -9999 -9999 -9999 -9999 -9999 -9999 -9999 -9999 -9999 -9999 -9999 -9999 -9999 -9999 -9999 -9999 -9999 -9999 -9999 -9999 -9999 -9999 -9999 -9999 -9999 -9999 -9999 -9999 -9999 -9999 -9999 -9999 -9999 -9999 -9999 -9999 -9999 -9999 -9999 -9999 -9999 -9999 -9999 -9999 -9999 -9999 -9999 -9999 -9999 -9999 -9999 -9999 -9999 -9999 -9999 -9999 -9999 -9999 -9999 -9999 -9999 -9999 -9999 -9999 -9999 -9999 -9999 -9999 -9999
-9999 -9999 -9999 -9999 -9999 -9999 -9999 -9999 -9999 -9999 -9999 -9999 -9999 -9999 -9999 -9999 -9999 -9999 -9999 -9999 -9999 -9999 -9999 -9999 -9999 -9999 -9999 -9999 -9999 -9999 -9999 -9999 -9999 -9999 -9999 -9999 -9999 -9999 -9999 -9999 -9999 -9999 -9999 -9999 -9999 -9999 -9999 -9999 -9999 -9999 -9999 -9999 -9999 -9999 -9999 -9999 -9999 -9999 -9999 -9999 -9999 -9999 -9999 -9999 -9999 -9999 -9999 -9999 -9999 -9999 -9999 -9999 -9999
-9999 -9999 -9999 -9999 -9999 -9999 -9999 -9999 -9999 -9999 -9999 -9999 -9999 -9999 -9999 -9999 -9999 -9999 -9999 -9999 -9999 -9999 -9999 -9999 -9999 -9999 -9999 -9999 -9999 -9999 -9999 -9999 -9999 -9999 -9999 -9999 -9999 -9999 -9999 -9999 -9999 -9999 -9999 -9999 -9999 -9999 -9999 -9999 -9999 -9999 -9999 -9999 -9999 -9999 -9999 -9999 -9999 -9999 -9999 -9999 -9999 -9999 -9999 -9999 -9999 -9999 -9999 -9999 -9999 -9999 -9999 -9999 -9999
-9999 -9999 -9999 -9999 -9999 -9999 -9999 -9999 -9999 -9999 -9999 -9999 -9999 -9999 -9999 -9999 -9999 -9999 -9999 -9999 -9999 -9999 -9999 -9999 -9999 -9999 -9999 -9999 -9999 -9999 -9999 -9999 -9999 -9999 -9999 -9999 -9999 -9999 -9999 -9999 -9999 -9999 -9999 -9999 -9999 -9999 -9999 -9999 -9999 -9999 -9999 -9999 -9999 -9999 -9999 -9999 -9999 -9999 -9999 -9999 -9999 -9999 -9999 -9999 -9999 -9999 -9999 -9999 -9999 -9999 -9999 -9999 -9999
-9999 -9999 -9999 -9999 -9999 -9999 -9999 -9999 -9999 -9999 -9999 -9999 -9999 -9999 -9999 -9999 -9999 -9999 -9999 -9999 -9999 -9999 -9999 -9999 -9999 -9999 -9999 -9999 -9999 -9999 -9999 -9999 -9999 -9999 -9999 -9999 -9999 -9999 -9999 -9999 -9999 -9999 -9999 -9999 -9999 -9999 -9999 -9999 -9999 -9999 -9999 -9999 -9999 -9999 -9999 -9999 -9999 -9999 -9999 -9999 -9999 -9999 -9999 -9999 -9999 -9999 -9999 -9999 -9999 -9999 -9999 -9999 -9999
-9999 -9999 -9999 -9999 -9999 -9999 -9999 -9999 -9999 -9999 -9999 -9999 -9999 -9999 -9999 -9999 -9999 -9999 -9999 -9999 -9999 -9999 -9999 -9999 -9999 -9999 -9999 -9999 -9999 -9999 -9999 -9999 -9999 -9999 -9999 -9999 -9999 -9999 -9999 -9999 -9999 -9999 -9999 -9999 -9999 -9999 -9999 -9999 -9999 -9999 -9999 -9999 -9999 -9999 -9999 -9999 -9999 -9999 -9999 -9999 -9999 -9999 -9999 -9999 -9999 -9999 -9999 -9999 -9999 -9999 -9999 -9999 -9999
-9999 -9999 -9999 -9999 -9999 -9999 -9999 -9999 -9999 -9999 -9999 -9999 -9999 -9999 -9999 -9999 -9999 -9999 -9999 -9999 -9999 -9999 -9999 -9999 -9999 -9999 -9999 -9999 -9999 -9999 -9999 -9999 -9999 -9999 -9999 -9999 -9999 -9999 -9999 -9999 -9999 -9999 -9999 -9999 -9999 -9999 -9999 -9999 -9999 -9999 -9999 -9999 -9999 -9999 -9999 -9999 -9999 -9999 -9999 -9999 -9999 -9999 -9999 -9999 -9999 -9999 -9999 -9999 -9999 -9999 -9999 -9999 -9999
-9999 -9999 -9999 -9999 -9999 -9999 -9999 -9999 -9999 -9999 -9999 -9999 -9999 -9999 -9999 -9999 -9999 -9999 -9999 -9999 -9999 -9999 -9999 -9999 -9999 -9999 -9999 -9999 -9999 -9999 -9999 -9999 -9999 -9999 -9999 -9999 -9999 -9999 -9999 -9999 -9999 -9999 -9999 -9999 -9999 -9999 -9999 -9999 -9999 -9999 -9999 -9999 -9999 -9999 -9999 -9999 -9999 -9999 -9999 -9999 -9999 -9999 -9999 -9999 -9999 -9999 -9999 -9999 -9999 -9999 -9999 -9999 -9999
-9999 -9999 -9999 -9999 -9999 -9999 -9999 -9999 -9999 -9999 -9999 -9999 -9999 -9999 -9999 -9999 -9999 -9999 -9999 -9999 -9999 -9999 -9999 -9999 -9999 -9999 -9999 -9999 -9999 -9999 -9999 -9999 -9999 -9999 -9999 -9999 -9999 -9999 -9999 -9999 -9999 -9999 -9999 -9999 -9999 -9999 -9999 -9999 -9999 -9999 -9999 -9999 -9999 -9999 -9999 -9999 -9999 -9999 -9999 -9999 -9999 -9999 -9999 -9999 -9999 -9999 -9999 -9999 -9999 -9999 -9999 -9999 -9999
-9999 -9999 -9999 -9999 -9999 -9999 -9999 -9999 -9999 -9999 -9999 -9999 -9999 -9999 -9999 -9999 -9999 -9999 -9999 -9999 -9999 -9999 -9999 -9999 -9999 -9999 -9999 -9999 -9999 -9999 -9999 -9999 -9999 -9999 -9999 -9999 -9999 -9999 -9999 -9999 -9999 -9999 -9999 -9999 -9999 -9999 -9999 -9999 -9999 -9999 -9999 -9999 -9999 -9999 -9999 -9999 -9999 -9999 -9999 -9999 -9999 -9999 -9999 -9999 -9999 -9999 -9999 -9999 -9999 -9999 -9999 -9999 -9999
-9999 -9999 -9999 -9999 -9999 -9999 -9999 -9999 -9999 -9999 -9999 -9999 -9999 -9999 -9999 -9999 -9999 -9999 -9999 -9999 -9999 -9999 -9999 -9999 -9999 -9999 -9999 -9999 -9999 -9999 -9999 -9999 -9999 -9999 -9999 -9999 -9999 -9999 -9999 -9999 -9999 -9999 -9999 -9999 -9999 -9999 -9999 -9999 -9999 -9999 -9999 -9999 -9999 -9999 -9999 -9999 -9999 -9999 -9999 -9999 -9999 -9999 -9999 -9999 -9999 -9999 -9999 -9999 -9999 -9999 -9999 -9999 -9999
-9999 -9999 -9999 -9999 -9999 -9999 -9999 -9999 -9999 -9999 -9999 -9999 -9999 -9999 -9999 -9999 -9999 -9999 -9999 -9999 -9999 -9999 -9999 -9999 -9999 -9999 -9999 -9999 -9999 -9999 -9999 -9999 -9999 -9999 -9999 -9999 -9999 -9999 -9999 -9999 -9999 -13.16670 -9999 -9999 -9999 -9999 -9999 -9999 -9999 -9999 -9999 -9999 -9999 -9999 -9999 -9999 -9999 -9999 -9999 -9999 -9999 -9999 -9999 -9999 -9999 -9999 -9999 -9999 -9999 -9999 -9999 -9999 -9999
-12.80560 -12.68430 -12.48600 -12.67040 -12.72360 -12.86700 -12.78570 -13.21790 -13.31240 -13.23280 -13.11610 -13.15930 -7.20307 -9999 -9999 -9999 -9999 -9999 -9999 -9999 -9999 -9999 -9999 -9999 -9999 -9999 -9999 -9999 -9999 -9999 -9999 -9999 -9999 -9999 -9999 -9999 -14.39640 -13.42500 -14.32790 -15.65390 -16.05560 -15.16540 -12.17980 -9999 -9999 -9999 -11.63140 -9999 -9999 -9999 -10.91730 -11.13540 -11.25920 -9999 -9999 -9999 -9999 -9999 -9999 -9999 -9999 -9999 -9999 -9999 -9999 -9999 -9999 -9999 -9999 -9999 -9999 -9999 -9999
-10.89670 -10.97900 -11.35220 -11.78310 -11.81830 -12.96120 -12.57640 -13.23950 -13.81260 -12.35940 -11.44700 -10.71590 -10.57400 -11.42350 -11.84160 -13.44630 -12.95710 -12.08490 -12.24650 -9999 -9999 -9999 -9999 -9999 -11.41310 -11.56810 -11.51140 -11.54020 -11.66730 -11.68910 -11.61630 -11.22520 -10.93690 -10.65070 -10.63560 -10.63450 -14.74320 -14.55180 -15.45770 -15.15500 -16.23910 -15.85920 -11.93680 -11.90360 -11.57150 -11.53210 -11.29610 -10.86650 -10.61630 -10.92380 -11.33220 -12.12980 -13.33380 -13.21870 -12.41900 -11.91690 -12.22200 -11.83010 -9999 -9999 -9999 -9999 -9999 -9999 -9999 -9999 -9999 -9999 -9999 -9999 -9999 -9999 -9999
-11.77240 -12.46240 -12.61050 -12.59360 -13.03910 -13.16170 -12.29070 -13.05410 -12.50100 -11.21290 -9.43168 -8.04518 -8.94468 -9.18016 -10.50710 -12.16040 -11.37150 -12.55390 -13.06020 -12.52310 -11.57720 -11.04610 -10.59830 -10.37750 -10.34260 -10.31160 -10.67390 -10.92260 -10.98160 -10.84080 -10.89020 -10.83230 -10.66100 -10.42440 -10.51480 -10.59870 -10.79360 -10.95090 -11.05640 -10.97460 -11.84010 -11.80230 -11.51400 -11.42230 -11.34400 -11.25210 -11.17490 -10.88770 -10.69310 -10.56100 -10.63580 -10.62020 -10.59210 -10.66030 -10.83130 -11.10800 -11.99770 -13.10330 -13.09890 -13.10920 -12.71450 -13.12650 -13.35480 -13.49090 -13.46890 -13.24190 -9999 -9999 -9999 -9999 -9999 -9999 -9999
-10.48840 -9.16332 -9.15986 -9.42913 -8.22206 -7.80184 -7.85179 -6.37683 -5.33776 -4.77671 -4.81341 -4.32989 -4.76158 -6.02520 -7.59990 -8.87131 -8.48927 -9.04091 -11.15230 -11.51100 -11.88780 -12.17540 -11.94950 -11.82770 -10.69430 -9.27678 -9.25166 -9.41843 -9.50184 -9.78381 -9.66202 -9.74034 -9.73214 -9.62438 -9.70172 -9.77873 -9.67734 -9.56419 -9.54018 -9.70657 -10.65370 -10.63000 -10.49380 -10.45190 -10.40660 -10.27580 -10.24110 -10.20530 -9.95564 -9.89862 -9.85356 -9.99606 -10.04160 -9.99904 -10.14510 -10.39950 -11.77420 -12.26530 -11.95170 -12.24450 -12.23590 -12.73180 -12.91440 -13.21510 -13.20200 -12.67410 -9999 -12.41640 -9999 -9999 -9999 -9999 -9999
-7.74891 -7.29190 -6.26954 -5.65271 -5.80711 -4.95627 -3.34892 -2.64127 -2.56535 -2.44480 -2.25328 -1.89383 -3.44786 -4.97560 -5.68603 -7.04744 -6.94001 -7.01426 -8.83535 -9.60904 -9.90600 -11.59770 -11.99780 -12.18780 -10.07580 -7.96748 -8.06007 -8.06552 -8.07027 -8.28137 -8.49026 -8.72245 -8.43123 -8.64931 -8.52142 -8.78517 -8.44391 -8.61539 -8.66872 -8.72365 -9.38648 -9.36011 -9.37216 -9.47755 -9.28966 -9.49298 -9.61408 -9.52079 -9.21852 -9.13295 -9.05394 -9.18083 -9.20578 -9.42216 -9.35639 -9.68489 -10.93510 -10.96980 -11.09160 -11.46980 -11.63740 -11.88590 -12.18230 -12.44750 -12.14420 -11.91670 -11.68180 -9999 -9999 -9999 -9999 -9999 -9999
-5.05300 -4.28816 -2.44062 -1.91849 -2.13861 -2.34163 -2.38167 -2.27587 -1.82427 -1.66135 -1.04777 -0.82299 -0.63985 -2.26491 -4.34850 -5.67720 -6.70162 -7.08132 -8.63460 -8.44523 -7.46042 -7.56980 -8.10049 -10.40480 -8.31288 -7.41687 -6.72995 -6.73875 -6.75606 -6.85798 -6.96270 -6.99976 -7.22271 -7.45642 -7.41174 -7.36267 -7.80723 -7.75176 -7.59317 -7.72858 -8.06414 -8.35053 -8.38285 -8.22266 -8.16312 -8.39324 -8.33318 -8.36591 -8.18675 -8.39328 -8.31224 -8.43100 -8.44688 -8.58597 -8.78874 -8.90838 -9.26323 -9.62978 -10.20330 -10.35900 -10.54230 -10.81020 -11.26530 -11.51850 -11.50790 -11.59930 -11.47520 -11.44790 -9999 -9999 -9999 -9999 -9999
-1.09296 0.21049 0.62560 0.21527 -1.30781 -2.13368 -2.09705 -1.90229 -1.69994 -1.23448 -0.79152 -0.33579 -0.09986 -1.94635 -4.25021 -6.10592 -6.29748 -6.89699 -8.02254 -7.05612 -6.58252 -6.30985 -7.04225 -8.36553 -8.58633 -6.40963 -5.80933 -5.61098 -5.70305 -5.68299 -5.86359 -5.97742 -5.90422 -6.12444 -6.26282 -6.19309 -6.32663 -6.45860 -6.47925 -6.40858 -6.83677 -7.10896 -7.04776 -7.29300 -7.62265 -7.46877 -7.51013 -7.32724 -7.45376 -7.18453 -7.41126 -7.44776 -7.17510 -7.02332 -7.05680 -7.39075 -7.84619 -8.23071 -8.80733 -9.08852 -9.64753 -10.99170 -11.25940 -11.53350 -11.63120 -11.71930 -11.82000 -12.08840 -12.05530 -12.23270 -12.30050 -12.43730 -9999
-1.13582 -0.78034 -1.00279 -1.56052 -1.67087 -1.58058 -1.90548 -2.21442 -1.20811 0.46138 1.01042 1.22450 1.22669 -0.59473 -3.82905 -6.05258 -7.31897 -6.98857 -7.03962 -5.76726 -5.41016 -5.55483 -6.00406 -6.63088 -8.06231 -6.69074 -5.69610 -4.87096 -4.65490 -4.61585 -4.77593 -4.77654 -4.78137 -4.87371 -4.99910 -5.11764 -5.04068 -4.95875 -4.87383 -5.28226 -5.59092 -5.76469 -5.80810 -5.94845 -6.29890 -6.24383 -5.87586 -5.90213 -5.92471 -5.47965 -5.62434 -5.96773 -6.41935 -6.16726 -6.02829 -6.47486 -6.84907 -7.42629 -7.91219 -7.98079 -8.83424 -10.08770 -10.47130 -10.66600 -10.85790 -10.96290 -11.05450 -11.13380 -11.19650 -11.37470 -11.45530 -11.68740 -11.99130
2.22704 1.56495 0.63944 0.56896 1.25943 1.75808 0.79429 -2.28113 -0.51789 1.15195 2.23400 2.16258 1.02273 -0.33885 -3.24699 -5.34677 -6.31834 -6.07855 -7.24461 -5.58905 -5.64609 -5.70598 -5.14065 -4.89192 -5.14094 -4.48006 -4.66891 -5.24421 -5.39759 -5.24736 -5.67964 -6.16954 -5.54571 -5.42894 -5.53589 -4.72963 -4.24325 -4.14662 -4.06136 -4.15797 -4.56432 -5.42191 -5.37851 -5.61485 -5.56983 -5.51774 -5.14492 -5.16994 -5.21122 -5.39051 -5.53392 -5.30444 -5.16518 -5.24279 -5.80202 -5.86523 -6.34246 -6.73002 -7.19738 -7.56442 -9.02039 -9.31249 -9.50189 -9.80455 -10.01200 -10.10870 -10.29080 -10.27500 -10.43040 -10.50250 -10.59300 -11.02050 -11.39930
3.93769 4.37837 1.65458 -0.44472 -0.39127 0.31439 0.88266 0.48792 0.69975 1.58760 1.49573 1.73654 1.16553 -0.36041 -2.57403 -4.83770 -4.91566 -4.70065 -6.06022 -6.01400 -5.78761 -5.83320 -5.98605 -5.85542 -5.41096 -4.56393 -5.26348 -6.01029 -7.14570 -7.66687 -8.48760 -8.45531 -7.60719 -7.47922 -8.55272 -8.04795 -6.53652 -6.33109 -5.52292 -5.41422 -4.00434 -3.56861 -3.73081 -4.38089 -4.13444 -3.56830 -3.90480 -4.04968 -3.88023 -4.27936 -4.05364 -3.92509 -4.31760 -5.49315 -5.68820 -5.36522 -6.04442 -6.81385 -7.08480 -7.44134 -8.14226 -8.44851 -8.64317 -8.95153 -9.15078 -9.34939 -9.43839 -9.51266 -9.67087 -9.73662 -9.92347 -10.04060 -10.48380
1.76913 1.59431 1.52685 0.76316 0.58667 0.46424 0.52995 0.53656 0.54448 0.53977 -0.00718 1.45268 -0.14468 -0.14631 -0.98480 -4.14497 -4.88250 -5.41306 -6.08448 -5.94033 -6.70117 -6.06574 -6.23030 -6.39303 -7.35027 -7.61251 -7.61613 -8.27030 -8.89777 -9.02519 -9.25352 -9.99574 -9.56525 -9.22851 -10.00540 -9.88399 -9.06986 -9.34488 -9.22557 -9.00386 -8.17297 -6.75302 -4.40593 -3.06671 -3.12261 -2.66525 -2.61413 -3.54303 -3.48089 -3.27851 -3.55638 -3.72982 -3.51143 -3.90248 -4.48843 -5.47645 -6.23684 -6.70630 -6.39012 -6.07371 -6.38654 -6.87560 -7.29372 -7.59674 -8.20314 -8.40585 -8.50556 -8.58551 -8.75082 -8.93387 -9.02239 -9.11619 -9.34447
0.63228 0.87193 1.10470 1.50820 1.42701 1.16065 1.18577 0.91372 0.18938 1.29959 1.26922 0.18488 0.09934 -0.81145 -1.98603 -1.59077 -2.98651 -2.45766 -4.30055 -4.85155 -5.22847 -5.28221 -5.06362 -4.51830 -4.48860 -4.45712 -5.76755 -5.72313 -7.17297 -7.51482 -7.15705 -8.11976 -8.00244 -8.28656 -8.96011 -9.32842 -8.01799 -8.19037 -8.06228 -8.23178 -7.70076 -6.47492 -4.92805 -3.83560 -3.11100 -2.37499 -1.63019 -2.94540 -3.79236 -2.88885 -2.85392 -3.11644 -2.90191 -3.17743 -3.82757 -4.68893 -4.85713 -5.13112 -5.51120 -6.01931 -5.51976 -5.63213 -6.04176 -6.45104 -7.16363 -7.37846 -7.59486 -7.60267 -7.77277 -7.96980 -8.26562 -8.37119 -8.50548
-3.90996 -4.16515 -3.58756 -1.92317 -0.51399 -1.55609 0.28701 1.88700 2.82614 3.25912 2.69697 1.17074 1.14073 -0.66180 -1.40397 -1.76238 -1.36171 -1.11592 -1.70570 -1.48849 -1.15628 -1.62594 -1.79468 -0.95275 -0.62059 -1.98508 -2.40948 -2.98667 -2.75233 -3.11025 -5.47094 -5.74074 -6.45603 -6.96932 -7.03389 -6.99653 -7.45853 -7.52758 -7.79432 -6.76318 -6.44385 -7.07612 -6.08516 -4.50550 -3.69674 -2.65031 -1.91328 -1.47737 -1.40101 -2.48897 -2.24123 -2.21345 -2.55273 -2.61516 -2.75058 -3.50230 -3.96423 -4.56657 -4.75884 -4.47931 -4.77797 -4.98306 -5.08872 -5.19713 -5.72636 -6.15920 -6.38039 -6.41333 -6.49445 -7.00718 -7.52190 -7.73298 -7.81141
-2.11611 -2.66459 -3.60285 -3.81137 -2.76923 -4.94543 -3.92637 -2.68314 -1.19439 0.55403 1.32297 1.35152 1.81473 0.39993 -0.86362 -0.75512 -0.81939 0.08971 -1.22245 -0.67107 -0.65416 -0.13038 -0.30203 -0.08387 -0.85163 -1.51846 -2.14676 -1.73520 -3.62421 -4.19590 -4.06768 -4.25472 -5.48976 -6.10535 -5.97340 -6.53699 -6.90043 -6.16385 -6.44295 -6.79564 -7.44294 -6.95784 -5.26045 -4.12210 -3.87458 -3.53900 -2.67843 -1.65865 -0.41225 -1.48484 -1.65057 -1.58344 -1.61391 -1.95136 -2.09984 -2.53018 -2.61596 -2.80325 -3.20902 -3.51972 -3.83023 -4.03885 -4.14120 -4.25071 -4.49314 -4.74925 -5.07303 -5.31958 -5.42870 -5.83616 -6.26770 -6.73801 -6.82996
-2.65541 -1.34274 -1.28662 -1.29726 -0.89981 -0.89587 -0.45517 -0.44973 0.19093 0.10779 1.84907 3.52894 3.13791 2.21983 0.97263 -0.23812 -0.75502 -0.22951 -2.14328 -2.36523 -0.35024 0.16966 0.10147 0.62070 1.13861 0.36204 -0.57431 -2.07939 -3.17629 -3.06855 -3.17627 -4.08010 -4.52090 -4.27881 -5.32937 -5.58832 -6.16261 -5.91657 -6.17394 -6.41392 -6.91964 -7.63043 -6.64952 -6.79769 -5.65862 -5.21388 -2.47184 -1.02910 -0.28338 0.53498 -0.41443 -0.64615 -0.26846 -0.59254 -0.84246 -1.07542 -1.33700 -1.65224 -2.16935 -2.46862 -2.77348 -3.17577 -3.28619 -3.10583 -3.15607 -3.21340 -3.56153 -3.72356 -4.25196 -4.68810 -5.07387 -5.34091 -5.48220
-3.79330 -3.40342 -1.43635 -0.49899 0.79832 1.60922 0.82900 -3.19798 -3.32130 -2.48896 -1.59343 0.18496 -0.04144 -0.32919 1.11707 1.32254 1.52057 0.48903 -0.04112 -0.57513 -0.86319 -1.41462 -0.49594 0.83778 0.97088 0.21570 0.07185 -1.87178 -2.27788 -3.09217 -1.99872 -2.90109 -3.05134 -3.01633 -3.48327 -4.14656 -4.30135 -6.25896 -5.07480 -5.79895 -5.50966 -5.52539 -6.27354 -6.33073 -5.69454 -4.56647 -2.82140 -1.59307 -0.34066 1.47862 1.01376 0.57479 0.65630 0.13141 -1.01655 -2.25212 -2.73577 -2.83644 -2.85044 -2.35031 -1.87004 -2.06185 -2.26788 -2.36798 -2.63012 -2.49374 -3.05661 -3.21852 -2.96869 -3.25091 -3.61650 -3.74450 -3.69314
-1.25720 -2.10297 -1.56687 -0.31687 0.56871 1.62422 2.19243 1.59599 -2.50247 -4.38273 -3.38414 -1.23540 -2.38624 -1.78139 -1.82284 -1.35139 -0.24457 -0.94183 -1.73255 -1.95210 -0.89446 0.37466 -0.78820 0.02422 0.12330 0.37710 1.12507 -0.47147 -1.43483 -2.37200 -2.77270 -2.59719 -2.18470 -2.13963 -3.12706 -3.71779 -2.78806 -4.11509 -4.04305 -3.57837 -4.40053 -4.45328 -3.75742 -2.53757 -2.93710 -2.80772 -3.06283 -1.93707 -1.78328 0.23710 1.14706 0.60417 1.35354 1.21120 0.99020 0.53074 -0.26118 -0.54997 -0.54395 -0.57574 -0.86267 -1.15303 -1.44472 -1.74454 -1.81304 -1.88200 -2.03753 -2.00540 -2.20028 -2.37977 -2.36487 -2.41889 -2.76621
-9999 -1.26028 0.33384 -0.07276 -0.15693 1.20554 1.92489 2.11588 2.34798 2.53263 2.78523 0.42016 -4.71804 -7.15310 -7.90607 -9.32505 -3.32114 -1.71122 -1.58113 -1.73773 -1.18902 -1.19015 -0.78959 -0.48114 -0.05779 1.21718 0.11619 -0.16784 -1.15430 -1.20244 -1.31936 -2.54188 -3.45424 -3.22887 -2.83428 -3.90012 -2.47499 -1.49516 -3.53565 -3.26236 -3.50706 -3.09104 -2.21543 -1.94482 -1.43018 -1.71778 -2.48786 -1.64938 -0.83402 1.17852 2.09304 1.91865 1.76750 1.52526 1.37268 1.29674 1.10052 0.92347 0.62529 0.33040 0.03785 -0.15205 -0.62855 -1.01115 -0.78286 -0.86521 -1.01795 -1.16579 -1.22831 -1.39596 -1.39942 -1.46875 -1.71821
