data/hydroclimate-scenarios/BCSD_hadcm_A1B/monthly_summaries/tavg_monthly_avg_mar.2070-2099.asc
ncols	311
nrows	91
xllcenter	102.75
yllcenter	31.75
cellsize	0.5
NODATA_value	-9999
[rows 0 to 31 of 91, columns 213 to 283 of 311]
-9999 -9999 -9999 -9999 -9999 -9999 -9999 -9999 -9999 -9999 -9999 -9999 -9999 -9999 -9999 -9999 -9999 -9999 -9999 -9999 -9999 -9999 -9999 -9999 -9999 -9999 -9999 -9999 -9999 -9999 -9999 -9999 -9999 -9999 -9999 -9999 -9999 -9999 -9999 -9999 -9999 -9999 -9999 -9999 -9999 -9999 -9999 -9999 -9999 -9999 -9999 -9999 -9999 -9999 -9999 -9999 -9999 -9999 -9999 -9999 -9999 -9999 -9999 -9999 -9999 -9999 -9999 -9999 -9999 -9999 -9999
-9999 -9999 -9999 -9999 -9999 -9999 -9999 -9999 -9999 -9999 -9999 -9999 -9999 -9999 -9999 -9999 -9999 -9999 -9999 -9999 -9999 -9999 -9999 -9999 -9999 -9999 -9999 -9999 -9999 -9999 -9999 -9999 -9999 -9999 -9999 -9999 -9999 -9999 -9999 -9999 -9999 -9999 -9999 -9999 -9999 -9999 -9999 -9999 -9999 -9999 -9999 -9999 -9999 -9999 -9999 -9999 -9999 -9999 -9999 -9999 -9999 -9999 -9999 -9999 -9999 -9999 -9999 -9999 -9999 -9999 -9999
-9999 -9999 -9999 -9999 -9999 -9999 -9999 -9999 -9999 -9999 -9999 -9999 -9999 -9999 -9999 -9999 -9999 -9999 -9999 -9999 -9999 -9999 -9999 -9999 -9999 -9999 -9999 -9999 -9999 -9999 -9999 -9999 -9999 -9999 -9999 -9999 -9999 -9999 -9999 -9999 -9999 -9999 -9999 -9999 -9999 -9999 -9999 -9999 -9999 -9999 -9999 -9999 -9999 -9999 -9999 -9999 -9999 -9999 -9999 -9999 -9999 -9999 -9999 -9999 -9999 -9999 -9999 -9999 -9999 -9999 -9999
-9999 -9999 -9999 -9999 -9999 -9999 -9999 -9999 -9999 -9999 -9999 -9999 -9999 -9999 -9999 -9999 -9999 -9999 -9999 -9999 -9999 -9999 -9999 -9999 -9999 -9999 -9999 -9999 -9999 -9999 -9999 -9999 -9999 -9999 -9999 -9999 -9999 -9999 -9999 -9999 -9999 -9999 -9999 -9999 -9999 -9999 -9999 -9999 -9999 -9999 -9999 -9999 -9999 -9999 -9999 -9999 -9999 -9999 -9999 -9999 -9999 -9999 -9999 -9999 -9999 -9999 -9999 -9999 -9999 -9999 -9999
-9999 -9999 -9999 -9999 -9999 -9999 -9999 -9999 -9999 -9999 -9999 -9999 -9999 -9999 -9999 -9999 -9999 -9999 -9999 -9999 -9999 -9999 -9999 -9999 -9999 -9999 -9999 -9999 -9999 -9999 -9999 -9999 -9999 -9999 -9999 -9999 -9999 -9999 -9999 -9999 -9999 -9999 -9999 -9999 -9999 -9999 -9999 -9999 -9999 -9999 -9999 -9999 -9999 -9999 -9999 -9999 -9999 -9999 -9999 -9999 -9999 -9999 -9999 -9999 -9999 -9999 -9999 -9999 -9999 -9999 -9999
-9999 -9999 -9999 -9999 -9999 -9999 -9999 -9999 -9999 -9999 -9999 -9999 -9999 -9999 -9999 -9999 -9999 -9999 -9999 -9999 -9999 -9999 -9999 -9999 -9999 -9999 -9999 -9999 -9999 -9999 -9999 -9999 -9999 -9999 -9999 -9999 -9999 -9999 -9999 -9999 -9999 -9999 -9999 -9999 -9999 -9999 -9999 -9999 -9999 -9999 -9999 -9999 -9999 -9999 -9999 -9999 -9999 -9999 -9999 -9999 -9999 -9999 -9999 -9999 -9999 -9999 -9999 -9999 -9999 -9999 -9999
-9999 -9999 -9999 -9999 -9999 -9999 -9999 -9999 -9999 -9999 -9999 -9999 -9999 -9999 -9999 -9999 -9999 -9999 -9999 -9999 -9999 -9999 -9999 -9999 -9999 -9999 -9999 -9999 -9999 -9999 -9999 -9999 -9999 -9999 -9999 -9999 -9999 -9999 -9999 -9999 -9999 -9999 -9999 -9999 -9999 -9999 -9999 -9999 -9999 -9999 -9999 -9999 -9999 -9999 -9999 -9999 -9999 -9999 -9999 -9999 -9999 -9999 -9999 -9999 -9999 -9999 -9999 -9999 -9999 -9999 -9999
-9999 -9999 -9999 -9999 -9999 -9999 -9999 -9999 -9999 -9999 -9999 -9999 -9999 -9999 -9999 -9999 -9999 -9999 -9999 -9999 -9999 -9999 -9999 -9999 -9999 -9999 -9999 -9999 -9999 -9999 -9999 -9999 -9999 -9999 -9999 -9999 -9999 -9999 -9999 -9999 -9999 -9999 -9999 -9999 -9999 -9999 -9999 -9999 -9999 -9999 -9999 -9999 -9999 -9999 -9999 -9999 -9999 -9999 -9999 -9999 -9999 -9999 -9999 -9999 -9999 -9999 -9999 -9999 -9999 -9999 -9999
-9999 -9999 -9999 -9999 -9999 -9999 -9999 -9999 -9999 -9999 -9999 -9999 -9999 -9999 -9999 -9999 -9999 -9999 -9999 -9999 -9999 -9999 -9999 -9999 -9999 -9999 -9999 -9999 -9999 -9999 -9999 -9999 -9999 -9999 -9999 -9999 -9999 -9999 -9999 -9999 -9999 -9999 -9999 -9999 -9999 -9999 -9999 -9999 -9999 -9999 -9999 -9999 -9999 -9999 -9999 -9999 -9999 -9999 -9999 -9999 -9999 -9999 -9999 -9999 -9999 -9999 -9999 -9999 -9999 -9999 -9999
-9999 -9999 -9999 -9999 -9999 -9999 -9999 -9999 -9999 -9999 -9999 -9999 -9999 -9999 -9999 -9999 -9999 -9999 -9999 -9999 -9999 -9999 -9999 -9999 -9999 -9999 -9999 -9999 -9999 -9999 -9999 -9999 -9999 -9999 -9999 -9999 -9999 -9999 -9999 -9999 -9999 -9999 -9999 -9999 -9999 -9999 -9999 -9999 -9999 -9999 -9999 -9999 -9999 -9999 -9999 -9999 -9999 -9999 -9999 -9999 -9999 -9999 -9999 -9999 -9999 -9999 -9999 -9999 -9999 -9999 -9999
-9999 -9999 -9999 -9999 -9999 -9999 -9999 -9999 -9999 -9999 -9999 -9999 -9999 -9999 -9999 -9999 -9999 -9999 -9999 -9999 -9999 -9999 -9999 -9999 -9999 -9999 -9999 -9999 -9999 -9999 -9999 -9999 -9999 -9999 -9999 -9999 -9999 -9999 -9999 -9999 -9999 -9999 -9999 -9999 -9999 -9999 -9999 -9999 -9999 -9999 -9999 -9999 -9999 -9999 -9999 -9999 -9999 -9999 -9999 -9999 -9999 -9999 -9999 -9999 -9999 -9999 -9999 -9999 -9999 -9999 -9999
-9999 -9999 -9999 -9999 -9999 -9999 -9999 -9999 -9999 -9999 -9999 -9999 -9999 -9999 -9999 -9999 -9999 -9999 -9999 -9999 -9999 -9999 -9999 -9999 -9999 -9999 -9999 -9999 -9999 -9999 -9999 -9999 -9999 -9999 -9999 -9999 -9999 -9999 -9999 -9999 -9999 -9999 -9999 -9999 -9999 -9999 -9999 -9999 -9999 -9999 -9999 -9999 -9999 -9999 -9999 -9999 -9999 -9999 -9999 -9999 -9999 -9999 -9999 -9999 -9999 -9999 -9999 -9999 -9999 -9999 -9999
-9999 -9999 -9999 -9999 -9999 -9999 -9999 -9999 -9999 -9999 -9999 -9999 -9999 -9999 -9999 -9999 -9999 -9999 -9999 -9999 -9999 -9999 -9999 -9999 -9999 -9999 -9999 -9999 -9999 -9999 -9999 -9999 -9999 -9999 -9999 -9999 -9999 -9999 -9999 -9999 -9999 -9999 -9999 -9999 -9999 -9999 -9999 -9999 -9999 -9999 -9999 -9999 -9999 -9999 -9999 -9999 -9999 -9999 -9999 -9999 -9999 -9999 -9999 -9999 -9999 -9999 -9999 -9999 -9999 -9999 -9999
-20.47100 -20.40870 -20.45700 -20.51150 -19.92850 -19.71240 -9999 -9999 -9999 -9999 -9999 -9999 -9999 -9999 -9999 -9999 -9999 -9999 -9999 -9999 -9999 -9999 -9999 -9999 -9999 -9999 -9999 -9999 -9999 -9999 -9999 -9999 -9999 -9999 -9999 -9999 -9999 -9999 -9999 -9999 -9999 -9999 -9999 -9999 -9999 -9999 -9999 -21.60850 -9999 -9999 -9999 -9999 -9999 -9999 -9999 -9999 -9999 -9999 -9999 -9999 -9999 -9999 -9999 -9999 -9999 -9999 -9999 -9999 -9999 -9999 -9999
-21.55310 -21.06340 -20.82210 -20.53050 -20.23800 -19.91700 -19.71840 -19.48380 -19.18070 -19.11490 -18.67930 -18.60920 -18.53740 -19.15310 -19.35700 -19.25280 -19.01750 -18.95170 -13.26790 -9999 -9999 -9999 -9999 -9999 -9999 -9999 -9999 -9999 -9999 -9999 -9999 -9999 -9999 -9999 -9999 -9999 -9999 -9999 -9999 -9999 -9999 -9999 -22.83540 -21.86440 -22.58640 -23.90430 -24.21900 -23.42970 -20.92720 -9999 -9999 -9999 -19.78570 -9999 -9999 -9999 -18.97350 -18.90400 -18.93880 -9999 -9999 -9999 -9999 -9999 -9999 -9999 -9999 -9999 -9999 -9999 -9999
-21.62690 -21.36560 -20.47280 -20.01260 -19.62920 -19.09450 -18.14570 -17.59230 -17.44290 -17.50320 -17.34330 -17.73260 -17.49090 -18.06030 -18.45100 -17.32470 -16.65100 -16.33780 -16.92090 -17.68010 -18.02890 -19.20320 -18.83660 -18.19810 -18.48640 -9999 -9999 -9999 -9999 -9999 -19.24700 -19.44290 -19.70970 -19.82590 -19.86390 -20.08830 -20.00390 -19.92870 -19.84280 -19.86110 -19.84140 -19.93070 -23.32960 -23.11620 -23.82870 -23.42360 -24.31300 -24.03590 -20.84810 -20.84430 -20.38500 -20.23900 -19.98030 -19.53960 -19.18940 -19.32480 -19.64710 -20.16190 -20.97940 -20.80880 -20.02670 -19.73900 -19.96790 -19.71280 -9999 -9999 -9999 -9999 -9999 -9999 -9999
-19.56360 -19.03150 -18.62840 -18.41670 -18.40050 -18.06450 -17.75900 -18.00820 -17.92970 -17.82370 -18.08130 -18.51650 -18.41350 -19.11290 -17.76760 -17.03860 -15.62860 -14.72530 -15.84010 -15.90950 -17.15850 -18.51210 -17.97670 -18.97310 -19.28870 -19.16490 -18.65560 -18.51470 -18.30360 -18.38860 -18.46430 -18.65670 -19.01980 -19.45840 -19.69430 -19.62400 -19.56070 -19.77380 -19.82690 -19.76490 -19.84110 -19.91670 -20.10240 -20.17550 -20.24900 -20.21770 -20.98650 -20.92470 -20.63750 -20.65480 -20.45470 -20.28610 -20.08220 -19.69840 -19.49960 -19.31740 -19.22580 -19.12100 -18.92370 -18.92550 -19.02490 -19.33260 -20.14820 -21.09170 -21.04900 -21.11410 -20.98330 -21.27790 -21.58660 -21.91120 -21.84620
-18.36850 -18.35380 -18.26150 -18.10370 -17.87020 -18.04390 -17.33280 -16.91630 -16.40530 -16.30840 -15.74360 -15.43650 -15.05310 -14.06490 -13.01300 -12.62950 -12.69020 -12.24220 -12.67470 -13.75170 -15.17280 -16.28960 -15.95630 -16.42890 -18.10380 -18.66990 -19.35110 -19.82360 -19.90750 -19.88220 -19.03480 -18.00380 -18.24980 -18.48870 -18.72870 -18.88520 -19.11190 -19.27670 -19.23850 -19.20510 -19.44650 -19.49670 -19.35030 -19.28810 -19.35740 -19.49520 -20.24270 -20.20240 -20.07560 -19.96590 -19.84000 -19.71190 -19.58780 -19.45070 -19.22260 -19.10610 -18.99310 -18.87680 -18.75890 -18.84310 -19.02850 -19.10650 -20.22320 -20.75050 -20.59080 -20.62700 -20.75860 -21.10720 -21.45430 -21.80580 -21.94410
-15.69040 -16.06110 -16.32340 -17.24050 -17.51830 -16.60360 -15.65790 -15.37530 -14.74740 -14.15370 -14.29700 -13.33610 -11.76410 -11.14860 -11.02760 -10.83910 -10.69620 -10.57140 -12.29440 -13.67740 -14.12390 -15.11630 -14.99100 -15.20960 -16.41750 -17.47950 -17.85830 -19.62550 -20.09870 -20.57220 -18.93150 -17.49170 -17.64560 -17.67810 -17.72870 -17.95260 -18.39350 -18.46850 -18.23370 -18.60980 -18.53630 -18.75280 -18.58300 -18.81190 -18.93590 -18.95730 -19.49140 -19.48120 -19.43140 -19.27080 -19.21900 -19.25380 -19.29050 -19.22220 -19.04420 -18.89570 -18.87430 -18.83010 -18.79500 -18.76470 -18.81810 -18.98440 -20.08690 -19.98110 -20.17440 -20.58620 -20.70070 -20.90250 -21.20750 -21.29000 -21.19010
-14.78070 -15.43460 -15.03640 -15.09820 -14.72610 -14.22330 -13.44620 -13.20310 -12.28330 -12.27560 -12.04440 -11.86020 -11.83140 -11.72200 -11.38000 -11.23330 -10.89960 -10.89910 -10.40910 -11.79940 -13.47280 -14.25860 -15.41520 -15.65330 -17.03730 -16.89730 -16.36920 -16.61640 -17.28610 -19.33360 -17.89320 -17.33960 -16.96880 -16.91230 -16.84430 -16.96650 -17.20820 -17.23400 -17.37650 -17.72400 -17.73560 -17.75380 -18.45830 -18.56830 -18.39230 -18.40350 -18.81600 -19.01990 -18.91130 -18.87230 -18.74860 -18.91320 -18.67540 -18.83120 -18.68730 -18.53200 -18.49230 -18.55730 -18.61650 -18.49230 -18.65060 -18.80880 -19.08820 -19.27710 -19.76970 -19.95030 -19.93350 -20.22880 -20.59270 -20.92300 -20.98710
-13.51730 -14.62960 -13.55840 -10.81080 -9.16628 -8.74277 -9.82056 -10.94050 -10.92220 -11.14810 -12.44370 -13.15760 -13.05640 -12.66020 -12.36710 -11.84370 -11.46940 -11.11280 -10.57880 -12.16970 -13.79030 -15.22090 -15.31770 -16.07690 -16.86760 -16.31870 -15.95090 -15.99620 -16.73590 -17.88500 -18.41300 -16.74230 -16.26970 -16.16000 -16.17260 -16.17030 -16.36650 -16.37710 -16.48040 -16.79610 -16.98130 -17.07400 -17.27840 -17.78710 -17.98420 -17.99670 -18.11090 -18.31160 -18.19980 -18.36900 -18.53860 -18.40040 -18.35030 -18.29910 -18.32700 -18.11220 -17.99100 -18.07500 -17.73670 -17.71530 -17.70690 -17.88390 -18.27730 -18.65370 -19.03970 -19.30870 -19.80380 -20.77600 -21.03770 -21.30650 -21.46480
-13.48300 -13.45360 -12.56250 -11.37200 -10.66290 -10.92070 -11.66540 -12.33460 -13.00330 -13.65830 -13.86120 -13.93950 -14.25460 -14.12870 -12.59820 -10.49730 -9.39926 -9.88446 -10.15890 -11.50020 -13.97770 -15.84760 -16.80970 -16.70730 -16.72340 -15.73110 -15.54630 -15.67800 -16.30090 -16.92490 -18.14300 -17.05730 -16.35030 -15.72140 -15.49840 -15.46170 -15.52910 -15.70240 -15.77830 -15.87140 -16.05480 -16.34090 -16.42580 -16.70110 -16.99360 -17.20190 -17.41010 -17.51290 -17.49680 -17.56780 -17.73400 -17.57830 -17.42020 -17.26630 -17.31550 -16.99210 -16.88270 -17.07430 -17.47230 -17.26820 -17.06760 -17.56730 -17.85980 -18.32860 -18.61750 -18.67890 -19.35540 -20.52780 -20.61510 -20.81000 -21.08480
-12.32130 -12.71630 -12.99840 -13.17740 -11.56080 -9.65683 -8.80844 -9.13641 -10.08910 -10.36640 -10.82020 -11.16730 -12.40360 -14.85970 -12.92590 -11.12530 -9.53511 -9.80428 -10.45990 -11.54800 -13.73540 -15.55810 -16.44020 -16.46680 -17.37740 -15.96050 -16.14540 -16.15430 -15.85440 -15.66750 -15.86570 -15.35880 -15.42780 -16.08030 -16.11190 -15.84980 -16.48850 -16.83990 -16.29110 -16.23940 -16.71860 -16.11620 -15.77680 -15.95840 -16.23810 -16.43220 -16.50900 -17.20090 -17.18310 -17.36120 -17.21610 -17.25670 -16.89590 -17.03610 -16.97900 -17.06230 -17.16730 -17.08010 -16.79980 -16.80890 -17.12070 -17.23830 -17.74480 -18.10420 -18.18460 -18.55480 -19.80350 -19.93750 -20.23090 -20.53280 -20.67860
-9.78567 -9.17123 -8.89272 -10.01740 -8.81122 -7.48473 -6.87386 -6.75556 -8.13199 -8.99362 -8.87503 -8.70634 -8.80231 -10.03350 -10.97420 -11.91020 -12.31680 -12.00610 -10.18080 -11.43810 -13.50970 -15.53050 -15.68530 -15.63230 -16.83360 -16.79670 -16.65730 -16.72610 -16.82090 -16.70660 -16.29690 -15.47210 -16.02220 -16.73220 -17.53990 -18.04050 -18.64270 -18.56650 -17.99420 -17.91580 -18.78200 -18.66700 -17.73450 -17.51940 -17.19040 -17.16560 -16.04450 -15.81060 -15.97860 -16.45440 -16.10190 -15.72890 -16.26670 -16.30070 -16.23660 -16.64030 -16.26130 -15.98690 -16.31780 -17.44790 -17.67480 -17.20380 -17.71390 -18.37880 -18.54720 -18.82430 -19.37080 -19.67470 -19.96470 -20.13490 -20.37780
-9.79182 -10.00020 -9.97415 -10.06630 -9.25815 -8.42083 -8.86486 -9.18311 -8.61436 -8.96888 -8.34096 -8.04645 -8.17594 -8.29005 -8.61968 -9.85419 -10.33550 -9.78050 -11.24070 -11.31060 -11.98730 -15.05790 -15.83270 -16.45000 -16.94100 -17.00140 -17.66230 -17.03400 -17.09250 -17.17800 -17.85700 -17.85300 -17.89840 -18.39540 -18.80490 -18.90740 -19.01230 -19.61930 -19.44830 -19.06550 -19.83490 -20.01500 -19.27630 -19.55300 -19.72420 -19.59560 -19.25720 -18.23010 -16.29170 -15.36380 -15.48100 -15.11730 -15.05800 -15.89280 -16.12690 -15.92220 -16.14290 -16.35480 -16.19180 -16.42470 -16.95790 -17.68980 -18.18400 -18.56020 -18.05720 -17.83290 -18.11680 -18.61840 -18.98800 -19.34940 -19.90220
-9.35584 -9.43257 -9.20380 -9.15455 -9.06666 -8.88963 -8.61960 -8.33261 -8.40028 -8.49339 -8.46861 -8.42694 -7.97893 -7.88856 -8.33749 -7.58534 -8.09878 -9.47631 -10.76310 -11.57520 -12.51480 -12.69970 -14.19010 -13.76630 -15.40080 -15.98050 -16.35290 -16.23320 -16.11080 -15.38820 -15.28230 -15.08840 -16.05730 -16.18610 -17.11450 -17.44560 -17.27350 -18.10700 -17.85790 -18.21020 -18.87070 -19.23850 -18.19630 -18.55500 -18.42960 -18.58910 -18.44440 -17.61640 -16.69000 -15.83040 -15.26620 -14.90940 -14.44900 -15.60170 -16.54860 -15.93350 -15.72550 -16.02780 -15.84190 -16.05740 -16.56390 -17.08360 -17.30550 -17.49700 -17.78620 -18.19550 -17.89040 -17.96950 -18.33680 -18.69560 -19.44390
-8.62397 -8.26051 -8.48187 -9.03864 -8.72155 -10.18800 -11.50450 -12.14140 -12.03800 -11.08640 -10.24960 -11.07010 -9.77362 -8.32285 -7.16999 -6.27294 -7.10843 -8.83723 -9.56201 -11.37540 -12.11010 -12.48900 -12.49350 -12.38150 -13.05570 -13.05180 -12.73810 -13.23230 -13.02160 -12.21530 -11.61210 -12.73760 -13.11100 -13.37880 -13.23270 -13.48860 -15.63710 -15.78910 -16.45970 -16.92820 -16.89220 -16.86450 -17.50900 -17.57510 -17.73060 -16.98520 -17.13650 -17.60430 -17.15930 -16.11190 -15.75730 -15.00960 -14.76170 -14.60870 -14.67030 -15.62880 -15.49720 -15.49590 -15.67780 -15.79950 -15.80960 -16.33430 -16.63240 -17.12740 -17.26680 -17.06520 -17.32470 -17.60310 -17.77580 -18.05040 -18.59900
-11.78420 -10.37910 -9.93047 -11.18510 -10.39950 -10.67530 -10.66490 -11.38680 -12.21060 -12.19260 -11.50930 -13.10970 -12.39870 -11.51300 -11.18110 -10.54100 -9.66665 -9.47978 -8.50768 -10.14080 -11.31360 -11.37280 -11.74860 -11.31600 -12.39850 -12.08980 -12.20300 -11.81840 -11.63730 -11.05870 -11.45870 -12.07230 -12.38060 -12.06460 -13.73460 -14.01270 -13.99400 -14.27110 -15.27010 -15.87460 -15.82890 -16.27760 -16.62820 -16.08070 -16.22410 -16.78010 -17.41070 -17.34220 -16.23030 -15.78820 -15.65620 -15.70430 -15.16930 -14.93730 -14.08550 -14.93490 -15.09380 -14.98030 -14.87490 -15.06780 -15.37250 -15.67930 -15.67380 -15.73860 -16.13080 -16.40550 -16.67010 -16.94120 -17.21910 -17.29690 -17.44360
-10.28550 -7.05383 -7.35832 -8.98909 -9.18429 -10.19780 -10.92730 -10.43120 -10.39680 -10.35290 -10.00400 -9.93747 -9.31623 -9.26773 -8.73695 -8.70297 -7.92302 -8.03924 -7.11149 -8.07479 -9.28160 -10.61860 -11.25660 -11.24880 -12.66900 -13.12640 -11.66790 -11.29250 -11.01440 -10.24930 -9.57840 -9.99601 -10.73430 -12.04200 -12.94600 -12.74760 -12.84910 -13.75950 -14.08240 -13.90350 -14.94570 -15.19390 -15.84130 -15.48500 -15.72450 -16.05170 -16.65740 -17.40300 -16.98130 -17.45250 -16.83580 -16.81520 -15.27280 -14.35090 -13.83160 -13.35680 -14.11090 -14.29070 -13.86400 -14.14380 -14.32990 -14.60850 -14.79730 -15.20350 -15.37490 -15.74690 -16.02170 -16.49020 -16.57200 -16.24620 -16.40110
-5.09995 -4.36041 -7.10364 -9.54616 -10.97880 -11.10380 -11.52040 -12.12820 -10.84040 -10.12970 -8.86511 -8.50828 -8.51893 -11.43570 -11.44220 -10.61590 -10.10000 -8.27085 -9.64144 -9.92840 -8.87405 -8.77801 -8.96770 -10.22470 -10.73700 -11.21760 -11.65510 -11.87740 -10.81450 -9.43191 -9.23585 -9.68517 -9.75157 -11.26950 -11.78630 -12.40500 -11.50330 -12.41600 -12.55320 -12.57840 -13.00960 -13.64330 -13.88210 -15.40890 -14.31230 -15.01950 -14.80750 -15.36420 -16.25070 -16.74310 -16.52800 -16.22050 -15.01170 -14.40640 -13.72350 -12.37740 -12.82350 -13.08720 -12.86730 -13.44350 -14.33670 -15.31680 -15.83730 -16.00460 -15.98170 -15.55100 -15.22790 -15.39840 -15.47000 -15.63600 -15.60850
-3.89987 -3.98305 -4.03862 -4.82397 -7.07499 -8.28441 -9.08340 -10.55250 -10.47460 -9.19408 -8.42477 -7.87281 -7.35977 -7.56215 -10.60670 -11.99930 -11.15450 -10.22580 -11.24670 -10.71240 -10.92520 -10.47110 -9.99903 -10.80680 -11.57520 -11.86190 -10.95630 -9.83993 -10.60600 -9.82430 -9.34467 -8.90748 -8.24474 -9.62155 -10.31250 -11.11720 -11.50180 -11.39190 -11.11750 -11.10590 -12.12520 -12.63770 -12.02020 -12.90210 -12.65920 -12.22020 -13.00740 -13.47380 -13.50680 -12.93220 -13.47480 -13.98950 -14.62270 -14.05640 -14.06660 -12.63640 -12.03510 -12.55730 -11.88640 -11.90040 -12.32210 -12.69710 -13.48510 -13.76740 -13.76140 -13.83090 -14.31370 -14.47660 -14.74420 -14.71760 -14.87540
-2.16972 -9999 -2.80567 -3.64772 -4.25539 -5.73308 -9999 -7.57905 -6.63769 -7.93110 -8.44455 -7.48076 -7.12661 -7.11223 -6.79353 -6.30156 -5.61141 -8.43235 -12.28410 -14.41700 -15.27710 -16.72560 -11.70830 -10.64970 -10.77790 -10.80850 -10.48200 -10.21690 -9.83157 -9.44754 -8.81658 -7.76413 -8.53601 -8.84929 -9.66575 -9.74144 -9.72016 -10.91810 -11.66210 -11.76190 -11.44300 -12.31600 -11.21390 -10.46880 -12.00710 -11.66450 -11.99930 -11.94230 -11.70340 -11.86790 -11.74580 -12.41440 -13.48920 -13.03650 -12.88740 -11.48410 -10.80130 -11.13900 -11.18680 -11.38410 -11.70840 -11.73690 -12.14880 -12.32830 -12.53340 -13.01190 -13.44820 -13.42060 -13.68700 -13.94380 -13.69960
