data/hydroclimate-scenarios/BCSD_hadcm_A1B/monthly_summaries/vpd_monthly_avg_sep.2070-2099.asc
ncols	311
nrows	91
xllcenter	102.75
yllcenter	31.75
cellsize	0.5
NODATA_value	-9999
[rows 33 to 65 of 91, columns 0 to 72 of 311]
-9999 -9999 -9999 -9999 -9999 -9999 -9999 -9999 -9999 -9999 -9999 0.45377 0.43920 0.43920 0.42521 0.42650 0.42271 0.42108 0.42215 0.42422 0.42127 0.42714 0.43640 0.43726 0.42215 0.42564 0.42023 0.43170 0.45278 0.48338 0.46433 0.46235 0.46230 0.46468 0.46223 0.46747 0.46425 0.45728 0.45522 0.42554 0.43729 0.41688 0.42553 0.42625 0.41860 0.41433 0.41173 0.41147 0.41058 0.41816 0.41853 0.43538 0.43914 0.44462 0.45739 0.46267 0.46332 0.45994 0.46031 0.46111 0.46181 0.46096 0.47437 0.47623 0.46965 0.45654 0.44209 0.42583 0.40558 0.37969 0.38724 0.35032 0.36744
-9999 -9999 -9999 -9999 -9999 -9999 -9999 -9999 -9999 -9999 -9999 -9999 0.45602 0.45212 0.44625 0.44091 0.43802 0.44376 0.44793 0.44608 0.44634 0.44012 0.42639 0.41847 0.41143 0.38561 0.39713 0.39968 0.43503 0.45527 0.46204 0.48671 0.48105 0.47870 0.47113 0.46375 0.46258 0.45859 0.45032 0.43007 0.42644 0.42518 0.41996 0.43639 0.42253 0.41377 0.42261 0.42232 0.42560 0.43117 0.44127 0.44148 0.44296 0.45607 0.45709 0.45813 0.46525 0.47004 0.46764 0.47385 0.47737 0.47874 0.46753 0.46116 0.45905 0.45580 0.44912 0.42659 0.37886 0.36422 0.39756 0.38458 0.38706
-9999 -9999 -9999 -9999 -9999 -9999 -9999 -9999 -9999 -9999 -9999 -9999 0.46524 0.46374 0.45720 0.45609 0.46231 0.46233 0.45782 0.45275 0.44914 0.40827 0.40142 0.39171 0.37506 0.39444 0.41111 0.39395 0.42628 0.43110 0.43779 0.44426 0.48313 0.48456 0.48096 0.47952 0.46694 0.46731 0.46552 0.44101 0.43406 0.41919 0.41915 0.42595 0.43043 0.42463 0.43046 0.42815 0.42721 0.42145 0.42349 0.43863 0.44600 0.45334 0.46310 0.47129 0.47843 0.48102 0.48055 0.48490 0.47711 0.45808 0.45153 0.44002 0.44816 0.46208 0.44309 0.43214 0.40504 0.39369 0.38338 0.39201 0.39602
-9999 -9999 -9999 -9999 -9999 -9999 -9999 -9999 -9999 -9999 -9999 -9999 0.47173 0.48131 0.47926 0.47627 0.46946 0.46536 0.45269 0.43114 0.42871 0.40478 0.40165 0.38929 0.39410 0.38802 0.40577 0.43219 0.42975 0.45289 0.46690 0.49131 0.48038 0.47256 0.49805 0.49576 0.48833 0.47420 0.47521 0.45640 0.42717 0.40388 0.41346 0.42007 0.41901 0.40359 0.40988 0.39378 0.40547 0.43147 0.43644 0.44441 0.45440 0.45868 0.47313 0.47692 0.47854 0.47917 0.47197 0.46700 0.46850 0.44618 0.45141 0.46209 0.45175 0.44269 0.43771 0.43095 0.39880 0.40295 0.40120 0.39891 0.39718
-9999 -9999 -9999 0.48250 0.48412 0.48248 0.48611 0.48868 0.48032 -9999 0.47779 0.48241 0.48704 0.49425 0.49536 0.48307 0.47869 0.46962 0.44590 0.43101 0.43141 0.42363 0.41448 0.41153 0.41404 0.41551 0.43794 0.41753 0.42814 0.40737 0.44602 0.48344 0.47081 0.42891 0.46617 0.47822 0.46205 0.45169 0.45194 0.45672 0.44447 0.42009 0.42125 0.42299 0.40716 0.38662 0.36931 0.40038 0.40718 0.41340 0.41285 0.42063 0.41793 0.40232 0.42128 0.40002 0.38935 0.45341 0.42975 0.46517 0.47100 0.45321 0.45005 0.44499 0.45478 0.44924 0.43632 0.42156 0.41621 0.40663 0.39774 0.38384 0.37506
-9999 -9999 -9999 0.50485 0.50248 0.49883 0.48871 0.48799 0.49464 0.49196 0.50456 0.51143 0.49370 0.49150 0.47114 0.45405 0.44014 0.44129 0.43253 0.43592 0.43667 0.41476 0.43385 0.44332 0.42715 0.44155 0.43734 0.43343 0.42253 0.40504 0.44162 0.44236 0.44178 0.42720 0.43740 0.43751 0.43597 0.40624 0.44135 0.40436 0.40195 0.41724 0.42139 0.40013 0.38329 0.36435 0.36742 0.40669 0.39134 0.38613 0.38337 0.39351 0.38585 0.38589 0.42133 0.40582 0.42891 0.43628 0.41748 0.42602 0.43894 0.43058 0.42902 0.43818 0.43717 0.45641 0.44729 0.46037 0.43640 0.41486 0.39358 0.38579 0.36674
-9999 -9999 -9999 0.51411 0.51207 0.49752 0.49265 0.49920 0.50966 0.51882 0.51198 0.50513 0.48425 0.46138 0.42873 0.44160 0.42858 0.43245 0.44686 0.44671 0.43684 0.41498 0.42968 0.42112 0.40541 0.43147 0.42982 0.43271 0.43886 0.40228 0.37798 0.39806 0.43321 0.43223 0.42123 0.43223 0.43926 0.43719 0.43778 0.41213 0.40430 0.41200 0.41822 0.40933 0.41635 0.39130 0.39258 0.38975 0.39184 0.37801 0.37344 0.40790 0.40008 0.41056 0.42523 0.42255 0.43848 0.44876 0.42828 0.42628 0.45044 0.44881 0.46042 0.43636 0.45134 0.44844 0.44560 0.42985 0.39146 0.38177 0.36683 0.38417 0.38561
-9999 -9999 -9999 0.51866 0.53855 0.51162 0.52187 0.50312 0.50111 0.49861 0.51218 0.51478 0.46643 0.44589 0.43680 0.43645 0.42152 0.41095 0.42043 0.43608 0.41027 0.38708 0.36623 0.39226 0.40582 0.42798 0.44442 0.44445 0.40165 0.37963 0.39745 0.46591 0.43148 0.39007 0.39135 0.40935 0.43760 0.46472 0.43729 0.43976 0.42054 0.38976 0.37086 0.38695 0.42520 0.39170 0.38304 0.40592 0.38233 0.39777 0.37881 0.39893 0.40075 0.38925 0.41010 0.42147 0.43011 0.42079 0.41340 0.41789 0.39808 0.43015 0.44404 0.44461 0.43716 0.44716 0.43469 0.41573 0.37721 0.36619 0.39380 0.41687 -9999
-9999 -9999 -9999 0.53159 0.55250 0.50815 0.50800 0.50724 0.48748 0.49814 0.52550 0.49464 0.45566 0.43100 0.40559 0.41374 0.40009 0.41671 0.44680 0.46639 0.43411 0.40994 0.39456 0.43543 0.45273 0.46638 0.49236 0.46878 0.43103 0.40295 0.40503 0.42427 0.40780 0.41953 0.43166 0.43626 0.43159 0.45466 0.46401 0.45204 0.42238 0.40166 0.38639 0.38331 0.40368 0.40207 0.40445 0.40732 0.40348 0.40008 0.39698 0.42908 0.41618 0.38773 0.42321 0.39920 0.43509 0.43648 0.42301 0.39765 0.40781 0.41671 0.42536 0.40793 0.40892 0.44077 0.42491 0.39350 0.37643 0.40295 0.43735 -9999 -9999
-9999 -9999 -9999 -9999 0.51156 0.49549 0.50271 0.48099 0.47901 0.49489 0.52686 0.50195 0.41546 0.46346 -9999 -9999 -9999 -9999 -9999 0.39440 0.39369 0.41123 0.39813 0.38332 0.41057 0.43522 0.49467 0.47567 0.45681 0.46568 0.45159 0.44071 0.43732 0.46003 0.48555 0.49472 0.47179 0.48964 0.47515 0.46884 0.46867 0.44516 0.42096 0.39877 0.40773 0.41579 0.41238 0.39287 0.41210 0.43470 0.42051 0.42011 0.43482 0.40190 0.40007 0.38763 0.38153 0.38823 0.39056 0.40825 0.39925 0.38969 0.39970 0.41480 0.41247 0.40601 0.41426 0.43862 0.45083 -9999 -9999 -9999 -9999
-9999 -9999 0.52839 0.51719 0.50909 0.51706 0.50749 0.47017 0.49746 0.50067 0.52623 0.49392 0.42079 -9999 -9999 -9999 -9999 -9999 0.36794 0.40298 0.40917 0.44562 0.44801 0.42252 0.43405 0.45185 0.51305 0.51480 0.50756 0.51064 0.49221 0.48125 0.48663 0.48442 0.49557 0.51970 0.50013 0.50340 0.49131 0.48924 0.46573 0.45908 0.44028 0.43716 0.44666 0.44317 0.43868 0.44302 0.46332 0.49059 0.48336 0.47613 0.46456 0.48193 0.44539 0.46284 0.43174 0.40412 0.40456 0.44434 0.44268 0.43915 0.43694 0.43183 0.45167 0.45770 0.46402 -9999 -9999 -9999 -9999 -9999 -9999
-9999 -9999 0.53128 0.51895 0.52862 0.52412 0.52893 0.48604 0.49425 0.51694 0.50032 0.48380 0.48748 -9999 -9999 -9999 -9999 0.45640 0.39907 0.44685 0.44807 0.45495 0.45784 0.47428 0.50829 0.54350 0.53433 0.52375 0.52978 0.53757 0.52020 0.49183 0.51470 0.52463 0.51399 0.51978 0.52518 0.52478 0.49355 0.46200 0.47655 0.45087 0.43829 0.44454 0.43780 0.45248 0.47168 0.45774 0.50865 0.50229 0.51311 0.51826 0.52057 0.51557 0.50512 0.53556 0.51281 0.44716 0.43221 0.46123 0.46683 0.43647 0.45825 0.49063 0.51397 -9999 -9999 -9999 -9999 -9999 0.49739 -9999 -9999
-9999 -9999 0.54071 0.50999 0.51281 0.51274 0.51760 0.50582 0.49784 0.50653 0.48146 0.47777 0.55851 -9999 -9999 -9999 -9999 0.42059 0.43413 0.45287 0.46358 0.48884 0.51698 0.53484 0.53121 0.54776 0.52720 0.54206 0.53903 0.54297 0.52278 0.52128 0.51171 0.51225 0.53024 0.51908 0.51258 0.51191 0.49548 0.50646 0.50089 0.49800 0.48732 0.45972 0.46992 0.45502 0.46324 0.46607 0.49619 0.50886 0.54231 0.53162 0.53213 0.51715 0.51274 0.56309 0.55755 0.49207 0.49856 0.50033 0.53407 0.52935 0.53004 0.50861 0.47584 0.46531 0.51005 0.48482 0.51577 -9999 -9999 -9999 0.48560
-9999 -9999 -9999 0.52266 0.51216 0.51178 0.52671 0.53900 0.52006 0.50107 0.52673 0.54329 -9999 -9999 -9999 -9999 0.45480 0.44630 0.47858 0.48935 0.49905 0.53445 0.52986 0.53819 0.53486 0.53606 0.53903 0.53463 0.54417 0.49914 0.51021 0.53253 0.54862 0.54969 0.54726 0.55621 0.56576 0.56486 0.56324 0.56994 0.55449 0.54358 0.51382 0.51232 0.53289 0.51600 0.53447 0.54977 0.54127 0.54851 0.52742 0.54036 0.54983 0.52270 0.50604 0.50563 0.50954 0.47683 0.48261 0.51172 0.51119 0.51333 0.47104 0.40430 0.36706 0.45628 0.50681 0.51108 0.53411 0.50748 -9999 -9999 0.50435
-9999 -9999 -9999 -9999 0.53632 0.52977 0.52857 0.52290 0.50481 0.55877 0.58565 -9999 -9999 -9999 -9999 0.48159 0.46441 0.49483 0.52263 0.52293 0.54703 0.56115 0.55641 0.53208 0.53392 0.57010 0.56990 0.57263 0.55398 0.54766 0.53650 0.58275 0.59431 0.58682 0.55255 0.57182 0.57157 0.58419 0.57653 0.57940 0.55820 0.55097 0.54627 0.54830 0.56419 0.55353 0.55965 0.56868 0.57267 0.57362 0.57800 0.57783 0.56426 0.55584 0.55953 0.56806 0.57544 0.51140 0.50212 0.52325 0.48507 0.45503 0.44490 0.45666 0.42999 0.46148 0.52349 0.55134 0.52974 0.54088 0.54602 0.53475 0.52818
-9999 -9999 -9999 -9999 -9999 -9999 0.53445 0.54518 0.58936 0.59734 0.58863 -9999 -9999 -9999 -9999 -9999 0.52147 0.52818 0.54884 0.54469 0.54919 0.64069 0.56307 0.54971 0.55705 0.59394 0.60576 0.59366 0.60155 0.59126 0.57593 0.59420 0.61807 0.57834 0.58326 0.60678 0.58691 0.57059 0.59507 0.56282 0.55573 0.52331 0.52224 0.54870 0.54794 0.57536 0.58559 0.58823 0.58508 0.58551 0.59619 0.58963 0.59437 0.59135 0.59176 0.58997 0.57297 0.54487 0.52523 0.50379 0.47276 0.45132 0.44457 0.42870 0.40840 0.44428 0.51798 0.58681 0.57511 0.55230 0.54218 0.54046 0.52352
-9999 -9999 -9999 -9999 -9999 -9999 -9999 -9999 -9999 -9999 -9999 -9999 -9999 -9999 -9999 -9999 -9999 -9999 -9999 0.56144 0.56932 0.63161 0.59473 0.58846 0.58549 0.59889 0.59834 0.64176 0.64334 0.60455 0.60337 0.62157 0.59551 0.59625 0.59348 0.60456 0.61173 0.58793 0.58356 0.55546 0.53594 0.53986 0.54948 0.55633 0.55844 0.58587 0.60778 0.60682 0.60645 0.59611 0.60368 0.61449 0.60589 0.62499 0.62220 0.60188 0.58583 0.57047 0.53410 0.51246 0.46174 0.46432 0.44795 0.42221 0.41175 0.49378 0.54890 0.60437 0.59638 0.53891 0.52700 0.54051 0.52432
-9999 -9999 -9999 -9999 -9999 -9999 -9999 -9999 -9999 -9999 -9999 -9999 -9999 -9999 -9999 -9999 -9999 -9999 0.57697 0.57668 0.60357 0.63011 0.62941 0.62984 0.63496 0.63398 0.65158 0.64297 0.63266 0.61238 0.61334 0.60500 0.59352 0.59662 0.60022 0.61731 0.60148 0.61449 0.57796 0.55849 0.54443 0.55660 0.55711 0.55407 0.56055 0.56551 0.59301 0.62271 0.63762 0.61875 0.62602 0.62224 0.62407 0.61880 0.61197 0.62044 0.60153 0.54164 0.50154 0.51448 0.51466 0.51355 0.48554 0.46367 0.44432 0.51302 0.55365 0.59156 0.59322 0.58209 0.56091 0.50020 0.55208
-9999 -9999 -9999 -9999 -9999 -9999 -9999 -9999 -9999 -9999 -9999 -9999 -9999 -9999 -9999 -9999 -9999 0.58680 0.59038 0.62307 0.62454 0.63152 0.63569 0.64831 0.66156 0.65445 0.66627 0.64962 0.60666 0.60157 0.60115 0.61615 0.60366 0.62493 0.63431 0.60489 0.57830 0.58724 0.59527 0.56749 0.55997 0.57318 0.56662 0.57856 0.58566 0.59389 0.60767 0.61122 0.64091 0.63294 0.64436 0.64372 0.63404 0.62213 0.61808 0.61792 0.59589 0.54206 0.51604 0.52980 0.56699 0.52388 0.45431 0.43933 0.50604 0.53134 0.54063 0.58287 0.58341 0.58326 0.53666 0.54333 0.55550
-9999 -9999 -9999 -9999 -9999 -9999 -9999 -9999 -9999 -9999 -9999 -9999 -9999 -9999 -9999 -9999 -9999 0.59434 0.60829 0.58985 0.61435 0.62831 0.64079 0.66804 0.71483 0.68538 0.68939 0.67386 0.66411 0.62677 0.62918 0.63702 0.64672 0.65994 0.63179 0.60385 0.58815 0.58991 0.56174 0.56636 0.57290 0.58969 0.59762 0.61091 0.61038 0.66335 0.66276 0.60587 0.62364 0.64890 0.65369 0.64981 0.63957 0.63240 0.62519 0.61306 0.56564 0.55808 0.56561 0.56779 0.54500 0.50665 0.49515 0.48429 0.45320 0.48016 0.53194 0.51636 0.56796 0.58470 0.58008 0.51869 0.48850
-9999 -9999 -9999 -9999 -9999 -9999 -9999 -9999 -9999 -9999 -9999 -9999 -9999 -9999 -9999 -9999 0.55905 0.56646 0.57150 0.58445 0.63728 0.67307 0.66219 0.70499 0.76290 0.71175 0.72078 0.74796 0.71995 0.66337 0.65518 0.66756 0.66512 0.69308 0.66434 0.63320 0.60748 0.59119 0.57335 0.59469 0.60958 0.61627 0.61956 0.64115 0.65296 0.68407 0.68298 0.62121 0.62750 0.66055 0.66435 0.66082 0.64266 0.64777 0.63752 0.61913 0.60528 0.58437 0.58290 0.55598 0.55753 0.53714 0.50374 0.45352 0.48708 0.50078 0.51900 0.54651 0.58853 0.58687 0.56530 0.52342 0.50215
-9999 -9999 -9999 -9999 -9999 -9999 -9999 -9999 -9999 -9999 -9999 -9999 -9999 0.57527 0.55230 0.56062 0.55421 0.53464 0.56942 0.63718 0.66199 0.64150 0.68280 0.68341 0.68734 0.75279 0.75732 0.75998 0.74766 0.74356 0.72546 0.72219 0.70158 0.69434 0.67318 0.63833 0.63021 0.63004 0.61093 0.61058 0.62568 0.65281 0.66850 0.70954 0.69745 0.69076 0.68537 0.67150 0.66585 0.65757 0.65682 0.64706 0.64516 0.66379 0.66162 0.63789 0.63132 0.62571 0.61696 0.60598 0.58738 0.57803 0.56105 0.55387 0.57195 0.59336 0.60201 0.59456 0.58991 0.57947 0.54649 0.50098 0.49337
-9999 -9999 -9999 -9999 -9999 -9999 -9999 -9999 -9999 -9999 -9999 -9999 0.59332 0.57362 0.57044 0.57548 0.58263 0.58786 0.59236 0.69934 0.66753 0.69314 0.70886 0.70923 0.71310 0.78503 0.78051 0.78867 0.76892 0.77208 0.76355 0.75036 0.72825 0.71620 0.70219 0.66554 0.64781 0.64112 0.62504 0.63795 0.64583 0.67984 0.70600 0.72606 0.71905 0.70680 0.69603 0.68511 0.67493 0.66963 0.66543 0.65491 0.65610 0.67145 0.67684 0.66840 0.65035 0.61918 0.59720 0.59445 0.58676 0.60192 0.60014 0.57457 0.59285 0.61564 0.61338 0.59633 0.59161 0.55417 0.51040 0.51293 0.48985
-9999 -9999 -9999 -9999 -9999 -9999 -9999 -9999 -9999 -9999 -9999 0.53152 0.55018 0.55310 0.59148 0.63592 0.64858 0.66041 0.67588 0.67718 0.69807 0.75039 0.74895 0.74860 0.74624 0.74408 0.73563 0.78995 0.80489 0.80776 0.77762 0.77181 0.76182 0.73616 0.72088 0.66607 0.62911 0.62926 0.63946 0.65416 0.68754 0.70361 0.73558 0.74658 0.73394 0.71478 0.70160 0.69335 0.68572 0.67524 0.67338 0.62038 0.64015 0.63815 0.64297 0.65063 0.66615 0.64027 0.66216 0.66487 0.64797 0.66377 0.65463 0.64523 0.63057 0.62914 0.61089 0.60918 0.57384 0.52960 0.48109 0.45964 0.46878
-9999 -9999 -9999 -9999 -9999 -9999 -9999 -9999 -9999 -9999 0.55292 0.55073 0.59538 0.58192 0.63230 0.67442 0.69477 0.69679 0.70616 0.70788 0.73062 0.78648 0.78581 0.78272 0.77760 0.77362 0.77143 0.84351 0.84002 0.83104 0.81513 0.80078 0.78300 0.75553 0.72604 0.66436 0.64102 0.64430 0.66677 0.68988 0.71744 0.74793 0.78256 0.76354 0.74848 0.73278 0.71462 0.70016 0.69168 0.68665 0.68171 0.62459 0.64402 0.64710 0.65363 0.66290 0.65333 0.65392 0.69154 0.68649 0.67402 0.67986 0.67520 0.66107 0.65004 0.63931 0.62924 0.61248 0.56472 0.51012 0.47635 0.48373 0.47579
-9999 -9999 -9999 -9999 -9999 -9999 -9999 -9999 -9999 0.62645 0.63812 0.62754 0.63159 0.64906 0.67577 0.69872 0.71705 0.73699 0.76801 0.78941 0.80128 0.79918 0.79739 0.82719 0.82885 0.84363 0.86311 0.84782 0.83864 0.82839 0.85719 0.78974 0.76010 0.70143 0.65822 0.63747 0.62314 0.66903 0.68939 0.74312 0.77729 0.80893 0.82666 0.80710 0.79367 0.76715 0.75539 0.70849 0.69721 0.69264 0.67974 0.65389 0.64088 0.58272 0.57997 0.70254 0.71513 0.72835 0.72071 0.71368 0.69247 0.68786 0.67949 0.67380 0.66886 0.64299 0.61720 0.58155 0.54082 0.51618 0.50598 0.50354 0.50237
-9999 -9999 -9999 -9999 -9999 -9999 -9999 -9999 -9999 -9999 0.66834 0.66375 0.66727 0.70547 0.76163 0.75308 0.76246 0.77424 0.79964 0.80673 0.80035 0.82030 0.82909 -9999 -9999 -9999 -9999 -9999 -9999 0.85658 0.85710 0.80570 0.77617 0.71460 0.65970 0.65027 0.65090 0.69834 0.72446 0.78209 0.81135 0.82940 0.84292 0.82668 0.80839 0.77982 0.75746 0.72228 0.70439 0.70305 0.69851 0.68353 0.65227 0.60028 0.59189 0.72659 0.74372 0.74762 0.73515 0.71950 0.71162 0.70045 0.69493 0.68154 0.62173 0.63398 0.60024 0.56947 0.49197 0.49680 0.48733 0.50914 0.52472
-9999 -9999 -9999 -9999 -9999 -9999 -9999 -9999 -9999 -9999 -9999 -9999 0.70642 0.75045 0.76907 0.89999 0.89074 0.90268 0.89982 -9999 -9999 -9999 -9999 -9999 -9999 -9999 -9999 -9999 -9999 -9999 -9999 -9999 -9999 0.75394 0.67379 0.69774 0.69475 0.74466 0.78521 0.81742 0.82774 0.85340 0.85515 0.83458 0.81603 0.79857 0.78140 0.76429 0.75341 0.74753 0.73344 0.65810 0.65666 0.65924 0.66862 0.74899 0.74089 0.74188 0.74827 0.74565 0.73399 0.71050 0.69203 0.67454 0.65976 0.64101 0.59323 0.56793 0.53954 0.54934 0.53648 0.54481 -9999
-9999 -9999 -9999 -9999 -9999 -9999 -9999 -9999 -9999 -9999 -9999 -9999 -9999 -9999 -9999 -9999 -9999 -9999 -9999 -9999 -9999 -9999 -9999 -9999 -9999 -9999 -9999 -9999 -9999 -9999 -9999 -9999 -9999 -9999 0.73125 0.71267 0.76520 0.77914 0.81541 0.84187 0.85418 0.84835 0.85387 0.84909 0.83103 0.80994 0.79336 0.78142 0.77228 0.75781 0.75256 0.68210 0.67027 0.68263 0.67655 0.77415 0.76376 0.72630 0.73652 0.74145 0.73300 0.71313 0.71568 0.70142 0.67794 0.63943 0.59332 0.56209 0.52739 0.54841 0.57377 -9999 -9999
-9999 -9999 -9999 -9999 -9999 -9999 -9999 -9999 -9999 -9999 -9999 -9999 -9999 -9999 -9999 -9999 -9999 -9999 -9999 -9999 -9999 -9999 -9999 -9999 -9999 -9999 -9999 -9999 -9999 -9999 -9999 -9999 -9999 -9999 0.77747 0.77095 0.75701 0.80939 0.87087 0.91371 0.90235 0.89191 0.88575 0.86075 0.83778 0.81766 0.80698 0.79566 0.78189 0.75347 0.74460 0.74086 0.74330 0.67082 0.68073 0.75183 0.77676 0.77494 0.76261 0.76166 0.76517 0.74974 0.72187 0.69172 0.67155 0.61595 0.60237 0.57256 0.53724 0.57135 -9999 -9999 -9999
-9999 -9999 -9999 -9999 -9999 -9999 -9999 -9999 -9999 -9999 -9999 -9999 -9999 -9999 -9999 -9999 -9999 -9999 -9999 -9999 -9999 -9999 -9999 -9999 -9999 -9999 -9999 -9999 -9999 -9999 -9999 -9999 -9999 -9999 -9999 -9999 -9999 -9999 0.91290 0.93769 0.92151 0.90669 0.89593 0.87209 0.85173 0.83651 0.82364 0.81375 0.80541 0.77315 0.76933 0.76917 0.76959 0.69818 0.68773 0.76409 0.77293 0.78601 0.77436 0.78081 0.76629 0.75519 0.70326 0.66916 0.61287 0.60985 0.58559 0.59434 0.62522 -9999 -9999 -9999 -9999
-9999 -9999 -9999 -9999 -9999 -9999 -9999 -9999 -9999 -9999 -9999 -9999 -9999 -9999 -9999 -9999 -9999 -9999 -9999 -9999 -9999 -9999 -9999 -9999 -9999 -9999 -9999 -9999 -9999 -9999 -9999 -9999 -9999 -9999 -9999 -9999 -9999 -9999 -9999 0.95202 0.93059 0.90892 0.89131 0.87899 0.86409 0.84088 0.83122 0.82498 0.81861 0.79878 0.80133 0.73382 0.75876 0.74078 0.76380 0.71953 0.71882 0.69220 0.76099 0.75674 0.75760 0.73134 0.70343 0.64332 0.62681 0.59835 0.61966 0.64273 -9999 -9999 -9999 -9999 -9999
-9999 -9999 -9999 -9999 -9999 -9999 -9999 -9999 -9999 -9999 -9999 -9999 -9999 -9999 -9999 -9999 -9999 -9999 -9999 -9999 -9999 -9999 -9999 -9999 -9999 -9999 -9999 -9999 -9999 -9999 -9999 -9999 -9999 -9999 -9999 -9999 -9999 -9999 -9999 -9999 -9999 -9999 -9999 0.87734 0.86102 0.83996 0.82791 0.82803 0.82421 0.80648 0.79173 0.67953 0.73695 0.79137 0.73570 0.71804 0.70782 0.71909 0.78494 0.75968 0.72403 0.70628 0.70620 0.63464 0.62156 0.63420 0.67307 -9999 -9999 -9999 -9999 -9999 -9999
