data/hydroclimate-scenarios/BCSD_hadcm_A1B/monthly_summaries/vpd_monthly_avg_sep.2030-2059.asc
ncols	311
nrows	91
xllcenter	102.75
yllcenter	31.75
cellsize	0.5
NODATA_value	-9999
[rows 0 to 32 of 91, columns 0 to 72 of 311]
-9999 -9999 -9999 -9999 -9999 -9999 -9999 -9999 -9999 -9999 -9999 -9999 -9999 -9999 -9999 -9999 -9999 -9999 -9999 -9999 -9999 -9999 -9999 -9999 -9999 -9999 -9999 -9999 -9999 -9999 -9999 -9999 -9999 -9999 -9999 -9999 -9999 -9999 -9999 -9999 -9999 -9999 -9999 -9999 -9999 -9999 -9999 -9999 -9999 -9999 -9999 -9999 -9999 -9999 -9999 -9999 -9999 -9999 -9999 -9999 -9999 -9999 -9999 -9999 -9999 -9999 -9999 -9999 -9999 -9999 -9999 -9999 -9999
-9999 -9999 -9999 -9999 -9999 -9999 -9999 -9999 -9999 -9999 -9999 -9999 -9999 -9999 -9999 -9999 -9999 -9999 -9999 -9999 -9999 -9999 -9999 -9999 -9999 -9999 -9999 -9999 -9999 -9999 -9999 -9999 -9999 -9999 -9999 -9999 -9999 -9999 -9999 -9999 -9999 -9999 -9999 -9999 -9999 -9999 -9999 -9999 -9999 -9999 -9999 -9999 -9999 -9999 -9999 -9999 -9999 -9999 -9999 -9999 -9999 -9999 -9999 -9999 -9999 -9999 -9999 -9999 -9999 -9999 -9999 -9999 -9999
-9999 -9999 -9999 -9999 -9999 -9999 -9999 -9999 -9999 -9999 -9999 -9999 -9999 -9999 -9999 -9999 -9999 -9999 -9999 -9999 -9999 -9999 -9999 -9999 -9999 -9999 -9999 -9999 -9999 -9999 -9999 -9999 -9999 -9999 -9999 -9999 -9999 -9999 -9999 -9999 -9999 -9999 -9999 -9999 -9999 -9999 -9999 -9999 -9999 -9999 -9999 -9999 -9999 -9999 -9999 -9999 -9999 -9999 -9999 -9999 -9999 -9999 -9999 -9999 -9999 -9999 -9999 -9999 -9999 -9999 -9999 -9999 -9999
-9999 -9999 -9999 -9999 -9999 -9999 -9999 -9999 -9999 -9999 -9999 -9999 -9999 -9999 -9999 -9999 -9999 -9999 -9999 -9999 -9999 -9999 -9999 -9999 -9999 -9999 -9999 -9999 -9999 -9999 -9999 -9999 -9999 -9999 -9999 -9999 -9999 -9999 -9999 -9999 -9999 -9999 -9999 -9999 -9999 -9999 -9999 -9999 -9999 -9999 -9999 -9999 -9999 -9999 -9999 -9999 -9999 -9999 -9999 -9999 -9999 -9999 -9999 -9999 -9999 -9999 -9999 -9999 -9999 -9999 -9999 -9999 -9999
-9999 -9999 -9999 -9999 -9999 -9999 -9999 -9999 -9999 -9999 -9999 -9999 -9999 -9999 -9999 -9999 -9999 -9999 -9999 -9999 -9999 -9999 -9999 -9999 -9999 -9999 -9999 -9999 -9999 -9999 -9999 -9999 -9999 -9999 -9999 -9999 -9999 -9999 -9999 -9999 -9999 -9999 -9999 -9999 -9999 -9999 -9999 -9999 -9999 -9999 -9999 -9999 -9999 -9999 -9999 -9999 -9999 -9999 -9999 -9999 -9999 -9999 -9999 -9999 -9999 -9999 -9999 -9999 -9999 -9999 -9999 -9999 -9999
-9999 -9999 -9999 -9999 -9999 -9999 -9999 -9999 -9999 -9999 -9999 -9999 -9999 -9999 -9999 -9999 -9999 -9999 -9999 -9999 -9999 -9999 -9999 -9999 -9999 -9999 -9999 -9999 -9999 -9999 -9999 -9999 -9999 -9999 -9999 -9999 -9999 -9999 -9999 -9999 -9999 -9999 -9999 -9999 -9999 -9999 -9999 -9999 -9999 -9999 -9999 -9999 -9999 -9999 -9999 -9999 -9999 -9999 -9999 -9999 -9999 -9999 -9999 -9999 -9999 -9999 -9999 -9999 -9999 -9999 -9999 -9999 -9999
-9999 -9999 -9999 -9999 -9999 -9999 -9999 -9999 -9999 -9999 -9999 -9999 -9999 -9999 -9999 -9999 -9999 -9999 -9999 -9999 -9999 -9999 -9999 -9999 -9999 -9999 -9999 -9999 -9999 -9999 -9999 -9999 -9999 -9999 -9999 -9999 -9999 -9999 -9999 -9999 -9999 -9999 -9999 -9999 -9999 -9999 -9999 -9999 -9999 -9999 -9999 -9999 -9999 -9999 -9999 -9999 -9999 -9999 -9999 -9999 -9999 -9999 -9999 -9999 -9999 -9999 -9999 -9999 -9999 -9999 -9999 -9999 -9999
-9999 -9999 -9999 -9999 -9999 -9999 -9999 -9999 -9999 -9999 -9999 -9999 -9999 -9999 -9999 -9999 -9999 -9999 -9999 -9999 -9999 -9999 -9999 -9999 -9999 -9999 -9999 -9999 -9999 -9999 -9999 -9999 -9999 -9999 -9999 -9999 -9999 -9999 -9999 -9999 -9999 -9999 0.19565 0.19644 0.19721 0.19847 0.20144 0.20370 0.20505 0.20645 0.20796 0.21155 -9999 -9999 -9999 -9999 -9999 -9999 -9999 -9999 -9999 -9999 -9999 -9999 -9999 -9999 -9999 -9999 -9999 -9999 -9999 -9999 -9999
-9999 -9999 -9999 -9999 -9999 -9999 -9999 -9999 -9999 -9999 -9999 -9999 -9999 -9999 -9999 -9999 -9999 -9999 -9999 -9999 -9999 -9999 -9999 -9999 -9999 -9999 -9999 -9999 -9999 -9999 -9999 -9999 -9999 -9999 -9999 -9999 -9999 -9999 0.19791 0.19361 0.19551 0.20047 0.19871 0.20296 0.20604 0.20775 0.21036 0.21117 0.21132 0.21811 0.21722 0.21820 0.21971 0.22485 -9999 -9999 -9999 -9999 -9999 -9999 -9999 -9999 -9999 -9999 -9999 -9999 -9999 -9999 -9999 -9999 -9999 -9999 -9999
-9999 -9999 -9999 -9999 -9999 -9999 -9999 -9999 -9999 -9999 -9999 -9999 -9999 -9999 -9999 -9999 -9999 -9999 -9999 -9999 -9999 -9999 -9999 -9999 -9999 -9999 -9999 -9999 -9999 -9999 -9999 -9999 -9999 -9999 -9999 -9999 -9999 -9999 -9999 -9999 0.20467 0.20719 0.20198 0.20350 0.20670 0.20531 0.21122 0.21706 0.21890 0.21846 0.22018 0.22501 0.22519 0.23242 -9999 -9999 -9999 -9999 -9999 -9999 -9999 -9999 -9999 -9999 -9999 -9999 -9999 -9999 -9999 -9999 -9999 -9999 -9999
-9999 -9999 -9999 -9999 -9999 -9999 -9999 -9999 -9999 -9999 -9999 -9999 -9999 -9999 -9999 -9999 -9999 -9999 -9999 -9999 -9999 -9999 -9999 -9999 -9999 -9999 -9999 -9999 -9999 -9999 -9999 -9999 -9999 -9999 -9999 -9999 -9999 -9999 -9999 -9999 -9999 -9999 -9999 -9999 0.21834 0.21912 0.21468 0.21605 0.22201 0.22473 0.22667 0.22008 0.23284 0.23957 -9999 -9999 -9999 -9999 -9999 -9999 0.25188 -9999 -9999 -9999 -9999 -9999 -9999 -9999 -9999 -9999 -9999 -9999 -9999
-9999 -9999 -9999 -9999 -9999 -9999 -9999 -9999 -9999 -9999 -9999 -9999 -9999 -9999 -9999 -9999 -9999 -9999 -9999 -9999 -9999 -9999 -9999 -9999 -9999 -9999 -9999 -9999 -9999 -9999 -9999 -9999 -9999 -9999 -9999 -9999 -9999 -9999 -9999 -9999 -9999 0.21261 0.21416 0.21766 0.22062 0.22583 0.22379 0.21944 0.22821 0.23017 0.22886 0.22597 0.23479 0.23864 -9999 -9999 -9999 -9999 -9999 0.26346 0.26361 0.27066 0.27213 0.27564 0.27825 0.27674 0.27510 0.27386 0.27065 0.26983 0.26824 0.26277 0.26041
-9999 -9999 -9999 -9999 -9999 -9999 -9999 -9999 -9999 -9999 -9999 -9999 -9999 -9999 -9999 -9999 -9999 -9999 -9999 -9999 -9999 -9999 -9999 -9999 -9999 -9999 -9999 -9999 -9999 -9999 -9999 -9999 -9999 -9999 -9999 -9999 -9999 -9999 -9999 -9999 -9999 0.22319 0.22260 0.22914 0.23816 0.23858 0.24188 0.23790 0.23815 0.23928 0.23939 0.22993 0.22893 0.23549 0.24361 0.23991 0.25290 -9999 0.27248 0.27791 0.28009 0.28322 0.28523 0.28211 0.28309 0.28322 0.28681 0.28427 0.28330 0.28053 0.27761 0.27610 0.27292
-9999 -9999 -9999 -9999 -9999 -9999 -9999 -9999 -9999 -9999 -9999 -9999 -9999 -9999 -9999 -9999 -9999 -9999 -9999 -9999 -9999 -9999 -9999 -9999 -9999 -9999 -9999 -9999 -9999 -9999 -9999 -9999 -9999 -9999 -9999 0.23758 0.23621 0.23086 0.23040 0.23449 0.23784 0.24031 0.23808 0.24480 0.24736 0.24937 0.25420 0.25010 0.24859 0.24245 0.23993 0.23165 0.22127 0.23032 0.23411 0.23287 0.25009 0.26522 0.27728 0.28776 0.28999 0.29258 0.29374 0.27082 0.27696 0.28817 0.28790 0.28812 0.29138 0.28578 0.28475 0.28220 0.27602
-9999 -9999 -9999 -9999 -9999 -9999 -9999 -9999 -9999 -9999 -9999 -9999 -9999 -9999 -9999 -9999 -9999 -9999 -9999 -9999 -9999 -9999 -9999 -9999 -9999 -9999 -9999 -9999 -9999 -9999 -9999 -9999 -9999 -9999 0.25201 0.24357 0.24284 0.24107 0.24312 0.24587 0.24432 0.25022 0.24973 0.25104 0.25216 0.25602 0.25793 0.25211 0.24485 0.23445 0.22624 0.22787 0.21778 0.21553 0.22249 0.23662 0.25544 0.26993 0.29010 0.29982 0.29512 0.28747 0.28416 0.27244 0.29619 0.29863 0.29283 0.28499 0.26674 0.27293 0.26008 0.25646 0.25350
-9999 -9999 -9999 -9999 -9999 -9999 -9999 -9999 -9999 -9999 -9999 -9999 -9999 -9999 -9999 -9999 -9999 -9999 -9999 -9999 -9999 -9999 -9999 -9999 -9999 -9999 -9999 -9999 -9999 -9999 -9999 -9999 -9999 0.25422 0.25607 0.25179 0.25502 0.24997 0.25337 0.25386 0.25458 0.25285 0.25846 0.25983 0.25936 0.26404 0.25885 0.25526 0.24029 0.22832 0.21969 0.21068 0.20748 0.21329 0.22983 0.24336 0.24970 0.27823 0.29566 0.29732 0.29030 0.29917 0.30736 0.31019 0.30650 0.29837 0.28857 0.28145 0.27702 0.27422 0.26684 0.26729 0.26371
-9999 -9999 -9999 -9999 -9999 -9999 -9999 -9999 -9999 -9999 -9999 -9999 -9999 -9999 -9999 -9999 -9999 -9999 -9999 -9999 -9999 -9999 -9999 -9999 -9999 -9999 -9999 -9999 -9999 -9999 -9999 0.27042 0.26721 0.26331 0.26526 0.26320 0.26659 0.26565 0.26260 0.26360 0.26374 0.26281 0.26633 0.26807 0.26370 0.26033 0.26263 0.26248 0.24758 0.23936 0.22862 0.21921 0.20744 0.21525 0.22843 0.24738 0.27020 0.27975 0.27115 0.28537 0.29979 0.31071 0.31031 0.32200 0.31517 0.30076 0.29685 0.30058 0.29558 0.27016 0.25972 0.25331 0.27111
-9999 -9999 -9999 -9999 -9999 -9999 -9999 -9999 -9999 -9999 -9999 -9999 -9999 -9999 -9999 -9999 -9999 -9999 -9999 -9999 -9999 -9999 -9999 -9999 -9999 -9999 -9999 -9999 -9999 0.27811 0.27926 0.27075 0.27336 0.26930 0.27323 0.27169 0.27291 0.27155 0.27091 0.27317 0.27054 0.27155 0.27603 0.27277 0.27153 0.26308 0.26387 0.25953 0.23726 0.22754 0.22125 0.21063 0.20997 0.22084 0.22655 0.24306 0.27030 0.27454 0.28867 0.31032 0.31200 0.31343 0.31012 0.31358 0.31975 0.31173 0.29307 0.28110 0.27709 0.27445 0.27988 0.25591 0.22353
-9999 -9999 -9999 -9999 -9999 -9999 -9999 -9999 -9999 -9999 -9999 -9999 -9999 -9999 -9999 -9999 -9999 -9999 -9999 -9999 -9999 -9999 -9999 -9999 0.26188 0.26314 0.26876 0.27539 0.27855 0.27470 0.27346 0.27916 0.28015 0.28004 0.27666 0.28283 0.27891 0.27429 0.27673 0.27471 0.27806 0.27709 0.27951 0.28361 0.28238 0.27475 0.27518 0.25597 0.23922 0.23568 0.23506 0.21067 0.21319 0.23485 0.25141 0.26375 0.27901 0.29022 0.29080 0.30873 0.32254 0.32497 0.32916 0.33237 0.33117 0.31374 0.31918 0.31597 0.30897 0.28984 0.25463 0.24993 0.23455
-9999 -9999 -9999 -9999 -9999 -9999 0.26649 0.27164 0.27436 0.27852 0.27648 -9999 -9999 -9999 -9999 -9999 -9999 -9999 -9999 -9999 -9999 0.26042 0.25454 0.25801 0.25869 0.25999 0.26692 0.27270 0.27199 0.28054 0.28354 0.28923 0.28181 0.28422 0.28272 0.28558 0.28376 0.28527 0.28491 0.28160 0.28545 0.28354 0.28909 0.29167 0.29055 0.28270 0.28459 0.26687 0.25052 0.24075 0.23137 0.22572 0.21859 0.23763 0.26506 0.28011 0.28362 0.29390 0.31076 0.32585 0.32739 0.32786 0.31592 0.31180 0.30450 0.33090 0.33477 0.31726 0.31078 0.31108 0.29736 0.26670 0.25135
-9999 -9999 -9999 -9999 -9999 0.27531 0.27195 0.26484 0.27465 0.27140 0.27315 0.26165 0.26488 0.25895 -9999 -9999 -9999 0.26524 0.26143 0.26339 0.25971 0.26094 0.26126 0.26558 0.26041 0.26828 0.27016 0.28230 0.28017 0.28257 0.28919 0.29234 0.29494 0.29834 0.29537 0.29534 0.29333 0.29217 0.29448 0.29365 0.29740 0.29267 0.29563 0.30204 0.29896 0.29417 0.27885 0.25983 0.24992 0.24510 0.23858 0.23563 0.24085 0.25939 0.27246 0.28017 0.28312 0.29850 0.32611 0.32166 0.32719 0.32247 0.31661 0.32237 0.30362 0.28613 0.29276 0.29334 0.30430 0.29427 0.29371 0.27025 0.26331
-9999 0.28443 0.28422 0.28769 0.28060 0.28149 0.27582 0.27554 0.27569 0.27756 0.27207 0.26859 0.26697 0.26623 0.27051 0.27673 0.28323 0.27095 0.26623 0.27150 0.27180 0.27287 0.27141 0.27744 0.28204 0.27957 0.28012 0.29003 0.28615 0.29336 0.30331 0.30564 0.30828 0.31000 0.31064 0.30613 0.30424 0.30551 0.30451 0.30534 0.30757 0.30733 0.30684 0.31291 0.31050 0.30484 0.29144 0.27617 0.26509 0.26058 0.25197 0.23917 0.24635 0.24327 0.25563 0.26718 0.28213 0.31442 0.31116 0.31785 0.33216 0.31871 0.30408 0.30619 0.29178 0.29239 0.30585 0.29054 0.30506 0.28563 0.26494 0.24668 0.24825
-9999 0.28431 0.29297 0.29403 0.29671 0.29840 0.29540 0.29537 0.29288 0.28725 0.28658 0.28089 0.27173 0.27496 0.27417 0.27418 0.27302 0.26888 0.27283 0.27726 0.27383 0.27515 0.27751 0.29061 0.29189 0.29914 0.30143 0.29826 0.30283 0.30951 0.31057 0.31491 0.31798 0.32054 0.31841 0.32294 0.32130 0.32096 0.32235 0.31851 0.31792 0.32235 0.32318 0.32640 0.32780 0.32442 0.31825 0.30135 0.28888 0.27535 0.27407 0.25382 0.25637 0.23794 0.24164 0.26770 0.28265 0.29886 0.30915 0.30616 0.31742 0.30989 0.30230 0.31217 0.30022 0.29675 0.29009 0.29616 0.29339 0.29016 0.28793 0.26687 0.24923
-9999 -9999 -9999 0.29214 0.29087 0.30444 0.30248 0.29944 0.29965 0.30463 0.29679 0.30155 0.29798 0.29518 0.28470 0.28746 0.28645 0.29188 0.28579 0.28423 0.28255 0.28399 0.28649 0.29424 0.30255 0.30777 0.31298 0.31443 0.32499 0.32481 0.32840 0.32815 0.32899 0.33414 0.33274 0.33771 0.33329 0.33282 0.33281 0.33343 0.33123 0.33348 0.33664 0.33849 0.33940 0.33878 0.33237 0.31670 0.30871 0.29994 0.28553 0.27044 0.25704 0.24749 0.25806 0.26226 0.28527 0.29426 0.29141 0.29837 0.31942 0.29952 0.29602 0.29797 0.30397 0.30396 0.31184 0.29682 0.28626 0.28153 0.27732 0.27385 0.27044
-9999 -9999 -9999 -9999 -9999 -9999 0.31119 0.31249 0.30861 0.31226 0.31412 0.30892 0.30826 0.31130 0.30895 0.30612 0.30150 0.29821 0.30331 0.30434 0.30113 0.29773 0.30269 0.31092 0.31421 0.31377 0.32276 0.33927 0.33973 0.33779 0.34001 0.33769 0.33891 0.34753 0.34897 0.35132 0.34681 0.34625 0.34395 0.33833 0.34085 0.34687 0.34734 0.35237 0.35029 0.35390 0.35224 0.32292 0.32157 0.30421 0.28006 0.26120 0.25787 0.28110 0.26979 0.26645 0.27926 0.27539 0.26946 0.28387 0.27920 0.28131 0.27986 0.27767 0.29038 0.28789 0.30547 0.29427 0.28581 0.28365 0.27610 0.27391 0.27846
-9999 -9999 -9999 -9999 -9999 -9999 0.32304 0.32098 0.32438 0.31612 0.31956 0.32106 0.32297 0.32672 0.32298 0.31594 0.31529 0.30966 0.30890 0.30827 0.30802 0.30890 0.31033 0.31817 0.32030 0.33396 0.34771 0.35073 0.35436 0.35215 0.35057 0.35482 0.35281 0.35841 0.35865 0.36184 0.36760 0.36403 0.36131 0.35063 0.35193 0.35346 0.35661 0.35642 0.36324 0.35841 0.36323 0.35985 0.35364 0.34272 0.32091 0.30987 0.29951 0.29338 0.29534 0.31651 0.30618 0.29254 0.30336 0.29417 0.27030 0.27428 0.27636 0.28406 0.28073 0.30000 0.30416 0.30237 0.30071 0.29469 0.27651 0.27616 0.27466
-9999 -9999 -9999 -9999 -9999 -9999 -9999 -9999 -9999 -9999 0.34381 0.32851 0.32851 0.34135 0.33319 0.32425 0.32097 0.32015 0.32553 0.31918 0.31881 0.31876 0.32325 0.32734 0.33392 0.33514 0.34245 0.36063 0.36483 0.36377 0.36506 0.36899 0.36706 0.37061 0.37240 0.38302 0.38110 0.38126 0.38129 0.36925 0.37130 0.36858 0.37134 0.37009 0.37008 0.36911 0.36840 0.37329 0.37679 0.37508 0.37474 0.37787 0.37071 0.37555 0.37894 0.38186 0.37879 0.36811 0.36395 0.35721 0.35827 0.34202 0.34033 0.32133 0.31447 0.33194 0.32776 0.32319 0.31116 0.31036 0.29426 0.27062 0.26304
-9999 -9999 -9999 -9999 -9999 -9999 -9999 -9999 -9999 -9999 0.36622 0.35639 0.34180 0.35348 0.34906 0.33697 0.33098 0.32800 0.32832 0.32183 0.32174 0.32251 0.32460 0.33245 0.33928 0.35109 0.36433 0.37570 0.38025 0.38242 0.38170 0.38519 0.38609 0.38716 0.38240 0.38546 0.38788 0.38191 0.37920 0.37607 0.37231 0.37150 0.37318 0.36634 0.36592 0.36984 0.36791 0.37212 0.38138 0.37987 0.39085 0.38591 0.39533 0.39252 0.40386 0.39936 0.40122 0.39737 0.40092 0.38907 0.38969 0.39025 0.39246 0.38426 0.38405 0.38040 0.37325 0.36822 0.35598 0.31743 0.30621 0.29000 0.28052
-9999 -9999 -9999 -9999 -9999 -9999 -9999 -9999 -9999 -9999 -9999 -9999 0.36884 0.35008 0.34313 0.34714 0.35491 0.36131 0.34812 0.34629 0.34432 0.34107 0.34328 0.35247 0.36148 0.37403 0.37738 0.38361 0.38430 0.39623 0.39778 0.39387 0.39574 0.39277 0.39189 0.38942 0.39119 0.38387 0.38359 0.37565 0.37282 0.37326 0.36423 0.36931 0.36614 0.37279 0.37793 0.37810 0.38076 0.38674 0.38835 0.38576 0.38694 0.39231 0.41209 0.41114 0.40713 0.39592 0.39415 0.38986 0.39186 0.39283 0.39487 0.38718 0.38735 0.38656 0.38179 0.37909 0.36856 0.34422 0.30437 0.28321 0.28529
-9999 -9999 -9999 -9999 -9999 -9999 -9999 -9999 -9999 -9999 -9999 -9999 0.38459 0.36988 0.36087 0.36117 0.36364 0.36629 0.34965 0.34938 0.34972 0.34286 0.34870 0.36264 0.36010 0.37429 0.38495 0.39293 0.39453 0.40262 0.40643 0.40512 0.40222 0.39980 0.38902 0.38843 0.38410 0.37470 0.37912 0.37774 0.38163 0.37912 0.38107 0.38022 0.37742 0.38194 0.38222 0.38402 0.39029 0.38654 0.38475 0.39360 0.39768 0.40096 0.41747 0.41648 0.41481 0.39911 0.39968 0.39725 0.39559 0.39486 0.39505 0.39350 0.39452 0.38899 0.38372 0.37586 0.35922 0.32810 0.31696 0.31302 0.29656
-9999 -9999 -9999 -9999 -9999 -9999 -9999 -9999 -9999 -9999 -9999 0.39589 0.38451 0.38975 0.38452 0.35943 0.35466 0.35370 0.34713 0.34368 0.35978 0.34439 0.35263 0.35708 0.36103 0.37060 0.37284 0.38532 0.39532 0.40746 0.41064 0.40353 0.40249 0.40439 0.39644 0.40758 0.39655 0.38726 0.37772 0.36659 0.36928 0.36489 0.36558 0.36837 0.37609 0.38996 0.39102 0.39591 0.39441 0.39399 0.39482 0.39435 0.39516 0.40468 0.42159 0.42058 0.41067 0.40306 0.40131 0.40206 0.40366 0.40413 0.40145 0.40045 0.39676 0.39492 0.38203 0.36415 0.34252 0.31604 0.29167 0.28108 0.29649
-9999 -9999 -9999 -9999 -9999 -9999 -9999 -9999 -9999 -9999 -9999 0.40356 0.39937 0.39254 0.39282 0.37229 0.36154 0.35685 0.35510 0.35159 0.35452 0.35262 0.35782 0.37181 0.37615 0.37881 0.38270 0.38779 0.39816 0.40582 0.40287 0.40079 0.39927 0.40511 0.39603 0.40573 0.40954 0.39060 0.37472 0.37668 0.37651 0.37152 0.36625 0.36971 0.37515 0.38056 0.38713 0.39477 0.39752 0.40568 0.40469 0.41033 0.41390 0.40691 0.41096 0.40678 0.40548 0.40469 0.40559 0.40239 0.40612 0.40589 0.40572 0.40197 0.40339 0.39941 0.38173 0.36892 0.33458 0.30707 0.30490 0.30896 0.30381
-9999 -9999 -9999 -9999 -9999 -9999 -9999 -9999 -9999 -9999 -9999 0.40149 0.39359 0.39081 0.38347 0.37302 0.36786 0.36465 0.36047 0.36190 0.35892 0.36628 0.37922 0.37980 0.38861 0.39162 0.38827 0.39484 0.40033 0.40964 0.39732 0.40176 0.40297 0.40315 0.39331 0.41067 0.40846 0.40387 0.39940 0.39228 0.38670 0.38635 0.38656 0.37959 0.37960 0.38504 0.38286 0.37566 0.37619 0.37753 0.38313 0.37986 0.38321 0.38533 0.39331 0.40256 0.40551 0.40726 0.41163 0.40538 0.40598 0.40640 0.41558 0.41756 0.42127 0.42077 0.40002 0.37435 0.34400 0.32707 0.33248 0.30088 0.29950
