data/hydroclimate-scenarios/BCSD_hadcm_A1B/monthly_summaries/vpd_monthly_avg_feb.2070-2099.asc
ncols	311
nrows	91
xllcenter	102.75
yllcenter	31.75
cellsize	0.5
NODATA_value	-9999
[rows 0 to 32 of 91, columns 0 to 72 of 311]
-9999 -9999 -9999 -9999 -9999 -9999 -9999 -9999 -9999 -9999 -9999 -9999 -9999 -9999 -9999 -9999 -9999 -9999 -9999 -9999 -9999 -9999 -9999 -9999 -9999 -9999 -9999 -9999 -9999 -9999 -9999 -9999 -9999 -9999 -9999 -9999 -9999 -9999 -9999 -9999 -9999 -9999 -9999 -9999 -9999 -9999 -9999 -9999 -9999 -9999 -9999 -9999 -9999 -9999 -9999 -9999 -9999 -9999 -9999 -9999 -9999 -9999 -9999 -9999 -9999 -9999 -9999 -9999 -9999 -9999 -9999 -9999 -9999
-9999 -9999 -9999 -9999 -9999 -9999 -9999 -9999 -9999 -9999 -9999 -9999 -9999 -9999 -9999 -9999 -9999 -9999 -9999 -9999 -9999 -9999 -9999 -9999 -9999 -9999 -9999 -9999 -9999 -9999 -9999 -9999 -9999 -9999 -9999 -9999 -9999 -9999 -9999 -9999 -9999 -9999 -9999 -9999 -9999 -9999 -9999 -9999 -9999 -9999 -9999 -9999 -9999 -9999 -9999 -9999 -9999 -9999 -9999 -9999 -9999 -9999 -9999 -9999 -9999 -9999 -9999 -9999 -9999 -9999 -9999 -9999 -9999
-9999 -9999 -9999 -9999 -9999 -9999 -9999 -9999 -9999 -9999 -9999 -9999 -9999 -9999 -9999 -9999 -9999 -9999 -9999 -9999 -9999 -9999 -9999 -9999 -9999 -9999 -9999 -9999 -9999 -9999 -9999 -9999 -9999 -9999 -9999 -9999 -9999 -9999 -9999 -9999 -9999 -9999 -9999 -9999 -9999 -9999 -9999 -9999 -9999 -9999 -9999 -9999 -9999 -9999 -9999 -9999 -9999 -9999 -9999 -9999 -9999 -9999 -9999 -9999 -9999 -9999 -9999 -9999 -9999 -9999 -9999 -9999 -9999
-9999 -9999 -9999 -9999 -9999 -9999 -9999 -9999 -9999 -9999 -9999 -9999 -9999 -9999 -9999 -9999 -9999 -9999 -9999 -9999 -9999 -9999 -9999 -9999 -9999 -9999 -9999 -9999 -9999 -9999 -9999 -9999 -9999 -9999 -9999 -9999 -9999 -9999 -9999 -9999 -9999 -9999 -9999 -9999 -9999 -9999 -9999 -9999 -9999 -9999 -9999 -9999 -9999 -9999 -9999 -9999 -9999 -9999 -9999 -9999 -9999 -9999 -9999 -9999 -9999 -9999 -9999 -9999 -9999 -9999 -9999 -9999 -9999
-9999 -9999 -9999 -9999 -9999 -9999 -9999 -9999 -9999 -9999 -9999 -9999 -9999 -9999 -9999 -9999 -9999 -9999 -9999 -9999 -9999 -9999 -9999 -9999 -9999 -9999 -9999 -9999 -9999 -9999 -9999 -9999 -9999 -9999 -9999 -9999 -9999 -9999 -9999 -9999 -9999 -9999 -9999 -9999 -9999 -9999 -9999 -9999 -9999 -9999 -9999 -9999 -9999 -9999 -9999 -9999 -9999 -9999 -9999 -9999 -9999 -9999 -9999 -9999 -9999 -9999 -9999 -9999 -9999 -9999 -9999 -9999 -9999
-9999 -9999 -9999 -9999 -9999 -9999 -9999 -9999 -9999 -9999 -9999 -9999 -9999 -9999 -9999 -9999 -9999 -9999 -9999 -9999 -9999 -9999 -9999 -9999 -9999 -9999 -9999 -9999 -9999 -9999 -9999 -9999 -9999 -9999 -9999 -9999 -9999 -9999 -9999 -9999 -9999 -9999 -9999 -9999 -9999 -9999 -9999 -9999 -9999 -9999 -9999 -9999 -9999 -9999 -9999 -9999 -9999 -9999 -9999 -9999 -9999 -9999 -9999 -9999 -9999 -9999 -9999 -9999 -9999 -9999 -9999 -9999 -9999
-9999 -9999 -9999 -9999 -9999 -9999 -9999 -9999 -9999 -9999 -9999 -9999 -9999 -9999 -9999 -9999 -9999 -9999 -9999 -9999 -9999 -9999 -9999 -9999 -9999 -9999 -9999 -9999 -9999 -9999 -9999 -9999 -9999 -9999 -9999 -9999 -9999 -9999 -9999 -9999 -9999 -9999 -9999 -9999 -9999 -9999 -9999 -9999 -9999 -9999 -9999 -9999 -9999 -9999 -9999 -9999 -9999 -9999 -9999 -9999 -9999 -9999 -9999 -9999 -9999 -9999 -9999 -9999 -9999 -9999 -9999 -9999 -9999
-9999 -9999 -9999 -9999 -9999 -9999 -9999 -9999 -9999 -9999 -9999 -9999 -9999 -9999 -9999 -9999 -9999 -9999 -9999 -9999 -9999 -9999 -9999 -9999 -9999 -9999 -9999 -9999 -9999 -9999 -9999 -9999 -9999 -9999 -9999 -9999 -9999 -9999 -9999 -9999 -9999 -9999 0.00847 0.00834 0.00807 0.00808 0.00801 0.00791 0.00786 0.00782 0.00768 0.00750 -9999 -9999 -9999 -9999 -9999 -9999 -9999 -9999 -9999 -9999 -9999 -9999 -9999 -9999 -9999 -9999 -9999 -9999 -9999 -9999 -9999
-9999 -9999 -9999 -9999 -9999 -9999 -9999 -9999 -9999 -9999 -9999 -9999 -9999 -9999 -9999 -9999 -9999 -9999 -9999 -9999 -9999 -9999 -9999 -9999 -9999 -9999 -9999 -9999 -9999 -9999 -9999 -9999 -9999 -9999 -9999 -9999 -9999 -9999 0.00929 0.00864 0.00857 0.00864 0.00845 0.00837 0.00842 0.00848 0.00830 0.00813 0.00806 0.00805 0.00794 0.00767 0.00747 0.01366 -9999 -9999 -9999 -9999 -9999 -9999 -9999 -9999 -9999 -9999 -9999 -9999 -9999 -9999 -9999 -9999 -9999 -9999 -9999
-9999 -9999 -9999 -9999 -9999 -9999 -9999 -9999 -9999 -9999 -9999 -9999 -9999 -9999 -9999 -9999 -9999 -9999 -9999 -9999 -9999 -9999 -9999 -9999 -9999 -9999 -9999 -9999 -9999 -9999 -9999 -9999 -9999 -9999 -9999 -9999 -9999 -9999 -9999 -9999 0.00899 0.00883 0.00853 0.00829 0.00819 0.00803 0.00819 0.00840 0.00833 0.00796 0.00783 0.00784 0.00767 0.01336 -9999 -9999 -9999 -9999 -9999 -9999 -9999 -9999 -9999 -9999 -9999 -9999 -9999 -9999 -9999 -9999 -9999 -9999 -9999
-9999 -9999 -9999 -9999 -9999 -9999 -9999 -9999 -9999 -9999 -9999 -9999 -9999 -9999 -9999 -9999 -9999 -9999 -9999 -9999 -9999 -9999 -9999 -9999 -9999 -9999 -9999 -9999 -9999 -9999 -9999 -9999 -9999 -9999 -9999 -9999 -9999 -9999 -9999 -9999 -9999 -9999 -9999 -9999 0.00868 0.00838 0.00793 0.00780 0.00796 0.00809 0.00780 0.00723 0.00763 0.01288 -9999 -9999 -9999 -9999 -9999 -9999 0.00719 -9999 -9999 -9999 -9999 -9999 -9999 -9999 -9999 -9999 -9999 -9999 -9999
-9999 -9999 -9999 -9999 -9999 -9999 -9999 -9999 -9999 -9999 -9999 -9999 -9999 -9999 -9999 -9999 -9999 -9999 -9999 -9999 -9999 -9999 -9999 -9999 -9999 -9999 -9999 -9999 -9999 -9999 -9999 -9999 -9999 -9999 -9999 -9999 -9999 -9999 -9999 -9999 -9999 0.00889 0.00885 0.00855 0.00844 0.00872 0.00825 0.00789 0.00814 0.00813 0.00770 0.00737 0.00768 0.00769 -9999 -9999 -9999 -9999 -9999 0.00758 0.00754 0.00773 0.00785 0.00797 0.00812 0.00837 0.00855 0.00864 0.00889 0.00918 0.00961 0.00976 0.00988
-9999 -9999 -9999 -9999 -9999 -9999 -9999 -9999 -9999 -9999 -9999 -9999 -9999 -9999 -9999 -9999 -9999 -9999 -9999 -9999 -9999 -9999 -9999 -9999 -9999 -9999 -9999 -9999 -9999 -9999 -9999 -9999 -9999 -9999 -9999 -9999 -9999 -9999 -9999 -9999 -9999 0.00914 0.00927 0.00911 0.00936 0.00908 0.00900 0.00863 0.00840 0.00831 0.00791 0.00716 0.00691 0.00713 0.00740 0.00710 0.00750 -9999 0.00794 0.00799 0.00792 0.00800 0.00803 0.00784 0.00795 0.00834 0.00865 0.00900 0.00916 0.00938 0.00956 0.00983 0.01026
-9999 -9999 -9999 -9999 -9999 -9999 -9999 -9999 -9999 -9999 -9999 -9999 -9999 -9999 -9999 -9999 -9999 -9999 -9999 -9999 -9999 -9999 -9999 -9999 -9999 -9999 -9999 -9999 -9999 -9999 -9999 -9999 -9999 -9999 -9999 0.01217 0.01198 0.01107 0.01064 0.01079 0.01052 0.01034 0.00990 0.00983 0.00977 0.00955 0.00947 0.00896 0.00874 0.00819 0.00761 0.00709 0.00646 0.00685 0.00662 0.00643 0.00702 0.00760 0.00817 0.00819 0.00828 0.00811 0.00819 0.00722 0.00752 0.00842 0.00865 0.00898 0.00934 0.00949 0.00964 0.01002 0.01008
-9999 -9999 -9999 -9999 -9999 -9999 -9999 -9999 -9999 -9999 -9999 -9999 -9999 -9999 -9999 -9999 -9999 -9999 -9999 -9999 -9999 -9999 -9999 -9999 -9999 -9999 -9999 -9999 -9999 -9999 -9999 -9999 -9999 -9999 0.01304 0.01230 0.01193 0.01143 0.01145 0.01120 0.01085 0.01061 0.01060 0.01015 0.00987 0.00973 0.00946 0.00886 0.00843 0.00742 0.00685 0.00680 0.00600 0.00576 0.00582 0.00642 0.00717 0.00755 0.00842 0.00865 0.00823 0.00779 0.00762 0.00718 0.00834 0.00871 0.00859 0.00847 0.00793 0.00835 0.00807 0.00819 0.00826
-9999 -9999 -9999 -9999 -9999 -9999 -9999 -9999 -9999 -9999 -9999 -9999 -9999 -9999 -9999 -9999 -9999 -9999 -9999 -9999 -9999 -9999 -9999 -9999 -9999 -9999 -9999 -9999 -9999 -9999 -9999 -9999 -9999 0.01415 0.01357 0.01313 0.01287 0.01247 0.01226 0.01209 0.01163 0.01116 0.01100 0.01076 0.01059 0.01010 0.00968 0.00914 0.00779 0.00703 0.00637 0.00580 0.00495 0.00560 0.00621 0.00664 0.00668 0.00784 0.00832 0.00822 0.00779 0.00815 0.00838 0.00877 0.00860 0.00849 0.00833 0.00826 0.00806 0.00838 0.00826 0.00840 0.00853
-9999 -9999 -9999 -9999 -9999 -9999 -9999 -9999 -9999 -9999 -9999 -9999 -9999 -9999 -9999 -9999 -9999 -9999 -9999 -9999 -9999 -9999 -9999 -9999 -9999 -9999 -9999 -9999 -9999 -9999 -9999 0.01650 0.01589 0.01508 0.01460 0.01392 0.01395 0.01352 0.01299 0.01283 0.01203 0.01177 0.01150 0.01112 0.01075 0.01046 0.01010 0.00973 0.00853 0.00765 0.00679 0.00617 0.00493 0.00555 0.00618 0.00666 0.00758 0.00782 0.00712 0.00762 0.00822 0.00856 0.00845 0.00907 0.00888 0.00835 0.00850 0.00898 0.00900 0.00789 0.00742 0.00735 0.00848
-9999 -9999 -9999 -9999 -9999 -9999 -9999 -9999 -9999 -9999 -9999 -9999 -9999 -9999 -9999 -9999 -9999 -9999 -9999 -9999 -9999 -9999 -9999 -9999 -9999 -9999 -9999 -9999 -9999 0.01903 0.01831 0.01737 0.01672 0.01596 0.01567 0.01522 0.01496 0.01447 0.01381 0.01334 0.01312 0.01267 0.01223 0.01197 0.01134 0.01061 0.01013 0.00937 0.00774 0.00721 0.00657 0.00555 0.00509 0.00588 0.00590 0.00648 0.00761 0.00758 0.00797 0.00885 0.00855 0.00853 0.00850 0.00836 0.00893 0.00888 0.00820 0.00779 0.00778 0.00793 0.00845 0.00722 0.00572
-9999 -9999 -9999 -9999 -9999 -9999 -9999 -9999 -9999 -9999 -9999 -9999 -9999 -9999 -9999 -9999 -9999 -9999 -9999 -9999 -9999 -9999 -9999 -9999 0.02158 0.02110 0.02113 0.02170 0.02087 0.01992 0.01882 0.01872 0.01805 0.01737 0.01660 0.01643 0.01556 0.01512 0.01443 0.01425 0.01425 0.01363 0.01308 0.01272 0.01201 0.01147 0.01103 0.00954 0.00808 0.00753 0.00730 0.00592 0.00578 0.00660 0.00721 0.00747 0.00800 0.00816 0.00797 0.00856 0.00886 0.00877 0.00905 0.00911 0.00927 0.00866 0.00919 0.00968 0.00939 0.00863 0.00700 0.00664 0.00603
-9999 -9999 -9999 -9999 -9999 -9999 0.02800 0.02817 0.02853 0.02843 0.02892 -9999 -9999 -9999 -9999 -9999 -9999 -9999 -9999 -9999 -9999 0.02406 0.02226 0.02226 0.02212 0.02168 0.02152 0.02158 0.02146 0.02081 0.02050 0.02039 0.01898 0.01868 0.01785 0.01732 0.01678 0.01628 0.01556 0.01497 0.01486 0.01429 0.01390 0.01327 0.01276 0.01193 0.01158 0.01029 0.00872 0.00791 0.00704 0.00664 0.00608 0.00680 0.00788 0.00831 0.00828 0.00839 0.00888 0.00942 0.00912 0.00906 0.00856 0.00846 0.00833 0.00982 0.01023 0.00968 0.00962 0.00999 0.00939 0.00762 0.00678
-9999 -9999 -9999 -9999 -9999 0.02880 0.02854 0.02713 0.02811 0.02825 0.02874 0.02699 0.02682 0.02601 -9999 -9999 -9999 0.02527 0.02482 0.02462 0.02479 0.02402 0.02373 0.02381 0.02298 0.02334 0.02290 0.02326 0.02294 0.02271 0.02238 0.02216 0.02166 0.02091 0.02005 0.01892 0.01828 0.01762 0.01704 0.01651 0.01622 0.01515 0.01490 0.01447 0.01369 0.01284 0.01149 0.00996 0.00875 0.00841 0.00763 0.00717 0.00727 0.00797 0.00835 0.00819 0.00830 0.00877 0.00969 0.00952 0.00949 0.00904 0.00881 0.00926 0.00836 0.00771 0.00819 0.00845 0.00918 0.00913 0.00923 0.00797 0.00743
-9999 0.02968 0.03044 0.03077 0.03020 0.02978 0.02975 0.02967 0.02968 0.02981 0.02902 0.02827 0.02778 0.02744 0.02772 0.02822 0.02925 0.02687 0.02625 0.02721 0.02717 0.02637 0.02578 0.02620 0.02630 0.02460 0.02444 0.02459 0.02411 0.02413 0.02435 0.02396 0.02342 0.02268 0.02181 0.02055 0.01958 0.01887 0.01843 0.01787 0.01730 0.01656 0.01603 0.01553 0.01476 0.01401 0.01263 0.01136 0.01016 0.00937 0.00857 0.00757 0.00760 0.00711 0.00759 0.00786 0.00835 0.00977 0.00927 0.00947 0.00995 0.00925 0.00847 0.00868 0.00800 0.00819 0.00900 0.00847 0.00938 0.00860 0.00766 0.00682 0.00704
-9999 0.02977 0.03146 0.03169 0.03201 0.03260 0.03260 0.03269 0.03272 0.03217 0.03161 0.03076 0.02889 0.02911 0.02904 0.02870 0.02818 0.02783 0.02843 0.02890 0.02791 0.02762 0.02769 0.02819 0.02778 0.02724 0.02677 0.02655 0.02612 0.02641 0.02597 0.02601 0.02535 0.02467 0.02357 0.02251 0.02184 0.02082 0.02017 0.01911 0.01864 0.01828 0.01791 0.01670 0.01612 0.01555 0.01463 0.01300 0.01168 0.01070 0.01010 0.00862 0.00832 0.00702 0.00696 0.00809 0.00872 0.00903 0.00951 0.00897 0.00950 0.00907 0.00875 0.00924 0.00880 0.00866 0.00850 0.00904 0.00921 0.00926 0.00907 0.00809 0.00719
-9999 -9999 -9999 0.03155 0.03180 0.03309 0.03422 0.03444 0.03418 0.03524 0.03407 0.03485 0.03424 0.03371 0.03182 0.03179 0.03154 0.03229 0.03146 0.03040 0.03001 0.02939 0.02901 0.02931 0.02939 0.02957 0.02888 0.02892 0.02944 0.02981 0.02879 0.02838 0.02720 0.02701 0.02614 0.02481 0.02343 0.02274 0.02169 0.02097 0.02040 0.01968 0.01932 0.01839 0.01787 0.01718 0.01599 0.01462 0.01351 0.01244 0.01089 0.00968 0.00866 0.00773 0.00813 0.00801 0.00896 0.00912 0.00881 0.00904 0.00981 0.00887 0.00885 0.00883 0.00920 0.00948 0.00998 0.00948 0.00918 0.00894 0.00885 0.00894 0.00876
-9999 -9999 -9999 -9999 -9999 -9999 0.03598 0.03720 0.03631 0.03788 0.03772 0.03777 0.03723 0.03777 0.03694 0.03639 0.03550 0.03493 0.03516 0.03520 0.03414 0.03292 0.03275 0.03298 0.03290 0.03153 0.03161 0.03252 0.03255 0.03217 0.03168 0.03098 0.02994 0.02922 0.02853 0.02771 0.02650 0.02487 0.02397 0.02268 0.02188 0.02150 0.02092 0.02011 0.01938 0.01887 0.01805 0.01531 0.01477 0.01314 0.01114 0.00949 0.00885 0.00989 0.00899 0.00855 0.00906 0.00822 0.00779 0.00846 0.00811 0.00829 0.00814 0.00823 0.00894 0.00893 0.01032 0.00993 0.00947 0.00945 0.00922 0.00939 0.00961
-9999 -9999 -9999 -9999 -9999 -9999 0.03942 0.03953 0.04041 0.03947 0.04028 0.04029 0.04048 0.04103 0.03983 0.03915 0.03866 0.03775 0.03687 0.03657 0.03552 0.03500 0.03430 0.03456 0.03417 0.03517 0.03618 0.03563 0.03591 0.03513 0.03414 0.03339 0.03253 0.03171 0.03009 0.02928 0.02883 0.02768 0.02647 0.02469 0.02370 0.02309 0.02207 0.02161 0.02050 0.01998 0.01951 0.01870 0.01755 0.01654 0.01451 0.01308 0.01181 0.01114 0.01080 0.01171 0.01101 0.00977 0.01017 0.00955 0.00806 0.00831 0.00844 0.00888 0.00900 0.01038 0.01069 0.01094 0.01109 0.01104 0.00977 0.01002 0.00992
-9999 -9999 -9999 -9999 -9999 -9999 -9999 -9999 -9999 -9999 0.04530 0.04284 0.04317 0.04678 0.04460 0.04202 0.04175 0.04044 0.04110 0.04118 0.03999 0.03853 0.03883 0.03856 0.03817 0.03689 0.03741 0.03832 0.03875 0.03752 0.03681 0.03579 0.03450 0.03385 0.03301 0.03239 0.03101 0.03074 0.03033 0.02833 0.02707 0.02546 0.02442 0.02285 0.02213 0.02127 0.02054 0.02063 0.02000 0.01970 0.01922 0.01844 0.01741 0.01709 0.01693 0.01672 0.01604 0.01509 0.01449 0.01383 0.01381 0.01298 0.01284 0.01201 0.01178 0.01305 0.01326 0.01316 0.01274 0.01289 0.01177 0.01018 0.00956
-9999 -9999 -9999 -9999 -9999 -9999 -9999 -9999 -9999 -9999 0.05121 0.04958 0.04696 0.04920 0.04729 0.04491 0.04425 0.04356 0.04278 0.04248 0.04145 0.04074 0.04001 0.04042 0.04001 0.04123 0.04193 0.04162 0.04213 0.04097 0.03976 0.03893 0.03755 0.03690 0.03468 0.03423 0.03299 0.03170 0.03055 0.02938 0.02800 0.02637 0.02588 0.02413 0.02356 0.02209 0.02163 0.02125 0.02105 0.02085 0.02092 0.02001 0.01982 0.01942 0.01923 0.01884 0.01828 0.01787 0.01800 0.01696 0.01682 0.01695 0.01715 0.01748 0.01756 0.01787 0.01769 0.01750 0.01729 0.01435 0.01378 0.01285 0.01195
-9999 -9999 -9999 -9999 -9999 -9999 -9999 -9999 -9999 -9999 -9999 -9999 0.05202 0.04945 0.04883 0.04794 0.04954 0.05020 0.04708 0.04739 0.04627 0.04541 0.04512 0.04491 0.04562 0.04550 0.04502 0.04457 0.04446 0.04461 0.04332 0.04145 0.03998 0.03816 0.03644 0.03559 0.03417 0.03320 0.03199 0.03062 0.02949 0.02757 0.02652 0.02496 0.02447 0.02318 0.02274 0.02241 0.02236 0.02195 0.02169 0.02109 0.02064 0.02036 0.02103 0.02074 0.02010 0.01879 0.01835 0.01805 0.01802 0.01818 0.01852 0.01910 0.01951 0.01972 0.02010 0.02036 0.01989 0.01813 0.01515 0.01323 0.01351
-9999 -9999 -9999 -9999 -9999 -9999 -9999 -9999 -9999 -9999 -9999 -9999 0.05698 0.05468 0.05224 0.05175 0.05208 0.05232 0.04860 0.04827 0.04801 0.04561 0.04641 0.04784 0.04615 0.04702 0.04713 0.04748 0.04696 0.04722 0.04699 0.04457 0.04277 0.04050 0.03800 0.03752 0.03539 0.03371 0.03309 0.03206 0.03125 0.02981 0.02872 0.02730 0.02577 0.02451 0.02383 0.02371 0.02369 0.02348 0.02301 0.02321 0.02242 0.02233 0.02233 0.02201 0.02137 0.02028 0.01993 0.01962 0.01980 0.01965 0.02024 0.02069 0.02144 0.02172 0.02219 0.02221 0.02074 0.01822 0.01753 0.01729 0.01572
-9999 -9999 -9999 -9999 -9999 -9999 -9999 -9999 -9999 -9999 -9999 0.06036 0.05761 0.05836 0.05724 0.05170 0.04894 0.04839 0.04693 0.04607 0.04890 0.04506 0.04704 0.04640 0.04565 0.04628 0.04583 0.04627 0.04826 0.04916 0.04865 0.04659 0.04435 0.04231 0.04016 0.04087 0.03786 0.03599 0.03336 0.03161 0.03090 0.02956 0.02825 0.02707 0.02635 0.02582 0.02557 0.02597 0.02549 0.02521 0.02487 0.02413 0.02377 0.02399 0.02468 0.02365 0.02277 0.02197 0.02164 0.02183 0.02197 0.02216 0.02232 0.02255 0.02307 0.02394 0.02372 0.02233 0.02067 0.01814 0.01599 0.01553 0.01725
-9999 -9999 -9999 -9999 -9999 -9999 -9999 -9999 -9999 -9999 -9999 0.06335 0.06162 0.05921 0.05917 0.05353 0.05160 0.05040 0.04913 0.04891 0.04870 0.04719 0.04753 0.04892 0.04912 0.04828 0.04772 0.04701 0.04884 0.04811 0.04736 0.04634 0.04487 0.04410 0.04127 0.04122 0.04069 0.03758 0.03486 0.03400 0.03287 0.03216 0.03041 0.02828 0.02732 0.02655 0.02651 0.02715 0.02768 0.02805 0.02747 0.02770 0.02670 0.02597 0.02510 0.02477 0.02382 0.02376 0.02349 0.02387 0.02392 0.02403 0.02432 0.02498 0.02565 0.02707 0.02573 0.02544 0.02228 0.01930 0.01940 0.01976 0.01948
-9999 -9999 -9999 -9999 -9999 -9999 -9999 -9999 -9999 -9999 -9999 0.06087 0.05903 0.05851 0.05746 0.05449 0.05256 0.05157 0.05100 0.05027 0.04925 0.04958 0.05082 0.05014 0.05002 0.04951 0.04837 0.04898 0.04884 0.04989 0.04791 0.04738 0.04699 0.04594 0.04270 0.04339 0.04231 0.04110 0.03948 0.03767 0.03609 0.03490 0.03502 0.03170 0.03007 0.02854 0.02873 0.02760 0.02743 0.02753 0.02803 0.02696 0.02644 0.02576 0.02608 0.02629 0.02558 0.02550 0.02639 0.02621 0.02645 0.02650 0.02774 0.02797 0.02996 0.03162 0.03039 0.02866 0.02591 0.02341 0.02483 0.02089 0.02105
