data/hydroclimate-scenarios/BCSD_hadcm_A1B/monthly_summaries/vpd_monthly_avg_dec.2070-2099.asc
ncols	311
nrows	91
xllcenter	102.75
yllcenter	31.75
cellsize	0.5
NODATA_value	-9999
[rows 0 to 32 of 91, columns 0 to 72 of 311]
-9999 -9999 -9999 -9999 -9999 -9999 -9999 -9999 -9999 -9999 -9999 -9999 -9999 -9999 -9999 -9999 -9999 -9999 -9999 -9999 -9999 -9999 -9999 -9999 -9999 -9999 -9999 -9999 -9999 -9999 -9999 -9999 -9999 -9999 -9999 -9999 -9999 -9999 -9999 -9999 -9999 -9999 -9999 -9999 -9999 -9999 -9999 -9999 -9999 -9999 -9999 -9999 -9999 -9999 -9999 -9999 -9999 -9999 -9999 -9999 -9999 -9999 -9999 -9999 -9999 -9999 -9999 -9999 -9999 -9999 -9999 -9999 -9999
-9999 -9999 -9999 -9999 -9999 -9999 -9999 -9999 -9999 -9999 -9999 -9999 -9999 -9999 -9999 -9999 -9999 -9999 -9999 -9999 -9999 -9999 -9999 -9999 -9999 -9999 -9999 -9999 -9999 -9999 -9999 -9999 -9999 -9999 -9999 -9999 -9999 -9999 -9999 -9999 -9999 -9999 -9999 -9999 -9999 -9999 -9999 -9999 -9999 -9999 -9999 -9999 -9999 -9999 -9999 -9999 -9999 -9999 -9999 -9999 -9999 -9999 -9999 -9999 -9999 -9999 -9999 -9999 -9999 -9999 -9999 -9999 -9999
-9999 -9999 -9999 -9999 -9999 -9999 -9999 -9999 -9999 -9999 -9999 -9999 -9999 -9999 -9999 -9999 -9999 -9999 -9999 -9999 -9999 -9999 -9999 -9999 -9999 -9999 -9999 -9999 -9999 -9999 -9999 -9999 -9999 -9999 -9999 -9999 -9999 -9999 -9999 -9999 -9999 -9999 -9999 -9999 -9999 -9999 -9999 -9999 -9999 -9999 -9999 -9999 -9999 -9999 -9999 -9999 -9999 -9999 -9999 -9999 -9999 -9999 -9999 -9999 -9999 -9999 -9999 -9999 -9999 -9999 -9999 -9999 -9999
-9999 -9999 -9999 -9999 -9999 -9999 -9999 -9999 -9999 -9999 -9999 -9999 -9999 -9999 -9999 -9999 -9999 -9999 -9999 -9999 -9999 -9999 -9999 -9999 -9999 -9999 -9999 -9999 -9999 -9999 -9999 -9999 -9999 -9999 -9999 -9999 -9999 -9999 -9999 -9999 -9999 -9999 -9999 -9999 -9999 -9999 -9999 -9999 -9999 -9999 -9999 -9999 -9999 -9999 -9999 -9999 -9999 -9999 -9999 -9999 -9999 -9999 -9999 -9999 -9999 -9999 -9999 -9999 -9999 -9999 -9999 -9999 -9999
-9999 -9999 -9999 -9999 -9999 -9999 -9999 -9999 -9999 -9999 -9999 -9999 -9999 -9999 -9999 -9999 -9999 -9999 -9999 -9999 -9999 -9999 -9999 -9999 -9999 -9999 -9999 -9999 -9999 -9999 -9999 -9999 -9999 -9999 -9999 -9999 -9999 -9999 -9999 -9999 -9999 -9999 -9999 -9999 -9999 -9999 -9999 -9999 -9999 -9999 -9999 -9999 -9999 -9999 -9999 -9999 -9999 -9999 -9999 -9999 -9999 -9999 -9999 -9999 -9999 -9999 -9999 -9999 -9999 -9999 -9999 -9999 -9999
-9999 -9999 -9999 -9999 -9999 -9999 -9999 -9999 -9999 -9999 -9999 -9999 -9999 -9999 -9999 -9999 -9999 -9999 -9999 -9999 -9999 -9999 -9999 -9999 -9999 -9999 -9999 -9999 -9999 -9999 -9999 -9999 -9999 -9999 -9999 -9999 -9999 -9999 -9999 -9999 -9999 -9999 -9999 -9999 -9999 -9999 -9999 -9999 -9999 -9999 -9999 -9999 -9999 -9999 -9999 -9999 -9999 -9999 -9999 -9999 -9999 -9999 -9999 -9999 -9999 -9999 -9999 -9999 -9999 -9999 -9999 -9999 -9999
-9999 -9999 -9999 -9999 -9999 -9999 -9999 -9999 -9999 -9999 -9999 -9999 -9999 -9999 -9999 -9999 -9999 -9999 -9999 -9999 -9999 -9999 -9999 -9999 -9999 -9999 -9999 -9999 -9999 -9999 -9999 -9999 -9999 -9999 -9999 -9999 -9999 -9999 -9999 -9999 -9999 -9999 -9999 -9999 -9999 -9999 -9999 -9999 -9999 -9999 -9999 -9999 -9999 -9999 -9999 -9999 -9999 -9999 -9999 -9999 -9999 -9999 -9999 -9999 -9999 -9999 -9999 -9999 -9999 -9999 -9999 -9999 -9999
-9999 -9999 -9999 -9999 -9999 -9999 -9999 -9999 -9999 -9999 -9999 -9999 -9999 -9999 -9999 -9999 -9999 -9999 -9999 -9999 -9999 -9999 -9999 -9999 -9999 -9999 -9999 -9999 -9999 -9999 -9999 -9999 -9999 -9999 -9999 -9999 -9999 -9999 -9999 -9999 -9999 -9999 0.01293 0.01240 0.01184 0.01155 0.01125 0.01083 0.01053 0.01017 0.00990 0.01007 -9999 -9999 -9999 -9999 -9999 -9999 -9999 -9999 -9999 -9999 -9999 -9999 -9999 -9999 -9999 -9999 -9999 -9999 -9999 -9999 -9999
-9999 -9999 -9999 -9999 -9999 -9999 -9999 -9999 -9999 -9999 -9999 -9999 -9999 -9999 -9999 -9999 -9999 -9999 -9999 -9999 -9999 -9999 -9999 -9999 -9999 -9999 -9999 -9999 -9999 -9999 -9999 -9999 -9999 -9999 -9999 -9999 -9999 -9999 0.01386 0.01309 0.01315 0.01288 0.01255 0.01225 0.01190 0.01169 0.01122 0.01084 0.01056 0.01020 0.00994 0.00999 0.01025 0.01883 -9999 -9999 -9999 -9999 -9999 -9999 -9999 -9999 -9999 -9999 -9999 -9999 -9999 -9999 -9999 -9999 -9999 -9999 -9999
-9999 -9999 -9999 -9999 -9999 -9999 -9999 -9999 -9999 -9999 -9999 -9999 -9999 -9999 -9999 -9999 -9999 -9999 -9999 -9999 -9999 -9999 -9999 -9999 -9999 -9999 -9999 -9999 -9999 -9999 -9999 -9999 -9999 -9999 -9999 -9999 -9999 -9999 -9999 -9999 0.01321 0.01316 0.01232 0.01170 0.01164 0.01096 0.01098 0.01082 0.01043 0.00993 0.00979 0.01034 0.01021 0.01813 -9999 -9999 -9999 -9999 -9999 -9999 -9999 -9999 -9999 -9999 -9999 -9999 -9999 -9999 -9999 -9999 -9999 -9999 -9999
-9999 -9999 -9999 -9999 -9999 -9999 -9999 -9999 -9999 -9999 -9999 -9999 -9999 -9999 -9999 -9999 -9999 -9999 -9999 -9999 -9999 -9999 -9999 -9999 -9999 -9999 -9999 -9999 -9999 -9999 -9999 -9999 -9999 -9999 -9999 -9999 -9999 -9999 -9999 -9999 -9999 -9999 -9999 -9999 0.01144 0.01088 0.01016 0.01005 0.01002 0.00994 0.00975 0.00934 0.00983 0.01695 -9999 -9999 -9999 -9999 -9999 -9999 0.00982 -9999 -9999 -9999 -9999 -9999 -9999 -9999 -9999 -9999 -9999 -9999 -9999
-9999 -9999 -9999 -9999 -9999 -9999 -9999 -9999 -9999 -9999 -9999 -9999 -9999 -9999 -9999 -9999 -9999 -9999 -9999 -9999 -9999 -9999 -9999 -9999 -9999 -9999 -9999 -9999 -9999 -9999 -9999 -9999 -9999 -9999 -9999 -9999 -9999 -9999 -9999 -9999 -9999 0.01183 0.01150 0.01086 0.01064 0.01086 0.01039 0.00974 0.01007 0.00995 0.00946 0.00918 0.00969 0.00980 -9999 -9999 -9999 -9999 -9999 0.00963 0.00946 0.00940 0.00931 0.00910 0.00907 0.00955 0.01036 0.01129 0.01215 0.01304 0.01383 0.01472 0.01525
-9999 -9999 -9999 -9999 -9999 -9999 -9999 -9999 -9999 -9999 -9999 -9999 -9999 -9999 -9999 -9999 -9999 -9999 -9999 -9999 -9999 -9999 -9999 -9999 -9999 -9999 -9999 -9999 -9999 -9999 -9999 -9999 -9999 -9999 -9999 -9999 -9999 -9999 -9999 -9999 -9999 0.01164 0.01131 0.01113 0.01112 0.01096 0.01072 0.01053 0.01015 0.01010 0.00970 0.00878 0.00874 0.00897 0.00914 0.00884 0.00937 -9999 0.00953 0.00933 0.00921 0.00903 0.00887 0.00874 0.00872 0.00912 0.00951 0.01018 0.01073 0.01124 0.01192 0.01259 0.01313
-9999 -9999 -9999 -9999 -9999 -9999 -9999 -9999 -9999 -9999 -9999 -9999 -9999 -9999 -9999 -9999 -9999 -9999 -9999 -9999 -9999 -9999 -9999 -9999 -9999 -9999 -9999 -9999 -9999 -9999 -9999 -9999 -9999 -9999 -9999 0.01463 0.01418 0.01332 0.01306 0.01279 0.01252 0.01221 0.01189 0.01149 0.01133 0.01111 0.01086 0.01072 0.01031 0.00980 0.00918 0.00862 0.00788 0.00815 0.00806 0.00784 0.00855 0.00897 0.00909 0.00911 0.00900 0.00876 0.00876 0.00780 0.00805 0.00880 0.00884 0.00925 0.00966 0.01003 0.01026 0.01077 0.01073
-9999 -9999 -9999 -9999 -9999 -9999 -9999 -9999 -9999 -9999 -9999 -9999 -9999 -9999 -9999 -9999 -9999 -9999 -9999 -9999 -9999 -9999 -9999 -9999 -9999 -9999 -9999 -9999 -9999 -9999 -9999 -9999 -9999 -9999 0.01521 0.01428 0.01399 0.01344 0.01316 0.01327 0.01284 0.01254 0.01244 0.01207 0.01184 0.01157 0.01135 0.01050 0.00982 0.00885 0.00830 0.00797 0.00730 0.00690 0.00708 0.00750 0.00806 0.00840 0.00887 0.00875 0.00844 0.00801 0.00779 0.00739 0.00814 0.00829 0.00827 0.00831 0.00773 0.00815 0.00798 0.00820 0.00833
-9999 -9999 -9999 -9999 -9999 -9999 -9999 -9999 -9999 -9999 -9999 -9999 -9999 -9999 -9999 -9999 -9999 -9999 -9999 -9999 -9999 -9999 -9999 -9999 -9999 -9999 -9999 -9999 -9999 -9999 -9999 -9999 -9999 0.01556 0.01520 0.01471 0.01438 0.01384 0.01370 0.01362 0.01305 0.01268 0.01239 0.01217 0.01176 0.01140 0.01085 0.01018 0.00892 0.00810 0.00738 0.00669 0.00583 0.00640 0.00689 0.00722 0.00718 0.00796 0.00825 0.00794 0.00758 0.00773 0.00790 0.00799 0.00796 0.00774 0.00752 0.00755 0.00763 0.00775 0.00777 0.00799 0.00808
-9999 -9999 -9999 -9999 -9999 -9999 -9999 -9999 -9999 -9999 -9999 -9999 -9999 -9999 -9999 -9999 -9999 -9999 -9999 -9999 -9999 -9999 -9999 -9999 -9999 -9999 -9999 -9999 -9999 -9999 -9999 0.01698 0.01665 0.01598 0.01561 0.01498 0.01463 0.01432 0.01406 0.01407 0.01354 0.01329 0.01290 0.01270 0.01205 0.01134 0.01095 0.01048 0.00934 0.00829 0.00740 0.00667 0.00554 0.00607 0.00644 0.00680 0.00741 0.00747 0.00693 0.00706 0.00732 0.00749 0.00741 0.00776 0.00756 0.00724 0.00732 0.00748 0.00774 0.00710 0.00685 0.00677 0.00777
-9999 -9999 -9999 -9999 -9999 -9999 -9999 -9999 -9999 -9999 -9999 -9999 -9999 -9999 -9999 -9999 -9999 -9999 -9999 -9999 -9999 -9999 -9999 -9999 -9999 -9999 -9999 -9999 -9999 0.01839 0.01800 0.01689 0.01654 0.01615 0.01576 0.01525 0.01477 0.01466 0.01437 0.01455 0.01424 0.01358 0.01320 0.01295 0.01213 0.01123 0.01071 0.00993 0.00832 0.00758 0.00687 0.00587 0.00531 0.00585 0.00579 0.00616 0.00694 0.00678 0.00698 0.00734 0.00712 0.00689 0.00683 0.00684 0.00705 0.00704 0.00662 0.00641 0.00659 0.00678 0.00715 0.00639 0.00548
-9999 -9999 -9999 -9999 -9999 -9999 -9999 -9999 -9999 -9999 -9999 -9999 -9999 -9999 -9999 -9999 -9999 -9999 -9999 -9999 -9999 -9999 -9999 -9999 0.02031 0.01953 0.01990 0.01975 0.01946 0.01839 0.01785 0.01735 0.01677 0.01645 0.01559 0.01555 0.01500 0.01440 0.01412 0.01420 0.01417 0.01390 0.01352 0.01324 0.01238 0.01149 0.01094 0.00957 0.00822 0.00752 0.00715 0.00580 0.00561 0.00601 0.00630 0.00643 0.00681 0.00677 0.00649 0.00670 0.00690 0.00681 0.00689 0.00688 0.00692 0.00663 0.00694 0.00723 0.00715 0.00684 0.00588 0.00583 0.00548
-9999 -9999 -9999 -9999 -9999 -9999 0.02602 0.02670 0.02698 0.02694 0.02698 -9999 -9999 -9999 -9999 -9999 -9999 -9999 -9999 -9999 -9999 0.02205 0.02084 0.02036 0.01998 0.01976 0.01941 0.01916 0.01891 0.01883 0.01876 0.01789 0.01733 0.01651 0.01582 0.01555 0.01488 0.01466 0.01444 0.01446 0.01426 0.01400 0.01364 0.01294 0.01211 0.01137 0.01088 0.00969 0.00822 0.00743 0.00667 0.00595 0.00542 0.00582 0.00653 0.00660 0.00645 0.00640 0.00674 0.00680 0.00659 0.00652 0.00625 0.00616 0.00614 0.00687 0.00728 0.00692 0.00709 0.00722 0.00707 0.00607 0.00552
-9999 -9999 -9999 -9999 -9999 0.02657 0.02606 0.02556 0.02605 0.02614 0.02661 0.02528 0.02552 0.02471 -9999 -9999 -9999 0.02360 0.02253 0.02241 0.02187 0.02159 0.02086 0.02124 0.02050 0.02050 0.02035 0.02049 0.01985 0.01980 0.01934 0.01888 0.01842 0.01810 0.01715 0.01635 0.01578 0.01531 0.01504 0.01512 0.01457 0.01439 0.01389 0.01332 0.01248 0.01153 0.01026 0.00884 0.00800 0.00731 0.00668 0.00614 0.00609 0.00632 0.00650 0.00634 0.00628 0.00651 0.00690 0.00660 0.00656 0.00635 0.00624 0.00646 0.00602 0.00554 0.00596 0.00607 0.00644 0.00651 0.00659 0.00596 0.00569
-9999 0.02581 0.02611 0.02647 0.02610 0.02632 0.02579 0.02568 0.02541 0.02597 0.02573 0.02560 0.02494 0.02501 0.02499 0.02512 0.02558 0.02328 0.02255 0.02295 0.02265 0.02259 0.02209 0.02254 0.02217 0.02106 0.02087 0.02049 0.02019 0.01992 0.02001 0.01961 0.01896 0.01862 0.01764 0.01687 0.01607 0.01530 0.01517 0.01513 0.01453 0.01420 0.01383 0.01347 0.01255 0.01176 0.01047 0.00926 0.00836 0.00748 0.00685 0.00597 0.00591 0.00552 0.00570 0.00573 0.00604 0.00672 0.00641 0.00636 0.00657 0.00613 0.00577 0.00592 0.00551 0.00562 0.00606 0.00573 0.00625 0.00587 0.00541 0.00490 0.00510
-9999 0.02488 0.02609 0.02620 0.02664 0.02731 0.02751 0.02727 0.02723 0.02750 0.02716 0.02716 0.02640 0.02671 0.02671 0.02556 0.02487 0.02378 0.02394 0.02368 0.02317 0.02262 0.02231 0.02326 0.02272 0.02274 0.02243 0.02152 0.02144 0.02124 0.02059 0.02088 0.02003 0.01979 0.01895 0.01804 0.01734 0.01646 0.01611 0.01542 0.01494 0.01469 0.01438 0.01345 0.01285 0.01215 0.01121 0.00984 0.00878 0.00795 0.00741 0.00646 0.00625 0.00530 0.00516 0.00567 0.00605 0.00614 0.00623 0.00595 0.00616 0.00591 0.00573 0.00590 0.00572 0.00565 0.00555 0.00584 0.00597 0.00597 0.00591 0.00530 0.00487
-9999 -9999 -9999 0.02565 0.02598 0.02747 0.02741 0.02821 0.02790 0.02913 0.02802 0.02929 0.02897 0.02882 0.02756 0.02659 0.02582 0.02572 0.02486 0.02438 0.02387 0.02330 0.02322 0.02325 0.02357 0.02348 0.02315 0.02289 0.02310 0.02231 0.02205 0.02158 0.02095 0.02072 0.01993 0.01893 0.01780 0.01690 0.01640 0.01593 0.01532 0.01484 0.01449 0.01394 0.01316 0.01262 0.01153 0.01040 0.00943 0.00859 0.00750 0.00675 0.00617 0.00551 0.00562 0.00542 0.00590 0.00596 0.00575 0.00575 0.00608 0.00554 0.00554 0.00549 0.00571 0.00593 0.00612 0.00588 0.00562 0.00544 0.00547 0.00541 0.00540
-9999 -9999 -9999 -9999 -9999 -9999 0.02785 0.02883 0.02819 0.02941 0.02934 0.02972 0.02961 0.02971 0.02943 0.02808 0.02700 0.02626 0.02616 0.02558 0.02566 0.02458 0.02469 0.02452 0.02438 0.02367 0.02404 0.02413 0.02418 0.02341 0.02295 0.02221 0.02173 0.02104 0.02082 0.01983 0.01855 0.01748 0.01695 0.01611 0.01574 0.01526 0.01491 0.01439 0.01385 0.01330 0.01262 0.01071 0.01016 0.00876 0.00758 0.00664 0.00623 0.00663 0.00597 0.00569 0.00582 0.00536 0.00506 0.00537 0.00509 0.00507 0.00506 0.00506 0.00541 0.00543 0.00610 0.00587 0.00562 0.00563 0.00549 0.00546 0.00561
-9999 -9999 -9999 -9999 -9999 -9999 0.02929 0.02900 0.02986 0.02938 0.03001 0.03008 0.03040 0.03106 0.03029 0.02866 0.02830 0.02707 0.02658 0.02626 0.02592 0.02528 0.02513 0.02473 0.02451 0.02509 0.02522 0.02533 0.02506 0.02449 0.02357 0.02303 0.02233 0.02161 0.02074 0.01999 0.01907 0.01805 0.01740 0.01654 0.01605 0.01559 0.01528 0.01484 0.01451 0.01397 0.01358 0.01278 0.01162 0.01073 0.00951 0.00854 0.00793 0.00727 0.00692 0.00725 0.00669 0.00597 0.00605 0.00565 0.00485 0.00491 0.00494 0.00523 0.00527 0.00590 0.00598 0.00618 0.00622 0.00603 0.00562 0.00561 0.00560
-9999 -9999 -9999 -9999 -9999 -9999 -9999 -9999 -9999 -9999 0.03188 0.03029 0.03031 0.03179 0.03096 0.02946 0.02891 0.02752 0.02768 0.02729 0.02665 0.02637 0.02616 0.02602 0.02560 0.02504 0.02533 0.02625 0.02545 0.02504 0.02456 0.02352 0.02286 0.02223 0.02171 0.02112 0.02002 0.01881 0.01808 0.01731 0.01682 0.01640 0.01614 0.01604 0.01544 0.01518 0.01465 0.01379 0.01333 0.01272 0.01202 0.01148 0.01064 0.01003 0.00973 0.00927 0.00894 0.00828 0.00779 0.00746 0.00742 0.00685 0.00687 0.00639 0.00626 0.00681 0.00691 0.00699 0.00667 0.00684 0.00637 0.00569 0.00540
-9999 -9999 -9999 -9999 -9999 -9999 -9999 -9999 -9999 -9999 0.03405 0.03339 0.03169 0.03320 0.03238 0.03035 0.02977 0.02880 0.02847 0.02788 0.02744 0.02737 0.02690 0.02624 0.02577 0.02687 0.02685 0.02725 0.02665 0.02617 0.02513 0.02458 0.02357 0.02308 0.02191 0.02130 0.02036 0.01950 0.01866 0.01778 0.01736 0.01699 0.01661 0.01660 0.01609 0.01576 0.01524 0.01463 0.01424 0.01353 0.01320 0.01218 0.01190 0.01110 0.01081 0.01017 0.00964 0.00928 0.00906 0.00856 0.00846 0.00835 0.00825 0.00813 0.00829 0.00839 0.00835 0.00842 0.00838 0.00740 0.00717 0.00678 0.00645
-9999 -9999 -9999 -9999 -9999 -9999 -9999 -9999 -9999 -9999 -9999 -9999 0.03411 0.03205 0.03209 0.03218 0.03267 0.03264 0.03115 0.03044 0.03031 0.02934 0.02908 0.02915 0.02910 0.02910 0.02831 0.02774 0.02735 0.02753 0.02715 0.02589 0.02479 0.02399 0.02268 0.02218 0.02155 0.02042 0.02003 0.01880 0.01862 0.01830 0.01799 0.01799 0.01768 0.01723 0.01674 0.01602 0.01562 0.01503 0.01434 0.01336 0.01237 0.01164 0.01150 0.01107 0.01044 0.00979 0.00926 0.00910 0.00886 0.00873 0.00862 0.00860 0.00883 0.00897 0.00919 0.00943 0.00942 0.00904 0.00791 0.00719 0.00726
-9999 -9999 -9999 -9999 -9999 -9999 -9999 -9999 -9999 -9999 -9999 -9999 0.03529 0.03402 0.03314 0.03318 0.03310 0.03278 0.03106 0.03084 0.03040 0.02888 0.02907 0.02965 0.02830 0.02877 0.02875 0.02839 0.02768 0.02787 0.02799 0.02623 0.02566 0.02444 0.02298 0.02270 0.02185 0.02057 0.02018 0.01969 0.01968 0.01935 0.01935 0.01928 0.01867 0.01826 0.01779 0.01720 0.01665 0.01566 0.01499 0.01401 0.01328 0.01224 0.01177 0.01121 0.01093 0.01025 0.00986 0.00958 0.00923 0.00913 0.00909 0.00906 0.00918 0.00943 0.00977 0.00991 0.00972 0.00899 0.00891 0.00914 0.00863
-9999 -9999 -9999 -9999 -9999 -9999 -9999 -9999 -9999 -9999 -9999 0.03612 0.03482 0.03685 0.03644 0.03400 0.03303 0.03295 0.03229 0.03134 0.03283 0.03023 0.03010 0.02945 0.02888 0.02787 0.02755 0.02697 0.02740 0.02806 0.02771 0.02741 0.02690 0.02638 0.02537 0.02566 0.02420 0.02336 0.02213 0.02079 0.02094 0.02049 0.01988 0.01984 0.01939 0.01946 0.01936 0.01894 0.01836 0.01696 0.01628 0.01467 0.01395 0.01324 0.01290 0.01220 0.01170 0.01127 0.01099 0.01070 0.01024 0.00995 0.01014 0.01003 0.01018 0.01046 0.01073 0.01068 0.01039 0.00981 0.00917 0.00914 0.01002
-9999 -9999 -9999 -9999 -9999 -9999 -9999 -9999 -9999 -9999 -9999 0.03702 0.03650 0.03685 0.03708 0.03462 0.03390 0.03355 0.03312 0.03213 0.03217 0.03065 0.02999 0.03005 0.02915 0.02812 0.02752 0.02662 0.02721 0.02692 0.02661 0.02699 0.02630 0.02711 0.02613 0.02644 0.02597 0.02457 0.02301 0.02280 0.02226 0.02135 0.02065 0.02028 0.01985 0.01973 0.01964 0.01959 0.01949 0.01820 0.01750 0.01596 0.01516 0.01414 0.01328 0.01286 0.01226 0.01210 0.01184 0.01128 0.01094 0.01064 0.01056 0.01056 0.01083 0.01149 0.01157 0.01199 0.01121 0.01058 0.01122 0.01170 0.01192
-9999 -9999 -9999 -9999 -9999 -9999 -9999 -9999 -9999 -9999 -9999 0.03674 0.03592 0.03641 0.03600 0.03505 0.03465 0.03467 0.03428 0.03377 0.03254 0.03180 0.03160 0.03002 0.02933 0.02794 0.02732 0.02636 0.02650 0.02708 0.02655 0.02679 0.02680 0.02737 0.02676 0.02739 0.02693 0.02631 0.02521 0.02441 0.02380 0.02341 0.02275 0.02188 0.02146 0.02075 0.02047 0.02004 0.01962 0.01834 0.01765 0.01591 0.01500 0.01399 0.01368 0.01348 0.01306 0.01323 0.01296 0.01211 0.01177 0.01173 0.01160 0.01148 0.01226 0.01339 0.01389 0.01372 0.01338 0.01294 0.01462 0.01315 0.01356
