data/hydroclimate-scenarios/BCSD_hadcm_A1B/monthly_summaries/vpd_monthly_avg_jul.2070-2099.asc
ncols	311
nrows	91
xllcenter	102.75
yllcenter	31.75
cellsize	0.5
NODATA_value	-9999
[rows 33 to 65 of 91, columns 0 to 72 of 311]
-9999 -9999 -9999 -9999 -9999 -9999 -9999 -9999 -9999 -9999 -9999 1.35464 1.30365 1.30565 1.27149 1.26393 1.24779 1.24243 1.25052 1.22790 1.22166 1.24197 1.26627 1.25629 1.22909 1.21943 1.21139 1.24357 1.29169 1.37211 1.32224 1.32544 1.32185 1.34596 1.35816 1.36520 1.34486 1.30927 1.28364 1.18220 1.23331 1.15578 1.19694 1.17436 1.14432 1.11695 1.10624 1.12910 1.13714 1.14289 1.15754 1.18198 1.18904 1.22854 1.26287 1.28147 1.27903 1.28110 1.29030 1.29361 1.29761 1.29601 1.34641 1.36029 1.30845 1.19594 1.12235 1.02184 0.94786 0.84406 0.84943 0.73264 0.75833
-9999 -9999 -9999 -9999 -9999 -9999 -9999 -9999 -9999 -9999 -9999 -9999 1.32952 1.32186 1.31218 1.29641 1.28391 1.27756 1.27991 1.26515 1.25001 1.22883 1.19366 1.17638 1.15678 1.06289 1.09651 1.08907 1.18882 1.24261 1.27105 1.36877 1.35758 1.35127 1.33726 1.31603 1.28983 1.27234 1.24586 1.18778 1.16957 1.14400 1.13986 1.18598 1.15869 1.11823 1.13028 1.14765 1.15266 1.17020 1.20243 1.18096 1.18767 1.22438 1.21978 1.23917 1.25665 1.29105 1.28841 1.31366 1.32610 1.31240 1.27998 1.24500 1.21854 1.15264 1.10937 0.98368 0.83963 0.76612 0.82391 0.78086 0.77139
-9999 -9999 -9999 -9999 -9999 -9999 -9999 -9999 -9999 -9999 -9999 -9999 1.34007 1.35028 1.32112 1.32073 1.33184 1.31842 1.29955 1.25436 1.24701 1.12424 1.09267 1.07831 1.01974 1.07679 1.11063 1.03961 1.13007 1.14229 1.15931 1.21058 1.31837 1.35121 1.33683 1.29841 1.25827 1.27520 1.25332 1.20269 1.17594 1.11631 1.11302 1.14228 1.15631 1.13544 1.15163 1.13239 1.14442 1.11752 1.13038 1.16751 1.17908 1.20520 1.24970 1.27121 1.29267 1.32524 1.31991 1.31932 1.30253 1.20744 1.16524 1.12975 1.13262 1.12928 1.04306 0.95717 0.86692 0.79944 0.75747 0.76155 0.74355
-9999 -9999 -9999 -9999 -9999 -9999 -9999 -9999 -9999 -9999 -9999 -9999 1.34240 1.37590 1.36303 1.36369 1.34486 1.30297 1.26204 1.20537 1.18257 1.10679 1.09409 1.05576 1.06096 1.02207 1.06560 1.14998 1.11938 1.18515 1.20950 1.29865 1.26841 1.25945 1.33190 1.32844 1.29936 1.25923 1.26702 1.21329 1.12293 1.04963 1.08449 1.11151 1.10316 1.06876 1.06763 1.03136 1.06198 1.12312 1.14086 1.16106 1.19346 1.20210 1.25762 1.27940 1.28813 1.29971 1.27091 1.26118 1.24891 1.14995 1.14468 1.15444 1.08139 1.01657 0.96805 0.92149 0.81217 0.78731 0.75161 0.72425 0.69895
-9999 -9999 -9999 1.33357 1.34725 1.33334 1.35524 1.37389 1.33573 -9999 1.36353 1.36029 1.40388 1.40566 1.39344 1.37431 1.32427 1.31303 1.22310 1.18813 1.18398 1.16141 1.13268 1.11633 1.09719 1.09204 1.13321 1.07615 1.09545 1.01163 1.12832 1.24640 1.20730 1.09600 1.19959 1.22717 1.18574 1.17290 1.16633 1.18602 1.16469 1.08201 1.09478 1.09580 1.05210 0.98973 0.94437 1.02157 1.04368 1.06506 1.06046 1.06783 1.05962 1.01797 1.08744 1.02908 1.00902 1.21058 1.12648 1.21203 1.23972 1.14846 1.11582 1.07253 1.05521 1.00477 0.92880 0.85519 0.81512 0.75159 0.70077 0.66036 0.62706
-9999 -9999 -9999 1.35929 1.35771 1.36642 1.34368 1.35388 1.37022 1.37949 1.41204 1.46056 1.40735 1.39458 1.32741 1.25465 1.20211 1.20458 1.17677 1.20172 1.21112 1.13041 1.18962 1.21625 1.14996 1.15361 1.11712 1.09119 1.03703 0.97351 1.06864 1.07542 1.08782 1.04322 1.08340 1.08592 1.08349 1.00896 1.11691 1.03719 1.01793 1.06016 1.08510 1.02214 0.98001 0.91001 0.91099 1.03378 0.97661 0.97005 0.95943 0.97407 0.95685 0.98058 1.09026 1.03141 1.12083 1.14611 1.07720 1.09741 1.10344 1.06521 1.03398 1.01754 0.97228 0.98763 0.93025 0.91603 0.81969 0.74363 0.66560 0.62848 0.58302
-9999 -9999 -9999 1.36793 1.36788 1.33999 1.32422 1.35908 1.41210 1.44969 1.43475 1.41909 1.35306 1.26845 1.16477 1.18772 1.14121 1.15240 1.19797 1.22154 1.19172 1.10798 1.13486 1.09410 1.03269 1.09066 1.08250 1.05943 1.06948 0.94728 0.86319 0.93760 1.03574 1.04315 1.01410 1.03925 1.07180 1.07900 1.08146 1.03880 1.01070 1.01934 1.04685 1.03302 1.04999 0.98384 0.97029 0.97020 0.96537 0.92388 0.90504 0.99670 0.98406 1.02027 1.07213 1.07327 1.11112 1.15789 1.08974 1.07749 1.10977 1.09027 1.09010 0.99453 0.97165 0.93818 0.88173 0.81727 0.70375 0.65048 0.59068 0.58264 0.56820
-9999 -9999 -9999 1.34925 1.42913 1.33341 1.38224 1.34561 1.35196 1.35702 1.40211 1.42356 1.27250 1.19022 1.16165 1.14314 1.10207 1.06640 1.09904 1.14503 1.06889 0.99229 0.92291 0.97619 1.00800 1.05814 1.08627 1.07934 0.94798 0.85997 0.90674 1.10045 1.01169 0.89958 0.90028 0.95527 1.04795 1.13005 1.05874 1.08080 1.03597 0.94485 0.90593 0.95857 1.06337 0.97532 0.93088 1.00727 0.92644 0.96632 0.90796 0.96636 0.96997 0.94920 1.00889 1.04758 1.06944 1.04543 1.01513 1.01885 0.93802 1.01565 1.00630 0.97398 0.92691 0.89854 0.82521 0.75008 0.64191 0.59096 0.57710 0.56299 -9999
-9999 -9999 -9999 1.36652 1.44372 1.31383 1.33052 1.33763 1.28063 1.33312 1.42448 1.33257 1.20061 1.13169 1.04389 1.06304 1.02204 1.06906 1.15597 1.20981 1.11100 1.03252 0.96914 1.07795 1.09689 1.13426 1.20018 1.12052 0.99948 0.91253 0.90144 0.96123 0.92685 0.96228 0.99415 1.00806 1.00480 1.07876 1.10005 1.07789 1.01540 0.95572 0.91985 0.92793 0.98757 0.98721 0.97641 0.98228 0.96407 0.95340 0.94619 1.02235 0.98425 0.92402 1.03361 0.95857 1.06316 1.07596 1.01688 0.93664 0.94576 0.95688 0.95896 0.87389 0.84134 0.86446 0.78704 0.69564 0.63020 0.61751 0.59572 -9999 -9999
-9999 -9999 -9999 -9999 1.29908 1.27146 1.29699 1.24922 1.24037 1.28243 1.40184 1.33426 1.05482 1.18636 -9999 -9999 -9999 -9999 -9999 0.94890 0.94104 0.98254 0.93064 0.88401 0.95490 1.01441 1.17230 1.10808 1.04831 1.05823 1.01198 0.99050 0.97001 1.04211 1.12800 1.14715 1.10473 1.16031 1.13217 1.10623 1.11568 1.07029 1.01096 0.96865 0.99218 1.00172 0.99014 0.93758 0.98295 1.02777 0.98435 0.98490 1.03508 0.95435 0.95628 0.92480 0.91648 0.93523 0.93474 0.95862 0.92031 0.87825 0.86877 0.87960 0.85254 0.80025 0.77702 0.77830 0.74333 -9999 -9999 -9999 -9999
-9999 -9999 1.31333 1.27384 1.26245 1.30117 1.28285 1.18859 1.27625 1.30216 1.39833 1.28693 1.06512 -9999 -9999 -9999 -9999 -9999 0.85286 0.94043 0.93717 1.03930 1.04302 0.97491 1.00551 1.03401 1.18623 1.19662 1.16107 1.14733 1.09592 1.06669 1.07846 1.08643 1.11633 1.19663 1.15152 1.17099 1.13707 1.13735 1.08945 1.07738 1.03907 1.05301 1.08028 1.05976 1.04230 1.04637 1.08859 1.14936 1.12842 1.10754 1.07962 1.12093 1.05997 1.10775 1.03547 0.96438 0.95499 1.03712 1.01638 0.97902 0.95218 0.91761 0.91706 0.89688 0.86980 -9999 -9999 -9999 -9999 -9999 -9999
-9999 -9999 1.26053 1.26198 1.31496 1.32051 1.34107 1.21326 1.25588 1.33935 1.29306 1.24295 1.26090 -9999 -9999 -9999 -9999 1.09072 0.91568 1.02568 1.01317 1.05676 1.05182 1.08473 1.15315 1.24350 1.22094 1.17641 1.18645 1.20314 1.15617 1.06904 1.13084 1.16559 1.15238 1.17461 1.19965 1.20805 1.12713 1.06296 1.08839 1.02941 1.01369 1.04674 1.02766 1.07383 1.10674 1.07128 1.19336 1.16415 1.18650 1.19329 1.19350 1.19082 1.18498 1.27814 1.23188 1.05990 1.00942 1.07201 1.08280 0.98543 1.01007 1.05207 1.05244 -9999 -9999 -9999 -9999 -9999 0.77939 -9999 -9999
-9999 -9999 1.26724 1.20530 1.23855 1.25040 1.28624 1.26139 1.25642 1.28528 1.20856 1.18788 1.36068 -9999 -9999 -9999 -9999 0.95079 0.97420 1.02422 1.03023 1.11325 1.17262 1.20918 1.19051 1.23092 1.16270 1.20544 1.17719 1.19000 1.13809 1.12863 1.11283 1.11467 1.16330 1.15312 1.14655 1.14146 1.10390 1.14752 1.12115 1.13769 1.10700 1.04673 1.07126 1.04580 1.05765 1.05744 1.12237 1.14074 1.23038 1.20396 1.18700 1.17119 1.18144 1.32126 1.30867 1.16696 1.15183 1.16449 1.22803 1.20605 1.17453 1.08301 0.98433 0.94401 0.99811 0.90055 0.92867 -9999 -9999 -9999 0.74881
-9999 -9999 -9999 1.20603 1.19243 1.21948 1.26946 1.35597 1.30090 1.23709 1.34053 1.30511 -9999 -9999 -9999 -9999 1.03713 0.99397 1.07519 1.10119 1.12882 1.20434 1.17895 1.18821 1.17695 1.17984 1.17412 1.17042 1.18071 1.07821 1.08445 1.14634 1.19441 1.18938 1.19052 1.21811 1.25550 1.27191 1.27640 1.27130 1.23045 1.21706 1.15006 1.15066 1.20215 1.17660 1.21011 1.23872 1.21081 1.22542 1.17073 1.20040 1.23443 1.18914 1.14073 1.15830 1.17454 1.10386 1.11569 1.17817 1.17431 1.15503 1.02944 0.85917 0.76659 0.94080 1.02157 0.99484 1.01111 0.87805 -9999 -9999 0.85773
-9999 -9999 -9999 -9999 1.22792 1.22433 1.26912 1.27229 1.23467 1.40603 1.44002 -9999 -9999 -9999 -9999 1.10777 1.04244 1.09558 1.16734 1.15437 1.20485 1.24358 1.22432 1.13407 1.13976 1.22930 1.24128 1.24490 1.19686 1.18399 1.13726 1.25114 1.27410 1.25848 1.18217 1.23537 1.25306 1.29007 1.27388 1.27594 1.21829 1.20424 1.19444 1.20899 1.24780 1.25326 1.23787 1.25768 1.27223 1.27143 1.26447 1.27837 1.24657 1.23561 1.26144 1.27742 1.29985 1.15558 1.14329 1.19293 1.10562 1.02133 0.97934 0.98755 0.90690 0.97252 1.08434 1.11660 1.06031 1.05385 1.02485 0.97724 0.95979
-9999 -9999 -9999 -9999 -9999 -9999 1.24209 1.27610 1.38289 1.41455 1.43789 -9999 -9999 -9999 -9999 -9999 1.13710 1.15158 1.17892 1.16699 1.17635 1.41865 1.19588 1.15527 1.18110 1.28546 1.32278 1.29410 1.29313 1.27300 1.22333 1.26754 1.32829 1.23440 1.24812 1.30643 1.27099 1.21383 1.27499 1.21467 1.19157 1.11511 1.10926 1.16838 1.19315 1.26467 1.28207 1.28006 1.26656 1.26737 1.29236 1.28395 1.29868 1.29303 1.28646 1.29279 1.27180 1.22576 1.19287 1.14473 1.06895 1.01236 0.97392 0.92011 0.85658 0.93307 1.08940 1.22944 1.18361 1.11839 1.05617 1.03331 0.97814
-9999 -9999 -9999 -9999 -9999 -9999 -9999 -9999 -9999 -9999 -9999 -9999 -9999 -9999 -9999 -9999 -9999 -9999 -9999 1.17476 1.19803 1.35658 1.27237 1.24455 1.23646 1.28121 1.28171 1.40257 1.39141 1.29687 1.26488 1.33476 1.26776 1.26516 1.25435 1.27343 1.29298 1.23524 1.23594 1.16224 1.12126 1.12907 1.13810 1.17279 1.18762 1.25285 1.29953 1.29544 1.29170 1.27061 1.27418 1.29797 1.29633 1.33369 1.32038 1.29975 1.26646 1.25783 1.18048 1.13809 1.02638 1.02999 0.97458 0.90043 0.86511 1.04864 1.17206 1.28843 1.25764 1.09799 1.04733 1.03842 0.98044
-9999 -9999 -9999 -9999 -9999 -9999 -9999 -9999 -9999 -9999 -9999 -9999 -9999 -9999 -9999 -9999 -9999 -9999 1.19370 1.16627 1.23350 1.29952 1.31138 1.35537 1.36877 1.35248 1.39259 1.39385 1.37270 1.34896 1.33153 1.28922 1.24850 1.26636 1.27224 1.29345 1.25323 1.26667 1.19544 1.13769 1.10978 1.13717 1.13878 1.13644 1.15101 1.16950 1.23620 1.30015 1.32285 1.28072 1.28510 1.27958 1.30178 1.30593 1.28704 1.30269 1.28227 1.15021 1.07976 1.11756 1.13119 1.11986 1.05076 0.98855 0.93988 1.07695 1.16864 1.24941 1.23408 1.16632 1.08806 0.94225 1.02188
-9999 -9999 -9999 -9999 -9999 -9999 -9999 -9999 -9999 -9999 -9999 -9999 -9999 -9999 -9999 -9999 -9999 1.20149 1.19815 1.25170 1.26524 1.28179 1.29416 1.36575 1.39838 1.38795 1.43172 1.39210 1.30517 1.30713 1.28936 1.30430 1.28573 1.33897 1.33002 1.23796 1.17741 1.18990 1.20196 1.14220 1.12238 1.15733 1.13344 1.16665 1.17636 1.21987 1.23336 1.24041 1.30154 1.27827 1.29886 1.31042 1.28935 1.26162 1.27695 1.26177 1.21967 1.13105 1.08396 1.12510 1.20090 1.13015 0.95259 0.92304 1.06002 1.10130 1.10737 1.19796 1.18460 1.14563 1.01436 0.98682 0.99793
-9999 -9999 -9999 -9999 -9999 -9999 -9999 -9999 -9999 -9999 -9999 -9999 -9999 -9999 -9999 -9999 -9999 1.19739 1.21510 1.16578 1.20983 1.26714 1.30211 1.38624 1.53198 1.46484 1.49511 1.46314 1.42693 1.37251 1.36214 1.36173 1.37355 1.38909 1.28442 1.22973 1.19109 1.19431 1.12449 1.12288 1.13458 1.16413 1.17888 1.20761 1.20683 1.32028 1.32835 1.22012 1.23304 1.29431 1.30418 1.28520 1.26306 1.26965 1.25990 1.23065 1.13809 1.12909 1.15844 1.17843 1.14224 1.05163 1.03425 0.99340 0.90530 0.96480 1.06000 1.02601 1.10188 1.08782 1.04336 0.90846 0.82260
-9999 -9999 -9999 -9999 -9999 -9999 -9999 -9999 -9999 -9999 -9999 -9999 -9999 -9999 -9999 -9999 1.10212 1.12001 1.12643 1.14078 1.24639 1.35106 1.34618 1.46891 1.67553 1.51960 1.57692 1.66883 1.57440 1.44415 1.41827 1.44013 1.42494 1.44752 1.37145 1.29662 1.22161 1.18041 1.13246 1.16422 1.19261 1.19962 1.19621 1.24790 1.28104 1.33361 1.32602 1.20052 1.22436 1.29607 1.29585 1.28617 1.26174 1.26804 1.25133 1.22136 1.20080 1.17061 1.16885 1.13232 1.14562 1.10402 1.02118 0.91362 0.96110 0.98449 1.01205 1.04619 1.10357 1.05213 0.97463 0.85864 0.80633
-9999 -9999 -9999 -9999 -9999 -9999 -9999 -9999 -9999 -9999 -9999 -9999 -9999 1.14198 1.09209 1.11499 1.09200 1.03362 1.11319 1.27402 1.31283 1.28469 1.37445 1.38446 1.39840 1.62378 1.65752 1.71085 1.68579 1.64032 1.59841 1.54470 1.49389 1.45187 1.38255 1.29473 1.24737 1.23718 1.19703 1.18515 1.21464 1.26341 1.29230 1.37365 1.35055 1.31903 1.31204 1.29314 1.27635 1.25502 1.24545 1.25450 1.24514 1.26696 1.25617 1.22434 1.22293 1.23094 1.21321 1.20840 1.17844 1.16131 1.13411 1.10306 1.13033 1.15911 1.13653 1.08179 1.03436 0.98662 0.89622 0.78893 0.74323
-9999 -9999 -9999 -9999 -9999 -9999 -9999 -9999 -9999 -9999 -9999 -9999 1.19018 1.14604 1.12038 1.14131 1.13807 1.14996 1.14376 1.39130 1.32271 1.39462 1.43876 1.43818 1.44771 1.69297 1.68980 1.77678 1.71405 1.70543 1.67122 1.60981 1.55723 1.48155 1.43000 1.34583 1.28222 1.24858 1.20295 1.22020 1.22556 1.28507 1.33210 1.38449 1.36220 1.33416 1.31417 1.29486 1.28473 1.26046 1.25015 1.25781 1.24723 1.27034 1.26293 1.26327 1.24652 1.19262 1.14870 1.16232 1.14134 1.18009 1.16748 1.11420 1.13291 1.15055 1.10630 1.04187 0.98647 0.88631 0.78494 0.76793 0.70548
-9999 -9999 -9999 -9999 -9999 -9999 -9999 -9999 -9999 -9999 -9999 1.03698 1.10185 1.09278 1.16809 1.25190 1.29040 1.29983 1.31358 1.31796 1.36143 1.51820 1.52683 1.53628 1.54857 1.53809 1.55836 1.72709 1.78452 1.77613 1.70252 1.63313 1.59159 1.50676 1.44684 1.31163 1.20403 1.19102 1.19624 1.23172 1.29791 1.33059 1.39433 1.41474 1.37812 1.35328 1.32023 1.29591 1.27458 1.25908 1.25259 1.17116 1.20238 1.19522 1.20654 1.22408 1.25902 1.20750 1.25196 1.27207 1.24412 1.27752 1.25540 1.22915 1.20369 1.15325 1.08928 1.03394 0.92699 0.81213 0.71151 0.64902 0.63888
-9999 -9999 -9999 -9999 -9999 -9999 -9999 -9999 -9999 -9999 1.09294 1.08148 1.19395 1.15162 1.26280 1.34637 1.38578 1.39047 1.37802 1.39077 1.42930 1.58057 1.58692 1.60516 1.61544 1.60123 1.60181 1.84216 1.85195 1.78380 1.74868 1.69161 1.63677 1.54361 1.43426 1.27623 1.21111 1.20332 1.23986 1.27129 1.34820 1.40867 1.47280 1.42805 1.39863 1.36762 1.33146 1.29437 1.27243 1.25547 1.24399 1.15194 1.19328 1.19085 1.19969 1.22868 1.21103 1.21545 1.27232 1.28311 1.26167 1.26593 1.26006 1.22621 1.18986 1.12754 1.06497 0.98521 0.86720 0.73659 0.65453 0.64972 0.61421
-9999 -9999 -9999 -9999 -9999 -9999 -9999 -9999 -9999 1.32185 1.33835 1.30010 1.29694 1.32863 1.37782 1.40472 1.45051 1.47817 1.55366 1.55762 1.59664 1.58513 1.60386 1.71997 1.72594 1.77038 1.82565 1.77328 1.73915 1.71253 1.77299 1.65056 1.57140 1.39328 1.26532 1.19924 1.14081 1.23619 1.28014 1.38304 1.44246 1.51263 1.55731 1.51705 1.47773 1.42428 1.40140 1.30675 1.26335 1.26138 1.24609 1.17852 1.14959 1.05947 1.05521 1.27830 1.30443 1.33560 1.31730 1.29616 1.27309 1.27517 1.26477 1.21579 1.18088 1.08503 1.00729 0.88802 0.78819 0.71014 0.66607 0.62834 0.60559
-9999 -9999 -9999 -9999 -9999 -9999 -9999 -9999 -9999 -9999 1.41635 1.42183 1.41473 1.47317 1.60643 1.54051 1.53792 1.56088 1.60056 1.59862 1.57374 1.65266 1.67503 -9999 -9999 -9999 -9999 -9999 -9999 1.74579 1.74304 1.65979 1.57500 1.40248 1.24516 1.20239 1.17594 1.28906 1.32479 1.43890 1.49537 1.55517 1.58196 1.54106 1.50709 1.46132 1.40448 1.32215 1.26818 1.25862 1.24441 1.20519 1.15090 1.06343 1.05832 1.30337 1.33574 1.33451 1.31105 1.29906 1.28353 1.27082 1.24668 1.19419 1.05423 1.03326 0.92536 0.82394 0.67692 0.65388 0.60729 0.60385 0.57932
-9999 -9999 -9999 -9999 -9999 -9999 -9999 -9999 -9999 -9999 -9999 -9999 1.50349 1.58313 1.60868 1.97426 1.91109 1.90334 1.89067 -9999 -9999 -9999 -9999 -9999 -9999 -9999 -9999 -9999 -9999 -9999 -9999 -9999 -9999 1.46514 1.27310 1.27846 1.26156 1.35210 1.41935 1.47326 1.51511 1.56461 1.57686 1.54611 1.51401 1.48183 1.44158 1.40590 1.37325 1.31926 1.28788 1.15633 1.14548 1.16620 1.17586 1.32622 1.29936 1.30520 1.31731 1.30308 1.28228 1.24097 1.19891 1.15997 1.08823 0.99310 0.87356 0.78753 0.70768 0.68382 0.64686 0.61616 -9999
-9999 -9999 -9999 -9999 -9999 -9999 -9999 -9999 -9999 -9999 -9999 -9999 -9999 -9999 -9999 -9999 -9999 -9999 -9999 -9999 -9999 -9999 -9999 -9999 -9999 -9999 -9999 -9999 -9999 -9999 -9999 -9999 -9999 -9999 1.35349 1.29476 1.38777 1.39874 1.46676 1.52210 1.54383 1.56425 1.54793 1.56144 1.52249 1.49466 1.44843 1.42590 1.38791 1.34422 1.31055 1.18107 1.16937 1.17086 1.18477 1.34976 1.31113 1.25294 1.26971 1.27228 1.25251 1.22914 1.22240 1.15672 1.09185 0.96182 0.83707 0.74549 0.66966 0.66459 0.65961 -9999 -9999
-9999 -9999 -9999 -9999 -9999 -9999 -9999 -9999 -9999 -9999 -9999 -9999 -9999 -9999 -9999 -9999 -9999 -9999 -9999 -9999 -9999 -9999 -9999 -9999 -9999 -9999 -9999 -9999 -9999 -9999 -9999 -9999 -9999 -9999 1.40812 1.40747 1.36128 1.45510 1.57759 1.67410 1.65878 1.62630 1.60776 1.58407 1.53716 1.50124 1.45728 1.39814 1.36122 1.30333 1.27640 1.26217 1.26396 1.13153 1.14342 1.28641 1.31518 1.31471 1.27735 1.25062 1.23340 1.20479 1.18302 1.08874 1.00516 0.86885 0.80543 0.72911 0.64340 0.65930 -9999 -9999 -9999
-9999 -9999 -9999 -9999 -9999 -9999 -9999 -9999 -9999 -9999 -9999 -9999 -9999 -9999 -9999 -9999 -9999 -9999 -9999 -9999 -9999 -9999 -9999 -9999 -9999 -9999 -9999 -9999 -9999 -9999 -9999 -9999 -9999 -9999 -9999 -9999 -9999 -9999 1.65208 1.69373 1.68416 1.63942 1.61159 1.58271 1.53546 1.50517 1.46229 1.40378 1.37583 1.30912 1.30446 1.29276 1.30021 1.16263 1.15219 1.29904 1.28248 1.30228 1.28347 1.24635 1.19797 1.18315 1.07963 1.00912 0.87917 0.83581 0.76123 0.72052 0.71662 -9999 -9999 -9999 -9999
-9999 -9999 -9999 -9999 -9999 -9999 -9999 -9999 -9999 -9999 -9999 -9999 -9999 -9999 -9999 -9999 -9999 -9999 -9999 -9999 -9999 -9999 -9999 -9999 -9999 -9999 -9999 -9999 -9999 -9999 -9999 -9999 -9999 -9999 -9999 -9999 -9999 -9999 -9999 1.75750 1.71263 1.64488 1.60604 1.56152 1.51293 1.45077 1.42368 1.37119 1.35452 1.30393 1.30986 1.23160 1.26814 1.24284 1.27427 1.18167 1.18531 1.12082 1.20515 1.12765 1.13198 1.07012 1.01237 0.91047 0.85392 0.77510 0.76271 0.76204 -9999 -9999 -9999 -9999 -9999
-9999 -9999 -9999 -9999 -9999 -9999 -9999 -9999 -9999 -9999 -9999 -9999 -9999 -9999 -9999 -9999 -9999 -9999 -9999 -9999 -9999 -9999 -9999 -9999 -9999 -9999 -9999 -9999 -9999 -9999 -9999 -9999 -9999 -9999 -9999 -9999 -9999 -9999 -9999 -9999 -9999 -9999 -9999 1.51607 1.48043 1.40419 1.37772 1.34439 1.33424 1.27945 1.24770 1.10360 1.20719 1.30502 1.21695 1.16135 1.13862 1.14346 1.22601 1.11120 1.03210 0.99459 0.97193 0.85161 0.81819 0.79710 0.80095 -9999 -9999 -9999 -9999 -9999 -9999
