data/hydroclimate-scenarios/BCSD_hadcm_A1B/monthly_summaries/vpd_monthly_avg_oct.2070-2099.asc
ncols	311
nrows	91
xllcenter	102.75
yllcenter	31.75
cellsize	0.5
NODATA_value	-9999
[rows 0 to 32 of 91, columns 219 to 291 of 311]
-9999 -9999 -9999 -9999 -9999 -9999 -9999 -9999 -9999 -9999 -9999 -9999 -9999 -9999 -9999 -9999 -9999 -9999 -9999 -9999 -9999 -9999 -9999 -9999 -9999 -9999 -9999 -9999 -9999 -9999 -9999 -9999 -9999 -9999 -9999 -9999 -9999 -9999 -9999 -9999 -9999 -9999 -9999 -9999 -9999 -9999 -9999 -9999 -9999 -9999 -9999 -9999 -9999 -9999 -9999 -9999 -9999 -9999 -9999 -9999 -9999 -9999 -9999 -9999 -9999 -9999 -9999 -9999 -9999 -9999 -9999 -9999 -9999
-9999 -9999 -9999 -9999 -9999 -9999 -9999 -9999 -9999 -9999 -9999 -9999 -9999 -9999 -9999 -9999 -9999 -9999 -9999 -9999 -9999 -9999 -9999 -9999 -9999 -9999 -9999 -9999 -9999 -9999 -9999 -9999 -9999 -9999 -9999 -9999 -9999 -9999 -9999 -9999 -9999 -9999 -9999 -9999 -9999 -9999 -9999 -9999 -9999 -9999 -9999 -9999 -9999 -9999 -9999 -9999 -9999 -9999 -9999 -9999 -9999 -9999 -9999 -9999 -9999 -9999 -9999 -9999 -9999 -9999 -9999 -9999 -9999
-9999 -9999 -9999 -9999 -9999 -9999 -9999 -9999 -9999 -9999 -9999 -9999 -9999 -9999 -9999 -9999 -9999 -9999 -9999 -9999 -9999 -9999 -9999 -9999 -9999 -9999 -9999 -9999 -9999 -9999 -9999 -9999 -9999 -9999 -9999 -9999 -9999 -9999 -9999 -9999 -9999 -9999 -9999 -9999 -9999 -9999 -9999 -9999 -9999 -9999 -9999 -9999 -9999 -9999 -9999 -9999 -9999 -9999 -9999 -9999 -9999 -9999 -9999 -9999 -9999 -9999 -9999 -9999 -9999 -9999 -9999 -9999 -9999
-9999 -9999 -9999 -9999 -9999 -9999 -9999 -9999 -9999 -9999 -9999 -9999 -9999 -9999 -9999 -9999 -9999 -9999 -9999 -9999 -9999 -9999 -9999 -9999 -9999 -9999 -9999 -9999 -9999 -9999 -9999 -9999 -9999 -9999 -9999 -9999 -9999 -9999 -9999 -9999 -9999 -9999 -9999 -9999 -9999 -9999 -9999 -9999 -9999 -9999 -9999 -9999 -9999 -9999 -9999 -9999 -9999 -9999 -9999 -9999 -9999 -9999 -9999 -9999 -9999 -9999 -9999 -9999 -9999 -9999 -9999 -9999 -9999
-9999 -9999 -9999 -9999 -9999 -9999 -9999 -9999 -9999 -9999 -9999 -9999 -9999 -9999 -9999 -9999 -9999 -9999 -9999 -9999 -9999 -9999 -9999 -9999 -9999 -9999 -9999 -9999 -9999 -9999 -9999 -9999 -9999 -9999 -9999 -9999 -9999 -9999 -9999 -9999 -9999 -9999 -9999 -9999 -9999 -9999 -9999 -9999 -9999 -9999 -9999 -9999 -9999 -9999 -9999 -9999 -9999 -9999 -9999 -9999 -9999 -9999 -9999 -9999 -9999 -9999 -9999 -9999 -9999 -9999 -9999 -9999 -9999
-9999 -9999 -9999 -9999 -9999 -9999 -9999 -9999 -9999 -9999 -9999 -9999 -9999 -9999 -9999 -9999 -9999 -9999 -9999 -9999 -9999 -9999 -9999 -9999 -9999 -9999 -9999 -9999 -9999 -9999 -9999 -9999 -9999 -9999 -9999 -9999 -9999 -9999 -9999 -9999 -9999 -9999 -9999 -9999 -9999 -9999 -9999 -9999 -9999 -9999 -9999 -9999 -9999 -9999 -9999 -9999 -9999 -9999 -9999 -9999 -9999 -9999 -9999 -9999 -9999 -9999 -9999 -9999 -9999 -9999 -9999 -9999 -9999
-9999 -9999 -9999 -9999 -9999 -9999 -9999 -9999 -9999 -9999 -9999 -9999 -9999 -9999 -9999 -9999 -9999 -9999 -9999 -9999 -9999 -9999 -9999 -9999 -9999 -9999 -9999 -9999 -9999 -9999 -9999 -9999 -9999 -9999 -9999 -9999 -9999 -9999 -9999 -9999 -9999 -9999 -9999 -9999 -9999 -9999 -9999 -9999 -9999 -9999 -9999 -9999 -9999 -9999 -9999 -9999 -9999 -9999 -9999 -9999 -9999 -9999 -9999 -9999 -9999 -9999 -9999 -9999 -9999 -9999 -9999 -9999 -9999
-9999 -9999 -9999 -9999 -9999 -9999 -9999 -9999 -9999 -9999 -9999 -9999 -9999 -9999 -9999 -9999 -9999 -9999 -9999 -9999 -9999 -9999 -9999 -9999 -9999 -9999 -9999 -9999 -9999 -9999 -9999 -9999 -9999 -9999 -9999 -9999 -9999 -9999 -9999 -9999 -9999 -9999 -9999 -9999 -9999 -9999 -9999 -9999 -9999 -9999 -9999 -9999 -9999 -9999 -9999 -9999 -9999 -9999 -9999 -9999 -9999 -9999 -9999 -9999 -9999 -9999 -9999 -9999 -9999 -9999 -9999 -9999 -9999
-9999 -9999 -9999 -9999 -9999 -9999 -9999 -9999 -9999 -9999 -9999 -9999 -9999 -9999 -9999 -9999 -9999 -9999 -9999 -9999 -9999 -9999 -9999 -9999 -9999 -9999 -9999 -9999 -9999 -9999 -9999 -9999 -9999 -9999 -9999 -9999 -9999 -9999 -9999 -9999 -9999 -9999 -9999 -9999 -9999 -9999 -9999 -9999 -9999 -9999 -9999 -9999 -9999 -9999 -9999 -9999 -9999 -9999 -9999 -9999 -9999 -9999 -9999 -9999 -9999 -9999 -9999 -9999 -9999 -9999 -9999 -9999 -9999
-9999 -9999 -9999 -9999 -9999 -9999 -9999 -9999 -9999 -9999 -9999 -9999 -9999 -9999 -9999 -9999 -9999 -9999 -9999 -9999 -9999 -9999 -9999 -9999 -9999 -9999 -9999 -9999 -9999 -9999 -9999 -9999 -9999 -9999 -9999 -9999 -9999 -9999 -9999 -9999 -9999 -9999 -9999 -9999 -9999 -9999 -9999 -9999 -9999 -9999 -9999 -9999 -9999 -9999 -9999 -9999 -9999 -9999 -9999 -9999 -9999 -9999 -9999 -9999 -9999 -9999 -9999 -9999 -9999 -9999 -9999 -9999 -9999
-9999 -9999 -9999 -9999 -9999 -9999 -9999 -9999 -9999 -9999 -9999 -9999 -9999 -9999 -9999 -9999 -9999 -9999 -9999 -9999 -9999 -9999 -9999 -9999 -9999 -9999 -9999 -9999 -9999 -9999 -9999 -9999 -9999 -9999 -9999 -9999 -9999 -9999 -9999 -9999 -9999 -9999 -9999 -9999 -9999 -9999 -9999 -9999 -9999 -9999 -9999 -9999 -9999 -9999 -9999 -9999 -9999 -9999 -9999 -9999 -9999 -9999 -9999 -9999 -9999 -9999 -9999 -9999 -9999 -9999 -9999 -9999 -9999
-9999 -9999 -9999 -9999 -9999 -9999 -9999 -9999 -9999 -9999 -9999 -9999 -9999 -9999 -9999 -9999 -9999 -9999 -9999 -9999 -9999 -9999 -9999 -9999 -9999 -9999 -9999 -9999 -9999 -9999 -9999 -9999 -9999 -9999 -9999 -9999 -9999 -9999 -9999 -9999 -9999 -9999 -9999 -9999 -9999 -9999 -9999 -9999 -9999 -9999 -9999 -9999 -9999 -9999 -9999 -9999 -9999 -9999 -9999 -9999 -9999 -9999 -9999 -9999 -9999 -9999 -9999 -9999 -9999 -9999 -9999 -9999 -9999
-9999 -9999 -9999 -9999 -9999 -9999 -9999 -9999 -9999 -9999 -9999 -9999 -9999 -9999 -9999 -9999 -9999 -9999 -9999 -9999 -9999 -9999 -9999 -9999 -9999 -9999 -9999 -9999 -9999 -9999 -9999 -9999 -9999 -9999 -9999 -9999 -9999 -9999 -9999 -9999 -9999 -9999 -9999 -9999 -9999 -9999 -9999 -9999 -9999 -9999 -9999 -9999 -9999 -9999 -9999 -9999 -9999 -9999 -9999 -9999 -9999 -9999 -9999 -9999 -9999 -9999 -9999 -9999 -9999 -9999 -9999 -9999 -9999
-9999 -9999 -9999 -9999 -9999 -9999 -9999 -9999 -9999 -9999 -9999 -9999 -9999 -9999 -9999 -9999 -9999 -9999 -9999 -9999 -9999 -9999 -9999 -9999 -9999 -9999 -9999 -9999 -9999 -9999 -9999 -9999 -9999 -9999 -9999 -9999 -9999 -9999 -9999 -9999 -9999 0.09358 -9999 -9999 -9999 -9999 -9999 -9999 -9999 -9999 -9999 -9999 -9999 -9999 -9999 -9999 -9999 -9999 -9999 -9999 -9999 -9999 -9999 -9999 -9999 -9999 -9999 -9999 -9999 -9999 -9999 -9999 -9999
0.10283 0.10157 0.09854 0.09636 0.09311 0.09180 0.09369 0.09878 0.09990 0.09984 0.10124 0.10369 0.10729 -9999 -9999 -9999 -9999 -9999 -9999 -9999 -9999 -9999 -9999 -9999 -9999 -9999 -9999 -9999 -9999 -9999 -9999 -9999 -9999 -9999 -9999 -9999 0.08714 0.09075 0.08759 0.07914 0.07776 0.08517 0.09826 -9999 -9999 -9999 0.10667 -9999 -9999 -9999 0.11808 0.11761 0.11589 -9999 -9999 -9999 -9999 -9999 -9999 -9999 -9999 -9999 -9999 -9999 -9999 -9999 -9999 -9999 -9999 -9999 -9999 -9999 -9999
0.09051 0.08685 0.08305 0.08241 0.08082 0.07391 0.07571 0.07184 0.07035 0.07673 0.08112 0.08271 0.08752 0.08991 0.09333 0.09122 0.09480 0.09827 0.10531 -9999 -9999 -9999 -9999 -9999 0.10038 0.10210 0.10320 0.10255 0.10506 0.10517 0.10411 0.10641 0.10716 0.10798 0.10538 0.10574 0.08462 0.08482 0.08140 0.08308 0.07857 0.07999 0.09838 0.10134 0.10400 0.10443 0.10662 0.10811 0.11246 0.11143 0.11034 0.10751 0.10396 0.10454 0.10972 0.11389 0.11229 0.11690 -9999 -9999 -9999 -9999 -9999 -9999 -9999 -9999 -9999 -9999 -9999 -9999 -9999 -9999 -9999
0.07732 0.07437 0.07327 0.07415 0.07433 0.07308 0.07360 0.06992 0.07653 0.07644 0.08271 0.08864 0.09409 0.09990 0.09699 0.09431 0.09956 0.09397 0.10200 0.09988 0.10176 0.10187 0.10402 0.10525 0.10608 0.10779 0.10918 0.10926 0.11290 0.11395 0.11321 0.11131 0.11160 0.11202 0.10962 0.10836 0.10533 0.10553 0.10668 0.10719 0.09887 0.09983 0.09967 0.10050 0.10110 0.10261 0.10257 0.10793 0.10953 0.11013 0.11166 0.11179 0.11181 0.11531 0.11495 0.11431 0.11215 0.10654 0.11001 0.11225 0.11737 0.11910 0.11823 0.11763 0.11771 0.11862 -9999 -9999 -9999 -9999 -9999 -9999 -9999
0.07759 0.07884 0.07973 0.08244 0.08736 0.08852 0.08695 0.09232 0.09791 0.10279 0.10063 0.10724 0.11238 0.11370 0.11255 0.11220 0.11395 0.11306 0.10882 0.10481 0.10184 0.09899 0.09899 0.10004 0.10542 0.11261 0.11450 0.11826 0.12306 0.12276 0.12083 0.11892 0.11879 0.11793 0.11585 0.11575 0.11568 0.11400 0.11348 0.11297 0.10761 0.10483 0.10745 0.10482 0.10482 0.10497 0.10644 0.10600 0.10843 0.10818 0.11112 0.11079 0.11103 0.11413 0.11558 0.11453 0.11052 0.10861 0.11418 0.11452 0.11774 0.11860 0.11884 0.11648 0.11853 0.12392 -9999 0.12100 -9999 -9999 -9999 -9999 -9999
0.09750 0.09524 0.09620 0.10023 0.09617 0.09770 0.10630 0.11438 0.11139 0.11297 0.12236 0.12594 0.11526 0.11683 0.11969 0.11973 0.12307 0.12072 0.12139 0.11516 0.11124 0.10176 0.09995 0.09995 0.10981 0.12069 0.12166 0.12723 0.13108 0.13285 0.12863 0.12783 0.12651 0.12403 0.12526 0.12168 0.12181 0.12082 0.11799 0.11642 0.11224 0.11051 0.10967 0.10891 0.11015 0.10727 0.10702 0.10747 0.10815 0.10958 0.10955 0.11081 0.11033 0.11193 0.11128 0.11360 0.11046 0.11340 0.11668 0.11537 0.11593 0.11893 0.11771 0.12053 0.12265 0.12611 0.12635 -9999 -9999 -9999 -9999 -9999 -9999
0.10922 0.10921 0.11745 0.11875 0.12236 0.12519 0.12851 0.13313 0.13083 0.12960 0.13463 0.13365 0.13180 0.13080 0.12769 0.12747 0.12346 0.12249 0.12089 0.12206 0.12399 0.12210 0.11869 0.10656 0.11834 0.12437 0.12938 0.13175 0.13732 0.13932 0.13856 0.13744 0.13371 0.13126 0.13096 0.13096 0.12473 0.12407 0.12415 0.12475 0.11971 0.11625 0.11578 0.11369 0.11182 0.11024 0.11030 0.10905 0.11333 0.11157 0.11236 0.11143 0.11313 0.11341 0.11563 0.11549 0.11639 0.11741 0.11796 0.12063 0.12111 0.12131 0.12146 0.12446 0.12566 0.12724 0.12428 0.12296 -9999 -9999 -9999 -9999 -9999
0.12747 0.12693 0.13203 0.13276 0.13375 0.13638 0.13661 0.13778 0.13596 0.13556 0.13694 0.13712 0.13649 0.13249 0.12692 0.12356 0.12485 0.12242 0.12533 0.12916 0.12964 0.12833 0.12331 0.11698 0.11708 0.12920 0.13323 0.13726 0.14064 0.14185 0.14309 0.14118 0.14108 0.13770 0.13676 0.13375 0.13374 0.13152 0.13027 0.12954 0.12625 0.12262 0.12030 0.11562 0.11323 0.11531 0.11394 0.11285 0.11269 0.11638 0.11600 0.11432 0.11975 0.12116 0.12916 0.12825 0.12479 0.12423 0.12640 0.12616 0.12403 0.12170 0.11977 0.12057 0.11838 0.11838 0.11622 0.11480 0.11188 0.11141 0.10829 0.10683 -9999
0.13344 0.13293 0.13427 0.13603 0.13542 0.13551 0.13619 0.13532 0.13615 0.13829 0.14285 0.14314 0.14443 0.14159 0.12853 0.12474 0.12011 0.12210 0.13023 0.13721 0.13564 0.13440 0.12808 0.12655 0.11936 0.12678 0.13436 0.14124 0.14603 0.14723 0.14891 0.14621 0.14524 0.14593 0.14238 0.14043 0.14239 0.14123 0.14151 0.13589 0.13155 0.12855 0.12267 0.12001 0.11851 0.12022 0.12023 0.12229 0.11972 0.12275 0.12219 0.12312 0.12198 0.13078 0.13312 0.13356 0.13349 0.13313 0.13272 0.13421 0.12936 0.12369 0.12419 0.12119 0.12274 0.12050 0.11847 0.11608 0.11550 0.11405 0.11005 0.11008 0.10763
0.13608 0.13078 0.12998 0.12899 0.13234 0.13300 0.13562 0.13467 0.13671 0.14008 0.14310 0.14483 0.14435 0.14362 0.13621 0.13035 0.13045 0.12823 0.13012 0.13772 0.13701 0.13445 0.13664 0.13749 0.13430 0.13636 0.13907 0.13645 0.13738 0.14242 0.13851 0.13475 0.14119 0.14256 0.13987 0.14376 0.14470 0.14589 0.14405 0.13896 0.13609 0.12519 0.12457 0.12204 0.12303 0.12232 0.12441 0.12235 0.12293 0.12252 0.12254 0.13278 0.13695 0.13856 0.13802 0.13987 0.13233 0.13519 0.13293 0.13555 0.12660 0.12663 0.12582 0.12569 0.12360 0.12209 0.12116 0.11978 0.11718 0.11333 0.11314 0.10885 0.10659
0.14956 0.14726 0.13577 0.12649 0.12762 0.12978 0.13444 0.13545 0.13648 0.13785 0.14236 0.14804 0.14889 0.14903 0.14326 0.13465 0.13879 0.13880 0.13794 0.13702 0.13535 0.13407 0.13353 0.13158 0.13223 0.13594 0.13541 0.13377 0.12874 0.12536 0.12301 0.12393 0.13027 0.13239 0.12351 0.12272 0.12822 0.13045 0.13263 0.12938 0.13736 0.13466 0.13261 0.12888 0.13015 0.13278 0.12956 0.13026 0.12802 0.12699 0.13750 0.14013 0.14223 0.12751 0.13089 0.13724 0.13525 0.13472 0.13417 0.13639 0.13255 0.13051 0.13014 0.12817 0.12836 0.12610 0.12412 0.12069 0.11724 0.11662 0.11406 0.11417 0.10909
0.16034 0.15394 0.14787 0.14011 0.13520 0.12969 0.13097 0.13396 0.13293 0.13275 0.13227 0.14138 0.14564 0.15409 0.15512 0.14154 0.14042 0.13591 0.14107 0.14122 0.13411 0.13591 0.13203 0.12891 0.12375 0.12271 0.12218 0.12146 0.11808 0.11726 0.11979 0.11641 0.12221 0.12118 0.11570 0.11467 0.11646 0.11500 0.11796 0.11440 0.12120 0.11866 0.12967 0.13580 0.13536 0.13489 0.13641 0.13091 0.12825 0.13169 0.13225 0.13371 0.13881 0.13880 0.13741 0.13487 0.13381 0.13378 0.14204 0.14649 0.14318 0.14180 0.14031 0.13922 0.13286 0.13025 0.12541 0.12427 0.12074 0.11962 0.11611 0.11521 0.11558
0.15354 0.15736 0.15736 0.15192 0.14778 0.14379 0.14068 0.13732 0.13466 0.14420 0.14840 0.15009 0.15281 0.15636 0.15766 0.16101 0.15248 0.15632 0.15463 0.14988 0.14686 0.14226 0.14047 0.14259 0.13973 0.13957 0.13610 0.13502 0.12929 0.12981 0.13280 0.12767 0.13056 0.12931 0.12372 0.12089 0.12459 0.12469 0.12306 0.12071 0.12286 0.12255 0.12566 0.13197 0.13469 0.13766 0.14358 0.13285 0.12683 0.13258 0.13677 0.13619 0.14220 0.14255 0.14224 0.14124 0.14091 0.14522 0.14443 0.14535 0.14750 0.14871 0.14756 0.14449 0.13805 0.13552 0.13021 0.12527 0.12417 0.12150 0.12184 0.12016 0.11758
0.12753 0.12498 0.12947 0.13969 0.14569 0.14069 0.14592 0.15138 0.15453 0.15942 0.16238 0.16127 0.15750 0.15863 0.16202 0.16355 0.16373 0.16868 0.17303 0.17280 0.17518 0.16858 0.16422 0.16119 0.16126 0.15540 0.15730 0.15457 0.15717 0.15727 0.14408 0.14389 0.13818 0.13372 0.13459 0.13184 0.13155 0.12917 0.12484 0.12823 0.12824 0.12514 0.12819 0.12933 0.13263 0.13812 0.14148 0.14081 0.14150 0.13678 0.14039 0.14187 0.14393 0.14633 0.15158 0.15096 0.14972 0.14938 0.15374 0.15630 0.15393 0.15325 0.15602 0.15412 0.14831 0.14103 0.13625 0.13296 0.12994 0.12587 0.12293 0.12041 0.12216
0.14795 0.14696 0.14045 0.13739 0.14613 0.13158 0.13759 0.14207 0.14966 0.15622 0.16553 0.16513 0.16580 0.16367 0.16553 0.17008 0.17285 0.17961 0.18281 0.18598 0.18856 0.18442 0.17692 0.17276 0.16877 0.16389 0.16402 0.16820 0.15680 0.15366 0.15553 0.15409 0.14623 0.14353 0.14085 0.13652 0.13705 0.13783 0.13197 0.12700 0.12254 0.12476 0.13505 0.13317 0.13368 0.13603 0.13863 0.14055 0.14895 0.14200 0.14429 0.14657 0.15228 0.15398 0.15896 0.15898 0.16234 0.16261 0.16400 0.16792 0.16366 0.16095 0.16345 0.16288 0.15779 0.15103 0.14237 0.13863 0.13433 0.13493 0.12964 0.12712 0.12591
0.14601 0.15918 0.16441 0.16509 0.16729 0.16793 0.16861 0.16317 0.16412 0.15711 0.16309 0.16946 0.17520 0.17849 0.17686 0.17431 0.17577 0.18127 0.18719 0.18841 0.19836 0.19606 0.18939 0.18813 0.18474 0.18106 0.17724 0.17209 0.16378 0.16762 0.16468 0.15837 0.15430 0.15436 0.14566 0.14195 0.14263 0.13929 0.13423 0.13153 0.12757 0.12245 0.12821 0.12491 0.13424 0.12797 0.13924 0.14757 0.15287 0.15838 0.15611 0.15686 0.16335 0.16452 0.17073 0.17346 0.17357 0.17269 0.17365 0.17314 0.17255 0.17200 0.16984 0.17154 0.16812 0.15780 0.15078 0.14688 0.14433 0.14111 0.13913 0.13948 0.13725
0.13684 0.14412 0.16293 0.17085 0.17782 0.18405 0.16254 0.13270 0.13158 0.13776 0.14108 0.15013 0.15323 0.16049 0.18020 0.18855 0.19335 0.19452 0.19839 0.19917 0.19995 0.19835 0.19711 0.19845 0.19666 0.19061 0.19438 0.17919 0.17601 0.17146 0.17492 0.16717 0.16648 0.16627 0.15965 0.15306 0.15628 0.13890 0.14175 0.13542 0.13620 0.13669 0.13212 0.13124 0.13524 0.14181 0.14046 0.14845 0.15863 0.16967 0.17008 0.16791 0.17258 0.17345 0.17206 0.17006 0.16588 0.16934 0.17285 0.17948 0.18448 0.18417 0.18356 0.17922 0.17227 0.16717 0.17372 0.16795 0.15234 0.15214 0.15116 0.15015 0.15426
0.15020 0.14765 0.15373 0.16747 0.17672 0.18736 0.18182 0.16971 0.14066 0.12790 0.13445 0.14002 0.13898 0.15215 0.16209 0.17288 0.18871 0.19157 0.19298 0.19705 0.20604 0.20959 0.19443 0.19607 0.19470 0.19992 0.20413 0.19526 0.18655 0.18053 0.17403 0.17316 0.17467 0.17190 0.16456 0.15580 0.16069 0.15338 0.14975 0.15162 0.14584 0.14555 0.15196 0.15278 0.15139 0.14843 0.14653 0.15330 0.15501 0.17094 0.17949 0.17743 0.18686 0.19012 0.19309 0.19567 0.19389 0.19519 0.19803 0.20035 0.19947 0.19726 0.19948 0.19175 0.18714 0.18066 0.18495 0.18181 0.17821 0.17592 0.16873 0.16664 0.16327
-9999 0.15394 0.16823 0.16438 0.16234 0.17728 0.17928 0.17182 0.16975 0.17727 0.18893 0.15881 0.13111 0.11833 0.11912 0.11647 0.16654 0.19063 0.20089 0.20443 0.20479 0.20306 0.19945 0.19583 0.19511 0.20249 0.20241 0.20415 0.19358 0.19046 0.18744 0.17553 0.16952 0.16965 0.16755 0.15902 0.16326 0.16968 0.15984 0.15847 0.15442 0.15909 0.15744 0.16197 0.16690 0.16121 0.15506 0.16179 0.16739 0.18718 0.19338 0.19454 0.19709 0.19971 0.20254 0.21016 0.21310 0.21543 0.21647 0.21646 0.21323 0.21476 0.21464 0.20763 0.20730 0.20440 0.19994 0.19663 0.18962 0.17801 0.17821 0.17719 0.17387
-9999 -9999 -9999 0.22692 0.19826 0.17892 0.20445 0.17447 0.15414 0.14951 0.16388 0.15433 0.15157 0.14269 0.12302 0.12024 0.13482 0.15332 0.16805 0.19308 0.20858 0.21216 0.19916 0.18968 0.18780 0.19303 0.20215 0.21055 0.20066 0.20015 0.20007 0.19978 0.19153 0.18225 0.17255 0.17535 0.17917 0.18226 0.17824 0.18216 0.17409 0.17263 0.17111 0.17770 0.17773 0.17496 0.16663 0.17212 0.19198 0.20716 0.19726 0.19362 0.19774 0.20245 0.20951 0.20950 0.21869 0.22345 0.22842 0.22695 0.22587 0.22642 0.22510 0.22451 0.21317 0.20728 0.20060 0.19419 0.19279 0.18909 0.18937 0.19108 0.18782
