data/hydroclimate-scenarios/BCSD_hadcm_A1B/monthly_summaries/vpd_monthly_avg_apr.2070-2099.asc
ncols	311
nrows	91
xllcenter	102.75
yllcenter	31.75
cellsize	0.5
NODATA_value	-9999
[rows 0 to 32 of 91, columns 0 to 72 of 311]
-9999 -9999 -9999 -9999 -9999 -9999 -9999 -9999 -9999 -9999 -9999 -9999 -9999 -9999 -9999 -9999 -9999 -9999 -9999 -9999 -9999 -9999 -9999 -9999 -9999 -9999 -9999 -9999 -9999 -9999 -9999 -9999 -9999 -9999 -9999 -9999 -9999 -9999 -9999 -9999 -9999 -9999 -9999 -9999 -9999 -9999 -9999 -9999 -9999 -9999 -9999 -9999 -9999 -9999 -9999 -9999 -9999 -9999 -9999 -9999 -9999 -9999 -9999 -9999 -9999 -9999 -9999 -9999 -9999 -9999 -9999 -9999 -9999
-9999 -9999 -9999 -9999 -9999 -9999 -9999 -9999 -9999 -9999 -9999 -9999 -9999 -9999 -9999 -9999 -9999 -9999 -9999 -9999 -9999 -9999 -9999 -9999 -9999 -9999 -9999 -9999 -9999 -9999 -9999 -9999 -9999 -9999 -9999 -9999 -9999 -9999 -9999 -9999 -9999 -9999 -9999 -9999 -9999 -9999 -9999 -9999 -9999 -9999 -9999 -9999 -9999 -9999 -9999 -9999 -9999 -9999 -9999 -9999 -9999 -9999 -9999 -9999 -9999 -9999 -9999 -9999 -9999 -9999 -9999 -9999 -9999
-9999 -9999 -9999 -9999 -9999 -9999 -9999 -9999 -9999 -9999 -9999 -9999 -9999 -9999 -9999 -9999 -9999 -9999 -9999 -9999 -9999 -9999 -9999 -9999 -9999 -9999 -9999 -9999 -9999 -9999 -9999 -9999 -9999 -9999 -9999 -9999 -9999 -9999 -9999 -9999 -9999 -9999 -9999 -9999 -9999 -9999 -9999 -9999 -9999 -9999 -9999 -9999 -9999 -9999 -9999 -9999 -9999 -9999 -9999 -9999 -9999 -9999 -9999 -9999 -9999 -9999 -9999 -9999 -9999 -9999 -9999 -9999 -9999
-9999 -9999 -9999 -9999 -9999 -9999 -9999 -9999 -9999 -9999 -9999 -9999 -9999 -9999 -9999 -9999 -9999 -9999 -9999 -9999 -9999 -9999 -9999 -9999 -9999 -9999 -9999 -9999 -9999 -9999 -9999 -9999 -9999 -9999 -9999 -9999 -9999 -9999 -9999 -9999 -9999 -9999 -9999 -9999 -9999 -9999 -9999 -9999 -9999 -9999 -9999 -9999 -9999 -9999 -9999 -9999 -9999 -9999 -9999 -9999 -9999 -9999 -9999 -9999 -9999 -9999 -9999 -9999 -9999 -9999 -9999 -9999 -9999
-9999 -9999 -9999 -9999 -9999 -9999 -9999 -9999 -9999 -9999 -9999 -9999 -9999 -9999 -9999 -9999 -9999 -9999 -9999 -9999 -9999 -9999 -9999 -9999 -9999 -9999 -9999 -9999 -9999 -9999 -9999 -9999 -9999 -9999 -9999 -9999 -9999 -9999 -9999 -9999 -9999 -9999 -9999 -9999 -9999 -9999 -9999 -9999 -9999 -9999 -9999 -9999 -9999 -9999 -9999 -9999 -9999 -9999 -9999 -9999 -9999 -9999 -9999 -9999 -9999 -9999 -9999 -9999 -9999 -9999 -9999 -9999 -9999
-9999 -9999 -9999 -9999 -9999 -9999 -9999 -9999 -9999 -9999 -9999 -9999 -9999 -9999 -9999 -9999 -9999 -9999 -9999 -9999 -9999 -9999 -9999 -9999 -9999 -9999 -9999 -9999 -9999 -9999 -9999 -9999 -9999 -9999 -9999 -9999 -9999 -9999 -9999 -9999 -9999 -9999 -9999 -9999 -9999 -9999 -9999 -9999 -9999 -9999 -9999 -9999 -9999 -9999 -9999 -9999 -9999 -9999 -9999 -9999 -9999 -9999 -9999 -9999 -9999 -9999 -9999 -9999 -9999 -9999 -9999 -9999 -9999
-9999 -9999 -9999 -9999 -9999 -9999 -9999 -9999 -9999 -9999 -9999 -9999 -9999 -9999 -9999 -9999 -9999 -9999 -9999 -9999 -9999 -9999 -9999 -9999 -9999 -9999 -9999 -9999 -9999 -9999 -9999 -9999 -9999 -9999 -9999 -9999 -9999 -9999 -9999 -9999 -9999 -9999 -9999 -9999 -9999 -9999 -9999 -9999 -9999 -9999 -9999 -9999 -9999 -9999 -9999 -9999 -9999 -9999 -9999 -9999 -9999 -9999 -9999 -9999 -9999 -9999 -9999 -9999 -9999 -9999 -9999 -9999 -9999
-9999 -9999 -9999 -9999 -9999 -9999 -9999 -9999 -9999 -9999 -9999 -9999 -9999 -9999 -9999 -9999 -9999 -9999 -9999 -9999 -9999 -9999 -9999 -9999 -9999 -9999 -9999 -9999 -9999 -9999 -9999 -9999 -9999 -9999 -9999 -9999 -9999 -9999 -9999 -9999 -9999 -9999 0.12686 0.12546 0.12518 0.12631 0.12641 0.12706 0.12868 0.12761 0.12942 0.12679 -9999 -9999 -9999 -9999 -9999 -9999 -9999 -9999 -9999 -9999 -9999 -9999 -9999 -9999 -9999 -9999 -9999 -9999 -9999 -9999 -9999
-9999 -9999 -9999 -9999 -9999 -9999 -9999 -9999 -9999 -9999 -9999 -9999 -9999 -9999 -9999 -9999 -9999 -9999 -9999 -9999 -9999 -9999 -9999 -9999 -9999 -9999 -9999 -9999 -9999 -9999 -9999 -9999 -9999 -9999 -9999 -9999 -9999 -9999 0.12602 0.11911 0.12482 0.12653 0.12608 0.12884 0.13047 0.12968 0.13040 0.13137 0.13379 0.13522 0.13730 0.13482 0.13564 0.15676 -9999 -9999 -9999 -9999 -9999 -9999 -9999 -9999 -9999 -9999 -9999 -9999 -9999 -9999 -9999 -9999 -9999 -9999 -9999
-9999 -9999 -9999 -9999 -9999 -9999 -9999 -9999 -9999 -9999 -9999 -9999 -9999 -9999 -9999 -9999 -9999 -9999 -9999 -9999 -9999 -9999 -9999 -9999 -9999 -9999 -9999 -9999 -9999 -9999 -9999 -9999 -9999 -9999 -9999 -9999 -9999 -9999 -9999 -9999 0.13104 0.13095 0.12605 0.12387 0.12592 0.12618 0.13041 0.13762 0.13890 0.13729 0.13785 0.14079 0.14034 0.16321 -9999 -9999 -9999 -9999 -9999 -9999 -9999 -9999 -9999 -9999 -9999 -9999 -9999 -9999 -9999 -9999 -9999 -9999 -9999
-9999 -9999 -9999 -9999 -9999 -9999 -9999 -9999 -9999 -9999 -9999 -9999 -9999 -9999 -9999 -9999 -9999 -9999 -9999 -9999 -9999 -9999 -9999 -9999 -9999 -9999 -9999 -9999 -9999 -9999 -9999 -9999 -9999 -9999 -9999 -9999 -9999 -9999 -9999 -9999 -9999 -9999 -9999 -9999 0.13178 0.13041 0.12541 0.12697 0.13351 0.13894 0.13908 0.13199 0.14369 0.16588 -9999 -9999 -9999 -9999 -9999 -9999 0.15730 -9999 -9999 -9999 -9999 -9999 -9999 -9999 -9999 -9999 -9999 -9999 -9999
-9999 -9999 -9999 -9999 -9999 -9999 -9999 -9999 -9999 -9999 -9999 -9999 -9999 -9999 -9999 -9999 -9999 -9999 -9999 -9999 -9999 -9999 -9999 -9999 -9999 -9999 -9999 -9999 -9999 -9999 -9999 -9999 -9999 -9999 -9999 -9999 -9999 -9999 -9999 -9999 -9999 0.12725 0.12702 0.12528 0.12691 0.13840 0.13273 0.13087 0.13676 0.14134 0.13803 0.13555 0.14855 0.15185 -9999 -9999 -9999 -9999 -9999 0.17157 0.17007 0.17498 0.17524 0.17662 0.17832 0.17959 0.17399 0.17436 0.17497 0.17440 0.17112 0.17118 0.16716
-9999 -9999 -9999 -9999 -9999 -9999 -9999 -9999 -9999 -9999 -9999 -9999 -9999 -9999 -9999 -9999 -9999 -9999 -9999 -9999 -9999 -9999 -9999 -9999 -9999 -9999 -9999 -9999 -9999 -9999 -9999 -9999 -9999 -9999 -9999 -9999 -9999 -9999 -9999 -9999 -9999 0.13187 0.13002 0.13407 0.14119 0.14461 0.14748 0.14565 0.14857 0.14993 0.14791 0.13597 0.13890 0.14514 0.15424 0.15289 0.16757 -9999 0.18384 0.18589 0.18772 0.18835 0.18684 0.18061 0.17991 0.18312 0.18435 0.18690 0.18686 0.18437 0.18517 0.18379 0.18019
-9999 -9999 -9999 -9999 -9999 -9999 -9999 -9999 -9999 -9999 -9999 -9999 -9999 -9999 -9999 -9999 -9999 -9999 -9999 -9999 -9999 -9999 -9999 -9999 -9999 -9999 -9999 -9999 -9999 -9999 -9999 -9999 -9999 -9999 -9999 0.15244 0.15140 0.14312 0.14086 0.14439 0.14544 0.14539 0.14263 0.14718 0.14966 0.15177 0.15321 0.15433 0.15460 0.14899 0.14356 0.13762 0.12945 0.13985 0.14149 0.14224 0.15921 0.18098 0.19554 0.19921 0.20002 0.19815 0.19787 0.16961 0.17450 0.18865 0.18713 0.19125 0.19452 0.19192 0.18833 0.19332 0.18599
-9999 -9999 -9999 -9999 -9999 -9999 -9999 -9999 -9999 -9999 -9999 -9999 -9999 -9999 -9999 -9999 -9999 -9999 -9999 -9999 -9999 -9999 -9999 -9999 -9999 -9999 -9999 -9999 -9999 -9999 -9999 -9999 -9999 -9999 0.16004 0.15026 0.15040 0.14701 0.14776 0.15134 0.15151 0.15415 0.15386 0.15203 0.15430 0.15697 0.16170 0.15845 0.15184 0.13814 0.13336 0.13157 0.12225 0.12034 0.12659 0.14340 0.16666 0.18482 0.20789 0.21230 0.20509 0.19302 0.18594 0.17151 0.19103 0.19840 0.19221 0.18854 0.16950 0.17543 0.16682 0.16215 0.15984
-9999 -9999 -9999 -9999 -9999 -9999 -9999 -9999 -9999 -9999 -9999 -9999 -9999 -9999 -9999 -9999 -9999 -9999 -9999 -9999 -9999 -9999 -9999 -9999 -9999 -9999 -9999 -9999 -9999 -9999 -9999 -9999 -9999 0.16363 0.16402 0.15949 0.15870 0.15495 0.15524 0.16017 0.16033 0.15900 0.16159 0.16171 0.16070 0.16564 0.15996 0.16016 0.14121 0.12764 0.12158 0.11353 0.10155 0.11760 0.13430 0.14926 0.15798 0.19208 0.20874 0.20433 0.19574 0.20622 0.20900 0.21401 0.20602 0.19898 0.18637 0.18297 0.17816 0.18008 0.17403 0.17087 0.16677
-9999 -9999 -9999 -9999 -9999 -9999 -9999 -9999 -9999 -9999 -9999 -9999 -9999 -9999 -9999 -9999 -9999 -9999 -9999 -9999 -9999 -9999 -9999 -9999 -9999 -9999 -9999 -9999 -9999 -9999 -9999 0.17677 0.17452 0.16974 0.16981 0.16701 0.16838 0.16779 0.16562 0.16623 0.16469 0.16524 0.16590 0.16696 0.16630 0.16614 0.16539 0.16614 0.15068 0.13755 0.12637 0.11772 0.10023 0.11642 0.13142 0.15069 0.17989 0.19019 0.17900 0.19565 0.20728 0.21094 0.20726 0.21997 0.21448 0.19999 0.19581 0.19990 0.19691 0.17444 0.16015 0.15304 0.17197
-9999 -9999 -9999 -9999 -9999 -9999 -9999 -9999 -9999 -9999 -9999 -9999 -9999 -9999 -9999 -9999 -9999 -9999 -9999 -9999 -9999 -9999 -9999 -9999 -9999 -9999 -9999 -9999 -9999 0.19002 0.18753 0.17762 0.17580 0.17731 0.17785 0.17508 0.17505 0.17340 0.17343 0.17438 0.17179 0.17213 0.17302 0.17561 0.17349 0.16830 0.16697 0.16254 0.13518 0.12659 0.12074 0.10518 0.10251 0.12305 0.12711 0.14623 0.17833 0.18447 0.19708 0.22189 0.21799 0.21389 0.21287 0.20959 0.21563 0.20788 0.18892 0.18084 0.17357 0.17608 0.18199 0.15234 0.11732
-9999 -9999 -9999 -9999 -9999 -9999 -9999 -9999 -9999 -9999 -9999 -9999 -9999 -9999 -9999 -9999 -9999 -9999 -9999 -9999 -9999 -9999 -9999 -9999 0.18310 0.18501 0.18895 0.19504 0.19431 0.18937 0.18472 0.18726 0.18770 0.18534 0.18153 0.18479 0.17910 0.17725 0.17460 0.17562 0.17906 0.18034 0.17892 0.18399 0.18135 0.17478 0.17606 0.15531 0.13767 0.13112 0.13185 0.10891 0.11193 0.13355 0.15338 0.17003 0.18950 0.20100 0.19892 0.21464 0.22310 0.22562 0.22886 0.22665 0.22408 0.20701 0.21222 0.22175 0.20649 0.19075 0.14954 0.14064 0.12519
-9999 -9999 -9999 -9999 -9999 -9999 0.16922 0.17561 0.17698 0.17913 0.18213 -9999 -9999 -9999 -9999 -9999 -9999 -9999 -9999 -9999 -9999 0.19390 0.18166 0.18564 0.18506 0.18767 0.18992 0.19039 0.19124 0.19443 0.19676 0.19586 0.18876 0.19011 0.18674 0.18585 0.18227 0.18384 0.18390 0.18371 0.18651 0.18752 0.18645 0.18987 0.18839 0.18153 0.18306 0.16905 0.14530 0.13686 0.12708 0.12229 0.11442 0.13547 0.16826 0.18658 0.19233 0.20439 0.22073 0.23311 0.23019 0.23064 0.21447 0.20822 0.19847 0.22749 0.23555 0.21858 0.20899 0.21269 0.19832 0.15803 0.13959
-9999 -9999 -9999 -9999 -9999 0.17847 0.17625 0.16906 0.17854 0.17568 0.17976 0.16819 0.17230 0.16761 -9999 -9999 -9999 0.18635 0.18505 0.18427 0.18474 0.18442 0.18570 0.19170 0.18718 0.19657 0.19567 0.19736 0.19722 0.19875 0.20423 0.20424 0.20632 0.20644 0.20560 0.20068 0.19651 0.19634 0.19405 0.19566 0.19514 0.19175 0.19395 0.19663 0.19437 0.19024 0.17601 0.15510 0.14398 0.13832 0.13319 0.12862 0.13486 0.15776 0.17245 0.17981 0.18895 0.20679 0.23398 0.23048 0.23697 0.22448 0.21457 0.22241 0.19934 0.17713 0.18481 0.18576 0.19689 0.19237 0.18698 0.16247 0.14845
-9999 0.19464 0.19305 0.19480 0.18702 0.18617 0.18022 0.18213 0.17990 0.18295 0.17937 0.17179 0.16953 0.17324 0.17825 0.19140 0.20238 0.19292 0.18799 0.19653 0.19933 0.19985 0.20130 0.20989 0.21333 0.20746 0.20637 0.20622 0.20493 0.21057 0.21572 0.21812 0.21988 0.21876 0.21720 0.20861 0.20728 0.20351 0.20560 0.20526 0.20552 0.20543 0.20309 0.20509 0.20679 0.20182 0.18551 0.17143 0.16097 0.15398 0.14616 0.13299 0.14001 0.13864 0.15149 0.16748 0.18668 0.22422 0.21965 0.22487 0.23795 0.22152 0.20156 0.20608 0.18673 0.18748 0.19922 0.18199 0.19640 0.17849 0.15469 0.13525 0.13640
-9999 0.19467 0.20076 0.19832 0.19970 0.20053 0.20266 0.20049 0.20039 0.19425 0.19156 0.18549 0.17723 0.18171 0.18578 0.18596 0.19081 0.18782 0.19505 0.20728 0.19833 0.19986 0.20105 0.21949 0.22094 0.22180 0.21695 0.21558 0.21572 0.21937 0.22249 0.23178 0.23043 0.22944 0.22617 0.22339 0.22257 0.21892 0.21888 0.21421 0.21488 0.21712 0.21628 0.21671 0.21960 0.21816 0.21450 0.19525 0.18243 0.16646 0.16755 0.14857 0.15164 0.13070 0.13683 0.16639 0.18935 0.20284 0.21348 0.20658 0.21905 0.21086 0.20277 0.21150 0.19730 0.19262 0.18163 0.18863 0.18737 0.18407 0.17710 0.15513 0.13401
-9999 -9999 -9999 0.19836 0.19748 0.20610 0.20624 0.20692 0.20392 0.20908 0.20206 0.20720 0.20491 0.20569 0.19980 0.20202 0.20119 0.21068 0.20945 0.20737 0.21084 0.20914 0.21052 0.22004 0.22686 0.22872 0.23490 0.23182 0.23925 0.24167 0.24057 0.24039 0.24029 0.24502 0.24049 0.23639 0.23284 0.22881 0.22825 0.22669 0.22836 0.22854 0.22923 0.23204 0.22980 0.23048 0.22156 0.21300 0.20560 0.19047 0.17541 0.16264 0.15115 0.14263 0.15686 0.16100 0.18998 0.19863 0.19314 0.20085 0.22035 0.19970 0.19436 0.19243 0.19769 0.20270 0.20915 0.19184 0.17975 0.17048 0.16777 0.16334 0.15793
-9999 -9999 -9999 -9999 -9999 -9999 0.21750 0.21604 0.21401 0.21879 0.21981 0.21310 0.21354 0.22002 0.21903 0.22204 0.21992 0.22355 0.22984 0.23135 0.23015 0.22532 0.23177 0.23469 0.23897 0.23605 0.24180 0.25185 0.25589 0.25612 0.25381 0.25579 0.25344 0.25218 0.25211 0.25154 0.24649 0.24298 0.24094 0.23509 0.23345 0.24223 0.24084 0.23975 0.24117 0.24258 0.24107 0.21601 0.21274 0.19399 0.16972 0.14986 0.14719 0.17843 0.16807 0.16687 0.18264 0.17211 0.16549 0.18010 0.17206 0.17115 0.17171 0.17399 0.18379 0.17994 0.20697 0.19265 0.18047 0.17613 0.16530 0.16778 0.16778
-9999 -9999 -9999 -9999 -9999 -9999 0.22875 0.22434 0.23107 0.22345 0.22708 0.22416 0.22703 0.23595 0.23430 0.23029 0.23056 0.23165 0.22992 0.23026 0.23038 0.22856 0.22842 0.23651 0.24129 0.25406 0.26275 0.26847 0.26952 0.26708 0.26594 0.26998 0.26742 0.26878 0.26380 0.26470 0.26605 0.26323 0.25717 0.24752 0.24622 0.24843 0.24622 0.24909 0.25346 0.25447 0.25195 0.24905 0.24607 0.23588 0.21375 0.20327 0.19309 0.19012 0.19340 0.22129 0.21458 0.19339 0.20429 0.19336 0.16260 0.16559 0.16659 0.17623 0.17753 0.20077 0.20289 0.20215 0.20145 0.19533 0.17025 0.17100 0.16725
-9999 -9999 -9999 -9999 -9999 -9999 -9999 -9999 -9999 -9999 0.24894 0.23051 0.23284 0.25297 0.24563 0.23962 0.23720 0.23503 0.24035 0.23922 0.23984 0.23737 0.24282 0.24675 0.24959 0.24884 0.25571 0.27477 0.27910 0.27447 0.27532 0.27667 0.27443 0.27416 0.27429 0.28078 0.27727 0.27797 0.27869 0.26827 0.26451 0.26547 0.26262 0.25766 0.25950 0.26062 0.25831 0.26281 0.26558 0.26844 0.27273 0.27510 0.27372 0.28528 0.29056 0.29610 0.28908 0.28246 0.27288 0.26470 0.26298 0.24416 0.24202 0.22063 0.21715 0.23675 0.23648 0.23232 0.21683 0.21752 0.19526 0.16372 0.15337
-9999 -9999 -9999 -9999 -9999 -9999 -9999 -9999 -9999 -9999 0.27415 0.26327 0.25297 0.26516 0.25851 0.24784 0.24338 0.24121 0.23744 0.23601 0.23835 0.24020 0.24254 0.24781 0.25304 0.27022 0.28468 0.28644 0.29237 0.28906 0.28630 0.28737 0.28669 0.28614 0.28092 0.27998 0.28203 0.27905 0.27473 0.27011 0.26522 0.26711 0.26524 0.26106 0.25939 0.26056 0.26366 0.26747 0.27060 0.27754 0.29229 0.28613 0.29615 0.30123 0.31360 0.31379 0.31401 0.31055 0.32071 0.29936 0.29802 0.30426 0.30684 0.30538 0.30337 0.30498 0.29540 0.28802 0.27525 0.23162 0.21605 0.19714 0.18095
-9999 -9999 -9999 -9999 -9999 -9999 -9999 -9999 -9999 -9999 -9999 -9999 0.27945 0.26128 0.25682 0.26094 0.26518 0.27030 0.25574 0.25384 0.25521 0.25461 0.25793 0.26483 0.27712 0.28831 0.29519 0.29504 0.29789 0.30275 0.30596 0.29566 0.28885 0.28650 0.28060 0.27799 0.28034 0.27263 0.26801 0.26624 0.26666 0.26657 0.26594 0.26469 0.26716 0.26525 0.26782 0.27198 0.27631 0.28278 0.28368 0.29012 0.29187 0.29998 0.31741 0.32484 0.32443 0.30664 0.30277 0.29961 0.30212 0.30527 0.30557 0.30817 0.30702 0.31015 0.31143 0.31319 0.29770 0.26691 0.21846 0.18444 0.18716
-9999 -9999 -9999 -9999 -9999 -9999 -9999 -9999 -9999 -9999 -9999 -9999 0.29449 0.28528 0.27505 0.27331 0.27746 0.27562 0.25870 0.25634 0.26280 0.25306 0.26182 0.27987 0.27511 0.28912 0.30118 0.30795 0.30881 0.31772 0.31800 0.30617 0.30262 0.29879 0.28458 0.28690 0.28110 0.26467 0.27088 0.27077 0.27397 0.28029 0.27942 0.27768 0.27538 0.27507 0.27493 0.28024 0.28211 0.27946 0.28522 0.29620 0.30315 0.30614 0.32103 0.32578 0.32661 0.30683 0.30929 0.30673 0.30983 0.31103 0.31125 0.31020 0.31412 0.31104 0.30817 0.30395 0.28663 0.24787 0.22713 0.22103 0.19830
-9999 -9999 -9999 -9999 -9999 -9999 -9999 -9999 -9999 -9999 -9999 0.30437 0.29208 0.30348 0.30299 0.27027 0.26448 0.26656 0.25519 0.25269 0.27336 0.25473 0.26919 0.27205 0.27528 0.28314 0.28817 0.30186 0.31382 0.32500 0.32622 0.32212 0.32086 0.31105 0.30656 0.31599 0.30130 0.28813 0.27639 0.26412 0.26285 0.26136 0.26215 0.26743 0.27337 0.28252 0.28497 0.29037 0.28786 0.28936 0.29484 0.29945 0.30021 0.31138 0.32854 0.32135 0.31683 0.31042 0.30981 0.31021 0.31191 0.31328 0.31530 0.31307 0.31001 0.31091 0.30119 0.28019 0.25411 0.21811 0.18320 0.17480 0.19194
-9999 -9999 -9999 -9999 -9999 -9999 -9999 -9999 -9999 -9999 -9999 0.31700 0.31193 0.30887 0.31194 0.28370 0.27701 0.27299 0.26831 0.26652 0.27461 0.27091 0.27392 0.28710 0.29338 0.29940 0.30086 0.30841 0.31890 0.32132 0.32003 0.32411 0.32362 0.31976 0.31307 0.31985 0.31735 0.29746 0.27914 0.27749 0.27580 0.27119 0.26271 0.26822 0.27339 0.27979 0.28432 0.29042 0.29604 0.30371 0.30560 0.31176 0.31038 0.31258 0.30949 0.31233 0.30360 0.30742 0.30769 0.31220 0.31152 0.30932 0.30983 0.31397 0.31076 0.30860 0.28826 0.28201 0.24055 0.20112 0.19599 0.20099 0.19347
-9999 -9999 -9999 -9999 -9999 -9999 -9999 -9999 -9999 -9999 -9999 0.31452 0.30782 0.31139 0.30473 0.28930 0.28750 0.28465 0.28129 0.28018 0.27755 0.28591 0.30250 0.30030 0.30941 0.30989 0.30859 0.31763 0.32164 0.33454 0.32677 0.32862 0.33152 0.33071 0.31728 0.33273 0.32922 0.31892 0.30873 0.29394 0.28954 0.28544 0.28468 0.28400 0.28303 0.28147 0.27780 0.26756 0.26672 0.27947 0.28280 0.28316 0.28212 0.28219 0.29264 0.30171 0.30578 0.30622 0.31380 0.30789 0.31046 0.31439 0.32422 0.32422 0.32789 0.32849 0.30792 0.28163 0.24635 0.21747 0.22577 0.18175 0.17819
