data/hydroclimate-scenarios/BCSD_hadcm_A1B/monthly_summaries/vpd_monthly_avg_dec.2030-2059.asc
ncols	311
nrows	91
xllcenter	102.75
yllcenter	31.75
cellsize	0.5
NODATA_value	-9999
[rows 0 to 32 of 91, columns 0 to 72 of 311]
-9999 -9999 -9999 -9999 -9999 -9999 -9999 -9999 -9999 -9999 -9999 -9999 -9999 -9999 -9999 -9999 -9999 -9999 -9999 -9999 -9999 -9999 -9999 -9999 -9999 -9999 -9999 -9999 -9999 -9999 -9999 -9999 -9999 -9999 -9999 -9999 -9999 -9999 -9999 -9999 -9999 -9999 -9999 -9999 -9999 -9999 -9999 -9999 -9999 -9999 -9999 -9999 -9999 -9999 -9999 -9999 -9999 -9999 -9999 -9999 -9999 -9999 -9999 -9999 -9999 -9999 -9999 -9999 -9999 -9999 -9999 -9999 -9999
-9999 -9999 -9999 -9999 -9999 -9999 -9999 -9999 -9999 -9999 -9999 -9999 -9999 -9999 -9999 -9999 -9999 -9999 -9999 -9999 -9999 -9999 -9999 -9999 -9999 -9999 -9999 -9999 -9999 -9999 -9999 -9999 -9999 -9999 -9999 -9999 -9999 -9999 -9999 -9999 -9999 -9999 -9999 -9999 -9999 -9999 -9999 -9999 -9999 -9999 -9999 -9999 -9999 -9999 -9999 -9999 -9999 -9999 -9999 -9999 -9999 -9999 -9999 -9999 -9999 -9999 -9999 -9999 -9999 -9999 -9999 -9999 -9999
-9999 -9999 -9999 -9999 -9999 -9999 -9999 -9999 -9999 -9999 -9999 -9999 -9999 -9999 -9999 -9999 -9999 -9999 -9999 -9999 -9999 -9999 -9999 -9999 -9999 -9999 -9999 -9999 -9999 -9999 -9999 -9999 -9999 -9999 -9999 -9999 -9999 -9999 -9999 -9999 -9999 -9999 -9999 -9999 -9999 -9999 -9999 -9999 -9999 -9999 -9999 -9999 -9999 -9999 -9999 -9999 -9999 -9999 -9999 -9999 -9999 -9999 -9999 -9999 -9999 -9999 -9999 -9999 -9999 -9999 -9999 -9999 -9999
-9999 -9999 -9999 -9999 -9999 -9999 -9999 -9999 -9999 -9999 -9999 -9999 -9999 -9999 -9999 -9999 -9999 -9999 -9999 -9999 -9999 -9999 -9999 -9999 -9999 -9999 -9999 -9999 -9999 -9999 -9999 -9999 -9999 -9999 -9999 -9999 -9999 -9999 -9999 -9999 -9999 -9999 -9999 -9999 -9999 -9999 -9999 -9999 -9999 -9999 -9999 -9999 -9999 -9999 -9999 -9999 -9999 -9999 -9999 -9999 -9999 -9999 -9999 -9999 -9999 -9999 -9999 -9999 -9999 -9999 -9999 -9999 -9999
-9999 -9999 -9999 -9999 -9999 -9999 -9999 -9999 -9999 -9999 -9999 -9999 -9999 -9999 -9999 -9999 -9999 -9999 -9999 -9999 -9999 -9999 -9999 -9999 -9999 -9999 -9999 -9999 -9999 -9999 -9999 -9999 -9999 -9999 -9999 -9999 -9999 -9999 -9999 -9999 -9999 -9999 -9999 -9999 -9999 -9999 -9999 -9999 -9999 -9999 -9999 -9999 -9999 -9999 -9999 -9999 -9999 -9999 -9999 -9999 -9999 -9999 -9999 -9999 -9999 -9999 -9999 -9999 -9999 -9999 -9999 -9999 -9999
-9999 -9999 -9999 -9999 -9999 -9999 -9999 -9999 -9999 -9999 -9999 -9999 -9999 -9999 -9999 -9999 -9999 -9999 -9999 -9999 -9999 -9999 -9999 -9999 -9999 -9999 -9999 -9999 -9999 -9999 -9999 -9999 -9999 -9999 -9999 -9999 -9999 -9999 -9999 -9999 -9999 -9999 -9999 -9999 -9999 -9999 -9999 -9999 -9999 -9999 -9999 -9999 -9999 -9999 -9999 -9999 -9999 -9999 -9999 -9999 -9999 -9999 -9999 -9999 -9999 -9999 -9999 -9999 -9999 -9999 -9999 -9999 -9999
-9999 -9999 -9999 -9999 -9999 -9999 -9999 -9999 -9999 -9999 -9999 -9999 -9999 -9999 -9999 -9999 -9999 -9999 -9999 -9999 -9999 -9999 -9999 -9999 -9999 -9999 -9999 -9999 -9999 -9999 -9999 -9999 -9999 -9999 -9999 -9999 -9999 -9999 -9999 -9999 -9999 -9999 -9999 -9999 -9999 -9999 -9999 -9999 -9999 -9999 -9999 -9999 -9999 -9999 -9999 -9999 -9999 -9999 -9999 -9999 -9999 -9999 -9999 -9999 -9999 -9999 -9999 -9999 -9999 -9999 -9999 -9999 -9999
-9999 -9999 -9999 -9999 -9999 -9999 -9999 -9999 -9999 -9999 -9999 -9999 -9999 -9999 -9999 -9999 -9999 -9999 -9999 -9999 -9999 -9999 -9999 -9999 -9999 -9999 -9999 -9999 -9999 -9999 -9999 -9999 -9999 -9999 -9999 -9999 -9999 -9999 -9999 -9999 -9999 -9999 0.00847 0.00810 0.00770 0.00747 0.00724 0.00689 0.00668 0.00639 0.00615 0.00612 -9999 -9999 -9999 -9999 -9999 -9999 -9999 -9999 -9999 -9999 -9999 -9999 -9999 -9999 -9999 -9999 -9999 -9999 -9999 -9999 -9999
-9999 -9999 -9999 -9999 -9999 -9999 -9999 -9999 -9999 -9999 -9999 -9999 -9999 -9999 -9999 -9999 -9999 -9999 -9999 -9999 -9999 -9999 -9999 -9999 -9999 -9999 -9999 -9999 -9999 -9999 -9999 -9999 -9999 -9999 -9999 -9999 -9999 -9999 0.00927 0.00869 0.00870 0.00848 0.00824 0.00804 0.00777 0.00759 0.00724 0.00690 0.00671 0.00642 0.00621 0.00611 0.00618 0.01152 -9999 -9999 -9999 -9999 -9999 -9999 -9999 -9999 -9999 -9999 -9999 -9999 -9999 -9999 -9999 -9999 -9999 -9999 -9999
-9999 -9999 -9999 -9999 -9999 -9999 -9999 -9999 -9999 -9999 -9999 -9999 -9999 -9999 -9999 -9999 -9999 -9999 -9999 -9999 -9999 -9999 -9999 -9999 -9999 -9999 -9999 -9999 -9999 -9999 -9999 -9999 -9999 -9999 -9999 -9999 -9999 -9999 -9999 -9999 0.00888 0.00880 0.00821 0.00777 0.00769 0.00720 0.00717 0.00697 0.00670 0.00632 0.00618 0.00640 0.00624 0.01120 -9999 -9999 -9999 -9999 -9999 -9999 -9999 -9999 -9999 -9999 -9999 -9999 -9999 -9999 -9999 -9999 -9999 -9999 -9999
-9999 -9999 -9999 -9999 -9999 -9999 -9999 -9999 -9999 -9999 -9999 -9999 -9999 -9999 -9999 -9999 -9999 -9999 -9999 -9999 -9999 -9999 -9999 -9999 -9999 -9999 -9999 -9999 -9999 -9999 -9999 -9999 -9999 -9999 -9999 -9999 -9999 -9999 -9999 -9999 -9999 -9999 -9999 -9999 0.00779 0.00734 0.00681 0.00670 0.00663 0.00652 0.00633 0.00598 0.00623 0.01081 -9999 -9999 -9999 -9999 -9999 -9999 0.00578 -9999 -9999 -9999 -9999 -9999 -9999 -9999 -9999 -9999 -9999 -9999 -9999
-9999 -9999 -9999 -9999 -9999 -9999 -9999 -9999 -9999 -9999 -9999 -9999 -9999 -9999 -9999 -9999 -9999 -9999 -9999 -9999 -9999 -9999 -9999 -9999 -9999 -9999 -9999 -9999 -9999 -9999 -9999 -9999 -9999 -9999 -9999 -9999 -9999 -9999 -9999 -9999 -9999 0.00838 0.00811 0.00765 0.00743 0.00755 0.00717 0.00665 0.00682 0.00669 0.00629 0.00601 0.00627 0.00626 -9999 -9999 -9999 -9999 -9999 0.00580 0.00570 0.00563 0.00557 0.00548 0.00548 0.00560 0.00574 0.00597 0.00620 0.00642 0.00664 0.00687 0.00700
-9999 -9999 -9999 -9999 -9999 -9999 -9999 -9999 -9999 -9999 -9999 -9999 -9999 -9999 -9999 -9999 -9999 -9999 -9999 -9999 -9999 -9999 -9999 -9999 -9999 -9999 -9999 -9999 -9999 -9999 -9999 -9999 -9999 -9999 -9999 -9999 -9999 -9999 -9999 -9999 -9999 0.00847 0.00820 0.00812 0.00806 0.00786 0.00762 0.00740 0.00708 0.00698 0.00663 0.00596 0.00584 0.00593 0.00599 0.00566 0.00595 -9999 0.00598 0.00576 0.00565 0.00549 0.00538 0.00532 0.00528 0.00548 0.00550 0.00570 0.00586 0.00595 0.00618 0.00641 0.00658
-9999 -9999 -9999 -9999 -9999 -9999 -9999 -9999 -9999 -9999 -9999 -9999 -9999 -9999 -9999 -9999 -9999 -9999 -9999 -9999 -9999 -9999 -9999 -9999 -9999 -9999 -9999 -9999 -9999 -9999 -9999 -9999 -9999 -9999 -9999 0.01113 0.01077 0.01011 0.00989 0.00960 0.00937 0.00916 0.00890 0.00864 0.00844 0.00819 0.00794 0.00776 0.00738 0.00693 0.00639 0.00596 0.00538 0.00551 0.00538 0.00515 0.00556 0.00578 0.00582 0.00573 0.00562 0.00540 0.00534 0.00475 0.00486 0.00532 0.00528 0.00541 0.00558 0.00570 0.00575 0.00596 0.00585
-9999 -9999 -9999 -9999 -9999 -9999 -9999 -9999 -9999 -9999 -9999 -9999 -9999 -9999 -9999 -9999 -9999 -9999 -9999 -9999 -9999 -9999 -9999 -9999 -9999 -9999 -9999 -9999 -9999 -9999 -9999 -9999 -9999 -9999 0.01202 0.01125 0.01100 0.01055 0.01032 0.01026 0.00991 0.00967 0.00958 0.00927 0.00901 0.00872 0.00846 0.00770 0.00713 0.00639 0.00591 0.00565 0.00509 0.00476 0.00484 0.00509 0.00541 0.00559 0.00584 0.00567 0.00542 0.00506 0.00486 0.00459 0.00503 0.00510 0.00506 0.00501 0.00460 0.00483 0.00468 0.00481 0.00485
-9999 -9999 -9999 -9999 -9999 -9999 -9999 -9999 -9999 -9999 -9999 -9999 -9999 -9999 -9999 -9999 -9999 -9999 -9999 -9999 -9999 -9999 -9999 -9999 -9999 -9999 -9999 -9999 -9999 -9999 -9999 -9999 -9999 0.01258 0.01220 0.01174 0.01145 0.01100 0.01088 0.01066 0.01020 0.00988 0.00964 0.00948 0.00908 0.00870 0.00821 0.00761 0.00659 0.00595 0.00536 0.00483 0.00415 0.00454 0.00485 0.00504 0.00495 0.00545 0.00561 0.00530 0.00499 0.00506 0.00512 0.00518 0.00511 0.00495 0.00475 0.00471 0.00471 0.00475 0.00472 0.00484 0.00485
-9999 -9999 -9999 -9999 -9999 -9999 -9999 -9999 -9999 -9999 -9999 -9999 -9999 -9999 -9999 -9999 -9999 -9999 -9999 -9999 -9999 -9999 -9999 -9999 -9999 -9999 -9999 -9999 -9999 -9999 -9999 0.01460 0.01414 0.01331 0.01285 0.01220 0.01191 0.01167 0.01141 0.01124 0.01078 0.01051 0.01020 0.01004 0.00947 0.00881 0.00844 0.00798 0.00705 0.00624 0.00551 0.00494 0.00404 0.00439 0.00465 0.00485 0.00526 0.00523 0.00481 0.00488 0.00504 0.00510 0.00502 0.00521 0.00504 0.00480 0.00482 0.00486 0.00498 0.00450 0.00429 0.00421 0.00483
-9999 -9999 -9999 -9999 -9999 -9999 -9999 -9999 -9999 -9999 -9999 -9999 -9999 -9999 -9999 -9999 -9999 -9999 -9999 -9999 -9999 -9999 -9999 -9999 -9999 -9999 -9999 -9999 -9999 0.01649 0.01588 0.01481 0.01431 0.01368 0.01322 0.01262 0.01220 0.01209 0.01183 0.01179 0.01150 0.01089 0.01053 0.01038 0.00966 0.00884 0.00840 0.00770 0.00639 0.00582 0.00524 0.00443 0.00398 0.00436 0.00428 0.00452 0.00508 0.00490 0.00501 0.00525 0.00507 0.00486 0.00478 0.00476 0.00490 0.00486 0.00450 0.00431 0.00438 0.00444 0.00466 0.00411 0.00345
-9999 -9999 -9999 -9999 -9999 -9999 -9999 -9999 -9999 -9999 -9999 -9999 -9999 -9999 -9999 -9999 -9999 -9999 -9999 -9999 -9999 -9999 -9999 -9999 0.01912 0.01811 0.01833 0.01810 0.01756 0.01648 0.01576 0.01523 0.01454 0.01410 0.01319 0.01307 0.01256 0.01207 0.01179 0.01166 0.01159 0.01116 0.01083 0.01072 0.00997 0.00923 0.00877 0.00756 0.00644 0.00589 0.00556 0.00451 0.00434 0.00464 0.00485 0.00485 0.00513 0.00502 0.00480 0.00493 0.00504 0.00497 0.00499 0.00495 0.00495 0.00473 0.00490 0.00504 0.00491 0.00463 0.00390 0.00382 0.00354
-9999 -9999 -9999 -9999 -9999 -9999 0.02503 0.02570 0.02595 0.02596 0.02598 -9999 -9999 -9999 -9999 -9999 -9999 -9999 -9999 -9999 -9999 0.02135 0.02004 0.01933 0.01886 0.01837 0.01792 0.01763 0.01717 0.01703 0.01676 0.01585 0.01515 0.01431 0.01356 0.01318 0.01258 0.01237 0.01216 0.01208 0.01186 0.01151 0.01117 0.01067 0.00995 0.00933 0.00891 0.00788 0.00664 0.00596 0.00532 0.00475 0.00429 0.00460 0.00516 0.00511 0.00496 0.00487 0.00510 0.00512 0.00494 0.00486 0.00460 0.00453 0.00449 0.00503 0.00529 0.00496 0.00501 0.00506 0.00488 0.00411 0.00369
-9999 -9999 -9999 -9999 -9999 0.02517 0.02468 0.02439 0.02486 0.02498 0.02543 0.02406 0.02428 0.02357 -9999 -9999 -9999 0.02276 0.02179 0.02165 0.02110 0.02071 0.01986 0.01993 0.01912 0.01882 0.01856 0.01861 0.01779 0.01776 0.01713 0.01658 0.01599 0.01555 0.01460 0.01389 0.01336 0.01300 0.01274 0.01266 0.01218 0.01191 0.01146 0.01094 0.01023 0.00949 0.00843 0.00728 0.00657 0.00598 0.00542 0.00496 0.00488 0.00503 0.00514 0.00494 0.00486 0.00498 0.00525 0.00497 0.00491 0.00472 0.00460 0.00470 0.00435 0.00398 0.00425 0.00432 0.00455 0.00457 0.00459 0.00411 0.00387
-9999 0.02455 0.02485 0.02495 0.02459 0.02477 0.02428 0.02444 0.02418 0.02478 0.02452 0.02436 0.02372 0.02393 0.02405 0.02438 0.02488 0.02254 0.02193 0.02228 0.02196 0.02185 0.02123 0.02144 0.02093 0.01958 0.01927 0.01877 0.01827 0.01798 0.01785 0.01739 0.01663 0.01621 0.01518 0.01451 0.01382 0.01313 0.01300 0.01275 0.01221 0.01185 0.01151 0.01129 0.01050 0.00985 0.00874 0.00774 0.00697 0.00621 0.00562 0.00486 0.00477 0.00440 0.00450 0.00448 0.00469 0.00514 0.00487 0.00479 0.00491 0.00455 0.00425 0.00433 0.00400 0.00407 0.00439 0.00413 0.00448 0.00419 0.00382 0.00343 0.00357
-9999 0.02391 0.02509 0.02496 0.02538 0.02580 0.02599 0.02572 0.02570 0.02590 0.02560 0.02578 0.02506 0.02550 0.02562 0.02442 0.02387 0.02289 0.02317 0.02323 0.02270 0.02228 0.02183 0.02257 0.02188 0.02153 0.02108 0.01991 0.01960 0.01919 0.01839 0.01864 0.01767 0.01737 0.01644 0.01558 0.01500 0.01426 0.01396 0.01329 0.01285 0.01265 0.01239 0.01155 0.01103 0.01036 0.00953 0.00830 0.00740 0.00667 0.00615 0.00536 0.00509 0.00429 0.00410 0.00449 0.00474 0.00475 0.00478 0.00450 0.00464 0.00439 0.00421 0.00429 0.00413 0.00404 0.00396 0.00417 0.00427 0.00426 0.00422 0.00379 0.00347
-9999 -9999 -9999 0.02435 0.02466 0.02587 0.02584 0.02656 0.02627 0.02740 0.02636 0.02778 0.02748 0.02755 0.02647 0.02546 0.02488 0.02486 0.02418 0.02405 0.02356 0.02311 0.02286 0.02272 0.02285 0.02237 0.02189 0.02130 0.02126 0.02029 0.01982 0.01941 0.01863 0.01833 0.01740 0.01651 0.01550 0.01478 0.01434 0.01387 0.01334 0.01295 0.01265 0.01214 0.01144 0.01089 0.00995 0.00891 0.00806 0.00732 0.00632 0.00566 0.00509 0.00451 0.00450 0.00430 0.00463 0.00460 0.00442 0.00434 0.00456 0.00411 0.00407 0.00396 0.00412 0.00424 0.00440 0.00422 0.00405 0.00392 0.00396 0.00395 0.00396
-9999 -9999 -9999 -9999 -9999 -9999 0.02634 0.02706 0.02648 0.02752 0.02747 0.02807 0.02796 0.02809 0.02802 0.02665 0.02576 0.02528 0.02533 0.02509 0.02518 0.02428 0.02422 0.02408 0.02379 0.02270 0.02289 0.02247 0.02230 0.02132 0.02068 0.02003 0.01942 0.01870 0.01832 0.01737 0.01624 0.01534 0.01490 0.01419 0.01385 0.01357 0.01324 0.01271 0.01222 0.01161 0.01096 0.00920 0.00869 0.00748 0.00639 0.00553 0.00510 0.00541 0.00480 0.00453 0.00457 0.00412 0.00387 0.00405 0.00380 0.00376 0.00373 0.00368 0.00393 0.00394 0.00443 0.00429 0.00410 0.00415 0.00406 0.00407 0.00420
-9999 -9999 -9999 -9999 -9999 -9999 0.02770 0.02713 0.02796 0.02741 0.02795 0.02827 0.02857 0.02922 0.02863 0.02695 0.02673 0.02575 0.02540 0.02538 0.02505 0.02464 0.02438 0.02405 0.02375 0.02393 0.02397 0.02360 0.02317 0.02241 0.02139 0.02097 0.02020 0.01947 0.01855 0.01782 0.01697 0.01609 0.01549 0.01474 0.01428 0.01400 0.01369 0.01316 0.01281 0.01214 0.01170 0.01090 0.00981 0.00902 0.00791 0.00705 0.00647 0.00590 0.00556 0.00582 0.00531 0.00463 0.00469 0.00432 0.00368 0.00371 0.00371 0.00388 0.00390 0.00438 0.00444 0.00461 0.00466 0.00454 0.00424 0.00426 0.00427
-9999 -9999 -9999 -9999 -9999 -9999 -9999 -9999 -9999 -9999 0.02957 0.02822 0.02820 0.02958 0.02887 0.02744 0.02700 0.02589 0.02609 0.02580 0.02520 0.02511 0.02485 0.02483 0.02436 0.02370 0.02394 0.02443 0.02356 0.02294 0.02235 0.02143 0.02071 0.02001 0.01942 0.01892 0.01787 0.01692 0.01622 0.01566 0.01519 0.01482 0.01455 0.01420 0.01354 0.01305 0.01248 0.01165 0.01113 0.01057 0.00994 0.00930 0.00856 0.00798 0.00771 0.00733 0.00701 0.00646 0.00604 0.00579 0.00572 0.00529 0.00528 0.00492 0.00482 0.00527 0.00537 0.00546 0.00523 0.00536 0.00500 0.00444 0.00422
-9999 -9999 -9999 -9999 -9999 -9999 -9999 -9999 -9999 -9999 0.03146 0.03100 0.02941 0.03076 0.03002 0.02807 0.02758 0.02679 0.02652 0.02599 0.02558 0.02577 0.02533 0.02486 0.02444 0.02538 0.02536 0.02543 0.02477 0.02410 0.02310 0.02267 0.02162 0.02110 0.01995 0.01943 0.01848 0.01782 0.01699 0.01628 0.01586 0.01550 0.01509 0.01477 0.01413 0.01353 0.01291 0.01221 0.01173 0.01108 0.01071 0.00976 0.00953 0.00884 0.00857 0.00810 0.00765 0.00733 0.00715 0.00676 0.00667 0.00659 0.00651 0.00642 0.00653 0.00666 0.00664 0.00675 0.00672 0.00592 0.00577 0.00541 0.00517
-9999 -9999 -9999 -9999 -9999 -9999 -9999 -9999 -9999 -9999 -9999 -9999 0.03132 0.02934 0.02939 0.02927 0.02973 0.02969 0.02833 0.02791 0.02783 0.02730 0.02713 0.02735 0.02738 0.02746 0.02680 0.02614 0.02573 0.02574 0.02535 0.02412 0.02306 0.02214 0.02088 0.02040 0.01969 0.01879 0.01834 0.01738 0.01713 0.01682 0.01645 0.01597 0.01543 0.01474 0.01408 0.01336 0.01282 0.01216 0.01153 0.01056 0.00979 0.00917 0.00910 0.00883 0.00834 0.00782 0.00737 0.00727 0.00708 0.00701 0.00692 0.00695 0.00714 0.00734 0.00753 0.00779 0.00779 0.00749 0.00656 0.00592 0.00599
-9999 -9999 -9999 -9999 -9999 -9999 -9999 -9999 -9999 -9999 -9999 -9999 0.03225 0.03101 0.03017 0.02997 0.02989 0.02957 0.02798 0.02801 0.02765 0.02667 0.02694 0.02769 0.02653 0.02712 0.02719 0.02677 0.02608 0.02611 0.02620 0.02452 0.02396 0.02264 0.02127 0.02099 0.02011 0.01905 0.01860 0.01832 0.01825 0.01791 0.01786 0.01725 0.01640 0.01571 0.01504 0.01441 0.01370 0.01271 0.01207 0.01112 0.01057 0.00970 0.00936 0.00898 0.00877 0.00824 0.00792 0.00773 0.00745 0.00740 0.00737 0.00741 0.00753 0.00780 0.00809 0.00828 0.00812 0.00751 0.00745 0.00757 0.00717
-9999 -9999 -9999 -9999 -9999 -9999 -9999 -9999 -9999 -9999 -9999 0.03288 0.03168 0.03359 0.03321 0.03072 0.02980 0.02965 0.02904 0.02832 0.02974 0.02768 0.02768 0.02738 0.02697 0.02618 0.02602 0.02549 0.02588 0.02643 0.02606 0.02573 0.02519 0.02461 0.02361 0.02374 0.02233 0.02159 0.02040 0.01933 0.01941 0.01903 0.01842 0.01808 0.01739 0.01721 0.01685 0.01631 0.01556 0.01406 0.01339 0.01202 0.01144 0.01080 0.01052 0.00993 0.00952 0.00917 0.00896 0.00869 0.00832 0.00811 0.00828 0.00822 0.00837 0.00864 0.00889 0.00886 0.00861 0.00812 0.00759 0.00756 0.00834
-9999 -9999 -9999 -9999 -9999 -9999 -9999 -9999 -9999 -9999 -9999 0.03352 0.03306 0.03340 0.03360 0.03109 0.03041 0.03001 0.02960 0.02884 0.02893 0.02790 0.02745 0.02781 0.02711 0.02635 0.02593 0.02514 0.02565 0.02528 0.02493 0.02522 0.02451 0.02515 0.02418 0.02435 0.02390 0.02270 0.02125 0.02129 0.02079 0.02000 0.01934 0.01871 0.01803 0.01773 0.01738 0.01719 0.01685 0.01545 0.01473 0.01333 0.01260 0.01168 0.01091 0.01051 0.00998 0.00982 0.00962 0.00916 0.00891 0.00871 0.00864 0.00871 0.00897 0.00957 0.00961 0.00996 0.00931 0.00879 0.00930 0.00968 0.00986
-9999 -9999 -9999 -9999 -9999 -9999 -9999 -9999 -9999 -9999 -9999 0.03348 0.03273 0.03333 0.03292 0.03197 0.03159 0.03148 0.03109 0.03050 0.02945 0.02895 0.02896 0.02772 0.02726 0.02611 0.02569 0.02484 0.02491 0.02533 0.02478 0.02484 0.02475 0.02525 0.02462 0.02542 0.02507 0.02469 0.02370 0.02307 0.02254 0.02227 0.02169 0.02059 0.01994 0.01907 0.01856 0.01798 0.01736 0.01592 0.01517 0.01350 0.01264 0.01167 0.01133 0.01108 0.01068 0.01077 0.01059 0.00989 0.00966 0.00961 0.00954 0.00945 0.01014 0.01111 0.01148 0.01138 0.01105 0.01072 0.01210 0.01089 0.01121
