data/hydroclimate-scenarios/BCSD_hadcm_A1B/monthly_summaries/vpd_monthly_avg_aug.2030-2059.asc
ncols	311
nrows	91
xllcenter	102.75
yllcenter	31.75
cellsize	0.5
NODATA_value	-9999
[rows 0 to 32 of 91, columns 0 to 72 of 311]
-9999 -9999 -9999 -9999 -9999 -9999 -9999 -9999 -9999 -9999 -9999 -9999 -9999 -9999 -9999 -9999 -9999 -9999 -9999 -9999 -9999 -9999 -9999 -9999 -9999 -9999 -9999 -9999 -9999 -9999 -9999 -9999 -9999 -9999 -9999 -9999 -9999 -9999 -9999 -9999 -9999 -9999 -9999 -9999 -9999 -9999 -9999 -9999 -9999 -9999 -9999 -9999 -9999 -9999 -9999 -9999 -9999 -9999 -9999 -9999 -9999 -9999 -9999 -9999 -9999 -9999 -9999 -9999 -9999 -9999 -9999 -9999 -9999
-9999 -9999 -9999 -9999 -9999 -9999 -9999 -9999 -9999 -9999 -9999 -9999 -9999 -9999 -9999 -9999 -9999 -9999 -9999 -9999 -9999 -9999 -9999 -9999 -9999 -9999 -9999 -9999 -9999 -9999 -9999 -9999 -9999 -9999 -9999 -9999 -9999 -9999 -9999 -9999 -9999 -9999 -9999 -9999 -9999 -9999 -9999 -9999 -9999 -9999 -9999 -9999 -9999 -9999 -9999 -9999 -9999 -9999 -9999 -9999 -9999 -9999 -9999 -9999 -9999 -9999 -9999 -9999 -9999 -9999 -9999 -9999 -9999
-9999 -9999 -9999 -9999 -9999 -9999 -9999 -9999 -9999 -9999 -9999 -9999 -9999 -9999 -9999 -9999 -9999 -9999 -9999 -9999 -9999 -9999 -9999 -9999 -9999 -9999 -9999 -9999 -9999 -9999 -9999 -9999 -9999 -9999 -9999 -9999 -9999 -9999 -9999 -9999 -9999 -9999 -9999 -9999 -9999 -9999 -9999 -9999 -9999 -9999 -9999 -9999 -9999 -9999 -9999 -9999 -9999 -9999 -9999 -9999 -9999 -9999 -9999 -9999 -9999 -9999 -9999 -9999 -9999 -9999 -9999 -9999 -9999
-9999 -9999 -9999 -9999 -9999 -9999 -9999 -9999 -9999 -9999 -9999 -9999 -9999 -9999 -9999 -9999 -9999 -9999 -9999 -9999 -9999 -9999 -9999 -9999 -9999 -9999 -9999 -9999 -9999 -9999 -9999 -9999 -9999 -9999 -9999 -9999 -9999 -9999 -9999 -9999 -9999 -9999 -9999 -9999 -9999 -9999 -9999 -9999 -9999 -9999 -9999 -9999 -9999 -9999 -9999 -9999 -9999 -9999 -9999 -9999 -9999 -9999 -9999 -9999 -9999 -9999 -9999 -9999 -9999 -9999 -9999 -9999 -9999
-9999 -9999 -9999 -9999 -9999 -9999 -9999 -9999 -9999 -9999 -9999 -9999 -9999 -9999 -9999 -9999 -9999 -9999 -9999 -9999 -9999 -9999 -9999 -9999 -9999 -9999 -9999 -9999 -9999 -9999 -9999 -9999 -9999 -9999 -9999 -9999 -9999 -9999 -9999 -9999 -9999 -9999 -9999 -9999 -9999 -9999 -9999 -9999 -9999 -9999 -9999 -9999 -9999 -9999 -9999 -9999 -9999 -9999 -9999 -9999 -9999 -9999 -9999 -9999 -9999 -9999 -9999 -9999 -9999 -9999 -9999 -9999 -9999
-9999 -9999 -9999 -9999 -9999 -9999 -9999 -9999 -9999 -9999 -9999 -9999 -9999 -9999 -9999 -9999 -9999 -9999 -9999 -9999 -9999 -9999 -9999 -9999 -9999 -9999 -9999 -9999 -9999 -9999 -9999 -9999 -9999 -9999 -9999 -9999 -9999 -9999 -9999 -9999 -9999 -9999 -9999 -9999 -9999 -9999 -9999 -9999 -9999 -9999 -9999 -9999 -9999 -9999 -9999 -9999 -9999 -9999 -9999 -9999 -9999 -9999 -9999 -9999 -9999 -9999 -9999 -9999 -9999 -9999 -9999 -9999 -9999
-9999 -9999 -9999 -9999 -9999 -9999 -9999 -9999 -9999 -9999 -9999 -9999 -9999 -9999 -9999 -9999 -9999 -9999 -9999 -9999 -9999 -9999 -9999 -9999 -9999 -9999 -9999 -9999 -9999 -9999 -9999 -9999 -9999 -9999 -9999 -9999 -9999 -9999 -9999 -9999 -9999 -9999 -9999 -9999 -9999 -9999 -9999 -9999 -9999 -9999 -9999 -9999 -9999 -9999 -9999 -9999 -9999 -9999 -9999 -9999 -9999 -9999 -9999 -9999 -9999 -9999 -9999 -9999 -9999 -9999 -9999 -9999 -9999
-9999 -9999 -9999 -9999 -9999 -9999 -9999 -9999 -9999 -9999 -9999 -9999 -9999 -9999 -9999 -9999 -9999 -9999 -9999 -9999 -9999 -9999 -9999 -9999 -9999 -9999 -9999 -9999 -9999 -9999 -9999 -9999 -9999 -9999 -9999 -9999 -9999 -9999 -9999 -9999 -9999 -9999 0.57123 0.56441 0.56644 0.56271 0.56407 0.55935 0.56898 0.56692 0.57067 0.56852 -9999 -9999 -9999 -9999 -9999 -9999 -9999 -9999 -9999 -9999 -9999 -9999 -9999 -9999 -9999 -9999 -9999 -9999 -9999 -9999 -9999
-9999 -9999 -9999 -9999 -9999 -9999 -9999 -9999 -9999 -9999 -9999 -9999 -9999 -9999 -9999 -9999 -9999 -9999 -9999 -9999 -9999 -9999 -9999 -9999 -9999 -9999 -9999 -9999 -9999 -9999 -9999 -9999 -9999 -9999 -9999 -9999 -9999 -9999 0.55846 0.54760 0.55603 0.57421 0.57321 0.57382 0.57960 0.57615 0.58241 0.57681 0.57912 0.58587 0.58962 0.57944 0.58658 0.53231 -9999 -9999 -9999 -9999 -9999 -9999 -9999 -9999 -9999 -9999 -9999 -9999 -9999 -9999 -9999 -9999 -9999 -9999 -9999
-9999 -9999 -9999 -9999 -9999 -9999 -9999 -9999 -9999 -9999 -9999 -9999 -9999 -9999 -9999 -9999 -9999 -9999 -9999 -9999 -9999 -9999 -9999 -9999 -9999 -9999 -9999 -9999 -9999 -9999 -9999 -9999 -9999 -9999 -9999 -9999 -9999 -9999 -9999 -9999 0.58053 0.58447 0.56994 0.56070 0.57447 0.56008 0.57206 0.58787 0.58409 0.57893 0.58488 0.59430 0.59663 0.55498 -9999 -9999 -9999 -9999 -9999 -9999 -9999 -9999 -9999 -9999 -9999 -9999 -9999 -9999 -9999 -9999 -9999 -9999 -9999
-9999 -9999 -9999 -9999 -9999 -9999 -9999 -9999 -9999 -9999 -9999 -9999 -9999 -9999 -9999 -9999 -9999 -9999 -9999 -9999 -9999 -9999 -9999 -9999 -9999 -9999 -9999 -9999 -9999 -9999 -9999 -9999 -9999 -9999 -9999 -9999 -9999 -9999 -9999 -9999 -9999 -9999 -9999 -9999 0.58504 0.57242 0.55597 0.56329 0.57837 0.59574 0.59324 0.57487 0.61444 0.57683 -9999 -9999 -9999 -9999 -9999 -9999 0.66726 -9999 -9999 -9999 -9999 -9999 -9999 -9999 -9999 -9999 -9999 -9999 -9999
-9999 -9999 -9999 -9999 -9999 -9999 -9999 -9999 -9999 -9999 -9999 -9999 -9999 -9999 -9999 -9999 -9999 -9999 -9999 -9999 -9999 -9999 -9999 -9999 -9999 -9999 -9999 -9999 -9999 -9999 -9999 -9999 -9999 -9999 -9999 -9999 -9999 -9999 -9999 -9999 -9999 0.57617 0.57942 0.56543 0.57305 0.58290 0.57182 0.56346 0.58730 0.59743 0.59123 0.58044 0.61936 0.62738 -9999 -9999 -9999 -9999 -9999 0.68925 0.68957 0.70906 0.71465 0.72427 0.73061 0.73156 0.72795 0.70726 0.70315 0.70760 0.70068 0.70274 0.69351
-9999 -9999 -9999 -9999 -9999 -9999 -9999 -9999 -9999 -9999 -9999 -9999 -9999 -9999 -9999 -9999 -9999 -9999 -9999 -9999 -9999 -9999 -9999 -9999 -9999 -9999 -9999 -9999 -9999 -9999 -9999 -9999 -9999 -9999 -9999 -9999 -9999 -9999 -9999 -9999 -9999 0.59376 0.58844 0.58607 0.61206 0.60367 0.60887 0.60608 0.60161 0.60885 0.60086 0.57713 0.57908 0.60360 0.63053 0.62194 0.65919 -9999 0.70737 0.71702 0.72375 0.73806 0.74496 0.73181 0.73421 0.73960 0.74231 0.72586 0.72647 0.71550 0.70989 0.72294 0.71290
-9999 -9999 -9999 -9999 -9999 -9999 -9999 -9999 -9999 -9999 -9999 -9999 -9999 -9999 -9999 -9999 -9999 -9999 -9999 -9999 -9999 -9999 -9999 -9999 -9999 -9999 -9999 -9999 -9999 -9999 -9999 -9999 -9999 -9999 -9999 0.62492 0.62308 0.60558 0.60415 0.62234 0.62856 0.63771 0.63511 0.61840 0.63151 0.62359 0.63231 0.62580 0.62520 0.60367 0.58793 0.57451 0.54795 0.57772 0.58632 0.57909 0.62962 0.67389 0.71830 0.73087 0.74463 0.75025 0.75197 0.68239 0.70256 0.74220 0.73090 0.71620 0.73438 0.71186 0.70496 0.72261 0.69555
-9999 -9999 -9999 -9999 -9999 -9999 -9999 -9999 -9999 -9999 -9999 -9999 -9999 -9999 -9999 -9999 -9999 -9999 -9999 -9999 -9999 -9999 -9999 -9999 -9999 -9999 -9999 -9999 -9999 -9999 -9999 -9999 -9999 -9999 0.65410 0.61708 0.61405 0.62003 0.62029 0.63554 0.64687 0.64420 0.65002 0.64518 0.64680 0.65376 0.65330 0.62654 0.60201 0.57159 0.54832 0.55679 0.52623 0.52037 0.54009 0.58882 0.64330 0.67780 0.74519 0.76227 0.74708 0.72255 0.71511 0.68714 0.74948 0.75288 0.74315 0.70870 0.65489 0.66154 0.62699 0.61883 0.61152
-9999 -9999 -9999 -9999 -9999 -9999 -9999 -9999 -9999 -9999 -9999 -9999 -9999 -9999 -9999 -9999 -9999 -9999 -9999 -9999 -9999 -9999 -9999 -9999 -9999 -9999 -9999 -9999 -9999 -9999 -9999 -9999 -9999 0.65308 0.65315 0.63855 0.63502 0.63816 0.63783 0.66189 0.66262 0.64806 0.65399 0.65752 0.65762 0.65320 0.63943 0.61990 0.56979 0.54053 0.52019 0.50035 0.49281 0.51116 0.54826 0.59160 0.61056 0.68764 0.73429 0.73494 0.70955 0.75183 0.76612 0.78910 0.76309 0.74272 0.70880 0.68115 0.66346 0.66511 0.64122 0.63759 0.62326
-9999 -9999 -9999 -9999 -9999 -9999 -9999 -9999 -9999 -9999 -9999 -9999 -9999 -9999 -9999 -9999 -9999 -9999 -9999 -9999 -9999 -9999 -9999 -9999 -9999 -9999 -9999 -9999 -9999 -9999 -9999 0.67772 0.67542 0.66152 0.67036 0.65949 0.66224 0.67161 0.66448 0.68844 0.67362 0.68116 0.67788 0.66820 0.65953 0.65372 0.65262 0.64946 0.60440 0.56546 0.53249 0.50488 0.47914 0.49746 0.54293 0.59003 0.66077 0.68215 0.65568 0.69746 0.73408 0.75542 0.75471 0.80101 0.76751 0.72753 0.72233 0.72661 0.71334 0.63862 0.60309 0.58690 0.63755
-9999 -9999 -9999 -9999 -9999 -9999 -9999 -9999 -9999 -9999 -9999 -9999 -9999 -9999 -9999 -9999 -9999 -9999 -9999 -9999 -9999 -9999 -9999 -9999 -9999 -9999 -9999 -9999 -9999 0.70009 0.69380 0.67653 0.67856 0.67626 0.68196 0.67484 0.67552 0.68031 0.68178 0.69486 0.69286 0.69404 0.69654 0.68380 0.67245 0.65168 0.64610 0.63291 0.55831 0.53211 0.51609 0.48261 0.48147 0.51144 0.52010 0.57280 0.64935 0.66210 0.70065 0.75813 0.75607 0.75638 0.75347 0.75624 0.76954 0.74694 0.69782 0.65948 0.65102 0.64341 0.65564 0.58220 0.50076
-9999 -9999 -9999 -9999 -9999 -9999 -9999 -9999 -9999 -9999 -9999 -9999 -9999 -9999 -9999 -9999 -9999 -9999 -9999 -9999 -9999 -9999 -9999 -9999 0.66879 0.68224 0.69340 0.72208 0.71216 0.70146 0.68789 0.70323 0.69883 0.69247 0.68224 0.69679 0.68422 0.67397 0.67551 0.68552 0.70087 0.70515 0.69938 0.69824 0.68275 0.66731 0.66895 0.61597 0.56237 0.54666 0.54444 0.48205 0.48751 0.54137 0.58073 0.61428 0.65687 0.68184 0.68794 0.72727 0.75813 0.77217 0.78688 0.78238 0.77000 0.73176 0.74526 0.75589 0.72044 0.67678 0.57961 0.55835 0.52045
-9999 -9999 -9999 -9999 -9999 -9999 0.66998 0.68561 0.68714 0.69000 0.69366 -9999 -9999 -9999 -9999 -9999 -9999 -9999 -9999 -9999 -9999 0.69043 0.66026 0.65897 0.65727 0.67180 0.67917 0.68866 0.68669 0.70225 0.71104 0.71104 0.69768 0.69859 0.69166 0.69938 0.68796 0.69239 0.69468 0.70330 0.71004 0.70841 0.70846 0.69946 0.69195 0.67650 0.67945 0.63930 0.57793 0.55432 0.53094 0.51191 0.49486 0.53805 0.60405 0.64644 0.65632 0.68322 0.71966 0.76011 0.76738 0.77116 0.73704 0.72489 0.69929 0.76448 0.78277 0.74138 0.72185 0.72152 0.69187 0.59919 0.55341
-9999 -9999 -9999 -9999 -9999 0.68695 0.68355 0.64974 0.67825 0.66972 0.68173 0.65835 0.66923 0.65830 -9999 -9999 -9999 0.66979 0.66510 0.67044 0.66952 0.66147 0.66042 0.67202 0.66408 0.68109 0.68969 0.69984 0.70368 0.71185 0.73147 0.73244 0.73208 0.73135 0.72871 0.72388 0.71342 0.71722 0.71496 0.72528 0.72755 0.71990 0.72185 0.71321 0.70428 0.69744 0.65175 0.59735 0.57106 0.55401 0.54003 0.52722 0.53836 0.58458 0.61507 0.62777 0.63749 0.67796 0.74393 0.73379 0.74900 0.73264 0.71766 0.73182 0.67952 0.62971 0.65195 0.65395 0.68108 0.66533 0.65667 0.59970 0.57211
-9999 0.69463 0.69315 0.70985 0.69438 0.70209 0.68399 0.68178 0.67173 0.68373 0.67654 0.67518 0.65960 0.66965 0.68151 0.69215 0.71968 0.67688 0.66919 0.69215 0.69326 0.69821 0.69202 0.69970 0.71310 0.69922 0.70103 0.71422 0.71717 0.73272 0.75425 0.75935 0.76479 0.75588 0.75218 0.73698 0.73105 0.72732 0.74114 0.74842 0.74266 0.74872 0.74829 0.74254 0.73473 0.72428 0.67580 0.64060 0.60633 0.57943 0.56610 0.53209 0.54661 0.53868 0.56305 0.58642 0.62749 0.70275 0.69789 0.71296 0.74598 0.71416 0.67407 0.68308 0.64214 0.64078 0.67388 0.63594 0.66794 0.63073 0.58144 0.53456 0.54555
-9999 0.69654 0.71842 0.71581 0.72346 0.72588 0.72080 0.71529 0.71867 0.71097 0.71026 0.69326 0.67258 0.68780 0.68230 0.68760 0.68727 0.68578 0.68668 0.70451 0.69117 0.68920 0.69155 0.72894 0.72834 0.73524 0.73065 0.72759 0.73587 0.74794 0.76501 0.78236 0.78095 0.78875 0.78100 0.77065 0.76660 0.77470 0.77190 0.76309 0.76544 0.77086 0.77079 0.77002 0.76634 0.77128 0.74673 0.69042 0.65372 0.61165 0.60626 0.56435 0.56175 0.51157 0.52073 0.58345 0.61956 0.64570 0.67674 0.66761 0.69233 0.67062 0.66031 0.67865 0.65416 0.64181 0.62775 0.64291 0.63343 0.62652 0.61774 0.57326 0.54008
-9999 -9999 -9999 0.69968 0.70064 0.72300 0.72476 0.73250 0.72432 0.76035 0.73102 0.74500 0.74080 0.73864 0.71510 0.71814 0.71513 0.73781 0.72426 0.71529 0.71320 0.70616 0.71458 0.72697 0.74075 0.75138 0.75724 0.76488 0.77989 0.78886 0.80208 0.79889 0.80362 0.81276 0.80519 0.80905 0.79548 0.79431 0.79166 0.78695 0.79089 0.79043 0.79256 0.79315 0.79474 0.79935 0.77561 0.71948 0.70181 0.67113 0.62770 0.58973 0.55938 0.53428 0.55748 0.56455 0.61183 0.63535 0.62954 0.64860 0.68981 0.64682 0.63863 0.63597 0.65170 0.65558 0.66849 0.63835 0.61597 0.59972 0.59140 0.58787 0.58386
-9999 -9999 -9999 -9999 -9999 -9999 0.73987 0.75686 0.74309 0.77092 0.78061 0.75449 0.76122 0.76809 0.76471 0.76195 0.75544 0.76034 0.76781 0.76521 0.76525 0.75031 0.75880 0.75671 0.76659 0.74932 0.77068 0.79999 0.81344 0.82334 0.82341 0.82369 0.82811 0.83584 0.84083 0.83316 0.82182 0.81329 0.80654 0.79122 0.79248 0.79982 0.80116 0.81341 0.80730 0.81538 0.81063 0.72568 0.72141 0.66840 0.61118 0.56182 0.55783 0.60854 0.57779 0.57213 0.60274 0.58216 0.56841 0.60371 0.58629 0.59418 0.59145 0.59021 0.61429 0.60455 0.65555 0.62817 0.60305 0.59453 0.57862 0.58457 0.58590
-9999 -9999 -9999 -9999 -9999 -9999 0.76673 0.76801 0.78279 0.77108 0.78765 0.77248 0.77946 0.79749 0.78824 0.77897 0.77223 0.77434 0.78044 0.76832 0.76792 0.76360 0.76158 0.76105 0.76687 0.79034 0.81327 0.83067 0.84206 0.84271 0.83993 0.84842 0.85071 0.86075 0.84415 0.85476 0.86361 0.85210 0.84547 0.81419 0.80306 0.80714 0.80596 0.80878 0.81618 0.82452 0.82360 0.80895 0.78735 0.74992 0.69711 0.66483 0.64503 0.62753 0.62968 0.68071 0.66605 0.62836 0.64812 0.62814 0.56903 0.58281 0.57933 0.60025 0.59234 0.64016 0.64054 0.64309 0.63425 0.61792 0.57533 0.57304 0.57021
-9999 -9999 -9999 -9999 -9999 -9999 -9999 -9999 -9999 -9999 0.83681 0.79493 0.80106 0.84257 0.82123 0.79506 0.79137 0.77846 0.78757 0.79558 0.79264 0.78309 0.78654 0.78454 0.79221 0.78062 0.80468 0.83812 0.84628 0.85959 0.85553 0.85621 0.85933 0.87801 0.88245 0.89842 0.88825 0.88396 0.88597 0.85445 0.83715 0.83200 0.81700 0.81321 0.81907 0.81722 0.81613 0.82211 0.82661 0.81536 0.81749 0.81334 0.79393 0.81423 0.82615 0.83464 0.83259 0.80843 0.78970 0.77386 0.77684 0.73645 0.72562 0.68930 0.67417 0.70729 0.70436 0.68618 0.65257 0.64630 0.60383 0.55231 0.53084
-9999 -9999 -9999 -9999 -9999 -9999 -9999 -9999 -9999 -9999 0.89227 0.87030 0.83918 0.86909 0.84748 0.81447 0.80879 0.79950 0.78515 0.79907 0.79372 0.78683 0.77881 0.78626 0.79257 0.82210 0.85471 0.86199 0.87857 0.88017 0.87679 0.88244 0.88462 0.90221 0.88796 0.89589 0.89200 0.88163 0.85747 0.84637 0.83788 0.81546 0.80818 0.79686 0.79798 0.79888 0.80314 0.80651 0.81062 0.81049 0.82202 0.81811 0.83349 0.84471 0.87366 0.88253 0.87784 0.88165 0.89186 0.85111 0.85103 0.85504 0.85458 0.85078 0.84824 0.83276 0.80654 0.77746 0.74798 0.65301 0.62093 0.58953 0.56474
-9999 -9999 -9999 -9999 -9999 -9999 -9999 -9999 -9999 -9999 -9999 -9999 0.90161 0.84904 0.83797 0.83125 0.85284 0.87281 0.83672 0.83580 0.83864 0.81939 0.82679 0.83203 0.84566 0.87023 0.87467 0.87055 0.88288 0.89265 0.90414 0.89435 0.89788 0.88889 0.88820 0.88716 0.88906 0.86102 0.85018 0.82008 0.81346 0.80699 0.79039 0.79252 0.78935 0.78903 0.78687 0.80444 0.79876 0.79845 0.80492 0.81173 0.82234 0.84560 0.89849 0.89600 0.89875 0.86499 0.86195 0.84929 0.85577 0.86076 0.85528 0.86141 0.86247 0.84939 0.83200 0.80946 0.76699 0.70462 0.61590 0.55596 0.55981
-9999 -9999 -9999 -9999 -9999 -9999 -9999 -9999 -9999 -9999 -9999 -9999 0.92291 0.89549 0.87231 0.86092 0.87007 0.87156 0.84055 0.84671 0.84041 0.80890 0.82304 0.85185 0.84417 0.87092 0.88916 0.89250 0.89868 0.90106 0.90934 0.90600 0.90278 0.88994 0.87080 0.88732 0.85565 0.83447 0.83431 0.82281 0.82098 0.81873 0.81633 0.80803 0.80729 0.80130 0.80086 0.79483 0.80955 0.79767 0.80092 0.81792 0.83506 0.85537 0.90462 0.90216 0.89671 0.86654 0.86848 0.86087 0.86968 0.86602 0.86205 0.86687 0.86244 0.84279 0.82257 0.79017 0.73362 0.66243 0.62644 0.60907 0.57202
-9999 -9999 -9999 -9999 -9999 -9999 -9999 -9999 -9999 -9999 -9999 0.95243 0.91972 0.93422 0.92917 0.85478 0.83650 0.83488 0.81961 0.80642 0.85801 0.80808 0.82883 0.83268 0.83917 0.84921 0.86295 0.88909 0.91304 0.91933 0.92400 0.90367 0.90508 0.89890 0.89287 0.91781 0.87343 0.84938 0.81772 0.79188 0.79360 0.78855 0.77608 0.78058 0.79159 0.81751 0.81388 0.82497 0.82032 0.81657 0.82643 0.82265 0.83864 0.85809 0.90311 0.89914 0.89239 0.86503 0.85844 0.86324 0.86668 0.86779 0.86049 0.85530 0.84591 0.83055 0.79129 0.74222 0.68816 0.61261 0.55417 0.53115 0.54958
-9999 -9999 -9999 -9999 -9999 -9999 -9999 -9999 -9999 -9999 -9999 0.96085 0.94833 0.93481 0.93453 0.86874 0.84913 0.83831 0.84011 0.82363 0.83465 0.82892 0.83677 0.85991 0.87389 0.87740 0.87401 0.89087 0.91062 0.90724 0.89436 0.89468 0.88741 0.89550 0.87929 0.89014 0.89740 0.84763 0.81096 0.80988 0.81721 0.80556 0.79077 0.78532 0.79565 0.80546 0.81491 0.82621 0.83406 0.84760 0.85273 0.85245 0.85916 0.86084 0.85711 0.86298 0.85715 0.85588 0.85342 0.85514 0.85655 0.86197 0.86029 0.85586 0.84565 0.82740 0.77081 0.73363 0.65132 0.57813 0.57104 0.56469 0.55289
-9999 -9999 -9999 -9999 -9999 -9999 -9999 -9999 -9999 -9999 -9999 0.93061 0.91010 0.90353 0.89423 0.86911 0.85830 0.85206 0.84688 0.84676 0.84065 0.84619 0.87816 0.88229 0.89024 0.89587 0.88413 0.90033 0.89416 0.91868 0.89337 0.87891 0.88972 0.87594 0.85204 0.89121 0.87755 0.87834 0.85698 0.84050 0.82388 0.82098 0.83576 0.81636 0.81224 0.81227 0.80794 0.78106 0.77082 0.78748 0.79175 0.79065 0.79606 0.79782 0.81701 0.83982 0.83682 0.84677 0.85682 0.85017 0.85094 0.84696 0.86293 0.86391 0.86647 0.84399 0.79407 0.72807 0.66082 0.60406 0.61341 0.54149 0.53197
