data/hydroclimate-scenarios/BCSD_hadcm_A1B/monthly_summaries/vpd_monthly_avg_jan.2070-2099.asc
ncols	311
nrows	91
xllcenter	102.75
yllcenter	31.75
cellsize	0.5
NODATA_value	-9999
[rows 0 to 32 of 91, columns 0 to 72 of 311]
-9999 -9999 -9999 -9999 -9999 -9999 -9999 -9999 -9999 -9999 -9999 -9999 -9999 -9999 -9999 -9999 -9999 -9999 -9999 -9999 -9999 -9999 -9999 -9999 -9999 -9999 -9999 -9999 -9999 -9999 -9999 -9999 -9999 -9999 -9999 -9999 -9999 -9999 -9999 -9999 -9999 -9999 -9999 -9999 -9999 -9999 -9999 -9999 -9999 -9999 -9999 -9999 -9999 -9999 -9999 -9999 -9999 -9999 -9999 -9999 -9999 -9999 -9999 -9999 -9999 -9999 -9999 -9999 -9999 -9999 -9999 -9999 -9999
-9999 -9999 -9999 -9999 -9999 -9999 -9999 -9999 -9999 -9999 -9999 -9999 -9999 -9999 -9999 -9999 -9999 -9999 -9999 -9999 -9999 -9999 -9999 -9999 -9999 -9999 -9999 -9999 -9999 -9999 -9999 -9999 -9999 -9999 -9999 -9999 -9999 -9999 -9999 -9999 -9999 -9999 -9999 -9999 -9999 -9999 -9999 -9999 -9999 -9999 -9999 -9999 -9999 -9999 -9999 -9999 -9999 -9999 -9999 -9999 -9999 -9999 -9999 -9999 -9999 -9999 -9999 -9999 -9999 -9999 -9999 -9999 -9999
-9999 -9999 -9999 -9999 -9999 -9999 -9999 -9999 -9999 -9999 -9999 -9999 -9999 -9999 -9999 -9999 -9999 -9999 -9999 -9999 -9999 -9999 -9999 -9999 -9999 -9999 -9999 -9999 -9999 -9999 -9999 -9999 -9999 -9999 -9999 -9999 -9999 -9999 -9999 -9999 -9999 -9999 -9999 -9999 -9999 -9999 -9999 -9999 -9999 -9999 -9999 -9999 -9999 -9999 -9999 -9999 -9999 -9999 -9999 -9999 -9999 -9999 -9999 -9999 -9999 -9999 -9999 -9999 -9999 -9999 -9999 -9999 -9999
-9999 -9999 -9999 -9999 -9999 -9999 -9999 -9999 -9999 -9999 -9999 -9999 -9999 -9999 -9999 -9999 -9999 -9999 -9999 -9999 -9999 -9999 -9999 -9999 -9999 -9999 -9999 -9999 -9999 -9999 -9999 -9999 -9999 -9999 -9999 -9999 -9999 -9999 -9999 -9999 -9999 -9999 -9999 -9999 -9999 -9999 -9999 -9999 -9999 -9999 -9999 -9999 -9999 -9999 -9999 -9999 -9999 -9999 -9999 -9999 -9999 -9999 -9999 -9999 -9999 -9999 -9999 -9999 -9999 -9999 -9999 -9999 -9999
-9999 -9999 -9999 -9999 -9999 -9999 -9999 -9999 -9999 -9999 -9999 -9999 -9999 -9999 -9999 -9999 -9999 -9999 -9999 -9999 -9999 -9999 -9999 -9999 -9999 -9999 -9999 -9999 -9999 -9999 -9999 -9999 -9999 -9999 -9999 -9999 -9999 -9999 -9999 -9999 -9999 -9999 -9999 -9999 -9999 -9999 -9999 -9999 -9999 -9999 -9999 -9999 -9999 -9999 -9999 -9999 -9999 -9999 -9999 -9999 -9999 -9999 -9999 -9999 -9999 -9999 -9999 -9999 -9999 -9999 -9999 -9999 -9999
-9999 -9999 -9999 -9999 -9999 -9999 -9999 -9999 -9999 -9999 -9999 -9999 -9999 -9999 -9999 -9999 -9999 -9999 -9999 -9999 -9999 -9999 -9999 -9999 -9999 -9999 -9999 -9999 -9999 -9999 -9999 -9999 -9999 -9999 -9999 -9999 -9999 -9999 -9999 -9999 -9999 -9999 -9999 -9999 -9999 -9999 -9999 -9999 -9999 -9999 -9999 -9999 -9999 -9999 -9999 -9999 -9999 -9999 -9999 -9999 -9999 -9999 -9999 -9999 -9999 -9999 -9999 -9999 -9999 -9999 -9999 -9999 -9999
-9999 -9999 -9999 -9999 -9999 -9999 -9999 -9999 -9999 -9999 -9999 -9999 -9999 -9999 -9999 -9999 -9999 -9999 -9999 -9999 -9999 -9999 -9999 -9999 -9999 -9999 -9999 -9999 -9999 -9999 -9999 -9999 -9999 -9999 -9999 -9999 -9999 -9999 -9999 -9999 -9999 -9999 -9999 -9999 -9999 -9999 -9999 -9999 -9999 -9999 -9999 -9999 -9999 -9999 -9999 -9999 -9999 -9999 -9999 -9999 -9999 -9999 -9999 -9999 -9999 -9999 -9999 -9999 -9999 -9999 -9999 -9999 -9999
-9999 -9999 -9999 -9999 -9999 -9999 -9999 -9999 -9999 -9999 -9999 -9999 -9999 -9999 -9999 -9999 -9999 -9999 -9999 -9999 -9999 -9999 -9999 -9999 -9999 -9999 -9999 -9999 -9999 -9999 -9999 -9999 -9999 -9999 -9999 -9999 -9999 -9999 -9999 -9999 -9999 -9999 0.00618 0.00610 0.00585 0.00578 0.00556 0.00534 0.00520 0.00505 0.00491 0.00470 -9999 -9999 -9999 -9999 -9999 -9999 -9999 -9999 -9999 -9999 -9999 -9999 -9999 -9999 -9999 -9999 -9999 -9999 -9999 -9999 -9999
-9999 -9999 -9999 -9999 -9999 -9999 -9999 -9999 -9999 -9999 -9999 -9999 -9999 -9999 -9999 -9999 -9999 -9999 -9999 -9999 -9999 -9999 -9999 -9999 -9999 -9999 -9999 -9999 -9999 -9999 -9999 -9999 -9999 -9999 -9999 -9999 -9999 -9999 0.00694 0.00633 0.00634 0.00631 0.00622 0.00609 0.00590 0.00579 0.00557 0.00543 0.00528 0.00509 0.00494 0.00488 0.00481 0.00919 -9999 -9999 -9999 -9999 -9999 -9999 -9999 -9999 -9999 -9999 -9999 -9999 -9999 -9999 -9999 -9999 -9999 -9999 -9999
-9999 -9999 -9999 -9999 -9999 -9999 -9999 -9999 -9999 -9999 -9999 -9999 -9999 -9999 -9999 -9999 -9999 -9999 -9999 -9999 -9999 -9999 -9999 -9999 -9999 -9999 -9999 -9999 -9999 -9999 -9999 -9999 -9999 -9999 -9999 -9999 -9999 -9999 -9999 -9999 0.00660 0.00660 0.00623 0.00607 0.00594 0.00560 0.00568 0.00556 0.00542 0.00508 0.00501 0.00497 0.00496 0.00903 -9999 -9999 -9999 -9999 -9999 -9999 -9999 -9999 -9999 -9999 -9999 -9999 -9999 -9999 -9999 -9999 -9999 -9999 -9999
-9999 -9999 -9999 -9999 -9999 -9999 -9999 -9999 -9999 -9999 -9999 -9999 -9999 -9999 -9999 -9999 -9999 -9999 -9999 -9999 -9999 -9999 -9999 -9999 -9999 -9999 -9999 -9999 -9999 -9999 -9999 -9999 -9999 -9999 -9999 -9999 -9999 -9999 -9999 -9999 -9999 -9999 -9999 -9999 0.00600 0.00585 0.00545 0.00529 0.00519 0.00526 0.00509 0.00468 0.00491 0.00859 -9999 -9999 -9999 -9999 -9999 -9999 0.00440 -9999 -9999 -9999 -9999 -9999 -9999 -9999 -9999 -9999 -9999 -9999 -9999
-9999 -9999 -9999 -9999 -9999 -9999 -9999 -9999 -9999 -9999 -9999 -9999 -9999 -9999 -9999 -9999 -9999 -9999 -9999 -9999 -9999 -9999 -9999 -9999 -9999 -9999 -9999 -9999 -9999 -9999 -9999 -9999 -9999 -9999 -9999 -9999 -9999 -9999 -9999 -9999 -9999 0.00619 0.00612 0.00599 0.00588 0.00604 0.00567 0.00533 0.00536 0.00527 0.00496 0.00472 0.00485 0.00490 -9999 -9999 -9999 -9999 -9999 0.00454 0.00462 0.00455 0.00460 0.00476 0.00489 0.00508 0.00521 0.00535 0.00557 0.00576 0.00608 0.00632 0.00644
-9999 -9999 -9999 -9999 -9999 -9999 -9999 -9999 -9999 -9999 -9999 -9999 -9999 -9999 -9999 -9999 -9999 -9999 -9999 -9999 -9999 -9999 -9999 -9999 -9999 -9999 -9999 -9999 -9999 -9999 -9999 -9999 -9999 -9999 -9999 -9999 -9999 -9999 -9999 -9999 -9999 0.00644 0.00630 0.00624 0.00635 0.00624 0.00612 0.00568 0.00553 0.00540 0.00516 0.00466 0.00448 0.00454 0.00467 0.00443 0.00466 -9999 0.00462 0.00460 0.00458 0.00462 0.00461 0.00458 0.00474 0.00487 0.00509 0.00529 0.00556 0.00569 0.00587 0.00613 0.00640
-9999 -9999 -9999 -9999 -9999 -9999 -9999 -9999 -9999 -9999 -9999 -9999 -9999 -9999 -9999 -9999 -9999 -9999 -9999 -9999 -9999 -9999 -9999 -9999 -9999 -9999 -9999 -9999 -9999 -9999 -9999 -9999 -9999 -9999 -9999 0.00817 0.00811 0.00754 0.00731 0.00728 0.00719 0.00701 0.00675 0.00683 0.00655 0.00640 0.00620 0.00599 0.00577 0.00542 0.00509 0.00470 0.00431 0.00431 0.00423 0.00400 0.00433 0.00450 0.00475 0.00467 0.00465 0.00459 0.00463 0.00419 0.00441 0.00484 0.00500 0.00517 0.00548 0.00557 0.00580 0.00604 0.00610
-9999 -9999 -9999 -9999 -9999 -9999 -9999 -9999 -9999 -9999 -9999 -9999 -9999 -9999 -9999 -9999 -9999 -9999 -9999 -9999 -9999 -9999 -9999 -9999 -9999 -9999 -9999 -9999 -9999 -9999 -9999 -9999 -9999 -9999 0.00896 0.00848 0.00820 0.00797 0.00775 0.00778 0.00759 0.00734 0.00721 0.00687 0.00665 0.00646 0.00623 0.00590 0.00543 0.00496 0.00454 0.00447 0.00402 0.00380 0.00386 0.00409 0.00437 0.00442 0.00479 0.00474 0.00446 0.00430 0.00424 0.00408 0.00457 0.00480 0.00483 0.00487 0.00462 0.00488 0.00483 0.00496 0.00516
-9999 -9999 -9999 -9999 -9999 -9999 -9999 -9999 -9999 -9999 -9999 -9999 -9999 -9999 -9999 -9999 -9999 -9999 -9999 -9999 -9999 -9999 -9999 -9999 -9999 -9999 -9999 -9999 -9999 -9999 -9999 -9999 -9999 0.00909 0.00896 0.00872 0.00844 0.00833 0.00812 0.00810 0.00793 0.00749 0.00725 0.00712 0.00677 0.00652 0.00611 0.00582 0.00510 0.00465 0.00418 0.00385 0.00334 0.00363 0.00391 0.00407 0.00402 0.00442 0.00464 0.00444 0.00412 0.00431 0.00436 0.00457 0.00454 0.00453 0.00440 0.00448 0.00456 0.00480 0.00479 0.00497 0.00512
-9999 -9999 -9999 -9999 -9999 -9999 -9999 -9999 -9999 -9999 -9999 -9999 -9999 -9999 -9999 -9999 -9999 -9999 -9999 -9999 -9999 -9999 -9999 -9999 -9999 -9999 -9999 -9999 -9999 -9999 -9999 0.01023 0.00980 0.00952 0.00947 0.00912 0.00895 0.00885 0.00851 0.00833 0.00814 0.00770 0.00752 0.00718 0.00675 0.00647 0.00617 0.00599 0.00541 0.00488 0.00430 0.00389 0.00317 0.00352 0.00373 0.00396 0.00431 0.00431 0.00396 0.00398 0.00419 0.00424 0.00424 0.00460 0.00447 0.00442 0.00450 0.00470 0.00474 0.00437 0.00428 0.00430 0.00499
-9999 -9999 -9999 -9999 -9999 -9999 -9999 -9999 -9999 -9999 -9999 -9999 -9999 -9999 -9999 -9999 -9999 -9999 -9999 -9999 -9999 -9999 -9999 -9999 -9999 -9999 -9999 -9999 -9999 0.01156 0.01104 0.01056 0.01006 0.00991 0.00966 0.00934 0.00919 0.00906 0.00873 0.00852 0.00844 0.00794 0.00769 0.00728 0.00693 0.00651 0.00617 0.00577 0.00487 0.00448 0.00406 0.00346 0.00317 0.00356 0.00352 0.00370 0.00421 0.00402 0.00413 0.00433 0.00423 0.00415 0.00410 0.00414 0.00429 0.00428 0.00411 0.00397 0.00404 0.00433 0.00460 0.00414 0.00345
-9999 -9999 -9999 -9999 -9999 -9999 -9999 -9999 -9999 -9999 -9999 -9999 -9999 -9999 -9999 -9999 -9999 -9999 -9999 -9999 -9999 -9999 -9999 -9999 0.01294 0.01277 0.01261 0.01244 0.01195 0.01123 0.01073 0.01068 0.01036 0.00996 0.00960 0.00955 0.00902 0.00885 0.00873 0.00848 0.00855 0.00818 0.00800 0.00758 0.00714 0.00671 0.00643 0.00569 0.00488 0.00462 0.00434 0.00350 0.00339 0.00369 0.00387 0.00401 0.00415 0.00427 0.00404 0.00418 0.00428 0.00418 0.00427 0.00431 0.00435 0.00417 0.00442 0.00463 0.00460 0.00445 0.00368 0.00371 0.00346
-9999 -9999 -9999 -9999 -9999 -9999 0.01798 0.01822 0.01834 0.01831 0.01832 -9999 -9999 -9999 -9999 -9999 -9999 -9999 -9999 -9999 -9999 0.01400 0.01330 0.01320 0.01293 0.01292 0.01270 0.01221 0.01199 0.01175 0.01152 0.01118 0.01059 0.01033 0.00992 0.00956 0.00921 0.00908 0.00900 0.00897 0.00875 0.00859 0.00819 0.00793 0.00734 0.00680 0.00654 0.00588 0.00512 0.00466 0.00417 0.00375 0.00335 0.00363 0.00409 0.00423 0.00423 0.00424 0.00433 0.00443 0.00432 0.00423 0.00401 0.00394 0.00389 0.00446 0.00466 0.00455 0.00454 0.00476 0.00464 0.00400 0.00367
-9999 -9999 -9999 -9999 -9999 0.01830 0.01810 0.01737 0.01813 0.01786 0.01800 0.01696 0.01691 0.01651 -9999 -9999 -9999 0.01578 0.01513 0.01464 0.01441 0.01395 0.01384 0.01408 0.01353 0.01337 0.01322 0.01309 0.01274 0.01214 0.01205 0.01175 0.01132 0.01096 0.01065 0.01027 0.00988 0.00954 0.00936 0.00945 0.00923 0.00890 0.00840 0.00834 0.00771 0.00710 0.00642 0.00556 0.00504 0.00465 0.00431 0.00391 0.00391 0.00415 0.00419 0.00421 0.00411 0.00427 0.00460 0.00448 0.00444 0.00420 0.00406 0.00419 0.00388 0.00354 0.00379 0.00394 0.00431 0.00432 0.00445 0.00403 0.00383
-9999 0.01825 0.01870 0.01882 0.01842 0.01873 0.01830 0.01822 0.01815 0.01820 0.01796 0.01741 0.01687 0.01679 0.01707 0.01741 0.01784 0.01634 0.01584 0.01570 0.01563 0.01514 0.01471 0.01515 0.01512 0.01412 0.01398 0.01354 0.01320 0.01297 0.01287 0.01254 0.01198 0.01164 0.01118 0.01080 0.01050 0.01005 0.00987 0.00951 0.00940 0.00920 0.00877 0.00854 0.00813 0.00750 0.00676 0.00600 0.00550 0.00495 0.00458 0.00399 0.00395 0.00372 0.00377 0.00391 0.00416 0.00458 0.00440 0.00437 0.00444 0.00417 0.00388 0.00399 0.00374 0.00377 0.00410 0.00387 0.00426 0.00411 0.00371 0.00349 0.00361
-9999 0.01842 0.01923 0.01937 0.01952 0.01984 0.01954 0.01959 0.01970 0.01946 0.01916 0.01900 0.01807 0.01874 0.01855 0.01837 0.01814 0.01714 0.01721 0.01703 0.01632 0.01571 0.01554 0.01616 0.01570 0.01566 0.01493 0.01492 0.01438 0.01425 0.01404 0.01354 0.01309 0.01270 0.01210 0.01162 0.01120 0.01083 0.01062 0.00999 0.00963 0.00951 0.00915 0.00881 0.00846 0.00809 0.00757 0.00663 0.00603 0.00542 0.00515 0.00448 0.00426 0.00366 0.00362 0.00408 0.00426 0.00428 0.00440 0.00421 0.00424 0.00404 0.00394 0.00424 0.00402 0.00403 0.00397 0.00420 0.00428 0.00428 0.00434 0.00391 0.00361
-9999 -9999 -9999 0.01913 0.01926 0.02009 0.01994 0.02037 0.02011 0.02116 0.02024 0.02100 0.02052 0.02047 0.01951 0.01955 0.01928 0.01945 0.01866 0.01796 0.01736 0.01670 0.01652 0.01646 0.01661 0.01649 0.01622 0.01588 0.01612 0.01524 0.01502 0.01430 0.01396 0.01356 0.01298 0.01246 0.01163 0.01116 0.01068 0.01029 0.00998 0.00981 0.00931 0.00924 0.00876 0.00855 0.00782 0.00715 0.00668 0.00613 0.00543 0.00487 0.00432 0.00394 0.00409 0.00399 0.00433 0.00432 0.00412 0.00403 0.00429 0.00398 0.00392 0.00402 0.00415 0.00430 0.00456 0.00434 0.00425 0.00416 0.00416 0.00421 0.00420
-9999 -9999 -9999 -9999 -9999 -9999 0.02138 0.02152 0.02113 0.02172 0.02157 0.02154 0.02137 0.02209 0.02142 0.02103 0.02037 0.01995 0.02025 0.01988 0.01939 0.01813 0.01792 0.01747 0.01724 0.01684 0.01707 0.01756 0.01725 0.01656 0.01621 0.01541 0.01478 0.01404 0.01372 0.01316 0.01228 0.01159 0.01117 0.01046 0.01016 0.01000 0.00981 0.00961 0.00942 0.00903 0.00878 0.00755 0.00732 0.00659 0.00554 0.00483 0.00457 0.00485 0.00444 0.00421 0.00438 0.00402 0.00374 0.00386 0.00369 0.00371 0.00368 0.00379 0.00406 0.00412 0.00468 0.00449 0.00435 0.00437 0.00429 0.00436 0.00450
-9999 -9999 -9999 -9999 -9999 -9999 0.02251 0.02214 0.02277 0.02231 0.02255 0.02266 0.02250 0.02343 0.02291 0.02204 0.02153 0.02092 0.02084 0.02046 0.01993 0.01913 0.01845 0.01814 0.01789 0.01812 0.01850 0.01853 0.01839 0.01790 0.01725 0.01632 0.01566 0.01489 0.01418 0.01372 0.01298 0.01231 0.01155 0.01100 0.01072 0.01061 0.01048 0.01027 0.01009 0.00985 0.00935 0.00906 0.00847 0.00788 0.00690 0.00634 0.00578 0.00541 0.00507 0.00546 0.00501 0.00445 0.00445 0.00417 0.00358 0.00366 0.00371 0.00395 0.00396 0.00449 0.00474 0.00481 0.00496 0.00491 0.00451 0.00456 0.00461
-9999 -9999 -9999 -9999 -9999 -9999 -9999 -9999 -9999 -9999 0.02436 0.02299 0.02303 0.02403 0.02324 0.02196 0.02165 0.02090 0.02115 0.02076 0.02044 0.01980 0.01979 0.01908 0.01886 0.01819 0.01850 0.01927 0.01900 0.01846 0.01800 0.01737 0.01675 0.01585 0.01522 0.01482 0.01383 0.01297 0.01233 0.01163 0.01157 0.01153 0.01105 0.01080 0.01052 0.01034 0.01017 0.01001 0.00976 0.00940 0.00902 0.00853 0.00797 0.00783 0.00739 0.00733 0.00691 0.00646 0.00603 0.00579 0.00566 0.00524 0.00519 0.00487 0.00484 0.00525 0.00538 0.00549 0.00544 0.00568 0.00529 0.00475 0.00462
-9999 -9999 -9999 -9999 -9999 -9999 -9999 -9999 -9999 -9999 0.02660 0.02615 0.02450 0.02528 0.02445 0.02329 0.02271 0.02233 0.02175 0.02133 0.02082 0.02034 0.01979 0.01983 0.01960 0.02001 0.01999 0.02020 0.02008 0.01958 0.01939 0.01877 0.01775 0.01714 0.01609 0.01552 0.01470 0.01369 0.01319 0.01248 0.01227 0.01201 0.01171 0.01158 0.01100 0.01099 0.01079 0.01063 0.01043 0.00995 0.00983 0.00930 0.00896 0.00854 0.00812 0.00791 0.00759 0.00721 0.00707 0.00672 0.00660 0.00646 0.00647 0.00643 0.00653 0.00665 0.00665 0.00691 0.00691 0.00617 0.00607 0.00580 0.00554
-9999 -9999 -9999 -9999 -9999 -9999 -9999 -9999 -9999 -9999 -9999 -9999 0.02690 0.02489 0.02467 0.02472 0.02495 0.02492 0.02366 0.02314 0.02276 0.02197 0.02137 0.02122 0.02161 0.02194 0.02174 0.02137 0.02124 0.02112 0.02102 0.01973 0.01890 0.01760 0.01702 0.01640 0.01580 0.01481 0.01415 0.01362 0.01344 0.01297 0.01270 0.01253 0.01209 0.01195 0.01161 0.01169 0.01146 0.01104 0.01064 0.00989 0.00945 0.00905 0.00882 0.00853 0.00824 0.00760 0.00728 0.00702 0.00704 0.00673 0.00675 0.00683 0.00708 0.00710 0.00738 0.00787 0.00788 0.00762 0.00676 0.00605 0.00626
-9999 -9999 -9999 -9999 -9999 -9999 -9999 -9999 -9999 -9999 -9999 -9999 0.02881 0.02735 0.02667 0.02639 0.02636 0.02590 0.02432 0.02400 0.02390 0.02257 0.02212 0.02238 0.02150 0.02206 0.02224 0.02247 0.02207 0.02215 0.02208 0.02085 0.01985 0.01888 0.01763 0.01718 0.01646 0.01525 0.01522 0.01451 0.01444 0.01446 0.01399 0.01380 0.01289 0.01283 0.01258 0.01223 0.01214 0.01172 0.01130 0.01070 0.01011 0.00939 0.00914 0.00899 0.00868 0.00806 0.00777 0.00758 0.00737 0.00709 0.00712 0.00722 0.00741 0.00760 0.00796 0.00831 0.00826 0.00782 0.00778 0.00769 0.00743
-9999 -9999 -9999 -9999 -9999 -9999 -9999 -9999 -9999 -9999 -9999 0.03097 0.02964 0.02985 0.02928 0.02661 0.02568 0.02501 0.02456 0.02399 0.02490 0.02257 0.02293 0.02254 0.02165 0.02179 0.02173 0.02224 0.02253 0.02336 0.02314 0.02199 0.02135 0.02056 0.01962 0.01944 0.01842 0.01728 0.01632 0.01525 0.01520 0.01474 0.01444 0.01417 0.01372 0.01350 0.01338 0.01354 0.01304 0.01271 0.01213 0.01150 0.01081 0.01038 0.00994 0.00940 0.00908 0.00823 0.00805 0.00788 0.00773 0.00762 0.00753 0.00789 0.00824 0.00867 0.00880 0.00892 0.00874 0.00818 0.00772 0.00745 0.00840
-9999 -9999 -9999 -9999 -9999 -9999 -9999 -9999 -9999 -9999 -9999 0.03200 0.03141 0.03042 0.02991 0.02743 0.02670 0.02601 0.02579 0.02475 0.02473 0.02363 0.02326 0.02347 0.02291 0.02258 0.02205 0.02183 0.02262 0.02266 0.02270 0.02197 0.02137 0.02101 0.02025 0.02014 0.01989 0.01834 0.01734 0.01697 0.01660 0.01630 0.01563 0.01523 0.01452 0.01422 0.01388 0.01416 0.01417 0.01406 0.01359 0.01281 0.01198 0.01121 0.01056 0.01000 0.00935 0.00875 0.00861 0.00859 0.00826 0.00818 0.00812 0.00847 0.00885 0.00965 0.00977 0.01005 0.00946 0.00882 0.00932 0.00961 0.00990
-9999 -9999 -9999 -9999 -9999 -9999 -9999 -9999 -9999 -9999 -9999 0.03276 0.03133 0.03054 0.03004 0.02829 0.02834 0.02776 0.02725 0.02664 0.02561 0.02481 0.02482 0.02366 0.02348 0.02327 0.02255 0.02236 0.02241 0.02311 0.02234 0.02238 0.02220 0.02210 0.02116 0.02163 0.02116 0.02073 0.01972 0.01927 0.01868 0.01844 0.01821 0.01737 0.01626 0.01551 0.01519 0.01484 0.01444 0.01444 0.01396 0.01282 0.01218 0.01116 0.01082 0.01034 0.00986 0.00920 0.00920 0.00900 0.00888 0.00881 0.00887 0.00909 0.01005 0.01118 0.01150 0.01140 0.01112 0.01087 0.01200 0.01047 0.01104
