data/hydroclimate-scenarios/BCSD_hadcm_A1B/monthly_summaries/vpd_monthly_avg_nov.2070-2099.asc
ncols	311
nrows	91
xllcenter	102.75
yllcenter	31.75
cellsize	0.5
NODATA_value	-9999
[rows 0 to 32 of 91, columns 0 to 72 of 311]
-9999 -9999 -9999 -9999 -9999 -9999 -9999 -9999 -9999 -9999 -9999 -9999 -9999 -9999 -9999 -9999 -9999 -9999 -9999 -9999 -9999 -9999 -9999 -9999 -9999 -9999 -9999 -9999 -9999 -9999 -9999 -9999 -9999 -9999 -9999 -9999 -9999 -9999 -9999 -9999 -9999 -9999 -9999 -9999 -9999 -9999 -9999 -9999 -9999 -9999 -9999 -9999 -9999 -9999 -9999 -9999 -9999 -9999 -9999 -9999 -9999 -9999 -9999 -9999 -9999 -9999 -9999 -9999 -9999 -9999 -9999 -9999 -9999
-9999 -9999 -9999 -9999 -9999 -9999 -9999 -9999 -9999 -9999 -9999 -9999 -9999 -9999 -9999 -9999 -9999 -9999 -9999 -9999 -9999 -9999 -9999 -9999 -9999 -9999 -9999 -9999 -9999 -9999 -9999 -9999 -9999 -9999 -9999 -9999 -9999 -9999 -9999 -9999 -9999 -9999 -9999 -9999 -9999 -9999 -9999 -9999 -9999 -9999 -9999 -9999 -9999 -9999 -9999 -9999 -9999 -9999 -9999 -9999 -9999 -9999 -9999 -9999 -9999 -9999 -9999 -9999 -9999 -9999 -9999 -9999 -9999
-9999 -9999 -9999 -9999 -9999 -9999 -9999 -9999 -9999 -9999 -9999 -9999 -9999 -9999 -9999 -9999 -9999 -9999 -9999 -9999 -9999 -9999 -9999 -9999 -9999 -9999 -9999 -9999 -9999 -9999 -9999 -9999 -9999 -9999 -9999 -9999 -9999 -9999 -9999 -9999 -9999 -9999 -9999 -9999 -9999 -9999 -9999 -9999 -9999 -9999 -9999 -9999 -9999 -9999 -9999 -9999 -9999 -9999 -9999 -9999 -9999 -9999 -9999 -9999 -9999 -9999 -9999 -9999 -9999 -9999 -9999 -9999 -9999
-9999 -9999 -9999 -9999 -9999 -9999 -9999 -9999 -9999 -9999 -9999 -9999 -9999 -9999 -9999 -9999 -9999 -9999 -9999 -9999 -9999 -9999 -9999 -9999 -9999 -9999 -9999 -9999 -9999 -9999 -9999 -9999 -9999 -9999 -9999 -9999 -9999 -9999 -9999 -9999 -9999 -9999 -9999 -9999 -9999 -9999 -9999 -9999 -9999 -9999 -9999 -9999 -9999 -9999 -9999 -9999 -9999 -9999 -9999 -9999 -9999 -9999 -9999 -9999 -9999 -9999 -9999 -9999 -9999 -9999 -9999 -9999 -9999
-9999 -9999 -9999 -9999 -9999 -9999 -9999 -9999 -9999 -9999 -9999 -9999 -9999 -9999 -9999 -9999 -9999 -9999 -9999 -9999 -9999 -9999 -9999 -9999 -9999 -9999 -9999 -9999 -9999 -9999 -9999 -9999 -9999 -9999 -9999 -9999 -9999 -9999 -9999 -9999 -9999 -9999 -9999 -9999 -9999 -9999 -9999 -9999 -9999 -9999 -9999 -9999 -9999 -9999 -9999 -9999 -9999 -9999 -9999 -9999 -9999 -9999 -9999 -9999 -9999 -9999 -9999 -9999 -9999 -9999 -9999 -9999 -9999
-9999 -9999 -9999 -9999 -9999 -9999 -9999 -9999 -9999 -9999 -9999 -9999 -9999 -9999 -9999 -9999 -9999 -9999 -9999 -9999 -9999 -9999 -9999 -9999 -9999 -9999 -9999 -9999 -9999 -9999 -9999 -9999 -9999 -9999 -9999 -9999 -9999 -9999 -9999 -9999 -9999 -9999 -9999 -9999 -9999 -9999 -9999 -9999 -9999 -9999 -9999 -9999 -9999 -9999 -9999 -9999 -9999 -9999 -9999 -9999 -9999 -9999 -9999 -9999 -9999 -9999 -9999 -9999 -9999 -9999 -9999 -9999 -9999
-9999 -9999 -9999 -9999 -9999 -9999 -9999 -9999 -9999 -9999 -9999 -9999 -9999 -9999 -9999 -9999 -9999 -9999 -9999 -9999 -9999 -9999 -9999 -9999 -9999 -9999 -9999 -9999 -9999 -9999 -9999 -9999 -9999 -9999 -9999 -9999 -9999 -9999 -9999 -9999 -9999 -9999 -9999 -9999 -9999 -9999 -9999 -9999 -9999 -9999 -9999 -9999 -9999 -9999 -9999 -9999 -9999 -9999 -9999 -9999 -9999 -9999 -9999 -9999 -9999 -9999 -9999 -9999 -9999 -9999 -9999 -9999 -9999
-9999 -9999 -9999 -9999 -9999 -9999 -9999 -9999 -9999 -9999 -9999 -9999 -9999 -9999 -9999 -9999 -9999 -9999 -9999 -9999 -9999 -9999 -9999 -9999 -9999 -9999 -9999 -9999 -9999 -9999 -9999 -9999 -9999 -9999 -9999 -9999 -9999 -9999 -9999 -9999 -9999 -9999 0.01606 0.01533 0.01489 0.01444 0.01441 0.01419 0.01380 0.01382 0.01362 0.01327 -9999 -9999 -9999 -9999 -9999 -9999 -9999 -9999 -9999 -9999 -9999 -9999 -9999 -9999 -9999 -9999 -9999 -9999 -9999 -9999 -9999
-9999 -9999 -9999 -9999 -9999 -9999 -9999 -9999 -9999 -9999 -9999 -9999 -9999 -9999 -9999 -9999 -9999 -9999 -9999 -9999 -9999 -9999 -9999 -9999 -9999 -9999 -9999 -9999 -9999 -9999 -9999 -9999 -9999 -9999 -9999 -9999 -9999 -9999 0.01735 0.01643 0.01641 0.01653 0.01605 0.01596 0.01549 0.01524 0.01503 0.01462 0.01442 0.01432 0.01388 0.01387 0.01344 0.02438 -9999 -9999 -9999 -9999 -9999 -9999 -9999 -9999 -9999 -9999 -9999 -9999 -9999 -9999 -9999 -9999 -9999 -9999 -9999
-9999 -9999 -9999 -9999 -9999 -9999 -9999 -9999 -9999 -9999 -9999 -9999 -9999 -9999 -9999 -9999 -9999 -9999 -9999 -9999 -9999 -9999 -9999 -9999 -9999 -9999 -9999 -9999 -9999 -9999 -9999 -9999 -9999 -9999 -9999 -9999 -9999 -9999 -9999 -9999 0.01703 0.01679 0.01596 0.01526 0.01524 0.01475 0.01480 0.01508 0.01474 0.01425 0.01419 0.01419 0.01396 0.02410 -9999 -9999 -9999 -9999 -9999 -9999 -9999 -9999 -9999 -9999 -9999 -9999 -9999 -9999 -9999 -9999 -9999 -9999 -9999
-9999 -9999 -9999 -9999 -9999 -9999 -9999 -9999 -9999 -9999 -9999 -9999 -9999 -9999 -9999 -9999 -9999 -9999 -9999 -9999 -9999 -9999 -9999 -9999 -9999 -9999 -9999 -9999 -9999 -9999 -9999 -9999 -9999 -9999 -9999 -9999 -9999 -9999 -9999 -9999 -9999 -9999 -9999 -9999 0.01587 0.01576 0.01463 0.01454 0.01462 0.01485 0.01439 0.01359 0.01429 0.02352 -9999 -9999 -9999 -9999 -9999 -9999 0.01447 -9999 -9999 -9999 -9999 -9999 -9999 -9999 -9999 -9999 -9999 -9999 -9999
-9999 -9999 -9999 -9999 -9999 -9999 -9999 -9999 -9999 -9999 -9999 -9999 -9999 -9999 -9999 -9999 -9999 -9999 -9999 -9999 -9999 -9999 -9999 -9999 -9999 -9999 -9999 -9999 -9999 -9999 -9999 -9999 -9999 -9999 -9999 -9999 -9999 -9999 -9999 -9999 -9999 0.01650 0.01630 0.01573 0.01535 0.01599 0.01508 0.01471 0.01516 0.01497 0.01446 0.01396 0.01441 0.01465 -9999 -9999 -9999 -9999 -9999 0.01514 0.01535 0.01526 0.01573 0.01584 0.01647 0.01679 0.01716 0.01741 0.01804 0.01876 0.01934 0.02031 0.02069
-9999 -9999 -9999 -9999 -9999 -9999 -9999 -9999 -9999 -9999 -9999 -9999 -9999 -9999 -9999 -9999 -9999 -9999 -9999 -9999 -9999 -9999 -9999 -9999 -9999 -9999 -9999 -9999 -9999 -9999 -9999 -9999 -9999 -9999 -9999 -9999 -9999 -9999 -9999 -9999 -9999 0.01713 0.01641 0.01636 0.01675 0.01675 0.01669 0.01628 0.01603 0.01573 0.01509 0.01374 0.01355 0.01397 0.01436 0.01425 0.01495 -9999 0.01563 0.01553 0.01557 0.01551 0.01560 0.01547 0.01576 0.01621 0.01691 0.01725 0.01775 0.01822 0.01871 0.01943 0.01953
-9999 -9999 -9999 -9999 -9999 -9999 -9999 -9999 -9999 -9999 -9999 -9999 -9999 -9999 -9999 -9999 -9999 -9999 -9999 -9999 -9999 -9999 -9999 -9999 -9999 -9999 -9999 -9999 -9999 -9999 -9999 -9999 -9999 -9999 -9999 0.02093 0.02041 0.01910 0.01873 0.01868 0.01846 0.01833 0.01780 0.01775 0.01763 0.01769 0.01761 0.01738 0.01689 0.01600 0.01469 0.01370 0.01258 0.01342 0.01322 0.01322 0.01442 0.01523 0.01608 0.01610 0.01627 0.01585 0.01586 0.01428 0.01501 0.01619 0.01629 0.01667 0.01737 0.01739 0.01800 0.01895 0.01890
-9999 -9999 -9999 -9999 -9999 -9999 -9999 -9999 -9999 -9999 -9999 -9999 -9999 -9999 -9999 -9999 -9999 -9999 -9999 -9999 -9999 -9999 -9999 -9999 -9999 -9999 -9999 -9999 -9999 -9999 -9999 -9999 -9999 -9999 0.02298 0.02136 0.02106 0.02036 0.01986 0.01949 0.01921 0.01906 0.01861 0.01828 0.01803 0.01805 0.01782 0.01710 0.01607 0.01466 0.01360 0.01307 0.01202 0.01175 0.01207 0.01317 0.01426 0.01482 0.01635 0.01619 0.01579 0.01458 0.01445 0.01373 0.01562 0.01612 0.01585 0.01544 0.01454 0.01534 0.01498 0.01541 0.01557
-9999 -9999 -9999 -9999 -9999 -9999 -9999 -9999 -9999 -9999 -9999 -9999 -9999 -9999 -9999 -9999 -9999 -9999 -9999 -9999 -9999 -9999 -9999 -9999 -9999 -9999 -9999 -9999 -9999 -9999 -9999 -9999 -9999 0.02359 0.02306 0.02242 0.02211 0.02139 0.02106 0.02041 0.02036 0.01934 0.01935 0.01915 0.01875 0.01833 0.01803 0.01712 0.01495 0.01372 0.01234 0.01150 0.01015 0.01157 0.01254 0.01322 0.01345 0.01534 0.01613 0.01535 0.01478 0.01505 0.01526 0.01571 0.01582 0.01543 0.01488 0.01467 0.01467 0.01503 0.01480 0.01515 0.01533
-9999 -9999 -9999 -9999 -9999 -9999 -9999 -9999 -9999 -9999 -9999 -9999 -9999 -9999 -9999 -9999 -9999 -9999 -9999 -9999 -9999 -9999 -9999 -9999 -9999 -9999 -9999 -9999 -9999 -9999 -9999 0.02754 0.02668 0.02562 0.02508 0.02420 0.02376 0.02286 0.02212 0.02137 0.02090 0.02026 0.01976 0.01985 0.01886 0.01835 0.01820 0.01763 0.01580 0.01426 0.01287 0.01168 0.00984 0.01099 0.01208 0.01317 0.01472 0.01483 0.01396 0.01410 0.01497 0.01502 0.01514 0.01610 0.01587 0.01512 0.01529 0.01570 0.01568 0.01427 0.01350 0.01345 0.01535
-9999 -9999 -9999 -9999 -9999 -9999 -9999 -9999 -9999 -9999 -9999 -9999 -9999 -9999 -9999 -9999 -9999 -9999 -9999 -9999 -9999 -9999 -9999 -9999 -9999 -9999 -9999 -9999 -9999 0.03056 0.02957 0.02782 0.02707 0.02622 0.02581 0.02518 0.02500 0.02408 0.02342 0.02190 0.02185 0.02081 0.02038 0.02039 0.01943 0.01845 0.01790 0.01692 0.01438 0.01333 0.01211 0.01058 0.00978 0.01136 0.01137 0.01272 0.01434 0.01437 0.01494 0.01564 0.01541 0.01477 0.01466 0.01487 0.01546 0.01540 0.01441 0.01373 0.01385 0.01389 0.01469 0.01303 0.01061
-9999 -9999 -9999 -9999 -9999 -9999 -9999 -9999 -9999 -9999 -9999 -9999 -9999 -9999 -9999 -9999 -9999 -9999 -9999 -9999 -9999 -9999 -9999 -9999 0.03220 0.03232 0.03261 0.03316 0.03172 0.03054 0.02925 0.02926 0.02802 0.02723 0.02607 0.02626 0.02496 0.02368 0.02360 0.02301 0.02294 0.02261 0.02164 0.02165 0.02103 0.01964 0.01914 0.01680 0.01465 0.01360 0.01315 0.01088 0.01080 0.01245 0.01327 0.01409 0.01486 0.01525 0.01487 0.01526 0.01572 0.01564 0.01594 0.01622 0.01641 0.01592 0.01659 0.01672 0.01658 0.01531 0.01276 0.01228 0.01133
-9999 -9999 -9999 -9999 -9999 -9999 0.04079 0.04146 0.04157 0.04159 0.04173 -9999 -9999 -9999 -9999 -9999 -9999 -9999 -9999 -9999 -9999 0.03500 0.03372 0.03298 0.03278 0.03290 0.03302 0.03305 0.03244 0.03210 0.03160 0.03072 0.02948 0.02835 0.02745 0.02720 0.02595 0.02552 0.02505 0.02442 0.02375 0.02365 0.02283 0.02258 0.02179 0.02065 0.02009 0.01786 0.01535 0.01407 0.01266 0.01185 0.01110 0.01253 0.01443 0.01528 0.01514 0.01537 0.01592 0.01620 0.01591 0.01568 0.01514 0.01495 0.01481 0.01696 0.01775 0.01660 0.01658 0.01679 0.01586 0.01338 0.01213
-9999 -9999 -9999 -9999 -9999 0.04211 0.04160 0.03997 0.04108 0.04076 0.04123 0.03869 0.03951 0.03838 -9999 -9999 -9999 0.03711 0.03571 0.03604 0.03539 0.03502 0.03458 0.03493 0.03419 0.03430 0.03440 0.03512 0.03429 0.03363 0.03403 0.03319 0.03236 0.03151 0.03046 0.02951 0.02813 0.02732 0.02678 0.02639 0.02574 0.02528 0.02454 0.02465 0.02354 0.02222 0.02001 0.01718 0.01571 0.01457 0.01342 0.01276 0.01286 0.01431 0.01486 0.01494 0.01494 0.01568 0.01699 0.01610 0.01623 0.01551 0.01520 0.01614 0.01501 0.01403 0.01467 0.01507 0.01622 0.01575 0.01590 0.01400 0.01321
-9999 0.04352 0.04368 0.04490 0.04347 0.04365 0.04302 0.04195 0.04187 0.04252 0.04122 0.04065 0.03939 0.03969 0.03989 0.04059 0.04191 0.03831 0.03791 0.03862 0.03857 0.03823 0.03756 0.03827 0.03847 0.03751 0.03735 0.03770 0.03664 0.03687 0.03631 0.03611 0.03495 0.03414 0.03311 0.03203 0.03049 0.02932 0.02893 0.02845 0.02762 0.02698 0.02648 0.02599 0.02527 0.02389 0.02169 0.01948 0.01741 0.01596 0.01458 0.01319 0.01316 0.01271 0.01332 0.01391 0.01485 0.01690 0.01613 0.01596 0.01638 0.01567 0.01437 0.01506 0.01412 0.01436 0.01567 0.01479 0.01610 0.01468 0.01335 0.01195 0.01221
-9999 0.04376 0.04580 0.04593 0.04604 0.04704 0.04681 0.04660 0.04635 0.04536 0.04428 0.04341 0.04176 0.04210 0.04197 0.04146 0.04107 0.04010 0.04073 0.04146 0.04082 0.04023 0.03991 0.04196 0.04156 0.04225 0.04141 0.04072 0.03994 0.04030 0.03944 0.03922 0.03812 0.03787 0.03642 0.03534 0.03360 0.03297 0.03183 0.03045 0.03026 0.02943 0.02860 0.02819 0.02730 0.02634 0.02496 0.02199 0.01958 0.01769 0.01674 0.01466 0.01424 0.01238 0.01247 0.01414 0.01507 0.01571 0.01600 0.01500 0.01550 0.01483 0.01439 0.01525 0.01470 0.01483 0.01442 0.01511 0.01549 0.01512 0.01487 0.01334 0.01215
-9999 -9999 -9999 0.04602 0.04609 0.04841 0.04898 0.04917 0.04848 0.04943 0.04707 0.04814 0.04741 0.04742 0.04552 0.04520 0.04479 0.04530 0.04441 0.04420 0.04315 0.04328 0.04332 0.04368 0.04432 0.04511 0.04505 0.04517 0.04481 0.04450 0.04330 0.04299 0.04182 0.04107 0.03963 0.03855 0.03664 0.03556 0.03404 0.03273 0.03232 0.03099 0.03013 0.02978 0.02930 0.02845 0.02689 0.02404 0.02179 0.02032 0.01806 0.01594 0.01462 0.01335 0.01381 0.01381 0.01528 0.01565 0.01505 0.01476 0.01554 0.01431 0.01416 0.01445 0.01490 0.01560 0.01624 0.01553 0.01499 0.01439 0.01431 0.01387 0.01392
-9999 -9999 -9999 -9999 -9999 -9999 0.05195 0.05199 0.05127 0.05219 0.05227 0.05155 0.05126 0.05164 0.05160 0.05092 0.04905 0.04889 0.04963 0.04966 0.04940 0.04836 0.04924 0.04832 0.04869 0.04774 0.04821 0.04989 0.04912 0.04804 0.04690 0.04622 0.04503 0.04500 0.04329 0.04192 0.03950 0.03811 0.03624 0.03543 0.03441 0.03369 0.03344 0.03295 0.03173 0.03117 0.02992 0.02601 0.02475 0.02183 0.01883 0.01610 0.01538 0.01662 0.01518 0.01446 0.01525 0.01398 0.01337 0.01398 0.01314 0.01338 0.01308 0.01344 0.01434 0.01472 0.01642 0.01603 0.01539 0.01498 0.01478 0.01449 0.01488
-9999 -9999 -9999 -9999 -9999 -9999 0.05491 0.05505 0.05608 0.05381 0.05530 0.05487 0.05494 0.05577 0.05429 0.05338 0.05267 0.05246 0.05129 0.05141 0.05103 0.05099 0.05071 0.05075 0.05082 0.05291 0.05350 0.05381 0.05279 0.05211 0.05036 0.04969 0.04839 0.04767 0.04566 0.04372 0.04252 0.04052 0.03907 0.03787 0.03697 0.03659 0.03614 0.03537 0.03491 0.03377 0.03372 0.03160 0.03004 0.02747 0.02488 0.02221 0.02099 0.01905 0.01827 0.01919 0.01811 0.01617 0.01648 0.01502 0.01300 0.01332 0.01321 0.01417 0.01395 0.01619 0.01664 0.01727 0.01741 0.01670 0.01533 0.01496 0.01496
-9999 -9999 -9999 -9999 -9999 -9999 -9999 -9999 -9999 -9999 0.06126 0.05889 0.05947 0.06213 0.06034 0.05791 0.05654 0.05583 0.05690 0.05605 0.05577 0.05416 0.05485 0.05506 0.05527 0.05320 0.05433 0.05667 0.05661 0.05497 0.05362 0.05344 0.05116 0.05063 0.04892 0.04809 0.04512 0.04399 0.04223 0.04222 0.04084 0.04173 0.04086 0.03984 0.03926 0.03729 0.03706 0.03578 0.03561 0.03437 0.03314 0.03186 0.02915 0.02835 0.02734 0.02642 0.02544 0.02373 0.02216 0.02076 0.02008 0.01887 0.01832 0.01739 0.01687 0.01903 0.01940 0.01965 0.01915 0.01936 0.01800 0.01565 0.01466
-9999 -9999 -9999 -9999 -9999 -9999 -9999 -9999 -9999 -9999 0.06857 0.06698 0.06326 0.06596 0.06494 0.06170 0.06027 0.05940 0.05850 0.05805 0.05768 0.05716 0.05710 0.05688 0.05678 0.05851 0.06041 0.06108 0.06039 0.05967 0.05804 0.05632 0.05469 0.05405 0.05079 0.04941 0.04733 0.04602 0.04494 0.04448 0.04381 0.04447 0.04379 0.04298 0.04204 0.04098 0.04007 0.03923 0.03882 0.03790 0.03790 0.03501 0.03382 0.03239 0.03169 0.03010 0.02904 0.02760 0.02717 0.02465 0.02379 0.02373 0.02289 0.02332 0.02295 0.02417 0.02405 0.02466 0.02458 0.02114 0.02033 0.01858 0.01786
-9999 -9999 -9999 -9999 -9999 -9999 -9999 -9999 -9999 -9999 -9999 -9999 0.07076 0.06641 0.06577 0.06578 0.06732 0.06771 0.06453 0.06352 0.06270 0.06098 0.06207 0.06170 0.06340 0.06453 0.06471 0.06521 0.06439 0.06637 0.06284 0.06153 0.05873 0.05655 0.05438 0.05216 0.05091 0.04842 0.04752 0.04704 0.04701 0.04709 0.04665 0.04631 0.04584 0.04410 0.04374 0.04295 0.04234 0.04197 0.04074 0.03872 0.03691 0.03526 0.03504 0.03301 0.03167 0.02897 0.02756 0.02603 0.02546 0.02499 0.02447 0.02473 0.02445 0.02472 0.02585 0.02650 0.02624 0.02474 0.02157 0.01905 0.01976
-9999 -9999 -9999 -9999 -9999 -9999 -9999 -9999 -9999 -9999 -9999 -9999 0.07587 0.07335 0.07088 0.07081 0.07120 0.07047 0.06707 0.06538 0.06547 0.06270 0.06366 0.06533 0.06384 0.06550 0.06721 0.06869 0.06733 0.06785 0.06824 0.06518 0.06219 0.05899 0.05582 0.05388 0.05245 0.04958 0.04997 0.04992 0.05014 0.05063 0.05061 0.04953 0.04876 0.04656 0.04635 0.04526 0.04508 0.04368 0.04246 0.04173 0.03932 0.03787 0.03695 0.03543 0.03305 0.03082 0.02965 0.02827 0.02715 0.02693 0.02613 0.02665 0.02639 0.02713 0.02766 0.02834 0.02722 0.02484 0.02388 0.02388 0.02256
-9999 -9999 -9999 -9999 -9999 -9999 -9999 -9999 -9999 -9999 -9999 0.07865 0.07645 0.07833 0.07608 0.07093 0.06848 0.06812 0.06620 0.06446 0.06697 0.06220 0.06393 0.06424 0.06346 0.06458 0.06478 0.06701 0.06871 0.07081 0.06897 0.06716 0.06552 0.06292 0.06078 0.05938 0.05617 0.05380 0.05191 0.04957 0.04937 0.04792 0.04732 0.04719 0.04771 0.04762 0.04762 0.04695 0.04679 0.04550 0.04404 0.04271 0.04073 0.03959 0.03970 0.03697 0.03507 0.03336 0.03190 0.03131 0.03024 0.02988 0.02914 0.02937 0.02895 0.02992 0.02998 0.02879 0.02691 0.02450 0.02226 0.02192 0.02432
-9999 -9999 -9999 -9999 -9999 -9999 -9999 -9999 -9999 -9999 -9999 0.08252 0.08165 0.08010 0.08027 0.07479 0.07204 0.07055 0.06967 0.06764 0.06737 0.06527 0.06516 0.06681 0.06675 0.06761 0.06666 0.06725 0.06927 0.06943 0.06894 0.06763 0.06621 0.06469 0.06182 0.06160 0.06029 0.05668 0.05320 0.05271 0.05220 0.05088 0.04920 0.04871 0.04820 0.04830 0.04817 0.04776 0.04816 0.04806 0.04703 0.04579 0.04416 0.04165 0.04006 0.03875 0.03678 0.03616 0.03478 0.03435 0.03332 0.03309 0.03219 0.03254 0.03223 0.03318 0.03241 0.03220 0.02908 0.02547 0.02604 0.02679 0.02664
-9999 -9999 -9999 -9999 -9999 -9999 -9999 -9999 -9999 -9999 -9999 0.08313 0.08157 0.08121 0.07998 0.07686 0.07518 0.07360 0.07258 0.07185 0.06900 0.06902 0.07029 0.06895 0.06808 0.06852 0.06743 0.06859 0.06886 0.07001 0.06871 0.06794 0.06695 0.06515 0.06362 0.06388 0.06188 0.06022 0.05826 0.05578 0.05429 0.05354 0.05296 0.05197 0.05056 0.04957 0.04863 0.04725 0.04650 0.04655 0.04567 0.04393 0.04213 0.04078 0.04072 0.04037 0.03938 0.03929 0.03872 0.03780 0.03690 0.03675 0.03687 0.03670 0.03786 0.03924 0.03753 0.03619 0.03269 0.03048 0.03197 0.02758 0.02762
