data/hydroclimate-scenarios/BCSD_hadcm_A1B/monthly_summaries/vpd_monthly_avg_may.2070-2099.asc
ncols	311
nrows	91
xllcenter	102.75
yllcenter	31.75
cellsize	0.5
NODATA_value	-9999
[rows 0 to 32 of 91, columns 0 to 72 of 311]
-9999 -9999 -9999 -9999 -9999 -9999 -9999 -9999 -9999 -9999 -9999 -9999 -9999 -9999 -9999 -9999 -9999 -9999 -9999 -9999 -9999 -9999 -9999 -9999 -9999 -9999 -9999 -9999 -9999 -9999 -9999 -9999 -9999 -9999 -9999 -9999 -9999 -9999 -9999 -9999 -9999 -9999 -9999 -9999 -9999 -9999 -9999 -9999 -9999 -9999 -9999 -9999 -9999 -9999 -9999 -9999 -9999 -9999 -9999 -9999 -9999 -9999 -9999 -9999 -9999 -9999 -9999 -9999 -9999 -9999 -9999 -9999 -9999
-9999 -9999 -9999 -9999 -9999 -9999 -9999 -9999 -9999 -9999 -9999 -9999 -9999 -9999 -9999 -9999 -9999 -9999 -9999 -9999 -9999 -9999 -9999 -9999 -9999 -9999 -9999 -9999 -9999 -9999 -9999 -9999 -9999 -9999 -9999 -9999 -9999 -9999 -9999 -9999 -9999 -9999 -9999 -9999 -9999 -9999 -9999 -9999 -9999 -9999 -9999 -9999 -9999 -9999 -9999 -9999 -9999 -9999 -9999 -9999 -9999 -9999 -9999 -9999 -9999 -9999 -9999 -9999 -9999 -9999 -9999 -9999 -9999
-9999 -9999 -9999 -9999 -9999 -9999 -9999 -9999 -9999 -9999 -9999 -9999 -9999 -9999 -9999 -9999 -9999 -9999 -9999 -9999 -9999 -9999 -9999 -9999 -9999 -9999 -9999 -9999 -9999 -9999 -9999 -9999 -9999 -9999 -9999 -9999 -9999 -9999 -9999 -9999 -9999 -9999 -9999 -9999 -9999 -9999 -9999 -9999 -9999 -9999 -9999 -9999 -9999 -9999 -9999 -9999 -9999 -9999 -9999 -9999 -9999 -9999 -9999 -9999 -9999 -9999 -9999 -9999 -9999 -9999 -9999 -9999 -9999
-9999 -9999 -9999 -9999 -9999 -9999 -9999 -9999 -9999 -9999 -9999 -9999 -9999 -9999 -9999 -9999 -9999 -9999 -9999 -9999 -9999 -9999 -9999 -9999 -9999 -9999 -9999 -9999 -9999 -9999 -9999 -9999 -9999 -9999 -9999 -9999 -9999 -9999 -9999 -9999 -9999 -9999 -9999 -9999 -9999 -9999 -9999 -9999 -9999 -9999 -9999 -9999 -9999 -9999 -9999 -9999 -9999 -9999 -9999 -9999 -9999 -9999 -9999 -9999 -9999 -9999 -9999 -9999 -9999 -9999 -9999 -9999 -9999
-9999 -9999 -9999 -9999 -9999 -9999 -9999 -9999 -9999 -9999 -9999 -9999 -9999 -9999 -9999 -9999 -9999 -9999 -9999 -9999 -9999 -9999 -9999 -9999 -9999 -9999 -9999 -9999 -9999 -9999 -9999 -9999 -9999 -9999 -9999 -9999 -9999 -9999 -9999 -9999 -9999 -9999 -9999 -9999 -9999 -9999 -9999 -9999 -9999 -9999 -9999 -9999 -9999 -9999 -9999 -9999 -9999 -9999 -9999 -9999 -9999 -9999 -9999 -9999 -9999 -9999 -9999 -9999 -9999 -9999 -9999 -9999 -9999
-9999 -9999 -9999 -9999 -9999 -9999 -9999 -9999 -9999 -9999 -9999 -9999 -9999 -9999 -9999 -9999 -9999 -9999 -9999 -9999 -9999 -9999 -9999 -9999 -9999 -9999 -9999 -9999 -9999 -9999 -9999 -9999 -9999 -9999 -9999 -9999 -9999 -9999 -9999 -9999 -9999 -9999 -9999 -9999 -9999 -9999 -9999 -9999 -9999 -9999 -9999 -9999 -9999 -9999 -9999 -9999 -9999 -9999 -9999 -9999 -9999 -9999 -9999 -9999 -9999 -9999 -9999 -9999 -9999 -9999 -9999 -9999 -9999
-9999 -9999 -9999 -9999 -9999 -9999 -9999 -9999 -9999 -9999 -9999 -9999 -9999 -9999 -9999 -9999 -9999 -9999 -9999 -9999 -9999 -9999 -9999 -9999 -9999 -9999 -9999 -9999 -9999 -9999 -9999 -9999 -9999 -9999 -9999 -9999 -9999 -9999 -9999 -9999 -9999 -9999 -9999 -9999 -9999 -9999 -9999 -9999 -9999 -9999 -9999 -9999 -9999 -9999 -9999 -9999 -9999 -9999 -9999 -9999 -9999 -9999 -9999 -9999 -9999 -9999 -9999 -9999 -9999 -9999 -9999 -9999 -9999
-9999 -9999 -9999 -9999 -9999 -9999 -9999 -9999 -9999 -9999 -9999 -9999 -9999 -9999 -9999 -9999 -9999 -9999 -9999 -9999 -9999 -9999 -9999 -9999 -9999 -9999 -9999 -9999 -9999 -9999 -9999 -9999 -9999 -9999 -9999 -9999 -9999 -9999 -9999 -9999 -9999 -9999 0.30959 0.30858 0.30797 0.31291 0.32041 0.32359 0.33217 0.33762 0.34092 0.34072 -9999 -9999 -9999 -9999 -9999 -9999 -9999 -9999 -9999 -9999 -9999 -9999 -9999 -9999 -9999 -9999 -9999 -9999 -9999 -9999 -9999
-9999 -9999 -9999 -9999 -9999 -9999 -9999 -9999 -9999 -9999 -9999 -9999 -9999 -9999 -9999 -9999 -9999 -9999 -9999 -9999 -9999 -9999 -9999 -9999 -9999 -9999 -9999 -9999 -9999 -9999 -9999 -9999 -9999 -9999 -9999 -9999 -9999 -9999 0.30268 0.28726 0.29240 0.30247 0.30083 0.30832 0.31539 0.31670 0.32399 0.33644 0.34339 0.35032 0.35504 0.34644 0.34736 0.35765 -9999 -9999 -9999 -9999 -9999 -9999 -9999 -9999 -9999 -9999 -9999 -9999 -9999 -9999 -9999 -9999 -9999 -9999 -9999
-9999 -9999 -9999 -9999 -9999 -9999 -9999 -9999 -9999 -9999 -9999 -9999 -9999 -9999 -9999 -9999 -9999 -9999 -9999 -9999 -9999 -9999 -9999 -9999 -9999 -9999 -9999 -9999 -9999 -9999 -9999 -9999 -9999 -9999 -9999 -9999 -9999 -9999 -9999 -9999 0.31318 0.31271 0.30341 0.30271 0.30861 0.30300 0.31714 0.34129 0.34934 0.34397 0.34995 0.35501 0.35970 0.38070 -9999 -9999 -9999 -9999 -9999 -9999 -9999 -9999 -9999 -9999 -9999 -9999 -9999 -9999 -9999 -9999 -9999 -9999 -9999
-9999 -9999 -9999 -9999 -9999 -9999 -9999 -9999 -9999 -9999 -9999 -9999 -9999 -9999 -9999 -9999 -9999 -9999 -9999 -9999 -9999 -9999 -9999 -9999 -9999 -9999 -9999 -9999 -9999 -9999 -9999 -9999 -9999 -9999 -9999 -9999 -9999 -9999 -9999 -9999 -9999 -9999 -9999 -9999 0.32720 0.33465 0.32315 0.31781 0.32942 0.34399 0.34282 0.34156 0.37772 0.39914 -9999 -9999 -9999 -9999 -9999 -9999 0.42481 -9999 -9999 -9999 -9999 -9999 -9999 -9999 -9999 -9999 -9999 -9999 -9999
-9999 -9999 -9999 -9999 -9999 -9999 -9999 -9999 -9999 -9999 -9999 -9999 -9999 -9999 -9999 -9999 -9999 -9999 -9999 -9999 -9999 -9999 -9999 -9999 -9999 -9999 -9999 -9999 -9999 -9999 -9999 -9999 -9999 -9999 -9999 -9999 -9999 -9999 -9999 -9999 -9999 0.30619 0.30994 0.31597 0.32175 0.35115 0.33889 0.32440 0.33748 0.34738 0.34262 0.35125 0.38574 0.40269 -9999 -9999 -9999 -9999 -9999 0.46006 0.46078 0.47950 0.48120 0.48811 0.49349 0.50266 0.49265 0.48837 0.48362 0.48868 0.47971 0.48054 0.46603
-9999 -9999 -9999 -9999 -9999 -9999 -9999 -9999 -9999 -9999 -9999 -9999 -9999 -9999 -9999 -9999 -9999 -9999 -9999 -9999 -9999 -9999 -9999 -9999 -9999 -9999 -9999 -9999 -9999 -9999 -9999 -9999 -9999 -9999 -9999 -9999 -9999 -9999 -9999 -9999 -9999 0.32487 0.32377 0.33930 0.35948 0.36090 0.36537 0.35356 0.35906 0.35971 0.36496 0.34792 0.35345 0.38322 0.41222 0.40395 0.44524 -9999 0.49145 0.48225 0.49054 0.50391 0.50311 0.49285 0.49263 0.50106 0.50338 0.50947 0.51078 0.50662 0.50881 0.50286 0.49488
-9999 -9999 -9999 -9999 -9999 -9999 -9999 -9999 -9999 -9999 -9999 -9999 -9999 -9999 -9999 -9999 -9999 -9999 -9999 -9999 -9999 -9999 -9999 -9999 -9999 -9999 -9999 -9999 -9999 -9999 -9999 -9999 -9999 -9999 -9999 0.35709 0.35210 0.33672 0.33625 0.35289 0.35787 0.36412 0.36128 0.37501 0.37855 0.38116 0.38643 0.37857 0.37594 0.36716 0.35542 0.35313 0.33685 0.37402 0.38026 0.37080 0.42576 0.47724 0.52406 0.51877 0.52662 0.52275 0.52472 0.45809 0.47289 0.51408 0.51143 0.52010 0.53353 0.52405 0.51559 0.52234 0.50754
-9999 -9999 -9999 -9999 -9999 -9999 -9999 -9999 -9999 -9999 -9999 -9999 -9999 -9999 -9999 -9999 -9999 -9999 -9999 -9999 -9999 -9999 -9999 -9999 -9999 -9999 -9999 -9999 -9999 -9999 -9999 -9999 -9999 -9999 0.37428 0.35617 0.35766 0.35283 0.35687 0.37039 0.37144 0.38706 0.39086 0.38648 0.39254 0.38698 0.39158 0.38432 0.37012 0.34737 0.33568 0.33662 0.31881 0.31736 0.33441 0.38398 0.44206 0.48969 0.55359 0.56247 0.54527 0.51343 0.50147 0.46239 0.52366 0.53740 0.52016 0.49424 0.44568 0.46720 0.43576 0.42817 0.42387
-9999 -9999 -9999 -9999 -9999 -9999 -9999 -9999 -9999 -9999 -9999 -9999 -9999 -9999 -9999 -9999 -9999 -9999 -9999 -9999 -9999 -9999 -9999 -9999 -9999 -9999 -9999 -9999 -9999 -9999 -9999 -9999 -9999 0.38008 0.38215 0.37996 0.37893 0.37371 0.37797 0.39002 0.38982 0.39471 0.40433 0.40717 0.40689 0.39842 0.39151 0.38763 0.34291 0.32748 0.31540 0.29856 0.27557 0.31559 0.35597 0.40393 0.42249 0.50919 0.56048 0.54624 0.51778 0.55480 0.56170 0.58718 0.56056 0.53239 0.50837 0.48475 0.46377 0.47690 0.45567 0.45431 0.44178
-9999 -9999 -9999 -9999 -9999 -9999 -9999 -9999 -9999 -9999 -9999 -9999 -9999 -9999 -9999 -9999 -9999 -9999 -9999 -9999 -9999 -9999 -9999 -9999 -9999 -9999 -9999 -9999 -9999 -9999 -9999 0.40783 0.40291 0.40028 0.40342 0.39557 0.40032 0.40313 0.39764 0.40007 0.40134 0.40664 0.40926 0.42081 0.41458 0.40108 0.40532 0.40980 0.37897 0.35577 0.33096 0.31115 0.27896 0.30898 0.35070 0.41162 0.48453 0.52168 0.48888 0.52655 0.56105 0.57948 0.57409 0.60770 0.58190 0.53760 0.52863 0.53898 0.52661 0.45727 0.41790 0.40747 0.45962
-9999 -9999 -9999 -9999 -9999 -9999 -9999 -9999 -9999 -9999 -9999 -9999 -9999 -9999 -9999 -9999 -9999 -9999 -9999 -9999 -9999 -9999 -9999 -9999 -9999 -9999 -9999 -9999 -9999 0.42993 0.42568 0.41437 0.41029 0.40948 0.41717 0.41468 0.41837 0.41542 0.41336 0.41756 0.41123 0.41611 0.42134 0.43415 0.43100 0.40522 0.40860 0.40299 0.34522 0.33339 0.31787 0.28335 0.28413 0.33023 0.34343 0.39938 0.48959 0.50788 0.54283 0.59548 0.59479 0.58434 0.58334 0.57258 0.58503 0.56336 0.51089 0.47810 0.46304 0.46360 0.48187 0.41028 0.31367
-9999 -9999 -9999 -9999 -9999 -9999 -9999 -9999 -9999 -9999 -9999 -9999 -9999 -9999 -9999 -9999 -9999 -9999 -9999 -9999 -9999 -9999 -9999 -9999 0.40605 0.41149 0.43003 0.43529 0.43843 0.43145 0.42325 0.43761 0.43853 0.44102 0.43161 0.43997 0.42956 0.42901 0.42287 0.43328 0.44077 0.44006 0.44295 0.44620 0.44714 0.42902 0.43762 0.39670 0.35694 0.34499 0.35374 0.29008 0.30126 0.35994 0.41138 0.45788 0.51458 0.55562 0.54935 0.57915 0.61182 0.62356 0.63680 0.63466 0.61224 0.57166 0.58754 0.60736 0.55830 0.50758 0.39373 0.37825 0.33766
-9999 -9999 -9999 -9999 -9999 -9999 0.38537 0.39800 0.40342 0.40392 0.40799 -9999 -9999 -9999 -9999 -9999 -9999 -9999 -9999 -9999 -9999 0.41300 0.39374 0.40323 0.40634 0.40822 0.41858 0.42299 0.42282 0.43443 0.44557 0.45140 0.44253 0.45160 0.44388 0.44729 0.43700 0.44151 0.44699 0.44360 0.45192 0.45124 0.45848 0.45907 0.46021 0.44430 0.45571 0.41778 0.36764 0.35695 0.34289 0.32110 0.30925 0.36763 0.44601 0.50110 0.51746 0.56162 0.60495 0.62058 0.62253 0.63436 0.59189 0.57302 0.54802 0.61570 0.64225 0.59184 0.56792 0.56876 0.51974 0.42775 0.37437
-9999 -9999 -9999 -9999 -9999 0.39545 0.38959 0.37504 0.39430 0.38747 0.39712 0.36532 0.37560 0.37116 -9999 -9999 -9999 0.39338 0.38678 0.39385 0.39617 0.39395 0.40015 0.41706 0.40679 0.42585 0.42662 0.44640 0.44466 0.44910 0.46123 0.47634 0.47177 0.48514 0.48249 0.47597 0.47403 0.47123 0.46770 0.47933 0.47873 0.45938 0.46341 0.48785 0.48120 0.46374 0.43409 0.39505 0.37119 0.35890 0.34727 0.34148 0.36069 0.41476 0.45751 0.48961 0.51021 0.55168 0.62915 0.61370 0.63731 0.60800 0.58432 0.59879 0.53632 0.47744 0.49917 0.50468 0.53199 0.51248 0.50741 0.44055 0.40360
-9999 0.42000 0.42966 0.42324 0.40833 0.41171 0.39677 0.39872 0.39171 0.40863 0.39740 0.37739 0.36751 0.38557 0.39163 0.40523 0.42929 0.40441 0.39766 0.41800 0.42114 0.43051 0.43087 0.44525 0.45941 0.44216 0.44473 0.45631 0.45641 0.47148 0.49710 0.50892 0.51184 0.51531 0.50641 0.49994 0.49906 0.49448 0.49722 0.50952 0.49970 0.48770 0.48695 0.51018 0.50873 0.49063 0.45692 0.43191 0.40944 0.39014 0.37644 0.34721 0.36658 0.36578 0.39567 0.44867 0.49791 0.59145 0.58008 0.59529 0.63179 0.59574 0.54550 0.54572 0.49561 0.49419 0.53034 0.48924 0.52880 0.47554 0.42083 0.37109 0.37475
-9999 0.41673 0.43516 0.43726 0.44166 0.44617 0.43663 0.43932 0.43894 0.42742 0.42179 0.40802 0.39129 0.40194 0.40891 0.40512 0.41104 0.40431 0.41732 0.42992 0.42688 0.42798 0.42616 0.46179 0.47042 0.47986 0.47688 0.47903 0.47961 0.49496 0.50660 0.53134 0.53621 0.53936 0.53859 0.53100 0.52363 0.52491 0.53100 0.52908 0.53304 0.53682 0.53717 0.53714 0.54436 0.54163 0.52947 0.49183 0.46303 0.43018 0.43561 0.37807 0.38282 0.34870 0.36641 0.43836 0.49032 0.52992 0.55955 0.54519 0.56765 0.55196 0.53093 0.56526 0.53194 0.50925 0.48835 0.50184 0.50292 0.49357 0.48031 0.42425 0.38161
-9999 -9999 -9999 0.42977 0.42885 0.44774 0.44756 0.45216 0.44852 0.45690 0.44687 0.45512 0.44759 0.45129 0.42740 0.43145 0.43203 0.45072 0.43978 0.43976 0.44401 0.44381 0.44560 0.46409 0.47765 0.49435 0.50148 0.50655 0.53092 0.53271 0.54214 0.54940 0.55616 0.56171 0.55842 0.56403 0.55671 0.55647 0.55452 0.56163 0.56022 0.56160 0.56782 0.56836 0.57104 0.57505 0.55774 0.52567 0.51623 0.48875 0.45096 0.40528 0.38346 0.37446 0.40967 0.41972 0.48731 0.51165 0.50620 0.51873 0.56336 0.51305 0.50382 0.51092 0.52516 0.53241 0.54964 0.50645 0.47752 0.45565 0.44936 0.44117 0.43516
-9999 -9999 -9999 -9999 -9999 -9999 0.47809 0.47262 0.46501 0.46864 0.47204 0.47910 0.47796 0.48269 0.47703 0.47712 0.47334 0.46821 0.48020 0.48307 0.48293 0.47817 0.49078 0.49765 0.51052 0.50625 0.52061 0.55599 0.57478 0.57608 0.57932 0.58831 0.58715 0.59065 0.60570 0.59510 0.58774 0.58369 0.58671 0.58655 0.58847 0.59356 0.59244 0.59737 0.60069 0.60528 0.60327 0.54692 0.54742 0.49168 0.43826 0.38955 0.38033 0.45460 0.42556 0.42800 0.47246 0.44161 0.42741 0.46346 0.44706 0.45286 0.45504 0.44958 0.47214 0.46737 0.53096 0.49574 0.46452 0.44930 0.43318 0.44429 0.44765
-9999 -9999 -9999 -9999 -9999 -9999 0.50268 0.48946 0.49699 0.47372 0.48642 0.49827 0.49950 0.50397 0.50146 0.49824 0.49133 0.48451 0.48432 0.48318 0.48551 0.49281 0.49248 0.50557 0.51338 0.54665 0.56522 0.58794 0.60876 0.60544 0.59891 0.61895 0.62700 0.63300 0.62295 0.63107 0.64222 0.64264 0.63141 0.61666 0.61330 0.62185 0.61896 0.61598 0.62639 0.62807 0.62623 0.63679 0.62162 0.58372 0.53425 0.50349 0.47985 0.47460 0.48028 0.55038 0.53533 0.48527 0.50940 0.48583 0.41809 0.43320 0.43195 0.44904 0.44815 0.50245 0.50933 0.50520 0.50104 0.48169 0.43728 0.43671 0.42965
-9999 -9999 -9999 -9999 -9999 -9999 -9999 -9999 -9999 -9999 0.53249 0.49869 0.50251 0.53935 0.52797 0.50326 0.50219 0.49562 0.50822 0.51297 0.51357 0.51196 0.52541 0.53554 0.54860 0.54567 0.56286 0.59712 0.61905 0.62219 0.63393 0.63596 0.64177 0.65399 0.66035 0.69053 0.68642 0.69263 0.69211 0.65381 0.64871 0.64772 0.64832 0.65566 0.65046 0.64838 0.64527 0.66862 0.66724 0.67292 0.67923 0.67672 0.67500 0.70041 0.70930 0.71618 0.70201 0.69201 0.67178 0.63745 0.63839 0.59259 0.58034 0.55458 0.54063 0.58348 0.58539 0.56448 0.52536 0.51629 0.47261 0.41307 0.39480
-9999 -9999 -9999 -9999 -9999 -9999 -9999 -9999 -9999 -9999 0.58645 0.56721 0.52993 0.56529 0.55257 0.52323 0.51508 0.51634 0.50757 0.51115 0.51558 0.52100 0.52198 0.54489 0.55940 0.58728 0.61870 0.62333 0.64933 0.65422 0.65658 0.66310 0.66600 0.67824 0.67298 0.69542 0.69352 0.68804 0.68282 0.66262 0.64674 0.64664 0.64148 0.65549 0.64962 0.64087 0.64597 0.66867 0.67473 0.67967 0.70375 0.69258 0.71601 0.72436 0.76059 0.75855 0.75218 0.75255 0.77596 0.71646 0.71932 0.71984 0.72301 0.73600 0.72581 0.71775 0.69253 0.66332 0.63368 0.53111 0.49558 0.46892 0.43714
-9999 -9999 -9999 -9999 -9999 -9999 -9999 -9999 -9999 -9999 -9999 -9999 0.59531 0.55423 0.54593 0.54614 0.56040 0.58699 0.55884 0.55503 0.55507 0.55969 0.56816 0.58441 0.60740 0.62311 0.63958 0.64367 0.65787 0.68595 0.70056 0.68055 0.68138 0.69014 0.69281 0.68683 0.69665 0.67877 0.66918 0.65626 0.65453 0.64835 0.64276 0.64777 0.64715 0.64008 0.64616 0.65331 0.66216 0.68405 0.68134 0.68665 0.69180 0.71370 0.76593 0.78099 0.78080 0.73731 0.72612 0.71698 0.72242 0.71681 0.71573 0.71325 0.71430 0.71330 0.71543 0.70227 0.66516 0.58956 0.49503 0.42931 0.43329
-9999 -9999 -9999 -9999 -9999 -9999 -9999 -9999 -9999 -9999 -9999 -9999 0.62414 0.59901 0.57869 0.57840 0.58694 0.59302 0.55926 0.55594 0.56832 0.56074 0.57682 0.61258 0.61267 0.63199 0.65809 0.67538 0.68326 0.71545 0.73186 0.71293 0.71281 0.71182 0.69200 0.69803 0.68101 0.64649 0.66028 0.66131 0.66965 0.66647 0.67141 0.66903 0.65767 0.64708 0.64583 0.66127 0.66472 0.66960 0.67397 0.68636 0.71292 0.73182 0.77032 0.77323 0.77465 0.73499 0.73833 0.72211 0.72885 0.71671 0.71675 0.71793 0.71946 0.70727 0.69260 0.67326 0.62267 0.53458 0.49047 0.48146 0.44170
-9999 -9999 -9999 -9999 -9999 -9999 -9999 -9999 -9999 -9999 -9999 0.66268 0.63296 0.64831 0.63721 0.57732 0.56285 0.56528 0.55335 0.55904 0.60586 0.56046 0.59593 0.59170 0.60186 0.61977 0.62681 0.65627 0.68784 0.72844 0.73367 0.72809 0.73306 0.72089 0.71894 0.74546 0.71544 0.67924 0.65179 0.63248 0.63298 0.62054 0.61463 0.62336 0.63503 0.65891 0.66432 0.67452 0.67419 0.66761 0.67651 0.67748 0.69475 0.72289 0.76814 0.74918 0.74673 0.71990 0.72085 0.73407 0.74024 0.72223 0.72725 0.71322 0.70122 0.68055 0.64719 0.61188 0.54050 0.46508 0.40260 0.38324 0.40745
-9999 -9999 -9999 -9999 -9999 -9999 -9999 -9999 -9999 -9999 -9999 0.68747 0.68011 0.65603 0.65746 0.60040 0.58806 0.58352 0.57749 0.57327 0.58763 0.59526 0.60034 0.62587 0.64340 0.65677 0.65687 0.66641 0.69205 0.70815 0.71333 0.71844 0.72314 0.73178 0.72250 0.74368 0.74588 0.68985 0.63915 0.65276 0.65505 0.62837 0.61054 0.60794 0.61752 0.64347 0.64994 0.65856 0.67563 0.68514 0.68818 0.70928 0.70944 0.71747 0.71529 0.72014 0.70425 0.70897 0.71076 0.72351 0.72609 0.71635 0.70887 0.70279 0.68436 0.66786 0.61320 0.59470 0.50517 0.42341 0.41637 0.40928 0.39517
-9999 -9999 -9999 -9999 -9999 -9999 -9999 -9999 -9999 -9999 -9999 0.68113 0.67028 0.64998 0.64163 0.61649 0.60916 0.60957 0.59675 0.59991 0.59412 0.61081 0.64721 0.65575 0.67457 0.67744 0.67837 0.68852 0.69820 0.73047 0.71074 0.71874 0.72718 0.73543 0.71232 0.76013 0.74965 0.73150 0.70270 0.68157 0.66684 0.65498 0.64757 0.62784 0.62564 0.63366 0.61758 0.60502 0.60210 0.61920 0.62449 0.63080 0.63601 0.64017 0.66585 0.69048 0.69570 0.70634 0.71611 0.70654 0.71013 0.71499 0.72717 0.71785 0.72165 0.68988 0.63626 0.57342 0.50070 0.44023 0.44815 0.37297 0.36080
