data/hydroclimate-scenarios/BCSD_hadcm_A1B/monthly_summaries/vpd_monthly_avg_mar.2070-2099.asc
ncols	311
nrows	91
xllcenter	102.75
yllcenter	31.75
cellsize	0.5
NODATA_value	-9999
[rows 33 to 65 of 91, columns 0 to 72 of 311]
-9999 -9999 -9999 -9999 -9999 -9999 -9999 -9999 -9999 -9999 -9999 0.15035 0.14494 0.14566 0.14011 0.13721 0.13592 0.13464 0.13414 0.13449 0.13327 0.13505 0.13785 0.13359 0.12818 0.12456 0.12217 0.12868 0.13578 0.14436 0.13647 0.13617 0.13438 0.13666 0.13482 0.13564 0.13147 0.12581 0.12060 0.10603 0.11179 0.10147 0.10361 0.10094 0.09594 0.09394 0.09084 0.09201 0.09176 0.09346 0.09425 0.10030 0.10094 0.10366 0.10942 0.10894 0.10753 0.10758 0.11157 0.11528 0.11650 0.11838 0.12504 0.13056 0.12939 0.12369 0.11968 0.11091 0.10395 0.09229 0.09680 0.07971 0.08736
-9999 -9999 -9999 -9999 -9999 -9999 -9999 -9999 -9999 -9999 -9999 -9999 0.15018 0.15095 0.14873 0.14483 0.14407 0.14351 0.14431 0.14597 0.14379 0.13985 0.12972 0.12332 0.11962 0.10593 0.11030 0.10932 0.12642 0.13257 0.13638 0.14516 0.14282 0.14345 0.13902 0.13655 0.13099 0.12933 0.12291 0.11289 0.10893 0.10669 0.10414 0.10783 0.10241 0.09774 0.10031 0.09966 0.10046 0.10193 0.10610 0.10469 0.10541 0.10723 0.10692 0.10830 0.11056 0.11520 0.11764 0.12469 0.12787 0.13006 0.12791 0.12689 0.12955 0.12676 0.12701 0.11433 0.09331 0.08678 0.10312 0.09545 0.09763
-9999 -9999 -9999 -9999 -9999 -9999 -9999 -9999 -9999 -9999 -9999 -9999 0.15670 0.15647 0.15202 0.14963 0.15168 0.15205 0.15055 0.14857 0.14664 0.12196 0.11489 0.11030 0.10093 0.11028 0.11665 0.10587 0.12058 0.12372 0.12351 0.13008 0.14698 0.15018 0.14780 0.14501 0.13811 0.13697 0.13361 0.12274 0.11738 0.10901 0.11044 0.11171 0.11252 0.11010 0.11066 0.10746 0.10710 0.10189 0.10180 0.10836 0.10746 0.11134 0.11658 0.11706 0.12040 0.12418 0.12646 0.13003 0.13069 0.12066 0.11939 0.11835 0.12605 0.13371 0.12247 0.11654 0.10601 0.10177 0.09588 0.10109 0.10173
-9999 -9999 -9999 -9999 -9999 -9999 -9999 -9999 -9999 -9999 -9999 -9999 0.15735 0.16439 0.16197 0.15942 0.15376 0.15066 0.14709 0.13817 0.13176 0.11909 0.11719 0.10915 0.11040 0.10805 0.11463 0.12768 0.12302 0.13448 0.14117 0.15363 0.14648 0.14270 0.15354 0.15544 0.15403 0.14477 0.14440 0.13582 0.11895 0.10686 0.11335 0.11120 0.11169 0.10645 0.10492 0.09629 0.10026 0.10893 0.10789 0.11257 0.11687 0.11608 0.12162 0.12423 0.12533 0.12651 0.12755 0.12570 0.12766 0.11834 0.12281 0.13255 0.12831 0.12386 0.12007 0.11794 0.10310 0.10559 0.10497 0.10391 0.10309
-9999 -9999 -9999 0.17035 0.16735 0.16518 0.16773 0.16731 0.16168 -9999 0.16044 0.16294 0.16510 0.16841 0.16579 0.16008 0.15533 0.15429 0.14164 0.13529 0.13131 0.12789 0.12264 0.11926 0.11835 0.12201 0.12974 0.11811 0.12374 0.11252 0.13079 0.14919 0.14208 0.12292 0.14167 0.14508 0.14015 0.13528 0.13988 0.14089 0.13570 0.12008 0.12074 0.11826 0.10980 0.09902 0.08945 0.10144 0.10211 0.10245 0.10129 0.10312 0.10137 0.09285 0.10244 0.09243 0.08960 0.12029 0.10974 0.12477 0.13176 0.12321 0.12497 0.12517 0.13031 0.12834 0.11879 0.11258 0.11361 0.10792 0.10214 0.09836 0.09161
-9999 -9999 -9999 0.18079 0.17969 0.17515 0.16752 0.16951 0.16764 0.16711 0.17006 0.17273 0.16347 0.16120 0.15165 0.14520 0.14057 0.14134 0.13848 0.13808 0.13812 0.12845 0.13425 0.13794 0.12859 0.13357 0.12976 0.12639 0.12089 0.10958 0.12684 0.12979 0.12916 0.12178 0.12674 0.12752 0.13071 0.11632 0.13482 0.12001 0.11639 0.12515 0.12856 0.11402 0.10326 0.08997 0.09113 0.10836 0.09716 0.09243 0.08979 0.09337 0.08930 0.09061 0.10528 0.09873 0.11038 0.11390 0.10510 0.11234 0.12002 0.11751 0.11905 0.12361 0.12179 0.13394 0.12811 0.13091 0.12071 0.11335 0.10329 0.10334 0.09082
-9999 -9999 -9999 0.19039 0.18734 0.17496 0.17110 0.17262 0.17756 0.17896 0.17429 0.16810 0.15664 0.14590 0.12933 0.14025 0.13417 0.13491 0.14520 0.14452 0.13900 0.12949 0.13389 0.12675 0.11578 0.13028 0.12951 0.12764 0.13200 0.11020 0.09643 0.11013 0.12775 0.12802 0.12190 0.12644 0.13367 0.13492 0.13693 0.12734 0.12344 0.12707 0.13020 0.12446 0.12331 0.10877 0.10573 0.10434 0.10280 0.09150 0.08660 0.10260 0.09959 0.10268 0.11101 0.11127 0.11838 0.12368 0.11466 0.11598 0.12760 0.12929 0.13581 0.12592 0.13138 0.13227 0.12782 0.11994 0.10122 0.09923 0.09129 0.10503 0.10436
-9999 -9999 -9999 0.19714 0.20574 0.18087 0.18339 0.17554 0.17342 0.16852 0.17645 0.17566 0.14849 0.13796 0.13157 0.13444 0.12920 0.12528 0.13259 0.13953 0.12621 0.11514 0.10374 0.11360 0.12201 0.13309 0.13857 0.14052 0.11620 0.09793 0.10960 0.14846 0.13014 0.10731 0.10661 0.11830 0.13646 0.15363 0.14317 0.14597 0.13943 0.12249 0.11153 0.12026 0.13970 0.11649 0.10668 0.11814 0.10236 0.10673 0.09438 0.10507 0.10450 0.10036 0.10972 0.11470 0.11905 0.11332 0.11066 0.11470 0.10441 0.12468 0.12979 0.13179 0.12855 0.13369 0.12569 0.11738 0.09691 0.09376 0.11260 0.12800 -9999
-9999 -9999 -9999 0.20684 0.21697 0.18309 0.18258 0.18049 0.16867 0.17142 0.18506 0.16550 0.14241 0.13017 0.11669 0.12390 0.11906 0.12999 0.14760 0.15971 0.14009 0.12952 0.11937 0.14031 0.14764 0.15481 0.16852 0.15682 0.13062 0.11426 0.11517 0.12606 0.11881 0.12655 0.13117 0.13437 0.13498 0.15344 0.15983 0.15570 0.14242 0.13233 0.12475 0.12406 0.13428 0.12907 0.12707 0.12500 0.11911 0.11362 0.11091 0.12687 0.11770 0.10126 0.12031 0.10554 0.12715 0.12798 0.12158 0.10700 0.11410 0.12005 0.12467 0.11328 0.11463 0.13198 0.12407 0.10792 0.10084 0.11611 0.13972 -9999 -9999
-9999 -9999 -9999 -9999 0.19164 0.17973 0.18242 0.16903 0.16311 0.16995 0.18479 0.16742 0.12254 0.14636 -9999 -9999 -9999 -9999 -9999 0.11991 0.12154 0.13465 0.12236 0.11110 0.12452 0.13965 0.17212 0.15849 0.14772 0.15197 0.14240 0.13709 0.13367 0.14786 0.16617 0.17084 0.16326 0.17302 0.17191 0.16896 0.17474 0.16749 0.15525 0.14314 0.14463 0.14987 0.14408 0.12444 0.13277 0.14129 0.12932 0.12669 0.13652 0.11744 0.11356 0.10636 0.10396 0.10652 0.10967 0.11768 0.11364 0.10871 0.11347 0.11828 0.12075 0.11693 0.12308 0.13590 0.14453 -9999 -9999 -9999 -9999
-9999 -9999 0.21273 0.20050 0.19443 0.19527 0.18660 0.16270 0.17718 0.17717 0.18884 0.16568 0.12706 -9999 -9999 -9999 -9999 -9999 0.10372 0.12659 0.13093 0.15807 0.15826 0.13877 0.14291 0.15250 0.18409 0.18286 0.17863 0.17786 0.16823 0.16205 0.16507 0.16209 0.16942 0.18886 0.17888 0.18352 0.18246 0.18272 0.17341 0.18124 0.17443 0.17663 0.18270 0.17921 0.16999 0.16550 0.17418 0.18483 0.18066 0.17290 0.15987 0.16355 0.14452 0.15579 0.13967 0.12037 0.12050 0.14415 0.14328 0.13870 0.13769 0.13336 0.14139 0.14679 0.15329 -9999 -9999 -9999 -9999 -9999 -9999
-9999 -9999 0.21519 0.20654 0.21099 0.20313 0.20191 0.17536 0.18225 0.19020 0.17396 0.16242 0.16163 -9999 -9999 -9999 -9999 0.15227 0.12216 0.15209 0.15576 0.16875 0.16412 0.17267 0.18887 0.20650 0.19794 0.18683 0.19015 0.19659 0.18412 0.16382 0.18129 0.19102 0.18643 0.18875 0.19214 0.19932 0.18181 0.17067 0.18450 0.17710 0.17699 0.18587 0.17952 0.18455 0.19232 0.18027 0.21304 0.19816 0.20396 0.20402 0.20052 0.19600 0.19122 0.21012 0.19394 0.15182 0.14124 0.15982 0.16562 0.14322 0.15778 0.17436 0.18627 -9999 -9999 -9999 -9999 -9999 0.16529 -9999 -9999
-9999 -9999 0.23113 0.20506 0.20721 0.20365 0.20449 0.19426 0.18801 0.18526 0.16606 0.15900 0.22440 -9999 -9999 -9999 -9999 0.13452 0.14547 0.16093 0.16616 0.18568 0.19951 0.21047 0.20381 0.21016 0.18972 0.19985 0.19405 0.19284 0.18111 0.18155 0.18183 0.18197 0.19762 0.19233 0.18737 0.18973 0.18185 0.19892 0.20044 0.21155 0.21542 0.19902 0.20156 0.18629 0.18774 0.18365 0.20139 0.20416 0.22811 0.21383 0.21064 0.20532 0.20060 0.23352 0.22921 0.18727 0.18784 0.19203 0.21775 0.21403 0.21166 0.19147 0.16945 0.15836 0.18612 0.16280 0.17773 -9999 -9999 -9999 0.17049
-9999 -9999 -9999 0.22084 0.21153 0.20931 0.21639 0.21881 0.19899 0.18248 0.19599 0.21888 -9999 -9999 -9999 -9999 0.14914 0.14914 0.17431 0.18511 0.19635 0.22037 0.21132 0.21567 0.20812 0.20536 0.19822 0.18991 0.19386 0.16319 0.16788 0.18655 0.20196 0.20470 0.20966 0.21728 0.22360 0.22363 0.22456 0.23225 0.22917 0.23717 0.23183 0.23421 0.24566 0.22430 0.22968 0.23737 0.23136 0.23557 0.21630 0.21878 0.22454 0.20393 0.19028 0.19574 0.19782 0.17627 0.18295 0.20678 0.20957 0.20562 0.17288 0.12557 0.10214 0.15446 0.18156 0.18011 0.18780 0.18680 -9999 -9999 0.15708
-9999 -9999 -9999 -9999 0.22910 0.22367 0.22307 0.20978 0.19522 0.22093 0.25703 -9999 -9999 -9999 -9999 0.16171 0.15661 0.18214 0.20774 0.21305 0.22636 0.23916 0.23044 0.20953 0.20470 0.22310 0.22018 0.21347 0.19650 0.19048 0.18182 0.21342 0.22377 0.22301 0.20996 0.22150 0.22496 0.23203 0.23085 0.23739 0.22914 0.23295 0.24140 0.25261 0.26246 0.24943 0.24656 0.25188 0.25539 0.25334 0.24864 0.24516 0.23142 0.22380 0.23263 0.24049 0.23992 0.19974 0.19926 0.21940 0.19410 0.17215 0.16546 0.16625 0.14473 0.16108 0.19378 0.20534 0.18621 0.18849 0.18689 0.17285 0.16488
-9999 -9999 -9999 -9999 -9999 -9999 0.22873 0.22356 0.26160 0.26783 0.23947 -9999 -9999 -9999 -9999 -9999 0.18960 0.21109 0.22665 0.22413 0.22915 0.29552 0.23319 0.21932 0.21818 0.24008 0.24415 0.22801 0.22503 0.21586 0.20408 0.21928 0.23439 0.21486 0.22154 0.24044 0.22739 0.21433 0.23559 0.22432 0.22437 0.21068 0.21578 0.23883 0.24041 0.26035 0.26345 0.26246 0.25658 0.25703 0.26163 0.25213 0.25207 0.24730 0.24571 0.24978 0.24329 0.22400 0.21495 0.20784 0.18395 0.17251 0.16146 0.15027 0.13144 0.15412 0.19043 0.22277 0.20784 0.19174 0.17716 0.17178 0.15448
-9999 -9999 -9999 -9999 -9999 -9999 -9999 -9999 -9999 -9999 -9999 -9999 -9999 -9999 -9999 -9999 -9999 -9999 -9999 0.24076 0.24555 0.28847 0.26145 0.24872 0.24290 0.24266 0.23453 0.26054 0.24975 0.22059 0.21631 0.22987 0.21755 0.22182 0.22222 0.23069 0.23659 0.22709 0.22868 0.21414 0.20966 0.21583 0.22906 0.24182 0.24430 0.25967 0.27626 0.27436 0.26836 0.26360 0.26497 0.26342 0.25725 0.27212 0.26525 0.25777 0.24972 0.24188 0.22379 0.20837 0.17604 0.17869 0.16648 0.14448 0.13724 0.18320 0.21785 0.23570 0.22781 0.18433 0.16882 0.16936 0.15218
-9999 -9999 -9999 -9999 -9999 -9999 -9999 -9999 -9999 -9999 -9999 -9999 -9999 -9999 -9999 -9999 -9999 -9999 0.25632 0.25881 0.27468 0.29455 0.28937 0.28282 0.27967 0.26635 0.27310 0.25962 0.24628 0.23118 0.22703 0.21896 0.21458 0.22178 0.22399 0.23849 0.23077 0.23873 0.22123 0.20983 0.20762 0.22658 0.23006 0.23363 0.23895 0.24487 0.26831 0.28499 0.29165 0.27857 0.28102 0.27073 0.27048 0.26898 0.26005 0.26807 0.25739 0.22091 0.19688 0.21035 0.21122 0.21443 0.19215 0.17360 0.15979 0.19867 0.21735 0.23911 0.22784 0.21238 0.19216 0.15131 0.16812
-9999 -9999 -9999 -9999 -9999 -9999 -9999 -9999 -9999 -9999 -9999 -9999 -9999 -9999 -9999 -9999 -9999 0.26218 0.27134 0.29806 0.29659 0.29603 0.29410 0.29582 0.29704 0.28685 0.28550 0.26217 0.23227 0.22412 0.22053 0.22793 0.21892 0.23703 0.23493 0.22339 0.21128 0.22041 0.22940 0.21549 0.21925 0.23614 0.23456 0.24878 0.25671 0.26654 0.27337 0.28135 0.29889 0.28793 0.29604 0.29085 0.27559 0.26945 0.26676 0.26797 0.24933 0.22187 0.20540 0.22041 0.24587 0.22192 0.16350 0.15523 0.19905 0.21350 0.21038 0.23058 0.22544 0.21507 0.18136 0.17369 0.17384
-9999 -9999 -9999 -9999 -9999 -9999 -9999 -9999 -9999 -9999 -9999 -9999 -9999 -9999 -9999 -9999 -9999 0.28167 0.29406 0.27530 0.28544 0.29100 0.30100 0.30855 0.33651 0.30660 0.30119 0.28332 0.26715 0.24131 0.23505 0.23826 0.24323 0.25166 0.23618 0.22047 0.21637 0.21972 0.20739 0.21682 0.22765 0.24889 0.25789 0.27327 0.27694 0.31907 0.32052 0.27867 0.29257 0.30684 0.31155 0.29499 0.28136 0.27419 0.26869 0.26183 0.23019 0.22402 0.23351 0.24204 0.22801 0.20257 0.19323 0.18775 0.16084 0.17805 0.20964 0.18849 0.21566 0.22381 0.20934 0.16611 0.14382
-9999 -9999 -9999 -9999 -9999 -9999 -9999 -9999 -9999 -9999 -9999 -9999 -9999 -9999 -9999 -9999 0.25368 0.26422 0.26742 0.27217 0.30525 0.32701 0.31268 0.33700 0.37597 0.32244 0.32171 0.32776 0.30485 0.25952 0.25056 0.25728 0.25243 0.26398 0.25108 0.24044 0.23143 0.22374 0.21603 0.23901 0.25828 0.26891 0.27140 0.29753 0.30581 0.33170 0.33755 0.28375 0.29745 0.31751 0.31907 0.30521 0.28594 0.28222 0.27503 0.26622 0.25616 0.24570 0.24468 0.23183 0.23617 0.21947 0.19619 0.16350 0.18260 0.19054 0.19840 0.20908 0.23013 0.22544 0.20591 0.17207 0.15491
-9999 -9999 -9999 -9999 -9999 -9999 -9999 -9999 -9999 -9999 -9999 -9999 -9999 0.26904 0.24939 0.25769 0.25292 0.23703 0.26332 0.31338 0.32588 0.30168 0.32192 0.31781 0.31274 0.35584 0.33746 0.33161 0.32103 0.30837 0.29420 0.27804 0.26691 0.26603 0.25113 0.23783 0.24071 0.24978 0.24888 0.25681 0.27443 0.30080 0.31560 0.33813 0.33370 0.33310 0.33110 0.33068 0.32858 0.32113 0.31136 0.30620 0.29077 0.30081 0.28414 0.26854 0.26555 0.26606 0.26918 0.26040 0.25104 0.24839 0.23291 0.23116 0.24195 0.25347 0.24714 0.23892 0.23240 0.21822 0.18826 0.15744 0.14354
-9999 -9999 -9999 -9999 -9999 -9999 -9999 -9999 -9999 -9999 -9999 -9999 0.29222 0.27671 0.26667 0.27303 0.27924 0.27888 0.28120 0.35942 0.32643 0.33610 0.33589 0.33217 0.32446 0.36756 0.35684 0.34872 0.33223 0.32261 0.31033 0.29521 0.28172 0.27340 0.26582 0.25632 0.25410 0.26246 0.26194 0.28270 0.28934 0.32031 0.34142 0.35616 0.34545 0.33809 0.33690 0.33895 0.33283 0.33001 0.32060 0.31455 0.30871 0.30621 0.29877 0.28649 0.28173 0.26651 0.24972 0.25307 0.25134 0.25884 0.25470 0.23679 0.24268 0.24767 0.24184 0.24023 0.23118 0.19874 0.16946 0.16383 0.14516
-9999 -9999 -9999 -9999 -9999 -9999 -9999 -9999 -9999 -9999 -9999 0.25054 0.26786 0.26492 0.28729 0.32356 0.33249 0.33797 0.33977 0.33529 0.33983 0.36688 0.35703 0.34894 0.33642 0.32856 0.32010 0.34748 0.34990 0.34585 0.32287 0.30341 0.29379 0.28315 0.27875 0.25599 0.24503 0.25869 0.28096 0.29673 0.32540 0.34259 0.37011 0.37584 0.36635 0.36068 0.35695 0.35147 0.34418 0.33856 0.33679 0.29205 0.29898 0.29248 0.29169 0.29564 0.30477 0.28753 0.29876 0.30809 0.29163 0.30231 0.28419 0.26879 0.25744 0.24478 0.24138 0.24672 0.21929 0.18936 0.15386 0.13398 0.13471
-9999 -9999 -9999 -9999 -9999 -9999 -9999 -9999 -9999 -9999 0.27415 0.27127 0.31032 0.29185 0.32862 0.35594 0.36503 0.35598 0.34709 0.34451 0.35024 0.37792 0.37231 0.36399 0.35715 0.34366 0.33669 0.37186 0.36231 0.34663 0.33139 0.31643 0.30397 0.29619 0.28403 0.25731 0.25268 0.26555 0.29617 0.31946 0.34824 0.37871 0.40768 0.39328 0.38907 0.38445 0.37082 0.36325 0.35719 0.34990 0.34436 0.30045 0.31621 0.30769 0.30191 0.31273 0.29562 0.30148 0.32278 0.32370 0.30866 0.31042 0.29303 0.27668 0.26467 0.24741 0.24641 0.24361 0.21191 0.17238 0.14604 0.15040 0.14000
-9999 -9999 -9999 -9999 -9999 -9999 -9999 -9999 -9999 0.35095 0.35102 0.34448 0.34796 0.35199 0.36205 0.37193 0.37797 0.37742 0.38946 0.38562 0.38154 0.37381 0.36546 0.37762 0.36746 0.36936 0.37629 0.36215 0.35093 0.34310 0.33718 0.30602 0.28981 0.26473 0.24634 0.24554 0.24311 0.28754 0.31109 0.36684 0.39760 0.43635 0.45346 0.44611 0.43714 0.42178 0.41976 0.38170 0.37314 0.36990 0.35499 0.32612 0.31216 0.26862 0.26382 0.34953 0.35265 0.35421 0.35431 0.34454 0.32366 0.31992 0.30583 0.29519 0.28748 0.26412 0.25369 0.22783 0.20065 0.18097 0.17442 0.16425 0.15911
-9999 -9999 -9999 -9999 -9999 -9999 -9999 -9999 -9999 -9999 0.37994 0.37839 0.37602 0.38750 0.41744 0.40434 0.39404 0.39586 0.39176 0.37911 0.36561 0.37635 0.37614 -9999 -9999 -9999 -9999 -9999 -9999 0.35634 0.34521 0.32305 0.30679 0.27626 0.24879 0.25830 0.26524 0.30746 0.34152 0.39539 0.43256 0.46249 0.48146 0.46336 0.45620 0.43904 0.42389 0.40179 0.38725 0.39210 0.37672 0.35191 0.32484 0.28348 0.27474 0.37446 0.38248 0.37671 0.37636 0.35494 0.34319 0.32984 0.31406 0.30144 0.25854 0.26990 0.23935 0.21839 0.16414 0.16733 0.15277 0.16569 0.16584
-9999 -9999 -9999 -9999 -9999 -9999 -9999 -9999 -9999 -9999 -9999 -9999 0.39678 0.41198 0.41291 0.49105 0.47962 0.46422 0.44468 -9999 -9999 -9999 -9999 -9999 -9999 -9999 -9999 -9999 -9999 -9999 -9999 -9999 -9999 0.30897 0.26840 0.29056 0.29837 0.35200 0.39803 0.43731 0.46284 0.48961 0.50394 0.49580 0.48627 0.47244 0.45818 0.44516 0.44009 0.41363 0.40034 0.34097 0.32852 0.33691 0.34025 0.39921 0.38811 0.38909 0.38435 0.36902 0.35752 0.31939 0.30298 0.30256 0.29266 0.28075 0.24852 0.22669 0.20278 0.20417 0.19087 0.18748 -9999
-9999 -9999 -9999 -9999 -9999 -9999 -9999 -9999 -9999 -9999 -9999 -9999 -9999 -9999 -9999 -9999 -9999 -9999 -9999 -9999 -9999 -9999 -9999 -9999 -9999 -9999 -9999 -9999 -9999 -9999 -9999 -9999 -9999 -9999 0.30529 0.30387 0.36111 0.38452 0.43296 0.47119 0.49099 0.50342 0.51193 0.52429 0.50838 0.49248 0.47126 0.46856 0.45174 0.43231 0.41863 0.36048 0.35092 0.35448 0.35578 0.42472 0.41300 0.37359 0.37113 0.36249 0.34723 0.31930 0.31561 0.31372 0.31115 0.28675 0.25365 0.22679 0.19527 0.20470 0.21004 -9999 -9999
-9999 -9999 -9999 -9999 -9999 -9999 -9999 -9999 -9999 -9999 -9999 -9999 -9999 -9999 -9999 -9999 -9999 -9999 -9999 -9999 -9999 -9999 -9999 -9999 -9999 -9999 -9999 -9999 -9999 -9999 -9999 -9999 -9999 -9999 0.34636 0.35475 0.35343 0.42009 0.49090 0.54502 0.54993 0.55258 0.56056 0.54187 0.53094 0.49971 0.49194 0.47596 0.45341 0.43692 0.42112 0.41401 0.41306 0.35439 0.35720 0.42349 0.43577 0.41645 0.39909 0.38178 0.36870 0.34932 0.32465 0.30854 0.30723 0.27167 0.26672 0.23279 0.20009 0.21621 -9999 -9999 -9999
-9999 -9999 -9999 -9999 -9999 -9999 -9999 -9999 -9999 -9999 -9999 -9999 -9999 -9999 -9999 -9999 -9999 -9999 -9999 -9999 -9999 -9999 -9999 -9999 -9999 -9999 -9999 -9999 -9999 -9999 -9999 -9999 -9999 -9999 -9999 -9999 -9999 -9999 0.53422 0.57164 0.57501 0.57679 0.57209 0.56310 0.54759 0.52894 0.51319 0.48732 0.48004 0.45177 0.44698 0.44438 0.44586 0.38009 0.37542 0.44636 0.44869 0.43440 0.41136 0.39545 0.36895 0.35993 0.32123 0.30929 0.26684 0.27114 0.25714 0.24904 0.26085 -9999 -9999 -9999 -9999
-9999 -9999 -9999 -9999 -9999 -9999 -9999 -9999 -9999 -9999 -9999 -9999 -9999 -9999 -9999 -9999 -9999 -9999 -9999 -9999 -9999 -9999 -9999 -9999 -9999 -9999 -9999 -9999 -9999 -9999 -9999 -9999 -9999 -9999 -9999 -9999 -9999 -9999 -9999 0.60304 0.60227 0.59225 0.58461 0.57934 0.56353 0.53834 0.51365 0.50186 0.48289 0.45922 0.46711 0.42573 0.44332 0.43095 0.44075 0.40649 0.40868 0.36921 0.38996 0.33923 0.35447 0.34269 0.32922 0.29113 0.28886 0.26401 0.27870 0.28617 -9999 -9999 -9999 -9999 -9999
-9999 -9999 -9999 -9999 -9999 -9999 -9999 -9999 -9999 -9999 -9999 -9999 -9999 -9999 -9999 -9999 -9999 -9999 -9999 -9999 -9999 -9999 -9999 -9999 -9999 -9999 -9999 -9999 -9999 -9999 -9999 -9999 -9999 -9999 -9999 -9999 -9999 -9999 -9999 -9999 -9999 -9999 -9999 0.57841 0.55885 0.53756 0.51036 0.48942 0.48063 0.46614 0.45276 0.37534 0.43877 0.47287 0.42723 0.40920 0.40329 0.39177 0.41155 0.37087 0.34084 0.32749 0.33124 0.28922 0.27899 0.28956 0.30327 -9999 -9999 -9999 -9999 -9999 -9999
