data/hydroclimate-scenarios/BCSD_hadcm_A1B/monthly_summaries/vpd_monthly_avg_may.2030-2059.asc
ncols	311
nrows	91
xllcenter	102.75
yllcenter	31.75
cellsize	0.5
NODATA_value	-9999
[rows 0 to 32 of 91, columns 73 to 145 of 311]
-9999 -9999 -9999 -9999 -9999 -9999 -9999 -9999 -9999 -9999 -9999 -9999 -9999 -9999 -9999 -9999 -9999 -9999 -9999 -9999 -9999 -9999 -9999 -9999 -9999 -9999 -9999 -9999 -9999 -9999 -9999 -9999 -9999 -9999 -9999 -9999 -9999 -9999 -9999 -9999 -9999 -9999 -9999 -9999 -9999 -9999 -9999 -9999 -9999 -9999 -9999 -9999 -9999 -9999 -9999 -9999 -9999 -9999 -9999 -9999 -9999 -9999 -9999 -9999 -9999 -9999 -9999 -9999 -9999 -9999 -9999 -9999 -9999
-9999 -9999 -9999 -9999 -9999 -9999 -9999 -9999 -9999 -9999 -9999 -9999 -9999 -9999 -9999 -9999 -9999 -9999 -9999 -9999 -9999 -9999 -9999 -9999 -9999 -9999 -9999 -9999 -9999 -9999 -9999 -9999 -9999 -9999 -9999 -9999 -9999 -9999 -9999 -9999 -9999 -9999 -9999 -9999 -9999 -9999 -9999 -9999 -9999 -9999 -9999 -9999 -9999 -9999 -9999 -9999 -9999 -9999 -9999 -9999 -9999 -9999 -9999 -9999 -9999 -9999 -9999 -9999 -9999 -9999 -9999 -9999 -9999
-9999 -9999 -9999 -9999 -9999 -9999 -9999 -9999 -9999 -9999 -9999 -9999 -9999 -9999 -9999 -9999 -9999 -9999 -9999 -9999 -9999 -9999 -9999 -9999 -9999 -9999 -9999 -9999 -9999 -9999 -9999 -9999 -9999 -9999 -9999 -9999 -9999 -9999 -9999 -9999 -9999 -9999 -9999 -9999 -9999 -9999 -9999 -9999 -9999 -9999 -9999 -9999 -9999 -9999 -9999 -9999 -9999 -9999 -9999 -9999 -9999 -9999 -9999 -9999 -9999 -9999 -9999 -9999 -9999 -9999 -9999 -9999 -9999
-9999 -9999 -9999 -9999 -9999 -9999 -9999 -9999 -9999 -9999 -9999 -9999 -9999 -9999 -9999 -9999 -9999 -9999 -9999 -9999 -9999 -9999 -9999 -9999 -9999 -9999 -9999 -9999 -9999 -9999 -9999 -9999 -9999 -9999 -9999 -9999 -9999 -9999 -9999 -9999 -9999 -9999 -9999 -9999 -9999 -9999 -9999 -9999 -9999 -9999 -9999 -9999 -9999 -9999 -9999 -9999 -9999 -9999 -9999 -9999 -9999 -9999 -9999 -9999 -9999 -9999 -9999 -9999 -9999 -9999 -9999 -9999 -9999
-9999 -9999 -9999 -9999 -9999 -9999 -9999 -9999 -9999 -9999 -9999 -9999 -9999 -9999 -9999 -9999 -9999 -9999 -9999 -9999 -9999 -9999 -9999 -9999 -9999 -9999 -9999 -9999 -9999 -9999 -9999 -9999 -9999 -9999 -9999 -9999 -9999 -9999 -9999 -9999 -9999 -9999 -9999 -9999 -9999 -9999 -9999 -9999 -9999 -9999 -9999 -9999 -9999 -9999 -9999 -9999 -9999 -9999 -9999 -9999 -9999 -9999 -9999 -9999 -9999 -9999 -9999 -9999 -9999 -9999 -9999 -9999 -9999
-9999 -9999 -9999 -9999 -9999 -9999 -9999 -9999 -9999 -9999 -9999 -9999 -9999 -9999 -9999 -9999 -9999 -9999 -9999 -9999 -9999 -9999 -9999 -9999 -9999 -9999 -9999 -9999 -9999 -9999 -9999 -9999 -9999 -9999 -9999 -9999 -9999 -9999 -9999 -9999 -9999 -9999 -9999 -9999 -9999 -9999 -9999 -9999 -9999 -9999 -9999 -9999 -9999 -9999 -9999 -9999 -9999 -9999 -9999 -9999 -9999 -9999 -9999 -9999 -9999 -9999 -9999 -9999 -9999 -9999 -9999 -9999 -9999
-9999 -9999 -9999 -9999 -9999 -9999 -9999 -9999 -9999 -9999 -9999 -9999 -9999 -9999 -9999 -9999 -9999 -9999 -9999 -9999 -9999 -9999 -9999 -9999 -9999 -9999 -9999 -9999 -9999 -9999 -9999 -9999 -9999 -9999 -9999 -9999 -9999 -9999 -9999 -9999 -9999 -9999 -9999 -9999 -9999 -9999 -9999 -9999 -9999 -9999 -9999 -9999 -9999 -9999 -9999 -9999 -9999 -9999 -9999 -9999 -9999 -9999 -9999 -9999 -9999 -9999 -9999 -9999 -9999 -9999 -9999 -9999 -9999
-9999 -9999 -9999 -9999 -9999 -9999 -9999 -9999 -9999 -9999 -9999 -9999 -9999 -9999 -9999 -9999 -9999 -9999 -9999 -9999 -9999 -9999 -9999 -9999 -9999 -9999 -9999 -9999 -9999 -9999 -9999 -9999 -9999 -9999 -9999 -9999 -9999 -9999 -9999 -9999 -9999 -9999 -9999 -9999 -9999 -9999 -9999 -9999 -9999 -9999 -9999 -9999 -9999 -9999 -9999 -9999 -9999 -9999 -9999 -9999 -9999 -9999 -9999 -9999 -9999 -9999 -9999 -9999 -9999 -9999 -9999 -9999 -9999
-9999 -9999 -9999 -9999 0.32436 -9999 -9999 -9999 -9999 -9999 -9999 -9999 -9999 -9999 -9999 -9999 -9999 -9999 -9999 -9999 -9999 -9999 -9999 -9999 -9999 -9999 -9999 -9999 -9999 -9999 -9999 -9999 -9999 -9999 -9999 -9999 -9999 -9999 -9999 -9999 -9999 -9999 -9999 -9999 -9999 -9999 -9999 -9999 -9999 -9999 -9999 -9999 -9999 -9999 -9999 -9999 -9999 -9999 -9999 -9999 -9999 -9999 -9999 -9999 -9999 -9999 -9999 -9999 -9999 -9999 -9999 -9999 -9999
0.29550 0.38526 0.37716 0.35067 0.33776 0.32595 0.31383 0.30061 0.29006 0.28061 0.27544 0.27197 0.26316 0.25689 0.24319 0.24428 0.23974 0.23830 0.23934 0.24396 -9999 -9999 -9999 -9999 -9999 -9999 -9999 -9999 -9999 -9999 -9999 -9999 -9999 -9999 -9999 -9999 -9999 -9999 -9999 -9999 -9999 -9999 -9999 -9999 -9999 -9999 -9999 -9999 -9999 -9999 -9999 -9999 -9999 -9999 -9999 -9999 -9999 -9999 -9999 -9999 -9999 -9999 -9999 -9999 -9999 -9999 -9999 -9999 -9999 -9999 -9999 -9999 -9999
-9999 -9999 0.40263 0.39431 0.37200 0.35850 0.34899 0.33778 0.32216 0.31042 0.29327 0.29148 0.28786 0.27890 0.26078 0.25366 0.25104 0.24429 0.24892 0.24821 -9999 -9999 -9999 -9999 -9999 -9999 -9999 -9999 -9999 -9999 -9999 -9999 -9999 -9999 -9999 -9999 -9999 -9999 -9999 -9999 -9999 -9999 -9999 -9999 -9999 -9999 -9999 -9999 -9999 -9999 -9999 -9999 -9999 -9999 -9999 -9999 -9999 -9999 -9999 -9999 -9999 -9999 -9999 -9999 -9999 -9999 -9999 -9999 -9999 -9999 -9999 -9999 -9999
0.46535 0.46248 0.44125 0.43184 0.40186 0.39407 0.37924 0.36995 0.35147 0.34054 0.32685 0.31921 0.30615 0.29970 0.28263 0.27251 0.26822 0.26280 0.26537 0.26485 0.27306 0.28497 0.28982 0.29888 0.30264 0.31679 -9999 -9999 -9999 -9999 -9999 -9999 -9999 -9999 -9999 -9999 -9999 -9999 -9999 -9999 -9999 -9999 -9999 -9999 -9999 -9999 -9999 -9999 -9999 -9999 -9999 -9999 -9999 -9999 -9999 -9999 -9999 -9999 -9999 -9999 -9999 -9999 -9999 -9999 -9999 -9999 -9999 -9999 -9999 -9999 -9999 -9999 -9999
0.50312 0.48727 0.48072 0.46066 0.44457 0.43439 0.41912 0.40873 0.38779 0.37446 0.36402 0.34856 0.33955 0.32584 0.30926 0.29935 0.29098 0.27726 0.28213 0.28032 0.27762 0.29347 0.30050 0.31773 0.32024 0.32650 0.33367 0.34573 0.35614 0.36106 0.36176 0.36225 0.36701 0.37503 0.37911 0.37513 0.37600 0.37261 0.36514 0.35865 0.35041 -9999 -9999 -9999 -9999 -9999 -9999 -9999 -9999 -9999 -9999 -9999 -9999 -9999 -9999 -9999 -9999 -9999 -9999 -9999 -9999 -9999 -9999 -9999 -9999 -9999 -9999 -9999 -9999 -9999 -9999 -9999 -9999
0.52659 0.50892 0.48614 0.48279 0.48160 0.47496 0.46027 0.44537 0.42475 0.41448 0.39883 0.38661 0.37291 0.35850 0.33955 0.32611 0.32340 0.30574 0.29331 0.28422 0.29415 0.30059 0.31122 0.32604 0.34340 0.34517 0.34087 0.34068 0.35325 0.35887 0.37818 0.37820 0.38229 0.38272 0.38286 0.39197 0.39180 0.38463 0.37584 0.37054 0.36277 0.35650 -9999 -9999 -9999 -9999 -9999 -9999 -9999 -9999 -9999 -9999 -9999 -9999 -9999 -9999 -9999 -9999 -9999 -9999 -9999 -9999 -9999 -9999 -9999 -9999 -9999 -9999 -9999 -9999 -9999 -9999 -9999
0.46464 0.40872 0.44873 0.44603 0.42741 0.43195 0.41797 0.43511 0.40737 0.40727 0.40505 0.39869 0.38596 0.37565 0.35905 0.34827 0.33982 0.32286 0.31413 0.31332 0.32246 0.32784 0.32848 0.31275 0.33637 0.34850 0.35619 0.35886 0.37021 0.37506 0.37811 0.37394 0.38532 0.38932 0.38753 0.38908 0.38656 0.38764 0.37975 0.37620 0.37032 0.36530 -9999 -9999 -9999 -9999 -9999 -9999 -9999 -9999 -9999 -9999 -9999 -9999 -9999 -9999 -9999 0.32123 0.30881 -9999 -9999 -9999 -9999 0.27082 0.23472 0.21156 0.22512 0.25773 0.26185 0.25344 0.24328 0.23087 0.22660
0.46473 0.42490 0.46728 0.49352 0.48099 0.45011 0.43341 0.42301 0.44203 0.43661 0.42310 0.40013 0.38298 0.39076 0.37673 0.37276 0.36442 0.36106 0.34491 0.33737 0.33412 0.36616 0.36149 0.36400 0.36436 0.36683 0.37645 0.37778 0.38487 0.39720 0.39547 0.39775 0.40055 0.40010 0.40603 0.40534 0.40006 0.40043 0.39121 0.38833 0.38073 0.37677 0.37369 0.36715 0.35998 0.35165 0.30729 0.29199 0.30300 0.28882 0.28609 0.29403 0.28450 0.28030 0.32024 0.32510 0.32699 0.32260 0.31552 -9999 -9999 -9999 -9999 -9999 0.27690 0.25530 0.24031 0.22761 0.22168 0.22710 0.20738 0.21046 0.20832
0.46190 0.40440 0.44601 0.47959 0.47472 0.47737 0.49328 0.50678 0.50630 0.48591 0.46356 0.44642 0.43265 0.42018 0.41211 0.39756 0.39263 0.38089 0.38320 0.37915 0.38889 0.39111 0.38496 0.38785 0.39238 0.38772 0.39327 0.39511 0.40964 0.41113 0.40637 0.41090 0.41411 0.40712 0.41428 0.40569 0.39878 0.40092 0.40086 0.39703 0.38912 0.39068 0.37658 0.37203 0.36924 0.36545 0.32107 0.29983 0.31691 0.32889 0.30424 0.26342 0.24197 0.27863 0.25337 0.24871 0.25880 0.27871 0.27647 0.26965 0.29298 0.31019 0.30070 0.29899 0.28969 0.28871 0.26839 0.24780 0.21796 0.21662 0.19824 0.18010 0.17802
0.49640 0.40999 0.38979 0.43106 0.45491 0.44631 0.54395 0.54072 0.53442 0.50954 0.49337 0.46911 0.46212 0.43936 0.43483 0.42677 0.41795 0.39222 0.38929 0.40271 0.40601 0.40608 0.39929 0.40382 0.40228 0.40687 0.40832 0.42095 0.42837 0.43117 0.42635 0.42470 0.41730 0.42136 0.42144 0.41849 0.41661 0.41200 0.41224 0.39970 0.40102 0.39886 0.38958 0.38800 0.38206 0.38071 0.37586 0.36283 0.34138 0.35454 0.32624 0.31740 0.28900 0.25212 0.24434 0.25316 0.25229 0.24541 0.25252 0.22403 0.25121 0.28606 0.29460 0.30185 0.30105 0.30020 0.28057 0.24259 0.20288 0.19838 0.18540 0.17672 0.16408
0.40087 0.52241 0.47196 0.50968 0.53471 0.46541 0.50609 0.53380 0.53622 0.53452 0.51498 0.49874 0.49522 0.48256 0.47459 0.45693 0.43754 0.37344 0.37773 0.38859 0.39151 0.40587 0.42179 0.42647 0.42997 0.43020 0.43067 0.43286 0.43233 0.43578 0.44553 0.44223 0.43617 0.43796 0.43054 0.41903 0.41123 0.39979 0.40100 0.40710 0.36367 0.35052 0.36697 0.38909 0.39475 0.40243 0.40228 0.36690 0.34169 0.33113 0.32084 0.31563 0.31153 0.31403 0.30444 0.26507 0.25649 0.24040 0.22745 0.20686 0.19749 0.22728 0.24302 0.25732 0.25460 0.25657 0.24320 0.22637 0.21504 0.21050 0.19426 0.18121 0.17615
0.36649 0.36929 0.43981 0.52505 0.53235 0.47457 0.46855 0.52088 0.40827 0.41545 0.43513 0.48742 0.50201 0.50056 0.49108 0.48485 0.45392 0.42384 0.39787 0.40899 0.41421 0.42636 0.44840 0.45221 0.45134 0.45676 0.45433 0.45471 0.45089 0.44595 0.43209 0.43702 0.44824 0.42723 0.41695 0.40529 0.39980 0.37769 0.37822 0.39231 0.38975 0.38193 0.35407 0.34931 0.36175 0.37549 0.39861 0.35855 0.33077 0.32864 0.31753 0.33015 0.29662 0.27634 0.26059 0.22949 0.25501 0.27250 0.26231 0.26149 0.24985 0.22389 0.20739 0.23419 0.21305 0.23257 0.23453 0.22625 0.22263 0.24465 0.23211 0.19985 0.18939
0.37052 0.34144 0.32758 0.43429 0.48235 0.51238 0.51252 0.53026 0.45382 0.36287 0.31592 0.28401 0.35412 0.41457 0.45668 0.48310 0.49045 0.47933 0.46776 0.46669 0.45770 0.45910 0.46474 0.46776 0.45211 0.45293 0.46057 0.45049 0.44767 0.44061 0.43147 0.42693 0.43598 0.41074 0.39854 0.36997 0.39270 0.39360 0.37630 0.36022 0.38197 0.37902 0.35658 0.37519 0.36304 0.36133 0.37180 0.37196 0.36552 0.34414 0.32416 0.31467 0.30766 0.29305 0.25992 0.23881 0.25635 0.21789 0.22443 0.23324 0.24373 0.25170 0.25297 0.25289 0.23818 0.23061 0.23797 0.23765 0.24186 0.25545 0.24635 0.21959 0.19653
0.32441 0.32187 0.33442 0.34592 0.34490 0.37006 0.42579 0.49002 0.54050 0.47945 0.42786 0.37396 0.31782 0.31142 0.31768 0.33877 0.39315 0.41306 0.45000 0.45308 0.46951 0.46345 0.47503 0.45898 0.46151 0.45875 0.44496 0.43233 0.45661 0.39294 0.38307 0.37905 0.39017 0.38453 0.38349 0.36809 0.38013 0.37260 0.36255 0.35777 0.39097 0.35345 0.34402 0.33077 0.32633 0.32403 0.33206 0.33562 0.29379 0.28553 0.26349 0.25675 0.25700 0.25381 0.21916 0.24542 0.24593 0.21754 0.24024 0.23811 0.23920 0.26705 0.25590 0.25228 0.23012 0.23921 0.25125 0.25267 0.26188 0.26664 0.24755 0.20541 0.20514
0.33783 0.35243 0.33327 0.31972 0.33652 0.36651 0.36383 0.41807 0.44244 0.42662 0.42312 0.44560 0.42723 0.40963 0.37223 0.32419 0.30717 0.32271 0.34348 0.36017 0.41559 0.45013 0.47960 0.47174 0.47344 0.45416 0.41920 0.42445 0.42238 0.41599 0.37391 0.39111 0.36021 0.41520 0.40901 0.38660 0.35239 0.36081 0.38116 0.38441 0.36924 0.35605 0.31229 0.29898 0.28493 0.29721 0.28546 0.25320 0.23746 0.24258 0.22741 0.19856 0.21499 0.19688 0.23110 0.21317 0.24367 0.25783 0.25049 0.25681 0.25706 0.25873 0.23766 0.25616 0.27252 0.27758 0.26687 0.26630 0.27770 0.27347 0.23308 0.20764 0.22367
0.40888 0.41066 0.36617 0.33234 0.33774 0.33018 0.34812 0.39690 0.46737 0.34095 0.34959 0.38640 0.31428 0.28462 0.28396 0.44924 0.34938 0.26887 0.27606 0.29934 0.33813 0.45714 0.48532 0.48829 0.48934 0.46452 0.44040 0.44196 0.42206 0.41928 0.40599 0.41259 0.44270 0.42570 0.39820 0.39400 0.36612 0.35433 0.31987 0.34092 0.34440 0.32672 0.36797 0.36628 0.32434 0.29856 0.26480 0.24851 0.23313 0.23953 0.23744 0.22689 0.20580 0.19764 0.21363 0.20844 0.24609 0.25137 0.26876 0.27200 0.26258 0.24390 0.28027 0.28791 0.28957 0.28869 0.28586 0.27271 0.27205 0.26746 0.24593 0.24530 0.23347
0.41965 0.42649 0.40348 0.39840 0.39617 0.38048 0.39275 0.38908 0.40367 0.38707 0.38286 0.40026 0.33390 0.31781 0.28229 0.29877 0.34819 0.37371 0.34393 0.33225 0.35473 0.37498 0.43996 0.48968 0.48892 0.48242 0.46174 0.46890 0.44075 0.43926 0.44982 0.42576 0.41937 0.42039 0.41229 0.39799 0.38022 0.35816 0.31508 0.31108 0.30139 0.30677 0.35793 0.35943 0.32523 0.29810 0.26813 0.23893 0.22861 0.24770 0.24942 0.21517 0.22475 0.23084 0.23663 0.24700 0.22142 0.24208 0.25297 0.26728 0.27245 0.29247 0.30589 0.29936 0.29183 0.28473 0.25949 0.26808 0.27498 0.26939 0.25560 0.24913 0.23322
0.38855 0.38387 0.39219 0.42170 0.42626 0.43627 0.43943 0.45045 0.40829 0.35399 0.37454 0.40559 0.39444 0.34809 0.33428 0.32063 0.27939 0.30131 0.33274 0.38324 0.40722 0.39741 0.38128 0.40640 0.46670 0.46965 0.44987 0.43396 0.44383 0.43966 0.47071 0.44945 0.42189 0.38814 0.38513 0.33758 0.35637 0.31318 0.27062 0.29495 0.29688 0.26353 0.28356 0.31605 0.31220 0.29534 0.28923 0.26537 0.24754 0.27522 0.28513 0.27956 0.28183 0.27023 0.26230 0.24703 0.25417 0.23977 0.26444 0.26138 0.27278 0.27916 0.28958 0.29901 0.29411 0.28426 0.27164 0.25001 0.24838 0.25928 0.25294 0.22690 0.21618
0.33829 0.33140 0.36235 0.37668 0.40393 0.42554 0.45598 0.42646 0.42437 0.39415 0.31919 0.34701 0.39410 0.39396 0.34342 0.31394 0.29080 0.29394 0.31801 0.32741 0.33948 0.36700 0.38473 0.40926 0.40361 0.43533 0.46846 0.44195 0.47050 0.44361 0.45342 0.38829 0.37307 0.40664 0.35794 0.31343 0.32205 0.32990 0.28948 0.27484 0.26873 0.28686 0.28236 0.28985 0.29527 0.28318 0.28737 0.27112 0.26557 0.25696 0.26360 0.25226 0.24707 0.24253 0.24386 0.26456 0.27549 0.28376 0.28975 0.28089 0.28050 0.28401 0.28088 0.28444 0.28291 0.27810 0.24095 0.22469 0.22847 0.23209 0.23683 0.23487 0.23799
0.33059 0.32791 0.32406 0.37706 0.38084 0.43342 0.42999 0.45912 0.50562 0.45297 0.39259 0.33396 0.34624 0.34660 0.33161 0.34958 0.33466 0.34767 0.28158 0.32682 0.35959 0.37277 0.38860 0.37729 0.35136 0.39604 0.45301 0.47144 0.41718 0.42884 0.42025 0.37881 0.34651 0.38604 0.34845 0.32417 0.29681 0.29645 0.28670 0.27864 0.28479 0.27803 0.28844 0.28187 0.31469 0.29537 0.27992 0.27786 0.27082 0.25937 0.26625 0.27656 0.26010 0.26694 0.26037 0.26412 0.27740 0.28194 0.27926 0.27549 0.27230 0.26919 0.23962 0.24505 0.24329 0.24318 0.22878 0.24024 0.23802 0.23127 0.22843 0.21311 0.19991
0.33822 0.32031 0.31981 0.29606 0.31169 0.36552 0.37057 0.38995 0.42831 0.38974 0.39600 0.36599 0.30413 0.33055 0.35732 0.36219 0.34122 0.34392 0.35564 0.31486 0.31717 0.34982 0.38796 0.42368 0.39728 0.42195 0.48060 0.45135 0.44954 0.43318 0.40288 0.37812 0.34964 0.34006 0.34306 0.30561 0.27648 0.25585 0.28408 0.28545 0.27690 0.30506 0.32542 0.33609 0.35713 0.36691 0.35935 0.35619 0.34382 0.33766 0.32333 0.30096 0.27573 0.26859 0.26076 0.27131 0.27744 0.27838 0.27267 0.26968 0.25039 0.22338 0.20754 0.21641 0.21570 0.21381 0.21957 0.22495 0.22021 0.21920 0.20920 0.20794 0.21765
0.34574 0.34340 0.31124 0.30857 0.25980 0.29418 0.32515 0.30255 0.30441 0.31880 0.33774 0.30231 0.30753 0.32757 0.31762 0.32856 0.35552 0.34863 0.33867 0.30807 0.27395 0.32880 0.37987 0.39003 0.35661 0.38498 0.39250 0.36793 0.40032 0.41012 0.37061 0.35319 0.32711 0.33159 0.31240 0.31117 0.27814 0.26893 0.29020 0.32526 0.30880 0.33096 0.37712 0.37274 0.35915 0.35188 0.32517 0.33476 -9999 -9999 0.32129 0.30753 0.29754 0.27615 0.26317 0.26560 0.26565 0.25639 0.25088 0.22603 0.20487 0.19062 0.19650 0.18399 0.18268 0.17446 0.19910 0.21395 0.20832 0.22271 0.20758 0.21509 0.22840
0.35173 0.32565 0.31043 0.31582 0.28795 0.31713 0.30300 0.29244 0.28506 0.29562 0.28685 0.27915 0.30033 0.31583 0.29350 0.31628 0.34013 0.30874 0.31514 0.33112 0.32225 0.31284 0.27685 0.31103 0.31200 0.34555 0.34702 0.34764 0.33167 0.36965 0.34691 0.32331 0.31123 0.30006 0.28239 0.32528 0.35948 -9999 -9999 -9999 -9999 0.38055 -9999 0.33238 0.28990 0.31003 0.31164 0.34716 -9999 -9999 0.30251 0.30138 0.29085 0.28108 0.27637 0.26554 0.25269 0.23866 0.23270 0.22128 0.20894 0.20203 0.20968 0.16763 0.16737 0.17376 0.21427 0.21854 0.21867 0.23443 -9999 -9999 -9999
0.34583 0.31617 0.31371 0.34462 0.28651 0.30980 0.35601 0.34185 0.33440 0.32385 0.30029 0.28676 0.29633 0.34081 0.30899 0.29316 0.28533 0.29682 0.27647 0.31010 0.29512 0.30259 0.29164 0.30686 0.30632 0.30065 0.31179 0.31738 0.30869 0.30267 0.29925 0.29975 0.27844 0.30522 0.32144 -9999 -9999 -9999 -9999 -9999 -9999 -9999 0.34052 0.32675 0.32179 -9999 -9999 -9999 -9999 -9999 0.30929 0.29528 0.25635 0.25974 0.24122 0.24520 0.24645 0.23236 0.24198 0.23675 0.22238 0.21164 0.22048 0.22181 0.20747 0.17933 0.20962 0.23376 -9999 -9999 -9999 -9999 -9999
0.31600 0.32426 0.33185 0.35278 0.35270 0.30981 0.34605 0.36635 0.35073 0.35211 0.31611 0.34454 0.34729 0.35136 0.33437 0.31596 0.31315 0.30218 0.30415 0.30059 0.29678 0.26279 0.26337 0.27023 0.27333 0.27760 0.25819 0.26542 0.27858 0.26353 0.27814 0.29055 0.29401 0.34536 -9999 -9999 -9999 -9999 -9999 -9999 -9999 -9999 -9999 0.33335 -9999 -9999 -9999 -9999 0.30854 0.29711 0.29309 0.27263 0.24684 0.25884 0.26288 0.24996 0.23743 0.24026 0.23991 0.23869 0.23490 0.21766 0.22197 0.21128 0.21950 -9999 -9999 -9999 -9999 -9999 -9999 -9999 -9999
