data/hydroclimate-scenarios/BCSD_hadcm_A1B/monthly_summaries/vpd_monthly_avg_nov.2030-2059.asc
ncols	311
nrows	91
xllcenter	102.75
yllcenter	31.75
cellsize	0.5
NODATA_value	-9999
[rows 0 to 32 of 91, columns 0 to 72 of 311]
-9999 -9999 -9999 -9999 -9999 -9999 -9999 -9999 -9999 -9999 -9999 -9999 -9999 -9999 -9999 -9999 -9999 -9999 -9999 -9999 -9999 -9999 -9999 -9999 -9999 -9999 -9999 -9999 -9999 -9999 -9999 -9999 -9999 -9999 -9999 -9999 -9999 -9999 -9999 -9999 -9999 -9999 -9999 -9999 -9999 -9999 -9999 -9999 -9999 -9999 -9999 -9999 -9999 -9999 -9999 -9999 -9999 -9999 -9999 -9999 -9999 -9999 -9999 -9999 -9999 -9999 -9999 -9999 -9999 -9999 -9999 -9999 -9999
-9999 -9999 -9999 -9999 -9999 -9999 -9999 -9999 -9999 -9999 -9999 -9999 -9999 -9999 -9999 -9999 -9999 -9999 -9999 -9999 -9999 -9999 -9999 -9999 -9999 -9999 -9999 -9999 -9999 -9999 -9999 -9999 -9999 -9999 -9999 -9999 -9999 -9999 -9999 -9999 -9999 -9999 -9999 -9999 -9999 -9999 -9999 -9999 -9999 -9999 -9999 -9999 -9999 -9999 -9999 -9999 -9999 -9999 -9999 -9999 -9999 -9999 -9999 -9999 -9999 -9999 -9999 -9999 -9999 -9999 -9999 -9999 -9999
-9999 -9999 -9999 -9999 -9999 -9999 -9999 -9999 -9999 -9999 -9999 -9999 -9999 -9999 -9999 -9999 -9999 -9999 -9999 -9999 -9999 -9999 -9999 -9999 -9999 -9999 -9999 -9999 -9999 -9999 -9999 -9999 -9999 -9999 -9999 -9999 -9999 -9999 -9999 -9999 -9999 -9999 -9999 -9999 -9999 -9999 -9999 -9999 -9999 -9999 -9999 -9999 -9999 -9999 -9999 -9999 -9999 -9999 -9999 -9999 -9999 -9999 -9999 -9999 -9999 -9999 -9999 -9999 -9999 -9999 -9999 -9999 -9999
-9999 -9999 -9999 -9999 -9999 -9999 -9999 -9999 -9999 -9999 -9999 -9999 -9999 -9999 -9999 -9999 -9999 -9999 -9999 -9999 -9999 -9999 -9999 -9999 -9999 -9999 -9999 -9999 -9999 -9999 -9999 -9999 -9999 -9999 -9999 -9999 -9999 -9999 -9999 -9999 -9999 -9999 -9999 -9999 -9999 -9999 -9999 -9999 -9999 -9999 -9999 -9999 -9999 -9999 -9999 -9999 -9999 -9999 -9999 -9999 -9999 -9999 -9999 -9999 -9999 -9999 -9999 -9999 -9999 -9999 -9999 -9999 -9999
-9999 -9999 -9999 -9999 -9999 -9999 -9999 -9999 -9999 -9999 -9999 -9999 -9999 -9999 -9999 -9999 -9999 -9999 -9999 -9999 -9999 -9999 -9999 -9999 -9999 -9999 -9999 -9999 -9999 -9999 -9999 -9999 -9999 -9999 -9999 -9999 -9999 -9999 -9999 -9999 -9999 -9999 -9999 -9999 -9999 -9999 -9999 -9999 -9999 -9999 -9999 -9999 -9999 -9999 -9999 -9999 -9999 -9999 -9999 -9999 -9999 -9999 -9999 -9999 -9999 -9999 -9999 -9999 -9999 -9999 -9999 -9999 -9999
-9999 -9999 -9999 -9999 -9999 -9999 -9999 -9999 -9999 -9999 -9999 -9999 -9999 -9999 -9999 -9999 -9999 -9999 -9999 -9999 -9999 -9999 -9999 -9999 -9999 -9999 -9999 -9999 -9999 -9999 -9999 -9999 -9999 -9999 -9999 -9999 -9999 -9999 -9999 -9999 -9999 -9999 -9999 -9999 -9999 -9999 -9999 -9999 -9999 -9999 -9999 -9999 -9999 -9999 -9999 -9999 -9999 -9999 -9999 -9999 -9999 -9999 -9999 -9999 -9999 -9999 -9999 -9999 -9999 -9999 -9999 -9999 -9999
-9999 -9999 -9999 -9999 -9999 -9999 -9999 -9999 -9999 -9999 -9999 -9999 -9999 -9999 -9999 -9999 -9999 -9999 -9999 -9999 -9999 -9999 -9999 -9999 -9999 -9999 -9999 -9999 -9999 -9999 -9999 -9999 -9999 -9999 -9999 -9999 -9999 -9999 -9999 -9999 -9999 -9999 -9999 -9999 -9999 -9999 -9999 -9999 -9999 -9999 -9999 -9999 -9999 -9999 -9999 -9999 -9999 -9999 -9999 -9999 -9999 -9999 -9999 -9999 -9999 -9999 -9999 -9999 -9999 -9999 -9999 -9999 -9999
-9999 -9999 -9999 -9999 -9999 -9999 -9999 -9999 -9999 -9999 -9999 -9999 -9999 -9999 -9999 -9999 -9999 -9999 -9999 -9999 -9999 -9999 -9999 -9999 -9999 -9999 -9999 -9999 -9999 -9999 -9999 -9999 -9999 -9999 -9999 -9999 -9999 -9999 -9999 -9999 -9999 -9999 0.01226 0.01169 0.01131 0.01097 0.01090 0.01067 0.01034 0.01031 0.01024 0.01018 -9999 -9999 -9999 -9999 -9999 -9999 -9999 -9999 -9999 -9999 -9999 -9999 -9999 -9999 -9999 -9999 -9999 -9999 -9999 -9999 -9999
-9999 -9999 -9999 -9999 -9999 -9999 -9999 -9999 -9999 -9999 -9999 -9999 -9999 -9999 -9999 -9999 -9999 -9999 -9999 -9999 -9999 -9999 -9999 -9999 -9999 -9999 -9999 -9999 -9999 -9999 -9999 -9999 -9999 -9999 -9999 -9999 -9999 -9999 0.01312 0.01252 0.01246 0.01269 0.01229 0.01219 0.01178 0.01161 0.01142 0.01103 0.01085 0.01073 0.01047 0.01061 0.01044 0.01943 -9999 -9999 -9999 -9999 -9999 -9999 -9999 -9999 -9999 -9999 -9999 -9999 -9999 -9999 -9999 -9999 -9999 -9999 -9999
-9999 -9999 -9999 -9999 -9999 -9999 -9999 -9999 -9999 -9999 -9999 -9999 -9999 -9999 -9999 -9999 -9999 -9999 -9999 -9999 -9999 -9999 -9999 -9999 -9999 -9999 -9999 -9999 -9999 -9999 -9999 -9999 -9999 -9999 -9999 -9999 -9999 -9999 -9999 -9999 0.01297 0.01295 0.01225 0.01173 0.01169 0.01133 0.01132 0.01146 0.01118 0.01075 0.01076 0.01091 0.01086 0.01919 -9999 -9999 -9999 -9999 -9999 -9999 -9999 -9999 -9999 -9999 -9999 -9999 -9999 -9999 -9999 -9999 -9999 -9999 -9999
-9999 -9999 -9999 -9999 -9999 -9999 -9999 -9999 -9999 -9999 -9999 -9999 -9999 -9999 -9999 -9999 -9999 -9999 -9999 -9999 -9999 -9999 -9999 -9999 -9999 -9999 -9999 -9999 -9999 -9999 -9999 -9999 -9999 -9999 -9999 -9999 -9999 -9999 -9999 -9999 -9999 -9999 -9999 -9999 0.01211 0.01209 0.01119 0.01110 0.01113 0.01124 0.01093 0.01028 0.01095 0.01840 -9999 -9999 -9999 -9999 -9999 -9999 0.01172 -9999 -9999 -9999 -9999 -9999 -9999 -9999 -9999 -9999 -9999 -9999 -9999
-9999 -9999 -9999 -9999 -9999 -9999 -9999 -9999 -9999 -9999 -9999 -9999 -9999 -9999 -9999 -9999 -9999 -9999 -9999 -9999 -9999 -9999 -9999 -9999 -9999 -9999 -9999 -9999 -9999 -9999 -9999 -9999 -9999 -9999 -9999 -9999 -9999 -9999 -9999 -9999 -9999 0.01248 0.01231 0.01199 0.01170 0.01228 0.01158 0.01127 0.01161 0.01140 0.01103 0.01060 0.01102 0.01129 -9999 -9999 -9999 -9999 -9999 0.01208 0.01220 0.01200 0.01223 0.01211 0.01240 0.01262 0.01309 0.01341 0.01403 0.01461 0.01515 0.01585 0.01622
-9999 -9999 -9999 -9999 -9999 -9999 -9999 -9999 -9999 -9999 -9999 -9999 -9999 -9999 -9999 -9999 -9999 -9999 -9999 -9999 -9999 -9999 -9999 -9999 -9999 -9999 -9999 -9999 -9999 -9999 -9999 -9999 -9999 -9999 -9999 -9999 -9999 -9999 -9999 -9999 -9999 0.01297 0.01242 0.01250 0.01282 0.01288 0.01282 0.01250 0.01231 0.01198 0.01149 0.01033 0.01020 0.01059 0.01094 0.01105 0.01166 -9999 0.01225 0.01204 0.01202 0.01186 0.01183 0.01161 0.01171 0.01209 0.01272 0.01311 0.01358 0.01401 0.01448 0.01495 0.01509
-9999 -9999 -9999 -9999 -9999 -9999 -9999 -9999 -9999 -9999 -9999 -9999 -9999 -9999 -9999 -9999 -9999 -9999 -9999 -9999 -9999 -9999 -9999 -9999 -9999 -9999 -9999 -9999 -9999 -9999 -9999 -9999 -9999 -9999 -9999 0.01581 0.01544 0.01452 0.01424 0.01418 0.01402 0.01397 0.01357 0.01364 0.01354 0.01364 0.01359 0.01342 0.01305 0.01226 0.01125 0.01035 0.00947 0.01015 0.01001 0.01013 0.01109 0.01179 0.01241 0.01231 0.01239 0.01197 0.01191 0.01064 0.01114 0.01207 0.01220 0.01257 0.01316 0.01320 0.01372 0.01432 0.01431
-9999 -9999 -9999 -9999 -9999 -9999 -9999 -9999 -9999 -9999 -9999 -9999 -9999 -9999 -9999 -9999 -9999 -9999 -9999 -9999 -9999 -9999 -9999 -9999 -9999 -9999 -9999 -9999 -9999 -9999 -9999 -9999 -9999 -9999 0.01749 0.01618 0.01599 0.01544 0.01506 0.01471 0.01450 0.01443 0.01412 0.01395 0.01375 0.01376 0.01360 0.01303 0.01225 0.01110 0.01027 0.00975 0.00893 0.00870 0.00895 0.00994 0.01077 0.01119 0.01236 0.01208 0.01172 0.01079 0.01066 0.01014 0.01155 0.01202 0.01184 0.01160 0.01094 0.01155 0.01129 0.01153 0.01170
-9999 -9999 -9999 -9999 -9999 -9999 -9999 -9999 -9999 -9999 -9999 -9999 -9999 -9999 -9999 -9999 -9999 -9999 -9999 -9999 -9999 -9999 -9999 -9999 -9999 -9999 -9999 -9999 -9999 -9999 -9999 -9999 -9999 0.01785 0.01749 0.01697 0.01677 0.01619 0.01595 0.01541 0.01539 0.01461 0.01465 0.01449 0.01417 0.01387 0.01363 0.01295 0.01128 0.01029 0.00922 0.00847 0.00743 0.00849 0.00920 0.00986 0.01002 0.01145 0.01203 0.01131 0.01086 0.01106 0.01120 0.01158 0.01165 0.01146 0.01108 0.01100 0.01106 0.01138 0.01123 0.01146 0.01165
-9999 -9999 -9999 -9999 -9999 -9999 -9999 -9999 -9999 -9999 -9999 -9999 -9999 -9999 -9999 -9999 -9999 -9999 -9999 -9999 -9999 -9999 -9999 -9999 -9999 -9999 -9999 -9999 -9999 -9999 -9999 0.02069 0.02012 0.01931 0.01895 0.01820 0.01786 0.01710 0.01656 0.01600 0.01566 0.01518 0.01483 0.01483 0.01410 0.01373 0.01362 0.01319 0.01181 0.01059 0.00954 0.00858 0.00717 0.00801 0.00880 0.00964 0.01076 0.01079 0.01014 0.01014 0.01078 0.01089 0.01096 0.01184 0.01166 0.01126 0.01143 0.01185 0.01190 0.01083 0.01028 0.01015 0.01171
-9999 -9999 -9999 -9999 -9999 -9999 -9999 -9999 -9999 -9999 -9999 -9999 -9999 -9999 -9999 -9999 -9999 -9999 -9999 -9999 -9999 -9999 -9999 -9999 -9999 -9999 -9999 -9999 -9999 0.02264 0.02204 0.02083 0.02037 0.01973 0.01950 0.01893 0.01882 0.01805 0.01757 0.01644 0.01640 0.01568 0.01535 0.01535 0.01461 0.01386 0.01343 0.01266 0.01072 0.00988 0.00894 0.00777 0.00712 0.00828 0.00825 0.00924 0.01041 0.01036 0.01079 0.01119 0.01104 0.01062 0.01056 0.01083 0.01129 0.01142 0.01075 0.01035 0.01054 0.01061 0.01132 0.00994 0.00810
-9999 -9999 -9999 -9999 -9999 -9999 -9999 -9999 -9999 -9999 -9999 -9999 -9999 -9999 -9999 -9999 -9999 -9999 -9999 -9999 -9999 -9999 -9999 -9999 0.02360 0.02359 0.02381 0.02404 0.02310 0.02219 0.02135 0.02155 0.02072 0.02014 0.01934 0.01935 0.01838 0.01738 0.01733 0.01700 0.01699 0.01678 0.01604 0.01593 0.01546 0.01451 0.01418 0.01248 0.01085 0.01011 0.00975 0.00797 0.00785 0.00899 0.00955 0.01009 0.01060 0.01076 0.01049 0.01082 0.01116 0.01124 0.01148 0.01188 0.01204 0.01184 0.01247 0.01268 0.01268 0.01176 0.00983 0.00944 0.00878
-9999 -9999 -9999 -9999 -9999 -9999 0.03063 0.03100 0.03110 0.03115 0.03126 -9999 -9999 -9999 -9999 -9999 -9999 -9999 -9999 -9999 -9999 0.02573 0.02472 0.02417 0.02403 0.02401 0.02407 0.02387 0.02355 0.02323 0.02298 0.02250 0.02163 0.02081 0.02022 0.01988 0.01897 0.01864 0.01825 0.01792 0.01746 0.01741 0.01680 0.01652 0.01593 0.01518 0.01479 0.01320 0.01131 0.01040 0.00930 0.00865 0.00804 0.00900 0.01036 0.01091 0.01074 0.01081 0.01125 0.01148 0.01130 0.01125 0.01088 0.01095 0.01087 0.01268 0.01339 0.01263 0.01271 0.01296 0.01231 0.01034 0.00942
-9999 -9999 -9999 -9999 -9999 0.03149 0.03106 0.02979 0.03066 0.03040 0.03079 0.02849 0.02914 0.02830 -9999 -9999 -9999 0.02734 0.02620 0.02632 0.02577 0.02548 0.02511 0.02544 0.02483 0.02478 0.02481 0.02513 0.02459 0.02405 0.02444 0.02401 0.02346 0.02277 0.02203 0.02115 0.02014 0.01952 0.01915 0.01906 0.01860 0.01838 0.01785 0.01781 0.01701 0.01613 0.01450 0.01254 0.01145 0.01067 0.00981 0.00931 0.00935 0.01035 0.01073 0.01064 0.01060 0.01106 0.01207 0.01149 0.01164 0.01124 0.01105 0.01196 0.01113 0.01049 0.01106 0.01140 0.01236 0.01202 0.01220 0.01071 0.01015
-9999 0.03194 0.03204 0.03331 0.03225 0.03248 0.03199 0.03118 0.03112 0.03163 0.03061 0.02988 0.02894 0.02918 0.02933 0.03005 0.03098 0.02827 0.02788 0.02829 0.02822 0.02791 0.02734 0.02793 0.02804 0.02709 0.02693 0.02693 0.02614 0.02624 0.02588 0.02591 0.02509 0.02437 0.02364 0.02262 0.02154 0.02066 0.02043 0.02030 0.01971 0.01939 0.01905 0.01858 0.01809 0.01717 0.01558 0.01411 0.01258 0.01159 0.01056 0.00955 0.00953 0.00913 0.00958 0.00991 0.01057 0.01202 0.01151 0.01148 0.01183 0.01146 0.01053 0.01125 0.01057 0.01086 0.01191 0.01123 0.01230 0.01118 0.01016 0.00905 0.00928
-9999 0.03204 0.03361 0.03378 0.03390 0.03478 0.03460 0.03445 0.03428 0.03365 0.03286 0.03220 0.03094 0.03111 0.03099 0.03047 0.03013 0.02920 0.02967 0.02999 0.02944 0.02910 0.02877 0.03052 0.03013 0.03046 0.02974 0.02900 0.02841 0.02862 0.02797 0.02796 0.02714 0.02681 0.02574 0.02476 0.02357 0.02307 0.02230 0.02144 0.02137 0.02099 0.02043 0.01995 0.01934 0.01882 0.01782 0.01594 0.01417 0.01284 0.01214 0.01064 0.01034 0.00890 0.00900 0.01019 0.01087 0.01135 0.01161 0.01092 0.01135 0.01097 0.01069 0.01149 0.01111 0.01125 0.01096 0.01146 0.01174 0.01142 0.01123 0.00994 0.00905
-9999 -9999 -9999 0.03360 0.03363 0.03552 0.03601 0.03617 0.03568 0.03660 0.03479 0.03562 0.03514 0.03503 0.03352 0.03323 0.03284 0.03305 0.03241 0.03198 0.03113 0.03134 0.03124 0.03168 0.03215 0.03243 0.03234 0.03219 0.03181 0.03151 0.03057 0.03041 0.02949 0.02879 0.02767 0.02668 0.02537 0.02456 0.02355 0.02275 0.02251 0.02183 0.02126 0.02083 0.02057 0.02010 0.01904 0.01727 0.01564 0.01464 0.01301 0.01151 0.01057 0.00959 0.00998 0.00994 0.01108 0.01136 0.01094 0.01080 0.01145 0.01062 0.01059 0.01094 0.01134 0.01193 0.01242 0.01179 0.01136 0.01082 0.01073 0.01029 0.01032
-9999 -9999 -9999 -9999 -9999 -9999 0.03799 0.03823 0.03770 0.03876 0.03884 0.03829 0.03810 0.03827 0.03823 0.03738 0.03597 0.03561 0.03619 0.03600 0.03572 0.03496 0.03548 0.03486 0.03501 0.03404 0.03425 0.03527 0.03462 0.03371 0.03278 0.03227 0.03134 0.03104 0.02976 0.02870 0.02705 0.02616 0.02489 0.02455 0.02390 0.02367 0.02356 0.02315 0.02228 0.02194 0.02107 0.01829 0.01741 0.01530 0.01316 0.01131 0.01086 0.01186 0.01087 0.01043 0.01108 0.01017 0.00976 0.01034 0.00974 0.01005 0.00986 0.01017 0.01093 0.01120 0.01252 0.01213 0.01159 0.01121 0.01102 0.01072 0.01098
-9999 -9999 -9999 -9999 -9999 -9999 0.04023 0.04053 0.04136 0.04000 0.04115 0.04079 0.04093 0.04142 0.04027 0.03925 0.03871 0.03832 0.03745 0.03729 0.03691 0.03687 0.03646 0.03651 0.03638 0.03758 0.03787 0.03777 0.03699 0.03641 0.03509 0.03461 0.03368 0.03289 0.03142 0.02998 0.02918 0.02784 0.02687 0.02627 0.02568 0.02575 0.02545 0.02475 0.02435 0.02351 0.02342 0.02193 0.02071 0.01882 0.01704 0.01534 0.01462 0.01333 0.01290 0.01372 0.01304 0.01171 0.01201 0.01104 0.00956 0.00993 0.00991 0.01067 0.01059 0.01233 0.01264 0.01307 0.01316 0.01255 0.01148 0.01112 0.01109
-9999 -9999 -9999 -9999 -9999 -9999 -9999 -9999 -9999 -9999 0.04549 0.04383 0.04427 0.04662 0.04525 0.04314 0.04211 0.04149 0.04237 0.04160 0.04123 0.03957 0.03984 0.03958 0.03950 0.03751 0.03810 0.03953 0.03948 0.03802 0.03705 0.03681 0.03518 0.03470 0.03349 0.03278 0.03070 0.03013 0.02894 0.02951 0.02859 0.02968 0.02908 0.02829 0.02765 0.02597 0.02561 0.02441 0.02412 0.02302 0.02220 0.02159 0.01992 0.01966 0.01919 0.01885 0.01835 0.01731 0.01624 0.01542 0.01504 0.01422 0.01388 0.01318 0.01288 0.01451 0.01480 0.01495 0.01455 0.01468 0.01363 0.01186 0.01112
-9999 -9999 -9999 -9999 -9999 -9999 -9999 -9999 -9999 -9999 0.05116 0.05010 0.04722 0.04959 0.04879 0.04608 0.04506 0.04430 0.04363 0.04319 0.04273 0.04180 0.04144 0.04077 0.04040 0.04122 0.04230 0.04237 0.04193 0.04117 0.04001 0.03872 0.03762 0.03711 0.03484 0.03370 0.03228 0.03159 0.03088 0.03117 0.03074 0.03170 0.03124 0.03044 0.02943 0.02826 0.02729 0.02627 0.02568 0.02474 0.02475 0.02316 0.02268 0.02210 0.02192 0.02121 0.02075 0.02006 0.01986 0.01827 0.01776 0.01786 0.01738 0.01776 0.01760 0.01851 0.01844 0.01886 0.01883 0.01610 0.01550 0.01423 0.01369
-9999 -9999 -9999 -9999 -9999 -9999 -9999 -9999 -9999 -9999 -9999 -9999 0.05279 0.04974 0.04929 0.04930 0.05062 0.05112 0.04863 0.04795 0.04711 0.04505 0.04544 0.04427 0.04511 0.04549 0.04520 0.04527 0.04475 0.04604 0.04364 0.04263 0.04071 0.03917 0.03771 0.03611 0.03530 0.03363 0.03300 0.03304 0.03308 0.03346 0.03318 0.03262 0.03182 0.03018 0.02945 0.02859 0.02774 0.02705 0.02623 0.02513 0.02433 0.02366 0.02394 0.02311 0.02254 0.02098 0.02010 0.01908 0.01884 0.01860 0.01837 0.01866 0.01862 0.01881 0.01975 0.02021 0.02007 0.01881 0.01638 0.01455 0.01516
-9999 -9999 -9999 -9999 -9999 -9999 -9999 -9999 -9999 -9999 -9999 -9999 0.05675 0.05520 0.05334 0.05328 0.05373 0.05337 0.05070 0.04951 0.04943 0.04647 0.04680 0.04715 0.04554 0.04632 0.04718 0.04798 0.04709 0.04731 0.04772 0.04551 0.04349 0.04121 0.03900 0.03762 0.03662 0.03461 0.03497 0.03532 0.03558 0.03634 0.03634 0.03517 0.03409 0.03208 0.03145 0.03029 0.02974 0.02827 0.02745 0.02720 0.02594 0.02544 0.02520 0.02472 0.02337 0.02217 0.02147 0.02059 0.01994 0.01989 0.01946 0.01992 0.01990 0.02050 0.02103 0.02153 0.02076 0.01889 0.01824 0.01845 0.01751
-9999 -9999 -9999 -9999 -9999 -9999 -9999 -9999 -9999 -9999 -9999 0.05863 0.05693 0.05861 0.05706 0.05295 0.05112 0.05110 0.04972 0.04861 0.05056 0.04631 0.04730 0.04686 0.04589 0.04644 0.04624 0.04788 0.04925 0.05130 0.05006 0.04866 0.04762 0.04570 0.04423 0.04333 0.04091 0.03879 0.03738 0.03522 0.03512 0.03404 0.03361 0.03339 0.03339 0.03320 0.03285 0.03213 0.03161 0.03047 0.02943 0.02890 0.02778 0.02727 0.02760 0.02597 0.02487 0.02373 0.02282 0.02241 0.02178 0.02146 0.02106 0.02132 0.02116 0.02208 0.02234 0.02153 0.02023 0.01842 0.01684 0.01655 0.01862
-9999 -9999 -9999 -9999 -9999 -9999 -9999 -9999 -9999 -9999 -9999 0.06150 0.06094 0.05996 0.06027 0.05597 0.05397 0.05304 0.05252 0.05129 0.05100 0.04902 0.04865 0.04926 0.04893 0.04937 0.04826 0.04876 0.05040 0.05087 0.05061 0.04959 0.04859 0.04759 0.04548 0.04541 0.04451 0.04136 0.03865 0.03789 0.03755 0.03653 0.03525 0.03488 0.03424 0.03427 0.03396 0.03352 0.03358 0.03335 0.03256 0.03194 0.03089 0.02923 0.02816 0.02741 0.02611 0.02566 0.02477 0.02444 0.02383 0.02355 0.02301 0.02335 0.02325 0.02420 0.02390 0.02394 0.02181 0.01914 0.01983 0.02050 0.02065
-9999 -9999 -9999 -9999 -9999 -9999 -9999 -9999 -9999 -9999 -9999 0.06232 0.06106 0.06098 0.06025 0.05765 0.05656 0.05556 0.05497 0.05488 0.05261 0.05257 0.05334 0.05188 0.05095 0.05120 0.05009 0.05125 0.05146 0.05275 0.05170 0.05107 0.05043 0.04888 0.04777 0.04803 0.04651 0.04470 0.04314 0.04067 0.03955 0.03884 0.03843 0.03782 0.03659 0.03599 0.03514 0.03398 0.03330 0.03341 0.03264 0.03151 0.03020 0.02907 0.02902 0.02874 0.02799 0.02777 0.02749 0.02666 0.02612 0.02594 0.02611 0.02600 0.02697 0.02830 0.02747 0.02692 0.02462 0.02324 0.02483 0.02145 0.02186
