data/hydroclimate-scenarios/BCSD_hadcm_A1B/monthly_summaries/vpd_monthly_avg_feb.2030-2059.asc
ncols	311
nrows	91
xllcenter	102.75
yllcenter	31.75
cellsize	0.5
NODATA_value	-9999
[rows 33 to 65 of 91, columns 0 to 72 of 311]
-9999 -9999 -9999 -9999 -9999 -9999 -9999 -9999 -9999 -9999 -9999 0.05073 0.04787 0.04735 0.04583 0.04461 0.04372 0.04320 0.04329 0.04273 0.04195 0.04122 0.04090 0.03976 0.03769 0.03643 0.03606 0.03748 0.03918 0.04177 0.04003 0.03936 0.03902 0.03883 0.03752 0.03769 0.03627 0.03518 0.03373 0.03009 0.03040 0.02779 0.02804 0.02671 0.02499 0.02384 0.02304 0.02292 0.02260 0.02242 0.02205 0.02215 0.02195 0.02179 0.02186 0.02185 0.02130 0.02081 0.02123 0.02104 0.02118 0.02107 0.02259 0.02268 0.02332 0.02353 0.02376 0.02227 0.02127 0.01967 0.02095 0.01815 0.02010
-9999 -9999 -9999 -9999 -9999 -9999 -9999 -9999 -9999 -9999 -9999 -9999 0.04952 0.04880 0.04779 0.04749 0.04682 0.04726 0.04746 0.04717 0.04564 0.04269 0.03916 0.03626 0.03466 0.03106 0.03204 0.03203 0.03640 0.03860 0.03956 0.04203 0.04167 0.04105 0.03969 0.03857 0.03762 0.03677 0.03560 0.03279 0.03200 0.03113 0.03003 0.03051 0.02941 0.02775 0.02760 0.02728 0.02691 0.02619 0.02608 0.02514 0.02422 0.02444 0.02321 0.02313 0.02331 0.02362 0.02366 0.02441 0.02454 0.02464 0.02435 0.02415 0.02547 0.02593 0.02646 0.02478 0.02107 0.02020 0.02418 0.02350 0.02421
-9999 -9999 -9999 -9999 -9999 -9999 -9999 -9999 -9999 -9999 -9999 -9999 0.05142 0.05048 0.04944 0.04953 0.04974 0.05026 0.04956 0.04788 0.04624 0.03854 0.03510 0.03269 0.02974 0.03142 0.03330 0.03129 0.03519 0.03645 0.03711 0.03839 0.04276 0.04356 0.04309 0.04191 0.04063 0.04034 0.03990 0.03730 0.03601 0.03387 0.03382 0.03396 0.03458 0.03408 0.03321 0.03195 0.03017 0.02783 0.02690 0.02671 0.02634 0.02632 0.02620 0.02617 0.02630 0.02650 0.02655 0.02678 0.02655 0.02454 0.02483 0.02450 0.02644 0.02871 0.02754 0.02743 0.02549 0.02540 0.02478 0.02675 0.02748
-9999 -9999 -9999 -9999 -9999 -9999 -9999 -9999 -9999 -9999 -9999 -9999 0.05268 0.05412 0.05269 0.05204 0.05083 0.05094 0.04838 0.04529 0.04251 0.03729 0.03479 0.03192 0.03189 0.03080 0.03315 0.03631 0.03608 0.03947 0.04135 0.04501 0.04354 0.04237 0.04557 0.04570 0.04511 0.04287 0.04370 0.04142 0.03772 0.03491 0.03653 0.03667 0.03725 0.03734 0.03534 0.03141 0.03019 0.03077 0.03003 0.02938 0.02953 0.02842 0.02923 0.02883 0.02881 0.02827 0.02792 0.02752 0.02758 0.02576 0.02695 0.02901 0.02913 0.02920 0.02928 0.02955 0.02713 0.02870 0.02947 0.02993 0.03018
-9999 -9999 -9999 0.06204 0.06036 0.05925 0.05953 0.05869 0.05641 -9999 0.05451 0.05476 0.05555 0.05621 0.05528 0.05333 0.05194 0.05168 0.04759 0.04467 0.04297 0.03945 0.03595 0.03422 0.03371 0.03477 0.03718 0.03544 0.03673 0.03430 0.03983 0.04526 0.04329 0.03827 0.04296 0.04477 0.04310 0.04270 0.04308 0.04448 0.04358 0.03883 0.03959 0.03914 0.03763 0.03564 0.03114 0.03352 0.03184 0.03088 0.02925 0.02817 0.02701 0.02440 0.02574 0.02315 0.02207 0.02819 0.02547 0.02874 0.03032 0.02851 0.02970 0.03015 0.03261 0.03284 0.03157 0.03100 0.03199 0.03195 0.03133 0.03126 0.02915
-9999 -9999 -9999 0.06600 0.06405 0.06298 0.05974 0.05785 0.05732 0.05654 0.05735 0.05777 0.05554 0.05500 0.05226 0.04842 0.04673 0.04678 0.04569 0.04499 0.04401 0.03994 0.03923 0.03890 0.03716 0.03886 0.03811 0.03779 0.03691 0.03458 0.03985 0.04045 0.04113 0.03884 0.04087 0.04141 0.04175 0.03823 0.04450 0.03983 0.03895 0.04190 0.04227 0.03830 0.03509 0.03123 0.03073 0.03580 0.03118 0.02891 0.02739 0.02687 0.02535 0.02491 0.02816 0.02531 0.02792 0.02788 0.02562 0.02714 0.02863 0.02931 0.03013 0.03202 0.03282 0.03684 0.03642 0.03899 0.03764 0.03659 0.03501 0.03518 0.03139
-9999 -9999 -9999 0.06966 0.06707 0.06253 0.06046 0.05885 0.05986 0.06002 0.05831 0.05695 0.05358 0.04955 0.04439 0.04666 0.04475 0.04577 0.04739 0.04792 0.04513 0.04132 0.04143 0.03833 0.03600 0.03896 0.03958 0.03952 0.04096 0.03514 0.03170 0.03577 0.04135 0.04190 0.04021 0.04173 0.04368 0.04506 0.04552 0.04318 0.04167 0.04271 0.04346 0.04080 0.04007 0.03561 0.03524 0.03408 0.03301 0.02891 0.02699 0.03027 0.02884 0.02876 0.03000 0.02912 0.03041 0.03179 0.02958 0.02940 0.03238 0.03383 0.03618 0.03453 0.03753 0.03894 0.03896 0.03844 0.03429 0.03501 0.03347 0.03891 0.03878
-9999 -9999 -9999 0.06897 0.07179 0.06326 0.06322 0.05870 0.05708 0.05546 0.05685 0.05684 0.04966 0.04669 0.04435 0.04452 0.04312 0.04181 0.04384 0.04683 0.04263 0.03843 0.03501 0.03685 0.03822 0.04043 0.04313 0.04268 0.03682 0.03269 0.03633 0.04723 0.04219 0.03668 0.03675 0.04054 0.04618 0.05177 0.04781 0.04921 0.04711 0.04171 0.03823 0.03856 0.04238 0.03671 0.03425 0.03801 0.03225 0.03329 0.02864 0.03115 0.03031 0.02795 0.03002 0.03071 0.03164 0.03043 0.02987 0.03116 0.02894 0.03469 0.03656 0.03844 0.03983 0.04216 0.04155 0.04010 0.03492 0.03603 0.04510 0.05242 -9999
-9999 -9999 -9999 0.07114 0.07274 0.06253 0.06135 0.05885 0.05480 0.05560 0.05846 0.05294 0.04656 0.04329 0.03941 0.04096 0.04017 0.04330 0.04902 0.05352 0.04822 0.04471 0.04098 0.04599 0.04729 0.04870 0.05197 0.04853 0.04207 0.03812 0.03780 0.04155 0.03991 0.04308 0.04519 0.04662 0.04689 0.05204 0.05449 0.05322 0.04930 0.04535 0.04259 0.04079 0.04230 0.04144 0.04024 0.03951 0.03714 0.03501 0.03346 0.03695 0.03395 0.02917 0.03402 0.03036 0.03510 0.03557 0.03407 0.03051 0.03243 0.03511 0.03783 0.03551 0.03691 0.04403 0.04283 0.03946 0.03814 0.04626 0.05848 -9999 -9999
-9999 -9999 -9999 -9999 0.06476 0.05982 0.05968 0.05459 0.05315 0.05376 0.05838 0.05240 0.03968 0.04569 -9999 -9999 -9999 -9999 -9999 0.04356 0.04394 0.04776 0.04432 0.03964 0.04284 0.04621 0.05395 0.04991 0.04719 0.04927 0.04640 0.04608 0.04539 0.05032 0.05715 0.05972 0.05665 0.06053 0.05938 0.05842 0.05931 0.05703 0.05304 0.04688 0.04695 0.04698 0.04406 0.03917 0.04053 0.04209 0.03792 0.03683 0.03918 0.03402 0.03274 0.03072 0.03019 0.03103 0.03221 0.03442 0.03370 0.03365 0.03609 0.03929 0.04078 0.04092 0.04419 0.05099 0.05652 -9999 -9999 -9999 -9999
-9999 -9999 0.07512 0.06860 0.06405 0.06245 0.05917 0.05230 0.05502 0.05403 0.05681 0.05022 0.04011 -9999 -9999 -9999 -9999 -9999 0.03790 0.04671 0.04925 0.05834 0.05648 0.04956 0.04892 0.05049 0.05933 0.05882 0.05693 0.05743 0.05446 0.05316 0.05618 0.05687 0.06056 0.06775 0.06386 0.06524 0.06360 0.06415 0.06152 0.06364 0.06067 0.05959 0.05957 0.05704 0.05310 0.05096 0.05253 0.05396 0.05038 0.04843 0.04647 0.04723 0.04190 0.04466 0.04017 0.03544 0.03617 0.04336 0.04346 0.04416 0.04557 0.04508 0.04934 0.05222 0.05580 -9999 -9999 -9999 -9999 -9999 -9999
-9999 -9999 0.07596 0.07133 0.06950 0.06507 0.06366 0.05561 0.05557 0.05664 0.05242 0.04842 0.04812 -9999 -9999 -9999 -9999 0.05009 0.04447 0.05623 0.06077 0.06580 0.06161 0.06041 0.06339 0.06702 0.06417 0.06079 0.06136 0.06381 0.05989 0.05520 0.06261 0.06765 0.06685 0.06888 0.06978 0.07112 0.06377 0.06111 0.06654 0.06396 0.06398 0.06567 0.06140 0.06079 0.06143 0.05616 0.06413 0.05827 0.05798 0.05795 0.05786 0.05545 0.05414 0.06017 0.05541 0.04449 0.04250 0.04817 0.05184 0.04665 0.05248 0.05992 0.06597 -9999 -9999 -9999 -9999 -9999 0.06606 -9999 -9999
-9999 -9999 0.08207 0.07202 0.06949 0.06666 0.06483 0.06053 0.05782 0.05536 0.04953 0.04751 0.07595 -9999 -9999 -9999 -9999 0.04623 0.05130 0.05977 0.06525 0.07209 0.07466 0.07345 0.06956 0.06945 0.06319 0.06551 0.06293 0.06366 0.06152 0.06165 0.06365 0.06687 0.07416 0.07215 0.06997 0.06915 0.06575 0.07066 0.07214 0.07736 0.08012 0.07283 0.07072 0.06341 0.06169 0.05848 0.06164 0.06001 0.06495 0.06111 0.05989 0.05745 0.05660 0.06551 0.06530 0.05407 0.05563 0.05879 0.06819 0.06984 0.07103 0.06563 0.06005 0.05844 0.06891 0.06266 0.06835 -9999 -9999 -9999 0.06312
-9999 -9999 -9999 0.07847 0.07275 0.07113 0.07085 0.06838 0.06170 0.05590 0.05765 0.07441 -9999 -9999 -9999 -9999 0.04845 0.05035 0.05999 0.06709 0.07203 0.08068 0.07704 0.07521 0.07140 0.06875 0.06602 0.06371 0.06314 0.05466 0.05641 0.06338 0.07046 0.07506 0.08006 0.08213 0.08205 0.08190 0.08033 0.08107 0.08143 0.08651 0.08677 0.08725 0.08767 0.07779 0.07737 0.07579 0.07123 0.06892 0.06193 0.06145 0.06347 0.05774 0.05308 0.05443 0.05530 0.05033 0.05349 0.06246 0.06558 0.06720 0.05924 0.04524 0.03861 0.05772 0.06926 0.06808 0.07133 0.06621 -9999 -9999 0.05734
-9999 -9999 -9999 -9999 0.08226 0.07784 0.07440 0.06751 0.06227 0.06684 0.08522 -9999 -9999 -9999 -9999 0.05065 0.05193 0.06073 0.07079 0.07497 0.08100 0.08578 0.08302 0.07393 0.07049 0.07420 0.07200 0.06908 0.06351 0.06230 0.05993 0.07120 0.07675 0.08000 0.07776 0.08179 0.08266 0.08415 0.08199 0.08383 0.08168 0.08665 0.09064 0.09215 0.09353 0.08668 0.08150 0.08091 0.07878 0.07442 0.07200 0.06995 0.06570 0.06286 0.06339 0.06592 0.06719 0.05635 0.05782 0.06601 0.06202 0.05723 0.05626 0.05822 0.05349 0.06039 0.07267 0.07582 0.06841 0.06907 0.06625 0.06144 0.05846
-9999 -9999 -9999 -9999 -9999 -9999 0.07811 0.07506 0.08649 0.08843 0.07082 -9999 -9999 -9999 -9999 -9999 0.06253 0.07085 0.07789 0.08105 0.08350 0.10399 0.08275 0.07737 0.07539 0.08012 0.07934 0.07213 0.07001 0.06745 0.06496 0.07118 0.07853 0.07423 0.07826 0.08570 0.08285 0.07751 0.08483 0.08030 0.08180 0.07746 0.08011 0.08739 0.08543 0.08959 0.08860 0.08384 0.07964 0.07726 0.07522 0.07086 0.07059 0.06909 0.06695 0.06714 0.06595 0.06196 0.06174 0.06234 0.05967 0.05707 0.05584 0.05276 0.04915 0.05790 0.07142 0.08135 0.07419 0.06792 0.06267 0.05993 0.05476
-9999 -9999 -9999 -9999 -9999 -9999 -9999 -9999 -9999 -9999 -9999 -9999 -9999 -9999 -9999 -9999 -9999 -9999 -9999 0.08779 0.08965 0.10223 0.09265 0.08736 0.08374 0.08091 0.07732 0.08102 0.07654 0.06736 0.06609 0.07263 0.07165 0.07459 0.07675 0.08045 0.08421 0.08156 0.08200 0.07817 0.07615 0.08023 0.08483 0.08799 0.08655 0.08954 0.09005 0.08793 0.08429 0.07977 0.07731 0.07561 0.07313 0.07532 0.07133 0.06980 0.06725 0.06682 0.06342 0.06340 0.05552 0.05890 0.05727 0.05178 0.05094 0.06896 0.08030 0.08569 0.07884 0.06452 0.05949 0.05829 0.05309
-9999 -9999 -9999 -9999 -9999 -9999 -9999 -9999 -9999 -9999 -9999 -9999 -9999 -9999 -9999 -9999 -9999 -9999 0.09333 0.09428 0.10029 0.10570 0.10246 0.09842 0.09537 0.08884 0.08741 0.08205 0.07546 0.06951 0.06918 0.06824 0.06835 0.07168 0.07519 0.08140 0.08113 0.08548 0.08046 0.07764 0.07666 0.08334 0.08627 0.08545 0.08493 0.08340 0.08825 0.08937 0.08931 0.08426 0.08271 0.07886 0.07693 0.07536 0.07100 0.07511 0.07218 0.06248 0.05767 0.06374 0.06668 0.06998 0.06437 0.06018 0.05831 0.07237 0.07852 0.08344 0.07996 0.07551 0.06684 0.05330 0.05819
-9999 -9999 -9999 -9999 -9999 -9999 -9999 -9999 -9999 -9999 -9999 -9999 -9999 -9999 -9999 -9999 -9999 0.09639 0.09897 0.10967 0.10924 0.10747 0.10498 0.10417 0.10104 0.09394 0.09106 0.08338 0.07276 0.06851 0.06748 0.06952 0.06972 0.07686 0.07926 0.07620 0.07420 0.07793 0.08321 0.07945 0.08179 0.08856 0.08748 0.09013 0.09246 0.09130 0.09181 0.08903 0.09325 0.08820 0.08841 0.08693 0.08081 0.07567 0.07452 0.07537 0.07089 0.06264 0.06069 0.06752 0.07767 0.07154 0.05555 0.05452 0.07042 0.07659 0.07538 0.08118 0.07906 0.07622 0.06471 0.06209 0.06203
-9999 -9999 -9999 -9999 -9999 -9999 -9999 -9999 -9999 -9999 -9999 -9999 -9999 -9999 -9999 -9999 -9999 0.10214 0.11085 0.10443 0.10988 0.11013 0.10912 0.10926 0.11585 0.10108 0.09607 0.08829 0.08345 0.07502 0.07268 0.07368 0.07586 0.08035 0.07695 0.07465 0.07608 0.07976 0.07639 0.08084 0.08428 0.09404 0.09765 0.09906 0.09793 0.10811 0.10691 0.09040 0.09159 0.09540 0.09363 0.09117 0.08546 0.08100 0.07905 0.07592 0.06564 0.06595 0.07103 0.07468 0.07272 0.06544 0.06452 0.06312 0.05697 0.06419 0.07445 0.06885 0.07781 0.07906 0.07501 0.06072 0.05379
-9999 -9999 -9999 -9999 -9999 -9999 -9999 -9999 -9999 -9999 -9999 -9999 -9999 -9999 -9999 -9999 0.09081 0.09709 0.10195 0.10797 0.11888 0.12555 0.11598 0.12173 0.13020 0.10672 0.10364 0.10366 0.09514 0.08078 0.07770 0.07930 0.07835 0.08342 0.08177 0.07956 0.07884 0.07986 0.07949 0.08816 0.09711 0.10176 0.10369 0.10821 0.10940 0.11252 0.11245 0.09298 0.09629 0.10026 0.10049 0.09709 0.08934 0.08486 0.08051 0.07768 0.07523 0.07435 0.07565 0.07175 0.07514 0.07072 0.06468 0.05602 0.06434 0.06724 0.07053 0.07592 0.08355 0.08261 0.07559 0.06381 0.05816
-9999 -9999 -9999 -9999 -9999 -9999 -9999 -9999 -9999 -9999 -9999 -9999 -9999 0.08732 0.08530 0.08948 0.09004 0.08734 0.10140 0.12571 0.12790 0.11532 0.11883 0.11417 0.10689 0.11742 0.11106 0.10582 0.10034 0.09575 0.09055 0.08840 0.08466 0.08315 0.08133 0.07913 0.08354 0.08907 0.09196 0.09671 0.10493 0.11560 0.12104 0.12815 0.12061 0.11432 0.11104 0.11067 0.10894 0.10640 0.10304 0.09750 0.09211 0.09214 0.08577 0.07974 0.08163 0.08360 0.08361 0.08110 0.07939 0.08006 0.07790 0.07812 0.08369 0.08933 0.08872 0.08550 0.08511 0.08239 0.07412 0.06261 0.05873
-9999 -9999 -9999 -9999 -9999 -9999 -9999 -9999 -9999 -9999 -9999 -9999 0.09189 0.09023 0.08808 0.09296 0.09727 0.10172 0.10558 0.14165 0.12377 0.12607 0.12451 0.11678 0.11171 0.12322 0.11795 0.11209 0.10476 0.10263 0.09684 0.09370 0.08856 0.08548 0.08361 0.08425 0.08752 0.09281 0.09542 0.10521 0.11049 0.12190 0.13196 0.13297 0.12453 0.11433 0.11407 0.11325 0.11134 0.11168 0.10847 0.10471 0.09965 0.09862 0.09075 0.08764 0.08787 0.08331 0.07916 0.07877 0.07914 0.08514 0.08445 0.07991 0.08369 0.08871 0.08665 0.08510 0.08622 0.07686 0.06745 0.06690 0.06093
-9999 -9999 -9999 -9999 -9999 -9999 -9999 -9999 -9999 -9999 -9999 0.07765 0.08273 0.08270 0.09283 0.10488 0.11139 0.11761 0.12199 0.12228 0.12656 0.13499 0.12745 0.12259 0.11581 0.11211 0.10823 0.11578 0.11379 0.10991 0.10170 0.09605 0.09350 0.08977 0.08989 0.08465 0.08487 0.09167 0.10255 0.11409 0.12605 0.13111 0.14323 0.13950 0.12978 0.12243 0.11889 0.11528 0.11420 0.11324 0.11443 0.09840 0.10100 0.09659 0.09428 0.09256 0.09586 0.09175 0.09587 0.09881 0.09641 0.10078 0.09855 0.09411 0.08859 0.08636 0.08673 0.09056 0.08248 0.07435 0.06346 0.05784 0.05844
-9999 -9999 -9999 -9999 -9999 -9999 -9999 -9999 -9999 -9999 0.08674 0.08384 0.09353 0.08810 0.10141 0.11234 0.11698 0.12069 0.12180 0.12279 0.12408 0.13283 0.13174 0.12452 0.12353 0.11946 0.11444 0.12514 0.11867 0.11200 0.10843 0.10324 0.09903 0.09679 0.09426 0.08835 0.08903 0.09727 0.10859 0.12296 0.13574 0.14526 0.15499 0.14474 0.13681 0.12977 0.12331 0.11940 0.11763 0.11667 0.11731 0.10342 0.10938 0.10643 0.10370 0.10526 0.09901 0.10173 0.10986 0.10661 0.10369 0.10350 0.10084 0.09597 0.09208 0.08860 0.08953 0.09120 0.08241 0.07002 0.06265 0.06686 0.06383
-9999 -9999 -9999 -9999 -9999 -9999 -9999 -9999 -9999 0.11166 0.11056 0.10673 0.10291 0.10477 0.10803 0.11267 0.11650 0.12241 0.12891 0.13099 0.13234 0.12737 0.12383 0.12649 0.12690 0.12825 0.12851 0.12214 0.11698 0.11461 0.11535 0.10171 0.09602 0.09054 0.08537 0.08639 0.08868 0.10517 0.11594 0.13886 0.15350 0.16394 0.17046 0.16292 0.15581 0.14544 0.13762 0.12336 0.11778 0.11886 0.11975 0.11504 0.11121 0.09167 0.08986 0.12282 0.12404 0.12484 0.12177 0.11774 0.11128 0.10739 0.10516 0.10336 0.10078 0.09609 0.09339 0.08739 0.08060 0.07512 0.07565 0.07422 0.07421
-9999 -9999 -9999 -9999 -9999 -9999 -9999 -9999 -9999 -9999 0.12116 0.11457 0.11244 0.11434 0.12489 0.12096 0.11988 0.12357 0.12648 0.12506 0.12058 0.12380 0.12340 -9999 -9999 -9999 -9999 -9999 -9999 0.12331 0.11901 0.11054 0.10459 0.09627 0.08851 0.09170 0.09673 0.11539 0.13029 0.15420 0.16666 0.17599 0.18181 0.17460 0.16480 0.15344 0.14290 0.13046 0.12258 0.12363 0.12451 0.12225 0.11419 0.09654 0.09429 0.13260 0.13708 0.13397 0.12976 0.12232 0.11811 0.11128 0.10952 0.10710 0.09367 0.10118 0.09251 0.08735 0.06864 0.07229 0.07081 0.07887 0.08436
-9999 -9999 -9999 -9999 -9999 -9999 -9999 -9999 -9999 -9999 -9999 -9999 0.11783 0.12432 0.12395 0.15042 0.14823 0.14737 0.14391 -9999 -9999 -9999 -9999 -9999 -9999 -9999 -9999 -9999 -9999 -9999 -9999 -9999 -9999 0.11143 0.09737 0.10680 0.11272 0.13359 0.15332 0.17243 0.18369 0.19559 0.19573 0.19169 0.18072 0.16983 0.15832 0.14680 0.14184 0.13533 0.13323 0.11280 0.11342 0.11565 0.11908 0.14259 0.14067 0.13958 0.13777 0.13141 0.12301 0.11342 0.10774 0.10800 0.10800 0.10818 0.09727 0.09227 0.08659 0.09098 0.08878 0.09123 -9999
-9999 -9999 -9999 -9999 -9999 -9999 -9999 -9999 -9999 -9999 -9999 -9999 -9999 -9999 -9999 -9999 -9999 -9999 -9999 -9999 -9999 -9999 -9999 -9999 -9999 -9999 -9999 -9999 -9999 -9999 -9999 -9999 -9999 -9999 0.11426 0.11483 0.13892 0.14893 0.17213 0.18863 0.19835 0.20519 0.20917 0.20545 0.19296 0.18089 0.16785 0.15649 0.14872 0.14213 0.13608 0.11881 0.11725 0.11961 0.12267 0.15534 0.15233 0.13519 0.13379 0.13013 0.12267 0.11457 0.11358 0.11392 0.11585 0.11006 0.10067 0.09574 0.08651 0.09377 0.10286 -9999 -9999
-9999 -9999 -9999 -9999 -9999 -9999 -9999 -9999 -9999 -9999 -9999 -9999 -9999 -9999 -9999 -9999 -9999 -9999 -9999 -9999 -9999 -9999 -9999 -9999 -9999 -9999 -9999 -9999 -9999 -9999 -9999 -9999 -9999 -9999 0.13238 0.13534 0.13899 0.16472 0.19520 0.22522 0.23053 0.23147 0.23089 0.21576 0.20390 0.18746 0.17367 0.16645 0.15470 0.14169 0.13671 0.13459 0.13620 0.11981 0.12501 0.15219 0.15959 0.15543 0.14430 0.14070 0.13386 0.12633 0.11768 0.11604 0.11700 0.10698 0.10897 0.10213 0.09189 0.10320 -9999 -9999 -9999
-9999 -9999 -9999 -9999 -9999 -9999 -9999 -9999 -9999 -9999 -9999 -9999 -9999 -9999 -9999 -9999 -9999 -9999 -9999 -9999 -9999 -9999 -9999 -9999 -9999 -9999 -9999 -9999 -9999 -9999 -9999 -9999 -9999 -9999 -9999 -9999 -9999 -9999 0.21799 0.24283 0.24505 0.24581 0.24667 0.23178 0.21608 0.20201 0.18580 0.17490 0.16702 0.14999 0.14555 0.14782 0.15019 0.13040 0.13262 0.16153 0.16740 0.16633 0.15164 0.14750 0.13821 0.13380 0.12110 0.11732 0.10490 0.10865 0.10768 0.11221 0.12615 -9999 -9999 -9999 -9999
-9999 -9999 -9999 -9999 -9999 -9999 -9999 -9999 -9999 -9999 -9999 -9999 -9999 -9999 -9999 -9999 -9999 -9999 -9999 -9999 -9999 -9999 -9999 -9999 -9999 -9999 -9999 -9999 -9999 -9999 -9999 -9999 -9999 -9999 -9999 -9999 -9999 -9999 -9999 0.26008 0.26203 0.26139 0.26021 0.24777 0.23194 0.21378 0.19832 0.18771 0.17570 0.16362 0.16553 0.14907 0.15761 0.15521 0.16194 0.15360 0.15579 0.14217 0.14885 0.14602 0.14012 0.13415 0.13017 0.11659 0.11719 0.11067 0.12306 0.13262 -9999 -9999 -9999 -9999 -9999
-9999 -9999 -9999 -9999 -9999 -9999 -9999 -9999 -9999 -9999 -9999 -9999 -9999 -9999 -9999 -9999 -9999 -9999 -9999 -9999 -9999 -9999 -9999 -9999 -9999 -9999 -9999 -9999 -9999 -9999 -9999 -9999 -9999 -9999 -9999 -9999 -9999 -9999 -9999 -9999 -9999 -9999 -9999 0.25226 0.23490 0.21920 0.20249 0.19377 0.18468 0.17488 0.17169 0.13947 0.16489 0.18149 0.16658 0.16026 0.15821 0.15384 0.16532 0.15302 0.13963 0.13316 0.13784 0.12186 0.12299 0.12750 0.14094 -9999 -9999 -9999 -9999 -9999 -9999
