data/hydroclimate-scenarios/BCSD_hadcm_A1B/monthly_summaries/vpd_monthly_avg_jun.2070-2099.asc
ncols	311
nrows	91
xllcenter	102.75
yllcenter	31.75
cellsize	0.5
NODATA_value	-9999
[rows 33 to 65 of 91, columns 0 to 72 of 311]
-9999 -9999 -9999 -9999 -9999 -9999 -9999 -9999 -9999 -9999 -9999 1.20767 1.18213 1.18111 1.16128 1.15787 1.14946 1.15938 1.17069 1.16630 1.15705 1.18582 1.21308 1.20962 1.17312 1.14072 1.12648 1.17631 1.23221 1.32190 1.26352 1.27363 1.26502 1.28329 1.29101 1.32014 1.29021 1.25028 1.20607 1.08765 1.12927 1.05161 1.09006 1.07960 1.04267 1.01733 1.01384 1.02330 1.02446 1.04046 1.05331 1.10318 1.11402 1.13944 1.17142 1.18058 1.17893 1.15795 1.17969 1.20017 1.20242 1.21315 1.26732 1.26462 1.21398 1.11422 1.04437 0.94569 0.86220 0.76415 0.77303 0.64935 0.67220
-9999 -9999 -9999 -9999 -9999 -9999 -9999 -9999 -9999 -9999 -9999 -9999 1.22250 1.22516 1.21745 1.20917 1.21195 1.22047 1.24124 1.25805 1.24458 1.21072 1.16240 1.11878 1.09015 0.99037 1.02712 1.02822 1.13239 1.19436 1.22957 1.29733 1.27820 1.29134 1.28000 1.26436 1.22295 1.20586 1.16569 1.08417 1.05721 1.03826 1.02894 1.06765 1.03525 1.01034 1.02846 1.05455 1.06104 1.07939 1.10683 1.10232 1.10409 1.13188 1.12959 1.14118 1.16121 1.18946 1.18300 1.20335 1.21762 1.23283 1.19000 1.15277 1.11703 1.05817 1.01181 0.91255 0.76264 0.69243 0.76163 0.68642 0.67715
-9999 -9999 -9999 -9999 -9999 -9999 -9999 -9999 -9999 -9999 -9999 -9999 1.24915 1.25175 1.24034 1.24683 1.28108 1.27682 1.27581 1.26036 1.25697 1.09752 1.05833 1.02073 0.95756 1.01392 1.06645 0.98101 1.08226 1.10372 1.11436 1.13960 1.27100 1.30886 1.29720 1.27600 1.22115 1.22717 1.19748 1.12123 1.08274 1.03096 1.02166 1.03627 1.04344 1.02951 1.06271 1.06322 1.07390 1.04215 1.04316 1.09210 1.10980 1.12135 1.16588 1.17349 1.20439 1.23792 1.23460 1.21845 1.20568 1.11122 1.08187 1.03663 1.03430 1.03971 0.94786 0.87579 0.78507 0.72929 0.67512 0.67165 0.64898
-9999 -9999 -9999 -9999 -9999 -9999 -9999 -9999 -9999 -9999 -9999 -9999 1.27351 1.31651 1.30968 1.29222 1.28695 1.28107 1.24390 1.20314 1.17386 1.08399 1.07005 1.00678 1.01022 0.98678 1.04190 1.10865 1.08140 1.14762 1.18046 1.27649 1.23726 1.22682 1.30490 1.30276 1.26780 1.22278 1.22232 1.16167 1.06633 0.98137 1.01346 1.00921 1.00775 0.96881 0.97770 0.95915 0.98645 1.06382 1.08022 1.08827 1.13209 1.13877 1.18464 1.19918 1.20226 1.20992 1.18176 1.14344 1.13904 1.06215 1.05883 1.06312 0.99357 0.93953 0.88158 0.83511 0.72840 0.70917 0.67956 0.63668 0.61043
-9999 -9999 -9999 1.23477 1.24893 1.25668 1.29132 1.30446 1.26894 -9999 1.28905 1.29620 1.33904 1.35072 1.34287 1.31287 1.28633 1.29849 1.21241 1.16950 1.17063 1.14096 1.11048 1.08370 1.06107 1.07326 1.12282 1.05306 1.05828 0.97364 1.09522 1.21979 1.16982 1.04652 1.16945 1.18578 1.14599 1.12235 1.13233 1.15667 1.12445 1.02739 1.04110 1.02494 0.96746 0.90787 0.85959 0.96479 0.98506 1.00048 0.99427 0.99623 0.98665 0.93673 1.00572 0.93873 0.91211 1.11894 1.03397 1.10916 1.12494 1.05491 1.02286 0.96632 0.95080 0.91135 0.83063 0.76845 0.73070 0.67748 0.62009 0.57211 0.52831
-9999 -9999 -9999 1.30293 1.31127 1.31040 1.28814 1.30262 1.31360 1.32120 1.36419 1.39239 1.32840 1.31346 1.25538 1.21497 1.19440 1.18839 1.17567 1.17992 1.20305 1.12014 1.18160 1.20467 1.12993 1.15304 1.11499 1.08192 1.01733 0.95882 1.05594 1.05114 1.06396 1.01222 1.04455 1.05384 1.06446 0.97593 1.09455 0.98923 0.96572 1.02450 1.04475 0.97453 0.92469 0.85224 0.85331 0.97043 0.90592 0.89751 0.89338 0.90429 0.89160 0.89840 1.00951 0.95817 1.04517 1.05547 0.98414 1.00466 1.00943 0.97531 0.93513 0.91628 0.86439 0.89291 0.83244 0.82980 0.73950 0.64715 0.56960 0.54144 0.49051
-9999 -9999 -9999 1.33213 1.33054 1.30152 1.29144 1.31347 1.36013 1.41728 1.39486 1.35734 1.27803 1.18539 1.08375 1.16332 1.12207 1.13238 1.19476 1.21459 1.17720 1.10066 1.13940 1.08931 1.02003 1.08726 1.08210 1.06473 1.07166 0.93019 0.83721 0.89880 1.00448 1.01092 0.97951 1.01228 1.05368 1.05092 1.05660 0.99731 0.97402 0.98619 1.01347 0.98929 1.01041 0.93071 0.92314 0.90458 0.90268 0.85797 0.83562 0.93891 0.92423 0.94206 0.99688 0.99497 1.04034 1.07098 1.00464 0.98594 1.01454 0.99755 0.99642 0.89328 0.86589 0.84266 0.78373 0.72381 0.60437 0.54381 0.48782 0.48767 0.47475
-9999 -9999 -9999 1.35261 1.44102 1.31852 1.37052 1.32565 1.33040 1.31472 1.36213 1.37230 1.18931 1.12135 1.09309 1.12318 1.08108 1.04396 1.08357 1.13712 1.05726 0.96524 0.89423 0.96554 1.00827 1.06718 1.10062 1.08485 0.92398 0.83400 0.88705 1.08615 0.98010 0.86807 0.86682 0.92361 1.03162 1.12185 1.04929 1.06893 1.02769 0.92272 0.86784 0.90846 1.03200 0.91522 0.87826 0.95068 0.86317 0.89892 0.83240 0.89455 0.89569 0.86964 0.94182 0.96956 1.00370 0.96771 0.93237 0.93117 0.85435 0.92763 0.91434 0.87616 0.83204 0.80279 0.73419 0.64626 0.53557 0.48025 0.47575 0.46998 -9999
-9999 -9999 -9999 1.38591 1.48584 1.31015 1.32570 1.32691 1.26445 1.30417 1.40360 1.27653 1.13718 1.05613 0.97850 1.03016 0.99696 1.04324 1.14774 1.22256 1.10104 1.01939 0.94933 1.09184 1.13214 1.16959 1.25434 1.15451 0.99340 0.90288 0.89427 0.94066 0.89818 0.94229 0.97396 0.99238 0.98852 1.06762 1.09467 1.07775 1.00072 0.93439 0.88887 0.89352 0.95332 0.93801 0.93466 0.92681 0.89842 0.89163 0.88000 0.95662 0.91855 0.84875 0.96639 0.88653 0.99248 0.99992 0.94176 0.85240 0.87026 0.87394 0.86274 0.76782 0.73599 0.76576 0.68758 0.58270 0.51504 0.50469 0.49428 -9999 -9999
-9999 -9999 -9999 -9999 1.31569 1.27710 1.31416 1.21833 1.20611 1.24505 1.38056 1.29380 0.99028 1.14168 -9999 -9999 -9999 -9999 -9999 0.93634 0.94328 0.98077 0.92709 0.88066 0.95945 1.04835 1.23922 1.14873 1.06767 1.08912 1.02090 0.99116 0.96453 1.04966 1.16464 1.16392 1.10547 1.15746 1.12467 1.12152 1.11534 1.06915 0.99915 0.92594 0.95206 0.96912 0.94131 0.87352 0.92634 0.97192 0.92964 0.91418 0.96714 0.89436 0.88411 0.85044 0.83992 0.85560 0.85159 0.87607 0.83365 0.79191 0.77427 0.76632 0.74354 0.68294 0.65847 0.65778 0.62669 -9999 -9999 -9999 -9999
-9999 -9999 1.33436 1.30045 1.29157 1.34804 1.31888 1.16261 1.26294 1.27609 1.38185 1.25838 1.00054 -9999 -9999 -9999 -9999 -9999 0.83379 0.94577 0.95808 1.06794 1.07925 0.99621 1.02157 1.07715 1.27583 1.27262 1.21640 1.21453 1.14030 1.09826 1.11240 1.11007 1.15089 1.22183 1.16339 1.16956 1.14615 1.13922 1.08034 1.08643 1.03628 1.02184 1.05454 1.03678 1.01204 1.01594 1.05370 1.12179 1.10140 1.06518 1.03348 1.08827 0.99755 1.04938 0.96971 0.88571 0.87349 0.96258 0.93465 0.88206 0.85590 0.81850 0.80438 0.77593 0.75047 -9999 -9999 -9999 -9999 -9999 -9999
-9999 -9999 1.28861 1.30556 1.35852 1.35578 1.36189 1.20733 1.25078 1.32831 1.25842 1.21454 1.22535 -9999 -9999 -9999 -9999 1.11146 0.91462 1.06207 1.06346 1.12003 1.11086 1.15887 1.25933 1.36090 1.32492 1.28044 1.27396 1.28544 1.20323 1.10577 1.15764 1.20031 1.18354 1.19137 1.21415 1.22127 1.11868 1.05035 1.08367 1.02948 0.99691 1.02478 1.00530 1.04622 1.08778 1.04520 1.18254 1.15587 1.17259 1.17255 1.18213 1.17628 1.15272 1.26715 1.19058 0.98583 0.93967 0.99638 1.00038 0.89244 0.91856 0.94036 0.94185 -9999 -9999 -9999 -9999 -9999 0.61939 -9999 -9999
-9999 -9999 1.32577 1.24340 1.28837 1.29090 1.31565 1.28226 1.25633 1.27334 1.17253 1.15341 1.38142 -9999 -9999 -9999 -9999 0.95790 0.98929 1.06083 1.08819 1.19482 1.28440 1.34539 1.31850 1.34733 1.24905 1.30930 1.27429 1.25902 1.18754 1.16991 1.13566 1.13676 1.19703 1.16873 1.15966 1.16057 1.10514 1.15232 1.12286 1.13602 1.11151 1.03230 1.06211 1.01918 1.03974 1.03412 1.11245 1.13709 1.25270 1.18593 1.17535 1.15975 1.14624 1.31306 1.29474 1.10500 1.09456 1.09403 1.16559 1.12993 1.08944 0.98193 0.87467 0.81407 0.86734 0.76097 0.77152 -9999 -9999 -9999 0.59104
-9999 -9999 -9999 1.27069 1.25774 1.26370 1.31975 1.37810 1.28963 1.20466 1.31940 1.33207 -9999 -9999 -9999 -9999 1.03700 0.98915 1.09812 1.15486 1.20929 1.34367 1.30994 1.31546 1.30430 1.28184 1.26925 1.23437 1.24259 1.10097 1.11143 1.17495 1.21709 1.21207 1.20477 1.25981 1.29397 1.31745 1.30556 1.30856 1.24825 1.22917 1.16477 1.16564 1.23586 1.16098 1.20159 1.24923 1.21465 1.23564 1.17354 1.20039 1.22601 1.14766 1.08457 1.11787 1.12424 1.03457 1.04010 1.10986 1.09473 1.06655 0.93337 0.74076 0.64427 0.81487 0.88275 0.85020 0.85253 0.74036 -9999 -9999 0.68557
-9999 -9999 -9999 -9999 1.31200 1.29442 1.32654 1.28713 1.21350 1.40122 1.46908 -9999 -9999 -9999 -9999 1.11820 1.04858 1.12453 1.21954 1.22670 1.30545 1.39129 1.36418 1.25351 1.25356 1.33669 1.34095 1.31678 1.24488 1.22735 1.16926 1.30000 1.32267 1.30052 1.20601 1.28090 1.30156 1.34964 1.31222 1.32032 1.24373 1.22850 1.22427 1.24546 1.29370 1.25353 1.24241 1.27839 1.28289 1.28941 1.30078 1.28678 1.24027 1.20871 1.22218 1.25902 1.27129 1.08738 1.07100 1.11874 1.02120 0.91383 0.87786 0.87150 0.78254 0.83501 0.93814 0.97143 0.89962 0.89205 0.85819 0.80802 0.76729
-9999 -9999 -9999 -9999 -9999 -9999 1.30128 1.35292 1.46990 1.50382 1.51271 -9999 -9999 -9999 -9999 -9999 1.17453 1.20576 1.26177 1.25510 1.27617 1.62004 1.32449 1.27345 1.30351 1.42125 1.45959 1.36735 1.37036 1.33280 1.26530 1.33762 1.40132 1.26345 1.27948 1.36310 1.30298 1.24742 1.32780 1.24442 1.21767 1.13024 1.12177 1.19627 1.20865 1.29126 1.32139 1.31548 1.29929 1.28155 1.30803 1.28271 1.30332 1.29299 1.27197 1.26754 1.22864 1.16139 1.11523 1.06191 0.97605 0.90465 0.86600 0.80650 0.73531 0.81360 0.94828 1.07916 1.02000 0.95422 0.88694 0.84779 0.78693
-9999 -9999 -9999 -9999 -9999 -9999 -9999 -9999 -9999 -9999 -9999 -9999 -9999 -9999 -9999 -9999 -9999 -9999 -9999 1.27395 1.30147 1.53175 1.41836 1.38716 1.39324 1.42691 1.40377 1.50939 1.49550 1.36369 1.32273 1.41844 1.31859 1.31217 1.30538 1.33092 1.35345 1.28816 1.28213 1.19111 1.14494 1.15903 1.17396 1.21272 1.22045 1.29823 1.35037 1.33439 1.32698 1.28786 1.29438 1.32327 1.31323 1.34652 1.32539 1.27104 1.22284 1.19982 1.12078 1.05767 0.92428 0.92020 0.86604 0.78768 0.75172 0.92258 1.05010 1.15412 1.10410 0.93428 0.86885 0.84972 0.79125
-9999 -9999 -9999 -9999 -9999 -9999 -9999 -9999 -9999 -9999 -9999 -9999 -9999 -9999 -9999 -9999 -9999 -9999 1.29226 1.29443 1.39337 1.49186 1.51804 1.50760 1.53200 1.48318 1.53428 1.53763 1.50317 1.43797 1.43742 1.35732 1.31010 1.33274 1.34290 1.34645 1.29688 1.30821 1.21700 1.16478 1.11513 1.15376 1.15453 1.18238 1.19253 1.19624 1.28252 1.34983 1.37891 1.33414 1.32720 1.31520 1.32633 1.30798 1.27968 1.30407 1.26205 1.10538 1.00490 1.04938 1.05411 1.04230 0.95572 0.88214 0.83081 0.95850 1.04701 1.11902 1.08174 1.00117 0.91410 0.77332 0.83171
-9999 -9999 -9999 -9999 -9999 -9999 -9999 -9999 -9999 -9999 -9999 -9999 -9999 -9999 -9999 -9999 -9999 1.28775 1.29937 1.41695 1.43437 1.46737 1.50508 1.53453 1.57603 1.53715 1.58179 1.55374 1.44171 1.39624 1.37537 1.38937 1.34887 1.43705 1.42880 1.28651 1.20153 1.22671 1.24105 1.17247 1.15007 1.18527 1.16044 1.23387 1.24872 1.26905 1.29580 1.30221 1.37264 1.33618 1.36075 1.35402 1.32378 1.26772 1.26257 1.27547 1.21184 1.08119 1.02274 1.07285 1.15503 1.05161 0.85314 0.81491 0.95875 1.00097 0.99035 1.06549 1.03772 0.98718 0.84680 0.82728 0.82860
-9999 -9999 -9999 -9999 -9999 -9999 -9999 -9999 -9999 -9999 -9999 -9999 -9999 -9999 -9999 -9999 -9999 1.28253 1.33162 1.28311 1.36942 1.41136 1.47508 1.52923 1.71441 1.61924 1.64291 1.64167 1.58887 1.46472 1.44665 1.47445 1.49858 1.52238 1.39766 1.27938 1.24423 1.23647 1.14291 1.15017 1.15732 1.21832 1.23338 1.29329 1.28293 1.44762 1.44957 1.27446 1.29450 1.34590 1.35397 1.34557 1.31643 1.29059 1.27336 1.22892 1.11318 1.10036 1.12196 1.12364 1.06091 0.97133 0.93424 0.89648 0.79358 0.85477 0.94965 0.89765 0.97826 0.96155 0.90964 0.77088 0.68434
-9999 -9999 -9999 -9999 -9999 -9999 -9999 -9999 -9999 -9999 -9999 -9999 -9999 -9999 -9999 -9999 1.15305 1.18841 1.20120 1.25155 1.41189 1.53208 1.51747 1.62506 1.89848 1.68182 1.75064 1.92066 1.79117 1.57801 1.52846 1.57397 1.54854 1.58842 1.49039 1.37508 1.28436 1.23236 1.16071 1.21798 1.24510 1.26772 1.26124 1.35020 1.39353 1.47499 1.48313 1.27650 1.30629 1.34978 1.35477 1.34529 1.30518 1.30521 1.26995 1.23386 1.19894 1.15658 1.14270 1.07553 1.07666 1.01662 0.93254 0.80312 0.84848 0.87259 0.89367 0.92602 0.98871 0.93490 0.85055 0.72984 0.67222
-9999 -9999 -9999 -9999 -9999 -9999 -9999 -9999 -9999 -9999 -9999 -9999 -9999 1.18424 1.12202 1.14972 1.12920 1.07099 1.17569 1.38368 1.44037 1.36820 1.47184 1.52436 1.54086 1.83346 1.85927 1.88187 1.84685 1.84085 1.77984 1.70047 1.63566 1.59670 1.50688 1.38976 1.36741 1.35839 1.28198 1.28485 1.30543 1.38512 1.41787 1.52284 1.49669 1.46225 1.43229 1.42532 1.37473 1.34998 1.31404 1.28276 1.26671 1.31674 1.28876 1.23885 1.22612 1.21752 1.19839 1.15241 1.10744 1.08889 1.03646 0.98857 1.00933 1.05078 1.02071 0.96628 0.91030 0.86712 0.75869 0.65875 0.61249
-9999 -9999 -9999 -9999 -9999 -9999 -9999 -9999 -9999 -9999 -9999 -9999 1.23288 1.19837 1.16884 1.17389 1.19277 1.19820 1.21443 1.53308 1.44153 1.48924 1.53458 1.56033 1.59162 1.90088 1.88573 1.92114 1.85249 1.86925 1.84593 1.77035 1.71394 1.64581 1.59734 1.47451 1.40155 1.37946 1.30681 1.34906 1.33862 1.42990 1.49300 1.56027 1.53265 1.49003 1.44563 1.42364 1.38670 1.35392 1.32719 1.29310 1.25959 1.29942 1.28658 1.29040 1.25243 1.17360 1.11570 1.10070 1.09119 1.11828 1.08406 1.00372 1.01595 1.04213 0.99713 0.92615 0.87181 0.77162 0.65883 0.63771 0.57643
-9999 -9999 -9999 -9999 -9999 -9999 -9999 -9999 -9999 -9999 -9999 1.05401 1.12019 1.11757 1.21139 1.31599 1.36626 1.36787 1.38994 1.41915 1.46858 1.63024 1.62528 1.64371 1.64515 1.67340 1.69119 1.86189 1.95569 1.97729 1.88685 1.81889 1.76037 1.68213 1.61766 1.44521 1.32255 1.31842 1.34812 1.38594 1.46880 1.51993 1.60297 1.64056 1.59020 1.54010 1.49238 1.44078 1.39968 1.36132 1.32247 1.19714 1.22377 1.21565 1.21482 1.23217 1.27077 1.20695 1.25625 1.23575 1.18619 1.21543 1.19034 1.13318 1.08260 1.03708 0.95865 0.90942 0.79142 0.69396 0.58365 0.52515 0.50742
-9999 -9999 -9999 -9999 -9999 -9999 -9999 -9999 -9999 -9999 1.09584 1.10329 1.23434 1.17529 1.31846 1.41974 1.46144 1.44419 1.43346 1.44354 1.52974 1.69333 1.69957 1.71946 1.71437 1.72287 1.72307 1.98549 2.01177 1.96426 1.95874 1.88643 1.82909 1.71885 1.59729 1.40239 1.32652 1.32607 1.39295 1.43314 1.53353 1.62707 1.75096 1.67969 1.63567 1.58377 1.51682 1.45664 1.41039 1.36847 1.31469 1.18136 1.22425 1.20711 1.22334 1.24294 1.19704 1.22023 1.29398 1.25082 1.22514 1.21804 1.18006 1.13167 1.08076 1.00614 0.94312 0.85721 0.72731 0.60843 0.53506 0.52164 0.48567
-9999 -9999 -9999 -9999 -9999 -9999 -9999 -9999 -9999 1.37505 1.39851 1.36467 1.33957 1.34240 1.40638 1.43469 1.46777 1.52586 1.63180 1.65941 1.69440 1.70629 1.70883 1.77519 1.80003 1.85711 1.90609 1.90850 1.87576 1.88771 1.97321 1.79520 1.71900 1.50318 1.36671 1.29458 1.24570 1.37060 1.41627 1.60629 1.69889 1.82717 1.90323 1.83838 1.77951 1.72639 1.67383 1.49201 1.41523 1.36878 1.32850 1.21508 1.17292 1.03464 1.02347 1.30566 1.32751 1.34344 1.31687 1.31239 1.26285 1.23815 1.19789 1.12765 1.08160 0.99753 0.91077 0.76657 0.66832 0.58501 0.54155 0.50971 0.47145
-9999 -9999 -9999 -9999 -9999 -9999 -9999 -9999 -9999 -9999 1.50662 1.48698 1.45593 1.51535 1.66595 1.56977 1.56367 1.60545 1.64963 1.66919 1.65679 1.74924 1.77130 -9999 -9999 -9999 -9999 -9999 -9999 1.91161 1.91595 1.79840 1.71403 1.50903 1.34425 1.32042 1.28958 1.42314 1.49905 1.66129 1.75871 1.87114 1.90910 1.84676 1.82039 1.71702 1.65345 1.52062 1.43120 1.38970 1.34349 1.26527 1.18344 1.04459 1.02276 1.33261 1.36896 1.35370 1.31511 1.30144 1.27927 1.21705 1.18093 1.10675 0.95200 0.93613 0.81852 0.69995 0.55540 0.53127 0.48694 0.47940 0.45397
-9999 -9999 -9999 -9999 -9999 -9999 -9999 -9999 -9999 -9999 -9999 -9999 1.56420 1.64296 1.66570 2.04466 1.97949 1.99142 1.97392 -9999 -9999 -9999 -9999 -9999 -9999 -9999 -9999 -9999 -9999 -9999 -9999 -9999 -9999 1.59141 1.35958 1.40072 1.38653 1.54320 1.69044 1.78087 1.81703 1.86533 1.85823 1.89401 1.84208 1.80549 1.73884 1.61125 1.55876 1.47260 1.40477 1.18613 1.15104 1.15991 1.17145 1.33768 1.31634 1.31602 1.30893 1.30816 1.27275 1.19054 1.13845 1.05539 0.97817 0.89988 0.76661 0.65773 0.57845 0.55867 0.51510 0.48793 -9999
-9999 -9999 -9999 -9999 -9999 -9999 -9999 -9999 -9999 -9999 -9999 -9999 -9999 -9999 -9999 -9999 -9999 -9999 -9999 -9999 -9999 -9999 -9999 -9999 -9999 -9999 -9999 -9999 -9999 -9999 -9999 -9999 -9999 -9999 1.46687 1.41552 1.57800 1.63447 1.73844 1.82901 1.83655 1.80933 1.81561 1.87821 1.83981 1.79677 1.72149 1.63199 1.56792 1.48381 1.42671 1.21802 1.17139 1.17251 1.16434 1.35598 1.31831 1.22949 1.23239 1.26363 1.23130 1.16130 1.15135 1.04995 0.97361 0.85944 0.72812 0.62222 0.53870 0.53092 0.52680 -9999 -9999
-9999 -9999 -9999 -9999 -9999 -9999 -9999 -9999 -9999 -9999 -9999 -9999 -9999 -9999 -9999 -9999 -9999 -9999 -9999 -9999 -9999 -9999 -9999 -9999 -9999 -9999 -9999 -9999 -9999 -9999 -9999 -9999 -9999 -9999 1.60506 1.57345 1.52263 1.67057 1.85102 1.98309 1.93834 1.91559 1.88591 1.81152 1.76062 1.68567 1.65021 1.61194 1.55066 1.42236 1.36428 1.30363 1.30171 1.10252 1.10585 1.26875 1.29791 1.26892 1.22824 1.20020 1.16926 1.13197 1.07685 0.96832 0.88138 0.74232 0.67946 0.60121 0.52657 0.53234 -9999 -9999 -9999
-9999 -9999 -9999 -9999 -9999 -9999 -9999 -9999 -9999 -9999 -9999 -9999 -9999 -9999 -9999 -9999 -9999 -9999 -9999 -9999 -9999 -9999 -9999 -9999 -9999 -9999 -9999 -9999 -9999 -9999 -9999 -9999 -9999 -9999 -9999 -9999 -9999 -9999 1.94188 1.99144 1.95275 1.90835 1.85929 1.81242 1.73626 1.68474 1.63605 1.60329 1.54757 1.42649 1.39415 1.35070 1.33912 1.14741 1.11263 1.27113 1.24964 1.25168 1.22060 1.20244 1.13191 1.08875 0.97854 0.89865 0.76519 0.70816 0.63357 0.60239 0.59876 -9999 -9999 -9999 -9999
-9999 -9999 -9999 -9999 -9999 -9999 -9999 -9999 -9999 -9999 -9999 -9999 -9999 -9999 -9999 -9999 -9999 -9999 -9999 -9999 -9999 -9999 -9999 -9999 -9999 -9999 -9999 -9999 -9999 -9999 -9999 -9999 -9999 -9999 -9999 -9999 -9999 -9999 -9999 1.97802 1.91045 1.85471 1.80661 1.75515 1.70753 1.64360 1.59596 1.53854 1.48820 1.41549 1.41513 1.22630 1.26012 1.22408 1.26799 1.14407 1.13300 1.03794 1.11008 1.06681 1.05149 0.97570 0.91076 0.79948 0.74857 0.66763 0.65690 0.62971 -9999 -9999 -9999 -9999 -9999
-9999 -9999 -9999 -9999 -9999 -9999 -9999 -9999 -9999 -9999 -9999 -9999 -9999 -9999 -9999 -9999 -9999 -9999 -9999 -9999 -9999 -9999 -9999 -9999 -9999 -9999 -9999 -9999 -9999 -9999 -9999 -9999 -9999 -9999 -9999 -9999 -9999 -9999 -9999 -9999 -9999 -9999 -9999 1.69568 1.65123 1.60049 1.53327 1.48324 1.45204 1.38024 1.33013 1.07342 1.19704 1.29161 1.18210 1.10666 1.07661 1.05963 1.11352 1.02836 0.93282 0.87882 0.87002 0.73426 0.69921 0.68454 0.69511 -9999 -9999 -9999 -9999 -9999 -9999
