data/hydroclimate-scenarios/BCSD_hadcm_A1B/monthly_summaries/vpd_monthly_avg_apr.2030-2059.asc
ncols	311
nrows	91
xllcenter	102.75
yllcenter	31.75
cellsize	0.5
NODATA_value	-9999
[rows 33 to 65 of 91, columns 0 to 72 of 311]
-9999 -9999 -9999 -9999 -9999 -9999 -9999 -9999 -9999 -9999 -9999 0.29266 0.28576 0.29059 0.28298 0.27915 0.27630 0.27548 0.27543 0.27844 0.27906 0.28442 0.29308 0.28977 0.28342 0.27841 0.27523 0.28768 0.30844 0.33068 0.32057 0.31877 0.31682 0.32624 0.32283 0.32846 0.32049 0.30669 0.29649 0.26554 0.27504 0.25340 0.26226 0.26019 0.25215 0.24671 0.24304 0.24516 0.24753 0.25462 0.25771 0.27229 0.27446 0.28047 0.29324 0.29726 0.29264 0.29001 0.29755 0.30149 0.30095 0.30399 0.31760 0.32484 0.31796 0.29762 0.28542 0.26595 0.24508 0.21919 0.22443 0.18573 0.19615
-9999 -9999 -9999 -9999 -9999 -9999 -9999 -9999 -9999 -9999 -9999 -9999 0.30425 0.30280 0.30062 0.29794 0.29335 0.29664 0.29976 0.30244 0.29872 0.29468 0.28283 0.27164 0.26549 0.23779 0.25111 0.25353 0.28673 0.30540 0.31849 0.33749 0.33452 0.33950 0.33457 0.32885 0.31373 0.31477 0.29999 0.27639 0.26732 0.26113 0.25333 0.26360 0.25694 0.24759 0.25306 0.25952 0.26189 0.26738 0.27563 0.27123 0.27397 0.28685 0.28709 0.28830 0.29326 0.30354 0.30332 0.31238 0.32059 0.31821 0.31051 0.30473 0.30350 0.29355 0.28961 0.26200 0.21287 0.19583 0.22545 0.21003 0.20976
-9999 -9999 -9999 -9999 -9999 -9999 -9999 -9999 -9999 -9999 -9999 -9999 0.31700 0.31561 0.31093 0.31180 0.31778 0.31358 0.31029 0.30493 0.30145 0.26612 0.25566 0.24723 0.22998 0.24897 0.26589 0.24700 0.28047 0.28815 0.29378 0.30112 0.34246 0.35321 0.34811 0.34119 0.32361 0.32491 0.31804 0.29166 0.27923 0.25880 0.25745 0.26099 0.26247 0.25840 0.26201 0.26267 0.26541 0.25677 0.25870 0.27450 0.27766 0.28969 0.30032 0.30424 0.30992 0.31554 0.32124 0.31902 0.31638 0.29087 0.28441 0.27619 0.28546 0.30179 0.27644 0.25930 0.23187 0.21718 0.20110 0.21169 0.21103
-9999 -9999 -9999 -9999 -9999 -9999 -9999 -9999 -9999 -9999 -9999 -9999 0.32703 0.33813 0.33684 0.33080 0.32153 0.31500 0.30296 0.29023 0.27980 0.26068 0.25836 0.24535 0.25422 0.24745 0.26618 0.29220 0.28442 0.30954 0.32721 0.35385 0.34132 0.33850 0.36162 0.35951 0.35280 0.33343 0.32925 0.31035 0.27758 0.24925 0.25856 0.25805 0.25528 0.23882 0.23973 0.23389 0.24249 0.26824 0.27296 0.27853 0.29112 0.29236 0.30791 0.31241 0.31503 0.31430 0.30717 0.29946 0.29828 0.27686 0.28240 0.29302 0.27926 0.27382 0.26111 0.24817 0.21594 0.21578 0.21120 0.20449 0.20121
-9999 -9999 -9999 0.34622 0.34566 0.34436 0.35041 0.34531 0.33764 -9999 0.33687 0.33618 0.34656 0.35271 0.34742 0.34099 0.32961 0.32401 0.29876 0.28516 0.28343 0.27820 0.27825 0.27164 0.26728 0.27874 0.30270 0.27634 0.28404 0.26262 0.30612 0.34963 0.33341 0.29233 0.32912 0.33824 0.32282 0.31188 0.31423 0.31742 0.30312 0.27112 0.27336 0.26549 0.24531 0.22130 0.20518 0.23691 0.24313 0.25076 0.25048 0.25526 0.25164 0.23569 0.25527 0.23554 0.22823 0.28944 0.26329 0.29358 0.29981 0.27974 0.27716 0.26713 0.27279 0.26712 0.24769 0.23020 0.22304 0.21213 0.19966 0.18844 0.17371
-9999 -9999 -9999 0.36755 0.37112 0.36548 0.35328 0.35953 0.35624 0.35093 0.36292 0.36600 0.35071 0.35073 0.32788 0.31319 0.29888 0.30011 0.29137 0.29050 0.29768 0.27988 0.30371 0.31663 0.29550 0.30623 0.29721 0.29446 0.28004 0.26034 0.29502 0.30345 0.30486 0.28549 0.29868 0.29331 0.29836 0.26506 0.30234 0.26826 0.25960 0.27370 0.27491 0.25055 0.22588 0.20345 0.20361 0.24555 0.22539 0.22279 0.22056 0.22990 0.22155 0.22724 0.26216 0.24047 0.26665 0.26975 0.24864 0.26002 0.27254 0.26060 0.25774 0.26058 0.25391 0.26583 0.24885 0.25372 0.23102 0.20935 0.19074 0.18640 0.16583
-9999 -9999 -9999 0.39213 0.38686 0.36827 0.36364 0.36739 0.38380 0.38700 0.37553 0.36779 0.34367 0.31936 0.28747 0.30172 0.28568 0.28675 0.30533 0.30544 0.29601 0.28257 0.29690 0.28490 0.26741 0.29676 0.29636 0.29711 0.30427 0.25711 0.22620 0.25504 0.29459 0.29685 0.28272 0.28863 0.30012 0.30155 0.30100 0.28216 0.26978 0.27104 0.27519 0.26274 0.26077 0.23521 0.23091 0.22971 0.23209 0.21836 0.21060 0.24828 0.24462 0.24830 0.26683 0.26206 0.27551 0.28035 0.26094 0.26319 0.27829 0.27454 0.28272 0.25730 0.26050 0.25324 0.24292 0.22441 0.19100 0.18069 0.16391 0.17982 0.17748
-9999 -9999 -9999 0.40098 0.42413 0.38510 0.39154 0.37887 0.37711 0.37389 0.38240 0.38434 0.32950 0.30728 0.29399 0.29327 0.28011 0.26766 0.27689 0.29661 0.27203 0.24732 0.22919 0.25242 0.27400 0.29937 0.31735 0.31913 0.26546 0.22888 0.25341 0.33336 0.29332 0.24681 0.24841 0.27051 0.30868 0.34360 0.31625 0.31913 0.30238 0.26178 0.23887 0.24947 0.28553 0.24674 0.23200 0.25952 0.22965 0.24226 0.22029 0.24409 0.24487 0.23288 0.25489 0.25924 0.26805 0.25796 0.24712 0.25043 0.22870 0.26003 0.26410 0.25762 0.24625 0.24545 0.22977 0.21238 0.17817 0.16404 0.18420 0.20131 -9999
-9999 -9999 -9999 0.42344 0.45078 0.39707 0.39669 0.39241 0.37266 0.37909 0.40764 0.36879 0.32269 0.29322 0.26381 0.27277 0.26089 0.27548 0.30894 0.33114 0.29555 0.27494 0.25681 0.30389 0.32160 0.34388 0.37906 0.34855 0.29883 0.26745 0.26405 0.28796 0.27177 0.28520 0.29714 0.30712 0.30691 0.34092 0.34958 0.34260 0.30904 0.28587 0.26592 0.26226 0.28402 0.27570 0.27427 0.27252 0.26232 0.25576 0.25102 0.28532 0.26561 0.23319 0.26980 0.24184 0.27871 0.27474 0.26039 0.22855 0.23644 0.24478 0.25427 0.22004 0.21590 0.23558 0.21799 0.19257 0.17752 0.18959 0.20938 -9999 -9999
-9999 -9999 -9999 -9999 0.41364 0.39165 0.39729 0.37330 0.36401 0.37951 0.41819 0.38222 0.28142 0.32458 -9999 -9999 -9999 -9999 -9999 0.25610 0.25928 0.28741 0.26877 0.24400 0.27548 0.31011 0.38254 0.36025 0.33714 0.34781 0.32823 0.31385 0.30273 0.33578 0.37785 0.38487 0.36506 0.38790 0.38097 0.37175 0.37529 0.35330 0.32690 0.30455 0.30795 0.31951 0.31179 0.27428 0.29442 0.30827 0.28487 0.28288 0.30029 0.26129 0.25359 0.23564 0.22977 0.23133 0.23229 0.24161 0.22979 0.22160 0.22266 0.22885 0.22284 0.21283 0.21776 0.22619 0.23052 -9999 -9999 -9999 -9999
-9999 -9999 0.44043 0.42004 0.41669 0.42142 0.41145 0.36290 0.39703 0.39915 0.42411 0.38243 0.29493 -9999 -9999 -9999 -9999 -9999 0.22430 0.27065 0.27169 0.32278 0.32989 0.29466 0.30637 0.33084 0.39951 0.41326 0.40071 0.39978 0.37765 0.36280 0.36973 0.36753 0.38545 0.42279 0.40197 0.40708 0.39749 0.39472 0.37557 0.38331 0.36638 0.36973 0.38191 0.37358 0.35777 0.35186 0.36801 0.38911 0.37725 0.36172 0.33895 0.34153 0.30621 0.32003 0.28702 0.25336 0.24662 0.28272 0.27614 0.26824 0.25898 0.24937 0.25387 0.25124 0.25889 -9999 -9999 -9999 -9999 -9999 -9999
-9999 -9999 0.44299 0.43563 0.45276 0.44207 0.44958 0.39223 0.40872 0.42685 0.39931 0.37598 0.37656 -9999 -9999 -9999 -9999 0.33324 0.26613 0.32052 0.31827 0.33507 0.33676 0.35705 0.39966 0.44217 0.43376 0.42199 0.43036 0.44117 0.41450 0.37555 0.40967 0.42402 0.41536 0.42017 0.42636 0.43269 0.39984 0.37281 0.39990 0.38414 0.37802 0.39390 0.37847 0.38836 0.40403 0.38324 0.44050 0.41757 0.42443 0.41951 0.40718 0.39088 0.38352 0.40729 0.37592 0.30040 0.27680 0.30758 0.31158 0.26958 0.28526 0.30525 0.30932 -9999 -9999 -9999 -9999 -9999 0.24117 -9999 -9999
-9999 -9999 0.45762 0.42386 0.43287 0.43159 0.44065 0.42075 0.41480 0.41114 0.37533 0.37045 0.46914 -9999 -9999 -9999 -9999 0.29627 0.30798 0.33541 0.33842 0.37405 0.40834 0.43546 0.42979 0.45202 0.42062 0.44183 0.43562 0.43509 0.41428 0.41368 0.40783 0.40515 0.43084 0.41300 0.41399 0.41297 0.39592 0.42684 0.42770 0.44368 0.44856 0.41734 0.42143 0.38795 0.39158 0.38644 0.41926 0.42558 0.46305 0.43592 0.41862 0.40182 0.39331 0.44262 0.42485 0.35735 0.35408 0.35622 0.38208 0.37074 0.36106 0.33237 0.29125 0.27477 0.30724 0.26278 0.27617 -9999 -9999 -9999 0.25166
-9999 -9999 -9999 0.44257 0.43369 0.43875 0.46064 0.46932 0.43521 0.40544 0.43863 0.44871 -9999 -9999 -9999 -9999 0.33508 0.32251 0.36308 0.37170 0.38777 0.43978 0.42970 0.44544 0.44111 0.44300 0.43707 0.43684 0.43705 0.38242 0.39308 0.42337 0.44958 0.44923 0.44550 0.46294 0.48103 0.48711 0.48255 0.48878 0.48454 0.49093 0.47908 0.48628 0.50859 0.46775 0.47723 0.48988 0.47455 0.47514 0.44343 0.43275 0.44185 0.40950 0.37857 0.38557 0.38327 0.34619 0.34284 0.37538 0.37317 0.36557 0.31163 0.23003 0.19114 0.27076 0.30692 0.29548 0.30546 0.29550 -9999 -9999 0.24595
-9999 -9999 -9999 -9999 0.45536 0.45306 0.46711 0.43278 0.41488 0.47886 0.52573 -9999 -9999 -9999 -9999 0.36889 0.34514 0.38823 0.42625 0.41932 0.45010 0.47547 0.47110 0.44080 0.43621 0.47932 0.48339 0.48059 0.44940 0.44466 0.42517 0.48660 0.49855 0.48750 0.45081 0.47306 0.48313 0.50029 0.49506 0.50156 0.48446 0.49075 0.49729 0.51716 0.53321 0.51202 0.50278 0.51173 0.51319 0.50403 0.50000 0.48439 0.45300 0.44425 0.44936 0.46099 0.45757 0.38279 0.37304 0.39303 0.35109 0.31256 0.29937 0.29025 0.25678 0.27834 0.32819 0.33953 0.31248 0.31907 0.30880 0.28421 0.26591
-9999 -9999 -9999 -9999 -9999 -9999 0.46018 0.45606 0.51864 0.53873 0.53890 -9999 -9999 -9999 -9999 -9999 0.41007 0.43449 0.46197 0.45469 0.46027 0.58199 0.48387 0.46223 0.47190 0.51672 0.52972 0.51318 0.51171 0.50230 0.47716 0.50413 0.52848 0.47765 0.47624 0.51397 0.48898 0.46936 0.50823 0.48423 0.48006 0.44663 0.44941 0.49562 0.49416 0.52693 0.53602 0.51740 0.50285 0.50173 0.51373 0.49515 0.49352 0.49402 0.48857 0.48488 0.46443 0.43015 0.40631 0.37942 0.33652 0.31316 0.29547 0.26716 0.23618 0.27116 0.32558 0.37368 0.35484 0.33300 0.30642 0.29127 0.26344
-9999 -9999 -9999 -9999 -9999 -9999 -9999 -9999 -9999 -9999 -9999 -9999 -9999 -9999 -9999 -9999 -9999 -9999 -9999 0.47763 0.48882 0.57173 0.53326 0.51963 0.51544 0.52876 0.51755 0.57344 0.56885 0.51736 0.50528 0.53393 0.50088 0.49608 0.48983 0.50233 0.51948 0.49980 0.49945 0.46735 0.45507 0.45875 0.47791 0.50121 0.50398 0.52510 0.55105 0.53104 0.51963 0.50595 0.50370 0.51516 0.51045 0.53419 0.51995 0.50241 0.47956 0.46330 0.42369 0.39148 0.32914 0.32934 0.30469 0.26163 0.24419 0.31698 0.37078 0.40554 0.38251 0.32508 0.30174 0.29034 0.26344
-9999 -9999 -9999 -9999 -9999 -9999 -9999 -9999 -9999 -9999 -9999 -9999 -9999 -9999 -9999 -9999 -9999 -9999 0.50083 0.49810 0.53723 0.57558 0.57902 0.57406 0.57171 0.56863 0.58244 0.57554 0.56019 0.53671 0.53245 0.50982 0.49124 0.49878 0.50518 0.52627 0.51225 0.52148 0.48866 0.46844 0.45920 0.47553 0.48441 0.48537 0.49042 0.49543 0.53458 0.55472 0.56558 0.54286 0.54404 0.53441 0.53985 0.53212 0.52025 0.53848 0.51654 0.43840 0.39486 0.40120 0.39795 0.38953 0.34973 0.32386 0.29751 0.35506 0.38584 0.40173 0.38416 0.36294 0.32947 0.26436 0.28248
-9999 -9999 -9999 -9999 -9999 -9999 -9999 -9999 -9999 -9999 -9999 -9999 -9999 -9999 -9999 -9999 -9999 0.50492 0.51226 0.55299 0.56432 0.57538 0.58083 0.58836 0.59986 0.59211 0.60304 0.58137 0.53293 0.52319 0.51862 0.52714 0.51192 0.54504 0.54427 0.51630 0.48601 0.49574 0.50965 0.48348 0.47512 0.49822 0.48960 0.51421 0.52290 0.53817 0.55227 0.55196 0.57992 0.56909 0.57773 0.57133 0.55059 0.52646 0.53058 0.54024 0.50854 0.44652 0.41560 0.42183 0.45636 0.40693 0.31109 0.30064 0.36446 0.38367 0.37943 0.39246 0.38127 0.37050 0.31374 0.29625 0.29431
-9999 -9999 -9999 -9999 -9999 -9999 -9999 -9999 -9999 -9999 -9999 -9999 -9999 -9999 -9999 -9999 -9999 0.52244 0.54159 0.50568 0.53912 0.55736 0.58463 0.60910 0.66683 0.63174 0.62670 0.61150 0.59434 0.55503 0.55031 0.55612 0.56496 0.58513 0.55047 0.51429 0.49909 0.50562 0.46964 0.47479 0.48632 0.51983 0.53028 0.55897 0.56532 0.63791 0.63691 0.55822 0.57543 0.60479 0.61048 0.59531 0.57904 0.55927 0.55515 0.53853 0.47890 0.45858 0.46682 0.46315 0.43112 0.37665 0.36070 0.34770 0.29952 0.32859 0.37275 0.33387 0.37189 0.37642 0.34788 0.28808 0.25191
-9999 -9999 -9999 -9999 -9999 -9999 -9999 -9999 -9999 -9999 -9999 -9999 -9999 -9999 -9999 -9999 0.48420 0.48602 0.49212 0.50300 0.56704 0.61513 0.59843 0.65097 0.73398 0.65233 0.66565 0.70596 0.66024 0.59019 0.58473 0.59354 0.59050 0.62303 0.59713 0.56852 0.53173 0.51139 0.48578 0.51483 0.54151 0.54890 0.55355 0.59806 0.61715 0.66042 0.66942 0.57194 0.59037 0.62703 0.62763 0.60961 0.58948 0.58954 0.57047 0.55682 0.53609 0.50045 0.49126 0.44468 0.45077 0.41168 0.36744 0.31740 0.34452 0.35014 0.36017 0.36607 0.38972 0.37903 0.34173 0.29184 0.26638
-9999 -9999 -9999 -9999 -9999 -9999 -9999 -9999 -9999 -9999 -9999 -9999 -9999 0.51822 0.48470 0.49472 0.47655 0.44109 0.48204 0.57785 0.59667 0.57401 0.61709 0.62550 0.62353 0.71272 0.69025 0.70157 0.69247 0.67343 0.66240 0.65144 0.63881 0.64086 0.62054 0.57672 0.56851 0.56714 0.54250 0.54387 0.56138 0.60713 0.63169 0.68375 0.68077 0.66863 0.66472 0.65748 0.64937 0.63002 0.62020 0.60521 0.58358 0.61897 0.60343 0.57005 0.55915 0.54863 0.53260 0.49970 0.48502 0.47790 0.44706 0.42330 0.43474 0.45564 0.43992 0.41716 0.40094 0.37638 0.33131 0.28405 0.26249
-9999 -9999 -9999 -9999 -9999 -9999 -9999 -9999 -9999 -9999 -9999 -9999 0.55347 0.53069 0.51109 0.51419 0.51423 0.51328 0.51081 0.64309 0.59787 0.62709 0.64176 0.64217 0.64352 0.73435 0.72783 0.71988 0.69799 0.69188 0.69356 0.68454 0.67301 0.65922 0.65311 0.61881 0.59626 0.59057 0.56628 0.58494 0.59252 0.64312 0.66783 0.70982 0.70012 0.69367 0.68935 0.68123 0.66612 0.64803 0.63409 0.62352 0.61393 0.62826 0.62721 0.60037 0.58286 0.53984 0.50439 0.48961 0.47833 0.49495 0.47870 0.43187 0.43362 0.45429 0.43414 0.41573 0.39100 0.34789 0.29650 0.28568 0.25535
-9999 -9999 -9999 -9999 -9999 -9999 -9999 -9999 -9999 -9999 -9999 0.46535 0.49470 0.48426 0.53000 0.58164 0.59767 0.59735 0.60248 0.60198 0.61795 0.68130 0.67447 0.67681 0.67118 0.66561 0.66179 0.71045 0.72225 0.72965 0.71047 0.69423 0.69125 0.67798 0.67574 0.61107 0.57258 0.56981 0.59632 0.61831 0.66182 0.67668 0.72428 0.74178 0.73026 0.71324 0.71182 0.70102 0.68706 0.67888 0.66373 0.58560 0.59837 0.59588 0.59128 0.60251 0.60930 0.56663 0.57963 0.58072 0.54701 0.55939 0.52679 0.49775 0.47116 0.45839 0.44048 0.42568 0.37988 0.33244 0.26913 0.23907 0.23687
-9999 -9999 -9999 -9999 -9999 -9999 -9999 -9999 -9999 -9999 0.48166 0.48113 0.54657 0.52112 0.57982 0.62451 0.63807 0.62905 0.61489 0.61686 0.63940 0.69359 0.69058 0.69430 0.68323 0.68272 0.67962 0.74403 0.75275 0.72991 0.73267 0.72328 0.71008 0.69843 0.66823 0.60760 0.58364 0.58585 0.62607 0.65298 0.69908 0.74194 0.78977 0.76772 0.76301 0.75670 0.73215 0.72528 0.70800 0.69203 0.68031 0.59547 0.61766 0.60379 0.60860 0.62260 0.58933 0.57929 0.60931 0.59837 0.57097 0.56696 0.53493 0.50418 0.47921 0.45967 0.44203 0.42250 0.36438 0.30257 0.26335 0.25938 0.23649
-9999 -9999 -9999 -9999 -9999 -9999 -9999 -9999 -9999 0.59694 0.60076 0.58131 0.58068 0.59451 0.61634 0.62815 0.64439 0.65894 0.68094 0.69125 0.69887 0.69136 0.68884 0.71605 0.71411 0.72999 0.74681 0.72907 0.71873 0.72000 0.73826 0.69104 0.67869 0.62005 0.58362 0.57332 0.56589 0.62303 0.65286 0.73647 0.78631 0.83297 0.87062 0.84826 0.84403 0.82474 0.81438 0.74147 0.72326 0.71825 0.69063 0.63640 0.59725 0.53036 0.51696 0.68453 0.68256 0.67377 0.66423 0.62331 0.59451 0.57917 0.55627 0.52490 0.50320 0.46270 0.43872 0.38753 0.33719 0.30344 0.28886 0.27822 0.25908
-9999 -9999 -9999 -9999 -9999 -9999 -9999 -9999 -9999 -9999 0.62828 0.62406 0.62283 0.64942 0.70268 0.67695 0.67264 0.68391 0.68482 0.68058 0.66908 0.69566 0.70585 -9999 -9999 -9999 -9999 -9999 -9999 0.73982 0.74472 0.70844 0.68936 0.63194 0.58347 0.58769 0.58929 0.65897 0.70186 0.77309 0.82472 0.85999 0.88558 0.88068 0.87274 0.84709 0.82208 0.76217 0.73788 0.73872 0.71329 0.66197 0.61459 0.54180 0.52839 0.71270 0.72322 0.69920 0.68484 0.64151 0.61202 0.58330 0.56501 0.52720 0.45461 0.45922 0.41312 0.36394 0.28773 0.28329 0.26316 0.27302 0.25915
-9999 -9999 -9999 -9999 -9999 -9999 -9999 -9999 -9999 -9999 -9999 -9999 0.65011 0.68018 0.68755 0.83030 0.80632 0.80074 0.77974 -9999 -9999 -9999 -9999 -9999 -9999 -9999 -9999 -9999 -9999 -9999 -9999 -9999 -9999 0.68495 0.60551 0.63033 0.64311 0.70633 0.77571 0.82939 0.84943 0.88762 0.88774 0.89935 0.88858 0.88030 0.85799 0.81982 0.80769 0.76218 0.73594 0.62988 0.61137 0.61086 0.61225 0.71592 0.68913 0.69664 0.68671 0.65631 0.63167 0.57902 0.54394 0.53042 0.49622 0.46598 0.40391 0.36361 0.32105 0.32154 0.30005 0.28745 -9999
-9999 -9999 -9999 -9999 -9999 -9999 -9999 -9999 -9999 -9999 -9999 -9999 -9999 -9999 -9999 -9999 -9999 -9999 -9999 -9999 -9999 -9999 -9999 -9999 -9999 -9999 -9999 -9999 -9999 -9999 -9999 -9999 -9999 -9999 0.65915 0.64852 0.73504 0.75463 0.82020 0.86397 0.86961 0.87708 0.88426 0.90110 0.89550 0.88315 0.85611 0.83554 0.80444 0.77468 0.75415 0.64677 0.62786 0.62366 0.61295 0.73245 0.71057 0.65845 0.65472 0.63909 0.61269 0.56784 0.56234 0.53676 0.51490 0.45957 0.40413 0.35885 0.30955 0.32199 0.31917 -9999 -9999
-9999 -9999 -9999 -9999 -9999 -9999 -9999 -9999 -9999 -9999 -9999 -9999 -9999 -9999 -9999 -9999 -9999 -9999 -9999 -9999 -9999 -9999 -9999 -9999 -9999 -9999 -9999 -9999 -9999 -9999 -9999 -9999 -9999 -9999 0.71724 0.71566 0.69782 0.77806 0.87990 0.95843 0.93204 0.92737 0.92073 0.89704 0.89199 0.85859 0.85704 0.84483 0.82012 0.76689 0.74391 0.71254 0.70624 0.60263 0.60166 0.70399 0.71661 0.69496 0.66774 0.63628 0.61813 0.60467 0.56374 0.51818 0.49279 0.43163 0.41321 0.36254 0.31466 0.33148 -9999 -9999 -9999
-9999 -9999 -9999 -9999 -9999 -9999 -9999 -9999 -9999 -9999 -9999 -9999 -9999 -9999 -9999 -9999 -9999 -9999 -9999 -9999 -9999 -9999 -9999 -9999 -9999 -9999 -9999 -9999 -9999 -9999 -9999 -9999 -9999 -9999 -9999 -9999 -9999 -9999 0.92716 0.96261 0.95288 0.93987 0.91364 0.90295 0.88686 0.87861 0.85360 0.84436 0.82992 0.77024 0.76247 0.73576 0.73690 0.62891 0.62116 0.72112 0.71520 0.70245 0.67607 0.65845 0.61545 0.60493 0.54647 0.50439 0.43499 0.42422 0.39653 0.37909 0.38331 -9999 -9999 -9999 -9999
-9999 -9999 -9999 -9999 -9999 -9999 -9999 -9999 -9999 -9999 -9999 -9999 -9999 -9999 -9999 -9999 -9999 -9999 -9999 -9999 -9999 -9999 -9999 -9999 -9999 -9999 -9999 -9999 -9999 -9999 -9999 -9999 -9999 -9999 -9999 -9999 -9999 -9999 -9999 0.99503 0.98417 0.94072 0.91143 0.91595 0.90688 0.86971 0.84706 0.82500 0.80537 0.77555 0.78799 0.70017 0.72566 0.69536 0.72099 0.66865 0.65553 0.59254 0.63475 0.58088 0.58989 0.56259 0.53892 0.47557 0.46120 0.42077 0.43263 0.42149 -9999 -9999 -9999 -9999 -9999
-9999 -9999 -9999 -9999 -9999 -9999 -9999 -9999 -9999 -9999 -9999 -9999 -9999 -9999 -9999 -9999 -9999 -9999 -9999 -9999 -9999 -9999 -9999 -9999 -9999 -9999 -9999 -9999 -9999 -9999 -9999 -9999 -9999 -9999 -9999 -9999 -9999 -9999 -9999 -9999 -9999 -9999 -9999 0.91740 0.89419 0.87078 0.83836 0.81698 0.81298 0.78505 0.76486 0.62799 0.71213 0.76378 0.69376 0.66502 0.64733 0.62557 0.66212 0.60545 0.55155 0.53496 0.53140 0.46517 0.44606 0.44932 0.46442 -9999 -9999 -9999 -9999 -9999 -9999
