data/hydroclimate-scenarios/BCSD_hadcm_A1B/monthly_summaries/vpd_monthly_avg_jul.2030-2059.asc
ncols	311
nrows	91
xllcenter	102.75
yllcenter	31.75
cellsize	0.5
NODATA_value	-9999
[rows 0 to 32 of 91, columns 219 to 291 of 311]
-9999 -9999 -9999 -9999 -9999 -9999 -9999 -9999 -9999 -9999 -9999 -9999 -9999 -9999 -9999 -9999 -9999 -9999 -9999 -9999 -9999 -9999 -9999 -9999 -9999 -9999 -9999 -9999 -9999 -9999 -9999 -9999 -9999 -9999 -9999 -9999 -9999 -9999 -9999 -9999 -9999 -9999 -9999 -9999 -9999 -9999 -9999 -9999 -9999 -9999 -9999 -9999 -9999 -9999 -9999 -9999 -9999 -9999 -9999 -9999 -9999 -9999 -9999 -9999 -9999 -9999 -9999 -9999 -9999 -9999 -9999 -9999 -9999
-9999 -9999 -9999 -9999 -9999 -9999 -9999 -9999 -9999 -9999 -9999 -9999 -9999 -9999 -9999 -9999 -9999 -9999 -9999 -9999 -9999 -9999 -9999 -9999 -9999 -9999 -9999 -9999 -9999 -9999 -9999 -9999 -9999 -9999 -9999 -9999 -9999 -9999 -9999 -9999 -9999 -9999 -9999 -9999 -9999 -9999 -9999 -9999 -9999 -9999 -9999 -9999 -9999 -9999 -9999 -9999 -9999 -9999 -9999 -9999 -9999 -9999 -9999 -9999 -9999 -9999 -9999 -9999 -9999 -9999 -9999 -9999 -9999
-9999 -9999 -9999 -9999 -9999 -9999 -9999 -9999 -9999 -9999 -9999 -9999 -9999 -9999 -9999 -9999 -9999 -9999 -9999 -9999 -9999 -9999 -9999 -9999 -9999 -9999 -9999 -9999 -9999 -9999 -9999 -9999 -9999 -9999 -9999 -9999 -9999 -9999 -9999 -9999 -9999 -9999 -9999 -9999 -9999 -9999 -9999 -9999 -9999 -9999 -9999 -9999 -9999 -9999 -9999 -9999 -9999 -9999 -9999 -9999 -9999 -9999 -9999 -9999 -9999 -9999 -9999 -9999 -9999 -9999 -9999 -9999 -9999
-9999 -9999 -9999 -9999 -9999 -9999 -9999 -9999 -9999 -9999 -9999 -9999 -9999 -9999 -9999 -9999 -9999 -9999 -9999 -9999 -9999 -9999 -9999 -9999 -9999 -9999 -9999 -9999 -9999 -9999 -9999 -9999 -9999 -9999 -9999 -9999 -9999 -9999 -9999 -9999 -9999 -9999 -9999 -9999 -9999 -9999 -9999 -9999 -9999 -9999 -9999 -9999 -9999 -9999 -9999 -9999 -9999 -9999 -9999 -9999 -9999 -9999 -9999 -9999 -9999 -9999 -9999 -9999 -9999 -9999 -9999 -9999 -9999
-9999 -9999 -9999 -9999 -9999 -9999 -9999 -9999 -9999 -9999 -9999 -9999 -9999 -9999 -9999 -9999 -9999 -9999 -9999 -9999 -9999 -9999 -9999 -9999 -9999 -9999 -9999 -9999 -9999 -9999 -9999 -9999 -9999 -9999 -9999 -9999 -9999 -9999 -9999 -9999 -9999 -9999 -9999 -9999 -9999 -9999 -9999 -9999 -9999 -9999 -9999 -9999 -9999 -9999 -9999 -9999 -9999 -9999 -9999 -9999 -9999 -9999 -9999 -9999 -9999 -9999 -9999 -9999 -9999 -9999 -9999 -9999 -9999
-9999 -9999 -9999 -9999 -9999 -9999 -9999 -9999 -9999 -9999 -9999 -9999 -9999 -9999 -9999 -9999 -9999 -9999 -9999 -9999 -9999 -9999 -9999 -9999 -9999 -9999 -9999 -9999 -9999 -9999 -9999 -9999 -9999 -9999 -9999 -9999 -9999 -9999 -9999 -9999 -9999 -9999 -9999 -9999 -9999 -9999 -9999 -9999 -9999 -9999 -9999 -9999 -9999 -9999 -9999 -9999 -9999 -9999 -9999 -9999 -9999 -9999 -9999 -9999 -9999 -9999 -9999 -9999 -9999 -9999 -9999 -9999 -9999
-9999 -9999 -9999 -9999 -9999 -9999 -9999 -9999 -9999 -9999 -9999 -9999 -9999 -9999 -9999 -9999 -9999 -9999 -9999 -9999 -9999 -9999 -9999 -9999 -9999 -9999 -9999 -9999 -9999 -9999 -9999 -9999 -9999 -9999 -9999 -9999 -9999 -9999 -9999 -9999 -9999 -9999 -9999 -9999 -9999 -9999 -9999 -9999 -9999 -9999 -9999 -9999 -9999 -9999 -9999 -9999 -9999 -9999 -9999 -9999 -9999 -9999 -9999 -9999 -9999 -9999 -9999 -9999 -9999 -9999 -9999 -9999 -9999
-9999 -9999 -9999 -9999 -9999 -9999 -9999 -9999 -9999 -9999 -9999 -9999 -9999 -9999 -9999 -9999 -9999 -9999 -9999 -9999 -9999 -9999 -9999 -9999 -9999 -9999 -9999 -9999 -9999 -9999 -9999 -9999 -9999 -9999 -9999 -9999 -9999 -9999 -9999 -9999 -9999 -9999 -9999 -9999 -9999 -9999 -9999 -9999 -9999 -9999 -9999 -9999 -9999 -9999 -9999 -9999 -9999 -9999 -9999 -9999 -9999 -9999 -9999 -9999 -9999 -9999 -9999 -9999 -9999 -9999 -9999 -9999 -9999
-9999 -9999 -9999 -9999 -9999 -9999 -9999 -9999 -9999 -9999 -9999 -9999 -9999 -9999 -9999 -9999 -9999 -9999 -9999 -9999 -9999 -9999 -9999 -9999 -9999 -9999 -9999 -9999 -9999 -9999 -9999 -9999 -9999 -9999 -9999 -9999 -9999 -9999 -9999 -9999 -9999 -9999 -9999 -9999 -9999 -9999 -9999 -9999 -9999 -9999 -9999 -9999 -9999 -9999 -9999 -9999 -9999 -9999 -9999 -9999 -9999 -9999 -9999 -9999 -9999 -9999 -9999 -9999 -9999 -9999 -9999 -9999 -9999
-9999 -9999 -9999 -9999 -9999 -9999 -9999 -9999 -9999 -9999 -9999 -9999 -9999 -9999 -9999 -9999 -9999 -9999 -9999 -9999 -9999 -9999 -9999 -9999 -9999 -9999 -9999 -9999 -9999 -9999 -9999 -9999 -9999 -9999 -9999 -9999 -9999 -9999 -9999 -9999 -9999 -9999 -9999 -9999 -9999 -9999 -9999 -9999 -9999 -9999 -9999 -9999 -9999 -9999 -9999 -9999 -9999 -9999 -9999 -9999 -9999 -9999 -9999 -9999 -9999 -9999 -9999 -9999 -9999 -9999 -9999 -9999 -9999
-9999 -9999 -9999 -9999 -9999 -9999 -9999 -9999 -9999 -9999 -9999 -9999 -9999 -9999 -9999 -9999 -9999 -9999 -9999 -9999 -9999 -9999 -9999 -9999 -9999 -9999 -9999 -9999 -9999 -9999 -9999 -9999 -9999 -9999 -9999 -9999 -9999 -9999 -9999 -9999 -9999 -9999 -9999 -9999 -9999 -9999 -9999 -9999 -9999 -9999 -9999 -9999 -9999 -9999 -9999 -9999 -9999 -9999 -9999 -9999 -9999 -9999 -9999 -9999 -9999 -9999 -9999 -9999 -9999 -9999 -9999 -9999 -9999
-9999 -9999 -9999 -9999 -9999 -9999 -9999 -9999 -9999 -9999 -9999 -9999 -9999 -9999 -9999 -9999 -9999 -9999 -9999 -9999 -9999 -9999 -9999 -9999 -9999 -9999 -9999 -9999 -9999 -9999 -9999 -9999 -9999 -9999 -9999 -9999 -9999 -9999 -9999 -9999 -9999 -9999 -9999 -9999 -9999 -9999 -9999 -9999 -9999 -9999 -9999 -9999 -9999 -9999 -9999 -9999 -9999 -9999 -9999 -9999 -9999 -9999 -9999 -9999 -9999 -9999 -9999 -9999 -9999 -9999 -9999 -9999 -9999
-9999 -9999 -9999 -9999 -9999 -9999 -9999 -9999 -9999 -9999 -9999 -9999 -9999 -9999 -9999 -9999 -9999 -9999 -9999 -9999 -9999 -9999 -9999 -9999 -9999 -9999 -9999 -9999 -9999 -9999 -9999 -9999 -9999 -9999 -9999 -9999 -9999 -9999 -9999 -9999 -9999 -9999 -9999 -9999 -9999 -9999 -9999 -9999 -9999 -9999 -9999 -9999 -9999 -9999 -9999 -9999 -9999 -9999 -9999 -9999 -9999 -9999 -9999 -9999 -9999 -9999 -9999 -9999 -9999 -9999 -9999 -9999 -9999
-9999 -9999 -9999 -9999 -9999 -9999 -9999 -9999 -9999 -9999 -9999 -9999 -9999 -9999 -9999 -9999 -9999 -9999 -9999 -9999 -9999 -9999 -9999 -9999 -9999 -9999 -9999 -9999 -9999 -9999 -9999 -9999 -9999 -9999 -9999 -9999 -9999 -9999 -9999 -9999 -9999 0.74152 -9999 -9999 -9999 -9999 -9999 -9999 -9999 -9999 -9999 -9999 -9999 -9999 -9999 -9999 -9999 -9999 -9999 -9999 -9999 -9999 -9999 -9999 -9999 -9999 -9999 -9999 -9999 -9999 -9999 -9999 -9999
0.87876 0.86584 0.84930 0.81455 0.75149 0.67978 0.66033 0.64416 0.65924 0.65970 0.65225 0.68351 0.77688 -9999 -9999 -9999 -9999 -9999 -9999 -9999 -9999 -9999 -9999 -9999 -9999 -9999 -9999 -9999 -9999 -9999 -9999 -9999 -9999 -9999 -9999 -9999 0.75272 0.79212 0.74491 0.64515 0.57823 0.60102 0.72872 -9999 -9999 -9999 0.63025 -9999 -9999 -9999 0.61757 0.61407 0.60447 -9999 -9999 -9999 -9999 -9999 -9999 -9999 -9999 -9999 -9999 -9999 -9999 -9999 -9999 -9999 -9999 -9999 -9999 -9999 -9999
0.95289 0.85046 0.77728 0.74114 0.72611 0.61992 0.62744 0.56945 0.54122 0.57846 0.58541 0.59275 0.61184 0.62050 0.64251 0.62689 0.67401 0.71705 0.76980 -9999 -9999 -9999 -9999 -9999 0.88692 0.91127 0.93545 0.94934 0.96834 0.98178 0.99368 0.98982 0.96922 0.97071 0.96249 0.94735 0.69428 0.69053 0.63745 0.64450 0.55171 0.53909 0.69931 0.66560 0.65886 0.63951 0.63395 0.63390 0.62120 0.61439 0.57731 0.54689 0.50257 0.51687 0.55720 0.59206 0.59122 0.62861 -9999 -9999 -9999 -9999 -9999 -9999 -9999 -9999 -9999 -9999 -9999 -9999 -9999 -9999 -9999
0.70151 0.59233 0.57414 0.59019 0.58412 0.55292 0.53935 0.49217 0.56813 0.57053 0.64337 0.69010 0.66877 0.69541 0.69034 0.66372 0.69403 0.66013 0.70454 0.72858 0.76947 0.79877 0.82147 0.85032 0.90951 0.94498 0.92157 0.92804 0.94169 0.95736 0.98108 0.95406 0.95954 0.93458 0.93904 0.92578 0.89790 0.87419 0.84405 0.84120 0.75976 0.73921 0.70454 0.68943 0.65171 0.63430 0.62341 0.62020 0.61265 0.61657 0.61028 0.61445 0.64828 0.64711 0.63834 0.63718 0.59698 0.54648 0.56230 0.57573 0.61247 0.60932 0.60748 0.62034 0.65424 0.65880 -9999 -9999 -9999 -9999 -9999 -9999 -9999
0.64222 0.68508 0.69228 0.75836 0.81747 0.83268 0.71686 0.74322 0.85573 0.89896 0.85709 0.92187 0.84812 0.81886 0.79886 0.77199 0.80386 0.79429 0.75178 0.74416 0.71215 0.71962 0.72185 0.74952 0.83393 0.95541 0.96227 0.98745 1.00177 0.99210 0.99082 0.96957 0.96509 0.95537 0.94229 0.94340 0.93487 0.93136 0.92340 0.89035 0.79642 0.76854 0.74331 0.72928 0.69445 0.67574 0.66690 0.66353 0.65453 0.65452 0.64088 0.64820 0.67399 0.68385 0.67219 0.67244 0.59119 0.58300 0.61093 0.62664 0.62818 0.60738 0.61349 0.60970 0.64843 0.67653 -9999 0.72243 -9999 -9999 -9999 -9999 -9999
0.86323 0.84832 0.92072 1.03104 0.98566 0.95730 0.97214 1.06063 1.01412 1.01658 1.06043 1.09225 0.94154 0.89334 0.86813 0.83453 0.86891 0.87146 0.86094 0.82207 0.79849 0.71775 0.70087 0.70738 0.85496 1.02032 1.06037 1.07844 1.05187 1.05262 1.01597 1.00293 1.04707 1.02365 1.03062 1.00466 1.00466 0.99445 0.96953 0.93833 0.84393 0.82511 0.80361 0.77845 0.75235 0.72709 0.72290 0.71913 0.70325 0.69432 0.69887 0.69053 0.69234 0.69804 0.69716 0.67914 0.63030 0.64773 0.65886 0.64689 0.65427 0.65299 0.65124 0.65865 0.67487 0.69033 0.71646 -9999 -9999 -9999 -9999 -9999 -9999
0.99960 1.04614 1.13374 1.18595 1.21943 1.25123 1.21844 1.24232 1.16944 1.12289 1.14933 1.13876 1.05767 0.99132 0.92555 0.87937 0.83975 0.83804 0.82354 0.85074 0.89388 0.90202 0.87378 0.76687 0.91736 1.02391 1.11301 1.13209 1.10423 1.10730 1.09057 1.09488 1.09534 1.06239 1.08189 1.08191 1.01782 1.01997 1.03449 1.01319 0.93430 0.87675 0.85755 0.82692 0.80323 0.77543 0.78530 0.76498 0.75788 0.75189 0.74695 0.73945 0.72107 0.72960 0.72789 0.72669 0.71543 0.71095 0.70100 0.70442 0.71358 0.71393 0.70326 0.69491 0.71659 0.72244 0.74102 0.74678 -9999 -9999 -9999 -9999 -9999
1.18552 1.22058 1.37993 1.43263 1.44396 1.44946 1.41084 1.34221 1.26842 1.12436 1.09428 1.07878 1.04407 0.95487 0.88657 0.82065 0.82558 0.81045 0.81909 0.87387 0.91431 0.93494 0.91055 0.85463 0.86249 1.02240 1.10128 1.13878 1.13927 1.14383 1.13931 1.13798 1.12709 1.10696 1.12172 1.13863 1.10619 1.09500 1.10249 1.08596 1.01844 0.95823 0.92712 0.86609 0.83227 0.82770 0.82727 0.80741 0.79765 0.80849 0.80261 0.80018 0.84606 0.85466 0.80274 0.79544 0.80104 0.77795 0.77876 0.77685 0.76908 0.72357 0.72437 0.72604 0.72059 0.72288 0.70564 0.70535 0.69373 0.68461 0.69932 0.70470 -9999
1.31452 1.28358 1.30742 1.32701 1.36179 1.40219 1.40673 1.36720 1.26345 1.21137 1.17559 1.16583 1.07620 0.99370 0.86243 0.81458 0.77771 0.79757 0.83640 0.91115 0.94430 0.95057 0.93500 0.91280 0.85292 0.96407 1.05532 1.14276 1.16960 1.17018 1.18147 1.16395 1.17415 1.16478 1.17223 1.16880 1.16850 1.19153 1.21716 1.14116 1.07812 1.01310 0.98543 0.92775 0.89238 0.88053 0.89867 0.89485 0.89056 0.92923 0.91221 0.89130 0.88476 0.87667 0.87133 0.85008 0.82153 0.80438 0.80707 0.82784 0.85345 0.78770 0.79233 0.79236 0.79352 0.78742 0.78080 0.77622 0.75369 0.73631 0.74031 0.74869 0.75192
0.84553 0.78886 0.83825 0.89647 0.96642 1.00852 1.09397 1.29440 1.17010 1.12559 1.02775 1.08976 1.01588 0.97175 0.86923 0.83602 0.80464 0.81897 0.79763 0.88587 0.90283 0.90685 0.95239 0.98779 0.99991 1.07769 1.07821 1.04516 1.05192 1.08658 1.05641 1.02173 1.06171 1.06833 1.05219 1.11559 1.18264 1.20051 1.18832 1.13754 1.10076 0.98757 0.97477 0.91798 0.91363 0.89700 0.91522 0.91717 0.90968 0.89378 0.89255 0.87721 0.89381 0.89812 0.86879 0.87510 0.90890 0.91498 0.92326 0.91694 0.85792 0.86160 0.86651 0.86162 0.85864 0.85615 0.84147 0.83300 0.81485 0.81256 0.79158 0.76110 0.76196
0.88101 0.87097 0.83266 0.80438 0.80393 0.80020 0.78374 0.85606 0.90221 0.98999 1.07097 1.12373 1.00155 0.95576 0.88812 0.84548 0.83520 0.84819 0.83088 0.84175 0.87087 0.86734 0.87836 0.89190 0.94002 1.01270 0.98666 0.95831 0.90502 0.86982 0.83281 0.85288 0.88601 0.88674 0.82093 0.84107 0.92460 0.95559 0.98338 0.97637 1.06844 1.07882 1.03773 0.96998 0.97770 1.00443 0.97002 0.96323 0.97342 0.94024 0.93070 0.95149 0.92972 0.90752 0.89899 0.95530 0.93289 0.90362 0.91642 0.92645 0.92377 0.93093 0.94217 0.95220 0.94081 0.93015 0.90705 0.89068 0.87309 0.85697 0.83408 0.81559 0.79956
1.11352 1.05965 0.91594 0.86994 0.83228 0.81530 0.73811 0.71306 0.67732 0.73576 0.74840 0.90185 0.93122 0.93026 0.93833 0.82954 0.81291 0.78900 0.80338 0.83759 0.80933 0.84626 0.81768 0.81427 0.80288 0.80161 0.82053 0.80078 0.76484 0.75625 0.74455 0.70886 0.73720 0.74286 0.70249 0.69339 0.72694 0.72083 0.72261 0.72742 0.75415 0.78971 0.93534 1.00155 0.97766 0.99575 1.01646 0.95162 0.94728 0.97277 0.96418 0.95853 1.00508 1.00397 0.95868 0.91116 0.88805 0.89732 0.99634 1.06208 1.05900 1.05461 1.05274 1.04974 1.00536 0.98437 0.96942 0.94634 0.91103 0.89557 0.86825 0.85652 0.85067
0.90174 0.88920 0.89120 0.91135 0.89379 0.87047 0.83443 0.77750 0.73137 0.84296 0.90963 0.92525 0.92519 0.89864 0.88564 0.90205 0.84722 0.88014 0.85264 0.85227 0.84156 0.83983 0.83778 0.87818 0.88735 0.90603 0.87038 0.87722 0.81800 0.79968 0.81458 0.75952 0.76775 0.75665 0.71790 0.71557 0.76932 0.74051 0.73353 0.71236 0.72936 0.78819 0.84286 0.89830 0.92142 0.96542 1.01634 0.93125 0.86971 0.95157 0.97217 0.96728 1.00271 1.00731 0.98951 0.94921 0.94969 0.97074 1.01011 1.00160 1.06971 1.11655 1.12052 1.12138 1.07611 1.04182 1.02010 0.99409 0.95046 0.93116 0.90486 0.89500 0.88388
0.49323 0.46863 0.50262 0.59088 0.68920 0.63903 0.80382 0.95558 1.00990 0.96910 0.97887 0.94922 0.90563 0.86019 0.87464 0.83905 0.88396 0.91144 0.94293 0.97824 1.01526 0.97378 0.97173 1.01746 1.04532 1.00462 1.01383 1.00739 1.02193 1.01772 0.87093 0.85363 0.82312 0.79114 0.76921 0.76243 0.74886 0.72737 0.69713 0.73405 0.74199 0.70251 0.75703 0.80315 0.83666 0.89290 0.95270 0.98929 1.00629 0.94857 0.96799 0.98401 0.98455 0.99607 1.03520 0.99989 1.01314 1.00336 1.02883 1.09191 1.09896 1.13766 1.17510 1.21571 1.15853 1.11111 1.06324 1.04240 1.01825 0.96369 0.93486 0.90192 0.90520
0.62916 0.60147 0.55965 0.54870 0.60764 0.48634 0.49929 0.53278 0.61910 0.82270 0.96822 0.94552 0.90122 0.85945 0.84504 0.83094 0.85329 0.90426 0.94422 1.00355 1.01798 1.03515 1.03101 1.05510 1.01953 1.01838 1.01232 1.05137 0.94743 0.92845 0.93038 0.90611 0.84232 0.80179 0.79890 0.77373 0.73694 0.74779 0.70902 0.67115 0.63579 0.65050 0.73874 0.77068 0.77762 0.79670 0.85945 0.90730 1.02915 0.95854 0.94997 0.97670 1.00574 1.00724 1.03059 1.02384 1.07064 1.09972 1.10941 1.11986 1.13893 1.16124 1.20128 1.24776 1.23629 1.17592 1.12051 1.09595 1.06400 1.01751 0.97619 0.92933 0.92472
0.55669 0.66145 0.69534 0.71592 0.77384 0.78648 0.78352 0.67934 0.70750 0.63387 0.73460 0.98331 0.85879 0.86339 0.85397 0.78610 0.78339 0.84296 0.87987 0.88681 1.01378 1.04734 1.04962 1.09339 1.15057 1.11684 1.09691 1.02264 0.95533 0.97151 0.95344 0.89022 0.87418 0.88406 0.78426 0.76007 0.71335 0.70443 0.65834 0.63166 0.61058 0.58153 0.63084 0.60888 0.67124 0.67183 0.80222 0.89248 0.93955 1.02149 0.98599 0.98331 1.04591 1.06914 1.06118 1.08539 1.10102 1.10809 1.13126 1.14542 1.14321 1.15823 1.18640 1.24549 1.24055 1.20852 1.18498 1.16739 1.10644 1.06739 1.03008 0.99900 0.98116
0.50743 0.60537 0.73622 0.79687 0.91073 0.96185 0.70005 0.43666 0.47575 0.50046 0.52748 0.58108 0.61986 0.64170 0.74695 0.77574 0.82249 0.84091 0.86121 0.87560 0.90197 0.94288 1.00817 1.08740 1.13065 1.11747 1.13423 1.02597 0.98567 0.94730 0.98750 0.92085 0.92223 0.92443 0.85463 0.79158 0.76440 0.63546 0.66409 0.60839 0.63019 0.63438 0.60015 0.60084 0.62618 0.66780 0.73638 0.78921 0.85550 0.99825 0.99466 1.00117 1.06251 1.07992 1.01026 0.93669 0.93403 0.96653 1.01563 1.09786 1.18339 1.20465 1.19105 1.20165 1.17794 1.17280 1.08590 1.07553 1.15564 1.14196 1.10841 1.08164 1.07201
0.53209 0.52744 0.57162 0.66916 0.77000 0.88220 0.79405 0.63626 0.41085 0.34578 0.39377 0.45097 0.49069 0.53811 0.57781 0.60968 0.71426 0.72965 0.74667 0.78713 0.88421 0.93652 0.90229 0.96016 0.98454 1.03239 1.09669 1.01275 0.99996 0.93157 0.89349 0.90711 0.91609 0.91259 0.84102 0.78707 0.79355 0.71655 0.68835 0.68643 0.64412 0.65493 0.68261 0.71509 0.69043 0.67831 0.67185 0.70861 0.71400 0.83102 0.92886 0.93679 1.05219 1.09958 1.13015 1.11033 1.06804 1.09404 1.15974 1.21976 1.22951 1.22424 1.19295 1.17325 1.15013 1.14547 1.11832 1.11583 1.07826 1.05840 1.14292 1.11700 1.07100
-9999 0.34746 0.41366 0.46813 0.49534 0.64895 0.68440 0.71389 0.70044 0.69338 0.77954 0.57748 0.36310 0.32190 0.32668 0.33273 0.52710 0.65355 0.72345 0.78686 0.82893 0.84749 0.88738 0.89535 0.92427 1.01629 0.97272 0.98087 0.94548 0.93817 0.93876 0.86078 0.81345 0.80848 0.82783 0.77365 0.79126 0.81835 0.70416 0.70179 0.67502 0.70113 0.70793 0.71673 0.73094 0.70464 0.66164 0.68930 0.72327 0.82514 0.92293 0.96760 1.02786 1.04224 1.07877 1.11219 1.13080 1.16277 1.21208 1.22062 1.24218 1.23657 1.19504 1.14607 1.11756 1.11805 1.13570 1.11061 1.08345 1.14431 1.13051 1.10066 1.07849
-9999 -9999 -9999 0.50405 0.43945 0.40681 0.52419 0.49350 0.40171 0.40389 0.48799 0.44140 0.39009 0.34830 0.29122 0.29041 0.33879 0.41487 0.49684 0.64259 0.75249 0.85725 0.86363 0.80648 0.79378 0.85545 0.91338 0.97640 0.94651 0.94036 0.94865 0.96134 0.94173 0.89176 0.82854 0.84511 0.88668 0.88027 0.83661 0.83965 0.78736 0.77434 0.75461 0.77753 0.74537 0.74095 0.67489 0.70028 0.82907 0.92314 0.88517 0.86850 0.90020 0.95117 0.98503 0.99891 1.03821 1.08265 1.11253 1.12326 1.17524 1.16989 1.13407 1.10618 1.04725 1.07836 1.09504 1.12251 1.13169 1.11924 1.10146 1.09044 1.08586
