data/hydroclimate-scenarios/BCSD_hadcm_A1B/monthly_summaries/vpd_monthly_avg_oct.2030-2059.asc
ncols	311
nrows	91
xllcenter	102.75
yllcenter	31.75
cellsize	0.5
NODATA_value	-9999
[rows 0 to 32 of 91, columns 219 to 291 of 311]
-9999 -9999 -9999 -9999 -9999 -9999 -9999 -9999 -9999 -9999 -9999 -9999 -9999 -9999 -9999 -9999 -9999 -9999 -9999 -9999 -9999 -9999 -9999 -9999 -9999 -9999 -9999 -9999 -9999 -9999 -9999 -9999 -9999 -9999 -9999 -9999 -9999 -9999 -9999 -9999 -9999 -9999 -9999 -9999 -9999 -9999 -9999 -9999 -9999 -9999 -9999 -9999 -9999 -9999 -9999 -9999 -9999 -9999 -9999 -9999 -9999 -9999 -9999 -9999 -9999 -9999 -9999 -9999 -9999 -9999 -9999 -9999 -9999
-9999 -9999 -9999 -9999 -9999 -9999 -9999 -9999 -9999 -9999 -9999 -9999 -9999 -9999 -9999 -9999 -9999 -9999 -9999 -9999 -9999 -9999 -9999 -9999 -9999 -9999 -9999 -9999 -9999 -9999 -9999 -9999 -9999 -9999 -9999 -9999 -9999 -9999 -9999 -9999 -9999 -9999 -9999 -9999 -9999 -9999 -9999 -9999 -9999 -9999 -9999 -9999 -9999 -9999 -9999 -9999 -9999 -9999 -9999 -9999 -9999 -9999 -9999 -9999 -9999 -9999 -9999 -9999 -9999 -9999 -9999 -9999 -9999
-9999 -9999 -9999 -9999 -9999 -9999 -9999 -9999 -9999 -9999 -9999 -9999 -9999 -9999 -9999 -9999 -9999 -9999 -9999 -9999 -9999 -9999 -9999 -9999 -9999 -9999 -9999 -9999 -9999 -9999 -9999 -9999 -9999 -9999 -9999 -9999 -9999 -9999 -9999 -9999 -9999 -9999 -9999 -9999 -9999 -9999 -9999 -9999 -9999 -9999 -9999 -9999 -9999 -9999 -9999 -9999 -9999 -9999 -9999 -9999 -9999 -9999 -9999 -9999 -9999 -9999 -9999 -9999 -9999 -9999 -9999 -9999 -9999
-9999 -9999 -9999 -9999 -9999 -9999 -9999 -9999 -9999 -9999 -9999 -9999 -9999 -9999 -9999 -9999 -9999 -9999 -9999 -9999 -9999 -9999 -9999 -9999 -9999 -9999 -9999 -9999 -9999 -9999 -9999 -9999 -9999 -9999 -9999 -9999 -9999 -9999 -9999 -9999 -9999 -9999 -9999 -9999 -9999 -9999 -9999 -9999 -9999 -9999 -9999 -9999 -9999 -9999 -9999 -9999 -9999 -9999 -9999 -9999 -9999 -9999 -9999 -9999 -9999 -9999 -9999 -9999 -9999 -9999 -9999 -9999 -9999
-9999 -9999 -9999 -9999 -9999 -9999 -9999 -9999 -9999 -9999 -9999 -9999 -9999 -9999 -9999 -9999 -9999 -9999 -9999 -9999 -9999 -9999 -9999 -9999 -9999 -9999 -9999 -9999 -9999 -9999 -9999 -9999 -9999 -9999 -9999 -9999 -9999 -9999 -9999 -9999 -9999 -9999 -9999 -9999 -9999 -9999 -9999 -9999 -9999 -9999 -9999 -9999 -9999 -9999 -9999 -9999 -9999 -9999 -9999 -9999 -9999 -9999 -9999 -9999 -9999 -9999 -9999 -9999 -9999 -9999 -9999 -9999 -9999
-9999 -9999 -9999 -9999 -9999 -9999 -9999 -9999 -9999 -9999 -9999 -9999 -9999 -9999 -9999 -9999 -9999 -9999 -9999 -9999 -9999 -9999 -9999 -9999 -9999 -9999 -9999 -9999 -9999 -9999 -9999 -9999 -9999 -9999 -9999 -9999 -9999 -9999 -9999 -9999 -9999 -9999 -9999 -9999 -9999 -9999 -9999 -9999 -9999 -9999 -9999 -9999 -9999 -9999 -9999 -9999 -9999 -9999 -9999 -9999 -9999 -9999 -9999 -9999 -9999 -9999 -9999 -9999 -9999 -9999 -9999 -9999 -9999
-9999 -9999 -9999 -9999 -9999 -9999 -9999 -9999 -9999 -9999 -9999 -9999 -9999 -9999 -9999 -9999 -9999 -9999 -9999 -9999 -9999 -9999 -9999 -9999 -9999 -9999 -9999 -9999 -9999 -9999 -9999 -9999 -9999 -9999 -9999 -9999 -9999 -9999 -9999 -9999 -9999 -9999 -9999 -9999 -9999 -9999 -9999 -9999 -9999 -9999 -9999 -9999 -9999 -9999 -9999 -9999 -9999 -9999 -9999 -9999 -9999 -9999 -9999 -9999 -9999 -9999 -9999 -9999 -9999 -9999 -9999 -9999 -9999
-9999 -9999 -9999 -9999 -9999 -9999 -9999 -9999 -9999 -9999 -9999 -9999 -9999 -9999 -9999 -9999 -9999 -9999 -9999 -9999 -9999 -9999 -9999 -9999 -9999 -9999 -9999 -9999 -9999 -9999 -9999 -9999 -9999 -9999 -9999 -9999 -9999 -9999 -9999 -9999 -9999 -9999 -9999 -9999 -9999 -9999 -9999 -9999 -9999 -9999 -9999 -9999 -9999 -9999 -9999 -9999 -9999 -9999 -9999 -9999 -9999 -9999 -9999 -9999 -9999 -9999 -9999 -9999 -9999 -9999 -9999 -9999 -9999
-9999 -9999 -9999 -9999 -9999 -9999 -9999 -9999 -9999 -9999 -9999 -9999 -9999 -9999 -9999 -9999 -9999 -9999 -9999 -9999 -9999 -9999 -9999 -9999 -9999 -9999 -9999 -9999 -9999 -9999 -9999 -9999 -9999 -9999 -9999 -9999 -9999 -9999 -9999 -9999 -9999 -9999 -9999 -9999 -9999 -9999 -9999 -9999 -9999 -9999 -9999 -9999 -9999 -9999 -9999 -9999 -9999 -9999 -9999 -9999 -9999 -9999 -9999 -9999 -9999 -9999 -9999 -9999 -9999 -9999 -9999 -9999 -9999
-9999 -9999 -9999 -9999 -9999 -9999 -9999 -9999 -9999 -9999 -9999 -9999 -9999 -9999 -9999 -9999 -9999 -9999 -9999 -9999 -9999 -9999 -9999 -9999 -9999 -9999 -9999 -9999 -9999 -9999 -9999 -9999 -9999 -9999 -9999 -9999 -9999 -9999 -9999 -9999 -9999 -9999 -9999 -9999 -9999 -9999 -9999 -9999 -9999 -9999 -9999 -9999 -9999 -9999 -9999 -9999 -9999 -9999 -9999 -9999 -9999 -9999 -9999 -9999 -9999 -9999 -9999 -9999 -9999 -9999 -9999 -9999 -9999
-9999 -9999 -9999 -9999 -9999 -9999 -9999 -9999 -9999 -9999 -9999 -9999 -9999 -9999 -9999 -9999 -9999 -9999 -9999 -9999 -9999 -9999 -9999 -9999 -9999 -9999 -9999 -9999 -9999 -9999 -9999 -9999 -9999 -9999 -9999 -9999 -9999 -9999 -9999 -9999 -9999 -9999 -9999 -9999 -9999 -9999 -9999 -9999 -9999 -9999 -9999 -9999 -9999 -9999 -9999 -9999 -9999 -9999 -9999 -9999 -9999 -9999 -9999 -9999 -9999 -9999 -9999 -9999 -9999 -9999 -9999 -9999 -9999
-9999 -9999 -9999 -9999 -9999 -9999 -9999 -9999 -9999 -9999 -9999 -9999 -9999 -9999 -9999 -9999 -9999 -9999 -9999 -9999 -9999 -9999 -9999 -9999 -9999 -9999 -9999 -9999 -9999 -9999 -9999 -9999 -9999 -9999 -9999 -9999 -9999 -9999 -9999 -9999 -9999 -9999 -9999 -9999 -9999 -9999 -9999 -9999 -9999 -9999 -9999 -9999 -9999 -9999 -9999 -9999 -9999 -9999 -9999 -9999 -9999 -9999 -9999 -9999 -9999 -9999 -9999 -9999 -9999 -9999 -9999 -9999 -9999
-9999 -9999 -9999 -9999 -9999 -9999 -9999 -9999 -9999 -9999 -9999 -9999 -9999 -9999 -9999 -9999 -9999 -9999 -9999 -9999 -9999 -9999 -9999 -9999 -9999 -9999 -9999 -9999 -9999 -9999 -9999 -9999 -9999 -9999 -9999 -9999 -9999 -9999 -9999 -9999 -9999 -9999 -9999 -9999 -9999 -9999 -9999 -9999 -9999 -9999 -9999 -9999 -9999 -9999 -9999 -9999 -9999 -9999 -9999 -9999 -9999 -9999 -9999 -9999 -9999 -9999 -9999 -9999 -9999 -9999 -9999 -9999 -9999
-9999 -9999 -9999 -9999 -9999 -9999 -9999 -9999 -9999 -9999 -9999 -9999 -9999 -9999 -9999 -9999 -9999 -9999 -9999 -9999 -9999 -9999 -9999 -9999 -9999 -9999 -9999 -9999 -9999 -9999 -9999 -9999 -9999 -9999 -9999 -9999 -9999 -9999 -9999 -9999 -9999 0.08723 -9999 -9999 -9999 -9999 -9999 -9999 -9999 -9999 -9999 -9999 -9999 -9999 -9999 -9999 -9999 -9999 -9999 -9999 -9999 -9999 -9999 -9999 -9999 -9999 -9999 -9999 -9999 -9999 -9999 -9999 -9999
0.09328 0.09198 0.08892 0.08693 0.08363 0.08244 0.08406 0.08898 0.09022 0.09031 0.09198 0.09439 0.09680 -9999 -9999 -9999 -9999 -9999 -9999 -9999 -9999 -9999 -9999 -9999 -9999 -9999 -9999 -9999 -9999 -9999 -9999 -9999 -9999 -9999 -9999 -9999 0.08045 0.08399 0.08135 0.07314 0.07233 0.08001 0.09164 -9999 -9999 -9999 0.09505 -9999 -9999 -9999 0.10375 0.10354 0.10225 -9999 -9999 -9999 -9999 -9999 -9999 -9999 -9999 -9999 -9999 -9999 -9999 -9999 -9999 -9999 -9999 -9999 -9999 -9999 -9999
0.08226 0.07843 0.07482 0.07414 0.07257 0.06608 0.06748 0.06392 0.06275 0.06853 0.07271 0.07429 0.07863 0.08092 0.08486 0.08305 0.08703 0.09029 0.09788 -9999 -9999 -9999 -9999 -9999 0.09333 0.09496 0.09627 0.09565 0.09694 0.09726 0.09648 0.09874 0.09876 0.09973 0.09765 0.09817 0.07769 0.07824 0.07509 0.07702 0.07339 0.07445 0.09199 0.09407 0.09479 0.09460 0.09627 0.09683 0.10050 0.09985 0.09856 0.09615 0.09287 0.09363 0.09890 0.10290 0.10165 0.10607 -9999 -9999 -9999 -9999 -9999 -9999 -9999 -9999 -9999 -9999 -9999 -9999 -9999 -9999 -9999
0.07028 0.06744 0.06636 0.06708 0.06674 0.06558 0.06580 0.06227 0.06851 0.06834 0.07436 0.07981 0.08510 0.09066 0.08799 0.08584 0.09144 0.08647 0.09457 0.09263 0.09457 0.09464 0.09680 0.09813 0.09933 0.10089 0.10167 0.10163 0.10420 0.10523 0.10520 0.10359 0.10283 0.10330 0.10147 0.10058 0.09843 0.09896 0.09988 0.10073 0.09380 0.09458 0.09495 0.09506 0.09364 0.09464 0.09396 0.09833 0.09999 0.10052 0.10176 0.10198 0.10152 0.10509 0.10502 0.10461 0.10329 0.09790 0.10113 0.10322 0.10840 0.11027 0.11010 0.10968 0.10861 0.10939 -9999 -9999 -9999 -9999 -9999 -9999 -9999
0.07116 0.07233 0.07303 0.07553 0.07958 0.08046 0.07855 0.08345 0.08878 0.09314 0.09122 0.09747 0.10185 0.10333 0.10265 0.10246 0.10534 0.10461 0.10126 0.09743 0.09468 0.09198 0.09184 0.09295 0.09875 0.10563 0.10707 0.11038 0.11418 0.11402 0.11275 0.11116 0.11016 0.10934 0.10809 0.10827 0.10857 0.10723 0.10682 0.10664 0.10259 0.09992 0.10292 0.10005 0.09848 0.09802 0.09901 0.09823 0.10087 0.10060 0.10322 0.10290 0.10241 0.10542 0.10702 0.10589 0.10299 0.10101 0.10629 0.10669 0.10964 0.11045 0.11104 0.10875 0.10965 0.11459 -9999 0.11206 -9999 -9999 -9999 -9999 -9999
0.09081 0.08897 0.09013 0.09375 0.08919 0.09021 0.09798 0.10535 0.10341 0.10386 0.11188 0.11556 0.10480 0.10642 0.10926 0.10962 0.11329 0.11158 0.11277 0.10690 0.10350 0.09468 0.09270 0.09253 0.10199 0.11284 0.11317 0.11851 0.12176 0.12364 0.11952 0.11888 0.11854 0.11630 0.11744 0.11426 0.11534 0.11469 0.11253 0.11121 0.10738 0.10578 0.10489 0.10416 0.10507 0.10219 0.10182 0.10222 0.10204 0.10322 0.10322 0.10434 0.10403 0.10556 0.10501 0.10694 0.10387 0.10640 0.10851 0.10708 0.10764 0.11033 0.10938 0.11172 0.11401 0.11684 0.11765 -9999 -9999 -9999 -9999 -9999 -9999
0.10324 0.10291 0.11093 0.11222 0.11543 0.11778 0.12039 0.12438 0.12263 0.12090 0.12447 0.12312 0.12053 0.12004 0.11718 0.11736 0.11419 0.11372 0.11312 0.11418 0.11662 0.11477 0.11169 0.09998 0.11103 0.11690 0.12143 0.12360 0.12853 0.13060 0.12961 0.12870 0.12610 0.12393 0.12354 0.12367 0.11846 0.11795 0.11877 0.11938 0.11468 0.11143 0.11096 0.10899 0.10710 0.10551 0.10565 0.10449 0.10780 0.10601 0.10680 0.10570 0.10759 0.10769 0.10978 0.10959 0.11021 0.11099 0.11042 0.11259 0.11310 0.11319 0.11346 0.11595 0.11704 0.11852 0.11582 0.11468 -9999 -9999 -9999 -9999 -9999
0.12054 0.11986 0.12532 0.12611 0.12676 0.12899 0.12934 0.13004 0.12843 0.12738 0.12714 0.12696 0.12602 0.12285 0.11753 0.11461 0.11688 0.11441 0.11824 0.12173 0.12291 0.12169 0.11716 0.11087 0.11076 0.12277 0.12604 0.12987 0.13229 0.13367 0.13454 0.13272 0.13357 0.13049 0.12966 0.12684 0.12718 0.12502 0.12427 0.12373 0.12033 0.11705 0.11493 0.11052 0.10866 0.11053 0.10951 0.10840 0.10713 0.11063 0.11083 0.10916 0.11398 0.11549 0.12277 0.12186 0.11868 0.11794 0.11899 0.11857 0.11676 0.11378 0.11161 0.11225 0.11103 0.11078 0.10870 0.10720 0.10392 0.10320 0.10049 0.09892 -9999
0.12687 0.12608 0.12780 0.12929 0.12884 0.12883 0.12951 0.12840 0.12944 0.13103 0.13387 0.13402 0.13452 0.13247 0.12016 0.11688 0.11236 0.11470 0.12413 0.13052 0.12972 0.12858 0.12275 0.12113 0.11406 0.12149 0.12821 0.13479 0.13865 0.13973 0.14094 0.13829 0.13811 0.13872 0.13538 0.13339 0.13559 0.13442 0.13499 0.12952 0.12540 0.12255 0.11693 0.11432 0.11335 0.11497 0.11508 0.11688 0.11350 0.11634 0.11674 0.11755 0.11611 0.12460 0.12671 0.12719 0.12733 0.12662 0.12530 0.12651 0.12209 0.11650 0.11668 0.11351 0.11575 0.11341 0.11122 0.10859 0.10783 0.10595 0.10245 0.10191 0.10037
0.12966 0.12412 0.12309 0.12196 0.12498 0.12578 0.12817 0.12741 0.12922 0.13225 0.13451 0.13629 0.13637 0.13609 0.12913 0.12366 0.12385 0.12221 0.12518 0.13292 0.13262 0.13016 0.13214 0.13300 0.12966 0.13215 0.13461 0.13196 0.13247 0.13713 0.13342 0.12954 0.13601 0.13719 0.13436 0.13804 0.13863 0.13951 0.13737 0.13250 0.12903 0.11876 0.11775 0.11531 0.11666 0.11593 0.11807 0.11612 0.11668 0.11645 0.11630 0.12611 0.13032 0.13212 0.13161 0.13349 0.12690 0.12945 0.12675 0.12916 0.11963 0.11953 0.11838 0.11823 0.11490 0.11328 0.11290 0.11119 0.10967 0.10577 0.10542 0.10102 0.09916
0.14308 0.14067 0.12925 0.11976 0.12065 0.12271 0.12699 0.12796 0.12935 0.13073 0.13484 0.14068 0.14191 0.14246 0.13717 0.12891 0.13337 0.13385 0.13402 0.13330 0.13152 0.13040 0.13017 0.12816 0.12904 0.13292 0.13227 0.13028 0.12475 0.12101 0.11864 0.11954 0.12559 0.12733 0.11835 0.11736 0.12237 0.12440 0.12620 0.12285 0.12994 0.12731 0.12531 0.12146 0.12314 0.12569 0.12259 0.12338 0.12118 0.12023 0.13029 0.13302 0.13543 0.12154 0.12523 0.13121 0.12983 0.12935 0.12824 0.13029 0.12561 0.12375 0.12294 0.12110 0.12015 0.11768 0.11617 0.11253 0.11005 0.10907 0.10664 0.10623 0.10136
0.15443 0.14813 0.14146 0.13372 0.12842 0.12302 0.12397 0.12689 0.12625 0.12599 0.12603 0.13526 0.13929 0.14788 0.14921 0.13618 0.13587 0.13161 0.13731 0.13751 0.13120 0.13288 0.12890 0.12579 0.12045 0.11935 0.11898 0.11780 0.11477 0.11382 0.11599 0.11219 0.11690 0.11588 0.10952 0.10776 0.11020 0.10961 0.11107 0.10755 0.11302 0.11127 0.12195 0.12799 0.12846 0.12788 0.13007 0.12468 0.12161 0.12488 0.12551 0.12724 0.13086 0.13109 0.12998 0.12757 0.12805 0.12807 0.13562 0.13976 0.13657 0.13537 0.13282 0.13195 0.12421 0.12128 0.11726 0.11574 0.11365 0.11206 0.10911 0.10796 0.10801
0.14739 0.15084 0.15053 0.14525 0.14074 0.13649 0.13277 0.12941 0.12690 0.13656 0.14143 0.14319 0.14548 0.14935 0.15078 0.15504 0.14692 0.15107 0.15004 0.14535 0.14321 0.13870 0.13662 0.13916 0.13617 0.13609 0.13243 0.13102 0.12568 0.12591 0.12854 0.12297 0.12480 0.12325 0.11723 0.12098 0.12288 0.11836 0.11636 0.11391 0.11503 0.11829 0.11868 0.12453 0.12819 0.13093 0.13741 0.12711 0.12017 0.12604 0.13046 0.12988 0.13433 0.13478 0.13465 0.13381 0.13498 0.13907 0.13807 0.13896 0.14105 0.14216 0.13985 0.13699 0.12960 0.12687 0.12226 0.11736 0.11752 0.11474 0.11525 0.11349 0.11099
0.12092 0.11838 0.12306 0.13265 0.13889 0.13374 0.13943 0.14463 0.14816 0.15298 0.15477 0.15363 0.14940 0.15080 0.15372 0.15553 0.15692 0.16253 0.16842 0.16827 0.17051 0.16419 0.16049 0.15761 0.15570 0.15008 0.15275 0.14971 0.15299 0.15278 0.13946 0.13922 0.13168 0.12679 0.12704 0.12444 0.12446 0.12207 0.11757 0.12102 0.12087 0.11768 0.12077 0.12266 0.12601 0.13141 0.13445 0.13388 0.13428 0.12984 0.13267 0.13416 0.13553 0.13797 0.14297 0.14241 0.14185 0.14159 0.14622 0.14847 0.14711 0.14650 0.14845 0.14691 0.14068 0.13364 0.12876 0.12549 0.12306 0.11872 0.11643 0.11391 0.11515
0.14068 0.13944 0.13337 0.13064 0.13866 0.12710 0.13033 0.13441 0.14228 0.14904 0.15734 0.15706 0.15672 0.15512 0.15649 0.16130 0.16551 0.17259 0.17732 0.18055 0.18296 0.17885 0.17243 0.16850 0.16264 0.15866 0.15885 0.16281 0.15237 0.14880 0.15113 0.14913 0.13929 0.13601 0.13323 0.13338 0.12973 0.13076 0.12485 0.11989 0.11531 0.11749 0.12777 0.12698 0.12780 0.12979 0.13192 0.13404 0.14180 0.13515 0.13689 0.13899 0.14395 0.14532 0.15007 0.15002 0.15388 0.15397 0.15564 0.15954 0.15663 0.15413 0.15586 0.15553 0.15019 0.14363 0.13529 0.13151 0.12771 0.12837 0.12384 0.12130 0.11937
0.13825 0.15095 0.15658 0.15698 0.16002 0.16035 0.16109 0.15523 0.15613 0.14918 0.15445 0.16121 0.16536 0.16896 0.16714 0.16517 0.16749 0.17339 0.18062 0.18173 0.19281 0.19058 0.18458 0.18324 0.17796 0.17469 0.17072 0.16504 0.15782 0.16143 0.15901 0.15233 0.14739 0.14682 0.13823 0.13503 0.13546 0.13244 0.12686 0.12428 0.12084 0.11591 0.12184 0.11860 0.12656 0.12163 0.13280 0.14133 0.14595 0.15107 0.14875 0.14905 0.15440 0.15533 0.16107 0.16354 0.16494 0.16415 0.16497 0.16472 0.16501 0.16441 0.16234 0.16401 0.16105 0.15146 0.14389 0.14044 0.13811 0.13501 0.13210 0.13241 0.13088
0.12924 0.13645 0.15526 0.16283 0.17099 0.17646 0.15465 0.12501 0.12383 0.13015 0.13262 0.14151 0.14386 0.15106 0.16990 0.17828 0.18325 0.18495 0.19076 0.19185 0.19259 0.19208 0.19171 0.19265 0.18879 0.18324 0.18593 0.17101 0.16927 0.16448 0.16888 0.16065 0.15865 0.15790 0.15160 0.14517 0.14900 0.13187 0.13433 0.12821 0.12962 0.13018 0.12579 0.12502 0.12761 0.13409 0.13418 0.14198 0.15158 0.16207 0.16217 0.15981 0.16304 0.16387 0.16201 0.15955 0.15738 0.16048 0.16393 0.17054 0.17602 0.17578 0.17521 0.17104 0.16469 0.15995 0.16543 0.16015 0.14548 0.14531 0.14380 0.14272 0.14715
0.14234 0.13955 0.14547 0.15882 0.16874 0.17892 0.17238 0.16058 0.13175 0.11903 0.12538 0.13088 0.12988 0.14293 0.15232 0.16285 0.17812 0.18066 0.18398 0.18831 0.19802 0.20164 0.18756 0.18883 0.18620 0.19075 0.19478 0.18559 0.17738 0.17122 0.16593 0.16518 0.16725 0.16446 0.15730 0.14960 0.15385 0.14647 0.14338 0.14543 0.13921 0.13897 0.14448 0.14584 0.14422 0.14140 0.14026 0.14642 0.14814 0.16332 0.17153 0.16922 0.17839 0.18127 0.18396 0.18629 0.18318 0.18439 0.18753 0.18974 0.18995 0.18794 0.18953 0.18216 0.17917 0.17296 0.17703 0.17424 0.16996 0.16787 0.15933 0.15726 0.15402
-9999 0.14639 0.16020 0.15633 0.15468 0.16931 0.17023 0.16294 0.16101 0.16796 0.17948 0.15167 0.12223 0.10984 0.11030 0.10779 0.15616 0.17940 0.19140 0.19508 0.19571 0.19443 0.19077 0.18726 0.18598 0.19299 0.19165 0.19316 0.18320 0.18085 0.17808 0.16671 0.16176 0.16182 0.16027 0.15918 0.15626 0.16204 0.15315 0.15209 0.14766 0.15235 0.15028 0.15445 0.15919 0.15376 0.14774 0.15433 0.15978 0.17854 0.18446 0.18533 0.18782 0.19014 0.19237 0.19923 0.20083 0.20319 0.20434 0.20426 0.20227 0.20355 0.20303 0.19649 0.19716 0.19438 0.19004 0.18698 0.17966 0.16853 0.16697 0.16590 0.16298
-9999 -9999 -9999 0.21744 0.18923 0.17065 0.19459 0.16603 0.14599 0.14114 0.15544 0.14598 0.14299 0.13389 0.11429 0.11145 0.12564 0.14348 0.15795 0.18218 0.19822 0.20924 0.19768 0.18026 0.17680 0.18248 0.19021 0.19827 0.18929 0.18865 0.18839 0.18793 0.18114 0.17251 0.16450 0.16745 0.17040 0.17372 0.17054 0.17476 0.16751 0.16627 0.16424 0.17012 0.16953 0.16676 0.15881 0.16378 0.18248 0.19679 0.18714 0.18340 0.18740 0.19173 0.19794 0.19770 0.20552 0.21018 0.21489 0.21341 0.21310 0.21349 0.21193 0.21134 0.20126 0.19549 0.19053 0.18463 0.18208 0.17827 0.17672 0.17817 0.17516
