data/hydroclimate-scenarios/BCSD_hadcm_A1B/monthly_summaries/vpd_monthly_avg_mar.2030-2059.asc
ncols	311
nrows	91
xllcenter	102.75
yllcenter	31.75
cellsize	0.5
NODATA_value	-9999
[rows 0 to 32 of 91, columns 0 to 72 of 311]
-9999 -9999 -9999 -9999 -9999 -9999 -9999 -9999 -9999 -9999 -9999 -9999 -9999 -9999 -9999 -9999 -9999 -9999 -9999 -9999 -9999 -9999 -9999 -9999 -9999 -9999 -9999 -9999 -9999 -9999 -9999 -9999 -9999 -9999 -9999 -9999 -9999 -9999 -9999 -9999 -9999 -9999 -9999 -9999 -9999 -9999 -9999 -9999 -9999 -9999 -9999 -9999 -9999 -9999 -9999 -9999 -9999 -9999 -9999 -9999 -9999 -9999 -9999 -9999 -9999 -9999 -9999 -9999 -9999 -9999 -9999 -9999 -9999
-9999 -9999 -9999 -9999 -9999 -9999 -9999 -9999 -9999 -9999 -9999 -9999 -9999 -9999 -9999 -9999 -9999 -9999 -9999 -9999 -9999 -9999 -9999 -9999 -9999 -9999 -9999 -9999 -9999 -9999 -9999 -9999 -9999 -9999 -9999 -9999 -9999 -9999 -9999 -9999 -9999 -9999 -9999 -9999 -9999 -9999 -9999 -9999 -9999 -9999 -9999 -9999 -9999 -9999 -9999 -9999 -9999 -9999 -9999 -9999 -9999 -9999 -9999 -9999 -9999 -9999 -9999 -9999 -9999 -9999 -9999 -9999 -9999
-9999 -9999 -9999 -9999 -9999 -9999 -9999 -9999 -9999 -9999 -9999 -9999 -9999 -9999 -9999 -9999 -9999 -9999 -9999 -9999 -9999 -9999 -9999 -9999 -9999 -9999 -9999 -9999 -9999 -9999 -9999 -9999 -9999 -9999 -9999 -9999 -9999 -9999 -9999 -9999 -9999 -9999 -9999 -9999 -9999 -9999 -9999 -9999 -9999 -9999 -9999 -9999 -9999 -9999 -9999 -9999 -9999 -9999 -9999 -9999 -9999 -9999 -9999 -9999 -9999 -9999 -9999 -9999 -9999 -9999 -9999 -9999 -9999
-9999 -9999 -9999 -9999 -9999 -9999 -9999 -9999 -9999 -9999 -9999 -9999 -9999 -9999 -9999 -9999 -9999 -9999 -9999 -9999 -9999 -9999 -9999 -9999 -9999 -9999 -9999 -9999 -9999 -9999 -9999 -9999 -9999 -9999 -9999 -9999 -9999 -9999 -9999 -9999 -9999 -9999 -9999 -9999 -9999 -9999 -9999 -9999 -9999 -9999 -9999 -9999 -9999 -9999 -9999 -9999 -9999 -9999 -9999 -9999 -9999 -9999 -9999 -9999 -9999 -9999 -9999 -9999 -9999 -9999 -9999 -9999 -9999
-9999 -9999 -9999 -9999 -9999 -9999 -9999 -9999 -9999 -9999 -9999 -9999 -9999 -9999 -9999 -9999 -9999 -9999 -9999 -9999 -9999 -9999 -9999 -9999 -9999 -9999 -9999 -9999 -9999 -9999 -9999 -9999 -9999 -9999 -9999 -9999 -9999 -9999 -9999 -9999 -9999 -9999 -9999 -9999 -9999 -9999 -9999 -9999 -9999 -9999 -9999 -9999 -9999 -9999 -9999 -9999 -9999 -9999 -9999 -9999 -9999 -9999 -9999 -9999 -9999 -9999 -9999 -9999 -9999 -9999 -9999 -9999 -9999
-9999 -9999 -9999 -9999 -9999 -9999 -9999 -9999 -9999 -9999 -9999 -9999 -9999 -9999 -9999 -9999 -9999 -9999 -9999 -9999 -9999 -9999 -9999 -9999 -9999 -9999 -9999 -9999 -9999 -9999 -9999 -9999 -9999 -9999 -9999 -9999 -9999 -9999 -9999 -9999 -9999 -9999 -9999 -9999 -9999 -9999 -9999 -9999 -9999 -9999 -9999 -9999 -9999 -9999 -9999 -9999 -9999 -9999 -9999 -9999 -9999 -9999 -9999 -9999 -9999 -9999 -9999 -9999 -9999 -9999 -9999 -9999 -9999
-9999 -9999 -9999 -9999 -9999 -9999 -9999 -9999 -9999 -9999 -9999 -9999 -9999 -9999 -9999 -9999 -9999 -9999 -9999 -9999 -9999 -9999 -9999 -9999 -9999 -9999 -9999 -9999 -9999 -9999 -9999 -9999 -9999 -9999 -9999 -9999 -9999 -9999 -9999 -9999 -9999 -9999 -9999 -9999 -9999 -9999 -9999 -9999 -9999 -9999 -9999 -9999 -9999 -9999 -9999 -9999 -9999 -9999 -9999 -9999 -9999 -9999 -9999 -9999 -9999 -9999 -9999 -9999 -9999 -9999 -9999 -9999 -9999
-9999 -9999 -9999 -9999 -9999 -9999 -9999 -9999 -9999 -9999 -9999 -9999 -9999 -9999 -9999 -9999 -9999 -9999 -9999 -9999 -9999 -9999 -9999 -9999 -9999 -9999 -9999 -9999 -9999 -9999 -9999 -9999 -9999 -9999 -9999 -9999 -9999 -9999 -9999 -9999 -9999 -9999 0.02773 0.02710 0.02684 0.02668 0.02677 0.02662 0.02664 0.02686 0.02692 0.02730 -9999 -9999 -9999 -9999 -9999 -9999 -9999 -9999 -9999 -9999 -9999 -9999 -9999 -9999 -9999 -9999 -9999 -9999 -9999 -9999 -9999
-9999 -9999 -9999 -9999 -9999 -9999 -9999 -9999 -9999 -9999 -9999 -9999 -9999 -9999 -9999 -9999 -9999 -9999 -9999 -9999 -9999 -9999 -9999 -9999 -9999 -9999 -9999 -9999 -9999 -9999 -9999 -9999 -9999 -9999 -9999 -9999 -9999 -9999 0.02878 0.02668 0.02718 0.02791 0.02734 0.02758 0.02769 0.02770 0.02771 0.02753 0.02729 0.02818 0.02829 0.02860 0.02836 0.04029 -9999 -9999 -9999 -9999 -9999 -9999 -9999 -9999 -9999 -9999 -9999 -9999 -9999 -9999 -9999 -9999 -9999 -9999 -9999
-9999 -9999 -9999 -9999 -9999 -9999 -9999 -9999 -9999 -9999 -9999 -9999 -9999 -9999 -9999 -9999 -9999 -9999 -9999 -9999 -9999 -9999 -9999 -9999 -9999 -9999 -9999 -9999 -9999 -9999 -9999 -9999 -9999 -9999 -9999 -9999 -9999 -9999 -9999 -9999 0.02898 0.02890 0.02748 0.02699 0.02724 0.02651 0.02756 0.02892 0.02846 0.02871 0.02834 0.02982 0.02957 0.04138 -9999 -9999 -9999 -9999 -9999 -9999 -9999 -9999 -9999 -9999 -9999 -9999 -9999 -9999 -9999 -9999 -9999 -9999 -9999
-9999 -9999 -9999 -9999 -9999 -9999 -9999 -9999 -9999 -9999 -9999 -9999 -9999 -9999 -9999 -9999 -9999 -9999 -9999 -9999 -9999 -9999 -9999 -9999 -9999 -9999 -9999 -9999 -9999 -9999 -9999 -9999 -9999 -9999 -9999 -9999 -9999 -9999 -9999 -9999 -9999 -9999 -9999 -9999 0.02870 0.02793 0.02684 0.02673 0.02775 0.02936 0.02892 0.02787 0.02993 0.04141 -9999 -9999 -9999 -9999 -9999 -9999 0.03051 -9999 -9999 -9999 -9999 -9999 -9999 -9999 -9999 -9999 -9999 -9999 -9999
-9999 -9999 -9999 -9999 -9999 -9999 -9999 -9999 -9999 -9999 -9999 -9999 -9999 -9999 -9999 -9999 -9999 -9999 -9999 -9999 -9999 -9999 -9999 -9999 -9999 -9999 -9999 -9999 -9999 -9999 -9999 -9999 -9999 -9999 -9999 -9999 -9999 -9999 -9999 -9999 -9999 0.02826 0.02836 0.02743 0.02776 0.02939 0.02829 0.02709 0.02872 0.02973 0.02882 0.02840 0.03059 0.03114 -9999 -9999 -9999 -9999 -9999 0.03316 0.03281 0.03362 0.03418 0.03428 0.03517 0.03533 0.03472 0.03445 0.03428 0.03451 0.03369 0.03338 0.03291
-9999 -9999 -9999 -9999 -9999 -9999 -9999 -9999 -9999 -9999 -9999 -9999 -9999 -9999 -9999 -9999 -9999 -9999 -9999 -9999 -9999 -9999 -9999 -9999 -9999 -9999 -9999 -9999 -9999 -9999 -9999 -9999 -9999 -9999 -9999 -9999 -9999 -9999 -9999 -9999 -9999 0.03039 0.03025 0.03030 0.03179 0.03157 0.03194 0.03140 0.03119 0.03180 0.03118 0.02809 0.02814 0.02951 0.03103 0.03007 0.03309 -9999 0.03553 0.03594 0.03578 0.03595 0.03609 0.03443 0.03490 0.03585 0.03617 0.03655 0.03673 0.03580 0.03606 0.03511 0.03471
-9999 -9999 -9999 -9999 -9999 -9999 -9999 -9999 -9999 -9999 -9999 -9999 -9999 -9999 -9999 -9999 -9999 -9999 -9999 -9999 -9999 -9999 -9999 -9999 -9999 -9999 -9999 -9999 -9999 -9999 -9999 -9999 -9999 -9999 -9999 0.03660 0.03648 0.03393 0.03309 0.03432 0.03421 0.03421 0.03394 0.03340 0.03349 0.03326 0.03367 0.03362 0.03332 0.03186 0.03016 0.02834 0.02581 0.02804 0.02813 0.02700 0.03088 0.03418 0.03725 0.03797 0.03811 0.03756 0.03790 0.03157 0.03339 0.03659 0.03666 0.03716 0.03829 0.03695 0.03673 0.03629 0.03507
-9999 -9999 -9999 -9999 -9999 -9999 -9999 -9999 -9999 -9999 -9999 -9999 -9999 -9999 -9999 -9999 -9999 -9999 -9999 -9999 -9999 -9999 -9999 -9999 -9999 -9999 -9999 -9999 -9999 -9999 -9999 -9999 -9999 -9999 0.04232 0.03830 0.03744 0.03695 0.03676 0.03744 0.03764 0.03676 0.03674 0.03591 0.03568 0.03566 0.03578 0.03464 0.03211 0.02958 0.02721 0.02725 0.02464 0.02409 0.02517 0.02802 0.03262 0.03527 0.04020 0.04093 0.03883 0.03582 0.03493 0.03250 0.03704 0.03910 0.03782 0.03656 0.03257 0.03316 0.03046 0.02956 0.02917
-9999 -9999 -9999 -9999 -9999 -9999 -9999 -9999 -9999 -9999 -9999 -9999 -9999 -9999 -9999 -9999 -9999 -9999 -9999 -9999 -9999 -9999 -9999 -9999 -9999 -9999 -9999 -9999 -9999 -9999 -9999 -9999 -9999 0.04378 0.04306 0.04120 0.04079 0.03976 0.03965 0.04075 0.04024 0.03849 0.03906 0.03791 0.03768 0.03712 0.03569 0.03485 0.02954 0.02716 0.02474 0.02317 0.02017 0.02323 0.02686 0.02919 0.03023 0.03709 0.03984 0.03953 0.03662 0.03845 0.03967 0.04073 0.04020 0.03862 0.03594 0.03526 0.03472 0.03365 0.03208 0.03127 0.03058
-9999 -9999 -9999 -9999 -9999 -9999 -9999 -9999 -9999 -9999 -9999 -9999 -9999 -9999 -9999 -9999 -9999 -9999 -9999 -9999 -9999 -9999 -9999 -9999 -9999 -9999 -9999 -9999 -9999 -9999 -9999 0.05148 0.04950 0.04712 0.04680 0.04524 0.04508 0.04412 0.04347 0.04345 0.04239 0.04096 0.04116 0.04011 0.03892 0.03749 0.03708 0.03701 0.03240 0.02983 0.02625 0.02414 0.01934 0.02232 0.02558 0.02927 0.03459 0.03640 0.03372 0.03577 0.03838 0.03989 0.03937 0.04334 0.04162 0.03940 0.03909 0.03990 0.03937 0.03269 0.02975 0.02796 0.03189
-9999 -9999 -9999 -9999 -9999 -9999 -9999 -9999 -9999 -9999 -9999 -9999 -9999 -9999 -9999 -9999 -9999 -9999 -9999 -9999 -9999 -9999 -9999 -9999 -9999 -9999 -9999 -9999 -9999 0.05795 0.05637 0.05271 0.05155 0.05037 0.05013 0.04909 0.04809 0.04737 0.04614 0.04624 0.04542 0.04316 0.04302 0.04179 0.04065 0.03801 0.03760 0.03633 0.02897 0.02720 0.02501 0.02131 0.01977 0.02380 0.02447 0.02822 0.03433 0.03493 0.03738 0.04147 0.04076 0.03972 0.03967 0.04021 0.04206 0.04149 0.03716 0.03488 0.03413 0.03312 0.03471 0.02787 0.02061
-9999 -9999 -9999 -9999 -9999 -9999 -9999 -9999 -9999 -9999 -9999 -9999 -9999 -9999 -9999 -9999 -9999 -9999 -9999 -9999 -9999 -9999 -9999 -9999 0.05710 0.05790 0.05933 0.06127 0.05914 0.05726 0.05473 0.05583 0.05513 0.05338 0.05185 0.05290 0.05045 0.04817 0.04771 0.04732 0.04740 0.04589 0.04451 0.04416 0.04249 0.04069 0.04028 0.03501 0.02956 0.02777 0.02758 0.02163 0.02227 0.02607 0.02978 0.03215 0.03578 0.03760 0.03692 0.03973 0.04212 0.04275 0.04357 0.04391 0.04370 0.04187 0.04358 0.04468 0.04243 0.03767 0.02845 0.02619 0.02299
-9999 -9999 -9999 -9999 -9999 -9999 0.06747 0.06730 0.06927 0.06738 0.06713 -9999 -9999 -9999 -9999 -9999 -9999 -9999 -9999 -9999 -9999 0.06253 0.05822 0.05967 0.05903 0.05943 0.05989 0.05969 0.05964 0.05977 0.05940 0.05902 0.05643 0.05647 0.05514 0.05423 0.05258 0.05166 0.05055 0.05007 0.04978 0.04904 0.04826 0.04601 0.04455 0.04257 0.04253 0.03821 0.03191 0.02987 0.02680 0.02531 0.02341 0.02713 0.03352 0.03648 0.03686 0.03885 0.04199 0.04444 0.04410 0.04402 0.04107 0.04032 0.03923 0.04716 0.04943 0.04537 0.04400 0.04379 0.04082 0.03084 0.02651
-9999 -9999 -9999 -9999 -9999 0.07215 0.07003 0.06573 0.07005 0.06781 0.06841 0.06374 0.06455 0.06218 -9999 -9999 -9999 0.06325 0.06282 0.06304 0.06276 0.06227 0.06241 0.06317 0.06121 0.06275 0.06240 0.06385 0.06345 0.06315 0.06445 0.06411 0.06294 0.06263 0.06094 0.05825 0.05632 0.05503 0.05363 0.05435 0.05224 0.05102 0.05012 0.04970 0.04803 0.04707 0.04183 0.03565 0.03183 0.03010 0.02847 0.02720 0.02829 0.03276 0.03528 0.03591 0.03679 0.04049 0.04689 0.04544 0.04605 0.04453 0.04224 0.04392 0.03904 0.03509 0.03738 0.03827 0.04114 0.03968 0.03892 0.03286 0.02959
-9999 0.07734 0.07762 0.07956 0.07583 0.07621 0.07411 0.07223 0.07079 0.07128 0.06941 0.06759 0.06598 0.06609 0.06780 0.06977 0.07362 0.06751 0.06568 0.06995 0.06971 0.06963 0.06893 0.07035 0.07156 0.06782 0.06797 0.06908 0.06714 0.06812 0.06943 0.06916 0.06836 0.06805 0.06568 0.06234 0.06127 0.05885 0.05855 0.05820 0.05539 0.05541 0.05466 0.05372 0.05304 0.05152 0.04636 0.04148 0.03742 0.03479 0.03232 0.02895 0.03028 0.02897 0.03154 0.03389 0.03757 0.04615 0.04489 0.04591 0.04864 0.04508 0.04084 0.04149 0.03715 0.03780 0.04146 0.03857 0.04210 0.03756 0.03199 0.02741 0.02790
-9999 0.07648 0.08084 0.08123 0.08186 0.08289 0.08245 0.08136 0.08098 0.07883 0.07739 0.07471 0.07098 0.07151 0.07202 0.07134 0.07247 0.07004 0.07228 0.07278 0.07149 0.07131 0.07146 0.07638 0.07659 0.07710 0.07503 0.07329 0.07297 0.07370 0.07360 0.07475 0.07343 0.07303 0.07057 0.06928 0.06673 0.06530 0.06426 0.06100 0.06031 0.05963 0.05860 0.05960 0.05897 0.05770 0.05550 0.04879 0.04400 0.04005 0.03864 0.03338 0.03334 0.02803 0.02895 0.03489 0.03962 0.04236 0.04498 0.04290 0.04623 0.04366 0.04174 0.04353 0.04047 0.03882 0.03730 0.04024 0.04026 0.03949 0.03811 0.03247 0.02782
-9999 -9999 -9999 0.08246 0.08201 0.08641 0.08553 0.08698 0.08502 0.08700 0.08409 0.08608 0.08525 0.08473 0.07991 0.08124 0.07843 0.08146 0.07984 0.07711 0.07667 0.07728 0.07716 0.07971 0.08191 0.08269 0.08359 0.08180 0.08447 0.08191 0.08176 0.08109 0.08030 0.07987 0.07787 0.07566 0.07391 0.07073 0.06923 0.06786 0.06713 0.06572 0.06492 0.06450 0.06336 0.06260 0.05865 0.05409 0.05142 0.04761 0.04260 0.03810 0.03500 0.03202 0.03499 0.03515 0.04133 0.04352 0.04191 0.04265 0.04843 0.04284 0.04197 0.04070 0.04193 0.04310 0.04483 0.04211 0.03980 0.03809 0.03713 0.03585 0.03492
-9999 -9999 -9999 -9999 -9999 -9999 0.09078 0.09132 0.08925 0.09207 0.09336 0.09140 0.09260 0.09422 0.09122 0.09117 0.08863 0.08724 0.08998 0.08825 0.08755 0.08450 0.08595 0.08659 0.08805 0.08693 0.08798 0.09246 0.09287 0.09041 0.08856 0.08756 0.08531 0.08459 0.08404 0.08264 0.08037 0.07863 0.07646 0.07284 0.07133 0.06997 0.06887 0.06921 0.06789 0.06663 0.06649 0.05658 0.05593 0.04918 0.04237 0.03612 0.03488 0.04218 0.03838 0.03783 0.04161 0.03803 0.03588 0.03958 0.03770 0.03823 0.03751 0.03714 0.03923 0.03830 0.04514 0.04230 0.04020 0.03966 0.03792 0.03720 0.03767
-9999 -9999 -9999 -9999 -9999 -9999 0.09707 0.09599 0.09805 0.09533 0.09667 0.09726 0.09839 0.10114 0.09965 0.09694 0.09433 0.09351 0.09204 0.09165 0.09004 0.08803 0.08809 0.08919 0.09055 0.09639 0.09900 0.09849 0.09833 0.09676 0.09411 0.09415 0.09220 0.09124 0.08847 0.08759 0.08823 0.08701 0.08351 0.07900 0.07574 0.07479 0.07289 0.07325 0.07321 0.07228 0.07156 0.06969 0.06684 0.06268 0.05540 0.05112 0.04769 0.04599 0.04637 0.05237 0.05064 0.04493 0.04675 0.04376 0.03652 0.03787 0.03812 0.03941 0.03897 0.04489 0.04604 0.04704 0.04659 0.04577 0.04024 0.03952 0.03798
-9999 -9999 -9999 -9999 -9999 -9999 -9999 -9999 -9999 -9999 0.10864 0.10129 0.10259 0.10971 0.10596 0.10068 0.09855 0.09753 0.09922 0.09810 0.09652 0.09506 0.09565 0.09600 0.09769 0.09438 0.09695 0.10192 0.10323 0.10056 0.10051 0.09862 0.09752 0.09704 0.09573 0.09843 0.09393 0.09428 0.09297 0.08684 0.08443 0.08139 0.08063 0.07676 0.07607 0.07475 0.07410 0.07389 0.07431 0.07524 0.07540 0.07361 0.07146 0.07377 0.07416 0.07503 0.07474 0.07221 0.06783 0.06543 0.06485 0.05972 0.05873 0.05365 0.05183 0.05678 0.05694 0.05617 0.05231 0.05277 0.04745 0.03949 0.03617
-9999 -9999 -9999 -9999 -9999 -9999 -9999 -9999 -9999 -9999 0.12316 0.11795 0.11127 0.11621 0.11464 0.10689 0.10408 0.10273 0.10103 0.09840 0.09822 0.09763 0.09709 0.09935 0.09982 0.10503 0.10815 0.10910 0.11030 0.10806 0.10649 0.10566 0.10316 0.10427 0.10024 0.09973 0.09874 0.09636 0.09419 0.08899 0.08632 0.08399 0.08157 0.07825 0.07609 0.07564 0.07467 0.07604 0.07633 0.07783 0.08119 0.07866 0.08088 0.08024 0.08398 0.08337 0.08371 0.08305 0.08405 0.07822 0.07838 0.07945 0.08042 0.08046 0.07914 0.07989 0.07736 0.07475 0.07154 0.05830 0.05485 0.05002 0.04512
-9999 -9999 -9999 -9999 -9999 -9999 -9999 -9999 -9999 -9999 -9999 -9999 0.12481 0.11388 0.11284 0.11126 0.11496 0.11802 0.11121 0.11029 0.10925 0.10693 0.10633 0.10814 0.11206 0.11418 0.11501 0.11449 0.11417 0.11620 0.11568 0.11272 0.10926 0.10689 0.10513 0.10330 0.10059 0.09667 0.09436 0.08936 0.08825 0.08528 0.08251 0.08033 0.07923 0.07761 0.07701 0.07789 0.07834 0.07993 0.08104 0.08148 0.08134 0.08209 0.08785 0.08849 0.08905 0.08543 0.08396 0.08134 0.08199 0.08206 0.08295 0.08517 0.08604 0.08588 0.08671 0.08528 0.08095 0.07204 0.05830 0.04889 0.04897
-9999 -9999 -9999 -9999 -9999 -9999 -9999 -9999 -9999 -9999 -9999 -9999 0.13373 0.12665 0.12222 0.12015 0.12131 0.12160 0.11420 0.11168 0.11298 0.10669 0.10985 0.11469 0.11229 0.11656 0.12047 0.12150 0.12044 0.12298 0.12393 0.11886 0.11599 0.11256 0.10729 0.10654 0.10173 0.09458 0.09432 0.09277 0.09220 0.09041 0.08843 0.08493 0.08351 0.08226 0.08177 0.08141 0.08213 0.08100 0.08193 0.08538 0.08723 0.08689 0.09083 0.09185 0.09242 0.08879 0.08834 0.08742 0.08733 0.08676 0.08876 0.08898 0.09000 0.08989 0.08969 0.08780 0.08072 0.06833 0.06296 0.06192 0.05565
-9999 -9999 -9999 -9999 -9999 -9999 -9999 -9999 -9999 -9999 -9999 0.13856 0.13213 0.13643 0.13562 0.11921 0.11518 0.11553 0.11242 0.11139 0.11977 0.10955 0.11352 0.11341 0.11344 0.11616 0.11732 0.12095 0.12485 0.12822 0.12736 0.12415 0.12222 0.11835 0.11367 0.11677 0.10909 0.10301 0.09724 0.09030 0.08901 0.08571 0.08393 0.08454 0.08518 0.08647 0.08696 0.08800 0.08873 0.08749 0.08814 0.08788 0.08906 0.09131 0.09693 0.09489 0.09393 0.09257 0.09231 0.09195 0.09282 0.09158 0.09275 0.09352 0.09318 0.09456 0.09101 0.08384 0.07478 0.06264 0.05313 0.04962 0.05590
-9999 -9999 -9999 -9999 -9999 -9999 -9999 -9999 -9999 -9999 -9999 0.14412 0.14244 0.13779 0.14000 0.12401 0.11930 0.11683 0.11580 0.11419 0.11503 0.11492 0.11633 0.12081 0.12068 0.12278 0.12219 0.12173 0.12803 0.12766 0.12464 0.12463 0.12363 0.12245 0.11719 0.11834 0.11586 0.10611 0.09750 0.09726 0.09534 0.09029 0.08647 0.08627 0.08585 0.08534 0.08652 0.09001 0.09328 0.09456 0.09529 0.09726 0.09679 0.09606 0.09527 0.09562 0.09369 0.09445 0.09588 0.09601 0.09651 0.09553 0.09683 0.09772 0.09809 0.09749 0.09208 0.08909 0.07396 0.06115 0.06039 0.06076 0.05832
-9999 -9999 -9999 -9999 -9999 -9999 -9999 -9999 -9999 -9999 -9999 0.14076 0.13674 0.13559 0.13438 0.12502 0.12387 0.12190 0.12114 0.12026 0.11705 0.12122 0.12729 0.12562 0.12810 0.12733 0.12567 0.12757 0.12938 0.13015 0.12445 0.12554 0.12605 0.12481 0.11741 0.12297 0.12020 0.11593 0.11051 0.10448 0.10244 0.09905 0.09713 0.09397 0.09001 0.08951 0.08848 0.08612 0.08552 0.08785 0.08936 0.08925 0.09127 0.08884 0.09301 0.09576 0.09688 0.09650 0.10194 0.10013 0.10091 0.10214 0.10562 0.10604 0.10855 0.11070 0.10297 0.09342 0.08028 0.07143 0.07427 0.05862 0.05784
