data/hydroclimate-scenarios/BCSD_hadcm_A1B/monthly_summaries/vpd_monthly_avg_jun.2030-2059.asc
ncols	311
nrows	91
xllcenter	102.75
yllcenter	31.75
cellsize	0.5
NODATA_value	-9999
[rows 33 to 65 of 91, columns 0 to 72 of 311]
-9999 -9999 -9999 -9999 -9999 -9999 -9999 -9999 -9999 -9999 -9999 1.06454 1.04142 1.04531 1.02780 1.02803 1.02061 1.03147 1.04221 1.04935 1.04267 1.06462 1.09224 1.08414 1.05360 1.02641 1.01592 1.06155 1.11144 1.19804 1.14538 1.16151 1.15407 1.15682 1.16506 1.17171 1.14725 1.12864 1.09317 0.98865 1.02921 0.97534 1.01407 1.01303 0.97953 0.95590 0.95313 0.94656 0.94892 0.96852 0.98227 1.04456 1.05836 1.07971 1.11339 1.13452 1.13605 1.13214 1.15589 1.15404 1.15843 1.17375 1.23007 1.22923 1.18388 1.09043 1.01615 0.91190 0.82633 0.72290 0.72736 0.61449 0.63336
-9999 -9999 -9999 -9999 -9999 -9999 -9999 -9999 -9999 -9999 -9999 -9999 1.07629 1.09089 1.08434 1.07297 1.07534 1.08576 1.10433 1.12408 1.11279 1.09247 1.05118 1.00703 0.98335 0.89647 0.93258 0.93563 1.03063 1.08744 1.11976 1.18268 1.16590 1.16095 1.15187 1.14201 1.10876 1.08340 1.05141 0.99703 0.97575 0.97080 0.96468 1.00053 0.97104 0.93419 0.95114 0.97875 0.98448 1.00268 1.03061 1.02217 1.02652 1.07537 1.07595 1.08625 1.10936 1.14643 1.14252 1.16091 1.17780 1.18618 1.14662 1.12309 1.09122 1.01580 0.96364 0.86977 0.72150 0.65021 0.71102 0.64604 0.63413
-9999 -9999 -9999 -9999 -9999 -9999 -9999 -9999 -9999 -9999 -9999 -9999 1.09333 1.10968 1.10021 1.10111 1.13122 1.13160 1.13099 1.12205 1.12015 0.98631 0.95345 0.91607 0.86126 0.91747 0.96784 0.89143 0.98446 1.00378 1.01415 1.03832 1.15939 1.17758 1.16811 1.15473 1.10787 1.10288 1.07880 1.02900 0.99632 0.96070 0.95417 0.96668 0.97357 0.94832 0.97886 0.98110 0.99096 0.96157 0.96337 1.00435 1.02225 1.05444 1.09861 1.10408 1.13483 1.17460 1.17337 1.15725 1.14666 1.04776 1.02272 0.98821 0.98877 0.97647 0.88373 0.81794 0.72801 0.67114 0.61750 0.61892 0.59491
-9999 -9999 -9999 -9999 -9999 -9999 -9999 -9999 -9999 -9999 -9999 -9999 1.11593 1.16020 1.15452 1.14026 1.13620 1.12607 1.09407 1.06288 1.03873 0.96087 0.95118 0.89840 0.90436 0.88591 0.93820 1.00793 0.98350 1.04401 1.07519 1.15158 1.11714 1.10872 1.18088 1.18651 1.15531 1.10928 1.11057 1.06721 0.97997 0.90364 0.93494 0.92921 0.92846 0.89586 0.90360 0.87273 0.89720 0.96488 0.97967 1.00416 1.04548 1.04805 1.09093 1.11059 1.11437 1.12877 1.10459 1.06563 1.06267 0.99040 0.98918 0.98996 0.92669 0.86525 0.80583 0.76532 0.66293 0.63961 0.60950 0.57640 0.54891
-9999 -9999 -9999 1.09761 1.11009 1.10747 1.13700 1.14806 1.11579 -9999 1.11473 1.13013 1.16620 1.18411 1.17813 1.15198 1.12966 1.13545 1.06078 1.02877 1.03213 1.00856 0.98444 0.96499 0.94807 0.96183 1.00997 0.95553 0.96136 0.88441 0.99578 1.09953 1.05595 0.94616 1.05875 1.07923 1.04408 1.01679 1.02645 1.05978 1.03076 0.94273 0.95603 0.93984 0.88720 0.83424 0.78819 0.87417 0.89156 0.90213 0.89535 0.91121 0.90154 0.85254 0.91523 0.85766 0.83299 1.03043 0.95278 1.01910 1.03480 0.96948 0.94095 0.88454 0.87206 0.82530 0.74595 0.69193 0.65427 0.60083 0.54655 0.50864 0.46658
-9999 -9999 -9999 1.15131 1.15832 1.14575 1.12499 1.14629 1.15449 1.15843 1.19461 1.21348 1.15615 1.14966 1.10007 1.05814 1.04134 1.03987 1.02963 1.03011 1.05258 0.98245 1.04009 1.06633 1.00403 1.02355 0.99375 0.97295 0.91580 0.85661 0.94468 0.94908 0.96230 0.90689 0.93848 0.94563 0.95486 0.88433 0.99254 0.88836 0.86701 0.92878 0.94763 0.88517 0.83934 0.77184 0.77221 0.88683 0.82552 0.82000 0.81510 0.81476 0.80145 0.81502 0.91520 0.85747 0.93499 0.94350 0.88010 0.90530 0.91076 0.88240 0.84622 0.83507 0.78906 0.80654 0.74617 0.73100 0.64761 0.57104 0.50008 0.47682 0.42962
-9999 -9999 -9999 1.17462 1.17265 1.13533 1.12606 1.15404 1.19291 1.23929 1.21803 1.17965 1.10911 1.03483 0.94789 1.01144 0.97673 0.98928 1.04409 1.05767 1.02750 0.96288 1.00079 0.96234 0.90457 0.96308 0.96271 0.95544 0.96305 0.82968 0.74795 0.81031 0.90688 0.90453 0.87890 0.90760 0.94485 0.95141 0.95653 0.89401 0.87283 0.89167 0.91689 0.89626 0.91630 0.84281 0.83493 0.82267 0.81992 0.78024 0.75822 0.84278 0.82723 0.84981 0.89813 0.88450 0.92311 0.94911 0.89037 0.87993 0.90597 0.89303 0.89242 0.80457 0.78119 0.75274 0.69720 0.63421 0.52718 0.48041 0.43037 0.43231 0.41952
-9999 -9999 -9999 1.18571 1.26289 1.16108 1.20668 1.16327 1.16522 1.15278 1.19273 1.19556 1.03672 0.97176 0.94774 0.97116 0.93550 0.91270 0.94778 0.99553 0.92794 0.83919 0.77969 0.84380 0.88422 0.94347 0.97611 0.96888 0.82695 0.74266 0.79281 0.96878 0.87727 0.77388 0.77471 0.83208 0.92946 1.00587 0.94070 0.95905 0.92185 0.83197 0.78203 0.82013 0.93297 0.83100 0.79601 0.86296 0.78121 0.81288 0.75051 0.80385 0.80304 0.77534 0.83807 0.86244 0.89122 0.86007 0.82809 0.82011 0.75116 0.82669 0.81501 0.77458 0.73531 0.70649 0.64727 0.57698 0.47978 0.43339 0.43084 0.42288 -9999
-9999 -9999 -9999 1.21016 1.29773 1.15029 1.16306 1.16117 1.10619 1.14278 1.22871 1.11279 0.99207 0.91674 0.84888 0.89197 0.86367 0.91264 1.00380 1.06959 0.96514 0.88570 0.82740 0.95208 0.99079 1.03060 1.10864 1.02727 0.88641 0.80344 0.79740 0.83881 0.80297 0.83924 0.86907 0.89270 0.88919 0.95535 0.97941 0.96508 0.89576 0.84106 0.79998 0.80389 0.85810 0.84952 0.84593 0.83880 0.81203 0.80480 0.79273 0.85890 0.82177 0.75456 0.85751 0.78569 0.87859 0.88558 0.83275 0.74566 0.76098 0.77325 0.76278 0.67244 0.64390 0.67038 0.60630 0.52326 0.46664 0.46287 0.45846 -9999 -9999
-9999 -9999 -9999 -9999 1.15518 1.12267 1.15460 1.06120 1.05064 1.08623 1.20279 1.12555 0.86225 0.98988 -9999 -9999 -9999 -9999 -9999 0.80466 0.81183 0.85350 0.80911 0.77679 0.84959 0.92059 1.09163 1.01676 0.94794 0.96773 0.91041 0.88071 0.85961 0.92980 1.03364 1.03737 0.98426 1.04199 1.01141 0.99950 0.99396 0.95228 0.88995 0.83305 0.85567 0.87106 0.84566 0.78439 0.83183 0.87077 0.83114 0.81707 0.86175 0.78883 0.77749 0.74901 0.73749 0.75513 0.75029 0.76595 0.72703 0.69117 0.67541 0.67515 0.65464 0.60422 0.59034 0.59045 0.56935 -9999 -9999 -9999 -9999
-9999 -9999 1.16010 1.13936 1.13163 1.18166 1.15643 1.01133 1.09820 1.11172 1.20356 1.09591 0.87268 -9999 -9999 -9999 -9999 -9999 0.72104 0.81319 0.82418 0.92745 0.93908 0.87783 0.90194 0.94315 1.11976 1.12257 1.07498 1.07616 1.01219 0.97391 0.98890 0.98163 1.02046 1.08772 1.03507 1.05104 1.02917 1.01388 0.96158 0.96592 0.92126 0.91728 0.94578 0.92906 0.90623 0.91006 0.94373 1.00346 0.98275 0.95067 0.91953 0.95838 0.87513 0.92270 0.84923 0.77937 0.76658 0.83929 0.81320 0.76846 0.74431 0.71754 0.70544 0.68555 0.67535 -9999 -9999 -9999 -9999 -9999 -9999
-9999 -9999 1.12489 1.13158 1.17735 1.18181 1.18763 1.04919 1.08730 1.14561 1.08721 1.05482 1.06516 -9999 -9999 -9999 -9999 0.96610 0.79411 0.91657 0.91722 0.97214 0.96542 1.01257 1.10153 1.19977 1.17021 1.12637 1.12438 1.13036 1.06008 0.98090 1.02995 1.06501 1.05397 1.06173 1.08129 1.08571 0.99358 0.93984 0.96886 0.91543 0.88557 0.90879 0.89051 0.92808 0.96467 0.92979 1.05341 1.02530 1.03857 1.04298 1.04878 1.04216 1.01769 1.12033 1.04819 0.87021 0.82710 0.87014 0.87218 0.77267 0.79452 0.82093 0.82117 -9999 -9999 -9999 -9999 -9999 0.59049 -9999 -9999
-9999 -9999 1.15117 1.07142 1.10999 1.11834 1.14145 1.10954 1.08867 1.09577 1.01270 1.00174 1.19648 -9999 -9999 -9999 -9999 0.83506 0.86313 0.91901 0.94174 1.03873 1.11798 1.17940 1.15730 1.19101 1.10326 1.15341 1.12518 1.10682 1.04725 1.03827 1.01067 1.00913 1.06635 1.04182 1.03221 1.03128 0.98034 1.02722 0.99962 1.00586 0.98246 0.91133 0.93618 0.89996 0.91687 0.91430 0.98316 1.00219 1.10510 1.05030 1.03912 1.02410 1.01036 1.16127 1.14308 0.97798 0.96673 0.95754 1.02041 0.98375 0.94709 0.85813 0.76214 0.71398 0.77245 0.67916 0.69999 -9999 -9999 -9999 0.56925
-9999 -9999 -9999 1.09624 1.08400 1.08689 1.13717 1.19225 1.11750 1.03916 1.14030 1.15290 -9999 -9999 -9999 -9999 0.91084 0.87532 0.97128 1.01353 1.06072 1.17846 1.14979 1.14346 1.13502 1.12390 1.11347 1.09787 1.10728 0.97643 0.98852 1.04124 1.08202 1.08363 1.08044 1.12351 1.15099 1.16953 1.15552 1.15695 1.10098 1.07661 1.01779 1.02887 1.09082 1.02436 1.05987 1.09996 1.06735 1.08391 1.02693 1.04541 1.06806 1.01088 0.95342 0.99044 0.99582 0.91278 0.91618 0.97549 0.96035 0.93295 0.81450 0.63891 0.55406 0.70633 0.77197 0.75396 0.76383 0.66624 -9999 -9999 0.63409
-9999 -9999 -9999 -9999 1.12521 1.10789 1.13828 1.10927 1.04901 1.20742 1.26881 -9999 -9999 -9999 -9999 0.98350 0.92389 0.99844 1.08322 1.08093 1.15155 1.22673 1.20329 1.09262 1.09368 1.17502 1.18004 1.17423 1.11085 1.08993 1.04092 1.15393 1.17764 1.16441 1.08193 1.14177 1.15652 1.19567 1.15986 1.16412 1.09351 1.07230 1.06595 1.09525 1.13710 1.10235 1.09069 1.11936 1.12197 1.12548 1.13482 1.11743 1.07677 1.06253 1.07427 1.11739 1.12937 0.95988 0.94409 0.98414 0.89547 0.79853 0.76536 0.75456 0.67522 0.72218 0.81552 0.85372 0.79361 0.78687 0.75986 0.71938 0.68564
-9999 -9999 -9999 -9999 -9999 -9999 1.11767 1.16770 1.27465 1.29582 1.30578 -9999 -9999 -9999 -9999 -9999 1.03235 1.08304 1.13668 1.11124 1.13074 1.42212 1.16131 1.11991 1.14656 1.26429 1.29999 1.21580 1.22051 1.19485 1.13527 1.19034 1.25209 1.12908 1.14731 1.23249 1.17284 1.11370 1.18265 1.09479 1.06801 0.98435 0.97430 1.03973 1.04910 1.12091 1.14620 1.14929 1.13322 1.11159 1.13449 1.10769 1.12774 1.12521 1.10718 1.11432 1.08062 1.01244 0.97051 0.92921 0.85227 0.78639 0.75076 0.69375 0.63057 0.69781 0.81350 0.93728 0.88413 0.82824 0.76855 0.73368 0.67951
-9999 -9999 -9999 -9999 -9999 -9999 -9999 -9999 -9999 -9999 -9999 -9999 -9999 -9999 -9999 -9999 -9999 -9999 -9999 1.13107 1.15670 1.34618 1.24457 1.22053 1.22519 1.26765 1.24610 1.34035 1.33059 1.21957 1.18489 1.25975 1.17268 1.16973 1.16684 1.19858 1.21515 1.14710 1.13804 1.04451 1.00148 1.00701 1.01688 1.05133 1.05648 1.12362 1.16790 1.16279 1.15463 1.11420 1.11982 1.14120 1.13380 1.17036 1.15238 1.11496 1.07331 1.04500 0.97389 0.92455 0.80594 0.79927 0.75024 0.67730 0.64467 0.79066 0.89958 0.99801 0.95131 0.80209 0.74325 0.72507 0.67204
-9999 -9999 -9999 -9999 -9999 -9999 -9999 -9999 -9999 -9999 -9999 -9999 -9999 -9999 -9999 -9999 -9999 -9999 1.13588 1.15528 1.24446 1.30679 1.32784 1.30854 1.32825 1.29765 1.34127 1.34064 1.31258 1.26047 1.26313 1.20728 1.16710 1.18476 1.19654 1.20604 1.15795 1.16287 1.07862 1.02528 0.97999 1.00734 1.00613 1.02127 1.02825 1.03411 1.10842 1.17205 1.19612 1.15598 1.14897 1.13581 1.14735 1.12831 1.10431 1.14145 1.10465 0.96707 0.87710 0.91069 0.91447 0.89946 0.82273 0.75821 0.71267 0.82446 0.90058 0.97342 0.93878 0.86275 0.78463 0.66000 0.71085
-9999 -9999 -9999 -9999 -9999 -9999 -9999 -9999 -9999 -9999 -9999 -9999 -9999 -9999 -9999 -9999 -9999 1.12717 1.13882 1.26241 1.27724 1.28107 1.31149 1.32700 1.36162 1.33800 1.37423 1.34543 1.24907 1.21544 1.19900 1.22762 1.19428 1.27015 1.26498 1.14369 1.06503 1.08429 1.09601 1.02930 1.00829 1.03389 1.01058 1.06559 1.07668 1.09691 1.11849 1.12739 1.18812 1.15523 1.17683 1.16829 1.14241 1.08988 1.08642 1.11272 1.05735 0.94308 0.89113 0.92959 1.00335 0.90686 0.73239 0.69981 0.82329 0.86156 0.85070 0.92849 0.90176 0.85173 0.72653 0.70822 0.70904
-9999 -9999 -9999 -9999 -9999 -9999 -9999 -9999 -9999 -9999 -9999 -9999 -9999 -9999 -9999 -9999 -9999 1.12419 1.16858 1.11932 1.19344 1.23116 1.28528 1.34131 1.50133 1.40797 1.42430 1.41579 1.37269 1.27377 1.25982 1.28967 1.31219 1.35017 1.23875 1.13448 1.10169 1.09276 1.00880 1.01453 1.02014 1.06768 1.08060 1.12471 1.11332 1.25636 1.25553 1.09812 1.11333 1.15826 1.16480 1.15565 1.13090 1.11269 1.09868 1.06828 0.96561 0.95186 0.97268 0.97637 0.92112 0.83789 0.80556 0.77785 0.68709 0.73861 0.82172 0.77381 0.84444 0.82701 0.78094 0.66306 0.58751
-9999 -9999 -9999 -9999 -9999 -9999 -9999 -9999 -9999 -9999 -9999 -9999 -9999 -9999 -9999 -9999 1.01798 1.03767 1.04783 1.08580 1.22530 1.33361 1.31760 1.41830 1.65467 1.45455 1.50819 1.64906 1.53814 1.36438 1.32316 1.36706 1.34704 1.39853 1.31594 1.21287 1.13142 1.08307 1.01988 1.07168 1.09674 1.10922 1.10397 1.17401 1.20994 1.27943 1.28349 1.09706 1.12063 1.15969 1.16266 1.15148 1.11712 1.12058 1.09104 1.06931 1.03914 0.99913 0.98881 0.93171 0.93362 0.87632 0.80338 0.69563 0.73565 0.75515 0.77273 0.80106 0.85671 0.80614 0.73083 0.62837 0.57748
-9999 -9999 -9999 -9999 -9999 -9999 -9999 -9999 -9999 -9999 -9999 -9999 -9999 1.05984 1.00048 1.01298 0.99237 0.93143 1.02160 1.20710 1.25651 1.19329 1.28355 1.32089 1.33071 1.57436 1.59024 1.60936 1.58127 1.58587 1.53457 1.45885 1.40620 1.38360 1.30850 1.21549 1.19658 1.19481 1.12662 1.12835 1.14787 1.21401 1.24471 1.34276 1.31681 1.28440 1.25511 1.23844 1.19095 1.15878 1.12568 1.10380 1.09027 1.14543 1.12204 1.07016 1.05947 1.05639 1.04057 1.00422 0.96495 0.94784 0.90170 0.85868 0.87821 0.91453 0.88654 0.83674 0.78564 0.74750 0.65049 0.55831 0.51769
-9999 -9999 -9999 -9999 -9999 -9999 -9999 -9999 -9999 -9999 -9999 -9999 1.11379 1.06799 1.03831 1.03141 1.04701 1.04067 1.05417 1.34014 1.25800 1.30002 1.33756 1.34917 1.37073 1.62571 1.60632 1.63599 1.57976 1.60567 1.58746 1.51601 1.47321 1.42553 1.38774 1.28985 1.22802 1.21470 1.15121 1.18841 1.18128 1.25845 1.31735 1.38250 1.35639 1.31705 1.27425 1.24468 1.20833 1.16855 1.14423 1.11677 1.08776 1.13428 1.12362 1.11925 1.08546 1.01862 0.96710 0.95786 0.94963 0.97328 0.94317 0.87092 0.88293 0.90504 0.86266 0.79883 0.74875 0.65960 0.56051 0.53627 0.48340
-9999 -9999 -9999 -9999 -9999 -9999 -9999 -9999 -9999 -9999 -9999 0.93910 0.99852 0.99140 1.07578 1.16185 1.20593 1.19391 1.21281 1.24978 1.29269 1.42999 1.42195 1.42502 1.41979 1.41123 1.41765 1.56974 1.65458 1.67526 1.60210 1.55467 1.50963 1.45547 1.40549 1.26350 1.15758 1.15316 1.18277 1.22197 1.29985 1.33724 1.41580 1.46199 1.41460 1.37638 1.32999 1.28285 1.24236 1.19614 1.16013 1.03516 1.05916 1.05017 1.04885 1.07207 1.10613 1.04295 1.08651 1.07619 1.03201 1.05940 1.03747 0.98958 0.94422 0.90203 0.82974 0.78419 0.67699 0.59008 0.49524 0.44209 0.42576
-9999 -9999 -9999 -9999 -9999 -9999 -9999 -9999 -9999 -9999 0.96483 0.97786 1.09546 1.03858 1.16728 1.24970 1.28686 1.25974 1.25013 1.27231 1.34653 1.48444 1.48402 1.48621 1.47471 1.44597 1.43764 1.66589 1.69468 1.65742 1.65838 1.61089 1.56759 1.48723 1.38597 1.22520 1.16119 1.16197 1.22654 1.26929 1.36488 1.44209 1.55949 1.50955 1.46768 1.42657 1.36343 1.30826 1.26309 1.21290 1.16202 1.02698 1.06386 1.04667 1.05932 1.08405 1.04178 1.05590 1.12037 1.08931 1.06531 1.05949 1.02516 0.98535 0.93949 0.87178 0.81264 0.73491 0.61839 0.51455 0.45181 0.43611 0.40454
-9999 -9999 -9999 -9999 -9999 -9999 -9999 -9999 -9999 1.19506 1.21559 1.18629 1.16388 1.17778 1.23488 1.27093 1.29981 1.34400 1.43604 1.45909 1.48630 1.48160 1.47639 1.53256 1.54579 1.57487 1.60886 1.58939 1.57158 1.60262 1.68473 1.53204 1.47335 1.29981 1.18562 1.11651 1.07794 1.19646 1.24281 1.43878 1.53154 1.64433 1.72330 1.65150 1.59607 1.55066 1.50082 1.33525 1.26312 1.22806 1.18723 1.07598 1.03491 0.90452 0.89253 1.13658 1.15270 1.16818 1.14253 1.12845 1.08341 1.06053 1.02392 0.96873 0.92633 0.85823 0.77848 0.65093 0.56418 0.49279 0.45430 0.42412 0.39169
-9999 -9999 -9999 -9999 -9999 -9999 -9999 -9999 -9999 -9999 1.30731 1.29004 1.26308 1.32837 1.46192 1.38904 1.38321 1.41220 1.45023 1.46501 1.45137 1.51558 1.52855 -9999 -9999 -9999 -9999 -9999 -9999 1.62253 1.63625 1.53711 1.47155 1.30584 1.16622 1.13922 1.11700 1.24389 1.31711 1.49273 1.58974 1.69007 1.73522 1.66492 1.63690 1.54547 1.48514 1.36425 1.28058 1.25103 1.20454 1.12496 1.04690 0.91515 0.89364 1.16175 1.19099 1.17903 1.14181 1.11935 1.09799 1.04204 1.00778 0.94868 0.81098 0.80287 0.69675 0.59325 0.47047 0.44887 0.41086 0.40089 0.37953
-9999 -9999 -9999 -9999 -9999 -9999 -9999 -9999 -9999 -9999 -9999 -9999 1.33151 1.42341 1.44433 1.77152 1.71653 1.72970 1.71647 -9999 -9999 -9999 -9999 -9999 -9999 -9999 -9999 -9999 -9999 -9999 -9999 -9999 -9999 1.38297 1.18213 1.22017 1.21200 1.35364 1.49073 1.58362 1.62406 1.69461 1.69632 1.67948 1.63056 1.56765 1.50681 1.44350 1.39422 1.30723 1.24312 1.04627 1.01259 1.00582 1.01391 1.16411 1.14350 1.15188 1.14337 1.12713 1.09399 1.02352 0.97452 0.91401 0.84361 0.77348 0.65457 0.56216 0.49328 0.47566 0.43803 0.41353 -9999
-9999 -9999 -9999 -9999 -9999 -9999 -9999 -9999 -9999 -9999 -9999 -9999 -9999 -9999 -9999 -9999 -9999 -9999 -9999 -9999 -9999 -9999 -9999 -9999 -9999 -9999 -9999 -9999 -9999 -9999 -9999 -9999 -9999 -9999 1.27874 1.23444 1.38381 1.43485 1.53278 1.62462 1.63934 1.64075 1.65318 1.66236 1.62422 1.55618 1.48731 1.45534 1.39549 1.31071 1.25711 1.07249 1.02885 1.01643 1.00797 1.17941 1.14441 1.07512 1.07621 1.09118 1.06015 0.99989 0.98837 0.91090 0.84097 0.73948 0.62352 0.53448 0.46324 0.45543 0.45244 -9999 -9999
-9999 -9999 -9999 -9999 -9999 -9999 -9999 -9999 -9999 -9999 -9999 -9999 -9999 -9999 -9999 -9999 -9999 -9999 -9999 -9999 -9999 -9999 -9999 -9999 -9999 -9999 -9999 -9999 -9999 -9999 -9999 -9999 -9999 -9999 1.41570 1.38352 1.33995 1.46769 1.63247 1.77643 1.74130 1.74680 1.72549 1.61590 1.56849 1.50139 1.46754 1.39696 1.34241 1.25338 1.19933 1.12872 1.12589 0.96191 0.96424 1.10315 1.12938 1.11637 1.07765 1.05120 1.02235 0.99118 0.93944 0.83639 0.75766 0.63712 0.58229 0.51346 0.45155 0.45450 -9999 -9999 -9999
-9999 -9999 -9999 -9999 -9999 -9999 -9999 -9999 -9999 -9999 -9999 -9999 -9999 -9999 -9999 -9999 -9999 -9999 -9999 -9999 -9999 -9999 -9999 -9999 -9999 -9999 -9999 -9999 -9999 -9999 -9999 -9999 -9999 -9999 -9999 -9999 -9999 -9999 1.71197 1.78596 1.75403 1.74044 1.70051 1.61100 1.54133 1.49447 1.44781 1.38522 1.33527 1.25101 1.21991 1.16465 1.15387 0.99807 0.96734 1.10318 1.08460 1.10067 1.07027 1.05294 0.98892 0.95201 0.85141 0.77471 0.65527 0.60746 0.54365 0.51613 0.51378 -9999 -9999 -9999 -9999
-9999 -9999 -9999 -9999 -9999 -9999 -9999 -9999 -9999 -9999 -9999 -9999 -9999 -9999 -9999 -9999 -9999 -9999 -9999 -9999 -9999 -9999 -9999 -9999 -9999 -9999 -9999 -9999 -9999 -9999 -9999 -9999 -9999 -9999 -9999 -9999 -9999 -9999 -9999 1.74381 1.68446 1.67025 1.63060 1.57098 1.52489 1.44801 1.40530 1.35913 1.31278 1.25318 1.25115 1.06906 1.09882 1.07235 1.11123 1.00237 0.99332 0.92221 0.98737 0.94208 0.92611 0.85868 0.79839 0.69389 0.64682 0.57577 0.56753 0.54366 -9999 -9999 -9999 -9999 -9999
-9999 -9999 -9999 -9999 -9999 -9999 -9999 -9999 -9999 -9999 -9999 -9999 -9999 -9999 -9999 -9999 -9999 -9999 -9999 -9999 -9999 -9999 -9999 -9999 -9999 -9999 -9999 -9999 -9999 -9999 -9999 -9999 -9999 -9999 -9999 -9999 -9999 -9999 -9999 -9999 -9999 -9999 -9999 1.51824 1.47723 1.41519 1.35628 1.31846 1.29071 1.23194 1.18651 0.94337 1.05428 1.14535 1.04683 0.98021 0.95427 0.95385 1.00349 0.91804 0.82988 0.78173 0.77206 0.64495 0.61192 0.59921 0.60848 -9999 -9999 -9999 -9999 -9999 -9999
