data/hydroclimate-scenarios/BCSD_hadcm_A1B/monthly_summaries/vpd_monthly_avg_aug.2070-2099.asc
ncols	311
nrows	91
xllcenter	102.75
yllcenter	31.75
cellsize	0.5
NODATA_value	-9999
[rows 0 to 32 of 91, columns 0 to 72 of 311]
-9999 -9999 -9999 -9999 -9999 -9999 -9999 -9999 -9999 -9999 -9999 -9999 -9999 -9999 -9999 -9999 -9999 -9999 -9999 -9999 -9999 -9999 -9999 -9999 -9999 -9999 -9999 -9999 -9999 -9999 -9999 -9999 -9999 -9999 -9999 -9999 -9999 -9999 -9999 -9999 -9999 -9999 -9999 -9999 -9999 -9999 -9999 -9999 -9999 -9999 -9999 -9999 -9999 -9999 -9999 -9999 -9999 -9999 -9999 -9999 -9999 -9999 -9999 -9999 -9999 -9999 -9999 -9999 -9999 -9999 -9999 -9999 -9999
-9999 -9999 -9999 -9999 -9999 -9999 -9999 -9999 -9999 -9999 -9999 -9999 -9999 -9999 -9999 -9999 -9999 -9999 -9999 -9999 -9999 -9999 -9999 -9999 -9999 -9999 -9999 -9999 -9999 -9999 -9999 -9999 -9999 -9999 -9999 -9999 -9999 -9999 -9999 -9999 -9999 -9999 -9999 -9999 -9999 -9999 -9999 -9999 -9999 -9999 -9999 -9999 -9999 -9999 -9999 -9999 -9999 -9999 -9999 -9999 -9999 -9999 -9999 -9999 -9999 -9999 -9999 -9999 -9999 -9999 -9999 -9999 -9999
-9999 -9999 -9999 -9999 -9999 -9999 -9999 -9999 -9999 -9999 -9999 -9999 -9999 -9999 -9999 -9999 -9999 -9999 -9999 -9999 -9999 -9999 -9999 -9999 -9999 -9999 -9999 -9999 -9999 -9999 -9999 -9999 -9999 -9999 -9999 -9999 -9999 -9999 -9999 -9999 -9999 -9999 -9999 -9999 -9999 -9999 -9999 -9999 -9999 -9999 -9999 -9999 -9999 -9999 -9999 -9999 -9999 -9999 -9999 -9999 -9999 -9999 -9999 -9999 -9999 -9999 -9999 -9999 -9999 -9999 -9999 -9999 -9999
-9999 -9999 -9999 -9999 -9999 -9999 -9999 -9999 -9999 -9999 -9999 -9999 -9999 -9999 -9999 -9999 -9999 -9999 -9999 -9999 -9999 -9999 -9999 -9999 -9999 -9999 -9999 -9999 -9999 -9999 -9999 -9999 -9999 -9999 -9999 -9999 -9999 -9999 -9999 -9999 -9999 -9999 -9999 -9999 -9999 -9999 -9999 -9999 -9999 -9999 -9999 -9999 -9999 -9999 -9999 -9999 -9999 -9999 -9999 -9999 -9999 -9999 -9999 -9999 -9999 -9999 -9999 -9999 -9999 -9999 -9999 -9999 -9999
-9999 -9999 -9999 -9999 -9999 -9999 -9999 -9999 -9999 -9999 -9999 -9999 -9999 -9999 -9999 -9999 -9999 -9999 -9999 -9999 -9999 -9999 -9999 -9999 -9999 -9999 -9999 -9999 -9999 -9999 -9999 -9999 -9999 -9999 -9999 -9999 -9999 -9999 -9999 -9999 -9999 -9999 -9999 -9999 -9999 -9999 -9999 -9999 -9999 -9999 -9999 -9999 -9999 -9999 -9999 -9999 -9999 -9999 -9999 -9999 -9999 -9999 -9999 -9999 -9999 -9999 -9999 -9999 -9999 -9999 -9999 -9999 -9999
-9999 -9999 -9999 -9999 -9999 -9999 -9999 -9999 -9999 -9999 -9999 -9999 -9999 -9999 -9999 -9999 -9999 -9999 -9999 -9999 -9999 -9999 -9999 -9999 -9999 -9999 -9999 -9999 -9999 -9999 -9999 -9999 -9999 -9999 -9999 -9999 -9999 -9999 -9999 -9999 -9999 -9999 -9999 -9999 -9999 -9999 -9999 -9999 -9999 -9999 -9999 -9999 -9999 -9999 -9999 -9999 -9999 -9999 -9999 -9999 -9999 -9999 -9999 -9999 -9999 -9999 -9999 -9999 -9999 -9999 -9999 -9999 -9999
-9999 -9999 -9999 -9999 -9999 -9999 -9999 -9999 -9999 -9999 -9999 -9999 -9999 -9999 -9999 -9999 -9999 -9999 -9999 -9999 -9999 -9999 -9999 -9999 -9999 -9999 -9999 -9999 -9999 -9999 -9999 -9999 -9999 -9999 -9999 -9999 -9999 -9999 -9999 -9999 -9999 -9999 -9999 -9999 -9999 -9999 -9999 -9999 -9999 -9999 -9999 -9999 -9999 -9999 -9999 -9999 -9999 -9999 -9999 -9999 -9999 -9999 -9999 -9999 -9999 -9999 -9999 -9999 -9999 -9999 -9999 -9999 -9999
-9999 -9999 -9999 -9999 -9999 -9999 -9999 -9999 -9999 -9999 -9999 -9999 -9999 -9999 -9999 -9999 -9999 -9999 -9999 -9999 -9999 -9999 -9999 -9999 -9999 -9999 -9999 -9999 -9999 -9999 -9999 -9999 -9999 -9999 -9999 -9999 -9999 -9999 -9999 -9999 -9999 -9999 0.56701 0.56346 0.56533 0.56538 0.56685 0.56145 0.57060 0.56860 0.57209 0.56996 -9999 -9999 -9999 -9999 -9999 -9999 -9999 -9999 -9999 -9999 -9999 -9999 -9999 -9999 -9999 -9999 -9999 -9999 -9999 -9999 -9999
-9999 -9999 -9999 -9999 -9999 -9999 -9999 -9999 -9999 -9999 -9999 -9999 -9999 -9999 -9999 -9999 -9999 -9999 -9999 -9999 -9999 -9999 -9999 -9999 -9999 -9999 -9999 -9999 -9999 -9999 -9999 -9999 -9999 -9999 -9999 -9999 -9999 -9999 0.56566 0.54672 0.55344 0.57010 0.56748 0.57359 0.57921 0.57734 0.58339 0.57829 0.58071 0.58620 0.58985 0.58291 0.58974 0.53118 -9999 -9999 -9999 -9999 -9999 -9999 -9999 -9999 -9999 -9999 -9999 -9999 -9999 -9999 -9999 -9999 -9999 -9999 -9999
-9999 -9999 -9999 -9999 -9999 -9999 -9999 -9999 -9999 -9999 -9999 -9999 -9999 -9999 -9999 -9999 -9999 -9999 -9999 -9999 -9999 -9999 -9999 -9999 -9999 -9999 -9999 -9999 -9999 -9999 -9999 -9999 -9999 -9999 -9999 -9999 -9999 -9999 -9999 -9999 0.58143 0.58370 0.56841 0.56471 0.57791 0.56508 0.57704 0.59311 0.58944 0.58327 0.58905 0.60146 0.60349 0.55730 -9999 -9999 -9999 -9999 -9999 -9999 -9999 -9999 -9999 -9999 -9999 -9999 -9999 -9999 -9999 -9999 -9999 -9999 -9999
-9999 -9999 -9999 -9999 -9999 -9999 -9999 -9999 -9999 -9999 -9999 -9999 -9999 -9999 -9999 -9999 -9999 -9999 -9999 -9999 -9999 -9999 -9999 -9999 -9999 -9999 -9999 -9999 -9999 -9999 -9999 -9999 -9999 -9999 -9999 -9999 -9999 -9999 -9999 -9999 -9999 -9999 -9999 -9999 0.59537 0.58765 0.57011 0.57468 0.58970 0.60426 0.60122 0.58249 0.62160 0.57950 -9999 -9999 -9999 -9999 -9999 -9999 0.67975 -9999 -9999 -9999 -9999 -9999 -9999 -9999 -9999 -9999 -9999 -9999 -9999
-9999 -9999 -9999 -9999 -9999 -9999 -9999 -9999 -9999 -9999 -9999 -9999 -9999 -9999 -9999 -9999 -9999 -9999 -9999 -9999 -9999 -9999 -9999 -9999 -9999 -9999 -9999 -9999 -9999 -9999 -9999 -9999 -9999 -9999 -9999 -9999 -9999 -9999 -9999 -9999 -9999 0.59685 0.59954 0.58419 0.59173 0.60658 0.59480 0.58315 0.60760 0.61495 0.60792 0.59576 0.63421 0.63724 -9999 -9999 -9999 -9999 -9999 0.70723 0.71023 0.73190 0.74082 0.74624 0.75791 0.75677 0.74936 0.73312 0.72629 0.72667 0.71763 0.71452 0.70371
-9999 -9999 -9999 -9999 -9999 -9999 -9999 -9999 -9999 -9999 -9999 -9999 -9999 -9999 -9999 -9999 -9999 -9999 -9999 -9999 -9999 -9999 -9999 -9999 -9999 -9999 -9999 -9999 -9999 -9999 -9999 -9999 -9999 -9999 -9999 -9999 -9999 -9999 -9999 -9999 -9999 0.62222 0.61645 0.61948 0.64608 0.63786 0.64272 0.63798 0.63272 0.63595 0.62665 0.59840 0.59885 0.62577 0.65199 0.64577 0.68236 -9999 0.72957 0.74032 0.74945 0.75744 0.76718 0.75522 0.76043 0.77328 0.77378 0.75588 0.75501 0.74374 0.73638 0.73798 0.72674
-9999 -9999 -9999 -9999 -9999 -9999 -9999 -9999 -9999 -9999 -9999 -9999 -9999 -9999 -9999 -9999 -9999 -9999 -9999 -9999 -9999 -9999 -9999 -9999 -9999 -9999 -9999 -9999 -9999 -9999 -9999 -9999 -9999 -9999 -9999 0.66284 0.66091 0.64543 0.64378 0.67005 0.67706 0.67651 0.67410 0.66268 0.67569 0.66759 0.67644 0.66793 0.66628 0.63875 0.62134 0.60350 0.57404 0.60646 0.61357 0.60755 0.65852 0.70022 0.74769 0.76060 0.77653 0.77488 0.77839 0.70701 0.72899 0.77700 0.76443 0.75004 0.76820 0.74590 0.73830 0.74544 0.71741
-9999 -9999 -9999 -9999 -9999 -9999 -9999 -9999 -9999 -9999 -9999 -9999 -9999 -9999 -9999 -9999 -9999 -9999 -9999 -9999 -9999 -9999 -9999 -9999 -9999 -9999 -9999 -9999 -9999 -9999 -9999 -9999 -9999 -9999 0.70927 0.67319 0.67056 0.67510 0.67601 0.68547 0.69750 0.69818 0.70505 0.70346 0.70492 0.70816 0.70643 0.67662 0.65001 0.61226 0.58639 0.58877 0.55454 0.54938 0.56881 0.61997 0.67481 0.70793 0.77920 0.79845 0.78412 0.75139 0.74488 0.71527 0.78042 0.78421 0.77408 0.74380 0.68759 0.69622 0.65986 0.64833 0.64082
-9999 -9999 -9999 -9999 -9999 -9999 -9999 -9999 -9999 -9999 -9999 -9999 -9999 -9999 -9999 -9999 -9999 -9999 -9999 -9999 -9999 -9999 -9999 -9999 -9999 -9999 -9999 -9999 -9999 -9999 -9999 -9999 -9999 0.71451 0.71381 0.70086 0.69736 0.69836 0.69833 0.71652 0.71745 0.70546 0.71221 0.71933 0.71852 0.71031 0.69493 0.67221 0.61791 0.58204 0.55879 0.53225 0.50739 0.54357 0.58175 0.62768 0.64580 0.72462 0.77460 0.77615 0.75067 0.78795 0.80368 0.82760 0.80159 0.78106 0.74520 0.72189 0.70306 0.70703 0.68147 0.67541 0.66027
-9999 -9999 -9999 -9999 -9999 -9999 -9999 -9999 -9999 -9999 -9999 -9999 -9999 -9999 -9999 -9999 -9999 -9999 -9999 -9999 -9999 -9999 -9999 -9999 -9999 -9999 -9999 -9999 -9999 -9999 -9999 0.74045 0.73724 0.71812 0.72661 0.72261 0.72504 0.73332 0.72575 0.74859 0.73298 0.73478 0.73154 0.73639 0.72602 0.71171 0.70986 0.70032 0.65243 0.61018 0.57399 0.54682 0.51846 0.53225 0.58009 0.62483 0.69746 0.71394 0.68764 0.73777 0.77723 0.80572 0.80615 0.85271 0.81838 0.77805 0.77244 0.77741 0.76330 0.68485 0.64665 0.62943 0.68410
-9999 -9999 -9999 -9999 -9999 -9999 -9999 -9999 -9999 -9999 -9999 -9999 -9999 -9999 -9999 -9999 -9999 -9999 -9999 -9999 -9999 -9999 -9999 -9999 -9999 -9999 -9999 -9999 -9999 0.77391 0.76671 0.74332 0.74543 0.73894 0.74449 0.74346 0.74309 0.74803 0.74885 0.75986 0.75741 0.75206 0.75509 0.75601 0.74270 0.71262 0.70606 0.68595 0.60592 0.57723 0.55910 0.51161 0.52382 0.55074 0.55928 0.61136 0.69123 0.69909 0.74031 0.80793 0.80690 0.81292 0.81091 0.81246 0.82830 0.80601 0.75293 0.71222 0.70325 0.69609 0.70957 0.63061 0.54164
-9999 -9999 -9999 -9999 -9999 -9999 -9999 -9999 -9999 -9999 -9999 -9999 -9999 -9999 -9999 -9999 -9999 -9999 -9999 -9999 -9999 -9999 -9999 -9999 0.73982 0.74989 0.76224 0.78735 0.77700 0.77403 0.75974 0.77769 0.77328 0.76905 0.75789 0.76640 0.75172 0.73648 0.73779 0.74800 0.76364 0.76991 0.76402 0.76010 0.74339 0.72493 0.72641 0.66980 0.61209 0.59750 0.59456 0.52334 0.52856 0.58701 0.62905 0.66250 0.70688 0.72753 0.73544 0.78226 0.81627 0.83439 0.85173 0.85631 0.84390 0.79807 0.81256 0.81649 0.77871 0.74062 0.63388 0.60839 0.56723
-9999 -9999 -9999 -9999 -9999 -9999 0.75001 0.76622 0.76799 0.77529 0.77985 -9999 -9999 -9999 -9999 -9999 -9999 -9999 -9999 -9999 -9999 0.76738 0.73360 0.73013 0.72810 0.74034 0.74787 0.75297 0.75153 0.77653 0.78694 0.78840 0.77432 0.77819 0.77109 0.77201 0.75870 0.75983 0.76169 0.77105 0.77731 0.77761 0.77818 0.76602 0.75751 0.73896 0.74186 0.69787 0.63203 0.60877 0.58280 0.55917 0.53994 0.58770 0.65943 0.70198 0.71242 0.73599 0.77558 0.82391 0.83265 0.84041 0.80457 0.79860 0.77131 0.83878 0.85891 0.80694 0.78646 0.79533 0.76297 0.65782 0.60792
-9999 -9999 -9999 -9999 -9999 0.75950 0.75580 0.72261 0.75367 0.74505 0.75832 0.73384 0.74625 0.73198 -9999 -9999 -9999 0.73835 0.73244 0.74090 0.73931 0.73400 0.73280 0.74599 0.73714 0.75394 0.76304 0.76833 0.77273 0.79042 0.81244 0.81902 0.81899 0.81066 0.80807 0.80228 0.79027 0.78903 0.78610 0.79873 0.80118 0.79677 0.79931 0.78535 0.77590 0.76636 0.71720 0.66011 0.63074 0.61239 0.59665 0.58093 0.59321 0.64347 0.67650 0.68679 0.69720 0.74687 0.81938 0.80797 0.82545 0.80423 0.78805 0.81443 0.75652 0.69692 0.72167 0.72065 0.75083 0.73679 0.72768 0.66488 0.63474
-9999 0.76916 0.76745 0.78766 0.77079 0.77556 0.75594 0.75651 0.74595 0.75937 0.75166 0.75105 0.73422 0.74375 0.75556 0.76275 0.79179 0.74642 0.73763 0.76568 0.76701 0.77593 0.76919 0.77808 0.79328 0.77580 0.77779 0.78672 0.78964 0.81467 0.83841 0.85044 0.85714 0.83827 0.83413 0.81710 0.81047 0.80166 0.81668 0.82745 0.82176 0.83197 0.83303 0.82258 0.81305 0.80078 0.74806 0.71114 0.67336 0.64451 0.62953 0.59074 0.60708 0.59763 0.62482 0.64771 0.69273 0.78121 0.77621 0.79228 0.82865 0.79085 0.74673 0.76586 0.72002 0.71421 0.75117 0.70612 0.74136 0.70315 0.64858 0.59636 0.60919
-9999 0.77336 0.79727 0.79191 0.80024 0.80782 0.80273 0.79122 0.79488 0.78334 0.78302 0.76991 0.74724 0.76480 0.75811 0.75793 0.75685 0.75320 0.75388 0.77820 0.76386 0.76972 0.77233 0.81225 0.81206 0.82614 0.82121 0.81297 0.82139 0.83482 0.85314 0.87593 0.87461 0.88886 0.87996 0.85490 0.85188 0.85708 0.85490 0.85348 0.85723 0.86859 0.86993 0.85804 0.85378 0.85368 0.82736 0.77091 0.73047 0.68645 0.68074 0.63496 0.63246 0.57352 0.58444 0.66078 0.70250 0.73012 0.76495 0.74999 0.77745 0.75648 0.74457 0.75964 0.73242 0.71776 0.70231 0.72134 0.71099 0.70713 0.69761 0.64480 0.60765
-9999 -9999 -9999 0.77319 0.77434 0.80378 0.80602 0.80917 0.80040 0.83599 0.80453 0.82545 0.82106 0.81945 0.79355 0.79138 0.78787 0.80987 0.79500 0.79148 0.78931 0.78967 0.79934 0.81174 0.82746 0.84622 0.85342 0.85663 0.87231 0.88126 0.89540 0.89542 0.90007 0.91516 0.90666 0.89649 0.88370 0.87930 0.87851 0.88345 0.88979 0.89718 0.90152 0.88920 0.89090 0.88901 0.86338 0.80773 0.78794 0.75735 0.70910 0.66858 0.63485 0.60432 0.63168 0.64463 0.69990 0.72515 0.71820 0.73613 0.78196 0.73586 0.72634 0.71809 0.73525 0.73870 0.75253 0.72123 0.69639 0.68144 0.67240 0.66505 0.66071
-9999 -9999 -9999 -9999 -9999 -9999 0.81865 0.83144 0.81714 0.84868 0.85962 0.83141 0.83905 0.85294 0.84927 0.83793 0.83109 0.83467 0.84276 0.84338 0.84401 0.83104 0.84055 0.84142 0.85232 0.83836 0.86277 0.90158 0.91503 0.92562 0.92476 0.92655 0.93157 0.93233 0.93699 0.92731 0.91804 0.91011 0.90539 0.88884 0.89258 0.91170 0.91555 0.92550 0.91793 0.91728 0.91186 0.81782 0.81275 0.75895 0.69517 0.63905 0.63552 0.69697 0.66246 0.65397 0.69032 0.66759 0.65142 0.69185 0.67145 0.67993 0.67646 0.67488 0.70185 0.68578 0.74226 0.71237 0.68424 0.68094 0.66228 0.66509 0.66656
-9999 -9999 -9999 -9999 -9999 -9999 0.84973 0.84637 0.86383 0.85328 0.87243 0.85593 0.86437 0.89181 0.88169 0.86296 0.85570 0.85636 0.86291 0.85292 0.85185 0.85028 0.84772 0.84891 0.85444 0.88535 0.91039 0.93509 0.94673 0.94762 0.94351 0.95491 0.95777 0.96042 0.94184 0.95315 0.96587 0.95454 0.95012 0.91764 0.90784 0.92307 0.92460 0.92261 0.92906 0.92814 0.92577 0.90962 0.88505 0.84948 0.79132 0.75538 0.73464 0.71890 0.72272 0.77796 0.76329 0.72174 0.74399 0.72122 0.65306 0.66890 0.66473 0.68861 0.67916 0.72795 0.72783 0.73110 0.72054 0.70843 0.65969 0.65297 0.64931
-9999 -9999 -9999 -9999 -9999 -9999 -9999 -9999 -9999 -9999 0.92072 0.89192 0.90021 0.93944 0.91611 0.88819 0.88368 0.87388 0.88385 0.88348 0.87983 0.88064 0.88228 0.88040 0.88778 0.87351 0.89881 0.94264 0.95151 0.96779 0.96285 0.96151 0.96518 0.97369 0.97830 0.99024 0.98358 0.99298 0.99899 0.97164 0.95569 0.96373 0.95030 0.93148 0.93527 0.92375 0.92057 0.92144 0.92527 0.91786 0.92061 0.92098 0.90185 0.92818 0.94374 0.94567 0.94554 0.92048 0.89949 0.88893 0.89228 0.85061 0.83853 0.78990 0.77278 0.80799 0.80384 0.78275 0.74476 0.73918 0.69060 0.63035 0.60464
-9999 -9999 -9999 -9999 -9999 -9999 -9999 -9999 -9999 -9999 0.98668 0.98244 0.94894 0.97534 0.95144 0.91588 0.90954 0.90312 0.88675 0.89334 0.88569 0.88875 0.87750 0.88482 0.88953 0.92063 0.95391 0.96827 0.98685 0.99054 0.98742 0.99165 0.99456 1.00169 0.98578 0.99072 0.99070 0.99334 0.97076 0.96561 0.95981 0.94841 0.94372 0.91585 0.91403 0.90528 0.90702 0.90486 0.90692 0.91135 0.92451 0.92571 0.94497 0.96128 0.99612 0.99825 0.99561 1.00127 1.01158 0.97438 0.97393 0.98411 0.98304 0.96981 0.96721 0.94713 0.91732 0.88406 0.85050 0.74719 0.71040 0.67323 0.64403
-9999 -9999 -9999 -9999 -9999 -9999 -9999 -9999 -9999 -9999 -9999 -9999 1.02798 0.95320 0.94061 0.93315 0.95616 0.98521 0.94461 0.93904 0.93975 0.92349 0.92792 0.92864 0.94050 0.96540 0.96721 0.96512 0.97931 0.99408 1.00818 0.99367 0.99909 0.99091 0.99084 0.98292 0.98857 0.96302 0.95555 0.93574 0.93210 0.93343 0.91818 0.91555 0.90805 0.90408 0.89781 0.90547 0.89545 0.89991 0.90672 0.91488 0.92935 0.95207 1.01170 1.01949 1.02563 0.99537 0.99165 0.96795 0.97519 0.99096 0.98540 0.98375 0.98508 0.96522 0.94484 0.92306 0.87499 0.80486 0.70512 0.63676 0.63957
-9999 -9999 -9999 -9999 -9999 -9999 -9999 -9999 -9999 -9999 -9999 -9999 1.05439 1.00691 0.98117 0.96880 0.97806 0.98718 0.95219 0.95434 0.94487 0.91443 0.92624 0.95233 0.94064 0.96810 0.98448 0.99029 0.99895 1.00630 1.01750 1.01129 1.00878 0.99729 0.97776 0.98886 0.95773 0.93762 0.94107 0.94120 0.94196 0.94716 0.94789 0.93368 0.92941 0.91880 0.91447 0.89563 0.90864 0.90005 0.90324 0.92231 0.94368 0.96305 1.01843 1.02641 1.02226 0.99679 0.99833 0.97925 0.98903 0.99582 0.99153 0.98968 0.98460 0.95662 0.93351 0.90131 0.83790 0.75808 0.71672 0.69674 0.65364
-9999 -9999 -9999 -9999 -9999 -9999 -9999 -9999 -9999 -9999 -9999 1.06797 1.03179 1.05552 1.04934 0.96533 0.94449 0.93950 0.92178 0.92011 0.97720 0.91584 0.93571 0.93504 0.93893 0.94595 0.95763 0.97475 1.00329 1.02166 1.02956 1.01323 1.01659 1.01574 1.01130 1.03069 0.98384 0.97070 0.93688 0.90458 0.90785 0.90599 0.89350 0.90482 0.91480 0.93301 0.92677 0.93129 0.92385 0.91905 0.92997 0.93108 0.95058 0.97890 1.02993 1.02174 1.01595 0.99457 0.98716 0.99015 0.99397 0.99221 0.98371 0.97353 0.96273 0.94764 0.90348 0.85321 0.79189 0.70567 0.63855 0.61028 0.62986
-9999 -9999 -9999 -9999 -9999 -9999 -9999 -9999 -9999 -9999 -9999 1.07573 1.06173 1.05416 1.05394 0.98042 0.95873 0.94398 0.94607 0.94049 0.95183 0.94077 0.94652 0.96681 0.97932 0.97952 0.97352 0.98231 1.00592 1.01447 1.00331 1.00985 1.00436 1.01992 1.00461 1.00943 1.01639 0.97236 0.93145 0.92441 0.93243 0.92238 0.90591 0.90731 0.91761 0.91845 0.92755 0.93277 0.94026 0.95563 0.96178 0.96581 0.97418 0.98288 0.97930 0.98184 0.97637 0.98303 0.98026 0.97946 0.98110 0.98406 0.98212 0.97232 0.96086 0.94206 0.87942 0.84237 0.75022 0.66617 0.65694 0.64733 0.63305
-9999 -9999 -9999 -9999 -9999 -9999 -9999 -9999 -9999 -9999 -9999 1.05326 1.03007 1.02634 1.01587 0.98592 0.97424 0.96230 0.95679 0.96156 0.95356 0.96181 0.99485 0.99357 1.00041 1.00623 0.99136 1.00717 1.00332 1.03025 1.00571 0.99555 1.01108 1.00350 0.98030 1.02090 1.00242 1.01108 0.98517 0.96691 0.94698 0.93298 0.94834 0.94125 0.93595 0.93026 0.92562 0.88684 0.87541 0.89475 0.89987 0.90436 0.91080 0.91054 0.93192 0.95353 0.95024 0.96215 0.97287 0.96889 0.96983 0.97137 0.98901 0.98696 0.98866 0.96078 0.90604 0.83597 0.76047 0.69333 0.70199 0.62104 0.60906
