data/hydroclimate-scenarios/1948-2000.Pcorr55N_Pref_Tref/swe_stats/jd_10pc_accum.asc
ncols	311
nrows	91
xllcenter	102.75
yllcenter	31.75
cellsize	0.5
NODATA_value	-9999
[rows 0 to 31 of 91, columns 213 to 283 of 311]
-9999 -9999 -9999 -9999 -9999 -9999 -9999 -9999 -9999 -9999 -9999 -9999 -9999 -9999 -9999 -9999 -9999 -9999 -9999 -9999 -9999 -9999 -9999 -9999 -9999 -9999 -9999 -9999 -9999 -9999 -9999 -9999 -9999 -9999 -9999 -9999 -9999 -9999 -9999 -9999 -9999 -9999 -9999 -9999 -9999 -9999 -9999 -9999 -9999 -9999 -9999 -9999 -9999 -9999 -9999 -9999 -9999 -9999 -9999 -9999 -9999 -9999 -9999 -9999 -9999 -9999 -9999 -9999 -9999 -9999 -9999
-9999 -9999 -9999 -9999 -9999 -9999 -9999 -9999 -9999 -9999 -9999 -9999 -9999 -9999 -9999 -9999 -9999 -9999 -9999 -9999 -9999 -9999 -9999 -9999 -9999 -9999 -9999 -9999 -9999 -9999 -9999 -9999 -9999 -9999 -9999 -9999 -9999 -9999 -9999 -9999 -9999 -9999 -9999 -9999 -9999 -9999 -9999 -9999 -9999 -9999 -9999 -9999 -9999 -9999 -9999 -9999 -9999 -9999 -9999 -9999 -9999 -9999 -9999 -9999 -9999 -9999 -9999 -9999 -9999 -9999 -9999
-9999 -9999 -9999 -9999 -9999 -9999 -9999 -9999 -9999 -9999 -9999 -9999 -9999 -9999 -9999 -9999 -9999 -9999 -9999 -9999 -9999 -9999 -9999 -9999 -9999 -9999 -9999 -9999 -9999 -9999 -9999 -9999 -9999 -9999 -9999 -9999 -9999 -9999 -9999 -9999 -9999 -9999 -9999 -9999 -9999 -9999 -9999 -9999 -9999 -9999 -9999 -9999 -9999 -9999 -9999 -9999 -9999 -9999 -9999 -9999 -9999 -9999 -9999 -9999 -9999 -9999 -9999 -9999 -9999 -9999 -9999
-9999 -9999 -9999 -9999 -9999 -9999 -9999 -9999 -9999 -9999 -9999 -9999 -9999 -9999 -9999 -9999 -9999 -9999 -9999 -9999 -9999 -9999 -9999 -9999 -9999 -9999 -9999 -9999 -9999 -9999 -9999 -9999 -9999 -9999 -9999 -9999 -9999 -9999 -9999 -9999 -9999 -9999 -9999 -9999 -9999 -9999 -9999 -9999 -9999 -9999 -9999 -9999 -9999 -9999 -9999 -9999 -9999 -9999 -9999 -9999 -9999 -9999 -9999 -9999 -9999 -9999 -9999 -9999 -9999 -9999 -9999
-9999 -9999 -9999 -9999 -9999 -9999 -9999 -9999 -9999 -9999 -9999 -9999 -9999 -9999 -9999 -9999 -9999 -9999 -9999 -9999 -9999 -9999 -9999 -9999 -9999 -9999 -9999 -9999 -9999 -9999 -9999 -9999 -9999 -9999 -9999 -9999 -9999 -9999 -9999 -9999 -9999 -9999 -9999 -9999 -9999 -9999 -9999 -9999 -9999 -9999 -9999 -9999 -9999 -9999 -9999 -9999 -9999 -9999 -9999 -9999 -9999 -9999 -9999 -9999 -9999 -9999 -9999 -9999 -9999 -9999 -9999
-9999 -9999 -9999 -9999 -9999 -9999 -9999 -9999 -9999 -9999 -9999 -9999 -9999 -9999 -9999 -9999 -9999 -9999 -9999 -9999 -9999 -9999 -9999 -9999 -9999 -9999 -9999 -9999 -9999 -9999 -9999 -9999 -9999 -9999 -9999 -9999 -9999 -9999 -9999 -9999 -9999 -9999 -9999 -9999 -9999 -9999 -9999 -9999 -9999 -9999 -9999 -9999 -9999 -9999 -9999 -9999 -9999 -9999 -9999 -9999 -9999 -9999 -9999 -9999 -9999 -9999 -9999 -9999 -9999 -9999 -9999
-9999 -9999 -9999 -9999 -9999 -9999 -9999 -9999 -9999 -9999 -9999 -9999 -9999 -9999 -9999 -9999 -9999 -9999 -9999 -9999 -9999 -9999 -9999 -9999 -9999 -9999 -9999 -9999 -9999 -9999 -9999 -9999 -9999 -9999 -9999 -9999 -9999 -9999 -9999 -9999 -9999 -9999 -9999 -9999 -9999 -9999 -9999 -9999 -9999 -9999 -9999 -9999 -9999 -9999 -9999 -9999 -9999 -9999 -9999 -9999 -9999 -9999 -9999 -9999 -9999 -9999 -9999 -9999 -9999 -9999 -9999
-9999 -9999 -9999 -9999 -9999 -9999 -9999 -9999 -9999 -9999 -9999 -9999 -9999 -9999 -9999 -9999 -9999 -9999 -9999 -9999 -9999 -9999 -9999 -9999 -9999 -9999 -9999 -9999 -9999 -9999 -9999 -9999 -9999 -9999 -9999 -9999 -9999 -9999 -9999 -9999 -9999 -9999 -9999 -9999 -9999 -9999 -9999 -9999 -9999 -9999 -9999 -9999 -9999 -9999 -9999 -9999 -9999 -9999 -9999 -9999 -9999 -9999 -9999 -9999 -9999 -9999 -9999 -9999 -9999 -9999 -9999
-9999 -9999 -9999 -9999 -9999 -9999 -9999 -9999 -9999 -9999 -9999 -9999 -9999 -9999 -9999 -9999 -9999 -9999 -9999 -9999 -9999 -9999 -9999 -9999 -9999 -9999 -9999 -9999 -9999 -9999 -9999 -9999 -9999 -9999 -9999 -9999 -9999 -9999 -9999 -9999 -9999 -9999 -9999 -9999 -9999 -9999 -9999 -9999 -9999 -9999 -9999 -9999 -9999 -9999 -9999 -9999 -9999 -9999 -9999 -9999 -9999 -9999 -9999 -9999 -9999 -9999 -9999 -9999 -9999 -9999 -9999
-9999 -9999 -9999 -9999 -9999 -9999 -9999 -9999 -9999 -9999 -9999 -9999 -9999 -9999 -9999 -9999 -9999 -9999 -9999 -9999 -9999 -9999 -9999 -9999 -9999 -9999 -9999 -9999 -9999 -9999 -9999 -9999 -9999 -9999 -9999 -9999 -9999 -9999 -9999 -9999 -9999 -9999 -9999 -9999 -9999 -9999 -9999 -9999 -9999 -9999 -9999 -9999 -9999 -9999 -9999 -9999 -9999 -9999 -9999 -9999 -9999 -9999 -9999 -9999 -9999 -9999 -9999 -9999 -9999 -9999 -9999
-9999 -9999 -9999 -9999 -9999 -9999 -9999 -9999 -9999 -9999 -9999 -9999 -9999 -9999 -9999 -9999 -9999 -9999 -9999 -9999 -9999 -9999 -9999 -9999 -9999 -9999 -9999 -9999 -9999 -9999 -9999 -9999 -9999 -9999 -9999 -9999 -9999 -9999 -9999 -9999 -9999 -9999 -9999 -9999 -9999 -9999 -9999 -9999 -9999 -9999 -9999 -9999 -9999 -9999 -9999 -9999 -9999 -9999 -9999 -9999 -9999 -9999 -9999 -9999 -9999 -9999 -9999 -9999 -9999 -9999 -9999
-9999 -9999 -9999 -9999 -9999 -9999 -9999 -9999 -9999 -9999 -9999 -9999 -9999 -9999 -9999 -9999 -9999 -9999 -9999 -9999 -9999 -9999 -9999 -9999 -9999 -9999 -9999 -9999 -9999 -9999 -9999 -9999 -9999 -9999 -9999 -9999 -9999 -9999 -9999 -9999 -9999 -9999 -9999 -9999 -9999 -9999 -9999 -9999 -9999 -9999 -9999 -9999 -9999 -9999 -9999 -9999 -9999 -9999 -9999 -9999 -9999 -9999 -9999 -9999 -9999 -9999 -9999 -9999 -9999 -9999 -9999
-9999 -9999 -9999 -9999 -9999 -9999 -9999 -9999 -9999 -9999 -9999 -9999 -9999 -9999 -9999 -9999 -9999 -9999 -9999 -9999 -9999 -9999 -9999 -9999 -9999 -9999 -9999 -9999 -9999 -9999 -9999 -9999 -9999 -9999 -9999 -9999 -9999 -9999 -9999 -9999 -9999 -9999 -9999 -9999 -9999 -9999 -9999 -9999 -9999 -9999 -9999 -9999 -9999 -9999 -9999 -9999 -9999 -9999 -9999 -9999 -9999 -9999 -9999 -9999 -9999 -9999 -9999 -9999 -9999 -9999 -9999
40.05770 40.44230 41.86540 42.26920 41.25000 41.30770 -9999 -9999 -9999 -9999 -9999 -9999 -9999 -9999 -9999 -9999 -9999 -9999 -9999 -9999 -9999 -9999 -9999 -9999 -9999 -9999 -9999 -9999 -9999 -9999 -9999 -9999 -9999 -9999 -9999 -9999 -9999 -9999 -9999 -9999 -9999 -9999 -9999 -9999 -9999 -9999 -9999 40.78850 -9999 -9999 -9999 -9999 -9999 -9999 -9999 -9999 -9999 -9999 -9999 -9999 -9999 -9999 -9999 -9999 -9999 -9999 -9999 -9999 -9999 -9999 -9999
43.07690 42.65380 42.17310 43.05770 43.03850 43.15380 50.40380 52.51920 51.71150 51.55770 60.59620 54.53850 58.00000 52.82690 53.78850 53.36540 54.28850 53.92310 37.19230 -9999 -9999 -9999 -9999 -9999 -9999 -9999 -9999 -9999 -9999 -9999 -9999 -9999 -9999 -9999 -9999 -9999 -9999 -9999 -9999 -9999 -9999 -9999 72.44230 43.84620 53.76920 139.71201 123.40400 56.13460 40.90380 -9999 -9999 -9999 48.63460 -9999 -9999 -9999 36.00000 35.84620 35.94230 -9999 -9999 -9999 -9999 -9999 -9999 -9999 -9999 -9999 -9999 -9999 -9999
43.03850 42.69230 42.50000 42.28850 42.17310 41.78850 50.71150 215.38499 207.23100 211.25000 221.17300 230.88499 227.48100 222.30800 277.25000 242.34599 246.11501 252.00000 257.69199 266.09601 188.13499 109.63500 28.48080 33.76920 37.80770 -9999 -9999 -9999 -9999 -9999 39.61540 40.40380 40.00000 40.42310 41.69230 42.96150 42.98080 42.88460 43.17310 42.59620 41.65380 41.23080 144.07700 124.11500 144.57700 127.23100 144.71201 107.28800 41.88460 42.21150 41.40380 41.75000 41.59620 41.71150 37.84620 37.84620 37.32690 35.55770 35.90380 34.32690 35.63460 36.15380 36.00000 35.65380 -9999 -9999 -9999 -9999 -9999 -9999 -9999
39.40380 37.71150 37.65380 50.28850 46.28850 40.03850 216.46201 228.78799 235.92300 232.96201 294.69199 241.26900 235.71201 240.11501 234.30800 242.01900 226.50000 223.03900 231.30800 193.96201 136.76900 114.80800 31.65380 57.51920 34.50000 34.55770 37.13460 38.00000 39.76920 40.11540 40.92310 40.75000 39.92310 40.48080 41.84620 42.36540 42.96150 43.73080 43.28850 43.17310 42.53850 43.25000 43.34620 44.05770 45.76920 44.94230 45.36540 44.17310 45.63460 43.73080 41.69230 41.00000 38.92310 38.63460 43.23080 39.61540 41.69230 40.63460 39.86540 39.84620 39.09620 38.88460 37.78850 36.88460 35.57690 35.40380 36.98080 37.76920 43.28850 38.01920 39.50000
24.67310 45.51920 23.03850 184.00000 186.76900 239.63499 224.00000 217.63499 237.17300 227.52901 221.94099 225.19600 217.78799 223.69200 225.86501 226.75000 202.38000 130.10001 63.90380 56.07690 59.42310 47.28850 37.59620 37.44230 38.07690 39.38460 44.92310 43.26920 44.15380 45.55770 43.01920 42.59620 42.46150 42.94230 43.88460 44.05770 44.55770 45.17310 45.07690 45.15380 44.73080 45.07690 45.17310 44.78850 45.65380 45.59620 46.42310 45.50000 47.25000 46.00000 43.55770 42.65380 40.84620 40.36540 41.42310 42.15380 43.46150 42.28850 40.53850 40.69230 40.90380 41.26920 39.59620 39.63460 39.73080 39.19230 39.25000 40.51920 38.82690 39.26920 40.98080
50.36540 45.55770 42.63460 36.84620 37.59620 49.11540 40.30770 86.53850 64.36540 54.61540 50.34620 54.94230 73.92310 58.42310 219.85699 65.94230 46.67310 76.59620 72.09620 65.21150 40.59620 39.44230 39.28850 39.11540 39.96150 38.75000 41.73080 50.51920 50.59620 53.00000 44.61540 44.32690 46.15380 46.03850 47.48080 47.44230 45.82690 46.80770 48.05770 47.67310 47.15380 48.17310 46.48080 46.32690 48.00000 48.76920 47.80770 47.09620 48.21150 47.28850 45.98080 45.96150 45.38460 45.19230 42.48080 42.71150 40.76920 40.90380 41.80770 41.90380 40.34620 40.11540 40.65380 40.42310 41.63460 41.63460 42.36540 42.42310 40.63460 40.92310 43.19230
40.90380 38.44230 49.46150 52.36540 52.51920 57.48080 63.69230 54.84620 45.57690 46.21150 50.36540 50.21150 51.19230 48.38460 46.88460 46.42310 48.84620 47.63460 43.26920 43.15380 45.21150 43.23080 41.69230 41.17310 43.59620 41.63460 44.67310 45.21150 44.00000 50.07690 44.36540 45.50000 46.96150 45.44230 47.65380 48.84620 49.19230 49.73080 48.61540 48.90380 48.51920 49.21150 48.34620 47.55770 48.82690 49.94230 49.32690 48.38460 49.38460 49.07690 47.80770 48.01920 47.40380 47.11540 43.44230 43.71150 41.67310 41.78850 42.80770 42.55770 41.55770 41.05770 42.42310 43.40380 42.86540 42.88460 43.23080 43.92310 43.34620 42.09620 44.26920
40.71150 36.65380 38.86540 40.36540 42.05770 43.90380 45.48080 45.09620 46.61540 48.25000 52.46150 53.11540 50.78850 50.21150 48.03850 47.84620 45.98080 47.73080 46.01920 46.53850 64.67310 68.73080 51.55770 63.30770 50.59620 47.92310 46.32690 45.50000 43.19230 45.34620 46.88460 47.05770 47.51920 47.13460 46.48080 47.34620 49.61540 50.50000 50.88460 51.61540 54.01920 54.01920 50.69230 50.28850 49.55770 49.53850 49.57690 48.73080 48.82690 48.23080 50.53850 47.36540 45.65380 45.90380 44.11540 45.38460 41.76920 41.32690 43.15380 43.05770 44.13460 43.96150 42.23080 42.15380 43.80770 43.75000 44.71150 45.34620 45.59620 45.84620 45.69230
41.84620 44.78850 44.46150 49.05770 48.92310 47.82690 49.86540 48.90380 50.67310 51.09620 53.61540 52.90380 50.28850 49.23080 49.94230 49.69230 47.80770 47.71150 46.44230 46.65380 77.59620 162.73100 200.98100 101.42300 52.44230 48.32690 46.11540 47.01920 46.07690 46.19230 50.90380 46.69230 46.59620 47.00000 48.82690 48.55770 49.42310 48.50000 50.25000 51.07690 54.40380 53.30770 50.75000 52.40380 51.86540 50.50000 50.26920 50.23080 50.71150 49.69230 49.34620 47.84620 46.32690 46.59620 46.42310 46.25000 44.07690 42.03850 44.19230 43.88460 44.71150 45.53850 44.42310 43.51920 44.36540 44.57690 47.76920 49.23080 47.59620 46.94230 47.36540
44.05770 46.40380 48.00000 48.30770 49.32690 48.82690 48.50000 73.17310 72.32690 47.69230 67.65380 61.13460 48.28850 50.05770 49.05770 48.78850 45.19230 46.84620 50.50000 48.13460 80.26920 142.09599 166.21201 95.96150 79.42310 56.17310 50.28850 50.48080 48.21150 47.76920 47.34620 48.01920 47.26920 45.73080 46.92310 46.23080 48.03850 49.07690 50.17310 50.21150 50.32690 50.98080 51.90380 53.61540 54.26920 52.98080 51.73080 51.61540 51.03850 51.19230 49.51920 48.44230 49.23080 49.53850 48.46150 48.48080 46.09620 45.48080 45.05770 49.23080 49.15380 45.17310 47.15380 46.26920 48.01920 48.80770 52.61540 50.92310 48.09620 47.46150 47.78850
49.86540 47.57690 48.67310 50.92310 55.59620 56.03850 52.94230 50.75000 72.65380 60.84620 56.71150 54.00000 58.21570 56.28850 61.42310 59.98040 46.53850 46.13460 49.13460 51.76920 66.23080 146.38499 92.69230 87.71150 78.84620 75.13460 76.73080 76.21150 70.01920 57.59620 50.17310 46.96150 47.96150 50.44230 62.40380 68.09620 78.50000 73.36540 60.96150 55.46150 63.78850 56.42310 50.03850 50.07690 50.53850 50.73080 51.86540 53.05770 54.00000 52.19230 51.32690 52.13460 49.61540 48.86540 47.90380 47.01920 45.00000 44.51920 51.59620 50.03850 47.67310 49.98080 48.73080 51.07690 51.69230 54.63460 56.61540 55.50000 50.59620 48.82690 49.48080
49.61540 50.23080 52.19230 52.55770 57.30770 59.96150 55.51920 55.23080 55.05770 56.92310 65.71150 55.80770 54.38460 94.32690 140.23500 86.48080 282.15601 77.21570 118.03800 55.82690 47.05770 153.59599 168.13499 170.15401 174.84599 122.28800 167.50000 78.53850 76.61540 77.59620 81.80770 86.09620 79.63460 84.51920 93.96150 85.05770 88.32690 89.23080 82.67310 79.13460 80.98080 78.96150 65.13460 64.17310 60.17310 58.75000 56.51920 53.36540 50.86540 52.46150 53.13460 53.25000 51.03850 48.67310 47.63460 47.42310 49.34620 52.96150 54.15380 54.17310 53.38460 52.78850 51.23080 49.13460 56.84620 57.94230 59.13460 55.59620 58.07690 52.88460 51.88460
53.63460 51.98080 51.11540 52.50000 50.76920 52.73080 52.50000 55.36540 55.75000 54.32690 52.05770 49.75000 69.05770 64.23080 73.36540 104.78800 116.86500 68.01920 82.76920 77.48080 73.55770 65.50000 131.15401 75.53850 75.13460 118.38500 122.61500 78.09620 77.80770 74.84620 74.69230 75.59620 76.51920 77.96150 76.32690 82.88460 76.57690 78.55770 78.17310 77.42310 79.21150 74.50000 56.57690 54.50000 53.57690 54.48080 53.53850 51.69230 48.28850 49.15380 51.82690 53.17310 51.84620 50.05770 48.19230 50.38460 50.07690 50.78850 52.73080 54.80770 53.19230 55.30770 52.07690 48.36540 53.46150 56.42310 60.00000 59.46150 60.25000 60.00000 55.94230
49.34620 49.51920 46.50000 44.96150 45.07690 40.55770 53.71150 50.84620 53.61540 56.96150 48.00000 51.26920 50.67310 53.21150 52.65380 50.11540 52.73080 49.78850 71.84620 84.38460 75.44230 77.05770 79.46150 70.19230 66.63460 67.03850 65.69230 70.09620 70.09620 61.90380 55.86540 59.26920 66.25000 68.11540 65.25000 62.57690 76.75000 73.86540 73.63460 67.78850 60.55770 56.28850 53.51920 52.65380 52.25000 50.34620 50.78850 52.63460 50.01920 48.94230 50.84620 52.17310 52.90380 52.65380 52.80770 51.65380 53.88460 54.32690 51.94230 55.46150 54.98080 57.28850 57.90380 58.53850 56.57690 56.25000 59.23080 60.44230 61.80770 61.65380 56.65380
-9999 25.90380 38.36540 41.30770 39.00000 42.46150 46.34620 42.94230 63.65380 62.09620 68.80770 64.86540 59.42310 46.19230 44.32690 49.76920 54.71150 54.32690 46.51920 47.73080 50.94230 56.71150 66.36540 62.01920 70.34620 68.11540 68.11540 66.30770 67.26920 66.36540 69.21150 75.38460 76.28850 71.46150 74.98080 75.92310 73.21150 69.00000 67.53850 61.61540 57.42310 53.51920 52.55770 49.63460 49.13460 49.23080 50.46150 51.82690 50.26920 49.28850 50.23080 51.63460 51.98080 53.76920 54.96150 52.36540 51.46150 53.98080 57.71150 56.61540 55.40380 57.28850 59.38460 57.28850 55.28850 56.07690 59.51920 60.61540 63.75000 63.26920 59.38460
17.67310 51.51920 46.86540 41.96150 43.34620 42.05770 43.17310 47.32690 50.23080 49.84620 51.50000 50.36540 50.94230 47.21150 50.19230 46.38460 48.86540 54.98080 46.38460 49.46150 50.03850 54.11540 56.44230 63.19230 75.48080 75.51920 70.28850 65.51920 67.63460 64.92310 65.71150 68.80770 73.40380 76.48080 74.51920 73.65380 71.69230 69.76920 68.07690 61.34620 58.90380 54.03850 49.98080 48.30770 47.34620 47.19230 48.44230 49.78850 50.34620 53.19230 53.32690 53.34620 50.96150 55.23080 57.30770 56.82690 57.44230 57.61540 56.92310 57.00000 56.80770 57.00000 59.51920 60.69230 62.21150 62.38460 61.73080 63.80770 62.53850 61.30770 62.23080
62.61540 67.25000 56.13460 40.96150 36.61540 37.30770 40.17310 43.88460 50.59620 52.11540 54.94230 58.05770 46.53850 1.63462 22.40380 34.63460 35.15380 42.86540 47.07690 49.42310 56.32690 52.82690 52.61540 54.84620 58.82690 69.59620 71.80770 73.92310 71.67310 65.90380 70.01920 74.46150 74.82690 77.98080 72.96150 73.59620 66.32690 66.67310 63.03850 62.26920 58.40380 54.25000 49.98080 49.30770 47.30770 48.13460 47.71150 48.90380 51.32690 53.15380 54.09620 54.30770 51.75000 56.34620 58.46150 59.63460 59.23080 59.61540 58.67310 60.05770 60.98080 60.23080 60.32690 62.07690 63.80770 67.21150 68.36540 67.19230 66.23080 63.53850 60.94230
62.59620 65.92310 65.38460 52.00000 46.48080 42.98080 43.25000 41.67310 47.32690 50.51920 53.19230 58.42310 53.25000 42.75000 -9999 -9999 1.25000 22.57690 37.32690 42.11540 45.75000 47.53850 50.03850 50.03850 60.19230 72.55770 62.38460 64.21150 67.92310 69.21150 73.15380 76.63460 76.17310 77.13460 76.80770 77.11540 72.63460 63.42310 63.23080 61.42310 59.03850 55.88460 56.17310 50.92310 48.38460 48.07690 48.13460 49.50000 51.03850 52.57690 53.21150 53.48080 54.40380 58.03850 60.63460 61.53850 63.84620 60.11540 61.86540 61.23080 62.69230 62.73080 65.34620 66.88460 69.21150 70.38460 69.19230 68.94230 67.26920 67.25000 67.57690
70.94230 -9999 68.36540 46.53850 42.94230 -9999 -9999 -9999 -9999 1.80769 41.71150 51.59620 50.28850 49.86540 47.15380 48.78850 53.01920 39.90380 -9999 -9999 -9999 -9999 5.65385 48.78850 49.90380 52.42310 52.88460 55.25000 55.88460 60.28850 64.13460 67.90380 77.94230 78.15380 76.50000 68.75000 63.67310 63.07690 62.86540 58.71150 56.86540 55.59620 57.59620 58.65380 51.44230 50.57690 50.46150 51.44230 53.34620 55.13460 56.48080 56.90380 57.03850 57.90380 62.44230 63.92310 66.34620 65.86540 63.44230 62.65380 63.32690 64.67310 66.32690 69.51920 70.15380 70.46150 70.09620 70.26920 66.61540 65.61540 68.07690
