data/hydroclimate-scenarios/1948-2000.Pcorr55N_Pref_Tref/swe_stats/jd_10pc_accum.1950-2000.asc
ncols	311
nrows	91
xllcenter	102.75
yllcenter	31.75
cellsize	0.5
NODATA_value	-9999
[rows 0 to 31 of 91, columns 0 to 70 of 311]
-9999 -9999 -9999 -9999 -9999 -9999 -9999 -9999 -9999 -9999 -9999 -9999 -9999 -9999 -9999 -9999 -9999 -9999 -9999 -9999 -9999 -9999 -9999 -9999 -9999 -9999 -9999 -9999 -9999 -9999 -9999 -9999 -9999 -9999 -9999 -9999 -9999 -9999 -9999 -9999 -9999 -9999 -9999 -9999 -9999 -9999 -9999 -9999 -9999 -9999 -9999 -9999 -9999 -9999 -9999 -9999 -9999 -9999 -9999 -9999 -9999 -9999 -9999 -9999 -9999 -9999 -9999 -9999 -9999 -9999 -9999
-9999 -9999 -9999 -9999 -9999 -9999 -9999 -9999 -9999 -9999 -9999 -9999 -9999 -9999 -9999 -9999 -9999 -9999 -9999 -9999 -9999 -9999 -9999 -9999 -9999 -9999 -9999 -9999 -9999 -9999 -9999 -9999 -9999 -9999 -9999 -9999 -9999 -9999 -9999 -9999 -9999 -9999 -9999 -9999 -9999 -9999 -9999 -9999 -9999 -9999 -9999 -9999 -9999 -9999 -9999 -9999 -9999 -9999 -9999 -9999 -9999 -9999 -9999 -9999 -9999 -9999 -9999 -9999 -9999 -9999 -9999
-9999 -9999 -9999 -9999 -9999 -9999 -9999 -9999 -9999 -9999 -9999 -9999 -9999 -9999 -9999 -9999 -9999 -9999 -9999 -9999 -9999 -9999 -9999 -9999 -9999 -9999 -9999 -9999 -9999 -9999 -9999 -9999 -9999 -9999 -9999 -9999 -9999 -9999 -9999 -9999 -9999 -9999 -9999 -9999 -9999 -9999 -9999 -9999 -9999 -9999 -9999 -9999 -9999 -9999 -9999 -9999 -9999 -9999 -9999 -9999 -9999 -9999 -9999 -9999 -9999 -9999 -9999 -9999 -9999 -9999 -9999
-9999 -9999 -9999 -9999 -9999 -9999 -9999 -9999 -9999 -9999 -9999 -9999 -9999 -9999 -9999 -9999 -9999 -9999 -9999 -9999 -9999 -9999 -9999 -9999 -9999 -9999 -9999 -9999 -9999 -9999 -9999 -9999 -9999 -9999 -9999 -9999 -9999 -9999 -9999 -9999 -9999 -9999 -9999 -9999 -9999 -9999 -9999 -9999 -9999 -9999 -9999 -9999 -9999 -9999 -9999 -9999 -9999 -9999 -9999 -9999 -9999 -9999 -9999 -9999 -9999 -9999 -9999 -9999 -9999 -9999 -9999
-9999 -9999 -9999 -9999 -9999 -9999 -9999 -9999 -9999 -9999 -9999 -9999 -9999 -9999 -9999 -9999 -9999 -9999 -9999 -9999 -9999 -9999 -9999 -9999 -9999 -9999 -9999 -9999 -9999 -9999 -9999 -9999 -9999 -9999 -9999 -9999 -9999 -9999 -9999 -9999 -9999 -9999 -9999 -9999 -9999 -9999 -9999 -9999 -9999 -9999 -9999 -9999 -9999 -9999 -9999 -9999 -9999 -9999 -9999 -9999 -9999 -9999 -9999 -9999 -9999 -9999 -9999 -9999 -9999 -9999 -9999
-9999 -9999 -9999 -9999 -9999 -9999 -9999 -9999 -9999 -9999 -9999 -9999 -9999 -9999 -9999 -9999 -9999 -9999 -9999 -9999 -9999 -9999 -9999 -9999 -9999 -9999 -9999 -9999 -9999 -9999 -9999 -9999 -9999 -9999 -9999 -9999 -9999 -9999 -9999 -9999 -9999 -9999 -9999 -9999 -9999 -9999 -9999 -9999 -9999 -9999 -9999 -9999 -9999 -9999 -9999 -9999 -9999 -9999 -9999 -9999 -9999 -9999 -9999 -9999 -9999 -9999 -9999 -9999 -9999 -9999 -9999
-9999 -9999 -9999 -9999 -9999 -9999 -9999 -9999 -9999 -9999 -9999 -9999 -9999 -9999 -9999 -9999 -9999 -9999 -9999 -9999 -9999 -9999 -9999 -9999 -9999 -9999 -9999 -9999 -9999 -9999 -9999 -9999 -9999 -9999 -9999 -9999 -9999 -9999 -9999 -9999 -9999 -9999 -9999 -9999 -9999 -9999 -9999 -9999 -9999 -9999 -9999 -9999 -9999 -9999 -9999 -9999 -9999 -9999 -9999 -9999 -9999 -9999 -9999 -9999 -9999 -9999 -9999 -9999 -9999 -9999 -9999
-9999 -9999 -9999 -9999 -9999 -9999 -9999 -9999 -9999 -9999 -9999 -9999 -9999 -9999 -9999 -9999 -9999 -9999 -9999 -9999 -9999 -9999 -9999 -9999 -9999 -9999 -9999 -9999 -9999 -9999 -9999 -9999 -9999 -9999 -9999 -9999 -9999 -9999 -9999 -9999 -9999 -9999 33.84310 33.33330 33.00000 31.25490 31.00000 32.39220 32.92160 34.27450 34.50980 34.07840 -9999 -9999 -9999 -9999 -9999 -9999 -9999 -9999 -9999 -9999 -9999 -9999 -9999 -9999 -9999 -9999 -9999 -9999 -9999
-9999 -9999 -9999 -9999 -9999 -9999 -9999 -9999 -9999 -9999 -9999 -9999 -9999 -9999 -9999 -9999 -9999 -9999 -9999 -9999 -9999 -9999 -9999 -9999 -9999 -9999 -9999 -9999 -9999 -9999 -9999 -9999 -9999 -9999 -9999 -9999 -9999 -9999 32.66670 30.00000 31.50980 32.01960 31.78430 30.58820 31.49020 30.96080 31.17650 32.45100 32.64710 32.90200 33.31370 35.05880 35.09800 33.33330 -9999 -9999 -9999 -9999 -9999 -9999 -9999 -9999 -9999 -9999 -9999 -9999 -9999 -9999 -9999 -9999 -9999
-9999 -9999 -9999 -9999 -9999 -9999 -9999 -9999 -9999 -9999 -9999 -9999 -9999 -9999 -9999 -9999 -9999 -9999 -9999 -9999 -9999 -9999 -9999 -9999 -9999 -9999 -9999 -9999 -9999 -9999 -9999 -9999 -9999 -9999 -9999 -9999 -9999 -9999 -9999 -9999 33.27450 32.86270 31.72550 29.98040 30.49020 30.00000 31.05880 33.13730 33.52940 33.19610 33.66670 36.23530 36.74510 35.78430 -9999 -9999 -9999 -9999 -9999 -9999 -9999 -9999 -9999 -9999 -9999 -9999 -9999 -9999 -9999 -9999 -9999
-9999 -9999 -9999 -9999 -9999 -9999 -9999 -9999 -9999 -9999 -9999 -9999 -9999 -9999 -9999 -9999 -9999 -9999 -9999 -9999 -9999 -9999 -9999 -9999 -9999 -9999 -9999 -9999 -9999 -9999 -9999 -9999 -9999 -9999 -9999 -9999 -9999 -9999 -9999 -9999 -9999 -9999 -9999 -9999 29.88240 31.15690 29.94120 30.68630 30.76470 34.29410 34.76470 34.66670 36.64710 38.52940 -9999 -9999 -9999 -9999 -9999 -9999 35.64710 -9999 -9999 -9999 -9999 -9999 -9999 -9999 -9999 -9999 -9999
-9999 -9999 -9999 -9999 -9999 -9999 -9999 -9999 -9999 -9999 -9999 -9999 -9999 -9999 -9999 -9999 -9999 -9999 -9999 -9999 -9999 -9999 -9999 -9999 -9999 -9999 -9999 -9999 -9999 -9999 -9999 -9999 -9999 -9999 -9999 -9999 -9999 -9999 -9999 -9999 -9999 29.11760 28.98040 28.76470 29.00000 31.23530 30.84310 30.49020 31.29410 33.80390 33.52940 34.50980 35.68630 38.92160 -9999 -9999 -9999 -9999 -9999 37.07840 36.96080 38.84310 38.64710 41.90200 41.84310 38.27450 37.96080 40.74510 39.66670 39.49020 39.82350
-9999 -9999 -9999 -9999 -9999 -9999 -9999 -9999 -9999 -9999 -9999 -9999 -9999 -9999 -9999 -9999 -9999 -9999 -9999 -9999 -9999 -9999 -9999 -9999 -9999 -9999 -9999 -9999 -9999 -9999 -9999 -9999 -9999 -9999 -9999 -9999 -9999 -9999 -9999 -9999 -9999 30.62750 30.45100 30.05880 31.47060 32.62750 32.47060 32.45100 32.39220 33.92160 33.98040 31.43140 31.03920 32.94120 35.60780 34.80390 37.64710 -9999 38.98040 37.05880 37.29410 37.03920 37.11760 37.82350 37.60780 38.17650 38.11760 37.98040 37.98040 39.41180 38.74510
-9999 -9999 -9999 -9999 -9999 -9999 -9999 -9999 -9999 -9999 -9999 -9999 -9999 -9999 -9999 -9999 -9999 -9999 -9999 -9999 -9999 -9999 -9999 -9999 -9999 -9999 -9999 -9999 -9999 -9999 -9999 -9999 -9999 -9999 -9999 32.03920 31.82350 31.45100 31.54900 33.68630 33.49020 33.05880 32.94120 31.96080 32.01960 33.98040 34.07840 33.43140 33.13730 33.90200 33.25490 30.90200 28.49020 29.96080 30.11760 29.96080 35.41180 36.23530 38.15690 36.92160 37.29410 37.07840 37.49020 34.82350 35.54900 38.17650 37.92160 38.03920 38.09800 38.66670 38.54900
-9999 -9999 -9999 -9999 -9999 -9999 -9999 -9999 -9999 -9999 -9999 -9999 -9999 -9999 -9999 -9999 -9999 -9999 -9999 -9999 -9999 -9999 -9999 -9999 -9999 -9999 -9999 -9999 -9999 -9999 -9999 -9999 -9999 -9999 34.11760 32.58820 32.33330 31.54900 31.60780 34.62750 34.82350 35.05880 35.27450 37.35290 38.01960 36.05880 35.70590 35.25490 34.17650 32.72550 30.13730 30.15690 27.76470 27.31370 28.52940 30.82350 35.05880 36.35290 40.01960 36.07840 35.17650 33.50980 33.80390 32.94120 34.43140 35.39220 34.74510 34.37250 29.54900 33.43140 31.70590
-9999 -9999 -9999 -9999 -9999 -9999 -9999 -9999 -9999 -9999 -9999 -9999 -9999 -9999 -9999 -9999 -9999 -9999 -9999 -9999 -9999 -9999 -9999 -9999 -9999 -9999 -9999 -9999 -9999 -9999 -9999 -9999 -9999 33.84310 34.03920 33.21570 33.25490 32.74510 32.62750 35.43140 35.62750 35.41180 36.23530 39.17650 37.60780 36.05880 35.49020 34.76470 32.56860 30.25490 27.13730 24.92160 20.86270 25.92160 30.45100 31.80390 32.64710 37.17650 39.37250 35.17650 34.19610 34.86270 35.49020 36.90200 36.25490 35.43140 32.92160 32.03920 30.66670 33.98040 32.15690
-9999 -9999 -9999 -9999 -9999 -9999 -9999 -9999 -9999 -9999 -9999 -9999 -9999 -9999 -9999 -9999 -9999 -9999 -9999 -9999 -9999 -9999 -9999 -9999 -9999 -9999 -9999 -9999 -9999 -9999 -9999 36.31370 35.50980 34.39220 35.03920 35.50980 35.37250 35.60780 35.13730 35.90200 36.17650 37.35290 39.11760 38.64710 37.21570 36.47060 36.17650 36.76470 31.60780 32.11760 29.70590 26.29410 21.60780 25.35290 27.96080 29.74510 34.76470 35.64710 34.27450 33.27450 35.50980 35.70590 35.33330 37.13730 36.21570 35.33330 34.92160 36.54900 35.80390 31.72550 29.70590
-9999 -9999 -9999 -9999 -9999 -9999 -9999 -9999 -9999 -9999 -9999 -9999 -9999 -9999 -9999 -9999 -9999 -9999 -9999 -9999 -9999 -9999 -9999 -9999 -9999 -9999 -9999 -9999 -9999 38.19610 36.86270 36.23530 36.49020 35.86270 35.43140 36.39220 36.31370 37.00000 35.96080 36.68630 36.25490 37.92160 38.15690 38.25490 37.74510 35.62750 34.98040 34.39220 29.31370 29.17650 28.31370 24.17650 22.29410 25.11760 25.43140 28.88240 34.15690 33.66670 36.01960 35.76470 36.35290 35.56860 35.49020 36.49020 36.25490 35.66670 34.01960 31.49020 30.64710 31.82350 32.72550
-9999 -9999 -9999 -9999 -9999 -9999 -9999 -9999 -9999 -9999 -9999 -9999 -9999 -9999 -9999 -9999 -9999 -9999 -9999 -9999 -9999 -9999 -9999 -9999 39.52940 39.00000 39.21570 39.09800 38.94120 38.21570 38.27450 38.68630 39.82350 38.82350 37.90200 38.49020 38.23530 39.92160 40.00000 38.56860 38.86270 38.11760 37.49020 38.70590 38.17650 35.54900 35.31370 32.80390 28.84310 29.96080 29.72550 24.27450 23.84310 28.07840 30.72550 32.58820 34.43140 37.49020 38.70590 37.09800 39.50980 40.76470 41.68630 42.15690 41.00000 39.11760 40.60780 41.17650 37.78430 37.05880 30.27450
-9999 -9999 -9999 -9999 -9999 -9999 37.39220 37.92160 39.78430 38.31370 37.25490 -9999 -9999 -9999 -9999 -9999 -9999 -9999 -9999 -9999 -9999 36.92160 36.70590 38.35290 38.29410 37.80390 38.27450 37.94120 38.47060 38.98040 39.80390 40.37250 39.68630 38.72550 37.96080 38.82350 38.72550 40.21570 40.35290 38.07840 38.60780 40.23530 39.50980 39.03920 38.80390 37.01960 36.58820 33.37250 30.39220 30.58820 28.49020 26.52940 25.03920 28.74510 33.39220 33.82350 34.49020 37.17650 40.11760 39.01960 39.70590 40.84310 40.07840 39.19610 37.15690 42.33330 41.58820 40.70590 38.60780 38.76470 36.72550
-9999 -9999 -9999 -9999 -9999 37.72550 37.05880 36.17650 37.96080 36.15690 36.56860 37.00000 37.45100 37.56860 -9999 -9999 -9999 38.01960 37.52940 37.17650 36.68630 35.60780 36.13730 36.23530 36.37250 39.84310 39.07840 39.29410 38.64710 40.68630 42.17650 43.52940 43.52940 44.62750 42.66670 41.80390 43.64710 42.03920 40.35290 39.52940 39.56860 40.82350 41.49020 41.23530 39.76470 39.47060 36.33330 33.94120 31.98040 31.47060 30.09800 28.56860 29.64710 32.80390 34.25490 34.21570 34.19610 36.56860 39.78430 41.21570 42.01960 42.74510 41.49020 41.09800 37.33330 35.19610 35.96080 34.78430 37.31370 36.52940 35.39220
-9999 41.41180 44.19610 40.60780 39.60780 38.52940 37.37250 37.88240 37.70590 36.50980 36.21570 37.62750 37.29410 38.33330 38.96080 39.03920 39.31370 38.03920 37.54900 37.13730 37.35290 37.29410 37.01960 39.21570 39.37250 40.76470 41.35290 41.35290 40.86270 41.88240 43.03920 43.90200 42.66670 43.96080 44.78430 44.21570 43.50980 41.74510 40.17650 39.86270 40.23530 41.78430 42.68630 41.47060 41.74510 42.03920 37.62750 36.47060 34.17650 33.92160 31.66670 30.23530 30.45100 30.58820 31.96080 32.78430 34.64710 37.76470 37.90200 40.82350 41.58820 40.31370 38.82350 37.72550 35.78430 35.88240 38.00000 34.01960 36.33330 34.07840 29.45100
-9999 40.64710 42.76470 42.45100 43.07840 43.74510 39.37250 38.92160 38.98040 38.25490 39.41180 39.31370 38.09800 38.41180 39.23530 41.07840 42.35290 39.15690 39.54900 39.01960 38.50980 38.33330 39.45100 41.94120 41.23530 40.72550 40.15690 41.27450 41.96080 43.25490 42.15690 42.49020 43.62750 44.27450 43.72550 44.52940 44.84310 42.41180 41.45100 39.27450 40.47060 41.76470 42.70590 42.96080 42.84310 42.45100 42.47060 39.05880 37.17650 34.37250 33.78430 31.80390 31.70590 30.07840 33.68630 31.07840 33.98040 37.49020 38.45100 36.01960 36.13730 38.41180 37.62750 39.47060 38.62750 35.29410 34.45100 35.05880 34.62750 35.49020 34.72550
-9999 -9999 -9999 40.17650 42.21570 44.94120 42.90200 42.84310 40.98040 43.56860 43.54900 44.01960 42.35290 42.56860 40.09800 42.56860 44.29410 43.92160 42.60780 40.76470 42.72550 41.23530 42.49020 43.62750 44.35290 42.58820 43.86270 43.50980 44.92160 44.98040 45.70590 45.21570 45.86270 46.74510 46.07840 45.88240 45.52940 45.11760 44.35290 43.03920 40.31370 41.03920 43.88240 44.25490 44.13730 43.88240 44.94120 41.82350 40.11760 39.13730 36.33330 33.35290 31.70590 34.80390 34.66670 31.09800 33.15690 36.25490 34.98040 34.01960 36.11760 36.47060 36.58820 37.62750 39.13730 35.72550 36.64710 39.62750 38.80390 33.37250 32.29410
-9999 -9999 -9999 -9999 -9999 -9999 45.52940 45.00000 44.27450 44.92160 45.17650 46.33330 45.31370 45.09800 43.33330 46.43140 45.84310 45.39220 44.88240 42.41180 44.37250 42.86270 43.66670 45.29410 45.15690 45.52940 45.41180 47.03920 47.43140 47.58820 47.29410 45.82350 46.52940 46.74510 46.27450 47.47060 47.03920 45.60780 45.21570 44.19610 42.88240 43.54900 43.98040 44.15690 45.09800 45.66670 45.60780 42.09800 42.11760 38.76470 36.13730 32.31370 30.31370 35.39220 33.05880 31.45100 33.86270 32.01960 30.90200 35.64710 34.64710 34.37250 33.64710 34.00000 35.03920 35.13730 36.96080 33.70590 33.19610 30.86270 30.37250
-9999 -9999 -9999 -9999 -9999 -9999 46.70590 45.56860 44.35290 46.52940 45.74510 46.39220 47.00000 46.56860 46.27450 47.31370 46.88240 46.54900 46.27450 44.72550 44.29410 42.98040 44.05880 46.70590 47.76470 47.15690 47.78430 49.13730 49.23530 48.58820 48.15690 49.07840 49.27450 49.11760 48.23530 47.92160 47.25490 45.15690 43.54900 43.23530 45.96080 45.29410 45.37250 45.64710 45.54900 46.66670 46.66670 45.88240 44.78430 43.68630 41.27450 39.00000 38.15690 37.58820 37.27450 38.76470 37.07840 33.82350 34.13730 36.29410 32.98040 31.62750 32.31370 35.31370 34.15690 36.70590 36.15690 35.52940 34.84310 33.07840 30.60780
-9999 -9999 -9999 -9999 -9999 -9999 -9999 -9999 -9999 -9999 48.29410 46.41180 47.01960 49.60780 45.27450 45.21570 45.52940 46.98040 48.43140 44.76470 44.47060 42.76470 44.78430 48.03920 47.82350 47.94120 48.52940 49.66670 49.58820 50.19610 49.86270 49.43140 49.41180 49.03920 48.80390 51.64710 51.09800 50.64710 49.49020 46.72550 46.68630 45.56860 45.96080 48.39220 46.60780 46.43140 47.52940 49.25490 49.41180 50.66670 50.94120 49.00000 48.56860 49.90200 49.05880 48.64710 45.96080 44.98040 46.78430 40.82350 40.74510 39.84310 39.96080 37.07840 37.01960 38.31370 38.43140 37.68630 36.21570 33.43140 31.45100
-9999 -9999 -9999 -9999 -9999 -9999 -9999 -9999 -9999 -9999 51.15690 49.17650 48.94120 46.98040 50.05880 47.90200 47.92160 49.84310 48.56860 47.64710 48.54900 45.72550 45.25490 49.15690 48.39220 49.70590 50.82350 51.15690 51.82350 52.56860 52.45100 51.58820 52.09800 50.74510 50.90200 52.84310 50.96080 51.05880 49.29410 48.19610 46.96080 46.33330 45.03920 46.35290 46.66670 47.58820 47.64710 49.72550 50.11760 50.84310 52.11760 49.90200 50.23530 51.45100 49.07840 50.09800 48.70590 49.31370 49.01960 45.17650 45.35290 43.96080 43.84310 42.52940 42.01960 42.52940 42.29410 40.70590 40.70590 34.74510 33.17650
-9999 -9999 -9999 -9999 -9999 -9999 -9999 -9999 -9999 -9999 -9999 -9999 49.25490 43.15690 43.27450 44.70590 48.31370 52.07840 50.60780 51.78430 50.80390 50.88240 51.68630 49.92160 50.19610 52.29410 52.03920 53.96080 54.03920 53.58820 53.68630 53.41180 53.66670 53.25490 52.98040 53.50980 52.94120 51.23530 47.74510 48.86270 48.72550 49.70590 48.52940 49.37250 48.45100 47.62750 48.58820 49.23530 49.82350 49.70590 49.94120 49.50980 50.05880 49.78430 45.25490 46.13730 45.31370 49.74510 47.98040 45.29410 43.62750 42.78430 42.19610 43.62750 44.52940 45.35290 44.58820 41.09800 40.56860 38.49020 34.92160
-9999 -9999 -9999 -9999 -9999 -9999 -9999 -9999 -9999 -9999 -9999 -9999 49.47060 46.54900 45.45100 49.86270 50.05880 53.31370 51.60780 51.00000 51.94120 52.09800 52.52940 51.90200 50.56860 52.62750 54.27450 55.49020 55.68630 55.09800 56.25490 54.52940 53.84310 54.41180 53.92160 54.00000 52.07840 52.37250 51.94120 51.29410 51.15690 51.47060 51.19610 51.05880 50.50980 50.03920 50.11760 51.05880 50.09800 50.21570 50.29410 50.05880 48.07840 49.29410 45.92160 46.03920 46.60780 50.19610 48.74510 43.68630 41.49020 42.49020 45.17650 45.05880 45.21570 45.62750 45.15690 42.68630 41.07840 39.05880 37.11760
-9999 -9999 -9999 -9999 -9999 -9999 -9999 -9999 -9999 -9999 -9999 52.66670 47.37250 49.01960 50.88240 50.15690 47.78430 47.07840 47.07840 46.90200 53.47060 52.68630 53.68630 51.13730 51.27450 48.27450 52.86270 54.43140 57.66670 56.27450 56.37250 54.80390 54.43140 55.76470 55.58820 54.68630 53.37250 53.05880 52.13730 50.27450 50.23530 48.64710 48.17650 48.58820 46.52940 50.94120 49.86270 51.07840 51.88240 51.33330 51.21570 51.19610 50.88240 47.50980 44.35290 45.78430 47.80390 47.52940 46.37250 45.52940 46.41180 46.90200 46.47060 47.17650 46.43140 45.23530 44.37250 42.43140 38.74510 36.19610 33.66670
-9999 -9999 -9999 -9999 -9999 -9999 -9999 -9999 -9999 -9999 -9999 55.76470 55.62750 51.86270 51.98040 51.58820 50.58820 48.15690 47.74510 50.74510 53.17650 54.11760 55.13730 53.15690 53.66670 53.72550 54.88240 54.96080 57.90200 55.27450 55.92160 55.11760 55.54900 56.60780 55.43140 55.72550 55.17650 55.88240 52.00000 51.94120 51.84310 51.86270 45.68630 45.86270 46.52940 49.49020 50.72550 48.01960 51.17650 50.19610 53.29410 52.21570 51.96080 48.58820 50.05880 50.45100 49.74510 51.13730 50.80390 47.50980 46.96080 48.41180 49.25490 45.82350 45.35290 45.07840 44.62750 42.39220 37.49020 35.68630 36.00000
