data/hydroclimate-scenarios/1948-2000.Pcorr55N_Pref_Tref/swe_stats/jd_90pc_melt.asc
ncols	311
nrows	91
xllcenter	102.75
yllcenter	31.75
cellsize	0.5
NODATA_value	-9999
[rows 0 to 30 of 91, columns 210 to 279 of 311]
-9999 -9999 -9999 -9999 -9999 -9999 -9999 -9999 -9999 -9999 -9999 -9999 -9999 -9999 -9999 -9999 -9999 -9999 -9999 -9999 -9999 -9999 -9999 -9999 -9999 -9999 -9999 -9999 -9999 -9999 -9999 -9999 -9999 -9999 -9999 -9999 -9999 -9999 -9999 -9999 -9999 -9999 -9999 -9999 -9999 -9999 -9999 -9999 -9999 -9999 -9999 -9999 -9999 -9999 -9999 -9999 -9999 -9999 -9999 -9999 -9999 -9999 -9999 -9999 -9999 -9999 -9999 -9999 -9999 -9999
-9999 -9999 -9999 -9999 -9999 -9999 -9999 -9999 -9999 -9999 -9999 -9999 -9999 -9999 -9999 -9999 -9999 -9999 -9999 -9999 -9999 -9999 -9999 -9999 -9999 -9999 -9999 -9999 -9999 -9999 -9999 -9999 -9999 -9999 -9999 -9999 -9999 -9999 -9999 -9999 -9999 -9999 -9999 -9999 -9999 -9999 -9999 -9999 -9999 -9999 -9999 -9999 -9999 -9999 -9999 -9999 -9999 -9999 -9999 -9999 -9999 -9999 -9999 -9999 -9999 -9999 -9999 -9999 -9999 -9999
-9999 -9999 -9999 -9999 -9999 -9999 -9999 -9999 -9999 -9999 -9999 -9999 -9999 -9999 -9999 -9999 -9999 -9999 -9999 -9999 -9999 -9999 -9999 -9999 -9999 -9999 -9999 -9999 -9999 -9999 -9999 -9999 -9999 -9999 -9999 -9999 -9999 -9999 -9999 -9999 -9999 -9999 -9999 -9999 -9999 -9999 -9999 -9999 -9999 -9999 -9999 -9999 -9999 -9999 -9999 -9999 -9999 -9999 -9999 -9999 -9999 -9999 -9999 -9999 -9999 -9999 -9999 -9999 -9999 -9999
-9999 -9999 -9999 -9999 -9999 -9999 -9999 -9999 -9999 -9999 -9999 -9999 -9999 -9999 -9999 -9999 -9999 -9999 -9999 -9999 -9999 -9999 -9999 -9999 -9999 -9999 -9999 -9999 -9999 -9999 -9999 -9999 -9999 -9999 -9999 -9999 -9999 -9999 -9999 -9999 -9999 -9999 -9999 -9999 -9999 -9999 -9999 -9999 -9999 -9999 -9999 -9999 -9999 -9999 -9999 -9999 -9999 -9999 -9999 -9999 -9999 -9999 -9999 -9999 -9999 -9999 -9999 -9999 -9999 -9999
-9999 -9999 -9999 -9999 -9999 -9999 -9999 -9999 -9999 -9999 -9999 -9999 -9999 -9999 -9999 -9999 -9999 -9999 -9999 -9999 -9999 -9999 -9999 -9999 -9999 -9999 -9999 -9999 -9999 -9999 -9999 -9999 -9999 -9999 -9999 -9999 -9999 -9999 -9999 -9999 -9999 -9999 -9999 -9999 -9999 -9999 -9999 -9999 -9999 -9999 -9999 -9999 -9999 -9999 -9999 -9999 -9999 -9999 -9999 -9999 -9999 -9999 -9999 -9999 -9999 -9999 -9999 -9999 -9999 -9999
-9999 -9999 -9999 -9999 -9999 -9999 -9999 -9999 -9999 -9999 -9999 -9999 -9999 -9999 -9999 -9999 -9999 -9999 -9999 -9999 -9999 -9999 -9999 -9999 -9999 -9999 -9999 -9999 -9999 -9999 -9999 -9999 -9999 -9999 -9999 -9999 -9999 -9999 -9999 -9999 -9999 -9999 -9999 -9999 -9999 -9999 -9999 -9999 -9999 -9999 -9999 -9999 -9999 -9999 -9999 -9999 -9999 -9999 -9999 -9999 -9999 -9999 -9999 -9999 -9999 -9999 -9999 -9999 -9999 -9999
-9999 -9999 -9999 -9999 -9999 -9999 -9999 -9999 -9999 -9999 -9999 -9999 -9999 -9999 -9999 -9999 -9999 -9999 -9999 -9999 -9999 -9999 -9999 -9999 -9999 -9999 -9999 -9999 -9999 -9999 -9999 -9999 -9999 -9999 -9999 -9999 -9999 -9999 -9999 -9999 -9999 -9999 -9999 -9999 -9999 -9999 -9999 -9999 -9999 -9999 -9999 -9999 -9999 -9999 -9999 -9999 -9999 -9999 -9999 -9999 -9999 -9999 -9999 -9999 -9999 -9999 -9999 -9999 -9999 -9999
-9999 -9999 -9999 -9999 -9999 -9999 -9999 -9999 -9999 -9999 -9999 -9999 -9999 -9999 -9999 -9999 -9999 -9999 -9999 -9999 -9999 -9999 -9999 -9999 -9999 -9999 -9999 -9999 -9999 -9999 -9999 -9999 -9999 -9999 -9999 -9999 -9999 -9999 -9999 -9999 -9999 -9999 -9999 -9999 -9999 -9999 -9999 -9999 -9999 -9999 -9999 -9999 -9999 -9999 -9999 -9999 -9999 -9999 -9999 -9999 -9999 -9999 -9999 -9999 -9999 -9999 -9999 -9999 -9999 -9999
-9999 -9999 -9999 -9999 -9999 -9999 -9999 -9999 -9999 -9999 -9999 -9999 -9999 -9999 -9999 -9999 -9999 -9999 -9999 -9999 -9999 -9999 -9999 -9999 -9999 -9999 -9999 -9999 -9999 -9999 -9999 -9999 -9999 -9999 -9999 -9999 -9999 -9999 -9999 -9999 -9999 -9999 -9999 -9999 -9999 -9999 -9999 -9999 -9999 -9999 -9999 -9999 -9999 -9999 -9999 -9999 -9999 -9999 -9999 -9999 -9999 -9999 -9999 -9999 -9999 -9999 -9999 -9999 -9999 -9999
-9999 -9999 -9999 -9999 -9999 -9999 -9999 -9999 -9999 -9999 -9999 -9999 -9999 -9999 -9999 -9999 -9999 -9999 -9999 -9999 -9999 -9999 -9999 -9999 -9999 -9999 -9999 -9999 -9999 -9999 -9999 -9999 -9999 -9999 -9999 -9999 -9999 -9999 -9999 -9999 -9999 -9999 -9999 -9999 -9999 -9999 -9999 -9999 -9999 -9999 -9999 -9999 -9999 -9999 -9999 -9999 -9999 -9999 -9999 -9999 -9999 -9999 -9999 -9999 -9999 -9999 -9999 -9999 -9999 -9999
-9999 -9999 -9999 -9999 -9999 -9999 -9999 -9999 -9999 -9999 -9999 -9999 -9999 -9999 -9999 -9999 -9999 -9999 -9999 -9999 -9999 -9999 -9999 -9999 -9999 -9999 -9999 -9999 -9999 -9999 -9999 -9999 -9999 -9999 -9999 -9999 -9999 -9999 -9999 -9999 -9999 -9999 -9999 -9999 -9999 -9999 -9999 -9999 -9999 -9999 -9999 -9999 -9999 -9999 -9999 -9999 -9999 -9999 -9999 -9999 -9999 -9999 -9999 -9999 -9999 -9999 -9999 -9999 -9999 -9999
-9999 -9999 -9999 -9999 -9999 -9999 -9999 -9999 -9999 -9999 -9999 -9999 -9999 -9999 -9999 -9999 -9999 -9999 -9999 -9999 -9999 -9999 -9999 -9999 -9999 -9999 -9999 -9999 -9999 -9999 -9999 -9999 -9999 -9999 -9999 -9999 -9999 -9999 -9999 -9999 -9999 -9999 -9999 -9999 -9999 -9999 -9999 -9999 -9999 -9999 -9999 -9999 -9999 -9999 -9999 -9999 -9999 -9999 -9999 -9999 -9999 -9999 -9999 -9999 -9999 -9999 -9999 -9999 -9999 -9999
-9999 -9999 -9999 -9999 -9999 -9999 -9999 -9999 -9999 -9999 -9999 -9999 -9999 -9999 -9999 -9999 -9999 -9999 -9999 -9999 -9999 -9999 -9999 -9999 -9999 -9999 -9999 -9999 -9999 -9999 -9999 -9999 -9999 -9999 -9999 -9999 -9999 -9999 -9999 -9999 -9999 -9999 -9999 -9999 -9999 -9999 -9999 -9999 -9999 -9999 -9999 -9999 -9999 -9999 -9999 -9999 -9999 -9999 -9999 -9999 -9999 -9999 -9999 -9999 -9999 -9999 -9999 -9999 -9999 -9999
271.80801 275.63501 275.98099 277.69199 277.01901 279.42300 279.86499 275.17300 274.36499 -9999 -9999 -9999 -9999 -9999 -9999 -9999 -9999 -9999 -9999 -9999 -9999 -9999 -9999 -9999 -9999 -9999 -9999 -9999 -9999 -9999 -9999 -9999 -9999 -9999 -9999 -9999 -9999 -9999 -9999 -9999 -9999 -9999 -9999 -9999 -9999 -9999 -9999 -9999 -9999 -9999 273.88501 -9999 -9999 -9999 -9999 -9999 -9999 -9999 -9999 -9999 -9999 -9999 -9999 -9999 -9999 -9999 -9999 -9999 -9999 -9999
273.13501 271.15399 270.82700 272.23099 271.38501 272.53799 272.44199 271.80801 271.15399 271.53799 270.86499 265.38501 267.67300 273.05801 291.00000 280.03799 285.25000 280.75000 282.34601 282.75000 282.88501 273.82700 -9999 -9999 -9999 -9999 -9999 -9999 -9999 -9999 -9999 -9999 -9999 -9999 -9999 -9999 -9999 -9999 -9999 -9999 -9999 -9999 -9999 -9999 -9999 297.15399 285.84601 293.09601 319.80801 326.48099 308.96201 271.03799 -9999 -9999 -9999 279.30801 -9999 -9999 -9999 281.96201 284.48099 285.84601 -9999 -9999 -9999 -9999 -9999 -9999 -9999 -9999
272.46201 269.51901 268.78799 270.53799 269.34601 268.17300 267.63501 264.07700 262.59601 253.69200 277.40399 285.00000 301.21201 302.75000 331.92300 333.46201 341.09601 353.30801 339.03799 330.46201 330.96201 341.23099 339.90399 337.40399 321.59601 284.46201 281.80801 269.96201 -9999 -9999 -9999 -9999 -9999 266.53799 266.50000 266.48099 267.48099 267.78799 267.57700 266.13501 266.05801 263.05801 262.15399 263.69199 265.71201 306.25000 303.11499 315.44199 309.71201 325.69199 321.42300 270.80801 273.26901 278.63501 279.07700 280.09601 279.78799 282.25000 282.75000 283.96201 287.03799 300.75000 296.75000 290.19199 285.28799 281.61499 278.09601 -9999 -9999 -9999
269.57700 268.78799 267.48099 267.13501 266.46201 265.25000 266.57700 263.48099 256.25000 294.07700 323.88501 328.98099 320.51901 346.19199 337.67300 318.03799 332.61499 325.69199 323.48099 301.34601 290.03900 311.82700 310.53799 302.36499 309.75000 276.82700 290.40399 286.61499 281.96201 271.15399 271.65399 269.67300 267.53799 264.23099 263.48099 264.61499 266.26901 266.38501 265.21201 263.71201 264.73099 263.03799 261.84601 264.34601 264.53799 267.53799 268.21201 267.28799 268.80801 267.51901 269.03799 270.09601 270.86499 278.17300 279.32700 276.69199 277.75000 281.07700 282.65399 280.65399 279.73099 283.11499 283.28799 278.80801 280.09601 280.03799 284.38501 282.28799 280.28799 285.26901
280.44199 273.73099 278.46201 298.32700 295.94199 286.53799 313.11499 310.80801 332.88501 320.23099 314.65399 299.23099 288.35300 289.52899 287.68600 302.63501 298.55801 286.05801 282.67300 269.78000 252.88000 252.09599 264.57700 270.94199 277.65399 271.00000 273.48099 274.51901 272.65399 273.11499 274.00000 275.63501 276.76901 270.30801 263.05801 271.00000 268.90399 264.59601 265.51901 266.11499 266.51901 263.51901 262.96201 264.36499 264.57700 262.53799 261.15399 262.19199 261.88501 263.57700 264.90399 265.67300 266.86499 271.32700 271.25000 272.94199 274.63501 275.32700 276.51901 275.75000 275.40399 278.11499 278.61499 278.17300 279.65399 279.28799 280.34601 278.94199 278.69199 283.88501
260.98099 268.75000 269.67300 267.11499 268.63501 265.61499 269.46201 266.80801 257.67300 250.38499 267.76901 251.82700 239.71201 244.13499 243.59599 238.53799 230.07700 266.06100 239.34599 239.38499 229.71201 246.46201 257.98099 264.15399 267.38501 268.96201 270.59601 264.90399 267.61499 274.07700 286.57700 284.32700 281.96201 274.76901 274.21201 274.59601 272.57700 266.03799 266.98099 265.30801 265.65399 262.40399 262.57700 262.01901 257.42300 261.53799 262.50000 258.15399 258.28799 262.71201 263.92300 265.98099 267.09601 269.32700 270.26901 267.96201 268.44199 270.13501 269.82700 268.30801 270.26901 276.69199 277.07700 275.07700 276.38501 277.90399 278.21201 278.98099 280.50000 285.26901
260.76901 259.42300 260.46201 258.07700 260.96201 259.98099 256.36499 258.05801 253.26900 243.36501 235.07700 236.78799 233.48100 230.86501 230.15401 235.61501 240.65401 244.42300 241.36501 236.48100 236.65401 247.65401 250.46201 253.96201 261.25000 265.19199 266.94199 262.75000 264.19199 262.69199 264.05801 269.86499 274.32700 273.23099 269.73099 265.71201 263.75000 261.03799 257.51901 256.19199 254.42300 259.73099 266.01901 259.44199 257.23099 252.07700 259.46201 257.51901 255.38499 260.03799 261.76901 263.73099 263.38501 263.86499 266.42300 264.59601 265.50000 266.94199 267.50000 267.23099 268.63501 271.44199 271.69199 270.30801 271.21201 272.84601 274.19199 277.09601 277.51901 279.42300
251.28799 251.34599 249.13499 251.15401 260.40399 260.88501 253.94200 246.34599 241.86501 240.50000 236.90401 232.03799 232.00000 235.84599 237.73100 239.00000 238.88499 241.57700 241.01900 241.48100 241.26900 248.19200 248.76900 244.46201 262.05801 259.61499 264.25000 263.96201 255.32700 256.09601 259.30801 263.61499 268.67300 273.65399 266.34601 263.40399 262.76901 259.07700 257.63501 256.98099 257.25000 257.98099 255.84599 252.23100 249.57700 253.78799 255.53799 253.90401 248.00000 250.30800 258.57700 260.26901 262.28799 264.09601 264.84601 264.00000 264.44199 266.69199 265.69199 266.73099 267.86499 266.78799 265.86499 264.53799 264.96201 267.76901 269.38501 272.46201 274.73099 276.13501
242.53799 243.44200 248.34599 253.17300 255.00000 252.11501 244.76900 243.76900 243.69200 242.78799 242.00000 241.98100 242.71201 243.05800 239.65401 239.92300 241.32700 240.38499 238.42300 238.76900 238.32700 251.01900 252.80800 255.65401 286.76901 294.03799 273.84601 261.13501 254.94200 257.59601 258.88501 260.17300 263.69199 271.26901 267.36499 266.34601 262.25000 257.26901 256.84601 257.00000 256.63501 257.25000 257.05801 254.90401 254.05800 254.65401 247.01900 249.28799 250.65401 251.01900 253.44200 255.78799 258.15399 261.75000 261.86499 259.15399 259.42300 262.03799 266.48099 263.00000 264.11499 264.30801 263.94199 261.69199 262.55801 264.73099 266.38501 268.55801 267.19199 268.75000
251.09599 255.67300 256.59601 251.69200 247.75000 248.51900 249.21201 245.71201 241.63499 243.40401 241.84599 244.05800 242.15401 221.65401 234.05800 237.44200 244.13499 242.25000 239.15401 240.78799 239.84599 239.78799 246.78799 244.15401 261.57700 256.75000 249.98100 260.21201 249.75000 251.23100 253.25000 255.90401 257.67300 257.92300 256.00000 258.09601 260.75000 258.96201 259.55801 260.80801 261.42300 262.88501 262.40399 262.21201 258.13501 254.53799 251.73100 247.82700 254.48100 251.67300 258.76901 261.51901 261.88501 262.25000 262.25000 260.90399 260.76901 255.92300 259.61499 263.76901 267.03799 263.59601 268.63501 270.82700 259.30801 261.78799 263.28799 266.15399 266.94199 269.15399
249.13499 250.88499 245.75000 245.71201 241.38499 242.42300 242.96201 240.30800 241.38499 239.78799 236.90401 237.42300 230.21201 228.55800 225.48100 202.29401 221.65401 221.11501 207.60800 241.69200 241.71201 240.55800 248.03799 243.78799 254.73100 241.42300 243.01900 251.05800 250.67300 251.11501 250.17300 255.80800 258.09601 260.61499 259.51901 262.32700 261.57700 264.26901 264.00000 262.67300 266.28799 270.44199 269.13501 272.65399 273.01901 272.86499 271.36499 267.09601 266.67300 260.57700 256.67300 264.75000 265.59601 261.84601 259.32700 255.46201 257.15399 255.63499 259.92300 257.73099 255.90401 260.59601 271.34601 273.13501 260.07700 260.03799 261.86499 265.28799 263.05801 256.92300
243.23100 243.51900 241.78799 237.46201 237.11501 240.07700 239.80800 240.67300 239.21201 238.05800 239.26900 244.09599 238.36501 233.67300 218.84599 204.65401 229.78799 284.60800 243.73100 314.20001 174.47099 224.67300 251.00000 255.40401 249.76900 248.30800 251.69200 255.17300 250.03799 254.23100 247.30800 247.73100 249.23100 254.48100 254.03799 251.67300 255.75000 258.88501 261.69199 260.80801 263.61499 269.25000 272.48099 278.98099 280.98099 282.80801 284.28799 286.51901 287.30801 283.25000 275.69199 263.98099 263.05801 265.00000 260.01901 258.94199 258.92300 257.57700 256.59601 255.23100 261.09601 249.48100 247.17300 251.50000 259.75000 264.26901 264.80801 260.26901 258.01901 256.32700
231.71201 235.59599 236.19200 237.40401 235.28799 237.96201 238.19200 240.53799 239.61501 243.23100 238.96201 237.42300 235.40401 243.51900 243.96201 232.69200 233.40401 228.36501 219.01900 214.32700 184.01900 222.34599 231.01900 234.59599 245.36501 240.00000 237.59599 244.65401 244.36501 245.17300 241.23100 241.36501 245.98100 250.34599 253.11501 247.46201 251.26900 252.67300 256.01901 258.00000 260.78799 266.88501 271.88501 275.78799 281.75000 282.19199 286.28799 284.59601 287.61499 285.19199 279.65399 273.76901 266.67300 262.90399 263.57700 258.73099 268.23099 262.71201 255.92300 253.98100 255.09599 252.78799 250.51900 254.25000 253.55800 260.71201 260.96201 260.59601 261.11499 257.00000
231.92300 233.84599 238.01900 250.23100 252.42300 252.84599 253.32700 248.92300 259.63501 273.34601 282.21201 294.09601 267.21201 257.65399 265.96201 245.32700 228.92300 227.44200 225.78799 225.69200 229.13499 232.75000 235.32700 238.98100 236.09599 243.90401 249.25000 247.96201 248.86501 249.90401 254.59599 257.38501 257.48099 249.01900 247.73100 247.03799 253.65401 255.38499 256.88501 258.11499 262.30801 264.50000 269.46201 274.78799 277.42300 281.53799 285.53799 288.63501 286.50000 284.59601 286.32700 280.21201 272.03799 267.01901 264.69199 253.78799 255.96201 259.00000 256.71201 248.76900 251.48100 254.19200 258.57700 252.07700 250.44200 253.05800 257.96201 257.21201 255.69200 254.78799
240.48100 256.82700 -9999 -9999 329.75000 283.38501 269.28799 264.51901 260.53799 260.51901 268.34601 273.78799 277.38501 268.38501 286.34601 278.11499 266.40399 258.55801 239.36501 227.57700 226.86501 244.23100 254.96201 258.26901 259.73099 257.05801 257.82700 250.76900 249.75000 251.42300 252.61501 254.25000 253.17300 247.23100 247.73100 248.82700 249.05800 246.90401 255.01900 260.67300 263.75000 266.80801 268.11499 272.67300 279.84601 282.23099 282.86499 286.94199 290.30801 295.00000 291.90399 281.36499 275.07700 272.69199 268.21201 260.94199 253.78799 257.50000 260.21201 252.36501 250.32700 249.44200 253.59599 251.94200 251.90401 252.09599 253.38499 253.15401 253.75000 253.36501
281.76901 365.25000 -9999 340.50000 274.98099 263.98099 264.88501 260.07700 260.76901 261.05801 248.80800 249.01900 250.42300 250.03799 251.50000 244.09599 249.98100 247.73100 250.94200 242.30800 223.67300 245.13499 249.96201 262.25000 269.80801 264.75000 255.67300 240.38499 231.78799 249.76900 249.69200 246.71201 248.71201 249.38499 245.11501 245.61501 237.75000 239.00000 247.65401 256.88501 261.94199 264.15399 269.82700 274.65399 277.59601 284.17300 286.36499 292.48099 293.98099 301.11499 303.30801 294.44199 294.88501 283.42300 278.82700 267.53799 259.25000 260.34601 255.01900 253.13499 251.80800 248.13499 248.88499 248.07700 249.34599 250.57700 251.00000 251.19200 252.19200 252.73100
276.71201 261.46201 257.40399 254.78799 240.90401 261.05801 277.67300 290.09601 277.28799 265.17300 254.75000 243.67300 241.21201 238.57700 236.05800 257.17300 364.80801 320.30801 282.32700 281.80801 256.25000 260.61499 265.67300 253.53799 264.34601 263.48099 262.07700 248.50000 239.44200 236.09599 234.38499 245.15401 246.48100 243.26900 235.38499 236.75000 226.30800 229.38499 244.30800 255.34599 258.25000 264.30801 263.88501 269.73099 276.71201 280.34601 294.42300 291.17300 300.38501 300.36499 298.98099 299.57700 296.65399 286.61499 279.92300 272.15399 267.82700 264.57700 253.05800 254.61501 256.28799 249.36501 251.71201 253.40401 256.67300 259.11499 260.63501 262.13501 261.96201 255.57700
365.25000 278.34601 253.76900 244.15401 239.94200 250.36501 263.30801 270.21201 265.11499 278.59601 288.11499 280.50000 264.51901 254.19200 240.78799 248.17300 282.30801 -9999 -9999 365.25000 319.84601 302.03799 296.88501 284.53799 289.44199 275.94199 264.94199 254.23100 249.94200 248.48100 241.15401 244.40401 247.71201 240.88499 232.13499 227.21201 222.32700 226.61501 240.80800 250.98100 260.38501 264.75000 262.09601 264.98099 273.65399 280.15399 286.90399 286.61499 288.53799 296.26901 292.07700 284.13501 273.84601 269.98099 270.48099 271.32700 261.73099 268.88501 257.11499 252.84599 256.50000 250.88499 251.67300 252.13499 254.57700 255.21201 248.23100 246.50000 245.73100 254.38499
