data/hydroclimate-scenarios/1948-2000.Pcorr55N_Pref_Tref/swe_stats/jd_90pc_melt.1950-2000.asc
ncols	311
nrows	91
xllcenter	102.75
yllcenter	31.75
cellsize	0.5
NODATA_value	-9999
[rows 0 to 30 of 91, columns 70 to 139 of 311]
-9999 -9999 -9999 -9999 -9999 -9999 -9999 -9999 -9999 -9999 -9999 -9999 -9999 -9999 -9999 -9999 -9999 -9999 -9999 -9999 -9999 -9999 -9999 -9999 -9999 -9999 -9999 -9999 -9999 -9999 -9999 -9999 -9999 -9999 -9999 -9999 -9999 -9999 -9999 -9999 -9999 -9999 -9999 -9999 -9999 -9999 -9999 -9999 -9999 -9999 -9999 -9999 -9999 -9999 -9999 -9999 -9999 -9999 -9999 -9999 -9999 -9999 -9999 -9999 -9999 -9999 -9999 -9999 -9999 -9999
-9999 -9999 -9999 -9999 -9999 -9999 -9999 -9999 -9999 -9999 -9999 -9999 -9999 -9999 -9999 -9999 -9999 -9999 -9999 -9999 -9999 -9999 -9999 -9999 -9999 -9999 -9999 -9999 -9999 -9999 -9999 -9999 -9999 -9999 -9999 -9999 -9999 -9999 -9999 -9999 -9999 -9999 -9999 -9999 -9999 -9999 -9999 -9999 -9999 -9999 -9999 -9999 -9999 -9999 -9999 -9999 -9999 -9999 -9999 -9999 -9999 -9999 -9999 -9999 -9999 -9999 -9999 -9999 -9999 -9999
-9999 -9999 -9999 -9999 -9999 -9999 -9999 -9999 -9999 -9999 -9999 -9999 -9999 -9999 -9999 -9999 -9999 -9999 -9999 -9999 -9999 -9999 -9999 -9999 -9999 -9999 -9999 -9999 -9999 -9999 -9999 -9999 -9999 -9999 -9999 -9999 -9999 -9999 -9999 -9999 -9999 -9999 -9999 -9999 -9999 -9999 -9999 -9999 -9999 -9999 -9999 -9999 -9999 -9999 -9999 -9999 -9999 -9999 -9999 -9999 -9999 -9999 -9999 -9999 -9999 -9999 -9999 -9999 -9999 -9999
-9999 -9999 -9999 -9999 -9999 -9999 -9999 -9999 -9999 -9999 -9999 -9999 -9999 -9999 -9999 -9999 -9999 -9999 -9999 -9999 -9999 -9999 -9999 -9999 -9999 -9999 -9999 -9999 -9999 -9999 -9999 -9999 -9999 -9999 -9999 -9999 -9999 -9999 -9999 -9999 -9999 -9999 -9999 -9999 -9999 -9999 -9999 -9999 -9999 -9999 -9999 -9999 -9999 -9999 -9999 -9999 -9999 -9999 -9999 -9999 -9999 -9999 -9999 -9999 -9999 -9999 -9999 -9999 -9999 -9999
-9999 -9999 -9999 -9999 -9999 -9999 -9999 -9999 -9999 -9999 -9999 -9999 -9999 -9999 -9999 -9999 -9999 -9999 -9999 -9999 -9999 -9999 -9999 -9999 -9999 -9999 -9999 -9999 -9999 -9999 -9999 -9999 -9999 -9999 -9999 -9999 -9999 -9999 -9999 -9999 -9999 -9999 -9999 -9999 -9999 -9999 -9999 -9999 -9999 -9999 -9999 -9999 -9999 -9999 -9999 -9999 -9999 -9999 -9999 -9999 -9999 -9999 -9999 -9999 -9999 -9999 -9999 -9999 -9999 -9999
-9999 -9999 -9999 -9999 -9999 -9999 -9999 -9999 -9999 -9999 -9999 -9999 -9999 -9999 -9999 -9999 -9999 -9999 -9999 -9999 -9999 -9999 -9999 -9999 -9999 -9999 -9999 -9999 -9999 -9999 -9999 -9999 -9999 -9999 -9999 -9999 -9999 -9999 -9999 -9999 -9999 -9999 -9999 -9999 -9999 -9999 -9999 -9999 -9999 -9999 -9999 -9999 -9999 -9999 -9999 -9999 -9999 -9999 -9999 -9999 -9999 -9999 -9999 -9999 -9999 -9999 -9999 -9999 -9999 -9999
-9999 -9999 -9999 -9999 -9999 -9999 -9999 -9999 -9999 -9999 -9999 -9999 -9999 -9999 -9999 -9999 -9999 -9999 -9999 -9999 -9999 -9999 -9999 -9999 -9999 -9999 -9999 -9999 -9999 -9999 -9999 -9999 -9999 -9999 -9999 -9999 -9999 -9999 -9999 -9999 -9999 -9999 -9999 -9999 -9999 -9999 -9999 -9999 -9999 -9999 -9999 -9999 -9999 -9999 -9999 -9999 -9999 -9999 -9999 -9999 -9999 -9999 -9999 -9999 -9999 -9999 -9999 -9999 -9999 -9999
-9999 -9999 -9999 -9999 -9999 -9999 -9999 -9999 -9999 -9999 -9999 -9999 -9999 -9999 -9999 -9999 -9999 -9999 -9999 -9999 -9999 -9999 -9999 -9999 -9999 -9999 -9999 -9999 -9999 -9999 -9999 -9999 -9999 -9999 -9999 -9999 -9999 -9999 -9999 -9999 -9999 -9999 -9999 -9999 -9999 -9999 -9999 -9999 -9999 -9999 -9999 -9999 -9999 -9999 -9999 -9999 -9999 -9999 -9999 -9999 -9999 -9999 -9999 -9999 -9999 -9999 -9999 -9999 -9999 -9999
-9999 -9999 -9999 -9999 -9999 -9999 -9999 270.31400 -9999 -9999 -9999 -9999 -9999 -9999 -9999 -9999 -9999 -9999 -9999 -9999 -9999 -9999 -9999 -9999 -9999 -9999 -9999 -9999 -9999 -9999 -9999 -9999 -9999 -9999 -9999 -9999 -9999 -9999 -9999 -9999 -9999 -9999 -9999 -9999 -9999 -9999 -9999 -9999 -9999 -9999 -9999 -9999 -9999 -9999 -9999 -9999 -9999 -9999 -9999 -9999 -9999 -9999 -9999 -9999 -9999 -9999 -9999 -9999 -9999 -9999
-9999 -9999 -9999 278.56900 268.80399 268.74500 271.37299 269.09799 270.64700 272.62701 274.01999 277.05899 277.84299 277.48999 278.01999 279.29401 279.52899 279.68600 279.90201 279.70599 279.90201 278.05899 277.84299 -9999 -9999 -9999 -9999 -9999 -9999 -9999 -9999 -9999 -9999 -9999 -9999 -9999 -9999 -9999 -9999 -9999 -9999 -9999 -9999 -9999 -9999 -9999 -9999 -9999 -9999 -9999 -9999 -9999 -9999 -9999 -9999 -9999 -9999 -9999 -9999 -9999 -9999 -9999 -9999 -9999 -9999 -9999 -9999 -9999 -9999 -9999
-9999 -9999 -9999 -9999 -9999 268.86301 270.07800 269.43100 270.39200 272.88199 273.80399 275.51001 276.56900 278.03900 278.35300 280.58801 279.56900 281.03900 281.54901 280.80399 281.19601 281.64700 281.51001 -9999 -9999 -9999 -9999 -9999 -9999 -9999 -9999 -9999 -9999 -9999 -9999 -9999 -9999 -9999 -9999 -9999 -9999 -9999 -9999 -9999 -9999 -9999 -9999 -9999 -9999 -9999 -9999 -9999 -9999 -9999 -9999 -9999 -9999 -9999 -9999 -9999 -9999 -9999 -9999 -9999 -9999 -9999 -9999 -9999 -9999 -9999
264.54901 264.05899 264.58801 263.86301 264.66699 265.41199 268.21600 268.31400 269.39200 271.66699 272.41199 274.11801 275.19601 276.62701 277.51001 278.37299 278.92200 280.58801 281.41199 280.45099 280.92200 279.72501 279.58801 277.07800 276.68600 276.13699 275.82401 275.74500 275.25500 -9999 -9999 -9999 -9999 -9999 -9999 -9999 -9999 -9999 -9999 -9999 -9999 -9999 -9999 -9999 -9999 -9999 -9999 -9999 -9999 -9999 -9999 -9999 -9999 -9999 -9999 -9999 -9999 -9999 -9999 -9999 -9999 -9999 -9999 -9999 -9999 -9999 -9999 -9999 -9999 -9999
263.64700 260.41199 260.60800 261.58801 263.19601 263.92200 265.15701 267.31400 268.70599 270.51001 271.70599 271.80399 272.92200 276.00000 277.23499 279.25500 282.15701 279.48999 280.01999 280.00000 280.90201 280.47101 280.54901 279.78400 277.19601 277.13699 276.43100 276.76501 276.25500 275.15701 274.84299 273.15701 273.07800 273.66699 273.52899 271.68600 271.66699 271.19601 271.39200 268.74500 268.13699 270.11801 270.17599 271.17599 -9999 -9999 -9999 -9999 -9999 -9999 -9999 -9999 -9999 -9999 -9999 -9999 -9999 -9999 -9999 -9999 -9999 -9999 -9999 -9999 -9999 -9999 -9999 -9999 -9999 -9999
263.27499 259.52899 260.11801 261.31400 262.76501 263.90201 264.37299 265.66699 266.68600 269.17599 270.21600 270.09799 271.19601 274.13699 275.62701 278.17599 279.25500 278.58801 279.31400 278.17599 279.51001 280.27499 280.66699 279.60800 278.82401 277.03900 276.09799 275.84299 275.86301 275.15701 275.35300 273.13699 272.78400 272.70599 272.03900 270.64700 270.21600 271.01999 270.60800 267.39200 267.37299 269.19601 269.29401 270.43100 270.09799 -9999 -9999 -9999 -9999 -9999 -9999 -9999 -9999 -9999 -9999 -9999 -9999 -9999 -9999 -9999 -9999 -9999 -9999 -9999 -9999 -9999 -9999 -9999 -9999 -9999
266.35300 273.90201 274.64700 264.13699 271.45099 267.15701 266.80399 270.33301 270.39200 276.01999 272.92200 273.90201 275.52899 275.58801 276.07800 276.80399 277.76501 277.58801 279.98001 278.70599 279.52899 279.11801 279.31400 279.88199 279.25500 279.29401 280.21600 277.84299 274.96100 274.09799 273.90201 272.51001 271.80399 271.03900 271.15701 269.86301 269.58801 269.64700 269.11801 269.15701 268.92200 267.37299 267.17599 267.07800 267.09799 -9999 -9999 -9999 -9999 -9999 -9999 -9999 -9999 -9999 -9999 -9999 -9999 -9999 -9999 -9999 271.51001 273.39200 -9999 -9999 -9999 -9999 279.05899 282.23499 286.27499 283.84299
263.29401 270.29401 272.84299 263.29401 269.48999 263.82401 262.60800 263.33301 267.76501 274.07800 274.90201 270.84299 271.17599 273.11801 275.66699 276.70599 276.09799 275.58801 275.84299 276.84299 277.15701 275.45099 277.54901 278.33301 273.78400 276.00000 275.96100 273.88199 273.64700 272.31400 271.98001 270.96100 270.70599 269.68600 269.47101 268.41199 268.23499 268.11801 267.76501 268.21600 268.00000 266.76501 266.58801 266.64700 266.76501 266.33301 266.62701 266.39200 267.58801 274.62701 277.64700 275.47101 279.51001 278.01999 277.80399 276.90201 276.76501 273.33301 272.70599 271.72501 272.52899 273.52899 -9999 -9999 -9999 -9999 -9999 279.47101 281.01999 282.05899
278.37299 282.70599 272.43100 268.62701 274.13699 272.09799 265.98001 266.94101 264.76501 265.37299 264.82401 262.68600 264.78400 270.31400 272.21600 270.37299 271.17599 272.23499 272.58801 272.96100 273.62701 271.88199 272.48999 272.62701 272.33301 273.33301 273.39200 270.94101 271.54901 272.58801 271.94101 271.23499 271.00000 271.00000 271.33301 270.78400 268.52899 269.60800 270.19601 268.13699 268.15701 267.23499 267.43100 267.17599 267.13699 267.48999 267.62701 268.52899 266.88199 274.29401 275.48999 274.82401 273.84299 274.43100 283.56900 292.31400 283.48999 284.41199 286.58801 286.62701 280.84299 279.17599 279.78400 277.56900 276.41199 277.00000 277.62701 278.58801 279.29401 281.00000
270.13699 281.11801 305.29401 265.15701 279.09799 280.82401 274.62701 268.92200 270.88199 260.62701 261.64700 260.64700 262.27499 267.64700 267.68600 267.62701 267.94101 269.43100 270.35300 269.52899 271.94101 271.03900 270.43100 271.45099 271.37299 271.39200 271.54901 268.96100 269.17599 270.58801 267.94101 267.76501 260.66699 264.56900 269.64700 268.58801 267.29401 268.94101 268.84299 267.43100 266.82401 265.78400 267.27499 266.94101 266.01999 265.52899 266.43100 266.48999 267.01999 268.78400 270.45099 273.58801 273.09799 273.03900 274.21600 281.72501 290.11801 288.11801 286.94101 287.07800 289.27499 285.11801 289.13699 284.07800 279.41199 277.48999 277.62701 277.98001 278.19601 280.21600
288.64700 296.45099 305.62701 282.96100 262.98001 270.88199 267.98001 264.17599 269.86301 265.00000 262.37299 261.74500 262.62701 261.29401 262.37299 262.60800 263.21600 266.13699 267.23499 267.48999 270.78400 273.01999 270.29401 270.37299 269.11801 269.29401 268.72501 267.94101 267.64700 269.45099 269.21600 269.52899 269.60800 268.47101 267.90201 266.48999 266.21600 266.86301 268.37299 266.37299 266.94101 266.43100 265.80399 271.19601 272.07800 270.66699 268.76501 267.68600 267.07800 269.19601 271.07800 271.56900 272.35300 277.09799 279.84299 279.43100 277.48999 276.94101 281.19601 288.48999 289.00000 293.66699 296.94101 301.39200 296.84299 285.19601 283.43100 283.29401 283.66699 284.51001
267.51001 287.39200 298.64700 286.25500 286.88199 272.72501 265.90201 262.05899 266.60800 269.51001 261.84299 276.48999 275.52899 269.54901 263.01999 262.19601 262.80399 263.21600 264.17599 265.03900 267.92200 268.74500 268.15701 268.23499 267.54901 267.43100 266.72501 265.86301 265.74500 265.15701 266.72501 267.64700 267.74500 268.56900 268.00000 267.70599 268.25500 267.92200 268.29401 266.90201 268.78400 269.48999 267.70599 267.37299 268.07800 271.56900 271.76501 270.03900 267.86301 268.98001 271.33301 272.43100 273.03900 276.78400 275.90201 280.00000 285.51001 281.13699 287.47101 288.27499 283.19601 283.78400 281.98001 288.23499 294.41199 291.33301 285.15701 288.84299 285.41199 284.76501
264.70599 276.43100 281.58801 288.00000 293.07800 303.78400 276.90201 267.19601 264.43100 259.37299 258.13699 263.84299 274.96100 287.52899 297.15701 277.51001 271.51001 264.01999 262.90201 264.60800 263.70599 264.98001 265.66699 265.88199 266.23499 265.45099 265.35300 266.21600 265.68600 266.17599 266.82401 268.31400 269.27499 270.05899 269.84299 268.45099 270.17599 273.47101 277.07800 273.52899 272.72501 272.64700 274.23499 272.48999 272.27499 274.70599 273.05899 273.98001 274.60800 269.68600 269.82401 270.98001 273.88199 276.25500 277.09799 276.19601 277.51001 284.52899 288.13699 290.96100 297.47101 287.15701 283.62701 284.43100 282.05899 283.64700 284.27499 284.94101 286.35300 284.78400
281.33301 292.29401 288.39200 303.52899 300.76501 300.25500 291.62701 282.64700 275.47101 273.45099 261.68600 255.39200 261.54901 266.52899 274.66699 291.52899 289.48999 284.60800 280.09799 272.07800 270.05899 266.07800 265.74500 264.56900 265.25500 264.76501 265.56900 265.45099 265.70599 267.56900 268.13699 267.88199 272.25500 273.25500 273.31400 271.64700 271.70599 275.70599 276.78400 273.74500 274.39200 273.11801 273.60800 270.92200 274.00000 275.48999 276.88199 277.51001 277.45099 273.54901 273.07800 282.13699 280.96100 285.21600 283.92200 282.90201 282.56900 290.09799 284.48999 287.96100 293.98001 284.00000 283.94101 283.19601 280.23499 282.80399 283.78400 286.31400 285.17599 283.13699
270.80399 283.11801 295.25500 304.21600 297.60800 306.86301 307.90201 292.13699 280.03900 280.74500 269.43100 262.43100 264.70599 266.45099 263.51001 267.29401 268.94101 273.33301 284.60800 288.05899 283.05899 276.58801 272.88199 267.66699 264.92200 264.39200 264.98001 263.86301 265.17599 268.74500 268.19601 267.47101 267.78400 270.01999 268.72501 271.31400 266.37299 266.51001 267.86301 272.72501 271.94101 269.05899 267.96100 269.03900 270.05899 278.72501 283.47101 283.29401 280.86301 280.03900 283.33301 288.54901 287.64700 291.35300 297.39200 289.43100 291.82401 284.98001 290.05899 285.05899 283.21600 283.13699 282.13699 282.56900 282.21600 283.68600 281.98001 280.35300 280.31400 282.66699
276.37299 279.03900 279.66699 285.88199 282.82401 287.25500 302.25500 288.78400 291.41199 286.60800 271.76501 260.19601 284.90201 285.45099 274.13699 294.96100 302.25500 304.86301 263.43100 281.25500 299.76501 293.47101 287.37299 282.68600 264.43100 263.35300 263.21600 263.21600 264.07800 266.74500 266.56900 267.33301 267.13699 267.86301 267.00000 264.62701 265.31400 266.84299 266.82401 268.88199 270.11801 275.41199 271.52899 270.45099 273.76501 268.31400 268.51001 272.92200 280.23499 281.64700 283.39200 288.62701 287.96100 288.94101 289.64700 290.78400 292.68600 288.62701 289.62701 284.39200 283.27499 280.68600 280.31400 281.58801 283.78400 278.05899 275.94101 276.39200 276.76501 279.17599
271.27499 274.80399 271.70599 271.17599 270.66699 273.90201 273.21600 270.62701 272.25500 270.56900 271.27499 266.68600 267.76501 270.56900 265.54901 276.80399 280.39200 299.70599 292.07800 282.41199 272.58801 276.54901 277.27499 273.25500 271.52899 264.51001 261.78400 262.21600 262.70599 264.82401 264.54901 266.48999 266.33301 265.82401 266.58801 267.41199 266.78400 266.54901 267.37299 269.41199 271.37299 278.62701 279.74500 281.19601 278.92200 272.39200 269.68600 277.39200 280.00000 282.62701 288.90201 292.82401 288.84299 286.86301 291.94101 289.74500 288.27499 283.88199 282.84299 288.09799 284.92200 284.90201 282.23499 281.56900 279.37299 275.94101 276.15701 276.37299 278.05899 283.07800
271.72501 276.64700 279.05899 281.76501 278.96100 277.27499 266.15701 264.01999 260.92200 264.19601 260.86301 266.03900 278.05899 274.60800 264.56900 267.98001 271.88199 281.74500 287.11801 295.31400 291.62701 277.03900 269.72501 267.78400 269.33301 268.37299 267.11801 263.15701 262.78400 265.19601 266.01999 266.00000 266.13699 264.43100 265.45099 266.92200 268.86301 268.13699 273.62701 271.19601 279.64700 284.86301 280.33301 280.27499 285.68600 280.92200 275.96100 279.23499 281.00000 281.13699 283.17599 289.41199 284.17599 281.72501 283.00000 281.70599 281.33301 280.54901 282.94101 283.00000 285.52899 282.51001 282.27499 281.21600 280.48999 276.68600 276.17599 276.05899 277.25500 280.72501
269.03900 278.11801 286.92200 285.76501 285.17599 285.37299 280.09799 267.78400 262.11801 259.05899 262.58801 263.86301 269.96100 283.43100 271.70599 262.94101 263.31400 274.47101 284.31400 289.45099 289.80399 287.01999 275.58801 276.05899 272.23499 269.96100 267.94101 268.19601 266.80399 262.54901 264.17599 261.51001 263.35300 265.07800 269.56900 270.41199 267.51001 271.70599 279.03900 279.62701 275.60800 282.92200 286.21600 287.25500 283.48999 279.11801 276.41199 278.39200 280.43100 279.60800 282.15701 283.43100 284.13699 284.74500 286.09799 288.64700 286.78400 285.29401 280.84299 280.39200 278.43100 278.00000 279.27499 278.86301 278.66699 280.01999 279.66699 279.66699 280.37299 285.39200
263.82401 268.25500 274.29401 287.31400 287.86301 291.37299 277.86301 269.31400 261.80399 261.05899 258.41199 254.21600 258.74500 264.64700 274.82401 273.82401 270.00000 279.54901 273.35300 278.29401 275.11801 293.72501 275.23499 275.07800 271.70599 269.37299 270.47101 273.11801 269.41199 263.47101 262.33301 264.88199 263.60800 267.37299 270.25500 272.47101 269.31400 274.62701 276.86301 283.03900 283.23499 283.98001 285.00000 282.23499 283.54901 277.13699 279.54901 276.39200 280.66699 282.64700 282.68600 283.66699 284.84299 282.94101 281.84299 284.45099 282.52899 282.84299 281.35300 278.84299 278.21600 279.01999 279.86301 279.66699 280.54901 286.17599 285.23499 285.94101 285.52899 286.76501
261.84299 275.37299 274.80399 287.25500 293.07800 294.58801 304.47101 296.27499 274.05899 273.64700 269.74500 262.25500 267.92200 265.37299 272.25500 282.01999 274.37299 269.03900 268.45099 271.74500 271.70599 272.19601 276.45099 279.13699 272.25500 270.47101 267.90201 268.60800 267.80399 262.13699 263.70599 262.09799 263.41199 268.80399 270.64700 276.86301 277.80399 275.27499 279.48999 286.00000 289.56900 284.74500 285.19601 285.80399 280.72501 278.54901 274.51001 269.07800 267.54901 271.07800 271.13699 271.19601 272.54901 276.19601 279.13699 282.25500 283.00000 281.56900 278.98001 278.90201 279.23499 280.43100 280.72501 283.52899 288.13699 292.37299 290.88199 291.37299 291.31400 288.41199
260.84299 267.96100 273.45099 284.35300 281.84299 292.90201 297.35300 311.05899 296.88199 281.19601 289.51001 292.86301 287.37299 278.48999 282.78400 278.01999 272.98001 275.33301 273.03900 270.07800 271.52899 274.54901 278.29401 288.76501 274.35300 271.68600 270.90201 272.94101 270.41199 267.17599 269.21600 267.27499 266.62701 272.05899 272.92200 279.92200 277.09799 278.80399 279.72501 287.09799 288.90201 285.31400 279.45099 281.58801 276.37299 266.62701 267.21600 267.96100 268.74500 275.62701 274.00000 -9999 -9999 275.94101 275.88199 276.56900 280.62701 280.54901 279.15701 280.23499 282.74500 283.15701 287.31400 291.41199 295.31400 296.47101 299.48999 301.11801 302.96100 293.17599
273.80399 278.54901 274.98001 278.56900 282.56900 284.31400 281.52899 294.19601 282.43100 285.43100 292.74500 299.00000 291.37299 287.25500 291.66699 281.13699 276.56900 280.33301 275.29401 272.70599 276.58801 278.23499 277.86301 277.80399 278.86301 287.70599 280.84299 279.98001 273.84299 274.11801 272.52899 275.39200 271.05899 273.94101 277.15701 281.52899 283.27499 289.21600 283.00000 277.31400 -9999 -9999 -9999 -9999 267.01999 -9999 277.52899 279.19601 276.15701 277.29401 270.27499 -9999 -9999 277.48999 277.35300 277.68600 277.45099 275.74500 278.82401 281.76501 284.37299 286.19601 288.64700 291.74500 294.60800 291.86301 304.94101 308.37299 305.19601 294.13699
