data/hydroclimate-scenarios/1948-2000.Pcorr55N_Pref_Tref/swe_stats/jd_last_10mm.1950-2000.asc
ncols	311
nrows	91
xllcenter	102.75
yllcenter	31.75
cellsize	0.5
NODATA_value	-9999
[rows 31 to 61 of 91, columns 0 to 69 of 311]
-9999 -9999 -9999 -9999 -9999 -9999 -9999 -9999 -9999 -9999 -9999 252.88200 245.00000 256.33301 256.09799 259.07800 261.17599 262.66699 266.90201 266.11801 265.13699 258.00000 257.25500 262.23499 260.15701 256.19601 257.82401 254.43100 250.17599 246.49001 244.02000 250.03900 237.88200 236.70599 247.21600 243.76500 250.17599 232.94099 235.19600 241.66701 238.23500 239.70599 251.64700 252.98000 251.94099 249.02000 247.82401 248.58800 247.56900 245.29401 244.80400 247.68600 248.07800 248.09801 240.50999 233.56900 234.11800 233.13699 232.94099 242.03900 242.76500 236.17599 237.37300 242.58800 242.49001 244.19600 245.82401 247.56900 257.31400 266.60800
-9999 -9999 -9999 -9999 -9999 -9999 -9999 -9999 -9999 -9999 -9999 259.48999 259.78400 258.70599 261.15701 264.84299 264.54901 264.23499 267.33301 266.58801 267.56900 263.70599 261.56900 260.56900 259.37299 259.25500 257.33301 255.21600 254.50999 251.74500 250.82401 250.11800 251.49001 250.23500 248.37300 243.35300 231.03900 231.68600 233.45100 248.19600 247.92200 248.98000 242.45100 241.49001 251.25500 249.00000 245.96100 249.15700 245.90199 248.84300 246.78400 247.39200 247.72501 239.62700 239.31400 236.64700 235.70599 237.84300 243.13699 243.05901 242.43100 242.52901 241.94099 243.80400 243.64700 242.56900 244.35300 244.31400 256.21600 264.05899
-9999 -9999 -9999 -9999 -9999 -9999 -9999 -9999 -9999 -9999 -9999 261.90201 262.68600 261.13699 262.33301 263.80399 264.31400 264.84299 264.68600 264.23499 264.82401 262.45099 260.39200 259.58801 260.60800 258.84299 259.27499 256.90201 252.98000 250.39200 246.66701 251.03900 251.37300 250.54900 251.15700 247.47099 248.98000 248.27499 252.25500 257.19601 255.11800 257.03900 253.92200 255.19600 257.78400 255.00000 254.58800 253.72501 252.58800 251.58800 251.03900 248.94099 248.11800 245.80400 244.19600 243.43100 244.66701 245.47099 243.82401 243.96100 241.45100 244.00000 242.33299 241.80400 247.21600 245.02000 247.07800 251.00000 255.39200 263.19601
-9999 -9999 -9999 -9999 -9999 -9999 -9999 -9999 -9999 -9999 -9999 -9999 260.84299 260.58801 260.43100 261.23499 262.27499 261.39200 260.80399 252.92200 262.01999 261.29401 263.31400 265.94101 265.01999 268.58801 264.41199 259.60800 251.56900 246.33299 249.43100 247.54900 247.74500 249.31400 248.90199 248.45100 251.98000 252.60800 252.35300 255.41200 254.25500 257.19601 257.45099 252.29401 251.29401 255.39200 254.03900 253.72501 252.72501 250.15700 249.49001 249.35300 248.68600 246.78400 246.80400 247.27499 246.60800 245.52901 244.96100 243.72501 243.03900 243.03900 243.54900 243.39200 244.09801 245.09801 246.70599 249.39200 259.29401 266.72501
-9999 -9999 -9999 -9999 -9999 -9999 -9999 -9999 -9999 -9999 -9999 -9999 258.37299 258.48999 259.82401 259.82401 259.43100 259.41199 259.09799 254.70599 258.96100 268.56900 269.72501 268.25500 267.62701 261.62701 257.60800 257.72501 253.27499 246.96100 252.31400 249.78400 244.82401 245.35300 248.15700 248.96100 250.49001 251.00000 250.50999 254.80400 254.62700 259.90201 259.21600 256.54901 256.07800 257.98001 257.05899 255.33299 253.23500 252.56900 251.07800 249.33299 248.50999 246.41200 245.19600 245.60800 244.76500 243.39200 245.17599 247.86301 245.27499 246.98000 247.43100 251.25500 247.49001 243.66701 248.15700 251.96100 256.88199 261.70599
-9999 -9999 -9999 -9999 -9999 -9999 -9999 -9999 -9999 -9999 -9999 -9999 257.92200 255.60800 254.66701 257.48999 258.09799 258.05899 256.64700 261.92200 268.11801 268.70599 266.51001 266.27499 262.98001 261.62701 256.80399 247.21600 246.11800 242.84300 246.74500 243.62700 247.49001 248.45100 246.74500 247.00000 247.52901 250.45100 250.05901 253.13699 258.48999 261.66699 258.58801 260.01999 260.68600 263.35300 262.84299 263.05899 259.62701 254.31400 253.02000 251.66701 250.21600 246.98000 245.02000 245.43100 246.19600 248.66701 250.54900 251.60800 249.80400 250.66701 248.54900 246.13699 248.54900 250.43100 252.74500 254.50999 262.78400 262.52899
-9999 -9999 -9999 255.50999 255.72501 255.41200 254.78400 255.49001 256.35300 -9999 256.33301 256.90201 255.29401 254.13699 254.21600 255.64700 256.66699 254.43100 261.60800 265.25500 265.05899 262.11801 258.98001 258.33301 257.88199 253.56900 246.21600 250.98000 250.07800 252.96100 246.27499 237.84300 237.54900 243.39200 238.52901 240.84300 240.52901 246.76500 246.70599 252.60800 254.72501 257.92200 253.64700 256.52899 260.05899 262.27499 266.31400 259.01999 257.76501 255.92200 254.68600 255.25500 257.19601 259.90201 254.64700 258.92200 258.60800 250.29401 252.58800 247.80400 246.92200 250.56900 249.66701 250.90199 250.29401 251.90199 255.15700 257.82401 259.62701 263.86301
-9999 -9999 -9999 252.92200 252.52901 252.62700 253.80400 253.27499 253.49001 253.66701 253.07800 252.00000 253.43100 253.25500 258.41199 261.62701 261.92200 261.35300 259.45099 256.35300 255.96100 259.48999 254.90199 252.88200 255.41200 249.56900 250.07800 249.00000 248.94099 249.35300 243.23500 242.49001 241.58800 241.70599 242.47099 241.03900 241.60800 250.35300 245.82401 256.00000 256.58801 255.09801 252.56900 256.07800 261.86301 265.37299 264.80399 258.82401 262.03900 262.84299 261.98001 259.03900 261.37299 259.31400 254.33299 256.05899 251.27499 251.72501 254.09801 253.90199 252.37300 255.35300 256.80399 251.58800 252.94099 253.31400 255.88200 253.82401 259.72501 267.21600
-9999 -9999 -9999 247.66701 248.49001 250.29401 252.52901 251.35300 249.78400 249.23500 250.47099 251.03900 255.27499 257.64700 255.17599 249.70599 262.84299 261.76501 250.25500 253.21600 257.23499 257.51001 252.62700 255.90199 257.25500 253.09801 251.39200 245.68600 246.86301 252.60800 258.09799 257.11801 245.60800 242.37300 248.43100 243.17599 242.68600 244.98000 245.37300 252.60800 254.54900 255.11800 253.96100 251.98000 255.13699 260.33301 261.13699 262.27499 262.13699 265.25500 265.92200 257.94101 257.66699 256.21600 252.96100 251.29401 250.56900 249.92200 253.09801 254.27499 251.76500 252.88200 249.80400 253.50999 253.25500 256.60800 258.17599 262.82401 275.15701 282.21600
-9999 -9999 -9999 246.45100 243.15700 249.31400 250.98000 251.49001 249.82401 249.49001 248.39200 247.96100 250.86301 250.70599 250.76500 249.47099 251.50999 255.68600 256.45099 252.03900 252.17599 255.37300 259.37299 254.37300 251.21600 252.62700 244.80400 238.88200 250.86301 259.62701 255.15700 233.64700 243.94099 250.92200 252.21600 241.70599 234.05901 236.05901 239.25500 244.45100 249.11800 257.21600 262.86301 255.29401 252.17599 256.31400 260.07800 257.92200 262.80399 260.84299 264.98001 258.64700 257.58801 259.56900 255.43100 253.60800 252.82401 254.68600 256.64700 257.72501 262.15701 256.78400 256.52899 256.15701 257.41199 258.13699 261.23499 268.13699 285.19601 289.07800
-9999 -9999 -9999 241.70599 239.13699 247.56900 248.49001 248.25500 250.41200 248.13699 244.76500 251.45100 250.00000 251.60800 254.56900 256.15701 258.01999 258.80399 254.60800 241.50999 247.94099 250.31400 253.25500 248.49001 244.07800 239.86301 234.31400 229.13699 238.68600 247.29401 247.76500 240.82401 248.03900 242.07800 240.33299 237.84300 239.29401 235.07800 234.92200 239.49001 246.13699 252.25500 259.03900 257.11801 249.03900 251.76500 252.82401 255.60800 257.35300 257.72501 258.19601 251.98000 253.92200 258.11801 252.21600 264.09799 250.72501 249.37300 253.45100 261.51001 260.05899 261.39200 260.56900 267.76501 269.66699 261.03900 265.39200 275.64700 287.68600 287.00000
-9999 -9999 -9999 -9999 243.90199 247.23500 247.56900 250.31400 250.74500 247.58800 244.15700 248.96100 254.03900 255.88200 -9999 -9999 -9999 -9999 -9999 252.47099 248.05901 241.52901 244.39200 252.19600 247.03900 236.56900 217.03900 225.03900 231.92200 225.70000 230.39200 231.17599 235.33299 231.23500 221.76500 224.07800 226.09801 225.90199 226.84300 231.25500 233.39200 237.43100 240.11800 246.78400 245.27499 243.96100 246.31400 252.21600 249.74500 246.76500 251.90199 251.25500 248.25500 254.74500 255.80400 258.68600 261.23499 259.90201 260.15701 256.54901 259.84299 267.13699 266.78400 265.09799 266.90201 270.72501 270.09799 270.11801 264.25500 -9999
-9999 -9999 238.74500 241.68600 243.56900 243.86301 245.19600 250.58800 246.50999 245.50999 243.11800 248.27499 255.88200 -9999 -9999 -9999 -9999 -9999 262.23499 242.56900 240.92200 223.43100 223.84300 234.92200 235.94099 231.19600 204.22400 204.59200 204.45700 203.14301 209.52200 214.83299 217.66701 213.74500 211.15700 206.98000 216.17599 222.82401 223.72501 227.64700 231.31400 230.37300 233.66701 234.58800 233.62700 236.96100 239.50999 240.50999 237.76500 236.05901 237.25500 241.27499 241.00000 241.49001 246.68600 243.43100 249.52901 255.72501 257.19601 251.68600 253.94099 258.52899 258.56900 260.70599 260.62701 262.56900 262.43100 -9999 -9999 -9999
-9999 -9999 238.74500 239.15700 238.39200 238.60800 239.03900 245.33299 243.23500 241.80400 246.00000 250.58800 255.09801 -9999 -9999 -9999 -9999 245.74500 248.07800 229.49001 225.13699 218.55099 208.96001 207.25500 193.68100 192.85100 191.70799 205.60899 195.20000 185.76601 200.19600 212.37500 202.69400 204.24001 208.60800 213.49001 216.21600 219.11800 222.66701 226.00000 214.11800 223.72501 224.60800 224.21600 227.47099 230.78400 230.90199 232.76500 225.98000 230.94099 229.37300 228.23500 230.03900 232.27499 234.00000 231.15700 233.33299 245.52901 251.96100 252.02000 249.11800 257.68600 254.27499 250.74500 248.11800 -9999 -9999 -9999 -9999 -9999
-9999 -9999 236.98000 241.43100 239.96100 239.39200 238.47099 238.45100 240.84300 243.23500 248.47099 252.50999 224.33299 -9999 -9999 -9999 -9999 249.74500 237.23500 221.64700 215.45799 199.50000 178.25000 179.19400 173.78799 187.04800 199.88600 197.16701 193.35001 185.90700 196.90700 203.68100 204.33299 211.22400 208.98000 206.06000 209.17999 205.96001 215.56900 211.92200 207.58800 210.86301 209.92200 212.76500 211.23500 228.50999 233.07800 223.31400 221.74500 235.00000 231.25500 227.31400 228.49001 231.82401 230.58800 226.74500 228.94099 235.68600 237.96100 242.64700 236.68600 237.78400 238.82401 247.41200 258.25500 263.60800 253.62700 261.56900 261.92200 -9999
-9999 -9999 -9999 237.50999 236.66701 233.02000 229.09801 229.50999 239.92200 246.80400 247.43100 225.43100 -9999 -9999 -9999 -9999 244.86301 237.82401 220.11800 215.02000 197.86400 175.55901 180.09100 181.03000 179.15199 182.00000 182.66701 187.62801 186.71100 203.70700 203.97600 200.69600 193.72301 195.46899 193.64000 195.69400 195.17999 195.80000 203.67999 200.56000 198.96100 205.35300 197.62700 199.58800 204.33299 207.50999 206.68600 211.88200 217.05901 219.45100 224.62700 232.43100 231.39200 228.45100 230.39200 241.96100 239.03900 249.17599 250.41200 244.88200 236.37300 239.88200 249.11800 271.21600 285.51001 259.19601 246.96100 251.31400 252.31400 257.51001
-9999 -9999 -9999 -9999 234.07800 226.72501 225.56900 238.00000 244.29401 238.37300 222.74500 -9999 -9999 -9999 -9999 250.52901 234.19600 221.76500 214.22900 209.22400 189.61000 175.17900 173.75000 177.27299 160.45500 180.03200 182.68800 179.27800 187.85001 192.16701 199.61000 186.29500 187.25000 188.97701 189.14900 191.76601 192.91800 196.52000 200.42000 203.39999 209.11800 208.82401 199.84300 197.62700 195.88200 198.90199 202.56900 206.90199 210.31400 214.76500 215.33299 219.31400 222.39200 224.70599 223.35300 224.76500 222.92200 234.02000 236.00000 231.92200 238.58800 248.56900 251.27499 254.19600 260.70599 257.19601 243.37300 239.49001 251.03900 251.02000
-9999 -9999 -9999 -9999 -9999 -9999 235.07800 236.15700 218.56900 223.41200 231.37300 -9999 -9999 -9999 -9999 -9999 227.17599 219.36000 214.87500 197.36000 193.36400 177.73700 188.05000 155.35300 156.29401 177.60001 171.39999 167.30600 183.50000 185.89700 191.08099 189.28900 187.00000 192.46500 194.78300 186.66701 197.26100 202.36000 202.04100 197.22000 201.64700 201.54201 212.36000 205.29401 196.29401 192.55099 196.20000 207.23500 205.11800 211.80400 214.78400 217.86301 219.00000 217.02000 217.88200 218.98000 220.29401 226.92200 230.60800 235.49001 242.47099 249.56900 252.62700 259.60800 268.17599 258.31400 243.50999 232.74500 235.86301 236.82401
-9999 -9999 -9999 -9999 -9999 -9999 -9999 -9999 -9999 -9999 -9999 -9999 -9999 -9999 -9999 -9999 -9999 -9999 -9999 201.37000 185.30800 183.69701 187.08299 163.44400 159.82401 172.65401 188.51500 193.51199 201.84801 199.84100 190.97600 188.74400 187.77800 191.90900 191.97701 189.62199 186.68900 179.32600 178.65199 187.88901 191.55600 189.75600 190.91701 191.76601 190.94099 191.91800 195.00000 197.36000 207.74500 207.80400 213.86301 215.35300 215.49001 214.60800 212.64700 213.47099 213.45100 222.60800 227.25500 232.88200 242.76500 243.47099 248.19600 259.74500 266.88199 243.60800 230.90199 227.21600 229.19600 243.58800
-9999 -9999 -9999 -9999 -9999 -9999 -9999 -9999 -9999 -9999 -9999 -9999 -9999 -9999 -9999 -9999 -9999 -9999 213.44701 195.28600 193.57600 190.06500 189.70399 178.60699 181.86200 185.00000 178.57100 194.52800 189.54500 192.28600 188.83800 187.97301 188.69400 186.94299 184.43900 185.73300 187.02200 181.81400 179.56500 180.48801 188.57800 192.97400 188.27499 190.85400 192.41701 191.77800 184.10400 195.36000 201.10001 202.62700 206.76500 211.90199 213.39200 213.02000 211.03900 203.47099 208.84300 225.31400 230.02000 232.15700 232.86301 232.78400 240.86301 245.39200 248.33299 238.25500 232.19600 225.39200 228.49001 230.45100
-9999 -9999 -9999 -9999 -9999 -9999 -9999 -9999 -9999 -9999 -9999 -9999 -9999 -9999 -9999 -9999 -9999 215.29201 213.82201 192.89500 188.70000 187.29601 187.39301 182.69200 192.00000 186.50000 184.47200 190.63600 168.39101 180.06500 188.08299 194.93900 187.86501 191.46300 187.54300 182.90700 190.84100 185.92900 183.63600 189.90199 194.09100 196.69200 188.00000 185.71100 185.44400 191.30400 196.78300 197.21600 198.13699 208.23500 208.64700 212.47099 215.60800 213.98000 212.33299 202.62700 214.09801 224.33299 225.35300 227.13699 224.03900 228.72501 248.25500 250.29401 236.66701 232.68600 232.07800 226.02000 227.00000 232.74500
-9999 -9999 -9999 -9999 -9999 -9999 -9999 -9999 -9999 -9999 -9999 -9999 -9999 -9999 -9999 -9999 -9999 196.17101 201.08600 212.33299 198.04500 183.28600 176.14301 168.91701 171.96899 179.85201 183.00000 192.34300 185.59500 191.60001 199.78600 199.46700 201.20900 197.31900 193.73801 188.42900 185.46300 189.41701 198.41901 192.32500 181.69400 183.92500 183.55299 189.41901 192.28900 188.66701 191.06400 195.75999 199.25500 203.37300 206.09801 211.21600 213.03900 213.52901 212.21600 207.64700 221.78400 229.31400 222.60800 221.49001 224.13699 236.66701 236.50999 243.25500 251.50999 243.23500 231.43100 240.49001 228.07800 233.15700
-9999 -9999 -9999 -9999 -9999 -9999 -9999 -9999 -9999 -9999 -9999 -9999 -9999 -9999 -9999 -9999 213.68201 210.00000 209.59300 216.00000 205.50000 179.42101 181.00000 178.25000 177.13300 176.39999 182.24001 185.85300 183.11099 199.86501 200.05299 202.18600 203.92900 198.10600 196.84801 198.04300 194.44400 185.40500 191.29700 186.84599 182.11099 184.84399 192.78400 181.09500 181.90500 180.55600 183.17799 192.77800 190.72900 203.33299 204.84300 208.90199 211.07800 211.19600 211.92200 205.58800 214.76500 218.15700 219.68600 224.00000 222.37300 232.03900 237.80400 252.54900 245.13699 241.66701 236.70599 233.54900 224.09801 225.11800
-9999 -9999 -9999 -9999 -9999 -9999 -9999 -9999 -9999 -9999 -9999 -9999 -9999 211.14999 209.48801 209.48399 205.31200 209.22600 201.95799 164.50000 188.23100 151.15800 155.62500 177.50000 177.96001 172.85001 183.34599 185.80000 189.07401 185.34300 188.80600 191.85699 191.19501 191.56100 193.85699 200.17799 195.77299 185.57100 176.43300 170.12500 173.03799 167.95200 174.81000 178.50000 178.85699 184.15800 185.31599 190.65900 190.53799 193.87801 202.77600 204.43100 206.45100 208.66701 210.31400 200.45100 213.92200 214.21600 213.92200 217.19600 222.11800 224.00000 225.60800 235.03900 230.49001 221.00000 222.33299 225.78400 226.39200 226.31400
-9999 -9999 -9999 -9999 -9999 -9999 -9999 -9999 -9999 -9999 -9999 -9999 197.89301 190.92599 204.11501 200.53799 190.10699 183.71001 193.92000 169.83299 179.93300 133.92300 156.33299 179.09500 188.21100 167.95000 169.94701 180.70799 183.57100 186.58600 192.80000 186.57600 195.50000 197.02800 195.59500 196.18600 196.40900 181.44701 167.75000 162.60001 170.16701 173.52901 167.33299 165.86400 179.50000 188.78900 191.22200 191.30800 183.02499 187.95500 192.41701 199.06100 203.16000 203.75500 206.58000 208.88200 193.06000 205.92200 215.09801 223.02000 220.54900 219.19600 218.17599 225.37300 224.60800 221.00000 222.56900 225.37300 223.92200 231.92200
-9999 -9999 -9999 -9999 -9999 -9999 -9999 -9999 -9999 -9999 -9999 216.55600 204.36400 186.48599 183.25000 186.95799 185.44000 187.88499 189.64000 173.78900 187.70000 128.07100 136.42900 176.81200 190.82401 157.39999 154.07100 169.92900 167.85001 177.08701 179.60899 190.46700 191.56200 194.06100 194.00000 189.19400 191.07401 158.63200 139.50000 160.85699 158.63600 150.10001 135.83299 146.68800 168.85699 187.15199 186.21899 185.25000 188.54300 177.75000 179.05299 196.26700 205.41701 198.95599 201.14600 199.61200 195.25999 191.70799 203.75999 206.25500 207.31400 212.72501 215.31400 217.70599 219.80400 221.60800 223.37300 220.92200 219.88200 248.33299
-9999 -9999 -9999 -9999 -9999 -9999 -9999 -9999 -9999 -9999 205.47400 196.18800 173.90500 182.51500 179.24001 167.90500 176.66701 192.57100 185.71400 175.76900 158.89999 145.11099 146.60001 168.88901 177.26700 161.05299 167.07100 175.81000 175.52400 173.50000 164.65199 170.73300 172.61301 193.94099 193.46201 187.20599 183.89999 166.95700 184.17599 163.38499 141.53799 129.44400 134.55600 154.36400 164.07100 159.33299 177.80000 177.86700 184.51401 172.76700 170.89700 200.74400 184.73300 198.26199 190.02299 186.20000 185.63800 187.44901 206.09801 206.98000 209.07800 210.47099 214.35300 217.17599 218.90199 220.70599 221.03900 219.23500 239.98000 258.47101
-9999 -9999 -9999 -9999 -9999 -9999 -9999 -9999 -9999 173.42300 187.29601 186.34599 188.06500 179.75999 178.03799 171.25000 168.64999 152.75000 162.44400 153.00000 150.25000 108.77800 134.16701 154.18201 169.54500 161.94701 159.00000 141.15800 136.12500 143.70599 151.91299 146.46201 157.33299 169.87500 176.67599 177.34599 195.17400 193.44800 186.80000 147.70000 134.00000 168.44400 173.66701 149.26700 149.26700 166.80000 157.30000 166.81200 180.58800 177.03300 177.96400 180.00000 182.12500 190.38901 188.02499 185.37199 196.44701 200.80000 202.36000 204.94099 206.88200 209.13699 211.09801 213.90199 214.25500 215.90199 207.00000 209.21600 251.86301 264.03900
-9999 -9999 -9999 -9999 -9999 -9999 -9999 -9999 -9999 -9999 161.00000 152.63200 185.35300 156.26100 132.82401 168.00000 171.80000 172.41701 146.81799 175.83299 178.12500 130.66701 132.92300 -9999 -9999 -9999 -9999 -9999 -9999 138.78900 146.37500 140.00000 143.41701 166.79201 182.00000 170.72200 196.65199 192.33299 173.66701 133.70000 153.09100 158.16701 148.22200 148.00000 152.43800 153.25000 171.25900 172.42400 164.10300 161.70399 165.23300 177.50000 178.53300 190.90900 195.43900 196.16701 194.89600 197.84000 199.39999 202.80400 205.39200 208.66701 209.74500 213.29401 217.68600 210.25999 220.07800 242.43100 271.76501 270.96100
-9999 -9999 -9999 -9999 -9999 -9999 -9999 -9999 -9999 -9999 -9999 -9999 144.46700 143.45500 151.39999 134.87500 111.00000 166.90900 166.16701 -9999 -9999 -9999 -9999 -9999 -9999 -9999 -9999 -9999 -9999 -9999 -9999 -9999 -9999 114.60000 154.70799 168.13300 149.35699 170.54500 150.87500 163.20000 151.12500 155.60001 136.41701 137.76900 143.00000 167.52901 177.47600 178.50000 173.39101 177.35100 174.37801 162.55600 175.93500 183.27800 190.46300 185.14301 190.02100 191.38800 193.17999 203.37300 204.88200 205.45100 206.90199 210.88200 214.00000 225.15700 237.74500 251.39200 266.96100 259.37299
-9999 -9999 -9999 -9999 -9999 -9999 -9999 -9999 -9999 -9999 -9999 -9999 -9999 -9999 -9999 -9999 -9999 -9999 -9999 -9999 -9999 -9999 -9999 -9999 -9999 -9999 -9999 -9999 -9999 -9999 -9999 -9999 -9999 -9999 134.00000 169.00000 134.00000 155.16701 169.14301 129.85699 144.60001 159.00000 145.28600 133.33299 147.31200 153.57100 175.30000 180.71001 178.96300 181.44099 179.05400 169.46899 191.44400 190.78900 192.07100 189.25600 188.11099 186.83299 195.20000 203.56900 206.45100 207.17599 210.60800 209.66701 214.13699 225.84300 241.62700 252.96100 267.64700 262.86301
