data/hydroclimate-scenarios/1948-2000.Pcorr55N_Pref_Tref/swe_stats/jd_max_swe.1950-2000.asc
ncols	311
nrows	91
xllcenter	102.75
yllcenter	31.75
cellsize	0.5
NODATA_value	-9999
[rows 0 to 30 of 91, columns 70 to 139 of 311]
-9999 -9999 -9999 -9999 -9999 -9999 -9999 -9999 -9999 -9999 -9999 -9999 -9999 -9999 -9999 -9999 -9999 -9999 -9999 -9999 -9999 -9999 -9999 -9999 -9999 -9999 -9999 -9999 -9999 -9999 -9999 -9999 -9999 -9999 -9999 -9999 -9999 -9999 -9999 -9999 -9999 -9999 -9999 -9999 -9999 -9999 -9999 -9999 -9999 -9999 -9999 -9999 -9999 -9999 -9999 -9999 -9999 -9999 -9999 -9999 -9999 -9999 -9999 -9999 -9999 -9999 -9999 -9999 -9999 -9999
-9999 -9999 -9999 -9999 -9999 -9999 -9999 -9999 -9999 -9999 -9999 -9999 -9999 -9999 -9999 -9999 -9999 -9999 -9999 -9999 -9999 -9999 -9999 -9999 -9999 -9999 -9999 -9999 -9999 -9999 -9999 -9999 -9999 -9999 -9999 -9999 -9999 -9999 -9999 -9999 -9999 -9999 -9999 -9999 -9999 -9999 -9999 -9999 -9999 -9999 -9999 -9999 -9999 -9999 -9999 -9999 -9999 -9999 -9999 -9999 -9999 -9999 -9999 -9999 -9999 -9999 -9999 -9999 -9999 -9999
-9999 -9999 -9999 -9999 -9999 -9999 -9999 -9999 -9999 -9999 -9999 -9999 -9999 -9999 -9999 -9999 -9999 -9999 -9999 -9999 -9999 -9999 -9999 -9999 -9999 -9999 -9999 -9999 -9999 -9999 -9999 -9999 -9999 -9999 -9999 -9999 -9999 -9999 -9999 -9999 -9999 -9999 -9999 -9999 -9999 -9999 -9999 -9999 -9999 -9999 -9999 -9999 -9999 -9999 -9999 -9999 -9999 -9999 -9999 -9999 -9999 -9999 -9999 -9999 -9999 -9999 -9999 -9999 -9999 -9999
-9999 -9999 -9999 -9999 -9999 -9999 -9999 -9999 -9999 -9999 -9999 -9999 -9999 -9999 -9999 -9999 -9999 -9999 -9999 -9999 -9999 -9999 -9999 -9999 -9999 -9999 -9999 -9999 -9999 -9999 -9999 -9999 -9999 -9999 -9999 -9999 -9999 -9999 -9999 -9999 -9999 -9999 -9999 -9999 -9999 -9999 -9999 -9999 -9999 -9999 -9999 -9999 -9999 -9999 -9999 -9999 -9999 -9999 -9999 -9999 -9999 -9999 -9999 -9999 -9999 -9999 -9999 -9999 -9999 -9999
-9999 -9999 -9999 -9999 -9999 -9999 -9999 -9999 -9999 -9999 -9999 -9999 -9999 -9999 -9999 -9999 -9999 -9999 -9999 -9999 -9999 -9999 -9999 -9999 -9999 -9999 -9999 -9999 -9999 -9999 -9999 -9999 -9999 -9999 -9999 -9999 -9999 -9999 -9999 -9999 -9999 -9999 -9999 -9999 -9999 -9999 -9999 -9999 -9999 -9999 -9999 -9999 -9999 -9999 -9999 -9999 -9999 -9999 -9999 -9999 -9999 -9999 -9999 -9999 -9999 -9999 -9999 -9999 -9999 -9999
-9999 -9999 -9999 -9999 -9999 -9999 -9999 -9999 -9999 -9999 -9999 -9999 -9999 -9999 -9999 -9999 -9999 -9999 -9999 -9999 -9999 -9999 -9999 -9999 -9999 -9999 -9999 -9999 -9999 -9999 -9999 -9999 -9999 -9999 -9999 -9999 -9999 -9999 -9999 -9999 -9999 -9999 -9999 -9999 -9999 -9999 -9999 -9999 -9999 -9999 -9999 -9999 -9999 -9999 -9999 -9999 -9999 -9999 -9999 -9999 -9999 -9999 -9999 -9999 -9999 -9999 -9999 -9999 -9999 -9999
-9999 -9999 -9999 -9999 -9999 -9999 -9999 -9999 -9999 -9999 -9999 -9999 -9999 -9999 -9999 -9999 -9999 -9999 -9999 -9999 -9999 -9999 -9999 -9999 -9999 -9999 -9999 -9999 -9999 -9999 -9999 -9999 -9999 -9999 -9999 -9999 -9999 -9999 -9999 -9999 -9999 -9999 -9999 -9999 -9999 -9999 -9999 -9999 -9999 -9999 -9999 -9999 -9999 -9999 -9999 -9999 -9999 -9999 -9999 -9999 -9999 -9999 -9999 -9999 -9999 -9999 -9999 -9999 -9999 -9999
-9999 -9999 -9999 -9999 -9999 -9999 -9999 -9999 -9999 -9999 -9999 -9999 -9999 -9999 -9999 -9999 -9999 -9999 -9999 -9999 -9999 -9999 -9999 -9999 -9999 -9999 -9999 -9999 -9999 -9999 -9999 -9999 -9999 -9999 -9999 -9999 -9999 -9999 -9999 -9999 -9999 -9999 -9999 -9999 -9999 -9999 -9999 -9999 -9999 -9999 -9999 -9999 -9999 -9999 -9999 -9999 -9999 -9999 -9999 -9999 -9999 -9999 -9999 -9999 -9999 -9999 -9999 -9999 -9999 -9999
-9999 -9999 -9999 -9999 -9999 -9999 -9999 236.50999 -9999 -9999 -9999 -9999 -9999 -9999 -9999 -9999 -9999 -9999 -9999 -9999 -9999 -9999 -9999 -9999 -9999 -9999 -9999 -9999 -9999 -9999 -9999 -9999 -9999 -9999 -9999 -9999 -9999 -9999 -9999 -9999 -9999 -9999 -9999 -9999 -9999 -9999 -9999 -9999 -9999 -9999 -9999 -9999 -9999 -9999 -9999 -9999 -9999 -9999 -9999 -9999 -9999 -9999 -9999 -9999 -9999 -9999 -9999 -9999 -9999 -9999
-9999 -9999 -9999 241.90199 227.43100 229.00000 233.74500 234.86301 238.64700 239.19600 240.84300 245.31400 246.76500 248.43100 246.56900 246.92200 245.78400 248.64700 246.41200 243.52901 242.31400 241.88200 240.92200 -9999 -9999 -9999 -9999 -9999 -9999 -9999 -9999 -9999 -9999 -9999 -9999 -9999 -9999 -9999 -9999 -9999 -9999 -9999 -9999 -9999 -9999 -9999 -9999 -9999 -9999 -9999 -9999 -9999 -9999 -9999 -9999 -9999 -9999 -9999 -9999 -9999 -9999 -9999 -9999 -9999 -9999 -9999 -9999 -9999 -9999 -9999
-9999 -9999 -9999 -9999 -9999 237.02000 238.03900 240.56900 241.70599 245.43100 246.60800 246.90199 248.94099 249.37300 249.39200 245.78400 246.62700 250.98000 250.84300 245.58800 245.41200 245.39200 242.54900 -9999 -9999 -9999 -9999 -9999 -9999 -9999 -9999 -9999 -9999 -9999 -9999 -9999 -9999 -9999 -9999 -9999 -9999 -9999 -9999 -9999 -9999 -9999 -9999 -9999 -9999 -9999 -9999 -9999 -9999 -9999 -9999 -9999 -9999 -9999 -9999 -9999 -9999 -9999 -9999 -9999 -9999 -9999 -9999 -9999 -9999 -9999
222.60800 225.80400 226.90199 226.58800 227.03900 236.23500 235.90199 238.00000 239.29401 243.92200 244.90199 245.80400 244.72501 244.76500 245.45100 244.88200 243.41200 247.19600 248.80400 245.19600 244.70599 243.64700 242.80400 241.47099 239.70599 241.49001 240.31400 238.74500 234.54900 -9999 -9999 -9999 -9999 -9999 -9999 -9999 -9999 -9999 -9999 -9999 -9999 -9999 -9999 -9999 -9999 -9999 -9999 -9999 -9999 -9999 -9999 -9999 -9999 -9999 -9999 -9999 -9999 -9999 -9999 -9999 -9999 -9999 -9999 -9999 -9999 -9999 -9999 -9999 -9999 -9999
227.07800 226.19600 228.86301 229.96100 233.62700 239.23500 241.49001 239.13699 239.31400 245.41200 247.52901 246.88200 247.96100 242.90199 243.78400 248.66701 250.09801 247.60800 247.82401 249.25500 250.66701 248.66701 250.47099 244.80400 242.94099 244.64700 242.31400 241.92200 241.92200 239.84300 235.09801 231.70599 231.45100 231.50999 231.50999 229.23500 229.21600 225.39200 225.39200 222.37300 222.66701 224.11800 224.11800 223.39200 -9999 -9999 -9999 -9999 -9999 -9999 -9999 -9999 -9999 -9999 -9999 -9999 -9999 -9999 -9999 -9999 -9999 -9999 -9999 -9999 -9999 -9999 -9999 -9999 -9999 -9999
228.09801 229.33299 231.21600 229.39200 232.13699 240.39200 240.41200 237.78400 236.76500 243.09801 243.35300 243.98000 243.64700 241.76500 243.03900 247.74500 246.52901 246.66701 245.33299 244.62700 248.35300 250.03900 251.05901 244.66701 244.60800 245.21600 242.31400 241.92200 241.60800 240.35300 240.35300 235.35300 233.54900 228.47099 227.98000 226.47099 226.19600 225.50999 224.17599 221.33299 221.33299 223.21600 220.62700 220.92200 220.86301 -9999 -9999 -9999 -9999 -9999 -9999 -9999 -9999 -9999 -9999 -9999 -9999 -9999 -9999 -9999 -9999 -9999 -9999 -9999 -9999 -9999 -9999 -9999 -9999 -9999
236.86301 241.11800 241.23500 237.90199 241.72501 237.29401 237.70599 239.31400 238.52901 243.74500 242.64700 245.09801 244.54900 246.19600 246.19600 246.84300 247.21600 249.02000 248.11800 246.58800 249.88200 249.00000 248.50999 247.58800 246.90199 247.92200 250.41200 244.80400 241.88200 240.27499 239.35300 238.05901 236.03900 233.60800 234.45100 233.11800 231.84300 231.13699 229.29401 228.05901 227.90199 225.03900 224.62700 226.84300 225.19600 -9999 -9999 -9999 -9999 -9999 -9999 -9999 -9999 -9999 -9999 -9999 -9999 -9999 -9999 -9999 221.52901 223.33299 -9999 -9999 -9999 -9999 233.03900 242.80400 248.00000 240.35300
232.90199 238.82401 239.96100 237.09801 239.62700 234.39200 233.58800 234.35300 236.68600 240.03900 241.80400 240.49001 239.98000 243.45100 246.50999 245.11800 244.56900 244.64700 247.27499 238.07800 238.52901 242.86301 246.47099 243.05901 234.56900 234.27499 237.15700 238.05901 239.62700 235.64700 236.84300 235.90199 234.50999 233.00000 233.02000 230.11800 229.05901 225.27499 226.76500 227.25500 225.00000 223.17599 224.23500 224.66701 224.88200 226.54900 226.66701 227.49001 230.98000 235.37300 239.11800 238.41200 238.62700 235.66701 233.98000 235.19600 234.76500 225.13699 225.62700 225.88200 226.82401 227.02000 -9999 -9999 -9999 -9999 -9999 235.60800 241.13699 242.13699
240.00000 242.15700 236.76500 238.94099 245.88200 238.68600 235.74500 235.47099 235.49001 236.33299 232.02000 232.49001 231.76500 233.64700 232.49001 234.90199 235.80400 236.50999 235.31400 233.60800 239.72501 234.33299 236.07800 230.62700 229.50999 231.62700 231.58800 231.27499 231.92200 232.54900 230.72501 229.66701 229.21600 229.82401 231.11800 228.49001 227.41200 228.56900 227.45100 229.23500 228.66701 225.70599 224.90199 226.41200 228.02000 231.02000 230.94099 229.98000 232.11800 239.39200 241.90199 240.64700 233.19600 235.64700 243.00000 245.02000 240.49001 245.33299 245.27499 243.82401 238.25500 237.39200 237.88200 232.88200 231.62700 231.05901 231.64700 236.70599 237.15700 241.23500
235.17599 243.56900 252.23500 235.19600 241.50999 240.05901 238.68600 235.13699 236.27499 231.02000 231.56900 228.76500 231.17599 235.80400 232.02000 229.80400 227.23500 233.80400 234.84300 230.05901 231.05901 232.05901 234.60800 231.39200 231.54900 229.88200 231.52901 229.50999 229.98000 228.39200 225.78400 225.52901 224.47099 226.74500 228.50999 227.90199 226.80400 229.03900 227.52901 227.35300 225.05901 222.43100 229.25500 228.21600 223.94099 225.17599 228.03900 231.25500 232.54900 228.49001 230.54900 233.52901 234.11800 233.72501 236.05901 242.27499 244.70599 248.13699 247.02000 248.64700 249.19600 243.31400 251.43100 243.70599 238.86301 236.31400 237.66701 235.29401 237.15700 240.96100
247.31400 249.39200 253.82401 246.03900 233.92200 234.47099 229.47099 223.94099 235.80400 231.76500 230.68600 229.15700 230.27499 230.80400 226.58800 224.07800 222.78400 223.00000 225.03900 225.11800 228.39200 235.94099 238.54900 237.17599 236.29401 233.29401 231.50999 229.37300 228.45100 229.31400 228.33299 228.94099 230.02000 230.21600 228.72501 226.35300 226.56900 225.72501 230.39200 230.37300 232.11800 235.60800 235.03900 239.92200 238.21600 230.92200 229.31400 229.88200 230.39200 233.70599 237.02000 238.62700 238.98000 239.15700 242.41200 240.62700 239.80400 237.70599 244.17599 246.62700 251.49001 248.98000 254.72501 256.68600 253.37300 250.90199 251.82401 252.09801 251.64700 253.35300
234.50999 243.94099 249.45100 252.41200 250.90199 237.96100 227.94099 218.56900 220.49001 231.45100 226.88200 239.58800 239.60800 237.50999 232.74500 227.88200 228.92200 227.66701 223.39200 223.76500 227.52901 234.15700 237.37300 235.94099 235.88200 231.00000 229.80400 227.47099 228.76500 224.00000 226.60800 226.66701 225.37300 231.25500 236.02000 232.02000 231.68600 234.15700 234.66701 239.64700 241.94099 240.70599 239.68600 239.29401 238.05901 242.50999 241.11800 235.78400 230.21600 230.45100 236.11800 233.15700 236.33299 240.15700 235.98000 244.23500 246.88200 247.09801 250.88200 247.80400 244.15700 244.39200 244.66701 249.56900 254.92200 263.78400 256.90201 261.17599 259.11801 256.64700
238.78400 247.43100 251.96100 251.76500 256.98001 258.86301 244.33299 236.27499 231.43100 231.21600 220.58800 232.82401 245.05901 249.62700 253.62700 243.11800 238.29401 233.78400 227.96100 225.74500 225.49001 225.45100 225.68600 226.68600 232.41200 235.50999 231.62700 233.82401 235.39200 228.43100 228.41200 230.90199 236.92200 237.33299 237.86301 235.33299 240.23500 239.58800 242.17599 242.17599 242.17599 243.56900 244.15700 240.41200 239.84300 240.21600 233.45100 230.62700 231.82401 234.45100 232.15700 233.05901 238.29401 238.50999 241.84300 246.31400 245.13699 248.50999 252.52901 246.80400 253.29401 255.60800 255.13699 252.94099 253.35300 253.33299 254.27499 257.72501 261.17599 259.54901
249.68600 255.80400 256.13699 258.37299 257.27499 255.76500 254.45100 251.19600 245.33299 233.31400 224.68600 216.86301 224.50999 231.02000 236.56900 244.98000 246.74500 246.50999 242.70599 239.72501 233.25500 229.54900 228.29401 225.86301 228.05901 229.74500 231.98000 239.47099 239.47099 232.96100 237.68600 237.92200 242.94099 244.33299 244.00000 242.33299 243.62700 239.80400 242.00000 242.19600 242.49001 243.58800 242.29401 237.54900 241.86301 241.82401 242.21600 239.60800 241.90199 242.35300 238.23500 242.41200 247.02000 250.60800 251.37300 250.39200 249.02000 256.27499 250.70599 249.98000 255.43100 254.07800 256.47101 253.94099 251.09801 253.23500 253.90199 259.01999 257.17599 255.47099
236.33299 236.17599 241.29401 245.47099 241.72501 246.60800 246.15700 244.64700 240.56900 241.23500 231.68600 234.33299 229.64700 229.60800 230.21600 231.96100 234.00000 238.33299 244.02000 250.50999 248.54900 246.27499 244.50999 234.82401 227.11800 229.39200 233.74500 234.60800 234.15700 241.47099 241.60800 238.21600 240.15700 243.76500 241.33299 242.11800 236.64700 237.31400 238.86301 243.37300 241.62700 241.13699 239.31400 234.66701 236.74500 244.88200 244.56900 247.37300 244.90199 247.37300 254.90199 254.82401 254.47099 256.56900 262.56900 258.23499 263.03900 256.01999 259.27499 255.82401 251.47099 253.00000 250.35300 252.76500 253.23500 254.05901 251.88200 250.31400 249.09801 250.94099
239.00000 235.29401 239.25500 236.66701 235.80400 242.68600 246.35300 246.88200 246.00000 242.62700 231.27499 226.62700 243.56900 244.50999 240.13699 244.21600 253.47099 250.37300 225.58800 242.47099 256.37299 251.72501 250.49001 241.78400 234.13699 233.82401 231.45100 231.33299 231.52901 237.98000 240.49001 239.31400 240.27499 239.74500 239.86301 235.00000 235.60800 238.21600 238.21600 241.07800 241.70599 247.60800 243.60800 239.78400 240.72501 234.02000 233.03900 232.80400 242.09801 250.74500 253.92200 255.72501 254.25500 253.21600 254.37300 259.21600 261.80399 258.31400 258.66699 253.78400 252.80400 249.05901 240.96100 251.49001 254.47099 245.37300 238.43100 236.15700 237.19600 245.60800
243.02000 240.35300 240.17599 240.80400 237.33299 240.70599 241.25500 238.96100 238.74500 242.37300 238.37300 228.19600 237.02000 242.25500 239.37300 244.25500 246.17599 256.78400 249.25500 239.52901 241.15700 245.72501 246.21600 242.21600 242.02000 237.84300 230.98000 225.19600 228.98000 233.60800 237.94099 235.88200 235.96100 233.17599 238.05901 239.52901 239.35300 236.58800 239.11800 240.07800 242.90199 250.13699 250.58800 249.56900 249.00000 239.78400 237.35300 239.21600 243.92200 249.17599 254.37300 256.72501 255.35300 250.17599 259.35300 255.88200 254.90199 253.31400 251.03900 259.51001 256.56900 254.45100 250.00000 249.29401 244.39200 245.66701 237.94099 240.58800 246.49001 252.13699
241.39200 240.72501 241.86301 242.07800 241.98000 243.09801 236.90199 233.92200 228.54900 230.35300 228.60800 234.66701 239.00000 238.21600 237.76500 236.41200 242.74500 247.33299 250.60800 253.82401 251.45100 246.02000 241.58800 237.05901 239.31400 240.74500 238.31400 234.96100 234.92200 238.66701 239.13699 239.43100 239.31400 236.80400 238.96100 238.27499 241.07800 239.56900 244.52901 243.70599 247.11800 255.19600 251.13699 250.11800 255.78400 249.35300 245.60800 244.76500 246.58800 246.64700 250.60800 253.07800 246.92200 241.82401 244.39200 244.52901 243.94099 246.64700 251.47099 255.11800 257.84299 252.03900 252.82401 249.64700 247.41200 245.31400 242.92200 241.02000 245.80400 248.90199
235.78400 245.15700 246.09801 251.27499 252.80400 247.64700 244.37300 238.88200 234.90199 228.64700 232.35300 231.05901 233.66701 246.09801 244.72501 238.15700 238.43100 242.66701 243.27499 251.09801 248.60800 246.49001 245.33299 247.31400 244.31400 240.17599 231.35300 240.23500 239.13699 236.68600 232.94099 225.64700 233.05901 236.37300 241.82401 244.47099 239.86301 242.37300 246.72501 246.27499 246.11800 252.62700 254.49001 252.94099 251.47099 248.27499 247.43100 244.35300 245.41200 242.37300 249.45100 244.88200 245.31400 246.25500 248.23500 253.25500 254.05901 250.56900 248.29401 244.45100 245.41200 247.33299 248.72501 244.45100 247.50999 249.52901 248.66701 248.56900 249.84300 257.09799
230.52901 241.07800 243.60800 251.76500 252.49001 249.78400 245.02000 242.15700 237.76500 233.72501 231.13699 224.58800 228.35300 235.74500 241.80400 245.58800 246.84300 243.72501 240.86301 242.09801 240.72501 250.82401 245.35300 245.21600 239.74500 240.09801 240.27499 243.64700 240.74500 237.03900 231.47099 227.62700 227.03900 237.96100 243.25500 245.03900 242.19600 242.54900 245.29401 248.07800 248.09801 252.11800 254.21600 251.47099 252.11800 248.00000 248.92200 240.74500 242.82401 243.74500 245.25500 245.52901 246.02000 246.35300 245.23500 250.47099 249.80400 247.35300 245.68600 244.09801 240.90199 247.09801 248.94099 252.21600 253.25500 255.98000 254.35300 254.09801 254.05901 258.92200
228.25500 243.78400 242.90199 250.66701 254.23500 255.07800 257.56900 254.11800 245.82401 241.13699 236.64700 232.78400 233.98000 235.88200 239.70599 247.17599 244.21600 238.03900 236.60800 240.17599 239.68600 239.29401 249.68600 245.07800 242.68600 236.96100 229.52901 235.72501 235.60800 236.07800 229.86301 224.39200 224.84300 233.50999 241.86301 245.43100 246.66701 244.72501 250.00000 254.88200 260.60800 256.74500 256.56900 255.03900 251.72501 242.47099 242.07800 237.90199 235.58800 238.17599 238.15700 237.15700 238.35300 241.29401 244.17599 246.82401 248.09801 246.03900 243.43100 243.23500 246.88200 252.03900 252.94099 256.31400 261.76501 261.43100 259.76501 264.00000 263.31400 260.86301
225.74500 235.37300 242.07800 249.29401 250.45100 256.70599 256.41199 262.70599 256.43100 246.49001 247.82401 247.25500 244.80400 241.80400 244.05901 245.90199 242.94099 243.35300 240.86301 238.58800 239.33299 241.84300 250.39200 253.07800 244.50999 239.56900 240.27499 240.19600 239.15700 238.86301 237.66701 230.62700 229.64700 235.70599 243.31400 247.86301 246.94099 248.37300 248.52901 253.96100 255.47099 253.78400 245.98000 247.80400 246.07800 234.00000 237.92200 235.49001 236.49001 241.74500 241.39200 -9999 -9999 241.00000 239.62700 241.23500 244.00000 243.37300 242.29401 247.00000 249.72501 255.66701 260.11801 265.13699 268.03900 263.84299 268.23499 271.25500 271.37299 265.19601
243.00000 249.13699 245.47099 249.37300 253.13699 254.56900 254.02000 256.80399 252.07800 249.78400 251.78400 256.01999 251.80400 254.54900 254.54900 249.31400 244.15700 241.27499 240.72501 240.90199 245.47099 248.82401 245.68600 241.80400 241.13699 252.90199 248.07800 246.96100 243.05901 240.45100 235.41200 240.68600 237.35300 243.31400 245.90199 247.27499 247.35300 251.80400 247.62700 240.80400 -9999 -9999 -9999 -9999 234.84300 -9999 239.43100 245.62700 242.47099 237.72501 234.17599 -9999 -9999 239.82401 240.09801 240.19600 241.31400 239.58800 241.29401 249.84300 253.64700 254.37300 256.51001 258.80399 260.51001 259.52899 270.23499 268.64700 267.47101 259.90201
