data/hydroclimate-scenarios/1948-2000.Pcorr55N_Pref_Tref/swe_stats/max_swe.asc
ncols	311
nrows	91
xllcenter	102.75
yllcenter	31.75
cellsize	0.5
NODATA_value	-9999
[rows 31 to 61 of 91, columns 0 to 70 of 311]
-9999 -9999 -9999 -9999 -9999 -9999 -9999 -9999 -9999 -9999 -9999 118.81700 122.55400 135.16701 137.69400 146.77299 154.69200 162.36700 170.85201 168.71300 159.98801 158.59399 152.57700 147.95599 140.52100 134.88499 122.32700 114.17500 110.05400 106.42900 101.13300 100.50400 99.47500 100.11500 101.21500 102.88800 108.81700 108.21200 109.29200 111.22300 112.60600 111.84000 122.50000 120.19800 113.34200 111.18700 109.56700 113.30400 108.52500 108.26500 104.57900 101.61000 101.12700 100.74800 94.62500 89.88460 90.15380 87.39040 87.52500 90.74040 92.26540 89.15000 89.70380 93.80960 94.09040 92.12120 92.60770 90.16730 104.49400 112.16900 113.60600
-9999 -9999 -9999 -9999 -9999 -9999 -9999 -9999 -9999 -9999 -9999 127.33700 129.81000 132.49800 137.22900 146.53799 155.78999 156.21500 166.29800 169.77100 170.95000 158.81200 152.39400 143.91901 137.14000 134.71500 124.77100 119.65400 110.53800 106.44800 100.62500 100.49400 98.92690 99.72310 99.86150 100.48100 105.51500 107.11700 106.94400 112.19800 114.09400 118.36900 117.88700 116.33300 116.57500 113.89800 115.58800 118.67700 116.74200 113.96200 109.18500 108.43100 106.93100 102.56900 98.65000 96.85190 93.68080 94.97500 94.81920 95.55380 94.84040 93.93650 94.15190 96.16540 94.68650 90.96540 92.38850 90.66920 102.25800 112.50800 110.49400
-9999 -9999 -9999 -9999 -9999 -9999 -9999 -9999 -9999 -9999 -9999 142.08701 141.68100 137.10201 141.45399 148.14999 151.76500 158.88300 167.88300 166.01900 167.72099 161.07899 151.28500 144.64799 138.34200 131.06000 125.75600 112.34600 105.30200 104.86300 104.01500 97.75960 97.12120 95.58270 101.93500 105.40400 105.96200 107.94400 110.90400 119.81000 122.85400 124.69400 124.75800 124.39800 128.37300 128.41701 129.41200 129.32500 126.19400 125.54400 122.62500 117.16900 114.33300 109.92900 106.45600 102.75200 102.36300 104.31200 100.44200 97.60960 96.27310 98.56540 99.95960 95.09040 96.77880 96.48080 97.19810 101.76300 107.99800 117.53700 120.36500
-9999 -9999 -9999 -9999 -9999 -9999 -9999 -9999 -9999 -9999 -9999 -9999 138.22701 136.94800 135.71201 145.10201 153.69400 155.04800 160.84399 165.24800 167.95200 159.24400 156.71899 150.67101 141.03500 137.25600 124.25400 115.13100 102.02900 95.88850 92.82310 90.42120 90.06150 91.36540 91.76350 94.58080 104.90400 109.85000 112.12500 119.23100 124.91900 130.41499 134.92101 133.93100 136.58501 139.88499 141.29401 136.88699 133.27901 129.13800 125.27500 123.96200 117.83100 114.58300 115.65000 118.58500 115.91700 110.64000 103.52900 101.26000 102.31200 101.64000 101.66200 97.39620 100.76200 100.61300 101.71900 102.25600 120.11000 127.10600 124.17700
-9999 -9999 -9999 -9999 -9999 -9999 -9999 -9999 -9999 -9999 -9999 -9999 125.63700 129.12700 137.54800 139.06700 145.99600 151.06500 155.35001 160.85201 162.62100 166.37900 159.41000 153.28500 148.84599 131.26500 117.33100 105.24200 98.08270 88.25000 87.51920 83.39040 79.03650 81.90380 85.77880 91.89040 99.39230 104.99400 106.16300 115.43100 126.55000 134.76500 138.18500 140.28999 146.48700 152.88100 151.55400 147.10600 142.10600 132.11301 126.71000 126.82100 122.90000 120.94400 119.29200 119.16500 114.76900 114.47500 104.58300 98.18650 101.82300 98.92500 101.60000 102.71900 98.39810 99.01730 104.10000 113.68800 123.31700 130.61301 144.79601
-9999 -9999 -9999 -9999 -9999 -9999 -9999 -9999 -9999 -9999 -9999 -9999 126.90600 123.36000 118.82500 130.46700 136.00999 137.91901 146.64799 156.63800 169.63499 159.79601 152.89799 144.60201 124.60400 115.16700 97.79620 85.40770 81.25770 78.43270 75.03080 73.52310 74.93650 76.85580 79.67500 86.40190 87.98460 95.58460 99.59620 110.32900 120.53300 134.77901 138.38300 146.67500 155.94400 173.84399 170.44600 162.65401 149.92900 138.16701 134.15800 121.96900 122.75000 116.04800 105.98100 104.66200 105.60600 105.19800 103.76200 101.70000 102.57900 104.04400 104.84400 104.93500 111.75600 114.16300 116.00400 126.78100 144.36700 144.63100 157.74800
-9999 -9999 -9999 128.37300 128.80600 124.00400 124.31000 126.05200 124.14200 -9999 128.60600 132.58701 126.68500 119.09400 118.07500 116.77900 121.20400 119.92100 131.98100 143.36301 145.57100 137.33299 123.41900 116.70600 109.05600 94.96920 84.10190 84.60000 78.54620 83.36150 71.58460 63.99420 69.18080 72.78850 73.06920 79.42690 80.00580 85.81540 90.34810 104.24200 116.00200 123.46200 126.20400 138.88699 154.76700 181.57500 189.21700 177.01900 165.41901 146.29201 136.24800 126.89400 127.02700 125.69400 118.10000 129.26300 128.69400 113.33500 110.21700 105.83500 103.45000 109.68100 111.28700 112.41000 119.69800 124.21500 131.88800 134.42101 135.95000 152.91299 177.84801
-9999 -9999 -9999 122.88500 119.58100 118.94400 119.56200 121.91700 124.05200 121.52700 128.55400 126.14200 128.38100 118.38700 118.68800 118.20400 114.76300 109.73300 107.59800 107.01200 108.96300 107.71200 102.76000 98.14040 93.58270 86.51350 81.22500 78.79620 75.27120 78.37500 67.41730 63.06920 63.82690 67.35380 76.29810 73.47690 79.25380 87.84420 89.37500 103.42700 118.41700 123.85400 122.31300 137.28300 167.32500 205.00600 210.09200 186.33800 173.46899 170.65199 168.45200 151.36501 146.60400 127.51900 118.97300 121.66700 119.10200 114.25200 117.09600 114.90000 113.97300 119.72700 123.86000 115.16900 119.79400 129.93300 133.85800 129.64200 147.70599 168.65199 190.52299
-9999 -9999 -9999 103.11900 102.91500 104.67300 118.45600 118.01200 112.81900 115.34800 118.85600 117.99400 118.84200 119.56700 119.96500 108.82300 109.90000 103.14600 94.27120 94.89040 97.81150 94.77880 88.05960 93.00190 91.24620 76.79810 74.76350 65.57880 67.16540 69.06920 70.80000 65.26150 56.56730 61.70580 66.92500 70.48650 72.57310 76.64620 87.56730 103.85400 120.83300 120.16000 121.34000 131.24001 147.64200 187.76300 184.58099 177.11501 174.51700 175.71500 170.81500 150.26300 141.31500 130.77499 115.27500 116.93800 116.72300 108.97700 116.49600 117.53100 117.73800 120.64000 122.86500 125.93100 129.01900 132.36200 144.49800 160.75600 191.26700 207.04201 242.83299
-9999 -9999 -9999 101.44800 97.16920 115.44000 126.86500 123.27300 113.47100 109.60800 110.16900 105.34800 114.90400 110.36300 117.81200 111.10800 102.36200 101.76200 96.22500 88.77880 93.58460 91.93270 96.62880 85.02120 70.77500 65.23850 63.77310 61.28080 67.05190 67.16150 52.93270 43.19230 51.92880 63.03460 65.38460 54.18650 55.68650 60.12120 63.52500 76.87120 97.82690 113.41200 124.30000 124.75000 130.83701 144.70599 149.41701 149.56200 170.30000 168.16200 161.18100 144.42500 138.36301 131.60201 118.47300 118.91000 115.79000 115.01900 123.06300 120.36200 139.62700 124.26500 136.50400 139.11700 141.72301 144.97701 159.52901 186.02499 231.00000 253.29800 239.00999
-9999 -9999 -9999 87.90380 91.40000 104.62500 103.20800 103.28100 103.89200 101.39600 99.58460 102.33500 106.59400 114.92100 124.39800 116.07700 116.29200 100.63800 84.07690 69.33650 71.72500 78.53270 71.71920 59.16920 56.44810 50.97880 47.13080 44.19810 47.05770 46.60380 47.89040 46.93270 52.97500 53.26150 55.82120 58.36350 59.49230 54.44420 58.23650 65.45380 77.07500 88.10000 110.87100 121.21700 104.61700 113.82900 120.92900 135.63499 137.64400 139.94000 135.82100 117.98800 111.63800 128.86200 118.73100 120.07900 107.69200 111.09800 124.12100 136.69000 144.34599 145.02299 150.71500 183.43500 197.44200 185.44000 206.06500 230.66299 256.75800 235.78700 217.91499
-9999 -9999 -9999 -9999 88.83270 100.60800 101.82900 105.48800 102.04200 99.18270 100.02500 99.88850 117.20800 102.19200 -9999 -9999 -9999 -9999 -9999 71.12120 67.91350 55.84230 54.62690 57.64810 53.25770 40.03850 33.84420 35.84810 34.05580 31.29040 35.68080 37.68460 43.20960 44.21350 39.84230 43.04420 43.99230 48.95380 48.98460 56.72690 66.80580 71.01730 71.41540 76.74810 82.18650 85.12120 96.50580 110.13500 102.65800 100.92900 111.00200 104.78800 102.64200 113.17500 119.79600 124.62300 125.60600 129.98500 135.91901 135.09000 145.11501 158.32100 176.59801 193.34399 211.42101 228.53799 233.99001 223.81000 225.34200 -9999 -9999
-9999 -9999 85.25190 88.59230 87.88850 88.90580 93.55190 98.47690 91.53270 94.43850 94.07310 94.38270 110.74600 -9999 -9999 -9999 -9999 -9999 86.14230 59.46920 50.03650 32.42120 32.76150 35.83460 36.89810 31.73270 26.37880 26.17690 23.06920 24.12690 22.84620 24.42690 27.59040 27.36150 28.95190 31.35380 35.09620 43.76920 45.02690 52.39230 58.78460 54.63460 56.98270 64.88460 66.94040 73.39420 80.25580 87.02120 82.88850 81.45380 82.73080 79.91540 76.72310 78.35580 82.88080 81.72880 96.82880 118.57500 135.42101 126.33300 132.86900 148.53799 156.84801 173.56900 187.91299 201.28300 210.96300 -9999 -9999 -9999 -9999
-9999 -9999 90.35960 88.59810 80.44620 75.95000 79.02880 88.67880 81.95190 87.96540 98.42310 105.29200 104.11700 -9999 -9999 -9999 -9999 67.46350 66.39620 44.83650 35.32500 26.70380 22.22310 20.39420 18.82120 22.63650 22.89810 21.42500 18.57310 17.12310 18.84040 21.67690 23.28650 24.13460 28.40380 30.59620 33.52120 37.05190 41.12880 39.95770 37.90380 39.19040 45.63080 49.40380 50.23270 57.31730 59.20000 70.23080 63.83850 69.42880 67.88460 66.08850 67.50770 68.87310 74.10190 74.54230 74.29620 91.63080 107.63800 105.78500 106.77300 121.89400 124.97700 139.75600 152.30000 -9999 -9999 -9999 -9999 -9999 212.40800
-9999 -9999 86.89230 86.67880 82.42120 78.03080 74.51540 75.07690 76.98850 87.95380 94.91150 106.70200 61.88850 -9999 -9999 -9999 -9999 63.37690 54.37310 34.58460 25.30770 16.25380 13.53080 13.88270 12.45960 16.73850 18.78270 17.54040 15.15960 15.31920 15.95580 18.72690 19.94230 22.95190 26.21350 24.85380 25.97690 26.71540 30.09420 30.70190 31.19810 35.60960 36.32310 37.04420 41.14620 48.05580 51.03850 52.38080 51.46350 54.41350 58.99620 62.18270 70.59230 72.50000 63.79230 67.97500 77.76730 78.67120 83.31920 86.64230 93.10000 96.57690 108.75800 131.91200 159.05200 173.58099 162.96300 174.40199 179.99800 -9999 -9999
-9999 -9999 -9999 84.25000 76.47690 66.88270 65.72500 71.06730 80.96920 95.45580 97.33460 73.34810 -9999 -9999 -9999 -9999 66.40190 56.12690 38.33460 29.40000 18.85770 13.54040 12.76730 12.65770 12.33270 13.83080 14.34620 15.25190 15.74420 14.07690 14.60580 15.85190 17.80580 19.49810 20.00770 22.47880 23.25580 23.87880 26.74810 25.95580 25.82500 29.72880 28.21920 29.55770 35.24810 39.59420 40.98080 44.27690 43.06350 46.34040 50.59420 53.50000 55.28650 54.80190 56.58080 63.53270 66.44620 76.35580 82.82310 83.49810 89.08650 100.99000 117.11000 175.31300 216.33701 152.57899 128.03101 156.63800 155.60800 135.28101 -9999
-9999 -9999 -9999 -9999 78.66350 70.19040 67.22310 76.79810 88.34620 86.15190 59.13080 -9999 -9999 -9999 -9999 83.51730 65.26350 46.32120 30.84620 24.79040 16.96350 11.72120 11.49620 9.82500 9.81538 12.41920 12.84230 13.19620 14.38460 14.17690 13.83270 15.43460 16.54230 16.75000 17.90380 19.28650 21.33850 24.08460 23.69620 24.50190 26.87690 27.76540 25.50770 27.12500 28.43850 33.64040 37.66150 36.79040 37.14040 41.90960 44.95190 52.10770 52.98650 53.48080 55.82880 61.44230 62.80960 66.88650 71.85960 77.22120 83.49230 102.80400 127.97100 142.38499 163.52901 148.65601 118.91200 112.46000 124.19400 115.69000 125.91300
-9999 -9999 -9999 -9999 -9999 -9999 75.99040 80.08270 63.19620 54.16730 75.92690 -9999 -9999 -9999 -9999 -9999 62.20960 40.44420 33.05380 19.93270 16.33850 14.18460 9.18077 9.19038 8.74231 11.49620 11.14620 12.86920 13.90000 13.75770 14.06150 15.21150 16.52880 16.25380 17.69230 20.61730 20.52120 21.02690 21.02500 18.98650 20.98650 20.70190 24.66920 26.82500 24.94420 25.55000 28.44810 32.22500 35.28650 37.85380 44.59620 46.43850 52.37310 47.07880 50.21730 58.38270 62.27310 65.17880 71.63650 74.82310 96.69620 118.21300 127.93300 144.96201 165.12700 141.74200 118.40600 100.26000 106.39000 98.55000 112.67700
-9999 -9999 -9999 -9999 -9999 -9999 -9999 -9999 -9999 -9999 -9999 -9999 -9999 -9999 -9999 -9999 -9999 -9999 -9999 19.55580 14.52690 13.16920 10.08460 8.21346 8.39808 10.42310 13.78270 16.70960 20.07690 17.17880 15.93850 16.93460 15.49420 16.13080 17.07880 17.98270 18.22310 17.47120 17.08270 16.02120 15.55000 16.58650 17.88270 19.45000 22.43080 23.14810 25.71920 28.33270 31.29620 35.66920 41.17310 41.90770 46.01350 44.92880 44.07500 50.80380 53.29040 67.83850 68.00770 70.13850 83.62880 98.65960 116.39000 134.95799 141.30600 95.67880 79.42310 82.87690 84.95190 93.51730 111.37700
-9999 -9999 -9999 -9999 -9999 -9999 -9999 -9999 -9999 -9999 -9999 -9999 -9999 -9999 -9999 -9999 -9999 -9999 23.70190 18.33850 15.16150 12.18650 11.39420 10.70960 11.21540 12.48850 12.95960 13.84620 12.91150 14.05380 14.86540 13.47310 13.67310 13.76350 15.66730 17.12500 17.33080 17.28850 15.53650 13.53270 14.60380 14.90190 16.03080 19.38270 20.11150 20.37310 21.32690 25.23270 26.72500 30.42500 34.10770 39.26350 44.34420 44.82120 44.22310 44.54040 48.12120 61.72500 68.30190 72.63850 70.98850 65.93650 80.95960 101.74400 110.69400 80.67310 84.10190 80.84620 87.62120 91.71350 108.68500
-9999 -9999 -9999 -9999 -9999 -9999 -9999 -9999 -9999 -9999 -9999 -9999 -9999 -9999 -9999 -9999 -9999 25.65770 22.68650 16.14230 13.37880 11.03850 11.42690 10.95960 12.31150 13.35770 13.83460 13.54620 10.08850 12.36730 13.41920 13.49620 14.33460 16.43850 17.50380 15.43270 15.76150 16.02310 15.01350 14.70960 14.55580 14.97310 14.78460 16.72310 17.26730 19.25380 22.01920 23.32500 26.29040 32.21920 36.29230 44.12120 51.06730 44.40960 43.76350 41.33270 45.31150 52.26920 54.66730 53.15380 56.63650 57.73270 92.75000 96.80580 69.62500 71.74810 79.18460 90.95190 93.50960 91.49230 110.91500
-9999 -9999 -9999 -9999 -9999 -9999 -9999 -9999 -9999 -9999 -9999 -9999 -9999 -9999 -9999 -9999 -9999 17.83460 15.76920 12.60190 10.97690 9.66538 8.39615 9.95962 13.50190 12.12310 12.80380 14.45580 14.05380 13.79620 15.96150 17.19620 17.67120 21.57310 16.36540 15.14230 14.41540 15.78080 15.78650 14.20000 13.56540 13.23650 13.54040 16.83460 18.70770 20.95770 20.41350 22.38850 25.39810 30.27690 34.72500 44.09420 45.66150 45.85190 42.12880 40.32310 41.38080 45.16920 47.45380 48.42880 50.50190 56.53650 66.99040 82.32500 102.70000 101.54600 78.19810 91.57500 91.42690 85.68460 106.04000
-9999 -9999 -9999 -9999 -9999 -9999 -9999 -9999 -9999 -9999 -9999 -9999 -9999 -9999 -9999 -9999 20.10380 15.36730 11.93080 10.47500 9.18846 9.24808 9.71923 9.53077 13.52310 11.06730 12.04420 16.81150 15.52310 16.05580 15.64420 17.97310 19.05000 20.38650 17.94810 18.14810 16.64810 14.85770 13.98270 13.78460 13.12690 12.22120 13.16920 14.95000 15.99810 16.68850 17.72500 20.20190 23.14040 32.11730 37.81350 41.00190 42.80190 44.99230 43.35580 39.50000 38.45960 36.06350 41.47500 51.70770 53.69620 55.54040 63.61350 92.67500 85.65770 89.08650 100.87300 91.34810 95.66920 92.31150 112.87100
-9999 -9999 -9999 -9999 -9999 -9999 -9999 -9999 -9999 -9999 -9999 -9999 -9999 18.10190 16.36350 14.94230 14.54420 14.67120 11.25380 8.26538 7.82115 8.37500 8.93269 10.63080 10.44230 10.48650 12.79620 12.50380 13.20960 15.29040 14.31350 14.40770 16.39230 18.08270 17.75770 16.84420 15.88460 14.77880 11.53270 10.51540 10.40770 9.44808 9.59808 12.83650 15.04420 14.92310 15.49810 16.52500 16.93850 24.16920 29.01920 35.29230 40.12120 46.31350 48.98270 36.72880 37.53080 38.32880 40.06920 43.35960 47.15380 47.39230 60.99420 64.40960 67.32500 79.12120 101.30200 108.61000 105.16900 98.25770 118.39200
-9999 -9999 -9999 -9999 -9999 -9999 -9999 -9999 -9999 -9999 -9999 -9999 12.11150 11.90190 12.32880 13.02500 11.99040 12.54810 11.10000 6.84615 7.97500 7.72500 9.03269 10.08850 9.68077 9.99038 9.97885 11.57690 11.32120 14.08080 13.88080 14.18650 16.18270 17.11730 16.31920 17.47690 16.42310 13.66730 10.60000 9.54423 10.08650 8.84615 8.87115 10.04810 13.24620 17.22500 16.47690 15.84420 15.17690 18.35960 22.33460 26.42120 29.52880 34.02880 43.05960 44.82880 34.11350 33.28460 37.33850 39.09810 41.55770 47.24420 53.40380 65.37120 76.29230 93.30960 108.75800 111.69200 99.22120 106.18300 132.30200
-9999 -9999 -9999 -9999 -9999 -9999 -9999 -9999 -9999 -9999 -9999 13.53080 10.94810 12.69040 10.52120 10.67500 11.75190 11.18850 10.23080 8.93269 7.77308 7.88462 8.25000 8.89231 9.10385 8.34615 8.19808 8.80577 10.29420 11.65960 12.07310 12.95190 13.68270 16.10580 16.21730 14.96540 11.51730 9.70000 8.49231 9.05385 8.30769 7.56346 8.10000 8.45192 11.53080 12.31350 12.13270 15.53460 18.62690 15.70580 15.86920 20.88460 25.95960 25.37880 28.73460 32.70190 30.98650 28.46920 33.98850 35.87120 38.46350 58.67120 69.65000 81.10960 94.66920 108.35800 106.84400 92.43650 87.38080 113.64200 151.76700
-9999 -9999 -9999 -9999 -9999 -9999 -9999 -9999 -9999 -9999 16.00770 14.34040 10.39040 11.77690 10.96350 9.81923 10.27690 10.10960 10.30960 8.41346 7.26154 6.76538 8.20769 8.49808 8.42308 8.82885 8.45385 10.44230 10.20960 10.94620 11.75770 12.53850 13.06920 15.99420 16.94620 13.89230 10.12120 10.72880 8.67308 8.66923 8.20577 7.80962 7.98077 7.69808 8.26923 8.45192 11.03850 12.07310 14.52880 15.04810 14.46540 17.64810 19.04620 19.95960 23.58080 25.32690 25.97500 25.81350 39.83080 45.96350 46.84230 59.46150 72.35580 82.47500 87.80770 103.46300 99.11350 85.20580 99.92120 136.93700 158.50600
-9999 -9999 -9999 -9999 -9999 -9999 -9999 -9999 -9999 11.08270 11.52880 11.70770 12.80000 11.33650 11.20380 9.70577 9.22115 8.30192 6.90192 6.15962 6.20385 6.61346 7.14808 7.64423 8.02308 9.10962 8.72500 9.01923 8.71538 8.81154 10.03650 11.47880 12.97500 12.85190 13.94230 11.68650 10.79230 11.06920 8.44423 7.51154 7.47308 8.04231 8.09615 8.98846 9.27308 7.85769 9.35000 12.41730 14.37310 12.88460 12.73080 12.05190 14.68270 17.41150 18.99620 21.50000 29.71540 38.53850 40.55380 45.34230 49.23270 58.65190 67.22880 71.85000 70.14810 74.80960 69.80960 78.76730 111.24600 151.60800 160.14999
-9999 -9999 -9999 -9999 -9999 -9999 -9999 -9999 -9999 -9999 9.95962 8.88462 9.09808 9.81154 8.68269 8.03077 8.33654 7.62885 7.32885 6.10962 6.15577 6.48269 6.66731 -9999 -9999 -9999 -9999 -9999 -9999 8.60385 9.08462 9.97692 10.86920 11.49230 12.44620 10.10000 10.17310 8.85000 6.27115 7.49231 7.74038 7.48269 7.52500 8.39615 9.19038 9.10192 10.81730 13.36730 12.10770 10.73460 12.17880 12.09420 13.38650 17.02310 19.79620 23.74420 32.33850 36.62120 37.69620 44.07690 50.97880 57.97310 62.87500 69.44620 64.10960 61.09620 73.43850 93.15190 157.06900 172.15601 186.95799
-9999 -9999 -9999 -9999 -9999 -9999 -9999 -9999 -9999 -9999 -9999 -9999 8.01154 7.25577 7.09808 6.35769 5.83269 7.13077 7.30385 -9999 -9999 -9999 -9999 -9999 -9999 -9999 -9999 -9999 -9999 -9999 -9999 -9999 -9999 8.26154 10.11730 8.36538 7.92692 7.86923 7.38462 6.23462 6.68077 7.49231 7.58846 8.04808 8.28654 9.40769 10.71730 12.98270 11.15770 13.92690 13.78080 11.76150 12.76920 14.55770 19.21920 21.98270 24.54810 30.36730 35.78650 45.72500 51.95000 47.39230 51.44230 60.11540 58.58650 67.46150 88.13460 110.11000 147.06000 153.59200 181.49800
-9999 -9999 -9999 -9999 -9999 -9999 -9999 -9999 -9999 -9999 -9999 -9999 -9999 -9999 -9999 -9999 -9999 -9999 -9999 -9999 -9999 -9999 -9999 -9999 -9999 -9999 -9999 -9999 -9999 -9999 -9999 -9999 -9999 -9999 9.19038 8.58269 6.62308 7.41154 7.29423 6.00000 6.09423 6.71346 6.55192 7.31731 9.02308 8.95192 10.89420 12.99230 11.57310 14.04420 15.40580 12.45770 15.30960 17.24230 20.75770 24.33460 23.79040 25.98850 35.09620 51.27880 55.18850 54.75770 69.90580 65.57690 58.35770 64.29620 92.22120 137.16701 158.98801 167.62100 174.87900
