data/hydroclimate-scenarios/1948-2000.Pcorr55N_Pref_Tref/swe_stats/max_swe.1950-2000.asc
ncols	311
nrows	91
xllcenter	102.75
yllcenter	31.75
cellsize	0.5
NODATA_value	-9999
[rows 0 to 30 of 91, columns 71 to 141 of 311]
-9999 -9999 -9999 -9999 -9999 -9999 -9999 -9999 -9999 -9999 -9999 -9999 -9999 -9999 -9999 -9999 -9999 -9999 -9999 -9999 -9999 -9999 -9999 -9999 -9999 -9999 -9999 -9999 -9999 -9999 -9999 -9999 -9999 -9999 -9999 -9999 -9999 -9999 -9999 -9999 -9999 -9999 -9999 -9999 -9999 -9999 -9999 -9999 -9999 -9999 -9999 -9999 -9999 -9999 -9999 -9999 -9999 -9999 -9999 -9999 -9999 -9999 -9999 -9999 -9999 -9999 -9999 -9999 -9999 -9999 -9999
-9999 -9999 -9999 -9999 -9999 -9999 -9999 -9999 -9999 -9999 -9999 -9999 -9999 -9999 -9999 -9999 -9999 -9999 -9999 -9999 -9999 -9999 -9999 -9999 -9999 -9999 -9999 -9999 -9999 -9999 -9999 -9999 -9999 -9999 -9999 -9999 -9999 -9999 -9999 -9999 -9999 -9999 -9999 -9999 -9999 -9999 -9999 -9999 -9999 -9999 -9999 -9999 -9999 -9999 -9999 -9999 -9999 -9999 -9999 -9999 -9999 -9999 -9999 -9999 -9999 -9999 -9999 -9999 -9999 -9999 -9999
-9999 -9999 -9999 -9999 -9999 -9999 -9999 -9999 -9999 -9999 -9999 -9999 -9999 -9999 -9999 -9999 -9999 -9999 -9999 -9999 -9999 -9999 -9999 -9999 -9999 -9999 -9999 -9999 -9999 -9999 -9999 -9999 -9999 -9999 -9999 -9999 -9999 -9999 -9999 -9999 -9999 -9999 -9999 -9999 -9999 -9999 -9999 -9999 -9999 -9999 -9999 -9999 -9999 -9999 -9999 -9999 -9999 -9999 -9999 -9999 -9999 -9999 -9999 -9999 -9999 -9999 -9999 -9999 -9999 -9999 -9999
-9999 -9999 -9999 -9999 -9999 -9999 -9999 -9999 -9999 -9999 -9999 -9999 -9999 -9999 -9999 -9999 -9999 -9999 -9999 -9999 -9999 -9999 -9999 -9999 -9999 -9999 -9999 -9999 -9999 -9999 -9999 -9999 -9999 -9999 -9999 -9999 -9999 -9999 -9999 -9999 -9999 -9999 -9999 -9999 -9999 -9999 -9999 -9999 -9999 -9999 -9999 -9999 -9999 -9999 -9999 -9999 -9999 -9999 -9999 -9999 -9999 -9999 -9999 -9999 -9999 -9999 -9999 -9999 -9999 -9999 -9999
-9999 -9999 -9999 -9999 -9999 -9999 -9999 -9999 -9999 -9999 -9999 -9999 -9999 -9999 -9999 -9999 -9999 -9999 -9999 -9999 -9999 -9999 -9999 -9999 -9999 -9999 -9999 -9999 -9999 -9999 -9999 -9999 -9999 -9999 -9999 -9999 -9999 -9999 -9999 -9999 -9999 -9999 -9999 -9999 -9999 -9999 -9999 -9999 -9999 -9999 -9999 -9999 -9999 -9999 -9999 -9999 -9999 -9999 -9999 -9999 -9999 -9999 -9999 -9999 -9999 -9999 -9999 -9999 -9999 -9999 -9999
-9999 -9999 -9999 -9999 -9999 -9999 -9999 -9999 -9999 -9999 -9999 -9999 -9999 -9999 -9999 -9999 -9999 -9999 -9999 -9999 -9999 -9999 -9999 -9999 -9999 -9999 -9999 -9999 -9999 -9999 -9999 -9999 -9999 -9999 -9999 -9999 -9999 -9999 -9999 -9999 -9999 -9999 -9999 -9999 -9999 -9999 -9999 -9999 -9999 -9999 -9999 -9999 -9999 -9999 -9999 -9999 -9999 -9999 -9999 -9999 -9999 -9999 -9999 -9999 -9999 -9999 -9999 -9999 -9999 -9999 -9999
-9999 -9999 -9999 -9999 -9999 -9999 -9999 -9999 -9999 -9999 -9999 -9999 -9999 -9999 -9999 -9999 -9999 -9999 -9999 -9999 -9999 -9999 -9999 -9999 -9999 -9999 -9999 -9999 -9999 -9999 -9999 -9999 -9999 -9999 -9999 -9999 -9999 -9999 -9999 -9999 -9999 -9999 -9999 -9999 -9999 -9999 -9999 -9999 -9999 -9999 -9999 -9999 -9999 -9999 -9999 -9999 -9999 -9999 -9999 -9999 -9999 -9999 -9999 -9999 -9999 -9999 -9999 -9999 -9999 -9999 -9999
-9999 -9999 -9999 -9999 -9999 -9999 -9999 -9999 -9999 -9999 -9999 -9999 -9999 -9999 -9999 -9999 -9999 -9999 -9999 -9999 -9999 -9999 -9999 -9999 -9999 -9999 -9999 -9999 -9999 -9999 -9999 -9999 -9999 -9999 -9999 -9999 -9999 -9999 -9999 -9999 -9999 -9999 -9999 -9999 -9999 -9999 -9999 -9999 -9999 -9999 -9999 -9999 -9999 -9999 -9999 -9999 -9999 -9999 -9999 -9999 -9999 -9999 -9999 -9999 -9999 -9999 -9999 -9999 -9999 -9999 -9999
-9999 -9999 -9999 -9999 -9999 -9999 82.86860 -9999 -9999 -9999 -9999 -9999 -9999 -9999 -9999 -9999 -9999 -9999 -9999 -9999 -9999 -9999 -9999 -9999 -9999 -9999 -9999 -9999 -9999 -9999 -9999 -9999 -9999 -9999 -9999 -9999 -9999 -9999 -9999 -9999 -9999 -9999 -9999 -9999 -9999 -9999 -9999 -9999 -9999 -9999 -9999 -9999 -9999 -9999 -9999 -9999 -9999 -9999 -9999 -9999 -9999 -9999 -9999 -9999 -9999 -9999 -9999 -9999 -9999 -9999 -9999
-9999 -9999 87.69610 70.91570 74.13530 79.62160 81.96080 91.77060 95.27650 104.90200 109.03700 112.71800 117.92400 119.76300 119.32000 118.38400 122.01200 121.45700 122.34700 121.95900 121.45900 118.31800 -9999 -9999 -9999 -9999 -9999 -9999 -9999 -9999 -9999 -9999 -9999 -9999 -9999 -9999 -9999 -9999 -9999 -9999 -9999 -9999 -9999 -9999 -9999 -9999 -9999 -9999 -9999 -9999 -9999 -9999 -9999 -9999 -9999 -9999 -9999 -9999 -9999 -9999 -9999 -9999 -9999 -9999 -9999 -9999 -9999 -9999 -9999 -9999 -9999
-9999 -9999 -9999 -9999 83.06270 87.91570 95.64120 97.76080 107.16100 111.42000 115.92500 121.95100 125.51600 127.49000 127.20400 129.90199 133.17799 132.62900 136.07100 137.63499 135.73100 133.18600 -9999 -9999 -9999 -9999 -9999 -9999 -9999 -9999 -9999 -9999 -9999 -9999 -9999 -9999 -9999 -9999 -9999 -9999 -9999 -9999 -9999 -9999 -9999 -9999 -9999 -9999 -9999 -9999 -9999 -9999 -9999 -9999 -9999 -9999 -9999 -9999 -9999 -9999 -9999 -9999 -9999 -9999 -9999 -9999 -9999 -9999 -9999 -9999 -9999
75.22350 74.99410 76.68630 78.74510 83.92940 86.19410 94.58630 98.03330 104.23900 108.35700 115.43700 118.48000 121.09800 125.26700 128.74699 128.88400 132.86900 137.86700 138.36700 139.78600 138.48801 138.56300 130.62900 128.92200 125.38000 124.25100 119.40400 116.59600 -9999 -9999 -9999 -9999 -9999 -9999 -9999 -9999 -9999 -9999 -9999 -9999 -9999 -9999 -9999 -9999 -9999 -9999 -9999 -9999 -9999 -9999 -9999 -9999 -9999 -9999 -9999 -9999 -9999 -9999 -9999 -9999 -9999 -9999 -9999 -9999 -9999 -9999 -9999 -9999 -9999 -9999 -9999
79.74900 78.95690 79.35100 80.14310 85.50390 93.09610 96.71960 102.55500 103.42400 109.41200 116.09200 119.25300 126.08800 131.37500 132.98199 141.11000 138.00400 139.46899 145.97301 150.33099 145.16499 142.77800 141.52499 138.87801 137.63901 130.91200 129.72200 125.26900 122.14700 118.21000 112.86300 112.49600 111.15700 109.66100 102.85700 101.47500 96.35690 96.24310 93.33330 90.50780 88.99220 88.91760 87.84120 -9999 -9999 -9999 -9999 -9999 -9999 -9999 -9999 -9999 -9999 -9999 -9999 -9999 -9999 -9999 -9999 -9999 -9999 -9999 -9999 -9999 -9999 -9999 -9999 -9999 -9999 -9999 -9999
78.24900 77.27650 76.57250 77.95100 86.06470 90.00590 91.41180 95.62550 100.02200 105.46900 114.32900 118.53100 125.52500 130.56300 133.96700 138.32201 137.43100 141.38200 143.72400 149.28999 150.29201 147.08800 142.93500 140.59399 138.97501 135.70599 131.10400 130.37500 127.11000 126.18400 122.77800 121.52700 109.72500 105.48800 105.71800 103.41600 103.11400 99.56670 94.56470 92.62350 93.28630 91.68040 90.77840 89.75690 -9999 -9999 -9999 -9999 -9999 -9999 -9999 -9999 -9999 -9999 -9999 -9999 -9999 -9999 -9999 -9999 -9999 -9999 -9999 -9999 -9999 -9999 -9999 -9999 -9999 -9999 -9999
82.97840 81.50200 77.66270 82.54120 83.29410 84.42160 92.92160 95.11570 102.52500 106.22000 115.48800 119.25900 126.05700 128.47099 136.23100 140.50000 139.07800 140.57500 140.60001 147.54300 143.95900 144.67101 142.98000 142.25301 140.16100 138.98599 137.13100 134.56100 132.22701 125.84900 122.20800 117.98400 115.41000 114.41800 110.62900 109.14300 107.12900 102.34900 103.27100 101.40800 100.46700 97.32550 95.62160 94.80390 -9999 -9999 -9999 -9999 -9999 -9999 -9999 -9999 -9999 -9999 -9999 -9999 -9999 -9999 -9999 91.41760 93.90200 -9999 -9999 -9999 -9999 108.18400 117.11200 124.80800 122.90200 125.12700 126.45900
75.95880 76.60590 76.57250 78.45290 78.67650 80.45100 82.37250 88.22160 94.83330 99.05490 107.01200 114.02000 119.35500 128.73500 133.98599 132.79401 132.48000 133.93700 129.87100 132.25700 136.11800 139.50600 139.71800 131.36301 129.04300 131.39600 135.67799 136.77499 134.15700 130.82700 125.85300 121.45100 119.26100 115.59800 114.11800 112.56700 106.66900 104.16100 105.52500 104.26300 101.86100 99.58240 98.22940 97.54900 96.60980 95.87650 94.99410 96.23330 95.81370 97.60980 97.34510 96.58630 96.72350 97.90390 96.23920 96.21960 94.48240 96.54310 95.90780 98.60780 100.05900 -9999 -9999 -9999 -9999 -9999 122.10000 126.54700 131.17300 138.61800 145.37100
76.67060 73.36470 74.65690 79.49610 77.32750 78.09020 80.78240 83.73730 85.99020 89.46270 95.40780 103.83700 113.00600 119.87600 120.11000 125.15100 127.30800 124.97100 126.22000 131.66901 128.17799 130.64900 124.58600 123.91400 125.14700 127.08000 129.06300 131.04900 130.16299 125.94500 124.82400 121.08400 119.19800 120.17100 116.05700 109.53900 106.48400 105.45500 108.22900 105.28000 102.24100 102.22700 100.89400 101.64500 102.99600 100.87800 97.48240 97.58040 102.28400 104.74500 105.24900 100.64100 104.31400 107.39600 109.78000 106.64100 105.63300 105.37300 105.58800 105.60800 107.59800 109.35300 113.27600 118.25300 122.07500 128.06900 132.36700 138.09200 145.49400 151.16299 160.74899
75.49410 90.98240 72.38630 74.77450 80.70390 75.99800 77.31570 79.27450 81.94120 86.67650 90.39410 100.91000 107.79600 116.35700 114.92700 117.47100 119.60400 122.43100 118.55700 120.44900 121.55100 125.10400 123.39800 126.21200 124.33100 126.12000 127.98200 131.07500 128.62700 124.65900 123.15100 121.15500 118.46700 121.59800 116.27600 110.12700 110.39400 108.70000 108.53300 106.08200 105.40200 107.30000 108.66300 102.28600 101.26700 103.16700 103.65300 105.38200 103.07500 104.32000 105.08200 106.83100 105.52000 112.78200 114.16100 116.86700 113.83500 114.45100 115.06500 115.53300 112.11600 123.34300 122.00000 127.98000 130.51401 136.88000 138.55299 138.44701 146.15700 161.52699 175.03900
77.98630 88.32160 75.09610 69.94120 72.83730 71.96860 72.80780 76.02750 78.88820 80.95690 84.99800 92.54710 98.92350 103.41600 104.51600 107.84900 111.71800 114.36700 113.02400 112.23300 120.62000 126.52700 125.12900 130.00800 128.06500 125.80600 127.40200 129.85899 135.48000 135.18401 134.21800 134.36900 129.26100 124.21800 117.29000 114.65900 112.57500 115.71800 111.21600 108.29400 111.11200 110.57100 116.44100 113.00000 108.06900 107.09400 107.98600 108.46500 111.86500 113.43900 112.43900 115.38600 115.27500 116.78200 115.88400 117.91000 119.60000 122.86500 122.33100 125.44100 124.22900 131.86900 137.83900 144.64900 151.72200 153.96500 157.08200 162.22400 167.94501 173.96300 178.92700
74.69610 81.26470 80.97450 78.81180 73.54310 70.87840 65.79220 66.05690 72.42940 73.54510 84.57250 88.93920 92.81180 96.81760 100.73900 107.11200 109.97300 111.36500 111.01800 113.55900 118.45700 123.07800 125.34100 128.95300 128.67300 125.04700 125.31200 127.10200 127.61000 131.42400 134.82201 132.02000 127.47300 128.89000 123.70800 117.24500 118.98000 117.47100 118.01200 118.35500 116.11400 116.98400 117.26900 116.37600 116.80800 115.73700 112.18000 107.89600 111.43700 112.66300 114.95900 120.03900 121.54100 120.95700 123.71600 128.86301 129.26100 135.70799 129.03500 126.95100 126.83100 129.78200 136.65500 154.45900 163.85899 172.90401 178.82700 178.75301 182.31400 185.97501 189.58800
75.27060 80.72160 80.56470 88.77450 91.07650 74.72550 70.78630 69.09610 71.77840 67.83140 75.72350 86.97060 96.73730 105.04700 102.59000 101.21600 102.66500 107.19800 108.49000 115.09800 112.46700 115.46100 121.87500 127.56300 129.28999 130.14700 136.16299 139.59000 137.51199 137.11400 137.68401 139.00600 136.06100 132.79601 129.02699 127.33900 124.92700 126.07500 121.76100 121.03500 122.84100 124.45700 122.82000 121.09400 117.06300 111.24300 110.66300 114.63300 114.84900 117.53700 117.96900 125.88600 126.19400 127.54100 130.75900 134.22501 137.08400 142.32700 141.15700 151.39200 150.11200 150.71001 154.36301 165.32001 168.49600 173.67300 179.63300 190.73500 190.31799 195.66299 197.09000
87.39410 88.64710 95.25690 93.85100 92.49800 87.18040 85.70980 79.79220 72.25290 70.37650 69.54710 74.85100 77.83330 87.33530 102.23700 106.11600 107.97500 109.17800 109.85100 113.27500 115.35100 117.69000 122.33100 129.66499 134.04300 140.22701 150.05901 150.67300 148.17300 146.74699 146.50800 145.31799 136.79601 136.27600 132.22501 131.35899 128.94299 129.51601 127.30200 127.83700 129.45700 127.61400 124.95300 127.04300 124.89200 123.76100 124.83900 126.17500 126.80200 122.61200 129.83701 135.50200 139.79401 142.31400 147.13699 149.48599 156.65300 153.77499 157.47800 166.52400 162.26100 167.53900 176.64301 179.00200 186.06700 188.62700 193.52699 192.49200 193.52499 201.35100 201.03700
80.51570 86.27060 86.86860 86.16470 85.69220 86.33330 79.34310 76.16470 76.62550 71.78430 73.60780 75.20000 77.96860 82.20390 87.19020 91.85100 100.29600 108.72900 113.74300 117.26500 120.46100 126.09600 126.57500 130.75101 140.02000 150.94901 153.30200 153.40601 157.33701 154.33099 150.36900 146.45700 141.75101 138.17300 136.46500 129.36099 128.24100 126.28800 130.10001 129.84500 130.60201 129.23500 128.50200 126.85700 130.12199 128.28400 134.54700 130.37801 134.91800 145.94099 148.33701 148.62700 150.74100 159.74100 160.79800 174.26700 166.44701 174.24300 172.25900 174.11000 181.50800 190.37100 194.91400 200.46100 205.65300 205.98199 200.19600 199.34300 203.25301 200.64700 208.60001
82.22350 84.61370 79.46470 81.16080 82.89800 89.28240 81.71760 83.49410 81.17250 69.90780 73.30200 86.76860 89.54310 86.23730 95.54310 109.75100 108.97600 96.57250 105.39200 123.22000 125.36500 131.69200 130.17500 136.60800 144.50999 151.24699 154.52200 155.35500 156.61200 155.37801 154.60201 151.97099 145.76700 139.21800 136.08600 132.75301 130.83299 130.49800 131.39600 132.35699 138.76100 137.95500 134.28799 133.87601 127.03100 123.81000 127.73900 135.33900 145.32001 154.16701 156.49400 159.89200 155.85699 165.64900 178.16701 185.42400 184.52901 189.89799 189.34300 192.11800 197.83701 201.20599 209.66701 219.83501 214.24100 207.76300 204.04100 204.46100 208.81000 212.98801 224.19200
87.54510 85.82550 85.27840 82.59610 80.81370 83.31960 79.96080 79.43530 76.91570 75.29800 65.67450 77.44900 83.73140 83.57840 94.53920 101.03700 116.12000 107.04700 106.12000 108.93100 114.68400 124.49400 131.71400 136.71001 143.47301 147.08400 151.67599 156.79601 158.99200 160.08200 153.45500 151.48599 149.43500 145.00200 141.33501 137.40800 135.06300 134.42900 135.11200 136.42900 144.39200 143.40601 140.54700 138.70000 133.55701 132.83701 135.86099 142.24500 152.84100 164.33900 169.26300 166.31000 170.46700 181.72900 182.08000 186.92400 189.11400 193.57600 209.49800 211.77100 214.86099 217.37801 224.76700 228.28799 230.62900 224.33099 222.41400 222.28200 226.83099 225.09801 233.37601
94.83140 94.41960 94.81960 93.90390 88.02550 80.32350 78.40980 72.16860 70.46670 69.27650 73.22940 81.03920 80.54310 84.81760 87.73330 96.72940 102.67600 106.41800 117.68800 114.47100 113.92000 118.67100 126.60400 134.89999 144.31000 151.43100 156.11200 158.22501 165.90800 165.75900 161.18201 157.17101 156.14700 153.17500 146.07800 142.99001 140.84700 144.74100 143.54700 148.74899 159.82899 152.21600 149.47600 157.99200 152.85500 144.88800 144.54700 153.29601 157.67300 166.63100 175.10400 172.18201 173.03300 175.59801 179.50000 188.63100 198.85300 210.14900 217.22200 228.21201 227.11000 236.05499 241.50600 245.10800 244.16701 239.61800 237.62000 235.45700 235.51801 252.67999 260.81201
107.83500 110.38800 112.70600 112.49000 100.82200 95.93330 82.68040 78.02160 75.93730 77.37060 77.09610 81.41960 95.52940 93.33140 92.25100 98.10200 106.00000 111.88200 114.65900 118.32500 121.71200 127.40600 134.54700 140.26700 147.97800 149.95900 161.10800 167.34900 170.23900 168.71001 166.28000 163.67101 160.92500 160.09801 152.27800 146.35300 147.71600 150.86700 150.92700 152.32001 160.11000 164.17500 166.52499 161.89600 157.91400 156.89200 157.31400 165.68201 166.66100 176.66299 179.67999 187.37500 191.04700 198.89600 204.78600 216.86700 226.67500 231.59200 238.36900 244.31400 249.17101 257.45099 259.03500 264.77499 268.62500 266.30801 262.79199 260.19000 275.38199 281.00000 288.67300
99.40980 105.89800 117.47100 116.86100 112.92000 101.17500 94.70780 87.02550 85.79610 83.00590 78.45490 83.58240 93.12940 102.00000 103.57600 104.37600 112.16700 111.64300 116.64300 117.92900 134.01801 132.54100 135.72400 143.82401 152.50600 159.73900 167.62000 172.06100 176.33501 175.20799 168.19000 166.41400 171.68201 166.39000 163.21201 154.58200 153.68800 158.12000 164.06500 168.98801 171.87500 175.12000 174.48801 178.21600 171.90199 172.81400 168.40800 179.62500 186.91200 194.11000 202.39600 211.17300 220.86700 230.86700 244.10001 254.04500 262.58600 268.28000 269.10001 270.50601 277.04901 279.21600 284.16901 287.42700 295.43100 294.14499 294.24301 298.65302 304.12900 299.30200 312.38199
113.55500 110.19800 123.05500 129.64301 123.68400 132.30000 123.16500 102.76300 100.20800 95.43330 92.49020 96.92750 99.58820 104.55300 113.07500 110.07100 115.37300 117.54100 123.41200 128.02400 129.80800 141.24699 149.96300 157.07100 156.75500 159.33501 165.37500 174.15300 191.31400 184.20399 174.58000 172.69000 173.22701 172.79601 169.49400 163.59399 163.17799 170.36301 178.71201 192.14900 187.33900 190.12000 192.98801 181.82700 176.53500 179.49600 181.07100 187.21600 192.64700 202.51199 212.98399 224.76100 246.13100 262.95499 284.02499 300.66299 310.57300 308.42899 303.99399 303.89999 303.81201 306.43701 311.32501 321.99600 324.44699 319.75500 327.36301 345.50800 339.07101 340.20200 345.09000
103.13300 112.62900 123.52400 123.77600 133.47501 133.25101 151.58000 136.76300 116.17600 121.96700 123.07100 118.23300 115.83900 125.35900 122.72200 121.96700 127.87500 127.84700 128.91800 139.25301 140.51601 155.94099 171.73500 168.54900 168.06700 174.37601 174.14700 181.50000 191.67999 193.26700 195.58400 194.06100 191.46899 191.95500 192.09399 182.50000 183.65500 189.18201 196.65500 202.88600 201.65500 188.98000 198.86301 195.47301 178.48199 188.27299 197.43700 208.52200 216.52400 225.71400 -9999 -9999 267.45700 283.84100 304.21399 319.50201 327.82401 331.83899 331.18201 334.75299 336.45099 350.70801 364.29401 369.55701 365.79800 370.46701 371.02399 392.11600 382.95901 379.03101 392.59601
127.26300 122.47800 127.54500 133.97099 141.13499 135.82201 148.13699 133.06900 133.60600 137.53300 141.12000 134.09801 142.02901 145.54700 136.65900 134.20799 135.52901 140.11000 144.87601 154.72400 169.87500 173.27100 176.12500 179.75700 191.89999 189.38000 190.11600 188.68201 192.82001 201.81200 215.65100 217.29800 215.53300 215.26700 213.94701 206.03300 204.60201 198.75900 197.77499 -9999 -9999 -9999 -9999 197.96300 -9999 209.12900 227.04500 232.20000 236.13499 240.13499 -9999 -9999 284.09399 294.94101 303.55499 309.92200 313.30801 323.98999 332.61801 345.66101 353.71201 363.60400 369.15100 377.89600 370.95499 400.67300 397.65100 409.43900 385.93701 390.84100 400.88800
