data/hydroclimate-scenarios/1948-2000.Pcorr55N_Pref_Tref/swe_stats/numdays_10pcaccum-90pcmelt.asc
ncols	311
nrows	91
xllcenter	102.75
yllcenter	31.75
cellsize	0.5
NODATA_value	-9999
[rows 0 to 30 of 91, columns 210 to 279 of 311]
-9999 -9999 -9999 -9999 -9999 -9999 -9999 -9999 -9999 -9999 -9999 -9999 -9999 -9999 -9999 -9999 -9999 -9999 -9999 -9999 -9999 -9999 -9999 -9999 -9999 -9999 -9999 -9999 -9999 -9999 -9999 -9999 -9999 -9999 -9999 -9999 -9999 -9999 -9999 -9999 -9999 -9999 -9999 -9999 -9999 -9999 -9999 -9999 -9999 -9999 -9999 -9999 -9999 -9999 -9999 -9999 -9999 -9999 -9999 -9999 -9999 -9999 -9999 -9999 -9999 -9999 -9999 -9999 -9999 -9999
-9999 -9999 -9999 -9999 -9999 -9999 -9999 -9999 -9999 -9999 -9999 -9999 -9999 -9999 -9999 -9999 -9999 -9999 -9999 -9999 -9999 -9999 -9999 -9999 -9999 -9999 -9999 -9999 -9999 -9999 -9999 -9999 -9999 -9999 -9999 -9999 -9999 -9999 -9999 -9999 -9999 -9999 -9999 -9999 -9999 -9999 -9999 -9999 -9999 -9999 -9999 -9999 -9999 -9999 -9999 -9999 -9999 -9999 -9999 -9999 -9999 -9999 -9999 -9999 -9999 -9999 -9999 -9999 -9999 -9999
-9999 -9999 -9999 -9999 -9999 -9999 -9999 -9999 -9999 -9999 -9999 -9999 -9999 -9999 -9999 -9999 -9999 -9999 -9999 -9999 -9999 -9999 -9999 -9999 -9999 -9999 -9999 -9999 -9999 -9999 -9999 -9999 -9999 -9999 -9999 -9999 -9999 -9999 -9999 -9999 -9999 -9999 -9999 -9999 -9999 -9999 -9999 -9999 -9999 -9999 -9999 -9999 -9999 -9999 -9999 -9999 -9999 -9999 -9999 -9999 -9999 -9999 -9999 -9999 -9999 -9999 -9999 -9999 -9999 -9999
-9999 -9999 -9999 -9999 -9999 -9999 -9999 -9999 -9999 -9999 -9999 -9999 -9999 -9999 -9999 -9999 -9999 -9999 -9999 -9999 -9999 -9999 -9999 -9999 -9999 -9999 -9999 -9999 -9999 -9999 -9999 -9999 -9999 -9999 -9999 -9999 -9999 -9999 -9999 -9999 -9999 -9999 -9999 -9999 -9999 -9999 -9999 -9999 -9999 -9999 -9999 -9999 -9999 -9999 -9999 -9999 -9999 -9999 -9999 -9999 -9999 -9999 -9999 -9999 -9999 -9999 -9999 -9999 -9999 -9999
-9999 -9999 -9999 -9999 -9999 -9999 -9999 -9999 -9999 -9999 -9999 -9999 -9999 -9999 -9999 -9999 -9999 -9999 -9999 -9999 -9999 -9999 -9999 -9999 -9999 -9999 -9999 -9999 -9999 -9999 -9999 -9999 -9999 -9999 -9999 -9999 -9999 -9999 -9999 -9999 -9999 -9999 -9999 -9999 -9999 -9999 -9999 -9999 -9999 -9999 -9999 -9999 -9999 -9999 -9999 -9999 -9999 -9999 -9999 -9999 -9999 -9999 -9999 -9999 -9999 -9999 -9999 -9999 -9999 -9999
-9999 -9999 -9999 -9999 -9999 -9999 -9999 -9999 -9999 -9999 -9999 -9999 -9999 -9999 -9999 -9999 -9999 -9999 -9999 -9999 -9999 -9999 -9999 -9999 -9999 -9999 -9999 -9999 -9999 -9999 -9999 -9999 -9999 -9999 -9999 -9999 -9999 -9999 -9999 -9999 -9999 -9999 -9999 -9999 -9999 -9999 -9999 -9999 -9999 -9999 -9999 -9999 -9999 -9999 -9999 -9999 -9999 -9999 -9999 -9999 -9999 -9999 -9999 -9999 -9999 -9999 -9999 -9999 -9999 -9999
-9999 -9999 -9999 -9999 -9999 -9999 -9999 -9999 -9999 -9999 -9999 -9999 -9999 -9999 -9999 -9999 -9999 -9999 -9999 -9999 -9999 -9999 -9999 -9999 -9999 -9999 -9999 -9999 -9999 -9999 -9999 -9999 -9999 -9999 -9999 -9999 -9999 -9999 -9999 -9999 -9999 -9999 -9999 -9999 -9999 -9999 -9999 -9999 -9999 -9999 -9999 -9999 -9999 -9999 -9999 -9999 -9999 -9999 -9999 -9999 -9999 -9999 -9999 -9999 -9999 -9999 -9999 -9999 -9999 -9999
-9999 -9999 -9999 -9999 -9999 -9999 -9999 -9999 -9999 -9999 -9999 -9999 -9999 -9999 -9999 -9999 -9999 -9999 -9999 -9999 -9999 -9999 -9999 -9999 -9999 -9999 -9999 -9999 -9999 -9999 -9999 -9999 -9999 -9999 -9999 -9999 -9999 -9999 -9999 -9999 -9999 -9999 -9999 -9999 -9999 -9999 -9999 -9999 -9999 -9999 -9999 -9999 -9999 -9999 -9999 -9999 -9999 -9999 -9999 -9999 -9999 -9999 -9999 -9999 -9999 -9999 -9999 -9999 -9999 -9999
-9999 -9999 -9999 -9999 -9999 -9999 -9999 -9999 -9999 -9999 -9999 -9999 -9999 -9999 -9999 -9999 -9999 -9999 -9999 -9999 -9999 -9999 -9999 -9999 -9999 -9999 -9999 -9999 -9999 -9999 -9999 -9999 -9999 -9999 -9999 -9999 -9999 -9999 -9999 -9999 -9999 -9999 -9999 -9999 -9999 -9999 -9999 -9999 -9999 -9999 -9999 -9999 -9999 -9999 -9999 -9999 -9999 -9999 -9999 -9999 -9999 -9999 -9999 -9999 -9999 -9999 -9999 -9999 -9999 -9999
-9999 -9999 -9999 -9999 -9999 -9999 -9999 -9999 -9999 -9999 -9999 -9999 -9999 -9999 -9999 -9999 -9999 -9999 -9999 -9999 -9999 -9999 -9999 -9999 -9999 -9999 -9999 -9999 -9999 -9999 -9999 -9999 -9999 -9999 -9999 -9999 -9999 -9999 -9999 -9999 -9999 -9999 -9999 -9999 -9999 -9999 -9999 -9999 -9999 -9999 -9999 -9999 -9999 -9999 -9999 -9999 -9999 -9999 -9999 -9999 -9999 -9999 -9999 -9999 -9999 -9999 -9999 -9999 -9999 -9999
-9999 -9999 -9999 -9999 -9999 -9999 -9999 -9999 -9999 -9999 -9999 -9999 -9999 -9999 -9999 -9999 -9999 -9999 -9999 -9999 -9999 -9999 -9999 -9999 -9999 -9999 -9999 -9999 -9999 -9999 -9999 -9999 -9999 -9999 -9999 -9999 -9999 -9999 -9999 -9999 -9999 -9999 -9999 -9999 -9999 -9999 -9999 -9999 -9999 -9999 -9999 -9999 -9999 -9999 -9999 -9999 -9999 -9999 -9999 -9999 -9999 -9999 -9999 -9999 -9999 -9999 -9999 -9999 -9999 -9999
-9999 -9999 -9999 -9999 -9999 -9999 -9999 -9999 -9999 -9999 -9999 -9999 -9999 -9999 -9999 -9999 -9999 -9999 -9999 -9999 -9999 -9999 -9999 -9999 -9999 -9999 -9999 -9999 -9999 -9999 -9999 -9999 -9999 -9999 -9999 -9999 -9999 -9999 -9999 -9999 -9999 -9999 -9999 -9999 -9999 -9999 -9999 -9999 -9999 -9999 -9999 -9999 -9999 -9999 -9999 -9999 -9999 -9999 -9999 -9999 -9999 -9999 -9999 -9999 -9999 -9999 -9999 -9999 -9999 -9999
-9999 -9999 -9999 -9999 -9999 -9999 -9999 -9999 -9999 -9999 -9999 -9999 -9999 -9999 -9999 -9999 -9999 -9999 -9999 -9999 -9999 -9999 -9999 -9999 -9999 -9999 -9999 -9999 -9999 -9999 -9999 -9999 -9999 -9999 -9999 -9999 -9999 -9999 -9999 -9999 -9999 -9999 -9999 -9999 -9999 -9999 -9999 -9999 -9999 -9999 -9999 -9999 -9999 -9999 -9999 -9999 -9999 -9999 -9999 -9999 -9999 -9999 -9999 -9999 -9999 -9999 -9999 -9999 -9999 -9999
231.21201 235.25000 236.25000 237.63499 236.57700 237.55800 237.59599 233.92300 233.05800 -9999 -9999 -9999 -9999 -9999 -9999 -9999 -9999 -9999 -9999 -9999 -9999 -9999 -9999 -9999 -9999 -9999 -9999 -9999 -9999 -9999 -9999 -9999 -9999 -9999 -9999 -9999 -9999 -9999 -9999 -9999 -9999 -9999 -9999 -9999 -9999 -9999 -9999 -9999 -9999 -9999 233.09599 -9999 -9999 -9999 -9999 -9999 -9999 -9999 -9999 -9999 -9999 -9999 -9999 -9999 -9999 -9999 -9999 -9999 -9999 -9999
227.61501 226.46201 226.17300 229.15401 228.73100 230.36501 229.38499 228.76900 228.00000 221.13499 218.34599 213.67300 216.11501 212.46201 236.46201 222.03799 232.42300 226.96201 228.98100 228.46201 228.96201 236.63499 -9999 -9999 -9999 -9999 -9999 -9999 -9999 -9999 -9999 -9999 -9999 -9999 -9999 -9999 -9999 -9999 -9999 -9999 -9999 -9999 -9999 -9999 -9999 224.71201 242.00000 239.32700 180.09599 203.07700 252.82700 230.13499 -9999 -9999 -9999 230.67300 -9999 -9999 -9999 245.96201 248.63499 249.90401 -9999 -9999 -9999 -9999 -9999 -9999 -9999 -9999
227.01900 224.46201 223.90401 227.50000 226.65401 225.67300 225.34599 221.90401 220.80800 202.98100 62.01920 77.76920 89.96150 81.57690 101.03800 105.98100 118.78800 76.05770 96.69230 84.34620 78.96150 83.53850 73.80770 149.26900 211.96201 255.98100 248.03799 232.15401 -9999 -9999 -9999 -9999 -9999 226.92300 226.09599 226.48100 227.05800 226.09599 224.61501 223.15401 223.17300 219.88499 219.55800 222.03799 224.48100 162.17300 179.00000 170.86501 182.48100 180.98100 214.13499 228.92300 231.05800 237.23100 237.32700 238.50000 238.07700 244.40401 244.90401 246.63499 251.48100 264.84601 262.42300 254.55800 249.13499 245.61501 242.44200 -9999 -9999 -9999
227.86501 227.90401 228.09599 227.73100 228.75000 227.59599 216.28799 217.19200 216.21201 77.61540 95.09620 93.05770 87.55770 51.50000 96.40380 82.32690 92.50000 91.38460 81.46150 74.84620 65.71150 80.51920 116.57700 165.59599 194.94200 245.17300 232.88499 252.11501 247.40401 234.01900 233.65401 229.90401 227.42300 223.30800 222.73100 224.69200 225.78799 224.53799 222.84599 220.75000 221.00000 219.75000 218.67300 221.80800 221.28799 224.19200 224.15401 221.51900 223.86501 222.15401 224.86501 224.46201 227.13499 236.48100 238.32700 237.76900 239.11501 237.84599 243.03799 238.96201 239.09599 243.25000 243.44200 239.71201 241.21201 242.25000 247.50000 246.71201 244.88499 248.28799
236.09599 224.55800 234.26900 273.65399 250.42300 263.50000 129.11501 124.03800 93.25000 96.23080 97.01920 62.05770 59.65380 66.28850 61.28850 84.84620 74.86540 60.19230 55.92310 64.80770 118.05800 188.19200 208.50000 211.51900 230.36501 233.40401 236.03799 236.44200 233.26900 228.19200 230.73100 231.48100 231.21201 227.28799 220.46201 228.53799 225.96201 220.71201 221.46201 221.55800 221.34599 218.44200 217.80800 219.63499 219.50000 217.36501 216.36501 216.53799 216.28799 217.15401 219.40401 218.42300 220.86501 227.76900 228.59599 232.09599 234.26900 233.90401 234.36501 232.28799 233.11501 237.57700 237.92300 237.26900 238.38499 239.69200 240.71201 239.21201 239.50000 244.63499
200.25000 216.57700 233.07700 216.75000 223.07700 222.98100 232.61501 229.21201 208.55800 210.07700 181.23100 187.46201 185.09599 193.78799 188.65401 164.61501 171.65401 43.53850 173.40401 192.71201 153.11501 174.36501 192.76900 223.55800 227.94200 229.67300 231.48100 224.94200 228.86501 232.34599 236.05800 233.73100 228.96201 230.15401 229.88499 228.44200 226.53799 218.55800 219.53799 219.48100 218.84599 214.34599 214.90401 214.86501 209.25000 215.05800 216.17300 210.15401 209.51900 214.90401 216.82700 217.76900 219.80800 223.34599 224.30800 222.57700 223.25000 227.65401 227.11501 227.53799 229.36501 234.88499 235.17300 234.73100 236.26900 237.25000 237.78799 237.34599 238.86501 242.90401
219.75000 217.32700 219.71201 217.17300 222.51900 210.51900 204.00000 205.53799 195.78799 179.67300 180.23100 191.21201 187.26900 180.50000 179.94200 184.42300 192.26900 197.53799 194.94200 187.63499 189.01900 204.38499 207.30800 208.75000 218.01900 223.50000 225.76900 219.15401 222.55800 218.01900 218.84599 225.86501 224.25000 228.86501 224.23100 218.75000 218.30800 213.38499 208.67300 207.00000 204.69200 211.11501 217.11501 210.92300 208.01900 203.73100 211.90401 208.69200 205.44200 210.71201 213.38499 214.34599 214.30800 216.05800 218.40401 217.19200 218.38499 223.50000 223.78799 225.55800 226.84599 228.63499 229.13499 228.75000 230.15401 230.42300 230.78799 234.23100 234.63499 236.19200
205.01900 202.53799 203.92300 210.44200 223.75000 222.01900 213.57700 204.28799 197.96201 195.01900 191.80800 185.42300 183.75000 183.38499 184.61501 188.21201 188.67300 193.53799 193.17300 195.50000 193.53799 202.17300 202.23100 179.78799 193.32700 208.05800 200.94200 213.36501 207.40401 209.76900 213.80800 220.42300 223.32700 226.76900 219.28799 215.88499 215.63499 212.59599 210.28799 207.36501 206.75000 207.09599 204.23100 198.21201 195.55800 203.09599 205.25000 204.34599 198.46201 200.73100 209.84599 211.44200 214.05800 213.55800 217.48100 218.34599 218.53799 222.57700 220.30800 224.96201 226.53799 223.63499 222.80800 220.40401 221.00000 225.53799 227.23100 228.65401 230.98100 231.42300
195.84599 197.92300 205.65401 211.32700 210.21201 207.65401 195.71201 194.84599 195.86501 192.92300 193.09599 191.30800 191.61501 189.44200 186.75000 189.63499 192.09599 190.44200 188.73100 190.96201 190.61501 204.57700 206.15401 178.05800 124.03800 93.05770 172.42300 208.69200 206.61501 211.48100 211.86501 214.09599 217.50000 220.36501 220.67300 219.75000 215.25000 208.44200 208.28799 207.57700 208.13499 207.00000 205.98100 200.50000 200.75000 203.90401 194.61501 197.42300 200.15401 200.75000 203.21201 205.07700 208.46201 212.40401 214.01900 212.82700 212.82700 215.61501 220.23100 218.92300 222.07700 220.11501 220.05800 216.98100 217.01900 220.30800 222.86501 224.19200 222.61501 220.98100
206.13499 212.92300 214.75000 207.63499 201.34599 200.51900 200.90401 196.38499 192.80800 194.90401 168.67300 171.73100 194.46201 154.00000 172.92300 189.15401 194.07700 193.19200 190.36501 195.59599 193.00000 189.28799 198.65401 163.88499 119.48100 90.53850 154.01900 180.78799 193.57700 200.94200 202.76900 207.69200 209.90401 210.57700 207.98100 210.82700 215.01900 212.03799 213.32700 212.76900 212.34599 212.71201 212.19200 211.88499 207.15401 202.63499 198.11501 193.55800 201.50000 199.94200 207.15401 210.48100 210.69200 212.73100 213.80800 211.67300 211.23100 207.46201 211.13499 217.67300 221.55800 218.53799 219.40401 221.67300 214.13499 214.63499 217.01900 218.13499 218.13499 216.53799
193.90401 200.07700 197.15401 195.84599 193.80800 193.75000 192.03799 184.71201 185.34599 186.84599 186.15401 164.76900 169.36501 171.84599 171.48100 141.30800 165.36501 159.69200 144.78799 195.15401 195.57700 191.42300 196.26900 177.55800 108.34600 148.73100 155.30800 172.21201 175.53799 174.38499 173.96201 185.78799 200.50000 210.44200 212.55800 214.36501 211.13499 201.86501 195.90401 184.17300 192.92300 209.48100 213.67300 208.86501 216.59599 222.82700 221.28799 216.55800 215.94200 208.71201 203.61501 210.75000 213.40401 210.51900 207.19200 205.84599 208.28799 207.73100 212.90401 212.73100 211.38499 209.00000 221.30800 225.46201 210.09599 211.30800 210.78799 213.59599 208.42300 200.30800
186.26900 188.69200 189.61501 187.84599 186.88499 187.88499 187.25000 183.36501 179.25000 182.53799 184.03799 189.03799 181.44200 167.96201 163.03799 150.26900 135.46201 141.59599 157.25000 27.73080 95.38460 106.63500 195.17300 208.34599 96.17310 80.17310 81.53850 80.32690 127.75000 86.73080 168.76900 171.11501 171.63499 172.67300 167.94200 172.03799 171.23100 164.92300 176.63499 172.48100 174.38499 186.57700 193.34599 198.00000 202.01900 217.67300 220.11501 226.34599 228.55800 226.73100 222.32700 213.11501 210.59599 211.86501 206.76900 207.90401 210.25000 209.94200 209.17300 205.88499 208.13499 195.32700 193.00000 198.11501 206.96201 213.03799 215.67300 203.42300 200.07700 197.19200
173.75000 183.28799 182.32700 183.76900 183.30800 186.84599 185.69200 189.76900 186.88499 190.73100 183.59599 181.67300 181.07700 191.46201 194.21201 163.63499 169.17300 155.00000 114.23100 97.46150 116.00000 139.57700 153.53799 161.03799 179.86501 108.84600 162.05800 169.51900 125.98100 122.55800 163.13499 163.55800 171.13499 175.65401 177.51900 170.94200 173.30800 176.34599 173.13499 181.42300 182.23100 188.71201 194.46201 196.57700 207.25000 225.61501 231.78799 231.01900 233.13499 231.65401 227.96201 225.48100 217.51900 211.07700 210.40401 206.88499 218.17300 214.51900 205.53799 203.90401 204.30800 200.05800 195.71201 201.05800 198.25000 208.63499 212.59599 207.13499 204.69200 197.00000
171.50000 177.32700 185.94200 200.88499 202.90401 206.34599 208.36501 203.84599 219.07700 219.63499 231.36501 240.48100 210.25000 209.65401 214.69200 194.65401 175.71201 174.78799 175.67300 172.96201 179.34599 160.90401 150.94200 163.53799 159.03799 164.44200 179.05800 181.32700 181.82700 184.21201 184.50000 187.28799 195.57700 193.15401 188.46201 180.78799 185.53799 190.13499 194.30800 181.36501 188.44200 190.86501 201.67300 214.23100 221.13499 228.01900 232.88499 236.38499 236.15401 233.80800 233.69200 230.19200 223.09599 216.17300 212.51900 200.88499 203.30800 206.19200 205.05800 194.88499 197.15401 202.25000 203.11501 197.09599 193.15401 195.15401 199.42300 200.63499 199.44200 195.55800
184.98100 209.42300 -9999 -9999 303.84601 245.01900 227.98100 225.51900 218.07700 214.17300 225.40401 210.13499 215.28799 199.57700 221.48100 218.69200 220.21201 214.23100 189.59599 172.86501 172.53799 197.71201 207.23100 207.32700 203.01900 190.69200 195.80800 180.42300 181.63499 183.30800 186.30800 186.98100 186.80800 178.01900 172.34599 172.53799 177.59599 171.92300 179.09599 187.46201 194.75000 199.26900 206.50000 215.25000 226.32700 229.67300 233.23100 237.80800 241.07700 244.53799 240.07700 231.09599 225.78799 222.46201 216.57700 208.96201 200.01900 202.53799 207.84599 200.90401 196.34599 191.73100 196.98100 196.53799 194.61501 192.71201 196.09599 197.86501 197.67300 193.84599
241.42300 363.96201 -9999 322.82700 223.46201 217.11501 222.92300 216.73100 218.71201 217.88499 201.48100 198.78799 200.57700 198.53799 201.13499 193.15401 202.76900 197.53799 204.55800 193.44200 168.69200 198.75000 200.50000 212.21201 215.69200 208.30800 192.48100 164.90401 156.26900 179.48100 184.17300 179.07700 183.78799 183.67300 176.30800 172.21201 161.26900 164.48100 174.00000 185.19200 192.17300 196.07700 208.48100 215.75000 223.55800 234.19200 238.05800 245.13499 246.78799 252.67300 253.51900 244.09599 241.69200 230.09599 225.48100 216.57700 204.01900 203.03799 198.19200 195.69200 194.19200 191.21201 191.88499 191.26900 192.34599 191.05800 190.30800 188.98100 189.80800 191.00000
226.15401 199.80800 196.48100 192.17300 173.65401 204.92300 236.71201 253.48100 239.98100 225.00000 210.86501 193.07700 189.09599 183.63499 178.00000 210.63499 363.17300 297.90399 247.69200 246.65401 213.38499 213.53799 216.25000 197.21201 211.51900 210.86501 207.23100 189.67300 169.84599 164.28799 160.46201 173.48100 180.57700 173.25000 160.92300 161.92300 148.32700 156.42300 170.71201 189.01900 191.57700 201.26900 201.61501 211.32700 222.46201 230.36501 245.11501 243.86501 252.25000 252.65401 250.07700 248.25000 243.50000 232.51900 225.61501 220.40401 211.48100 206.11501 193.42300 195.38499 196.67300 190.69200 191.65401 192.42300 196.44200 198.78799 198.55800 198.32700 194.75000 187.21201
363.38501 223.92300 192.73100 181.55800 174.01900 184.98100 211.30800 223.73100 222.13499 235.34599 246.44200 233.17300 214.00000 201.00000 182.36501 194.92300 239.55800 -9999 -9999 364.00000 297.26901 264.71201 254.76900 238.78799 241.90401 225.90401 214.90401 194.03799 177.38499 186.09599 176.94200 176.48100 178.50000 167.73100 155.50000 151.03799 145.19200 149.80800 163.69200 178.34599 196.96201 201.51900 200.67300 205.94200 217.76900 223.98100 235.98100 238.23100 240.46201 248.13499 242.57700 233.09599 221.26900 216.76900 217.00000 216.92300 203.69200 208.25000 195.57700 189.00000 196.38499 189.01900 190.44200 189.44200 191.84599 189.86501 181.34599 177.28799 175.34599 185.19200
