data/hydroclimate-scenarios/BCSD_hadcm_B1/monthly_summaries/baseflow_monthly_tot_jan.2030-2059.asc
ncols	311
nrows	91
xllcenter	102.75
yllcenter	31.75
cellsize	0.5
NODATA_value	-9999
[rows 32 to 63 of 91, columns 0 to 72 of 311]
-9999 -9999 -9999 -9999 -9999 -9999 -9999 -9999 -9999 -9999 -9999 0.34943 0.34636 0.56008 0.36623 0.40242 0.39104 0.63744 0.93695 1.01974 1.13455 1.07417 1.13723 1.19463 2.80595 2.65691 2.63057 3.17881 3.04872 0.73396 0.71969 0.42197 0.50371 0.57394 0.70383 0.83745 1.03062 0.89892 1.06119 1.17144 1.06837 0.96962 1.14842 0.95374 0.83514 1.06813 0.95342 0.86892 0.78671 0.82820 0.70090 0.68538 0.59552 1.50239 1.50634 1.54069 1.71290 1.70431 1.28701 0.53200 0.56630 0.61121 1.03763 1.72923 1.92950 1.10589 1.38130 1.93797 1.86997 2.07365 1.44321 2.26749 2.31452
-9999 -9999 -9999 -9999 -9999 -9999 -9999 -9999 -9999 -9999 -9999 0.60151 0.58346 0.40838 0.43927 0.46351 0.48945 0.93175 1.10010 1.18788 1.24019 1.30155 2.92409 3.13431 3.09680 1.10895 1.38115 1.16183 0.86666 2.41680 2.38495 0.66276 0.93275 0.75134 1.19167 0.80879 2.17955 1.31276 2.01717 2.26667 1.28210 2.13903 1.37569 1.36775 1.46357 1.47902 1.34160 1.27549 1.11665 0.91533 0.79366 0.71217 0.59431 1.08861 0.45642 0.81643 0.80888 0.76341 0.83451 0.75276 0.70062 2.08888 1.76748 0.53547 2.46336 1.59832 1.62341 2.02431 1.95050 2.07315 1.42862 2.10144 1.97343
-9999 -9999 -9999 -9999 -9999 -9999 -9999 -9999 -9999 -9999 -9999 -9999 0.51619 0.51082 0.47563 0.79860 0.81585 1.25697 1.36603 1.48339 3.27201 1.62512 2.07026 1.19850 1.39383 1.62097 1.45128 0.99153 0.46520 0.38825 2.19073 2.29995 2.22311 2.18201 2.15892 2.26883 2.42356 1.44870 2.12079 1.99729 2.07906 2.21017 2.28263 1.25684 1.34525 1.84030 1.67711 1.58946 1.40912 1.22451 0.95246 0.92665 0.83699 0.69376 0.55263 0.52413 0.52782 1.07388 2.12444 2.24411 2.05117 1.05645 1.05626 1.23756 1.29855 2.53151 1.86887 2.12597 2.15043 2.42813 1.58780 1.99406 2.15204
-9999 -9999 -9999 -9999 -9999 -9999 -9999 -9999 -9999 -9999 -9999 -9999 0.54580 0.47648 0.55573 0.78645 0.92392 3.30703 3.48148 1.58285 1.62610 1.45454 1.21711 0.94580 0.84059 0.72886 0.39878 0.73519 0.43850 0.80962 0.66510 2.18148 2.45354 2.03198 2.48292 0.69803 0.57621 0.84357 0.88290 0.85596 2.44021 1.53204 1.40620 2.01846 1.71449 2.05398 2.11650 1.81707 1.34305 1.33422 1.02941 0.71686 0.52325 0.68919 0.65215 1.16545 2.19178 1.08772 0.53852 1.83375 1.53602 0.53199 0.50860 0.87733 1.85572 1.87834 2.04578 2.15295 2.35679 2.58261 2.76530 2.30949 2.49279
-9999 -9999 -9999 -9999 -9999 -9999 -9999 -9999 -9999 -9999 -9999 -9999 0.34041 0.42115 2.69786 2.60559 2.96924 0.79568 1.53102 1.54359 1.31459 1.49908 1.30295 0.89168 0.85678 0.86843 0.81633 0.87478 0.97514 1.17904 1.07249 2.04103 0.63986 0.76653 0.70295 0.73563 0.99101 0.77733 0.74928 0.91959 1.30287 1.61138 1.62922 2.17304 2.70665 3.44278 2.80401 2.48799 2.27291 1.70517 1.31278 1.17776 0.69853 0.90859 1.08457 0.95884 0.85696 0.71970 0.73880 1.86826 0.58151 0.65489 0.65102 0.66092 1.85777 2.00240 2.24586 2.42532 2.71665 2.87954 3.10538 3.20789 2.91858
-9999 -9999 -9999 0.51316 0.59214 0.37731 0.29988 0.45234 0.40776 -9999 0.33956 2.51605 2.60814 0.38493 0.47124 0.55410 0.93632 1.26146 1.27437 1.16158 1.40159 1.40004 1.18755 1.04946 1.25907 1.06229 0.96313 0.80906 1.01009 1.04251 0.51259 0.62813 0.31069 1.21471 0.88751 0.37269 0.83468 0.66264 0.95649 1.01071 1.26452 1.63843 1.92930 2.70857 2.84084 2.79335 2.76593 2.61651 2.03981 2.04146 2.22667 2.45272 2.08250 1.78114 1.46384 1.14069 1.17042 0.91489 1.24328 0.72222 1.92302 0.95966 1.32410 1.39897 1.18325 1.19127 1.42041 2.08187 2.58951 2.89759 3.25937 3.53642 3.80519
-9999 -9999 -9999 0.70574 0.54766 0.68272 0.57526 0.58044 0.45988 1.71668 2.51889 2.55940 0.52584 0.47364 0.83625 0.58867 1.75670 0.85982 1.01604 1.08910 1.13300 1.02153 0.98698 1.25470 1.68881 1.91376 1.63088 1.16105 0.91810 1.43724 0.31740 0.92837 0.50736 0.85958 1.06655 1.32463 0.83615 1.01041 0.90085 1.74736 1.64636 1.52365 2.15309 2.63422 2.72523 3.03301 3.05536 2.68014 3.04455 3.10598 3.03158 2.26040 2.11237 2.02815 1.40180 1.34415 0.94811 0.86169 0.95785 1.15860 1.23528 1.37386 1.65132 2.24534 2.12260 2.16773 2.33218 2.32735 2.90399 3.18043 3.54745 3.82292 3.94841
-9999 -9999 -9999 0.59615 0.56371 0.53917 2.51141 2.70261 2.73940 2.49002 2.65859 2.77802 0.36778 0.18842 0.16575 0.16794 1.30422 1.43951 0.81694 0.74603 0.94911 1.42641 0.70094 1.96927 1.68017 1.70737 1.31148 1.36547 1.35297 1.68214 1.94988 1.32724 1.13638 1.16876 1.34182 1.29990 0.86193 0.76514 1.22151 1.92548 2.00545 1.90777 2.18519 2.77229 2.67465 2.66479 2.93125 3.34531 3.31050 3.23822 3.31534 2.55236 2.40840 2.11342 1.69301 1.38518 1.06241 1.12491 1.21811 1.35754 2.01071 2.19595 1.80606 2.34851 2.62884 2.88506 2.95237 2.99302 3.40614 3.68302 3.94727 4.26397 4.38243
-9999 -9999 -9999 0.61420 0.46237 0.71103 2.81019 3.04022 2.35996 1.98188 2.37002 0.26913 0.10682 0.33401 0.16208 0.54748 0.88293 1.39608 1.34179 1.09759 1.62087 1.73520 2.35527 2.47801 1.81178 2.07127 1.17667 0.74298 1.66804 2.42904 2.30579 1.09733 1.52445 1.83491 1.64260 1.86642 1.39543 1.29794 1.49293 1.40001 1.71027 2.53409 3.06386 3.10219 3.05844 3.44526 3.56688 3.08592 3.17960 2.98968 3.14452 2.81673 2.61429 3.02223 2.30620 2.35012 2.09773 2.20486 2.33095 2.64794 2.58364 2.69302 2.56346 2.65597 3.00545 3.42299 3.52171 3.47763 3.81410 4.12449 4.79712 5.26168 -9999
-9999 -9999 -9999 0.37949 0.37921 0.64467 2.92002 2.79698 2.55925 2.31988 2.53198 1.82037 0.25479 0.53316 0.95073 1.00042 1.04737 1.16604 0.75099 1.68671 1.84914 1.33630 2.41494 1.84498 1.91924 1.72446 0.80921 0.78272 1.44138 1.82051 2.01239 1.60252 1.69827 1.29808 0.94647 0.94789 1.03088 1.02126 1.10656 1.38341 1.85119 2.39254 2.75721 2.79602 3.06756 3.34675 3.43924 3.15869 3.38633 3.26451 3.32957 3.12482 3.10048 3.28355 2.84471 2.96698 2.53490 2.61485 2.59542 2.76733 2.99158 2.85889 2.93227 3.21871 3.29829 3.49652 3.75187 3.69995 4.02034 4.64363 5.48711 -9999 -9999
-9999 -9999 -9999 -9999 2.54688 2.78581 2.87742 2.92781 2.39719 2.01469 2.65307 0.51678 0.79617 1.18079 -9999 -9999 -9999 -9999 -9999 2.13153 2.43894 2.02767 2.42305 2.38794 1.89805 1.55704 1.45140 0.99601 1.10384 0.98970 1.06174 1.25338 1.13903 0.75022 0.74310 0.71726 1.02140 1.07476 1.05542 1.25015 1.30509 1.76088 2.45530 3.13622 3.20884 3.15489 3.17170 3.32373 3.29761 3.55298 3.14701 3.25618 2.98081 3.20438 3.03735 3.09244 3.04824 2.89639 3.09468 3.07642 3.13312 3.38606 3.53035 3.41923 3.51128 3.68245 3.94185 4.19399 4.23014 -9999 -9999 -9999 -9999
-9999 -9999 0.92646 2.92589 2.85549 2.92997 2.89313 2.95393 2.51957 2.36128 2.79253 0.58246 0.74365 -9999 -9999 -9999 -9999 -9999 2.90625 1.90758 2.15043 1.16440 1.09098 1.44976 2.03461 1.84588 1.27079 1.02450 1.11943 1.15721 1.64031 0.98746 0.75519 0.97341 1.02179 0.98073 0.95591 0.77975 1.13388 1.12016 1.39636 1.82604 2.23995 2.48435 2.49859 2.65180 2.94858 2.90168 3.00648 3.11071 3.03078 3.41785 3.94497 3.59137 3.50793 2.90350 2.86459 3.20373 3.32880 3.11446 3.25023 3.34607 3.56044 3.57470 3.89204 4.17317 4.28609 -9999 -9999 -9999 -9999 -9999 -9999
-9999 -9999 3.18940 3.11744 2.61908 2.73341 2.72762 2.89128 2.46087 2.75700 0.73309 0.82157 0.52346 -9999 -9999 -9999 -9999 0.97427 1.46999 0.95217 1.28063 0.99861 1.14119 1.38073 1.27898 0.94848 1.25108 0.80512 1.07192 0.96359 0.75800 0.95590 0.86556 0.90529 0.98589 0.85449 0.76417 0.99422 1.25177 1.60417 1.93302 2.31108 2.57304 2.66581 3.17374 3.37222 3.55715 3.29937 3.33289 3.39597 3.75977 3.81804 3.87333 3.51568 3.29548 3.11977 3.46554 3.31649 3.48841 3.66392 3.79412 3.92523 4.23497 4.55821 4.70865 -9999 -9999 -9999 -9999 -9999 4.71633 -9999 -9999
-9999 -9999 3.01694 3.47527 3.09761 3.11548 2.69086 2.35682 2.55517 2.63134 0.66918 0.58934 0.08175 -9999 -9999 -9999 -9999 1.31961 1.01822 1.09211 1.33478 1.23553 1.05507 0.77463 0.83819 0.98453 0.88145 0.84341 0.88005 0.95122 0.93594 0.72593 0.84510 0.90326 0.89673 0.97257 1.10429 1.29619 1.38240 1.21443 1.80657 1.76720 2.18123 3.07884 3.32169 3.48031 3.56283 3.35026 3.39501 3.46817 3.51184 3.66751 3.47876 3.36708 3.59423 3.27889 3.20040 3.53852 3.69791 3.87267 4.10543 4.63117 4.59008 4.46194 4.40846 4.57282 4.85782 4.45911 4.78084 -9999 -9999 -9999 4.47834
-9999 -9999 -9999 3.27655 2.98624 2.20696 1.78097 1.83264 0.78492 1.20659 0.72270 0.12402 -9999 -9999 -9999 -9999 0.83085 0.99888 0.77580 0.78026 0.90150 0.68414 0.70041 0.60269 0.65531 0.76103 0.90162 1.12316 1.17840 1.10752 0.88447 0.83971 1.03597 1.54702 2.11848 2.11441 1.28384 0.97034 0.83167 0.95106 1.37272 1.26282 3.46449 3.72660 3.76637 4.06705 3.58948 3.18374 3.29008 3.39201 3.55428 3.92535 3.92674 4.15652 4.21155 4.03378 4.23767 3.93533 4.03276 4.41901 4.38794 4.31222 4.40034 4.15530 3.76218 4.73227 5.13809 4.15649 4.62483 5.19021 -9999 -9999 5.09704
-9999 -9999 -9999 -9999 2.63775 1.58595 1.73742 0.87543 1.00269 0.41984 0.24241 -9999 -9999 -9999 -9999 0.84588 0.92162 0.85391 1.10103 1.03000 0.85399 1.02123 0.94449 1.01456 0.61171 1.21147 1.69790 1.62636 1.86798 1.54358 1.45326 1.59574 1.74554 1.87103 2.25746 1.24503 1.18836 1.04726 0.97132 0.92200 1.10351 1.15207 1.54100 2.05163 2.39052 3.65514 3.27448 3.68381 3.70795 3.16844 2.71559 3.11780 3.49911 3.95636 3.86065 3.50362 4.18021 4.23999 4.46673 4.41936 4.45227 4.35300 4.30843 4.42260 4.27058 4.81731 4.74136 4.15308 4.09631 4.54299 4.48689 4.44346 4.54240
-9999 -9999 -9999 -9999 -9999 -9999 1.38599 2.70551 0.23024 0.72050 1.26433 -9999 -9999 -9999 -9999 -9999 1.20479 1.10604 0.63902 1.20927 0.89195 0.56622 0.63451 0.77147 1.26183 1.21416 0.66072 1.72319 1.73718 2.13557 1.50124 1.88223 1.39321 2.12834 2.01865 2.13476 1.12035 1.13768 0.85598 1.00949 1.14465 1.63265 1.82253 1.65150 3.28751 3.47944 3.36517 3.43856 3.72097 3.83450 3.91371 4.15280 3.90384 3.94369 4.19972 4.03564 3.97605 4.12848 4.42376 4.15858 4.03485 4.13190 4.31262 4.09716 3.94088 4.42873 4.79196 3.40452 3.51250 3.84093 3.89880 4.23956 4.60351
-9999 -9999 -9999 -9999 -9999 -9999 -9999 -9999 -9999 -9999 -9999 -9999 -9999 -9999 -9999 -9999 -9999 -9999 -9999 0.87485 0.57432 0.14554 0.65907 0.93243 0.68892 0.63717 1.24098 0.74089 0.66935 0.48280 1.16190 1.16828 0.55646 1.09512 1.93134 1.83457 0.72447 1.10923 1.08745 1.33450 1.73633 2.03870 1.92290 2.18554 2.24028 2.22426 1.55448 3.57674 3.42457 3.05723 2.95780 3.83854 4.55462 4.64495 3.26494 3.41420 3.93991 3.94563 3.84588 4.04476 4.44273 4.75200 4.02786 3.89460 3.79846 4.83466 4.40605 3.22676 3.18399 4.07529 3.89397 4.22758 4.54694
-9999 -9999 -9999 -9999 -9999 -9999 -9999 -9999 -9999 -9999 -9999 -9999 -9999 -9999 -9999 -9999 -9999 -9999 1.15950 0.50755 0.37316 0.64358 0.78060 0.83549 0.31917 0.12864 0.37316 0.44416 0.29361 0.70972 0.83877 1.53632 1.98285 1.61616 1.10081 1.87724 0.94519 0.97108 1.14759 1.32031 1.61653 2.15525 2.29550 2.17414 2.27898 3.42532 1.75080 0.02222 1.42376 1.53758 1.80787 3.64851 3.68197 3.70921 4.40160 4.61779 4.05357 4.05381 4.39092 4.12986 4.41662 4.56979 4.64440 4.55891 5.04436 4.81545 4.34428 3.65769 4.64895 3.67821 4.27965 4.28297 4.34242
-9999 -9999 -9999 -9999 -9999 -9999 -9999 -9999 -9999 -9999 -9999 -9999 -9999 -9999 -9999 -9999 -9999 1.45040 0.91693 0.82932 0.89852 0.67766 0.31060 0.18505 0.06240 0.05818 0.51039 0.16181 0.51035 0.55293 0.80356 1.03882 0.82785 1.45098 1.13973 2.11664 2.62250 1.10882 1.05122 1.44966 1.66720 3.08926 2.18054 3.07949 1.61134 1.40508 3.10220 1.63675 0.60512 1.46395 1.68811 3.58420 3.03946 2.90571 3.62435 3.47272 3.81465 4.01521 4.06388 4.17365 4.62145 5.21925 4.60384 4.81274 4.32905 4.33580 4.43603 4.13434 4.49393 4.75188 5.05231 5.13245 5.19091
-9999 -9999 -9999 -9999 -9999 -9999 -9999 -9999 -9999 -9999 -9999 -9999 -9999 -9999 -9999 -9999 -9999 1.06616 1.08060 1.26348 0.66947 0.69900 0.41256 0.02080 0.01753 0.06886 0.04385 0.01614 0.00408 0.27067 0.32076 0.47498 0.72579 0.55941 0.87259 1.23818 2.03039 0.57775 1.08404 1.34846 1.23068 1.18454 2.74832 0.81592 2.33927 2.46390 2.29997 0.01673 0.01142 0.45344 1.26685 3.56693 3.82587 4.09562 4.37287 3.88928 4.24361 4.10651 4.14053 4.38875 4.29645 4.22761 4.21853 4.07039 4.01899 4.29456 4.32805 4.39141 4.32293 3.93884 4.51998 5.25003 4.87446
-9999 -9999 -9999 -9999 -9999 -9999 -9999 -9999 -9999 -9999 -9999 -9999 -9999 -9999 -9999 -9999 0.69207 0.68612 1.18796 0.51979 0.30789 0.02310 0.01631 0.01750 0.00580 0.05990 0.04894 0.00943 0.00302 0.00333 0.00397 0.00563 0.32949 0.29438 0.40832 0.65378 0.93984 1.46443 0.61420 0.83816 0.62015 0.99022 2.84771 1.76946 0.60982 1.68895 2.03949 0.03315 0.02157 0.27904 1.30684 3.48574 3.67715 4.15568 4.24300 3.72857 3.91370 4.45899 4.73897 4.24690 4.21471 4.22405 4.39466 4.45151 4.49575 5.27711 5.03010 5.15755 5.17419 4.46590 5.14663 5.01709 5.01008
-9999 -9999 -9999 -9999 -9999 -9999 -9999 -9999 -9999 -9999 -9999 -9999 -9999 1.40470 1.31499 0.63926 0.69923 0.77280 1.01905 0.24616 0.00848 0.05670 0.01840 0.04061 0.03727 0.02871 0.01798 0.00000 0.00000 0.00000 0.06214 0.28392 0.00000 0.00000 0.06942 0.03343 0.12016 0.18222 0.00820 0.00872 0.00608 0.85465 0.64944 0.00195 0.60252 0.37049 0.68142 0.72684 0.95071 1.34104 1.66161 1.47878 1.11101 1.01519 2.40322 6.18062 5.33331 6.08141 4.22756 5.55959 5.44589 8.69600 8.45260 12.13610 12.01960 10.06800 10.20090 5.52718 5.87820 5.58837 5.88789 4.98041 4.85755
-9999 -9999 -9999 -9999 -9999 -9999 -9999 -9999 -9999 -9999 -9999 -9999 0.78187 0.95565 1.09289 0.78038 0.88760 0.03854 0.03052 0.00221 0.00271 0.01176 0.00689 0.01264 0.01915 0.01432 0.01063 0.00000 0.00865 0.03268 0.00320 0.02002 0.04165 0.07494 0.09667 0.03209 0.00010 0.00031 0.00377 0.00345 0.00295 0.00165 0.57133 0.45491 0.12864 0.16059 0.32547 0.54471 0.85371 0.82870 0.99940 0.11304 1.47796 0.11949 2.34018 2.61314 4.77077 3.25340 4.66386 8.50854 7.74324 8.78499 9.95123 11.70880 12.46970 9.62025 10.11970 5.90639 6.32875 5.81454 5.20129 5.10862 5.01159
-9999 -9999 -9999 -9999 -9999 -9999 -9999 -9999 -9999 -9999 -9999 1.47493 0.18034 0.91989 0.02259 0.00908 0.00520 0.00870 0.00730 0.00353 0.00346 0.00010 0.00010 0.00021 0.00021 0.00165 0.18259 0.04460 0.01842 0.06790 0.00496 0.00000 0.00000 0.00000 0.00000 0.07190 0.00069 0.00211 0.00320 0.00133 0.00096 0.46574 0.21927 0.07389 0.05469 0.15717 0.22065 0.34329 0.59790 1.54220 2.29413 1.09793 0.68213 4.55775 0.85409 0.48057 4.21134 0.97853 1.62717 5.77743 5.81401 6.03719 6.56582 7.12622 9.68965 10.64120 8.90203 6.58210 5.94349 5.42899 4.93524 4.88444 5.04307
-9999 -9999 -9999 -9999 -9999 -9999 -9999 -9999 -9999 -9999 0.07781 0.05056 0.01274 0.00284 0.00133 0.00580 0.00424 0.01333 0.01136 0.00072 0.00031 0.00000 0.00000 0.00000 0.00000 0.00021 0.00021 0.05370 0.01538 0.00000 0.00000 0.00000 0.00000 0.08491 0.02179 0.07785 0.00092 0.00186 0.00451 0.00100 0.38797 0.10141 0.02299 0.01339 0.02072 0.17003 0.23351 0.25561 0.70712 1.51813 3.10938 1.63597 4.97528 1.13732 0.87291 0.52631 4.98301 5.03083 2.81419 2.63954 4.69178 6.58348 6.60074 8.74051 8.63669 10.53490 6.94057 6.20516 6.10948 5.21701 5.11552 5.62863 5.83775
-9999 -9999 -9999 -9999 -9999 -9999 -9999 -9999 -9999 0.00117 0.00064 0.00000 0.00000 0.00010 0.00000 0.00000 0.00000 0.00000 0.00000 0.00000 0.00000 0.00000 0.00000 0.00000 0.00000 0.00000 0.00000 0.00000 0.00000 0.00000 0.00000 0.00000 0.00000 0.00010 0.04715 0.26137 0.00563 0.00438 0.00145 0.25332 0.02333 0.00707 0.01562 0.92376 0.01452 0.59817 0.09015 0.49621 0.65307 1.24032 2.24460 4.76233 1.91285 7.29713 4.53307 2.42899 1.51191 1.53333 1.63522 2.36576 4.61829 6.10739 5.46957 6.79455 5.89636 7.15936 9.42487 9.64884 8.87924 8.35605 8.54866 9.36384 10.50130
-9999 -9999 -9999 -9999 -9999 -9999 -9999 -9999 -9999 -9999 0.00010 0.00000 0.00000 0.00000 0.00000 0.00000 0.00000 0.00000 0.00000 0.00000 0.00000 0.00000 0.00000 -9999 -9999 -9999 -9999 -9999 -9999 0.00052 0.00132 0.00000 0.00000 0.00000 0.00000 0.21813 0.40071 0.00089 0.00063 0.19933 0.03495 0.04041 0.69468 0.49178 0.80257 0.52928 0.78014 0.39809 1.09816 1.58373 2.54112 0.67278 1.47682 3.17840 5.61254 1.70530 1.21964 1.25937 0.90640 2.01392 3.27988 4.06595 1.73156 4.70523 6.16210 8.11399 11.04260 9.24718 8.54973 8.97846 8.82712 10.70210 10.95910
-9999 -9999 -9999 -9999 -9999 -9999 -9999 -9999 -9999 -9999 -9999 -9999 0.00000 0.00000 0.00000 0.00000 0.00000 0.00000 0.00000 -9999 -9999 -9999 -9999 -9999 -9999 -9999 -9999 -9999 -9999 -9999 -9999 -9999 -9999 0.00000 0.05519 0.10921 0.08026 0.10493 0.00000 0.00010 0.09291 0.02566 0.07999 0.06584 0.08054 0.93360 0.81074 0.12648 0.31793 0.47242 0.80797 4.21921 4.74043 4.54149 2.23799 1.05413 1.55547 1.21930 0.02449 1.59255 3.43104 3.69603 5.72352 2.01920 5.00304 8.62275 11.90310 8.84837 9.06223 10.15690 11.40760 12.22310 -9999
-9999 -9999 -9999 -9999 -9999 -9999 -9999 -9999 -9999 -9999 -9999 -9999 -9999 -9999 -9999 -9999 -9999 -9999 -9999 -9999 -9999 -9999 -9999 -9999 -9999 -9999 -9999 -9999 -9999 -9999 -9999 -9999 -9999 -9999 0.07379 0.03654 0.03671 0.03113 0.00000 0.04368 0.04812 0.01499 0.87980 0.44507 0.57370 0.74817 0.18706 0.09941 0.43757 0.49386 1.00469 3.69423 2.48364 3.07363 2.97299 1.71311 1.02770 1.83762 1.21444 1.66184 2.25224 2.80998 1.72384 1.91037 5.42194 7.28496 12.20850 8.91285 9.39873 10.62760 13.15200 -9999 -9999
-9999 -9999 -9999 -9999 -9999 -9999 -9999 -9999 -9999 -9999 -9999 -9999 -9999 -9999 -9999 -9999 -9999 -9999 -9999 -9999 -9999 -9999 -9999 -9999 -9999 -9999 -9999 -9999 -9999 -9999 -9999 -9999 -9999 -9999 0.04120 0.02223 0.02752 0.10853 0.00000 0.01030 0.00604 0.39473 0.34310 0.02088 0.13515 0.05241 0.09041 0.11796 0.25320 0.51131 0.86367 0.52065 1.33546 2.76125 2.46185 1.15633 1.03945 0.78131 0.54623 1.60515 3.69383 4.09954 3.26061 1.63652 3.87203 10.88360 12.08140 13.58170 15.04640 16.44940 -9999 -9999 -9999
-9999 -9999 -9999 -9999 -9999 -9999 -9999 -9999 -9999 -9999 -9999 -9999 -9999 -9999 -9999 -9999 -9999 -9999 -9999 -9999 -9999 -9999 -9999 -9999 -9999 -9999 -9999 -9999 -9999 -9999 -9999 -9999 -9999 -9999 -9999 -9999 -9999 -9999 0.03109 0.01102 0.00510 0.00776 0.18055 0.24431 0.01452 0.08344 0.23010 0.14060 0.25191 0.54222 0.38864 0.70141 0.65803 2.06968 2.09721 0.64088 0.00738 0.01123 0.48291 1.35284 2.83943 1.34365 2.00795 3.54099 8.48792 11.31840 12.95340 14.29820 15.58880 -9999 -9999 -9999 -9999
