data/hydroclimate-scenarios/BCSD_hadcm_B1/monthly_summaries/baseflow_monthly_tot_jul.2030-2059.asc
ncols	311
nrows	91
xllcenter	102.75
yllcenter	31.75
cellsize	0.5
NODATA_value	-9999
[rows 32 to 63 of 91, columns 0 to 72 of 311]
-9999 -9999 -9999 -9999 -9999 -9999 -9999 -9999 -9999 -9999 -9999 0.07289 0.09646 0.09379 0.11532 0.03788 0.06321 0.07105 0.09584 0.07806 0.09186 0.05820 0.03069 0.02825 0.15907 0.15420 0.19353 0.29467 0.25619 0.00927 0.01064 0.01828 0.01205 0.00515 0.00482 0.00181 0.00170 0.00240 0.00821 0.01177 0.02079 0.02249 0.01922 0.03118 0.03859 0.03000 0.04410 0.04531 0.05627 0.03527 0.03431 0.04721 0.04037 0.14286 0.11450 0.08203 0.09946 0.10891 0.10094 0.01913 0.01519 0.01880 0.13023 0.27455 0.28240 0.16399 0.20396 0.28087 0.76529 1.77928 1.29731 6.21445 6.98085
-9999 -9999 -9999 -9999 -9999 -9999 -9999 -9999 -9999 -9999 -9999 0.08988 0.11301 0.10265 0.14682 0.04237 0.05031 0.04046 0.03817 0.03820 0.04256 0.03711 0.14026 0.17214 0.22941 0.04123 0.05634 0.02292 0.00850 0.16366 0.20347 0.01715 0.01580 0.00195 0.01030 0.01613 0.08490 0.00785 0.12381 0.21988 0.03298 0.20473 0.04242 0.04450 0.05831 0.09566 0.12063 0.07194 0.08106 0.06368 0.05337 0.05936 0.04989 0.14815 0.02598 0.01625 0.02145 0.03102 0.02023 0.01739 0.01804 0.30864 0.22575 0.02227 0.33236 0.20437 0.23142 0.31878 0.57176 1.32424 0.84963 4.47311 3.07037
-9999 -9999 -9999 -9999 -9999 -9999 -9999 -9999 -9999 -9999 -9999 -9999 0.01522 0.01355 0.01695 0.01901 0.02142 0.02095 0.02076 0.01332 0.12373 0.02946 0.06644 0.11807 0.14230 0.34203 0.22113 0.19958 0.06025 0.01261 0.18782 0.10713 0.09489 0.09417 0.09770 0.11574 0.13461 0.01271 0.13490 0.21726 0.24912 0.31503 0.33246 0.08782 0.11944 0.14661 0.11702 0.05625 0.06328 0.11885 0.06614 0.04645 0.04466 0.02497 0.03539 0.07053 0.07498 0.18926 0.24808 0.24779 0.22941 0.16591 0.17630 0.18236 0.21668 0.30168 0.25992 0.51101 1.57559 3.77761 1.11610 2.93478 3.32843
-9999 -9999 -9999 -9999 -9999 -9999 -9999 -9999 -9999 -9999 -9999 -9999 0.00840 0.01059 0.01004 0.01061 0.00773 0.11482 0.11310 0.01237 0.01767 0.16723 0.21785 0.33326 0.55881 0.27946 0.15188 0.32892 0.08896 0.05175 0.02527 0.17335 0.11236 0.10426 0.11586 0.00182 0.00495 0.00349 0.00405 0.02332 0.26739 0.10614 0.10713 0.13270 0.07694 0.10287 0.07132 0.04366 0.04539 0.30027 0.26389 0.02969 0.02088 0.02494 0.02508 0.15890 0.24102 0.19547 0.01438 0.13558 0.14486 0.03398 0.03179 0.11601 0.26469 0.21886 0.36040 0.57792 1.17807 2.11391 3.44082 3.12513 3.74708
-9999 -9999 -9999 -9999 -9999 -9999 -9999 -9999 -9999 -9999 -9999 -9999 0.00662 0.00350 0.09765 0.11178 0.12267 0.00955 0.01742 0.04173 0.08215 0.17583 0.17261 0.47863 0.42918 0.39586 0.22536 0.07138 0.07483 0.04615 0.02830 0.11778 0.00269 0.00296 0.00090 0.00186 0.00259 0.00538 0.00641 0.01283 0.07568 0.39799 0.27397 0.15460 0.15430 0.27384 0.28531 0.56170 0.31801 0.41571 0.24244 0.04419 0.01886 0.01951 0.00833 0.01696 0.02438 0.02145 0.02345 0.19514 0.02377 0.09337 0.08517 0.08314 0.28194 0.32498 0.48429 0.70840 1.86097 2.04354 2.41042 5.12436 5.67013
-9999 -9999 -9999 0.11153 0.08870 0.04137 0.03310 0.03481 0.04312 -9999 0.03040 0.12836 0.11793 0.00270 0.00290 0.00395 0.00581 0.00695 0.03814 0.07251 0.06386 0.07723 0.11415 0.20911 0.24187 0.14881 0.08703 0.11816 0.13209 0.52088 0.06609 0.00421 0.00967 0.09279 0.01371 0.00369 0.02041 0.02312 0.01515 0.02082 0.04139 0.25696 0.24706 0.17074 0.37081 0.66724 1.12686 0.81045 0.41353 1.00971 1.23079 0.47679 0.41166 0.49889 0.17536 0.46611 0.57898 0.10020 0.23597 0.05785 0.22174 0.10421 0.16269 0.33841 0.28314 0.27193 0.66007 1.03921 1.69512 2.58188 3.87659 8.94756 12.88090
-9999 -9999 -9999 0.23658 0.18177 0.04687 0.06053 0.02044 0.02159 0.15242 0.13729 0.11493 0.00359 0.00718 0.01331 0.02734 0.03037 0.02282 0.02543 0.06618 0.06347 0.14038 0.06940 0.02574 0.06776 0.05628 0.08005 0.10416 0.18460 0.61709 0.11098 0.14147 0.08946 0.12433 0.11590 0.14761 0.08162 0.21606 0.05219 0.19572 0.27181 0.18944 0.24355 0.58753 0.99733 2.85237 2.60145 1.28185 2.45158 3.32290 3.09429 0.97606 0.99487 0.84818 0.23591 0.37251 0.17121 0.15287 0.30167 0.46474 0.40296 0.59882 0.89253 0.81738 1.17039 0.47938 0.67685 1.30911 2.63485 4.28350 10.04140 6.80472 12.96470
-9999 -9999 -9999 0.10525 0.10588 0.03362 0.21428 0.15927 0.12762 0.12048 0.12598 0.12751 0.01130 0.04445 0.08533 0.03412 0.04919 0.05777 0.02566 0.06918 0.08874 0.19360 0.06445 0.16491 0.29560 0.16373 0.13020 0.13719 0.25171 1.14848 2.83318 1.17799 0.36354 0.16298 0.31542 0.29032 0.14015 0.08565 0.07629 0.28166 0.35052 0.45982 0.55679 0.76735 0.52315 1.51683 1.74042 4.21416 4.19022 3.58285 4.38925 1.12297 1.10101 0.78619 0.34288 0.20574 0.14105 0.11698 0.28170 0.54323 0.43800 0.64804 0.43652 0.97716 1.21048 1.20803 1.42345 3.50901 8.94296 13.70240 20.77420 11.85400 13.58580
-9999 -9999 -9999 0.01990 0.00928 0.02604 0.16284 0.15618 0.14195 0.15119 0.14060 0.00179 0.04462 0.07625 0.07123 0.04096 0.11513 0.38844 0.26087 0.11548 0.32048 0.63679 1.53975 1.07912 0.45936 0.18872 0.09384 0.07848 0.72926 3.30642 2.95041 0.42893 1.15256 1.76511 1.63800 0.60367 0.17521 0.02924 0.09254 0.21881 0.59756 1.32239 3.45833 3.04762 1.20528 2.40043 3.19982 1.96705 3.34154 3.05735 4.69838 1.33241 1.01834 2.10451 0.62230 1.12439 0.80870 1.28555 1.65934 1.84312 2.78110 0.88960 0.74854 1.20521 1.92614 2.13358 3.27496 5.29677 12.42010 20.05380 18.46790 12.24150 -9999
-9999 -9999 -9999 0.01018 0.00427 0.01971 0.16673 0.14458 0.17451 0.16869 0.12036 0.13521 0.05700 0.12806 0.37742 0.28699 0.48914 0.48990 0.21109 0.08774 0.41800 0.39670 1.55405 0.22206 0.20079 0.07123 0.00978 0.01557 0.23614 1.16745 1.34025 1.35116 1.78802 0.85174 0.61982 0.32638 0.29349 0.07575 0.05472 0.22389 0.80925 1.24014 2.24066 2.90775 2.30003 2.26689 2.22473 2.92387 4.62004 4.01909 4.55882 1.55076 2.48573 3.28336 0.84258 3.48281 1.28625 1.53604 1.95459 2.41148 2.46493 1.23876 1.24379 3.35835 4.16293 2.36876 3.72475 10.11190 14.65360 15.15760 8.55571 -9999 -9999
-9999 -9999 -9999 -9999 0.24301 0.38524 0.30934 0.31403 0.24239 0.16104 0.11849 0.00232 0.19542 0.07570 -9999 -9999 -9999 -9999 -9999 1.48243 2.04404 0.67820 1.30272 1.81108 0.54286 0.08336 0.00954 0.02022 0.05842 0.06692 0.19017 0.23341 0.30882 0.13880 0.03314 0.01637 0.04607 0.03616 0.03802 0.02530 0.02413 0.19488 0.95451 1.91834 1.86564 1.07301 1.25370 4.64950 3.14175 3.48636 2.39276 2.91959 1.61881 2.11093 1.84382 2.97277 3.15444 3.05888 4.13703 1.87520 2.40823 3.09074 3.77400 5.16124 5.59324 5.70589 4.64956 3.24770 2.07084 -9999 -9999 -9999 -9999
-9999 -9999 0.01102 0.36752 0.36835 0.38382 0.41270 0.50657 0.23345 0.19133 0.14259 0.00368 0.19700 -9999 -9999 -9999 -9999 -9999 4.12299 1.62624 2.03605 0.05974 0.03968 0.17381 0.41316 0.17014 0.00596 0.00152 0.00344 0.00839 0.14930 0.03939 0.02480 0.04440 0.03235 0.00706 0.01978 0.01622 0.04257 0.01358 0.04237 0.16696 0.52862 0.60027 0.38973 0.33988 0.60871 1.47402 1.64868 1.16732 1.37031 2.64725 5.65633 1.36258 2.73977 0.97218 1.40965 3.45976 4.33723 0.95681 1.31858 1.21042 1.74419 6.25533 6.61456 4.74752 3.50501 -9999 -9999 -9999 -9999 -9999 -9999
-9999 -9999 0.65491 0.51309 0.30643 0.27343 0.23768 0.41674 0.23178 0.24248 0.00494 0.01334 0.02510 -9999 -9999 -9999 -9999 0.03446 0.64053 0.27115 0.74815 0.06648 0.05929 0.08882 0.02312 0.00081 0.00244 0.00155 0.00200 0.00060 0.00112 0.01148 0.00419 0.00629 0.01305 0.01376 0.00711 0.03108 0.09842 0.13838 0.11252 0.18474 0.37998 0.81153 2.55369 2.31805 2.27856 3.05158 1.52856 2.72767 4.67519 4.20258 3.45740 2.09374 1.63427 0.13955 0.32094 1.30163 2.16035 1.18545 1.35304 3.53964 2.53244 2.93995 2.75403 -9999 -9999 -9999 -9999 -9999 1.43096 -9999 -9999
-9999 -9999 0.61791 1.06901 0.79695 0.55594 0.31159 0.19071 0.20889 0.28372 0.00886 0.03882 0.00147 -9999 -9999 -9999 -9999 0.30999 0.09039 0.22715 0.61585 0.06961 0.04732 0.00252 0.00241 0.00083 0.00102 0.00278 0.00243 0.00184 0.00335 0.00174 0.00464 0.01716 0.01040 0.03876 0.03123 0.11834 0.20733 0.01446 0.04744 0.01097 0.02575 0.73197 1.05211 2.28195 3.40365 6.38714 6.98536 10.61900 5.03048 4.87958 2.66198 1.94514 1.90861 0.21087 0.13224 0.40878 0.48366 0.35652 0.21623 0.34628 0.36524 3.55793 6.06182 5.95928 3.09296 4.00167 2.29389 -9999 -9999 -9999 4.91968
-9999 -9999 -9999 2.35949 2.52517 0.52990 0.26973 0.20752 0.00388 0.00864 0.00478 0.00339 -9999 -9999 -9999 -9999 0.44645 0.18042 0.03109 0.00988 0.00691 0.02590 0.03055 0.00530 0.00497 0.00183 0.00252 0.00796 0.00703 0.00794 0.00511 0.00343 0.00411 0.22673 0.99732 0.37781 0.02966 0.00402 0.00216 0.00454 0.01453 0.01843 1.11742 2.06240 2.37940 4.93224 1.83945 1.05316 1.94262 3.20311 2.17457 3.39107 3.04011 2.73738 3.51919 2.87572 2.21535 2.52525 2.24487 1.00083 1.00506 0.73331 2.21055 8.17377 17.81430 5.37784 3.09469 1.94798 1.22463 3.65024 -9999 -9999 1.41384
-9999 -9999 -9999 -9999 2.24248 0.32021 0.36839 0.01009 0.01592 0.00351 0.00109 -9999 -9999 -9999 -9999 0.27391 0.65938 0.07610 0.10179 0.16977 0.08609 0.66633 0.34905 0.09255 0.00706 0.01924 0.08828 0.05324 0.15949 0.05406 0.05849 0.02782 0.05199 0.49825 1.28213 0.03305 0.01107 0.00455 0.00367 0.00894 0.01578 0.01182 0.02553 0.03051 0.05781 2.09918 1.55015 2.34730 2.80581 1.07560 0.36383 1.17683 1.50896 1.43740 0.88571 0.87889 1.84890 2.98766 3.70119 1.07728 2.26717 4.12896 5.17366 5.99654 9.68049 5.44363 3.07124 1.60293 1.56711 1.02803 0.86719 0.55817 0.60079
-9999 -9999 -9999 -9999 -9999 -9999 0.32900 0.97005 0.00730 0.02670 0.11629 -9999 -9999 -9999 -9999 -9999 0.56088 1.34483 0.82531 1.11437 0.57151 0.13851 0.05052 0.00357 0.02345 0.42068 0.01564 0.11976 0.12135 0.52578 0.06018 0.11106 0.02191 0.41129 0.46792 0.65077 0.05970 0.01256 0.00295 0.00818 0.01093 0.16308 0.24444 0.09052 1.02260 1.85716 2.38227 2.96368 3.91673 3.45466 2.31565 3.53107 3.04497 1.00528 1.75004 2.08249 1.57855 2.88613 4.89568 7.22428 9.89610 11.72460 13.11970 17.21480 19.15390 14.01800 5.43538 1.20910 0.83244 1.53550 1.51890 1.04366 2.34416
-9999 -9999 -9999 -9999 -9999 -9999 -9999 -9999 -9999 -9999 -9999 -9999 -9999 -9999 -9999 -9999 -9999 -9999 -9999 0.68259 0.20591 0.00434 0.08608 0.01982 0.00369 0.05966 0.35559 0.08882 0.09510 0.00347 0.02990 0.01429 0.00277 0.04262 0.43962 0.39915 0.01668 0.00494 0.00442 0.02004 0.03883 0.17241 0.14589 0.13589 0.13055 0.51050 0.49102 3.18380 3.34695 0.93840 0.72469 2.99767 4.10019 1.76763 0.29423 0.73695 4.47471 3.88236 6.28433 9.48413 11.56940 11.06290 19.67280 23.59980 25.04510 11.72720 4.79422 1.20687 0.79749 2.73549 2.11854 1.61524 3.05231
-9999 -9999 -9999 -9999 -9999 -9999 -9999 -9999 -9999 -9999 -9999 -9999 -9999 -9999 -9999 -9999 -9999 -9999 0.45695 0.03298 0.01131 0.00312 0.00382 0.01025 0.00058 0.00009 0.03181 0.06593 0.03141 0.01691 0.02391 0.16807 0.45747 0.19810 0.09025 0.78605 0.20304 0.04066 0.06092 0.01591 0.02210 0.05245 0.04389 0.43012 0.74384 3.31380 0.32662 0.00104 0.32725 0.35122 0.38316 1.68025 1.68921 0.88436 1.46461 2.20971 2.25355 6.25865 5.56385 7.42313 5.53056 6.33292 13.03770 18.40900 16.58770 10.18770 6.18522 2.51231 3.41283 2.67464 3.11253 5.22713 2.42981
-9999 -9999 -9999 -9999 -9999 -9999 -9999 -9999 -9999 -9999 -9999 -9999 -9999 -9999 -9999 -9999 -9999 0.30480 0.09003 0.03170 0.03152 0.00438 0.00056 0.00017 0.00000 0.00000 0.03662 0.03570 0.10453 0.05688 0.07540 0.13350 0.06900 0.26187 0.13861 1.10340 1.55682 0.10407 0.06116 0.02226 0.03487 0.89414 0.07227 3.02479 0.77962 0.23624 2.76493 0.47695 0.13081 0.42614 0.46345 1.20127 0.67713 0.28564 0.86767 0.41936 2.89794 8.46579 10.33520 9.03907 5.89927 7.11333 18.09620 21.96720 18.13880 12.86540 8.32991 5.89958 3.53421 5.33668 9.79083 5.80298 5.96201
-9999 -9999 -9999 -9999 -9999 -9999 -9999 -9999 -9999 -9999 -9999 -9999 -9999 -9999 -9999 -9999 -9999 0.04344 0.07971 0.06026 0.00575 0.06434 0.05762 0.00000 0.00000 0.00090 0.00015 0.00003 0.00000 0.05472 0.03366 0.04222 0.09624 0.12153 0.29302 0.94031 1.44924 0.07265 0.18915 0.02084 0.01239 0.02600 0.68525 0.20085 1.85075 1.16749 1.04266 0.00132 0.00090 0.10435 0.40792 0.29797 0.39911 1.47524 2.33883 1.56923 13.45450 8.93423 8.71175 10.67050 14.57060 20.35850 20.93670 22.77450 29.24040 24.22090 13.85800 11.31020 2.68468 1.14874 1.68465 7.19462 9.61957
-9999 -9999 -9999 -9999 -9999 -9999 -9999 -9999 -9999 -9999 -9999 -9999 -9999 -9999 -9999 -9999 0.01445 0.02259 0.22760 0.00322 0.03595 0.00000 0.00000 0.00004 0.00003 0.00012 0.00006 0.00005 0.00002 0.00000 0.00000 0.00006 0.09159 0.05852 0.08064 0.31395 0.51460 0.46646 0.07615 0.00827 0.00571 0.02374 1.02791 1.54759 0.19884 0.74101 1.26122 0.00232 0.00144 0.07701 0.48000 0.37815 0.44162 1.75149 2.20747 1.67932 2.54156 12.26240 5.68861 11.94950 12.57770 15.14230 18.64910 24.80410 19.95800 21.90460 15.59600 12.01470 5.68889 2.17110 4.54961 8.97882 11.20660
-9999 -9999 -9999 -9999 -9999 -9999 -9999 -9999 -9999 -9999 -9999 -9999 -9999 0.37308 0.27722 0.01064 0.01513 0.03939 0.25062 0.04908 0.00007 0.00007 0.00000 0.00001 0.00004 0.00001 0.00002 0.00000 0.00000 0.00000 0.04276 0.16770 0.00000 0.00000 0.04259 0.01458 0.04346 0.05350 0.00029 0.00019 0.00007 0.16671 0.13736 0.00000 0.12861 0.07885 0.13405 0.13308 0.15350 0.21197 0.33979 0.38946 0.27097 0.26894 0.72706 1.12668 0.94798 1.84129 1.71650 1.69810 1.70700 3.87443 4.63132 9.23853 9.03628 6.51038 6.76910 10.95950 10.84020 3.96863 7.76902 18.04500 21.25630
-9999 -9999 -9999 -9999 -9999 -9999 -9999 -9999 -9999 -9999 -9999 -9999 0.05503 0.12669 0.19668 0.08471 0.13144 0.00009 0.00002 0.00000 0.00000 0.00000 0.00000 0.00000 0.00001 0.00000 0.00000 0.00000 0.00672 0.02594 0.00310 0.01579 0.02833 0.06701 0.06693 0.01708 0.00000 0.00000 0.00006 0.00006 0.00006 0.00002 0.15271 0.10433 0.02130 0.03836 0.07300 0.10067 0.12892 0.07674 0.10721 0.01244 0.23791 0.01522 0.49508 0.45574 0.66963 0.84030 1.61838 2.39647 2.12251 3.25697 3.92159 7.00226 8.69014 6.05370 7.36057 12.87120 12.44310 6.72198 21.51410 22.33120 22.78410
-9999 -9999 -9999 -9999 -9999 -9999 -9999 -9999 -9999 -9999 -9999 0.36025 0.00127 0.18900 0.00003 0.00000 0.00000 0.00000 0.00000 0.00000 0.00000 0.00005 0.00005 0.00001 0.00001 0.00000 0.04341 0.04343 0.01621 0.05144 0.00370 0.00000 0.00000 0.00000 0.00000 0.03400 0.00000 0.00000 0.00007 0.00003 0.00002 0.16041 0.07601 0.02183 0.01236 0.04055 0.04746 0.06471 0.11718 0.18539 0.23694 0.09051 0.07004 1.03681 0.10416 0.08065 0.73950 0.13297 0.24986 0.96834 0.91635 1.63607 1.89530 2.80897 5.09015 5.95428 4.63322 6.45479 4.91383 11.62620 25.70180 31.01670 24.47160
-9999 -9999 -9999 -9999 -9999 -9999 -9999 -9999 -9999 -9999 0.00087 0.00044 0.00005 0.00003 0.00000 0.00000 0.00000 0.00000 0.00000 0.00000 0.00000 0.00000 0.00001 0.00000 0.00000 0.00000 0.00000 0.04535 0.01376 0.00000 0.00000 0.00000 0.00000 0.05128 0.01145 0.03702 0.00004 0.00009 0.00025 0.00005 0.13131 0.04210 0.00905 0.00461 0.00521 0.04375 0.05562 0.04280 0.13233 0.18596 0.42954 0.13682 0.98160 0.10648 0.06665 0.03859 0.86454 0.97685 0.57819 0.49001 0.91320 1.91642 2.07703 4.22358 4.39258 6.19276 3.52073 6.52520 10.26160 23.58400 31.74660 24.05620 25.23500
-9999 -9999 -9999 -9999 -9999 -9999 -9999 -9999 -9999 0.00000 0.00000 0.00000 0.00000 0.00000 0.00000 0.00000 0.00000 0.00000 0.00000 0.00000 0.00000 0.00000 0.00000 0.00000 0.00000 0.00000 0.00000 0.00000 0.00000 0.00000 0.00000 0.00000 0.00000 0.00000 0.02017 0.08852 0.00055 0.00024 0.00005 0.08052 0.00899 0.00397 0.00615 0.62920 0.00471 0.29022 0.01536 0.07596 0.08113 0.12897 0.19687 0.76248 0.16517 2.60281 0.88823 0.29523 0.19982 0.29514 0.34283 0.50854 1.15481 2.33603 1.95622 2.60384 1.95484 2.21765 3.28818 17.22020 35.41810 44.78300 45.33790 40.40280 40.50550
-9999 -9999 -9999 -9999 -9999 -9999 -9999 -9999 -9999 -9999 0.00000 0.00000 0.00000 0.00000 0.00000 0.00000 0.00000 0.00000 0.00000 0.00000 0.00000 0.00000 0.00000 -9999 -9999 -9999 -9999 -9999 -9999 0.00000 0.00000 0.00000 0.00000 0.00000 0.00000 0.07100 0.13365 0.00004 0.00004 0.08961 0.01577 0.02052 0.33653 0.28811 0.54963 0.30652 0.38578 0.07760 0.15488 0.17263 0.35309 0.03247 0.10324 0.62571 1.41476 0.24541 0.19267 0.24820 0.18018 0.45292 0.85183 1.42140 0.77372 1.85725 2.55736 2.71050 6.28882 26.38970 54.28060 53.28510 56.03380 46.33300 44.73580
-9999 -9999 -9999 -9999 -9999 -9999 -9999 -9999 -9999 -9999 -9999 -9999 0.00000 0.00000 0.00000 0.00000 0.00000 0.00000 0.00000 -9999 -9999 -9999 -9999 -9999 -9999 -9999 -9999 -9999 -9999 -9999 -9999 -9999 -9999 0.00000 0.03452 0.04154 0.02598 0.05111 0.00000 0.00007 0.05388 0.01728 0.04521 0.02652 0.02895 0.58151 0.38578 0.02307 0.03679 0.05598 0.09108 0.81139 0.84514 0.79858 0.37820 0.17890 0.27678 0.23038 0.00335 0.40319 1.08575 0.88570 1.76850 0.60402 1.57342 3.52143 9.41615 27.68930 38.08300 36.35020 37.97360 35.47480 -9999
-9999 -9999 -9999 -9999 -9999 -9999 -9999 -9999 -9999 -9999 -9999 -9999 -9999 -9999 -9999 -9999 -9999 -9999 -9999 -9999 -9999 -9999 -9999 -9999 -9999 -9999 -9999 -9999 -9999 -9999 -9999 -9999 -9999 -9999 0.03676 0.01844 0.01888 0.01834 0.00000 0.02976 0.03109 0.01082 0.83936 0.21543 0.31758 0.41524 0.04410 0.02046 0.07253 0.08685 0.18856 0.80258 0.46470 0.67827 0.77569 0.39448 0.18724 0.32988 0.27823 0.51368 0.74509 0.90350 0.61813 0.67209 1.41450 3.17672 10.66060 30.39340 39.44470 35.88960 31.66100 -9999 -9999
-9999 -9999 -9999 -9999 -9999 -9999 -9999 -9999 -9999 -9999 -9999 -9999 -9999 -9999 -9999 -9999 -9999 -9999 -9999 -9999 -9999 -9999 -9999 -9999 -9999 -9999 -9999 -9999 -9999 -9999 -9999 -9999 -9999 -9999 0.03259 0.01583 0.01958 0.09931 0.00013 0.00764 0.00397 0.35651 0.30760 0.01869 0.10285 0.02407 0.03452 0.03171 0.06107 0.13354 0.24454 0.14728 0.44256 0.63410 0.61074 0.22184 0.21337 0.16901 0.14263 0.49883 1.32340 1.64580 1.22911 0.81927 2.05852 8.88234 11.76420 22.02320 31.66530 25.24780 -9999 -9999 -9999
-9999 -9999 -9999 -9999 -9999 -9999 -9999 -9999 -9999 -9999 -9999 -9999 -9999 -9999 -9999 -9999 -9999 -9999 -9999 -9999 -9999 -9999 -9999 -9999 -9999 -9999 -9999 -9999 -9999 -9999 -9999 -9999 -9999 -9999 -9999 -9999 -9999 -9999 0.02505 0.00778 0.00357 0.00674 0.14947 0.22311 0.01630 0.04484 0.10543 0.04020 0.06807 0.15372 0.08713 0.26903 0.19159 0.47108 0.54432 0.13708 0.00048 0.00135 0.12718 0.47936 1.14183 0.55796 0.76344 1.58554 7.98399 11.57860 16.33730 18.99980 16.61380 -9999 -9999 -9999 -9999
