data/hydroclimate-scenarios/BCSD_hadcm_B1/monthly_summaries/baseflow_monthly_tot_apr.2030-2059.asc
ncols	311
nrows	91
xllcenter	102.75
yllcenter	31.75
cellsize	0.5
NODATA_value	-9999
[rows 32 to 63 of 91, columns 0 to 71 of 311]
-9999 -9999 -9999 -9999 -9999 -9999 -9999 -9999 -9999 -9999 -9999 0.54358 0.47905 1.07571 0.70483 0.35864 0.38410 0.63760 0.69307 0.63783 0.72701 0.75290 0.92289 1.18982 2.41155 2.39759 2.24243 3.15864 2.92556 2.05107 1.61965 1.37139 1.32831 1.57692 1.32298 2.32170 2.50906 1.94375 1.32201 1.10255 1.11876 1.14700 0.97665 0.74899 0.70309 0.82315 0.73897 0.94199 0.78747 0.74793 0.70515 0.93920 0.98318 1.92602 2.27773 2.82803 3.32285 3.33244 3.49583 1.01285 1.08239 1.36512 2.84339 6.36800 6.94599 3.26414 2.28193 1.63978 1.62462 1.65026 1.28139 1.40727
-9999 -9999 -9999 -9999 -9999 -9999 -9999 -9999 -9999 -9999 -9999 0.74750 0.65258 0.78398 0.77554 0.40959 0.44746 0.73061 0.83841 0.75517 0.80467 0.95751 2.21361 2.51925 2.01470 1.00106 1.13103 1.10706 1.42683 6.10629 9.07493 2.07636 2.07220 2.15129 2.66275 3.35308 3.71115 2.28694 2.37664 1.68187 1.33393 1.62389 1.10711 0.97566 0.98715 0.97312 0.88451 1.37342 1.36077 1.12660 1.16613 1.99339 2.07537 4.31552 2.73943 2.60855 2.61141 2.98377 2.88148 1.45323 1.39974 5.13162 7.43908 2.17715 5.34807 2.85901 3.33146 2.84817 2.57800 2.29519 1.71054 1.41916
-9999 -9999 -9999 -9999 -9999 -9999 -9999 -9999 -9999 -9999 -9999 -9999 0.52833 0.51784 0.57296 0.61592 0.60382 0.97647 1.18460 1.14945 2.06861 1.18579 1.37271 0.90418 1.02080 1.41345 1.40508 0.73147 0.55247 0.88625 3.19875 5.67204 4.94758 3.92830 4.10303 4.59565 3.70510 2.61908 3.16417 2.27244 2.01408 1.80741 2.00927 1.62408 1.40110 1.44918 1.71863 1.79185 1.79819 1.35972 2.03972 1.78067 1.57761 5.76527 7.62919 5.61981 5.67398 7.48250 8.13734 9.93111 11.40710 7.65029 6.73586 5.14126 6.35899 7.46696 5.11064 2.33877 1.59136 1.74834 1.52326 1.73684
-9999 -9999 -9999 -9999 -9999 -9999 -9999 -9999 -9999 -9999 -9999 -9999 0.81862 0.79027 0.89263 0.81984 1.17286 2.70340 2.95091 1.42528 1.50536 0.98052 0.83735 0.98694 0.76957 1.95528 1.70475 0.63898 0.76786 1.29079 1.02996 3.09722 6.25827 6.29857 5.50106 2.93484 2.73997 3.31384 2.98772 0.95923 2.44698 1.31526 1.51870 1.69600 1.85493 1.82605 1.98369 1.79308 2.58358 1.18088 1.17587 2.17930 1.94792 10.45910 10.99150 11.66470 16.73180 10.88810 3.31965 7.27921 8.34844 1.81521 1.63274 2.83731 5.02309 7.42230 5.66289 3.45055 3.02440 2.53603 2.32272 2.52019
-9999 -9999 -9999 -9999 -9999 -9999 -9999 -9999 -9999 -9999 -9999 -9999 0.42217 1.63021 4.24850 2.10133 2.26214 0.91477 1.41805 1.20718 1.06053 1.08238 1.14377 0.85433 0.98297 1.36904 1.04515 1.10881 1.19365 3.16739 3.54341 7.06198 2.39134 2.10084 2.96969 3.64644 4.03095 2.24511 2.42258 1.56931 1.41563 1.26183 1.38197 1.63861 2.12092 2.16274 2.03465 1.67137 1.42668 1.95301 2.78018 1.42316 1.67023 6.66197 6.33576 6.20441 7.71889 5.00310 4.21692 3.72351 1.65523 1.34588 1.87643 4.59667 8.85873 6.27370 5.29011 3.65220 2.59470 3.35054 3.72896 4.28012
-9999 -9999 -9999 1.04130 0.77617 0.69472 0.81014 0.75218 0.61196 -9999 0.42285 1.97059 2.76854 2.43546 2.47960 1.01126 1.10993 2.01243 1.22867 0.99917 1.22318 1.15078 1.23521 1.03790 1.41344 1.25934 1.46776 0.97320 1.57556 2.60713 1.47079 3.29652 2.39466 4.97245 4.93832 4.01497 4.12936 1.90186 2.27523 1.95423 1.94590 1.39615 1.60858 2.83161 2.34246 2.57995 2.04038 3.28555 2.70758 3.16130 3.69876 3.45834 3.84893 5.11473 5.74011 4.36498 3.43597 8.04181 6.04463 4.53643 6.39303 3.30604 5.13099 4.64986 7.24640 4.66057 4.10191 2.38373 2.42757 3.10023 3.77922 4.36552
-9999 -9999 -9999 2.73313 2.34527 1.39585 1.07392 1.14431 1.21063 2.42221 3.12262 4.69457 0.78407 1.33154 1.50032 2.08796 3.08273 1.24632 0.94941 1.09424 1.45307 0.88177 1.36633 1.82188 1.81664 2.96804 2.36257 3.37625 2.29415 3.17372 1.72256 3.20431 1.77104 3.32748 6.54868 5.50055 4.61609 3.03745 3.75392 1.55946 1.57440 1.98292 2.35868 2.42016 3.37981 2.87195 2.59295 4.10298 3.68635 4.09621 3.89054 3.30210 2.67358 3.64187 5.98446 5.89032 6.68882 5.47881 4.57388 4.76927 5.14280 5.50091 6.15283 5.79229 4.74528 5.60683 4.66695 3.86992 3.70369 4.52979 4.06625 6.80346
-9999 -9999 -9999 5.06729 3.44956 1.97465 3.31120 4.05897 5.63954 5.97897 4.64341 4.17802 1.12300 1.09879 0.66557 1.27606 1.64951 1.70529 1.80895 1.36945 1.68478 1.46481 1.44369 2.56356 1.63439 2.91560 2.13657 2.70819 3.98868 3.38605 2.22617 2.14775 2.94533 4.46319 5.18262 5.42451 3.96328 3.79910 8.41665 4.71015 3.55158 2.88484 2.44034 2.65496 4.09416 5.01682 4.76260 4.71914 4.96056 3.59337 3.07138 5.71075 4.57067 6.89033 6.90997 7.42161 7.27652 5.91485 5.74720 4.83002 7.76790 9.75825 8.07582 6.39151 7.23739 4.86638 5.28913 4.48611 3.29050 3.65802 3.04772 8.06071
-9999 -9999 -9999 4.44115 5.50852 4.09933 8.54320 7.44774 7.67502 5.71408 5.93450 3.07877 2.00970 1.94150 1.61690 6.67256 3.98456 3.54937 3.56529 2.47310 3.71784 2.47917 2.33641 3.26150 2.43815 3.93313 3.16862 2.14853 2.67377 3.24057 3.23863 2.89934 3.49411 3.90875 3.65914 3.03120 4.06705 6.00505 4.82286 5.48082 8.33428 5.35861 4.20024 2.63115 5.26959 3.15401 2.99468 8.23949 7.03391 5.58701 3.32243 4.61532 4.38961 6.03400 5.83499 9.02597 9.13408 10.06790 9.66736 6.77241 4.85328 7.36801 9.27430 5.93599 5.53596 4.90927 4.35602 5.45384 4.68717 2.50918 5.09557 14.81860
-9999 -9999 -9999 4.43803 5.56818 3.97560 7.55732 8.70748 6.50862 6.16983 11.07110 9.03213 3.75057 3.89283 3.22743 6.15089 5.16001 5.30463 3.41708 5.96573 4.88552 2.69232 3.18000 3.70047 4.79565 4.69091 2.18442 1.76137 2.44581 2.23187 2.66031 2.83654 2.80408 2.97853 2.55355 2.83337 3.10225 3.48803 4.57848 4.88485 5.76953 5.39145 6.05367 4.83063 4.72010 4.98138 5.83125 9.49665 9.77549 6.86705 6.56170 10.39790 7.63624 5.88301 10.82110 7.31741 10.75640 13.41120 11.67940 4.24137 5.49314 7.59128 8.37734 6.81441 7.63847 10.87790 7.92795 6.54607 5.55705 6.21898 13.91570 -9999
-9999 -9999 -9999 -9999 11.26700 7.35022 8.16237 6.55777 6.89978 9.72756 13.98010 4.35887 3.26202 8.09348 -9999 -9999 -9999 -9999 -9999 3.87606 4.69479 4.35283 4.31052 3.57973 3.59155 2.58227 3.12919 1.86753 1.54277 1.46621 1.72366 2.28846 2.10274 1.64602 2.24486 2.94023 3.92927 5.57065 4.66648 6.49345 8.96938 8.50029 7.01791 8.56707 9.44153 11.87220 14.30830 8.75626 9.11863 14.48910 11.25940 10.06060 12.20750 6.80096 6.37626 9.58584 8.46571 8.57280 12.29880 9.50527 7.25762 6.70967 8.52751 13.52840 14.43670 20.82540 21.60120 16.23380 17.07170 -9999 -9999 -9999
-9999 -9999 8.07321 14.12620 11.44780 10.84120 9.58398 5.94634 9.71678 11.28600 13.89280 3.97615 2.36529 -9999 -9999 -9999 -9999 -9999 5.93228 3.48949 3.28329 1.36663 1.25963 1.74868 2.37613 2.33818 1.90246 1.43840 1.47091 1.61530 2.43446 2.05650 1.88682 1.96235 2.39605 3.17550 3.18399 3.06778 4.67374 5.58507 7.10009 7.22902 7.65852 12.11850 13.79890 15.70950 16.74100 16.45900 20.44440 24.18170 22.46460 18.20380 15.96760 15.23040 10.82340 13.98670 13.53750 12.34370 14.80760 15.30350 15.11410 16.95050 16.18420 19.21030 25.30940 34.55420 44.35200 -9999 -9999 -9999 -9999 -9999
-9999 -9999 17.08210 15.29670 13.77900 13.26270 13.19610 9.11258 11.95920 13.22310 5.74789 3.53599 5.40458 -9999 -9999 -9999 -9999 3.84950 4.09318 1.94180 2.16963 0.99703 1.09039 1.39531 1.33837 1.15742 1.52356 0.92409 1.11671 1.23102 1.02356 1.23005 1.43678 1.98206 2.69456 2.37031 2.62404 3.96344 5.18833 4.92289 6.49523 6.93558 7.92871 10.57010 14.65380 18.69930 21.58300 27.09670 27.90610 23.69700 26.27350 22.49290 22.44210 22.75490 21.53060 26.13870 25.21920 14.68830 14.84930 17.35470 21.36570 16.60230 22.57430 32.83580 45.51080 -9999 -9999 -9999 -9999 -9999 28.01020 -9999
-9999 -9999 21.22740 16.07700 14.06260 12.78080 13.50510 15.50240 15.26480 12.28800 4.08234 6.24784 1.90691 -9999 -9999 -9999 -9999 3.48810 2.97384 2.21686 1.91431 1.10332 0.85479 0.70149 0.73068 0.98640 0.88264 0.85272 0.86316 1.12641 1.17257 0.91494 1.14794 1.77076 2.26591 2.54466 3.02688 3.85298 3.97821 4.07851 5.97395 6.60627 7.91293 9.49578 13.38580 15.96130 18.80070 24.05830 26.23830 24.47090 24.59590 22.98950 22.64610 24.28710 23.62850 24.92820 26.22680 23.15910 22.44890 22.19570 36.62650 39.45990 42.38800 42.98690 37.79060 26.70980 49.26100 33.77980 34.12730 -9999 -9999 -9999
-9999 -9999 -9999 20.24010 16.43240 15.01510 13.17670 16.83180 9.44831 11.31950 15.48850 3.68657 -9999 -9999 -9999 -9999 3.01272 2.81808 1.75743 1.08604 0.94693 0.52691 0.53794 0.50995 0.55859 0.74984 0.94013 1.02032 1.18958 0.94187 0.80683 1.01665 1.46437 2.76394 4.86943 5.64890 3.02996 2.52557 2.23586 2.66072 3.69804 4.52981 8.86442 8.13885 10.30530 15.09780 16.03760 17.19840 16.32570 17.70220 18.39720 17.30880 19.20090 22.37950 21.32760 19.98960 21.17230 15.82220 15.98090 24.93880 30.06370 32.16580 26.20640 8.97724 4.37451 26.46870 44.04700 46.76860 49.69190 29.13460 -9999 -9999
-9999 -9999 -9999 -9999 21.65820 14.83350 14.57600 9.98139 9.00083 8.04226 2.13009 -9999 -9999 -9999 -9999 3.45475 5.58010 4.61294 2.44292 1.82429 0.95641 0.83066 0.73870 0.75198 0.50714 1.05006 1.59618 1.45398 2.02348 1.53950 1.39050 2.05616 2.56460 3.01674 4.15390 2.24178 2.16423 2.35286 2.23339 2.13616 2.72608 3.49647 4.47524 4.66733 5.82109 10.80670 12.46140 12.72570 12.40740 11.61780 12.41310 13.76510 16.10910 19.99230 20.78180 21.41420 27.45430 23.45930 23.61860 27.69760 24.17790 23.82080 29.15220 30.49250 20.33940 29.22810 48.21770 47.12300 37.95870 29.24520 28.84320 26.84640
-9999 -9999 -9999 -9999 -9999 -9999 14.66750 21.44670 3.12831 6.21242 17.61600 -9999 -9999 -9999 -9999 -9999 11.81850 6.78165 2.22594 1.97661 1.00282 0.47689 0.41860 0.59010 0.92509 1.03541 0.57588 1.32176 1.40947 1.83488 1.62518 2.64323 1.96005 2.86988 3.18064 4.95278 2.65306 2.18422 1.78518 2.33205 2.49187 3.54646 4.43382 4.22017 6.78094 8.14633 8.72274 10.71910 13.00810 14.50430 15.17770 15.41890 17.28870 16.42830 19.41530 22.90990 27.12090 28.68040 30.59600 34.02030 33.32050 35.10520 31.99830 20.80400 12.96590 28.24490 41.01200 44.09060 43.03200 32.56730 23.84590 23.39830
-9999 -9999 -9999 -9999 -9999 -9999 -9999 -9999 -9999 -9999 -9999 -9999 -9999 -9999 -9999 -9999 -9999 -9999 -9999 1.42898 0.63727 0.11265 0.43871 0.68154 0.54826 0.53929 1.18040 0.68454 0.71048 0.55058 1.42392 1.73629 0.94608 1.47651 2.72021 3.50529 1.54585 1.94816 1.96472 2.65455 2.95601 3.65889 3.82536 3.95851 4.93803 5.80397 5.28892 8.96496 10.00190 10.78860 11.90990 14.94580 16.24880 16.27140 15.96190 20.06640 27.78160 33.23900 33.08720 33.90530 26.92230 30.62060 37.38320 21.70050 18.49810 34.24670 36.59540 36.64020 38.99830 25.92500 20.63350 17.93820
-9999 -9999 -9999 -9999 -9999 -9999 -9999 -9999 -9999 -9999 -9999 -9999 -9999 -9999 -9999 -9999 -9999 -9999 2.79529 0.67023 0.38316 0.47541 0.58773 0.57955 0.22893 0.09267 0.30925 0.46123 0.32767 1.06517 1.37570 1.80014 2.57411 1.97122 1.58280 2.21570 1.54087 1.77178 1.92825 1.89405 2.25109 2.74000 3.05832 3.15757 3.76497 6.76705 4.26779 0.05532 2.05310 2.40513 2.93310 12.89460 14.21180 14.85270 18.04730 19.46470 23.49930 27.27210 24.79710 32.50980 30.46080 29.33540 31.98140 31.78100 26.19840 31.78080 38.60980 37.57100 45.65250 40.93380 34.26010 11.87150
-9999 -9999 -9999 -9999 -9999 -9999 -9999 -9999 -9999 -9999 -9999 -9999 -9999 -9999 -9999 -9999 -9999 3.86816 1.92588 0.99420 0.80150 0.53834 0.26347 0.13476 0.04439 0.04070 0.43954 0.16436 0.47534 0.66041 1.00060 1.03895 1.16583 1.46172 1.23346 2.21432 2.92584 1.76491 1.58973 1.86612 2.22379 3.14807 2.69283 3.33360 2.15511 2.81060 5.38684 2.05442 0.95698 2.22409 2.75366 12.94560 13.90140 11.67630 14.21850 12.39560 20.92280 23.07400 24.99030 27.48770 28.85220 27.41660 26.76330 24.00000 33.95180 34.34300 36.75850 49.43930 47.14170 42.07090 33.12110 28.20150
-9999 -9999 -9999 -9999 -9999 -9999 -9999 -9999 -9999 -9999 -9999 -9999 -9999 -9999 -9999 -9999 -9999 1.92249 1.48024 1.36502 0.61837 0.55675 0.32545 0.01655 0.01676 0.05239 0.03318 0.01676 0.00548 0.27445 0.37647 0.51316 0.72738 0.66285 0.88117 1.31107 2.02311 0.76443 1.17589 1.44586 1.28551 1.31242 2.57041 0.88571 2.38641 3.33214 3.31038 0.02914 0.02193 0.74199 1.99117 11.19370 12.15050 14.86310 15.12790 13.05660 19.71360 20.23060 23.96630 22.31930 26.58450 28.68950 31.43650 36.22100 33.41400 39.65570 41.13780 41.04730 42.20780 33.91100 48.25140 34.44060
-9999 -9999 -9999 -9999 -9999 -9999 -9999 -9999 -9999 -9999 -9999 -9999 -9999 -9999 -9999 -9999 0.91505 0.81461 1.32119 0.50173 0.26024 0.02018 0.01671 0.01436 0.00612 0.04698 0.03707 0.01149 0.00399 0.00448 0.00569 0.01060 0.34099 0.33271 0.39968 0.67444 0.98383 1.58501 0.69417 0.86241 0.55319 0.90985 2.36631 1.57170 0.55999 1.95358 2.18395 0.04643 0.03283 0.44918 1.95577 9.12867 10.37410 12.55840 13.24750 11.52340 11.09450 15.35750 17.61960 22.74820 23.10030 28.22730 28.49090 25.56640 29.99040 33.52150 42.82910 43.69810 46.92470 41.78840 53.13060 43.58090
-9999 -9999 -9999 -9999 -9999 -9999 -9999 -9999 -9999 -9999 -9999 -9999 -9999 1.56678 1.49218 0.54051 0.58996 0.80035 0.81231 0.20875 0.00975 0.03888 0.01472 0.02664 0.02502 0.02242 0.01739 0.00000 0.00000 0.00000 0.06397 0.27995 0.00000 0.00000 0.07335 0.03700 0.13023 0.19415 0.00949 0.01007 0.00687 0.80204 0.60526 0.00216 0.59270 0.39106 0.69984 0.70883 0.90986 1.46088 1.88374 2.03779 1.82638 1.73311 3.67882 7.12401 6.07351 6.59635 5.24318 6.71043 6.47602 10.02350 10.91160 12.82890 14.95150 16.53970 18.78630 46.23620 54.68830 47.53940 53.70360 33.37980
-9999 -9999 -9999 -9999 -9999 -9999 -9999 -9999 -9999 -9999 -9999 -9999 0.86421 0.85071 0.90497 0.59027 0.63732 0.04057 0.03006 0.00198 0.00315 0.01029 0.00650 0.01091 0.01553 0.01202 0.00901 0.00000 0.00848 0.03288 0.00320 0.01989 0.04167 0.07346 0.09883 0.03491 0.00016 0.00030 0.00445 0.00361 0.00325 0.00153 0.52346 0.42845 0.13352 0.17927 0.35355 0.52436 0.78117 0.82329 1.09479 0.17139 1.90125 0.21253 3.29760 3.76951 5.50641 3.85359 5.30432 8.62869 8.64089 10.33670 12.39890 14.78900 18.68040 17.97580 19.94110 56.71180 57.06560 54.30940 56.62720 49.95910
-9999 -9999 -9999 -9999 -9999 -9999 -9999 -9999 -9999 -9999 -9999 1.38138 0.16094 0.82680 0.02395 0.00794 0.00449 0.00732 0.00605 0.00434 0.00433 0.00009 0.00003 0.00013 0.00013 0.00114 0.12526 0.04310 0.01798 0.06600 0.00490 0.00000 0.00000 0.00000 0.00000 0.07556 0.00083 0.00226 0.00341 0.00143 0.00079 0.42110 0.20260 0.07357 0.05542 0.15798 0.21381 0.34406 0.61388 1.31472 1.86343 1.09916 0.76704 4.21038 1.07839 0.68713 4.49583 1.39580 2.34077 6.61089 7.00521 8.98813 11.56940 13.91190 19.33230 22.71130 19.89000 45.61880 45.08660 47.22890 43.26480 24.77670
-9999 -9999 -9999 -9999 -9999 -9999 -9999 -9999 -9999 -9999 0.08055 0.05469 0.01354 0.00471 0.00170 0.00427 0.00302 0.00848 0.00757 0.00083 0.00038 0.00000 0.00000 0.00000 0.00000 0.00011 0.00008 0.05284 0.01488 0.00000 0.00000 0.00000 0.00003 0.08754 0.02363 0.08249 0.00110 0.00203 0.00420 0.00091 0.35398 0.09416 0.02136 0.01298 0.01934 0.15690 0.21779 0.23847 0.64682 1.25017 2.28866 1.36714 3.97707 1.11215 0.99869 0.66755 4.82017 5.17391 3.50703 3.71801 6.45983 10.01090 12.59720 16.48900 17.49310 21.30910 14.90900 41.68130 51.92680 43.51150 29.91480 40.51790
-9999 -9999 -9999 -9999 -9999 -9999 -9999 -9999 -9999 0.00144 0.00083 0.00000 0.00000 0.00015 0.00004 0.00000 0.00000 0.00000 0.00000 0.00000 0.00000 0.00000 0.00000 0.00000 0.00000 0.00000 0.00000 0.00000 0.00000 0.00000 0.00006 0.00000 0.00000 0.00010 0.05115 0.27207 0.00593 0.00438 0.00129 0.23514 0.02180 0.00664 0.01526 0.80733 0.01320 0.51212 0.08143 0.44193 0.57025 1.04538 1.79236 3.53188 1.68512 5.38006 3.78411 2.28612 1.70975 2.15710 2.33087 3.43757 6.50107 9.20402 9.29742 11.40960 10.65770 13.88940 17.62480 54.08110 57.17590 41.90360 46.25330 40.90600
-9999 -9999 -9999 -9999 -9999 -9999 -9999 -9999 -9999 -9999 0.00010 0.00000 0.00000 0.00000 0.00000 0.00000 0.00000 0.00000 0.00000 0.00000 0.00000 0.00000 0.00000 -9999 -9999 -9999 -9999 -9999 -9999 0.00053 0.00131 0.00000 0.00000 0.00000 0.00000 0.22506 0.38676 0.00082 0.00052 0.18512 0.03185 0.03757 0.58575 0.42067 0.68322 0.45068 0.64608 0.34416 0.90479 1.25779 1.97813 0.62591 1.34003 2.56168 4.54653 1.60775 1.38028 1.75199 1.29515 2.83831 4.85963 6.78496 3.36590 8.37580 10.55640 14.01930 19.13850 54.14320 31.83470 31.25190 31.74890 54.90810
-9999 -9999 -9999 -9999 -9999 -9999 -9999 -9999 -9999 -9999 -9999 -9999 0.00000 0.00000 0.00000 0.00000 0.00000 0.00000 0.00000 -9999 -9999 -9999 -9999 -9999 -9999 -9999 -9999 -9999 -9999 -9999 -9999 -9999 -9999 0.00000 0.05504 0.10930 0.07960 0.10154 0.00000 0.00011 0.08597 0.02400 0.07115 0.05644 0.06995 0.79415 0.68996 0.12483 0.29828 0.46637 0.75765 3.11070 3.49941 3.56679 2.04533 1.06191 1.68775 1.56605 0.05681 2.43546 5.29510 6.54440 9.58052 4.23415 9.38066 13.78350 19.29840 49.93750 42.37160 67.95090 71.21010 89.97550
-9999 -9999 -9999 -9999 -9999 -9999 -9999 -9999 -9999 -9999 -9999 -9999 -9999 -9999 -9999 -9999 -9999 -9999 -9999 -9999 -9999 -9999 -9999 -9999 -9999 -9999 -9999 -9999 -9999 -9999 -9999 -9999 -9999 -9999 0.07447 0.03695 0.03565 0.03005 0.00000 0.04144 0.04476 0.01377 0.78056 0.37079 0.48515 0.61954 0.15842 0.10028 0.42871 0.51923 1.00444 2.88243 2.07853 2.64518 2.74200 1.77558 1.18896 2.35899 2.01971 3.41806 5.07204 5.48234 4.39163 4.82517 10.60700 12.64720 19.08150 51.43840 47.55220 69.24960 101.67400 -9999
-9999 -9999 -9999 -9999 -9999 -9999 -9999 -9999 -9999 -9999 -9999 -9999 -9999 -9999 -9999 -9999 -9999 -9999 -9999 -9999 -9999 -9999 -9999 -9999 -9999 -9999 -9999 -9999 -9999 -9999 -9999 -9999 -9999 -9999 0.04066 0.02205 0.02729 0.10504 0.00003 0.00965 0.00575 0.36682 0.32032 0.01984 0.12270 0.05167 0.08908 0.11828 0.26159 0.48459 0.81449 0.56767 1.44126 2.55125 2.33190 1.27196 1.27767 1.27123 1.13582 3.04873 7.01590 8.21128 8.27649 4.35620 8.42224 19.48410 18.77810 18.68030 18.37370 26.66990 -9999 -9999
-9999 -9999 -9999 -9999 -9999 -9999 -9999 -9999 -9999 -9999 -9999 -9999 -9999 -9999 -9999 -9999 -9999 -9999 -9999 -9999 -9999 -9999 -9999 -9999 -9999 -9999 -9999 -9999 -9999 -9999 -9999 -9999 -9999 -9999 -9999 -9999 -9999 -9999 0.03039 0.01034 0.00488 0.00745 0.16673 0.22784 0.01509 0.08321 0.23056 0.14494 0.26194 0.51187 0.36921 0.73934 0.68669 1.97399 1.99365 0.76143 0.01557 0.04047 1.20991 3.51745 7.02886 4.09468 5.00672 7.78812 13.85300 20.65460 21.88490 22.02060 44.63230 -9999 -9999 -9999
