data/hydroclimate-scenarios/BCSD_hadcm_B1/monthly_summaries/baseflow_monthly_tot_jun.2070-2099.asc
ncols	311
nrows	91
xllcenter	102.75
yllcenter	31.75
cellsize	0.5
NODATA_value	-9999
[rows 32 to 63 of 91, columns 0 to 71 of 311]
-9999 -9999 -9999 -9999 -9999 -9999 -9999 -9999 -9999 -9999 -9999 4.75265 5.53459 5.93184 7.01084 7.29766 9.36683 10.30490 14.47090 15.24370 15.89940 11.32160 7.44770 6.82681 5.58433 4.79489 4.64299 4.47640 3.81694 2.00303 2.10168 1.98650 1.71656 1.64525 1.91746 0.98163 1.12858 1.34610 1.90803 2.52813 3.10805 3.33156 3.37423 4.50148 4.24596 4.27620 5.16236 4.85378 5.06170 3.48404 3.16138 4.37314 3.92036 3.38276 2.43570 1.89615 1.73044 1.65061 1.71833 2.09476 1.92186 2.13402 2.52293 3.54396 3.55939 3.53163 5.33661 8.51843 16.23810 24.17720 21.57990 48.76040
-9999 -9999 -9999 -9999 -9999 -9999 -9999 -9999 -9999 -9999 -9999 5.68690 6.45289 6.01807 7.42497 6.69554 7.42441 8.41238 8.84208 9.61912 10.10390 8.34935 6.54825 6.34598 7.11007 6.98245 7.11881 4.68917 2.41613 1.73101 2.14869 1.52312 1.25596 0.90529 1.16293 0.90601 1.31309 1.48029 2.35817 5.52099 3.91673 6.03068 4.92205 5.60302 7.09055 8.41472 9.20075 6.18067 6.03521 4.29787 3.72831 4.48795 3.86533 3.09759 2.30134 1.81977 1.87570 2.18936 1.85144 2.07337 2.18279 2.92204 2.39764 2.86870 3.98707 4.94501 5.50911 7.86792 11.98110 19.15590 15.20220 40.22200
-9999 -9999 -9999 -9999 -9999 -9999 -9999 -9999 -9999 -9999 -9999 -9999 3.33229 3.39566 3.64396 4.19939 4.81286 4.88180 5.07582 4.55943 5.62284 6.10351 8.72781 11.86710 12.29890 23.05400 16.23200 13.90260 5.02147 2.14920 2.09897 1.04712 1.04648 1.05654 1.10070 1.31474 1.99801 1.77066 2.71138 5.11948 6.49596 9.80800 10.96040 6.98964 8.37398 10.08720 8.11881 5.16282 4.96894 3.81463 2.81418 2.68550 2.58684 1.84636 1.52690 2.40800 2.39405 2.23660 2.33054 1.92955 1.67055 2.26923 2.84434 5.33835 5.55141 6.16346 6.23399 10.57840 22.13260 32.32530 14.85460 23.08690
-9999 -9999 -9999 -9999 -9999 -9999 -9999 -9999 -9999 -9999 -9999 -9999 2.17272 2.38034 2.90706 2.91961 2.61511 3.31928 3.72099 4.11542 5.11119 17.26150 18.50820 19.55500 21.62990 14.04580 7.59240 13.84020 5.24682 3.43639 2.82198 2.48132 0.82402 0.88200 0.96376 0.91764 1.38849 1.28161 1.48552 3.62365 5.31395 9.95100 10.18490 8.21083 7.01880 8.11940 6.64639 5.19759 4.44104 4.92938 4.68665 2.18788 1.83257 1.31949 1.07422 2.09342 2.34974 1.79925 1.39566 1.97074 2.16614 4.34096 4.32570 7.38814 7.29137 4.95052 7.89265 9.01092 14.55320 17.89270 22.77460 21.25740
-9999 -9999 -9999 -9999 -9999 -9999 -9999 -9999 -9999 -9999 -9999 -9999 1.77582 1.22133 1.43796 2.09484 2.38660 2.31456 3.34985 5.87526 9.47364 14.95050 13.40760 15.81740 12.36350 13.49380 8.42244 3.94726 4.78425 1.97251 1.30590 1.09550 0.78021 0.99793 0.52629 0.65868 0.72873 1.18330 1.19450 2.28772 5.82264 13.14310 10.55830 9.35352 10.04580 16.45170 16.76610 15.47060 11.07850 4.95725 3.85885 3.05187 1.71169 1.50270 1.19915 1.95596 1.80256 1.95487 2.23903 3.52292 3.08171 5.80667 5.31768 4.81481 5.75542 6.57302 8.81776 8.35583 15.87150 20.13990 20.80700 25.13670
-9999 -9999 -9999 3.30550 2.95792 2.68599 2.49217 2.57061 2.99197 -9999 2.56511 1.87676 1.38092 0.84708 0.93380 1.22831 1.62803 1.43777 3.73996 5.97490 6.88022 7.11549 7.19434 7.94068 7.56377 6.16730 3.61250 5.52261 4.96524 6.46430 2.44863 0.69317 1.16263 3.38696 1.50323 1.08106 1.77057 2.14703 1.74442 2.04497 2.98837 7.57511 6.70462 7.23774 13.24530 22.30100 31.92360 9.76499 8.49705 7.29692 6.50643 5.58754 6.24414 11.43730 5.93205 8.49712 9.10540 3.07890 5.29528 3.30877 3.62803 5.25431 5.02509 8.87502 6.73679 7.13350 10.72320 14.63490 20.87280 26.35780 28.24500 39.79450
-9999 -9999 -9999 2.51492 2.20686 2.24749 2.80225 1.79394 1.88841 2.56533 1.98979 1.11843 1.11616 1.13903 1.96746 2.65483 3.28231 2.72622 2.82495 3.35698 3.22171 5.73817 3.26722 2.66698 4.15414 4.07751 4.85013 4.14334 5.33382 8.14322 3.07921 2.61098 2.24736 3.14342 2.82271 3.18718 2.19026 6.14693 2.71110 7.09282 7.86504 5.25456 5.32370 11.08550 15.16690 19.74830 19.04310 5.26540 9.51591 12.49180 11.77430 8.11558 10.84180 13.13940 5.39207 8.03209 4.55273 4.59970 7.76258 11.11790 9.00746 10.15320 11.36700 12.08790 15.69580 7.59722 9.94001 11.03120 17.64090 25.69230 46.52150 40.44130
-9999 -9999 -9999 1.02625 0.98668 1.44524 2.74531 1.70970 1.22582 1.10144 1.32293 0.96245 1.40721 2.67897 4.46955 2.44907 4.14920 3.15922 2.04260 2.30980 3.10303 4.29890 2.79500 5.00746 7.46238 6.00853 5.33326 5.04369 4.74011 10.27460 17.45170 8.84186 4.50464 3.15199 5.04073 3.70990 2.60022 2.56593 2.26344 4.46732 4.89707 4.98388 5.84631 8.08611 7.10073 10.39120 12.25820 8.55961 7.65021 15.08750 18.57250 6.57212 6.91769 6.65785 4.65734 5.07302 4.24815 3.96787 6.43934 11.18660 7.86854 7.23426 6.82266 12.91340 14.13050 14.41210 14.90650 20.03020 44.75270 62.72100 87.14260 63.85860
-9999 -9999 -9999 0.77455 0.38577 1.21001 1.88272 1.52414 1.36990 1.37727 1.08487 0.33623 1.60384 2.81033 2.96571 2.32473 4.18489 6.73186 4.98905 2.73387 3.90607 7.56212 12.55800 9.18488 6.40588 4.48572 2.77594 1.61633 6.42266 14.77010 14.68980 1.76754 5.24756 8.50561 8.70535 6.61696 1.94805 0.62709 1.46808 1.66351 2.15349 8.07683 17.28980 12.93650 4.72459 10.89460 17.58720 5.94628 10.57090 8.63519 13.78290 7.22126 6.67708 8.72244 6.11222 5.81535 5.20106 6.75560 8.46288 15.50560 23.45470 13.27230 12.07250 14.00650 18.82420 21.69770 32.07120 40.65200 80.10560 110.90500 81.57470 46.09790
-9999 -9999 -9999 0.33761 0.18907 0.81498 1.19382 0.92642 1.40271 1.07881 0.61427 1.06406 1.75378 3.40537 6.22724 5.03676 5.91308 6.55140 4.86477 0.85850 2.45570 3.59418 8.03194 3.21665 2.38700 1.96699 0.51053 0.36415 3.20895 6.94517 6.26207 4.08349 5.06639 3.04484 1.92434 1.72478 1.83245 0.83936 0.67065 1.23230 2.49060 5.91735 8.55767 7.55679 5.87078 5.57125 6.18104 4.87900 5.89122 8.06302 8.66901 2.71243 4.38974 8.40538 3.45997 12.16880 4.73480 3.88555 5.91121 21.29160 18.40910 15.47300 14.53230 24.39510 28.48840 19.70410 28.25370 65.68050 92.32450 76.95690 42.96320 -9999
-9999 -9999 -9999 -9999 0.40857 0.63434 0.54230 0.88815 0.97200 0.67222 0.28158 0.20087 3.26081 1.73835 -9999 -9999 -9999 -9999 -9999 6.64157 5.80632 3.95384 6.17491 7.70456 3.54246 1.67358 0.21948 0.47215 0.84750 0.47776 0.83352 2.15017 2.64427 0.99087 0.40701 0.31399 0.55197 0.30353 0.38142 0.38866 0.35141 0.60536 1.55121 2.83405 2.46092 2.37923 2.79854 7.26089 5.05136 2.37217 3.01733 4.46107 2.61511 7.55595 8.02339 10.45210 13.09920 11.83790 10.58650 10.89800 15.65520 20.36350 23.89020 20.04740 21.52700 32.66840 29.59960 21.92550 15.56630 -9999 -9999 -9999
-9999 -9999 0.14308 0.36755 0.36386 0.33726 0.40015 1.08947 0.50038 0.42815 0.23447 0.18830 3.09362 -9999 -9999 -9999 -9999 -9999 11.43950 3.54200 2.99769 0.38361 0.35037 1.02445 1.44454 1.18579 0.07537 0.03061 0.05465 0.07009 0.25226 0.42166 0.37154 0.29882 0.23270 0.09509 0.20778 0.12628 0.20161 0.13958 0.30906 0.24073 0.39825 0.51117 0.32454 0.55186 0.94409 1.09814 0.75548 0.44913 0.57359 0.97690 1.98790 1.42103 3.72233 2.31386 4.36707 8.08150 7.96754 5.42913 7.45757 9.18233 12.95760 16.88240 17.82770 21.55430 16.69930 -9999 -9999 -9999 -9999 -9999
-9999 -9999 0.33192 0.24665 0.21200 0.23896 0.22372 0.47963 0.39324 0.24871 0.15536 0.32005 0.86962 -9999 -9999 -9999 -9999 1.10100 3.99017 0.56434 0.51235 0.13376 0.12558 0.10719 0.02436 0.00815 0.02001 0.01785 0.01258 0.01053 0.04021 0.12399 0.06778 0.04040 0.06275 0.07341 0.06149 0.05933 0.18404 0.35523 0.14207 0.44787 0.71681 0.39966 0.79108 0.64323 0.44305 0.81003 0.20587 0.24556 0.36085 0.93369 0.83849 0.79741 0.79031 0.31490 0.67427 3.48841 6.42312 5.73918 5.04785 11.35870 8.96639 8.98606 7.76633 -9999 -9999 -9999 -9999 -9999 18.86140 -9999
-9999 -9999 0.22640 0.32781 0.28229 0.28142 0.22032 0.24863 0.28381 0.32737 0.40471 0.88179 0.01581 -9999 -9999 -9999 -9999 3.40562 1.47140 0.46575 0.30252 0.03825 0.00703 0.00238 0.00278 0.00322 0.01934 0.00806 0.00777 0.01271 0.03273 0.03011 0.06260 0.07672 0.03803 0.06008 0.05556 0.08477 0.18975 0.05713 0.07070 0.08204 0.09050 0.25378 0.21988 0.88537 0.87740 1.12790 0.73108 0.57640 0.16296 0.51030 0.35785 0.50481 0.73435 0.19670 0.25391 1.25416 1.58184 2.23373 1.28811 1.46968 1.54947 4.91379 12.37230 19.32480 8.74519 15.70350 11.05900 -9999 -9999 -9999
-9999 -9999 -9999 0.23892 0.33145 0.22770 0.18917 0.17779 0.06024 0.21475 0.20001 0.08529 -9999 -9999 -9999 -9999 1.39877 1.89523 0.20311 0.08775 0.02351 0.00190 0.00314 0.00206 0.00409 0.00384 0.00762 0.01806 0.01461 0.06098 0.04891 0.01419 0.01189 0.03147 0.08551 0.05301 0.02245 0.00973 0.01334 0.01211 0.01696 0.01874 0.18812 0.25262 0.24701 0.55927 0.10016 0.06549 0.11134 0.29358 0.38647 0.30099 0.29248 0.94424 1.78972 1.55925 1.70717 2.99449 3.05226 2.03126 2.16491 2.10703 6.26297 24.16160 52.40670 14.67250 7.66685 7.28764 6.07343 10.62140 -9999 -9999
-9999 -9999 -9999 -9999 0.21110 0.19300 0.20947 0.05985 0.16815 0.10962 0.00804 -9999 -9999 -9999 -9999 0.75671 0.88617 0.27490 0.12484 0.06346 0.01809 0.00744 0.00451 0.02269 0.01259 0.00584 0.01915 0.03308 0.09041 0.03533 0.06229 0.01462 0.01340 0.01888 0.03818 0.00796 0.00703 0.00462 0.00622 0.00756 0.01658 0.01313 0.01097 0.00579 0.00332 0.15805 0.08012 0.23008 0.26475 0.10036 0.06500 0.19057 0.25284 0.48091 0.59693 0.37163 0.56495 1.39616 2.02388 1.38529 3.81154 6.51027 7.37793 7.06300 14.70260 10.67080 3.84450 2.93721 5.47388 5.74349 6.42047 9.69665
-9999 -9999 -9999 -9999 -9999 -9999 0.04473 0.18589 0.02765 0.00362 0.01378 -9999 -9999 -9999 -9999 -9999 0.22345 0.19730 0.06725 0.09964 0.03623 0.00294 0.02020 0.03344 0.05337 0.00825 0.00071 0.11464 0.10817 0.33702 0.01537 0.01036 0.00212 0.02364 0.01885 0.01004 0.00382 0.01833 0.00642 0.00784 0.01386 0.02632 0.03993 0.01409 0.12392 0.10411 0.09419 0.09548 0.17620 0.26924 0.22787 0.39823 0.41319 0.21704 0.37932 0.42683 0.51832 0.60692 1.58099 1.66422 3.00350 4.03545 6.35269 11.75750 19.33690 11.60900 3.56843 1.26483 1.67008 3.15789 4.94098 7.14684
-9999 -9999 -9999 -9999 -9999 -9999 -9999 -9999 -9999 -9999 -9999 -9999 -9999 -9999 -9999 -9999 -9999 -9999 -9999 0.06190 0.01863 0.00062 0.01476 0.02734 0.01361 0.00207 0.13583 0.10672 0.11674 0.00441 0.00634 0.00186 0.00099 0.00293 0.01001 0.00579 0.00127 0.00315 0.00480 0.00794 0.01414 0.01499 0.01340 0.00439 0.00637 0.00261 0.00254 0.13206 0.16182 0.07320 0.07136 0.23265 0.36875 0.40232 0.11522 0.16911 0.47467 0.68013 1.23586 1.53257 4.54711 4.19233 6.29040 14.06280 17.80010 5.82688 1.30638 0.79644 0.93638 4.61783 5.98414 8.45746
-9999 -9999 -9999 -9999 -9999 -9999 -9999 -9999 -9999 -9999 -9999 -9999 -9999 -9999 -9999 -9999 -9999 -9999 0.20287 0.05563 0.01845 0.02378 0.01827 0.00638 0.00104 0.00103 0.03745 0.03867 0.00160 0.00505 0.00506 0.01262 0.01857 0.01666 0.00242 0.04472 0.00058 0.00044 0.00224 0.00369 0.00659 0.00716 0.01051 0.02220 0.02489 0.22093 0.00262 0.00260 0.41093 0.49562 0.56993 0.21893 0.23918 0.23471 0.35774 0.34543 0.24552 0.78145 1.33424 1.40266 1.33971 0.91008 2.29598 4.60301 7.58957 3.69200 1.52598 0.58012 1.00408 1.16275 2.74006 14.35430
-9999 -9999 -9999 -9999 -9999 -9999 -9999 -9999 -9999 -9999 -9999 -9999 -9999 -9999 -9999 -9999 -9999 0.24959 0.13998 0.05843 0.05179 0.02163 0.00590 0.00089 0.00036 0.00088 0.05168 0.03135 0.04548 0.04760 0.05265 0.05146 0.00156 0.11347 0.02847 0.03944 0.07305 0.00199 0.00078 0.00330 0.01092 0.14979 0.00766 0.30745 0.00632 0.00551 0.21610 0.49951 0.19885 0.66951 0.75198 0.37835 0.27688 0.11140 0.17622 0.05527 0.34447 1.02683 1.64358 1.49509 1.04959 0.92763 5.63722 8.97159 2.88432 2.60195 1.86501 1.12550 0.79989 1.16527 5.14772 7.60953
-9999 -9999 -9999 -9999 -9999 -9999 -9999 -9999 -9999 -9999 -9999 -9999 -9999 -9999 -9999 -9999 -9999 0.08508 0.10235 0.30595 0.06678 0.07773 0.06843 0.00008 0.00007 0.00014 0.00028 0.00037 0.00007 0.04848 0.02625 0.02852 0.04133 0.03270 0.02562 0.01925 0.03019 0.00254 0.01386 0.00704 0.00183 0.00096 0.12408 0.00450 0.30866 0.21452 0.15436 0.00810 0.01165 0.21404 0.70907 0.44756 0.51727 0.65889 0.65723 0.06970 2.13542 1.00364 1.08898 0.74192 1.70366 4.11580 4.52760 6.75144 13.05960 8.99007 3.85539 3.32974 1.00833 1.02287 1.84785 8.11809
-9999 -9999 -9999 -9999 -9999 -9999 -9999 -9999 -9999 -9999 -9999 -9999 -9999 -9999 -9999 -9999 0.11441 0.06634 0.30652 0.06764 0.04623 0.00009 0.00012 0.00000 0.00000 0.00003 0.00004 0.00005 0.00001 0.00006 0.00006 0.00003 0.08209 0.02015 0.01606 0.02336 0.04196 0.05989 0.00862 0.00357 0.00081 0.00030 0.13548 0.18777 0.00121 0.10853 0.14465 0.01351 0.01443 0.18084 0.87867 0.41023 0.46108 0.76479 0.76381 0.06967 0.06268 1.27233 0.40976 1.38684 1.43977 2.43794 4.46387 11.54870 7.38074 7.80221 4.39517 2.88908 1.28911 1.46499 3.33390 8.01596
-9999 -9999 -9999 -9999 -9999 -9999 -9999 -9999 -9999 -9999 -9999 -9999 -9999 0.61948 0.59200 0.07539 0.10985 0.10670 0.18573 0.05587 0.00036 0.00321 0.00116 0.00000 0.00000 0.00000 0.00000 0.00000 0.00000 0.00000 0.04818 0.18712 0.00000 0.00000 0.04431 0.01884 0.05256 0.07843 0.00117 0.00078 0.00045 0.18752 0.16382 0.00013 0.19201 0.09656 0.14602 0.15018 0.14375 0.37835 0.70241 1.06065 1.02729 0.91591 1.65757 1.66467 1.39801 1.72561 2.00616 2.34844 2.51256 3.46818 5.04186 8.99476 8.93656 7.76859 9.70977 1.89910 2.48330 1.40454 5.04652 13.82890
-9999 -9999 -9999 -9999 -9999 -9999 -9999 -9999 -9999 -9999 -9999 -9999 0.06186 0.37928 0.27216 0.11518 0.15552 0.00030 0.00047 0.00007 0.00035 0.00047 0.00017 0.00000 0.00000 0.00000 0.00000 0.00000 0.00765 0.02774 0.00300 0.01571 0.02969 0.06489 0.06688 0.02146 0.00000 0.00003 0.00049 0.00017 0.00026 0.00013 0.15440 0.14335 0.04341 0.05218 0.10108 0.11180 0.11430 0.14468 0.24693 0.16419 0.68915 0.24849 1.07309 1.11720 0.99260 1.41861 2.12613 2.97224 2.80098 3.36364 4.30161 7.61640 9.11394 7.94290 9.51819 2.35950 2.33057 3.73003 12.07220 13.88000
-9999 -9999 -9999 -9999 -9999 -9999 -9999 -9999 -9999 -9999 -9999 0.69745 0.02629 0.37428 0.00364 0.00022 0.00014 0.00117 0.00075 0.00112 0.00103 0.00000 0.00000 0.00000 0.00000 0.00000 0.03499 0.04398 0.01711 0.05646 0.00439 0.00000 0.00000 0.00001 0.00000 0.04534 0.00003 0.00013 0.00029 0.00007 0.00003 0.13861 0.07031 0.03063 0.02247 0.04743 0.05598 0.09871 0.18505 0.22027 0.21002 0.25927 0.33641 0.91888 0.48566 0.63488 0.95923 0.55360 0.77147 1.63396 1.73065 2.63151 3.45622 5.28315 7.87657 9.61471 7.62077 1.76417 2.04738 9.70192 25.00770 40.16410
-9999 -9999 -9999 -9999 -9999 -9999 -9999 -9999 -9999 -9999 0.01830 0.02098 0.00178 0.01088 0.00145 0.00056 0.00029 0.00012 0.00020 0.00043 0.00014 0.00000 0.00000 0.00000 0.00000 0.00000 0.00000 0.04972 0.01443 0.00000 0.00000 0.00000 0.00001 0.06200 0.01417 0.04777 0.00009 0.00024 0.00033 0.00003 0.10477 0.03681 0.00808 0.00555 0.00741 0.03971 0.04986 0.05651 0.16867 0.22571 0.27481 0.24789 0.68635 0.20849 0.23352 0.29177 0.92418 1.20562 1.11994 1.41297 2.13502 3.30127 4.40893 6.38224 6.56644 8.20283 5.98887 1.32952 4.42827 18.96700 34.25620 25.38360
-9999 -9999 -9999 -9999 -9999 -9999 -9999 -9999 -9999 0.00017 0.00012 0.00027 0.00038 0.00132 0.00062 0.00000 0.00000 0.00000 0.00000 0.00002 0.00001 0.00000 0.00000 0.00000 0.00000 0.00001 0.00001 0.00002 0.00002 0.00000 0.00000 0.00000 0.00000 0.00003 0.03107 0.11429 0.00082 0.00027 0.00001 0.08952 0.01030 0.00355 0.00719 0.50958 0.00525 0.20796 0.02065 0.11311 0.14949 0.20842 0.21496 0.57332 0.32190 1.74533 1.09876 0.47158 0.61142 0.98355 1.12157 1.66709 2.69351 4.24537 3.88619 4.53946 3.62790 4.58235 5.48744 7.78464 19.54720 34.31860 38.37560 39.74940
-9999 -9999 -9999 -9999 -9999 -9999 -9999 -9999 -9999 -9999 0.00000 0.00000 0.00000 0.00014 0.00002 0.00000 0.00000 0.00000 0.00000 0.00000 0.00000 0.00000 0.00000 -9999 -9999 -9999 -9999 -9999 -9999 0.00000 0.00000 0.00000 0.00000 0.00000 0.00002 0.08426 0.12772 0.00000 0.00000 0.09800 0.01632 0.01898 0.27784 0.22210 0.43052 0.21632 0.26988 0.10054 0.20597 0.21828 0.31742 0.10433 0.20864 0.67989 1.30506 0.48235 0.60797 0.80492 0.67101 1.27317 2.12095 2.92426 2.15888 3.97729 3.81399 4.41497 7.80535 12.87790 39.19990 44.24180 53.92400 43.49530
-9999 -9999 -9999 -9999 -9999 -9999 -9999 -9999 -9999 -9999 -9999 -9999 0.00000 0.00000 0.00000 0.00000 0.00000 0.00000 0.00000 -9999 -9999 -9999 -9999 -9999 -9999 -9999 -9999 -9999 -9999 -9999 -9999 -9999 -9999 0.00000 0.04819 0.05056 0.02805 0.04380 0.00000 0.00000 0.04424 0.01346 0.03603 0.02737 0.03339 0.47762 0.32202 0.04197 0.07765 0.12142 0.15795 0.69898 0.72900 0.78325 0.67784 0.40096 0.59635 0.60929 0.07819 1.00138 2.24532 2.06579 3.00374 2.00910 3.23070 5.24352 11.10980 18.50810 31.07230 30.49650 35.83250 34.21090
-9999 -9999 -9999 -9999 -9999 -9999 -9999 -9999 -9999 -9999 -9999 -9999 -9999 -9999 -9999 -9999 -9999 -9999 -9999 -9999 -9999 -9999 -9999 -9999 -9999 -9999 -9999 -9999 -9999 -9999 -9999 -9999 -9999 -9999 0.05439 0.02292 0.01895 0.01464 0.00000 0.02440 0.02461 0.00804 0.64376 0.17913 0.25294 0.33152 0.07880 0.03263 0.12484 0.17390 0.28976 0.76156 0.61962 0.92628 1.33643 0.80162 0.44803 0.70650 0.78634 1.60868 2.07060 2.19093 1.84387 2.11173 2.81236 4.63156 12.67040 22.18800 32.95020 30.54160 27.17850 -9999
-9999 -9999 -9999 -9999 -9999 -9999 -9999 -9999 -9999 -9999 -9999 -9999 -9999 -9999 -9999 -9999 -9999 -9999 -9999 -9999 -9999 -9999 -9999 -9999 -9999 -9999 -9999 -9999 -9999 -9999 -9999 -9999 -9999 -9999 0.03923 0.01777 0.02060 0.08816 0.00000 0.00687 0.00370 0.28086 0.23958 0.01252 0.06895 0.02717 0.04143 0.05523 0.13732 0.22537 0.40459 0.27510 0.73202 0.90850 1.05293 0.53274 0.63234 0.50992 0.56805 1.44405 3.20080 4.49031 3.52757 2.30443 3.48151 10.00050 13.22120 22.91090 36.50760 29.51480 -9999 -9999
-9999 -9999 -9999 -9999 -9999 -9999 -9999 -9999 -9999 -9999 -9999 -9999 -9999 -9999 -9999 -9999 -9999 -9999 -9999 -9999 -9999 -9999 -9999 -9999 -9999 -9999 -9999 -9999 -9999 -9999 -9999 -9999 -9999 -9999 -9999 -9999 -9999 -9999 0.02209 0.00767 0.00363 0.00562 0.12577 0.15588 0.00969 0.04300 0.10733 0.06755 0.13140 0.20159 0.12648 0.39616 0.27834 0.66806 0.85401 0.38613 0.02668 0.05428 0.63767 1.77557 2.88968 2.45013 2.37190 2.92740 9.07654 12.29480 17.12370 19.20680 16.26670 -9999 -9999 -9999
