data/hydroclimate-scenarios/BCSD_hadcm_B1/monthly_summaries/baseflow_monthly_tot_jun.2030-2059.asc
ncols	311
nrows	91
xllcenter	102.75
yllcenter	31.75
cellsize	0.5
NODATA_value	-9999
[rows 0 to 31 of 91, columns 216 to 287 of 311]
-9999 -9999 -9999 -9999 -9999 -9999 -9999 -9999 -9999 -9999 -9999 -9999 -9999 -9999 -9999 -9999 -9999 -9999 -9999 -9999 -9999 -9999 -9999 -9999 -9999 -9999 -9999 -9999 -9999 -9999 -9999 -9999 -9999 -9999 -9999 -9999 -9999 -9999 -9999 -9999 -9999 -9999 -9999 -9999 -9999 -9999 -9999 -9999 -9999 -9999 -9999 -9999 -9999 -9999 -9999 -9999 -9999 -9999 -9999 -9999 -9999 -9999 -9999 -9999 -9999 -9999 -9999 -9999 -9999 -9999 -9999 -9999
-9999 -9999 -9999 -9999 -9999 -9999 -9999 -9999 -9999 -9999 -9999 -9999 -9999 -9999 -9999 -9999 -9999 -9999 -9999 -9999 -9999 -9999 -9999 -9999 -9999 -9999 -9999 -9999 -9999 -9999 -9999 -9999 -9999 -9999 -9999 -9999 -9999 -9999 -9999 -9999 -9999 -9999 -9999 -9999 -9999 -9999 -9999 -9999 -9999 -9999 -9999 -9999 -9999 -9999 -9999 -9999 -9999 -9999 -9999 -9999 -9999 -9999 -9999 -9999 -9999 -9999 -9999 -9999 -9999 -9999 -9999 -9999
-9999 -9999 -9999 -9999 -9999 -9999 -9999 -9999 -9999 -9999 -9999 -9999 -9999 -9999 -9999 -9999 -9999 -9999 -9999 -9999 -9999 -9999 -9999 -9999 -9999 -9999 -9999 -9999 -9999 -9999 -9999 -9999 -9999 -9999 -9999 -9999 -9999 -9999 -9999 -9999 -9999 -9999 -9999 -9999 -9999 -9999 -9999 -9999 -9999 -9999 -9999 -9999 -9999 -9999 -9999 -9999 -9999 -9999 -9999 -9999 -9999 -9999 -9999 -9999 -9999 -9999 -9999 -9999 -9999 -9999 -9999 -9999
-9999 -9999 -9999 -9999 -9999 -9999 -9999 -9999 -9999 -9999 -9999 -9999 -9999 -9999 -9999 -9999 -9999 -9999 -9999 -9999 -9999 -9999 -9999 -9999 -9999 -9999 -9999 -9999 -9999 -9999 -9999 -9999 -9999 -9999 -9999 -9999 -9999 -9999 -9999 -9999 -9999 -9999 -9999 -9999 -9999 -9999 -9999 -9999 -9999 -9999 -9999 -9999 -9999 -9999 -9999 -9999 -9999 -9999 -9999 -9999 -9999 -9999 -9999 -9999 -9999 -9999 -9999 -9999 -9999 -9999 -9999 -9999
-9999 -9999 -9999 -9999 -9999 -9999 -9999 -9999 -9999 -9999 -9999 -9999 -9999 -9999 -9999 -9999 -9999 -9999 -9999 -9999 -9999 -9999 -9999 -9999 -9999 -9999 -9999 -9999 -9999 -9999 -9999 -9999 -9999 -9999 -9999 -9999 -9999 -9999 -9999 -9999 -9999 -9999 -9999 -9999 -9999 -9999 -9999 -9999 -9999 -9999 -9999 -9999 -9999 -9999 -9999 -9999 -9999 -9999 -9999 -9999 -9999 -9999 -9999 -9999 -9999 -9999 -9999 -9999 -9999 -9999 -9999 -9999
-9999 -9999 -9999 -9999 -9999 -9999 -9999 -9999 -9999 -9999 -9999 -9999 -9999 -9999 -9999 -9999 -9999 -9999 -9999 -9999 -9999 -9999 -9999 -9999 -9999 -9999 -9999 -9999 -9999 -9999 -9999 -9999 -9999 -9999 -9999 -9999 -9999 -9999 -9999 -9999 -9999 -9999 -9999 -9999 -9999 -9999 -9999 -9999 -9999 -9999 -9999 -9999 -9999 -9999 -9999 -9999 -9999 -9999 -9999 -9999 -9999 -9999 -9999 -9999 -9999 -9999 -9999 -9999 -9999 -9999 -9999 -9999
-9999 -9999 -9999 -9999 -9999 -9999 -9999 -9999 -9999 -9999 -9999 -9999 -9999 -9999 -9999 -9999 -9999 -9999 -9999 -9999 -9999 -9999 -9999 -9999 -9999 -9999 -9999 -9999 -9999 -9999 -9999 -9999 -9999 -9999 -9999 -9999 -9999 -9999 -9999 -9999 -9999 -9999 -9999 -9999 -9999 -9999 -9999 -9999 -9999 -9999 -9999 -9999 -9999 -9999 -9999 -9999 -9999 -9999 -9999 -9999 -9999 -9999 -9999 -9999 -9999 -9999 -9999 -9999 -9999 -9999 -9999 -9999
-9999 -9999 -9999 -9999 -9999 -9999 -9999 -9999 -9999 -9999 -9999 -9999 -9999 -9999 -9999 -9999 -9999 -9999 -9999 -9999 -9999 -9999 -9999 -9999 -9999 -9999 -9999 -9999 -9999 -9999 -9999 -9999 -9999 -9999 -9999 -9999 -9999 -9999 -9999 -9999 -9999 -9999 -9999 -9999 -9999 -9999 -9999 -9999 -9999 -9999 -9999 -9999 -9999 -9999 -9999 -9999 -9999 -9999 -9999 -9999 -9999 -9999 -9999 -9999 -9999 -9999 -9999 -9999 -9999 -9999 -9999 -9999
-9999 -9999 -9999 -9999 -9999 -9999 -9999 -9999 -9999 -9999 -9999 -9999 -9999 -9999 -9999 -9999 -9999 -9999 -9999 -9999 -9999 -9999 -9999 -9999 -9999 -9999 -9999 -9999 -9999 -9999 -9999 -9999 -9999 -9999 -9999 -9999 -9999 -9999 -9999 -9999 -9999 -9999 -9999 -9999 -9999 -9999 -9999 -9999 -9999 -9999 -9999 -9999 -9999 -9999 -9999 -9999 -9999 -9999 -9999 -9999 -9999 -9999 -9999 -9999 -9999 -9999 -9999 -9999 -9999 -9999 -9999 -9999
-9999 -9999 -9999 -9999 -9999 -9999 -9999 -9999 -9999 -9999 -9999 -9999 -9999 -9999 -9999 -9999 -9999 -9999 -9999 -9999 -9999 -9999 -9999 -9999 -9999 -9999 -9999 -9999 -9999 -9999 -9999 -9999 -9999 -9999 -9999 -9999 -9999 -9999 -9999 -9999 -9999 -9999 -9999 -9999 -9999 -9999 -9999 -9999 -9999 -9999 -9999 -9999 -9999 -9999 -9999 -9999 -9999 -9999 -9999 -9999 -9999 -9999 -9999 -9999 -9999 -9999 -9999 -9999 -9999 -9999 -9999 -9999
-9999 -9999 -9999 -9999 -9999 -9999 -9999 -9999 -9999 -9999 -9999 -9999 -9999 -9999 -9999 -9999 -9999 -9999 -9999 -9999 -9999 -9999 -9999 -9999 -9999 -9999 -9999 -9999 -9999 -9999 -9999 -9999 -9999 -9999 -9999 -9999 -9999 -9999 -9999 -9999 -9999 -9999 -9999 -9999 -9999 -9999 -9999 -9999 -9999 -9999 -9999 -9999 -9999 -9999 -9999 -9999 -9999 -9999 -9999 -9999 -9999 -9999 -9999 -9999 -9999 -9999 -9999 -9999 -9999 -9999 -9999 -9999
-9999 -9999 -9999 -9999 -9999 -9999 -9999 -9999 -9999 -9999 -9999 -9999 -9999 -9999 -9999 -9999 -9999 -9999 -9999 -9999 -9999 -9999 -9999 -9999 -9999 -9999 -9999 -9999 -9999 -9999 -9999 -9999 -9999 -9999 -9999 -9999 -9999 -9999 -9999 -9999 -9999 -9999 -9999 -9999 -9999 -9999 -9999 -9999 -9999 -9999 -9999 -9999 -9999 -9999 -9999 -9999 -9999 -9999 -9999 -9999 -9999 -9999 -9999 -9999 -9999 -9999 -9999 -9999 -9999 -9999 -9999 -9999
-9999 -9999 -9999 -9999 -9999 -9999 -9999 -9999 -9999 -9999 -9999 -9999 -9999 -9999 -9999 -9999 -9999 -9999 -9999 -9999 -9999 -9999 -9999 -9999 -9999 -9999 -9999 -9999 -9999 -9999 -9999 -9999 -9999 -9999 -9999 -9999 -9999 -9999 -9999 -9999 -9999 -9999 -9999 -9999 -9999 -9999 -9999 -9999 -9999 -9999 -9999 -9999 -9999 -9999 -9999 -9999 -9999 -9999 -9999 -9999 -9999 -9999 -9999 -9999 -9999 -9999 -9999 -9999 -9999 -9999 -9999 -9999
2.28384 0.97678 0.98891 -9999 -9999 -9999 -9999 -9999 -9999 -9999 -9999 -9999 -9999 -9999 -9999 -9999 -9999 -9999 -9999 -9999 -9999 -9999 -9999 -9999 -9999 -9999 -9999 -9999 -9999 -9999 -9999 -9999 -9999 -9999 -9999 -9999 -9999 -9999 -9999 -9999 -9999 -9999 -9999 -9999 2.17177 -9999 -9999 -9999 -9999 -9999 -9999 -9999 -9999 -9999 -9999 -9999 -9999 -9999 -9999 -9999 -9999 -9999 -9999 -9999 -9999 -9999 -9999 -9999 -9999 -9999 -9999 -9999
2.98716 4.57603 5.27806 0.84820 0.80853 0.73851 1.52871 1.47271 3.33881 3.54212 18.83790 18.30300 16.81400 13.81230 5.40495 97.75170 -9999 -9999 -9999 -9999 -9999 -9999 -9999 -9999 -9999 -9999 -9999 -9999 -9999 -9999 -9999 -9999 -9999 -9999 -9999 -9999 -9999 -9999 -9999 0.05081 0.03687 0.00252 0.02682 0.21731 0.66035 6.87425 -9999 -9999 -9999 9.23403 -9999 -9999 -9999 11.65770 22.43850 22.11750 -9999 -9999 -9999 -9999 -9999 -9999 -9999 -9999 -9999 -9999 -9999 -9999 -9999 -9999 -9999 -9999
5.99171 7.54167 8.31740 0.06304 0.05189 0.09449 0.20308 0.18510 0.72527 1.03225 2.27223 4.30965 3.01725 1.47572 0.93176 0.59849 0.38044 0.25638 0.35093 5.57185 23.91790 5.41150 -9999 -9999 -9999 -9999 -9999 6.22096 4.20249 4.12816 10.14440 13.50710 11.83510 5.75297 2.62818 2.39364 1.59473 0.72205 1.05157 0.00248 0.00454 0.02100 0.03169 0.58706 1.40817 13.81270 17.50220 19.85350 17.69490 17.27010 22.43600 22.47230 19.84890 30.47580 35.41900 24.56590 24.67700 24.94800 20.64780 25.43140 19.55120 -9999 -9999 -9999 -9999 -9999 -9999 -9999 -9999 -9999 -9999 -9999
11.53150 10.39170 3.24866 0.62164 1.64816 2.17257 2.23654 0.79142 1.81581 2.43390 5.69139 2.29895 2.15820 0.84857 0.75503 0.11363 0.08727 0.19468 0.15172 11.59310 1.96860 4.37397 9.00224 8.98856 17.34150 18.48640 14.70300 9.18724 9.27662 7.29575 12.37860 15.82620 12.60420 8.17928 8.11137 8.98253 6.99537 7.12452 7.50771 6.71116 8.25240 12.00200 10.60740 14.18050 16.11600 14.90120 15.42310 21.39460 21.61020 27.03280 29.09990 29.91260 38.06330 36.86040 36.87780 37.69670 39.04870 33.32450 39.87570 38.14280 40.62050 33.95090 25.43590 23.34120 23.07480 17.74620 19.27630 22.91930 22.69350 -9999 -9999 -9999
7.00437 5.77654 2.37135 1.33964 0.74356 0.51115 0.13163 0.04583 0.03682 0.08936 0.03439 0.01611 0.01043 0.02122 0.02083 0.15043 0.22562 0.38330 2.91218 29.59510 38.83670 6.39576 11.89180 14.31490 10.39460 25.66830 33.49020 24.99900 15.38390 12.59280 17.64200 21.36480 21.67860 22.86380 23.31680 20.69060 18.25710 16.52890 19.88580 14.02920 11.38460 13.07670 12.53140 13.01100 15.69000 16.48320 16.52680 18.70070 21.61390 25.28470 31.20300 31.01560 35.67150 35.60730 32.59780 30.91600 32.76500 38.64870 44.73670 39.90620 40.76180 34.42290 30.80080 31.20310 39.32940 43.42360 50.23160 56.59540 42.50210 -9999 18.88910 -9999
8.48958 5.22921 0.73435 0.18400 0.01777 0.01033 0.01276 0.02193 0.02392 0.00288 0.01175 0.00390 0.01958 0.08140 0.01545 0.06154 0.03772 6.15311 18.16520 40.48780 43.56710 14.24810 11.71280 20.36020 5.24590 5.75075 23.35280 45.06790 38.71230 32.86450 25.66810 27.72520 29.64250 32.40470 28.98530 24.49020 22.63190 14.01210 13.24960 11.80060 14.14960 15.37920 17.74170 22.37440 20.69160 21.20550 20.95360 21.71370 20.44070 21.89600 22.79030 22.87220 23.25980 23.22870 26.33540 37.70710 38.68820 35.03920 37.81900 35.85540 37.05800 36.24850 43.28830 50.62020 51.38190 49.42800 52.78380 59.58620 70.18110 52.64970 -9999 -9999
12.81430 9.06910 6.80502 1.67008 0.57799 1.81222 0.83342 0.30494 0.08045 0.15433 0.08802 0.31741 0.21145 0.12626 0.27825 18.10940 24.59040 15.35230 30.88540 18.65940 30.87540 6.57577 11.28030 22.36150 22.49130 33.85850 29.78270 40.88180 53.99650 43.93890 28.63780 33.15320 33.15610 31.70680 29.04690 30.59260 35.21180 25.75590 23.02050 35.68040 38.64510 30.55620 31.74040 31.91480 27.62060 29.87210 26.25670 27.44930 26.70250 24.14340 21.80170 19.26340 19.77830 22.15770 24.29120 31.78150 31.77160 27.75060 29.76930 30.18190 33.37630 37.07740 40.20070 49.28430 55.41970 62.69030 67.07510 72.65710 93.04580 77.21490 62.90470 -9999
17.75190 8.33495 4.01901 2.40703 1.56612 0.27467 0.17336 0.22174 0.23065 0.19890 0.22962 0.29814 0.81013 1.36529 1.59762 10.38500 3.53645 0.02669 0.11289 2.04415 0.90519 0.76311 11.49720 18.96740 24.28110 23.21520 28.53540 32.64730 40.61280 38.95720 27.16150 15.00610 14.70130 14.80840 17.20620 18.90710 19.19610 26.21690 21.47950 22.53210 21.59770 21.81560 21.28800 25.16670 25.51890 30.16570 30.30850 33.62240 24.88680 24.11300 24.42800 26.27260 29.10930 26.16910 23.17180 26.76320 24.69900 22.59730 25.19170 22.41650 24.00820 30.09160 33.00270 36.37650 49.08290 54.45290 59.13910 69.96750 72.04290 75.12160 81.01480 74.88270
1.00127 0.41728 0.40007 0.29550 0.42955 0.29044 0.25158 0.27909 0.28996 0.39061 0.60402 1.26766 0.77414 0.95376 0.92378 11.99130 12.74800 0.00576 0.00469 0.00232 0.01767 0.05249 10.88240 18.10610 26.81420 20.33300 26.10570 27.43470 28.38360 31.08840 24.37000 14.26490 12.04010 10.29630 8.86622 10.15370 10.85600 12.17030 12.69060 16.00700 15.46640 16.35370 14.03240 16.34200 18.28980 25.13100 26.22750 22.09210 20.78870 18.97300 20.85510 24.30420 20.87550 21.44410 22.01110 24.82260 23.03270 24.83040 22.19200 21.31200 22.04150 24.66830 23.37040 27.19040 42.67600 44.49460 48.01080 58.44840 56.03050 47.82480 47.68100 48.06850
3.01726 4.26338 6.85424 9.95728 11.51450 11.62170 9.99362 0.57319 0.49447 1.93995 0.71492 3.38229 3.19368 5.67654 2.79638 10.40840 19.67720 0.00251 0.00034 0.00003 0.00193 0.00040 2.09070 5.38393 9.41967 15.45440 20.44840 19.29470 14.74320 14.06190 15.21780 22.54540 17.94120 20.28430 24.19590 26.65970 20.22930 23.07870 17.44180 13.97850 13.37630 14.80450 17.01060 19.55290 26.36720 30.99550 33.14680 26.52050 24.45090 25.93830 25.42500 25.93820 30.25170 24.60770 23.48290 20.88850 21.36090 22.80680 17.93710 25.62840 24.71310 24.14010 26.90480 29.15100 30.96950 31.28680 31.56230 42.42680 44.47320 44.26480 43.25980 42.97000
5.70209 2.81654 5.50476 7.85345 7.80936 10.35710 3.35760 1.40383 1.34696 0.26538 0.42421 0.27908 0.08266 6.02569 3.33162 14.74560 26.09240 0.61802 0.00045 0.00294 0.03144 0.00940 0.01542 1.18565 2.46314 6.30634 12.16580 13.33600 12.84200 13.21350 13.34180 18.80950 17.90810 20.55610 26.51450 30.98590 27.59050 39.06400 41.53750 42.83930 54.04940 47.73980 47.09930 30.15330 20.33160 31.22870 35.09050 24.18620 19.24890 21.49280 16.21220 19.71000 21.61340 17.47640 20.30610 19.55320 28.38290 26.18460 20.03970 23.86810 31.02380 28.42950 32.41790 27.46830 28.00760 24.58580 22.76070 27.89200 31.82620 37.43190 38.30990 36.26390
3.70719 3.30992 3.06251 1.96140 2.81976 7.57089 8.94552 3.81240 0.73087 0.57938 0.55474 0.53465 0.22757 0.05727 0.00287 0.01719 36.58820 50.67090 0.40327 0.26257 0.27890 0.00055 0.00042 0.00040 0.02558 0.51762 1.62019 0.93842 3.10763 4.86849 7.56212 4.07498 9.48487 14.62390 15.09730 25.65490 33.12520 64.02680 75.73930 76.54780 80.73740 106.25500 137.05099 118.19000 57.04680 42.47990 22.02210 17.95710 13.71550 16.88560 19.62840 15.22810 16.66280 17.15640 18.84730 17.37230 18.64930 21.64160 29.03680 37.61150 32.42660 26.29840 22.70920 23.05110 17.21220 20.48380 18.03720 21.79530 22.76870 27.52460 32.68610 37.27410
2.81519 5.56629 5.07543 5.95029 4.55087 3.84950 2.69824 4.61910 7.61120 4.69880 4.54681 1.63822 0.10297 0.01775 0.00427 0.04626 0.47574 0.28824 10.17390 0.00063 0.47505 0.01436 0.28292 0.00268 0.00048 0.29597 2.57035 2.27475 5.25040 1.54256 3.25399 0.89216 3.38544 14.11530 16.66570 23.97020 36.03480 52.31370 70.37030 73.70230 105.50600 102.75200 122.74400 125.27000 78.69990 45.36480 39.99860 33.59580 18.61130 13.32300 28.15590 29.29990 16.82510 17.38670 17.55080 16.50090 17.97860 18.79790 23.57330 26.69830 22.30200 20.48400 24.28660 21.99110 19.92110 25.15720 17.95020 20.43170 23.37550 21.10620 24.02260 30.22260
13.35280 12.48930 30.39530 58.17620 81.21860 71.75120 50.28910 29.99560 49.49420 26.09440 5.58534 3.64370 1.89598 0.95557 0.32725 4.26148 0.23220 1.54756 0.59374 0.83702 4.31066 1.68976 3.46395 11.17510 11.95070 15.37310 25.83860 24.17440 11.20590 8.49269 9.51727 10.78620 15.78500 8.55286 14.33220 27.65100 47.49000 72.97870 92.11670 69.05930 71.00940 170.52100 146.67500 103.31700 126.52700 65.26200 23.95600 45.27280 37.60830 16.52600 13.38510 16.08910 18.01900 16.76040 15.52490 15.93750 15.89100 16.38740 19.77750 23.40360 26.27690 20.83660 17.14480 20.38060 20.22890 20.66900 20.24000 14.07050 16.74450 20.29710 18.17900 24.58730
28.57880 31.21390 25.39190 24.14900 40.28440 84.10530 109.10200 64.74220 122.44700 94.94240 84.89550 57.99030 11.60950 0.62285 0.44350 40.48800 44.92590 31.44490 39.15800 18.28210 28.31090 2.02595 4.60753 6.74096 18.32830 13.65710 18.33970 14.49990 1.76732 0.57161 1.55303 0.55879 3.77178 12.46950 28.41980 38.89770 57.68520 83.22130 118.97900 70.87290 70.74460 163.59599 202.03900 197.07600 171.40100 68.12740 32.65780 44.88650 40.26780 35.37750 20.57960 14.33790 15.84970 12.52560 14.79040 14.82300 15.22430 15.34050 17.22920 17.64410 15.80280 14.79790 14.85480 17.06570 18.44220 17.92930 16.35190 15.60880 16.57980 19.40900 20.59570 24.63680
26.50050 18.22560 19.70810 39.64290 15.37780 13.27210 13.05720 11.63330 11.64400 13.23120 23.29090 16.96670 26.61240 14.52510 0.46498 33.97570 53.20550 77.86640 96.31460 57.95720 25.06440 0.01967 0.00092 3.60696 7.71436 4.99205 9.84372 11.01520 2.27157 0.77672 0.03846 0.02658 0.60397 11.02440 24.85430 48.19260 77.12050 94.97510 124.77400 71.15840 71.19680 197.66299 219.71700 270.67999 286.28601 168.36700 175.60500 100.23500 69.06320 46.80770 21.73850 18.56200 9.87752 11.59430 14.13250 12.51980 12.39460 10.26910 10.12980 10.65130 11.04860 11.10680 15.52590 16.73250 18.00480 17.55850 15.24560 14.74550 14.75550 15.48850 18.41730 21.54850
76.30290 146.69501 100.62000 48.14520 21.79910 7.92561 6.45786 4.64733 4.63601 36.33030 96.42630 99.30910 112.44700 81.92710 31.26400 49.35110 64.39940 74.65210 169.47501 139.43800 57.13120 13.71320 1.64176 0.62161 0.02739 0.80739 5.36322 2.54846 0.13084 0.21630 0.02259 0.13947 1.93888 20.08220 31.75080 49.51800 78.90930 117.49600 140.55099 161.35699 71.54080 184.31300 275.13101 212.18800 210.69501 224.53200 198.50900 126.96500 75.60520 38.65020 41.97930 20.77680 8.80353 12.36810 13.03480 11.89520 12.68230 17.36960 25.40380 28.42440 27.89080 22.80370 15.45730 16.11360 15.88680 17.26550 16.09480 14.57710 14.14020 17.20850 16.96370 19.66440
34.70450 41.25890 29.22430 77.31990 163.48300 109.77400 33.11830 13.67260 7.01230 27.10930 55.84090 84.22120 213.64000 83.89910 88.10990 169.07300 178.59801 173.62900 250.59500 211.82100 86.44610 25.57720 8.69761 11.46700 18.18380 3.38171 6.64628 1.44074 0.21012 0.13817 0.06651 1.04834 6.84633 17.53090 35.23550 52.76250 74.19270 84.83200 60.38490 60.83000 60.54750 138.36700 157.21001 201.38300 151.70799 96.95040 60.14490 48.58970 46.00460 29.50710 33.05690 24.49300 12.01070 11.27210 11.78010 9.84490 9.76917 11.16850 11.71440 12.24350 12.55790 12.55810 12.51610 12.28040 12.94540 13.58850 14.54300 15.23660 13.64350 14.26880 18.27070 12.71770
36.71780 216.36501 679.14099 -9999 707.77197 719.61603 571.36200 532.90802 89.82120 80.67040 71.98450 67.27290 63.39960 35.27570 78.67760 72.90080 60.30810 150.65500 128.35699 333.94199 256.40500 155.02600 108.94200 55.61830 40.07760 38.69580 32.84990 21.39800 5.69802 0.47309 1.19871 4.68925 15.35600 32.32130 45.31690 65.00460 62.71220 58.00180 59.47060 59.53780 59.42810 121.39700 153.29401 137.99400 105.37700 71.57090 67.66990 52.59310 43.07920 42.73860 32.63320 16.88030 9.59183 9.36084 9.31184 9.81009 9.94005 10.88450 10.60460 10.40360 10.46670 11.01380 11.45910 11.50820 11.51510 12.13880 12.61200 12.53630 16.46350 17.33410 15.90290 12.50810
