data/hydroclimate-scenarios/BCSD_hadcm_B1/monthly_summaries/baseflow_monthly_tot_mar.2070-2099.asc
ncols	311
nrows	91
xllcenter	102.75
yllcenter	31.75
cellsize	0.5
NODATA_value	-9999
[rows 0 to 31 of 91, columns 73 to 145 of 311]
-9999 -9999 -9999 -9999 -9999 -9999 -9999 -9999 -9999 -9999 -9999 -9999 -9999 -9999 -9999 -9999 -9999 -9999 -9999 -9999 -9999 -9999 -9999 -9999 -9999 -9999 -9999 -9999 -9999 -9999 -9999 -9999 -9999 -9999 -9999 -9999 -9999 -9999 -9999 -9999 -9999 -9999 -9999 -9999 -9999 -9999 -9999 -9999 -9999 -9999 -9999 -9999 -9999 -9999 -9999 -9999 -9999 -9999 -9999 -9999 -9999 -9999 -9999 -9999 -9999 -9999 -9999 -9999 -9999 -9999 -9999 -9999 -9999
-9999 -9999 -9999 -9999 -9999 -9999 -9999 -9999 -9999 -9999 -9999 -9999 -9999 -9999 -9999 -9999 -9999 -9999 -9999 -9999 -9999 -9999 -9999 -9999 -9999 -9999 -9999 -9999 -9999 -9999 -9999 -9999 -9999 -9999 -9999 -9999 -9999 -9999 -9999 -9999 -9999 -9999 -9999 -9999 -9999 -9999 -9999 -9999 -9999 -9999 -9999 -9999 -9999 -9999 -9999 -9999 -9999 -9999 -9999 -9999 -9999 -9999 -9999 -9999 -9999 -9999 -9999 -9999 -9999 -9999 -9999 -9999 -9999
-9999 -9999 -9999 -9999 -9999 -9999 -9999 -9999 -9999 -9999 -9999 -9999 -9999 -9999 -9999 -9999 -9999 -9999 -9999 -9999 -9999 -9999 -9999 -9999 -9999 -9999 -9999 -9999 -9999 -9999 -9999 -9999 -9999 -9999 -9999 -9999 -9999 -9999 -9999 -9999 -9999 -9999 -9999 -9999 -9999 -9999 -9999 -9999 -9999 -9999 -9999 -9999 -9999 -9999 -9999 -9999 -9999 -9999 -9999 -9999 -9999 -9999 -9999 -9999 -9999 -9999 -9999 -9999 -9999 -9999 -9999 -9999 -9999
-9999 -9999 -9999 -9999 -9999 -9999 -9999 -9999 -9999 -9999 -9999 -9999 -9999 -9999 -9999 -9999 -9999 -9999 -9999 -9999 -9999 -9999 -9999 -9999 -9999 -9999 -9999 -9999 -9999 -9999 -9999 -9999 -9999 -9999 -9999 -9999 -9999 -9999 -9999 -9999 -9999 -9999 -9999 -9999 -9999 -9999 -9999 -9999 -9999 -9999 -9999 -9999 -9999 -9999 -9999 -9999 -9999 -9999 -9999 -9999 -9999 -9999 -9999 -9999 -9999 -9999 -9999 -9999 -9999 -9999 -9999 -9999 -9999
-9999 -9999 -9999 -9999 -9999 -9999 -9999 -9999 -9999 -9999 -9999 -9999 -9999 -9999 -9999 -9999 -9999 -9999 -9999 -9999 -9999 -9999 -9999 -9999 -9999 -9999 -9999 -9999 -9999 -9999 -9999 -9999 -9999 -9999 -9999 -9999 -9999 -9999 -9999 -9999 -9999 -9999 -9999 -9999 -9999 -9999 -9999 -9999 -9999 -9999 -9999 -9999 -9999 -9999 -9999 -9999 -9999 -9999 -9999 -9999 -9999 -9999 -9999 -9999 -9999 -9999 -9999 -9999 -9999 -9999 -9999 -9999 -9999
-9999 -9999 -9999 -9999 -9999 -9999 -9999 -9999 -9999 -9999 -9999 -9999 -9999 -9999 -9999 -9999 -9999 -9999 -9999 -9999 -9999 -9999 -9999 -9999 -9999 -9999 -9999 -9999 -9999 -9999 -9999 -9999 -9999 -9999 -9999 -9999 -9999 -9999 -9999 -9999 -9999 -9999 -9999 -9999 -9999 -9999 -9999 -9999 -9999 -9999 -9999 -9999 -9999 -9999 -9999 -9999 -9999 -9999 -9999 -9999 -9999 -9999 -9999 -9999 -9999 -9999 -9999 -9999 -9999 -9999 -9999 -9999 -9999
-9999 -9999 -9999 -9999 -9999 -9999 -9999 -9999 -9999 -9999 -9999 -9999 -9999 -9999 -9999 -9999 -9999 -9999 -9999 -9999 -9999 -9999 -9999 -9999 -9999 -9999 -9999 -9999 -9999 -9999 -9999 -9999 -9999 -9999 -9999 -9999 -9999 -9999 -9999 -9999 -9999 -9999 -9999 -9999 -9999 -9999 -9999 -9999 -9999 -9999 -9999 -9999 -9999 -9999 -9999 -9999 -9999 -9999 -9999 -9999 -9999 -9999 -9999 -9999 -9999 -9999 -9999 -9999 -9999 -9999 -9999 -9999 -9999
-9999 -9999 -9999 -9999 -9999 -9999 -9999 -9999 -9999 -9999 -9999 -9999 -9999 -9999 -9999 -9999 -9999 -9999 -9999 -9999 -9999 -9999 -9999 -9999 -9999 -9999 -9999 -9999 -9999 -9999 -9999 -9999 -9999 -9999 -9999 -9999 -9999 -9999 -9999 -9999 -9999 -9999 -9999 -9999 -9999 -9999 -9999 -9999 -9999 -9999 -9999 -9999 -9999 -9999 -9999 -9999 -9999 -9999 -9999 -9999 -9999 -9999 -9999 -9999 -9999 -9999 -9999 -9999 -9999 -9999 -9999 -9999 -9999
-9999 -9999 -9999 -9999 0.55385 -9999 -9999 -9999 -9999 -9999 -9999 -9999 -9999 -9999 -9999 -9999 -9999 -9999 -9999 -9999 -9999 -9999 -9999 -9999 -9999 -9999 -9999 -9999 -9999 -9999 -9999 -9999 -9999 -9999 -9999 -9999 -9999 -9999 -9999 -9999 -9999 -9999 -9999 -9999 -9999 -9999 -9999 -9999 -9999 -9999 -9999 -9999 -9999 -9999 -9999 -9999 -9999 -9999 -9999 -9999 -9999 -9999 -9999 -9999 -9999 -9999 -9999 -9999 -9999 -9999 -9999 -9999 -9999
0.92794 0.08747 0.33182 0.44284 0.44429 0.61348 0.50606 0.55543 0.47411 0.46637 0.33700 0.43685 0.25022 0.31951 0.38034 0.28486 0.31088 0.33108 0.47962 0.50411 -9999 -9999 -9999 -9999 -9999 -9999 -9999 -9999 -9999 -9999 -9999 -9999 -9999 -9999 -9999 -9999 -9999 -9999 -9999 -9999 -9999 -9999 -9999 -9999 -9999 -9999 -9999 -9999 -9999 -9999 -9999 -9999 -9999 -9999 -9999 -9999 -9999 -9999 -9999 -9999 -9999 -9999 -9999 -9999 -9999 -9999 -9999 -9999 -9999 -9999 -9999 -9999 -9999
-9999 -9999 0.07286 0.07462 0.08598 0.10015 0.11382 0.14168 0.15927 0.19219 0.27598 0.29444 0.27247 0.29818 0.28480 0.31655 0.32345 0.34831 0.29655 0.24544 -9999 -9999 -9999 -9999 -9999 -9999 -9999 -9999 -9999 -9999 -9999 -9999 -9999 -9999 -9999 -9999 -9999 -9999 -9999 -9999 -9999 -9999 -9999 -9999 -9999 -9999 -9999 -9999 -9999 -9999 -9999 -9999 -9999 -9999 -9999 -9999 -9999 -9999 -9999 -9999 -9999 -9999 -9999 -9999 -9999 -9999 -9999 -9999 -9999 -9999 -9999 -9999 -9999
0.01853 0.02128 0.04190 0.06924 0.07715 0.08117 0.09505 0.14510 0.09868 0.11684 0.16895 0.25012 0.27427 0.30859 0.31903 0.33562 0.33986 0.28448 0.51399 1.21448 0.15190 0.16507 0.12559 0.10415 0.09867 0.13609 -9999 -9999 -9999 -9999 -9999 -9999 -9999 -9999 -9999 -9999 -9999 -9999 -9999 -9999 -9999 -9999 -9999 -9999 -9999 -9999 -9999 -9999 -9999 -9999 -9999 -9999 -9999 -9999 -9999 -9999 -9999 -9999 -9999 -9999 -9999 -9999 -9999 -9999 -9999 -9999 -9999 -9999 -9999 -9999 -9999 -9999 -9999
0.01589 0.02572 0.10837 0.11529 0.08862 0.11383 0.07816 0.08490 0.09879 0.16695 0.24712 0.28701 0.34818 0.44524 0.51431 0.51286 1.42605 0.35156 0.42164 0.42012 0.37170 0.24306 0.21171 0.15189 0.15390 0.14312 0.07543 0.05600 0.06139 0.05603 0.02125 0.01988 0.03102 0.02462 0.01838 0.01675 0.01318 0.01392 0.01733 0.02123 0.03807 -9999 -9999 -9999 -9999 -9999 -9999 -9999 -9999 -9999 -9999 -9999 -9999 -9999 -9999 -9999 -9999 -9999 -9999 -9999 -9999 -9999 -9999 -9999 -9999 -9999 -9999 -9999 -9999 -9999 -9999 -9999 -9999
0.00000 0.00442 0.11310 0.06591 0.10303 0.12573 0.08608 0.05132 0.04681 0.21545 0.10425 0.35846 0.44048 0.48985 0.50293 0.48967 0.30900 0.35399 0.53448 0.62363 0.60350 0.09868 0.15866 0.22634 0.20452 0.18384 0.10876 0.09835 0.06022 0.05847 0.01156 0.00834 0.01488 0.01301 0.01566 0.01366 0.01190 0.01215 0.02065 0.03400 0.04213 0.78257 -9999 -9999 -9999 -9999 -9999 -9999 -9999 -9999 -9999 -9999 -9999 -9999 -9999 -9999 -9999 -9999 -9999 -9999 -9999 -9999 -9999 -9999 -9999 -9999 -9999 -9999 -9999 -9999 -9999 -9999 -9999
0.05506 0.50566 0.18291 0.14688 0.25575 0.24013 0.20143 0.21534 0.22069 0.21479 0.21535 0.21687 0.27967 0.35282 0.35621 0.39265 0.31110 1.81023 0.56779 0.52226 0.37240 0.30035 0.25574 0.30607 0.17580 0.09620 0.10533 0.11110 0.06371 0.04758 0.04999 0.04331 0.05366 0.05156 0.01939 0.02007 0.02204 0.03041 0.03252 0.05373 0.05635 0.04124 -9999 -9999 -9999 -9999 -9999 -9999 -9999 -9999 -9999 -9999 -9999 -9999 -9999 -9999 -9999 0.12063 0.12721 -9999 -9999 -9999 -9999 0.36618 0.85361 1.27251 1.12255 0.43299 0.49549 0.52011 0.63204 1.47532 1.52572
0.09686 0.39430 0.13710 0.10685 0.16677 0.25097 0.19026 0.20560 0.11850 0.14973 0.18640 0.25397 0.32291 0.28832 0.26485 0.22175 1.65830 0.28147 0.28111 0.30585 0.29517 0.18633 0.13172 0.09760 0.03459 0.03859 0.10154 0.08728 0.06797 0.05703 0.06031 0.04373 0.03596 0.05539 0.01608 0.01341 0.01429 0.26984 0.82194 0.74941 0.85471 0.24976 0.29707 0.30261 0.73193 0.10887 0.29026 0.45963 0.23974 0.25238 0.29457 0.18016 0.33279 0.12095 0.02506 0.01852 0.18123 0.17053 0.03876 -9999 -9999 -9999 -9999 -9999 0.12061 0.53660 0.79926 1.13974 1.40618 0.82891 0.98730 1.06321 1.09862
0.25100 0.46126 0.05097 0.12169 0.22630 0.16990 0.13491 0.13046 0.11500 0.14483 0.13836 0.15027 0.14732 0.57775 0.21691 0.27650 0.27618 0.20665 0.21742 0.21635 0.21951 0.18990 0.13872 0.13861 0.07175 0.07494 0.07899 0.07737 0.08128 0.05973 0.07351 0.07743 0.11043 0.10896 0.10911 0.10054 1.12792 0.75877 0.06071 1.19271 0.07268 0.07047 0.10913 0.11074 0.14526 0.14329 0.14706 0.23799 0.17761 0.09526 0.18073 0.43304 0.64022 0.36198 0.54581 0.67739 0.31736 0.08482 0.07051 0.14899 0.18252 0.25785 0.17928 0.22323 0.14342 0.36694 0.47742 0.62099 1.42057 0.76125 1.22847 1.57185 1.55488
0.22380 0.41808 0.46325 0.23695 0.29622 0.37692 0.12286 0.10198 0.08411 0.10286 0.12095 0.41606 0.16119 0.24259 0.28126 0.25368 0.28360 0.39522 0.20711 0.16754 0.19888 0.18420 0.13802 0.12542 0.08504 0.08190 0.10695 0.11566 0.11392 0.10852 0.09888 0.07358 0.11685 0.12263 1.02384 0.08106 0.05627 0.05876 0.08810 0.08009 0.02785 0.04481 0.13287 0.12218 0.12945 0.11387 0.05876 0.06233 0.06875 0.07553 0.14158 0.12976 0.29711 0.51900 0.61516 0.44720 0.40065 0.51851 0.37719 0.60209 0.31791 0.09599 0.12514 0.42831 0.16502 0.18375 0.44046 1.03557 1.20819 1.39166 1.59351 1.75731 1.77096
0.49724 0.05361 0.19411 0.10541 0.08362 0.21152 0.19248 0.15312 0.16904 0.19501 0.13781 0.17593 0.22156 0.24878 0.20103 0.17859 0.26037 0.49104 0.37965 0.25492 0.22825 0.18277 0.17889 0.18457 0.12923 0.14134 0.13202 0.12183 0.11516 1.05963 0.10702 0.09839 0.15127 0.15586 0.13151 0.15725 0.08933 0.09418 0.10975 0.11179 0.27228 0.27149 0.14966 0.08736 0.07136 0.08611 0.07976 0.09073 0.10326 0.10580 0.16171 0.22497 0.06337 0.05460 0.08271 0.67678 0.70435 0.67480 1.06513 1.37495 1.52222 0.91396 0.74240 0.49297 0.52404 0.51866 0.74054 0.99099 1.13489 1.41736 2.08592 1.94832 2.08910
0.80512 0.60764 0.16473 0.09852 0.04331 0.10412 0.16077 0.10712 0.37006 0.44820 0.25386 0.27030 0.24570 0.15534 0.09496 0.13458 0.21254 0.27138 0.39506 0.27920 0.25124 0.23972 0.19399 0.15455 0.13221 0.10988 0.08957 0.58524 0.12034 0.15754 0.13680 0.09678 0.10515 0.07860 0.10679 0.12499 0.12590 0.22773 0.16133 0.09563 0.20387 0.21135 0.15647 0.16294 0.13248 0.09286 0.07100 0.10025 0.15698 0.13170 0.15104 0.09013 0.23808 0.60370 0.73297 1.12379 0.80016 0.56597 0.73816 0.94155 0.65847 1.30569 1.60348 0.84484 1.81862 0.82404 0.86574 0.97116 1.84237 1.73468 1.81511 2.25781 2.39026
0.73581 0.95693 1.05813 0.15717 0.05261 0.02181 0.17321 0.04485 0.11264 0.42235 0.94478 1.35665 0.72376 0.48341 0.17609 0.11906 0.11942 0.15370 0.14244 0.15610 0.19772 0.13317 0.11672 0.11689 0.11638 0.08606 0.09504 0.09275 0.10174 0.10043 0.18914 0.22820 0.17946 0.19760 0.43103 0.47121 0.31056 0.34384 0.13983 0.17631 0.09515 0.07086 0.19207 0.17375 0.13277 0.16093 0.14891 0.10644 0.04691 0.05716 0.11168 0.08762 0.08982 0.14684 0.74266 1.10769 1.15126 1.54432 1.13503 1.03145 0.48378 0.81930 0.87412 1.30386 0.59706 0.76959 0.86730 1.78688 1.66772 1.52846 1.67738 2.05161 1.70294
1.31175 1.47955 1.21202 0.96268 0.65129 0.45251 0.34201 0.08710 0.04711 0.09239 0.31690 0.66695 1.02655 1.15788 0.92182 0.70281 0.30135 0.11018 0.17571 0.16697 0.17528 0.21510 0.20067 0.18421 0.14454 0.17087 0.09221 0.11456 0.12657 0.23192 0.40231 0.26333 0.35863 0.36359 0.36858 0.39062 0.11593 0.56985 0.50438 0.37469 0.11479 0.54304 0.42861 0.50737 0.41923 0.29147 0.34047 0.28119 0.55702 0.40328 0.75520 0.28660 0.72817 0.61342 0.86186 1.08881 1.15068 1.29663 0.83005 0.86610 0.92205 0.59474 1.04805 0.56714 1.54107 1.49068 1.54950 1.65706 1.43504 1.61880 1.84338 1.52789 2.22414
1.46012 1.17876 1.33583 1.43306 1.06552 0.50139 0.77825 0.40151 0.13440 0.10863 0.27278 0.07455 0.23395 0.13126 0.21073 0.80972 0.88710 0.69580 0.33066 0.55366 0.33523 0.16185 0.18411 0.19711 0.18713 0.17834 0.35554 0.26359 0.23483 0.25969 0.36885 0.37777 0.44231 0.16180 0.22436 0.41767 0.72002 0.73985 0.37035 0.18330 0.22225 0.50317 0.62364 0.67446 0.66889 0.33059 0.61497 0.99368 1.13409 0.92853 1.10307 1.31197 0.72253 1.05981 1.00614 1.26444 0.86913 0.60665 0.61364 0.54255 0.90620 0.55418 1.60120 1.34439 1.02621 0.91461 0.90797 1.00759 1.10808 1.44537 1.96873 2.11739 2.28271
1.08152 0.69920 1.02467 1.27422 1.07947 1.01292 0.87934 0.38948 0.08203 0.64090 0.66890 0.43931 0.93191 1.04523 1.26113 0.10305 0.71967 1.32069 1.25545 1.01459 0.81333 0.29529 0.20802 0.21117 0.21388 0.24147 0.32036 0.31594 0.38062 0.41049 0.36859 0.33372 0.15090 0.15956 0.24836 0.30558 0.56199 0.67351 1.05369 0.80094 0.60179 0.41394 0.07316 0.21888 0.20034 0.38287 0.67702 0.95488 1.32987 0.80246 1.01519 0.87277 1.45886 1.52600 1.27828 1.21500 1.31280 1.05137 0.67470 0.64697 0.80728 0.96349 1.01540 1.03184 0.78583 0.75273 1.07967 1.33728 1.32529 1.69212 2.08843 2.42030 2.64241
1.08281 0.70629 0.88818 0.63783 0.44377 0.44567 0.28079 0.28489 0.17383 0.26112 0.12606 0.36827 0.62464 0.78866 1.06893 1.06604 0.52188 0.49114 0.59703 0.66913 0.60409 0.50471 0.37659 0.29916 0.19818 0.14541 0.17560 0.18140 0.23928 0.24318 0.20901 0.23982 0.27737 0.29558 0.55331 0.59052 0.50930 0.68136 1.27090 0.95499 0.98017 0.61348 0.41357 0.44222 0.25254 0.36692 0.59507 1.21804 1.15634 1.25877 0.77244 1.33786 1.14700 1.28851 1.14598 1.27529 1.40270 0.86612 0.94580 1.17689 0.84268 0.65051 0.52257 0.52867 0.57484 1.30141 1.29572 1.35327 1.19250 1.79587 2.30588 2.72879 2.98868
1.58202 1.49827 1.18196 0.80691 0.29505 0.17730 0.11870 0.09361 0.24186 0.64310 0.62786 0.33842 0.16537 0.44656 0.56504 0.80566 1.37298 1.10511 0.60176 0.43776 0.31531 0.47697 0.61365 0.25335 0.20549 0.19757 0.15012 0.19847 0.19834 0.23784 0.10585 0.14410 0.27832 0.34229 0.33164 0.79921 0.89029 0.82572 1.28388 1.53638 1.40695 1.65516 1.13199 0.95131 0.25789 0.29475 0.38881 0.51922 1.33778 0.89789 0.68646 0.94836 1.39156 1.32816 1.11632 1.35361 1.20166 1.17086 0.99958 1.03925 1.01748 1.14214 1.02213 0.80121 1.01118 1.38600 0.97569 0.81074 0.93067 2.24098 2.92365 2.89782 3.17240
1.82258 1.61697 1.45432 1.07504 0.59261 0.23017 0.07693 0.21217 0.15405 0.42312 0.94801 0.65751 0.17485 0.20282 0.50200 0.99082 1.30578 1.31558 0.97416 1.07341 0.77525 0.72672 0.53589 0.26281 0.34548 0.30242 0.10725 0.11243 0.09690 0.24014 0.19131 0.31076 0.53478 0.38270 0.43432 0.83917 0.65237 1.40624 1.61513 1.76323 1.40469 1.20186 0.99107 0.83937 1.30124 0.66493 0.70850 1.34915 0.84775 1.24300 1.04401 1.25521 1.31463 1.46239 1.58942 1.43590 1.24398 1.46872 1.56318 1.77964 1.43829 1.51548 1.50787 1.03686 1.56247 0.99765 1.24275 1.38661 1.29591 1.49633 2.29075 2.23451 1.72262
1.91585 1.89103 1.71054 1.44663 0.55235 0.57684 0.27716 0.06799 0.03377 0.09620 0.27152 0.78920 0.66784 0.73638 0.93859 0.57511 0.88340 0.80667 1.48546 0.99633 0.85527 0.76029 0.78963 0.53551 0.59908 0.34865 0.17377 0.07861 0.21125 0.22054 0.19512 0.33810 0.59531 0.53403 0.48349 0.94348 1.49147 1.14261 1.26565 1.47095 1.31914 1.69137 1.54898 1.56576 1.12765 1.22482 1.39988 1.35244 1.46032 1.57938 1.28660 1.40361 1.62606 1.90544 1.95208 1.97498 1.68974 2.00134 1.98591 2.09387 2.03280 1.75872 1.51588 1.28233 1.25889 1.34276 1.58726 1.63084 1.61459 1.91566 2.00056 2.19374 1.99021
1.92218 1.83654 1.90702 1.76684 1.71507 0.86595 0.72191 0.76856 0.51832 0.68396 0.62936 0.83525 1.38742 1.06010 0.85595 0.50169 0.88190 0.64046 0.76628 1.15274 1.11018 0.98707 0.65454 0.49765 0.34805 0.37061 0.34956 0.22877 0.25390 0.17136 0.21661 0.26149 0.57524 0.39170 0.66018 0.93708 1.61732 1.83261 1.72862 1.24550 1.82192 1.44508 1.38178 1.53199 1.26081 0.61911 1.26036 1.60089 1.38321 1.47980 1.11924 1.77621 1.94997 2.24137 2.19120 2.16712 2.27306 1.75194 2.38632 2.44885 1.46942 1.40397 1.56544 1.50195 1.50139 1.60020 1.83386 2.13685 2.24414 2.47704 2.53618 2.69092 2.96458
1.93672 1.91485 2.10201 2.07628 1.86416 1.52880 1.83153 1.85380 1.80076 1.64970 1.41195 1.23400 1.51539 0.95972 1.10375 1.21970 0.69701 0.64997 0.90359 1.26825 1.46161 0.91290 0.85202 0.38897 0.59364 0.43917 0.61196 0.49841 0.30505 0.46046 0.27096 0.36253 0.91174 1.07128 0.94992 1.11395 1.68878 1.79171 1.72298 1.55437 1.71624 1.57579 1.27890 1.44044 1.07333 1.10556 1.74999 1.76241 -9999 -9999 1.68100 2.63317 3.21559 3.09099 2.86918 2.64632 1.85241 1.72024 2.05653 1.92255 1.61517 1.44560 1.65812 1.60364 1.57912 1.71693 2.01886 2.59286 3.09965 3.32308 2.79169 3.47234 3.97222
1.91458 2.02494 2.06589 2.05051 1.91310 1.97614 1.97936 2.08756 1.61251 1.79081 1.86276 1.90753 1.61267 1.21345 1.75794 1.55381 0.85323 1.42193 0.91860 1.30701 1.42812 1.21821 1.33515 1.33501 0.97061 0.76372 0.27750 0.51447 0.60950 0.84930 0.91497 1.03694 1.29726 1.01397 1.04319 1.13642 1.12451 -9999 -9999 -9999 -9999 1.48950 -9999 1.04756 1.57987 1.39895 1.29213 1.88577 -9999 -9999 1.93905 2.95676 2.61515 2.38055 1.94899 1.76580 1.60338 1.56842 1.53430 1.50856 1.38596 1.38624 1.54780 2.02332 1.84488 1.89450 2.33011 2.50186 2.56898 3.77701 -9999 -9999 -9999
1.96211 2.06736 2.13462 1.83799 2.21967 2.04444 1.56877 1.52964 1.42457 1.51844 1.79390 1.84635 1.69333 1.25161 1.78644 1.84810 1.85974 1.72528 1.91877 1.72005 1.74824 1.78734 1.11034 1.42141 0.85638 1.24133 1.22495 1.14157 1.19010 1.22590 1.52744 1.40795 1.56242 1.14205 1.06872 -9999 -9999 -9999 -9999 -9999 -9999 -9999 1.72845 1.79899 1.84761 -9999 -9999 -9999 -9999 -9999 5.40050 4.48047 2.09135 3.03006 2.52876 2.67696 2.41749 1.82733 1.98030 1.95906 1.62753 2.17898 2.58053 1.97926 2.15202 2.02881 2.54994 3.05213 -9999 -9999 -9999 -9999 -9999
