data/hydroclimate-scenarios/BCSD_hadcm_B1/monthly_summaries/baseflow_monthly_tot_may.2030-2059.asc
ncols	311
nrows	91
xllcenter	102.75
yllcenter	31.75
cellsize	0.5
NODATA_value	-9999
[rows 0 to 31 of 91, columns 72 to 143 of 311]
-9999 -9999 -9999 -9999 -9999 -9999 -9999 -9999 -9999 -9999 -9999 -9999 -9999 -9999 -9999 -9999 -9999 -9999 -9999 -9999 -9999 -9999 -9999 -9999 -9999 -9999 -9999 -9999 -9999 -9999 -9999 -9999 -9999 -9999 -9999 -9999 -9999 -9999 -9999 -9999 -9999 -9999 -9999 -9999 -9999 -9999 -9999 -9999 -9999 -9999 -9999 -9999 -9999 -9999 -9999 -9999 -9999 -9999 -9999 -9999 -9999 -9999 -9999 -9999 -9999 -9999 -9999 -9999 -9999 -9999 -9999 -9999
-9999 -9999 -9999 -9999 -9999 -9999 -9999 -9999 -9999 -9999 -9999 -9999 -9999 -9999 -9999 -9999 -9999 -9999 -9999 -9999 -9999 -9999 -9999 -9999 -9999 -9999 -9999 -9999 -9999 -9999 -9999 -9999 -9999 -9999 -9999 -9999 -9999 -9999 -9999 -9999 -9999 -9999 -9999 -9999 -9999 -9999 -9999 -9999 -9999 -9999 -9999 -9999 -9999 -9999 -9999 -9999 -9999 -9999 -9999 -9999 -9999 -9999 -9999 -9999 -9999 -9999 -9999 -9999 -9999 -9999 -9999 -9999
-9999 -9999 -9999 -9999 -9999 -9999 -9999 -9999 -9999 -9999 -9999 -9999 -9999 -9999 -9999 -9999 -9999 -9999 -9999 -9999 -9999 -9999 -9999 -9999 -9999 -9999 -9999 -9999 -9999 -9999 -9999 -9999 -9999 -9999 -9999 -9999 -9999 -9999 -9999 -9999 -9999 -9999 -9999 -9999 -9999 -9999 -9999 -9999 -9999 -9999 -9999 -9999 -9999 -9999 -9999 -9999 -9999 -9999 -9999 -9999 -9999 -9999 -9999 -9999 -9999 -9999 -9999 -9999 -9999 -9999 -9999 -9999
-9999 -9999 -9999 -9999 -9999 -9999 -9999 -9999 -9999 -9999 -9999 -9999 -9999 -9999 -9999 -9999 -9999 -9999 -9999 -9999 -9999 -9999 -9999 -9999 -9999 -9999 -9999 -9999 -9999 -9999 -9999 -9999 -9999 -9999 -9999 -9999 -9999 -9999 -9999 -9999 -9999 -9999 -9999 -9999 -9999 -9999 -9999 -9999 -9999 -9999 -9999 -9999 -9999 -9999 -9999 -9999 -9999 -9999 -9999 -9999 -9999 -9999 -9999 -9999 -9999 -9999 -9999 -9999 -9999 -9999 -9999 -9999
-9999 -9999 -9999 -9999 -9999 -9999 -9999 -9999 -9999 -9999 -9999 -9999 -9999 -9999 -9999 -9999 -9999 -9999 -9999 -9999 -9999 -9999 -9999 -9999 -9999 -9999 -9999 -9999 -9999 -9999 -9999 -9999 -9999 -9999 -9999 -9999 -9999 -9999 -9999 -9999 -9999 -9999 -9999 -9999 -9999 -9999 -9999 -9999 -9999 -9999 -9999 -9999 -9999 -9999 -9999 -9999 -9999 -9999 -9999 -9999 -9999 -9999 -9999 -9999 -9999 -9999 -9999 -9999 -9999 -9999 -9999 -9999
-9999 -9999 -9999 -9999 -9999 -9999 -9999 -9999 -9999 -9999 -9999 -9999 -9999 -9999 -9999 -9999 -9999 -9999 -9999 -9999 -9999 -9999 -9999 -9999 -9999 -9999 -9999 -9999 -9999 -9999 -9999 -9999 -9999 -9999 -9999 -9999 -9999 -9999 -9999 -9999 -9999 -9999 -9999 -9999 -9999 -9999 -9999 -9999 -9999 -9999 -9999 -9999 -9999 -9999 -9999 -9999 -9999 -9999 -9999 -9999 -9999 -9999 -9999 -9999 -9999 -9999 -9999 -9999 -9999 -9999 -9999 -9999
-9999 -9999 -9999 -9999 -9999 -9999 -9999 -9999 -9999 -9999 -9999 -9999 -9999 -9999 -9999 -9999 -9999 -9999 -9999 -9999 -9999 -9999 -9999 -9999 -9999 -9999 -9999 -9999 -9999 -9999 -9999 -9999 -9999 -9999 -9999 -9999 -9999 -9999 -9999 -9999 -9999 -9999 -9999 -9999 -9999 -9999 -9999 -9999 -9999 -9999 -9999 -9999 -9999 -9999 -9999 -9999 -9999 -9999 -9999 -9999 -9999 -9999 -9999 -9999 -9999 -9999 -9999 -9999 -9999 -9999 -9999 -9999
-9999 -9999 -9999 -9999 -9999 -9999 -9999 -9999 -9999 -9999 -9999 -9999 -9999 -9999 -9999 -9999 -9999 -9999 -9999 -9999 -9999 -9999 -9999 -9999 -9999 -9999 -9999 -9999 -9999 -9999 -9999 -9999 -9999 -9999 -9999 -9999 -9999 -9999 -9999 -9999 -9999 -9999 -9999 -9999 -9999 -9999 -9999 -9999 -9999 -9999 -9999 -9999 -9999 -9999 -9999 -9999 -9999 -9999 -9999 -9999 -9999 -9999 -9999 -9999 -9999 -9999 -9999 -9999 -9999 -9999 -9999 -9999
-9999 -9999 -9999 -9999 -9999 2.02471 -9999 -9999 -9999 -9999 -9999 -9999 -9999 -9999 -9999 -9999 -9999 -9999 -9999 -9999 -9999 -9999 -9999 -9999 -9999 -9999 -9999 -9999 -9999 -9999 -9999 -9999 -9999 -9999 -9999 -9999 -9999 -9999 -9999 -9999 -9999 -9999 -9999 -9999 -9999 -9999 -9999 -9999 -9999 -9999 -9999 -9999 -9999 -9999 -9999 -9999 -9999 -9999 -9999 -9999 -9999 -9999 -9999 -9999 -9999 -9999 -9999 -9999 -9999 -9999 -9999 -9999
-9999 0.68664 0.40988 1.72651 2.34271 2.69673 3.63596 2.20783 1.90020 1.05289 0.93191 0.30954 0.34124 0.20518 0.23047 0.22403 0.17500 0.20741 0.22398 0.62738 0.64853 -9999 -9999 -9999 -9999 -9999 -9999 -9999 -9999 -9999 -9999 -9999 -9999 -9999 -9999 -9999 -9999 -9999 -9999 -9999 -9999 -9999 -9999 -9999 -9999 -9999 -9999 -9999 -9999 -9999 -9999 -9999 -9999 -9999 -9999 -9999 -9999 -9999 -9999 -9999 -9999 -9999 -9999 -9999 -9999 -9999 -9999 -9999 -9999 -9999 -9999 -9999
-9999 -9999 -9999 1.32477 1.50674 1.65130 1.29777 0.69153 0.78494 1.30823 1.24356 0.95096 0.92420 0.40492 0.39634 0.72790 0.63179 0.85235 0.81057 0.21834 0.18747 -9999 -9999 -9999 -9999 -9999 -9999 -9999 -9999 -9999 -9999 -9999 -9999 -9999 -9999 -9999 -9999 -9999 -9999 -9999 -9999 -9999 -9999 -9999 -9999 -9999 -9999 -9999 -9999 -9999 -9999 -9999 -9999 -9999 -9999 -9999 -9999 -9999 -9999 -9999 -9999 -9999 -9999 -9999 -9999 -9999 -9999 -9999 -9999 -9999 -9999 -9999
0.81914 0.85888 1.07894 1.31964 1.88401 3.47936 2.89524 1.65807 1.71482 1.91479 1.88790 1.42829 1.53540 0.71134 0.66971 1.18168 0.96150 1.15045 0.89606 0.78179 1.56034 0.79166 0.87540 1.63021 1.70113 1.80569 1.54250 -9999 -9999 -9999 -9999 -9999 -9999 -9999 -9999 -9999 -9999 -9999 -9999 -9999 -9999 -9999 -9999 -9999 -9999 -9999 -9999 -9999 -9999 -9999 -9999 -9999 -9999 -9999 -9999 -9999 -9999 -9999 -9999 -9999 -9999 -9999 -9999 -9999 -9999 -9999 -9999 -9999 -9999 -9999 -9999 -9999
3.44575 2.38384 3.16830 5.26443 6.39385 5.64876 6.99643 5.14052 5.52300 5.48234 5.70231 5.59347 5.01853 3.18201 2.50259 2.77742 2.58695 6.68818 3.14294 2.29343 2.35944 3.06085 3.22439 5.79562 5.35052 3.50649 3.37270 3.45609 2.87254 2.66992 2.50390 1.28482 1.18787 1.00655 0.77986 0.36599 0.30797 0.16575 0.12996 0.16618 0.14239 0.10030 -9999 -9999 -9999 -9999 -9999 -9999 -9999 -9999 -9999 -9999 -9999 -9999 -9999 -9999 -9999 -9999 -9999 -9999 -9999 -9999 -9999 -9999 -9999 -9999 -9999 -9999 -9999 -9999 -9999 -9999
0.64477 0.40909 2.07846 5.83293 4.81795 6.01176 7.52674 5.75150 4.89041 6.70431 10.53350 7.11524 9.61045 6.70025 5.54218 5.87862 4.99505 7.20135 5.81050 5.16580 4.70991 6.54483 4.64039 7.46906 8.90963 6.38331 6.13005 4.45325 3.73003 3.56354 3.38975 1.18001 0.79881 0.83967 0.71770 0.63121 0.37976 0.24921 0.20660 0.32234 0.25199 0.12686 1.57333 -9999 -9999 -9999 -9999 -9999 -9999 -9999 -9999 -9999 -9999 -9999 -9999 -9999 -9999 -9999 -9999 -9999 -9999 -9999 -9999 -9999 -9999 -9999 -9999 -9999 -9999 -9999 -9999 -9999
6.38450 3.58883 7.70471 4.52292 4.33040 7.77811 8.00392 8.84955 11.12400 10.19600 10.80900 8.41054 8.32547 11.73420 12.08390 11.48980 9.59320 6.28265 10.18630 7.69679 7.54030 7.54436 7.63245 9.76894 8.29114 9.33658 9.44109 9.91874 7.81800 6.89946 6.16736 4.61235 4.32972 3.58043 3.42552 1.73180 1.40524 1.70109 1.35021 1.46789 1.30982 1.29943 0.82993 -9999 -9999 -9999 -9999 -9999 -9999 -9999 -9999 -9999 -9999 -9999 -9999 -9999 -9999 -9999 0.38639 0.31989 -9999 -9999 -9999 -9999 0.47323 0.91361 1.09848 0.96988 0.64786 0.73382 0.83906 0.65111
4.96070 3.27948 8.36567 3.72677 4.04753 5.68098 9.12026 8.15048 8.94792 9.24497 11.30870 9.20532 9.82433 11.69890 12.02750 11.85990 11.82710 11.62610 6.45744 10.10620 10.46110 10.37200 8.47207 7.62451 9.61015 7.62188 9.20638 13.58710 13.11170 10.64290 9.35685 6.41550 5.16458 4.06659 4.93426 1.94084 1.85445 2.19736 4.32747 7.96343 7.26641 7.26313 3.42434 2.95766 2.63732 3.49488 0.92418 1.21374 1.65229 0.56524 0.36684 0.65726 0.39464 0.84138 0.34689 0.22725 0.29031 1.16890 1.00925 0.39415 -9999 -9999 -9999 -9999 -9999 0.66468 1.04470 0.97835 1.11515 1.30621 1.00167 0.89831
1.76963 5.22347 5.96847 1.96215 5.92631 6.66699 5.01725 6.20568 6.88583 9.26001 11.86520 10.71540 10.74440 8.33766 15.50380 9.73761 8.82122 9.43837 11.48230 11.34170 11.06590 8.43685 7.61909 9.30892 10.23320 10.83210 11.89690 12.70330 9.33256 8.65276 7.21101 4.50787 6.13932 3.70889 1.86106 1.96768 1.40071 9.82657 6.55857 1.43436 5.53294 1.14583 1.34286 1.61928 1.23160 0.93505 1.12461 0.79062 1.03913 1.93993 1.11521 1.63337 1.67769 1.32379 1.38157 0.85065 0.97023 0.69930 0.48028 0.28947 0.37584 0.93850 1.45318 1.54193 1.61401 1.76651 1.97498 2.30272 1.73138 1.44607 0.86121 1.43987
7.05981 6.83959 3.56042 6.01090 4.69128 6.15520 7.65017 7.27415 7.01187 8.28394 11.46260 10.81560 20.41400 9.45091 7.29444 11.82510 11.37200 8.21188 11.03100 8.87296 13.11110 12.62030 13.84940 10.67330 13.68100 13.04240 15.46820 10.65380 7.13262 5.35794 3.90564 2.94184 5.69426 4.35014 2.34702 6.40403 2.09115 3.28083 1.79436 2.22014 2.50055 1.24880 0.52055 1.14654 1.68853 2.19796 2.46188 1.16147 1.23920 1.56719 2.80486 2.57116 3.10376 2.36119 1.88259 1.09203 0.87448 0.85146 0.97780 0.81754 0.86540 0.93148 1.43660 2.63805 4.23191 3.29915 3.19746 4.11313 3.44240 1.22612 1.29639 1.60438
5.46925 3.58642 0.98844 2.59739 1.73842 3.06580 4.69477 6.29660 6.47143 9.19066 12.77220 14.19300 14.51090 14.83300 13.51180 14.16680 14.19180 12.10910 8.98642 13.99590 16.73590 18.61400 21.66230 17.77590 16.22590 16.71710 14.74790 13.85950 13.60460 12.51070 22.10550 11.24940 8.12729 6.56658 6.23618 7.71131 11.81040 7.38595 5.26588 7.18910 8.06255 6.97024 4.35402 2.21901 1.96711 2.39393 5.34292 5.69483 4.81352 4.46105 4.36370 3.50472 4.13947 3.32523 3.57810 2.95148 3.34820 1.63680 1.05137 1.62419 1.84605 1.58792 1.58475 1.62991 1.67611 1.47516 1.62002 1.52556 1.29265 1.27391 1.28944 2.13686
5.20551 4.95513 3.93796 1.62696 2.12002 0.61148 1.11479 2.70222 2.11976 6.50000 12.15100 12.57200 20.10880 20.90530 17.44230 14.12000 15.74370 13.33510 14.50990 17.12860 19.37290 22.55490 25.46530 21.12920 19.81610 17.56790 20.47480 8.88846 19.95250 16.14120 12.46810 13.84640 14.76570 14.78980 9.58191 12.08920 12.56500 15.54890 15.95110 7.79130 7.23942 10.86150 9.00807 4.40338 4.68772 6.17647 2.79061 5.01696 4.88300 5.23665 5.94181 4.66024 4.23477 4.60194 5.31101 3.67949 2.71061 2.08818 1.83704 2.90329 3.68228 2.03227 2.17695 1.72870 1.91337 1.81143 1.61726 1.97824 1.78058 2.37143 3.71636 4.25193
7.09352 5.12693 5.60970 3.67051 1.75720 1.31025 0.61764 7.32668 1.07200 2.88817 6.71629 8.19063 8.31646 15.08640 19.81590 18.55230 20.27380 13.12260 18.57680 13.80720 14.99050 18.26850 20.70680 20.61910 19.65670 24.99500 26.89420 15.44330 12.72340 13.00190 11.88430 18.25800 20.69950 22.79040 18.51290 23.55550 19.32340 18.70500 21.02850 8.40752 8.06722 7.84595 6.25142 7.03152 5.90748 4.52562 6.81695 8.39900 6.62147 5.41100 5.21106 5.09128 4.12498 2.93061 2.65933 3.04688 2.83459 4.65240 3.15758 1.98469 2.16661 2.25415 3.59501 2.97292 3.89137 2.07128 1.92983 2.21142 3.05853 3.51099 4.07599 7.37638
7.49042 5.08142 6.26785 4.10301 3.89147 4.78213 4.86810 7.71496 3.76658 2.36139 6.18093 8.74370 12.01210 10.08430 12.00950 9.66279 12.14250 14.85920 11.67130 18.08670 15.55630 18.19730 24.11500 24.78220 28.28450 38.34030 40.23440 14.04450 13.64820 16.41900 14.14120 17.87810 12.58890 19.88610 19.29480 19.63330 18.14970 18.92420 25.48440 17.67450 13.18260 10.26140 16.89150 12.09070 10.40270 9.87216 9.05004 9.60109 8.59922 8.47773 6.61579 5.71915 3.84824 3.55189 3.43567 2.32855 3.73806 5.06887 2.85980 2.66878 2.66100 4.15257 6.32458 5.57857 4.74098 3.54953 4.17439 4.65051 5.39174 6.47830 7.82680 11.28410
9.54724 9.25508 9.60079 7.04006 8.98102 8.48558 7.08610 11.69870 9.94054 5.72459 3.13704 10.05450 5.34968 10.83130 8.22398 11.25880 11.81780 10.05460 14.00060 11.95420 18.01020 18.95020 14.66910 22.54310 28.29650 34.00030 29.41900 30.37400 25.90810 25.83150 24.84150 21.51610 27.28130 19.56830 17.74640 21.32030 26.79700 23.60720 25.71710 22.01390 15.13140 12.84620 17.89710 14.23510 10.44250 8.42525 7.61023 7.67385 5.83341 4.19273 4.28458 3.01827 1.69654 1.16831 1.53327 5.47000 4.70232 6.78659 7.17337 4.65177 5.98924 9.08880 9.05901 13.50780 15.08610 18.54810 18.17060 7.33285 5.56350 9.95577 13.08760 9.81259
14.43530 15.18640 9.64730 8.19681 7.94114 6.62323 6.79763 8.64276 6.32170 4.05728 10.13900 8.65115 9.40496 5.41340 8.90003 9.66635 10.13790 15.27200 9.00738 8.63328 10.73450 14.29530 26.62050 26.94010 32.37670 36.65090 32.98970 32.17210 34.07770 36.87300 37.43790 32.63100 29.56900 25.80850 21.75610 21.41050 24.75740 24.19910 23.97620 19.62280 21.73750 18.34520 16.23710 17.98760 17.56940 8.65193 9.00876 5.70926 5.75141 4.61466 4.80670 4.53111 4.23465 1.79412 1.77587 5.42459 5.09208 10.23420 10.37600 9.49048 9.51387 11.09640 9.62091 20.17450 14.43280 14.34540 19.23260 14.58190 11.40630 15.15360 16.59730 15.37840
15.25710 14.77350 13.36770 12.24630 9.85701 6.82015 5.91763 6.67691 5.47348 3.61435 8.77412 7.58530 12.81630 7.04746 7.10283 10.71550 9.06850 11.80110 15.93490 11.47760 12.63780 15.22660 17.14210 29.40530 35.78280 36.19500 28.33100 26.20920 29.34460 25.40740 25.55980 31.01370 29.71740 23.79490 25.94180 28.71460 26.21910 21.87430 19.82670 16.58720 13.83200 13.02850 14.62020 19.79510 18.60770 9.90702 8.68301 7.25001 6.34179 4.82200 6.38040 3.88709 2.29788 3.04662 3.94905 6.31735 8.14174 6.53432 8.81939 7.43500 12.18800 12.78370 16.16620 23.35620 14.55200 19.19440 24.25880 13.58910 17.45080 16.25030 15.79770 14.52390
14.41940 16.98440 16.56960 14.36730 13.58810 6.55945 4.41025 4.59066 4.53756 7.84620 10.35480 11.90710 15.25800 6.70709 7.79807 11.64490 13.49070 9.12330 11.14890 10.65630 17.63330 20.39230 24.24270 28.92260 21.55820 37.81070 40.68530 27.97700 28.34120 29.55140 28.87780 28.94450 27.89530 27.71840 22.24450 18.79350 20.51600 29.01280 16.43640 10.32070 15.01840 18.37170 13.80930 10.70240 17.36050 12.73670 11.64760 12.95720 9.94957 6.96762 9.54637 10.12410 13.58090 14.99500 12.08860 12.95150 10.75120 15.63120 11.74240 10.35930 10.48680 15.26030 18.78070 27.30370 27.07460 27.49850 26.05350 20.15820 16.21890 13.72330 19.52270 20.00120
13.08790 14.69050 14.36850 18.23270 14.89660 12.12320 6.79979 4.24955 6.22230 9.10770 13.97000 13.35920 14.67150 8.64613 9.51402 8.55922 10.90120 12.08030 12.87290 16.67490 22.69490 17.48610 27.88610 23.77910 19.09380 30.35380 38.34870 40.35350 35.31200 34.51570 46.06270 27.62880 21.86200 24.26200 26.79430 17.53240 15.98730 22.35170 27.69730 16.58850 14.31880 13.22230 16.35560 16.19680 16.78460 16.95570 14.05190 13.08050 11.34140 12.45940 10.90230 7.88802 8.07420 6.19898 7.50109 15.41720 27.08390 27.90340 37.21240 44.93990 41.81580 38.89910 43.00950 29.13690 31.84760 33.51450 31.97840 24.99110 19.88560 16.05910 19.03110 23.82400
19.26410 15.50720 17.97760 15.12100 21.83470 16.12540 16.46240 8.95275 5.26800 5.69670 7.85380 10.70260 13.82810 14.51330 15.50490 13.55420 10.99110 17.33270 18.68890 14.68640 23.31650 24.62360 31.37160 34.09040 26.89080 20.57230 33.37010 47.25080 39.43220 31.58950 34.50480 26.82550 22.78770 22.44780 28.37310 18.55230 22.90680 22.64150 23.80150 18.46970 16.90910 18.63450 16.93320 21.66280 18.40690 19.27370 18.04510 14.98620 14.86550 16.57300 15.39740 16.26870 24.66630 15.93330 22.42480 30.97670 40.86810 47.15580 51.11120 52.52920 48.63060 49.66640 48.02380 18.48740 19.86460 23.66530 25.44710 25.59640 31.45730 25.00020 23.83680 26.63780
21.34250 17.15020 20.75490 17.30100 12.45520 18.67680 16.87010 13.91620 11.44980 19.56590 18.51820 16.01790 15.14200 14.83230 16.10830 21.43640 21.20710 23.61290 18.86970 21.33810 22.50610 24.51610 36.06110 30.77680 36.98520 29.99410 41.07550 66.31020 46.78880 37.21190 26.39830 24.37420 26.37250 21.92370 18.10030 25.40760 19.90600 12.83120 8.72330 11.83570 10.98230 14.32480 17.78430 18.66400 23.57730 38.62820 41.37320 39.71870 42.11140 40.93980 41.64390 55.45050 51.92680 32.66880 34.29360 46.65720 58.15180 59.70220 57.28020 46.56880 47.71070 31.88760 18.17440 8.20302 9.93761 12.00370 13.64230 14.37550 16.93440 15.82430 17.43210 15.39820
24.24130 20.02230 18.91600 11.89760 14.56820 10.56880 18.93120 15.76590 12.37750 17.09840 20.62520 17.36380 13.22390 16.98740 15.39990 18.21340 23.77020 23.60860 22.52000 27.77770 26.77010 18.18890 28.35040 35.46710 36.59400 28.65810 36.60050 59.94100 45.44450 44.47170 53.58600 27.64460 30.00460 25.08830 25.21190 23.94970 21.73240 13.13880 12.14370 12.14990 21.76470 22.47720 28.16910 31.98660 38.22110 46.99740 48.77960 35.80640 41.27640 -9999 -9999 68.32680 70.77420 65.99630 54.45230 62.35490 66.43490 68.36980 57.30810 43.60500 23.36120 15.09630 10.98780 8.79079 5.97846 7.10350 6.29965 10.86820 17.41090 16.59370 27.50460 18.92590
35.07900 32.41910 26.21550 18.84180 15.49410 15.22780 16.66010 15.24510 12.58220 11.86890 10.99440 14.15440 14.09320 19.20890 18.34970 22.38250 27.11600 31.42260 28.64480 25.41400 29.12740 31.09180 23.74600 17.25350 27.85370 26.76200 35.12090 42.12940 41.63530 41.50450 55.35790 44.89580 36.58930 25.58170 17.14750 7.68987 18.61810 28.67100 -9999 -9999 -9999 -9999 47.40240 -9999 42.52800 39.55780 47.17000 39.44410 74.66130 -9999 -9999 56.58220 59.07610 57.93400 57.29460 73.06880 61.45660 44.24650 31.59330 37.48360 29.21450 21.54220 18.55190 16.43000 5.13572 5.21318 6.97165 16.35220 20.18720 21.67900 39.38460 -9999
37.76630 36.97300 29.46290 18.42920 21.23320 16.26290 22.60990 22.22280 17.02640 17.17350 17.01270 14.99520 13.36090 18.13190 31.00690 29.14340 27.83940 26.69120 27.56720 21.44980 31.03580 31.82310 36.63220 24.70580 28.26040 31.34270 29.27720 46.48520 52.18340 49.77680 49.30070 39.11770 38.14940 17.00860 23.83360 22.58570 -9999 -9999 -9999 -9999 -9999 -9999 -9999 52.07630 55.63510 58.83800 -9999 -9999 -9999 -9999 -9999 78.89700 69.46810 42.11460 49.58670 38.19480 48.63010 51.10750 32.85380 62.09020 57.45300 41.95210 30.76320 29.37240 31.58450 23.57120 10.80210 17.97460 41.55770 -9999 -9999 -9999
