data/hydroclimate-scenarios/BCSD_hadcm_B1/monthly_summaries/baseflow_monthly_tot_dec.2030-2059.asc
ncols	311
nrows	91
xllcenter	102.75
yllcenter	31.75
cellsize	0.5
NODATA_value	-9999
[rows 0 to 31 of 91, columns 73 to 145 of 311]
-9999 -9999 -9999 -9999 -9999 -9999 -9999 -9999 -9999 -9999 -9999 -9999 -9999 -9999 -9999 -9999 -9999 -9999 -9999 -9999 -9999 -9999 -9999 -9999 -9999 -9999 -9999 -9999 -9999 -9999 -9999 -9999 -9999 -9999 -9999 -9999 -9999 -9999 -9999 -9999 -9999 -9999 -9999 -9999 -9999 -9999 -9999 -9999 -9999 -9999 -9999 -9999 -9999 -9999 -9999 -9999 -9999 -9999 -9999 -9999 -9999 -9999 -9999 -9999 -9999 -9999 -9999 -9999 -9999 -9999 -9999 -9999 -9999
-9999 -9999 -9999 -9999 -9999 -9999 -9999 -9999 -9999 -9999 -9999 -9999 -9999 -9999 -9999 -9999 -9999 -9999 -9999 -9999 -9999 -9999 -9999 -9999 -9999 -9999 -9999 -9999 -9999 -9999 -9999 -9999 -9999 -9999 -9999 -9999 -9999 -9999 -9999 -9999 -9999 -9999 -9999 -9999 -9999 -9999 -9999 -9999 -9999 -9999 -9999 -9999 -9999 -9999 -9999 -9999 -9999 -9999 -9999 -9999 -9999 -9999 -9999 -9999 -9999 -9999 -9999 -9999 -9999 -9999 -9999 -9999 -9999
-9999 -9999 -9999 -9999 -9999 -9999 -9999 -9999 -9999 -9999 -9999 -9999 -9999 -9999 -9999 -9999 -9999 -9999 -9999 -9999 -9999 -9999 -9999 -9999 -9999 -9999 -9999 -9999 -9999 -9999 -9999 -9999 -9999 -9999 -9999 -9999 -9999 -9999 -9999 -9999 -9999 -9999 -9999 -9999 -9999 -9999 -9999 -9999 -9999 -9999 -9999 -9999 -9999 -9999 -9999 -9999 -9999 -9999 -9999 -9999 -9999 -9999 -9999 -9999 -9999 -9999 -9999 -9999 -9999 -9999 -9999 -9999 -9999
-9999 -9999 -9999 -9999 -9999 -9999 -9999 -9999 -9999 -9999 -9999 -9999 -9999 -9999 -9999 -9999 -9999 -9999 -9999 -9999 -9999 -9999 -9999 -9999 -9999 -9999 -9999 -9999 -9999 -9999 -9999 -9999 -9999 -9999 -9999 -9999 -9999 -9999 -9999 -9999 -9999 -9999 -9999 -9999 -9999 -9999 -9999 -9999 -9999 -9999 -9999 -9999 -9999 -9999 -9999 -9999 -9999 -9999 -9999 -9999 -9999 -9999 -9999 -9999 -9999 -9999 -9999 -9999 -9999 -9999 -9999 -9999 -9999
-9999 -9999 -9999 -9999 -9999 -9999 -9999 -9999 -9999 -9999 -9999 -9999 -9999 -9999 -9999 -9999 -9999 -9999 -9999 -9999 -9999 -9999 -9999 -9999 -9999 -9999 -9999 -9999 -9999 -9999 -9999 -9999 -9999 -9999 -9999 -9999 -9999 -9999 -9999 -9999 -9999 -9999 -9999 -9999 -9999 -9999 -9999 -9999 -9999 -9999 -9999 -9999 -9999 -9999 -9999 -9999 -9999 -9999 -9999 -9999 -9999 -9999 -9999 -9999 -9999 -9999 -9999 -9999 -9999 -9999 -9999 -9999 -9999
-9999 -9999 -9999 -9999 -9999 -9999 -9999 -9999 -9999 -9999 -9999 -9999 -9999 -9999 -9999 -9999 -9999 -9999 -9999 -9999 -9999 -9999 -9999 -9999 -9999 -9999 -9999 -9999 -9999 -9999 -9999 -9999 -9999 -9999 -9999 -9999 -9999 -9999 -9999 -9999 -9999 -9999 -9999 -9999 -9999 -9999 -9999 -9999 -9999 -9999 -9999 -9999 -9999 -9999 -9999 -9999 -9999 -9999 -9999 -9999 -9999 -9999 -9999 -9999 -9999 -9999 -9999 -9999 -9999 -9999 -9999 -9999 -9999
-9999 -9999 -9999 -9999 -9999 -9999 -9999 -9999 -9999 -9999 -9999 -9999 -9999 -9999 -9999 -9999 -9999 -9999 -9999 -9999 -9999 -9999 -9999 -9999 -9999 -9999 -9999 -9999 -9999 -9999 -9999 -9999 -9999 -9999 -9999 -9999 -9999 -9999 -9999 -9999 -9999 -9999 -9999 -9999 -9999 -9999 -9999 -9999 -9999 -9999 -9999 -9999 -9999 -9999 -9999 -9999 -9999 -9999 -9999 -9999 -9999 -9999 -9999 -9999 -9999 -9999 -9999 -9999 -9999 -9999 -9999 -9999 -9999
-9999 -9999 -9999 -9999 -9999 -9999 -9999 -9999 -9999 -9999 -9999 -9999 -9999 -9999 -9999 -9999 -9999 -9999 -9999 -9999 -9999 -9999 -9999 -9999 -9999 -9999 -9999 -9999 -9999 -9999 -9999 -9999 -9999 -9999 -9999 -9999 -9999 -9999 -9999 -9999 -9999 -9999 -9999 -9999 -9999 -9999 -9999 -9999 -9999 -9999 -9999 -9999 -9999 -9999 -9999 -9999 -9999 -9999 -9999 -9999 -9999 -9999 -9999 -9999 -9999 -9999 -9999 -9999 -9999 -9999 -9999 -9999 -9999
-9999 -9999 -9999 -9999 0.33063 -9999 -9999 -9999 -9999 -9999 -9999 -9999 -9999 -9999 -9999 -9999 -9999 -9999 -9999 -9999 -9999 -9999 -9999 -9999 -9999 -9999 -9999 -9999 -9999 -9999 -9999 -9999 -9999 -9999 -9999 -9999 -9999 -9999 -9999 -9999 -9999 -9999 -9999 -9999 -9999 -9999 -9999 -9999 -9999 -9999 -9999 -9999 -9999 -9999 -9999 -9999 -9999 -9999 -9999 -9999 -9999 -9999 -9999 -9999 -9999 -9999 -9999 -9999 -9999 -9999 -9999 -9999 -9999
0.98997 0.03985 0.11385 0.16300 0.24254 0.42358 0.39231 0.47828 0.35133 0.34805 0.18452 0.24714 0.13112 0.23317 0.28718 0.19719 0.18245 0.21236 0.36736 0.39634 -9999 -9999 -9999 -9999 -9999 -9999 -9999 -9999 -9999 -9999 -9999 -9999 -9999 -9999 -9999 -9999 -9999 -9999 -9999 -9999 -9999 -9999 -9999 -9999 -9999 -9999 -9999 -9999 -9999 -9999 -9999 -9999 -9999 -9999 -9999 -9999 -9999 -9999 -9999 -9999 -9999 -9999 -9999 -9999 -9999 -9999 -9999 -9999 -9999 -9999 -9999 -9999 -9999
-9999 -9999 0.02393 0.02746 0.03075 0.03870 0.03962 0.05327 0.03400 0.05332 0.10716 0.10980 0.09103 0.10476 0.12594 0.15902 0.17405 0.19655 0.16402 0.14220 -9999 -9999 -9999 -9999 -9999 -9999 -9999 -9999 -9999 -9999 -9999 -9999 -9999 -9999 -9999 -9999 -9999 -9999 -9999 -9999 -9999 -9999 -9999 -9999 -9999 -9999 -9999 -9999 -9999 -9999 -9999 -9999 -9999 -9999 -9999 -9999 -9999 -9999 -9999 -9999 -9999 -9999 -9999 -9999 -9999 -9999 -9999 -9999 -9999 -9999 -9999 -9999 -9999
0.01096 0.01271 0.00752 0.01486 0.03083 0.02908 0.02046 0.03994 0.01716 0.02260 0.04692 0.07554 0.08032 0.09334 0.10379 0.12697 0.12669 0.10079 0.33632 0.93984 0.05647 0.05863 0.08577 0.10068 0.07623 0.16345 -9999 -9999 -9999 -9999 -9999 -9999 -9999 -9999 -9999 -9999 -9999 -9999 -9999 -9999 -9999 -9999 -9999 -9999 -9999 -9999 -9999 -9999 -9999 -9999 -9999 -9999 -9999 -9999 -9999 -9999 -9999 -9999 -9999 -9999 -9999 -9999 -9999 -9999 -9999 -9999 -9999 -9999 -9999 -9999 -9999 -9999 -9999
0.02154 0.02763 0.06608 0.06799 0.03945 0.07729 0.02049 0.02483 0.04121 0.07326 0.06668 0.08088 0.10213 0.16201 0.14102 0.15672 1.24807 0.12115 0.16738 0.16869 0.37544 0.27742 0.19830 0.15901 0.14999 0.15438 0.17006 0.15250 0.18166 0.18106 0.04257 0.04841 0.01563 0.01428 0.01295 0.01339 0.00465 0.00464 0.03358 0.03536 0.03218 -9999 -9999 -9999 -9999 -9999 -9999 -9999 -9999 -9999 -9999 -9999 -9999 -9999 -9999 -9999 -9999 -9999 -9999 -9999 -9999 -9999 -9999 -9999 -9999 -9999 -9999 -9999 -9999 -9999 -9999 -9999 -9999
0.00018 0.00830 0.06124 0.03487 0.05341 0.06392 0.01798 0.00475 0.01432 0.08754 0.01841 0.18850 0.22751 0.28499 0.14961 0.15917 0.08702 0.12389 0.24222 0.31430 0.59056 0.18332 0.20807 0.29928 0.27641 0.28582 0.22344 0.23040 0.18492 0.20885 0.03803 0.02205 0.00939 0.01018 0.01894 0.01383 0.00623 0.00631 0.03771 0.06021 0.03750 0.74916 -9999 -9999 -9999 -9999 -9999 -9999 -9999 -9999 -9999 -9999 -9999 -9999 -9999 -9999 -9999 -9999 -9999 -9999 -9999 -9999 -9999 -9999 -9999 -9999 -9999 -9999 -9999 -9999 -9999 -9999 -9999
0.09375 0.47956 0.07721 0.04741 0.11922 0.09607 0.10036 0.11621 0.09494 0.10606 0.04936 0.04931 0.04108 0.07279 0.29449 0.34712 0.15977 1.91881 0.54421 0.51908 0.34744 0.28979 0.30188 0.34594 0.29443 0.24038 0.27869 0.23882 0.14202 0.14551 0.07834 0.06586 0.03515 0.03382 0.02703 0.02307 0.03028 0.03257 0.02996 0.03654 0.06307 0.04169 -9999 -9999 -9999 -9999 -9999 -9999 -9999 -9999 -9999 -9999 -9999 -9999 -9999 -9999 -9999 0.08992 0.14944 -9999 -9999 -9999 -9999 0.55149 1.45710 2.16095 1.72768 0.64919 0.60952 0.65723 0.70623 1.93335 2.31884
0.06859 0.34341 0.03520 0.01774 0.03724 0.11373 0.07556 0.09059 0.02808 0.03833 0.02833 0.04910 0.05664 0.04159 0.13459 0.10655 1.78871 0.10943 0.26631 0.32244 0.20185 0.14008 0.14683 0.14245 0.11804 0.15558 0.22624 0.21289 0.12914 0.10580 0.09024 0.05509 0.01194 0.02042 0.01436 0.01307 0.01567 0.27077 0.78415 0.71317 0.98833 0.27359 0.30464 0.29583 0.90800 0.07605 0.23957 0.52421 0.18254 0.19758 0.34656 0.16987 0.49940 0.19616 0.00993 0.00769 0.15142 0.15189 0.06788 -9999 -9999 -9999 -9999 -9999 0.25574 0.93277 1.14199 1.66072 2.08082 1.17733 1.39800 1.42661 1.77126
0.19649 0.32131 0.01966 0.08749 0.10109 0.03435 0.02353 0.01968 0.02910 0.03692 0.00821 0.00810 0.00809 0.39487 0.03584 0.08839 0.14167 0.11222 0.17988 0.19023 0.11407 0.08592 0.08398 0.09935 0.07378 0.09410 0.04474 0.05130 0.07105 0.05103 0.05723 0.06322 0.04489 0.04270 0.04204 0.03652 1.22238 0.77135 0.02186 1.20811 0.02968 0.02811 0.04239 0.03678 0.05119 0.04723 0.07803 0.18144 0.09739 0.03213 0.09984 0.57297 1.10654 0.48860 0.69002 0.90406 0.39075 0.14640 0.16209 0.25840 0.24614 0.25921 0.14925 0.19793 0.16565 0.39342 0.47608 0.64973 1.92326 0.94931 1.98188 2.67219 2.84688
0.21739 0.36744 0.57363 0.21631 0.15207 0.26837 0.01817 0.00731 0.01533 0.01824 0.00522 0.31828 0.01089 0.04071 0.07443 0.05927 0.09185 0.24514 0.08799 0.07114 0.06977 0.05725 0.05453 0.05606 0.06109 0.06485 0.04993 0.06533 0.06018 0.06559 0.03819 0.01891 0.02166 0.02294 0.94534 0.02076 0.02828 0.02439 0.04210 0.03028 0.00927 0.01016 0.03780 0.03368 0.03373 0.02288 0.01326 0.01441 0.01984 0.03113 0.05842 0.05444 0.30315 0.84693 0.85125 0.58279 0.46023 0.63671 0.55847 1.02372 0.55927 0.17219 0.11607 0.32332 0.14534 0.15761 0.39678 1.34380 1.86536 2.20924 2.73184 3.20379 3.48673
0.86506 0.00140 0.06489 0.00746 0.01164 0.12712 0.01255 0.00254 0.00446 0.01445 0.01694 0.02544 0.08152 0.11252 0.14141 0.10467 0.15202 0.47681 0.28741 0.16703 0.09524 0.07874 0.04731 0.05091 0.07263 0.08258 0.06473 0.05737 0.02718 0.94871 0.05163 0.02436 0.05805 0.05523 0.05770 0.08777 0.06166 0.05386 0.03376 0.03574 0.10108 0.10006 0.06789 0.01708 0.00437 0.01254 0.01016 0.01041 0.03085 0.03578 0.11431 0.17987 0.02988 0.02523 0.02091 0.77758 0.72872 0.77679 1.46892 2.16065 2.76135 1.49628 0.94987 0.51509 0.39500 0.33155 0.78955 1.27289 1.56229 1.98162 3.17205 2.87198 3.22519
1.40298 1.09988 0.02876 0.00738 0.00071 0.01152 0.01219 0.00184 0.11507 0.25447 0.12304 0.15805 0.16753 0.05933 0.02593 0.07879 0.15386 0.21950 0.31480 0.18586 0.12101 0.11296 0.05376 0.03473 0.06636 0.06019 0.01752 0.43362 0.03172 0.04571 0.05204 0.02839 0.03648 0.01833 0.04107 0.05615 0.10496 0.17119 0.06017 0.03207 0.06245 0.06528 0.08076 0.08732 0.04360 0.01276 0.00442 0.01679 0.07329 0.05621 0.11646 0.05707 0.18467 0.64746 0.83439 1.67133 0.79760 0.42257 0.73343 1.16241 0.94559 2.21446 2.50084 1.15664 2.77467 0.99541 1.09159 1.30729 2.43617 1.62831 1.68924 3.43726 3.69128
1.08343 1.56187 1.99973 0.08320 0.00210 0.00000 0.04717 0.00045 0.01163 0.46812 1.40979 2.26298 1.18782 0.68157 0.21655 0.10152 0.02125 0.04278 0.07836 0.08679 0.06814 0.03263 0.01234 0.01512 0.01781 0.01332 0.03463 0.03367 0.01006 0.00802 0.08810 0.12439 0.18183 0.20068 0.31709 0.37222 0.23393 0.27831 0.04836 0.06854 0.04601 0.03378 0.10633 0.06805 0.03077 0.05968 0.02651 0.01747 0.00445 0.01504 0.05430 0.05210 0.07045 0.12464 0.66804 1.27612 1.10918 2.14316 1.72461 1.56310 0.65544 1.03387 0.63228 1.12407 0.57576 0.92537 1.00399 2.41151 1.46525 0.84642 1.14045 2.24294 1.96582
2.18936 2.63836 2.23866 1.71075 1.11571 0.68443 0.38961 0.02558 0.00302 0.01071 0.27971 0.95215 1.66949 1.93361 1.30920 0.98783 0.35820 0.04961 0.13566 0.10603 0.06336 0.08394 0.03574 0.03389 0.02510 0.03905 0.02561 0.04794 0.02524 0.02958 0.26071 0.10412 0.39512 0.39830 0.21520 0.22127 0.07940 0.53258 0.28100 0.17278 0.06153 0.37356 0.28980 0.37298 0.21592 0.13910 0.10348 0.08452 0.58852 0.32904 0.85399 0.34543 0.74687 0.65321 0.97463 1.02497 0.96666 1.45612 1.19341 1.27609 1.27786 0.47948 0.79069 0.37864 2.17503 1.92573 1.94617 1.92587 0.78442 0.81299 1.49850 1.79699 3.11807
2.46380 1.83794 2.47722 2.78860 1.93570 0.99530 1.23153 0.52485 0.10266 0.08681 0.28356 0.00770 0.16381 0.04891 0.29107 1.55658 1.55262 1.15404 0.42360 0.64343 0.18201 0.04986 0.07331 0.09292 0.03365 0.03100 0.15108 0.07631 0.03878 0.04165 0.06416 0.10026 0.16224 0.03466 0.09263 0.22878 0.59743 0.59663 0.23629 0.08752 0.06310 0.19027 0.31055 0.41881 0.36456 0.13722 0.28334 0.78283 1.14102 0.89043 1.43622 1.98787 0.96459 1.73368 1.43957 2.08141 1.14034 0.65906 0.57907 0.38663 0.81190 0.35952 2.33016 1.32268 0.98798 0.74234 0.98448 1.12527 1.08718 1.45826 2.18748 3.13736 2.29285
1.75028 0.79707 1.86853 2.37851 1.86836 1.85014 1.42670 0.59340 0.08829 1.07620 1.08081 0.62225 1.57101 1.80665 2.50078 0.00316 1.22196 1.92985 2.25376 1.70275 1.07684 0.16909 0.08682 0.08905 0.04551 0.05865 0.11721 0.11196 0.13122 0.14345 0.09898 0.07943 0.02503 0.03119 0.08967 0.12882 0.35133 0.47653 1.16539 0.69436 0.23790 0.16114 0.01546 0.04468 0.04485 0.15731 0.33740 0.67164 1.48408 0.67997 1.07759 0.94992 1.99631 2.25743 1.93860 1.89014 1.72390 1.15031 0.33604 0.29405 0.51194 0.92296 0.56165 0.52578 0.67684 0.58740 1.17175 1.72255 1.56775 2.21188 1.62131 1.96571 2.62124
1.56977 1.01175 1.41533 1.05051 0.85034 0.88324 0.32997 0.31378 0.32207 0.45499 0.21906 0.52734 0.92350 1.24514 1.91407 2.14290 0.79605 0.61474 0.75151 0.91150 0.69074 0.48649 0.21632 0.13015 0.03494 0.01201 0.03075 0.02955 0.05255 0.05863 0.02407 0.03471 0.04037 0.06874 0.23531 0.27292 0.23640 0.42809 1.57631 0.86827 0.74709 0.37737 0.11556 0.12131 0.08900 0.17173 0.27563 1.19416 1.36317 1.22425 0.72995 1.94422 1.64122 1.68521 1.45908 1.49056 2.00233 0.89389 0.99243 1.40053 0.66014 0.28866 0.25277 0.30396 0.33067 1.44077 2.17320 2.30987 1.62562 2.32332 2.42233 3.08919 3.77578
2.43832 2.23362 1.92775 1.21774 0.66127 0.40480 0.10941 0.04839 0.40118 1.08021 1.00409 0.49672 0.08302 0.51369 1.27184 1.75540 2.54029 2.02385 0.81517 0.37955 0.25045 0.50349 0.67858 0.11762 0.04287 0.03554 0.01765 0.03630 0.03362 0.05819 0.00785 0.01739 0.06012 0.09999 0.09750 0.76824 0.93806 0.86617 1.85345 2.32158 1.77394 2.35843 1.04284 0.63661 0.09279 0.12229 0.12346 0.24643 1.49572 0.55253 0.55458 0.98143 1.31320 1.16217 1.02485 1.63524 1.19730 1.30629 0.69587 0.73179 0.70925 0.78336 0.89283 0.58434 0.67855 1.30821 1.66364 1.54263 1.55107 3.45559 3.71324 4.14891 4.22642
3.23716 2.66865 2.56718 1.54062 1.07278 0.52605 0.19570 0.32804 0.35654 0.71100 1.80226 1.22310 0.24014 0.20859 0.97435 2.07690 2.40185 2.38483 1.47952 1.63313 1.15309 0.91517 0.49901 0.08502 0.21395 0.14103 0.03894 0.03948 0.00695 0.05412 0.01905 0.09748 0.42201 0.16281 0.34124 1.14742 0.82233 2.05581 2.81890 3.30566 2.14376 1.31867 1.06248 0.76329 1.73586 0.66055 0.42143 1.56984 0.70996 1.16880 1.38816 1.83009 1.83596 2.07039 2.24819 1.33112 1.22921 1.88455 1.13348 1.77404 1.31446 1.39752 1.33156 0.56533 1.73376 0.96081 2.04529 2.58173 2.27962 2.33557 3.51857 3.34600 2.13794
3.46676 2.87844 3.40718 2.46861 1.20578 1.10486 0.44930 0.16036 0.05271 0.12552 0.47603 1.51647 1.26158 1.34988 1.88760 1.04391 1.35041 1.15359 2.51357 1.40319 1.16798 0.84449 0.92221 0.49557 0.66819 0.23712 0.10328 0.03013 0.05127 0.05432 0.02884 0.16078 0.64914 0.44238 0.50289 1.42108 2.53806 1.91800 2.00175 2.54696 1.96369 2.90412 2.46342 2.39890 1.24239 1.54285 1.74976 1.57281 1.62323 1.90223 1.75753 1.97972 2.21735 2.37847 2.54590 2.39086 2.81930 3.74774 2.37237 2.72617 2.61661 2.02715 2.45250 1.71243 2.08081 2.21819 2.86941 2.60524 2.64663 3.29221 2.94670 3.50348 3.47412
3.40551 3.01580 3.15916 3.22847 2.24575 1.40726 1.17191 1.14726 0.93064 1.23390 0.91930 1.39164 2.54269 1.88670 1.27807 0.65897 1.19604 0.77430 0.94697 1.76377 1.74233 1.29187 0.81191 0.57640 0.27037 0.33590 0.27387 0.12992 0.12232 0.06110 0.07430 0.16338 0.65657 0.53106 0.89317 1.64042 3.05462 3.52975 3.49208 2.35405 3.58035 2.04596 2.08877 2.22433 1.36149 0.41810 0.80304 1.00146 0.92056 1.04717 0.64394 2.21450 2.08459 2.62236 3.12300 3.08490 5.02126 3.10430 3.42131 3.91709 1.87532 2.56220 3.33062 3.26314 3.46900 3.56289 3.11338 3.31777 3.02724 3.29565 3.94150 4.28098 6.23542
3.43952 3.13406 3.69180 3.13649 3.11516 2.66647 2.94504 2.98433 2.98966 2.67072 2.47652 2.33709 2.75987 1.72598 1.77102 1.95865 0.88756 0.77145 1.36312 2.10709 2.61040 1.18675 1.17513 0.47879 0.85876 0.52881 0.71124 0.60617 0.28171 0.50366 0.22149 0.43347 1.39276 1.44531 1.45405 1.75473 3.06798 3.33635 3.20155 2.30985 2.68791 1.90649 1.43586 1.55231 1.12938 1.04946 1.79467 1.29929 -9999 -9999 2.10616 4.75408 4.87646 4.37619 6.61264 5.65997 4.35991 3.85058 3.39231 3.05222 3.22740 3.22031 3.44558 3.87473 4.12157 4.54870 4.14940 4.89258 5.43643 5.47083 4.98218 7.13254 10.52770
3.38750 3.57560 4.03573 3.58150 3.32796 3.23533 3.36686 2.62585 2.73550 3.02514 3.21964 3.41057 2.74708 2.13253 3.18523 2.73930 1.62152 2.63169 1.73288 2.20404 2.42571 1.96633 2.58579 2.32788 1.74719 1.22867 0.19154 0.50799 0.74045 1.08807 1.42995 1.77795 2.21259 1.77649 1.93648 1.91584 1.88055 -9999 -9999 -9999 -9999 1.64735 -9999 1.34476 2.84196 2.01736 1.57309 1.88440 -9999 -9999 2.43428 4.15752 5.82121 5.29309 4.61245 3.72577 2.75130 2.68942 2.47768 2.79793 2.97411 2.65099 2.92896 4.73125 4.20077 4.26660 3.46691 3.09592 3.92954 7.41558 -9999 -9999 -9999
3.34645 3.67109 3.81655 3.02941 4.12001 3.81904 2.65571 2.46468 2.37927 2.61750 3.12342 3.25416 3.02403 2.25070 3.34784 3.47035 3.66371 3.31296 3.73631 3.13925 3.21444 3.37528 2.36533 2.65376 1.76775 2.47489 2.53420 2.26007 2.25475 2.28946 2.99732 2.83596 2.75767 1.90557 1.76209 -9999 -9999 -9999 -9999 -9999 -9999 -9999 2.16057 2.60164 2.53479 -9999 -9999 -9999 -9999 -9999 7.50253 5.74604 5.01600 6.72997 6.56407 6.47864 4.25196 3.53802 2.98072 2.78496 2.69643 4.34482 4.67660 2.81167 3.93579 4.37955 3.66661 3.88966 -9999 -9999 -9999 -9999 -9999
