data/hydroclimate-scenarios/BCSD_hadcm_B1/monthly_summaries/baseflow_monthly_tot_mar.2030-2059.asc
ncols	311
nrows	91
xllcenter	102.75
yllcenter	31.75
cellsize	0.5
NODATA_value	-9999
[rows 0 to 31 of 91, columns 73 to 145 of 311]
-9999 -9999 -9999 -9999 -9999 -9999 -9999 -9999 -9999 -9999 -9999 -9999 -9999 -9999 -9999 -9999 -9999 -9999 -9999 -9999 -9999 -9999 -9999 -9999 -9999 -9999 -9999 -9999 -9999 -9999 -9999 -9999 -9999 -9999 -9999 -9999 -9999 -9999 -9999 -9999 -9999 -9999 -9999 -9999 -9999 -9999 -9999 -9999 -9999 -9999 -9999 -9999 -9999 -9999 -9999 -9999 -9999 -9999 -9999 -9999 -9999 -9999 -9999 -9999 -9999 -9999 -9999 -9999 -9999 -9999 -9999 -9999 -9999
-9999 -9999 -9999 -9999 -9999 -9999 -9999 -9999 -9999 -9999 -9999 -9999 -9999 -9999 -9999 -9999 -9999 -9999 -9999 -9999 -9999 -9999 -9999 -9999 -9999 -9999 -9999 -9999 -9999 -9999 -9999 -9999 -9999 -9999 -9999 -9999 -9999 -9999 -9999 -9999 -9999 -9999 -9999 -9999 -9999 -9999 -9999 -9999 -9999 -9999 -9999 -9999 -9999 -9999 -9999 -9999 -9999 -9999 -9999 -9999 -9999 -9999 -9999 -9999 -9999 -9999 -9999 -9999 -9999 -9999 -9999 -9999 -9999
-9999 -9999 -9999 -9999 -9999 -9999 -9999 -9999 -9999 -9999 -9999 -9999 -9999 -9999 -9999 -9999 -9999 -9999 -9999 -9999 -9999 -9999 -9999 -9999 -9999 -9999 -9999 -9999 -9999 -9999 -9999 -9999 -9999 -9999 -9999 -9999 -9999 -9999 -9999 -9999 -9999 -9999 -9999 -9999 -9999 -9999 -9999 -9999 -9999 -9999 -9999 -9999 -9999 -9999 -9999 -9999 -9999 -9999 -9999 -9999 -9999 -9999 -9999 -9999 -9999 -9999 -9999 -9999 -9999 -9999 -9999 -9999 -9999
-9999 -9999 -9999 -9999 -9999 -9999 -9999 -9999 -9999 -9999 -9999 -9999 -9999 -9999 -9999 -9999 -9999 -9999 -9999 -9999 -9999 -9999 -9999 -9999 -9999 -9999 -9999 -9999 -9999 -9999 -9999 -9999 -9999 -9999 -9999 -9999 -9999 -9999 -9999 -9999 -9999 -9999 -9999 -9999 -9999 -9999 -9999 -9999 -9999 -9999 -9999 -9999 -9999 -9999 -9999 -9999 -9999 -9999 -9999 -9999 -9999 -9999 -9999 -9999 -9999 -9999 -9999 -9999 -9999 -9999 -9999 -9999 -9999
-9999 -9999 -9999 -9999 -9999 -9999 -9999 -9999 -9999 -9999 -9999 -9999 -9999 -9999 -9999 -9999 -9999 -9999 -9999 -9999 -9999 -9999 -9999 -9999 -9999 -9999 -9999 -9999 -9999 -9999 -9999 -9999 -9999 -9999 -9999 -9999 -9999 -9999 -9999 -9999 -9999 -9999 -9999 -9999 -9999 -9999 -9999 -9999 -9999 -9999 -9999 -9999 -9999 -9999 -9999 -9999 -9999 -9999 -9999 -9999 -9999 -9999 -9999 -9999 -9999 -9999 -9999 -9999 -9999 -9999 -9999 -9999 -9999
-9999 -9999 -9999 -9999 -9999 -9999 -9999 -9999 -9999 -9999 -9999 -9999 -9999 -9999 -9999 -9999 -9999 -9999 -9999 -9999 -9999 -9999 -9999 -9999 -9999 -9999 -9999 -9999 -9999 -9999 -9999 -9999 -9999 -9999 -9999 -9999 -9999 -9999 -9999 -9999 -9999 -9999 -9999 -9999 -9999 -9999 -9999 -9999 -9999 -9999 -9999 -9999 -9999 -9999 -9999 -9999 -9999 -9999 -9999 -9999 -9999 -9999 -9999 -9999 -9999 -9999 -9999 -9999 -9999 -9999 -9999 -9999 -9999
-9999 -9999 -9999 -9999 -9999 -9999 -9999 -9999 -9999 -9999 -9999 -9999 -9999 -9999 -9999 -9999 -9999 -9999 -9999 -9999 -9999 -9999 -9999 -9999 -9999 -9999 -9999 -9999 -9999 -9999 -9999 -9999 -9999 -9999 -9999 -9999 -9999 -9999 -9999 -9999 -9999 -9999 -9999 -9999 -9999 -9999 -9999 -9999 -9999 -9999 -9999 -9999 -9999 -9999 -9999 -9999 -9999 -9999 -9999 -9999 -9999 -9999 -9999 -9999 -9999 -9999 -9999 -9999 -9999 -9999 -9999 -9999 -9999
-9999 -9999 -9999 -9999 -9999 -9999 -9999 -9999 -9999 -9999 -9999 -9999 -9999 -9999 -9999 -9999 -9999 -9999 -9999 -9999 -9999 -9999 -9999 -9999 -9999 -9999 -9999 -9999 -9999 -9999 -9999 -9999 -9999 -9999 -9999 -9999 -9999 -9999 -9999 -9999 -9999 -9999 -9999 -9999 -9999 -9999 -9999 -9999 -9999 -9999 -9999 -9999 -9999 -9999 -9999 -9999 -9999 -9999 -9999 -9999 -9999 -9999 -9999 -9999 -9999 -9999 -9999 -9999 -9999 -9999 -9999 -9999 -9999
-9999 -9999 -9999 -9999 0.31830 -9999 -9999 -9999 -9999 -9999 -9999 -9999 -9999 -9999 -9999 -9999 -9999 -9999 -9999 -9999 -9999 -9999 -9999 -9999 -9999 -9999 -9999 -9999 -9999 -9999 -9999 -9999 -9999 -9999 -9999 -9999 -9999 -9999 -9999 -9999 -9999 -9999 -9999 -9999 -9999 -9999 -9999 -9999 -9999 -9999 -9999 -9999 -9999 -9999 -9999 -9999 -9999 -9999 -9999 -9999 -9999 -9999 -9999 -9999 -9999 -9999 -9999 -9999 -9999 -9999 -9999 -9999 -9999
0.72766 0.06366 0.13560 0.17709 0.25154 0.38743 0.32929 0.38800 0.32747 0.32815 0.22830 0.29150 0.16032 0.21862 0.24286 0.18256 0.20219 0.22406 0.31928 0.33450 -9999 -9999 -9999 -9999 -9999 -9999 -9999 -9999 -9999 -9999 -9999 -9999 -9999 -9999 -9999 -9999 -9999 -9999 -9999 -9999 -9999 -9999 -9999 -9999 -9999 -9999 -9999 -9999 -9999 -9999 -9999 -9999 -9999 -9999 -9999 -9999 -9999 -9999 -9999 -9999 -9999 -9999 -9999 -9999 -9999 -9999 -9999 -9999 -9999 -9999 -9999 -9999 -9999
-9999 -9999 0.04363 0.04901 0.05428 0.06525 0.06097 0.07860 0.05456 0.08047 0.14339 0.14374 0.12711 0.14156 0.15315 0.18250 0.19430 0.21107 0.18331 0.15563 -9999 -9999 -9999 -9999 -9999 -9999 -9999 -9999 -9999 -9999 -9999 -9999 -9999 -9999 -9999 -9999 -9999 -9999 -9999 -9999 -9999 -9999 -9999 -9999 -9999 -9999 -9999 -9999 -9999 -9999 -9999 -9999 -9999 -9999 -9999 -9999 -9999 -9999 -9999 -9999 -9999 -9999 -9999 -9999 -9999 -9999 -9999 -9999 -9999 -9999 -9999 -9999 -9999
0.02039 0.02346 0.01527 0.02884 0.05471 0.05084 0.03402 0.06042 0.02849 0.03585 0.07176 0.11053 0.11807 0.13451 0.13865 0.16168 0.15752 0.12432 0.33089 0.87527 0.07188 0.07543 0.10090 0.10174 0.08088 0.12750 -9999 -9999 -9999 -9999 -9999 -9999 -9999 -9999 -9999 -9999 -9999 -9999 -9999 -9999 -9999 -9999 -9999 -9999 -9999 -9999 -9999 -9999 -9999 -9999 -9999 -9999 -9999 -9999 -9999 -9999 -9999 -9999 -9999 -9999 -9999 -9999 -9999 -9999 -9999 -9999 -9999 -9999 -9999 -9999 -9999 -9999 -9999
0.03817 0.04783 0.09248 0.09424 0.06021 0.10443 0.03740 0.04361 0.05889 0.09500 0.10393 0.12023 0.14771 0.21373 0.18983 0.20377 1.01532 0.15616 0.20981 0.21169 0.30998 0.22060 0.18036 0.14741 0.15052 0.14802 0.12024 0.10753 0.13384 0.13427 0.05340 0.05982 0.01789 0.01656 0.01798 0.01896 0.00571 0.00671 0.03888 0.04055 0.04173 -9999 -9999 -9999 -9999 -9999 -9999 -9999 -9999 -9999 -9999 -9999 -9999 -9999 -9999 -9999 -9999 -9999 -9999 -9999 -9999 -9999 -9999 -9999 -9999 -9999 -9999 -9999 -9999 -9999 -9999 -9999 -9999
0.00048 0.01504 0.08612 0.05636 0.08027 0.09127 0.03285 0.00782 0.02251 0.10817 0.03022 0.20562 0.23942 0.27282 0.19496 0.20345 0.11972 0.15828 0.27794 0.33539 0.44729 0.10672 0.14474 0.22605 0.21607 0.21204 0.15378 0.15945 0.13591 0.14828 0.04900 0.03069 0.00920 0.01129 0.02479 0.01905 0.00847 0.00929 0.04369 0.06017 0.04591 0.66245 -9999 -9999 -9999 -9999 -9999 -9999 -9999 -9999 -9999 -9999 -9999 -9999 -9999 -9999 -9999 -9999 -9999 -9999 -9999 -9999 -9999 -9999 -9999 -9999 -9999 -9999 -9999 -9999 -9999 -9999 -9999
0.07296 0.37936 0.09000 0.06345 0.15889 0.13482 0.13340 0.14930 0.12325 0.13368 0.06609 0.06493 0.06245 0.10325 0.24138 0.28002 0.16993 1.33050 0.41130 0.38519 0.26746 0.22057 0.22202 0.25610 0.18994 0.14995 0.17940 0.17186 0.12171 0.11948 0.08697 0.07845 0.04505 0.04295 0.03641 0.03201 0.04003 0.04360 0.03886 0.04615 0.06836 0.04591 -9999 -9999 -9999 -9999 -9999 -9999 -9999 -9999 -9999 -9999 -9999 -9999 -9999 -9999 -9999 0.10918 0.16670 -9999 -9999 -9999 -9999 0.43999 0.95418 1.29831 1.08801 0.48124 0.44404 0.47715 0.57102 1.43297 1.45450
0.07454 0.30799 0.05022 0.03123 0.06186 0.15918 0.09787 0.11691 0.04437 0.05764 0.03982 0.06630 0.08256 0.06455 0.14970 0.12302 1.27278 0.13560 0.20573 0.23920 0.17885 0.11791 0.12358 0.11506 0.09539 0.11383 0.15264 0.14860 0.11244 0.09914 0.09235 0.06809 0.01909 0.03006 0.01866 0.01775 0.02181 0.26564 0.68766 0.63203 0.85580 0.28222 0.27967 0.27740 0.81101 0.08372 0.26197 0.46830 0.20329 0.21515 0.30744 0.17114 0.39504 0.15800 0.01354 0.01070 0.16374 0.15857 0.07249 -9999 -9999 -9999 -9999 -9999 0.22877 0.71506 0.82881 1.10227 1.27679 0.78607 0.89656 0.96560 1.09851
0.16970 0.28369 0.02653 0.10907 0.12233 0.05322 0.03191 0.02678 0.03673 0.04557 0.01342 0.01402 0.01486 0.39980 0.05564 0.11590 0.14743 0.12115 0.16398 0.16469 0.12534 0.10244 0.09185 0.09924 0.07580 0.08903 0.05250 0.05879 0.07403 0.05880 0.06810 0.07291 0.05944 0.05857 0.05628 0.04896 0.96857 0.65481 0.02880 1.02297 0.03929 0.03722 0.04962 0.04316 0.05889 0.05577 0.10080 0.21509 0.12920 0.04792 0.12507 0.45439 0.73241 0.40269 0.53864 0.66052 0.30009 0.10117 0.11961 0.19512 0.18790 0.22632 0.18500 0.22845 0.36460 0.60138 0.57890 0.70782 1.29541 0.73326 1.14100 1.38724 1.52426
0.19142 0.30644 0.44974 0.20666 0.15338 0.22495 0.02574 0.01169 0.02262 0.02549 0.00947 0.33620 0.01976 0.06464 0.09816 0.08090 0.11479 0.22254 0.10703 0.08826 0.08468 0.07494 0.06510 0.06378 0.06122 0.06491 0.05887 0.07185 0.06790 0.07205 0.05274 0.02919 0.03483 0.03614 0.74174 0.02667 0.03902 0.03284 0.05710 0.03903 0.01055 0.01207 0.05212 0.04508 0.04312 0.02844 0.01988 0.02263 0.03050 0.04859 0.08192 0.07563 0.30200 0.61232 0.61193 0.46424 0.38180 0.49236 0.41581 0.63838 0.34819 0.10708 0.13611 0.34751 0.35258 0.37623 0.53400 1.08443 1.10813 1.25513 1.42791 1.58574 1.71560
0.54729 0.00248 0.08562 0.01264 0.01967 0.13483 0.02048 0.00470 0.00880 0.02352 0.02447 0.03685 0.10076 0.13611 0.16422 0.12848 0.16350 0.35389 0.23318 0.14412 0.10071 0.08377 0.05910 0.06274 0.05825 0.06412 0.07356 0.06733 0.03456 0.74530 0.05774 0.03390 0.07683 0.07436 0.07954 0.10575 0.07663 0.07034 0.04763 0.05169 0.12955 0.13113 0.09578 0.02792 0.00820 0.02191 0.01543 0.01633 0.04462 0.05125 0.14721 0.21961 0.04142 0.03399 0.03062 0.58796 0.57372 0.60653 0.95405 1.26249 1.48784 0.87779 0.60740 0.36865 0.37803 0.37240 0.66167 0.91306 0.94517 1.12707 1.69856 1.51732 1.62868
0.91253 0.64754 0.04267 0.01344 0.00160 0.01868 0.01878 0.00274 0.13493 0.24099 0.11504 0.15205 0.15978 0.07372 0.04148 0.10580 0.16105 0.20083 0.24824 0.15175 0.11899 0.10979 0.06348 0.04305 0.05455 0.05016 0.02670 0.36216 0.03897 0.05331 0.05935 0.03706 0.05149 0.03014 0.05519 0.07283 0.11666 0.17284 0.07443 0.04327 0.08581 0.08912 0.11042 0.12153 0.06597 0.02294 0.00836 0.02634 0.09850 0.07782 0.14662 0.07276 0.21206 0.55294 0.65451 1.04642 0.65340 0.39267 0.59839 0.85572 0.68832 1.31287 1.45818 0.77302 1.55566 0.77962 0.80642 0.92459 1.45998 1.18255 1.28087 1.82529 1.89031
0.66163 0.92393 1.10977 0.06694 0.00382 0.00021 0.06268 0.00125 0.01800 0.39288 0.90524 1.28101 0.72087 0.47556 0.17599 0.09963 0.03532 0.06045 0.07485 0.07979 0.07080 0.04043 0.01884 0.02082 0.02584 0.01951 0.03937 0.03814 0.01529 0.01213 0.09980 0.13217 0.16366 0.17903 0.26186 0.30285 0.22164 0.24936 0.06868 0.09586 0.06097 0.04377 0.12559 0.09304 0.05043 0.08647 0.04377 0.03105 0.00939 0.02406 0.06572 0.05926 0.07859 0.13298 0.55401 0.91654 0.87958 1.32937 1.11356 1.04056 0.51985 0.83493 0.58542 0.89992 0.49149 0.72823 0.74890 1.54024 1.08646 0.82534 0.99428 1.45297 1.22702
1.32963 1.46316 1.27589 1.04754 0.66830 0.45361 0.30143 0.03650 0.00624 0.01925 0.22297 0.61221 1.02396 1.14235 0.81748 0.63252 0.25802 0.05665 0.10211 0.08850 0.06450 0.07782 0.04491 0.04140 0.03439 0.04768 0.03011 0.04685 0.03167 0.03974 0.24378 0.12401 0.30983 0.31367 0.20829 0.21816 0.09306 0.40983 0.29141 0.19996 0.07353 0.34433 0.26614 0.33223 0.23416 0.16880 0.13784 0.11240 0.47138 0.34121 0.67125 0.26134 0.60841 0.53202 0.63506 0.84128 0.82995 1.08267 0.87753 0.91103 0.98041 0.51391 0.73157 0.35732 1.42062 1.36560 1.39584 1.42710 0.81163 0.87694 1.22183 1.12254 1.73804
1.44322 1.16655 1.42289 1.49114 1.04669 0.57274 0.75024 0.36778 0.10843 0.08613 0.24858 0.01242 0.17320 0.05908 0.21487 0.94981 1.01796 0.76207 0.26593 0.48219 0.17085 0.06416 0.07617 0.09030 0.04590 0.04153 0.14356 0.08772 0.05536 0.06034 0.09222 0.13344 0.18355 0.04731 0.10659 0.23435 0.49740 0.49740 0.24100 0.10415 0.07729 0.20064 0.29948 0.35335 0.32670 0.15063 0.29762 0.64113 0.87033 0.73955 1.03420 1.30623 0.67655 1.09725 1.07189 1.34594 0.87374 0.60833 0.56581 0.42255 0.67176 0.32409 1.37519 0.98924 0.80254 0.65579 0.85121 0.91408 0.89290 1.11993 1.42507 1.73173 1.48198
1.03131 0.61901 1.11822 1.35282 1.06406 1.04507 0.85120 0.41029 0.08338 0.67641 0.69782 0.45335 0.98829 1.07012 1.36250 0.00627 0.81451 1.19413 1.29931 1.04542 0.68902 0.17755 0.09191 0.09175 0.06337 0.07203 0.12344 0.12344 0.14852 0.16204 0.12884 0.10786 0.03726 0.04541 0.10726 0.14515 0.32334 0.42226 0.81131 0.58923 0.24994 0.14601 0.01765 0.05779 0.05588 0.16905 0.33741 0.55990 1.06172 0.55945 0.83185 0.70161 1.28922 1.39525 1.28475 1.27705 1.13725 0.87590 0.40106 0.36062 0.50607 0.72845 0.56480 0.54658 0.56027 0.49606 0.94064 1.18794 1.08285 1.36155 1.28344 1.44908 1.71164
0.88887 0.54690 0.86169 0.65979 0.54556 0.57481 0.28187 0.26325 0.23844 0.33175 0.17000 0.40538 0.65587 0.83773 1.09897 1.21654 0.50647 0.51143 0.53755 0.64005 0.49304 0.37899 0.20574 0.13898 0.05068 0.01906 0.04333 0.04329 0.06849 0.06974 0.03885 0.05458 0.05716 0.08853 0.25564 0.28710 0.23769 0.40244 0.99722 0.64635 0.60285 0.31023 0.13251 0.15662 0.11143 0.20298 0.29814 0.86420 0.88390 0.88120 0.63568 1.26887 1.13770 1.15895 1.08758 1.12318 1.29433 0.78494 0.85135 1.04197 0.62256 0.32311 0.30352 0.33809 0.36504 1.00233 1.31419 1.33776 0.96672 1.37204 1.48045 1.77027 1.98333
1.29575 1.22200 1.09866 0.71236 0.43411 0.31042 0.12425 0.06708 0.28414 0.67254 0.65332 0.39296 0.11004 0.44615 0.82331 1.03814 1.41523 1.19099 0.58210 0.32841 0.24270 0.40766 0.50984 0.12648 0.06044 0.05320 0.02827 0.05422 0.04829 0.07623 0.01351 0.02836 0.08188 0.12598 0.12413 0.63724 0.69547 0.67846 1.03270 1.30017 1.17775 1.39994 0.76317 0.54635 0.11458 0.14399 0.14513 0.25085 1.00975 0.51168 0.51393 0.80785 1.02187 1.00580 0.90797 1.20026 0.99091 1.03352 0.73988 0.77428 0.70199 0.73516 0.78305 0.56423 0.62736 0.96349 0.98803 0.86174 0.86091 1.78286 1.96684 2.17266 2.17249
1.69657 1.43493 1.41920 0.98187 0.69270 0.39319 0.14442 0.22273 0.26764 0.47389 1.03726 0.77157 0.23531 0.21308 0.68943 1.15462 1.32691 1.29937 0.95198 1.01166 0.78758 0.65121 0.44274 0.10877 0.23663 0.17150 0.04434 0.04573 0.01186 0.07313 0.02990 0.12126 0.39818 0.20858 0.30609 0.83231 0.54392 1.19770 1.55378 1.71679 1.21325 0.85735 0.72679 0.56374 1.14607 0.51695 0.38635 1.11338 0.53490 0.90280 1.00438 1.19564 1.22683 1.30969 1.42227 1.10149 0.97487 1.23839 0.97607 1.28510 0.98926 1.00680 1.01860 0.53134 1.17172 0.69451 1.10565 1.28928 1.25562 1.27788 1.77934 1.62086 1.20040
1.74569 1.53957 1.73039 1.32538 0.69160 0.64760 0.29796 0.12278 0.06079 0.12966 0.34906 0.91598 0.83444 0.89509 1.08980 0.72659 0.84430 0.74617 1.40365 0.90634 0.77556 0.61928 0.68856 0.45388 0.53046 0.24566 0.09795 0.03861 0.06939 0.07569 0.04480 0.18777 0.55975 0.44959 0.43573 0.94320 1.38329 1.04877 1.09402 1.32134 1.09933 1.59059 1.42993 1.42349 0.90225 1.06520 1.13966 1.04461 1.06552 1.18905 1.16862 1.29982 1.41106 1.55761 1.70801 1.65714 1.49812 1.81051 1.48250 1.62648 1.52363 1.19070 1.31746 0.99128 1.14758 1.16058 1.37964 1.26768 1.35637 1.54519 1.37995 1.60851 1.75482
1.71259 1.55716 1.60729 1.63728 1.15049 0.77383 0.60830 0.66376 0.58483 0.73288 0.65814 0.87457 1.36818 1.12645 0.84229 0.48742 0.77206 0.57256 0.68772 1.04281 1.02873 0.83175 0.53471 0.36568 0.28257 0.33165 0.24619 0.14216 0.16039 0.08980 0.10915 0.20220 0.48199 0.33783 0.66063 1.04129 1.53713 1.74315 1.66784 1.18579 1.74691 1.19141 1.19488 1.24362 0.89282 0.38395 0.52119 0.74672 0.78553 0.92142 0.65730 1.46372 1.45579 1.75534 1.76872 1.72603 2.53763 1.72380 1.94375 2.02606 1.09823 1.29822 1.58310 1.54679 1.56228 1.57304 1.62309 1.70109 1.48572 1.59361 1.73256 1.80784 2.54511
1.70956 1.59782 1.80398 1.58499 1.62170 1.33799 1.47954 1.50200 1.48654 1.37695 1.27847 1.17794 1.44456 1.06837 1.07270 1.12434 0.62744 0.57754 0.80325 1.16743 1.39417 0.82022 0.73822 0.27542 0.66626 0.46471 0.51146 0.45140 0.28462 0.42545 0.25653 0.42214 0.80323 0.92035 0.94830 1.08752 1.59000 1.68480 1.63332 1.24604 1.43864 1.09941 0.86149 0.90111 0.68805 0.67433 1.10647 0.91789 -9999 -9999 1.25843 2.19696 2.60932 2.60438 2.46778 2.27576 2.11798 1.76247 1.71476 1.56804 1.56023 1.54310 1.59563 1.73000 1.79900 1.91290 1.96092 2.19643 2.30229 2.30868 1.99197 2.45400 3.10673
1.71294 1.80545 1.87854 1.75999 1.66680 1.62549 1.68034 1.39688 1.43231 1.55880 1.58827 1.64145 1.44312 1.19151 1.59820 1.40402 0.94171 1.38567 0.91992 1.17977 1.24454 1.12110 1.33250 1.26916 1.04002 0.82167 0.19803 0.49675 0.63854 0.76942 0.94322 1.08991 1.23211 1.10050 1.14157 1.07982 0.97306 -9999 -9999 -9999 -9999 0.85340 -9999 0.74597 1.44304 1.15920 0.96501 0.98486 -9999 -9999 1.18784 1.80044 2.11312 1.89627 1.72533 1.54754 1.47797 1.43474 1.31075 1.42063 1.45704 1.33246 1.49161 2.07915 1.85557 1.87677 1.66329 1.58549 1.80857 2.56428 -9999 -9999 -9999
1.68756 1.83855 1.83416 1.51254 1.96045 1.80084 1.33573 1.30238 1.25870 1.37570 1.56776 1.63760 1.54100 1.11386 1.58897 1.67191 1.72624 1.65868 1.78767 1.51790 1.52025 1.55322 1.19750 1.40701 0.98969 1.35931 1.41429 1.29211 1.27875 1.29510 1.51274 1.46316 1.51144 1.18125 1.03678 -9999 -9999 -9999 -9999 -9999 -9999 -9999 1.18134 1.31760 1.32475 -9999 -9999 -9999 -9999 -9999 2.62228 2.11821 1.76091 2.35979 2.53565 2.58750 2.04737 1.70143 1.47914 1.45540 1.38543 1.98547 2.11849 1.47951 1.83484 1.92206 1.74857 1.77283 -9999 -9999 -9999 -9999 -9999
