data/hydroclimate-scenarios/BCSD_hadcm_B1/monthly_summaries/baseflow_monthly_tot_jul.2070-2099.asc
ncols	311
nrows	91
xllcenter	102.75
yllcenter	31.75
cellsize	0.5
NODATA_value	-9999
[rows 32 to 63 of 91, columns 0 to 72 of 311]
-9999 -9999 -9999 -9999 -9999 -9999 -9999 -9999 -9999 -9999 -9999 0.02892 0.03648 0.03722 0.04527 0.01634 0.02721 0.03232 0.04423 0.04191 0.04860 0.02725 0.01786 0.33407 0.97132 0.27775 0.39110 0.38223 0.31865 0.00948 0.01041 0.00904 0.00573 0.00497 0.00522 0.00227 0.00239 0.04964 0.10257 0.04460 0.08378 0.03514 0.04446 0.04155 0.04737 0.03986 0.05368 0.06267 0.06970 0.03468 0.03157 0.08571 0.06125 0.25265 0.21590 0.11428 0.14169 0.13287 0.11069 0.02285 0.01770 0.02630 0.15758 0.20885 0.20705 0.17686 0.22093 0.28767 0.67196 1.48631 0.90068 6.22456 6.82606
-9999 -9999 -9999 -9999 -9999 -9999 -9999 -9999 -9999 -9999 -9999 0.03353 0.03927 0.03831 0.05437 0.01863 0.02186 0.01703 0.01735 0.02001 0.02253 0.01841 0.13578 1.14911 1.52605 0.06854 0.17731 0.04117 0.01068 0.26630 0.26952 0.00784 0.00601 0.00245 0.01389 0.01567 0.10999 0.11834 0.51732 0.79478 0.22293 0.59135 0.17835 0.08219 0.11279 0.13136 0.14694 0.09635 0.09578 0.05895 0.04478 0.10880 0.07467 0.18580 0.02636 0.02082 0.02626 0.03556 0.02402 0.03093 0.02818 0.61293 0.45280 0.02581 0.22512 0.20363 0.22674 0.35256 0.55443 1.12363 0.60147 4.12955 2.85183
-9999 -9999 -9999 -9999 -9999 -9999 -9999 -9999 -9999 -9999 -9999 -9999 0.00535 0.00589 0.00703 0.00799 0.00924 0.00876 0.00966 0.00650 0.10633 0.01248 0.02691 0.04368 0.05490 0.46938 0.30317 0.16087 0.03944 0.01126 0.17501 0.24062 0.23572 0.18453 0.22020 0.14590 0.17825 0.02053 0.18614 0.65678 0.84211 1.37483 1.52538 0.34816 0.50038 0.25396 0.18009 0.07802 0.06574 0.07678 0.03806 0.03491 0.03112 0.02672 0.03422 0.07494 0.08138 0.30296 0.60395 0.30458 0.26609 0.13232 0.13614 0.19736 0.23276 0.30114 0.24583 0.43175 1.33580 4.54554 1.06016 1.40398 1.75717
-9999 -9999 -9999 -9999 -9999 -9999 -9999 -9999 -9999 -9999 -9999 -9999 0.00316 0.00479 0.00444 0.00481 0.00383 0.09876 0.09789 0.00612 0.00857 0.06960 0.09349 0.16891 0.30371 0.18972 0.08962 0.27094 0.06994 0.04354 0.02574 0.32678 0.26339 0.16270 0.24008 0.00359 0.00834 0.00786 0.00874 0.20816 0.90703 1.13583 1.20608 0.66009 0.51631 0.19312 0.13802 0.07037 0.04834 0.14694 0.09822 0.02270 0.01382 0.02526 0.02372 0.16284 0.31436 0.24910 0.01800 0.13295 0.14274 0.02914 0.02706 0.12391 0.28077 0.20492 0.29293 0.43198 0.88930 2.12015 3.80970 1.79459 2.33831
-9999 -9999 -9999 -9999 -9999 -9999 -9999 -9999 -9999 -9999 -9999 -9999 0.00266 0.00152 0.08532 0.09855 0.11105 0.00372 0.00640 0.01169 0.02802 0.07664 0.08339 0.21926 0.19754 0.29088 0.13810 0.08565 0.14328 0.07173 0.06650 0.14814 0.00549 0.00580 0.00236 0.00522 0.00807 0.00946 0.00801 0.33316 0.94119 1.96833 1.79275 0.52187 0.55767 1.94964 1.33072 1.33154 0.96019 0.29198 0.12817 0.21012 0.05758 0.01857 0.00675 0.01601 0.02399 0.01842 0.01836 0.17053 0.02143 0.05126 0.04828 0.07546 0.23444 0.26811 0.36278 0.47440 1.46213 2.34606 3.44136 3.82274 4.48251
-9999 -9999 -9999 0.05174 0.04237 0.01859 0.01696 0.01705 0.02103 -9999 0.01526 0.09635 0.09360 0.00118 0.00134 0.00182 0.00284 0.00301 0.01122 0.02326 0.01933 0.03069 0.05161 0.08488 0.09609 0.09187 0.05227 0.21074 0.39646 0.90840 0.19092 0.01001 0.02569 0.12557 0.02867 0.03572 0.08148 0.05518 0.03209 0.46261 0.72374 1.58013 1.67705 0.80463 1.58784 3.12931 3.72869 1.95223 0.99510 0.83304 1.26125 1.70534 1.29852 0.61560 0.14584 0.44141 0.50040 0.07170 0.14404 0.04277 0.17069 0.05677 0.06243 0.18881 0.16110 0.16494 0.29039 0.67230 1.29777 3.72172 7.47919 8.38394 13.39230
-9999 -9999 -9999 0.03630 0.02955 0.02819 0.03437 0.01112 0.01179 0.13654 0.13277 0.11023 0.00172 0.00385 0.00788 0.01418 0.02129 0.00911 0.01115 0.01365 0.01406 0.13764 0.06076 0.02098 0.07312 0.08434 0.10863 0.31764 0.58452 0.79365 0.16671 0.47487 0.27679 0.40880 0.43056 0.43922 0.14686 0.36131 0.07039 0.35781 0.47071 0.48986 0.54094 1.55884 2.39149 6.67766 6.23060 1.16637 2.93444 5.06597 4.68249 3.57007 3.02041 0.98548 0.25709 0.28046 0.12471 0.09809 0.16658 0.42403 0.35387 0.47682 0.71016 1.61241 1.99928 0.57696 0.83903 0.85978 2.49031 4.34200 12.13160 13.34860 22.87350
-9999 -9999 -9999 0.01473 0.01388 0.01965 0.21354 0.16556 0.13215 0.13032 0.13686 0.13180 0.00557 0.02470 0.05243 0.01544 0.03447 0.02707 0.01155 0.01337 0.02291 0.33260 0.15174 0.21547 0.35645 0.17849 0.14192 0.44246 0.81303 1.21103 2.91477 1.89357 0.90648 0.50184 0.78577 0.57937 0.20447 0.12794 0.14222 0.49729 0.63563 0.93220 0.89775 1.48675 1.13171 3.32649 4.23153 5.01301 4.80688 5.06230 5.81864 3.32824 2.87446 0.74939 0.31243 0.13802 0.09760 0.06891 0.14603 0.49742 0.36380 0.61178 0.37515 2.07793 2.57983 2.24955 2.57388 3.83600 12.70410 16.53360 24.97600 22.21600 24.87930
-9999 -9999 -9999 0.00911 0.00411 0.01353 0.14966 0.17149 0.14650 0.13689 0.12720 0.00068 0.01779 0.02900 0.02258 0.01978 0.06322 0.17129 0.11940 0.03467 0.14234 0.36368 1.08591 0.70055 0.29453 0.17977 0.11106 0.15166 1.13254 3.93760 3.69402 0.28201 0.98448 1.70111 1.66820 1.22259 0.27394 0.07305 0.16696 0.13177 0.36325 1.95650 4.46807 3.97210 1.42959 2.37354 3.50797 1.42131 2.58124 3.05695 4.52988 2.38656 1.73068 2.09866 0.55890 0.39990 0.28428 0.33848 0.52590 0.94442 1.82800 1.60517 1.49163 2.83079 4.32113 4.75836 6.54051 7.82147 18.87700 28.26450 27.33730 23.10430 -9999
-9999 -9999 -9999 0.00424 0.00187 0.00893 0.15731 0.15759 0.17755 0.14814 0.11164 0.13277 0.02024 0.05099 0.17620 0.14163 0.32419 0.25336 0.07851 0.00968 0.07828 0.14696 0.86214 0.10899 0.10345 0.05370 0.00747 0.02657 0.33847 1.14791 1.65712 0.67078 1.10070 0.56688 0.40874 0.28164 0.20460 0.06190 0.04967 0.12400 0.53881 1.38744 2.33439 2.73235 2.28437 1.79801 1.87947 1.64075 3.12151 3.34938 3.90569 1.75790 2.63359 2.95288 0.73255 1.79218 0.49246 0.32871 0.55066 1.64358 1.68027 2.24016 2.35691 7.42675 9.44055 6.51369 9.11347 16.51090 22.54830 23.65710 20.05320 -9999 -9999
-9999 -9999 -9999 -9999 0.29871 0.48534 0.38358 0.24181 0.20094 0.13633 0.10781 0.00050 0.06214 0.03113 -9999 -9999 -9999 -9999 -9999 0.48303 0.83320 0.30672 0.59234 0.97020 0.39495 0.06400 0.00560 0.02700 0.07309 0.04252 0.15379 0.13462 0.17774 0.11135 0.03839 0.01995 0.04756 0.03147 0.03500 0.06669 0.08003 0.23362 0.96490 1.25514 1.39249 1.89990 1.98259 2.90329 1.70227 1.79408 1.03014 3.59401 2.19234 3.72801 3.33662 2.15427 2.48431 2.17939 3.15803 1.87078 2.74118 4.32945 5.77058 6.92252 8.36751 14.16430 12.88520 9.06722 6.77096 -9999 -9999 -9999 -9999
-9999 -9999 0.00157 0.34625 0.34294 0.37002 0.40016 0.36319 0.18070 0.14728 0.11849 0.00051 0.05673 -9999 -9999 -9999 -9999 -9999 1.89073 0.40621 0.55351 0.00944 0.00874 0.16214 0.27618 0.10635 0.00260 0.00169 0.00401 0.00803 0.10552 0.03011 0.02348 0.02403 0.02230 0.00937 0.01848 0.00736 0.02237 0.03253 0.08086 0.10225 0.33249 0.28354 0.22013 0.56346 0.69606 0.51752 0.46554 0.27099 0.33347 3.45758 6.57119 2.38649 3.98550 0.35687 0.74268 2.90259 3.71523 1.23996 1.77050 2.43222 3.79441 8.88895 10.71190 14.02720 12.64090 -9999 -9999 -9999 -9999 -9999 -9999
-9999 -9999 0.29529 0.63958 0.36805 0.37602 0.32458 0.52168 0.29480 0.13404 0.00039 0.00197 0.00619 -9999 -9999 -9999 -9999 0.00953 0.15786 0.01669 0.05924 0.00452 0.00842 0.03952 0.01763 0.00005 0.00035 0.00103 0.00136 0.00270 0.00443 0.00648 0.00274 0.02212 0.04759 0.00930 0.00697 0.01070 0.03740 0.17617 0.14704 0.19897 0.39684 0.72542 2.52879 2.00351 1.54120 2.21626 0.96557 1.27124 2.21899 5.47156 4.81284 1.98730 1.62620 0.23756 0.48947 1.87286 2.95410 1.93625 2.53593 8.22694 7.87625 7.51307 8.53784 -9999 -9999 -9999 -9999 -9999 6.81316 -9999 -9999
-9999 -9999 0.23653 1.13187 0.85822 0.84618 0.48034 0.22307 0.23523 0.17862 0.00159 0.00988 0.00008 -9999 -9999 -9999 -9999 0.07038 0.02020 0.01744 0.07220 0.00507 0.00200 0.00140 0.00339 0.00006 0.00027 0.00143 0.00171 0.00466 0.00892 0.00118 0.00245 0.01486 0.01473 0.00880 0.01248 0.01695 0.03084 0.03179 0.08315 0.01633 0.03992 0.77087 1.13392 2.25906 2.99780 5.28306 5.67934 7.02356 2.73860 6.60834 4.26050 2.30562 2.14572 0.28939 0.15647 0.90350 0.97930 1.04706 1.06803 3.20563 3.73272 9.47734 14.88830 16.85050 12.38300 13.52970 9.74612 -9999 -9999 -9999 15.32380
-9999 -9999 -9999 1.30748 1.50569 0.55083 0.26252 0.16283 0.00169 0.02092 0.02166 0.00416 -9999 -9999 -9999 -9999 0.01849 0.03619 0.00227 0.00221 0.00147 0.00118 0.00173 0.00287 0.00630 0.00719 0.01815 0.00534 0.00402 0.00715 0.00424 0.00159 0.00230 0.03033 0.24002 0.38807 0.05035 0.01761 0.00773 0.00144 0.00486 0.03382 1.45947 1.47466 1.65631 1.98917 0.26843 0.09442 0.30064 2.96278 1.89393 1.70816 1.60224 1.71244 2.99773 3.29836 2.43434 2.98891 2.57524 1.44157 1.58932 3.06348 7.57931 21.85200 34.84000 16.19790 11.85550 9.30742 7.26178 13.70800 -9999 -9999 5.47211
-9999 -9999 -9999 -9999 1.16458 0.35464 0.35726 0.00635 0.00618 0.00362 0.00192 -9999 -9999 -9999 -9999 0.00997 0.01253 0.00540 0.04719 0.02438 0.00954 0.05004 0.02221 0.03606 0.00703 0.02949 0.16638 0.04556 0.13870 0.03674 0.04853 0.02684 0.05490 0.10832 0.33066 0.04023 0.01802 0.02357 0.02131 0.00131 0.00264 0.05343 0.08754 0.01586 0.03351 0.62253 0.35167 1.10406 1.40257 1.24986 0.46229 0.56663 0.81056 0.93419 0.61322 0.99393 2.37783 3.78979 4.40427 1.50590 3.95891 11.84450 15.05720 18.03080 24.63440 16.15580 11.38670 7.92291 7.58816 6.61140 5.58019 2.98200 2.98657
-9999 -9999 -9999 -9999 -9999 -9999 0.04894 0.91119 0.01045 0.00710 0.02428 -9999 -9999 -9999 -9999 -9999 0.13486 0.31630 0.07079 0.10970 0.03628 0.02413 0.00896 0.00624 0.02889 0.02233 0.00131 0.11873 0.12007 0.66202 0.23562 0.13296 0.04814 0.13915 0.17996 1.35041 0.31920 0.00819 0.00357 0.05100 0.09499 0.17440 0.29789 0.39089 2.08467 1.83415 2.55164 2.72151 3.71568 6.18513 4.51389 4.74581 4.07748 2.02374 3.68894 4.86456 3.88646 7.36854 11.34330 9.01658 12.95810 19.34920 22.42910 24.71560 26.47810 20.97480 8.16272 4.50267 3.38897 4.03707 3.38373 1.87557 3.30727
-9999 -9999 -9999 -9999 -9999 -9999 -9999 -9999 -9999 -9999 -9999 -9999 -9999 -9999 -9999 -9999 -9999 -9999 -9999 0.04855 0.01098 0.00034 0.03539 0.03975 0.00751 0.00179 0.15586 0.09438 0.10504 0.06576 0.20115 0.02695 0.00766 0.01025 0.17705 1.06811 0.15704 0.00573 0.00634 0.12145 0.26783 0.27704 0.25092 0.92250 1.20602 0.32815 0.22600 3.33564 3.50163 2.20044 1.83093 4.74358 6.54798 3.91228 0.92657 2.93174 8.50391 10.12140 14.62410 11.81290 15.47090 18.52980 31.91900 33.08680 34.99160 17.99140 6.86980 4.25330 2.94901 4.82026 3.94810 1.99582 3.42496
-9999 -9999 -9999 -9999 -9999 -9999 -9999 -9999 -9999 -9999 -9999 -9999 -9999 -9999 -9999 -9999 -9999 -9999 0.24546 0.05613 0.03034 0.01431 0.02063 0.08751 0.00582 0.00025 0.03325 0.05942 0.01240 0.04693 0.06712 0.18743 0.45828 0.22742 0.06291 0.45070 0.03958 0.04916 0.08414 0.00582 0.01339 0.08294 0.10057 0.21228 0.35020 2.57684 0.38982 0.00098 0.28434 0.33208 0.37397 2.12414 1.60782 1.44111 2.50578 8.87829 9.23640 12.47790 12.19020 13.66330 11.16200 9.02585 18.98650 32.08830 30.98680 15.83560 8.31372 4.71547 5.60934 1.70036 1.98059 4.60945 1.77965
-9999 -9999 -9999 -9999 -9999 -9999 -9999 -9999 -9999 -9999 -9999 -9999 -9999 -9999 -9999 -9999 -9999 0.32832 0.10879 0.14264 0.17915 0.02072 0.00322 0.00453 0.00030 0.00006 0.04850 0.03259 0.07711 0.06684 0.09169 0.11413 0.03338 0.30641 0.15533 0.78651 1.09123 0.07226 0.06637 0.01817 0.06024 1.19790 0.33052 2.03850 0.45220 0.41144 2.11844 0.41150 0.12036 0.42149 0.47573 1.53845 0.88707 0.84838 1.92812 3.63282 11.49160 15.72150 18.78030 17.20830 12.87580 10.65110 26.64530 37.15530 32.06740 21.91240 13.13570 9.27902 5.66861 4.61743 9.35145 6.03961 6.13214
-9999 -9999 -9999 -9999 -9999 -9999 -9999 -9999 -9999 -9999 -9999 -9999 -9999 -9999 -9999 -9999 -9999 0.28111 0.43119 0.21595 0.03897 0.11679 0.07739 0.00102 0.00095 0.01346 0.00385 0.00010 0.00000 0.09654 0.11051 0.25972 0.45130 0.30539 0.62890 0.28930 0.58683 0.02006 0.07416 0.08184 0.12824 0.38018 1.86902 0.14122 1.27822 1.69441 1.60429 0.00269 0.00288 0.11203 0.44978 2.79957 3.40839 2.67862 4.06077 4.66493 22.64270 18.97200 19.43650 13.88200 20.29120 25.71600 27.28710 34.33690 43.21400 36.65580 22.57270 20.37270 7.09851 3.68129 4.45983 11.20010 13.10330
-9999 -9999 -9999 -9999 -9999 -9999 -9999 -9999 -9999 -9999 -9999 -9999 -9999 -9999 -9999 -9999 0.01276 0.14267 0.81421 0.01799 0.04248 0.00021 0.00007 0.00763 0.00233 0.00890 0.00744 0.00012 0.00004 0.00032 0.00042 0.00379 0.24279 0.12616 0.17904 0.08496 0.16271 0.27484 0.03835 0.08915 0.14989 0.60451 2.75705 1.30434 0.16908 1.18657 1.88957 0.00511 0.00412 0.09150 0.56161 3.02627 3.38509 2.78290 3.65578 4.88011 6.40052 22.57850 15.18970 16.41640 18.57670 20.14380 25.29920 35.58380 30.82500 33.95360 25.65470 22.70480 12.75860 6.03340 8.91897 14.71030 17.01500
-9999 -9999 -9999 -9999 -9999 -9999 -9999 -9999 -9999 -9999 -9999 -9999 -9999 0.30677 0.26499 0.03866 0.06404 0.10010 0.34799 0.06181 0.00048 0.00282 0.00108 0.00348 0.00356 0.00014 0.00025 0.00000 0.00000 0.00000 0.04963 0.17518 0.00000 0.00000 0.04085 0.01344 0.03926 0.05267 0.00018 0.00126 0.00132 0.15946 0.13411 0.00008 0.14867 0.08877 0.15074 0.15588 0.16580 0.28498 0.47153 0.57997 0.44962 0.42422 1.00997 1.36815 1.20458 1.89670 2.03246 1.98438 2.20736 4.18059 5.46669 11.28240 11.68750 9.73352 9.20111 14.28970 14.13050 8.33639 13.78280 17.25700 20.45590
-9999 -9999 -9999 -9999 -9999 -9999 -9999 -9999 -9999 -9999 -9999 -9999 0.36838 0.12045 0.20179 0.12581 0.20545 0.00089 0.00033 0.00011 0.00005 0.00004 0.00004 0.00027 0.00051 0.00000 0.00002 0.00000 0.00806 0.03055 0.00336 0.01641 0.02915 0.06730 0.06661 0.01624 0.00000 0.00000 0.00002 0.00046 0.00066 0.00002 0.13652 0.12770 0.02791 0.04416 0.08138 0.11533 0.12876 0.10127 0.14701 0.03939 0.33628 0.08009 0.61613 0.55657 0.83325 1.07541 2.07273 2.64628 2.54166 3.47020 4.45865 7.57585 9.75969 7.50192 8.51972 16.04660 15.29910 13.37380 32.16300 20.95800 20.93020
-9999 -9999 -9999 -9999 -9999 -9999 -9999 -9999 -9999 -9999 -9999 1.65876 0.27879 0.36376 0.00083 0.00011 0.00002 0.00001 0.00001 0.00000 0.00000 0.00000 0.00000 0.00000 0.00000 0.00000 0.04192 0.04593 0.01775 0.05709 0.00409 0.00000 0.00000 0.00000 0.00000 0.03389 0.00000 0.00005 0.00009 0.00017 0.00013 0.11480 0.05614 0.02267 0.01385 0.03616 0.03884 0.06731 0.11858 0.19034 0.22809 0.10001 0.12174 0.81802 0.19429 0.21739 0.65473 0.21329 0.35638 0.93119 0.95991 1.61109 1.93886 3.36001 5.86086 7.22021 5.38260 9.18329 6.98447 16.43700 32.67880 32.04340 25.40810
-9999 -9999 -9999 -9999 -9999 -9999 -9999 -9999 -9999 -9999 0.53546 0.27118 0.06087 0.00600 0.00015 0.00002 0.00000 0.00000 0.00000 0.00000 0.00000 0.00000 0.00000 0.00000 0.00000 0.00000 0.00000 0.05157 0.01547 0.00000 0.00000 0.00000 0.00000 0.05309 0.01208 0.03691 0.00000 0.00005 0.00013 0.00009 0.13345 0.03003 0.00641 0.00459 0.00550 0.03750 0.04211 0.04024 0.12220 0.17127 0.35742 0.10670 0.81717 0.08081 0.08101 0.08508 0.68965 0.87397 0.63745 0.55609 0.98093 1.88586 2.12737 4.28975 4.46156 6.35711 3.44972 7.54603 12.76740 28.49710 36.69100 23.15300 23.57310
-9999 -9999 -9999 -9999 -9999 -9999 -9999 -9999 -9999 0.00097 0.00066 0.00355 0.00959 0.00155 0.00019 0.00000 0.00000 0.00000 0.00000 0.00000 0.00000 0.00000 0.00000 0.00000 0.00000 0.00004 0.00005 0.00000 0.00000 0.00000 0.00000 0.00000 0.00000 0.00000 0.02187 0.09523 0.00050 0.00016 0.00006 0.08122 0.00911 0.00391 0.00611 0.59512 0.00438 0.26287 0.01347 0.05407 0.05525 0.09191 0.13295 0.59328 0.12235 1.74871 0.71243 0.34059 0.31032 0.36398 0.42623 0.71042 1.44720 2.27210 1.87890 2.25186 1.62618 2.24878 3.20668 12.48360 28.81090 46.18660 46.25490 41.27010 39.46320
-9999 -9999 -9999 -9999 -9999 -9999 -9999 -9999 -9999 -9999 0.00006 0.00025 0.00056 0.00000 0.00000 0.00000 0.00000 0.00000 0.00000 0.00000 0.00000 0.00000 0.00000 -9999 -9999 -9999 -9999 -9999 -9999 0.00000 0.00000 0.00000 0.00000 0.00000 0.00000 0.07553 0.13422 0.00000 0.00000 0.09096 0.01561 0.01847 0.28899 0.26696 0.51592 0.27638 0.34016 0.05508 0.10071 0.11772 0.22909 0.02436 0.06644 0.40851 0.97424 0.31899 0.29975 0.30817 0.25149 0.61373 1.08154 1.35971 0.90247 1.67138 1.78492 2.41360 5.22515 17.99930 42.69230 50.33220 52.80050 44.39850 42.63390
-9999 -9999 -9999 -9999 -9999 -9999 -9999 -9999 -9999 -9999 -9999 -9999 0.00000 0.00000 0.00000 0.00000 0.00000 0.00000 0.00000 -9999 -9999 -9999 -9999 -9999 -9999 -9999 -9999 -9999 -9999 -9999 -9999 -9999 -9999 0.00000 0.03715 0.04571 0.02958 0.05295 0.00005 0.00013 0.04816 0.01445 0.03640 0.03261 0.03597 0.61107 0.41036 0.02175 0.03413 0.04845 0.06857 0.92444 0.96082 0.82749 0.46234 0.24076 0.35041 0.26405 0.02777 0.50454 1.23225 0.94843 1.68585 0.69906 1.42294 2.96206 7.68337 26.38420 36.49040 36.27420 36.66280 30.80690 -9999
-9999 -9999 -9999 -9999 -9999 -9999 -9999 -9999 -9999 -9999 -9999 -9999 -9999 -9999 -9999 -9999 -9999 -9999 -9999 -9999 -9999 -9999 -9999 -9999 -9999 -9999 -9999 -9999 -9999 -9999 -9999 -9999 -9999 -9999 0.03843 0.02090 0.02128 0.01851 0.00000 0.02841 0.02943 0.00844 0.73219 0.24618 0.32852 0.44439 0.07630 0.01810 0.05990 0.07378 0.14787 0.84350 0.54026 0.76885 0.93474 0.47054 0.22127 0.34926 0.31786 0.63049 0.86574 1.00693 0.73077 0.77095 1.22367 2.41295 8.39958 25.98670 34.51580 32.21550 27.95650 -9999 -9999
-9999 -9999 -9999 -9999 -9999 -9999 -9999 -9999 -9999 -9999 -9999 -9999 -9999 -9999 -9999 -9999 -9999 -9999 -9999 -9999 -9999 -9999 -9999 -9999 -9999 -9999 -9999 -9999 -9999 -9999 -9999 -9999 -9999 -9999 0.03366 0.01510 0.01796 0.09017 0.00003 0.00730 0.00379 0.39765 0.33329 0.01196 0.06992 0.02184 0.03026 0.02824 0.05806 0.09963 0.19271 0.13539 0.34418 0.68414 0.72757 0.28790 0.33865 0.21845 0.20479 0.59239 1.37392 1.76890 1.26743 0.89699 1.69231 7.44210 9.81204 19.78660 28.77920 20.26170 -9999 -9999 -9999
-9999 -9999 -9999 -9999 -9999 -9999 -9999 -9999 -9999 -9999 -9999 -9999 -9999 -9999 -9999 -9999 -9999 -9999 -9999 -9999 -9999 -9999 -9999 -9999 -9999 -9999 -9999 -9999 -9999 -9999 -9999 -9999 -9999 -9999 -9999 -9999 -9999 -9999 0.02318 0.00768 0.00355 0.01019 0.18017 0.15766 0.00770 0.03346 0.07429 0.03307 0.05257 0.09910 0.06047 0.20196 0.15787 0.49524 0.63861 0.18306 0.00996 0.01404 0.19693 0.61424 1.15869 0.73440 0.88395 1.34317 5.64304 8.86785 12.75970 15.42830 13.57240 -9999 -9999 -9999 -9999
