data/hydroclimate-scenarios/BCSD_hadcm_B1/monthly_summaries/baseflow_monthly_tot_dec.2070-2099.asc
ncols	311
nrows	91
xllcenter	102.75
yllcenter	31.75
cellsize	0.5
NODATA_value	-9999
[rows 32 to 63 of 91, columns 0 to 72 of 311]
-9999 -9999 -9999 -9999 -9999 -9999 -9999 -9999 -9999 -9999 -9999 0.41324 0.46964 0.95498 0.60359 0.59752 0.58473 0.57369 0.90393 1.21702 1.75033 1.25135 1.58213 1.64334 4.42266 4.15566 4.13503 4.73477 4.37932 0.56315 0.46122 0.39196 0.44489 0.49065 0.58747 0.65852 0.87631 0.92420 1.23810 1.47673 1.34197 1.13224 1.52895 1.63340 1.49053 1.40473 1.31885 1.28982 1.22483 1.61792 1.37337 1.20991 1.03449 2.61309 2.66875 2.66761 3.00061 2.97220 2.20404 0.82391 0.96591 1.02460 2.22530 3.17994 3.64000 3.02817 3.44499 4.24486 3.85870 3.82995 2.89157 4.12208 4.24189
-9999 -9999 -9999 -9999 -9999 -9999 -9999 -9999 -9999 -9999 -9999 0.70067 0.69382 0.65483 0.63085 0.61050 0.55943 0.74859 0.90352 1.47922 1.64300 1.63837 4.73338 4.79670 4.63147 1.67277 2.05711 1.08162 0.68305 3.22543 3.08596 0.58685 0.83142 0.55915 1.06401 0.70688 2.71117 1.48030 2.68703 3.32923 1.65100 3.33452 1.94419 2.25408 2.50431 2.04403 1.95618 1.95166 1.72231 1.68805 1.49483 1.28449 1.06886 2.16129 0.98759 1.46564 1.47654 1.20708 1.44249 1.49639 1.34336 4.51397 4.07992 1.25885 4.94588 4.24766 3.97828 4.53551 4.23600 4.17672 3.07244 4.12517 4.09583
-9999 -9999 -9999 -9999 -9999 -9999 -9999 -9999 -9999 -9999 -9999 -9999 0.88860 0.76311 0.71266 0.68495 0.66834 1.13993 1.32116 1.75254 5.24585 1.88693 2.94609 1.43533 1.75689 2.13806 1.87804 1.22953 0.52779 0.43442 2.88856 3.09834 2.92796 2.92248 2.92063 3.14408 3.45695 1.63932 2.86221 2.62908 2.88343 3.47538 3.65702 1.71726 2.08768 2.49795 2.21009 2.51071 2.24167 2.05277 1.58756 1.63723 1.50846 1.13491 0.86571 0.93811 1.02501 2.31025 4.09836 4.03853 3.80234 2.15598 2.11276 3.55656 3.67400 5.96591 5.04367 4.86416 4.38069 4.71862 3.61742 4.14603 4.63490
-9999 -9999 -9999 -9999 -9999 -9999 -9999 -9999 -9999 -9999 -9999 -9999 0.87274 0.65275 0.73977 0.66796 0.72770 4.43789 4.81906 1.63564 1.69223 1.68171 1.33187 0.94727 0.76139 0.80518 0.40055 0.89310 0.51802 0.91024 0.69940 2.88615 3.23675 2.70628 3.45128 0.76491 0.63810 0.67953 0.77486 0.97096 3.43422 2.31742 2.17433 3.14441 2.51179 2.87231 3.06971 2.87392 2.11853 2.28802 1.77773 1.19382 0.86036 1.16286 1.03998 2.14355 3.89412 2.44276 0.87557 3.68809 3.13527 0.93849 0.88812 2.13630 4.50826 5.04047 5.20659 4.97267 5.12020 5.75046 5.91439 5.32586 5.96004
-9999 -9999 -9999 -9999 -9999 -9999 -9999 -9999 -9999 -9999 -9999 -9999 0.79745 0.71409 4.30545 3.85739 4.52441 0.84654 2.12400 1.98981 1.57052 1.69388 1.44970 0.89530 0.88130 0.83385 0.86944 1.35287 1.41691 1.76814 1.52265 2.52921 0.63966 0.64683 0.54310 0.55224 0.86141 0.75877 0.75395 1.25035 1.84344 2.50094 2.60948 3.06319 4.07482 5.49203 4.41948 3.83813 3.51574 2.64026 2.04299 2.02594 1.21437 1.86847 2.19189 2.26098 2.15199 1.67267 1.76938 3.68759 1.49635 1.75396 1.76406 1.49891 4.15552 4.85463 5.45800 5.79436 6.08084 5.94912 6.58352 7.31133 7.23957
-9999 -9999 -9999 0.81154 0.92180 0.45931 0.42144 0.31696 0.35146 -9999 0.66984 3.90104 4.11996 0.68697 0.81365 0.67249 1.09819 1.56169 1.60191 1.23136 1.56071 1.55607 1.19597 1.29307 1.64385 1.22159 1.13417 1.19138 1.45117 1.30650 0.80703 0.72112 0.35510 1.19933 0.85170 0.33881 0.86463 0.74330 1.11572 1.39628 1.88102 2.49876 3.02836 3.92686 4.43875 4.29829 4.22151 3.84251 2.94111 3.08568 3.34834 3.82087 3.34122 3.11196 2.69322 2.00973 2.02299 1.95901 2.44173 1.77193 3.70853 2.36676 2.94866 3.20504 2.67995 3.20678 4.00198 5.00251 6.31324 6.26632 6.93295 7.81321 8.13271
-9999 -9999 -9999 1.06978 0.74202 0.52462 0.42835 0.81067 0.71125 3.02276 4.25888 4.00434 1.41007 0.89584 1.22928 0.69690 2.12014 0.93562 1.03376 0.97980 1.06159 0.97159 1.08950 1.35316 1.98821 2.61164 2.17509 1.52960 1.19404 1.88841 0.63960 1.08567 0.57119 0.95166 1.13304 1.39021 0.76092 1.12031 1.11135 2.23959 2.02099 2.07460 3.47908 3.81596 4.00056 4.15635 4.14397 3.70790 4.25195 4.27135 4.10379 3.20901 3.02786 3.05109 2.52046 2.16543 1.65136 1.89180 2.02596 2.26206 2.46632 3.19428 3.68592 4.75856 4.64686 3.63380 4.13348 5.55051 7.04903 7.61658 7.92195 8.47669 8.08417
-9999 -9999 -9999 0.76114 0.68914 0.39660 3.68349 4.16116 4.26674 3.99216 4.24287 4.09729 0.97017 0.33562 0.21367 0.11584 1.37823 1.58058 0.80884 0.54658 0.80619 1.42800 0.67632 2.32159 1.80193 2.17008 1.67288 1.75662 1.77044 2.20139 2.51636 1.52052 1.30564 1.27177 1.52265 1.24098 0.81382 0.84128 1.50505 2.42674 2.46745 2.68176 3.44409 3.97700 3.87776 3.38708 3.83487 4.82684 4.60338 4.21767 4.25865 3.38907 3.28927 3.12739 2.68952 2.15047 1.78190 2.38157 2.44803 2.39871 3.60840 4.42915 4.11261 4.94511 5.49449 5.58722 5.77429 7.01321 7.16526 7.62147 7.96778 9.35931 9.68551
-9999 -9999 -9999 0.69289 0.46425 0.56139 3.60481 4.11037 3.06605 2.75921 3.33387 0.59270 0.16211 0.42041 0.15606 0.91046 1.14496 1.56397 1.49909 1.08622 1.79111 2.05431 2.89390 2.85622 2.11045 2.62561 1.41059 0.92124 1.89207 3.19447 3.01723 1.32689 1.92389 2.08569 1.75550 2.09298 1.64034 1.41541 1.66776 1.43848 1.84381 3.34481 4.06985 4.41467 4.63721 4.66336 4.64026 4.53987 4.34905 3.93145 3.96421 3.91019 3.64179 3.79092 2.89690 3.53962 3.39528 3.28171 3.54081 3.79580 3.68600 4.90301 4.93854 5.32034 6.01201 6.45660 6.73175 7.81645 7.70273 7.62263 10.26000 10.70660 -9999
-9999 -9999 -9999 0.37126 0.31231 0.47165 3.46342 3.50835 3.31040 3.12734 3.29375 2.55672 0.28436 0.56728 0.89655 1.13006 1.08458 1.28148 0.79454 1.85779 2.17991 1.31513 3.00287 2.18909 2.42943 2.25711 0.99527 0.91398 1.70055 2.18376 2.52764 1.94984 2.02000 1.19297 0.65083 0.94729 1.04615 0.97674 1.09026 1.38099 2.07895 2.90140 3.34194 3.45803 4.06659 4.21030 4.33869 4.44521 4.77856 4.20949 4.28389 4.46440 4.42797 4.04905 3.36238 3.98134 3.92467 3.95778 4.01572 3.73945 4.37186 4.88912 5.36069 6.05344 6.38827 6.59108 7.00155 7.68359 8.04207 9.70187 11.59490 -9999 -9999
-9999 -9999 -9999 -9999 3.35112 3.47106 3.57938 3.82451 3.05303 2.88881 3.82404 0.77189 0.61008 1.42150 -9999 -9999 -9999 -9999 -9999 2.74389 3.16481 2.55117 3.09079 2.88811 2.23853 1.72608 1.67651 1.21396 1.24502 0.79019 0.77224 1.25152 1.00378 0.44557 0.44388 0.32211 0.65320 0.87592 0.91403 0.90508 0.90994 1.76903 2.82258 3.46974 3.74152 4.10567 4.20434 4.49282 4.45671 5.02749 4.10121 4.26464 3.90716 4.14772 3.94842 3.75264 3.69338 3.94774 4.68210 4.26619 4.50332 5.04310 5.63574 6.30122 6.79897 7.16021 7.95471 8.73522 9.03456 -9999 -9999 -9999 -9999
-9999 -9999 1.23152 3.81061 3.73031 3.61585 3.67242 3.82373 3.22669 3.39524 3.87084 0.74383 0.51208 -9999 -9999 -9999 -9999 -9999 3.65231 2.43571 2.87008 1.22113 1.04529 1.61185 2.41086 2.14558 1.33457 1.16499 1.22696 0.97480 1.62337 0.82910 0.47984 0.64036 0.67116 0.55750 0.54214 0.39269 0.79671 0.57850 0.88552 1.61358 2.35771 2.42033 2.40741 2.80218 3.38221 3.37757 3.71803 3.63698 3.48756 4.34490 5.65034 4.69904 4.86355 3.48347 3.66109 4.47323 5.03962 4.50072 4.86096 5.39720 6.07944 6.78150 7.37749 8.30513 8.51277 -9999 -9999 -9999 -9999 -9999 -9999
-9999 -9999 4.49195 4.28201 3.48544 3.03986 3.04012 3.73553 3.08664 3.69734 0.70689 0.63727 0.33419 -9999 -9999 -9999 -9999 0.85378 1.42734 1.00091 1.72913 1.09959 1.35138 1.70460 1.53328 0.73257 1.19288 0.64675 0.88766 0.74609 0.47035 0.56489 0.43872 0.56572 0.69813 0.46157 0.37070 0.43191 0.67370 1.12378 1.52533 2.03095 2.47761 2.92871 4.20395 4.68951 5.05289 4.37152 4.24820 4.22429 5.40971 4.80127 4.95205 4.48539 4.12318 3.81740 4.71862 4.37197 4.75947 5.29325 5.98815 6.86096 7.54267 8.25705 8.55441 -9999 -9999 -9999 -9999 -9999 9.75708 -9999 -9999
-9999 -9999 4.22071 4.99916 4.25006 3.69573 3.00388 2.76346 3.08810 3.60580 0.63163 0.35451 0.04232 -9999 -9999 -9999 -9999 1.24699 0.73797 1.37925 1.97894 1.63611 1.12748 0.78208 0.87601 0.77747 0.62885 0.77542 0.70794 0.73072 0.63909 0.34438 0.36846 0.53327 0.54458 0.54850 0.70447 0.82220 0.91157 0.68296 1.36685 1.05081 1.52478 3.61858 4.31812 4.96498 5.36618 5.13625 5.46929 5.64777 5.51960 5.13389 4.08153 4.49302 5.14186 4.46495 4.31392 4.95190 5.33828 6.24236 7.12359 8.20497 8.27294 7.78532 7.84837 8.80839 9.34380 8.87280 9.50135 -9999 -9999 -9999 9.35714
-9999 -9999 -9999 4.39582 3.85541 2.65463 2.10307 2.26117 0.66347 1.21182 0.53974 0.03825 -9999 -9999 -9999 -9999 0.76816 0.90808 0.68399 0.52809 0.73356 0.54891 0.58069 0.41832 0.48423 0.44952 0.60104 1.00655 0.96840 0.82637 0.47709 0.46019 0.62695 1.40902 2.42906 2.28991 0.82124 0.53705 0.41062 0.48015 1.09028 1.13966 4.89888 4.55600 4.80177 5.63999 4.83937 4.11770 4.51842 4.90011 5.04010 5.97874 6.03471 6.98729 7.32884 6.92595 7.25276 6.73452 7.11400 7.72282 7.75840 8.04326 8.24080 7.39787 6.53374 8.37041 9.49650 7.84679 8.82780 9.84885 -9999 -9999 9.75887
-9999 -9999 -9999 -9999 3.29447 1.79207 2.03479 0.83182 1.04243 0.20080 0.05823 -9999 -9999 -9999 -9999 0.91688 0.97007 0.91285 1.28554 1.36249 1.06818 1.35247 1.18821 1.15306 0.44493 1.06610 1.88104 2.06051 2.47138 1.84360 1.55687 1.64116 1.82595 1.98250 2.49061 0.71706 0.52346 0.56167 0.52337 0.48636 0.77999 1.04204 1.72311 1.69601 2.29710 4.79643 4.20611 5.26908 5.38443 4.18767 3.48497 4.75711 5.46935 6.48678 6.44671 5.87165 7.28420 7.44104 7.98848 7.74855 8.00106 7.90541 7.95540 8.19648 7.87832 8.62240 8.77305 7.96706 7.82022 9.02629 8.97218 8.84784 9.13297
-9999 -9999 -9999 -9999 -9999 -9999 1.83662 3.44011 0.10066 0.51286 1.36761 -9999 -9999 -9999 -9999 -9999 1.15373 1.28230 0.57172 1.69349 1.12258 0.51414 0.50362 0.63350 1.47097 1.40058 0.58244 2.16819 2.04821 2.57978 1.47855 2.01675 0.94316 2.52250 2.16132 2.40924 0.89810 0.59112 0.40527 0.68233 0.90875 1.67284 2.06288 1.41614 3.79947 4.40564 4.36420 4.58230 5.13585 5.12997 5.34857 6.56396 6.33423 6.61515 7.12252 7.11118 7.55396 7.80728 8.22156 7.29453 6.92769 7.54097 7.90527 7.26865 7.10637 8.06612 8.98331 7.65820 7.79251 8.02610 8.03786 8.69444 9.60088
-9999 -9999 -9999 -9999 -9999 -9999 -9999 -9999 -9999 -9999 -9999 -9999 -9999 -9999 -9999 -9999 -9999 -9999 -9999 1.07602 0.59631 0.05443 0.62562 1.00206 0.65662 0.62948 1.44700 0.90990 0.73838 0.34161 1.00550 0.80511 0.21691 0.73770 1.92110 1.85886 0.45398 0.64578 0.64116 1.14363 1.74032 2.45637 2.39418 2.15019 2.28063 2.58128 1.85136 4.89714 4.65571 3.90167 3.89269 6.33764 7.55424 7.89286 5.96557 6.64457 7.22618 7.27130 7.11255 7.00537 7.56112 8.57759 7.45177 6.94623 6.74861 8.70558 8.36176 7.58407 7.54025 8.43164 7.98431 8.66092 9.27810
-9999 -9999 -9999 -9999 -9999 -9999 -9999 -9999 -9999 -9999 -9999 -9999 -9999 -9999 -9999 -9999 -9999 -9999 1.39802 0.45551 0.33670 0.77011 0.98780 0.91634 0.23859 0.09189 0.42433 0.65682 0.45173 0.98433 1.05992 1.38909 2.05737 1.53705 0.74832 1.73662 0.59116 0.64720 0.92954 1.36505 1.79357 2.00716 2.31490 2.68859 2.99146 4.93523 2.05185 0.02458 1.65401 1.93419 2.39287 6.13869 6.35649 6.64161 8.03576 7.99091 7.25495 7.03027 7.89190 7.81544 8.79267 8.34078 8.14860 7.75845 8.57648 8.50850 8.04082 7.57590 8.31559 8.42187 9.16423 9.80027 10.20750
-9999 -9999 -9999 -9999 -9999 -9999 -9999 -9999 -9999 -9999 -9999 -9999 -9999 -9999 -9999 -9999 -9999 1.80985 0.99628 0.97964 1.10583 0.79966 0.33674 0.14017 0.03124 0.03450 0.64090 0.26585 0.72762 0.71670 0.99240 0.85358 0.57808 1.31286 0.75349 2.19474 3.05223 1.01587 0.89746 1.56946 1.98599 3.88211 2.30844 4.27235 1.92444 1.68170 4.34379 1.99528 0.79953 1.98103 2.42004 6.51757 5.53169 5.45447 6.84155 6.48969 6.89453 6.86369 7.02165 7.34765 8.15333 9.14829 8.10496 8.20042 7.74179 7.89630 8.16694 7.59239 8.10761 9.64944 9.50205 10.19520 10.64990
-9999 -9999 -9999 -9999 -9999 -9999 -9999 -9999 -9999 -9999 -9999 -9999 -9999 -9999 -9999 -9999 -9999 1.29192 1.42629 1.59848 0.71020 0.75469 0.44944 0.00345 0.00347 0.02612 0.01882 0.03105 0.00593 0.41657 0.45895 0.32014 0.54062 0.36117 0.62710 1.03850 2.03097 0.59647 1.25108 1.40569 1.26062 0.97259 3.16409 0.83675 3.36448 4.07430 3.68109 0.05379 0.05361 0.81445 2.22209 6.30261 6.81992 6.99569 7.30262 7.28488 7.91461 6.94748 7.21254 7.74619 7.57640 7.77694 7.85264 7.44441 7.25242 7.53501 8.03395 8.45210 8.85506 9.44111 10.33520 10.59710 10.22410
-9999 -9999 -9999 -9999 -9999 -9999 -9999 -9999 -9999 -9999 -9999 -9999 -9999 -9999 -9999 -9999 0.68194 0.76995 1.70893 0.49929 0.35439 0.01094 0.00669 0.00413 0.00163 0.01316 0.01419 0.02318 0.00858 0.00925 0.00991 0.00129 0.26462 0.18601 0.27184 0.60594 0.97872 1.83987 0.86937 1.00827 0.68595 0.80940 3.35261 2.24964 0.71594 2.68622 3.23210 0.13049 0.10030 0.60011 2.49964 6.44185 6.72804 7.23901 7.24328 7.14050 7.40579 7.76608 8.53697 7.59426 7.57269 7.92712 8.17999 7.86600 8.31443 9.47325 9.49330 10.14050 10.58910 10.56130 11.47290 10.74610 10.79030
-9999 -9999 -9999 -9999 -9999 -9999 -9999 -9999 -9999 -9999 -9999 -9999 -9999 1.73789 1.68404 0.73132 0.91661 0.96744 1.29630 0.25535 0.00546 0.02424 0.01054 0.00544 0.00744 0.00886 0.00762 0.00010 0.00000 0.00000 0.06985 0.29759 0.00000 0.00000 0.07628 0.03873 0.13668 0.22864 0.01388 0.01190 0.00849 1.01652 0.75691 0.00328 0.75915 0.50055 0.93667 1.14987 1.48018 1.75340 2.31720 2.78478 2.57371 2.55620 4.97456 10.05350 8.95027 10.05050 9.01831 10.70750 10.80230 15.01640 14.75350 20.81100 21.20550 19.21930 20.12790 10.12160 11.33180 13.18900 12.84620 10.90730 10.94430
-9999 -9999 -9999 -9999 -9999 -9999 -9999 -9999 -9999 -9999 -9999 -9999 0.78033 1.13421 1.30906 0.90092 1.09992 0.06837 0.04323 0.00321 0.00382 0.00870 0.00336 0.00277 0.00516 0.00415 0.00341 0.00000 0.01079 0.03758 0.00324 0.02087 0.04316 0.08046 0.10926 0.03905 0.00021 0.00041 0.00648 0.00445 0.00432 0.00360 0.62487 0.56735 0.19150 0.23625 0.47215 0.84695 1.25770 1.10466 1.41365 0.46836 2.77790 0.86821 4.38386 4.89366 8.06040 7.69266 9.42332 13.93890 13.00010 14.96540 17.06670 20.19160 21.53130 18.37440 19.13810 11.60510 13.70050 13.10880 11.47090 12.33630 11.70720
-9999 -9999 -9999 -9999 -9999 -9999 -9999 -9999 -9999 -9999 -9999 1.80665 0.32180 1.08859 0.15189 0.06806 0.02794 0.02473 0.02765 0.01246 0.01131 0.00552 0.00554 0.00310 0.00287 0.00331 0.23021 0.04939 0.02236 0.07758 0.00626 0.00000 0.00000 0.00020 0.00000 0.07704 0.00083 0.00259 0.00421 0.00256 0.00118 0.52832 0.26212 0.12011 0.09781 0.22781 0.32012 0.50182 0.83935 1.93806 2.91007 1.91711 1.68544 6.93501 2.88376 2.46026 7.30448 4.08465 5.41007 10.50600 10.98600 11.29480 12.93000 14.85930 18.35780 20.53710 17.62610 13.67330 12.08100 12.73430 11.94820 10.96320 11.69530
-9999 -9999 -9999 -9999 -9999 -9999 -9999 -9999 -9999 -9999 0.18627 0.22940 0.15750 0.09557 0.03080 0.02078 0.00920 0.00231 0.00484 0.00328 0.00137 0.00398 0.00369 0.00114 0.00062 0.00078 0.00114 0.06589 0.01790 0.00000 0.00000 0.00000 0.00031 0.10871 0.02976 0.09040 0.00137 0.00221 0.00551 0.00128 0.40140 0.12601 0.03241 0.02436 0.03835 0.24225 0.32226 0.36853 0.93231 1.89050 3.85415 2.35701 6.92320 2.25257 2.26056 1.97407 8.19206 8.76143 5.62344 5.23752 8.70721 11.78710 12.83580 16.45730 16.51170 19.24160 14.21570 13.27910 12.53600 12.49510 12.34750 13.50150 14.78050
-9999 -9999 -9999 -9999 -9999 -9999 -9999 -9999 -9999 0.00778 0.00383 0.00245 0.00275 0.02883 0.01238 0.00093 0.00062 0.00031 0.00010 0.00217 0.00217 0.00145 0.00114 0.00031 0.00027 0.00049 0.00112 0.00269 0.00203 0.00021 0.00026 0.00000 0.00000 0.00031 0.05958 0.34097 0.00784 0.00477 0.00150 0.31569 0.02777 0.00881 0.02007 1.10731 0.02221 0.88172 0.17643 0.73266 0.96081 1.64887 2.90422 6.25336 2.62676 10.04660 6.42028 4.27191 2.98456 3.33486 3.63002 5.07203 8.98399 12.16520 11.48830 12.72250 11.55530 13.61380 16.68060 18.89650 18.63460 16.72010 18.20440 23.71210 26.74330
-9999 -9999 -9999 -9999 -9999 -9999 -9999 -9999 -9999 -9999 0.00077 0.00031 0.00031 0.00490 0.00176 0.00010 0.00010 0.00000 0.00000 0.00093 0.00091 0.00041 0.00021 -9999 -9999 -9999 -9999 -9999 -9999 0.00222 0.00463 0.00000 0.00000 0.00010 0.00010 0.28900 0.48785 0.00092 0.00050 0.23724 0.03851 0.04715 0.76864 0.56825 0.92711 0.74445 1.11612 0.56195 1.57804 2.05578 3.18779 0.99049 2.02071 4.14935 7.63371 2.88063 2.27995 2.66763 2.09044 4.16711 6.72264 8.64912 5.22492 9.54204 10.86330 14.46980 17.55020 18.63330 16.69880 17.38800 17.79120 27.41120 30.98090
-9999 -9999 -9999 -9999 -9999 -9999 -9999 -9999 -9999 -9999 -9999 -9999 0.00000 0.00041 0.00031 0.00000 0.00000 0.00000 0.00000 -9999 -9999 -9999 -9999 -9999 -9999 -9999 -9999 -9999 -9999 -9999 -9999 -9999 -9999 0.00020 0.07895 0.13622 0.09176 0.13090 0.00021 0.00039 0.10174 0.03318 0.10372 0.11769 0.14277 1.19459 1.12536 0.19478 0.52147 0.74554 1.20462 5.34430 6.25704 6.42519 3.60568 1.68933 2.60139 2.46136 0.20705 3.63580 7.40635 7.96020 10.80000 5.22293 9.84765 14.94660 18.73260 17.03950 17.63570 21.80790 25.88790 31.57900 -9999
-9999 -9999 -9999 -9999 -9999 -9999 -9999 -9999 -9999 -9999 -9999 -9999 -9999 -9999 -9999 -9999 -9999 -9999 -9999 -9999 -9999 -9999 -9999 -9999 -9999 -9999 -9999 -9999 -9999 -9999 -9999 -9999 -9999 -9999 0.10380 0.04059 0.03938 0.03439 0.00000 0.04779 0.05265 0.02134 1.01585 0.62774 0.74362 0.98700 0.38445 0.15340 0.66606 0.72260 1.40083 4.66205 3.35688 4.42932 4.66233 2.64811 1.75109 3.36908 2.63720 4.14400 5.71070 6.16919 4.68924 5.21247 10.46510 12.58640 18.94130 17.07060 18.11040 22.94640 33.53590 -9999 -9999
-9999 -9999 -9999 -9999 -9999 -9999 -9999 -9999 -9999 -9999 -9999 -9999 -9999 -9999 -9999 -9999 -9999 -9999 -9999 -9999 -9999 -9999 -9999 -9999 -9999 -9999 -9999 -9999 -9999 -9999 -9999 -9999 -9999 -9999 0.05455 0.03147 0.03800 0.13623 0.00021 0.01271 0.00780 0.48132 0.41851 0.02874 0.19387 0.07867 0.12730 0.18402 0.42762 0.76161 1.26309 0.86962 1.97881 3.57569 3.45685 2.16011 2.21696 1.75946 1.52221 3.32225 7.12226 8.44087 7.28610 4.63396 7.99076 17.16090 18.51970 22.96540 26.09710 29.96010 -9999 -9999 -9999
-9999 -9999 -9999 -9999 -9999 -9999 -9999 -9999 -9999 -9999 -9999 -9999 -9999 -9999 -9999 -9999 -9999 -9999 -9999 -9999 -9999 -9999 -9999 -9999 -9999 -9999 -9999 -9999 -9999 -9999 -9999 -9999 -9999 -9999 -9999 -9999 -9999 -9999 0.04180 0.01489 0.00679 0.01262 0.25016 0.31164 0.02117 0.12333 0.31396 0.22003 0.38331 0.76778 0.56769 1.09203 1.05571 2.76923 2.98558 1.30019 0.10010 0.13802 1.44368 3.40842 6.10614 4.23543 5.14996 7.27467 13.67800 17.90770 20.45350 24.05450 30.45500 -9999 -9999 -9999 -9999
