data/hydroclimate-scenarios/BCSD_hadcm_B1/monthly_summaries/baseflow_monthly_tot_nov.2070-2099.asc
ncols	311
nrows	91
xllcenter	102.75
yllcenter	31.75
cellsize	0.5
NODATA_value	-9999
[rows 0 to 31 of 91, columns 0 to 71 of 311]
-9999 -9999 -9999 -9999 -9999 -9999 -9999 -9999 -9999 -9999 -9999 -9999 -9999 -9999 -9999 -9999 -9999 -9999 -9999 -9999 -9999 -9999 -9999 -9999 -9999 -9999 -9999 -9999 -9999 -9999 -9999 -9999 -9999 -9999 -9999 -9999 -9999 -9999 -9999 -9999 -9999 -9999 -9999 -9999 -9999 -9999 -9999 -9999 -9999 -9999 -9999 -9999 -9999 -9999 -9999 -9999 -9999 -9999 -9999 -9999 -9999 -9999 -9999 -9999 -9999 -9999 -9999 -9999 -9999 -9999 -9999 -9999
-9999 -9999 -9999 -9999 -9999 -9999 -9999 -9999 -9999 -9999 -9999 -9999 -9999 -9999 -9999 -9999 -9999 -9999 -9999 -9999 -9999 -9999 -9999 -9999 -9999 -9999 -9999 -9999 -9999 -9999 -9999 -9999 -9999 -9999 -9999 -9999 -9999 -9999 -9999 -9999 -9999 -9999 -9999 -9999 -9999 -9999 -9999 -9999 -9999 -9999 -9999 -9999 -9999 -9999 -9999 -9999 -9999 -9999 -9999 -9999 -9999 -9999 -9999 -9999 -9999 -9999 -9999 -9999 -9999 -9999 -9999 -9999
-9999 -9999 -9999 -9999 -9999 -9999 -9999 -9999 -9999 -9999 -9999 -9999 -9999 -9999 -9999 -9999 -9999 -9999 -9999 -9999 -9999 -9999 -9999 -9999 -9999 -9999 -9999 -9999 -9999 -9999 -9999 -9999 -9999 -9999 -9999 -9999 -9999 -9999 -9999 -9999 -9999 -9999 -9999 -9999 -9999 -9999 -9999 -9999 -9999 -9999 -9999 -9999 -9999 -9999 -9999 -9999 -9999 -9999 -9999 -9999 -9999 -9999 -9999 -9999 -9999 -9999 -9999 -9999 -9999 -9999 -9999 -9999
-9999 -9999 -9999 -9999 -9999 -9999 -9999 -9999 -9999 -9999 -9999 -9999 -9999 -9999 -9999 -9999 -9999 -9999 -9999 -9999 -9999 -9999 -9999 -9999 -9999 -9999 -9999 -9999 -9999 -9999 -9999 -9999 -9999 -9999 -9999 -9999 -9999 -9999 -9999 -9999 -9999 -9999 -9999 -9999 -9999 -9999 -9999 -9999 -9999 -9999 -9999 -9999 -9999 -9999 -9999 -9999 -9999 -9999 -9999 -9999 -9999 -9999 -9999 -9999 -9999 -9999 -9999 -9999 -9999 -9999 -9999 -9999
-9999 -9999 -9999 -9999 -9999 -9999 -9999 -9999 -9999 -9999 -9999 -9999 -9999 -9999 -9999 -9999 -9999 -9999 -9999 -9999 -9999 -9999 -9999 -9999 -9999 -9999 -9999 -9999 -9999 -9999 -9999 -9999 -9999 -9999 -9999 -9999 -9999 -9999 -9999 -9999 -9999 -9999 -9999 -9999 -9999 -9999 -9999 -9999 -9999 -9999 -9999 -9999 -9999 -9999 -9999 -9999 -9999 -9999 -9999 -9999 -9999 -9999 -9999 -9999 -9999 -9999 -9999 -9999 -9999 -9999 -9999 -9999
-9999 -9999 -9999 -9999 -9999 -9999 -9999 -9999 -9999 -9999 -9999 -9999 -9999 -9999 -9999 -9999 -9999 -9999 -9999 -9999 -9999 -9999 -9999 -9999 -9999 -9999 -9999 -9999 -9999 -9999 -9999 -9999 -9999 -9999 -9999 -9999 -9999 -9999 -9999 -9999 -9999 -9999 -9999 -9999 -9999 -9999 -9999 -9999 -9999 -9999 -9999 -9999 -9999 -9999 -9999 -9999 -9999 -9999 -9999 -9999 -9999 -9999 -9999 -9999 -9999 -9999 -9999 -9999 -9999 -9999 -9999 -9999
-9999 -9999 -9999 -9999 -9999 -9999 -9999 -9999 -9999 -9999 -9999 -9999 -9999 -9999 -9999 -9999 -9999 -9999 -9999 -9999 -9999 -9999 -9999 -9999 -9999 -9999 -9999 -9999 -9999 -9999 -9999 -9999 -9999 -9999 -9999 -9999 -9999 -9999 -9999 -9999 -9999 -9999 -9999 -9999 -9999 -9999 -9999 -9999 -9999 -9999 -9999 -9999 -9999 -9999 -9999 -9999 -9999 -9999 -9999 -9999 -9999 -9999 -9999 -9999 -9999 -9999 -9999 -9999 -9999 -9999 -9999 -9999
-9999 -9999 -9999 -9999 -9999 -9999 -9999 -9999 -9999 -9999 -9999 -9999 -9999 -9999 -9999 -9999 -9999 -9999 -9999 -9999 -9999 -9999 -9999 -9999 -9999 -9999 -9999 -9999 -9999 -9999 -9999 -9999 -9999 -9999 -9999 -9999 -9999 -9999 -9999 -9999 -9999 -9999 1.45337 1.33926 1.54690 1.66291 1.79678 1.77724 1.30573 1.47653 1.35177 1.28211 -9999 -9999 -9999 -9999 -9999 -9999 -9999 -9999 -9999 -9999 -9999 -9999 -9999 -9999 -9999 -9999 -9999 -9999 -9999 -9999
-9999 -9999 -9999 -9999 -9999 -9999 -9999 -9999 -9999 -9999 -9999 -9999 -9999 -9999 -9999 -9999 -9999 -9999 -9999 -9999 -9999 -9999 -9999 -9999 -9999 -9999 -9999 -9999 -9999 -9999 -9999 -9999 -9999 -9999 -9999 -9999 -9999 -9999 0.79261 1.64044 1.35976 1.35719 1.50010 1.67090 1.81861 1.67326 1.37249 0.94931 1.14220 1.63751 1.33257 3.74542 2.29066 2.34307 -9999 -9999 -9999 -9999 -9999 -9999 -9999 -9999 -9999 -9999 -9999 -9999 -9999 -9999 -9999 -9999 -9999 -9999
-9999 -9999 -9999 -9999 -9999 -9999 -9999 -9999 -9999 -9999 -9999 -9999 -9999 -9999 -9999 -9999 -9999 -9999 -9999 -9999 -9999 -9999 -9999 -9999 -9999 -9999 -9999 -9999 -9999 -9999 -9999 -9999 -9999 -9999 -9999 -9999 -9999 -9999 -9999 -9999 0.85662 0.87203 1.17569 1.47767 1.42892 2.15058 1.99520 1.63786 1.16733 1.48890 1.36933 1.63398 1.90869 1.87484 -9999 -9999 -9999 -9999 -9999 -9999 -9999 -9999 -9999 -9999 -9999 -9999 -9999 -9999 -9999 -9999 -9999 -9999
-9999 -9999 -9999 -9999 -9999 -9999 -9999 -9999 -9999 -9999 -9999 -9999 -9999 -9999 -9999 -9999 -9999 -9999 -9999 -9999 -9999 -9999 -9999 -9999 -9999 -9999 -9999 -9999 -9999 -9999 -9999 -9999 -9999 -9999 -9999 -9999 -9999 -9999 -9999 -9999 -9999 -9999 -9999 -9999 1.82555 1.81866 2.18388 2.41009 1.36547 1.70976 2.05280 2.68638 0.45180 1.85518 -9999 -9999 -9999 -9999 -9999 -9999 0.00695 -9999 -9999 -9999 -9999 -9999 -9999 -9999 -9999 -9999 -9999 -9999
-9999 -9999 -9999 -9999 -9999 -9999 -9999 -9999 -9999 -9999 -9999 -9999 -9999 -9999 -9999 -9999 -9999 -9999 -9999 -9999 -9999 -9999 -9999 -9999 -9999 -9999 -9999 -9999 -9999 -9999 -9999 -9999 -9999 -9999 -9999 -9999 -9999 -9999 -9999 -9999 -9999 0.98086 1.13704 1.87891 1.88852 1.48007 1.82792 1.79777 1.91138 1.72183 1.92329 2.37656 0.30511 1.26928 -9999 -9999 -9999 -9999 -9999 0.00542 0.00384 0.00143 0.00123 0.00092 0.00184 0.00240 0.00198 0.00147 0.00165 0.00159 0.00206 0.00222
-9999 -9999 -9999 -9999 -9999 -9999 -9999 -9999 -9999 -9999 -9999 -9999 -9999 -9999 -9999 -9999 -9999 -9999 -9999 -9999 -9999 -9999 -9999 -9999 -9999 -9999 -9999 -9999 -9999 -9999 -9999 -9999 -9999 -9999 -9999 -9999 -9999 -9999 -9999 -9999 -9999 0.69817 1.09893 1.63252 1.41460 1.23541 2.43277 2.39499 1.46260 1.53613 1.30622 1.91615 0.79451 1.41700 1.22043 0.80208 0.37201 -9999 0.02171 0.00557 0.00272 0.00100 0.00038 0.00262 0.00448 0.01028 0.00845 0.00569 0.00622 0.00156 0.00153 0.00256
-9999 -9999 -9999 -9999 -9999 -9999 -9999 -9999 -9999 -9999 -9999 -9999 -9999 -9999 -9999 -9999 -9999 -9999 -9999 -9999 -9999 -9999 -9999 -9999 -9999 -9999 -9999 -9999 -9999 -9999 -9999 -9999 -9999 -9999 -9999 0.63429 0.20109 0.60429 0.60180 0.54037 0.55417 0.45029 0.64686 1.09763 2.39207 1.64062 0.89157 0.94619 1.08952 1.19628 1.47104 1.33070 2.28867 2.53441 0.81668 1.00258 0.91573 0.04884 0.04338 0.00333 0.00056 0.00026 0.00051 0.02249 0.00614 0.01180 0.01096 0.00239 0.00652 0.00000 0.00000 0.00000
-9999 -9999 -9999 -9999 -9999 -9999 -9999 -9999 -9999 -9999 -9999 -9999 -9999 -9999 -9999 -9999 -9999 -9999 -9999 -9999 -9999 -9999 -9999 -9999 -9999 -9999 -9999 -9999 -9999 -9999 -9999 -9999 -9999 -9999 0.30513 0.03005 0.07623 0.12516 0.26048 0.38372 0.45064 0.59672 0.60878 1.75369 0.82463 0.77907 0.85865 0.70550 0.82666 1.31519 2.53794 2.70059 3.40109 2.06870 1.81036 1.52749 0.26366 0.15105 0.03641 0.00227 0.00322 0.01030 0.00502 0.06604 0.00721 0.00853 0.00380 0.00665 0.06794 0.11339 0.27906 0.09961
-9999 -9999 -9999 -9999 -9999 -9999 -9999 -9999 -9999 -9999 -9999 -9999 -9999 -9999 -9999 -9999 -9999 -9999 -9999 -9999 -9999 -9999 -9999 -9999 -9999 -9999 -9999 -9999 -9999 -9999 -9999 -9999 -9999 0.30033 0.36043 0.06357 0.07029 0.07131 0.11214 0.24781 0.30900 0.50831 3.98650 1.68158 0.76810 0.69573 0.81982 0.65617 1.47989 1.86414 2.29131 3.39535 3.10800 2.13186 0.99650 1.30752 0.94949 0.05778 0.02010 0.00583 0.00562 0.00337 0.00165 0.00287 0.00726 0.01609 0.01730 0.02154 0.06185 0.10863 0.06283 0.18248
-9999 -9999 -9999 -9999 -9999 -9999 -9999 -9999 -9999 -9999 -9999 -9999 -9999 -9999 -9999 -9999 -9999 -9999 -9999 -9999 -9999 -9999 -9999 -9999 -9999 -9999 -9999 -9999 -9999 -9999 -9999 0.50349 0.13251 0.06316 0.06666 0.02067 0.03542 0.05955 0.09245 0.32063 0.44289 0.36707 1.29720 0.58479 0.74483 0.97846 0.69970 0.30652 1.48390 2.36396 2.35684 3.41259 3.10044 1.66603 1.77004 1.22538 0.11106 0.15371 0.19774 0.01666 0.01001 0.02465 0.02595 0.00412 0.00909 0.04605 0.03462 0.00529 0.00481 0.09288 0.34320 0.72740
-9999 -9999 -9999 -9999 -9999 -9999 -9999 -9999 -9999 -9999 -9999 -9999 -9999 -9999 -9999 -9999 -9999 -9999 -9999 -9999 -9999 -9999 -9999 -9999 -9999 -9999 -9999 -9999 -9999 0.05547 0.02302 0.16222 0.18213 0.09515 0.12027 0.04084 0.06072 0.03709 0.09100 0.31072 0.95385 3.49020 0.58658 0.70964 0.74807 1.09005 1.15618 0.57768 2.47005 2.67624 2.22687 3.83262 2.68032 1.37641 2.17982 1.01801 0.03795 0.11825 0.02346 0.00044 0.00405 0.02523 0.04122 0.00600 0.00909 0.02399 0.11913 0.24128 0.31081 0.38803 0.29618 1.33825
-9999 -9999 -9999 -9999 -9999 -9999 -9999 -9999 -9999 -9999 -9999 -9999 -9999 -9999 -9999 -9999 -9999 -9999 -9999 -9999 -9999 -9999 -9999 -9999 0.16653 0.41229 0.39128 0.25904 0.24843 0.12623 0.12130 0.10837 0.13119 0.17263 0.22300 0.19355 0.17548 0.32589 0.46362 0.38133 0.45581 3.78470 0.54487 0.44539 0.38605 0.40805 0.45724 1.11813 1.86520 2.06539 2.19648 3.76132 2.67487 1.82922 0.77093 0.40270 0.14523 0.05643 0.02512 0.01704 0.01232 0.01335 0.01357 0.00346 0.00583 0.01365 0.02165 0.03382 0.02627 0.25474 1.20048 1.05593
-9999 -9999 -9999 -9999 -9999 -9999 0.80234 1.02534 1.13829 1.36108 1.26342 -9999 -9999 -9999 -9999 -9999 -9999 -9999 -9999 -9999 -9999 0.19725 0.35894 0.27417 0.24367 0.53392 0.50346 0.37131 0.31597 0.15810 0.11224 0.13475 0.15440 0.22184 0.23410 0.20944 0.35078 0.24326 0.29540 0.26516 0.26862 0.67046 4.22849 0.34243 0.34393 0.36498 0.36524 0.81507 1.32589 2.09676 3.53322 3.06228 2.57497 1.14716 0.43904 0.26074 0.16949 0.06233 0.04289 0.02429 0.01488 0.01689 0.02580 0.04316 0.11719 0.01252 0.01121 0.01620 0.01280 0.06306 0.33808 0.62323
-9999 -9999 -9999 -9999 -9999 0.06105 0.08397 0.14488 0.09180 0.05617 0.07621 0.31512 0.28368 0.21500 -9999 -9999 -9999 0.11212 0.13003 0.30569 0.28386 0.39240 0.40335 0.20902 0.59146 0.58282 0.45780 0.42002 0.33327 0.32636 0.36852 0.30837 0.36218 0.28859 0.16982 0.36802 0.50915 0.22839 0.17270 0.17708 0.25086 0.34180 3.77406 3.02438 0.30672 0.68977 0.94125 1.86722 0.97875 2.27709 2.89055 2.03536 3.16751 1.49079 0.93594 0.68049 0.37398 0.07915 0.00624 0.05633 0.01193 0.00726 0.02104 0.00580 0.12800 0.35621 0.13004 0.08876 0.05105 0.08539 0.30751 0.83870
-9999 0.27528 0.46100 0.16575 0.23380 0.11212 0.10965 0.13713 0.14117 0.05691 0.05716 0.29977 0.33483 0.23535 0.15062 0.15298 0.10810 0.13964 0.19409 0.12846 0.20742 0.28430 0.27243 0.24067 0.20906 0.31620 0.31906 0.34311 0.32159 0.24395 0.18486 0.17486 0.14026 0.08577 0.13113 0.26382 0.29062 0.12011 0.08245 0.06455 0.06252 0.13477 3.52682 2.91057 0.24039 0.49051 0.42182 0.83031 0.72642 1.43423 1.46834 2.77347 2.69221 2.63165 2.20165 1.27224 0.63872 0.04676 0.03466 0.12520 0.00827 0.07733 0.05982 0.03630 0.24463 0.34175 0.07449 0.26916 0.06624 0.29137 1.00541 1.67153
-9999 0.66752 0.54072 0.29373 0.24664 0.23807 0.14939 0.27991 0.21872 0.36335 0.36957 0.09966 0.14008 0.11873 0.16421 0.27228 0.43247 0.34885 0.32187 0.35441 0.52001 0.34664 0.63002 0.46409 0.31865 0.23072 0.20058 0.14553 0.11968 0.12726 0.06714 0.23915 0.28915 0.44198 0.60260 0.11667 0.11150 0.13721 0.11542 0.24161 0.31288 0.29033 0.44099 4.47356 3.18654 0.16428 0.16858 0.24346 0.49119 1.32404 2.07302 2.45490 3.50350 4.11897 4.06482 3.12219 1.65595 0.87153 0.79610 0.11522 0.24462 0.21072 0.25225 0.14619 0.30267 0.51789 0.55320 0.74518 0.60729 0.93949 0.80039 1.93426
-9999 -9999 -9999 0.80058 0.91633 0.84008 0.63495 0.73851 0.68840 0.69782 0.46461 0.11422 0.07596 0.09546 0.10780 0.24958 0.42454 0.35389 0.32181 0.38133 0.96992 0.71518 0.81005 0.70595 0.39238 0.27046 0.20361 0.10906 0.08511 0.12234 0.14592 0.32335 0.36402 0.71781 0.79979 3.58797 0.12323 0.20033 0.30565 0.51205 0.39777 2.72390 1.87213 2.48921 4.11749 3.10753 3.16612 0.27365 0.32103 0.74100 0.68687 1.56465 3.12832 3.54894 2.92997 3.68122 2.77037 1.79711 2.47831 0.55650 0.60849 0.67428 1.21589 0.64678 0.48010 0.37866 0.19796 0.34770 0.84231 1.52151 1.68425 1.75967
-9999 -9999 -9999 -9999 -9999 -9999 0.60994 0.87218 0.83036 0.44660 0.30815 0.40377 0.38451 0.32360 0.25989 0.42975 0.42829 0.94554 0.82405 0.64293 0.92576 0.97098 0.74810 0.44697 0.37315 0.61774 0.38544 0.36037 3.81372 0.14600 0.09728 0.31266 3.82607 1.73066 3.03131 1.96409 3.80313 3.64844 1.34974 1.37618 0.90285 1.17590 1.32893 1.46281 2.46174 2.08125 4.35341 3.87024 3.32419 2.88681 2.58576 3.80879 3.82479 1.94825 2.87822 3.17934 1.63674 2.39150 2.70870 2.39297 1.21703 1.57137 1.27846 1.31309 1.66543 1.66113 0.46531 0.57580 1.19840 1.45127 2.72415 2.15468
-9999 -9999 -9999 -9999 -9999 -9999 0.34489 0.51690 0.32628 0.70146 0.55663 0.29229 0.27180 0.27655 0.37432 1.05313 1.39585 1.39504 1.35786 0.72769 0.74304 0.75977 0.71973 0.67842 0.57048 0.52729 0.42019 0.56654 2.21406 1.80029 2.47893 2.90933 3.04192 2.44279 2.72336 2.59113 3.43309 3.48107 3.04329 1.32316 2.47916 2.80102 1.86988 1.81258 1.72443 2.26189 3.33344 2.83800 2.01180 4.28805 3.97111 3.32727 3.37339 3.03815 2.30679 0.92580 1.43622 2.28596 2.04237 1.96901 2.34756 2.09260 1.85281 2.04643 1.96283 0.89027 0.39829 0.49496 0.79161 1.07284 2.87014 2.36306
-9999 -9999 -9999 -9999 -9999 -9999 -9999 -9999 -9999 -9999 0.20073 0.36021 0.33854 0.38003 0.36153 0.85192 0.94763 0.96076 1.28897 1.06141 1.05641 1.28244 1.41567 1.19917 1.12650 1.39849 1.29971 0.74570 0.62535 5.27001 4.54968 4.21504 4.41238 2.44834 1.96025 2.01568 1.64632 1.58349 1.30904 1.45176 4.33430 3.60845 0.21873 5.24728 4.62626 4.99515 5.33160 4.52730 3.01800 2.77151 2.34006 1.75509 1.49903 2.68305 2.25883 2.38286 2.17341 0.89708 1.27552 2.47370 1.02367 1.74889 1.77746 1.09648 1.32345 0.81273 0.76919 0.52884 0.65923 0.98705 2.49178 4.18565
-9999 -9999 -9999 -9999 -9999 -9999 -9999 -9999 -9999 -9999 0.23004 0.12749 0.21444 0.27414 0.46173 1.52328 1.42230 1.58477 1.76296 1.71803 1.88364 2.31858 2.18784 1.78640 1.75858 1.61749 1.28771 0.87344 0.66676 5.16488 5.40130 4.47279 5.28508 3.44888 4.07843 4.17740 3.06620 0.10817 0.06163 0.08958 0.09327 0.15732 0.15601 0.44404 0.47451 0.55204 0.71835 0.69060 0.71204 4.52889 2.14692 1.63830 1.44310 1.22315 2.05520 0.86079 0.81723 1.01371 0.75075 0.81102 0.69761 0.51173 0.58284 2.36437 1.96547 2.29218 2.12090 0.32047 0.49314 1.06243 3.89126 3.01288
-9999 -9999 -9999 -9999 -9999 -9999 -9999 -9999 -9999 -9999 -9999 -9999 0.23747 0.25714 0.47907 1.16584 1.79185 1.71791 1.72269 2.37815 2.26400 2.52520 2.56679 2.53867 1.77123 1.21885 1.14106 0.85629 0.64653 0.53454 5.07955 5.00568 4.92549 0.46521 0.41045 0.24415 0.17803 0.35064 0.25240 0.12257 0.12890 0.19372 0.26147 0.40106 0.47884 0.57700 0.88835 0.72138 0.88240 1.16527 3.86104 3.63613 1.77555 2.47408 1.23367 0.44025 0.31696 1.30018 1.18551 0.94854 0.79627 0.60426 0.70888 2.43451 1.35072 1.35918 3.62723 0.61254 0.98648 0.76824 2.28278 4.61952
-9999 -9999 -9999 -9999 -9999 -9999 -9999 -9999 -9999 -9999 -9999 -9999 0.29725 0.31116 0.47331 1.20274 1.50922 2.14099 2.52173 2.71995 3.56809 2.29400 3.18246 2.59100 1.60347 1.33814 1.30381 1.08182 0.63024 0.63881 0.42578 0.61729 0.69354 0.50607 0.33266 0.24881 0.18940 0.54438 0.39301 0.16827 0.20924 0.19612 0.22443 0.43273 0.54521 4.50671 4.79332 5.93210 3.01732 2.46257 5.23102 3.56419 2.52592 2.14260 1.44294 0.25809 0.52750 1.31065 1.19166 0.74271 0.74196 0.63044 1.09632 0.98200 1.46156 4.18087 4.25507 5.01081 3.64195 3.75392 2.77192 3.76091
-9999 -9999 -9999 -9999 -9999 -9999 -9999 -9999 -9999 -9999 -9999 0.36095 0.19687 0.23574 0.45337 1.21249 0.82886 0.83492 0.86089 0.64454 0.73487 1.28582 2.14515 1.29893 0.78415 0.38153 0.55610 0.67247 0.39950 0.32600 0.20118 0.27268 0.24664 0.45338 0.40145 0.08741 0.08480 0.24995 0.24728 0.63836 0.68696 0.28402 0.34943 0.56190 0.48439 0.44153 0.60214 4.17263 4.38086 2.81148 2.98985 2.80535 2.47367 1.21948 0.29893 0.76458 1.16749 1.41068 1.15225 1.13484 1.59780 1.30445 1.67837 1.67142 1.82703 2.98911 3.30355 3.70201 3.61983 3.17120 5.31442 5.99671
-9999 -9999 -9999 -9999 -9999 -9999 -9999 -9999 -9999 -9999 -9999 0.21016 0.55548 0.40998 0.65176 1.24727 0.87319 0.59721 1.18537 0.56729 0.85673 2.00819 1.75920 1.55313 1.33898 0.82116 0.81215 0.55223 0.35940 0.38819 0.24685 0.15795 0.15009 0.31335 0.43465 0.19681 0.17717 0.38438 0.45455 0.74013 0.84692 0.44911 3.26467 4.33536 4.74008 5.08889 5.21074 1.95975 0.97380 0.71709 1.18507 1.29845 1.01357 0.73050 0.69505 2.90799 3.06508 3.63703 4.17697 2.25660 1.34596 2.26401 2.07052 1.51937 2.07945 4.25102 2.60442 4.38158 4.17413 5.20197 4.03294 5.87088
