data/hydroclimate-scenarios/BCSD_hadcm_B1/monthly_summaries/baseflow_monthly_tot_aug.2070-2099.asc
ncols	311
nrows	91
xllcenter	102.75
yllcenter	31.75
cellsize	0.5
NODATA_value	-9999
[rows 0 to 31 of 91, columns 0 to 72 of 311]
-9999 -9999 -9999 -9999 -9999 -9999 -9999 -9999 -9999 -9999 -9999 -9999 -9999 -9999 -9999 -9999 -9999 -9999 -9999 -9999 -9999 -9999 -9999 -9999 -9999 -9999 -9999 -9999 -9999 -9999 -9999 -9999 -9999 -9999 -9999 -9999 -9999 -9999 -9999 -9999 -9999 -9999 -9999 -9999 -9999 -9999 -9999 -9999 -9999 -9999 -9999 -9999 -9999 -9999 -9999 -9999 -9999 -9999 -9999 -9999 -9999 -9999 -9999 -9999 -9999 -9999 -9999 -9999 -9999 -9999 -9999 -9999 -9999
-9999 -9999 -9999 -9999 -9999 -9999 -9999 -9999 -9999 -9999 -9999 -9999 -9999 -9999 -9999 -9999 -9999 -9999 -9999 -9999 -9999 -9999 -9999 -9999 -9999 -9999 -9999 -9999 -9999 -9999 -9999 -9999 -9999 -9999 -9999 -9999 -9999 -9999 -9999 -9999 -9999 -9999 -9999 -9999 -9999 -9999 -9999 -9999 -9999 -9999 -9999 -9999 -9999 -9999 -9999 -9999 -9999 -9999 -9999 -9999 -9999 -9999 -9999 -9999 -9999 -9999 -9999 -9999 -9999 -9999 -9999 -9999 -9999
-9999 -9999 -9999 -9999 -9999 -9999 -9999 -9999 -9999 -9999 -9999 -9999 -9999 -9999 -9999 -9999 -9999 -9999 -9999 -9999 -9999 -9999 -9999 -9999 -9999 -9999 -9999 -9999 -9999 -9999 -9999 -9999 -9999 -9999 -9999 -9999 -9999 -9999 -9999 -9999 -9999 -9999 -9999 -9999 -9999 -9999 -9999 -9999 -9999 -9999 -9999 -9999 -9999 -9999 -9999 -9999 -9999 -9999 -9999 -9999 -9999 -9999 -9999 -9999 -9999 -9999 -9999 -9999 -9999 -9999 -9999 -9999 -9999
-9999 -9999 -9999 -9999 -9999 -9999 -9999 -9999 -9999 -9999 -9999 -9999 -9999 -9999 -9999 -9999 -9999 -9999 -9999 -9999 -9999 -9999 -9999 -9999 -9999 -9999 -9999 -9999 -9999 -9999 -9999 -9999 -9999 -9999 -9999 -9999 -9999 -9999 -9999 -9999 -9999 -9999 -9999 -9999 -9999 -9999 -9999 -9999 -9999 -9999 -9999 -9999 -9999 -9999 -9999 -9999 -9999 -9999 -9999 -9999 -9999 -9999 -9999 -9999 -9999 -9999 -9999 -9999 -9999 -9999 -9999 -9999 -9999
-9999 -9999 -9999 -9999 -9999 -9999 -9999 -9999 -9999 -9999 -9999 -9999 -9999 -9999 -9999 -9999 -9999 -9999 -9999 -9999 -9999 -9999 -9999 -9999 -9999 -9999 -9999 -9999 -9999 -9999 -9999 -9999 -9999 -9999 -9999 -9999 -9999 -9999 -9999 -9999 -9999 -9999 -9999 -9999 -9999 -9999 -9999 -9999 -9999 -9999 -9999 -9999 -9999 -9999 -9999 -9999 -9999 -9999 -9999 -9999 -9999 -9999 -9999 -9999 -9999 -9999 -9999 -9999 -9999 -9999 -9999 -9999 -9999
-9999 -9999 -9999 -9999 -9999 -9999 -9999 -9999 -9999 -9999 -9999 -9999 -9999 -9999 -9999 -9999 -9999 -9999 -9999 -9999 -9999 -9999 -9999 -9999 -9999 -9999 -9999 -9999 -9999 -9999 -9999 -9999 -9999 -9999 -9999 -9999 -9999 -9999 -9999 -9999 -9999 -9999 -9999 -9999 -9999 -9999 -9999 -9999 -9999 -9999 -9999 -9999 -9999 -9999 -9999 -9999 -9999 -9999 -9999 -9999 -9999 -9999 -9999 -9999 -9999 -9999 -9999 -9999 -9999 -9999 -9999 -9999 -9999
-9999 -9999 -9999 -9999 -9999 -9999 -9999 -9999 -9999 -9999 -9999 -9999 -9999 -9999 -9999 -9999 -9999 -9999 -9999 -9999 -9999 -9999 -9999 -9999 -9999 -9999 -9999 -9999 -9999 -9999 -9999 -9999 -9999 -9999 -9999 -9999 -9999 -9999 -9999 -9999 -9999 -9999 -9999 -9999 -9999 -9999 -9999 -9999 -9999 -9999 -9999 -9999 -9999 -9999 -9999 -9999 -9999 -9999 -9999 -9999 -9999 -9999 -9999 -9999 -9999 -9999 -9999 -9999 -9999 -9999 -9999 -9999 -9999
-9999 -9999 -9999 -9999 -9999 -9999 -9999 -9999 -9999 -9999 -9999 -9999 -9999 -9999 -9999 -9999 -9999 -9999 -9999 -9999 -9999 -9999 -9999 -9999 -9999 -9999 -9999 -9999 -9999 -9999 -9999 -9999 -9999 -9999 -9999 -9999 -9999 -9999 -9999 -9999 -9999 -9999 0.16318 0.07092 0.07026 0.11608 0.12178 0.04909 0.04069 0.06728 0.07121 0.31301 -9999 -9999 -9999 -9999 -9999 -9999 -9999 -9999 -9999 -9999 -9999 -9999 -9999 -9999 -9999 -9999 -9999 -9999 -9999 -9999 -9999
-9999 -9999 -9999 -9999 -9999 -9999 -9999 -9999 -9999 -9999 -9999 -9999 -9999 -9999 -9999 -9999 -9999 -9999 -9999 -9999 -9999 -9999 -9999 -9999 -9999 -9999 -9999 -9999 -9999 -9999 -9999 -9999 -9999 -9999 -9999 -9999 -9999 -9999 0.05517 0.58069 0.15477 0.10165 0.11053 0.08282 0.09022 0.09305 0.09160 0.05620 0.04696 0.15526 0.12987 0.82782 0.52328 1.41157 -9999 -9999 -9999 -9999 -9999 -9999 -9999 -9999 -9999 -9999 -9999 -9999 -9999 -9999 -9999 -9999 -9999 -9999 -9999
-9999 -9999 -9999 -9999 -9999 -9999 -9999 -9999 -9999 -9999 -9999 -9999 -9999 -9999 -9999 -9999 -9999 -9999 -9999 -9999 -9999 -9999 -9999 -9999 -9999 -9999 -9999 -9999 -9999 -9999 -9999 -9999 -9999 -9999 -9999 -9999 -9999 -9999 -9999 -9999 0.04652 0.05900 0.09598 0.10556 0.09353 0.11131 0.09630 0.04518 0.17727 0.13638 0.11851 0.26444 0.37366 0.81337 -9999 -9999 -9999 -9999 -9999 -9999 -9999 -9999 -9999 -9999 -9999 -9999 -9999 -9999 -9999 -9999 -9999 -9999 -9999
-9999 -9999 -9999 -9999 -9999 -9999 -9999 -9999 -9999 -9999 -9999 -9999 -9999 -9999 -9999 -9999 -9999 -9999 -9999 -9999 -9999 -9999 -9999 -9999 -9999 -9999 -9999 -9999 -9999 -9999 -9999 -9999 -9999 -9999 -9999 -9999 -9999 -9999 -9999 -9999 -9999 -9999 -9999 -9999 0.10402 0.14603 0.33093 0.32696 0.10419 0.06058 0.07860 0.34121 0.16915 0.29339 -9999 -9999 -9999 -9999 -9999 -9999 0.03837 -9999 -9999 -9999 -9999 -9999 -9999 -9999 -9999 -9999 -9999 -9999 -9999
-9999 -9999 -9999 -9999 -9999 -9999 -9999 -9999 -9999 -9999 -9999 -9999 -9999 -9999 -9999 -9999 -9999 -9999 -9999 -9999 -9999 -9999 -9999 -9999 -9999 -9999 -9999 -9999 -9999 -9999 -9999 -9999 -9999 -9999 -9999 -9999 -9999 -9999 -9999 -9999 -9999 0.08984 0.08741 0.13547 0.12936 0.08640 0.15350 0.18432 0.14183 0.05579 0.50468 0.26035 0.03415 0.19608 -9999 -9999 -9999 -9999 -9999 0.02588 0.02125 0.01534 0.01345 0.00782 0.00751 0.00820 0.00824 0.03357 0.02678 0.02350 0.02734 0.02113 0.02445
-9999 -9999 -9999 -9999 -9999 -9999 -9999 -9999 -9999 -9999 -9999 -9999 -9999 -9999 -9999 -9999 -9999 -9999 -9999 -9999 -9999 -9999 -9999 -9999 -9999 -9999 -9999 -9999 -9999 -9999 -9999 -9999 -9999 -9999 -9999 -9999 -9999 -9999 -9999 -9999 -9999 0.04679 0.06490 0.07498 0.04726 0.03834 0.08381 0.39008 0.17737 0.04570 0.04605 0.25898 0.09803 0.46627 0.11326 0.33254 0.20546 -9999 0.09018 0.01785 0.01381 0.01286 0.01081 0.00876 0.00919 0.00996 0.00933 0.04502 0.04112 0.03253 0.02845 0.03359 0.03864
-9999 -9999 -9999 -9999 -9999 -9999 -9999 -9999 -9999 -9999 -9999 -9999 -9999 -9999 -9999 -9999 -9999 -9999 -9999 -9999 -9999 -9999 -9999 -9999 -9999 -9999 -9999 -9999 -9999 -9999 -9999 -9999 -9999 -9999 -9999 0.23700 0.03124 0.06278 0.06251 0.03885 0.03218 0.01999 0.03318 0.03622 0.04430 0.02387 0.01949 0.03796 0.05171 0.05838 0.08196 0.25860 1.11221 1.27855 0.27702 0.76154 0.25491 0.09608 0.06223 0.01237 0.00912 0.00867 0.01053 0.02188 0.01110 0.00922 0.00864 0.02794 0.03316 0.00421 0.00458 0.00424 0.00551
-9999 -9999 -9999 -9999 -9999 -9999 -9999 -9999 -9999 -9999 -9999 -9999 -9999 -9999 -9999 -9999 -9999 -9999 -9999 -9999 -9999 -9999 -9999 -9999 -9999 -9999 -9999 -9999 -9999 -9999 -9999 -9999 -9999 -9999 0.13360 0.01366 0.02845 0.02654 0.04336 0.04399 0.03501 0.02838 0.01982 0.04620 0.01559 0.01299 0.01378 0.02147 0.05575 0.15092 0.61760 0.90128 3.42107 2.09979 1.64218 0.63180 0.25593 0.11420 0.05770 0.04197 0.04340 0.05624 0.05078 0.17323 0.04330 0.03663 0.02527 0.04663 0.13691 0.14048 0.24289 0.13026 0.23399
-9999 -9999 -9999 -9999 -9999 -9999 -9999 -9999 -9999 -9999 -9999 -9999 -9999 -9999 -9999 -9999 -9999 -9999 -9999 -9999 -9999 -9999 -9999 -9999 -9999 -9999 -9999 -9999 -9999 -9999 -9999 -9999 -9999 0.15580 0.16983 0.01352 0.01390 0.01323 0.02008 0.01950 0.01250 0.01542 0.27894 0.03729 0.01360 0.01493 0.02066 0.03739 0.29710 0.53158 1.59459 3.98812 4.79000 2.38221 0.27670 0.54255 0.41372 0.08113 0.04822 0.05294 0.05265 0.03114 0.02491 0.02621 0.03727 0.04079 0.03651 0.05658 0.08789 0.10071 0.06247 0.10655 0.12989
-9999 -9999 -9999 -9999 -9999 -9999 -9999 -9999 -9999 -9999 -9999 -9999 -9999 -9999 -9999 -9999 -9999 -9999 -9999 -9999 -9999 -9999 -9999 -9999 -9999 -9999 -9999 -9999 -9999 -9999 -9999 0.16318 0.01246 0.00940 0.00615 0.00739 0.00669 0.00856 0.00916 0.00944 0.00783 0.00649 0.01361 0.00605 0.01146 0.01809 0.01645 0.01791 0.05696 0.26058 1.23360 5.01556 5.50893 1.57793 0.95395 0.62824 0.18132 0.11568 0.14958 0.05579 0.04107 0.03310 0.02538 0.02157 0.03070 0.07633 0.06377 0.01962 0.01858 0.08046 0.31857 0.44908 0.02745
-9999 -9999 -9999 -9999 -9999 -9999 -9999 -9999 -9999 -9999 -9999 -9999 -9999 -9999 -9999 -9999 -9999 -9999 -9999 -9999 -9999 -9999 -9999 -9999 -9999 -9999 -9999 -9999 -9999 0.01493 0.00716 0.00868 0.01130 0.00853 0.00869 0.00863 0.00926 0.00476 0.00734 0.00497 0.00931 0.27942 0.00606 0.00537 0.00723 0.02821 0.03522 0.02915 0.28538 0.67067 0.81393 6.84736 4.34648 1.24113 1.76386 1.00888 0.15549 0.11051 0.04731 0.01194 0.01798 0.01594 0.01568 0.02060 0.02196 0.04090 0.15614 0.27588 0.36934 0.32523 0.15214 0.68836 4.80934
-9999 -9999 -9999 -9999 -9999 -9999 -9999 -9999 -9999 -9999 -9999 -9999 -9999 -9999 -9999 -9999 -9999 -9999 -9999 -9999 -9999 -9999 -9999 -9999 0.02057 0.02538 0.01865 0.00743 0.00802 0.01039 0.00737 0.00386 0.00389 0.00281 0.00298 0.00427 0.00263 0.00371 0.00363 0.01680 0.01449 0.20474 0.00451 0.00791 0.00613 0.00840 0.01386 0.04242 0.23287 0.74174 0.88664 7.00390 4.87822 1.55549 0.45511 0.25766 0.11737 0.07227 0.05181 0.02805 0.01898 0.01473 0.00879 0.00888 0.00959 0.04643 0.05656 0.03386 0.05041 0.06906 0.82818 1.30969 4.66601
-9999 -9999 -9999 -9999 -9999 -9999 0.19551 0.20259 0.18782 0.19034 0.16259 -9999 -9999 -9999 -9999 -9999 -9999 -9999 -9999 -9999 -9999 0.01948 0.04638 0.03010 0.01985 0.03488 0.02876 0.02260 0.01454 0.00826 0.00551 0.00357 0.00466 0.00294 0.00408 0.00383 0.00443 0.00459 0.00364 0.02304 0.01532 0.00460 0.33555 0.00955 0.00791 0.00838 0.00958 0.02093 0.12030 1.12742 3.36147 5.84752 4.05084 1.17987 0.24411 0.14855 0.10593 0.05322 0.02766 0.02236 0.01697 0.01479 0.02181 0.03099 0.05611 0.03763 0.03408 0.01927 0.02377 0.01355 0.05924 0.42377 2.53166
-9999 -9999 -9999 -9999 -9999 0.06852 0.08729 0.14536 0.07164 0.07632 0.07991 0.07774 0.06486 0.07230 -9999 -9999 -9999 0.02048 0.02257 0.04290 0.04510 0.02879 0.03158 0.01317 0.04981 0.02627 0.01637 0.25036 0.18334 0.01752 0.01162 0.00518 0.00659 0.00403 0.00282 0.00622 0.00722 0.00461 0.00421 0.01034 0.01284 0.01186 0.32216 0.20508 0.01160 0.00827 0.04775 0.25840 0.18530 1.19539 1.56174 2.52228 2.89190 0.55364 0.26859 0.29322 0.16513 0.05692 0.01844 0.02478 0.01361 0.01076 0.02306 0.01276 0.07309 0.16427 0.06053 0.06520 0.03105 0.04179 0.09059 0.41473 0.61127
-9999 0.31378 0.52489 0.07808 0.09682 0.06356 0.09452 0.08625 0.09481 0.06050 0.06997 0.06332 0.07744 0.06489 0.04733 0.04450 0.02035 0.03789 0.06453 0.05563 0.07212 0.01574 0.01692 0.01312 0.00603 0.01389 0.01011 0.35096 0.30028 0.01452 0.00585 0.00258 0.00387 0.00091 0.00111 0.00282 0.00319 0.00333 0.00390 0.00481 0.00299 0.00352 0.24347 0.19236 0.00491 0.00774 0.01408 0.07632 0.09966 0.38909 0.65036 3.72211 3.00325 2.85623 1.37194 0.76355 0.33674 0.03938 0.03179 0.04553 0.01184 0.04261 0.05036 0.05434 0.12220 0.16722 0.03804 0.17003 0.05271 0.12034 0.55262 1.39687 1.39238
-9999 0.35330 0.30693 0.09289 0.07478 0.02592 0.01554 0.05576 0.02858 0.01423 0.01663 0.01918 0.03286 0.01792 0.02665 0.05066 0.07736 0.05754 0.05124 0.03874 0.06252 0.16343 0.18101 0.03276 0.02008 0.05732 0.05090 0.01688 0.01173 0.00595 0.00253 0.01158 0.01034 0.00229 0.00363 0.00209 0.00202 0.00216 0.00222 0.00395 0.00412 0.00391 0.00125 0.27944 0.20125 0.00626 0.01374 0.01679 0.06809 0.50468 0.99281 2.12020 4.25391 8.45012 8.09812 1.98938 0.65105 0.17702 0.13498 0.07497 0.10796 0.07507 0.09598 0.03227 0.08947 0.12390 0.11830 1.15884 0.90080 0.92602 0.89123 0.64304 1.63428
-9999 -9999 -9999 0.56435 0.59075 0.12192 0.07169 0.40603 0.33671 0.03828 0.02566 0.01077 0.00968 0.01149 0.01804 0.04680 0.08231 0.03483 0.04301 0.08606 0.33716 0.29595 0.31459 0.17484 0.06085 0.11077 0.08844 0.01958 0.00897 0.00208 0.00126 0.00896 0.01336 0.00406 0.00556 0.24891 0.00133 0.00215 0.00206 0.00350 0.00976 0.24940 0.09031 0.13567 0.35566 0.45146 0.62744 0.01739 0.02886 0.19385 0.23776 0.82747 3.47848 6.44725 4.85874 3.59040 1.82569 0.87597 1.41713 0.57278 0.41999 0.36458 0.89143 0.25656 0.14617 0.05762 0.01807 0.58707 1.30190 1.60155 1.56020 0.56828 0.70916
-9999 -9999 -9999 -9999 -9999 -9999 0.06175 0.29116 0.28799 0.00843 0.00737 0.01052 0.01094 0.00980 0.00636 0.00456 0.00512 0.05130 0.04594 0.04020 0.08425 0.15028 0.10993 0.06493 0.03908 0.03657 0.01437 0.00751 0.26179 0.00158 0.00150 0.00188 0.33624 0.28799 0.41269 0.14817 0.34760 0.29628 0.10106 0.07862 0.07409 0.10755 0.12045 0.11176 0.14412 0.10645 0.45899 0.56876 0.61407 1.26006 2.34870 4.71392 5.62249 1.20824 2.65624 4.35519 1.54077 3.34230 4.40339 3.05904 2.34087 1.69846 1.39689 2.22038 2.30509 1.60776 0.12412 0.48967 1.11716 0.51912 1.22665 0.52253 0.44804
-9999 -9999 -9999 -9999 -9999 -9999 0.01802 0.11198 0.06666 0.01027 0.00807 0.00648 0.00530 0.00360 0.00361 0.00714 0.00649 0.03699 0.04373 0.04208 0.04565 0.10316 0.08795 0.04597 0.02766 0.01248 0.00416 0.00139 0.08473 0.09049 0.18634 0.24102 0.24575 0.22044 0.28799 0.14383 0.27032 0.26174 0.25934 0.10906 0.11353 0.12438 0.10113 0.10729 0.11276 0.14245 0.17490 0.09905 0.11636 0.72777 1.56595 1.58247 2.19641 2.39854 2.14976 0.27566 0.73325 2.48835 2.03729 1.84852 3.43520 2.47724 1.84922 2.82886 2.73588 0.36846 0.12492 0.47875 0.75682 0.41873 1.68228 0.86685 0.99183
-9999 -9999 -9999 -9999 -9999 -9999 -9999 -9999 -9999 -9999 0.01706 0.02064 0.02183 0.00420 0.00669 0.00864 0.01724 0.02851 0.02078 0.04244 0.05629 0.02408 0.02405 0.00919 0.00640 0.02235 0.00818 0.00712 0.00460 0.26243 0.19491 0.17298 0.19451 0.11785 0.07388 0.11776 0.08829 0.06499 0.06230 0.06624 0.24254 0.22057 0.00038 0.24568 0.25199 0.30357 0.35744 0.55790 0.30623 0.22902 0.26736 0.22018 0.29458 0.48786 0.46272 1.36864 1.64791 0.63262 0.79575 1.64153 0.61065 1.15770 1.14536 1.42142 2.01071 0.65196 0.52196 0.03740 0.10466 0.23995 1.43148 4.05150 4.63146
-9999 -9999 -9999 -9999 -9999 -9999 -9999 -9999 -9999 -9999 0.01172 0.00401 0.01173 0.00401 0.00413 0.00519 0.00671 0.00977 0.01976 0.04113 0.03772 0.01786 0.01839 0.01168 0.00930 0.01146 0.00483 0.00986 0.00505 0.19018 0.19294 0.17487 0.23113 0.16943 0.31814 0.44084 0.29321 0.00012 0.00027 0.00013 0.00016 0.00034 0.00075 0.00158 0.00066 0.00068 0.00249 0.00519 0.00488 0.54021 0.26671 0.16458 0.14684 0.11251 0.36453 0.23543 0.28493 0.37299 0.29704 0.31572 0.29524 0.13785 0.17898 1.97660 1.90771 1.08239 0.95207 0.01547 0.01844 0.31153 2.38946 2.07505 3.93736
-9999 -9999 -9999 -9999 -9999 -9999 -9999 -9999 -9999 -9999 -9999 -9999 0.00129 0.01264 0.02695 0.03934 0.01449 0.00795 0.01362 0.01846 0.02037 0.03070 0.02650 0.01432 0.00938 0.01547 0.01467 0.02904 0.01690 0.00143 0.24602 0.21804 0.20356 0.00003 0.00005 0.00011 0.00015 0.00041 0.00042 0.00048 0.00078 0.00098 0.00197 0.00088 0.00139 0.00999 0.01674 0.01411 0.02158 0.00844 0.79952 0.44391 0.20449 0.38080 0.24387 0.14540 0.09724 0.31883 0.28913 0.25161 0.22647 0.15856 0.23101 1.78746 0.78582 0.26920 1.04141 0.03181 0.12334 0.17311 2.39764 6.02461 6.15191
-9999 -9999 -9999 -9999 -9999 -9999 -9999 -9999 -9999 -9999 -9999 -9999 0.00203 0.00407 0.00989 0.00582 0.00493 0.00685 0.02040 0.02809 0.03757 0.01943 0.02989 0.01960 0.01382 0.01950 0.01485 0.02908 0.01408 0.00289 0.00212 0.00129 0.00064 0.00018 0.00046 0.00055 0.00144 0.00186 0.00171 0.00047 0.00063 0.00112 0.00155 0.00117 0.00113 0.47702 0.61594 1.29241 0.46687 0.30666 1.05534 0.45649 0.37710 0.29891 0.25728 0.08988 0.14988 0.33656 0.30770 0.21118 0.23776 0.23928 0.31545 0.39358 0.54233 1.14103 1.22179 1.18771 0.74848 2.56162 2.73912 2.98703 5.85968
-9999 -9999 -9999 -9999 -9999 -9999 -9999 -9999 -9999 -9999 -9999 0.00022 0.00107 0.00124 0.00088 0.01714 0.00689 0.00655 0.01095 0.04925 0.00901 0.02449 0.04048 0.00988 0.00956 0.00541 0.00793 0.01450 0.00691 0.01257 0.00741 0.00005 0.00001 0.00003 0.00003 0.00024 0.00053 0.00098 0.00255 0.01799 0.01935 0.00128 0.00218 0.00124 0.00198 0.31337 0.43365 1.58847 1.67660 0.50884 0.53556 0.31852 0.29214 0.13853 0.06924 0.07455 0.08892 0.19309 0.17281 0.16919 0.21566 0.14937 0.19063 0.27863 0.29804 0.44979 0.59408 0.56767 0.88321 1.05288 5.70687 8.08492 6.30034
-9999 -9999 -9999 -9999 -9999 -9999 -9999 -9999 -9999 -9999 -9999 0.00001 0.00012 0.00033 0.00032 0.00661 0.00291 0.00461 0.01955 0.01267 0.00865 0.02915 0.01128 0.00502 0.00440 0.00591 0.00827 0.01568 0.00774 0.00917 0.00653 0.00017 0.00003 0.00012 0.00015 0.00049 0.00052 0.00038 0.00271 0.01476 0.02777 0.00269 0.24041 0.25820 0.28565 1.97031 1.84318 0.99014 0.35728 0.05695 0.09722 0.03429 0.02608 0.01033 0.00729 0.13621 0.16350 0.44038 0.46849 0.23615 0.12424 0.20793 0.19489 0.17739 0.30056 0.76828 0.37799 0.60560 1.44134 3.40971 2.43435 6.28111 6.87734
