data/hydroclimate-scenarios/BCSD_hadcm_B1/monthly_summaries/baseflow_monthly_tot_oct.2070-2099.asc
ncols	311
nrows	91
xllcenter	102.75
yllcenter	31.75
cellsize	0.5
NODATA_value	-9999
[rows 0 to 31 of 91, columns 0 to 71 of 311]
-9999 -9999 -9999 -9999 -9999 -9999 -9999 -9999 -9999 -9999 -9999 -9999 -9999 -9999 -9999 -9999 -9999 -9999 -9999 -9999 -9999 -9999 -9999 -9999 -9999 -9999 -9999 -9999 -9999 -9999 -9999 -9999 -9999 -9999 -9999 -9999 -9999 -9999 -9999 -9999 -9999 -9999 -9999 -9999 -9999 -9999 -9999 -9999 -9999 -9999 -9999 -9999 -9999 -9999 -9999 -9999 -9999 -9999 -9999 -9999 -9999 -9999 -9999 -9999 -9999 -9999 -9999 -9999 -9999 -9999 -9999 -9999
-9999 -9999 -9999 -9999 -9999 -9999 -9999 -9999 -9999 -9999 -9999 -9999 -9999 -9999 -9999 -9999 -9999 -9999 -9999 -9999 -9999 -9999 -9999 -9999 -9999 -9999 -9999 -9999 -9999 -9999 -9999 -9999 -9999 -9999 -9999 -9999 -9999 -9999 -9999 -9999 -9999 -9999 -9999 -9999 -9999 -9999 -9999 -9999 -9999 -9999 -9999 -9999 -9999 -9999 -9999 -9999 -9999 -9999 -9999 -9999 -9999 -9999 -9999 -9999 -9999 -9999 -9999 -9999 -9999 -9999 -9999 -9999
-9999 -9999 -9999 -9999 -9999 -9999 -9999 -9999 -9999 -9999 -9999 -9999 -9999 -9999 -9999 -9999 -9999 -9999 -9999 -9999 -9999 -9999 -9999 -9999 -9999 -9999 -9999 -9999 -9999 -9999 -9999 -9999 -9999 -9999 -9999 -9999 -9999 -9999 -9999 -9999 -9999 -9999 -9999 -9999 -9999 -9999 -9999 -9999 -9999 -9999 -9999 -9999 -9999 -9999 -9999 -9999 -9999 -9999 -9999 -9999 -9999 -9999 -9999 -9999 -9999 -9999 -9999 -9999 -9999 -9999 -9999 -9999
-9999 -9999 -9999 -9999 -9999 -9999 -9999 -9999 -9999 -9999 -9999 -9999 -9999 -9999 -9999 -9999 -9999 -9999 -9999 -9999 -9999 -9999 -9999 -9999 -9999 -9999 -9999 -9999 -9999 -9999 -9999 -9999 -9999 -9999 -9999 -9999 -9999 -9999 -9999 -9999 -9999 -9999 -9999 -9999 -9999 -9999 -9999 -9999 -9999 -9999 -9999 -9999 -9999 -9999 -9999 -9999 -9999 -9999 -9999 -9999 -9999 -9999 -9999 -9999 -9999 -9999 -9999 -9999 -9999 -9999 -9999 -9999
-9999 -9999 -9999 -9999 -9999 -9999 -9999 -9999 -9999 -9999 -9999 -9999 -9999 -9999 -9999 -9999 -9999 -9999 -9999 -9999 -9999 -9999 -9999 -9999 -9999 -9999 -9999 -9999 -9999 -9999 -9999 -9999 -9999 -9999 -9999 -9999 -9999 -9999 -9999 -9999 -9999 -9999 -9999 -9999 -9999 -9999 -9999 -9999 -9999 -9999 -9999 -9999 -9999 -9999 -9999 -9999 -9999 -9999 -9999 -9999 -9999 -9999 -9999 -9999 -9999 -9999 -9999 -9999 -9999 -9999 -9999 -9999
-9999 -9999 -9999 -9999 -9999 -9999 -9999 -9999 -9999 -9999 -9999 -9999 -9999 -9999 -9999 -9999 -9999 -9999 -9999 -9999 -9999 -9999 -9999 -9999 -9999 -9999 -9999 -9999 -9999 -9999 -9999 -9999 -9999 -9999 -9999 -9999 -9999 -9999 -9999 -9999 -9999 -9999 -9999 -9999 -9999 -9999 -9999 -9999 -9999 -9999 -9999 -9999 -9999 -9999 -9999 -9999 -9999 -9999 -9999 -9999 -9999 -9999 -9999 -9999 -9999 -9999 -9999 -9999 -9999 -9999 -9999 -9999
-9999 -9999 -9999 -9999 -9999 -9999 -9999 -9999 -9999 -9999 -9999 -9999 -9999 -9999 -9999 -9999 -9999 -9999 -9999 -9999 -9999 -9999 -9999 -9999 -9999 -9999 -9999 -9999 -9999 -9999 -9999 -9999 -9999 -9999 -9999 -9999 -9999 -9999 -9999 -9999 -9999 -9999 -9999 -9999 -9999 -9999 -9999 -9999 -9999 -9999 -9999 -9999 -9999 -9999 -9999 -9999 -9999 -9999 -9999 -9999 -9999 -9999 -9999 -9999 -9999 -9999 -9999 -9999 -9999 -9999 -9999 -9999
-9999 -9999 -9999 -9999 -9999 -9999 -9999 -9999 -9999 -9999 -9999 -9999 -9999 -9999 -9999 -9999 -9999 -9999 -9999 -9999 -9999 -9999 -9999 -9999 -9999 -9999 -9999 -9999 -9999 -9999 -9999 -9999 -9999 -9999 -9999 -9999 -9999 -9999 -9999 -9999 -9999 -9999 1.52230 1.61357 1.91759 1.74913 1.92425 1.86604 1.25271 1.53514 1.35142 1.16998 -9999 -9999 -9999 -9999 -9999 -9999 -9999 -9999 -9999 -9999 -9999 -9999 -9999 -9999 -9999 -9999 -9999 -9999 -9999 -9999
-9999 -9999 -9999 -9999 -9999 -9999 -9999 -9999 -9999 -9999 -9999 -9999 -9999 -9999 -9999 -9999 -9999 -9999 -9999 -9999 -9999 -9999 -9999 -9999 -9999 -9999 -9999 -9999 -9999 -9999 -9999 -9999 -9999 -9999 -9999 -9999 -9999 -9999 0.81645 1.86584 1.37999 1.41141 1.66823 1.66851 1.90864 1.47555 1.12618 0.70633 0.93263 1.90299 1.47944 5.15266 2.38388 2.67749 -9999 -9999 -9999 -9999 -9999 -9999 -9999 -9999 -9999 -9999 -9999 -9999 -9999 -9999 -9999 -9999 -9999 -9999
-9999 -9999 -9999 -9999 -9999 -9999 -9999 -9999 -9999 -9999 -9999 -9999 -9999 -9999 -9999 -9999 -9999 -9999 -9999 -9999 -9999 -9999 -9999 -9999 -9999 -9999 -9999 -9999 -9999 -9999 -9999 -9999 -9999 -9999 -9999 -9999 -9999 -9999 -9999 -9999 0.78843 0.74583 1.21128 1.44800 1.35443 2.43730 2.07986 1.47339 1.04904 1.68787 1.48756 1.80519 2.16508 2.31927 -9999 -9999 -9999 -9999 -9999 -9999 -9999 -9999 -9999 -9999 -9999 -9999 -9999 -9999 -9999 -9999 -9999 -9999
-9999 -9999 -9999 -9999 -9999 -9999 -9999 -9999 -9999 -9999 -9999 -9999 -9999 -9999 -9999 -9999 -9999 -9999 -9999 -9999 -9999 -9999 -9999 -9999 -9999 -9999 -9999 -9999 -9999 -9999 -9999 -9999 -9999 -9999 -9999 -9999 -9999 -9999 -9999 -9999 -9999 -9999 -9999 -9999 2.02528 2.35859 2.95761 3.65878 1.70483 2.07729 2.69247 3.05083 0.45291 1.83511 -9999 -9999 -9999 -9999 -9999 -9999 0.00328 -9999 -9999 -9999 -9999 -9999 -9999 -9999 -9999 -9999 -9999 -9999
-9999 -9999 -9999 -9999 -9999 -9999 -9999 -9999 -9999 -9999 -9999 -9999 -9999 -9999 -9999 -9999 -9999 -9999 -9999 -9999 -9999 -9999 -9999 -9999 -9999 -9999 -9999 -9999 -9999 -9999 -9999 -9999 -9999 -9999 -9999 -9999 -9999 -9999 -9999 -9999 -9999 0.86657 1.07828 2.34721 2.30978 1.93899 2.61194 2.48797 2.77869 2.28084 2.75333 2.79034 0.18000 1.16892 -9999 -9999 -9999 -9999 -9999 0.00226 0.00163 0.00044 0.00037 0.00032 0.00068 0.00080 0.00070 0.00119 0.00134 0.00124 0.00183 0.00080
-9999 -9999 -9999 -9999 -9999 -9999 -9999 -9999 -9999 -9999 -9999 -9999 -9999 -9999 -9999 -9999 -9999 -9999 -9999 -9999 -9999 -9999 -9999 -9999 -9999 -9999 -9999 -9999 -9999 -9999 -9999 -9999 -9999 -9999 -9999 -9999 -9999 -9999 -9999 -9999 -9999 0.64767 1.14521 2.14602 1.71887 1.26763 3.43083 3.63367 1.93284 2.06703 1.68869 2.11765 0.62380 1.71003 1.18644 0.56008 0.18666 -9999 0.00987 0.00229 0.00100 0.00043 0.00023 0.00096 0.00167 0.00400 0.00342 0.00286 0.00326 0.00098 0.00101 0.00108
-9999 -9999 -9999 -9999 -9999 -9999 -9999 -9999 -9999 -9999 -9999 -9999 -9999 -9999 -9999 -9999 -9999 -9999 -9999 -9999 -9999 -9999 -9999 -9999 -9999 -9999 -9999 -9999 -9999 -9999 -9999 -9999 -9999 -9999 -9999 0.44616 0.08952 0.47947 0.45112 0.46043 0.46876 0.36597 0.56591 1.18793 3.43601 1.88227 0.80181 1.03890 1.26855 1.43868 2.11306 1.12562 2.99201 3.38541 0.95685 1.02054 0.63674 0.02312 0.01951 0.00119 0.00022 0.00012 0.00035 0.01208 0.00297 0.00464 0.00458 0.00120 0.00281 0.00000 0.00000 0.00000
-9999 -9999 -9999 -9999 -9999 -9999 -9999 -9999 -9999 -9999 -9999 -9999 -9999 -9999 -9999 -9999 -9999 -9999 -9999 -9999 -9999 -9999 -9999 -9999 -9999 -9999 -9999 -9999 -9999 -9999 -9999 -9999 -9999 -9999 0.21973 0.01235 0.03553 0.07111 0.15292 0.24212 0.29140 0.41006 0.42596 1.97632 0.72997 0.64672 0.75901 0.61433 0.77945 1.59260 3.31240 3.93133 5.49891 3.10409 2.68630 1.55426 0.14967 0.10280 0.01798 0.00101 0.00142 0.00567 0.00294 0.06532 0.00378 0.00545 0.00238 0.00394 0.04339 0.08159 0.21752 0.06610
-9999 -9999 -9999 -9999 -9999 -9999 -9999 -9999 -9999 -9999 -9999 -9999 -9999 -9999 -9999 -9999 -9999 -9999 -9999 -9999 -9999 -9999 -9999 -9999 -9999 -9999 -9999 -9999 -9999 -9999 -9999 -9999 -9999 0.22818 0.27111 0.02405 0.02732 0.03689 0.05834 0.14407 0.19187 0.36313 5.32635 1.85402 0.66212 0.55338 0.71249 0.55216 1.89059 2.27908 2.89961 5.30540 4.45488 3.25443 1.25786 1.15933 0.74553 0.03530 0.01063 0.00322 0.00319 0.00227 0.00113 0.00183 0.00530 0.01236 0.01150 0.01289 0.03669 0.07769 0.04111 0.12384
-9999 -9999 -9999 -9999 -9999 -9999 -9999 -9999 -9999 -9999 -9999 -9999 -9999 -9999 -9999 -9999 -9999 -9999 -9999 -9999 -9999 -9999 -9999 -9999 -9999 -9999 -9999 -9999 -9999 -9999 -9999 0.41068 0.07279 0.03257 0.03025 0.00687 0.01185 0.02167 0.03732 0.20808 0.31199 0.26169 1.23315 0.35581 0.56551 0.93628 0.55940 0.16938 1.29974 3.08815 3.53942 5.85644 4.69703 2.34272 2.21300 0.93217 0.04857 0.09233 0.13583 0.00884 0.00508 0.01465 0.01418 0.00350 0.00751 0.03606 0.02647 0.00389 0.00379 0.06483 0.36341 0.84043
-9999 -9999 -9999 -9999 -9999 -9999 -9999 -9999 -9999 -9999 -9999 -9999 -9999 -9999 -9999 -9999 -9999 -9999 -9999 -9999 -9999 -9999 -9999 -9999 -9999 -9999 -9999 -9999 -9999 0.03188 0.01248 0.10925 0.11833 0.05370 0.06567 0.01530 0.02356 0.01264 0.03553 0.19923 0.78952 3.70281 0.45677 0.44190 0.48883 1.07269 1.14967 0.36451 3.16003 3.88615 3.28687 6.45525 3.86304 2.03617 3.12139 0.88091 0.01693 0.06458 0.01198 0.00010 0.00177 0.01289 0.02276 0.00461 0.00654 0.01808 0.09767 0.20466 0.27927 0.43237 0.29961 1.72488
-9999 -9999 -9999 -9999 -9999 -9999 -9999 -9999 -9999 -9999 -9999 -9999 -9999 -9999 -9999 -9999 -9999 -9999 -9999 -9999 -9999 -9999 -9999 -9999 0.09063 0.42203 0.41992 0.25034 0.24705 0.08268 0.08154 0.05861 0.07378 0.07172 0.09775 0.09960 0.08766 0.20837 0.32350 0.19076 0.23630 4.05141 0.25173 0.20889 0.17124 0.22234 0.24998 0.93061 2.05380 2.68690 2.92903 5.82458 4.19890 2.22318 0.82962 0.30954 0.07915 0.03255 0.01145 0.01014 0.00667 0.00802 0.00806 0.00165 0.00245 0.01173 0.01589 0.01705 0.01751 0.23601 1.65392 1.39060
-9999 -9999 -9999 -9999 -9999 -9999 0.51250 0.52515 0.60166 0.62272 0.56450 -9999 -9999 -9999 -9999 -9999 -9999 -9999 -9999 -9999 -9999 0.10041 0.25026 0.18325 0.15100 0.58403 0.55873 0.38728 0.32048 0.09710 0.06766 0.07391 0.08975 0.09791 0.10342 0.10733 0.20521 0.13965 0.16432 0.09864 0.09822 0.32602 4.67199 0.15747 0.14380 0.18494 0.18026 0.52724 1.23947 2.83601 5.46655 5.09994 3.77566 1.38155 0.38512 0.17161 0.09833 0.03421 0.01772 0.01404 0.00825 0.01054 0.01694 0.02420 0.07414 0.00942 0.00930 0.00798 0.00785 0.03242 0.32693 0.90747
-9999 -9999 -9999 -9999 -9999 0.02593 0.03734 0.07684 0.03804 0.01636 0.01922 0.37910 0.34634 0.16143 -9999 -9999 -9999 0.07083 0.08656 0.18846 0.17369 0.31615 0.34272 0.14739 0.47772 0.38767 0.29627 0.34711 0.25283 0.23334 0.25296 0.16268 0.19507 0.11882 0.06455 0.29076 0.38812 0.11068 0.07781 0.05766 0.09111 0.14903 3.13627 2.54685 0.15684 0.39115 0.63523 1.84491 0.90402 2.93886 3.82830 2.48730 3.61680 1.54520 0.83522 0.72101 0.30429 0.03814 0.00213 0.02329 0.00435 0.00387 0.01242 0.00258 0.07920 0.33253 0.09378 0.05375 0.02548 0.04328 0.22354 0.89050
-9999 0.16535 0.31510 0.08626 0.13117 0.05126 0.05378 0.07381 0.07563 0.01729 0.01799 0.40621 0.44223 0.18255 0.10155 0.12746 0.05967 0.10364 0.14503 0.06547 0.11251 0.20355 0.20616 0.15761 0.12453 0.16553 0.16421 0.24080 0.22644 0.13463 0.08868 0.07126 0.05609 0.02644 0.04209 0.16263 0.17063 0.04836 0.03148 0.01769 0.01604 0.04473 2.62890 2.29627 0.10007 0.20712 0.18815 0.62610 0.73867 1.78398 1.79476 3.15291 2.95734 3.49546 2.45661 1.37861 0.60803 0.02052 0.01409 0.05946 0.00288 0.04996 0.03725 0.01816 0.16271 0.27103 0.04619 0.19541 0.03532 0.19065 0.94879 1.77382
-9999 0.69390 0.49166 0.21300 0.16536 0.12299 0.06910 0.19739 0.14548 0.29315 0.29824 0.05267 0.08374 0.06374 0.07859 0.15897 0.26527 0.28408 0.23516 0.24320 0.42632 0.21804 0.40567 0.23097 0.15015 0.09207 0.08516 0.05976 0.04290 0.05670 0.02611 0.10774 0.13474 0.28722 0.44769 0.06629 0.05672 0.04124 0.03205 0.10294 0.13816 0.07479 0.12298 3.20647 1.96652 0.05699 0.07275 0.09863 0.26440 1.41717 2.32063 3.14064 5.04642 5.99130 5.90252 3.84727 1.60492 0.77099 0.68025 0.06071 0.14133 0.15823 0.20011 0.08658 0.22886 0.49022 0.55928 0.66755 0.50794 0.98738 0.84113 2.64240
-9999 -9999 -9999 0.67605 0.75743 0.67536 0.46240 0.64886 0.59435 0.77156 0.43093 0.04367 0.02659 0.03120 0.04140 0.14767 0.25875 0.21181 0.20038 0.27934 0.80669 0.49115 0.59907 0.40438 0.19238 0.10614 0.07751 0.03601 0.02117 0.04017 0.04125 0.14205 0.15559 0.44029 0.56891 2.27458 0.04539 0.06333 0.09794 0.26468 0.30855 1.78600 1.03622 1.37942 2.82244 2.10968 2.43791 0.10721 0.14838 0.69385 0.81774 1.96379 4.12612 4.77291 3.63532 4.70706 3.35541 2.05265 3.15092 0.41348 0.43239 0.64157 1.48981 0.58221 0.40586 0.31355 0.13805 0.26541 0.81979 1.73292 1.96115 2.26183
-9999 -9999 -9999 -9999 -9999 -9999 0.61433 0.80416 0.74654 0.39097 0.20961 0.21176 0.19790 0.13702 0.10115 0.26463 0.28260 0.47898 0.35322 0.45099 0.63608 0.59343 0.42710 0.14260 0.11353 0.23178 0.12749 0.12188 2.48990 0.03974 0.02376 0.10566 2.44084 1.03203 1.84047 0.96298 2.28869 1.91366 0.53690 0.67227 0.40208 0.55269 0.64065 0.55016 1.18566 1.17705 3.24887 3.36311 2.89036 2.86136 2.95495 5.23435 5.36365 2.21917 3.90884 3.95499 1.61953 3.18168 3.89164 2.99406 1.46549 2.42712 1.86825 1.85599 2.40816 1.99358 0.43086 0.55007 1.39546 1.97304 3.68839 2.97405
-9999 -9999 -9999 -9999 -9999 -9999 0.25657 0.37360 0.19765 0.61974 0.42400 0.12391 0.10636 0.09953 0.13933 0.48576 0.66428 0.65890 0.61644 0.38178 0.40524 0.32932 0.30660 0.20760 0.16948 0.16567 0.11843 0.14941 1.06649 0.77880 1.26809 1.49017 1.56614 1.08180 1.39236 1.21955 1.69828 1.69845 1.34602 0.62407 1.34151 1.45630 0.83981 0.57959 0.51093 1.11404 1.99650 1.50256 1.10716 3.85783 4.10791 3.33213 3.75228 3.87862 2.88193 0.63444 1.23203 2.94112 2.53236 2.24175 3.01035 3.36156 2.85383 3.17066 3.00042 0.97598 0.38136 0.51566 0.89126 1.38408 3.83846 3.11375
-9999 -9999 -9999 -9999 -9999 -9999 -9999 -9999 -9999 -9999 0.06006 0.19123 0.16789 0.12870 0.15116 0.26848 0.30399 0.32460 0.38739 0.41081 0.40730 0.55340 0.57354 0.34260 0.29525 0.54510 0.44820 0.21828 0.16499 3.14612 2.53115 2.27620 2.55567 1.16399 0.82812 0.93658 0.71368 0.65228 0.53395 0.49416 2.31633 1.70868 0.03114 3.25893 2.91055 3.08761 3.54016 2.84865 1.77297 1.28882 1.09843 1.21274 1.19484 2.26163 1.83271 2.11040 2.09884 0.73066 1.13476 2.76006 1.04623 1.99992 2.03412 1.42254 1.77652 0.76863 0.70572 0.48799 0.62147 1.18753 3.38832 6.50153
-9999 -9999 -9999 -9999 -9999 -9999 -9999 -9999 -9999 -9999 0.05563 0.04041 0.08356 0.08022 0.12221 0.44754 0.38586 0.50921 0.64646 0.83484 0.86108 1.20261 1.04804 0.56603 0.51473 0.53704 0.33346 0.20802 0.14473 2.56984 2.82866 2.32446 3.04759 1.60158 2.31998 2.51468 1.55590 0.01930 0.00971 0.00824 0.00984 0.02300 0.02339 0.10952 0.11130 0.07461 0.10772 0.12138 0.14721 2.74561 1.00659 1.08788 0.97915 0.80452 1.46163 0.62640 0.63089 0.69250 0.48855 0.74987 0.64413 0.50674 0.58630 2.30851 1.82390 1.97819 1.76410 0.22216 0.39357 1.33959 4.92793 4.01978
-9999 -9999 -9999 -9999 -9999 -9999 -9999 -9999 -9999 -9999 -9999 -9999 0.05335 0.08641 0.16337 0.42789 0.52678 0.37636 0.50448 0.85364 0.76853 0.79556 0.70545 0.76719 0.39290 0.28868 0.23886 0.18961 0.13949 0.09901 2.34790 2.27814 2.18117 0.07295 0.08326 0.08436 0.05229 0.08120 0.05178 0.01894 0.02060 0.02818 0.04496 0.10438 0.10566 0.12518 0.20973 0.13982 0.20214 0.57916 2.76586 3.10008 1.54926 1.69151 0.83028 0.27631 0.19730 1.15192 1.04348 0.90846 0.73121 0.64308 0.76280 2.46979 1.37873 0.98340 3.08479 0.35476 0.75912 0.79999 2.53582 7.11510
-9999 -9999 -9999 -9999 -9999 -9999 -9999 -9999 -9999 -9999 -9999 -9999 0.06065 0.06001 0.10667 0.28041 0.32158 0.44347 0.82151 1.20308 1.48676 0.72154 0.86995 0.76758 0.35775 0.32425 0.30241 0.27330 0.13324 0.11994 0.07948 0.12178 0.13180 0.08185 0.07515 0.07750 0.05560 0.16393 0.09278 0.02688 0.03485 0.02906 0.03378 0.10726 0.11687 2.93891 3.38643 4.16959 1.71674 1.91074 3.89745 2.82972 2.02089 1.30927 0.89266 0.14635 0.28847 1.09911 0.97143 0.64119 0.63284 0.69048 1.15515 0.87828 1.24667 3.59712 3.58062 4.19841 3.03088 3.94497 3.12329 4.43430
-9999 -9999 -9999 -9999 -9999 -9999 -9999 -9999 -9999 -9999 -9999 0.08937 0.05870 0.03348 0.05460 0.23443 0.15228 0.18238 0.21020 0.17056 0.09100 0.35509 0.56129 0.33668 0.21581 0.08131 0.12013 0.12925 0.06466 0.03863 0.02322 0.04927 0.04673 0.07659 0.07008 0.01074 0.01281 0.04689 0.04653 0.17216 0.19951 0.05927 0.07467 0.13107 0.11118 0.09335 0.13374 2.75414 3.08552 1.96121 2.19138 1.80545 1.55607 0.67559 0.19469 0.43408 0.69935 0.89089 0.79700 0.91067 1.21985 1.10395 1.42610 1.23042 1.38270 2.32599 2.84640 3.28412 3.69221 4.02267 9.01026 9.91551
-9999 -9999 -9999 -9999 -9999 -9999 -9999 -9999 -9999 -9999 -9999 0.02453 0.11956 0.05650 0.08136 0.20847 0.12024 0.09059 0.24913 0.10972 0.15604 0.52681 0.40653 0.34787 0.28982 0.16699 0.17821 0.10065 0.05914 0.05063 0.03219 0.02942 0.03009 0.06444 0.10320 0.03829 0.03103 0.08982 0.11020 0.20702 0.27403 0.09734 1.99905 2.63574 2.99481 3.33329 3.26203 1.11464 0.36207 0.25387 0.48128 0.54692 0.43080 0.29148 0.29740 1.53892 1.74845 2.15499 2.55661 1.51280 0.85904 1.70301 1.47618 0.96707 1.44230 3.57282 1.92008 3.83740 4.77056 7.65264 5.61537 9.55329
