data/hydroclimate-scenarios/BCSD_hadcm_B1/monthly_summaries/baseflow_monthly_tot_sep.2030-2059.asc
ncols	311
nrows	91
xllcenter	102.75
yllcenter	31.75
cellsize	0.5
NODATA_value	-9999
[rows 0 to 31 of 91, columns 0 to 72 of 311]
-9999 -9999 -9999 -9999 -9999 -9999 -9999 -9999 -9999 -9999 -9999 -9999 -9999 -9999 -9999 -9999 -9999 -9999 -9999 -9999 -9999 -9999 -9999 -9999 -9999 -9999 -9999 -9999 -9999 -9999 -9999 -9999 -9999 -9999 -9999 -9999 -9999 -9999 -9999 -9999 -9999 -9999 -9999 -9999 -9999 -9999 -9999 -9999 -9999 -9999 -9999 -9999 -9999 -9999 -9999 -9999 -9999 -9999 -9999 -9999 -9999 -9999 -9999 -9999 -9999 -9999 -9999 -9999 -9999 -9999 -9999 -9999 -9999
-9999 -9999 -9999 -9999 -9999 -9999 -9999 -9999 -9999 -9999 -9999 -9999 -9999 -9999 -9999 -9999 -9999 -9999 -9999 -9999 -9999 -9999 -9999 -9999 -9999 -9999 -9999 -9999 -9999 -9999 -9999 -9999 -9999 -9999 -9999 -9999 -9999 -9999 -9999 -9999 -9999 -9999 -9999 -9999 -9999 -9999 -9999 -9999 -9999 -9999 -9999 -9999 -9999 -9999 -9999 -9999 -9999 -9999 -9999 -9999 -9999 -9999 -9999 -9999 -9999 -9999 -9999 -9999 -9999 -9999 -9999 -9999 -9999
-9999 -9999 -9999 -9999 -9999 -9999 -9999 -9999 -9999 -9999 -9999 -9999 -9999 -9999 -9999 -9999 -9999 -9999 -9999 -9999 -9999 -9999 -9999 -9999 -9999 -9999 -9999 -9999 -9999 -9999 -9999 -9999 -9999 -9999 -9999 -9999 -9999 -9999 -9999 -9999 -9999 -9999 -9999 -9999 -9999 -9999 -9999 -9999 -9999 -9999 -9999 -9999 -9999 -9999 -9999 -9999 -9999 -9999 -9999 -9999 -9999 -9999 -9999 -9999 -9999 -9999 -9999 -9999 -9999 -9999 -9999 -9999 -9999
-9999 -9999 -9999 -9999 -9999 -9999 -9999 -9999 -9999 -9999 -9999 -9999 -9999 -9999 -9999 -9999 -9999 -9999 -9999 -9999 -9999 -9999 -9999 -9999 -9999 -9999 -9999 -9999 -9999 -9999 -9999 -9999 -9999 -9999 -9999 -9999 -9999 -9999 -9999 -9999 -9999 -9999 -9999 -9999 -9999 -9999 -9999 -9999 -9999 -9999 -9999 -9999 -9999 -9999 -9999 -9999 -9999 -9999 -9999 -9999 -9999 -9999 -9999 -9999 -9999 -9999 -9999 -9999 -9999 -9999 -9999 -9999 -9999
-9999 -9999 -9999 -9999 -9999 -9999 -9999 -9999 -9999 -9999 -9999 -9999 -9999 -9999 -9999 -9999 -9999 -9999 -9999 -9999 -9999 -9999 -9999 -9999 -9999 -9999 -9999 -9999 -9999 -9999 -9999 -9999 -9999 -9999 -9999 -9999 -9999 -9999 -9999 -9999 -9999 -9999 -9999 -9999 -9999 -9999 -9999 -9999 -9999 -9999 -9999 -9999 -9999 -9999 -9999 -9999 -9999 -9999 -9999 -9999 -9999 -9999 -9999 -9999 -9999 -9999 -9999 -9999 -9999 -9999 -9999 -9999 -9999
-9999 -9999 -9999 -9999 -9999 -9999 -9999 -9999 -9999 -9999 -9999 -9999 -9999 -9999 -9999 -9999 -9999 -9999 -9999 -9999 -9999 -9999 -9999 -9999 -9999 -9999 -9999 -9999 -9999 -9999 -9999 -9999 -9999 -9999 -9999 -9999 -9999 -9999 -9999 -9999 -9999 -9999 -9999 -9999 -9999 -9999 -9999 -9999 -9999 -9999 -9999 -9999 -9999 -9999 -9999 -9999 -9999 -9999 -9999 -9999 -9999 -9999 -9999 -9999 -9999 -9999 -9999 -9999 -9999 -9999 -9999 -9999 -9999
-9999 -9999 -9999 -9999 -9999 -9999 -9999 -9999 -9999 -9999 -9999 -9999 -9999 -9999 -9999 -9999 -9999 -9999 -9999 -9999 -9999 -9999 -9999 -9999 -9999 -9999 -9999 -9999 -9999 -9999 -9999 -9999 -9999 -9999 -9999 -9999 -9999 -9999 -9999 -9999 -9999 -9999 -9999 -9999 -9999 -9999 -9999 -9999 -9999 -9999 -9999 -9999 -9999 -9999 -9999 -9999 -9999 -9999 -9999 -9999 -9999 -9999 -9999 -9999 -9999 -9999 -9999 -9999 -9999 -9999 -9999 -9999 -9999
-9999 -9999 -9999 -9999 -9999 -9999 -9999 -9999 -9999 -9999 -9999 -9999 -9999 -9999 -9999 -9999 -9999 -9999 -9999 -9999 -9999 -9999 -9999 -9999 -9999 -9999 -9999 -9999 -9999 -9999 -9999 -9999 -9999 -9999 -9999 -9999 -9999 -9999 -9999 -9999 -9999 -9999 1.14899 1.20051 1.59361 1.49319 1.74151 1.07942 0.83227 0.79212 0.68939 0.76034 -9999 -9999 -9999 -9999 -9999 -9999 -9999 -9999 -9999 -9999 -9999 -9999 -9999 -9999 -9999 -9999 -9999 -9999 -9999 -9999 -9999
-9999 -9999 -9999 -9999 -9999 -9999 -9999 -9999 -9999 -9999 -9999 -9999 -9999 -9999 -9999 -9999 -9999 -9999 -9999 -9999 -9999 -9999 -9999 -9999 -9999 -9999 -9999 -9999 -9999 -9999 -9999 -9999 -9999 -9999 -9999 -9999 -9999 -9999 0.30938 1.18825 0.82331 1.11664 1.50587 1.20790 1.43108 1.62070 1.40406 0.90801 1.05611 1.72262 1.47062 2.64697 1.07957 2.25462 -9999 -9999 -9999 -9999 -9999 -9999 -9999 -9999 -9999 -9999 -9999 -9999 -9999 -9999 -9999 -9999 -9999 -9999 -9999
-9999 -9999 -9999 -9999 -9999 -9999 -9999 -9999 -9999 -9999 -9999 -9999 -9999 -9999 -9999 -9999 -9999 -9999 -9999 -9999 -9999 -9999 -9999 -9999 -9999 -9999 -9999 -9999 -9999 -9999 -9999 -9999 -9999 -9999 -9999 -9999 -9999 -9999 -9999 -9999 0.50036 0.79703 1.35369 1.32632 1.28673 2.51853 2.31356 1.40699 1.16392 1.66139 1.51218 0.87489 1.07106 1.99166 -9999 -9999 -9999 -9999 -9999 -9999 -9999 -9999 -9999 -9999 -9999 -9999 -9999 -9999 -9999 -9999 -9999 -9999 -9999
-9999 -9999 -9999 -9999 -9999 -9999 -9999 -9999 -9999 -9999 -9999 -9999 -9999 -9999 -9999 -9999 -9999 -9999 -9999 -9999 -9999 -9999 -9999 -9999 -9999 -9999 -9999 -9999 -9999 -9999 -9999 -9999 -9999 -9999 -9999 -9999 -9999 -9999 -9999 -9999 -9999 -9999 -9999 -9999 1.45986 1.91438 2.44997 4.11872 1.89703 2.03684 2.62758 2.90376 0.92181 1.67951 -9999 -9999 -9999 -9999 -9999 -9999 0.00279 -9999 -9999 -9999 -9999 -9999 -9999 -9999 -9999 -9999 -9999 -9999 -9999
-9999 -9999 -9999 -9999 -9999 -9999 -9999 -9999 -9999 -9999 -9999 -9999 -9999 -9999 -9999 -9999 -9999 -9999 -9999 -9999 -9999 -9999 -9999 -9999 -9999 -9999 -9999 -9999 -9999 -9999 -9999 -9999 -9999 -9999 -9999 -9999 -9999 -9999 -9999 -9999 -9999 0.96539 1.33245 2.17063 1.99364 1.77660 2.15698 2.81442 2.71068 1.94968 2.52276 2.63106 0.66309 1.08872 -9999 -9999 -9999 -9999 -9999 0.00191 0.00147 0.00078 0.00055 0.00027 0.00035 0.00044 0.00026 0.00165 0.00120 0.00104 0.00105 0.00083 0.00102
-9999 -9999 -9999 -9999 -9999 -9999 -9999 -9999 -9999 -9999 -9999 -9999 -9999 -9999 -9999 -9999 -9999 -9999 -9999 -9999 -9999 -9999 -9999 -9999 -9999 -9999 -9999 -9999 -9999 -9999 -9999 -9999 -9999 -9999 -9999 -9999 -9999 -9999 -9999 -9999 -9999 1.32162 2.16850 2.37030 1.77838 1.27576 2.56754 2.85120 1.28121 1.37016 1.02154 1.39573 0.56234 1.13008 0.57486 0.11273 0.04483 -9999 0.00993 0.00252 0.00137 0.00064 0.00032 0.00074 0.00093 0.00139 0.00079 0.00290 0.00249 0.00225 0.00188 0.00220 0.00265
-9999 -9999 -9999 -9999 -9999 -9999 -9999 -9999 -9999 -9999 -9999 -9999 -9999 -9999 -9999 -9999 -9999 -9999 -9999 -9999 -9999 -9999 -9999 -9999 -9999 -9999 -9999 -9999 -9999 -9999 -9999 -9999 -9999 -9999 -9999 0.41482 0.10861 0.49879 0.67045 0.94756 0.94435 0.86517 1.33610 1.49845 3.44215 1.59553 0.92809 0.62961 0.70398 0.80161 1.31222 0.88012 2.58932 2.30002 0.57771 0.56052 0.08613 0.01314 0.00865 0.00271 0.00060 0.00021 0.00037 0.00487 0.00172 0.00181 0.00122 0.00181 0.00214 0.00017 0.00022 0.00012 0.00019
-9999 -9999 -9999 -9999 -9999 -9999 -9999 -9999 -9999 -9999 -9999 -9999 -9999 -9999 -9999 -9999 -9999 -9999 -9999 -9999 -9999 -9999 -9999 -9999 -9999 -9999 -9999 -9999 -9999 -9999 -9999 -9999 -9999 -9999 0.21184 0.03493 0.10757 0.20410 0.41362 0.77577 0.94642 0.79906 0.93289 1.35600 0.35109 0.45958 0.49870 0.71140 0.82472 1.64674 3.92607 3.60139 6.22426 3.52206 2.52426 1.41883 0.11499 0.21969 0.07856 0.00447 0.00488 0.00826 0.00623 0.06442 0.00500 0.00274 0.00184 0.00425 0.01636 0.02036 0.04375 0.01305 0.03800
-9999 -9999 -9999 -9999 -9999 -9999 -9999 -9999 -9999 -9999 -9999 -9999 -9999 -9999 -9999 -9999 -9999 -9999 -9999 -9999 -9999 -9999 -9999 -9999 -9999 -9999 -9999 -9999 -9999 -9999 -9999 -9999 -9999 0.19773 0.22235 0.02851 0.03685 0.08015 0.14026 0.35388 0.47954 0.62989 3.75008 1.16989 0.29581 0.36409 0.42799 0.65474 1.86041 2.81005 4.29091 6.75659 6.41457 3.95978 0.66162 1.12083 0.60617 0.05140 0.02489 0.00827 0.00761 0.00441 0.00292 0.00226 0.00425 0.00342 0.00277 0.00647 0.01235 0.01343 0.00606 0.01508 0.01824
-9999 -9999 -9999 -9999 -9999 -9999 -9999 -9999 -9999 -9999 -9999 -9999 -9999 -9999 -9999 -9999 -9999 -9999 -9999 -9999 -9999 -9999 -9999 -9999 -9999 -9999 -9999 -9999 -9999 -9999 -9999 0.17423 0.00788 0.01710 0.01174 0.01674 0.01677 0.02353 0.03451 0.13550 0.24401 0.16779 0.94720 0.26165 0.49113 0.82912 0.49124 0.17108 1.03599 2.55928 3.75027 7.14205 6.32593 3.45883 2.26817 0.91741 0.06337 0.02627 0.03180 0.01186 0.00814 0.00265 0.00169 0.00125 0.00219 0.00499 0.00370 0.00128 0.00115 0.00660 0.03694 0.16298 0.00175
-9999 -9999 -9999 -9999 -9999 -9999 -9999 -9999 -9999 -9999 -9999 -9999 -9999 -9999 -9999 -9999 -9999 -9999 -9999 -9999 -9999 -9999 -9999 -9999 -9999 -9999 -9999 -9999 -9999 0.00339 0.00141 0.00998 0.01556 0.02419 0.03015 0.02936 0.03159 0.01071 0.02458 0.09139 0.48907 2.57838 0.23587 0.20710 0.27588 0.86917 1.01890 0.34999 2.75369 3.87265 3.85910 6.51684 5.64190 2.77810 3.57366 0.95713 0.03243 0.02199 0.00619 0.00104 0.00236 0.00085 0.00072 0.00132 0.00143 0.00212 0.01348 0.02870 0.04098 0.03324 0.01503 0.31974 2.83692
-9999 -9999 -9999 -9999 -9999 -9999 -9999 -9999 -9999 -9999 -9999 -9999 -9999 -9999 -9999 -9999 -9999 -9999 -9999 -9999 -9999 -9999 -9999 -9999 0.01640 0.00917 0.00649 0.00415 0.00458 0.01625 0.01475 0.01039 0.01955 0.02932 0.05753 0.08034 0.06030 0.08625 0.10806 0.08560 0.09998 1.94728 0.10410 0.06149 0.06433 0.29934 0.42418 1.14590 2.62924 2.58549 2.80653 8.26980 6.29666 2.89720 0.84058 0.34505 0.08188 0.03524 0.01757 0.00370 0.00184 0.00098 0.00034 0.00032 0.00038 0.00164 0.00204 0.00057 0.00106 0.00868 0.33422 0.46315 2.91374
-9999 -9999 -9999 -9999 -9999 -9999 0.41827 0.47757 0.44893 0.30128 0.24729 -9999 -9999 -9999 -9999 -9999 -9999 -9999 -9999 -9999 -9999 0.01341 0.04221 0.04318 0.02296 0.01728 0.01341 0.01578 0.01122 0.02272 0.01299 0.01210 0.02366 0.03693 0.05363 0.10160 0.16410 0.07899 0.08857 0.05371 0.04890 0.11086 2.23731 0.04683 0.04641 0.20139 0.23815 0.47558 1.53020 2.55522 5.40928 6.58969 5.33661 1.67811 0.31101 0.15461 0.08574 0.03207 0.01684 0.00372 0.00187 0.00088 0.00136 0.00293 0.00611 0.00147 0.00116 0.00027 0.00039 0.00045 0.00577 0.10178 1.18384
-9999 -9999 -9999 -9999 -9999 0.02649 0.04022 0.12179 0.04905 0.05884 0.06220 0.13921 0.11984 0.09737 -9999 -9999 -9999 0.01637 0.01959 0.04568 0.03301 0.05253 0.05382 0.02111 0.11435 0.09744 0.05399 0.02722 0.01605 0.02084 0.01716 0.02454 0.03817 0.07005 0.04590 0.18665 0.30974 0.21703 0.24397 0.13915 0.19806 0.16380 1.83217 0.86791 0.04543 0.04663 0.25676 1.26181 0.86749 2.44663 3.34295 2.74081 2.88839 0.88796 0.33085 0.32256 0.07418 0.01207 0.00144 0.00161 0.00057 0.00061 0.00184 0.00050 0.01021 0.02204 0.00636 0.00372 0.00153 0.00382 0.01484 0.07211 0.16407
-9999 0.14397 0.23271 0.06100 0.11966 0.02544 0.03800 0.04182 0.04542 0.03766 0.05867 0.10566 0.16075 0.07041 0.03896 0.01422 0.00422 0.01057 0.01942 0.00774 0.01037 0.01673 0.01670 0.02003 0.01030 0.03920 0.02820 0.02227 0.02042 0.01428 0.00598 0.00662 0.00804 0.01165 0.01815 0.10657 0.16669 0.16576 0.18172 0.07379 0.10424 0.07781 1.37502 0.70385 0.02821 0.02973 0.06070 0.33514 0.40587 1.14184 1.41901 2.93968 2.14756 3.65272 1.72182 0.88320 0.23042 0.00583 0.00325 0.00401 0.00050 0.00573 0.00586 0.00495 0.02861 0.02220 0.00397 0.01128 0.00321 0.01991 0.22740 0.76673 0.82727
-9999 0.12378 0.06745 0.02349 0.01732 0.00779 0.00431 0.01855 0.01522 0.02588 0.03666 0.10359 0.23469 0.09832 0.11870 0.01403 0.01946 0.02244 0.01645 0.01139 0.02242 0.01864 0.04384 0.01202 0.00837 0.02081 0.01957 0.01400 0.00860 0.00737 0.00249 0.00243 0.00306 0.00995 0.01799 0.00925 0.01542 0.01323 0.01728 0.05588 0.10023 0.05923 0.06612 2.10538 1.53871 0.03019 0.03459 0.12915 0.48166 1.76083 2.54400 2.70018 3.73741 6.17132 5.82000 2.20052 0.45578 0.06511 0.03500 0.00370 0.01385 0.03030 0.03109 0.02644 0.07957 0.17730 0.18580 0.16217 0.12586 0.13820 0.14978 0.52656 1.58283
-9999 -9999 -9999 0.28261 0.29131 0.09673 0.05711 0.09157 0.08931 0.07389 0.03441 0.03117 0.02584 0.02659 0.03917 0.00620 0.01043 0.00691 0.00650 0.00638 0.06610 0.04756 0.06163 0.02390 0.01269 0.01996 0.01416 0.00903 0.00390 0.00455 0.00348 0.00532 0.00469 0.01606 0.02396 0.74355 0.01252 0.01678 0.03890 0.09144 0.14276 0.58284 0.31941 1.08959 1.65021 0.87827 1.03204 0.15378 0.24554 0.94120 0.92373 1.43208 2.98754 4.20348 3.01095 3.12368 1.27002 0.36602 0.71283 0.06531 0.05939 0.13678 0.35746 0.19989 0.11741 0.12082 0.05779 0.06706 0.27229 0.59529 0.73331 0.41354 0.81548
-9999 -9999 -9999 -9999 -9999 -9999 0.06663 0.13111 0.14608 0.00761 0.00378 0.02419 0.02162 0.00785 0.00509 0.00149 0.00135 0.01854 0.01359 0.02107 0.03573 0.02389 0.01436 0.03224 0.02888 0.01901 0.01075 0.00840 0.85061 0.00712 0.00507 0.00170 0.66431 0.48191 0.99876 0.27371 0.75155 0.46842 0.17346 0.17745 0.15576 0.26515 0.31552 0.45046 0.57992 0.36104 0.91716 1.39316 1.23529 1.39898 1.72033 3.11280 3.12173 1.30862 2.59348 3.00451 0.85506 1.75729 2.29928 1.34286 0.66045 0.74937 0.56145 0.35180 0.53776 1.30056 0.39477 0.17076 0.68058 0.59482 2.10379 1.85513 1.93586
-9999 -9999 -9999 -9999 -9999 -9999 0.01960 0.05632 0.03807 0.03495 0.02492 0.01792 0.01480 0.00373 0.00405 0.01416 0.01738 0.01927 0.01888 0.02489 0.02567 0.01445 0.01170 0.04551 0.04631 0.00941 0.00649 0.01190 0.29291 0.30933 0.57377 0.42916 0.46877 0.52983 0.76112 0.35182 0.52006 0.36883 0.33291 0.16738 0.26638 0.28399 0.20293 0.31120 0.25202 0.25464 0.42145 0.25741 0.20785 1.13327 1.52156 1.17182 1.24560 1.73250 1.14401 0.15300 0.28261 1.07065 1.05243 0.73719 1.54211 1.42626 1.09600 0.88775 0.84373 0.74150 0.42683 0.14294 0.35622 0.39108 2.76945 2.24460 2.70001
-9999 -9999 -9999 -9999 -9999 -9999 -9999 -9999 -9999 -9999 0.05369 0.01615 0.01526 0.00337 0.00374 0.01873 0.01986 0.03538 0.02745 0.03863 0.04915 0.05206 0.06613 0.04714 0.04694 0.05500 0.04127 0.00772 0.00698 1.06979 0.89275 0.63487 0.75512 0.32188 0.20426 0.27742 0.19660 0.14744 0.12713 0.15068 0.72129 0.44183 0.00231 0.60281 0.50891 0.57056 0.62736 0.47383 0.29279 0.16245 0.14228 0.27857 0.30001 0.71540 0.57534 0.67255 0.73808 0.21271 0.31918 0.92407 0.19346 0.60518 0.62130 0.61263 0.99042 1.24156 1.21421 0.88275 1.13711 0.65212 2.58920 4.35048 5.05519
-9999 -9999 -9999 -9999 -9999 -9999 -9999 -9999 -9999 -9999 0.07168 0.00628 0.01679 0.00445 0.00495 0.02737 0.01798 0.02518 0.04318 0.05510 0.05405 0.05681 0.06667 0.05432 0.06269 0.04730 0.03194 0.01462 0.00760 0.98576 1.00768 0.68472 0.89892 0.46084 0.81398 0.92679 0.51892 0.00382 0.00410 0.00156 0.00169 0.00087 0.00121 0.00201 0.00197 0.00219 0.00295 0.00313 0.00331 0.43844 0.13105 0.21077 0.17773 0.14023 0.39048 0.11805 0.10704 0.15973 0.11877 0.10163 0.09304 0.08247 0.10692 1.71741 1.58978 2.58123 2.45286 0.65752 0.90429 0.87338 3.72407 2.38464 4.23097
-9999 -9999 -9999 -9999 -9999 -9999 -9999 -9999 -9999 -9999 -9999 -9999 0.00496 0.00720 0.01103 0.03109 0.01679 0.01397 0.02106 0.04686 0.04431 0.06639 0.07543 0.16792 0.12882 0.05700 0.08164 0.01462 0.00993 0.02011 0.50966 0.79674 0.69002 0.00840 0.00771 0.01429 0.00813 0.01152 0.00645 0.00249 0.00167 0.00069 0.00092 0.00097 0.00135 0.00040 0.00079 0.00084 0.00161 0.02012 0.71585 0.67883 0.23201 0.68466 0.38247 0.11292 0.06871 0.30705 0.31006 0.40272 0.39896 0.34667 0.59173 2.42035 1.12985 1.80617 3.80368 0.52056 0.99895 0.68778 2.91366 5.03966 5.31729
-9999 -9999 -9999 -9999 -9999 -9999 -9999 -9999 -9999 -9999 -9999 -9999 0.00962 0.00457 0.00624 0.01003 0.01051 0.01936 0.04987 0.09266 0.11727 0.06096 0.10153 0.21074 0.17428 0.08797 0.13521 0.02474 0.01102 0.03105 0.01644 0.02445 0.01925 0.01025 0.00986 0.01249 0.01118 0.02689 0.01243 0.00252 0.00242 0.00127 0.00118 0.00069 0.00086 0.31156 0.38665 0.52344 0.16998 0.41376 1.12886 0.60796 0.43732 0.48434 0.38656 0.06831 0.08968 0.32849 0.32888 0.36938 0.53090 0.57230 0.96053 0.56745 0.92016 4.02387 4.02716 3.07799 2.66489 2.99099 2.83374 2.45457 4.49268
-9999 -9999 -9999 -9999 -9999 -9999 -9999 -9999 -9999 -9999 -9999 0.00984 0.01364 0.01324 0.01562 0.03782 0.01832 0.05761 0.06598 0.12541 0.03399 0.08200 0.15399 0.12653 0.08729 0.03534 0.05852 0.02732 0.00986 0.00738 0.00462 0.01942 0.01207 0.00496 0.00359 0.00514 0.00494 0.01348 0.01056 0.00410 0.00333 0.00596 0.00644 0.00342 0.00266 0.00184 0.00291 0.45960 0.52725 0.29736 0.32577 0.33036 0.29285 0.14532 0.06924 0.17275 0.30391 0.29337 0.29256 0.61884 0.82983 0.73608 1.03604 0.72338 0.91117 1.64714 2.03507 2.36160 2.84639 2.64610 5.81625 7.50916 6.26712
-9999 -9999 -9999 -9999 -9999 -9999 -9999 -9999 -9999 -9999 -9999 0.00093 0.00951 0.01891 0.01823 0.02532 0.01067 0.02715 0.08537 0.06591 0.05915 0.13880 0.08245 0.10438 0.08386 0.05661 0.06668 0.01939 0.00864 0.00934 0.00683 0.00659 0.00480 0.00338 0.00547 0.01526 0.01033 0.02464 0.02839 0.00734 0.00783 0.01510 0.65086 0.49180 0.55111 0.71228 0.63371 0.18213 0.00861 0.00896 0.01707 0.03117 0.02218 0.01523 0.01487 0.57757 0.83164 0.83858 1.02236 0.87198 0.58452 1.11529 1.08801 0.62222 0.88461 2.09589 1.65724 2.31305 3.33729 4.49018 3.10250 6.77876 6.49587
