data/hydroclimate-scenarios/BCSD_hadcm_B1/monthly_summaries/baseflow_monthly_tot_may.2070-2099.asc
ncols	311
nrows	91
xllcenter	102.75
yllcenter	31.75
cellsize	0.5
NODATA_value	-9999
[rows 0 to 31 of 91, columns 0 to 71 of 311]
-9999 -9999 -9999 -9999 -9999 -9999 -9999 -9999 -9999 -9999 -9999 -9999 -9999 -9999 -9999 -9999 -9999 -9999 -9999 -9999 -9999 -9999 -9999 -9999 -9999 -9999 -9999 -9999 -9999 -9999 -9999 -9999 -9999 -9999 -9999 -9999 -9999 -9999 -9999 -9999 -9999 -9999 -9999 -9999 -9999 -9999 -9999 -9999 -9999 -9999 -9999 -9999 -9999 -9999 -9999 -9999 -9999 -9999 -9999 -9999 -9999 -9999 -9999 -9999 -9999 -9999 -9999 -9999 -9999 -9999 -9999 -9999
-9999 -9999 -9999 -9999 -9999 -9999 -9999 -9999 -9999 -9999 -9999 -9999 -9999 -9999 -9999 -9999 -9999 -9999 -9999 -9999 -9999 -9999 -9999 -9999 -9999 -9999 -9999 -9999 -9999 -9999 -9999 -9999 -9999 -9999 -9999 -9999 -9999 -9999 -9999 -9999 -9999 -9999 -9999 -9999 -9999 -9999 -9999 -9999 -9999 -9999 -9999 -9999 -9999 -9999 -9999 -9999 -9999 -9999 -9999 -9999 -9999 -9999 -9999 -9999 -9999 -9999 -9999 -9999 -9999 -9999 -9999 -9999
-9999 -9999 -9999 -9999 -9999 -9999 -9999 -9999 -9999 -9999 -9999 -9999 -9999 -9999 -9999 -9999 -9999 -9999 -9999 -9999 -9999 -9999 -9999 -9999 -9999 -9999 -9999 -9999 -9999 -9999 -9999 -9999 -9999 -9999 -9999 -9999 -9999 -9999 -9999 -9999 -9999 -9999 -9999 -9999 -9999 -9999 -9999 -9999 -9999 -9999 -9999 -9999 -9999 -9999 -9999 -9999 -9999 -9999 -9999 -9999 -9999 -9999 -9999 -9999 -9999 -9999 -9999 -9999 -9999 -9999 -9999 -9999
-9999 -9999 -9999 -9999 -9999 -9999 -9999 -9999 -9999 -9999 -9999 -9999 -9999 -9999 -9999 -9999 -9999 -9999 -9999 -9999 -9999 -9999 -9999 -9999 -9999 -9999 -9999 -9999 -9999 -9999 -9999 -9999 -9999 -9999 -9999 -9999 -9999 -9999 -9999 -9999 -9999 -9999 -9999 -9999 -9999 -9999 -9999 -9999 -9999 -9999 -9999 -9999 -9999 -9999 -9999 -9999 -9999 -9999 -9999 -9999 -9999 -9999 -9999 -9999 -9999 -9999 -9999 -9999 -9999 -9999 -9999 -9999
-9999 -9999 -9999 -9999 -9999 -9999 -9999 -9999 -9999 -9999 -9999 -9999 -9999 -9999 -9999 -9999 -9999 -9999 -9999 -9999 -9999 -9999 -9999 -9999 -9999 -9999 -9999 -9999 -9999 -9999 -9999 -9999 -9999 -9999 -9999 -9999 -9999 -9999 -9999 -9999 -9999 -9999 -9999 -9999 -9999 -9999 -9999 -9999 -9999 -9999 -9999 -9999 -9999 -9999 -9999 -9999 -9999 -9999 -9999 -9999 -9999 -9999 -9999 -9999 -9999 -9999 -9999 -9999 -9999 -9999 -9999 -9999
-9999 -9999 -9999 -9999 -9999 -9999 -9999 -9999 -9999 -9999 -9999 -9999 -9999 -9999 -9999 -9999 -9999 -9999 -9999 -9999 -9999 -9999 -9999 -9999 -9999 -9999 -9999 -9999 -9999 -9999 -9999 -9999 -9999 -9999 -9999 -9999 -9999 -9999 -9999 -9999 -9999 -9999 -9999 -9999 -9999 -9999 -9999 -9999 -9999 -9999 -9999 -9999 -9999 -9999 -9999 -9999 -9999 -9999 -9999 -9999 -9999 -9999 -9999 -9999 -9999 -9999 -9999 -9999 -9999 -9999 -9999 -9999
-9999 -9999 -9999 -9999 -9999 -9999 -9999 -9999 -9999 -9999 -9999 -9999 -9999 -9999 -9999 -9999 -9999 -9999 -9999 -9999 -9999 -9999 -9999 -9999 -9999 -9999 -9999 -9999 -9999 -9999 -9999 -9999 -9999 -9999 -9999 -9999 -9999 -9999 -9999 -9999 -9999 -9999 -9999 -9999 -9999 -9999 -9999 -9999 -9999 -9999 -9999 -9999 -9999 -9999 -9999 -9999 -9999 -9999 -9999 -9999 -9999 -9999 -9999 -9999 -9999 -9999 -9999 -9999 -9999 -9999 -9999 -9999
-9999 -9999 -9999 -9999 -9999 -9999 -9999 -9999 -9999 -9999 -9999 -9999 -9999 -9999 -9999 -9999 -9999 -9999 -9999 -9999 -9999 -9999 -9999 -9999 -9999 -9999 -9999 -9999 -9999 -9999 -9999 -9999 -9999 -9999 -9999 -9999 -9999 -9999 -9999 -9999 -9999 -9999 30.53920 30.57010 33.63550 32.92780 32.88860 35.01770 33.49670 30.69200 27.91420 15.18750 -9999 -9999 -9999 -9999 -9999 -9999 -9999 -9999 -9999 -9999 -9999 -9999 -9999 -9999 -9999 -9999 -9999 -9999 -9999 -9999
-9999 -9999 -9999 -9999 -9999 -9999 -9999 -9999 -9999 -9999 -9999 -9999 -9999 -9999 -9999 -9999 -9999 -9999 -9999 -9999 -9999 -9999 -9999 -9999 -9999 -9999 -9999 -9999 -9999 -9999 -9999 -9999 -9999 -9999 -9999 -9999 -9999 -9999 32.93460 29.38640 32.02390 32.41070 32.36540 33.78190 37.52510 37.01870 38.80780 38.50800 40.88170 44.12530 41.89330 20.74230 13.12700 3.90582 -9999 -9999 -9999 -9999 -9999 -9999 -9999 -9999 -9999 -9999 -9999 -9999 -9999 -9999 -9999 -9999 -9999 -9999
-9999 -9999 -9999 -9999 -9999 -9999 -9999 -9999 -9999 -9999 -9999 -9999 -9999 -9999 -9999 -9999 -9999 -9999 -9999 -9999 -9999 -9999 -9999 -9999 -9999 -9999 -9999 -9999 -9999 -9999 -9999 -9999 -9999 -9999 -9999 -9999 -9999 -9999 -9999 -9999 35.51170 35.52640 32.38540 31.98720 35.01110 36.54520 42.19080 54.40300 48.08170 47.13020 44.52240 26.05150 26.17150 8.90253 -9999 -9999 -9999 -9999 -9999 -9999 -9999 -9999 -9999 -9999 -9999 -9999 -9999 -9999 -9999 -9999 -9999 -9999
-9999 -9999 -9999 -9999 -9999 -9999 -9999 -9999 -9999 -9999 -9999 -9999 -9999 -9999 -9999 -9999 -9999 -9999 -9999 -9999 -9999 -9999 -9999 -9999 -9999 -9999 -9999 -9999 -9999 -9999 -9999 -9999 -9999 -9999 -9999 -9999 -9999 -9999 -9999 -9999 -9999 -9999 -9999 -9999 48.16700 43.55870 38.26490 29.24580 29.00290 41.54860 42.57400 44.64140 40.86260 19.59320 -9999 -9999 -9999 -9999 -9999 -9999 5.79228 -9999 -9999 -9999 -9999 -9999 -9999 -9999 -9999 -9999 -9999 -9999
-9999 -9999 -9999 -9999 -9999 -9999 -9999 -9999 -9999 -9999 -9999 -9999 -9999 -9999 -9999 -9999 -9999 -9999 -9999 -9999 -9999 -9999 -9999 -9999 -9999 -9999 -9999 -9999 -9999 -9999 -9999 -9999 -9999 -9999 -9999 -9999 -9999 -9999 -9999 -9999 -9999 40.04020 41.68210 45.84910 49.58920 51.09980 49.06030 29.22990 37.41330 47.23610 40.83910 49.83640 43.94230 41.81080 -9999 -9999 -9999 -9999 -9999 7.37438 6.34501 5.96519 5.11802 2.28170 2.58149 2.78248 2.78950 1.82118 1.09558 1.03115 0.86586 0.65386
-9999 -9999 -9999 -9999 -9999 -9999 -9999 -9999 -9999 -9999 -9999 -9999 -9999 -9999 -9999 -9999 -9999 -9999 -9999 -9999 -9999 -9999 -9999 -9999 -9999 -9999 -9999 -9999 -9999 -9999 -9999 -9999 -9999 -9999 -9999 -9999 -9999 -9999 -9999 -9999 -9999 43.50370 47.28730 39.93290 48.83750 41.06310 47.60460 35.21730 33.32250 38.02120 31.67630 30.07430 26.02090 33.14810 38.52340 19.50260 20.31630 -9999 12.81170 14.74510 12.00820 8.05864 5.72931 5.23999 6.15249 5.99468 4.98011 3.85215 3.37888 2.61997 2.10406 2.59029
-9999 -9999 -9999 -9999 -9999 -9999 -9999 -9999 -9999 -9999 -9999 -9999 -9999 -9999 -9999 -9999 -9999 -9999 -9999 -9999 -9999 -9999 -9999 -9999 -9999 -9999 -9999 -9999 -9999 -9999 -9999 -9999 -9999 -9999 -9999 33.80540 32.08630 24.41710 26.73420 52.82620 56.39180 59.61770 62.89670 54.33440 61.91850 56.61070 56.22200 42.66660 39.71140 33.20510 31.43990 26.61930 26.47880 33.58000 27.84450 14.54670 21.85180 13.21530 16.32030 14.92550 8.94929 4.08741 5.60577 7.58835 4.46479 6.20269 5.01369 2.52598 3.77224 0.97575 1.01181 0.74007
-9999 -9999 -9999 -9999 -9999 -9999 -9999 -9999 -9999 -9999 -9999 -9999 -9999 -9999 -9999 -9999 -9999 -9999 -9999 -9999 -9999 -9999 -9999 -9999 -9999 -9999 -9999 -9999 -9999 -9999 -9999 -9999 -9999 -9999 33.13730 25.89040 34.65820 44.32320 53.16700 43.49110 47.64040 58.75160 61.25070 68.24480 56.00490 72.43340 73.04190 62.53200 44.25600 29.70560 31.32460 32.07740 23.93290 25.69810 27.47290 24.94890 16.48950 21.06430 19.82270 11.59700 9.30333 8.77800 6.45452 6.03971 6.52080 4.45605 2.53349 3.93841 5.47131 6.48869 7.28893 4.28032
-9999 -9999 -9999 -9999 -9999 -9999 -9999 -9999 -9999 -9999 -9999 -9999 -9999 -9999 -9999 -9999 -9999 -9999 -9999 -9999 -9999 -9999 -9999 -9999 -9999 -9999 -9999 -9999 -9999 -9999 -9999 -9999 -9999 37.88850 41.15300 36.93160 40.59730 49.80450 55.96310 47.39930 46.03050 53.64870 64.25700 55.78430 71.05450 73.94070 72.31270 61.17190 41.66170 24.39990 18.30970 17.94380 24.54000 24.55570 25.32890 24.13040 21.80170 13.15530 12.88540 11.09670 8.79755 4.94323 4.32338 4.62195 4.83169 3.30499 2.49231 3.89132 4.92368 4.86145 2.06547 6.72185
-9999 -9999 -9999 -9999 -9999 -9999 -9999 -9999 -9999 -9999 -9999 -9999 -9999 -9999 -9999 -9999 -9999 -9999 -9999 -9999 -9999 -9999 -9999 -9999 -9999 -9999 -9999 -9999 -9999 -9999 -9999 39.15250 35.12040 36.75030 35.85690 34.40060 38.83380 40.83140 48.39570 49.34040 44.58410 52.94050 48.67520 59.51310 72.17600 68.10660 59.88410 46.08990 46.97440 39.89500 30.17550 25.09140 24.36070 18.10910 25.26800 24.38470 20.43540 16.32700 13.47810 7.61796 6.64477 5.74878 4.22342 2.69832 3.05484 4.21976 3.69215 1.38370 1.08282 2.21827 4.19976 4.21031
-9999 -9999 -9999 -9999 -9999 -9999 -9999 -9999 -9999 -9999 -9999 -9999 -9999 -9999 -9999 -9999 -9999 -9999 -9999 -9999 -9999 -9999 -9999 -9999 -9999 -9999 -9999 -9999 -9999 29.56190 30.45910 34.53860 34.21640 38.27750 42.17930 43.10800 45.53400 38.74230 47.27940 48.66100 66.49610 73.61070 59.99310 71.06190 70.34470 64.49100 62.35940 46.21610 38.66950 33.40440 26.61120 17.70010 25.14720 20.06200 21.99130 17.52560 11.08110 8.70627 4.91792 1.61662 3.70176 2.71040 2.20902 1.70885 2.06603 2.39206 4.08414 5.51690 5.72645 6.29635 4.39179 8.00626
-9999 -9999 -9999 -9999 -9999 -9999 -9999 -9999 -9999 -9999 -9999 -9999 -9999 -9999 -9999 -9999 -9999 -9999 -9999 -9999 -9999 -9999 -9999 -9999 34.73070 37.37340 37.47530 36.94560 38.22520 42.80440 39.36620 41.47400 38.61690 40.10240 44.56100 47.47510 39.98590 41.95170 43.84020 50.37760 51.53340 84.19000 77.01290 68.35910 66.46990 72.25720 71.83790 58.72440 48.50760 36.43280 38.27180 15.57830 15.43670 28.01190 22.52080 16.23450 11.62950 8.21705 5.91859 4.58132 4.73382 3.35827 1.59371 2.16186 2.23422 1.93025 2.92876 1.30711 2.03768 2.86676 5.27757 4.95965
-9999 -9999 -9999 -9999 -9999 -9999 29.37960 26.49750 23.67100 22.73720 27.55410 -9999 -9999 -9999 -9999 -9999 -9999 -9999 -9999 -9999 -9999 28.79330 28.50620 35.26660 32.59370 35.74130 38.04310 41.98310 38.32080 39.07070 38.43260 39.24390 39.71330 43.10940 45.76180 49.73600 51.09530 46.04010 45.95500 60.89240 57.05730 54.20920 78.15720 63.19740 65.30220 68.81870 68.38910 56.42390 45.58480 40.39780 36.52210 20.52490 17.31180 19.95780 18.64200 14.27090 11.03750 7.09770 7.04125 5.79880 4.45287 3.10726 2.42902 4.12949 4.83139 2.29100 1.97087 0.83944 0.95540 1.22158 3.90407 4.81530
-9999 -9999 -9999 -9999 -9999 19.50750 17.97020 10.16200 13.23880 9.76926 11.70700 20.50410 23.00590 21.70230 -9999 -9999 -9999 19.48410 22.50300 27.81590 29.02390 22.62420 21.57960 30.17120 35.41900 27.30260 32.90450 37.26430 38.83120 39.12780 35.67980 35.90820 38.77670 40.43560 43.96080 46.60380 42.73730 46.89430 57.87110 61.48220 60.92080 55.57440 66.56660 69.27440 57.42000 63.04600 66.26430 58.19650 42.47120 37.29240 34.23400 24.37900 28.33770 30.63620 27.30090 22.83600 11.46470 6.94259 2.78226 5.48574 2.83936 1.14554 2.71963 2.13565 5.83410 4.80851 3.23905 1.71665 1.34332 1.91902 4.12953 8.55355
-9999 15.51600 13.73660 19.68850 24.28070 21.18920 20.28390 14.32270 14.04450 12.46360 11.51380 24.82450 24.29660 25.65130 25.91810 25.48500 29.36160 22.98110 21.41750 26.94480 32.90080 26.14530 24.35480 28.57170 25.69250 24.34480 24.10860 27.73960 28.11720 31.86850 30.29940 30.42630 31.95430 32.84840 34.49210 38.81240 41.68610 45.44690 54.29460 54.47660 52.92950 52.36120 64.25190 70.57380 46.45200 48.58010 58.19810 56.40990 48.85150 41.25220 31.35520 23.13750 25.80380 26.58660 26.10910 20.20700 13.52350 5.55011 4.47070 8.75912 2.78974 5.12980 3.72347 4.40521 6.38370 6.49901 3.21205 3.66695 2.05621 3.20604 4.71530 5.19742
-9999 13.85800 12.26350 15.88950 14.16260 17.04790 23.88180 25.27000 26.16190 25.61810 21.23460 25.92860 27.15940 30.10210 28.87300 30.19890 21.64420 27.04490 27.13500 22.03800 28.83270 30.68030 26.30550 25.13210 23.41930 26.78340 26.81930 25.64540 23.54710 25.92890 27.13350 28.90370 28.16200 30.42010 32.45570 31.15720 32.44050 35.10300 39.96690 49.54130 51.34080 51.94470 52.08570 70.29850 68.47380 52.45100 50.99190 50.34360 53.77400 53.60450 52.43140 35.00850 39.04820 30.81800 33.23160 24.78360 17.67280 14.34260 15.48890 10.74860 12.65350 10.16780 9.87938 7.08876 8.17718 9.61898 9.33330 11.17450 9.26349 15.19050 14.94580 16.50760
-9999 -9999 -9999 26.20740 19.50380 21.82770 25.77320 27.56890 30.12930 29.01700 19.55260 22.87780 23.63460 26.21410 30.14260 28.34740 23.59300 26.35140 27.14370 21.48400 25.81170 25.78590 27.28750 26.79850 25.90300 27.42780 25.78690 25.64210 25.26320 26.12890 26.05990 29.27660 29.60930 33.28310 35.90280 50.96990 31.02720 33.43420 37.71820 48.12740 50.29690 68.21210 56.13770 57.15920 65.77910 70.14560 67.16990 44.53990 44.58310 53.02240 44.60380 34.13250 36.18760 31.66930 32.99810 21.46940 21.87200 22.03980 24.41730 15.67570 16.86770 15.60170 21.19370 11.50150 10.55470 8.33480 6.60689 6.23221 12.14310 19.34290 20.12050 16.16620
-9999 -9999 -9999 -9999 -9999 -9999 31.77970 29.51980 27.79900 22.17130 18.77170 24.32410 27.40200 29.35060 33.51800 24.10960 25.18170 31.44770 36.11240 41.16490 39.58330 32.59330 30.75810 29.51930 30.05740 26.75900 25.58370 31.83980 45.85630 28.66510 26.16310 25.73220 44.78310 43.88430 48.84210 48.17450 53.40960 53.81230 43.31220 43.96800 44.74760 52.79890 56.31140 55.16390 55.14060 53.89720 64.36030 60.87250 61.80780 64.49930 57.58890 42.33590 37.97750 32.34930 30.79580 24.85590 17.87900 22.19290 23.20790 27.06370 21.26630 23.28060 17.92470 17.64990 23.22920 19.66100 12.75470 11.82320 16.64920 22.12210 28.77840 20.75250
-9999 -9999 -9999 -9999 -9999 -9999 32.07540 31.56860 38.62660 26.82000 29.52610 32.55260 32.60090 34.38090 35.25180 35.41810 39.60190 43.64800 42.86560 42.08770 42.04740 42.10950 37.78450 34.76950 33.61430 33.84250 30.37670 33.56780 38.22590 40.05910 45.74330 43.35480 43.98090 44.09910 46.07380 47.39420 54.20650 52.73250 56.44790 46.65120 49.93460 51.28630 52.08750 52.89530 55.25950 59.13550 59.75850 52.37890 53.61140 63.64770 64.22180 57.41650 50.16520 41.84360 34.19700 18.83320 20.30740 27.14290 22.61050 23.60040 21.77280 20.85120 18.76560 25.89730 22.59980 16.48410 11.72300 12.73280 17.92130 22.80980 30.48190 21.02920
-9999 -9999 -9999 -9999 -9999 -9999 -9999 -9999 -9999 -9999 41.17000 33.60530 34.37920 41.13440 43.56470 48.08880 45.45540 44.30240 47.32720 52.74290 53.68430 54.91080 49.17580 50.24340 48.21220 46.43130 44.63520 39.79110 34.39170 52.10690 50.35350 50.93470 52.00840 45.49000 41.80240 44.01350 41.36980 39.24910 38.31370 42.06270 53.82970 52.55360 36.78610 55.16880 57.25260 60.05020 60.85040 61.52630 56.89720 49.39170 46.35260 40.86530 34.54370 33.42180 30.14620 27.36000 30.40840 22.67660 25.83740 27.42510 22.87950 29.53650 29.45760 20.48430 22.02990 20.13470 19.42320 15.42540 19.02640 23.55300 36.39150 31.26320
-9999 -9999 -9999 -9999 -9999 -9999 -9999 -9999 -9999 -9999 49.44900 43.97130 40.06220 45.64290 46.55250 53.51520 52.08920 55.10180 56.38800 58.60240 56.13220 56.10140 53.98500 58.00460 54.52600 51.68360 46.05870 40.49270 37.64140 50.05270 49.96940 50.96760 51.09800 48.55120 52.72000 52.02470 50.25180 30.95150 31.49730 35.87110 36.50520 37.03640 35.81150 37.65670 38.59390 40.82650 41.79770 39.06430 38.02760 47.27840 35.73050 33.79420 27.02630 25.05910 28.31540 18.91010 18.53040 21.39220 18.75420 20.36960 19.47150 19.73500 18.93170 26.91340 25.34400 25.61510 25.69410 13.72670 16.62160 25.16000 39.35540 32.36190
-9999 -9999 -9999 -9999 -9999 -9999 -9999 -9999 -9999 -9999 -9999 -9999 44.03450 48.86300 54.18190 66.57850 69.79850 71.65670 71.64890 71.02980 70.17720 68.04360 67.01240 68.02050 57.93600 52.40280 46.97250 40.70170 35.94960 33.07850 46.36370 47.35370 49.44690 32.98600 35.35120 36.02200 34.93370 34.51200 33.35690 35.58280 35.41370 39.41220 40.42330 39.67880 39.93150 40.67590 42.45370 38.48790 35.62300 29.54480 42.82020 41.18350 34.72160 33.87330 26.04850 16.75350 15.71960 20.46560 21.96340 23.22640 21.10390 19.51310 21.99110 29.29780 24.50420 18.34290 27.26700 14.05760 19.55200 25.01200 35.73770 37.26920
-9999 -9999 -9999 -9999 -9999 -9999 -9999 -9999 -9999 -9999 -9999 -9999 45.47970 48.76000 56.70140 61.41630 67.28950 71.86800 79.26840 79.97970 81.59390 71.46630 73.83260 72.96130 61.85630 57.10190 48.82500 41.78680 35.59840 31.29950 29.25410 33.50010 33.68740 34.37030 35.60710 36.14800 37.14150 41.72200 38.54430 39.93080 39.16820 38.82980 40.43930 41.62720 41.38910 58.17060 58.39190 55.98470 48.79670 39.86370 43.89300 43.77740 36.54360 32.00710 26.40240 16.24920 17.73120 23.22960 23.07840 23.20480 23.90930 24.31530 28.11580 24.51260 26.04150 33.03700 33.97720 32.77850 32.27060 36.80960 37.50140 38.96090
-9999 -9999 -9999 -9999 -9999 -9999 -9999 -9999 -9999 -9999 -9999 37.28560 42.26780 45.68980 51.76180 59.75250 70.22120 73.17390 73.33480 86.27560 76.17780 76.50720 78.13940 74.03600 65.54450 60.07910 53.15850 44.48740 38.41280 33.55720 29.26250 31.98230 31.98830 33.22790 33.65160 30.80220 34.06440 39.34470 42.63630 46.56430 45.98480 49.57510 48.67630 45.90900 42.36620 39.03360 40.69040 56.88430 54.72520 47.84810 47.28840 39.97890 37.97890 29.79140 19.54680 21.79290 22.98330 26.94350 26.42750 30.74680 30.96090 27.58430 29.22350 32.19060 31.93820 35.23270 38.11970 39.53870 46.41740 49.41080 52.57510 39.49000
-9999 -9999 -9999 -9999 -9999 -9999 -9999 -9999 -9999 -9999 -9999 26.85410 37.02310 45.30650 50.19390 59.67160 68.97150 69.22660 84.47310 78.30320 78.62300 82.57330 76.09430 74.59040 68.31050 61.93140 53.26100 45.96940 41.21430 38.29910 33.34750 30.06420 30.28910 31.15500 33.83620 33.31400 37.25590 43.65170 47.98560 49.04340 51.27900 54.59360 73.90100 71.39040 66.29240 60.97980 59.16100 52.33080 39.66520 34.88050 36.69270 33.38780 31.56920 27.16270 25.50740 31.43430 34.01860 38.41060 40.10080 35.14460 32.92030 35.99090 36.51250 35.61160 41.88790 45.43370 41.65200 43.62860 51.44470 53.17310 48.30560 50.01380
