data/hydroclimate-scenarios/BCSD_hadcm_B1/monthly_summaries/baseflow_monthly_tot_aug.2030-2059.asc
ncols	311
nrows	91
xllcenter	102.75
yllcenter	31.75
cellsize	0.5
NODATA_value	-9999
[rows 0 to 31 of 91, columns 0 to 72 of 311]
-9999 -9999 -9999 -9999 -9999 -9999 -9999 -9999 -9999 -9999 -9999 -9999 -9999 -9999 -9999 -9999 -9999 -9999 -9999 -9999 -9999 -9999 -9999 -9999 -9999 -9999 -9999 -9999 -9999 -9999 -9999 -9999 -9999 -9999 -9999 -9999 -9999 -9999 -9999 -9999 -9999 -9999 -9999 -9999 -9999 -9999 -9999 -9999 -9999 -9999 -9999 -9999 -9999 -9999 -9999 -9999 -9999 -9999 -9999 -9999 -9999 -9999 -9999 -9999 -9999 -9999 -9999 -9999 -9999 -9999 -9999 -9999 -9999
-9999 -9999 -9999 -9999 -9999 -9999 -9999 -9999 -9999 -9999 -9999 -9999 -9999 -9999 -9999 -9999 -9999 -9999 -9999 -9999 -9999 -9999 -9999 -9999 -9999 -9999 -9999 -9999 -9999 -9999 -9999 -9999 -9999 -9999 -9999 -9999 -9999 -9999 -9999 -9999 -9999 -9999 -9999 -9999 -9999 -9999 -9999 -9999 -9999 -9999 -9999 -9999 -9999 -9999 -9999 -9999 -9999 -9999 -9999 -9999 -9999 -9999 -9999 -9999 -9999 -9999 -9999 -9999 -9999 -9999 -9999 -9999 -9999
-9999 -9999 -9999 -9999 -9999 -9999 -9999 -9999 -9999 -9999 -9999 -9999 -9999 -9999 -9999 -9999 -9999 -9999 -9999 -9999 -9999 -9999 -9999 -9999 -9999 -9999 -9999 -9999 -9999 -9999 -9999 -9999 -9999 -9999 -9999 -9999 -9999 -9999 -9999 -9999 -9999 -9999 -9999 -9999 -9999 -9999 -9999 -9999 -9999 -9999 -9999 -9999 -9999 -9999 -9999 -9999 -9999 -9999 -9999 -9999 -9999 -9999 -9999 -9999 -9999 -9999 -9999 -9999 -9999 -9999 -9999 -9999 -9999
-9999 -9999 -9999 -9999 -9999 -9999 -9999 -9999 -9999 -9999 -9999 -9999 -9999 -9999 -9999 -9999 -9999 -9999 -9999 -9999 -9999 -9999 -9999 -9999 -9999 -9999 -9999 -9999 -9999 -9999 -9999 -9999 -9999 -9999 -9999 -9999 -9999 -9999 -9999 -9999 -9999 -9999 -9999 -9999 -9999 -9999 -9999 -9999 -9999 -9999 -9999 -9999 -9999 -9999 -9999 -9999 -9999 -9999 -9999 -9999 -9999 -9999 -9999 -9999 -9999 -9999 -9999 -9999 -9999 -9999 -9999 -9999 -9999
-9999 -9999 -9999 -9999 -9999 -9999 -9999 -9999 -9999 -9999 -9999 -9999 -9999 -9999 -9999 -9999 -9999 -9999 -9999 -9999 -9999 -9999 -9999 -9999 -9999 -9999 -9999 -9999 -9999 -9999 -9999 -9999 -9999 -9999 -9999 -9999 -9999 -9999 -9999 -9999 -9999 -9999 -9999 -9999 -9999 -9999 -9999 -9999 -9999 -9999 -9999 -9999 -9999 -9999 -9999 -9999 -9999 -9999 -9999 -9999 -9999 -9999 -9999 -9999 -9999 -9999 -9999 -9999 -9999 -9999 -9999 -9999 -9999
-9999 -9999 -9999 -9999 -9999 -9999 -9999 -9999 -9999 -9999 -9999 -9999 -9999 -9999 -9999 -9999 -9999 -9999 -9999 -9999 -9999 -9999 -9999 -9999 -9999 -9999 -9999 -9999 -9999 -9999 -9999 -9999 -9999 -9999 -9999 -9999 -9999 -9999 -9999 -9999 -9999 -9999 -9999 -9999 -9999 -9999 -9999 -9999 -9999 -9999 -9999 -9999 -9999 -9999 -9999 -9999 -9999 -9999 -9999 -9999 -9999 -9999 -9999 -9999 -9999 -9999 -9999 -9999 -9999 -9999 -9999 -9999 -9999
-9999 -9999 -9999 -9999 -9999 -9999 -9999 -9999 -9999 -9999 -9999 -9999 -9999 -9999 -9999 -9999 -9999 -9999 -9999 -9999 -9999 -9999 -9999 -9999 -9999 -9999 -9999 -9999 -9999 -9999 -9999 -9999 -9999 -9999 -9999 -9999 -9999 -9999 -9999 -9999 -9999 -9999 -9999 -9999 -9999 -9999 -9999 -9999 -9999 -9999 -9999 -9999 -9999 -9999 -9999 -9999 -9999 -9999 -9999 -9999 -9999 -9999 -9999 -9999 -9999 -9999 -9999 -9999 -9999 -9999 -9999 -9999 -9999
-9999 -9999 -9999 -9999 -9999 -9999 -9999 -9999 -9999 -9999 -9999 -9999 -9999 -9999 -9999 -9999 -9999 -9999 -9999 -9999 -9999 -9999 -9999 -9999 -9999 -9999 -9999 -9999 -9999 -9999 -9999 -9999 -9999 -9999 -9999 -9999 -9999 -9999 -9999 -9999 -9999 -9999 1.13991 1.25553 1.51520 1.26476 1.40717 0.83900 0.68265 0.87283 0.79006 0.66548 -9999 -9999 -9999 -9999 -9999 -9999 -9999 -9999 -9999 -9999 -9999 -9999 -9999 -9999 -9999 -9999 -9999 -9999 -9999 -9999 -9999
-9999 -9999 -9999 -9999 -9999 -9999 -9999 -9999 -9999 -9999 -9999 -9999 -9999 -9999 -9999 -9999 -9999 -9999 -9999 -9999 -9999 -9999 -9999 -9999 -9999 -9999 -9999 -9999 -9999 -9999 -9999 -9999 -9999 -9999 -9999 -9999 -9999 -9999 0.35310 1.37064 0.93447 0.98240 1.30742 1.26668 1.32701 1.06648 0.92952 0.64230 0.74640 0.62820 0.50542 1.39075 0.73323 1.80839 -9999 -9999 -9999 -9999 -9999 -9999 -9999 -9999 -9999 -9999 -9999 -9999 -9999 -9999 -9999 -9999 -9999 -9999 -9999
-9999 -9999 -9999 -9999 -9999 -9999 -9999 -9999 -9999 -9999 -9999 -9999 -9999 -9999 -9999 -9999 -9999 -9999 -9999 -9999 -9999 -9999 -9999 -9999 -9999 -9999 -9999 -9999 -9999 -9999 -9999 -9999 -9999 -9999 -9999 -9999 -9999 -9999 -9999 -9999 0.56602 0.72145 1.20307 1.37132 1.30443 1.58707 1.40317 1.03865 0.83174 0.52343 0.44488 0.47232 0.58988 1.35354 -9999 -9999 -9999 -9999 -9999 -9999 -9999 -9999 -9999 -9999 -9999 -9999 -9999 -9999 -9999 -9999 -9999 -9999 -9999
-9999 -9999 -9999 -9999 -9999 -9999 -9999 -9999 -9999 -9999 -9999 -9999 -9999 -9999 -9999 -9999 -9999 -9999 -9999 -9999 -9999 -9999 -9999 -9999 -9999 -9999 -9999 -9999 -9999 -9999 -9999 -9999 -9999 -9999 -9999 -9999 -9999 -9999 -9999 -9999 -9999 -9999 -9999 -9999 0.97091 0.46609 0.65074 1.33878 0.50481 0.30866 0.40366 1.35694 0.43034 0.66915 -9999 -9999 -9999 -9999 -9999 -9999 0.03785 -9999 -9999 -9999 -9999 -9999 -9999 -9999 -9999 -9999 -9999 -9999 -9999
-9999 -9999 -9999 -9999 -9999 -9999 -9999 -9999 -9999 -9999 -9999 -9999 -9999 -9999 -9999 -9999 -9999 -9999 -9999 -9999 -9999 -9999 -9999 -9999 -9999 -9999 -9999 -9999 -9999 -9999 -9999 -9999 -9999 -9999 -9999 -9999 -9999 -9999 -9999 -9999 -9999 0.72656 0.94665 1.09450 1.02268 0.39942 0.46809 0.88106 0.77691 0.31274 0.82739 1.27299 0.29746 0.41867 -9999 -9999 -9999 -9999 -9999 0.02633 0.02096 0.01465 0.01237 0.00734 0.00697 0.00573 0.00568 0.02371 0.01725 0.01516 0.01512 0.01207 0.01359
-9999 -9999 -9999 -9999 -9999 -9999 -9999 -9999 -9999 -9999 -9999 -9999 -9999 -9999 -9999 -9999 -9999 -9999 -9999 -9999 -9999 -9999 -9999 -9999 -9999 -9999 -9999 -9999 -9999 -9999 -9999 -9999 -9999 -9999 -9999 -9999 -9999 -9999 -9999 -9999 -9999 0.64053 0.97796 0.15602 0.09470 0.07543 0.13142 0.66769 0.29274 0.07766 0.07100 0.70304 0.29228 0.56654 0.20870 0.40043 0.26071 -9999 0.12151 0.02279 0.01669 0.01228 0.00991 0.01243 0.01308 0.01371 0.01108 0.03773 0.03177 0.02970 0.02492 0.02943 0.03311
-9999 -9999 -9999 -9999 -9999 -9999 -9999 -9999 -9999 -9999 -9999 -9999 -9999 -9999 -9999 -9999 -9999 -9999 -9999 -9999 -9999 -9999 -9999 -9999 -9999 -9999 -9999 -9999 -9999 -9999 -9999 -9999 -9999 -9999 -9999 0.44368 0.14556 0.24690 0.27721 0.27164 0.22958 0.27050 0.42161 0.07153 0.11729 0.04552 0.03757 0.10775 0.13560 0.07634 0.10321 0.58474 1.68728 1.57554 0.36037 0.80589 0.33867 0.14416 0.08822 0.01696 0.01033 0.00819 0.00925 0.03116 0.01810 0.01281 0.01197 0.02431 0.02802 0.00472 0.00527 0.00420 0.00535
-9999 -9999 -9999 -9999 -9999 -9999 -9999 -9999 -9999 -9999 -9999 -9999 -9999 -9999 -9999 -9999 -9999 -9999 -9999 -9999 -9999 -9999 -9999 -9999 -9999 -9999 -9999 -9999 -9999 -9999 -9999 -9999 -9999 -9999 0.28183 0.07268 0.17847 0.20953 0.31262 0.11341 0.11808 0.15384 0.15227 0.26858 0.06100 0.05629 0.06293 0.14191 0.26011 0.59027 1.57086 0.99145 3.43588 1.84481 1.38087 0.64569 0.22256 0.11880 0.06468 0.05244 0.05477 0.07935 0.07339 0.17264 0.05111 0.03333 0.02584 0.04430 0.09466 0.08097 0.12215 0.10489 0.16202
-9999 -9999 -9999 -9999 -9999 -9999 -9999 -9999 -9999 -9999 -9999 -9999 -9999 -9999 -9999 -9999 -9999 -9999 -9999 -9999 -9999 -9999 -9999 -9999 -9999 -9999 -9999 -9999 -9999 -9999 -9999 -9999 -9999 0.31492 0.34090 0.08314 0.09751 0.11986 0.16288 0.04607 0.04821 0.09720 1.24625 0.22582 0.05853 0.06093 0.07856 0.11829 0.62012 1.09993 2.26941 4.72116 5.35150 2.07569 0.10211 0.47569 0.33254 0.08744 0.05462 0.06669 0.06799 0.04266 0.03219 0.02520 0.03536 0.03306 0.03128 0.04728 0.06626 0.06010 0.04827 0.08869 0.10435
-9999 -9999 -9999 -9999 -9999 -9999 -9999 -9999 -9999 -9999 -9999 -9999 -9999 -9999 -9999 -9999 -9999 -9999 -9999 -9999 -9999 -9999 -9999 -9999 -9999 -9999 -9999 -9999 -9999 -9999 -9999 0.19467 0.02022 0.05086 0.03699 0.06008 0.05244 0.07130 0.07674 0.01151 0.01046 0.01169 0.07019 0.02829 0.05921 0.04267 0.03117 0.03532 0.24472 0.86761 2.29175 6.46376 6.89706 1.33169 0.61089 0.46980 0.17517 0.10645 0.12814 0.06779 0.04766 0.02704 0.02068 0.01457 0.02084 0.03219 0.03095 0.01588 0.01423 0.05254 0.14932 0.32118 0.02154
-9999 -9999 -9999 -9999 -9999 -9999 -9999 -9999 -9999 -9999 -9999 -9999 -9999 -9999 -9999 -9999 -9999 -9999 -9999 -9999 -9999 -9999 -9999 -9999 -9999 -9999 -9999 -9999 -9999 0.01047 0.00570 0.01608 0.02296 0.06528 0.07775 0.09431 0.08635 0.03774 0.06083 0.00647 0.01411 0.50605 0.01411 0.02465 0.03310 0.05247 0.05835 0.05897 1.13165 2.04175 2.37660 7.15102 6.03280 1.15265 1.95546 0.83268 0.15712 0.10402 0.05178 0.01425 0.01957 0.01264 0.01010 0.01396 0.01386 0.01612 0.04249 0.07491 0.08815 0.09406 0.06415 0.30628 2.39826
-9999 -9999 -9999 -9999 -9999 -9999 -9999 -9999 -9999 -9999 -9999 -9999 -9999 -9999 -9999 -9999 -9999 -9999 -9999 -9999 -9999 -9999 -9999 -9999 0.05141 0.04306 0.02862 0.01064 0.01166 0.01541 0.01182 0.01118 0.01470 0.01171 0.01573 0.00702 0.00444 0.00968 0.00960 0.00705 0.00488 0.60970 0.01640 0.01359 0.01073 0.01559 0.02370 0.13027 0.69978 1.57805 1.87309 9.98036 7.40380 1.48130 0.33076 0.36138 0.14963 0.08797 0.06088 0.02652 0.01786 0.01167 0.00688 0.00626 0.00737 0.01423 0.01524 0.00936 0.01591 0.04300 0.41829 0.38229 2.24265
-9999 -9999 -9999 -9999 -9999 -9999 0.29756 0.24441 0.24192 0.30142 0.26351 -9999 -9999 -9999 -9999 -9999 -9999 -9999 -9999 -9999 -9999 0.04963 0.11962 0.09679 0.05702 0.05866 0.04505 0.02268 0.01757 0.01462 0.00982 0.01305 0.01863 0.01682 0.02221 0.00827 0.00929 0.00975 0.00686 0.01296 0.00766 0.02488 0.81872 0.01899 0.01543 0.01460 0.01731 0.07546 0.50483 2.02760 5.37499 8.30499 6.69878 1.17347 0.17460 0.20693 0.14379 0.07219 0.03786 0.02305 0.01736 0.00988 0.01329 0.02279 0.03763 0.01071 0.00774 0.00669 0.00820 0.00798 0.03762 0.15602 1.16028
-9999 -9999 -9999 -9999 -9999 0.06364 0.08587 0.15232 0.08016 0.14190 0.14567 0.14525 0.12864 0.10759 -9999 -9999 -9999 0.03887 0.04099 0.06069 0.05383 0.07963 0.08013 0.07091 0.17985 0.11709 0.06478 0.01458 0.01180 0.01862 0.01438 0.01330 0.01579 0.01694 0.01253 0.01042 0.01188 0.02059 0.02248 0.02648 0.03646 0.01676 0.48133 0.46510 0.03589 0.01172 0.05801 0.33228 0.34228 2.31640 3.51430 2.68612 2.38666 0.41627 0.17151 0.38906 0.18550 0.05825 0.01498 0.02016 0.00989 0.00971 0.02020 0.00965 0.05329 0.10269 0.05620 0.03837 0.01934 0.03113 0.06296 0.15174 0.32241
-9999 0.31722 0.53906 0.08778 0.10832 0.05639 0.09007 0.08814 0.09858 0.10494 0.14466 0.11128 0.15242 0.08263 0.06151 0.04802 0.02376 0.03601 0.05492 0.02560 0.02678 0.03117 0.03210 0.05474 0.03794 0.06896 0.04774 0.02337 0.02015 0.01728 0.00839 0.00476 0.00572 0.00395 0.00467 0.00524 0.00617 0.01535 0.02223 0.01963 0.02497 0.01061 0.46738 0.60451 0.03017 0.01562 0.02512 0.10236 0.14884 1.07214 1.40571 3.47189 2.23206 3.24068 1.19146 0.99438 0.35839 0.03604 0.02856 0.03583 0.00923 0.03019 0.03958 0.03765 0.08058 0.07177 0.03236 0.07738 0.03005 0.09690 0.43352 0.95830 0.90808
-9999 0.39932 0.35424 0.04497 0.04027 0.03319 0.01779 0.01776 0.01134 0.01962 0.02587 0.04877 0.10323 0.02751 0.03627 0.05516 0.06756 0.05728 0.04941 0.03003 0.04084 0.02985 0.05752 0.02114 0.01607 0.02558 0.02834 0.01325 0.00973 0.01166 0.00476 0.00473 0.00358 0.00223 0.00353 0.00370 0.00340 0.00685 0.01021 0.03832 0.06925 0.09284 0.09494 1.29474 0.92124 0.01314 0.02487 0.08065 0.24537 1.31651 2.04008 2.43601 3.81977 8.24679 7.29359 1.94723 0.34569 0.08954 0.05317 0.01518 0.02926 0.04813 0.05242 0.05594 0.16527 0.55493 0.48362 0.31212 0.22536 0.14029 0.16002 0.47931 1.43792
-9999 -9999 -9999 0.10841 0.12377 0.10167 0.07081 0.05063 0.04541 0.03701 0.03469 0.02156 0.01875 0.01343 0.01534 0.03812 0.04962 0.01616 0.01837 0.02201 0.09133 0.09689 0.11943 0.03794 0.02114 0.02614 0.02270 0.00781 0.00424 0.00407 0.00246 0.00256 0.00291 0.00157 0.00251 0.23597 0.00130 0.00816 0.02453 0.08408 0.19089 0.85120 0.54922 0.77845 1.50785 0.48125 0.63999 0.11917 0.13164 0.57020 0.82836 1.14745 3.21748 6.19411 3.86087 3.28788 0.96707 0.33795 0.62273 0.09133 0.07945 0.22000 0.47873 0.30778 0.22762 0.31662 0.12834 0.12537 0.50647 0.58714 0.61161 0.41560 0.54437
-9999 -9999 -9999 -9999 -9999 -9999 0.03606 0.04197 0.04807 0.01447 0.01238 0.01297 0.01243 0.01424 0.00893 0.00721 0.00816 0.03098 0.02407 0.02778 0.04659 0.04774 0.02771 0.03651 0.02804 0.02458 0.01489 0.00480 0.28904 0.00571 0.00470 0.00249 0.29050 0.16317 0.18108 0.15312 0.35025 0.35109 0.15749 0.15532 0.14330 0.30834 0.45073 0.38889 0.41827 0.21889 0.58318 0.75268 0.78816 1.04965 1.69629 4.48219 4.62099 0.75030 1.57640 2.89280 0.65179 1.73034 2.46831 1.37450 0.61036 1.00549 0.77746 0.57361 0.70105 1.63558 0.47096 0.10823 0.35535 0.42526 1.00288 0.44513 0.35506
-9999 -9999 -9999 -9999 -9999 -9999 0.01285 0.01765 0.01203 0.01594 0.01201 0.00732 0.00556 0.00533 0.00447 0.00910 0.00815 0.02349 0.02268 0.03323 0.03148 0.02437 0.01992 0.02086 0.01429 0.00899 0.00449 0.00116 0.08445 0.15866 0.30862 0.16693 0.17340 0.11226 0.13487 0.15229 0.22823 0.25629 0.24517 0.17354 0.26526 0.25595 0.22795 0.27374 0.21579 0.22936 0.21704 0.12227 0.13424 0.64941 1.04158 1.28297 1.47813 1.31335 0.76188 0.14306 0.25213 1.17125 1.06946 0.84065 1.64950 1.63310 1.30046 0.88624 1.01318 0.69000 0.31335 0.06488 0.10432 0.18490 1.00549 0.58805 0.70435
-9999 -9999 -9999 -9999 -9999 -9999 -9999 -9999 -9999 -9999 0.00418 0.00733 0.00653 0.00225 0.00308 0.01141 0.01742 0.03546 0.02413 0.02179 0.02856 0.02971 0.02537 0.00681 0.00547 0.00226 0.00091 0.00242 0.00195 0.44412 0.32513 0.21395 0.23662 0.14499 0.08740 0.16179 0.12143 0.15269 0.12792 0.07741 0.30028 0.22952 0.00117 0.27142 0.25201 0.21291 0.22483 0.20783 0.12761 0.20988 0.19760 0.18259 0.21085 0.31422 0.25427 0.32844 0.38709 0.19722 0.23627 0.53493 0.14859 0.63530 0.69578 0.17992 0.34918 0.09102 0.07076 0.02036 0.05783 0.05968 0.71755 3.69566 4.38527
-9999 -9999 -9999 -9999 -9999 -9999 -9999 -9999 -9999 -9999 0.00104 0.00195 0.00529 0.00241 0.00195 0.00821 0.00857 0.01871 0.03013 0.01947 0.01446 0.01062 0.01289 0.00384 0.00330 0.00065 0.00033 0.00661 0.00257 0.33910 0.31844 0.21097 0.27226 0.21172 0.32158 0.45173 0.29421 0.00883 0.00940 0.00207 0.00225 0.00058 0.00132 0.00128 0.00043 0.00025 0.00108 0.00050 0.00019 0.52483 0.20005 0.15070 0.12808 0.09233 0.17511 0.09242 0.07673 0.09008 0.08467 0.06692 0.06543 0.08645 0.12443 0.48635 0.50025 0.54857 0.49165 0.00702 0.00720 0.11328 1.44242 2.12217 3.90211
-9999 -9999 -9999 -9999 -9999 -9999 -9999 -9999 -9999 -9999 -9999 -9999 0.00204 0.00419 0.00658 0.01155 0.00479 0.00893 0.01516 0.00394 0.00470 0.00863 0.00783 0.00241 0.00154 0.00094 0.00127 0.00657 0.00498 0.00295 0.33205 0.26379 0.22408 0.00045 0.00026 0.00448 0.00236 0.01070 0.00429 0.00404 0.00320 0.00074 0.00112 0.00132 0.00183 0.00040 0.00057 0.00038 0.00039 0.00122 0.27426 0.30534 0.16665 0.28728 0.16543 0.11629 0.06897 0.13747 0.14369 0.05862 0.05796 0.07629 0.13765 0.91805 0.33252 0.16921 0.88344 0.02974 0.08830 0.16739 1.70019 4.14278 4.30130
-9999 -9999 -9999 -9999 -9999 -9999 -9999 -9999 -9999 -9999 -9999 -9999 0.00414 0.00137 0.00239 0.00276 0.00237 0.00846 0.02647 0.00593 0.00802 0.00426 0.00843 0.00414 0.00275 0.00261 0.00279 0.01269 0.00733 0.00519 0.00332 0.00192 0.00104 0.00058 0.00062 0.00392 0.00351 0.01491 0.00482 0.00190 0.00101 0.00023 0.00023 0.00031 0.00023 0.16907 0.21731 0.24857 0.12596 0.15873 0.40328 0.28997 0.23679 0.22880 0.18612 0.07012 0.08179 0.14963 0.15695 0.06066 0.08484 0.14695 0.21458 0.21326 0.37238 1.16165 1.26127 1.28640 0.72451 1.64336 1.93676 2.00452 3.85058
-9999 -9999 -9999 -9999 -9999 -9999 -9999 -9999 -9999 -9999 -9999 0.00655 0.01918 0.01726 0.01708 0.01515 0.01008 0.01157 0.01551 0.06254 0.00786 0.00484 0.01142 0.01713 0.01292 0.00709 0.01410 0.00557 0.00211 0.00628 0.00411 0.00246 0.00155 0.00023 0.00015 0.00093 0.00064 0.00022 0.00027 0.00474 0.00452 0.00907 0.01177 0.00029 0.00101 0.00054 0.00155 0.29443 0.32494 0.20527 0.22232 0.43329 0.42250 0.16124 0.07540 0.07019 0.07356 0.08439 0.07824 0.15220 0.19747 0.24241 0.36196 0.57309 0.75650 0.98296 1.03661 0.67574 0.89917 1.62129 4.43697 4.58684 3.42049
-9999 -9999 -9999 -9999 -9999 -9999 -9999 -9999 -9999 -9999 -9999 0.00077 0.01366 0.02633 0.02274 0.01452 0.01343 0.01351 0.04436 0.02883 0.01758 0.01343 0.00546 0.01480 0.00956 0.01436 0.02445 0.00520 0.00210 0.00649 0.00470 0.00222 0.00105 0.00020 0.00020 0.00179 0.00097 0.00035 0.00071 0.00540 0.01066 0.02465 0.57887 0.18544 0.21046 0.46830 0.40107 0.12077 0.00209 0.00345 0.00758 0.05311 0.05039 0.03470 0.03901 0.10484 0.10954 0.19080 0.22144 0.22431 0.14149 0.56638 0.61021 0.81918 1.28580 1.55615 0.85987 0.83341 1.37894 3.16381 2.54976 3.24544 3.49868
