data/hydroclimate-scenarios/BCSD_hadcm_B1/monthly_summaries/baseflow_monthly_tot_feb.2030-2059.asc
ncols	311
nrows	91
xllcenter	102.75
yllcenter	31.75
cellsize	0.5
NODATA_value	-9999
[rows 0 to 31 of 91, columns 73 to 145 of 311]
-9999 -9999 -9999 -9999 -9999 -9999 -9999 -9999 -9999 -9999 -9999 -9999 -9999 -9999 -9999 -9999 -9999 -9999 -9999 -9999 -9999 -9999 -9999 -9999 -9999 -9999 -9999 -9999 -9999 -9999 -9999 -9999 -9999 -9999 -9999 -9999 -9999 -9999 -9999 -9999 -9999 -9999 -9999 -9999 -9999 -9999 -9999 -9999 -9999 -9999 -9999 -9999 -9999 -9999 -9999 -9999 -9999 -9999 -9999 -9999 -9999 -9999 -9999 -9999 -9999 -9999 -9999 -9999 -9999 -9999 -9999 -9999 -9999
-9999 -9999 -9999 -9999 -9999 -9999 -9999 -9999 -9999 -9999 -9999 -9999 -9999 -9999 -9999 -9999 -9999 -9999 -9999 -9999 -9999 -9999 -9999 -9999 -9999 -9999 -9999 -9999 -9999 -9999 -9999 -9999 -9999 -9999 -9999 -9999 -9999 -9999 -9999 -9999 -9999 -9999 -9999 -9999 -9999 -9999 -9999 -9999 -9999 -9999 -9999 -9999 -9999 -9999 -9999 -9999 -9999 -9999 -9999 -9999 -9999 -9999 -9999 -9999 -9999 -9999 -9999 -9999 -9999 -9999 -9999 -9999 -9999
-9999 -9999 -9999 -9999 -9999 -9999 -9999 -9999 -9999 -9999 -9999 -9999 -9999 -9999 -9999 -9999 -9999 -9999 -9999 -9999 -9999 -9999 -9999 -9999 -9999 -9999 -9999 -9999 -9999 -9999 -9999 -9999 -9999 -9999 -9999 -9999 -9999 -9999 -9999 -9999 -9999 -9999 -9999 -9999 -9999 -9999 -9999 -9999 -9999 -9999 -9999 -9999 -9999 -9999 -9999 -9999 -9999 -9999 -9999 -9999 -9999 -9999 -9999 -9999 -9999 -9999 -9999 -9999 -9999 -9999 -9999 -9999 -9999
-9999 -9999 -9999 -9999 -9999 -9999 -9999 -9999 -9999 -9999 -9999 -9999 -9999 -9999 -9999 -9999 -9999 -9999 -9999 -9999 -9999 -9999 -9999 -9999 -9999 -9999 -9999 -9999 -9999 -9999 -9999 -9999 -9999 -9999 -9999 -9999 -9999 -9999 -9999 -9999 -9999 -9999 -9999 -9999 -9999 -9999 -9999 -9999 -9999 -9999 -9999 -9999 -9999 -9999 -9999 -9999 -9999 -9999 -9999 -9999 -9999 -9999 -9999 -9999 -9999 -9999 -9999 -9999 -9999 -9999 -9999 -9999 -9999
-9999 -9999 -9999 -9999 -9999 -9999 -9999 -9999 -9999 -9999 -9999 -9999 -9999 -9999 -9999 -9999 -9999 -9999 -9999 -9999 -9999 -9999 -9999 -9999 -9999 -9999 -9999 -9999 -9999 -9999 -9999 -9999 -9999 -9999 -9999 -9999 -9999 -9999 -9999 -9999 -9999 -9999 -9999 -9999 -9999 -9999 -9999 -9999 -9999 -9999 -9999 -9999 -9999 -9999 -9999 -9999 -9999 -9999 -9999 -9999 -9999 -9999 -9999 -9999 -9999 -9999 -9999 -9999 -9999 -9999 -9999 -9999 -9999
-9999 -9999 -9999 -9999 -9999 -9999 -9999 -9999 -9999 -9999 -9999 -9999 -9999 -9999 -9999 -9999 -9999 -9999 -9999 -9999 -9999 -9999 -9999 -9999 -9999 -9999 -9999 -9999 -9999 -9999 -9999 -9999 -9999 -9999 -9999 -9999 -9999 -9999 -9999 -9999 -9999 -9999 -9999 -9999 -9999 -9999 -9999 -9999 -9999 -9999 -9999 -9999 -9999 -9999 -9999 -9999 -9999 -9999 -9999 -9999 -9999 -9999 -9999 -9999 -9999 -9999 -9999 -9999 -9999 -9999 -9999 -9999 -9999
-9999 -9999 -9999 -9999 -9999 -9999 -9999 -9999 -9999 -9999 -9999 -9999 -9999 -9999 -9999 -9999 -9999 -9999 -9999 -9999 -9999 -9999 -9999 -9999 -9999 -9999 -9999 -9999 -9999 -9999 -9999 -9999 -9999 -9999 -9999 -9999 -9999 -9999 -9999 -9999 -9999 -9999 -9999 -9999 -9999 -9999 -9999 -9999 -9999 -9999 -9999 -9999 -9999 -9999 -9999 -9999 -9999 -9999 -9999 -9999 -9999 -9999 -9999 -9999 -9999 -9999 -9999 -9999 -9999 -9999 -9999 -9999 -9999
-9999 -9999 -9999 -9999 -9999 -9999 -9999 -9999 -9999 -9999 -9999 -9999 -9999 -9999 -9999 -9999 -9999 -9999 -9999 -9999 -9999 -9999 -9999 -9999 -9999 -9999 -9999 -9999 -9999 -9999 -9999 -9999 -9999 -9999 -9999 -9999 -9999 -9999 -9999 -9999 -9999 -9999 -9999 -9999 -9999 -9999 -9999 -9999 -9999 -9999 -9999 -9999 -9999 -9999 -9999 -9999 -9999 -9999 -9999 -9999 -9999 -9999 -9999 -9999 -9999 -9999 -9999 -9999 -9999 -9999 -9999 -9999 -9999
-9999 -9999 -9999 -9999 0.29869 -9999 -9999 -9999 -9999 -9999 -9999 -9999 -9999 -9999 -9999 -9999 -9999 -9999 -9999 -9999 -9999 -9999 -9999 -9999 -9999 -9999 -9999 -9999 -9999 -9999 -9999 -9999 -9999 -9999 -9999 -9999 -9999 -9999 -9999 -9999 -9999 -9999 -9999 -9999 -9999 -9999 -9999 -9999 -9999 -9999 -9999 -9999 -9999 -9999 -9999 -9999 -9999 -9999 -9999 -9999 -9999 -9999 -9999 -9999 -9999 -9999 -9999 -9999 -9999 -9999 -9999 -9999 -9999
0.73142 0.05262 0.12061 0.16073 0.23137 0.36835 0.31821 0.37874 0.31201 0.31190 0.20157 0.26111 0.14138 0.20407 0.23181 0.17023 0.18449 0.20711 0.30722 0.32317 -9999 -9999 -9999 -9999 -9999 -9999 -9999 -9999 -9999 -9999 -9999 -9999 -9999 -9999 -9999 -9999 -9999 -9999 -9999 -9999 -9999 -9999 -9999 -9999 -9999 -9999 -9999 -9999 -9999 -9999 -9999 -9999 -9999 -9999 -9999 -9999 -9999 -9999 -9999 -9999 -9999 -9999 -9999 -9999 -9999 -9999 -9999 -9999 -9999 -9999 -9999 -9999 -9999
-9999 -9999 0.03482 0.03912 0.04344 0.05311 0.05056 0.06600 0.04456 0.06701 0.12417 0.12481 0.10785 0.12121 0.13580 0.16450 0.17593 0.19304 0.16559 0.14136 -9999 -9999 -9999 -9999 -9999 -9999 -9999 -9999 -9999 -9999 -9999 -9999 -9999 -9999 -9999 -9999 -9999 -9999 -9999 -9999 -9999 -9999 -9999 -9999 -9999 -9999 -9999 -9999 -9999 -9999 -9999 -9999 -9999 -9999 -9999 -9999 -9999 -9999 -9999 -9999 -9999 -9999 -9999 -9999 -9999 -9999 -9999 -9999 -9999 -9999 -9999 -9999 -9999
0.01611 0.01853 0.01175 0.02262 0.04386 0.04097 0.02739 0.05016 0.02284 0.02902 0.05934 0.09300 0.09882 0.11328 0.11949 0.14143 0.13844 0.10941 0.30721 0.83353 0.06184 0.06498 0.08976 0.09352 0.07381 0.12452 -9999 -9999 -9999 -9999 -9999 -9999 -9999 -9999 -9999 -9999 -9999 -9999 -9999 -9999 -9999 -9999 -9999 -9999 -9999 -9999 -9999 -9999 -9999 -9999 -9999 -9999 -9999 -9999 -9999 -9999 -9999 -9999 -9999 -9999 -9999 -9999 -9999 -9999 -9999 -9999 -9999 -9999 -9999 -9999 -9999 -9999 -9999
0.03091 0.03879 0.07961 0.08142 0.05055 0.09071 0.02950 0.03490 0.05002 0.08283 0.08646 0.10117 0.12498 0.18619 0.16400 0.17796 0.99849 0.13578 0.18468 0.18656 0.29484 0.21121 0.16888 0.13803 0.13879 0.13817 0.11932 0.10725 0.13312 0.13390 0.04597 0.05209 0.01492 0.01380 0.01475 0.01554 0.00462 0.00545 0.03574 0.03745 0.03702 -9999 -9999 -9999 -9999 -9999 -9999 -9999 -9999 -9999 -9999 -9999 -9999 -9999 -9999 -9999 -9999 -9999 -9999 -9999 -9999 -9999 -9999 -9999 -9999 -9999 -9999 -9999 -9999 -9999 -9999 -9999 -9999
0.00035 0.01199 0.07386 0.04648 0.06775 0.07788 0.02591 0.00631 0.01860 0.09522 0.02442 0.18887 0.22108 0.25622 0.17044 0.17884 0.10344 0.13955 0.25210 0.30942 0.43980 0.10912 0.14244 0.21980 0.21088 0.20937 0.15223 0.15895 0.13542 0.14937 0.04227 0.02530 0.00773 0.00942 0.02080 0.01574 0.00677 0.00737 0.03990 0.05749 0.04153 0.63234 -9999 -9999 -9999 -9999 -9999 -9999 -9999 -9999 -9999 -9999 -9999 -9999 -9999 -9999 -9999 -9999 -9999 -9999 -9999 -9999 -9999 -9999 -9999 -9999 -9999 -9999 -9999 -9999 -9999 -9999 -9999
0.07200 0.36751 0.08057 0.05498 0.13864 0.11581 0.11638 0.13143 0.10728 0.11752 0.05704 0.05632 0.05197 0.08810 0.23198 0.26970 0.15603 1.34990 0.40268 0.37818 0.25969 0.21454 0.21711 0.25008 0.19174 0.15363 0.18434 0.17275 0.11847 0.11759 0.08032 0.07090 0.03926 0.03757 0.03088 0.02682 0.03436 0.03731 0.03284 0.03959 0.06248 0.04141 -9999 -9999 -9999 -9999 -9999 -9999 -9999 -9999 -9999 -9999 -9999 -9999 -9999 -9999 -9999 0.09703 0.15269 -9999 -9999 -9999 -9999 0.43157 0.98463 1.36516 1.12903 0.48609 0.44953 0.48758 0.57399 1.52479 1.54592
0.06772 0.28953 0.04243 0.02501 0.05060 0.13704 0.08591 0.10267 0.03660 0.04820 0.03392 0.05732 0.06951 0.05353 0.13530 0.11020 1.28565 0.12022 0.19985 0.23412 0.16950 0.11329 0.11907 0.11241 0.09317 0.11373 0.15592 0.15121 0.10948 0.09506 0.08726 0.06138 0.01568 0.02518 0.01516 0.01451 0.01817 0.24784 0.65633 0.60241 0.82848 0.26003 0.26494 0.26136 0.78029 0.07685 0.24225 0.45388 0.18573 0.19740 0.29662 0.15932 0.39278 0.15680 0.01154 0.00897 0.14899 0.14519 0.06650 -9999 -9999 -9999 -9999 -9999 0.21727 0.71473 0.83328 1.13153 1.33788 0.80713 0.92883 0.99713 1.15254
0.16421 0.27121 0.02307 0.09578 0.10959 0.04460 0.02784 0.02320 0.03298 0.04096 0.01106 0.01118 0.01169 0.37066 0.04617 0.10144 0.13697 0.11191 0.15644 0.15907 0.11464 0.09212 0.08395 0.09266 0.07004 0.08399 0.04722 0.05334 0.06880 0.05349 0.06146 0.06624 0.05177 0.05079 0.04719 0.04054 0.95201 0.63279 0.02327 0.99609 0.03245 0.03073 0.04276 0.03712 0.05267 0.04948 0.08803 0.19380 0.11092 0.03934 0.11029 0.45086 0.75500 0.39722 0.53278 0.66373 0.29428 0.10145 0.11753 0.19122 0.18175 0.21326 0.16512 0.20729 0.37973 0.64082 0.58558 0.70881 1.33606 0.73085 1.21000 1.50187 1.64794
0.18519 0.29894 0.44087 0.19263 0.14305 0.21694 0.02236 0.00976 0.01987 0.02255 0.00771 0.30979 0.01564 0.05346 0.08546 0.06990 0.10179 0.21215 0.09492 0.07817 0.07543 0.06581 0.05760 0.05723 0.05680 0.06023 0.05304 0.06601 0.06219 0.06630 0.04554 0.02426 0.02875 0.03006 0.73222 0.02166 0.03245 0.02673 0.04804 0.03238 0.00817 0.00965 0.04304 0.03711 0.03679 0.02379 0.01598 0.01806 0.02468 0.03960 0.06971 0.06427 0.28480 0.61850 0.61487 0.45550 0.36725 0.48295 0.41381 0.66294 0.35911 0.10833 0.12157 0.32374 0.35137 0.37938 0.53341 1.12390 1.16491 1.33375 1.54521 1.73553 1.88772
0.56682 0.00189 0.07505 0.01022 0.01595 0.12375 0.01680 0.00372 0.00690 0.01916 0.02074 0.03137 0.09026 0.12286 0.14944 0.11495 0.15145 0.35145 0.22549 0.13795 0.09139 0.07585 0.05184 0.05529 0.05699 0.06320 0.06701 0.06056 0.03035 0.73007 0.05218 0.02896 0.06772 0.06504 0.06942 0.09506 0.06822 0.06169 0.04027 0.04354 0.11330 0.11394 0.08149 0.02259 0.00638 0.01764 0.01263 0.01316 0.03709 0.04282 0.12664 0.19312 0.03451 0.02812 0.02526 0.58465 0.56437 0.59725 0.98375 1.33503 1.60588 0.92822 0.62864 0.36967 0.35855 0.34675 0.65380 0.93699 0.99303 1.20005 1.84053 1.64396 1.78233
0.93869 0.68272 0.03661 0.01091 0.00122 0.01532 0.01558 0.00223 0.12016 0.22627 0.10923 0.14381 0.15165 0.06599 0.03438 0.09281 0.15135 0.19289 0.24126 0.14672 0.10978 0.10125 0.05641 0.03765 0.05315 0.04878 0.02258 0.34688 0.03464 0.04817 0.05338 0.03210 0.04415 0.02468 0.04815 0.06412 0.10757 0.16217 0.06485 0.03661 0.07336 0.07630 0.09428 0.10359 0.05494 0.01812 0.00651 0.02155 0.08449 0.06616 0.12631 0.06053 0.18836 0.53805 0.64744 1.08847 0.63839 0.37016 0.58687 0.86064 0.69239 1.39306 1.55062 0.79144 1.67299 0.77745 0.81473 0.94849 1.54503 1.20549 1.29212 1.98100 2.07202
0.69088 0.97334 1.18389 0.06379 0.00305 0.00013 0.05476 0.00090 0.01488 0.38116 0.93565 1.36288 0.75362 0.48055 0.17178 0.09329 0.02917 0.05217 0.07115 0.07620 0.06563 0.03580 0.01576 0.01749 0.02195 0.01646 0.03591 0.03460 0.01278 0.00996 0.09046 0.12178 0.15792 0.17276 0.25692 0.29703 0.21230 0.24073 0.05809 0.08155 0.05243 0.03781 0.11183 0.07984 0.04131 0.07340 0.03607 0.02524 0.00730 0.01968 0.05574 0.05070 0.06794 0.11808 0.53603 0.92143 0.87158 1.39190 1.15266 1.07152 0.51467 0.82731 0.55742 0.89203 0.47389 0.71774 0.75423 1.61963 1.09956 0.79033 0.97535 1.51782 1.28994
1.39460 1.56526 1.35411 1.09376 0.70011 0.46409 0.29864 0.03112 0.00491 0.01561 0.21914 0.63220 1.06920 1.20288 0.84588 0.65022 0.26028 0.05163 0.10147 0.08644 0.06011 0.07399 0.03966 0.03660 0.02953 0.04210 0.02675 0.04366 0.02768 0.03382 0.23075 0.11054 0.30514 0.30849 0.19671 0.20495 0.08443 0.40627 0.26820 0.17942 0.06483 0.32466 0.25151 0.31626 0.21342 0.14981 0.11990 0.09778 0.46054 0.31495 0.65890 0.25886 0.58877 0.51476 0.64651 0.82088 0.80672 1.08529 0.88683 0.92671 0.98688 0.47607 0.70301 0.33950 1.48535 1.40777 1.43436 1.48635 0.77160 0.83908 1.22954 1.16817 1.89645
1.52313 1.20740 1.50796 1.60653 1.12098 0.60598 0.78203 0.37252 0.09980 0.08050 0.23871 0.01024 0.15930 0.05259 0.21313 0.99461 1.04478 0.77863 0.27277 0.47506 0.16093 0.05636 0.07057 0.08464 0.03962 0.03603 0.13599 0.07934 0.04704 0.05115 0.07849 0.11658 0.16498 0.04015 0.09535 0.21602 0.48135 0.48034 0.22114 0.09200 0.06780 0.18349 0.27937 0.33933 0.31042 0.13556 0.27302 0.62415 0.86302 0.71783 1.03835 1.34127 0.67634 1.13410 1.07423 1.39131 0.87150 0.58185 0.53400 0.38899 0.65804 0.31225 1.46324 1.00408 0.79646 0.63649 0.84343 0.91764 0.91117 1.16443 1.49181 1.86851 1.55511
1.09043 0.61495 1.17114 1.43443 1.12436 1.10737 0.89188 0.41755 0.07808 0.70067 0.71881 0.45325 1.02443 1.12587 1.46216 0.00489 0.83412 1.24370 1.37259 1.08696 0.70863 0.16511 0.08467 0.08497 0.05497 0.06424 0.11441 0.11348 0.13535 0.14782 0.11355 0.09378 0.03125 0.03817 0.09549 0.13105 0.30390 0.40267 0.82595 0.57319 0.22871 0.13813 0.01582 0.05015 0.04873 0.15276 0.31391 0.54271 1.07077 0.54420 0.82238 0.69976 1.32912 1.45391 1.32003 1.30481 1.17370 0.87851 0.36413 0.32553 0.47806 0.72305 0.53559 0.51445 0.55296 0.48596 0.95688 1.24751 1.14948 1.48202 1.30664 1.49823 1.79996
0.93737 0.58018 0.89533 0.67850 0.56414 0.59266 0.27499 0.25618 0.23700 0.33114 0.16756 0.40021 0.66288 0.85804 1.16539 1.29517 0.52181 0.50009 0.53882 0.64453 0.49460 0.37445 0.19402 0.12814 0.04331 0.01582 0.03702 0.03654 0.06024 0.06272 0.03257 0.04612 0.04841 0.07734 0.23255 0.26285 0.21907 0.37744 1.03639 0.64979 0.59011 0.30440 0.11889 0.13669 0.09752 0.18079 0.27135 0.86544 0.90947 0.88545 0.61072 1.30451 1.16022 1.18562 1.09686 1.13931 1.33887 0.75945 0.83522 1.06277 0.59538 0.29468 0.27493 0.31193 0.34106 1.04140 1.39449 1.43316 1.02485 1.46853 1.62999 1.98269 2.18721
1.39179 1.30482 1.16275 0.74358 0.45034 0.30990 0.11373 0.05819 0.28552 0.69745 0.67143 0.38581 0.09576 0.43239 0.85352 1.09539 1.51214 1.26018 0.58382 0.31643 0.22920 0.39973 0.50691 0.11545 0.05228 0.04525 0.02329 0.04551 0.04125 0.06671 0.01098 0.02339 0.07051 0.11066 0.10837 0.62197 0.69303 0.66773 1.09848 1.37950 1.20649 1.46732 0.75996 0.52724 0.10221 0.12976 0.12990 0.23330 1.03042 0.48610 0.48812 0.79957 1.04878 1.01145 0.90062 1.23551 0.98352 1.02898 0.69330 0.72678 0.66446 0.70469 0.77262 0.54397 0.61629 0.99532 1.05551 0.93189 0.92337 1.96558 2.24680 2.44847 2.39606
1.83423 1.54156 1.52210 1.01894 0.71645 0.39524 0.14311 0.22355 0.26639 0.48274 1.09612 0.79977 0.21979 0.19682 0.70224 1.22921 1.41747 1.39270 0.98422 1.05464 0.80578 0.66037 0.42674 0.09526 0.21653 0.15386 0.03978 0.04094 0.00959 0.06323 0.02469 0.10719 0.38050 0.18522 0.28723 0.83883 0.55369 1.26673 1.66547 1.86658 1.28682 0.88006 0.73784 0.56329 1.18543 0.51087 0.37078 1.13016 0.53308 0.89663 1.02008 1.24280 1.27968 1.38768 1.50534 1.11898 0.99315 1.31066 0.96435 1.31481 0.99705 1.02277 1.03409 0.51651 1.22643 0.72208 1.19708 1.41037 1.34666 1.37925 1.94739 1.78813 1.35791
1.90253 1.65428 1.88569 1.42746 0.73681 0.68278 0.30304 0.12049 0.05446 0.11946 0.34718 0.95778 0.85738 0.92047 1.15301 0.74185 0.88061 0.77469 1.49566 0.93638 0.79752 0.62342 0.69451 0.43704 0.51954 0.22666 0.09173 0.03371 0.05971 0.06494 0.03724 0.16876 0.54557 0.42448 0.41712 0.97322 1.48533 1.11993 1.17060 1.42960 1.16813 1.70597 1.51849 1.50208 0.91333 1.09072 1.17829 1.07548 1.09528 1.23658 1.22167 1.38920 1.48896 1.60750 1.80950 1.73965 1.66093 1.99768 1.55871 1.72561 1.62124 1.25984 1.42601 1.05891 1.24071 1.27189 1.52171 1.39867 1.49192 1.73266 1.53067 1.79464 1.96910
1.86237 1.68400 1.74745 1.78294 1.25061 0.82942 0.65197 0.69818 0.60940 0.77130 0.67054 0.91512 1.47253 1.18682 0.87169 0.49264 0.79754 0.57364 0.69794 1.10089 1.08875 0.86506 0.54168 0.37097 0.26455 0.31641 0.23884 0.13142 0.14183 0.07644 0.09303 0.17971 0.48155 0.34672 0.66095 1.08546 1.67605 1.90764 1.83770 1.28843 1.91985 1.25675 1.27353 1.33383 0.94181 0.38697 0.52684 0.75719 0.78605 0.93393 0.66219 1.61088 1.55706 1.89303 2.12732 2.13311 2.38436 1.66055 2.14049 2.25586 1.16228 1.40817 1.74852 1.71463 1.74282 1.76089 1.82946 1.99868 1.63505 1.77297 1.94588 2.06390 3.06882
1.86424 1.73107 1.97706 1.72576 1.75652 1.46114 1.61083 1.63532 1.62138 1.49134 1.38401 1.28175 1.55990 1.11916 1.12975 1.19948 0.63661 0.57921 0.85235 1.24786 1.50246 0.83976 0.76176 0.28200 0.66732 0.45467 0.51361 0.45136 0.26822 0.41702 0.23478 0.40228 0.84673 0.95866 0.98099 1.13449 1.72213 1.83432 1.77655 1.33992 1.54648 1.16236 0.92090 0.96714 0.74674 0.73471 1.15677 0.94286 -9999 -9999 1.50555 2.63470 3.35798 3.15852 3.04656 2.80957 1.87509 1.75539 1.92075 1.74442 1.70877 1.69269 1.77054 1.93501 2.02173 2.16311 2.24931 2.63047 2.63967 2.73684 2.30134 2.96745 4.01029
1.86172 1.96322 2.07613 1.92289 1.81435 1.76560 1.83108 1.50107 1.54296 1.68470 1.73404 1.80239 1.55716 1.26972 1.74608 1.52479 1.00315 1.50284 0.99514 1.27015 1.35181 1.19447 1.45204 1.36999 1.09906 0.84850 0.18317 0.47188 0.62437 0.78301 0.97526 1.14655 1.32153 1.15099 1.20186 1.14594 1.05040 -9999 -9999 -9999 -9999 0.92253 -9999 0.79639 1.56827 1.23443 1.01279 1.06674 -9999 -9999 1.30035 2.02597 2.42543 2.17950 1.98997 1.76426 1.61172 1.56434 1.42610 1.54906 1.59558 1.44938 1.62406 2.33220 2.07301 2.09985 1.83691 1.75454 2.05105 3.11505 -9999 -9999 -9999
1.83323 2.00264 2.01275 1.64298 2.15709 1.98453 1.45182 1.40176 1.35039 1.47924 1.70406 1.77870 1.67054 1.20951 1.74781 1.83653 1.90796 1.81491 1.96183 1.65753 1.67208 1.71826 1.31345 1.53045 1.06048 1.46316 1.52294 1.38486 1.36658 1.38406 1.65113 1.58950 1.62227 1.23682 1.09173 -9999 -9999 -9999 -9999 -9999 -9999 -9999 1.26671 1.43542 1.43801 -9999 -9999 -9999 -9999 -9999 3.02170 2.41797 2.05666 2.65217 2.82898 2.87009 2.05626 1.90721 1.68236 1.63145 1.50583 2.20798 2.38123 1.60608 2.03556 2.15521 1.93705 2.06789 -9999 -9999 -9999 -9999 -9999
