data/hydroclimate-scenarios/BCSD_hadcm_B1/monthly_summaries/baseflow_monthly_tot_apr.2070-2099.asc
ncols	311
nrows	91
xllcenter	102.75
yllcenter	31.75
cellsize	0.5
NODATA_value	-9999
[rows 0 to 31 of 91, columns 216 to 287 of 311]
-9999 -9999 -9999 -9999 -9999 -9999 -9999 -9999 -9999 -9999 -9999 -9999 -9999 -9999 -9999 -9999 -9999 -9999 -9999 -9999 -9999 -9999 -9999 -9999 -9999 -9999 -9999 -9999 -9999 -9999 -9999 -9999 -9999 -9999 -9999 -9999 -9999 -9999 -9999 -9999 -9999 -9999 -9999 -9999 -9999 -9999 -9999 -9999 -9999 -9999 -9999 -9999 -9999 -9999 -9999 -9999 -9999 -9999 -9999 -9999 -9999 -9999 -9999 -9999 -9999 -9999 -9999 -9999 -9999 -9999 -9999 -9999
-9999 -9999 -9999 -9999 -9999 -9999 -9999 -9999 -9999 -9999 -9999 -9999 -9999 -9999 -9999 -9999 -9999 -9999 -9999 -9999 -9999 -9999 -9999 -9999 -9999 -9999 -9999 -9999 -9999 -9999 -9999 -9999 -9999 -9999 -9999 -9999 -9999 -9999 -9999 -9999 -9999 -9999 -9999 -9999 -9999 -9999 -9999 -9999 -9999 -9999 -9999 -9999 -9999 -9999 -9999 -9999 -9999 -9999 -9999 -9999 -9999 -9999 -9999 -9999 -9999 -9999 -9999 -9999 -9999 -9999 -9999 -9999
-9999 -9999 -9999 -9999 -9999 -9999 -9999 -9999 -9999 -9999 -9999 -9999 -9999 -9999 -9999 -9999 -9999 -9999 -9999 -9999 -9999 -9999 -9999 -9999 -9999 -9999 -9999 -9999 -9999 -9999 -9999 -9999 -9999 -9999 -9999 -9999 -9999 -9999 -9999 -9999 -9999 -9999 -9999 -9999 -9999 -9999 -9999 -9999 -9999 -9999 -9999 -9999 -9999 -9999 -9999 -9999 -9999 -9999 -9999 -9999 -9999 -9999 -9999 -9999 -9999 -9999 -9999 -9999 -9999 -9999 -9999 -9999
-9999 -9999 -9999 -9999 -9999 -9999 -9999 -9999 -9999 -9999 -9999 -9999 -9999 -9999 -9999 -9999 -9999 -9999 -9999 -9999 -9999 -9999 -9999 -9999 -9999 -9999 -9999 -9999 -9999 -9999 -9999 -9999 -9999 -9999 -9999 -9999 -9999 -9999 -9999 -9999 -9999 -9999 -9999 -9999 -9999 -9999 -9999 -9999 -9999 -9999 -9999 -9999 -9999 -9999 -9999 -9999 -9999 -9999 -9999 -9999 -9999 -9999 -9999 -9999 -9999 -9999 -9999 -9999 -9999 -9999 -9999 -9999
-9999 -9999 -9999 -9999 -9999 -9999 -9999 -9999 -9999 -9999 -9999 -9999 -9999 -9999 -9999 -9999 -9999 -9999 -9999 -9999 -9999 -9999 -9999 -9999 -9999 -9999 -9999 -9999 -9999 -9999 -9999 -9999 -9999 -9999 -9999 -9999 -9999 -9999 -9999 -9999 -9999 -9999 -9999 -9999 -9999 -9999 -9999 -9999 -9999 -9999 -9999 -9999 -9999 -9999 -9999 -9999 -9999 -9999 -9999 -9999 -9999 -9999 -9999 -9999 -9999 -9999 -9999 -9999 -9999 -9999 -9999 -9999
-9999 -9999 -9999 -9999 -9999 -9999 -9999 -9999 -9999 -9999 -9999 -9999 -9999 -9999 -9999 -9999 -9999 -9999 -9999 -9999 -9999 -9999 -9999 -9999 -9999 -9999 -9999 -9999 -9999 -9999 -9999 -9999 -9999 -9999 -9999 -9999 -9999 -9999 -9999 -9999 -9999 -9999 -9999 -9999 -9999 -9999 -9999 -9999 -9999 -9999 -9999 -9999 -9999 -9999 -9999 -9999 -9999 -9999 -9999 -9999 -9999 -9999 -9999 -9999 -9999 -9999 -9999 -9999 -9999 -9999 -9999 -9999
-9999 -9999 -9999 -9999 -9999 -9999 -9999 -9999 -9999 -9999 -9999 -9999 -9999 -9999 -9999 -9999 -9999 -9999 -9999 -9999 -9999 -9999 -9999 -9999 -9999 -9999 -9999 -9999 -9999 -9999 -9999 -9999 -9999 -9999 -9999 -9999 -9999 -9999 -9999 -9999 -9999 -9999 -9999 -9999 -9999 -9999 -9999 -9999 -9999 -9999 -9999 -9999 -9999 -9999 -9999 -9999 -9999 -9999 -9999 -9999 -9999 -9999 -9999 -9999 -9999 -9999 -9999 -9999 -9999 -9999 -9999 -9999
-9999 -9999 -9999 -9999 -9999 -9999 -9999 -9999 -9999 -9999 -9999 -9999 -9999 -9999 -9999 -9999 -9999 -9999 -9999 -9999 -9999 -9999 -9999 -9999 -9999 -9999 -9999 -9999 -9999 -9999 -9999 -9999 -9999 -9999 -9999 -9999 -9999 -9999 -9999 -9999 -9999 -9999 -9999 -9999 -9999 -9999 -9999 -9999 -9999 -9999 -9999 -9999 -9999 -9999 -9999 -9999 -9999 -9999 -9999 -9999 -9999 -9999 -9999 -9999 -9999 -9999 -9999 -9999 -9999 -9999 -9999 -9999
-9999 -9999 -9999 -9999 -9999 -9999 -9999 -9999 -9999 -9999 -9999 -9999 -9999 -9999 -9999 -9999 -9999 -9999 -9999 -9999 -9999 -9999 -9999 -9999 -9999 -9999 -9999 -9999 -9999 -9999 -9999 -9999 -9999 -9999 -9999 -9999 -9999 -9999 -9999 -9999 -9999 -9999 -9999 -9999 -9999 -9999 -9999 -9999 -9999 -9999 -9999 -9999 -9999 -9999 -9999 -9999 -9999 -9999 -9999 -9999 -9999 -9999 -9999 -9999 -9999 -9999 -9999 -9999 -9999 -9999 -9999 -9999
-9999 -9999 -9999 -9999 -9999 -9999 -9999 -9999 -9999 -9999 -9999 -9999 -9999 -9999 -9999 -9999 -9999 -9999 -9999 -9999 -9999 -9999 -9999 -9999 -9999 -9999 -9999 -9999 -9999 -9999 -9999 -9999 -9999 -9999 -9999 -9999 -9999 -9999 -9999 -9999 -9999 -9999 -9999 -9999 -9999 -9999 -9999 -9999 -9999 -9999 -9999 -9999 -9999 -9999 -9999 -9999 -9999 -9999 -9999 -9999 -9999 -9999 -9999 -9999 -9999 -9999 -9999 -9999 -9999 -9999 -9999 -9999
-9999 -9999 -9999 -9999 -9999 -9999 -9999 -9999 -9999 -9999 -9999 -9999 -9999 -9999 -9999 -9999 -9999 -9999 -9999 -9999 -9999 -9999 -9999 -9999 -9999 -9999 -9999 -9999 -9999 -9999 -9999 -9999 -9999 -9999 -9999 -9999 -9999 -9999 -9999 -9999 -9999 -9999 -9999 -9999 -9999 -9999 -9999 -9999 -9999 -9999 -9999 -9999 -9999 -9999 -9999 -9999 -9999 -9999 -9999 -9999 -9999 -9999 -9999 -9999 -9999 -9999 -9999 -9999 -9999 -9999 -9999 -9999
-9999 -9999 -9999 -9999 -9999 -9999 -9999 -9999 -9999 -9999 -9999 -9999 -9999 -9999 -9999 -9999 -9999 -9999 -9999 -9999 -9999 -9999 -9999 -9999 -9999 -9999 -9999 -9999 -9999 -9999 -9999 -9999 -9999 -9999 -9999 -9999 -9999 -9999 -9999 -9999 -9999 -9999 -9999 -9999 -9999 -9999 -9999 -9999 -9999 -9999 -9999 -9999 -9999 -9999 -9999 -9999 -9999 -9999 -9999 -9999 -9999 -9999 -9999 -9999 -9999 -9999 -9999 -9999 -9999 -9999 -9999 -9999
-9999 -9999 -9999 -9999 -9999 -9999 -9999 -9999 -9999 -9999 -9999 -9999 -9999 -9999 -9999 -9999 -9999 -9999 -9999 -9999 -9999 -9999 -9999 -9999 -9999 -9999 -9999 -9999 -9999 -9999 -9999 -9999 -9999 -9999 -9999 -9999 -9999 -9999 -9999 -9999 -9999 -9999 -9999 -9999 -9999 -9999 -9999 -9999 -9999 -9999 -9999 -9999 -9999 -9999 -9999 -9999 -9999 -9999 -9999 -9999 -9999 -9999 -9999 -9999 -9999 -9999 -9999 -9999 -9999 -9999 -9999 -9999
0.12422 0.07356 0.11527 -9999 -9999 -9999 -9999 -9999 -9999 -9999 -9999 -9999 -9999 -9999 -9999 -9999 -9999 -9999 -9999 -9999 -9999 -9999 -9999 -9999 -9999 -9999 -9999 -9999 -9999 -9999 -9999 -9999 -9999 -9999 -9999 -9999 -9999 -9999 -9999 -9999 -9999 -9999 -9999 -9999 0.41922 -9999 -9999 -9999 -9999 -9999 -9999 -9999 -9999 -9999 -9999 -9999 -9999 -9999 -9999 -9999 -9999 -9999 -9999 -9999 -9999 -9999 -9999 -9999 -9999 -9999 -9999 -9999
0.02165 0.02249 0.02580 0.00283 0.00282 0.00543 0.02356 0.04784 0.24837 0.23748 0.26731 0.25817 0.26109 0.28210 0.21518 1.62409 -9999 -9999 -9999 -9999 -9999 -9999 -9999 -9999 -9999 -9999 -9999 -9999 -9999 -9999 -9999 -9999 -9999 -9999 -9999 -9999 -9999 -9999 -9999 0.06398 0.02558 0.00216 0.00125 0.03679 0.04481 0.22897 -9999 -9999 -9999 0.94022 -9999 -9999 -9999 1.15850 1.58238 1.51635 -9999 -9999 -9999 -9999 -9999 -9999 -9999 -9999 -9999 -9999 -9999 -9999 -9999 -9999 -9999 -9999
0.00619 0.01045 0.01481 0.00020 0.00996 0.05260 0.16118 0.18602 0.63305 0.65746 0.87162 0.94428 0.77473 0.58391 0.51891 0.20495 0.17570 0.17241 0.20772 0.47661 0.75395 0.32161 -9999 -9999 -9999 -9999 -9999 0.29274 0.16975 0.14605 0.32477 0.30486 0.37143 0.07389 0.00397 0.01371 0.01304 0.01281 0.01681 0.00040 0.00025 0.00169 0.00147 0.11005 0.19708 0.29092 0.46886 0.62453 0.73538 0.98897 1.25251 1.20005 1.23451 1.44463 1.52461 1.45852 1.50226 1.61069 1.50570 1.31557 1.23133 -9999 -9999 -9999 -9999 -9999 -9999 -9999 -9999 -9999 -9999 -9999
0.99626 0.69059 1.05651 0.51253 0.99408 1.17138 1.12280 1.04014 1.23581 0.78574 1.37186 0.88133 0.92199 0.42573 0.30586 0.14353 0.10945 0.21700 0.13867 1.00421 0.46303 0.37509 0.44255 0.40062 0.35841 0.27557 0.20546 0.12769 0.16850 0.12261 0.13876 0.02292 0.04250 0.05859 0.02615 0.02632 0.02526 0.04018 0.04022 0.02529 0.02739 0.04328 0.03978 0.06497 0.10067 0.20439 0.32378 0.56031 0.72311 0.99316 1.11845 1.14903 1.22864 1.15220 1.30843 1.42730 1.39222 1.46783 1.53113 1.42476 1.27199 1.32315 1.30877 1.47472 1.43708 1.44318 1.41396 1.49900 1.38279 -9999 -9999 -9999
1.45331 1.51785 1.84455 1.18255 0.63749 0.45536 0.14232 0.01652 0.00751 0.07025 0.01144 0.00215 0.00080 0.01069 0.00898 0.25161 0.16616 0.19764 0.31250 1.21534 1.66742 0.15724 0.26059 1.05168 0.18397 0.20046 0.18891 0.78992 0.69955 0.19298 0.24913 0.10083 0.08953 0.10766 0.08119 0.09843 0.07986 0.09514 0.11033 0.07032 0.06883 0.08071 0.07877 0.04182 0.06615 0.13736 0.19151 0.37696 0.51398 0.68053 1.02152 0.94165 1.03251 1.03735 1.04149 1.16598 1.14014 1.35460 1.37676 1.19738 1.20344 1.19715 1.25390 1.43170 1.50074 1.55948 1.55473 1.77327 1.64616 -9999 1.24383 -9999
1.61917 1.84438 0.44954 0.33818 0.01210 0.02568 0.03370 0.05517 0.06515 0.00520 0.01594 0.00215 0.03710 0.08122 0.00581 0.13659 0.03408 0.57311 1.93886 1.79481 1.66551 0.26099 0.18414 0.48649 0.32737 0.21173 0.28508 0.27752 0.54917 0.37078 0.19676 0.05017 0.04680 0.11591 0.13498 0.13905 0.12979 0.13408 0.11524 0.13164 0.13926 0.19414 0.24674 0.20283 0.16447 0.18528 0.26244 0.36754 0.39588 0.43904 0.47532 0.44502 0.54809 0.61597 0.75817 0.92118 0.90496 0.94585 0.87956 1.24994 1.40077 1.41928 1.50229 1.01984 1.14615 1.26673 1.26300 1.49641 1.54428 1.37293 -9999 -9999
1.73396 1.26249 1.09259 0.67892 0.83507 1.13377 0.46803 0.09977 0.04808 0.07818 0.05401 0.15210 0.11893 0.11941 0.25249 8.97972 4.19565 2.18001 2.58886 0.75531 0.79443 0.12092 0.15543 0.30520 0.18293 2.58224 0.63091 0.31454 0.84587 0.83085 0.61812 2.09396 1.74838 1.74481 1.80646 1.52652 1.52713 1.62720 1.61769 1.52878 1.51766 1.96273 1.82825 1.39436 1.40871 1.70682 1.82131 1.87953 0.47666 0.60770 0.66367 0.16980 0.19356 0.25114 0.32268 0.85956 1.18382 0.94129 2.05402 2.04761 2.04960 2.00021 2.04475 2.11872 1.14545 1.15216 1.67636 1.87995 1.54647 1.57517 1.23520 -9999
7.17898 6.03612 4.01897 2.82158 2.51055 0.46649 0.24532 0.15579 0.10522 0.24234 0.20935 0.08031 0.30463 0.77330 0.98174 5.18009 0.68195 0.01930 0.02318 0.07426 0.02315 0.01352 0.29322 1.35779 2.09687 1.31363 0.35443 1.88378 2.65911 1.40435 1.81781 3.58341 1.73216 1.24463 1.22689 0.42625 0.31924 1.92220 1.84607 1.85708 1.77451 1.73511 1.65744 1.35775 1.33784 1.83443 1.87143 1.68397 1.73941 1.50855 1.56997 1.45399 1.54889 1.53234 1.56139 1.93019 1.94032 1.26650 2.43065 1.98304 2.04206 2.13458 2.14706 0.95781 0.92913 1.11887 1.25001 1.65337 1.71721 1.80976 1.76853 0.99672
0.68670 0.49905 0.47895 0.31953 0.48795 0.24329 0.14081 0.09378 0.08499 0.23729 0.28792 0.27815 0.36063 0.73516 0.78266 13.24440 5.02627 0.00562 0.00141 0.00008 0.00019 0.00153 0.54044 2.14942 2.04797 1.79784 1.37610 2.67753 5.20223 2.68969 3.67310 5.77902 6.63741 8.34123 8.66203 4.13359 3.91497 2.20074 1.21157 2.52580 1.98673 2.95636 0.70545 0.17497 0.21854 2.48329 2.81069 1.91742 1.78646 1.77704 1.82185 1.66774 1.80457 1.71312 1.63255 2.25013 2.64426 4.07476 3.15321 2.08280 2.02336 2.71762 2.57104 0.45952 0.55677 0.71341 0.95083 1.28236 1.29011 1.33545 1.32302 1.26733
1.13034 3.27249 11.54540 35.39350 33.77600 16.47690 13.84080 1.54061 0.70018 0.73648 0.02595 1.13740 1.99638 2.77498 1.43047 6.71557 7.39017 0.00064 0.00000 0.00000 0.00022 0.00000 0.23729 0.38609 0.61745 2.54041 6.59610 3.37638 5.22161 6.08640 6.05181 3.57256 3.86231 1.43577 0.83296 5.22093 5.07743 5.23812 5.50066 4.82551 2.02758 3.90018 3.79324 2.16384 1.62474 2.95377 2.32731 0.41784 0.72105 2.01405 2.06708 2.25974 2.23759 2.93197 3.94169 4.36968 2.91944 2.37947 3.75115 2.66207 2.67275 3.16043 2.41042 0.31079 0.40915 0.41776 0.56811 0.83932 0.89970 0.86779 0.90026 1.14123
10.08390 4.18597 13.77280 40.84310 44.90860 21.70590 8.65802 2.85993 2.88686 1.29875 2.05125 1.88367 0.74551 2.56028 1.00973 9.58110 8.88252 0.11783 0.00001 0.00022 0.00667 0.00029 0.00044 0.01985 0.04821 0.42292 1.57149 2.85337 4.99438 4.60521 2.23916 1.01530 0.37877 0.02841 0.07404 0.42742 0.74378 0.74799 1.30238 3.08027 3.09300 3.66520 3.25919 2.70187 1.99824 4.30589 4.97988 3.73203 4.57412 3.35568 0.62015 4.75315 5.27778 8.61808 9.87169 4.89179 2.17788 3.31281 3.19763 2.65816 2.03771 2.19965 1.92305 0.23561 0.27207 0.30081 0.42884 0.43363 0.66989 0.81220 0.88131 0.99972
5.68009 5.85089 6.04027 3.35999 4.51555 11.92620 12.69490 2.44245 2.38888 2.03718 1.79618 1.28650 1.13644 0.25733 0.01151 0.03852 7.32319 8.98236 0.28456 0.23601 0.24747 0.00000 0.00000 0.00060 0.00003 0.00542 0.03978 0.00821 0.11057 0.14865 0.23027 0.08217 0.10495 0.11568 0.12521 0.24281 0.23455 0.25731 0.24919 0.26525 0.24110 0.26741 0.26818 0.21504 1.22596 2.94129 3.80974 3.27649 3.91814 4.94073 5.42684 2.57410 9.47916 6.79372 4.91512 4.55372 4.00331 3.45987 2.74200 2.14723 1.68954 2.44477 2.67201 2.00854 0.25372 0.30625 0.31810 0.21862 0.30398 0.65409 0.87168 0.90469
6.41894 10.78910 9.83686 10.52530 9.69007 8.05215 5.87603 4.26115 5.66686 4.09630 3.54015 4.15732 0.66795 0.10702 0.02816 0.08521 0.09362 0.03163 1.13589 0.00024 0.04020 0.00904 0.20710 0.00172 0.00000 0.03223 0.19853 0.07286 0.21844 0.02991 0.05912 0.00692 0.01857 0.09228 0.04914 0.09378 0.39415 0.21348 0.28045 0.75585 0.82926 0.42196 0.59979 0.42062 0.88578 3.12216 4.05271 5.95605 5.43361 4.49735 5.86748 9.46654 2.79029 8.71385 7.83294 7.83594 5.93191 5.44082 3.78535 6.10924 7.02120 7.53723 5.18540 2.84189 2.92443 2.38706 0.47354 0.22762 0.32086 0.70567 0.96712 0.82730
20.83050 19.13670 23.65120 23.34540 25.66990 20.34460 24.90770 38.10940 41.35190 23.19460 10.08430 7.77188 4.22723 1.54416 0.30983 3.66871 0.13850 0.28175 0.09029 0.07534 0.32305 0.08871 0.16373 0.96575 0.95656 0.98201 1.68119 3.05783 1.79025 1.29839 0.77697 0.54897 0.74152 0.11132 0.08984 0.29361 0.43442 0.17135 0.11609 1.15022 1.33418 1.19082 3.22843 1.75091 0.76047 1.28046 3.98861 8.93090 7.18304 10.11690 5.92319 12.25670 4.73387 10.23140 11.70650 10.84910 8.71774 9.22572 6.77724 3.98459 3.58039 7.75705 9.18875 7.86052 6.18114 6.03512 5.98418 2.88991 2.74477 1.46106 2.42017 1.78367
21.74140 26.21380 27.84080 38.98180 42.47270 25.67670 26.47000 40.75190 31.74840 24.00690 29.53550 21.80970 10.31290 0.62430 0.43588 20.53040 10.43780 4.24386 5.72046 1.61563 4.39803 0.11537 0.52929 0.68695 2.49735 1.32118 2.21708 2.30009 0.12567 0.04110 0.14473 0.03567 0.11590 0.26886 0.48077 0.35772 0.74136 0.25735 0.45778 1.79253 1.99761 4.34026 3.73037 1.75177 1.90304 4.04542 10.11560 16.32330 14.40640 11.38330 8.99373 18.04870 9.03100 9.39236 18.74420 13.65250 14.43690 13.63740 10.28000 7.43555 8.08196 14.87900 14.11190 13.92950 10.77870 5.74355 7.87691 10.18650 10.53210 6.95637 3.01830 3.35301
50.47320 46.46530 34.63120 31.53080 30.56540 18.46550 19.50780 27.75280 31.24340 16.96360 22.52860 31.71790 28.11510 20.30680 1.02360 43.85070 35.09120 18.83900 13.53860 6.90568 4.72609 0.00497 0.00043 0.63933 1.92700 1.30377 3.40560 5.09148 0.73788 0.15145 0.00957 0.00506 0.01781 0.15847 0.24196 0.27840 0.76267 0.59065 0.81044 1.58228 1.76022 6.67906 6.64006 3.92294 2.31535 2.28730 1.89970 5.29304 7.73088 18.24090 14.01660 26.40400 16.36410 12.38660 22.90030 20.55790 18.28350 10.48950 9.40108 7.44856 6.33746 7.72593 13.44010 26.59460 17.31740 15.12940 14.48620 11.80170 14.21890 10.16670 6.48156 10.04540
69.72040 46.87960 34.43750 18.46760 16.82560 9.39841 11.47740 9.10075 12.15720 34.43600 19.66200 17.68670 21.94690 24.77480 25.08690 29.54180 29.00350 35.59090 41.16790 27.98130 14.51350 4.27615 0.32977 0.14395 0.00430 0.12730 2.54536 1.21617 0.05488 0.07863 0.01533 0.04613 0.20300 1.35650 0.83572 1.16167 1.73583 2.22355 2.08976 2.51940 1.97419 9.91785 9.14861 12.72420 10.90440 3.60389 2.91448 6.09611 12.14120 24.32740 13.63530 23.84070 29.37630 37.22180 34.33820 27.89660 23.60680 20.69610 19.11680 16.86420 16.76910 10.82120 6.34943 13.35820 16.97060 14.38210 18.80880 19.18290 19.02660 13.54890 13.38390 8.68561
120.80500 87.10560 50.40590 97.97140 76.53900 83.52280 89.77980 68.24480 31.13610 29.72030 38.71600 18.08550 10.67720 13.02810 23.31420 14.12490 18.25410 16.83890 16.68890 22.00810 17.92870 5.59838 1.02480 2.82975 7.15497 0.63712 2.05128 0.69072 0.16687 0.15410 0.04662 0.75263 2.43157 2.37251 3.30481 2.18699 3.35870 1.99905 3.48234 4.84996 5.10496 19.61150 25.31520 17.33640 16.06820 20.02110 29.57030 31.01190 34.01770 46.45120 31.56740 12.33510 34.02460 44.26560 31.84240 27.38160 26.16230 24.35710 24.22780 26.15010 26.83180 23.34180 22.01070 18.68270 15.35410 12.51580 15.93630 12.82300 15.39100 13.69790 18.82970 14.75370
102.06400 198.04201 227.35001 -9999 184.37399 234.61700 185.04201 147.97000 200.16299 43.45990 44.10340 46.64970 46.97810 48.33610 35.44450 9.52317 3.05783 3.11150 2.65735 15.72290 22.18050 24.23250 19.41550 17.51150 13.76350 17.21830 11.33830 7.46410 3.91865 0.24681 0.69761 2.53644 5.08176 6.25582 4.02079 1.73036 4.76274 5.93735 3.12484 6.58449 7.45601 23.68600 22.55670 21.45060 25.47690 32.64070 23.50990 37.65530 43.34050 57.48760 50.90370 21.11710 45.08850 43.83350 40.52840 34.28620 32.59840 30.48580 25.76230 24.59380 25.00400 23.20350 21.18510 20.91010 20.54440 24.65030 27.14770 22.63480 32.92320 27.99840 23.51530 9.90309
