data/hydroclimate-scenarios/BCSD_hadcm_B1/monthly_summaries/baseflow_monthly_tot_jan.2070-2099.asc
ncols	311
nrows	91
xllcenter	102.75
yllcenter	31.75
cellsize	0.5
NODATA_value	-9999
[rows 0 to 31 of 91, columns 0 to 72 of 311]
-9999 -9999 -9999 -9999 -9999 -9999 -9999 -9999 -9999 -9999 -9999 -9999 -9999 -9999 -9999 -9999 -9999 -9999 -9999 -9999 -9999 -9999 -9999 -9999 -9999 -9999 -9999 -9999 -9999 -9999 -9999 -9999 -9999 -9999 -9999 -9999 -9999 -9999 -9999 -9999 -9999 -9999 -9999 -9999 -9999 -9999 -9999 -9999 -9999 -9999 -9999 -9999 -9999 -9999 -9999 -9999 -9999 -9999 -9999 -9999 -9999 -9999 -9999 -9999 -9999 -9999 -9999 -9999 -9999 -9999 -9999 -9999 -9999
-9999 -9999 -9999 -9999 -9999 -9999 -9999 -9999 -9999 -9999 -9999 -9999 -9999 -9999 -9999 -9999 -9999 -9999 -9999 -9999 -9999 -9999 -9999 -9999 -9999 -9999 -9999 -9999 -9999 -9999 -9999 -9999 -9999 -9999 -9999 -9999 -9999 -9999 -9999 -9999 -9999 -9999 -9999 -9999 -9999 -9999 -9999 -9999 -9999 -9999 -9999 -9999 -9999 -9999 -9999 -9999 -9999 -9999 -9999 -9999 -9999 -9999 -9999 -9999 -9999 -9999 -9999 -9999 -9999 -9999 -9999 -9999 -9999
-9999 -9999 -9999 -9999 -9999 -9999 -9999 -9999 -9999 -9999 -9999 -9999 -9999 -9999 -9999 -9999 -9999 -9999 -9999 -9999 -9999 -9999 -9999 -9999 -9999 -9999 -9999 -9999 -9999 -9999 -9999 -9999 -9999 -9999 -9999 -9999 -9999 -9999 -9999 -9999 -9999 -9999 -9999 -9999 -9999 -9999 -9999 -9999 -9999 -9999 -9999 -9999 -9999 -9999 -9999 -9999 -9999 -9999 -9999 -9999 -9999 -9999 -9999 -9999 -9999 -9999 -9999 -9999 -9999 -9999 -9999 -9999 -9999
-9999 -9999 -9999 -9999 -9999 -9999 -9999 -9999 -9999 -9999 -9999 -9999 -9999 -9999 -9999 -9999 -9999 -9999 -9999 -9999 -9999 -9999 -9999 -9999 -9999 -9999 -9999 -9999 -9999 -9999 -9999 -9999 -9999 -9999 -9999 -9999 -9999 -9999 -9999 -9999 -9999 -9999 -9999 -9999 -9999 -9999 -9999 -9999 -9999 -9999 -9999 -9999 -9999 -9999 -9999 -9999 -9999 -9999 -9999 -9999 -9999 -9999 -9999 -9999 -9999 -9999 -9999 -9999 -9999 -9999 -9999 -9999 -9999
-9999 -9999 -9999 -9999 -9999 -9999 -9999 -9999 -9999 -9999 -9999 -9999 -9999 -9999 -9999 -9999 -9999 -9999 -9999 -9999 -9999 -9999 -9999 -9999 -9999 -9999 -9999 -9999 -9999 -9999 -9999 -9999 -9999 -9999 -9999 -9999 -9999 -9999 -9999 -9999 -9999 -9999 -9999 -9999 -9999 -9999 -9999 -9999 -9999 -9999 -9999 -9999 -9999 -9999 -9999 -9999 -9999 -9999 -9999 -9999 -9999 -9999 -9999 -9999 -9999 -9999 -9999 -9999 -9999 -9999 -9999 -9999 -9999
-9999 -9999 -9999 -9999 -9999 -9999 -9999 -9999 -9999 -9999 -9999 -9999 -9999 -9999 -9999 -9999 -9999 -9999 -9999 -9999 -9999 -9999 -9999 -9999 -9999 -9999 -9999 -9999 -9999 -9999 -9999 -9999 -9999 -9999 -9999 -9999 -9999 -9999 -9999 -9999 -9999 -9999 -9999 -9999 -9999 -9999 -9999 -9999 -9999 -9999 -9999 -9999 -9999 -9999 -9999 -9999 -9999 -9999 -9999 -9999 -9999 -9999 -9999 -9999 -9999 -9999 -9999 -9999 -9999 -9999 -9999 -9999 -9999
-9999 -9999 -9999 -9999 -9999 -9999 -9999 -9999 -9999 -9999 -9999 -9999 -9999 -9999 -9999 -9999 -9999 -9999 -9999 -9999 -9999 -9999 -9999 -9999 -9999 -9999 -9999 -9999 -9999 -9999 -9999 -9999 -9999 -9999 -9999 -9999 -9999 -9999 -9999 -9999 -9999 -9999 -9999 -9999 -9999 -9999 -9999 -9999 -9999 -9999 -9999 -9999 -9999 -9999 -9999 -9999 -9999 -9999 -9999 -9999 -9999 -9999 -9999 -9999 -9999 -9999 -9999 -9999 -9999 -9999 -9999 -9999 -9999
-9999 -9999 -9999 -9999 -9999 -9999 -9999 -9999 -9999 -9999 -9999 -9999 -9999 -9999 -9999 -9999 -9999 -9999 -9999 -9999 -9999 -9999 -9999 -9999 -9999 -9999 -9999 -9999 -9999 -9999 -9999 -9999 -9999 -9999 -9999 -9999 -9999 -9999 -9999 -9999 -9999 -9999 1.05239 0.95558 1.09065 1.17263 1.24659 1.27734 1.03330 1.07542 1.01696 1.06318 -9999 -9999 -9999 -9999 -9999 -9999 -9999 -9999 -9999 -9999 -9999 -9999 -9999 -9999 -9999 -9999 -9999 -9999 -9999 -9999 -9999
-9999 -9999 -9999 -9999 -9999 -9999 -9999 -9999 -9999 -9999 -9999 -9999 -9999 -9999 -9999 -9999 -9999 -9999 -9999 -9999 -9999 -9999 -9999 -9999 -9999 -9999 -9999 -9999 -9999 -9999 -9999 -9999 -9999 -9999 -9999 -9999 -9999 -9999 0.63531 1.13054 0.98827 0.99479 1.06616 1.18803 1.24880 1.22907 1.09925 0.88352 0.96617 1.14751 0.97552 2.15103 1.61627 1.66437 -9999 -9999 -9999 -9999 -9999 -9999 -9999 -9999 -9999 -9999 -9999 -9999 -9999 -9999 -9999 -9999 -9999 -9999 -9999
-9999 -9999 -9999 -9999 -9999 -9999 -9999 -9999 -9999 -9999 -9999 -9999 -9999 -9999 -9999 -9999 -9999 -9999 -9999 -9999 -9999 -9999 -9999 -9999 -9999 -9999 -9999 -9999 -9999 -9999 -9999 -9999 -9999 -9999 -9999 -9999 -9999 -9999 -9999 -9999 0.71071 0.73866 0.89298 1.11988 1.10385 1.35840 1.31947 1.18111 0.98743 1.09555 1.03766 1.18621 1.29884 1.28349 -9999 -9999 -9999 -9999 -9999 -9999 -9999 -9999 -9999 -9999 -9999 -9999 -9999 -9999 -9999 -9999 -9999 -9999 -9999
-9999 -9999 -9999 -9999 -9999 -9999 -9999 -9999 -9999 -9999 -9999 -9999 -9999 -9999 -9999 -9999 -9999 -9999 -9999 -9999 -9999 -9999 -9999 -9999 -9999 -9999 -9999 -9999 -9999 -9999 -9999 -9999 -9999 -9999 -9999 -9999 -9999 -9999 -9999 -9999 -9999 -9999 -9999 -9999 1.20123 1.24795 1.39675 1.42046 0.89710 1.16823 1.30704 1.73921 0.40003 1.34678 -9999 -9999 -9999 -9999 -9999 -9999 0.01434 -9999 -9999 -9999 -9999 -9999 -9999 -9999 -9999 -9999 -9999 -9999 -9999
-9999 -9999 -9999 -9999 -9999 -9999 -9999 -9999 -9999 -9999 -9999 -9999 -9999 -9999 -9999 -9999 -9999 -9999 -9999 -9999 -9999 -9999 -9999 -9999 -9999 -9999 -9999 -9999 -9999 -9999 -9999 -9999 -9999 -9999 -9999 -9999 -9999 -9999 -9999 -9999 -9999 0.85280 0.94205 1.20473 1.20940 1.03537 1.20149 1.12711 1.14840 1.14207 1.24805 1.52919 0.33240 0.98985 -9999 -9999 -9999 -9999 -9999 0.01197 0.00860 0.00371 0.00308 0.00229 0.00420 0.00582 0.00497 0.00290 0.00307 0.00280 0.00330 0.00547 0.01178
-9999 -9999 -9999 -9999 -9999 -9999 -9999 -9999 -9999 -9999 -9999 -9999 -9999 -9999 -9999 -9999 -9999 -9999 -9999 -9999 -9999 -9999 -9999 -9999 -9999 -9999 -9999 -9999 -9999 -9999 -9999 -9999 -9999 -9999 -9999 -9999 -9999 -9999 -9999 -9999 -9999 0.61790 0.88522 1.08920 0.99876 0.91777 1.50592 1.51614 0.98027 1.00323 0.87840 1.25232 0.60424 0.94264 0.96567 0.64653 0.43539 -9999 0.04040 0.01220 0.00647 0.00255 0.00097 0.00608 0.01038 0.02165 0.01742 0.01228 0.01271 0.00352 0.00317 0.00609 0.01224
-9999 -9999 -9999 -9999 -9999 -9999 -9999 -9999 -9999 -9999 -9999 -9999 -9999 -9999 -9999 -9999 -9999 -9999 -9999 -9999 -9999 -9999 -9999 -9999 -9999 -9999 -9999 -9999 -9999 -9999 -9999 -9999 -9999 -9999 -9999 0.58896 0.22122 0.42932 0.44950 0.48463 0.49720 0.44037 0.58586 0.82252 1.55232 1.13823 0.72670 0.69887 0.76620 0.81539 0.95614 0.98564 1.41415 1.53066 0.55968 0.70627 0.75802 0.08063 0.07412 0.00796 0.00171 0.00038 0.00123 0.03892 0.01266 0.02398 0.02150 0.00517 0.01432 0.00000 0.00000 0.00000 0.00010
-9999 -9999 -9999 -9999 -9999 -9999 -9999 -9999 -9999 -9999 -9999 -9999 -9999 -9999 -9999 -9999 -9999 -9999 -9999 -9999 -9999 -9999 -9999 -9999 -9999 -9999 -9999 -9999 -9999 -9999 -9999 -9999 -9999 -9999 0.36570 0.05063 0.12175 0.17344 0.32624 0.41061 0.45801 0.56883 0.56307 1.20819 0.62339 0.63964 0.67936 0.61544 0.69034 0.99650 1.68784 1.60267 1.94735 1.23142 1.10569 0.98909 0.31729 0.17544 0.06352 0.00576 0.00757 0.01998 0.00988 0.07154 0.01451 0.01507 0.00690 0.01243 0.09535 0.14158 0.28688 0.12513 0.35236
-9999 -9999 -9999 -9999 -9999 -9999 -9999 -9999 -9999 -9999 -9999 -9999 -9999 -9999 -9999 -9999 -9999 -9999 -9999 -9999 -9999 -9999 -9999 -9999 -9999 -9999 -9999 -9999 -9999 -9999 -9999 -9999 -9999 0.34421 0.40847 0.08319 0.09446 0.11059 0.16818 0.27975 0.32058 0.48195 2.41587 1.17510 0.59422 0.59512 0.66068 0.58237 1.03505 1.31105 1.55906 1.99356 1.89009 1.28142 0.68652 0.93005 0.75937 0.07770 0.03454 0.01190 0.01162 0.00627 0.00309 0.00565 0.01237 0.02339 0.02761 0.03637 0.08839 0.13356 0.08698 0.20875 0.24584
-9999 -9999 -9999 -9999 -9999 -9999 -9999 -9999 -9999 -9999 -9999 -9999 -9999 -9999 -9999 -9999 -9999 -9999 -9999 -9999 -9999 -9999 -9999 -9999 -9999 -9999 -9999 -9999 -9999 -9999 -9999 0.43397 0.13136 0.08158 0.08999 0.04234 0.06493 0.10254 0.14168 0.31393 0.39166 0.34362 1.03087 0.50429 0.59480 0.71052 0.58249 0.38123 1.11887 1.46700 1.37595 1.85938 1.83107 1.07880 1.23937 1.00627 0.18693 0.18138 0.20393 0.03148 0.01911 0.03750 0.03838 0.00600 0.01334 0.06161 0.04796 0.00885 0.00757 0.10805 0.28678 0.53762 0.09456
-9999 -9999 -9999 -9999 -9999 -9999 -9999 -9999 -9999 -9999 -9999 -9999 -9999 -9999 -9999 -9999 -9999 -9999 -9999 -9999 -9999 -9999 -9999 -9999 -9999 -9999 -9999 -9999 -9999 0.07486 0.03562 0.14928 0.16453 0.10898 0.13043 0.07456 0.09887 0.07092 0.14253 0.30675 0.80592 2.20490 0.49825 0.55759 0.58111 0.77755 0.82574 0.61021 1.49081 1.61674 1.34343 2.07156 1.60665 0.91344 1.41693 0.84776 0.06926 0.15164 0.03812 0.00104 0.00856 0.03732 0.05279 0.00927 0.01527 0.03551 0.13098 0.22031 0.26377 0.31133 0.23610 0.90075 1.47547
-9999 -9999 -9999 -9999 -9999 -9999 -9999 -9999 -9999 -9999 -9999 -9999 -9999 -9999 -9999 -9999 -9999 -9999 -9999 -9999 -9999 -9999 -9999 -9999 0.20002 0.33974 0.32297 0.21109 0.19663 0.14085 0.13207 0.13677 0.16040 0.19716 0.24624 0.21689 0.19998 0.31731 0.41969 0.42266 0.47130 2.26227 0.51456 0.43423 0.40817 0.42904 0.49515 0.89003 1.30316 1.40889 1.48098 2.13825 1.55783 1.26611 0.60338 0.34079 0.16503 0.07725 0.04593 0.02720 0.02157 0.02233 0.02250 0.00761 0.01255 0.01944 0.03316 0.04741 0.03373 0.18860 0.80753 0.72949 1.49582
-9999 -9999 -9999 -9999 -9999 -9999 0.82696 1.02683 1.12422 1.06111 0.98180 -9999 -9999 -9999 -9999 -9999 -9999 -9999 -9999 -9999 -9999 0.21271 0.33366 0.28023 0.25153 0.41432 0.39327 0.26677 0.23761 0.16675 0.13018 0.16189 0.17819 0.22836 0.24773 0.23249 0.32608 0.26220 0.30511 0.33883 0.33058 0.57794 2.41531 0.36051 0.38227 0.39918 0.41483 0.70248 1.04852 1.42633 2.08291 1.68285 1.59370 0.87615 0.35649 0.24293 0.17809 0.08655 0.07241 0.03921 0.02552 0.02714 0.03942 0.06344 0.13484 0.01986 0.01707 0.02573 0.01910 0.07320 0.23482 0.41044 1.06401
-9999 -9999 -9999 -9999 -9999 0.10335 0.13645 0.20890 0.14937 0.11309 0.14144 0.28145 0.24933 0.24519 -9999 -9999 -9999 0.14873 0.18167 0.31231 0.28966 0.35319 0.36160 0.18892 0.55874 0.52714 0.43151 0.32920 0.27319 0.28310 0.32249 0.27543 0.32767 0.35696 0.23057 0.34495 0.46610 0.28567 0.23720 0.28184 0.35360 0.43820 2.42811 2.07683 0.34642 0.55747 0.75690 1.36138 0.81947 1.51622 1.79883 1.31993 1.93184 1.07792 0.73555 0.52230 0.26450 0.09445 0.01313 0.08882 0.02533 0.01291 0.03308 0.01171 0.14788 0.29978 0.14286 0.10973 0.07223 0.10530 0.27026 0.63173 0.67959
-9999 0.30420 0.46141 0.19794 0.26964 0.16193 0.16300 0.18504 0.19705 0.11158 0.11589 0.24369 0.28524 0.26696 0.19605 0.19001 0.16695 0.17978 0.24336 0.17115 0.24846 0.29054 0.26418 0.22352 0.18033 0.34523 0.34538 0.29672 0.27565 0.24586 0.20846 0.16034 0.13794 0.13444 0.18444 0.25594 0.28927 0.17322 0.13847 0.12521 0.12594 0.22209 2.39863 2.02625 0.31257 0.48084 0.42229 0.74282 0.62744 1.08290 1.10987 1.83074 1.75517 1.59165 1.44386 0.92818 0.49045 0.06804 0.05714 0.17546 0.01856 0.10096 0.08502 0.06080 0.25864 0.31728 0.09851 0.26649 0.09570 0.28169 0.73686 1.18806 1.25805
-9999 0.48422 0.41858 0.29146 0.25659 0.26204 0.18146 0.26686 0.22110 0.27142 0.27491 0.15317 0.20352 0.17892 0.23561 0.29422 0.42493 0.30794 0.30551 0.33472 0.43835 0.40445 0.67248 0.47227 0.36177 0.31446 0.27239 0.20052 0.17495 0.16926 0.10854 0.24160 0.28057 0.32757 0.39839 0.16388 0.16919 0.21651 0.19100 0.30139 0.37279 0.41304 0.58133 2.75568 2.33790 0.25126 0.24026 0.32019 0.51959 1.05034 1.48081 1.62573 2.00195 2.27449 2.22720 1.74237 1.07781 0.64248 0.59694 0.14977 0.28721 0.23608 0.26981 0.17102 0.29576 0.43019 0.44465 0.55158 0.47627 0.69276 0.61752 1.22971 1.55742
-9999 -9999 -9999 0.67248 0.76737 0.68643 0.54681 0.61905 0.58621 0.54778 0.31663 0.20032 0.14649 0.16020 0.16278 0.27757 0.44025 0.37670 0.34615 0.34761 0.90434 0.76608 0.83019 0.62953 0.43274 0.37673 0.30435 0.17682 0.15887 0.19529 0.23741 0.33077 0.35278 0.51143 0.52554 2.37434 0.19262 0.29465 0.39824 0.55519 0.38982 1.95055 1.36272 1.79257 2.64034 2.19611 2.20281 0.35314 0.38078 0.64489 0.55339 1.17924 1.85286 2.03443 1.76289 1.97203 1.56828 0.99680 1.35175 0.47318 0.56572 0.54787 0.81600 0.53463 0.42450 0.34322 0.20873 0.32694 0.61854 1.07610 1.17227 1.17121 1.38278
-9999 -9999 -9999 -9999 -9999 -9999 0.56222 0.70707 0.68460 0.31842 0.25427 0.41289 0.40134 0.44455 0.36625 0.36634 0.36282 0.77016 0.71778 0.71594 0.95779 0.95882 0.80542 0.55083 0.48059 0.61449 0.45403 0.48435 2.51995 0.26485 0.19272 0.39127 2.37084 1.18119 2.03515 1.40849 2.35847 2.34486 1.19546 1.02884 0.78304 1.11358 1.20152 1.27695 1.79047 1.58010 2.65948 2.45658 2.23035 2.04571 1.82748 2.25270 2.24800 1.23546 1.64492 1.91848 1.11936 1.33900 1.50666 1.50994 0.78434 0.95312 0.77127 0.79464 1.06644 1.15113 0.42912 0.46895 0.87607 1.03358 1.72384 1.42523 1.42260
-9999 -9999 -9999 -9999 -9999 -9999 0.37114 0.51049 0.37520 0.60741 0.52295 0.35383 0.35971 0.40903 0.50426 0.87060 1.01211 0.98675 0.94594 0.80405 0.80565 0.84552 0.80666 0.70994 0.63099 0.57286 0.49965 0.66271 1.68690 1.58283 1.82138 1.85631 1.91129 1.61535 1.76199 1.70880 2.23258 2.16419 1.98186 0.99314 1.57530 1.86050 1.47856 1.44298 1.42187 1.63212 2.06799 1.98886 1.59010 2.59460 2.46186 2.19889 2.22301 1.80758 1.41610 0.76663 1.02872 1.35452 1.28155 1.37938 1.48682 1.24044 1.13445 1.26012 1.21671 0.69850 0.35427 0.41079 0.62105 0.81060 1.82821 1.60148 1.70397
-9999 -9999 -9999 -9999 -9999 -9999 -9999 -9999 -9999 -9999 0.35500 0.44448 0.44021 0.55794 0.49514 0.90288 0.95047 0.99696 1.17548 0.90013 0.89923 0.94875 1.08492 0.95742 0.93300 1.03543 0.99823 0.85645 0.76642 2.79005 2.60571 2.46563 2.55039 1.77614 1.60203 1.59422 1.42187 1.29366 1.12242 1.25109 2.56653 2.42800 0.35801 2.97607 2.74218 2.79508 2.88853 2.58935 1.91890 1.84539 1.65741 1.39963 1.23912 1.97855 1.76275 1.82604 1.67248 0.79132 1.02226 1.76551 0.85395 1.35913 1.37975 0.74255 0.89688 0.65712 0.63884 0.42331 0.54445 0.67783 1.57958 2.26467 2.41632
-9999 -9999 -9999 -9999 -9999 -9999 -9999 -9999 -9999 -9999 0.39634 0.26255 0.36355 0.45271 0.68962 1.34467 1.25412 1.35093 1.37147 1.14630 1.23462 1.42667 1.39356 1.20613 1.19231 1.16965 1.09912 0.98471 0.85270 2.66197 2.67735 2.50793 2.72437 2.10642 2.53542 2.57175 2.20787 0.19096 0.12350 0.21341 0.20933 0.26456 0.24983 0.47521 0.50165 0.67509 0.78595 0.75098 0.76158 2.61866 1.70940 1.37298 1.27249 1.05975 1.68808 0.77821 0.73950 0.91734 0.74533 0.73080 0.63876 0.48549 0.54527 1.72826 1.52240 1.71370 1.63901 0.33706 0.45402 0.74167 2.33129 1.74007 2.24652
-9999 -9999 -9999 -9999 -9999 -9999 -9999 -9999 -9999 -9999 -9999 -9999 0.44452 0.41645 0.67128 1.09994 1.38846 1.40050 1.31320 1.55658 1.45350 1.71182 1.75815 1.67049 1.36687 1.06697 1.04921 1.10754 0.93629 0.83223 2.76432 2.53269 2.52268 0.66848 0.60849 0.38050 0.30551 0.42259 0.32362 0.26999 0.27861 0.34156 0.40834 0.50038 0.56754 0.56909 0.71328 0.65399 0.73008 0.75970 2.45344 2.30364 1.27207 1.89044 1.20374 0.50600 0.39720 1.02902 0.95455 0.75321 0.66098 0.54830 0.64132 1.78128 1.02933 1.12231 2.27164 0.49819 0.75062 0.55998 1.51674 2.43614 2.54751
-9999 -9999 -9999 -9999 -9999 -9999 -9999 -9999 -9999 -9999 -9999 -9999 0.50018 0.52213 0.69308 1.08501 1.23801 1.65835 1.68630 1.63587 2.01528 1.62566 1.89200 1.74895 1.32035 1.14535 1.17424 1.28257 0.93936 0.93312 0.71498 0.87614 0.92711 0.73726 0.55704 0.39526 0.31077 0.53793 0.41319 0.34523 0.39504 0.34797 0.37539 0.54130 0.62845 2.62782 2.68864 3.16068 1.88132 1.70582 2.92864 2.28984 1.83842 1.72761 1.35571 0.34395 0.59240 1.05432 0.97383 0.65028 0.67572 0.57157 0.95268 0.80633 1.16404 2.47480 2.54404 2.72698 2.22344 2.27059 1.71841 2.10493 2.56345
-9999 -9999 -9999 -9999 -9999 -9999 -9999 -9999 -9999 -9999 -9999 0.49802 0.30571 0.37629 0.55876 0.92539 0.64741 0.66927 0.70203 0.56665 0.82820 1.15334 1.62832 1.24579 0.96358 0.56924 0.74000 0.94951 0.71203 0.59210 0.43242 0.52397 0.48776 0.58181 0.51800 0.21658 0.20768 0.38936 0.36858 0.50192 0.52934 0.38489 0.43971 0.63719 0.54978 0.58127 0.69728 2.46535 2.51923 1.79558 1.87216 1.79798 1.65583 1.07281 0.38383 0.74832 1.05768 1.21101 1.06758 1.01050 1.34123 1.11875 1.39218 1.47310 1.55834 2.01344 2.14420 2.20431 2.18351 1.83815 2.67473 2.94251 2.80796
-9999 -9999 -9999 -9999 -9999 -9999 -9999 -9999 -9999 -9999 -9999 0.28561 0.55695 0.49644 0.68996 0.92388 0.66932 0.55302 0.79405 0.64957 0.93996 1.62801 1.50724 1.40549 1.26973 0.94150 0.95110 0.81524 0.63592 0.64944 0.48363 0.33825 0.33120 0.43412 0.54425 0.38685 0.36487 0.55443 0.59080 0.63143 0.65197 0.55086 2.30332 2.71780 2.85340 2.88829 2.92199 1.31802 0.73602 0.61246 0.86724 1.04852 0.88405 0.77812 0.76322 2.18488 2.22602 2.30064 2.51920 1.76056 1.23219 1.83229 1.71020 1.29822 1.58908 2.51910 1.87917 2.46085 2.39531 2.72721 2.21488 2.80225 2.84509
