data/hydroclimate-scenarios/BCSD_hadcm_B1/monthly_summaries/baseflow_monthly_tot_nov.2030-2059.asc
ncols	311
nrows	91
xllcenter	102.75
yllcenter	31.75
cellsize	0.5
NODATA_value	-9999
[rows 0 to 31 of 91, columns 216 to 287 of 311]
-9999 -9999 -9999 -9999 -9999 -9999 -9999 -9999 -9999 -9999 -9999 -9999 -9999 -9999 -9999 -9999 -9999 -9999 -9999 -9999 -9999 -9999 -9999 -9999 -9999 -9999 -9999 -9999 -9999 -9999 -9999 -9999 -9999 -9999 -9999 -9999 -9999 -9999 -9999 -9999 -9999 -9999 -9999 -9999 -9999 -9999 -9999 -9999 -9999 -9999 -9999 -9999 -9999 -9999 -9999 -9999 -9999 -9999 -9999 -9999 -9999 -9999 -9999 -9999 -9999 -9999 -9999 -9999 -9999 -9999 -9999 -9999
-9999 -9999 -9999 -9999 -9999 -9999 -9999 -9999 -9999 -9999 -9999 -9999 -9999 -9999 -9999 -9999 -9999 -9999 -9999 -9999 -9999 -9999 -9999 -9999 -9999 -9999 -9999 -9999 -9999 -9999 -9999 -9999 -9999 -9999 -9999 -9999 -9999 -9999 -9999 -9999 -9999 -9999 -9999 -9999 -9999 -9999 -9999 -9999 -9999 -9999 -9999 -9999 -9999 -9999 -9999 -9999 -9999 -9999 -9999 -9999 -9999 -9999 -9999 -9999 -9999 -9999 -9999 -9999 -9999 -9999 -9999 -9999
-9999 -9999 -9999 -9999 -9999 -9999 -9999 -9999 -9999 -9999 -9999 -9999 -9999 -9999 -9999 -9999 -9999 -9999 -9999 -9999 -9999 -9999 -9999 -9999 -9999 -9999 -9999 -9999 -9999 -9999 -9999 -9999 -9999 -9999 -9999 -9999 -9999 -9999 -9999 -9999 -9999 -9999 -9999 -9999 -9999 -9999 -9999 -9999 -9999 -9999 -9999 -9999 -9999 -9999 -9999 -9999 -9999 -9999 -9999 -9999 -9999 -9999 -9999 -9999 -9999 -9999 -9999 -9999 -9999 -9999 -9999 -9999
-9999 -9999 -9999 -9999 -9999 -9999 -9999 -9999 -9999 -9999 -9999 -9999 -9999 -9999 -9999 -9999 -9999 -9999 -9999 -9999 -9999 -9999 -9999 -9999 -9999 -9999 -9999 -9999 -9999 -9999 -9999 -9999 -9999 -9999 -9999 -9999 -9999 -9999 -9999 -9999 -9999 -9999 -9999 -9999 -9999 -9999 -9999 -9999 -9999 -9999 -9999 -9999 -9999 -9999 -9999 -9999 -9999 -9999 -9999 -9999 -9999 -9999 -9999 -9999 -9999 -9999 -9999 -9999 -9999 -9999 -9999 -9999
-9999 -9999 -9999 -9999 -9999 -9999 -9999 -9999 -9999 -9999 -9999 -9999 -9999 -9999 -9999 -9999 -9999 -9999 -9999 -9999 -9999 -9999 -9999 -9999 -9999 -9999 -9999 -9999 -9999 -9999 -9999 -9999 -9999 -9999 -9999 -9999 -9999 -9999 -9999 -9999 -9999 -9999 -9999 -9999 -9999 -9999 -9999 -9999 -9999 -9999 -9999 -9999 -9999 -9999 -9999 -9999 -9999 -9999 -9999 -9999 -9999 -9999 -9999 -9999 -9999 -9999 -9999 -9999 -9999 -9999 -9999 -9999
-9999 -9999 -9999 -9999 -9999 -9999 -9999 -9999 -9999 -9999 -9999 -9999 -9999 -9999 -9999 -9999 -9999 -9999 -9999 -9999 -9999 -9999 -9999 -9999 -9999 -9999 -9999 -9999 -9999 -9999 -9999 -9999 -9999 -9999 -9999 -9999 -9999 -9999 -9999 -9999 -9999 -9999 -9999 -9999 -9999 -9999 -9999 -9999 -9999 -9999 -9999 -9999 -9999 -9999 -9999 -9999 -9999 -9999 -9999 -9999 -9999 -9999 -9999 -9999 -9999 -9999 -9999 -9999 -9999 -9999 -9999 -9999
-9999 -9999 -9999 -9999 -9999 -9999 -9999 -9999 -9999 -9999 -9999 -9999 -9999 -9999 -9999 -9999 -9999 -9999 -9999 -9999 -9999 -9999 -9999 -9999 -9999 -9999 -9999 -9999 -9999 -9999 -9999 -9999 -9999 -9999 -9999 -9999 -9999 -9999 -9999 -9999 -9999 -9999 -9999 -9999 -9999 -9999 -9999 -9999 -9999 -9999 -9999 -9999 -9999 -9999 -9999 -9999 -9999 -9999 -9999 -9999 -9999 -9999 -9999 -9999 -9999 -9999 -9999 -9999 -9999 -9999 -9999 -9999
-9999 -9999 -9999 -9999 -9999 -9999 -9999 -9999 -9999 -9999 -9999 -9999 -9999 -9999 -9999 -9999 -9999 -9999 -9999 -9999 -9999 -9999 -9999 -9999 -9999 -9999 -9999 -9999 -9999 -9999 -9999 -9999 -9999 -9999 -9999 -9999 -9999 -9999 -9999 -9999 -9999 -9999 -9999 -9999 -9999 -9999 -9999 -9999 -9999 -9999 -9999 -9999 -9999 -9999 -9999 -9999 -9999 -9999 -9999 -9999 -9999 -9999 -9999 -9999 -9999 -9999 -9999 -9999 -9999 -9999 -9999 -9999
-9999 -9999 -9999 -9999 -9999 -9999 -9999 -9999 -9999 -9999 -9999 -9999 -9999 -9999 -9999 -9999 -9999 -9999 -9999 -9999 -9999 -9999 -9999 -9999 -9999 -9999 -9999 -9999 -9999 -9999 -9999 -9999 -9999 -9999 -9999 -9999 -9999 -9999 -9999 -9999 -9999 -9999 -9999 -9999 -9999 -9999 -9999 -9999 -9999 -9999 -9999 -9999 -9999 -9999 -9999 -9999 -9999 -9999 -9999 -9999 -9999 -9999 -9999 -9999 -9999 -9999 -9999 -9999 -9999 -9999 -9999 -9999
-9999 -9999 -9999 -9999 -9999 -9999 -9999 -9999 -9999 -9999 -9999 -9999 -9999 -9999 -9999 -9999 -9999 -9999 -9999 -9999 -9999 -9999 -9999 -9999 -9999 -9999 -9999 -9999 -9999 -9999 -9999 -9999 -9999 -9999 -9999 -9999 -9999 -9999 -9999 -9999 -9999 -9999 -9999 -9999 -9999 -9999 -9999 -9999 -9999 -9999 -9999 -9999 -9999 -9999 -9999 -9999 -9999 -9999 -9999 -9999 -9999 -9999 -9999 -9999 -9999 -9999 -9999 -9999 -9999 -9999 -9999 -9999
-9999 -9999 -9999 -9999 -9999 -9999 -9999 -9999 -9999 -9999 -9999 -9999 -9999 -9999 -9999 -9999 -9999 -9999 -9999 -9999 -9999 -9999 -9999 -9999 -9999 -9999 -9999 -9999 -9999 -9999 -9999 -9999 -9999 -9999 -9999 -9999 -9999 -9999 -9999 -9999 -9999 -9999 -9999 -9999 -9999 -9999 -9999 -9999 -9999 -9999 -9999 -9999 -9999 -9999 -9999 -9999 -9999 -9999 -9999 -9999 -9999 -9999 -9999 -9999 -9999 -9999 -9999 -9999 -9999 -9999 -9999 -9999
-9999 -9999 -9999 -9999 -9999 -9999 -9999 -9999 -9999 -9999 -9999 -9999 -9999 -9999 -9999 -9999 -9999 -9999 -9999 -9999 -9999 -9999 -9999 -9999 -9999 -9999 -9999 -9999 -9999 -9999 -9999 -9999 -9999 -9999 -9999 -9999 -9999 -9999 -9999 -9999 -9999 -9999 -9999 -9999 -9999 -9999 -9999 -9999 -9999 -9999 -9999 -9999 -9999 -9999 -9999 -9999 -9999 -9999 -9999 -9999 -9999 -9999 -9999 -9999 -9999 -9999 -9999 -9999 -9999 -9999 -9999 -9999
-9999 -9999 -9999 -9999 -9999 -9999 -9999 -9999 -9999 -9999 -9999 -9999 -9999 -9999 -9999 -9999 -9999 -9999 -9999 -9999 -9999 -9999 -9999 -9999 -9999 -9999 -9999 -9999 -9999 -9999 -9999 -9999 -9999 -9999 -9999 -9999 -9999 -9999 -9999 -9999 -9999 -9999 -9999 -9999 -9999 -9999 -9999 -9999 -9999 -9999 -9999 -9999 -9999 -9999 -9999 -9999 -9999 -9999 -9999 -9999 -9999 -9999 -9999 -9999 -9999 -9999 -9999 -9999 -9999 -9999 -9999 -9999
0.46153 0.40194 0.42971 -9999 -9999 -9999 -9999 -9999 -9999 -9999 -9999 -9999 -9999 -9999 -9999 -9999 -9999 -9999 -9999 -9999 -9999 -9999 -9999 -9999 -9999 -9999 -9999 -9999 -9999 -9999 -9999 -9999 -9999 -9999 -9999 -9999 -9999 -9999 -9999 -9999 -9999 -9999 -9999 -9999 0.17894 -9999 -9999 -9999 -9999 -9999 -9999 -9999 -9999 -9999 -9999 -9999 -9999 -9999 -9999 -9999 -9999 -9999 -9999 -9999 -9999 -9999 -9999 -9999 -9999 -9999 -9999 -9999
0.13147 0.24671 0.27006 0.12652 0.16206 0.21187 0.36813 0.66608 1.20217 1.08572 1.05061 1.06848 1.02076 1.02957 0.76690 10.24030 -9999 -9999 -9999 -9999 -9999 -9999 -9999 -9999 -9999 -9999 -9999 -9999 -9999 -9999 -9999 -9999 -9999 -9999 -9999 -9999 -9999 -9999 -9999 0.01810 0.00647 0.00014 0.00384 0.04930 0.04618 0.10661 -9999 -9999 -9999 0.97743 -9999 -9999 -9999 1.25436 1.87455 2.61829 -9999 -9999 -9999 -9999 -9999 -9999 -9999 -9999 -9999 -9999 -9999 -9999 -9999 -9999 -9999 -9999
0.03653 0.14024 0.18608 0.25912 0.26493 0.46340 0.85454 0.86591 2.47666 2.55687 3.70358 4.30015 3.52971 2.85712 2.60655 1.06414 0.82977 0.68149 0.95278 1.18427 1.59980 0.69473 -9999 -9999 -9999 -9999 -9999 0.07203 0.01931 0.04402 0.13058 0.15459 0.13001 0.03658 0.00370 0.00433 0.00259 0.00212 0.00287 0.00032 0.00048 0.00227 0.00338 0.16867 0.32545 0.30242 0.57778 0.39785 0.51900 0.96836 1.34793 1.23948 1.29227 1.51470 1.84892 3.26721 3.31157 3.02410 2.63173 1.69216 1.37105 -9999 -9999 -9999 -9999 -9999 -9999 -9999 -9999 -9999 -9999 -9999
1.60137 1.12012 1.53087 2.18059 3.79680 4.35007 4.02108 4.01529 4.42250 2.52296 4.76108 3.27587 3.76223 1.53925 1.13654 0.63898 0.51154 0.94582 0.75814 1.93833 1.27611 0.91045 0.98054 0.75328 0.72410 0.41119 0.23788 0.01704 0.04927 0.03845 0.05462 0.04025 0.03190 0.00952 0.00754 0.00754 0.00619 0.00910 0.00970 0.01024 0.01418 0.01147 0.01150 0.04212 0.06797 0.18316 0.29469 0.36098 0.55007 0.77527 0.94313 1.17084 1.19155 1.56157 1.82867 2.09808 2.04565 2.16915 2.26310 1.53659 1.89472 1.57810 1.32079 1.27733 1.23876 1.52874 1.80351 1.59233 1.20855 -9999 -9999 -9999
4.41742 4.40665 5.82122 3.42079 1.87918 1.51204 0.48484 0.15605 0.11580 0.33890 0.15161 0.04709 0.02830 0.09440 0.09764 0.71149 0.61917 0.59813 0.78972 1.44062 2.56624 0.39981 0.62931 1.60127 0.48601 0.49936 0.34619 0.15701 0.09475 0.05212 0.06390 0.04586 0.03140 0.01373 0.01449 0.01157 0.00974 0.01244 0.01385 0.01272 0.01039 0.01000 0.01070 0.01174 0.02152 0.07865 0.11996 0.12632 0.22884 0.45276 0.75496 0.86952 0.93195 1.30953 1.29003 1.59790 1.47718 1.81254 1.86791 1.18201 1.27798 0.89096 0.95179 1.21416 1.44108 2.19974 2.50462 2.54661 1.72278 -9999 0.98503 -9999
2.81209 3.13761 0.58809 0.29332 0.03032 0.01268 0.02168 0.06714 0.07634 0.00602 0.02816 0.01055 0.05503 0.09693 0.06453 0.35982 0.22419 0.61120 1.11575 2.36253 1.49488 0.41673 0.40357 0.55117 0.54310 0.41189 0.30628 0.27950 0.32832 0.07719 0.02242 0.00911 0.00832 0.00845 0.00895 0.00860 0.00871 0.01002 0.01124 0.00959 0.01113 0.01113 0.01756 0.02651 0.02393 0.05010 0.08685 0.15479 0.23099 0.27915 0.32848 0.37686 0.48724 0.53669 0.65068 0.60363 0.55767 0.53242 0.56666 1.12429 1.15527 1.16525 1.37626 0.64184 0.82990 1.09066 1.16865 2.14660 2.98695 2.37951 -9999 -9999
2.98770 1.64333 1.09629 0.15610 0.21075 0.06854 0.01307 0.00886 0.00377 0.00671 0.00349 0.02556 0.03153 0.03580 0.04816 1.56779 1.36067 0.60578 1.11553 0.43126 0.67301 0.22987 0.21528 0.11931 0.06208 0.31398 0.18457 0.05836 0.09983 0.24529 0.13804 1.07495 0.87256 1.30925 1.29609 1.42465 1.55484 1.33564 1.27885 1.18995 1.18886 1.03060 1.22942 1.16680 1.26541 1.43504 1.62392 1.81848 0.22274 0.33410 0.41223 0.06436 0.07834 0.10910 0.17732 0.38841 0.59030 0.45648 2.62629 2.56378 2.56769 2.93671 3.30458 3.82819 0.51600 0.70518 2.53688 2.98294 1.95907 2.70264 1.34801 -9999
4.84719 1.00688 0.24072 0.06973 0.02634 0.00137 0.00053 0.00246 0.00246 0.00081 0.00070 0.00317 0.02198 0.03541 0.04868 0.23829 0.08262 0.03258 0.06214 0.09545 0.07280 0.01917 0.13885 0.04331 0.04717 0.03713 0.04134 0.02954 0.04789 0.24383 0.19151 0.08696 0.00792 0.00421 0.00551 0.09036 0.08774 2.00654 1.71148 1.15663 1.02499 0.98950 1.10231 1.04742 1.05926 1.17391 1.26130 1.47786 1.51044 1.54879 1.61599 1.53358 1.57572 1.52359 1.46990 1.55773 1.42212 0.28263 2.37528 2.34524 2.74984 2.90327 3.14390 0.49621 0.69210 0.84189 1.18842 1.47680 1.69050 2.04843 2.04717 1.61234
0.00550 0.00601 0.00594 0.00247 0.00405 0.00250 0.00125 0.00204 0.00122 0.00034 0.00036 0.00473 0.00438 0.00491 0.00656 0.42588 0.22119 0.00714 0.00587 0.00195 0.00311 0.00175 0.06882 0.01991 0.02436 0.02641 0.02897 0.04499 0.03623 0.06556 0.21699 0.25271 0.12665 0.07684 0.03707 0.27418 0.32260 0.28550 0.21418 1.06857 1.01844 1.26006 0.11810 0.05490 0.06642 1.21804 1.55608 1.86910 1.44873 1.43733 1.52625 1.67546 1.68438 1.43612 1.42787 1.26498 1.61489 3.53906 1.97548 2.16967 2.40558 2.32816 1.73699 0.16744 0.32050 0.34326 0.73437 0.83336 0.90338 0.88896 0.93448 1.66291
0.05670 0.40543 2.53763 7.70669 8.10612 4.52174 1.41497 0.69472 0.23765 0.01567 0.00081 0.00870 0.01482 0.09970 0.02480 0.38682 0.44622 0.00114 0.00016 0.00000 0.00010 0.00000 0.00789 0.01863 0.03238 0.02483 0.09091 0.00490 0.03358 0.01080 0.00493 0.06065 0.03937 0.04618 0.04919 0.08079 0.01581 0.00906 0.00939 0.17446 0.14401 1.67941 1.76733 1.17852 1.10988 1.52175 1.64532 0.10683 0.12511 1.67675 2.17352 1.39295 1.25152 1.35489 1.95424 1.91440 2.84112 3.31239 1.43624 1.61360 1.57560 1.42684 1.26657 0.15414 0.18614 0.19412 0.30706 1.29318 1.44439 1.13573 1.16607 1.78949
1.89508 0.89652 2.95898 7.01368 6.93585 4.43801 3.86242 4.05393 3.91776 3.37653 2.49865 1.42064 0.26497 0.03790 0.01057 0.72454 0.73520 0.03319 0.00029 0.00010 0.00014 0.00010 0.00010 0.00395 0.00894 0.01397 0.02399 0.07351 0.02268 0.03194 0.03289 0.06852 0.07520 0.08157 0.12923 0.07315 0.07618 0.15245 0.16959 0.20169 0.27002 0.39491 0.47548 0.30872 0.34590 0.75817 2.98892 2.34130 2.22700 1.41659 0.06703 1.12201 1.23432 1.42418 3.20375 2.13432 1.95246 1.59956 1.23169 1.22608 1.30469 1.14907 1.29849 0.15115 0.15488 0.10559 0.16403 0.55934 1.05026 1.14569 1.29618 1.67496
1.38726 1.00890 0.61965 0.16129 0.38194 2.96446 2.54775 3.11322 3.04279 4.84669 3.98819 2.79808 1.78523 0.43735 0.00755 0.01596 0.67596 1.16627 0.31922 0.22307 0.24644 0.00010 0.00000 0.00020 0.00017 0.00174 0.00558 0.00224 0.09499 0.08245 0.16262 0.11993 0.13401 0.21930 0.25016 0.31209 0.19676 0.65462 0.57721 0.40489 0.40339 0.69954 0.68887 0.58493 0.61384 0.42115 0.40654 0.44493 0.40161 1.65319 1.06284 0.04607 0.70275 0.95248 1.17641 1.07288 1.03347 0.92027 0.87295 0.94711 0.70843 0.98443 1.16653 1.00026 0.09379 0.20044 0.25613 0.35741 0.50603 1.33741 1.99396 1.82915
0.44644 1.79880 1.16329 1.83992 1.92652 1.56129 0.65092 1.05724 1.83842 2.97281 5.16800 5.72161 0.40167 0.02693 0.00798 0.01157 0.00484 0.00307 0.04800 0.00010 0.00266 0.00551 0.18504 0.00050 0.00000 0.00082 0.00446 0.00384 0.00943 0.00419 0.00897 0.00278 0.01216 0.04180 0.07051 0.16279 0.69995 0.48006 0.64318 0.45208 0.56420 0.52928 0.76832 0.66805 0.38885 0.41368 0.38252 0.48864 0.43409 0.19045 1.64192 0.67400 0.04417 1.12753 0.79697 0.88129 0.91115 0.71179 0.72627 0.82978 0.59331 0.63720 0.76614 0.84830 0.85357 1.00410 0.12610 0.17083 0.28180 0.62905 1.07207 1.05408
8.60724 5.73867 16.03540 16.01920 15.46920 14.57960 15.43760 16.17820 15.97090 10.21450 1.91945 1.74066 0.21378 0.03915 0.00344 0.06551 0.00185 0.00905 0.00389 0.00357 0.01509 0.00565 0.01150 0.03939 0.04269 0.06730 0.10317 0.09208 0.04172 0.03759 0.04283 0.04942 0.07341 0.07157 0.13328 0.28790 0.56514 0.94715 0.96122 0.97936 1.41991 0.99759 0.92952 0.68135 0.77633 0.38855 0.23642 0.31831 0.34606 0.13273 0.12266 1.23656 0.09209 1.09255 1.18791 1.37501 1.39635 0.91066 0.93802 0.99247 0.89010 1.01566 1.09935 1.23646 1.08031 0.87932 0.96318 0.09079 0.18042 0.33153 0.46455 0.33612
15.27680 17.05930 16.77490 16.48400 18.29460 14.31130 14.53090 15.93980 12.67090 30.13910 28.19590 23.87340 2.43507 0.02255 0.01405 5.12146 2.22944 0.30098 0.36335 0.07979 0.14148 0.00674 0.01447 0.02101 0.05612 0.05179 0.06994 0.05513 0.00654 0.00256 0.00707 0.00267 0.01896 0.09595 0.22805 0.36151 0.60129 0.81079 1.46013 1.42437 1.36167 1.11889 1.68354 2.25248 1.76262 0.53474 0.52955 0.61325 0.31935 0.26667 0.18724 1.67968 0.10722 0.09210 1.16809 1.61315 1.55230 1.04216 1.29208 1.43689 1.14087 1.04643 0.96059 0.83210 1.02018 0.96584 1.02812 0.93607 0.93972 1.84684 0.27469 0.26515
17.54620 15.37410 14.19690 14.80800 7.43278 5.01074 5.30812 6.49598 7.07906 3.99167 12.20640 11.17170 12.72090 5.63966 0.04919 16.28320 13.10770 8.13732 2.97141 1.24916 0.23142 0.00015 0.00000 0.01104 0.02345 0.01851 0.03762 0.04772 0.01056 0.00438 0.00032 0.00007 0.00263 0.08624 0.21097 0.41976 0.75627 1.20649 1.65102 1.71557 2.33258 2.64553 3.27969 4.30456 3.86581 2.36744 2.42535 1.44366 1.16775 0.67504 0.45342 2.53550 0.28144 0.12232 1.45641 1.73893 1.56832 0.07854 0.06899 0.08610 0.07427 0.07372 1.11458 0.77543 0.62969 0.62210 0.97968 1.48878 2.11192 1.22726 1.15557 1.96349
19.69980 17.16040 14.99200 13.08030 7.35791 1.43122 1.38933 0.84429 1.13799 21.27170 30.74480 30.79690 27.03140 25.91630 14.13370 17.37410 13.05480 15.28450 35.65630 22.49110 3.14649 0.06676 0.00643 0.00207 0.00000 0.00285 0.02088 0.01049 0.00041 0.00104 0.00574 0.00049 0.00896 0.15426 0.25316 0.43840 0.86322 1.63529 2.40194 2.46010 4.50716 3.70342 5.64896 6.11445 5.44366 3.87247 2.99522 2.38735 1.18838 0.85758 1.19935 0.64149 0.74879 3.38534 2.64901 2.57318 2.40902 1.63564 1.09592 1.04487 1.11370 0.11013 0.10127 1.06754 1.04725 1.57297 1.75089 2.23011 2.61608 2.11949 0.95944 2.22240
24.81210 18.31260 13.36700 17.39760 18.21490 17.41770 14.58120 7.24607 1.86554 11.62080 34.35070 60.61800 49.03410 56.97020 48.10660 28.86330 28.75740 25.60290 34.26150 25.06160 4.78146 0.48652 0.10604 0.04993 0.09283 0.02176 0.04620 0.01626 0.00485 0.00226 0.00066 0.06258 0.15663 0.17281 0.36538 0.70312 1.21648 1.83094 4.10194 7.66939 7.08463 7.13686 10.37650 8.58144 5.85585 4.81728 4.59364 3.05370 2.32638 1.23761 1.35192 1.65086 1.11819 4.14384 2.60245 2.30880 1.80459 2.15632 2.40019 1.95043 1.45925 1.33617 1.23420 1.51106 1.80865 2.65611 3.36155 3.54355 3.04449 1.60514 3.72733 1.15205
27.30270 39.25280 45.92570 -9999 42.72810 46.50160 32.07730 26.37510 21.81250 39.64550 34.35930 36.13410 36.79790 27.88380 49.40030 55.15440 46.21480 40.89020 31.26540 41.02970 30.16000 13.74160 2.40194 2.10628 0.86434 0.74373 0.30346 0.21356 0.07366 0.00653 0.01111 0.08306 0.11974 0.37043 0.48070 0.64242 1.43651 2.45851 2.01122 12.75920 9.36615 6.80622 7.83914 7.33575 6.28800 6.42231 6.42388 5.99041 4.37496 3.10039 2.21299 2.65640 2.18168 2.26479 1.70569 1.55012 1.48156 1.32836 0.99297 0.88094 0.64606 0.53261 0.39452 0.38381 0.73014 1.33351 2.55747 1.96767 3.70257 3.66272 2.91339 3.32049
