data/hydroclimate-scenarios/BCSD_hadcm_B1/monthly_summaries/baseflow_monthly_tot_sep.2070-2099.asc
ncols	311
nrows	91
xllcenter	102.75
yllcenter	31.75
cellsize	0.5
NODATA_value	-9999
[rows 32 to 63 of 91, columns 0 to 72 of 311]
-9999 -9999 -9999 -9999 -9999 -9999 -9999 -9999 -9999 -9999 -9999 0.00019 0.00041 0.07774 0.01027 0.00383 0.00284 0.00766 0.01101 0.01553 0.03938 0.02968 0.02962 0.01311 0.70889 0.44988 0.52466 0.78779 0.62998 0.00113 0.00118 0.00451 0.00780 0.01972 0.04323 0.00295 0.00387 0.00963 0.03860 0.02932 0.03421 0.01484 0.02500 0.04294 0.04181 0.05097 0.04640 0.21895 0.24013 0.17904 0.15102 0.24742 0.20546 1.12525 1.06430 0.49514 0.63372 0.79027 0.44128 0.03063 0.03538 0.04447 0.34131 0.62957 0.73212 0.28657 0.58136 1.45294 2.48561 4.67573 3.02816 9.61117 9.84322
-9999 -9999 -9999 -9999 -9999 -9999 -9999 -9999 -9999 -9999 -9999 0.00060 0.00104 0.02447 0.01614 0.00275 0.00159 0.00577 0.00465 0.00888 0.01251 0.02472 0.68394 0.72654 0.98244 0.01728 0.04646 0.00986 0.00295 0.31447 0.33185 0.01952 0.04878 0.04261 0.14329 0.01247 0.28566 0.05018 0.45677 0.78737 0.06535 0.48742 0.06134 0.11478 0.16405 0.15704 0.16455 0.42468 0.40417 0.22725 0.18976 0.25750 0.18566 0.70179 0.14842 0.06815 0.06426 0.08446 0.08292 0.05869 0.05406 1.30518 0.84141 0.03123 1.43028 0.79897 1.01527 2.03923 2.68732 4.68385 2.92905 8.50819 7.79587
-9999 -9999 -9999 -9999 -9999 -9999 -9999 -9999 -9999 -9999 -9999 -9999 0.04037 0.00822 0.00470 0.00809 0.00340 0.00531 0.00368 0.00139 0.30730 0.00826 0.06759 0.01249 0.03927 0.30921 0.19990 0.03888 0.00316 0.00375 0.42386 0.36662 0.36415 0.48829 0.61961 0.68513 0.78924 0.07428 0.48142 1.10652 1.24939 1.19541 1.42990 0.04585 0.05784 0.25838 0.16767 0.29873 0.23345 0.43786 0.26635 0.06248 0.05647 0.04041 0.02023 0.02346 0.01880 0.24868 0.78870 1.78594 1.45285 0.39043 0.41436 0.42291 0.56785 2.47360 1.48984 2.44961 4.93924 6.90673 3.50498 5.06698 6.53222
-9999 -9999 -9999 -9999 -9999 -9999 -9999 -9999 -9999 -9999 -9999 -9999 0.01491 0.00356 0.00243 0.00382 0.00233 0.35332 0.38422 0.00170 0.00256 0.03612 0.04298 0.02052 0.02765 0.04281 0.01075 0.03748 0.00750 0.04354 0.02320 0.67051 0.59198 0.56438 0.82539 0.02569 0.02362 0.02487 0.02150 0.16735 1.99125 0.47604 0.47175 0.24136 0.07183 0.28528 0.27491 0.49802 0.31712 0.89256 0.67174 0.04318 0.01704 0.05156 0.02703 0.26030 1.00049 0.26209 0.01483 1.58000 1.28211 0.13206 0.11854 0.18815 1.07585 1.17205 1.95355 2.25709 4.05341 5.91227 8.29637 7.04052 8.25450
-9999 -9999 -9999 -9999 -9999 -9999 -9999 -9999 -9999 -9999 -9999 -9999 0.00189 0.00324 0.39717 0.33006 0.41449 0.00226 0.01813 0.00680 0.00546 0.03050 0.03159 0.01520 0.01629 0.05137 0.04655 0.23939 0.33942 0.40145 0.28812 0.50168 0.04022 0.09554 0.05337 0.14004 0.22760 0.17112 0.13314 0.29116 0.82714 1.36450 1.23170 0.70887 0.92612 3.90862 2.29876 2.73902 2.35706 1.16039 0.71672 0.20274 0.04702 0.06855 0.08587 0.21047 0.16800 0.07757 0.08333 2.10160 0.36234 0.26151 0.26003 0.02349 0.78567 1.00118 1.52983 2.96871 6.46111 6.77253 8.91705 10.19130 10.19530
-9999 -9999 -9999 0.01265 0.01493 0.00931 0.00511 0.00129 0.00144 -9999 0.00113 0.44361 0.44690 0.00225 0.00243 0.00242 0.00612 0.01290 0.02226 0.00620 0.00873 0.02043 0.03023 0.02671 0.09110 0.09818 0.08456 0.49382 0.78622 1.10760 0.25209 0.11431 0.06563 1.10988 0.47033 0.31121 0.61773 0.45148 0.49867 0.68992 0.99976 1.67493 2.04774 1.22581 1.93369 4.13833 4.86342 4.30850 2.61356 2.66244 3.96174 3.82499 2.93280 2.03073 0.96731 1.27123 1.41140 0.42459 1.12660 1.08684 2.59888 0.84269 1.55332 0.45573 0.27477 0.28891 0.78961 3.45688 6.38752 8.18370 12.48470 15.42170 19.64330
-9999 -9999 -9999 0.01147 0.00706 0.00637 0.00547 0.00587 0.00361 0.27826 0.41024 0.32569 0.00301 0.00414 0.01108 0.00411 0.06410 0.01511 0.02352 0.01344 0.01756 0.02651 0.02620 0.06742 0.31562 0.99916 1.03187 0.76736 0.59336 1.82303 0.42559 0.76157 0.38649 0.95435 1.08583 2.11716 1.26639 0.56828 0.23905 2.40404 2.15883 1.33394 1.94392 3.15790 4.58632 6.01209 5.64204 3.07516 5.75673 7.52582 7.23111 3.44830 3.53040 3.05119 1.46176 1.33280 0.57895 0.74581 1.10717 0.75654 0.67857 1.32005 2.20141 2.91345 2.53065 1.50668 2.02550 2.67717 5.98753 11.35000 19.80190 20.79470 27.00670
-9999 -9999 -9999 0.00577 0.00538 0.00451 0.49997 0.46123 0.40539 0.37389 0.42481 0.38234 0.00326 0.00273 0.00166 0.00050 0.04482 0.11861 0.02601 0.00754 0.02002 0.11365 0.01584 0.66152 0.55380 1.08575 0.75509 1.08965 1.20684 2.54931 3.70368 1.56499 0.97905 1.18725 1.56368 2.15462 1.32922 0.30282 0.53626 3.42120 3.59947 2.58652 2.83243 3.61347 2.98185 3.20494 4.34354 8.70781 8.05002 7.17170 8.41987 3.70523 3.73496 2.80043 1.88439 1.16598 0.65973 1.03899 1.50964 1.06754 2.29639 3.57400 1.57300 3.02727 3.70965 4.66767 5.04480 7.10940 16.82860 22.37220 28.75110 30.09310 31.03290
-9999 -9999 -9999 0.00559 0.00220 0.00385 0.35177 0.50937 0.36742 0.35903 0.37927 0.00079 0.00247 0.00527 0.00096 0.00453 0.02267 0.10461 0.09364 0.11003 0.46834 1.16490 2.49728 1.17255 0.67881 1.30083 0.37085 0.26939 1.45229 4.47331 3.89708 0.24296 0.75369 1.83779 1.62483 2.26745 0.95345 0.30920 0.56138 1.39672 2.23208 5.62847 9.60122 6.48334 3.73552 7.16739 8.95793 7.86349 9.30093 7.84498 9.74227 7.39420 6.77046 7.28939 3.77010 4.01892 2.83367 3.42534 4.21608 6.07506 8.12583 6.26393 4.88305 3.94585 7.48211 10.05110 10.08450 11.71890 19.89180 26.83280 31.31750 34.02130 -9999
-9999 -9999 -9999 0.00339 0.00174 0.00434 0.43397 0.44719 0.51579 0.42706 0.35323 0.27193 0.00617 0.00934 0.06837 0.05508 0.25026 0.31134 0.03743 0.34976 0.75273 0.48277 2.19856 0.48270 0.76856 0.66100 0.09071 0.14154 0.69965 1.06336 1.33504 0.60137 0.72180 0.49543 0.26598 0.31852 0.41456 0.21485 0.24386 1.26853 2.83662 4.35117 6.33858 4.92007 5.37910 6.81983 7.08534 8.36896 10.74380 9.45298 10.56840 8.49060 10.18660 8.87189 5.04896 7.83694 3.99910 3.76327 4.55884 6.59472 7.85571 7.50922 6.89065 13.53680 16.12650 12.21580 14.11560 19.37640 21.84820 25.25460 28.96430 -9999 -9999
-9999 -9999 -9999 -9999 0.57217 0.71740 0.59916 0.80738 0.61962 0.49018 0.51931 0.01159 0.03417 0.06407 -9999 -9999 -9999 -9999 -9999 1.25361 1.63308 0.80609 1.80738 3.35658 1.60116 0.60731 0.62810 0.72003 0.70554 0.36375 0.31865 0.23333 0.18440 0.07435 0.06500 0.04654 0.20238 0.30627 0.36313 0.51375 0.59822 1.58792 3.52605 7.50079 8.10505 6.32804 6.58277 9.99460 8.56408 10.01980 8.71745 7.93586 5.88351 8.63436 7.87370 8.71624 9.07205 8.22386 11.08070 9.40376 9.87166 12.16190 14.73350 12.24450 13.18340 16.71900 14.70170 14.02270 9.41809 -9999 -9999 -9999 -9999
-9999 -9999 0.01681 0.76247 0.77193 0.75147 0.70822 1.08030 0.60506 0.60575 0.58901 0.01303 0.03261 -9999 -9999 -9999 -9999 -9999 3.68964 1.10068 1.48768 0.10201 0.06779 0.57335 1.60389 1.24264 0.43145 0.92732 0.92641 0.64308 1.61283 0.05075 0.01835 0.07850 0.10595 0.09217 0.14068 0.11403 0.44713 0.37245 0.81300 1.52903 2.62424 4.39459 4.22198 3.63742 4.58872 5.12795 5.43636 6.74004 6.85757 6.69397 10.68690 7.40059 9.28417 5.19227 6.30551 10.52370 12.33860 7.86995 9.63865 10.15450 12.44700 16.29360 18.01100 18.26310 16.25750 -9999 -9999 -9999 -9999 -9999 -9999
-9999 -9999 1.13300 0.77138 0.52117 0.62938 0.55392 1.15602 0.70717 0.61500 0.01182 0.02664 0.01545 -9999 -9999 -9999 -9999 0.16190 0.56779 0.23717 0.54045 0.17135 0.25317 0.56610 0.56685 0.23243 0.73002 0.54208 0.60343 0.68665 0.38478 0.03835 0.02496 0.11518 0.20771 0.10379 0.11228 0.26322 0.62790 1.07459 1.54405 2.49479 3.57355 2.61007 5.54617 6.62587 6.34895 6.52671 4.51127 8.22407 10.54810 6.74807 6.59210 5.94284 4.98424 4.17784 6.40086 10.29100 12.44020 9.01197 10.77030 17.71170 16.66890 12.60270 14.26590 -9999 -9999 -9999 -9999 -9999 5.71796 -9999 -9999
-9999 -9999 1.05047 1.62465 1.15784 1.19925 0.75935 0.69245 0.82701 0.75609 0.02269 0.02602 0.00091 -9999 -9999 -9999 -9999 0.42288 0.18909 0.42419 0.66005 0.33806 0.13702 0.14411 0.22684 0.23904 0.26013 0.51531 0.45588 0.68972 0.55418 0.01923 0.02224 0.11164 0.10632 0.11005 0.22044 0.45232 0.73160 0.36733 1.02637 0.69355 1.25460 2.66815 3.80674 7.39048 8.34163 10.01290 9.60621 12.96230 9.72591 6.73797 4.49457 5.02207 6.74011 4.31687 3.55012 8.69957 8.94102 7.17559 7.33886 10.48010 9.40481 14.93220 21.52350 18.50300 13.41720 15.39710 10.82070 -9999 -9999 -9999 13.42010
-9999 -9999 -9999 1.76871 1.68321 1.23916 0.73463 0.66675 0.04274 0.16053 0.06697 0.00877 -9999 -9999 -9999 -9999 0.14665 0.26615 0.17343 0.13239 0.14463 0.04626 0.04705 0.03874 0.04820 0.67785 0.95938 0.44324 0.33245 0.04255 0.01796 0.04694 0.07633 0.56089 1.74494 1.67440 0.31740 0.15554 0.10109 0.15993 0.43218 0.44391 5.95490 5.78711 6.15705 6.58614 3.33935 3.34007 4.29434 4.60910 5.32178 8.88560 9.62856 11.42440 14.75730 14.04810 14.14000 14.23980 14.03310 12.61680 11.75380 11.02600 17.17820 32.21210 44.26080 26.42830 17.49550 7.09422 4.96757 12.16410 -9999 -9999 6.72862
-9999 -9999 -9999 -9999 1.66985 0.85157 0.86903 0.15926 0.20915 0.01415 0.00773 -9999 -9999 -9999 -9999 0.14865 0.23834 0.24427 0.40433 0.75938 0.54277 0.74165 0.46166 0.42899 0.06633 1.51740 3.12916 1.26282 1.59087 0.30445 0.23577 0.52314 0.62131 1.00810 1.77424 0.18442 0.10011 0.14056 0.13022 0.24344 0.37475 0.50313 0.86344 0.80987 1.20173 3.49546 2.60564 4.70706 5.22389 2.93987 2.15757 4.93014 6.70032 8.86910 7.66721 8.14352 12.09360 15.76870 18.65290 13.38410 18.60000 23.27450 26.55460 31.42940 35.97220 24.90280 17.01950 6.02050 4.88011 2.41933 1.56087 3.47934 3.47665
-9999 -9999 -9999 -9999 -9999 -9999 0.71419 2.01923 0.01631 0.08091 0.20836 -9999 -9999 -9999 -9999 -9999 1.06874 1.17587 0.54445 1.48586 0.84854 0.47422 0.26532 0.29432 1.25065 2.95545 1.25817 1.15533 0.91440 1.54931 0.50997 1.10240 0.27093 2.00335 1.80127 1.81002 0.23745 0.14465 0.07573 0.24169 0.33378 0.64770 0.85382 0.52285 3.55403 4.38545 4.65916 5.23606 6.15709 5.45712 4.45057 7.45809 7.21631 8.00607 11.20240 9.59729 11.01800 18.06300 23.81700 26.90150 28.04160 32.00270 36.47520 46.11920 46.24410 39.82590 19.20190 4.13716 2.59099 2.75976 2.15976 3.31131 4.77408
-9999 -9999 -9999 -9999 -9999 -9999 -9999 -9999 -9999 -9999 -9999 -9999 -9999 -9999 -9999 -9999 -9999 -9999 -9999 1.02461 0.53288 0.03196 0.68693 1.26957 0.52786 1.46701 2.68971 0.58505 0.38689 0.09509 0.42457 0.25973 0.05280 0.39558 1.78366 1.10530 0.13657 0.17815 0.18798 0.74143 1.13225 1.37862 1.21660 1.00520 1.01874 1.64976 1.03803 6.75270 6.24765 2.79051 2.57568 7.57777 11.15010 11.71540 8.22807 10.02060 18.83140 18.72020 24.52630 28.51210 34.50320 35.42150 44.28050 52.73340 52.16790 37.26290 18.46870 3.33226 2.34379 4.18487 3.14939 3.83539 5.97930
-9999 -9999 -9999 -9999 -9999 -9999 -9999 -9999 -9999 -9999 -9999 -9999 -9999 -9999 -9999 -9999 -9999 -9999 1.64852 0.18247 0.12891 0.77012 1.05234 1.55022 0.36711 0.02706 0.17179 0.28473 0.16439 0.92288 0.82912 0.67717 1.47518 1.06508 0.32222 0.60415 0.11961 0.18563 0.29285 0.80521 1.07865 0.73842 0.90281 1.37470 1.66894 7.94072 3.00035 0.00594 0.82657 1.22452 1.47895 6.13095 5.67680 6.08988 12.05310 18.46300 19.96730 22.19400 23.47910 29.32210 28.97530 30.92810 41.28670 43.47810 42.52930 29.63980 19.58840 7.90801 11.48400 5.09189 5.87536 7.09267 3.64708
-9999 -9999 -9999 -9999 -9999 -9999 -9999 -9999 -9999 -9999 -9999 -9999 -9999 -9999 -9999 -9999 -9999 1.98948 1.22249 0.47507 0.61776 1.02627 0.29600 0.17296 0.01786 0.00310 0.23506 0.10586 0.30255 0.45485 0.63672 0.42747 0.27295 0.94539 0.35821 0.87959 1.72378 0.36275 0.32264 1.28126 1.81011 3.00391 1.23345 3.56493 1.07277 2.45951 6.92391 1.01777 0.32747 1.31563 1.67413 5.66283 3.76943 4.65967 8.57237 9.58911 21.68400 25.71690 29.29190 32.99510 27.98130 36.17980 46.54280 48.57400 42.15850 31.32720 24.60170 16.40410 12.07960 10.60790 17.21470 13.91770 16.48680
-9999 -9999 -9999 -9999 -9999 -9999 -9999 -9999 -9999 -9999 -9999 -9999 -9999 -9999 -9999 -9999 -9999 1.17836 1.50330 2.15597 0.72250 0.82379 0.30495 0.00107 0.00097 0.02900 0.01615 0.00533 0.00152 0.50939 0.58155 0.11663 0.23992 0.31695 0.74764 1.02108 2.00253 0.36402 0.94209 1.48250 1.38169 0.84927 3.19632 0.86798 3.00357 3.44163 4.02881 0.01907 0.02156 0.45149 1.35274 5.28248 6.82949 9.23675 12.65380 12.41070 31.62210 33.66050 34.71320 30.34120 35.99530 40.34160 40.08840 43.39980 46.23750 42.60170 34.34090 28.27970 15.52610 8.46745 9.76299 22.50170 23.29860
-9999 -9999 -9999 -9999 -9999 -9999 -9999 -9999 -9999 -9999 -9999 -9999 -9999 -9999 -9999 -9999 0.59795 0.79491 2.22113 0.56995 0.38196 0.00840 0.00303 0.00282 0.00107 0.02851 0.02705 0.00317 0.00187 0.00970 0.01173 0.00056 0.17577 0.21348 0.33414 0.60418 1.24272 1.86211 0.74374 1.26369 0.99731 0.80441 3.81322 3.08762 0.81100 3.48379 4.80855 0.04928 0.03999 0.33909 1.50147 6.83109 8.31583 9.83250 12.23790 13.67740 16.19300 35.30040 33.21060 29.99520 30.51040 34.95850 38.55990 43.69610 38.92430 43.37620 35.68540 31.75610 22.85520 13.16660 16.89460 26.65740 30.59380
-9999 -9999 -9999 -9999 -9999 -9999 -9999 -9999 -9999 -9999 -9999 -9999 -9999 2.59525 2.31932 1.33008 1.57770 1.51308 2.33545 0.45279 0.02639 0.16623 0.07168 0.00403 0.00535 0.01722 0.01789 0.00000 0.00000 0.00000 0.05135 0.20181 0.00000 0.00001 0.05791 0.03113 0.11123 0.16450 0.00888 0.00524 0.00401 0.67989 0.53156 0.00151 0.46545 0.27049 0.52025 0.55695 0.66580 0.88732 1.13399 1.11685 0.96235 1.11848 3.11708 10.28770 10.16130 12.29080 11.69080 13.15600 13.00770 22.42260 21.46580 35.99570 35.90360 27.17160 24.39390 23.01180 26.11880 20.79340 27.53320 39.15130 44.25980
-9999 -9999 -9999 -9999 -9999 -9999 -9999 -9999 -9999 -9999 -9999 -9999 1.74329 1.70783 1.60042 1.59746 1.94533 0.20011 0.19226 0.02655 0.02098 0.04296 0.01155 0.00128 0.00286 0.00668 0.00538 0.00000 0.00843 0.02977 0.00310 0.01668 0.03168 0.07158 0.08426 0.02894 0.00007 0.00027 0.00454 0.00204 0.00222 0.00172 0.43618 0.36219 0.10126 0.12595 0.22934 0.41261 0.57618 0.49891 0.61841 0.11087 1.16881 0.32172 2.63144 3.32027 7.52685 7.77939 11.93730 16.67290 16.01330 20.79420 23.88270 30.66860 34.90840 21.89740 23.01050 28.19250 30.39190 29.72930 42.91320 46.02840 46.86300
-9999 -9999 -9999 -9999 -9999 -9999 -9999 -9999 -9999 -9999 -9999 3.41532 0.79425 2.27154 0.23235 0.04197 0.01638 0.01527 0.01603 0.02012 0.00738 0.00091 0.00054 0.00094 0.00030 0.00094 0.26895 0.04564 0.01893 0.05688 0.00419 0.00000 0.00000 0.00000 0.00000 0.04795 0.00027 0.00086 0.00184 0.00122 0.00083 0.39584 0.19316 0.06700 0.04938 0.12493 0.15707 0.25598 0.41438 1.46117 2.24829 1.24858 1.11908 7.19707 2.10143 1.52000 6.74178 2.96644 4.37977 8.65550 8.70846 9.50092 10.75920 14.37460 20.25340 24.62930 20.77600 34.50110 30.17430 38.68710 51.26680 54.27050 50.98190
-9999 -9999 -9999 -9999 -9999 -9999 -9999 -9999 -9999 -9999 0.36563 0.83200 0.62348 0.05948 0.03256 0.00820 0.00579 0.00524 0.00516 0.00634 0.00255 0.00024 0.00015 0.00030 0.00007 0.00019 0.00033 0.05625 0.01630 0.00000 0.00000 0.00000 0.00000 0.06158 0.01613 0.05476 0.00032 0.00083 0.00264 0.00089 0.32413 0.09899 0.02659 0.01595 0.02469 0.16813 0.20665 0.22487 0.56759 1.62334 4.10242 1.85540 7.61638 1.70917 1.56130 1.16386 8.49153 8.84045 4.47100 2.61633 5.37001 8.80284 8.97819 15.57950 15.75250 23.09050 12.90900 30.08390 37.11030 47.14190 53.06250 48.05490 52.25440
-9999 -9999 -9999 -9999 -9999 -9999 -9999 -9999 -9999 0.00448 0.00246 0.00212 0.00342 0.01996 0.01113 0.00119 0.00085 0.00070 0.00041 0.00021 0.00013 0.00000 0.00000 0.00000 0.00000 0.00000 0.00000 0.00026 0.00021 0.00000 0.00000 0.00000 0.00000 0.00001 0.02645 0.15085 0.00180 0.00167 0.00061 0.24252 0.02422 0.00983 0.01725 0.95492 0.01706 0.94894 0.18368 0.62745 0.77062 1.55431 3.18109 7.78210 2.45529 13.64100 7.36809 3.10869 1.77799 1.64585 1.60922 2.45708 5.93970 8.57973 7.73153 10.19040 8.61822 11.56410 18.13830 53.99890 66.87200 68.15310 69.83210 62.72520 65.40600
-9999 -9999 -9999 -9999 -9999 -9999 -9999 -9999 -9999 -9999 0.00085 0.00052 0.00063 0.00781 0.00355 0.00016 0.00015 0.00012 0.00008 0.00010 0.00010 0.00000 0.00000 -9999 -9999 -9999 -9999 -9999 -9999 0.00008 0.00017 0.00000 0.00000 0.00000 0.00000 0.12576 0.26058 0.00029 0.00031 0.20428 0.03664 0.04707 0.73646 0.48648 0.86957 0.78140 1.22689 0.52214 1.58244 2.32275 4.07442 0.68581 1.64944 4.82695 8.58356 2.10465 1.24384 1.30903 0.92361 2.42614 4.10074 4.66543 2.52996 5.50439 9.65389 12.93000 22.54460 57.45750 72.31950 70.28590 77.65600 68.76100 75.63480
-9999 -9999 -9999 -9999 -9999 -9999 -9999 -9999 -9999 -9999 -9999 -9999 0.00008 0.00103 0.00082 0.00000 0.00000 0.00000 0.00000 -9999 -9999 -9999 -9999 -9999 -9999 -9999 -9999 -9999 -9999 -9999 -9999 -9999 -9999 0.00000 0.04358 0.07595 0.05407 0.08459 0.00010 0.00032 0.08803 0.03425 0.11651 0.12334 0.13700 1.15300 0.96569 0.16211 0.43539 0.73101 1.27609 6.01058 6.49394 6.52650 2.85299 0.95738 1.42307 1.26711 0.11196 2.36283 5.54898 3.99339 7.43789 2.61157 7.63688 13.35010 26.22900 54.69210 61.04040 61.89080 64.53270 71.49620 -9999
-9999 -9999 -9999 -9999 -9999 -9999 -9999 -9999 -9999 -9999 -9999 -9999 -9999 -9999 -9999 -9999 -9999 -9999 -9999 -9999 -9999 -9999 -9999 -9999 -9999 -9999 -9999 -9999 -9999 -9999 -9999 -9999 -9999 -9999 0.05032 0.02335 0.02578 0.02388 0.00000 0.04219 0.05033 0.02457 1.08421 0.62269 0.70605 0.94682 0.29872 0.13338 0.55913 0.65201 1.44671 4.89686 2.94610 4.34125 3.97663 1.60053 0.89105 2.13243 1.22877 1.96992 3.26065 2.85061 1.74728 2.77107 7.51058 10.84950 24.84550 54.61220 62.90320 61.72880 65.96850 -9999 -9999
-9999 -9999 -9999 -9999 -9999 -9999 -9999 -9999 -9999 -9999 -9999 -9999 -9999 -9999 -9999 -9999 -9999 -9999 -9999 -9999 -9999 -9999 -9999 -9999 -9999 -9999 -9999 -9999 -9999 -9999 -9999 -9999 -9999 -9999 0.03897 0.02173 0.02876 0.12115 0.00030 0.01167 0.00706 0.42478 0.35984 0.02616 0.18800 0.06790 0.10687 0.13044 0.29774 0.44295 0.78776 0.70366 1.45779 3.41104 3.03890 1.76557 1.83332 1.19185 0.74182 1.53614 3.24130 3.52613 3.39559 2.42863 5.66683 23.25700 23.45370 32.68550 38.46210 31.12580 -9999 -9999 -9999
-9999 -9999 -9999 -9999 -9999 -9999 -9999 -9999 -9999 -9999 -9999 -9999 -9999 -9999 -9999 -9999 -9999 -9999 -9999 -9999 -9999 -9999 -9999 -9999 -9999 -9999 -9999 -9999 -9999 -9999 -9999 -9999 -9999 -9999 -9999 -9999 -9999 -9999 0.03637 0.01298 0.00592 0.01128 0.23662 0.29113 0.01743 0.10188 0.26051 0.16319 0.24419 0.48702 0.37130 0.80629 0.90073 2.67534 2.98242 1.07947 0.12049 0.11869 0.69018 1.34426 2.60376 1.25626 2.70248 5.19932 14.50480 25.42390 28.69570 25.68860 28.60430 -9999 -9999 -9999 -9999
