data/hydroclimate-scenarios/BCSD_hadcm_B1/monthly_summaries/baseflow_monthly_tot_feb.2070-2099.asc
ncols	311
nrows	91
xllcenter	102.75
yllcenter	31.75
cellsize	0.5
NODATA_value	-9999
[rows 0 to 31 of 91, columns 73 to 145 of 311]
-9999 -9999 -9999 -9999 -9999 -9999 -9999 -9999 -9999 -9999 -9999 -9999 -9999 -9999 -9999 -9999 -9999 -9999 -9999 -9999 -9999 -9999 -9999 -9999 -9999 -9999 -9999 -9999 -9999 -9999 -9999 -9999 -9999 -9999 -9999 -9999 -9999 -9999 -9999 -9999 -9999 -9999 -9999 -9999 -9999 -9999 -9999 -9999 -9999 -9999 -9999 -9999 -9999 -9999 -9999 -9999 -9999 -9999 -9999 -9999 -9999 -9999 -9999 -9999 -9999 -9999 -9999 -9999 -9999 -9999 -9999 -9999 -9999
-9999 -9999 -9999 -9999 -9999 -9999 -9999 -9999 -9999 -9999 -9999 -9999 -9999 -9999 -9999 -9999 -9999 -9999 -9999 -9999 -9999 -9999 -9999 -9999 -9999 -9999 -9999 -9999 -9999 -9999 -9999 -9999 -9999 -9999 -9999 -9999 -9999 -9999 -9999 -9999 -9999 -9999 -9999 -9999 -9999 -9999 -9999 -9999 -9999 -9999 -9999 -9999 -9999 -9999 -9999 -9999 -9999 -9999 -9999 -9999 -9999 -9999 -9999 -9999 -9999 -9999 -9999 -9999 -9999 -9999 -9999 -9999 -9999
-9999 -9999 -9999 -9999 -9999 -9999 -9999 -9999 -9999 -9999 -9999 -9999 -9999 -9999 -9999 -9999 -9999 -9999 -9999 -9999 -9999 -9999 -9999 -9999 -9999 -9999 -9999 -9999 -9999 -9999 -9999 -9999 -9999 -9999 -9999 -9999 -9999 -9999 -9999 -9999 -9999 -9999 -9999 -9999 -9999 -9999 -9999 -9999 -9999 -9999 -9999 -9999 -9999 -9999 -9999 -9999 -9999 -9999 -9999 -9999 -9999 -9999 -9999 -9999 -9999 -9999 -9999 -9999 -9999 -9999 -9999 -9999 -9999
-9999 -9999 -9999 -9999 -9999 -9999 -9999 -9999 -9999 -9999 -9999 -9999 -9999 -9999 -9999 -9999 -9999 -9999 -9999 -9999 -9999 -9999 -9999 -9999 -9999 -9999 -9999 -9999 -9999 -9999 -9999 -9999 -9999 -9999 -9999 -9999 -9999 -9999 -9999 -9999 -9999 -9999 -9999 -9999 -9999 -9999 -9999 -9999 -9999 -9999 -9999 -9999 -9999 -9999 -9999 -9999 -9999 -9999 -9999 -9999 -9999 -9999 -9999 -9999 -9999 -9999 -9999 -9999 -9999 -9999 -9999 -9999 -9999
-9999 -9999 -9999 -9999 -9999 -9999 -9999 -9999 -9999 -9999 -9999 -9999 -9999 -9999 -9999 -9999 -9999 -9999 -9999 -9999 -9999 -9999 -9999 -9999 -9999 -9999 -9999 -9999 -9999 -9999 -9999 -9999 -9999 -9999 -9999 -9999 -9999 -9999 -9999 -9999 -9999 -9999 -9999 -9999 -9999 -9999 -9999 -9999 -9999 -9999 -9999 -9999 -9999 -9999 -9999 -9999 -9999 -9999 -9999 -9999 -9999 -9999 -9999 -9999 -9999 -9999 -9999 -9999 -9999 -9999 -9999 -9999 -9999
-9999 -9999 -9999 -9999 -9999 -9999 -9999 -9999 -9999 -9999 -9999 -9999 -9999 -9999 -9999 -9999 -9999 -9999 -9999 -9999 -9999 -9999 -9999 -9999 -9999 -9999 -9999 -9999 -9999 -9999 -9999 -9999 -9999 -9999 -9999 -9999 -9999 -9999 -9999 -9999 -9999 -9999 -9999 -9999 -9999 -9999 -9999 -9999 -9999 -9999 -9999 -9999 -9999 -9999 -9999 -9999 -9999 -9999 -9999 -9999 -9999 -9999 -9999 -9999 -9999 -9999 -9999 -9999 -9999 -9999 -9999 -9999 -9999
-9999 -9999 -9999 -9999 -9999 -9999 -9999 -9999 -9999 -9999 -9999 -9999 -9999 -9999 -9999 -9999 -9999 -9999 -9999 -9999 -9999 -9999 -9999 -9999 -9999 -9999 -9999 -9999 -9999 -9999 -9999 -9999 -9999 -9999 -9999 -9999 -9999 -9999 -9999 -9999 -9999 -9999 -9999 -9999 -9999 -9999 -9999 -9999 -9999 -9999 -9999 -9999 -9999 -9999 -9999 -9999 -9999 -9999 -9999 -9999 -9999 -9999 -9999 -9999 -9999 -9999 -9999 -9999 -9999 -9999 -9999 -9999 -9999
-9999 -9999 -9999 -9999 -9999 -9999 -9999 -9999 -9999 -9999 -9999 -9999 -9999 -9999 -9999 -9999 -9999 -9999 -9999 -9999 -9999 -9999 -9999 -9999 -9999 -9999 -9999 -9999 -9999 -9999 -9999 -9999 -9999 -9999 -9999 -9999 -9999 -9999 -9999 -9999 -9999 -9999 -9999 -9999 -9999 -9999 -9999 -9999 -9999 -9999 -9999 -9999 -9999 -9999 -9999 -9999 -9999 -9999 -9999 -9999 -9999 -9999 -9999 -9999 -9999 -9999 -9999 -9999 -9999 -9999 -9999 -9999 -9999
-9999 -9999 -9999 -9999 0.53698 -9999 -9999 -9999 -9999 -9999 -9999 -9999 -9999 -9999 -9999 -9999 -9999 -9999 -9999 -9999 -9999 -9999 -9999 -9999 -9999 -9999 -9999 -9999 -9999 -9999 -9999 -9999 -9999 -9999 -9999 -9999 -9999 -9999 -9999 -9999 -9999 -9999 -9999 -9999 -9999 -9999 -9999 -9999 -9999 -9999 -9999 -9999 -9999 -9999 -9999 -9999 -9999 -9999 -9999 -9999 -9999 -9999 -9999 -9999 -9999 -9999 -9999 -9999 -9999 -9999 -9999 -9999 -9999
0.94941 0.07214 0.30489 0.41894 0.41938 0.59987 0.48201 0.53163 0.44123 0.43149 0.29747 0.39464 0.22012 0.29532 0.36120 0.26390 0.29349 0.31456 0.45815 0.48513 -9999 -9999 -9999 -9999 -9999 -9999 -9999 -9999 -9999 -9999 -9999 -9999 -9999 -9999 -9999 -9999 -9999 -9999 -9999 -9999 -9999 -9999 -9999 -9999 -9999 -9999 -9999 -9999 -9999 -9999 -9999 -9999 -9999 -9999 -9999 -9999 -9999 -9999 -9999 -9999 -9999 -9999 -9999 -9999 -9999 -9999 -9999 -9999 -9999 -9999 -9999 -9999 -9999
-9999 -9999 0.06547 0.06597 0.07312 0.08584 0.09586 0.12098 0.14010 0.16972 0.24431 0.26175 0.23776 0.26254 0.25189 0.28190 0.28968 0.31415 0.26624 0.22016 -9999 -9999 -9999 -9999 -9999 -9999 -9999 -9999 -9999 -9999 -9999 -9999 -9999 -9999 -9999 -9999 -9999 -9999 -9999 -9999 -9999 -9999 -9999 -9999 -9999 -9999 -9999 -9999 -9999 -9999 -9999 -9999 -9999 -9999 -9999 -9999 -9999 -9999 -9999 -9999 -9999 -9999 -9999 -9999 -9999 -9999 -9999 -9999 -9999 -9999 -9999 -9999 -9999
0.01452 0.01664 0.03739 0.06507 0.06774 0.07106 0.08194 0.12665 0.08507 0.10124 0.14632 0.22200 0.24180 0.27485 0.28588 0.30130 0.30897 0.25660 0.47623 1.20144 0.13324 0.14544 0.10837 0.09202 0.08403 0.13023 -9999 -9999 -9999 -9999 -9999 -9999 -9999 -9999 -9999 -9999 -9999 -9999 -9999 -9999 -9999 -9999 -9999 -9999 -9999 -9999 -9999 -9999 -9999 -9999 -9999 -9999 -9999 -9999 -9999 -9999 -9999 -9999 -9999 -9999 -9999 -9999 -9999 -9999 -9999 -9999 -9999 -9999 -9999 -9999 -9999 -9999 -9999
0.01236 0.02022 0.09670 0.10306 0.08094 0.10164 0.07194 0.07836 0.08159 0.14158 0.22489 0.26397 0.32616 0.42302 0.48779 0.48857 1.46026 0.31981 0.38733 0.38519 0.34292 0.22165 0.19002 0.13333 0.13392 0.12624 0.06311 0.04624 0.05226 0.04733 0.01786 0.01669 0.02548 0.02006 0.01504 0.01360 0.01057 0.01106 0.01418 0.01767 0.03388 -9999 -9999 -9999 -9999 -9999 -9999 -9999 -9999 -9999 -9999 -9999 -9999 -9999 -9999 -9999 -9999 -9999 -9999 -9999 -9999 -9999 -9999 -9999 -9999 -9999 -9999 -9999 -9999 -9999 -9999 -9999 -9999
0.00000 0.00348 0.10248 0.05866 0.09563 0.11740 0.08232 0.04978 0.03981 0.19416 0.09598 0.35027 0.43359 0.48432 0.48940 0.47232 0.29226 0.33313 0.50683 0.59860 0.58414 0.09139 0.15191 0.21197 0.18547 0.16411 0.09346 0.08402 0.05115 0.04917 0.00959 0.00716 0.01225 0.01069 0.01277 0.01121 0.00943 0.00963 0.01702 0.02848 0.03776 0.74855 -9999 -9999 -9999 -9999 -9999 -9999 -9999 -9999 -9999 -9999 -9999 -9999 -9999 -9999 -9999 -9999 -9999 -9999 -9999 -9999 -9999 -9999 -9999 -9999 -9999 -9999 -9999 -9999 -9999 -9999 -9999
0.04814 0.50183 0.17935 0.14226 0.25491 0.23834 0.18942 0.20596 0.20065 0.19429 0.19820 0.20157 0.27380 0.34673 0.34585 0.38031 0.30251 1.91428 0.54432 0.49850 0.36169 0.29183 0.24521 0.29512 0.16169 0.08284 0.09298 0.09879 0.05438 0.03982 0.04470 0.03816 0.04598 0.04377 0.01623 0.01685 0.01799 0.02502 0.02653 0.04469 0.04783 0.03528 -9999 -9999 -9999 -9999 -9999 -9999 -9999 -9999 -9999 -9999 -9999 -9999 -9999 -9999 -9999 0.10663 0.10869 -9999 -9999 -9999 -9999 0.34097 0.86641 1.32822 1.15418 0.42098 0.50350 0.53884 0.65066 1.60819 1.61710
0.08724 0.38784 0.12967 0.09793 0.16210 0.25323 0.18608 0.19985 0.10986 0.14036 0.17794 0.24388 0.32140 0.28706 0.26718 0.22566 1.72950 0.28401 0.27450 0.29706 0.29032 0.18111 0.12307 0.08749 0.02872 0.03182 0.09004 0.07564 0.05857 0.04856 0.05712 0.04027 0.03106 0.04837 0.01350 0.01115 0.01152 0.24593 0.78591 0.71551 0.81251 0.22716 0.27804 0.28461 0.71075 0.10567 0.27974 0.45742 0.22905 0.24263 0.27927 0.16686 0.32051 0.11760 0.02175 0.01556 0.16396 0.15227 0.03267 -9999 -9999 -9999 -9999 -9999 0.10478 0.51123 0.78808 1.16226 1.47783 0.84738 1.02370 1.12003 1.13650
0.25335 0.47064 0.04562 0.11477 0.22777 0.16815 0.13540 0.12993 0.10672 0.13672 0.14043 0.15410 0.14850 0.56477 0.22332 0.28088 0.27869 0.21227 0.21379 0.21233 0.21530 0.18503 0.13786 0.13717 0.06388 0.06615 0.07264 0.07094 0.07594 0.05432 0.07003 0.07350 0.10096 0.09883 0.09469 0.08742 1.10503 0.71957 0.05227 1.18413 0.06471 0.06294 0.10551 0.10757 0.14614 0.14328 0.13971 0.22762 0.16203 0.08529 0.16688 0.43233 0.65114 0.35858 0.53634 0.67553 0.30411 0.07533 0.06357 0.13461 0.15433 0.21463 0.14040 0.17849 0.12188 0.32361 0.45009 0.59885 1.48007 0.77028 1.28100 1.70255 1.67596
0.22574 0.42854 0.46584 0.23428 0.30242 0.38863 0.12551 0.10446 0.08070 0.10003 0.12392 0.41097 0.16430 0.24704 0.29074 0.26029 0.28587 0.39637 0.20433 0.16410 0.19481 0.17953 0.13749 0.12429 0.07764 0.07457 0.10091 0.10881 0.10978 0.10389 0.09619 0.07049 0.11140 0.11536 1.01435 0.07185 0.04813 0.04991 0.07831 0.07219 0.02486 0.04088 0.12777 0.11837 0.13181 0.11557 0.05454 0.05788 0.06224 0.06635 0.12996 0.11697 0.29132 0.51760 0.61416 0.43382 0.37961 0.50314 0.36451 0.62004 0.31486 0.08479 0.09955 0.39170 0.14106 0.15610 0.41156 1.05551 1.27350 1.48613 1.72478 1.93774 1.95398
0.51772 0.05349 0.19522 0.10436 0.08165 0.21236 0.19848 0.15845 0.17217 0.20011 0.13207 0.17307 0.22173 0.25200 0.20507 0.18068 0.25876 0.49681 0.37732 0.25088 0.22145 0.17830 0.17560 0.17954 0.12529 0.13633 0.12595 0.11630 0.11676 1.05808 0.10197 0.09348 0.14374 0.14763 0.12230 0.14702 0.08089 0.08652 0.10072 0.10372 0.26697 0.26742 0.14476 0.08633 0.07152 0.08607 0.07881 0.09214 0.09595 0.09824 0.15120 0.21158 0.05565 0.04731 0.07765 0.66838 0.68872 0.65438 1.11375 1.46491 1.63211 0.97283 0.79486 0.52311 0.54380 0.53318 0.77069 1.05473 1.20822 1.53571 2.33743 2.17859 2.35616
0.83355 0.64022 0.17050 0.09758 0.04093 0.10166 0.15842 0.10520 0.37897 0.46650 0.26100 0.27511 0.24798 0.15194 0.09730 0.13732 0.20959 0.26980 0.39416 0.27623 0.24359 0.23106 0.19093 0.15421 0.12991 0.10871 0.08906 0.56750 0.12204 0.15439 0.13301 0.09387 0.09994 0.07275 0.09894 0.11626 0.11459 0.21251 0.15040 0.08686 0.19363 0.20248 0.15026 0.15682 0.13223 0.09304 0.07050 0.10112 0.14665 0.12130 0.14020 0.08263 0.21810 0.60257 0.72230 1.15722 0.78140 0.52543 0.74853 0.97401 0.67547 1.37092 1.72265 0.91381 2.00031 0.86530 0.91519 1.03231 2.00349 1.86691 1.93999 2.53703 2.75049
0.78343 1.02518 1.13815 0.16300 0.05241 0.02035 0.17368 0.04080 0.11403 0.42925 0.98578 1.44955 0.75987 0.49259 0.17530 0.12062 0.12306 0.15416 0.14284 0.15584 0.19118 0.13176 0.11635 0.11682 0.11346 0.08540 0.09264 0.09003 0.10089 0.09918 0.18742 0.22502 0.17461 0.19076 0.42437 0.46857 0.28886 0.32244 0.12436 0.15700 0.08427 0.06212 0.18354 0.16716 0.12492 0.14828 0.13797 0.09688 0.04138 0.05038 0.10166 0.07753 0.07396 0.12590 0.74379 1.14628 1.24714 1.69769 1.16774 1.06020 0.50045 0.82307 0.89818 1.38734 0.61337 0.80381 0.91089 1.96350 1.82244 1.67723 1.85671 2.29831 1.87506
1.38893 1.59386 1.28645 1.00445 0.68134 0.45791 0.34378 0.07997 0.04435 0.09438 0.32038 0.69094 1.07421 1.21864 0.95312 0.71699 0.30953 0.11634 0.17578 0.16689 0.17124 0.20927 0.19661 0.18082 0.13928 0.16346 0.09095 0.11327 0.12520 0.22985 0.40467 0.26152 0.35323 0.35766 0.36047 0.38284 0.10169 0.56524 0.48965 0.35254 0.10016 0.52514 0.41294 0.49428 0.39980 0.26950 0.32716 0.26833 0.55564 0.38396 0.75581 0.28506 0.69700 0.58551 0.88868 1.13580 1.25103 1.39274 0.83618 0.88273 0.93346 0.59099 1.10513 0.61999 1.63727 1.58060 1.64893 1.79722 1.56161 1.80789 2.07696 1.68797 2.54880
1.56106 1.24367 1.41842 1.54279 1.13828 0.52335 0.81040 0.40732 0.12902 0.10368 0.26500 0.07925 0.23583 0.13635 0.21944 0.84051 0.91263 0.72105 0.33634 0.57018 0.32938 0.15678 0.18056 0.19313 0.18661 0.17858 0.35882 0.26726 0.23520 0.26012 0.37544 0.38562 0.44908 0.15399 0.21374 0.40939 0.73155 0.75045 0.35471 0.16495 0.20508 0.49592 0.61894 0.67738 0.66903 0.30866 0.60577 1.01237 1.16377 0.92817 1.12784 1.35651 0.73554 1.10563 0.99897 1.29110 0.88673 0.61664 0.66092 0.60920 0.97554 0.62169 1.74533 1.41519 1.06276 0.93123 0.92799 1.03475 1.13874 1.50361 2.17966 2.35933 2.59550
1.14131 0.70744 1.06499 1.34629 1.12148 1.05594 0.91455 0.38802 0.07680 0.63879 0.67558 0.43774 0.95794 1.10029 1.34112 0.11003 0.74615 1.38397 1.33491 1.06994 0.84945 0.28995 0.20484 0.20798 0.21433 0.24199 0.32464 0.32196 0.38774 0.41825 0.37924 0.34136 0.14576 0.15121 0.23901 0.29242 0.56120 0.67975 1.09992 0.80973 0.59847 0.41829 0.06270 0.19300 0.17769 0.35441 0.66304 0.96566 1.40178 0.82019 1.03767 0.89313 1.51981 1.59289 1.30295 1.22265 1.38181 1.08128 0.74194 0.72241 0.90074 1.04877 1.03877 1.05744 0.80540 0.75841 1.14118 1.42989 1.39517 1.81722 2.30923 2.79480 3.11627
1.13843 0.74050 0.91271 0.63549 0.43278 0.43338 0.26799 0.27518 0.16495 0.25244 0.12771 0.35758 0.63176 0.80816 1.12592 1.11716 0.55285 0.49563 0.61608 0.69472 0.61736 0.50910 0.38005 0.30174 0.20024 0.14882 0.18050 0.18663 0.24668 0.24925 0.21369 0.24357 0.28613 0.30278 0.56276 0.60153 0.50924 0.69060 1.35178 0.99636 1.00406 0.62779 0.39707 0.40942 0.21993 0.33041 0.56057 1.26580 1.21950 1.34942 0.78566 1.40507 1.10448 1.21544 1.09342 1.22408 1.49389 0.89542 1.04632 1.33228 0.87045 0.65494 0.51975 0.53519 0.56153 1.39288 1.37037 1.44333 1.25150 1.98879 2.61081 3.20385 3.62992
1.71104 1.61164 1.23810 0.81820 0.27192 0.15839 0.11030 0.08830 0.23532 0.65903 0.64125 0.32503 0.16248 0.43686 0.57050 0.82732 1.45151 1.15884 0.61666 0.43982 0.31222 0.47819 0.62609 0.25966 0.20941 0.20202 0.15706 0.20538 0.20587 0.24536 0.10232 0.14034 0.28319 0.35209 0.32496 0.82639 0.92863 0.84642 1.39673 1.65561 1.49776 1.80053 1.16840 0.96257 0.23226 0.27218 0.38872 0.51566 1.45427 1.01910 0.71656 1.00693 1.40460 1.30888 1.08219 1.32102 1.26594 1.23655 1.11737 1.16593 1.04135 1.19109 1.06241 0.82640 1.03799 1.47813 1.02886 0.86476 0.97089 2.54350 3.46267 3.42096 3.75943
1.99731 1.76220 1.57405 1.10821 0.58389 0.21456 0.06592 0.19459 0.14294 0.40637 1.00026 0.66690 0.16672 0.19793 0.50197 1.04387 1.39266 1.40895 1.01057 1.12824 0.79679 0.74374 0.53849 0.26735 0.34132 0.30110 0.10297 0.10882 0.09030 0.23655 0.19940 0.31541 0.53986 0.38153 0.43460 0.85622 0.68844 1.50443 1.76073 1.93846 1.54659 1.30032 1.05802 0.88484 1.40634 0.70544 0.74687 1.43450 0.89111 1.31874 1.05349 1.31283 1.38963 1.57181 1.83288 1.68525 1.47443 1.73618 1.71888 1.96241 1.55411 1.63585 1.62332 1.11215 1.68801 1.04728 1.35677 1.53263 1.41658 1.66449 2.57043 2.52390 2.12222
2.11767 2.08502 1.86820 1.56056 0.56125 0.57666 0.25490 0.05759 0.02879 0.08873 0.26167 0.81672 0.66849 0.74140 0.97986 0.57460 0.90720 0.82144 1.58641 1.03216 0.88321 0.77772 0.81009 0.53637 0.60669 0.34562 0.16965 0.07119 0.20529 0.21191 0.20039 0.33479 0.59652 0.52845 0.48223 0.97168 1.59794 1.22728 1.37529 1.62756 1.44816 1.87878 1.68827 1.70911 1.23034 1.33799 1.53580 1.48096 1.62290 1.78474 1.40915 1.60086 1.83050 2.10809 2.31614 2.33930 2.02448 2.36091 2.25911 2.37793 2.28762 1.94573 1.68281 1.40002 1.39085 1.50490 1.79230 1.85012 1.83012 2.19277 2.21016 2.46886 2.37358
2.11952 2.02153 2.10769 1.92792 1.88557 0.89916 0.74806 0.76773 0.51626 0.69647 0.63909 0.86437 1.48100 1.10455 0.87688 0.51032 0.90450 0.64343 0.77440 1.22142 1.17667 1.03619 0.67052 0.49972 0.35040 0.37048 0.34736 0.22534 0.25021 0.16944 0.21590 0.25800 0.57053 0.39827 0.64871 0.93921 1.74701 1.99410 1.90411 1.35250 2.02833 1.57434 1.51401 1.71410 1.42328 0.71987 1.45074 1.84732 1.71496 1.81646 1.45764 2.19846 2.43674 2.81912 2.75477 2.84474 2.74127 2.12058 2.78741 2.90706 1.60972 1.56118 1.75671 1.68168 1.70151 1.81195 2.05751 2.44056 2.90264 3.61270 3.78081 4.23768 3.78210
2.14673 2.11111 2.32926 2.29405 2.03904 1.66853 2.01839 2.04000 1.97932 1.78523 1.52296 1.34203 1.62389 0.98790 1.14672 1.28729 0.70698 0.65610 0.94543 1.35004 1.57664 0.94894 0.88260 0.39903 0.59877 0.43347 0.61810 0.49474 0.29631 0.44805 0.26525 0.34931 0.96169 1.10476 0.95496 1.14075 1.81409 1.93145 1.86543 1.70919 1.91150 1.77764 1.40824 1.56406 1.16205 1.17377 2.02272 2.07435 -9999 -9999 2.21406 3.43421 4.09176 3.97457 3.85126 3.59581 2.16247 2.08092 2.42994 2.22930 1.81712 1.61599 1.86148 1.79659 1.76800 1.93774 2.30592 3.04412 4.20867 5.55890 4.58638 6.10085 5.71268
2.10873 2.22843 2.30054 2.24338 2.08376 2.16333 2.18859 2.29513 1.74093 1.94366 2.04585 2.11168 1.73705 1.26076 1.91279 1.66838 0.87885 1.50505 0.96419 1.38238 1.53993 1.28277 1.44784 1.42878 1.01695 0.79002 0.28884 0.51875 0.60805 0.87640 0.94254 1.07197 1.36371 1.02495 1.06800 1.20820 1.20944 -9999 -9999 -9999 -9999 1.54454 -9999 1.13016 1.75122 1.53123 1.37511 2.46443 -9999 -9999 1.79466 2.69955 2.88063 2.60767 2.43591 2.24776 1.82964 1.86369 1.76375 1.68684 1.52360 1.52184 1.74381 2.27182 2.05845 2.13575 3.76798 4.62561 3.98056 6.72239 -9999 -9999 -9999
2.16544 2.28489 2.35549 1.99460 2.47237 2.27966 1.71608 1.66535 1.53939 1.64150 1.94851 2.00154 1.82801 1.32930 1.96146 2.01960 2.02870 1.84155 2.09824 1.86382 1.92334 1.98609 1.18472 1.50515 0.91963 1.32246 1.30699 1.20756 1.26684 1.30655 1.64885 1.50068 1.65543 1.17102 1.13310 -9999 -9999 -9999 -9999 -9999 -9999 -9999 1.88879 1.99268 2.06186 -9999 -9999 -9999 -9999 -9999 4.44262 3.56999 2.27322 3.04772 3.08027 3.13040 2.16580 2.02799 2.25082 2.25078 1.76624 2.45225 2.97443 2.30613 2.68467 2.30901 4.34905 5.96039 -9999 -9999 -9999 -9999 -9999
