data/hydroclimate-scenarios/BCSD_hadcm_B1/monthly_summaries/et_monthly_tot_jan.2030-2059.asc
ncols	311
nrows	91
xllcenter	102.75
yllcenter	31.75
cellsize	0.5
NODATA_value	-9999
[rows 32 to 63 of 91, columns 0 to 72 of 311]
-9999 -9999 -9999 -9999 -9999 -9999 -9999 -9999 -9999 -9999 -9999 0.61004 0.56053 0.51205 0.51815 0.46083 0.35948 0.33920 0.40399 0.38717 0.38211 0.34463 0.32547 0.29356 0.30083 0.28454 0.28880 0.39055 0.41393 0.42884 0.41765 0.37686 0.38227 0.32425 0.27766 0.21428 0.20007 0.12544 0.11620 0.06872 0.05426 0.01973 0.02807 -0.00049 -0.00362 -0.00986 -0.01126 0.01677 0.03084 0.03230 0.03985 0.06231 0.06483 0.07556 0.07878 0.09248 0.09335 0.06905 0.05966 0.04631 0.04426 0.02857 0.02422 0.01644 0.01419 0.01991 0.01947 0.02486 0.00125 -0.01628 -0.02422 0.00072 -0.01116
-9999 -9999 -9999 -9999 -9999 -9999 -9999 -9999 -9999 -9999 -9999 0.66221 0.62333 0.57354 0.51920 0.47008 0.43208 0.45509 0.41163 0.42780 0.40975 0.36003 0.31619 0.30255 0.29907 0.28443 0.30913 0.41406 0.43507 0.44289 0.34638 0.42301 0.42785 0.37917 0.33268 0.19059 0.22755 0.15527 0.14723 0.11016 0.07776 0.05249 0.03738 0.00663 0.01173 -0.02754 -0.02085 0.00675 0.01493 -0.00045 0.00439 0.04129 0.04728 0.05279 0.05614 0.09332 0.08828 0.06735 0.07337 0.05894 0.05651 0.03340 0.01261 0.04177 0.04270 0.03352 0.01210 -0.00391 -0.02652 -0.03536 -0.06240 -0.01596 -0.03648
-9999 -9999 -9999 -9999 -9999 -9999 -9999 -9999 -9999 -9999 -9999 -9999 0.87552 0.91473 0.81493 0.80942 0.79942 0.75926 0.74252 0.65758 0.67314 0.56739 0.50912 0.45116 0.43384 0.36250 0.37677 0.33577 0.40188 0.41015 0.44115 0.46775 0.44629 0.43588 0.39734 0.29997 0.27936 0.21937 0.16116 0.10064 0.08105 0.05680 0.03135 -0.05179 -0.05465 -0.06378 -0.06685 0.01445 0.03056 0.03005 0.01026 0.04601 0.06463 0.05729 0.02843 0.01554 0.02570 0.05589 0.07354 0.09435 0.07465 0.09575 0.09722 0.14100 0.12905 0.14506 0.13738 0.15251 0.11499 0.17159 0.15220 0.28291 0.30054
-9999 -9999 -9999 -9999 -9999 -9999 -9999 -9999 -9999 -9999 -9999 -9999 0.87494 0.93736 0.87292 0.84575 0.84203 0.81859 0.75456 0.68675 0.64718 0.50416 0.43715 0.30321 0.25002 0.25533 0.27380 0.32497 0.35006 0.42212 0.47259 0.49986 0.52289 0.49095 0.49643 0.39111 0.32058 0.26073 0.22531 0.18143 0.11546 0.09771 0.05318 -0.02327 -0.05307 -0.07745 -0.06192 0.03095 0.01433 0.04864 0.04224 0.01634 0.01909 0.01574 0.01892 0.01560 0.02409 0.04439 0.09565 0.14559 0.11253 0.15410 0.13344 0.15594 0.15545 0.15662 0.14381 0.14931 0.12559 0.18842 0.18372 0.32274 0.32060
-9999 -9999 -9999 -9999 -9999 -9999 -9999 -9999 -9999 -9999 -9999 -9999 0.94768 1.00914 0.95366 1.06398 0.94745 0.83609 0.76073 0.70817 0.67691 0.52370 0.42200 0.31144 0.32883 0.28912 0.37190 0.40865 0.43056 0.44901 0.50676 0.54736 0.57729 0.57328 0.55121 0.45041 0.42013 0.35085 0.28504 0.23598 0.21542 0.15020 0.10091 0.07088 0.04372 -0.00326 -0.01076 0.05621 0.09674 0.06027 0.03259 0.09115 0.02546 0.05315 0.10793 0.11907 0.09279 0.14248 0.15634 0.22618 0.19609 0.25293 0.23913 0.31592 0.30416 0.40244 0.39610 0.51171 0.51786 0.65182 0.69365 0.93359 0.96703
-9999 -9999 -9999 0.77932 0.83204 0.84264 0.77006 0.88332 0.86477 -9999 1.00165 1.11752 1.06917 1.07354 1.02446 1.06705 1.02175 0.86677 0.86190 0.74962 0.67234 0.51909 0.43981 0.37999 0.38691 0.38252 0.45547 0.38216 0.43225 0.30802 0.50630 0.60227 0.45960 0.38551 0.44863 0.39135 0.39651 0.36458 0.35295 0.29204 0.24708 0.18631 0.13669 0.07156 0.03032 -0.09711 -0.07322 -0.06263 -0.05127 0.02312 0.04263 0.07828 0.04357 0.05286 0.06385 0.04388 0.05655 0.10670 0.13879 0.18344 0.21598 0.27232 0.26051 0.37109 0.34270 0.45847 0.44295 0.54820 0.53880 0.70789 0.73544 1.02211 1.02403
-9999 -9999 -9999 0.71793 0.72235 0.77986 0.69298 0.78862 0.72715 0.80304 0.89509 1.01648 1.04469 1.01020 0.99766 0.95209 0.92899 0.93538 0.90013 0.82267 0.74172 0.63638 0.59566 0.56783 0.57587 0.48386 0.49629 0.37373 0.37225 0.28049 0.40783 0.41362 0.44658 0.37140 0.31371 0.35467 0.23891 0.23010 0.29146 0.24059 0.13928 0.08908 0.15625 0.10344 -0.00728 -0.06845 -0.06053 -0.11912 -0.04327 -0.03518 -0.02234 -0.00006 0.01087 0.05128 0.05407 0.07708 0.06480 0.11069 0.12035 0.21104 0.22231 0.39328 0.38392 0.57944 0.60025 0.95358 0.96652 1.25339 1.28630 1.73019 1.68568 2.13560 2.05858
-9999 -9999 -9999 0.75311 0.80785 0.75758 0.74609 0.81457 0.81692 0.93622 0.94095 1.07291 0.95517 0.81416 0.67428 0.79530 0.93664 0.89487 0.87074 0.85142 0.77923 0.66336 0.64184 0.57780 0.53405 0.52707 0.52265 0.49230 0.44593 0.35325 0.35258 0.39182 0.47773 0.42879 0.37656 0.31789 0.32238 0.28962 0.23938 0.12380 0.06475 0.08750 0.15681 0.14303 0.03597 -0.05759 -0.03022 -0.03241 -0.04427 -0.02673 -0.00914 0.00737 0.02528 0.04718 0.06252 0.07546 0.07262 0.16924 0.15459 0.24125 0.24971 0.42539 0.43147 0.65513 0.71310 0.99858 1.05983 1.44134 1.41459 1.79151 1.85610 2.46757 2.45215
-9999 -9999 -9999 0.63153 0.61514 0.57004 0.50820 0.60403 0.52513 0.59242 0.68228 0.76090 0.41691 0.52595 0.42244 0.46283 0.51806 0.49985 0.53420 0.59054 0.43219 0.41795 0.39441 0.42416 0.52489 0.53173 0.49629 0.40512 0.36595 0.38879 0.47105 0.66117 0.53145 0.37551 0.38971 0.54170 0.58207 0.51110 0.46823 0.33601 0.17851 0.17337 0.17120 0.20570 0.13878 0.12307 0.14148 0.05087 0.04089 0.03632 0.06057 0.08482 0.08635 0.08033 0.10024 0.12619 0.11638 0.18319 0.19150 0.31714 0.28409 0.53909 0.54368 0.83371 0.85860 1.21210 1.24444 1.77148 1.94963 2.38993 2.62503 3.32013 -9999
-9999 -9999 -9999 0.60361 0.64444 0.58708 0.57850 0.62101 0.55862 0.67194 0.69128 0.63960 0.41156 0.40345 0.36724 0.40302 0.37487 0.42697 0.61905 0.80689 0.64737 0.52732 0.53553 0.70069 0.68415 0.70338 0.77854 0.64473 0.57562 0.55806 0.58014 0.61084 0.56492 0.48391 0.47942 0.44384 0.46522 0.54763 0.56891 0.50907 0.39436 0.33730 0.20404 0.15299 0.23743 0.19984 0.18648 0.11008 0.11748 0.11298 0.12360 0.12926 0.14821 0.11083 0.12424 0.16110 0.16713 0.24087 0.23364 0.34026 0.35612 0.59423 0.61061 0.92172 0.97513 1.50707 1.54052 1.98946 2.10794 2.91774 2.94526 -9999 -9999
-9999 -9999 -9999 -9999 0.44256 0.39441 0.39951 0.41218 0.33998 0.37948 0.43584 0.41442 0.10292 0.28105 -9999 -9999 -9999 -9999 -9999 0.40228 0.33524 0.46455 0.48874 0.48228 0.49534 0.68559 0.84991 0.70866 0.73085 0.79110 0.75280 0.73333 0.68461 0.69572 0.84955 0.80811 0.77748 0.76568 0.77124 0.72771 0.64225 0.61976 0.59440 0.51544 0.48654 0.45548 0.38724 0.35894 0.37638 0.33352 0.32136 0.30459 0.29684 0.26541 0.25868 0.26403 0.26407 0.34230 0.35883 0.44003 0.41801 0.57931 0.58987 0.96737 1.05265 1.46844 1.58843 2.41697 2.53905 -9999 -9999 -9999 -9999
-9999 -9999 0.67204 0.46064 0.47193 0.42888 0.38948 0.42747 0.39091 0.41171 0.44461 0.39592 0.16555 -9999 -9999 -9999 -9999 -9999 0.25684 0.46488 0.56434 0.87044 0.81621 0.79560 0.75695 0.86714 1.06394 1.04531 1.07506 1.05688 1.05264 1.07313 1.02771 1.06686 1.08651 1.11870 1.02380 0.87565 0.85728 0.81142 0.76228 0.80383 0.77831 0.70862 0.64958 0.59341 0.53166 0.47933 0.50781 0.46410 0.43123 0.45619 0.48941 0.47502 0.40683 0.43851 0.36661 0.40747 0.39976 0.50671 0.48489 0.68657 0.70777 1.03971 1.16658 1.71542 1.91696 -9999 -9999 -9999 -9999 -9999 -9999
-9999 -9999 0.72320 0.46796 0.46114 0.38441 0.36656 0.35610 0.32936 0.31943 0.30549 0.28163 0.20982 -9999 -9999 -9999 -9999 0.40762 0.28894 0.62168 0.77290 1.02913 1.11068 1.27203 1.33028 1.35875 1.32393 1.25355 1.34358 1.35357 1.26212 1.24909 1.27368 1.27649 1.19802 1.15945 1.14514 1.15849 1.05193 1.03004 1.13436 1.10253 1.09536 1.08993 1.01200 0.93225 0.92961 0.72537 0.80221 0.72143 0.70007 0.66195 0.62685 0.55971 0.50875 0.52626 0.53928 0.47958 0.44268 0.53229 0.52644 0.64181 0.68893 0.97648 1.09011 -9999 -9999 -9999 -9999 -9999 2.59601 -9999 -9999
-9999 -9999 0.71124 0.46333 0.46607 0.39120 0.32949 0.31548 0.33345 0.31981 0.27781 0.16314 0.31688 -9999 -9999 -9999 -9999 0.40887 0.43462 0.92108 1.15548 1.56011 1.66069 1.70457 1.66427 1.64532 1.42274 1.46947 1.48178 1.42096 1.35632 1.44370 1.42187 1.31211 1.39474 1.37714 1.30105 1.35408 1.21013 1.27904 1.28843 1.35363 1.42840 1.36440 1.26086 1.06993 1.03083 0.91244 0.90877 0.88795 0.89152 0.74219 0.64510 0.57488 0.64332 0.65134 0.59377 0.64360 0.64868 0.69548 0.74666 0.96745 0.96407 1.11737 1.08181 1.47624 1.86753 2.03697 2.16776 -9999 -9999 -9999 3.37776
-9999 -9999 -9999 0.61378 0.59674 0.45214 0.34559 0.16984 0.32515 0.26493 0.17092 0.05620 -9999 -9999 -9999 -9999 0.33480 0.45850 0.74905 1.12605 1.55424 1.80550 1.73262 1.87062 1.81626 1.68698 1.60730 1.45062 1.45170 1.43830 1.48901 1.38622 1.43409 1.56327 1.62882 1.59960 1.56712 1.62025 1.51044 1.48920 1.52812 1.64101 1.70359 1.73775 1.63153 1.47968 1.37352 1.19177 1.14092 1.00891 0.87502 0.84201 0.80824 0.69061 0.66373 0.59756 0.56509 0.51936 0.51340 0.57863 0.53365 0.53199 0.46699 0.55882 0.47711 1.05641 1.27787 1.68379 1.80153 1.87643 -9999 -9999 2.19542
-9999 -9999 -9999 -9999 0.48024 0.31274 0.31155 0.33030 0.31461 0.16829 0.30246 -9999 -9999 -9999 -9999 0.41115 0.36731 0.67909 1.05729 1.34943 1.54396 1.96374 1.91606 1.81837 1.86857 1.82604 1.73721 1.59538 1.52546 1.56672 1.51772 1.56262 1.57807 1.74320 1.72681 1.74698 1.71125 1.68910 1.60435 1.58070 1.58505 1.74895 1.84373 1.99202 1.86577 1.66591 1.51939 1.34830 1.34862 1.17252 1.10042 0.93092 0.92191 0.79393 0.77343 0.66046 0.70976 0.62291 0.57535 0.57796 0.52784 0.52600 0.45701 0.72191 0.66327 1.15781 1.40289 1.89983 1.81274 2.07916 2.12878 2.49623 2.20879
-9999 -9999 -9999 -9999 -9999 -9999 0.50382 0.37779 0.19477 0.60619 0.38786 -9999 -9999 -9999 -9999 -9999 0.58179 1.08361 1.26701 1.79853 1.77584 2.16428 1.94711 2.02395 1.95379 1.93824 1.88175 1.78334 1.72969 1.70132 1.66870 1.72330 1.77482 1.69578 1.76835 1.77711 1.72350 1.73714 1.72170 1.79965 1.83701 1.86415 1.88368 2.05119 1.97760 1.89336 1.81352 1.60899 1.51438 1.26889 1.17334 0.90378 0.81148 0.85365 0.82305 0.66433 0.61651 0.60891 0.50103 0.43296 0.24488 0.29125 0.30223 0.46258 0.42020 0.70968 0.92330 1.52863 1.47041 1.62985 1.58983 1.83814 1.69181
-9999 -9999 -9999 -9999 -9999 -9999 -9999 -9999 -9999 -9999 -9999 -9999 -9999 -9999 -9999 -9999 -9999 -9999 -9999 1.81240 1.94011 2.26472 2.11721 2.14102 2.09553 2.04236 1.92295 1.75077 1.58234 1.55082 1.66699 1.77072 1.76114 1.78675 1.82109 1.84353 1.88847 1.94675 1.93297 1.92931 1.96587 2.05316 2.10901 2.13900 2.09111 2.04458 2.06059 1.82864 1.67971 1.41498 1.29914 1.07879 1.02892 0.97871 1.04112 0.81616 0.80226 0.53002 0.47292 0.42035 0.32756 0.37272 0.35465 0.51938 0.51770 0.99488 1.21540 1.73593 1.63933 1.71711 1.65651 1.99433 1.82471
-9999 -9999 -9999 -9999 -9999 -9999 -9999 -9999 -9999 -9999 -9999 -9999 -9999 -9999 -9999 -9999 -9999 -9999 2.04938 2.51065 2.60500 2.68883 2.52685 2.60493 2.61888 2.60581 2.60797 2.16151 2.04813 1.82957 1.78775 1.82278 1.82514 1.83950 1.85304 1.98194 2.01300 2.10437 2.04306 2.08941 2.07834 2.39423 2.41360 2.24347 2.23428 2.13700 2.15612 1.92116 1.81836 1.44003 1.37554 1.05949 0.97168 0.79054 0.88696 0.86902 0.78261 0.48202 0.36237 0.28728 0.30996 0.41698 0.35212 0.43913 0.45491 0.79725 0.85518 1.18138 1.20191 1.50532 1.44913 1.56690 1.61275
-9999 -9999 -9999 -9999 -9999 -9999 -9999 -9999 -9999 -9999 -9999 -9999 -9999 -9999 -9999 -9999 -9999 2.08089 2.18404 2.78398 2.62628 2.66293 2.79014 3.07620 3.36732 3.23774 2.99490 2.37055 2.12807 1.95698 1.91029 1.91373 1.93472 1.81883 1.89312 2.03461 2.02252 2.14081 2.21557 2.18433 2.21379 2.55200 2.60863 2.56858 2.45796 2.41159 2.33455 2.06543 2.03001 1.44156 1.35110 0.91220 0.81093 0.81355 0.90728 0.95474 0.78353 0.61104 0.55761 0.52895 0.49842 0.61894 0.34897 0.50232 0.74463 0.96082 0.92250 1.18000 1.14917 1.56282 1.44622 1.74270 1.75755
-9999 -9999 -9999 -9999 -9999 -9999 -9999 -9999 -9999 -9999 -9999 -9999 -9999 -9999 -9999 -9999 -9999 2.58993 2.66071 2.57183 2.54484 3.04054 3.29174 3.83933 4.43626 4.10051 3.90371 3.35815 3.01236 2.34140 2.28208 2.17124 2.15083 2.01405 2.12811 2.02831 2.09283 2.23387 2.11594 2.35390 2.49139 2.66298 2.77662 2.95208 2.97798 2.97011 2.79144 2.20746 2.13592 1.75227 1.57930 0.97336 0.95184 0.83145 1.03744 1.02823 0.84731 0.76606 0.69784 0.62258 0.63393 0.62074 0.49057 0.41017 0.37640 0.49034 0.75049 0.91337 0.89038 1.42219 1.28320 1.54739 1.45819
-9999 -9999 -9999 -9999 -9999 -9999 -9999 -9999 -9999 -9999 -9999 -9999 -9999 -9999 -9999 -9999 2.21181 2.36700 2.47338 2.44958 3.03387 3.99708 4.18682 4.14634 4.61815 4.05091 4.14065 3.66870 3.45561 2.73511 2.63007 2.35142 2.24375 2.15260 2.19528 2.08561 2.09942 2.34928 2.35608 2.67792 2.88220 2.87580 2.85299 3.18032 3.10622 3.04740 2.91067 2.39894 2.29121 1.74583 1.67627 1.14170 1.10560 0.87942 0.95515 1.07793 1.01859 1.03648 0.94634 0.65752 0.59565 0.66804 0.61719 0.45944 0.51308 0.65654 0.52705 0.90156 0.92398 1.40905 1.28207 1.67451 1.53905
-9999 -9999 -9999 -9999 -9999 -9999 -9999 -9999 -9999 -9999 -9999 -9999 -9999 1.97161 2.20677 2.51254 2.65741 2.22011 2.30002 2.89983 3.07954 2.51017 3.66277 4.87499 4.62924 4.75288 4.70890 4.11278 4.05013 3.84206 3.75419 3.24592 2.98820 2.74284 2.79691 2.86967 2.89052 3.20618 2.98140 3.25524 3.35729 3.45462 3.62631 3.91457 4.02664 3.53028 3.29797 2.97127 3.03319 2.61776 2.41950 1.83935 1.70994 1.24997 1.14236 1.52617 1.34913 1.17141 1.09007 0.95687 0.84737 0.91624 0.64538 0.72888 0.72170 0.65989 0.49261 0.86343 0.97005 1.63981 1.53561 1.98377 1.89536
-9999 -9999 -9999 -9999 -9999 -9999 -9999 -9999 -9999 -9999 -9999 -9999 2.17439 2.37545 2.39366 2.74567 2.57193 2.61369 1.39234 3.46791 2.37878 2.46176 4.48071 4.87348 4.70135 4.81286 4.62432 4.46007 4.32876 4.15538 4.12547 3.26992 3.21770 3.07019 3.06799 3.20045 3.28486 3.44984 3.16350 3.51523 3.70985 3.86378 4.14534 4.45133 4.39674 3.85725 3.82016 3.15774 3.19873 2.94385 2.83810 2.39301 2.21309 1.80949 1.39551 1.28714 1.84584 1.45363 1.24297 1.12895 1.10806 1.06811 0.95719 0.75918 0.56834 0.58191 0.48737 0.88926 1.20227 1.69766 1.49351 2.02115 2.05932
-9999 -9999 -9999 -9999 -9999 -9999 -9999 -9999 -9999 -9999 -9999 2.26881 2.42223 2.63229 2.64605 3.10344 3.39017 3.34707 3.27668 2.47065 2.23817 4.05655 4.14758 5.01642 4.86521 4.31173 4.21622 4.19658 5.05364 4.97115 4.79706 4.42729 4.35573 4.23777 4.25499 4.10870 3.59266 3.44606 3.49411 3.75906 3.84286 4.14779 4.80507 4.56767 4.45866 4.03160 3.81002 3.33301 3.39818 2.93240 2.88760 2.65503 2.53023 2.39901 2.30062 1.95407 2.13644 2.01071 1.79366 1.61473 1.65547 0.94988 0.86108 0.91517 0.79068 0.86448 0.80273 1.74442 1.82353 2.21880 2.06620 2.74167 2.99029
-9999 -9999 -9999 -9999 -9999 -9999 -9999 -9999 -9999 -9999 2.78750 2.87428 2.94083 3.35677 3.31254 3.34795 3.57726 3.60215 3.48292 2.51605 2.63824 3.21080 4.22629 4.66394 4.39085 4.48606 4.26781 5.29958 5.30226 5.20654 5.02715 4.92221 5.03113 4.72112 4.17012 3.96363 3.41838 3.50803 3.27622 3.80823 3.98096 4.56160 4.89077 4.38615 4.17586 3.75151 3.66802 3.29989 3.40599 2.93489 2.96075 2.63270 2.92276 2.69265 2.70664 2.51996 2.54637 2.23477 1.52248 1.35332 1.42104 1.10306 0.97990 1.05784 0.91374 0.87964 0.91007 1.96060 1.81626 2.12691 2.03752 3.12194 2.93935
-9999 -9999 -9999 -9999 -9999 -9999 -9999 -9999 -9999 3.21993 3.26593 3.39808 3.49540 3.39254 3.52308 3.28367 3.28008 3.12676 2.61757 2.43182 2.50524 2.14286 2.24814 3.40479 4.18016 4.53718 4.59239 5.04059 4.98155 4.32227 5.39510 5.29863 5.71604 4.82944 4.62140 3.99393 3.34459 3.45911 3.63262 4.23132 4.65967 4.35570 4.64761 4.63052 4.38430 3.93405 3.91220 3.42148 3.32767 3.20354 3.22263 3.00887 2.96934 2.68259 2.64395 3.23798 2.91676 2.47547 2.32419 2.54187 2.41782 2.24558 2.01535 1.97562 2.03075 2.29909 2.36814 2.76184 2.32032 2.82467 3.01118 4.10866 4.43647
-9999 -9999 -9999 -9999 -9999 -9999 -9999 -9999 -9999 -9999 3.27906 2.31632 1.56832 3.47899 3.41890 3.34369 3.46408 2.96709 3.04640 2.75129 2.56277 2.41182 2.41928 -9999 -9999 -9999 -9999 -9999 -9999 4.44196 5.02335 4.97845 5.49879 5.06099 4.71551 4.03853 3.45095 3.79710 2.73549 4.60627 5.05728 4.48064 4.57242 4.69002 4.59677 4.26260 4.17165 3.53583 3.35108 3.20417 3.39901 3.17032 3.12560 2.60907 2.80647 3.28970 3.08411 2.78713 2.62073 2.70569 2.59313 2.38833 2.27175 2.21415 2.22539 2.74325 2.61504 2.64139 2.15252 2.96685 3.05806 4.30076 5.20501
-9999 -9999 -9999 -9999 -9999 -9999 -9999 -9999 -9999 -9999 -9999 -9999 0.98398 0.75287 1.89790 3.88967 2.77898 4.72918 4.75262 -9999 -9999 -9999 -9999 -9999 -9999 -9999 -9999 -9999 -9999 -9999 -9999 -9999 -9999 4.33610 4.37312 4.35730 4.29002 3.98444 4.18892 3.94691 4.21574 4.31730 3.62723 4.30484 4.35606 4.93386 4.85919 3.87799 3.63131 3.63830 3.78010 3.39931 3.40736 3.41098 3.50603 4.34940 4.25932 3.90656 3.69859 3.69294 3.59217 3.66434 3.49305 3.79576 3.51739 3.50202 3.20642 3.54485 3.29173 4.54739 4.79385 5.89073 -9999
-9999 -9999 -9999 -9999 -9999 -9999 -9999 -9999 -9999 -9999 -9999 -9999 -9999 -9999 -9999 -9999 -9999 -9999 -9999 -9999 -9999 -9999 -9999 -9999 -9999 -9999 -9999 -9999 -9999 -9999 -9999 -9999 -9999 -9999 3.64928 2.43130 3.87306 2.32257 2.50636 2.77134 2.72371 2.95305 2.72658 2.95315 4.45590 4.60351 5.03878 4.27045 4.08643 4.01472 4.15804 3.63287 3.59435 3.81831 4.12299 4.91093 4.57437 4.26213 3.95751 4.14162 3.76754 3.82690 3.72739 4.10459 3.92460 3.73659 3.33154 3.71041 3.81473 4.91788 4.74259 -9999 -9999
-9999 -9999 -9999 -9999 -9999 -9999 -9999 -9999 -9999 -9999 -9999 -9999 -9999 -9999 -9999 -9999 -9999 -9999 -9999 -9999 -9999 -9999 -9999 -9999 -9999 -9999 -9999 -9999 -9999 -9999 -9999 -9999 -9999 -9999 2.95856 3.07715 2.24576 3.04576 2.80945 3.82657 3.75222 2.62867 2.70903 2.89455 3.71769 4.96657 4.86044 4.52621 4.41883 4.32148 4.24630 4.54283 4.86150 3.97396 4.40265 5.22449 5.47560 5.40047 5.54974 5.58317 5.50817 5.39028 4.78960 5.27729 4.40999 4.22807 4.12582 5.38218 5.77065 7.11644 -9999 -9999 -9999
-9999 -9999 -9999 -9999 -9999 -9999 -9999 -9999 -9999 -9999 -9999 -9999 -9999 -9999 -9999 -9999 -9999 -9999 -9999 -9999 -9999 -9999 -9999 -9999 -9999 -9999 -9999 -9999 -9999 -9999 -9999 -9999 -9999 -9999 -9999 -9999 -9999 -9999 2.86301 3.92271 3.82386 2.70449 4.62133 4.90947 5.17814 4.82216 5.44704 4.74232 4.74944 4.31039 4.42721 4.92374 4.62821 4.17933 4.39014 5.51743 5.49671 5.99681 5.94050 6.03633 5.46520 5.70026 4.73760 4.42347 3.70513 4.40319 4.54523 5.66021 6.66613 -9999 -9999 -9999 -9999
