data/hydroclimate-scenarios/BCSD_hadcm_B1/monthly_summaries/et_monthly_tot_feb.2070-2099.asc
ncols	311
nrows	91
xllcenter	102.75
yllcenter	31.75
cellsize	0.5
NODATA_value	-9999
[rows 0 to 32 of 91, columns 73 to 145 of 311]
-9999 -9999 -9999 -9999 -9999 -9999 -9999 -9999 -9999 -9999 -9999 -9999 -9999 -9999 -9999 -9999 -9999 -9999 -9999 -9999 -9999 -9999 -9999 -9999 -9999 -9999 -9999 -9999 -9999 -9999 -9999 -9999 -9999 -9999 -9999 -9999 -9999 -9999 -9999 -9999 -9999 -9999 -9999 -9999 -9999 -9999 -9999 -9999 -9999 -9999 -9999 -9999 -9999 -9999 -9999 -9999 -9999 -9999 -9999 -9999 -9999 -9999 -9999 -9999 -9999 -9999 -9999 -9999 -9999 -9999 -9999 -9999 -9999
-9999 -9999 -9999 -9999 -9999 -9999 -9999 -9999 -9999 -9999 -9999 -9999 -9999 -9999 -9999 -9999 -9999 -9999 -9999 -9999 -9999 -9999 -9999 -9999 -9999 -9999 -9999 -9999 -9999 -9999 -9999 -9999 -9999 -9999 -9999 -9999 -9999 -9999 -9999 -9999 -9999 -9999 -9999 -9999 -9999 -9999 -9999 -9999 -9999 -9999 -9999 -9999 -9999 -9999 -9999 -9999 -9999 -9999 -9999 -9999 -9999 -9999 -9999 -9999 -9999 -9999 -9999 -9999 -9999 -9999 -9999 -9999 -9999
-9999 -9999 -9999 -9999 -9999 -9999 -9999 -9999 -9999 -9999 -9999 -9999 -9999 -9999 -9999 -9999 -9999 -9999 -9999 -9999 -9999 -9999 -9999 -9999 -9999 -9999 -9999 -9999 -9999 -9999 -9999 -9999 -9999 -9999 -9999 -9999 -9999 -9999 -9999 -9999 -9999 -9999 -9999 -9999 -9999 -9999 -9999 -9999 -9999 -9999 -9999 -9999 -9999 -9999 -9999 -9999 -9999 -9999 -9999 -9999 -9999 -9999 -9999 -9999 -9999 -9999 -9999 -9999 -9999 -9999 -9999 -9999 -9999
-9999 -9999 -9999 -9999 -9999 -9999 -9999 -9999 -9999 -9999 -9999 -9999 -9999 -9999 -9999 -9999 -9999 -9999 -9999 -9999 -9999 -9999 -9999 -9999 -9999 -9999 -9999 -9999 -9999 -9999 -9999 -9999 -9999 -9999 -9999 -9999 -9999 -9999 -9999 -9999 -9999 -9999 -9999 -9999 -9999 -9999 -9999 -9999 -9999 -9999 -9999 -9999 -9999 -9999 -9999 -9999 -9999 -9999 -9999 -9999 -9999 -9999 -9999 -9999 -9999 -9999 -9999 -9999 -9999 -9999 -9999 -9999 -9999
-9999 -9999 -9999 -9999 -9999 -9999 -9999 -9999 -9999 -9999 -9999 -9999 -9999 -9999 -9999 -9999 -9999 -9999 -9999 -9999 -9999 -9999 -9999 -9999 -9999 -9999 -9999 -9999 -9999 -9999 -9999 -9999 -9999 -9999 -9999 -9999 -9999 -9999 -9999 -9999 -9999 -9999 -9999 -9999 -9999 -9999 -9999 -9999 -9999 -9999 -9999 -9999 -9999 -9999 -9999 -9999 -9999 -9999 -9999 -9999 -9999 -9999 -9999 -9999 -9999 -9999 -9999 -9999 -9999 -9999 -9999 -9999 -9999
-9999 -9999 -9999 -9999 -9999 -9999 -9999 -9999 -9999 -9999 -9999 -9999 -9999 -9999 -9999 -9999 -9999 -9999 -9999 -9999 -9999 -9999 -9999 -9999 -9999 -9999 -9999 -9999 -9999 -9999 -9999 -9999 -9999 -9999 -9999 -9999 -9999 -9999 -9999 -9999 -9999 -9999 -9999 -9999 -9999 -9999 -9999 -9999 -9999 -9999 -9999 -9999 -9999 -9999 -9999 -9999 -9999 -9999 -9999 -9999 -9999 -9999 -9999 -9999 -9999 -9999 -9999 -9999 -9999 -9999 -9999 -9999 -9999
-9999 -9999 -9999 -9999 -9999 -9999 -9999 -9999 -9999 -9999 -9999 -9999 -9999 -9999 -9999 -9999 -9999 -9999 -9999 -9999 -9999 -9999 -9999 -9999 -9999 -9999 -9999 -9999 -9999 -9999 -9999 -9999 -9999 -9999 -9999 -9999 -9999 -9999 -9999 -9999 -9999 -9999 -9999 -9999 -9999 -9999 -9999 -9999 -9999 -9999 -9999 -9999 -9999 -9999 -9999 -9999 -9999 -9999 -9999 -9999 -9999 -9999 -9999 -9999 -9999 -9999 -9999 -9999 -9999 -9999 -9999 -9999 -9999
-9999 -9999 -9999 -9999 -9999 -9999 -9999 -9999 -9999 -9999 -9999 -9999 -9999 -9999 -9999 -9999 -9999 -9999 -9999 -9999 -9999 -9999 -9999 -9999 -9999 -9999 -9999 -9999 -9999 -9999 -9999 -9999 -9999 -9999 -9999 -9999 -9999 -9999 -9999 -9999 -9999 -9999 -9999 -9999 -9999 -9999 -9999 -9999 -9999 -9999 -9999 -9999 -9999 -9999 -9999 -9999 -9999 -9999 -9999 -9999 -9999 -9999 -9999 -9999 -9999 -9999 -9999 -9999 -9999 -9999 -9999 -9999 -9999
-9999 -9999 -9999 -9999 0.26262 -9999 -9999 -9999 -9999 -9999 -9999 -9999 -9999 -9999 -9999 -9999 -9999 -9999 -9999 -9999 -9999 -9999 -9999 -9999 -9999 -9999 -9999 -9999 -9999 -9999 -9999 -9999 -9999 -9999 -9999 -9999 -9999 -9999 -9999 -9999 -9999 -9999 -9999 -9999 -9999 -9999 -9999 -9999 -9999 -9999 -9999 -9999 -9999 -9999 -9999 -9999 -9999 -9999 -9999 -9999 -9999 -9999 -9999 -9999 -9999 -9999 -9999 -9999 -9999 -9999 -9999 -9999 -9999
0.33798 0.25557 0.23342 0.23493 0.28200 0.27919 0.44114 0.43374 0.45169 0.46156 0.31091 0.30932 0.26268 0.26291 0.25557 0.25310 0.25730 0.25805 0.31400 0.31309 -9999 -9999 -9999 -9999 -9999 -9999 -9999 -9999 -9999 -9999 -9999 -9999 -9999 -9999 -9999 -9999 -9999 -9999 -9999 -9999 -9999 -9999 -9999 -9999 -9999 -9999 -9999 -9999 -9999 -9999 -9999 -9999 -9999 -9999 -9999 -9999 -9999 -9999 -9999 -9999 -9999 -9999 -9999 -9999 -9999 -9999 -9999 -9999 -9999 -9999 -9999 -9999 -9999
-9999 -9999 0.16011 0.15459 0.15457 0.15153 0.16966 0.17153 0.17248 0.16745 0.12778 0.12530 0.07969 0.07710 0.04314 0.03689 0.02407 0.01473 0.04413 0.04723 -9999 -9999 -9999 -9999 -9999 -9999 -9999 -9999 -9999 -9999 -9999 -9999 -9999 -9999 -9999 -9999 -9999 -9999 -9999 -9999 -9999 -9999 -9999 -9999 -9999 -9999 -9999 -9999 -9999 -9999 -9999 -9999 -9999 -9999 -9999 -9999 -9999 -9999 -9999 -9999 -9999 -9999 -9999 -9999 -9999 -9999 -9999 -9999 -9999 -9999 -9999 -9999 -9999
0.19279 0.19330 0.17258 0.17108 0.16651 0.16104 0.18439 0.18571 0.18784 0.18642 0.14160 0.13775 0.09510 0.09107 0.05548 0.04480 0.02732 0.02420 0.04898 0.05232 0.07152 0.07737 0.08048 0.07689 0.12227 0.11941 -9999 -9999 -9999 -9999 -9999 -9999 -9999 -9999 -9999 -9999 -9999 -9999 -9999 -9999 -9999 -9999 -9999 -9999 -9999 -9999 -9999 -9999 -9999 -9999 -9999 -9999 -9999 -9999 -9999 -9999 -9999 -9999 -9999 -9999 -9999 -9999 -9999 -9999 -9999 -9999 -9999 -9999 -9999 -9999 -9999 -9999 -9999
0.12919 0.12992 0.09666 0.09257 0.07690 0.06899 0.07770 0.07439 0.06429 0.06100 0.03208 0.02772 -0.01629 -0.02723 -0.06929 -0.08253 -0.11272 -0.12689 -0.11651 -0.10413 -0.08293 -0.07768 -0.05561 -0.05007 -0.00876 -0.00295 0.06598 0.07010 0.12208 0.12496 0.16665 0.17481 0.19378 0.20027 0.22393 0.23175 0.25464 0.26695 0.29551 0.29816 0.36665 -9999 -9999 -9999 -9999 -9999 -9999 -9999 -9999 -9999 -9999 -9999 -9999 -9999 -9999 -9999 -9999 -9999 -9999 -9999 -9999 -9999 -9999 -9999 -9999 -9999 -9999 -9999 -9999 -9999 -9999 -9999 -9999
0.13475 0.13669 0.10944 0.10951 0.08983 0.08426 0.08777 0.08474 0.07137 0.06695 0.04386 0.03593 -0.00831 -0.01620 -0.05991 -0.07121 -0.09758 -0.11227 -0.09935 -0.08454 -0.06293 -0.06194 -0.03610 -0.03813 -0.00228 0.00240 0.08093 0.08508 0.13137 0.13488 0.18419 0.19863 0.20449 0.21265 0.23684 0.23793 0.27141 0.28706 0.30484 0.31344 0.38496 0.39693 -9999 -9999 -9999 -9999 -9999 -9999 -9999 -9999 -9999 -9999 -9999 -9999 -9999 -9999 -9999 -9999 -9999 -9999 -9999 -9999 -9999 -9999 -9999 -9999 -9999 -9999 -9999 -9999 -9999 -9999 -9999
0.06419 0.06684 0.05458 0.05587 0.04390 0.03905 0.03470 0.02824 0.01631 0.01112 -0.02408 -0.03285 -0.08730 -0.10144 -0.13865 -0.15312 -0.16635 -0.17643 -0.16668 -0.16385 -0.15216 -0.14948 -0.13665 -0.11823 -0.11329 -0.11784 -0.07667 -0.06771 -0.05241 -0.05202 -0.04476 -0.04350 -0.04110 -0.03874 0.01448 0.02066 0.03799 0.03864 0.04382 0.04389 0.08901 0.08949 -9999 -9999 -9999 -9999 -9999 -9999 -9999 -9999 -9999 -9999 -9999 -9999 -9999 -9999 -9999 0.39211 0.42630 -9999 -9999 -9999 -9999 0.53829 0.45198 0.39057 0.34762 0.37918 0.36644 0.33097 0.67076 0.64371 0.88219
0.07570 0.07921 0.07452 0.07031 0.06182 0.05679 0.05171 0.05227 0.02604 0.01513 -0.01543 -0.02253 -0.07036 -0.09097 -0.12548 -0.14775 -0.12534 -0.14474 -0.15722 -0.15470 -0.14339 -0.12047 -0.09556 -0.11900 -0.10497 -0.11090 -0.06809 -0.07015 -0.04612 -0.04418 -0.04071 -0.04131 -0.02807 -0.00510 0.04359 0.03244 0.04784 0.05896 0.05560 0.04668 0.09096 0.09274 0.19901 0.20711 0.25513 0.23089 0.16692 0.17191 0.17075 0.16948 0.19093 0.21118 0.21204 0.20563 0.37065 0.35917 0.40358 0.41553 0.44640 -9999 -9999 -9999 -9999 -9999 0.52125 0.50336 0.39615 0.36868 0.38379 0.35614 0.64734 0.64901 0.87028
0.04667 0.05166 0.04431 0.03614 0.02249 0.01687 0.01729 0.00353 -0.00477 -0.00902 -0.04681 -0.04774 -0.05758 -0.07175 -0.09587 -0.08177 -0.10772 -0.15947 -0.12940 -0.13481 -0.10748 -0.09685 -0.09388 -0.09760 -0.09886 -0.10309 -0.09748 -0.06185 -0.07610 -0.07094 -0.03567 -0.07980 -0.03543 0.01336 -0.00328 0.01004 -0.03323 -0.00666 0.00532 -0.00235 0.02389 -0.00209 0.03037 0.03248 0.12734 0.09499 0.00596 0.00030 -0.00817 0.02058 0.06805 0.04647 0.07983 0.05955 0.17379 0.17964 0.25757 0.25159 0.28820 0.27914 0.37341 0.34517 0.44204 0.44844 0.42409 0.40942 0.27304 0.25532 0.27007 0.25343 0.48987 0.44561 0.63262
0.06107 0.05533 0.04769 0.04896 0.03908 0.02938 0.01676 0.00833 0.00590 -0.00330 -0.03983 -0.04055 -0.03391 -0.00458 -0.06998 -0.09431 -0.06056 -0.08195 -0.09275 -0.13190 -0.11576 -0.12484 -0.07840 -0.10292 -0.09022 -0.10143 -0.04099 0.00093 0.01098 0.03126 0.03056 -0.04285 -0.02876 0.01801 0.00291 -0.00460 -0.00451 0.03839 0.02056 -0.03915 -0.02687 0.05821 0.13826 0.08213 0.08451 0.03997 0.03615 0.01035 0.02576 -0.01059 0.08387 0.04604 0.08199 0.08275 0.17111 0.17381 0.23241 0.23575 0.30606 0.25906 0.35031 0.36629 0.46196 0.46584 0.45202 0.43344 0.30006 0.25947 0.26498 0.23806 0.47262 0.47416 0.62381
0.05752 0.05975 0.06882 0.06923 0.04755 0.04152 0.03783 0.03307 0.02604 0.01643 0.00365 0.01524 0.04818 0.05477 0.02413 -0.00023 0.01094 0.01542 -0.05794 -0.09147 -0.10450 -0.11421 -0.10354 -0.07871 -0.08818 -0.05508 -0.10664 -0.10989 -0.12183 -0.11246 -0.11911 -0.09976 -0.08375 -0.08200 -0.09367 -0.15442 -0.13539 -0.12938 -0.18211 -0.19107 -0.18437 -0.15837 -0.11161 -0.12709 -0.12769 -0.16299 -0.17533 -0.17418 -0.11392 -0.13345 -0.00029 -0.01088 0.13185 0.14467 0.23877 0.21339 0.23849 0.24312 0.24189 0.24497 0.28116 0.26869 0.39700 0.43539 0.49077 0.50517 0.43892 0.40556 0.43902 0.42583 0.58278 0.52436 0.61251
0.06893 0.06633 0.07320 0.07213 0.07512 0.07981 0.06813 0.06484 0.04915 0.03259 0.02100 0.01731 0.01523 -0.00345 -0.02196 0.01091 0.02720 -0.00258 -0.03136 -0.07926 -0.08822 -0.10221 -0.08438 -0.08787 -0.05824 -0.08748 -0.03315 -0.07626 -0.12666 -0.07047 -0.11405 -0.16585 -0.16175 -0.15438 -0.16695 -0.17498 -0.18245 -0.18095 -0.18760 -0.20757 -0.20810 -0.20016 -0.17036 -0.16704 -0.16012 -0.08661 -0.11922 -0.13170 -0.07700 -0.10372 0.00875 0.01014 0.15817 0.14949 0.22188 0.22221 0.24953 0.28245 0.28371 0.28930 0.33289 0.29574 0.41176 0.40986 0.47782 0.50648 0.46197 0.44614 0.47853 0.48722 0.66984 0.58927 0.68473
0.04958 0.04908 0.04999 0.05617 0.05492 0.05606 0.04156 0.05516 0.03993 0.03269 0.03498 0.02059 0.02144 0.02012 0.02274 0.01331 0.04704 0.04582 0.05937 0.04670 0.00073 -0.06200 -0.09489 -0.06676 -0.08493 -0.10856 -0.09112 -0.08314 -0.11320 -0.14005 -0.15036 -0.15625 -0.17424 -0.16829 -0.17251 -0.16879 -0.20159 -0.20644 -0.20917 -0.21347 -0.23522 -0.23865 -0.20345 -0.18435 -0.14731 -0.17379 -0.17110 -0.16170 -0.10915 -0.13402 0.02810 0.02350 0.20263 0.21144 0.24375 0.24712 0.23794 0.23966 0.30396 0.32359 0.39549 0.40544 0.49860 0.48921 0.59410 0.58176 0.59917 0.59653 0.68691 0.70449 0.96114 0.84613 0.80380
0.06370 0.05729 0.05696 0.06455 0.06241 0.06751 0.06117 0.06845 0.08146 0.06237 0.07500 0.05555 0.03686 0.03579 0.04397 0.03456 0.03135 0.04024 0.00645 0.05382 0.01193 -0.00698 -0.02449 -0.04953 -0.10934 -0.10895 -0.09353 -0.10422 -0.13202 -0.11039 -0.11600 -0.12431 -0.13777 -0.14548 -0.15929 -0.16502 -0.18909 -0.19037 -0.19974 -0.20153 -0.24095 -0.22671 -0.21853 -0.21216 -0.19932 -0.22630 -0.20078 -0.18620 -0.11853 -0.11071 0.02457 0.02760 0.20225 0.21672 0.25666 0.26240 0.26538 0.25500 0.33145 0.33172 0.43259 0.45165 0.57192 0.55526 0.62778 0.63611 0.69450 0.70071 0.83754 0.81871 1.02981 0.80349 0.83628
0.02629 0.02370 0.03127 0.03241 0.03428 0.03343 0.04961 0.04583 0.04135 0.04954 0.06139 0.04154 0.04259 0.03889 0.07109 0.05638 0.09183 0.08911 0.07063 0.07160 0.02798 0.07401 -0.01872 -0.02927 -0.07161 -0.05575 -0.06389 -0.06795 -0.06763 -0.07354 -0.06996 -0.08567 -0.08871 -0.11551 -0.11131 -0.11530 -0.11144 -0.12637 -0.17953 -0.19838 -0.17867 -0.17551 -0.13068 -0.13941 -0.11063 -0.12717 -0.07534 -0.05894 0.01619 0.01118 0.17726 0.19478 0.21219 0.21343 0.17904 0.19628 0.23837 0.24343 0.41305 0.45494 0.55884 0.57392 0.55131 0.56577 0.65430 0.62140 0.82864 0.86570 1.05097 1.06880 1.07883 0.86242 1.10194
0.03381 0.03229 0.03979 0.03753 0.04078 0.03771 0.05215 0.06240 0.04974 0.04627 0.05014 0.04191 0.04766 0.07095 0.06406 0.09657 0.10119 0.09432 0.08630 0.08177 0.02555 0.02772 -0.03694 -0.02531 -0.03483 -0.00232 -0.04540 -0.06196 -0.05336 -0.05599 -0.06659 -0.07739 -0.11605 -0.11886 -0.10550 -0.11545 -0.11794 -0.11888 -0.12371 -0.15411 -0.16057 -0.16092 -0.16168 -0.15791 -0.09068 -0.10586 -0.05742 -0.06754 0.02830 0.01037 0.20609 0.22995 0.22126 0.18904 0.19340 0.20271 0.26311 0.29837 0.50407 0.56197 0.56675 0.57674 0.70808 0.88380 0.90681 0.79846 1.05019 1.05349 1.14373 1.15733 1.28705 1.16728 1.37221
0.02343 0.02220 0.02902 0.02887 0.04478 0.05067 0.05180 0.05185 0.09254 0.05994 0.05743 0.05059 0.06476 0.06253 0.12125 0.09415 0.12994 0.13307 0.11267 0.11256 0.07588 0.09076 0.03750 0.05959 0.03760 0.03187 0.02383 -0.00599 0.00907 0.00501 0.00565 -0.01010 -0.03928 -0.04488 0.01474 0.00155 -0.01016 0.00834 0.00121 -0.00441 -0.02118 -0.02719 0.02843 0.02515 0.11684 0.11163 0.21276 0.20074 0.26539 0.29509 0.42119 0.40992 0.37500 0.38957 0.23899 0.24214 0.24596 0.24833 0.44086 0.47587 0.59518 0.66098 0.70937 0.83667 0.78753 0.79657 1.04593 1.03078 1.41239 1.30315 1.61026 1.52776 1.96506
0.02791 0.02766 0.03560 0.03885 0.05682 0.08162 0.08024 0.07637 0.06768 0.06226 0.06696 0.06250 0.08269 0.07403 0.12239 0.11466 0.13555 0.13363 0.12282 0.12056 0.07813 0.08647 0.05293 0.05100 0.01786 0.02562 0.01058 0.01521 -0.00135 0.00227 -0.01536 -0.02019 -0.02006 -0.02099 0.00621 0.01867 0.00864 0.01567 0.02265 0.00573 -0.00732 -0.00413 0.03260 0.02539 0.11240 0.12326 0.26186 0.22612 0.29597 0.31547 0.47110 0.47824 0.47305 0.49821 0.26770 0.27655 0.27942 0.30819 0.48665 0.51571 0.67105 0.70777 0.77552 0.75085 0.81446 0.81995 1.10071 0.93243 1.22842 1.21267 1.61777 1.45004 1.87085
0.07545 0.07738 0.08683 0.08970 0.12522 0.12305 0.15251 0.14426 0.14343 0.13368 0.12123 0.12510 0.14167 0.13901 0.17166 0.15728 0.16773 0.14419 0.17354 0.17202 0.13578 0.15699 0.14465 0.18909 0.13744 0.14991 0.12052 0.13259 0.15040 0.10425 0.12948 0.11667 0.17073 0.16377 0.25429 0.25181 0.26318 0.26072 0.27081 0.26774 0.33218 0.34698 0.45253 0.46143 0.61364 0.57813 0.91075 0.89240 0.92225 0.95130 0.79598 0.82581 0.60516 0.60949 0.46338 0.49511 0.39546 0.45418 0.45847 0.48934 0.50934 0.53587 0.61000 0.63529 0.83920 0.80678 0.92129 0.79396 1.23410 1.35122 2.23316 2.00693 3.01246
0.07519 0.08670 0.09718 0.10197 0.12728 0.12661 0.15837 0.15621 0.16847 0.16181 0.14078 0.13206 0.14536 0.15386 0.18213 0.18166 0.21286 0.19800 0.17624 0.19825 0.15778 0.18295 0.15636 0.16694 0.12114 0.14281 0.13960 0.17324 0.19382 0.19286 0.14457 0.14206 0.17337 0.19053 0.28201 0.27225 0.27051 0.26141 0.28768 0.27432 0.36431 0.35503 0.47582 0.47723 0.66011 0.62019 0.91997 0.92243 0.99050 1.00457 0.82842 0.85055 0.66003 0.65888 0.49166 0.56489 0.46087 0.50726 0.50779 0.54265 0.53223 0.55796 0.51666 0.51305 0.67329 0.71756 0.89594 0.86351 1.32406 1.32944 2.12813 1.98459 2.57296
0.10726 0.14916 0.17008 0.17699 0.21064 0.24109 0.30177 0.32130 0.34993 0.34644 0.39363 0.38127 0.36417 0.38368 0.41898 0.43699 0.42618 0.44127 0.42316 0.42104 0.38642 0.40368 0.44670 0.46708 0.45366 0.46976 0.50629 0.53154 0.65014 0.62620 0.57120 0.52786 0.57393 0.58991 0.74588 0.69081 0.66366 0.62319 0.74626 0.75509 0.87230 0.96689 0.99753 1.08423 1.30725 1.35472 1.74930 1.77392 1.80548 1.76315 1.40248 1.37813 1.19286 1.25073 1.25953 1.30859 1.31128 1.36997 1.31444 1.27798 1.33025 1.24256 1.30934 1.21795 1.40727 1.42517 1.76258 1.77930 2.33063 2.30023 3.19083 3.26570 4.34396
0.12544 0.12453 0.13927 0.12876 0.24982 0.29399 0.30679 0.29096 0.27243 0.32933 0.40722 0.35526 0.40289 0.40097 0.42159 0.45163 0.47300 0.47713 0.46601 0.42854 0.35346 0.40941 0.41734 0.45558 0.41483 0.41574 0.41872 0.45137 0.53691 0.54112 0.56831 0.54468 0.55427 0.64905 0.74823 0.72667 0.68380 0.71840 0.79227 0.91176 1.03473 1.13634 1.31948 1.29908 1.44185 1.41588 1.75424 1.83485 -9999 -9999 1.48705 1.56017 1.39377 1.38157 1.38407 1.37930 1.40416 1.35591 1.33572 1.22678 1.18886 1.10343 1.17181 1.15350 1.30048 1.32527 1.72802 1.80271 2.33044 2.46715 3.36854 3.44936 4.56742
0.19870 0.19858 0.24068 0.27609 0.40434 0.39296 0.55392 0.49791 0.68869 0.66839 0.71098 0.70846 0.88396 0.94455 1.00457 1.07812 1.18564 1.14546 0.95852 0.97446 0.93853 0.92139 0.81010 0.89213 0.89302 0.96740 1.11873 1.14363 1.22017 1.33463 1.48407 1.41675 1.39212 1.49358 1.65476 1.85990 2.01232 -9999 -9999 -9999 -9999 2.39526 -9999 1.92746 1.73983 1.88265 2.25167 2.43265 -9999 -9999 2.61853 2.55996 2.70722 2.86082 3.18817 3.19274 3.55004 3.50844 3.64773 3.61317 3.77149 3.68499 4.14942 3.55333 3.56734 3.75363 4.41448 4.61037 5.37114 5.56080 -9999 -9999 -9999
0.22025 0.22270 0.30508 0.32514 0.41995 0.41617 0.71011 0.66464 0.81419 0.79248 0.78490 0.80644 0.88777 1.00516 1.09246 1.07035 1.08291 1.15335 0.88766 1.00033 0.94854 0.93083 0.88486 0.94264 0.94356 0.90467 1.10435 1.18356 1.30005 1.30801 1.34006 1.45564 1.42798 1.76792 2.03528 -9999 -9999 -9999 -9999 -9999 -9999 -9999 2.22475 2.09257 2.12300 -9999 -9999 -9999 -9999 -9999 2.81808 2.81121 2.69110 2.91014 3.16573 3.24442 3.73741 3.64680 4.40975 4.43874 4.63829 4.44620 5.05941 5.25442 5.01940 4.54158 5.15347 5.56819 -9999 -9999 -9999 -9999 -9999
0.40967 0.39405 0.57000 0.59056 0.76163 0.71600 1.08495 1.18447 1.21044 1.20517 1.22196 1.32317 1.41576 1.52347 1.53478 1.49925 1.62551 1.55497 1.42868 1.50077 1.50616 1.40306 1.40564 1.49129 1.57238 1.53932 1.60234 1.67976 1.93561 1.89876 2.18927 2.38011 2.63002 3.18359 -9999 -9999 -9999 -9999 -9999 -9999 -9999 -9999 -9999 2.60261 -9999 -9999 -9999 -9999 3.75612 3.71964 4.32140 4.09105 4.67489 5.13302 6.13150 6.27396 6.85281 7.25875 8.51783 8.85001 9.30675 8.84430 9.44629 9.04631 9.46750 -9999 -9999 -9999 -9999 -9999 -9999 -9999 -9999
