data/hydroclimate-scenarios/BCSD_hadcm_B1/monthly_summaries/et_monthly_tot_apr.2070-2099.asc
ncols	311
nrows	91
xllcenter	102.75
yllcenter	31.75
cellsize	0.5
NODATA_value	-9999
[rows 0 to 31 of 91, columns 213 to 283 of 311]
-9999 -9999 -9999 -9999 -9999 -9999 -9999 -9999 -9999 -9999 -9999 -9999 -9999 -9999 -9999 -9999 -9999 -9999 -9999 -9999 -9999 -9999 -9999 -9999 -9999 -9999 -9999 -9999 -9999 -9999 -9999 -9999 -9999 -9999 -9999 -9999 -9999 -9999 -9999 -9999 -9999 -9999 -9999 -9999 -9999 -9999 -9999 -9999 -9999 -9999 -9999 -9999 -9999 -9999 -9999 -9999 -9999 -9999 -9999 -9999 -9999 -9999 -9999 -9999 -9999 -9999 -9999 -9999 -9999 -9999 -9999
-9999 -9999 -9999 -9999 -9999 -9999 -9999 -9999 -9999 -9999 -9999 -9999 -9999 -9999 -9999 -9999 -9999 -9999 -9999 -9999 -9999 -9999 -9999 -9999 -9999 -9999 -9999 -9999 -9999 -9999 -9999 -9999 -9999 -9999 -9999 -9999 -9999 -9999 -9999 -9999 -9999 -9999 -9999 -9999 -9999 -9999 -9999 -9999 -9999 -9999 -9999 -9999 -9999 -9999 -9999 -9999 -9999 -9999 -9999 -9999 -9999 -9999 -9999 -9999 -9999 -9999 -9999 -9999 -9999 -9999 -9999
-9999 -9999 -9999 -9999 -9999 -9999 -9999 -9999 -9999 -9999 -9999 -9999 -9999 -9999 -9999 -9999 -9999 -9999 -9999 -9999 -9999 -9999 -9999 -9999 -9999 -9999 -9999 -9999 -9999 -9999 -9999 -9999 -9999 -9999 -9999 -9999 -9999 -9999 -9999 -9999 -9999 -9999 -9999 -9999 -9999 -9999 -9999 -9999 -9999 -9999 -9999 -9999 -9999 -9999 -9999 -9999 -9999 -9999 -9999 -9999 -9999 -9999 -9999 -9999 -9999 -9999 -9999 -9999 -9999 -9999 -9999
-9999 -9999 -9999 -9999 -9999 -9999 -9999 -9999 -9999 -9999 -9999 -9999 -9999 -9999 -9999 -9999 -9999 -9999 -9999 -9999 -9999 -9999 -9999 -9999 -9999 -9999 -9999 -9999 -9999 -9999 -9999 -9999 -9999 -9999 -9999 -9999 -9999 -9999 -9999 -9999 -9999 -9999 -9999 -9999 -9999 -9999 -9999 -9999 -9999 -9999 -9999 -9999 -9999 -9999 -9999 -9999 -9999 -9999 -9999 -9999 -9999 -9999 -9999 -9999 -9999 -9999 -9999 -9999 -9999 -9999 -9999
-9999 -9999 -9999 -9999 -9999 -9999 -9999 -9999 -9999 -9999 -9999 -9999 -9999 -9999 -9999 -9999 -9999 -9999 -9999 -9999 -9999 -9999 -9999 -9999 -9999 -9999 -9999 -9999 -9999 -9999 -9999 -9999 -9999 -9999 -9999 -9999 -9999 -9999 -9999 -9999 -9999 -9999 -9999 -9999 -9999 -9999 -9999 -9999 -9999 -9999 -9999 -9999 -9999 -9999 -9999 -9999 -9999 -9999 -9999 -9999 -9999 -9999 -9999 -9999 -9999 -9999 -9999 -9999 -9999 -9999 -9999
-9999 -9999 -9999 -9999 -9999 -9999 -9999 -9999 -9999 -9999 -9999 -9999 -9999 -9999 -9999 -9999 -9999 -9999 -9999 -9999 -9999 -9999 -9999 -9999 -9999 -9999 -9999 -9999 -9999 -9999 -9999 -9999 -9999 -9999 -9999 -9999 -9999 -9999 -9999 -9999 -9999 -9999 -9999 -9999 -9999 -9999 -9999 -9999 -9999 -9999 -9999 -9999 -9999 -9999 -9999 -9999 -9999 -9999 -9999 -9999 -9999 -9999 -9999 -9999 -9999 -9999 -9999 -9999 -9999 -9999 -9999
-9999 -9999 -9999 -9999 -9999 -9999 -9999 -9999 -9999 -9999 -9999 -9999 -9999 -9999 -9999 -9999 -9999 -9999 -9999 -9999 -9999 -9999 -9999 -9999 -9999 -9999 -9999 -9999 -9999 -9999 -9999 -9999 -9999 -9999 -9999 -9999 -9999 -9999 -9999 -9999 -9999 -9999 -9999 -9999 -9999 -9999 -9999 -9999 -9999 -9999 -9999 -9999 -9999 -9999 -9999 -9999 -9999 -9999 -9999 -9999 -9999 -9999 -9999 -9999 -9999 -9999 -9999 -9999 -9999 -9999 -9999
-9999 -9999 -9999 -9999 -9999 -9999 -9999 -9999 -9999 -9999 -9999 -9999 -9999 -9999 -9999 -9999 -9999 -9999 -9999 -9999 -9999 -9999 -9999 -9999 -9999 -9999 -9999 -9999 -9999 -9999 -9999 -9999 -9999 -9999 -9999 -9999 -9999 -9999 -9999 -9999 -9999 -9999 -9999 -9999 -9999 -9999 -9999 -9999 -9999 -9999 -9999 -9999 -9999 -9999 -9999 -9999 -9999 -9999 -9999 -9999 -9999 -9999 -9999 -9999 -9999 -9999 -9999 -9999 -9999 -9999 -9999
-9999 -9999 -9999 -9999 -9999 -9999 -9999 -9999 -9999 -9999 -9999 -9999 -9999 -9999 -9999 -9999 -9999 -9999 -9999 -9999 -9999 -9999 -9999 -9999 -9999 -9999 -9999 -9999 -9999 -9999 -9999 -9999 -9999 -9999 -9999 -9999 -9999 -9999 -9999 -9999 -9999 -9999 -9999 -9999 -9999 -9999 -9999 -9999 -9999 -9999 -9999 -9999 -9999 -9999 -9999 -9999 -9999 -9999 -9999 -9999 -9999 -9999 -9999 -9999 -9999 -9999 -9999 -9999 -9999 -9999 -9999
-9999 -9999 -9999 -9999 -9999 -9999 -9999 -9999 -9999 -9999 -9999 -9999 -9999 -9999 -9999 -9999 -9999 -9999 -9999 -9999 -9999 -9999 -9999 -9999 -9999 -9999 -9999 -9999 -9999 -9999 -9999 -9999 -9999 -9999 -9999 -9999 -9999 -9999 -9999 -9999 -9999 -9999 -9999 -9999 -9999 -9999 -9999 -9999 -9999 -9999 -9999 -9999 -9999 -9999 -9999 -9999 -9999 -9999 -9999 -9999 -9999 -9999 -9999 -9999 -9999 -9999 -9999 -9999 -9999 -9999 -9999
-9999 -9999 -9999 -9999 -9999 -9999 -9999 -9999 -9999 -9999 -9999 -9999 -9999 -9999 -9999 -9999 -9999 -9999 -9999 -9999 -9999 -9999 -9999 -9999 -9999 -9999 -9999 -9999 -9999 -9999 -9999 -9999 -9999 -9999 -9999 -9999 -9999 -9999 -9999 -9999 -9999 -9999 -9999 -9999 -9999 -9999 -9999 -9999 -9999 -9999 -9999 -9999 -9999 -9999 -9999 -9999 -9999 -9999 -9999 -9999 -9999 -9999 -9999 -9999 -9999 -9999 -9999 -9999 -9999 -9999 -9999
-9999 -9999 -9999 -9999 -9999 -9999 -9999 -9999 -9999 -9999 -9999 -9999 -9999 -9999 -9999 -9999 -9999 -9999 -9999 -9999 -9999 -9999 -9999 -9999 -9999 -9999 -9999 -9999 -9999 -9999 -9999 -9999 -9999 -9999 -9999 -9999 -9999 -9999 -9999 -9999 -9999 -9999 -9999 -9999 -9999 -9999 -9999 -9999 -9999 -9999 -9999 -9999 -9999 -9999 -9999 -9999 -9999 -9999 -9999 -9999 -9999 -9999 -9999 -9999 -9999 -9999 -9999 -9999 -9999 -9999 -9999
-9999 -9999 -9999 -9999 -9999 -9999 -9999 -9999 -9999 -9999 -9999 -9999 -9999 -9999 -9999 -9999 -9999 -9999 -9999 -9999 -9999 -9999 -9999 -9999 -9999 -9999 -9999 -9999 -9999 -9999 -9999 -9999 -9999 -9999 -9999 -9999 -9999 -9999 -9999 -9999 -9999 -9999 -9999 -9999 -9999 -9999 -9999 -9999 -9999 -9999 -9999 -9999 -9999 -9999 -9999 -9999 -9999 -9999 -9999 -9999 -9999 -9999 -9999 -9999 -9999 -9999 -9999 -9999 -9999 -9999 -9999
9.12348 9.24320 8.20274 8.17618 10.00860 10.21240 -9999 -9999 -9999 -9999 -9999 -9999 -9999 -9999 -9999 -9999 -9999 -9999 -9999 -9999 -9999 -9999 -9999 -9999 -9999 -9999 -9999 -9999 -9999 -9999 -9999 -9999 -9999 -9999 -9999 -9999 -9999 -9999 -9999 -9999 -9999 -9999 -9999 -9999 -9999 -9999 -9999 12.63500 -9999 -9999 -9999 -9999 -9999 -9999 -9999 -9999 -9999 -9999 -9999 -9999 -9999 -9999 -9999 -9999 -9999 -9999 -9999 -9999 -9999 -9999 -9999
7.92512 8.19867 7.89656 8.03527 8.85597 8.97655 5.37473 5.44897 5.26353 5.29720 15.13060 15.12240 14.74740 4.29067 4.57754 4.65314 4.52427 4.85213 4.80035 -9999 -9999 -9999 -9999 -9999 -9999 -9999 -9999 -9999 -9999 -9999 -9999 -9999 -9999 -9999 -9999 -9999 -9999 -9999 -9999 -9999 -9999 -9999 11.08000 11.96600 11.28580 10.24960 9.56200 10.09390 11.59470 -9999 -9999 -9999 11.13550 -9999 -9999 -9999 12.55610 11.41780 11.00380 -9999 -9999 -9999 -9999 -9999 -9999 -9999 -9999 -9999 -9999 -9999 -9999
8.18099 8.57162 8.55911 8.85137 9.77202 10.00980 15.27110 9.27282 9.40694 10.30820 10.64050 13.24010 12.60760 12.73060 5.42505 11.03840 8.95532 8.37258 6.50595 5.81548 5.24431 11.27510 9.77322 9.55715 11.73100 -9999 -9999 -9999 -9999 -9999 11.37800 11.12070 11.34900 11.00140 10.23880 10.23900 11.07050 11.54500 11.70960 12.35160 13.65040 13.85630 10.58690 10.46650 10.35910 10.62420 9.28434 9.23203 11.55210 11.25460 10.17050 10.24420 10.80420 10.67370 10.66860 10.70490 10.94560 9.88464 8.87495 9.09520 9.86546 10.88230 11.21810 12.29270 -9999 -9999 -9999 -9999 -9999 -9999 -9999
7.51842 7.88123 8.49666 8.27847 6.44909 12.96930 10.89830 13.34730 13.56540 12.81670 2.72716 12.49860 11.82520 12.27900 11.08480 9.06032 6.81410 5.95075 4.74501 4.01144 7.89266 10.52550 9.28884 9.69580 9.41622 9.38162 10.41840 10.34260 11.61970 11.98040 10.34930 10.40080 10.49360 9.77474 9.13650 9.39829 9.60984 9.59180 10.46500 10.73280 9.34701 9.08486 10.01160 9.54985 8.34988 8.95188 8.72812 8.99678 9.95345 10.30760 10.01320 10.36350 9.44476 9.44875 9.26932 9.20730 10.56400 10.52820 9.59614 9.53059 8.77051 8.60607 9.79318 8.88352 9.48430 10.07460 10.52830 10.42290 9.71515 9.51911 10.33050
6.77096 7.07827 7.57949 15.57720 12.29100 12.08790 11.81030 10.57030 9.12967 8.40745 7.70617 7.63106 8.49223 6.81886 5.49652 4.76298 5.33459 5.85046 12.79040 7.98974 6.61695 5.12430 11.37580 10.73970 10.02400 9.40843 9.99506 9.15516 10.38010 10.47380 9.64582 10.34970 10.32240 10.44900 9.93603 9.97501 10.45100 10.22900 10.58090 10.70210 9.00260 8.72094 9.79039 9.83124 9.50256 9.76013 10.48760 10.50700 11.28920 11.17410 11.05100 10.88090 10.21810 10.07730 10.08980 9.91596 11.49950 11.51620 10.33600 10.20230 9.41239 9.33572 10.07170 9.92797 10.65630 10.78830 10.70920 10.34880 9.25643 9.08323 10.16650
10.31930 10.10500 9.81784 10.44070 16.27770 15.38440 11.63170 10.99450 10.17370 9.54329 9.81578 9.50508 7.24737 6.40205 3.13202 7.36595 12.26160 11.72310 10.74360 11.04200 9.98603 9.73502 9.92252 10.18970 8.93246 8.95261 9.28242 8.39474 7.90784 7.78015 7.83849 7.81708 6.97553 6.99826 7.67154 7.83380 8.46146 8.15285 6.98361 6.89086 7.46115 6.81586 8.00604 7.93754 8.60867 8.55241 8.79171 9.12580 9.72465 9.79557 9.58934 9.50374 10.00840 10.07640 10.31730 10.37880 10.95660 10.91980 11.30410 11.26330 10.73480 10.51900 7.99481 8.12450 9.27905 8.89823 8.68118 8.66413 8.90065 8.78049 8.82108
12.47310 12.82700 12.04350 12.06890 10.27680 10.21670 10.49670 11.45290 12.35380 12.19750 11.31530 12.12170 11.86030 12.01050 12.65520 13.14710 14.49040 14.89220 12.83990 10.77890 9.34756 8.49386 9.35398 9.80898 8.93594 9.41241 10.30140 10.55510 10.17930 9.32975 9.60571 9.03707 7.72362 8.14398 8.83076 8.56091 8.69004 8.81662 8.05703 7.81326 8.00224 7.99928 7.83008 8.09085 9.30897 8.74515 9.59649 10.25880 11.05250 11.43550 10.07710 9.74286 10.84930 11.43700 11.55420 11.63860 12.18330 11.97990 12.58950 12.59230 11.76200 11.84270 9.69425 9.51368 10.14980 9.97307 9.97473 9.93749 9.99526 9.89953 9.70199
12.20780 12.44360 11.84600 11.53800 12.14470 12.67440 13.38000 15.52060 16.08450 15.80600 11.68130 11.03740 12.09100 11.83290 13.37220 14.23550 15.24310 15.02180 12.52810 11.43330 10.55540 9.98949 9.65621 8.96462 8.96523 8.79884 9.57817 10.32060 10.34020 10.07430 7.95718 8.21329 7.91384 8.22348 9.62448 9.50531 9.88853 9.65837 8.64905 8.34563 8.00777 8.16565 8.41019 8.49654 8.83494 8.59531 8.77218 8.90015 8.80093 8.86743 8.32954 9.16363 9.80438 10.04310 10.42580 10.08690 10.79760 11.10540 12.16120 12.35460 12.59980 12.31900 11.63840 11.45250 11.61310 11.54420 9.35373 8.75529 8.48356 8.36739 8.45957
12.78480 11.45090 10.98340 12.04100 12.05750 12.18150 13.02970 14.28970 12.32100 11.33430 11.42130 11.49760 11.89720 11.78840 12.77700 15.75730 17.52940 17.90480 13.36680 11.64850 9.86173 6.19408 7.06529 8.99556 10.41410 10.73020 11.65210 10.71890 10.73340 10.79880 8.31503 9.16318 8.84625 8.98002 9.79020 10.17940 11.58790 12.17970 10.26910 9.93345 9.27244 9.28396 9.74836 9.43930 10.22560 9.89786 9.85299 9.52492 9.22650 9.25563 10.48910 10.74990 11.51070 10.98310 10.59370 11.11350 11.74350 12.05370 12.35310 13.38960 13.59590 13.64560 12.85290 12.74180 13.01000 13.28010 9.24433 7.91361 8.70408 9.13660 9.42406
12.43650 12.03970 12.01060 11.35480 12.71940 16.38360 15.93510 15.33200 14.36590 15.12240 21.36000 20.32250 14.68940 9.82785 12.82600 15.77900 19.01490 19.07910 17.22710 14.68910 10.31020 7.17095 7.22454 10.09170 9.46262 11.17480 11.82810 11.29700 11.21880 11.26540 9.46387 9.58114 10.09410 10.71730 9.81807 10.62450 12.14810 11.45200 10.20410 10.36920 10.83400 10.62520 10.85470 10.22140 10.54790 10.32160 9.39679 8.99067 9.24959 8.91343 9.13756 9.38141 8.93823 8.65355 9.08902 9.15147 10.16500 11.07260 12.28270 10.61910 9.95917 13.42120 11.37280 11.86620 11.36180 10.94100 8.36229 8.56110 10.42590 10.71650 10.27560
15.34780 17.49700 18.52770 16.78550 17.63950 20.74340 21.48620 22.71050 16.96440 15.47750 15.62850 18.25750 16.39370 17.62040 17.81440 19.67910 17.36880 18.27340 18.55350 15.15290 11.81430 6.45233 9.30633 10.39120 9.29556 9.65217 11.77600 11.71060 11.11020 11.93850 11.70760 12.14410 11.91580 11.69130 11.02350 10.57080 11.30870 11.47700 10.25870 10.20870 10.19820 10.81890 11.59080 10.84320 10.93770 10.60580 9.84084 9.75449 9.17953 9.20164 9.22606 9.59445 9.65244 10.18310 10.69680 10.65650 12.98780 14.13600 11.26810 9.75883 10.96270 11.43700 11.75290 10.30470 10.15540 9.52916 8.40051 8.75332 10.99140 11.82840 11.13790
18.67500 18.78530 16.68240 16.72480 17.54320 18.86910 17.87950 17.02780 16.98010 16.44320 17.67530 17.10510 11.52440 11.64960 10.46960 11.11400 7.23977 9.07534 11.25240 14.36420 14.68930 8.45065 6.13745 6.25655 8.49538 8.76760 6.87507 9.87668 10.08370 10.43740 9.68118 9.64709 9.90626 9.55287 8.78694 8.62009 9.58984 9.34891 9.12429 9.55837 10.89780 11.01110 10.36950 10.17310 10.11030 10.28000 9.89752 10.32830 9.72624 9.87791 9.63187 10.19490 10.07180 10.25290 11.06560 11.54000 11.07500 10.18450 10.53800 10.35840 10.05560 9.86586 10.17480 11.00500 9.95760 10.15280 9.33646 9.83988 9.32773 10.03320 9.20655
18.59790 18.95180 19.22860 18.87160 16.69940 17.17370 16.59860 17.97200 18.23000 18.96400 17.94510 15.87530 19.16400 20.06430 14.43160 18.24420 16.36390 7.25313 15.73200 15.31210 12.52840 13.94620 8.95607 12.62270 10.33720 7.61632 8.66911 8.83031 9.87385 11.30190 10.95200 11.09830 10.32550 10.15100 9.03628 8.94233 10.85920 10.70640 10.66350 10.91460 12.08390 12.55830 11.54240 11.21400 11.12390 10.82630 10.29450 10.84210 10.52230 10.30550 9.92154 9.99718 10.73700 9.80088 10.50500 10.65970 11.29650 11.23970 11.61060 10.85030 11.08590 10.25010 11.30360 12.47500 12.00570 11.28870 9.83256 10.26520 9.86881 9.69398 9.30519
15.11620 14.16790 15.22630 14.89640 15.76940 14.28540 11.96410 11.17910 9.67103 10.91850 13.26180 11.90060 16.15700 22.01130 27.12760 30.59320 30.16700 23.21440 20.17430 14.99270 14.44970 12.45850 12.78150 13.25990 13.10890 13.02610 12.84100 12.33300 11.93060 11.87700 11.99420 12.99450 12.64070 11.64580 11.48170 11.48610 11.66280 12.70930 14.94430 16.39460 14.10930 14.26740 15.13180 14.78410 13.63460 13.93140 13.32950 13.14130 12.58570 12.94120 11.55980 10.50770 10.93950 11.16740 11.00290 10.64250 10.59540 10.82080 11.19760 10.93240 11.70120 10.67730 10.35290 10.05140 11.12290 11.84590 10.98360 10.69430 10.41830 10.73230 11.81350
8.36973 10.47100 11.95000 12.53390 13.73890 13.82700 12.73990 12.10830 9.85405 9.90634 10.79540 10.68850 17.03160 16.58780 14.56540 18.21470 22.10350 22.22960 14.01260 12.50970 13.08770 12.78600 12.71380 13.18370 13.75070 14.13490 13.67970 13.35310 13.55770 12.98470 12.89280 11.92800 11.59530 12.16370 11.42830 11.16690 11.45720 11.72100 12.34780 14.49680 14.50640 14.69810 15.44960 15.84950 14.69230 14.26640 13.06980 13.30590 12.91410 12.90730 12.60800 12.20830 10.88820 10.87560 12.00440 11.16180 11.76530 11.58010 11.51520 11.59120 12.47410 11.71410 11.60440 12.21180 13.66110 13.72330 12.63850 11.70360 10.66470 11.60980 12.08720
10.59430 11.12960 13.19140 14.17460 15.21480 15.63580 15.79100 15.78790 16.26480 16.32660 16.02080 15.67260 16.74420 16.93280 17.69340 17.80130 23.21310 33.15460 22.00920 16.31770 12.44590 11.81350 13.32200 15.19610 11.99140 9.80083 16.49040 16.28490 15.51470 15.51750 16.37850 16.91040 15.57580 11.03860 10.07870 11.26570 12.40260 11.96040 12.53520 12.46820 13.31580 14.74700 16.92160 16.69900 15.68180 15.59980 13.77200 13.59010 13.20240 13.02070 13.33930 13.21610 11.32430 11.85100 11.66470 13.70030 11.90570 11.90840 13.66310 13.51570 13.44490 13.76960 13.79280 13.61510 12.65770 12.40030 12.84010 12.19600 12.21490 12.74290 12.07000
13.32690 15.75320 13.01910 12.74160 13.35340 14.28100 16.10750 15.59660 15.28010 16.15820 19.71410 21.18570 17.89430 15.28810 15.69070 16.49430 15.74990 20.21080 16.92300 14.66620 13.26870 10.36290 12.44820 14.55370 17.02110 18.04880 17.57310 13.75980 14.87890 17.64680 18.99270 16.44170 17.87010 9.69496 9.86576 11.95470 13.19300 12.66120 13.17790 12.63690 14.06660 14.14230 16.01380 16.26450 16.35280 15.42850 13.67980 13.53350 13.32210 13.35950 13.61830 13.67980 11.72450 11.47640 11.35240 15.15370 13.53290 12.73850 15.09370 13.78810 11.68260 11.04370 11.80710 11.78130 11.15140 11.43410 11.67410 12.27710 11.95530 12.55450 12.49460
18.09690 18.95490 18.31790 16.41640 16.60600 18.60790 18.83330 17.66290 17.51020 19.84390 20.89490 22.50670 22.24130 20.76770 16.99640 17.34490 16.73340 16.28540 15.08970 14.07490 12.92930 11.83660 11.32440 13.88650 14.60390 14.76940 15.51860 15.67920 15.69960 15.18540 16.12450 15.72020 18.77280 12.09760 13.87700 14.73410 13.35470 12.71360 13.47530 13.78810 13.52140 13.88130 13.45690 15.30420 17.39550 16.53240 15.04590 14.98310 14.03520 13.95160 13.97490 14.07140 14.88260 12.66950 10.53740 12.78650 13.63590 12.71330 16.57550 16.35040 15.03090 14.12000 12.80700 12.53820 13.22430 13.01190 12.82890 12.51130 11.98250 11.55770 12.06650
22.84010 -9999 25.96520 16.60860 12.24090 8.91763 -9999 10.95640 10.50130 12.82510 13.93080 13.38580 13.13440 15.25480 15.20530 15.61380 21.86770 16.54460 12.14580 13.31270 12.20220 11.55370 11.43630 11.18930 11.68860 12.86190 12.94020 13.21740 13.16130 13.16560 13.46150 18.35200 15.54150 16.34880 15.89130 14.09190 13.40330 12.64240 14.68090 14.73970 15.62460 15.21950 14.13260 13.73640 16.63460 14.82200 15.40960 15.16990 13.84520 13.13780 12.63280 13.04110 13.42650 13.17730 11.09360 14.10450 16.22680 15.93590 16.66070 16.13200 15.24380 15.77610 14.71210 14.53310 14.46890 14.03300 14.15340 13.86910 13.36420 12.97980 13.75290
