data/hydroclimate-scenarios/BCSD_hadcm_B1/monthly_summaries/et_monthly_tot_aug.2070-2099.asc
ncols	311
nrows	91
xllcenter	102.75
yllcenter	31.75
cellsize	0.5
NODATA_value	-9999
[rows 0 to 31 of 91, columns 71 to 141 of 311]
-9999 -9999 -9999 -9999 -9999 -9999 -9999 -9999 -9999 -9999 -9999 -9999 -9999 -9999 -9999 -9999 -9999 -9999 -9999 -9999 -9999 -9999 -9999 -9999 -9999 -9999 -9999 -9999 -9999 -9999 -9999 -9999 -9999 -9999 -9999 -9999 -9999 -9999 -9999 -9999 -9999 -9999 -9999 -9999 -9999 -9999 -9999 -9999 -9999 -9999 -9999 -9999 -9999 -9999 -9999 -9999 -9999 -9999 -9999 -9999 -9999 -9999 -9999 -9999 -9999 -9999 -9999 -9999 -9999 -9999 -9999
-9999 -9999 -9999 -9999 -9999 -9999 -9999 -9999 -9999 -9999 -9999 -9999 -9999 -9999 -9999 -9999 -9999 -9999 -9999 -9999 -9999 -9999 -9999 -9999 -9999 -9999 -9999 -9999 -9999 -9999 -9999 -9999 -9999 -9999 -9999 -9999 -9999 -9999 -9999 -9999 -9999 -9999 -9999 -9999 -9999 -9999 -9999 -9999 -9999 -9999 -9999 -9999 -9999 -9999 -9999 -9999 -9999 -9999 -9999 -9999 -9999 -9999 -9999 -9999 -9999 -9999 -9999 -9999 -9999 -9999 -9999
-9999 -9999 -9999 -9999 -9999 -9999 -9999 -9999 -9999 -9999 -9999 -9999 -9999 -9999 -9999 -9999 -9999 -9999 -9999 -9999 -9999 -9999 -9999 -9999 -9999 -9999 -9999 -9999 -9999 -9999 -9999 -9999 -9999 -9999 -9999 -9999 -9999 -9999 -9999 -9999 -9999 -9999 -9999 -9999 -9999 -9999 -9999 -9999 -9999 -9999 -9999 -9999 -9999 -9999 -9999 -9999 -9999 -9999 -9999 -9999 -9999 -9999 -9999 -9999 -9999 -9999 -9999 -9999 -9999 -9999 -9999
-9999 -9999 -9999 -9999 -9999 -9999 -9999 -9999 -9999 -9999 -9999 -9999 -9999 -9999 -9999 -9999 -9999 -9999 -9999 -9999 -9999 -9999 -9999 -9999 -9999 -9999 -9999 -9999 -9999 -9999 -9999 -9999 -9999 -9999 -9999 -9999 -9999 -9999 -9999 -9999 -9999 -9999 -9999 -9999 -9999 -9999 -9999 -9999 -9999 -9999 -9999 -9999 -9999 -9999 -9999 -9999 -9999 -9999 -9999 -9999 -9999 -9999 -9999 -9999 -9999 -9999 -9999 -9999 -9999 -9999 -9999
-9999 -9999 -9999 -9999 -9999 -9999 -9999 -9999 -9999 -9999 -9999 -9999 -9999 -9999 -9999 -9999 -9999 -9999 -9999 -9999 -9999 -9999 -9999 -9999 -9999 -9999 -9999 -9999 -9999 -9999 -9999 -9999 -9999 -9999 -9999 -9999 -9999 -9999 -9999 -9999 -9999 -9999 -9999 -9999 -9999 -9999 -9999 -9999 -9999 -9999 -9999 -9999 -9999 -9999 -9999 -9999 -9999 -9999 -9999 -9999 -9999 -9999 -9999 -9999 -9999 -9999 -9999 -9999 -9999 -9999 -9999
-9999 -9999 -9999 -9999 -9999 -9999 -9999 -9999 -9999 -9999 -9999 -9999 -9999 -9999 -9999 -9999 -9999 -9999 -9999 -9999 -9999 -9999 -9999 -9999 -9999 -9999 -9999 -9999 -9999 -9999 -9999 -9999 -9999 -9999 -9999 -9999 -9999 -9999 -9999 -9999 -9999 -9999 -9999 -9999 -9999 -9999 -9999 -9999 -9999 -9999 -9999 -9999 -9999 -9999 -9999 -9999 -9999 -9999 -9999 -9999 -9999 -9999 -9999 -9999 -9999 -9999 -9999 -9999 -9999 -9999 -9999
-9999 -9999 -9999 -9999 -9999 -9999 -9999 -9999 -9999 -9999 -9999 -9999 -9999 -9999 -9999 -9999 -9999 -9999 -9999 -9999 -9999 -9999 -9999 -9999 -9999 -9999 -9999 -9999 -9999 -9999 -9999 -9999 -9999 -9999 -9999 -9999 -9999 -9999 -9999 -9999 -9999 -9999 -9999 -9999 -9999 -9999 -9999 -9999 -9999 -9999 -9999 -9999 -9999 -9999 -9999 -9999 -9999 -9999 -9999 -9999 -9999 -9999 -9999 -9999 -9999 -9999 -9999 -9999 -9999 -9999 -9999
-9999 -9999 -9999 -9999 -9999 -9999 -9999 -9999 -9999 -9999 -9999 -9999 -9999 -9999 -9999 -9999 -9999 -9999 -9999 -9999 -9999 -9999 -9999 -9999 -9999 -9999 -9999 -9999 -9999 -9999 -9999 -9999 -9999 -9999 -9999 -9999 -9999 -9999 -9999 -9999 -9999 -9999 -9999 -9999 -9999 -9999 -9999 -9999 -9999 -9999 -9999 -9999 -9999 -9999 -9999 -9999 -9999 -9999 -9999 -9999 -9999 -9999 -9999 -9999 -9999 -9999 -9999 -9999 -9999 -9999 -9999
-9999 -9999 -9999 -9999 -9999 -9999 32.53870 -9999 -9999 -9999 -9999 -9999 -9999 -9999 -9999 -9999 -9999 -9999 -9999 -9999 -9999 -9999 -9999 -9999 -9999 -9999 -9999 -9999 -9999 -9999 -9999 -9999 -9999 -9999 -9999 -9999 -9999 -9999 -9999 -9999 -9999 -9999 -9999 -9999 -9999 -9999 -9999 -9999 -9999 -9999 -9999 -9999 -9999 -9999 -9999 -9999 -9999 -9999 -9999 -9999 -9999 -9999 -9999 -9999 -9999 -9999 -9999 -9999 -9999 -9999 -9999
-9999 -9999 37.66370 31.77850 28.65540 30.07430 33.24860 34.19040 34.42150 35.08950 35.94250 35.80930 38.77350 38.37930 39.09110 38.99550 38.56690 38.09550 39.83590 39.39130 34.99150 33.76810 -9999 -9999 -9999 -9999 -9999 -9999 -9999 -9999 -9999 -9999 -9999 -9999 -9999 -9999 -9999 -9999 -9999 -9999 -9999 -9999 -9999 -9999 -9999 -9999 -9999 -9999 -9999 -9999 -9999 -9999 -9999 -9999 -9999 -9999 -9999 -9999 -9999 -9999 -9999 -9999 -9999 -9999 -9999 -9999 -9999 -9999 -9999 -9999 -9999
-9999 -9999 -9999 -9999 35.37740 36.10580 36.15760 36.24830 37.53450 37.74500 41.19280 41.56830 37.29010 36.95500 37.61990 37.51000 41.51020 41.12140 39.90990 39.97280 39.78780 39.22280 -9999 -9999 -9999 -9999 -9999 -9999 -9999 -9999 -9999 -9999 -9999 -9999 -9999 -9999 -9999 -9999 -9999 -9999 -9999 -9999 -9999 -9999 -9999 -9999 -9999 -9999 -9999 -9999 -9999 -9999 -9999 -9999 -9999 -9999 -9999 -9999 -9999 -9999 -9999 -9999 -9999 -9999 -9999 -9999 -9999 -9999 -9999 -9999 -9999
32.04070 31.83400 32.51710 32.50040 35.27950 35.37190 34.22770 35.46390 36.56930 37.59590 41.48860 41.95820 37.16590 37.47010 38.57930 38.32170 42.23030 42.23410 40.39360 40.47340 36.32510 34.76000 40.34330 40.23850 38.52690 37.81670 35.28120 33.51870 -9999 -9999 -9999 -9999 -9999 -9999 -9999 -9999 -9999 -9999 -9999 -9999 -9999 -9999 -9999 -9999 -9999 -9999 -9999 -9999 -9999 -9999 -9999 -9999 -9999 -9999 -9999 -9999 -9999 -9999 -9999 -9999 -9999 -9999 -9999 -9999 -9999 -9999 -9999 -9999 -9999 -9999 -9999
33.38090 33.30780 33.93800 33.65920 31.65930 32.50110 32.98330 33.30440 37.40930 37.93410 40.28900 40.41700 36.97160 37.04920 38.47920 38.52780 39.54140 37.81950 34.11530 41.66530 41.07520 40.32840 39.45210 39.46610 37.52280 37.26920 34.98060 34.97300 34.70240 34.25040 33.95560 34.04510 34.94690 35.29960 34.61970 34.66840 32.38510 32.22240 31.64970 31.99070 33.94410 33.51070 34.61660 -9999 -9999 -9999 -9999 -9999 -9999 -9999 -9999 -9999 -9999 -9999 -9999 -9999 -9999 -9999 -9999 -9999 -9999 -9999 -9999 -9999 -9999 -9999 -9999 -9999 -9999 -9999 -9999
35.15410 35.83650 35.55620 35.00260 33.82600 33.86820 33.44780 33.16620 37.58670 38.42340 39.54760 39.13060 35.62330 35.78190 37.69870 37.33940 39.31440 38.03460 39.85600 40.89690 40.90800 40.63170 38.68550 42.42980 37.11060 36.16090 34.09990 33.70150 34.97200 36.42030 35.51470 35.59870 34.80170 34.86490 34.69800 34.47620 33.76780 33.21640 32.72870 32.66400 34.83580 35.44530 36.75180 32.39330 -9999 -9999 -9999 -9999 -9999 -9999 -9999 -9999 -9999 -9999 -9999 -9999 -9999 -9999 -9999 -9999 -9999 -9999 -9999 -9999 -9999 -9999 -9999 -9999 -9999 -9999 -9999
38.75270 37.04700 37.08920 37.82050 37.60070 38.11480 41.44010 40.76920 40.20520 39.20060 41.49560 40.75570 43.33680 43.25450 41.49890 40.87450 39.54630 39.72170 39.12680 32.70710 39.62890 39.40580 40.21800 39.87660 37.39220 38.20820 38.35700 37.56330 37.64590 37.52100 36.11870 35.89490 36.33640 36.48900 34.24590 34.76680 35.87980 36.02250 37.20450 37.94810 38.93590 39.49730 40.63390 40.35710 -9999 -9999 -9999 -9999 -9999 -9999 -9999 -9999 -9999 -9999 -9999 -9999 -9999 -9999 -9999 35.88630 37.46700 -9999 -9999 -9999 -9999 41.75300 42.88930 39.84660 43.10500 43.71030 44.65420
38.43770 39.21520 39.98550 39.99650 39.02960 37.98010 41.24290 41.84780 41.56710 41.07490 41.44820 42.07540 45.40510 46.09420 44.50230 43.87180 41.54250 40.70210 33.95970 40.18500 40.79980 39.99340 41.50810 40.01890 38.01570 37.04030 38.91660 39.10410 37.91880 38.14910 37.80910 37.69930 37.48610 37.45420 34.69090 35.26480 36.12030 35.67760 36.71550 31.90260 34.37420 34.81130 35.37350 35.35450 33.06750 32.25570 30.77350 35.79420 38.38540 38.05430 38.01140 39.39820 39.34170 39.10130 39.24080 42.62680 37.19810 37.92620 36.02320 36.44720 38.09050 -9999 -9999 -9999 -9999 -9999 46.17850 45.77650 47.36680 45.24210 44.69570
44.00140 44.13610 41.57070 43.39660 49.66610 45.54360 42.69130 42.83940 42.38510 41.62870 40.20090 40.62450 44.44740 44.54740 43.73710 36.21710 43.40950 42.84480 44.07360 43.36600 41.33600 40.78050 40.73060 40.26480 37.67220 37.83640 38.79440 38.98440 37.96270 38.66340 37.92150 37.42280 37.32380 38.44610 37.21860 37.83700 38.00730 38.29700 35.07140 35.20540 39.89690 33.79660 39.91890 39.44740 37.36830 36.99080 36.60070 35.22630 40.33390 41.89300 38.74400 38.23300 40.00580 42.20950 39.38530 38.96310 38.94780 39.16020 39.89710 43.09640 43.98890 45.21180 41.33770 41.72080 45.11800 45.48500 46.80400 47.10910 48.90710 48.40080 45.05120
44.45040 45.49910 41.91300 45.82370 51.34320 50.09300 45.43000 44.65110 41.51020 41.43900 40.15140 41.36480 45.13100 39.44430 44.22390 44.97140 44.20960 43.57680 44.84660 43.38390 43.81870 41.41060 41.36310 40.61380 38.88640 38.25410 39.68920 39.80070 39.56320 39.98650 39.12520 39.28720 39.31110 38.79250 38.51470 38.70650 33.15680 38.56850 40.14310 41.60130 40.53790 40.38460 40.20490 39.80930 38.24050 37.69120 36.70890 35.09120 38.98730 39.44290 38.81350 36.84810 39.94200 40.08870 40.18290 40.47080 40.77550 41.66650 42.47460 42.53100 41.34980 46.35910 47.72410 47.13440 45.09060 43.75450 46.71610 46.44410 48.22810 47.15530 46.94650
51.80740 48.20460 49.85800 50.01790 52.62830 49.36980 46.30020 49.81260 44.39820 41.61110 40.40160 40.22990 39.40090 40.03660 43.15410 43.71420 42.09840 41.76740 42.09860 44.49450 45.09000 43.56790 43.98590 43.04020 38.73510 39.13230 41.92020 41.64860 42.81640 43.07500 42.67700 37.31910 40.66720 40.91500 39.30630 39.10830 38.60570 39.08830 40.21230 41.46240 41.74430 41.35300 43.82630 44.30410 43.48910 41.12890 38.27380 36.97570 35.89260 36.39570 37.05570 38.14160 39.80870 39.33520 43.85450 43.63010 44.12250 41.58740 39.43450 42.15170 42.56680 41.54050 40.70990 44.44360 48.43480 51.33020 52.11120 53.12750 46.68940 45.88790 47.02630
53.84600 51.56190 54.12640 53.79560 57.60490 50.86550 48.41510 51.26540 46.38630 42.86320 47.22630 44.89650 43.30890 40.50910 42.22060 41.58280 41.25300 41.91520 42.85300 43.92080 45.77910 44.73360 45.80790 44.95430 39.63490 38.91020 42.74010 41.95290 43.49490 37.36720 43.14810 42.98120 40.55080 41.50650 38.47780 39.15550 39.76650 40.28610 40.96080 42.66450 45.29060 45.00000 44.14950 43.90730 44.71300 43.45840 41.16300 41.01230 36.96880 38.14240 39.32850 38.48140 40.21060 39.71780 41.78470 42.02040 43.39210 42.74950 40.53590 41.53070 43.95560 43.76380 46.00170 43.38590 46.68950 50.87180 47.68940 54.48590 48.49390 48.62630 45.30200
54.06390 54.74200 55.42740 53.92650 50.22490 58.37250 54.45360 50.09000 47.09090 45.89590 48.83000 51.58570 46.31800 40.39680 44.47610 44.46860 44.22730 41.44850 41.61190 40.78810 41.55190 41.45140 41.56230 39.93330 40.49390 41.37780 43.54130 42.60360 41.38540 41.94020 41.76240 43.14260 42.69130 42.52640 39.24070 40.69520 41.60300 42.86630 43.56120 42.56680 45.64160 45.97770 45.80580 45.35020 44.02560 42.84580 42.51900 40.47170 38.19520 37.86500 38.82220 39.54390 42.95460 44.18030 44.25000 45.88130 44.52120 44.30000 42.41600 43.32000 46.89880 47.74390 51.14490 48.07420 54.00650 52.62790 56.72720 55.99930 50.14640 45.62660 48.33090
57.35520 57.34450 56.41370 51.72770 53.93450 56.04950 57.89310 55.67620 51.37010 48.70460 44.15870 47.14550 46.69060 47.28110 44.17820 43.33710 47.30630 48.06190 46.64640 48.90440 42.86330 42.58570 42.28000 42.20140 42.53310 43.61180 45.82350 44.71660 44.27070 45.37190 44.99650 47.74570 46.01000 47.27830 43.11870 43.71030 44.73770 45.79430 48.83380 45.37990 45.49700 46.43050 47.68940 46.20130 46.23740 46.06410 44.99270 44.39720 42.41340 41.34980 42.33580 42.93550 45.33810 48.47430 45.00200 46.14280 48.53580 45.51940 44.83630 46.58640 49.61130 49.99540 49.27450 50.39240 54.75400 59.06480 53.66290 53.74550 47.97100 47.05270 51.15670
56.62550 55.71670 50.98510 53.34430 52.00460 49.21730 51.25790 55.71240 49.17700 48.28710 52.34920 53.39120 51.21620 52.61390 47.89330 50.51530 50.94620 47.20930 48.76400 48.96120 53.98100 49.14500 49.80530 49.04140 46.60030 47.21900 46.05370 46.23850 47.19960 46.50470 48.91000 49.05540 50.16000 48.34290 51.30550 49.96500 50.47980 49.94770 50.85790 50.06230 50.27920 51.23690 52.81550 51.02520 52.83180 51.59420 50.39730 50.78370 46.64870 45.20610 45.55250 45.35830 44.19600 44.83740 48.95130 47.60760 46.46410 47.37390 47.95170 50.12640 49.53800 49.64620 48.21990 53.66420 50.93080 52.78950 51.26510 52.30290 53.82670 54.46960 52.07810
59.08200 57.69310 56.84430 58.52270 58.72840 54.67700 56.26290 53.50360 50.10820 50.76020 52.83030 52.98160 53.21790 52.76070 49.50890 49.02760 42.99930 47.50730 48.89500 48.56500 49.97940 51.03420 53.63240 50.21400 48.13750 46.71440 46.77080 46.91070 47.27620 47.77060 49.75850 49.68670 50.41510 49.96660 50.47320 51.94380 53.54630 52.46800 53.08760 52.98200 52.80330 52.77360 53.82360 56.24740 54.66330 51.24510 51.68370 51.44450 49.19510 47.77570 45.97030 46.35900 45.38190 45.21170 46.03050 45.49480 48.21510 49.54310 48.19710 48.86460 49.65790 49.82170 50.37580 51.52610 54.18250 55.23150 54.07230 52.86410 52.36920 52.42600 52.10370
60.15790 58.60090 60.08130 59.59700 60.56990 59.40340 59.02550 57.90880 57.89970 55.81310 55.39760 53.74890 55.66130 51.55990 53.66160 53.76280 48.73880 47.82800 50.14340 47.06160 52.12350 53.01600 54.24030 53.68120 50.34630 47.40160 47.65280 48.96340 49.54680 50.03700 49.52040 48.16450 49.06440 50.01590 53.81890 52.42480 52.59010 52.95890 54.84890 55.02420 55.51880 56.78080 56.21010 58.02730 53.68750 52.45590 52.12970 51.71700 50.79370 47.60090 46.83360 47.06000 48.51900 47.60680 49.47480 49.40520 49.76130 49.42850 51.12470 52.93790 52.53510 51.26660 51.47110 51.55240 52.22840 53.38460 52.59360 51.56280 52.37110 51.38480 50.92890
63.85680 63.17210 61.33470 60.78880 61.90030 60.25150 59.79530 57.69190 58.33340 55.71270 54.87540 53.39670 53.29310 53.03760 55.20910 55.93840 52.51830 51.30720 46.83100 47.85180 53.03230 52.16820 52.57550 52.56700 53.49890 55.59230 50.39550 49.42080 51.12000 53.14560 50.82630 50.97550 50.27040 52.03860 53.59450 56.17710 56.53860 55.98450 54.72310 58.12280 59.70330 56.70360 55.72130 54.44620 55.68810 53.74210 55.16000 55.20930 53.83510 53.24820 47.71310 48.66040 46.49450 46.28010 48.13680 50.21180 51.56380 52.39880 52.21890 54.23140 54.89920 55.50910 53.15480 54.08840 54.64560 54.25540 54.57330 54.41440 53.66480 56.84530 56.06870
66.93100 66.09880 62.85040 63.23420 63.25180 63.63780 63.04140 62.09830 57.27310 57.38530 55.13710 55.24590 55.94940 57.89400 57.65310 57.01780 56.29490 54.28440 52.02260 50.41120 54.21770 53.48300 52.48410 51.61170 51.12070 51.57740 52.47410 51.50850 52.58970 53.55300 52.87230 51.23710 52.20440 55.04520 53.59930 52.04880 57.89700 57.10560 60.40530 55.93610 54.00970 52.92030 55.87990 56.62890 53.94180 52.91140 49.56210 53.06800 54.05470 50.67630 55.15190 51.95020 51.80000 52.64110 53.24750 53.25330 55.79880 56.78430 56.23790 55.90530 52.20720 52.30280 54.69870 55.29530 54.08900 54.60060 52.47500 53.62090 57.54010 57.23100 57.10710
71.94420 69.05950 62.53660 62.80760 62.70400 64.14400 68.19230 61.80620 60.44650 57.21970 53.49750 55.57510 61.52710 60.15760 59.33060 57.62330 56.22860 56.31930 56.09290 54.64320 53.04870 54.97350 52.55570 52.02380 50.28630 52.01390 55.06900 54.22680 55.14180 53.45080 55.46090 52.84060 54.76150 54.81460 54.97100 52.65200 57.97130 55.84620 56.19200 59.48640 59.15570 56.51210 57.70980 53.42710 51.10650 51.62710 53.72910 53.37120 52.65450 53.01070 55.85710 54.68900 54.58970 54.18900 54.43880 55.56940 60.22460 59.94380 57.18120 57.19400 53.25650 53.83470 54.04990 54.30680 55.49190 58.59480 58.32580 56.80780 58.87870 58.19950 57.81710
72.85290 72.39960 65.53900 67.57260 62.83870 62.54250 63.21060 69.77130 68.74700 64.77660 59.13430 59.21970 60.16450 60.78510 57.74280 57.54410 57.23660 56.51330 56.97460 58.14930 57.43610 57.00280 57.63510 55.31950 53.38990 51.82350 54.93230 53.53290 51.70330 52.06470 50.51800 53.20270 53.29700 53.45590 51.60380 55.64940 53.25720 55.10950 55.25340 55.07980 56.85290 61.87800 56.14980 57.76360 55.40690 54.49020 49.22340 51.61060 49.73140 50.29100 54.75930 55.00620 56.57740 55.62890 59.38650 59.45450 61.61010 61.40640 55.56380 56.38280 51.82150 50.22170 59.94320 61.15340 60.18280 60.04370 62.06800 62.17690 60.37400 59.95110 61.18530
75.18230 73.36960 68.35530 69.15260 60.45930 58.38950 61.38790 67.00450 61.56220 59.49160 54.63160 59.39160 61.16310 63.65990 57.79100 61.23020 59.87550 57.69710 58.45240 59.70610 57.77550 58.49320 58.32820 59.19160 54.91420 57.69200 56.52420 55.79050 53.87240 54.84050 54.64300 51.48830 54.64290 54.25940 49.70370 51.26720 55.20750 55.92070 54.15850 56.25840 57.68770 60.26710 60.89580 59.95250 54.72730 53.27850 52.59610 53.26980 52.73010 52.15190 -9999 -9999 58.24860 55.38300 59.10870 60.03950 61.61110 62.10710 58.90520 59.82630 55.12990 56.76720 63.13320 68.62370 63.13730 64.85760 66.77900 66.49110 62.52900 57.72310 58.32140
71.41550 72.16040 72.92180 71.23830 66.71160 71.44510 69.98170 68.66950 63.08210 60.36300 66.82710 62.25360 61.80310 58.29430 61.94270 63.31040 58.48550 57.78810 56.96880 56.35290 64.02520 58.99370 58.55340 59.84660 59.66220 57.21540 55.07760 53.68190 58.96640 56.53550 57.01850 53.58520 53.57480 54.01130 51.18710 54.07760 57.95250 55.30460 54.93750 -9999 -9999 -9999 -9999 58.61660 -9999 60.32470 53.23040 55.81090 55.76870 52.53260 -9999 -9999 57.17700 58.80530 60.06970 60.14750 61.98850 62.31810 59.58140 59.83200 61.56320 62.18230 62.01920 63.22850 63.15750 61.17010 63.10890 64.10730 59.92440 61.56710 63.56500
73.64020 73.78870 74.51860 72.14260 72.96780 75.39440 69.13580 68.64930 72.36940 72.50630 71.33850 69.80060 66.90150 67.86770 65.88680 64.31410 58.96130 59.55090 59.49970 59.43020 62.06710 60.39910 60.43280 58.88680 64.60260 59.50110 60.52770 55.24100 55.83880 56.41200 57.91700 58.09460 52.76170 53.79460 52.85810 56.23500 57.50120 -9999 -9999 -9999 -9999 -9999 -9999 -9999 61.63200 59.74460 59.38310 -9999 -9999 -9999 -9999 -9999 52.61180 59.97160 63.63510 59.65510 57.94790 58.28830 60.94910 61.40410 61.79600 62.14260 62.02900 57.13850 58.06450 61.43970 63.99700 66.22340 62.81900 62.47990 -9999
