data/hydroclimate-scenarios/BCSD_hadcm_B1/monthly_summaries/et_monthly_tot_dec.2070-2099.asc
ncols	311
nrows	91
xllcenter	102.75
yllcenter	31.75
cellsize	0.5
NODATA_value	-9999
[rows 0 to 31 of 91, columns 0 to 72 of 311]
-9999 -9999 -9999 -9999 -9999 -9999 -9999 -9999 -9999 -9999 -9999 -9999 -9999 -9999 -9999 -9999 -9999 -9999 -9999 -9999 -9999 -9999 -9999 -9999 -9999 -9999 -9999 -9999 -9999 -9999 -9999 -9999 -9999 -9999 -9999 -9999 -9999 -9999 -9999 -9999 -9999 -9999 -9999 -9999 -9999 -9999 -9999 -9999 -9999 -9999 -9999 -9999 -9999 -9999 -9999 -9999 -9999 -9999 -9999 -9999 -9999 -9999 -9999 -9999 -9999 -9999 -9999 -9999 -9999 -9999 -9999 -9999 -9999
-9999 -9999 -9999 -9999 -9999 -9999 -9999 -9999 -9999 -9999 -9999 -9999 -9999 -9999 -9999 -9999 -9999 -9999 -9999 -9999 -9999 -9999 -9999 -9999 -9999 -9999 -9999 -9999 -9999 -9999 -9999 -9999 -9999 -9999 -9999 -9999 -9999 -9999 -9999 -9999 -9999 -9999 -9999 -9999 -9999 -9999 -9999 -9999 -9999 -9999 -9999 -9999 -9999 -9999 -9999 -9999 -9999 -9999 -9999 -9999 -9999 -9999 -9999 -9999 -9999 -9999 -9999 -9999 -9999 -9999 -9999 -9999 -9999
-9999 -9999 -9999 -9999 -9999 -9999 -9999 -9999 -9999 -9999 -9999 -9999 -9999 -9999 -9999 -9999 -9999 -9999 -9999 -9999 -9999 -9999 -9999 -9999 -9999 -9999 -9999 -9999 -9999 -9999 -9999 -9999 -9999 -9999 -9999 -9999 -9999 -9999 -9999 -9999 -9999 -9999 -9999 -9999 -9999 -9999 -9999 -9999 -9999 -9999 -9999 -9999 -9999 -9999 -9999 -9999 -9999 -9999 -9999 -9999 -9999 -9999 -9999 -9999 -9999 -9999 -9999 -9999 -9999 -9999 -9999 -9999 -9999
-9999 -9999 -9999 -9999 -9999 -9999 -9999 -9999 -9999 -9999 -9999 -9999 -9999 -9999 -9999 -9999 -9999 -9999 -9999 -9999 -9999 -9999 -9999 -9999 -9999 -9999 -9999 -9999 -9999 -9999 -9999 -9999 -9999 -9999 -9999 -9999 -9999 -9999 -9999 -9999 -9999 -9999 -9999 -9999 -9999 -9999 -9999 -9999 -9999 -9999 -9999 -9999 -9999 -9999 -9999 -9999 -9999 -9999 -9999 -9999 -9999 -9999 -9999 -9999 -9999 -9999 -9999 -9999 -9999 -9999 -9999 -9999 -9999
-9999 -9999 -9999 -9999 -9999 -9999 -9999 -9999 -9999 -9999 -9999 -9999 -9999 -9999 -9999 -9999 -9999 -9999 -9999 -9999 -9999 -9999 -9999 -9999 -9999 -9999 -9999 -9999 -9999 -9999 -9999 -9999 -9999 -9999 -9999 -9999 -9999 -9999 -9999 -9999 -9999 -9999 -9999 -9999 -9999 -9999 -9999 -9999 -9999 -9999 -9999 -9999 -9999 -9999 -9999 -9999 -9999 -9999 -9999 -9999 -9999 -9999 -9999 -9999 -9999 -9999 -9999 -9999 -9999 -9999 -9999 -9999 -9999
-9999 -9999 -9999 -9999 -9999 -9999 -9999 -9999 -9999 -9999 -9999 -9999 -9999 -9999 -9999 -9999 -9999 -9999 -9999 -9999 -9999 -9999 -9999 -9999 -9999 -9999 -9999 -9999 -9999 -9999 -9999 -9999 -9999 -9999 -9999 -9999 -9999 -9999 -9999 -9999 -9999 -9999 -9999 -9999 -9999 -9999 -9999 -9999 -9999 -9999 -9999 -9999 -9999 -9999 -9999 -9999 -9999 -9999 -9999 -9999 -9999 -9999 -9999 -9999 -9999 -9999 -9999 -9999 -9999 -9999 -9999 -9999 -9999
-9999 -9999 -9999 -9999 -9999 -9999 -9999 -9999 -9999 -9999 -9999 -9999 -9999 -9999 -9999 -9999 -9999 -9999 -9999 -9999 -9999 -9999 -9999 -9999 -9999 -9999 -9999 -9999 -9999 -9999 -9999 -9999 -9999 -9999 -9999 -9999 -9999 -9999 -9999 -9999 -9999 -9999 -9999 -9999 -9999 -9999 -9999 -9999 -9999 -9999 -9999 -9999 -9999 -9999 -9999 -9999 -9999 -9999 -9999 -9999 -9999 -9999 -9999 -9999 -9999 -9999 -9999 -9999 -9999 -9999 -9999 -9999 -9999
-9999 -9999 -9999 -9999 -9999 -9999 -9999 -9999 -9999 -9999 -9999 -9999 -9999 -9999 -9999 -9999 -9999 -9999 -9999 -9999 -9999 -9999 -9999 -9999 -9999 -9999 -9999 -9999 -9999 -9999 -9999 -9999 -9999 -9999 -9999 -9999 -9999 -9999 -9999 -9999 -9999 -9999 0.19172 0.17469 0.17088 0.19681 0.19999 0.26079 0.26082 0.26444 0.26438 0.28217 -9999 -9999 -9999 -9999 -9999 -9999 -9999 -9999 -9999 -9999 -9999 -9999 -9999 -9999 -9999 -9999 -9999 -9999 -9999 -9999 -9999
-9999 -9999 -9999 -9999 -9999 -9999 -9999 -9999 -9999 -9999 -9999 -9999 -9999 -9999 -9999 -9999 -9999 -9999 -9999 -9999 -9999 -9999 -9999 -9999 -9999 -9999 -9999 -9999 -9999 -9999 -9999 -9999 -9999 -9999 -9999 -9999 -9999 -9999 0.03177 0.06053 0.06292 0.07254 0.07916 0.06609 0.06431 0.09776 0.09900 0.16859 0.16903 0.19749 0.19687 0.21106 0.22065 0.25967 -9999 -9999 -9999 -9999 -9999 -9999 -9999 -9999 -9999 -9999 -9999 -9999 -9999 -9999 -9999 -9999 -9999 -9999 -9999
-9999 -9999 -9999 -9999 -9999 -9999 -9999 -9999 -9999 -9999 -9999 -9999 -9999 -9999 -9999 -9999 -9999 -9999 -9999 -9999 -9999 -9999 -9999 -9999 -9999 -9999 -9999 -9999 -9999 -9999 -9999 -9999 -9999 -9999 -9999 -9999 -9999 -9999 -9999 -9999 0.06432 0.07258 0.07043 0.05335 0.05342 0.08335 0.09071 0.16267 0.16301 0.18011 0.18717 0.21132 0.21343 0.27976 -9999 -9999 -9999 -9999 -9999 -9999 -9999 -9999 -9999 -9999 -9999 -9999 -9999 -9999 -9999 -9999 -9999 -9999 -9999
-9999 -9999 -9999 -9999 -9999 -9999 -9999 -9999 -9999 -9999 -9999 -9999 -9999 -9999 -9999 -9999 -9999 -9999 -9999 -9999 -9999 -9999 -9999 -9999 -9999 -9999 -9999 -9999 -9999 -9999 -9999 -9999 -9999 -9999 -9999 -9999 -9999 -9999 -9999 -9999 -9999 -9999 -9999 -9999 -0.08201 -0.06773 -0.05945 -0.00752 -0.00352 0.02967 0.03213 0.08949 0.09848 0.10251 -9999 -9999 -9999 -9999 -9999 -9999 0.09440 -9999 -9999 -9999 -9999 -9999 -9999 -9999 -9999 -9999 -9999 -9999 -9999
-9999 -9999 -9999 -9999 -9999 -9999 -9999 -9999 -9999 -9999 -9999 -9999 -9999 -9999 -9999 -9999 -9999 -9999 -9999 -9999 -9999 -9999 -9999 -9999 -9999 -9999 -9999 -9999 -9999 -9999 -9999 -9999 -9999 -9999 -9999 -9999 -9999 -9999 -9999 -9999 -9999 -0.10771 -0.10274 -0.09623 -0.09170 -0.07640 -0.06700 -0.01513 -0.00812 0.02604 0.01553 0.08142 0.08866 0.09497 -9999 -9999 -9999 -9999 -9999 0.09653 0.10076 0.09876 0.10299 0.10855 0.11046 0.10958 0.11067 0.07902 0.08088 0.07752 0.07587 0.08887 0.08463
-9999 -9999 -9999 -9999 -9999 -9999 -9999 -9999 -9999 -9999 -9999 -9999 -9999 -9999 -9999 -9999 -9999 -9999 -9999 -9999 -9999 -9999 -9999 -9999 -9999 -9999 -9999 -9999 -9999 -9999 -9999 -9999 -9999 -9999 -9999 -9999 -9999 -9999 -9999 -9999 -9999 -0.16730 -0.16499 -0.15499 -0.15469 -0.13703 -0.13381 -0.09943 -0.09800 -0.07467 -0.06771 -0.00740 0.00188 0.00958 0.02272 0.00119 0.00740 -9999 0.01596 0.00660 0.01125 0.01090 0.01080 0.02522 0.02816 0.02007 0.02082 0.00230 -0.00024 -0.00653 -0.01152 -0.04438 -0.04748
-9999 -9999 -9999 -9999 -9999 -9999 -9999 -9999 -9999 -9999 -9999 -9999 -9999 -9999 -9999 -9999 -9999 -9999 -9999 -9999 -9999 -9999 -9999 -9999 -9999 -9999 -9999 -9999 -9999 -9999 -9999 -9999 -9999 -9999 -9999 -0.23788 -0.23878 -0.21612 -0.21052 -0.20252 -0.19813 -0.18949 -0.17903 -0.16623 -0.16472 -0.14851 -0.14027 -0.10697 -0.10512 -0.07587 -0.06657 -0.00998 -0.00619 -0.01117 0.00790 -0.00241 0.01484 0.01067 0.01362 0.00838 0.01405 0.00860 0.01085 0.03241 0.03284 0.01793 0.01603 0.00262 0.00173 -0.00540 -0.00481 -0.03897 -0.03639
-9999 -9999 -9999 -9999 -9999 -9999 -9999 -9999 -9999 -9999 -9999 -9999 -9999 -9999 -9999 -9999 -9999 -9999 -9999 -9999 -9999 -9999 -9999 -9999 -9999 -9999 -9999 -9999 -9999 -9999 -9999 -9999 -9999 -9999 -0.24317 -0.22460 -0.22867 -0.20885 -0.20870 -0.23630 -0.23099 -0.20792 -0.20381 -0.17119 -0.14754 -0.15980 -0.15424 -0.16708 -0.15233 -0.13227 -0.11570 -0.09401 -0.08635 -0.07173 -0.06838 -0.07138 -0.06786 -0.07175 -0.07537 -0.06054 -0.05178 -0.03958 -0.03624 -0.04086 -0.04904 -0.05381 -0.05570 -0.04580 -0.03912 -0.04912 -0.04628 -0.05338 -0.05325
-9999 -9999 -9999 -9999 -9999 -9999 -9999 -9999 -9999 -9999 -9999 -9999 -9999 -9999 -9999 -9999 -9999 -9999 -9999 -9999 -9999 -9999 -9999 -9999 -9999 -9999 -9999 -9999 -9999 -9999 -9999 -9999 -9999 -0.26387 -0.26190 -0.23622 -0.23743 -0.21805 -0.22161 -0.24705 -0.23100 -0.20895 -0.18958 -0.14624 -0.17228 -0.17048 -0.15600 -0.16696 -0.13283 -0.11977 -0.10394 -0.08799 -0.06424 -0.06243 -0.05774 -0.06229 -0.05671 -0.06837 -0.06600 -0.04843 -0.04092 -0.03051 -0.03280 -0.04434 -0.03570 -0.04824 -0.04926 -0.03829 -0.03746 -0.04166 -0.03895 -0.05068 -0.04945
-9999 -9999 -9999 -9999 -9999 -9999 -9999 -9999 -9999 -9999 -9999 -9999 -9999 -9999 -9999 -9999 -9999 -9999 -9999 -9999 -9999 -9999 -9999 -9999 -9999 -9999 -9999 -9999 -9999 -9999 -9999 -0.31665 -0.31223 -0.28257 -0.26652 -0.23474 -0.24478 -0.23663 -0.24034 -0.26713 -0.24089 -0.23242 -0.18668 -0.18910 -0.19584 -0.19481 -0.17796 -0.19280 -0.16351 -0.14252 -0.11834 -0.10568 -0.07539 -0.08466 -0.08628 -0.09273 -0.09821 -0.10172 -0.08741 -0.08336 -0.08448 -0.07712 -0.07400 -0.08129 -0.07821 -0.07679 -0.07832 -0.06497 -0.06701 -0.06516 -0.05950 -0.05606 -0.06435
-9999 -9999 -9999 -9999 -9999 -9999 -9999 -9999 -9999 -9999 -9999 -9999 -9999 -9999 -9999 -9999 -9999 -9999 -9999 -9999 -9999 -9999 -9999 -9999 -9999 -9999 -9999 -9999 -9999 -0.30871 -0.33895 -0.31206 -0.29303 -0.27462 -0.28195 -0.25567 -0.25435 -0.22958 -0.24189 -0.26453 -0.28843 -0.24588 -0.23265 -0.22038 -0.20437 -0.19274 -0.17930 -0.18750 -0.14070 -0.13374 -0.10995 -0.08729 -0.07079 -0.08462 -0.07646 -0.08477 -0.09261 -0.09002 -0.09024 -0.09383 -0.08505 -0.07037 -0.06779 -0.06860 -0.06678 -0.07103 -0.06680 -0.05345 -0.05197 -0.06272 -0.06762 -0.04847 -0.03699
-9999 -9999 -9999 -9999 -9999 -9999 -9999 -9999 -9999 -9999 -9999 -9999 -9999 -9999 -9999 -9999 -9999 -9999 -9999 -9999 -9999 -9999 -9999 -9999 -0.36018 -0.35456 -0.35118 -0.35919 -0.35525 -0.36489 -0.33859 -0.33647 -0.31626 -0.31500 -0.31504 -0.30574 -0.29497 -0.23894 -0.23462 -0.25189 -0.25068 -0.27078 -0.28162 -0.25945 -0.23646 -0.24102 -0.22486 -0.17207 -0.13858 -0.13997 -0.12765 -0.09531 -0.08383 -0.09398 -0.09417 -0.10006 -0.10468 -0.10540 -0.09623 -0.09861 -0.10037 -0.10302 -0.09567 -0.08647 -0.08846 -0.07499 -0.07173 -0.04683 -0.06122 -0.06354 -0.05256 -0.03730 -0.03744
-9999 -9999 -9999 -9999 -9999 -9999 -0.31414 -0.31768 -0.27143 -0.30408 -0.34618 -9999 -9999 -9999 -9999 -9999 -9999 -9999 -9999 -9999 -9999 -0.36613 -0.34366 -0.34485 -0.33080 -0.34212 -0.34749 -0.34967 -0.32903 -0.32798 -0.32195 -0.32168 -0.31554 -0.32261 -0.31554 -0.30177 -0.29661 -0.24608 -0.24569 -0.28136 -0.28103 -0.23737 -0.24919 -0.24946 -0.23257 -0.23253 -0.21891 -0.17329 -0.13606 -0.14024 -0.12035 -0.10106 -0.07953 -0.08603 -0.10090 -0.10727 -0.10188 -0.10336 -0.10529 -0.10031 -0.09627 -0.10245 -0.09051 -0.07693 -0.07421 -0.07593 -0.08473 -0.05271 -0.06041 -0.06206 -0.06953 -0.04888 -0.04437
-9999 -9999 -9999 -9999 -9999 -0.37141 -0.35217 -0.31393 -0.36543 -0.38193 -0.40257 -0.34769 -0.37372 -0.34742 -9999 -9999 -9999 -0.33597 -0.35824 -0.34922 -0.36031 -0.31049 -0.29157 -0.31595 -0.27990 -0.24101 -0.27946 -0.32594 -0.33903 -0.31468 -0.27907 -0.28980 -0.28664 -0.28886 -0.32434 -0.29022 -0.26015 -0.25584 -0.30101 -0.31842 -0.30759 -0.26947 -0.23245 -0.24107 -0.23983 -0.23249 -0.20910 -0.15725 -0.13387 -0.13528 -0.11260 -0.10470 -0.09309 -0.10875 -0.11015 -0.11058 -0.10635 -0.11349 -0.12123 -0.11072 -0.10659 -0.10286 -0.10020 -0.10126 -0.09123 -0.07761 -0.08320 -0.05887 -0.06496 -0.07069 -0.07158 -0.05306 -0.05449
-9999 -0.24553 -0.14675 -0.28703 -0.31376 -0.29415 -0.31743 -0.34784 -0.33309 -0.36976 -0.36413 -0.34829 -0.34926 -0.35435 -0.35910 -0.37296 -0.40142 -0.34790 -0.32172 -0.37535 -0.36273 -0.29074 -0.28394 -0.28080 -0.27841 -0.22954 -0.20358 -0.26206 -0.25992 -0.27387 -0.26577 -0.29588 -0.31907 -0.31452 -0.29426 -0.26889 -0.27260 -0.27040 -0.31822 -0.30537 -0.29314 -0.25560 -0.20199 -0.23852 -0.19315 -0.18252 -0.19637 -0.15672 -0.13441 -0.12487 -0.10497 -0.09630 -0.08793 -0.08883 -0.08828 -0.09141 -0.09599 -0.11494 -0.10585 -0.10699 -0.10817 -0.09953 -0.08963 -0.08751 -0.07745 -0.07179 -0.07263 -0.05412 -0.06293 -0.06019 -0.05042 -0.03810 -0.04086
-9999 -0.20786 -0.13821 -0.11398 -0.08334 -0.11150 -0.28505 -0.29880 -0.31593 -0.32664 -0.27173 -0.26520 -0.28430 -0.30808 -0.28022 -0.34747 -0.25031 -0.30463 -0.30084 -0.23298 -0.24779 -0.27082 -0.23378 -0.16922 -0.17870 -0.24716 -0.26255 -0.29197 -0.25819 -0.25658 -0.28903 -0.26498 -0.24679 -0.24940 -0.25525 -0.26786 -0.25220 -0.27393 -0.30985 -0.31039 -0.29413 -0.26319 -0.22278 -0.22588 -0.22667 -0.23138 -0.20379 -0.18283 -0.16081 -0.15160 -0.13897 -0.11920 -0.11032 -0.09007 -0.08378 -0.09209 -0.09817 -0.10422 -0.10565 -0.09817 -0.10064 -0.09514 -0.09063 -0.08810 -0.08474 -0.08200 -0.07908 -0.07201 -0.07591 -0.07148 -0.07455 -0.05795 -0.05138
-9999 -9999 -9999 -0.16735 -0.04799 -0.04293 -0.11687 -0.14927 -0.19093 -0.15833 -0.13308 -0.05525 -0.12501 -0.16541 -0.24349 -0.26424 -0.18417 -0.18412 -0.22115 -0.16768 -0.13551 -0.15555 -0.11087 -0.09848 -0.10211 -0.16872 -0.16205 -0.25799 -0.24132 -0.22518 -0.21264 -0.20740 -0.21779 -0.22473 -0.23911 -0.23560 -0.23962 -0.22555 -0.23913 -0.25197 -0.29002 -0.27984 -0.21370 -0.19615 -0.19111 -0.21831 -0.16228 -0.15390 -0.14699 -0.15227 -0.12561 -0.11772 -0.09941 -0.08732 -0.08907 -0.08075 -0.09086 -0.09599 -0.09100 -0.08814 -0.09523 -0.08395 -0.08081 -0.07706 -0.08002 -0.08043 -0.08580 -0.07019 -0.06626 -0.06248 -0.06211 -0.05551 -0.05512
-9999 -9999 -9999 -9999 -9999 -9999 -0.00218 0.00103 0.00399 -0.00756 0.00214 -0.00306 -0.05007 -0.05897 -0.13674 -0.12581 -0.18536 -0.12692 -0.19355 -0.22035 -0.11009 -0.03892 -0.01305 0.00384 -0.01473 -0.01946 -0.03668 -0.10924 -0.09525 -0.13158 -0.12760 -0.17559 -0.16608 -0.21829 -0.21927 -0.23267 -0.21957 -0.24856 -0.24826 -0.26374 -0.28217 -0.26563 -0.25116 -0.24819 -0.20727 -0.20801 -0.18607 -0.16091 -0.15167 -0.16163 -0.13313 -0.10894 -0.09644 -0.11277 -0.09163 -0.08272 -0.08407 -0.08072 -0.07300 -0.07683 -0.07158 -0.06552 -0.06460 -0.06275 -0.06875 -0.06577 -0.07721 -0.06888 -0.06498 -0.06071 -0.05903 -0.05287 -0.05202
-9999 -9999 -9999 -9999 -9999 -9999 0.07927 0.06961 -0.06164 0.04430 0.02822 -0.02489 0.00689 0.01501 0.01497 -0.05444 -0.08586 -0.08279 -0.08457 -0.09415 -0.09855 -0.06488 -0.00355 0.05946 0.05872 0.00843 -0.01234 -0.04253 -0.04059 -0.07748 -0.10086 -0.13083 -0.14532 -0.19020 -0.17699 -0.20232 -0.23427 -0.27683 -0.30075 -0.27970 -0.23476 -0.23960 -0.23430 -0.22943 -0.21704 -0.21735 -0.17671 -0.17557 -0.16173 -0.17120 -0.15489 -0.14264 -0.11996 -0.10981 -0.10434 -0.09823 -0.09346 -0.08705 -0.08978 -0.08041 -0.06461 -0.06434 -0.06259 -0.06406 -0.06507 -0.07241 -0.07553 -0.07302 -0.07361 -0.06968 -0.06307 -0.05622 -0.05578
-9999 -9999 -9999 -9999 -9999 -9999 -9999 -9999 -9999 -9999 -0.04908 -0.03073 -0.02469 -0.06207 -0.15349 -0.15762 -0.14517 -0.07729 -0.07188 -0.15403 -0.17260 -0.20563 -0.11638 0.04857 0.05323 0.06689 0.06767 0.07784 0.07762 0.04178 0.02968 -0.08968 -0.09669 -0.16965 -0.18873 -0.23778 -0.22815 -0.26498 -0.28124 -0.31616 -0.31363 -0.30775 -0.30043 -0.29042 -0.28089 -0.27147 -0.24256 -0.22932 -0.20635 -0.21243 -0.19698 -0.16613 -0.14509 -0.14316 -0.13407 -0.11960 -0.12012 -0.11524 -0.09418 -0.09446 -0.09255 -0.09071 -0.08686 -0.07330 -0.06826 -0.08267 -0.07253 -0.07515 -0.08482 -0.07993 -0.07716 -0.04835 -0.04572
-9999 -9999 -9999 -9999 -9999 -9999 -9999 -9999 -9999 -9999 -0.01629 -0.05944 -0.00020 -0.11538 -0.04788 -0.03911 -0.05571 -0.00632 -0.04923 -0.05784 -0.03733 -0.03683 -0.03600 0.09113 0.09499 0.09057 0.07074 0.10482 0.11062 0.08452 0.08818 -0.06397 -0.08582 -0.15756 -0.17264 -0.22691 -0.24922 -0.28459 -0.29492 -0.31956 -0.32206 -0.30901 -0.31834 -0.30407 -0.28447 -0.25980 -0.24118 -0.22457 -0.20735 -0.21545 -0.20040 -0.16917 -0.15893 -0.14808 -0.14669 -0.12503 -0.11574 -0.11007 -0.10663 -0.09950 -0.09583 -0.09203 -0.08978 -0.07194 -0.08464 -0.09307 -0.09040 -0.09124 -0.08758 -0.08368 -0.09316 -0.06544 -0.06233
-9999 -9999 -9999 -9999 -9999 -9999 -9999 -9999 -9999 -9999 -9999 -9999 0.00827 -0.16023 -0.12981 -0.13845 -0.05533 -0.00500 -0.04888 0.00715 -0.02972 0.03999 0.05706 0.17636 0.15415 0.19153 0.20361 0.24872 0.24704 0.19684 0.17264 0.09956 0.06396 -0.02118 -0.07858 -0.15268 -0.17235 -0.19986 -0.24472 -0.29285 -0.28037 -0.30438 -0.29614 -0.30244 -0.29086 -0.28718 -0.26526 -0.24234 -0.21633 -0.20539 -0.19653 -0.16225 -0.14467 -0.12032 -0.14795 -0.12619 -0.12671 -0.08536 -0.08492 -0.08487 -0.08766 -0.08865 -0.09088 -0.06189 -0.05479 -0.05610 -0.06665 -0.10504 -0.10817 -0.09814 -0.08666 -0.05799 -0.05604
-9999 -9999 -9999 -9999 -9999 -9999 -9999 -9999 -9999 -9999 -9999 -9999 -0.02878 -0.06134 -0.10772 -0.01880 -0.07497 0.05416 -0.00132 -0.04001 0.02120 0.07031 0.07514 0.14849 0.14383 0.21508 0.24181 0.29085 0.30264 0.25378 0.28181 0.17975 0.11599 -0.02814 -0.07228 -0.14576 -0.17669 -0.18439 -0.20607 -0.28661 -0.28006 -0.32033 -0.31656 -0.31952 -0.29619 -0.29360 -0.27213 -0.25196 -0.23780 -0.21612 -0.19267 -0.17668 -0.16719 -0.13164 -0.13880 -0.12926 -0.11075 -0.08736 -0.08746 -0.10641 -0.11293 -0.10376 -0.07520 -0.06052 -0.05728 -0.06289 -0.06847 -0.10150 -0.10095 -0.07252 -0.09497 -0.07580 -0.07119
-9999 -9999 -9999 -9999 -9999 -9999 -9999 -9999 -9999 -9999 -9999 0.37899 0.11277 0.21219 0.25182 0.26281 0.13366 0.15854 0.14505 0.09782 0.21566 0.27871 0.26592 0.33982 0.32768 0.16858 0.29441 0.31170 0.30382 0.32750 0.31691 0.37476 0.35280 0.26560 0.20312 0.06103 0.05502 0.01517 0.00638 -0.05952 -0.06339 -0.14531 -0.13768 -0.16323 -0.17197 -0.18992 -0.19148 -0.17041 -0.12825 -0.13895 -0.11615 -0.11043 -0.10466 -0.11377 -0.14028 -0.06832 -0.04292 -0.04037 -0.04219 -0.06445 -0.03621 -0.04504 -0.04623 -0.04701 -0.05547 -0.06527 -0.07246 -0.07447 -0.10015 -0.09211 -0.08693 -0.04939 -0.06910
-9999 -9999 -9999 -9999 -9999 -9999 -9999 -9999 -9999 -9999 -9999 0.44064 0.36935 0.33270 0.37639 0.27703 0.22660 0.17314 0.22779 0.23014 0.30341 0.28473 0.29055 0.40382 0.37866 0.28334 0.36846 0.32669 0.32167 0.32180 0.31675 0.34828 0.29673 0.24623 0.23414 0.10684 0.07500 0.01069 0.02383 -0.06347 -0.06330 -0.12241 -0.20543 -0.20933 -0.18217 -0.20058 -0.18932 -0.21439 -0.16517 -0.19091 -0.14062 -0.13345 -0.10707 -0.10623 -0.07494 -0.01292 -0.01201 -0.02257 -0.01908 -0.03970 -0.04336 -0.03818 -0.03891 -0.06803 -0.07775 -0.09476 -0.09388 -0.09437 -0.12012 -0.10569 -0.11177 -0.09606 -0.10052
