data/hydroclimate-scenarios/BCSD_hadcm_B1/monthly_summaries/et_monthly_tot_oct.2030-2059.asc
ncols	311
nrows	91
xllcenter	102.75
yllcenter	31.75
cellsize	0.5
NODATA_value	-9999
[rows 0 to 31 of 91, columns 72 to 143 of 311]
-9999 -9999 -9999 -9999 -9999 -9999 -9999 -9999 -9999 -9999 -9999 -9999 -9999 -9999 -9999 -9999 -9999 -9999 -9999 -9999 -9999 -9999 -9999 -9999 -9999 -9999 -9999 -9999 -9999 -9999 -9999 -9999 -9999 -9999 -9999 -9999 -9999 -9999 -9999 -9999 -9999 -9999 -9999 -9999 -9999 -9999 -9999 -9999 -9999 -9999 -9999 -9999 -9999 -9999 -9999 -9999 -9999 -9999 -9999 -9999 -9999 -9999 -9999 -9999 -9999 -9999 -9999 -9999 -9999 -9999 -9999 -9999
-9999 -9999 -9999 -9999 -9999 -9999 -9999 -9999 -9999 -9999 -9999 -9999 -9999 -9999 -9999 -9999 -9999 -9999 -9999 -9999 -9999 -9999 -9999 -9999 -9999 -9999 -9999 -9999 -9999 -9999 -9999 -9999 -9999 -9999 -9999 -9999 -9999 -9999 -9999 -9999 -9999 -9999 -9999 -9999 -9999 -9999 -9999 -9999 -9999 -9999 -9999 -9999 -9999 -9999 -9999 -9999 -9999 -9999 -9999 -9999 -9999 -9999 -9999 -9999 -9999 -9999 -9999 -9999 -9999 -9999 -9999 -9999
-9999 -9999 -9999 -9999 -9999 -9999 -9999 -9999 -9999 -9999 -9999 -9999 -9999 -9999 -9999 -9999 -9999 -9999 -9999 -9999 -9999 -9999 -9999 -9999 -9999 -9999 -9999 -9999 -9999 -9999 -9999 -9999 -9999 -9999 -9999 -9999 -9999 -9999 -9999 -9999 -9999 -9999 -9999 -9999 -9999 -9999 -9999 -9999 -9999 -9999 -9999 -9999 -9999 -9999 -9999 -9999 -9999 -9999 -9999 -9999 -9999 -9999 -9999 -9999 -9999 -9999 -9999 -9999 -9999 -9999 -9999 -9999
-9999 -9999 -9999 -9999 -9999 -9999 -9999 -9999 -9999 -9999 -9999 -9999 -9999 -9999 -9999 -9999 -9999 -9999 -9999 -9999 -9999 -9999 -9999 -9999 -9999 -9999 -9999 -9999 -9999 -9999 -9999 -9999 -9999 -9999 -9999 -9999 -9999 -9999 -9999 -9999 -9999 -9999 -9999 -9999 -9999 -9999 -9999 -9999 -9999 -9999 -9999 -9999 -9999 -9999 -9999 -9999 -9999 -9999 -9999 -9999 -9999 -9999 -9999 -9999 -9999 -9999 -9999 -9999 -9999 -9999 -9999 -9999
-9999 -9999 -9999 -9999 -9999 -9999 -9999 -9999 -9999 -9999 -9999 -9999 -9999 -9999 -9999 -9999 -9999 -9999 -9999 -9999 -9999 -9999 -9999 -9999 -9999 -9999 -9999 -9999 -9999 -9999 -9999 -9999 -9999 -9999 -9999 -9999 -9999 -9999 -9999 -9999 -9999 -9999 -9999 -9999 -9999 -9999 -9999 -9999 -9999 -9999 -9999 -9999 -9999 -9999 -9999 -9999 -9999 -9999 -9999 -9999 -9999 -9999 -9999 -9999 -9999 -9999 -9999 -9999 -9999 -9999 -9999 -9999
-9999 -9999 -9999 -9999 -9999 -9999 -9999 -9999 -9999 -9999 -9999 -9999 -9999 -9999 -9999 -9999 -9999 -9999 -9999 -9999 -9999 -9999 -9999 -9999 -9999 -9999 -9999 -9999 -9999 -9999 -9999 -9999 -9999 -9999 -9999 -9999 -9999 -9999 -9999 -9999 -9999 -9999 -9999 -9999 -9999 -9999 -9999 -9999 -9999 -9999 -9999 -9999 -9999 -9999 -9999 -9999 -9999 -9999 -9999 -9999 -9999 -9999 -9999 -9999 -9999 -9999 -9999 -9999 -9999 -9999 -9999 -9999
-9999 -9999 -9999 -9999 -9999 -9999 -9999 -9999 -9999 -9999 -9999 -9999 -9999 -9999 -9999 -9999 -9999 -9999 -9999 -9999 -9999 -9999 -9999 -9999 -9999 -9999 -9999 -9999 -9999 -9999 -9999 -9999 -9999 -9999 -9999 -9999 -9999 -9999 -9999 -9999 -9999 -9999 -9999 -9999 -9999 -9999 -9999 -9999 -9999 -9999 -9999 -9999 -9999 -9999 -9999 -9999 -9999 -9999 -9999 -9999 -9999 -9999 -9999 -9999 -9999 -9999 -9999 -9999 -9999 -9999 -9999 -9999
-9999 -9999 -9999 -9999 -9999 -9999 -9999 -9999 -9999 -9999 -9999 -9999 -9999 -9999 -9999 -9999 -9999 -9999 -9999 -9999 -9999 -9999 -9999 -9999 -9999 -9999 -9999 -9999 -9999 -9999 -9999 -9999 -9999 -9999 -9999 -9999 -9999 -9999 -9999 -9999 -9999 -9999 -9999 -9999 -9999 -9999 -9999 -9999 -9999 -9999 -9999 -9999 -9999 -9999 -9999 -9999 -9999 -9999 -9999 -9999 -9999 -9999 -9999 -9999 -9999 -9999 -9999 -9999 -9999 -9999 -9999 -9999
-9999 -9999 -9999 -9999 -9999 1.57803 -9999 -9999 -9999 -9999 -9999 -9999 -9999 -9999 -9999 -9999 -9999 -9999 -9999 -9999 -9999 -9999 -9999 -9999 -9999 -9999 -9999 -9999 -9999 -9999 -9999 -9999 -9999 -9999 -9999 -9999 -9999 -9999 -9999 -9999 -9999 -9999 -9999 -9999 -9999 -9999 -9999 -9999 -9999 -9999 -9999 -9999 -9999 -9999 -9999 -9999 -9999 -9999 -9999 -9999 -9999 -9999 -9999 -9999 -9999 -9999 -9999 -9999 -9999 -9999 -9999 -9999
-9999 2.55254 2.33432 1.81974 1.72559 1.76289 1.69664 1.69775 1.36070 1.65752 1.58308 1.75963 1.73180 2.12351 2.07235 1.78981 1.72057 1.21826 1.17649 1.12982 1.20854 -9999 -9999 -9999 -9999 -9999 -9999 -9999 -9999 -9999 -9999 -9999 -9999 -9999 -9999 -9999 -9999 -9999 -9999 -9999 -9999 -9999 -9999 -9999 -9999 -9999 -9999 -9999 -9999 -9999 -9999 -9999 -9999 -9999 -9999 -9999 -9999 -9999 -9999 -9999 -9999 -9999 -9999 -9999 -9999 -9999 -9999 -9999 -9999 -9999 -9999 -9999
-9999 -9999 -9999 0.63062 0.53520 0.48874 0.49941 0.27638 0.23345 0.27891 0.25237 0.38191 0.29520 0.20918 0.22162 0.19370 0.13908 -0.00325 -0.02307 0.01516 0.03756 -9999 -9999 -9999 -9999 -9999 -9999 -9999 -9999 -9999 -9999 -9999 -9999 -9999 -9999 -9999 -9999 -9999 -9999 -9999 -9999 -9999 -9999 -9999 -9999 -9999 -9999 -9999 -9999 -9999 -9999 -9999 -9999 -9999 -9999 -9999 -9999 -9999 -9999 -9999 -9999 -9999 -9999 -9999 -9999 -9999 -9999 -9999 -9999 -9999 -9999 -9999
0.91824 0.75812 0.74659 0.71677 0.62522 0.55593 0.55955 0.33086 0.28344 0.37131 0.35967 0.53041 0.43506 0.36851 0.34294 0.37058 0.18054 0.05615 -0.00758 0.09888 0.12773 0.50703 0.51687 0.77945 0.80090 1.21934 1.24319 -9999 -9999 -9999 -9999 -9999 -9999 -9999 -9999 -9999 -9999 -9999 -9999 -9999 -9999 -9999 -9999 -9999 -9999 -9999 -9999 -9999 -9999 -9999 -9999 -9999 -9999 -9999 -9999 -9999 -9999 -9999 -9999 -9999 -9999 -9999 -9999 -9999 -9999 -9999 -9999 -9999 -9999 -9999 -9999 -9999
0.17787 0.28746 0.22909 0.03380 -0.05208 -0.11042 -0.12290 -0.12802 -0.17804 0.00367 -0.02509 -0.10222 -0.26377 -0.50526 -0.59881 -0.34900 -0.44979 -0.58990 -0.65267 -0.38276 -0.33404 -0.35241 -0.23465 -0.07234 0.05301 0.52698 0.53982 0.74345 0.74183 0.93324 0.92811 0.99456 0.97636 1.07475 1.08090 1.43441 1.45118 1.30540 1.40447 1.07911 1.01282 1.26840 -9999 -9999 -9999 -9999 -9999 -9999 -9999 -9999 -9999 -9999 -9999 -9999 -9999 -9999 -9999 -9999 -9999 -9999 -9999 -9999 -9999 -9999 -9999 -9999 -9999 -9999 -9999 -9999 -9999 -9999
0.30958 0.23271 0.20852 0.09510 0.13461 -0.07853 -0.08078 -0.09083 -0.15541 0.01096 0.00263 -0.01194 -0.19800 -0.51613 -0.56347 -0.44794 -0.37304 -0.56963 -0.60751 -0.32095 -0.32176 -0.28110 -0.23832 0.08974 0.16285 0.62457 0.61848 0.73035 0.79579 0.91581 1.02585 1.07035 1.05210 1.21151 1.18905 1.45148 1.51747 1.38122 1.36499 1.08872 1.01293 1.25907 1.18238 -9999 -9999 -9999 -9999 -9999 -9999 -9999 -9999 -9999 -9999 -9999 -9999 -9999 -9999 -9999 -9999 -9999 -9999 -9999 -9999 -9999 -9999 -9999 -9999 -9999 -9999 -9999 -9999 -9999
0.00252 0.04368 0.09160 -0.01339 -0.01862 -0.12696 -0.16251 -0.25091 -0.33296 -0.34135 -0.43471 -0.33539 -0.40092 -0.66776 -0.71067 -0.61575 -0.74013 -0.82401 -0.89195 -0.18261 -0.20239 -0.35201 -0.23400 -0.20330 -0.17325 -0.06116 -0.06926 0.35331 0.37131 0.64644 0.62444 0.80495 0.77559 0.58676 0.59723 0.49517 0.55547 0.40491 0.37325 0.78791 0.86556 0.80401 1.04117 -9999 -9999 -9999 -9999 -9999 -9999 -9999 -9999 -9999 -9999 -9999 -9999 -9999 -9999 -9999 1.42328 1.99516 -9999 -9999 -9999 -9999 0.95280 0.91544 0.79371 1.05665 1.37620 1.48728 1.45502 1.54666
0.17842 0.14338 0.19190 0.11770 0.19290 0.08288 -0.01404 -0.11397 -0.12980 -0.20475 -0.29416 -0.31428 -0.43933 -0.54093 -0.57605 -0.48950 -0.49256 -0.69961 -0.74621 -0.17048 -0.17881 -0.02998 0.08534 -0.04359 -0.07989 0.18496 0.06581 0.37894 0.44390 0.67790 0.77292 0.87840 0.91902 0.69576 0.69443 0.54508 0.52512 0.51682 0.49275 0.84804 0.93206 1.11283 1.07346 1.03587 1.03534 0.94712 0.95328 0.71792 0.59452 0.67897 0.65960 0.46649 0.59879 0.70508 0.68078 1.46855 1.57552 1.52112 1.52345 2.02406 -9999 -9999 -9999 -9999 -9999 1.16990 1.02531 1.33695 1.21841 1.35686 1.37556 1.25566
-0.04053 0.03513 0.01963 0.07914 0.10821 -0.09487 -0.10967 -0.25325 -0.28289 -0.52035 -0.55944 -0.43651 -0.46018 -0.57237 -0.61420 -0.74196 -0.77999 -0.51976 -0.50093 0.04651 0.02269 -0.10691 -0.09102 -0.30371 -0.28616 -0.15988 -0.19216 0.09173 0.10576 0.18398 0.19014 0.16791 0.18245 0.19337 0.20590 0.25666 0.22170 0.22261 0.20364 0.18690 0.16547 0.16124 0.17172 0.00559 0.02517 -0.02119 0.02668 0.25055 0.21499 0.05187 0.07719 0.23427 0.06478 0.30028 0.38804 0.71784 0.73005 0.75319 0.78352 1.39936 1.31382 1.17498 1.18131 0.88233 0.89087 0.85168 0.72933 0.94249 1.01908 1.03788 1.11264 1.04297
0.18474 0.18910 0.09172 0.07918 0.12847 0.01851 0.01076 -0.15998 -0.31553 -0.38397 -0.41102 -0.33377 -0.44140 -0.47559 -0.48447 -0.63535 -0.69019 -0.36409 -0.47740 0.05164 0.09510 -0.03418 -0.02153 -0.20452 -0.23973 -0.09730 -0.07310 0.17064 0.17371 0.20731 0.20022 0.21630 0.21894 0.27410 0.25038 0.32999 0.35596 0.27949 0.24376 0.25474 0.25248 0.26254 0.27111 0.01182 0.04664 0.09367 0.05343 0.33815 0.28380 0.13653 0.09822 0.22009 0.25078 0.51407 0.43873 0.73154 0.76336 0.78380 0.79482 1.40430 1.25864 1.18853 1.14482 1.00695 0.92989 0.88606 0.83443 1.24528 1.00616 1.10045 1.04122 0.86217
0.15009 0.12217 0.26046 0.32019 0.33898 0.18490 0.22565 -0.05120 -0.02603 -0.16817 -0.26742 -0.09844 -0.11783 -0.00961 -0.00119 0.15693 0.11931 0.41742 0.18589 0.12950 0.28911 0.10209 0.12309 -0.20178 -0.20254 -0.38555 -0.42442 -0.21128 -0.20192 -0.64344 -0.62981 -0.37036 -0.39753 -0.29727 -0.27904 0.11726 0.02949 0.10166 0.08839 -0.36456 -0.33883 -0.46270 -0.48092 -0.61724 -0.58360 -0.58135 -0.66117 -0.21300 -0.22516 -0.22587 -0.31241 -0.01468 -0.01659 0.04998 0.09189 0.64099 0.42612 0.61808 0.64061 0.75433 0.73737 0.67230 0.53738 0.56657 0.55220 0.57324 0.51330 0.46093 0.40447 0.30580 0.26061 0.83372
0.17243 0.22192 0.20736 0.27411 0.30725 0.32178 0.36712 0.20834 0.04449 0.09318 0.01194 -0.01013 0.04714 0.18548 0.10315 0.21364 0.28320 0.58060 0.36429 0.37178 0.54766 0.27027 0.22311 -0.20079 -0.08781 -0.25065 -0.21888 -0.18618 -0.17979 -0.57662 -0.51160 -0.29350 -0.32208 -0.35006 -0.24622 0.12596 0.11429 0.12172 0.10185 -0.37857 -0.29788 -0.37083 -0.37876 -0.57199 -0.61337 -0.53598 -0.48848 -0.06581 -0.14174 -0.24952 -0.22389 0.01361 -0.00682 0.18404 0.16753 0.54510 0.49817 0.69039 0.76572 0.90266 0.88101 0.65375 0.64227 0.75258 0.62005 0.65299 0.57334 0.51990 0.42450 0.45434 0.56511 1.05946
0.15605 0.21844 0.26012 0.31379 0.29081 0.23630 0.39284 0.04560 0.06602 0.10141 0.17749 0.11758 0.19255 0.21706 0.08391 0.40719 0.48533 0.86222 0.80577 0.66813 0.67713 0.25523 0.28712 0.03784 0.04839 -0.13211 -0.13418 -0.22638 -0.23030 -0.38170 -0.43880 -0.35714 -0.39057 -0.37456 -0.44738 -0.19212 -0.23211 0.02070 0.02366 -0.41711 -0.43653 -0.53276 -0.48362 -0.55799 -0.58372 -0.59268 -0.63720 -0.38499 -0.25333 -0.18414 -0.26819 0.01305 -0.03001 0.24051 0.20185 0.46679 0.46331 0.52320 0.50274 0.61953 0.57469 0.76148 0.69572 0.56446 0.54961 0.81881 0.65518 0.58589 0.52166 0.27880 0.39016 0.89625
0.21284 0.28965 0.28469 0.39325 0.39554 0.40487 0.42902 0.20761 0.15236 0.27590 0.21221 0.23116 0.11957 0.31543 0.35263 0.40209 0.37486 0.60609 0.72833 0.73499 0.71521 0.38941 0.37959 0.19242 0.18409 0.06502 0.06438 -0.11300 -0.13077 -0.45962 -0.38571 -0.33825 -0.35689 -0.42636 -0.43134 -0.17854 -0.19308 0.05411 0.05297 -0.37308 -0.38490 -0.57661 -0.51198 -0.46144 -0.43443 -0.53035 -0.55522 -0.42537 -0.38597 -0.36302 -0.33732 -0.01218 0.00921 0.14951 0.21571 0.55970 0.61952 0.68831 0.57770 0.60080 0.60596 0.82922 0.73673 0.80036 0.68763 0.86051 0.79080 0.76955 0.66271 0.52199 0.53856 0.89132
0.15876 0.15468 0.19418 0.36691 0.42953 0.44030 0.44974 0.53120 0.50541 0.55098 0.52830 0.58668 0.55639 0.43073 0.37995 0.77621 0.67009 0.73098 0.77401 0.40168 0.37854 0.50293 0.61214 0.32617 0.32278 0.25392 0.10667 0.19966 0.21824 0.20319 0.12782 0.03554 0.06476 -0.19117 -0.06060 0.19929 0.18501 0.03426 0.10171 0.17079 0.24065 -0.21904 -0.18564 -0.22103 -0.17160 -0.37446 -0.35755 -0.28786 -0.36518 0.11874 0.14292 0.37670 0.37548 0.44807 0.51518 0.55473 0.61974 0.20086 0.25460 0.42587 0.46640 0.55549 0.54025 0.63455 0.60342 0.96729 0.85447 0.50164 0.35311 0.66435 0.67172 0.98489
0.19396 0.22238 0.26022 0.32833 0.43494 0.49004 0.49746 0.53640 0.60296 0.60211 0.60319 0.58295 0.57276 0.48938 1.24756 0.70031 1.09594 0.84810 1.26156 0.50810 0.49253 0.47132 0.78242 0.32944 0.36680 0.34428 0.29156 0.35866 0.32725 0.26118 0.24899 0.13386 0.16318 0.17977 0.01962 0.25576 0.19558 0.14789 0.07034 -0.03321 0.13594 -0.16126 -0.22566 0.02248 0.09747 -0.23696 -0.25999 -0.22565 -0.22228 0.16625 0.17494 0.41221 0.46777 0.51193 0.50714 0.56424 0.58114 0.24025 0.30495 0.54798 0.55865 0.52279 0.57287 0.88177 0.85727 1.00641 1.01240 0.72496 0.65598 0.77757 0.84518 1.23418
0.19535 0.02881 0.05931 0.26975 0.33794 0.29167 0.37743 0.57227 0.56369 0.69138 0.66020 0.71152 0.73005 0.63809 0.61968 1.57813 0.74818 0.82044 0.97310 0.43520 0.43203 0.46260 0.51389 0.32772 0.32259 0.38374 0.26168 0.27319 0.22428 0.16475 0.26634 0.21618 0.19815 0.17168 0.29538 0.57130 0.55194 0.31894 0.14245 -0.07823 -0.03816 -0.15133 -0.08405 -0.03150 0.07049 0.19855 0.16029 0.15023 0.20029 0.44485 0.44047 0.89659 0.87941 0.65392 0.69460 0.47725 0.49347 0.35482 0.31448 0.59015 0.55001 0.82154 0.79877 0.80426 0.81243 1.02584 1.12405 0.91072 1.00203 0.96748 0.87249 1.28985
0.20439 0.07587 0.08253 0.34113 0.31559 0.39427 0.44828 0.66745 0.71743 0.73701 0.73690 0.82703 0.77765 0.83243 0.72743 0.94669 0.90071 0.73447 0.76309 0.55432 0.54304 0.79979 0.68143 0.44178 0.41906 0.42235 0.37040 0.25420 0.19912 0.13536 0.18384 0.38186 0.35009 0.41065 0.10894 0.55942 0.36231 0.36981 0.08482 -0.09851 -0.06396 -0.12610 -0.18909 -0.15744 -0.05651 0.13915 0.14684 0.24717 0.25625 0.53835 0.73550 1.11537 1.08405 0.97119 0.99889 0.56951 0.54884 0.36938 0.38526 0.67299 0.65939 0.89135 0.90477 0.96969 0.92273 1.13160 1.09766 1.22387 0.82849 0.79709 0.76367 1.35821
0.04539 -0.02310 0.00474 0.24088 0.29577 0.37706 0.39358 0.47891 0.58479 0.89494 0.83915 0.73050 0.55520 0.48343 0.45111 0.65488 0.64535 0.46908 0.37528 0.38688 0.34754 0.12687 0.08854 0.18564 0.18890 0.37154 0.39400 0.18547 0.13126 0.21016 0.12153 0.46231 0.17341 0.10143 0.15982 0.19922 0.14867 0.17897 0.20383 0.28323 0.23957 0.16181 0.17702 0.39448 0.38837 0.49388 0.48162 1.35886 1.39315 1.53627 1.46036 1.08617 1.01336 0.85682 0.95617 0.63633 0.77231 0.80615 0.85256 0.71475 0.70255 0.72570 0.76515 0.81722 0.80150 0.69636 0.66513 0.76888 0.53473 0.93976 1.00535 1.83676
0.02659 0.21937 0.75620 0.39022 0.25585 0.40320 0.44871 0.53440 0.56176 0.82984 0.79669 0.62763 0.56689 0.48145 0.49018 0.73424 0.69722 0.49581 0.41902 0.50074 0.32274 0.12939 0.11108 0.18584 0.22858 0.45598 0.41651 0.16330 0.21817 0.17462 0.18331 0.52513 0.28947 0.13089 0.20762 0.21009 0.25375 0.16391 0.15995 0.31758 0.26975 0.29735 0.27793 0.43873 0.42561 0.67894 0.62877 1.32756 1.36939 1.47615 1.46441 1.16040 1.23400 0.94199 1.03892 0.85763 0.88866 0.97513 1.09877 0.76601 0.73393 0.77776 0.79115 0.69435 0.63605 0.59897 0.67034 0.80981 0.76674 1.07458 1.02404 1.75758
-0.00249 0.12852 0.83702 1.01369 1.06753 1.40977 0.60630 0.89127 0.91033 0.87707 0.98475 0.67782 0.61597 0.60118 0.52111 0.78061 0.79630 0.64292 0.65022 0.35644 0.34871 0.27053 0.22279 0.38926 0.46962 0.50436 0.54395 0.88240 0.83044 0.81103 0.70308 0.78168 0.68177 0.71674 0.68189 1.00227 0.79106 1.01320 0.91339 0.71298 0.70293 0.94436 1.13455 1.31081 1.35595 1.77801 1.97531 3.36064 3.51531 2.97407 2.87691 2.26398 2.13277 1.53846 1.55077 1.88868 2.16935 2.35967 2.44521 1.86341 1.78697 1.30521 1.16428 1.41868 1.22465 1.46708 1.45735 1.62683 1.47282 2.30844 2.27469 3.29588
0.05479 0.12320 0.11550 0.74043 1.16539 1.49322 1.59149 0.88575 0.91254 0.97247 0.92089 0.74032 0.65922 0.69051 0.57751 0.75773 0.81411 0.66185 0.60972 0.34273 0.32458 0.24548 0.21479 0.39910 0.53324 0.53527 0.51127 0.55063 0.60988 0.65677 0.74248 0.83289 0.68175 0.57384 0.57650 0.97002 0.99165 1.04130 0.97116 0.76767 1.08372 1.29314 1.49724 2.39676 2.31540 2.09500 2.03726 3.09249 3.49112 -9999 -9999 2.42271 2.49227 2.05725 1.96221 2.24049 2.43901 2.62111 2.21477 1.67662 1.41747 1.36152 2.29430 2.79954 2.76060 2.80881 2.71716 1.65371 1.49036 2.42077 2.41647 3.39437
0.17180 0.21380 0.24493 0.36823 0.33677 1.60541 0.65789 1.36037 2.46016 2.56664 1.46434 1.46557 1.41949 1.32673 1.18783 1.05943 1.07065 0.92545 0.94029 0.99319 0.96181 0.89126 0.95737 1.03007 1.13624 1.09554 1.36176 1.31199 1.39610 1.68868 2.08622 2.04917 1.80925 2.13936 2.23970 2.61541 2.64075 3.56282 -9999 -9999 -9999 -9999 3.86775 -9999 3.03834 3.10084 3.12261 3.50455 4.18119 -9999 -9999 3.74517 3.62455 3.60001 3.63486 4.53110 4.36412 3.89327 3.61250 3.06188 3.01636 3.48217 4.53820 3.45829 4.65542 4.85207 4.95387 4.14620 4.27501 4.83817 4.89426 -9999
0.14218 0.19167 0.24799 0.30122 0.27719 0.72681 0.63254 1.04093 1.02541 1.25476 1.22428 1.32184 1.33864 1.23791 1.21080 1.12895 1.04860 0.93045 0.87256 1.02163 0.99254 1.04551 0.88809 1.15384 1.27758 1.38131 1.38116 1.46463 1.60980 1.76052 1.65531 1.80001 1.81513 2.12577 2.24097 2.91547 -9999 -9999 -9999 -9999 -9999 -9999 -9999 3.50247 3.38574 3.24555 -9999 -9999 -9999 -9999 -9999 4.24059 4.03599 3.32920 3.33546 4.10175 4.16285 4.01009 3.49852 3.19223 3.10018 2.90828 3.15119 3.45710 3.58487 4.05588 5.30287 4.44467 4.70108 -9999 -9999 -9999
