data/hydroclimate-scenarios/BCSD_hadcm_B1/monthly_summaries/et_monthly_tot_jan.2070-2099.asc
ncols	311
nrows	91
xllcenter	102.75
yllcenter	31.75
cellsize	0.5
NODATA_value	-9999
[rows 0 to 31 of 91, columns 0 to 72 of 311]
-9999 -9999 -9999 -9999 -9999 -9999 -9999 -9999 -9999 -9999 -9999 -9999 -9999 -9999 -9999 -9999 -9999 -9999 -9999 -9999 -9999 -9999 -9999 -9999 -9999 -9999 -9999 -9999 -9999 -9999 -9999 -9999 -9999 -9999 -9999 -9999 -9999 -9999 -9999 -9999 -9999 -9999 -9999 -9999 -9999 -9999 -9999 -9999 -9999 -9999 -9999 -9999 -9999 -9999 -9999 -9999 -9999 -9999 -9999 -9999 -9999 -9999 -9999 -9999 -9999 -9999 -9999 -9999 -9999 -9999 -9999 -9999 -9999
-9999 -9999 -9999 -9999 -9999 -9999 -9999 -9999 -9999 -9999 -9999 -9999 -9999 -9999 -9999 -9999 -9999 -9999 -9999 -9999 -9999 -9999 -9999 -9999 -9999 -9999 -9999 -9999 -9999 -9999 -9999 -9999 -9999 -9999 -9999 -9999 -9999 -9999 -9999 -9999 -9999 -9999 -9999 -9999 -9999 -9999 -9999 -9999 -9999 -9999 -9999 -9999 -9999 -9999 -9999 -9999 -9999 -9999 -9999 -9999 -9999 -9999 -9999 -9999 -9999 -9999 -9999 -9999 -9999 -9999 -9999 -9999 -9999
-9999 -9999 -9999 -9999 -9999 -9999 -9999 -9999 -9999 -9999 -9999 -9999 -9999 -9999 -9999 -9999 -9999 -9999 -9999 -9999 -9999 -9999 -9999 -9999 -9999 -9999 -9999 -9999 -9999 -9999 -9999 -9999 -9999 -9999 -9999 -9999 -9999 -9999 -9999 -9999 -9999 -9999 -9999 -9999 -9999 -9999 -9999 -9999 -9999 -9999 -9999 -9999 -9999 -9999 -9999 -9999 -9999 -9999 -9999 -9999 -9999 -9999 -9999 -9999 -9999 -9999 -9999 -9999 -9999 -9999 -9999 -9999 -9999
-9999 -9999 -9999 -9999 -9999 -9999 -9999 -9999 -9999 -9999 -9999 -9999 -9999 -9999 -9999 -9999 -9999 -9999 -9999 -9999 -9999 -9999 -9999 -9999 -9999 -9999 -9999 -9999 -9999 -9999 -9999 -9999 -9999 -9999 -9999 -9999 -9999 -9999 -9999 -9999 -9999 -9999 -9999 -9999 -9999 -9999 -9999 -9999 -9999 -9999 -9999 -9999 -9999 -9999 -9999 -9999 -9999 -9999 -9999 -9999 -9999 -9999 -9999 -9999 -9999 -9999 -9999 -9999 -9999 -9999 -9999 -9999 -9999
-9999 -9999 -9999 -9999 -9999 -9999 -9999 -9999 -9999 -9999 -9999 -9999 -9999 -9999 -9999 -9999 -9999 -9999 -9999 -9999 -9999 -9999 -9999 -9999 -9999 -9999 -9999 -9999 -9999 -9999 -9999 -9999 -9999 -9999 -9999 -9999 -9999 -9999 -9999 -9999 -9999 -9999 -9999 -9999 -9999 -9999 -9999 -9999 -9999 -9999 -9999 -9999 -9999 -9999 -9999 -9999 -9999 -9999 -9999 -9999 -9999 -9999 -9999 -9999 -9999 -9999 -9999 -9999 -9999 -9999 -9999 -9999 -9999
-9999 -9999 -9999 -9999 -9999 -9999 -9999 -9999 -9999 -9999 -9999 -9999 -9999 -9999 -9999 -9999 -9999 -9999 -9999 -9999 -9999 -9999 -9999 -9999 -9999 -9999 -9999 -9999 -9999 -9999 -9999 -9999 -9999 -9999 -9999 -9999 -9999 -9999 -9999 -9999 -9999 -9999 -9999 -9999 -9999 -9999 -9999 -9999 -9999 -9999 -9999 -9999 -9999 -9999 -9999 -9999 -9999 -9999 -9999 -9999 -9999 -9999 -9999 -9999 -9999 -9999 -9999 -9999 -9999 -9999 -9999 -9999 -9999
-9999 -9999 -9999 -9999 -9999 -9999 -9999 -9999 -9999 -9999 -9999 -9999 -9999 -9999 -9999 -9999 -9999 -9999 -9999 -9999 -9999 -9999 -9999 -9999 -9999 -9999 -9999 -9999 -9999 -9999 -9999 -9999 -9999 -9999 -9999 -9999 -9999 -9999 -9999 -9999 -9999 -9999 -9999 -9999 -9999 -9999 -9999 -9999 -9999 -9999 -9999 -9999 -9999 -9999 -9999 -9999 -9999 -9999 -9999 -9999 -9999 -9999 -9999 -9999 -9999 -9999 -9999 -9999 -9999 -9999 -9999 -9999 -9999
-9999 -9999 -9999 -9999 -9999 -9999 -9999 -9999 -9999 -9999 -9999 -9999 -9999 -9999 -9999 -9999 -9999 -9999 -9999 -9999 -9999 -9999 -9999 -9999 -9999 -9999 -9999 -9999 -9999 -9999 -9999 -9999 -9999 -9999 -9999 -9999 -9999 -9999 -9999 -9999 -9999 -9999 0.11984 0.14497 0.14107 0.17319 0.16972 0.22575 0.22492 0.22864 0.22626 0.19614 -9999 -9999 -9999 -9999 -9999 -9999 -9999 -9999 -9999 -9999 -9999 -9999 -9999 -9999 -9999 -9999 -9999 -9999 -9999 -9999 -9999
-9999 -9999 -9999 -9999 -9999 -9999 -9999 -9999 -9999 -9999 -9999 -9999 -9999 -9999 -9999 -9999 -9999 -9999 -9999 -9999 -9999 -9999 -9999 -9999 -9999 -9999 -9999 -9999 -9999 -9999 -9999 -9999 -9999 -9999 -9999 -9999 -9999 -9999 0.07015 0.04793 0.04871 0.05079 0.05590 0.07578 0.07524 0.10667 0.10415 0.16919 0.16821 0.18093 0.17891 0.16932 0.17075 0.21077 -9999 -9999 -9999 -9999 -9999 -9999 -9999 -9999 -9999 -9999 -9999 -9999 -9999 -9999 -9999 -9999 -9999 -9999 -9999
-9999 -9999 -9999 -9999 -9999 -9999 -9999 -9999 -9999 -9999 -9999 -9999 -9999 -9999 -9999 -9999 -9999 -9999 -9999 -9999 -9999 -9999 -9999 -9999 -9999 -9999 -9999 -9999 -9999 -9999 -9999 -9999 -9999 -9999 -9999 -9999 -9999 -9999 -9999 -9999 0.05197 0.05357 0.05206 0.07105 0.06989 0.09775 0.10404 0.16844 0.16791 0.17154 0.17351 0.16802 0.17032 0.21990 -9999 -9999 -9999 -9999 -9999 -9999 -9999 -9999 -9999 -9999 -9999 -9999 -9999 -9999 -9999 -9999 -9999 -9999 -9999
-9999 -9999 -9999 -9999 -9999 -9999 -9999 -9999 -9999 -9999 -9999 -9999 -9999 -9999 -9999 -9999 -9999 -9999 -9999 -9999 -9999 -9999 -9999 -9999 -9999 -9999 -9999 -9999 -9999 -9999 -9999 -9999 -9999 -9999 -9999 -9999 -9999 -9999 -9999 -9999 -9999 -9999 -9999 -9999 -0.01819 0.00508 0.00753 0.03674 0.03863 0.06486 0.06399 0.08659 0.09140 0.10868 -9999 -9999 -9999 -9999 -9999 -9999 0.05638 -9999 -9999 -9999 -9999 -9999 -9999 -9999 -9999 -9999 -9999 -9999 -9999
-9999 -9999 -9999 -9999 -9999 -9999 -9999 -9999 -9999 -9999 -9999 -9999 -9999 -9999 -9999 -9999 -9999 -9999 -9999 -9999 -9999 -9999 -9999 -9999 -9999 -9999 -9999 -9999 -9999 -9999 -9999 -9999 -9999 -9999 -9999 -9999 -9999 -9999 -9999 -9999 -9999 -0.04078 -0.04042 -0.03084 -0.02830 -0.00149 0.00282 0.02993 0.03281 0.06176 0.04979 0.08138 0.08478 0.08447 -9999 -9999 -9999 -9999 -9999 0.05561 0.05947 0.05380 0.05666 0.06983 0.07117 0.07581 0.07864 0.06102 0.06348 0.05047 0.05270 0.05032 0.05126
-9999 -9999 -9999 -9999 -9999 -9999 -9999 -9999 -9999 -9999 -9999 -9999 -9999 -9999 -9999 -9999 -9999 -9999 -9999 -9999 -9999 -9999 -9999 -9999 -9999 -9999 -9999 -9999 -9999 -9999 -9999 -9999 -9999 -9999 -9999 -9999 -9999 -9999 -9999 -9999 -9999 -0.06862 -0.06905 -0.05892 -0.05948 -0.03959 -0.04024 -0.02157 -0.02018 0.00546 0.00798 0.03200 0.03438 0.03484 0.04473 0.03407 0.04015 -9999 0.03241 0.01270 0.01544 0.01651 0.01634 0.02057 0.02321 0.02313 0.02551 0.01849 0.02042 0.01569 0.01531 0.01056 0.01511
-9999 -9999 -9999 -9999 -9999 -9999 -9999 -9999 -9999 -9999 -9999 -9999 -9999 -9999 -9999 -9999 -9999 -9999 -9999 -9999 -9999 -9999 -9999 -9999 -9999 -9999 -9999 -9999 -9999 -9999 -9999 -9999 -9999 -9999 -9999 -0.14944 -0.15044 -0.12910 -0.12563 -0.10567 -0.10483 -0.08014 -0.07359 -0.06570 -0.06409 -0.04730 -0.04308 -0.02138 -0.02277 0.00642 0.00911 0.03310 0.03175 0.02317 0.03548 0.02681 0.03859 0.02784 0.03162 0.01437 0.01789 0.01632 0.01704 0.02814 0.02869 0.02307 0.02304 0.01884 0.01936 0.01758 0.01924 0.01052 0.01331
-9999 -9999 -9999 -9999 -9999 -9999 -9999 -9999 -9999 -9999 -9999 -9999 -9999 -9999 -9999 -9999 -9999 -9999 -9999 -9999 -9999 -9999 -9999 -9999 -9999 -9999 -9999 -9999 -9999 -9999 -9999 -9999 -9999 -9999 -0.17216 -0.15268 -0.15242 -0.13851 -0.13896 -0.13124 -0.12775 -0.10166 -0.09740 -0.08695 -0.07542 -0.08187 -0.07686 -0.07089 -0.06343 -0.04120 -0.03480 -0.02738 -0.02657 -0.02328 -0.02102 -0.02465 -0.02097 -0.03394 -0.03814 -0.02488 -0.02006 -0.01521 -0.01342 -0.01145 -0.01785 -0.01817 -0.01867 -0.01889 -0.01433 -0.02989 -0.02666 -0.01290 -0.01055
-9999 -9999 -9999 -9999 -9999 -9999 -9999 -9999 -9999 -9999 -9999 -9999 -9999 -9999 -9999 -9999 -9999 -9999 -9999 -9999 -9999 -9999 -9999 -9999 -9999 -9999 -9999 -9999 -9999 -9999 -9999 -9999 -9999 -0.17037 -0.17034 -0.15626 -0.15616 -0.14174 -0.14323 -0.13446 -0.12568 -0.09911 -0.08740 -0.07268 -0.08853 -0.08813 -0.07995 -0.07113 -0.05458 -0.03617 -0.03086 -0.02912 -0.01881 -0.01839 -0.01315 -0.01807 -0.01427 -0.03314 -0.03202 -0.01780 -0.01385 -0.01009 -0.01168 -0.01446 -0.00795 -0.01369 -0.01413 -0.01418 -0.01308 -0.02229 -0.02057 -0.00823 -0.00788
-9999 -9999 -9999 -9999 -9999 -9999 -9999 -9999 -9999 -9999 -9999 -9999 -9999 -9999 -9999 -9999 -9999 -9999 -9999 -9999 -9999 -9999 -9999 -9999 -9999 -9999 -9999 -9999 -9999 -9999 -9999 -0.18858 -0.18472 -0.17229 -0.16732 -0.15814 -0.16182 -0.14956 -0.15321 -0.15036 -0.13676 -0.12372 -0.09508 -0.10982 -0.11088 -0.10964 -0.10283 -0.09710 -0.08313 -0.06261 -0.05094 -0.05207 -0.03550 -0.03592 -0.03670 -0.04109 -0.04493 -0.04646 -0.03843 -0.03327 -0.03325 -0.02964 -0.02925 -0.03272 -0.03035 -0.03517 -0.03635 -0.04291 -0.04144 -0.03636 -0.03197 -0.02091 -0.02692
-9999 -9999 -9999 -9999 -9999 -9999 -9999 -9999 -9999 -9999 -9999 -9999 -9999 -9999 -9999 -9999 -9999 -9999 -9999 -9999 -9999 -9999 -9999 -9999 -9999 -9999 -9999 -9999 -9999 -0.17951 -0.19599 -0.17908 -0.17144 -0.16650 -0.17530 -0.16664 -0.16673 -0.14404 -0.15007 -0.14297 -0.15533 -0.12286 -0.11502 -0.12471 -0.11751 -0.10859 -0.10120 -0.09349 -0.06959 -0.05673 -0.04458 -0.03980 -0.03155 -0.03423 -0.02793 -0.03580 -0.03876 -0.03918 -0.03779 -0.03844 -0.03304 -0.02536 -0.02351 -0.02497 -0.02433 -0.03043 -0.02733 -0.03126 -0.02796 -0.03260 -0.03529 -0.01495 -0.00714
-9999 -9999 -9999 -9999 -9999 -9999 -9999 -9999 -9999 -9999 -9999 -9999 -9999 -9999 -9999 -9999 -9999 -9999 -9999 -9999 -9999 -9999 -9999 -9999 -0.16448 -0.16326 -0.16064 -0.20250 -0.20377 -0.22252 -0.20484 -0.18809 -0.17741 -0.17872 -0.18295 -0.18580 -0.17850 -0.15219 -0.14969 -0.16492 -0.16596 -0.16204 -0.16606 -0.13810 -0.12884 -0.11797 -0.11286 -0.08878 -0.06965 -0.07298 -0.06709 -0.05357 -0.04654 -0.05578 -0.05447 -0.05178 -0.05239 -0.05348 -0.04704 -0.04335 -0.04348 -0.04283 -0.03731 -0.04593 -0.04743 -0.03996 -0.03838 -0.02628 -0.03864 -0.03877 -0.02890 -0.02028 -0.01943
-9999 -9999 -9999 -9999 -9999 -9999 -0.13784 -0.14442 -0.10938 -0.12299 -0.16184 -9999 -9999 -9999 -9999 -9999 -9999 -9999 -9999 -9999 -9999 -0.17039 -0.16189 -0.14977 -0.14213 -0.14409 -0.14944 -0.19373 -0.17820 -0.19036 -0.19094 -0.17164 -0.16710 -0.17465 -0.17681 -0.18391 -0.17945 -0.16058 -0.15692 -0.18560 -0.18653 -0.14631 -0.15138 -0.13417 -0.12601 -0.11311 -0.10504 -0.08869 -0.06949 -0.07364 -0.06213 -0.05776 -0.04430 -0.05013 -0.05860 -0.05641 -0.05293 -0.05153 -0.05026 -0.04101 -0.03910 -0.04149 -0.03344 -0.03643 -0.03512 -0.03729 -0.04423 -0.02649 -0.03250 -0.02934 -0.03831 -0.02623 -0.02228
-9999 -9999 -9999 -9999 -9999 -0.18279 -0.16910 -0.15290 -0.19316 -0.18572 -0.20065 -0.18616 -0.20469 -0.18300 -9999 -9999 -9999 -0.11671 -0.13143 -0.13596 -0.14022 -0.11339 -0.10614 -0.11399 -0.09771 -0.05995 -0.09412 -0.16364 -0.17639 -0.18682 -0.16624 -0.14765 -0.14629 -0.15631 -0.17997 -0.17077 -0.15017 -0.16224 -0.18854 -0.20198 -0.19984 -0.16827 -0.14495 -0.13181 -0.13205 -0.12426 -0.11071 -0.08993 -0.07715 -0.07820 -0.06539 -0.06454 -0.05721 -0.06793 -0.06584 -0.06206 -0.05797 -0.05848 -0.06461 -0.05352 -0.05181 -0.04729 -0.04660 -0.04832 -0.04352 -0.03914 -0.04290 -0.03592 -0.04107 -0.03887 -0.04051 -0.03090 -0.03196
-9999 -0.07890 -0.00739 -0.11787 -0.13920 -0.12976 -0.14701 -0.17571 -0.16930 -0.18566 -0.17505 -0.18394 -0.18396 -0.17826 -0.17843 -0.14542 -0.16226 -0.11412 -0.09956 -0.14074 -0.13405 -0.09067 -0.08703 -0.07588 -0.07333 -0.04488 -0.02578 -0.11023 -0.11148 -0.15403 -0.15162 -0.14701 -0.16613 -0.16871 -0.16243 -0.15308 -0.15575 -0.17090 -0.19895 -0.19694 -0.19244 -0.16180 -0.13068 -0.12305 -0.10362 -0.09365 -0.10410 -0.09225 -0.08063 -0.07497 -0.06195 -0.06005 -0.05425 -0.05339 -0.05108 -0.04917 -0.05101 -0.05848 -0.05354 -0.05139 -0.05068 -0.04625 -0.04111 -0.04207 -0.03747 -0.03727 -0.03723 -0.03371 -0.04141 -0.03660 -0.03020 -0.02075 -0.02258
-9999 -0.06626 -0.00963 -0.01418 0.00852 -0.03541 -0.15743 -0.15213 -0.16357 -0.16473 -0.12959 -0.12876 -0.14150 -0.10593 -0.08327 -0.06658 0.00367 -0.06524 -0.05567 -0.07912 -0.08979 -0.12329 -0.09909 -0.02422 -0.03791 -0.09109 -0.09921 -0.11422 -0.09795 -0.11799 -0.14512 -0.14521 -0.13829 -0.15500 -0.16013 -0.14053 -0.13004 -0.13921 -0.16595 -0.18543 -0.18013 -0.16232 -0.13767 -0.13733 -0.14184 -0.14481 -0.12951 -0.12775 -0.11434 -0.10394 -0.09534 -0.07543 -0.06847 -0.05236 -0.04723 -0.05453 -0.05680 -0.06310 -0.06426 -0.05419 -0.05434 -0.05137 -0.04891 -0.04135 -0.04137 -0.04164 -0.04003 -0.03738 -0.04093 -0.03772 -0.04249 -0.03620 -0.03192
-9999 -9999 -9999 -0.05647 0.03077 0.00985 -0.04411 -0.05609 -0.09082 -0.05753 -0.04016 0.00923 -0.03759 -0.01316 -0.06595 -0.01154 0.04272 0.02745 -0.00815 -0.04418 -0.02240 -0.04738 -0.01261 0.01835 0.01192 -0.04237 -0.03753 -0.09211 -0.07972 -0.09810 -0.08833 -0.12003 -0.11914 -0.14356 -0.14734 -0.12259 -0.12603 -0.10954 -0.12144 -0.15072 -0.18094 -0.17648 -0.13574 -0.12238 -0.12490 -0.13802 -0.10416 -0.11105 -0.10799 -0.11042 -0.09256 -0.07717 -0.06235 -0.05262 -0.05348 -0.04829 -0.05466 -0.05917 -0.05574 -0.04857 -0.05384 -0.04760 -0.04556 -0.03795 -0.04079 -0.04324 -0.04753 -0.03945 -0.03863 -0.03680 -0.03736 -0.03972 -0.03933
-9999 -9999 -9999 -9999 -9999 -9999 0.03183 0.02155 0.01993 0.03786 0.03883 0.05364 0.01803 0.04398 -0.00680 0.05368 0.01790 0.04465 0.00342 -0.07642 0.00574 0.02726 0.04419 0.03405 0.02665 0.05425 0.03878 0.01599 0.01825 -0.03188 -0.02392 -0.09176 -0.08989 -0.14120 -0.14082 -0.11144 -0.10957 -0.10451 -0.10835 -0.14112 -0.15632 -0.16343 -0.15760 -0.16910 -0.14633 -0.14561 -0.13274 -0.11992 -0.11881 -0.11169 -0.08995 -0.06906 -0.05950 -0.06856 -0.05378 -0.04936 -0.05034 -0.05138 -0.04662 -0.04634 -0.04369 -0.04052 -0.04015 -0.03270 -0.03841 -0.03672 -0.04646 -0.04232 -0.04115 -0.03208 -0.03320 -0.03448 -0.03442
-9999 -9999 -9999 -9999 -9999 -9999 0.08066 0.06156 -0.02395 0.07102 0.04925 0.03408 0.04266 0.08630 0.08734 0.09070 0.07395 0.07627 0.07140 0.00692 0.00366 -0.00334 0.04166 0.07791 0.08099 0.07061 0.05935 0.05614 0.05544 0.00264 -0.01347 -0.07921 -0.08170 -0.12921 -0.12050 -0.09823 -0.12501 -0.12597 -0.14344 -0.15282 -0.12839 -0.14707 -0.14988 -0.15041 -0.14961 -0.15023 -0.12767 -0.13136 -0.12611 -0.11138 -0.10140 -0.09256 -0.07419 -0.06407 -0.06029 -0.05948 -0.05718 -0.05633 -0.05821 -0.05025 -0.03856 -0.04087 -0.04053 -0.03325 -0.03415 -0.04111 -0.04432 -0.04421 -0.04725 -0.04031 -0.03474 -0.03634 -0.03730
-9999 -9999 -9999 -9999 -9999 -9999 -9999 -9999 -9999 -9999 0.02430 0.05085 0.05453 0.01418 -0.05813 -0.09319 -0.06380 -0.02582 -0.01463 -0.05019 -0.06266 -0.09614 -0.02652 0.02486 0.04167 0.07883 0.08154 0.11519 0.11590 0.06740 0.05295 -0.01908 -0.03064 -0.09010 -0.09925 -0.14481 -0.14034 -0.15905 -0.16121 -0.17791 -0.17315 -0.18424 -0.17922 -0.16765 -0.16733 -0.15150 -0.13429 -0.12174 -0.10761 -0.09840 -0.09020 -0.07078 -0.05661 -0.06215 -0.05668 -0.05176 -0.05871 -0.05911 -0.04116 -0.04529 -0.04525 -0.05612 -0.05463 -0.04835 -0.04492 -0.05818 -0.04959 -0.03576 -0.04654 -0.03186 -0.03199 -0.01012 -0.00868
-9999 -9999 -9999 -9999 -9999 -9999 -9999 -9999 -9999 -9999 0.03765 0.03193 0.07543 -0.04374 0.01386 -0.01302 -0.01882 0.02660 -0.00576 0.01710 0.03699 0.02163 0.02015 0.06759 0.06725 0.08586 0.07989 0.13791 0.13482 0.10066 0.10220 -0.00228 -0.02528 -0.08631 -0.09930 -0.14892 -0.16120 -0.16689 -0.17453 -0.18275 -0.18636 -0.18735 -0.19236 -0.18030 -0.16640 -0.14147 -0.13165 -0.11181 -0.10239 -0.09243 -0.08533 -0.06773 -0.06111 -0.05740 -0.06362 -0.05207 -0.05022 -0.04681 -0.04648 -0.04171 -0.04161 -0.05110 -0.04970 -0.04552 -0.05609 -0.06731 -0.06486 -0.04488 -0.04145 -0.03215 -0.04385 -0.01933 -0.01994
-9999 -9999 -9999 -9999 -9999 -9999 -9999 -9999 -9999 -9999 -9999 -9999 0.04320 -0.09092 -0.06073 -0.11097 -0.02687 -0.01057 -0.02149 0.07298 0.03288 0.05599 0.05994 0.10427 0.09172 0.12837 0.13494 0.22777 0.23803 0.23790 0.23219 0.14332 0.11677 0.03145 -0.01100 -0.08452 -0.10198 -0.13278 -0.16149 -0.17294 -0.16742 -0.18613 -0.17787 -0.14269 -0.13602 -0.11825 -0.10212 -0.08219 -0.06872 -0.06218 -0.06429 -0.02958 -0.02382 -0.02652 -0.04702 -0.03683 -0.04266 -0.01307 -0.01669 -0.02036 -0.02399 -0.04558 -0.05183 -0.03851 -0.02915 -0.02779 -0.03610 -0.03698 -0.04288 -0.02530 -0.02034 -0.01259 -0.01178
-9999 -9999 -9999 -9999 -9999 -9999 -9999 -9999 -9999 -9999 -9999 -9999 0.00580 -0.02148 -0.05004 -0.01409 -0.04581 0.04616 0.00135 0.03037 0.08339 0.07504 0.07402 0.08977 0.08375 0.13998 0.15991 0.26300 0.26316 0.28372 0.29424 0.20210 0.14823 0.03251 0.00073 -0.08013 -0.10176 -0.12041 -0.14281 -0.17168 -0.16902 -0.19840 -0.18950 -0.15154 -0.13622 -0.10867 -0.10129 -0.07610 -0.07583 -0.06360 -0.05528 -0.03442 -0.03800 -0.02910 -0.03938 -0.03911 -0.02667 -0.01169 -0.01306 -0.03899 -0.05280 -0.06247 -0.02849 -0.03520 -0.03034 -0.03130 -0.03474 -0.02804 -0.02547 0.00114 -0.01759 -0.01711 -0.01676
-9999 -9999 -9999 -9999 -9999 -9999 -9999 -9999 -9999 -9999 -9999 0.35702 0.11263 0.07808 0.11299 0.15600 0.05136 0.06295 0.06190 -0.00556 0.08188 0.13686 0.13488 0.15502 0.14173 0.05762 0.15495 0.36169 0.34884 0.40782 0.40624 0.33779 0.30926 0.21388 0.16650 0.06227 0.06201 0.03457 0.03032 -0.03091 -0.03441 -0.06530 -0.05773 -0.06900 -0.07789 -0.05593 -0.05711 -0.04456 -0.02255 -0.01308 -0.00486 0.02568 0.02532 0.01907 -0.00390 0.02022 0.03692 0.02255 0.02143 -0.02700 -0.01209 -0.01648 -0.01816 -0.01497 -0.01943 -0.02284 -0.02528 -0.01508 -0.04635 -0.04738 -0.04338 -0.02458 -0.04264
-9999 -9999 -9999 -9999 -9999 -9999 -9999 -9999 -9999 -9999 -9999 0.42061 0.38018 0.17374 0.20621 0.16347 0.12293 0.07591 0.11098 0.08493 0.14625 0.14987 0.14865 0.19962 0.18143 0.13771 0.21125 0.36870 0.36558 0.41172 0.41276 0.33152 0.28624 0.20266 0.19063 0.10076 0.08314 0.03446 0.04385 -0.03040 -0.03114 -0.05262 -0.11011 -0.10542 -0.08712 -0.06328 -0.05904 -0.06808 -0.03824 -0.03933 -0.01222 0.02681 0.03366 0.03462 0.04538 0.06050 0.05593 0.03740 0.04184 -0.00596 -0.01062 -0.00767 -0.01259 -0.03546 -0.04218 -0.04994 -0.04415 -0.02809 -0.06499 -0.05394 -0.05600 -0.05783 -0.06241
