data/hydroclimate-scenarios/BCSD_hadcm_B1/monthly_summaries/et_monthly_tot_jun.2070-2099.asc
ncols	311
nrows	91
xllcenter	102.75
yllcenter	31.75
cellsize	0.5
NODATA_value	-9999
[rows 0 to 30 of 91, columns 0 to 70 of 311]
-9999 -9999 -9999 -9999 -9999 -9999 -9999 -9999 -9999 -9999 -9999 -9999 -9999 -9999 -9999 -9999 -9999 -9999 -9999 -9999 -9999 -9999 -9999 -9999 -9999 -9999 -9999 -9999 -9999 -9999 -9999 -9999 -9999 -9999 -9999 -9999 -9999 -9999 -9999 -9999 -9999 -9999 -9999 -9999 -9999 -9999 -9999 -9999 -9999 -9999 -9999 -9999 -9999 -9999 -9999 -9999 -9999 -9999 -9999 -9999 -9999 -9999 -9999 -9999 -9999 -9999 -9999 -9999 -9999 -9999 -9999
-9999 -9999 -9999 -9999 -9999 -9999 -9999 -9999 -9999 -9999 -9999 -9999 -9999 -9999 -9999 -9999 -9999 -9999 -9999 -9999 -9999 -9999 -9999 -9999 -9999 -9999 -9999 -9999 -9999 -9999 -9999 -9999 -9999 -9999 -9999 -9999 -9999 -9999 -9999 -9999 -9999 -9999 -9999 -9999 -9999 -9999 -9999 -9999 -9999 -9999 -9999 -9999 -9999 -9999 -9999 -9999 -9999 -9999 -9999 -9999 -9999 -9999 -9999 -9999 -9999 -9999 -9999 -9999 -9999 -9999 -9999
-9999 -9999 -9999 -9999 -9999 -9999 -9999 -9999 -9999 -9999 -9999 -9999 -9999 -9999 -9999 -9999 -9999 -9999 -9999 -9999 -9999 -9999 -9999 -9999 -9999 -9999 -9999 -9999 -9999 -9999 -9999 -9999 -9999 -9999 -9999 -9999 -9999 -9999 -9999 -9999 -9999 -9999 -9999 -9999 -9999 -9999 -9999 -9999 -9999 -9999 -9999 -9999 -9999 -9999 -9999 -9999 -9999 -9999 -9999 -9999 -9999 -9999 -9999 -9999 -9999 -9999 -9999 -9999 -9999 -9999 -9999
-9999 -9999 -9999 -9999 -9999 -9999 -9999 -9999 -9999 -9999 -9999 -9999 -9999 -9999 -9999 -9999 -9999 -9999 -9999 -9999 -9999 -9999 -9999 -9999 -9999 -9999 -9999 -9999 -9999 -9999 -9999 -9999 -9999 -9999 -9999 -9999 -9999 -9999 -9999 -9999 -9999 -9999 -9999 -9999 -9999 -9999 -9999 -9999 -9999 -9999 -9999 -9999 -9999 -9999 -9999 -9999 -9999 -9999 -9999 -9999 -9999 -9999 -9999 -9999 -9999 -9999 -9999 -9999 -9999 -9999 -9999
-9999 -9999 -9999 -9999 -9999 -9999 -9999 -9999 -9999 -9999 -9999 -9999 -9999 -9999 -9999 -9999 -9999 -9999 -9999 -9999 -9999 -9999 -9999 -9999 -9999 -9999 -9999 -9999 -9999 -9999 -9999 -9999 -9999 -9999 -9999 -9999 -9999 -9999 -9999 -9999 -9999 -9999 -9999 -9999 -9999 -9999 -9999 -9999 -9999 -9999 -9999 -9999 -9999 -9999 -9999 -9999 -9999 -9999 -9999 -9999 -9999 -9999 -9999 -9999 -9999 -9999 -9999 -9999 -9999 -9999 -9999
-9999 -9999 -9999 -9999 -9999 -9999 -9999 -9999 -9999 -9999 -9999 -9999 -9999 -9999 -9999 -9999 -9999 -9999 -9999 -9999 -9999 -9999 -9999 -9999 -9999 -9999 -9999 -9999 -9999 -9999 -9999 -9999 -9999 -9999 -9999 -9999 -9999 -9999 -9999 -9999 -9999 -9999 -9999 -9999 -9999 -9999 -9999 -9999 -9999 -9999 -9999 -9999 -9999 -9999 -9999 -9999 -9999 -9999 -9999 -9999 -9999 -9999 -9999 -9999 -9999 -9999 -9999 -9999 -9999 -9999 -9999
-9999 -9999 -9999 -9999 -9999 -9999 -9999 -9999 -9999 -9999 -9999 -9999 -9999 -9999 -9999 -9999 -9999 -9999 -9999 -9999 -9999 -9999 -9999 -9999 -9999 -9999 -9999 -9999 -9999 -9999 -9999 -9999 -9999 -9999 -9999 -9999 -9999 -9999 -9999 -9999 -9999 -9999 -9999 -9999 -9999 -9999 -9999 -9999 -9999 -9999 -9999 -9999 -9999 -9999 -9999 -9999 -9999 -9999 -9999 -9999 -9999 -9999 -9999 -9999 -9999 -9999 -9999 -9999 -9999 -9999 -9999
-9999 -9999 -9999 -9999 -9999 -9999 -9999 -9999 -9999 -9999 -9999 -9999 -9999 -9999 -9999 -9999 -9999 -9999 -9999 -9999 -9999 -9999 -9999 -9999 -9999 -9999 -9999 -9999 -9999 -9999 -9999 -9999 -9999 -9999 -9999 -9999 -9999 -9999 -9999 -9999 -9999 -9999 91.95730 94.95040 93.75530 92.95630 93.21400 94.00460 92.58960 90.89110 91.11740 93.36960 -9999 -9999 -9999 -9999 -9999 -9999 -9999 -9999 -9999 -9999 -9999 -9999 -9999 -9999 -9999 -9999 -9999 -9999 -9999
-9999 -9999 -9999 -9999 -9999 -9999 -9999 -9999 -9999 -9999 -9999 -9999 -9999 -9999 -9999 -9999 -9999 -9999 -9999 -9999 -9999 -9999 -9999 -9999 -9999 -9999 -9999 -9999 -9999 -9999 -9999 -9999 -9999 -9999 -9999 -9999 -9999 -9999 91.58160 86.89090 90.39250 89.57730 90.21410 94.31410 93.83640 95.47620 95.35660 97.22530 95.40670 89.83240 88.10720 76.84090 81.05220 72.08750 -9999 -9999 -9999 -9999 -9999 -9999 -9999 -9999 -9999 -9999 -9999 -9999 -9999 -9999 -9999 -9999 -9999
-9999 -9999 -9999 -9999 -9999 -9999 -9999 -9999 -9999 -9999 -9999 -9999 -9999 -9999 -9999 -9999 -9999 -9999 -9999 -9999 -9999 -9999 -9999 -9999 -9999 -9999 -9999 -9999 -9999 -9999 -9999 -9999 -9999 -9999 -9999 -9999 -9999 -9999 -9999 -9999 91.71110 92.33650 90.97720 92.81450 94.37720 89.87900 92.61060 92.52000 97.41440 95.66110 95.95360 92.34880 87.19430 75.20050 -9999 -9999 -9999 -9999 -9999 -9999 -9999 -9999 -9999 -9999 -9999 -9999 -9999 -9999 -9999 -9999 -9999
-9999 -9999 -9999 -9999 -9999 -9999 -9999 -9999 -9999 -9999 -9999 -9999 -9999 -9999 -9999 -9999 -9999 -9999 -9999 -9999 -9999 -9999 -9999 -9999 -9999 -9999 -9999 -9999 -9999 -9999 -9999 -9999 -9999 -9999 -9999 -9999 -9999 -9999 -9999 -9999 -9999 -9999 -9999 -9999 93.41060 94.12020 92.08010 88.53550 98.56040 96.28390 93.54390 90.15350 101.14900 76.32690 -9999 -9999 -9999 -9999 -9999 -9999 88.78100 -9999 -9999 -9999 -9999 -9999 -9999 -9999 -9999 -9999 -9999
-9999 -9999 -9999 -9999 -9999 -9999 -9999 -9999 -9999 -9999 -9999 -9999 -9999 -9999 -9999 -9999 -9999 -9999 -9999 -9999 -9999 -9999 -9999 -9999 -9999 -9999 -9999 -9999 -9999 -9999 -9999 -9999 -9999 -9999 -9999 -9999 -9999 -9999 -9999 -9999 -9999 92.09540 93.50050 92.46570 93.16250 96.94810 95.73570 93.28490 95.98040 98.25520 95.31890 91.83280 102.47600 88.72090 -9999 -9999 -9999 -9999 -9999 86.63780 84.87770 81.78500 81.17330 79.30060 78.17860 78.30290 77.18450 76.19340 76.26680 75.41870 77.09220
-9999 -9999 -9999 -9999 -9999 -9999 -9999 -9999 -9999 -9999 -9999 -9999 -9999 -9999 -9999 -9999 -9999 -9999 -9999 -9999 -9999 -9999 -9999 -9999 -9999 -9999 -9999 -9999 -9999 -9999 -9999 -9999 -9999 -9999 -9999 -9999 -9999 -9999 -9999 -9999 -9999 95.23470 95.45560 95.59690 98.11490 100.85700 88.62170 86.62250 99.34020 99.48470 98.75800 91.11710 97.81020 96.63260 87.96800 101.91800 92.11140 -9999 87.20680 83.02770 80.58150 80.12370 80.21390 80.70280 79.58230 77.36780 76.29060 77.48370 76.41400 77.44560 77.91940
-9999 -9999 -9999 -9999 -9999 -9999 -9999 -9999 -9999 -9999 -9999 -9999 -9999 -9999 -9999 -9999 -9999 -9999 -9999 -9999 -9999 -9999 -9999 -9999 -9999 -9999 -9999 -9999 -9999 -9999 -9999 -9999 -9999 -9999 -9999 95.39160 97.51100 94.42730 94.71310 95.45920 97.00430 100.76500 98.02880 100.50300 87.36390 95.09170 105.70600 107.00900 104.63200 101.38200 96.94290 95.07180 86.61830 87.59460 98.08470 98.52650 94.48260 93.40570 82.96130 79.69500 80.08340 82.09810 79.61410 82.84630 83.17980 76.36840 76.95270 80.28640 76.19570 84.78560 86.06140
-9999 -9999 -9999 -9999 -9999 -9999 -9999 -9999 -9999 -9999 -9999 -9999 -9999 -9999 -9999 -9999 -9999 -9999 -9999 -9999 -9999 -9999 -9999 -9999 -9999 -9999 -9999 -9999 -9999 -9999 -9999 -9999 -9999 -9999 101.09800 103.13400 100.40800 99.85560 98.14390 99.56900 101.95700 104.35300 107.13600 92.98200 108.54500 110.42200 110.76500 112.14900 106.62200 98.13880 89.59560 86.23920 76.50460 83.35610 86.68910 93.18350 96.02320 86.88960 78.65620 77.28430 77.28550 79.36340 82.70010 84.13860 76.01910 76.51820 80.00670 82.61350 85.82510 82.96350 85.99070
-9999 -9999 -9999 -9999 -9999 -9999 -9999 -9999 -9999 -9999 -9999 -9999 -9999 -9999 -9999 -9999 -9999 -9999 -9999 -9999 -9999 -9999 -9999 -9999 -9999 -9999 -9999 -9999 -9999 -9999 -9999 -9999 -9999 98.55810 99.11530 102.94600 103.59500 103.45100 102.27700 104.63700 107.82600 108.11800 89.81760 94.99280 108.01300 109.92900 108.54500 109.25100 99.41480 90.92540 83.06690 72.32710 76.55080 80.90350 94.01760 92.61300 92.18780 90.71320 81.95760 78.29410 80.96360 75.64620 73.64250 70.42780 71.35660 76.75640 82.55430 84.43610 86.24720 85.89810 91.12850
-9999 -9999 -9999 -9999 -9999 -9999 -9999 -9999 -9999 -9999 -9999 -9999 -9999 -9999 -9999 -9999 -9999 -9999 -9999 -9999 -9999 -9999 -9999 -9999 -9999 -9999 -9999 -9999 -9999 -9999 -9999 98.35350 101.73900 104.66800 106.24700 104.85500 106.34400 105.53900 106.98200 107.44200 109.47800 111.28300 102.19800 110.89000 108.49600 109.62700 110.22000 110.60000 102.06300 92.17690 87.17850 72.82070 75.44670 79.96290 86.09680 92.76840 93.48680 86.51780 88.18600 84.72400 78.56400 72.70100 75.33080 72.55690 75.70170 80.12090 82.67890 82.98650 86.97720 92.69640 93.31040
-9999 -9999 -9999 -9999 -9999 -9999 -9999 -9999 -9999 -9999 -9999 -9999 -9999 -9999 -9999 -9999 -9999 -9999 -9999 -9999 -9999 -9999 -9999 -9999 -9999 -9999 -9999 -9999 -9999 101.73400 104.91600 104.33100 103.83500 105.95300 105.50800 104.18300 104.99600 108.14600 107.58400 109.73700 94.38990 90.43060 112.36000 111.14900 111.03400 107.23900 105.77000 107.57400 93.93410 86.47460 85.56920 65.62810 78.68090 85.57990 83.66600 94.02210 98.72690 93.33300 91.64660 84.12210 77.87460 77.09680 77.02620 79.80260 76.60930 79.76910 84.31680 86.24070 88.10060 88.17440 88.35340
-9999 -9999 -9999 -9999 -9999 -9999 -9999 -9999 -9999 -9999 -9999 -9999 -9999 -9999 -9999 -9999 -9999 -9999 -9999 -9999 -9999 -9999 -9999 -9999 98.60400 97.27210 98.20070 97.55080 97.03610 98.49420 101.41300 100.98200 102.13600 103.01700 103.56100 103.13600 104.87600 104.38700 106.84000 107.01500 108.47800 83.54910 105.69400 104.74800 106.46600 106.39500 102.68000 102.17200 93.48710 88.67120 88.44960 68.57320 73.19780 87.58720 96.65700 99.83470 98.08480 95.02140 93.96600 86.59100 78.48700 77.79360 75.76410 75.99020 77.80320 84.81950 82.75000 83.49110 87.30320 86.00610 90.17890
-9999 -9999 -9999 -9999 -9999 -9999 98.62160 98.69800 98.75870 100.57800 102.75900 -9999 -9999 -9999 -9999 -9999 -9999 -9999 -9999 -9999 -9999 100.82300 98.41620 99.01020 99.59150 97.97770 97.07490 95.85380 98.21020 100.97300 101.09000 101.57400 101.13200 102.20300 102.19500 101.23500 101.76300 104.97900 105.46400 100.60000 103.46600 108.70200 83.22570 104.92700 105.56400 106.92800 105.26200 105.32300 97.16120 89.21670 80.58920 76.66170 77.69710 91.92120 100.50400 101.57000 100.67000 99.42820 90.97130 82.69170 79.82710 79.28270 82.71250 84.68730 87.47490 82.13500 77.97260 88.61950 91.94740 89.18290 87.85760
-9999 -9999 -9999 -9999 -9999 103.35000 101.32400 97.40320 104.78000 101.10600 102.14900 98.09980 99.07600 97.55050 -9999 -9999 -9999 104.14500 103.43800 100.37000 101.31300 100.79400 99.87590 103.00200 90.75990 93.03110 94.45510 92.15880 94.46110 93.71410 94.25860 95.66070 95.44710 95.26710 93.68750 93.74000 97.41220 97.13500 93.10810 88.95680 92.20740 98.95760 87.44590 86.33710 99.46960 100.25800 96.95360 93.34430 99.11180 91.77600 88.95890 91.78890 90.86480 99.84050 100.96000 100.46800 103.39800 100.54600 94.12200 89.47400 84.88030 90.90580 92.62720 85.79650 88.29090 95.02440 97.26430 97.82820 95.62630 98.19790 95.02930
-9999 103.69800 101.03800 107.84200 104.98700 104.09900 101.98100 105.05600 103.48500 105.52800 103.70500 101.40800 100.07200 100.69400 102.82200 103.42200 104.87100 104.81500 103.01800 103.33600 102.61100 102.50700 102.45500 97.61610 98.91780 97.67690 97.82500 95.31490 96.28400 96.38190 95.42260 96.36250 94.66650 97.72010 100.57700 96.93340 98.06560 95.99480 90.77940 91.22110 94.77520 98.27920 92.64010 82.75520 102.67900 103.10900 103.05600 100.64500 106.60400 101.01500 99.70620 90.67070 94.85780 94.47410 98.38520 102.93200 103.32900 100.07000 100.31800 92.78650 90.89980 89.84130 95.88900 93.43130 96.20660 96.38360 97.07160 98.51420 96.90480 99.98070 97.64350
-9999 101.37800 102.31300 101.80500 102.34600 104.81300 109.66800 106.29000 108.42400 105.38700 104.66800 102.83100 101.22200 103.64300 102.89800 103.45000 100.68000 102.96600 103.88500 102.90100 103.09500 103.56900 92.76090 97.45640 97.67880 98.34640 96.89970 98.16020 98.90930 97.05050 96.96780 93.66490 100.02500 101.05500 96.25130 96.57900 99.99280 96.93720 94.71670 92.03060 92.83330 101.01400 111.16300 81.64750 86.57250 101.54300 103.25000 103.40800 102.65900 100.04900 95.20620 98.96150 94.74480 86.98130 89.84550 98.96980 101.94500 101.59800 95.72530 104.22500 93.57180 92.68290 94.31990 98.59370 95.48070 94.73010 98.84910 95.64480 99.27450 98.97790 100.06300
-9999 -9999 -9999 98.16020 96.69390 97.81490 100.10100 97.33110 98.22350 97.52530 103.30200 106.51700 106.51600 107.02900 106.69200 104.92600 103.33300 106.95400 107.17300 106.20700 93.69390 94.60010 93.88140 99.16230 98.61830 98.11480 97.29310 97.34880 97.31260 100.33400 104.51100 103.65800 99.71880 97.08450 92.38070 73.87330 99.24610 99.31680 95.94310 90.46520 80.97810 68.83180 90.45400 90.42760 76.77720 77.06680 86.61340 102.08800 104.03400 100.31700 107.98600 105.93800 100.17400 94.92380 99.73870 99.24090 102.07300 104.30400 95.41990 103.71800 91.83440 95.32600 89.97080 97.47920 97.02110 98.77200 100.08700 104.68500 102.32600 98.20390 99.12990
-9999 -9999 -9999 -9999 -9999 -9999 101.35700 100.96300 99.57840 108.94700 110.16300 99.70060 96.54370 98.16290 100.39000 110.85800 109.08700 96.98030 96.73250 94.53040 98.95740 103.36700 108.18400 103.44600 102.58100 109.69100 106.56400 100.44600 78.62570 104.49500 100.07000 93.81130 72.27930 81.61330 72.82740 81.77630 67.52590 71.51710 86.04900 89.09800 89.14770 86.85420 88.72570 87.34820 87.27110 92.35090 78.29530 86.85930 89.75560 90.18330 92.80510 94.02980 93.94490 105.51200 103.44600 96.53280 104.75300 100.83700 98.42610 95.96270 105.65800 102.46300 103.21900 101.10100 89.95300 92.70060 95.16260 101.91500 98.88280 98.74020 94.20040
-9999 -9999 -9999 -9999 -9999 -9999 105.64600 105.16200 101.35200 105.00300 103.66300 99.66720 102.55100 104.39600 108.91600 102.21500 105.92200 101.32100 103.75300 102.68000 103.40500 105.85700 108.56100 109.80100 109.48400 107.53500 107.49100 108.69700 88.16560 86.57010 83.70210 78.66470 76.70880 76.32360 75.97620 75.47210 60.97210 59.43890 59.44520 77.21870 80.28620 81.70120 85.80740 86.29250 86.88740 88.25450 86.97380 87.84630 92.39270 78.61210 82.96190 87.57380 91.29360 93.25780 96.63740 100.26200 97.62830 94.60340 90.74290 94.10370 100.62000 100.07100 98.89420 93.56500 95.25280 96.14860 101.45900 104.39800 102.65200 102.31900 97.03810
-9999 -9999 -9999 -9999 -9999 -9999 -9999 -9999 -9999 -9999 97.40120 106.05700 105.91100 104.53400 99.04120 102.63400 105.15900 106.83700 111.38100 106.03100 103.54900 102.88100 104.35100 111.68900 112.36700 114.49800 116.17900 114.88500 109.00500 73.72120 74.73310 73.82930 69.63150 76.03210 78.29530 73.22510 75.50260 73.01070 73.19760 74.43570 62.30970 69.92810 96.16870 70.96190 70.03820 69.24970 72.53560 77.94690 85.66490 86.79070 87.67650 84.20770 83.13110 67.47320 66.61540 63.90740 64.49980 78.16410 82.33450 68.31020 80.99350 72.68390 73.76970 84.37940 85.11560 84.03280 87.48420 103.46700 103.19400 102.75000 99.73270
-9999 -9999 -9999 -9999 -9999 -9999 -9999 -9999 -9999 -9999 96.44370 102.75900 107.94100 99.95780 106.22800 110.73300 116.39700 117.64000 114.84400 112.97900 116.82100 116.19300 113.67500 118.44000 116.98700 117.92100 116.00900 112.98700 111.07300 72.96990 68.90880 70.10120 65.09090 72.48410 65.99230 62.78820 66.86120 90.16540 84.84620 85.94390 91.52910 96.18980 93.28700 92.84060 96.24700 101.25400 100.93500 108.81300 109.61900 76.76870 80.19380 80.86090 75.35730 75.03470 59.83710 71.52470 69.51470 71.05740 69.78090 73.24300 72.83700 71.51670 70.46200 58.15960 59.26840 59.68870 67.36020 88.32640 99.31710 104.71500 96.81210
-9999 -9999 -9999 -9999 -9999 -9999 -9999 -9999 -9999 -9999 -9999 -9999 96.51460 96.10910 96.33890 96.17930 105.24200 108.03100 109.22600 119.07700 113.56800 115.83600 117.91400 116.77900 114.00700 112.55700 111.89100 112.21500 109.10600 102.29700 66.27880 70.56300 70.63580 102.90300 102.94400 101.68500 97.75250 98.36950 94.11730 94.02840 94.59270 95.61930 98.19430 94.13860 93.06710 93.76620 96.57620 99.26630 101.44200 102.45800 72.68930 67.10830 77.56060 64.90510 58.37880 63.71630 62.54160 72.43450 74.53730 73.14280 71.25040 69.88640 66.77800 57.30940 70.32110 72.73620 61.09180 85.77250 87.43010 103.71900 103.90700
-9999 -9999 -9999 -9999 -9999 -9999 -9999 -9999 -9999 -9999 -9999 -9999 92.95640 95.33720 95.50090 101.73800 101.70200 104.16600 105.33600 109.01200 112.31000 124.54200 117.86100 106.34100 110.04100 110.02100 109.76300 108.51000 107.73700 99.79690 96.35660 99.22530 99.45880 102.25700 101.44400 99.22270 97.43680 104.18400 97.36140 96.09090 96.23190 95.71020 96.74480 93.52410 95.03410 77.80170 75.87050 71.19970 83.64370 86.38820 72.89990 68.70300 65.00810 64.27790 56.39750 64.74170 65.29630 74.17360 75.30730 70.39890 65.17110 65.54200 71.69940 71.02390 71.98160 59.67320 63.30700 67.91710 89.13410 96.12980 101.96200
-9999 -9999 -9999 -9999 -9999 -9999 -9999 -9999 -9999 -9999 -9999 96.22990 91.13920 88.51900 91.61150 100.63600 113.75900 114.80100 120.00200 115.59000 124.31100 125.44200 116.91600 112.15700 109.61800 99.79230 105.49000 110.52400 106.43100 101.71800 98.26290 98.09670 97.87100 98.17530 97.23280 91.94890 95.00440 99.75520 101.50700 98.96330 101.60500 98.45440 99.56940 101.91500 98.65980 98.13940 93.08960 72.98570 73.83700 82.36430 80.84140 79.97740 76.28660 70.28950 63.05200 69.37820 70.98050 72.64490 72.72150 71.46130 72.22820 72.90360 71.67430 72.68860 73.17210 72.57850 80.21370 88.00160 94.20830 103.37600 97.33220
