data/hydroclimate-scenarios/BCSD_hadcm_B1/monthly_summaries/et_monthly_tot_nov.2030-2059.asc
ncols	311
nrows	91
xllcenter	102.75
yllcenter	31.75
cellsize	0.5
NODATA_value	-9999
[rows 0 to 32 of 91, columns 73 to 145 of 311]
-9999 -9999 -9999 -9999 -9999 -9999 -9999 -9999 -9999 -9999 -9999 -9999 -9999 -9999 -9999 -9999 -9999 -9999 -9999 -9999 -9999 -9999 -9999 -9999 -9999 -9999 -9999 -9999 -9999 -9999 -9999 -9999 -9999 -9999 -9999 -9999 -9999 -9999 -9999 -9999 -9999 -9999 -9999 -9999 -9999 -9999 -9999 -9999 -9999 -9999 -9999 -9999 -9999 -9999 -9999 -9999 -9999 -9999 -9999 -9999 -9999 -9999 -9999 -9999 -9999 -9999 -9999 -9999 -9999 -9999 -9999 -9999 -9999
-9999 -9999 -9999 -9999 -9999 -9999 -9999 -9999 -9999 -9999 -9999 -9999 -9999 -9999 -9999 -9999 -9999 -9999 -9999 -9999 -9999 -9999 -9999 -9999 -9999 -9999 -9999 -9999 -9999 -9999 -9999 -9999 -9999 -9999 -9999 -9999 -9999 -9999 -9999 -9999 -9999 -9999 -9999 -9999 -9999 -9999 -9999 -9999 -9999 -9999 -9999 -9999 -9999 -9999 -9999 -9999 -9999 -9999 -9999 -9999 -9999 -9999 -9999 -9999 -9999 -9999 -9999 -9999 -9999 -9999 -9999 -9999 -9999
-9999 -9999 -9999 -9999 -9999 -9999 -9999 -9999 -9999 -9999 -9999 -9999 -9999 -9999 -9999 -9999 -9999 -9999 -9999 -9999 -9999 -9999 -9999 -9999 -9999 -9999 -9999 -9999 -9999 -9999 -9999 -9999 -9999 -9999 -9999 -9999 -9999 -9999 -9999 -9999 -9999 -9999 -9999 -9999 -9999 -9999 -9999 -9999 -9999 -9999 -9999 -9999 -9999 -9999 -9999 -9999 -9999 -9999 -9999 -9999 -9999 -9999 -9999 -9999 -9999 -9999 -9999 -9999 -9999 -9999 -9999 -9999 -9999
-9999 -9999 -9999 -9999 -9999 -9999 -9999 -9999 -9999 -9999 -9999 -9999 -9999 -9999 -9999 -9999 -9999 -9999 -9999 -9999 -9999 -9999 -9999 -9999 -9999 -9999 -9999 -9999 -9999 -9999 -9999 -9999 -9999 -9999 -9999 -9999 -9999 -9999 -9999 -9999 -9999 -9999 -9999 -9999 -9999 -9999 -9999 -9999 -9999 -9999 -9999 -9999 -9999 -9999 -9999 -9999 -9999 -9999 -9999 -9999 -9999 -9999 -9999 -9999 -9999 -9999 -9999 -9999 -9999 -9999 -9999 -9999 -9999
-9999 -9999 -9999 -9999 -9999 -9999 -9999 -9999 -9999 -9999 -9999 -9999 -9999 -9999 -9999 -9999 -9999 -9999 -9999 -9999 -9999 -9999 -9999 -9999 -9999 -9999 -9999 -9999 -9999 -9999 -9999 -9999 -9999 -9999 -9999 -9999 -9999 -9999 -9999 -9999 -9999 -9999 -9999 -9999 -9999 -9999 -9999 -9999 -9999 -9999 -9999 -9999 -9999 -9999 -9999 -9999 -9999 -9999 -9999 -9999 -9999 -9999 -9999 -9999 -9999 -9999 -9999 -9999 -9999 -9999 -9999 -9999 -9999
-9999 -9999 -9999 -9999 -9999 -9999 -9999 -9999 -9999 -9999 -9999 -9999 -9999 -9999 -9999 -9999 -9999 -9999 -9999 -9999 -9999 -9999 -9999 -9999 -9999 -9999 -9999 -9999 -9999 -9999 -9999 -9999 -9999 -9999 -9999 -9999 -9999 -9999 -9999 -9999 -9999 -9999 -9999 -9999 -9999 -9999 -9999 -9999 -9999 -9999 -9999 -9999 -9999 -9999 -9999 -9999 -9999 -9999 -9999 -9999 -9999 -9999 -9999 -9999 -9999 -9999 -9999 -9999 -9999 -9999 -9999 -9999 -9999
-9999 -9999 -9999 -9999 -9999 -9999 -9999 -9999 -9999 -9999 -9999 -9999 -9999 -9999 -9999 -9999 -9999 -9999 -9999 -9999 -9999 -9999 -9999 -9999 -9999 -9999 -9999 -9999 -9999 -9999 -9999 -9999 -9999 -9999 -9999 -9999 -9999 -9999 -9999 -9999 -9999 -9999 -9999 -9999 -9999 -9999 -9999 -9999 -9999 -9999 -9999 -9999 -9999 -9999 -9999 -9999 -9999 -9999 -9999 -9999 -9999 -9999 -9999 -9999 -9999 -9999 -9999 -9999 -9999 -9999 -9999 -9999 -9999
-9999 -9999 -9999 -9999 -9999 -9999 -9999 -9999 -9999 -9999 -9999 -9999 -9999 -9999 -9999 -9999 -9999 -9999 -9999 -9999 -9999 -9999 -9999 -9999 -9999 -9999 -9999 -9999 -9999 -9999 -9999 -9999 -9999 -9999 -9999 -9999 -9999 -9999 -9999 -9999 -9999 -9999 -9999 -9999 -9999 -9999 -9999 -9999 -9999 -9999 -9999 -9999 -9999 -9999 -9999 -9999 -9999 -9999 -9999 -9999 -9999 -9999 -9999 -9999 -9999 -9999 -9999 -9999 -9999 -9999 -9999 -9999 -9999
-9999 -9999 -9999 -9999 -0.01324 -9999 -9999 -9999 -9999 -9999 -9999 -9999 -9999 -9999 -9999 -9999 -9999 -9999 -9999 -9999 -9999 -9999 -9999 -9999 -9999 -9999 -9999 -9999 -9999 -9999 -9999 -9999 -9999 -9999 -9999 -9999 -9999 -9999 -9999 -9999 -9999 -9999 -9999 -9999 -9999 -9999 -9999 -9999 -9999 -9999 -9999 -9999 -9999 -9999 -9999 -9999 -9999 -9999 -9999 -9999 -9999 -9999 -9999 -9999 -9999 -9999 -9999 -9999 -9999 -9999 -9999 -9999 -9999
0.04598 0.24454 0.06381 0.05834 0.01444 -0.00069 0.14948 0.12407 0.25843 0.23107 0.30585 0.29267 0.29674 0.26675 0.19245 0.17243 0.12694 0.10003 0.23847 0.22838 -9999 -9999 -9999 -9999 -9999 -9999 -9999 -9999 -9999 -9999 -9999 -9999 -9999 -9999 -9999 -9999 -9999 -9999 -9999 -9999 -9999 -9999 -9999 -9999 -9999 -9999 -9999 -9999 -9999 -9999 -9999 -9999 -9999 -9999 -9999 -9999 -9999 -9999 -9999 -9999 -9999 -9999 -9999 -9999 -9999 -9999 -9999 -9999 -9999 -9999 -9999 -9999 -9999
-9999 -9999 0.02291 0.01302 -0.01340 -0.02226 -0.01091 -0.03731 -0.00588 -0.03041 -0.02771 -0.06779 -0.12839 -0.16834 -0.26347 -0.31200 -0.38166 -0.42234 -0.35651 -0.35845 -9999 -9999 -9999 -9999 -9999 -9999 -9999 -9999 -9999 -9999 -9999 -9999 -9999 -9999 -9999 -9999 -9999 -9999 -9999 -9999 -9999 -9999 -9999 -9999 -9999 -9999 -9999 -9999 -9999 -9999 -9999 -9999 -9999 -9999 -9999 -9999 -9999 -9999 -9999 -9999 -9999 -9999 -9999 -9999 -9999 -9999 -9999 -9999 -9999 -9999 -9999 -9999 -9999
0.09017 0.07901 0.04905 0.04634 0.02349 0.01176 0.02001 0.00192 0.03123 0.01672 0.01551 -0.02363 -0.07897 -0.12781 -0.20727 -0.27010 -0.35207 -0.38808 -0.30925 -0.30236 -0.24612 -0.22635 -0.08539 -0.05512 0.06902 0.08344 -9999 -9999 -9999 -9999 -9999 -9999 -9999 -9999 -9999 -9999 -9999 -9999 -9999 -9999 -9999 -9999 -9999 -9999 -9999 -9999 -9999 -9999 -9999 -9999 -9999 -9999 -9999 -9999 -9999 -9999 -9999 -9999 -9999 -9999 -9999 -9999 -9999 -9999 -9999 -9999 -9999 -9999 -9999 -9999 -9999 -9999 -9999
-0.00376 -0.00971 -0.04017 -0.05243 -0.03953 -0.05065 -0.00726 -0.02553 -0.03403 -0.06133 -0.15583 -0.19144 -0.26795 -0.31581 -0.41543 -0.47473 -0.51523 -0.59944 -0.53211 -0.49329 -0.43164 -0.41364 -0.25183 -0.20910 -0.08227 -0.04957 0.11526 0.14268 0.27798 0.28505 0.29402 0.30728 0.39308 0.39296 0.50848 0.52169 0.74889 0.77089 0.79658 0.77570 0.67915 -9999 -9999 -9999 -9999 -9999 -9999 -9999 -9999 -9999 -9999 -9999 -9999 -9999 -9999 -9999 -9999 -9999 -9999 -9999 -9999 -9999 -9999 -9999 -9999 -9999 -9999 -9999 -9999 -9999 -9999 -9999 -9999
0.00582 0.00551 -0.00789 -0.01871 -0.00876 -0.02200 0.01503 -0.00227 -0.02071 -0.03483 -0.13082 -0.17059 -0.23981 -0.28051 -0.36547 -0.41577 -0.44963 -0.49612 -0.44007 -0.38129 -0.32407 -0.31697 -0.18477 -0.16844 -0.05451 -0.04038 0.16845 0.17829 0.29682 0.31812 0.31752 0.31772 0.40118 0.39897 0.53937 0.52038 0.77991 0.76167 0.80188 0.80721 0.67164 0.67142 -9999 -9999 -9999 -9999 -9999 -9999 -9999 -9999 -9999 -9999 -9999 -9999 -9999 -9999 -9999 -9999 -9999 -9999 -9999 -9999 -9999 -9999 -9999 -9999 -9999 -9999 -9999 -9999 -9999 -9999 -9999
-0.06341 -0.05427 -0.08968 -0.09721 -0.07219 -0.08387 -0.05104 -0.07232 -0.09946 -0.12498 -0.24440 -0.27973 -0.34585 -0.38370 -0.44372 -0.48984 -0.52519 -0.56783 -0.51349 -0.50357 -0.50240 -0.48871 -0.42671 -0.37937 -0.35961 -0.35964 -0.22440 -0.20244 -0.14441 -0.13499 -0.11310 -0.10360 -0.08078 -0.08554 -0.01030 -0.00621 0.02956 0.02202 0.04548 0.04306 0.10276 0.09025 -9999 -9999 -9999 -9999 -9999 -9999 -9999 -9999 -9999 -9999 -9999 -9999 -9999 -9999 -9999 0.87609 1.05203 -9999 -9999 -9999 -9999 0.90996 0.85610 0.73601 0.80682 0.87387 0.91685 0.86953 0.90616 0.84025 1.04660
-0.05028 -0.03851 -0.06192 -0.07723 -0.05182 -0.05402 -0.01747 -0.02220 -0.08118 -0.10921 -0.22216 -0.25234 -0.29802 -0.35521 -0.39862 -0.44722 -0.45382 -0.49024 -0.48781 -0.47614 -0.46231 -0.46326 -0.37926 -0.38272 -0.33970 -0.33555 -0.20065 -0.19321 -0.12559 -0.11980 -0.09171 -0.08993 -0.07085 -0.05308 0.01332 -0.01013 0.02291 0.01715 0.07270 0.06190 0.11790 0.11031 0.11661 0.11146 0.09065 0.07441 0.14035 0.14559 0.17862 0.17478 0.24760 0.27934 0.47344 0.46724 0.83752 0.84722 0.97073 0.98579 1.08920 -9999 -9999 -9999 -9999 -9999 1.08421 1.03375 0.95041 0.90964 1.00985 0.93394 1.09657 1.01611 1.05140
-0.01343 -0.00856 -0.04200 -0.06435 -0.05186 -0.06179 -0.07336 -0.09408 -0.14943 -0.16610 -0.23634 -0.26403 -0.29599 -0.33912 -0.38812 -0.39686 -0.40751 -0.47480 -0.46851 -0.48734 -0.42663 -0.41695 -0.43523 -0.42112 -0.39579 -0.39226 -0.30365 -0.26919 -0.26029 -0.25079 -0.22107 -0.24943 -0.22671 -0.19063 -0.18241 -0.18329 -0.25103 -0.24493 -0.23173 -0.24460 -0.20442 -0.23678 -0.15537 -0.16062 -0.10164 -0.13589 -0.18367 -0.19577 -0.18950 -0.21936 -0.05696 -0.07411 0.08652 0.02515 0.41518 0.43699 0.66782 0.66645 0.75421 0.73559 0.77716 0.71352 0.73708 0.75415 0.81837 0.76608 0.73552 0.70476 0.75069 0.72401 0.75250 0.61698 0.64817
0.00259 -0.00638 -0.02908 -0.03181 -0.02292 -0.03610 -0.06571 -0.08571 -0.13486 -0.15123 -0.21818 -0.24125 -0.25995 -0.25939 -0.34270 -0.38345 -0.34998 -0.36674 -0.38984 -0.44211 -0.39828 -0.39866 -0.38674 -0.38986 -0.34716 -0.35832 -0.24639 -0.20721 -0.19294 -0.17040 -0.16211 -0.22063 -0.21055 -0.17982 -0.16601 -0.17982 -0.20093 -0.18522 -0.20272 -0.25559 -0.24617 -0.17575 -0.07854 -0.13021 -0.11962 -0.15221 -0.19596 -0.21819 -0.19385 -0.22790 -0.04899 -0.08024 0.11513 0.11024 0.41948 0.41713 0.59620 0.62339 0.78589 0.72021 0.75135 0.79017 0.81473 0.81071 0.84545 0.83197 0.81277 0.70807 0.72482 0.64543 0.70447 0.69625 0.74536
0.04998 0.04997 0.06974 0.06718 0.02731 0.02795 -0.01801 -0.03727 -0.07957 -0.10192 -0.13825 -0.14909 -0.13245 -0.13826 -0.21964 -0.25195 -0.27592 -0.23744 -0.30275 -0.34898 -0.32841 -0.35512 -0.35383 -0.33144 -0.33397 -0.30022 -0.34631 -0.34598 -0.37250 -0.36710 -0.36099 -0.35797 -0.36478 -0.36840 -0.31787 -0.38352 -0.42139 -0.41240 -0.49674 -0.52710 -0.47373 -0.45139 -0.38879 -0.42929 -0.43845 -0.47609 -0.49017 -0.49344 -0.39351 -0.43921 -0.17726 -0.18494 0.07674 0.09026 0.38986 0.33985 0.51238 0.52360 0.56714 0.57343 0.61386 0.59176 0.58059 0.64299 0.73745 0.70595 0.72240 0.65216 0.76226 0.72368 0.81155 0.71380 0.77829
0.06106 0.05426 0.07689 0.07130 0.05664 0.07134 0.03228 0.01035 -0.01423 -0.04272 -0.07671 -0.09922 -0.11927 -0.16195 -0.22571 -0.21825 -0.23182 -0.24902 -0.25602 -0.30875 -0.29491 -0.31721 -0.31644 -0.30050 -0.28466 -0.30413 -0.25348 -0.29067 -0.34645 -0.30145 -0.32345 -0.40221 -0.42167 -0.41163 -0.35365 -0.36841 -0.43173 -0.42272 -0.46450 -0.50309 -0.49093 -0.48890 -0.41181 -0.43201 -0.43909 -0.39094 -0.45445 -0.44008 -0.36456 -0.39579 -0.15653 -0.15845 0.12113 0.10671 0.38906 0.39621 0.56374 0.62961 0.66370 0.67322 0.71271 0.63036 0.62899 0.58407 0.70551 0.75763 0.76460 0.71361 0.84902 0.84355 0.96538 0.79661 0.85769
0.02301 0.02227 0.03768 0.05198 0.04319 0.05120 0.02162 0.02877 0.02865 0.02292 0.02594 0.00630 0.02177 0.00640 -0.05221 -0.08771 -0.13566 -0.14964 -0.18903 -0.19706 -0.21679 -0.27650 -0.28431 -0.25812 -0.25514 -0.26515 -0.27518 -0.25480 -0.33220 -0.34514 -0.37212 -0.38567 -0.42434 -0.42034 -0.37985 -0.37330 -0.44185 -0.46543 -0.45889 -0.46854 -0.50546 -0.51573 -0.43141 -0.44745 -0.42362 -0.44905 -0.47381 -0.48876 -0.39959 -0.42781 -0.08039 -0.07942 0.21898 0.22860 0.41108 0.44082 0.49358 0.52310 0.60464 0.63407 0.78076 0.80264 0.81684 0.81295 0.88189 0.81724 0.82428 0.78652 0.93714 0.92703 1.25286 1.08066 1.05170
0.04837 0.03553 0.04558 0.05556 0.05093 0.07016 0.05974 0.05840 0.06654 0.05564 0.07645 0.04933 0.03892 0.03309 0.01201 -0.01028 -0.08138 -0.09089 -0.17479 -0.16385 -0.18048 -0.20758 -0.21093 -0.22100 -0.24803 -0.23906 -0.23993 -0.24006 -0.31669 -0.26579 -0.29675 -0.31090 -0.34664 -0.36253 -0.34468 -0.35683 -0.41586 -0.42937 -0.42660 -0.44917 -0.50846 -0.48210 -0.45480 -0.45970 -0.43209 -0.48538 -0.50825 -0.50138 -0.38756 -0.35616 -0.05193 -0.05256 0.23145 0.24244 0.44433 0.42644 0.56113 0.54020 0.63070 0.63878 0.83401 0.87673 0.95751 0.91450 0.91840 0.88941 0.91534 0.90285 1.10348 1.04629 1.29023 0.92600 1.04103
-0.03106 -0.03372 -0.00414 -0.00063 0.01731 0.02445 0.06189 0.05211 0.11124 0.11869 0.17015 0.14677 0.18883 0.17304 0.17877 0.14636 0.11394 0.10989 -0.05066 -0.06212 -0.15205 -0.13897 -0.18632 -0.19149 -0.15133 -0.12504 -0.13948 -0.13981 -0.16568 -0.17897 -0.15641 -0.18804 -0.24420 -0.31057 -0.35893 -0.37145 -0.36632 -0.40462 -0.43989 -0.48297 -0.44651 -0.44342 -0.34400 -0.36842 -0.33389 -0.35476 -0.26328 -0.24118 -0.09628 -0.12767 0.16795 0.20953 0.28318 0.30564 0.37243 0.42389 0.47938 0.50026 0.51092 0.55712 0.72056 0.74046 0.86143 0.87668 1.04527 1.00671 1.07184 0.91326 1.11879 1.22151 1.25049 0.94711 1.32233
-0.02897 -0.02925 0.00580 0.00995 0.03298 0.02844 0.05128 0.06550 0.11614 0.09988 0.13864 0.13539 0.15319 0.17765 0.15103 0.18958 0.12902 0.15441 0.00682 -0.01232 -0.10884 -0.16819 -0.19443 -0.17839 -0.10909 -0.06033 -0.10440 -0.12426 -0.14400 -0.15347 -0.15316 -0.16878 -0.30415 -0.32269 -0.34743 -0.37502 -0.37848 -0.39375 -0.35058 -0.41289 -0.40547 -0.42260 -0.42932 -0.43813 -0.35709 -0.35125 -0.25805 -0.27998 -0.09729 -0.13342 0.17117 0.20202 0.27682 0.20967 0.39705 0.42698 0.51150 0.57843 0.57446 0.62611 0.68833 0.71998 1.06883 1.12624 1.14386 1.13908 1.26335 1.18350 1.23693 1.24597 1.47213 1.25100 1.59065
-0.04546 -0.04816 -0.02018 -0.01308 0.02315 0.03325 0.06224 0.06381 0.15862 0.13559 0.18813 0.18567 0.20581 0.20499 0.23819 0.18975 0.15604 0.17258 0.04117 0.04097 -0.01885 -0.00022 -0.06623 -0.06818 -0.01784 -0.01859 -0.03716 -0.06393 -0.04693 -0.04894 -0.07741 -0.09162 -0.19593 -0.21729 -0.21021 -0.24135 -0.25323 -0.23366 -0.24619 -0.28112 -0.23731 -0.26216 -0.19774 -0.22269 -0.03860 -0.04307 0.11869 0.10667 0.22420 0.26300 0.45005 0.46595 0.43562 0.45564 0.35817 0.36823 0.35678 0.34435 0.39061 0.42521 0.56583 0.64264 0.93030 0.91837 1.03527 1.10486 1.20835 1.14078 1.46204 1.20879 1.64992 1.56786 2.22070
-0.04489 -0.04490 -0.01376 -0.01480 0.03110 0.05160 0.08726 0.08550 0.13378 0.12225 0.18507 0.20468 0.25157 0.23188 0.23465 0.22466 0.16290 0.15689 0.04558 0.02078 -0.02807 -0.01836 -0.02782 -0.03635 -0.00772 -0.00331 -0.03068 -0.02715 -0.04883 -0.04965 -0.10144 -0.11394 -0.18158 -0.19329 -0.22172 -0.20562 -0.24062 -0.21955 -0.21128 -0.27238 -0.23908 -0.23986 -0.18575 -0.21951 -0.06019 -0.06053 0.13288 0.10476 0.25275 0.22917 0.48257 0.45435 0.48273 0.50981 0.32238 0.37606 0.31110 0.40505 0.37869 0.44119 0.62760 0.64967 0.99025 0.90378 1.05353 1.09613 1.30050 1.02997 1.22610 1.18079 1.67949 1.46853 2.16839
-0.03722 -0.03123 -0.00583 -0.00076 0.03753 0.04067 0.08450 0.08887 0.14489 0.13508 0.17218 0.17959 0.22191 0.22542 0.18608 0.16339 0.13217 0.10115 0.09890 0.09960 0.08244 0.08944 0.03743 0.05786 0.02102 0.02346 0.02335 0.02537 0.03259 -0.01566 -0.00628 -0.01185 0.00897 -0.04308 0.04518 0.06307 0.04086 -0.00860 -0.00150 -0.02081 0.09719 0.08184 0.24179 0.22867 0.51804 0.45060 0.91604 0.87915 1.00426 0.99230 0.85068 0.81808 0.61224 0.60002 0.34515 0.31540 0.20304 0.25480 0.35360 0.42722 0.36863 0.45650 0.55308 0.58292 0.64167 0.63654 0.65999 0.47994 0.94084 1.00833 2.25606 1.96598 3.36213
-0.03836 -0.01180 0.00215 -0.00931 0.02987 0.02991 0.08054 0.08896 0.15933 0.15078 0.19648 0.17539 0.20942 0.22102 0.18504 0.16685 0.15992 0.13433 0.08886 0.09981 0.08523 0.09703 0.02600 0.04501 0.00411 0.02137 0.03335 0.05323 0.07309 0.03854 -0.00666 0.00385 -0.00020 -0.02435 0.06191 0.04259 0.03589 -0.00681 -0.02392 -0.05710 0.07680 0.06227 0.22175 0.22401 0.51040 0.43503 0.89475 0.88501 1.04986 1.03228 0.80072 0.75007 0.58242 0.57125 0.27092 0.37278 0.26218 0.33227 0.31848 0.35832 0.34391 0.39244 0.42120 0.38734 0.45717 0.50287 0.59013 0.47141 1.00670 0.92872 2.11460 1.99060 2.96948
-0.04765 0.00256 0.06293 0.03925 0.10019 0.07596 0.15006 0.16610 0.23843 0.23288 0.29162 0.27760 0.27629 0.29398 0.26757 0.26693 0.24996 0.25644 0.26638 0.27867 0.27934 0.27130 0.15790 0.15865 0.15384 0.17317 0.22828 0.25895 0.36447 0.32286 0.37088 0.32559 0.40985 0.41764 0.70571 0.62714 0.59578 0.53518 0.55708 0.51010 0.71765 0.78724 1.00997 1.06636 1.44917 1.42002 1.91248 1.92264 1.96336 1.94392 1.48371 1.45618 1.12092 1.19806 0.96690 1.14904 0.90337 0.99021 1.04066 0.98495 1.11261 1.11257 1.22475 1.02936 1.26874 1.26386 1.45923 1.39253 2.19435 2.10864 3.62037 3.70834 5.20040
-0.05270 -0.05133 0.01818 0.03626 0.05646 0.08682 0.13210 0.12937 0.16348 0.19596 0.28601 0.24046 0.29137 0.28777 0.24901 0.25716 0.24801 0.23341 0.27643 0.24270 0.20693 0.23222 0.07615 0.11508 0.09005 0.09551 0.13131 0.18077 0.26539 0.24605 0.31284 0.29386 0.31624 0.41001 0.64917 0.58620 0.54133 0.55914 0.48337 0.55323 0.75404 0.78190 1.16613 1.18540 1.46659 1.37574 1.90455 1.87678 -9999 -9999 1.54067 1.67834 1.35451 1.39647 1.14709 1.19846 0.95715 0.88913 0.93565 0.90491 0.98015 1.03059 1.06748 1.09357 1.29653 1.34418 1.41215 1.28453 2.06537 2.05483 3.64100 3.70407 5.20877
-0.04576 -0.03458 0.05814 0.08481 0.22904 0.20941 0.33403 0.37085 0.45466 0.45092 0.45188 0.43869 0.53206 0.56165 0.49454 0.50790 0.56967 0.56205 0.64026 0.61245 0.56784 0.58068 0.36254 0.41126 0.38046 0.42945 0.51683 0.56025 0.69371 0.73395 1.09876 1.03244 1.12335 1.21976 1.51462 1.51003 1.73129 -9999 -9999 -9999 -9999 2.18878 -9999 2.57133 2.40338 2.56514 2.68001 2.81406 -9999 -9999 2.79982 2.67218 2.40329 2.48738 2.51055 2.60217 2.79728 2.75667 2.69157 2.65926 3.10878 3.13593 3.82446 3.55573 3.60343 3.81086 3.93400 4.21119 5.07690 5.05276 -9999 -9999 -9999
-0.07184 -0.04892 0.08181 0.06369 0.23291 0.20124 0.38697 0.34724 0.51932 0.50534 0.47992 0.50862 0.52444 0.57366 0.51782 0.50598 0.53664 0.54198 0.59035 0.63711 0.57724 0.52472 0.33610 0.35963 0.36077 0.35865 0.44882 0.51656 0.70743 0.68622 0.89062 0.93879 1.03874 1.26691 1.53954 -9999 -9999 -9999 -9999 -9999 -9999 -9999 2.65072 2.50596 2.66848 -9999 -9999 -9999 -9999 -9999 2.58575 2.62022 2.31867 2.29875 2.35443 2.38950 2.55341 2.59400 2.71710 2.80484 3.18661 3.12848 4.00423 4.25460 4.15763 4.08022 4.11297 4.24276 -9999 -9999 -9999 -9999 -9999
0.06973 0.05200 0.27257 0.26604 0.54243 0.53548 0.91558 0.96062 1.15245 1.13816 1.08585 1.15079 1.16811 1.22434 1.12855 1.09938 1.16271 1.09553 1.22545 1.26071 1.25351 1.14407 0.89454 0.96601 0.98821 1.00406 1.03852 1.07682 1.40589 1.35746 1.88975 1.90847 2.32179 2.59358 -9999 -9999 -9999 -9999 -9999 -9999 -9999 -9999 -9999 3.29882 -9999 -9999 -9999 -9999 3.99794 3.97574 4.41578 4.23150 4.58368 4.57418 4.69262 4.91616 4.97189 5.06591 5.49234 5.63671 6.08581 5.91111 6.88522 6.71404 7.25343 -9999 -9999 -9999 -9999 -9999 -9999 -9999 -9999
