data/hydroclimate-scenarios/BCSD_hadcm_B1/monthly_summaries/et_monthly_tot_jul.2070-2099.asc
ncols	311
nrows	91
xllcenter	102.75
yllcenter	31.75
cellsize	0.5
NODATA_value	-9999
[rows 0 to 30 of 91, columns 71 to 141 of 311]
-9999 -9999 -9999 -9999 -9999 -9999 -9999 -9999 -9999 -9999 -9999 -9999 -9999 -9999 -9999 -9999 -9999 -9999 -9999 -9999 -9999 -9999 -9999 -9999 -9999 -9999 -9999 -9999 -9999 -9999 -9999 -9999 -9999 -9999 -9999 -9999 -9999 -9999 -9999 -9999 -9999 -9999 -9999 -9999 -9999 -9999 -9999 -9999 -9999 -9999 -9999 -9999 -9999 -9999 -9999 -9999 -9999 -9999 -9999 -9999 -9999 -9999 -9999 -9999 -9999 -9999 -9999 -9999 -9999 -9999 -9999
-9999 -9999 -9999 -9999 -9999 -9999 -9999 -9999 -9999 -9999 -9999 -9999 -9999 -9999 -9999 -9999 -9999 -9999 -9999 -9999 -9999 -9999 -9999 -9999 -9999 -9999 -9999 -9999 -9999 -9999 -9999 -9999 -9999 -9999 -9999 -9999 -9999 -9999 -9999 -9999 -9999 -9999 -9999 -9999 -9999 -9999 -9999 -9999 -9999 -9999 -9999 -9999 -9999 -9999 -9999 -9999 -9999 -9999 -9999 -9999 -9999 -9999 -9999 -9999 -9999 -9999 -9999 -9999 -9999 -9999 -9999
-9999 -9999 -9999 -9999 -9999 -9999 -9999 -9999 -9999 -9999 -9999 -9999 -9999 -9999 -9999 -9999 -9999 -9999 -9999 -9999 -9999 -9999 -9999 -9999 -9999 -9999 -9999 -9999 -9999 -9999 -9999 -9999 -9999 -9999 -9999 -9999 -9999 -9999 -9999 -9999 -9999 -9999 -9999 -9999 -9999 -9999 -9999 -9999 -9999 -9999 -9999 -9999 -9999 -9999 -9999 -9999 -9999 -9999 -9999 -9999 -9999 -9999 -9999 -9999 -9999 -9999 -9999 -9999 -9999 -9999 -9999
-9999 -9999 -9999 -9999 -9999 -9999 -9999 -9999 -9999 -9999 -9999 -9999 -9999 -9999 -9999 -9999 -9999 -9999 -9999 -9999 -9999 -9999 -9999 -9999 -9999 -9999 -9999 -9999 -9999 -9999 -9999 -9999 -9999 -9999 -9999 -9999 -9999 -9999 -9999 -9999 -9999 -9999 -9999 -9999 -9999 -9999 -9999 -9999 -9999 -9999 -9999 -9999 -9999 -9999 -9999 -9999 -9999 -9999 -9999 -9999 -9999 -9999 -9999 -9999 -9999 -9999 -9999 -9999 -9999 -9999 -9999
-9999 -9999 -9999 -9999 -9999 -9999 -9999 -9999 -9999 -9999 -9999 -9999 -9999 -9999 -9999 -9999 -9999 -9999 -9999 -9999 -9999 -9999 -9999 -9999 -9999 -9999 -9999 -9999 -9999 -9999 -9999 -9999 -9999 -9999 -9999 -9999 -9999 -9999 -9999 -9999 -9999 -9999 -9999 -9999 -9999 -9999 -9999 -9999 -9999 -9999 -9999 -9999 -9999 -9999 -9999 -9999 -9999 -9999 -9999 -9999 -9999 -9999 -9999 -9999 -9999 -9999 -9999 -9999 -9999 -9999 -9999
-9999 -9999 -9999 -9999 -9999 -9999 -9999 -9999 -9999 -9999 -9999 -9999 -9999 -9999 -9999 -9999 -9999 -9999 -9999 -9999 -9999 -9999 -9999 -9999 -9999 -9999 -9999 -9999 -9999 -9999 -9999 -9999 -9999 -9999 -9999 -9999 -9999 -9999 -9999 -9999 -9999 -9999 -9999 -9999 -9999 -9999 -9999 -9999 -9999 -9999 -9999 -9999 -9999 -9999 -9999 -9999 -9999 -9999 -9999 -9999 -9999 -9999 -9999 -9999 -9999 -9999 -9999 -9999 -9999 -9999 -9999
-9999 -9999 -9999 -9999 -9999 -9999 -9999 -9999 -9999 -9999 -9999 -9999 -9999 -9999 -9999 -9999 -9999 -9999 -9999 -9999 -9999 -9999 -9999 -9999 -9999 -9999 -9999 -9999 -9999 -9999 -9999 -9999 -9999 -9999 -9999 -9999 -9999 -9999 -9999 -9999 -9999 -9999 -9999 -9999 -9999 -9999 -9999 -9999 -9999 -9999 -9999 -9999 -9999 -9999 -9999 -9999 -9999 -9999 -9999 -9999 -9999 -9999 -9999 -9999 -9999 -9999 -9999 -9999 -9999 -9999 -9999
-9999 -9999 -9999 -9999 -9999 -9999 -9999 -9999 -9999 -9999 -9999 -9999 -9999 -9999 -9999 -9999 -9999 -9999 -9999 -9999 -9999 -9999 -9999 -9999 -9999 -9999 -9999 -9999 -9999 -9999 -9999 -9999 -9999 -9999 -9999 -9999 -9999 -9999 -9999 -9999 -9999 -9999 -9999 -9999 -9999 -9999 -9999 -9999 -9999 -9999 -9999 -9999 -9999 -9999 -9999 -9999 -9999 -9999 -9999 -9999 -9999 -9999 -9999 -9999 -9999 -9999 -9999 -9999 -9999 -9999 -9999
-9999 -9999 -9999 -9999 -9999 -9999 58.99370 -9999 -9999 -9999 -9999 -9999 -9999 -9999 -9999 -9999 -9999 -9999 -9999 -9999 -9999 -9999 -9999 -9999 -9999 -9999 -9999 -9999 -9999 -9999 -9999 -9999 -9999 -9999 -9999 -9999 -9999 -9999 -9999 -9999 -9999 -9999 -9999 -9999 -9999 -9999 -9999 -9999 -9999 -9999 -9999 -9999 -9999 -9999 -9999 -9999 -9999 -9999 -9999 -9999 -9999 -9999 -9999 -9999 -9999 -9999 -9999 -9999 -9999 -9999 -9999
-9999 -9999 61.67390 55.09850 57.20750 59.50610 60.26310 61.91450 63.18650 64.79960 66.51670 67.31370 67.55710 67.47790 69.23620 69.02660 67.01370 67.86420 65.61170 65.28820 63.26850 60.70860 -9999 -9999 -9999 -9999 -9999 -9999 -9999 -9999 -9999 -9999 -9999 -9999 -9999 -9999 -9999 -9999 -9999 -9999 -9999 -9999 -9999 -9999 -9999 -9999 -9999 -9999 -9999 -9999 -9999 -9999 -9999 -9999 -9999 -9999 -9999 -9999 -9999 -9999 -9999 -9999 -9999 -9999 -9999 -9999 -9999 -9999 -9999 -9999 -9999
-9999 -9999 -9999 -9999 58.25840 59.82670 62.59410 63.21160 63.66060 65.02950 65.72230 66.46170 69.60740 69.19620 70.39250 70.60570 67.83860 68.62830 68.78570 69.04450 68.58880 67.66890 -9999 -9999 -9999 -9999 -9999 -9999 -9999 -9999 -9999 -9999 -9999 -9999 -9999 -9999 -9999 -9999 -9999 -9999 -9999 -9999 -9999 -9999 -9999 -9999 -9999 -9999 -9999 -9999 -9999 -9999 -9999 -9999 -9999 -9999 -9999 -9999 -9999 -9999 -9999 -9999 -9999 -9999 -9999 -9999 -9999 -9999 -9999 -9999 -9999
54.98400 55.15060 57.36530 57.00790 58.24210 59.45520 60.26210 62.73000 63.32080 64.37040 64.83310 66.48390 69.54130 69.27020 71.24340 70.81530 68.43460 69.19360 69.52660 71.64250 64.86670 54.52070 71.27370 70.18490 67.51060 65.54660 66.47540 62.69170 -9999 -9999 -9999 -9999 -9999 -9999 -9999 -9999 -9999 -9999 -9999 -9999 -9999 -9999 -9999 -9999 -9999 -9999 -9999 -9999 -9999 -9999 -9999 -9999 -9999 -9999 -9999 -9999 -9999 -9999 -9999 -9999 -9999 -9999 -9999 -9999 -9999 -9999 -9999 -9999 -9999 -9999 -9999
55.13040 55.84470 57.37870 56.82300 56.42340 58.33060 59.83710 59.72640 58.52510 59.78100 60.83000 61.69010 65.99310 66.58030 65.55810 66.83510 67.99880 65.24450 54.52850 74.19340 73.30700 70.80320 68.48420 68.28910 68.23810 66.90380 67.19830 66.12510 64.05750 62.94970 59.84100 58.72450 59.62530 60.08370 57.86640 57.52390 57.11940 56.75030 55.47000 55.96230 56.13550 56.52650 56.57940 -9999 -9999 -9999 -9999 -9999 -9999 -9999 -9999 -9999 -9999 -9999 -9999 -9999 -9999 -9999 -9999 -9999 -9999 -9999 -9999 -9999 -9999 -9999 -9999 -9999 -9999 -9999 -9999
58.38790 61.20840 60.97220 58.91850 59.55040 61.15910 59.92270 60.12650 59.87370 61.13020 58.80690 58.94390 64.59950 63.34780 63.18770 63.02660 65.87140 65.04290 68.08800 71.69570 70.50330 69.61750 65.69200 73.94780 68.84580 64.05690 63.82640 62.39180 63.54350 65.83220 62.50840 61.70370 58.96140 58.79170 58.44950 58.31070 59.07660 58.19880 57.17730 56.43670 57.72340 58.35570 58.58460 50.05880 -9999 -9999 -9999 -9999 -9999 -9999 -9999 -9999 -9999 -9999 -9999 -9999 -9999 -9999 -9999 -9999 -9999 -9999 -9999 -9999 -9999 -9999 -9999 -9999 -9999 -9999 -9999
71.96830 69.39120 69.80530 70.14160 68.96160 69.47980 67.98370 67.09530 65.07780 63.44950 67.89950 66.79100 66.74530 67.18310 69.27720 68.48240 70.62090 71.13740 72.61970 56.40710 70.94350 69.82690 67.13310 66.08810 68.79750 69.52850 66.37300 63.66290 59.58680 59.68300 60.47780 59.37630 59.73980 60.10630 59.79440 59.89490 59.73620 59.44470 58.96770 60.51530 59.34630 59.86520 61.47710 61.54700 -9999 -9999 -9999 -9999 -9999 -9999 -9999 -9999 -9999 -9999 -9999 -9999 -9999 -9999 -9999 58.04820 57.91620 -9999 -9999 -9999 -9999 68.14300 67.41610 64.53830 65.53300 67.82810 71.06160
70.33860 71.97920 73.24460 72.13320 68.80100 67.28470 66.01770 68.10430 67.45660 66.91200 67.69050 68.81250 69.29010 70.90820 73.13990 71.60740 73.47210 71.49360 57.29960 74.05180 72.71850 71.25810 69.38140 67.87830 70.86970 67.47830 67.16240 65.90100 60.49250 59.58870 60.81600 60.60500 60.23710 59.86990 60.35460 61.46410 61.54160 60.29090 58.04270 47.25810 46.92820 48.28700 50.25790 51.27650 49.87370 49.51800 49.81510 60.06920 63.61070 63.28360 61.30140 64.98990 64.32190 62.73190 59.87360 71.03070 61.64750 62.53390 56.96510 58.11580 58.52020 -9999 -9999 -9999 -9999 -9999 71.69180 72.00270 71.53920 70.55090 68.53660
74.71640 74.37240 73.34680 78.17690 75.12750 64.82290 65.19650 65.80400 66.40440 65.59730 65.68870 67.15000 69.70230 72.48280 76.71250 61.80260 72.94310 72.75240 74.52350 71.42390 72.49600 72.17500 72.59670 71.99110 71.35030 71.36630 68.15100 67.29950 63.25600 64.74580 64.32960 64.00170 66.79880 67.11900 66.58800 68.01160 65.19550 66.80620 47.66780 49.81300 65.14970 49.35610 66.58800 64.85380 62.79800 63.30150 65.16700 64.03050 66.93380 68.04390 62.73920 63.72950 65.35070 68.93100 71.47580 65.57860 68.15030 67.59750 69.75340 72.75750 74.44830 76.76540 64.89240 64.41580 63.89150 67.55650 68.91670 68.20180 67.55700 69.09970 72.07470
74.27990 84.12970 71.24500 82.01490 77.25320 74.48140 71.05810 69.40660 63.82510 63.69870 64.96560 66.78210 68.17750 56.47190 75.08490 77.22530 71.73980 71.17820 74.66760 69.71010 76.58020 70.89080 70.75030 69.37600 71.52050 68.84680 67.81740 66.92750 65.85980 66.92520 67.82140 68.30900 70.73200 68.08550 67.27710 68.19770 49.62060 65.64320 64.46470 66.54640 64.69120 64.89140 66.39340 68.68820 66.21330 64.27490 64.81930 63.17590 65.83550 65.50440 65.31870 59.79820 64.06930 64.07540 65.79430 71.40980 73.31470 73.68840 73.80730 73.93800 72.57540 82.28820 80.47070 76.32320 64.34040 61.26450 65.14600 65.54290 64.84210 65.17520 77.56740
81.57610 79.28630 79.03300 71.56070 71.17450 67.33890 64.39030 69.35800 67.14070 64.50930 62.78490 62.03120 69.76690 71.98490 71.96330 73.11440 74.76610 75.09240 75.37250 77.20560 73.09420 71.16610 69.01820 66.30950 70.45820 70.79510 64.72950 65.46480 66.62680 66.19460 63.84420 47.19770 67.38090 67.27840 69.60740 69.30550 67.41260 65.78950 67.49720 70.28220 66.44580 65.44460 68.09430 69.16850 68.50840 65.25120 65.66470 61.22730 63.08430 64.41830 65.61010 66.32420 67.63700 66.97480 73.91640 72.28130 72.02750 66.23040 69.15270 76.09030 71.86420 71.31160 69.49740 73.53620 72.74860 77.41040 80.03450 82.03160 83.06420 82.30100 83.79490
81.62400 81.62360 82.60400 85.84290 81.38210 67.37180 66.53690 71.75690 72.93420 67.08710 76.42900 70.54190 75.23450 68.53550 65.80290 68.25620 71.38080 72.51070 75.35180 76.57150 73.28760 70.39490 68.63650 64.61380 70.04500 68.69350 64.63360 62.45200 67.71920 48.91840 62.42530 63.17700 65.90460 64.56060 64.72680 68.61590 67.89930 67.84510 67.73600 68.10120 70.04020 69.45520 64.72150 66.04890 67.93460 66.89170 66.46450 68.88790 65.76600 68.91770 70.13280 68.43370 69.77950 70.23750 71.54050 71.45310 70.76240 73.95200 72.36490 71.50970 70.43050 67.86420 74.17350 69.04880 71.51280 77.51270 74.32790 86.91460 86.80910 86.57110 76.04640
82.03590 86.88870 87.74990 87.07870 81.26080 83.40760 78.41980 73.40120 67.73730 67.12800 74.34030 80.14310 83.34780 72.48990 76.00520 72.92110 71.91340 69.72760 71.70930 70.21780 71.61270 71.72270 70.02850 66.81390 67.15290 68.05170 66.20390 64.74030 69.62660 70.10370 65.90940 67.09520 66.83170 66.25440 63.14360 66.03400 62.79630 65.76110 64.85640 63.48370 72.58790 73.39800 73.28740 73.61750 71.74660 71.20120 73.61680 69.27330 65.08170 65.74920 67.80400 68.78570 69.55020 71.95240 73.72950 75.40340 73.12750 75.39280 74.00050 75.92950 74.21650 74.67340 87.70520 75.12100 77.32290 73.36010 88.98950 89.94090 87.34610 73.71610 75.01950
94.12780 92.44970 92.35330 82.92290 83.17170 85.70000 93.58320 87.84950 76.29900 70.71900 64.90340 69.15670 80.90450 81.97990 77.57950 74.82070 79.93420 79.87740 77.47120 85.05360 71.91600 73.68910 70.97980 69.34390 69.81940 69.57640 66.71850 65.63350 75.80800 75.23710 66.52620 71.35710 72.29240 75.62030 68.39450 69.69040 67.90730 70.48480 74.88930 66.60910 69.13950 72.91470 74.79300 69.80680 71.99870 71.63420 73.01140 72.60740 69.30450 68.76100 67.61280 70.04080 73.70390 86.79380 76.49580 78.39400 87.70470 77.30520 78.78460 84.31670 78.95700 79.22910 78.52500 76.02260 76.68480 88.71860 78.69740 77.13100 75.58480 72.73170 72.15240
87.76880 90.54090 86.37860 90.56450 86.67970 82.60920 86.53850 91.00220 84.83750 79.03280 78.51570 82.48120 75.38930 78.59930 74.05610 82.90500 86.28330 78.45410 81.87500 81.90910 89.65190 78.38670 74.10240 76.06480 74.48070 74.46110 74.33690 77.12650 74.86340 74.27440 73.90350 74.14440 75.70120 71.77680 71.76760 68.62240 69.44980 68.98060 71.65970 70.17230 71.78750 74.66310 75.92220 71.62420 75.54070 75.92220 76.97430 76.92380 75.95400 76.81640 78.10730 78.64670 81.22070 84.83640 89.87990 87.22670 81.20730 83.78630 80.45960 82.54900 85.67100 85.72270 81.68940 92.92730 76.33310 76.32760 72.59980 71.98900 74.43550 81.52670 75.01200
90.62570 88.06640 87.33000 92.39010 92.25340 91.00300 91.72130 88.86740 87.67120 84.28560 78.21480 85.60190 83.06720 78.53840 84.47480 81.26900 74.61780 80.49630 77.16410 84.80420 85.05230 84.95470 80.61720 72.66750 74.09350 72.44310 75.37470 77.38850 75.44410 73.75670 73.75370 73.28210 74.43980 73.30020 67.83940 70.63470 74.14990 73.66540 74.61150 75.48650 75.88500 74.31560 75.24950 83.03730 79.69490 71.93080 79.12530 77.68820 82.59120 81.38890 79.72520 83.53620 80.94870 84.78530 81.72070 78.91960 85.60830 87.90730 77.93170 79.65880 82.79780 84.17110 86.07950 89.92180 77.83080 82.05540 81.87410 76.62360 68.44900 72.06600 69.48920
95.75700 94.48150 91.98700 92.82790 93.24690 93.70680 93.08260 93.81360 90.60520 89.12200 88.70890 85.32490 89.64660 76.53500 84.37130 85.97950 84.02310 81.16610 85.73830 77.54880 83.58270 85.51020 83.61590 83.50950 77.23210 72.46480 73.14970 76.10720 76.22050 73.85050 74.71590 73.26390 71.19680 72.85150 72.32620 70.71180 68.61750 70.00690 76.17940 77.00540 78.08500 81.87160 84.49310 87.94240 70.54390 69.20600 79.26240 80.57210 83.29150 81.20520 85.06820 82.24250 87.96080 88.67030 86.72440 86.26590 86.26730 82.76820 85.64350 88.89080 90.11230 84.75320 85.87710 84.66100 79.38210 87.16060 78.81790 69.33400 71.07750 68.57360 70.50800
100.38700 98.45020 94.04680 92.91480 95.83160 93.45940 94.47800 91.71300 88.37450 83.41530 85.47280 87.29380 81.18700 78.02730 81.19800 84.00520 84.60920 82.86680 81.41520 81.36490 85.17660 79.93100 80.16930 79.52840 81.29500 85.56690 74.22520 73.38830 80.14730 80.09020 76.26260 74.97130 71.78710 73.04040 70.88720 76.79530 78.30060 77.41730 75.04560 85.53230 93.44890 80.28700 81.85820 82.79380 79.70910 72.84880 85.82060 87.09670 86.33220 89.75970 82.93760 82.66680 80.50940 77.82720 76.64640 80.49200 86.22300 86.77980 84.02700 88.35520 87.86240 88.41500 84.90490 87.56370 83.36240 84.67470 79.38640 73.41600 68.87380 84.06470 88.96440
96.55770 98.13610 98.16440 99.86660 95.79950 98.05950 96.80800 96.09730 88.39300 87.02670 82.43560 80.34410 85.67280 83.18820 82.29100 82.09400 84.08520 81.46290 82.48610 78.92920 83.10910 80.21850 83.54060 80.21870 81.63270 85.54860 78.06570 74.38940 75.88980 80.03030 75.37180 71.98020 73.27590 79.19900 77.83710 74.24830 78.46220 80.31110 83.85690 72.15050 78.54090 78.27680 90.83410 90.25440 92.17800 90.98270 81.89560 92.12080 92.32460 88.91660 89.67670 83.60630 83.91790 85.25660 88.29890 85.79120 83.18980 83.82390 86.84300 78.93380 76.96700 74.59180 76.95710 75.94820 78.50710 80.42260 76.70650 79.91910 83.42990 88.47100 93.19640
101.08000 96.66860 96.73490 96.67480 99.19170 95.34760 105.91500 93.42640 92.49140 88.67190 78.45820 81.23610 86.18010 88.61020 84.80650 82.32890 83.05680 84.81050 81.72370 80.91930 83.20260 82.13110 80.09130 78.91700 77.02430 83.10630 83.11010 78.88570 75.02800 76.08300 81.56740 78.37280 77.88870 79.88220 81.80440 75.68990 78.11370 75.65490 76.03700 85.53480 89.83170 87.52530 92.18250 82.55440 84.83020 85.46360 87.61790 88.92350 89.39140 91.55890 89.18940 87.84310 87.72420 84.20350 86.42400 85.32320 87.27240 84.89040 83.54110 79.43900 78.56450 76.27610 73.35960 72.80480 87.01070 93.68340 92.96370 90.21720 88.58700 85.94780 92.02190
96.71420 94.46350 94.39380 98.39540 99.78270 97.50020 99.11390 101.72100 98.72610 90.27230 83.17290 85.55520 84.11020 85.26700 90.07980 88.86250 82.01720 82.14700 82.23580 83.87910 81.08390 82.08520 81.68150 76.63850 77.54620 75.86210 84.36780 79.84480 72.58850 77.69040 78.09020 84.00300 85.94820 86.07290 83.51320 93.31770 80.45790 86.96810 83.45060 84.10980 85.65570 96.88070 84.64340 87.31750 85.20770 81.08860 81.46350 87.24930 78.65700 79.78370 81.46740 81.98890 86.57820 83.08560 91.69970 91.07100 89.07220 86.20690 82.52680 85.42000 79.29150 75.63770 91.29010 95.65220 100.78200 100.85900 100.71100 101.60600 99.60750 98.79110 98.30190
95.39020 92.66840 95.07190 97.01040 93.39600 92.81480 86.60510 95.43910 86.66320 85.92440 82.82960 88.42570 84.70960 94.05720 89.03950 92.25430 88.26960 82.63710 82.72730 85.05200 81.88890 82.70710 88.09800 84.92530 78.17040 84.85960 86.99560 83.87950 78.49750 84.52150 81.73170 76.28270 88.30090 87.59080 81.26600 80.65070 85.79260 85.44180 79.43810 83.55760 86.26190 90.13650 90.77110 87.19270 83.98580 79.71670 87.28460 88.48310 82.73010 83.16750 -9999 -9999 85.71780 78.06320 84.95760 87.21500 80.79910 86.72040 90.38990 91.54970 88.45760 93.96230 98.16550 101.03800 102.84300 103.06000 103.68500 103.07600 104.08200 94.90250 90.95710
98.98060 98.43030 96.53230 97.67720 92.98870 99.23890 95.04060 94.74340 88.16910 85.95940 91.84480 88.19000 87.99820 82.37690 89.51370 91.87800 89.93730 87.05070 85.93020 84.47190 94.16580 83.22330 81.60480 87.10440 91.89180 83.75150 87.80040 84.72820 93.80060 85.91390 84.61660 75.56110 75.10230 77.63350 77.18620 86.13800 91.39870 80.64770 78.38910 -9999 -9999 -9999 -9999 80.39740 -9999 84.30370 72.39510 74.73720 83.12780 76.03960 -9999 -9999 84.66720 84.78340 82.34360 85.65330 92.33020 94.40890 93.48610 93.97280 97.11350 98.38770 99.62470 100.50300 107.10200 95.00460 94.90530 98.06630 97.83600 102.64700 101.49000
