data/hydroclimate-scenarios/BCSD_hadcm_B1/monthly_summaries/et_monthly_tot_feb.2030-2059.asc
ncols	311
nrows	91
xllcenter	102.75
yllcenter	31.75
cellsize	0.5
NODATA_value	-9999
[rows 0 to 32 of 91, columns 73 to 145 of 311]
-9999 -9999 -9999 -9999 -9999 -9999 -9999 -9999 -9999 -9999 -9999 -9999 -9999 -9999 -9999 -9999 -9999 -9999 -9999 -9999 -9999 -9999 -9999 -9999 -9999 -9999 -9999 -9999 -9999 -9999 -9999 -9999 -9999 -9999 -9999 -9999 -9999 -9999 -9999 -9999 -9999 -9999 -9999 -9999 -9999 -9999 -9999 -9999 -9999 -9999 -9999 -9999 -9999 -9999 -9999 -9999 -9999 -9999 -9999 -9999 -9999 -9999 -9999 -9999 -9999 -9999 -9999 -9999 -9999 -9999 -9999 -9999 -9999
-9999 -9999 -9999 -9999 -9999 -9999 -9999 -9999 -9999 -9999 -9999 -9999 -9999 -9999 -9999 -9999 -9999 -9999 -9999 -9999 -9999 -9999 -9999 -9999 -9999 -9999 -9999 -9999 -9999 -9999 -9999 -9999 -9999 -9999 -9999 -9999 -9999 -9999 -9999 -9999 -9999 -9999 -9999 -9999 -9999 -9999 -9999 -9999 -9999 -9999 -9999 -9999 -9999 -9999 -9999 -9999 -9999 -9999 -9999 -9999 -9999 -9999 -9999 -9999 -9999 -9999 -9999 -9999 -9999 -9999 -9999 -9999 -9999
-9999 -9999 -9999 -9999 -9999 -9999 -9999 -9999 -9999 -9999 -9999 -9999 -9999 -9999 -9999 -9999 -9999 -9999 -9999 -9999 -9999 -9999 -9999 -9999 -9999 -9999 -9999 -9999 -9999 -9999 -9999 -9999 -9999 -9999 -9999 -9999 -9999 -9999 -9999 -9999 -9999 -9999 -9999 -9999 -9999 -9999 -9999 -9999 -9999 -9999 -9999 -9999 -9999 -9999 -9999 -9999 -9999 -9999 -9999 -9999 -9999 -9999 -9999 -9999 -9999 -9999 -9999 -9999 -9999 -9999 -9999 -9999 -9999
-9999 -9999 -9999 -9999 -9999 -9999 -9999 -9999 -9999 -9999 -9999 -9999 -9999 -9999 -9999 -9999 -9999 -9999 -9999 -9999 -9999 -9999 -9999 -9999 -9999 -9999 -9999 -9999 -9999 -9999 -9999 -9999 -9999 -9999 -9999 -9999 -9999 -9999 -9999 -9999 -9999 -9999 -9999 -9999 -9999 -9999 -9999 -9999 -9999 -9999 -9999 -9999 -9999 -9999 -9999 -9999 -9999 -9999 -9999 -9999 -9999 -9999 -9999 -9999 -9999 -9999 -9999 -9999 -9999 -9999 -9999 -9999 -9999
-9999 -9999 -9999 -9999 -9999 -9999 -9999 -9999 -9999 -9999 -9999 -9999 -9999 -9999 -9999 -9999 -9999 -9999 -9999 -9999 -9999 -9999 -9999 -9999 -9999 -9999 -9999 -9999 -9999 -9999 -9999 -9999 -9999 -9999 -9999 -9999 -9999 -9999 -9999 -9999 -9999 -9999 -9999 -9999 -9999 -9999 -9999 -9999 -9999 -9999 -9999 -9999 -9999 -9999 -9999 -9999 -9999 -9999 -9999 -9999 -9999 -9999 -9999 -9999 -9999 -9999 -9999 -9999 -9999 -9999 -9999 -9999 -9999
-9999 -9999 -9999 -9999 -9999 -9999 -9999 -9999 -9999 -9999 -9999 -9999 -9999 -9999 -9999 -9999 -9999 -9999 -9999 -9999 -9999 -9999 -9999 -9999 -9999 -9999 -9999 -9999 -9999 -9999 -9999 -9999 -9999 -9999 -9999 -9999 -9999 -9999 -9999 -9999 -9999 -9999 -9999 -9999 -9999 -9999 -9999 -9999 -9999 -9999 -9999 -9999 -9999 -9999 -9999 -9999 -9999 -9999 -9999 -9999 -9999 -9999 -9999 -9999 -9999 -9999 -9999 -9999 -9999 -9999 -9999 -9999 -9999
-9999 -9999 -9999 -9999 -9999 -9999 -9999 -9999 -9999 -9999 -9999 -9999 -9999 -9999 -9999 -9999 -9999 -9999 -9999 -9999 -9999 -9999 -9999 -9999 -9999 -9999 -9999 -9999 -9999 -9999 -9999 -9999 -9999 -9999 -9999 -9999 -9999 -9999 -9999 -9999 -9999 -9999 -9999 -9999 -9999 -9999 -9999 -9999 -9999 -9999 -9999 -9999 -9999 -9999 -9999 -9999 -9999 -9999 -9999 -9999 -9999 -9999 -9999 -9999 -9999 -9999 -9999 -9999 -9999 -9999 -9999 -9999 -9999
-9999 -9999 -9999 -9999 -9999 -9999 -9999 -9999 -9999 -9999 -9999 -9999 -9999 -9999 -9999 -9999 -9999 -9999 -9999 -9999 -9999 -9999 -9999 -9999 -9999 -9999 -9999 -9999 -9999 -9999 -9999 -9999 -9999 -9999 -9999 -9999 -9999 -9999 -9999 -9999 -9999 -9999 -9999 -9999 -9999 -9999 -9999 -9999 -9999 -9999 -9999 -9999 -9999 -9999 -9999 -9999 -9999 -9999 -9999 -9999 -9999 -9999 -9999 -9999 -9999 -9999 -9999 -9999 -9999 -9999 -9999 -9999 -9999
-9999 -9999 -9999 -9999 0.22403 -9999 -9999 -9999 -9999 -9999 -9999 -9999 -9999 -9999 -9999 -9999 -9999 -9999 -9999 -9999 -9999 -9999 -9999 -9999 -9999 -9999 -9999 -9999 -9999 -9999 -9999 -9999 -9999 -9999 -9999 -9999 -9999 -9999 -9999 -9999 -9999 -9999 -9999 -9999 -9999 -9999 -9999 -9999 -9999 -9999 -9999 -9999 -9999 -9999 -9999 -9999 -9999 -9999 -9999 -9999 -9999 -9999 -9999 -9999 -9999 -9999 -9999 -9999 -9999 -9999 -9999 -9999 -9999
0.23035 0.18779 0.18286 0.18310 0.23632 0.23451 0.38454 0.37866 0.38765 0.39758 0.24883 0.24674 0.20008 0.20131 0.18959 0.18717 0.20492 0.20588 0.26141 0.26185 -9999 -9999 -9999 -9999 -9999 -9999 -9999 -9999 -9999 -9999 -9999 -9999 -9999 -9999 -9999 -9999 -9999 -9999 -9999 -9999 -9999 -9999 -9999 -9999 -9999 -9999 -9999 -9999 -9999 -9999 -9999 -9999 -9999 -9999 -9999 -9999 -9999 -9999 -9999 -9999 -9999 -9999 -9999 -9999 -9999 -9999 -9999 -9999 -9999 -9999 -9999 -9999 -9999
-9999 -9999 0.12681 0.12246 0.12054 0.11788 0.12945 0.13034 0.12824 0.12372 0.08852 0.08452 0.04888 0.04526 0.01531 0.00986 -0.01396 -0.02345 0.03883 0.04156 -9999 -9999 -9999 -9999 -9999 -9999 -9999 -9999 -9999 -9999 -9999 -9999 -9999 -9999 -9999 -9999 -9999 -9999 -9999 -9999 -9999 -9999 -9999 -9999 -9999 -9999 -9999 -9999 -9999 -9999 -9999 -9999 -9999 -9999 -9999 -9999 -9999 -9999 -9999 -9999 -9999 -9999 -9999 -9999 -9999 -9999 -9999 -9999 -9999 -9999 -9999 -9999 -9999
0.15306 0.15324 0.13567 0.13453 0.12912 0.12516 0.14139 0.14181 0.14054 0.13895 0.09918 0.09464 0.06046 0.05665 0.02619 0.01519 -0.01162 -0.01715 0.04094 0.04403 0.09018 0.09423 0.06519 0.06234 0.09914 0.09785 -9999 -9999 -9999 -9999 -9999 -9999 -9999 -9999 -9999 -9999 -9999 -9999 -9999 -9999 -9999 -9999 -9999 -9999 -9999 -9999 -9999 -9999 -9999 -9999 -9999 -9999 -9999 -9999 -9999 -9999 -9999 -9999 -9999 -9999 -9999 -9999 -9999 -9999 -9999 -9999 -9999 -9999 -9999 -9999 -9999 -9999 -9999
0.10532 0.10613 0.08610 0.08321 0.06675 0.06087 0.05811 0.05518 0.04362 0.04013 0.01176 0.00650 -0.03027 -0.04128 -0.06714 -0.07881 -0.10919 -0.12204 -0.10034 -0.09019 -0.06650 -0.06256 -0.04764 -0.04139 -0.01523 -0.00842 0.03548 0.04057 0.07652 0.08099 0.11346 0.11868 0.15559 0.16029 0.17117 0.17815 0.19989 0.21013 0.24359 0.24502 0.32523 -9999 -9999 -9999 -9999 -9999 -9999 -9999 -9999 -9999 -9999 -9999 -9999 -9999 -9999 -9999 -9999 -9999 -9999 -9999 -9999 -9999 -9999 -9999 -9999 -9999 -9999 -9999 -9999 -9999 -9999 -9999 -9999
0.10947 0.11092 0.09395 0.09503 0.07630 0.07216 0.06556 0.06241 0.04783 0.04287 0.01988 0.01182 -0.02500 -0.03340 -0.05940 -0.07027 -0.09446 -0.10834 -0.08492 -0.07299 -0.04907 -0.04862 -0.03012 -0.03078 -0.00962 -0.00477 0.04652 0.05155 0.08352 0.08779 0.12743 0.13990 0.16395 0.17080 0.18222 0.18304 0.21426 0.22833 0.25233 0.25910 0.34161 0.35065 -9999 -9999 -9999 -9999 -9999 -9999 -9999 -9999 -9999 -9999 -9999 -9999 -9999 -9999 -9999 -9999 -9999 -9999 -9999 -9999 -9999 -9999 -9999 -9999 -9999 -9999 -9999 -9999 -9999 -9999 -9999
0.05117 0.05221 0.03745 0.03840 0.02979 0.02644 0.02706 0.02162 0.00567 0.00069 -0.03476 -0.04378 -0.08000 -0.09260 -0.11530 -0.12884 -0.14417 -0.15370 -0.15787 -0.15590 -0.14693 -0.14496 -0.12830 -0.11030 -0.10180 -0.10453 -0.07004 -0.06082 -0.05572 -0.05428 -0.04688 -0.04520 -0.05247 -0.05008 -0.03687 -0.03374 -0.02305 -0.02260 0.02392 0.02400 0.07645 0.07544 -9999 -9999 -9999 -9999 -9999 -9999 -9999 -9999 -9999 -9999 -9999 -9999 -9999 -9999 -9999 0.33927 0.47808 -9999 -9999 -9999 -9999 0.58069 0.52914 0.46187 0.44887 0.49589 0.57108 0.53689 0.78642 0.75525 0.98603
0.06053 0.06265 0.05244 0.05088 0.04386 0.03986 0.04045 0.04044 0.01477 0.00566 -0.02554 -0.03250 -0.06283 -0.08045 -0.10001 -0.11936 -0.10590 -0.12286 -0.14536 -0.14393 -0.13416 -0.11419 -0.08692 -0.10859 -0.09103 -0.09614 -0.06090 -0.06166 -0.04976 -0.04706 -0.04441 -0.04437 -0.04123 -0.01939 -0.01029 -0.02503 -0.01656 -0.00573 0.03109 0.02267 0.07677 0.07776 0.16151 0.16852 0.21796 0.19385 0.17192 0.17406 0.18053 0.17742 0.20806 0.22947 0.23702 0.23029 0.31576 0.30646 0.34795 0.35594 0.49243 -9999 -9999 -9999 -9999 -9999 0.60689 0.58209 0.49524 0.46779 0.56341 0.54255 0.74180 0.74595 0.95728
0.03641 0.03836 0.02503 0.01879 0.01317 0.00932 0.00596 -0.00505 -0.00879 -0.01226 -0.03971 -0.04157 -0.04410 -0.05723 -0.07073 -0.05904 -0.07440 -0.11851 -0.10745 -0.11373 -0.09100 -0.08169 -0.07287 -0.07684 -0.07727 -0.08106 -0.07428 -0.04125 -0.04803 -0.04317 -0.02040 -0.06010 -0.03309 0.01339 -0.00871 0.00505 -0.05251 -0.02811 -0.01716 -0.02416 0.00858 -0.01690 0.00788 0.00919 0.11069 0.07834 0.02355 0.01416 0.02096 0.04810 0.11573 0.08456 0.11687 0.10473 0.15707 0.16303 0.24857 0.24218 0.35785 0.34899 0.46806 0.44408 0.56154 0.56683 0.57488 0.56225 0.39908 0.37647 0.41585 0.40491 0.60347 0.55665 0.76993
0.04871 0.04142 0.02853 0.02949 0.02464 0.01846 0.00632 -0.00130 0.00079 -0.00622 -0.03211 -0.03390 -0.02309 0.00321 -0.04519 -0.06558 -0.02986 -0.04923 -0.07212 -0.10722 -0.09493 -0.10454 -0.05489 -0.07716 -0.06507 -0.07610 -0.01922 0.01971 0.02917 0.04611 0.03818 -0.02634 -0.02620 0.01694 -0.00364 -0.01176 -0.02572 0.01654 -0.00371 -0.06171 -0.04333 0.04086 0.11734 0.05971 0.07085 0.02485 0.05583 0.02745 0.05611 0.01782 0.13813 0.09543 0.13046 0.12415 0.15480 0.15751 0.22424 0.22683 0.37448 0.32406 0.43429 0.46046 0.57605 0.58086 0.60833 0.58677 0.42607 0.37223 0.39977 0.37394 0.58072 0.58170 0.75108
0.03785 0.03987 0.04054 0.04063 0.03103 0.02788 0.01596 0.01142 0.01312 0.00478 -0.00299 0.00664 0.04079 0.04812 0.04206 0.02156 0.03887 0.03732 -0.02035 -0.04840 -0.06368 -0.07162 -0.05928 -0.03790 -0.05443 -0.02511 -0.07527 -0.07885 -0.08662 -0.07807 -0.09033 -0.07184 -0.06008 -0.05961 -0.07876 -0.13256 -0.11224 -0.10805 -0.15877 -0.16798 -0.15914 -0.13526 -0.11376 -0.13219 -0.12042 -0.15554 -0.10501 -0.10746 -0.03887 -0.05833 0.10129 0.09208 0.23664 0.25252 0.34240 0.30344 0.30804 0.31027 0.35473 0.35413 0.38237 0.37840 0.52162 0.56380 0.60531 0.62226 0.52135 0.48554 0.54403 0.53364 0.75979 0.69316 0.79415
0.04676 0.04471 0.04455 0.04261 0.05201 0.05853 0.04140 0.03596 0.03392 0.02105 0.01178 0.00741 0.01356 -0.00262 0.00246 0.03079 0.05346 0.02565 0.00339 -0.03828 -0.04937 -0.06218 -0.04263 -0.04554 -0.02791 -0.05486 -0.00827 -0.04796 -0.09010 -0.03993 -0.08713 -0.13714 -0.13829 -0.13255 -0.14378 -0.15133 -0.15558 -0.15518 -0.16453 -0.18409 -0.18247 -0.17633 -0.17801 -0.17589 -0.15368 -0.08446 -0.05938 -0.07312 -0.00709 -0.03458 0.11587 0.11767 0.26455 0.25118 0.31450 0.30746 0.32249 0.36279 0.41156 0.41893 0.45594 0.40349 0.52106 0.52633 0.57600 0.61497 0.54323 0.52777 0.59391 0.61458 0.88254 0.77680 0.89121
0.03500 0.03382 0.03239 0.03698 0.02921 0.02930 0.03412 0.04707 0.03739 0.03135 0.02788 0.01730 0.01723 0.01554 0.04003 0.03230 0.06551 0.06327 0.09029 0.07854 0.04582 -0.00691 -0.05095 -0.02643 -0.04742 -0.06806 -0.05098 -0.04446 -0.07101 -0.09670 -0.11958 -0.12613 -0.14879 -0.14500 -0.14172 -0.13894 -0.16359 -0.16815 -0.17147 -0.17556 -0.19649 -0.20002 -0.18482 -0.16779 -0.13535 -0.16309 -0.08243 -0.07736 0.00687 -0.01798 0.15487 0.15561 0.34487 0.35803 0.40428 0.39688 0.36643 0.35285 0.38442 0.40695 0.48073 0.49691 0.65653 0.64277 0.71553 0.70014 0.68857 0.68355 0.80108 0.82634 1.15525 1.02587 1.02642
0.04473 0.04058 0.03761 0.04296 0.03731 0.04080 0.05081 0.05672 0.06912 0.05464 0.06020 0.04454 0.02741 0.02691 0.05145 0.04367 0.04694 0.05460 0.04056 0.08128 0.05396 0.03817 0.00930 -0.01211 -0.06831 -0.06817 -0.05585 -0.06528 -0.09097 -0.07525 -0.09194 -0.09996 -0.11921 -0.12701 -0.13223 -0.13823 -0.15486 -0.15671 -0.16526 -0.16706 -0.20377 -0.19359 -0.20084 -0.19709 -0.18481 -0.21262 -0.11148 -0.09704 -0.00640 -0.00369 0.15147 0.15378 0.33328 0.35090 0.40987 0.42845 0.40462 0.38404 0.42346 0.42839 0.53628 0.56508 0.74734 0.73045 0.75655 0.77238 0.79414 0.80463 0.96773 0.95212 1.23749 0.97848 1.08759
0.02823 0.02716 0.02227 0.02442 0.02355 0.02259 0.03512 0.03183 0.03262 0.03968 0.05105 0.03521 0.04598 0.04369 0.06959 0.05412 0.08966 0.08923 0.08819 0.09113 0.06132 0.10550 0.00254 -0.00612 -0.03911 -0.02613 -0.03009 -0.03336 -0.03135 -0.03643 -0.04080 -0.05350 -0.05946 -0.08109 -0.08523 -0.09000 -0.08720 -0.09998 -0.12677 -0.14207 -0.12218 -0.11929 -0.07695 -0.08750 -0.05720 -0.07158 0.02601 0.03564 0.14254 0.14471 0.25234 0.26768 0.32408 0.32334 0.34546 0.35254 0.34237 0.36200 0.46084 0.50772 0.58653 0.59749 0.62771 0.64902 0.77329 0.74536 0.92989 0.94145 1.12597 1.14872 1.21418 0.99236 1.29478
0.03651 0.03604 0.02784 0.02738 0.02881 0.02652 0.03779 0.04461 0.03863 0.03533 0.04120 0.03360 0.04802 0.07135 0.06476 0.09176 0.10065 0.12105 0.09942 0.09561 0.05458 0.06520 -0.01284 -0.00220 -0.00784 0.01940 -0.01342 -0.02753 -0.02053 -0.02164 -0.03661 -0.04654 -0.08140 -0.08529 -0.08445 -0.09436 -0.09514 -0.09716 -0.08149 -0.10616 -0.10616 -0.10791 -0.09519 -0.09398 -0.03275 -0.04865 0.04155 0.03039 0.16472 0.15292 0.28237 0.30742 0.33630 0.30097 0.36669 0.37927 0.39252 0.44136 0.57240 0.64165 0.60033 0.60211 0.80498 0.97959 1.05792 0.96193 1.14766 1.12008 1.20999 1.21588 1.43238 1.31603 1.57149
0.03167 0.03134 0.03602 0.03603 0.03851 0.04333 0.04880 0.04877 0.08476 0.05898 0.07765 0.07447 0.07240 0.06975 0.14423 0.10241 0.12720 0.13300 0.14593 0.14753 0.10428 0.12133 0.06328 0.08603 0.05802 0.05289 0.06712 0.04003 0.06275 0.06312 0.06218 0.04636 0.01079 0.00624 0.03973 0.02595 0.02336 0.04037 0.04012 0.03647 0.03764 0.03576 0.12588 0.12446 0.23304 0.22661 0.32706 0.31191 0.37018 0.40402 0.51185 0.49479 0.48640 0.50772 0.43727 0.45885 0.41673 0.44766 0.55466 0.60284 0.68149 0.75750 0.76530 0.95123 0.86754 0.88378 1.13696 1.13109 1.43293 1.33245 1.72049 1.66759 2.10275
0.03489 0.03522 0.04398 0.04574 0.05013 0.06877 0.07385 0.07118 0.06750 0.06204 0.08964 0.08908 0.09291 0.08458 0.12970 0.12357 0.13275 0.13108 0.15846 0.16432 0.11833 0.12354 0.07658 0.07647 0.04014 0.04681 0.05191 0.05479 0.05465 0.05961 0.04217 0.03791 0.02831 0.02202 0.02819 0.03636 0.03839 0.04230 0.05368 0.04043 0.05105 0.04875 0.10919 0.11091 0.22575 0.23562 0.38282 0.34824 0.40461 0.43522 0.57038 0.58176 0.60797 0.64352 0.50353 0.50867 0.49287 0.51641 0.60146 0.63340 0.75072 0.79610 0.83851 0.82568 0.89122 0.90363 1.20650 1.03042 1.26806 1.25020 1.75475 1.59056 2.02266
0.09689 0.09972 0.10593 0.10920 0.13151 0.13278 0.14701 0.13827 0.14445 0.13606 0.16125 0.16828 0.18039 0.17946 0.21184 0.19857 0.19973 0.18122 0.20464 0.20666 0.21016 0.23734 0.20115 0.24363 0.19966 0.21531 0.21855 0.22291 0.26599 0.22302 0.23992 0.21900 0.26540 0.26970 0.32350 0.31535 0.35280 0.35499 0.40810 0.40566 0.49166 0.52679 0.59167 0.60989 0.76421 0.73171 1.03510 1.01636 1.06295 1.09540 0.96511 1.00859 0.79621 0.80705 0.66262 0.71071 0.62542 0.69128 0.69481 0.72917 0.67538 0.71248 0.78965 0.81841 0.95940 0.92878 1.05900 0.91722 1.29735 1.42162 2.27511 2.06301 3.12173
0.12560 0.17782 0.12112 0.12295 0.13576 0.13918 0.15466 0.15213 0.17226 0.16702 0.19478 0.18139 0.18456 0.19667 0.22805 0.23393 0.25594 0.24850 0.21032 0.23911 0.25398 0.27748 0.22029 0.22383 0.18007 0.20642 0.23826 0.27359 0.29411 0.30696 0.25383 0.25043 0.27214 0.30304 0.36073 0.34903 0.36965 0.36595 0.43962 0.42347 0.55420 0.54759 0.62984 0.63611 0.83342 0.78841 1.06471 1.07327 1.14512 1.17071 1.01245 1.05407 0.87751 0.89436 0.70142 0.78448 0.68933 0.72864 0.73036 0.77262 0.68709 0.72586 0.66722 0.67302 0.76660 0.82491 1.04519 1.02686 1.41279 1.41412 2.19028 2.04401 2.69336
0.13970 0.20741 0.27960 0.23803 0.28990 0.25445 0.29330 0.31049 0.35196 0.34504 0.43117 0.41918 0.37969 0.41306 0.44673 0.47190 0.46463 0.48292 0.49583 0.48514 0.47389 0.50115 0.51947 0.54164 0.52412 0.53889 0.63673 0.64414 0.75621 0.74601 0.68622 0.66038 0.69694 0.72019 0.92129 0.85609 0.81405 0.77300 0.94558 0.97039 1.08732 1.20712 1.24249 1.34543 1.57501 1.62425 1.96100 1.98547 2.04172 2.00869 1.73508 1.70553 1.54618 1.60499 1.57394 1.64515 1.60695 1.67294 1.64821 1.60159 1.60588 1.48914 1.53077 1.43139 1.64591 1.66126 2.11212 2.13170 2.65906 2.64121 3.38272 3.45989 4.50548
0.16729 0.16988 0.24779 0.27245 0.24875 0.29851 0.31060 0.29422 0.29024 0.33973 0.45129 0.40108 0.43441 0.44204 0.45967 0.49148 0.52576 0.53056 0.55023 0.51007 0.44006 0.51242 0.50462 0.54571 0.49281 0.49930 0.55029 0.56612 0.68087 0.70714 0.69610 0.68317 0.67440 0.78734 0.92821 0.90926 0.84739 0.89080 1.00799 1.17109 1.27302 1.38946 1.57430 1.57314 1.71375 1.68026 1.97930 2.05121 -9999 -9999 1.84214 1.90566 1.76142 1.75061 1.72398 1.71720 1.70289 1.65422 1.66541 1.52537 1.42345 1.30071 1.36983 1.33265 1.48118 1.50409 2.06000 2.14421 2.64957 2.81917 3.57327 3.67403 4.76098
0.25181 0.24880 0.31922 0.35538 0.52368 0.51622 0.60183 0.67496 0.70733 0.68833 0.74704 0.74333 0.88254 0.94743 0.92997 1.00817 1.12701 1.08139 1.05592 1.08325 1.01952 0.99141 0.90535 1.00750 0.98453 1.06680 1.16481 1.19182 1.31028 1.45029 1.62528 1.54539 1.55091 1.65354 1.73529 1.96947 2.17820 -9999 -9999 -9999 -9999 2.70547 -9999 2.43076 2.23274 2.41988 2.57721 2.78228 -9999 -9999 2.84844 2.76873 2.95938 3.09112 3.56198 3.57532 4.06692 4.01489 3.97060 3.89953 4.00564 3.89116 4.40127 3.73804 3.76794 3.95279 4.72485 4.92746 5.78914 6.01222 -9999 -9999 -9999
0.28211 0.28391 0.40152 0.43811 0.56505 0.57504 0.80985 0.76796 0.88703 0.86239 0.88381 0.89264 0.94176 1.08331 1.07508 1.03725 1.06449 1.13084 1.01893 1.15405 1.05813 1.04751 1.01599 1.09148 1.06286 1.02413 1.17990 1.26014 1.41680 1.43803 1.47387 1.58211 1.57042 1.92301 2.09996 -9999 -9999 -9999 -9999 -9999 -9999 -9999 2.68833 2.56252 2.64293 -9999 -9999 -9999 -9999 -9999 2.99814 2.99116 2.96896 3.16074 3.55217 3.62167 4.19954 4.11382 4.67071 4.65412 4.80534 4.58393 5.24515 5.42592 5.19111 4.67450 5.38060 5.84194 -9999 -9999 -9999 -9999 -9999
0.43890 0.43401 0.65181 0.68736 0.93497 0.89205 1.17025 1.28873 1.40654 1.40226 1.40259 1.52843 1.56467 1.67939 1.60935 1.54107 1.60934 1.51921 1.58010 1.64548 1.65819 1.53016 1.50602 1.60414 1.69199 1.66431 1.69560 1.77734 2.02572 1.98936 2.30615 2.46525 2.70465 3.26873 -9999 -9999 -9999 -9999 -9999 -9999 -9999 -9999 -9999 3.07967 -9999 -9999 -9999 -9999 3.95875 3.94660 4.53396 4.31682 5.00113 5.42778 6.29836 6.40431 7.12351 7.44350 8.48683 8.70381 9.20281 8.72010 9.48256 9.06009 9.40631 -9999 -9999 -9999 -9999 -9999 -9999 -9999 -9999
