data/hydroclimate-scenarios/BCSD_hadcm_B1/monthly_summaries/et_monthly_tot_jun.2030-2059.asc
ncols	311
nrows	91
xllcenter	102.75
yllcenter	31.75
cellsize	0.5
NODATA_value	-9999
[rows 0 to 31 of 91, columns 71 to 141 of 311]
-9999 -9999 -9999 -9999 -9999 -9999 -9999 -9999 -9999 -9999 -9999 -9999 -9999 -9999 -9999 -9999 -9999 -9999 -9999 -9999 -9999 -9999 -9999 -9999 -9999 -9999 -9999 -9999 -9999 -9999 -9999 -9999 -9999 -9999 -9999 -9999 -9999 -9999 -9999 -9999 -9999 -9999 -9999 -9999 -9999 -9999 -9999 -9999 -9999 -9999 -9999 -9999 -9999 -9999 -9999 -9999 -9999 -9999 -9999 -9999 -9999 -9999 -9999 -9999 -9999 -9999 -9999 -9999 -9999 -9999 -9999
-9999 -9999 -9999 -9999 -9999 -9999 -9999 -9999 -9999 -9999 -9999 -9999 -9999 -9999 -9999 -9999 -9999 -9999 -9999 -9999 -9999 -9999 -9999 -9999 -9999 -9999 -9999 -9999 -9999 -9999 -9999 -9999 -9999 -9999 -9999 -9999 -9999 -9999 -9999 -9999 -9999 -9999 -9999 -9999 -9999 -9999 -9999 -9999 -9999 -9999 -9999 -9999 -9999 -9999 -9999 -9999 -9999 -9999 -9999 -9999 -9999 -9999 -9999 -9999 -9999 -9999 -9999 -9999 -9999 -9999 -9999
-9999 -9999 -9999 -9999 -9999 -9999 -9999 -9999 -9999 -9999 -9999 -9999 -9999 -9999 -9999 -9999 -9999 -9999 -9999 -9999 -9999 -9999 -9999 -9999 -9999 -9999 -9999 -9999 -9999 -9999 -9999 -9999 -9999 -9999 -9999 -9999 -9999 -9999 -9999 -9999 -9999 -9999 -9999 -9999 -9999 -9999 -9999 -9999 -9999 -9999 -9999 -9999 -9999 -9999 -9999 -9999 -9999 -9999 -9999 -9999 -9999 -9999 -9999 -9999 -9999 -9999 -9999 -9999 -9999 -9999 -9999
-9999 -9999 -9999 -9999 -9999 -9999 -9999 -9999 -9999 -9999 -9999 -9999 -9999 -9999 -9999 -9999 -9999 -9999 -9999 -9999 -9999 -9999 -9999 -9999 -9999 -9999 -9999 -9999 -9999 -9999 -9999 -9999 -9999 -9999 -9999 -9999 -9999 -9999 -9999 -9999 -9999 -9999 -9999 -9999 -9999 -9999 -9999 -9999 -9999 -9999 -9999 -9999 -9999 -9999 -9999 -9999 -9999 -9999 -9999 -9999 -9999 -9999 -9999 -9999 -9999 -9999 -9999 -9999 -9999 -9999 -9999
-9999 -9999 -9999 -9999 -9999 -9999 -9999 -9999 -9999 -9999 -9999 -9999 -9999 -9999 -9999 -9999 -9999 -9999 -9999 -9999 -9999 -9999 -9999 -9999 -9999 -9999 -9999 -9999 -9999 -9999 -9999 -9999 -9999 -9999 -9999 -9999 -9999 -9999 -9999 -9999 -9999 -9999 -9999 -9999 -9999 -9999 -9999 -9999 -9999 -9999 -9999 -9999 -9999 -9999 -9999 -9999 -9999 -9999 -9999 -9999 -9999 -9999 -9999 -9999 -9999 -9999 -9999 -9999 -9999 -9999 -9999
-9999 -9999 -9999 -9999 -9999 -9999 -9999 -9999 -9999 -9999 -9999 -9999 -9999 -9999 -9999 -9999 -9999 -9999 -9999 -9999 -9999 -9999 -9999 -9999 -9999 -9999 -9999 -9999 -9999 -9999 -9999 -9999 -9999 -9999 -9999 -9999 -9999 -9999 -9999 -9999 -9999 -9999 -9999 -9999 -9999 -9999 -9999 -9999 -9999 -9999 -9999 -9999 -9999 -9999 -9999 -9999 -9999 -9999 -9999 -9999 -9999 -9999 -9999 -9999 -9999 -9999 -9999 -9999 -9999 -9999 -9999
-9999 -9999 -9999 -9999 -9999 -9999 -9999 -9999 -9999 -9999 -9999 -9999 -9999 -9999 -9999 -9999 -9999 -9999 -9999 -9999 -9999 -9999 -9999 -9999 -9999 -9999 -9999 -9999 -9999 -9999 -9999 -9999 -9999 -9999 -9999 -9999 -9999 -9999 -9999 -9999 -9999 -9999 -9999 -9999 -9999 -9999 -9999 -9999 -9999 -9999 -9999 -9999 -9999 -9999 -9999 -9999 -9999 -9999 -9999 -9999 -9999 -9999 -9999 -9999 -9999 -9999 -9999 -9999 -9999 -9999 -9999
-9999 -9999 -9999 -9999 -9999 -9999 -9999 -9999 -9999 -9999 -9999 -9999 -9999 -9999 -9999 -9999 -9999 -9999 -9999 -9999 -9999 -9999 -9999 -9999 -9999 -9999 -9999 -9999 -9999 -9999 -9999 -9999 -9999 -9999 -9999 -9999 -9999 -9999 -9999 -9999 -9999 -9999 -9999 -9999 -9999 -9999 -9999 -9999 -9999 -9999 -9999 -9999 -9999 -9999 -9999 -9999 -9999 -9999 -9999 -9999 -9999 -9999 -9999 -9999 -9999 -9999 -9999 -9999 -9999 -9999 -9999
-9999 -9999 -9999 -9999 -9999 -9999 71.42520 -9999 -9999 -9999 -9999 -9999 -9999 -9999 -9999 -9999 -9999 -9999 -9999 -9999 -9999 -9999 -9999 -9999 -9999 -9999 -9999 -9999 -9999 -9999 -9999 -9999 -9999 -9999 -9999 -9999 -9999 -9999 -9999 -9999 -9999 -9999 -9999 -9999 -9999 -9999 -9999 -9999 -9999 -9999 -9999 -9999 -9999 -9999 -9999 -9999 -9999 -9999 -9999 -9999 -9999 -9999 -9999 -9999 -9999 -9999 -9999 -9999 -9999 -9999 -9999
-9999 -9999 55.27130 68.98010 66.82520 68.97190 71.68310 73.64510 75.15260 77.32040 78.70520 77.78700 76.73760 75.59390 76.35590 75.02060 74.18370 74.03690 73.48850 72.86990 70.56180 69.50470 -9999 -9999 -9999 -9999 -9999 -9999 -9999 -9999 -9999 -9999 -9999 -9999 -9999 -9999 -9999 -9999 -9999 -9999 -9999 -9999 -9999 -9999 -9999 -9999 -9999 -9999 -9999 -9999 -9999 -9999 -9999 -9999 -9999 -9999 -9999 -9999 -9999 -9999 -9999 -9999 -9999 -9999 -9999 -9999 -9999 -9999 -9999 -9999 -9999
-9999 -9999 -9999 -9999 79.72450 81.47010 84.49750 85.56400 87.80230 88.19390 88.44390 87.23830 85.06800 83.48100 81.99840 80.56360 77.23510 75.45930 74.73500 73.71520 72.63230 73.87520 -9999 -9999 -9999 -9999 -9999 -9999 -9999 -9999 -9999 -9999 -9999 -9999 -9999 -9999 -9999 -9999 -9999 -9999 -9999 -9999 -9999 -9999 -9999 -9999 -9999 -9999 -9999 -9999 -9999 -9999 -9999 -9999 -9999 -9999 -9999 -9999 -9999 -9999 -9999 -9999 -9999 -9999 -9999 -9999 -9999 -9999 -9999 -9999 -9999
72.52980 73.43990 75.12370 75.38120 81.06040 81.01880 81.88540 84.73520 86.94150 88.26290 90.99880 90.05090 88.63050 86.92830 84.64390 82.61630 80.31060 78.97180 78.13190 76.67160 75.39200 68.52480 80.30740 81.12980 81.05170 83.00580 80.95270 81.20260 -9999 -9999 -9999 -9999 -9999 -9999 -9999 -9999 -9999 -9999 -9999 -9999 -9999 -9999 -9999 -9999 -9999 -9999 -9999 -9999 -9999 -9999 -9999 -9999 -9999 -9999 -9999 -9999 -9999 -9999 -9999 -9999 -9999 -9999 -9999 -9999 -9999 -9999 -9999 -9999 -9999 -9999 -9999
73.20890 72.76330 74.28080 74.62500 76.41920 78.80490 81.51630 82.70070 84.89470 87.04330 88.89850 88.34350 88.17560 87.17970 85.73990 84.71810 80.94660 79.27210 69.46900 79.66190 80.48020 79.09430 78.58140 81.71760 81.56630 82.20200 83.65450 83.66040 84.01360 83.99500 82.29430 82.29190 84.26300 83.39850 81.45640 81.08270 78.74890 78.97100 76.71190 75.04020 76.31800 76.09190 75.80940 -9999 -9999 -9999 -9999 -9999 -9999 -9999 -9999 -9999 -9999 -9999 -9999 -9999 -9999 -9999 -9999 -9999 -9999 -9999 -9999 -9999 -9999 -9999 -9999 -9999 -9999 -9999 -9999
81.62330 83.44730 82.76690 83.10820 78.52840 82.21860 80.19510 79.90050 84.71980 94.86710 95.99100 86.99940 97.75760 87.96560 86.60520 84.77960 82.79890 81.45400 85.24170 83.92940 80.07970 76.67060 77.36600 84.76510 85.33210 81.24160 82.31050 82.91180 85.20600 86.17210 86.28310 85.92710 86.04350 84.94310 85.77700 84.17980 82.97850 80.51670 77.45170 76.46840 78.23870 78.53860 78.14250 62.80400 -9999 -9999 -9999 -9999 -9999 -9999 -9999 -9999 -9999 -9999 -9999 -9999 -9999 -9999 -9999 -9999 -9999 -9999 -9999 -9999 -9999 -9999 -9999 -9999 -9999 -9999 -9999
87.82370 81.54750 89.91820 81.16370 85.18760 86.86050 86.63100 86.41070 88.36070 88.08300 90.58790 91.19030 93.20880 93.53110 93.52320 90.33580 88.27690 87.04970 87.01110 71.54320 80.82660 80.62740 82.18350 83.77150 84.07920 81.63230 84.93680 85.32120 88.18230 87.81110 89.87290 89.61070 86.18900 86.06170 85.47470 84.50020 85.81630 83.78460 83.62200 82.87450 81.37920 80.50810 78.19640 79.37360 -9999 -9999 -9999 -9999 -9999 -9999 -9999 -9999 -9999 -9999 -9999 -9999 -9999 -9999 -9999 71.94580 71.86050 -9999 -9999 -9999 -9999 70.62700 62.10220 56.93390 57.81120 68.39700 68.26430
82.81300 83.91510 87.41900 82.48510 86.06410 86.42580 86.04510 84.47540 90.03040 89.24250 94.31880 95.60800 97.58870 95.16760 94.47310 94.89800 91.32470 91.15620 75.14820 90.77790 88.85430 88.69190 88.05750 91.06660 91.38640 91.33360 91.96210 89.91400 90.23120 88.92320 88.90290 88.30580 87.65830 87.40720 88.04890 86.73730 90.34070 87.69070 85.11610 82.86690 64.54820 61.83170 59.82480 78.51000 80.30350 80.13710 66.69220 81.92060 75.22840 71.53640 80.69960 79.40570 73.22480 77.30790 71.18070 75.61650 83.35780 83.33760 72.82360 73.74960 80.91450 -9999 -9999 -9999 -9999 -9999 73.90610 67.36960 63.90590 58.84800 56.18230
88.29710 95.35070 87.95530 87.84310 95.84170 85.20450 86.82420 90.57130 91.46830 91.17310 94.22630 96.60110 98.30650 102.06000 100.69300 93.28130 98.28470 94.38970 93.57290 93.90560 93.46570 93.54450 94.82650 95.26980 94.79180 95.21120 94.92270 94.02230 94.04830 93.83130 93.47470 94.57710 91.39800 90.25360 93.81230 93.75170 93.46760 93.40030 69.29440 74.30800 90.51180 70.83210 87.82740 86.08890 85.73940 86.61030 86.71600 86.67800 84.50840 79.60430 81.59670 84.42980 80.00800 70.63710 62.24890 71.75500 68.65050 65.87500 72.89770 78.42820 77.03550 73.66990 81.38750 78.73650 80.91430 80.83180 78.86740 76.58460 73.15090 66.43950 55.09890
85.54900 76.24420 85.21980 89.68690 88.03010 91.10190 91.42790 88.49470 82.99990 86.87100 92.28280 96.03300 95.68010 92.17340 100.68600 98.84730 98.87260 98.00740 94.91820 87.08190 94.90320 95.10690 96.57030 96.72930 96.18580 96.30720 95.98130 95.23840 96.67570 96.68920 97.68770 96.83600 95.48530 93.69670 95.69750 96.04070 76.97800 95.93550 93.35410 93.12580 91.49950 93.06240 93.06050 91.51300 89.24500 89.56290 89.99400 90.21590 91.01090 89.96410 86.40490 85.27830 82.02330 83.41990 76.36460 67.21370 66.55000 69.57380 70.53950 67.85970 69.69510 60.19750 71.78770 83.33200 84.18980 77.82760 81.19350 80.18130 74.15640 64.28420 51.89820
84.07270 74.21910 86.43810 92.20670 90.92440 90.96070 89.74340 90.08790 87.82390 88.56770 89.04170 87.86120 93.16950 97.76260 99.67050 100.02000 99.52050 98.90750 98.03740 86.81440 91.47270 95.28710 96.05820 95.25470 98.06990 98.13310 97.20860 98.97600 97.09210 96.87400 96.74030 73.17070 96.13690 96.69310 97.12750 95.96870 92.52700 87.47960 91.45990 91.77010 91.87530 90.98540 87.97270 84.61220 86.61500 91.22260 91.04160 89.01580 90.06450 88.19630 87.02020 85.03190 84.84080 83.70220 87.39970 89.07740 87.89600 71.63380 68.88030 65.31130 62.34740 56.65640 53.30710 64.30970 67.91670 72.22480 72.02170 71.69570 65.54400 60.15050 54.83210
90.72540 81.45320 81.80280 83.96840 95.95520 86.99900 92.09450 94.32470 94.36320 91.56500 89.47190 85.08190 93.06400 84.33540 89.04530 97.55610 99.86620 100.22000 99.75710 96.55480 93.97520 96.58850 95.63380 93.44170 100.17300 97.30890 96.98060 96.58710 99.46560 90.77060 95.86930 95.59260 93.11830 90.80220 93.62250 96.36990 91.95430 88.89670 91.48180 85.05360 89.10950 90.77130 85.64970 87.86390 87.87950 87.12070 87.18100 89.72460 90.98790 88.40720 85.30310 86.77230 87.71700 92.47540 84.81130 75.74970 72.09830 61.57010 68.73500 75.02920 73.33630 70.81350 71.58530 63.34250 57.36350 65.33550 56.82530 63.79880 64.26390 60.38340 58.04980
89.46670 90.06350 83.15500 77.19320 71.97650 97.44340 98.89020 98.80520 89.66490 93.12220 94.45060 85.95270 74.46040 64.74760 80.89250 85.09540 91.82140 92.73420 98.22430 98.03810 100.62600 100.51700 98.91910 96.79280 100.49200 100.39400 100.48600 99.67050 100.98300 100.37600 101.76100 100.42400 90.28320 87.42920 86.46820 88.04140 80.67240 82.37920 83.37830 82.53490 90.44490 88.86240 90.14470 93.46160 89.17310 89.90470 90.41470 87.46750 88.59570 91.08950 95.47660 95.63740 92.48910 92.08710 89.29020 83.33590 73.89030 65.71790 68.14660 55.92130 60.62000 63.32020 69.30810 71.92120 74.63550 71.46080 66.34580 60.93100 64.82320 63.34700 67.23050
82.04350 82.08310 73.53180 69.96140 74.97230 80.66150 86.25940 93.91250 92.42370 95.99620 90.94090 96.54950 90.95460 84.29410 75.06680 73.04870 76.27760 81.87800 94.46010 102.65200 96.94080 101.17200 100.01400 97.10710 101.67400 99.76570 97.74190 97.36030 104.26900 101.55300 98.25830 95.42600 89.03260 91.83910 87.33380 86.83300 85.54890 86.08880 92.20570 81.14960 84.01550 88.88460 93.28910 83.82330 86.27330 84.18030 84.57510 84.00920 85.19840 85.55730 78.32780 80.02260 75.66090 75.81720 71.69470 72.19680 61.28910 68.71920 68.66460 58.08210 65.97470 66.09730 68.21650 79.89850 76.11910 76.01420 62.56920 65.74620 69.20170 69.82630 77.43820
93.13690 83.95620 77.97140 83.41640 78.82080 74.70730 81.10600 92.23030 89.01040 92.49410 96.24040 96.87900 91.90540 101.20100 95.43070 103.03200 96.12360 78.88320 75.84840 82.25410 91.23370 89.44360 95.61060 102.30500 104.14500 103.21600 96.56700 100.45000 96.58260 96.45600 93.01700 91.48770 89.60490 87.35480 90.68940 89.49350 85.97960 81.70410 81.20170 81.41020 85.43470 91.53190 93.29030 86.49750 83.98660 81.89750 81.22100 83.88120 79.02280 70.33450 67.31550 69.28260 62.34330 52.11790 56.77450 49.06240 62.98240 55.45010 66.04490 72.54800 73.59500 79.28070 78.58700 83.33720 70.60180 79.06790 83.36660 85.05800 78.88070 70.40240 77.17780
96.30970 93.32620 92.65960 97.14010 89.21080 80.71470 83.35890 82.43650 86.14000 94.23250 97.90810 83.01420 86.34860 90.02330 77.87760 76.18850 65.65940 103.30900 84.02910 70.62860 69.28730 77.33750 84.55290 92.52170 100.42400 101.64000 97.32190 101.53600 98.80790 94.88320 92.58250 90.86150 91.66610 89.65170 88.05610 89.06930 88.31950 87.05020 85.64660 85.73180 83.02670 84.76650 88.86560 92.44740 99.40940 90.19590 91.93650 85.50670 77.80870 71.47820 66.92240 71.52560 68.03600 65.86280 53.92050 50.54590 57.41280 55.72860 67.59190 72.57380 86.31520 87.17370 83.75880 78.96520 93.59060 87.32120 86.19690 90.25040 86.59760 76.36540 79.54410
96.39520 97.08720 97.33280 102.70200 95.94930 97.91520 98.22340 96.49630 101.81600 98.82950 97.56780 95.64830 99.79700 92.03520 85.37510 79.95670 76.68280 74.26020 87.95310 90.11270 86.87810 85.45820 90.13330 93.69920 93.75400 93.23810 97.27430 101.32500 101.86800 95.31360 96.93890 97.47130 96.72510 94.17430 91.07410 87.27830 81.80720 82.93900 87.51180 87.27540 80.30880 86.28080 81.96080 86.92490 91.80220 84.50020 89.25990 85.50320 80.11440 67.28240 63.02420 67.16430 69.19180 54.79940 61.17560 63.12750 65.81770 69.92910 58.30130 68.60290 79.19690 83.47100 88.53260 99.21860 103.34200 94.51490 97.23580 86.89710 80.28440 77.36820 82.67740
95.73500 94.86140 89.86530 91.18920 92.81790 99.41910 105.12500 105.64000 104.95500 103.09400 95.91370 85.56630 86.89090 92.98120 97.87140 90.47090 86.52660 82.11540 68.08520 75.01810 84.56680 90.92670 93.64340 92.06390 90.05690 99.38910 93.62090 93.55160 104.78200 99.86660 98.22030 94.92800 95.12140 92.05910 89.15110 92.63820 91.96050 85.15900 83.28230 84.94450 72.95740 76.64860 77.35640 69.98270 77.78480 81.98870 89.75380 87.82280 86.81190 79.58860 67.26150 77.66090 79.65270 77.72200 81.25260 79.92930 77.85880 70.63140 73.15500 67.99630 83.26460 83.32760 90.09600 96.03310 101.07000 103.20300 102.14900 96.33040 87.79360 79.61910 74.71890
86.06170 81.08180 76.06100 77.69730 87.33150 92.67270 98.92670 102.39300 102.91200 98.41890 95.27260 90.58450 82.13140 89.14120 97.04350 97.91930 91.34840 80.44560 71.00110 70.47310 78.13520 78.50760 85.88880 88.08840 95.51540 101.98600 98.34610 95.83410 99.82500 104.93900 97.12700 91.51920 94.83540 93.95700 90.77220 88.62900 91.32630 84.44670 90.09680 83.38600 76.76430 72.45330 74.60140 81.15820 80.97460 82.77010 80.46370 83.27310 84.92680 75.83420 73.85060 68.66190 69.37370 66.49310 65.05720 65.83800 68.65620 79.59490 86.61650 87.67290 93.37300 88.75050 90.94370 93.85960 97.45300 102.12300 95.36550 94.95680 78.58140 66.39410 64.52020
97.07090 89.15330 74.20470 80.92560 74.77270 89.62240 98.58580 100.00100 101.59600 102.15100 94.65340 98.16320 96.92110 86.46720 87.57370 87.55680 83.24180 89.45090 84.78410 85.61070 68.44480 81.02560 85.82790 87.76090 90.49680 96.70270 94.29920 98.09840 93.59850 99.22140 101.01100 99.72760 99.28300 94.02340 91.01760 89.24150 89.55650 85.20700 79.89230 83.24560 81.22710 75.63850 80.70090 76.29520 78.37160 76.63710 87.19410 82.46080 78.37390 78.76900 75.66730 71.39200 73.50400 77.64220 72.42500 77.91360 78.02270 84.22020 89.21950 87.39830 93.71340 91.55780 88.53330 89.56880 75.41570 82.03940 74.39040 76.42520 72.34150 80.00630 72.71490
89.14310 89.43920 71.66870 74.89660 79.22370 69.97000 80.11500 90.82070 92.34600 92.29340 89.88050 89.74170 92.50430 88.32530 74.39050 81.48950 85.70950 94.11560 86.21760 88.34420 87.29510 81.05370 81.56410 84.29870 95.23610 96.16520 103.10600 99.58590 83.30040 97.32290 103.68800 105.55500 100.70600 96.95720 90.12810 93.21000 87.93860 84.15030 72.54520 65.15360 74.57220 79.75170 72.15810 84.59600 84.36470 84.14910 87.32140 95.47780 95.33210 95.66580 96.90810 95.66390 93.32700 84.07680 81.31430 80.43190 83.33440 88.55510 87.67850 94.11090 88.90800 83.28640 79.01980 64.61620 56.59620 57.01950 54.62500 54.93280 63.81660 66.63680 65.44000
97.37100 90.74640 74.52610 76.94380 70.02530 74.63520 64.37400 71.73620 75.18720 71.07000 70.51750 76.17120 80.23850 72.57480 74.11360 80.94800 78.63680 81.35540 88.72750 89.73530 88.73150 80.74770 68.89000 85.46190 92.79720 101.78500 96.95330 98.53900 92.72570 99.15500 99.64550 94.67890 100.36800 95.35960 85.39480 84.84000 86.32560 82.93010 71.30180 69.68690 76.35950 90.69100 86.99580 92.21800 99.49470 93.46010 95.53980 94.50650 88.53240 95.98160 -9999 -9999 94.63570 87.97210 97.77110 89.43730 84.97250 88.87010 90.74670 83.65670 82.36150 66.11190 53.32060 46.76470 50.78880 42.59180 41.03190 36.75370 51.20700 58.95140 56.60660
85.40040 89.14990 82.85770 76.30860 67.95470 72.77760 68.68150 72.52090 66.12550 71.76220 68.88790 67.49300 62.87490 60.31910 71.48480 79.16810 72.19710 79.26760 89.14910 81.99560 86.88610 86.82710 84.59340 84.72220 73.72940 82.56200 86.52110 93.12130 102.13600 96.51810 93.44070 90.83160 91.33930 86.94770 78.86330 80.17580 74.60460 81.49650 84.29570 -9999 -9999 -9999 -9999 91.23370 -9999 89.26450 74.65790 80.93540 86.78790 91.18510 -9999 -9999 89.54800 87.72100 84.19330 84.93150 90.64780 87.67160 82.97510 72.79210 69.01410 62.60230 57.94590 57.21180 61.68390 38.74530 37.94200 40.16160 57.32650 60.20870 63.71030
89.16320 88.18360 83.88030 75.67430 73.62850 81.82100 64.81810 68.86690 80.75840 77.53180 78.57630 75.00370 68.38620 64.27000 69.72540 83.76420 76.82440 73.29930 72.33540 77.06700 68.99300 82.19400 79.42990 79.70490 79.67790 84.38350 88.92040 82.74250 84.56840 88.79590 88.42200 87.69600 80.79950 82.21340 72.19560 82.12870 83.37130 -9999 -9999 -9999 -9999 -9999 -9999 -9999 89.87510 87.42970 85.69820 -9999 -9999 -9999 -9999 -9999 80.47420 86.64560 70.89460 70.98090 65.15430 69.12280 76.86100 67.10110 79.46800 76.74270 69.24440 60.65230 69.29010 74.40860 56.92800 43.66950 56.50050 74.48190 -9999
