data/hydroclimate-scenarios/BCSD_hadcm_B1/monthly_summaries/et_monthly_tot_mar.2030-2059.asc
ncols	311
nrows	91
xllcenter	102.75
yllcenter	31.75
cellsize	0.5
NODATA_value	-9999
[rows 0 to 31 of 91, columns 219 to 291 of 311]
-9999 -9999 -9999 -9999 -9999 -9999 -9999 -9999 -9999 -9999 -9999 -9999 -9999 -9999 -9999 -9999 -9999 -9999 -9999 -9999 -9999 -9999 -9999 -9999 -9999 -9999 -9999 -9999 -9999 -9999 -9999 -9999 -9999 -9999 -9999 -9999 -9999 -9999 -9999 -9999 -9999 -9999 -9999 -9999 -9999 -9999 -9999 -9999 -9999 -9999 -9999 -9999 -9999 -9999 -9999 -9999 -9999 -9999 -9999 -9999 -9999 -9999 -9999 -9999 -9999 -9999 -9999 -9999 -9999 -9999 -9999 -9999 -9999
-9999 -9999 -9999 -9999 -9999 -9999 -9999 -9999 -9999 -9999 -9999 -9999 -9999 -9999 -9999 -9999 -9999 -9999 -9999 -9999 -9999 -9999 -9999 -9999 -9999 -9999 -9999 -9999 -9999 -9999 -9999 -9999 -9999 -9999 -9999 -9999 -9999 -9999 -9999 -9999 -9999 -9999 -9999 -9999 -9999 -9999 -9999 -9999 -9999 -9999 -9999 -9999 -9999 -9999 -9999 -9999 -9999 -9999 -9999 -9999 -9999 -9999 -9999 -9999 -9999 -9999 -9999 -9999 -9999 -9999 -9999 -9999 -9999
-9999 -9999 -9999 -9999 -9999 -9999 -9999 -9999 -9999 -9999 -9999 -9999 -9999 -9999 -9999 -9999 -9999 -9999 -9999 -9999 -9999 -9999 -9999 -9999 -9999 -9999 -9999 -9999 -9999 -9999 -9999 -9999 -9999 -9999 -9999 -9999 -9999 -9999 -9999 -9999 -9999 -9999 -9999 -9999 -9999 -9999 -9999 -9999 -9999 -9999 -9999 -9999 -9999 -9999 -9999 -9999 -9999 -9999 -9999 -9999 -9999 -9999 -9999 -9999 -9999 -9999 -9999 -9999 -9999 -9999 -9999 -9999 -9999
-9999 -9999 -9999 -9999 -9999 -9999 -9999 -9999 -9999 -9999 -9999 -9999 -9999 -9999 -9999 -9999 -9999 -9999 -9999 -9999 -9999 -9999 -9999 -9999 -9999 -9999 -9999 -9999 -9999 -9999 -9999 -9999 -9999 -9999 -9999 -9999 -9999 -9999 -9999 -9999 -9999 -9999 -9999 -9999 -9999 -9999 -9999 -9999 -9999 -9999 -9999 -9999 -9999 -9999 -9999 -9999 -9999 -9999 -9999 -9999 -9999 -9999 -9999 -9999 -9999 -9999 -9999 -9999 -9999 -9999 -9999 -9999 -9999
-9999 -9999 -9999 -9999 -9999 -9999 -9999 -9999 -9999 -9999 -9999 -9999 -9999 -9999 -9999 -9999 -9999 -9999 -9999 -9999 -9999 -9999 -9999 -9999 -9999 -9999 -9999 -9999 -9999 -9999 -9999 -9999 -9999 -9999 -9999 -9999 -9999 -9999 -9999 -9999 -9999 -9999 -9999 -9999 -9999 -9999 -9999 -9999 -9999 -9999 -9999 -9999 -9999 -9999 -9999 -9999 -9999 -9999 -9999 -9999 -9999 -9999 -9999 -9999 -9999 -9999 -9999 -9999 -9999 -9999 -9999 -9999 -9999
-9999 -9999 -9999 -9999 -9999 -9999 -9999 -9999 -9999 -9999 -9999 -9999 -9999 -9999 -9999 -9999 -9999 -9999 -9999 -9999 -9999 -9999 -9999 -9999 -9999 -9999 -9999 -9999 -9999 -9999 -9999 -9999 -9999 -9999 -9999 -9999 -9999 -9999 -9999 -9999 -9999 -9999 -9999 -9999 -9999 -9999 -9999 -9999 -9999 -9999 -9999 -9999 -9999 -9999 -9999 -9999 -9999 -9999 -9999 -9999 -9999 -9999 -9999 -9999 -9999 -9999 -9999 -9999 -9999 -9999 -9999 -9999 -9999
-9999 -9999 -9999 -9999 -9999 -9999 -9999 -9999 -9999 -9999 -9999 -9999 -9999 -9999 -9999 -9999 -9999 -9999 -9999 -9999 -9999 -9999 -9999 -9999 -9999 -9999 -9999 -9999 -9999 -9999 -9999 -9999 -9999 -9999 -9999 -9999 -9999 -9999 -9999 -9999 -9999 -9999 -9999 -9999 -9999 -9999 -9999 -9999 -9999 -9999 -9999 -9999 -9999 -9999 -9999 -9999 -9999 -9999 -9999 -9999 -9999 -9999 -9999 -9999 -9999 -9999 -9999 -9999 -9999 -9999 -9999 -9999 -9999
-9999 -9999 -9999 -9999 -9999 -9999 -9999 -9999 -9999 -9999 -9999 -9999 -9999 -9999 -9999 -9999 -9999 -9999 -9999 -9999 -9999 -9999 -9999 -9999 -9999 -9999 -9999 -9999 -9999 -9999 -9999 -9999 -9999 -9999 -9999 -9999 -9999 -9999 -9999 -9999 -9999 -9999 -9999 -9999 -9999 -9999 -9999 -9999 -9999 -9999 -9999 -9999 -9999 -9999 -9999 -9999 -9999 -9999 -9999 -9999 -9999 -9999 -9999 -9999 -9999 -9999 -9999 -9999 -9999 -9999 -9999 -9999 -9999
-9999 -9999 -9999 -9999 -9999 -9999 -9999 -9999 -9999 -9999 -9999 -9999 -9999 -9999 -9999 -9999 -9999 -9999 -9999 -9999 -9999 -9999 -9999 -9999 -9999 -9999 -9999 -9999 -9999 -9999 -9999 -9999 -9999 -9999 -9999 -9999 -9999 -9999 -9999 -9999 -9999 -9999 -9999 -9999 -9999 -9999 -9999 -9999 -9999 -9999 -9999 -9999 -9999 -9999 -9999 -9999 -9999 -9999 -9999 -9999 -9999 -9999 -9999 -9999 -9999 -9999 -9999 -9999 -9999 -9999 -9999 -9999 -9999
-9999 -9999 -9999 -9999 -9999 -9999 -9999 -9999 -9999 -9999 -9999 -9999 -9999 -9999 -9999 -9999 -9999 -9999 -9999 -9999 -9999 -9999 -9999 -9999 -9999 -9999 -9999 -9999 -9999 -9999 -9999 -9999 -9999 -9999 -9999 -9999 -9999 -9999 -9999 -9999 -9999 -9999 -9999 -9999 -9999 -9999 -9999 -9999 -9999 -9999 -9999 -9999 -9999 -9999 -9999 -9999 -9999 -9999 -9999 -9999 -9999 -9999 -9999 -9999 -9999 -9999 -9999 -9999 -9999 -9999 -9999 -9999 -9999
-9999 -9999 -9999 -9999 -9999 -9999 -9999 -9999 -9999 -9999 -9999 -9999 -9999 -9999 -9999 -9999 -9999 -9999 -9999 -9999 -9999 -9999 -9999 -9999 -9999 -9999 -9999 -9999 -9999 -9999 -9999 -9999 -9999 -9999 -9999 -9999 -9999 -9999 -9999 -9999 -9999 -9999 -9999 -9999 -9999 -9999 -9999 -9999 -9999 -9999 -9999 -9999 -9999 -9999 -9999 -9999 -9999 -9999 -9999 -9999 -9999 -9999 -9999 -9999 -9999 -9999 -9999 -9999 -9999 -9999 -9999 -9999 -9999
-9999 -9999 -9999 -9999 -9999 -9999 -9999 -9999 -9999 -9999 -9999 -9999 -9999 -9999 -9999 -9999 -9999 -9999 -9999 -9999 -9999 -9999 -9999 -9999 -9999 -9999 -9999 -9999 -9999 -9999 -9999 -9999 -9999 -9999 -9999 -9999 -9999 -9999 -9999 -9999 -9999 -9999 -9999 -9999 -9999 -9999 -9999 -9999 -9999 -9999 -9999 -9999 -9999 -9999 -9999 -9999 -9999 -9999 -9999 -9999 -9999 -9999 -9999 -9999 -9999 -9999 -9999 -9999 -9999 -9999 -9999 -9999 -9999
-9999 -9999 -9999 -9999 -9999 -9999 -9999 -9999 -9999 -9999 -9999 -9999 -9999 -9999 -9999 -9999 -9999 -9999 -9999 -9999 -9999 -9999 -9999 -9999 -9999 -9999 -9999 -9999 -9999 -9999 -9999 -9999 -9999 -9999 -9999 -9999 -9999 -9999 -9999 -9999 -9999 -9999 -9999 -9999 -9999 -9999 -9999 -9999 -9999 -9999 -9999 -9999 -9999 -9999 -9999 -9999 -9999 -9999 -9999 -9999 -9999 -9999 -9999 -9999 -9999 -9999 -9999 -9999 -9999 -9999 -9999 -9999 -9999
-9999 -9999 -9999 -9999 -9999 -9999 -9999 -9999 -9999 -9999 -9999 -9999 -9999 -9999 -9999 -9999 -9999 -9999 -9999 -9999 -9999 -9999 -9999 -9999 -9999 -9999 -9999 -9999 -9999 -9999 -9999 -9999 -9999 -9999 -9999 -9999 -9999 -9999 -9999 -9999 -9999 2.58969 -9999 -9999 -9999 -9999 -9999 -9999 -9999 -9999 -9999 -9999 -9999 -9999 -9999 -9999 -9999 -9999 -9999 -9999 -9999 -9999 -9999 -9999 -9999 -9999 -9999 -9999 -9999 -9999 -9999 -9999 -9999
2.23859 2.33861 2.54365 2.51289 2.70139 2.70822 2.77386 1.58831 1.55580 1.57183 1.77579 1.91928 1.99727 -9999 -9999 -9999 -9999 -9999 -9999 -9999 -9999 -9999 -9999 -9999 -9999 -9999 -9999 -9999 -9999 -9999 -9999 -9999 -9999 -9999 -9999 -9999 2.23336 2.21622 2.26297 2.10419 2.07643 2.15214 2.07243 -9999 -9999 -9999 1.98664 -9999 -9999 -9999 2.17216 2.00062 1.97588 -9999 -9999 -9999 -9999 -9999 -9999 -9999 -9999 -9999 -9999 -9999 -9999 -9999 -9999 -9999 -9999 -9999 -9999 -9999 -9999
3.92685 3.07043 2.61922 2.63793 2.82189 2.77431 2.67110 2.57441 1.77161 2.92355 2.62681 2.65772 2.99839 2.81499 2.85611 2.81218 2.68804 2.45343 2.62700 -9999 -9999 -9999 -9999 -9999 2.11863 2.09593 2.10635 2.01367 1.94333 1.87258 2.02060 2.03992 1.87317 1.93766 2.11878 2.12131 2.31213 2.27497 2.30658 2.36748 2.29643 2.24719 2.06475 1.95963 1.86138 1.85145 1.91582 1.82180 1.84615 1.89241 1.92440 1.91542 1.94694 1.99417 1.99940 2.08412 2.06732 2.16522 -9999 -9999 -9999 -9999 -9999 -9999 -9999 -9999 -9999 -9999 -9999 -9999 -9999 -9999 -9999
3.15174 3.06573 3.14232 3.13285 0.84464 2.72324 2.54285 2.44328 2.63036 2.81959 3.16306 3.24828 2.73820 2.71267 3.28084 2.94039 2.08397 2.29585 2.05513 1.93330 2.28486 2.06006 1.73430 1.72744 1.63844 1.62942 1.56616 1.43316 1.37340 1.40503 1.40616 1.34532 1.40239 1.46005 1.39549 1.37116 1.43356 1.42242 1.46594 1.46683 1.31340 1.29718 1.43525 1.41672 1.45538 1.47051 1.38622 1.39439 1.26234 1.22440 1.44850 1.47894 1.51335 1.52878 1.62096 1.59585 1.49046 1.44653 1.58662 1.70569 1.69687 1.69824 1.60390 1.50436 1.29916 1.25801 -9999 -9999 -9999 -9999 -9999 -9999 -9999
3.18000 3.45129 3.68110 3.84745 3.58252 3.58541 3.16190 3.28646 3.59398 3.57763 3.78209 3.91249 3.71855 3.53900 3.05372 2.32600 1.88862 1.81270 2.17266 1.97636 2.44695 2.11247 1.73503 1.63073 1.58967 1.81120 1.79046 1.71475 1.68572 1.61343 1.50864 1.41771 1.53076 1.53392 1.49916 1.46905 1.56275 1.60252 1.64477 1.65855 1.48354 1.44502 1.53354 1.53255 1.58649 1.57477 1.50869 1.47639 1.36427 1.35798 1.57464 1.62663 1.66599 1.65216 1.71117 1.73238 1.57919 1.53940 1.68744 1.73332 1.69153 1.61255 1.43251 1.36755 1.20105 1.20371 -9999 1.46771 -9999 -9999 -9999 -9999 -9999
3.30320 4.81636 4.63508 4.51874 4.97098 5.35682 5.04107 4.74084 2.92427 4.61436 3.87212 4.34107 4.00992 3.48846 2.34446 1.96039 1.60372 1.53741 2.09459 1.97657 2.07709 2.10425 1.76714 1.47767 0.85677 1.24466 1.38156 1.39642 1.33273 1.17700 1.11549 1.11208 1.26913 1.19255 1.28534 1.32483 1.30119 1.23629 1.22872 1.21387 0.98531 0.93217 0.89183 0.86444 0.83431 0.82189 0.95307 0.94879 1.00891 1.01700 1.17695 1.14750 1.15454 1.16598 1.21178 1.20888 1.11638 1.11066 1.08032 1.05578 1.14978 1.12543 1.13289 1.11503 0.99062 0.94299 1.00468 -9999 -9999 -9999 -9999 -9999 -9999
3.12351 3.57729 3.01609 3.33740 3.53630 4.29167 3.19273 3.17677 2.76322 3.01044 3.50882 3.32645 2.95950 2.70731 2.75072 2.36504 1.86862 1.68071 2.50521 2.25482 2.44750 2.30378 1.89262 1.63519 1.04658 1.25644 1.48289 1.29884 1.39778 1.50436 1.57026 1.52734 1.51894 1.46327 1.48922 1.50386 1.44749 1.36823 1.36956 1.37341 1.15588 1.06486 1.01461 0.97514 0.98689 0.94452 1.09854 1.05351 1.13508 1.14294 1.29966 1.27763 1.27769 1.29846 1.34353 1.35787 1.26386 1.24573 1.17855 1.16989 1.30001 1.28290 1.28464 1.23304 1.08477 1.09162 1.11458 1.09879 -9999 -9999 -9999 -9999 -9999
3.77055 3.41294 3.55226 3.43115 3.17806 2.92429 2.60587 2.89148 2.45568 2.72226 2.79563 2.87498 3.28087 3.13174 4.43600 3.74240 2.21737 2.40012 2.72988 2.35417 2.38437 2.22512 1.59001 1.37968 0.97041 1.35029 1.35862 1.26011 1.14399 1.24927 1.28744 1.28300 1.38270 1.41726 1.41719 1.43859 1.38039 1.27044 1.22633 1.25637 1.17022 1.00564 0.95243 0.86195 0.83928 0.71687 0.69668 0.69280 0.99265 1.04678 0.98366 0.97366 0.99764 1.01767 1.21238 1.22473 1.15715 1.12180 0.96735 0.92797 1.00152 0.95985 0.91415 0.89101 0.74066 0.73296 0.86811 0.87233 1.04677 1.02460 1.17744 1.15255 -9999
3.67868 3.32168 3.26817 3.13973 2.91057 2.77602 2.51220 2.40658 2.64667 3.05557 3.16073 3.15814 3.41888 3.00293 4.87967 4.32616 3.47110 2.98693 2.94479 2.32454 2.42877 2.45705 1.89933 1.73906 1.09483 1.23628 1.20936 1.40630 1.53178 1.45825 1.26856 1.09052 1.42012 1.45394 1.59441 1.55013 1.55990 1.59527 1.48208 1.42121 1.32562 1.23899 1.17436 1.12081 0.86501 0.83954 0.83358 0.92886 1.30181 1.29180 1.32067 1.22445 1.21524 1.18678 1.17775 1.38384 1.29349 1.26124 1.07839 1.10582 1.22242 1.15230 1.04641 0.99675 0.85041 0.82077 0.95158 0.94365 1.15794 1.13354 1.25570 1.25369 1.32383
3.70131 3.35576 3.29449 3.13449 6.88073 5.46692 3.24458 2.74901 3.23428 3.77718 4.19930 4.58632 4.15079 3.47513 5.17169 4.67223 3.96757 3.61352 3.67204 2.49879 2.07677 2.05264 1.77007 1.81277 1.90611 1.97052 1.86367 1.57485 1.74140 1.58642 1.60609 1.62897 1.54718 1.50733 1.47446 1.64256 1.76045 1.92726 1.79321 1.75027 1.51319 1.33407 1.17934 1.17030 0.98296 0.93537 1.19079 1.21705 1.32518 1.29695 1.41774 1.36983 1.46922 1.66794 1.71114 1.35032 1.46400 1.36729 1.23393 1.21270 1.16017 1.09631 0.94676 0.90232 0.93330 0.91989 0.88515 0.87415 1.02193 1.03201 1.15798 1.12398 1.14498
4.57655 4.52382 4.03506 5.59341 7.22749 7.39690 2.45961 9.68796 8.82895 8.33074 3.90079 3.72402 4.22964 3.62952 4.95952 4.90855 4.13865 3.93421 3.84616 3.65671 2.56007 2.34039 1.62964 1.45951 1.38146 1.49360 1.45039 1.37802 1.31759 1.24636 1.43923 1.39206 1.28676 1.25203 1.18843 1.22643 1.45527 1.55013 1.57328 1.55585 1.58414 1.66754 1.51288 1.43477 1.31334 1.37105 1.40376 1.27663 1.43666 1.32632 1.43492 1.15588 1.83740 1.71127 1.60470 1.75566 1.60508 1.60769 1.47252 1.49609 1.41776 1.31210 1.09690 1.01316 1.01713 1.01839 1.00965 0.99698 1.13888 1.14271 1.28387 1.26612 1.26312
4.75810 4.72918 4.82590 4.33951 6.12352 7.26797 1.84151 1.54541 1.13090 1.37143 0.71365 0.89371 6.82992 4.18394 3.83166 5.34090 4.86385 4.76036 4.01254 3.75436 4.02045 3.39512 2.55009 2.19152 2.36390 2.10553 1.71075 1.56647 2.23748 1.99325 1.75577 1.73473 1.44356 1.43811 1.44211 1.46160 1.46337 1.44521 1.40383 1.40335 1.38850 1.43918 1.55558 1.82126 1.58649 1.65613 1.64579 1.25140 1.26294 1.18824 1.45176 1.67490 1.80792 1.81602 1.71452 1.60072 1.42461 1.30333 1.35437 1.42872 1.45569 1.28254 1.27565 1.11665 0.85868 0.77276 0.73535 0.74206 0.85447 0.84528 1.10889 1.08268 0.90417
4.41835 4.66010 5.19008 5.32563 5.06841 4.84229 6.44709 7.32034 7.56099 7.87095 7.51887 1.00350 6.88316 5.77625 5.28793 3.88391 5.79026 4.35755 4.39072 4.60902 4.66241 4.37203 2.87850 2.36178 2.27396 2.11305 2.14187 2.09927 2.88747 2.43196 2.09530 1.86258 1.69328 1.60050 1.64296 1.74389 1.60734 1.53058 1.61318 1.54017 1.48825 1.55998 1.33105 1.59492 1.52364 1.68325 1.75190 1.61278 1.44141 1.58643 1.69891 1.64482 1.74831 1.88551 1.80057 1.80529 1.57852 1.38805 1.18525 1.26727 1.54183 1.56028 1.47429 1.43605 1.10446 1.08966 0.89658 0.86762 0.98110 0.96730 1.25215 1.22873 1.02714
3.79821 3.68312 4.23600 4.56645 5.77111 5.25552 5.91831 7.28155 7.84148 8.26608 8.43044 7.77269 6.62946 7.57990 5.24407 5.94960 5.16297 4.82246 4.63683 4.51560 3.99593 3.67758 3.37267 3.65073 3.37024 2.78590 3.29602 3.36924 3.57857 3.39280 2.99625 2.75016 2.50173 2.38372 2.56419 2.60715 2.65998 2.54259 2.35773 2.37795 2.30670 2.23206 2.06155 2.19663 1.85811 2.17047 1.99769 2.10496 1.86448 1.66953 1.76265 1.74722 1.50404 1.57833 1.62135 1.69631 1.61247 1.48244 1.34191 1.29337 1.53649 1.55301 1.56116 1.52366 1.14236 1.16279 1.20662 1.08784 1.06181 1.03734 0.94327 0.89724 1.14697
4.42482 4.22608 4.72107 4.68644 5.63655 5.16732 4.98323 5.17680 5.23948 5.91323 7.58988 7.87697 6.98957 6.07929 5.27787 5.23236 4.78182 4.86878 4.66216 4.76507 4.45109 4.42186 4.19463 4.21305 3.48106 3.82627 4.45053 4.45669 4.08690 3.57038 3.55323 3.36849 3.16628 2.87111 2.95249 2.76858 2.86669 2.90164 2.69921 2.56147 2.35818 2.37730 2.27329 2.32892 1.74543 1.86833 2.09785 2.24641 2.11137 1.89495 1.72215 1.84401 1.80153 1.67115 1.74530 1.83956 1.77383 1.56937 1.37419 1.33627 1.65101 1.68796 1.70745 1.69397 1.39819 1.28573 1.31635 1.42556 1.36305 1.26802 1.16257 1.11316 1.31837
5.99436 6.26864 6.63720 6.71249 7.54289 7.52259 8.00924 7.79038 8.75621 8.69390 8.46410 10.16530 7.57307 7.16480 6.11356 5.60593 5.03395 5.35574 5.98500 6.34615 5.14289 5.15628 4.93427 4.92678 4.51498 4.72710 4.98067 5.48004 5.75763 4.66639 4.06602 3.71743 3.72034 3.75492 3.64372 3.38765 3.52425 3.52526 3.22471 3.19612 2.99774 2.89781 2.64234 2.51989 2.11094 2.15962 2.14191 2.63046 2.22437 2.37240 2.05851 2.01276 1.90804 1.77898 1.73437 1.62885 1.62143 1.58732 1.56310 1.54102 1.58882 1.61679 1.44854 1.47045 1.63703 1.55645 1.35854 1.59754 1.26636 1.30284 1.23231 1.18924 1.28917
6.07919 5.90470 6.87883 7.25477 8.62122 8.57949 8.00504 6.36657 7.06579 7.89028 6.94254 8.23880 6.50634 6.40555 6.41787 6.30069 5.85812 5.86798 5.62175 5.76613 5.32215 5.75308 5.41951 5.38694 5.10286 5.40019 5.52076 5.84973 6.10401 4.73722 4.52218 4.16347 4.14894 4.31638 4.19827 3.92000 4.05424 3.61230 3.66936 3.32354 3.31894 3.23793 2.78093 2.72748 2.27407 2.36916 2.04954 2.67681 2.35780 2.70067 2.33679 2.29522 2.14312 2.12396 2.01213 1.83320 1.70484 1.67842 1.73585 1.87557 2.01239 1.85994 1.77911 1.63650 1.67834 1.65449 1.60203 1.51857 1.70680 1.71520 1.62292 1.52407 1.77271
8.65067 7.74374 8.41001 9.83666 11.54760 10.65500 10.90210 11.06710 9.43626 8.52754 8.11521 8.89257 6.61475 6.94801 6.06934 6.12189 6.12975 6.25805 5.11558 5.22223 5.71368 6.38783 5.63128 5.87047 5.80692 6.33959 6.99861 6.83301 6.49915 5.59673 4.95776 5.00401 4.96675 5.01810 4.88804 4.64575 5.10026 4.63614 4.48878 4.48030 4.21565 4.32085 4.07030 4.27807 3.70232 3.60185 3.04736 3.34894 2.73301 2.96626 2.66882 2.59853 2.71138 2.67585 2.56350 2.47950 2.23641 2.22654 2.32222 2.33725 2.29049 2.15967 2.05805 2.10218 1.93310 1.70580 1.77970 1.20113 1.52922 1.57044 1.63408 1.69500 1.64153
-9999 7.59567 9.31767 9.31679 10.23050 11.11180 11.06950 11.21560 11.99140 11.83750 11.51740 9.96312 5.19488 4.78663 3.84513 3.67958 4.88747 5.79823 5.37687 5.39012 6.14124 5.98769 6.16605 5.95963 4.83703 5.65102 6.36813 6.01208 6.23760 5.80052 5.64062 5.14516 4.70661 4.60648 4.98309 4.77942 5.53679 5.70895 5.00198 5.02264 4.96230 5.03701 4.81711 4.75861 4.43637 4.21967 3.46623 3.59827 3.11264 3.46150 3.12249 3.04116 2.87627 2.80510 2.86632 2.93780 2.60945 2.65964 2.72947 2.66929 2.57159 2.59148 2.34188 2.19542 2.28527 1.50710 1.35831 1.41328 2.35349 2.11836 2.06750 1.96578 1.84565
