data/hydroclimate-scenarios/BCSD_hadcm_B1/monthly_summaries/et_monthly_tot_oct.2070-2099.asc
ncols	311
nrows	91
xllcenter	102.75
yllcenter	31.75
cellsize	0.5
NODATA_value	-9999
[rows 0 to 31 of 91, columns 0 to 71 of 311]
-9999 -9999 -9999 -9999 -9999 -9999 -9999 -9999 -9999 -9999 -9999 -9999 -9999 -9999 -9999 -9999 -9999 -9999 -9999 -9999 -9999 -9999 -9999 -9999 -9999 -9999 -9999 -9999 -9999 -9999 -9999 -9999 -9999 -9999 -9999 -9999 -9999 -9999 -9999 -9999 -9999 -9999 -9999 -9999 -9999 -9999 -9999 -9999 -9999 -9999 -9999 -9999 -9999 -9999 -9999 -9999 -9999 -9999 -9999 -9999 -9999 -9999 -9999 -9999 -9999 -9999 -9999 -9999 -9999 -9999 -9999 -9999
-9999 -9999 -9999 -9999 -9999 -9999 -9999 -9999 -9999 -9999 -9999 -9999 -9999 -9999 -9999 -9999 -9999 -9999 -9999 -9999 -9999 -9999 -9999 -9999 -9999 -9999 -9999 -9999 -9999 -9999 -9999 -9999 -9999 -9999 -9999 -9999 -9999 -9999 -9999 -9999 -9999 -9999 -9999 -9999 -9999 -9999 -9999 -9999 -9999 -9999 -9999 -9999 -9999 -9999 -9999 -9999 -9999 -9999 -9999 -9999 -9999 -9999 -9999 -9999 -9999 -9999 -9999 -9999 -9999 -9999 -9999 -9999
-9999 -9999 -9999 -9999 -9999 -9999 -9999 -9999 -9999 -9999 -9999 -9999 -9999 -9999 -9999 -9999 -9999 -9999 -9999 -9999 -9999 -9999 -9999 -9999 -9999 -9999 -9999 -9999 -9999 -9999 -9999 -9999 -9999 -9999 -9999 -9999 -9999 -9999 -9999 -9999 -9999 -9999 -9999 -9999 -9999 -9999 -9999 -9999 -9999 -9999 -9999 -9999 -9999 -9999 -9999 -9999 -9999 -9999 -9999 -9999 -9999 -9999 -9999 -9999 -9999 -9999 -9999 -9999 -9999 -9999 -9999 -9999
-9999 -9999 -9999 -9999 -9999 -9999 -9999 -9999 -9999 -9999 -9999 -9999 -9999 -9999 -9999 -9999 -9999 -9999 -9999 -9999 -9999 -9999 -9999 -9999 -9999 -9999 -9999 -9999 -9999 -9999 -9999 -9999 -9999 -9999 -9999 -9999 -9999 -9999 -9999 -9999 -9999 -9999 -9999 -9999 -9999 -9999 -9999 -9999 -9999 -9999 -9999 -9999 -9999 -9999 -9999 -9999 -9999 -9999 -9999 -9999 -9999 -9999 -9999 -9999 -9999 -9999 -9999 -9999 -9999 -9999 -9999 -9999
-9999 -9999 -9999 -9999 -9999 -9999 -9999 -9999 -9999 -9999 -9999 -9999 -9999 -9999 -9999 -9999 -9999 -9999 -9999 -9999 -9999 -9999 -9999 -9999 -9999 -9999 -9999 -9999 -9999 -9999 -9999 -9999 -9999 -9999 -9999 -9999 -9999 -9999 -9999 -9999 -9999 -9999 -9999 -9999 -9999 -9999 -9999 -9999 -9999 -9999 -9999 -9999 -9999 -9999 -9999 -9999 -9999 -9999 -9999 -9999 -9999 -9999 -9999 -9999 -9999 -9999 -9999 -9999 -9999 -9999 -9999 -9999
-9999 -9999 -9999 -9999 -9999 -9999 -9999 -9999 -9999 -9999 -9999 -9999 -9999 -9999 -9999 -9999 -9999 -9999 -9999 -9999 -9999 -9999 -9999 -9999 -9999 -9999 -9999 -9999 -9999 -9999 -9999 -9999 -9999 -9999 -9999 -9999 -9999 -9999 -9999 -9999 -9999 -9999 -9999 -9999 -9999 -9999 -9999 -9999 -9999 -9999 -9999 -9999 -9999 -9999 -9999 -9999 -9999 -9999 -9999 -9999 -9999 -9999 -9999 -9999 -9999 -9999 -9999 -9999 -9999 -9999 -9999 -9999
-9999 -9999 -9999 -9999 -9999 -9999 -9999 -9999 -9999 -9999 -9999 -9999 -9999 -9999 -9999 -9999 -9999 -9999 -9999 -9999 -9999 -9999 -9999 -9999 -9999 -9999 -9999 -9999 -9999 -9999 -9999 -9999 -9999 -9999 -9999 -9999 -9999 -9999 -9999 -9999 -9999 -9999 -9999 -9999 -9999 -9999 -9999 -9999 -9999 -9999 -9999 -9999 -9999 -9999 -9999 -9999 -9999 -9999 -9999 -9999 -9999 -9999 -9999 -9999 -9999 -9999 -9999 -9999 -9999 -9999 -9999 -9999
-9999 -9999 -9999 -9999 -9999 -9999 -9999 -9999 -9999 -9999 -9999 -9999 -9999 -9999 -9999 -9999 -9999 -9999 -9999 -9999 -9999 -9999 -9999 -9999 -9999 -9999 -9999 -9999 -9999 -9999 -9999 -9999 -9999 -9999 -9999 -9999 -9999 -9999 -9999 -9999 -9999 -9999 0.93486 0.95809 0.97672 1.20756 1.23528 1.60274 1.69862 1.74614 1.84317 1.95736 -9999 -9999 -9999 -9999 -9999 -9999 -9999 -9999 -9999 -9999 -9999 -9999 -9999 -9999 -9999 -9999 -9999 -9999 -9999 -9999
-9999 -9999 -9999 -9999 -9999 -9999 -9999 -9999 -9999 -9999 -9999 -9999 -9999 -9999 -9999 -9999 -9999 -9999 -9999 -9999 -9999 -9999 -9999 -9999 -9999 -9999 -9999 -9999 -9999 -9999 -9999 -9999 -9999 -9999 -9999 -9999 -9999 -9999 0.51345 0.13045 0.16944 0.24321 0.19416 0.33596 0.35838 0.56317 0.62706 0.94308 0.91043 1.48682 1.53984 1.82087 1.84042 2.90792 -9999 -9999 -9999 -9999 -9999 -9999 -9999 -9999 -9999 -9999 -9999 -9999 -9999 -9999 -9999 -9999 -9999 -9999
-9999 -9999 -9999 -9999 -9999 -9999 -9999 -9999 -9999 -9999 -9999 -9999 -9999 -9999 -9999 -9999 -9999 -9999 -9999 -9999 -9999 -9999 -9999 -9999 -9999 -9999 -9999 -9999 -9999 -9999 -9999 -9999 -9999 -9999 -9999 -9999 -9999 -9999 -9999 -9999 0.26471 0.29154 0.25968 0.36111 0.36344 0.49288 0.60433 0.98973 0.99567 1.51218 1.57541 1.97549 2.04322 3.12117 -9999 -9999 -9999 -9999 -9999 -9999 -9999 -9999 -9999 -9999 -9999 -9999 -9999 -9999 -9999 -9999 -9999 -9999
-9999 -9999 -9999 -9999 -9999 -9999 -9999 -9999 -9999 -9999 -9999 -9999 -9999 -9999 -9999 -9999 -9999 -9999 -9999 -9999 -9999 -9999 -9999 -9999 -9999 -9999 -9999 -9999 -9999 -9999 -9999 -9999 -9999 -9999 -9999 -9999 -9999 -9999 -9999 -9999 -9999 -9999 -9999 -9999 -0.40016 -0.45806 -0.38632 -0.16634 -0.13012 0.34301 0.46314 1.09279 1.25477 2.19607 -9999 -9999 -9999 -9999 -9999 -9999 2.22142 -9999 -9999 -9999 -9999 -9999 -9999 -9999 -9999 -9999 -9999 -9999
-9999 -9999 -9999 -9999 -9999 -9999 -9999 -9999 -9999 -9999 -9999 -9999 -9999 -9999 -9999 -9999 -9999 -9999 -9999 -9999 -9999 -9999 -9999 -9999 -9999 -9999 -9999 -9999 -9999 -9999 -9999 -9999 -9999 -9999 -9999 -9999 -9999 -9999 -9999 -9999 -9999 -0.67227 -0.68789 -0.46130 -0.35625 -0.41153 -0.34620 -0.11759 -0.07563 0.38259 0.36048 1.11916 1.21950 1.80564 -9999 -9999 -9999 -9999 -9999 2.39183 2.38125 1.82411 1.95528 1.70157 1.76815 1.42407 1.47535 1.39525 1.41927 1.41514 1.42733 1.33297
-9999 -9999 -9999 -9999 -9999 -9999 -9999 -9999 -9999 -9999 -9999 -9999 -9999 -9999 -9999 -9999 -9999 -9999 -9999 -9999 -9999 -9999 -9999 -9999 -9999 -9999 -9999 -9999 -9999 -9999 -9999 -9999 -9999 -9999 -9999 -9999 -9999 -9999 -9999 -9999 -9999 -0.99664 -0.99926 -0.77278 -0.74185 -0.67425 -0.66585 -0.55699 -0.52809 -0.13874 -0.10299 0.31349 0.34617 1.05366 1.21547 1.63660 1.82915 -9999 1.93855 1.20820 1.22762 0.71782 0.72808 0.77220 0.85820 0.61689 0.64720 0.55777 0.55541 0.20207 0.18908 0.42692
-9999 -9999 -9999 -9999 -9999 -9999 -9999 -9999 -9999 -9999 -9999 -9999 -9999 -9999 -9999 -9999 -9999 -9999 -9999 -9999 -9999 -9999 -9999 -9999 -9999 -9999 -9999 -9999 -9999 -9999 -9999 -9999 -9999 -9999 -9999 -1.06429 -1.07274 -1.04912 -1.04476 -0.89354 -0.90400 -0.95936 -0.95083 -0.72599 -0.71586 -0.63409 -0.60954 -0.44911 -0.45275 -0.08338 -0.04143 0.35776 0.28607 0.86281 1.02971 1.46774 1.86257 1.90448 2.11640 1.35435 1.42116 0.88563 0.86259 0.69098 0.84050 0.71488 0.67260 0.74538 0.73450 0.32800 0.25067 0.53116
-9999 -9999 -9999 -9999 -9999 -9999 -9999 -9999 -9999 -9999 -9999 -9999 -9999 -9999 -9999 -9999 -9999 -9999 -9999 -9999 -9999 -9999 -9999 -9999 -9999 -9999 -9999 -9999 -9999 -9999 -9999 -9999 -9999 -9999 -1.17778 -1.02202 -1.02579 -1.03193 -1.05371 -1.05646 -1.11879 -0.88237 -0.88716 -0.83234 -0.79383 -0.72071 -0.69851 -0.77088 -0.73505 -0.49675 -0.47706 0.01291 0.01268 0.21734 0.30324 0.26962 0.37314 0.23275 0.35920 0.53522 0.58830 0.08926 0.17283 0.04652 0.07118 0.30525 0.26932 0.07066 -0.02497 0.13440 0.07221 -0.06935
-9999 -9999 -9999 -9999 -9999 -9999 -9999 -9999 -9999 -9999 -9999 -9999 -9999 -9999 -9999 -9999 -9999 -9999 -9999 -9999 -9999 -9999 -9999 -9999 -9999 -9999 -9999 -9999 -9999 -9999 -9999 -9999 -9999 -1.11978 -1.13522 -1.01848 -1.00852 -0.99100 -1.00525 -0.96882 -0.97309 -0.84249 -0.79128 -0.74647 -0.78861 -0.69304 -0.65485 -0.71243 -0.60900 -0.40650 -0.34602 0.03047 0.78226 0.29896 0.48453 0.41962 0.48815 0.33693 0.48322 0.63271 0.65758 0.26955 0.34056 0.27905 0.32338 0.36138 0.32132 0.17968 0.16983 0.30466 0.20292 0.05887
-9999 -9999 -9999 -9999 -9999 -9999 -9999 -9999 -9999 -9999 -9999 -9999 -9999 -9999 -9999 -9999 -9999 -9999 -9999 -9999 -9999 -9999 -9999 -9999 -9999 -9999 -9999 -9999 -9999 -9999 -9999 -1.01550 -1.04441 -0.80742 -0.80864 -0.73113 -0.72952 -0.68393 -0.69101 -0.64936 -0.66647 -0.56542 -0.50393 -0.47947 -0.52624 -0.37533 -0.50701 -0.68846 -0.65676 -0.46443 -0.36585 -0.24227 0.57536 0.03596 0.08922 0.17663 0.06411 -0.02844 0.14625 0.19314 0.30681 -0.04319 -0.04084 0.26826 0.17540 -0.04693 -0.04387 0.11641 0.09328 -0.03685 -0.06253 -0.01000
-9999 -9999 -9999 -9999 -9999 -9999 -9999 -9999 -9999 -9999 -9999 -9999 -9999 -9999 -9999 -9999 -9999 -9999 -9999 -9999 -9999 -9999 -9999 -9999 -9999 -9999 -9999 -9999 -9999 -0.53459 -0.61701 -0.92817 -0.91852 -0.72100 -0.73897 -0.58312 -0.57926 -0.47540 -0.51080 -0.49422 -0.57314 -0.41914 -0.42051 -0.48810 -0.47740 -0.33110 -0.47454 -0.64581 -0.53136 -0.39812 -0.29598 -0.13777 0.62975 0.08247 0.18976 0.17748 0.13305 0.22102 0.19120 0.40025 0.44691 0.05741 0.07515 0.24697 0.32436 0.11424 0.07708 0.14742 0.15201 0.05690 0.01862 0.09065
-9999 -9999 -9999 -9999 -9999 -9999 -9999 -9999 -9999 -9999 -9999 -9999 -9999 -9999 -9999 -9999 -9999 -9999 -9999 -9999 -9999 -9999 -9999 -9999 -0.03311 0.22666 0.31048 -0.09119 -0.12036 -0.34671 -0.34324 0.17983 0.20085 0.50329 0.44009 0.34420 0.27917 0.29965 0.33835 -0.04192 -0.00251 -0.19881 -0.24955 0.84819 0.62313 0.25948 0.20835 -0.24447 -0.30065 -0.32824 -0.31977 -0.32790 -0.27013 -0.04046 -0.00354 -0.12163 -0.01965 0.16963 0.19505 0.48946 0.59270 0.51242 0.61313 0.54735 0.55961 0.45923 0.45680 0.47740 0.34382 0.30889 0.12610 0.25685
-9999 -9999 -9999 -9999 -9999 -9999 0.13740 0.14660 0.45393 0.66167 0.51009 -9999 -9999 -9999 -9999 -9999 -9999 -9999 -9999 -9999 -9999 0.56175 0.20806 -0.03966 0.02040 -0.06610 0.24325 -0.16951 -0.12644 -0.08978 -0.06981 0.48808 0.30398 0.78459 0.62967 0.45141 0.41920 0.50178 0.45441 0.04455 0.13634 0.13722 0.05362 1.01279 0.76903 0.36646 0.43509 -0.15080 -0.17523 -0.24207 -0.24054 -0.29315 -0.20557 0.07379 0.09945 -0.01924 0.05261 0.25903 0.45604 0.68110 0.69066 0.52004 0.55095 0.54232 0.52901 0.51821 0.58433 0.48098 0.38893 0.48039 0.36121 0.20095
-9999 -9999 -9999 -9999 -9999 0.40407 0.40774 0.16191 0.17008 0.12539 0.10401 0.35114 0.35965 0.24851 -9999 -9999 -9999 -0.03588 -0.15685 -0.13006 -0.21175 -0.02238 0.01067 -0.07880 -0.06911 0.27155 0.08790 0.22877 0.16896 0.10943 0.45068 0.82517 0.79399 0.89840 0.80070 0.68263 0.71811 0.40724 0.44759 0.28268 0.30584 0.28166 0.32546 1.12173 0.94722 0.72043 0.32127 0.08686 0.12928 -0.14775 -0.09687 -0.08056 -0.03624 -0.03893 0.06736 0.21642 0.29326 0.25839 0.39066 0.52515 0.59712 0.27589 0.19779 0.22154 0.16012 0.24902 0.24764 0.31439 0.34456 0.21735 0.16175 0.15857
-9999 0.41031 0.48131 0.33888 0.04688 0.60039 0.50007 0.25786 0.17376 0.15031 0.14035 0.40053 0.34435 0.31334 0.52456 -0.18084 -0.17636 0.11067 0.22933 0.07979 0.10796 0.39880 0.40380 0.43687 0.47641 0.48938 0.59584 0.72970 0.57551 0.62297 0.73582 1.09102 0.89625 1.10342 1.09767 1.03844 0.98956 0.79960 0.59017 0.41581 0.42960 0.49738 0.58698 1.31747 1.35405 0.90110 0.58892 0.25434 0.13225 -0.03063 -0.00370 -0.06593 -0.00997 0.00703 0.06232 0.24009 0.36620 0.35958 0.40492 0.54537 0.63085 0.22219 0.20672 0.27232 0.24742 0.23809 0.22427 0.26310 0.38351 0.21872 0.21869 0.30060
-9999 0.19358 0.35637 0.42004 0.53924 0.60008 0.15106 0.60387 0.46234 0.66896 0.86225 0.49647 0.32110 0.19075 0.23645 0.27401 0.75451 0.36279 0.49343 0.78484 0.59801 0.61908 0.68505 1.06060 1.07386 0.66726 0.56542 0.52752 0.58837 0.81507 0.79828 1.17335 1.23801 0.73358 0.60159 0.33805 0.25267 0.44431 0.25502 0.07908 0.29277 0.89517 1.13245 0.98807 0.82288 0.90470 0.91788 0.49411 0.22664 -0.13919 -0.11579 0.01159 0.06173 -0.04216 0.00434 0.04466 0.26757 0.05999 0.16444 0.39786 0.36960 0.32714 0.38341 0.11378 0.06703 0.03821 0.00268 0.54049 0.53244 0.40527 0.31337 0.15843
-9999 -9999 -9999 0.30130 0.53297 0.83349 0.65982 0.99521 0.83878 1.44780 1.30384 1.58086 1.29425 0.89420 0.51571 0.93987 1.41201 1.38302 1.23802 1.20952 1.39509 1.06328 1.08471 1.29970 1.43041 1.21313 1.34136 0.94089 1.17323 1.40066 1.39457 1.65978 1.65188 1.40008 1.24059 0.81470 0.65726 0.86953 0.76754 0.87559 0.56666 0.89765 1.29421 1.39244 1.24683 1.26060 1.17502 0.89816 0.72303 0.09027 0.01397 0.04622 0.11865 0.05957 0.04370 0.11338 0.29567 0.07243 0.11352 0.42079 0.47956 0.34204 0.37090 0.13310 0.10368 0.05607 0.09358 0.54855 0.50887 0.38601 0.38365 0.20023
-9999 -9999 -9999 -9999 -9999 -9999 1.04865 1.25974 1.14310 1.95913 1.98115 1.92759 1.82728 1.74509 1.40950 1.65576 1.51324 1.91230 2.08392 1.64106 2.01408 2.08923 2.28177 1.61808 1.63989 1.80561 1.93656 2.18684 2.19678 2.14870 2.16793 1.75086 1.84788 0.86940 1.22155 1.04606 0.97053 0.96697 0.90832 1.15773 0.62583 0.55886 0.66256 1.13908 1.32370 1.31833 1.17816 0.53585 0.37735 0.01803 0.02766 0.03971 0.05155 0.22192 0.19185 -0.15771 -0.04756 0.08088 0.09711 0.20679 0.24919 0.18645 0.17671 0.06631 0.02809 0.09048 0.05338 0.32489 0.20637 0.32395 0.29355 0.15708
-9999 -9999 -9999 -9999 -9999 -9999 1.47169 1.64639 1.49947 2.15036 2.15644 2.02613 2.14791 2.10732 2.10307 2.10148 1.99797 2.30903 2.17598 2.04233 2.06488 2.11203 2.32508 2.01215 2.04164 2.63108 3.03239 2.85338 3.04156 2.71676 2.47541 2.23364 2.24914 1.67384 1.48389 1.29221 1.13037 1.16337 0.81410 0.96592 1.58675 1.12728 0.86648 1.47559 1.42940 1.66910 1.88275 1.63615 1.26933 0.83873 0.32610 0.58005 0.51809 0.34402 0.40619 0.19824 0.12561 0.23334 0.28833 0.24267 0.26913 0.20884 0.20343 0.11583 0.10977 0.11075 0.06911 0.34949 0.33961 0.29320 0.27725 0.19539
-9999 -9999 -9999 -9999 -9999 -9999 -9999 -9999 -9999 -9999 2.19496 2.21117 2.13012 2.24316 1.64681 1.85963 2.02351 1.81398 2.04155 2.27627 2.15440 1.48523 1.98844 1.92521 2.13170 2.13500 2.51741 3.57575 3.66392 3.07550 3.06630 2.42793 2.31556 1.72675 1.65943 2.20902 1.92444 2.19910 2.00421 1.57294 1.55600 1.71087 1.72497 1.79320 1.68354 1.08695 1.22267 1.51649 1.53590 1.57139 1.47917 1.44921 1.11734 1.21831 1.14196 0.72408 0.60330 0.36919 0.44103 0.42691 0.38537 0.20622 0.23806 0.11890 0.09644 0.10595 0.10406 0.25097 0.10876 0.16606 0.11373 0.10177
-9999 -9999 -9999 -9999 -9999 -9999 -9999 -9999 -9999 -9999 2.81813 2.62121 2.52279 2.19630 2.49108 2.58333 2.61391 2.52869 2.30944 2.59018 2.72621 2.31141 2.37286 2.38070 2.49161 2.95855 3.18421 3.95640 4.10191 3.93036 3.69017 2.95064 2.91204 2.06354 1.96169 2.47056 2.20951 2.10929 1.78787 1.83477 1.74403 1.89004 1.53174 1.80141 1.73827 1.35476 1.49473 1.98699 2.00978 1.97621 1.98790 1.69428 1.78866 1.59487 1.66815 1.00804 1.08249 1.03350 1.03160 0.73632 0.68784 0.61802 0.63918 0.68015 0.62449 0.76294 0.69042 1.05158 0.95768 0.22868 0.19285 0.05678
-9999 -9999 -9999 -9999 -9999 -9999 -9999 -9999 -9999 -9999 -9999 -9999 2.89456 1.75392 1.78518 2.02090 2.83620 3.43288 3.01242 3.09289 2.95801 3.09885 3.31704 3.21439 3.41463 3.46125 3.49551 4.43128 4.42535 4.34957 4.41972 3.04316 2.99638 2.63637 2.58070 2.83104 2.66789 2.58470 2.37303 2.31984 2.35137 1.99178 1.95175 2.58675 2.56749 1.90246 2.06135 1.81409 1.87822 2.29827 1.85742 2.04697 1.93765 1.80245 1.64499 1.53385 1.42686 1.28744 0.92881 0.86009 0.82999 1.19977 1.04968 0.66998 0.73510 1.08134 1.07363 0.77418 0.50993 0.22553 -0.00337 0.04881
-9999 -9999 -9999 -9999 -9999 -9999 -9999 -9999 -9999 -9999 -9999 -9999 3.24414 2.56953 2.32655 3.18913 3.26659 3.68952 3.22691 2.86926 3.34743 3.09057 3.45929 3.57617 3.30800 3.66324 3.89043 5.07707 4.81870 4.70508 4.75922 3.90544 3.53650 3.02472 2.61298 2.96911 2.72216 2.61021 2.58640 2.59999 2.77348 2.35004 2.40133 2.97312 2.88001 2.41435 2.30038 2.32841 2.19024 2.22837 2.20641 2.28293 2.15538 1.97767 1.87573 1.66615 1.69166 1.52675 1.34843 0.96414 0.74691 1.15013 1.32412 0.94375 1.06600 1.34592 1.42972 0.97124 0.61091 0.29897 0.13653 0.31927
-9999 -9999 -9999 -9999 -9999 -9999 -9999 -9999 -9999 -9999 -9999 4.17842 3.18224 3.78389 3.85825 3.11591 2.65352 2.56651 2.43587 2.60248 3.68540 3.06390 3.26736 3.38011 3.46576 3.08448 3.76129 4.48333 4.81567 5.12985 5.02528 4.47321 4.41016 4.13012 3.85303 3.54621 3.29631 3.21617 2.83338 2.35232 2.42442 1.85835 1.87183 2.66089 2.61553 2.79061 2.73212 2.30525 2.43010 2.23479 2.28104 2.37887 2.24753 1.70986 1.52226 1.90178 1.88336 1.62743 1.49904 1.37950 1.67671 1.60383 1.49399 1.71539 1.70371 1.84016 1.76269 0.81867 0.22657 0.07819 0.04799 0.06914
-9999 -9999 -9999 -9999 -9999 -9999 -9999 -9999 -9999 -9999 -9999 4.46919 4.41424 4.21111 4.31244 3.75639 3.28188 2.76725 2.89416 3.13985 3.54583 3.32422 3.62199 4.06073 4.16746 4.18081 4.43655 4.59995 4.94917 4.83816 4.64879 4.57381 4.36920 4.00032 4.11591 3.65821 3.85529 3.29168 2.97593 2.83677 2.75712 2.33093 1.72375 2.28621 2.49310 2.48986 2.68071 1.98421 2.42304 2.23128 2.54784 2.95188 2.83639 2.23826 2.16678 2.45115 2.19364 2.17498 2.19389 1.97329 1.78027 1.95137 1.94669 1.74960 1.77231 1.97564 1.63612 1.07192 0.20201 0.12451 0.14257 0.22883
