data/hydroclimate-scenarios/BCSD_hadcm_B1/monthly_summaries/et_monthly_tot_dec.2030-2059.asc
ncols	311
nrows	91
xllcenter	102.75
yllcenter	31.75
cellsize	0.5
NODATA_value	-9999
[rows 0 to 31 of 91, columns 219 to 291 of 311]
-9999 -9999 -9999 -9999 -9999 -9999 -9999 -9999 -9999 -9999 -9999 -9999 -9999 -9999 -9999 -9999 -9999 -9999 -9999 -9999 -9999 -9999 -9999 -9999 -9999 -9999 -9999 -9999 -9999 -9999 -9999 -9999 -9999 -9999 -9999 -9999 -9999 -9999 -9999 -9999 -9999 -9999 -9999 -9999 -9999 -9999 -9999 -9999 -9999 -9999 -9999 -9999 -9999 -9999 -9999 -9999 -9999 -9999 -9999 -9999 -9999 -9999 -9999 -9999 -9999 -9999 -9999 -9999 -9999 -9999 -9999 -9999 -9999
-9999 -9999 -9999 -9999 -9999 -9999 -9999 -9999 -9999 -9999 -9999 -9999 -9999 -9999 -9999 -9999 -9999 -9999 -9999 -9999 -9999 -9999 -9999 -9999 -9999 -9999 -9999 -9999 -9999 -9999 -9999 -9999 -9999 -9999 -9999 -9999 -9999 -9999 -9999 -9999 -9999 -9999 -9999 -9999 -9999 -9999 -9999 -9999 -9999 -9999 -9999 -9999 -9999 -9999 -9999 -9999 -9999 -9999 -9999 -9999 -9999 -9999 -9999 -9999 -9999 -9999 -9999 -9999 -9999 -9999 -9999 -9999 -9999
-9999 -9999 -9999 -9999 -9999 -9999 -9999 -9999 -9999 -9999 -9999 -9999 -9999 -9999 -9999 -9999 -9999 -9999 -9999 -9999 -9999 -9999 -9999 -9999 -9999 -9999 -9999 -9999 -9999 -9999 -9999 -9999 -9999 -9999 -9999 -9999 -9999 -9999 -9999 -9999 -9999 -9999 -9999 -9999 -9999 -9999 -9999 -9999 -9999 -9999 -9999 -9999 -9999 -9999 -9999 -9999 -9999 -9999 -9999 -9999 -9999 -9999 -9999 -9999 -9999 -9999 -9999 -9999 -9999 -9999 -9999 -9999 -9999
-9999 -9999 -9999 -9999 -9999 -9999 -9999 -9999 -9999 -9999 -9999 -9999 -9999 -9999 -9999 -9999 -9999 -9999 -9999 -9999 -9999 -9999 -9999 -9999 -9999 -9999 -9999 -9999 -9999 -9999 -9999 -9999 -9999 -9999 -9999 -9999 -9999 -9999 -9999 -9999 -9999 -9999 -9999 -9999 -9999 -9999 -9999 -9999 -9999 -9999 -9999 -9999 -9999 -9999 -9999 -9999 -9999 -9999 -9999 -9999 -9999 -9999 -9999 -9999 -9999 -9999 -9999 -9999 -9999 -9999 -9999 -9999 -9999
-9999 -9999 -9999 -9999 -9999 -9999 -9999 -9999 -9999 -9999 -9999 -9999 -9999 -9999 -9999 -9999 -9999 -9999 -9999 -9999 -9999 -9999 -9999 -9999 -9999 -9999 -9999 -9999 -9999 -9999 -9999 -9999 -9999 -9999 -9999 -9999 -9999 -9999 -9999 -9999 -9999 -9999 -9999 -9999 -9999 -9999 -9999 -9999 -9999 -9999 -9999 -9999 -9999 -9999 -9999 -9999 -9999 -9999 -9999 -9999 -9999 -9999 -9999 -9999 -9999 -9999 -9999 -9999 -9999 -9999 -9999 -9999 -9999
-9999 -9999 -9999 -9999 -9999 -9999 -9999 -9999 -9999 -9999 -9999 -9999 -9999 -9999 -9999 -9999 -9999 -9999 -9999 -9999 -9999 -9999 -9999 -9999 -9999 -9999 -9999 -9999 -9999 -9999 -9999 -9999 -9999 -9999 -9999 -9999 -9999 -9999 -9999 -9999 -9999 -9999 -9999 -9999 -9999 -9999 -9999 -9999 -9999 -9999 -9999 -9999 -9999 -9999 -9999 -9999 -9999 -9999 -9999 -9999 -9999 -9999 -9999 -9999 -9999 -9999 -9999 -9999 -9999 -9999 -9999 -9999 -9999
-9999 -9999 -9999 -9999 -9999 -9999 -9999 -9999 -9999 -9999 -9999 -9999 -9999 -9999 -9999 -9999 -9999 -9999 -9999 -9999 -9999 -9999 -9999 -9999 -9999 -9999 -9999 -9999 -9999 -9999 -9999 -9999 -9999 -9999 -9999 -9999 -9999 -9999 -9999 -9999 -9999 -9999 -9999 -9999 -9999 -9999 -9999 -9999 -9999 -9999 -9999 -9999 -9999 -9999 -9999 -9999 -9999 -9999 -9999 -9999 -9999 -9999 -9999 -9999 -9999 -9999 -9999 -9999 -9999 -9999 -9999 -9999 -9999
-9999 -9999 -9999 -9999 -9999 -9999 -9999 -9999 -9999 -9999 -9999 -9999 -9999 -9999 -9999 -9999 -9999 -9999 -9999 -9999 -9999 -9999 -9999 -9999 -9999 -9999 -9999 -9999 -9999 -9999 -9999 -9999 -9999 -9999 -9999 -9999 -9999 -9999 -9999 -9999 -9999 -9999 -9999 -9999 -9999 -9999 -9999 -9999 -9999 -9999 -9999 -9999 -9999 -9999 -9999 -9999 -9999 -9999 -9999 -9999 -9999 -9999 -9999 -9999 -9999 -9999 -9999 -9999 -9999 -9999 -9999 -9999 -9999
-9999 -9999 -9999 -9999 -9999 -9999 -9999 -9999 -9999 -9999 -9999 -9999 -9999 -9999 -9999 -9999 -9999 -9999 -9999 -9999 -9999 -9999 -9999 -9999 -9999 -9999 -9999 -9999 -9999 -9999 -9999 -9999 -9999 -9999 -9999 -9999 -9999 -9999 -9999 -9999 -9999 -9999 -9999 -9999 -9999 -9999 -9999 -9999 -9999 -9999 -9999 -9999 -9999 -9999 -9999 -9999 -9999 -9999 -9999 -9999 -9999 -9999 -9999 -9999 -9999 -9999 -9999 -9999 -9999 -9999 -9999 -9999 -9999
-9999 -9999 -9999 -9999 -9999 -9999 -9999 -9999 -9999 -9999 -9999 -9999 -9999 -9999 -9999 -9999 -9999 -9999 -9999 -9999 -9999 -9999 -9999 -9999 -9999 -9999 -9999 -9999 -9999 -9999 -9999 -9999 -9999 -9999 -9999 -9999 -9999 -9999 -9999 -9999 -9999 -9999 -9999 -9999 -9999 -9999 -9999 -9999 -9999 -9999 -9999 -9999 -9999 -9999 -9999 -9999 -9999 -9999 -9999 -9999 -9999 -9999 -9999 -9999 -9999 -9999 -9999 -9999 -9999 -9999 -9999 -9999 -9999
-9999 -9999 -9999 -9999 -9999 -9999 -9999 -9999 -9999 -9999 -9999 -9999 -9999 -9999 -9999 -9999 -9999 -9999 -9999 -9999 -9999 -9999 -9999 -9999 -9999 -9999 -9999 -9999 -9999 -9999 -9999 -9999 -9999 -9999 -9999 -9999 -9999 -9999 -9999 -9999 -9999 -9999 -9999 -9999 -9999 -9999 -9999 -9999 -9999 -9999 -9999 -9999 -9999 -9999 -9999 -9999 -9999 -9999 -9999 -9999 -9999 -9999 -9999 -9999 -9999 -9999 -9999 -9999 -9999 -9999 -9999 -9999 -9999
-9999 -9999 -9999 -9999 -9999 -9999 -9999 -9999 -9999 -9999 -9999 -9999 -9999 -9999 -9999 -9999 -9999 -9999 -9999 -9999 -9999 -9999 -9999 -9999 -9999 -9999 -9999 -9999 -9999 -9999 -9999 -9999 -9999 -9999 -9999 -9999 -9999 -9999 -9999 -9999 -9999 -9999 -9999 -9999 -9999 -9999 -9999 -9999 -9999 -9999 -9999 -9999 -9999 -9999 -9999 -9999 -9999 -9999 -9999 -9999 -9999 -9999 -9999 -9999 -9999 -9999 -9999 -9999 -9999 -9999 -9999 -9999 -9999
-9999 -9999 -9999 -9999 -9999 -9999 -9999 -9999 -9999 -9999 -9999 -9999 -9999 -9999 -9999 -9999 -9999 -9999 -9999 -9999 -9999 -9999 -9999 -9999 -9999 -9999 -9999 -9999 -9999 -9999 -9999 -9999 -9999 -9999 -9999 -9999 -9999 -9999 -9999 -9999 -9999 -9999 -9999 -9999 -9999 -9999 -9999 -9999 -9999 -9999 -9999 -9999 -9999 -9999 -9999 -9999 -9999 -9999 -9999 -9999 -9999 -9999 -9999 -9999 -9999 -9999 -9999 -9999 -9999 -9999 -9999 -9999 -9999
-9999 -9999 -9999 -9999 -9999 -9999 -9999 -9999 -9999 -9999 -9999 -9999 -9999 -9999 -9999 -9999 -9999 -9999 -9999 -9999 -9999 -9999 -9999 -9999 -9999 -9999 -9999 -9999 -9999 -9999 -9999 -9999 -9999 -9999 -9999 -9999 -9999 -9999 -9999 -9999 -9999 -0.01583 -9999 -9999 -9999 -9999 -9999 -9999 -9999 -9999 -9999 -9999 -9999 -9999 -9999 -9999 -9999 -9999 -9999 -9999 -9999 -9999 -9999 -9999 -9999 -9999 -9999 -9999 -9999 -9999 -9999 -9999 -9999
0.37369 0.40441 -0.54322 -0.58358 -0.41690 -0.48817 -0.40828 0.39827 0.28056 0.29210 0.33210 0.39237 0.14823 -9999 -9999 -9999 -9999 -9999 -9999 -9999 -9999 -9999 -9999 -9999 -9999 -9999 -9999 -9999 -9999 -9999 -9999 -9999 -9999 -9999 -9999 -9999 -0.11172 -0.42577 -0.18992 -0.00300 -0.01829 -0.08798 -0.47282 -9999 -9999 -9999 -0.24001 -9999 -9999 -9999 -0.47554 -0.59203 -0.37520 -9999 -9999 -9999 -9999 -9999 -9999 -9999 -9999 -9999 -9999 -9999 -9999 -9999 -9999 -9999 -9999 -9999 -9999 -9999 -9999
-0.32491 0.12367 0.12362 0.16705 0.13987 0.24589 0.24096 0.23417 0.29770 0.19009 0.16890 0.18220 0.15146 0.15156 0.00510 -0.12045 -0.47566 -0.41904 -0.29446 -9999 -9999 -9999 -9999 -9999 0.07363 0.12007 0.08719 0.08266 0.04803 -0.01136 -0.21074 -0.20855 -0.53039 -0.54585 -0.56295 -0.57388 0.01322 0.45207 0.06511 -0.00845 0.01304 -0.02987 -0.46922 -0.46609 -0.22027 -0.21159 -0.23550 -0.29633 -0.46628 -0.44688 -0.54318 -0.56446 -0.22524 -0.28912 -0.37997 -0.37571 -0.17024 -0.09718 -9999 -9999 -9999 -9999 -9999 -9999 -9999 -9999 -9999 -9999 -9999 -9999 -9999 -9999 -9999
0.16996 0.28115 0.23430 0.19974 0.17872 0.18028 0.15172 0.16281 0.16945 0.14601 0.15080 0.14084 0.14061 0.00597 -0.06951 -0.06991 -0.69240 -0.42735 -0.29528 -0.35601 -0.24673 -0.27935 -0.35068 -0.28615 -0.14452 -0.10855 -0.06956 -0.07966 -0.22007 -0.21481 -0.38955 -0.42831 -0.65753 -0.67448 -0.64460 -0.65266 -0.62332 -0.63316 -0.56011 -0.56569 -0.51004 -0.51859 -0.49107 -0.52816 -0.41895 -0.43161 -0.47235 -0.49710 -0.63900 -0.71145 -0.67509 -0.73031 -0.71688 -0.75802 -0.69208 -0.72161 -0.47431 -0.32864 -0.21835 -0.12928 -0.10471 -0.08546 -0.02201 -0.03330 -0.04857 -0.05635 -9999 -9999 -9999 -9999 -9999 -9999 -9999
0.16573 0.15950 0.14637 0.14479 0.14169 0.14274 0.15159 0.16056 0.17141 0.16717 0.16830 -0.18320 -0.46417 -0.54574 -0.39300 -0.54407 -0.49845 -0.49577 -0.31861 -0.32286 -0.11580 -0.21814 -0.30595 -0.27406 -0.15195 -0.00195 0.09410 0.06798 -0.12756 -0.17448 -0.41092 -0.43776 -0.59244 -0.60762 -0.54433 -0.54480 -0.53363 -0.56330 -0.50690 -0.51858 -0.45476 -0.49614 -0.49269 -0.49630 -0.40540 -0.44177 -0.48210 -0.53432 -0.67016 -0.73583 -0.72866 -0.71171 -0.65292 -0.69373 -0.69342 -0.72337 -0.40030 -0.34599 -0.24053 -0.19156 -0.13944 -0.13141 -0.10482 -0.11025 -0.11524 -0.08934 -9999 -0.16027 -9999 -9999 -9999 -9999 -9999
-0.76038 -0.75841 -0.93078 -0.83086 -0.97624 -1.06848 -1.16540 -1.05135 0.19423 -1.15464 -1.12503 -0.86509 -0.83553 -0.84351 -0.97579 -0.70322 -0.58482 -0.58411 -0.47120 -0.47130 -0.59163 -0.44913 -0.43612 -0.45725 -0.64564 -0.43379 -0.22812 -0.29148 -0.30970 -0.38650 -0.50217 -0.48373 -0.58469 -0.57268 -0.62242 -0.57409 -0.60499 -0.61639 -0.62821 -0.64186 -0.63308 -0.67276 -0.72515 -0.74926 -0.71142 -0.72614 -0.76000 -0.79783 -0.86455 -0.88481 -0.84800 -0.85284 -0.84106 -0.85130 -0.90295 -0.87528 -0.74044 -0.74247 -0.79505 -0.78114 -0.76130 -0.71816 -0.63399 -0.61915 -0.56564 -0.59370 -0.58442 -9999 -9999 -9999 -9999 -9999 -9999
-0.53058 -0.70127 -0.51315 -0.41239 -0.54750 -0.52912 -0.62673 -0.57336 -0.62933 -0.61852 -0.41907 -0.42295 -0.56804 -0.51796 -0.49254 -0.51806 -0.41647 -0.48331 -0.31895 -0.37873 -0.53011 -0.55504 -0.56065 -0.49119 -0.66310 -0.55626 -0.39792 -0.50689 -0.35997 -0.32656 -0.36528 -0.40373 -0.50168 -0.50561 -0.57491 -0.56028 -0.49254 -0.54646 -0.58186 -0.58534 -0.58493 -0.63372 -0.69653 -0.72288 -0.66704 -0.69877 -0.76512 -0.79849 -0.86594 -0.88211 -0.84557 -0.86201 -0.77085 -0.76856 -0.80927 -0.78278 -0.76231 -0.75089 -0.80631 -0.79303 -0.79874 -0.78240 -0.75106 -0.73913 -0.63915 -0.67785 -0.64306 -0.63465 -9999 -9999 -9999 -9999 -9999
-0.78053 -0.67426 -0.67453 -0.66020 -0.46020 -0.43291 -0.53670 -0.48145 -0.47879 -0.54960 -0.75892 -0.82047 -1.09303 -0.99723 -0.69354 -0.65899 -0.65573 -0.48160 -0.39497 -0.45931 -0.50646 -0.53184 -0.58634 -0.58714 -0.56472 -0.54828 -0.53202 -0.56827 -0.56354 -0.52230 -0.54299 -0.56339 -0.53657 -0.51846 -0.50050 -0.48412 -0.53690 -0.55714 -0.52479 -0.54082 -0.55956 -0.62803 -0.70904 -0.73324 -0.70691 -0.76230 -0.79620 -0.84409 -0.85945 -0.87170 -0.87974 -0.84519 -0.72904 -0.71011 -0.71488 -0.69782 -0.85113 -0.84527 -0.91812 -0.91576 -0.89022 -0.83730 -0.79187 -0.78792 -0.69334 -0.68268 -0.66982 -0.66209 -0.62317 -0.61398 -0.59168 -0.57415 -9999
-0.31392 -0.37592 -0.36935 -0.33866 -0.40706 -0.44515 -0.53432 -0.61297 -0.64215 -0.79456 -1.02075 -0.95243 -1.13195 -1.01793 -0.38786 0.12412 0.12050 -0.26823 -0.38091 -0.53024 -0.58673 -0.54315 -0.49436 -0.51520 -0.55963 -0.63893 -0.65268 -0.62910 -0.51712 -0.53666 -0.60794 -0.65589 -0.61901 -0.59766 -0.55436 -0.53264 -0.56809 -0.52111 -0.49714 -0.54326 -0.54749 -0.58700 -0.64154 -0.67744 -0.69911 -0.73184 -0.77205 -0.76744 -0.76778 -0.79707 -0.75340 -0.77569 -0.60273 -0.63180 -0.70943 -0.64037 -0.79624 -0.79154 -0.85031 -0.86275 -0.76697 -0.71745 -0.72464 -0.76615 -0.71763 -0.69161 -0.62738 -0.62300 -0.59722 -0.58161 -0.54916 -0.56599 -0.48754
-1.11987 -1.21868 -1.17030 -1.41893 -0.46292 -0.34842 -0.25536 -0.12427 -0.77874 -0.88358 -1.21866 -1.02054 -0.68590 -0.70411 -0.19769 0.10425 0.12567 -0.24847 -0.30322 -0.53334 -0.55564 -0.52653 -0.50819 -0.52971 -0.49555 -0.50247 -0.51203 -0.58074 -0.46372 -0.54765 -0.64694 -0.60129 -0.57696 -0.58577 -0.57272 -0.52999 -0.55423 -0.49014 -0.49302 -0.53923 -0.55208 -0.61199 -0.64504 -0.63896 -0.64802 -0.67574 -0.66312 -0.66516 -0.63145 -0.64766 -0.67118 -0.66262 -0.70601 -0.57616 -0.55823 -0.69697 -0.73344 -0.75201 -0.79415 -0.78517 -0.71059 -0.72422 -0.76230 -0.77498 -0.75346 -0.73995 -0.70377 -0.68973 -0.66500 -0.67921 -0.65526 -0.62183 -0.55766
-1.22575 -1.42792 -1.61524 -1.81127 -1.89663 -1.73715 -0.21062 -1.35596 -1.06203 -0.76882 -0.86299 -0.88856 -0.74104 -0.68968 -0.30983 0.13143 -0.17228 -0.22874 -0.27474 -0.31928 -0.41897 -0.42660 -0.41732 -0.50649 -0.63135 -0.66245 -0.67005 -0.61789 -0.55580 -0.51022 -0.47660 -0.56344 -0.62883 -0.61443 -0.59100 -0.65520 -0.78963 -0.70703 -0.72126 -0.70250 -0.63629 -0.59377 -0.58041 -0.58383 -0.57854 -0.57211 -0.64736 -0.66605 -0.60504 -0.61555 -0.66371 -0.74153 -0.60133 -0.50203 -0.54186 -0.57160 -0.65720 -0.61109 -0.65512 -0.67315 -0.63774 -0.64778 -0.70841 -0.74409 -0.72020 -0.71619 -0.70137 -0.69958 -0.64375 -0.65759 -0.63687 -0.62634 -0.55026
-0.35035 -0.42145 -0.72760 -1.00814 -1.38887 -1.51329 -0.05433 0.07783 0.14255 0.00550 0.21823 0.14626 0.10884 -0.24246 -0.23721 0.11109 0.13968 0.13814 0.10833 0.07493 0.10630 -0.04196 -0.16447 -0.21422 -0.15925 -0.21244 -0.20922 -0.28183 -0.13652 -0.20579 -0.16867 -0.16212 -0.22191 -0.31241 -0.36481 -0.41140 -0.63674 -0.59139 -0.66243 -0.70504 -0.67235 -0.66247 -0.61659 -0.50985 -0.46442 -0.46324 -0.53438 -0.61207 -0.65400 -0.65605 -0.61210 -0.54212 -0.60680 -0.61688 -0.59027 -0.57585 -0.61782 -0.65364 -0.64842 -0.65023 -0.65789 -0.68152 -0.67562 -0.69235 -0.64610 -0.65708 -0.65813 -0.67067 -0.64702 -0.64553 -0.61762 -0.61031 -0.55389
-0.78524 -0.78676 -0.79647 -0.78910 -0.22044 -0.36730 -0.21064 -1.29510 -0.22719 0.01629 0.09280 0.10077 0.30221 0.23756 0.38325 0.23196 0.56637 0.12090 0.07983 0.29045 0.24652 0.13203 -0.04537 -0.19821 -0.31772 -0.38391 -0.17699 -0.14010 -0.06902 -0.04846 -0.19565 -0.25627 -0.30746 -0.48821 -0.41499 -0.54034 -0.77751 -0.80349 -0.75126 -0.79016 -0.76731 -0.78462 -0.83933 -0.70810 -0.65132 -0.53731 -0.53522 -0.52338 -0.61623 -0.57912 -0.57862 -0.55975 -0.60455 -0.59369 -0.57660 -0.56480 -0.63244 -0.65247 -0.67379 -0.65114 -0.62344 -0.62701 -0.65460 -0.62565 -0.59451 -0.58866 -0.61294 -0.62566 -0.62349 -0.62264 -0.61211 -0.61676 -0.55093
-1.29962 -1.39360 -1.36110 -1.32749 -0.94660 -1.06028 -0.35822 -0.00173 -0.07887 -0.14035 -0.23330 -0.07221 -0.00055 0.43339 0.08656 0.60528 0.62967 0.43016 0.39075 0.34448 0.15326 0.16107 0.00134 -0.11921 -0.45535 -0.43670 -0.33624 -0.25276 0.14367 0.00024 0.16694 -0.05798 -0.16703 -0.43340 -0.52794 -0.60312 -0.62280 -0.71006 -0.66401 -0.70893 -0.72486 -0.69764 -0.77735 -0.73036 -0.70938 -0.61009 -0.64401 -0.54843 -0.60465 -0.60209 -0.59420 -0.59907 -0.61067 -0.57579 -0.61469 -0.58410 -0.61472 -0.63370 -0.66155 -0.69435 -0.62966 -0.60233 -0.64217 -0.65168 -0.64921 -0.63365 -0.62476 -0.63211 -0.63572 -0.63737 -0.59308 -0.59998 -0.55741
-1.19392 -1.23324 -1.18598 -1.33923 -0.91249 -0.90422 -0.98239 -0.81091 -0.60816 0.03059 0.10884 0.17113 -0.53468 -0.24631 0.02625 0.10972 0.49165 0.35007 0.68509 0.50573 0.35075 0.14976 0.12642 -0.03544 -0.35905 -0.00842 0.16136 -0.02758 0.28731 0.25173 0.24302 0.00571 0.00582 -0.28987 -0.50350 -0.73657 -0.68239 -0.73784 -0.75080 -0.74909 -0.76349 -0.76483 -0.84172 -0.77208 -0.84950 -0.72056 -0.65593 -0.56342 -0.53625 -0.53455 -0.61458 -0.58225 -0.54558 -0.57960 -0.59493 -0.55439 -0.60044 -0.63289 -0.68621 -0.69457 -0.64706 -0.61545 -0.58491 -0.62208 -0.62273 -0.63451 -0.61673 -0.60558 -0.59895 -0.62836 -0.58451 -0.60466 -0.55928
-0.48455 -0.11718 0.13589 0.06523 0.33343 0.22405 0.55450 0.42470 0.58678 0.41805 0.29962 0.95643 -0.20992 0.01946 0.09140 0.29090 0.82969 1.13295 1.37635 0.85846 1.04502 0.86378 0.60118 0.37792 -0.10663 0.03801 0.10163 0.36406 0.48610 0.35080 0.23087 0.19778 0.08352 -0.16924 -0.14340 -0.42346 -0.45674 -0.53098 -0.58670 -0.59905 -0.60680 -0.58660 -0.56681 -0.58239 -0.78722 -0.67221 -0.70400 -0.49917 -0.52841 -0.43692 -0.53405 -0.52625 -0.54399 -0.56745 -0.58947 -0.58007 -0.60134 -0.60463 -0.64226 -0.64495 -0.64480 -0.63350 -0.65384 -0.64336 -0.67452 -0.67843 -0.67214 -0.63404 -0.61645 -0.62849 -0.57678 -0.58109 -0.50886
-0.52876 -0.15737 0.38300 0.35558 0.66252 0.66194 0.04530 -0.53417 -0.19613 -0.02856 -0.42411 -0.04811 -0.34192 -0.11337 -0.01285 -0.00350 0.74416 1.02441 0.98089 0.96293 0.66326 0.95047 0.68105 0.42702 -0.03317 0.15828 -0.13568 0.15936 0.42242 0.10531 -0.01639 -0.08389 -0.19466 -0.27272 -0.31214 -0.38469 -0.44247 -0.55036 -0.61586 -0.71896 -0.66197 -0.65797 -0.67456 -0.62346 -0.83654 -0.75496 -0.82932 -0.52796 -0.46893 -0.36542 -0.46478 -0.45210 -0.54252 -0.53460 -0.56239 -0.59365 -0.61912 -0.60372 -0.60971 -0.55010 -0.54808 -0.57789 -0.58396 -0.64547 -0.69838 -0.70864 -0.64663 -0.68300 -0.63102 -0.61776 -0.57546 -0.59884 -0.45238
0.43319 0.46786 1.11361 1.36212 2.10891 1.95258 2.47155 2.49339 2.07835 2.13320 1.29277 1.24282 0.58865 0.80669 0.52283 0.61960 0.86592 0.80699 0.84815 1.02769 0.68356 0.54639 0.09754 0.34437 0.04773 0.24644 -0.02121 -0.00856 -0.03727 -0.26302 -0.27347 -0.31103 -0.09945 -0.38035 -0.30513 -0.40702 -0.10324 -0.43943 -0.57591 -0.60364 -0.35098 -0.06542 -0.22841 -0.13417 -0.69931 -0.69469 -0.93022 -0.60570 -0.38602 -0.47061 -0.54412 -0.48055 -0.39339 -0.40909 -0.46077 -0.49634 -0.68242 -0.72132 -0.72414 -0.68891 -0.57432 -0.55338 -0.58333 -0.68819 -0.76558 -0.79773 -0.68797 -0.77266 -0.69034 -0.66755 -0.70226 -0.66639 -0.66944
-9999 -0.00579 0.83809 1.05280 1.69693 1.80107 2.61427 2.48237 2.63838 2.55859 1.77509 1.59422 0.22010 0.26364 -0.20897 0.00051 0.00081 0.43250 0.41651 0.39116 0.12816 0.25150 -0.31597 -0.28589 -0.58702 -0.45871 0.00707 -0.27284 -0.32871 -0.22781 -0.47046 -0.35931 -0.44726 -0.53469 -0.56880 -0.46629 -0.12640 -0.01010 -0.27985 -0.15804 0.01734 0.09472 -0.01992 0.21416 -0.64505 -0.59584 -0.83604 -0.72187 -0.43152 -0.41030 -0.43571 -0.48152 -0.46704 -0.44761 -0.48411 -0.45983 -0.67635 -0.69103 -0.67877 -0.65595 -0.53520 -0.49231 -0.60870 -0.66803 -0.66421 -0.80765 -0.78259 -0.79199 -0.50612 -0.73375 -0.67488 -0.68548 -0.67841
