data/hydroclimate-scenarios/BCSD_hadcm_B1/monthly_summaries/et_monthly_tot_may.2030-2059.asc
ncols	311
nrows	91
xllcenter	102.75
yllcenter	31.75
cellsize	0.5
NODATA_value	-9999
[rows 32 to 63 of 91, columns 0 to 70 of 311]
-9999 -9999 -9999 -9999 -9999 -9999 -9999 -9999 -9999 -9999 -9999 56.51270 54.23020 53.89120 50.65690 43.96660 43.54950 44.53180 40.57970 40.23110 38.69240 43.02910 49.59970 50.43480 53.80610 54.79390 54.74570 54.94570 57.33650 65.77490 64.97830 67.00280 68.53750 70.45280 68.21950 77.10880 75.01030 72.43490 69.90670 66.20870 64.19490 63.68080 62.65390 58.37980 59.17670 58.82930 56.42740 55.55890 54.65000 58.34100 60.08850 61.00640 62.51990 61.89910 65.74380 68.92790 69.11220 71.20380 73.12030 73.32240 74.47950 73.10360 71.83610 61.97360 61.92400 70.07700 62.08320 49.49440 37.37550 29.62150 31.11440
-9999 -9999 -9999 -9999 -9999 -9999 -9999 -9999 -9999 -9999 -9999 53.52330 50.97820 53.47260 49.82440 46.61340 45.51230 45.92060 46.70960 44.85550 44.28640 47.88140 51.47570 52.45750 51.17370 48.66570 48.69560 53.38640 62.66500 68.80650 65.92380 68.41620 68.12780 73.11370 72.61200 80.08260 73.68970 73.25460 68.30310 55.16400 61.55850 52.62130 57.13560 55.51790 51.47390 50.78250 49.09520 53.23610 54.03400 58.17100 60.28680 63.78010 65.82650 67.71590 72.11300 73.20570 73.02250 72.51970 74.32000 74.31280 73.84600 63.34870 65.55370 75.57320 63.02290 65.41630 62.12730 51.30030 43.57650 34.04380 35.22990
-9999 -9999 -9999 -9999 -9999 -9999 -9999 -9999 -9999 -9999 -9999 -9999 54.90740 55.73790 56.41260 53.64300 51.32960 52.41060 53.20870 54.13490 51.52450 52.73460 47.74780 45.76200 45.66950 36.97300 41.84620 42.46570 57.08210 65.19600 66.18960 74.15500 74.15890 72.84990 73.81220 73.15290 67.28060 69.61330 68.15350 60.53510 58.15080 54.28150 52.84840 57.05840 54.07720 51.80780 55.66080 58.30240 59.02390 59.96120 66.46180 65.14000 65.64220 72.96670 76.69820 78.07940 78.52990 75.99870 64.08030 65.41510 65.72980 74.91550 71.56420 69.60110 69.29090 59.06820 62.43900 47.18940 31.95090 28.43670 36.95740
-9999 -9999 -9999 -9999 -9999 -9999 -9999 -9999 -9999 -9999 -9999 -9999 60.62320 61.25660 58.79670 57.42850 60.53310 59.69720 58.26870 55.71230 55.28190 42.14500 40.99160 39.60250 34.76770 45.51290 53.22200 41.91590 56.62730 57.19850 58.71360 63.20290 75.39620 76.36370 73.70190 77.51160 73.84090 76.49520 75.69180 63.76460 61.79430 52.70070 53.41490 53.58220 56.18750 55.67450 57.73020 58.24190 62.30600 55.51070 57.12250 70.32040 72.23910 79.03950 82.40570 81.30680 67.91640 79.32230 78.53770 72.12610 73.05460 62.46510 60.93800 61.10290 61.43090 66.75900 56.56480 48.57990 38.84360 34.84640 29.87070
-9999 -9999 -9999 -9999 -9999 -9999 -9999 -9999 -9999 -9999 -9999 -9999 62.90490 68.69980 66.71310 61.49260 61.11660 62.00010 57.09620 50.03000 46.68570 41.03250 42.60090 40.86140 43.50460 43.45220 49.45320 59.96360 58.83080 66.62390 69.30400 76.21510 77.10210 72.91120 80.88000 80.25730 78.65490 73.97940 76.36540 69.69410 57.96450 47.67230 51.99770 52.69500 52.69490 48.56840 49.29240 46.85330 49.48800 60.00110 65.13310 64.61100 75.56490 75.13650 75.14380 74.64760 75.90830 76.64040 72.59770 66.16410 68.64310 57.70440 60.77520 68.07360 62.92320 59.05730 52.07300 47.21150 35.17100 34.34460 33.03720
-9999 -9999 -9999 67.99570 65.90910 66.46640 69.44580 66.48600 64.14830 -9999 63.19340 62.98910 67.63660 73.89520 72.73310 67.55680 64.43490 67.40400 55.39200 50.26690 51.33690 51.26930 51.50830 51.19850 51.02810 54.50740 61.56120 56.31570 58.05810 51.50110 64.50390 77.50470 74.64830 60.01430 73.20200 77.82650 71.35200 69.50830 72.83820 72.29820 67.29100 55.23200 58.17860 56.96300 49.36260 43.12350 36.24650 52.12570 55.52540 56.78780 56.50450 55.84600 56.36070 52.11400 59.70100 52.33980 49.05730 71.59220 59.01450 68.77860 68.68490 60.12700 59.53330 55.86140 60.02830 57.95690 46.69950 38.23660 33.46550 30.66370 27.77770
-9999 -9999 -9999 74.32690 74.46770 71.30080 69.49920 70.35890 71.78380 68.28030 68.97090 73.03090 69.15010 72.03630 65.55930 63.49020 57.56260 60.42660 58.45180 58.48630 61.47400 52.37670 61.89560 66.52520 59.73190 62.91680 60.33210 59.96590 55.14210 47.84980 62.16730 60.48730 63.42590 59.79570 63.71790 62.31620 67.10850 54.87360 69.52380 53.60630 52.98240 57.82730 58.05640 50.12230 44.94930 39.54450 41.04300 54.05210 45.46930 45.53550 44.10470 51.01340 46.46770 48.41470 62.73700 56.26200 65.52170 66.72400 56.78320 57.36110 60.45940 54.96380 52.35760 50.70780 45.43780 55.00550 46.95000 45.85260 36.23270 30.69580 24.13200
-9999 -9999 -9999 84.06390 78.92880 76.26840 68.73700 71.66830 74.63050 73.83260 72.32320 72.12020 70.28760 67.65770 57.36780 64.29810 52.83750 56.91110 66.27080 64.99720 62.20860 54.62410 61.64100 55.09600 49.17940 57.82070 59.73860 57.94790 58.86690 45.64280 36.05280 43.63000 55.80760 60.91990 55.86580 59.68350 65.61050 67.38100 69.41220 60.26440 58.08930 56.16740 56.94020 54.69630 58.76550 52.17340 51.22750 46.65880 48.13890 43.48780 39.15800 56.67120 55.09040 57.36730 64.11450 64.95950 68.20320 69.22410 59.95590 56.78350 62.36190 59.74580 60.98700 50.43550 49.35270 45.93960 41.91520 36.30450 23.94910 22.31360 18.37730
-9999 -9999 -9999 82.97060 88.10780 78.61770 76.61450 72.50840 75.64830 75.66170 74.74530 82.30590 71.91630 63.63740 61.73950 62.73340 55.18300 51.30690 54.22920 61.12440 52.49050 43.74240 36.28200 41.40160 47.37640 54.00820 61.00880 62.99260 45.93620 36.23530 42.97350 63.07070 53.08680 41.15310 42.11920 49.30620 63.23840 74.64990 68.41070 72.17350 70.63960 51.11430 42.98890 47.09270 63.81390 50.35930 44.85530 59.38870 47.81050 54.46020 43.97440 55.65760 55.42470 50.74450 58.13170 61.08110 62.45870 57.93750 55.32370 51.91310 42.23370 52.34640 53.51770 48.65630 42.48200 40.87420 33.61110 28.88660 19.68660 18.30620 22.62340
-9999 -9999 -9999 88.37270 89.92970 80.77540 74.61790 74.59640 72.88990 74.48210 77.29100 74.71210 69.18600 60.74240 50.91110 55.43940 52.87600 55.28270 64.73640 68.64420 57.41020 52.02700 42.24080 55.32620 58.63600 63.48820 72.83760 68.65300 54.23850 42.76680 41.66170 49.95100 46.96780 51.71390 56.66830 59.24730 61.09020 71.00220 74.73780 73.53080 66.30760 56.59330 52.83960 53.82910 60.10350 59.26980 59.40440 61.99520 58.41040 57.08820 55.05400 68.99480 60.61790 48.98220 65.84730 52.02210 64.88520 65.53080 60.58790 44.02630 47.49100 49.56430 50.63020 37.18990 33.98380 40.62020 33.52610 22.71020 19.05560 27.35030 33.42270
-9999 -9999 -9999 -9999 78.30800 72.97060 73.88720 68.84610 71.00070 75.10850 77.01260 79.27300 54.79360 63.59910 -9999 -9999 -9999 -9999 -9999 44.20920 42.60190 47.19130 42.18130 37.91830 47.14760 55.92440 70.03510 64.20080 58.75300 61.95280 57.05850 54.76850 51.97330 61.96440 69.42400 74.41190 71.74920 76.64960 77.50700 78.92700 80.62730 78.56970 74.28100 65.07230 67.35260 70.77170 69.10580 57.52570 64.78340 69.45130 65.35420 64.64420 73.22390 57.19600 55.52090 49.56110 46.21030 49.06720 49.43340 54.18120 46.76340 40.75720 40.12080 40.43520 38.13910 33.47640 34.82770 39.48840 41.75250 -9999 -9999
-9999 -9999 88.15700 80.29560 77.21730 76.03700 75.22690 66.39370 74.30420 76.07080 76.28640 79.97580 57.06330 -9999 -9999 -9999 -9999 -9999 35.41450 46.42440 44.28720 56.77130 58.87620 52.06510 50.45160 51.68480 68.57640 73.20840 70.91940 70.21880 63.32580 64.09510 66.21750 67.01760 71.23320 76.59370 74.27090 77.77290 77.31310 82.29540 80.88800 83.41100 82.17780 79.86140 83.88320 84.33250 82.07210 82.86540 85.64830 89.09310 86.80830 84.71440 73.52800 81.17930 68.09740 77.10080 67.85260 54.26560 54.01240 70.64290 65.12930 60.36790 56.04450 47.33700 49.76230 48.47840 53.62340 -9999 -9999 -9999 -9999
-9999 -9999 81.07000 79.92150 78.48720 75.97560 74.83870 70.44030 74.95360 75.01410 78.76810 72.88550 74.11210 -9999 -9999 -9999 -9999 64.16340 45.75080 59.08710 55.09850 58.46880 59.13100 61.69640 66.74490 73.68200 71.25650 70.37140 71.45910 73.50520 71.02060 65.87680 70.74580 76.00200 74.82150 77.08400 79.31710 79.18550 77.25040 75.45290 84.01170 79.23270 77.93330 82.00600 77.95010 79.07210 82.00470 80.32110 87.64110 89.01330 78.86490 82.15640 85.15130 89.01560 89.08250 97.49900 90.92770 71.85550 65.81120 74.51770 75.90020 59.70490 65.70250 71.05970 74.04240 -9999 -9999 -9999 -9999 -9999 43.75760
-9999 -9999 85.30740 80.57470 79.21000 75.44940 77.19500 78.68600 78.63330 75.73750 75.54090 73.24700 83.52310 -9999 -9999 -9999 -9999 52.12350 57.68090 60.31560 57.52590 64.59420 64.22800 71.60200 71.98040 72.51340 69.37150 71.34560 71.54250 70.36900 70.08110 70.96740 70.40470 73.28190 78.09650 78.88600 79.51220 78.99730 76.85760 82.11090 83.45180 84.29970 84.36840 83.77340 85.00430 79.26060 79.92380 77.51980 77.28510 77.90080 83.48300 84.86630 92.68740 92.70180 91.16790 97.96780 99.45670 87.89740 85.65340 84.86130 91.04560 89.65400 90.27240 78.29310 66.01130 56.70600 69.05710 53.79380 56.37510 -9999 -9999
-9999 -9999 -9999 85.85340 81.44290 86.06100 84.43040 77.92320 85.50700 78.56110 79.46110 85.60240 -9999 -9999 -9999 -9999 63.74710 60.22720 67.80570 66.80480 68.72450 68.57230 65.59130 68.40920 68.02730 70.68490 70.53890 67.75920 71.04870 66.91660 66.83770 73.19090 74.34110 71.94960 68.36550 69.42920 76.10300 79.48040 81.42500 81.63320 83.51150 83.16100 66.78310 67.13270 66.58620 70.06210 79.96340 92.94200 87.35640 82.72860 88.56360 87.34450 84.14070 88.35500 80.69280 81.75980 84.94100 78.04920 77.88000 85.05350 86.77380 89.09370 75.05390 42.54110 26.49130 59.34240 73.71070 69.11750 71.39300 60.05590 -9999
-9999 -9999 -9999 -9999 85.32020 89.94300 82.66720 86.47900 82.29140 87.38830 77.63840 -9999 -9999 -9999 -9999 67.75220 68.30220 70.95650 68.93540 62.22180 61.48090 59.14610 60.54970 61.99200 67.13800 64.88990 60.60520 63.25090 63.22660 65.07800 63.81980 66.89580 65.74150 66.05890 68.66300 79.40140 82.18800 82.17430 82.29710 81.55400 81.15570 83.65020 84.91750 87.77550 90.33520 77.85280 82.95490 75.17390 79.53370 81.22220 91.69640 85.49850 87.34810 88.46330 88.07660 92.04880 84.53340 86.13480 82.25510 92.39180 81.71040 73.17250 70.59130 69.35130 52.87350 66.26150 82.08300 83.36850 72.20580 70.70440 68.36230
-9999 -9999 -9999 -9999 -9999 -9999 93.86510 73.28190 70.63010 81.05690 74.79020 -9999 -9999 -9999 -9999 -9999 72.63800 70.37200 69.49690 59.45020 57.41620 51.50240 59.84360 63.58500 58.10080 55.27570 63.66680 53.13770 55.04730 56.32640 65.15920 64.16300 68.43420 65.82690 68.46470 67.72920 79.01660 80.47120 79.94040 82.75040 81.79500 80.39530 81.05000 84.41360 76.96880 74.30540 73.34510 71.11510 75.60440 81.30080 81.33810 80.89360 81.24460 86.67010 85.37080 85.64390 89.65350 89.98550 81.47780 83.49440 78.47640 74.63320 71.47400 61.37350 46.38540 62.33760 83.57420 94.27240 88.98890 78.10220 68.56300
-9999 -9999 -9999 -9999 -9999 -9999 -9999 -9999 -9999 -9999 -9999 -9999 -9999 -9999 -9999 -9999 -9999 -9999 -9999 60.02070 60.12080 55.21480 55.06490 55.21260 59.68040 61.24460 53.57060 46.77660 47.11330 61.02190 65.64290 69.41540 75.74670 74.60110 69.68850 71.33660 80.32880 82.52110 83.39550 83.69930 83.86220 82.97320 84.32280 86.69070 88.36580 88.41040 92.40280 68.56240 72.45270 89.62770 92.12750 84.63440 78.59730 78.25140 96.67400 98.21660 86.34410 86.35560 84.31010 84.05260 76.17900 79.70710 71.74720 59.10560 51.95790 79.71940 91.68900 95.02360 92.27410 74.67880 66.23100
-9999 -9999 -9999 -9999 -9999 -9999 -9999 -9999 -9999 -9999 -9999 -9999 -9999 -9999 -9999 -9999 -9999 -9999 62.71050 63.78860 58.81000 50.36270 50.69030 50.09240 52.50820 55.90730 49.13140 50.89570 54.74680 57.57750 60.65060 61.30530 62.47040 64.74210 72.67490 67.55520 81.52740 82.75270 81.82640 82.39030 84.08920 84.46430 84.44600 85.96900 86.83770 73.55520 92.14380 101.33300 91.87230 93.32940 96.33410 80.82460 81.75480 81.67250 90.51260 87.16590 88.92160 85.61750 89.59370 88.25560 94.32400 95.60720 86.52680 79.13690 72.85940 87.53140 89.35350 94.79360 88.07740 87.41840 77.64160
-9999 -9999 -9999 -9999 -9999 -9999 -9999 -9999 -9999 -9999 -9999 -9999 -9999 -9999 -9999 -9999 -9999 63.64670 63.80300 54.83190 53.27390 52.15760 51.28750 49.69150 46.82010 49.11030 39.21220 45.02820 52.57090 57.76680 59.31010 58.01630 69.12140 57.14730 57.00110 63.18330 69.25130 82.05650 83.63450 83.29950 81.83770 69.92010 84.60440 69.95250 89.52550 90.20960 66.73390 84.41230 91.75930 85.14080 90.83810 81.31900 87.14830 94.61960 92.55040 95.34780 87.94140 85.16570 83.98090 85.71920 88.84760 95.55130 76.99130 70.63670 82.06930 85.87220 88.88850 84.69410 89.60160 85.82930 69.65900
-9999 -9999 -9999 -9999 -9999 -9999 -9999 -9999 -9999 -9999 -9999 -9999 -9999 -9999 -9999 -9999 -9999 62.89880 57.41780 56.30590 57.51930 49.40680 43.61690 41.15360 36.65870 39.26420 38.65980 38.84290 44.68110 46.96400 46.38620 45.16920 43.80040 46.04320 56.64460 64.44550 66.69760 77.78750 76.99750 81.48770 83.13800 84.72570 67.58960 80.58280 68.07630 58.81850 65.84130 97.75710 97.55760 91.86030 89.18050 80.80210 81.84960 83.82960 81.89420 93.56730 75.17220 83.83360 84.90880 90.01650 85.21640 83.41990 84.45690 81.07860 69.67460 79.20550 86.35670 83.24030 91.29860 87.50110 82.01490
-9999 -9999 -9999 -9999 -9999 -9999 -9999 -9999 -9999 -9999 -9999 -9999 -9999 -9999 -9999 -9999 66.98090 62.15260 57.00370 60.09680 49.02190 42.23450 39.56820 35.38060 26.29170 30.57890 30.23950 32.70510 34.33610 40.67210 44.31440 42.61260 40.53950 40.04210 47.64570 54.56320 66.49500 71.04550 76.98940 78.51790 76.63070 81.69780 58.85950 65.42420 74.54460 63.98840 62.08140 98.45210 96.88820 85.33760 83.22240 79.17710 81.14990 81.29630 80.15720 93.77960 92.40100 75.49590 95.61000 87.19490 87.69400 89.12910 86.85630 72.40380 81.79000 85.46990 90.32820 88.61350 82.88720 88.56770 80.13970
-9999 -9999 -9999 -9999 -9999 -9999 -9999 -9999 -9999 -9999 -9999 -9999 -9999 56.72850 59.55040 62.48150 62.86890 59.52200 52.49070 41.81760 42.68490 38.52970 31.48220 35.81030 35.39860 27.90640 25.25710 24.51210 25.36810 22.21040 25.45840 32.05800 42.15970 41.47350 43.86140 52.65230 56.67480 64.40370 75.29760 82.97330 82.61490 77.16920 74.87940 74.37500 65.46070 73.05670 77.59710 81.88780 90.00600 83.96740 80.33930 80.01970 86.32470 89.03630 88.29470 106.70700 102.78800 102.04700 104.58900 104.17800 105.27300 102.39100 99.51520 95.35980 97.47470 93.25200 93.93280 85.30060 90.30600 88.22160 75.61650
-9999 -9999 -9999 -9999 -9999 -9999 -9999 -9999 -9999 -9999 -9999 -9999 58.38320 57.02620 57.34430 57.79690 54.62790 55.16350 50.56490 33.42140 36.77100 35.18960 32.51500 38.49600 33.53160 24.72130 23.25830 20.04270 21.98300 20.13380 20.89910 24.88050 30.11460 33.59410 37.14510 47.60740 54.99820 62.10370 73.93920 79.47900 75.69140 75.16560 63.79720 63.07790 69.63930 69.23060 72.61410 81.53610 90.85270 93.91230 94.50190 94.70090 91.30850 104.01800 94.63500 98.95390 104.86200 111.06900 106.33500 102.78500 100.75300 100.49700 106.92900 102.71700 97.36880 92.46240 87.06700 92.88580 89.42390 82.84070 66.91080
-9999 -9999 -9999 -9999 -9999 -9999 -9999 -9999 -9999 -9999 -9999 62.53500 66.72020 60.33910 57.53500 47.73360 41.52840 42.39250 42.52450 39.31550 38.86480 27.01920 27.18640 29.40650 29.51390 28.72260 26.07600 19.65220 18.52790 19.89720 22.75870 22.24640 28.27110 33.61430 40.45010 45.78080 64.22220 69.27720 69.14150 70.60830 67.80660 59.41470 57.38410 59.76740 64.78710 67.85500 74.50010 78.39000 81.63240 92.37490 99.67140 104.83900 99.39270 97.79460 105.18600 101.92500 100.84700 111.56500 111.44600 106.62500 111.81500 96.82740 104.74600 102.11300 91.81200 95.32190 101.95800 95.74990 91.55690 75.07410 59.83710
-9999 -9999 -9999 -9999 -9999 -9999 -9999 -9999 -9999 -9999 65.71440 66.46560 57.24870 58.32180 46.13950 39.75500 35.20280 35.76860 37.55500 36.47790 32.36940 25.00740 24.64840 27.36910 27.12570 27.37570 27.33340 19.95700 17.38230 20.12040 21.10920 21.06690 33.62210 33.94210 41.40240 56.48820 68.03350 67.20720 68.17350 68.50640 57.09000 51.30130 49.12620 56.40240 59.03780 64.60260 68.04420 75.39740 79.40200 90.99540 96.84620 104.14000 98.70680 107.42700 110.10900 109.71000 101.66400 101.46200 92.73530 94.08280 95.48850 90.45900 94.61250 88.17990 90.70440 93.04510 101.73400 90.33530 83.34680 66.67830 51.99590
-9999 -9999 -9999 -9999 -9999 -9999 -9999 -9999 -9999 45.27250 44.46640 45.15010 47.33070 50.12040 43.54410 41.06410 38.84930 33.16530 28.35220 29.61370 28.73280 29.18870 28.05260 25.49940 25.25750 25.61990 24.94940 23.05520 23.77890 23.55020 22.81290 27.56350 34.29670 46.59350 51.01410 68.03850 74.85880 68.92720 71.38050 58.39790 44.98990 41.96940 48.62620 43.27580 54.24280 52.68440 63.07680 72.78340 81.99080 87.55390 99.78680 97.41250 107.28700 93.02150 101.75600 98.66130 93.29020 86.44990 87.03100 87.10140 84.81430 84.09420 93.87520 88.63310 102.43600 103.88900 101.78700 91.73930 75.38050 62.04370 57.89520
-9999 -9999 -9999 -9999 -9999 -9999 -9999 -9999 -9999 -9999 36.25220 33.40100 35.48460 35.10690 29.30180 32.71350 32.72600 30.18110 28.10100 29.67160 30.46890 27.11930 26.58000 -9999 -9999 -9999 -9999 -9999 -9999 25.02630 26.12040 30.58410 39.44710 47.65010 54.96480 68.83390 69.19970 67.69170 63.96730 49.11430 40.66670 42.04020 42.20080 42.19690 41.10310 47.94430 51.83580 67.23650 79.52240 83.47810 90.77210 111.61000 111.80000 103.23900 98.63140 88.05030 83.53480 85.11310 86.74590 83.85210 84.24040 93.39220 97.55730 100.33200 102.65700 101.26700 92.66100 81.98890 58.19490 55.70880 48.91880
-9999 -9999 -9999 -9999 -9999 -9999 -9999 -9999 -9999 -9999 -9999 -9999 27.97870 23.89330 24.24580 16.37870 18.00950 17.79450 18.40510 -9999 -9999 -9999 -9999 -9999 -9999 -9999 -9999 -9999 -9999 -9999 -9999 -9999 -9999 44.43080 49.31980 60.70830 59.98830 58.10570 53.46310 42.28700 39.66910 44.95810 44.48480 42.06080 46.93770 45.79710 53.51950 65.75970 74.25190 79.52270 86.79020 94.28070 97.48740 95.03290 92.51420 85.37890 90.20550 86.95120 91.14950 84.49700 84.42890 100.60200 90.32200 102.54500 102.77000 95.04590 84.14130 74.59730 64.87150 67.56740 63.53940
-9999 -9999 -9999 -9999 -9999 -9999 -9999 -9999 -9999 -9999 -9999 -9999 -9999 -9999 -9999 -9999 -9999 -9999 -9999 -9999 -9999 -9999 -9999 -9999 -9999 -9999 -9999 -9999 -9999 -9999 -9999 -9999 -9999 -9999 45.48200 49.57700 45.29630 45.50660 45.96130 37.35740 36.65670 44.23640 39.74930 43.71330 42.76780 45.05560 57.61100 62.32860 73.17880 76.44240 81.27710 91.24240 93.95000 88.45510 83.59280 84.51360 92.07480 93.11520 93.71410 91.69610 94.71940 92.71890 100.69900 103.23400 104.57000 95.51870 82.02380 70.28130 64.04570 66.07390 68.90490
-9999 -9999 -9999 -9999 -9999 -9999 -9999 -9999 -9999 -9999 -9999 -9999 -9999 -9999 -9999 -9999 -9999 -9999 -9999 -9999 -9999 -9999 -9999 -9999 -9999 -9999 -9999 -9999 -9999 -9999 -9999 -9999 -9999 -9999 46.08620 42.55780 44.63400 43.94450 41.89740 35.17390 38.50380 35.02630 36.86030 49.92990 49.06800 58.51150 63.51350 67.97040 75.24380 80.82480 82.68680 84.70780 87.29100 97.68270 92.08760 88.26140 83.25190 89.73700 89.20440 85.34790 86.02460 89.16080 99.45360 104.16400 98.72690 82.96000 77.05820 67.51550 62.95000 68.34400 -9999
-9999 -9999 -9999 -9999 -9999 -9999 -9999 -9999 -9999 -9999 -9999 -9999 -9999 -9999 -9999 -9999 -9999 -9999 -9999 -9999 -9999 -9999 -9999 -9999 -9999 -9999 -9999 -9999 -9999 -9999 -9999 -9999 -9999 -9999 -9999 -9999 -9999 -9999 39.10650 38.57550 41.95260 40.09240 36.14860 45.93730 56.33040 59.53940 66.28510 69.67310 78.39190 82.24830 82.74800 78.87020 79.70570 93.99010 86.68450 85.47220 89.42970 92.00440 89.81680 90.45880 92.30620 92.75670 99.38900 100.48700 83.86010 79.81010 74.38990 71.61200 75.61930 -9999 -9999
