data/hydroclimate-scenarios/BCSD_hadcm_B1/monthly_summaries/et_monthly_tot_jul.2030-2059.asc
ncols	311
nrows	91
xllcenter	102.75
yllcenter	31.75
cellsize	0.5
NODATA_value	-9999
[rows 31 to 61 of 91, columns 0 to 70 of 311]
-9999 -9999 -9999 -9999 -9999 -9999 -9999 -9999 -9999 -9999 -9999 59.51170 55.87240 61.65190 60.48130 71.69920 77.15630 79.96410 78.62030 78.20640 73.92250 71.46820 71.01920 69.91040 70.06690 70.04670 70.75640 69.44390 66.59560 61.97050 61.78220 66.87990 63.64840 63.91850 62.65340 60.20960 61.31390 62.01450 70.46110 74.20790 76.86960 81.19380 66.21970 63.28970 61.03400 56.13530 55.43020 57.25920 65.92380 67.23780 66.81810 62.56990 63.09980 62.69590 61.45870 56.63850 57.06100 57.61220 56.59910 56.87850 56.99130 55.21110 55.35130 56.91700 56.96920 57.23690 63.09930 69.23550 79.47740 84.55080 93.70810
-9999 -9999 -9999 -9999 -9999 -9999 -9999 -9999 -9999 -9999 -9999 64.43740 66.64800 61.49500 68.23330 74.70430 76.84540 72.54080 76.07240 73.95190 74.50630 71.39240 69.36390 71.46330 57.91550 57.21160 58.47710 58.08890 58.36030 68.41790 69.56260 72.55190 68.10070 64.82400 63.30010 56.95230 56.95660 61.05350 60.85810 61.41960 66.10070 68.99670 66.69480 69.85410 71.11330 68.49420 72.90790 76.45390 78.93070 77.45270 78.10790 81.27760 79.61980 65.57760 62.89380 59.73570 58.70140 58.60840 58.67630 61.91550 59.83650 61.18960 55.50470 54.36960 54.29340 58.28650 62.34110 65.85670 75.65820 82.88850 92.98210
-9999 -9999 -9999 -9999 -9999 -9999 -9999 -9999 -9999 -9999 -9999 67.99680 69.66430 68.04370 71.95730 75.65790 76.93030 71.90840 71.09210 72.33610 74.18800 71.01050 56.69480 58.94490 61.74720 75.64520 74.97570 75.05890 71.05980 58.66300 63.57240 72.46310 68.22370 63.91110 59.66580 60.24260 54.68620 60.42440 60.34470 65.37960 70.53750 69.52180 74.95950 74.78490 76.24730 79.51540 83.14580 81.96610 83.83910 84.66250 83.78190 86.79980 84.70570 70.69310 75.68400 66.76630 66.21830 68.60110 64.87690 61.23100 61.18180 58.17820 56.71030 59.93180 53.57360 59.96700 63.63640 66.88760 72.75310 80.07560 90.10570
-9999 -9999 -9999 -9999 -9999 -9999 -9999 -9999 -9999 -9999 -9999 -9999 68.92060 68.57490 69.10260 70.91960 73.48590 69.95980 69.00690 63.94710 54.13200 71.47060 74.05200 82.36090 81.74700 85.96280 83.39240 91.72470 87.36310 81.44720 67.54090 57.81550 57.77070 57.27340 57.33030 61.42530 61.70980 65.85850 64.23750 68.85030 71.95260 75.95560 77.65440 84.43780 87.29870 84.28430 84.38510 84.86710 86.98590 89.56930 87.42760 83.82340 82.29330 78.48030 76.86560 75.08540 72.91610 61.81520 59.12720 56.55750 55.86300 60.44220 61.25810 61.41090 61.92420 56.94240 59.97380 72.07010 81.65100 86.04560 93.07030
-9999 -9999 -9999 -9999 -9999 -9999 -9999 -9999 -9999 -9999 -9999 -9999 68.17700 69.88600 70.22800 71.84750 70.20410 59.32690 58.98080 65.52780 69.27520 86.59900 91.34180 94.59140 99.95310 92.99070 92.23900 100.67700 93.56860 89.47610 86.46250 66.91730 59.94180 60.22300 58.90020 70.71660 76.79720 72.83670 72.99580 83.25290 72.92760 91.07000 95.19590 88.08360 93.64350 91.63420 89.87560 92.45190 95.93730 100.18500 100.99400 93.85890 91.99730 80.52060 77.54590 67.64030 65.52760 62.51440 74.02780 57.94660 58.59940 81.84090 82.05480 74.81530 65.26560 59.88700 64.08890 73.95880 78.91370 82.81520 85.56650
-9999 -9999 -9999 -9999 -9999 -9999 -9999 -9999 -9999 -9999 -9999 -9999 71.03190 67.20680 58.14990 61.26610 62.00210 72.34220 72.38080 74.89230 82.31260 88.78150 91.77120 99.55910 98.84220 100.73200 95.79220 88.36620 86.30430 82.14650 80.18640 65.92870 73.50570 74.57390 69.29920 70.33460 69.49530 75.21100 76.14060 83.16330 92.33200 100.30700 100.75300 95.23110 94.53500 94.25230 101.10600 104.59500 103.18300 102.12900 101.04600 99.59900 96.54010 88.35140 82.61710 80.29940 78.79620 82.60540 81.43060 66.69850 80.78510 85.52070 85.25280 83.52610 68.43800 71.55890 74.14240 76.79710 82.21640 82.27060 83.11590
-9999 -9999 -9999 86.53590 81.79670 81.95040 80.22300 78.08480 80.36450 -9999 73.34230 62.90570 61.09490 68.48470 68.17470 71.84540 73.42970 71.38280 79.76100 84.44140 83.58520 86.24850 92.97360 96.39350 94.19010 94.58040 88.99390 95.71250 92.30540 100.02200 93.32710 78.93960 86.01210 90.10240 81.59510 84.21730 84.72630 88.51570 83.38260 86.31310 90.97970 98.52810 98.82910 94.99850 101.28800 108.88300 113.67000 106.11300 110.25900 108.41000 104.61900 99.86970 99.29590 99.14070 94.83990 97.44200 96.61530 88.07310 89.38370 85.06100 68.59910 87.11050 84.44200 87.26120 87.13230 88.86360 91.93650 93.01000 93.13060 93.53560 92.82830
-9999 -9999 -9999 75.63710 74.93810 73.06040 75.99910 75.20760 76.03280 69.97080 65.30710 63.12220 71.93110 75.24220 75.79310 81.73210 79.21690 84.04350 86.30280 85.56250 87.57360 94.32820 90.56140 88.20410 91.38550 83.13600 85.94750 93.73170 98.94740 100.43400 101.86600 96.75900 97.92510 93.42580 89.48890 86.84160 91.06260 101.89800 94.89990 98.96350 104.40200 104.81700 100.35700 104.92200 109.80700 113.85000 115.45800 114.69400 112.30700 110.63200 110.38600 109.99400 109.96400 107.86600 103.19000 101.02100 96.16150 92.61270 94.69050 92.51300 91.37520 96.24450 94.70290 88.52450 92.18330 89.63150 90.33260 91.38540 94.13580 90.93510 88.86550
-9999 -9999 -9999 74.52660 71.40270 75.47260 65.10910 66.33590 64.12080 65.36750 65.18330 63.84640 78.57350 88.80080 97.25150 93.28470 87.63400 89.57620 89.86040 92.16720 94.93440 95.28140 98.86960 96.28770 102.20200 92.25170 92.04650 94.50670 93.91160 101.39700 104.97600 107.61900 99.67910 93.75610 94.67460 92.43640 93.26640 99.39100 97.42390 99.05560 103.06100 106.94300 106.79400 107.96100 111.19600 118.03300 117.98800 112.48300 112.35800 117.71900 115.68200 110.98800 109.72800 108.63400 105.04200 101.99200 98.85650 93.74740 95.50250 97.98340 90.30630 94.06940 97.49390 95.52120 93.05980 92.86000 93.91880 95.37150 93.20160 91.28490 88.67670
-9999 -9999 -9999 75.55540 69.69360 73.66620 65.94680 65.24680 66.25850 68.33880 64.64390 74.31090 90.19290 91.06490 97.17160 91.68510 96.56730 100.29400 98.61160 96.99360 100.96200 104.38800 106.20200 102.01800 101.84200 91.06840 93.95470 99.15300 105.13000 102.69600 99.21530 91.98910 97.75790 102.56900 103.58500 97.10590 92.65710 87.96330 94.65740 102.87300 107.66800 110.59200 111.77700 112.50000 111.21300 115.31400 116.10200 118.00200 121.10100 120.76400 119.78800 112.02400 110.63700 108.29800 108.55500 104.03400 100.28300 98.92020 98.57090 96.82030 101.23800 99.30570 100.24100 103.03800 100.57700 93.44630 98.75890 99.32840 95.56860 93.97040 89.85990
-9999 -9999 -9999 76.67060 68.33200 74.71170 66.91110 65.71100 68.41060 68.42790 63.12140 68.85260 90.08220 94.39150 100.93100 99.71010 102.06500 99.16490 96.38220 87.35760 97.06870 106.40800 106.29200 94.17830 90.95630 86.52850 82.31660 91.40650 99.72930 105.04200 103.60700 101.27700 103.33200 99.77210 100.26300 101.21600 101.70700 96.71810 95.55940 103.06100 109.15300 112.54500 117.05400 120.47000 115.87100 115.53200 115.77700 119.78500 117.43200 120.79900 118.66100 107.82100 106.25600 110.23200 106.45900 106.20200 101.59400 97.73470 100.48300 105.84200 101.32800 106.17600 106.66700 104.81100 102.72600 100.17600 101.46900 98.59820 97.37700 94.26650 90.74310
-9999 -9999 -9999 -9999 73.65970 76.20150 72.38770 69.48330 70.23440 69.54430 60.95940 71.69550 95.45710 79.71910 -9999 -9999 -9999 -9999 -9999 104.55900 107.67600 104.05300 105.11000 111.27900 108.86600 101.07900 86.43190 93.52720 95.74990 93.72600 99.21100 98.63040 101.37800 99.16040 92.20100 91.44430 93.83470 94.80600 98.54470 98.52060 101.34800 106.76900 109.83100 112.80500 114.01100 114.02500 115.14800 114.66800 113.04100 110.50500 115.16800 116.91400 115.32100 114.08300 112.65400 112.54600 111.45400 109.20800 103.26300 101.37000 105.05800 108.15800 109.43900 108.70000 108.68500 107.65500 105.11900 98.37540 103.24200 -9999 -9999
-9999 -9999 79.72120 78.25080 76.34350 74.85130 75.16880 73.85110 69.03930 68.85750 62.31940 74.86590 96.73300 -9999 -9999 -9999 -9999 -9999 108.45300 107.56500 105.90400 99.32960 99.84120 107.96600 105.76900 102.25300 87.03430 83.38650 85.54870 83.22030 87.51580 90.27790 90.68490 89.10470 87.09340 83.53740 90.20980 95.02170 97.41600 97.40760 102.41300 102.74700 104.91900 109.70800 110.34400 112.05900 113.74700 112.87800 110.26400 109.74800 111.48200 111.53100 104.72100 106.81300 106.75900 108.87700 111.54000 109.04600 106.72800 103.14600 103.78800 110.06400 113.26000 112.16800 110.32400 108.93000 105.07400 -9999 -9999 -9999 -9999
-9999 -9999 81.07400 81.37590 78.14950 74.99420 72.67950 75.89660 73.76360 67.82060 75.53890 76.15730 80.91220 -9999 -9999 -9999 -9999 92.53270 107.69600 102.22200 100.74100 99.40490 97.41160 97.59260 88.85690 83.12780 85.28140 85.99200 82.89920 76.35250 83.07920 90.37000 87.93790 83.07540 85.95000 87.22990 87.04280 90.08460 97.19520 100.77700 95.45240 99.05720 103.15900 103.28700 104.02200 102.72900 101.79400 105.38300 101.77000 108.56000 105.64500 105.84400 104.27500 107.44800 109.56000 101.01300 102.11800 111.32300 112.41200 106.70500 106.56700 110.50500 109.69600 112.22300 108.75800 -9999 -9999 -9999 -9999 -9999 87.21560
-9999 -9999 83.95170 87.05970 84.81880 79.82470 78.91820 77.11230 74.74200 72.09340 86.30250 88.40660 76.05010 -9999 -9999 -9999 -9999 100.34400 104.80300 99.47820 95.43280 86.66260 84.65970 77.97340 78.62340 79.83010 86.98940 83.22120 81.94420 79.88030 82.02310 86.27440 88.84260 88.22790 85.99060 86.75420 85.43440 89.05510 95.69030 93.94890 93.51670 93.68090 96.40330 98.17420 98.26970 103.59400 103.57000 100.03600 97.88820 102.94700 103.48100 104.84200 108.32100 109.75000 108.71800 101.41000 102.70800 108.70500 107.99500 104.45300 104.30000 104.09900 105.68800 109.29000 107.31100 107.72900 104.43100 99.10590 88.84740 -9999 -9999
-9999 -9999 -9999 88.23200 88.78440 85.83320 81.66990 79.71630 80.35270 78.68550 75.10750 90.00260 -9999 -9999 -9999 -9999 97.77360 103.38200 93.59960 93.96520 85.16360 81.46260 83.72820 80.51940 81.76720 79.84220 79.19950 84.04040 82.28060 86.82640 87.32310 79.16140 78.08880 80.93140 82.84070 82.83170 83.19170 83.97300 87.52530 89.33720 90.03820 92.04050 85.97010 87.57100 89.36830 92.94960 100.35600 99.64600 102.39000 101.13700 104.29400 102.96100 103.15600 101.92200 101.91600 103.07100 106.32800 109.96800 110.35000 109.42800 112.81900 113.86700 117.19600 110.54200 103.40600 104.59300 104.13100 102.73500 93.10390 92.80230 -9999
-9999 -9999 -9999 -9999 92.00860 88.97500 85.26420 86.02940 86.24130 77.71850 73.39940 -9999 -9999 -9999 -9999 87.43240 99.15230 94.61760 81.60300 88.40280 86.10800 85.33820 84.89500 84.28110 84.55320 77.26050 77.84040 80.47040 83.36690 82.26310 84.96400 74.96850 73.88690 76.55580 79.55020 79.00600 79.07810 80.62680 83.49050 88.90570 93.10430 92.29570 90.60310 88.59750 87.24550 89.92970 90.86240 93.84860 95.68100 101.92800 101.27200 107.74200 107.23900 103.41800 105.46200 106.28300 102.93200 109.99400 111.13200 113.29100 117.52400 117.47500 115.73100 105.31600 104.61400 106.79200 101.84200 96.87430 94.25900 88.59450 87.15850
-9999 -9999 -9999 -9999 -9999 -9999 87.16260 86.45570 94.84990 71.40380 69.05960 -9999 -9999 -9999 -9999 -9999 89.20180 92.57980 92.53280 90.51660 90.48300 81.78550 86.49160 87.49840 86.54710 80.46820 76.85520 76.58040 75.91290 76.14320 79.41200 73.81470 71.00120 75.12170 76.79920 79.31930 80.85370 85.58140 84.99310 88.94070 92.47950 97.40820 98.45990 98.89620 91.97300 90.20600 90.91090 94.85740 98.29700 96.76970 98.93910 96.94660 95.56450 90.29470 91.04350 92.61070 104.06200 108.29800 111.22400 108.42100 111.82200 111.93900 111.24800 104.09300 108.85800 101.79500 103.26500 93.46930 90.71660 88.87200 89.28610
-9999 -9999 -9999 -9999 -9999 -9999 -9999 -9999 -9999 -9999 -9999 -9999 -9999 -9999 -9999 -9999 -9999 -9999 -9999 92.65090 91.09410 85.20830 84.44100 87.27340 84.08610 79.63820 80.62510 77.90270 79.20320 81.95340 78.23980 71.08210 71.87260 73.49030 75.88780 79.94420 79.01970 80.51820 83.68880 88.62940 91.41050 93.51390 93.72720 93.76440 95.99120 93.84880 95.04830 94.45330 97.85240 96.25700 98.00480 96.25600 97.39610 93.51330 98.50440 103.52000 100.73500 111.38600 110.87700 109.65200 116.48800 118.38200 109.03900 103.47000 101.02700 102.48200 97.59750 90.57160 88.03320 95.49290 94.22290
-9999 -9999 -9999 -9999 -9999 -9999 -9999 -9999 -9999 -9999 -9999 -9999 -9999 -9999 -9999 -9999 -9999 -9999 82.11890 96.40900 95.52260 90.54880 89.24150 74.58230 73.79310 76.45030 73.39930 77.34620 77.96170 77.20840 76.28750 76.35260 77.17460 79.73050 79.62670 74.94380 78.30490 78.61120 83.47330 85.97660 89.97990 89.55670 91.25310 98.06420 98.97910 94.25030 97.24190 114.09100 110.01300 117.61900 119.65500 89.40000 89.93600 89.30610 92.05870 98.91280 103.40300 112.90900 120.09300 118.91100 122.96900 119.17400 114.07600 112.11400 115.35700 102.40200 93.41830 92.25100 77.84580 89.87400 88.72050
-9999 -9999 -9999 -9999 -9999 -9999 -9999 -9999 -9999 -9999 -9999 -9999 -9999 -9999 -9999 -9999 -9999 78.35660 80.96640 91.20580 89.74730 88.49790 90.57930 75.94550 75.99880 76.03470 73.36430 77.35460 74.56400 73.42820 73.38720 74.27750 75.67330 78.56320 81.26380 79.95000 80.93720 83.57980 84.04260 86.69830 91.62850 87.65800 91.15240 94.14590 99.14410 100.25300 94.35620 113.39500 114.64700 121.31200 121.84700 95.01710 95.04750 92.39940 92.35080 97.32190 106.15100 112.91800 114.38600 115.81500 117.11100 117.26300 116.63700 114.88100 106.31000 96.76330 96.07220 91.27030 80.00820 78.19830 76.93230
-9999 -9999 -9999 -9999 -9999 -9999 -9999 -9999 -9999 -9999 -9999 -9999 -9999 -9999 -9999 -9999 -9999 78.93460 79.43810 88.43040 85.60960 80.10130 83.78550 77.90480 74.14630 76.41220 73.46130 71.66400 70.83170 70.47640 73.47030 72.49670 73.85420 81.82390 84.49980 85.27720 85.64240 89.61170 96.57330 93.34780 93.28670 90.92880 88.07190 98.73280 97.74350 95.95320 93.48410 117.23600 118.53900 111.41800 117.49300 100.58400 102.18300 100.47600 97.40300 99.26070 99.59180 108.28400 109.61500 114.81800 113.56200 112.75800 114.09700 111.18400 108.61100 109.44500 104.20200 102.73800 89.09680 87.42430 86.72890
-9999 -9999 -9999 -9999 -9999 -9999 -9999 -9999 -9999 -9999 -9999 -9999 -9999 -9999 -9999 -9999 77.46260 76.93490 79.95590 84.97020 84.02870 80.42650 82.27630 72.93030 69.12750 73.35100 70.46210 65.84620 67.05210 70.56980 71.40700 70.12600 69.28330 78.04050 83.78580 87.84710 87.59920 85.94710 95.80730 94.23970 94.40020 88.43770 89.16910 94.20390 98.05940 93.39790 93.35600 115.93700 116.04700 112.02300 119.58800 100.03900 101.52800 99.75640 97.64580 99.49160 99.71720 100.73800 110.54000 115.20100 115.40000 113.89700 114.42700 107.84300 107.29500 106.36300 104.07500 93.95830 86.13810 90.87560 90.94350
-9999 -9999 -9999 -9999 -9999 -9999 -9999 -9999 -9999 -9999 -9999 -9999 -9999 82.02020 86.29040 82.24910 85.23070 85.17490 81.05580 77.69870 78.13850 75.02010 75.52460 78.56770 75.57400 65.25840 63.94360 69.60500 69.34960 68.63140 69.42880 71.32280 75.16320 79.56320 83.62090 91.58540 93.93610 94.20840 101.88300 98.68080 98.55300 89.67310 91.55250 95.30770 99.22960 101.88600 101.78600 103.35800 104.41600 112.26600 119.96800 124.11600 130.61700 131.71201 129.07800 119.42700 119.65700 117.34100 133.77800 135.38600 138.82201 127.92700 130.91800 130.78999 129.60100 126.98600 128.93700 97.32050 98.29220 91.56680 92.02650
-9999 -9999 -9999 -9999 -9999 -9999 -9999 -9999 -9999 -9999 -9999 -9999 83.21220 83.11120 81.11960 79.62310 78.82850 84.77910 86.08180 77.01810 79.01670 72.26740 72.00260 74.87420 73.16680 63.68610 62.35000 68.17650 67.41570 66.70710 67.31690 69.05410 71.66850 76.55230 81.29370 90.50280 98.64660 100.05900 100.14700 95.82380 98.98550 94.77210 94.10290 94.99440 99.93750 107.44000 111.39000 106.67900 107.05000 112.12300 118.53900 131.41600 122.83200 131.87000 123.63200 120.81800 115.27800 139.06100 139.38200 127.51200 128.54500 126.07600 131.96600 134.81000 128.71899 132.35300 124.40200 105.34000 99.17780 108.17100 98.67890
-9999 -9999 -9999 -9999 -9999 -9999 -9999 -9999 -9999 -9999 -9999 84.61720 88.94810 86.24980 86.89670 84.00260 83.55170 81.71230 80.28030 78.16830 77.00140 71.44040 70.95260 69.27230 68.60330 63.15460 62.04830 62.95350 63.38050 69.70050 73.21180 70.09730 71.94510 75.51610 79.93300 93.92470 97.25740 98.32290 100.29800 96.45490 93.78080 95.35340 95.55270 97.13020 101.24500 104.12100 106.90100 110.33100 116.68900 109.62500 110.36300 132.20000 136.55701 118.44200 134.80800 137.56000 115.96500 134.20000 135.14900 119.88300 125.16800 122.35000 130.95399 137.84000 134.09200 141.09700 136.77800 104.52000 109.73100 108.10900 97.29180
-9999 -9999 -9999 -9999 -9999 -9999 -9999 -9999 -9999 -9999 83.99360 89.85010 88.54260 90.10220 87.24860 80.29840 79.33310 77.76760 77.07840 74.93780 72.77420 66.89130 66.70600 65.03190 63.94030 59.82670 60.46180 61.20610 63.05800 73.35620 76.28550 71.17580 74.02070 77.22140 79.85940 89.23930 94.42350 98.06410 95.64840 93.01980 91.29190 94.93160 92.16480 95.37380 99.46580 99.94740 103.83600 107.49500 114.95500 113.80400 110.23200 132.31599 115.02900 133.39700 132.04201 130.90700 116.36200 119.73100 122.61400 122.49100 122.23500 122.21800 135.53101 129.65601 126.43300 128.71300 137.83800 101.65600 109.93300 101.21300 94.22080
-9999 -9999 -9999 -9999 -9999 -9999 -9999 -9999 -9999 79.72800 80.37900 81.67480 82.99610 84.99790 84.60210 76.98760 76.24770 76.80450 72.94780 72.94040 71.95850 68.54530 68.58620 63.84230 63.57810 63.02040 63.03300 67.68260 71.29850 74.80270 76.95730 81.04390 85.33030 91.60830 97.22200 87.30820 95.61570 89.97120 88.66390 89.72530 96.74870 94.17350 94.75210 88.32550 96.10910 97.49320 101.89400 109.54900 118.37600 119.76700 115.34300 116.10700 136.19800 122.92200 137.10600 113.00400 118.52200 125.55200 125.27800 130.21001 126.69800 129.60001 131.17799 122.42800 120.98500 126.30100 124.44000 123.49800 110.76200 102.93700 99.14700
-9999 -9999 -9999 -9999 -9999 -9999 -9999 -9999 -9999 -9999 73.92030 74.91740 75.85680 75.96500 72.37090 71.12480 70.43660 70.25600 68.65740 68.34320 67.80720 64.44160 63.32580 -9999 -9999 -9999 -9999 -9999 -9999 74.86510 79.23820 82.30150 86.28280 92.91690 98.64590 86.13230 88.49740 86.40730 88.37440 92.47200 97.48900 94.59780 93.42070 88.77750 91.85370 99.39440 102.54000 109.85900 113.97900 116.98300 115.48800 127.21500 132.75600 137.48599 125.22300 114.01900 119.05500 122.17800 120.66500 120.84000 125.06200 128.33701 138.74001 129.74600 124.49700 123.54500 124.19700 116.67700 102.90500 100.35600 95.93000
-9999 -9999 -9999 -9999 -9999 -9999 -9999 -9999 -9999 -9999 -9999 -9999 68.14220 68.23720 68.16710 55.99030 56.52840 54.17620 54.09100 -9999 -9999 -9999 -9999 -9999 -9999 -9999 -9999 -9999 -9999 -9999 -9999 -9999 -9999 91.46910 97.55380 84.63530 90.25240 95.16100 100.90400 100.94500 98.70990 97.78940 97.71970 95.16980 98.74540 96.98010 101.76300 112.82500 115.68300 117.00600 118.10700 119.51400 119.89800 118.06600 125.33900 111.30300 110.70900 113.30800 119.75000 112.35500 115.93800 121.08500 117.72100 128.40900 123.47000 119.27300 119.18700 107.62700 103.03800 103.60900 101.98700
-9999 -9999 -9999 -9999 -9999 -9999 -9999 -9999 -9999 -9999 -9999 -9999 -9999 -9999 -9999 -9999 -9999 -9999 -9999 -9999 -9999 -9999 -9999 -9999 -9999 -9999 -9999 -9999 -9999 -9999 -9999 -9999 -9999 -9999 100.49200 94.88450 92.44880 103.60000 107.17200 101.72100 99.38390 100.84500 96.55790 95.89150 95.04810 97.91180 107.06600 112.10600 115.96300 119.42100 119.93700 118.43100 124.99700 123.96200 128.92101 113.94500 109.64400 112.35500 116.52900 121.94100 122.17800 123.83100 125.56400 126.63200 120.54300 127.07800 116.06800 106.18200 103.23400 102.64200 101.46000
