data/hydroclimate-scenarios/BCSD_hadcm_B1/monthly_summaries/et_monthly_tot_mar.2070-2099.asc
ncols	311
nrows	91
xllcenter	102.75
yllcenter	31.75
cellsize	0.5
NODATA_value	-9999
[rows 32 to 63 of 91, columns 0 to 71 of 311]
-9999 -9999 -9999 -9999 -9999 -9999 -9999 -9999 -9999 -9999 -9999 5.03302 4.88078 4.70688 4.78273 4.44390 4.29533 3.94272 4.19203 4.07324 4.01289 4.17583 4.31275 4.45424 4.49269 4.43595 4.37367 4.31808 4.41735 4.66852 4.56782 4.51901 4.64972 4.50574 4.34194 4.29708 4.18590 3.97890 3.80790 3.52057 3.37852 3.07108 3.12002 3.02222 2.73602 2.83620 2.80456 2.87424 2.95106 3.20397 3.25740 3.23837 3.24606 3.52135 3.65892 3.69662 3.72166 3.57424 3.66782 3.52410 3.56538 3.64288 3.79000 3.66324 3.79826 3.96714 3.86855 3.69730 3.05964 2.57837 2.73591 2.14963
-9999 -9999 -9999 -9999 -9999 -9999 -9999 -9999 -9999 -9999 -9999 5.22276 5.01826 4.96685 4.69939 4.62329 4.54948 4.41026 4.36687 4.31137 4.29911 4.41405 4.49882 4.61478 4.40937 4.30477 4.25204 4.40823 4.54994 4.96406 4.57798 4.73075 4.73708 4.73895 4.61016 4.08630 4.39162 4.21534 3.97627 3.47695 3.57904 3.13543 3.23280 3.11873 2.96884 2.88969 2.78881 2.89570 2.93090 3.05891 3.01283 3.21365 3.18025 3.48256 3.65780 3.78662 3.69148 3.55418 3.73976 3.77724 3.79004 3.77131 3.77677 4.28183 4.26682 4.02591 3.75640 3.35671 3.10666 2.72903 2.77869 2.28520
-9999 -9999 -9999 -9999 -9999 -9999 -9999 -9999 -9999 -9999 -9999 -9999 5.39482 5.43667 5.42084 5.18696 5.13710 5.10882 5.14070 5.03446 4.98893 4.78590 4.53803 4.27047 4.14095 3.70605 3.90812 3.85566 4.46836 4.70703 4.82204 5.11454 5.08536 5.12454 5.06624 4.88036 4.62778 4.52755 4.29435 3.70065 3.60709 3.44235 3.30375 3.47650 3.37561 3.15776 3.13440 3.39295 3.40816 3.49546 3.41790 3.35886 3.45610 3.60265 3.31058 3.22312 3.35462 3.63927 3.87045 4.37248 4.36695 4.36883 4.34467 4.60868 4.62233 4.41206 4.42404 4.35661 3.64638 3.51167 3.90958 3.93500
-9999 -9999 -9999 -9999 -9999 -9999 -9999 -9999 -9999 -9999 -9999 -9999 5.68665 5.68769 5.59252 5.37370 5.42590 5.36628 5.38660 5.15335 5.13749 4.30825 4.04773 3.42620 2.93139 3.41820 3.57874 3.77274 4.21300 4.62237 4.58523 4.76568 5.41089 5.47518 5.35057 5.14936 4.74731 4.78493 4.79891 4.22080 3.91592 3.63196 3.54874 3.77595 3.70725 3.53950 3.58592 3.73272 3.60743 3.65923 3.57443 3.28059 3.19888 3.45393 3.53032 3.51120 3.62513 3.75315 4.16753 4.75232 4.73054 4.47578 4.42268 4.47958 4.78141 4.73283 4.41926 4.36452 4.05631 4.06280 3.96944 4.25667
-9999 -9999 -9999 -9999 -9999 -9999 -9999 -9999 -9999 -9999 -9999 -9999 5.71503 6.06211 6.04991 5.78766 5.72470 5.66301 5.58099 5.15529 4.93447 4.49778 4.31930 3.75951 3.88046 3.85628 4.33764 4.93702 4.86806 5.44182 5.58818 5.81891 5.52977 5.38842 5.77298 5.92207 5.85900 5.21087 5.27071 4.81984 4.32419 3.73536 3.83688 3.82750 3.73572 3.59696 3.48527 3.29447 3.56016 3.95956 3.68193 3.93638 3.48911 3.98259 4.44820 4.37846 4.17929 4.43474 4.58524 4.90745 4.91561 4.87879 5.01376 5.18588 4.99354 5.41762 5.30445 5.13580 4.78040 5.37296 5.47874 5.43365
-9999 -9999 -9999 5.69857 5.61170 5.49370 5.59078 5.63356 5.49977 -9999 5.43752 5.68703 5.91800 6.12801 6.15393 5.93117 5.79524 5.91153 5.43192 5.10970 5.07537 4.82874 4.64339 4.51607 4.44108 4.80593 5.22612 4.66471 4.94034 4.88567 5.52502 6.01485 5.65463 4.94482 5.56277 5.82618 5.80168 5.16507 5.38704 5.13454 4.86932 4.24461 4.20202 4.07738 3.76560 3.05931 2.78999 2.98217 2.90348 3.66906 3.66555 3.62984 3.27093 3.41472 3.70993 3.17924 3.18293 4.26091 4.17415 4.96809 5.21119 5.13757 5.24886 5.14371 5.23185 5.65713 5.37797 5.05041 5.15848 5.49075 5.47349 5.47783
-9999 -9999 -9999 5.71835 5.65000 5.58565 5.42648 5.48190 5.45582 5.73661 5.58404 5.89315 5.63395 5.82175 5.56725 5.64302 5.62100 5.51155 5.46635 5.52139 5.48626 5.09527 5.32065 5.45345 5.14815 5.51457 5.41068 5.32611 5.23336 5.08352 5.77930 6.32757 6.19891 5.63486 5.58474 5.67278 5.74521 4.91879 5.54200 4.63001 4.22956 4.10322 4.72215 4.12193 3.25117 2.47635 2.50935 3.16811 3.09618 3.00054 2.88292 2.60654 2.56901 3.12530 3.43033 3.68513 3.89934 4.17642 4.02296 4.82229 5.08389 5.57212 5.64209 5.75151 5.64356 6.59599 6.42641 6.92250 6.65810 7.22901 6.80980 8.49912
-9999 -9999 -9999 6.02183 5.91574 5.77670 5.57684 5.72620 5.82836 5.92557 5.76168 5.82408 5.63716 5.47440 4.98528 5.73409 5.49681 5.51228 6.07540 5.87475 5.61698 5.21111 5.53698 5.00313 4.64363 5.71068 5.68948 5.86476 5.89734 5.52303 5.28494 6.19099 6.76477 6.25303 5.95123 6.09173 6.18724 5.77507 5.61981 4.56673 4.23835 4.08972 4.69360 4.59845 4.15777 2.91431 2.98542 3.39625 3.25556 3.05676 2.97446 2.90454 2.91735 3.37059 3.69383 4.10871 4.22235 4.73343 4.46790 5.12799 5.45476 6.13135 6.23847 6.09400 6.26679 6.54140 6.57398 6.98756 6.32288 6.78389 6.60253 8.74399
-9999 -9999 -9999 6.20707 6.36495 5.72106 5.83301 5.56651 5.57131 5.63362 5.75108 6.20708 5.34908 5.59352 5.20580 5.68567 5.67181 5.51690 5.79887 6.17562 5.75520 4.88186 4.63417 5.29267 5.73657 6.34787 6.67506 7.08673 6.47036 6.11327 6.57451 7.99329 7.38278 6.52519 6.22623 6.60671 7.16404 7.40616 6.98173 6.20959 5.53358 4.82251 4.55361 5.07066 5.62436 4.58378 4.23417 4.44755 3.80556 4.05941 3.79811 3.76161 3.72951 4.11006 4.45744 4.72684 4.75963 4.64545 4.68066 5.17803 4.73469 5.93754 6.08513 6.43436 6.31090 7.30675 7.17587 7.35440 6.90040 7.69674 8.35989 10.02760
-9999 -9999 -9999 6.56405 6.73764 5.85637 5.83306 5.87022 5.64407 5.84507 6.22824 6.11291 5.41479 5.41698 4.91649 5.50289 5.39009 5.78623 6.63394 7.35224 6.86484 5.75022 5.70770 6.87407 7.19511 7.70215 8.21847 8.36289 7.60372 7.28197 7.48369 7.86806 7.72043 7.75210 7.74028 8.30027 8.02602 7.96449 7.96753 6.94736 6.27319 5.65776 5.04696 4.78517 5.67512 5.09381 4.93197 4.76885 4.66194 4.64197 4.63642 4.77012 4.62077 4.43700 4.99257 4.75872 5.49889 5.48965 5.26772 5.15092 5.45333 6.14654 6.34241 6.30580 6.35971 8.43251 8.15478 7.26755 7.09030 8.91977 9.92864 -9999
-9999 -9999 -9999 -9999 6.11738 5.66596 5.72143 5.41527 5.36738 5.84454 5.98984 5.66228 4.06694 5.29282 -9999 -9999 -9999 -9999 -9999 6.45944 6.96048 8.13879 7.79739 6.70850 7.32400 8.24599 8.97332 8.61261 8.32847 8.91222 8.98492 9.55062 9.55236 10.66770 10.37700 9.48453 9.05071 8.87820 8.83990 8.46524 8.42392 7.91513 7.48736 7.03082 6.99241 7.32944 6.90043 5.90870 6.25999 6.99514 6.58811 6.86574 7.26263 7.16191 7.10058 5.54251 5.39179 5.76112 5.84239 6.31568 6.11513 6.07036 6.13516 7.16742 7.30157 7.82632 8.11612 9.96201 10.48460 -9999 -9999 -9999
-9999 -9999 6.91278 6.56164 6.38245 6.19800 5.98043 5.45783 5.99686 6.12092 6.27771 5.96111 4.53099 -9999 -9999 -9999 -9999 -9999 5.68025 7.61440 8.01581 9.50050 9.57257 8.45099 8.49704 8.96713 9.04395 8.67004 8.53851 9.19367 9.30561 10.00960 10.22020 10.24100 10.18110 10.03800 9.92461 9.86763 9.89273 9.48503 8.98157 9.03818 8.70301 8.65007 8.81909 8.79544 8.36228 7.72265 8.20343 9.19860 9.18213 8.97573 8.32935 8.76090 8.11527 7.51518 6.82524 6.39853 6.41217 7.61562 7.42237 7.26730 7.08135 7.71039 8.03673 9.28733 9.72880 -9999 -9999 -9999 -9999 -9999
-9999 -9999 7.41708 6.84829 6.96673 6.70462 6.63510 5.82525 6.34023 6.24135 5.84433 5.51698 5.61665 -9999 -9999 -9999 -9999 7.06323 6.98506 8.96393 9.41998 9.75119 8.94574 8.76354 8.33726 8.27309 8.80736 8.84128 8.26273 8.33106 8.76827 10.07490 10.12700 9.70894 10.32600 9.76310 9.79440 10.50610 10.37940 10.42470 10.51000 10.21220 10.00850 10.52900 10.35710 9.62334 9.73918 9.95920 10.99280 10.72460 11.01050 11.00800 10.83680 10.61520 10.63430 10.35300 9.79886 7.41151 7.01806 7.55823 7.79987 7.03884 7.54367 9.40362 9.94823 -9999 -9999 -9999 -9999 -9999 11.24070 -9999
-9999 -9999 8.11176 7.20188 7.12750 6.86677 7.03432 7.05506 6.90745 6.39782 6.11841 5.73132 8.00234 -9999 -9999 -9999 -9999 7.09119 8.16884 9.54521 9.20715 6.94337 5.90276 6.76671 6.53945 7.43472 8.54724 8.03787 7.72351 8.07363 8.30399 9.56400 9.58474 9.58489 9.79515 9.93460 9.93127 10.21950 10.13060 10.60940 10.49490 11.32360 11.38730 10.81390 10.89160 9.76648 9.76890 10.10950 10.57920 10.38180 11.02050 11.57560 11.98530 11.51770 10.97540 11.41400 11.18130 9.12395 9.00084 9.03223 10.12750 9.94806 9.83663 10.63080 9.71183 9.32260 10.79320 9.84842 9.45358 -9999 -9999 -9999
-9999 -9999 -9999 8.23276 8.07164 8.41908 8.52663 7.70315 6.99124 6.41594 6.85035 7.45342 -9999 -9999 -9999 -9999 6.95958 8.06190 9.00969 9.31837 8.22665 6.39407 6.35969 6.21410 6.65464 7.36485 7.65688 7.98050 8.12946 8.60781 8.64591 8.27558 8.43665 8.72798 8.79585 9.44700 9.47730 9.88778 10.56230 10.84920 10.92800 10.39560 9.75966 10.14560 10.57260 11.59030 11.26980 10.64000 11.08900 11.09200 11.19010 10.41820 10.52710 10.91650 10.31400 9.71197 10.13060 8.91298 8.96437 9.57038 9.97496 9.42583 8.21548 6.20399 5.39167 8.35366 9.82697 9.54333 9.47749 9.83493 -9999 -9999
-9999 -9999 -9999 -9999 8.91990 8.93533 8.93867 7.43320 6.97849 7.74973 8.53744 -9999 -9999 -9999 -9999 6.43680 7.15288 9.22565 9.04080 8.79739 7.70582 5.84541 5.80307 5.18427 5.52206 6.17228 6.65191 6.75122 7.47420 8.25380 8.43990 7.51248 7.46284 7.66782 8.23258 8.72836 9.00015 9.36993 9.57096 10.53580 11.64230 10.50220 9.22543 9.54428 9.25967 10.00910 10.48680 10.12780 10.39460 10.63560 11.12410 12.04710 11.68040 11.42560 12.06880 11.74460 11.58050 10.31360 10.25480 10.62830 9.74870 8.65881 8.53859 8.26480 7.22090 9.20877 10.38300 10.66840 9.72648 10.34250 10.17770 10.86550
-9999 -9999 -9999 -9999 -9999 -9999 8.64766 8.13581 8.80289 8.63896 8.44389 -9999 -9999 -9999 -9999 -9999 9.38399 9.70435 9.54446 8.64381 7.94967 6.14002 5.79150 5.81154 5.71978 6.19522 5.86403 7.01948 7.30100 8.01551 8.16344 7.97925 7.81230 7.91126 8.40155 8.09726 8.49866 8.87636 8.63842 9.40031 10.20560 9.44943 9.93236 9.53560 8.63610 7.77503 8.11581 9.26810 10.00460 9.53337 10.54840 10.74250 10.99210 10.39420 10.67640 11.22400 11.41250 11.01330 10.86210 9.98225 8.72837 7.77223 7.56535 7.15405 6.31217 8.04904 9.18173 10.69230 10.21180 10.63700 9.60209 9.80950
-9999 -9999 -9999 -9999 -9999 -9999 -9999 -9999 -9999 -9999 -9999 -9999 -9999 -9999 -9999 -9999 -9999 -9999 -9999 8.39572 7.40624 7.11621 6.05920 5.41104 5.84806 6.19243 8.31992 9.19464 10.48710 9.58326 8.55514 8.04784 8.07012 7.99678 8.20680 7.96761 7.86363 8.10287 7.98187 8.94271 8.77073 7.97741 8.01547 7.57860 8.12692 7.52586 7.57678 8.68571 9.66889 9.65395 10.06190 9.88910 10.25200 10.04400 9.85137 10.72510 10.84130 12.05670 11.44720 10.22520 8.98067 8.28595 8.05317 7.29397 6.91716 9.60395 10.42600 11.48450 11.12070 10.24280 9.18628 9.10257
-9999 -9999 -9999 -9999 -9999 -9999 -9999 -9999 -9999 -9999 -9999 -9999 -9999 -9999 -9999 -9999 -9999 -9999 8.57738 8.07515 7.20982 6.74216 6.70157 6.86691 7.36585 8.22784 8.62519 8.62301 7.92402 7.74755 7.91079 7.89421 7.78162 7.11282 7.53331 7.90350 7.92455 8.19748 8.31647 7.92400 8.32453 7.65339 7.78573 8.00902 8.07514 7.40177 7.15366 7.18690 7.84441 7.96331 8.19190 9.63665 10.22400 9.91378 9.87595 9.87911 10.32830 9.72548 9.21831 9.68067 9.55636 9.37132 8.88757 8.58674 8.15925 9.38768 9.36623 10.89250 10.59550 10.63300 9.41363 7.88412
-9999 -9999 -9999 -9999 -9999 -9999 -9999 -9999 -9999 -9999 -9999 -9999 -9999 -9999 -9999 -9999 -9999 8.77291 8.69585 7.61712 6.56400 6.52685 6.89077 7.58774 8.91269 9.73082 9.75241 8.99196 6.90258 7.30824 7.94216 8.21523 7.89014 8.22482 8.19255 7.60735 7.82569 8.43957 7.95947 8.11947 8.06305 7.45894 7.39945 7.33994 7.21428 7.04104 7.64869 7.72789 7.98442 8.92321 8.90984 10.40860 11.19910 9.89053 9.89979 9.64976 10.21140 9.81581 9.73790 9.89480 10.04660 9.93031 8.21300 8.35442 9.47463 9.67428 9.45635 11.11940 10.83200 10.64440 9.13144 8.90749
-9999 -9999 -9999 -9999 -9999 -9999 -9999 -9999 -9999 -9999 -9999 -9999 -9999 -9999 -9999 -9999 -9999 7.56260 7.36150 6.43462 6.25594 7.25542 6.71803 7.52424 8.39529 9.77665 9.89501 10.49490 10.05300 9.45860 10.59350 10.89210 11.04330 11.19870 9.29489 8.94347 8.57912 8.93208 9.12550 8.21911 7.90400 7.23998 7.14837 7.95274 8.86594 8.04884 7.61863 6.90623 7.38333 8.30045 8.88465 10.68510 11.26580 10.56750 10.45080 9.87929 9.74070 9.37530 9.74427 9.46758 9.67007 9.40066 9.28141 8.69163 8.08205 8.51369 9.40751 9.26218 9.85381 10.58040 10.64850 9.70399
-9999 -9999 -9999 -9999 -9999 -9999 -9999 -9999 -9999 -9999 -9999 -9999 -9999 -9999 -9999 -9999 7.34869 7.38731 6.17392 5.69312 5.89712 7.20237 7.58881 7.18844 7.58965 9.20509 9.55386 10.19780 10.24960 10.78360 10.71540 11.44960 11.58600 10.89500 10.47240 10.24130 9.53275 8.39047 8.65991 8.20031 7.78489 6.84774 7.03746 7.40082 7.59146 6.97353 6.99993 6.40113 7.04370 8.42367 9.11209 10.20440 10.84400 10.75410 10.47170 9.76503 9.59827 9.11933 9.46720 9.72303 9.81115 9.35422 9.23857 8.20277 8.54327 8.81288 8.76177 9.71005 10.17860 11.03020 10.67060 10.20530
-9999 -9999 -9999 -9999 -9999 -9999 -9999 -9999 -9999 -9999 -9999 -9999 -9999 7.13276 7.03282 6.84193 6.58912 6.81197 6.12099 5.84671 6.09633 7.04569 7.96425 8.00089 7.96848 7.16162 8.79518 9.34129 9.55105 10.50370 10.05670 10.47310 10.39970 10.38920 10.87510 11.26490 10.15720 9.68100 7.60723 6.10715 6.08449 5.69945 5.80632 7.12826 7.72170 7.33797 7.43250 6.90205 6.66987 8.74643 10.23580 11.10520 11.72940 10.89770 10.97160 9.56255 9.62004 9.20156 9.34376 9.33283 9.59543 9.51743 9.72457 9.30330 9.28390 9.50507 9.40764 10.13260 10.32290 11.91040 10.74920 10.41430
-9999 -9999 -9999 -9999 -9999 -9999 -9999 -9999 -9999 -9999 -9999 -9999 6.17687 5.98599 5.79054 5.90076 5.72253 6.51592 6.63611 5.41750 6.16233 7.35120 8.23983 7.51800 7.66011 6.81035 6.90281 9.46878 9.41757 10.05460 10.17010 9.78260 10.30770 10.28520 10.19960 11.87800 11.33140 9.17848 7.11737 5.45033 5.99832 5.55954 5.50135 6.67637 7.81801 8.17523 7.96011 7.20463 6.60351 7.41570 8.32768 9.46799 10.09190 9.22230 10.17740 10.07000 8.93638 8.88254 9.43343 8.97490 9.22491 9.36286 9.60613 9.57660 9.57399 9.37346 9.44184 10.08880 11.08790 11.57120 9.98726 11.05530
-9999 -9999 -9999 -9999 -9999 -9999 -9999 -9999 -9999 -9999 -9999 6.96979 6.53168 6.88806 6.15926 6.21581 6.51987 6.47694 6.18175 6.80071 6.94780 7.03551 7.07342 7.07006 7.11760 7.41713 7.21038 8.12534 9.27070 8.49848 9.22602 9.48002 9.45785 10.09000 10.51870 11.61190 9.25555 6.95893 5.93361 5.97050 5.89441 5.36693 5.71060 5.40355 5.98441 6.66552 6.49748 7.36480 8.19940 7.66067 7.59838 8.93869 10.12350 9.16358 9.58074 10.05290 9.26508 8.74339 9.41104 9.43227 9.58060 9.77008 9.68624 9.85054 9.71617 10.15510 10.21250 11.28050 11.39140 11.07940 9.85302 10.39770
-9999 -9999 -9999 -9999 -9999 -9999 -9999 -9999 -9999 -9999 7.99146 8.61317 7.20413 6.84059 6.92710 6.83310 6.89479 6.94527 6.99998 7.53858 6.28268 6.80175 7.20219 6.35224 7.10809 7.70530 7.42754 8.70129 8.68512 8.73882 8.94372 9.47631 9.32410 10.18160 9.97415 10.05530 7.58293 7.26987 6.43882 6.12111 5.94753 6.16485 6.65694 5.74382 5.78990 5.93987 6.47457 6.67539 7.22315 7.80689 7.63190 8.29197 8.31543 8.14491 8.62866 8.40058 8.42609 8.48732 10.13950 10.03560 9.93669 9.56138 9.40049 9.82711 9.98322 10.08340 10.22580 11.51720 11.05140 10.06900 9.13075 11.77960
-9999 -9999 -9999 -9999 -9999 -9999 -9999 -9999 -9999 8.69526 8.98551 9.39567 9.33194 8.26746 8.28478 7.46088 6.75408 6.50906 6.19810 7.39023 7.25443 7.58855 7.61472 6.84468 6.52499 6.44970 6.52577 7.93616 7.69463 8.49433 8.68889 8.53947 9.29442 10.44370 11.08110 8.71040 7.28473 7.57022 6.39068 5.74019 6.14428 6.63738 6.25814 7.22136 7.57256 6.92276 7.23428 6.73512 6.98573 6.69266 6.14718 7.03973 8.09092 8.50870 8.93329 8.51333 9.69240 9.33309 9.71156 10.17360 10.46670 10.27290 10.75700 10.23960 10.54450 11.21980 10.96910 11.77220 10.90710 10.58480 10.64840 12.08850
-9999 -9999 -9999 -9999 -9999 -9999 -9999 -9999 -9999 -9999 8.33983 8.27196 7.97674 7.85576 7.59470 6.78827 6.70536 6.33844 6.25529 7.32829 7.24145 7.45659 7.67362 -9999 -9999 -9999 -9999 -9999 -9999 8.49086 8.52370 7.92419 8.92697 9.68795 10.25210 7.99146 7.51985 6.66661 6.36007 6.12027 6.89441 6.51940 6.35035 7.82092 8.17213 7.67397 8.18162 7.63543 6.81526 6.56984 6.37855 7.43985 7.43601 8.22569 8.79348 9.18971 9.88795 9.55511 10.15940 10.59420 10.91550 10.61660 10.49950 10.39740 10.35650 10.68840 10.77690 11.40260 9.68816 10.55080 10.57040 12.87000
-9999 -9999 -9999 -9999 -9999 -9999 -9999 -9999 -9999 -9999 -9999 -9999 7.05671 7.95428 7.88668 5.74497 5.06211 6.41812 6.41356 -9999 -9999 -9999 -9999 -9999 -9999 -9999 -9999 -9999 -9999 -9999 -9999 -9999 -9999 8.93211 9.82022 7.86999 7.15534 5.58869 6.10493 6.35043 6.45101 6.81458 7.88090 10.26770 9.38554 8.85507 8.49411 8.99240 8.18849 8.38539 7.87500 6.61279 6.57145 7.23549 8.77762 9.98146 10.26510 11.54320 13.14300 12.27370 12.22530 10.91730 11.02410 11.56910 10.96490 11.86670 11.45950 12.21320 11.52760 14.10280 14.40520 15.74610
-9999 -9999 -9999 -9999 -9999 -9999 -9999 -9999 -9999 -9999 -9999 -9999 -9999 -9999 -9999 -9999 -9999 -9999 -9999 -9999 -9999 -9999 -9999 -9999 -9999 -9999 -9999 -9999 -9999 -9999 -9999 -9999 -9999 -9999 9.41981 8.55008 7.26052 6.59191 6.87848 6.38208 7.52905 7.80542 7.57438 9.40519 8.96427 9.18716 8.51018 9.96820 8.22389 8.37343 8.21271 7.12033 7.95107 8.45662 9.32663 9.56971 10.23940 10.54850 11.63690 11.02110 11.74800 11.19350 12.27930 11.77830 10.93390 11.57580 11.49740 12.17890 12.67270 14.44130 14.41150 -9999
-9999 -9999 -9999 -9999 -9999 -9999 -9999 -9999 -9999 -9999 -9999 -9999 -9999 -9999 -9999 -9999 -9999 -9999 -9999 -9999 -9999 -9999 -9999 -9999 -9999 -9999 -9999 -9999 -9999 -9999 -9999 -9999 -9999 -9999 7.07161 7.24603 7.54985 6.07554 6.28986 7.32934 8.19995 7.96544 8.11649 8.84295 9.40756 10.49290 9.79231 8.85116 8.22759 8.11405 8.06844 8.13555 7.97303 7.99383 8.45565 9.70937 10.56700 11.46650 11.63340 11.98730 11.25810 11.56870 12.52300 11.93150 11.52090 12.42520 12.28380 14.10860 14.47180 16.64340 -9999 -9999
-9999 -9999 -9999 -9999 -9999 -9999 -9999 -9999 -9999 -9999 -9999 -9999 -9999 -9999 -9999 -9999 -9999 -9999 -9999 -9999 -9999 -9999 -9999 -9999 -9999 -9999 -9999 -9999 -9999 -9999 -9999 -9999 -9999 -9999 -9999 -9999 -9999 -9999 7.04567 7.59530 7.32009 8.84240 11.04990 10.04050 8.37540 10.15410 10.14270 9.62609 7.86451 8.75782 9.12744 8.26627 9.06241 7.98896 8.12983 10.31540 11.95270 11.79220 10.60520 10.98970 12.01550 10.89010 11.57730 10.71610 10.86090 12.42490 12.55080 14.43930 15.27670 -9999 -9999 -9999
