data/hydroclimate-scenarios/BCSD_hadcm_B1/monthly_summaries/et_monthly_tot_sep.2070-2099.asc
ncols	311
nrows	91
xllcenter	102.75
yllcenter	31.75
cellsize	0.5
NODATA_value	-9999
[rows 32 to 63 of 91, columns 0 to 70 of 311]
-9999 -9999 -9999 -9999 -9999 -9999 -9999 -9999 -9999 -9999 -9999 23.33470 23.64050 25.67110 24.71040 24.87630 25.01380 25.79420 25.07480 24.79510 25.98480 25.22820 25.30180 24.28790 24.86520 24.26760 23.82660 23.65040 24.11440 23.27700 22.93700 22.42890 21.93560 22.21820 21.78250 22.09290 21.90150 23.00020 23.48670 24.92590 25.41560 25.68720 25.64740 24.36200 25.01050 24.65100 24.33290 25.44230 25.34990 24.94110 25.02770 25.15990 25.28400 25.46370 25.66770 24.83460 24.92640 25.34470 25.38770 26.31810 26.27640 26.27660 26.35680 27.61710 28.33960 25.94310 26.45970 27.76050 27.39380 27.58420 29.76090
-9999 -9999 -9999 -9999 -9999 -9999 -9999 -9999 -9999 -9999 -9999 24.70730 24.72620 25.45940 25.70190 25.57320 25.52920 25.75650 25.84350 25.40480 25.64960 25.41790 25.27230 25.32600 25.21580 24.39860 24.40400 24.46380 24.21710 23.70780 24.80650 23.27990 22.67210 22.62660 22.29110 23.39950 22.79130 24.17130 25.25940 26.63730 27.04830 26.67970 27.07040 26.59850 26.63180 26.33650 26.19680 27.47570 27.04710 27.18140 27.21840 27.25980 27.22430 27.39280 27.54180 27.02650 27.18310 27.78920 27.14230 27.70930 27.35450 28.49180 28.93700 27.99440 29.33100 27.15670 27.95430 30.75440 30.41280 30.59390 32.67910
-9999 -9999 -9999 -9999 -9999 -9999 -9999 -9999 -9999 -9999 -9999 -9999 25.42650 25.62490 25.57730 25.69540 25.79510 27.09170 27.21600 24.99600 25.62090 26.49120 26.70360 27.64320 27.72280 26.62490 26.50260 26.00290 26.04020 26.11270 25.67100 24.48420 23.96780 24.39820 24.51250 25.07870 25.73700 26.52940 26.66380 28.59750 28.75020 28.77440 28.94220 29.66380 29.10540 29.25460 29.53950 30.14080 29.98560 28.04720 29.02380 28.89200 28.42510 29.33000 30.60310 31.96330 31.85660 32.21410 32.05980 32.03710 32.39700 30.20450 29.60290 29.93230 30.61670 31.80800 31.77700 29.72630 29.07510 29.42070 34.13050
-9999 -9999 -9999 -9999 -9999 -9999 -9999 -9999 -9999 -9999 -9999 -9999 25.64790 26.40370 26.11300 26.19110 26.47720 27.57830 27.04280 25.37880 26.47990 28.25640 28.73910 29.12790 27.82140 28.54370 28.66480 27.64270 28.44740 27.42270 27.39730 26.12780 26.11540 26.11380 26.51460 27.40640 28.21270 28.23040 27.89520 30.57930 30.64930 31.11850 31.17720 31.39510 32.71890 32.36440 32.58330 32.98950 32.58750 30.06330 29.84190 32.11690 32.26420 32.32530 32.26910 33.42050 34.87780 34.66420 33.78750 32.48270 32.43760 30.50600 30.53860 31.56270 31.73450 33.02240 33.00380 32.35700 31.95010 32.46160 32.60150
-9999 -9999 -9999 -9999 -9999 -9999 -9999 -9999 -9999 -9999 -9999 -9999 26.95740 26.84850 27.43040 28.66890 28.38000 27.44820 27.44250 27.83990 29.65760 30.27940 30.80910 30.12840 30.28750 29.38190 29.44440 29.44930 29.55870 29.98150 29.93630 27.61120 28.00080 28.63760 28.63560 28.15750 28.28600 30.72970 30.62520 32.48760 33.49810 32.51550 32.79720 34.62030 35.80450 35.80040 36.31170 35.98810 35.97430 35.33750 36.45450 33.83440 35.72780 34.50740 33.13280 33.45880 34.09840 35.36110 34.35430 33.37090 33.90680 33.08280 34.27020 34.49890 34.93900 36.46300 36.76920 37.20880 35.66260 36.74090 37.76560
-9999 -9999 -9999 30.30620 30.06500 30.81890 30.38700 30.14630 30.21990 -9999 29.27480 30.15450 29.41400 28.75620 28.48320 28.66300 29.12280 28.37550 29.93010 30.81060 30.82380 31.24240 31.88470 31.88250 32.11530 31.22400 31.46340 31.00220 31.28540 31.04430 31.61220 29.25030 30.17890 28.91200 30.30190 31.77180 30.16420 31.52770 32.51290 34.59620 35.25060 34.42510 34.81220 35.92960 35.42470 35.71260 34.72830 39.02920 39.65500 37.35840 36.58180 35.50750 36.31240 33.03810 34.59800 34.20500 32.44020 37.07220 34.54110 35.76830 34.62160 35.74870 36.14310 35.05470 37.45990 39.52810 39.92800 38.64680 38.35690 39.69850 40.50350
-9999 -9999 -9999 30.71490 30.34500 30.76270 30.33920 31.21460 30.98820 29.92740 31.04990 30.70490 30.35820 29.57960 30.29710 30.06840 29.09080 29.02830 29.24410 29.73960 30.25400 30.58470 32.00550 31.31890 31.05020 31.66310 31.73090 33.80410 32.96940 31.16450 33.08320 30.64890 30.64480 29.72030 30.77730 31.49630 32.62330 31.77230 33.72520 33.90540 35.02060 35.82100 35.36100 36.77800 37.27330 36.02970 36.05750 40.77210 37.98150 37.30900 36.95070 37.85530 36.66740 37.10790 38.96070 34.57880 35.51060 35.97940 34.10930 36.54000 37.54860 37.60300 38.16590 36.95970 37.11400 41.12500 40.94270 40.53610 42.08450 45.56690 43.75680
-9999 -9999 -9999 30.97240 30.84870 31.34180 31.76990 32.07740 31.66590 31.71600 31.65800 31.15210 31.75950 32.05230 31.11650 30.27170 30.34520 30.08930 30.92950 30.95490 31.99490 32.12760 33.67900 31.71810 31.44180 32.81100 32.61450 34.10160 34.29200 30.87550 28.00340 28.51720 30.66170 31.38570 30.82860 33.05220 33.80320 34.85100 35.76490 35.94700 36.83830 37.07140 36.88470 37.93120 40.32300 40.71450 40.89590 39.03660 39.57740 37.98430 36.51640 40.43970 39.04060 40.53630 41.02040 37.33070 37.52460 36.41090 35.72000 38.00310 39.75620 40.83080 42.26410 39.67000 40.16090 40.53460 42.03380 41.88280 39.55310 43.17710 40.64540
-9999 -9999 -9999 30.93840 30.03900 32.49570 32.12000 32.78350 31.91470 32.41690 32.42300 30.18080 32.11670 29.88950 30.56660 30.64000 30.18340 32.36610 33.22800 32.27370 31.98360 30.78910 29.01430 31.05960 31.87400 33.44060 34.37210 35.85930 32.48350 28.11460 28.68290 33.72610 31.75400 30.67380 30.98240 32.35710 34.24240 34.93160 34.50030 37.00050 38.11030 36.77860 34.69630 36.88300 40.80260 39.21770 38.32330 40.32380 38.55570 41.78220 38.75360 41.54360 41.35040 39.75420 41.30310 38.20070 38.24640 37.00070 36.33830 38.85190 37.96240 41.34750 43.86010 42.88200 41.78030 43.21980 43.55490 45.14390 41.61200 43.34880 48.07550
-9999 -9999 -9999 31.82160 31.16270 33.46650 32.55550 33.20150 32.70190 33.09850 32.46840 31.28560 32.63160 31.31860 31.85740 32.91000 31.81070 32.48420 34.59320 33.15610 33.68730 33.96010 32.10280 33.99030 34.94790 35.49560 36.58660 35.75440 34.57150 30.85930 30.94100 32.17040 30.93130 34.29670 35.27030 36.73700 36.87490 36.17320 37.12760 37.97620 37.65780 37.49540 38.38570 39.08610 39.60760 40.46680 40.82960 40.79090 39.85030 41.77940 40.93860 44.58850 42.33510 39.93400 43.29140 36.95060 39.20080 38.88910 38.63920 38.81900 39.79740 42.64750 44.13300 41.64960 42.07130 48.16070 47.48370 44.18720 43.43980 48.94350 53.50850
-9999 -9999 -9999 -9999 34.39190 34.77610 34.27160 33.34770 32.41830 30.91080 30.53250 30.89690 31.85110 31.68460 -9999 -9999 -9999 -9999 -9999 32.18410 32.90680 35.20390 34.28210 30.35330 33.46920 33.79130 36.78710 36.15510 35.71610 35.45780 34.62770 33.51790 33.85820 37.14450 37.17070 39.20920 38.63860 37.37360 36.95870 38.46950 39.78440 38.99550 38.41140 37.88700 39.66360 41.30530 42.02230 40.30230 41.70570 44.33800 43.01290 43.30520 44.78010 40.58820 39.81970 37.59250 37.05640 37.62110 37.56510 41.76260 41.14320 41.59470 44.09740 44.41800 44.71510 45.12820 46.53140 51.27550 54.65440 -9999 -9999
-9999 -9999 35.98280 36.60850 36.14390 36.02000 35.42520 34.01410 33.24360 31.93960 31.31220 31.64880 32.89300 -9999 -9999 -9999 -9999 -9999 28.49620 33.47680 34.09950 35.50810 36.08270 34.30200 35.99720 35.78040 38.01960 37.62230 37.35330 37.08870 36.27460 35.72990 36.57570 37.11170 37.69890 39.05440 39.11090 38.32590 38.51790 40.43530 40.24560 40.24300 39.61740 41.27410 43.37290 44.65450 44.72270 46.46390 46.74490 48.26090 48.14450 48.08110 45.29060 45.54920 42.83040 44.46470 43.21430 39.96630 40.52790 47.17600 47.48390 49.65120 49.74030 48.20620 50.27100 50.08790 51.95770 -9999 -9999 -9999 -9999
-9999 -9999 39.39370 37.50230 36.43420 35.46550 35.09210 35.63070 33.92690 32.62060 32.79850 32.20750 32.81120 -9999 -9999 -9999 -9999 34.23270 31.38810 34.71210 35.09890 35.96890 36.20080 38.79390 40.33110 38.71380 38.63930 37.54680 37.01110 37.53810 37.77760 38.05600 38.67970 39.40530 39.06970 39.35430 39.40140 40.82340 40.43820 38.90200 40.72010 39.14820 38.06590 41.00810 41.12280 44.83240 45.76730 44.92810 47.76080 49.47020 48.95050 51.20370 51.86890 50.14270 51.37490 50.43070 47.22400 45.90310 45.99690 50.26490 50.50110 49.68580 51.67790 54.18620 56.39680 -9999 -9999 -9999 -9999 -9999 51.77030
-9999 -9999 41.55980 40.49030 39.39260 38.85680 37.78810 36.17330 35.47850 34.05960 34.26420 34.70750 34.07700 -9999 -9999 -9999 -9999 33.49290 34.40830 34.98170 36.42620 38.70370 39.49220 40.73950 40.99700 40.02010 40.03910 38.57240 38.28940 39.02180 38.99890 39.79730 39.92480 40.93110 41.12750 40.93520 40.95560 40.42420 41.02250 40.77910 40.75600 40.15870 40.27010 41.45950 42.99090 45.10520 46.12310 43.75880 44.75830 47.50220 51.31680 53.44270 56.89720 54.74720 50.73960 54.25930 55.59610 49.05740 49.92500 51.70900 55.40310 55.45190 57.98520 58.38980 55.26120 53.41260 55.69550 53.40210 53.81690 -9999 -9999
-9999 -9999 -9999 42.80750 41.09940 40.88410 39.45010 38.67300 39.33980 37.86120 39.58810 39.78910 -9999 -9999 -9999 -9999 34.58940 35.11560 36.77600 36.76100 37.92760 39.06410 39.18660 42.42770 41.73210 40.11170 39.88110 40.23900 40.37500 39.98830 40.00810 40.07120 39.40260 39.96470 38.98380 39.24130 39.76530 41.00270 41.57690 42.29710 42.11200 43.11940 40.91350 41.11770 43.36520 43.37380 46.88170 51.60530 51.10630 52.76730 52.73000 52.65280 53.67860 50.79830 48.58920 49.80330 50.52400 50.37610 50.86460 54.05170 54.83640 58.30720 56.54370 47.30380 40.06410 52.75670 54.49310 55.63880 55.69940 56.21450 -9999
-9999 -9999 -9999 -9999 43.36780 42.95020 40.26270 42.39780 42.07480 39.79090 40.09370 -9999 -9999 -9999 -9999 37.23320 35.66970 37.98780 38.67050 38.62120 39.38040 40.16160 40.61140 43.29560 43.07350 41.64380 40.47130 41.23870 40.52260 40.24790 40.21520 39.61800 38.84830 38.57570 38.91420 41.00500 41.16970 43.37840 43.84830 45.30570 44.74420 45.37740 44.78700 45.16110 46.79340 46.15920 48.05730 51.11990 51.49410 55.30600 56.15070 56.29090 55.75720 54.51740 54.66270 57.28880 55.03880 53.28300 52.80310 57.04310 54.24040 54.39300 55.80020 54.56610 51.13480 54.36150 59.11270 58.71440 54.02450 52.65290 53.50900
-9999 -9999 -9999 -9999 -9999 -9999 45.65180 42.81230 44.77540 40.26610 37.49510 -9999 -9999 -9999 -9999 -9999 40.01490 40.53660 42.66860 40.27370 40.89930 40.50070 41.10360 44.43400 44.17780 42.50210 42.91780 41.45550 40.38360 39.53390 39.75140 41.36320 42.22300 41.77210 42.35210 40.11620 41.74730 44.37230 44.79670 46.17790 46.12930 45.46850 45.88850 47.21950 46.21510 45.89170 46.42580 50.20510 51.16260 52.54410 54.61570 53.29520 54.92980 54.09680 54.91610 57.09250 57.75780 55.45460 55.10810 56.25100 57.70160 56.13360 53.73120 50.28280 48.36010 52.93290 59.26500 61.61320 58.41440 53.13010 52.45090
-9999 -9999 -9999 -9999 -9999 -9999 -9999 -9999 -9999 -9999 -9999 -9999 -9999 -9999 -9999 -9999 -9999 -9999 -9999 42.27990 42.37530 42.33480 42.19630 45.60640 45.85430 43.69980 43.09380 42.33640 41.96670 41.97340 41.34100 43.19070 43.52820 43.31650 43.46120 41.36160 42.59310 44.14630 45.04750 47.11820 47.35410 47.03370 47.19620 47.57340 48.14230 49.60920 53.27870 51.34630 53.70450 54.17780 56.65890 55.71080 55.49160 56.05740 58.68760 60.74650 57.09460 60.00860 58.15540 59.21150 57.15050 58.41070 54.10770 49.72670 48.86250 55.96980 59.70480 61.45850 57.79200 54.26770 53.28020
-9999 -9999 -9999 -9999 -9999 -9999 -9999 -9999 -9999 -9999 -9999 -9999 -9999 -9999 -9999 -9999 -9999 -9999 42.45570 44.52660 44.75730 46.44640 45.84650 44.35330 45.07040 44.56950 43.16220 40.96430 40.65500 43.13830 42.52420 42.40040 42.90470 42.87300 43.54010 43.44380 44.93210 45.92300 46.13700 47.14790 48.70490 49.14990 48.80110 48.99880 49.08810 49.13910 55.03270 53.49500 53.21090 55.23990 56.58010 58.07940 59.36690 60.30270 60.37030 60.15760 59.76430 61.27680 61.49910 61.88660 62.41430 61.90460 59.17780 56.59850 54.70270 57.64080 59.71280 63.02990 60.09120 55.96680 55.31980
-9999 -9999 -9999 -9999 -9999 -9999 -9999 -9999 -9999 -9999 -9999 -9999 -9999 -9999 -9999 -9999 -9999 42.48590 44.01570 44.16850 44.46630 46.88650 46.91110 44.17790 43.39810 41.33310 41.80510 40.57120 38.72730 42.79290 43.22600 43.29690 44.53780 44.26780 45.49680 46.01410 46.24380 47.46310 48.72460 49.71370 49.78450 50.01090 50.28630 48.48070 52.70840 55.38580 51.44350 53.14800 54.62440 57.87040 60.27590 62.94820 63.95070 64.59750 62.70230 61.77140 61.43350 61.28060 59.65690 60.55730 64.08110 61.32210 56.51900 54.50110 57.07780 57.76380 59.71660 63.05150 62.48780 57.96880 53.81020
-9999 -9999 -9999 -9999 -9999 -9999 -9999 -9999 -9999 -9999 -9999 -9999 -9999 -9999 -9999 -9999 -9999 43.64320 43.72170 45.53040 46.43030 48.59490 47.41510 48.71780 46.42820 44.30500 42.28590 41.67750 41.83880 43.98230 45.60870 43.59930 44.70540 47.05770 48.07660 48.44410 47.68490 48.97670 50.05500 50.83770 51.75350 52.79840 49.62150 54.00230 51.09070 51.44370 54.03410 55.86610 58.65040 57.77710 60.77370 64.94430 67.01230 69.27940 65.26080 63.44370 57.86310 61.11360 62.98490 65.27370 61.91710 59.14480 60.35030 58.33720 54.35360 57.93230 58.29420 58.66460 62.13030 59.38390 59.93940
-9999 -9999 -9999 -9999 -9999 -9999 -9999 -9999 -9999 -9999 -9999 -9999 -9999 -9999 -9999 -9999 42.63930 43.99750 42.77110 45.80390 47.51370 48.75970 49.53250 48.40480 47.37220 45.58510 43.06650 41.50490 42.17200 44.42770 45.18610 43.86440 44.44600 47.29300 49.12590 48.28750 49.32920 48.21980 49.96050 52.18950 55.03100 54.92960 50.39650 53.53500 57.05650 55.00050 56.72070 57.86310 59.76950 62.09970 63.32130 67.74020 68.54550 70.21440 68.86710 64.91970 65.12150 60.59240 64.60090 65.28990 66.99400 63.74870 60.59290 54.77610 58.00660 59.18970 62.40260 62.60600 64.86420 62.96930 61.56640
-9999 -9999 -9999 -9999 -9999 -9999 -9999 -9999 -9999 -9999 -9999 -9999 -9999 44.12340 43.86830 44.67200 45.30550 45.13860 44.87120 48.93070 48.95150 49.24450 51.17850 53.28080 51.42770 45.54190 45.75680 45.08710 44.99160 46.49540 43.42210 43.19780 45.30480 47.40410 45.54160 46.78440 49.09640 50.88130 51.60760 51.71010 52.70190 51.54900 53.05720 56.42960 55.19010 59.22160 59.60800 58.79710 58.33000 62.50950 64.61670 67.36510 67.18100 71.65300 74.85570 66.23100 68.00080 68.06810 71.05780 71.15990 71.09690 65.03560 67.57020 63.64770 65.12180 69.15220 71.84220 67.57100 66.50110 63.25030 59.70160
-9999 -9999 -9999 -9999 -9999 -9999 -9999 -9999 -9999 -9999 -9999 -9999 43.57770 43.30720 44.06630 44.74280 44.91860 47.79350 47.36490 49.27110 49.09930 46.64130 47.45740 49.71180 49.06260 44.92400 44.24910 46.27300 44.57420 42.99930 44.91540 45.43730 45.46600 45.25870 45.00610 45.77390 48.33720 51.94850 52.26790 52.91060 55.44880 55.02650 52.99570 53.47150 56.63250 62.01090 60.39380 61.55370 61.02280 64.71140 64.40620 70.12330 68.56680 73.85620 75.36540 75.10330 67.19510 68.18310 69.03920 66.74960 66.45430 68.11430 68.36760 66.70300 69.44840 72.33670 72.21540 70.74100 63.64390 60.57520 58.16150
-9999 -9999 -9999 -9999 -9999 -9999 -9999 -9999 -9999 -9999 -9999 42.49570 42.96840 44.07610 47.30050 45.89960 45.99020 42.36870 43.03010 45.29230 43.57080 46.88380 46.71280 48.34510 48.02860 45.03300 41.95460 42.57860 42.02760 39.53490 40.44090 44.56210 44.50490 43.08490 43.83890 42.50100 46.39540 51.04800 52.95980 55.12920 56.14570 53.99200 54.92820 53.05220 56.38170 61.08110 61.82380 63.87450 64.75360 64.88060 63.72900 67.57720 72.67890 65.98740 70.20460 73.71150 70.20670 68.97420 72.86170 72.73390 71.35990 79.96310 79.07910 77.02230 74.37790 73.94020 75.66130 70.91210 64.27370 62.79210 57.01870
-9999 -9999 -9999 -9999 -9999 -9999 -9999 -9999 -9999 -9999 44.00740 43.96920 42.94840 45.86330 46.30670 43.97580 45.20370 43.39380 43.50010 43.91700 43.08560 45.03860 44.43750 45.00750 44.64210 42.63490 42.53120 40.84810 42.09640 41.71430 41.10200 43.54490 41.67720 39.80770 43.11150 43.03980 46.14400 53.28720 54.04280 55.35050 54.10960 56.42690 56.89870 56.10190 59.83770 61.55360 63.33600 65.52020 66.30660 66.77520 65.83440 68.58250 66.01580 69.48780 69.60460 70.81350 68.05450 68.50190 80.96710 77.47270 74.73850 77.58370 76.80340 74.38650 74.07350 75.78240 77.26160 68.65890 63.64670 62.30680 56.88210
-9999 -9999 -9999 -9999 -9999 -9999 -9999 -9999 -9999 42.54300 42.08810 46.18790 45.88050 45.11890 44.69460 41.43140 41.63610 41.10090 39.69980 43.75570 43.61520 39.99600 39.39570 40.22750 40.38510 39.73490 40.48810 42.82080 43.77550 42.09640 42.09520 44.24680 43.93290 43.24200 43.62150 43.81590 46.73760 50.81560 52.72320 53.53160 57.49100 57.31480 54.96880 59.64710 64.00530 62.65920 63.33250 64.81190 67.21060 68.69860 66.83990 64.35790 68.40320 60.35830 62.25840 70.45550 73.57070 75.25930 76.14780 75.32990 73.81340 72.82990 74.65780 74.14540 73.76100 73.23300 67.70110 66.52620 64.47310 65.21790 64.21640
-9999 -9999 -9999 -9999 -9999 -9999 -9999 -9999 -9999 -9999 38.31730 42.67680 42.81920 41.47690 40.84200 36.85240 37.55910 36.59000 36.20250 41.13240 40.71300 37.53280 37.56210 -9999 -9999 -9999 -9999 -9999 -9999 41.27370 41.34810 42.15310 41.63150 42.00500 44.15250 44.62370 48.54670 52.21460 52.84810 53.96760 58.01360 54.80810 53.05460 60.01980 64.29470 64.87720 66.39370 68.68660 65.66020 68.52670 68.86950 70.78530 67.93560 66.27690 62.56730 73.81500 76.34810 76.20800 77.45960 76.78940 75.97600 75.38840 79.93280 76.39590 70.29310 67.89440 69.17520 67.20420 62.22260 64.19330 62.31170
-9999 -9999 -9999 -9999 -9999 -9999 -9999 -9999 -9999 -9999 -9999 -9999 33.96100 35.52870 35.51720 34.30500 36.16090 33.82800 34.52530 -9999 -9999 -9999 -9999 -9999 -9999 -9999 -9999 -9999 -9999 -9999 -9999 -9999 -9999 42.04500 43.80710 45.27000 47.70500 48.87940 50.82440 54.50660 53.20150 54.93920 54.92930 62.33300 64.17860 63.18040 64.35570 71.77870 70.23550 72.34190 72.88840 65.72420 65.60650 65.88340 70.26210 72.97130 71.30960 76.67290 83.02070 77.61920 74.39180 72.93880 70.69010 76.29230 72.69830 71.32040 72.70870 69.08590 67.64880 70.73110 70.37930
-9999 -9999 -9999 -9999 -9999 -9999 -9999 -9999 -9999 -9999 -9999 -9999 -9999 -9999 -9999 -9999 -9999 -9999 -9999 -9999 -9999 -9999 -9999 -9999 -9999 -9999 -9999 -9999 -9999 -9999 -9999 -9999 -9999 -9999 41.92800 46.04640 48.98710 49.93790 52.70930 51.96300 54.27320 54.26520 54.01820 59.78730 61.77280 61.04960 62.83780 72.83800 70.27850 72.18240 72.42850 66.29540 69.38630 69.65090 68.42940 71.57840 72.40980 72.48610 75.37810 74.41130 75.28040 75.03830 78.34710 78.73350 72.47400 75.41950 73.24080 70.80110 67.42120 71.08100 71.50160
-9999 -9999 -9999 -9999 -9999 -9999 -9999 -9999 -9999 -9999 -9999 -9999 -9999 -9999 -9999 -9999 -9999 -9999 -9999 -9999 -9999 -9999 -9999 -9999 -9999 -9999 -9999 -9999 -9999 -9999 -9999 -9999 -9999 -9999 42.37920 42.91300 44.84120 46.87500 49.85320 50.27300 52.51840 50.85110 52.44570 56.06270 57.64450 64.17840 66.61750 66.77540 67.82010 67.55640 67.73020 70.19770 70.13960 67.43490 68.93660 69.08350 69.31880 71.46240 72.55530 76.02590 76.47980 78.83920 76.65490 82.70980 80.20960 74.34470 75.99520 74.15710 71.50880 75.62670 -9999
-9999 -9999 -9999 -9999 -9999 -9999 -9999 -9999 -9999 -9999 -9999 -9999 -9999 -9999 -9999 -9999 -9999 -9999 -9999 -9999 -9999 -9999 -9999 -9999 -9999 -9999 -9999 -9999 -9999 -9999 -9999 -9999 -9999 -9999 -9999 -9999 -9999 -9999 47.42260 49.58400 50.56310 53.90880 54.35510 56.05040 57.89240 64.12010 66.93980 68.38900 67.82370 67.55000 69.20730 69.51490 69.75470 67.60540 66.19200 69.55510 75.32420 75.07670 70.67720 75.85180 79.28560 77.16110 75.96760 77.04480 75.10930 75.09350 74.59830 75.16300 76.95500 -9999 -9999
