data/hydroclimate-scenarios/BCSD_hadcm_B1/monthly_summaries/et_monthly_tot_apr.2030-2059.asc
ncols	311
nrows	91
xllcenter	102.75
yllcenter	31.75
cellsize	0.5
NODATA_value	-9999
[rows 0 to 31 of 91, columns 71 to 141 of 311]
-9999 -9999 -9999 -9999 -9999 -9999 -9999 -9999 -9999 -9999 -9999 -9999 -9999 -9999 -9999 -9999 -9999 -9999 -9999 -9999 -9999 -9999 -9999 -9999 -9999 -9999 -9999 -9999 -9999 -9999 -9999 -9999 -9999 -9999 -9999 -9999 -9999 -9999 -9999 -9999 -9999 -9999 -9999 -9999 -9999 -9999 -9999 -9999 -9999 -9999 -9999 -9999 -9999 -9999 -9999 -9999 -9999 -9999 -9999 -9999 -9999 -9999 -9999 -9999 -9999 -9999 -9999 -9999 -9999 -9999 -9999
-9999 -9999 -9999 -9999 -9999 -9999 -9999 -9999 -9999 -9999 -9999 -9999 -9999 -9999 -9999 -9999 -9999 -9999 -9999 -9999 -9999 -9999 -9999 -9999 -9999 -9999 -9999 -9999 -9999 -9999 -9999 -9999 -9999 -9999 -9999 -9999 -9999 -9999 -9999 -9999 -9999 -9999 -9999 -9999 -9999 -9999 -9999 -9999 -9999 -9999 -9999 -9999 -9999 -9999 -9999 -9999 -9999 -9999 -9999 -9999 -9999 -9999 -9999 -9999 -9999 -9999 -9999 -9999 -9999 -9999 -9999
-9999 -9999 -9999 -9999 -9999 -9999 -9999 -9999 -9999 -9999 -9999 -9999 -9999 -9999 -9999 -9999 -9999 -9999 -9999 -9999 -9999 -9999 -9999 -9999 -9999 -9999 -9999 -9999 -9999 -9999 -9999 -9999 -9999 -9999 -9999 -9999 -9999 -9999 -9999 -9999 -9999 -9999 -9999 -9999 -9999 -9999 -9999 -9999 -9999 -9999 -9999 -9999 -9999 -9999 -9999 -9999 -9999 -9999 -9999 -9999 -9999 -9999 -9999 -9999 -9999 -9999 -9999 -9999 -9999 -9999 -9999
-9999 -9999 -9999 -9999 -9999 -9999 -9999 -9999 -9999 -9999 -9999 -9999 -9999 -9999 -9999 -9999 -9999 -9999 -9999 -9999 -9999 -9999 -9999 -9999 -9999 -9999 -9999 -9999 -9999 -9999 -9999 -9999 -9999 -9999 -9999 -9999 -9999 -9999 -9999 -9999 -9999 -9999 -9999 -9999 -9999 -9999 -9999 -9999 -9999 -9999 -9999 -9999 -9999 -9999 -9999 -9999 -9999 -9999 -9999 -9999 -9999 -9999 -9999 -9999 -9999 -9999 -9999 -9999 -9999 -9999 -9999
-9999 -9999 -9999 -9999 -9999 -9999 -9999 -9999 -9999 -9999 -9999 -9999 -9999 -9999 -9999 -9999 -9999 -9999 -9999 -9999 -9999 -9999 -9999 -9999 -9999 -9999 -9999 -9999 -9999 -9999 -9999 -9999 -9999 -9999 -9999 -9999 -9999 -9999 -9999 -9999 -9999 -9999 -9999 -9999 -9999 -9999 -9999 -9999 -9999 -9999 -9999 -9999 -9999 -9999 -9999 -9999 -9999 -9999 -9999 -9999 -9999 -9999 -9999 -9999 -9999 -9999 -9999 -9999 -9999 -9999 -9999
-9999 -9999 -9999 -9999 -9999 -9999 -9999 -9999 -9999 -9999 -9999 -9999 -9999 -9999 -9999 -9999 -9999 -9999 -9999 -9999 -9999 -9999 -9999 -9999 -9999 -9999 -9999 -9999 -9999 -9999 -9999 -9999 -9999 -9999 -9999 -9999 -9999 -9999 -9999 -9999 -9999 -9999 -9999 -9999 -9999 -9999 -9999 -9999 -9999 -9999 -9999 -9999 -9999 -9999 -9999 -9999 -9999 -9999 -9999 -9999 -9999 -9999 -9999 -9999 -9999 -9999 -9999 -9999 -9999 -9999 -9999
-9999 -9999 -9999 -9999 -9999 -9999 -9999 -9999 -9999 -9999 -9999 -9999 -9999 -9999 -9999 -9999 -9999 -9999 -9999 -9999 -9999 -9999 -9999 -9999 -9999 -9999 -9999 -9999 -9999 -9999 -9999 -9999 -9999 -9999 -9999 -9999 -9999 -9999 -9999 -9999 -9999 -9999 -9999 -9999 -9999 -9999 -9999 -9999 -9999 -9999 -9999 -9999 -9999 -9999 -9999 -9999 -9999 -9999 -9999 -9999 -9999 -9999 -9999 -9999 -9999 -9999 -9999 -9999 -9999 -9999 -9999
-9999 -9999 -9999 -9999 -9999 -9999 -9999 -9999 -9999 -9999 -9999 -9999 -9999 -9999 -9999 -9999 -9999 -9999 -9999 -9999 -9999 -9999 -9999 -9999 -9999 -9999 -9999 -9999 -9999 -9999 -9999 -9999 -9999 -9999 -9999 -9999 -9999 -9999 -9999 -9999 -9999 -9999 -9999 -9999 -9999 -9999 -9999 -9999 -9999 -9999 -9999 -9999 -9999 -9999 -9999 -9999 -9999 -9999 -9999 -9999 -9999 -9999 -9999 -9999 -9999 -9999 -9999 -9999 -9999 -9999 -9999
-9999 -9999 -9999 -9999 -9999 -9999 11.04260 -9999 -9999 -9999 -9999 -9999 -9999 -9999 -9999 -9999 -9999 -9999 -9999 -9999 -9999 -9999 -9999 -9999 -9999 -9999 -9999 -9999 -9999 -9999 -9999 -9999 -9999 -9999 -9999 -9999 -9999 -9999 -9999 -9999 -9999 -9999 -9999 -9999 -9999 -9999 -9999 -9999 -9999 -9999 -9999 -9999 -9999 -9999 -9999 -9999 -9999 -9999 -9999 -9999 -9999 -9999 -9999 -9999 -9999 -9999 -9999 -9999 -9999 -9999 -9999
-9999 -9999 11.62770 11.94390 11.87570 11.11470 11.49940 11.04510 11.36920 10.77350 10.08090 9.81362 8.26180 8.08876 7.65976 7.46766 7.62198 7.61521 7.86749 7.79584 7.50516 7.54778 -9999 -9999 -9999 -9999 -9999 -9999 -9999 -9999 -9999 -9999 -9999 -9999 -9999 -9999 -9999 -9999 -9999 -9999 -9999 -9999 -9999 -9999 -9999 -9999 -9999 -9999 -9999 -9999 -9999 -9999 -9999 -9999 -9999 -9999 -9999 -9999 -9999 -9999 -9999 -9999 -9999 -9999 -9999 -9999 -9999 -9999 -9999 -9999 -9999
-9999 -9999 -9999 -9999 9.73990 9.40524 9.78309 9.63492 9.17460 8.95356 8.14246 7.82112 7.20574 7.10958 6.84138 6.68843 6.92724 6.78850 6.47701 6.37770 6.39559 6.41708 -9999 -9999 -9999 -9999 -9999 -9999 -9999 -9999 -9999 -9999 -9999 -9999 -9999 -9999 -9999 -9999 -9999 -9999 -9999 -9999 -9999 -9999 -9999 -9999 -9999 -9999 -9999 -9999 -9999 -9999 -9999 -9999 -9999 -9999 -9999 -9999 -9999 -9999 -9999 -9999 -9999 -9999 -9999 -9999 -9999 -9999 -9999 -9999 -9999
12.38900 12.17200 12.16990 11.99390 10.33510 10.02180 10.44240 10.23420 9.91646 9.68294 8.67112 8.43058 7.79321 7.64059 7.20681 7.03647 7.28308 7.18783 6.87102 6.75286 6.82242 6.77134 7.00036 7.08043 7.36771 7.44329 7.56797 7.68636 -9999 -9999 -9999 -9999 -9999 -9999 -9999 -9999 -9999 -9999 -9999 -9999 -9999 -9999 -9999 -9999 -9999 -9999 -9999 -9999 -9999 -9999 -9999 -9999 -9999 -9999 -9999 -9999 -9999 -9999 -9999 -9999 -9999 -9999 -9999 -9999 -9999 -9999 -9999 -9999 -9999 -9999 -9999
11.20550 11.05560 10.43530 10.28310 9.34358 8.85799 9.85408 9.46421 8.57113 8.37793 6.88904 6.71137 6.63064 6.43599 5.92045 5.78707 5.89407 5.74930 5.95490 5.75968 5.71264 5.69230 5.97382 6.07675 6.56419 6.78840 7.06652 7.26211 7.39343 7.54700 8.82295 8.91732 9.10354 9.11901 9.28964 9.33730 9.97214 9.96680 10.75600 10.78790 11.09070 10.99100 9.63774 -9999 -9999 -9999 -9999 -9999 -9999 -9999 -9999 -9999 -9999 -9999 -9999 -9999 -9999 -9999 -9999 -9999 -9999 -9999 -9999 -9999 -9999 -9999 -9999 -9999 -9999 -9999 -9999
11.80370 11.54590 11.02710 10.71270 9.51224 9.43858 10.65500 10.38620 9.22708 8.94441 7.36464 7.23863 7.02991 6.91659 6.34944 6.20487 6.34807 6.20419 6.45814 6.22098 5.96863 5.80134 6.31599 6.40058 6.81907 7.09001 7.63958 7.69863 7.72876 7.68954 9.03329 9.07156 9.66524 9.67561 9.84433 9.80803 10.27180 10.47560 11.28940 11.23590 11.56800 11.51650 10.07760 10.10690 -9999 -9999 -9999 -9999 -9999 -9999 -9999 -9999 -9999 -9999 -9999 -9999 -9999 -9999 -9999 -9999 -9999 -9999 -9999 -9999 -9999 -9999 -9999 -9999 -9999 -9999 -9999
8.27271 8.25661 8.32720 7.60068 8.12669 8.02406 7.30271 7.22972 6.74062 6.94562 6.47292 6.49320 5.64345 5.60146 5.38623 5.35366 5.50992 5.43246 5.08224 4.69993 4.59094 4.54027 4.52451 4.55123 4.77420 4.61222 5.24024 5.36614 6.55779 6.58358 7.22842 7.24456 7.33309 7.33931 8.12823 8.17764 8.01486 8.06931 8.57257 8.68191 9.36709 9.46738 8.30749 8.36161 -9999 -9999 -9999 -9999 -9999 -9999 -9999 -9999 -9999 -9999 -9999 -9999 -9999 -9999 -9999 7.77261 7.92797 -9999 -9999 -9999 -9999 7.14667 6.42261 5.85086 6.05842 6.69708 6.41053
8.99968 8.84951 8.69481 8.22876 8.60526 8.85586 8.13433 7.71557 7.22130 7.05766 7.10341 7.02466 6.09690 5.95306 5.60516 5.83542 6.20652 6.18387 5.04811 5.20302 4.96423 4.91526 4.78979 4.92953 5.14568 5.23667 5.65747 5.73478 6.86987 6.96304 7.65276 7.94259 7.70286 7.80375 8.56159 8.10788 8.10513 8.45524 8.98890 8.82783 9.64999 9.93047 8.69936 8.69806 9.75819 9.49192 8.25707 8.60382 8.37517 7.98795 7.48350 7.24994 6.83291 7.03898 6.82737 6.62765 8.06353 7.93691 7.80379 7.67956 7.93142 -9999 -9999 -9999 -9999 -9999 7.17210 6.83257 6.48106 6.25631 5.81374
7.62548 8.14353 7.88262 7.35335 7.26730 7.40307 7.18527 7.00691 6.88869 6.86018 7.20465 6.96894 5.54216 5.40049 5.13419 5.00337 5.09240 4.93016 4.97544 5.21225 4.42947 4.44337 4.49895 4.50564 4.46790 4.48229 4.82173 4.76516 5.42912 5.28087 5.91064 5.97379 5.36945 5.61747 5.42524 5.22900 5.29012 5.22375 6.12542 5.85732 5.69111 5.63675 5.78660 5.91371 6.45093 6.54137 5.78865 5.94837 6.20772 6.02338 6.62668 6.40406 5.84073 5.44668 5.35725 5.77848 6.14273 6.01169 6.17012 6.33687 6.75234 6.56455 6.88161 6.95813 7.44284 7.27229 7.11811 7.15700 6.50413 6.30108 5.68680
7.95812 6.97139 8.66200 7.69220 7.04552 7.41565 7.34981 7.06315 7.31599 7.15304 7.59257 7.29479 5.93487 5.81975 5.47644 5.11182 5.42858 5.36194 5.19273 5.16043 4.62196 4.95414 4.97021 4.95701 4.75206 4.79700 5.09012 5.19365 5.59764 5.32124 5.56722 5.42719 5.32176 5.74404 5.66114 5.48556 5.56838 5.58339 6.27443 5.92192 5.92130 6.19871 6.39266 5.81190 5.90798 6.32378 6.21252 6.46264 6.50696 6.56160 6.57308 6.91648 5.95455 5.99331 5.97056 5.57341 6.03471 6.06894 6.12555 5.99541 6.52573 5.96036 6.37549 6.82513 7.46017 7.43719 7.42276 7.37704 6.90036 6.34591 5.63327
6.82678 6.26985 7.40367 8.56503 9.47278 9.31350 9.03945 8.70352 8.20430 8.28108 6.60850 6.54284 6.35629 6.02488 5.66417 5.46108 5.98966 5.90108 5.99343 5.50934 4.95713 5.01811 5.32388 5.43232 4.92190 5.03658 5.27870 5.06453 5.67186 5.74943 6.01020 5.87225 5.62093 5.47635 5.09746 5.10116 5.52683 5.98200 5.73619 5.66335 6.37192 6.40785 5.91418 5.74123 5.75758 6.14176 6.01144 6.18191 6.48030 6.14781 6.18408 6.03885 6.07058 6.06569 6.20144 6.28271 6.37883 5.79338 5.91160 5.75272 6.41871 5.92381 5.51217 5.91388 6.11733 6.40762 6.31390 6.26181 6.76690 6.48314 6.61274
7.50150 6.95158 7.66679 7.55263 9.39496 9.85647 9.08767 8.52382 8.30103 8.46971 6.12247 6.12298 6.02093 6.42070 6.20530 6.10974 6.90516 6.48343 6.46673 6.33758 5.34876 5.43898 5.72735 5.83468 5.26215 5.38722 5.49769 5.63689 5.61525 5.90703 6.46982 5.87461 5.82891 6.35516 5.77492 5.67219 6.34352 6.29233 6.24556 6.13111 6.62902 6.74026 6.47641 6.42167 6.27997 6.14252 6.18961 5.80263 6.34919 6.11139 5.99718 6.10326 6.23530 6.30947 6.23134 5.95882 5.98351 5.52639 6.14157 6.46520 7.17631 7.12987 6.65375 6.11872 5.77087 6.23223 5.83556 6.14892 6.84745 6.76358 7.07564
6.52901 6.06527 6.67884 6.27992 6.36664 7.53487 8.98864 9.14846 8.06983 7.93991 6.49755 5.72801 5.06404 4.52081 5.28803 5.84850 6.51658 6.77295 6.52698 6.47951 5.88262 5.90886 5.65823 5.97710 5.66339 5.65398 5.67614 5.65728 5.13171 4.85185 4.76957 4.72885 5.51595 5.43828 5.47752 5.31377 4.88547 4.76569 5.98062 6.00618 4.99807 4.92480 5.46651 5.39828 5.66688 5.68113 5.65106 5.65554 5.85388 5.82454 6.24329 6.09244 5.92636 5.88004 6.13757 5.95067 5.81698 5.56538 6.28941 5.67496 6.26946 6.40474 6.52484 6.69449 6.57064 6.46546 6.45553 6.27379 6.59850 6.60239 7.17287
5.89126 5.89454 6.38472 6.27670 6.72305 6.93303 8.08302 8.10391 7.41217 7.47471 6.99459 6.57466 6.06337 5.44781 5.25923 5.15206 5.50823 5.67026 6.19706 6.29176 6.27680 6.09681 6.08266 6.21645 5.81622 5.88423 6.05939 6.04435 5.16744 5.04296 5.09571 4.57230 5.26105 5.24342 5.39513 5.36294 5.06776 4.97914 6.30615 6.12628 5.21861 5.12281 5.77361 5.43297 5.81463 5.73104 5.74719 5.77032 5.95869 5.82543 5.92705 5.94678 5.56394 5.50944 5.73586 5.67793 5.53107 5.77964 6.27557 5.73390 6.70250 6.73461 6.80444 7.29195 6.84315 6.79144 6.60033 6.81928 7.09362 7.21701 8.11475
7.85819 7.11441 7.39929 7.46383 6.87667 6.50877 7.38240 7.63992 7.42940 7.83477 7.42203 6.95866 7.08873 7.26413 7.24654 7.00050 6.64989 5.94797 5.59923 5.72718 5.99037 6.05291 6.60958 6.67363 5.79109 5.80219 6.92935 6.61591 5.19499 5.22159 5.23278 5.20434 6.41052 6.54349 6.38897 7.12516 7.00346 6.80840 5.73798 5.83774 6.17244 6.32847 6.83476 6.59102 6.42099 6.26110 6.67193 6.89931 6.41832 5.99121 5.80500 5.96913 6.49557 6.03862 6.23367 5.90877 6.81584 6.02385 7.10872 7.39107 6.60084 6.76192 6.94226 6.93872 6.89089 7.21454 7.63428 7.70567 7.68201 6.79544 8.11026
8.29404 8.10111 8.69622 8.63504 7.50754 6.86538 7.81133 7.48411 7.55970 7.79848 7.85296 6.53723 6.88292 7.25632 6.37982 8.08541 5.80547 7.71261 6.28591 6.74060 5.48897 5.57143 5.95245 7.37048 6.26260 6.17611 7.06118 6.75171 5.75721 5.75353 5.45073 5.46002 6.93861 7.00555 7.73731 7.47925 7.23069 7.09269 6.12406 6.01968 5.86447 6.13916 6.84259 6.58275 7.37498 7.31677 7.32977 7.24256 6.44006 6.16521 6.04897 6.19320 6.99181 6.88048 6.36129 6.13137 6.81750 6.27995 7.31416 7.65419 7.41984 7.25646 7.40656 7.09392 7.87283 7.08650 7.14012 7.73551 8.67915 7.86641 9.22044
8.64072 8.56153 8.31752 8.36515 8.70827 8.43837 8.40587 8.02774 7.63562 7.34091 7.33086 7.37657 7.07376 7.26171 6.75271 6.50284 8.38385 6.23891 6.42757 6.90152 6.76541 6.53871 6.65251 6.87128 6.44449 6.90122 6.94040 6.84582 6.36348 6.46041 5.68144 5.77427 7.14090 6.99345 7.46586 7.46615 7.22812 7.05979 6.90388 6.76806 6.49194 6.47463 7.13780 7.25718 7.91321 7.93659 8.23675 7.87448 7.11766 6.62382 6.62327 6.87056 7.27218 6.61532 7.35151 7.41707 7.28174 7.21804 6.48585 7.13130 7.21410 7.32924 7.43804 7.81999 7.86368 6.94446 7.42177 7.82124 8.39316 8.36730 9.18205
8.69984 8.66549 8.14729 8.08134 8.97803 9.04901 9.06533 8.65282 8.18514 8.30790 8.17519 7.21890 7.18324 7.49266 7.71026 7.21516 7.26814 7.11093 6.22767 6.28896 7.02960 7.71354 7.80161 7.58930 6.28422 6.41734 7.14346 6.97962 6.46583 6.15958 5.95173 5.89557 7.70472 7.59312 7.87757 7.39772 6.90455 6.46968 6.92047 6.29983 6.12076 6.42600 7.25468 6.74369 6.80482 7.32238 8.20118 7.94668 7.57432 7.15895 7.09255 7.60660 8.26473 8.14967 8.64724 8.47396 7.79438 7.42379 7.48551 7.28329 7.66405 7.68635 7.78202 7.92306 8.06077 8.00010 7.92612 8.06338 8.94971 8.40891 8.65599
8.07863 7.91242 7.82490 7.67701 8.36098 8.49707 8.85264 8.94645 10.37200 10.11070 10.36900 9.74408 7.17268 7.36089 8.09732 8.12072 8.19840 7.69940 6.93119 6.74863 7.77626 7.78622 7.18974 7.60979 7.47094 7.55444 6.75572 7.19457 7.97049 7.35886 7.60090 7.42846 8.16662 7.09669 7.56737 8.03326 7.34200 6.84382 7.65698 7.89264 7.71604 7.44500 7.33678 7.62096 8.96270 9.02032 9.53865 9.36139 9.47349 9.07452 9.49880 9.30715 9.02153 9.11221 8.48407 8.50048 7.83615 8.59072 8.01851 8.26055 9.24622 9.14848 8.00359 8.19565 8.51483 8.55476 9.27248 9.10494 8.31193 7.88215 8.55914
9.20677 8.78911 8.62935 10.20030 8.33701 8.89524 8.84588 9.39335 10.63050 10.75110 11.77030 11.11450 8.18142 7.46368 7.89177 7.97122 8.42121 8.65304 7.98090 8.14890 7.55721 8.36969 7.85472 8.01322 8.09754 7.75016 6.37069 6.99449 8.10838 8.15122 7.00791 7.15678 7.87373 7.30359 7.51022 8.06007 7.55914 7.30922 7.50825 7.53364 7.92687 7.72554 7.88612 7.73932 9.31784 9.06627 10.37920 9.91207 9.42111 9.43780 9.83937 9.74669 9.96541 10.34250 9.35091 9.67526 8.58066 9.36861 8.57045 8.41418 9.54098 9.52780 8.60520 8.28030 7.52562 7.71133 8.36781 8.42932 8.31193 8.60320 9.30633
8.48060 8.63728 8.12973 10.08900 10.01920 9.28505 10.12030 8.74666 9.46097 9.64809 10.07750 9.51573 9.29928 8.70041 7.88533 8.43347 9.59832 9.71960 8.97168 8.91369 9.08221 8.40369 8.74562 9.36414 8.79524 9.00142 7.92298 8.15063 9.04596 8.25635 7.92659 7.85013 8.34276 8.15656 7.89106 7.71124 9.22443 8.59466 7.86293 7.47527 8.07208 8.10007 8.27776 8.95038 10.31940 10.72250 12.31230 12.59060 12.47100 12.42250 12.36190 12.22450 12.63700 12.26520 11.38030 11.35140 9.46091 9.99580 9.93144 10.27480 10.17820 10.02530 8.93731 8.22179 8.87791 8.84772 8.83873 8.99651 9.53380 9.83746 10.21490
9.65941 9.17579 8.55666 8.62389 8.87832 9.95412 8.99235 9.72935 9.01515 8.42323 8.40839 8.92916 8.64118 7.87260 8.41652 8.82468 9.38675 9.66207 9.73233 9.53502 9.21723 8.75297 8.42562 9.55512 9.22247 9.36212 7.74537 8.11142 8.19533 7.49813 8.49605 8.73414 8.49137 8.24287 7.91939 8.22559 9.01461 8.97965 8.05991 8.02241 8.43646 9.13170 9.33818 10.10070 12.02860 12.35880 13.02400 12.61830 12.14920 12.36080 -9999 -9999 13.27280 12.68880 12.85240 12.42760 10.14380 10.17050 10.59040 10.18810 10.25170 9.19720 8.30812 7.94544 9.15437 8.68975 8.52130 8.36760 9.40062 9.74013 10.17700
9.05577 9.54330 9.22558 8.69381 7.97045 8.20689 10.16710 8.98511 9.89125 11.96960 11.92970 9.91237 10.26800 9.97668 10.52960 11.10400 9.74807 10.19210 10.50730 9.86501 9.85455 10.01840 9.65642 9.25714 8.39477 9.06787 8.98014 9.62067 9.63251 9.49217 9.53866 10.38100 10.70560 10.07720 9.12382 9.05090 8.95524 10.13780 11.40400 -9999 -9999 -9999 -9999 13.96620 -9999 12.50580 11.70150 12.40300 13.75300 14.85320 -9999 -9999 15.03120 14.53010 13.12280 12.90090 13.76120 13.66370 13.02760 12.39140 12.43820 11.96720 11.93720 11.77010 11.42780 9.80985 10.07530 10.41860 11.69900 12.05180 13.14340
9.78050 9.69833 9.34135 8.99317 8.63983 9.39001 8.96363 9.30707 11.84050 11.28760 11.78890 11.33950 11.23020 10.63550 10.64730 11.89370 10.84090 10.26510 9.81769 10.08820 9.57740 10.44450 9.87857 9.88732 9.38523 9.73274 9.54809 9.36193 9.53339 9.76604 9.93034 9.92020 10.11410 10.29460 8.96377 9.91236 10.79980 -9999 -9999 -9999 -9999 -9999 -9999 -9999 14.20450 13.54980 13.96830 -9999 -9999 -9999 -9999 -9999 15.84760 15.42750 12.95480 13.29450 13.14410 13.61920 13.35790 12.75540 14.13190 13.87530 13.50530 12.81110 12.74480 12.98390 12.58550 11.37090 12.28270 13.43500 -9999
