data/hydroclimate-scenarios/BCSD_hadcm_B1/monthly_summaries/et_monthly_tot_sep.2030-2059.asc
ncols	311
nrows	91
xllcenter	102.75
yllcenter	31.75
cellsize	0.5
NODATA_value	-9999
[rows 0 to 31 of 91, columns 71 to 141 of 311]
-9999 -9999 -9999 -9999 -9999 -9999 -9999 -9999 -9999 -9999 -9999 -9999 -9999 -9999 -9999 -9999 -9999 -9999 -9999 -9999 -9999 -9999 -9999 -9999 -9999 -9999 -9999 -9999 -9999 -9999 -9999 -9999 -9999 -9999 -9999 -9999 -9999 -9999 -9999 -9999 -9999 -9999 -9999 -9999 -9999 -9999 -9999 -9999 -9999 -9999 -9999 -9999 -9999 -9999 -9999 -9999 -9999 -9999 -9999 -9999 -9999 -9999 -9999 -9999 -9999 -9999 -9999 -9999 -9999 -9999 -9999
-9999 -9999 -9999 -9999 -9999 -9999 -9999 -9999 -9999 -9999 -9999 -9999 -9999 -9999 -9999 -9999 -9999 -9999 -9999 -9999 -9999 -9999 -9999 -9999 -9999 -9999 -9999 -9999 -9999 -9999 -9999 -9999 -9999 -9999 -9999 -9999 -9999 -9999 -9999 -9999 -9999 -9999 -9999 -9999 -9999 -9999 -9999 -9999 -9999 -9999 -9999 -9999 -9999 -9999 -9999 -9999 -9999 -9999 -9999 -9999 -9999 -9999 -9999 -9999 -9999 -9999 -9999 -9999 -9999 -9999 -9999
-9999 -9999 -9999 -9999 -9999 -9999 -9999 -9999 -9999 -9999 -9999 -9999 -9999 -9999 -9999 -9999 -9999 -9999 -9999 -9999 -9999 -9999 -9999 -9999 -9999 -9999 -9999 -9999 -9999 -9999 -9999 -9999 -9999 -9999 -9999 -9999 -9999 -9999 -9999 -9999 -9999 -9999 -9999 -9999 -9999 -9999 -9999 -9999 -9999 -9999 -9999 -9999 -9999 -9999 -9999 -9999 -9999 -9999 -9999 -9999 -9999 -9999 -9999 -9999 -9999 -9999 -9999 -9999 -9999 -9999 -9999
-9999 -9999 -9999 -9999 -9999 -9999 -9999 -9999 -9999 -9999 -9999 -9999 -9999 -9999 -9999 -9999 -9999 -9999 -9999 -9999 -9999 -9999 -9999 -9999 -9999 -9999 -9999 -9999 -9999 -9999 -9999 -9999 -9999 -9999 -9999 -9999 -9999 -9999 -9999 -9999 -9999 -9999 -9999 -9999 -9999 -9999 -9999 -9999 -9999 -9999 -9999 -9999 -9999 -9999 -9999 -9999 -9999 -9999 -9999 -9999 -9999 -9999 -9999 -9999 -9999 -9999 -9999 -9999 -9999 -9999 -9999
-9999 -9999 -9999 -9999 -9999 -9999 -9999 -9999 -9999 -9999 -9999 -9999 -9999 -9999 -9999 -9999 -9999 -9999 -9999 -9999 -9999 -9999 -9999 -9999 -9999 -9999 -9999 -9999 -9999 -9999 -9999 -9999 -9999 -9999 -9999 -9999 -9999 -9999 -9999 -9999 -9999 -9999 -9999 -9999 -9999 -9999 -9999 -9999 -9999 -9999 -9999 -9999 -9999 -9999 -9999 -9999 -9999 -9999 -9999 -9999 -9999 -9999 -9999 -9999 -9999 -9999 -9999 -9999 -9999 -9999 -9999
-9999 -9999 -9999 -9999 -9999 -9999 -9999 -9999 -9999 -9999 -9999 -9999 -9999 -9999 -9999 -9999 -9999 -9999 -9999 -9999 -9999 -9999 -9999 -9999 -9999 -9999 -9999 -9999 -9999 -9999 -9999 -9999 -9999 -9999 -9999 -9999 -9999 -9999 -9999 -9999 -9999 -9999 -9999 -9999 -9999 -9999 -9999 -9999 -9999 -9999 -9999 -9999 -9999 -9999 -9999 -9999 -9999 -9999 -9999 -9999 -9999 -9999 -9999 -9999 -9999 -9999 -9999 -9999 -9999 -9999 -9999
-9999 -9999 -9999 -9999 -9999 -9999 -9999 -9999 -9999 -9999 -9999 -9999 -9999 -9999 -9999 -9999 -9999 -9999 -9999 -9999 -9999 -9999 -9999 -9999 -9999 -9999 -9999 -9999 -9999 -9999 -9999 -9999 -9999 -9999 -9999 -9999 -9999 -9999 -9999 -9999 -9999 -9999 -9999 -9999 -9999 -9999 -9999 -9999 -9999 -9999 -9999 -9999 -9999 -9999 -9999 -9999 -9999 -9999 -9999 -9999 -9999 -9999 -9999 -9999 -9999 -9999 -9999 -9999 -9999 -9999 -9999
-9999 -9999 -9999 -9999 -9999 -9999 -9999 -9999 -9999 -9999 -9999 -9999 -9999 -9999 -9999 -9999 -9999 -9999 -9999 -9999 -9999 -9999 -9999 -9999 -9999 -9999 -9999 -9999 -9999 -9999 -9999 -9999 -9999 -9999 -9999 -9999 -9999 -9999 -9999 -9999 -9999 -9999 -9999 -9999 -9999 -9999 -9999 -9999 -9999 -9999 -9999 -9999 -9999 -9999 -9999 -9999 -9999 -9999 -9999 -9999 -9999 -9999 -9999 -9999 -9999 -9999 -9999 -9999 -9999 -9999 -9999
-9999 -9999 -9999 -9999 -9999 -9999 8.60857 -9999 -9999 -9999 -9999 -9999 -9999 -9999 -9999 -9999 -9999 -9999 -9999 -9999 -9999 -9999 -9999 -9999 -9999 -9999 -9999 -9999 -9999 -9999 -9999 -9999 -9999 -9999 -9999 -9999 -9999 -9999 -9999 -9999 -9999 -9999 -9999 -9999 -9999 -9999 -9999 -9999 -9999 -9999 -9999 -9999 -9999 -9999 -9999 -9999 -9999 -9999 -9999 -9999 -9999 -9999 -9999 -9999 -9999 -9999 -9999 -9999 -9999 -9999 -9999
-9999 -9999 11.68100 11.62120 11.18830 10.85300 9.07456 9.14653 8.82312 8.63384 10.38320 10.29920 11.60610 11.51190 11.91150 11.83880 12.08090 12.02360 11.32570 11.25910 11.83870 11.62110 -9999 -9999 -9999 -9999 -9999 -9999 -9999 -9999 -9999 -9999 -9999 -9999 -9999 -9999 -9999 -9999 -9999 -9999 -9999 -9999 -9999 -9999 -9999 -9999 -9999 -9999 -9999 -9999 -9999 -9999 -9999 -9999 -9999 -9999 -9999 -9999 -9999 -9999 -9999 -9999 -9999 -9999 -9999 -9999 -9999 -9999 -9999 -9999 -9999
-9999 -9999 -9999 -9999 7.61544 7.49136 7.74107 7.84577 8.86632 8.81296 8.69897 8.78568 9.65837 9.36608 10.13970 10.12760 9.98027 9.91638 9.79488 9.78232 9.57689 9.42755 -9999 -9999 -9999 -9999 -9999 -9999 -9999 -9999 -9999 -9999 -9999 -9999 -9999 -9999 -9999 -9999 -9999 -9999 -9999 -9999 -9999 -9999 -9999 -9999 -9999 -9999 -9999 -9999 -9999 -9999 -9999 -9999 -9999 -9999 -9999 -9999 -9999 -9999 -9999 -9999 -9999 -9999 -9999 -9999 -9999 -9999 -9999 -9999 -9999
11.27150 11.29100 11.07220 11.13920 8.02506 7.77812 7.72884 7.88910 9.13755 9.16736 9.13295 9.15508 10.43440 10.29900 11.03590 11.05850 10.52340 10.55540 10.61200 10.42660 9.76252 9.62846 9.98757 9.96042 9.60008 9.61318 9.82415 9.55747 -9999 -9999 -9999 -9999 -9999 -9999 -9999 -9999 -9999 -9999 -9999 -9999 -9999 -9999 -9999 -9999 -9999 -9999 -9999 -9999 -9999 -9999 -9999 -9999 -9999 -9999 -9999 -9999 -9999 -9999 -9999 -9999 -9999 -9999 -9999 -9999 -9999 -9999 -9999 -9999 -9999 -9999 -9999
10.26660 10.28310 9.63092 9.57570 8.41072 8.27619 8.61520 8.47030 9.13660 9.10049 9.59160 9.65518 9.97856 9.79509 10.01990 9.85919 9.54916 9.24404 9.23744 9.99280 9.94463 9.63414 9.09078 9.22187 8.95338 9.14383 8.90956 8.69640 9.25795 9.09035 8.71222 8.63177 9.33152 9.45843 8.41017 8.33800 8.09105 8.16925 8.93137 9.03577 9.36899 9.69329 9.03630 -9999 -9999 -9999 -9999 -9999 -9999 -9999 -9999 -9999 -9999 -9999 -9999 -9999 -9999 -9999 -9999 -9999 -9999 -9999 -9999 -9999 -9999 -9999 -9999 -9999 -9999 -9999 -9999
11.09850 10.56150 10.88060 10.50300 8.78273 8.76245 9.09593 9.06140 9.66989 9.69010 10.18750 9.95317 10.49350 10.12660 10.38950 10.33630 9.99234 9.68567 10.21630 10.22120 9.99491 9.37897 8.90205 9.51201 9.06384 9.20487 9.01704 8.95341 9.37726 9.21207 9.41802 9.33550 9.85919 9.80472 8.96861 8.99677 8.90406 8.85393 9.60939 9.64736 10.15180 10.19160 9.74158 9.60800 -9999 -9999 -9999 -9999 -9999 -9999 -9999 -9999 -9999 -9999 -9999 -9999 -9999 -9999 -9999 -9999 -9999 -9999 -9999 -9999 -9999 -9999 -9999 -9999 -9999 -9999 -9999
8.16761 7.82181 8.71681 7.50656 7.19949 7.63695 6.94530 7.00384 7.89743 8.35069 9.25339 9.34874 10.52610 10.65780 11.42850 11.39380 10.25670 10.28740 9.41562 8.58654 9.41019 9.27189 9.59952 9.52126 9.50883 9.30979 9.54179 9.90363 9.99714 9.53212 9.08090 9.19364 9.90206 9.84855 8.86732 9.05177 10.05160 9.93214 9.00681 8.93350 8.08668 8.01848 9.50488 9.53838 -9999 -9999 -9999 -9999 -9999 -9999 -9999 -9999 -9999 -9999 -9999 -9999 -9999 -9999 -9999 10.42200 11.77100 -9999 -9999 -9999 -9999 9.69698 8.95598 8.14264 7.62756 8.33094 9.33652
8.81024 8.57675 9.15289 8.35140 8.02105 8.84598 7.91241 7.25518 8.06047 8.02131 10.03010 10.29960 11.07830 10.98980 11.73060 12.06370 10.78420 11.00820 9.40894 9.97943 10.63550 10.03000 10.55010 10.57240 10.70310 10.55760 10.66510 10.72450 10.78010 10.79430 10.21290 10.01190 10.60560 10.69420 9.30011 9.30390 10.49240 10.35070 9.28168 8.70873 8.13154 8.09958 9.44917 9.31271 9.34085 9.33626 9.62023 10.34680 9.06361 8.76545 9.39340 9.11432 9.62090 10.35140 9.15961 9.45254 10.50910 10.61190 10.73610 10.46940 12.09410 -9999 -9999 -9999 -9999 -9999 11.01400 9.95202 8.52337 8.00912 8.44627
7.56014 9.66152 8.75596 7.15169 7.82105 8.69889 8.87643 9.12170 10.52150 10.74290 10.71920 10.86880 11.93070 12.02820 13.53590 12.45160 11.79260 11.46580 10.88590 10.84750 10.86280 10.54130 11.04900 10.62990 10.40100 10.39710 10.29840 10.16670 9.97435 9.86073 9.72163 9.63964 10.18500 10.34480 9.97262 9.94430 10.59320 10.62020 9.99420 9.88261 9.43183 9.01205 9.78828 9.79818 10.16010 10.03750 10.20440 10.47390 8.93318 8.48313 8.70826 9.31224 9.00207 8.10088 7.01105 8.49877 8.33459 8.16658 8.61268 10.08550 10.33490 10.00590 10.55280 11.21770 11.91680 11.52370 11.22590 11.23440 8.82215 8.47356 7.11102
7.78985 5.69833 10.61050 7.65169 6.45148 7.67385 8.49729 8.46592 11.45540 11.63200 11.38710 11.52960 12.63990 11.92710 13.88720 13.73400 12.37190 12.44100 11.43290 10.71190 11.07430 11.23320 11.60850 11.61220 11.14340 11.15090 10.86720 10.77290 10.55800 10.61800 10.04820 9.92340 10.75660 10.72510 10.61520 10.40490 11.00970 11.13970 10.78410 10.78760 10.10480 10.02880 10.21840 10.26080 10.38790 10.63930 10.72490 10.98370 10.26150 10.20330 9.55760 9.82945 9.73842 9.58395 9.08076 7.73845 8.07862 8.65707 8.61692 8.37417 8.85945 8.31722 9.57172 11.46820 11.37020 11.74540 12.06870 12.07100 9.14458 8.58401 7.75937
6.56206 5.87607 7.69183 11.85830 9.00246 10.00720 10.87000 9.52020 10.38990 10.73480 10.58350 10.88080 13.26160 13.25870 13.07640 12.97910 12.09860 12.09850 11.83820 10.35330 10.14280 10.79330 10.89030 11.80500 11.57300 11.40970 11.29580 11.04390 11.43000 11.14430 10.93480 10.18680 11.43950 11.42120 10.75670 10.83470 11.15530 11.33310 10.78530 10.56000 10.41410 10.54430 9.49673 9.07385 9.60349 9.99985 11.26020 11.69740 10.60700 10.35680 9.96284 9.92087 8.91446 8.79752 9.02978 9.33759 9.90691 8.01043 8.66715 8.44887 7.93616 7.46019 7.55433 8.97944 9.66972 9.96861 9.70373 9.73484 9.77461 9.24086 8.47762
8.05299 7.03370 7.08978 7.67959 8.95008 10.68540 11.00120 9.52049 9.19843 10.34850 8.83753 8.98191 11.90570 12.91220 13.18160 13.57710 12.76430 12.80960 12.59520 12.07840 10.97180 11.94050 12.42970 12.76200 12.45590 12.19330 12.06280 11.70990 11.62420 11.07840 11.47920 11.00450 11.62690 12.17470 11.51140 11.14970 11.51260 11.75530 11.32760 11.07620 10.44770 11.14940 10.96130 10.38470 9.71037 9.39913 11.28020 11.35210 10.92020 10.31240 10.13610 10.09610 9.50177 9.92694 9.05833 8.13223 8.30373 7.34440 9.26989 9.80212 9.17815 9.12030 8.95455 8.84112 8.62206 10.11860 8.01437 8.81866 10.10290 9.83045 8.91968
8.69707 8.10621 8.04307 7.51043 7.62871 8.94144 10.66380 10.86250 10.50510 10.76750 10.41750 8.20594 7.56631 8.13519 9.12850 11.14040 12.99550 13.25520 13.07160 13.11630 14.15120 14.23720 13.78990 14.15820 13.33050 13.28650 13.54040 13.50190 12.50780 12.28870 10.98480 11.16250 11.87900 11.75720 12.38500 11.78720 11.64340 10.68010 11.77280 11.51570 11.20980 11.16810 12.43880 12.02440 10.75540 11.10950 10.79410 10.74100 10.92820 11.05790 11.74280 11.72980 11.50240 11.54290 10.79080 10.97580 10.29480 9.40970 9.76613 8.14819 8.58836 9.20717 10.30710 10.64880 10.84470 10.51750 11.00120 10.21300 11.19610 10.70740 12.14740
7.25815 7.25347 6.55256 7.05888 7.10638 6.52126 6.74605 7.34254 8.87300 10.42060 11.36150 11.03140 10.68920 9.24832 8.94553 8.70897 8.86874 9.88265 11.46490 12.83870 14.34700 14.62260 14.44870 14.86240 14.31080 14.42700 15.25860 14.72580 13.20760 12.95260 11.85910 11.02670 10.92830 11.29440 11.76790 11.72380 11.70250 11.57770 12.45180 11.51390 11.23090 11.41500 12.78720 11.88250 11.27260 10.94170 10.79040 10.90450 11.37510 11.69880 10.89030 10.75530 9.84728 10.40630 9.64368 9.81323 9.50780 10.66150 10.79610 9.21938 10.10620 10.48520 10.89410 12.47870 11.50150 12.30690 10.51190 11.48060 12.24320 12.54590 14.47510
9.82482 8.57078 8.63458 8.42801 8.25045 7.92774 7.84354 8.57004 9.03360 10.55560 10.82580 10.59030 10.62170 12.04990 11.67930 12.06260 11.09130 9.19941 8.69564 9.35986 10.75410 11.10560 13.52610 14.22140 14.47700 14.69650 15.05470 14.07400 13.67480 13.44870 12.66660 12.16850 11.24590 11.43900 10.53080 12.52360 12.10750 11.44800 10.14780 10.76730 12.23930 13.14120 13.04870 12.00310 11.91280 11.60930 12.75480 13.62800 13.82540 12.56120 11.05680 11.72860 9.74451 9.05885 10.21000 9.65238 10.67810 9.88596 12.09850 13.20030 13.37960 14.58730 13.62250 14.60580 12.88260 14.45190 15.78600 16.12890 15.43900 15.11600 15.82920
10.55880 10.14640 10.34180 10.77480 8.83791 8.13841 7.91373 8.12251 9.15459 10.21320 11.72890 8.52584 8.67549 10.15660 9.39519 12.24930 8.76806 14.42530 10.36130 9.75425 7.95225 9.06904 11.04980 15.29410 15.41150 15.45950 15.36770 14.72140 14.48770 14.77610 13.21140 12.80050 12.46320 12.43880 13.57230 13.30280 12.45350 12.16830 11.65920 11.19250 10.32230 11.99190 13.10430 12.51790 15.01940 14.36730 15.12000 14.26440 13.80520 13.35730 11.67410 12.42110 11.47400 11.09560 10.38410 10.78390 10.75540 10.91200 13.16740 14.03760 15.73600 15.76060 15.08340 14.35330 16.84680 17.23370 17.11810 17.21800 16.05840 15.69440 16.74450
11.67860 12.29980 11.65210 12.38090 11.50550 11.27400 11.07320 10.31560 10.79850 10.59390 10.45830 9.85825 10.32220 11.16620 9.66772 9.29594 11.42790 9.61710 11.35010 12.18290 11.43250 11.09900 12.22630 13.04930 15.17150 15.58870 14.93180 14.91220 14.32320 14.71400 15.05100 14.89920 13.74200 13.07150 14.06340 13.82810 12.46540 12.48750 13.34220 12.07550 10.97260 10.97860 12.11600 12.81190 16.52760 16.38950 16.60780 15.90450 16.04410 14.16570 12.47600 13.75980 13.39040 11.68460 12.54870 12.96330 13.00110 14.16650 12.58750 15.51300 16.37710 17.56770 18.50200 19.60150 19.07410 18.45840 18.51250 17.67890 15.85220 16.72710 17.89920
12.70600 12.41410 11.47500 11.41390 11.71150 13.19050 13.04500 12.72310 12.62020 12.46100 11.02720 9.73742 10.47290 12.00700 12.48040 11.49110 10.95490 10.19680 8.73512 9.74223 11.71240 13.59590 14.78240 14.29950 13.61370 15.05460 15.57730 14.86660 14.67620 14.24490 15.78440 15.62910 14.46580 14.70910 14.62590 13.69250 12.98080 11.66320 13.16000 11.47840 9.75599 11.04150 12.00180 10.53840 14.36800 15.70370 17.52240 17.01000 18.16780 17.48440 13.94790 16.46210 15.82120 15.93130 16.25900 16.47190 15.99440 14.99520 17.05500 16.10660 18.76550 19.16370 19.46760 19.92690 19.71330 19.90440 20.32290 19.44420 17.85560 17.16960 18.84930
12.36180 11.30940 10.65150 10.41800 11.19430 11.85270 12.18040 12.86670 13.95640 12.32910 11.61360 10.81200 8.82230 9.83838 14.47200 15.06840 11.78560 10.08080 9.46033 10.23290 10.64450 11.11070 12.09200 13.08380 13.73930 14.75160 14.37200 15.15090 15.65360 15.01200 15.99420 15.17050 15.21020 14.15580 14.02100 15.54390 14.64210 12.91370 13.24020 13.19720 11.49540 10.78720 11.45730 12.75420 13.65840 14.45710 15.02700 15.53310 15.30930 14.12110 14.85720 13.90510 14.81150 14.55630 15.42410 16.25360 16.40070 18.68340 19.88380 21.23100 21.14730 20.71570 19.87060 20.14990 19.40690 19.63630 19.37040 19.14570 17.61570 16.39610 17.48020
16.26140 14.33840 11.97980 13.59730 10.29970 13.04370 13.33890 14.66420 14.62080 14.63380 14.33180 14.38420 12.87580 10.47880 13.16930 13.40790 11.64100 13.69280 12.45040 13.20550 10.81640 12.69010 13.49090 14.27220 14.52570 13.85300 13.42500 15.01290 16.30920 16.26920 15.29800 15.43120 15.65090 14.26210 13.91350 15.50490 15.17870 13.82200 11.66810 12.50750 13.33780 12.58810 13.83290 13.12260 14.34880 14.33140 17.47580 17.09380 15.82140 16.02200 16.14330 15.97240 16.97150 18.62710 19.11150 21.31110 20.17720 20.67540 22.16840 22.57850 22.24560 21.49070 20.78380 19.79280 16.87440 18.67060 17.70450 17.92700 18.37560 19.87710 19.82740
16.55560 16.77980 13.08160 14.37800 14.39170 15.77740 15.04440 14.37980 13.90190 13.54060 14.66930 13.46850 14.50300 13.27540 11.43380 13.26200 15.38440 16.20480 14.57330 15.10580 16.14770 13.62270 13.40350 15.38210 17.14880 18.21770 17.15120 17.43300 20.03130 18.62660 17.32560 17.08810 16.97330 16.75050 15.65970 15.63560 16.40420 15.22950 13.78650 12.75840 15.20930 16.69510 14.84350 17.61240 20.05220 20.57530 21.80360 23.78150 23.32100 24.06800 22.84550 23.29240 23.64360 22.73990 24.48080 24.40150 24.63230 25.90840 25.77740 25.19540 23.71300 22.74530 22.28320 18.79990 16.60390 17.46500 18.39380 19.43410 20.93270 21.72170 22.91790
20.97720 18.48020 14.94550 15.42780 14.88350 17.84930 18.41520 17.14550 12.98180 12.46220 13.11370 12.63260 13.25040 12.39630 12.97030 15.60860 14.94540 15.79770 16.47290 17.06290 16.61150 15.47930 12.28610 16.70420 18.99200 19.89300 16.54510 17.66640 19.14610 17.25400 18.63820 18.40570 17.70190 17.33890 15.79250 16.27110 16.95150 17.63430 15.76460 15.63700 17.86510 21.51580 20.27400 22.35900 24.69780 24.28140 25.08310 25.32070 23.65200 25.39630 -9999 -9999 25.44530 24.53320 27.42850 26.71370 26.46090 27.17380 26.85070 25.64880 23.52700 20.98040 19.66020 19.76980 21.63390 19.99150 19.44650 18.84430 21.50710 21.56800 23.67400
15.01670 17.54450 15.95900 14.58630 14.50950 15.22910 18.12340 14.83140 14.21680 18.52570 18.31860 14.18230 13.20220 13.22560 15.11600 16.95250 14.11360 16.26090 17.98180 16.57170 18.71930 19.46970 18.67840 18.42970 15.32820 17.71200 17.84650 19.32160 18.25960 18.05470 18.18290 19.56980 18.94130 17.36740 17.20840 17.74680 19.12420 22.16420 26.66620 -9999 -9999 -9999 -9999 30.55350 -9999 26.37890 21.44100 23.92140 25.52290 26.96650 -9999 -9999 26.44140 27.63580 28.88870 28.13780 28.64660 28.75990 27.99560 26.16340 25.40350 24.59000 23.40410 25.97300 23.80090 18.82630 20.18650 21.68550 24.92370 27.31990 28.50400
19.68790 19.21620 18.18420 16.00100 16.75310 20.52320 14.79940 16.36730 20.81790 19.93290 20.40460 19.48090 16.51640 15.52200 17.79880 20.87700 18.01120 16.93430 16.55620 17.74310 17.02060 20.11550 19.49790 19.63420 19.70840 19.62730 20.12550 18.80610 18.11240 18.85120 19.19070 19.03710 18.33920 18.65370 17.81950 20.81040 24.59900 -9999 -9999 -9999 -9999 -9999 -9999 -9999 28.63600 27.09020 26.37280 -9999 -9999 -9999 -9999 -9999 28.25540 28.60340 27.75980 27.77080 26.80370 28.26090 29.26510 28.00270 28.46360 28.45920 27.57260 25.11920 26.59000 27.16750 26.42550 25.70040 27.90380 29.85840 -9999
