data/hydroclimate-scenarios/BCSD_hadcm_B1/monthly_summaries/isr_monthly_avg_apr.2030-2059.asc
ncols	311
nrows	91
xllcenter	102.75
yllcenter	31.75
cellsize	0.5
NODATA_value	-9999
[rows 0 to 30 of 91, columns 210 to 279 of 311]
-9999 -9999 -9999 -9999 -9999 -9999 -9999 -9999 -9999 -9999 -9999 -9999 -9999 -9999 -9999 -9999 -9999 -9999 -9999 -9999 -9999 -9999 -9999 -9999 -9999 -9999 -9999 -9999 -9999 -9999 -9999 -9999 -9999 -9999 -9999 -9999 -9999 -9999 -9999 -9999 -9999 -9999 -9999 -9999 -9999 -9999 -9999 -9999 -9999 -9999 -9999 -9999 -9999 -9999 -9999 -9999 -9999 -9999 -9999 -9999 -9999 -9999 -9999 -9999 -9999 -9999 -9999 -9999 -9999 -9999
-9999 -9999 -9999 -9999 -9999 -9999 -9999 -9999 -9999 -9999 -9999 -9999 -9999 -9999 -9999 -9999 -9999 -9999 -9999 -9999 -9999 -9999 -9999 -9999 -9999 -9999 -9999 -9999 -9999 -9999 -9999 -9999 -9999 -9999 -9999 -9999 -9999 -9999 -9999 -9999 -9999 -9999 -9999 -9999 -9999 -9999 -9999 -9999 -9999 -9999 -9999 -9999 -9999 -9999 -9999 -9999 -9999 -9999 -9999 -9999 -9999 -9999 -9999 -9999 -9999 -9999 -9999 -9999 -9999 -9999
-9999 -9999 -9999 -9999 -9999 -9999 -9999 -9999 -9999 -9999 -9999 -9999 -9999 -9999 -9999 -9999 -9999 -9999 -9999 -9999 -9999 -9999 -9999 -9999 -9999 -9999 -9999 -9999 -9999 -9999 -9999 -9999 -9999 -9999 -9999 -9999 -9999 -9999 -9999 -9999 -9999 -9999 -9999 -9999 -9999 -9999 -9999 -9999 -9999 -9999 -9999 -9999 -9999 -9999 -9999 -9999 -9999 -9999 -9999 -9999 -9999 -9999 -9999 -9999 -9999 -9999 -9999 -9999 -9999 -9999
-9999 -9999 -9999 -9999 -9999 -9999 -9999 -9999 -9999 -9999 -9999 -9999 -9999 -9999 -9999 -9999 -9999 -9999 -9999 -9999 -9999 -9999 -9999 -9999 -9999 -9999 -9999 -9999 -9999 -9999 -9999 -9999 -9999 -9999 -9999 -9999 -9999 -9999 -9999 -9999 -9999 -9999 -9999 -9999 -9999 -9999 -9999 -9999 -9999 -9999 -9999 -9999 -9999 -9999 -9999 -9999 -9999 -9999 -9999 -9999 -9999 -9999 -9999 -9999 -9999 -9999 -9999 -9999 -9999 -9999
-9999 -9999 -9999 -9999 -9999 -9999 -9999 -9999 -9999 -9999 -9999 -9999 -9999 -9999 -9999 -9999 -9999 -9999 -9999 -9999 -9999 -9999 -9999 -9999 -9999 -9999 -9999 -9999 -9999 -9999 -9999 -9999 -9999 -9999 -9999 -9999 -9999 -9999 -9999 -9999 -9999 -9999 -9999 -9999 -9999 -9999 -9999 -9999 -9999 -9999 -9999 -9999 -9999 -9999 -9999 -9999 -9999 -9999 -9999 -9999 -9999 -9999 -9999 -9999 -9999 -9999 -9999 -9999 -9999 -9999
-9999 -9999 -9999 -9999 -9999 -9999 -9999 -9999 -9999 -9999 -9999 -9999 -9999 -9999 -9999 -9999 -9999 -9999 -9999 -9999 -9999 -9999 -9999 -9999 -9999 -9999 -9999 -9999 -9999 -9999 -9999 -9999 -9999 -9999 -9999 -9999 -9999 -9999 -9999 -9999 -9999 -9999 -9999 -9999 -9999 -9999 -9999 -9999 -9999 -9999 -9999 -9999 -9999 -9999 -9999 -9999 -9999 -9999 -9999 -9999 -9999 -9999 -9999 -9999 -9999 -9999 -9999 -9999 -9999 -9999
-9999 -9999 -9999 -9999 -9999 -9999 -9999 -9999 -9999 -9999 -9999 -9999 -9999 -9999 -9999 -9999 -9999 -9999 -9999 -9999 -9999 -9999 -9999 -9999 -9999 -9999 -9999 -9999 -9999 -9999 -9999 -9999 -9999 -9999 -9999 -9999 -9999 -9999 -9999 -9999 -9999 -9999 -9999 -9999 -9999 -9999 -9999 -9999 -9999 -9999 -9999 -9999 -9999 -9999 -9999 -9999 -9999 -9999 -9999 -9999 -9999 -9999 -9999 -9999 -9999 -9999 -9999 -9999 -9999 -9999
-9999 -9999 -9999 -9999 -9999 -9999 -9999 -9999 -9999 -9999 -9999 -9999 -9999 -9999 -9999 -9999 -9999 -9999 -9999 -9999 -9999 -9999 -9999 -9999 -9999 -9999 -9999 -9999 -9999 -9999 -9999 -9999 -9999 -9999 -9999 -9999 -9999 -9999 -9999 -9999 -9999 -9999 -9999 -9999 -9999 -9999 -9999 -9999 -9999 -9999 -9999 -9999 -9999 -9999 -9999 -9999 -9999 -9999 -9999 -9999 -9999 -9999 -9999 -9999 -9999 -9999 -9999 -9999 -9999 -9999
-9999 -9999 -9999 -9999 -9999 -9999 -9999 -9999 -9999 -9999 -9999 -9999 -9999 -9999 -9999 -9999 -9999 -9999 -9999 -9999 -9999 -9999 -9999 -9999 -9999 -9999 -9999 -9999 -9999 -9999 -9999 -9999 -9999 -9999 -9999 -9999 -9999 -9999 -9999 -9999 -9999 -9999 -9999 -9999 -9999 -9999 -9999 -9999 -9999 -9999 -9999 -9999 -9999 -9999 -9999 -9999 -9999 -9999 -9999 -9999 -9999 -9999 -9999 -9999 -9999 -9999 -9999 -9999 -9999 -9999
-9999 -9999 -9999 -9999 -9999 -9999 -9999 -9999 -9999 -9999 -9999 -9999 -9999 -9999 -9999 -9999 -9999 -9999 -9999 -9999 -9999 -9999 -9999 -9999 -9999 -9999 -9999 -9999 -9999 -9999 -9999 -9999 -9999 -9999 -9999 -9999 -9999 -9999 -9999 -9999 -9999 -9999 -9999 -9999 -9999 -9999 -9999 -9999 -9999 -9999 -9999 -9999 -9999 -9999 -9999 -9999 -9999 -9999 -9999 -9999 -9999 -9999 -9999 -9999 -9999 -9999 -9999 -9999 -9999 -9999
-9999 -9999 -9999 -9999 -9999 -9999 -9999 -9999 -9999 -9999 -9999 -9999 -9999 -9999 -9999 -9999 -9999 -9999 -9999 -9999 -9999 -9999 -9999 -9999 -9999 -9999 -9999 -9999 -9999 -9999 -9999 -9999 -9999 -9999 -9999 -9999 -9999 -9999 -9999 -9999 -9999 -9999 -9999 -9999 -9999 -9999 -9999 -9999 -9999 -9999 -9999 -9999 -9999 -9999 -9999 -9999 -9999 -9999 -9999 -9999 -9999 -9999 -9999 -9999 -9999 -9999 -9999 -9999 -9999 -9999
-9999 -9999 -9999 -9999 -9999 -9999 -9999 -9999 -9999 -9999 -9999 -9999 -9999 -9999 -9999 -9999 -9999 -9999 -9999 -9999 -9999 -9999 -9999 -9999 -9999 -9999 -9999 -9999 -9999 -9999 -9999 -9999 -9999 -9999 -9999 -9999 -9999 -9999 -9999 -9999 -9999 -9999 -9999 -9999 -9999 -9999 -9999 -9999 -9999 -9999 -9999 -9999 -9999 -9999 -9999 -9999 -9999 -9999 -9999 -9999 -9999 -9999 -9999 -9999 -9999 -9999 -9999 -9999 -9999 -9999
-9999 -9999 -9999 -9999 -9999 -9999 -9999 -9999 -9999 -9999 -9999 -9999 -9999 -9999 -9999 -9999 -9999 -9999 -9999 -9999 -9999 -9999 -9999 -9999 -9999 -9999 -9999 -9999 -9999 -9999 -9999 -9999 -9999 -9999 -9999 -9999 -9999 -9999 -9999 -9999 -9999 -9999 -9999 -9999 -9999 -9999 -9999 -9999 -9999 -9999 -9999 -9999 -9999 -9999 -9999 -9999 -9999 -9999 -9999 -9999 -9999 -9999 -9999 -9999 -9999 -9999 -9999 -9999 -9999 -9999
172.55600 169.32899 169.06000 168.66701 169.38100 169.61900 169.56000 166.30299 165.88800 -9999 -9999 -9999 -9999 -9999 -9999 -9999 -9999 -9999 -9999 -9999 -9999 -9999 -9999 -9999 -9999 -9999 -9999 -9999 -9999 -9999 -9999 -9999 -9999 -9999 -9999 -9999 -9999 -9999 -9999 -9999 -9999 -9999 -9999 -9999 -9999 -9999 -9999 -9999 -9999 -9999 158.52901 -9999 -9999 -9999 -9999 -9999 -9999 -9999 -9999 -9999 -9999 -9999 -9999 -9999 -9999 -9999 -9999 -9999 -9999 -9999
172.62300 175.11900 174.30901 172.86200 172.68300 170.72701 169.84200 172.56400 171.67599 139.43300 138.64799 136.92999 137.07500 173.71700 173.71001 174.39700 142.78101 142.37300 141.68900 140.86501 139.33701 167.80400 -9999 -9999 -9999 -9999 -9999 -9999 -9999 -9999 -9999 -9999 -9999 -9999 -9999 -9999 -9999 -9999 -9999 -9999 -9999 -9999 -9999 -9999 -9999 154.60001 155.73700 152.66901 150.86700 152.27100 153.93401 163.16600 -9999 -9999 -9999 158.40700 -9999 -9999 -9999 158.52699 159.92599 159.96400 -9999 -9999 -9999 -9999 -9999 -9999 -9999 -9999
177.53799 180.12601 179.36000 176.50200 175.44901 174.27100 173.83600 174.70599 174.41499 173.30800 171.05000 171.94200 172.13600 173.17101 173.84200 175.30000 174.27901 156.46400 173.00000 172.56400 171.67200 169.64900 169.98000 169.80800 171.13800 167.24100 173.91901 171.32700 -9999 -9999 -9999 -9999 -9999 175.86099 175.30499 178.21600 178.69901 176.32899 174.17300 172.66901 173.19099 172.56000 172.13800 172.40800 171.89500 158.51700 159.39200 156.23199 157.11200 155.14200 159.70000 169.28799 169.32899 166.97301 164.96001 164.49200 165.57001 163.92799 161.75500 165.11600 164.53200 161.03500 160.77299 164.47900 166.71100 163.22099 164.22600 -9999 -9999 -9999
181.63699 181.00200 180.80901 176.15401 176.65401 174.58701 170.86099 163.15700 179.96800 174.32600 174.87700 175.17700 174.76199 159.39301 177.04500 177.59599 177.47000 176.13000 176.44701 174.06500 173.42900 172.58800 172.10699 172.31599 173.99600 175.67101 170.59300 165.24200 168.39200 177.47600 180.97600 183.33000 182.51199 181.57600 181.08200 179.45300 180.84100 183.67101 180.72501 177.11000 177.23801 181.23500 180.35800 174.42799 174.83501 172.45799 172.67500 173.28400 172.68401 174.07899 173.58200 173.34500 172.53400 170.23000 168.46899 169.36301 169.24800 169.74200 171.65401 173.12801 172.20799 173.92000 174.08000 168.63800 171.07700 171.59100 170.68201 167.50999 166.41400 168.22600
187.87801 184.50900 186.28101 176.93300 174.75500 177.82300 183.42400 182.46600 179.60300 178.84000 177.64101 177.78600 176.39200 177.52499 176.80000 177.91299 176.92101 174.43500 173.17700 174.46500 174.38300 179.14000 139.78300 140.29700 142.36700 189.17400 191.46400 171.19000 173.09100 180.93100 186.15100 189.63499 191.15500 191.54500 185.91600 184.61600 186.50700 190.79800 191.08600 189.24899 188.39600 190.21001 189.06599 181.51900 182.28600 179.81000 178.14799 178.21800 178.16200 179.40800 178.93100 179.29500 178.60201 175.51601 174.85800 175.00999 175.91100 176.07899 176.89900 179.48700 177.08501 177.84801 178.28200 176.56900 179.76801 175.71001 176.76500 172.20000 172.78799 173.76500
176.62199 187.95000 190.74001 187.15800 187.82300 179.59000 178.13300 186.07899 182.80800 177.15300 173.97200 174.64900 174.80800 177.29800 177.16400 172.13200 169.72501 164.77699 171.43700 156.09700 152.45700 175.82700 175.32201 177.52499 182.22099 187.68300 190.52000 183.51601 183.67900 186.69099 186.68201 186.55400 191.15900 200.46700 194.65100 193.40800 192.39500 193.66701 194.47800 195.12500 192.07300 186.28700 185.23199 184.26601 183.70000 185.71100 186.47400 188.71800 188.53700 184.65601 183.96800 186.04201 184.06900 183.29601 181.49800 180.00400 179.42101 179.98801 178.64900 178.32700 180.08299 184.01500 184.64900 184.55701 186.21600 177.09900 177.55299 180.67500 182.94800 183.28700
182.02800 189.71500 190.95599 190.42599 193.16701 187.05099 183.74500 175.95000 174.25500 176.44901 178.25200 170.23801 169.34500 156.62500 155.30099 153.43800 152.67200 149.59200 149.39999 159.90800 162.28600 179.04201 177.89799 185.63100 189.62000 185.16000 190.71800 184.34599 186.72600 190.36099 192.62900 198.51601 199.16000 208.70399 207.42900 202.35100 199.88400 197.57700 195.52000 194.87300 193.46500 190.76900 191.36800 189.28300 188.03999 192.99200 194.87500 196.71600 196.64500 192.14600 190.32201 191.87399 188.78101 187.90601 188.75400 185.68800 184.29900 183.66200 183.36900 185.84300 184.88600 188.73500 187.86200 186.35899 186.70100 181.19600 184.08800 186.05400 188.15100 189.67000
190.13000 191.00999 190.96001 187.69800 195.41400 197.63200 190.03300 184.70599 182.30400 182.54401 181.76601 177.63699 177.31900 162.29900 162.96400 170.51100 170.13300 174.28900 175.29100 174.79900 175.45300 184.58400 179.64500 178.40601 180.08800 184.13100 182.84500 183.14400 187.75999 195.36200 198.88400 200.52200 205.09100 203.24400 206.67400 204.73599 201.97301 200.46600 197.58701 193.69000 194.49001 196.58800 196.31300 197.18900 195.27400 196.79800 197.00200 198.67300 197.92999 197.07201 197.19501 196.79401 195.75200 195.30901 192.84500 191.61501 191.11800 189.35001 188.79401 190.89000 187.59500 188.39500 186.39301 186.07001 185.64799 188.97400 190.31400 194.05099 196.19901 194.89400
188.39101 190.12801 194.28300 194.38400 192.12801 189.49001 183.13800 182.63800 182.45799 183.77000 183.73199 181.53400 181.90401 165.86800 165.67200 174.30299 174.64101 179.09900 177.58000 176.77200 177.13800 192.67900 189.81799 180.51100 186.93100 187.50301 182.26300 185.27299 192.66100 203.17400 205.68900 202.86301 205.84300 204.99500 209.77499 209.34599 206.55701 205.52000 203.33299 198.94600 197.42700 199.99001 199.80600 200.44701 198.85300 199.79601 199.59700 201.75101 201.57500 201.92000 201.12500 200.61200 199.18700 199.27400 197.47600 194.49001 193.40601 191.19299 190.24699 190.79500 191.67300 192.12300 191.78300 189.61301 189.83900 192.05000 192.98000 194.83299 194.12399 194.49400
199.65199 200.85500 202.62399 198.04300 191.96500 188.23100 187.53700 187.74300 187.47099 191.17799 192.37900 179.50800 179.61501 190.09200 147.89900 150.87100 152.17599 185.94000 186.44400 184.15900 181.27699 191.44600 196.71600 176.74699 194.65300 193.46001 191.16600 186.92799 192.04601 199.51900 201.20599 199.55099 203.03101 207.31400 207.25000 208.64799 210.99600 208.25200 209.26401 210.97600 209.77000 207.60600 205.74001 207.66499 206.22501 203.89301 202.58000 201.89301 204.71500 209.44800 211.30901 212.11700 209.19600 206.63499 205.67300 200.90100 198.72200 197.90401 198.20700 196.56500 197.72701 196.14600 194.85201 196.21400 195.23900 195.89900 197.35800 198.81200 200.11400 194.06500
193.19200 194.04700 192.87500 191.07001 190.57800 191.37500 189.20100 187.08800 186.86700 189.63300 188.49001 180.21001 193.09801 190.54100 191.13600 172.53000 187.14900 186.76401 185.57600 185.89400 186.15100 196.39500 202.36400 183.40900 198.11700 193.03500 193.54900 191.65500 191.74800 200.51700 200.30600 197.87700 201.47400 208.89600 210.27600 212.98801 211.05600 214.78300 210.84599 211.41299 215.57600 215.98300 212.03101 215.76601 219.37601 225.21001 225.17500 225.16600 223.13499 222.76700 216.88800 218.33200 215.83400 210.14101 205.07401 205.21500 202.98801 201.00200 202.02400 200.68600 198.61501 199.85600 200.05099 201.12100 198.36700 199.54601 201.32899 201.81500 203.76100 196.16200
193.36000 191.74899 191.71001 194.55600 194.82700 190.84399 189.62900 184.80600 184.06900 186.12000 187.56500 185.27800 185.96300 150.72800 190.02800 176.28700 176.82300 176.34500 177.68700 178.61501 178.02600 195.78000 209.22099 208.19400 184.48599 193.57401 197.40601 192.95000 194.55800 202.00500 195.15700 196.68100 199.39900 197.02299 199.35500 199.89500 202.59399 195.46800 198.36800 205.07500 205.55901 210.32300 213.92799 222.76700 224.79401 240.55499 239.75700 238.94701 239.13901 238.44800 232.25101 225.52800 217.02000 211.90800 205.69701 207.19600 209.16701 207.20900 205.04800 203.76801 202.75301 200.84100 200.93900 201.50999 203.86800 206.06700 205.60001 198.68100 197.87500 201.71400
191.64999 191.84000 192.55701 194.03101 194.63499 191.20399 191.38400 187.73199 187.62500 191.24800 190.13200 184.35899 183.44200 155.15300 157.35100 153.53000 152.51500 194.29601 192.83900 193.86099 181.29100 191.24200 196.47301 190.01601 198.74500 195.39400 201.30299 196.50800 195.26801 198.38100 198.47200 199.23199 203.77100 202.32700 204.82300 201.84200 203.67700 196.11900 198.48199 208.12601 209.08000 214.86501 222.71899 224.67000 238.91400 243.16200 243.18800 241.30400 240.05299 241.69501 239.70100 237.16100 232.39101 226.65900 218.08701 212.06200 218.90700 219.79300 210.88400 209.17400 208.19800 205.56700 205.92400 205.19501 207.47200 208.28400 206.72400 203.36301 204.10400 206.93201
195.28200 196.71400 199.31300 199.48599 201.66701 202.10500 201.63699 194.47301 202.48300 217.68300 214.91600 196.14900 196.65900 188.60600 194.24800 210.21600 202.07201 196.89301 197.73900 197.83501 200.04601 200.64400 199.20799 196.23599 193.02000 204.89600 209.08900 209.64799 212.45799 211.33900 212.03000 203.40800 205.28300 211.25400 205.09399 203.70599 203.92101 203.93100 206.80901 206.30200 211.77699 222.40800 229.08099 226.56100 231.21001 244.63600 244.48100 242.33501 242.10001 244.32600 244.33400 239.36900 236.51601 232.41299 228.82800 220.21201 215.34000 215.88499 218.33900 213.07800 211.26801 211.41901 210.46899 210.35201 211.87100 208.78400 210.08200 208.29401 208.23000 206.04900
201.76801 209.32100 234.70700 227.49800 227.07201 224.10300 213.40500 207.03500 205.85600 214.23801 223.20100 214.41200 219.53200 203.75999 211.40800 234.02200 229.71899 217.60400 203.70000 199.65199 199.68800 219.59801 220.22900 206.79201 209.36099 214.35400 221.33299 212.61301 214.76401 212.96201 218.28000 204.72600 205.10300 211.00800 203.64600 200.29201 201.66200 200.76601 203.94200 208.54300 214.18500 222.97000 229.86099 227.54100 236.80099 246.66400 246.02699 244.11700 243.59599 246.58099 246.77699 241.79401 240.56700 240.54800 237.13800 231.70300 225.11400 217.36900 220.64000 217.73900 215.47800 214.74300 215.65601 214.36200 214.88600 210.78500 209.78799 209.66901 210.73199 209.50500
222.46400 225.63800 230.78700 231.72701 230.64200 226.03700 220.17700 211.73599 210.58900 213.25500 205.28300 206.79900 208.48700 198.48199 199.03999 199.11501 200.99800 208.54401 210.22600 200.05299 191.92900 214.39101 221.63499 221.93500 226.63901 222.66200 213.89000 197.46600 197.12601 215.77000 216.95599 210.45200 211.73399 205.25800 199.96300 195.80400 194.06400 199.90300 205.45599 212.10600 214.91100 227.66200 234.70799 234.17599 240.26700 243.62700 244.03000 246.60800 245.77299 246.86301 247.04500 245.55099 245.29201 243.10001 240.23000 239.45700 229.97200 225.76700 217.12601 221.81400 220.66800 214.01700 212.90601 210.89400 210.44501 211.38200 211.48599 213.76500 215.47200 214.25500
226.67300 219.32100 217.98199 218.05499 209.13400 223.52800 231.95599 232.60899 226.04401 212.34801 207.65500 204.58099 206.02200 193.03700 192.02200 209.44200 231.40700 236.87601 234.12300 220.27000 206.39000 215.66100 221.48599 219.73700 231.50200 237.71899 227.51601 209.66000 205.70200 217.12000 213.66000 212.68300 211.43201 203.83000 201.30099 199.23399 213.68100 216.15100 207.89000 215.53000 220.26300 234.11700 238.79800 239.91200 242.75700 246.46201 245.72000 247.27499 247.19800 247.54300 248.41800 247.50101 247.38800 245.28900 245.00400 244.20300 239.21100 230.71400 218.58800 221.68700 223.42799 216.50700 217.92300 220.21300 226.64101 227.38400 227.11800 226.31300 221.23500 214.69701
231.33200 233.87900 223.78300 209.69299 203.24899 207.76500 222.62601 225.19701 214.99001 237.31300 239.35400 241.81900 237.28400 229.51801 217.42900 215.01900 229.48900 242.87500 240.30901 244.04401 245.32001 235.25101 236.12801 234.95100 236.53300 241.78999 238.51801 217.15300 213.97200 218.24200 220.53600 222.02901 217.02400 205.02699 202.78700 206.52600 217.16600 221.59801 218.72301 218.35699 221.85100 223.85400 230.37399 236.39400 242.02000 245.29800 248.63000 249.44099 249.31900 249.94901 248.86400 249.22900 247.78600 242.44000 243.43500 248.90700 240.42000 228.77600 228.98199 223.80000 223.89799 209.61000 208.90401 214.65900 217.72800 224.62900 224.58900 222.24400 222.77400 220.86301
