data/hydroclimate-scenarios/BCSD_hadcm_B1/monthly_summaries/isr_monthly_avg_jul.2070-2099.asc
ncols	311
nrows	91
xllcenter	102.75
yllcenter	31.75
cellsize	0.5
NODATA_value	-9999
[rows 0 to 30 of 91, columns 70 to 139 of 311]
-9999 -9999 -9999 -9999 -9999 -9999 -9999 -9999 -9999 -9999 -9999 -9999 -9999 -9999 -9999 -9999 -9999 -9999 -9999 -9999 -9999 -9999 -9999 -9999 -9999 -9999 -9999 -9999 -9999 -9999 -9999 -9999 -9999 -9999 -9999 -9999 -9999 -9999 -9999 -9999 -9999 -9999 -9999 -9999 -9999 -9999 -9999 -9999 -9999 -9999 -9999 -9999 -9999 -9999 -9999 -9999 -9999 -9999 -9999 -9999 -9999 -9999 -9999 -9999 -9999 -9999 -9999 -9999 -9999 -9999
-9999 -9999 -9999 -9999 -9999 -9999 -9999 -9999 -9999 -9999 -9999 -9999 -9999 -9999 -9999 -9999 -9999 -9999 -9999 -9999 -9999 -9999 -9999 -9999 -9999 -9999 -9999 -9999 -9999 -9999 -9999 -9999 -9999 -9999 -9999 -9999 -9999 -9999 -9999 -9999 -9999 -9999 -9999 -9999 -9999 -9999 -9999 -9999 -9999 -9999 -9999 -9999 -9999 -9999 -9999 -9999 -9999 -9999 -9999 -9999 -9999 -9999 -9999 -9999 -9999 -9999 -9999 -9999 -9999 -9999
-9999 -9999 -9999 -9999 -9999 -9999 -9999 -9999 -9999 -9999 -9999 -9999 -9999 -9999 -9999 -9999 -9999 -9999 -9999 -9999 -9999 -9999 -9999 -9999 -9999 -9999 -9999 -9999 -9999 -9999 -9999 -9999 -9999 -9999 -9999 -9999 -9999 -9999 -9999 -9999 -9999 -9999 -9999 -9999 -9999 -9999 -9999 -9999 -9999 -9999 -9999 -9999 -9999 -9999 -9999 -9999 -9999 -9999 -9999 -9999 -9999 -9999 -9999 -9999 -9999 -9999 -9999 -9999 -9999 -9999
-9999 -9999 -9999 -9999 -9999 -9999 -9999 -9999 -9999 -9999 -9999 -9999 -9999 -9999 -9999 -9999 -9999 -9999 -9999 -9999 -9999 -9999 -9999 -9999 -9999 -9999 -9999 -9999 -9999 -9999 -9999 -9999 -9999 -9999 -9999 -9999 -9999 -9999 -9999 -9999 -9999 -9999 -9999 -9999 -9999 -9999 -9999 -9999 -9999 -9999 -9999 -9999 -9999 -9999 -9999 -9999 -9999 -9999 -9999 -9999 -9999 -9999 -9999 -9999 -9999 -9999 -9999 -9999 -9999 -9999
-9999 -9999 -9999 -9999 -9999 -9999 -9999 -9999 -9999 -9999 -9999 -9999 -9999 -9999 -9999 -9999 -9999 -9999 -9999 -9999 -9999 -9999 -9999 -9999 -9999 -9999 -9999 -9999 -9999 -9999 -9999 -9999 -9999 -9999 -9999 -9999 -9999 -9999 -9999 -9999 -9999 -9999 -9999 -9999 -9999 -9999 -9999 -9999 -9999 -9999 -9999 -9999 -9999 -9999 -9999 -9999 -9999 -9999 -9999 -9999 -9999 -9999 -9999 -9999 -9999 -9999 -9999 -9999 -9999 -9999
-9999 -9999 -9999 -9999 -9999 -9999 -9999 -9999 -9999 -9999 -9999 -9999 -9999 -9999 -9999 -9999 -9999 -9999 -9999 -9999 -9999 -9999 -9999 -9999 -9999 -9999 -9999 -9999 -9999 -9999 -9999 -9999 -9999 -9999 -9999 -9999 -9999 -9999 -9999 -9999 -9999 -9999 -9999 -9999 -9999 -9999 -9999 -9999 -9999 -9999 -9999 -9999 -9999 -9999 -9999 -9999 -9999 -9999 -9999 -9999 -9999 -9999 -9999 -9999 -9999 -9999 -9999 -9999 -9999 -9999
-9999 -9999 -9999 -9999 -9999 -9999 -9999 -9999 -9999 -9999 -9999 -9999 -9999 -9999 -9999 -9999 -9999 -9999 -9999 -9999 -9999 -9999 -9999 -9999 -9999 -9999 -9999 -9999 -9999 -9999 -9999 -9999 -9999 -9999 -9999 -9999 -9999 -9999 -9999 -9999 -9999 -9999 -9999 -9999 -9999 -9999 -9999 -9999 -9999 -9999 -9999 -9999 -9999 -9999 -9999 -9999 -9999 -9999 -9999 -9999 -9999 -9999 -9999 -9999 -9999 -9999 -9999 -9999 -9999 -9999
-9999 -9999 -9999 -9999 -9999 -9999 -9999 -9999 -9999 -9999 -9999 -9999 -9999 -9999 -9999 -9999 -9999 -9999 -9999 -9999 -9999 -9999 -9999 -9999 -9999 -9999 -9999 -9999 -9999 -9999 -9999 -9999 -9999 -9999 -9999 -9999 -9999 -9999 -9999 -9999 -9999 -9999 -9999 -9999 -9999 -9999 -9999 -9999 -9999 -9999 -9999 -9999 -9999 -9999 -9999 -9999 -9999 -9999 -9999 -9999 -9999 -9999 -9999 -9999 -9999 -9999 -9999 -9999 -9999 -9999
-9999 -9999 -9999 -9999 -9999 -9999 -9999 256.35400 -9999 -9999 -9999 -9999 -9999 -9999 -9999 -9999 -9999 -9999 -9999 -9999 -9999 -9999 -9999 -9999 -9999 -9999 -9999 -9999 -9999 -9999 -9999 -9999 -9999 -9999 -9999 -9999 -9999 -9999 -9999 -9999 -9999 -9999 -9999 -9999 -9999 -9999 -9999 -9999 -9999 -9999 -9999 -9999 -9999 -9999 -9999 -9999 -9999 -9999 -9999 -9999 -9999 -9999 -9999 -9999 -9999 -9999 -9999 -9999 -9999 -9999
-9999 -9999 -9999 265.48199 247.74001 254.39200 254.85600 257.59399 256.84500 258.47101 258.59000 254.70100 255.47701 250.29900 249.94099 248.96001 248.81400 246.66200 246.38901 254.52699 254.51801 253.35201 252.85001 -9999 -9999 -9999 -9999 -9999 -9999 -9999 -9999 -9999 -9999 -9999 -9999 -9999 -9999 -9999 -9999 -9999 -9999 -9999 -9999 -9999 -9999 -9999 -9999 -9999 -9999 -9999 -9999 -9999 -9999 -9999 -9999 -9999 -9999 -9999 -9999 -9999 -9999 -9999 -9999 -9999 -9999 -9999 -9999 -9999 -9999 -9999
-9999 -9999 -9999 -9999 -9999 254.29100 254.47200 251.36000 250.64200 245.12300 245.24600 249.21100 250.49800 249.67700 250.00301 251.92400 251.55800 254.09900 253.88100 251.94501 252.27699 251.31300 250.48100 -9999 -9999 -9999 -9999 -9999 -9999 -9999 -9999 -9999 -9999 -9999 -9999 -9999 -9999 -9999 -9999 -9999 -9999 -9999 -9999 -9999 -9999 -9999 -9999 -9999 -9999 -9999 -9999 -9999 -9999 -9999 -9999 -9999 -9999 -9999 -9999 -9999 -9999 -9999 -9999 -9999 -9999 -9999 -9999 -9999 -9999 -9999
250.27000 250.63400 250.92999 252.70599 252.64200 254.47000 254.45500 251.26100 250.54900 244.92500 244.30299 249.63300 249.91800 249.28300 249.89700 251.32700 251.11600 252.80701 253.38699 251.11301 250.85699 249.81200 250.09000 249.41100 249.97099 249.75600 249.11400 248.19299 248.10699 -9999 -9999 -9999 -9999 -9999 -9999 -9999 -9999 -9999 -9999 -9999 -9999 -9999 -9999 -9999 -9999 -9999 -9999 -9999 -9999 -9999 -9999 -9999 -9999 -9999 -9999 -9999 -9999 -9999 -9999 -9999 -9999 -9999 -9999 -9999 -9999 -9999 -9999 -9999 -9999 -9999
255.01900 254.70900 254.87601 254.13400 253.79900 254.46700 254.75500 248.51700 248.46600 244.38600 243.77200 248.31200 248.51900 249.18201 249.88400 253.56900 253.99800 250.57201 249.99400 249.34900 248.68201 247.57500 247.75000 248.55701 247.29700 247.58600 246.28999 244.85699 244.59200 244.80800 244.40601 246.82700 246.59200 245.18900 245.30901 250.50600 249.78600 250.53799 249.84900 250.92900 250.61301 253.49800 252.86000 251.92900 -9999 -9999 -9999 -9999 -9999 -9999 -9999 -9999 -9999 -9999 -9999 -9999 -9999 -9999 -9999 -9999 -9999 -9999 -9999 -9999 -9999 -9999 -9999 -9999 -9999 -9999
257.09299 256.51001 256.94199 256.88501 257.17499 256.95599 255.77600 249.89500 249.62801 245.57500 244.68300 249.66499 248.51601 249.74899 249.93600 253.33299 253.74300 249.78900 250.24400 248.09700 248.70200 249.03799 251.25900 250.48500 249.30800 249.71100 247.52499 245.87399 245.61800 246.05000 246.42000 247.75301 247.43401 245.67500 245.43201 251.24899 250.88300 250.54700 250.75400 251.05901 250.85800 253.39700 253.08800 252.89500 252.37500 -9999 -9999 -9999 -9999 -9999 -9999 -9999 -9999 -9999 -9999 -9999 -9999 -9999 -9999 -9999 -9999 -9999 -9999 -9999 -9999 -9999 -9999 -9999 -9999 -9999
264.58200 264.04199 264.43100 262.45901 265.54700 263.23199 262.32300 261.70200 259.94000 258.42300 256.09500 254.26401 252.72701 251.88300 251.17700 249.83600 250.08701 252.32401 251.73000 252.66701 253.65900 259.49799 259.25500 260.93701 260.17499 255.20799 257.02301 253.02000 251.04500 251.30200 252.10800 253.71700 253.67000 253.39900 252.35300 250.07001 249.22701 248.33299 248.54800 249.72200 249.93300 249.50200 249.36700 248.93201 248.42101 -9999 -9999 -9999 -9999 -9999 -9999 -9999 -9999 -9999 -9999 -9999 -9999 -9999 -9999 -9999 247.75500 250.85500 -9999 -9999 -9999 -9999 253.21001 261.39099 266.39801 260.93500
264.95801 264.04001 264.43500 264.04099 264.85501 261.95801 259.41000 260.11099 261.28000 258.86600 258.82800 253.27400 252.80400 252.94200 254.11800 253.70599 250.95700 253.44099 252.41701 253.43300 253.29300 258.34500 259.79999 260.88000 257.94299 253.19299 253.13200 251.75600 251.67400 250.85201 251.05600 254.29300 253.91400 253.25900 252.90199 249.56200 249.75500 248.87199 249.12700 250.17101 250.45500 250.50900 249.45500 248.73599 249.05600 250.37100 250.47400 249.92300 251.90199 253.61400 256.94199 255.99500 258.60501 257.39001 255.36800 254.46001 254.65199 247.66299 247.60500 248.54100 249.71700 251.22900 -9999 -9999 -9999 -9999 -9999 254.13600 257.18500 259.29300
266.68600 267.94101 262.81699 264.46500 268.39401 262.11801 258.23300 259.55399 259.19000 255.34599 254.38499 254.17500 254.11000 251.52499 251.02299 252.05400 251.33200 251.47900 251.08501 250.80701 251.40601 252.91901 254.04601 252.64999 252.59900 246.93800 246.19701 245.61900 246.00000 247.55600 247.29300 247.56599 247.10400 246.53999 246.37300 246.64101 246.12601 247.56400 247.24800 248.14301 247.04100 241.06700 240.58099 245.91200 245.94800 247.25400 246.91400 247.91100 249.12601 251.67300 254.41701 251.89500 250.78101 251.19800 257.33600 263.97400 256.76099 257.20999 258.67599 255.68401 252.98000 256.32901 257.72900 253.98300 251.78200 250.03600 248.63901 248.88499 249.38901 252.21300
264.41800 270.41599 287.58701 262.28699 270.80600 270.94800 265.63800 263.72699 264.34399 255.32500 254.20100 254.41000 254.12500 251.67300 251.53000 251.62900 252.46001 251.57700 252.31300 252.12300 255.52901 257.28299 254.97400 253.45500 253.88600 247.39799 246.93500 245.56900 245.85100 247.95100 247.45700 249.13499 247.77299 247.93500 247.12199 247.30800 246.52600 247.49800 247.27400 248.44400 247.99600 242.23300 242.15800 247.27600 246.78000 247.19200 247.07100 247.66100 247.64600 248.54500 249.45900 251.05701 250.38300 249.77400 251.39600 253.55200 261.01501 262.26901 260.56500 260.17200 262.49100 262.20599 270.85800 264.29700 255.63499 250.63400 249.86000 249.23399 248.87000 250.11099
264.39099 261.14401 270.70999 264.47601 255.05400 262.56799 260.01700 262.10300 265.96201 261.00400 258.32501 257.39401 256.59900 255.69000 255.48900 252.39700 252.26900 255.75999 256.45099 256.63101 263.03201 261.69601 259.98099 256.91400 254.38901 252.88499 251.46400 252.98900 253.34599 253.52800 253.45200 252.56400 252.47900 249.63600 248.94299 248.12900 247.59500 246.85300 247.33501 247.80499 248.54900 247.12399 246.17200 250.82201 252.33400 252.47000 249.71700 248.00200 246.22400 244.10500 247.00999 249.41600 250.16499 252.45599 253.27901 252.58400 251.46500 253.63300 260.59299 261.75500 265.26099 270.47601 275.00699 279.18301 268.50000 264.75000 260.68799 259.50699 258.22101 262.23599
255.55000 258.60800 265.39700 270.84500 270.48099 267.84601 261.58801 264.28201 267.62000 265.22400 262.28500 271.61099 269.91699 265.38101 260.89899 255.79700 254.81900 256.81299 256.46701 257.15701 260.20099 262.60199 259.14899 256.73999 254.60600 252.16200 251.64799 253.63300 253.12601 253.66901 253.57300 253.54900 253.09399 252.65800 250.67599 249.26700 250.22400 250.33600 249.42999 249.78700 251.06000 250.60899 248.40900 248.29100 249.23100 254.49600 254.28500 251.00500 248.75400 244.84900 248.28400 251.37300 251.11800 251.92000 249.79300 254.40900 258.22900 261.99701 269.18201 263.41901 259.31601 263.24100 263.31799 266.20401 272.57101 278.51001 271.54800 275.72101 268.34299 266.60300
253.55901 255.40800 261.03500 268.76300 275.48901 288.59399 268.82300 265.59201 263.64200 263.78900 261.84698 267.96201 279.32901 287.61099 294.75400 275.37399 264.91101 260.20499 255.61301 254.31200 253.17400 252.28400 251.99899 252.14900 251.38600 250.47600 250.42000 255.54900 254.77000 254.32700 255.91100 257.14301 258.61401 258.39999 258.28900 250.87601 252.42999 251.66800 254.28101 249.36900 248.30299 252.83099 253.05299 249.10201 248.49500 249.49600 248.98500 248.75700 247.58600 242.98900 242.63100 244.48100 246.34900 247.12900 247.60699 251.82899 253.50900 262.68799 268.49799 261.69501 272.16901 272.35599 270.60101 268.21799 265.92099 265.38300 265.37900 269.12701 271.12299 265.99200
262.91101 269.33301 269.20200 279.86700 283.81799 290.59601 286.62900 288.60101 279.89301 272.47198 265.58499 263.27600 266.72400 268.67401 274.59299 286.49399 286.66901 284.10101 276.39099 266.33600 262.25699 256.16199 254.40900 253.19400 251.78799 251.36501 251.30901 255.19901 256.04401 258.48199 259.92999 258.57901 265.35101 266.03000 264.64001 257.23300 256.85901 254.80400 255.79700 251.88499 251.26500 254.24100 252.95100 248.16701 251.28300 250.90800 252.40199 252.14900 252.33701 248.35899 246.91701 252.87199 253.89900 256.81201 259.14700 260.72400 262.16000 272.81500 268.02899 263.48801 273.28400 271.05200 271.06299 270.83600 262.99701 264.93500 265.47299 275.80399 269.44101 264.35800
272.16901 275.62100 285.12399 289.65201 285.78799 289.35001 292.14200 289.62100 281.89700 278.62900 272.60599 270.90302 271.84698 272.17099 269.49399 268.68100 269.64999 273.88501 282.83200 285.05099 280.44400 272.98300 267.16199 262.09000 257.25400 252.33200 252.09000 249.77499 253.33000 257.23001 256.79599 256.43600 257.40302 261.13501 257.27399 259.35901 251.04700 249.54100 250.57800 252.61301 249.50600 243.21600 240.58800 249.00500 250.21899 257.32199 258.76401 259.72000 256.77499 254.30099 259.38501 257.36099 255.76500 263.02899 270.13300 266.39999 273.92899 263.60699 270.89499 267.03799 263.53000 267.36600 265.43399 269.50601 268.83701 277.02100 271.05399 266.06601 262.93201 259.80701
276.23199 275.81299 276.79199 274.06799 273.55200 281.37299 290.15100 291.64499 292.80200 290.03299 278.81100 272.67401 290.24500 288.30499 280.60199 292.70999 364.32999 295.68201 264.76199 276.48801 297.36401 290.51199 283.34000 275.74600 257.76001 253.08200 252.11700 250.30800 252.57100 256.12500 255.59399 258.16800 258.21701 256.80099 255.67400 249.98399 251.09500 251.48100 250.48599 249.90500 251.62500 250.93201 247.28600 251.81900 253.86700 248.78200 249.28200 252.28799 256.41800 257.99301 261.99600 258.83701 257.05301 259.42099 262.01700 270.16000 273.53400 270.03500 271.76099 266.10999 263.22699 261.59201 262.90601 270.58899 275.38501 267.08301 263.09000 262.51401 259.79800 255.24100
274.33099 273.87399 272.63599 271.75299 271.23401 270.90799 271.65900 274.42300 277.18399 277.31400 278.80499 278.09000 280.24301 282.64499 277.57300 287.31000 290.14301 330.35599 288.96100 277.87201 271.19101 271.05499 272.10999 270.51901 264.65302 256.15601 251.69600 249.29900 249.87900 253.03101 252.96800 253.65601 251.91400 251.94800 253.04601 249.67700 248.14000 245.10600 246.85699 245.93500 248.04800 250.40601 250.30701 254.31599 252.97301 250.07899 248.94299 253.65800 256.96799 256.04800 263.68701 261.57999 255.23100 256.01901 265.10901 259.72400 257.72198 258.34698 256.25400 271.36401 266.28900 268.93900 265.12500 265.62000 261.54001 263.38101 264.06500 261.13800 263.38501 265.81799
274.72900 274.97699 276.78299 278.07101 278.77200 273.64099 269.81299 270.38199 269.58301 272.13800 271.45300 280.70300 289.38000 285.14700 276.67899 274.59299 281.33099 284.68799 285.63800 297.18799 287.56201 273.10501 265.04199 263.10699 264.36600 265.31601 262.70700 252.13100 253.11501 255.65100 258.45001 254.95000 253.90401 249.49300 250.62100 249.83200 252.59801 248.92400 254.78799 249.46300 255.28900 261.62100 253.28500 256.75299 263.53400 263.98700 255.73500 255.76199 257.73099 251.95500 257.22000 256.96399 248.19800 245.99500 246.36900 243.99500 247.67200 251.52499 256.30099 260.29401 265.74600 264.98801 266.27301 266.05600 264.70401 266.25800 263.79501 262.48300 261.30200 262.67801
275.88699 280.42200 286.23099 289.17200 290.48499 282.76300 279.47198 275.21201 273.68600 272.54599 278.08499 280.41000 284.07999 299.25601 287.31601 276.55701 274.19699 277.43600 283.82101 290.71701 288.19699 279.29401 274.76199 274.68600 269.42099 266.22900 262.31000 267.99100 264.10999 262.69101 265.79501 260.02399 261.94101 255.95399 263.48300 263.45001 256.18100 261.04401 268.75699 267.24701 264.77701 271.96500 274.85400 272.40399 266.04300 262.05701 259.32001 258.55499 260.88800 260.29599 266.10300 268.07800 269.18500 265.29300 268.67099 267.20801 266.57901 267.42099 260.15399 256.13000 252.42999 254.76199 260.41501 263.66400 264.12399 261.67099 259.23999 260.37900 258.54999 271.06699
273.59799 270.43701 277.29599 291.53900 293.41299 293.99399 278.71600 278.47400 272.13800 274.75800 273.95001 274.77701 275.53799 280.67999 290.67999 285.96201 281.79800 280.34500 273.33200 276.46500 272.38000 288.43100 274.04099 270.41501 267.24600 263.65500 267.78101 278.41800 270.71399 267.04300 263.63400 268.46301 264.43201 258.44601 264.28400 268.91599 259.52600 263.33499 266.90799 274.01599 272.34601 271.08099 273.84000 267.37299 267.13901 261.67401 261.54999 253.32201 258.54300 263.24399 264.17700 265.04401 266.98700 264.17099 260.83499 262.04700 258.25900 259.69101 258.37100 250.90300 250.52200 256.50000 260.60001 263.98001 265.14401 277.19699 272.97699 276.05099 274.42999 276.74100
270.24500 272.37900 272.94501 286.82599 328.20599 309.14001 359.09601 298.53699 280.58401 282.74301 280.75101 274.49600 279.54199 274.15302 278.29800 293.56400 281.45901 271.17300 267.63101 268.88199 266.85599 262.69199 270.88199 269.86801 263.05499 258.98001 255.93900 259.95401 259.09799 252.60400 255.64400 255.65100 256.78201 255.70300 258.31900 262.19000 260.81799 255.67400 263.52899 272.35101 278.07001 266.73300 265.48099 268.04300 256.84500 251.87399 247.64900 244.19400 240.99001 246.91299 244.57401 244.82401 246.31400 245.78101 250.90300 257.04901 259.50101 258.18100 250.44800 251.44501 253.44299 259.92801 261.20401 269.42099 284.07501 290.53299 286.52701 285.16901 284.25500 278.19601
268.59900 263.81201 269.58401 280.82101 280.42999 295.18399 298.99301 361.33499 356.69699 291.96899 298.01199 299.76901 292.29599 283.40302 291.06799 288.63199 279.33401 278.44101 272.66000 263.51999 262.52701 263.16699 269.78400 283.66501 264.09900 258.75601 257.07501 264.58099 261.90799 260.78799 265.96799 259.55701 257.33200 259.74600 261.83200 267.78000 261.55801 261.61801 261.54001 270.69199 271.49799 264.19000 251.11000 256.36200 249.87700 238.87700 238.61000 241.23599 242.61900 252.69400 248.58200 -9999 -9999 243.29100 243.86700 244.01500 250.54201 251.56799 250.68401 253.83099 260.51001 265.25201 280.92499 293.56000 337.78699 315.38901 337.52399 336.50101 334.72000 289.61401
272.34000 276.24100 268.94800 274.60400 281.81100 285.51300 281.97299 353.53400 284.89499 290.30099 296.83301 354.64200 290.66000 292.00400 291.04800 283.19501 276.23401 279.58099 269.57700 262.97800 269.43500 264.23499 258.46799 263.01999 263.94901 275.88101 264.40201 266.63501 261.32501 260.92099 260.61200 267.70599 258.58801 266.69601 274.00500 274.52499 273.43399 265.02200 249.85201 244.60400 -9999 -9999 -9999 -9999 236.57100 -9999 254.18600 271.71799 262.75699 256.16000 244.64900 -9999 -9999 253.31700 253.46500 248.40401 249.29500 247.62000 254.47900 265.09799 274.15701 281.46100 290.48199 296.03900 305.15201 292.12900 339.64801 337.54099 335.02399 289.32700
