data/hydroclimate-scenarios/BCSD_hadcm_B1/monthly_summaries/isr_monthly_avg_mar.2070-2099.asc
ncols	311
nrows	91
xllcenter	102.75
yllcenter	31.75
cellsize	0.5
NODATA_value	-9999
[rows 31 to 61 of 91, columns 0 to 69 of 311]
-9999 -9999 -9999 -9999 -9999 -9999 -9999 -9999 -9999 -9999 -9999 137.74500 137.97301 137.78999 138.28101 138.48900 139.28900 140.34700 140.90900 140.73801 140.52200 141.51500 140.60500 141.72099 140.95399 140.13000 138.87199 139.58299 139.31200 139.91499 139.22501 136.75800 136.36501 136.38100 136.27299 135.82300 135.69200 136.39999 136.39301 137.27000 137.34801 135.75301 135.95000 134.90601 134.44701 134.71899 134.42500 133.49400 133.16600 134.18900 134.39999 136.00700 136.24001 135.47800 135.60100 137.05299 137.53700 138.12000 138.47099 137.58099 137.85100 137.55600 137.71300 138.99699 138.93100 139.03400 139.94501 138.52600 140.59100 137.91600
-9999 -9999 -9999 -9999 -9999 -9999 -9999 -9999 -9999 -9999 -9999 141.65401 141.74300 140.83000 141.46500 141.27200 142.83099 142.72501 143.67300 144.82600 144.84200 144.68800 143.69901 143.36400 142.62000 143.24500 142.27901 142.75301 141.62300 142.37100 141.84300 140.58600 140.10500 139.58800 139.58299 138.30400 138.26300 138.05901 138.19701 138.14400 138.15900 137.16299 137.02200 136.41701 136.05901 137.21700 137.04800 138.01199 137.89600 139.79300 139.23399 137.66600 137.77800 139.44400 139.38699 139.96800 140.09801 140.86200 140.79201 140.74800 140.96800 141.33900 141.16800 141.86600 141.62300 140.21600 140.62601 141.05299 142.56400 143.20700
-9999 -9999 -9999 -9999 -9999 -9999 -9999 -9999 -9999 -9999 -9999 145.59900 145.73500 144.13000 144.48900 144.13200 144.32201 145.25200 146.34399 146.73599 146.80000 147.51500 146.14500 145.75999 145.64101 146.17700 145.85001 145.31300 144.00000 144.39400 144.08701 142.88699 142.75600 141.68401 141.75700 140.31900 140.88000 141.05099 141.64900 141.90800 141.95100 140.85600 140.76700 139.48399 139.98599 141.11400 141.24699 141.94901 141.61600 143.32300 143.09300 140.96700 140.64101 142.42700 142.30299 143.06400 143.20399 144.25000 144.49100 143.63800 143.81000 144.48399 144.11200 144.94501 145.08501 144.18500 143.74600 143.85800 144.73100 144.86200
-9999 -9999 -9999 -9999 -9999 -9999 -9999 -9999 -9999 -9999 -9999 -9999 148.32300 147.94901 148.02000 148.07500 149.03700 150.13000 150.56100 149.23801 149.16800 148.59200 148.59000 148.67700 147.94501 149.55099 148.56700 149.35800 146.74699 146.68201 145.94901 144.99600 144.67799 144.10500 143.75800 143.61099 144.71500 143.59399 144.06200 144.95200 145.44901 143.95300 144.10600 143.35400 143.23599 143.72600 143.71300 144.75101 144.38901 145.80901 145.26500 143.68500 143.83600 144.45300 144.53999 144.75101 144.71001 143.62199 143.70900 146.90800 146.80000 146.72400 147.23900 148.63400 148.62100 145.26300 144.70700 146.91499 149.30800 149.41400
-9999 -9999 -9999 -9999 -9999 -9999 -9999 -9999 -9999 -9999 -9999 -9999 150.06100 150.06599 151.09300 150.36099 150.95500 152.26199 152.60201 151.18800 151.48801 153.32800 153.14999 153.01801 152.67599 152.55499 151.21001 151.51601 149.98399 150.21100 149.74800 148.11000 146.86700 146.01700 146.28999 146.92101 147.11099 146.04700 146.08299 146.78600 147.71800 146.63499 146.39101 145.27000 144.96300 145.35800 145.61099 147.27499 147.28000 148.16100 148.47800 146.33099 145.92500 146.91000 146.83800 146.95000 146.77200 145.47701 145.42700 148.93700 149.50700 150.43600 150.77699 151.90300 151.11200 146.89400 147.14700 149.59900 150.06000 150.66100
-9999 -9999 -9999 -9999 -9999 -9999 -9999 -9999 -9999 -9999 -9999 -9999 154.38300 153.36400 152.61900 153.02000 153.70700 153.65601 154.80299 155.30299 156.61301 157.80701 157.53200 156.80499 155.11400 155.69800 153.89799 152.18600 152.02800 152.46201 151.57201 150.63600 150.48801 148.98900 148.37500 150.38901 150.27800 148.80299 148.66600 148.50000 149.48000 147.42000 146.63200 145.02000 144.89999 146.64600 147.56500 148.23599 147.67599 148.60899 148.68600 147.80200 147.67500 148.85699 148.62900 148.70700 148.63200 149.86400 150.46800 151.82800 152.57899 153.72000 153.31500 152.72200 152.88800 152.49100 152.32600 149.83299 151.53101 152.27000
-9999 -9999 -9999 157.56900 157.45900 157.70700 157.70399 157.12000 156.95500 -9999 157.41800 157.20200 156.35400 154.98100 154.94200 154.45500 154.64101 154.36800 155.74899 157.25301 157.31100 157.35500 156.39200 156.41600 155.91901 156.07100 154.92101 155.83299 155.23399 157.83600 155.13499 152.67700 154.45700 154.04500 152.54900 153.81300 154.03400 151.63699 151.82700 151.66701 151.86800 148.70700 147.63300 146.94701 147.96899 151.05701 152.74001 152.24400 151.71001 152.47000 152.33600 151.56599 151.73900 154.24400 153.92000 155.09801 155.50600 154.43700 155.66600 155.93900 155.39101 155.85699 155.70700 156.13400 155.38901 154.95599 155.37900 153.06799 152.82700 154.27699
-9999 -9999 -9999 159.00200 158.67000 158.72501 159.24699 159.61600 160.00500 160.02600 159.52800 157.97200 157.86400 156.82401 157.02400 157.74300 158.26500 157.20300 157.46700 157.76199 156.94400 158.40800 156.59900 154.83400 155.47099 156.29700 156.94901 157.46001 158.21001 161.04601 158.67300 160.11900 160.11200 160.10699 159.49500 158.68401 159.82401 158.06599 156.61400 155.41901 154.98700 152.17500 151.31500 152.02400 153.68201 155.87500 156.43201 155.64700 155.39799 156.38000 156.72800 155.02600 156.30800 157.68800 156.13300 157.50800 157.36099 158.76900 160.50000 159.85300 159.05099 158.94800 159.29700 158.64799 158.46001 156.89999 156.96899 153.66499 153.73300 153.98900
-9999 -9999 -9999 158.82700 158.92300 160.04100 161.30099 161.89799 160.82500 161.05200 161.10800 159.49500 160.32700 161.13901 162.63100 160.90401 161.64600 160.59900 158.97301 158.64400 159.19701 160.62900 159.19099 158.65800 159.54201 159.31400 159.79401 159.20100 159.63800 163.51199 165.27499 166.05600 163.82500 162.33299 163.41299 163.15401 162.42500 159.67300 159.25999 157.31200 157.83600 155.17799 154.42300 153.75900 154.62700 156.93401 156.90900 157.28600 157.57899 159.55099 160.84399 156.91901 156.75600 158.64000 157.95399 159.92500 159.44800 160.47701 161.96300 162.57001 161.66499 161.55400 161.61501 161.79100 160.66000 160.54500 160.24899 158.16499 159.69200 160.04900
-9999 -9999 -9999 162.19099 161.89200 164.41299 165.85001 164.83600 164.26500 164.46300 163.09200 161.29201 164.69600 165.95500 166.88901 165.58600 165.95900 166.74200 165.64700 165.16499 166.41000 165.31000 165.90800 165.31000 163.97501 164.22099 163.61900 165.25200 167.40900 168.69501 166.80901 161.91800 164.61900 167.20700 166.95300 165.68500 163.64200 160.10400 160.97099 160.82401 161.61099 161.68500 162.29300 161.43700 159.85600 160.13200 160.70900 161.24300 162.71500 163.04100 162.94701 160.39900 160.44200 162.98399 162.27901 162.40401 162.60201 163.52100 164.40601 165.12000 166.50301 164.08501 164.22200 164.01100 164.09500 165.07899 165.67300 162.86800 164.48599 166.33800
-9999 -9999 -9999 163.66100 164.25400 166.38300 165.82500 165.95399 166.64101 165.77000 164.09100 164.76300 167.25700 169.86800 169.85500 169.76500 170.04300 169.52699 165.95399 164.67599 166.60400 166.72000 167.09500 164.44800 163.75800 164.32800 163.01401 163.95200 166.42900 168.42400 169.32600 167.85500 168.00600 168.28200 167.94099 169.29201 168.04900 163.83299 163.34000 162.42999 163.11099 163.04500 163.89200 164.29601 162.11000 161.05600 161.45700 162.24001 162.12399 163.31599 163.56300 161.42400 161.81900 165.71700 164.01700 165.10800 164.49300 164.29800 165.70200 168.12801 168.84100 167.25700 167.24699 169.50700 170.24400 169.61700 170.29800 168.18401 168.75101 166.58800
-9999 -9999 -9999 -9999 167.31500 169.70100 168.79300 169.43300 170.00700 168.83200 166.28999 165.96100 170.83200 167.73199 -9999 -9999 -9999 -9999 -9999 170.40100 170.60201 167.27499 167.09599 169.97600 169.13400 166.92200 164.36700 165.59801 166.84900 167.44200 168.37100 168.72501 168.81000 170.77800 169.81100 166.04900 166.14200 165.53999 165.59599 164.93600 164.79700 165.63699 166.06300 166.01801 165.16400 165.10500 165.51199 165.04401 164.66200 164.68900 164.75301 164.21899 164.60400 169.03101 169.99800 169.59900 169.88400 170.36000 170.58800 171.24200 172.92799 172.90700 174.19000 173.40401 174.01100 172.24400 171.55400 167.92300 166.59100 -9999
-9999 -9999 170.16200 169.09599 169.74899 170.66901 171.03600 171.58600 170.67200 170.07800 168.27400 167.99200 172.73000 -9999 -9999 -9999 -9999 -9999 175.81100 172.89101 172.08501 168.36301 168.45000 169.41299 169.57201 169.15700 166.64500 166.33701 166.39500 168.11301 168.49899 168.28799 168.51401 171.25999 170.77901 167.31300 167.90900 168.34200 168.04401 167.26801 167.51199 167.79601 167.77600 166.47800 165.05099 165.58600 166.18201 165.02499 163.59399 163.77299 163.95599 163.46300 164.24400 167.59399 169.51199 167.72800 169.19600 171.21500 172.22501 172.24800 173.59500 173.03500 173.86800 174.01401 173.09399 172.48199 172.79900 -9999 -9999 -9999
-9999 -9999 172.51801 171.92700 170.98900 172.38100 172.01900 172.47900 171.91200 171.44400 172.28300 172.52400 172.65199 -9999 -9999 -9999 -9999 171.08200 175.79401 173.14600 172.68100 171.88499 170.82201 170.95500 169.42599 167.32500 169.97701 168.85201 168.45599 165.08000 166.25700 172.61700 171.87900 169.81900 170.35001 170.21700 170.18300 171.28101 172.37000 174.31200 174.34000 173.17500 172.99400 171.58099 171.13000 167.35300 166.52600 169.31300 167.70599 166.80000 166.37801 165.91701 166.28101 166.12500 166.87300 167.73000 169.37500 172.10100 173.58701 171.93600 171.95000 173.43900 172.26401 173.33501 172.60100 -9999 -9999 -9999 -9999 -9999
-9999 -9999 173.68700 173.84300 173.43201 174.00999 174.08900 173.28300 173.18900 173.88300 175.58800 176.15100 167.00101 -9999 -9999 -9999 -9999 176.37700 175.86700 175.06900 174.14301 172.23199 168.34700 170.69501 170.38300 171.98399 172.64900 170.64999 170.91000 167.09000 168.72501 173.82500 174.22501 173.18300 171.42000 173.26100 173.52800 175.04500 175.75999 176.40500 175.83000 174.40401 173.67500 173.50500 172.48199 170.51900 170.28101 171.73900 170.41901 169.58900 168.01401 168.00000 168.38100 168.41200 169.38901 169.22400 170.34399 171.39999 171.99699 171.33000 170.02901 170.32899 170.46100 174.55200 177.91299 178.43201 175.79601 172.57001 171.72600 -9999
-9999 -9999 -9999 176.90300 177.39200 176.80701 175.72800 174.72900 175.84900 178.47600 177.94600 171.43700 -9999 -9999 -9999 -9999 176.75600 178.69099 175.39600 174.47200 172.42700 171.57001 170.98801 174.96700 175.24699 175.06200 174.63100 176.36400 176.54201 175.17300 175.67200 176.17200 175.85001 177.24300 176.90300 176.74001 176.54401 176.49300 176.64400 176.69400 176.17000 175.87000 175.58200 174.46001 173.64000 176.19000 175.07001 171.21899 170.23199 169.06000 170.42400 171.26401 170.74400 173.89400 176.17700 174.19600 174.60400 177.26100 177.54800 174.68201 174.09900 173.69800 176.04100 180.43401 183.62500 180.73199 177.28200 177.58400 175.83000 172.92799
-9999 -9999 -9999 -9999 178.29401 177.83600 176.86900 177.34801 178.89799 177.75600 173.12000 -9999 -9999 -9999 -9999 176.71201 177.67700 177.66499 175.86099 174.95700 172.63699 173.44299 173.51500 176.67500 177.76900 176.64700 175.92799 177.93300 178.74001 176.33400 176.26500 176.69099 176.87500 177.74800 178.78200 178.58501 178.91100 178.03700 179.46100 179.72400 179.17900 178.67700 177.67500 176.07201 175.06300 177.81599 177.46201 173.15401 171.98300 170.62300 170.88200 171.88300 172.78101 175.37900 175.55499 173.76601 174.89000 178.21400 178.88100 177.61400 178.83299 179.54800 180.64101 181.80600 183.08400 182.67700 178.75600 175.66100 176.12100 175.90800
-9999 -9999 -9999 -9999 -9999 -9999 179.80000 179.33701 176.12500 176.02499 177.53300 -9999 -9999 -9999 -9999 -9999 182.22900 177.67200 176.61900 175.49300 175.33000 174.77200 174.97000 177.49600 177.09700 179.46600 178.82800 179.05099 178.89301 177.92200 178.25101 177.67000 177.60400 177.68900 178.04401 179.55600 180.72000 183.45300 182.97600 181.92900 181.66100 178.98500 178.25800 181.73300 180.62399 178.05901 176.92900 174.74699 174.46100 171.37601 171.30299 175.17799 175.99400 177.12399 178.12399 177.69099 178.14600 178.85699 179.55901 178.15700 179.84599 182.68800 183.62801 184.57201 186.04500 184.74200 179.65100 175.42200 177.44200 177.17400
-9999 -9999 -9999 -9999 -9999 -9999 -9999 -9999 -9999 -9999 -9999 -9999 -9999 -9999 -9999 -9999 -9999 -9999 -9999 179.05600 177.27699 177.04700 176.22701 178.57800 178.40800 179.23000 180.17900 179.94600 180.26300 179.07401 179.87100 179.56799 180.48900 180.05400 180.52800 182.56799 182.54800 185.25101 185.78700 185.07100 185.41100 182.14400 180.66499 184.22701 183.13100 180.66901 179.06400 176.52800 176.02299 173.70300 173.98700 177.05000 177.89301 178.72900 179.88400 179.52200 180.01401 180.28500 181.07001 179.67500 183.33600 183.17400 184.47800 186.22301 186.11501 183.41000 179.26700 175.63100 177.87300 178.95100
-9999 -9999 -9999 -9999 -9999 -9999 -9999 -9999 -9999 -9999 -9999 -9999 -9999 -9999 -9999 -9999 -9999 -9999 180.92599 182.12100 181.35400 180.19000 179.93600 181.19200 180.73801 185.36700 184.38300 178.51401 178.32001 180.54401 180.94701 182.29700 183.10600 184.78200 185.37199 185.16400 186.49100 188.13400 189.07100 189.03799 189.54100 189.96500 189.14999 186.46201 185.20500 184.42200 182.50500 181.91901 180.59500 180.11200 180.16600 178.59000 178.97400 181.26401 182.31700 179.30800 179.65199 179.99300 181.82899 183.45900 183.62100 182.56000 183.93300 185.01801 186.25600 182.88499 179.89101 180.04800 179.84801 178.78799
-9999 -9999 -9999 -9999 -9999 -9999 -9999 -9999 -9999 -9999 -9999 -9999 -9999 -9999 -9999 -9999 -9999 183.45700 183.32500 183.71201 183.21300 181.65601 182.62801 183.55800 182.78101 186.64799 186.28999 180.71500 181.59900 183.65500 183.82600 183.91200 185.05701 185.70100 186.45500 187.47800 189.44701 191.43300 191.71001 191.57800 190.93800 192.11600 191.01700 187.92400 186.67101 185.90300 184.59500 184.17300 182.53700 181.35300 181.39400 179.42000 180.60500 183.04800 183.83000 180.67200 181.91701 182.02200 182.80600 184.58299 182.25600 182.90601 187.42700 188.93100 183.38901 182.76601 181.83400 182.34900 181.10800 179.18401
-9999 -9999 -9999 -9999 -9999 -9999 -9999 -9999 -9999 -9999 -9999 -9999 -9999 -9999 -9999 -9999 -9999 187.46201 187.81700 186.60201 186.56599 180.39200 179.22701 188.42900 187.44901 182.66901 182.85699 182.59100 183.80901 182.65601 183.09100 185.71500 185.50101 186.14500 187.37801 186.77000 188.55400 191.65700 192.63499 192.09000 190.80099 192.55499 191.52901 189.91000 188.55800 186.16499 185.04401 186.62900 185.35800 182.03200 181.80000 181.19800 182.27000 182.09300 182.50500 183.30200 186.27699 184.62801 184.24600 184.20599 184.92999 186.64500 186.97600 186.34900 189.48100 185.94099 181.74200 181.69800 178.60100 178.06300
-9999 -9999 -9999 -9999 -9999 -9999 -9999 -9999 -9999 -9999 -9999 -9999 -9999 -9999 -9999 -9999 192.18900 191.57700 191.80200 189.79700 187.38100 181.07800 181.06200 189.89101 189.26700 184.39301 184.03600 183.91901 184.73300 183.67999 183.96500 186.56400 186.63300 186.93900 187.71899 187.21400 188.97301 193.19299 194.24500 192.40401 191.60800 194.25900 192.91200 190.90900 189.45799 187.35100 186.96600 189.29601 186.30200 183.90300 182.56300 182.94701 183.82201 183.42200 183.85500 184.68100 184.98700 184.61600 185.03900 186.82500 185.92300 186.30600 187.48500 190.79401 187.62100 185.36700 184.17400 181.53600 176.79100 177.95599
-9999 -9999 -9999 -9999 -9999 -9999 -9999 -9999 -9999 -9999 -9999 -9999 -9999 189.78101 192.16499 194.32800 195.14000 195.44901 193.09900 188.06200 186.59599 184.08099 183.12399 187.87100 187.35500 191.28000 191.10001 187.67400 188.19901 188.59801 188.01100 187.35201 187.69600 187.87700 188.77600 190.88200 192.40100 192.62601 193.39400 195.21201 193.90500 189.96100 188.85500 183.65700 182.38699 183.02200 183.13300 186.89500 186.73199 186.01100 184.65700 184.97400 185.71400 183.57800 183.52901 186.86600 186.81100 184.64101 184.82600 187.97400 187.92700 186.22600 186.73000 187.03600 184.32700 181.71300 180.80000 177.34100 176.75400 177.75101
-9999 -9999 -9999 -9999 -9999 -9999 -9999 -9999 -9999 -9999 -9999 -9999 189.19701 193.76500 194.66400 196.98599 196.17200 195.83800 194.27299 189.11501 188.74200 186.93300 185.05400 190.29900 189.44701 193.58000 193.12300 190.02200 190.17000 189.78799 189.15199 189.14999 189.71201 189.24500 188.67900 191.14000 191.86301 192.71700 193.41200 193.97000 194.11000 190.47301 190.31000 184.80499 183.53999 184.23199 183.71001 188.46600 188.96100 188.87801 188.56000 187.92799 188.06100 185.39900 184.79800 187.16499 188.72301 186.50101 187.18201 190.57001 188.70599 185.11200 184.75200 185.44501 184.38100 181.90401 181.41100 177.91901 178.12500 181.38300
-9999 -9999 -9999 -9999 -9999 -9999 -9999 -9999 -9999 -9999 -9999 196.04900 196.10500 198.42999 197.29500 198.64700 198.49400 196.01199 195.83200 194.42599 192.82300 187.76401 186.83701 194.68700 195.73300 192.65700 192.53600 184.57401 184.10201 192.77600 193.05800 191.14400 191.41600 192.95300 192.59200 194.11301 195.50600 194.96500 194.03101 187.91200 187.60500 189.58600 188.97000 192.57800 192.01900 189.03799 188.52000 189.25400 190.07401 189.98300 190.04800 190.78300 190.93900 189.87601 189.32001 190.09801 190.13400 189.98599 189.07401 187.77600 187.26900 184.14799 183.53900 182.89999 182.63699 182.10201 181.73700 176.93100 179.14101 182.73100
-9999 -9999 -9999 -9999 -9999 -9999 -9999 -9999 -9999 -9999 202.69901 199.45700 198.15500 200.59900 199.67900 201.38800 201.78000 199.40300 199.04800 196.59300 194.62900 189.13200 188.47000 195.10201 197.84801 194.77200 194.01401 186.34700 186.15100 195.61600 195.43100 193.47501 193.84100 195.87300 196.16100 197.04300 197.49699 197.15700 195.23500 188.13800 188.02499 189.38100 188.96600 192.61099 192.27000 189.57700 189.34700 190.09100 190.48599 190.52000 191.61800 192.79700 193.32300 191.95200 191.83701 192.48700 192.02800 191.77600 188.97400 188.11000 187.57300 185.19000 184.25900 183.51199 182.85001 182.28799 181.82201 178.39799 181.65700 186.25900
-9999 -9999 -9999 -9999 -9999 -9999 -9999 -9999 -9999 201.97800 202.87000 201.71700 203.25900 204.55800 204.11700 205.48599 205.71899 205.36400 203.62801 196.67400 195.78300 191.57300 190.76900 195.53400 195.22900 191.85201 191.19600 183.31799 183.22099 188.57100 188.82300 200.78200 201.45200 197.41800 198.89900 202.84900 202.38901 198.37399 196.90900 194.10500 192.89500 192.69800 191.72600 191.43700 191.22400 191.32800 191.57201 192.61501 192.45799 193.46300 195.11301 193.56100 193.99899 197.91800 198.49699 192.80000 191.71300 189.66000 188.66000 189.65401 189.88901 188.97900 188.03999 184.76401 184.06100 184.14999 184.21001 187.73100 190.83299 192.81500
-9999 -9999 -9999 -9999 -9999 -9999 -9999 -9999 -9999 -9999 204.26601 203.12801 203.55600 205.35699 205.29201 207.18800 207.64600 208.11301 207.06300 200.03400 198.84599 194.35300 192.92799 -9999 -9999 -9999 -9999 -9999 -9999 191.18600 191.85201 203.09500 204.08400 200.41701 201.82100 205.63100 203.84801 199.03999 197.27200 195.24500 193.93300 193.60201 192.50000 192.17300 192.27100 193.17999 193.52699 193.92900 194.21001 194.50600 195.89799 194.56200 196.85100 199.00900 199.07800 193.32700 191.73801 190.72099 189.27499 190.85600 190.71300 190.61700 189.83400 186.71400 189.14500 186.69099 187.83501 191.27600 197.63000 197.77299
-9999 -9999 -9999 -9999 -9999 -9999 -9999 -9999 -9999 -9999 -9999 -9999 206.83400 203.18100 203.92500 209.25900 209.74600 210.17101 209.08000 -9999 -9999 -9999 -9999 -9999 -9999 -9999 -9999 -9999 -9999 -9999 -9999 -9999 -9999 203.70399 204.97200 203.71800 202.08501 204.17400 202.14200 197.77100 196.74300 195.06599 193.63600 191.61000 192.38100 194.08701 194.01801 195.85400 195.57700 195.07500 196.58701 199.21500 200.75900 201.64900 198.56300 193.66400 193.71899 190.33299 188.96001 191.60001 191.91299 192.66600 193.25800 191.31799 190.46201 188.84900 190.86600 193.89301 197.55400 195.62100
-9999 -9999 -9999 -9999 -9999 -9999 -9999 -9999 -9999 -9999 -9999 -9999 -9999 -9999 -9999 -9999 -9999 -9999 -9999 -9999 -9999 -9999 -9999 -9999 -9999 -9999 -9999 -9999 -9999 -9999 -9999 -9999 -9999 -9999 205.82001 203.88300 202.29100 204.58501 202.69200 198.84200 197.70000 195.77699 196.49001 191.67300 192.98000 195.33299 196.05499 197.04800 197.75500 197.02400 198.43100 200.26300 201.47200 201.24100 200.39101 195.10201 194.78700 194.53600 193.71500 195.65700 194.98000 194.62000 194.54300 192.78999 192.17900 191.13901 194.37601 199.41701 202.46800 198.10800
