data/hydroclimate-scenarios/BCSD_hadcm_B1/monthly_summaries/isr_monthly_avg_sep.2030-2059.asc
ncols	311
nrows	91
xllcenter	102.75
yllcenter	31.75
cellsize	0.5
NODATA_value	-9999
[rows 0 to 30 of 91, columns 70 to 139 of 311]
-9999 -9999 -9999 -9999 -9999 -9999 -9999 -9999 -9999 -9999 -9999 -9999 -9999 -9999 -9999 -9999 -9999 -9999 -9999 -9999 -9999 -9999 -9999 -9999 -9999 -9999 -9999 -9999 -9999 -9999 -9999 -9999 -9999 -9999 -9999 -9999 -9999 -9999 -9999 -9999 -9999 -9999 -9999 -9999 -9999 -9999 -9999 -9999 -9999 -9999 -9999 -9999 -9999 -9999 -9999 -9999 -9999 -9999 -9999 -9999 -9999 -9999 -9999 -9999 -9999 -9999 -9999 -9999 -9999 -9999
-9999 -9999 -9999 -9999 -9999 -9999 -9999 -9999 -9999 -9999 -9999 -9999 -9999 -9999 -9999 -9999 -9999 -9999 -9999 -9999 -9999 -9999 -9999 -9999 -9999 -9999 -9999 -9999 -9999 -9999 -9999 -9999 -9999 -9999 -9999 -9999 -9999 -9999 -9999 -9999 -9999 -9999 -9999 -9999 -9999 -9999 -9999 -9999 -9999 -9999 -9999 -9999 -9999 -9999 -9999 -9999 -9999 -9999 -9999 -9999 -9999 -9999 -9999 -9999 -9999 -9999 -9999 -9999 -9999 -9999
-9999 -9999 -9999 -9999 -9999 -9999 -9999 -9999 -9999 -9999 -9999 -9999 -9999 -9999 -9999 -9999 -9999 -9999 -9999 -9999 -9999 -9999 -9999 -9999 -9999 -9999 -9999 -9999 -9999 -9999 -9999 -9999 -9999 -9999 -9999 -9999 -9999 -9999 -9999 -9999 -9999 -9999 -9999 -9999 -9999 -9999 -9999 -9999 -9999 -9999 -9999 -9999 -9999 -9999 -9999 -9999 -9999 -9999 -9999 -9999 -9999 -9999 -9999 -9999 -9999 -9999 -9999 -9999 -9999 -9999
-9999 -9999 -9999 -9999 -9999 -9999 -9999 -9999 -9999 -9999 -9999 -9999 -9999 -9999 -9999 -9999 -9999 -9999 -9999 -9999 -9999 -9999 -9999 -9999 -9999 -9999 -9999 -9999 -9999 -9999 -9999 -9999 -9999 -9999 -9999 -9999 -9999 -9999 -9999 -9999 -9999 -9999 -9999 -9999 -9999 -9999 -9999 -9999 -9999 -9999 -9999 -9999 -9999 -9999 -9999 -9999 -9999 -9999 -9999 -9999 -9999 -9999 -9999 -9999 -9999 -9999 -9999 -9999 -9999 -9999
-9999 -9999 -9999 -9999 -9999 -9999 -9999 -9999 -9999 -9999 -9999 -9999 -9999 -9999 -9999 -9999 -9999 -9999 -9999 -9999 -9999 -9999 -9999 -9999 -9999 -9999 -9999 -9999 -9999 -9999 -9999 -9999 -9999 -9999 -9999 -9999 -9999 -9999 -9999 -9999 -9999 -9999 -9999 -9999 -9999 -9999 -9999 -9999 -9999 -9999 -9999 -9999 -9999 -9999 -9999 -9999 -9999 -9999 -9999 -9999 -9999 -9999 -9999 -9999 -9999 -9999 -9999 -9999 -9999 -9999
-9999 -9999 -9999 -9999 -9999 -9999 -9999 -9999 -9999 -9999 -9999 -9999 -9999 -9999 -9999 -9999 -9999 -9999 -9999 -9999 -9999 -9999 -9999 -9999 -9999 -9999 -9999 -9999 -9999 -9999 -9999 -9999 -9999 -9999 -9999 -9999 -9999 -9999 -9999 -9999 -9999 -9999 -9999 -9999 -9999 -9999 -9999 -9999 -9999 -9999 -9999 -9999 -9999 -9999 -9999 -9999 -9999 -9999 -9999 -9999 -9999 -9999 -9999 -9999 -9999 -9999 -9999 -9999 -9999 -9999
-9999 -9999 -9999 -9999 -9999 -9999 -9999 -9999 -9999 -9999 -9999 -9999 -9999 -9999 -9999 -9999 -9999 -9999 -9999 -9999 -9999 -9999 -9999 -9999 -9999 -9999 -9999 -9999 -9999 -9999 -9999 -9999 -9999 -9999 -9999 -9999 -9999 -9999 -9999 -9999 -9999 -9999 -9999 -9999 -9999 -9999 -9999 -9999 -9999 -9999 -9999 -9999 -9999 -9999 -9999 -9999 -9999 -9999 -9999 -9999 -9999 -9999 -9999 -9999 -9999 -9999 -9999 -9999 -9999 -9999
-9999 -9999 -9999 -9999 -9999 -9999 -9999 -9999 -9999 -9999 -9999 -9999 -9999 -9999 -9999 -9999 -9999 -9999 -9999 -9999 -9999 -9999 -9999 -9999 -9999 -9999 -9999 -9999 -9999 -9999 -9999 -9999 -9999 -9999 -9999 -9999 -9999 -9999 -9999 -9999 -9999 -9999 -9999 -9999 -9999 -9999 -9999 -9999 -9999 -9999 -9999 -9999 -9999 -9999 -9999 -9999 -9999 -9999 -9999 -9999 -9999 -9999 -9999 -9999 -9999 -9999 -9999 -9999 -9999 -9999
-9999 -9999 -9999 -9999 -9999 -9999 -9999 58.60720 -9999 -9999 -9999 -9999 -9999 -9999 -9999 -9999 -9999 -9999 -9999 -9999 -9999 -9999 -9999 -9999 -9999 -9999 -9999 -9999 -9999 -9999 -9999 -9999 -9999 -9999 -9999 -9999 -9999 -9999 -9999 -9999 -9999 -9999 -9999 -9999 -9999 -9999 -9999 -9999 -9999 -9999 -9999 -9999 -9999 -9999 -9999 -9999 -9999 -9999 -9999 -9999 -9999 -9999 -9999 -9999 -9999 -9999 -9999 -9999 -9999 -9999
-9999 -9999 -9999 61.11740 59.15100 59.53260 59.90590 61.27640 61.07680 61.68410 61.12570 59.73180 59.62950 57.07300 56.66510 55.71250 55.77130 54.60760 54.54540 55.49100 54.73700 54.13840 54.60220 -9999 -9999 -9999 -9999 -9999 -9999 -9999 -9999 -9999 -9999 -9999 -9999 -9999 -9999 -9999 -9999 -9999 -9999 -9999 -9999 -9999 -9999 -9999 -9999 -9999 -9999 -9999 -9999 -9999 -9999 -9999 -9999 -9999 -9999 -9999 -9999 -9999 -9999 -9999 -9999 -9999 -9999 -9999 -9999 -9999 -9999 -9999
-9999 -9999 -9999 -9999 -9999 66.57110 66.39690 66.04870 65.79230 64.14570 63.73380 63.44520 63.24840 61.31910 60.96450 59.79850 59.60970 59.88520 59.46900 59.45830 59.15090 58.58830 58.62990 -9999 -9999 -9999 -9999 -9999 -9999 -9999 -9999 -9999 -9999 -9999 -9999 -9999 -9999 -9999 -9999 -9999 -9999 -9999 -9999 -9999 -9999 -9999 -9999 -9999 -9999 -9999 -9999 -9999 -9999 -9999 -9999 -9999 -9999 -9999 -9999 -9999 -9999 -9999 -9999 -9999 -9999 -9999 -9999 -9999 -9999 -9999
66.70070 66.43050 66.14700 66.79340 67.20600 68.72580 68.98510 68.10410 68.12040 66.86350 66.40790 65.41070 65.26620 63.23670 63.13920 62.05710 61.80560 62.22750 61.56960 61.95300 61.26210 60.71970 61.00390 62.25200 62.07250 62.17570 62.16180 63.05170 62.85960 -9999 -9999 -9999 -9999 -9999 -9999 -9999 -9999 -9999 -9999 -9999 -9999 -9999 -9999 -9999 -9999 -9999 -9999 -9999 -9999 -9999 -9999 -9999 -9999 -9999 -9999 -9999 -9999 -9999 -9999 -9999 -9999 -9999 -9999 -9999 -9999 -9999 -9999 -9999 -9999 -9999
71.16770 70.10330 69.85300 69.79450 70.08900 70.41050 70.21980 70.03640 70.40410 69.11440 68.16820 68.37790 68.42020 66.59040 66.00920 65.97510 64.99370 65.74330 65.19350 63.62000 63.66010 63.27790 64.40390 65.22990 65.40810 66.11210 66.27370 65.69420 66.13850 66.19000 66.20080 67.09950 67.45770 66.83870 66.75100 67.18910 67.47570 68.33340 68.31460 67.55000 67.62360 67.22780 67.49770 68.52360 -9999 -9999 -9999 -9999 -9999 -9999 -9999 -9999 -9999 -9999 -9999 -9999 -9999 -9999 -9999 -9999 -9999 -9999 -9999 -9999 -9999 -9999 -9999 -9999 -9999 -9999
74.66750 72.71380 73.56900 73.80250 74.24520 74.21930 73.80500 72.81430 72.75850 71.92050 71.07460 71.37030 70.93260 69.06000 68.58620 68.45900 67.60550 67.88560 67.03040 66.63210 66.36720 66.11540 68.87480 69.17110 68.85040 69.34210 68.85190 68.66000 68.59800 69.05760 69.63700 70.21930 69.77840 69.48710 69.38130 70.10750 70.11550 70.69160 70.87460 69.96180 69.47290 69.52550 69.47970 70.13450 70.69110 -9999 -9999 -9999 -9999 -9999 -9999 -9999 -9999 -9999 -9999 -9999 -9999 -9999 -9999 -9999 -9999 -9999 -9999 -9999 -9999 -9999 -9999 -9999 -9999 -9999
81.23140 80.24820 80.71070 80.11790 83.56620 81.52840 80.43300 79.56570 78.28860 78.16200 75.70080 75.10840 73.59530 71.89500 71.27650 70.14720 69.65030 69.53790 68.84150 70.02540 69.82950 70.12830 70.26700 70.34450 70.82810 71.18400 72.37050 71.08650 70.36940 70.40300 71.05680 71.41230 71.23790 70.64830 70.53780 71.93610 72.22460 72.38680 72.53150 73.74680 73.94630 73.38050 73.02060 71.62590 71.70550 -9999 -9999 -9999 -9999 -9999 -9999 -9999 -9999 -9999 -9999 -9999 -9999 -9999 -9999 -9999 71.27120 70.51260 -9999 -9999 -9999 -9999 70.90500 72.17880 73.23360 72.04100
83.22760 83.04520 83.66110 83.62940 85.50200 82.38180 80.41740 80.61550 81.28360 79.69870 79.82150 76.27580 75.45790 74.63920 74.40860 73.85120 72.61100 72.74180 71.91070 72.24900 72.04780 72.95770 73.20540 73.29520 72.17180 72.83600 72.65160 73.15200 72.92100 72.75050 73.04940 73.60300 73.52610 73.12250 73.24620 74.66580 74.68880 75.00800 74.54970 76.00980 76.12970 75.97520 76.09710 74.45650 74.81960 74.32380 74.71170 73.69320 74.30970 76.48320 77.93970 77.36420 77.50700 77.68100 76.61130 76.81920 76.82560 74.99210 74.83540 74.47980 73.96380 72.73000 -9999 -9999 -9999 -9999 -9999 72.63710 72.90530 73.90660
88.08730 90.10970 85.35760 87.09670 89.52540 86.75860 84.88210 84.83860 83.62280 80.05010 78.53700 77.67540 77.86030 76.08240 75.92030 74.99610 74.21570 74.71500 74.63580 73.90130 73.88290 74.36900 74.63850 74.48720 74.36110 75.29980 75.22320 75.26950 75.28340 75.17090 75.21830 76.33610 76.46420 76.05870 75.83410 75.92680 76.01010 76.12050 76.27010 77.06490 76.58050 76.39400 76.09430 76.75450 76.79310 77.00280 77.04450 77.24330 77.15500 80.00630 80.63280 80.03620 79.28990 79.99430 82.77210 85.85740 82.35490 84.09970 84.55760 82.32630 80.20110 80.04120 79.38380 77.29380 76.39060 76.51530 76.41260 75.31720 74.67090 76.18180
88.71840 94.52090 104.99800 86.92490 94.39410 94.97000 91.72670 88.85170 89.03950 81.59690 81.11970 80.41520 80.27980 78.73900 78.64720 77.44530 77.10020 77.76820 77.70540 77.07230 78.06810 78.41660 77.78110 77.17830 77.53030 77.73340 77.59900 77.47990 77.76980 77.73810 78.20830 78.97650 78.79720 77.76980 77.70230 78.48270 78.49020 78.73830 78.79450 79.53170 79.07640 79.02880 79.89280 79.12090 79.39550 79.58220 79.20230 79.35070 79.53010 79.70510 81.15200 82.54870 81.26300 82.56120 82.60690 84.36650 87.06350 88.87000 88.15950 87.53770 87.97980 85.12180 88.41180 83.94950 80.84510 79.90640 79.38650 78.48110 77.98130 79.24920
99.65510 101.54100 105.64500 97.63060 89.86260 91.32410 88.45800 87.24250 89.80310 88.11970 86.51900 84.77770 83.73080 81.61020 81.62610 81.13850 80.99360 80.91660 80.35380 80.85470 83.61920 83.68770 82.69310 82.30170 81.10880 80.55820 79.79670 80.67720 80.63810 81.04560 80.45330 81.57260 81.28200 80.53880 80.45860 81.25400 81.33230 81.30300 81.22440 82.38470 83.07200 83.12410 82.71740 84.27430 84.99040 84.38510 82.45300 81.51120 81.04010 80.28550 81.40570 83.88180 84.62880 85.19130 85.45900 85.84380 85.74080 85.64400 88.30070 89.05980 89.99510 92.56470 93.92170 94.79420 89.24930 88.07660 86.44280 84.79810 83.91390 84.14580
93.91430 100.70800 106.03200 104.64300 104.16100 96.30980 91.63730 91.60920 93.31530 94.00180 90.81740 95.61990 94.70570 90.08210 86.34210 85.27860 84.29870 83.50770 83.32920 83.82880 84.75860 87.07150 85.11430 84.70060 83.77900 82.97820 82.24540 83.35530 83.16710 83.09160 83.67120 83.70030 83.62830 84.36600 83.80760 84.37040 84.34410 84.50050 84.74830 86.06540 86.97990 87.58930 86.10220 85.42750 86.30950 87.33150 87.90350 86.48990 84.98760 83.66970 85.49700 86.86720 87.50970 88.12080 87.29840 89.13660 90.67100 91.48820 94.12410 91.97470 90.34200 92.17970 91.71820 91.21920 92.81840 97.36600 91.92370 93.42330 89.24440 88.27170
96.78700 101.29500 105.30100 108.31700 110.66800 112.41200 100.47600 96.18770 94.45750 95.29140 93.00270 96.85010 102.72200 103.67500 107.87700 96.69670 91.45440 89.20100 87.14770 85.83760 85.46420 85.88150 86.00240 86.51590 85.84130 85.50270 85.75210 86.03840 85.87640 86.11970 86.75860 87.15450 88.12610 87.51780 87.34330 86.39530 87.68560 87.86140 88.96730 88.49930 88.38030 89.04070 89.10200 87.54550 87.10540 88.20640 87.23750 88.09290 87.45490 86.16160 85.51230 85.30290 86.71270 87.95740 88.08290 89.85310 90.60820 93.05140 94.79250 92.95040 97.28260 96.12260 95.00060 93.18830 93.14920 92.57670 92.84850 91.43870 91.08570 89.60900
106.17700 111.73100 111.15200 115.53900 117.27100 115.15400 112.73500 111.68500 107.28600 103.63600 98.50160 95.45460 98.37250 98.68060 101.29400 104.97400 104.64300 102.89600 99.46960 94.29860 91.57980 89.98290 89.50730 89.13980 88.96940 88.02240 87.96430 88.41200 88.70520 90.16790 90.56520 90.47000 93.38080 93.12280 92.59610 91.90770 91.54910 91.27790 91.78860 91.24740 91.60300 91.99280 91.19730 89.90590 91.10940 90.80390 91.99970 92.66090 92.87570 91.83210 90.93100 92.27550 91.63250 94.97160 95.35750 95.88140 95.75220 98.03710 95.87530 94.92510 98.95710 97.33250 96.89260 95.86310 93.79810 93.29850 94.28440 95.05290 93.82940 90.26910
105.11100 105.59300 110.79100 115.24200 113.54300 115.70100 117.10500 113.31100 109.55900 108.68000 103.51000 102.40400 102.10900 101.56300 100.49900 100.16000 100.04400 101.01900 104.14300 106.45100 103.91500 101.25200 98.86820 95.23470 92.72050 92.52840 92.13920 91.23840 92.76430 94.94580 95.28470 95.11780 96.26070 97.93630 96.20190 97.24330 93.70310 93.27120 94.72520 96.36370 95.36530 93.25120 91.79600 92.45510 93.69680 96.01490 97.35920 93.46230 91.97340 91.81460 93.89980 97.89880 96.70740 100.45000 104.96000 102.36300 107.29400 100.18900 104.09300 98.79970 97.23810 97.39560 96.24350 96.20130 95.95050 97.78720 94.94290 93.47940 92.66740 92.37900
109.70200 108.46000 108.46500 110.54500 109.21700 114.11000 117.55600 116.33600 116.59800 116.03000 109.71600 105.56600 114.05900 112.59700 108.07000 114.44600 159.45399 117.49300 99.62530 105.99500 141.31599 113.44200 108.46500 104.16600 95.61470 95.52320 95.11360 93.94120 95.33060 97.17960 97.22030 98.33160 99.05860 98.01160 97.98180 95.52430 95.62270 97.20660 96.97690 97.61340 98.67770 99.69710 97.48780 96.64570 98.02830 94.16020 93.91530 92.59260 94.38590 95.62320 96.41620 100.62800 99.09020 101.67900 101.70700 106.19500 108.50600 104.57200 105.31900 99.39170 98.70570 97.04850 96.76820 99.16890 100.35900 95.95810 94.96480 94.21100 92.68330 92.31350
112.78300 110.42500 109.59800 109.49700 109.22300 113.28500 113.15800 112.69600 113.57700 112.17700 112.68300 112.39900 112.62400 112.47900 110.35300 115.65400 116.48200 162.65300 116.28300 109.86800 106.93300 108.20400 107.62300 105.25000 102.51100 99.90330 97.74650 98.13470 98.21990 99.88000 100.09800 99.52710 99.05220 100.01800 100.37600 98.84580 98.01730 98.56770 98.64180 99.26170 100.57400 102.06600 102.34200 102.11100 100.46400 94.35790 93.63010 93.38850 95.07130 96.14730 98.98180 102.91300 100.32600 102.24200 106.46400 103.68900 102.64500 102.28500 101.27200 103.64100 101.77100 99.30600 98.57110 98.35290 97.06240 96.48650 96.06370 95.12060 95.19110 96.44260
115.28600 113.58100 114.06200 115.04200 114.69700 116.43400 113.76700 113.37200 111.91500 111.42200 110.81000 115.98500 119.03800 116.16400 111.68400 111.58100 113.92700 116.23000 116.51000 121.50100 115.72900 111.23900 107.91300 105.08900 105.19800 106.24400 104.55100 102.25600 102.06500 103.57100 104.77000 102.14700 101.99600 101.15100 102.02000 101.66300 102.48300 103.01400 104.51500 102.69200 106.29000 109.17800 105.72600 104.80200 107.26500 102.77100 99.36640 96.80540 97.32820 96.29040 98.72560 103.09000 99.95980 101.50300 100.67300 99.46370 101.01500 101.90400 102.56700 101.80500 102.84700 101.29200 101.20500 100.74200 100.20700 99.44990 98.91440 97.87230 97.50890 98.00870
114.07500 115.95200 119.67600 122.78800 123.65500 120.48200 119.20600 116.32800 115.89800 114.26700 117.48100 117.48400 118.82000 126.76600 119.06900 114.33400 113.10300 116.78900 119.28500 119.74600 118.53900 114.97900 112.75500 112.44800 109.88000 108.94000 107.17800 108.63500 106.69400 105.36600 106.82000 103.81000 104.69400 103.08400 107.28500 105.84500 103.26000 104.93900 108.07200 108.13200 107.56400 110.55600 112.12500 110.29700 108.06100 106.96100 106.51400 105.55800 106.46300 105.62600 106.62900 106.07900 106.18000 105.26500 105.16500 104.72700 104.52900 104.13900 102.26400 102.26300 100.88800 100.62500 101.60700 102.87100 102.49200 102.35300 101.38200 101.34700 101.00000 102.80200
115.16300 115.06200 117.62400 133.95700 163.48599 129.18500 121.15100 119.41700 117.21100 117.88400 116.59100 115.60300 116.22700 119.36900 122.04100 119.09400 118.10700 120.67600 116.89200 115.90900 114.51800 120.90800 114.77000 113.48500 111.62400 110.29100 112.30100 114.00400 111.63700 109.60500 108.19400 109.56000 108.04500 106.79600 109.25700 110.10200 106.72500 107.36900 109.53500 112.75400 112.32600 112.17600 113.43400 110.45400 110.82700 109.16300 108.52100 105.84100 107.84800 108.74700 108.28000 106.81000 107.13800 106.28500 104.86000 104.72000 103.91900 104.22200 103.64000 102.63600 102.18400 102.95100 103.96600 105.61300 105.53800 108.54600 106.94000 106.78200 105.66100 105.94300
116.27500 118.97000 118.96200 125.15900 171.26199 171.75900 173.28101 172.22701 123.18300 123.42000 122.35600 118.51200 120.37500 119.57300 120.89300 125.46800 120.19100 117.52400 115.39400 116.00600 115.57000 114.35200 116.27400 116.04300 113.43000 110.50900 109.55300 111.40300 111.07900 107.41600 108.15800 107.89900 108.49400 109.43200 110.61300 111.14000 110.73000 107.48000 110.47800 112.87400 114.95500 112.57800 112.25700 112.22600 108.43000 107.70600 105.95300 104.55100 104.10300 103.77200 103.95600 104.95100 105.50300 104.95400 105.57700 104.55600 103.97900 102.69400 102.27500 102.83700 103.40600 105.46900 105.87100 107.58400 114.43100 119.13100 114.66700 115.67700 114.17500 108.64600
118.15100 117.32100 119.48700 125.96500 125.33500 148.31900 173.92900 177.94600 175.64500 128.40601 131.03101 131.29201 127.46400 124.67400 126.75000 125.58400 122.03600 121.94500 120.41900 117.32300 116.10200 116.02500 118.26000 121.58000 115.68400 113.58800 112.60200 115.31000 114.35700 112.71400 113.82900 111.39400 110.94100 113.11300 113.45600 114.31200 111.77100 110.92500 110.66200 113.04600 113.07800 112.45300 108.51700 109.23300 108.10100 104.43000 103.27900 105.78500 106.68500 107.15400 106.07300 -9999 -9999 107.06200 106.36600 103.91100 104.63000 104.32500 103.83900 104.82800 106.40000 108.00300 112.33900 127.39500 166.14400 165.78600 166.04900 164.57401 164.01700 119.76400
127.17100 128.49100 125.79600 126.21000 129.06000 129.15100 127.68400 178.51900 129.08900 132.19901 178.62900 179.33701 130.99100 133.37100 132.46100 127.99400 125.21600 125.37400 122.40300 119.22400 120.43800 118.68000 117.30600 117.29400 118.09700 119.45400 116.37800 115.85500 114.80500 116.47300 116.21800 116.33800 112.44100 113.71000 116.61900 116.58200 116.18800 112.41500 107.71300 105.41500 -9999 -9999 -9999 -9999 103.77300 -9999 111.14500 115.01200 112.74400 111.40100 108.89400 -9999 -9999 109.99100 109.26800 109.09300 108.53100 107.14900 108.25400 109.60700 110.46200 112.91300 118.17700 129.46899 166.56700 123.78400 169.61600 169.97900 168.43300 118.61200
