data/hydroclimate-scenarios/BCSD_hadcm_B1/monthly_summaries/isr_monthly_avg_aug.2070-2099.asc
ncols	311
nrows	91
xllcenter	102.75
yllcenter	31.75
cellsize	0.5
NODATA_value	-9999
[rows 0 to 30 of 91, columns 210 to 279 of 311]
-9999 -9999 -9999 -9999 -9999 -9999 -9999 -9999 -9999 -9999 -9999 -9999 -9999 -9999 -9999 -9999 -9999 -9999 -9999 -9999 -9999 -9999 -9999 -9999 -9999 -9999 -9999 -9999 -9999 -9999 -9999 -9999 -9999 -9999 -9999 -9999 -9999 -9999 -9999 -9999 -9999 -9999 -9999 -9999 -9999 -9999 -9999 -9999 -9999 -9999 -9999 -9999 -9999 -9999 -9999 -9999 -9999 -9999 -9999 -9999 -9999 -9999 -9999 -9999 -9999 -9999 -9999 -9999 -9999 -9999
-9999 -9999 -9999 -9999 -9999 -9999 -9999 -9999 -9999 -9999 -9999 -9999 -9999 -9999 -9999 -9999 -9999 -9999 -9999 -9999 -9999 -9999 -9999 -9999 -9999 -9999 -9999 -9999 -9999 -9999 -9999 -9999 -9999 -9999 -9999 -9999 -9999 -9999 -9999 -9999 -9999 -9999 -9999 -9999 -9999 -9999 -9999 -9999 -9999 -9999 -9999 -9999 -9999 -9999 -9999 -9999 -9999 -9999 -9999 -9999 -9999 -9999 -9999 -9999 -9999 -9999 -9999 -9999 -9999 -9999
-9999 -9999 -9999 -9999 -9999 -9999 -9999 -9999 -9999 -9999 -9999 -9999 -9999 -9999 -9999 -9999 -9999 -9999 -9999 -9999 -9999 -9999 -9999 -9999 -9999 -9999 -9999 -9999 -9999 -9999 -9999 -9999 -9999 -9999 -9999 -9999 -9999 -9999 -9999 -9999 -9999 -9999 -9999 -9999 -9999 -9999 -9999 -9999 -9999 -9999 -9999 -9999 -9999 -9999 -9999 -9999 -9999 -9999 -9999 -9999 -9999 -9999 -9999 -9999 -9999 -9999 -9999 -9999 -9999 -9999
-9999 -9999 -9999 -9999 -9999 -9999 -9999 -9999 -9999 -9999 -9999 -9999 -9999 -9999 -9999 -9999 -9999 -9999 -9999 -9999 -9999 -9999 -9999 -9999 -9999 -9999 -9999 -9999 -9999 -9999 -9999 -9999 -9999 -9999 -9999 -9999 -9999 -9999 -9999 -9999 -9999 -9999 -9999 -9999 -9999 -9999 -9999 -9999 -9999 -9999 -9999 -9999 -9999 -9999 -9999 -9999 -9999 -9999 -9999 -9999 -9999 -9999 -9999 -9999 -9999 -9999 -9999 -9999 -9999 -9999
-9999 -9999 -9999 -9999 -9999 -9999 -9999 -9999 -9999 -9999 -9999 -9999 -9999 -9999 -9999 -9999 -9999 -9999 -9999 -9999 -9999 -9999 -9999 -9999 -9999 -9999 -9999 -9999 -9999 -9999 -9999 -9999 -9999 -9999 -9999 -9999 -9999 -9999 -9999 -9999 -9999 -9999 -9999 -9999 -9999 -9999 -9999 -9999 -9999 -9999 -9999 -9999 -9999 -9999 -9999 -9999 -9999 -9999 -9999 -9999 -9999 -9999 -9999 -9999 -9999 -9999 -9999 -9999 -9999 -9999
-9999 -9999 -9999 -9999 -9999 -9999 -9999 -9999 -9999 -9999 -9999 -9999 -9999 -9999 -9999 -9999 -9999 -9999 -9999 -9999 -9999 -9999 -9999 -9999 -9999 -9999 -9999 -9999 -9999 -9999 -9999 -9999 -9999 -9999 -9999 -9999 -9999 -9999 -9999 -9999 -9999 -9999 -9999 -9999 -9999 -9999 -9999 -9999 -9999 -9999 -9999 -9999 -9999 -9999 -9999 -9999 -9999 -9999 -9999 -9999 -9999 -9999 -9999 -9999 -9999 -9999 -9999 -9999 -9999 -9999
-9999 -9999 -9999 -9999 -9999 -9999 -9999 -9999 -9999 -9999 -9999 -9999 -9999 -9999 -9999 -9999 -9999 -9999 -9999 -9999 -9999 -9999 -9999 -9999 -9999 -9999 -9999 -9999 -9999 -9999 -9999 -9999 -9999 -9999 -9999 -9999 -9999 -9999 -9999 -9999 -9999 -9999 -9999 -9999 -9999 -9999 -9999 -9999 -9999 -9999 -9999 -9999 -9999 -9999 -9999 -9999 -9999 -9999 -9999 -9999 -9999 -9999 -9999 -9999 -9999 -9999 -9999 -9999 -9999 -9999
-9999 -9999 -9999 -9999 -9999 -9999 -9999 -9999 -9999 -9999 -9999 -9999 -9999 -9999 -9999 -9999 -9999 -9999 -9999 -9999 -9999 -9999 -9999 -9999 -9999 -9999 -9999 -9999 -9999 -9999 -9999 -9999 -9999 -9999 -9999 -9999 -9999 -9999 -9999 -9999 -9999 -9999 -9999 -9999 -9999 -9999 -9999 -9999 -9999 -9999 -9999 -9999 -9999 -9999 -9999 -9999 -9999 -9999 -9999 -9999 -9999 -9999 -9999 -9999 -9999 -9999 -9999 -9999 -9999 -9999
-9999 -9999 -9999 -9999 -9999 -9999 -9999 -9999 -9999 -9999 -9999 -9999 -9999 -9999 -9999 -9999 -9999 -9999 -9999 -9999 -9999 -9999 -9999 -9999 -9999 -9999 -9999 -9999 -9999 -9999 -9999 -9999 -9999 -9999 -9999 -9999 -9999 -9999 -9999 -9999 -9999 -9999 -9999 -9999 -9999 -9999 -9999 -9999 -9999 -9999 -9999 -9999 -9999 -9999 -9999 -9999 -9999 -9999 -9999 -9999 -9999 -9999 -9999 -9999 -9999 -9999 -9999 -9999 -9999 -9999
-9999 -9999 -9999 -9999 -9999 -9999 -9999 -9999 -9999 -9999 -9999 -9999 -9999 -9999 -9999 -9999 -9999 -9999 -9999 -9999 -9999 -9999 -9999 -9999 -9999 -9999 -9999 -9999 -9999 -9999 -9999 -9999 -9999 -9999 -9999 -9999 -9999 -9999 -9999 -9999 -9999 -9999 -9999 -9999 -9999 -9999 -9999 -9999 -9999 -9999 -9999 -9999 -9999 -9999 -9999 -9999 -9999 -9999 -9999 -9999 -9999 -9999 -9999 -9999 -9999 -9999 -9999 -9999 -9999 -9999
-9999 -9999 -9999 -9999 -9999 -9999 -9999 -9999 -9999 -9999 -9999 -9999 -9999 -9999 -9999 -9999 -9999 -9999 -9999 -9999 -9999 -9999 -9999 -9999 -9999 -9999 -9999 -9999 -9999 -9999 -9999 -9999 -9999 -9999 -9999 -9999 -9999 -9999 -9999 -9999 -9999 -9999 -9999 -9999 -9999 -9999 -9999 -9999 -9999 -9999 -9999 -9999 -9999 -9999 -9999 -9999 -9999 -9999 -9999 -9999 -9999 -9999 -9999 -9999 -9999 -9999 -9999 -9999 -9999 -9999
-9999 -9999 -9999 -9999 -9999 -9999 -9999 -9999 -9999 -9999 -9999 -9999 -9999 -9999 -9999 -9999 -9999 -9999 -9999 -9999 -9999 -9999 -9999 -9999 -9999 -9999 -9999 -9999 -9999 -9999 -9999 -9999 -9999 -9999 -9999 -9999 -9999 -9999 -9999 -9999 -9999 -9999 -9999 -9999 -9999 -9999 -9999 -9999 -9999 -9999 -9999 -9999 -9999 -9999 -9999 -9999 -9999 -9999 -9999 -9999 -9999 -9999 -9999 -9999 -9999 -9999 -9999 -9999 -9999 -9999
-9999 -9999 -9999 -9999 -9999 -9999 -9999 -9999 -9999 -9999 -9999 -9999 -9999 -9999 -9999 -9999 -9999 -9999 -9999 -9999 -9999 -9999 -9999 -9999 -9999 -9999 -9999 -9999 -9999 -9999 -9999 -9999 -9999 -9999 -9999 -9999 -9999 -9999 -9999 -9999 -9999 -9999 -9999 -9999 -9999 -9999 -9999 -9999 -9999 -9999 -9999 -9999 -9999 -9999 -9999 -9999 -9999 -9999 -9999 -9999 -9999 -9999 -9999 -9999 -9999 -9999 -9999 -9999 -9999 -9999
150.53101 146.36900 146.92200 144.07600 146.03200 144.95700 144.51700 147.74100 147.48500 -9999 -9999 -9999 -9999 -9999 -9999 -9999 -9999 -9999 -9999 -9999 -9999 -9999 -9999 -9999 -9999 -9999 -9999 -9999 -9999 -9999 -9999 -9999 -9999 -9999 -9999 -9999 -9999 -9999 -9999 -9999 -9999 -9999 -9999 -9999 -9999 -9999 -9999 -9999 -9999 -9999 142.30901 -9999 -9999 -9999 -9999 -9999 -9999 -9999 -9999 -9999 -9999 -9999 -9999 -9999 -9999 -9999 -9999 -9999 -9999 -9999
155.53600 156.05600 155.70599 158.05400 157.97400 158.56500 157.77100 158.16400 158.67200 157.06400 157.13300 158.28200 158.80099 158.34100 158.84300 160.76199 160.14700 160.12399 159.35300 160.20000 158.58501 168.05600 -9999 -9999 -9999 -9999 -9999 -9999 -9999 -9999 -9999 -9999 -9999 -9999 -9999 -9999 -9999 -9999 -9999 -9999 -9999 -9999 -9999 -9999 -9999 151.02699 150.47701 152.49800 151.87300 152.62601 151.62700 148.61400 -9999 -9999 -9999 138.06200 -9999 -9999 -9999 143.89999 144.78799 147.13499 -9999 -9999 -9999 -9999 -9999 -9999 -9999 -9999
158.04300 158.91100 159.41600 161.27400 161.03799 161.56300 160.23900 160.44600 160.00500 158.65300 160.15601 163.51500 163.82600 162.86900 164.86000 167.69000 168.52400 169.05299 166.54500 165.94600 164.97701 163.98399 164.61600 163.39999 162.55299 163.26900 161.93600 160.73000 -9999 -9999 -9999 -9999 -9999 154.96500 156.01401 156.66000 156.30499 155.86400 153.70799 154.07800 156.23199 155.81400 155.93201 157.95799 157.20200 156.91400 157.43201 157.58600 157.19299 157.09300 156.83000 153.30299 150.63600 149.25301 146.08600 144.18500 145.10600 145.29601 146.08701 150.22000 150.75800 151.77600 152.12801 151.34399 151.29401 152.17700 150.50301 -9999 -9999 -9999
162.67900 161.50900 162.67900 164.09200 164.18401 163.85400 164.20000 162.71400 162.84000 163.87199 166.51300 166.41499 167.06500 166.21100 166.64700 164.92599 165.22800 166.36700 166.75000 166.30200 164.48700 167.05701 165.99600 165.75900 165.10001 166.78700 165.75800 165.11400 164.54201 163.13300 162.07500 163.20500 163.23599 161.17799 162.33501 161.91100 163.66100 165.52299 164.31400 161.20799 162.18800 162.76500 163.13600 163.00400 163.09599 162.65500 163.26700 163.23700 162.33000 161.34100 159.29201 159.08000 157.94299 155.63100 153.21800 153.19000 152.25900 151.20599 153.89500 155.66000 155.81900 156.48100 157.75500 158.20900 158.75800 158.25500 158.33400 157.28200 156.36700 154.57500
167.79900 166.88200 169.41100 172.66600 172.90100 172.22400 171.90800 171.83701 172.51601 170.54601 169.63300 168.30901 166.72000 165.33299 165.24001 163.98399 163.70900 165.35400 164.65700 167.00200 165.78500 165.31799 165.92000 166.28900 166.38600 167.40900 169.05800 170.14200 170.36600 171.12700 172.59801 171.98000 170.25301 168.41200 165.57300 165.91499 167.19501 169.39799 170.00200 167.96500 167.06100 167.26801 167.72099 167.98801 168.29601 167.27100 166.83501 167.14900 166.92900 164.06300 163.85500 163.75999 162.21001 159.72200 159.61700 159.85300 157.61600 158.37700 157.60800 158.88499 160.38699 160.27699 161.70900 162.62000 163.48700 162.37601 161.24001 161.05000 159.43700 157.42999
167.75700 170.53300 170.75200 171.30600 172.31000 171.18800 171.73000 173.45700 171.53700 169.01601 169.28799 167.32100 166.16499 168.28799 169.00000 169.59399 168.24001 169.16800 168.81300 167.41800 166.24600 168.06799 168.87500 169.35500 169.36700 170.09500 170.28600 170.44400 171.79100 171.86200 175.18500 173.50700 173.47701 172.80000 168.57700 169.84000 171.58099 169.89799 170.66200 165.78900 165.88300 167.92200 167.45799 169.77100 170.83600 172.43100 171.52200 172.35300 171.27901 169.88400 168.21800 167.33600 166.62801 165.09100 164.09100 161.15300 161.58501 162.40601 162.89200 163.14500 163.21400 164.14301 164.91901 165.72000 165.49300 163.73300 164.22000 162.23300 161.77000 159.90300
168.88400 169.12399 169.88901 169.15500 170.78200 170.58000 171.47000 172.17000 172.01500 170.07700 169.54300 167.62500 167.30800 168.44701 167.43401 169.16800 169.08701 169.43800 169.45900 169.43300 168.84399 168.50700 170.04401 171.59900 173.03200 175.23599 175.71600 176.37199 175.86600 173.67999 173.61600 174.06400 177.66701 178.00700 174.59200 173.63300 174.63800 173.66800 172.82500 167.83200 167.32001 171.49300 172.32201 173.57600 173.88300 177.09100 176.76300 176.76500 176.35300 174.17300 172.50800 171.27000 170.05600 168.91499 168.46300 166.26601 166.09900 167.27499 167.26500 167.45799 167.35001 168.42000 168.00700 168.29401 168.30400 167.17799 167.44299 165.78799 165.93300 163.94800
168.02699 166.90700 166.61800 168.74300 170.99100 174.23300 172.11600 171.81799 170.45900 168.17000 167.74200 167.75600 167.15900 169.37801 169.87601 170.46600 170.77901 171.47099 171.40601 169.05099 170.55299 172.21201 174.57100 174.78799 176.37700 178.07100 178.64799 179.86099 178.73399 176.28700 176.82100 176.27800 178.52000 180.90300 176.88300 176.52000 176.24001 174.42999 175.06900 170.63600 170.36000 173.78300 174.45300 174.98100 174.64999 177.99100 178.32899 176.52000 175.43500 175.19299 173.65700 171.86501 171.06200 171.03700 170.34399 170.24001 170.21100 170.56900 170.70399 171.44299 170.34200 170.27000 170.52699 169.62399 169.29601 169.34100 169.35800 169.43500 169.97099 167.14000
168.75301 168.98500 170.20500 172.02200 170.94701 171.86900 171.07001 172.06300 171.14301 169.65199 168.17599 168.98100 169.23199 171.06400 171.15700 171.59801 173.44901 174.19600 174.10600 172.21001 172.36700 173.17799 175.99600 178.32300 181.22301 183.53900 182.89700 183.06799 182.12801 181.20000 181.50999 180.32800 181.80701 185.82201 183.18500 181.97600 180.64700 178.71100 178.36200 173.58501 174.04700 176.96600 177.23000 177.60100 177.62900 179.80400 179.86301 179.12500 178.47501 177.24100 176.22000 174.43201 173.76300 173.95500 174.25700 173.57100 172.73000 173.80800 173.64999 173.44800 174.40900 174.80200 172.79900 172.66701 172.56900 171.07300 171.13901 170.75101 169.92599 169.37399
170.85001 172.94600 174.57300 173.99500 172.69299 175.01401 174.87700 175.83000 175.24001 175.70200 177.12601 178.30299 178.27901 175.19299 174.55299 175.73000 175.92999 178.23801 179.52800 179.87900 179.87500 179.23300 181.69400 184.25101 187.77000 186.67000 187.21700 188.14101 185.91499 185.57600 185.97200 186.29601 185.75400 187.53300 185.65500 186.68700 188.06400 183.90199 183.47600 185.42101 185.45000 183.73900 182.83200 182.06000 180.91600 180.74500 180.28500 180.44501 180.15100 179.03600 178.40800 178.55800 177.49899 176.68401 176.08501 176.51199 175.79401 176.92999 177.53900 178.85500 178.07899 178.28000 177.65100 178.50900 177.03400 178.46001 177.63100 177.10300 176.91600 173.10201
170.73500 172.22099 173.47701 173.09000 174.66299 177.62000 176.65900 176.31599 177.64301 178.11900 178.25999 181.31599 182.86000 180.52200 180.36000 182.43100 181.70799 184.23399 183.25900 182.80299 183.02800 182.35400 184.30600 188.66901 190.97501 189.90300 190.24400 191.89301 191.96001 192.32800 191.29900 193.34200 193.05200 193.00400 191.77499 194.09399 194.68201 193.33000 193.06900 195.32600 195.09900 194.29700 190.79700 193.88100 193.99800 193.21400 191.08299 190.51199 188.17400 181.59000 178.68300 179.05000 179.37601 178.16499 177.84200 179.89500 178.83800 179.60201 180.37300 180.77200 180.58000 180.92900 183.61301 185.18300 182.28200 182.18300 181.96899 181.01601 180.10300 176.96400
171.49500 171.68201 172.74699 173.52499 173.93401 174.03900 174.07201 177.91400 178.59900 177.53300 177.51100 177.78900 178.25900 180.17500 181.70300 187.38600 188.96001 188.28999 188.41800 190.67000 188.94099 188.95500 187.81400 188.30400 193.33200 195.15800 197.52299 197.32401 197.64600 197.90700 195.98199 197.44701 199.01900 200.09100 200.84500 200.05701 201.40401 197.71400 198.18500 197.47900 197.20900 197.37900 196.50400 205.71700 207.13499 215.98801 235.91000 258.04901 257.99899 257.87000 200.63000 183.65500 179.80200 177.35001 176.64500 179.43900 181.54401 181.67101 181.39500 183.52600 183.31799 184.36900 184.10800 186.41901 186.59801 185.48700 185.22099 182.95399 181.22800 180.64301
172.73000 174.62199 173.91800 174.70900 175.53101 176.82401 177.58501 181.66000 182.06599 181.82500 180.26500 179.24100 179.47701 179.61501 181.47099 186.61501 189.24699 191.35600 190.46500 190.52600 190.81200 190.96500 192.23700 192.42799 193.54500 194.26500 194.76801 198.21600 199.56599 200.80099 201.31400 201.49001 200.88300 201.35100 201.08900 201.66000 201.27699 199.46700 198.42101 197.27000 197.83099 198.88000 202.21300 204.97301 264.30499 262.57001 262.69800 259.63199 258.92099 259.96899 258.29800 203.99699 188.56799 183.21700 181.10001 182.48900 185.60800 188.41000 185.62100 186.77100 186.56599 186.79201 187.55299 189.25400 190.45900 188.34100 187.10201 186.91701 185.58701 183.34500
171.78799 174.14000 175.00101 179.26900 182.02499 184.28799 186.06700 186.89400 191.58800 201.83701 207.44701 196.39700 190.39999 188.04601 191.85001 188.33900 189.45799 190.87500 191.63499 191.80299 193.69000 193.27901 195.41701 198.27800 196.98199 194.03400 194.53600 198.45200 199.60001 198.74699 200.36200 201.40500 199.61700 197.69901 198.94400 197.89600 198.32001 198.64999 199.64600 199.15500 200.11400 200.61700 203.58900 208.63499 217.85899 263.20401 262.69699 260.56601 258.52200 257.51300 258.44800 257.03201 198.30600 189.42999 186.36400 185.53799 184.96899 186.63100 189.04100 189.21600 189.00800 188.41200 188.59300 187.30200 188.37000 188.29201 187.98599 187.49800 185.78999 184.75000
175.65199 180.38600 252.98300 256.28601 254.93600 208.35100 191.90401 192.50000 191.13400 190.25301 197.21500 210.53000 222.92000 207.03200 264.63400 227.26900 206.67999 197.05299 194.28500 192.69299 193.89900 193.89700 196.22600 197.53799 199.00999 196.01801 197.09000 201.34000 201.77901 201.75301 202.60400 202.71001 202.45599 203.50600 202.21500 200.43300 199.13901 203.56300 203.70200 201.09399 200.58800 200.67700 203.55000 206.53799 265.71701 264.67700 262.89401 261.33401 260.86099 261.66699 261.10999 259.66000 212.82800 206.13600 195.88699 191.57800 189.27000 188.19901 190.73801 191.96600 191.41901 190.22400 191.03300 190.81599 191.15199 190.32800 189.70500 189.01900 189.25500 187.97701
195.78900 249.20300 253.57100 250.54500 203.90401 189.19800 189.04700 187.98199 189.59000 190.77499 190.30000 192.79300 194.78200 194.02901 194.07401 193.38600 193.75700 194.80600 197.07401 196.27499 191.32001 191.40300 193.76199 197.81100 204.06200 201.77100 201.72900 205.42500 207.74800 206.98801 206.29601 206.95599 206.30800 201.90900 201.47301 202.07401 203.02699 204.24300 203.39799 202.98500 203.00700 203.96899 204.13100 208.00900 226.66299 265.02399 264.15701 262.30801 262.00500 261.86801 262.44000 260.80899 261.48999 260.83801 216.53300 196.05800 190.04900 189.66200 187.53999 190.28799 190.96300 190.07300 189.75999 191.08099 190.87801 191.50800 191.36700 191.36501 190.93800 191.19800
197.78500 178.92300 179.05000 179.19299 177.71500 184.71600 209.12199 258.60300 203.83099 195.07800 193.15601 195.87199 197.53600 196.83600 195.48700 196.32700 268.69400 269.71799 217.82899 206.75101 202.11301 199.55901 200.91100 198.18800 225.15601 214.30200 203.13300 207.05800 210.59801 213.22000 212.86800 212.11200 208.94600 204.71100 205.70500 206.18700 206.92999 206.78799 207.67500 205.30000 205.36800 205.21100 205.09399 211.20300 227.10400 265.93201 267.04199 263.02802 263.52701 261.84601 262.69901 264.07501 263.57501 263.13501 261.83600 211.34700 195.15500 191.51199 188.67200 190.60899 191.52100 191.02400 192.28101 194.48399 196.89999 197.88699 197.16400 197.70000 195.33600 194.09500
248.99001 213.74100 179.64999 176.23100 176.31400 179.64101 184.75999 193.70900 193.62700 208.50800 261.31900 263.53799 200.32100 199.86099 198.94800 197.12300 202.24600 271.10101 272.03000 272.76099 271.89200 267.75000 266.83801 266.31400 267.65500 266.97501 212.04601 213.35300 215.50101 218.07899 217.31200 219.05701 214.99100 212.41200 212.03000 208.85899 211.71700 210.21300 211.31000 209.00400 206.89000 205.20799 204.80800 207.35699 220.24100 216.20300 269.91501 267.67899 266.80600 266.37900 264.24200 262.05701 211.37900 202.84000 204.90700 214.12601 196.07600 192.53000 191.02901 191.67200 192.74500 193.03900 194.35500 196.23000 197.46899 200.02299 200.54700 200.22000 200.37100 197.13300
