data/hydroclimate-scenarios/BCSD_hadcm_B1/monthly_summaries/isr_monthly_avg_may.2030-2059.asc
ncols	311
nrows	91
xllcenter	102.75
yllcenter	31.75
cellsize	0.5
NODATA_value	-9999
[rows 31 to 61 of 91, columns 0 to 69 of 311]
-9999 -9999 -9999 -9999 -9999 -9999 -9999 -9999 -9999 -9999 -9999 279.30899 279.26999 279.02399 279.44000 282.85599 284.25000 284.36600 284.95200 283.54599 282.75500 286.90399 285.38599 283.19400 282.51099 281.37100 280.39999 283.69400 282.63800 283.47101 283.12601 280.19000 280.34601 281.47000 282.49600 281.70901 281.93600 282.85800 283.27600 284.90399 284.06799 284.41000 284.23199 281.93500 280.80499 279.61600 279.96100 277.16000 277.03900 277.99200 278.96600 279.39999 278.95599 282.59698 282.92401 284.94299 285.29099 286.91501 287.46600 285.19000 285.41901 285.28900 285.16599 282.50000 282.11499 272.99500 273.64801 279.36401 284.11499 284.33301
-9999 -9999 -9999 -9999 -9999 -9999 -9999 -9999 -9999 -9999 -9999 280.10199 279.89600 282.25500 283.25400 284.75900 285.67001 286.85501 287.47198 286.29800 286.62399 284.51901 282.69699 282.79099 280.92801 281.53699 281.09900 284.87299 283.02499 283.23401 283.10901 280.05301 280.13800 281.57001 282.44299 281.21799 281.15201 279.80801 280.09900 281.91299 281.02200 280.97198 280.82101 278.17200 278.31601 278.88400 278.57599 279.91000 279.81000 281.36899 281.58401 282.39401 283.26700 285.83401 285.06000 286.67300 286.16000 284.77100 284.51099 286.39001 285.38400 285.30600 284.22400 283.34100 282.52200 270.48901 271.97900 278.22800 281.40799 279.94000
-9999 -9999 -9999 -9999 -9999 -9999 -9999 -9999 -9999 -9999 -9999 283.69400 283.88000 285.88800 286.36801 286.20700 286.53699 288.33801 288.47501 286.71600 286.59698 286.92700 284.81699 284.25400 285.08801 286.06500 286.18900 288.34100 285.72699 282.99100 283.74899 281.75900 282.05399 282.57300 282.54199 281.54501 282.72501 282.84799 282.56201 286.50201 283.71100 286.12399 284.34100 281.20499 281.40302 282.85001 283.31699 283.69800 284.27701 285.69400 286.23499 285.73199 284.45099 286.91000 285.20099 287.55399 287.25400 287.33600 287.12000 287.55099 287.55801 286.12299 284.49600 283.82199 283.22501 275.12601 273.58200 278.58200 280.37500 277.54401
-9999 -9999 -9999 -9999 -9999 -9999 -9999 -9999 -9999 -9999 -9999 -9999 289.94000 287.94501 287.78799 291.89499 292.09100 292.51099 292.85101 290.24100 290.02200 288.12299 289.55899 289.49399 289.46899 293.66901 292.46899 292.19800 285.84601 286.86301 285.87000 284.09698 283.81699 285.26501 286.02899 284.68701 286.06601 284.66501 285.98300 284.81601 284.72601 284.72299 284.68301 280.88199 280.31900 281.86099 281.36401 284.84399 285.19800 288.36899 288.27301 285.66199 285.72501 286.68600 287.51001 288.23001 288.13400 289.11600 288.80301 289.49899 288.90399 288.19101 288.71500 287.64001 285.39600 284.80499 282.49600 281.37701 285.49200 282.00299
-9999 -9999 -9999 -9999 -9999 -9999 -9999 -9999 -9999 -9999 -9999 -9999 291.23700 288.70700 289.60400 293.11099 292.52399 293.32800 293.40399 291.42401 292.35300 296.02899 297.43500 297.35599 297.91800 297.54599 295.32101 294.26199 290.01599 292.09299 291.49399 289.29300 285.91699 286.38901 287.45700 286.34900 287.18799 286.43500 285.91800 285.44101 286.53400 287.70001 286.85400 282.52899 280.97800 281.82401 281.74301 286.87100 286.89999 291.63400 292.02200 288.29300 287.93701 288.77701 288.12701 289.18100 288.00900 289.32901 288.70801 290.64999 290.78601 293.49100 293.44299 291.43900 288.24399 283.79700 283.56000 282.02100 282.06500 278.72000
-9999 -9999 -9999 -9999 -9999 -9999 -9999 -9999 -9999 -9999 -9999 -9999 295.34201 293.52399 292.41199 294.59299 294.92099 295.14001 296.94699 298.81799 300.91400 301.83301 301.97198 298.20599 296.69400 297.41800 293.22101 290.84000 290.74899 288.84100 286.63901 287.56201 287.71701 288.26099 285.14001 285.89700 285.83301 285.30899 284.96899 283.17899 287.98300 291.18799 287.44400 285.32501 284.23499 286.05701 287.03601 289.20499 287.69199 286.65500 286.93399 285.89301 284.61899 286.36899 285.20901 286.52701 286.62299 286.63101 287.82800 293.67300 293.90500 294.39700 292.54501 286.91599 286.54099 283.28101 282.77100 279.92599 280.81299 276.45001
-9999 -9999 -9999 298.09201 298.75699 299.47501 299.11200 295.73300 296.59601 -9999 295.63199 297.64801 296.07700 293.91699 293.94199 294.85800 296.17200 295.87201 299.20200 301.60800 301.47601 300.28699 299.80200 295.76199 295.27899 295.44400 291.70901 296.40601 294.27802 297.90701 291.65302 289.20499 292.92499 296.71301 292.02301 291.68701 293.30301 290.08401 289.23499 286.76099 287.07101 289.12299 287.94699 286.71201 289.63901 292.79999 297.54700 293.44000 293.00101 292.70901 293.63901 291.82599 293.11801 297.94699 296.38901 300.91299 301.25900 293.32800 296.44601 298.62201 296.02701 295.43301 294.21301 291.66299 288.86700 285.54700 285.15201 281.80301 279.23700 275.24600
-9999 -9999 -9999 299.08701 299.15100 298.45401 300.04300 298.27499 298.64099 299.56299 297.54700 296.27499 296.96100 298.12201 299.62100 300.89001 301.83701 298.81799 299.12500 298.73901 297.04800 298.79401 295.40701 294.80200 296.61801 294.08801 295.65100 296.97900 299.25900 301.51099 295.50900 295.85001 295.71100 298.10699 296.95099 296.64700 298.23801 298.31500 293.36899 295.51401 295.27301 291.43201 288.30399 293.60999 297.75800 302.93399 302.92999 296.66501 297.87000 297.93799 299.47900 298.88199 301.96899 301.37201 296.94699 296.49899 294.25000 296.43701 299.28699 299.57199 296.92999 296.02499 296.82101 293.03699 290.37799 283.35001 281.17001 276.66800 275.62500 276.17700
-9999 -9999 -9999 297.69400 298.28500 300.21301 301.52899 300.50900 297.78201 298.95099 298.73999 297.89700 300.53299 306.20499 310.56201 305.19400 307.39301 303.30801 300.04199 298.74200 299.54700 301.55301 298.27802 300.54300 302.77899 298.73499 298.58301 299.17099 298.73499 303.44601 307.20999 305.97699 300.43399 299.27499 301.67300 302.42499 301.31400 297.54599 296.54001 297.52899 298.25900 295.29001 291.79999 293.11499 293.56699 298.54501 300.83801 299.99500 300.89301 303.92700 305.89600 300.32199 300.11301 300.05399 298.17200 297.12900 295.24500 296.20901 298.99600 301.61301 298.37900 297.31299 294.81201 295.78000 291.45700 287.17801 285.35001 284.26401 286.94299 285.57001
-9999 -9999 -9999 300.99899 299.55200 304.91400 305.52499 307.78500 307.25900 307.30801 305.16699 301.02499 309.46600 310.10901 312.01401 310.41101 311.96500 309.37201 307.19699 305.28699 307.96399 309.36899 312.13800 310.63101 308.04999 305.66199 303.43201 304.86401 310.58401 316.10800 311.24701 297.20999 303.09100 310.13599 309.61899 305.47800 300.87000 296.01801 299.73999 297.99600 299.23199 301.74100 303.15399 303.11301 296.00201 300.23401 304.44601 300.52600 305.95499 303.93900 306.14899 301.06699 301.81400 304.07599 300.76700 300.87000 299.51901 301.73499 302.54599 304.00000 306.93799 299.39301 297.31201 298.67599 298.40799 294.40100 293.72299 289.35999 293.70901 289.28299
-9999 -9999 -9999 300.80899 300.47198 307.71201 307.16501 308.65701 310.82599 308.87201 304.54999 307.07501 313.67999 316.09698 317.71899 317.05099 317.95200 311.76099 305.01901 301.37900 306.70999 308.97501 311.36600 306.13400 305.32501 303.37100 298.99600 300.69800 306.35199 312.82001 314.27499 308.09799 309.34799 308.69901 308.19699 308.93100 307.30701 301.60101 299.60300 298.84799 300.97198 302.20401 303.69199 306.84698 301.81900 300.74701 302.47400 301.00101 302.28601 303.73999 304.04501 299.55399 301.79901 307.12500 301.56799 305.35999 300.95001 301.17300 303.19501 308.62500 308.92599 304.03201 301.68500 310.21799 309.44199 300.42599 300.48001 299.70700 298.21701 284.55499
-9999 -9999 -9999 -9999 309.20999 313.62601 311.76300 315.15100 316.39700 314.80301 308.75400 310.03000 322.44901 315.77802 -9999 -9999 -9999 -9999 -9999 315.64301 316.13199 316.22800 317.14200 317.64401 316.34000 312.05801 304.93500 309.04901 312.14999 310.80499 312.16101 312.67300 313.81900 310.76401 306.70801 302.91101 304.75400 301.95300 302.07001 301.56000 299.52899 301.47198 302.84201 307.89099 306.14301 304.69501 306.69800 308.29300 306.58701 303.99200 306.62500 303.87701 302.72101 307.99799 309.13501 315.90100 315.54599 314.51099 313.51401 308.55899 310.90799 310.99899 310.85699 311.18500 310.42599 311.06100 306.21701 299.33899 291.98999 -9999
-9999 -9999 307.98499 309.81900 311.95999 312.58401 314.15100 318.80899 315.64099 315.50299 310.91199 313.28699 324.12799 -9999 -9999 -9999 -9999 -9999 322.35999 317.89801 316.28101 313.72501 312.71301 314.34601 314.25500 314.39499 306.33499 306.26199 307.13800 307.20001 309.60999 310.05099 310.51300 309.84799 308.13901 303.54599 305.11801 304.69299 304.46301 303.20200 304.22699 303.46500 303.54700 304.48401 301.47601 302.00601 303.87000 300.62701 297.16501 295.47198 297.23401 294.35101 298.14999 297.62399 302.76999 304.78699 308.89001 313.25699 313.83499 306.08099 306.78500 306.51801 305.65900 308.67599 306.74500 305.89001 300.56299 -9999 -9999 -9999
-9999 -9999 311.93701 312.83499 312.10400 315.70099 315.50800 320.79501 318.60199 316.01801 318.70300 320.88800 320.92700 -9999 -9999 -9999 -9999 315.73499 325.45200 318.56699 317.89401 317.90900 317.13400 315.16000 311.39301 308.73901 309.39700 309.20001 308.07700 309.37799 312.04800 315.32901 312.46500 311.34698 313.04501 311.45599 310.08499 309.38599 312.12100 315.04599 312.61200 311.21899 310.54099 309.87201 309.73901 306.63400 303.29999 303.42300 294.05600 295.42200 294.55301 290.06000 291.29999 292.20499 293.91400 288.85699 294.02701 307.06000 309.93900 304.56299 302.37201 304.40500 300.62100 294.27701 291.08099 -9999 -9999 -9999 -9999 -9999
-9999 -9999 311.03000 315.79999 314.83301 317.67999 317.50900 318.51401 318.51401 318.82700 323.47601 324.57300 306.42001 -9999 -9999 -9999 -9999 324.34500 323.74799 320.15701 318.34299 315.56601 312.89801 310.23199 310.41000 310.37299 312.83701 308.72000 309.83899 311.43701 315.38300 314.40900 315.39499 317.38599 315.00800 314.95401 315.08499 314.87601 316.38901 313.89099 312.09000 307.40100 305.30899 310.55301 307.78400 310.92599 309.95300 307.19199 301.15100 298.89899 291.10300 290.87601 291.71799 292.17001 293.79300 284.72400 286.54999 299.04199 298.75500 296.40201 289.50800 286.92801 287.72900 292.95999 301.13800 308.42499 295.44501 306.53201 301.30099 -9999
-9999 -9999 -9999 317.78699 319.28299 319.69501 316.20401 314.73801 319.19699 322.72900 319.51401 309.20099 -9999 -9999 -9999 -9999 326.62799 327.07700 320.69299 319.56900 317.16400 312.94299 313.40201 314.09900 315.09201 315.29001 314.66101 315.89301 315.17599 321.70001 321.21399 313.28900 310.06699 312.95099 312.11401 315.07501 312.45499 311.97601 311.56400 312.85901 312.35901 310.34000 310.68201 307.54099 302.72400 303.28201 299.32001 297.39099 296.68399 296.56601 301.85001 296.98300 293.76300 297.69101 303.27802 304.92499 304.26001 307.93799 307.06500 297.42801 294.79099 295.19601 305.13000 318.20099 326.17700 307.53000 295.85501 301.82700 296.17401 291.15100
-9999 -9999 -9999 -9999 316.43900 317.48599 315.32599 319.17200 322.79401 314.17300 304.89700 -9999 -9999 -9999 -9999 326.95401 328.52499 322.95499 317.60800 317.42899 313.22501 312.50000 313.26001 318.18799 318.49399 313.10699 311.56601 312.50000 316.83499 317.00299 318.73300 307.62399 306.61899 308.63901 313.06900 314.57599 314.09100 312.59201 313.42899 315.29599 315.68701 312.70801 310.00101 305.15701 301.23001 299.70499 297.93201 296.75299 294.50601 294.42499 294.28299 290.19000 292.58099 293.75299 291.82199 292.24899 293.31299 303.75699 304.85999 297.26901 304.91901 308.83801 310.30200 312.38000 318.57599 308.46600 296.16199 296.38101 300.49399 297.79599
-9999 -9999 -9999 -9999 -9999 -9999 319.57401 317.02600 308.17700 301.44199 306.89700 -9999 -9999 -9999 -9999 -9999 325.14200 322.09399 318.55801 318.27200 317.47800 308.71701 315.20200 320.04599 318.14499 308.78201 306.95499 309.96201 309.16599 308.14700 310.65601 307.61899 304.97400 312.19101 312.06900 314.74701 319.27499 319.96500 315.64999 316.89801 316.78000 323.88501 321.86600 312.38199 309.56699 304.12900 300.28000 300.72800 300.29401 293.60699 292.18301 290.56500 289.28101 287.95901 288.59900 288.21301 291.06000 296.20700 299.90399 301.53601 308.55600 310.28601 312.72800 315.55399 321.00699 313.23901 299.30499 293.42300 295.04800 299.18500
-9999 -9999 -9999 -9999 -9999 -9999 -9999 -9999 -9999 -9999 -9999 -9999 -9999 -9999 -9999 -9999 -9999 -9999 -9999 319.34299 317.96301 311.54501 313.54300 316.41000 315.65201 310.40100 309.70599 305.79700 306.69601 307.14200 308.63699 306.46799 311.12399 311.75500 312.88000 318.84399 316.89099 318.68600 318.84299 321.19601 322.70499 325.31500 320.79099 314.62000 310.62399 307.34500 300.39899 300.65799 299.77499 295.39499 293.67300 288.74301 289.44601 285.11499 286.11200 286.96100 289.52802 291.35901 298.83899 301.60599 313.55701 308.87500 313.08600 318.48300 319.57999 304.87399 291.76700 289.70999 292.13901 301.57101
-9999 -9999 -9999 -9999 -9999 -9999 -9999 -9999 -9999 -9999 -9999 -9999 -9999 -9999 -9999 -9999 -9999 -9999 320.58200 319.15799 315.01199 307.39999 306.45099 309.26801 308.15799 306.54199 303.84900 302.79501 304.10400 311.79001 312.96899 313.01700 315.90500 317.52899 317.61099 314.71600 316.91800 316.94101 322.13501 324.96899 326.73099 322.79999 320.52100 319.53799 315.73801 311.32101 303.26199 300.11401 297.46399 297.29199 294.83600 289.95499 288.46500 286.06100 287.65201 283.91599 286.63199 296.50500 305.30200 302.01401 302.48901 299.31900 307.51001 308.34399 312.90701 300.45700 291.98599 289.31799 290.18301 291.50299
-9999 -9999 -9999 -9999 -9999 -9999 -9999 -9999 -9999 -9999 -9999 -9999 -9999 -9999 -9999 -9999 -9999 320.76700 320.94000 315.51999 313.99600 314.13901 313.17300 314.51901 312.75201 309.92999 308.58301 303.82700 307.95200 315.38599 315.87701 312.44400 315.78101 312.89700 313.50400 317.25400 322.40201 323.22699 322.29300 325.98199 325.03400 322.23901 321.26801 316.44699 312.42300 307.26999 304.45099 302.85001 298.01501 296.55701 293.72900 287.97198 287.88400 286.98199 287.11401 285.50000 289.26901 297.58401 302.95599 298.90100 290.78299 296.35300 315.66699 315.31400 297.62601 295.19901 293.79300 290.43201 289.64401 289.00201
-9999 -9999 -9999 -9999 -9999 -9999 -9999 -9999 -9999 -9999 -9999 -9999 -9999 -9999 -9999 -9999 -9999 322.79199 321.31601 323.62799 320.20300 319.11899 315.17200 309.82901 307.00000 306.80301 306.75800 305.19601 307.31500 308.95401 309.48401 313.53699 311.85999 310.57700 315.10699 316.58099 319.48401 319.52899 325.63101 324.88599 321.71899 319.58600 316.35501 311.85699 308.92499 303.54700 301.03400 303.08401 299.03400 294.21301 291.73001 285.90302 286.23801 283.10800 283.26099 287.67999 297.50101 294.80899 292.12601 294.03299 298.33200 305.96500 308.51801 307.32800 316.24301 307.12799 292.17099 299.66699 287.11099 284.33701
-9999 -9999 -9999 -9999 -9999 -9999 -9999 -9999 -9999 -9999 -9999 -9999 -9999 -9999 -9999 -9999 330.55801 329.98999 328.88699 326.47101 316.94000 314.82101 314.62399 308.75800 306.85800 306.74701 305.26300 302.98901 304.74600 306.54901 306.57300 310.96899 310.45599 308.37100 310.49500 310.77899 315.97198 319.24799 323.99399 319.60101 315.71100 316.91400 314.68701 308.42801 304.89700 302.42801 302.14099 303.65701 300.21201 293.90799 291.62000 287.11301 287.17300 283.93301 283.38101 287.21500 289.02100 288.96100 289.73901 297.70999 296.35501 298.48599 306.98001 315.83099 307.26999 300.05701 295.32001 291.64499 280.15900 280.05899
-9999 -9999 -9999 -9999 -9999 -9999 -9999 -9999 -9999 -9999 -9999 -9999 -9999 324.62201 330.66599 328.96201 331.26099 336.21201 330.19601 319.88400 316.18301 317.85800 314.32199 314.43500 314.41000 310.51401 310.19000 309.46100 309.87900 312.86499 312.63599 302.00201 302.75699 310.16800 312.35001 314.42700 316.40100 314.86600 317.71701 319.51700 316.06799 310.05600 306.67099 306.21799 304.63901 301.64099 300.62000 296.98300 295.84000 290.93399 288.36401 289.55600 289.75699 287.04501 286.18500 283.97800 284.48001 285.67801 286.21500 285.77600 287.49899 289.12201 292.90799 291.22299 285.08200 279.73199 278.75299 276.29901 275.98999 280.38400
-9999 -9999 -9999 -9999 -9999 -9999 -9999 -9999 -9999 -9999 -9999 -9999 323.55701 326.79199 330.24100 327.95999 326.74100 328.80701 326.82199 316.38400 317.03400 315.78900 314.24500 315.14899 313.79901 311.52499 310.92099 309.89200 310.56900 312.27100 311.22501 301.60501 302.04599 309.30899 309.64600 311.20499 313.58701 311.84100 314.56100 313.68301 313.37201 307.78799 305.44501 306.29700 304.30701 300.82001 300.55801 296.25299 296.90601 292.74500 291.60300 291.31000 290.23901 288.36700 286.11600 281.13599 284.20401 287.49100 289.94199 289.21301 287.82101 285.36600 285.74301 285.44901 282.37399 278.39301 277.60501 274.99799 275.87701 286.69601
-9999 -9999 -9999 -9999 -9999 -9999 -9999 -9999 -9999 -9999 -9999 333.21600 330.42899 334.08200 328.40399 322.60800 321.05099 323.05899 322.60599 318.98300 316.85101 314.35999 312.89301 314.04800 313.31100 311.09601 310.61600 310.60501 309.04700 309.62000 310.05301 303.85199 304.12500 311.18201 311.05899 312.01801 315.78500 316.79599 314.64099 310.30801 307.51901 306.76901 304.49100 304.35699 302.67899 300.46899 299.60501 292.95801 293.44400 293.64200 293.04300 298.46201 295.93701 292.31400 290.57401 286.73001 285.95200 287.28900 285.06601 282.91699 283.10101 278.61700 278.63699 279.24600 278.94199 275.34698 275.02100 272.37399 278.25000 288.35400
-9999 -9999 -9999 -9999 -9999 -9999 -9999 -9999 -9999 -9999 335.66599 333.76501 324.82101 330.98801 324.38000 320.39301 319.55899 322.92899 323.10501 318.44601 316.59698 313.86700 312.76199 314.13599 313.36899 310.40701 310.19601 310.58499 310.37701 310.69199 310.91101 304.92700 305.57501 312.34799 313.25201 314.35400 316.25000 316.88901 312.24899 304.54099 302.14301 304.23099 301.96899 302.01599 301.53601 299.53400 298.50101 292.05200 292.52200 293.15100 294.02301 298.67099 297.53000 294.04401 292.86801 289.01199 289.33200 288.48401 283.16800 281.70200 280.79401 277.62299 277.90701 278.72601 278.07001 275.09698 273.37900 272.62900 282.83200 295.90601
-9999 -9999 -9999 -9999 -9999 -9999 -9999 -9999 -9999 322.55399 323.26901 322.65701 324.33099 326.01300 323.48401 326.82001 325.79099 324.40900 322.06000 319.51300 318.48801 319.71799 318.67499 316.46100 315.32501 315.31699 314.31000 311.77200 311.80701 312.18100 312.43201 304.07401 304.64600 318.34601 321.72400 320.08600 320.50400 311.01300 308.45999 308.74301 306.04001 301.95599 299.79401 299.71201 298.83499 298.06201 297.25101 295.01001 294.40100 295.13400 296.53601 295.52899 295.94901 300.28400 301.81500 289.22501 287.29300 282.72299 280.94400 284.48700 283.88000 284.30600 283.82901 277.83301 277.40799 277.09000 277.03101 282.02200 290.99701 297.40701
-9999 -9999 -9999 -9999 -9999 -9999 -9999 -9999 -9999 -9999 320.41101 320.13300 319.78101 321.74301 320.10101 325.28601 325.44299 324.80200 323.75900 321.37601 321.55899 321.38300 320.31100 -9999 -9999 -9999 -9999 -9999 -9999 313.26001 313.85599 304.97400 305.65201 318.68100 322.76999 320.48099 317.87601 308.33899 305.75699 306.66599 304.26599 300.07199 300.67099 298.30399 298.21500 297.09000 297.22299 293.56500 293.54300 294.23700 295.33801 294.03500 298.36499 299.39801 300.89499 288.78500 285.86700 282.33499 280.13800 284.14099 283.96301 284.43799 284.89001 278.69400 284.67401 278.73099 281.92700 287.72601 306.09900 304.13000
-9999 -9999 -9999 -9999 -9999 -9999 -9999 -9999 -9999 -9999 -9999 -9999 322.74100 322.83899 323.00800 325.46500 326.19601 326.09698 325.54901 -9999 -9999 -9999 -9999 -9999 -9999 -9999 -9999 -9999 -9999 -9999 -9999 -9999 -9999 317.30399 320.80701 316.30801 313.75900 310.87000 308.03900 304.54501 300.10800 300.09299 298.56100 299.64499 299.21399 295.61499 295.37000 295.94699 295.50601 293.42599 295.07199 293.51300 296.33801 295.45200 292.28500 287.33701 286.51099 284.82800 282.63699 284.37500 284.07199 283.20300 284.16299 280.32599 278.80801 277.24899 283.18301 288.73801 296.96600 288.71301
-9999 -9999 -9999 -9999 -9999 -9999 -9999 -9999 -9999 -9999 -9999 -9999 -9999 -9999 -9999 -9999 -9999 -9999 -9999 -9999 -9999 -9999 -9999 -9999 -9999 -9999 -9999 -9999 -9999 -9999 -9999 -9999 -9999 -9999 317.45700 314.01700 310.93701 309.45999 306.43100 303.91199 301.19101 299.35699 298.16501 298.39801 298.61301 295.29401 295.10101 295.55600 295.32700 293.86200 295.29599 292.61200 294.16101 292.52399 291.62299 286.48401 287.09799 288.35400 286.12299 286.38101 284.87500 283.62601 281.53699 278.52802 276.41299 278.64200 286.51801 294.50900 302.88400 290.58301
