data/hydroclimate-scenarios/BCSD_hadcm_B1/monthly_summaries/isr_monthly_avg_jul.2030-2059.asc
ncols	311
nrows	91
xllcenter	102.75
yllcenter	31.75
cellsize	0.5
NODATA_value	-9999
[rows 31 to 61 of 91, columns 0 to 69 of 311]
-9999 -9999 -9999 -9999 -9999 -9999 -9999 -9999 -9999 -9999 -9999 267.29401 264.36700 262.21301 258.73199 256.11200 255.29100 252.94400 251.14700 252.43100 251.55099 252.24899 252.89700 253.29800 254.79800 257.35300 259.60800 262.52399 263.51300 264.56799 265.78299 265.03601 264.83200 265.36700 265.52301 261.39801 259.70599 261.88800 263.51700 265.20099 264.48001 265.24399 266.91599 265.78299 265.41800 265.62000 264.96500 262.09201 260.27802 259.39700 259.53601 258.28299 258.89999 259.57101 260.57401 262.16599 263.14001 263.96500 264.52100 265.02301 265.46201 266.69101 267.07700 266.16101 266.01300 263.37000 265.60400 262.77200 268.49399 272.62900
-9999 -9999 -9999 -9999 -9999 -9999 -9999 -9999 -9999 -9999 -9999 266.68500 264.67499 261.14001 259.40201 254.17101 251.79300 249.45900 247.33900 245.10100 245.97600 246.56200 246.39900 251.98599 254.12500 255.13200 258.28500 259.79401 261.81900 262.26001 263.48199 262.45599 262.14999 262.21100 262.00201 258.10400 257.45499 257.49899 258.44601 262.31000 261.97101 261.31100 259.81000 261.88800 262.23199 263.20499 262.95300 263.32901 263.77100 259.79001 259.11899 260.80899 261.03601 262.34299 262.39700 261.46201 261.35400 262.20099 261.70700 264.69400 265.04700 264.98001 264.70999 266.37100 264.76300 260.62201 262.74500 259.57001 263.85101 267.37799
-9999 -9999 -9999 -9999 -9999 -9999 -9999 -9999 -9999 -9999 -9999 266.73300 265.70001 261.95300 260.08099 253.34399 250.36400 247.55099 244.10100 241.91000 241.28700 244.04700 245.26199 251.88300 257.00201 259.78601 261.63400 262.96399 262.24799 260.25101 262.83401 263.01501 263.07199 262.32401 261.30801 258.09900 257.33600 258.49200 259.75800 264.99500 263.35300 263.79099 261.84399 261.83099 263.53299 263.48599 264.56100 264.53000 264.58499 260.95401 261.01801 260.83200 260.75900 261.79800 260.44699 260.10901 260.69800 263.04599 263.10901 264.31699 264.73099 265.35400 263.60800 264.92801 264.44400 262.60199 262.20499 258.31000 261.07001 262.49899
-9999 -9999 -9999 -9999 -9999 -9999 -9999 -9999 -9999 -9999 -9999 -9999 261.65500 258.20099 255.26199 251.38800 248.32201 243.05299 238.21100 236.97400 236.42000 242.56900 249.32201 255.78400 259.60800 267.77200 267.35199 267.01801 261.82199 261.07001 260.73700 263.50601 264.26401 259.49200 259.42200 256.76700 257.42499 256.21301 256.86801 263.78799 263.01700 262.12299 261.97501 260.85300 261.58301 261.54599 260.90799 260.54099 260.81299 260.49100 260.29599 259.54099 259.90201 261.34900 262.45999 265.04001 264.99500 264.69699 265.67200 264.10901 264.22000 262.81601 264.15201 263.93701 263.19400 258.74100 257.90601 254.13699 261.76901 262.47400
-9999 -9999 -9999 -9999 -9999 -9999 -9999 -9999 -9999 -9999 -9999 -9999 261.83099 258.48300 256.10901 251.62700 246.93201 242.48399 238.74001 237.42700 238.60400 254.05800 260.21201 267.05701 274.30701 271.29501 270.28400 270.75500 267.81900 267.10800 266.87900 269.46399 265.53900 259.70001 259.84100 257.68100 257.36401 256.78601 255.97800 262.78799 262.12201 263.42999 261.45901 260.74301 258.10400 258.10901 257.61801 258.75601 259.45099 261.52100 263.01501 260.76001 260.97101 262.01801 261.20099 264.32001 264.24799 263.21799 263.10199 263.04700 264.21100 267.18900 267.76401 267.05399 264.46201 258.19101 259.35199 253.71600 255.85699 253.96800
-9999 -9999 -9999 -9999 -9999 -9999 -9999 -9999 -9999 -9999 -9999 -9999 260.42300 256.24399 253.42700 249.02000 246.26601 245.54500 243.95799 246.35001 249.44000 258.29300 262.62701 269.78601 271.16299 270.47601 267.05600 263.82800 265.73099 263.78601 261.89200 261.56500 262.75000 264.40701 260.86200 256.44299 256.25299 256.30499 255.16901 257.77100 261.05600 261.20999 257.44101 256.04599 253.89799 251.94099 252.93600 258.17300 257.93500 255.42799 256.36899 256.50601 255.39900 257.72101 257.54199 259.75900 259.64301 261.32700 262.66800 264.91199 265.38599 266.86801 265.23099 261.50601 261.56100 258.55499 258.34601 251.80600 255.77200 252.86900
-9999 -9999 -9999 267.31900 266.99500 267.37299 265.81299 267.30801 267.31699 -9999 266.45300 262.62601 259.89401 256.73801 254.66200 251.09100 249.63600 249.55901 250.94099 255.65700 255.33900 259.41400 264.19501 268.41800 270.92001 267.39600 265.83099 269.67801 269.19101 275.16599 267.82800 264.29001 268.36600 273.89499 267.00000 262.61099 262.86099 261.60199 260.04401 260.18900 260.01700 260.53299 256.83200 256.36700 257.46600 258.58899 263.91599 261.07199 261.58099 260.21701 261.76300 262.03699 263.82001 269.03799 267.10901 274.04700 275.53400 266.61899 270.95300 267.89999 265.15500 266.23300 265.78101 264.47198 261.10300 257.03699 259.17300 252.66299 250.81500 250.30901
-9999 -9999 -9999 270.89801 270.10999 269.11200 270.10001 268.76401 267.37601 265.12500 263.27600 261.06201 261.73001 260.25601 260.64999 262.00101 261.71799 260.27399 259.80499 261.06400 260.36099 265.93201 264.67999 263.48801 267.24799 266.01599 269.32700 270.50601 273.10501 280.91400 273.79401 272.43900 271.61600 275.14001 273.02499 272.27100 273.97198 272.68900 265.77399 268.62399 267.02301 261.10400 257.68201 258.29001 260.92001 266.22299 267.24899 258.31201 261.11499 266.25601 267.78101 266.22400 269.44400 270.38000 264.48001 266.87299 264.80600 267.27399 271.36200 269.78799 267.28400 266.26501 266.76901 264.61600 264.04999 254.22701 253.80000 246.81500 246.84599 250.23300
-9999 -9999 -9999 269.75900 270.77301 270.65799 270.61200 269.02600 267.20099 264.24399 263.66501 264.10501 264.99600 268.01801 272.20001 267.70200 269.09900 266.79901 263.94400 264.14401 266.08899 271.78601 270.52701 270.48001 275.41000 272.05801 273.06299 271.94699 272.19299 283.92899 292.97501 283.60901 276.87701 276.06400 278.52399 278.12100 274.97900 271.00800 268.54501 270.21899 268.79700 264.54999 260.64001 256.97800 256.48801 260.74200 261.64301 260.72601 262.89999 271.10001 274.64999 265.33701 266.51099 266.87500 265.54901 267.10999 264.14200 265.27100 268.21201 270.42200 266.99701 265.89401 263.84799 265.89999 261.62000 255.79401 255.22600 252.81599 263.80301 265.64700
-9999 -9999 -9999 269.35800 267.92499 270.22101 268.35999 268.94000 269.10999 267.23401 264.92200 263.08499 271.02399 272.41199 274.35501 271.00201 273.97198 273.29001 270.88501 268.43201 274.15900 277.92999 284.26199 278.50900 276.54999 272.50601 271.33499 275.16800 283.28101 294.39001 285.30801 272.21799 277.77802 285.89200 284.77399 277.90302 270.82001 266.10300 268.23801 266.37201 265.56000 266.98401 268.25601 262.97400 253.91499 258.60999 262.51700 259.25101 265.83401 264.51999 270.17099 265.72800 266.46500 273.03799 268.53400 266.01300 265.19101 270.51300 272.46899 271.02802 275.50699 265.71600 263.55499 263.46701 263.76099 258.19400 259.50000 257.96301 274.86801 278.59299
-9999 -9999 -9999 268.78299 268.28900 271.76801 270.67001 271.37799 272.66101 268.88101 264.66800 268.00699 274.26401 279.05399 283.18799 280.63300 282.47800 276.26099 269.24500 266.45801 274.41199 278.14999 282.29300 273.50201 272.48001 269.79800 267.40100 270.88599 277.66699 285.86600 286.51599 282.37000 283.30399 280.84000 278.38000 279.42499 276.57999 270.96701 268.17499 265.32599 267.94901 266.58401 267.89301 267.60999 261.38901 261.01700 260.81799 260.92999 262.06601 264.66299 265.98901 263.25299 265.94501 275.60599 267.67899 271.18799 266.25201 268.28601 271.26199 277.01401 275.05600 270.69299 268.44101 277.75900 278.48001 262.62100 267.09000 274.09399 280.17001 259.20001
-9999 -9999 -9999 -9999 270.34299 272.52399 270.02200 275.66299 277.12399 273.18301 267.74200 270.54300 285.74100 275.76199 -9999 -9999 -9999 -9999 -9999 280.85400 281.94800 278.38199 280.84500 288.47400 283.23099 277.00699 269.69601 273.83301 277.03000 277.19901 278.98300 280.69601 280.28699 281.39401 275.94299 270.56299 271.37701 268.64099 268.10800 266.16901 264.69199 264.08499 265.57901 269.55499 267.14001 263.49701 264.33200 271.66501 268.71100 267.22000 268.66699 270.73499 269.48599 276.71799 278.34000 282.08200 283.85800 283.25201 281.12701 276.47198 280.98401 284.80701 283.56799 278.64600 277.64301 281.49399 275.14200 262.39600 253.12199 -9999
-9999 -9999 269.91901 269.86200 270.76801 270.36700 271.86099 278.40799 275.85599 273.35101 269.94699 273.28400 285.47900 -9999 -9999 -9999 -9999 -9999 301.15302 282.98599 282.03699 275.95499 276.30600 281.21201 281.70099 279.29501 270.99399 270.74701 271.92200 273.28799 275.03500 275.71301 275.11401 279.03699 276.96201 269.97800 271.22900 269.61801 269.09201 268.09799 267.44299 265.64801 265.79599 267.59000 263.97601 261.16599 261.97299 264.06201 260.90601 258.40900 260.55701 261.62299 263.61200 264.45700 270.26099 268.70700 271.51700 278.81900 279.74100 270.96899 271.64700 272.37799 270.82001 271.13000 267.31601 264.67801 259.27301 -9999 -9999 -9999
-9999 -9999 268.49301 270.04700 269.58301 270.09000 270.05499 273.96500 272.27899 271.39200 273.34100 275.95801 276.35999 -9999 -9999 -9999 -9999 278.11200 293.55899 277.60001 278.47501 278.96301 278.19299 275.86401 271.53101 266.89899 267.42401 270.93100 269.99100 270.94800 273.99701 275.78699 272.51401 270.81201 271.26199 269.82001 268.68301 267.32599 270.24100 271.58401 268.51501 271.02100 269.89700 270.82199 269.80499 266.00500 261.58801 265.15302 258.42099 257.77100 256.86401 256.94901 257.33801 259.95499 260.77301 257.71399 261.87900 272.93900 275.90302 269.84900 268.50601 272.21701 265.83499 256.99399 251.67900 -9999 -9999 -9999 -9999 -9999
-9999 -9999 265.76801 270.56601 271.04099 271.25101 270.76001 272.08200 271.92300 273.13501 276.85400 278.43500 266.36899 -9999 -9999 -9999 -9999 287.66000 287.46799 278.67801 278.86099 276.70901 273.60901 270.81500 270.66699 268.60599 270.97000 270.19299 270.93799 272.23499 274.90302 273.74701 274.29700 274.81100 271.68201 272.81601 272.22299 271.62500 273.44901 268.76300 267.30200 266.72900 266.53201 271.22000 267.84698 268.92499 266.44699 268.07599 263.89600 260.50601 254.91600 256.67801 257.53101 259.68301 260.78601 254.64101 255.24699 264.47299 263.94000 261.87601 255.60201 254.87500 253.51199 256.46600 262.75299 267.92300 254.03200 259.10501 252.54601 -9999
-9999 -9999 -9999 269.84601 272.66699 273.53299 271.54700 271.65500 273.87000 276.30200 273.19601 266.97101 -9999 -9999 -9999 -9999 285.24399 286.02499 281.04999 280.15302 279.80200 274.31201 274.41501 273.49100 272.83600 272.75000 272.02301 271.09500 269.60599 276.14001 276.21799 275.51801 272.65500 272.87900 271.01001 269.52301 267.43201 266.25000 265.42700 264.18201 264.32001 264.15601 264.96201 266.65500 262.09799 263.81400 261.28101 256.67401 257.60501 257.54300 260.66699 258.92801 256.64200 261.98099 265.16800 266.82800 266.23300 271.97900 271.09100 258.91101 257.43600 258.67999 266.08499 290.85901 311.98001 272.21100 261.48499 259.26999 253.85899 250.95100
-9999 -9999 -9999 -9999 269.43799 271.06000 271.09100 274.12601 276.18900 270.40302 266.14899 -9999 -9999 -9999 -9999 282.34399 285.32700 279.51599 277.61499 277.23999 275.89099 273.32599 274.44800 275.05600 275.03299 271.67599 270.77701 267.45599 269.84900 271.25299 272.22601 270.87201 269.25201 268.51901 270.69199 269.18900 267.70001 265.68399 265.95599 265.12201 265.81500 264.78299 263.37500 263.70999 260.47699 262.60101 259.84500 256.24200 254.76900 255.05299 253.07899 253.05701 254.88200 257.66101 256.64301 257.07800 257.23700 267.48401 268.35999 259.86099 264.82401 270.20700 271.78699 275.30200 285.22501 273.92499 262.64499 255.84000 260.04700 259.27200
-9999 -9999 -9999 -9999 -9999 -9999 269.34698 269.31900 266.11200 265.96399 267.91501 -9999 -9999 -9999 -9999 -9999 276.64401 271.92599 271.48700 273.00800 273.63901 266.96301 273.00000 272.53101 271.09799 270.87100 269.25400 268.61899 267.10300 266.47101 267.76300 269.48001 268.23300 271.44199 270.07700 265.36899 267.54999 269.32800 265.85400 265.76001 265.55499 270.87201 268.49301 267.89600 266.39899 261.56699 257.47000 255.72800 254.25600 253.56300 252.00000 253.04300 251.94400 254.02200 254.16400 254.58400 255.85400 260.95901 263.45200 262.14099 267.23901 272.76801 275.56601 280.85999 290.73300 279.78101 266.34698 258.41000 260.09201 265.63000
-9999 -9999 -9999 -9999 -9999 -9999 -9999 -9999 -9999 -9999 -9999 -9999 -9999 -9999 -9999 -9999 -9999 -9999 -9999 272.70001 272.55301 268.16501 270.52499 268.97198 267.82999 271.05301 269.45599 265.16400 264.13901 264.96399 264.90100 267.51401 271.28799 270.44000 270.34299 267.36801 266.12201 268.13599 268.50201 268.54401 269.72699 271.42599 268.24899 269.52899 266.10501 262.51599 257.02301 255.29100 253.30200 253.26601 251.84801 250.60100 250.99100 250.16701 251.41901 253.89999 255.60699 258.47601 263.03900 263.16599 272.28799 272.13800 274.92099 284.08701 287.42899 270.84698 261.54300 257.54099 258.64700 268.50201
-9999 -9999 -9999 -9999 -9999 -9999 -9999 -9999 -9999 -9999 -9999 -9999 -9999 -9999 -9999 -9999 -9999 -9999 274.68600 257.55600 255.48700 250.69200 250.14799 270.45801 269.49100 272.53601 268.87399 267.08899 268.63699 270.98499 269.24100 268.06500 269.18600 266.92899 266.52200 265.45801 266.46399 265.79800 269.34900 269.85699 270.63300 267.50900 265.95901 270.05399 266.79401 265.11099 259.68799 254.92599 250.23801 250.28999 248.10800 249.45599 248.38800 250.18401 251.32899 248.85500 251.87801 260.12701 266.34601 262.77399 263.54599 261.91800 267.63199 274.57901 277.99799 269.50000 263.14301 260.05099 260.87900 259.99701
-9999 -9999 -9999 -9999 -9999 -9999 -9999 -9999 -9999 -9999 -9999 -9999 -9999 -9999 -9999 -9999 -9999 274.61301 275.47400 254.53300 254.68700 251.62801 250.16400 269.86899 267.94000 269.80701 267.92200 266.95001 271.29599 272.91599 272.24100 267.32700 269.16199 262.89999 262.48700 267.03500 270.18799 269.33499 268.82199 269.59601 268.34900 267.19000 265.49899 267.24301 264.38800 263.48099 258.71701 257.09799 250.60500 249.67500 247.12900 247.04700 247.55099 249.82500 250.74200 249.07001 253.30299 261.36801 265.38300 260.72900 254.21001 260.17899 274.05200 279.29999 267.17001 265.38901 264.59000 260.50601 259.14499 260.54099
-9999 -9999 -9999 -9999 -9999 -9999 -9999 -9999 -9999 -9999 -9999 -9999 -9999 -9999 -9999 -9999 -9999 274.87100 274.56500 258.75201 256.70499 258.15500 255.10899 267.90799 262.91699 267.42899 267.30499 268.24600 269.20200 273.41501 273.58499 269.62399 268.15500 261.77399 265.15701 269.62799 271.48801 269.74399 273.27399 269.00101 267.17899 264.92300 262.69699 262.18500 259.57700 256.15500 254.19600 259.50000 255.45300 248.33900 245.42101 244.52699 244.85400 247.38000 246.90700 248.43600 257.08600 259.83099 258.50101 255.23300 259.64401 265.69601 267.92300 271.59299 279.51901 272.90302 262.46399 267.39200 257.92099 253.78999
-9999 -9999 -9999 -9999 -9999 -9999 -9999 -9999 -9999 -9999 -9999 -9999 -9999 -9999 -9999 -9999 281.32001 280.50000 280.55701 261.45700 255.11900 253.85100 253.89799 265.56699 260.38400 266.38400 264.79999 263.07199 265.90701 269.59601 270.33801 266.29700 266.55899 259.39499 261.18900 265.89200 268.95901 269.64700 272.90900 265.94601 263.17999 263.39499 261.12500 258.96799 255.42000 254.29100 252.34000 260.14899 256.24600 248.91600 244.90800 245.17799 247.28799 246.62100 246.69901 247.85699 250.05901 255.25600 256.33600 258.30301 258.18500 262.08301 266.23001 279.28201 271.81699 267.79401 263.34399 260.68500 252.01900 250.09200
-9999 -9999 -9999 -9999 -9999 -9999 -9999 -9999 -9999 -9999 -9999 -9999 -9999 275.95599 278.88599 279.91699 280.51099 280.46899 275.61899 272.16599 268.13901 272.60901 268.40701 266.14001 265.21301 265.25800 264.70099 262.61301 263.40799 265.24799 265.84399 268.26300 268.22900 265.06201 266.59698 269.34100 270.31100 267.90799 270.36099 269.25699 266.48001 263.99200 259.84000 255.84200 253.62601 254.98801 254.49400 258.22699 258.49500 257.32101 255.47701 250.16600 250.13800 245.00000 243.53999 248.44701 250.70900 254.98500 255.16499 256.22400 258.49200 258.48300 261.05701 259.20200 254.16299 249.61099 248.24800 247.07201 247.23900 250.55099
-9999 -9999 -9999 -9999 -9999 -9999 -9999 -9999 -9999 -9999 -9999 -9999 276.82001 278.45401 279.64600 280.17999 278.37299 274.26599 273.68500 268.28201 269.20901 269.35199 267.04800 266.26700 264.73001 266.08499 265.67300 263.80399 263.72900 265.01001 263.91599 267.04999 266.60101 264.16699 263.55600 265.75101 267.64899 265.67599 267.12900 263.83401 263.19199 260.09799 257.05200 253.98900 251.35400 252.53700 252.14000 257.12900 259.03900 259.31201 257.45300 252.68201 251.32899 246.97301 243.81900 244.94400 250.15100 257.09900 260.56000 259.90201 258.44400 255.18401 254.32700 253.87000 248.77499 246.20599 245.10201 244.78700 245.07600 253.08600
-9999 -9999 -9999 -9999 -9999 -9999 -9999 -9999 -9999 -9999 -9999 282.04401 281.92999 283.99301 280.98401 276.52802 275.47299 277.66800 277.78101 279.19601 276.53299 273.08600 270.41000 270.96799 271.15201 266.60001 268.08401 264.39499 261.66199 259.04401 260.97198 266.39499 266.92300 266.23499 265.31900 266.62500 269.12000 269.38599 266.15302 264.16299 260.67700 259.81400 254.32600 253.57700 252.14000 252.43600 252.11501 254.65199 255.68100 256.73801 257.47900 258.05099 255.25900 254.71100 252.17000 251.53500 250.39500 254.22301 251.68300 250.02200 250.24600 246.45799 245.34900 244.77000 243.95900 240.82899 242.69400 241.28500 247.13600 253.76801
-9999 -9999 -9999 -9999 -9999 -9999 -9999 -9999 -9999 -9999 287.15799 282.84601 278.63199 283.56100 278.82001 275.04800 274.29599 277.60901 277.57199 278.87399 275.22000 271.91199 270.82401 270.31900 270.31100 267.64099 266.80600 263.80301 262.65601 261.94800 261.24799 266.56601 267.91101 267.22900 267.51300 267.61600 269.85199 268.89999 263.70801 259.85001 256.54001 252.56799 247.87500 249.07201 248.95599 250.34300 249.14500 252.00700 252.89500 254.34801 255.98900 257.82501 256.84201 257.80099 254.04601 254.87300 256.40601 255.96001 248.34000 247.29800 247.34700 245.25101 245.68500 244.55099 243.82100 241.25200 240.87100 242.32500 250.21100 258.33701
-9999 -9999 -9999 -9999 -9999 -9999 -9999 -9999 -9999 274.16699 274.16901 274.23300 275.05899 276.11401 274.10699 281.17200 281.39600 282.12100 278.75800 276.08701 274.79501 275.89001 275.45200 272.79501 271.53299 266.84601 266.03900 251.33200 251.98599 250.47000 249.51100 262.73801 263.79800 265.45599 266.97400 270.88599 270.56400 266.90799 264.12000 260.73001 255.53700 250.13901 247.00600 245.28900 244.37199 245.42700 244.12500 248.20599 248.59700 250.10100 252.96201 254.63901 256.98801 264.52399 266.16699 254.12199 252.02100 249.78999 248.41901 245.67700 245.58299 246.47200 246.42700 243.73399 243.94200 241.35500 242.27000 247.05200 250.79500 255.73599
-9999 -9999 -9999 -9999 -9999 -9999 -9999 -9999 -9999 -9999 273.07401 274.67200 274.74100 274.65201 271.00000 280.35001 280.49799 281.84201 281.32501 280.07901 278.76300 277.85501 277.29901 -9999 -9999 -9999 -9999 -9999 -9999 250.93600 251.40800 263.14700 264.99399 266.34500 268.03201 271.39899 269.46100 264.84299 259.37299 257.31799 252.63800 247.39900 243.81599 243.13300 242.19600 244.95900 244.51500 245.35001 246.12000 245.98599 249.89200 251.00900 257.13400 263.45599 264.47000 253.37300 248.72099 248.97900 247.09801 245.69800 245.06700 246.72200 246.84801 245.44400 252.18500 245.41000 248.07201 250.71300 261.94601 261.40201
-9999 -9999 -9999 -9999 -9999 -9999 -9999 -9999 -9999 -9999 -9999 -9999 277.27899 282.48099 283.14499 281.95099 282.47900 285.57700 284.85300 -9999 -9999 -9999 -9999 -9999 -9999 -9999 -9999 -9999 -9999 -9999 -9999 -9999 -9999 260.92999 264.62500 267.56699 263.68301 261.91299 254.43800 253.12601 248.99699 245.81700 244.29300 243.96600 244.57001 242.27699 242.63100 240.24200 241.22000 241.19400 245.08501 254.91800 257.89001 258.12701 255.26900 251.57500 250.09000 248.93201 246.97200 242.96201 242.81500 244.93300 246.29500 243.69800 243.37900 240.95799 246.07001 250.20500 253.83400 246.22501
-9999 -9999 -9999 -9999 -9999 -9999 -9999 -9999 -9999 -9999 -9999 -9999 -9999 -9999 -9999 -9999 -9999 -9999 -9999 -9999 -9999 -9999 -9999 -9999 -9999 -9999 -9999 -9999 -9999 -9999 -9999 -9999 -9999 -9999 261.46701 266.39099 258.61499 260.24600 252.78300 250.85600 248.10899 247.60100 244.10899 243.51900 242.82800 243.26601 242.16600 239.68100 240.42101 241.72800 243.94200 251.43300 255.09500 253.54601 253.90100 249.74699 250.68201 254.13000 251.88100 246.33400 244.37000 246.00301 243.98500 240.76100 241.57100 242.97800 248.14200 253.29601 257.80099 248.30901
