data/hydroclimate-scenarios/BCSD_hadcm_B1/monthly_summaries/isr_monthly_avg_oct.2070-2099.asc
ncols	311
nrows	91
xllcenter	102.75
yllcenter	31.75
cellsize	0.5
NODATA_value	-9999
[rows 31 to 61 of 91, columns 0 to 70 of 311]
-9999 -9999 -9999 -9999 -9999 -9999 -9999 -9999 -9999 -9999 -9999 56.00760 56.06260 55.38730 54.69630 56.30750 56.64400 56.98290 56.51620 56.26540 56.24130 57.30270 56.35240 55.17930 55.08280 55.62420 55.90480 55.60630 55.41100 54.65040 54.68950 56.03210 55.98600 54.61250 54.91680 54.14570 53.56950 54.43560 55.60780 56.81030 56.56820 56.16540 56.59580 55.43700 55.11190 54.23000 54.25850 54.83190 54.88980 56.78210 57.35840 55.59940 56.20480 56.55670 57.21100 57.44930 58.04660 58.24230 58.43700 58.73370 58.45310 58.38740 58.44200 57.76560 57.49940 57.80810 58.97150 61.47490 64.82540 67.24360 67.39570
-9999 -9999 -9999 -9999 -9999 -9999 -9999 -9999 -9999 -9999 -9999 59.53990 59.42730 58.71730 58.97000 59.23030 59.23210 58.40000 58.18140 59.01730 59.10650 57.09450 55.81580 56.32680 56.24670 57.15640 57.01710 57.79890 57.57540 57.21370 57.74260 58.84620 58.46040 57.31460 57.78750 55.87120 55.74840 55.85710 56.60150 57.35070 57.29950 56.06360 55.77080 55.95340 56.08730 55.91970 56.30240 58.08010 58.74280 59.81580 59.84230 60.04740 60.21180 61.44090 60.62490 61.61140 61.74660 60.06880 59.91100 60.47150 60.35180 58.98980 58.15090 57.96660 57.52190 57.33970 59.23040 62.49740 65.49830 67.78350 66.89050
-9999 -9999 -9999 -9999 -9999 -9999 -9999 -9999 -9999 -9999 -9999 61.26960 62.15920 60.68310 61.12050 60.98330 60.54360 59.62710 58.96840 59.70710 59.64830 58.01770 57.46520 58.05270 59.18360 60.23400 61.17990 61.42130 60.16320 59.20660 60.00790 61.58030 61.47020 59.63430 59.58190 57.67150 58.10860 58.70510 58.99670 61.75910 59.96660 60.45910 59.14560 58.97740 60.33220 60.19490 60.78100 61.78690 62.28340 62.85910 63.46910 62.32520 62.11840 61.62930 61.37840 62.58130 63.07960 61.95370 62.20270 61.71070 61.56450 60.20230 58.95310 58.75450 58.87820 60.29800 60.62150 63.74170 65.52970 67.67670 66.57190
-9999 -9999 -9999 -9999 -9999 -9999 -9999 -9999 -9999 -9999 -9999 -9999 63.23780 63.01040 62.67730 62.43610 62.09090 61.50530 60.54150 59.21090 58.91740 58.94790 60.16040 63.08510 63.97160 67.91420 67.39050 67.76210 64.53530 64.45760 63.87040 62.16400 62.32510 61.57550 61.53540 61.87110 61.68090 61.38410 62.36090 63.43650 63.45850 61.99540 61.74380 59.86140 60.16320 59.92090 60.22570 59.65370 59.93380 61.38230 61.52750 63.41880 64.18660 63.36120 63.86320 64.79930 64.35530 63.76070 64.35980 63.47360 63.41380 62.47820 62.89600 63.29560 62.69760 61.97350 62.08060 63.68410 68.36290 69.17730 65.72700
-9999 -9999 -9999 -9999 -9999 -9999 -9999 -9999 -9999 -9999 -9999 -9999 65.71140 64.48460 64.18850 64.42800 62.73440 62.06730 62.01690 60.53570 60.75610 65.26350 66.62280 69.54040 72.02360 70.72420 70.47950 72.59580 69.08460 70.82720 70.78540 69.11690 65.72340 64.11160 64.49100 64.55710 65.06460 63.61590 63.73740 64.93840 65.02820 65.01540 64.26640 62.60090 61.60110 61.54440 61.48300 60.95330 61.81140 64.57270 65.34540 65.77670 65.94530 66.05350 65.32470 65.83990 65.47740 64.30380 64.28190 65.74150 65.70390 66.69530 66.94320 67.60560 66.59950 64.21090 64.71090 64.86610 67.23500 68.00190 69.03530
-9999 -9999 -9999 -9999 -9999 -9999 -9999 -9999 -9999 -9999 -9999 -9999 67.40990 66.50880 66.26260 65.77680 65.52020 65.07760 65.76280 66.78830 67.48570 71.47530 71.90200 73.25170 73.41340 74.95380 74.08200 71.48360 73.00180 71.61090 70.78290 68.22660 69.05340 70.17080 67.86510 66.34640 66.39700 67.45070 67.02960 67.10500 68.87200 69.86640 67.62390 64.88340 64.33270 64.13780 64.88800 64.78080 64.67280 65.34720 65.80690 67.06640 66.92800 69.26590 68.89520 68.82540 68.52000 68.82570 69.87030 68.42150 68.71390 71.61020 70.25290 68.09310 68.76690 68.63290 68.49020 67.53190 70.87680 69.51360 68.83250
-9999 -9999 -9999 70.66560 71.08250 70.59390 69.42710 69.27000 69.95100 -9999 70.55540 69.76480 68.21020 68.14250 67.19620 68.02770 67.89570 67.80420 69.97100 71.20370 70.67750 71.24910 72.46320 73.50850 74.52910 74.74120 74.19570 77.38060 77.32920 81.23570 77.14470 72.76870 75.43090 80.18760 75.02510 73.30290 74.26640 74.32290 72.79120 70.80490 70.84520 71.31800 70.13820 67.80170 68.96530 70.46350 72.50800 68.55350 68.37320 70.11230 70.70930 72.40830 73.18330 77.45100 76.03190 79.81640 80.26110 74.54030 76.78840 72.39740 70.93210 72.93400 72.64950 72.23660 70.95550 69.70100 70.41860 70.69800 70.47070 70.75020 71.15920
-9999 -9999 -9999 70.61810 70.74150 71.64030 72.10320 71.87260 71.75670 72.29670 70.66230 69.12020 70.33200 70.37800 71.51510 72.54190 73.96340 73.19950 74.92300 74.57540 73.47630 75.62260 72.96200 72.08180 76.09020 75.50190 77.91060 79.49420 82.68590 87.06500 82.96290 83.50170 83.42930 85.82020 83.25290 82.30770 81.79630 83.66430 79.03490 80.33760 79.75320 75.94040 73.76160 74.32220 75.78200 77.22620 77.54350 75.57700 76.57400 78.21480 78.88220 78.96950 80.46750 82.98800 79.78370 80.66230 78.79080 79.93920 81.27550 80.69680 79.15490 77.07510 76.88150 76.33850 76.14790 71.79500 72.02870 70.84170 71.01100 72.14890 73.84580
-9999 -9999 -9999 71.72500 72.47880 74.33790 74.75290 73.75020 71.96520 72.94140 72.93370 71.71840 73.73130 76.29600 80.06330 77.59580 79.25330 79.01870 76.46710 76.90420 77.99770 80.36960 78.65730 80.88520 84.20500 81.73530 82.68950 83.57680 85.26720 90.91810 94.54130 93.52290 89.07180 89.42230 90.17700 88.56060 86.47380 85.41930 83.80920 83.41360 83.30930 80.53730 78.34900 76.02570 75.37640 76.76970 76.85010 79.53830 80.29310 82.51390 84.00230 80.19070 81.85380 83.65430 82.45850 82.48910 80.89520 81.04630 82.78690 83.41390 81.39550 78.05590 77.14700 79.07520 77.12010 75.17590 74.78920 75.88200 79.24320 78.91470 79.82570
-9999 -9999 -9999 74.05520 73.24790 75.29180 74.51450 75.09560 74.78820 75.93170 74.69370 74.64730 80.47620 82.73670 84.22500 82.94820 84.34280 86.50360 85.40130 83.92230 86.96300 90.29390 92.50890 90.83060 89.54610 87.63810 87.43490 88.94960 95.35230 99.78550 97.13220 88.42930 92.06080 97.93010 96.99760 92.76810 88.92880 85.09230 87.06710 85.61030 86.08360 87.25260 88.02500 84.91620 79.28810 82.91260 84.49710 83.75220 86.33940 86.27320 88.80260 86.02850 86.35750 88.00620 86.45510 86.49170 86.13670 86.61250 87.12090 87.00860 88.46320 84.60430 83.11020 81.11350 81.02450 80.00280 80.12700 81.05130 83.23120 84.00430 76.62440
-9999 -9999 -9999 75.88280 75.18630 78.61830 77.90400 77.64850 79.28280 78.55820 75.40430 79.43070 84.21020 87.86370 90.25770 88.82260 90.37520 90.15870 85.22290 83.74740 88.23310 92.84610 95.08490 89.91520 89.16790 88.53540 86.62560 89.47020 95.24370 99.97510 101.41200 97.63200 99.02330 98.64560 96.98390 95.69960 94.55680 91.63460 89.43620 88.33520 90.03980 90.35140 90.53220 89.66590 86.53770 86.00180 85.97090 86.82320 87.36630 88.93220 89.49670 86.83000 88.36540 91.99470 88.06540 91.32700 88.68550 87.45440 88.54980 91.48260 90.27840 88.22270 87.19550 88.26380 87.54990 84.11940 84.40350 85.34840 86.09160 80.23190 72.69210
-9999 -9999 -9999 -9999 80.98450 81.86540 80.84190 83.61190 83.78180 81.75860 78.83480 81.60680 92.26050 86.52400 -9999 -9999 -9999 -9999 -9999 97.81460 98.70640 98.85050 100.06600 101.84600 100.80100 96.49300 91.19850 94.61800 97.82380 97.09820 98.95350 100.59300 101.22000 98.35580 95.22180 92.82720 93.76270 91.67580 91.75050 91.10300 89.74360 90.20460 91.11330 93.36590 91.52300 90.38870 90.46020 91.18170 89.39220 89.39270 90.25910 89.62250 88.76280 93.88970 94.47440 96.88290 96.66330 96.11010 95.47350 93.34850 94.47220 94.72080 93.20470 92.05130 91.74020 88.18150 85.71350 84.00200 81.05550 -9999 -9999
-9999 -9999 83.00400 82.49730 83.82670 82.52050 83.23430 87.35940 85.21490 84.06660 81.69550 84.81780 94.92390 -9999 -9999 -9999 -9999 -9999 103.14400 101.77600 101.81900 100.05000 99.99430 102.48100 102.22500 99.96460 94.84960 95.28090 96.30920 96.07180 98.06220 98.91260 98.78960 99.43100 97.92020 94.63840 95.62200 95.04680 94.74550 93.47910 94.41920 93.10350 93.35910 92.80220 90.70820 91.05850 91.82080 89.10100 87.24030 85.47900 86.64540 87.10470 88.84200 88.32900 92.64810 89.89270 92.54260 95.85210 95.35640 91.12220 91.65460 92.34390 91.41290 92.82650 88.03590 86.10070 85.01940 -9999 -9999 -9999 -9999
-9999 -9999 86.49980 86.47430 86.00230 85.88460 85.38090 87.51110 85.96160 86.17950 87.36620 89.64070 89.52910 -9999 -9999 -9999 -9999 97.83740 107.91500 103.70000 104.47800 104.68500 104.23500 102.18600 98.70870 93.74580 94.12870 95.04580 96.13740 96.70990 99.76440 102.38100 99.74900 100.20200 101.53000 98.89870 97.59430 98.35930 100.86600 101.45300 100.55900 98.80850 98.14840 97.84810 97.85940 94.87720 92.11610 91.90320 88.43290 87.80730 87.21950 88.38740 88.67150 88.43540 89.54930 86.33960 87.48500 93.52710 94.72450 91.42010 90.74180 93.81080 90.42580 85.03150 82.51990 -9999 -9999 -9999 -9999 -9999 78.28710
-9999 -9999 87.55340 89.96130 89.92000 89.39490 88.61830 87.69110 88.08770 89.41470 92.11120 93.95990 83.95110 -9999 -9999 -9999 -9999 108.07900 107.96200 106.20500 107.18700 104.87000 102.41900 98.72170 99.09620 97.10940 98.75240 98.55530 97.82520 100.08300 103.15400 102.39100 103.18200 105.85300 103.29900 103.20200 103.54500 103.92700 104.84500 103.31700 102.70400 97.99370 97.58840 100.78700 98.40910 98.75290 98.00610 96.22390 93.09930 91.70030 88.60540 91.19300 90.99940 91.34670 91.85040 87.96050 87.97630 90.14690 89.36530 90.06280 85.51710 85.12710 84.80010 87.05340 90.18360 90.07400 84.74470 87.11470 83.60890 -9999 -9999
-9999 -9999 -9999 90.21660 92.12820 90.52750 88.97480 88.46710 90.35170 92.23830 89.52090 84.42520 -9999 -9999 -9999 -9999 102.81400 106.52200 102.44300 105.16600 104.65400 101.55000 101.61400 100.19600 100.57500 101.34900 101.32500 101.48900 101.23100 104.21100 104.14100 105.58000 103.48600 104.39800 104.25400 103.84400 103.00200 103.45200 103.33000 101.74200 102.13300 100.57000 101.84900 99.24030 96.51340 97.58170 95.68700 93.75050 93.67160 93.34020 95.27420 93.67320 92.28620 93.90230 96.23460 95.92070 94.22000 97.43600 95.75330 91.04440 89.21120 89.41040 93.17490 102.31900 108.14600 95.01440 88.60560 88.62330 85.50190 82.10590 -9999
-9999 -9999 -9999 -9999 92.21690 91.86940 91.18780 93.47960 94.93500 89.91430 88.37600 -9999 -9999 -9999 -9999 101.82900 104.50300 103.48800 102.35400 104.30300 102.76400 101.53700 103.03100 104.81200 104.75900 102.55600 102.04300 100.86400 103.66400 102.91500 103.62000 101.82000 103.40800 103.71800 106.19300 105.93000 105.53300 105.74700 106.23600 104.54000 105.47300 104.56800 103.25300 100.08700 97.98750 98.69910 97.61710 96.31290 95.06250 94.77320 94.29900 93.58390 94.61090 94.90890 93.66760 92.94940 92.56390 97.19760 96.97430 93.16290 96.33460 99.33340 99.95950 100.78200 103.12300 97.51910 91.00100 88.56230 90.05960 86.74510 85.27300
-9999 -9999 -9999 -9999 -9999 -9999 95.20540 93.82130 92.28680 92.53760 93.33300 -9999 -9999 -9999 -9999 -9999 103.01100 102.70800 102.00400 103.81100 104.54200 100.20100 105.82800 105.87300 105.15600 102.27200 101.46200 102.00500 101.62000 102.35700 103.79400 105.02300 103.98000 108.40200 108.21800 104.22600 106.04700 109.53500 107.49200 109.86800 109.94100 111.81700 110.69800 103.17100 101.56800 100.34900 98.95330 99.46380 98.90120 97.49740 96.20160 95.39120 94.32590 94.00030 93.88690 95.39370 95.40230 95.70210 96.80550 97.82480 100.40200 103.91100 104.67000 105.19300 108.71900 102.75300 93.93860 90.12880 89.97290 90.29010 90.00620
-9999 -9999 -9999 -9999 -9999 -9999 -9999 -9999 -9999 -9999 -9999 -9999 -9999 -9999 -9999 -9999 -9999 -9999 -9999 106.38300 106.15300 103.67300 105.80000 104.62100 104.91400 105.11800 104.84900 101.32100 101.58700 102.88200 104.01500 106.43200 108.44800 109.94400 109.92600 107.85400 107.13100 111.19200 111.75000 115.07800 116.38400 114.92400 111.96700 105.53700 104.30600 103.15100 100.79500 101.07100 100.51800 99.36200 98.91560 96.41040 96.48210 95.28690 95.47240 97.28650 97.70160 96.62560 98.92730 100.62200 107.00100 104.70700 106.55400 108.85400 109.22500 100.14300 93.10740 91.53210 91.63880 93.39130 93.79730
-9999 -9999 -9999 -9999 -9999 -9999 -9999 -9999 -9999 -9999 -9999 -9999 -9999 -9999 -9999 -9999 -9999 -9999 109.11200 110.18500 109.04700 108.89900 108.37300 107.30100 106.49400 108.29400 106.82000 106.20700 107.37500 110.56700 110.83100 111.08800 112.61500 111.13700 111.41700 111.61500 113.51600 115.03300 118.52500 119.55300 120.11900 117.37800 116.50800 115.03700 112.62200 109.18600 104.81600 102.74900 101.03600 100.65700 99.61560 100.27000 99.98510 100.11800 100.58200 99.44430 99.83090 102.11700 106.09500 102.51800 102.03600 102.32300 104.91300 108.05400 109.77700 100.62700 94.96200 92.91290 92.71710 92.26650 92.99720
-9999 -9999 -9999 -9999 -9999 -9999 -9999 -9999 -9999 -9999 -9999 -9999 -9999 -9999 -9999 -9999 -9999 111.53800 111.55300 110.81200 111.60600 111.77100 111.33900 109.30700 107.79800 109.77300 108.58400 109.10400 112.60700 115.29500 115.02700 112.49400 114.06000 110.80300 110.77400 115.94000 119.06800 120.69600 120.75200 121.80400 121.63800 119.63300 118.78000 115.71800 114.42400 109.08100 107.25100 106.39000 103.40900 102.20200 100.95600 101.48500 102.41800 102.75500 102.61600 101.67200 103.46600 105.34000 106.97700 104.08800 98.56050 103.10600 111.31600 114.30500 101.28800 98.91220 98.01990 95.41760 94.98050 94.24810 97.52080
-9999 -9999 -9999 -9999 -9999 -9999 -9999 -9999 -9999 -9999 -9999 -9999 -9999 -9999 -9999 -9999 -9999 117.13500 117.03000 117.77800 115.71700 114.88200 113.45600 110.93200 108.22400 109.27900 109.13400 110.82800 111.86700 115.44100 115.64200 113.80800 113.42600 111.80300 115.02600 118.86200 121.22000 120.46100 123.37700 123.49900 121.22800 120.86400 118.93600 115.29600 114.06200 110.54300 109.35500 110.03000 107.25100 103.89800 102.98200 103.81400 104.73000 104.52200 104.27900 106.22100 110.10400 108.81000 106.96600 103.70800 104.69700 109.03900 109.13900 109.14400 113.52300 107.56800 100.07800 101.31100 97.11640 96.58780 95.93340
-9999 -9999 -9999 -9999 -9999 -9999 -9999 -9999 -9999 -9999 -9999 -9999 -9999 -9999 -9999 -9999 124.48000 124.35600 124.58000 122.34800 117.48100 114.92100 115.20100 112.63700 109.69900 111.05900 110.24700 110.83200 112.49400 115.69800 116.15700 114.39900 114.51000 112.27200 113.69300 117.77500 120.27600 122.68800 125.20700 121.87900 120.23600 121.82800 120.02500 116.28300 114.36300 111.84800 111.08400 112.27900 110.06000 106.38900 105.32200 106.28000 106.92500 106.75900 106.80700 107.79300 108.96600 108.76500 108.21100 107.53900 106.25700 107.52300 109.38400 116.20100 109.10800 105.63400 102.82700 100.45100 97.68270 97.88430 98.71220
-9999 -9999 -9999 -9999 -9999 -9999 -9999 -9999 -9999 -9999 -9999 -9999 -9999 121.87100 125.86800 123.68300 124.58900 127.54800 123.48400 123.09500 121.13500 119.21300 116.66200 116.45800 116.68500 114.07000 113.92900 115.33500 115.76500 115.15200 115.74200 116.94700 117.86600 118.15900 119.25600 119.24500 120.36000 120.41500 123.49800 122.60500 120.81600 120.32200 117.45100 116.08800 114.90900 113.33700 113.02800 112.64100 112.71100 111.45900 110.28500 109.10800 109.09400 107.71500 107.15500 105.73900 105.68000 109.48400 109.00300 105.71300 106.19700 107.34500 107.50200 106.07100 103.27100 100.12100 98.98750 100.86100 101.38900 101.65800 103.72700
-9999 -9999 -9999 -9999 -9999 -9999 -9999 -9999 -9999 -9999 -9999 -9999 125.31400 126.40700 128.89999 126.50200 125.70500 126.02200 125.19800 122.81000 123.54900 119.58200 117.84800 118.53600 118.10100 116.42500 116.60700 117.50600 118.08700 116.57000 116.51900 118.40900 119.28500 119.32000 119.35700 118.71100 120.22700 121.65400 122.99800 120.94900 121.04600 119.59100 118.58500 117.78700 116.21600 114.75200 114.09000 114.25100 114.95300 114.53400 113.70500 112.59800 111.74900 110.41300 109.22600 106.49200 107.36700 112.61500 113.51900 109.50900 108.20900 107.97100 107.33500 105.84200 103.97300 101.09800 100.80200 103.40300 103.41800 105.38000 108.29600
-9999 -9999 -9999 -9999 -9999 -9999 -9999 -9999 -9999 -9999 -9999 135.77600 134.47701 137.05901 133.77800 129.71100 129.10001 127.86200 127.67200 127.86800 125.94500 123.61000 122.32900 120.54600 120.58100 120.71500 120.64300 119.39800 118.27500 118.50600 119.20500 119.78600 120.07000 119.05100 118.81500 120.39400 122.43300 125.27200 124.23900 123.94900 122.95900 121.50000 119.47000 117.17100 116.23200 115.72500 115.11400 114.88200 115.26800 117.04400 116.90700 117.88400 116.99000 115.98300 114.66900 110.53400 109.96600 110.96200 109.18900 107.66900 107.19000 107.41500 106.56300 103.97300 103.48400 102.79800 102.89700 103.98700 105.84600 110.65200 113.78000
-9999 -9999 -9999 -9999 -9999 -9999 -9999 -9999 -9999 -9999 138.94901 138.73900 133.92799 138.04100 133.50301 130.54500 130.25600 130.21100 130.02800 129.82401 128.13300 125.10300 124.40100 122.68300 122.69000 122.40500 122.77500 121.26100 121.01200 121.73800 122.20200 122.90500 122.95100 121.55700 122.40900 123.88200 125.60900 127.89200 125.26000 123.74600 122.95400 120.35300 119.17700 117.74800 117.17300 116.51000 116.06200 116.02700 116.40200 117.71000 118.90200 120.57600 119.81300 118.65200 118.20200 113.87600 113.42100 112.84800 110.15200 108.89900 108.56300 109.30200 108.75200 106.43100 106.21500 105.58500 105.08700 106.83300 109.95600 114.87600 117.21600
-9999 -9999 -9999 -9999 -9999 -9999 -9999 -9999 -9999 136.27400 136.69299 134.01100 134.76100 136.66100 135.67700 132.88499 132.37601 134.05701 131.79500 130.70900 129.43800 129.08701 128.55000 126.23000 125.63800 124.01100 123.34400 124.49800 124.14400 120.60200 119.88900 125.52800 126.31500 128.58299 130.91701 133.28300 133.91600 129.37300 127.40200 121.15000 119.14200 119.69300 118.65200 119.39400 119.00400 118.37300 117.84000 116.25500 116.19800 117.22300 118.70200 122.13700 123.47100 128.51900 128.65500 116.55200 114.72200 113.00400 112.04100 111.73700 111.58300 112.11100 111.63800 109.97700 109.22700 109.45500 110.12600 112.74400 114.96100 115.25100 114.33400
-9999 -9999 -9999 -9999 -9999 -9999 -9999 -9999 -9999 -9999 137.22000 132.64301 132.41901 136.61600 135.04700 133.64700 134.00400 136.60300 135.19701 134.20300 133.97200 132.48300 131.21600 -9999 -9999 -9999 -9999 -9999 -9999 122.78500 123.18100 127.99600 129.33501 131.55099 133.44299 135.46899 134.54601 130.07800 127.83300 122.07600 120.12500 120.93000 119.87600 120.81900 120.34600 117.84400 119.83100 117.60700 117.81200 118.91400 119.99200 123.73400 126.64200 129.78999 127.03800 116.21000 116.42700 114.99800 114.29800 114.14300 113.85000 115.01000 114.76900 113.22000 115.39500 114.00800 114.58700 116.69900 122.22800 120.10400 120.24000
-9999 -9999 -9999 -9999 -9999 -9999 -9999 -9999 -9999 -9999 -9999 -9999 133.75800 132.87500 132.99500 133.31400 134.30800 133.64101 133.26100 -9999 -9999 -9999 -9999 -9999 -9999 -9999 -9999 -9999 -9999 -9999 -9999 -9999 -9999 131.51601 135.37199 133.78799 132.27100 129.14799 126.52600 118.17400 116.91400 122.16000 121.38300 121.41300 121.44700 119.34800 121.45000 119.78700 120.59400 117.42100 118.79700 126.86100 128.39000 127.41500 125.00800 118.88400 118.76700 118.63500 117.62100 118.05100 117.85900 117.60000 117.65200 116.68300 116.28100 115.52600 117.11900 119.23400 120.98600 119.87600 120.22200
-9999 -9999 -9999 -9999 -9999 -9999 -9999 -9999 -9999 -9999 -9999 -9999 -9999 -9999 -9999 -9999 -9999 -9999 -9999 -9999 -9999 -9999 -9999 -9999 -9999 -9999 -9999 -9999 -9999 -9999 -9999 -9999 -9999 -9999 135.22701 135.21300 131.56900 130.22400 127.81100 119.69700 118.55500 124.18200 123.60200 123.43600 123.24400 123.79200 123.79000 122.32900 122.97200 120.09800 121.61400 128.56599 129.81799 128.38499 127.68300 121.60900 121.67500 123.81300 122.66900 122.19300 121.31200 120.17800 119.38500 118.81100 118.50200 119.06800 121.24800 124.42300 125.51100 122.84000 119.26200
