data/hydroclimate-scenarios/BCSD_hadcm_B1/monthly_summaries/isr_monthly_avg_apr.2070-2099.asc
ncols	311
nrows	91
xllcenter	102.75
yllcenter	31.75
cellsize	0.5
NODATA_value	-9999
[rows 0 to 30 of 91, columns 70 to 139 of 311]
-9999 -9999 -9999 -9999 -9999 -9999 -9999 -9999 -9999 -9999 -9999 -9999 -9999 -9999 -9999 -9999 -9999 -9999 -9999 -9999 -9999 -9999 -9999 -9999 -9999 -9999 -9999 -9999 -9999 -9999 -9999 -9999 -9999 -9999 -9999 -9999 -9999 -9999 -9999 -9999 -9999 -9999 -9999 -9999 -9999 -9999 -9999 -9999 -9999 -9999 -9999 -9999 -9999 -9999 -9999 -9999 -9999 -9999 -9999 -9999 -9999 -9999 -9999 -9999 -9999 -9999 -9999 -9999 -9999 -9999
-9999 -9999 -9999 -9999 -9999 -9999 -9999 -9999 -9999 -9999 -9999 -9999 -9999 -9999 -9999 -9999 -9999 -9999 -9999 -9999 -9999 -9999 -9999 -9999 -9999 -9999 -9999 -9999 -9999 -9999 -9999 -9999 -9999 -9999 -9999 -9999 -9999 -9999 -9999 -9999 -9999 -9999 -9999 -9999 -9999 -9999 -9999 -9999 -9999 -9999 -9999 -9999 -9999 -9999 -9999 -9999 -9999 -9999 -9999 -9999 -9999 -9999 -9999 -9999 -9999 -9999 -9999 -9999 -9999 -9999
-9999 -9999 -9999 -9999 -9999 -9999 -9999 -9999 -9999 -9999 -9999 -9999 -9999 -9999 -9999 -9999 -9999 -9999 -9999 -9999 -9999 -9999 -9999 -9999 -9999 -9999 -9999 -9999 -9999 -9999 -9999 -9999 -9999 -9999 -9999 -9999 -9999 -9999 -9999 -9999 -9999 -9999 -9999 -9999 -9999 -9999 -9999 -9999 -9999 -9999 -9999 -9999 -9999 -9999 -9999 -9999 -9999 -9999 -9999 -9999 -9999 -9999 -9999 -9999 -9999 -9999 -9999 -9999 -9999 -9999
-9999 -9999 -9999 -9999 -9999 -9999 -9999 -9999 -9999 -9999 -9999 -9999 -9999 -9999 -9999 -9999 -9999 -9999 -9999 -9999 -9999 -9999 -9999 -9999 -9999 -9999 -9999 -9999 -9999 -9999 -9999 -9999 -9999 -9999 -9999 -9999 -9999 -9999 -9999 -9999 -9999 -9999 -9999 -9999 -9999 -9999 -9999 -9999 -9999 -9999 -9999 -9999 -9999 -9999 -9999 -9999 -9999 -9999 -9999 -9999 -9999 -9999 -9999 -9999 -9999 -9999 -9999 -9999 -9999 -9999
-9999 -9999 -9999 -9999 -9999 -9999 -9999 -9999 -9999 -9999 -9999 -9999 -9999 -9999 -9999 -9999 -9999 -9999 -9999 -9999 -9999 -9999 -9999 -9999 -9999 -9999 -9999 -9999 -9999 -9999 -9999 -9999 -9999 -9999 -9999 -9999 -9999 -9999 -9999 -9999 -9999 -9999 -9999 -9999 -9999 -9999 -9999 -9999 -9999 -9999 -9999 -9999 -9999 -9999 -9999 -9999 -9999 -9999 -9999 -9999 -9999 -9999 -9999 -9999 -9999 -9999 -9999 -9999 -9999 -9999
-9999 -9999 -9999 -9999 -9999 -9999 -9999 -9999 -9999 -9999 -9999 -9999 -9999 -9999 -9999 -9999 -9999 -9999 -9999 -9999 -9999 -9999 -9999 -9999 -9999 -9999 -9999 -9999 -9999 -9999 -9999 -9999 -9999 -9999 -9999 -9999 -9999 -9999 -9999 -9999 -9999 -9999 -9999 -9999 -9999 -9999 -9999 -9999 -9999 -9999 -9999 -9999 -9999 -9999 -9999 -9999 -9999 -9999 -9999 -9999 -9999 -9999 -9999 -9999 -9999 -9999 -9999 -9999 -9999 -9999
-9999 -9999 -9999 -9999 -9999 -9999 -9999 -9999 -9999 -9999 -9999 -9999 -9999 -9999 -9999 -9999 -9999 -9999 -9999 -9999 -9999 -9999 -9999 -9999 -9999 -9999 -9999 -9999 -9999 -9999 -9999 -9999 -9999 -9999 -9999 -9999 -9999 -9999 -9999 -9999 -9999 -9999 -9999 -9999 -9999 -9999 -9999 -9999 -9999 -9999 -9999 -9999 -9999 -9999 -9999 -9999 -9999 -9999 -9999 -9999 -9999 -9999 -9999 -9999 -9999 -9999 -9999 -9999 -9999 -9999
-9999 -9999 -9999 -9999 -9999 -9999 -9999 -9999 -9999 -9999 -9999 -9999 -9999 -9999 -9999 -9999 -9999 -9999 -9999 -9999 -9999 -9999 -9999 -9999 -9999 -9999 -9999 -9999 -9999 -9999 -9999 -9999 -9999 -9999 -9999 -9999 -9999 -9999 -9999 -9999 -9999 -9999 -9999 -9999 -9999 -9999 -9999 -9999 -9999 -9999 -9999 -9999 -9999 -9999 -9999 -9999 -9999 -9999 -9999 -9999 -9999 -9999 -9999 -9999 -9999 -9999 -9999 -9999 -9999 -9999
-9999 -9999 -9999 -9999 -9999 -9999 -9999 167.71201 -9999 -9999 -9999 -9999 -9999 -9999 -9999 -9999 -9999 -9999 -9999 -9999 -9999 -9999 -9999 -9999 -9999 -9999 -9999 -9999 -9999 -9999 -9999 -9999 -9999 -9999 -9999 -9999 -9999 -9999 -9999 -9999 -9999 -9999 -9999 -9999 -9999 -9999 -9999 -9999 -9999 -9999 -9999 -9999 -9999 -9999 -9999 -9999 -9999 -9999 -9999 -9999 -9999 -9999 -9999 -9999 -9999 -9999 -9999 -9999 -9999 -9999
-9999 -9999 -9999 167.86600 166.20599 168.73300 169.32600 170.88200 171.58600 172.42599 172.91499 172.75200 172.83099 168.58299 168.83900 166.59200 165.74100 169.36900 168.96400 170.23801 169.54100 166.53200 166.36600 -9999 -9999 -9999 -9999 -9999 -9999 -9999 -9999 -9999 -9999 -9999 -9999 -9999 -9999 -9999 -9999 -9999 -9999 -9999 -9999 -9999 -9999 -9999 -9999 -9999 -9999 -9999 -9999 -9999 -9999 -9999 -9999 -9999 -9999 -9999 -9999 -9999 -9999 -9999 -9999 -9999 -9999 -9999 -9999 -9999 -9999 -9999
-9999 -9999 -9999 -9999 -9999 171.86099 172.22099 175.11099 175.02200 175.08099 174.95200 174.87900 175.02901 175.17400 174.73500 174.30000 174.05901 170.48801 169.77600 169.51900 169.40700 170.10400 170.14000 -9999 -9999 -9999 -9999 -9999 -9999 -9999 -9999 -9999 -9999 -9999 -9999 -9999 -9999 -9999 -9999 -9999 -9999 -9999 -9999 -9999 -9999 -9999 -9999 -9999 -9999 -9999 -9999 -9999 -9999 -9999 -9999 -9999 -9999 -9999 -9999 -9999 -9999 -9999 -9999 -9999 -9999 -9999 -9999 -9999 -9999 -9999
178.32201 176.61501 176.25999 177.21700 177.19701 175.16400 174.98100 178.11501 178.57700 177.84599 178.06500 177.61501 177.99001 177.74400 177.70700 177.49800 176.85899 173.57700 173.44099 172.27000 171.86200 172.89600 172.92700 172.78400 172.53999 174.95200 174.74899 174.94400 174.98500 -9999 -9999 -9999 -9999 -9999 -9999 -9999 -9999 -9999 -9999 -9999 -9999 -9999 -9999 -9999 -9999 -9999 -9999 -9999 -9999 -9999 -9999 -9999 -9999 -9999 -9999 -9999 -9999 -9999 -9999 -9999 -9999 -9999 -9999 -9999 -9999 -9999 -9999 -9999 -9999 -9999
183.20500 180.51700 180.38100 181.57201 181.36900 176.80000 177.32201 181.95799 182.12900 181.31200 181.30099 182.11501 181.73399 180.69901 180.72200 176.14799 176.65300 175.72301 174.75700 172.64700 171.81700 173.20599 173.41600 176.81500 176.52600 179.58501 179.04201 176.57201 175.60400 175.65401 175.35500 177.16600 177.17400 172.00999 171.69600 171.55099 171.20000 172.99200 172.45200 172.78400 172.41400 173.46899 173.30600 170.08701 -9999 -9999 -9999 -9999 -9999 -9999 -9999 -9999 -9999 -9999 -9999 -9999 -9999 -9999 -9999 -9999 -9999 -9999 -9999 -9999 -9999 -9999 -9999 -9999 -9999 -9999
186.19701 183.99400 183.96001 185.57800 185.49200 180.17200 180.36400 184.38400 184.49899 184.45399 184.46600 185.51300 185.40199 183.94800 183.99699 179.59100 179.45200 178.78500 178.07600 175.21700 174.85001 176.67799 176.86099 179.93300 180.24200 182.74600 182.42000 179.55099 179.46400 179.22600 179.62100 181.16701 180.82001 174.41299 173.65100 174.36400 173.80701 176.22501 175.63901 175.58501 174.85699 176.28400 176.25500 172.85400 172.75600 -9999 -9999 -9999 -9999 -9999 -9999 -9999 -9999 -9999 -9999 -9999 -9999 -9999 -9999 -9999 -9999 -9999 -9999 -9999 -9999 -9999 -9999 -9999 -9999 -9999
187.73500 185.90700 185.54700 185.36600 186.35001 186.70500 186.08900 186.17400 185.33600 185.64999 185.54500 188.24100 187.76100 187.37700 187.06900 186.68600 186.29800 184.16499 183.08000 181.80499 182.03500 181.59000 182.07600 180.70900 180.94501 184.16000 183.99400 183.54800 182.59700 181.26401 180.71899 180.02901 179.32899 178.01500 177.53300 178.33099 177.74899 180.63400 179.92900 181.49699 181.22400 178.96800 178.42500 177.04300 176.99800 -9999 -9999 -9999 -9999 -9999 -9999 -9999 -9999 -9999 -9999 -9999 -9999 -9999 -9999 -9999 177.00000 177.31799 -9999 -9999 -9999 -9999 179.08800 179.12199 179.84100 178.09300
189.27200 187.98801 188.04100 188.37199 188.09100 188.38800 187.80499 187.49600 187.34700 187.86800 187.43800 190.06900 190.63300 190.37000 190.99800 190.18201 189.50400 187.28200 185.60500 184.57899 184.31300 184.86000 185.19200 183.71300 182.80701 185.72400 185.92400 185.77800 185.80600 184.25600 183.52699 182.93700 182.61501 180.85600 180.30701 181.29800 181.12500 183.91400 182.88600 184.61900 184.51199 181.93401 181.50301 179.70500 179.83600 179.79700 179.37900 180.51300 181.21400 182.05099 182.95399 181.04601 181.37399 181.42599 181.02901 181.01700 180.92599 179.76500 179.69501 180.28600 180.65601 180.23801 -9999 -9999 -9999 -9999 -9999 181.62900 181.68800 181.83600
188.48500 190.53000 188.68500 190.76300 191.74699 191.75400 190.85400 190.78500 190.58701 189.35699 189.18201 191.46899 192.21899 190.71400 191.00301 190.85899 190.57899 187.02600 186.01401 188.22800 187.73100 187.61600 187.66400 186.31000 186.56900 187.08600 187.44800 185.22000 185.36501 181.98199 182.01401 183.33400 182.42799 183.51500 183.22099 183.48801 182.87801 184.45700 184.32401 184.93500 184.42000 184.41100 184.01500 184.30200 183.79300 182.51601 182.21500 181.77901 182.06799 183.52200 184.46201 184.12900 183.25101 183.34399 184.74300 185.05400 184.72099 183.54601 183.54900 181.96700 182.11501 185.29500 185.70399 186.00700 185.01700 185.07201 184.32201 185.33000 185.98700 184.30400
190.00200 193.53799 197.06100 192.37700 195.08200 197.49699 195.53600 194.51801 194.24001 191.85899 191.76801 193.87199 195.02901 193.01700 193.51300 193.48000 193.52299 189.34900 188.86400 191.26900 191.83600 191.14200 190.41901 189.85201 189.62300 190.26100 189.88400 187.99400 188.90199 185.80299 185.26700 186.25000 185.80200 186.50400 186.44901 186.30701 185.17500 187.74400 187.38300 187.57401 187.41600 187.17200 186.93900 187.19400 186.36900 184.99300 184.59000 183.80800 184.65401 185.40800 185.74001 186.15900 185.68300 185.93201 186.77100 186.46700 187.50500 187.25900 187.03000 186.55701 187.07201 189.58600 191.25400 190.80400 189.56500 188.69501 188.38499 188.33800 187.13000 187.05200
197.77200 200.43401 203.02901 200.80901 198.71800 197.73900 197.37300 198.77299 199.73599 198.69600 197.45900 195.48399 195.41701 195.07201 195.47600 194.34100 194.14101 195.88400 195.37300 195.77901 196.58200 193.85100 193.33501 194.16901 194.57600 189.39400 189.08299 188.82700 189.13200 192.98700 192.69800 190.78300 190.67500 188.92900 187.92200 187.50101 186.54601 187.93800 187.62300 188.61099 188.19501 188.83200 188.59500 186.29201 186.10001 184.18800 183.31400 183.28300 183.17500 183.91701 183.97800 186.14200 187.58900 187.17500 187.76700 186.61200 186.57500 187.22501 188.94901 189.48700 190.07600 190.02299 190.74100 190.81700 190.28000 192.14000 191.17101 188.39500 187.67300 191.52699
197.10100 202.85899 204.53000 205.61600 205.40500 202.01700 200.24300 202.00800 202.75500 201.59500 200.66701 202.08501 201.92900 200.22000 199.13901 197.76100 196.94000 198.36301 198.09200 198.51300 198.94299 197.20200 195.92799 197.49600 196.79900 192.12900 191.50400 191.34700 191.11301 195.39101 195.06300 193.38901 193.22900 191.89000 191.24200 190.13000 189.73399 191.18600 190.32600 191.54601 191.47000 192.81200 191.42101 187.44099 187.21899 187.09900 186.73300 187.58099 186.63000 186.19501 187.06700 189.87700 190.54500 190.00700 190.41600 190.07700 191.51601 191.48700 192.74400 192.24800 192.15500 191.55800 192.00800 192.52800 194.44299 196.88901 197.32899 194.83600 193.34200 195.73100
195.40800 201.22600 203.69299 206.66200 208.62300 207.21400 202.27600 202.34900 201.94901 202.92900 201.44099 204.37500 207.27299 207.73801 207.98801 205.27600 202.64600 200.88300 199.67999 198.92300 199.33600 197.77800 197.46400 197.95799 198.09900 198.48100 198.72099 198.42300 198.16000 197.87300 197.96400 199.07300 198.73100 199.26300 198.33701 196.36301 195.91200 193.15100 193.45300 191.84200 191.10001 191.80701 192.21001 190.53400 190.17000 186.84100 186.65199 186.75200 186.70900 186.77699 187.34500 189.11099 189.89400 189.45000 189.98399 190.89900 192.31700 193.23399 193.57600 194.45599 196.38100 196.29401 196.03600 195.88200 196.54401 197.16400 196.90800 198.69299 198.70399 195.63300
200.90199 206.99600 207.67999 210.08299 212.00301 211.19800 209.75600 211.40900 208.85001 207.31000 206.26500 205.08099 205.79201 205.44299 207.55400 209.85300 209.27499 207.84599 206.13499 204.44200 203.51900 201.13000 200.64600 200.86800 201.07800 202.30299 202.38300 201.99100 202.65500 203.05200 202.63300 202.26601 203.68600 203.85899 202.89500 201.17500 200.09599 196.76900 196.49600 195.03700 194.82001 194.00800 193.43600 192.67999 193.34399 190.46300 190.50000 190.77100 191.53999 192.45799 191.24300 194.13699 194.76601 194.63499 195.20100 196.54100 196.79500 197.38300 195.21201 198.16400 199.69099 199.22301 200.25900 200.36200 199.68401 200.42300 200.21300 203.09100 201.01700 196.96600
210.03700 209.74400 211.34000 216.43201 216.53400 214.36000 214.57300 215.31300 213.35300 212.10800 212.02400 211.28999 211.15401 206.86099 206.53900 212.08200 212.00900 211.45799 212.58000 212.51900 212.14301 207.79201 206.85699 207.19299 206.84000 205.34801 206.46100 204.60001 205.36301 205.00000 204.14900 202.48300 201.99800 203.32800 201.64799 204.67200 201.39301 199.71700 199.52800 198.77499 197.98199 197.08000 195.93100 196.04900 195.44600 195.91600 196.28900 196.06900 195.73801 196.47800 197.80000 197.89999 198.36900 199.16901 200.62500 200.49100 201.99800 202.09599 200.43800 201.25500 201.20900 201.89200 202.75900 201.59801 201.53500 206.83299 205.16701 203.95300 202.65500 198.99001
213.64200 212.27200 212.68100 215.43800 216.05299 215.35400 216.65300 217.98599 218.67400 218.67400 216.33000 215.39500 217.97200 214.81700 212.61900 219.54300 253.49600 217.47400 211.74899 214.39200 217.29300 211.96201 211.31500 211.87500 208.88300 208.27100 208.50500 207.44400 208.46899 207.40800 207.57401 206.02000 205.26100 205.52200 204.09700 205.17700 203.50800 202.48801 201.86501 200.91499 200.82600 201.41499 199.82500 198.73700 198.55901 196.43300 195.77600 196.79100 197.63699 199.96400 201.21600 201.14600 201.84801 201.06599 202.82401 204.34599 205.97900 206.20399 204.11700 204.03200 203.57700 204.67400 205.30000 206.23500 206.66600 209.20599 207.15601 206.33099 204.07500 200.68300
218.00301 215.44901 214.67500 214.48900 215.28900 216.50000 216.26199 217.67500 218.21100 216.04500 216.34100 217.70399 218.05800 218.47800 216.73199 219.85300 219.63901 238.19200 218.27000 216.26601 214.40601 213.50700 213.66200 214.86400 213.10600 211.96400 211.84500 213.03700 214.01199 210.11700 209.83099 208.62601 207.76199 211.19200 209.75101 207.57300 205.27100 203.87601 203.00999 201.56500 202.22900 198.28300 197.91600 201.94099 201.40601 198.15199 196.93800 195.86900 197.48801 200.63200 202.19299 202.29700 200.41100 201.87900 203.93100 206.40100 206.32401 204.92101 204.55400 206.99001 207.42799 208.27299 207.36400 209.87500 208.66299 208.85300 208.90199 207.00600 206.60100 204.43100
220.24600 217.85100 218.36600 218.69000 218.76401 219.36099 218.68500 218.98801 218.77600 217.58501 217.28700 221.65300 223.62000 221.23700 218.45799 218.88600 220.42799 221.13600 220.99600 221.43600 219.36700 216.43600 215.39200 215.07700 215.98599 215.92101 216.46600 215.74500 216.11099 213.21400 213.57600 211.89999 210.25800 212.80000 211.25900 209.21800 208.79100 206.41200 206.83800 204.66299 205.54601 201.95200 200.60400 203.89799 205.78999 203.01300 199.78900 197.75900 199.32100 201.16000 202.96100 203.28300 201.50400 200.31400 202.31200 203.93900 206.16100 206.30600 207.05600 207.68100 209.08400 209.44000 209.75301 211.53200 211.63901 212.28700 210.65500 209.69501 208.55499 205.86000
220.49699 220.87601 222.23100 222.55000 222.94000 222.67000 222.01601 222.03400 222.04601 222.76199 224.63800 225.09900 225.58701 227.73900 224.94800 222.34900 221.84900 223.64700 224.46700 222.51801 222.13000 220.53999 220.14900 218.40300 218.55200 213.56700 213.05400 222.03500 222.32600 220.19501 220.56500 219.81500 218.72200 215.06400 215.97600 214.55200 210.72200 210.27600 210.97301 209.84500 209.07500 209.77800 209.62601 208.58400 206.75301 207.22000 206.12100 205.55901 207.97701 204.28799 205.96400 203.28799 204.16600 204.38499 205.68201 206.71700 208.22900 208.50999 209.88699 208.53300 207.75900 209.30600 211.56900 211.17900 210.64600 214.34700 212.69400 213.08600 212.04300 212.26900
221.82800 220.83800 223.18900 224.63800 225.30800 225.92500 224.48000 224.83800 223.81700 225.93600 226.32001 227.01100 226.48900 227.59900 228.29800 226.79100 224.64101 226.41800 224.38901 222.90601 221.74300 224.22000 221.62100 219.49800 219.25999 214.58400 216.47501 226.01401 225.82500 224.29500 223.44800 224.50500 221.83800 218.66100 217.48801 217.11200 213.57899 212.64900 212.86000 213.21800 213.05099 211.62700 212.23500 210.61400 209.81900 209.73300 209.09100 207.21800 209.37700 207.61700 208.84200 205.49001 206.47701 208.12300 208.25101 209.85001 210.13499 211.09900 213.64600 209.97600 209.32800 211.71600 213.64999 213.09500 213.12000 219.20000 218.32800 219.25400 218.03700 215.96600
219.63901 222.46201 223.00500 227.05499 247.28900 234.35400 261.08401 228.26100 226.05499 228.18401 228.42000 229.15800 227.85001 228.80800 228.69299 231.28700 227.65800 224.01300 222.39799 221.64500 220.78999 221.63100 223.22900 222.08200 222.06100 221.51401 221.65300 222.97800 224.57300 223.93900 223.34500 220.48300 219.34000 219.94200 219.28900 216.78999 213.88200 211.50800 213.05400 213.19099 214.39600 210.56200 210.38699 207.85699 204.89101 206.81599 206.16100 207.30400 207.75800 205.82300 207.23700 206.09700 207.64900 208.74100 211.65199 214.57800 216.28999 214.17400 211.63699 212.39999 212.74500 216.14301 216.38100 217.47701 220.33600 224.44901 223.09900 222.06799 222.74100 219.77299
221.06000 222.27800 223.44701 227.20100 228.22099 228.02699 230.24899 264.82401 262.12000 231.92900 232.17400 234.40300 232.72900 230.29500 230.82700 231.85100 229.57500 226.65500 225.20200 221.84200 221.53999 223.61800 224.98700 227.04900 223.89200 223.38699 222.98300 224.50400 225.55099 225.37199 225.25999 223.29900 221.68300 223.70200 221.04800 220.86000 216.93800 215.17799 214.77299 214.60201 214.12399 211.60201 207.92200 207.10500 205.46400 204.98900 205.06500 209.16200 208.60201 210.13400 209.91299 -9999 -9999 211.31400 211.65800 212.68100 215.96800 214.30600 213.48100 215.64799 217.06700 219.74001 222.30400 225.26500 233.22200 232.78799 235.97400 234.23199 232.78101 224.37700
223.52699 225.97600 224.76900 225.51199 227.41100 228.03799 226.96100 262.54800 230.35500 233.82300 235.43500 266.65399 234.65900 236.82500 235.46600 230.58600 229.01601 230.47800 229.16600 225.08600 226.44400 224.47900 223.64700 224.57100 224.82100 225.34599 224.03200 223.62700 223.66299 225.25400 226.30099 227.32401 224.79601 224.63901 224.73100 224.65300 222.02299 215.71201 213.37500 208.36600 -9999 -9999 -9999 -9999 205.36301 -9999 211.00200 217.96600 217.95300 220.19600 218.08800 -9999 -9999 220.12900 219.62801 220.02400 220.12801 220.26700 222.64500 224.74600 226.58099 229.88699 232.00800 231.84200 235.38600 232.49400 238.92300 236.40300 234.87801 228.38200
