data/hydroclimate-scenarios/BCSD_hadcm_B1/monthly_summaries/isr_monthly_avg_feb.2070-2099.asc
ncols	311
nrows	91
xllcenter	102.75
yllcenter	31.75
cellsize	0.5
NODATA_value	-9999
[rows 0 to 30 of 91, columns 210 to 279 of 311]
-9999 -9999 -9999 -9999 -9999 -9999 -9999 -9999 -9999 -9999 -9999 -9999 -9999 -9999 -9999 -9999 -9999 -9999 -9999 -9999 -9999 -9999 -9999 -9999 -9999 -9999 -9999 -9999 -9999 -9999 -9999 -9999 -9999 -9999 -9999 -9999 -9999 -9999 -9999 -9999 -9999 -9999 -9999 -9999 -9999 -9999 -9999 -9999 -9999 -9999 -9999 -9999 -9999 -9999 -9999 -9999 -9999 -9999 -9999 -9999 -9999 -9999 -9999 -9999 -9999 -9999 -9999 -9999 -9999 -9999
-9999 -9999 -9999 -9999 -9999 -9999 -9999 -9999 -9999 -9999 -9999 -9999 -9999 -9999 -9999 -9999 -9999 -9999 -9999 -9999 -9999 -9999 -9999 -9999 -9999 -9999 -9999 -9999 -9999 -9999 -9999 -9999 -9999 -9999 -9999 -9999 -9999 -9999 -9999 -9999 -9999 -9999 -9999 -9999 -9999 -9999 -9999 -9999 -9999 -9999 -9999 -9999 -9999 -9999 -9999 -9999 -9999 -9999 -9999 -9999 -9999 -9999 -9999 -9999 -9999 -9999 -9999 -9999 -9999 -9999
-9999 -9999 -9999 -9999 -9999 -9999 -9999 -9999 -9999 -9999 -9999 -9999 -9999 -9999 -9999 -9999 -9999 -9999 -9999 -9999 -9999 -9999 -9999 -9999 -9999 -9999 -9999 -9999 -9999 -9999 -9999 -9999 -9999 -9999 -9999 -9999 -9999 -9999 -9999 -9999 -9999 -9999 -9999 -9999 -9999 -9999 -9999 -9999 -9999 -9999 -9999 -9999 -9999 -9999 -9999 -9999 -9999 -9999 -9999 -9999 -9999 -9999 -9999 -9999 -9999 -9999 -9999 -9999 -9999 -9999
-9999 -9999 -9999 -9999 -9999 -9999 -9999 -9999 -9999 -9999 -9999 -9999 -9999 -9999 -9999 -9999 -9999 -9999 -9999 -9999 -9999 -9999 -9999 -9999 -9999 -9999 -9999 -9999 -9999 -9999 -9999 -9999 -9999 -9999 -9999 -9999 -9999 -9999 -9999 -9999 -9999 -9999 -9999 -9999 -9999 -9999 -9999 -9999 -9999 -9999 -9999 -9999 -9999 -9999 -9999 -9999 -9999 -9999 -9999 -9999 -9999 -9999 -9999 -9999 -9999 -9999 -9999 -9999 -9999 -9999
-9999 -9999 -9999 -9999 -9999 -9999 -9999 -9999 -9999 -9999 -9999 -9999 -9999 -9999 -9999 -9999 -9999 -9999 -9999 -9999 -9999 -9999 -9999 -9999 -9999 -9999 -9999 -9999 -9999 -9999 -9999 -9999 -9999 -9999 -9999 -9999 -9999 -9999 -9999 -9999 -9999 -9999 -9999 -9999 -9999 -9999 -9999 -9999 -9999 -9999 -9999 -9999 -9999 -9999 -9999 -9999 -9999 -9999 -9999 -9999 -9999 -9999 -9999 -9999 -9999 -9999 -9999 -9999 -9999 -9999
-9999 -9999 -9999 -9999 -9999 -9999 -9999 -9999 -9999 -9999 -9999 -9999 -9999 -9999 -9999 -9999 -9999 -9999 -9999 -9999 -9999 -9999 -9999 -9999 -9999 -9999 -9999 -9999 -9999 -9999 -9999 -9999 -9999 -9999 -9999 -9999 -9999 -9999 -9999 -9999 -9999 -9999 -9999 -9999 -9999 -9999 -9999 -9999 -9999 -9999 -9999 -9999 -9999 -9999 -9999 -9999 -9999 -9999 -9999 -9999 -9999 -9999 -9999 -9999 -9999 -9999 -9999 -9999 -9999 -9999
-9999 -9999 -9999 -9999 -9999 -9999 -9999 -9999 -9999 -9999 -9999 -9999 -9999 -9999 -9999 -9999 -9999 -9999 -9999 -9999 -9999 -9999 -9999 -9999 -9999 -9999 -9999 -9999 -9999 -9999 -9999 -9999 -9999 -9999 -9999 -9999 -9999 -9999 -9999 -9999 -9999 -9999 -9999 -9999 -9999 -9999 -9999 -9999 -9999 -9999 -9999 -9999 -9999 -9999 -9999 -9999 -9999 -9999 -9999 -9999 -9999 -9999 -9999 -9999 -9999 -9999 -9999 -9999 -9999 -9999
-9999 -9999 -9999 -9999 -9999 -9999 -9999 -9999 -9999 -9999 -9999 -9999 -9999 -9999 -9999 -9999 -9999 -9999 -9999 -9999 -9999 -9999 -9999 -9999 -9999 -9999 -9999 -9999 -9999 -9999 -9999 -9999 -9999 -9999 -9999 -9999 -9999 -9999 -9999 -9999 -9999 -9999 -9999 -9999 -9999 -9999 -9999 -9999 -9999 -9999 -9999 -9999 -9999 -9999 -9999 -9999 -9999 -9999 -9999 -9999 -9999 -9999 -9999 -9999 -9999 -9999 -9999 -9999 -9999 -9999
-9999 -9999 -9999 -9999 -9999 -9999 -9999 -9999 -9999 -9999 -9999 -9999 -9999 -9999 -9999 -9999 -9999 -9999 -9999 -9999 -9999 -9999 -9999 -9999 -9999 -9999 -9999 -9999 -9999 -9999 -9999 -9999 -9999 -9999 -9999 -9999 -9999 -9999 -9999 -9999 -9999 -9999 -9999 -9999 -9999 -9999 -9999 -9999 -9999 -9999 -9999 -9999 -9999 -9999 -9999 -9999 -9999 -9999 -9999 -9999 -9999 -9999 -9999 -9999 -9999 -9999 -9999 -9999 -9999 -9999
-9999 -9999 -9999 -9999 -9999 -9999 -9999 -9999 -9999 -9999 -9999 -9999 -9999 -9999 -9999 -9999 -9999 -9999 -9999 -9999 -9999 -9999 -9999 -9999 -9999 -9999 -9999 -9999 -9999 -9999 -9999 -9999 -9999 -9999 -9999 -9999 -9999 -9999 -9999 -9999 -9999 -9999 -9999 -9999 -9999 -9999 -9999 -9999 -9999 -9999 -9999 -9999 -9999 -9999 -9999 -9999 -9999 -9999 -9999 -9999 -9999 -9999 -9999 -9999 -9999 -9999 -9999 -9999 -9999 -9999
-9999 -9999 -9999 -9999 -9999 -9999 -9999 -9999 -9999 -9999 -9999 -9999 -9999 -9999 -9999 -9999 -9999 -9999 -9999 -9999 -9999 -9999 -9999 -9999 -9999 -9999 -9999 -9999 -9999 -9999 -9999 -9999 -9999 -9999 -9999 -9999 -9999 -9999 -9999 -9999 -9999 -9999 -9999 -9999 -9999 -9999 -9999 -9999 -9999 -9999 -9999 -9999 -9999 -9999 -9999 -9999 -9999 -9999 -9999 -9999 -9999 -9999 -9999 -9999 -9999 -9999 -9999 -9999 -9999 -9999
-9999 -9999 -9999 -9999 -9999 -9999 -9999 -9999 -9999 -9999 -9999 -9999 -9999 -9999 -9999 -9999 -9999 -9999 -9999 -9999 -9999 -9999 -9999 -9999 -9999 -9999 -9999 -9999 -9999 -9999 -9999 -9999 -9999 -9999 -9999 -9999 -9999 -9999 -9999 -9999 -9999 -9999 -9999 -9999 -9999 -9999 -9999 -9999 -9999 -9999 -9999 -9999 -9999 -9999 -9999 -9999 -9999 -9999 -9999 -9999 -9999 -9999 -9999 -9999 -9999 -9999 -9999 -9999 -9999 -9999
-9999 -9999 -9999 -9999 -9999 -9999 -9999 -9999 -9999 -9999 -9999 -9999 -9999 -9999 -9999 -9999 -9999 -9999 -9999 -9999 -9999 -9999 -9999 -9999 -9999 -9999 -9999 -9999 -9999 -9999 -9999 -9999 -9999 -9999 -9999 -9999 -9999 -9999 -9999 -9999 -9999 -9999 -9999 -9999 -9999 -9999 -9999 -9999 -9999 -9999 -9999 -9999 -9999 -9999 -9999 -9999 -9999 -9999 -9999 -9999 -9999 -9999 -9999 -9999 -9999 -9999 -9999 -9999 -9999 -9999
29.71020 29.90120 29.88170 29.68880 29.80200 29.88780 29.82870 29.23330 29.12480 -9999 -9999 -9999 -9999 -9999 -9999 -9999 -9999 -9999 -9999 -9999 -9999 -9999 -9999 -9999 -9999 -9999 -9999 -9999 -9999 -9999 -9999 -9999 -9999 -9999 -9999 -9999 -9999 -9999 -9999 -9999 -9999 -9999 -9999 -9999 -9999 -9999 -9999 -9999 -9999 -9999 27.11840 -9999 -9999 -9999 -9999 -9999 -9999 -9999 -9999 -9999 -9999 -9999 -9999 -9999 -9999 -9999 -9999 -9999 -9999 -9999
32.48210 32.51680 32.19380 31.97750 31.85650 31.73860 31.66340 31.43220 31.44160 30.85310 30.44960 29.11210 29.37110 28.02310 28.01990 28.38890 31.17510 30.90100 30.69850 30.15330 29.04430 33.36860 -9999 -9999 -9999 -9999 -9999 -9999 -9999 -9999 -9999 -9999 -9999 -9999 -9999 -9999 -9999 -9999 -9999 -9999 -9999 -9999 -9999 -9999 -9999 23.80800 25.40040 24.82830 23.17620 18.77460 24.98760 29.31450 -9999 -9999 -9999 27.24380 -9999 -9999 -9999 27.71960 29.12510 28.92220 -9999 -9999 -9999 -9999 -9999 -9999 -9999 -9999
35.09680 35.03310 34.64160 34.13220 33.78230 33.96180 34.04100 33.55500 33.71950 27.30480 10.00650 10.19850 10.33310 10.45250 10.99310 10.83540 11.04190 11.18300 10.80880 10.61560 10.54000 10.32360 10.40940 10.68990 23.38220 29.47540 33.55570 31.00670 -9999 -9999 -9999 -9999 -9999 32.21220 32.18300 32.64380 33.00380 33.16420 32.55660 31.57420 31.64750 31.31220 31.02500 30.77360 30.71230 24.49390 24.94440 23.11630 24.56570 20.95610 25.34380 31.98290 32.15610 31.28460 30.60950 29.95180 30.82970 30.61000 30.39740 31.57600 31.23310 28.91500 29.35950 29.68100 30.00050 30.86460 30.66140 -9999 -9999 -9999
37.45150 36.98630 36.89220 36.27920 36.31270 36.29520 32.74880 33.03780 31.02560 11.90940 12.28820 12.37030 12.31850 12.42950 12.39140 12.33880 12.59250 12.32270 12.31600 12.02020 11.85990 11.80430 12.11710 13.02280 24.45400 32.22460 26.93350 30.24340 31.84570 33.55470 34.98890 35.82330 35.45560 34.79310 34.62340 34.91590 35.88850 36.34380 35.52870 34.08380 34.28570 34.66790 33.96660 34.16250 34.22820 33.31240 33.41730 34.02900 33.76850 33.95900 33.80470 33.49630 33.14800 33.05210 32.65020 32.57110 32.95670 33.35870 34.41620 34.91080 34.75340 35.58760 35.63280 34.37930 35.21430 34.96050 34.28600 34.10250 32.92920 32.96800
41.11870 39.58650 40.02650 34.82670 30.16170 36.69220 28.51600 27.10250 14.22360 13.91160 13.76050 13.69490 13.51700 13.30760 13.21080 13.45030 13.34270 13.03790 12.95200 12.95580 13.26520 28.10480 28.50900 28.49610 31.49770 39.77130 40.03600 34.37580 35.03660 34.26660 36.86280 38.57160 39.39850 39.47720 37.02420 37.36830 38.26190 39.40990 39.64530 39.24720 39.02550 38.54180 38.10370 37.37970 37.54530 36.32010 35.65380 35.91820 35.65780 35.53660 35.74770 35.94550 35.67730 35.18950 35.18970 34.92360 35.59800 36.00640 36.78410 37.70860 37.00580 37.21640 37.55680 37.56870 38.31360 37.17570 37.37160 36.90730 36.60570 36.35630
40.32800 40.82400 42.14250 40.13080 40.44540 37.23480 35.04040 35.14310 33.53360 33.56450 32.63080 32.14240 31.72600 31.71390 31.56140 30.42760 29.39430 14.09770 30.44840 32.41920 29.62100 30.21400 29.82680 35.97460 39.97430 41.86250 42.00820 38.12670 37.35200 38.88890 35.31670 34.77710 37.84170 42.72420 41.11400 40.78690 40.59140 41.29020 41.56720 41.67700 40.99540 39.96910 39.55570 38.77080 38.27540 37.86830 38.07740 38.58230 38.67750 39.28360 39.26820 39.03420 38.90500 38.88330 38.23960 37.77330 37.81340 38.56730 38.46070 38.19450 39.17110 39.87400 40.19350 39.75890 39.96040 39.19250 39.47240 39.61990 40.26140 40.68000
44.03730 42.91000 43.35390 43.09190 44.03910 43.35900 41.59080 40.20020 39.46720 38.56430 36.34790 38.36860 37.75050 37.15600 37.10280 35.40640 35.15760 36.62910 36.52690 36.13740 37.29320 43.45160 43.30500 42.07880 43.06200 41.81340 43.49720 37.86600 39.09160 41.74390 42.31390 43.39920 42.78620 45.39240 44.78630 43.98260 43.67790 43.31890 42.78920 42.42200 41.97340 41.81780 42.16950 41.00950 40.17230 41.06000 41.86700 41.81210 41.62310 42.50460 42.28220 41.83200 41.08390 41.13440 41.83070 40.53750 40.24780 40.75620 41.08540 41.67480 41.85830 41.84540 41.62530 40.87640 40.48800 41.37420 42.04650 42.57820 42.95720 43.11250
44.64160 43.55150 43.85350 44.69940 47.08630 47.81170 46.33830 43.50980 41.61640 41.17500 40.66280 39.00350 38.60610 37.91870 37.96720 38.04320 38.41390 39.87310 40.74420 41.03660 41.23180 45.59420 41.80610 34.77010 35.11720 38.95700 37.93040 38.01650 41.68440 43.28100 44.65100 45.20190 46.33950 46.70200 46.79100 46.35060 46.01300 45.34490 44.43400 44.59910 44.96930 44.41390 44.19320 43.62340 42.38600 43.57910 43.40210 43.53300 43.28990 43.28130 43.60960 43.98540 43.83160 44.32640 43.58050 43.39700 43.56440 43.73310 43.78130 44.60480 43.55960 43.40810 42.68020 42.03020 41.68320 42.38910 43.07190 43.58270 44.27400 44.62150
45.22380 44.91230 46.51600 48.42940 48.18770 46.64720 42.88900 41.40940 41.47840 41.56450 41.81130 41.49400 41.31430 40.26710 40.37750 40.73140 41.54520 43.21660 42.78400 42.23660 42.32520 48.83000 48.16510 35.75030 30.90130 30.49630 36.07760 39.10680 45.10880 47.81370 48.51370 47.02160 48.00870 48.69350 49.62390 49.29410 48.73330 48.16340 47.55830 47.50410 46.99050 46.48020 46.42820 45.74010 44.63410 45.33810 45.05580 44.85090 45.30650 45.78990 45.89010 46.30700 46.26070 46.71360 46.36490 45.31650 45.05500 45.06180 44.62440 44.67950 45.54100 45.02920 45.18670 43.76370 43.99110 44.34860 44.77660 45.00010 44.18100 44.91130
49.95830 51.06590 51.21060 51.34690 47.98520 45.93500 46.01220 45.27480 46.55720 49.86880 50.10180 49.58110 48.95280 41.93390 42.46500 40.45130 40.64850 45.68800 45.65030 44.92660 43.71070 48.43120 50.47390 37.04900 33.25400 32.29880 38.45360 37.80690 42.90480 45.74740 46.93880 49.68160 50.93250 50.92260 50.44010 50.19300 50.53140 49.88550 50.20080 50.78700 50.50070 51.05370 50.67280 51.17450 50.48750 49.78570 49.04480 48.07580 49.38730 49.47680 50.14180 50.31980 50.09490 49.96750 49.65160 48.61750 47.97020 47.28500 48.06590 47.47190 47.75170 46.68080 45.95770 46.68210 46.06970 46.76480 47.07020 47.05460 47.45220 48.21700
48.32860 49.76800 50.19520 49.03410 49.05670 49.49930 47.41860 45.36430 47.71850 50.43250 50.22260 50.90990 43.65220 38.77120 40.42970 24.48540 39.82520 39.05630 38.62100 46.70700 46.73940 51.26030 53.38410 40.97670 35.15820 40.14000 40.83660 40.38650 41.01430 44.68990 45.27770 47.84800 51.07620 52.74550 53.49660 53.33010 52.53000 53.44840 51.24800 50.45690 52.99050 55.02700 53.89190 55.25240 55.27230 55.03730 54.66310 54.16460 53.88300 52.96300 52.33220 52.58960 52.66020 52.11460 50.91630 51.51350 50.63230 49.61060 50.19060 49.71610 48.62540 48.66660 49.84780 50.34120 48.60360 48.91460 49.64140 49.42990 50.05300 49.91330
48.95330 48.43520 48.72300 49.11650 49.03940 48.42740 47.85010 47.69340 48.09290 47.78160 48.26590 50.39560 50.90000 38.51790 40.83070 26.94960 27.06410 26.55540 28.23930 27.68360 28.13010 38.75850 56.76340 56.64230 38.12000 38.98900 38.96250 39.07390 41.80740 40.59100 43.66150 45.14130 46.68500 45.19560 45.86370 45.95480 46.31240 44.62940 46.10000 47.87080 47.37530 52.63130 55.08950 57.84000 58.21990 58.65390 58.26730 58.24430 58.24950 57.57650 56.38890 55.45470 54.62340 54.42210 52.50780 52.12670 53.41920 52.86860 52.08280 51.30400 51.31150 50.21190 50.68890 52.32450 53.45200 53.86040 53.69620 52.52480 51.69730 51.04630
49.55700 49.82530 49.75460 49.81150 49.96920 49.61710 49.53160 50.65300 50.49880 51.25960 49.32150 48.81890 48.50910 43.94500 45.63190 42.34860 40.76050 39.46200 38.02970 38.91900 30.17540 44.86330 47.66350 47.51520 54.06720 43.00700 48.01430 44.65430 43.45430 44.86810 45.59180 47.75950 52.24740 51.51720 52.88610 48.73960 49.60700 46.67980 48.02620 51.70770 51.89880 57.23480 60.22740 60.92940 61.76250 61.22930 61.27700 60.67540 60.64100 60.31260 59.66480 59.12420 58.33570 58.20820 57.16740 55.29810 57.12500 57.61340 55.79520 54.69860 54.52270 53.89250 54.02990 54.88090 56.16120 56.01050 55.21030 55.73540 55.96710 54.48210
51.05470 51.09450 53.07900 57.58290 58.22080 58.85510 58.88070 57.71120 61.34530 62.60080 62.25260 55.78670 58.46370 59.45610 61.49970 56.80130 51.95310 50.27810 50.55280 51.10800 51.65480 51.99100 47.60640 54.24190 50.82260 51.47050 54.46740 53.49170 55.59560 59.56780 60.19060 60.58960 61.96440 61.18260 57.27350 56.22630 55.92970 54.89590 56.14590 54.52660 57.94010 61.39150 63.41130 64.10770 64.09100 63.67070 63.92070 63.53320 63.00940 62.91420 63.11130 62.36960 61.57470 61.08840 60.43940 59.63330 58.12860 58.18380 59.09300 57.51820 57.29660 57.11150 56.81140 57.41740 57.99510 58.12840 58.67730 57.75400 57.37520 57.57010
56.84620 60.34050 65.44320 67.20040 66.82020 65.46150 64.23730 64.33860 63.89870 63.93370 65.00500 65.59990 65.59770 65.16140 66.56040 64.96520 64.67210 63.23650 55.65420 52.44950 52.32540 63.96550 64.18470 63.90450 64.12840 60.48660 63.73000 56.40290 58.50610 60.91290 64.33330 62.83620 63.78210 62.44340 56.30950 53.93500 54.91310 52.45440 54.22660 57.95390 61.40730 63.52430 65.50390 66.23560 67.08270 66.53780 66.12970 65.95260 65.90170 66.29740 66.22600 65.46260 64.73530 64.63240 63.96350 63.46740 62.56240 60.09120 61.37410 60.38320 59.92680 59.34610 60.20930 60.48390 60.73440 60.03630 59.42220 59.61920 59.97420 60.63700
66.55810 68.11020 68.71120 67.15210 65.36790 65.63870 65.99160 65.06200 65.05040 65.39330 60.10730 60.23710 60.79730 60.51760 60.95690 57.95130 59.94770 61.77010 63.64100 60.64220 53.82220 65.87950 66.70010 67.35600 67.78460 67.12250 63.49680 53.21160 51.87190 60.23070 62.34820 60.07100 62.11410 60.99840 56.14390 55.50540 52.79530 53.31700 56.93940 61.39530 63.19230 66.72180 67.74600 67.89550 68.35630 68.22860 67.95160 68.17080 68.23370 68.97160 69.26160 68.63300 69.01750 67.91090 67.25360 66.39710 65.04330 64.32520 61.62950 62.62990 62.57470 60.07170 59.77090 60.00980 60.09690 61.79450 61.81200 62.30910 62.89580 63.57500
67.87750 65.71450 65.53520 65.05110 62.83640 67.20870 69.47900 70.97440 70.95900 67.50760 62.55940 59.11920 59.01540 57.85480 57.85510 66.42720 71.85460 71.91280 71.52120 70.98720 66.75960 69.81640 70.48150 69.91980 69.98040 69.48400 69.90740 64.34150 60.28780 61.04400 59.40150 60.95340 61.27070 58.88780 55.96960 56.96390 54.46650 56.50420 59.28650 65.20390 67.57530 69.84600 70.16980 70.58290 70.73360 70.51080 71.06800 70.60170 70.92910 70.83130 71.31180 71.91310 71.92010 70.94770 70.46440 69.92420 68.69220 67.64120 64.36240 64.45260 65.25410 62.58610 63.54260 65.35790 67.10830 68.57110 68.52940 68.63430 67.12650 65.40600
71.83150 70.04860 68.26340 66.21220 63.05260 63.28170 68.72160 71.36170 70.44370 73.11070 73.30050 72.90740 72.25290 70.63480 65.13380 68.41060 72.35620 74.63420 75.67100 75.55960 75.00800 74.12360 73.55060 73.53530 73.83710 73.19090 73.82410 69.59470 66.73310 68.98790 70.58530 66.24370 63.82260 59.71250 57.03460 56.84720 57.50540 60.34340 64.35130 67.18370 69.61860 70.40630 71.92940 72.24080 72.84520 72.62700 73.47980 73.81940 73.44270 74.50720 73.80790 73.30300 72.77490 72.14400 72.60790 72.46470 70.69820 68.99970 68.99400 67.05550 67.07630 63.59550 63.86160 64.13500 65.79340 67.45750 67.83710 67.16810 67.15700 66.84270
