data/hydroclimate-scenarios/BCSD_hadcm_B1/monthly_summaries/isr_monthly_avg_jun.2070-2099.asc
ncols	311
nrows	91
xllcenter	102.75
yllcenter	31.75
cellsize	0.5
NODATA_value	-9999
[rows 31 to 61 of 91, columns 0 to 69 of 311]
-9999 -9999 -9999 -9999 -9999 -9999 -9999 -9999 -9999 -9999 -9999 306.28900 306.38000 306.52100 306.38501 305.74799 308.03400 306.89099 307.85300 310.74899 309.06699 311.66599 308.69699 302.03699 300.88400 301.08401 299.77301 300.63800 298.66699 299.84698 299.00601 300.72198 299.74799 297.86099 299.50800 292.84601 291.59299 294.86600 296.72400 299.09900 298.57700 298.95700 299.54401 294.92700 294.12201 294.09100 293.86099 291.68900 290.07501 292.22900 292.64099 289.78699 289.66299 290.47299 291.47000 293.23001 293.86301 296.00500 296.68100 297.12000 297.36099 299.99600 299.69101 299.57501 298.63901 296.86200 301.27499 299.30099 311.17099 319.94299
-9999 -9999 -9999 -9999 -9999 -9999 -9999 -9999 -9999 -9999 -9999 309.30200 309.66400 307.67001 308.58701 306.95001 309.49799 307.65900 309.09500 310.54199 310.58301 308.03699 302.57800 300.09698 297.57901 295.44000 295.86301 298.94101 297.34100 297.03500 297.92599 299.51401 297.91501 298.23700 300.15302 292.24899 290.64600 290.79599 291.79999 295.11899 295.61499 295.03201 294.98999 290.52301 291.14200 291.59100 291.88901 295.63501 296.15201 295.40399 294.14001 293.35199 293.26199 294.38901 292.79901 293.74200 294.17001 294.25601 293.92200 296.03799 296.93600 299.37201 299.02802 297.23401 295.77301 295.05399 298.15799 297.96100 306.71799 313.41599
-9999 -9999 -9999 -9999 -9999 -9999 -9999 -9999 -9999 -9999 -9999 311.33301 312.89499 309.88699 311.35901 307.12299 308.02301 307.19699 307.36700 307.38000 307.28201 306.17999 302.47601 299.88901 301.57300 301.76099 301.65302 303.02100 298.10101 295.96600 297.82001 300.63101 299.28699 298.23300 298.48700 291.94000 291.25400 292.00000 293.21600 300.97198 297.19800 301.02499 297.89401 293.24600 295.81799 296.58801 298.47601 299.79300 299.71301 299.30301 298.31601 294.33301 294.54800 292.76401 291.08701 293.10199 294.14499 295.25800 295.56699 296.76801 297.39001 300.97501 297.89899 296.85199 297.06900 299.12201 300.48001 298.19000 303.20300 308.30301
-9999 -9999 -9999 -9999 -9999 -9999 -9999 -9999 -9999 -9999 -9999 -9999 309.47800 308.13501 308.45700 307.67999 308.05399 305.48999 304.39001 302.22000 303.38699 298.90500 302.58401 305.27600 305.18201 314.12900 310.20499 311.05200 300.79001 297.66800 295.95599 292.31601 291.96600 292.39999 292.46799 293.63300 295.23300 291.97501 292.91800 298.25900 298.14001 297.47000 298.26099 294.13199 295.24600 295.60400 294.06500 292.44299 292.37500 292.40601 290.69699 290.41000 290.39801 294.03400 295.04999 296.92099 296.15799 295.91599 297.24399 294.19699 293.28601 296.44400 298.72400 300.39801 299.49500 300.68500 299.42499 302.35800 317.96701 316.11099
-9999 -9999 -9999 -9999 -9999 -9999 -9999 -9999 -9999 -9999 -9999 -9999 308.73300 306.94800 308.51401 305.74100 304.19800 301.63000 302.58899 302.97000 303.30301 311.64499 315.07901 317.06100 322.25800 315.12601 310.23999 314.17001 305.56299 305.31100 303.93799 299.75400 292.91901 291.78799 292.29599 293.47101 295.07199 291.24500 290.74301 295.08701 296.78900 299.47900 298.16699 295.16501 293.19400 291.10300 289.86401 291.55600 291.48999 294.61801 295.11499 291.26801 290.67899 294.69199 292.82001 294.55499 294.17700 294.64899 294.55301 292.83200 294.29999 303.92099 304.46301 306.86301 303.04800 298.23700 302.18701 301.90201 307.85999 305.44101
-9999 -9999 -9999 -9999 -9999 -9999 -9999 -9999 -9999 -9999 -9999 -9999 307.81000 303.44101 302.65201 301.94800 302.27499 300.54401 303.62399 308.06500 311.89499 313.61301 314.79401 315.80200 312.41299 315.83701 309.17499 300.37100 301.82700 298.22800 294.59900 291.21899 292.20999 293.09698 288.94101 288.94901 288.97699 287.48199 286.35800 288.63300 295.84799 300.47601 294.64401 292.38101 290.95200 293.20099 294.42401 297.22501 294.53101 288.34500 288.42700 288.30399 287.29700 288.75000 287.23999 289.41299 289.26801 291.72400 293.32300 293.57599 295.00000 300.86700 298.89001 300.19501 302.63300 301.99301 302.65900 298.14801 307.47501 305.96100
-9999 -9999 -9999 309.35901 309.97501 310.66400 309.81900 308.77499 309.21701 -9999 306.87000 307.28699 304.84399 302.27701 301.43600 301.58899 301.80701 299.65100 306.19299 312.13599 311.97699 307.49899 309.03299 307.89099 308.14499 307.08600 301.80399 307.99100 305.16599 314.69000 301.23999 293.42200 297.86499 306.33200 296.76099 295.00400 295.82401 293.95901 291.33200 291.59900 292.02802 296.80801 292.87900 292.44101 295.91699 303.53201 311.61899 300.08099 298.57999 295.85300 296.94400 298.38800 299.51199 308.07101 302.84201 313.55499 316.84201 299.59299 306.98801 298.50000 295.24399 299.78900 299.50500 305.75800 303.39401 301.90799 305.49701 303.84799 302.65500 305.91299
-9999 -9999 -9999 309.78000 309.79401 310.34900 312.46799 308.42099 307.60800 308.28799 304.89700 304.27301 305.67700 304.29700 307.47501 309.71600 312.52100 308.65601 310.31000 313.09201 310.89700 313.56799 307.06601 298.03101 302.80399 302.20099 305.14200 304.57101 308.31100 319.08701 306.84201 304.92499 304.02499 308.68100 304.74399 304.21701 304.98901 309.48499 298.21701 304.52600 303.54800 296.97601 292.14700 298.38101 304.64499 314.61099 313.99701 299.02100 304.22900 306.18500 308.03601 305.01901 310.13199 311.41501 299.90399 307.64401 301.98901 304.65500 313.12201 308.90601 304.64999 307.88300 309.26501 306.02802 307.20599 297.50000 299.43701 293.95599 297.41699 300.63501
-9999 -9999 -9999 305.69800 307.61401 310.32501 312.47800 307.63599 305.08899 304.44901 304.67200 304.72198 308.56500 314.10501 323.14200 315.23199 319.72800 315.44800 309.33099 311.03201 313.82401 315.67200 311.65799 308.22299 314.30399 307.75000 307.45801 305.72900 304.92401 322.90399 332.80801 321.93600 309.69800 308.05499 312.22601 312.82199 307.20401 304.08099 301.66299 304.46399 305.50101 300.90302 296.62701 294.32101 293.47800 303.04099 304.92999 303.58600 304.70099 311.57501 317.11899 301.85599 303.54501 305.18100 300.57800 303.92499 301.06000 302.12900 310.07599 311.38501 304.07300 306.06299 303.59201 308.76001 305.06900 303.31100 303.54700 306.75699 318.46399 316.89700
-9999 -9999 -9999 305.16599 304.57401 308.74500 308.38501 309.80099 309.79001 310.34799 306.79199 304.05099 316.49701 319.62500 323.97400 320.91400 325.26700 323.29599 319.36700 317.82300 326.45801 331.62500 338.80499 324.39301 318.71500 312.10101 307.68701 307.66699 321.32800 335.47198 326.43600 305.14801 315.49600 326.25000 325.35501 315.91699 304.20001 295.76001 300.35199 300.85999 302.71500 311.53900 316.57501 304.57599 289.48801 302.38101 309.45999 301.22400 313.03400 305.84399 312.62701 302.21201 302.81201 310.51599 304.38699 305.04199 303.45300 305.40399 309.55200 312.90201 322.56799 310.21899 308.14999 307.09500 308.68301 307.79999 312.17300 312.25201 325.58401 328.81400
-9999 -9999 -9999 305.34500 306.20700 310.14999 309.45999 310.27899 312.51401 310.76700 306.13000 309.34900 320.17499 327.62500 335.25400 330.58099 334.35800 324.61099 312.27499 310.11401 319.01300 327.16599 332.22198 311.74399 308.15302 303.57401 299.44000 300.77600 310.69400 325.90601 327.48401 321.78000 324.67200 319.07700 316.13599 314.41501 312.11401 301.84900 298.32401 299.93799 304.19400 310.33801 313.05399 309.83499 298.65201 300.32300 301.71301 301.77899 303.25800 303.68600 305.44501 294.18900 298.99100 314.17200 299.94101 312.41199 302.66901 300.32199 305.72900 322.07199 319.95700 316.47900 314.45599 324.06601 325.28601 316.26700 320.40399 325.95999 330.46201 316.22699
-9999 -9999 -9999 -9999 309.01199 313.96899 311.58401 315.80600 316.67999 311.61801 305.78900 311.36499 334.22800 319.14200 -9999 -9999 -9999 -9999 -9999 333.97198 335.05499 326.01999 330.72699 338.53299 329.67499 317.75800 305.48300 308.35199 312.82800 310.89700 314.42899 319.31500 321.23099 315.37299 308.33301 300.45001 302.25201 297.72601 297.87500 302.04199 299.55301 300.69699 302.97299 309.00800 304.66299 300.28400 301.54300 308.28799 303.21500 297.62000 301.97000 305.49799 301.87799 315.74500 318.98599 320.96100 322.60199 324.26199 323.31699 319.78400 325.74899 328.61200 328.98801 327.29700 326.86899 329.69101 325.62601 317.14401 309.39401 -9999
-9999 -9999 305.69400 307.60800 310.17999 311.84399 312.92499 318.33600 313.25101 310.98199 306.66501 312.86200 332.49701 -9999 -9999 -9999 -9999 -9999 344.98599 334.04901 332.38599 318.69299 317.84698 324.75800 322.72000 317.57599 306.75299 304.75000 305.09698 305.88000 307.31299 311.66901 311.08401 311.08099 308.17801 298.77100 300.60699 299.39200 298.87799 302.22601 302.83600 301.17801 302.45099 301.20901 297.49899 295.68701 296.72501 295.34500 290.70599 287.01099 289.02802 291.39099 294.43799 295.54300 303.38901 295.96100 303.55899 317.36899 320.18799 308.74899 311.81000 312.62500 313.64999 320.68500 315.64801 315.99799 312.65100 -9999 -9999 -9999
-9999 -9999 304.07300 307.61301 307.71301 307.97699 307.89001 313.67200 311.35101 312.21500 314.70499 315.89200 315.38300 -9999 -9999 -9999 -9999 318.97501 341.65500 328.13599 327.23099 321.81000 320.29700 316.64099 311.90302 307.12900 307.60800 310.30899 308.57401 307.42899 309.38501 314.48999 310.64999 306.41599 307.87299 302.16299 301.26001 301.81601 305.61899 311.56400 308.53601 308.33600 307.44800 303.45401 303.32300 299.47601 294.85101 294.35001 286.04501 287.30301 285.24799 286.88699 286.81799 290.81000 291.70001 285.46399 289.88699 301.70901 308.68100 301.66901 299.69699 308.47101 302.47800 293.63400 288.63199 -9999 -9999 -9999 -9999 -9999
-9999 -9999 302.54001 307.60199 307.88101 308.31000 307.89001 309.84900 310.28500 314.04401 318.93100 319.49899 304.79001 -9999 -9999 -9999 -9999 334.47198 331.64700 327.40100 325.65701 317.62799 314.23700 311.31900 311.02600 308.67700 311.23801 309.78900 310.15100 308.89999 311.62100 312.04501 312.13501 311.66699 308.53799 305.65601 306.20401 307.23401 309.93100 307.76199 306.79800 303.34100 301.83200 304.25299 300.25800 303.12399 301.47900 296.99301 292.25400 290.03500 284.66000 287.76199 286.78500 291.05801 292.07599 284.32199 284.91901 289.34799 289.02301 290.99799 283.40399 283.26901 282.57199 290.32001 302.30499 312.43701 297.02301 308.85001 301.36200 -9999
-9999 -9999 -9999 304.79300 307.46899 308.86801 307.60001 305.64899 306.82901 313.46701 309.76401 304.49701 -9999 -9999 -9999 -9999 329.36200 330.51099 320.14899 324.70599 322.74899 318.30801 317.89099 313.32300 313.76001 314.11200 313.25800 312.01300 310.85901 317.23199 316.72400 309.55600 306.92999 306.19000 305.02100 306.30099 304.47400 303.36600 302.34900 301.56699 301.39200 298.82599 299.64099 301.16101 296.84900 294.33801 291.05301 289.00500 288.58899 288.01901 290.82300 290.82901 287.44501 289.88199 293.71201 292.80801 292.69800 298.89899 297.54001 286.39401 285.23401 288.32101 300.58701 324.83701 340.28299 312.94601 296.52499 303.82101 297.06000 291.66199
-9999 -9999 -9999 -9999 304.12299 306.56400 306.39999 306.65399 308.78500 306.20999 303.07101 -9999 -9999 -9999 -9999 324.64700 329.07901 318.04099 314.85901 320.98999 319.75101 318.68399 318.73199 315.95401 315.78400 313.81100 312.09799 310.39999 311.10599 312.35901 312.84299 305.39999 305.11801 303.99799 305.26401 306.96100 305.41199 304.02899 304.09698 303.48001 303.02899 301.26700 299.75699 299.54999 296.53400 293.78201 291.47800 289.90900 287.48901 286.25601 286.52899 285.69000 287.47000 286.82300 286.51099 284.56100 284.31100 292.96500 294.44000 286.59000 293.87100 304.55301 308.80301 307.44000 318.92801 311.45801 294.83600 294.45599 301.44601 299.18100
-9999 -9999 -9999 -9999 -9999 -9999 303.30801 303.73599 300.57501 302.58401 304.59900 -9999 -9999 -9999 -9999 -9999 318.43900 316.12500 315.36401 318.91101 319.95700 318.09299 321.00000 318.63800 317.45099 312.39499 310.78400 309.63400 308.54501 308.06799 308.62201 304.57501 302.95200 299.82700 298.75101 301.52499 302.79599 304.76401 302.61700 302.49399 301.92001 303.48700 300.89999 298.34900 295.67001 294.08401 290.64099 289.11600 288.11499 286.38501 284.49100 287.91101 286.92200 284.22101 284.77100 283.32401 284.66299 286.81900 288.99500 289.35300 296.99600 305.20401 310.75601 319.16400 330.47601 316.74200 295.42300 289.99899 293.31900 301.59698
-9999 -9999 -9999 -9999 -9999 -9999 -9999 -9999 -9999 -9999 -9999 -9999 -9999 -9999 -9999 -9999 -9999 -9999 -9999 319.16599 319.52802 319.04300 319.62900 315.90302 315.38699 312.59900 311.58801 306.73001 306.10501 306.39001 307.33301 303.43301 305.49200 299.35800 299.62201 303.78101 302.58401 304.72699 304.79099 305.46701 306.61401 305.16800 301.30200 299.85699 296.40201 295.69699 290.70099 288.43900 286.87900 286.26501 284.94000 286.32901 285.74301 280.90302 282.17700 282.25601 283.29599 283.32599 288.46201 289.52899 302.08401 301.29800 307.63800 320.80399 325.67899 299.84201 288.55600 288.19601 290.03799 303.98099
-9999 -9999 -9999 -9999 -9999 -9999 -9999 -9999 -9999 -9999 -9999 -9999 -9999 -9999 -9999 -9999 -9999 -9999 318.28101 319.19601 317.82501 315.74399 315.64401 316.47400 314.92001 312.09201 310.76300 310.53400 311.27899 309.07300 309.60599 312.48901 313.74600 309.37900 308.92599 284.17099 284.76901 274.64801 277.20099 281.89301 282.62201 285.37900 283.58200 303.32700 299.76501 299.19800 293.43799 287.71899 283.61700 284.79599 283.06799 284.96899 283.52100 285.09399 286.90302 279.21399 280.49399 286.79300 292.47699 293.21899 293.17099 294.73499 301.52301 303.62399 311.35400 298.87000 291.74200 288.85599 289.00101 289.96301
-9999 -9999 -9999 -9999 -9999 -9999 -9999 -9999 -9999 -9999 -9999 -9999 -9999 -9999 -9999 -9999 -9999 316.66199 317.24500 315.32501 316.11899 315.77701 315.37900 315.10699 313.34698 310.86600 309.95401 311.10599 314.97900 311.48300 311.01401 312.36401 313.10300 306.84299 306.75500 285.71201 287.86401 277.98001 277.85199 282.12399 281.47400 284.87799 283.19199 301.73999 298.67499 297.21201 293.46500 289.76801 283.20999 282.86899 279.78400 281.21701 282.95200 284.94501 284.60599 279.03799 281.67300 286.36801 289.95801 291.05099 284.34799 291.26700 309.88800 311.81900 292.72101 292.54401 292.01300 287.57700 286.37799 286.89999
-9999 -9999 -9999 -9999 -9999 -9999 -9999 -9999 -9999 -9999 -9999 -9999 -9999 -9999 -9999 -9999 -9999 315.13101 315.47101 319.13300 318.92300 317.08099 314.48999 311.36200 306.85699 309.60300 309.70300 308.05801 309.69199 310.99301 310.78900 313.49399 313.24701 304.07401 306.99100 289.38800 292.34601 276.61099 279.19699 279.74600 277.39899 283.75201 281.38300 299.60599 296.04401 294.41501 291.37701 292.08200 287.88300 279.33801 276.69299 281.99100 283.56000 281.26700 281.09601 280.58200 287.48001 286.44000 284.75101 286.16599 288.00500 291.77802 293.35901 295.85699 308.35300 298.58499 286.69299 293.54999 284.68900 282.54800
-9999 -9999 -9999 -9999 -9999 -9999 -9999 -9999 -9999 -9999 -9999 -9999 -9999 -9999 -9999 -9999 319.72501 319.82999 320.89499 320.52701 316.41299 312.86700 312.72800 309.48199 305.93799 308.28500 307.56601 305.23801 307.16000 308.85001 308.84900 311.29300 310.50299 301.53101 303.04099 286.63300 289.93900 276.70401 279.09299 277.04401 274.76999 282.51700 279.87201 296.64200 293.19699 292.48901 290.52600 293.12100 289.59601 279.64899 276.88400 282.21799 283.37601 280.97101 280.34500 278.37701 280.01700 281.23700 281.85800 287.55099 286.74200 286.38300 291.44501 304.97101 294.13501 290.03699 285.65900 284.86499 277.79901 278.03299
-9999 -9999 -9999 -9999 -9999 -9999 -9999 -9999 -9999 -9999 -9999 -9999 -9999 315.41501 319.50900 316.52301 317.56000 322.65500 317.66299 314.56400 310.92401 312.98499 309.04199 306.83301 305.76999 305.81500 305.24200 309.68301 310.19699 311.61801 312.07901 309.92300 310.33499 303.38101 304.63000 303.33099 305.57800 305.97198 308.65500 307.09299 304.41400 301.00500 297.37201 293.92599 290.22800 291.57199 291.13501 292.03500 291.13901 288.88501 286.30200 282.82800 280.48099 276.86600 274.54401 278.94800 279.85901 280.73401 282.24301 284.50400 285.80200 282.76700 283.70001 267.22299 262.71600 253.70000 251.42999 253.13901 252.57001 257.37799
-9999 -9999 -9999 -9999 -9999 -9999 -9999 -9999 -9999 -9999 -9999 -9999 314.18799 317.87900 320.12100 315.96799 314.82001 316.00800 314.98001 310.57101 311.18701 309.55701 307.51099 305.92700 305.26999 304.78500 304.45801 307.87399 309.06299 308.61801 309.06500 308.76901 309.63101 302.69800 301.87201 300.92099 302.88400 303.69601 305.50400 302.02499 300.83301 298.44199 295.70099 292.25101 287.91400 288.60300 287.86801 289.64001 291.67700 292.77701 289.04401 284.44501 282.17899 277.82001 273.81799 275.55701 276.83200 282.73801 285.90100 286.58301 285.47501 277.67401 277.10400 261.50400 257.66800 248.74400 249.22301 249.35800 250.05299 258.90601
-9999 -9999 -9999 -9999 -9999 -9999 -9999 -9999 -9999 -9999 -9999 320.68900 320.20499 320.28500 316.76300 312.55801 312.60300 311.34900 311.57800 310.83499 308.76099 306.41299 304.59698 305.50699 305.47101 307.01001 307.42200 309.55099 306.87601 308.06601 309.47000 309.53400 309.81601 308.76099 307.52200 307.86801 310.78799 311.75800 310.25500 305.62399 302.47400 301.69400 297.03201 295.06900 291.58499 288.56500 288.77301 288.08899 288.78299 288.47299 287.55399 290.92401 287.19800 283.16299 280.84900 277.85501 275.75601 281.95001 278.88300 274.86801 274.96899 268.98199 267.25699 256.31799 254.84801 243.79401 243.77299 245.82001 251.13901 259.18701
-9999 -9999 -9999 -9999 -9999 -9999 -9999 -9999 -9999 -9999 323.23700 320.87100 318.20801 318.38199 315.14301 311.33301 311.63501 311.42999 311.22699 309.12601 307.90100 304.26199 302.86401 305.45099 304.39200 305.67801 306.44501 308.19800 308.01199 308.83801 310.45599 309.45901 311.37900 309.37399 310.07401 309.08499 311.54501 310.86401 307.04599 300.57501 296.63901 294.26300 290.15399 289.86801 287.90701 285.51300 284.97101 283.86899 284.17300 284.40601 285.20499 290.51501 287.70700 285.34799 282.85400 280.08499 279.26801 282.10699 276.46201 272.89801 272.72900 266.98099 266.54999 254.46700 253.78000 242.36000 242.91901 245.11900 251.22800 261.85101
-9999 -9999 -9999 -9999 -9999 -9999 -9999 -9999 -9999 317.83200 319.12701 315.64700 317.16400 316.97501 315.60699 314.16599 314.36700 312.54001 311.67599 308.83899 306.95001 308.32501 308.20700 307.91501 307.32401 306.84299 305.15302 306.39200 305.92099 304.87000 305.73401 307.25500 308.75201 308.10901 310.63400 314.91901 315.21799 305.75900 301.81699 297.85901 292.15100 290.10800 285.61499 285.69400 285.30200 284.76001 282.87900 282.64499 283.73001 283.04099 287.18399 285.50201 287.48700 290.63599 290.82300 278.65399 275.40900 272.13501 270.55600 272.99100 273.13800 268.09601 267.16501 263.15900 262.03000 262.75800 263.14999 247.26500 252.40100 257.17401
-9999 -9999 -9999 -9999 -9999 -9999 -9999 -9999 -9999 -9999 319.26199 315.71100 314.90399 314.92099 313.80499 312.92700 313.96399 312.74600 312.49799 310.88101 309.99100 309.55701 308.44699 -9999 -9999 -9999 -9999 -9999 -9999 306.61099 307.28601 307.34601 309.29800 309.72101 311.81699 315.00299 312.64499 302.47198 298.41501 292.41400 287.47900 285.41199 281.23901 282.19400 282.68100 281.96301 282.13400 281.08801 281.26300 280.13300 283.71899 282.75601 287.69800 289.74200 288.97800 275.99500 272.19400 271.61401 269.85300 271.81500 271.88400 268.42801 267.81601 264.59201 270.16699 264.25000 267.72101 249.37399 268.88300 266.34100
-9999 -9999 -9999 -9999 -9999 -9999 -9999 -9999 -9999 -9999 -9999 -9999 319.68900 317.25201 316.90701 317.84399 317.78900 318.44199 318.13800 -9999 -9999 -9999 -9999 -9999 -9999 -9999 -9999 -9999 -9999 -9999 -9999 -9999 -9999 309.50101 312.52200 309.25500 305.87399 302.45901 297.40100 291.12100 285.47900 282.47900 278.81100 283.22800 282.78101 282.09799 280.84100 277.68201 278.43100 275.01001 277.35001 280.74100 282.94199 281.40799 278.77701 272.22699 271.98901 271.35800 268.50201 269.34201 270.10501 269.26599 270.79300 266.43900 266.34299 266.24200 269.05301 252.07500 256.03799 253.07700
-9999 -9999 -9999 -9999 -9999 -9999 -9999 -9999 -9999 -9999 -9999 -9999 -9999 -9999 -9999 -9999 -9999 -9999 -9999 -9999 -9999 -9999 -9999 -9999 -9999 -9999 -9999 -9999 -9999 -9999 -9999 -9999 -9999 -9999 308.78500 306.33099 300.83600 300.00601 293.56699 288.22400 283.07599 281.58701 279.76099 282.12000 282.30899 281.19800 280.35199 276.98801 278.57501 274.38000 276.82599 277.47000 279.32101 278.32800 276.75000 270.56601 271.70999 275.79401 272.86499 272.56500 270.85999 269.22101 267.67001 264.64001 263.85101 266.99100 272.54800 255.59100 264.40100 255.21300
