data/hydroclimate-scenarios/BCSD_hadcm_B1/monthly_summaries/isr_monthly_avg_jan.2030-2059.asc
ncols	311
nrows	91
xllcenter	102.75
yllcenter	31.75
cellsize	0.5
NODATA_value	-9999
[rows 0 to 31 of 91, columns 213 to 283 of 311]
-9999 -9999 -9999 -9999 -9999 -9999 -9999 -9999 -9999 -9999 -9999 -9999 -9999 -9999 -9999 -9999 -9999 -9999 -9999 -9999 -9999 -9999 -9999 -9999 -9999 -9999 -9999 -9999 -9999 -9999 -9999 -9999 -9999 -9999 -9999 -9999 -9999 -9999 -9999 -9999 -9999 -9999 -9999 -9999 -9999 -9999 -9999 -9999 -9999 -9999 -9999 -9999 -9999 -9999 -9999 -9999 -9999 -9999 -9999 -9999 -9999 -9999 -9999 -9999 -9999 -9999 -9999 -9999 -9999 -9999 -9999
-9999 -9999 -9999 -9999 -9999 -9999 -9999 -9999 -9999 -9999 -9999 -9999 -9999 -9999 -9999 -9999 -9999 -9999 -9999 -9999 -9999 -9999 -9999 -9999 -9999 -9999 -9999 -9999 -9999 -9999 -9999 -9999 -9999 -9999 -9999 -9999 -9999 -9999 -9999 -9999 -9999 -9999 -9999 -9999 -9999 -9999 -9999 -9999 -9999 -9999 -9999 -9999 -9999 -9999 -9999 -9999 -9999 -9999 -9999 -9999 -9999 -9999 -9999 -9999 -9999 -9999 -9999 -9999 -9999 -9999 -9999
-9999 -9999 -9999 -9999 -9999 -9999 -9999 -9999 -9999 -9999 -9999 -9999 -9999 -9999 -9999 -9999 -9999 -9999 -9999 -9999 -9999 -9999 -9999 -9999 -9999 -9999 -9999 -9999 -9999 -9999 -9999 -9999 -9999 -9999 -9999 -9999 -9999 -9999 -9999 -9999 -9999 -9999 -9999 -9999 -9999 -9999 -9999 -9999 -9999 -9999 -9999 -9999 -9999 -9999 -9999 -9999 -9999 -9999 -9999 -9999 -9999 -9999 -9999 -9999 -9999 -9999 -9999 -9999 -9999 -9999 -9999
-9999 -9999 -9999 -9999 -9999 -9999 -9999 -9999 -9999 -9999 -9999 -9999 -9999 -9999 -9999 -9999 -9999 -9999 -9999 -9999 -9999 -9999 -9999 -9999 -9999 -9999 -9999 -9999 -9999 -9999 -9999 -9999 -9999 -9999 -9999 -9999 -9999 -9999 -9999 -9999 -9999 -9999 -9999 -9999 -9999 -9999 -9999 -9999 -9999 -9999 -9999 -9999 -9999 -9999 -9999 -9999 -9999 -9999 -9999 -9999 -9999 -9999 -9999 -9999 -9999 -9999 -9999 -9999 -9999 -9999 -9999
-9999 -9999 -9999 -9999 -9999 -9999 -9999 -9999 -9999 -9999 -9999 -9999 -9999 -9999 -9999 -9999 -9999 -9999 -9999 -9999 -9999 -9999 -9999 -9999 -9999 -9999 -9999 -9999 -9999 -9999 -9999 -9999 -9999 -9999 -9999 -9999 -9999 -9999 -9999 -9999 -9999 -9999 -9999 -9999 -9999 -9999 -9999 -9999 -9999 -9999 -9999 -9999 -9999 -9999 -9999 -9999 -9999 -9999 -9999 -9999 -9999 -9999 -9999 -9999 -9999 -9999 -9999 -9999 -9999 -9999 -9999
-9999 -9999 -9999 -9999 -9999 -9999 -9999 -9999 -9999 -9999 -9999 -9999 -9999 -9999 -9999 -9999 -9999 -9999 -9999 -9999 -9999 -9999 -9999 -9999 -9999 -9999 -9999 -9999 -9999 -9999 -9999 -9999 -9999 -9999 -9999 -9999 -9999 -9999 -9999 -9999 -9999 -9999 -9999 -9999 -9999 -9999 -9999 -9999 -9999 -9999 -9999 -9999 -9999 -9999 -9999 -9999 -9999 -9999 -9999 -9999 -9999 -9999 -9999 -9999 -9999 -9999 -9999 -9999 -9999 -9999 -9999
-9999 -9999 -9999 -9999 -9999 -9999 -9999 -9999 -9999 -9999 -9999 -9999 -9999 -9999 -9999 -9999 -9999 -9999 -9999 -9999 -9999 -9999 -9999 -9999 -9999 -9999 -9999 -9999 -9999 -9999 -9999 -9999 -9999 -9999 -9999 -9999 -9999 -9999 -9999 -9999 -9999 -9999 -9999 -9999 -9999 -9999 -9999 -9999 -9999 -9999 -9999 -9999 -9999 -9999 -9999 -9999 -9999 -9999 -9999 -9999 -9999 -9999 -9999 -9999 -9999 -9999 -9999 -9999 -9999 -9999 -9999
-9999 -9999 -9999 -9999 -9999 -9999 -9999 -9999 -9999 -9999 -9999 -9999 -9999 -9999 -9999 -9999 -9999 -9999 -9999 -9999 -9999 -9999 -9999 -9999 -9999 -9999 -9999 -9999 -9999 -9999 -9999 -9999 -9999 -9999 -9999 -9999 -9999 -9999 -9999 -9999 -9999 -9999 -9999 -9999 -9999 -9999 -9999 -9999 -9999 -9999 -9999 -9999 -9999 -9999 -9999 -9999 -9999 -9999 -9999 -9999 -9999 -9999 -9999 -9999 -9999 -9999 -9999 -9999 -9999 -9999 -9999
-9999 -9999 -9999 -9999 -9999 -9999 -9999 -9999 -9999 -9999 -9999 -9999 -9999 -9999 -9999 -9999 -9999 -9999 -9999 -9999 -9999 -9999 -9999 -9999 -9999 -9999 -9999 -9999 -9999 -9999 -9999 -9999 -9999 -9999 -9999 -9999 -9999 -9999 -9999 -9999 -9999 -9999 -9999 -9999 -9999 -9999 -9999 -9999 -9999 -9999 -9999 -9999 -9999 -9999 -9999 -9999 -9999 -9999 -9999 -9999 -9999 -9999 -9999 -9999 -9999 -9999 -9999 -9999 -9999 -9999 -9999
-9999 -9999 -9999 -9999 -9999 -9999 -9999 -9999 -9999 -9999 -9999 -9999 -9999 -9999 -9999 -9999 -9999 -9999 -9999 -9999 -9999 -9999 -9999 -9999 -9999 -9999 -9999 -9999 -9999 -9999 -9999 -9999 -9999 -9999 -9999 -9999 -9999 -9999 -9999 -9999 -9999 -9999 -9999 -9999 -9999 -9999 -9999 -9999 -9999 -9999 -9999 -9999 -9999 -9999 -9999 -9999 -9999 -9999 -9999 -9999 -9999 -9999 -9999 -9999 -9999 -9999 -9999 -9999 -9999 -9999 -9999
-9999 -9999 -9999 -9999 -9999 -9999 -9999 -9999 -9999 -9999 -9999 -9999 -9999 -9999 -9999 -9999 -9999 -9999 -9999 -9999 -9999 -9999 -9999 -9999 -9999 -9999 -9999 -9999 -9999 -9999 -9999 -9999 -9999 -9999 -9999 -9999 -9999 -9999 -9999 -9999 -9999 -9999 -9999 -9999 -9999 -9999 -9999 -9999 -9999 -9999 -9999 -9999 -9999 -9999 -9999 -9999 -9999 -9999 -9999 -9999 -9999 -9999 -9999 -9999 -9999 -9999 -9999 -9999 -9999 -9999 -9999
-9999 -9999 -9999 -9999 -9999 -9999 -9999 -9999 -9999 -9999 -9999 -9999 -9999 -9999 -9999 -9999 -9999 -9999 -9999 -9999 -9999 -9999 -9999 -9999 -9999 -9999 -9999 -9999 -9999 -9999 -9999 -9999 -9999 -9999 -9999 -9999 -9999 -9999 -9999 -9999 -9999 -9999 -9999 -9999 -9999 -9999 -9999 -9999 -9999 -9999 -9999 -9999 -9999 -9999 -9999 -9999 -9999 -9999 -9999 -9999 -9999 -9999 -9999 -9999 -9999 -9999 -9999 -9999 -9999 -9999 -9999
-9999 -9999 -9999 -9999 -9999 -9999 -9999 -9999 -9999 -9999 -9999 -9999 -9999 -9999 -9999 -9999 -9999 -9999 -9999 -9999 -9999 -9999 -9999 -9999 -9999 -9999 -9999 -9999 -9999 -9999 -9999 -9999 -9999 -9999 -9999 -9999 -9999 -9999 -9999 -9999 -9999 -9999 -9999 -9999 -9999 -9999 -9999 -9999 -9999 -9999 -9999 -9999 -9999 -9999 -9999 -9999 -9999 -9999 -9999 -9999 -9999 -9999 -9999 -9999 -9999 -9999 -9999 -9999 -9999 -9999 -9999
2.81472 2.81482 2.81479 2.81475 2.81511 2.81510 -9999 -9999 -9999 -9999 -9999 -9999 -9999 -9999 -9999 -9999 -9999 -9999 -9999 -9999 -9999 -9999 -9999 -9999 -9999 -9999 -9999 -9999 -9999 -9999 -9999 -9999 -9999 -9999 -9999 -9999 -9999 -9999 -9999 -9999 -9999 -9999 -9999 -9999 -9999 -9999 -9999 2.81477 -9999 -9999 -9999 -9999 -9999 -9999 -9999 -9999 -9999 -9999 -9999 -9999 -9999 -9999 -9999 -9999 -9999 -9999 -9999 -9999 -9999 -9999 -9999
3.92280 3.92311 3.92503 3.92510 3.92470 3.92500 3.91994 3.92011 3.92064 3.92079 3.92174 3.92236 3.92205 3.92073 3.92015 3.92005 3.91994 3.91961 3.91897 -9999 -9999 -9999 -9999 -9999 -9999 -9999 -9999 -9999 -9999 -9999 -9999 -9999 -9999 -9999 -9999 -9999 -9999 -9999 -9999 -9999 -9999 -9999 3.91234 3.92164 3.91916 3.88648 0.27962 3.92105 3.92341 -9999 -9999 -9999 3.92178 -9999 -9999 -9999 3.92256 3.92416 3.92463 -9999 -9999 -9999 -9999 -9999 -9999 -9999 -9999 -9999 -9999 -9999 -9999
5.18852 5.18860 5.19449 5.19516 5.19425 5.19466 5.16298 0.05492 0.05821 0.06075 0.06283 0.07272 0.07070 0.07495 0.07684 0.06954 0.06655 0.06535 0.06191 0.06366 0.89061 1.23658 5.18041 5.19238 5.18680 -9999 -9999 -9999 -9999 -9999 5.18688 5.18729 5.18754 5.18746 5.18773 5.18714 5.18623 5.18638 5.18789 5.18807 5.18655 5.18674 5.05006 5.07820 0.37812 5.04838 0.54589 5.06771 5.18976 5.18970 5.18831 5.18751 5.18765 5.18829 5.18776 5.18790 5.19155 5.19488 5.19526 5.19549 5.19578 5.19372 5.19288 5.19035 -9999 -9999 -9999 -9999 -9999 -9999 -9999
6.62442 6.62705 6.62670 6.62298 6.61725 6.55190 0.12134 0.13319 0.13587 0.13506 0.35410 0.35391 0.13673 0.35117 0.34197 0.34230 0.12810 0.12437 0.12380 0.94215 1.56831 1.57114 6.59542 6.31076 6.55285 6.58958 6.60162 6.60715 6.61120 6.61019 6.60818 6.60864 6.60882 6.61113 6.61221 6.60992 6.60825 6.61041 6.61372 6.61297 6.61046 6.61142 6.60755 6.60944 6.60838 6.60658 6.61028 6.61043 6.60981 6.60898 6.61062 6.60959 6.60960 6.61078 6.61075 6.61452 6.61414 6.61602 6.62248 6.62359 6.62633 6.62915 6.62630 6.62718 6.62012 6.61330 6.60901 6.60865 6.60468 6.60546 6.61008
8.21671 5.67484 8.24441 0.47974 0.48887 0.50283 0.47465 0.21904 0.21803 0.20973 0.20177 0.20007 0.20899 0.20477 0.19413 0.19017 0.93930 1.68857 7.94324 8.01658 7.99955 8.12888 8.25481 8.25735 8.19013 8.21162 8.18491 8.23909 8.26344 8.26559 8.25716 8.23929 8.23909 8.24063 8.24352 8.24577 8.24974 8.25150 8.25355 8.25201 8.24773 8.24777 8.23740 8.23350 8.23108 8.23076 8.23569 8.23719 8.23758 8.23685 8.23859 8.24067 8.24203 8.24617 8.24548 8.24835 8.24924 8.24842 8.25279 8.25538 8.26915 8.27308 8.26760 8.26618 8.25316 8.24986 8.24189 8.24692 8.24624 8.24565 8.24881
10.21750 10.22380 10.12330 9.92902 9.97815 9.80573 9.78076 9.70717 9.66932 9.65236 9.62960 9.61534 9.24299 9.21453 0.88791 9.24424 9.94009 9.55827 9.60765 9.57292 10.09620 10.15960 10.17390 10.17120 10.12710 10.11620 10.14790 10.01970 9.99160 10.14360 10.19510 10.15860 10.15740 10.15690 10.16730 10.17160 10.17890 10.17620 10.16920 10.16960 10.17020 10.16760 10.15160 10.15170 10.15020 10.15030 10.16470 10.16650 10.16170 10.15950 10.15660 10.15610 10.15450 10.15620 10.15250 10.15080 10.14820 10.15490 10.16920 10.17260 10.17790 10.18010 10.16110 10.16160 10.17480 10.17920 10.17030 10.16670 10.16030 10.15720 10.16240
12.42010 12.43070 12.44030 12.42140 12.40210 12.38740 12.33100 12.10150 12.34760 12.32440 12.30220 12.27880 12.24160 12.21510 12.23330 12.22320 12.20600 12.26350 12.37690 12.38470 12.37450 12.37860 12.36540 12.39250 12.20170 12.29420 12.35260 12.36910 12.40430 12.42810 12.42390 12.39350 12.36920 12.36890 12.37690 12.37310 12.37450 12.37130 12.37590 12.38380 12.37800 12.36570 12.36810 12.37410 12.36080 12.35610 12.37610 12.37690 12.37460 12.36180 12.35600 12.37180 12.36190 12.35990 12.34620 12.34800 12.35680 12.35760 12.36810 12.36170 12.36700 12.35830 12.35100 12.36230 12.38840 12.39190 12.38540 12.39360 12.39670 12.38460 12.39330
14.92700 14.98050 14.99040 14.96170 14.92460 14.86640 14.83740 14.82440 14.73000 14.68530 14.68580 14.68440 14.69330 14.72820 14.75750 14.80520 14.82840 14.83590 14.95640 14.87470 13.72030 13.72750 14.47150 14.25580 14.37130 14.77530 14.86780 14.91720 14.95500 15.00660 14.97300 14.92500 14.88780 14.87740 14.88520 14.87310 14.89130 14.89800 14.90900 14.90980 14.89870 14.87490 14.87520 14.87530 14.85810 14.84840 14.87040 14.87980 14.87990 14.87740 14.87920 14.87210 14.86870 14.87380 14.86040 14.85950 14.87420 14.85610 14.86020 14.84270 14.83770 14.82630 14.83540 14.85840 14.87300 14.89060 14.90980 14.92710 14.92740 14.92280 14.93370
16.88630 16.88320 16.83610 16.66250 16.58930 16.60280 16.57730 16.60930 16.58900 16.56520 16.54300 16.55310 16.60670 16.65810 16.65970 16.64480 16.66390 16.66670 16.86730 16.88510 14.70250 1.95068 1.46058 14.88540 15.89780 16.73130 16.90120 16.92990 16.90660 16.94640 16.95710 16.91960 16.86410 16.82760 16.82760 16.81540 16.82980 16.81610 16.83380 16.82510 16.80800 16.78110 16.76630 16.75680 16.71920 16.73020 16.77700 16.77950 16.78010 16.78450 16.78400 16.77610 16.74800 16.74130 16.72360 16.70510 16.71770 16.73600 16.75620 16.74440 16.71390 16.71620 16.71710 16.74090 16.72920 16.70550 16.76680 16.80600 16.83300 16.84980 16.88570
18.62630 18.49690 18.41830 18.44130 18.39800 18.46700 18.56800 18.61000 18.62170 18.57220 18.02440 17.81760 18.07560 18.08850 18.40360 18.39860 18.39870 18.28620 18.53010 18.59170 15.99890 2.43726 1.90044 16.17550 16.30400 17.76690 18.32960 18.46870 18.64120 18.66910 18.66640 18.61350 18.61660 18.65180 18.60270 18.59930 18.59450 18.59240 18.59510 18.57480 18.54040 18.49540 18.42920 18.39910 18.39020 18.43530 18.48060 18.52140 18.53480 18.53030 18.52930 18.52390 18.46770 18.44590 18.41500 18.45410 18.42950 18.41870 18.38760 18.34180 18.40620 18.35370 18.39660 18.43580 18.41110 18.43170 18.45430 18.47620 18.52960 18.55490 18.61290
19.98350 19.99500 20.16500 19.94490 19.55040 19.79660 20.09460 20.10660 20.21250 18.74640 17.87080 17.98680 2.79960 18.36400 17.65760 17.63540 19.90940 19.94040 20.16900 20.24180 17.99350 2.96136 16.96440 17.43210 17.59320 17.58870 18.86210 19.13820 19.81890 20.34420 20.39270 20.36490 20.39930 20.39760 20.47850 20.35760 20.20420 20.41250 20.47010 20.34650 20.37370 20.34770 20.26720 20.20820 20.20920 20.17210 20.12460 20.07350 20.10240 20.12650 20.10250 20.03380 20.05800 20.03710 19.97840 20.01930 19.96000 19.90010 19.90710 19.99760 20.06460 19.93950 19.97100 20.02750 19.96360 20.02120 19.96850 20.01280 20.08760 20.11640 20.16330
21.01810 21.02820 21.23650 21.12360 21.05590 21.15780 21.15520 21.25040 21.49880 21.55150 18.31600 17.85080 4.49456 3.99644 2.95829 4.00872 2.50935 2.93837 2.95153 21.92950 21.93310 3.53546 2.58918 2.68193 3.18740 18.15580 3.18658 18.58750 19.07020 19.71480 19.07820 19.14750 19.68440 19.59010 19.01350 19.62370 19.79890 19.70840 21.28180 21.87010 22.04640 22.05040 22.00690 21.94220 21.98370 22.00560 22.13020 21.93610 21.76140 21.65470 21.62510 21.52260 21.53400 21.61920 21.62190 21.55220 21.51950 21.52340 21.41040 21.45430 21.51280 21.62940 21.70470 21.69060 21.55590 21.44290 21.44730 21.52850 21.56650 21.58850 21.61880
21.98210 22.06710 22.37850 22.37590 22.53690 22.55530 22.87830 22.49440 22.24660 22.22350 21.80880 22.14730 21.86590 20.03110 4.77868 3.68260 3.60156 3.63685 19.35160 21.02050 21.34140 23.27260 18.59280 20.83130 19.24650 18.90080 19.00000 19.40440 20.16180 22.44980 22.39640 22.90170 21.30520 21.80460 20.28150 20.87440 22.19210 22.04770 23.39370 23.78920 23.66510 23.77630 23.61310 23.61820 23.56370 23.57540 23.81120 23.70790 23.56490 23.41140 23.31800 23.20530 23.06360 23.27130 23.37610 23.18970 23.11360 23.09120 23.03050 23.05110 23.07230 23.20940 23.23630 23.17120 23.13010 23.14570 23.04980 22.99990 23.11360 23.10850 23.14700
24.59360 24.74360 25.07440 25.17560 24.98260 25.40620 25.67240 25.84540 24.52330 25.27280 24.97280 25.17610 24.85200 24.04370 23.72010 23.81380 23.38160 23.47210 23.44550 20.90110 24.20330 22.60350 23.41760 24.42370 24.13410 24.66450 24.94540 25.08380 25.19790 25.22350 25.24170 25.04270 24.53050 24.52620 24.46830 24.74010 23.73630 24.61850 25.11520 25.39430 25.30310 25.30580 25.35200 25.38170 25.36880 25.24830 25.49500 25.58140 25.41900 25.19160 24.93960 24.83920 24.70830 24.60460 24.77100 24.88490 24.75250 24.70770 24.66050 24.62540 24.53190 24.61860 24.65660 24.68490 24.81040 24.72030 24.65580 24.62230 24.59250 24.66280 24.64500
27.38450 27.25620 27.12930 27.02900 27.04290 26.95350 26.97820 27.09900 27.22770 27.26170 27.07120 27.64590 27.45190 27.19630 27.07110 26.01040 24.20840 24.08540 26.92280 26.95460 27.02960 27.02190 26.64730 26.91470 25.79700 26.28700 26.41520 26.79650 26.69700 26.78020 26.94690 25.68120 24.13330 24.91560 23.48170 24.46490 25.57070 26.19950 26.59220 26.88790 26.78170 26.98800 27.05180 26.93990 26.97160 26.97400 27.41540 27.42340 27.18630 27.00600 26.76050 26.63680 26.55030 26.38820 26.25840 26.45280 26.34590 26.27000 26.17110 26.26090 26.12940 26.15570 26.09880 25.93060 26.17610 26.25110 26.24360 26.27150 26.13510 26.12940 25.97150
28.61660 28.07450 28.22690 28.49270 28.56460 28.63970 28.54370 27.71700 27.86860 28.05420 27.83990 27.82270 27.06870 27.65680 27.98310 28.46150 27.88920 25.07910 28.30350 28.38360 28.61730 28.72840 28.43590 28.04110 23.39770 22.14100 27.23330 27.78940 27.33830 27.88380 27.75520 26.35230 25.30790 23.15750 23.24430 25.57610 27.32630 27.65440 28.22470 28.39450 28.23490 28.35730 28.52910 28.46660 28.77610 28.76560 29.20050 29.31790 29.10890 29.20170 28.70550 28.53670 28.35000 28.01940 28.12760 27.70710 27.91340 27.88120 27.53640 27.48470 27.53750 27.48480 27.37660 27.51100 27.72820 27.87560 27.92030 27.96320 27.80830 27.48540 27.34170
29.18410 28.74290 29.61710 30.47100 31.02940 30.99820 30.38580 29.33160 28.27670 28.45670 28.07240 27.90440 29.84900 31.09150 31.13790 30.98430 31.00740 30.51070 30.67470 30.64120 30.41230 30.39690 29.96370 30.11770 29.85610 27.69490 27.68290 26.59820 28.14020 28.45430 27.90980 26.08050 26.12250 23.74360 25.04540 26.57550 29.30770 29.59060 30.04070 30.04260 29.89950 29.96680 30.11270 30.31120 30.39390 30.50840 30.70140 30.86170 31.12110 31.08950 30.55910 30.40280 30.25260 29.92390 29.84610 29.13380 29.28790 29.44210 29.06710 29.23420 29.57990 29.95740 30.00340 30.00480 29.98760 29.70610 29.33780 29.37430 29.34210 29.22130 28.98270
30.28830 29.79490 29.92690 31.27980 32.04090 32.30180 32.38810 32.49780 32.09900 31.81300 31.91020 30.96350 31.48220 32.29710 33.18120 33.59510 33.55960 33.36460 33.19370 32.94720 32.74480 32.80610 32.65290 32.83180 32.10690 31.32150 32.42830 32.59130 31.72780 30.91380 28.18220 26.46700 26.51550 26.46820 27.73570 29.98000 31.35540 31.76660 31.94870 32.08360 32.10390 32.35390 32.13310 32.44630 32.51620 32.36400 32.86640 32.63360 32.53960 32.36120 32.08570 32.24600 32.55070 32.03310 31.39580 31.43770 31.10500 31.14650 30.11780 30.12740 30.05440 30.42360 30.89780 30.89170 30.99090 30.95430 30.58250 30.69670 30.64190 30.74500 30.97330
28.90590 -9999 29.38750 32.37880 33.60080 34.09590 -9999 34.44020 33.67710 33.62110 34.20230 34.11280 33.98160 33.90010 33.94930 33.89610 33.64140 34.58290 35.56980 36.10190 36.36790 36.38020 35.52180 35.14450 34.85170 35.00960 35.21600 34.83700 34.67390 34.17980 33.06490 30.28040 28.40410 29.25650 31.49310 32.67690 33.65020 33.80230 34.31600 34.31760 34.35090 34.36940 34.04710 33.83480 34.30890 34.13350 34.62860 34.40840 34.23110 34.06400 33.83810 33.77670 34.06780 33.81150 32.97540 32.85600 31.96020 31.95730 31.82770 31.95890 31.61840 31.33500 31.69490 31.87610 32.17070 32.35070 32.05260 31.91490 31.69980 31.74310 32.22370
