data/hydroclimate-scenarios/BCSD_hadcm_B1/monthly_summaries/isr_monthly_avg_nov.2070-2099.asc
ncols	311
nrows	91
xllcenter	102.75
yllcenter	31.75
cellsize	0.5
NODATA_value	-9999
[rows 0 to 31 of 91, columns 0 to 70 of 311]
-9999 -9999 -9999 -9999 -9999 -9999 -9999 -9999 -9999 -9999 -9999 -9999 -9999 -9999 -9999 -9999 -9999 -9999 -9999 -9999 -9999 -9999 -9999 -9999 -9999 -9999 -9999 -9999 -9999 -9999 -9999 -9999 -9999 -9999 -9999 -9999 -9999 -9999 -9999 -9999 -9999 -9999 -9999 -9999 -9999 -9999 -9999 -9999 -9999 -9999 -9999 -9999 -9999 -9999 -9999 -9999 -9999 -9999 -9999 -9999 -9999 -9999 -9999 -9999 -9999 -9999 -9999 -9999 -9999 -9999 -9999
-9999 -9999 -9999 -9999 -9999 -9999 -9999 -9999 -9999 -9999 -9999 -9999 -9999 -9999 -9999 -9999 -9999 -9999 -9999 -9999 -9999 -9999 -9999 -9999 -9999 -9999 -9999 -9999 -9999 -9999 -9999 -9999 -9999 -9999 -9999 -9999 -9999 -9999 -9999 -9999 -9999 -9999 -9999 -9999 -9999 -9999 -9999 -9999 -9999 -9999 -9999 -9999 -9999 -9999 -9999 -9999 -9999 -9999 -9999 -9999 -9999 -9999 -9999 -9999 -9999 -9999 -9999 -9999 -9999 -9999 -9999
-9999 -9999 -9999 -9999 -9999 -9999 -9999 -9999 -9999 -9999 -9999 -9999 -9999 -9999 -9999 -9999 -9999 -9999 -9999 -9999 -9999 -9999 -9999 -9999 -9999 -9999 -9999 -9999 -9999 -9999 -9999 -9999 -9999 -9999 -9999 -9999 -9999 -9999 -9999 -9999 -9999 -9999 -9999 -9999 -9999 -9999 -9999 -9999 -9999 -9999 -9999 -9999 -9999 -9999 -9999 -9999 -9999 -9999 -9999 -9999 -9999 -9999 -9999 -9999 -9999 -9999 -9999 -9999 -9999 -9999 -9999
-9999 -9999 -9999 -9999 -9999 -9999 -9999 -9999 -9999 -9999 -9999 -9999 -9999 -9999 -9999 -9999 -9999 -9999 -9999 -9999 -9999 -9999 -9999 -9999 -9999 -9999 -9999 -9999 -9999 -9999 -9999 -9999 -9999 -9999 -9999 -9999 -9999 -9999 -9999 -9999 -9999 -9999 -9999 -9999 -9999 -9999 -9999 -9999 -9999 -9999 -9999 -9999 -9999 -9999 -9999 -9999 -9999 -9999 -9999 -9999 -9999 -9999 -9999 -9999 -9999 -9999 -9999 -9999 -9999 -9999 -9999
-9999 -9999 -9999 -9999 -9999 -9999 -9999 -9999 -9999 -9999 -9999 -9999 -9999 -9999 -9999 -9999 -9999 -9999 -9999 -9999 -9999 -9999 -9999 -9999 -9999 -9999 -9999 -9999 -9999 -9999 -9999 -9999 -9999 -9999 -9999 -9999 -9999 -9999 -9999 -9999 -9999 -9999 -9999 -9999 -9999 -9999 -9999 -9999 -9999 -9999 -9999 -9999 -9999 -9999 -9999 -9999 -9999 -9999 -9999 -9999 -9999 -9999 -9999 -9999 -9999 -9999 -9999 -9999 -9999 -9999 -9999
-9999 -9999 -9999 -9999 -9999 -9999 -9999 -9999 -9999 -9999 -9999 -9999 -9999 -9999 -9999 -9999 -9999 -9999 -9999 -9999 -9999 -9999 -9999 -9999 -9999 -9999 -9999 -9999 -9999 -9999 -9999 -9999 -9999 -9999 -9999 -9999 -9999 -9999 -9999 -9999 -9999 -9999 -9999 -9999 -9999 -9999 -9999 -9999 -9999 -9999 -9999 -9999 -9999 -9999 -9999 -9999 -9999 -9999 -9999 -9999 -9999 -9999 -9999 -9999 -9999 -9999 -9999 -9999 -9999 -9999 -9999
-9999 -9999 -9999 -9999 -9999 -9999 -9999 -9999 -9999 -9999 -9999 -9999 -9999 -9999 -9999 -9999 -9999 -9999 -9999 -9999 -9999 -9999 -9999 -9999 -9999 -9999 -9999 -9999 -9999 -9999 -9999 -9999 -9999 -9999 -9999 -9999 -9999 -9999 -9999 -9999 -9999 -9999 -9999 -9999 -9999 -9999 -9999 -9999 -9999 -9999 -9999 -9999 -9999 -9999 -9999 -9999 -9999 -9999 -9999 -9999 -9999 -9999 -9999 -9999 -9999 -9999 -9999 -9999 -9999 -9999 -9999
-9999 -9999 -9999 -9999 -9999 -9999 -9999 -9999 -9999 -9999 -9999 -9999 -9999 -9999 -9999 -9999 -9999 -9999 -9999 -9999 -9999 -9999 -9999 -9999 -9999 -9999 -9999 -9999 -9999 -9999 -9999 -9999 -9999 -9999 -9999 -9999 -9999 -9999 -9999 -9999 -9999 -9999 1.51099 1.51089 1.51089 1.51079 1.51081 1.51072 1.51068 1.51081 1.51082 1.51107 -9999 -9999 -9999 -9999 -9999 -9999 -9999 -9999 -9999 -9999 -9999 -9999 -9999 -9999 -9999 -9999 -9999 -9999 -9999
-9999 -9999 -9999 -9999 -9999 -9999 -9999 -9999 -9999 -9999 -9999 -9999 -9999 -9999 -9999 -9999 -9999 -9999 -9999 -9999 -9999 -9999 -9999 -9999 -9999 -9999 -9999 -9999 -9999 -9999 -9999 -9999 -9999 -9999 -9999 -9999 -9999 -9999 2.36338 2.36392 2.36400 2.36373 2.36365 2.36345 2.36337 2.36324 2.36330 2.36324 2.36326 2.36349 2.36341 2.36361 2.36358 2.36312 -9999 -9999 -9999 -9999 -9999 -9999 -9999 -9999 -9999 -9999 -9999 -9999 -9999 -9999 -9999 -9999 -9999
-9999 -9999 -9999 -9999 -9999 -9999 -9999 -9999 -9999 -9999 -9999 -9999 -9999 -9999 -9999 -9999 -9999 -9999 -9999 -9999 -9999 -9999 -9999 -9999 -9999 -9999 -9999 -9999 -9999 -9999 -9999 -9999 -9999 -9999 -9999 -9999 -9999 -9999 -9999 -9999 3.32846 3.32821 3.32865 3.32845 3.32840 3.32788 3.32745 3.32692 3.32679 3.32782 3.32783 3.32776 3.32730 3.32017 -9999 -9999 -9999 -9999 -9999 -9999 -9999 -9999 -9999 -9999 -9999 -9999 -9999 -9999 -9999 -9999 -9999
-9999 -9999 -9999 -9999 -9999 -9999 -9999 -9999 -9999 -9999 -9999 -9999 -9999 -9999 -9999 -9999 -9999 -9999 -9999 -9999 -9999 -9999 -9999 -9999 -9999 -9999 -9999 -9999 -9999 -9999 -9999 -9999 -9999 -9999 -9999 -9999 -9999 -9999 -9999 -9999 -9999 -9999 -9999 -9999 4.40053 4.40158 4.40312 4.40117 4.39963 4.39823 4.39719 4.39766 4.39052 4.36322 -9999 -9999 -9999 -9999 -9999 -9999 4.37008 -9999 -9999 -9999 -9999 -9999 -9999 -9999 -9999 -9999 -9999
-9999 -9999 -9999 -9999 -9999 -9999 -9999 -9999 -9999 -9999 -9999 -9999 -9999 -9999 -9999 -9999 -9999 -9999 -9999 -9999 -9999 -9999 -9999 -9999 -9999 -9999 -9999 -9999 -9999 -9999 -9999 -9999 -9999 -9999 -9999 -9999 -9999 -9999 -9999 -9999 -9999 5.59396 5.59322 5.59461 5.59399 5.58890 5.59016 5.58924 5.58541 5.58117 5.58191 5.57592 5.55441 5.54054 -9999 -9999 -9999 -9999 -9999 5.48674 5.47686 5.47789 5.46870 5.47047 5.47202 5.47245 5.47492 5.45968 5.46130 5.46014 5.46118
-9999 -9999 -9999 -9999 -9999 -9999 -9999 -9999 -9999 -9999 -9999 -9999 -9999 -9999 -9999 -9999 -9999 -9999 -9999 -9999 -9999 -9999 -9999 -9999 -9999 -9999 -9999 -9999 -9999 -9999 -9999 -9999 -9999 -9999 -9999 -9999 -9999 -9999 -9999 -9999 -9999 6.87181 6.87729 6.87340 6.86548 6.85971 6.86046 6.86846 6.86654 6.85462 6.84515 6.83843 6.81346 6.77850 6.73885 6.71760 6.68499 -9999 6.62972 6.65057 6.63292 6.65764 6.63868 6.65590 6.65561 6.65196 6.63266 6.60702 6.60787 6.60039 6.60717
-9999 -9999 -9999 -9999 -9999 -9999 -9999 -9999 -9999 -9999 -9999 -9999 -9999 -9999 -9999 -9999 -9999 -9999 -9999 -9999 -9999 -9999 -9999 -9999 -9999 -9999 -9999 -9999 -9999 -9999 -9999 -9999 -9999 -9999 -9999 8.17222 8.19098 8.15709 8.16672 8.24270 8.24599 8.21548 8.22372 8.24238 8.24560 8.23006 8.22298 8.25150 8.25400 8.23262 8.22332 8.20091 8.18725 8.14101 8.08418 8.03837 7.96428 7.90588 7.85778 7.88004 7.85118 7.89519 7.86840 7.89069 7.88843 7.89907 7.88185 7.83372 7.82905 7.82300 7.82677
-9999 -9999 -9999 -9999 -9999 -9999 -9999 -9999 -9999 -9999 -9999 -9999 -9999 -9999 -9999 -9999 -9999 -9999 -9999 -9999 -9999 -9999 -9999 -9999 -9999 -9999 -9999 -9999 -9999 -9999 -9999 -9999 -9999 -9999 9.55124 9.60875 9.64007 9.61704 9.63263 9.69916 9.70891 9.70739 9.71456 9.69637 9.69623 9.73116 9.73022 9.75885 9.77807 9.74271 9.76901 9.66854 9.69072 9.64866 9.60887 9.50446 9.31638 9.29174 9.25491 9.18304 9.17829 9.25944 9.26640 9.28557 9.25978 9.21908 9.18789 9.18040 9.25780 9.19003 9.23564
-9999 -9999 -9999 -9999 -9999 -9999 -9999 -9999 -9999 -9999 -9999 -9999 -9999 -9999 -9999 -9999 -9999 -9999 -9999 -9999 -9999 -9999 -9999 -9999 -9999 -9999 -9999 -9999 -9999 -9999 -9999 -9999 -9999 11.08970 11.12400 11.15730 11.18810 11.19020 11.20830 11.28210 11.32020 11.32260 11.34000 11.31480 11.32250 11.35650 11.39420 11.41040 11.45090 11.46080 11.44000 11.41060 11.77150 11.27900 11.11860 10.98840 10.91860 10.75610 10.72900 10.66380 10.69520 10.69230 10.67270 10.67460 10.68970 10.67390 10.66440 10.68610 10.71320 10.61880 10.64940
-9999 -9999 -9999 -9999 -9999 -9999 -9999 -9999 -9999 -9999 -9999 -9999 -9999 -9999 -9999 -9999 -9999 -9999 -9999 -9999 -9999 -9999 -9999 -9999 -9999 -9999 -9999 -9999 -9999 -9999 -9999 12.62500 12.68090 12.65750 12.68670 12.78410 12.81240 12.83220 12.86980 12.89570 12.98650 13.02990 13.07780 13.08550 13.07270 13.16600 13.16640 13.11150 13.15880 13.18690 13.20620 13.19120 13.75210 13.16980 12.95460 12.73080 12.45310 12.39380 12.43240 12.35340 12.27100 12.20190 12.21910 12.22510 12.27920 12.33800 12.36660 12.27570 12.30030 12.25110 12.31340
-9999 -9999 -9999 -9999 -9999 -9999 -9999 -9999 -9999 -9999 -9999 -9999 -9999 -9999 -9999 -9999 -9999 -9999 -9999 -9999 -9999 -9999 -9999 -9999 -9999 -9999 -9999 -9999 -9999 14.22080 14.25740 14.51960 14.55710 14.49610 14.51770 14.62850 14.62440 14.65850 14.69380 14.70960 14.77240 14.88270 14.92940 14.94640 14.99740 15.12220 15.10380 15.13210 15.18650 15.23460 15.21950 15.35110 15.95170 15.05420 14.90110 14.69950 14.28720 14.27040 14.09730 14.06040 13.99140 13.97260 13.97850 14.06600 14.00950 14.03390 14.14560 14.12500 14.14770 14.09140 14.06470
-9999 -9999 -9999 -9999 -9999 -9999 -9999 -9999 -9999 -9999 -9999 -9999 -9999 -9999 -9999 -9999 -9999 -9999 -9999 -9999 -9999 -9999 -9999 -9999 16.18570 16.11200 16.05670 15.91280 15.96090 16.12750 16.22930 16.33990 16.36050 16.38510 16.47360 16.40720 16.45710 16.61050 16.67360 16.56940 16.49820 16.69210 16.74320 16.84050 16.89250 16.99860 16.95350 17.08060 17.20870 17.27890 17.23510 17.45390 17.37930 17.12300 16.79060 16.40420 16.18810 16.17050 16.09180 15.87350 15.79660 15.72870 15.72030 15.64810 15.65890 15.75790 15.71690 15.76630 15.84510 15.88150 16.15450
-9999 -9999 -9999 -9999 -9999 -9999 17.90700 17.87450 17.80880 17.50560 17.46610 -9999 -9999 -9999 -9999 -9999 -9999 -9999 -9999 -9999 -9999 17.53540 17.64500 17.73600 17.71520 17.62400 17.59500 17.49750 17.46870 17.63920 17.61890 17.74870 17.86500 17.83480 17.90000 17.88410 17.96470 18.05880 18.06790 17.93100 17.93500 18.06180 18.14440 18.32450 18.38110 18.46920 18.50930 18.64170 18.74670 18.88180 18.98430 19.04080 18.99860 18.75000 18.26350 17.85960 17.73700 17.63730 17.45290 17.27690 17.21900 17.23640 17.23910 17.19040 17.23110 17.15050 17.13580 17.20770 17.30180 17.30230 17.39640
-9999 -9999 -9999 -9999 -9999 19.43670 19.51390 19.49560 19.33400 19.35040 19.37570 19.35980 19.29940 19.29590 -9999 -9999 -9999 19.06760 19.08130 18.89930 18.89650 19.13470 19.06300 18.94430 19.01250 18.97620 18.94130 18.84920 18.84250 18.88390 18.90740 19.00190 19.07730 18.99460 19.06170 19.28060 19.28680 19.45360 19.52120 19.34870 19.34780 19.37240 19.36580 19.47700 19.67350 19.73080 19.89750 20.13390 20.29590 20.41070 20.42560 20.51430 20.30930 19.86460 19.60900 19.27640 19.11270 18.77730 18.55230 18.53010 18.42150 18.48550 18.48640 18.42300 18.51680 18.65050 18.67680 18.68910 18.64210 18.84250 18.88010
-9999 20.56400 20.61340 20.41800 20.58010 20.77390 20.86670 20.67960 20.80410 20.74450 20.76030 20.72120 20.74320 20.63920 20.51120 20.38770 20.16190 20.35430 20.35740 20.04250 19.98520 20.18030 20.14180 20.03210 19.98650 20.05310 20.00210 19.96150 19.99290 20.03830 19.98870 20.03230 20.04980 20.03140 20.05840 20.26760 20.35910 20.53020 20.59540 20.43080 20.44540 20.38170 20.45850 20.55650 20.63790 20.77560 21.03150 21.26090 21.34450 21.52380 21.60550 21.84300 21.56790 21.39460 21.13550 20.74600 20.43290 19.90520 19.82610 19.83510 19.67910 19.78300 19.92760 19.79840 19.94930 19.90710 19.89570 20.10640 19.94790 20.34200 20.62200
-9999 21.89250 21.78130 21.75880 21.70430 21.76220 21.74450 21.66150 21.62730 21.60440 21.65480 21.94970 22.19200 21.93650 21.83210 21.77120 21.67790 21.66010 21.53430 21.32820 21.38550 21.51550 21.43660 20.96790 20.91070 21.00210 21.00210 21.37790 21.36410 21.23870 21.17800 20.87600 20.88330 20.83510 20.86790 21.04890 21.14590 21.18890 21.27870 21.60360 21.40050 21.42610 21.49800 21.36650 21.37500 21.46330 21.61150 21.70900 22.01370 22.45090 22.43980 22.77990 22.75640 23.06090 22.76560 21.96220 21.46280 21.20200 21.05600 21.07880 21.04460 21.13490 21.17750 21.06030 21.18510 21.18710 21.33700 21.36610 21.53300 21.63690 21.70590
-9999 -9999 -9999 23.31760 23.32000 23.16410 23.09930 22.89630 22.90620 22.60190 22.74980 22.90900 22.96910 22.89880 22.97750 22.86400 22.69410 22.51340 22.58240 22.68980 22.57550 22.73650 22.58790 22.15430 21.96260 22.05040 21.93380 22.30410 22.20480 22.15790 22.11010 21.72910 21.72630 21.61210 21.65130 21.90330 21.94840 22.15600 22.18260 21.94640 22.13690 22.29460 22.34930 22.15050 22.17450 22.28310 22.56140 22.60120 22.79210 23.27480 23.55810 23.80030 23.98520 24.17720 23.73100 23.38590 22.77450 22.48930 22.52390 22.53850 22.31810 22.53340 22.56020 22.52900 22.40160 22.30570 22.29590 22.59100 22.95480 23.29900 23.38540
-9999 -9999 -9999 -9999 -9999 -9999 24.53890 24.20810 24.32720 23.94280 23.92000 24.03970 24.00060 23.91840 23.89960 23.78600 23.88870 23.78160 23.54980 23.68130 23.66480 23.53660 23.39520 23.17300 23.08800 23.39690 23.19590 23.25350 23.15320 23.22790 23.28010 22.90350 22.88300 22.68690 22.67070 22.89560 23.13640 23.06220 23.04100 23.05900 23.21560 22.74180 22.82860 23.07030 23.05770 23.10850 23.25840 23.42540 23.60930 24.17040 24.74320 25.03260 25.11870 24.53190 24.55930 24.57400 24.04130 24.29110 24.49770 24.39720 24.46300 24.23030 24.19040 24.07550 24.00500 23.79460 23.41950 23.70650 24.06260 24.54240 24.85820
-9999 -9999 -9999 -9999 -9999 -9999 25.61660 25.34840 25.22330 25.28890 25.12710 25.22350 25.10990 24.98900 24.98490 25.01700 25.02440 25.02840 24.92540 25.07560 25.03220 24.74360 24.64720 24.52930 24.41820 24.45770 24.13230 24.24450 24.18580 24.39820 24.42160 24.03120 23.96200 23.73640 23.78050 23.70420 23.67590 23.77070 23.83590 23.89510 23.89250 23.58560 23.70870 23.83790 23.92400 24.02670 24.12610 23.72500 24.13890 24.49820 24.93390 25.29810 25.18440 25.22470 25.08240 24.66590 24.75960 25.30070 25.24300 25.39770 26.12500 25.98490 25.92290 25.43010 25.60750 24.79600 24.75670 24.84550 24.96770 25.74870 26.25200
-9999 -9999 -9999 -9999 -9999 -9999 -9999 -9999 -9999 -9999 25.67960 26.67850 26.51120 25.59890 25.79700 25.78270 25.82940 25.95090 25.82610 25.80940 25.84740 25.99700 25.85410 25.82780 25.60480 26.03720 25.81570 25.50760 25.18800 25.42670 25.45470 25.22660 25.15590 24.72850 24.64880 24.56720 24.61810 24.59890 24.52190 24.54140 24.59070 24.48250 24.49120 24.26850 24.39550 24.61050 24.60990 24.54520 24.77240 24.65370 24.73650 24.59090 24.67860 24.54310 24.62940 24.86000 25.00530 25.31150 25.49550 25.37530 25.51200 25.96570 26.08350 26.29740 26.29390 26.13060 25.94260 26.10090 26.53850 26.59260 27.30520
-9999 -9999 -9999 -9999 -9999 -9999 -9999 -9999 -9999 -9999 26.33440 27.45210 27.56070 26.80250 26.95020 27.09290 27.10890 27.22860 27.28040 27.43510 27.28820 27.35590 27.19190 27.13230 26.85370 26.85030 26.63840 26.54410 26.46120 26.51110 26.50800 26.08860 26.08770 25.73620 25.72070 25.76550 25.72570 25.73540 25.74700 25.70920 25.67490 25.68950 25.63230 25.34950 25.46400 25.34830 25.30420 25.41690 25.40390 25.42050 25.17160 25.38820 25.13370 25.13680 25.28680 25.73970 25.78890 26.04800 25.97600 26.04870 26.07150 26.54830 26.58820 26.47850 26.41090 26.55130 26.68590 26.57420 26.66380 27.90300 28.33010
-9999 -9999 -9999 -9999 -9999 -9999 -9999 -9999 -9999 -9999 -9999 -9999 28.19110 28.23020 28.44990 28.28660 28.28660 27.67970 28.10270 28.15330 28.05620 28.27130 28.05710 27.93680 27.57920 27.26760 27.16120 27.38290 27.15040 27.08900 26.99170 27.26760 27.27440 26.95130 27.04540 26.83460 26.72110 26.94330 26.95010 26.48570 26.49010 26.38640 26.39120 26.17220 26.23000 26.67640 26.68050 26.23830 26.24460 26.45760 26.45870 26.66700 26.64380 26.56570 26.29740 26.64570 26.69680 26.99350 27.19670 27.26500 27.25640 27.53060 27.64980 27.68440 27.68950 27.48330 27.65430 27.50740 27.64890 28.69890 29.72890
-9999 -9999 -9999 -9999 -9999 -9999 -9999 -9999 -9999 -9999 -9999 -9999 29.40860 29.28160 29.54790 29.49220 29.53400 29.10250 29.50530 29.65970 29.43070 29.79120 29.43450 29.00450 28.97120 28.67070 28.45250 28.48620 28.30710 28.21620 28.12010 28.37410 28.37780 27.91040 28.09460 27.95560 28.12790 28.34240 28.23470 27.75470 27.49590 27.10800 27.20370 27.09520 27.06990 27.58310 27.64460 27.37370 27.40560 27.47020 27.69160 27.74150 27.74790 27.76790 27.58410 28.00680 28.06250 28.35700 28.56450 28.59530 28.73920 28.98200 29.09660 29.04630 29.09100 29.09830 28.97670 28.93870 29.36980 30.60120 31.06790
-9999 -9999 -9999 -9999 -9999 -9999 -9999 -9999 -9999 -9999 -9999 30.45820 30.75090 30.20510 30.29900 30.95670 31.30130 30.90530 31.05780 31.40160 30.64720 31.17720 30.56340 31.02160 30.75440 30.52890 30.17300 29.59940 29.19030 29.22520 28.91430 28.78190 28.66160 28.70720 28.58130 28.08610 28.29390 28.40380 28.74250 29.27010 29.10340 29.04450 29.01410 28.69270 28.53100 28.49430 28.45330 28.79630 28.87840 29.34460 29.56720 29.40640 29.59030 29.44490 29.26430 29.12920 29.25340 30.07830 30.13150 30.42780 30.49990 30.49880 30.63360 30.75260 30.67350 31.06150 31.31140 31.30200 32.16210 32.81170 33.54020
-9999 -9999 -9999 -9999 -9999 -9999 -9999 -9999 -9999 -9999 -9999 31.63620 31.68960 31.55430 31.57030 32.07520 32.33790 32.05250 32.03900 32.39740 32.27110 32.12440 31.67500 31.87370 31.67360 31.59220 31.22550 30.95020 30.69350 30.76390 30.57500 30.26040 30.15100 29.74330 29.84450 29.36440 29.29070 29.82090 30.14810 30.35010 30.35770 30.45340 30.62540 30.26060 30.10290 30.10430 30.05440 30.26900 30.23710 30.56810 30.81800 30.65490 30.75690 30.90530 31.07990 31.03800 31.18470 31.62520 31.72600 32.12270 32.16150 32.27060 32.26120 32.27180 32.24270 32.52510 33.02820 32.48710 33.95140 34.40550 34.40890
