data/hydroclimate-scenarios/BCSD_hadcm_B1/monthly_summaries/isr_monthly_avg_dec.2030-2059.asc
ncols	311
nrows	91
xllcenter	102.75
yllcenter	31.75
cellsize	0.5
NODATA_value	-9999
[rows 32 to 63 of 91, columns 0 to 70 of 311]
-9999 -9999 -9999 -9999 -9999 -9999 -9999 -9999 -9999 -9999 -9999 25.64320 25.66560 25.51250 25.57380 25.58910 25.74350 25.63850 25.69560 25.63240 25.63460 25.61020 25.46020 25.30050 25.20170 25.40990 25.36830 25.31070 25.14070 25.07090 24.90060 24.92500 24.81400 24.54000 24.60330 24.43120 24.61720 24.54060 24.63630 24.86640 24.89210 24.93590 24.91410 24.95770 24.90490 24.72650 24.73710 24.79640 24.78830 24.83320 24.66850 24.84750 24.78960 25.00040 24.87810 24.69920 24.65230 24.58420 24.55750 24.71150 24.73950 24.41440 24.44350 24.41420 24.24290 24.25120 24.45640 24.43500 24.95360 25.27300 25.08930
-9999 -9999 -9999 -9999 -9999 -9999 -9999 -9999 -9999 -9999 -9999 27.20170 27.23310 26.90060 26.98850 26.98320 26.93460 26.98290 27.06830 26.92010 26.90780 26.92690 26.73770 26.53570 26.62820 26.87450 26.86040 26.56620 26.15060 25.91630 25.86460 25.83800 25.76440 25.21150 25.29000 25.22820 25.46290 25.52420 25.65030 26.25230 26.21030 26.39050 26.41270 26.35790 26.52820 26.38090 26.36120 26.26260 26.27050 26.27270 26.12100 26.15910 25.98810 26.10240 25.96130 25.79540 25.77650 25.84540 25.80060 25.82790 25.82080 25.53540 25.51240 25.37460 25.34600 25.64910 25.42370 25.46940 25.67860 26.17950 25.97910
-9999 -9999 -9999 -9999 -9999 -9999 -9999 -9999 -9999 -9999 -9999 -9999 28.31200 28.15590 28.17660 28.29140 28.37670 28.32920 28.37940 28.39150 28.35400 28.36060 28.41030 28.40860 28.27240 28.81820 28.66520 28.05550 27.27410 27.08760 26.76750 26.43180 26.40710 26.27600 26.21900 25.93740 26.30830 26.63520 26.89190 27.40410 27.72630 27.90800 27.99990 27.84930 27.93700 27.74140 27.72100 27.45930 27.25140 27.40340 27.16750 27.20460 27.11120 27.35420 27.35150 26.98110 26.91210 26.73180 26.69900 26.76990 26.71040 26.83400 26.97150 27.01780 26.90260 26.80060 26.63610 26.75690 27.51060 27.75780 26.67180
-9999 -9999 -9999 -9999 -9999 -9999 -9999 -9999 -9999 -9999 -9999 -9999 29.28290 29.21790 29.55320 29.52100 29.47470 29.50150 29.62200 29.63900 29.75520 30.34340 30.31430 30.25280 30.33580 30.13750 29.63770 29.15020 28.47020 28.67840 28.51390 27.78370 27.19220 26.94620 26.94980 26.93290 27.04670 27.44010 27.71680 28.23610 28.84290 29.31830 29.32160 29.16350 29.22810 29.01130 28.98340 28.80160 28.67160 28.74980 28.71720 28.38670 28.31950 28.48100 28.32990 28.14380 27.92150 27.70200 27.68840 27.80000 27.89790 28.45840 28.53020 28.55840 28.22050 27.67430 27.77630 27.95440 28.11390 28.11460 28.39730
-9999 -9999 -9999 -9999 -9999 -9999 -9999 -9999 -9999 -9999 -9999 -9999 30.38430 30.32930 30.09860 30.46080 30.68880 31.08030 31.40110 31.47920 31.75760 32.07040 31.95150 31.91290 31.29270 31.17890 30.34040 29.39980 29.42210 29.29710 28.68950 28.41510 28.41550 28.33910 28.01620 28.00830 28.09950 28.23180 28.46480 29.53480 30.49530 30.60470 30.35330 30.28460 30.37530 30.85850 30.92580 30.77760 30.24110 29.91260 29.67950 29.63520 29.27050 29.68580 29.33030 29.08970 28.92050 28.93400 29.00090 29.54860 29.67120 30.05340 29.92910 28.95980 29.02420 28.89140 28.77920 29.00780 29.39120 29.68510 29.43330
-9999 -9999 -9999 31.63790 31.55930 31.75840 31.79530 31.65360 31.63900 -9999 31.61730 31.66520 31.34400 31.21930 31.01120 31.22190 31.46000 31.77940 32.56170 32.70590 32.72450 32.51980 32.04050 31.81510 31.61920 31.47190 30.93800 31.15420 30.78350 31.57560 30.53070 29.54380 30.15190 30.70380 29.96700 29.65300 29.91180 29.95800 30.02940 30.85340 31.20710 31.14980 31.17600 31.34740 32.14250 32.91760 33.33670 32.47390 31.87110 31.76830 31.68120 31.62150 31.54250 32.39380 32.04220 32.35290 32.27440 31.08920 31.72550 31.41220 31.02920 31.35010 31.21140 30.80350 30.39650 30.08710 30.31200 30.67230 30.54260 30.87620 31.11830
-9999 -9999 -9999 32.63310 32.49290 32.19550 32.55390 32.73070 32.77950 32.65660 32.40460 32.34350 32.51630 32.32580 32.38220 33.16350 33.42610 32.88260 33.01490 32.71000 32.50700 33.01110 32.03270 31.71060 31.97790 31.92510 32.09790 32.35320 32.67550 33.37510 32.08100 31.81090 31.78670 32.25880 32.17460 31.82190 32.14160 32.33560 31.55680 32.49660 32.82090 32.14530 31.86360 32.97580 33.90230 34.51670 34.66220 33.12640 33.07430 33.42220 33.33170 33.77410 34.05390 33.88660 33.01350 33.02100 32.48470 32.91730 33.44300 33.54140 33.08850 32.93690 33.06250 32.74140 32.79230 31.68420 31.54390 31.30330 31.66230 33.00790 33.49810
-9999 -9999 -9999 32.64850 32.47990 32.99000 33.71870 33.80050 33.28870 33.17510 33.25070 33.39140 33.84290 34.53160 35.41730 34.98940 35.20120 34.70690 33.82110 33.44820 33.55730 33.99840 33.21920 33.51000 33.83660 33.52590 33.49350 33.55260 33.57440 34.88590 35.88240 34.88600 33.47370 33.67000 33.99920 33.83300 33.50000 32.73250 32.81250 33.58070 34.03010 33.42380 33.61810 33.77730 34.10370 34.92180 35.09470 34.53050 34.43520 35.29840 35.49500 34.97330 34.89240 34.86480 34.38820 34.36870 33.93430 34.09730 34.76280 35.14870 34.49250 34.26340 34.20790 34.61660 34.19440 33.72050 33.58020 33.66440 34.73990 35.79380 36.08900
-9999 -9999 -9999 33.76070 33.40720 34.58770 35.20750 35.18820 34.89310 34.95300 34.38340 34.10170 36.04640 37.00290 37.36640 36.63640 36.87950 37.16110 36.53240 35.77960 36.06610 36.22970 36.67180 35.95120 35.29180 35.19170 34.80960 35.54870 36.73470 38.03990 36.66620 33.81370 35.33340 36.37360 36.37010 35.48890 34.47660 33.57800 34.32160 34.56060 35.22550 35.84700 36.41140 36.74770 35.64220 36.24910 37.04910 36.58460 37.49350 37.16220 37.42210 36.60270 36.34530 36.84170 36.35960 35.81160 35.75330 36.44440 36.71360 37.11370 37.91700 36.40980 36.33760 36.19720 36.22110 35.88250 36.16710 36.70200 37.72750 38.40570 36.45990
-9999 -9999 -9999 34.53890 34.57940 35.81910 35.60520 35.81390 36.16890 35.90670 35.25240 36.16620 37.58150 39.01880 39.61020 39.21140 39.43460 38.68600 37.04360 35.98060 36.69050 37.24610 37.46030 36.07740 35.64040 35.53010 35.12440 35.62160 36.69000 38.22820 38.30530 37.42460 37.52890 37.18040 36.72410 36.94590 36.61900 35.61460 35.35970 35.82240 36.44710 36.74100 37.17600 37.69400 37.08100 36.73950 37.15210 37.67580 37.66030 38.24890 38.25220 37.18480 37.41420 38.78330 37.62890 37.97360 37.17000 37.33120 38.09200 39.35150 39.41720 38.61720 38.67180 39.84970 40.04230 38.38880 38.78740 39.95000 40.16590 38.70640 36.41070
-9999 -9999 -9999 -9999 36.05220 36.61440 36.27520 37.82820 38.08270 37.62210 36.89150 37.26820 40.18480 38.98180 -9999 -9999 -9999 -9999 -9999 39.57850 39.47110 38.64270 38.93150 39.62290 38.84250 37.62450 36.13160 36.43760 37.36400 37.20610 37.64180 37.88590 37.96660 37.61170 37.05320 36.62170 36.73320 36.49160 36.73350 36.95160 36.86240 37.09660 37.50140 37.91160 37.76680 37.64710 38.49840 39.17650 38.88940 38.75570 38.89690 39.05950 38.67420 40.00480 40.23380 40.86740 40.93760 40.94270 40.71090 40.75790 41.52460 41.70070 42.09240 41.54580 41.57050 42.37440 41.71490 40.69090 39.22770 -9999 -9999
-9999 -9999 37.86300 37.38230 37.69350 37.28250 37.75060 39.46860 38.91560 38.93800 38.25130 39.15560 41.70320 -9999 -9999 -9999 -9999 -9999 43.55810 41.29340 40.66170 38.88580 38.77960 39.72120 39.49890 39.25720 37.71660 37.28710 37.57770 38.04870 38.11870 38.45850 38.65070 38.40750 38.33950 37.87250 38.23240 38.21000 38.18010 38.32230 38.67780 38.33600 38.68940 38.69140 38.17010 38.22020 38.82150 38.63550 38.30530 38.53180 38.64190 38.26500 39.11320 39.43420 40.34130 40.21810 41.02390 42.21730 42.38510 41.77000 42.37810 42.35570 42.59380 42.44700 42.25300 42.70500 41.79060 -9999 -9999 -9999 -9999
-9999 -9999 40.34940 39.41540 38.88060 38.21800 38.39760 40.12400 40.02720 39.66160 40.39200 41.64510 41.95000 -9999 -9999 -9999 -9999 42.33880 44.86120 42.14780 41.81830 40.53840 40.08780 40.63000 39.85550 39.08420 39.18210 38.94970 38.71970 38.69770 39.19350 40.18850 39.95050 39.98150 40.32590 39.67060 39.52580 39.80810 40.32080 41.15270 41.32780 40.87440 41.17540 41.44590 41.60660 40.98780 40.76270 40.87970 40.13130 40.18260 40.10060 39.23520 39.45660 40.11990 40.46660 39.57610 40.36330 42.43050 42.99990 42.82140 42.34460 43.11280 42.56410 41.38070 41.57710 -9999 -9999 -9999 -9999 -9999 42.10540
-9999 -9999 41.41720 41.24640 40.80280 39.94440 39.93280 40.82970 41.10160 41.63980 42.93970 44.16210 38.94680 -9999 -9999 -9999 -9999 46.11640 45.62990 43.85160 43.08130 41.32280 40.52070 41.13800 41.15990 40.90740 41.36710 40.54350 40.65720 40.56920 41.16310 41.50500 41.77480 42.43810 42.18110 41.58810 41.77610 42.11200 42.54490 42.52190 42.51200 41.94820 41.84930 43.09350 42.73250 43.02670 43.31860 42.90090 42.29680 42.17560 41.75020 41.08720 41.12330 41.89580 42.24810 41.19740 41.36200 42.87940 42.83410 42.57330 41.63070 41.53090 41.87920 43.18960 44.82610 46.79310 44.26890 45.37400 44.65530 -9999 -9999
-9999 -9999 -9999 42.96590 42.94210 42.55950 41.93230 42.35600 43.33920 44.78140 44.49320 41.15040 -9999 -9999 -9999 -9999 46.41270 47.08430 44.88240 44.31800 43.42310 42.65010 42.81590 42.58220 42.55410 42.68870 42.59680 42.68850 42.65500 43.33170 43.24460 42.84450 42.56070 42.56560 42.42420 43.33360 43.09150 42.80660 42.81940 43.35160 43.44100 43.14370 43.60520 43.60660 43.47110 43.95170 43.70030 43.13910 42.92380 42.60470 43.52930 43.56770 42.99340 43.84540 44.68150 45.00800 44.82430 45.86910 45.63610 43.23730 42.73320 43.11640 45.24810 50.25000 52.19920 47.87950 45.73950 46.42050 45.73910 44.09400 -9999
-9999 -9999 -9999 -9999 44.04510 43.78500 43.42740 44.52970 45.56190 44.64410 42.21480 -9999 -9999 -9999 -9999 48.29450 48.32150 47.11470 45.84790 45.19420 44.41970 44.12720 44.66370 44.81720 44.79880 44.34950 43.99430 44.24850 44.58480 44.38350 44.33310 43.80800 43.78630 43.33010 43.79610 44.90930 45.00690 44.73820 44.92760 45.40370 45.47670 45.14680 45.04360 45.26950 44.87800 45.30570 45.34390 44.67530 44.26910 43.89160 44.27550 44.26220 44.77230 45.28940 45.13400 45.22150 45.55630 47.04690 47.25690 45.08620 46.14640 47.34910 48.07510 50.13790 51.61620 49.59840 46.89010 46.95750 47.71460 47.37100 47.21270
-9999 -9999 -9999 -9999 -9999 -9999 47.12020 46.68240 45.05440 44.78980 46.48850 -9999 -9999 -9999 -9999 -9999 48.89960 48.63620 47.90510 46.62870 46.44440 45.38440 45.86750 47.21890 47.12090 46.00980 45.62540 46.00070 45.95210 45.86060 46.02620 45.93520 45.74150 45.69960 45.42560 46.37900 46.98430 47.59550 47.28330 47.90200 48.02460 48.07820 47.81320 47.32330 46.97380 47.27920 46.85280 46.21240 46.42620 45.76620 45.97890 46.08540 46.25350 46.31100 46.78760 46.75650 46.96310 47.86990 47.80170 47.26080 48.05210 49.28000 50.07380 53.35270 54.44620 53.03290 49.65980 47.55700 48.09180 48.79840 48.94170
-9999 -9999 -9999 -9999 -9999 -9999 -9999 -9999 -9999 -9999 -9999 -9999 -9999 -9999 -9999 -9999 -9999 -9999 -9999 48.58670 48.33610 47.47110 47.33940 48.77260 48.57380 47.96970 47.96970 47.49930 47.50970 47.62350 47.79290 47.90680 48.46670 47.68730 47.74790 48.72610 48.73430 49.66140 49.84880 50.65470 51.12990 50.38840 49.82460 49.46360 49.20700 49.39790 48.68740 48.08800 47.85940 47.80830 48.03550 47.70030 48.18850 48.06360 48.42660 48.42960 48.47010 49.10350 49.46790 48.72220 50.89930 50.40810 51.69750 55.19580 55.46970 52.63640 49.73750 48.88670 49.22400 50.76140 51.30530
-9999 -9999 -9999 -9999 -9999 -9999 -9999 -9999 -9999 -9999 -9999 -9999 -9999 -9999 -9999 -9999 -9999 -9999 51.79950 51.61090 51.04500 50.71650 50.30360 50.46260 50.33050 50.55200 50.15390 49.92670 49.91460 49.23630 49.42510 50.14770 50.44960 50.47250 50.77040 50.83270 51.33940 51.89780 52.38800 53.17040 53.63460 53.24070 53.01470 51.74650 51.17330 51.27960 50.31800 49.94460 49.43510 49.63900 49.67530 49.61540 49.83990 50.09060 50.56530 51.09150 51.33050 51.92100 52.97500 51.39560 51.36580 50.85910 52.48900 53.97140 55.05970 52.56600 51.61160 51.09850 51.40820 51.10900 51.70620
-9999 -9999 -9999 -9999 -9999 -9999 -9999 -9999 -9999 -9999 -9999 -9999 -9999 -9999 -9999 -9999 -9999 53.88390 53.99230 53.07650 52.93940 52.96200 52.65750 52.63210 52.42070 52.47800 52.24400 52.27520 52.71210 51.90140 51.85320 52.23810 52.59400 52.17720 52.12810 53.19050 54.05070 54.76870 54.96050 55.58470 55.48270 55.37360 55.13290 53.40680 53.14010 53.10450 52.52530 52.28910 51.52020 51.10380 51.28510 51.15490 51.76240 52.14400 52.42930 52.82540 53.32300 53.77500 54.22180 52.39830 51.08250 52.11830 55.66010 57.28520 53.25240 53.72270 53.64350 53.32110 53.19260 52.64750 54.23230
-9999 -9999 -9999 -9999 -9999 -9999 -9999 -9999 -9999 -9999 -9999 -9999 -9999 -9999 -9999 -9999 -9999 55.89690 55.73530 56.10410 55.81860 55.56280 54.88900 54.24850 53.82090 54.77510 54.77750 54.49870 55.00690 54.81460 54.83140 53.90410 53.61670 53.47520 54.12730 54.88480 55.59380 56.42060 57.32510 57.30440 56.88100 56.50200 56.17090 55.27920 54.93680 54.73510 54.16450 55.11560 54.60850 52.40150 52.34800 52.74090 53.52200 54.33740 54.54790 54.60240 55.85520 56.08090 55.36940 54.71330 55.08230 55.32660 55.80460 57.10450 59.90550 57.07990 55.09820 55.92810 54.32700 53.87930 53.99980
-9999 -9999 -9999 -9999 -9999 -9999 -9999 -9999 -9999 -9999 -9999 -9999 -9999 -9999 -9999 -9999 58.95620 58.88710 58.77530 58.75120 57.30690 56.86050 56.90730 56.05360 55.78690 56.39580 56.31750 56.33590 56.46130 56.57540 56.42440 55.53990 55.25080 54.92420 55.38000 56.25180 56.95620 58.33720 59.16060 58.76240 58.41200 58.51740 58.32020 57.02690 56.56950 56.28070 56.35890 57.34900 56.90100 54.17450 54.18630 54.81510 55.44140 56.34010 56.36740 56.30000 56.27630 56.84030 56.79890 56.98130 56.62270 56.06780 57.44790 61.30270 59.04570 57.65910 57.35100 56.91210 55.30000 54.68680 55.82720
-9999 -9999 -9999 -9999 -9999 -9999 -9999 -9999 -9999 -9999 -9999 -9999 -9999 60.74160 61.90440 62.25430 62.43710 61.47140 60.08160 59.87230 59.09460 58.70690 58.06960 58.50040 58.24600 57.59740 57.39710 57.32860 57.67380 58.57720 58.34980 56.88470 57.17830 57.26430 57.50580 57.60310 57.95770 59.42080 59.91020 59.85600 59.76470 60.32760 60.24130 59.35710 58.66740 58.32660 58.16980 57.94410 58.14470 57.58320 57.10910 57.33800 57.56090 57.59340 57.36970 57.79500 57.54420 57.65530 57.43620 57.37460 57.79600 57.37960 57.72240 57.31250 56.67930 56.02260 55.94790 56.52870 56.74080 57.59650 59.18410
-9999 -9999 -9999 -9999 -9999 -9999 -9999 -9999 -9999 -9999 -9999 -9999 62.83060 63.79090 64.49210 64.67900 64.18410 62.24950 61.97810 61.53690 61.32780 60.35240 59.96720 60.67100 60.41590 59.46920 59.20920 58.24270 58.21960 59.88220 59.74060 58.76460 59.14480 59.23180 59.08310 58.95330 59.21810 60.29720 60.93730 60.38050 61.28010 62.30180 62.49340 61.53940 60.63200 60.11860 59.87740 59.77080 60.46800 60.60100 60.34000 60.09680 60.05160 59.64090 59.34960 59.32370 59.50950 60.03490 60.24110 60.17830 59.62810 58.33360 58.24610 58.01240 57.56250 56.90310 57.40570 58.08090 58.67320 60.65610 62.68310
-9999 -9999 -9999 -9999 -9999 -9999 -9999 -9999 -9999 -9999 -9999 66.88600 66.90870 66.72140 65.78870 65.86890 65.59890 63.94690 63.76180 63.72110 62.94150 62.18440 61.85420 61.93100 62.06260 60.30880 60.13030 60.14970 59.42530 60.78420 61.53640 62.02180 62.34530 62.86740 62.57420 61.16680 61.36530 61.26990 59.85550 60.62470 61.68720 62.91370 63.01970 62.97960 62.31000 61.70890 61.55910 61.82790 62.43700 62.80040 63.04580 63.91930 63.45170 63.38960 62.81120 61.52370 61.40280 62.18240 61.44300 59.97980 59.92810 59.66950 59.30820 58.89050 58.55110 58.43770 59.06420 59.99810 61.78410 63.70030 66.46430
-9999 -9999 -9999 -9999 -9999 -9999 -9999 -9999 -9999 -9999 69.13480 69.88220 68.94320 68.86080 68.09150 68.07030 68.18940 66.52310 66.17340 65.65390 64.94880 63.76390 63.67720 63.87370 63.59470 62.24610 62.17650 62.12760 61.68620 63.30890 63.98710 64.77430 65.29610 65.54530 65.87460 63.71250 63.94420 63.66160 62.39680 62.21300 62.95040 63.87900 64.17480 64.05800 63.51930 63.07640 62.79240 63.09850 63.64490 64.06290 64.92290 65.86340 65.92220 65.57320 65.10940 63.99960 63.54510 63.95980 62.78720 61.65270 61.75370 61.80380 61.17850 60.71130 60.61360 60.27170 60.30100 62.21180 64.82070 67.15990 69.26790
-9999 -9999 -9999 -9999 -9999 -9999 -9999 -9999 -9999 68.92010 69.64750 70.37150 70.83250 70.19560 69.84950 69.31700 69.32940 66.41350 65.36040 67.82760 67.29800 67.00830 66.62900 65.74770 65.59130 65.14260 64.84170 65.92090 65.93350 66.01080 66.41940 68.01100 68.66820 67.48800 68.25310 68.18300 67.75170 67.37110 66.51510 66.01850 65.76930 64.12810 63.99910 64.48330 64.44220 64.41420 63.97150 61.97180 62.74500 63.16770 64.88690 67.67650 68.04290 69.37460 69.79670 65.48090 64.72740 64.46070 64.12870 63.72160 63.56630 63.67150 63.67190 62.50250 62.04300 62.69300 62.97850 66.31310 68.33490 69.94750 69.84510
-9999 -9999 -9999 -9999 -9999 -9999 -9999 -9999 -9999 -9999 71.57990 71.87720 71.79030 71.58690 71.52380 71.14660 71.41450 68.68780 67.48150 70.51360 70.02350 69.20860 68.79150 -9999 -9999 -9999 -9999 -9999 -9999 68.81270 69.34780 70.60540 71.35450 70.23460 70.83880 71.06860 69.88540 69.33660 68.39740 67.81450 66.26480 65.13470 64.99390 65.92870 65.97250 66.16310 66.25480 63.80570 63.98340 64.65700 65.81040 69.61150 71.08460 71.43200 71.63870 67.14940 66.46450 66.49600 66.12960 65.94820 66.22840 66.60830 66.27970 65.52680 66.80830 65.61010 66.91920 69.60300 73.40400 74.05630 74.52370
-9999 -9999 -9999 -9999 -9999 -9999 -9999 -9999 -9999 -9999 -9999 -9999 72.87240 72.31780 72.85340 70.73940 71.02130 71.16440 70.55000 -9999 -9999 -9999 -9999 -9999 -9999 -9999 -9999 -9999 -9999 -9999 -9999 -9999 -9999 73.83150 74.66310 72.46580 71.57790 68.58080 67.12650 68.26790 67.90540 65.44950 65.95730 68.18090 68.53570 68.88930 68.78730 66.08520 66.36530 66.53840 67.53670 71.06330 71.76200 71.31250 69.94530 68.56400 68.49730 69.18470 69.08200 68.74850 69.17980 69.32620 69.69250 67.70070 67.20640 68.21490 69.90120 71.39350 73.57660 72.24660 73.03640
-9999 -9999 -9999 -9999 -9999 -9999 -9999 -9999 -9999 -9999 -9999 -9999 -9999 -9999 -9999 -9999 -9999 -9999 -9999 -9999 -9999 -9999 -9999 -9999 -9999 -9999 -9999 -9999 -9999 -9999 -9999 -9999 -9999 -9999 76.19350 74.14240 72.66490 70.45630 69.22080 70.31350 70.09190 68.10660 68.17900 69.57820 70.47140 71.51760 71.00750 68.67890 68.95060 68.85920 70.02320 72.92370 73.39370 72.56700 71.93480 70.64780 70.82510 73.15080 73.06880 72.46100 72.23770 72.19500 71.70130 70.11500 69.65130 71.11190 73.43350 75.89210 77.53840 75.10790 71.97710
-9999 -9999 -9999 -9999 -9999 -9999 -9999 -9999 -9999 -9999 -9999 -9999 -9999 -9999 -9999 -9999 -9999 -9999 -9999 -9999 -9999 -9999 -9999 -9999 -9999 -9999 -9999 -9999 -9999 -9999 -9999 -9999 -9999 -9999 77.30050 78.23750 77.58860 71.99880 70.08480 70.53180 70.64730 70.16000 70.27150 71.67230 71.78790 72.89200 73.59280 73.75660 73.94560 72.97240 73.83240 76.62520 76.45390 77.63310 76.94390 74.03550 72.94430 73.53830 73.77890 73.67850 73.37510 73.00040 73.96940 74.51650 74.59900 75.96820 76.59630 78.36790 80.00130 77.78060 -9999
-9999 -9999 -9999 -9999 -9999 -9999 -9999 -9999 -9999 -9999 -9999 -9999 -9999 -9999 -9999 -9999 -9999 -9999 -9999 -9999 -9999 -9999 -9999 -9999 -9999 -9999 -9999 -9999 -9999 -9999 -9999 -9999 -9999 -9999 -9999 -9999 -9999 -9999 70.74490 72.40630 72.35020 72.49080 72.43750 72.43690 73.55180 74.74510 75.61940 76.49320 77.07070 76.04230 76.95360 79.28920 79.39080 81.18220 79.90870 76.42220 75.55950 75.56020 75.82660 75.03950 74.87570 74.18460 76.00340 77.59700 79.18640 79.44260 79.63230 80.18320 78.32360 -9999 -9999
