data/hydroclimate-scenarios/BCSD_hadcm_B1/monthly_summaries/isr_monthly_avg_aug.2030-2059.asc
ncols	311
nrows	91
xllcenter	102.75
yllcenter	31.75
cellsize	0.5
NODATA_value	-9999
[rows 31 to 61 of 91, columns 0 to 69 of 311]
-9999 -9999 -9999 -9999 -9999 -9999 -9999 -9999 -9999 -9999 -9999 201.38699 201.59500 202.27299 201.71600 202.39101 202.46001 201.80701 201.10100 199.48300 199.08701 199.17101 198.60300 198.33400 198.39000 198.15601 198.19400 200.10001 198.66100 199.46400 199.12300 197.30701 196.65199 197.64000 197.74001 198.98399 197.74400 199.17000 200.27400 197.43401 197.28900 196.19600 196.70700 196.06000 196.39200 194.96500 194.80299 195.81200 195.36099 195.90300 196.03900 194.17400 194.32100 195.27499 195.76300 196.86200 197.71600 198.49699 198.61900 200.02600 200.32201 202.09801 202.15300 201.62700 201.26100 199.10600 201.34900 200.63499 205.67799 208.34200
-9999 -9999 -9999 -9999 -9999 -9999 -9999 -9999 -9999 -9999 -9999 202.45900 202.70599 201.39400 201.24100 202.76601 202.94701 201.38901 201.25301 200.72200 200.62100 197.94701 196.32899 197.22000 196.85400 197.99200 198.83400 198.15700 198.20700 198.16901 199.11200 197.60699 197.76801 197.19600 198.58400 197.82600 196.11600 196.28500 197.01500 196.44200 195.64600 194.65300 195.14400 193.94800 194.61000 194.99200 195.03999 196.75200 196.74200 196.12399 196.42200 196.60500 196.89101 197.49200 197.00700 196.72301 197.01401 198.51801 198.45500 198.91400 199.42101 199.89200 199.22200 199.46600 198.52800 196.81799 199.27499 199.99300 203.77100 206.47800
-9999 -9999 -9999 -9999 -9999 -9999 -9999 -9999 -9999 -9999 -9999 203.88400 204.76401 203.50600 204.08600 204.14101 203.96001 201.96201 201.23399 201.32500 201.56599 198.75000 197.60600 198.34300 199.50500 201.90601 202.56300 201.44800 200.17700 198.67700 200.11099 199.46500 199.77200 198.86400 198.41701 197.53900 197.35201 198.68900 199.65800 199.34900 197.41299 199.04401 196.60500 194.65199 195.75600 197.15800 197.80200 198.33200 198.11099 198.76700 198.16100 196.99001 197.18401 196.69600 197.05701 197.21201 197.90300 200.52000 200.24200 199.72600 200.21001 200.64301 199.17000 199.29401 199.42000 199.82001 200.16200 200.11501 202.80701 204.66299
-9999 -9999 -9999 -9999 -9999 -9999 -9999 -9999 -9999 -9999 -9999 -9999 205.63699 204.25101 204.12500 205.44901 204.83299 203.39999 203.03600 200.02200 199.89999 199.52901 200.41499 200.42400 201.25700 205.60001 205.24100 207.23801 202.83099 203.22900 202.30600 200.53700 200.49001 200.55901 200.43201 198.25000 199.06700 196.76300 196.84300 199.83701 199.27901 198.48801 197.97200 193.86900 194.20900 194.80800 194.03200 193.75500 194.12300 195.61099 195.50800 198.32800 198.85300 199.52901 200.78700 198.80499 199.42799 198.37000 199.29401 197.94000 197.78900 199.97000 201.06799 199.81400 198.76199 198.34000 197.98199 200.24200 206.21600 206.37199
-9999 -9999 -9999 -9999 -9999 -9999 -9999 -9999 -9999 -9999 -9999 -9999 206.65900 204.90401 205.09900 206.46800 204.99400 203.51500 203.42500 201.62700 201.06700 205.40800 207.52600 207.51300 209.57001 209.29300 208.85201 210.76700 208.14101 208.84100 207.99200 206.21899 203.33000 201.95700 201.94701 200.60899 200.59900 197.47400 197.87801 199.87399 200.10899 200.41701 199.01700 194.27901 193.57600 192.55200 191.62700 193.17999 194.24400 197.74600 198.26500 200.23500 200.47099 200.89000 200.38901 199.38800 198.98100 198.07001 198.03999 198.34500 199.25900 204.21300 204.54800 202.97501 201.28700 198.37601 200.36099 200.38200 202.84200 203.05000
-9999 -9999 -9999 -9999 -9999 -9999 -9999 -9999 -9999 -9999 -9999 -9999 206.04500 204.75600 204.71600 203.97900 203.69800 203.18201 203.91600 202.67300 203.00999 205.04900 206.43201 206.29401 206.00500 209.67000 207.36600 205.53799 206.75900 206.73000 205.37500 203.23300 204.55600 203.52699 200.64799 197.50500 197.35100 197.09500 196.07899 197.86400 200.89400 201.49899 198.44400 193.91600 192.35899 192.02901 193.02000 197.14000 197.00000 195.85201 196.67500 198.87700 198.30099 199.51199 198.90300 195.65800 195.54800 199.44701 201.17200 201.91100 203.00200 203.82899 202.85400 198.83501 199.97301 200.79601 200.93600 198.69400 202.01900 201.70700
-9999 -9999 -9999 207.19200 208.02800 209.14000 208.40900 207.98300 208.21700 -9999 207.87300 207.42500 206.11700 205.60899 205.31599 205.29601 205.53900 204.88901 207.54300 206.43500 205.91701 205.51300 205.73599 205.20399 205.94901 207.99400 206.41000 210.84599 210.33501 216.41701 210.48700 206.16299 209.46100 212.86600 207.03900 202.65601 203.45000 201.90199 200.18401 201.44501 200.87100 201.63800 199.56799 195.57401 196.53400 198.39999 201.21001 200.72200 200.69400 200.60300 201.90401 204.75500 205.74001 210.10600 208.24899 208.07001 209.17900 205.22900 208.65900 206.30701 204.28700 203.51100 203.72099 201.51401 199.68100 200.56599 201.28799 200.39301 199.67900 200.57201
-9999 -9999 -9999 207.32001 207.33299 207.78200 208.63800 209.50600 209.44099 210.16000 208.23599 205.73599 207.39500 206.94701 208.85800 209.14200 210.90300 210.51601 211.12500 209.36700 207.60899 207.14600 203.94099 204.94501 208.33600 206.77600 209.98300 212.60699 215.32800 220.23700 214.88100 213.96600 213.77200 215.15401 212.46700 211.23199 212.12900 213.43100 206.85500 209.61800 209.16200 204.49600 200.99300 201.41200 202.63400 206.01601 205.76199 203.23599 205.12199 207.05800 209.17700 208.52200 210.14101 209.11900 204.90601 209.55800 207.68500 207.09100 210.39700 209.27100 207.47600 206.17000 206.36000 204.76900 204.48599 199.56799 199.54601 197.63800 198.22900 199.53400
-9999 -9999 -9999 207.53500 208.38800 209.59599 210.19600 211.03400 209.85001 209.87801 209.30400 208.13200 210.48599 213.60899 217.50600 213.42500 215.79201 214.79401 212.14200 210.07100 211.50600 211.22600 208.92799 212.78999 216.66200 212.75200 213.03300 214.99600 215.08200 223.05400 227.41000 224.03799 218.72400 216.65401 218.22400 217.03999 214.57100 212.73500 210.77200 212.11000 212.31200 208.52000 205.02000 201.02901 200.57899 203.56599 203.55901 206.19099 207.72301 211.84399 214.46300 208.04700 208.66499 207.98500 206.51700 210.64200 208.67799 206.34599 209.74800 210.39301 207.43300 206.41299 204.45500 206.34700 203.94299 201.99800 201.29900 201.53000 205.83299 207.50200
-9999 -9999 -9999 209.60201 208.42799 210.99899 209.83200 211.26601 211.64600 213.11000 210.71201 208.10699 215.08299 217.33701 218.83299 217.89700 219.75800 218.49100 217.34000 213.60400 217.34900 219.85699 222.47000 219.85800 217.55901 215.93401 214.39799 219.01300 225.31000 228.16000 225.40100 216.08099 221.13901 226.15401 225.17101 218.49500 212.46500 211.09500 212.68201 211.91901 212.01700 213.25200 213.53999 208.38600 202.00900 203.98700 207.31700 208.33600 212.89500 211.17000 214.76199 207.76900 208.99300 211.91000 209.22501 210.36400 209.57899 210.26801 211.04500 211.77901 214.43800 209.30901 207.72900 203.90601 204.03500 201.05000 202.08299 203.73801 211.49200 215.21700
-9999 -9999 -9999 210.21500 209.61301 213.76700 213.27100 214.03999 215.21600 214.58099 210.97400 213.42101 219.17599 222.09599 223.93401 223.71300 225.42300 221.45900 216.03000 211.42599 216.21600 220.43700 223.10100 215.98000 215.13901 213.62300 211.40500 216.03500 222.27000 226.71001 228.37500 226.28300 226.66200 224.99899 223.02100 220.90100 218.03300 215.96100 213.72800 213.21700 214.73801 214.96201 214.89200 213.86200 209.43900 207.30000 207.45200 210.60699 211.92500 212.30000 214.16499 206.79100 209.65601 214.82800 209.30299 214.26500 211.11800 209.45200 210.77800 215.43900 215.19400 212.38800 210.77400 210.79900 210.96700 203.82100 204.69099 210.35400 214.23900 204.10001
-9999 -9999 -9999 -9999 219.34500 220.66499 219.05099 219.16299 219.93900 216.69200 212.10001 213.76801 224.99600 218.57899 -9999 -9999 -9999 -9999 -9999 224.32001 225.53900 221.52400 222.72701 229.19600 227.26601 224.09200 216.95700 219.99600 223.62801 223.32401 225.02299 227.18900 227.72000 224.53300 219.74001 218.37900 219.38300 214.72900 215.11900 213.76199 211.35300 211.30200 212.52600 213.68100 211.73100 209.41299 210.01900 214.01199 212.11200 211.93900 213.70500 212.19099 210.79601 215.57100 216.88499 221.21100 221.33900 220.02901 219.07100 216.72400 218.60300 219.27299 217.55901 214.35201 213.65900 212.57700 208.55400 201.57700 197.46700 -9999
-9999 -9999 214.77400 219.78600 221.29601 220.49699 221.10500 221.90700 219.49600 217.11900 214.31599 216.73199 226.27200 -9999 -9999 -9999 -9999 -9999 236.74200 227.41100 227.29500 220.45000 220.74001 227.47900 226.38901 226.26100 219.63600 219.34200 219.65900 220.01801 221.92200 224.25800 223.47501 222.88499 220.32300 217.94299 219.21300 217.02400 216.73300 214.76700 215.74699 213.92400 214.90800 212.16499 209.77600 208.35500 208.72099 209.50101 206.39900 207.00900 207.84100 205.93500 207.70100 207.08701 211.83400 211.39500 214.62801 218.76199 218.69099 213.56400 214.87801 213.26300 211.93100 211.87801 208.57500 204.81900 202.54201 -9999 -9999 -9999
-9999 -9999 217.90100 222.45799 221.82700 221.83400 221.18800 222.81599 221.47701 217.94000 218.72701 221.45599 220.91000 -9999 -9999 -9999 -9999 224.21201 234.52699 224.85600 225.67700 226.44000 226.06000 225.38300 221.85800 218.36600 219.63800 220.41299 219.44200 220.95399 223.11600 226.83600 223.48000 221.32500 221.77699 222.13901 220.20500 218.22900 220.36501 218.62900 217.34000 219.16100 219.29900 217.49500 216.77299 213.04700 209.57700 211.45599 205.90401 205.27100 204.18600 203.02400 203.47200 204.26601 205.21100 201.38600 204.38800 212.88600 215.05600 211.57100 209.50700 212.67799 209.25500 201.65199 197.74300 -9999 -9999 -9999 -9999 -9999
-9999 -9999 217.65199 224.48000 223.60100 224.06000 223.91299 222.11000 221.71400 220.31300 223.22800 223.97099 212.49899 -9999 -9999 -9999 -9999 233.15500 232.93300 226.99300 226.86501 225.32899 222.43500 221.76401 222.17799 221.35899 223.33900 220.83701 222.06599 223.21500 225.95700 225.59399 225.24300 225.58501 222.87900 225.25700 224.62000 223.02100 223.84801 218.02901 217.03101 216.54401 216.45100 218.93201 216.00400 216.52299 215.69099 215.00400 211.53799 208.94000 203.50700 204.02600 204.89101 205.58200 205.66000 200.35500 200.19299 206.46500 205.87801 205.36099 199.46700 198.74699 198.90100 201.30000 207.08600 208.22000 199.80499 202.78000 198.37399 -9999
-9999 -9999 -9999 222.22600 224.30400 224.33099 222.50600 219.50600 221.49200 225.32500 222.07001 217.68700 -9999 -9999 -9999 -9999 231.35001 231.86700 227.80901 228.10800 226.77400 225.42200 225.77100 224.24600 225.15800 226.06500 225.64101 225.91600 224.82600 230.26500 230.00900 226.75500 224.18300 224.42599 223.57800 222.20399 219.95100 218.95200 218.17200 216.90300 216.48500 216.15900 217.91000 218.19299 214.62900 215.14999 212.75600 208.02200 207.96300 205.74800 209.21500 208.43500 205.69099 209.53700 213.01601 211.91499 211.03000 214.51500 212.11600 205.05800 203.14900 202.05499 208.64999 219.20300 230.42599 210.61900 203.76100 206.50400 202.61800 200.54900
-9999 -9999 -9999 -9999 223.14000 223.50400 222.46899 223.07201 225.13000 220.75800 216.43600 -9999 -9999 -9999 -9999 228.77000 232.55901 227.96001 226.48801 227.03900 225.32001 225.66200 226.22701 228.57401 228.69400 225.64700 224.30499 224.31100 226.22900 227.32899 227.86400 223.13100 222.59000 222.24400 224.54401 222.45300 221.46100 219.73599 219.84399 218.77699 219.58099 218.67200 217.97600 217.01801 214.32300 213.71899 213.14500 208.60001 207.42599 205.22501 204.66100 205.06799 206.52100 208.05000 206.72400 205.14700 204.69400 212.30499 211.84801 205.29800 209.52499 212.27499 213.72099 214.96100 219.70399 212.70000 204.98900 205.05000 207.31000 206.19000
-9999 -9999 -9999 -9999 -9999 -9999 222.85100 221.77800 217.25301 218.13499 220.11301 -9999 -9999 -9999 -9999 -9999 228.44501 226.38600 225.53000 229.58900 230.19200 224.01401 229.53300 232.26500 231.08099 225.22200 223.73100 223.98000 223.29900 223.83299 224.35699 224.78999 222.22501 225.69099 223.98100 222.09200 223.55299 224.00999 221.14999 221.06200 221.94701 224.86600 224.00999 220.44200 218.21201 215.35800 213.06200 210.63200 209.88000 206.41800 204.63600 206.20900 206.13800 205.25800 206.31200 206.01900 206.48199 207.63000 208.89600 208.34500 212.63499 213.96500 215.59300 219.59599 222.96500 218.57700 208.28700 204.07899 205.44501 208.48100
-9999 -9999 -9999 -9999 -9999 -9999 -9999 -9999 -9999 -9999 -9999 -9999 -9999 -9999 -9999 -9999 -9999 -9999 -9999 230.86099 230.83600 226.61600 228.23700 230.42000 229.90401 226.59000 225.45000 220.64999 220.67999 222.97400 224.08099 223.72099 226.43800 225.68800 225.42000 225.23100 224.04300 224.77100 224.59801 225.75600 226.84200 227.61301 224.63901 221.97600 220.07100 217.33800 213.31599 211.13600 210.69800 207.31000 206.46001 206.09801 206.44901 204.08800 204.95000 206.98399 207.59599 206.38000 209.91299 210.02100 217.49100 214.41800 216.17799 222.25900 223.23199 213.55200 205.81799 204.45000 205.46001 211.22400
-9999 -9999 -9999 -9999 -9999 -9999 -9999 -9999 -9999 -9999 -9999 -9999 -9999 -9999 -9999 -9999 -9999 -9999 231.69200 233.57401 232.37000 230.75400 230.19501 230.36099 229.34900 228.50600 226.44000 224.41600 224.86400 226.10400 226.77100 226.95599 227.62801 225.94701 225.17799 222.61501 224.36301 223.65199 226.56599 230.37900 231.35300 229.58400 228.57899 227.50600 224.48300 222.65100 217.73000 214.39200 211.07700 212.24001 211.45900 210.68100 209.25301 209.06599 210.25500 204.49100 205.78900 210.97400 215.87000 213.27200 212.54601 210.78200 214.66100 219.27800 222.23199 213.59100 207.22800 204.12300 203.91499 207.97400
-9999 -9999 -9999 -9999 -9999 -9999 -9999 -9999 -9999 -9999 -9999 -9999 -9999 -9999 -9999 -9999 -9999 232.44901 233.03200 232.26900 232.16200 233.20500 232.12700 230.50999 228.77200 228.74400 227.26900 226.36400 229.96400 230.37900 230.13600 227.62399 228.75000 224.54300 223.64101 225.64799 228.49600 228.57700 228.14500 232.07500 231.11400 229.97600 229.07001 227.13000 224.94099 221.75200 218.73100 217.60400 212.17200 213.07401 210.27200 208.69299 210.26401 211.40100 210.29900 206.76900 208.42599 213.41901 216.12100 213.09300 206.82800 210.01401 220.84500 225.00200 213.75200 210.74899 209.50200 205.36200 203.71800 206.41299
-9999 -9999 -9999 -9999 -9999 -9999 -9999 -9999 -9999 -9999 -9999 -9999 -9999 -9999 -9999 -9999 -9999 237.49800 237.77600 239.50800 238.08900 235.63200 233.00000 230.57899 225.99500 227.29601 227.21201 228.63300 230.55200 230.16100 230.96700 227.76300 226.73500 224.48599 227.30701 227.66701 229.35899 230.07100 232.80400 234.64799 232.43800 229.09700 227.34801 224.20100 222.90700 218.37801 215.48199 221.29401 217.50301 212.70000 210.23100 210.74500 211.64600 209.94800 210.25700 207.98900 214.77699 213.86900 211.12300 209.59399 210.69200 216.07700 216.86400 218.28900 223.70200 219.45200 209.58299 213.60400 205.09700 202.74600
-9999 -9999 -9999 -9999 -9999 -9999 -9999 -9999 -9999 -9999 -9999 -9999 -9999 -9999 -9999 -9999 242.19099 243.73500 244.61700 243.05600 237.43500 233.30400 233.45100 229.36900 224.72099 227.19600 226.07500 224.88100 227.66701 229.86700 229.59900 226.88400 226.47501 223.58701 225.79100 225.12500 227.76199 231.34300 233.62199 232.58501 230.32001 228.43600 227.61000 223.31500 220.16600 218.39900 216.95900 223.58501 220.02400 213.55701 211.27901 212.16600 212.79500 211.46600 211.18401 208.56300 209.50301 211.41299 210.70700 211.88100 211.45000 212.80400 216.18201 224.78300 218.49300 214.65800 211.42799 208.25500 200.70100 200.40601
-9999 -9999 -9999 -9999 -9999 -9999 -9999 -9999 -9999 -9999 -9999 -9999 -9999 240.23500 244.83099 245.55701 247.30000 250.14900 245.51801 243.14101 240.01700 238.08501 233.36600 232.04500 231.43100 226.02400 225.50600 226.09399 227.01401 226.71600 226.31300 228.09599 228.16400 223.52000 224.95799 228.90700 230.48399 230.00700 232.55200 233.55099 230.95500 229.60899 227.01500 221.57300 219.52901 219.44200 219.06799 220.77100 220.30200 218.53600 216.36600 214.45500 212.76900 208.48100 207.40900 211.27800 211.30299 211.08900 211.70000 210.04300 210.96201 211.40199 212.45500 211.09599 205.68201 200.78900 199.37700 200.72800 201.78000 202.13000
-9999 -9999 -9999 -9999 -9999 -9999 -9999 -9999 -9999 -9999 -9999 -9999 240.61099 244.61700 246.69299 247.52901 246.73399 245.88901 245.82800 240.33299 241.61800 236.13000 233.56900 233.03500 231.74001 226.71600 226.42200 225.68700 227.44701 225.12900 225.65601 227.96400 228.44200 224.38100 223.89999 227.64600 228.67900 229.63400 231.84900 230.89500 230.65900 228.61099 227.13200 221.38699 219.21100 218.57401 217.96899 221.22400 222.24699 221.20000 219.93100 216.74100 215.64200 210.48599 207.25200 208.85001 209.96001 214.19099 217.12801 213.96899 212.86800 208.58800 207.30000 207.73300 202.47501 198.89200 198.34200 200.45900 201.96100 205.46400
-9999 -9999 -9999 -9999 -9999 -9999 -9999 -9999 -9999 -9999 -9999 248.23700 247.40401 249.07401 246.04601 244.59200 243.65300 246.44200 246.44800 244.34200 242.16600 235.46300 233.75900 233.78000 233.84000 231.64900 231.04800 230.73700 228.03700 225.60800 227.70900 229.41800 229.93401 229.48801 229.45300 230.45100 233.57201 235.14900 233.59599 231.35400 228.29601 226.80400 223.10300 222.94800 221.10600 219.22501 218.55299 218.97400 219.69501 220.86099 219.96100 223.75999 220.42300 217.80901 215.07700 212.69000 209.96600 214.89900 211.49699 205.40300 205.65500 201.41800 201.01401 199.46600 198.57100 196.50000 198.40401 199.21201 205.31400 210.20300
-9999 -9999 -9999 -9999 -9999 -9999 -9999 -9999 -9999 -9999 251.14600 250.00600 245.99699 248.96700 244.45700 244.64500 243.72000 247.21500 247.31700 244.60100 242.36501 235.32899 233.74001 234.53400 234.58400 232.34200 231.72900 230.27000 229.07899 228.53700 228.97701 230.36099 231.67101 231.28700 231.73399 233.64200 235.52400 236.37199 231.75000 228.51900 225.45700 222.30000 218.72501 219.81000 219.07100 217.48599 217.63800 217.05499 217.97400 218.95799 220.20200 224.64900 221.57001 219.12700 217.96800 215.22501 214.54300 215.38000 209.03000 204.32700 204.31300 202.73300 200.14999 199.12700 198.86600 197.33099 198.18100 200.80499 208.81100 214.86700
-9999 -9999 -9999 -9999 -9999 -9999 -9999 -9999 -9999 244.28000 245.35001 243.75600 245.31300 245.93201 244.19800 246.53400 245.88800 245.07201 243.94099 242.71700 240.38901 239.80499 238.60600 235.21600 234.55400 233.17700 230.48599 232.32500 232.77499 233.38800 232.47000 234.55099 236.18401 239.14600 241.76300 243.08501 243.78799 236.53200 232.60100 227.19800 222.57300 219.60899 216.17101 216.27000 215.98399 216.35100 215.43900 218.62801 218.91901 219.16800 220.48399 222.21500 223.39900 227.28999 227.35201 215.00999 211.04100 207.16299 205.06599 205.58299 205.60300 204.21600 203.75500 201.01300 200.55901 203.12000 204.32700 209.02800 214.22701 215.13000
-9999 -9999 -9999 -9999 -9999 -9999 -9999 -9999 -9999 -9999 244.91100 243.41100 243.54800 243.80499 241.68300 246.15800 246.70100 247.29900 246.38400 245.15300 244.45200 241.41701 239.60001 -9999 -9999 -9999 -9999 -9999 -9999 235.13100 235.87700 236.10899 237.75900 240.66100 243.94501 244.66100 242.34900 234.36099 231.35800 224.23399 219.79601 217.45200 213.98399 214.06900 215.20700 215.16800 216.12300 217.23900 218.05200 217.96300 219.34700 220.07700 225.79800 227.46400 228.16299 212.75999 209.39101 206.86501 205.15601 205.74699 205.44901 205.59500 205.90900 204.07001 210.65700 206.75301 210.86400 213.97000 225.18800 220.56700
-9999 -9999 -9999 -9999 -9999 -9999 -9999 -9999 -9999 -9999 -9999 -9999 247.32001 248.11501 247.95000 245.00500 246.68201 247.53000 247.50999 -9999 -9999 -9999 -9999 -9999 -9999 -9999 -9999 -9999 -9999 -9999 -9999 -9999 -9999 242.04300 246.46500 242.60500 240.38600 235.41800 229.28400 225.80000 221.95300 218.70399 217.20500 214.32001 215.23300 215.73000 215.27699 215.26601 215.06400 214.11700 217.27000 224.04401 226.99001 223.46899 220.51401 213.10500 212.98801 211.24600 209.34599 209.04201 208.81700 211.55299 212.79201 211.05600 211.07899 209.59900 214.40700 217.57001 220.91600 215.04700
-9999 -9999 -9999 -9999 -9999 -9999 -9999 -9999 -9999 -9999 -9999 -9999 -9999 -9999 -9999 -9999 -9999 -9999 -9999 -9999 -9999 -9999 -9999 -9999 -9999 -9999 -9999 -9999 -9999 -9999 -9999 -9999 -9999 -9999 244.40500 242.68300 236.26801 233.45399 227.07300 225.10300 221.79401 219.62399 218.83600 214.18100 215.51900 215.96600 215.84900 215.65300 215.80901 215.41600 217.23000 222.86000 224.63901 221.40900 220.96001 213.16200 214.60300 218.37399 215.06200 213.01601 212.09900 212.82700 210.77901 210.58200 209.11400 212.39799 218.65700 222.57201 226.49001 217.70799
