data/hydroclimate-scenarios/BCSD_hadcm_B1/monthly_summaries/isr_monthly_avg_feb.2030-2059.asc
ncols	311
nrows	91
xllcenter	102.75
yllcenter	31.75
cellsize	0.5
NODATA_value	-9999
[rows 0 to 30 of 91, columns 70 to 139 of 311]
-9999 -9999 -9999 -9999 -9999 -9999 -9999 -9999 -9999 -9999 -9999 -9999 -9999 -9999 -9999 -9999 -9999 -9999 -9999 -9999 -9999 -9999 -9999 -9999 -9999 -9999 -9999 -9999 -9999 -9999 -9999 -9999 -9999 -9999 -9999 -9999 -9999 -9999 -9999 -9999 -9999 -9999 -9999 -9999 -9999 -9999 -9999 -9999 -9999 -9999 -9999 -9999 -9999 -9999 -9999 -9999 -9999 -9999 -9999 -9999 -9999 -9999 -9999 -9999 -9999 -9999 -9999 -9999 -9999 -9999
-9999 -9999 -9999 -9999 -9999 -9999 -9999 -9999 -9999 -9999 -9999 -9999 -9999 -9999 -9999 -9999 -9999 -9999 -9999 -9999 -9999 -9999 -9999 -9999 -9999 -9999 -9999 -9999 -9999 -9999 -9999 -9999 -9999 -9999 -9999 -9999 -9999 -9999 -9999 -9999 -9999 -9999 -9999 -9999 -9999 -9999 -9999 -9999 -9999 -9999 -9999 -9999 -9999 -9999 -9999 -9999 -9999 -9999 -9999 -9999 -9999 -9999 -9999 -9999 -9999 -9999 -9999 -9999 -9999 -9999
-9999 -9999 -9999 -9999 -9999 -9999 -9999 -9999 -9999 -9999 -9999 -9999 -9999 -9999 -9999 -9999 -9999 -9999 -9999 -9999 -9999 -9999 -9999 -9999 -9999 -9999 -9999 -9999 -9999 -9999 -9999 -9999 -9999 -9999 -9999 -9999 -9999 -9999 -9999 -9999 -9999 -9999 -9999 -9999 -9999 -9999 -9999 -9999 -9999 -9999 -9999 -9999 -9999 -9999 -9999 -9999 -9999 -9999 -9999 -9999 -9999 -9999 -9999 -9999 -9999 -9999 -9999 -9999 -9999 -9999
-9999 -9999 -9999 -9999 -9999 -9999 -9999 -9999 -9999 -9999 -9999 -9999 -9999 -9999 -9999 -9999 -9999 -9999 -9999 -9999 -9999 -9999 -9999 -9999 -9999 -9999 -9999 -9999 -9999 -9999 -9999 -9999 -9999 -9999 -9999 -9999 -9999 -9999 -9999 -9999 -9999 -9999 -9999 -9999 -9999 -9999 -9999 -9999 -9999 -9999 -9999 -9999 -9999 -9999 -9999 -9999 -9999 -9999 -9999 -9999 -9999 -9999 -9999 -9999 -9999 -9999 -9999 -9999 -9999 -9999
-9999 -9999 -9999 -9999 -9999 -9999 -9999 -9999 -9999 -9999 -9999 -9999 -9999 -9999 -9999 -9999 -9999 -9999 -9999 -9999 -9999 -9999 -9999 -9999 -9999 -9999 -9999 -9999 -9999 -9999 -9999 -9999 -9999 -9999 -9999 -9999 -9999 -9999 -9999 -9999 -9999 -9999 -9999 -9999 -9999 -9999 -9999 -9999 -9999 -9999 -9999 -9999 -9999 -9999 -9999 -9999 -9999 -9999 -9999 -9999 -9999 -9999 -9999 -9999 -9999 -9999 -9999 -9999 -9999 -9999
-9999 -9999 -9999 -9999 -9999 -9999 -9999 -9999 -9999 -9999 -9999 -9999 -9999 -9999 -9999 -9999 -9999 -9999 -9999 -9999 -9999 -9999 -9999 -9999 -9999 -9999 -9999 -9999 -9999 -9999 -9999 -9999 -9999 -9999 -9999 -9999 -9999 -9999 -9999 -9999 -9999 -9999 -9999 -9999 -9999 -9999 -9999 -9999 -9999 -9999 -9999 -9999 -9999 -9999 -9999 -9999 -9999 -9999 -9999 -9999 -9999 -9999 -9999 -9999 -9999 -9999 -9999 -9999 -9999 -9999
-9999 -9999 -9999 -9999 -9999 -9999 -9999 -9999 -9999 -9999 -9999 -9999 -9999 -9999 -9999 -9999 -9999 -9999 -9999 -9999 -9999 -9999 -9999 -9999 -9999 -9999 -9999 -9999 -9999 -9999 -9999 -9999 -9999 -9999 -9999 -9999 -9999 -9999 -9999 -9999 -9999 -9999 -9999 -9999 -9999 -9999 -9999 -9999 -9999 -9999 -9999 -9999 -9999 -9999 -9999 -9999 -9999 -9999 -9999 -9999 -9999 -9999 -9999 -9999 -9999 -9999 -9999 -9999 -9999 -9999
-9999 -9999 -9999 -9999 -9999 -9999 -9999 -9999 -9999 -9999 -9999 -9999 -9999 -9999 -9999 -9999 -9999 -9999 -9999 -9999 -9999 -9999 -9999 -9999 -9999 -9999 -9999 -9999 -9999 -9999 -9999 -9999 -9999 -9999 -9999 -9999 -9999 -9999 -9999 -9999 -9999 -9999 -9999 -9999 -9999 -9999 -9999 -9999 -9999 -9999 -9999 -9999 -9999 -9999 -9999 -9999 -9999 -9999 -9999 -9999 -9999 -9999 -9999 -9999 -9999 -9999 -9999 -9999 -9999 -9999
-9999 -9999 -9999 -9999 -9999 -9999 -9999 20.72940 -9999 -9999 -9999 -9999 -9999 -9999 -9999 -9999 -9999 -9999 -9999 -9999 -9999 -9999 -9999 -9999 -9999 -9999 -9999 -9999 -9999 -9999 -9999 -9999 -9999 -9999 -9999 -9999 -9999 -9999 -9999 -9999 -9999 -9999 -9999 -9999 -9999 -9999 -9999 -9999 -9999 -9999 -9999 -9999 -9999 -9999 -9999 -9999 -9999 -9999 -9999 -9999 -9999 -9999 -9999 -9999 -9999 -9999 -9999 -9999 -9999 -9999
-9999 -9999 -9999 22.91240 22.17210 22.31760 22.49530 22.57860 23.05370 23.24270 23.67490 23.75180 23.91040 24.01540 24.13080 24.06450 24.06240 24.12420 24.13140 24.22080 24.21500 24.20950 24.19760 -9999 -9999 -9999 -9999 -9999 -9999 -9999 -9999 -9999 -9999 -9999 -9999 -9999 -9999 -9999 -9999 -9999 -9999 -9999 -9999 -9999 -9999 -9999 -9999 -9999 -9999 -9999 -9999 -9999 -9999 -9999 -9999 -9999 -9999 -9999 -9999 -9999 -9999 -9999 -9999 -9999 -9999 -9999 -9999 -9999 -9999 -9999
-9999 -9999 -9999 -9999 -9999 24.14510 24.44530 24.70370 24.82410 25.41850 25.57690 25.55100 25.82900 25.90640 26.02430 26.17850 26.31480 26.22130 26.19820 26.32510 26.36550 26.15520 26.11850 -9999 -9999 -9999 -9999 -9999 -9999 -9999 -9999 -9999 -9999 -9999 -9999 -9999 -9999 -9999 -9999 -9999 -9999 -9999 -9999 -9999 -9999 -9999 -9999 -9999 -9999 -9999 -9999 -9999 -9999 -9999 -9999 -9999 -9999 -9999 -9999 -9999 -9999 -9999 -9999 -9999 -9999 -9999 -9999 -9999 -9999 -9999
25.88340 25.68610 25.58580 25.65520 25.81140 25.89230 26.02890 26.36850 26.59330 26.98450 27.17340 27.30260 27.48610 27.53160 27.70170 27.89980 27.92230 27.89760 28.08290 28.06340 28.09340 27.90190 27.93970 27.78240 27.84700 27.85610 27.85070 27.68830 27.68960 -9999 -9999 -9999 -9999 -9999 -9999 -9999 -9999 -9999 -9999 -9999 -9999 -9999 -9999 -9999 -9999 -9999 -9999 -9999 -9999 -9999 -9999 -9999 -9999 -9999 -9999 -9999 -9999 -9999 -9999 -9999 -9999 -9999 -9999 -9999 -9999 -9999 -9999 -9999 -9999 -9999
27.29620 27.40440 27.28790 27.33680 27.35670 27.49660 27.81570 28.04310 28.39540 28.38330 28.75390 29.02810 29.14170 29.38210 29.59040 29.58670 29.89370 29.80250 29.78250 29.92640 29.90190 29.69930 29.65920 29.56020 29.53590 29.71230 29.57600 29.62610 29.44210 29.26480 29.15680 29.06900 29.06520 28.93860 28.87880 28.72240 28.72060 28.46940 28.45140 28.14540 27.99380 27.88570 27.89560 27.87350 -9999 -9999 -9999 -9999 -9999 -9999 -9999 -9999 -9999 -9999 -9999 -9999 -9999 -9999 -9999 -9999 -9999 -9999 -9999 -9999 -9999 -9999 -9999 -9999 -9999 -9999
28.69830 28.83670 28.70970 28.75960 28.84030 28.89400 29.16670 29.35460 29.69020 29.88680 30.25730 30.70650 30.92710 31.06960 31.31080 31.31790 31.48430 31.43280 31.55020 31.51100 31.54050 31.44400 31.31720 31.16280 31.14490 31.36970 31.30770 31.33010 31.32460 31.08510 31.10570 31.00240 30.94600 30.48690 30.20110 30.51790 30.38480 30.35780 30.18780 29.78360 29.60320 29.61130 29.59020 29.60400 29.54740 -9999 -9999 -9999 -9999 -9999 -9999 -9999 -9999 -9999 -9999 -9999 -9999 -9999 -9999 -9999 -9999 -9999 -9999 -9999 -9999 -9999 -9999 -9999 -9999 -9999
30.17380 29.90970 29.81950 29.62200 29.78800 30.11660 30.07730 30.65250 30.75460 31.46990 31.79210 32.09850 32.29410 32.81870 32.94180 32.89400 33.05550 32.97050 32.92410 32.97610 33.12140 33.01990 33.07930 33.10860 33.18830 32.93200 32.87440 32.81170 32.65860 32.81180 32.60220 32.60270 32.36990 32.26570 32.19810 32.17860 32.08050 31.82050 31.45820 31.44270 31.31300 31.28990 31.24930 31.25640 31.26600 -9999 -9999 -9999 -9999 -9999 -9999 -9999 -9999 -9999 -9999 -9999 -9999 -9999 -9999 -9999 31.94710 31.97660 -9999 -9999 -9999 -9999 32.48170 32.55020 32.69240 32.64360
31.17190 30.99760 31.02130 31.18280 31.04700 31.19880 31.60380 31.79710 32.03540 32.79920 33.04550 33.48930 33.93590 34.34690 34.81550 34.67330 34.63620 34.60960 34.55830 34.62950 34.68880 34.55810 34.72420 34.74110 34.68890 34.48260 34.47510 34.56330 34.56820 34.67140 34.53570 34.46800 34.35780 34.20450 34.00720 34.09400 34.05450 33.61470 33.38020 33.33440 33.27500 33.14270 32.95390 32.95730 32.95800 32.85620 32.80950 32.84070 32.98790 32.99940 33.28790 33.22780 33.27390 33.26070 33.46640 33.37040 33.38050 33.78340 33.88080 33.83860 34.01940 33.94700 -9999 -9999 -9999 -9999 -9999 34.71060 34.66450 34.81020
32.68930 32.04840 32.08030 32.21030 32.14550 32.32020 32.54940 33.03520 33.46510 33.53660 33.91530 34.64280 35.19310 35.64960 36.15020 36.13230 36.22920 36.40770 36.30510 36.05410 36.06160 36.09480 36.24250 36.10240 36.12250 36.07390 36.17320 36.16020 36.26570 36.28540 36.19190 36.38450 36.16870 36.04380 36.04330 35.98020 35.60730 35.37490 35.34430 35.06960 35.03240 34.96680 34.92280 34.85450 34.83520 34.74330 34.62300 34.62780 34.69150 34.86470 35.08520 35.22400 35.23670 35.27020 35.39910 35.56040 35.69960 35.69600 35.65930 35.68310 35.78850 36.00550 36.09250 36.23170 36.27030 36.36240 36.54520 36.53130 36.74150 37.15170
34.15390 33.73330 34.97930 33.69750 33.65330 34.35340 34.10780 34.49390 34.67150 35.16480 35.46990 36.06820 36.76590 37.06590 37.71840 37.73720 37.91080 37.89550 37.97820 37.73480 37.88150 37.80690 37.79910 37.80110 37.90010 37.83760 37.85310 37.83670 38.01560 38.13130 38.14430 38.38290 38.29210 38.02760 38.00540 37.69790 37.44120 37.40280 37.26100 36.97210 36.94650 36.94690 36.86360 36.90150 36.70600 36.48800 36.38840 36.43180 36.51840 36.84370 37.04940 37.09520 37.32570 37.15440 37.61010 37.50340 37.66510 38.00500 38.21870 38.23110 38.28410 38.06650 38.74080 38.66400 38.65250 38.47710 38.70590 38.59790 38.45080 38.97590
35.61250 35.87080 36.82520 35.24920 35.40870 35.28770 35.57090 35.85090 35.88230 36.27680 36.61810 37.15600 37.68010 38.29660 38.83090 38.79120 39.11940 39.71240 39.64630 39.52590 39.44120 39.56090 39.69610 39.39180 39.75100 39.91190 39.89200 39.89970 40.14190 40.12890 40.10260 39.95720 39.95420 39.95350 39.68730 39.52080 39.25540 38.81280 38.85720 38.64330 38.47260 38.41790 38.28880 38.80200 38.67760 38.54150 38.30660 38.25990 38.20290 38.63760 38.76220 38.67440 39.01510 39.19170 39.43210 39.02460 39.12590 39.28030 39.46460 39.97200 40.13030 40.63820 40.74480 40.76680 41.05170 41.04520 40.98580 40.83250 40.98990 41.30450
36.82640 37.27820 38.15270 37.40770 37.24430 37.02360 37.13490 37.07540 37.25230 37.63150 37.78990 38.69260 39.15870 39.44770 40.08230 40.27820 40.67430 41.07610 41.33990 41.18820 41.36420 41.50590 41.37990 41.40570 41.55670 41.88560 41.68130 41.67470 41.71970 41.87960 41.93400 41.86870 41.84580 41.68260 41.46520 41.49930 41.02430 40.71340 40.53190 40.45470 40.33260 40.26360 40.29830 40.24040 40.23250 40.40650 40.36470 40.12740 40.21080 40.56240 40.65980 40.78000 41.22910 41.21210 41.33280 41.13210 41.47760 41.54330 41.68480 42.09600 42.05210 42.54910 42.74510 42.87470 43.55860 43.45310 43.76140 43.66180 43.47810 43.81690
39.26140 38.59170 39.32620 39.22870 39.84560 40.24510 39.15340 38.59070 38.70120 39.05820 38.75700 39.75590 40.44430 41.11350 41.84440 41.86920 42.16360 42.19560 42.64430 42.72220 43.06860 42.90370 43.06770 43.39680 43.45740 43.41640 43.66100 43.96250 44.05390 43.95530 44.09630 43.95640 43.96630 44.20070 43.85760 43.47800 43.24900 42.45950 42.62810 42.52670 42.39000 42.14740 42.18880 42.42930 42.19500 42.28140 42.13830 42.09950 42.37360 42.18890 42.52720 42.24630 42.92510 42.92400 43.11710 42.83140 43.01980 43.31840 43.58840 44.09590 44.58570 45.41920 45.35750 45.51460 45.85400 45.38410 45.41830 45.21700 45.49450 45.94040
41.72250 41.45010 41.69660 41.92170 42.55670 42.66240 42.08590 41.61980 40.90330 40.95330 41.03510 40.98800 41.65400 42.25410 42.99560 43.48200 43.69820 43.96000 44.06620 44.23050 44.68260 44.76640 45.04150 45.25070 45.62320 45.81610 45.94620 46.47870 46.64510 46.64550 46.63070 46.21700 46.33970 46.35030 46.08290 45.83290 45.62290 44.89770 44.69820 44.67760 44.64740 44.41330 44.28870 44.42570 44.38980 44.64050 44.56430 44.67770 44.87660 45.11510 44.86920 44.89050 45.42880 45.69000 45.99600 45.51830 45.73090 45.80570 45.88060 46.58910 47.22730 47.79580 48.01100 48.03410 47.95980 47.52070 47.58590 47.64450 47.43760 47.75610
42.57350 43.38140 44.18860 44.35440 44.43580 44.13630 44.29990 43.74400 43.20730 42.95540 43.15510 43.30360 43.72940 44.05870 44.53750 44.58640 45.14860 45.62520 46.11570 46.10180 46.61720 46.95690 47.15840 47.60270 47.97800 48.38160 48.87440 48.81620 49.19300 49.70940 49.54140 48.71090 48.63560 47.99600 47.67210 47.68220 47.08580 46.42650 46.06890 46.76220 46.62170 46.46960 46.23870 46.73660 46.83760 46.68980 46.61330 46.92080 46.84440 46.93700 47.58910 47.71630 47.92900 48.36660 48.82140 48.85190 49.56390 49.42420 49.71360 49.72270 49.81320 50.09540 50.13940 50.14610 50.31700 50.34440 50.10180 49.78220 49.54320 49.25600
44.74450 45.80020 45.82320 45.37300 45.65160 45.70210 46.36500 45.90050 45.92940 46.33790 45.53390 45.81400 46.45220 46.97200 46.96670 47.43600 56.60170 48.80250 47.87670 47.87290 54.38780 49.22570 49.41070 49.70630 49.94920 50.49530 50.94560 51.09030 51.44580 51.72040 51.68430 51.00150 51.00310 50.01960 49.67910 49.54350 49.18010 48.41160 48.18290 48.67840 48.63380 48.74590 48.58490 48.93480 48.86240 48.32640 48.15830 48.69020 49.22020 49.71630 50.24040 50.19740 50.38490 50.29170 50.74450 51.53500 52.06420 51.92910 51.98290 52.03990 51.93160 51.98130 52.12640 52.75400 52.75450 52.00980 51.78290 51.65200 51.24110 50.97700
47.21730 48.17980 47.69360 47.46000 47.67020 47.59620 47.62540 47.35980 47.49080 46.96920 47.07100 46.81540 47.46730 48.80970 48.66130 49.85970 50.36390 59.15080 50.27700 50.19480 50.27360 50.55060 51.15080 51.21230 51.16230 52.30290 52.81950 52.70120 53.12290 53.36150 53.33970 53.06580 52.76580 52.06040 51.40280 51.40360 50.85610 50.18510 50.00410 50.31540 50.38730 50.70110 50.73400 50.66830 50.78850 50.50950 50.12940 50.59000 51.16320 52.00300 52.64440 53.00620 52.65790 53.11050 53.77980 53.27910 53.36080 53.96470 53.97520 54.36410 54.29300 54.18120 54.02550 54.32920 54.06650 54.01280 53.90780 53.78160 53.86560 53.88670
49.51580 50.78020 50.87180 50.46620 50.28620 50.17240 49.71010 49.49620 49.10320 48.79690 48.75830 49.18670 50.04310 50.79890 50.59510 50.84900 51.70920 52.10190 52.38680 53.71250 52.65440 52.65900 53.26310 52.84800 53.44780 54.56670 55.18930 54.84780 55.10350 55.44070 55.74080 55.15850 54.73970 53.73250 53.41500 53.30270 52.99910 52.02930 52.19770 52.51100 52.57740 53.22090 52.62310 52.98330 53.43190 53.23240 52.63630 52.61670 53.32150 53.52200 54.32360 54.77590 54.40900 54.33450 54.39110 54.19750 54.87360 55.87310 56.33110 56.08380 56.46570 56.42340 56.45110 56.67360 56.63580 56.41330 56.25710 56.22240 56.02360 55.88090
53.04140 53.68810 54.37960 54.91120 55.01540 53.01840 52.60970 51.66570 51.42500 51.60810 51.89200 51.84010 52.38920 54.49830 53.07200 52.92470 53.31330 54.41290 55.11150 54.86250 55.07010 55.47970 55.51890 55.62620 56.14340 56.05280 56.25720 56.56440 57.11580 57.33200 57.33070 57.27330 56.75210 56.48920 56.39340 56.06570 55.15340 54.77160 54.98070 54.87750 54.95280 55.79170 55.94870 55.68500 55.33310 55.49050 55.52470 55.31840 56.29190 56.15030 57.00310 57.20210 57.43570 57.17430 57.77430 58.01030 58.38030 57.95700 57.91770 57.91790 57.84560 57.79720 58.25660 58.70600 58.62070 58.95650 58.75990 58.49250 58.41130 58.75110
55.60880 55.15850 56.12300 60.57080 67.37910 57.41540 55.10780 54.29680 53.86770 54.33530 54.23840 53.90950 54.15510 55.35090 55.98640 55.78930 55.62100 56.94380 56.43900 56.97770 57.05710 58.01490 57.86730 57.58890 58.22370 57.88860 58.65650 58.93980 59.35230 59.79970 59.70510 59.74480 59.26840 58.96960 58.48190 58.53590 57.62900 56.88290 57.10990 57.64700 58.07090 58.14980 58.21070 57.81490 57.99440 58.18710 58.14980 57.23890 58.40160 59.15970 59.63380 59.43160 59.92150 59.73790 59.84620 60.15810 60.35570 60.41570 60.20510 59.84600 59.84950 59.95690 60.40060 60.93020 61.01920 61.86280 61.76070 61.73540 61.42710 61.25300
56.92290 58.07150 57.93200 59.59380 70.30410 69.59470 70.37580 69.46080 57.87060 57.94640 57.69000 56.87840 57.18990 57.85720 58.37050 58.87800 58.00750 58.18140 58.26290 58.52890 58.86180 59.45300 59.97690 59.67950 60.24160 59.60460 59.84530 59.74890 60.55560 61.33550 61.24450 60.96400 60.63220 60.95810 60.54630 60.26450 59.20010 59.00310 59.38000 60.04800 61.04050 59.83900 59.99660 60.79350 59.60860 59.33160 59.37740 58.97110 58.92080 59.74180 60.08190 59.89970 60.43940 61.59930 62.08610 62.08520 62.30970 62.08520 61.54320 61.68480 61.86110 62.09780 62.27940 63.17580 64.04700 64.42430 64.49300 64.17150 63.86130 63.35930
59.37130 59.89410 60.24430 61.48540 61.42110 67.17990 72.27480 73.36150 72.36200 61.60670 61.97850 61.85460 60.54190 60.98730 61.80440 61.12310 60.50680 61.04340 60.75430 60.46670 60.90790 61.74590 62.78670 63.10550 62.57880 61.86390 61.93410 61.79380 62.32520 62.90430 63.18390 63.50130 63.05750 63.84100 63.44100 63.45180 62.08590 61.96410 62.30150 62.68480 62.74220 62.12180 61.16520 62.31560 61.53730 59.99820 60.16090 61.00580 61.80920 63.09370 62.85900 -9999 -9999 63.65210 63.64750 63.09460 63.84420 63.85110 63.64970 63.68220 64.22480 64.43840 65.32160 66.53680 67.23740 67.79200 67.79650 67.17270 66.85820 65.78040
62.85290 63.89510 63.04060 63.55740 64.03440 64.37560 63.43380 75.42530 64.33760 65.07230 75.73420 75.34640 64.74900 64.89520 64.88220 63.29350 62.83250 63.47900 63.79610 63.91260 64.53850 64.51240 64.86700 64.51450 64.80130 65.33100 65.03320 64.23790 64.32640 65.06600 65.67000 66.78350 66.52680 66.49910 66.78300 67.23540 66.13550 65.60580 64.70010 64.52180 -9999 -9999 -9999 -9999 63.70500 -9999 65.65530 67.34010 67.00570 66.68030 65.46070 -9999 -9999 66.96120 66.73730 66.11880 66.27980 65.20580 65.73040 66.29320 67.19020 67.70100 68.30870 68.65940 69.22680 69.15700 70.21480 70.16870 69.72680 68.13800
