data/hydroclimate-scenarios/BCSD_hadcm_B1/monthly_summaries/isr_monthly_avg_oct.2030-2059.asc
ncols	311
nrows	91
xllcenter	102.75
yllcenter	31.75
cellsize	0.5
NODATA_value	-9999
[rows 0 to 30 of 91, columns 0 to 70 of 311]
-9999 -9999 -9999 -9999 -9999 -9999 -9999 -9999 -9999 -9999 -9999 -9999 -9999 -9999 -9999 -9999 -9999 -9999 -9999 -9999 -9999 -9999 -9999 -9999 -9999 -9999 -9999 -9999 -9999 -9999 -9999 -9999 -9999 -9999 -9999 -9999 -9999 -9999 -9999 -9999 -9999 -9999 -9999 -9999 -9999 -9999 -9999 -9999 -9999 -9999 -9999 -9999 -9999 -9999 -9999 -9999 -9999 -9999 -9999 -9999 -9999 -9999 -9999 -9999 -9999 -9999 -9999 -9999 -9999 -9999 -9999
-9999 -9999 -9999 -9999 -9999 -9999 -9999 -9999 -9999 -9999 -9999 -9999 -9999 -9999 -9999 -9999 -9999 -9999 -9999 -9999 -9999 -9999 -9999 -9999 -9999 -9999 -9999 -9999 -9999 -9999 -9999 -9999 -9999 -9999 -9999 -9999 -9999 -9999 -9999 -9999 -9999 -9999 -9999 -9999 -9999 -9999 -9999 -9999 -9999 -9999 -9999 -9999 -9999 -9999 -9999 -9999 -9999 -9999 -9999 -9999 -9999 -9999 -9999 -9999 -9999 -9999 -9999 -9999 -9999 -9999 -9999
-9999 -9999 -9999 -9999 -9999 -9999 -9999 -9999 -9999 -9999 -9999 -9999 -9999 -9999 -9999 -9999 -9999 -9999 -9999 -9999 -9999 -9999 -9999 -9999 -9999 -9999 -9999 -9999 -9999 -9999 -9999 -9999 -9999 -9999 -9999 -9999 -9999 -9999 -9999 -9999 -9999 -9999 -9999 -9999 -9999 -9999 -9999 -9999 -9999 -9999 -9999 -9999 -9999 -9999 -9999 -9999 -9999 -9999 -9999 -9999 -9999 -9999 -9999 -9999 -9999 -9999 -9999 -9999 -9999 -9999 -9999
-9999 -9999 -9999 -9999 -9999 -9999 -9999 -9999 -9999 -9999 -9999 -9999 -9999 -9999 -9999 -9999 -9999 -9999 -9999 -9999 -9999 -9999 -9999 -9999 -9999 -9999 -9999 -9999 -9999 -9999 -9999 -9999 -9999 -9999 -9999 -9999 -9999 -9999 -9999 -9999 -9999 -9999 -9999 -9999 -9999 -9999 -9999 -9999 -9999 -9999 -9999 -9999 -9999 -9999 -9999 -9999 -9999 -9999 -9999 -9999 -9999 -9999 -9999 -9999 -9999 -9999 -9999 -9999 -9999 -9999 -9999
-9999 -9999 -9999 -9999 -9999 -9999 -9999 -9999 -9999 -9999 -9999 -9999 -9999 -9999 -9999 -9999 -9999 -9999 -9999 -9999 -9999 -9999 -9999 -9999 -9999 -9999 -9999 -9999 -9999 -9999 -9999 -9999 -9999 -9999 -9999 -9999 -9999 -9999 -9999 -9999 -9999 -9999 -9999 -9999 -9999 -9999 -9999 -9999 -9999 -9999 -9999 -9999 -9999 -9999 -9999 -9999 -9999 -9999 -9999 -9999 -9999 -9999 -9999 -9999 -9999 -9999 -9999 -9999 -9999 -9999 -9999
-9999 -9999 -9999 -9999 -9999 -9999 -9999 -9999 -9999 -9999 -9999 -9999 -9999 -9999 -9999 -9999 -9999 -9999 -9999 -9999 -9999 -9999 -9999 -9999 -9999 -9999 -9999 -9999 -9999 -9999 -9999 -9999 -9999 -9999 -9999 -9999 -9999 -9999 -9999 -9999 -9999 -9999 -9999 -9999 -9999 -9999 -9999 -9999 -9999 -9999 -9999 -9999 -9999 -9999 -9999 -9999 -9999 -9999 -9999 -9999 -9999 -9999 -9999 -9999 -9999 -9999 -9999 -9999 -9999 -9999 -9999
-9999 -9999 -9999 -9999 -9999 -9999 -9999 -9999 -9999 -9999 -9999 -9999 -9999 -9999 -9999 -9999 -9999 -9999 -9999 -9999 -9999 -9999 -9999 -9999 -9999 -9999 -9999 -9999 -9999 -9999 -9999 -9999 -9999 -9999 -9999 -9999 -9999 -9999 -9999 -9999 -9999 -9999 -9999 -9999 -9999 -9999 -9999 -9999 -9999 -9999 -9999 -9999 -9999 -9999 -9999 -9999 -9999 -9999 -9999 -9999 -9999 -9999 -9999 -9999 -9999 -9999 -9999 -9999 -9999 -9999 -9999
-9999 -9999 -9999 -9999 -9999 -9999 -9999 -9999 -9999 -9999 -9999 -9999 -9999 -9999 -9999 -9999 -9999 -9999 -9999 -9999 -9999 -9999 -9999 -9999 -9999 -9999 -9999 -9999 -9999 -9999 -9999 -9999 -9999 -9999 -9999 -9999 -9999 -9999 -9999 -9999 -9999 -9999 23.89310 23.79330 23.81500 23.63060 23.58710 23.25070 23.22630 23.56210 23.60000 23.91050 -9999 -9999 -9999 -9999 -9999 -9999 -9999 -9999 -9999 -9999 -9999 -9999 -9999 -9999 -9999 -9999 -9999 -9999 -9999
-9999 -9999 -9999 -9999 -9999 -9999 -9999 -9999 -9999 -9999 -9999 -9999 -9999 -9999 -9999 -9999 -9999 -9999 -9999 -9999 -9999 -9999 -9999 -9999 -9999 -9999 -9999 -9999 -9999 -9999 -9999 -9999 -9999 -9999 -9999 -9999 -9999 -9999 24.41170 25.46500 25.45880 25.54800 25.43330 25.34030 25.27270 25.08550 25.06170 25.34160 25.18890 25.27000 25.20310 25.02310 24.94180 23.75290 -9999 -9999 -9999 -9999 -9999 -9999 -9999 -9999 -9999 -9999 -9999 -9999 -9999 -9999 -9999 -9999 -9999
-9999 -9999 -9999 -9999 -9999 -9999 -9999 -9999 -9999 -9999 -9999 -9999 -9999 -9999 -9999 -9999 -9999 -9999 -9999 -9999 -9999 -9999 -9999 -9999 -9999 -9999 -9999 -9999 -9999 -9999 -9999 -9999 -9999 -9999 -9999 -9999 -9999 -9999 -9999 -9999 26.31560 26.65210 26.83780 26.82260 26.77990 26.60870 26.44110 26.73560 26.56220 26.66050 26.53730 26.19010 26.07040 24.86640 -9999 -9999 -9999 -9999 -9999 -9999 -9999 -9999 -9999 -9999 -9999 -9999 -9999 -9999 -9999 -9999 -9999
-9999 -9999 -9999 -9999 -9999 -9999 -9999 -9999 -9999 -9999 -9999 -9999 -9999 -9999 -9999 -9999 -9999 -9999 -9999 -9999 -9999 -9999 -9999 -9999 -9999 -9999 -9999 -9999 -9999 -9999 -9999 -9999 -9999 -9999 -9999 -9999 -9999 -9999 -9999 -9999 -9999 -9999 -9999 -9999 28.99730 28.89210 29.37110 29.41560 29.28090 28.76200 28.66960 28.20580 27.36120 25.99820 -9999 -9999 -9999 -9999 -9999 -9999 26.77000 -9999 -9999 -9999 -9999 -9999 -9999 -9999 -9999 -9999 -9999
-9999 -9999 -9999 -9999 -9999 -9999 -9999 -9999 -9999 -9999 -9999 -9999 -9999 -9999 -9999 -9999 -9999 -9999 -9999 -9999 -9999 -9999 -9999 -9999 -9999 -9999 -9999 -9999 -9999 -9999 -9999 -9999 -9999 -9999 -9999 -9999 -9999 -9999 -9999 -9999 -9999 30.05630 30.01260 30.85330 30.87130 30.32080 30.53100 30.90720 30.81140 30.46420 30.81360 29.80550 28.92180 28.05500 -9999 -9999 -9999 -9999 -9999 27.95200 27.89150 28.34890 28.33590 28.02460 28.01830 27.88460 27.88200 27.39390 27.47930 27.34120 27.40320
-9999 -9999 -9999 -9999 -9999 -9999 -9999 -9999 -9999 -9999 -9999 -9999 -9999 -9999 -9999 -9999 -9999 -9999 -9999 -9999 -9999 -9999 -9999 -9999 -9999 -9999 -9999 -9999 -9999 -9999 -9999 -9999 -9999 -9999 -9999 -9999 -9999 -9999 -9999 -9999 -9999 31.11080 31.39220 31.84890 31.56680 31.67210 31.83170 32.31560 32.39010 31.52600 31.72210 31.05760 30.88920 30.27350 29.50680 29.10990 28.47470 -9999 28.37620 29.83610 29.83640 30.00640 29.89960 29.85960 29.89000 29.57090 29.17400 29.18250 29.19500 29.00870 29.16490
-9999 -9999 -9999 -9999 -9999 -9999 -9999 -9999 -9999 -9999 -9999 -9999 -9999 -9999 -9999 -9999 -9999 -9999 -9999 -9999 -9999 -9999 -9999 -9999 -9999 -9999 -9999 -9999 -9999 -9999 -9999 -9999 -9999 -9999 -9999 30.63350 31.03760 30.82210 30.92210 31.62200 31.76150 31.61240 31.83440 32.67090 32.78120 32.83230 32.63920 33.20740 33.49850 33.18600 33.60460 32.91880 33.59070 32.69180 32.45170 31.85490 30.56490 30.38590 29.94460 31.50310 31.46950 31.56210 31.50680 32.08110 31.82210 31.16420 31.17010 30.87460 30.68170 30.56840 30.61230
-9999 -9999 -9999 -9999 -9999 -9999 -9999 -9999 -9999 -9999 -9999 -9999 -9999 -9999 -9999 -9999 -9999 -9999 -9999 -9999 -9999 -9999 -9999 -9999 -9999 -9999 -9999 -9999 -9999 -9999 -9999 -9999 -9999 -9999 32.03880 32.83090 33.02380 32.78410 32.87860 32.56010 32.54420 32.46930 32.78110 31.50600 31.80240 32.52990 32.79240 33.54110 34.02810 34.87520 35.45930 34.94400 35.96750 36.29180 35.91060 33.64700 31.53610 31.51090 30.39510 32.43950 32.66420 33.41290 33.46680 34.39620 33.83080 33.42470 33.45050 33.62900 34.13400 32.68400 33.58200
-9999 -9999 -9999 -9999 -9999 -9999 -9999 -9999 -9999 -9999 -9999 -9999 -9999 -9999 -9999 -9999 -9999 -9999 -9999 -9999 -9999 -9999 -9999 -9999 -9999 -9999 -9999 -9999 -9999 -9999 -9999 -9999 -9999 33.67640 33.64340 33.78070 33.82520 33.77420 33.68700 33.47750 33.45000 33.83120 33.77300 32.72280 32.91480 33.84800 34.38070 34.87460 36.16340 37.18750 37.91330 38.20900 53.81900 38.16980 35.97920 34.74700 34.31610 33.14650 32.38690 34.53350 34.79320 34.75130 34.61610 34.98880 35.07820 35.13940 35.60400 35.53110 35.61520 34.20430 34.76460
-9999 -9999 -9999 -9999 -9999 -9999 -9999 -9999 -9999 -9999 -9999 -9999 -9999 -9999 -9999 -9999 -9999 -9999 -9999 -9999 -9999 -9999 -9999 -9999 -9999 -9999 -9999 -9999 -9999 -9999 -9999 33.29400 33.74220 33.91140 33.76260 34.44840 34.40260 34.32280 34.23730 33.88150 34.10510 34.06130 33.90860 33.34880 33.54810 33.89650 34.01680 35.09990 36.30280 37.79220 38.67280 40.28460 56.60360 40.22300 38.68790 37.61680 35.54660 34.87960 35.51870 36.94860 36.25710 36.63200 36.60430 36.18230 36.55690 37.41050 37.64800 36.30730 36.32450 37.63910 38.32210
-9999 -9999 -9999 -9999 -9999 -9999 -9999 -9999 -9999 -9999 -9999 -9999 -9999 -9999 -9999 -9999 -9999 -9999 -9999 -9999 -9999 -9999 -9999 -9999 -9999 -9999 -9999 -9999 -9999 34.29120 34.41370 35.41470 35.23430 35.06460 35.08500 35.75820 35.61530 35.35430 35.45790 34.96050 35.13020 34.76470 34.96140 34.40360 34.86490 35.32330 35.88440 37.22700 39.21020 40.60110 41.35340 53.32710 59.12020 41.46140 40.94230 39.90510 37.69380 37.19290 36.80710 37.83380 37.99680 38.38610 38.48270 38.62790 38.07840 38.84590 39.64300 39.88400 39.90170 39.64570 39.48000
-9999 -9999 -9999 -9999 -9999 -9999 -9999 -9999 -9999 -9999 -9999 -9999 -9999 -9999 -9999 -9999 -9999 -9999 -9999 -9999 -9999 -9999 -9999 -9999 35.85650 35.64300 35.23270 35.47020 35.79640 36.06470 36.35900 34.81220 34.89140 34.23020 34.25660 34.27800 34.58080 34.74600 34.89230 35.68010 35.34470 35.40110 35.68870 34.54970 35.43230 36.11750 36.29370 38.59350 40.67860 41.68190 41.75740 44.29810 44.31530 43.08200 41.38660 41.07330 40.41460 39.94580 40.20060 38.47410 38.01130 38.97300 38.62310 38.93610 38.98560 39.56620 39.11120 39.48710 39.80720 40.45350 42.97590
-9999 -9999 -9999 -9999 -9999 -9999 38.80560 39.23530 38.85690 38.77950 38.63520 -9999 -9999 -9999 -9999 -9999 -9999 -9999 -9999 -9999 -9999 38.31310 38.93850 38.32770 38.12490 37.74560 37.56340 38.41180 38.08930 37.88400 37.65000 36.22000 36.56810 35.15360 35.52970 36.02920 36.16300 35.88080 35.71760 36.70930 36.48050 35.99000 36.20310 35.83020 36.45700 37.38680 37.60540 39.83990 41.58570 43.04320 44.20150 45.03410 45.66200 45.08330 42.72810 42.46110 42.27780 41.98890 41.29510 39.66160 39.61330 40.73970 41.24140 41.94270 42.19050 40.94240 40.84050 41.41790 41.70580 41.24460 42.36330
-9999 -9999 -9999 -9999 -9999 40.22500 40.43020 41.62860 40.91460 40.80200 40.28290 41.52730 41.10680 41.30790 -9999 -9999 -9999 41.06650 41.08630 40.55730 40.45700 40.82180 40.74220 40.44710 40.58700 40.35970 39.98060 39.42930 39.06100 38.44800 37.87590 37.39390 37.43770 36.13180 36.06960 36.71160 36.75410 37.50180 37.21970 37.16390 36.75500 36.74780 36.67680 36.14970 37.09400 37.76500 39.78980 41.94700 44.03870 45.47820 45.88080 46.75710 46.14420 44.98570 44.09390 44.59230 44.44010 43.82810 42.65920 41.19330 41.04420 42.04580 42.22290 42.59330 43.82540 45.19850 44.63560 44.35600 43.77780 44.83380 44.88180
-9999 41.80890 41.90380 42.00510 42.67380 42.20790 42.39310 43.13040 43.28760 42.64990 42.87560 43.47530 43.71690 43.21370 42.54200 41.82250 40.93030 43.07350 43.09040 41.97580 41.57770 41.71480 42.05730 41.33750 41.16600 41.50220 41.15420 40.63680 40.60450 39.75880 38.82850 38.44210 38.48500 37.42570 37.31660 37.82790 37.90000 38.46340 38.25270 38.58260 38.49910 37.76880 37.82510 37.70590 38.08650 38.58820 40.52760 42.56650 43.85950 45.69880 46.81510 48.24920 47.88540 47.95510 47.39440 47.56170 46.83650 44.68360 45.17390 44.01150 43.41310 44.26460 45.56340 46.11140 46.78700 47.00190 46.34730 47.05290 46.12760 47.59280 48.83920
-9999 44.24230 43.87990 44.37200 44.16650 44.26230 44.40440 43.98790 43.87370 43.91790 44.20050 44.55820 44.99790 44.82930 44.33050 44.16550 43.86800 45.04000 44.56420 43.62710 43.78790 44.09890 43.77710 43.25040 43.09620 42.16260 42.36700 42.99390 42.79510 41.38450 41.02580 40.79030 40.90750 40.87230 40.50080 40.47290 40.44720 40.57140 40.41730 40.26560 40.05340 39.22960 39.29160 39.34380 39.71730 39.59500 41.03360 42.73000 44.17630 47.11150 47.99990 49.82090 50.18290 52.51330 51.94470 49.45060 48.52070 48.17440 47.35770 47.18380 46.63140 47.54140 47.88660 48.25410 49.47320 48.99050 49.19100 47.30100 47.53170 48.03630 48.30550
-9999 -9999 -9999 47.14050 47.28510 46.38110 46.50420 46.02630 46.09470 44.95810 45.35640 44.85580 44.85540 44.97730 45.84100 45.33400 45.25710 45.43290 45.71560 45.45040 45.55810 45.72420 45.39280 45.28970 44.73040 43.81570 43.39470 43.96360 43.39590 42.55650 42.26370 42.34800 42.01140 41.84410 41.71730 41.44920 41.86040 41.69850 42.02360 41.21220 41.52410 41.22270 40.81210 40.63860 40.51490 40.50290 41.80340 43.56350 44.66220 46.51210 48.80640 50.29470 51.85750 53.35870 52.63300 52.04540 50.73990 50.66580 50.98770 50.38730 49.17020 50.61090 50.88880 51.95150 51.63120 50.73460 50.20020 49.46630 50.20140 50.93380 51.14030
-9999 -9999 -9999 -9999 -9999 -9999 47.63150 47.59590 47.74860 47.04320 47.09250 46.43610 46.46980 46.31390 46.35400 45.82720 45.75070 46.23180 45.57460 44.94420 45.17900 46.23590 45.71880 46.08230 45.59490 46.51490 46.04400 44.70280 44.45950 44.60800 44.77480 44.99260 44.98690 44.75230 44.54930 43.52170 43.91400 44.03400 43.84580 43.25960 43.70230 42.94880 43.03640 42.94730 43.19290 42.52680 43.20710 45.29580 45.94460 47.67530 50.30470 53.10190 54.15550 52.94210 53.72400 54.21330 53.09440 55.07510 55.56590 53.73960 54.66190 53.83280 54.32320 54.67100 54.20790 54.17850 52.41260 51.12890 51.75060 52.27130 52.87320
-9999 -9999 -9999 -9999 -9999 -9999 49.17150 49.47900 49.10250 49.15170 49.07570 48.26550 47.89700 47.70790 47.35250 47.13710 47.17680 48.11130 47.71760 47.37330 47.14250 47.84830 47.81020 47.83050 47.64350 47.45890 46.63380 46.12220 45.89480 46.37430 46.20380 46.04310 46.39080 46.23100 46.41270 45.02030 44.55440 45.11170 45.22340 44.79640 44.67260 44.61530 44.30560 44.47710 44.68660 44.20790 44.21350 44.02160 45.66050 47.08810 48.84590 50.64930 51.47100 53.27320 53.74570 52.24560 53.24870 54.90850 54.93160 55.35840 57.79910 57.02750 56.94290 56.59960 56.75780 55.11150 54.35290 52.54380 52.88610 53.60070 54.93520
-9999 -9999 -9999 -9999 -9999 -9999 -9999 -9999 -9999 -9999 50.36090 51.60910 50.98620 49.80980 50.49100 49.64660 49.79440 49.75550 49.04930 49.20300 49.37290 49.72050 49.37640 50.18670 49.39460 50.02630 49.81170 48.68010 48.30990 48.22590 48.36010 48.26530 47.95670 48.18380 47.96940 46.98650 46.93790 46.64970 46.27240 45.73450 46.14600 45.97320 45.54710 44.88860 45.76610 45.38120 45.37320 45.65560 46.62940 45.96090 46.69410 47.47800 48.62730 49.19760 49.64730 50.35390 50.47570 51.87360 52.38770 53.01840 53.28030 54.78850 55.26810 56.31880 56.43200 55.73380 55.29080 55.29220 56.17380 57.08300 58.03980
-9999 -9999 -9999 -9999 -9999 -9999 -9999 -9999 -9999 -9999 51.56970 51.87630 52.60140 51.74510 51.84630 51.40240 51.45200 51.48430 51.61150 51.46860 51.05650 51.39660 50.91960 51.80310 51.24720 50.85900 50.58240 49.93970 49.89660 49.65230 49.48800 50.05120 49.80390 50.13660 50.05740 49.23310 49.10540 48.59450 48.57060 48.26510 48.37110 48.15140 47.83640 47.55440 47.66130 47.49450 47.75060 47.87060 47.99710 47.44980 47.76990 48.69760 49.00790 49.61230 49.47070 51.02260 51.51850 51.99180 52.14730 52.93460 53.23650 53.22570 53.46990 54.52610 54.34620 54.10390 54.49400 54.37250 54.87950 59.00690 60.04360
-9999 -9999 -9999 -9999 -9999 -9999 -9999 -9999 -9999 -9999 -9999 -9999 53.31160 53.90960 53.66830 53.51340 52.55780 51.66230 52.49790 52.91190 52.58090 52.91340 52.67830 53.04930 52.80910 51.33040 51.38600 52.43870 52.26760 51.28500 51.23610 52.09610 51.93160 51.60020 52.44720 51.27910 50.66350 51.01190 50.75270 50.65010 50.40510 50.44520 50.62060 49.19210 49.39160 49.48590 49.41750 49.91200 50.21560 51.09030 51.36890 52.05930 52.70340 51.87140 51.18150 52.51220 53.02930 54.18470 54.98350 54.71200 55.27920 55.55980 55.40790 55.12070 55.36960 54.45870 54.74840 55.25660 55.56560 58.32100 61.08870
-9999 -9999 -9999 -9999 -9999 -9999 -9999 -9999 -9999 -9999 -9999 -9999 54.63740 54.65140 54.84970 54.66150 54.31770 53.84440 54.88630 55.04410 54.78310 54.93260 54.44180 55.04880 55.39150 53.83910 53.19980 53.66190 54.18700 53.02810 52.82990 53.48890 54.04860 53.22460 53.96590 52.96200 53.29810 53.57690 52.95970 52.76660 52.12930 51.80240 51.75950 50.33000 50.99670 50.89140 51.16860 51.55350 51.76580 53.33190 53.65940 53.58550 54.09250 53.75740 53.32980 54.52460 54.93380 55.88610 56.27750 56.28750 56.59840 57.02850 57.25770 56.90440 56.85750 56.39930 56.62690 56.90340 58.15810 61.61630 62.81710
-9999 -9999 -9999 -9999 -9999 -9999 -9999 -9999 -9999 -9999 -9999 57.00880 57.08320 56.46650 56.25010 57.66130 57.83960 57.22220 57.30580 56.77540 54.97800 56.92790 56.38170 56.50920 56.85530 57.10170 56.84970 56.69160 55.87370 54.82540 54.48570 54.52770 54.40690 53.88120 54.10300 53.54130 54.38380 53.98870 54.92160 55.58190 55.20200 54.86560 54.74870 54.35620 53.76140 53.52240 53.49730 54.19170 54.67810 55.39440 56.39820 57.17640 57.72040 57.13730 56.54460 57.50750 57.86330 58.03100 58.66690 57.96040 58.18300 58.35230 58.50960 58.58700 58.57120 58.40170 59.67800 61.37880 63.22790 65.66730 67.74000
