data/hydroclimate-scenarios/BCSD_hadcm_B1/monthly_summaries/isr_monthly_avg_nov.2030-2059.asc
ncols	311
nrows	91
xllcenter	102.75
yllcenter	31.75
cellsize	0.5
NODATA_value	-9999
[rows 0 to 31 of 91, columns 71 to 141 of 311]
-9999 -9999 -9999 -9999 -9999 -9999 -9999 -9999 -9999 -9999 -9999 -9999 -9999 -9999 -9999 -9999 -9999 -9999 -9999 -9999 -9999 -9999 -9999 -9999 -9999 -9999 -9999 -9999 -9999 -9999 -9999 -9999 -9999 -9999 -9999 -9999 -9999 -9999 -9999 -9999 -9999 -9999 -9999 -9999 -9999 -9999 -9999 -9999 -9999 -9999 -9999 -9999 -9999 -9999 -9999 -9999 -9999 -9999 -9999 -9999 -9999 -9999 -9999 -9999 -9999 -9999 -9999 -9999 -9999 -9999 -9999
-9999 -9999 -9999 -9999 -9999 -9999 -9999 -9999 -9999 -9999 -9999 -9999 -9999 -9999 -9999 -9999 -9999 -9999 -9999 -9999 -9999 -9999 -9999 -9999 -9999 -9999 -9999 -9999 -9999 -9999 -9999 -9999 -9999 -9999 -9999 -9999 -9999 -9999 -9999 -9999 -9999 -9999 -9999 -9999 -9999 -9999 -9999 -9999 -9999 -9999 -9999 -9999 -9999 -9999 -9999 -9999 -9999 -9999 -9999 -9999 -9999 -9999 -9999 -9999 -9999 -9999 -9999 -9999 -9999 -9999 -9999
-9999 -9999 -9999 -9999 -9999 -9999 -9999 -9999 -9999 -9999 -9999 -9999 -9999 -9999 -9999 -9999 -9999 -9999 -9999 -9999 -9999 -9999 -9999 -9999 -9999 -9999 -9999 -9999 -9999 -9999 -9999 -9999 -9999 -9999 -9999 -9999 -9999 -9999 -9999 -9999 -9999 -9999 -9999 -9999 -9999 -9999 -9999 -9999 -9999 -9999 -9999 -9999 -9999 -9999 -9999 -9999 -9999 -9999 -9999 -9999 -9999 -9999 -9999 -9999 -9999 -9999 -9999 -9999 -9999 -9999 -9999
-9999 -9999 -9999 -9999 -9999 -9999 -9999 -9999 -9999 -9999 -9999 -9999 -9999 -9999 -9999 -9999 -9999 -9999 -9999 -9999 -9999 -9999 -9999 -9999 -9999 -9999 -9999 -9999 -9999 -9999 -9999 -9999 -9999 -9999 -9999 -9999 -9999 -9999 -9999 -9999 -9999 -9999 -9999 -9999 -9999 -9999 -9999 -9999 -9999 -9999 -9999 -9999 -9999 -9999 -9999 -9999 -9999 -9999 -9999 -9999 -9999 -9999 -9999 -9999 -9999 -9999 -9999 -9999 -9999 -9999 -9999
-9999 -9999 -9999 -9999 -9999 -9999 -9999 -9999 -9999 -9999 -9999 -9999 -9999 -9999 -9999 -9999 -9999 -9999 -9999 -9999 -9999 -9999 -9999 -9999 -9999 -9999 -9999 -9999 -9999 -9999 -9999 -9999 -9999 -9999 -9999 -9999 -9999 -9999 -9999 -9999 -9999 -9999 -9999 -9999 -9999 -9999 -9999 -9999 -9999 -9999 -9999 -9999 -9999 -9999 -9999 -9999 -9999 -9999 -9999 -9999 -9999 -9999 -9999 -9999 -9999 -9999 -9999 -9999 -9999 -9999 -9999
-9999 -9999 -9999 -9999 -9999 -9999 -9999 -9999 -9999 -9999 -9999 -9999 -9999 -9999 -9999 -9999 -9999 -9999 -9999 -9999 -9999 -9999 -9999 -9999 -9999 -9999 -9999 -9999 -9999 -9999 -9999 -9999 -9999 -9999 -9999 -9999 -9999 -9999 -9999 -9999 -9999 -9999 -9999 -9999 -9999 -9999 -9999 -9999 -9999 -9999 -9999 -9999 -9999 -9999 -9999 -9999 -9999 -9999 -9999 -9999 -9999 -9999 -9999 -9999 -9999 -9999 -9999 -9999 -9999 -9999 -9999
-9999 -9999 -9999 -9999 -9999 -9999 -9999 -9999 -9999 -9999 -9999 -9999 -9999 -9999 -9999 -9999 -9999 -9999 -9999 -9999 -9999 -9999 -9999 -9999 -9999 -9999 -9999 -9999 -9999 -9999 -9999 -9999 -9999 -9999 -9999 -9999 -9999 -9999 -9999 -9999 -9999 -9999 -9999 -9999 -9999 -9999 -9999 -9999 -9999 -9999 -9999 -9999 -9999 -9999 -9999 -9999 -9999 -9999 -9999 -9999 -9999 -9999 -9999 -9999 -9999 -9999 -9999 -9999 -9999 -9999 -9999
-9999 -9999 -9999 -9999 -9999 -9999 -9999 -9999 -9999 -9999 -9999 -9999 -9999 -9999 -9999 -9999 -9999 -9999 -9999 -9999 -9999 -9999 -9999 -9999 -9999 -9999 -9999 -9999 -9999 -9999 -9999 -9999 -9999 -9999 -9999 -9999 -9999 -9999 -9999 -9999 -9999 -9999 -9999 -9999 -9999 -9999 -9999 -9999 -9999 -9999 -9999 -9999 -9999 -9999 -9999 -9999 -9999 -9999 -9999 -9999 -9999 -9999 -9999 -9999 -9999 -9999 -9999 -9999 -9999 -9999 -9999
-9999 -9999 -9999 -9999 -9999 -9999 2.36342 -9999 -9999 -9999 -9999 -9999 -9999 -9999 -9999 -9999 -9999 -9999 -9999 -9999 -9999 -9999 -9999 -9999 -9999 -9999 -9999 -9999 -9999 -9999 -9999 -9999 -9999 -9999 -9999 -9999 -9999 -9999 -9999 -9999 -9999 -9999 -9999 -9999 -9999 -9999 -9999 -9999 -9999 -9999 -9999 -9999 -9999 -9999 -9999 -9999 -9999 -9999 -9999 -9999 -9999 -9999 -9999 -9999 -9999 -9999 -9999 -9999 -9999 -9999 -9999
-9999 -9999 3.32345 3.32487 3.32591 3.32641 3.32667 3.32705 3.32677 3.32681 3.32650 3.32641 3.32587 3.32566 3.32484 3.32480 3.32476 3.32454 3.32480 3.32445 3.32482 3.32472 -9999 -9999 -9999 -9999 -9999 -9999 -9999 -9999 -9999 -9999 -9999 -9999 -9999 -9999 -9999 -9999 -9999 -9999 -9999 -9999 -9999 -9999 -9999 -9999 -9999 -9999 -9999 -9999 -9999 -9999 -9999 -9999 -9999 -9999 -9999 -9999 -9999 -9999 -9999 -9999 -9999 -9999 -9999 -9999 -9999 -9999 -9999 -9999 -9999
-9999 -9999 -9999 -9999 4.36859 4.36892 4.38149 4.38095 4.38618 4.38574 4.38500 4.38345 4.38397 4.38605 4.38442 4.38379 4.38592 4.38530 4.38958 4.38946 4.38610 4.38420 -9999 -9999 -9999 -9999 -9999 -9999 -9999 -9999 -9999 -9999 -9999 -9999 -9999 -9999 -9999 -9999 -9999 -9999 -9999 -9999 -9999 -9999 -9999 -9999 -9999 -9999 -9999 -9999 -9999 -9999 -9999 -9999 -9999 -9999 -9999 -9999 -9999 -9999 -9999 -9999 -9999 -9999 -9999 -9999 -9999 -9999 -9999 -9999 -9999
5.46339 5.46626 5.46600 5.46781 5.47228 5.46997 5.49885 5.49850 5.51015 5.51317 5.50866 5.50770 5.50851 5.51443 5.51428 5.52051 5.51864 5.52502 5.52206 5.52836 5.52163 5.52190 5.51979 5.52150 5.51042 5.51023 5.49630 5.49482 -9999 -9999 -9999 -9999 -9999 -9999 -9999 -9999 -9999 -9999 -9999 -9999 -9999 -9999 -9999 -9999 -9999 -9999 -9999 -9999 -9999 -9999 -9999 -9999 -9999 -9999 -9999 -9999 -9999 -9999 -9999 -9999 -9999 -9999 -9999 -9999 -9999 -9999 -9999 -9999 -9999 -9999 -9999
6.62467 6.62279 6.63289 6.63654 6.63267 6.65165 6.65851 6.65995 6.67052 6.67282 6.67785 6.68219 6.68599 6.70139 6.70485 6.72073 6.71157 6.72181 6.72803 6.73571 6.72785 6.72385 6.71197 6.69581 6.70589 6.68841 6.68707 6.67036 6.64331 6.64409 6.61858 6.61288 6.63793 6.62348 6.63389 6.63414 6.58657 6.58657 6.58295 6.56590 6.57186 6.56673 6.59204 -9999 -9999 -9999 -9999 -9999 -9999 -9999 -9999 -9999 -9999 -9999 -9999 -9999 -9999 -9999 -9999 -9999 -9999 -9999 -9999 -9999 -9999 -9999 -9999 -9999 -9999 -9999 -9999
7.84616 7.85117 7.85917 7.86393 7.86218 7.88854 7.89172 7.88299 7.91195 7.91374 7.93294 7.93135 7.93684 7.96012 7.95447 7.97220 7.97473 7.96473 7.97672 7.97573 8.00611 8.01811 7.98272 7.96781 7.98178 7.97051 7.93779 7.93631 7.90847 7.89583 7.86945 7.85975 7.86259 7.85352 7.88361 7.85546 7.82352 7.81946 7.78991 7.78553 7.78491 7.78813 7.82989 7.83563 -9999 -9999 -9999 -9999 -9999 -9999 -9999 -9999 -9999 -9999 -9999 -9999 -9999 -9999 -9999 -9999 -9999 -9999 -9999 -9999 -9999 -9999 -9999 -9999 -9999 -9999 -9999
9.26860 9.26658 9.25105 9.28675 9.25126 9.21999 9.22045 9.23747 9.23385 9.23482 9.29342 9.29408 9.31962 9.30932 9.28996 9.29462 9.28176 9.29579 9.31200 9.35113 9.33632 9.35105 9.37548 9.35087 9.29060 9.28741 9.28192 9.25490 9.28698 9.28518 9.26312 9.22459 9.20614 9.20844 9.16623 9.17509 9.18889 9.14787 9.12965 9.12602 9.12102 9.08725 9.14750 9.14443 -9999 -9999 -9999 -9999 -9999 -9999 -9999 -9999 -9999 -9999 -9999 -9999 -9999 -9999 -9999 9.08030 9.04036 -9999 -9999 -9999 -9999 9.17586 9.22143 9.25015 9.23018 9.22591 9.19227
10.70630 10.71510 10.72730 10.77380 10.64810 10.65900 10.64780 10.66270 10.66960 10.68310 10.70700 10.73480 10.76720 10.83950 10.80130 10.74910 10.76180 10.73660 10.79750 10.77920 10.79860 10.81590 10.83750 10.79960 10.71630 10.72430 10.78050 10.78480 10.80580 10.76970 10.74590 10.73240 10.71270 10.67650 10.66760 10.66990 10.64170 10.64490 10.60220 10.60950 10.56450 10.56160 10.60600 10.61500 10.61370 10.61030 10.59020 10.61030 10.68810 10.72980 10.71260 10.68590 10.72020 10.69590 10.61400 10.61870 10.54990 10.54120 10.56180 10.59450 10.51760 -9999 -9999 -9999 -9999 -9999 10.70510 10.72890 10.75700 10.80230 10.76640
12.38300 12.30580 12.33420 12.39010 12.34560 12.27180 12.27580 12.27060 12.15010 12.16330 12.17770 12.25080 12.31520 12.37150 12.40810 12.38150 12.41050 12.39590 12.24830 12.25020 12.41720 12.43670 12.38760 12.39070 12.32860 12.33510 12.37110 12.37310 12.39980 12.38290 12.39220 12.37240 12.36720 12.35240 12.33030 12.28570 12.28960 12.29660 12.23740 12.22600 12.23350 12.21080 12.23260 12.23230 12.23070 12.24410 12.19470 12.17210 12.32180 12.36460 12.40850 12.38780 12.33630 12.40020 12.46880 12.38640 12.37900 12.38750 12.36600 12.27610 12.24840 12.25570 12.22900 12.21490 12.30790 12.36240 12.38000 12.42750 12.44980 12.48830 12.52160
14.25230 14.87390 14.07320 14.20700 14.43080 14.21690 14.06100 14.05810 13.84400 13.85820 13.90450 13.93960 14.03680 14.11600 14.15460 14.14300 14.11140 14.14270 14.00520 14.08280 14.22390 14.18710 14.16550 14.14880 14.06960 14.08310 14.10370 14.14980 14.20840 14.21020 14.22990 14.21840 14.14030 14.14440 14.08420 14.08300 14.10110 14.05290 14.03830 14.03280 14.01700 14.04280 14.03800 13.96950 13.96000 13.95470 13.90580 13.92170 14.04560 14.09200 14.17490 14.20080 14.15930 14.18880 14.21830 14.29990 14.35950 14.34040 14.30500 14.32880 14.17670 14.32390 14.22430 14.12990 14.24290 14.21760 14.22540 14.19480 14.20050 14.29590 14.43740
16.40790 16.73660 16.12470 15.84780 15.88210 15.77700 15.70010 15.78060 15.78180 15.74380 15.74220 15.78670 15.78290 15.78880 15.89640 15.87940 15.99610 15.95700 16.00400 16.07720 16.04200 15.99530 15.98030 16.01460 16.00450 15.98490 15.99830 16.05980 16.12820 16.11800 16.08480 16.11210 16.11560 16.09050 15.96140 15.93650 15.81890 15.82860 15.91360 15.87950 15.85550 15.81430 16.00670 16.00710 15.89920 15.78670 15.76300 15.73610 15.76590 15.88300 16.01300 16.07120 16.12460 16.15610 16.11570 16.12090 16.10890 16.17870 16.20300 16.25020 16.30910 16.37050 16.46220 16.36750 16.34200 16.31850 16.26600 16.23750 16.35190 16.35640 16.26250
17.59480 18.14930 17.94390 17.86890 17.42500 17.24670 17.10240 17.20520 17.36640 17.18630 17.55070 17.51010 17.32010 17.25970 17.30060 17.33870 17.32850 17.39590 17.45400 17.50780 17.46940 17.42240 17.43290 17.44590 17.45170 17.37720 17.46760 17.47410 17.51430 17.54960 17.57280 17.57280 17.61010 17.54620 17.44010 17.40450 17.31390 17.26890 17.34330 17.40200 17.41890 17.32150 17.33090 17.35040 17.37730 17.34830 17.25600 17.20880 17.20190 17.30570 17.54250 17.59480 17.61080 17.56550 17.65800 17.78290 17.79550 17.87080 17.76750 17.67470 17.72570 17.71620 17.85340 18.01400 18.20570 18.08720 18.14600 17.98940 18.07030 18.00370 17.82290
18.91000 19.19380 19.28240 19.50350 19.64280 18.90270 18.53690 18.46540 18.64800 18.43960 18.63590 18.97580 19.12900 19.45980 18.95150 18.79590 18.62170 18.61060 18.60860 18.64250 18.58370 18.61970 18.65460 18.69110 18.70850 18.73920 18.86830 18.86780 18.78900 18.87220 18.94710 18.98970 19.03720 19.03320 18.78700 18.81390 18.64210 18.75840 18.66060 18.60920 18.55500 18.53130 18.56990 18.52140 18.53560 18.48870 18.51780 18.46320 18.33620 18.37520 18.39930 18.51190 18.53670 18.56690 18.81630 18.88870 18.93860 19.09890 19.05430 19.34450 19.31420 19.28570 19.33580 19.37650 19.30610 19.28370 19.25720 19.33220 19.29790 19.15850 19.03210
20.78940 20.78880 21.22260 21.42680 21.07910 20.86100 20.55130 20.12740 20.15540 19.79380 19.42370 19.71710 19.91830 20.13540 20.41650 20.38520 20.39040 20.27690 19.99230 19.97760 19.86200 19.86450 19.84810 19.93230 19.95690 20.05410 20.14820 20.20460 20.18620 20.29990 20.20170 20.50110 20.44430 20.38050 20.18730 20.14760 19.95380 19.97150 19.86010 19.84420 19.77210 19.74230 19.78100 19.82280 19.81980 19.88950 19.92740 19.89800 19.81150 19.75400 19.96420 20.03150 20.15310 20.23270 20.30690 20.31290 20.40890 20.32250 20.36900 20.73650 20.59310 20.67540 20.73610 20.64030 20.57040 20.59030 20.70330 20.58180 20.40130 20.33820 19.88520
21.88670 22.40260 22.61490 22.45130 22.48230 22.50280 22.12790 21.66540 21.37940 21.04170 21.00890 20.99300 21.00880 21.00830 20.99090 21.03380 21.12820 21.42610 21.41780 21.36280 21.46830 21.41780 21.28760 21.29460 21.31160 21.35100 21.35840 21.56160 21.66610 21.59340 21.53740 21.65750 21.52080 21.41980 21.37460 21.06480 20.87630 20.93400 21.12680 21.01220 20.97840 20.89330 21.02400 21.07140 21.24740 21.28850 21.30610 21.18580 21.18740 21.52350 21.59640 21.46730 21.41770 21.64650 21.64990 22.06540 21.56860 21.79530 21.73730 21.66390 21.88080 21.90680 21.97360 21.97030 21.94370 21.87150 21.55200 21.42070 21.42010 21.26680 20.85080
23.26560 23.31100 23.26450 23.24060 23.47120 23.81320 23.51380 23.36990 23.23980 22.45960 22.17820 22.82580 22.74700 22.45450 23.00690 27.07420 23.54920 22.15790 22.35660 26.07990 23.37460 23.07990 22.85850 22.35450 22.45480 22.54240 22.54830 22.82200 22.76270 22.73730 22.80260 22.87180 22.47380 22.41040 22.15710 22.10880 22.12050 22.02770 22.10440 22.20130 22.50870 22.25340 22.33890 22.34450 21.86880 21.83940 22.16350 22.39970 22.64670 22.83120 22.81790 22.73820 22.39940 22.44720 22.92650 23.17400 22.90540 23.06350 22.92410 22.86590 22.92880 22.99680 23.32670 23.42390 22.97520 22.77790 22.61260 22.43310 22.27200 22.37020 22.12160
24.72310 24.53770 24.36950 24.21440 24.36510 24.29470 23.99480 23.90490 23.55780 23.47970 23.07790 23.31990 23.66070 23.53130 24.24120 24.35630 28.74830 24.24670 23.75570 23.61360 23.86860 23.99100 23.90280 23.77490 23.79510 23.68840 23.43960 23.69770 23.75680 23.74510 23.91160 23.79080 23.54400 23.43850 23.46970 23.32830 23.06860 23.11750 22.99410 23.19930 23.66150 23.64090 23.72000 23.50710 23.16560 22.96920 23.11110 23.29090 23.76820 24.06770 24.11810 23.72300 23.63410 23.97830 23.75770 23.72990 23.76140 23.59440 24.37990 24.15770 24.05380 23.99620 24.21120 24.09290 23.72220 23.68970 23.50000 23.54220 23.96960 23.65410 23.30080
26.27220 26.33520 26.02330 25.99050 25.87830 25.39900 25.05080 24.65550 24.42290 24.13720 24.27900 24.78010 24.89280 24.57040 24.70380 25.11730 25.20200 25.35930 26.18510 25.28430 25.04350 25.03290 24.88400 24.97800 25.22980 25.28840 24.77050 24.84440 25.01530 25.24460 25.11690 24.99370 24.43700 24.45970 24.59660 24.62070 24.33500 24.69070 24.29380 24.76480 25.38520 24.96700 24.97320 25.34530 25.16510 24.51120 24.38640 24.44790 24.58100 24.91980 25.02740 24.45270 24.02750 23.99660 23.99520 24.15310 24.40750 24.68980 25.05470 25.40890 25.16910 25.26630 25.45020 25.32770 24.97920 24.90540 24.67090 24.62960 24.96650 25.33370 24.90980
27.90360 28.37950 28.56250 28.56930 27.59930 27.14540 26.47900 26.25670 26.03920 26.08470 26.03850 26.30960 27.44980 26.32850 26.00110 25.97050 26.66930 27.10700 26.99010 26.90330 26.64850 26.54590 26.52100 26.36680 26.33000 26.15150 26.14110 26.16430 26.07760 26.26050 25.92380 25.99230 25.82220 26.17160 26.12600 25.67200 25.84270 26.31070 26.08230 26.02120 26.82930 27.05090 26.80220 26.41300 26.33380 26.18770 25.76170 25.93710 25.85650 26.03990 26.17720 26.20520 25.53220 25.55300 25.87090 25.74140 25.68080 25.24170 25.34860 25.23970 25.36530 25.91870 26.17810 26.33760 26.61700 26.37710 25.98500 25.90590 26.52910 26.68930 26.96180
28.53310 29.17440 31.38110 34.37240 30.19410 28.45910 27.98580 27.43270 27.61840 27.29400 26.84080 27.00790 27.41090 27.89220 27.64410 27.43040 28.24070 27.73090 27.79580 27.75340 28.48800 27.94230 27.56100 27.69170 27.47840 27.76100 27.88940 27.67980 27.57830 27.38050 27.74620 27.36760 27.25900 27.44290 27.61590 27.13120 27.11350 27.46810 27.76980 27.90770 28.13520 28.23730 27.79420 27.88220 27.71300 27.71210 26.61030 26.96340 27.24890 27.34270 27.11190 27.23120 26.44270 26.00230 26.23260 25.88800 26.41470 26.14690 26.07250 26.11950 26.41300 26.92480 27.30170 27.59610 28.62980 28.45800 28.13490 28.03160 27.94120 27.33170 27.78610
30.42990 30.35080 31.40940 36.33810 36.27180 36.62490 36.27720 30.21500 29.82880 29.54730 28.73080 29.04870 28.94550 29.27700 29.72280 29.09940 28.79420 28.51930 29.07680 29.12110 29.02040 29.45300 29.33380 29.12500 28.44170 28.25340 28.29230 28.40650 28.24090 28.37840 28.21770 28.22580 28.45220 28.43590 28.93360 28.63470 28.20900 28.64280 29.36280 30.01470 29.39280 29.36100 29.38940 28.35980 28.18010 27.80260 26.86610 26.37120 26.60230 26.37120 26.10230 26.20090 26.74310 27.05230 27.33630 27.41470 26.95380 26.49320 27.08880 27.38940 28.03860 28.29140 29.08760 30.41130 30.81070 30.31290 30.68520 30.47470 29.43710 28.95010 29.38300
31.28300 31.49940 32.35630 32.14940 35.62600 38.21410 38.91280 38.33250 32.24960 32.54010 32.27220 31.39090 30.92940 31.50890 30.96000 30.48260 30.65320 30.28780 30.13160 30.21040 30.46060 31.05000 31.51540 30.73070 29.76480 29.64400 29.87910 29.86040 29.83290 30.14940 29.88550 29.65080 30.04360 30.04560 30.84190 30.12440 29.86110 30.03580 30.60500 30.74410 30.51830 29.47060 29.74650 28.80000 27.44290 27.33870 27.53590 27.77260 28.59520 27.79750 -9999 -9999 27.52840 27.42880 27.08220 27.89010 27.53720 27.44740 28.11350 29.04400 29.40430 30.90510 33.60400 37.05160 37.08030 37.14700 37.08670 36.92400 32.42360 30.62670 31.35570
33.59000 32.89770 33.27540 33.68040 33.88410 33.22810 40.32910 33.66430 33.90360 40.25390 40.29790 33.59230 34.24530 34.06530 32.60610 32.20040 32.32350 32.21840 31.75520 32.39500 31.98760 32.02200 32.08940 32.43670 33.04990 32.46340 31.77760 31.43310 31.38370 31.55900 32.16820 31.36600 31.64650 32.13930 32.86600 32.41860 32.65760 31.60490 30.83960 -9999 -9999 -9999 -9999 29.40100 -9999 31.00600 32.22670 31.40360 30.96310 29.21420 -9999 -9999 30.00080 29.39400 28.46670 28.44610 28.72210 29.58990 30.47680 31.73050 32.96040 33.71540 35.55230 38.67140 33.68900 38.29670 38.58570 38.39640 33.78110 32.59640 31.43870
34.01900 34.20060 34.53050 34.88770 34.50410 33.45860 35.60810 34.63090 33.43180 33.91420 33.30930 33.39600 34.77270 34.83650 33.93960 32.86780 33.57920 33.95910 34.20670 33.91110 33.97560 33.63510 33.81050 33.52260 33.92170 33.65440 32.98990 33.32790 33.06160 33.00270 33.64380 34.07520 34.28070 33.94900 35.02980 33.61060 33.44530 -9999 -9999 -9999 -9999 -9999 -9999 -9999 32.19010 32.73450 32.41410 -9999 -9999 -9999 -9999 -9999 28.17540 28.87650 31.31670 30.16250 31.36630 31.45480 31.36870 32.98110 32.62070 33.31720 34.05450 35.77490 33.51360 33.42770 34.76010 39.77060 34.76830 32.31970 -9999
