data/hydroclimate-scenarios/BCSD_hadcm_B1/monthly_summaries/isr_monthly_avg_mar.2030-2059.asc
ncols	311
nrows	91
xllcenter	102.75
yllcenter	31.75
cellsize	0.5
NODATA_value	-9999
[rows 31 to 61 of 91, columns 0 to 69 of 311]
-9999 -9999 -9999 -9999 -9999 -9999 -9999 -9999 -9999 -9999 -9999 138.80600 139.00999 139.80800 140.31799 138.77000 139.49300 140.62300 141.12601 140.23801 139.98399 139.76500 138.85201 141.09801 140.30400 139.47200 138.34100 138.68700 138.28200 138.85800 138.22800 137.23900 136.81900 136.15500 136.07100 135.17599 135.11301 134.77299 134.93700 135.88699 135.97800 135.06400 135.26199 133.93500 133.52600 133.62900 133.30901 133.16901 132.89799 133.87000 134.03200 133.41299 133.59700 134.81000 134.91400 136.92101 137.38499 137.63100 137.94400 136.09100 136.29201 136.38000 136.46100 137.32500 136.26801 137.02800 137.87000 135.94701 137.58800 137.82300
-9999 -9999 -9999 -9999 -9999 -9999 -9999 -9999 -9999 -9999 -9999 143.00900 143.11000 142.02100 142.55200 140.97701 142.46700 142.47600 143.34200 143.94000 143.93500 144.53300 143.56200 143.17000 142.35899 142.16100 141.14900 142.15601 141.05901 142.21600 141.63600 140.55400 140.01700 138.97200 138.87300 137.72000 137.62700 136.75000 136.87199 137.43500 137.49200 136.83400 136.71500 135.82001 135.50900 136.34000 136.10899 136.91400 136.82600 137.49699 137.00700 136.36501 136.40401 137.45000 137.42101 139.28600 139.35100 139.57001 139.49400 138.43800 138.66499 139.51700 139.18201 140.22400 140.06400 138.59000 139.88600 138.93500 140.36700 140.44000
-9999 -9999 -9999 -9999 -9999 -9999 -9999 -9999 -9999 -9999 -9999 146.98500 147.10500 145.33900 145.70399 143.95300 144.11200 145.09200 146.14400 146.06200 146.12000 147.61400 146.18300 145.80800 145.63901 145.27400 144.88800 145.14600 143.69200 144.13600 143.98900 142.97701 142.70700 141.10500 141.09000 139.82700 140.22099 139.61700 140.22600 141.14400 141.14799 140.43201 140.32201 138.79900 139.25301 140.01700 140.04201 140.66600 140.39600 140.86600 140.65500 139.47400 139.17500 140.25900 140.17101 142.22301 142.31500 142.90900 143.00200 141.39700 141.47301 142.55200 142.15199 142.89900 142.77000 143.00301 141.75900 141.68100 142.33099 142.03600
-9999 -9999 -9999 -9999 -9999 -9999 -9999 -9999 -9999 -9999 -9999 -9999 147.84700 147.52600 147.58400 147.28700 148.21300 148.42101 148.90601 149.07201 148.96800 149.16299 149.16299 149.34200 148.54300 149.50700 148.67000 149.72000 147.05800 146.54700 145.86099 146.19400 145.90199 143.09900 142.72200 142.57001 143.57300 142.63400 143.08299 144.39500 144.82899 143.62700 143.78600 141.70000 141.57700 141.61099 141.62000 142.84700 142.52100 144.02299 143.51700 141.57700 141.71700 142.80299 142.89500 143.14301 143.15500 143.42400 143.43600 144.51300 144.21700 145.85400 146.30499 146.68600 146.47600 147.05499 145.51700 144.15100 146.21100 145.61200
-9999 -9999 -9999 -9999 -9999 -9999 -9999 -9999 -9999 -9999 -9999 -9999 149.55600 149.53999 150.57401 149.67500 150.16701 150.67799 150.98599 151.05600 151.37700 153.96500 153.77800 153.62601 153.35400 152.56700 151.36700 151.84399 150.33099 150.44299 150.01401 149.65199 148.23300 145.00900 145.25999 145.96600 146.13901 145.23599 145.28300 146.53600 147.42799 146.72200 146.44901 143.75400 143.51300 143.49001 143.65100 145.48199 145.41299 146.30600 146.70700 144.35899 143.94701 145.23000 145.24400 145.44200 145.18800 145.48900 145.44501 146.58800 147.03900 149.65100 149.87700 150.24400 149.30600 148.94400 149.18700 147.13901 147.63000 146.84801
-9999 -9999 -9999 -9999 -9999 -9999 -9999 -9999 -9999 -9999 -9999 -9999 153.07300 152.60400 151.86301 151.88100 152.58900 152.87801 154.03101 155.47400 156.72701 158.48801 158.19299 155.89500 154.27600 155.66299 153.84300 151.94701 151.77699 152.62100 151.55800 150.56900 150.38499 148.05200 147.26601 149.96001 149.84300 148.13901 148.01300 148.49699 149.63100 148.27000 147.49300 143.67599 143.51401 144.44701 145.18201 147.91200 147.20500 148.64101 148.75301 145.50200 145.38100 147.34000 146.98000 147.61600 147.46201 149.36900 149.87900 149.55000 150.25200 152.03799 151.71100 151.71001 151.92200 151.81500 151.61900 149.07700 150.35600 150.62300
-9999 -9999 -9999 155.83200 155.75101 156.83701 156.74200 156.37100 156.15900 -9999 156.55600 155.72400 154.90199 154.20799 154.14101 153.30099 153.49300 153.59100 155.13600 157.35001 157.36900 158.37700 157.23300 155.50700 155.09801 156.08400 154.81400 155.75700 155.28999 158.17700 155.59300 152.80400 154.52400 153.26500 151.62801 153.65601 153.93300 151.40300 151.54700 151.95500 152.17101 149.70900 148.81500 145.85500 146.86200 148.86900 150.43600 151.98399 151.38200 152.61200 152.58099 149.31799 149.42900 152.94299 152.62801 154.19501 154.48199 153.97301 155.13499 153.82201 153.10600 154.40100 154.23801 155.43100 154.56500 154.62300 154.85800 152.45300 152.35201 153.46800
-9999 -9999 -9999 159.18500 158.82600 157.03200 157.60001 159.42300 159.79401 159.34300 158.85400 157.82201 157.75400 156.48399 156.75101 157.61200 158.26801 157.38600 157.52901 158.11099 157.42200 158.82899 157.00500 155.25600 155.67000 156.27299 157.02299 156.95500 157.58200 161.77299 159.19200 158.99800 159.04201 160.04601 159.47501 158.15401 159.33299 157.32899 155.49300 155.42799 155.03200 151.96300 150.85500 152.06799 153.56599 155.83200 156.23100 153.06200 152.65900 154.48801 154.84200 155.42799 156.76801 157.48900 156.10600 155.19901 154.90601 155.60001 157.38600 157.23100 156.51100 157.47200 157.79700 159.36000 159.17999 156.41000 156.30600 154.56700 154.60699 155.82700
-9999 -9999 -9999 158.97501 158.97501 158.39700 159.74100 161.82700 160.69299 160.52400 160.50600 159.40401 160.24699 160.98700 162.45500 160.91000 161.61900 160.61400 159.14500 159.16499 159.63699 160.97600 159.66000 158.89200 159.67799 159.31700 159.67000 158.73300 159.12199 164.49100 166.00700 165.17999 162.74400 162.27600 163.21800 162.60699 161.92900 158.71300 158.10300 157.51199 158.05499 154.96100 154.25600 154.03500 154.75400 156.67599 156.73801 154.86900 155.09100 157.99800 159.08701 157.46100 157.03600 158.71201 158.10400 157.78000 157.21700 157.37199 158.95700 160.12801 159.21300 160.15900 160.30701 162.70599 161.59801 160.21300 159.82401 158.65700 160.27499 161.49899
-9999 -9999 -9999 162.17300 161.82100 162.03799 163.37601 165.10800 164.48300 164.00900 162.64900 160.88400 164.77299 166.13800 166.90100 165.31900 165.62601 166.60600 165.66000 164.92599 166.19000 165.49600 166.13200 164.32300 162.92200 163.11600 162.50600 165.51100 167.62601 168.59900 166.42799 162.11800 164.94800 166.75900 166.44400 165.00500 162.93600 160.35800 161.40500 161.63400 162.50200 162.81599 163.37000 161.91299 160.22600 160.36000 161.23700 161.40601 162.90500 161.98700 161.92999 161.12100 161.13000 162.92400 162.16800 161.08400 161.22301 160.39101 161.17000 162.91901 164.50800 161.94800 162.03200 163.67200 163.78101 163.45799 164.05099 163.57800 165.49899 167.19600
-9999 -9999 -9999 163.65199 164.20100 164.16701 163.58099 166.23000 166.75301 165.45700 163.68500 164.55701 167.41200 169.80200 169.84900 169.46300 169.81900 169.30099 165.95300 164.38400 166.34300 166.96100 167.36200 163.57401 162.97501 163.44299 162.34300 164.39700 166.64700 168.27901 169.14400 168.33501 168.43401 167.89400 167.21500 168.54800 167.36301 164.32500 163.64700 163.35201 164.09700 164.31000 165.11200 164.72200 162.79300 161.59900 161.94501 162.73300 162.43700 162.64500 162.91299 162.20700 162.80099 165.87900 164.09599 163.84801 163.33800 161.65100 163.12700 166.14400 166.90500 165.45900 165.32899 170.12900 170.82700 167.78500 168.60300 169.31400 169.76900 167.16400
-9999 -9999 -9999 -9999 167.51801 169.56400 168.76900 168.77699 169.33800 168.19099 165.84500 165.59300 170.66299 166.92999 -9999 -9999 -9999 -9999 -9999 169.74500 170.01601 171.87000 171.74699 172.01199 171.31500 167.44299 164.85300 163.96001 165.48300 167.21300 168.27901 169.67900 169.83299 168.45599 167.43500 164.84900 164.96001 166.53101 166.68800 167.13499 166.98900 166.96100 167.48199 167.07800 166.12000 165.81400 166.25800 164.65300 164.05901 165.18401 165.23700 164.75000 165.04401 167.81400 168.74300 169.77000 170.06900 171.56200 171.64500 169.83200 171.33099 169.94501 171.18401 171.17000 171.36200 172.13699 170.81200 170.23000 168.20399 -9999
-9999 -9999 167.27000 169.51100 170.18500 170.65401 171.06799 171.16299 170.12199 169.50700 167.86600 167.73300 172.45399 -9999 -9999 -9999 -9999 -9999 176.08800 172.29900 171.42999 171.55701 171.65601 171.53000 171.73500 169.70900 167.10600 164.86400 165.14900 167.78600 168.22501 169.58501 169.78999 168.82401 168.38300 166.27200 166.82700 169.34300 169.09200 169.48199 169.87100 169.15199 169.21001 167.79300 166.29300 166.36800 166.83900 164.12000 162.88100 164.42700 164.56900 163.26100 164.41400 166.00301 168.21700 167.87000 169.44501 172.70399 173.64799 171.18300 172.45100 170.23500 170.90100 171.27200 171.25500 172.24699 170.98300 -9999 -9999 -9999
-9999 -9999 172.93401 171.36501 170.41901 171.50301 171.19299 172.82600 172.21800 171.11099 171.97301 171.58400 171.66800 -9999 -9999 -9999 -9999 173.76801 178.81700 171.24300 170.83900 171.64900 170.70599 172.75600 171.32500 169.09100 170.87801 164.54300 164.13400 165.27901 166.21800 170.04100 169.36900 170.72200 171.33900 171.94501 171.94701 169.28799 170.25200 173.35699 173.45799 173.05299 172.84100 173.49800 173.08200 169.29700 168.56500 169.71700 168.08900 167.62801 167.16901 165.80299 166.08200 167.06599 167.97099 167.57899 169.50101 172.10899 173.61900 171.83200 171.32001 172.80800 171.78999 168.98199 168.71800 -9999 -9999 -9999 -9999 -9999
-9999 -9999 174.02100 173.38300 172.95500 173.13800 173.23900 173.51700 173.35800 173.56900 175.21300 175.09801 165.96500 -9999 -9999 -9999 -9999 179.28101 178.99001 173.21800 172.10400 171.95100 169.36301 172.45200 172.36099 172.96300 173.67599 166.22301 166.48199 167.20399 168.64999 167.48000 171.67900 174.23300 172.32800 174.87399 175.16800 172.83501 173.50500 175.23300 174.73500 174.15500 173.36700 175.21300 174.12199 172.32201 172.11000 172.33800 170.97000 170.46600 169.12000 167.95100 168.31599 169.50200 170.47099 169.33200 170.44701 171.61600 172.23801 170.76700 169.37900 169.89799 169.91701 170.35500 173.51900 173.60400 169.34000 171.34801 170.76601 -9999
-9999 -9999 -9999 177.48801 177.79700 174.13600 172.80600 174.84300 176.14999 179.27100 178.63300 171.88300 -9999 -9999 -9999 -9999 179.89999 180.43100 177.03101 174.63200 173.85001 172.73500 172.23199 175.65601 175.95900 177.13600 176.73599 171.25999 171.44000 171.15500 171.63400 173.23900 172.83600 173.51100 173.13600 172.19701 172.00500 175.98900 176.11900 178.37100 177.87900 176.56200 176.37801 170.80400 170.03700 173.35899 172.10201 170.94000 170.09399 171.62601 172.90199 173.85699 173.04700 170.66800 172.61600 174.89500 175.38200 176.20500 176.44299 173.94600 173.26300 172.76700 175.59900 181.89700 184.59399 179.42300 175.33099 174.93100 173.11400 168.31000
-9999 -9999 -9999 -9999 178.56700 174.84900 173.97800 177.66701 179.19400 178.27200 173.71201 -9999 -9999 -9999 -9999 181.50999 182.34900 179.51601 177.54300 175.35300 174.14700 174.61600 174.67900 178.61600 178.55000 178.63901 177.94701 172.78500 173.52100 171.99400 172.08200 173.74300 173.89900 173.94901 174.92500 173.93500 174.26100 177.25500 178.85100 181.29900 180.83501 179.35899 178.45300 172.43700 171.33701 174.79601 174.35400 172.79401 171.65100 172.96700 173.40500 174.17599 175.16200 172.20200 172.17000 174.34599 175.47501 177.30701 177.95900 176.91800 178.11200 178.67799 179.69800 182.09300 183.58800 181.13699 176.52800 173.48300 174.74699 171.35699
-9999 -9999 -9999 -9999 -9999 -9999 178.70100 177.39400 174.34100 175.86099 177.18201 -9999 -9999 -9999 -9999 -9999 183.54300 181.71600 180.59900 177.47000 177.47301 175.59000 176.00500 180.49500 180.13000 179.75900 179.20700 175.03500 174.84399 174.78200 175.09200 176.18500 175.95000 172.63800 172.90601 179.46800 180.81300 182.64999 182.23300 183.89799 183.58701 184.08000 183.21899 178.58200 177.54700 177.79300 176.57600 178.09599 177.97900 176.58800 176.59900 174.13699 174.92000 172.59000 173.69299 176.11301 176.73300 178.26199 178.80901 179.62399 181.11400 181.94501 182.53101 185.56500 186.60300 184.27499 178.21201 174.97400 175.62000 174.33099
-9999 -9999 -9999 -9999 -9999 -9999 -9999 -9999 -9999 -9999 -9999 -9999 -9999 -9999 -9999 -9999 -9999 -9999 -9999 179.71800 179.52800 178.19099 177.34900 181.50700 181.31300 182.20200 181.83099 177.13000 177.39200 175.83600 176.59801 178.02200 178.98000 174.80299 175.22301 182.52200 182.49100 184.47099 185.01700 186.85400 187.28900 187.22099 185.74001 181.17799 179.97800 180.31599 178.58299 180.06700 179.48801 178.96100 179.26300 176.02100 176.83299 174.10201 175.20300 177.82100 178.36301 179.46700 180.28400 180.98700 184.54500 182.42799 183.53900 187.20399 187.13300 182.40700 177.66299 175.58800 176.44099 176.20000
-9999 -9999 -9999 -9999 -9999 -9999 -9999 -9999 -9999 -9999 -9999 -9999 -9999 -9999 -9999 -9999 -9999 -9999 182.17400 181.44099 180.65401 181.55600 181.18300 175.87199 175.39799 185.09500 184.14101 177.65100 177.50200 179.29800 175.64600 179.41800 180.25400 183.56700 184.15300 185.82300 187.14200 188.73700 189.60300 189.33900 189.83299 188.82401 187.88000 185.12500 184.00500 183.93700 181.80200 181.29700 179.95100 180.52499 180.58600 179.22000 179.61501 181.36600 182.35001 180.48399 178.26401 183.42799 185.29800 183.58600 183.64700 181.92799 183.57700 185.09700 186.28300 178.54401 176.08600 176.96800 176.58200 176.81000
-9999 -9999 -9999 -9999 -9999 -9999 -9999 -9999 -9999 -9999 -9999 -9999 -9999 -9999 -9999 -9999 -9999 182.16701 182.03700 182.97099 182.47400 181.63400 183.86800 178.10600 177.34100 186.37199 185.95799 179.82001 180.69901 182.29100 182.44099 181.05600 182.09700 184.41901 185.12100 188.17400 189.89999 191.89900 192.20700 191.79900 191.18700 190.66499 189.56700 186.58701 185.36501 185.32100 183.83299 183.44501 181.80000 181.71899 181.58299 180.23100 181.32100 182.81799 183.67101 181.72400 182.90100 185.44800 186.19099 184.23801 181.86600 182.09801 187.01601 188.69200 182.64500 178.73900 177.82500 179.23801 177.98300 177.08600
-9999 -9999 -9999 -9999 -9999 -9999 -9999 -9999 -9999 -9999 -9999 -9999 -9999 -9999 -9999 -9999 -9999 184.36099 184.62000 186.87900 189.60100 180.68500 179.59100 186.79900 185.79800 185.84000 185.99001 184.38400 185.59200 184.46700 184.85500 185.39400 185.23199 182.49300 187.90601 186.45300 188.15500 192.61400 193.71899 193.96800 192.74100 192.37601 191.36301 188.60600 187.30200 186.22000 184.99600 185.16600 184.17599 181.17700 180.90601 177.10001 178.09200 181.98199 182.38200 184.73100 187.57201 182.60800 181.90900 185.02299 185.72701 186.96700 187.39000 185.72800 189.42500 185.98801 181.33501 181.66499 177.78900 176.52699
-9999 -9999 -9999 -9999 -9999 -9999 -9999 -9999 -9999 -9999 -9999 -9999 -9999 -9999 -9999 -9999 194.49100 190.83701 191.25101 190.08501 187.56900 181.44400 181.33200 188.24300 187.67000 187.64600 187.23801 185.82001 186.51801 185.53200 185.80099 186.15700 186.22200 187.33600 184.01801 186.91400 188.53900 194.14301 195.22301 194.30200 193.46100 194.06500 192.76300 189.52499 188.23500 187.18500 186.75301 187.72200 182.85699 182.91800 181.53300 178.70000 179.47200 183.28101 183.68600 185.92599 186.29100 182.26300 182.58701 187.43600 186.46899 186.49899 187.78000 190.58099 186.97900 185.27299 183.92200 180.99001 177.44000 176.52499
-9999 -9999 -9999 -9999 -9999 -9999 -9999 -9999 -9999 -9999 -9999 -9999 -9999 184.78999 187.05499 193.97400 194.76500 195.27400 193.14600 194.12801 192.63200 187.47800 186.30299 187.74100 187.16000 189.99001 189.71600 188.15900 188.61600 188.34300 187.75700 185.27400 185.62000 186.13600 186.94901 188.22501 193.93700 189.84100 190.55600 192.21600 190.94600 191.40100 190.39000 179.43201 178.20200 185.85500 185.83501 181.69000 181.45500 179.76199 178.40100 184.47800 184.99400 185.42200 185.13499 183.99200 183.93401 183.57800 183.90500 183.26700 183.37500 182.25600 182.81500 183.47400 180.94701 178.32300 177.46800 177.60100 177.07500 181.64000
-9999 -9999 -9999 -9999 -9999 -9999 -9999 -9999 -9999 -9999 -9999 -9999 181.27600 188.66600 189.56400 196.67300 195.85300 195.91901 194.38300 195.26900 194.86301 191.71300 188.25800 190.18700 189.30901 192.30200 191.77499 190.48500 190.64700 189.50500 188.85500 187.06799 187.56300 187.53799 187.00500 192.93300 189.47200 189.93800 190.71500 191.04700 191.18800 192.02800 191.74899 180.51801 179.29800 186.95000 186.41000 183.01199 183.52600 182.62399 182.18500 187.71300 187.29601 187.09801 186.46201 184.26700 185.82001 185.43600 186.35201 185.84801 184.01700 181.28500 180.90700 181.95300 180.98300 178.33600 177.86900 178.27800 178.53900 185.31799
-9999 -9999 -9999 -9999 -9999 -9999 -9999 -9999 -9999 -9999 -9999 189.50200 189.64600 194.38699 193.32401 196.73100 196.57899 195.69600 195.51900 199.77100 198.11900 189.10100 188.17700 187.35300 189.94600 194.36099 194.19400 187.65800 187.12801 193.30901 193.54900 194.41000 194.69000 193.30400 193.17000 191.00999 192.36099 194.97200 194.00400 190.15401 189.69800 188.80901 188.28300 189.29800 188.60899 188.87399 188.33099 183.27400 184.03799 185.11301 185.17000 189.75700 189.72301 191.57201 190.79900 186.37700 186.35500 186.09200 185.10699 187.75900 187.19701 184.66400 184.23399 182.18300 182.12900 181.42799 181.04900 180.70799 182.28700 185.65100
-9999 -9999 -9999 -9999 -9999 -9999 -9999 -9999 -9999 -9999 199.90500 192.77901 191.63699 196.51300 195.66901 199.39600 199.74001 199.05400 198.67900 201.92700 199.98599 190.52499 189.84900 189.03101 191.95799 196.51100 195.75999 189.42101 189.19901 196.13100 195.92400 196.81900 197.12300 196.09000 196.76700 193.87801 194.31500 197.04300 195.17700 190.39000 190.16100 188.67200 188.36501 189.33600 188.87300 189.45100 189.11600 183.97501 184.35500 185.66499 186.74800 191.72701 192.05400 193.73399 193.31300 188.72400 188.23500 187.66400 185.07800 188.12300 187.64200 185.89900 184.91200 182.91600 182.39500 181.75400 181.08900 182.07001 184.89301 189.26500
-9999 -9999 -9999 -9999 -9999 -9999 -9999 -9999 -9999 197.70300 198.57300 202.02499 203.58501 203.49699 203.00900 201.88699 202.01401 205.55299 203.80099 193.83800 192.96001 188.33701 187.51900 191.48100 190.95599 192.08200 191.43201 193.21300 193.09100 192.87900 193.06300 200.43401 200.95599 200.46899 201.88800 204.28999 203.93401 199.23500 197.77699 191.20300 190.05099 189.78700 188.85600 189.92101 189.51700 187.64600 187.61099 190.95700 190.75800 188.86099 190.70300 196.44901 196.90300 197.63499 198.14000 193.41701 192.38100 187.19901 186.33400 186.01700 186.22900 185.78200 185.12801 180.15401 179.33000 185.06200 185.14301 189.54700 192.44701 194.80099
-9999 -9999 -9999 -9999 -9999 -9999 -9999 -9999 -9999 -9999 199.95500 203.55200 204.00200 204.42700 204.30800 203.52499 203.85600 208.32700 207.25101 197.11900 195.94099 191.06599 189.68100 -9999 -9999 -9999 -9999 -9999 -9999 195.54601 196.19501 202.81700 203.67999 203.46100 204.83200 207.21201 205.52100 199.78200 198.05099 192.30099 190.99600 190.60600 189.95300 190.91701 190.78300 189.27200 189.55200 192.29201 192.49400 189.87601 191.24001 197.42500 199.81000 198.78600 199.11099 194.05000 192.55099 188.54601 187.18401 187.30200 187.30299 187.49300 186.85600 182.17700 184.58400 187.73801 188.85300 193.00999 198.89999 199.63200
-9999 -9999 -9999 -9999 -9999 -9999 -9999 -9999 -9999 -9999 -9999 -9999 209.28500 198.70500 199.41400 201.77901 202.18100 200.88699 199.73199 -9999 -9999 -9999 -9999 -9999 -9999 -9999 -9999 -9999 -9999 -9999 -9999 -9999 -9999 205.74400 206.81000 206.75101 205.18201 204.77400 202.82201 198.42700 197.04201 190.86099 190.22200 188.47000 188.67200 193.92101 193.73801 195.59300 195.27000 191.74899 193.30600 199.65900 201.15401 201.42999 198.42700 195.63000 195.71001 191.26300 190.00700 194.07600 194.37100 188.85201 189.36501 190.89999 189.98700 188.51401 190.65199 195.09399 198.86400 196.49001
-9999 -9999 -9999 -9999 -9999 -9999 -9999 -9999 -9999 -9999 -9999 -9999 -9999 -9999 -9999 -9999 -9999 -9999 -9999 -9999 -9999 -9999 -9999 -9999 -9999 -9999 -9999 -9999 -9999 -9999 -9999 -9999 -9999 -9999 207.89200 207.06799 205.48199 205.25800 203.30901 199.40199 198.02200 192.32500 191.71100 189.21899 189.74699 195.47400 196.05800 197.08099 197.59500 193.86400 195.22501 200.74899 201.85201 201.12700 200.46800 197.42000 197.24800 195.90500 195.01900 198.23700 197.61099 190.98801 190.78101 192.49500 192.01900 190.94299 194.53799 200.84900 203.90199 199.40800
