data/hydroclimate-scenarios/BCSD_hadcm_B1/monthly_summaries/isr_monthly_avg_sep.2070-2099.asc
ncols	311
nrows	91
xllcenter	102.75
yllcenter	31.75
cellsize	0.5
NODATA_value	-9999
[rows 0 to 30 of 91, columns 210 to 279 of 311]
-9999 -9999 -9999 -9999 -9999 -9999 -9999 -9999 -9999 -9999 -9999 -9999 -9999 -9999 -9999 -9999 -9999 -9999 -9999 -9999 -9999 -9999 -9999 -9999 -9999 -9999 -9999 -9999 -9999 -9999 -9999 -9999 -9999 -9999 -9999 -9999 -9999 -9999 -9999 -9999 -9999 -9999 -9999 -9999 -9999 -9999 -9999 -9999 -9999 -9999 -9999 -9999 -9999 -9999 -9999 -9999 -9999 -9999 -9999 -9999 -9999 -9999 -9999 -9999 -9999 -9999 -9999 -9999 -9999 -9999
-9999 -9999 -9999 -9999 -9999 -9999 -9999 -9999 -9999 -9999 -9999 -9999 -9999 -9999 -9999 -9999 -9999 -9999 -9999 -9999 -9999 -9999 -9999 -9999 -9999 -9999 -9999 -9999 -9999 -9999 -9999 -9999 -9999 -9999 -9999 -9999 -9999 -9999 -9999 -9999 -9999 -9999 -9999 -9999 -9999 -9999 -9999 -9999 -9999 -9999 -9999 -9999 -9999 -9999 -9999 -9999 -9999 -9999 -9999 -9999 -9999 -9999 -9999 -9999 -9999 -9999 -9999 -9999 -9999 -9999
-9999 -9999 -9999 -9999 -9999 -9999 -9999 -9999 -9999 -9999 -9999 -9999 -9999 -9999 -9999 -9999 -9999 -9999 -9999 -9999 -9999 -9999 -9999 -9999 -9999 -9999 -9999 -9999 -9999 -9999 -9999 -9999 -9999 -9999 -9999 -9999 -9999 -9999 -9999 -9999 -9999 -9999 -9999 -9999 -9999 -9999 -9999 -9999 -9999 -9999 -9999 -9999 -9999 -9999 -9999 -9999 -9999 -9999 -9999 -9999 -9999 -9999 -9999 -9999 -9999 -9999 -9999 -9999 -9999 -9999
-9999 -9999 -9999 -9999 -9999 -9999 -9999 -9999 -9999 -9999 -9999 -9999 -9999 -9999 -9999 -9999 -9999 -9999 -9999 -9999 -9999 -9999 -9999 -9999 -9999 -9999 -9999 -9999 -9999 -9999 -9999 -9999 -9999 -9999 -9999 -9999 -9999 -9999 -9999 -9999 -9999 -9999 -9999 -9999 -9999 -9999 -9999 -9999 -9999 -9999 -9999 -9999 -9999 -9999 -9999 -9999 -9999 -9999 -9999 -9999 -9999 -9999 -9999 -9999 -9999 -9999 -9999 -9999 -9999 -9999
-9999 -9999 -9999 -9999 -9999 -9999 -9999 -9999 -9999 -9999 -9999 -9999 -9999 -9999 -9999 -9999 -9999 -9999 -9999 -9999 -9999 -9999 -9999 -9999 -9999 -9999 -9999 -9999 -9999 -9999 -9999 -9999 -9999 -9999 -9999 -9999 -9999 -9999 -9999 -9999 -9999 -9999 -9999 -9999 -9999 -9999 -9999 -9999 -9999 -9999 -9999 -9999 -9999 -9999 -9999 -9999 -9999 -9999 -9999 -9999 -9999 -9999 -9999 -9999 -9999 -9999 -9999 -9999 -9999 -9999
-9999 -9999 -9999 -9999 -9999 -9999 -9999 -9999 -9999 -9999 -9999 -9999 -9999 -9999 -9999 -9999 -9999 -9999 -9999 -9999 -9999 -9999 -9999 -9999 -9999 -9999 -9999 -9999 -9999 -9999 -9999 -9999 -9999 -9999 -9999 -9999 -9999 -9999 -9999 -9999 -9999 -9999 -9999 -9999 -9999 -9999 -9999 -9999 -9999 -9999 -9999 -9999 -9999 -9999 -9999 -9999 -9999 -9999 -9999 -9999 -9999 -9999 -9999 -9999 -9999 -9999 -9999 -9999 -9999 -9999
-9999 -9999 -9999 -9999 -9999 -9999 -9999 -9999 -9999 -9999 -9999 -9999 -9999 -9999 -9999 -9999 -9999 -9999 -9999 -9999 -9999 -9999 -9999 -9999 -9999 -9999 -9999 -9999 -9999 -9999 -9999 -9999 -9999 -9999 -9999 -9999 -9999 -9999 -9999 -9999 -9999 -9999 -9999 -9999 -9999 -9999 -9999 -9999 -9999 -9999 -9999 -9999 -9999 -9999 -9999 -9999 -9999 -9999 -9999 -9999 -9999 -9999 -9999 -9999 -9999 -9999 -9999 -9999 -9999 -9999
-9999 -9999 -9999 -9999 -9999 -9999 -9999 -9999 -9999 -9999 -9999 -9999 -9999 -9999 -9999 -9999 -9999 -9999 -9999 -9999 -9999 -9999 -9999 -9999 -9999 -9999 -9999 -9999 -9999 -9999 -9999 -9999 -9999 -9999 -9999 -9999 -9999 -9999 -9999 -9999 -9999 -9999 -9999 -9999 -9999 -9999 -9999 -9999 -9999 -9999 -9999 -9999 -9999 -9999 -9999 -9999 -9999 -9999 -9999 -9999 -9999 -9999 -9999 -9999 -9999 -9999 -9999 -9999 -9999 -9999
-9999 -9999 -9999 -9999 -9999 -9999 -9999 -9999 -9999 -9999 -9999 -9999 -9999 -9999 -9999 -9999 -9999 -9999 -9999 -9999 -9999 -9999 -9999 -9999 -9999 -9999 -9999 -9999 -9999 -9999 -9999 -9999 -9999 -9999 -9999 -9999 -9999 -9999 -9999 -9999 -9999 -9999 -9999 -9999 -9999 -9999 -9999 -9999 -9999 -9999 -9999 -9999 -9999 -9999 -9999 -9999 -9999 -9999 -9999 -9999 -9999 -9999 -9999 -9999 -9999 -9999 -9999 -9999 -9999 -9999
-9999 -9999 -9999 -9999 -9999 -9999 -9999 -9999 -9999 -9999 -9999 -9999 -9999 -9999 -9999 -9999 -9999 -9999 -9999 -9999 -9999 -9999 -9999 -9999 -9999 -9999 -9999 -9999 -9999 -9999 -9999 -9999 -9999 -9999 -9999 -9999 -9999 -9999 -9999 -9999 -9999 -9999 -9999 -9999 -9999 -9999 -9999 -9999 -9999 -9999 -9999 -9999 -9999 -9999 -9999 -9999 -9999 -9999 -9999 -9999 -9999 -9999 -9999 -9999 -9999 -9999 -9999 -9999 -9999 -9999
-9999 -9999 -9999 -9999 -9999 -9999 -9999 -9999 -9999 -9999 -9999 -9999 -9999 -9999 -9999 -9999 -9999 -9999 -9999 -9999 -9999 -9999 -9999 -9999 -9999 -9999 -9999 -9999 -9999 -9999 -9999 -9999 -9999 -9999 -9999 -9999 -9999 -9999 -9999 -9999 -9999 -9999 -9999 -9999 -9999 -9999 -9999 -9999 -9999 -9999 -9999 -9999 -9999 -9999 -9999 -9999 -9999 -9999 -9999 -9999 -9999 -9999 -9999 -9999 -9999 -9999 -9999 -9999 -9999 -9999
-9999 -9999 -9999 -9999 -9999 -9999 -9999 -9999 -9999 -9999 -9999 -9999 -9999 -9999 -9999 -9999 -9999 -9999 -9999 -9999 -9999 -9999 -9999 -9999 -9999 -9999 -9999 -9999 -9999 -9999 -9999 -9999 -9999 -9999 -9999 -9999 -9999 -9999 -9999 -9999 -9999 -9999 -9999 -9999 -9999 -9999 -9999 -9999 -9999 -9999 -9999 -9999 -9999 -9999 -9999 -9999 -9999 -9999 -9999 -9999 -9999 -9999 -9999 -9999 -9999 -9999 -9999 -9999 -9999 -9999
-9999 -9999 -9999 -9999 -9999 -9999 -9999 -9999 -9999 -9999 -9999 -9999 -9999 -9999 -9999 -9999 -9999 -9999 -9999 -9999 -9999 -9999 -9999 -9999 -9999 -9999 -9999 -9999 -9999 -9999 -9999 -9999 -9999 -9999 -9999 -9999 -9999 -9999 -9999 -9999 -9999 -9999 -9999 -9999 -9999 -9999 -9999 -9999 -9999 -9999 -9999 -9999 -9999 -9999 -9999 -9999 -9999 -9999 -9999 -9999 -9999 -9999 -9999 -9999 -9999 -9999 -9999 -9999 -9999 -9999
67.95330 66.26080 67.19230 65.35290 65.06830 65.13430 65.54750 68.04780 67.95040 -9999 -9999 -9999 -9999 -9999 -9999 -9999 -9999 -9999 -9999 -9999 -9999 -9999 -9999 -9999 -9999 -9999 -9999 -9999 -9999 -9999 -9999 -9999 -9999 -9999 -9999 -9999 -9999 -9999 -9999 -9999 -9999 -9999 -9999 -9999 -9999 -9999 -9999 -9999 -9999 -9999 57.58130 -9999 -9999 -9999 -9999 -9999 -9999 -9999 -9999 -9999 -9999 -9999 -9999 -9999 -9999 -9999 -9999 -9999 -9999 -9999
69.69430 72.08810 72.82120 73.14000 74.34910 72.41220 72.49550 72.53020 72.41320 59.49540 59.54430 59.65900 59.29040 59.71700 59.52570 59.73070 59.25330 58.93220 58.44650 57.92590 57.75910 71.64010 -9999 -9999 -9999 -9999 -9999 -9999 -9999 -9999 -9999 -9999 -9999 -9999 -9999 -9999 -9999 -9999 -9999 -9999 -9999 -9999 -9999 -9999 -9999 65.01060 63.18650 62.65110 63.84960 64.75120 63.82850 62.29620 -9999 -9999 -9999 55.07550 -9999 -9999 -9999 57.87220 59.37430 59.56070 -9999 -9999 -9999 -9999 -9999 -9999 -9999 -9999
74.07520 75.76970 75.92570 77.17560 77.25250 76.25310 76.66210 76.72460 76.94500 63.40370 82.24570 82.36010 83.01810 83.42390 85.55000 85.36530 86.46360 86.73920 84.67520 83.73250 83.20010 81.87520 82.03330 76.21060 76.11120 75.31400 73.17680 72.43260 -9999 -9999 -9999 -9999 -9999 70.93820 70.17790 69.86420 69.15880 67.12950 65.91270 65.47200 66.34720 67.23190 67.99050 67.67100 67.90060 68.94570 69.14950 68.91770 68.42990 68.74000 68.25400 65.80280 65.97030 62.52540 61.23630 60.56120 61.50910 58.84940 58.64200 61.71230 62.78440 64.06580 63.76000 62.30600 62.28050 63.81260 62.48600 -9999 -9999 -9999
79.01040 81.08310 81.52910 79.38980 80.28520 81.75970 83.16980 82.37470 82.93330 87.22990 88.34570 89.34800 88.44770 88.79470 89.22710 88.93610 89.69470 88.37320 88.04760 86.60670 85.77120 85.50310 78.72510 79.79900 80.46430 80.06740 79.50450 78.58760 78.12540 78.14140 78.13340 77.30690 76.22870 75.20170 74.37500 75.15620 75.28980 73.74420 73.23270 72.56160 72.37260 73.73600 73.02960 73.64600 73.64900 74.15870 72.99860 73.08170 73.03790 73.43710 73.29280 71.90090 70.32760 69.11940 68.70710 67.55560 66.35110 64.93800 65.76670 65.72920 65.95310 66.50170 66.42110 66.59410 66.74680 67.16690 66.21660 65.50750 64.11900 63.97500
86.09350 87.14710 89.55240 89.16510 90.35830 92.93420 93.61520 93.14340 94.29900 92.67810 92.23600 91.66880 90.79460 90.10840 89.45730 91.06640 90.13880 89.43260 88.32570 67.94730 66.66280 80.91440 80.59610 80.78500 81.14840 81.49740 82.18860 82.28970 82.53210 83.68230 85.43340 85.04470 83.81990 80.93690 78.73550 78.66090 79.25950 78.84130 79.05580 78.25240 78.52950 78.70300 78.37740 77.98540 77.24930 78.09160 77.07070 77.12330 77.31440 77.70560 76.98130 75.75950 74.47770 74.78540 72.99840 71.81640 71.33970 68.36080 69.67030 69.98520 69.44070 69.67220 69.63870 69.76760 69.95220 70.01250 70.40750 68.73850 67.91180 68.12010
86.21670 87.83550 89.54500 87.34210 89.31640 90.30900 91.91040 91.72950 89.13000 87.68140 92.68360 88.92880 88.31060 89.47560 89.46180 86.22720 84.91030 90.21360 85.20590 85.52330 84.48570 85.15490 85.88310 85.26800 84.93300 83.39820 83.95840 85.04320 86.18130 86.24260 88.38460 88.52220 88.36860 85.44800 81.56750 81.17870 81.24920 81.95940 82.09220 82.18220 81.42480 81.72510 81.65250 82.69820 83.15240 80.86970 81.01350 81.29820 80.67420 81.10830 80.71950 79.98160 78.68360 77.19480 76.92840 74.71150 74.12340 74.65650 74.13630 75.27350 74.73510 75.32770 75.19060 74.87840 75.13810 74.32470 73.06340 72.22250 71.93590 70.10990
88.35370 87.86620 88.60560 85.71610 87.16150 91.59200 91.66540 91.21220 90.41180 88.15830 88.62060 89.19360 88.35120 88.13820 88.38200 86.72170 86.57520 87.05470 87.37250 87.36140 87.48070 86.25250 86.91320 87.81430 87.90660 90.26830 89.33940 90.53840 90.23100 88.33810 88.35430 89.59920 92.60140 89.29230 87.53330 85.74470 85.15290 85.03860 85.02720 85.03190 84.60850 85.05360 85.61090 86.41760 86.33110 85.24610 85.70670 85.63180 84.86270 85.33870 84.24970 83.40490 82.96450 81.59010 81.91510 78.71360 78.31730 78.64140 78.73600 79.56590 78.88430 78.47310 78.22380 78.69640 77.93790 75.92530 76.20540 76.27610 75.52340 73.36560
87.11500 87.03390 87.86230 90.15700 93.74590 93.60320 90.65930 90.47650 89.22920 88.37080 88.36560 88.67140 88.29150 87.66480 87.68700 88.58710 88.57600 88.85110 89.29810 90.25050 90.23860 88.99210 89.61230 90.44680 91.32140 92.75370 93.49020 93.74640 92.38510 92.33450 92.05980 93.03630 94.40240 94.34720 91.69460 89.99850 88.85830 88.16110 87.21640 87.95520 87.86330 88.24680 88.32880 88.55640 87.98800 87.32810 88.24230 88.60320 87.95550 87.68250 87.31710 86.40810 86.16970 86.05430 85.43490 84.52360 83.61950 83.35540 83.89010 83.27140 83.07350 82.41360 81.13460 82.09120 81.58420 80.58090 80.51220 80.54270 79.23710 77.77600
89.60920 90.13660 91.69550 94.27440 93.68880 91.15670 89.63590 90.95870 90.58300 90.52640 90.02510 91.22160 90.95500 90.81660 90.70430 90.73190 90.72490 91.81070 91.27300 92.53220 92.57030 90.80450 91.82640 94.60290 96.55080 97.44630 97.05370 97.14670 96.35290 97.02860 96.94360 96.91830 97.27060 99.38170 96.93920 94.64430 93.38530 91.48100 91.25300 91.02980 90.75120 91.48700 91.19980 91.08770 91.15440 90.73050 90.71870 90.99590 90.76730 90.75410 90.01710 89.52190 89.63350 89.34320 88.27420 87.38910 87.14700 86.64300 86.37610 86.19480 85.84830 86.18650 85.34010 85.50220 85.18300 84.40520 84.40610 83.94790 83.45660 80.91800
93.33450 93.69270 94.94410 95.90980 94.65570 94.59870 95.05510 95.97170 96.32390 97.28490 98.31200 97.20710 96.54030 98.08760 96.64440 96.43710 95.88100 95.64130 96.06830 95.98410 95.58100 96.59190 97.51380 101.29800 103.13300 102.94700 103.74100 102.89900 100.83600 100.87400 100.87800 100.77300 100.31300 97.82960 95.97010 96.28540 96.53280 94.82980 94.10640 94.04460 93.96530 95.44730 94.92490 95.54080 94.18860 93.51590 93.74360 94.08130 93.68490 93.85030 93.95070 94.07970 93.84300 93.35640 92.94650 91.90970 92.20440 91.39380 91.76960 91.53010 91.48730 89.94320 89.36440 89.37470 89.05370 88.91400 89.12720 88.47450 87.67480 86.20890
94.16260 94.11270 94.35300 95.79260 96.93660 98.04860 96.94640 97.02890 98.14740 99.56410 100.15000 100.44500 100.88000 102.87600 103.04600 103.56200 101.92100 102.04000 100.81000 99.40250 99.38680 100.09600 101.44900 104.49700 106.48100 107.14400 106.87600 106.61500 106.83100 106.73400 106.32700 106.75900 106.49900 103.33100 101.67700 101.71500 102.65000 102.78400 101.53700 102.42000 102.16400 102.86500 101.12000 103.53800 102.92600 101.56800 100.48600 99.60030 98.19470 97.24690 95.57830 95.83920 96.57830 95.98730 94.87590 95.37730 95.66790 95.05060 94.73660 94.98210 94.14700 93.72220 94.90650 94.06620 93.22270 92.80840 92.59860 91.91140 91.91990 89.32490
97.36570 95.59030 95.61980 96.93120 97.01610 98.67220 98.48560 99.89550 100.09600 99.52320 99.25520 99.78160 100.31500 101.54300 102.90900 107.13200 107.45500 108.48200 107.86400 113.55100 106.42000 106.55600 104.99600 105.91200 109.66200 112.16700 116.82300 114.01600 114.15300 113.24200 110.42700 111.53800 112.10800 109.15800 108.94900 108.06100 108.42700 106.92800 107.33700 105.53600 105.86300 108.67300 106.20500 111.55200 113.15900 118.04600 135.37300 156.07201 156.63901 156.39301 107.73400 99.21820 98.55500 98.64220 97.72690 97.79770 98.24330 98.48750 98.17170 97.74590 97.44400 96.95200 96.64690 97.27130 97.66390 96.62470 96.49900 96.45990 95.48220 91.68470
99.41660 98.28320 98.26240 99.44170 99.46290 102.27100 102.31300 104.23400 104.64500 103.98200 102.94400 102.72400 101.69500 101.72900 102.65800 105.53800 108.28100 110.32400 108.78000 108.58400 108.83100 108.52100 109.42900 110.03900 110.10300 111.75700 112.64300 115.84000 117.10500 115.79700 115.26100 115.38600 113.81900 110.14200 108.89000 109.90900 108.85100 108.79800 108.31400 106.52000 107.83300 109.82400 111.67600 112.70400 160.86800 159.56799 159.34399 158.35699 158.28200 158.95399 157.84599 110.11900 103.25800 103.04900 102.28100 101.52700 103.21300 104.04900 101.90500 102.25400 101.55600 101.01800 100.71800 101.37600 101.35900 99.86400 99.29120 99.83800 99.24430 96.51570
101.78300 102.30600 103.12800 106.83200 108.59000 108.69900 109.74300 110.72500 114.52800 118.74100 122.70200 115.25900 111.27700 108.99000 110.78400 109.30800 109.20600 109.24300 110.06200 109.57800 110.62600 110.14000 111.94000 114.80000 114.84600 112.81600 113.48100 114.01000 114.11100 110.86300 112.00600 111.35500 109.46200 109.11200 110.05000 109.39200 108.44100 108.75400 109.08600 109.82400 109.60600 110.87600 112.24300 112.62400 116.74100 160.00900 160.20100 160.83701 159.28200 159.20900 159.61700 159.44901 107.65600 105.64900 105.18100 104.09100 103.59800 104.01700 104.83800 104.60000 103.76200 101.85100 101.18400 104.69700 104.79100 104.94000 104.61400 103.43600 102.66700 100.39800
105.74100 108.72400 165.42900 168.70599 167.92700 125.16000 114.29800 116.53200 115.95400 114.40200 116.38100 123.32800 133.56799 119.69000 170.59399 137.04401 119.81200 114.56200 112.48700 111.83500 112.42500 111.88400 112.93900 116.08300 117.19700 115.52400 115.86900 117.08900 117.30100 114.54100 114.58800 112.90800 111.98900 114.10900 113.52900 111.32200 110.38500 113.15600 113.55400 111.14100 111.58600 112.44300 112.89700 113.74900 163.53400 162.50500 161.43100 162.39600 161.88300 162.76900 163.05200 162.75200 116.48000 114.26800 110.39700 109.37400 108.66500 107.06800 108.52600 108.87900 107.25200 105.27900 105.12100 108.29900 108.24000 107.73100 106.72600 106.90200 105.80600 103.53700
121.69600 167.30600 169.15100 165.52699 122.95900 113.06200 113.91900 114.02600 114.72000 115.17300 113.89400 114.86600 115.10400 114.65900 114.97900 113.90200 114.87300 114.03600 116.12600 115.32200 112.97600 110.25800 111.10400 114.22000 117.63400 118.55800 118.60100 120.30000 121.58000 116.54100 115.58900 114.13800 112.80200 113.88300 113.06100 113.54400 114.02800 115.02700 114.62200 112.59100 112.75700 114.54900 113.95400 114.45000 125.91600 162.05000 161.43100 162.84399 162.67400 164.39400 165.34801 164.80299 165.60100 165.79500 123.56200 113.45700 112.08700 111.40100 109.84100 111.73700 110.73000 107.60100 107.36100 110.35800 110.23200 110.46200 109.95600 109.45300 109.22600 107.85800
122.79500 110.08400 109.74700 108.70700 108.09900 111.12900 127.31800 171.12700 125.82800 119.36700 116.77700 116.55600 117.45000 116.23400 115.74600 117.77600 175.83099 174.26401 129.29401 123.92400 122.12000 117.67500 117.72500 116.71900 131.71201 122.59700 121.00600 122.46500 124.60400 121.32900 120.57400 118.11500 115.25200 116.68300 116.37700 116.52200 117.39800 117.64000 117.82400 114.78800 114.61300 115.82800 115.47900 115.45800 125.49200 163.81900 163.74300 163.65800 164.72501 164.68300 165.92400 168.07201 168.91200 169.42799 168.72501 121.25100 116.55600 114.80100 112.51800 113.59800 113.87700 110.47300 110.35200 115.08400 116.03100 116.58100 116.08300 115.04500 113.33500 111.66700
172.39200 134.42101 110.08300 109.45100 109.15900 110.98700 114.93700 119.55200 121.25400 127.69000 174.03700 173.86501 121.42000 120.99900 119.62200 119.46100 121.96200 179.91600 181.04800 179.73900 178.95300 179.79500 177.88000 177.80299 178.86200 173.97600 125.81400 127.28500 127.86300 130.21300 128.77699 126.89000 124.02000 122.81500 121.28400 118.56400 121.05400 122.25900 123.28300 122.36400 120.87500 115.63600 115.49000 113.82500 118.03500 116.67300 166.71001 167.08600 166.61099 169.43800 168.78200 169.79500 120.46200 118.98600 120.38600 126.86000 120.15900 119.14400 118.31400 117.68900 117.84600 115.73100 115.21300 116.34300 116.56800 117.19900 117.49100 116.73000 116.12700 114.39400
