data/hydroclimate-scenarios/BCSD_hadcm_B1/monthly_summaries/isr_monthly_avg_dec.2070-2099.asc
ncols	311
nrows	91
xllcenter	102.75
yllcenter	31.75
cellsize	0.5
NODATA_value	-9999
[rows 32 to 63 of 91, columns 0 to 70 of 311]
-9999 -9999 -9999 -9999 -9999 -9999 -9999 -9999 -9999 -9999 -9999 25.52660 25.55620 25.43470 25.52030 25.56600 25.73670 25.60020 25.68510 25.76710 25.77360 25.63240 25.49320 25.37000 25.29050 25.35770 25.29590 25.33400 25.17710 25.06910 24.89050 24.93350 24.85110 24.66310 24.74510 24.40040 24.59590 24.63520 24.77740 24.82050 24.80840 24.89570 24.87070 24.91240 24.87270 24.91140 24.94270 25.13970 25.14660 25.14860 25.01970 25.19120 25.19000 25.20620 25.09290 24.91560 24.91630 24.95580 24.95380 25.07830 25.05560 24.95080 24.98380 25.06030 24.98660 24.74040 24.95020 24.79880 25.25400 25.48070 25.36900
-9999 -9999 -9999 -9999 -9999 -9999 -9999 -9999 -9999 -9999 -9999 27.07650 27.10690 26.81430 26.86670 26.94830 26.93200 26.92430 27.01720 27.10640 27.08480 26.99670 26.79230 26.62230 26.72780 26.77860 26.73390 26.56210 26.24580 25.95050 25.82560 25.79630 25.80430 25.46270 25.54860 25.24280 25.54840 25.79150 25.91580 26.21420 26.17600 26.40920 26.37800 26.31840 26.52910 26.62910 26.68430 26.72260 26.72110 26.68600 26.58710 26.62580 26.46930 26.37010 26.23250 26.10710 26.11190 26.30290 26.33010 26.21440 26.24050 26.22490 26.15820 26.31140 26.38830 26.27380 26.16010 26.03680 26.27930 26.56900 26.42280
-9999 -9999 -9999 -9999 -9999 -9999 -9999 -9999 -9999 -9999 -9999 -9999 28.21120 28.11470 28.13620 28.23270 28.32590 28.42500 28.45810 28.28580 28.25950 28.18270 28.23630 28.27690 28.21390 28.62200 28.36680 28.07000 27.27940 27.19900 26.87700 26.43610 26.38610 26.35640 26.32490 26.30150 26.75630 26.81400 27.05750 27.57230 27.87200 27.98230 28.04230 27.97910 28.05300 28.14930 28.13220 27.77320 27.62590 27.95120 27.73190 27.89500 27.79920 27.58580 27.59500 26.97530 26.84220 26.80120 26.77870 27.35520 27.41950 27.71200 27.83170 27.46670 27.46770 27.18030 27.04950 27.33680 28.07830 28.01340 27.44380
-9999 -9999 -9999 -9999 -9999 -9999 -9999 -9999 -9999 -9999 -9999 -9999 29.05270 29.12780 29.49780 29.37240 29.41100 29.61390 29.72730 29.49690 29.58500 30.22780 30.19040 30.24720 30.31160 29.90590 29.22040 29.29140 28.55320 28.62780 28.43220 27.56120 27.14280 27.13030 27.13450 27.36860 27.52210 27.62530 27.92830 28.43040 28.95350 29.32260 29.31160 29.27570 29.31430 29.35310 29.37290 29.09380 29.06440 29.45660 29.38930 29.09070 29.03760 28.83630 28.62960 28.01470 27.86620 27.68470 27.63150 28.42110 28.59440 29.62460 29.70290 29.01550 28.77990 28.12770 28.29770 28.52480 28.68230 28.71680 29.02480
-9999 -9999 -9999 -9999 -9999 -9999 -9999 -9999 -9999 -9999 -9999 -9999 30.19570 30.03260 29.83520 29.93360 30.17800 30.44140 30.78720 31.06550 31.39450 31.71480 31.57380 31.67210 30.98540 31.00390 30.11390 29.25180 29.28140 29.13820 28.73370 28.39860 28.36530 28.48610 28.33570 28.24040 28.36310 28.33890 28.58260 29.57340 30.37480 30.67730 30.38750 30.31830 30.38200 30.96220 31.10670 30.86920 30.55810 30.39120 30.19760 30.22820 29.90310 29.89600 29.58970 29.34540 29.22520 29.04410 29.22590 29.86340 30.00840 30.31630 30.12090 29.85190 29.88080 29.51990 29.40180 29.38030 30.09340 30.31200 30.05420
-9999 -9999 -9999 31.67020 31.57770 31.35110 31.43680 31.21470 31.24910 -9999 31.30660 31.51790 31.19450 30.91630 30.79490 30.69730 30.89240 31.08630 31.71320 32.16970 32.23530 31.93360 31.54890 31.72430 31.33990 31.28180 30.87370 30.89970 30.39130 31.41430 30.21160 29.42120 30.12350 30.75840 30.12920 29.71570 29.96160 29.79920 29.90390 30.80680 31.13220 31.25260 31.11740 31.33460 32.03400 33.08080 33.58060 32.64900 32.26250 32.22270 32.13710 32.24250 32.26000 32.55670 32.13830 32.66580 32.63810 31.24100 31.95850 31.64920 31.39080 31.53160 31.38810 31.56380 31.28850 30.50420 30.85250 30.98440 30.83130 31.57150 31.68330
-9999 -9999 -9999 32.21070 32.15680 31.93340 32.31720 31.98200 32.02440 32.25980 31.99890 31.99440 32.18290 32.06470 32.10900 32.23230 32.36470 32.04570 32.28740 32.45380 32.25570 32.78030 31.84770 31.55050 31.97670 31.96980 32.06220 31.63080 32.05280 32.92090 31.78410 32.20120 32.13140 32.25150 32.04860 31.96190 32.25140 32.18700 31.79500 32.41120 32.67840 31.95270 31.81870 33.12870 34.15370 34.71350 34.93750 33.52110 33.65200 34.06810 33.97740 33.82390 34.10790 34.34110 33.30280 33.65920 33.25050 33.55170 34.21200 34.05560 33.56150 33.00750 33.13590 32.99800 32.99560 32.28160 32.28040 31.42290 31.85440 32.59080 33.16890
-9999 -9999 -9999 32.26860 32.21280 32.71660 33.39900 32.90490 32.52120 32.77470 32.84300 33.08230 33.55460 34.09750 34.97850 33.88530 34.06070 33.96050 33.00380 33.14580 33.30860 33.88530 33.00000 33.48560 33.89400 33.53820 33.54290 32.81530 32.86830 34.28030 35.62400 35.07390 33.88100 33.67010 34.11690 34.02480 33.62500 32.88860 33.05470 33.38240 33.82230 33.19520 33.36090 33.77060 34.19570 35.19210 35.31150 35.01350 34.99200 35.78840 36.13650 34.86980 34.96920 35.10540 34.53700 34.84470 34.48300 34.74320 35.39110 35.57220 34.97270 34.26470 34.11310 34.80650 34.42990 34.25020 34.18430 34.24850 35.38420 35.82650 36.19320
-9999 -9999 -9999 33.25440 32.97910 34.06150 34.75490 34.25470 34.05480 34.53560 33.97650 33.95980 35.51550 36.25830 36.76470 36.15940 36.49210 37.05860 36.34830 35.79580 36.11210 36.58290 36.95040 36.23850 35.61030 35.55500 35.21910 35.05270 36.26300 37.72970 36.51260 33.83170 35.18740 36.34660 36.38420 35.56120 34.61690 33.52740 34.11530 34.66670 35.36090 35.95670 36.58410 36.93480 35.96400 36.64840 37.22130 36.70160 37.67970 37.59900 37.82720 36.53590 36.29400 37.31870 36.84300 36.30610 36.29100 37.15260 37.54040 37.72480 38.37640 36.87570 36.76570 36.79970 36.85080 37.02650 37.20910 37.18610 38.06150 38.50940 36.36170
-9999 -9999 -9999 33.95230 34.04390 35.11440 34.88700 34.87130 35.40210 35.34330 34.76390 35.74020 36.92480 38.46670 39.00950 38.73880 38.88030 38.60820 36.83660 36.06890 36.71040 37.49170 37.71410 36.16920 35.64270 35.70390 35.09020 34.98690 36.26780 37.90490 38.10830 37.18500 37.42790 37.08960 36.93230 37.10470 36.73720 35.45600 35.31390 35.86940 36.45720 36.79140 37.28560 37.95050 37.12040 37.06980 37.51130 37.58100 37.78690 38.41140 38.45170 37.12840 37.14540 39.14650 38.05860 38.55020 37.58490 37.60410 38.30400 39.73670 39.86470 38.85480 38.89080 39.93000 40.19690 39.53530 39.74020 40.15730 40.38960 38.78770 36.88840
-9999 -9999 -9999 -9999 35.45480 36.08690 35.69180 37.17980 37.45790 37.15720 36.21980 36.48240 39.14530 38.31820 -9999 -9999 -9999 -9999 -9999 39.59720 39.43340 38.80340 39.03400 39.55990 38.64360 37.46500 35.99730 36.52900 37.15140 37.23740 37.59140 37.94150 37.92680 37.50870 36.99830 36.83930 36.85970 36.24290 36.45380 36.65410 36.61900 36.63120 36.94460 38.09430 38.06740 37.61570 38.42530 38.99320 38.91390 38.52830 38.68400 38.50220 38.24710 39.90490 40.17270 41.02690 41.11750 40.73570 40.59380 41.48340 42.39710 42.56910 43.01430 42.56840 42.79870 42.85760 42.19520 40.33390 39.50940 -9999 -9999
-9999 -9999 37.12030 36.52450 36.88340 36.61490 37.00290 38.56410 38.15070 38.33360 37.52030 38.26200 40.71450 -9999 -9999 -9999 -9999 -9999 42.84800 41.29340 40.71800 39.22870 39.11380 39.58590 39.29190 39.09340 37.62880 37.40680 37.56730 38.10070 38.14310 38.17550 38.37600 38.39230 38.28770 37.99450 38.36470 38.05040 37.94550 38.00380 38.29200 37.89950 38.17640 38.67960 38.26550 38.22200 38.83620 38.97930 38.45020 38.21510 38.37920 38.49970 39.02390 39.79680 40.38560 40.48560 41.16990 41.80020 41.96220 42.22420 42.87900 43.00590 43.35550 43.95190 42.79800 43.22980 43.12090 -9999 -9999 -9999 -9999
-9999 -9999 39.64180 38.46010 37.99680 37.90980 38.08730 39.34570 39.36530 39.05180 39.75960 40.91880 41.21300 -9999 -9999 -9999 -9999 42.17830 44.42930 42.44700 42.02470 41.28470 40.73900 40.42670 39.51430 39.22920 39.22400 38.92400 38.69650 38.53220 39.13380 40.15450 39.85240 39.64930 39.96150 40.22850 40.06640 39.93910 40.63040 40.82920 40.97250 40.74830 41.11230 40.71510 40.78840 40.76670 40.45710 40.62480 39.90460 39.01520 38.95400 39.47040 39.77860 40.57130 40.77790 40.25860 40.77450 42.73850 43.21260 42.55220 42.56030 43.46600 42.70490 42.41380 42.18000 -9999 -9999 -9999 -9999 -9999 42.49400
-9999 -9999 40.72930 40.14010 39.77320 39.61140 39.59860 40.16390 40.45390 40.94650 42.30730 43.49040 38.27680 -9999 -9999 -9999 -9999 45.85950 45.20510 44.04680 43.32610 42.18180 41.34950 40.99730 40.91820 40.97840 41.38660 40.52740 40.61370 40.38620 41.10980 41.41390 41.65530 41.99160 41.84800 42.23790 42.43780 42.42580 42.88610 42.37420 42.29980 41.92140 41.94610 42.47490 42.16420 42.89950 43.14410 42.42960 41.85610 40.90520 40.38330 41.23880 41.31100 42.22680 42.61650 41.60410 41.78360 42.96360 42.86980 42.74740 41.85270 41.71890 42.13710 44.03870 45.63920 45.99740 44.52030 46.04840 44.81520 -9999 -9999
-9999 -9999 -9999 41.73090 41.90750 41.61190 41.22380 41.63120 42.42750 44.07330 43.90170 40.31420 -9999 -9999 -9999 -9999 46.01470 47.02040 44.90880 44.33570 43.59330 42.69950 42.33670 42.47150 42.44240 42.90890 42.75610 42.77340 42.74740 42.89650 42.79270 42.70630 42.48240 42.88950 42.75690 43.43920 43.23640 43.01220 43.07710 43.47450 43.53740 42.73970 43.15440 43.60870 43.43460 43.66210 43.46070 42.77800 42.59210 42.16970 43.23180 43.00920 42.74870 42.98000 44.09880 44.97390 44.79660 45.46410 45.17260 43.59580 43.17800 43.39680 44.92490 49.45410 51.79610 47.76050 46.02370 47.31740 46.27640 43.40710 -9999
-9999 -9999 -9999 -9999 43.05980 43.03080 42.67670 43.66460 44.69670 44.15270 41.77290 -9999 -9999 -9999 -9999 47.54690 47.76590 47.00310 45.89380 45.01100 44.30900 44.20260 44.27650 44.71980 44.73340 44.59130 44.24200 44.32760 44.71870 44.19110 44.00920 43.59640 43.58460 43.62020 44.14980 45.02440 45.14960 44.83970 45.06120 45.50310 45.56430 44.76940 44.58820 45.13630 44.89720 45.18780 45.29490 44.40430 44.09190 43.63020 43.92060 43.99380 44.45650 44.32430 44.38150 45.39430 45.69930 46.51760 46.69540 45.41100 46.45670 47.48480 48.23040 50.43790 51.73240 49.67100 47.39210 47.60450 48.44580 46.82830 46.43370
-9999 -9999 -9999 -9999 -9999 -9999 45.68420 46.07270 44.41020 44.33860 46.20270 -9999 -9999 -9999 -9999 -9999 48.66600 48.07490 47.15860 46.50260 46.29380 46.00530 46.42650 46.85410 46.75430 45.77450 45.38460 45.98770 45.94790 45.87080 46.02310 45.60490 45.45020 45.56630 45.27990 45.87970 46.37290 47.35590 47.03440 47.66670 47.79480 47.95010 47.81220 48.06750 47.66560 46.47800 46.17980 46.09500 46.14450 45.67780 45.91070 46.24010 46.45040 45.93190 46.30510 46.86920 46.90860 47.04520 47.01330 47.26210 48.20460 49.61570 50.70670 52.34560 53.82850 52.27510 49.55470 48.45880 48.89160 48.48770 48.49280
-9999 -9999 -9999 -9999 -9999 -9999 -9999 -9999 -9999 -9999 -9999 -9999 -9999 -9999 -9999 -9999 -9999 -9999 -9999 48.40760 48.14500 48.17610 48.02480 48.53560 48.36580 47.76100 47.78820 47.56770 47.60880 47.62460 47.79930 47.61070 48.12710 47.63440 47.67110 48.15290 48.19480 49.42210 49.61000 50.49190 50.95210 50.34790 49.76590 50.14240 49.97120 48.67150 48.09010 47.80420 47.64170 47.72490 47.89320 47.80410 48.31680 47.71140 48.13490 48.60190 48.60740 48.52630 48.76670 48.91190 51.15040 50.73610 52.21310 54.21960 54.42190 52.41940 49.92100 49.51330 49.81410 50.58320 50.92420
-9999 -9999 -9999 -9999 -9999 -9999 -9999 -9999 -9999 -9999 -9999 -9999 -9999 -9999 -9999 -9999 -9999 -9999 51.70660 51.66670 51.09710 49.83530 49.56840 50.59510 50.50610 50.62340 50.20450 50.11540 50.12730 49.42860 49.62710 50.41480 50.66950 50.31190 50.59230 50.45120 50.97500 51.34390 51.99730 52.70990 53.19780 52.41170 52.34160 52.13310 51.45640 51.21160 50.41280 49.79010 49.29220 49.36170 49.40780 50.21380 50.41230 50.50030 51.05510 50.26820 50.51810 51.50400 52.56180 50.81880 50.87500 50.74070 52.03570 53.80440 54.89920 52.88460 51.27490 50.88660 51.14750 50.87730 51.39750
-9999 -9999 -9999 -9999 -9999 -9999 -9999 -9999 -9999 -9999 -9999 -9999 -9999 -9999 -9999 -9999 -9999 53.86170 53.94830 53.21410 53.04330 52.12720 51.91660 52.81520 52.61520 52.62090 52.38630 52.49280 52.97630 52.22040 52.14020 52.46890 52.91840 52.05110 51.99780 52.81170 53.88480 54.35070 54.54180 55.13610 55.06310 54.78310 54.56720 53.73240 53.44720 53.14100 52.73340 52.22980 51.45650 50.92310 51.21810 51.52830 52.23280 52.80000 53.03810 52.10230 52.66360 53.36610 53.85810 52.25820 50.90630 52.12200 55.23650 57.42100 53.82350 53.76880 53.51470 53.10730 52.85120 52.58620 53.90610
-9999 -9999 -9999 -9999 -9999 -9999 -9999 -9999 -9999 -9999 -9999 -9999 -9999 -9999 -9999 -9999 -9999 56.01430 55.82980 55.85710 55.60840 54.56020 53.85630 54.63030 54.27100 54.49060 54.51040 54.17480 54.72580 54.59840 54.68280 53.74120 53.75090 53.63720 54.31160 55.05810 55.77030 56.31030 57.06490 57.28270 56.79170 56.90680 56.56400 55.74070 55.36060 54.47690 53.80900 54.87860 54.46750 52.35620 52.34830 52.97630 53.79910 54.55900 54.78300 55.00330 56.51930 55.37220 54.95420 54.02580 54.37290 55.79580 56.17660 57.47570 59.73020 57.49880 55.73760 56.16130 54.17620 53.89350 53.94200
-9999 -9999 -9999 -9999 -9999 -9999 -9999 -9999 -9999 -9999 -9999 -9999 -9999 -9999 -9999 -9999 58.34960 59.07870 58.94950 58.47870 57.10400 55.75300 55.81750 56.48470 56.17630 56.11490 56.06570 55.81470 56.15800 56.30290 56.20070 55.69430 55.39760 55.19680 55.53560 56.38360 57.16550 58.22070 59.02930 58.64360 58.40170 58.93020 58.68930 57.48670 56.85420 55.98450 56.10310 57.20220 56.78450 54.19920 54.30690 55.11530 55.79450 56.18310 56.23500 56.90180 56.81540 56.43670 56.46640 56.42940 56.13000 56.71310 57.91860 61.37450 59.36790 58.21220 57.94220 56.76710 55.20880 55.02740 56.04840
-9999 -9999 -9999 -9999 -9999 -9999 -9999 -9999 -9999 -9999 -9999 -9999 -9999 60.37170 61.49680 61.73320 61.91760 61.78970 60.19850 60.01460 59.20450 57.71380 57.19340 58.68630 58.51460 57.21130 56.91110 57.48500 57.89870 58.50460 58.27020 57.89500 58.20610 58.07370 58.38510 58.53330 58.93630 59.57460 60.11690 59.65240 59.55400 60.60380 60.40730 59.79500 59.10200 57.95330 57.91170 58.12970 58.34430 58.30950 57.90300 57.30060 57.59550 57.93560 57.95700 58.71520 58.45430 58.27630 57.96690 57.06120 57.36760 57.38160 57.74220 58.01410 57.19930 55.60320 55.43390 56.53900 56.66720 57.34910 58.85670
-9999 -9999 -9999 -9999 -9999 -9999 -9999 -9999 -9999 -9999 -9999 -9999 61.83210 63.05520 63.71160 63.86970 63.83380 62.78450 62.11150 61.65050 61.43650 59.34610 58.99780 60.81590 60.57250 58.77670 58.88310 58.96850 59.00980 59.94550 59.73410 59.84450 60.21240 60.03490 59.86800 59.81850 60.03850 60.46610 61.03370 60.15900 61.06880 62.50870 62.76250 61.98600 61.02860 59.77110 59.54410 60.17400 60.81310 61.31260 61.09480 59.96160 60.08850 60.13040 59.85770 60.26760 60.38810 60.64450 60.63210 59.81230 59.27950 58.29210 58.34940 58.57310 58.07770 56.66780 57.10740 58.06830 58.53340 60.43200 63.07610
-9999 -9999 -9999 -9999 -9999 -9999 -9999 -9999 -9999 -9999 -9999 66.80200 66.72350 66.86740 65.90960 65.08090 64.92660 65.37560 65.19480 63.96230 63.20880 62.35910 62.01920 61.82260 61.92120 62.62740 62.49670 60.88550 60.13040 61.30090 62.08080 61.88050 62.19780 62.60510 62.32460 62.50470 62.75810 61.94540 60.53320 60.57740 61.73400 61.91230 61.95000 62.65850 62.01620 60.87980 60.75920 62.28350 62.78780 63.49740 63.81400 63.24010 63.00420 63.33840 62.93720 62.29000 62.18220 62.55800 61.90530 60.24150 60.25770 58.44080 57.94800 58.02150 57.31900 57.02650 57.63760 59.31670 61.73910 63.03540 65.70590
-9999 -9999 -9999 -9999 -9999 -9999 -9999 -9999 -9999 -9999 68.41500 69.77120 68.73630 68.92280 68.11910 67.11870 66.88770 67.52490 67.59430 65.89870 65.12470 63.92510 63.25270 63.72980 63.44620 64.44610 64.37140 62.83120 62.40520 63.85020 64.55650 64.50740 65.14120 65.31460 65.57530 65.08970 65.34880 64.39400 63.07610 62.09900 62.95010 62.42390 62.66820 63.68160 63.32000 62.45320 62.11090 63.20160 63.99180 64.67730 65.62610 65.07920 65.37250 65.47910 65.22500 64.76990 64.38140 64.51900 63.16200 61.61900 61.72900 60.30640 60.17060 59.61880 59.45980 58.89830 59.06520 61.75760 64.70360 66.38760 68.45850
-9999 -9999 -9999 -9999 -9999 -9999 -9999 -9999 -9999 69.85450 70.58940 69.75340 70.19820 70.55990 70.21880 68.77230 68.81420 66.70700 65.45620 66.63280 65.83980 64.43420 64.44600 64.88600 64.69860 64.49420 64.27270 63.70090 63.91010 65.94810 65.96070 67.93890 68.74500 68.46940 69.29860 69.01480 68.54010 66.48980 65.64950 64.86430 64.49590 62.16290 62.06410 64.54120 64.50580 63.83430 63.48760 63.81410 64.19490 64.52670 65.60650 68.09300 68.46870 70.19160 70.63800 65.49820 64.64380 63.44840 63.08530 63.45640 63.32700 61.69700 61.82930 61.23910 60.89660 61.32030 61.62010 65.20270 67.25890 69.55960 69.56960
-9999 -9999 -9999 -9999 -9999 -9999 -9999 -9999 -9999 -9999 72.56810 71.25640 71.18160 71.93910 71.87170 70.58240 70.86270 68.95940 67.75740 69.42360 68.54740 66.06140 66.13260 -9999 -9999 -9999 -9999 -9999 -9999 68.76230 69.30610 70.28240 71.39570 71.32430 71.99360 71.86330 70.64160 68.55080 67.56580 66.38610 64.73480 63.03590 63.27930 66.11450 66.21180 65.94500 65.69620 65.58270 65.99890 65.91360 67.19960 70.04790 71.41410 72.14450 72.04150 66.89750 65.76900 65.03380 64.65630 65.31720 65.83180 64.82040 64.37420 63.84480 65.00150 64.23440 65.41540 68.46860 72.83000 73.71270 74.26800
-9999 -9999 -9999 -9999 -9999 -9999 -9999 -9999 -9999 -9999 -9999 -9999 70.34500 68.72270 69.21910 71.01270 71.29470 70.51300 69.91490 -9999 -9999 -9999 -9999 -9999 -9999 -9999 -9999 -9999 -9999 -9999 -9999 -9999 -9999 73.50410 74.49160 72.65940 71.78640 69.81150 68.36730 69.35670 68.26400 64.93350 65.43150 66.80130 67.20880 68.01110 67.94580 67.49130 67.69480 68.26570 69.36530 72.00460 72.73740 72.88430 71.50310 69.51760 69.38800 68.67200 68.48340 68.04150 68.64890 67.67120 68.42850 67.14220 66.78390 67.25330 69.08490 72.15450 74.58920 73.08880 74.17020
-9999 -9999 -9999 -9999 -9999 -9999 -9999 -9999 -9999 -9999 -9999 -9999 -9999 -9999 -9999 -9999 -9999 -9999 -9999 -9999 -9999 -9999 -9999 -9999 -9999 -9999 -9999 -9999 -9999 -9999 -9999 -9999 -9999 -9999 75.92320 74.34210 73.00990 71.31390 69.87850 71.25320 70.87210 67.55500 67.50610 68.11060 68.54510 70.40740 70.18180 69.65200 70.05100 70.82210 71.87520 73.83760 74.41230 74.13800 73.15140 71.33260 71.40280 72.40540 72.40090 71.58650 71.35980 70.33840 69.88550 69.61890 68.38430 70.12210 72.13860 76.70900 78.69350 76.16420 71.23160
-9999 -9999 -9999 -9999 -9999 -9999 -9999 -9999 -9999 -9999 -9999 -9999 -9999 -9999 -9999 -9999 -9999 -9999 -9999 -9999 -9999 -9999 -9999 -9999 -9999 -9999 -9999 -9999 -9999 -9999 -9999 -9999 -9999 -9999 77.52360 75.97710 75.58830 72.19390 68.06220 66.51050 66.69180 67.80380 67.72630 69.40910 69.55970 71.89410 72.03830 71.89380 72.57280 74.42470 75.12540 74.74540 74.60620 76.52060 75.84960 74.66210 71.51960 73.64050 73.90730 72.97590 72.54250 72.18150 73.07960 73.18540 73.14070 74.07680 74.54850 77.50420 79.61370 75.37190 -9999
-9999 -9999 -9999 -9999 -9999 -9999 -9999 -9999 -9999 -9999 -9999 -9999 -9999 -9999 -9999 -9999 -9999 -9999 -9999 -9999 -9999 -9999 -9999 -9999 -9999 -9999 -9999 -9999 -9999 -9999 -9999 -9999 -9999 -9999 -9999 -9999 -9999 -9999 69.54650 69.23320 69.29430 69.94500 69.66190 71.57900 71.43740 72.51610 73.61280 74.47440 75.02730 77.28310 78.21220 77.51860 77.60840 79.80200 78.68850 76.54190 74.21770 74.85240 75.13540 73.84040 73.98340 73.33970 75.08880 75.85180 77.47440 76.94700 77.20890 78.92400 75.86920 -9999 -9999
