data/hydroclimate-scenarios/BCSD_hadcm_B1/monthly_summaries/isr_monthly_avg_jan.2070-2099.asc
ncols	311
nrows	91
xllcenter	102.75
yllcenter	31.75
cellsize	0.5
NODATA_value	-9999
[rows 0 to 31 of 91, columns 71 to 141 of 311]
-9999 -9999 -9999 -9999 -9999 -9999 -9999 -9999 -9999 -9999 -9999 -9999 -9999 -9999 -9999 -9999 -9999 -9999 -9999 -9999 -9999 -9999 -9999 -9999 -9999 -9999 -9999 -9999 -9999 -9999 -9999 -9999 -9999 -9999 -9999 -9999 -9999 -9999 -9999 -9999 -9999 -9999 -9999 -9999 -9999 -9999 -9999 -9999 -9999 -9999 -9999 -9999 -9999 -9999 -9999 -9999 -9999 -9999 -9999 -9999 -9999 -9999 -9999 -9999 -9999 -9999 -9999 -9999 -9999 -9999 -9999
-9999 -9999 -9999 -9999 -9999 -9999 -9999 -9999 -9999 -9999 -9999 -9999 -9999 -9999 -9999 -9999 -9999 -9999 -9999 -9999 -9999 -9999 -9999 -9999 -9999 -9999 -9999 -9999 -9999 -9999 -9999 -9999 -9999 -9999 -9999 -9999 -9999 -9999 -9999 -9999 -9999 -9999 -9999 -9999 -9999 -9999 -9999 -9999 -9999 -9999 -9999 -9999 -9999 -9999 -9999 -9999 -9999 -9999 -9999 -9999 -9999 -9999 -9999 -9999 -9999 -9999 -9999 -9999 -9999 -9999 -9999
-9999 -9999 -9999 -9999 -9999 -9999 -9999 -9999 -9999 -9999 -9999 -9999 -9999 -9999 -9999 -9999 -9999 -9999 -9999 -9999 -9999 -9999 -9999 -9999 -9999 -9999 -9999 -9999 -9999 -9999 -9999 -9999 -9999 -9999 -9999 -9999 -9999 -9999 -9999 -9999 -9999 -9999 -9999 -9999 -9999 -9999 -9999 -9999 -9999 -9999 -9999 -9999 -9999 -9999 -9999 -9999 -9999 -9999 -9999 -9999 -9999 -9999 -9999 -9999 -9999 -9999 -9999 -9999 -9999 -9999 -9999
-9999 -9999 -9999 -9999 -9999 -9999 -9999 -9999 -9999 -9999 -9999 -9999 -9999 -9999 -9999 -9999 -9999 -9999 -9999 -9999 -9999 -9999 -9999 -9999 -9999 -9999 -9999 -9999 -9999 -9999 -9999 -9999 -9999 -9999 -9999 -9999 -9999 -9999 -9999 -9999 -9999 -9999 -9999 -9999 -9999 -9999 -9999 -9999 -9999 -9999 -9999 -9999 -9999 -9999 -9999 -9999 -9999 -9999 -9999 -9999 -9999 -9999 -9999 -9999 -9999 -9999 -9999 -9999 -9999 -9999 -9999
-9999 -9999 -9999 -9999 -9999 -9999 -9999 -9999 -9999 -9999 -9999 -9999 -9999 -9999 -9999 -9999 -9999 -9999 -9999 -9999 -9999 -9999 -9999 -9999 -9999 -9999 -9999 -9999 -9999 -9999 -9999 -9999 -9999 -9999 -9999 -9999 -9999 -9999 -9999 -9999 -9999 -9999 -9999 -9999 -9999 -9999 -9999 -9999 -9999 -9999 -9999 -9999 -9999 -9999 -9999 -9999 -9999 -9999 -9999 -9999 -9999 -9999 -9999 -9999 -9999 -9999 -9999 -9999 -9999 -9999 -9999
-9999 -9999 -9999 -9999 -9999 -9999 -9999 -9999 -9999 -9999 -9999 -9999 -9999 -9999 -9999 -9999 -9999 -9999 -9999 -9999 -9999 -9999 -9999 -9999 -9999 -9999 -9999 -9999 -9999 -9999 -9999 -9999 -9999 -9999 -9999 -9999 -9999 -9999 -9999 -9999 -9999 -9999 -9999 -9999 -9999 -9999 -9999 -9999 -9999 -9999 -9999 -9999 -9999 -9999 -9999 -9999 -9999 -9999 -9999 -9999 -9999 -9999 -9999 -9999 -9999 -9999 -9999 -9999 -9999 -9999 -9999
-9999 -9999 -9999 -9999 -9999 -9999 -9999 -9999 -9999 -9999 -9999 -9999 -9999 -9999 -9999 -9999 -9999 -9999 -9999 -9999 -9999 -9999 -9999 -9999 -9999 -9999 -9999 -9999 -9999 -9999 -9999 -9999 -9999 -9999 -9999 -9999 -9999 -9999 -9999 -9999 -9999 -9999 -9999 -9999 -9999 -9999 -9999 -9999 -9999 -9999 -9999 -9999 -9999 -9999 -9999 -9999 -9999 -9999 -9999 -9999 -9999 -9999 -9999 -9999 -9999 -9999 -9999 -9999 -9999 -9999 -9999
-9999 -9999 -9999 -9999 -9999 -9999 -9999 -9999 -9999 -9999 -9999 -9999 -9999 -9999 -9999 -9999 -9999 -9999 -9999 -9999 -9999 -9999 -9999 -9999 -9999 -9999 -9999 -9999 -9999 -9999 -9999 -9999 -9999 -9999 -9999 -9999 -9999 -9999 -9999 -9999 -9999 -9999 -9999 -9999 -9999 -9999 -9999 -9999 -9999 -9999 -9999 -9999 -9999 -9999 -9999 -9999 -9999 -9999 -9999 -9999 -9999 -9999 -9999 -9999 -9999 -9999 -9999 -9999 -9999 -9999 -9999
-9999 -9999 -9999 -9999 -9999 -9999 0.00000 -9999 -9999 -9999 -9999 -9999 -9999 -9999 -9999 -9999 -9999 -9999 -9999 -9999 -9999 -9999 -9999 -9999 -9999 -9999 -9999 -9999 -9999 -9999 -9999 -9999 -9999 -9999 -9999 -9999 -9999 -9999 -9999 -9999 -9999 -9999 -9999 -9999 -9999 -9999 -9999 -9999 -9999 -9999 -9999 -9999 -9999 -9999 -9999 -9999 -9999 -9999 -9999 -9999 -9999 -9999 -9999 -9999 -9999 -9999 -9999 -9999 -9999 -9999 -9999
-9999 -9999 0.00000 0.00000 0.00000 0.00000 0.00000 0.00000 0.00000 0.00000 0.00000 0.00000 0.00000 0.00000 0.00000 0.00000 0.00000 0.00000 0.00000 0.00000 0.00000 0.00000 -9999 -9999 -9999 -9999 -9999 -9999 -9999 -9999 -9999 -9999 -9999 -9999 -9999 -9999 -9999 -9999 -9999 -9999 -9999 -9999 -9999 -9999 -9999 -9999 -9999 -9999 -9999 -9999 -9999 -9999 -9999 -9999 -9999 -9999 -9999 -9999 -9999 -9999 -9999 -9999 -9999 -9999 -9999 -9999 -9999 -9999 -9999 -9999 -9999
-9999 -9999 -9999 -9999 0.40118 0.40118 0.40119 0.40119 0.40118 0.40118 0.40118 0.40118 0.40117 0.40117 0.40118 0.40118 0.40118 0.40119 0.40119 0.40119 0.40118 0.40118 -9999 -9999 -9999 -9999 -9999 -9999 -9999 -9999 -9999 -9999 -9999 -9999 -9999 -9999 -9999 -9999 -9999 -9999 -9999 -9999 -9999 -9999 -9999 -9999 -9999 -9999 -9999 -9999 -9999 -9999 -9999 -9999 -9999 -9999 -9999 -9999 -9999 -9999 -9999 -9999 -9999 -9999 -9999 -9999 -9999 -9999 -9999 -9999 -9999
1.02698 1.02698 1.02701 1.02701 1.02701 1.02701 1.02702 1.02702 1.02695 1.02695 1.02697 1.02697 1.02701 1.02701 1.02702 1.02703 1.02700 1.02699 1.02700 1.02700 1.02699 1.02699 1.02699 1.02699 1.02697 1.02696 1.02695 1.02697 -9999 -9999 -9999 -9999 -9999 -9999 -9999 -9999 -9999 -9999 -9999 -9999 -9999 -9999 -9999 -9999 -9999 -9999 -9999 -9999 -9999 -9999 -9999 -9999 -9999 -9999 -9999 -9999 -9999 -9999 -9999 -9999 -9999 -9999 -9999 -9999 -9999 -9999 -9999 -9999 -9999 -9999 -9999
1.81844 1.81848 1.81836 1.81841 1.81844 1.81845 1.81841 1.81840 1.81821 1.81821 1.81821 1.81819 1.81845 1.81845 1.81852 1.81852 1.81832 1.81829 1.81828 1.81825 1.81841 1.81851 1.81843 1.81836 1.81836 1.81836 1.81821 1.81821 1.81809 1.81808 1.81812 1.81812 1.81822 1.81825 1.81825 1.81826 1.81825 1.81825 1.81827 1.81826 1.81803 1.81799 1.81808 -9999 -9999 -9999 -9999 -9999 -9999 -9999 -9999 -9999 -9999 -9999 -9999 -9999 -9999 -9999 -9999 -9999 -9999 -9999 -9999 -9999 -9999 -9999 -9999 -9999 -9999 -9999 -9999
2.81599 2.81616 2.81618 2.81630 2.81609 2.81597 2.81568 2.81557 2.81539 2.81543 2.81532 2.81523 2.81567 2.81570 2.81579 2.81567 2.81524 2.81522 2.81517 2.81516 2.81572 2.81614 2.81586 2.81592 2.81584 2.81569 2.81540 2.81534 2.81497 2.81518 2.81505 2.81503 2.81515 2.81519 2.81525 2.81522 2.81518 2.81519 2.81517 2.81515 2.81470 2.81466 2.81488 2.81483 -9999 -9999 -9999 -9999 -9999 -9999 -9999 -9999 -9999 -9999 -9999 -9999 -9999 -9999 -9999 -9999 -9999 -9999 -9999 -9999 -9999 -9999 -9999 -9999 -9999 -9999 -9999
3.92769 3.92798 3.92750 3.92917 3.92856 3.92791 3.92724 3.92618 3.92679 3.92542 3.92565 3.92512 3.92425 3.92394 3.92392 3.92386 3.92304 3.92302 3.92318 3.92392 3.92527 3.92548 3.92591 3.92586 3.92403 3.92453 3.92363 3.92271 3.92278 3.92315 3.92296 3.92301 3.92239 3.92226 3.92280 3.92284 3.92205 3.92199 3.92215 3.92223 3.92305 3.92297 3.92268 3.92248 -9999 -9999 -9999 -9999 -9999 -9999 -9999 -9999 -9999 -9999 -9999 -9999 -9999 -9999 -9999 3.92195 3.92202 -9999 -9999 -9999 -9999 3.92487 3.92629 3.92746 3.92561 3.92300 3.92275
5.19509 5.19595 5.19642 5.19682 5.19425 5.19193 5.19260 5.19283 5.19289 5.19221 5.19033 5.19039 5.19023 5.19060 5.19063 5.18969 5.18831 5.18773 5.18816 5.18761 5.19089 5.19184 5.19192 5.19044 5.18689 5.18700 5.18649 5.18624 5.18622 5.18611 5.18630 5.18630 5.18586 5.18592 5.18705 5.18695 5.18549 5.18567 5.18630 5.18624 5.18747 5.18718 5.18675 5.18667 5.18677 5.18664 5.18716 5.18869 5.19245 5.19458 5.19335 5.19470 5.19437 5.19200 5.19235 5.19193 5.18854 5.18748 5.18710 5.18675 5.18691 -9999 -9999 -9999 -9999 -9999 5.18907 5.19079 5.19080 5.19158 5.19204
6.62930 6.62091 6.62318 6.62868 6.62540 6.61907 6.62026 6.61895 6.61431 6.61273 6.61285 6.61381 6.61391 6.61345 6.60977 6.60992 6.60835 6.60782 6.60890 6.61004 6.61331 6.61398 6.61256 6.61204 6.60678 6.60687 6.60523 6.60509 6.60413 6.60483 6.60509 6.60473 6.60485 6.60556 6.60495 6.60507 6.60393 6.60425 6.60545 6.60492 6.60701 6.60660 6.60633 6.60599 6.60602 6.60599 6.60527 6.60701 6.61265 6.61712 6.61244 6.61101 6.61121 6.61889 6.62647 6.62359 6.62031 6.62005 6.61552 6.61201 6.61263 6.61326 6.61082 6.60821 6.60751 6.60608 6.60518 6.60542 6.61022 6.61265 6.61884
8.26655 8.29004 8.25074 8.26892 8.28104 8.26892 8.26256 8.26316 8.24392 8.24205 8.24385 8.24349 8.24395 8.24313 8.23933 8.23898 8.23737 8.23825 8.24026 8.24668 8.25147 8.24799 8.24437 8.24349 8.23489 8.23373 8.23180 8.23126 8.22948 8.22989 8.23247 8.23161 8.23324 8.23300 8.23239 8.23227 8.23117 8.23039 8.23211 8.23209 8.23721 8.23753 8.23552 8.23469 8.23359 8.23340 8.23272 8.23346 8.23847 8.24175 8.24278 8.24096 8.24196 8.24194 8.25194 8.26238 8.26507 8.26245 8.26135 8.26286 8.25794 8.26762 8.25920 8.24473 8.23930 8.23738 8.23466 8.23455 8.24113 8.24918 8.26271
10.17930 10.22200 10.17280 10.15810 10.16460 10.15940 10.16240 10.17660 10.17070 10.16380 10.16100 10.15790 10.16520 10.16390 10.16040 10.15960 10.15510 10.15560 10.16290 10.18140 10.18760 10.18080 10.17080 10.16450 10.15600 10.15460 10.14810 10.14810 10.14440 10.14530 10.14680 10.14500 10.14550 10.14590 10.14400 10.14490 10.14150 10.14650 10.15160 10.15460 10.16020 10.15690 10.17080 10.17820 10.15810 10.14700 10.12730 10.12540 10.12530 10.13350 10.14450 10.15210 10.16160 10.16520 10.16760 10.16430 10.16490 10.18360 10.18560 10.19010 10.19920 10.20020 10.19740 10.17760 10.17830 10.16980 10.16570 10.16470 10.16900 10.17050 10.17180
12.36640 12.39120 12.37510 12.36970 12.35520 12.34060 12.34970 12.36620 12.36760 12.36770 12.41030 12.41690 12.41280 12.39490 12.37950 12.37170 12.35880 12.36000 12.36670 12.38470 12.40940 12.39140 12.37790 12.37080 12.35620 12.35280 12.34620 12.34660 12.34070 12.34010 12.34300 12.34720 12.35590 12.35290 12.34800 12.35430 12.35350 12.35550 12.36090 12.37010 12.37940 12.37050 12.36820 12.37050 12.36700 12.36830 12.34130 12.32890 12.31770 12.33620 12.35500 12.35740 12.37080 12.36450 12.38290 12.39560 12.40250 12.41640 12.40280 12.38790 12.39590 12.39230 12.39060 12.40540 12.42400 12.41100 12.41140 12.39350 12.38830 12.38720 12.37380
14.79960 14.87870 14.85530 14.92100 14.91850 14.84890 14.82880 14.83450 14.89660 14.86300 14.91100 14.98120 15.05350 15.07930 15.01140 14.96540 14.91200 14.88910 14.88370 14.87940 14.88110 14.88340 14.87390 14.87130 14.86390 14.86490 14.85650 14.85350 14.85270 14.86230 14.86060 14.86760 14.87980 14.88060 14.86360 14.87770 14.86890 14.88900 14.87360 14.87080 14.88850 14.89360 14.87960 14.87470 14.86000 14.85950 14.84170 14.83600 14.82540 14.82190 14.82120 14.83140 14.86860 14.87260 14.87940 14.89130 14.92360 14.93650 14.93900 14.96820 14.92070 14.90500 14.88600 14.87520 14.89010 14.88490 14.88040 14.88540 14.88580 14.87120 14.85370
16.75660 16.79130 16.74990 16.79070 16.87000 16.81730 16.80990 16.73330 16.74750 16.77470 16.74490 16.80120 16.86780 16.92960 16.99500 17.00540 16.95860 16.94390 16.88180 16.85270 16.82620 16.81470 16.79570 16.78610 16.77100 16.76780 16.75630 16.76120 16.78130 16.80370 16.77450 16.82000 16.84540 16.83680 16.82010 16.81910 16.80460 16.80810 16.78720 16.79300 16.81140 16.80880 16.78710 16.80340 16.78040 16.79310 16.76850 16.77720 16.78380 16.76870 16.78560 16.78580 16.85200 16.85460 16.84570 16.84340 16.87870 16.86100 16.85200 16.90600 16.82920 16.82750 16.78210 16.75800 16.76760 16.78080 16.81260 16.79390 16.77170 16.75730 16.72840
18.25310 18.30790 18.40010 18.44310 18.48740 18.47090 18.45830 18.40660 18.30540 18.34320 18.34440 18.40200 18.46160 18.51560 18.56730 18.59940 18.62930 18.71100 18.69590 18.68940 18.66130 18.61280 18.56090 18.51620 18.46370 18.45610 18.44920 18.48210 18.52590 18.52400 18.52930 18.54980 18.56040 18.53730 18.56070 18.49550 18.49040 18.51190 18.54140 18.51870 18.50760 18.47970 18.46770 18.49490 18.55460 18.57030 18.55890 18.54070 18.58710 18.62290 18.63600 18.62790 18.62240 18.65350 18.59150 18.61150 18.55580 18.56740 18.50770 18.49040 18.50610 18.47200 18.46770 18.45980 18.48300 18.45570 18.43560 18.42180 18.47510 18.46250 18.42020
19.79090 19.81680 19.81560 19.89430 20.00070 20.07460 19.97240 19.97170 19.97660 19.86650 19.90080 19.98630 20.12370 20.14580 20.22700 20.59210 20.26190 20.15140 20.21610 20.37180 20.31110 20.31750 20.28800 20.09940 20.03930 20.03320 20.01370 20.05180 20.09460 20.10260 20.14600 20.14980 20.09010 20.09860 20.05400 20.05840 20.09370 20.07790 20.08340 20.10480 20.16430 20.11670 20.05030 20.09220 20.03580 20.03850 20.04810 20.10910 20.24760 20.27680 20.24830 20.21960 20.18850 20.19100 20.19910 20.21860 20.15520 20.15110 20.06170 20.02420 20.01670 20.01370 20.07420 20.06510 19.96870 19.92940 19.94770 19.92070 19.98960 19.99700 19.97940
21.32790 21.24660 21.31360 21.36260 21.33570 21.34210 21.35250 21.36300 21.19260 21.19370 21.15010 21.31440 21.56940 21.58440 21.80370 21.87690 22.09580 21.81310 21.73190 21.70590 21.84180 21.86790 21.87010 21.75970 21.66690 21.60290 21.55660 21.57860 21.62050 21.63560 21.67600 21.64960 21.63810 21.63720 21.62960 21.60560 21.60550 21.59790 21.55910 21.60460 21.68160 21.68680 21.63990 21.65860 21.53100 21.50500 21.57960 21.64050 21.77240 21.84960 21.86690 21.77710 21.74750 21.81180 21.68650 21.64590 21.65220 21.62670 21.66660 21.61310 21.55560 21.51660 21.53150 21.47500 21.41040 21.40560 21.44380 21.47620 21.58750 21.54570 21.52550
22.85110 22.83130 22.89970 22.88350 22.86880 22.79600 22.79720 22.69300 22.54970 22.52460 22.58590 22.83110 22.98100 23.01550 23.11920 23.30950 23.30920 23.35290 23.43880 23.34590 23.39800 23.40570 23.31110 23.34270 23.34630 23.30940 23.11740 23.13450 23.18450 23.24720 23.21820 23.18190 23.11700 23.12630 23.17530 23.20920 23.15610 23.23390 23.12070 23.21890 23.33530 23.23840 23.17580 23.31710 23.25210 23.07090 23.09790 23.13690 23.21310 23.29410 23.29400 23.16430 23.10770 23.11960 22.98380 23.02700 23.07660 23.10680 23.06120 23.09430 23.02600 22.98760 23.02560 22.99730 22.90440 22.89200 22.93700 22.94560 23.05700 23.13640 23.10520
24.37310 24.47270 24.51440 24.53130 24.58000 24.38280 24.27900 24.23660 24.02830 24.09020 23.96530 24.14230 24.71740 24.61830 24.53030 24.63120 24.83480 24.96330 24.87070 24.98790 25.05370 24.99580 24.88190 24.86600 24.80990 24.73140 24.74120 24.69810 24.59320 24.67820 24.55110 24.59900 24.50890 24.66550 24.71200 24.51360 24.60270 24.72070 24.57030 24.58150 24.73930 24.77050 24.82510 24.66690 24.71540 24.65200 24.67030 24.78790 24.73790 24.79880 24.73930 24.74010 24.70540 24.73190 24.74370 24.75430 24.66100 24.60940 24.52120 24.45500 24.40580 24.47870 24.53390 24.51140 24.51630 24.48650 24.50430 24.50510 24.69880 24.74920 24.78550
25.62060 25.84990 26.07410 26.12130 26.27950 25.96640 25.84020 25.67430 25.61260 25.55420 25.33400 25.50800 26.03220 26.31080 26.21290 26.15500 26.39630 26.36180 26.37270 26.34840 26.67790 26.55480 26.35710 26.34580 26.29630 26.41230 26.47820 26.36480 26.23600 26.15870 26.27400 26.16750 26.08790 26.17480 26.34960 26.07500 26.10660 26.20880 26.19860 26.23690 26.22030 26.34020 26.22690 26.23130 26.24130 26.22210 26.05410 26.21690 26.27640 26.28460 26.14230 26.16930 26.13750 26.10740 26.12790 26.09780 26.11740 26.06670 25.88040 25.86100 25.85640 25.96890 25.98670 26.04670 26.22870 26.19180 26.21870 26.17500 26.26000 26.15140 26.21200
27.20550 27.18150 27.71330 28.77010 28.15340 29.20650 27.66880 27.36390 27.22340 27.26110 27.11810 27.32680 27.57560 27.72410 27.92450 27.70340 27.84540 27.79430 27.68430 27.74020 27.95040 28.10310 27.80880 27.77410 27.64930 27.63120 27.65520 27.69330 27.56780 27.63940 27.60470 27.64910 27.69310 27.76120 27.87270 27.70470 27.58250 27.77500 27.92630 28.08580 27.85970 27.85210 27.81350 27.43670 27.57790 27.48090 27.41730 27.32500 27.29810 27.30520 27.29290 27.31780 27.41540 27.49140 27.54850 27.54610 27.55760 27.41020 27.41220 27.46980 27.40970 27.48120 27.62850 27.85990 28.00970 28.02160 27.96570 27.86700 27.81210 27.76590 27.81950
28.45920 28.53820 29.17920 29.23300 29.60180 29.66020 31.22770 30.84080 29.07590 29.16770 29.29720 29.14310 29.39100 29.68060 29.51020 29.31390 29.56770 29.49620 29.08550 29.22580 29.51180 29.72470 29.65860 29.34700 29.21360 29.17700 29.30560 29.31760 29.36970 29.45460 29.26050 29.20520 29.37170 29.44890 29.62800 29.36460 29.28470 29.35530 29.42300 29.42240 29.36760 28.80460 29.02150 28.83150 28.73900 28.67720 28.81890 28.92100 28.96750 28.87120 -9999 -9999 28.94570 28.80020 28.73180 28.89170 28.97300 28.88730 28.94420 29.08780 29.04500 29.27980 29.55870 29.79950 29.85670 29.89920 29.84960 29.71340 29.46920 29.35310 29.42440
30.73140 30.34380 30.42780 30.71370 31.06610 30.84960 32.80320 31.05090 31.01870 31.37080 32.83250 31.35740 31.82220 31.78980 31.52620 31.42360 31.44120 31.35790 31.29600 31.48480 31.08330 31.04920 30.98380 30.99410 31.74790 31.47470 31.46990 31.39400 31.41600 31.37860 31.46040 31.20500 31.36950 31.57140 31.73710 31.55750 31.34710 31.07860 30.70430 -9999 -9999 -9999 -9999 30.30100 -9999 30.72620 31.21500 30.95140 30.89180 30.58710 -9999 -9999 30.83080 30.73330 30.63170 30.60260 30.51430 30.66220 30.93200 31.11370 31.09880 31.25750 31.28950 31.47440 31.30400 31.70110 31.76730 31.62540 31.20170 30.93300 30.90810
31.69500 31.91270 32.19490 32.39830 32.46340 31.94040 32.79440 32.64500 32.33290 32.55170 32.59180 32.77390 33.33520 33.30390 33.20140 32.68710 33.07480 33.43730 33.44700 33.29470 32.97470 32.65970 32.66620 32.61110 33.16770 33.04490 33.01340 33.24070 33.10530 33.01640 33.08420 33.18820 33.47010 33.36930 33.57830 33.07590 32.83000 -9999 -9999 -9999 -9999 -9999 -9999 -9999 32.21300 32.37140 32.42840 -9999 -9999 -9999 -9999 -9999 32.09770 32.14780 32.57820 32.42790 32.46640 32.49830 32.53240 32.79840 32.45720 32.52570 32.66490 32.89310 32.63780 32.66490 32.74560 33.01750 32.64990 32.34990 -9999
