data/hydroclimate-scenarios/BCSD_hadcm_B1/monthly_summaries/olr_monthly_avg_may.2030-2059.asc
ncols	311
nrows	91
xllcenter	102.75
yllcenter	31.75
cellsize	0.5
NODATA_value	-9999
[rows 0 to 30 of 91, columns 210 to 279 of 311]
-9999 -9999 -9999 -9999 -9999 -9999 -9999 -9999 -9999 -9999 -9999 -9999 -9999 -9999 -9999 -9999 -9999 -9999 -9999 -9999 -9999 -9999 -9999 -9999 -9999 -9999 -9999 -9999 -9999 -9999 -9999 -9999 -9999 -9999 -9999 -9999 -9999 -9999 -9999 -9999 -9999 -9999 -9999 -9999 -9999 -9999 -9999 -9999 -9999 -9999 -9999 -9999 -9999 -9999 -9999 -9999 -9999 -9999 -9999 -9999 -9999 -9999 -9999 -9999 -9999 -9999 -9999 -9999 -9999 -9999
-9999 -9999 -9999 -9999 -9999 -9999 -9999 -9999 -9999 -9999 -9999 -9999 -9999 -9999 -9999 -9999 -9999 -9999 -9999 -9999 -9999 -9999 -9999 -9999 -9999 -9999 -9999 -9999 -9999 -9999 -9999 -9999 -9999 -9999 -9999 -9999 -9999 -9999 -9999 -9999 -9999 -9999 -9999 -9999 -9999 -9999 -9999 -9999 -9999 -9999 -9999 -9999 -9999 -9999 -9999 -9999 -9999 -9999 -9999 -9999 -9999 -9999 -9999 -9999 -9999 -9999 -9999 -9999 -9999 -9999
-9999 -9999 -9999 -9999 -9999 -9999 -9999 -9999 -9999 -9999 -9999 -9999 -9999 -9999 -9999 -9999 -9999 -9999 -9999 -9999 -9999 -9999 -9999 -9999 -9999 -9999 -9999 -9999 -9999 -9999 -9999 -9999 -9999 -9999 -9999 -9999 -9999 -9999 -9999 -9999 -9999 -9999 -9999 -9999 -9999 -9999 -9999 -9999 -9999 -9999 -9999 -9999 -9999 -9999 -9999 -9999 -9999 -9999 -9999 -9999 -9999 -9999 -9999 -9999 -9999 -9999 -9999 -9999 -9999 -9999
-9999 -9999 -9999 -9999 -9999 -9999 -9999 -9999 -9999 -9999 -9999 -9999 -9999 -9999 -9999 -9999 -9999 -9999 -9999 -9999 -9999 -9999 -9999 -9999 -9999 -9999 -9999 -9999 -9999 -9999 -9999 -9999 -9999 -9999 -9999 -9999 -9999 -9999 -9999 -9999 -9999 -9999 -9999 -9999 -9999 -9999 -9999 -9999 -9999 -9999 -9999 -9999 -9999 -9999 -9999 -9999 -9999 -9999 -9999 -9999 -9999 -9999 -9999 -9999 -9999 -9999 -9999 -9999 -9999 -9999
-9999 -9999 -9999 -9999 -9999 -9999 -9999 -9999 -9999 -9999 -9999 -9999 -9999 -9999 -9999 -9999 -9999 -9999 -9999 -9999 -9999 -9999 -9999 -9999 -9999 -9999 -9999 -9999 -9999 -9999 -9999 -9999 -9999 -9999 -9999 -9999 -9999 -9999 -9999 -9999 -9999 -9999 -9999 -9999 -9999 -9999 -9999 -9999 -9999 -9999 -9999 -9999 -9999 -9999 -9999 -9999 -9999 -9999 -9999 -9999 -9999 -9999 -9999 -9999 -9999 -9999 -9999 -9999 -9999 -9999
-9999 -9999 -9999 -9999 -9999 -9999 -9999 -9999 -9999 -9999 -9999 -9999 -9999 -9999 -9999 -9999 -9999 -9999 -9999 -9999 -9999 -9999 -9999 -9999 -9999 -9999 -9999 -9999 -9999 -9999 -9999 -9999 -9999 -9999 -9999 -9999 -9999 -9999 -9999 -9999 -9999 -9999 -9999 -9999 -9999 -9999 -9999 -9999 -9999 -9999 -9999 -9999 -9999 -9999 -9999 -9999 -9999 -9999 -9999 -9999 -9999 -9999 -9999 -9999 -9999 -9999 -9999 -9999 -9999 -9999
-9999 -9999 -9999 -9999 -9999 -9999 -9999 -9999 -9999 -9999 -9999 -9999 -9999 -9999 -9999 -9999 -9999 -9999 -9999 -9999 -9999 -9999 -9999 -9999 -9999 -9999 -9999 -9999 -9999 -9999 -9999 -9999 -9999 -9999 -9999 -9999 -9999 -9999 -9999 -9999 -9999 -9999 -9999 -9999 -9999 -9999 -9999 -9999 -9999 -9999 -9999 -9999 -9999 -9999 -9999 -9999 -9999 -9999 -9999 -9999 -9999 -9999 -9999 -9999 -9999 -9999 -9999 -9999 -9999 -9999
-9999 -9999 -9999 -9999 -9999 -9999 -9999 -9999 -9999 -9999 -9999 -9999 -9999 -9999 -9999 -9999 -9999 -9999 -9999 -9999 -9999 -9999 -9999 -9999 -9999 -9999 -9999 -9999 -9999 -9999 -9999 -9999 -9999 -9999 -9999 -9999 -9999 -9999 -9999 -9999 -9999 -9999 -9999 -9999 -9999 -9999 -9999 -9999 -9999 -9999 -9999 -9999 -9999 -9999 -9999 -9999 -9999 -9999 -9999 -9999 -9999 -9999 -9999 -9999 -9999 -9999 -9999 -9999 -9999 -9999
-9999 -9999 -9999 -9999 -9999 -9999 -9999 -9999 -9999 -9999 -9999 -9999 -9999 -9999 -9999 -9999 -9999 -9999 -9999 -9999 -9999 -9999 -9999 -9999 -9999 -9999 -9999 -9999 -9999 -9999 -9999 -9999 -9999 -9999 -9999 -9999 -9999 -9999 -9999 -9999 -9999 -9999 -9999 -9999 -9999 -9999 -9999 -9999 -9999 -9999 -9999 -9999 -9999 -9999 -9999 -9999 -9999 -9999 -9999 -9999 -9999 -9999 -9999 -9999 -9999 -9999 -9999 -9999 -9999 -9999
-9999 -9999 -9999 -9999 -9999 -9999 -9999 -9999 -9999 -9999 -9999 -9999 -9999 -9999 -9999 -9999 -9999 -9999 -9999 -9999 -9999 -9999 -9999 -9999 -9999 -9999 -9999 -9999 -9999 -9999 -9999 -9999 -9999 -9999 -9999 -9999 -9999 -9999 -9999 -9999 -9999 -9999 -9999 -9999 -9999 -9999 -9999 -9999 -9999 -9999 -9999 -9999 -9999 -9999 -9999 -9999 -9999 -9999 -9999 -9999 -9999 -9999 -9999 -9999 -9999 -9999 -9999 -9999 -9999 -9999
-9999 -9999 -9999 -9999 -9999 -9999 -9999 -9999 -9999 -9999 -9999 -9999 -9999 -9999 -9999 -9999 -9999 -9999 -9999 -9999 -9999 -9999 -9999 -9999 -9999 -9999 -9999 -9999 -9999 -9999 -9999 -9999 -9999 -9999 -9999 -9999 -9999 -9999 -9999 -9999 -9999 -9999 -9999 -9999 -9999 -9999 -9999 -9999 -9999 -9999 -9999 -9999 -9999 -9999 -9999 -9999 -9999 -9999 -9999 -9999 -9999 -9999 -9999 -9999 -9999 -9999 -9999 -9999 -9999 -9999
-9999 -9999 -9999 -9999 -9999 -9999 -9999 -9999 -9999 -9999 -9999 -9999 -9999 -9999 -9999 -9999 -9999 -9999 -9999 -9999 -9999 -9999 -9999 -9999 -9999 -9999 -9999 -9999 -9999 -9999 -9999 -9999 -9999 -9999 -9999 -9999 -9999 -9999 -9999 -9999 -9999 -9999 -9999 -9999 -9999 -9999 -9999 -9999 -9999 -9999 -9999 -9999 -9999 -9999 -9999 -9999 -9999 -9999 -9999 -9999 -9999 -9999 -9999 -9999 -9999 -9999 -9999 -9999 -9999 -9999
-9999 -9999 -9999 -9999 -9999 -9999 -9999 -9999 -9999 -9999 -9999 -9999 -9999 -9999 -9999 -9999 -9999 -9999 -9999 -9999 -9999 -9999 -9999 -9999 -9999 -9999 -9999 -9999 -9999 -9999 -9999 -9999 -9999 -9999 -9999 -9999 -9999 -9999 -9999 -9999 -9999 -9999 -9999 -9999 -9999 -9999 -9999 -9999 -9999 -9999 -9999 -9999 -9999 -9999 -9999 -9999 -9999 -9999 -9999 -9999 -9999 -9999 -9999 -9999 -9999 -9999 -9999 -9999 -9999 -9999
238.02200 237.10100 236.25700 236.18201 237.00400 236.75900 235.87300 236.54401 237.16299 -9999 -9999 -9999 -9999 -9999 -9999 -9999 -9999 -9999 -9999 -9999 -9999 -9999 -9999 -9999 -9999 -9999 -9999 -9999 -9999 -9999 -9999 -9999 -9999 -9999 -9999 -9999 -9999 -9999 -9999 -9999 -9999 -9999 -9999 -9999 -9999 -9999 -9999 -9999 -9999 -9999 243.48900 -9999 -9999 -9999 -9999 -9999 -9999 -9999 -9999 -9999 -9999 -9999 -9999 -9999 -9999 -9999 -9999 -9999 -9999 -9999
240.50400 240.27699 238.77400 239.38200 240.30800 239.38200 239.59200 240.69299 241.66299 242.56599 243.72200 244.76401 245.63499 245.04500 245.28300 247.39000 244.25700 243.14999 243.53799 242.39600 242.61600 267.79901 -9999 -9999 -9999 -9999 -9999 -9999 -9999 -9999 -9999 -9999 -9999 -9999 -9999 -9999 -9999 -9999 -9999 -9999 -9999 -9999 -9999 -9999 -9999 235.15601 237.74001 236.24800 232.67300 233.99300 237.01401 246.70000 -9999 -9999 -9999 252.97301 -9999 -9999 -9999 254.54601 253.43300 252.45900 -9999 -9999 -9999 -9999 -9999 -9999 -9999 -9999
244.08701 242.91400 242.23900 242.00000 242.91200 245.87199 247.35800 249.14600 250.74400 255.08299 257.07800 255.86700 255.03799 253.77699 251.16701 253.05200 250.59801 248.34300 254.40401 255.18300 257.20401 255.38699 252.43100 251.26100 246.35001 246.94099 248.74200 245.26801 -9999 -9999 -9999 -9999 -9999 246.05099 245.75600 245.33400 246.10001 246.45399 246.06900 245.34500 246.66000 246.86900 247.25700 247.28200 246.99500 234.98599 235.42200 233.95700 234.82899 234.19600 236.21899 248.29601 249.46600 252.70100 252.97900 254.25999 256.02600 255.19099 254.48700 253.61099 251.14900 247.12801 246.87500 250.32600 251.06700 247.87700 248.38499 -9999 -9999 -9999
247.50200 248.65300 250.13600 250.47600 252.74100 256.13901 256.57501 254.39101 254.88901 255.07800 251.69000 251.99300 252.74699 251.28799 250.99300 250.91901 249.32800 253.13600 257.00101 263.40100 267.50500 262.01001 260.87601 254.80800 248.93401 251.12199 246.21800 242.17500 243.21899 248.99300 249.47501 250.09000 250.14200 248.28600 248.40500 248.66800 249.50000 249.60100 249.71400 250.24800 249.34399 248.67700 249.16701 248.48500 248.35500 247.45700 247.30000 247.48300 248.60600 247.83900 248.75600 249.75200 251.41200 254.13699 254.17799 254.59300 254.79601 255.79201 255.45799 255.49100 254.89600 255.37100 254.95399 253.82600 253.17200 250.89900 247.41000 247.29800 247.43401 247.61700
253.17900 255.55901 252.50000 249.62900 250.66800 252.63300 252.84801 251.27100 248.85400 253.78900 257.46899 259.09500 261.89700 265.52100 267.37100 264.60001 267.70599 271.85300 274.16101 274.07999 278.76599 277.67700 271.81500 263.96500 257.93100 259.40701 256.81400 246.99500 245.87700 246.30200 245.73300 245.83099 246.66000 247.09100 251.72000 253.25900 255.28600 255.57700 255.39400 255.12000 254.23900 253.10800 253.12199 251.65100 252.46001 252.38901 252.94000 253.78799 253.50700 252.74001 252.35500 254.14200 255.15300 257.96799 258.62000 257.76001 258.57999 257.73599 258.59601 257.55399 257.00400 258.02600 256.97699 256.14001 255.58900 251.71400 249.85400 251.22900 250.56300 249.16901
263.08701 258.03101 257.46301 259.27701 258.71799 263.27399 260.14700 254.23399 258.68799 266.61401 267.60001 270.17801 274.59100 271.39801 272.71899 275.31699 277.09698 278.78799 279.58499 281.12100 285.59000 280.53699 273.40601 270.27899 263.18799 261.45499 259.36301 253.94600 250.61600 250.25600 244.35400 243.02600 243.29700 251.56700 258.60599 259.60300 260.24399 262.47400 262.61099 260.98700 260.02399 259.59399 258.59601 259.06601 258.33301 260.62701 261.13300 260.67300 260.57700 257.70001 258.18500 260.33801 260.85101 260.05499 259.88901 259.09900 259.51901 259.90701 260.15399 259.44800 259.25900 259.83401 259.57700 257.99701 256.81900 252.64900 252.63200 252.00301 250.62801 251.09500
269.13800 270.90201 270.29999 274.02899 272.46399 271.50800 269.41699 265.47900 267.50699 276.06900 278.44501 285.37399 287.52100 284.14999 283.29199 281.35699 281.65500 283.14200 283.30600 284.65302 285.42200 290.15302 283.08899 273.95401 267.66299 260.57901 258.63300 252.67799 253.86501 256.99200 256.97101 255.62801 248.92799 257.16599 261.76700 265.89700 265.45099 267.28000 266.22299 266.01801 266.10501 263.70001 262.69400 262.99701 263.52499 263.37601 264.10199 265.02899 265.84299 263.01801 262.65900 264.23700 264.51999 263.40900 263.17001 262.50101 262.47400 262.24701 261.90701 261.61700 260.85501 261.92099 261.61499 260.23999 258.98599 258.07001 256.87500 254.66000 254.76900 255.34300
278.79401 282.64999 282.39099 280.77802 274.90302 275.07599 280.54800 286.83301 290.09601 290.31799 294.13000 296.41599 295.71701 290.90900 288.08200 287.28500 280.21899 277.98901 279.49600 282.92300 286.40701 286.51099 279.16599 270.40601 262.91501 261.00800 257.37900 252.60100 255.47600 258.29599 259.48199 258.57001 254.88200 255.94200 265.27200 268.44501 269.11301 270.24701 269.41501 269.31201 268.92599 268.40399 267.94699 268.20001 268.47400 269.00800 268.56400 267.84799 268.98499 268.10501 267.70499 269.24899 268.54501 265.55499 265.63199 264.67401 264.61099 264.16800 265.06500 264.40799 263.79599 267.03900 267.05499 264.51599 263.42599 262.10699 261.24200 260.72601 259.06201 257.30399
286.41199 286.58200 282.84201 280.37000 282.27399 286.88501 288.21399 290.21899 291.23499 290.46799 291.34000 291.55801 290.51599 289.28400 289.89600 288.82599 283.42700 282.92899 285.00201 289.64499 290.64200 290.73599 282.07800 269.55301 260.68600 255.05099 256.39001 254.46700 259.30099 262.17200 262.20300 261.08600 259.53000 256.90302 263.33499 267.17401 271.34000 273.45099 272.99100 272.90201 272.41599 271.82401 271.88599 272.14001 272.39499 272.88800 274.34201 273.91800 273.39001 272.81900 272.27200 274.24899 273.38699 270.31500 269.86401 269.31900 268.83899 268.17401 269.55801 268.75000 267.36700 269.40201 269.27600 268.10001 266.26099 264.87201 262.85999 262.33801 262.32101 260.00601
283.07700 281.40302 279.11301 285.40900 286.87100 285.37399 285.24701 285.46399 287.81201 289.78400 286.57001 286.02701 287.20099 286.73599 291.56601 291.25299 285.68100 287.60901 290.67001 291.66199 291.84698 287.06601 281.79001 268.57101 261.04901 258.64099 259.43799 256.09299 262.32001 261.40302 261.75601 264.07001 265.74899 265.03101 268.32999 270.32501 268.25299 267.90701 269.45200 267.71600 266.01099 268.95599 269.17099 269.26001 273.17801 274.85001 276.26999 276.01099 276.63501 276.45901 274.38101 275.33701 273.56299 272.33899 271.98300 272.15601 271.54199 269.92899 269.00000 268.52701 268.11200 270.51199 270.54999 267.30099 266.81400 266.12399 265.52200 263.81000 263.03000 258.70599
286.03201 285.41599 284.49500 285.75900 286.30200 287.55200 285.66699 288.20801 289.65601 291.78299 291.43201 285.06100 279.72501 277.52499 278.50699 277.96799 280.45901 284.47400 292.05899 294.61801 293.98001 286.31000 281.00500 271.44800 261.50299 262.81400 263.55200 259.19601 259.62500 259.59698 259.66299 259.38501 261.33200 263.60901 267.24200 266.75201 263.51401 261.16199 258.91599 256.33499 257.36600 260.74399 261.37000 258.20999 260.12299 266.29300 267.87399 271.06400 271.99100 278.87399 281.17801 281.35901 278.16400 277.72400 277.61801 275.55301 274.17499 274.02802 271.51599 272.22900 273.21201 273.31699 269.11099 266.92700 268.33499 267.09399 264.96899 263.90799 263.52899 261.48700
289.59698 288.44901 287.70001 287.03699 287.16000 288.10699 288.06400 287.99701 288.99500 291.42099 290.66599 286.54501 284.41901 284.27499 281.15500 275.99100 274.42200 273.42801 276.34500 274.96600 280.99200 277.96799 280.57501 277.49600 264.48300 262.40500 259.61700 256.95499 257.50699 253.87700 256.87399 257.35199 257.33099 253.78600 254.03700 255.03999 253.93401 253.00101 252.92500 252.59300 250.66400 252.84100 255.02200 253.00900 253.46001 257.04001 257.06201 257.75400 258.84500 261.45401 267.43500 276.76700 281.64099 280.26700 280.32700 280.97699 277.22000 275.45099 275.95200 274.84201 273.34601 274.32401 273.14499 270.61700 267.76999 266.99799 265.35901 266.47501 267.63400 267.58301
290.89801 288.82800 288.76099 288.31601 288.10999 287.49200 286.67899 283.68799 283.34500 285.00800 287.38199 286.65701 287.50800 288.88699 286.90799 284.44699 280.57401 273.22198 276.16599 277.64001 275.44501 278.94800 276.56601 272.76901 273.38300 268.09000 270.29401 261.97501 260.05301 257.68500 258.09100 258.89999 262.64401 261.67999 263.39600 259.68301 260.15900 257.31699 256.89001 258.55899 255.37300 256.69000 256.79800 255.65199 254.88300 259.76099 259.76999 260.72601 260.64999 262.99200 268.12701 273.51501 278.52301 280.14700 282.23700 284.45700 279.07101 274.46600 277.08801 277.28799 276.02802 276.39301 275.51199 273.31699 271.60699 271.11899 270.24399 268.83401 267.60599 270.47000
290.34500 289.09799 288.02499 283.23700 277.97101 273.12201 271.48300 272.22000 263.66299 260.57800 259.80899 264.84201 273.11200 278.32001 273.18600 279.70801 282.48499 284.21701 284.20001 282.81201 279.32501 283.88699 277.72900 274.20901 272.11099 270.91199 272.20599 270.41199 271.78201 275.04901 272.84000 272.67300 276.34500 275.99100 270.98599 269.72101 268.66501 269.65302 269.53400 262.88000 262.49701 260.89899 260.09601 260.96899 262.13101 260.55099 261.19199 261.12100 265.93399 265.31900 263.89600 267.78299 273.95700 277.07101 280.42499 282.66901 283.57999 282.77701 279.06699 278.76999 278.89899 277.77100 277.00400 276.75400 274.63199 273.41699 271.15302 270.83701 272.43900 272.18500
283.61700 277.56699 262.61301 257.21701 258.56601 257.88901 259.38699 261.24500 264.63000 268.00601 266.15900 264.59100 263.74200 265.99200 255.46600 258.48901 262.76001 269.48199 278.04300 281.10699 280.36401 285.03201 279.99600 275.09299 274.95599 272.97900 276.09698 270.68701 272.73401 275.18701 277.73801 276.69101 277.60101 273.39899 270.52100 268.89999 271.63501 264.78601 264.15701 266.33499 266.30600 262.70700 261.85400 264.22800 262.79700 262.01401 265.01999 265.12299 263.73099 260.35999 262.35699 269.07800 273.23499 274.57599 276.59399 278.38901 281.40100 285.88901 282.07599 280.91199 280.77802 281.33600 280.08200 279.41000 277.83701 278.01901 277.10699 276.44501 275.72601 275.28101
261.97400 260.44299 254.15700 267.20700 278.72299 275.81799 268.39401 268.56799 267.65701 267.81299 271.21399 271.95300 271.54501 272.02100 271.89499 274.15900 273.66101 275.92401 273.89401 280.93301 289.22601 286.79901 284.58401 283.09698 278.08701 273.07599 274.48901 266.74399 265.06000 275.82599 278.43201 275.55801 278.32199 279.83801 276.54999 273.82300 268.42801 264.36200 266.02301 267.43799 264.88901 265.29099 267.98300 265.49301 266.31201 263.62799 265.92300 264.49399 263.90100 262.00400 259.72601 263.01999 262.21399 266.98700 268.72900 278.73599 283.75800 286.43799 289.60001 285.63101 285.00800 286.21301 285.63599 284.15900 283.19800 281.81400 280.60599 279.32401 278.13199 278.39401
270.24600 283.03201 283.68500 286.44101 289.27100 281.47299 267.91501 261.57700 261.39401 263.10001 267.17300 272.19800 273.87100 275.83099 279.14700 277.31000 258.65601 258.18900 261.35501 263.83600 270.79700 272.30499 272.07300 280.54800 282.67999 281.32700 276.54199 272.39301 270.32599 272.00000 269.84900 272.05600 277.35599 277.48001 274.34299 273.83701 267.33701 264.82501 263.79001 269.90500 267.65601 269.30899 271.08099 271.53101 269.38800 269.58401 263.14401 267.47198 264.54999 265.65701 266.15900 262.79099 262.84399 265.29999 268.71399 275.88599 280.50299 285.09799 292.17899 289.76199 289.63901 290.43600 289.53000 284.07901 279.00900 277.44699 276.71399 276.10199 278.48499 281.10400
265.57101 277.27301 287.03101 290.35199 290.20499 287.44800 281.00699 273.48001 270.51599 273.61499 272.76099 271.52100 272.73499 274.10400 276.38901 277.77701 272.70999 251.50700 246.11099 252.40601 259.26801 261.57901 264.80701 265.59601 268.46799 273.02899 270.45599 265.97198 264.31201 267.85800 272.06400 270.16699 273.16101 272.60901 273.63501 275.95499 271.23199 268.04800 266.07001 266.06299 268.02600 271.06100 273.13800 270.16299 268.27301 273.11200 268.73999 268.77499 270.40500 267.46701 267.03500 270.47501 275.81100 273.50900 272.90201 272.13300 276.65900 277.61200 285.95599 290.91901 289.08701 292.30301 292.76999 291.79599 290.09201 286.09201 284.89301 284.54501 284.26901 284.35699
