data/hydroclimate-scenarios/BCSD_hadcm_B1/monthly_summaries/olr_monthly_avg_dec.2030-2059.asc
ncols	311
nrows	91
xllcenter	102.75
yllcenter	31.75
cellsize	0.5
NODATA_value	-9999
[rows 0 to 30 of 91, columns 210 to 279 of 311]
-9999 -9999 -9999 -9999 -9999 -9999 -9999 -9999 -9999 -9999 -9999 -9999 -9999 -9999 -9999 -9999 -9999 -9999 -9999 -9999 -9999 -9999 -9999 -9999 -9999 -9999 -9999 -9999 -9999 -9999 -9999 -9999 -9999 -9999 -9999 -9999 -9999 -9999 -9999 -9999 -9999 -9999 -9999 -9999 -9999 -9999 -9999 -9999 -9999 -9999 -9999 -9999 -9999 -9999 -9999 -9999 -9999 -9999 -9999 -9999 -9999 -9999 -9999 -9999 -9999 -9999 -9999 -9999 -9999 -9999
-9999 -9999 -9999 -9999 -9999 -9999 -9999 -9999 -9999 -9999 -9999 -9999 -9999 -9999 -9999 -9999 -9999 -9999 -9999 -9999 -9999 -9999 -9999 -9999 -9999 -9999 -9999 -9999 -9999 -9999 -9999 -9999 -9999 -9999 -9999 -9999 -9999 -9999 -9999 -9999 -9999 -9999 -9999 -9999 -9999 -9999 -9999 -9999 -9999 -9999 -9999 -9999 -9999 -9999 -9999 -9999 -9999 -9999 -9999 -9999 -9999 -9999 -9999 -9999 -9999 -9999 -9999 -9999 -9999 -9999
-9999 -9999 -9999 -9999 -9999 -9999 -9999 -9999 -9999 -9999 -9999 -9999 -9999 -9999 -9999 -9999 -9999 -9999 -9999 -9999 -9999 -9999 -9999 -9999 -9999 -9999 -9999 -9999 -9999 -9999 -9999 -9999 -9999 -9999 -9999 -9999 -9999 -9999 -9999 -9999 -9999 -9999 -9999 -9999 -9999 -9999 -9999 -9999 -9999 -9999 -9999 -9999 -9999 -9999 -9999 -9999 -9999 -9999 -9999 -9999 -9999 -9999 -9999 -9999 -9999 -9999 -9999 -9999 -9999 -9999
-9999 -9999 -9999 -9999 -9999 -9999 -9999 -9999 -9999 -9999 -9999 -9999 -9999 -9999 -9999 -9999 -9999 -9999 -9999 -9999 -9999 -9999 -9999 -9999 -9999 -9999 -9999 -9999 -9999 -9999 -9999 -9999 -9999 -9999 -9999 -9999 -9999 -9999 -9999 -9999 -9999 -9999 -9999 -9999 -9999 -9999 -9999 -9999 -9999 -9999 -9999 -9999 -9999 -9999 -9999 -9999 -9999 -9999 -9999 -9999 -9999 -9999 -9999 -9999 -9999 -9999 -9999 -9999 -9999 -9999
-9999 -9999 -9999 -9999 -9999 -9999 -9999 -9999 -9999 -9999 -9999 -9999 -9999 -9999 -9999 -9999 -9999 -9999 -9999 -9999 -9999 -9999 -9999 -9999 -9999 -9999 -9999 -9999 -9999 -9999 -9999 -9999 -9999 -9999 -9999 -9999 -9999 -9999 -9999 -9999 -9999 -9999 -9999 -9999 -9999 -9999 -9999 -9999 -9999 -9999 -9999 -9999 -9999 -9999 -9999 -9999 -9999 -9999 -9999 -9999 -9999 -9999 -9999 -9999 -9999 -9999 -9999 -9999 -9999 -9999
-9999 -9999 -9999 -9999 -9999 -9999 -9999 -9999 -9999 -9999 -9999 -9999 -9999 -9999 -9999 -9999 -9999 -9999 -9999 -9999 -9999 -9999 -9999 -9999 -9999 -9999 -9999 -9999 -9999 -9999 -9999 -9999 -9999 -9999 -9999 -9999 -9999 -9999 -9999 -9999 -9999 -9999 -9999 -9999 -9999 -9999 -9999 -9999 -9999 -9999 -9999 -9999 -9999 -9999 -9999 -9999 -9999 -9999 -9999 -9999 -9999 -9999 -9999 -9999 -9999 -9999 -9999 -9999 -9999 -9999
-9999 -9999 -9999 -9999 -9999 -9999 -9999 -9999 -9999 -9999 -9999 -9999 -9999 -9999 -9999 -9999 -9999 -9999 -9999 -9999 -9999 -9999 -9999 -9999 -9999 -9999 -9999 -9999 -9999 -9999 -9999 -9999 -9999 -9999 -9999 -9999 -9999 -9999 -9999 -9999 -9999 -9999 -9999 -9999 -9999 -9999 -9999 -9999 -9999 -9999 -9999 -9999 -9999 -9999 -9999 -9999 -9999 -9999 -9999 -9999 -9999 -9999 -9999 -9999 -9999 -9999 -9999 -9999 -9999 -9999
-9999 -9999 -9999 -9999 -9999 -9999 -9999 -9999 -9999 -9999 -9999 -9999 -9999 -9999 -9999 -9999 -9999 -9999 -9999 -9999 -9999 -9999 -9999 -9999 -9999 -9999 -9999 -9999 -9999 -9999 -9999 -9999 -9999 -9999 -9999 -9999 -9999 -9999 -9999 -9999 -9999 -9999 -9999 -9999 -9999 -9999 -9999 -9999 -9999 -9999 -9999 -9999 -9999 -9999 -9999 -9999 -9999 -9999 -9999 -9999 -9999 -9999 -9999 -9999 -9999 -9999 -9999 -9999 -9999 -9999
-9999 -9999 -9999 -9999 -9999 -9999 -9999 -9999 -9999 -9999 -9999 -9999 -9999 -9999 -9999 -9999 -9999 -9999 -9999 -9999 -9999 -9999 -9999 -9999 -9999 -9999 -9999 -9999 -9999 -9999 -9999 -9999 -9999 -9999 -9999 -9999 -9999 -9999 -9999 -9999 -9999 -9999 -9999 -9999 -9999 -9999 -9999 -9999 -9999 -9999 -9999 -9999 -9999 -9999 -9999 -9999 -9999 -9999 -9999 -9999 -9999 -9999 -9999 -9999 -9999 -9999 -9999 -9999 -9999 -9999
-9999 -9999 -9999 -9999 -9999 -9999 -9999 -9999 -9999 -9999 -9999 -9999 -9999 -9999 -9999 -9999 -9999 -9999 -9999 -9999 -9999 -9999 -9999 -9999 -9999 -9999 -9999 -9999 -9999 -9999 -9999 -9999 -9999 -9999 -9999 -9999 -9999 -9999 -9999 -9999 -9999 -9999 -9999 -9999 -9999 -9999 -9999 -9999 -9999 -9999 -9999 -9999 -9999 -9999 -9999 -9999 -9999 -9999 -9999 -9999 -9999 -9999 -9999 -9999 -9999 -9999 -9999 -9999 -9999 -9999
-9999 -9999 -9999 -9999 -9999 -9999 -9999 -9999 -9999 -9999 -9999 -9999 -9999 -9999 -9999 -9999 -9999 -9999 -9999 -9999 -9999 -9999 -9999 -9999 -9999 -9999 -9999 -9999 -9999 -9999 -9999 -9999 -9999 -9999 -9999 -9999 -9999 -9999 -9999 -9999 -9999 -9999 -9999 -9999 -9999 -9999 -9999 -9999 -9999 -9999 -9999 -9999 -9999 -9999 -9999 -9999 -9999 -9999 -9999 -9999 -9999 -9999 -9999 -9999 -9999 -9999 -9999 -9999 -9999 -9999
-9999 -9999 -9999 -9999 -9999 -9999 -9999 -9999 -9999 -9999 -9999 -9999 -9999 -9999 -9999 -9999 -9999 -9999 -9999 -9999 -9999 -9999 -9999 -9999 -9999 -9999 -9999 -9999 -9999 -9999 -9999 -9999 -9999 -9999 -9999 -9999 -9999 -9999 -9999 -9999 -9999 -9999 -9999 -9999 -9999 -9999 -9999 -9999 -9999 -9999 -9999 -9999 -9999 -9999 -9999 -9999 -9999 -9999 -9999 -9999 -9999 -9999 -9999 -9999 -9999 -9999 -9999 -9999 -9999 -9999
-9999 -9999 -9999 -9999 -9999 -9999 -9999 -9999 -9999 -9999 -9999 -9999 -9999 -9999 -9999 -9999 -9999 -9999 -9999 -9999 -9999 -9999 -9999 -9999 -9999 -9999 -9999 -9999 -9999 -9999 -9999 -9999 -9999 -9999 -9999 -9999 -9999 -9999 -9999 -9999 -9999 -9999 -9999 -9999 -9999 -9999 -9999 -9999 -9999 -9999 -9999 -9999 -9999 -9999 -9999 -9999 -9999 -9999 -9999 -9999 -9999 -9999 -9999 -9999 -9999 -9999 -9999 -9999 -9999 -9999
175.70100 177.31799 178.21100 179.50400 179.92999 180.87199 181.45300 181.17500 181.69400 -9999 -9999 -9999 -9999 -9999 -9999 -9999 -9999 -9999 -9999 -9999 -9999 -9999 -9999 -9999 -9999 -9999 -9999 -9999 -9999 -9999 -9999 -9999 -9999 -9999 -9999 -9999 -9999 -9999 -9999 -9999 -9999 -9999 -9999 -9999 -9999 -9999 -9999 -9999 -9999 -9999 183.80600 -9999 -9999 -9999 -9999 -9999 -9999 -9999 -9999 -9999 -9999 -9999 -9999 -9999 -9999 -9999 -9999 -9999 -9999 -9999
169.89999 171.04800 171.16600 173.34200 174.92500 175.26300 177.01300 178.20100 178.91701 189.87900 190.92101 179.68401 180.73599 180.96700 180.95599 181.04700 193.29500 192.32500 192.14999 192.40199 193.19901 199.70200 -9999 -9999 -9999 -9999 -9999 -9999 -9999 -9999 -9999 -9999 -9999 -9999 -9999 -9999 -9999 -9999 -9999 -9999 -9999 -9999 -9999 -9999 -9999 180.36800 182.84200 181.41800 176.85201 176.38000 181.31100 183.60899 -9999 -9999 -9999 184.66100 -9999 -9999 -9999 183.81599 184.39600 186.89200 -9999 -9999 -9999 -9999 -9999 -9999 -9999 -9999
170.19099 170.59801 170.78101 171.50900 172.56400 173.05400 174.42700 175.66800 177.17300 176.93800 177.68700 178.05800 177.98000 177.43201 175.35400 175.62900 173.76900 172.38100 174.71201 175.88600 176.81400 177.32500 177.30499 177.89900 176.73900 178.49600 182.28900 182.64700 -9999 -9999 -9999 -9999 -9999 179.43700 179.02499 178.83701 179.89400 181.73700 183.59700 184.05400 183.89600 183.37900 183.61000 183.17700 182.92300 175.12601 176.83200 174.44600 175.17599 174.15401 174.17300 182.62500 182.06000 183.86000 184.28300 183.24100 184.00200 183.56599 182.93600 182.21899 181.73100 182.31400 182.72900 183.85500 184.77499 182.13699 181.98399 -9999 -9999 -9999
172.39500 173.53600 174.30800 174.94800 176.14101 176.43500 174.95000 174.96600 175.68900 175.74400 175.15300 175.42999 175.49100 173.79100 172.46100 172.28799 169.85600 173.21700 173.74800 176.64700 178.42700 178.31900 179.46201 177.73399 176.05701 177.94800 175.61200 178.88901 178.94800 180.38100 181.78400 179.95599 179.65401 179.24400 179.49699 178.37700 178.30499 178.20300 179.70300 179.41800 180.41200 179.81100 180.61301 180.34801 180.68600 179.37900 179.75400 180.64600 180.72701 180.75800 180.98300 181.02600 181.72400 181.76500 181.70000 182.73599 182.71600 181.77299 182.23599 183.33000 184.38800 185.43900 185.96700 185.60699 185.28000 181.80099 179.20900 178.51500 178.31500 178.69200
175.20700 176.14101 176.01300 172.56799 172.95399 174.10300 174.24200 175.14900 174.89500 176.52400 177.42300 177.61800 177.23599 177.73399 178.28900 179.38901 182.77000 185.91400 186.25999 185.18500 185.66901 182.34500 181.48801 179.64900 178.97301 185.78600 184.11800 178.25700 176.83701 175.65800 174.99899 173.19099 172.52800 174.91200 177.14600 176.69200 176.88200 176.46201 176.34599 176.61900 177.37601 177.19501 178.11900 178.05499 178.02200 177.62300 178.34000 179.32500 179.38800 178.77200 179.74500 180.29800 180.42200 180.51100 180.90900 181.31799 181.61099 181.75200 182.38200 183.49200 183.89500 184.99300 185.72501 184.67999 184.28200 180.20300 179.20399 179.25999 178.76801 178.73000
176.63499 176.01100 176.47800 178.72501 181.14500 178.10600 176.91200 176.16100 177.58701 179.44400 180.13000 182.64301 182.65800 184.28799 187.55000 192.94099 191.85600 192.50600 192.32300 189.13800 186.45599 182.08600 180.80701 180.04300 185.82500 186.83299 185.56500 180.77901 178.73700 176.06799 173.00700 170.59900 170.26900 172.27100 174.91100 174.92200 175.19000 175.30299 175.64000 175.67999 176.23300 176.68100 175.87601 175.77100 175.42200 176.49699 176.19400 176.61800 176.80400 176.91000 177.37000 178.25200 179.17300 180.35699 180.93300 180.69299 181.43600 182.73300 182.82201 184.44400 183.72301 186.59700 186.48700 185.66400 184.53600 181.05600 180.97800 179.57300 179.13000 179.23900
177.95100 179.90700 179.77901 182.04900 183.13699 184.02901 183.32300 183.52100 184.89500 185.27901 183.53900 189.42400 188.60800 186.77299 185.52200 184.82800 182.32001 184.56599 185.47800 187.98300 188.84399 194.00200 192.27400 187.53500 185.71201 183.92200 182.54100 177.42200 177.77800 176.99001 176.50800 174.85300 170.72000 172.21899 173.17700 174.91200 175.44299 175.50500 176.25999 175.55901 176.45300 175.42200 175.22900 175.22000 175.21001 173.97301 174.09300 174.95500 175.14700 175.82300 176.66000 177.53000 178.56400 179.81700 179.87700 180.33299 181.35201 182.26700 182.75500 182.90500 183.56100 185.09200 185.50000 184.80600 184.06500 181.86301 181.80901 179.55701 179.26199 180.00400
179.78900 184.60899 184.99200 181.52901 180.29500 184.17101 191.44701 193.95000 194.41901 190.28400 186.73300 183.44000 182.11600 178.63499 176.08900 175.50900 174.20599 174.46600 177.50500 181.70900 184.59399 188.57300 185.66800 181.00101 176.86200 179.14301 177.19600 175.82500 176.58099 176.80200 176.31799 175.45200 173.03101 171.69000 175.14900 175.60600 176.26801 176.75000 177.04100 177.36501 177.37300 176.80400 176.84801 176.82100 176.59801 174.98599 174.90199 174.27400 175.20900 176.13499 176.62801 178.52800 178.65500 178.81300 179.64999 180.11301 181.21800 181.16400 181.40800 183.48199 182.71201 187.09801 187.30701 185.60400 185.23300 182.67500 182.34000 181.27499 181.01100 180.70100
184.37199 186.93700 184.73801 179.92101 179.65199 179.46600 181.27901 183.29100 182.87300 180.97000 180.21300 177.75500 176.15300 176.99300 177.00400 176.54700 178.30000 181.77699 186.89301 191.57300 190.87300 189.89200 187.25101 180.23000 175.64999 172.37601 171.77100 175.47600 177.21700 176.86900 175.99500 174.92900 173.62601 171.44200 173.99699 174.66701 176.59700 177.87199 177.63901 177.58900 178.03300 177.61700 177.80901 177.36400 176.72800 176.24200 175.27699 174.74699 175.14400 176.41200 177.16701 178.20100 178.84900 178.76700 179.62000 181.00400 181.25400 181.11000 182.74300 182.97701 182.68300 186.12500 186.61800 185.59200 184.91100 182.17700 181.56599 180.49400 181.10800 180.08099
191.91299 189.68201 186.21201 181.91499 178.42500 174.95300 174.71400 179.96600 190.20399 197.67999 199.90800 198.29201 198.50400 205.95000 203.33000 197.10699 189.97701 188.02800 192.38400 195.55600 193.56500 191.44400 189.16000 181.03700 175.97099 173.50000 172.46400 170.62700 174.36099 172.44299 171.98599 174.92799 175.14799 173.46600 175.27299 175.59300 174.95700 175.80901 176.03900 174.62199 174.46300 175.99899 176.77499 176.30200 177.53700 177.14400 177.15300 176.65900 176.56500 177.81000 177.37100 178.31300 178.52100 179.27400 179.95500 180.24001 180.49500 181.39000 181.06300 181.12100 181.11200 182.22701 181.76900 181.85500 181.98700 181.09200 181.20000 180.81700 180.34599 178.63200
192.89700 192.34900 189.91400 190.93600 195.34700 193.45799 191.04401 192.77100 199.85899 205.80200 208.75900 208.95700 206.92799 207.45599 204.25301 204.39101 199.10201 194.81100 188.97400 187.86099 188.56900 191.77901 189.01801 181.89200 175.99800 174.62300 173.89700 172.91901 172.33701 171.01500 170.66400 171.93700 172.39799 172.86600 174.02400 174.06900 173.50200 172.44501 172.35800 170.34801 171.08800 173.13100 173.61900 172.30499 173.45399 174.73300 174.57201 175.74001 175.69600 178.85300 179.56799 179.68401 179.22800 180.63499 181.23199 180.10600 180.35600 180.88400 180.69701 180.63800 181.97900 181.30901 179.75000 179.60800 180.62199 179.83400 179.32401 178.69701 178.99300 179.03200
200.11600 197.26700 196.72900 193.79500 193.44000 191.74699 192.95000 194.64400 196.11700 194.25200 193.66100 199.61800 200.95200 204.37500 207.44299 208.91100 209.24899 207.94299 199.72301 193.62700 191.85201 187.00999 190.85300 191.33400 176.53600 174.59000 172.29401 171.17500 170.07001 168.13400 168.00700 168.42700 170.05299 167.48000 167.92500 171.61000 168.35300 167.60600 168.14500 168.45100 168.15601 170.76601 172.26401 171.27600 172.13000 173.18600 172.75200 173.82300 174.28600 175.16200 177.17500 179.59300 180.94901 180.98399 181.67700 181.51300 179.90401 179.57300 179.45399 179.38300 179.35100 179.58600 179.63000 178.99899 177.98100 177.35500 178.25400 179.16600 180.11200 180.90800
204.33800 204.98100 201.28200 198.19600 200.79401 198.79401 199.82500 199.88600 200.43900 201.65100 201.76601 200.02600 199.80701 210.62801 212.91100 217.07600 205.03799 202.85001 197.80200 192.33900 186.83099 185.89200 186.74200 185.69501 187.65500 177.24200 178.42799 174.76100 170.62601 169.14101 168.58400 168.93900 172.90500 174.03799 175.82201 175.68500 176.25500 171.38400 173.68201 174.37399 173.26300 173.96100 174.68600 174.18700 174.55600 176.12199 175.78200 177.10300 177.45200 177.59599 179.13200 180.29900 181.27400 181.82800 181.81900 182.14700 179.43300 176.96800 178.27000 178.71899 178.36000 179.11800 179.20000 178.74300 178.36099 178.40199 178.80701 179.00301 178.81100 180.16200
195.60800 198.53900 202.12300 206.04800 210.78101 207.92500 206.41701 206.37000 203.59700 201.17101 198.64000 196.43500 199.69501 202.86400 201.34000 197.71800 196.93500 197.91901 199.85001 195.32001 190.45900 188.60001 182.96400 182.97900 182.76401 181.98801 181.10699 180.31500 178.36000 177.91100 176.76801 175.82001 178.64301 180.56799 179.91100 180.83400 181.16701 182.22200 182.44000 179.21400 179.60800 178.48100 178.92599 178.63200 179.03799 179.50900 179.86501 179.76500 181.29900 181.62000 180.18300 180.05901 181.03000 180.93401 181.25999 180.38499 179.83299 179.08501 176.94600 177.57800 177.96700 179.11301 179.48700 179.90500 179.19000 179.91000 180.22200 179.94800 181.19000 180.53400
203.57899 210.28500 208.50600 206.62500 207.89000 203.33800 203.35800 205.77100 203.02499 201.91499 199.99699 198.42900 199.62199 203.01801 198.97000 200.86301 198.34100 193.60201 188.39301 186.83800 187.51801 190.92400 187.64999 185.47900 185.41600 184.24899 183.72000 180.53900 179.61800 178.15601 178.33800 178.59000 180.69901 181.45700 181.98100 183.02800 184.85201 183.12500 182.96201 182.91800 183.17000 181.97600 181.98399 182.07100 182.28500 181.93800 183.81400 184.69000 184.13300 183.03900 182.52400 182.91600 183.05099 181.73100 180.82300 180.02299 179.46001 179.54401 177.25500 177.75000 177.88901 179.08400 179.17999 179.23000 179.04900 180.53700 180.91299 181.12399 181.33200 181.17799
205.11099 207.32800 208.14301 212.45200 219.11301 214.72900 210.81500 206.52800 202.23100 199.06100 197.91400 199.19800 198.65900 197.17799 198.00301 199.65800 201.96600 204.32201 205.12900 199.61099 189.66701 197.59000 195.59801 192.17000 188.89799 191.32201 189.51199 183.94600 176.57700 184.38499 185.39400 184.15300 187.42900 188.37500 189.42599 188.21001 185.88901 186.07800 186.74500 188.08200 186.54800 185.72800 186.72900 185.63499 186.07300 185.20500 186.98500 188.13699 188.54601 186.94200 185.24800 184.67200 182.54800 182.08600 180.87801 180.65900 180.23399 179.56100 179.89999 179.00900 178.63800 179.72800 180.33400 180.99300 180.36800 181.28101 181.52100 181.54800 181.62601 181.32401
214.55200 221.91400 221.73500 221.97200 221.41299 210.44800 209.73399 201.10201 199.49001 197.27600 194.69901 194.95100 195.82201 195.37801 195.31500 204.40900 200.36600 198.28999 200.98500 197.58299 200.04900 193.88901 193.29100 195.47301 194.75800 198.29401 192.82600 190.14700 186.49899 185.72501 185.25200 186.24899 190.95399 190.71001 191.56300 191.65800 189.18700 189.43800 188.87801 192.04100 190.20100 189.88800 190.25900 189.56300 189.29401 188.98000 187.88499 191.43500 191.06599 190.78999 189.29800 186.51100 185.37900 184.08200 183.50600 181.91901 180.87601 180.36700 180.94800 180.64400 180.14500 181.31900 180.95599 180.42400 179.29201 179.93700 180.09900 180.19400 181.17799 182.31599
213.69600 225.28300 221.30200 219.48801 215.47400 223.19200 223.67300 214.76300 208.11400 205.11600 200.05499 199.74300 200.76300 199.23900 195.98599 205.60600 210.10600 203.16200 198.60899 196.82899 199.50900 192.95900 194.03000 193.23000 193.32401 194.61000 190.54201 187.97600 185.84801 186.28600 188.40601 186.48000 190.45300 192.44299 194.68401 196.82001 194.64600 195.31000 193.36000 193.23801 193.80400 193.63000 193.93800 193.13400 192.43500 194.12700 193.48399 196.63200 197.67101 197.46400 195.54700 193.96001 193.96899 190.14301 188.64400 185.72501 184.36700 182.17700 182.29401 182.40100 181.50900 183.06400 183.49400 184.05499 184.52901 183.30400 183.62199 183.83299 183.50900 183.17599
