data/hydroclimate-scenarios/BCSD_hadcm_B1/monthly_summaries/olr_monthly_avg_sep.2030-2059.asc
ncols	311
nrows	91
xllcenter	102.75
yllcenter	31.75
cellsize	0.5
NODATA_value	-9999
[rows 31 to 61 of 91, columns 0 to 69 of 311]
-9999 -9999 -9999 -9999 -9999 -9999 -9999 -9999 -9999 -9999 -9999 288.73999 288.82800 288.98099 290.01700 285.18600 283.90799 284.10400 284.68100 284.87399 285.92001 285.35999 287.10800 287.32599 287.95599 288.19800 288.06400 287.75601 289.86401 289.01599 288.44299 289.02600 289.21301 290.06900 288.88901 290.68399 291.89899 288.04501 285.45200 287.89499 288.72400 288.30801 288.36801 288.08301 289.20099 289.02899 290.77100 292.43301 293.01901 292.76199 292.17401 292.85800 292.73801 291.66501 290.47101 289.44601 289.29700 289.08600 288.15399 288.09000 287.69800 287.27499 287.77399 288.55499 288.89301 289.06000 285.61200 283.48199 275.50601 268.30701
-9999 -9999 -9999 -9999 -9999 -9999 -9999 -9999 -9999 -9999 -9999 287.50400 287.12100 287.78601 287.42801 285.17999 285.29501 285.77200 285.88000 286.50800 286.12399 287.97101 291.09299 290.08701 290.98999 290.72900 289.26700 290.25601 290.01401 290.10400 288.28799 288.72800 289.58099 290.01001 287.40799 291.20001 291.48499 292.26901 291.47699 290.83600 290.68399 291.99500 293.00500 291.53699 291.04199 291.42599 291.13300 288.77100 288.18201 287.96701 288.42099 288.62601 288.49799 287.73599 288.96399 289.84000 289.44299 289.75400 290.11600 289.30701 289.14099 289.06299 290.24399 290.61401 292.13699 293.70099 289.75500 284.88699 278.42999 273.10199
-9999 -9999 -9999 -9999 -9999 -9999 -9999 -9999 -9999 -9999 -9999 287.78799 286.49200 287.01599 286.35300 286.36301 286.51401 287.50201 288.49100 288.38000 288.71600 290.85901 292.40302 291.21201 288.59500 287.05701 285.82700 287.14301 289.98901 292.82001 289.90601 289.88800 289.88000 290.49100 290.60599 291.83301 292.14899 291.85501 290.84100 286.83701 290.86499 288.34100 291.18301 291.15201 289.89999 288.89301 287.95499 287.68900 286.71899 286.88300 286.93500 289.23700 289.07001 290.53201 291.59698 291.46701 290.61499 290.01300 290.49500 289.67300 290.29501 290.26801 292.53201 293.47900 293.49799 291.48801 289.84399 286.76300 283.24200 278.15302
-9999 -9999 -9999 -9999 -9999 -9999 -9999 -9999 -9999 -9999 -9999 -9999 288.31400 288.32501 288.49100 289.02600 289.53699 289.92599 291.52200 293.20901 293.37799 291.93900 289.17200 286.68799 285.53400 278.57001 280.01401 279.07001 285.11301 287.20099 288.70901 291.14401 290.72800 290.33600 289.95599 290.34500 289.96399 291.57501 290.23099 287.79501 288.10699 288.48300 288.35599 293.33600 291.75400 290.19800 291.79999 291.92599 291.97198 292.02301 292.85999 291.37000 290.71899 291.38000 290.54401 291.03201 291.83301 292.08099 291.47299 293.04599 294.08200 293.41101 292.04001 291.27701 292.57800 291.46600 291.95300 286.92999 277.20801 274.52499
-9999 -9999 -9999 -9999 -9999 -9999 -9999 -9999 -9999 -9999 -9999 -9999 289.20700 289.71100 289.82401 290.83600 292.72299 292.77100 293.48901 292.92099 293.21399 285.13599 282.75400 280.54700 275.85999 279.51700 281.22400 276.47000 281.96899 281.74899 282.55099 283.20499 289.92200 291.21500 290.66199 291.40399 290.15701 292.13501 292.41501 289.37799 289.32101 287.26099 288.02399 291.43100 293.94501 294.17401 295.27600 293.66800 292.77899 290.33600 289.77600 291.34100 290.94000 291.40100 292.67401 293.51001 294.30701 294.76001 294.64700 295.12900 294.25900 288.91501 288.53900 288.16901 290.66501 293.91299 290.05499 288.22299 283.63501 282.47400
-9999 -9999 -9999 -9999 -9999 -9999 -9999 -9999 -9999 -9999 -9999 -9999 290.36301 292.61801 292.44800 292.45801 292.56500 292.31601 290.84500 289.03400 288.04901 283.46701 282.16199 278.93100 278.82001 276.79199 279.37900 284.02200 281.78000 285.15399 286.91199 289.97400 287.87299 286.75800 291.16699 293.64999 293.41800 292.75000 293.34299 291.41101 286.83499 283.82800 287.72900 290.48901 291.84900 291.63699 292.17499 287.94699 289.47299 293.10501 293.12100 292.80399 294.23001 292.70200 294.43900 295.33301 295.11801 294.72400 293.20700 291.97000 292.47101 288.43900 289.99100 292.79700 291.42801 290.50601 289.58401 289.35101 283.79599 285.67001
-9999 -9999 -9999 290.58600 290.68100 289.86801 290.85800 291.28500 290.24100 -9999 290.78900 291.54501 293.56601 294.04300 294.42200 292.89899 291.51999 292.45099 287.85001 286.30399 286.90100 285.67200 283.99200 283.13101 281.42999 281.84299 284.39499 278.95599 279.56299 273.94400 281.91501 286.53400 283.27399 276.39301 284.01999 287.47501 286.52802 286.26199 288.76401 290.73801 290.15100 286.53500 288.95499 290.69299 288.63101 285.62601 280.92001 288.67300 289.14999 289.59100 288.04999 287.14700 284.89700 279.82700 283.53900 278.62201 276.31201 289.33600 284.43900 291.02301 293.20599 290.11700 290.22101 289.54700 292.05301 292.35599 289.82599 287.59299 289.10300 287.90900
-9999 -9999 -9999 292.61200 292.09900 291.47000 290.00699 291.62399 292.57700 292.54700 294.96799 295.81500 293.27899 292.45700 289.54099 286.45300 284.62500 285.17300 283.59500 284.41199 286.14999 282.76401 286.85300 288.31100 283.82101 284.16901 281.61401 279.71500 276.22800 271.34399 277.56100 277.04401 278.19901 274.54300 277.56000 279.02399 279.76001 275.70999 284.50101 280.16000 280.36700 285.53299 288.33499 286.52899 283.94501 278.94601 279.62500 289.20901 283.69699 282.01999 280.83401 281.80899 279.33701 278.40900 285.90500 279.81299 284.57199 285.33499 280.92700 283.72601 286.66901 285.76599 285.85001 288.68201 288.75900 294.11700 292.74600 295.35300 292.70499 291.41299
-9999 -9999 -9999 293.97601 293.52301 290.81000 290.29401 292.97900 295.00500 296.40100 295.97400 294.24799 290.75699 286.14499 279.77301 283.24399 280.85901 281.79001 285.14301 285.54001 284.26001 280.86499 283.69501 280.57001 276.26700 280.06201 279.08499 278.01999 278.90900 268.71399 262.17801 266.84698 274.06799 275.04401 272.67599 275.27899 278.46201 279.97198 281.80499 279.83200 279.60199 282.75101 286.64499 287.70700 291.07700 285.62399 284.99600 283.94101 283.54300 278.83099 276.50900 284.91699 282.53299 282.73901 285.65500 282.99301 285.86200 287.70200 283.37399 283.71500 289.19601 289.21201 292.30399 288.95099 291.78699 292.74600 292.68100 290.41599 283.81699 284.24799
-9999 -9999 -9999 293.90701 296.90701 292.27600 294.32401 292.45300 291.99200 292.04901 293.85300 294.17499 285.79700 282.05301 280.04199 280.25101 277.47601 276.21899 277.97400 280.75000 275.62799 270.88400 266.41599 270.60501 273.31900 276.69101 278.85699 278.17200 268.32700 261.50000 265.50601 278.28400 271.80399 264.24301 264.73199 269.42001 277.26801 284.00601 280.58801 283.42999 281.93900 277.48801 275.05899 281.91901 292.49701 285.75101 281.56799 287.17999 279.84201 282.59799 277.02301 282.39700 281.87299 277.74500 282.53601 282.18399 283.68301 281.66901 280.29901 282.08801 277.89001 287.16501 290.07599 290.90100 290.71301 294.03101 292.41400 288.97101 281.02399 281.54099
-9999 -9999 -9999 294.92099 297.97699 291.03900 291.68500 292.23001 289.38800 291.37601 295.89700 290.23001 282.92401 277.64301 273.19601 274.75201 272.01401 275.22400 281.91699 285.91400 278.92200 274.08899 269.79001 277.87399 279.89099 282.04800 286.34500 281.08401 272.41699 265.76001 265.17200 268.36700 265.77600 268.95200 271.68701 273.43799 274.19699 280.41199 284.19101 283.45001 279.60699 278.14001 277.14700 279.28900 285.19101 285.80701 285.72400 285.15799 283.81601 282.22000 281.01999 287.72101 283.76999 276.49301 284.62100 276.72501 284.55499 285.64200 283.30600 277.24701 281.01199 284.30499 286.84900 283.19101 284.38901 292.39401 290.12799 284.25400 281.60400 291.56100
-9999 -9999 -9999 -9999 291.02301 288.47198 289.98901 286.05301 285.54099 288.76599 294.38599 290.03601 273.91901 282.96100 -9999 -9999 -9999 -9999 -9999 269.39801 268.75500 272.32999 268.91800 264.41199 268.95801 273.67300 284.38699 279.02100 274.66501 275.57401 272.10400 271.71100 270.20401 275.17001 281.56900 283.54800 281.04999 284.93100 284.49200 285.48001 287.23999 286.47000 283.48499 280.60501 283.67801 286.81201 285.85400 280.61600 284.40701 288.13101 284.28299 282.87701 286.42801 278.46799 276.95700 273.71500 273.15302 274.63699 276.36899 281.05399 279.27899 277.89801 280.89899 284.13101 285.51999 284.26199 288.41501 295.72800 300.50400 -9999
-9999 -9999 294.84000 291.71100 290.19400 291.03900 290.27802 284.01199 288.39001 289.72900 294.54800 288.63501 274.33099 -9999 -9999 -9999 -9999 -9999 262.34799 269.46899 269.65799 276.78799 277.16199 271.15201 272.05301 274.86899 284.99200 284.09399 282.46201 281.88199 278.56299 278.06799 278.97198 278.22299 280.66101 286.88300 283.52899 285.10599 284.42599 286.55099 284.61801 286.64301 285.21100 287.17200 290.27899 290.98099 289.91000 290.48999 294.34900 298.87900 296.89899 294.46399 291.41299 293.46701 286.38300 290.43799 284.92999 278.39801 279.07401 289.38400 288.99600 289.01300 290.41800 289.47198 293.31799 295.71500 299.32700 -9999 -9999 -9999
-9999 -9999 294.98099 293.29300 294.19199 291.92499 292.37799 285.51700 287.95300 291.57001 288.73001 286.05899 286.60699 -9999 -9999 -9999 -9999 279.34100 266.79501 275.65399 274.38300 276.60101 276.32700 278.71399 283.51501 288.33401 286.82800 284.28500 284.64200 285.89001 282.29999 277.63300 281.88400 283.95700 283.23700 284.63000 285.69400 286.99399 282.30099 279.54999 284.31201 282.12399 282.15201 286.28000 285.82501 290.03400 293.83099 291.64001 301.83401 299.81699 301.36200 301.39999 301.43600 300.58401 298.70099 306.10699 301.54901 289.58401 286.81201 293.10800 296.07300 290.01801 295.86200 302.29700 308.42200 -9999 -9999 -9999 -9999 -9999
-9999 -9999 297.53900 291.56601 292.04401 290.89600 291.50201 289.52301 288.21600 289.29800 285.03400 284.10999 300.02600 -9999 -9999 -9999 -9999 270.61499 272.38699 275.46301 276.06201 280.42700 284.37201 286.96500 285.78201 287.87900 283.60699 285.96600 284.94800 285.19501 281.82401 281.81400 280.92401 281.06601 285.08301 282.86200 282.67899 282.75699 280.68900 285.59601 285.91599 289.26901 290.40601 287.06500 290.11700 287.80099 289.77399 291.05301 296.43301 299.19901 305.49701 302.18399 302.30200 300.59799 299.56900 310.23801 309.89499 299.06400 300.87399 302.57800 310.25201 311.01300 311.87000 306.22198 300.28500 297.97101 309.13901 302.63300 309.59698 -9999
-9999 -9999 -9999 293.84799 291.22501 291.04099 292.93399 294.98801 291.57599 287.32199 291.94000 296.31500 -9999 -9999 -9999 -9999 275.60901 272.73199 277.88599 279.36301 280.69000 286.24600 284.54800 286.48999 285.92599 285.26300 284.33600 283.50101 284.86200 277.60999 278.96201 283.02499 285.89200 285.75601 285.83899 287.44501 289.54901 290.67001 290.89600 292.49701 292.56299 294.13599 292.34698 294.23199 299.51199 297.37100 300.87900 303.92599 302.31500 304.34900 300.21701 302.16101 304.33499 300.36600 296.85800 298.57700 299.74899 294.91501 297.29199 304.90201 306.32199 306.52499 297.85001 282.06900 273.97400 294.59201 305.63800 306.96701 312.01901 311.83899
-9999 -9999 -9999 -9999 295.65100 293.87100 293.48401 291.89600 289.01199 295.93701 301.26700 -9999 -9999 -9999 -9999 280.98001 276.78400 280.90100 284.88901 283.72699 286.52399 288.79901 287.13800 284.59201 284.22800 288.25800 288.59900 288.72501 285.72699 285.16299 282.50900 290.17899 292.29700 291.20099 286.43900 288.87299 290.23401 292.54700 291.65100 292.75800 291.35001 293.30899 295.38300 297.78500 302.18500 301.62000 302.53900 305.30899 306.50500 307.59201 308.03299 308.08099 306.00299 304.97299 306.81400 309.39499 311.88800 300.87799 300.88699 306.24799 299.95901 294.27301 293.10699 294.11499 288.48499 295.43701 308.26700 313.52802 309.41901 311.82599
-9999 -9999 -9999 -9999 -9999 -9999 293.96799 295.04001 300.96301 301.85001 299.23599 -9999 -9999 -9999 -9999 -9999 284.89499 285.62000 287.47101 286.25500 285.60101 298.51099 286.36700 285.10699 286.39301 291.42899 293.29599 291.41400 292.20099 291.60300 289.08801 292.11499 295.02200 289.63199 290.59799 294.17700 291.25699 289.10001 293.07001 289.70001 289.57901 286.69000 288.59601 294.35300 296.18399 302.27499 305.10501 306.60300 306.72800 307.50400 309.72400 308.89600 310.13901 310.46201 310.48801 312.66299 311.34698 306.69501 304.57501 302.63101 296.83200 293.09399 291.28900 287.87601 283.25601 292.26001 306.24399 317.14301 314.53900 312.72101
-9999 -9999 -9999 -9999 -9999 -9999 -9999 -9999 -9999 -9999 -9999 -9999 -9999 -9999 -9999 -9999 -9999 -9999 -9999 287.35901 287.82700 295.63300 290.52200 290.78699 290.79300 291.89499 291.69199 297.98300 297.73499 293.64700 292.44901 295.53201 291.52399 292.05200 292.17300 293.00101 294.75201 291.54001 291.13000 287.65201 285.53900 287.85800 291.20200 294.05701 296.49701 301.88101 306.27200 307.91501 308.62799 308.50299 310.24799 312.10901 311.89899 315.39700 314.87799 313.66501 312.83401 310.81201 306.06000 302.78799 293.58801 294.79901 292.17899 286.29700 284.28500 301.79199 313.11700 320.94901 319.04800 309.68301
-9999 -9999 -9999 -9999 -9999 -9999 -9999 -9999 -9999 -9999 -9999 -9999 -9999 -9999 -9999 -9999 -9999 -9999 289.85101 290.37399 293.26999 295.95300 296.53799 295.96899 296.97299 295.67899 298.12601 297.29300 295.62399 292.85699 293.45901 291.88300 290.39899 291.62799 292.07001 294.51501 293.38599 294.72101 289.36499 287.73999 285.92599 289.98700 291.26901 291.83499 294.03799 296.43201 302.98999 308.66901 312.02899 311.47400 313.98599 313.76801 315.21301 314.58499 313.51099 317.28400 315.25699 304.33801 298.02600 302.26501 303.11600 303.93500 298.52100 294.99399 291.37701 305.18201 313.44601 319.65601 320.16501 318.45200
-9999 -9999 -9999 -9999 -9999 -9999 -9999 -9999 -9999 -9999 -9999 -9999 -9999 -9999 -9999 -9999 -9999 291.23999 290.61099 296.21701 296.24701 295.91599 296.41000 298.00400 299.95300 298.40701 299.90100 297.40900 291.96600 291.00699 290.84698 293.45099 291.98401 296.24500 297.14700 292.52701 289.25500 290.14600 291.82101 289.22601 288.31201 292.26901 291.97198 295.13501 297.41901 301.01300 304.29099 306.43301 312.53900 313.55499 316.59601 317.67401 316.79001 314.48401 314.52899 316.09399 312.75800 304.40900 301.19000 304.66101 313.11600 306.44199 291.00000 289.76700 304.22601 309.75101 311.50101 319.48599 320.64899 320.62299
-9999 -9999 -9999 -9999 -9999 -9999 -9999 -9999 -9999 -9999 -9999 -9999 -9999 -9999 -9999 -9999 -9999 290.97699 292.59299 290.07300 292.93701 295.56201 298.26901 300.64499 307.53101 302.12799 302.05099 300.98999 299.89700 295.95499 295.70999 296.36499 297.88101 301.60501 297.48401 293.08701 291.16000 291.20801 286.23901 288.38699 289.91299 293.76801 295.96201 299.36499 300.65399 310.99500 312.94901 304.91299 309.39001 316.33200 318.39999 318.96701 318.06000 317.53400 317.89401 315.59000 307.50699 307.13000 310.05899 311.54599 307.96100 301.72601 300.56900 299.07999 292.12100 300.27600 311.51700 308.38501 318.63901 322.18900
-9999 -9999 -9999 -9999 -9999 -9999 -9999 -9999 -9999 -9999 -9999 -9999 -9999 -9999 -9999 -9999 284.45200 285.52899 285.49200 288.56000 295.25101 301.63901 300.80499 305.30301 312.88300 304.79199 305.78900 309.99200 306.69901 300.05301 299.48801 300.61801 300.63901 305.07401 302.85001 298.96100 294.80099 291.79800 288.33301 293.41000 295.95099 297.73801 298.26300 303.28201 306.82300 313.62900 314.93701 306.24899 309.95200 317.29999 320.00500 319.89999 318.61899 319.12299 318.87701 317.43600 315.14899 312.69901 313.32001 308.56400 310.57300 307.31799 301.76001 292.15701 300.05899 304.47000 310.21701 315.79401 324.77301 324.94000
-9999 -9999 -9999 -9999 -9999 -9999 -9999 -9999 -9999 -9999 -9999 -9999 -9999 288.51300 284.59799 284.68500 283.22699 279.35699 284.06601 293.73300 297.30701 294.91101 300.35999 301.29199 301.21500 309.47400 309.36499 309.15302 308.71701 308.20499 307.12100 306.70901 305.23599 304.92001 303.02899 300.54599 299.60199 299.19699 296.26700 295.51401 298.13400 302.33801 305.03400 312.23599 312.63199 313.74200 314.56000 315.00601 314.56601 315.79901 316.48499 317.26901 317.33899 322.28299 323.11801 319.98199 318.84000 318.14899 317.64801 317.18799 315.23599 315.06201 313.14099 313.94800 319.30899 326.36099 327.94901 326.84799 326.90601 325.83701
-9999 -9999 -9999 -9999 -9999 -9999 -9999 -9999 -9999 -9999 -9999 -9999 291.37299 287.63699 285.33899 285.65799 286.07501 286.57101 286.61899 300.92801 297.01501 300.62701 303.40100 303.64001 303.53299 311.74301 311.13501 311.52899 309.96500 310.51700 310.48700 309.68201 308.01901 307.20099 306.81900 304.39001 302.47000 301.89600 298.65799 300.60999 301.09000 305.19901 309.18201 314.27200 315.83499 316.27701 316.46701 317.39499 317.09601 317.44299 317.61499 318.39099 318.30600 322.74500 324.61499 325.21701 322.36099 317.13400 313.88199 314.46500 314.80399 318.94901 319.61600 317.82999 323.19699 329.52701 330.08600 328.65799 327.94601 320.73401
-9999 -9999 -9999 -9999 -9999 -9999 -9999 -9999 -9999 -9999 -9999 281.10800 283.40201 283.11899 288.53699 293.35599 294.99399 295.44199 296.44000 297.23001 299.82300 305.78601 306.49100 306.03900 305.53299 304.70599 304.40100 311.86801 314.56799 314.09399 311.29700 310.52899 309.77200 308.70801 308.45801 303.12799 298.25201 298.78000 300.90500 303.25201 308.12000 309.21201 314.38699 318.38300 318.57700 318.90601 318.93399 319.41800 318.83099 318.31799 318.98401 311.16800 314.45499 315.49301 318.08499 320.18399 323.71201 319.81799 325.23099 326.09201 325.34100 330.91501 331.26199 330.53699 331.10800 332.44000 330.70300 331.26599 324.62399 317.28000
-9999 -9999 -9999 -9999 -9999 -9999 -9999 -9999 -9999 -9999 281.95901 282.50500 288.80099 286.42801 293.52399 297.52301 298.95700 298.59000 298.62799 300.07199 302.01999 307.97699 308.71201 308.34299 307.85599 307.10999 306.67001 315.74100 316.23401 314.21701 313.69800 312.30200 311.64001 310.46899 308.55099 302.36401 299.66599 301.31900 305.02899 307.69800 312.33301 317.04199 322.43201 321.69501 321.86600 321.96201 321.50900 321.33301 320.64200 321.12000 319.86499 311.59900 314.98700 315.12701 317.65500 320.49301 318.76599 320.93100 329.33401 329.00699 328.83200 331.88101 332.67499 332.14099 332.60699 332.66400 332.72699 330.95599 322.72198 311.84299
-9999 -9999 -9999 -9999 -9999 -9999 -9999 -9999 -9999 291.07501 291.98999 291.41901 291.40399 293.19800 296.11899 298.36801 299.99301 301.24100 304.78101 306.62000 307.63901 307.62500 307.60400 310.65302 310.51001 311.32199 312.97800 311.26999 311.18399 311.42999 314.92899 309.51801 307.74200 302.60300 298.67401 297.06500 295.46301 303.06500 306.32901 315.38000 319.89801 327.16000 330.48001 329.33801 329.28699 327.57999 328.17300 323.45099 322.66199 322.93701 320.49899 314.92300 312.32401 302.69501 302.87900 324.19199 327.50101 331.60001 331.69299 333.30701 332.57199 333.48199 333.72800 333.66299 333.82800 331.90399 329.58899 324.21701 317.93500 313.92200
-9999 -9999 -9999 -9999 -9999 -9999 -9999 -9999 -9999 -9999 294.15799 294.61600 294.65201 298.57501 304.03500 302.82700 303.00699 303.26999 305.57300 305.86301 304.90302 307.49301 308.53101 -9999 -9999 -9999 -9999 -9999 -9999 312.98901 314.02899 311.36301 309.45001 303.67899 299.01599 298.91800 299.24200 306.87201 311.50400 319.89899 324.68600 330.95099 333.65900 332.39401 331.86499 330.12000 328.97601 325.78000 323.85800 324.62399 322.58701 319.18701 313.07300 304.44199 303.58200 327.32101 332.17599 333.08801 333.32800 334.43100 334.73300 333.65302 333.88800 333.47198 324.09299 329.86801 324.43100 319.74600 305.55399 309.04401
-9999 -9999 -9999 -9999 -9999 -9999 -9999 -9999 -9999 -9999 -9999 -9999 297.52399 301.48599 302.76999 316.28101 314.83401 314.79401 313.89600 -9999 -9999 -9999 -9999 -9999 -9999 -9999 -9999 -9999 -9999 -9999 -9999 -9999 -9999 306.88599 299.74100 303.67599 304.70001 312.51999 319.38501 324.53000 327.73999 331.82700 332.58401 333.55099 333.78601 332.76999 332.22501 331.10101 330.16699 329.63101 326.46399 313.67099 312.51999 312.87799 314.62000 327.65100 328.26599 330.82700 333.52701 334.87900 335.38800 332.77200 331.30301 331.29501 330.83499 331.26801 324.52802 319.96799 315.55399 320.64899
-9999 -9999 -9999 -9999 -9999 -9999 -9999 -9999 -9999 -9999 -9999 -9999 -9999 -9999 -9999 -9999 -9999 -9999 -9999 -9999 -9999 -9999 -9999 -9999 -9999 -9999 -9999 -9999 -9999 -9999 -9999 -9999 -9999 -9999 305.20999 304.84100 313.99899 316.17899 322.67801 328.05499 330.64999 331.93100 333.33200 335.97900 335.23901 334.43701 333.05600 332.71799 331.13101 330.25800 328.26099 316.35999 314.07800 314.65100 315.58099 330.29199 329.49500 325.42001 328.59601 332.70999 333.72299 332.48300 335.25699 334.98999 334.70300 330.38901 322.99200 318.17200 312.22699 318.98901
