data/hydroclimate-scenarios/BCSD_hadcm_B1/monthly_summaries/olr_monthly_avg_aug.2070-2099.asc
ncols	311
nrows	91
xllcenter	102.75
yllcenter	31.75
cellsize	0.5
NODATA_value	-9999
[rows 0 to 30 of 91, columns 210 to 279 of 311]
-9999 -9999 -9999 -9999 -9999 -9999 -9999 -9999 -9999 -9999 -9999 -9999 -9999 -9999 -9999 -9999 -9999 -9999 -9999 -9999 -9999 -9999 -9999 -9999 -9999 -9999 -9999 -9999 -9999 -9999 -9999 -9999 -9999 -9999 -9999 -9999 -9999 -9999 -9999 -9999 -9999 -9999 -9999 -9999 -9999 -9999 -9999 -9999 -9999 -9999 -9999 -9999 -9999 -9999 -9999 -9999 -9999 -9999 -9999 -9999 -9999 -9999 -9999 -9999 -9999 -9999 -9999 -9999 -9999 -9999
-9999 -9999 -9999 -9999 -9999 -9999 -9999 -9999 -9999 -9999 -9999 -9999 -9999 -9999 -9999 -9999 -9999 -9999 -9999 -9999 -9999 -9999 -9999 -9999 -9999 -9999 -9999 -9999 -9999 -9999 -9999 -9999 -9999 -9999 -9999 -9999 -9999 -9999 -9999 -9999 -9999 -9999 -9999 -9999 -9999 -9999 -9999 -9999 -9999 -9999 -9999 -9999 -9999 -9999 -9999 -9999 -9999 -9999 -9999 -9999 -9999 -9999 -9999 -9999 -9999 -9999 -9999 -9999 -9999 -9999
-9999 -9999 -9999 -9999 -9999 -9999 -9999 -9999 -9999 -9999 -9999 -9999 -9999 -9999 -9999 -9999 -9999 -9999 -9999 -9999 -9999 -9999 -9999 -9999 -9999 -9999 -9999 -9999 -9999 -9999 -9999 -9999 -9999 -9999 -9999 -9999 -9999 -9999 -9999 -9999 -9999 -9999 -9999 -9999 -9999 -9999 -9999 -9999 -9999 -9999 -9999 -9999 -9999 -9999 -9999 -9999 -9999 -9999 -9999 -9999 -9999 -9999 -9999 -9999 -9999 -9999 -9999 -9999 -9999 -9999
-9999 -9999 -9999 -9999 -9999 -9999 -9999 -9999 -9999 -9999 -9999 -9999 -9999 -9999 -9999 -9999 -9999 -9999 -9999 -9999 -9999 -9999 -9999 -9999 -9999 -9999 -9999 -9999 -9999 -9999 -9999 -9999 -9999 -9999 -9999 -9999 -9999 -9999 -9999 -9999 -9999 -9999 -9999 -9999 -9999 -9999 -9999 -9999 -9999 -9999 -9999 -9999 -9999 -9999 -9999 -9999 -9999 -9999 -9999 -9999 -9999 -9999 -9999 -9999 -9999 -9999 -9999 -9999 -9999 -9999
-9999 -9999 -9999 -9999 -9999 -9999 -9999 -9999 -9999 -9999 -9999 -9999 -9999 -9999 -9999 -9999 -9999 -9999 -9999 -9999 -9999 -9999 -9999 -9999 -9999 -9999 -9999 -9999 -9999 -9999 -9999 -9999 -9999 -9999 -9999 -9999 -9999 -9999 -9999 -9999 -9999 -9999 -9999 -9999 -9999 -9999 -9999 -9999 -9999 -9999 -9999 -9999 -9999 -9999 -9999 -9999 -9999 -9999 -9999 -9999 -9999 -9999 -9999 -9999 -9999 -9999 -9999 -9999 -9999 -9999
-9999 -9999 -9999 -9999 -9999 -9999 -9999 -9999 -9999 -9999 -9999 -9999 -9999 -9999 -9999 -9999 -9999 -9999 -9999 -9999 -9999 -9999 -9999 -9999 -9999 -9999 -9999 -9999 -9999 -9999 -9999 -9999 -9999 -9999 -9999 -9999 -9999 -9999 -9999 -9999 -9999 -9999 -9999 -9999 -9999 -9999 -9999 -9999 -9999 -9999 -9999 -9999 -9999 -9999 -9999 -9999 -9999 -9999 -9999 -9999 -9999 -9999 -9999 -9999 -9999 -9999 -9999 -9999 -9999 -9999
-9999 -9999 -9999 -9999 -9999 -9999 -9999 -9999 -9999 -9999 -9999 -9999 -9999 -9999 -9999 -9999 -9999 -9999 -9999 -9999 -9999 -9999 -9999 -9999 -9999 -9999 -9999 -9999 -9999 -9999 -9999 -9999 -9999 -9999 -9999 -9999 -9999 -9999 -9999 -9999 -9999 -9999 -9999 -9999 -9999 -9999 -9999 -9999 -9999 -9999 -9999 -9999 -9999 -9999 -9999 -9999 -9999 -9999 -9999 -9999 -9999 -9999 -9999 -9999 -9999 -9999 -9999 -9999 -9999 -9999
-9999 -9999 -9999 -9999 -9999 -9999 -9999 -9999 -9999 -9999 -9999 -9999 -9999 -9999 -9999 -9999 -9999 -9999 -9999 -9999 -9999 -9999 -9999 -9999 -9999 -9999 -9999 -9999 -9999 -9999 -9999 -9999 -9999 -9999 -9999 -9999 -9999 -9999 -9999 -9999 -9999 -9999 -9999 -9999 -9999 -9999 -9999 -9999 -9999 -9999 -9999 -9999 -9999 -9999 -9999 -9999 -9999 -9999 -9999 -9999 -9999 -9999 -9999 -9999 -9999 -9999 -9999 -9999 -9999 -9999
-9999 -9999 -9999 -9999 -9999 -9999 -9999 -9999 -9999 -9999 -9999 -9999 -9999 -9999 -9999 -9999 -9999 -9999 -9999 -9999 -9999 -9999 -9999 -9999 -9999 -9999 -9999 -9999 -9999 -9999 -9999 -9999 -9999 -9999 -9999 -9999 -9999 -9999 -9999 -9999 -9999 -9999 -9999 -9999 -9999 -9999 -9999 -9999 -9999 -9999 -9999 -9999 -9999 -9999 -9999 -9999 -9999 -9999 -9999 -9999 -9999 -9999 -9999 -9999 -9999 -9999 -9999 -9999 -9999 -9999
-9999 -9999 -9999 -9999 -9999 -9999 -9999 -9999 -9999 -9999 -9999 -9999 -9999 -9999 -9999 -9999 -9999 -9999 -9999 -9999 -9999 -9999 -9999 -9999 -9999 -9999 -9999 -9999 -9999 -9999 -9999 -9999 -9999 -9999 -9999 -9999 -9999 -9999 -9999 -9999 -9999 -9999 -9999 -9999 -9999 -9999 -9999 -9999 -9999 -9999 -9999 -9999 -9999 -9999 -9999 -9999 -9999 -9999 -9999 -9999 -9999 -9999 -9999 -9999 -9999 -9999 -9999 -9999 -9999 -9999
-9999 -9999 -9999 -9999 -9999 -9999 -9999 -9999 -9999 -9999 -9999 -9999 -9999 -9999 -9999 -9999 -9999 -9999 -9999 -9999 -9999 -9999 -9999 -9999 -9999 -9999 -9999 -9999 -9999 -9999 -9999 -9999 -9999 -9999 -9999 -9999 -9999 -9999 -9999 -9999 -9999 -9999 -9999 -9999 -9999 -9999 -9999 -9999 -9999 -9999 -9999 -9999 -9999 -9999 -9999 -9999 -9999 -9999 -9999 -9999 -9999 -9999 -9999 -9999 -9999 -9999 -9999 -9999 -9999 -9999
-9999 -9999 -9999 -9999 -9999 -9999 -9999 -9999 -9999 -9999 -9999 -9999 -9999 -9999 -9999 -9999 -9999 -9999 -9999 -9999 -9999 -9999 -9999 -9999 -9999 -9999 -9999 -9999 -9999 -9999 -9999 -9999 -9999 -9999 -9999 -9999 -9999 -9999 -9999 -9999 -9999 -9999 -9999 -9999 -9999 -9999 -9999 -9999 -9999 -9999 -9999 -9999 -9999 -9999 -9999 -9999 -9999 -9999 -9999 -9999 -9999 -9999 -9999 -9999 -9999 -9999 -9999 -9999 -9999 -9999
-9999 -9999 -9999 -9999 -9999 -9999 -9999 -9999 -9999 -9999 -9999 -9999 -9999 -9999 -9999 -9999 -9999 -9999 -9999 -9999 -9999 -9999 -9999 -9999 -9999 -9999 -9999 -9999 -9999 -9999 -9999 -9999 -9999 -9999 -9999 -9999 -9999 -9999 -9999 -9999 -9999 -9999 -9999 -9999 -9999 -9999 -9999 -9999 -9999 -9999 -9999 -9999 -9999 -9999 -9999 -9999 -9999 -9999 -9999 -9999 -9999 -9999 -9999 -9999 -9999 -9999 -9999 -9999 -9999 -9999
306.90701 306.30801 304.88300 305.20901 303.77701 304.72000 305.65701 305.99899 307.27399 -9999 -9999 -9999 -9999 -9999 -9999 -9999 -9999 -9999 -9999 -9999 -9999 -9999 -9999 -9999 -9999 -9999 -9999 -9999 -9999 -9999 -9999 -9999 -9999 -9999 -9999 -9999 -9999 -9999 -9999 -9999 -9999 -9999 -9999 -9999 -9999 -9999 -9999 -9999 -9999 -9999 306.48801 -9999 -9999 -9999 -9999 -9999 -9999 -9999 -9999 -9999 -9999 -9999 -9999 -9999 -9999 -9999 -9999 -9999 -9999 -9999
310.40100 309.81100 309.90799 308.55200 308.37299 308.28000 308.92200 309.10400 309.06799 310.16000 310.61099 310.77499 310.32599 307.29401 303.99899 302.45700 301.85599 302.07300 302.28601 301.70499 303.08899 321.10999 -9999 -9999 -9999 -9999 -9999 -9999 -9999 -9999 -9999 -9999 -9999 -9999 -9999 -9999 -9999 -9999 -9999 -9999 -9999 -9999 -9999 -9999 -9999 301.99200 304.82999 300.45499 294.62100 291.73300 294.32999 305.75299 -9999 -9999 -9999 304.34399 -9999 -9999 -9999 300.83401 299.94101 298.63400 -9999 -9999 -9999 -9999 -9999 -9999 -9999 -9999
310.35501 309.76599 309.80099 310.28601 312.62399 314.80899 316.81799 317.76099 318.37201 318.02301 314.23700 310.06400 308.51901 307.95700 299.60101 300.51401 296.52600 294.38400 300.69501 300.98099 300.44601 300.76199 298.87299 299.06000 297.02499 300.45599 305.29501 308.39099 -9999 -9999 -9999 -9999 -9999 320.10699 320.03699 320.06500 321.14600 320.73599 321.42499 320.61499 318.70099 318.52701 316.86499 315.18399 314.20099 297.68600 297.39801 293.78101 294.28201 289.82599 290.62799 305.29999 304.90701 305.05600 305.17801 305.07401 304.39099 303.90701 302.50400 298.93301 295.89001 290.74899 291.78799 295.29501 297.64999 297.52899 300.56900 -9999 -9999 -9999
309.60199 310.60599 311.20099 313.06100 314.32300 315.32700 314.23801 315.84900 314.89801 309.00101 301.21600 299.43100 299.79901 298.42200 297.75601 298.98499 295.59601 300.49899 301.24100 306.61801 310.12201 302.86499 304.63400 300.95099 297.57800 301.81699 298.50900 300.39401 302.67499 307.68701 311.35501 313.85800 315.42001 318.12299 318.86200 318.00201 318.09201 317.58899 317.54401 318.30801 316.64099 315.32300 314.29901 314.04700 313.30899 311.76401 309.88400 309.21100 309.16800 306.20801 305.81500 305.92999 304.65701 304.29901 304.03500 303.86200 303.54300 303.71500 302.79199 302.09698 302.03699 302.33801 301.33401 300.86600 300.20700 297.82001 294.65701 295.94800 297.34100 300.92801
301.69901 304.15302 299.83701 294.28500 295.33701 297.41101 296.96301 296.99799 293.04700 298.54501 300.52899 302.53101 307.38901 311.62900 312.80099 308.48300 309.31299 312.54401 314.98499 313.57501 317.50601 316.96201 313.49399 308.60501 305.40100 308.22198 307.49899 301.27600 300.69400 299.35699 299.92200 301.43900 303.85101 309.82599 317.49600 318.83200 318.67099 318.82300 318.07901 318.35199 317.14001 317.00800 316.00299 314.69400 313.84201 313.88199 314.16400 312.82401 312.29800 309.07599 308.06400 308.41501 307.92700 307.26001 306.74301 305.69101 306.07800 306.06799 305.95700 305.51001 304.64999 304.52600 303.96899 303.69101 303.00400 298.47198 297.87399 300.56400 300.98001 302.68301
311.76099 306.19901 306.22900 306.74600 304.51901 306.34201 302.38400 299.69800 304.66101 309.58600 308.82901 313.04700 317.86700 314.53900 313.03799 312.84500 316.16599 314.59100 315.91299 319.53000 322.05200 317.53601 312.39001 311.54599 307.91400 309.67401 309.62900 305.96301 302.61499 302.60800 296.30399 296.20200 296.47601 306.48901 316.96201 318.28101 319.19699 320.08701 319.52499 320.78900 319.64401 319.62100 317.87201 317.17899 314.67999 315.04401 314.77399 313.93100 313.81400 311.56100 311.69199 311.52399 310.71799 310.79599 309.75201 308.89401 308.74100 308.59500 307.85400 307.54800 307.42200 306.89001 306.46701 306.07599 305.65500 302.13300 302.58600 304.01700 304.19699 305.28201
316.49899 317.82101 316.77600 319.90500 317.40799 313.73199 312.56400 310.94400 312.49399 317.27499 318.31900 322.76599 324.27100 324.47400 325.28900 323.26001 323.83099 322.46600 321.94199 323.50101 323.95700 326.14600 321.02899 314.27100 310.42099 305.80899 305.25601 301.54700 302.87500 308.94199 309.93500 308.16699 299.02301 308.88199 314.92599 320.03101 320.89301 321.45901 321.48099 322.70401 323.96799 320.97601 319.41901 318.56500 318.68600 315.04599 315.63599 316.36099 316.40302 314.90799 314.17001 314.25601 314.12399 313.55200 312.04901 312.25101 311.38901 311.04401 310.45401 310.36099 309.29599 309.10400 309.39200 308.62100 308.50299 307.98901 307.85699 306.51501 306.79401 308.07700
323.82401 326.21399 327.14700 325.66800 317.76901 313.21600 319.36801 323.80701 327.16800 329.15799 329.97400 332.45901 333.56299 333.45901 333.68399 332.24899 328.56601 327.14301 326.72198 326.63300 325.95499 324.15799 317.99200 311.48001 306.64999 306.17099 303.80301 302.12500 306.10199 310.36200 312.14600 311.19000 305.72601 305.05200 316.90900 320.67499 322.82101 324.20801 323.51099 325.59299 325.36499 324.00900 322.87299 322.41501 322.77200 321.90399 320.73099 321.29001 322.53400 320.11600 319.36401 319.18301 318.14499 315.88901 316.00400 314.69400 314.22501 313.63000 313.85999 313.02100 312.59399 313.89499 313.96701 313.83401 313.41101 313.40900 313.00299 312.06400 311.39200 312.05399
326.42300 325.95499 323.36401 321.88000 324.59100 326.68100 330.64301 331.45700 332.97601 334.43399 336.01099 336.39099 336.55600 335.95700 336.15201 335.36200 331.67300 329.63000 329.47000 330.20599 330.14099 327.85501 321.91901 310.48499 304.11600 298.96399 301.43100 303.87601 309.34000 312.53400 312.96301 311.74701 310.01700 304.24100 312.79501 317.85300 323.10800 325.28400 325.95099 327.63901 327.45901 326.38300 326.27100 325.36099 325.61099 325.62601 326.48599 327.04700 325.84100 325.36700 323.32401 323.65100 322.42099 320.52399 319.85699 320.55099 319.76501 318.28699 319.58600 318.96899 317.59201 315.46301 317.01001 318.02100 316.95001 317.16299 315.65201 315.28201 316.46701 316.13901
323.87500 320.15100 317.12601 321.45599 327.80600 327.76199 327.78699 328.13800 328.64801 326.75400 322.95700 322.85599 324.74600 327.43399 330.15701 331.58701 332.69601 330.18900 328.30301 325.50699 327.13901 324.27802 319.74701 309.63300 304.20200 301.86099 303.19601 301.26901 308.16501 308.29999 308.17599 311.81400 313.85101 312.63199 317.40601 318.20300 316.23499 317.96899 319.74500 317.44601 315.58701 319.49500 320.73599 320.86099 324.78900 327.42999 328.92001 329.17801 328.93900 327.85901 324.36600 324.40701 322.77600 322.51999 321.74399 321.81299 320.96899 319.90201 318.65701 317.37000 317.82300 318.97000 319.00800 317.74399 318.52899 317.39600 317.84399 317.98901 318.10199 315.49600
328.84299 326.40500 325.73499 328.35901 327.11499 325.01401 328.15601 331.50000 329.58899 326.94199 325.29199 320.54300 317.45801 317.07800 317.45499 317.27301 320.43900 319.60599 323.77802 326.53400 327.03900 324.30399 320.56900 311.85501 305.33701 305.25699 307.19800 302.96600 303.27399 304.41000 304.44601 303.96500 305.98099 308.49200 312.99399 311.20999 308.50299 306.70999 304.76001 301.96100 303.16199 307.27301 308.86099 304.79300 306.62500 313.59299 315.76501 319.54901 320.32001 328.35199 331.12500 331.15900 327.01599 327.86600 328.64200 324.49100 324.33600 323.73401 321.47000 321.89301 323.18900 321.39200 316.04800 315.48099 319.37000 318.05701 316.86499 317.10599 318.06601 318.54401
330.06299 331.03101 331.25699 331.40201 332.11200 333.05701 333.39099 331.82401 332.26199 333.76599 332.53299 329.75101 327.26401 322.91501 319.20001 314.00201 311.42999 308.69601 310.63599 308.81299 316.98300 317.54501 320.34601 318.49600 305.85901 303.01001 300.71399 300.80499 301.04501 298.03201 300.42300 300.16000 299.52499 297.00299 297.10400 297.48999 296.75800 295.72101 296.44000 296.54401 294.54700 296.89600 298.85599 296.20401 297.50900 300.25800 299.17599 300.49200 301.65201 304.56100 313.22699 324.77301 330.87500 330.69699 331.68100 330.95700 324.81299 324.06799 324.79599 323.12701 322.57501 322.87799 322.88599 319.64401 316.25601 315.95801 316.56299 320.51199 323.98801 324.80399
333.59799 331.73300 333.92599 334.20499 333.68500 332.73300 332.08200 327.81900 327.42001 327.50000 330.56299 331.52899 330.94000 329.74701 326.16800 322.33099 317.87201 311.73001 316.38501 318.38599 318.64600 318.82101 316.48599 313.54001 315.03500 307.82101 310.80499 305.07401 302.31299 300.27899 300.44501 300.91299 303.94901 303.78900 305.23599 301.91400 302.98099 299.81900 299.89899 302.39801 298.45599 300.20801 299.92599 297.78900 296.12100 301.72400 300.77701 302.47501 302.27899 304.32599 309.75900 318.61401 324.39899 327.84399 331.01199 331.94699 325.17099 319.89899 323.92099 324.65100 323.45700 325.20499 324.32501 321.67599 318.80099 319.73700 321.46899 321.64001 322.33301 327.07401
336.94101 335.96500 334.63599 326.74799 321.28299 316.91199 313.67801 314.83099 304.34201 299.57800 298.83200 302.97400 313.93799 321.26099 314.92099 321.31799 323.48001 324.59698 324.76199 323.96301 321.19601 321.16599 315.21899 312.36600 311.03299 313.38699 315.38199 313.17999 313.27200 314.93799 311.95099 310.82401 314.14999 316.60599 312.61099 312.82599 313.19299 314.14801 314.21301 305.96899 305.97000 304.11600 302.54700 303.21701 303.47800 301.61700 302.08301 301.48499 307.11099 308.84201 306.94000 311.00000 318.93399 321.98700 326.02301 328.60001 331.00101 329.83401 324.49100 325.41199 325.69000 326.03201 325.76099 327.04700 323.59698 323.68500 322.83899 323.98199 327.57800 329.07300
329.30200 321.37799 300.93600 291.70599 296.48901 303.22299 306.77701 307.59100 310.97601 315.01300 312.83600 307.49600 306.84399 311.36899 300.12500 301.54001 304.87000 311.75400 320.77802 323.07501 322.01700 324.42700 319.14499 314.76901 312.57501 313.96100 317.42999 312.64001 314.28900 313.83899 314.79199 314.20001 315.51599 312.77301 311.53699 311.56900 314.87900 307.66501 307.33401 309.20999 309.61301 305.81500 304.18100 306.56601 303.29999 302.20099 305.54999 305.02499 303.45901 301.28101 303.42599 311.26300 316.54999 317.89899 319.78101 323.40799 326.94501 332.69901 327.29599 326.47900 327.03500 328.92001 328.08099 326.93701 326.53900 327.68399 328.35501 329.30701 329.69501 331.27499
305.78799 301.13101 293.41501 308.18301 325.23700 321.35001 312.86401 313.81201 313.49301 313.90799 318.38501 317.57501 316.48199 317.16101 317.21399 318.59100 316.85901 317.87900 314.38800 321.94199 332.68301 328.36099 325.23199 320.52499 314.02701 311.99899 313.39999 306.77301 304.17001 311.61899 313.60101 312.84698 315.84698 320.31900 318.46100 316.20801 310.72198 307.77100 310.07901 310.97900 307.79401 307.43600 309.94000 306.53201 305.93399 302.57001 303.95200 303.24799 302.27701 301.15399 298.95401 302.96701 302.50101 307.49500 310.39899 321.61899 328.66299 332.67499 337.35999 332.77301 331.44901 333.41101 332.78299 331.62201 331.38199 330.61600 330.79800 330.70901 330.89999 331.99301
317.56299 331.96899 332.13300 335.77899 338.36600 328.74500 308.19101 301.85699 304.26001 308.38501 314.54099 315.38300 316.10999 318.64801 322.88300 317.44501 292.81000 295.21500 299.59299 301.96100 309.10400 309.56500 309.23700 317.09299 319.03799 319.75400 315.13300 311.69901 309.11801 307.06201 304.46301 308.64700 315.35300 317.98401 315.98099 316.70099 309.64999 308.34500 306.98999 313.01401 309.81400 311.11200 312.94400 312.53299 309.44299 308.05399 299.51599 305.18399 301.42001 303.48599 304.58099 301.48599 302.56699 305.25900 310.09698 317.96600 324.33701 330.95999 340.03601 337.10300 336.38000 337.19400 334.55499 329.90701 324.30801 322.56601 323.14301 324.06000 328.95001 333.21201
306.88901 323.39499 333.74301 338.17499 338.86600 331.81900 320.94601 312.86801 311.84900 312.97299 311.21799 311.57101 314.05099 315.30399 318.76199 320.73999 311.56000 289.39899 282.97900 287.31500 291.32599 296.88101 300.00699 301.85999 305.20200 310.89700 309.01599 303.07700 302.17700 305.29599 309.23199 304.54199 309.54001 311.60101 313.55499 318.05099 312.44800 310.01599 306.59900 307.16299 308.95999 312.02301 313.99799 310.81299 308.49399 312.19601 305.81299 306.26199 307.22101 305.33600 306.05899 309.63101 316.37000 315.57401 316.51501 315.34799 320.72101 322.20801 333.32501 336.98901 334.50299 338.04099 337.35599 336.10599 334.21701 330.14200 329.86700 331.32800 333.07800 334.23401
