data/hydroclimate-scenarios/BCSD_hadcm_B1/monthly_summaries/olr_monthly_avg_mar.2070-2099.asc
ncols	311
nrows	91
xllcenter	102.75
yllcenter	31.75
cellsize	0.5
NODATA_value	-9999
[rows 0 to 30 of 91, columns 70 to 139 of 311]
-9999 -9999 -9999 -9999 -9999 -9999 -9999 -9999 -9999 -9999 -9999 -9999 -9999 -9999 -9999 -9999 -9999 -9999 -9999 -9999 -9999 -9999 -9999 -9999 -9999 -9999 -9999 -9999 -9999 -9999 -9999 -9999 -9999 -9999 -9999 -9999 -9999 -9999 -9999 -9999 -9999 -9999 -9999 -9999 -9999 -9999 -9999 -9999 -9999 -9999 -9999 -9999 -9999 -9999 -9999 -9999 -9999 -9999 -9999 -9999 -9999 -9999 -9999 -9999 -9999 -9999 -9999 -9999 -9999 -9999
-9999 -9999 -9999 -9999 -9999 -9999 -9999 -9999 -9999 -9999 -9999 -9999 -9999 -9999 -9999 -9999 -9999 -9999 -9999 -9999 -9999 -9999 -9999 -9999 -9999 -9999 -9999 -9999 -9999 -9999 -9999 -9999 -9999 -9999 -9999 -9999 -9999 -9999 -9999 -9999 -9999 -9999 -9999 -9999 -9999 -9999 -9999 -9999 -9999 -9999 -9999 -9999 -9999 -9999 -9999 -9999 -9999 -9999 -9999 -9999 -9999 -9999 -9999 -9999 -9999 -9999 -9999 -9999 -9999 -9999
-9999 -9999 -9999 -9999 -9999 -9999 -9999 -9999 -9999 -9999 -9999 -9999 -9999 -9999 -9999 -9999 -9999 -9999 -9999 -9999 -9999 -9999 -9999 -9999 -9999 -9999 -9999 -9999 -9999 -9999 -9999 -9999 -9999 -9999 -9999 -9999 -9999 -9999 -9999 -9999 -9999 -9999 -9999 -9999 -9999 -9999 -9999 -9999 -9999 -9999 -9999 -9999 -9999 -9999 -9999 -9999 -9999 -9999 -9999 -9999 -9999 -9999 -9999 -9999 -9999 -9999 -9999 -9999 -9999 -9999
-9999 -9999 -9999 -9999 -9999 -9999 -9999 -9999 -9999 -9999 -9999 -9999 -9999 -9999 -9999 -9999 -9999 -9999 -9999 -9999 -9999 -9999 -9999 -9999 -9999 -9999 -9999 -9999 -9999 -9999 -9999 -9999 -9999 -9999 -9999 -9999 -9999 -9999 -9999 -9999 -9999 -9999 -9999 -9999 -9999 -9999 -9999 -9999 -9999 -9999 -9999 -9999 -9999 -9999 -9999 -9999 -9999 -9999 -9999 -9999 -9999 -9999 -9999 -9999 -9999 -9999 -9999 -9999 -9999 -9999
-9999 -9999 -9999 -9999 -9999 -9999 -9999 -9999 -9999 -9999 -9999 -9999 -9999 -9999 -9999 -9999 -9999 -9999 -9999 -9999 -9999 -9999 -9999 -9999 -9999 -9999 -9999 -9999 -9999 -9999 -9999 -9999 -9999 -9999 -9999 -9999 -9999 -9999 -9999 -9999 -9999 -9999 -9999 -9999 -9999 -9999 -9999 -9999 -9999 -9999 -9999 -9999 -9999 -9999 -9999 -9999 -9999 -9999 -9999 -9999 -9999 -9999 -9999 -9999 -9999 -9999 -9999 -9999 -9999 -9999
-9999 -9999 -9999 -9999 -9999 -9999 -9999 -9999 -9999 -9999 -9999 -9999 -9999 -9999 -9999 -9999 -9999 -9999 -9999 -9999 -9999 -9999 -9999 -9999 -9999 -9999 -9999 -9999 -9999 -9999 -9999 -9999 -9999 -9999 -9999 -9999 -9999 -9999 -9999 -9999 -9999 -9999 -9999 -9999 -9999 -9999 -9999 -9999 -9999 -9999 -9999 -9999 -9999 -9999 -9999 -9999 -9999 -9999 -9999 -9999 -9999 -9999 -9999 -9999 -9999 -9999 -9999 -9999 -9999 -9999
-9999 -9999 -9999 -9999 -9999 -9999 -9999 -9999 -9999 -9999 -9999 -9999 -9999 -9999 -9999 -9999 -9999 -9999 -9999 -9999 -9999 -9999 -9999 -9999 -9999 -9999 -9999 -9999 -9999 -9999 -9999 -9999 -9999 -9999 -9999 -9999 -9999 -9999 -9999 -9999 -9999 -9999 -9999 -9999 -9999 -9999 -9999 -9999 -9999 -9999 -9999 -9999 -9999 -9999 -9999 -9999 -9999 -9999 -9999 -9999 -9999 -9999 -9999 -9999 -9999 -9999 -9999 -9999 -9999 -9999
-9999 -9999 -9999 -9999 -9999 -9999 -9999 -9999 -9999 -9999 -9999 -9999 -9999 -9999 -9999 -9999 -9999 -9999 -9999 -9999 -9999 -9999 -9999 -9999 -9999 -9999 -9999 -9999 -9999 -9999 -9999 -9999 -9999 -9999 -9999 -9999 -9999 -9999 -9999 -9999 -9999 -9999 -9999 -9999 -9999 -9999 -9999 -9999 -9999 -9999 -9999 -9999 -9999 -9999 -9999 -9999 -9999 -9999 -9999 -9999 -9999 -9999 -9999 -9999 -9999 -9999 -9999 -9999 -9999 -9999
-9999 -9999 -9999 -9999 -9999 -9999 -9999 155.56799 -9999 -9999 -9999 -9999 -9999 -9999 -9999 -9999 -9999 -9999 -9999 -9999 -9999 -9999 -9999 -9999 -9999 -9999 -9999 -9999 -9999 -9999 -9999 -9999 -9999 -9999 -9999 -9999 -9999 -9999 -9999 -9999 -9999 -9999 -9999 -9999 -9999 -9999 -9999 -9999 -9999 -9999 -9999 -9999 -9999 -9999 -9999 -9999 -9999 -9999 -9999 -9999 -9999 -9999 -9999 -9999 -9999 -9999 -9999 -9999 -9999 -9999
-9999 -9999 -9999 167.14600 156.78600 156.20000 156.00900 156.69501 156.98500 157.25000 157.51900 159.21500 159.49200 162.30499 163.17599 164.67700 165.55800 166.02800 166.71600 167.16499 167.98000 168.57700 168.44600 -9999 -9999 -9999 -9999 -9999 -9999 -9999 -9999 -9999 -9999 -9999 -9999 -9999 -9999 -9999 -9999 -9999 -9999 -9999 -9999 -9999 -9999 -9999 -9999 -9999 -9999 -9999 -9999 -9999 -9999 -9999 -9999 -9999 -9999 -9999 -9999 -9999 -9999 -9999 -9999 -9999 -9999 -9999 -9999 -9999 -9999 -9999
-9999 -9999 -9999 -9999 -9999 157.01401 157.27100 157.46700 158.20399 158.74400 158.73199 160.25999 160.72200 161.60001 162.69099 164.28400 165.31900 166.15401 166.77800 166.48199 167.76801 168.82700 168.71800 -9999 -9999 -9999 -9999 -9999 -9999 -9999 -9999 -9999 -9999 -9999 -9999 -9999 -9999 -9999 -9999 -9999 -9999 -9999 -9999 -9999 -9999 -9999 -9999 -9999 -9999 -9999 -9999 -9999 -9999 -9999 -9999 -9999 -9999 -9999 -9999 -9999 -9999 -9999 -9999 -9999 -9999 -9999 -9999 -9999 -9999 -9999
157.16600 157.79800 157.58900 158.03999 158.53500 157.97200 158.48000 158.78799 159.36400 159.58701 159.85001 161.10400 161.90900 162.66000 163.53600 165.13000 166.32001 167.11800 167.99800 168.63300 169.67799 170.75999 170.43401 169.36099 168.78700 168.25700 168.48700 169.01900 169.07201 -9999 -9999 -9999 -9999 -9999 -9999 -9999 -9999 -9999 -9999 -9999 -9999 -9999 -9999 -9999 -9999 -9999 -9999 -9999 -9999 -9999 -9999 -9999 -9999 -9999 -9999 -9999 -9999 -9999 -9999 -9999 -9999 -9999 -9999 -9999 -9999 -9999 -9999 -9999 -9999 -9999
157.50900 157.55000 157.65401 158.38000 158.34700 159.27100 159.71800 160.24300 161.00101 160.79401 161.09200 162.10899 162.93900 163.79601 164.75000 166.19200 167.45799 167.32899 169.01601 170.56200 172.19701 172.16100 170.99899 169.52400 169.58501 170.06700 169.92700 169.65500 169.65601 170.70599 170.43800 169.69299 169.71600 171.01801 171.37000 169.71500 170.15300 170.69299 170.86501 170.34200 170.42700 170.43100 170.74899 173.56700 -9999 -9999 -9999 -9999 -9999 -9999 -9999 -9999 -9999 -9999 -9999 -9999 -9999 -9999 -9999 -9999 -9999 -9999 -9999 -9999 -9999 -9999 -9999 -9999 -9999 -9999
157.42200 158.01801 157.30600 158.26801 158.27499 158.33200 159.44400 160.88100 161.60201 161.40500 161.91701 162.68201 163.98000 164.93100 166.06100 167.13800 168.43700 168.61000 169.66800 170.93300 172.17599 171.59599 169.29700 169.35201 168.91200 169.28101 169.99100 170.53101 170.48599 170.33200 170.16600 170.38200 170.47900 172.22701 172.04100 170.75500 171.12300 171.78700 172.11800 171.66701 171.72600 171.17799 171.50800 174.47600 174.98300 -9999 -9999 -9999 -9999 -9999 -9999 -9999 -9999 -9999 -9999 -9999 -9999 -9999 -9999 -9999 -9999 -9999 -9999 -9999 -9999 -9999 -9999 -9999 -9999 -9999
151.62700 151.92500 151.74100 154.27100 151.26199 154.14700 155.41000 155.83099 157.35400 157.60300 160.21100 160.50000 162.12199 165.19099 166.52699 168.53101 169.50200 170.55200 171.33099 171.85800 172.23700 172.28000 171.95799 171.76500 171.79900 171.88901 169.79601 170.77901 171.88699 171.61000 170.81400 170.94600 171.28300 171.62500 171.72400 171.36800 171.95000 171.64500 172.07600 172.44400 172.74400 172.88499 173.11600 173.88499 174.33800 -9999 -9999 -9999 -9999 -9999 -9999 -9999 -9999 -9999 -9999 -9999 -9999 -9999 -9999 -9999 178.92799 178.23300 -9999 -9999 -9999 -9999 176.20900 173.53600 171.65300 172.62900
152.42900 152.98700 152.58299 154.36000 152.49300 155.76100 158.22000 158.10899 156.98700 157.58200 158.01300 162.07800 163.40700 165.61501 165.93700 166.98300 169.73700 170.11700 171.94800 172.09300 173.08000 173.05499 172.81799 172.60100 173.95500 173.57100 173.51199 173.01700 172.98300 173.33600 173.46500 172.61301 172.80800 173.07300 173.26401 172.85100 173.03101 173.46500 173.86400 174.13600 174.58299 175.10100 175.04100 175.94099 176.35600 176.93800 177.24400 178.44299 177.64900 173.25999 171.92799 173.69000 172.66701 172.74100 174.19400 173.30000 173.08299 177.85800 178.59399 179.30600 179.19200 179.16800 -9999 -9999 -9999 -9999 -9999 177.81900 175.95000 174.02000
150.42101 150.27100 154.21400 152.96201 150.09399 153.61600 157.40199 158.15800 159.16499 162.16200 164.44200 165.13200 165.67400 167.41400 168.34300 169.18600 170.63800 171.13499 171.81500 173.38901 174.07800 175.67000 175.79401 175.89900 176.09000 175.25700 175.08501 175.11000 175.19701 174.73000 174.84700 174.78500 174.84500 174.86700 175.04700 175.12601 175.76401 176.28600 176.77100 177.33000 177.41000 178.73500 178.98000 179.21700 179.42999 179.01900 179.09399 178.76801 178.47000 175.42799 173.63600 175.99899 177.37900 176.51900 172.27299 169.36200 173.86700 172.47800 172.15401 172.49001 174.80701 175.38699 174.84801 178.19501 180.43201 179.87801 179.81000 179.73900 179.95100 177.16499
154.24800 149.85100 142.20300 155.84599 149.67200 149.38000 153.07201 155.58501 155.71800 164.43800 165.68900 165.87500 166.67300 167.90300 168.65401 169.87900 170.81000 171.67599 172.51900 173.81900 172.46400 173.96700 175.96300 176.55701 176.89301 176.20300 176.55400 176.17000 176.25600 176.00900 176.10001 175.92300 176.11200 176.08400 176.68600 176.82001 177.30000 177.95599 178.89900 179.31799 179.71001 180.67599 180.29300 180.99699 181.22400 181.15401 181.50200 180.91800 181.34801 180.93300 180.19901 178.69099 179.79800 178.57401 178.57800 175.91901 172.28700 171.71700 172.46400 171.80200 171.23000 172.96201 169.66100 173.74200 178.16200 179.26199 180.10001 180.65199 180.81300 178.20799
149.60699 147.98199 144.70300 149.73599 159.86099 156.10800 159.37399 161.36600 157.51300 161.05600 163.73100 165.95399 167.83501 168.04100 168.60100 169.72000 170.67200 170.97099 171.68500 173.06300 168.81500 170.72200 172.64200 175.94299 178.18600 178.32600 178.39700 179.28101 179.42400 179.02200 178.84100 178.93300 179.57001 180.61099 180.98300 180.72800 181.56900 183.08600 182.99100 183.02600 182.41000 183.43201 184.85300 180.41701 179.82800 180.34000 183.19200 184.24600 185.68300 185.40800 183.28200 180.86099 180.62801 180.24899 180.31700 179.95900 180.69600 180.59500 176.22000 173.58900 172.07500 170.54900 168.39999 167.16299 171.97099 174.28900 176.01801 175.60400 176.49200 175.18401
158.97501 151.69901 147.95100 147.54700 148.41499 153.43900 160.35800 160.91499 157.59200 157.40900 161.75999 156.10100 158.08900 160.62100 165.71800 168.34000 170.08299 171.25900 172.25101 173.18401 171.29100 171.14600 173.63100 177.11000 178.86000 178.97600 179.50700 180.08800 179.90800 179.72600 180.25999 180.07100 180.33900 180.09599 181.58299 181.75301 181.34399 182.64999 182.87601 183.05400 181.85001 182.49300 184.93900 184.75000 184.59100 181.56799 181.85800 182.88800 184.59300 186.53799 183.56599 182.14500 182.00600 182.60600 183.90601 181.04100 178.18900 177.05499 173.57800 175.07100 176.81799 175.95200 175.76300 175.03600 172.27299 170.07300 174.48801 171.42999 174.31900 175.53101
158.98199 154.54900 152.00900 149.03999 146.73700 144.53300 153.26900 157.35001 159.21800 160.07401 162.28900 158.59599 152.23300 148.60100 146.96201 155.30299 162.05499 166.92101 171.49200 173.77299 174.88000 176.35600 176.92799 179.18401 180.36600 179.95200 179.91499 181.00101 181.37300 181.32401 180.64999 180.52699 180.26100 180.49100 181.48100 183.95399 182.79800 183.28799 181.50600 184.23500 185.69200 185.29401 185.68600 186.25400 186.92900 184.52000 186.32100 185.87399 186.28799 187.42300 188.53600 190.17500 188.87000 187.02699 186.39999 185.79100 184.74400 180.61000 177.89900 179.72800 175.15700 175.37601 176.86501 176.90700 178.69000 179.88200 179.74200 178.17300 177.92400 178.86600
153.18401 149.40500 150.04300 145.82899 145.14101 145.38400 146.61200 146.53600 149.00500 154.07300 159.38400 164.71300 160.68500 157.27499 154.49800 150.97099 151.83200 154.00800 157.69701 164.83701 168.46899 173.87801 175.52499 179.33701 179.99600 180.50500 180.64600 181.77600 181.50600 179.70300 178.72200 181.17000 176.71400 176.69800 177.96300 180.19600 181.20100 182.39400 183.07500 184.69600 185.44200 186.28300 187.47000 188.68900 186.74300 186.11600 185.23300 184.65500 185.64600 186.56000 187.23599 185.56300 185.02800 183.00301 181.71001 183.03000 183.10699 178.56400 181.70700 182.02400 177.65800 179.47000 179.85600 180.06100 183.84000 182.92000 182.59399 179.53000 181.87801 183.83000
155.69800 152.26601 148.43600 146.11000 147.78200 145.47400 144.26601 146.08900 148.99100 148.56300 153.23700 155.66100 155.92500 156.21400 159.29700 159.92999 160.60400 158.61301 155.59100 155.99899 158.92799 162.38499 165.36501 171.96201 175.63200 177.55499 178.33900 178.96600 177.07600 174.77699 175.49500 176.58299 176.73399 174.12700 176.90900 176.11400 182.46800 183.32300 183.03500 180.45700 182.92900 187.20500 189.60600 188.41200 187.35500 182.54300 182.25900 182.40300 184.02400 184.61400 181.84801 180.80600 182.55701 180.18800 177.06500 180.65900 178.32300 184.06000 180.52699 186.75700 188.54100 186.79401 188.58701 186.26401 186.83900 182.85400 185.87100 188.25800 189.85400 190.07500
154.79401 154.57500 153.99400 153.54800 154.21500 149.29100 146.36200 146.61400 146.56700 146.55701 150.83299 157.22400 148.03700 149.34399 153.82700 149.78200 147.62500 149.33200 166.35100 159.89101 152.90800 155.05901 158.70300 164.14000 176.09900 178.24001 179.22501 179.97200 178.18800 176.74001 177.38300 176.63200 177.60500 178.09300 179.47301 184.59399 184.58800 183.38400 185.11700 183.48000 183.59100 182.52499 186.96600 187.86600 186.45100 191.12199 191.68201 189.06000 186.67599 185.32300 183.98399 182.87300 185.37801 184.74899 184.39500 182.45799 181.58800 184.89101 184.08099 191.37199 191.65500 193.48599 193.45300 189.97800 187.78600 191.90100 193.71100 193.63901 195.57899 196.55701
155.61700 155.96300 156.41800 156.16800 156.63600 154.70200 154.10600 153.25301 151.44000 151.53900 150.87100 151.84000 151.39600 153.19800 156.21400 153.30099 153.06100 149.29100 154.20300 160.29401 164.28799 163.33099 163.38000 167.09399 169.29100 175.95200 179.83900 181.33701 181.16901 179.59100 180.30701 178.16100 179.91100 182.70000 183.05400 183.07899 184.37900 185.59801 186.15800 185.91600 184.48500 182.78799 183.70300 184.02299 185.27901 192.17700 193.65900 191.32001 189.33501 188.52200 185.18300 184.16100 187.05200 189.03700 184.38499 187.67900 188.75999 192.15401 193.55099 190.88901 193.98000 194.56400 195.89200 195.03799 197.85500 196.42799 196.48199 196.62500 196.33000 193.91499
157.19099 157.58200 156.77901 155.33400 155.33900 155.80600 158.14000 157.58099 157.86400 156.97000 156.88100 153.37300 150.50999 153.83800 159.05000 161.51300 159.40800 158.43201 159.06200 156.46001 160.38100 164.91701 170.67599 174.17400 173.55800 172.84599 175.10699 180.33600 180.32600 179.17400 177.82600 179.21700 180.03200 185.72701 185.56900 184.30200 182.02901 183.93900 181.14900 184.78999 180.84599 178.10201 182.81100 184.06100 181.14301 183.76601 189.09900 190.03999 189.81100 191.51700 189.73900 186.98900 192.35600 194.14101 194.63600 196.41200 196.52699 197.02400 194.89000 197.61700 194.83501 197.05299 196.56000 195.95399 196.60201 195.69501 196.85201 197.10600 196.66400 195.65900
162.68800 157.97000 155.64999 153.28700 152.87500 156.35001 157.50700 158.66701 159.19200 160.43800 156.30600 156.51601 155.75400 152.17500 157.12100 163.96201 166.47099 163.24800 162.38499 160.97200 162.84801 166.56100 168.67101 170.95599 174.13400 176.62500 178.71600 176.37700 178.85400 180.82600 179.00700 183.14301 181.67200 185.19000 180.44600 180.04500 185.40800 182.43600 178.93300 181.85699 184.16100 180.31599 179.58501 181.12199 184.72800 185.26700 187.29100 189.42200 189.23801 190.68600 188.87399 189.82100 189.74500 191.07001 190.88699 191.59399 192.74400 193.98500 197.21899 199.03200 200.49699 199.53200 197.50600 196.44299 196.83501 196.19400 196.91701 196.33701 196.19600 191.83099
167.94901 165.03600 161.97099 155.29100 154.71500 155.48399 160.58701 160.52499 163.90300 161.47800 162.00900 164.13400 164.50000 163.65900 160.89101 163.95000 166.26700 165.86200 169.73100 170.34300 173.03799 167.17000 173.17101 176.58600 179.02299 181.08099 178.64101 174.22501 177.48000 180.81000 182.64600 179.07401 182.53200 184.53000 181.28700 179.61200 184.91299 183.04900 182.08000 179.69000 181.44200 182.31700 181.74800 184.98599 185.00500 187.50400 187.27600 193.21899 191.75900 190.85699 191.53700 192.89000 192.44000 194.53999 197.27600 197.11301 199.48100 199.57700 200.81100 203.00700 202.75999 201.01300 198.95399 198.26700 196.84500 190.67300 192.23000 190.88400 191.73399 191.31700
170.48700 166.32401 166.60899 159.50800 156.70700 157.31799 154.79900 156.66200 162.35201 162.26700 163.05400 166.14500 164.70300 167.93700 167.44701 163.98399 168.81900 174.24300 177.12500 176.38600 178.06500 179.95599 176.35500 177.53200 181.98399 185.81100 188.53300 184.76100 184.75900 187.51601 185.12601 186.73500 186.61200 184.81900 184.08200 183.37500 183.06000 185.99800 183.10699 180.09900 178.71500 185.38100 187.04700 185.64600 190.78000 195.32401 197.69800 201.00999 204.01601 202.75500 204.10500 205.13100 205.87801 205.93700 204.07201 202.40300 202.60400 203.41499 205.38200 204.88400 203.87900 201.84100 200.58000 196.62100 190.70599 188.05099 189.12300 189.27100 190.54900 192.74699
172.76300 174.03101 170.87801 163.71800 163.93201 160.59500 160.06400 153.89101 158.44800 162.57600 160.31900 160.30701 163.32800 167.03700 165.43500 167.92101 172.52000 173.61800 176.42400 180.58400 182.04601 182.01900 179.77600 176.25200 184.21600 189.29100 189.65300 184.83400 186.00400 185.29900 182.24600 186.90100 188.94400 186.06400 185.17500 184.16100 186.02299 186.50400 187.51700 184.22501 184.55800 189.89799 196.69501 193.67599 198.25101 206.12199 207.27299 206.01601 205.82700 201.93600 205.08400 -9999 -9999 210.42599 210.40700 212.10800 209.26601 208.97301 209.85500 208.88400 205.99200 204.40401 198.40100 193.46201 189.10001 190.17000 187.29100 186.59500 186.06100 193.59700
168.29401 166.56300 169.85899 167.51801 165.00700 164.62300 165.54700 159.99500 165.43600 162.28500 160.55400 159.84100 163.98500 163.92200 165.20599 170.12900 173.42200 171.61000 176.44901 180.74500 178.89700 182.00800 185.48500 186.83200 185.77400 180.32401 184.76401 184.04300 185.91901 184.49699 185.11200 184.42101 189.95700 188.83501 186.64101 186.61000 187.33701 188.24001 196.38300 203.11200 -9999 -9999 -9999 -9999 210.79401 -9999 203.78799 197.85899 203.32001 204.56200 211.78799 -9999 -9999 211.42599 213.16499 215.83200 216.34399 217.56400 215.40900 212.95200 209.79500 207.95700 205.68500 201.84300 199.61099 202.45000 191.86800 192.04300 194.65500 204.05099
