data/hydroclimate-scenarios/BCSD_hadcm_B1/monthly_summaries/olr_monthly_avg_jul.2070-2099.asc
ncols	311
nrows	91
xllcenter	102.75
yllcenter	31.75
cellsize	0.5
NODATA_value	-9999
[rows 31 to 61 of 91, columns 0 to 69 of 311]
-9999 -9999 -9999 -9999 -9999 -9999 -9999 -9999 -9999 -9999 -9999 344.27802 346.30701 347.26199 349.85400 346.37701 346.12601 346.51801 348.02399 348.73001 349.99200 348.35800 348.55200 350.95700 350.95999 349.64499 347.65799 346.24301 347.31400 346.12900 345.18500 346.09698 346.10199 345.84900 345.28400 348.11200 349.88901 345.89801 342.47601 343.83499 344.76999 344.20700 342.78500 343.23099 343.62299 343.79001 344.80801 347.47198 349.87399 350.59799 351.07001 352.62299 352.48300 351.87201 350.65799 349.44501 348.39401 346.94699 346.67099 347.86600 346.89001 346.60101 345.66501 346.60599 345.98801 345.07599 339.31500 336.75601 325.31699 315.76700
-9999 -9999 -9999 -9999 -9999 -9999 -9999 -9999 -9999 -9999 -9999 343.92200 344.60501 346.75800 347.86499 347.33099 348.69601 349.90701 351.71600 353.68399 351.82999 353.19800 356.36200 354.10400 353.86700 353.13400 349.91501 349.81900 348.47900 348.80301 346.23300 347.14401 348.25400 346.75800 344.66400 350.30499 350.79099 351.56900 350.20999 348.58200 348.50900 349.49301 350.82501 349.11499 347.74200 346.96399 346.86099 344.94400 343.97601 346.68701 347.78299 347.01999 347.23099 346.20599 347.64001 348.58600 347.94101 347.63300 348.73700 347.05499 346.78201 347.18900 348.06601 348.37900 349.24600 350.04700 344.19101 338.07199 329.04401 320.99399
-9999 -9999 -9999 -9999 -9999 -9999 -9999 -9999 -9999 -9999 -9999 345.42499 344.28601 346.91800 347.06900 349.47101 350.81500 353.38101 356.58701 357.40302 358.30301 358.23499 358.88501 356.42401 351.79199 347.75201 346.16901 346.80600 349.14899 353.38400 349.16901 348.69101 348.55301 348.20901 349.35001 351.63699 352.37500 352.14499 351.48300 345.35800 350.17200 346.18100 350.58600 351.59500 348.81900 347.42801 345.79300 345.95599 346.22601 346.63400 346.62601 349.24301 348.62299 349.50400 351.55701 350.52301 349.31799 346.79700 347.22699 347.58301 347.30399 346.91699 350.37201 350.77301 349.17801 345.75000 342.90799 338.07599 332.50000 325.31000
-9999 -9999 -9999 -9999 -9999 -9999 -9999 -9999 -9999 -9999 -9999 -9999 349.99701 351.50601 353.38000 353.87701 355.91699 359.83600 363.41101 366.35300 366.65100 362.07300 355.84900 350.06601 346.23099 336.62399 337.99100 337.28201 345.23300 347.97000 349.38400 352.24301 351.28601 351.36600 350.45401 351.26401 350.80200 352.41501 351.87601 348.67999 349.50800 349.99701 350.69800 354.79800 352.80200 351.30701 352.32401 353.60101 353.24200 353.06799 354.31400 352.96399 352.20001 352.10199 350.19000 349.63599 349.61301 350.35300 349.32401 350.82599 351.01901 351.57700 348.89301 347.00101 346.41101 345.81900 344.52301 337.41101 324.53101 320.05301
-9999 -9999 -9999 -9999 -9999 -9999 -9999 -9999 -9999 -9999 -9999 -9999 351.67599 354.21899 354.96899 356.80399 360.88599 363.96201 365.58099 366.91299 366.68201 351.28699 346.17599 340.36301 332.61200 336.92599 338.91299 333.47699 340.04901 340.64401 341.51401 342.08401 350.58200 353.12799 352.52701 352.60699 351.69101 353.98499 354.92499 352.24200 352.53500 349.71600 351.93301 354.87601 358.51901 358.21600 359.39401 356.88901 356.59399 351.92700 351.23700 354.50800 353.88000 353.36301 355.31400 354.16299 354.19901 354.75299 354.40100 353.75800 352.11899 345.62701 342.93701 340.97501 342.93100 346.62000 340.91599 337.43799 330.89600 328.27899
-9999 -9999 -9999 -9999 -9999 -9999 -9999 -9999 -9999 -9999 -9999 -9999 353.10001 357.98300 359.21500 360.83401 362.20999 362.60901 362.01099 358.69000 356.51300 348.18399 344.96799 338.64001 337.33099 333.59799 337.49600 343.69000 340.29501 345.94299 348.40601 353.29800 350.75101 348.73099 355.02499 357.41199 356.85699 355.98099 357.92401 356.81500 350.48001 346.70700 352.52301 356.25299 358.24701 358.07901 357.37299 351.65701 352.60901 357.75000 357.20999 358.03000 359.75299 357.66101 359.54501 358.54599 358.37201 356.88800 354.47601 351.88300 350.83899 344.75201 345.75601 348.03500 343.82800 341.34698 338.65900 338.08600 329.26300 330.83301
-9999 -9999 -9999 348.47000 348.97299 349.08499 350.81100 352.66400 350.88501 -9999 352.33801 353.85400 357.60199 360.09500 361.15601 360.89001 359.61401 360.98099 355.65701 352.59299 353.16699 350.03101 345.45200 342.30200 339.37601 339.88300 343.14600 336.74899 338.42099 330.32401 341.60300 349.65900 345.87701 335.65799 346.29300 350.13501 348.29401 349.21701 350.69699 355.93600 355.99100 350.55899 355.30399 356.78601 354.74100 350.78601 344.35400 352.49500 352.96201 353.51300 351.34399 351.08899 348.29300 341.63501 346.22400 337.42999 334.46899 351.83099 343.56201 349.86801 353.02301 347.29901 345.67999 343.48599 344.76901 343.54401 337.47800 334.86499 334.17899 331.72198
-9999 -9999 -9999 352.03101 352.27100 352.28699 350.29001 350.38000 352.35999 353.79700 356.26501 359.79700 356.69400 356.80399 353.63800 350.76700 348.24600 349.11200 348.13501 348.84000 349.90601 344.28699 348.45099 349.10001 343.12799 344.85101 340.82901 339.30099 334.69901 328.31100 338.32999 336.94901 338.34799 334.06799 338.21500 339.53799 339.96301 336.07300 348.22601 341.58701 342.41000 350.27600 355.43301 351.49799 348.11801 341.89700 341.29700 355.42300 347.59100 344.70401 342.39401 344.85101 341.17401 340.11099 349.91101 342.98001 349.72900 348.85300 341.88400 344.34399 346.24399 343.15601 341.42499 342.34399 340.17700 346.09698 342.51199 343.96201 338.56000 333.67200
-9999 -9999 -9999 353.66800 352.84601 350.56400 350.13901 352.05701 355.69400 358.52301 357.99399 356.30801 352.88599 347.45801 339.92001 344.38400 341.66501 342.95801 347.17499 347.98199 345.96301 339.85501 342.49600 338.59299 332.12100 338.35199 337.38400 336.74500 338.03500 325.81601 317.72699 323.54999 333.42801 334.65900 331.81799 334.78299 339.56100 342.59698 345.14301 341.57901 341.94299 346.53500 352.27701 354.28799 358.18600 351.52701 349.88901 349.16800 347.39099 340.18701 336.65900 348.52200 345.40601 346.39099 349.48700 347.95401 351.54999 352.63501 346.22501 344.67001 349.00400 347.77100 349.01401 342.54901 343.64499 344.43600 341.18701 336.95599 325.65100 323.90701
-9999 -9999 -9999 353.95499 358.78799 352.75601 356.49799 352.59900 352.47101 352.53201 355.49799 357.50101 346.30099 341.09500 338.70700 339.61600 335.84900 333.82501 336.66901 341.50601 334.01901 327.78699 321.35199 327.99200 330.40399 335.50800 338.14499 338.02301 325.36200 316.01599 321.75699 339.18301 331.14700 320.79099 321.52100 328.57901 339.17401 348.19800 343.32001 347.49100 346.65900 339.43900 337.59799 345.82199 361.65900 351.11099 345.06400 352.81000 342.16599 346.37601 337.63101 345.40799 344.22400 339.03699 344.76001 346.81500 348.20499 343.93600 340.68701 341.61301 334.64600 344.21100 345.50500 345.21201 342.31400 343.84399 339.16901 333.90500 321.96701 318.95001
-9999 -9999 -9999 356.31799 360.48499 351.88599 353.09601 351.44299 347.91599 350.84399 357.13000 351.04999 341.53500 335.16800 328.43799 331.06100 328.27200 332.99799 341.15302 345.97601 336.37399 330.28601 324.28000 336.42001 338.56000 341.97800 347.07700 341.76599 330.82901 321.85101 321.66699 325.56799 323.04401 327.46799 331.07101 332.94400 334.13400 343.00400 346.71100 348.16699 343.10400 340.54001 338.69699 340.73401 349.98999 349.97299 349.82599 349.37500 347.00201 344.97000 343.15799 352.10599 346.43600 337.06201 348.12399 338.45300 348.27100 348.43799 342.77499 334.03699 336.60101 338.75500 340.72601 334.38901 332.83801 342.23801 335.74600 327.24100 321.29700 329.83801
-9999 -9999 -9999 -9999 350.71899 348.19000 350.84500 345.28900 344.01401 348.04001 356.24301 350.72000 328.15302 341.00201 -9999 -9999 -9999 -9999 -9999 323.41699 322.64200 327.23499 322.65701 316.44901 323.28299 329.96301 343.72198 337.68100 332.76099 335.12201 331.32199 328.92599 328.23700 334.47000 343.21301 347.10800 343.87799 349.44101 348.93799 349.01001 351.40500 350.01700 346.37500 342.35300 346.45999 350.55701 349.57800 342.52600 347.86499 352.67899 347.73199 344.68701 349.01300 338.47101 337.12000 333.59299 331.07599 332.68100 334.05499 338.13300 333.85199 330.88599 333.09500 336.56201 336.33600 332.54999 334.40701 340.07501 342.68100 -9999
-9999 -9999 354.32199 351.48599 350.25699 351.93399 349.87701 341.48001 347.45999 349.73801 355.77499 347.34100 329.68701 -9999 -9999 -9999 -9999 -9999 311.06900 322.17401 321.95001 332.36899 332.67899 325.19699 327.03699 330.37201 344.40701 345.13199 342.98801 343.08899 339.22000 336.96600 338.48300 338.31299 341.70999 350.54901 347.33200 349.95300 348.82901 349.80301 348.19800 349.15500 347.38800 348.60501 353.67300 355.29700 354.33099 355.27301 360.81900 368.14499 364.60901 360.32501 356.24399 358.73001 349.87799 354.85699 347.31500 337.65201 337.05200 348.25201 347.13901 345.21399 344.95901 342.30600 345.85501 347.58099 349.03601 -9999 -9999 -9999
-9999 -9999 355.00101 353.40302 355.34500 352.81699 353.43201 345.42999 348.48700 352.82300 349.08499 345.74899 346.11499 -9999 -9999 -9999 -9999 334.62799 317.91299 330.17700 328.74399 332.13901 332.10800 335.21799 341.74301 349.33200 348.17001 344.93799 346.37601 348.54001 344.44199 337.80200 344.01300 347.54901 346.62900 348.87601 351.09100 352.88400 346.49200 341.55600 346.77200 341.99200 342.54401 346.59299 347.26999 352.98300 359.54901 357.30399 371.90500 368.95901 370.98901 370.51801 369.78900 368.23099 366.79099 375.57599 368.96899 350.42499 345.42200 353.79999 355.81699 346.42200 352.79300 361.15900 365.87500 -9999 -9999 -9999 -9999 -9999
-9999 -9999 358.81699 352.04199 352.87000 350.63501 352.78699 350.51099 349.92300 350.51801 344.47400 343.23901 358.47400 -9999 -9999 -9999 -9999 323.03201 324.79501 330.29901 329.86600 336.82901 342.08401 345.55600 345.08499 348.64700 343.26199 348.05301 346.53101 347.77301 343.83701 343.54999 342.54999 342.98099 348.21500 346.36499 346.36200 346.77701 343.59299 349.91501 349.45999 351.96201 350.58701 346.12500 351.17401 349.29999 353.28101 354.86899 363.17300 366.55600 376.37601 372.40201 370.38101 368.47699 368.27600 382.33099 381.00000 365.51099 365.06601 367.02301 376.40500 375.95001 375.71201 366.17499 355.87799 350.19199 362.19501 351.37500 357.10599 -9999
-9999 -9999 -9999 354.89099 351.21100 352.30801 355.11700 356.92999 352.50699 347.08600 353.33701 357.02701 -9999 -9999 -9999 -9999 330.62799 327.15900 333.48300 335.09299 336.37201 344.32501 342.69901 345.12000 345.46600 346.32199 346.44901 344.55801 346.72800 337.58401 338.22601 344.67700 349.78500 349.33200 350.86499 352.72501 356.38699 357.63199 358.67499 360.51999 358.61099 358.16299 353.69699 355.15701 363.07401 361.94699 367.10101 374.09698 371.57501 373.88101 368.56601 371.76901 375.30301 368.73099 363.41699 366.03400 367.46399 359.21799 360.48599 371.53799 372.25800 370.43900 356.30701 334.21899 321.42700 347.95901 359.76501 357.53400 361.12399 356.97299
-9999 -9999 -9999 -9999 357.63400 355.63699 356.78900 353.07101 349.67599 359.81601 363.69699 -9999 -9999 -9999 -9999 337.54501 332.02899 337.21600 341.94601 340.56500 343.79501 348.28101 346.53799 342.32501 343.02100 350.40701 351.68500 352.18701 348.57300 347.85501 344.36401 354.31900 357.08401 355.98199 350.66800 354.23599 356.66699 359.84799 359.14200 361.49100 357.59601 357.95901 358.71301 361.38300 367.38800 367.97400 370.38000 375.89301 378.37601 379.27399 380.76801 381.85001 378.47699 376.20001 378.43201 382.16599 384.41699 367.92700 366.58301 374.65100 364.97501 354.45999 350.98499 351.62701 341.58301 350.27701 364.66101 368.38800 360.22699 361.24200
-9999 -9999 -9999 -9999 -9999 -9999 358.40601 359.33899 365.57401 367.27899 364.84900 -9999 -9999 -9999 -9999 -9999 343.29999 345.99399 347.17999 343.94299 343.55099 362.10501 345.91501 344.90100 347.59601 354.60199 358.01801 355.93399 357.60501 356.46600 352.74899 357.15701 361.22299 353.04700 355.15900 360.32300 357.54300 354.34799 360.76999 356.58701 356.03601 350.07700 352.22000 358.28500 361.22699 369.82300 374.91901 377.84201 379.31500 380.71600 383.91101 383.01001 385.06201 384.20801 383.79599 385.63699 383.74399 377.94400 374.29401 370.40302 361.71799 353.81799 349.48199 343.99399 336.21899 345.67001 363.25601 376.38199 370.86401 363.51199
-9999 -9999 -9999 -9999 -9999 -9999 -9999 -9999 -9999 -9999 -9999 -9999 -9999 -9999 -9999 -9999 -9999 -9999 -9999 346.21301 347.10001 358.97800 352.36301 353.42599 353.91400 355.55899 356.62299 364.17401 365.28900 359.11600 358.18799 363.41199 357.36099 356.67700 356.21500 358.13800 360.55301 357.32300 357.73599 352.56400 349.99500 352.35901 355.70401 358.42801 362.47400 369.44199 377.28799 380.20999 382.48199 382.56000 384.68799 387.43100 387.17200 391.91299 389.81000 388.60800 385.94299 384.45099 375.92401 371.07300 356.94000 357.12100 351.60901 342.25601 338.25400 360.39999 373.78799 382.03201 377.90601 361.91199
-9999 -9999 -9999 -9999 -9999 -9999 -9999 -9999 -9999 -9999 -9999 -9999 -9999 -9999 -9999 -9999 -9999 -9999 350.03400 352.95700 357.80399 363.07001 364.05399 359.13599 360.80301 360.34601 364.99301 364.58600 362.45099 358.82999 359.86899 358.44800 355.85901 355.93301 357.14499 361.56699 359.54300 361.29300 354.58499 351.24200 349.85901 354.18100 356.07599 356.69101 360.64999 364.41400 373.10999 381.03900 387.13300 386.58600 389.67001 389.28900 392.07901 390.45499 388.43500 393.91599 390.81601 375.56799 366.35800 370.99799 371.75900 371.88400 363.07599 354.94400 348.90201 365.99500 375.16400 381.24600 378.35199 373.74600
-9999 -9999 -9999 -9999 -9999 -9999 -9999 -9999 -9999 -9999 -9999 -9999 -9999 -9999 -9999 -9999 -9999 351.83200 350.77399 360.58899 361.14700 362.91901 364.88000 361.89001 365.04599 364.78400 367.77200 364.94901 357.75201 356.57401 356.70200 360.50601 358.82999 363.71500 363.88599 358.39001 353.73099 355.41599 357.20599 352.98901 353.05801 357.00800 357.07401 361.75299 365.10699 369.76001 375.12601 377.19199 387.44601 388.26801 392.81601 394.81900 393.78201 390.23199 390.92300 392.75101 387.51401 375.63901 369.33701 374.91101 385.80099 375.81699 352.13699 348.40302 366.85699 372.48700 372.67401 380.85599 379.68100 376.05801
-9999 -9999 -9999 -9999 -9999 -9999 -9999 -9999 -9999 -9999 -9999 -9999 -9999 -9999 -9999 -9999 -9999 352.25400 353.21399 354.08099 358.06400 360.08801 364.74301 365.35300 375.70001 369.09900 370.05499 369.02802 367.79901 362.04501 361.81799 364.31699 366.09500 371.70999 364.73499 358.97101 355.41699 356.73001 350.14099 351.91101 354.24100 360.18399 363.30200 367.56601 370.26999 383.82101 386.66901 375.63800 380.76401 391.05399 395.08499 396.06201 395.18500 394.65302 395.20599 392.32800 379.53601 377.67099 381.49899 384.62601 378.80301 368.41101 366.06601 362.20599 350.01999 358.62000 372.94400 366.32999 377.60001 378.72501
-9999 -9999 -9999 -9999 -9999 -9999 -9999 -9999 -9999 -9999 -9999 -9999 -9999 -9999 -9999 -9999 344.63400 344.22501 344.63501 351.24701 361.37701 368.25000 368.28500 371.67700 384.05899 372.90100 376.10300 382.39801 376.82101 368.11899 367.20300 370.91699 370.52701 377.05399 373.27499 366.21799 359.99701 356.75101 351.90799 357.50601 361.97299 364.36899 366.30899 373.48300 378.84900 386.99899 389.38000 375.07300 380.18799 391.85999 395.80499 396.61099 393.83099 396.20599 396.01199 393.96500 391.01700 385.98599 385.51099 380.23099 382.27600 377.23001 368.17599 352.52100 362.23001 366.53900 371.93600 376.21201 385.62299 382.35101
-9999 -9999 -9999 -9999 -9999 -9999 -9999 -9999 -9999 -9999 -9999 -9999 -9999 349.59299 345.12399 344.11600 342.21899 335.65500 342.50900 354.45300 359.38599 356.87299 365.30099 368.61499 369.31000 380.53201 381.65500 381.05600 380.19800 379.79401 378.22000 376.91400 375.65302 376.90701 373.88300 366.78000 364.18900 364.29901 360.81100 361.63901 365.52100 371.45999 377.04199 385.67200 387.08701 386.65201 387.82599 387.20401 386.66199 386.27100 387.39600 390.94501 391.42300 399.57300 401.11499 396.39600 394.60599 393.62601 392.75699 390.40201 387.20200 386.20801 383.09100 382.77399 389.08499 396.58600 395.42801 392.22400 388.05499 382.01300
-9999 -9999 -9999 -9999 -9999 -9999 -9999 -9999 -9999 -9999 -9999 -9999 352.98001 348.75201 346.08200 345.73599 345.60599 346.20200 345.54199 363.00500 358.93100 364.73199 369.22699 371.18701 371.97198 382.80301 382.23700 383.04300 381.45801 382.75400 382.09000 380.89499 379.79999 379.17099 378.32101 372.20999 368.47000 367.53500 365.05499 368.63000 369.82800 376.90399 382.32101 388.91299 390.88901 390.97501 391.33200 389.51099 387.76199 386.06799 388.05499 390.67700 392.03500 399.22400 402.53900 402.78900 398.33200 390.54401 384.87900 385.80099 385.28699 390.78000 391.85300 388.33600 395.06201 401.14600 397.81799 393.54700 388.18100 374.07800
-9999 -9999 -9999 -9999 -9999 -9999 -9999 -9999 -9999 -9999 -9999 338.47198 342.61899 342.14401 347.61801 353.51700 355.41299 355.62601 355.87000 356.85599 360.83301 369.43500 372.21899 372.57300 373.04901 375.20999 374.75900 381.99301 386.10001 388.94000 385.29700 382.60101 382.05301 380.35300 379.78400 371.46201 365.00400 364.82901 368.68301 373.09399 379.90399 382.23999 391.20401 393.90799 394.25800 395.41000 394.94400 393.30701 391.54700 389.75400 389.67001 381.21100 386.76001 387.45300 391.02701 395.09000 399.88101 393.51099 399.36099 400.48901 399.03400 405.79700 406.20300 405.82300 406.15701 405.05701 398.18201 394.37900 380.65601 366.36200
-9999 -9999 -9999 -9999 -9999 -9999 -9999 -9999 -9999 -9999 341.05399 340.54700 349.88699 345.88199 354.74301 359.37601 361.50400 360.89401 360.07700 361.45099 365.01401 372.24200 373.34299 375.15601 375.39499 376.10599 376.65799 385.94901 387.48999 387.19501 386.60300 385.34299 383.30801 381.71399 377.89899 369.55399 365.63400 367.17499 373.91599 379.48001 387.23801 393.82599 401.70901 399.20901 399.04199 399.08701 399.30301 396.81900 395.57901 393.47101 392.37399 381.50601 385.85199 385.39600 390.12701 393.64801 391.33899 393.00299 403.47198 403.78601 403.13699 406.71899 406.62000 406.49200 405.37000 403.45599 398.69699 390.90799 374.97400 356.94299
-9999 -9999 -9999 -9999 -9999 -9999 -9999 -9999 -9999 355.80499 356.83701 354.29300 354.82501 357.09000 360.51999 361.41199 363.28299 364.38901 368.67700 370.44199 372.98901 371.53900 372.37100 376.56699 376.99799 380.29599 382.95499 387.98700 387.46600 390.01599 393.83099 383.15799 380.01401 372.04001 365.85501 363.50400 361.42099 371.83701 377.69501 389.05899 396.96500 405.94299 411.78201 411.48001 411.39499 408.05701 409.55399 401.22900 399.23001 398.14401 395.11099 386.83600 382.36401 369.63599 369.04501 398.29999 401.79001 405.93900 406.95099 407.43799 406.71799 406.20300 406.13300 405.63400 403.46301 398.67499 392.53500 379.39099 367.48099 357.47000
-9999 -9999 -9999 -9999 -9999 -9999 -9999 -9999 -9999 -9999 358.94400 357.92200 358.60199 362.16599 370.69000 366.42999 366.18500 367.38599 368.87701 368.99701 368.88699 372.58099 373.33099 -9999 -9999 -9999 -9999 -9999 -9999 391.18500 391.88699 384.23001 380.36099 372.44299 364.39001 363.91400 364.98700 376.73300 384.08099 395.53299 403.05899 411.42200 417.06500 415.61099 415.36899 411.43701 409.77399 405.10901 402.22900 402.20901 398.01401 392.55600 384.14999 371.15302 370.59000 400.39600 406.84000 407.11301 408.23901 408.15701 408.24899 405.92200 404.26999 401.97101 386.89001 391.93100 380.80801 370.38400 348.03500 348.42401
-9999 -9999 -9999 -9999 -9999 -9999 -9999 -9999 -9999 -9999 -9999 -9999 360.43701 364.94000 366.16901 380.12399 378.28699 378.00400 378.00000 -9999 -9999 -9999 -9999 -9999 -9999 -9999 -9999 -9999 -9999 -9999 -9999 -9999 -9999 378.25900 367.30099 370.75000 373.91599 383.99399 394.38599 401.60901 408.39401 414.13199 416.80399 417.53601 416.17700 415.26700 414.21899 411.91199 410.47699 408.70901 403.93900 385.44199 383.25299 383.40399 385.20401 403.37601 403.56601 404.84900 407.64200 409.91599 408.92099 404.50299 400.28900 398.13300 394.00900 389.63400 375.32901 366.04599 356.29401 359.35199
-9999 -9999 -9999 -9999 -9999 -9999 -9999 -9999 -9999 -9999 -9999 -9999 -9999 -9999 -9999 -9999 -9999 -9999 -9999 -9999 -9999 -9999 -9999 -9999 -9999 -9999 -9999 -9999 -9999 -9999 -9999 -9999 -9999 -9999 374.57599 372.48199 385.27200 387.61700 398.70300 406.90399 411.21500 413.34299 415.76599 419.44199 418.50500 415.42899 414.91299 413.50500 411.44501 409.40399 405.90399 390.00699 386.60699 386.54901 387.28500 407.34201 404.69101 397.95999 401.33401 405.00601 405.74899 402.41901 403.92899 400.49200 395.84900 385.14899 370.54199 360.00800 348.87799 354.12799
