data/hydroclimate-scenarios/BCSD_hadcm_B1/monthly_summaries/olr_monthly_avg_jul.2030-2059.asc
ncols	311
nrows	91
xllcenter	102.75
yllcenter	31.75
cellsize	0.5
NODATA_value	-9999
[rows 31 to 61 of 91, columns 0 to 69 of 311]
-9999 -9999 -9999 -9999 -9999 -9999 -9999 -9999 -9999 -9999 -9999 338.66000 340.62601 341.37100 343.94101 340.97800 340.77200 341.46399 342.98199 342.63800 343.89099 343.03400 343.22101 345.03500 345.04901 344.01999 342.09900 340.57800 341.52600 340.48199 339.46500 339.96600 339.87601 340.16101 339.51300 342.94699 344.74600 340.98999 337.78400 338.03101 339.04999 338.05301 336.76501 336.37100 336.87500 338.08200 339.21701 341.97900 344.51401 345.79501 346.21201 347.53101 347.15500 346.38400 344.97900 344.00101 342.78601 342.02600 341.48099 341.46701 340.26801 339.64899 338.47900 338.69601 337.84399 337.30499 331.74399 328.91400 317.86099 308.68301
-9999 -9999 -9999 -9999 -9999 -9999 -9999 -9999 -9999 -9999 -9999 338.23499 338.89600 341.01401 342.09900 342.30801 343.67801 344.69400 346.50400 348.38300 346.56299 347.65799 350.70401 347.99100 347.72601 347.26999 344.11600 343.97699 342.60999 343.25000 340.69299 341.30099 342.31201 341.53900 339.44199 345.26001 345.73499 346.20700 344.87500 342.50500 342.44299 343.49200 344.79901 341.96301 340.74399 340.27899 340.29901 338.55701 337.71301 341.31799 342.41299 341.26700 341.42401 340.32800 341.67099 343.19299 342.53699 342.56201 343.33801 341.00800 340.47800 340.61600 341.19299 340.59100 341.16400 341.72000 336.05499 329.83099 321.10300 313.49200
-9999 -9999 -9999 -9999 -9999 -9999 -9999 -9999 -9999 -9999 -9999 339.64099 338.51700 341.04800 341.21500 344.30600 345.66400 348.01199 351.20200 351.95001 352.80899 352.44101 352.98901 350.04099 345.45099 341.77899 340.19299 340.72501 342.98599 347.41800 343.32001 342.62601 342.47101 342.82599 343.91000 346.47101 347.08099 346.45700 345.72900 338.91699 343.47501 339.60699 343.79901 343.57700 340.97501 339.91101 338.39200 338.62201 338.95599 340.26199 340.36099 342.67700 342.20801 343.11499 345.26099 345.01099 343.98099 341.99399 342.09399 341.75201 341.20001 340.54599 343.60901 343.08899 341.26001 337.69199 334.91299 329.90100 324.47101 317.66699
-9999 -9999 -9999 -9999 -9999 -9999 -9999 -9999 -9999 -9999 -9999 -9999 343.19400 344.67099 346.56299 348.24100 350.29901 353.98599 357.56400 359.60699 359.87000 355.38599 349.18701 343.65399 339.86401 330.47101 331.74399 330.81799 338.53400 341.45099 342.81201 345.84601 344.90500 346.04199 345.15399 346.08499 345.50400 346.88400 346.21201 341.21899 341.89001 342.12799 342.66501 346.79401 344.89099 343.19800 344.22000 345.12601 344.79800 345.29800 346.61899 345.17700 344.65601 345.01599 343.36700 342.70499 342.89600 344.17801 342.89401 344.29199 344.19699 344.19699 341.32800 339.37701 338.54599 337.63000 336.33801 330.43799 317.93201 313.32700
-9999 -9999 -9999 -9999 -9999 -9999 -9999 -9999 -9999 -9999 -9999 -9999 344.49500 347.00000 347.79501 350.78601 354.87100 357.73801 359.40500 359.88901 359.63501 344.59799 339.54001 334.05399 326.46399 330.62601 332.50000 327.02200 333.35501 334.16199 334.97400 335.75400 343.92300 347.41501 346.79800 347.01999 345.98199 347.99799 348.74701 344.25699 344.39700 341.43900 343.43399 346.40100 349.90302 349.31000 350.44101 347.67300 347.36801 343.48999 342.90399 345.90799 345.49899 345.46399 347.55200 346.28299 346.49600 347.56400 347.01300 346.39999 344.62000 337.82800 335.05499 333.11899 334.83499 338.09299 332.54901 330.13599 323.76001 320.98001
-9999 -9999 -9999 -9999 -9999 -9999 -9999 -9999 -9999 -9999 -9999 -9999 345.67200 350.64499 351.92200 354.37399 355.79800 355.43600 354.94400 351.75900 349.63800 341.20999 338.04001 331.54501 330.23499 327.26501 331.03201 336.60300 333.23599 338.74600 341.05399 346.15601 343.63300 341.94601 347.93201 350.99399 350.30701 349.05801 350.75500 348.54901 342.32001 338.60800 344.04099 347.70001 349.57401 349.16800 348.43301 342.59601 343.45401 348.41101 347.94699 348.83600 350.68399 348.72501 350.70099 349.72601 349.73499 348.70300 346.24701 343.49399 342.36600 336.02701 336.91800 339.33099 335.18201 332.97501 330.33701 330.24799 321.68900 322.50900
-9999 -9999 -9999 341.67599 342.17599 341.44501 343.20999 344.16199 342.51700 -9999 343.97601 346.05301 349.76001 352.39401 353.51099 354.14899 353.00101 353.59000 348.51001 345.59900 346.18500 342.83200 338.35001 334.98199 332.10501 333.24600 336.36600 329.78400 331.30099 323.45401 334.27899 342.41199 338.66101 329.06000 339.19800 343.66599 341.73199 342.19199 343.43301 347.30200 347.19101 341.88800 346.27600 347.74301 345.69699 341.62601 335.34201 342.80301 343.15500 343.65799 341.61700 341.44800 338.91699 332.56000 337.10599 328.60300 325.89401 342.97000 334.94800 340.83499 343.83701 337.94601 336.34000 334.54300 335.77200 334.81000 328.90302 326.86200 326.14301 323.09100
-9999 -9999 -9999 343.37701 343.62000 343.77301 341.91299 342.75800 344.69800 346.37100 348.79599 352.00800 349.04199 349.46399 346.46701 343.63901 341.30301 342.34601 341.51199 342.25101 343.32101 337.18301 341.18600 342.27701 336.50299 337.48700 333.59601 331.66501 327.09000 319.99899 329.57501 329.83899 331.06201 326.66800 330.52100 331.52100 331.75299 327.66199 339.14401 333.21600 333.83600 341.27701 346.03900 342.67801 339.32901 332.95999 332.26501 345.77301 338.16901 334.89899 332.69299 334.06799 330.66599 329.81100 339.33499 332.85599 339.42700 339.02499 332.36700 334.63400 336.50699 334.32501 332.68100 333.44000 331.40500 337.01501 333.53699 335.18600 329.94501 324.93500
-9999 -9999 -9999 345.08401 344.29700 342.22299 341.82001 344.41400 347.92700 350.94901 350.43500 348.57599 345.24701 340.27600 333.04501 337.38699 334.84799 336.30701 340.49200 341.34698 339.41699 332.81500 335.36401 332.06100 325.79001 331.15701 330.20901 329.15100 330.25101 317.48700 309.49200 316.72601 326.12000 327.01599 324.13599 326.69800 331.10501 333.63501 335.91800 332.93399 333.11401 337.41400 342.73199 345.03299 348.62900 341.82800 340.13800 339.44299 337.61700 330.24100 326.86401 337.20499 334.35400 335.46301 338.53400 337.22900 340.79099 342.25299 336.19501 334.65100 338.86200 338.51501 339.80899 333.51099 334.65201 335.37701 332.21500 328.36499 317.42801 315.44800
-9999 -9999 -9999 345.62701 350.30301 344.33200 347.94299 345.08301 344.94000 345.54999 348.42001 349.92200 339.06201 334.41199 332.17300 333.29599 329.71600 327.79599 330.66599 335.18399 327.94199 321.64200 315.35300 320.99799 323.32700 328.45599 330.99600 329.91699 317.45200 308.57901 313.99799 332.03400 324.10501 313.67801 314.20401 320.51700 330.53799 339.15701 334.35501 338.12900 337.18399 330.45999 328.54300 336.48401 351.46399 341.61301 335.71201 343.15399 332.87201 336.26199 327.92700 334.23901 333.22800 328.04901 333.65302 336.46899 337.92899 333.68500 330.63501 332.05301 325.46100 335.11600 336.44299 335.70901 333.01801 334.40302 329.88699 324.86301 313.30899 310.16599
-9999 -9999 -9999 348.16000 352.20300 343.71899 344.87299 344.17001 340.72000 344.07599 350.15201 343.80399 334.54099 328.75000 322.26501 325.04800 322.40701 327.06299 335.07300 339.61801 330.25101 324.10999 318.23700 329.19400 331.25400 334.72299 339.63800 333.56100 322.72900 314.18799 313.81799 318.78299 316.13800 319.93600 323.19901 324.48599 325.49799 333.99899 337.40302 338.60300 333.60999 331.37601 329.46201 331.49301 340.20999 340.40799 340.15799 339.78101 337.39801 334.85599 333.13599 340.56900 335.29700 326.10501 336.82700 328.41400 337.97501 338.00900 332.67401 324.80499 327.37399 329.90601 331.91501 325.32999 323.96500 332.98999 326.72699 318.57501 312.83600 320.92499
-9999 -9999 -9999 -9999 344.38400 341.83701 344.37701 338.54901 337.28601 341.03500 348.94400 344.29501 322.37701 334.32700 -9999 -9999 -9999 -9999 -9999 317.50699 316.76901 320.84399 316.35800 310.32001 316.98999 323.61600 336.94699 331.38000 326.35501 327.84698 323.93600 321.71201 320.80301 326.27600 334.42700 338.23300 335.01901 340.14499 339.54700 339.68399 341.83600 340.32999 336.73901 332.50900 336.33301 340.20200 339.15701 331.67999 336.68100 340.93600 336.23999 334.39099 338.71399 328.33600 327.18900 323.41299 321.12799 322.81699 324.25800 328.04001 324.01300 321.13199 323.38800 326.86301 326.76901 323.19699 325.03101 330.34399 332.93799 -9999
-9999 -9999 347.61499 345.34799 344.16101 345.70001 343.65302 335.03400 340.81400 342.85599 348.64801 341.17099 323.98499 -9999 -9999 -9999 -9999 -9999 305.87201 316.34601 316.15701 325.88199 326.15701 318.90701 320.66101 324.03101 337.64301 338.62201 336.23901 335.48499 331.45999 329.32901 330.50000 329.77802 332.74600 341.24899 338.06000 340.41501 339.22198 340.23300 338.60501 339.36301 337.57001 338.34000 343.08600 344.61600 343.59299 343.77200 348.95499 355.59799 352.26001 349.25800 345.55099 347.66000 339.35901 343.75900 336.72601 327.60101 327.14001 337.81000 336.87000 335.00601 334.91101 332.48401 336.05099 337.85501 339.34100 -9999 -9999 -9999
-9999 -9999 347.85300 346.93500 348.79999 347.15601 347.71799 339.42001 342.35501 346.14899 342.45001 339.30801 339.60901 -9999 -9999 -9999 -9999 328.17899 311.91800 324.17200 322.79001 325.48401 325.39600 328.82599 335.12500 342.83801 341.65100 338.03900 339.14099 340.61801 336.36700 329.94299 335.62799 339.03101 337.85199 339.91299 341.90201 343.62201 337.39001 332.70901 337.57401 332.46201 332.88599 335.91299 336.49100 342.31299 348.49200 345.52100 359.33301 356.65302 358.61899 358.66699 358.10199 356.33600 355.11200 363.76801 357.61600 339.47101 334.78201 342.66699 344.70801 335.70300 341.96500 350.50800 355.19699 -9999 -9999 -9999 -9999 -9999
-9999 -9999 351.35001 345.37000 346.17200 344.83301 346.92499 344.25299 343.69299 343.87799 337.98901 336.94101 351.68701 -9999 -9999 -9999 -9999 316.92401 318.67899 324.33801 323.92099 330.07300 335.14600 338.84698 338.28601 342.05499 336.71799 340.87701 339.13300 339.77701 335.72699 335.43799 334.22299 334.71201 339.46799 337.63199 337.48401 337.86499 334.69101 340.71201 340.15701 341.97800 340.54099 335.50000 340.26300 338.86301 342.59900 343.30099 351.15201 354.49500 363.88501 360.51401 358.64499 356.50000 356.38501 370.00500 368.81500 353.59299 353.25000 354.91699 363.99899 363.51300 363.38901 354.73700 344.93100 339.66101 351.17700 340.71399 346.16501 -9999
-9999 -9999 -9999 348.01999 344.46899 345.20700 348.00000 350.32800 346.05701 341.39001 347.55099 350.39600 -9999 -9999 -9999 -9999 324.82199 321.31299 327.53699 329.04901 330.29700 337.64600 335.94199 337.75601 337.96600 338.52100 338.50800 337.71600 339.59399 330.42899 330.83701 335.86899 340.56100 340.25299 341.51401 344.05399 347.40100 348.55099 349.39001 350.56500 348.59000 347.71301 343.32700 345.06799 352.57800 351.26700 356.15500 362.32700 359.88501 361.86401 356.77100 359.73401 363.08301 356.62000 351.55099 353.75299 355.13901 347.05801 348.29901 359.33401 360.05399 358.88699 345.46799 323.28699 311.07101 336.54800 347.71500 346.25299 349.54901 345.31201
-9999 -9999 -9999 -9999 350.47299 348.27100 349.47800 346.46600 343.22699 353.80200 357.67700 -9999 -9999 -9999 -9999 331.61099 326.24600 331.23199 335.91599 334.49500 337.64499 341.54901 339.68500 334.98999 335.51199 342.35501 343.42300 344.95099 341.23700 340.28500 336.71899 345.12299 347.58401 346.73401 341.42300 345.60699 347.76300 350.75400 349.89999 351.54099 347.67999 347.55701 348.12000 351.03699 356.75699 357.10999 359.36700 364.17200 366.51801 367.15201 368.53299 369.38599 366.08301 363.66901 365.72800 368.90701 370.99100 355.02100 353.73999 361.84601 352.63000 343.15100 339.85400 339.41101 329.81500 338.10300 351.60400 355.72101 347.80499 348.33099
-9999 -9999 -9999 -9999 -9999 -9999 350.96500 352.16501 358.36899 359.86499 357.69199 -9999 -9999 -9999 -9999 -9999 337.26199 339.79300 341.01501 338.30899 337.86700 355.57700 339.56601 337.73499 340.17499 346.56400 349.64499 348.30499 349.74701 348.85699 345.10800 347.64099 351.37500 343.75201 345.62701 351.91299 349.04599 345.21399 351.17999 347.01801 346.26501 339.69101 341.56299 348.17001 350.98901 359.21701 364.06799 365.99100 367.36801 368.98499 371.92899 370.73099 372.53000 371.33801 370.80499 372.14099 370.22800 364.39001 360.83301 357.23901 348.93900 341.85699 337.70599 331.98099 324.54199 333.30499 349.71701 361.85199 356.41901 349.18399
-9999 -9999 -9999 -9999 -9999 -9999 -9999 -9999 -9999 -9999 -9999 -9999 -9999 -9999 -9999 -9999 -9999 -9999 -9999 340.53000 341.32501 352.43799 345.78101 345.94901 346.20901 347.34299 348.13699 356.09399 357.00201 351.30099 350.26099 353.59399 347.62299 347.25400 346.67700 349.84201 351.96399 348.07800 348.29199 343.18201 340.54001 341.86899 344.89499 348.32101 352.16599 358.85901 366.35101 368.26501 370.41800 370.72501 372.63400 374.85699 374.41101 378.45999 376.30701 374.68399 371.97900 370.20099 362.02499 357.48199 343.99100 344.56299 339.26300 329.85300 325.99500 346.70801 359.06900 366.53000 362.42700 347.06500
-9999 -9999 -9999 -9999 -9999 -9999 -9999 -9999 -9999 -9999 -9999 -9999 -9999 -9999 -9999 -9999 -9999 -9999 343.16199 346.29800 350.94199 356.36301 357.09799 352.30499 353.66800 352.44101 356.67200 356.81699 354.61099 351.05399 351.92099 349.89899 347.27100 348.31500 349.35501 352.48901 350.34399 351.87601 345.27301 341.89899 340.38199 344.46799 346.10800 346.37701 350.13800 353.54199 361.82401 369.75000 375.52399 374.64099 377.44000 376.52802 378.92401 377.26700 375.15601 379.74799 376.60400 362.01801 353.21899 357.59299 358.19199 358.12601 349.67999 341.63000 335.83600 351.62701 360.04099 365.79700 362.89200 359.17999
-9999 -9999 -9999 -9999 -9999 -9999 -9999 -9999 -9999 -9999 -9999 -9999 -9999 -9999 -9999 -9999 -9999 344.79800 343.75400 353.62299 354.04599 356.04901 357.72699 354.78699 357.56100 356.52701 359.14801 357.01801 349.96600 348.72101 348.72000 351.76300 350.02100 355.71301 355.76700 349.35199 344.69199 346.18100 347.72299 343.52200 343.42401 347.14301 347.05301 351.19400 354.34799 358.56799 363.64600 365.94199 375.63199 376.05801 380.20700 381.49899 380.29999 376.81500 377.20700 378.37000 373.20001 361.78699 355.69101 360.95300 371.06699 361.40100 338.94199 335.01300 352.30399 357.22501 357.29199 365.08200 363.86700 360.61801
-9999 -9999 -9999 -9999 -9999 -9999 -9999 -9999 -9999 -9999 -9999 -9999 -9999 -9999 -9999 -9999 -9999 345.06201 345.95700 347.11899 350.88901 353.00201 357.28601 357.99899 367.73300 361.63101 362.30801 360.51401 359.25101 353.47900 353.15100 355.30600 356.91800 362.03201 355.23700 349.81699 346.23801 346.91299 340.39600 342.89801 344.97699 349.93701 352.74799 356.97400 359.48801 371.83600 374.44699 364.30701 369.09201 378.82599 382.47400 382.78400 381.72198 380.60101 380.86401 377.90100 365.64401 363.72299 367.12601 370.06201 364.36600 354.06000 351.67999 347.60800 335.99799 344.45901 357.86200 351.59900 362.10699 363.57599
-9999 -9999 -9999 -9999 -9999 -9999 -9999 -9999 -9999 -9999 -9999 -9999 -9999 -9999 -9999 -9999 337.07999 337.16400 337.49500 344.09900 353.89700 360.72800 360.51300 363.92300 375.55600 365.05701 367.87299 373.04501 367.68600 359.18900 358.20401 361.48801 361.03201 367.10300 363.36301 356.71799 350.58899 346.86700 342.04001 348.20401 352.33600 353.91800 355.61899 362.56299 367.58801 374.75299 376.92499 363.64001 368.40201 379.39401 382.94699 383.07501 380.18201 381.82300 381.35699 379.16299 376.13699 371.22299 370.54401 365.54599 367.23599 361.92599 353.25101 338.07101 347.03000 351.43100 356.51099 360.52100 369.35599 366.84799
-9999 -9999 -9999 -9999 -9999 -9999 -9999 -9999 -9999 -9999 -9999 -9999 -9999 342.85699 338.44299 337.90399 336.00299 329.89099 336.53101 348.28400 352.95099 349.90302 357.81201 360.33099 360.76901 371.36801 372.17499 373.20300 372.28900 370.91599 369.32800 367.10501 365.81900 366.78201 363.77701 357.01001 354.35001 353.98099 350.46799 350.95901 354.51300 360.14099 365.29401 373.98700 375.20001 374.48801 375.48199 374.09900 373.48401 372.70901 373.59100 377.18600 377.36099 384.83600 386.01801 381.62799 379.64600 378.11099 377.03900 374.46500 371.21899 370.32199 367.15601 366.94800 372.60101 379.47000 378.53299 375.27399 371.53101 366.00101
-9999 -9999 -9999 -9999 -9999 -9999 -9999 -9999 -9999 -9999 -9999 -9999 346.10101 341.93900 339.30899 339.46701 339.33701 340.22400 339.57001 356.73700 352.67499 357.68799 361.80701 363.07599 363.61301 373.87201 373.08899 375.50800 373.86801 374.11301 373.39401 371.22900 370.10001 369.25299 368.33600 362.51099 358.68799 357.27200 354.65399 357.73901 358.67001 365.34201 370.28299 377.03601 378.78101 378.56500 378.77499 376.25400 374.49399 372.47900 374.17401 376.86899 377.86499 384.41000 387.23401 387.47601 382.97198 375.06201 369.47299 369.92599 369.19199 374.27802 374.99500 371.76999 377.78000 383.34500 380.51001 376.31400 371.54099 358.57800
-9999 -9999 -9999 -9999 -9999 -9999 -9999 -9999 -9999 -9999 -9999 332.65701 336.67499 335.49100 340.82599 347.38000 349.27200 349.48199 349.75500 349.83499 353.65100 362.13300 364.63699 364.58801 364.81500 366.35101 365.67499 374.04001 377.94400 380.34399 376.70499 372.31799 371.71500 369.67200 369.05801 361.47000 354.99799 354.23001 357.68900 361.15799 367.41699 370.13199 378.40399 381.41101 381.59799 382.06400 381.51300 379.76999 378.03500 376.19400 375.89001 367.95001 372.89801 373.77499 376.83499 379.94800 384.12100 377.95300 383.08801 384.18600 382.49301 388.33200 388.37299 387.65100 387.61600 386.86401 380.80200 377.53799 365.06201 351.78900
-9999 -9999 -9999 -9999 -9999 -9999 -9999 -9999 -9999 -9999 334.86700 334.51001 343.56900 338.98801 347.63501 353.05200 355.21500 354.63599 353.93500 354.43500 357.87701 365.03699 365.92599 367.34201 367.38000 367.50699 367.84399 378.23801 379.64801 379.00900 378.37299 375.24701 373.19400 371.24100 367.52899 359.88199 355.78699 356.64001 362.81601 367.29999 374.38300 381.16000 388.36499 386.45901 386.14600 385.53699 385.63901 383.05801 381.80399 379.67801 378.41400 368.16501 371.94400 371.71899 375.88901 378.44901 375.94199 377.31400 386.75800 387.05801 386.08499 388.91299 388.43600 387.91501 386.51300 385.01901 381.00699 374.11700 359.62399 342.87799
-9999 -9999 -9999 -9999 -9999 -9999 -9999 -9999 -9999 349.58401 350.58499 348.52499 349.01599 350.75400 354.19699 353.56000 355.48901 356.45401 360.73801 363.32001 365.78000 364.29700 364.94101 369.35400 369.61899 373.32599 375.73099 379.66199 379.00299 380.00601 383.58701 373.62201 370.49100 362.79001 356.70999 353.85001 351.54300 360.57800 365.83899 376.60199 383.79099 392.02200 397.19800 397.11700 396.94601 394.23700 395.54901 387.47000 385.42099 384.42099 381.30801 373.21301 368.63400 356.62299 355.75101 382.76501 385.66501 389.07800 389.61899 389.87000 388.78601 388.35199 387.89401 386.79901 384.40799 379.81400 374.58099 362.59698 351.92001 342.87701
-9999 -9999 -9999 -9999 -9999 -9999 -9999 -9999 -9999 -9999 352.52301 351.93399 352.57001 355.57001 363.98199 358.33401 358.25900 359.34299 360.93301 361.94800 361.87100 365.39700 365.98300 -9999 -9999 -9999 -9999 -9999 -9999 381.29300 381.86499 374.81799 370.96201 363.31100 355.44800 354.39899 355.10199 365.39600 372.09000 382.91299 389.70499 397.31299 402.29401 401.09698 400.79001 397.49500 395.80801 391.21500 388.31601 388.32300 384.09201 378.64499 370.35300 358.07700 357.23599 384.76099 390.45200 390.24301 390.91800 390.65100 390.35999 388.25400 386.38101 383.66699 369.31900 373.80499 363.94000 354.45700 333.88501 334.63400
-9999 -9999 -9999 -9999 -9999 -9999 -9999 -9999 -9999 -9999 -9999 -9999 354.22299 357.39301 358.73001 371.85999 370.28000 369.17599 369.36200 -9999 -9999 -9999 -9999 -9999 -9999 -9999 -9999 -9999 -9999 -9999 -9999 -9999 -9999 369.06201 358.38199 360.69601 363.41299 373.20200 382.82501 389.20401 395.26401 400.58600 402.75699 402.82501 401.42001 400.86499 399.73001 398.53400 396.98099 394.98499 390.19199 372.32401 369.93900 370.23901 371.62201 387.52100 387.38800 388.20401 390.55200 392.41400 391.21899 387.14899 382.97400 381.22101 377.13800 373.17499 360.23001 351.56000 342.77301 345.95200
-9999 -9999 -9999 -9999 -9999 -9999 -9999 -9999 -9999 -9999 -9999 -9999 -9999 -9999 -9999 -9999 -9999 -9999 -9999 -9999 -9999 -9999 -9999 -9999 -9999 -9999 -9999 -9999 -9999 -9999 -9999 -9999 -9999 -9999 365.46600 362.46500 374.43399 376.83099 387.10599 394.48801 398.18100 400.02499 401.99399 404.88400 403.88000 401.21899 400.58200 400.19299 398.03900 395.75699 392.17801 376.78201 373.24500 373.37399 373.75400 391.46799 388.68799 382.00000 385.00101 388.24100 388.79901 385.81699 387.07199 384.25500 379.77499 369.87100 356.55099 346.62701 336.43799 341.66000
