data/hydroclimate-scenarios/BCSD_hadcm_B1/monthly_summaries/olr_monthly_avg_oct.2030-2059.asc
ncols	311
nrows	91
xllcenter	102.75
yllcenter	31.75
cellsize	0.5
NODATA_value	-9999
[rows 0 to 30 of 91, columns 210 to 279 of 311]
-9999 -9999 -9999 -9999 -9999 -9999 -9999 -9999 -9999 -9999 -9999 -9999 -9999 -9999 -9999 -9999 -9999 -9999 -9999 -9999 -9999 -9999 -9999 -9999 -9999 -9999 -9999 -9999 -9999 -9999 -9999 -9999 -9999 -9999 -9999 -9999 -9999 -9999 -9999 -9999 -9999 -9999 -9999 -9999 -9999 -9999 -9999 -9999 -9999 -9999 -9999 -9999 -9999 -9999 -9999 -9999 -9999 -9999 -9999 -9999 -9999 -9999 -9999 -9999 -9999 -9999 -9999 -9999 -9999 -9999
-9999 -9999 -9999 -9999 -9999 -9999 -9999 -9999 -9999 -9999 -9999 -9999 -9999 -9999 -9999 -9999 -9999 -9999 -9999 -9999 -9999 -9999 -9999 -9999 -9999 -9999 -9999 -9999 -9999 -9999 -9999 -9999 -9999 -9999 -9999 -9999 -9999 -9999 -9999 -9999 -9999 -9999 -9999 -9999 -9999 -9999 -9999 -9999 -9999 -9999 -9999 -9999 -9999 -9999 -9999 -9999 -9999 -9999 -9999 -9999 -9999 -9999 -9999 -9999 -9999 -9999 -9999 -9999 -9999 -9999
-9999 -9999 -9999 -9999 -9999 -9999 -9999 -9999 -9999 -9999 -9999 -9999 -9999 -9999 -9999 -9999 -9999 -9999 -9999 -9999 -9999 -9999 -9999 -9999 -9999 -9999 -9999 -9999 -9999 -9999 -9999 -9999 -9999 -9999 -9999 -9999 -9999 -9999 -9999 -9999 -9999 -9999 -9999 -9999 -9999 -9999 -9999 -9999 -9999 -9999 -9999 -9999 -9999 -9999 -9999 -9999 -9999 -9999 -9999 -9999 -9999 -9999 -9999 -9999 -9999 -9999 -9999 -9999 -9999 -9999
-9999 -9999 -9999 -9999 -9999 -9999 -9999 -9999 -9999 -9999 -9999 -9999 -9999 -9999 -9999 -9999 -9999 -9999 -9999 -9999 -9999 -9999 -9999 -9999 -9999 -9999 -9999 -9999 -9999 -9999 -9999 -9999 -9999 -9999 -9999 -9999 -9999 -9999 -9999 -9999 -9999 -9999 -9999 -9999 -9999 -9999 -9999 -9999 -9999 -9999 -9999 -9999 -9999 -9999 -9999 -9999 -9999 -9999 -9999 -9999 -9999 -9999 -9999 -9999 -9999 -9999 -9999 -9999 -9999 -9999
-9999 -9999 -9999 -9999 -9999 -9999 -9999 -9999 -9999 -9999 -9999 -9999 -9999 -9999 -9999 -9999 -9999 -9999 -9999 -9999 -9999 -9999 -9999 -9999 -9999 -9999 -9999 -9999 -9999 -9999 -9999 -9999 -9999 -9999 -9999 -9999 -9999 -9999 -9999 -9999 -9999 -9999 -9999 -9999 -9999 -9999 -9999 -9999 -9999 -9999 -9999 -9999 -9999 -9999 -9999 -9999 -9999 -9999 -9999 -9999 -9999 -9999 -9999 -9999 -9999 -9999 -9999 -9999 -9999 -9999
-9999 -9999 -9999 -9999 -9999 -9999 -9999 -9999 -9999 -9999 -9999 -9999 -9999 -9999 -9999 -9999 -9999 -9999 -9999 -9999 -9999 -9999 -9999 -9999 -9999 -9999 -9999 -9999 -9999 -9999 -9999 -9999 -9999 -9999 -9999 -9999 -9999 -9999 -9999 -9999 -9999 -9999 -9999 -9999 -9999 -9999 -9999 -9999 -9999 -9999 -9999 -9999 -9999 -9999 -9999 -9999 -9999 -9999 -9999 -9999 -9999 -9999 -9999 -9999 -9999 -9999 -9999 -9999 -9999 -9999
-9999 -9999 -9999 -9999 -9999 -9999 -9999 -9999 -9999 -9999 -9999 -9999 -9999 -9999 -9999 -9999 -9999 -9999 -9999 -9999 -9999 -9999 -9999 -9999 -9999 -9999 -9999 -9999 -9999 -9999 -9999 -9999 -9999 -9999 -9999 -9999 -9999 -9999 -9999 -9999 -9999 -9999 -9999 -9999 -9999 -9999 -9999 -9999 -9999 -9999 -9999 -9999 -9999 -9999 -9999 -9999 -9999 -9999 -9999 -9999 -9999 -9999 -9999 -9999 -9999 -9999 -9999 -9999 -9999 -9999
-9999 -9999 -9999 -9999 -9999 -9999 -9999 -9999 -9999 -9999 -9999 -9999 -9999 -9999 -9999 -9999 -9999 -9999 -9999 -9999 -9999 -9999 -9999 -9999 -9999 -9999 -9999 -9999 -9999 -9999 -9999 -9999 -9999 -9999 -9999 -9999 -9999 -9999 -9999 -9999 -9999 -9999 -9999 -9999 -9999 -9999 -9999 -9999 -9999 -9999 -9999 -9999 -9999 -9999 -9999 -9999 -9999 -9999 -9999 -9999 -9999 -9999 -9999 -9999 -9999 -9999 -9999 -9999 -9999 -9999
-9999 -9999 -9999 -9999 -9999 -9999 -9999 -9999 -9999 -9999 -9999 -9999 -9999 -9999 -9999 -9999 -9999 -9999 -9999 -9999 -9999 -9999 -9999 -9999 -9999 -9999 -9999 -9999 -9999 -9999 -9999 -9999 -9999 -9999 -9999 -9999 -9999 -9999 -9999 -9999 -9999 -9999 -9999 -9999 -9999 -9999 -9999 -9999 -9999 -9999 -9999 -9999 -9999 -9999 -9999 -9999 -9999 -9999 -9999 -9999 -9999 -9999 -9999 -9999 -9999 -9999 -9999 -9999 -9999 -9999
-9999 -9999 -9999 -9999 -9999 -9999 -9999 -9999 -9999 -9999 -9999 -9999 -9999 -9999 -9999 -9999 -9999 -9999 -9999 -9999 -9999 -9999 -9999 -9999 -9999 -9999 -9999 -9999 -9999 -9999 -9999 -9999 -9999 -9999 -9999 -9999 -9999 -9999 -9999 -9999 -9999 -9999 -9999 -9999 -9999 -9999 -9999 -9999 -9999 -9999 -9999 -9999 -9999 -9999 -9999 -9999 -9999 -9999 -9999 -9999 -9999 -9999 -9999 -9999 -9999 -9999 -9999 -9999 -9999 -9999
-9999 -9999 -9999 -9999 -9999 -9999 -9999 -9999 -9999 -9999 -9999 -9999 -9999 -9999 -9999 -9999 -9999 -9999 -9999 -9999 -9999 -9999 -9999 -9999 -9999 -9999 -9999 -9999 -9999 -9999 -9999 -9999 -9999 -9999 -9999 -9999 -9999 -9999 -9999 -9999 -9999 -9999 -9999 -9999 -9999 -9999 -9999 -9999 -9999 -9999 -9999 -9999 -9999 -9999 -9999 -9999 -9999 -9999 -9999 -9999 -9999 -9999 -9999 -9999 -9999 -9999 -9999 -9999 -9999 -9999
-9999 -9999 -9999 -9999 -9999 -9999 -9999 -9999 -9999 -9999 -9999 -9999 -9999 -9999 -9999 -9999 -9999 -9999 -9999 -9999 -9999 -9999 -9999 -9999 -9999 -9999 -9999 -9999 -9999 -9999 -9999 -9999 -9999 -9999 -9999 -9999 -9999 -9999 -9999 -9999 -9999 -9999 -9999 -9999 -9999 -9999 -9999 -9999 -9999 -9999 -9999 -9999 -9999 -9999 -9999 -9999 -9999 -9999 -9999 -9999 -9999 -9999 -9999 -9999 -9999 -9999 -9999 -9999 -9999 -9999
-9999 -9999 -9999 -9999 -9999 -9999 -9999 -9999 -9999 -9999 -9999 -9999 -9999 -9999 -9999 -9999 -9999 -9999 -9999 -9999 -9999 -9999 -9999 -9999 -9999 -9999 -9999 -9999 -9999 -9999 -9999 -9999 -9999 -9999 -9999 -9999 -9999 -9999 -9999 -9999 -9999 -9999 -9999 -9999 -9999 -9999 -9999 -9999 -9999 -9999 -9999 -9999 -9999 -9999 -9999 -9999 -9999 -9999 -9999 -9999 -9999 -9999 -9999 -9999 -9999 -9999 -9999 -9999 -9999 -9999
233.97600 234.63300 234.66100 235.49300 234.48199 234.25900 234.14999 236.12900 236.48700 -9999 -9999 -9999 -9999 -9999 -9999 -9999 -9999 -9999 -9999 -9999 -9999 -9999 -9999 -9999 -9999 -9999 -9999 -9999 -9999 -9999 -9999 -9999 -9999 -9999 -9999 -9999 -9999 -9999 -9999 -9999 -9999 -9999 -9999 -9999 -9999 -9999 -9999 -9999 -9999 -9999 242.93800 -9999 -9999 -9999 -9999 -9999 -9999 -9999 -9999 -9999 -9999 -9999 -9999 -9999 -9999 -9999 -9999 -9999 -9999 -9999
227.73801 228.71201 228.59100 229.45799 229.51199 229.67200 230.10500 229.40199 229.40199 240.68401 240.25500 238.75800 237.97301 223.33099 222.29900 222.94800 238.08000 238.37199 238.84700 239.19400 239.98000 243.47200 -9999 -9999 -9999 -9999 -9999 -9999 -9999 -9999 -9999 -9999 -9999 -9999 -9999 -9999 -9999 -9999 -9999 -9999 -9999 -9999 -9999 -9999 -9999 235.44299 239.73500 237.68900 231.62500 230.18401 235.99500 246.44299 -9999 -9999 -9999 258.25299 -9999 -9999 -9999 256.04901 254.77200 253.11900 -9999 -9999 -9999 -9999 -9999 -9999 -9999 -9999
226.40700 226.63300 225.98000 226.19800 226.01500 224.78700 224.64600 224.01401 224.38901 222.23300 219.97900 217.79100 216.67900 215.14200 211.14700 211.74001 209.66499 208.43100 212.16100 213.79601 215.39700 216.75800 217.32700 220.04900 219.80901 226.64700 229.81300 233.81700 -9999 -9999 -9999 -9999 -9999 236.38100 235.84599 237.00500 237.72800 239.27200 241.55499 242.94901 242.52499 242.76100 242.58299 243.60600 244.04401 230.55600 232.32300 230.50700 232.07800 229.45599 231.49600 247.12601 248.45900 252.15401 254.86400 256.53000 258.70599 258.04700 256.29001 254.09599 250.75900 246.07001 246.96700 249.99400 250.47900 248.68201 248.82100 -9999 -9999 -9999
225.41800 225.44400 224.19701 221.30000 219.99200 218.52299 215.13800 216.56000 216.39200 214.76900 213.06000 212.26900 212.38800 210.92900 210.07201 209.43700 207.26300 210.97000 211.25400 214.78799 215.99600 218.85500 222.20700 221.83400 221.20300 227.76700 222.73700 230.06100 231.22301 233.12700 234.31599 236.64999 236.83900 237.77499 237.31400 236.23900 236.41901 236.66499 239.24001 241.57300 241.63901 241.17400 241.50600 242.16000 243.04800 244.17101 243.14101 243.23300 244.14900 244.35201 244.97701 247.74100 249.07201 251.54100 253.48700 254.95900 254.75600 255.95000 255.24100 254.25900 254.83200 254.75800 252.92799 252.62000 251.58800 249.50000 245.67400 245.11501 245.22200 246.66901
217.68500 217.73300 215.99699 213.77400 213.31000 213.13800 212.78400 213.19099 212.32401 213.83600 214.18900 214.08900 215.18100 216.12801 216.34599 215.20700 217.55600 220.75101 222.66000 221.56300 224.83600 227.77299 228.26700 241.56599 241.05299 233.93201 233.29601 232.93201 231.77200 229.70300 228.93900 230.23399 230.49400 234.02000 237.90601 237.83299 237.78999 238.02299 238.70300 241.03799 242.31599 241.34900 242.28999 243.08400 243.55800 244.33501 245.21201 245.32401 245.44501 244.92700 245.97501 247.84900 249.86900 252.21800 253.32899 254.38300 255.21100 255.51601 255.81200 254.40199 254.45799 254.48599 253.54100 253.21700 252.42000 247.94800 246.77400 247.49200 247.75800 247.60699
227.47200 223.22501 226.74200 223.76401 221.16600 221.28900 218.77901 216.89200 220.14101 223.82201 221.97000 222.29500 224.06200 221.38000 221.81500 225.21600 228.32899 228.17799 229.42300 234.97900 233.13499 229.65700 229.09801 234.07600 235.43800 236.06400 237.15199 236.85500 234.63800 234.84700 228.84000 229.02699 228.65199 234.11900 239.79900 239.82401 239.74300 241.02901 241.80200 241.88901 242.65300 244.74600 244.95100 245.59500 245.42101 246.39700 246.53400 247.25600 248.02400 246.77600 248.48900 249.46400 251.60400 252.24300 253.35001 254.43700 254.52100 256.04800 255.58900 256.05701 255.68600 255.60899 255.25999 254.68900 253.50700 249.82899 250.12500 250.09599 249.34900 249.40401
235.19099 235.94400 234.31000 232.74899 229.71600 224.21600 224.83800 224.93700 225.78300 229.82500 228.50900 233.83099 234.51500 235.55499 237.29800 237.83299 240.56599 240.42300 240.50800 239.99400 239.20300 238.96100 238.76500 236.63300 236.77200 234.60800 235.00200 234.62000 235.64900 239.21201 239.23399 237.69200 231.18201 237.31599 239.50700 242.52600 242.53200 243.41600 244.24899 244.27901 246.25600 245.78500 245.85899 246.86700 247.66800 246.26100 246.50800 247.52200 248.34599 247.86200 248.45900 249.60800 251.34100 252.82001 253.26199 254.55499 254.98100 254.36301 255.12399 255.85400 255.52901 255.31799 255.43201 254.05901 254.19501 252.86301 252.91600 251.48000 251.48801 251.50999
238.08800 241.38400 240.15300 235.66200 230.92999 229.41499 234.59599 237.44600 239.67500 240.42999 239.67300 239.28500 239.85500 240.39500 240.44400 241.60400 241.82800 241.82899 240.91600 240.86301 240.43500 239.97000 237.81799 233.04100 231.24600 234.23100 231.13200 234.99300 237.31700 239.33200 239.81200 239.71700 235.74699 234.60600 241.39799 243.82899 245.21500 245.12700 245.61200 247.76801 248.07899 247.88699 248.63901 248.91901 249.01601 248.70100 248.32201 247.94200 249.07600 249.38300 250.02100 251.29700 252.52299 251.73500 252.91100 253.31100 254.84000 254.78000 255.82300 255.80400 256.51999 256.74799 257.68500 254.84300 255.81500 255.96500 255.53900 255.02699 254.56000 253.88200
240.61301 241.24899 238.19901 236.05000 235.92799 236.77800 240.14700 240.92599 240.84000 242.09200 241.61900 240.12900 240.05400 240.77901 240.96400 241.00301 240.48199 240.79500 241.47099 243.22501 243.18700 243.07600 241.98000 232.86600 230.70300 227.53101 228.85100 235.84599 239.63100 241.63699 240.72501 241.38000 240.13699 234.82100 239.85001 243.11301 246.25800 247.60001 248.36700 249.50700 249.49600 250.11900 250.57100 250.61800 250.00000 249.76199 250.71500 248.91100 249.45399 250.54601 250.28500 251.94299 253.25700 252.67400 253.36600 254.59300 255.30901 256.51300 258.33701 258.43900 257.59000 256.84900 256.66299 257.38501 257.43301 256.98001 255.40100 256.23401 257.86099 255.44200
238.46001 235.33600 233.09700 234.81900 238.01801 237.47701 237.35800 239.85001 243.31400 243.97400 239.25800 237.38901 241.44701 238.10400 252.93300 252.49300 249.96001 240.94800 241.58800 240.67500 240.95100 242.05400 242.18600 234.81300 231.81799 230.04300 231.02400 231.29401 250.45799 238.66600 238.57201 242.05099 243.35500 242.57899 245.46300 245.55200 243.67000 243.36200 244.89101 244.26700 243.30800 248.41000 249.15900 249.36301 250.76199 250.59801 250.54300 250.98300 250.70300 250.89400 249.76199 251.35001 251.19701 252.50700 253.25400 253.94600 255.20500 255.33200 255.08800 254.81500 254.46899 255.02000 255.82401 255.19901 256.06699 257.11801 255.90500 256.91901 255.59200 253.40601
246.00700 245.56400 245.90401 246.57800 246.73300 244.71800 245.96201 249.58600 250.21800 249.34500 247.90700 240.52800 235.77699 235.77901 237.40800 239.00600 238.97600 237.98399 238.10201 240.22600 241.36301 244.31900 242.61700 236.92500 232.79800 233.42400 233.44299 233.25600 233.83200 234.67900 235.14200 238.27499 239.58000 241.24600 244.33299 243.13100 240.62399 237.90700 237.08099 232.31400 236.24600 241.60699 242.30299 239.00101 240.36000 242.53200 243.05000 245.39799 246.01401 251.05701 253.10899 253.80600 252.96800 254.27800 255.37900 254.48700 254.98199 255.97600 255.04300 254.51700 256.99600 255.57700 253.71700 253.80600 255.97701 255.79800 254.08099 254.67799 254.70100 254.06400
247.35800 248.04500 248.52100 247.47701 247.00999 246.58501 247.42000 248.53200 250.36600 251.79601 249.92599 248.00400 244.26300 239.90500 237.98500 238.30600 237.22200 236.26401 235.18500 233.52699 236.89700 236.77100 246.60201 246.91100 233.67101 232.60100 230.85500 232.28700 232.55901 231.61099 233.41600 233.01700 233.07600 231.37000 231.44299 232.44501 231.29401 229.38499 230.11000 230.37700 228.82600 229.60699 231.14999 229.19701 228.86400 235.43500 234.59801 234.67599 236.09000 238.14200 242.81900 249.95399 254.57201 253.87601 255.96400 256.58600 254.37199 255.23900 256.99399 256.38300 255.97600 255.99100 256.04901 254.92200 253.17400 253.80600 253.37601 256.39600 257.25800 258.75000
249.82600 249.97000 249.42200 247.06700 246.27699 246.23801 246.60699 246.29601 247.17500 248.33501 249.53600 249.38300 249.20599 260.12601 257.26199 240.94299 238.77800 236.26900 238.58600 239.23199 238.71500 238.61099 237.71400 238.67200 244.45799 235.71700 237.81799 235.55499 234.70599 233.85600 233.85300 234.38600 237.17000 237.64700 239.18201 236.83299 237.12801 234.04201 233.53000 235.14200 233.51500 233.67799 233.21300 231.57401 236.17700 237.91299 238.20700 238.09500 238.02901 238.90401 242.81100 247.18600 250.72701 253.09801 255.72301 257.27499 253.84000 252.52100 255.48700 255.85899 255.41200 255.78700 255.85201 255.11400 254.21300 255.13600 255.58400 256.38400 256.50299 260.09000
249.55200 249.13800 248.97301 246.40900 246.03101 243.86501 241.72000 243.05901 238.38300 233.77499 233.10899 235.76900 240.84700 247.29201 243.70000 246.22200 245.84399 246.36000 247.03000 247.22099 244.39500 241.12801 238.23000 237.89000 239.21300 239.48100 243.05299 245.54900 246.16400 246.05800 244.48000 245.50700 249.71800 250.98199 248.09300 249.01500 248.69701 248.31300 248.67599 240.05901 242.29201 240.88699 240.06900 241.78200 242.17999 240.08701 239.68600 238.32500 241.34000 241.81100 240.11099 243.40300 247.52299 250.00600 253.10400 256.07901 256.96201 257.24799 254.33099 255.82401 256.73901 256.73499 257.53299 257.29501 256.35501 257.83899 257.30499 257.91800 260.29099 260.60599
248.42500 246.48500 236.58200 229.87199 235.77400 237.65401 238.27499 238.97600 241.31500 245.72900 245.09399 239.32800 238.95500 242.49699 236.82899 238.22301 242.29100 244.08299 245.60201 246.78400 246.39101 247.96899 244.91200 243.45599 244.42300 243.88000 246.15800 246.71400 247.49600 246.27200 248.33400 250.00700 252.00900 250.69400 249.68600 246.71100 252.40601 243.81000 243.16901 246.70399 246.60500 244.25301 242.23599 244.71300 243.32401 241.29700 243.61301 241.70399 240.31100 238.36301 239.61800 244.90100 247.43800 248.78600 250.15601 252.83299 254.99899 257.97400 255.55000 255.39700 256.03299 257.85001 258.23199 257.44199 257.00201 259.32999 260.41901 260.64301 260.77399 261.44000
239.87700 234.46899 228.99600 242.13901 256.39200 251.87100 245.12399 245.89799 243.80499 243.89799 248.43800 249.03000 249.89200 250.56400 251.12100 252.66100 250.22600 250.40100 246.63800 247.62300 248.63901 252.75000 251.91800 250.32500 247.26601 246.10201 246.57600 239.72200 238.21001 248.93900 251.29800 251.84000 254.28000 258.16800 256.71301 255.12300 248.11900 245.71201 246.91200 250.49100 248.26700 248.55701 249.45799 247.94400 247.34100 243.67900 243.93500 243.10800 243.02200 240.57600 238.95799 241.10699 240.23000 244.29900 245.48100 251.48000 255.99300 257.49399 259.67401 257.64200 257.40302 260.12900 260.09900 259.71399 260.14499 260.90601 261.54501 262.16000 262.75299 263.25601
251.85600 261.69400 261.07700 263.18100 265.19699 258.51901 245.33600 239.46700 239.00500 239.57401 242.00200 247.69400 250.25400 253.38699 255.44200 250.47501 237.94099 236.94901 239.37601 240.60600 242.62199 244.74400 244.91200 251.47000 252.98801 253.05600 249.39600 246.55800 245.56100 242.54300 243.13400 250.76199 257.14700 258.61401 257.23700 258.51801 249.92500 249.02200 247.60201 255.13200 252.31000 252.97600 253.85001 253.43401 251.61301 249.10300 242.71001 245.87399 244.14600 244.15300 244.18100 241.18800 241.71001 244.01500 246.16400 250.02901 253.29900 256.07199 261.73499 260.40701 259.75400 261.14600 259.82501 258.02802 255.09500 255.34599 256.44800 258.49799 262.08099 264.93301
245.14999 257.70999 263.38800 264.33301 264.88501 265.32700 260.55200 252.65199 247.55499 246.12500 243.78400 245.35100 249.15100 251.48300 254.74100 255.17900 251.43100 240.00101 235.29800 236.39101 237.79401 238.30200 241.71300 242.45300 244.67999 247.19800 244.51300 243.20300 243.31400 247.77400 252.05299 250.78000 255.19901 257.39301 255.97200 261.68201 254.60899 252.84399 250.91800 253.61700 254.78200 254.94501 255.68201 253.30600 250.96500 253.23000 248.28700 248.76801 249.18800 246.86301 246.36700 247.45599 250.87199 249.52100 249.05000 248.05200 250.45399 251.39999 257.39801 259.41599 257.63101 260.43500 260.10901 260.73199 261.22501 261.36801 261.84201 263.43301 265.02701 266.11700
