data/hydroclimate-scenarios/BCSD_hadcm_B1/monthly_summaries/olr_monthly_avg_mar.2030-2059.asc
ncols	311
nrows	91
xllcenter	102.75
yllcenter	31.75
cellsize	0.5
NODATA_value	-9999
[rows 0 to 30 of 91, columns 70 to 139 of 311]
-9999 -9999 -9999 -9999 -9999 -9999 -9999 -9999 -9999 -9999 -9999 -9999 -9999 -9999 -9999 -9999 -9999 -9999 -9999 -9999 -9999 -9999 -9999 -9999 -9999 -9999 -9999 -9999 -9999 -9999 -9999 -9999 -9999 -9999 -9999 -9999 -9999 -9999 -9999 -9999 -9999 -9999 -9999 -9999 -9999 -9999 -9999 -9999 -9999 -9999 -9999 -9999 -9999 -9999 -9999 -9999 -9999 -9999 -9999 -9999 -9999 -9999 -9999 -9999 -9999 -9999 -9999 -9999 -9999 -9999
-9999 -9999 -9999 -9999 -9999 -9999 -9999 -9999 -9999 -9999 -9999 -9999 -9999 -9999 -9999 -9999 -9999 -9999 -9999 -9999 -9999 -9999 -9999 -9999 -9999 -9999 -9999 -9999 -9999 -9999 -9999 -9999 -9999 -9999 -9999 -9999 -9999 -9999 -9999 -9999 -9999 -9999 -9999 -9999 -9999 -9999 -9999 -9999 -9999 -9999 -9999 -9999 -9999 -9999 -9999 -9999 -9999 -9999 -9999 -9999 -9999 -9999 -9999 -9999 -9999 -9999 -9999 -9999 -9999 -9999
-9999 -9999 -9999 -9999 -9999 -9999 -9999 -9999 -9999 -9999 -9999 -9999 -9999 -9999 -9999 -9999 -9999 -9999 -9999 -9999 -9999 -9999 -9999 -9999 -9999 -9999 -9999 -9999 -9999 -9999 -9999 -9999 -9999 -9999 -9999 -9999 -9999 -9999 -9999 -9999 -9999 -9999 -9999 -9999 -9999 -9999 -9999 -9999 -9999 -9999 -9999 -9999 -9999 -9999 -9999 -9999 -9999 -9999 -9999 -9999 -9999 -9999 -9999 -9999 -9999 -9999 -9999 -9999 -9999 -9999
-9999 -9999 -9999 -9999 -9999 -9999 -9999 -9999 -9999 -9999 -9999 -9999 -9999 -9999 -9999 -9999 -9999 -9999 -9999 -9999 -9999 -9999 -9999 -9999 -9999 -9999 -9999 -9999 -9999 -9999 -9999 -9999 -9999 -9999 -9999 -9999 -9999 -9999 -9999 -9999 -9999 -9999 -9999 -9999 -9999 -9999 -9999 -9999 -9999 -9999 -9999 -9999 -9999 -9999 -9999 -9999 -9999 -9999 -9999 -9999 -9999 -9999 -9999 -9999 -9999 -9999 -9999 -9999 -9999 -9999
-9999 -9999 -9999 -9999 -9999 -9999 -9999 -9999 -9999 -9999 -9999 -9999 -9999 -9999 -9999 -9999 -9999 -9999 -9999 -9999 -9999 -9999 -9999 -9999 -9999 -9999 -9999 -9999 -9999 -9999 -9999 -9999 -9999 -9999 -9999 -9999 -9999 -9999 -9999 -9999 -9999 -9999 -9999 -9999 -9999 -9999 -9999 -9999 -9999 -9999 -9999 -9999 -9999 -9999 -9999 -9999 -9999 -9999 -9999 -9999 -9999 -9999 -9999 -9999 -9999 -9999 -9999 -9999 -9999 -9999
-9999 -9999 -9999 -9999 -9999 -9999 -9999 -9999 -9999 -9999 -9999 -9999 -9999 -9999 -9999 -9999 -9999 -9999 -9999 -9999 -9999 -9999 -9999 -9999 -9999 -9999 -9999 -9999 -9999 -9999 -9999 -9999 -9999 -9999 -9999 -9999 -9999 -9999 -9999 -9999 -9999 -9999 -9999 -9999 -9999 -9999 -9999 -9999 -9999 -9999 -9999 -9999 -9999 -9999 -9999 -9999 -9999 -9999 -9999 -9999 -9999 -9999 -9999 -9999 -9999 -9999 -9999 -9999 -9999 -9999
-9999 -9999 -9999 -9999 -9999 -9999 -9999 -9999 -9999 -9999 -9999 -9999 -9999 -9999 -9999 -9999 -9999 -9999 -9999 -9999 -9999 -9999 -9999 -9999 -9999 -9999 -9999 -9999 -9999 -9999 -9999 -9999 -9999 -9999 -9999 -9999 -9999 -9999 -9999 -9999 -9999 -9999 -9999 -9999 -9999 -9999 -9999 -9999 -9999 -9999 -9999 -9999 -9999 -9999 -9999 -9999 -9999 -9999 -9999 -9999 -9999 -9999 -9999 -9999 -9999 -9999 -9999 -9999 -9999 -9999
-9999 -9999 -9999 -9999 -9999 -9999 -9999 -9999 -9999 -9999 -9999 -9999 -9999 -9999 -9999 -9999 -9999 -9999 -9999 -9999 -9999 -9999 -9999 -9999 -9999 -9999 -9999 -9999 -9999 -9999 -9999 -9999 -9999 -9999 -9999 -9999 -9999 -9999 -9999 -9999 -9999 -9999 -9999 -9999 -9999 -9999 -9999 -9999 -9999 -9999 -9999 -9999 -9999 -9999 -9999 -9999 -9999 -9999 -9999 -9999 -9999 -9999 -9999 -9999 -9999 -9999 -9999 -9999 -9999 -9999
-9999 -9999 -9999 -9999 -9999 -9999 -9999 154.19400 -9999 -9999 -9999 -9999 -9999 -9999 -9999 -9999 -9999 -9999 -9999 -9999 -9999 -9999 -9999 -9999 -9999 -9999 -9999 -9999 -9999 -9999 -9999 -9999 -9999 -9999 -9999 -9999 -9999 -9999 -9999 -9999 -9999 -9999 -9999 -9999 -9999 -9999 -9999 -9999 -9999 -9999 -9999 -9999 -9999 -9999 -9999 -9999 -9999 -9999 -9999 -9999 -9999 -9999 -9999 -9999 -9999 -9999 -9999 -9999 -9999 -9999
-9999 -9999 -9999 166.40100 155.91800 155.27100 154.92500 155.22900 155.36099 155.02100 155.14700 156.65401 156.79100 159.74699 160.45500 161.76700 162.49500 162.57100 163.25301 163.55800 164.36501 166.21300 166.08200 -9999 -9999 -9999 -9999 -9999 -9999 -9999 -9999 -9999 -9999 -9999 -9999 -9999 -9999 -9999 -9999 -9999 -9999 -9999 -9999 -9999 -9999 -9999 -9999 -9999 -9999 -9999 -9999 -9999 -9999 -9999 -9999 -9999 -9999 -9999 -9999 -9999 -9999 -9999 -9999 -9999 -9999 -9999 -9999 -9999 -9999 -9999
-9999 -9999 -9999 -9999 -9999 155.96201 156.07800 155.86600 156.44901 156.92599 156.78300 157.67599 158.01601 158.73900 159.69099 160.92400 161.82401 162.49400 163.09801 163.12601 164.38499 165.99300 165.88800 -9999 -9999 -9999 -9999 -9999 -9999 -9999 -9999 -9999 -9999 -9999 -9999 -9999 -9999 -9999 -9999 -9999 -9999 -9999 -9999 -9999 -9999 -9999 -9999 -9999 -9999 -9999 -9999 -9999 -9999 -9999 -9999 -9999 -9999 -9999 -9999 -9999 -9999 -9999 -9999 -9999 -9999 -9999 -9999 -9999 -9999 -9999
155.87500 156.26100 156.10800 156.21001 156.57401 156.70799 157.07800 156.99300 157.43300 157.60899 157.75700 158.39400 159.09599 159.71800 160.48000 161.72900 162.80499 163.45799 164.30400 165.24600 166.25101 167.87700 167.55299 166.63901 166.05200 165.04800 165.21400 164.87399 164.85800 -9999 -9999 -9999 -9999 -9999 -9999 -9999 -9999 -9999 -9999 -9999 -9999 -9999 -9999 -9999 -9999 -9999 -9999 -9999 -9999 -9999 -9999 -9999 -9999 -9999 -9999 -9999 -9999 -9999 -9999 -9999 -9999 -9999 -9999 -9999 -9999 -9999 -9999 -9999 -9999 -9999
155.68401 155.72400 155.89900 157.05099 156.90500 157.64400 157.97200 158.07700 158.71001 158.55000 158.74899 159.19400 159.94501 160.50301 161.36600 163.46201 164.62601 163.78200 165.39101 167.30099 168.86900 169.04201 167.89000 166.53000 166.58200 166.57600 166.36301 165.49500 165.41100 166.53700 166.14900 165.88400 165.77200 166.41000 166.74800 165.50000 165.92200 166.52600 166.72900 166.36900 166.41299 166.30701 166.49600 168.65401 -9999 -9999 -9999 -9999 -9999 -9999 -9999 -9999 -9999 -9999 -9999 -9999 -9999 -9999 -9999 -9999 -9999 -9999 -9999 -9999 -9999 -9999 -9999 -9999 -9999 -9999
155.37601 155.94099 155.28900 156.69501 156.60001 156.48000 157.49600 158.51100 159.12601 158.99001 159.42000 159.63600 160.86600 161.53999 162.60400 164.37900 165.59399 165.06700 166.04401 167.67200 168.85400 168.48000 166.19000 166.33701 165.88000 165.75600 166.37300 166.28000 166.14600 166.10201 165.82899 166.52699 166.53500 167.59000 167.40100 166.51199 166.86900 167.60600 167.91400 167.64500 167.66400 167.03600 167.25101 169.54700 169.91600 -9999 -9999 -9999 -9999 -9999 -9999 -9999 -9999 -9999 -9999 -9999 -9999 -9999 -9999 -9999 -9999 -9999 -9999 -9999 -9999 -9999 -9999 -9999 -9999 -9999
149.80299 149.71100 149.56500 151.66800 148.62199 152.00999 153.17000 153.79700 155.21400 154.96899 157.47400 157.32800 158.87801 161.96800 163.23199 164.90500 165.82300 166.75200 167.50999 168.37801 168.74600 168.89400 168.55600 168.28900 168.29100 168.53600 166.40601 167.02600 168.02600 167.33701 166.44099 166.88300 167.12100 167.52299 167.60800 167.69099 168.25000 167.43500 167.89101 168.18401 168.42300 168.49100 168.62900 168.98801 169.32300 -9999 -9999 -9999 -9999 -9999 -9999 -9999 -9999 -9999 -9999 -9999 -9999 -9999 -9999 -9999 175.50700 175.52299 -9999 -9999 -9999 -9999 173.66200 170.79500 168.90401 170.34599
150.55701 150.70000 150.32100 151.68900 149.76801 153.56100 155.90601 156.02400 154.84200 154.92900 155.29601 158.83099 160.07700 162.30600 162.55000 163.30200 165.93900 166.17200 167.94200 168.50000 169.42500 169.53500 169.27800 168.99300 170.32001 170.10899 170.00101 169.17000 169.07700 169.01801 169.08800 168.55600 168.65300 169.00101 169.16901 169.18800 169.36000 169.28500 169.66200 169.85400 170.23399 170.68300 170.53200 171.04401 171.35400 172.22400 172.42999 173.31700 172.85800 169.09801 168.14200 170.28400 169.58299 170.04800 171.81700 171.24899 170.98399 175.07800 175.78101 175.76300 175.63300 176.34599 -9999 -9999 -9999 -9999 -9999 175.23100 173.39500 172.05099
148.01801 147.86600 151.77200 151.04201 148.12100 151.16800 154.85300 155.25800 156.17799 159.11600 161.27600 161.93600 162.37100 164.17799 164.97900 165.78700 167.18100 167.21400 167.85800 169.45900 170.09399 171.31599 171.41800 172.25400 172.43201 171.23399 171.01900 171.56200 171.61800 170.74800 170.81500 170.78799 170.82600 170.92300 171.06200 171.37801 171.97600 172.07001 172.55000 173.27499 173.29900 174.06900 174.23700 174.32700 174.45599 174.84200 174.83299 174.39400 174.37000 171.94501 170.46500 173.01500 174.65100 173.02200 169.12700 166.58501 171.01300 169.68500 169.36900 169.88600 172.18500 172.77699 172.25301 175.32600 177.63100 177.49400 177.50200 177.48500 177.81300 175.20200
151.75700 147.40199 139.86099 153.81300 147.64400 146.95200 150.51401 152.67700 152.75600 161.33299 162.48000 162.60600 163.28799 164.55000 165.22701 166.33800 167.17300 167.59200 168.39400 169.73700 168.39200 169.51199 171.45799 172.78799 173.11400 172.09700 172.41299 172.54700 172.66200 172.00101 172.08501 171.96300 172.14200 172.16600 172.71201 173.08299 173.51900 173.77400 174.65700 175.22301 175.54800 175.97600 175.52499 176.11501 176.26601 177.01801 177.30400 176.59700 177.24200 177.35600 176.86700 175.54300 176.85800 174.82600 175.04100 172.76601 169.22200 168.71001 169.47900 169.05099 168.52000 170.30200 167.07300 170.86700 175.38699 176.96600 177.93401 178.60699 178.92101 176.55701
147.71600 146.42999 143.12500 147.98300 157.92300 153.76700 156.94400 158.89200 155.01700 158.22099 160.78101 162.11301 163.81000 164.90800 165.38800 167.01500 167.81100 167.15300 167.84300 168.80499 164.64301 166.49300 168.44000 171.44501 173.66299 173.75500 173.82800 174.81400 174.96400 174.73300 174.59200 174.83501 175.46800 176.32700 176.60100 176.89799 177.67200 178.96201 178.77000 179.04601 178.36099 179.20300 180.53400 175.78799 175.12100 175.85600 178.56300 179.81599 181.39500 180.93900 179.06200 176.89400 176.80099 176.13699 176.37100 176.19000 176.95300 176.57201 172.34100 171.02600 169.59000 167.82100 165.75900 164.57401 169.52400 171.66600 173.58299 173.94800 175.03500 173.71500
156.93201 149.97800 146.22900 145.70000 146.49800 151.04700 157.82899 158.39500 155.06100 154.63699 158.84200 152.42000 154.27299 157.67999 162.58701 165.73599 167.35400 167.57001 168.51500 169.00999 167.19501 167.00000 169.45500 172.71500 174.41100 174.43800 174.97099 175.68500 175.49001 175.45599 175.97400 175.94800 176.20100 175.77000 177.16299 177.83200 177.36800 178.40100 178.55099 178.91400 177.67101 178.08600 180.42500 179.85600 179.60800 176.88200 177.11200 178.32600 180.13600 181.86400 179.10400 177.86301 177.88499 178.15300 179.56000 176.90900 174.18300 172.82201 169.50200 172.26900 174.07100 172.98100 172.87100 172.20500 169.69400 167.37000 171.94400 169.72099 172.79601 173.98900
156.38699 152.09700 149.58800 146.69800 144.41600 141.88901 150.52000 155.12399 156.93401 157.66600 159.81900 155.59900 149.31799 145.79500 144.13400 152.34000 158.95399 164.28999 168.78700 170.51100 171.57899 172.85201 173.38200 175.65900 176.84200 175.79601 175.70700 176.97400 177.28300 177.57800 176.87500 176.80000 176.49001 176.55901 177.46600 179.86000 178.62199 178.91200 177.18100 179.97600 181.35201 180.66499 180.88699 181.30099 181.82500 179.51300 181.17400 181.17700 181.72900 182.70500 183.94600 185.00800 183.88699 182.41000 181.95000 181.75900 180.81100 177.32201 174.72400 176.51801 172.13499 172.54700 174.14000 174.27200 176.21001 177.53999 177.58501 176.02901 175.95799 177.10201
150.51100 146.77000 147.39900 143.32201 142.63699 142.63000 143.85899 144.36099 146.79401 151.71201 157.36000 161.76500 157.76500 154.51199 151.77499 148.35699 149.21899 151.94600 155.53400 162.04401 165.56400 170.77100 172.38200 176.30200 176.80901 176.65800 176.62500 177.86600 177.51801 176.05800 174.98801 177.37199 172.89700 172.70599 173.81400 175.95300 176.82100 177.79700 178.34399 180.11200 180.77600 181.31900 182.38300 183.24001 181.32800 180.66299 179.72701 179.56100 180.68201 181.44200 182.25700 180.12000 179.75600 178.09599 176.96600 178.67500 178.88400 174.62100 177.85100 178.15601 174.00400 176.38000 176.89900 177.14999 181.00800 180.19701 180.02200 176.96500 179.41299 181.51601
153.27901 149.22400 145.76199 143.76700 145.44400 143.34200 142.16000 143.42700 146.31900 146.71800 151.41299 152.88600 152.84900 153.67999 156.77000 157.15300 157.88499 156.32600 153.25999 153.58200 156.41200 159.70599 162.57401 168.71001 172.23599 174.68401 175.35201 175.56500 173.56400 170.95900 171.51199 172.41901 172.42900 169.71899 172.28300 171.52600 177.60600 178.13901 177.74100 175.33099 177.61400 182.39799 184.63499 183.39700 182.24200 176.99600 176.61501 176.55299 178.28799 178.71100 176.14000 175.65500 177.52200 174.73300 171.84000 176.14799 174.00999 179.42500 176.13400 183.02000 184.93401 183.40401 185.31599 182.78101 183.44501 179.80499 182.87700 185.07201 186.72701 186.65700
152.19099 151.31300 150.65300 150.56300 151.29800 146.63499 143.75999 143.85100 143.86000 144.72099 149.05099 154.55600 145.58600 147.00700 151.59100 147.43700 145.37500 147.55099 164.32100 157.81799 150.81200 152.82700 156.34801 161.29700 172.99001 175.64101 176.38300 176.70000 174.74100 172.95300 173.38600 172.39200 173.17400 173.47701 174.64301 179.60201 179.44701 177.89000 179.42599 177.98900 177.94800 177.49500 181.69800 182.51100 181.00200 184.95000 185.38600 182.59900 180.45900 178.97900 177.83200 177.25999 179.84100 178.77000 178.59000 177.53700 176.87399 179.91100 179.30600 187.26500 187.71899 189.78200 189.89000 186.15900 184.07899 188.42300 190.26900 189.94501 191.89600 192.49600
152.47900 152.69501 153.03300 153.32100 153.78900 151.73900 151.16299 150.12801 148.37000 149.02699 148.45700 149.46700 149.16901 150.63800 153.76900 150.98199 150.87700 147.50400 152.28101 157.91901 161.78300 161.10800 161.09599 164.03300 166.11400 172.58701 176.22400 177.15900 176.80701 174.86400 175.38499 174.17101 175.66100 177.97501 178.13499 178.35300 179.49500 180.39700 180.79300 180.70599 179.17500 177.96700 178.75600 179.28999 180.43700 186.53500 187.88300 185.02499 183.21600 182.17500 179.06700 178.30400 181.27800 182.91100 178.54601 181.93700 183.16600 186.87801 188.42500 186.30800 189.48700 190.38699 191.81100 191.16499 194.01700 192.98801 193.06100 193.06400 192.85100 190.04800
153.92900 154.18401 153.27299 152.17500 152.11501 152.38499 154.57401 153.71400 153.91299 153.54500 153.47600 150.04900 147.34700 150.27299 155.49200 157.95000 156.06900 155.44299 156.02200 153.11900 156.92900 161.69600 167.32800 170.08501 169.43401 168.68401 170.78700 175.48801 175.36800 173.95100 172.53600 174.89200 175.55701 180.75600 180.49500 179.52499 177.22600 178.88300 176.07401 179.84500 175.92900 173.76500 178.35300 179.86400 176.97200 179.02499 184.22301 184.59399 184.48500 185.83099 184.23199 181.81300 187.16000 188.53000 189.16200 191.04401 191.33600 192.19701 190.27600 193.38200 190.82800 193.28200 193.32401 192.47701 193.21300 192.75600 193.94800 194.09399 193.74899 192.37399
158.55701 154.67799 152.23700 150.02699 149.44400 152.85400 153.82800 154.92799 155.21500 155.72701 152.05701 151.74800 151.14200 148.00600 152.94800 159.08800 161.64799 158.92101 157.69600 156.32600 158.17101 161.97000 164.03900 166.13000 169.23700 171.53999 173.59900 171.96800 174.35300 176.31400 174.55901 178.26500 177.20399 180.40800 175.74001 175.69901 180.90700 178.51700 175.06100 177.41000 179.69400 176.50000 175.83299 177.04300 180.61800 181.38499 183.42599 185.64000 185.57500 186.21100 184.53400 185.74400 185.74600 186.76801 186.70700 187.62100 188.85800 190.16200 193.46500 195.49699 197.06200 196.92999 195.06599 193.74200 194.22900 194.09100 194.91000 194.16600 194.13400 189.89400
162.68600 161.12700 158.31900 151.74100 150.89101 151.53999 156.24600 156.07800 159.08501 155.83501 156.69200 158.26100 158.27901 158.19800 154.75999 158.03000 160.34200 160.38600 164.15700 164.40700 167.07100 161.58600 167.43600 170.67101 173.09900 175.03300 172.73199 169.20000 172.44800 175.80200 177.68900 174.34801 177.81000 179.59801 176.48801 175.21500 180.44299 179.22600 178.32800 175.53200 177.34500 178.83900 178.41701 181.36900 181.51801 184.26601 184.16100 190.22600 188.87100 187.15100 187.90401 189.51801 189.14500 190.86800 193.64600 193.67400 196.09900 196.24800 197.56300 199.94400 199.78600 198.88699 196.94099 195.98900 194.71400 189.11900 190.79201 189.32300 190.28700 189.97600
165.61600 162.15601 162.17999 156.47301 153.31400 152.87300 150.03999 151.76801 156.91600 155.66701 156.68500 159.43900 158.10800 161.05901 161.05901 157.66100 162.39000 167.12700 170.00400 169.98100 171.69901 173.10400 169.68800 170.92599 175.32899 179.54500 182.33000 179.11400 179.25999 181.05099 178.90700 181.42500 181.48801 179.87199 179.24899 178.36600 178.16299 181.34200 178.64999 175.86700 174.67599 181.74001 183.58000 182.95700 188.22900 192.04201 194.57001 198.25200 201.28799 199.68600 201.08701 202.10699 202.90300 202.97301 201.20300 199.32001 199.57700 200.91800 202.90601 202.28900 201.75600 199.44299 198.24500 194.86099 189.14101 186.23000 187.44400 187.45900 188.88600 191.14301
167.93201 169.81200 166.49001 160.73100 160.52499 156.19600 155.29500 149.20399 153.29401 156.14400 154.14600 154.27000 157.28400 160.70799 159.22000 161.61501 166.12500 166.68800 169.48199 174.23500 175.71899 175.25800 173.14999 169.83000 177.62801 183.04700 183.57700 179.30701 180.60100 179.04401 176.22900 181.70500 183.89000 181.13901 180.33200 179.13400 181.00101 181.74800 182.81500 179.74600 180.21800 186.00000 192.91901 190.78999 195.54300 202.63100 204.01401 203.20599 203.08900 198.86400 202.00999 -9999 -9999 207.30600 207.34000 208.71500 205.91400 206.07600 206.94000 205.76700 202.89200 201.37399 195.42101 191.12700 186.99001 187.78999 185.13800 184.35500 184.00000 191.53500
164.38499 162.30800 166.24100 163.77299 161.04401 160.35600 160.99001 154.88699 159.92999 157.05400 155.27499 154.91901 159.05400 159.24100 160.55400 164.72600 168.01300 166.96700 171.71100 175.86700 174.08800 177.25900 180.68401 181.92101 180.89900 175.77100 180.18600 178.71201 180.57899 179.58099 180.26900 179.42999 184.90700 183.54100 181.33701 181.49800 182.14500 183.16800 191.05499 197.63499 -9999 -9999 -9999 -9999 205.75700 -9999 199.64301 193.49300 198.87300 201.28101 208.40300 -9999 -9999 208.16901 209.90100 212.28700 212.66100 212.98700 210.74800 208.25500 205.04300 202.93900 200.59000 197.31300 195.34801 198.14000 187.99100 187.64900 190.42700 200.15199
