data/hydroclimate-scenarios/BCSD_hadcm_B1/monthly_summaries/olr_monthly_avg_feb.2070-2099.asc
ncols	311
nrows	91
xllcenter	102.75
yllcenter	31.75
cellsize	0.5
NODATA_value	-9999
[rows 0 to 30 of 91, columns 210 to 279 of 311]
-9999 -9999 -9999 -9999 -9999 -9999 -9999 -9999 -9999 -9999 -9999 -9999 -9999 -9999 -9999 -9999 -9999 -9999 -9999 -9999 -9999 -9999 -9999 -9999 -9999 -9999 -9999 -9999 -9999 -9999 -9999 -9999 -9999 -9999 -9999 -9999 -9999 -9999 -9999 -9999 -9999 -9999 -9999 -9999 -9999 -9999 -9999 -9999 -9999 -9999 -9999 -9999 -9999 -9999 -9999 -9999 -9999 -9999 -9999 -9999 -9999 -9999 -9999 -9999 -9999 -9999 -9999 -9999 -9999 -9999
-9999 -9999 -9999 -9999 -9999 -9999 -9999 -9999 -9999 -9999 -9999 -9999 -9999 -9999 -9999 -9999 -9999 -9999 -9999 -9999 -9999 -9999 -9999 -9999 -9999 -9999 -9999 -9999 -9999 -9999 -9999 -9999 -9999 -9999 -9999 -9999 -9999 -9999 -9999 -9999 -9999 -9999 -9999 -9999 -9999 -9999 -9999 -9999 -9999 -9999 -9999 -9999 -9999 -9999 -9999 -9999 -9999 -9999 -9999 -9999 -9999 -9999 -9999 -9999 -9999 -9999 -9999 -9999 -9999 -9999
-9999 -9999 -9999 -9999 -9999 -9999 -9999 -9999 -9999 -9999 -9999 -9999 -9999 -9999 -9999 -9999 -9999 -9999 -9999 -9999 -9999 -9999 -9999 -9999 -9999 -9999 -9999 -9999 -9999 -9999 -9999 -9999 -9999 -9999 -9999 -9999 -9999 -9999 -9999 -9999 -9999 -9999 -9999 -9999 -9999 -9999 -9999 -9999 -9999 -9999 -9999 -9999 -9999 -9999 -9999 -9999 -9999 -9999 -9999 -9999 -9999 -9999 -9999 -9999 -9999 -9999 -9999 -9999 -9999 -9999
-9999 -9999 -9999 -9999 -9999 -9999 -9999 -9999 -9999 -9999 -9999 -9999 -9999 -9999 -9999 -9999 -9999 -9999 -9999 -9999 -9999 -9999 -9999 -9999 -9999 -9999 -9999 -9999 -9999 -9999 -9999 -9999 -9999 -9999 -9999 -9999 -9999 -9999 -9999 -9999 -9999 -9999 -9999 -9999 -9999 -9999 -9999 -9999 -9999 -9999 -9999 -9999 -9999 -9999 -9999 -9999 -9999 -9999 -9999 -9999 -9999 -9999 -9999 -9999 -9999 -9999 -9999 -9999 -9999 -9999
-9999 -9999 -9999 -9999 -9999 -9999 -9999 -9999 -9999 -9999 -9999 -9999 -9999 -9999 -9999 -9999 -9999 -9999 -9999 -9999 -9999 -9999 -9999 -9999 -9999 -9999 -9999 -9999 -9999 -9999 -9999 -9999 -9999 -9999 -9999 -9999 -9999 -9999 -9999 -9999 -9999 -9999 -9999 -9999 -9999 -9999 -9999 -9999 -9999 -9999 -9999 -9999 -9999 -9999 -9999 -9999 -9999 -9999 -9999 -9999 -9999 -9999 -9999 -9999 -9999 -9999 -9999 -9999 -9999 -9999
-9999 -9999 -9999 -9999 -9999 -9999 -9999 -9999 -9999 -9999 -9999 -9999 -9999 -9999 -9999 -9999 -9999 -9999 -9999 -9999 -9999 -9999 -9999 -9999 -9999 -9999 -9999 -9999 -9999 -9999 -9999 -9999 -9999 -9999 -9999 -9999 -9999 -9999 -9999 -9999 -9999 -9999 -9999 -9999 -9999 -9999 -9999 -9999 -9999 -9999 -9999 -9999 -9999 -9999 -9999 -9999 -9999 -9999 -9999 -9999 -9999 -9999 -9999 -9999 -9999 -9999 -9999 -9999 -9999 -9999
-9999 -9999 -9999 -9999 -9999 -9999 -9999 -9999 -9999 -9999 -9999 -9999 -9999 -9999 -9999 -9999 -9999 -9999 -9999 -9999 -9999 -9999 -9999 -9999 -9999 -9999 -9999 -9999 -9999 -9999 -9999 -9999 -9999 -9999 -9999 -9999 -9999 -9999 -9999 -9999 -9999 -9999 -9999 -9999 -9999 -9999 -9999 -9999 -9999 -9999 -9999 -9999 -9999 -9999 -9999 -9999 -9999 -9999 -9999 -9999 -9999 -9999 -9999 -9999 -9999 -9999 -9999 -9999 -9999 -9999
-9999 -9999 -9999 -9999 -9999 -9999 -9999 -9999 -9999 -9999 -9999 -9999 -9999 -9999 -9999 -9999 -9999 -9999 -9999 -9999 -9999 -9999 -9999 -9999 -9999 -9999 -9999 -9999 -9999 -9999 -9999 -9999 -9999 -9999 -9999 -9999 -9999 -9999 -9999 -9999 -9999 -9999 -9999 -9999 -9999 -9999 -9999 -9999 -9999 -9999 -9999 -9999 -9999 -9999 -9999 -9999 -9999 -9999 -9999 -9999 -9999 -9999 -9999 -9999 -9999 -9999 -9999 -9999 -9999 -9999
-9999 -9999 -9999 -9999 -9999 -9999 -9999 -9999 -9999 -9999 -9999 -9999 -9999 -9999 -9999 -9999 -9999 -9999 -9999 -9999 -9999 -9999 -9999 -9999 -9999 -9999 -9999 -9999 -9999 -9999 -9999 -9999 -9999 -9999 -9999 -9999 -9999 -9999 -9999 -9999 -9999 -9999 -9999 -9999 -9999 -9999 -9999 -9999 -9999 -9999 -9999 -9999 -9999 -9999 -9999 -9999 -9999 -9999 -9999 -9999 -9999 -9999 -9999 -9999 -9999 -9999 -9999 -9999 -9999 -9999
-9999 -9999 -9999 -9999 -9999 -9999 -9999 -9999 -9999 -9999 -9999 -9999 -9999 -9999 -9999 -9999 -9999 -9999 -9999 -9999 -9999 -9999 -9999 -9999 -9999 -9999 -9999 -9999 -9999 -9999 -9999 -9999 -9999 -9999 -9999 -9999 -9999 -9999 -9999 -9999 -9999 -9999 -9999 -9999 -9999 -9999 -9999 -9999 -9999 -9999 -9999 -9999 -9999 -9999 -9999 -9999 -9999 -9999 -9999 -9999 -9999 -9999 -9999 -9999 -9999 -9999 -9999 -9999 -9999 -9999
-9999 -9999 -9999 -9999 -9999 -9999 -9999 -9999 -9999 -9999 -9999 -9999 -9999 -9999 -9999 -9999 -9999 -9999 -9999 -9999 -9999 -9999 -9999 -9999 -9999 -9999 -9999 -9999 -9999 -9999 -9999 -9999 -9999 -9999 -9999 -9999 -9999 -9999 -9999 -9999 -9999 -9999 -9999 -9999 -9999 -9999 -9999 -9999 -9999 -9999 -9999 -9999 -9999 -9999 -9999 -9999 -9999 -9999 -9999 -9999 -9999 -9999 -9999 -9999 -9999 -9999 -9999 -9999 -9999 -9999
-9999 -9999 -9999 -9999 -9999 -9999 -9999 -9999 -9999 -9999 -9999 -9999 -9999 -9999 -9999 -9999 -9999 -9999 -9999 -9999 -9999 -9999 -9999 -9999 -9999 -9999 -9999 -9999 -9999 -9999 -9999 -9999 -9999 -9999 -9999 -9999 -9999 -9999 -9999 -9999 -9999 -9999 -9999 -9999 -9999 -9999 -9999 -9999 -9999 -9999 -9999 -9999 -9999 -9999 -9999 -9999 -9999 -9999 -9999 -9999 -9999 -9999 -9999 -9999 -9999 -9999 -9999 -9999 -9999 -9999
-9999 -9999 -9999 -9999 -9999 -9999 -9999 -9999 -9999 -9999 -9999 -9999 -9999 -9999 -9999 -9999 -9999 -9999 -9999 -9999 -9999 -9999 -9999 -9999 -9999 -9999 -9999 -9999 -9999 -9999 -9999 -9999 -9999 -9999 -9999 -9999 -9999 -9999 -9999 -9999 -9999 -9999 -9999 -9999 -9999 -9999 -9999 -9999 -9999 -9999 -9999 -9999 -9999 -9999 -9999 -9999 -9999 -9999 -9999 -9999 -9999 -9999 -9999 -9999 -9999 -9999 -9999 -9999 -9999 -9999
174.66100 175.35800 175.85600 176.48900 176.67200 176.44200 176.60201 175.47400 176.22099 -9999 -9999 -9999 -9999 -9999 -9999 -9999 -9999 -9999 -9999 -9999 -9999 -9999 -9999 -9999 -9999 -9999 -9999 -9999 -9999 -9999 -9999 -9999 -9999 -9999 -9999 -9999 -9999 -9999 -9999 -9999 -9999 -9999 -9999 -9999 -9999 -9999 -9999 -9999 -9999 -9999 172.86000 -9999 -9999 -9999 -9999 -9999 -9999 -9999 -9999 -9999 -9999 -9999 -9999 -9999 -9999 -9999 -9999 -9999 -9999 -9999
171.27699 170.79800 170.46001 172.08299 173.68600 174.48599 175.51100 176.46800 177.19701 174.78000 175.14700 175.72600 175.54900 176.37399 176.15601 175.97800 186.71100 185.76199 185.71400 186.52800 187.22900 199.65800 -9999 -9999 -9999 -9999 -9999 -9999 -9999 -9999 -9999 -9999 -9999 -9999 -9999 -9999 -9999 -9999 -9999 -9999 -9999 -9999 -9999 -9999 -9999 170.68401 172.75900 171.32001 169.24200 167.00600 169.02100 174.45500 -9999 -9999 -9999 181.57800 -9999 -9999 -9999 181.11400 180.68300 179.60800 -9999 -9999 -9999 -9999 -9999 -9999 -9999 -9999
172.36099 171.14400 170.99001 171.49500 172.06000 174.15300 175.45900 176.45200 177.40601 176.63200 178.06200 178.59200 178.51300 178.64999 177.52699 177.99600 176.39500 174.97000 177.50999 179.14500 180.00500 178.79500 177.10400 176.69299 187.87601 181.42799 182.54300 180.18600 -9999 -9999 -9999 -9999 -9999 178.75101 178.44000 178.05400 177.39101 176.64500 177.62801 176.85201 176.22501 176.14700 175.48199 174.99800 174.42000 169.08701 169.98399 168.17900 169.64400 167.05099 166.63000 174.18700 173.87300 178.59500 178.86501 180.95900 182.07201 182.18500 181.36600 179.18600 177.63400 175.23900 175.69099 178.12500 178.33501 177.19099 177.19099 -9999 -9999 -9999
175.17900 175.59900 176.48500 177.65800 179.26900 181.17400 181.88300 179.64700 180.51601 178.65700 177.99699 178.37100 178.15401 176.45200 174.89900 175.14200 172.95599 176.32899 177.53600 180.92599 183.12199 181.32300 181.25900 178.84700 189.62900 183.25600 181.23900 178.26300 178.09399 178.24500 178.84801 178.24800 178.57201 179.77699 180.22301 178.22200 176.67200 176.12300 175.85600 175.73700 175.19000 174.26601 174.50200 174.16100 174.06799 176.11099 176.04800 174.89000 175.29201 172.83501 173.68500 173.78600 174.27699 175.81799 176.18500 178.51601 179.14301 179.63901 180.14400 178.80499 179.32800 179.07700 179.20000 178.15500 177.32401 175.03400 172.83099 170.34100 170.06100 170.02800
180.92200 180.73399 180.33900 180.47301 180.62700 182.09500 182.21300 181.20799 178.16100 178.85201 177.86900 178.55299 176.89700 175.64500 176.01199 180.66400 185.56700 189.18500 189.70100 189.71500 190.71001 201.65900 199.15601 196.38400 194.57500 187.83800 186.39999 180.18300 178.42400 176.85001 175.24200 173.91701 174.53600 177.07800 180.06200 179.33600 177.07899 175.75999 175.12500 175.19099 175.21800 175.41100 174.86800 175.05000 174.85699 176.38901 176.73500 176.22701 176.00600 173.91499 174.01700 174.37000 174.55000 176.20200 176.58701 179.13800 179.58800 179.80701 179.83000 178.91200 179.40100 178.75000 178.65100 177.77400 176.93401 174.05600 173.01601 171.82001 170.89799 169.58600
183.56799 180.81799 180.60600 183.62300 185.26401 184.61600 182.99899 182.80299 183.92101 184.37100 181.09200 182.80000 181.80701 182.70000 187.41901 195.74001 196.01601 197.23199 197.21201 198.89400 196.91701 197.76900 195.41800 192.99400 190.89600 189.54100 188.60100 184.38499 181.54201 180.39400 176.37601 175.26500 174.11600 176.14000 178.93600 178.25800 177.86900 176.78999 176.96500 177.29800 177.26601 177.57001 177.62500 176.79100 175.67700 176.68300 176.49400 175.79601 175.29900 174.40100 174.41800 174.91000 175.59900 175.62500 175.82700 176.53000 177.03999 177.16100 177.17101 177.09700 177.01100 177.24899 177.12900 176.55400 175.28900 171.98599 171.90700 171.47800 170.67101 170.04900
184.88000 184.77699 184.41499 184.96500 184.90401 186.12700 185.22501 187.27299 188.68300 190.00900 191.95700 195.14000 194.48700 193.38100 189.30400 195.97301 192.18500 190.85400 192.22099 192.78799 194.28700 202.33099 199.85899 194.59500 192.06900 188.15601 187.26100 181.89200 182.24400 182.79601 182.28400 180.29500 175.85100 176.49600 176.86501 177.35500 177.90601 178.31100 178.32600 178.37199 178.99400 179.10800 178.14700 177.05299 177.21100 176.18300 175.48599 175.18700 175.03000 174.38600 174.86099 175.44501 175.79800 176.02499 176.15100 176.87801 176.95599 177.12000 176.69901 177.32500 177.17900 176.75301 176.44701 175.73599 175.88300 173.49699 172.78700 171.31599 170.90601 170.62100
184.40100 189.72501 189.35899 186.24899 183.35001 184.19099 188.54800 193.10100 194.09599 193.57600 195.17700 196.03700 194.65500 189.12100 184.37100 183.36099 178.72301 175.31000 179.21700 188.02600 192.15100 197.76199 194.43100 189.67900 184.78400 183.77400 182.01300 179.29900 180.33400 181.71201 181.40800 179.79700 176.94501 174.62199 177.46500 179.05499 179.08701 179.22800 179.29900 179.39999 179.11501 179.14999 179.27100 178.93700 178.18100 176.57500 175.29401 174.75500 175.35899 175.01801 175.10899 175.62700 175.89400 175.48399 176.37500 176.72800 177.03600 176.91499 177.00700 176.51801 176.44901 177.05200 177.63800 177.25600 176.80499 175.18300 173.71500 172.48100 171.62100 170.73000
195.92500 198.55200 193.96400 187.41800 183.98199 184.09000 187.12601 190.23399 190.36600 190.23000 189.84300 187.47800 187.13800 192.20000 195.27100 194.86900 185.63699 183.50301 190.64200 197.21600 196.81300 200.15601 196.95399 188.58200 183.31700 180.12601 179.43700 178.79900 180.59399 181.89900 180.57700 179.54601 178.08701 173.88200 175.94600 178.09900 179.57700 180.44400 180.36900 180.03400 180.13200 180.48000 179.82100 179.69901 178.89600 177.30299 176.68800 175.11900 174.98399 175.52400 175.56599 176.68800 177.09500 176.13400 177.00200 178.16400 178.36000 177.73599 178.33200 178.50800 177.63300 176.96899 177.60400 178.02699 177.26801 175.00600 173.90401 172.92700 172.32600 172.01500
197.03300 196.75700 191.52000 187.82401 184.57401 183.93300 183.62399 190.42200 200.36800 204.89000 205.79601 203.52499 204.98000 205.82700 206.05800 209.84300 191.33099 190.21201 200.23000 208.27699 206.85500 199.87601 196.15700 190.97099 184.94901 180.85899 180.08701 178.14301 179.92799 178.05499 178.02600 178.32201 178.31500 177.89301 179.63300 179.47600 178.64799 179.27800 179.69501 179.00200 178.02600 179.12700 178.57100 177.34200 178.07500 178.24200 177.66000 177.30901 176.96500 177.16299 176.11501 176.81100 176.58000 177.07800 177.66000 177.66600 178.02901 178.14200 177.28500 177.67000 177.62900 177.71700 177.35001 176.75200 176.15100 174.91499 174.23801 173.90700 172.68700 170.21201
197.75500 199.24400 197.20399 198.64700 201.00400 201.56700 197.94501 201.28500 207.99699 211.21500 212.93100 208.78200 207.81900 204.50400 203.46600 205.36099 200.49500 201.77200 204.40900 209.04201 206.80600 199.84500 194.96700 190.68300 184.80499 181.55901 180.78700 178.40199 177.58900 176.44701 175.60800 175.33900 175.88901 177.29401 178.51601 178.74001 176.95900 176.13699 175.71400 174.36600 174.81100 175.72501 176.13499 173.42101 173.64400 175.11600 175.09399 175.80099 175.95500 178.06700 178.78400 178.77299 178.54900 179.27600 179.38200 178.85300 179.10300 179.27000 178.30400 178.87300 179.79500 177.79100 175.84399 175.30000 176.23100 175.11501 173.37300 172.87199 172.03600 170.82600
204.25301 199.30800 198.03600 196.40100 194.95700 194.78200 195.00101 198.72800 201.61099 200.20399 198.92700 202.99600 202.53500 215.08000 202.43500 205.20100 207.14799 209.50600 207.12300 206.25400 207.56300 196.63100 195.08701 192.57401 184.51601 180.95000 178.53799 177.66299 177.06700 175.01900 175.11301 174.64000 174.97400 174.10201 174.35300 174.75800 174.54401 174.03300 174.05901 173.89400 173.17599 172.83299 173.61200 172.53400 172.44200 173.70599 173.26199 172.84200 173.31200 174.10300 175.67900 179.24699 181.04500 180.12700 180.91400 181.17000 179.03200 178.90500 179.05600 179.05299 179.11099 178.06700 177.58701 177.00700 175.35300 174.20500 172.83800 173.78200 173.12900 173.30299
210.47200 209.74699 202.79401 198.22600 196.60800 198.48100 199.03900 200.88699 201.70399 203.41400 205.00600 203.47099 203.05099 213.77299 213.70000 216.14301 218.50101 208.59399 210.17999 206.22301 195.71201 196.06100 192.39999 189.74500 188.87700 184.03600 183.63600 180.80000 178.88100 176.31599 176.28101 176.25900 178.49699 179.00600 179.75400 178.86000 178.88699 177.81100 177.20900 177.67599 176.19000 176.22200 176.07401 175.05600 174.66800 176.00000 176.06200 176.42700 176.07700 176.83600 178.31799 179.38400 180.45700 180.21500 181.26801 181.64200 179.44400 177.95100 178.69701 179.22099 178.44200 178.19901 177.78900 177.12801 175.91800 174.65500 174.48399 173.73500 172.86800 172.99800
204.91600 203.54100 203.83299 203.72200 207.39999 208.39301 206.75200 207.06900 204.63000 202.98599 201.35600 201.86600 203.36400 204.57401 202.25301 202.05000 203.95799 209.13901 214.42799 208.49300 200.11301 197.86600 192.62601 188.15800 187.02100 187.13400 185.85500 184.35300 182.88200 181.90800 180.98300 182.24600 185.40401 188.14000 185.82600 184.59500 184.17700 185.13200 184.59599 180.76199 180.25301 178.70000 178.20100 178.63600 178.63901 178.99300 178.99800 179.09801 180.71001 180.15601 179.39600 179.37100 180.62300 180.73801 181.28000 181.25700 181.53799 180.53900 178.18700 179.02000 178.48399 178.12801 178.00999 177.57100 176.09200 175.55099 174.54401 175.34399 174.80299 173.36900
208.06000 208.16100 204.21100 202.37500 206.50700 208.31000 204.34100 203.28700 203.40199 204.39900 204.09599 202.94000 203.64400 204.71300 202.21100 203.62199 202.90100 201.71001 197.46700 194.96700 195.97501 199.74300 195.39900 189.89999 189.85699 189.12000 188.40100 185.33600 184.34300 182.42799 182.75800 185.32800 187.48500 188.82500 187.74800 186.48100 187.43300 185.22400 184.34000 184.71201 183.90401 181.85100 181.05099 181.52299 180.72501 181.76700 183.03700 183.37300 182.51900 180.82800 181.10800 181.49100 181.99001 181.08400 180.74899 180.73199 180.51500 181.27100 179.08299 179.26601 179.11800 179.38400 178.81300 178.02000 176.98900 177.66000 177.30901 177.07401 176.26199 174.62801
204.72400 204.77499 203.51300 210.27901 220.13699 216.99699 212.30000 210.38800 206.44800 204.21400 203.46899 203.63400 203.23801 202.92000 203.19701 205.57001 207.00900 206.06000 206.18700 205.57800 198.06799 203.22000 200.68500 197.34300 193.44800 191.34300 189.96201 184.70799 182.69701 184.31700 184.63300 187.36800 190.23599 195.18100 194.26199 191.59500 188.82500 187.28500 187.45799 187.39500 185.66800 185.09300 185.85201 184.54201 184.14400 184.61200 185.92599 186.52299 185.76500 183.75400 181.60100 181.29500 179.94800 180.51601 180.02100 181.74001 182.44501 181.71600 182.10201 181.07300 180.76300 181.73500 181.67700 180.99001 180.80600 179.15700 178.53101 177.34801 176.67799 176.02299
215.63499 222.52699 222.63699 225.38800 225.70599 216.43900 211.62199 204.89200 203.28200 202.33701 201.35201 200.81200 201.57100 202.68401 203.39101 207.95300 203.73000 198.04401 199.99800 201.00999 206.10201 198.91901 197.31400 199.79300 198.91600 197.91701 193.07300 189.67300 187.95599 185.78000 185.64700 189.44701 193.43800 196.89000 197.04700 194.96700 191.50101 190.13699 189.30701 190.91400 189.25301 188.96400 189.20300 188.74001 187.87000 188.60001 186.97400 189.75900 188.92700 188.08400 186.45599 183.34500 182.04401 182.18100 181.83701 182.17799 182.85899 182.83099 184.11900 183.20300 182.75900 183.43500 183.12300 181.22301 179.67599 177.26401 177.80000 177.16299 177.61700 178.08299
212.65800 223.00400 222.00800 221.03200 220.79900 225.65100 225.90300 217.56700 210.61099 207.93700 203.49400 202.69501 205.58600 206.01900 204.62700 209.69600 209.15300 202.11000 198.05099 198.84900 198.84300 197.41901 198.15199 197.47301 196.22800 196.33400 192.57899 189.28900 188.52600 189.49500 192.82100 192.76401 195.84200 198.07300 199.39101 200.31400 196.81000 195.57201 193.55400 193.26300 193.58000 193.97501 194.25700 193.55701 192.69600 193.91701 192.72800 194.19099 195.78700 192.89999 191.21899 190.17999 190.33200 189.02800 187.45100 186.54700 186.33200 183.89999 184.92300 186.00800 184.48300 186.32201 185.82600 185.48700 184.27200 182.12700 182.25800 181.78700 181.26601 180.92700
