data/hydroclimate-scenarios/BCSD_hadcm_B1/monthly_summaries/olr_monthly_avg_jun.2030-2059.asc
ncols	311
nrows	91
xllcenter	102.75
yllcenter	31.75
cellsize	0.5
NODATA_value	-9999
[rows 0 to 30 of 91, columns 70 to 139 of 311]
-9999 -9999 -9999 -9999 -9999 -9999 -9999 -9999 -9999 -9999 -9999 -9999 -9999 -9999 -9999 -9999 -9999 -9999 -9999 -9999 -9999 -9999 -9999 -9999 -9999 -9999 -9999 -9999 -9999 -9999 -9999 -9999 -9999 -9999 -9999 -9999 -9999 -9999 -9999 -9999 -9999 -9999 -9999 -9999 -9999 -9999 -9999 -9999 -9999 -9999 -9999 -9999 -9999 -9999 -9999 -9999 -9999 -9999 -9999 -9999 -9999 -9999 -9999 -9999 -9999 -9999 -9999 -9999 -9999 -9999
-9999 -9999 -9999 -9999 -9999 -9999 -9999 -9999 -9999 -9999 -9999 -9999 -9999 -9999 -9999 -9999 -9999 -9999 -9999 -9999 -9999 -9999 -9999 -9999 -9999 -9999 -9999 -9999 -9999 -9999 -9999 -9999 -9999 -9999 -9999 -9999 -9999 -9999 -9999 -9999 -9999 -9999 -9999 -9999 -9999 -9999 -9999 -9999 -9999 -9999 -9999 -9999 -9999 -9999 -9999 -9999 -9999 -9999 -9999 -9999 -9999 -9999 -9999 -9999 -9999 -9999 -9999 -9999 -9999 -9999
-9999 -9999 -9999 -9999 -9999 -9999 -9999 -9999 -9999 -9999 -9999 -9999 -9999 -9999 -9999 -9999 -9999 -9999 -9999 -9999 -9999 -9999 -9999 -9999 -9999 -9999 -9999 -9999 -9999 -9999 -9999 -9999 -9999 -9999 -9999 -9999 -9999 -9999 -9999 -9999 -9999 -9999 -9999 -9999 -9999 -9999 -9999 -9999 -9999 -9999 -9999 -9999 -9999 -9999 -9999 -9999 -9999 -9999 -9999 -9999 -9999 -9999 -9999 -9999 -9999 -9999 -9999 -9999 -9999 -9999
-9999 -9999 -9999 -9999 -9999 -9999 -9999 -9999 -9999 -9999 -9999 -9999 -9999 -9999 -9999 -9999 -9999 -9999 -9999 -9999 -9999 -9999 -9999 -9999 -9999 -9999 -9999 -9999 -9999 -9999 -9999 -9999 -9999 -9999 -9999 -9999 -9999 -9999 -9999 -9999 -9999 -9999 -9999 -9999 -9999 -9999 -9999 -9999 -9999 -9999 -9999 -9999 -9999 -9999 -9999 -9999 -9999 -9999 -9999 -9999 -9999 -9999 -9999 -9999 -9999 -9999 -9999 -9999 -9999 -9999
-9999 -9999 -9999 -9999 -9999 -9999 -9999 -9999 -9999 -9999 -9999 -9999 -9999 -9999 -9999 -9999 -9999 -9999 -9999 -9999 -9999 -9999 -9999 -9999 -9999 -9999 -9999 -9999 -9999 -9999 -9999 -9999 -9999 -9999 -9999 -9999 -9999 -9999 -9999 -9999 -9999 -9999 -9999 -9999 -9999 -9999 -9999 -9999 -9999 -9999 -9999 -9999 -9999 -9999 -9999 -9999 -9999 -9999 -9999 -9999 -9999 -9999 -9999 -9999 -9999 -9999 -9999 -9999 -9999 -9999
-9999 -9999 -9999 -9999 -9999 -9999 -9999 -9999 -9999 -9999 -9999 -9999 -9999 -9999 -9999 -9999 -9999 -9999 -9999 -9999 -9999 -9999 -9999 -9999 -9999 -9999 -9999 -9999 -9999 -9999 -9999 -9999 -9999 -9999 -9999 -9999 -9999 -9999 -9999 -9999 -9999 -9999 -9999 -9999 -9999 -9999 -9999 -9999 -9999 -9999 -9999 -9999 -9999 -9999 -9999 -9999 -9999 -9999 -9999 -9999 -9999 -9999 -9999 -9999 -9999 -9999 -9999 -9999 -9999 -9999
-9999 -9999 -9999 -9999 -9999 -9999 -9999 -9999 -9999 -9999 -9999 -9999 -9999 -9999 -9999 -9999 -9999 -9999 -9999 -9999 -9999 -9999 -9999 -9999 -9999 -9999 -9999 -9999 -9999 -9999 -9999 -9999 -9999 -9999 -9999 -9999 -9999 -9999 -9999 -9999 -9999 -9999 -9999 -9999 -9999 -9999 -9999 -9999 -9999 -9999 -9999 -9999 -9999 -9999 -9999 -9999 -9999 -9999 -9999 -9999 -9999 -9999 -9999 -9999 -9999 -9999 -9999 -9999 -9999 -9999
-9999 -9999 -9999 -9999 -9999 -9999 -9999 -9999 -9999 -9999 -9999 -9999 -9999 -9999 -9999 -9999 -9999 -9999 -9999 -9999 -9999 -9999 -9999 -9999 -9999 -9999 -9999 -9999 -9999 -9999 -9999 -9999 -9999 -9999 -9999 -9999 -9999 -9999 -9999 -9999 -9999 -9999 -9999 -9999 -9999 -9999 -9999 -9999 -9999 -9999 -9999 -9999 -9999 -9999 -9999 -9999 -9999 -9999 -9999 -9999 -9999 -9999 -9999 -9999 -9999 -9999 -9999 -9999 -9999 -9999
-9999 -9999 -9999 -9999 -9999 -9999 -9999 284.17599 -9999 -9999 -9999 -9999 -9999 -9999 -9999 -9999 -9999 -9999 -9999 -9999 -9999 -9999 -9999 -9999 -9999 -9999 -9999 -9999 -9999 -9999 -9999 -9999 -9999 -9999 -9999 -9999 -9999 -9999 -9999 -9999 -9999 -9999 -9999 -9999 -9999 -9999 -9999 -9999 -9999 -9999 -9999 -9999 -9999 -9999 -9999 -9999 -9999 -9999 -9999 -9999 -9999 -9999 -9999 -9999 -9999 -9999 -9999 -9999 -9999 -9999
-9999 -9999 -9999 266.04199 289.69000 287.68900 285.72000 285.60001 284.99701 284.95499 284.20001 285.23099 284.35101 286.75900 285.69400 286.53900 285.59299 284.40201 283.98199 282.40601 282.14301 281.52100 281.34601 -9999 -9999 -9999 -9999 -9999 -9999 -9999 -9999 -9999 -9999 -9999 -9999 -9999 -9999 -9999 -9999 -9999 -9999 -9999 -9999 -9999 -9999 -9999 -9999 -9999 -9999 -9999 -9999 -9999 -9999 -9999 -9999 -9999 -9999 -9999 -9999 -9999 -9999 -9999 -9999 -9999 -9999 -9999 -9999 -9999 -9999 -9999
-9999 -9999 -9999 -9999 -9999 290.68900 290.05301 290.18100 289.58401 288.63199 287.99500 288.73499 288.08099 288.00699 287.13000 285.88800 284.96301 283.21500 282.00000 280.64099 280.37799 280.86600 281.13901 -9999 -9999 -9999 -9999 -9999 -9999 -9999 -9999 -9999 -9999 -9999 -9999 -9999 -9999 -9999 -9999 -9999 -9999 -9999 -9999 -9999 -9999 -9999 -9999 -9999 -9999 -9999 -9999 -9999 -9999 -9999 -9999 -9999 -9999 -9999 -9999 -9999 -9999 -9999 -9999 -9999 -9999 -9999 -9999 -9999 -9999 -9999
296.70300 295.34299 294.13501 293.73401 293.77301 293.68701 293.10400 292.70001 292.21701 291.49701 291.14200 291.44901 290.11200 289.97601 288.95401 287.84500 286.66800 284.76099 283.87601 282.85400 282.09399 283.01901 283.40302 282.10300 282.36401 282.28900 283.39801 282.84100 283.79001 -9999 -9999 -9999 -9999 -9999 -9999 -9999 -9999 -9999 -9999 -9999 -9999 -9999 -9999 -9999 -9999 -9999 -9999 -9999 -9999 -9999 -9999 -9999 -9999 -9999 -9999 -9999 -9999 -9999 -9999 -9999 -9999 -9999 -9999 -9999 -9999 -9999 -9999 -9999 -9999 -9999
298.15201 297.55499 297.52701 296.60699 295.61401 296.80899 296.49200 296.33401 295.22501 295.83499 295.00299 293.68301 292.12399 292.04300 291.16400 290.03101 288.93701 286.36401 285.71899 283.74301 282.97101 284.13300 283.06100 282.80701 283.87000 284.15799 284.60501 284.77200 285.50299 286.62500 286.28299 286.67300 286.82300 286.38800 286.21899 286.39099 286.16400 284.96799 284.64801 284.41699 283.82101 283.94901 283.44299 281.84100 -9999 -9999 -9999 -9999 -9999 -9999 -9999 -9999 -9999 -9999 -9999 -9999 -9999 -9999 -9999 -9999 -9999 -9999 -9999 -9999 -9999 -9999 -9999 -9999 -9999 -9999
298.67001 299.42999 298.20200 297.85400 296.46301 297.16501 297.67099 298.20200 298.03900 298.03500 297.11600 296.28601 295.34900 295.74200 293.96399 292.55801 291.48001 289.44400 288.07300 286.83701 285.60001 285.17401 282.67700 283.56699 284.18201 284.54401 286.29300 287.10699 287.04999 287.32300 285.85501 287.53601 287.66599 287.05701 286.82001 287.51001 287.37900 286.32001 286.17999 285.11301 284.91199 284.87399 284.38901 282.13599 282.34900 -9999 -9999 -9999 -9999 -9999 -9999 -9999 -9999 -9999 -9999 -9999 -9999 -9999 -9999 -9999 -9999 -9999 -9999 -9999 -9999 -9999 -9999 -9999 -9999 -9999
292.00400 291.70901 290.76599 292.51501 287.15399 291.20901 291.73499 291.89801 292.77899 291.51599 293.64099 291.44400 292.87201 292.68399 292.27701 293.37000 292.26599 291.26999 290.01501 288.47900 287.68100 285.51199 285.42099 286.33301 287.05701 287.25800 284.66699 286.87100 288.84100 289.68301 288.46399 289.02100 289.23700 289.38101 288.54599 287.07999 286.90500 286.67499 286.09201 285.29599 284.44800 283.55099 283.36401 283.86200 283.98901 -9999 -9999 -9999 -9999 -9999 -9999 -9999 -9999 -9999 -9999 -9999 -9999 -9999 -9999 -9999 279.25900 279.32999 -9999 -9999 -9999 -9999 274.00800 269.00699 265.59698 267.39999
292.90100 292.46100 291.38101 291.74899 288.54901 293.48700 296.91400 296.27701 293.05701 291.66199 290.59100 294.90302 295.36499 293.93799 292.39801 292.71201 293.44800 292.12399 292.30600 290.67801 290.15302 288.87900 287.84698 288.48700 291.41000 290.66599 290.88101 290.36200 290.85101 291.47299 292.10901 291.12500 290.72900 290.98099 290.93500 289.07501 288.65500 288.43100 287.89600 286.41901 286.38000 285.92599 284.87799 285.79599 285.26199 284.12000 283.62100 284.77301 283.53299 278.68100 276.34100 277.75900 275.67099 275.53699 277.55899 276.45599 275.14499 279.86200 280.01001 280.34299 279.79501 280.87500 -9999 -9999 -9999 -9999 -9999 275.33099 272.84500 270.52200
289.29700 287.83099 294.63901 292.57800 286.69101 291.66599 297.09201 296.22000 296.58099 298.87601 299.64099 300.53299 299.10199 298.65900 297.55899 297.48001 296.44101 295.03500 294.16800 293.06500 292.26501 292.72400 292.14499 292.46799 292.84299 292.89001 292.86301 292.95801 293.19601 293.95499 294.14301 294.49799 294.83499 294.27200 293.55200 292.84399 292.32800 291.97699 291.45901 291.65302 290.56799 289.33099 289.26300 288.10001 287.73499 286.89499 286.34500 285.47000 285.04999 281.34000 278.94601 281.07501 282.66101 279.86899 274.48700 270.50800 275.90799 273.50699 271.81500 272.76901 275.88501 276.55801 274.98300 278.79401 281.15900 281.43799 281.17001 280.51700 280.07901 276.74399
295.13000 287.01801 274.49899 296.94199 285.90302 284.65201 289.49799 292.34500 291.82101 301.72699 303.31299 301.85800 300.94901 300.19299 299.27701 299.19299 298.27399 296.65201 296.39401 294.73801 291.53799 291.55899 293.44101 294.02100 294.55701 294.85501 294.42700 294.62500 295.05499 295.89801 295.52399 296.67599 296.35699 295.98700 295.92099 294.70599 294.00000 293.43600 293.13699 293.44199 292.73901 291.68799 290.21399 289.54999 289.54599 288.67999 288.90201 287.65601 287.28500 287.53799 285.83499 283.71500 285.43500 282.73099 282.34201 278.70001 273.27802 271.50000 272.72000 272.42801 270.91000 272.93600 268.53101 272.69901 279.42001 281.86899 282.34601 282.63101 282.58801 278.95700
284.07901 282.42099 277.11099 285.62399 301.49899 294.54501 299.41501 299.60199 292.92899 297.69699 300.20499 300.36099 301.30499 301.71799 301.25800 300.62100 299.55701 298.86099 298.15100 297.00601 288.64700 289.94699 291.98300 292.72900 295.10101 295.91299 296.14899 296.76999 297.00900 297.76099 297.10400 297.80301 297.96600 296.55200 296.36401 295.77399 295.35901 295.51300 294.19199 292.75800 291.18500 291.40900 291.47299 286.89099 285.10400 287.14700 289.60001 291.10101 292.48099 290.50900 287.04700 284.29401 283.78699 282.44901 282.28601 281.04599 282.17401 281.93900 275.85300 273.61499 271.46701 269.15201 266.57501 264.87201 271.56100 274.33899 276.65799 277.33401 276.96301 275.33701
297.90201 287.47400 280.87799 281.29501 281.79599 289.94400 300.58200 298.39401 292.94699 292.07300 298.54199 285.85101 287.53000 291.39200 297.16800 299.45801 299.87500 300.78900 300.66299 298.25299 294.16800 291.36700 294.14200 294.92899 297.20801 298.14600 298.16699 298.35400 298.41501 299.33701 299.24701 299.79800 298.76300 295.94800 297.10199 297.14401 294.60800 294.11600 293.44501 291.91400 289.70001 288.98099 290.76901 291.61200 290.44800 286.58401 286.35400 288.19400 289.93600 290.59399 286.21301 283.76999 283.90601 283.75500 285.33600 280.84000 276.97198 275.48401 270.45901 274.20901 276.88300 275.74100 275.62299 274.46399 272.01901 267.76099 273.90601 270.05301 273.71201 274.73401
296.49200 289.44299 285.66400 280.47699 277.00500 274.96500 289.31601 294.99301 297.46701 296.51001 298.76401 292.30399 281.12500 274.89301 270.72299 281.89200 290.60300 296.18301 299.76599 301.49600 301.76700 301.29700 301.39700 301.07401 301.86801 300.75500 301.19101 301.27899 301.42599 302.10901 300.10300 300.35101 298.40302 296.27301 295.27100 298.14600 295.27200 293.59000 290.27802 291.92999 292.81201 291.28000 290.23801 292.37201 292.51599 288.66699 290.33099 289.18600 289.28799 290.03299 291.10001 291.25299 289.46600 287.51801 286.09201 285.40900 283.32700 279.15100 274.76001 276.25201 269.83200 271.20300 273.20499 274.47800 277.62299 279.51501 278.82401 276.24200 274.86401 276.26300
284.97198 279.27100 279.88501 274.52499 273.19199 275.40900 277.71201 276.98700 280.91800 287.46301 294.59500 300.24301 294.38901 289.37799 283.62299 275.76099 275.41299 276.88901 280.99200 289.25800 293.10999 298.87500 300.31601 301.60001 302.53900 303.16400 303.65500 303.45300 303.32999 300.37799 297.94800 301.34299 293.14700 289.98001 290.48599 292.46201 291.79401 291.59299 290.49301 291.70801 291.09000 290.92700 290.78601 294.33499 290.52899 288.93301 286.73099 286.57599 286.57199 286.93399 287.11899 283.16000 282.01801 279.28400 277.62601 278.41699 278.26099 273.15799 277.23999 277.02100 271.67200 274.79700 275.37601 276.00800 281.82999 281.39499 280.71701 275.29599 277.32901 279.30301
291.88501 285.24899 278.46399 274.60599 277.34299 273.62100 272.39200 275.01599 279.84000 280.75800 287.83499 290.26700 288.42200 288.37601 290.90399 290.04401 288.49100 286.03400 279.41101 276.75000 279.98599 284.59500 288.57300 295.76599 301.41199 304.09500 305.27701 304.31000 300.67700 297.60599 298.00000 297.34000 295.93500 290.26001 292.67099 289.00900 295.84299 294.49301 292.17300 287.35101 289.26599 293.19501 295.70001 293.38300 290.79199 285.07199 283.32001 283.03299 284.40399 283.75101 279.02499 276.35400 277.60199 274.62601 269.48801 272.70001 269.41901 275.27499 271.35800 277.90799 281.22299 280.01700 282.62399 281.21500 282.85001 279.74500 282.99301 285.68399 285.87000 283.58099
287.96201 286.31601 285.43201 285.05301 286.16000 278.66199 274.30899 274.63501 275.02701 277.08200 284.10800 292.94199 276.60001 278.28400 283.21799 273.97699 268.24100 271.69101 294.92099 282.14200 269.78601 273.31000 278.10501 283.64600 301.69101 305.27301 306.92599 305.66199 303.13800 300.61200 300.35901 297.84500 296.97501 295.44800 295.04800 300.08801 298.07300 293.70700 293.24600 290.16501 288.84799 285.45599 290.31799 290.64200 288.48199 294.98001 294.43100 290.12900 285.73401 282.08600 279.37000 276.34201 278.10501 278.05701 276.10501 272.22699 270.59201 273.25699 272.49100 280.34900 282.15601 286.47800 288.09601 284.30399 282.14401 289.95599 291.10501 290.43701 290.14999 288.48199
286.22000 286.40601 286.92200 287.42300 289.23001 284.77200 284.18301 283.97198 282.09399 284.73401 283.17099 284.44699 282.79999 283.36401 286.23099 278.14600 275.77701 269.23700 275.33499 281.22101 286.16299 282.99799 283.01700 286.32800 290.62799 299.61801 306.48099 306.60199 305.98999 304.89099 305.23599 301.28699 301.80899 302.67300 300.25101 298.89301 298.63101 297.56000 295.92300 293.90799 290.52301 285.82700 285.89700 284.63000 285.91199 295.47699 296.28900 292.19299 287.66901 284.05301 277.91901 276.56500 279.83600 281.26801 274.38501 276.86301 278.18500 279.53201 282.14099 276.56000 281.89401 285.06799 288.30701 288.50699 293.05099 295.54800 294.70700 292.62900 289.06799 284.01999
285.95801 285.73099 284.83600 282.47601 283.31400 282.65601 287.56201 288.23700 289.42499 290.58401 291.58801 284.89200 278.41699 282.22000 287.19101 286.64499 281.20300 279.84299 277.92700 270.47900 274.83899 281.38901 289.08499 292.97198 292.66599 291.48401 296.65201 303.59000 304.26700 303.76001 300.78601 302.56500 301.35999 306.19299 302.83099 299.68301 294.87201 294.20901 287.86600 291.79800 284.30600 278.83200 284.09100 283.55301 278.61200 283.14200 289.27499 289.04401 286.79501 286.52100 283.04501 279.53299 285.33401 287.23700 287.22299 288.21399 287.20499 285.26700 282.66400 285.19400 282.35800 288.03500 288.72800 289.68399 291.87000 294.71701 295.17599 293.73599 291.49100 287.80200
289.34900 282.49399 278.44601 275.37799 275.24500 280.78601 282.96201 287.03799 289.62299 292.09900 286.71201 286.37799 283.03400 275.34799 280.56201 287.22601 287.93701 280.31799 275.81201 271.91199 272.93600 277.16400 279.92401 283.64999 289.51501 293.21399 298.29401 296.73001 301.68701 305.51999 302.21701 306.81601 302.35599 304.84799 295.12201 292.01999 297.72800 293.19699 285.55399 288.18399 289.79501 282.35400 279.89099 279.37799 282.88199 282.37900 283.97800 284.91800 283.13000 285.03299 281.83099 281.97299 281.24399 283.15100 282.32300 281.67899 282.89001 283.67700 288.94101 291.72101 294.82999 295.96301 294.28299 293.60101 294.43100 294.16000 294.35101 293.62900 291.17200 283.96201
292.62500 289.54300 284.65900 274.20001 273.58701 274.87201 283.64301 285.21500 291.86099 289.26401 291.89401 295.92801 291.84100 286.84500 279.14600 281.02701 281.63101 277.73901 281.53900 280.26300 282.17599 272.54800 280.91699 285.51599 290.20999 294.21500 292.52301 288.96799 297.56799 303.45499 306.46899 299.54800 301.65500 301.51901 293.87601 288.42200 294.73499 291.91000 288.85400 284.09299 284.40701 283.35001 281.19601 283.24799 282.56601 284.02899 282.61801 288.49200 285.68201 283.85901 283.74799 284.63000 283.57300 286.73300 289.82501 288.34399 291.11200 290.32901 292.45200 296.45901 297.28000 296.17099 294.61099 293.58801 292.71799 284.70499 286.24200 285.05301 285.25400 282.75400
292.28101 284.73199 284.71600 276.50000 271.59698 272.82599 268.36200 272.31299 282.68201 282.20001 283.70700 289.31601 284.57901 286.32901 282.00000 274.64801 279.09100 283.54800 285.52301 282.59399 284.09000 284.68201 279.85901 281.64801 288.49301 295.68799 301.65201 298.71799 302.30301 311.22699 306.47198 305.76001 302.64099 298.25299 294.47299 290.18799 288.36401 292.05801 286.73099 282.26901 279.36801 285.40201 285.83200 283.57300 290.10901 291.84900 294.14499 297.41400 299.66501 298.72501 298.75900 299.39700 299.02499 299.42499 296.43701 293.32401 293.22900 295.30899 298.15601 298.30600 297.56400 295.56900 294.90201 289.81601 282.28500 279.38400 281.07101 279.98300 281.03799 284.04501
293.57800 293.25699 287.24500 278.35300 279.23001 273.55099 272.33301 263.40399 270.14401 275.81100 272.38101 271.95099 274.54099 278.88300 274.14999 275.70901 280.02802 278.78699 280.68399 285.62100 285.85400 284.21500 280.63400 274.60901 285.92999 295.08600 297.93500 292.20099 296.87100 298.83099 294.31799 300.61600 301.43100 294.79300 291.73599 287.62100 288.46100 288.40201 288.63800 284.34799 283.04401 287.03900 295.25601 292.05301 297.14999 303.82800 304.12601 301.02301 298.90399 294.72198 297.67200 -9999 -9999 301.83200 301.33200 302.60599 298.56201 298.50101 299.68900 298.30701 294.50800 292.57401 285.35501 279.42499 273.42999 276.24500 272.51599 270.99899 269.71100 280.30600
283.76801 281.70801 285.99899 282.87601 278.27100 276.50800 277.77899 268.34601 277.00000 272.93301 269.50400 267.05099 272.65100 271.34698 271.03799 275.64099 279.15601 275.09000 280.23099 284.15500 280.28400 282.98599 286.99301 286.48700 285.59399 278.85901 285.93900 286.93201 292.79401 291.99899 293.99899 292.37299 298.75601 294.61301 288.78500 287.30701 286.14200 284.49301 293.55399 301.37601 -9999 -9999 -9999 -9999 309.20200 -9999 296.76401 287.99200 293.11801 294.81699 302.87201 -9999 -9999 297.21201 297.86899 298.86499 298.26901 299.60599 297.27701 293.25800 289.21201 287.37601 283.93701 280.36600 277.65601 281.60999 267.93399 267.26001 270.16699 283.50101
