data/hydroclimate-scenarios/BCSD_hadcm_B1/monthly_summaries/olr_monthly_avg_nov.2070-2099.asc
ncols	311
nrows	91
xllcenter	102.75
yllcenter	31.75
cellsize	0.5
NODATA_value	-9999
[rows 0 to 30 of 91, columns 70 to 139 of 311]
-9999 -9999 -9999 -9999 -9999 -9999 -9999 -9999 -9999 -9999 -9999 -9999 -9999 -9999 -9999 -9999 -9999 -9999 -9999 -9999 -9999 -9999 -9999 -9999 -9999 -9999 -9999 -9999 -9999 -9999 -9999 -9999 -9999 -9999 -9999 -9999 -9999 -9999 -9999 -9999 -9999 -9999 -9999 -9999 -9999 -9999 -9999 -9999 -9999 -9999 -9999 -9999 -9999 -9999 -9999 -9999 -9999 -9999 -9999 -9999 -9999 -9999 -9999 -9999 -9999 -9999 -9999 -9999 -9999 -9999
-9999 -9999 -9999 -9999 -9999 -9999 -9999 -9999 -9999 -9999 -9999 -9999 -9999 -9999 -9999 -9999 -9999 -9999 -9999 -9999 -9999 -9999 -9999 -9999 -9999 -9999 -9999 -9999 -9999 -9999 -9999 -9999 -9999 -9999 -9999 -9999 -9999 -9999 -9999 -9999 -9999 -9999 -9999 -9999 -9999 -9999 -9999 -9999 -9999 -9999 -9999 -9999 -9999 -9999 -9999 -9999 -9999 -9999 -9999 -9999 -9999 -9999 -9999 -9999 -9999 -9999 -9999 -9999 -9999 -9999
-9999 -9999 -9999 -9999 -9999 -9999 -9999 -9999 -9999 -9999 -9999 -9999 -9999 -9999 -9999 -9999 -9999 -9999 -9999 -9999 -9999 -9999 -9999 -9999 -9999 -9999 -9999 -9999 -9999 -9999 -9999 -9999 -9999 -9999 -9999 -9999 -9999 -9999 -9999 -9999 -9999 -9999 -9999 -9999 -9999 -9999 -9999 -9999 -9999 -9999 -9999 -9999 -9999 -9999 -9999 -9999 -9999 -9999 -9999 -9999 -9999 -9999 -9999 -9999 -9999 -9999 -9999 -9999 -9999 -9999
-9999 -9999 -9999 -9999 -9999 -9999 -9999 -9999 -9999 -9999 -9999 -9999 -9999 -9999 -9999 -9999 -9999 -9999 -9999 -9999 -9999 -9999 -9999 -9999 -9999 -9999 -9999 -9999 -9999 -9999 -9999 -9999 -9999 -9999 -9999 -9999 -9999 -9999 -9999 -9999 -9999 -9999 -9999 -9999 -9999 -9999 -9999 -9999 -9999 -9999 -9999 -9999 -9999 -9999 -9999 -9999 -9999 -9999 -9999 -9999 -9999 -9999 -9999 -9999 -9999 -9999 -9999 -9999 -9999 -9999
-9999 -9999 -9999 -9999 -9999 -9999 -9999 -9999 -9999 -9999 -9999 -9999 -9999 -9999 -9999 -9999 -9999 -9999 -9999 -9999 -9999 -9999 -9999 -9999 -9999 -9999 -9999 -9999 -9999 -9999 -9999 -9999 -9999 -9999 -9999 -9999 -9999 -9999 -9999 -9999 -9999 -9999 -9999 -9999 -9999 -9999 -9999 -9999 -9999 -9999 -9999 -9999 -9999 -9999 -9999 -9999 -9999 -9999 -9999 -9999 -9999 -9999 -9999 -9999 -9999 -9999 -9999 -9999 -9999 -9999
-9999 -9999 -9999 -9999 -9999 -9999 -9999 -9999 -9999 -9999 -9999 -9999 -9999 -9999 -9999 -9999 -9999 -9999 -9999 -9999 -9999 -9999 -9999 -9999 -9999 -9999 -9999 -9999 -9999 -9999 -9999 -9999 -9999 -9999 -9999 -9999 -9999 -9999 -9999 -9999 -9999 -9999 -9999 -9999 -9999 -9999 -9999 -9999 -9999 -9999 -9999 -9999 -9999 -9999 -9999 -9999 -9999 -9999 -9999 -9999 -9999 -9999 -9999 -9999 -9999 -9999 -9999 -9999 -9999 -9999
-9999 -9999 -9999 -9999 -9999 -9999 -9999 -9999 -9999 -9999 -9999 -9999 -9999 -9999 -9999 -9999 -9999 -9999 -9999 -9999 -9999 -9999 -9999 -9999 -9999 -9999 -9999 -9999 -9999 -9999 -9999 -9999 -9999 -9999 -9999 -9999 -9999 -9999 -9999 -9999 -9999 -9999 -9999 -9999 -9999 -9999 -9999 -9999 -9999 -9999 -9999 -9999 -9999 -9999 -9999 -9999 -9999 -9999 -9999 -9999 -9999 -9999 -9999 -9999 -9999 -9999 -9999 -9999 -9999 -9999
-9999 -9999 -9999 -9999 -9999 -9999 -9999 -9999 -9999 -9999 -9999 -9999 -9999 -9999 -9999 -9999 -9999 -9999 -9999 -9999 -9999 -9999 -9999 -9999 -9999 -9999 -9999 -9999 -9999 -9999 -9999 -9999 -9999 -9999 -9999 -9999 -9999 -9999 -9999 -9999 -9999 -9999 -9999 -9999 -9999 -9999 -9999 -9999 -9999 -9999 -9999 -9999 -9999 -9999 -9999 -9999 -9999 -9999 -9999 -9999 -9999 -9999 -9999 -9999 -9999 -9999 -9999 -9999 -9999 -9999
-9999 -9999 -9999 -9999 -9999 -9999 -9999 178.99001 -9999 -9999 -9999 -9999 -9999 -9999 -9999 -9999 -9999 -9999 -9999 -9999 -9999 -9999 -9999 -9999 -9999 -9999 -9999 -9999 -9999 -9999 -9999 -9999 -9999 -9999 -9999 -9999 -9999 -9999 -9999 -9999 -9999 -9999 -9999 -9999 -9999 -9999 -9999 -9999 -9999 -9999 -9999 -9999 -9999 -9999 -9999 -9999 -9999 -9999 -9999 -9999 -9999 -9999 -9999 -9999 -9999 -9999 -9999 -9999 -9999 -9999
-9999 -9999 -9999 204.37900 176.83800 177.10201 176.81500 178.10600 179.31599 180.19099 182.09100 184.31400 185.61099 189.60400 191.70599 193.67700 195.43900 196.39999 198.66299 199.61200 201.25900 201.83200 202.57401 -9999 -9999 -9999 -9999 -9999 -9999 -9999 -9999 -9999 -9999 -9999 -9999 -9999 -9999 -9999 -9999 -9999 -9999 -9999 -9999 -9999 -9999 -9999 -9999 -9999 -9999 -9999 -9999 -9999 -9999 -9999 -9999 -9999 -9999 -9999 -9999 -9999 -9999 -9999 -9999 -9999 -9999 -9999 -9999 -9999 -9999 -9999
-9999 -9999 -9999 -9999 -9999 174.69701 175.31599 176.32100 177.30200 177.42700 178.85001 181.42400 182.96001 184.61099 187.14101 189.01401 191.27000 192.55000 194.30600 195.62700 197.20700 198.59300 198.96300 -9999 -9999 -9999 -9999 -9999 -9999 -9999 -9999 -9999 -9999 -9999 -9999 -9999 -9999 -9999 -9999 -9999 -9999 -9999 -9999 -9999 -9999 -9999 -9999 -9999 -9999 -9999 -9999 -9999 -9999 -9999 -9999 -9999 -9999 -9999 -9999 -9999 -9999 -9999 -9999 -9999 -9999 -9999 -9999 -9999 -9999 -9999
170.23801 170.74899 171.32401 171.33900 172.36099 173.14500 173.74800 174.50900 175.54800 175.55701 177.07201 179.66701 180.90100 182.47900 184.49200 186.30299 188.26900 189.79401 192.34300 194.41000 195.59300 197.03900 196.61600 195.67400 194.77299 193.91400 192.78500 190.59900 189.46500 -9999 -9999 -9999 -9999 -9999 -9999 -9999 -9999 -9999 -9999 -9999 -9999 -9999 -9999 -9999 -9999 -9999 -9999 -9999 -9999 -9999 -9999 -9999 -9999 -9999 -9999 -9999 -9999 -9999 -9999 -9999 -9999 -9999 -9999 -9999 -9999 -9999 -9999 -9999 -9999 -9999
168.38499 168.52499 168.68100 169.19600 169.59900 171.04300 171.80299 172.62500 173.39999 173.96899 174.91499 176.75301 178.26199 179.52100 181.11501 183.10001 184.71300 186.91299 189.26300 190.98100 193.65401 194.21600 192.85100 191.47000 190.93500 190.22099 188.93300 188.05099 186.29300 186.16499 184.92900 183.78900 182.54201 183.08400 183.33299 182.81900 183.25000 183.12100 183.36301 185.10500 185.27600 185.81700 186.63000 186.61700 -9999 -9999 -9999 -9999 -9999 -9999 -9999 -9999 -9999 -9999 -9999 -9999 -9999 -9999 -9999 -9999 -9999 -9999 -9999 -9999 -9999 -9999 -9999 -9999 -9999 -9999
166.31000 166.74699 166.05701 166.72000 166.33800 167.56400 168.76100 170.22501 171.74200 171.34300 172.82700 174.41800 175.97400 177.05901 178.77901 180.01199 182.13800 183.69901 185.67999 187.80600 189.27000 189.57500 186.50101 185.63600 185.34399 185.38000 185.29900 185.04300 184.56000 183.83299 182.54100 183.07899 182.71899 183.26401 183.35600 183.27400 183.95200 183.69000 184.28700 185.87900 186.74899 186.70799 187.48399 187.53600 188.19701 -9999 -9999 -9999 -9999 -9999 -9999 -9999 -9999 -9999 -9999 -9999 -9999 -9999 -9999 -9999 -9999 -9999 -9999 -9999 -9999 -9999 -9999 -9999 -9999 -9999
158.90100 158.88499 158.62900 160.58400 157.49600 162.32500 163.73700 164.11301 165.81700 165.64700 168.85100 169.18300 171.87601 174.42200 176.04201 178.85001 180.67300 182.61800 184.53799 186.09900 186.99600 185.36700 184.19299 183.89301 183.30499 183.80800 181.03000 182.47301 183.36301 182.46100 181.10001 182.08701 182.21201 184.05099 183.89200 183.95500 184.77800 184.67000 185.53101 185.10699 185.43900 186.41200 187.07600 188.25101 189.52800 -9999 -9999 -9999 -9999 -9999 -9999 -9999 -9999 -9999 -9999 -9999 -9999 -9999 -9999 -9999 204.02600 205.32899 -9999 -9999 -9999 -9999 207.69501 205.07300 203.56300 205.84500
159.36200 159.32100 159.12199 160.14700 158.39999 163.27299 166.56000 166.39700 165.57300 165.45700 166.16400 170.85600 172.83800 174.50200 175.13000 177.18600 180.40601 181.95300 184.07300 185.10500 186.45599 185.44800 184.38300 183.71001 185.03400 185.22600 184.46300 184.04500 183.78600 183.07300 182.91901 182.90199 183.32300 184.27400 184.70599 185.08299 185.33701 185.63200 186.70599 186.53500 187.12199 187.94099 188.59599 189.61400 190.57800 191.27499 192.24200 192.99800 193.18100 189.75999 188.75200 190.55000 190.03400 190.87300 193.11600 194.32401 194.65100 199.52901 200.31799 201.50999 202.24300 203.85300 -9999 -9999 -9999 -9999 -9999 207.20500 206.22501 205.70500
155.72800 154.71001 159.10600 158.73199 155.71300 159.94000 164.09000 165.12300 166.40500 168.72600 171.07899 172.45900 173.54100 175.68900 177.13800 179.00999 180.68300 182.14000 183.43100 184.09300 184.85100 185.39200 185.58400 185.66000 185.33701 185.15500 184.38200 184.17500 183.97200 183.64400 183.47000 184.11900 183.88000 184.91600 185.24800 185.79401 186.37700 187.31100 188.00700 188.53300 189.79601 190.36200 191.02100 191.73900 192.26700 193.18500 193.89400 194.58099 194.77499 191.92200 190.62500 192.96600 195.40199 194.18401 190.66800 188.41200 193.47000 192.02699 192.17101 194.48100 197.37601 198.91299 198.69501 202.07500 204.99600 206.58000 207.10800 207.31400 208.50101 207.30701
159.17400 153.79700 146.65500 161.27100 155.07201 155.28799 159.15100 162.18500 162.67500 170.13901 171.58900 172.84900 173.82401 175.89600 176.98900 178.85600 180.60100 181.92400 183.19000 183.84900 182.43100 182.65900 184.49600 185.11800 184.79100 184.85899 184.42999 184.34500 184.37300 184.32899 183.80499 184.14700 184.25301 185.59599 186.09300 186.50500 187.28101 188.53300 189.36400 189.86000 191.08200 191.69501 191.78700 193.22200 194.17400 194.97301 195.86600 196.74400 196.77499 196.61800 195.81599 195.22501 196.79500 195.59200 195.85201 193.50700 190.46300 189.99100 191.51401 192.58400 191.90401 193.94501 191.19400 195.48801 200.74699 203.78900 205.07001 206.00500 206.77901 206.26601
153.18900 151.68401 148.46899 154.45700 164.61400 162.30901 165.78300 167.45300 164.16200 167.26100 170.89200 172.20100 175.04700 176.36800 177.76401 179.06000 180.47600 181.96800 183.02800 182.72501 178.12700 179.24300 181.12199 181.79401 183.37000 184.11099 184.14500 184.22000 184.05099 184.87300 184.91901 185.19800 185.56000 185.99800 186.99800 188.23300 188.86301 189.66600 190.49001 190.25999 190.17000 191.99400 193.66200 191.04500 190.63600 192.61501 195.81599 198.25600 199.74500 200.63300 198.66499 196.53900 196.31900 195.15500 195.33701 195.12700 195.98000 196.33299 192.58501 191.94901 190.84300 190.03200 188.42500 187.45000 192.91701 195.54201 197.66800 198.90500 200.34300 200.86000
161.46201 154.52800 150.82100 151.63100 152.11501 158.57300 165.57600 165.84300 162.98900 162.70200 167.52800 161.11099 163.98399 167.86800 173.57899 177.22200 179.18300 181.62801 182.83299 182.08600 180.12601 178.92000 180.85500 182.12900 183.11200 184.09100 183.90300 184.11900 184.03101 184.51500 184.85001 185.09801 185.16000 184.44701 186.56500 187.63499 187.56100 187.93600 189.07100 189.48000 188.82001 190.02699 192.67999 193.97600 194.35800 192.20300 193.29700 196.06599 198.04900 201.29201 198.23100 196.86800 197.11900 196.37100 197.76100 194.85300 192.87100 191.83099 188.52200 192.17200 194.32001 193.90300 193.65700 193.24100 191.67500 188.84200 193.97099 192.49600 196.63000 199.07300
159.91600 155.47301 153.15601 150.56700 148.45200 148.18600 157.11000 161.38300 163.94600 163.46400 166.04100 163.24500 157.46100 154.34200 153.34300 163.17000 170.67400 175.64101 180.28400 182.35300 183.58000 183.79700 184.19901 183.94901 184.39000 184.32800 184.07800 183.39999 183.06700 183.72900 182.47800 183.42599 182.68500 182.78700 183.23900 186.52200 186.13300 186.20599 185.50000 188.74899 190.50600 190.53600 190.63000 193.62801 195.21500 193.96800 196.52299 197.18800 198.42400 201.05701 202.57001 202.73599 202.11501 200.61800 200.29700 199.87900 198.57001 194.99200 192.46400 194.35500 189.62500 191.03300 192.17101 193.62100 195.51500 196.77499 197.60800 197.23000 197.68201 199.94200
152.78600 149.07401 150.09900 146.34599 145.88100 147.92599 148.91701 149.55600 152.19000 155.89301 161.27100 166.89301 164.45200 161.43900 159.92000 157.94600 159.72800 161.67500 165.67400 172.94400 176.29800 180.48000 181.91200 183.17700 183.73100 183.77901 183.45399 182.80099 181.91400 180.88400 179.27100 182.32800 177.59399 177.31599 178.72000 181.56100 182.81000 184.40601 184.92000 187.88800 189.00500 189.68100 190.88699 194.70100 193.57201 194.38100 194.26100 194.86700 196.63000 198.78300 200.23199 197.44299 197.31000 195.33099 195.42101 196.20100 196.27000 192.41200 196.21400 195.48199 191.52200 194.10100 194.32899 194.79100 198.69099 198.31700 197.92300 196.04700 198.79700 201.70700
156.35600 151.69901 148.13800 146.27400 147.59801 145.98599 145.09900 147.55800 150.27901 150.79500 155.60699 158.94200 159.67200 160.10001 164.64900 166.27299 168.07001 167.09100 164.46700 164.21201 167.18300 170.55000 173.16400 178.57401 181.97900 183.30901 183.14400 183.62900 180.77499 177.37100 177.53700 177.80600 177.96001 176.38600 179.60699 177.81300 184.06599 186.70799 186.83501 185.17799 187.92101 191.62700 194.72301 194.64400 194.32401 190.44501 190.50500 192.14799 194.70700 195.11200 193.03000 192.62000 195.00700 194.07899 190.85699 193.77000 191.67500 196.73900 193.51300 197.43600 198.82600 197.83200 198.71100 197.76500 198.47600 196.78799 199.74400 203.19299 205.47000 206.33200
154.16800 152.35201 152.01300 151.90900 152.63901 148.67599 145.96400 146.80600 146.44501 147.52299 151.88800 158.88000 151.18300 153.06400 158.47200 155.94600 154.78000 157.86200 174.91600 167.76100 161.05200 162.93201 165.91901 170.51500 182.03700 183.48300 183.45100 183.55400 180.17200 177.45799 177.84500 176.67999 177.32700 178.87500 180.56000 184.63000 185.68800 185.59801 187.54500 186.82600 187.34300 186.10100 190.80600 192.88100 192.86301 198.11900 198.69099 197.73900 196.11800 194.26401 193.93100 194.00900 196.54300 197.74500 197.98500 195.52499 194.67400 197.12100 195.92900 200.46300 201.28300 203.32700 202.66600 200.10899 197.44901 203.38400 205.33400 206.90401 208.99500 210.98199
155.23900 153.86000 154.50000 154.25301 154.80200 153.59300 152.55000 152.05600 150.40199 150.77000 150.35800 153.24300 153.95900 155.73399 160.41901 158.34801 159.58299 157.44701 162.44099 168.81900 173.04500 169.81799 169.76700 172.58200 174.72600 179.97800 182.82100 183.15700 181.78999 179.40199 179.56900 178.15700 180.07600 183.80499 184.05200 184.82899 186.80400 188.64101 189.72099 190.43600 189.46600 187.02499 188.66600 189.86900 192.54800 199.82500 202.28500 200.45700 198.99500 197.47200 195.07401 195.49300 199.00800 202.42599 198.58701 201.54900 202.64999 203.20200 204.33701 199.80200 203.24300 203.44299 204.82201 203.68401 205.87100 206.97400 207.41200 209.48000 209.50700 208.48100
156.29300 154.66800 154.63600 152.90800 152.83501 153.62300 155.39900 154.95500 154.72000 154.04201 154.15900 152.32300 150.87199 154.63400 160.64500 163.92599 163.63699 163.65700 164.80499 162.31500 166.25200 169.15601 174.09300 177.38699 176.03600 174.78400 176.16000 180.73399 179.28400 176.92000 175.41600 178.12801 179.90401 185.68800 186.58000 186.19400 185.05200 187.73399 185.49400 189.84000 186.61900 183.45399 188.70200 190.91600 188.72501 193.47000 199.39700 200.55299 200.84700 201.66800 200.61200 199.62801 205.25800 208.49800 209.99699 211.80600 210.93600 209.19200 206.89101 208.58000 205.27600 207.52100 206.82300 206.02299 206.55000 208.54500 210.04601 211.82300 212.61900 212.30000
160.53400 155.30800 153.56200 151.31500 150.94200 152.72501 153.23900 154.22200 154.16701 155.10699 151.08299 151.01801 151.88600 150.64101 156.69800 164.55600 168.03500 165.06599 164.35100 163.53300 165.05600 169.45100 171.31599 173.74500 176.27499 176.15800 177.72400 175.44000 176.30701 177.16400 175.42300 180.61099 181.33800 184.82700 181.32600 182.32600 188.35600 187.79401 184.88400 188.11700 191.29800 188.22800 188.78799 189.62500 193.66800 195.37801 197.95599 200.70300 201.21300 203.19200 201.84200 203.17999 204.22900 206.98399 207.39000 208.18100 209.30099 209.79100 213.57100 215.18100 216.34399 215.73399 213.24500 212.18500 211.95100 212.02600 213.16000 214.11800 214.92300 210.92900
164.36400 161.70599 159.60400 153.12801 152.48399 151.91499 156.05000 155.72900 157.76900 155.54401 155.00600 156.01601 157.98100 158.75999 157.78999 162.79500 166.16499 165.53200 169.81400 170.26199 172.88600 167.93800 173.66701 177.64101 179.03400 179.16200 175.99899 172.30499 174.36099 175.63000 177.75000 177.17101 182.19200 184.66800 182.79601 182.66200 188.54900 189.04900 188.91701 187.74300 189.91200 191.39500 191.84599 194.95200 195.55701 198.78400 199.40300 205.89200 205.28900 204.53900 205.96400 207.74600 208.55701 211.80000 215.14200 214.94501 217.84200 217.05200 218.81400 220.66800 219.96600 218.81000 216.71100 215.10100 213.95300 208.85899 210.84100 211.08701 212.75999 212.90800
166.29401 162.17999 163.14301 157.94200 154.63400 154.20399 151.23100 152.61501 156.74800 156.13100 156.23500 158.85600 158.71899 163.12801 163.63300 162.18700 167.09900 172.05600 175.69800 175.52200 177.27100 179.81200 176.72800 178.05901 182.21001 183.74400 185.41100 181.76700 180.99699 182.93100 181.79201 185.67500 187.69501 187.27200 187.82600 186.95599 188.31500 193.33099 191.62700 189.52600 189.44000 195.39200 197.59599 198.49899 204.38100 207.56900 210.75800 215.18800 218.77000 218.67101 220.70700 221.88400 222.99400 224.09500 223.05600 222.37399 222.64999 223.18700 225.80701 224.91400 223.58400 221.97600 220.92300 216.70100 210.87801 208.88000 210.85100 211.41901 213.58701 216.41499
169.77299 170.03300 167.82600 161.84900 162.37700 158.52499 157.17999 151.56900 154.87801 158.74300 156.51500 156.71400 160.01199 164.39900 163.81500 167.46001 172.08400 173.04500 176.54100 181.27299 183.70599 183.49400 181.54700 178.16800 185.45000 189.14799 189.03200 183.67799 184.20799 184.06200 181.93500 187.75800 191.40199 189.55200 189.94000 188.84300 191.71700 194.25600 196.33299 193.55200 194.53400 199.68800 206.84801 206.11600 211.60201 218.07800 219.70700 219.89900 220.22200 217.32600 221.29300 -9999 -9999 229.08501 229.26199 231.62700 228.93700 228.06799 228.95500 226.78700 223.12801 222.39700 215.91701 211.79700 206.91100 209.89101 207.69701 207.21700 207.63800 215.36400
165.53300 164.31799 168.72400 166.61600 164.47501 163.87000 164.98500 159.76700 164.95799 162.50101 160.83000 160.43600 165.18900 165.56400 167.23199 172.07899 176.08200 176.16200 181.50400 186.27100 184.59700 186.90800 190.41400 190.53500 189.07600 183.84599 187.47200 187.41400 189.11400 187.84900 188.42400 188.05800 194.77901 193.51601 191.35201 191.39200 192.40700 192.40100 200.31200 206.26601 -9999 -9999 -9999 -9999 218.59200 -9999 213.75000 209.76401 215.72301 218.50600 225.82800 -9999 -9999 226.10400 228.53999 231.02100 231.06500 232.58701 229.40100 225.81100 220.92500 219.68600 216.23199 214.05701 211.73000 217.70900 207.85001 207.49500 210.70399 218.92101
