data/hydroclimate-scenarios/BCSD_hadcm_B1/monthly_summaries/olr_monthly_avg_oct.2070-2099.asc
ncols	311
nrows	91
xllcenter	102.75
yllcenter	31.75
cellsize	0.5
NODATA_value	-9999
[rows 0 to 30 of 91, columns 210 to 279 of 311]
-9999 -9999 -9999 -9999 -9999 -9999 -9999 -9999 -9999 -9999 -9999 -9999 -9999 -9999 -9999 -9999 -9999 -9999 -9999 -9999 -9999 -9999 -9999 -9999 -9999 -9999 -9999 -9999 -9999 -9999 -9999 -9999 -9999 -9999 -9999 -9999 -9999 -9999 -9999 -9999 -9999 -9999 -9999 -9999 -9999 -9999 -9999 -9999 -9999 -9999 -9999 -9999 -9999 -9999 -9999 -9999 -9999 -9999 -9999 -9999 -9999 -9999 -9999 -9999 -9999 -9999 -9999 -9999 -9999 -9999
-9999 -9999 -9999 -9999 -9999 -9999 -9999 -9999 -9999 -9999 -9999 -9999 -9999 -9999 -9999 -9999 -9999 -9999 -9999 -9999 -9999 -9999 -9999 -9999 -9999 -9999 -9999 -9999 -9999 -9999 -9999 -9999 -9999 -9999 -9999 -9999 -9999 -9999 -9999 -9999 -9999 -9999 -9999 -9999 -9999 -9999 -9999 -9999 -9999 -9999 -9999 -9999 -9999 -9999 -9999 -9999 -9999 -9999 -9999 -9999 -9999 -9999 -9999 -9999 -9999 -9999 -9999 -9999 -9999 -9999
-9999 -9999 -9999 -9999 -9999 -9999 -9999 -9999 -9999 -9999 -9999 -9999 -9999 -9999 -9999 -9999 -9999 -9999 -9999 -9999 -9999 -9999 -9999 -9999 -9999 -9999 -9999 -9999 -9999 -9999 -9999 -9999 -9999 -9999 -9999 -9999 -9999 -9999 -9999 -9999 -9999 -9999 -9999 -9999 -9999 -9999 -9999 -9999 -9999 -9999 -9999 -9999 -9999 -9999 -9999 -9999 -9999 -9999 -9999 -9999 -9999 -9999 -9999 -9999 -9999 -9999 -9999 -9999 -9999 -9999
-9999 -9999 -9999 -9999 -9999 -9999 -9999 -9999 -9999 -9999 -9999 -9999 -9999 -9999 -9999 -9999 -9999 -9999 -9999 -9999 -9999 -9999 -9999 -9999 -9999 -9999 -9999 -9999 -9999 -9999 -9999 -9999 -9999 -9999 -9999 -9999 -9999 -9999 -9999 -9999 -9999 -9999 -9999 -9999 -9999 -9999 -9999 -9999 -9999 -9999 -9999 -9999 -9999 -9999 -9999 -9999 -9999 -9999 -9999 -9999 -9999 -9999 -9999 -9999 -9999 -9999 -9999 -9999 -9999 -9999
-9999 -9999 -9999 -9999 -9999 -9999 -9999 -9999 -9999 -9999 -9999 -9999 -9999 -9999 -9999 -9999 -9999 -9999 -9999 -9999 -9999 -9999 -9999 -9999 -9999 -9999 -9999 -9999 -9999 -9999 -9999 -9999 -9999 -9999 -9999 -9999 -9999 -9999 -9999 -9999 -9999 -9999 -9999 -9999 -9999 -9999 -9999 -9999 -9999 -9999 -9999 -9999 -9999 -9999 -9999 -9999 -9999 -9999 -9999 -9999 -9999 -9999 -9999 -9999 -9999 -9999 -9999 -9999 -9999 -9999
-9999 -9999 -9999 -9999 -9999 -9999 -9999 -9999 -9999 -9999 -9999 -9999 -9999 -9999 -9999 -9999 -9999 -9999 -9999 -9999 -9999 -9999 -9999 -9999 -9999 -9999 -9999 -9999 -9999 -9999 -9999 -9999 -9999 -9999 -9999 -9999 -9999 -9999 -9999 -9999 -9999 -9999 -9999 -9999 -9999 -9999 -9999 -9999 -9999 -9999 -9999 -9999 -9999 -9999 -9999 -9999 -9999 -9999 -9999 -9999 -9999 -9999 -9999 -9999 -9999 -9999 -9999 -9999 -9999 -9999
-9999 -9999 -9999 -9999 -9999 -9999 -9999 -9999 -9999 -9999 -9999 -9999 -9999 -9999 -9999 -9999 -9999 -9999 -9999 -9999 -9999 -9999 -9999 -9999 -9999 -9999 -9999 -9999 -9999 -9999 -9999 -9999 -9999 -9999 -9999 -9999 -9999 -9999 -9999 -9999 -9999 -9999 -9999 -9999 -9999 -9999 -9999 -9999 -9999 -9999 -9999 -9999 -9999 -9999 -9999 -9999 -9999 -9999 -9999 -9999 -9999 -9999 -9999 -9999 -9999 -9999 -9999 -9999 -9999 -9999
-9999 -9999 -9999 -9999 -9999 -9999 -9999 -9999 -9999 -9999 -9999 -9999 -9999 -9999 -9999 -9999 -9999 -9999 -9999 -9999 -9999 -9999 -9999 -9999 -9999 -9999 -9999 -9999 -9999 -9999 -9999 -9999 -9999 -9999 -9999 -9999 -9999 -9999 -9999 -9999 -9999 -9999 -9999 -9999 -9999 -9999 -9999 -9999 -9999 -9999 -9999 -9999 -9999 -9999 -9999 -9999 -9999 -9999 -9999 -9999 -9999 -9999 -9999 -9999 -9999 -9999 -9999 -9999 -9999 -9999
-9999 -9999 -9999 -9999 -9999 -9999 -9999 -9999 -9999 -9999 -9999 -9999 -9999 -9999 -9999 -9999 -9999 -9999 -9999 -9999 -9999 -9999 -9999 -9999 -9999 -9999 -9999 -9999 -9999 -9999 -9999 -9999 -9999 -9999 -9999 -9999 -9999 -9999 -9999 -9999 -9999 -9999 -9999 -9999 -9999 -9999 -9999 -9999 -9999 -9999 -9999 -9999 -9999 -9999 -9999 -9999 -9999 -9999 -9999 -9999 -9999 -9999 -9999 -9999 -9999 -9999 -9999 -9999 -9999 -9999
-9999 -9999 -9999 -9999 -9999 -9999 -9999 -9999 -9999 -9999 -9999 -9999 -9999 -9999 -9999 -9999 -9999 -9999 -9999 -9999 -9999 -9999 -9999 -9999 -9999 -9999 -9999 -9999 -9999 -9999 -9999 -9999 -9999 -9999 -9999 -9999 -9999 -9999 -9999 -9999 -9999 -9999 -9999 -9999 -9999 -9999 -9999 -9999 -9999 -9999 -9999 -9999 -9999 -9999 -9999 -9999 -9999 -9999 -9999 -9999 -9999 -9999 -9999 -9999 -9999 -9999 -9999 -9999 -9999 -9999
-9999 -9999 -9999 -9999 -9999 -9999 -9999 -9999 -9999 -9999 -9999 -9999 -9999 -9999 -9999 -9999 -9999 -9999 -9999 -9999 -9999 -9999 -9999 -9999 -9999 -9999 -9999 -9999 -9999 -9999 -9999 -9999 -9999 -9999 -9999 -9999 -9999 -9999 -9999 -9999 -9999 -9999 -9999 -9999 -9999 -9999 -9999 -9999 -9999 -9999 -9999 -9999 -9999 -9999 -9999 -9999 -9999 -9999 -9999 -9999 -9999 -9999 -9999 -9999 -9999 -9999 -9999 -9999 -9999 -9999
-9999 -9999 -9999 -9999 -9999 -9999 -9999 -9999 -9999 -9999 -9999 -9999 -9999 -9999 -9999 -9999 -9999 -9999 -9999 -9999 -9999 -9999 -9999 -9999 -9999 -9999 -9999 -9999 -9999 -9999 -9999 -9999 -9999 -9999 -9999 -9999 -9999 -9999 -9999 -9999 -9999 -9999 -9999 -9999 -9999 -9999 -9999 -9999 -9999 -9999 -9999 -9999 -9999 -9999 -9999 -9999 -9999 -9999 -9999 -9999 -9999 -9999 -9999 -9999 -9999 -9999 -9999 -9999 -9999 -9999
-9999 -9999 -9999 -9999 -9999 -9999 -9999 -9999 -9999 -9999 -9999 -9999 -9999 -9999 -9999 -9999 -9999 -9999 -9999 -9999 -9999 -9999 -9999 -9999 -9999 -9999 -9999 -9999 -9999 -9999 -9999 -9999 -9999 -9999 -9999 -9999 -9999 -9999 -9999 -9999 -9999 -9999 -9999 -9999 -9999 -9999 -9999 -9999 -9999 -9999 -9999 -9999 -9999 -9999 -9999 -9999 -9999 -9999 -9999 -9999 -9999 -9999 -9999 -9999 -9999 -9999 -9999 -9999 -9999 -9999
238.49300 239.07300 239.05600 239.52100 238.45100 239.04300 238.76199 240.59399 240.81700 -9999 -9999 -9999 -9999 -9999 -9999 -9999 -9999 -9999 -9999 -9999 -9999 -9999 -9999 -9999 -9999 -9999 -9999 -9999 -9999 -9999 -9999 -9999 -9999 -9999 -9999 -9999 -9999 -9999 -9999 -9999 -9999 -9999 -9999 -9999 -9999 -9999 -9999 -9999 -9999 -9999 246.32100 -9999 -9999 -9999 -9999 -9999 -9999 -9999 -9999 -9999 -9999 -9999 -9999 -9999 -9999 -9999 -9999 -9999 -9999 -9999
232.03400 232.68800 232.55701 233.49100 233.52200 233.68700 234.02100 233.05099 232.95900 244.29401 243.74400 242.19099 241.27299 226.96300 226.05099 226.90500 241.78900 242.14600 242.75000 243.16200 244.03600 247.97099 -9999 -9999 -9999 -9999 -9999 -9999 -9999 -9999 -9999 -9999 -9999 -9999 -9999 -9999 -9999 -9999 -9999 -9999 -9999 -9999 -9999 -9999 -9999 238.75900 242.95900 240.60100 234.01700 233.11200 239.90199 250.65300 -9999 -9999 -9999 263.93201 -9999 -9999 -9999 262.06500 260.56299 258.41101 -9999 -9999 -9999 -9999 -9999 -9999 -9999 -9999
230.24500 230.16100 229.48900 229.77299 229.58000 228.31100 228.13699 227.30701 227.62199 225.37500 223.02699 220.83000 219.65500 218.55499 214.58400 215.33900 213.30000 212.03900 215.91100 217.58400 219.24800 220.47200 221.07001 223.84200 223.59000 230.59300 233.78200 237.93201 -9999 -9999 -9999 -9999 -9999 240.49899 239.89700 241.01199 241.72900 242.84100 245.12900 246.60100 246.13200 246.11099 245.88901 246.62300 246.94701 233.31300 234.97400 232.96001 234.39301 232.32100 234.50999 251.10400 252.83600 256.26801 259.42499 261.48099 264.06100 263.49100 261.54901 259.22501 255.66299 250.56599 251.31599 254.19701 254.52901 252.71700 252.78400 -9999 -9999 -9999
227.48300 227.43900 226.15601 224.26700 222.96899 221.41100 218.45200 219.83501 219.64700 217.79500 216.04601 215.25900 215.38499 214.22900 213.39700 212.87601 210.71001 214.53200 214.86900 218.42900 219.66701 222.42200 225.81500 225.32201 224.65500 230.77299 226.34300 233.21600 234.36400 237.05600 238.22099 240.09801 240.24699 240.95599 240.46001 239.77699 239.95500 239.86700 242.44000 245.37300 245.41800 244.41800 244.73300 245.34700 246.13901 246.74100 245.59900 246.10800 246.93201 247.92200 248.64700 251.80400 253.41701 255.60400 257.83401 259.24399 259.35699 260.53900 259.73099 258.39899 258.84299 258.35300 256.39899 256.40100 255.24600 253.44400 249.53600 248.86501 248.92999 250.55299
220.46899 220.23599 218.46600 216.39400 215.92999 216.07800 215.74600 216.15500 215.30701 216.66299 217.06599 217.02400 218.17700 219.42700 219.66100 218.59399 221.00800 224.25999 226.22000 225.04800 228.34399 231.14900 231.61099 244.90100 244.34399 236.68300 235.98801 235.62500 234.46001 233.07500 232.26199 233.09900 233.35001 236.68600 240.61700 241.00000 240.94099 240.86200 241.52299 244.47701 245.75301 244.28000 245.21201 246.02499 246.45300 246.69200 247.52600 248.10100 248.17101 248.46800 249.57300 251.70900 253.89799 255.85400 257.13199 258.00601 259.00101 259.17599 259.43301 257.75000 257.75500 257.43900 256.41299 256.45099 255.61400 251.38600 250.22099 250.88901 251.18500 251.24600
229.86700 225.55600 228.81799 226.24899 223.61800 224.02600 221.55901 219.66499 223.04601 226.79700 225.00500 225.59100 227.46800 225.19099 225.61600 228.96800 232.10699 231.88300 233.12500 238.87601 236.85899 232.95700 232.33299 236.88200 238.22400 239.29201 240.32100 240.19701 237.92999 238.42101 232.38400 232.66100 232.22800 235.87199 241.58000 241.91200 241.81799 244.01601 244.80299 245.08701 245.85400 248.02499 248.24600 248.64700 248.45500 249.23199 249.34300 250.05600 250.81900 249.54500 251.30701 252.42700 254.59399 255.63300 256.77301 257.13901 257.23300 258.35699 257.89600 258.29401 257.88800 257.88300 257.53299 257.21500 256.04199 252.59900 252.98199 252.92900 252.27499 252.93700
236.97701 237.30600 235.71001 234.61099 231.56000 226.35001 227.08200 227.21800 228.19000 232.31500 231.08800 236.43500 237.25700 239.49400 241.23399 242.78000 245.52400 245.19701 245.23100 243.40199 242.54900 242.52299 242.25301 238.92500 238.97099 237.16901 237.52800 237.28900 238.35600 242.23801 242.26199 240.82800 234.22600 238.57800 240.77901 244.13600 244.15700 245.99800 246.87399 247.12300 249.15199 248.74899 248.86099 249.65199 250.46800 248.83900 249.09900 250.09801 250.93401 250.44299 251.05400 252.30901 254.03500 255.87500 256.31699 256.81799 257.25201 256.16299 256.94199 257.59299 257.30399 257.18500 257.31601 256.19901 256.36499 255.32700 255.50700 254.05299 254.17799 254.82100
238.83400 241.70599 240.46300 236.23199 231.49300 230.91499 236.19099 238.90700 241.20399 242.39600 241.72600 241.62300 242.27600 243.61800 243.64999 244.37601 244.64900 244.07001 243.11400 242.87500 242.40401 242.12399 239.65401 234.73900 232.88100 237.23500 232.69501 236.51199 238.95900 243.32899 243.83900 242.42999 238.45000 236.89900 243.67999 244.95799 246.43100 247.08299 247.64600 250.33800 250.78101 250.46500 251.36200 251.64600 251.72900 250.68201 250.30099 249.95700 251.08299 251.78700 252.41600 253.60500 254.85699 254.28799 255.48801 255.39600 256.97101 256.60699 257.68100 257.70801 258.44000 258.58600 259.54099 257.18301 258.15900 258.52802 258.21201 257.31100 256.94800 256.94299
240.39400 240.64301 237.59000 235.70700 235.59399 237.34700 240.80499 241.42700 241.42101 243.07001 242.68201 241.41400 241.46100 242.97301 243.17799 242.83099 242.30499 242.10800 242.80600 244.32001 244.23500 244.34000 243.25200 233.78000 231.57800 228.38100 229.66000 236.64999 240.54300 244.93800 244.07800 243.42999 242.21899 236.49200 241.57500 243.64999 246.93800 249.06500 249.98199 251.71800 251.85699 252.42900 253.00900 253.08501 252.44000 251.43500 252.34599 250.59801 251.12601 252.58900 252.32700 253.94800 255.34000 255.01300 255.74600 256.52802 257.32001 258.30399 260.13400 260.23801 259.40399 258.53400 258.35001 259.54001 259.57501 259.35300 257.84201 258.24799 259.98401 258.17499
237.10001 234.52200 232.29100 234.02499 237.24400 236.37700 236.32201 239.75000 243.24500 244.07700 239.19400 237.19600 240.35201 237.89600 252.75500 252.52800 250.04401 240.33800 240.98000 241.75700 242.03500 242.30200 242.35699 235.13499 232.09900 230.37601 231.33400 231.56700 250.69099 239.46100 239.39600 243.18800 244.53600 242.29401 245.25400 246.28600 244.60500 244.70000 246.38901 246.51100 245.75900 250.52200 251.50600 251.35699 252.71800 252.28200 252.18401 252.02699 251.69901 252.56500 251.41000 253.25301 253.19501 254.37500 255.22200 255.87399 257.24701 257.29599 257.00601 256.61899 256.28299 257.16501 257.96799 257.12701 257.96799 259.24899 258.08899 259.10901 257.84299 255.69200
243.68300 243.74001 244.08600 244.78300 244.96001 242.60300 243.89799 248.43100 249.17500 248.42700 247.05200 239.32600 234.66800 234.58600 236.26700 238.13699 238.18100 237.59100 237.78000 240.48599 241.64900 243.80000 242.09200 236.46899 232.33501 233.02100 233.00700 232.80901 233.46001 234.23500 234.77000 238.75101 240.19800 240.32800 243.49500 243.28700 241.00700 238.72501 238.14101 233.49699 237.97800 243.36700 244.23199 240.53400 241.89101 243.87000 244.34500 246.10300 246.67000 252.36800 254.46201 255.43700 254.71201 255.93401 257.17200 256.26401 256.89001 257.86600 256.86899 256.25601 258.71799 257.62100 255.63200 255.49899 257.64700 257.64700 255.95700 256.56000 256.62500 256.04300
245.02100 245.23500 245.73500 245.56599 245.14301 244.94800 245.80901 247.23100 249.09000 250.56300 248.76900 246.41800 242.83400 238.34300 236.49400 237.08800 236.08000 235.67599 234.65401 233.14700 236.52200 236.20799 246.11600 245.98199 232.91901 231.95200 230.18500 231.61600 231.98100 231.07401 232.96300 232.63200 232.78300 231.17999 231.35899 232.60899 231.68900 230.05701 231.00999 231.55499 230.21899 231.22501 233.02200 230.92700 230.52901 236.87300 235.98599 235.45000 236.79900 239.48399 244.21201 251.53200 256.29401 255.34900 257.53201 258.54901 256.45300 256.93600 258.69800 258.22299 257.78101 257.89700 257.90201 256.83301 255.04201 255.54100 255.10100 258.08301 258.95499 260.60800
247.86400 247.58900 247.21899 245.73700 245.09500 245.33900 245.71400 245.71201 246.58000 247.78500 249.02600 248.40300 248.26100 259.04501 256.21899 240.13000 237.97400 235.97301 238.29100 239.01700 238.50200 238.23000 237.31700 238.12500 243.97301 235.26700 237.34500 235.10400 234.37700 233.57100 233.67000 234.28999 237.18201 237.80600 239.44800 237.34500 237.85500 235.00900 234.69000 236.54900 235.13000 235.50600 235.23900 233.43600 237.75000 239.44901 239.64500 238.95200 238.78600 240.28200 244.21201 248.72800 252.37700 254.48500 257.19501 259.09900 255.73500 254.04100 257.00500 257.59799 257.16901 257.64499 257.69400 257.09399 256.19199 256.97900 257.42999 258.12399 258.26501 261.97699
248.03300 249.03900 249.07800 245.81700 245.64101 244.25900 242.13400 243.39200 238.72099 233.90800 233.25101 235.97400 241.05200 247.98199 244.42900 245.13499 244.66100 247.15700 247.77400 248.00400 245.10100 240.79500 237.90500 237.53300 238.85899 239.24200 242.68500 245.89600 246.65800 246.71001 245.26300 245.63100 250.01300 250.87399 248.12300 248.42799 248.30800 249.06500 249.60500 241.75301 244.18700 242.78900 242.16600 243.72501 244.06400 241.80200 241.26900 240.16701 243.07500 242.99200 241.27000 244.66400 248.86000 252.02600 255.20399 258.21500 259.14899 259.24899 256.37701 258.15100 259.13199 258.54001 259.41299 259.14801 258.24701 259.95499 259.38300 260.59698 262.98199 263.02200
247.32700 246.86200 237.21500 230.22800 236.39799 238.77299 239.37000 239.94800 242.27901 246.67999 246.03700 240.10800 239.71600 243.07100 237.29700 238.53500 241.43900 245.25900 246.59100 247.79500 247.36700 248.42700 245.40900 243.97000 244.94200 243.79401 246.19800 247.31500 248.26199 247.19400 249.43700 250.43800 252.64400 250.92200 250.02800 247.79601 252.32899 245.46700 244.98100 248.68500 248.82300 246.39000 244.44099 246.86700 245.35400 243.11301 245.38100 243.62900 242.10100 239.57401 240.77400 246.15401 248.73700 250.73399 252.14700 254.80099 257.00101 259.78299 257.42300 257.62201 258.34601 259.63000 260.11499 259.34601 259.00299 261.55701 262.60901 263.42001 263.50601 263.89801
239.27699 234.38400 229.44800 243.31799 257.98300 253.53000 246.72900 247.54500 245.39500 245.67000 250.20599 250.64500 251.48100 251.71001 252.09000 252.94000 250.34000 251.99200 248.06300 248.73300 249.67799 253.08000 252.27100 251.11200 248.06200 246.71201 247.17999 239.85001 238.49899 248.98300 251.58200 252.47501 255.09100 259.92899 258.63800 256.72900 249.70599 247.60699 248.91800 253.25800 251.19701 251.12199 252.17101 250.32401 249.57700 245.74500 245.85001 244.90401 244.66200 241.74100 240.02600 242.29500 241.42799 245.88400 247.05901 253.63000 258.17099 258.97900 261.30399 259.66901 259.58301 261.91400 262.03000 261.42599 262.01999 263.61301 264.17599 264.01401 264.52499 265.51901
251.13600 261.67700 261.40500 264.22900 266.60300 260.00699 246.71300 240.85500 240.35800 241.11301 243.53101 249.13699 251.64301 254.33501 256.29199 250.62100 237.97400 238.44501 240.75999 241.73300 243.74001 245.20700 245.43600 252.45000 254.01801 253.82300 250.22099 247.71899 247.01700 243.47900 244.25600 251.76500 258.29999 260.71899 259.28000 260.48199 251.81300 251.19000 249.85100 258.27600 255.51100 255.75999 256.73801 256.01199 254.02000 251.36200 244.76900 247.84700 245.94501 245.48801 245.44600 242.50800 243.00999 245.67999 247.82300 252.23900 255.49899 257.56699 263.40701 262.48599 261.98499 262.96701 261.78201 259.78299 256.95700 258.04300 259.07599 260.33899 263.86301 267.20901
243.82600 256.55801 262.41101 263.40799 264.18701 264.48801 259.69000 251.83600 246.70300 245.32300 242.96400 244.80400 248.59200 251.13600 254.40199 254.73000 251.01500 239.52499 234.85500 236.39600 237.85899 240.14600 243.69400 244.24600 246.59900 247.47301 244.90700 244.93800 245.30600 250.21899 254.58000 251.79500 256.42999 259.13000 257.89001 263.66699 256.53299 254.65100 252.78600 255.09801 256.27802 257.93600 258.72800 256.26700 253.77800 255.72600 250.63901 250.90800 251.21700 248.81100 248.24800 249.13901 252.56200 251.60400 251.10800 250.48100 252.88300 252.63901 258.78201 261.69601 260.02200 262.88501 262.68799 262.70999 263.32401 263.27100 263.66599 265.16599 266.68799 267.91299
