data/hydroclimate-scenarios/BCSD_hadcm_B1/monthly_summaries/olr_monthly_avg_dec.2070-2099.asc
ncols	311
nrows	91
xllcenter	102.75
yllcenter	31.75
cellsize	0.5
NODATA_value	-9999
[rows 31 to 61 of 91, columns 0 to 69 of 311]
-9999 -9999 -9999 -9999 -9999 -9999 -9999 -9999 -9999 -9999 -9999 174.94299 174.96800 176.00500 176.75700 173.90601 173.31400 174.06200 173.80901 174.04100 174.32001 173.54100 173.75500 174.60500 174.06700 172.52901 171.86099 171.22800 172.27499 171.64799 171.94600 173.00700 173.58099 174.93600 175.32600 177.06300 177.96500 175.80200 173.65401 173.63699 173.40300 172.01601 170.95399 169.97701 168.93100 167.94099 167.78400 168.38100 168.32401 165.92200 164.38800 162.69299 160.62399 158.17000 156.25800 155.31400 153.85201 153.23700 152.62000 152.28300 151.40199 150.60201 150.25301 151.09801 152.27499 153.53500 153.65900 154.55800 152.23700 148.95399
-9999 -9999 -9999 -9999 -9999 -9999 -9999 -9999 -9999 -9999 -9999 174.91701 174.67500 175.86000 176.03500 174.59700 174.75000 175.69099 175.86501 176.36400 175.53101 175.14900 176.74899 176.03700 175.68800 172.80000 171.54201 172.11099 172.20300 172.24200 171.52200 172.35899 173.70300 176.10001 175.89500 179.05299 178.86800 179.09399 177.73399 176.17101 175.88800 175.61099 175.30299 173.82500 172.38600 170.75400 170.37000 169.41901 168.33000 166.25200 164.70900 161.77200 159.86200 157.36700 156.49200 157.24600 156.03600 155.77600 155.64000 153.92200 153.55499 152.79800 153.46800 154.01199 156.32800 158.91299 159.16499 159.54300 157.46700 155.41200
-9999 -9999 -9999 -9999 -9999 -9999 -9999 -9999 -9999 -9999 -9999 175.16701 174.49200 175.94000 175.40800 175.26500 175.40300 176.73700 177.47600 177.67500 177.69200 177.06900 177.24200 176.20000 174.64799 170.96400 169.67700 170.39400 172.07401 173.23000 172.56799 173.24001 173.98199 176.69701 178.22800 180.31599 180.22400 179.52499 178.59700 174.80400 176.60500 174.64200 176.09300 175.83299 174.51801 173.69099 172.66901 171.89600 170.23199 167.63200 165.92300 163.98399 162.13100 160.36200 159.80200 159.75000 158.61900 157.48300 157.28600 156.57201 155.99300 155.83900 156.62300 157.58099 158.74300 160.64700 162.32800 162.84500 162.95500 161.33900
-9999 -9999 -9999 -9999 -9999 -9999 -9999 -9999 -9999 -9999 -9999 -9999 175.80600 175.25900 175.92999 175.92300 175.92500 177.92101 178.67000 179.86501 179.44099 177.01601 174.77400 172.69299 171.01900 166.27400 166.27901 165.36800 168.81900 170.01601 171.08800 173.70300 174.37601 175.39700 175.56700 177.18401 177.01601 177.47501 176.78101 174.75900 174.59500 175.24899 175.33000 178.11301 178.26300 177.31900 177.31000 177.03700 174.47000 171.23100 169.69701 166.33701 164.34399 162.70100 160.70300 159.87500 159.34399 158.85300 157.92400 157.34500 157.32401 157.93100 156.93401 157.26300 159.47501 161.50800 164.06700 163.86400 160.65800 160.89301
-9999 -9999 -9999 -9999 -9999 -9999 -9999 -9999 -9999 -9999 -9999 -9999 176.42400 176.49400 176.53101 176.72400 178.04300 179.03300 179.77200 179.78000 179.31700 173.04500 171.24899 168.93800 165.54500 166.57100 166.89600 163.78600 167.05701 166.60800 167.42500 168.72000 173.22000 174.67900 175.76900 177.03700 176.44299 177.57401 177.70500 175.76199 176.21201 175.64799 177.43600 180.44501 182.79401 183.90601 182.77699 180.31700 177.06400 171.77901 168.74800 167.22600 165.06700 163.52699 162.83600 161.89799 161.54500 160.91000 160.32300 158.86099 158.52800 156.28300 156.48599 156.91100 160.21300 163.94400 164.43300 165.88100 165.88000 167.52600
-9999 -9999 -9999 -9999 -9999 -9999 -9999 -9999 -9999 -9999 -9999 -9999 177.19901 177.78900 178.12100 178.75000 179.10001 178.63800 177.62000 176.93401 175.89999 171.86600 170.51401 167.02400 166.20900 163.09200 163.96500 166.80200 165.52800 166.66000 167.68401 170.44501 170.17400 170.69400 173.97400 175.85001 176.03999 176.98100 177.98199 176.23801 174.33000 174.28799 178.09300 181.15500 184.44000 186.69400 183.58400 179.19000 175.60600 173.51700 170.51199 167.80400 166.50301 164.07700 163.74500 162.75301 162.61900 161.79601 160.26401 158.89000 158.25800 156.97600 158.44600 161.39301 162.32300 163.20700 164.81100 168.00400 167.33400 170.92700
-9999 -9999 -9999 176.87100 176.17300 175.79500 176.67599 177.60899 177.20700 -9999 177.71001 177.70700 179.14999 178.86200 179.19299 179.38000 178.77901 178.72099 176.10300 175.28300 175.58299 173.33400 171.08400 169.06000 167.88100 165.69701 166.19400 163.56599 164.46201 159.99100 164.50301 168.44501 167.33701 164.37199 169.22400 171.99200 171.47600 173.39101 174.74200 175.75301 176.20399 175.68600 178.24001 180.95200 181.89799 181.33701 176.85001 178.79300 175.62199 170.90199 167.49100 164.68500 162.08400 157.62601 158.38800 154.75999 153.59801 160.15900 156.79401 158.78700 159.87500 158.97600 159.70599 160.92200 163.72701 165.73599 165.98801 168.53400 172.00700 173.36301
-9999 -9999 -9999 178.17999 177.72701 176.57500 175.89101 177.08000 177.97000 178.39600 180.15601 180.57001 179.45599 179.06599 177.76801 176.43600 175.13699 175.44701 174.80000 174.67101 174.76900 171.62801 172.73801 172.47000 169.48900 168.22000 166.13100 164.55701 162.16100 158.57100 161.92799 161.73100 162.74899 162.17101 164.53700 166.52100 167.62900 166.21201 171.71500 169.07899 170.11000 174.53500 177.03600 177.22200 176.00200 173.76801 173.16000 178.73000 172.38300 167.40401 164.03400 161.33701 158.54401 156.45799 159.03101 156.07500 158.60201 158.51199 155.45200 156.20700 157.73100 157.70300 158.86301 160.94099 162.62601 167.93800 169.55499 174.40700 175.96100 176.71100
-9999 -9999 -9999 179.66299 178.74600 177.00700 176.66901 178.12399 179.46800 180.99699 181.32100 180.42000 178.64400 176.40800 173.17900 175.43201 174.10001 174.13901 175.83701 175.83299 174.65100 171.49800 172.25101 169.62000 166.24001 166.68800 165.75301 164.02901 164.15800 158.11000 154.41299 156.78400 160.76900 162.11099 161.83299 164.43800 166.61099 168.24200 169.82600 168.70399 169.14000 172.10899 174.40500 176.21400 177.42500 174.70500 173.91901 173.36800 171.14400 164.64000 161.37199 162.61900 160.34100 158.53101 159.35800 157.96400 159.57100 160.25700 157.37100 156.88901 159.43201 160.25400 162.48599 161.75101 164.77800 167.99001 171.22000 173.47600 172.13300 174.70000
-9999 -9999 -9999 179.64101 180.76401 177.64301 178.95900 178.38800 178.91299 179.12900 180.68401 181.34900 177.29201 174.38901 173.24300 173.67200 172.32001 169.83800 170.66299 172.41499 169.64600 165.77200 162.70399 164.05299 164.67799 165.01700 165.53999 164.25800 158.76900 154.14200 155.92000 162.32201 159.58900 155.89000 156.70799 160.63800 164.97099 168.90900 167.62801 168.95700 168.56400 166.98199 165.89200 169.02299 174.53200 171.02800 168.33000 171.90401 165.77400 165.74001 160.39600 161.16600 159.78000 156.11301 157.62199 157.83701 158.88901 157.44701 155.90401 156.24699 153.87000 159.09000 161.12300 162.64900 164.54800 168.39000 171.39101 173.88699 172.99400 176.88400
-9999 -9999 -9999 180.86900 181.41000 177.75301 178.02699 178.67400 177.51900 179.23000 182.52699 179.79100 176.61700 173.75000 170.60500 171.64101 170.52901 170.78799 173.61501 175.64400 172.04601 168.50400 165.91600 169.06700 169.54601 169.28900 170.04500 167.14301 162.10800 157.58600 156.71001 158.60500 157.12300 158.98599 160.86800 162.95599 163.38000 166.81400 168.75700 168.55499 166.96700 166.74699 165.93800 166.49200 169.66400 170.04700 169.37199 169.30701 167.49699 165.02200 162.62100 164.39900 161.20900 155.64101 159.08501 155.29100 159.40199 159.94299 157.73100 154.03500 155.45300 157.91600 159.52000 158.39200 160.14799 167.54700 170.84700 172.02901 175.33600 187.74800
-9999 -9999 -9999 -9999 179.98300 178.22400 178.91800 176.52600 176.98100 179.10699 183.03900 181.22600 173.01100 176.67300 -9999 -9999 -9999 -9999 -9999 166.80099 166.54401 167.99400 165.31300 163.24699 165.29100 166.42799 170.94600 167.89999 164.72800 164.13400 161.89400 161.39600 160.80099 163.26601 166.87100 167.53101 166.15601 169.11800 169.11600 169.35100 170.48801 170.78799 169.48700 167.23500 168.89400 170.25600 168.87000 165.63901 167.10400 167.65300 163.85600 161.99699 162.97000 157.57500 156.34399 153.80299 153.67900 154.40100 154.44701 155.44701 154.67599 154.60699 156.50101 159.16499 160.80800 162.21001 169.74800 179.89799 189.02699 -9999
-9999 -9999 183.31799 182.59100 179.92500 179.54300 179.64900 176.29100 179.29800 180.48900 183.95599 181.50999 175.00800 -9999 -9999 -9999 -9999 -9999 164.56599 167.82201 168.14500 172.13600 171.34300 167.99899 167.74899 167.80299 172.41901 171.74500 169.84700 168.28900 166.27200 165.31799 165.78999 165.65500 166.83900 169.47301 167.61301 169.01700 168.59500 169.12199 168.38901 170.32401 169.44299 169.99800 172.22099 172.13800 171.17700 170.93900 172.04401 173.18100 170.63200 168.20000 165.37300 164.96899 161.16701 162.61099 159.54100 156.49500 155.94000 160.05901 159.28600 159.98599 160.68600 160.65199 163.64900 167.72200 175.08400 -9999 -9999 -9999
-9999 -9999 184.92500 184.23500 182.40500 181.05000 181.93201 178.43800 180.19200 182.57600 182.35001 181.12601 182.04500 -9999 -9999 -9999 -9999 174.20100 167.66499 172.26401 172.69800 173.72200 172.22000 171.65199 173.41000 174.78000 173.27400 171.82800 171.24200 172.28400 170.16499 165.91701 168.20300 169.80200 169.47200 169.50000 169.44901 169.29900 166.37900 164.24600 166.34801 166.51700 166.71001 168.72600 168.19200 170.41100 172.20200 170.71400 174.81300 173.48100 172.94200 171.40199 169.64101 168.34300 167.27400 170.07201 167.62199 162.34801 160.29500 162.54500 163.41200 159.88000 163.03200 167.30901 170.14000 -9999 -9999 -9999 -9999 -9999
-9999 -9999 188.63699 186.34300 184.94099 183.91701 184.16600 182.94299 182.86800 183.17900 181.11700 181.25500 198.11800 -9999 -9999 -9999 -9999 170.52600 171.81700 173.29201 173.94800 175.85100 176.86400 176.40100 175.14600 175.26801 172.18900 173.31799 171.61800 172.12700 170.00000 168.64200 168.59399 169.04300 171.51199 169.63800 168.17799 167.66499 165.23100 166.21899 166.66800 169.85001 171.23000 169.25800 170.52200 169.31900 169.54300 169.77400 171.78700 172.43500 174.82800 172.03999 170.38100 168.48100 167.37900 172.03799 172.30099 167.71800 167.28400 167.15199 170.74800 170.59599 171.14600 168.27200 165.16100 166.69400 177.42101 177.73599 187.20100 -9999
-9999 -9999 -9999 190.48300 187.86700 186.65401 187.34100 186.57800 184.99200 183.10100 185.78300 195.81400 -9999 -9999 -9999 -9999 176.28500 173.41499 176.15900 177.33900 178.13800 180.00500 178.59000 177.55299 176.48000 175.08900 173.70300 171.78999 171.61099 167.90401 168.10699 170.09100 172.22701 172.87601 173.39200 172.94200 172.47099 172.06900 170.63200 169.64900 169.29100 171.91800 172.53400 173.23599 175.33800 173.89000 174.82500 176.63400 174.57700 174.80901 171.39500 171.37300 171.16600 168.35400 165.99001 165.88699 166.55299 164.77901 165.28500 169.87801 170.20399 169.75800 165.58501 155.36800 151.27499 163.97900 173.38901 176.68401 184.60201 193.44200
-9999 -9999 -9999 -9999 193.54500 191.94099 190.98599 187.84399 185.91600 189.74100 196.79300 -9999 -9999 -9999 -9999 180.29900 178.24300 179.05701 180.31700 180.47301 181.21300 181.66400 180.29500 176.90601 175.82300 176.70300 176.05499 174.28000 171.87900 171.66000 169.92900 173.92599 175.21300 175.48500 173.40100 173.26900 172.45700 172.88901 170.98000 170.12801 169.16600 171.56000 173.25301 174.35100 176.74001 176.07100 176.08600 177.71500 177.39999 176.81400 176.24800 175.25900 172.79900 171.07600 170.72000 171.30499 172.43100 168.21201 167.44400 171.25400 167.70599 164.28500 163.13699 161.35300 158.45599 163.66600 172.51401 176.75900 179.44600 186.19099
-9999 -9999 -9999 -9999 -9999 -9999 192.16701 190.56700 193.29401 195.21600 191.08701 -9999 -9999 -9999 -9999 -9999 183.31799 182.26601 183.52699 182.08000 181.80701 186.97600 180.05200 177.35800 176.89400 179.13400 179.05099 176.04300 175.16499 174.03000 172.18100 174.44299 176.35001 174.47900 175.93201 176.27000 173.85600 170.48500 171.82201 169.10800 168.96300 167.60400 169.31300 172.14900 173.24600 176.71700 177.90500 178.54500 177.88600 177.64400 177.80901 175.71100 174.46700 173.55400 172.31799 172.56000 172.28200 171.52600 169.91000 169.61400 166.91701 163.78900 162.13901 157.76401 155.75200 160.32800 168.91299 176.59700 179.03300 182.78900
-9999 -9999 -9999 -9999 -9999 -9999 -9999 -9999 -9999 -9999 -9999 -9999 -9999 -9999 -9999 -9999 -9999 -9999 -9999 184.05901 183.37500 185.25800 182.32600 180.43100 179.58200 180.02299 178.54601 179.50999 178.11200 174.58099 173.80200 176.10600 174.46600 175.75200 175.62700 175.42599 175.33099 172.10600 171.58501 168.66800 167.93401 169.04300 170.87500 172.61800 173.75101 176.70399 179.51199 180.27901 179.99600 179.80400 179.09700 178.36200 176.45000 176.86000 174.55000 173.72400 173.40500 173.70200 171.10300 170.61700 165.30499 165.27000 163.53900 158.30400 157.29700 165.54601 172.37300 177.66200 180.34500 180.28900
-9999 -9999 -9999 -9999 -9999 -9999 -9999 -9999 -9999 -9999 -9999 -9999 -9999 -9999 -9999 -9999 -9999 -9999 184.59599 183.58900 184.45700 185.98700 185.38600 183.36600 182.54201 181.08400 180.70500 179.25301 176.59000 175.98199 176.02699 174.29401 173.66499 174.54100 175.38100 176.33000 174.75900 174.72099 171.81000 169.98500 169.28999 171.08701 171.81799 172.87100 174.62300 175.29401 179.06599 181.69299 183.34399 182.99800 182.67300 180.50200 179.49899 177.81799 175.15601 176.02000 175.19400 171.28500 167.96300 170.05000 170.31599 171.16400 168.13300 165.09000 163.08600 170.06799 175.58900 180.04201 183.21100 186.12801
-9999 -9999 -9999 -9999 -9999 -9999 -9999 -9999 -9999 -9999 -9999 -9999 -9999 -9999 -9999 -9999 -9999 186.29300 185.67700 187.68700 186.72600 187.20599 186.80800 184.92101 184.67700 182.79201 181.78000 179.14000 175.35500 175.94901 175.87300 175.85400 175.28900 177.87399 178.46700 175.85899 173.38901 173.62000 173.92101 171.71700 171.71001 173.11301 173.07401 175.46500 176.63300 178.52901 180.80701 181.60899 185.54900 186.42300 186.89799 184.69400 182.10600 179.37700 177.55901 177.46600 175.34100 172.33701 170.51500 172.81799 177.00301 174.05800 166.34700 164.57600 172.05901 175.09801 177.41901 182.94701 186.22501 189.24400
-9999 -9999 -9999 -9999 -9999 -9999 -9999 -9999 -9999 -9999 -9999 -9999 -9999 -9999 -9999 -9999 -9999 186.35100 187.54100 185.76401 186.87700 187.91701 188.17400 186.88901 189.60500 185.42799 184.03700 182.03600 180.20700 178.07001 177.82201 179.16901 179.82500 181.93800 179.41299 177.33900 175.73599 174.79401 172.25800 173.28101 174.18600 175.37399 176.07899 178.14900 179.08501 184.37700 186.09200 182.03700 185.74699 191.21001 191.06599 187.68800 184.68100 182.52200 180.39200 177.80800 173.54601 174.29100 175.76801 176.88499 175.66499 173.07001 172.50301 171.70399 168.65100 172.96600 180.15100 180.52800 188.07899 192.71899
-9999 -9999 -9999 -9999 -9999 -9999 -9999 -9999 -9999 -9999 -9999 -9999 -9999 -9999 -9999 -9999 183.89799 184.09399 184.74500 186.16800 189.18300 192.00400 190.50400 190.59200 193.76500 187.93401 187.19200 188.10899 185.32700 181.94901 181.49400 182.72701 182.51401 184.89600 183.43700 181.97200 179.75999 177.63400 175.89301 178.35201 179.76801 179.18100 178.55901 181.51601 183.18900 186.62801 187.98700 183.85500 186.72900 193.91100 194.23900 190.13000 186.19800 184.34500 182.39799 179.95300 178.91499 178.35100 179.12399 177.32500 179.05200 178.38901 175.61501 170.77299 175.88600 178.88200 182.69501 187.39500 194.32899 196.78600
-9999 -9999 -9999 -9999 -9999 -9999 -9999 -9999 -9999 -9999 -9999 -9999 -9999 183.69099 181.78300 182.32100 182.11200 180.70000 184.63200 190.05000 190.90500 190.87300 192.86900 190.32100 189.02499 193.46600 192.59500 190.47301 189.39500 188.38600 187.13000 186.13901 185.61099 185.48599 184.75700 183.79100 184.22200 184.29300 183.66000 184.23100 184.20300 183.37399 183.10699 185.49001 186.06799 187.39000 188.27200 189.39700 190.01500 191.07201 190.72400 189.68300 187.34300 187.30800 185.43500 182.41701 182.20500 183.47701 183.94901 183.97000 183.81100 183.99100 184.02800 185.23399 188.60201 193.53500 195.74699 197.39000 198.70399 200.17999
-9999 -9999 -9999 -9999 -9999 -9999 -9999 -9999 -9999 -9999 -9999 -9999 186.60500 184.14200 182.61800 183.07100 183.32100 184.92400 185.80299 193.95900 191.39301 194.95300 195.81200 193.00700 192.26700 197.52800 196.26801 195.41000 194.22501 192.64700 191.29800 189.58299 188.37900 187.89301 187.50500 187.68500 188.20799 189.85800 190.17599 191.54401 189.00000 186.91400 185.76601 187.58900 187.71700 189.05400 190.44099 190.76801 190.12801 189.92500 190.04800 190.70000 188.83900 188.66100 188.09100 187.07700 186.99600 185.37399 184.17900 185.38400 185.51601 188.75101 190.11400 190.20399 193.92000 199.13200 200.01500 201.47900 202.82500 200.69800
-9999 -9999 -9999 -9999 -9999 -9999 -9999 -9999 -9999 -9999 -9999 181.24800 181.93800 181.18100 183.63499 186.67700 187.76401 188.43300 189.78500 191.55099 193.07600 196.94701 197.36900 196.87500 196.00200 194.14500 193.57300 197.54100 199.08900 196.67300 193.23599 191.58501 190.38300 189.24600 189.77000 188.78000 188.72000 192.08200 197.85400 198.46100 196.32500 193.93401 193.57500 192.06100 191.99300 192.47301 193.34399 192.08800 191.90100 191.31599 190.67400 188.36800 188.67101 187.14500 187.56900 188.15300 190.38300 188.73599 191.66100 193.90100 193.45900 197.50900 198.72900 199.12300 200.96201 203.50000 203.86501 205.18800 203.33000 201.29100
-9999 -9999 -9999 -9999 -9999 -9999 -9999 -9999 -9999 -9999 184.59399 182.40300 185.00400 183.27400 186.23100 188.45300 188.97600 189.41701 190.22099 192.18600 193.97701 198.24800 198.98700 199.13600 199.14700 196.74200 195.98500 200.84599 200.77299 197.36099 195.12500 193.15700 191.63800 190.88699 190.58701 189.79900 190.34500 194.49699 199.27800 200.82700 200.13699 199.29300 199.89799 195.90199 195.33800 196.46100 196.88400 194.99400 193.84599 193.79900 192.39700 189.29201 190.85500 189.83900 190.91499 191.59700 191.58900 192.96100 197.19000 198.81700 198.42400 200.51300 201.56799 202.16800 203.92900 206.02800 207.91200 207.74800 205.12300 201.16200
-9999 -9999 -9999 -9999 -9999 -9999 -9999 -9999 -9999 190.56500 189.28999 188.99899 188.52400 187.88901 188.34599 189.70799 190.03000 193.02901 196.49200 196.20700 197.75101 199.43300 200.12700 200.84599 200.44600 202.19901 202.39101 201.57899 200.32001 197.27200 197.01100 191.71500 189.64999 188.03999 186.63499 187.59599 188.81300 195.56500 198.85400 202.22701 203.12900 206.51401 206.29800 202.35699 201.34900 200.56200 201.40900 198.53300 197.34300 197.59000 195.94501 191.71500 189.41701 184.68900 184.94901 197.66499 201.08900 203.63200 203.74200 202.78600 201.95799 202.49899 203.16600 205.90800 207.91600 207.72099 209.29800 206.43300 205.19000 204.96800
-9999 -9999 -9999 -9999 -9999 -9999 -9999 -9999 -9999 -9999 191.03200 191.61700 191.17400 191.25301 192.46201 191.63600 190.93600 193.88499 196.25900 195.68201 195.99100 199.91901 201.29800 -9999 -9999 -9999 -9999 -9999 -9999 198.18201 197.09700 193.77901 191.56200 189.48100 187.11700 188.28400 191.20500 197.48500 201.46300 204.89999 207.15900 210.96001 210.97200 206.32001 205.10800 203.38200 202.96201 201.42999 199.93201 200.56000 198.49300 194.60100 191.43401 186.84500 187.33900 201.29100 204.99899 206.92200 207.10699 205.96700 205.05000 204.19800 204.85300 207.22800 204.20399 208.93700 207.78300 206.55000 200.19000 204.93600
-9999 -9999 -9999 -9999 -9999 -9999 -9999 -9999 -9999 -9999 -9999 -9999 196.13400 198.35899 197.21700 200.09000 198.45000 199.84200 200.42500 -9999 -9999 -9999 -9999 -9999 -9999 -9999 -9999 -9999 -9999 -9999 -9999 -9999 -9999 193.54201 189.14200 193.69299 196.02499 202.02800 207.02200 207.87300 209.42599 214.02600 213.37100 210.33701 209.01500 207.00400 206.17400 206.09900 205.30800 203.26700 201.23199 193.52901 192.85300 193.75301 195.62601 203.67000 205.11099 207.55701 209.10300 209.32401 207.49001 206.10201 205.09801 206.77499 208.70200 210.66600 208.96800 208.52200 208.34200 214.55299
-9999 -9999 -9999 -9999 -9999 -9999 -9999 -9999 -9999 -9999 -9999 -9999 -9999 -9999 -9999 -9999 -9999 -9999 -9999 -9999 -9999 -9999 -9999 -9999 -9999 -9999 -9999 -9999 -9999 -9999 -9999 -9999 -9999 -9999 194.50400 196.14600 203.02901 205.85800 210.62900 211.77499 212.68201 215.70300 216.00600 214.33299 212.19701 209.68900 208.55400 208.95300 207.41499 205.59000 202.93600 196.07899 195.12199 196.23801 198.01199 207.30400 207.98801 207.13200 208.63499 210.05000 208.86400 206.70700 208.04401 209.66299 212.56200 212.43600 210.81599 209.58299 208.49001 215.65199
