data/hydroclimate-scenarios/BCSD_hadcm_B1/monthly_summaries/olr_monthly_avg_apr.2070-2099.asc
ncols	311
nrows	91
xllcenter	102.75
yllcenter	31.75
cellsize	0.5
NODATA_value	-9999
[rows 0 to 30 of 91, columns 70 to 139 of 311]
-9999 -9999 -9999 -9999 -9999 -9999 -9999 -9999 -9999 -9999 -9999 -9999 -9999 -9999 -9999 -9999 -9999 -9999 -9999 -9999 -9999 -9999 -9999 -9999 -9999 -9999 -9999 -9999 -9999 -9999 -9999 -9999 -9999 -9999 -9999 -9999 -9999 -9999 -9999 -9999 -9999 -9999 -9999 -9999 -9999 -9999 -9999 -9999 -9999 -9999 -9999 -9999 -9999 -9999 -9999 -9999 -9999 -9999 -9999 -9999 -9999 -9999 -9999 -9999 -9999 -9999 -9999 -9999 -9999 -9999
-9999 -9999 -9999 -9999 -9999 -9999 -9999 -9999 -9999 -9999 -9999 -9999 -9999 -9999 -9999 -9999 -9999 -9999 -9999 -9999 -9999 -9999 -9999 -9999 -9999 -9999 -9999 -9999 -9999 -9999 -9999 -9999 -9999 -9999 -9999 -9999 -9999 -9999 -9999 -9999 -9999 -9999 -9999 -9999 -9999 -9999 -9999 -9999 -9999 -9999 -9999 -9999 -9999 -9999 -9999 -9999 -9999 -9999 -9999 -9999 -9999 -9999 -9999 -9999 -9999 -9999 -9999 -9999 -9999 -9999
-9999 -9999 -9999 -9999 -9999 -9999 -9999 -9999 -9999 -9999 -9999 -9999 -9999 -9999 -9999 -9999 -9999 -9999 -9999 -9999 -9999 -9999 -9999 -9999 -9999 -9999 -9999 -9999 -9999 -9999 -9999 -9999 -9999 -9999 -9999 -9999 -9999 -9999 -9999 -9999 -9999 -9999 -9999 -9999 -9999 -9999 -9999 -9999 -9999 -9999 -9999 -9999 -9999 -9999 -9999 -9999 -9999 -9999 -9999 -9999 -9999 -9999 -9999 -9999 -9999 -9999 -9999 -9999 -9999 -9999
-9999 -9999 -9999 -9999 -9999 -9999 -9999 -9999 -9999 -9999 -9999 -9999 -9999 -9999 -9999 -9999 -9999 -9999 -9999 -9999 -9999 -9999 -9999 -9999 -9999 -9999 -9999 -9999 -9999 -9999 -9999 -9999 -9999 -9999 -9999 -9999 -9999 -9999 -9999 -9999 -9999 -9999 -9999 -9999 -9999 -9999 -9999 -9999 -9999 -9999 -9999 -9999 -9999 -9999 -9999 -9999 -9999 -9999 -9999 -9999 -9999 -9999 -9999 -9999 -9999 -9999 -9999 -9999 -9999 -9999
-9999 -9999 -9999 -9999 -9999 -9999 -9999 -9999 -9999 -9999 -9999 -9999 -9999 -9999 -9999 -9999 -9999 -9999 -9999 -9999 -9999 -9999 -9999 -9999 -9999 -9999 -9999 -9999 -9999 -9999 -9999 -9999 -9999 -9999 -9999 -9999 -9999 -9999 -9999 -9999 -9999 -9999 -9999 -9999 -9999 -9999 -9999 -9999 -9999 -9999 -9999 -9999 -9999 -9999 -9999 -9999 -9999 -9999 -9999 -9999 -9999 -9999 -9999 -9999 -9999 -9999 -9999 -9999 -9999 -9999
-9999 -9999 -9999 -9999 -9999 -9999 -9999 -9999 -9999 -9999 -9999 -9999 -9999 -9999 -9999 -9999 -9999 -9999 -9999 -9999 -9999 -9999 -9999 -9999 -9999 -9999 -9999 -9999 -9999 -9999 -9999 -9999 -9999 -9999 -9999 -9999 -9999 -9999 -9999 -9999 -9999 -9999 -9999 -9999 -9999 -9999 -9999 -9999 -9999 -9999 -9999 -9999 -9999 -9999 -9999 -9999 -9999 -9999 -9999 -9999 -9999 -9999 -9999 -9999 -9999 -9999 -9999 -9999 -9999 -9999
-9999 -9999 -9999 -9999 -9999 -9999 -9999 -9999 -9999 -9999 -9999 -9999 -9999 -9999 -9999 -9999 -9999 -9999 -9999 -9999 -9999 -9999 -9999 -9999 -9999 -9999 -9999 -9999 -9999 -9999 -9999 -9999 -9999 -9999 -9999 -9999 -9999 -9999 -9999 -9999 -9999 -9999 -9999 -9999 -9999 -9999 -9999 -9999 -9999 -9999 -9999 -9999 -9999 -9999 -9999 -9999 -9999 -9999 -9999 -9999 -9999 -9999 -9999 -9999 -9999 -9999 -9999 -9999 -9999 -9999
-9999 -9999 -9999 -9999 -9999 -9999 -9999 -9999 -9999 -9999 -9999 -9999 -9999 -9999 -9999 -9999 -9999 -9999 -9999 -9999 -9999 -9999 -9999 -9999 -9999 -9999 -9999 -9999 -9999 -9999 -9999 -9999 -9999 -9999 -9999 -9999 -9999 -9999 -9999 -9999 -9999 -9999 -9999 -9999 -9999 -9999 -9999 -9999 -9999 -9999 -9999 -9999 -9999 -9999 -9999 -9999 -9999 -9999 -9999 -9999 -9999 -9999 -9999 -9999 -9999 -9999 -9999 -9999 -9999 -9999
-9999 -9999 -9999 -9999 -9999 -9999 -9999 190.65100 -9999 -9999 -9999 -9999 -9999 -9999 -9999 -9999 -9999 -9999 -9999 -9999 -9999 -9999 -9999 -9999 -9999 -9999 -9999 -9999 -9999 -9999 -9999 -9999 -9999 -9999 -9999 -9999 -9999 -9999 -9999 -9999 -9999 -9999 -9999 -9999 -9999 -9999 -9999 -9999 -9999 -9999 -9999 -9999 -9999 -9999 -9999 -9999 -9999 -9999 -9999 -9999 -9999 -9999 -9999 -9999 -9999 -9999 -9999 -9999 -9999 -9999
-9999 -9999 -9999 195.16901 194.71899 193.09100 192.08501 192.10100 192.05000 191.68300 191.74699 191.72900 191.51900 193.38600 193.02499 193.46800 193.37801 191.64500 191.78900 191.12300 191.36400 192.08299 192.13800 -9999 -9999 -9999 -9999 -9999 -9999 -9999 -9999 -9999 -9999 -9999 -9999 -9999 -9999 -9999 -9999 -9999 -9999 -9999 -9999 -9999 -9999 -9999 -9999 -9999 -9999 -9999 -9999 -9999 -9999 -9999 -9999 -9999 -9999 -9999 -9999 -9999 -9999 -9999 -9999 -9999 -9999 -9999 -9999 -9999 -9999 -9999
-9999 -9999 -9999 -9999 -9999 195.52901 195.14500 194.32700 194.28300 194.39000 194.34801 194.27400 194.17000 194.02299 193.93300 194.03700 193.90199 194.95799 194.49300 194.43700 194.18800 193.68300 193.54700 -9999 -9999 -9999 -9999 -9999 -9999 -9999 -9999 -9999 -9999 -9999 -9999 -9999 -9999 -9999 -9999 -9999 -9999 -9999 -9999 -9999 -9999 -9999 -9999 -9999 -9999 -9999 -9999 -9999 -9999 -9999 -9999 -9999 -9999 -9999 -9999 -9999 -9999 -9999 -9999 -9999 -9999 -9999 -9999 -9999 -9999 -9999
198.90100 198.92799 198.33501 197.35400 197.59100 197.73700 197.48100 196.57600 196.39600 196.61600 196.44600 196.69299 196.36200 196.29300 196.13400 196.02400 195.53200 196.44299 196.30701 196.40199 196.30701 195.91901 195.65800 195.67101 195.39200 194.58099 195.10699 194.97200 195.37000 -9999 -9999 -9999 -9999 -9999 -9999 -9999 -9999 -9999 -9999 -9999 -9999 -9999 -9999 -9999 -9999 -9999 -9999 -9999 -9999 -9999 -9999 -9999 -9999 -9999 -9999 -9999 -9999 -9999 -9999 -9999 -9999 -9999 -9999 -9999 -9999 -9999 -9999 -9999 -9999 -9999
199.69701 200.34000 199.66701 198.95900 198.60400 200.67500 200.34200 198.71100 198.73500 198.72701 199.05499 198.37900 198.23500 198.67700 198.49001 199.78300 199.63200 199.19800 198.79601 199.55400 199.62399 198.57401 197.83400 196.37100 196.92101 195.97200 196.37399 197.39900 197.98500 198.12900 198.50101 197.84599 197.99300 199.87900 199.97800 199.16800 198.53999 197.64999 197.86600 197.50200 197.36400 196.69600 196.84599 197.49100 -9999 -9999 -9999 -9999 -9999 -9999 -9999 -9999 -9999 -9999 -9999 -9999 -9999 -9999 -9999 -9999 -9999 -9999 -9999 -9999 -9999 -9999 -9999 -9999 -9999 -9999
200.33200 201.85100 200.34900 199.97301 199.29700 201.22701 201.68201 200.40401 201.01700 200.69501 200.68700 200.33200 200.49699 200.87000 200.70799 201.99200 201.77299 201.35201 201.32800 202.07600 201.75800 199.86501 197.80701 196.86900 196.97000 196.55400 197.81599 199.41100 199.43800 199.24200 198.55299 199.17700 199.33200 201.13600 200.89301 201.08900 200.90199 199.65300 199.30600 198.99699 199.01300 198.34300 198.02400 198.75101 198.81500 -9999 -9999 -9999 -9999 -9999 -9999 -9999 -9999 -9999 -9999 -9999 -9999 -9999 -9999 -9999 -9999 -9999 -9999 -9999 -9999 -9999 -9999 -9999 -9999 -9999
196.48199 196.83600 196.42300 197.74200 193.94299 196.75500 197.70399 197.44400 198.71600 198.80099 201.02299 198.58501 199.70100 200.92101 201.00700 201.61000 201.83501 201.87300 202.10001 201.85699 201.20599 200.46600 199.41299 199.49699 199.72000 199.26601 197.39799 199.24699 200.64101 201.05400 199.97099 201.13699 201.23399 201.72000 201.79800 201.18700 200.95300 199.69099 199.69901 199.19099 199.07500 199.34700 199.19400 199.45399 199.59599 -9999 -9999 -9999 -9999 -9999 -9999 -9999 -9999 -9999 -9999 -9999 -9999 -9999 -9999 -9999 198.86800 198.33600 -9999 -9999 -9999 -9999 194.64400 191.69901 189.22301 191.00900
197.59300 198.14999 197.43700 197.88200 195.34700 198.71899 201.14500 200.69099 199.16901 199.36200 199.01199 201.25500 201.72600 201.65900 201.20300 201.65700 203.00200 203.18100 203.85500 202.88499 203.23801 202.11700 201.50700 201.44501 202.99699 202.29800 201.91299 202.33000 202.27600 202.74300 203.14301 203.24100 203.07401 203.48199 203.51100 203.31500 203.02699 201.32001 201.22900 200.68500 200.55400 201.28101 201.12601 201.25400 201.02000 201.58600 201.22200 200.67400 200.21100 196.32800 194.32401 196.14900 195.02100 194.95399 196.25200 195.72701 194.98300 199.35300 199.25400 199.22701 198.70700 199.33200 -9999 -9999 -9999 -9999 -9999 196.23199 194.35100 193.16000
196.27499 194.34000 199.01500 197.39500 193.58900 196.40500 200.06100 200.61000 201.23000 203.19299 205.09399 204.60500 204.53600 205.52200 205.44800 204.82300 204.86700 206.37300 206.22200 204.81400 204.92700 204.47600 204.30099 204.81100 204.66000 204.32300 204.24001 204.94299 204.64600 205.78999 206.03600 205.42300 205.47099 204.99400 205.05000 204.98399 204.96300 203.85800 203.90800 203.62900 203.02299 202.88499 202.92999 202.67700 202.43800 202.85899 202.75999 202.43800 202.23900 198.24600 196.83400 198.46899 200.28500 198.56799 193.87399 191.40601 195.34100 193.88000 192.73700 194.30901 195.99300 195.93800 194.89301 197.30099 199.39400 199.30901 199.21001 198.19501 198.34500 196.99100
200.90800 194.25301 185.70200 201.04401 193.68700 191.93201 195.48399 198.15700 197.87601 206.18500 206.77400 205.99200 205.91901 206.59900 206.93700 206.71400 206.71100 207.99899 207.55400 206.49001 204.18100 203.79601 205.87500 205.95200 206.15800 206.09300 206.11900 206.78300 206.49699 207.56000 207.58400 206.85899 207.18900 206.77901 206.79700 206.41100 206.27901 205.35600 205.39700 205.16901 205.16100 205.34100 204.41901 204.54201 205.00999 205.14200 204.86200 205.06700 204.82500 204.26100 203.09300 201.54800 202.67799 200.17200 199.92999 197.30499 193.84100 192.64101 193.49100 193.73599 192.58800 193.23599 190.25101 193.28000 197.65601 198.81599 199.87700 199.73700 199.97000 198.73399
193.33400 190.55901 186.84801 192.06500 202.45200 198.81700 202.10800 202.84500 198.66901 202.05400 204.65500 206.30800 207.63000 208.22501 208.23300 208.41100 208.89500 208.09200 207.95500 206.79900 201.37000 203.00000 204.53600 204.32500 206.28900 208.57401 208.82899 209.10400 208.81500 207.71800 208.05600 208.61301 208.53200 208.93800 208.82001 208.77699 209.04401 207.97301 207.27400 206.90700 205.79601 205.80299 206.37300 204.19200 203.44400 204.81200 207.28101 208.44000 209.03200 208.93700 206.57201 203.59500 202.45100 201.72600 201.01900 200.81799 201.63800 200.73801 196.37399 194.79900 193.06700 191.67300 189.71899 188.40401 192.95200 194.26500 196.22900 197.22800 197.80600 195.94200
203.33701 194.52901 190.46800 189.37199 189.72501 196.20300 203.26500 202.64700 199.00301 198.71700 203.10300 196.10800 197.97501 200.62900 205.54401 207.70000 208.89500 209.09801 209.27901 207.86501 204.75999 204.15199 205.77299 206.00700 207.61000 210.14301 210.36000 210.33400 210.36700 209.27901 209.72200 210.27800 209.65100 208.66200 209.76199 210.27299 208.67500 207.88300 207.20599 206.83501 205.09500 204.58000 206.24001 208.21500 207.38901 205.40800 205.31300 206.47400 207.82201 209.85300 206.51199 203.85201 203.48399 203.03700 203.77400 200.99200 198.48599 197.32700 193.52901 196.17700 197.73399 196.71600 196.53000 195.81400 192.97900 189.92999 194.34200 192.57401 195.44299 195.77699
203.80400 196.98300 194.17700 191.11900 188.02200 187.11301 196.70200 200.63100 202.58200 202.51300 204.30600 199.69701 192.44200 188.66000 186.02499 194.84000 201.18401 205.04700 208.99600 209.82201 210.24699 210.34599 210.51900 210.04401 210.82300 210.44000 210.47301 210.76300 210.86099 211.03900 210.12500 209.77800 208.96100 207.84000 207.64700 209.81799 208.08701 207.59200 205.29201 208.05099 208.61600 206.76401 206.43800 208.60899 208.28200 207.76199 209.09700 208.97099 209.30400 210.40401 211.32100 210.29900 208.50800 207.58701 206.41299 205.47099 204.25600 200.12601 197.58299 198.46800 193.60899 194.82300 195.92700 196.51100 198.05800 199.06799 198.80901 197.03600 196.67500 198.87199
197.15100 191.14000 191.57600 186.97501 186.05000 188.10100 189.06400 188.84200 191.29100 196.09300 201.31799 205.67700 201.98199 198.64600 195.06100 190.35500 190.65199 191.58900 195.33701 201.08000 203.87801 208.70200 209.57899 210.64600 211.21300 211.74699 211.96899 212.29401 211.56000 209.78500 208.61800 210.86501 205.19501 203.80901 204.31799 206.04100 206.39999 207.38400 206.88400 208.46001 207.96500 208.26700 208.25700 210.44701 207.86900 208.80600 207.61800 207.56300 207.73900 208.92999 209.07300 205.47301 204.54500 202.37100 201.64200 201.96500 202.18500 197.82300 201.21600 200.22800 196.15500 198.26401 198.32001 198.63000 202.39600 201.08701 200.89000 197.30200 199.85300 202.53999
199.98399 195.85899 191.19901 187.80299 188.93800 188.07300 186.59599 187.89999 190.95700 190.65401 195.53200 196.92500 196.52901 198.15700 200.94501 198.80000 198.47099 196.57899 192.87601 191.34700 193.92799 198.15700 200.87399 206.35500 209.83501 212.78900 213.24899 213.62500 211.42599 208.82500 209.34300 209.55800 208.97400 205.34700 207.60100 204.26199 209.83800 210.34000 209.12801 206.41299 207.66499 210.51100 212.37700 211.17500 209.96300 205.46400 204.45500 204.81599 206.11900 205.64600 202.52200 200.39799 201.94299 200.15401 196.57300 199.23199 196.96500 201.28101 198.81799 202.48900 204.27499 203.56000 204.90100 204.34000 204.70300 200.55901 203.34100 205.70900 206.85400 207.46201
198.36700 198.10400 196.89799 195.60300 196.08299 191.75400 188.46800 188.45000 188.07401 188.66299 193.22200 199.19400 188.64799 191.18600 195.46600 187.95200 184.89700 186.90700 204.12399 195.44200 187.51100 190.75800 194.11600 198.50000 210.74200 213.81700 214.87900 215.13600 212.96500 211.28101 211.28900 210.10899 210.05200 209.63400 210.22900 213.36301 212.48199 210.70100 211.19901 209.25301 208.47701 206.02901 209.69501 210.17400 208.83200 213.60800 213.53300 210.75900 208.31000 205.61099 203.74899 201.72400 203.56400 203.90900 203.14301 200.49400 199.64700 201.50101 201.25700 206.07700 206.95200 209.68600 209.67799 207.23900 205.24100 207.99699 209.88300 210.03101 211.32700 212.44400
198.07800 198.86501 198.92999 198.95700 199.41200 196.68300 196.03500 195.31100 193.33000 194.27400 193.30400 193.52000 192.82899 193.88100 196.64200 191.57001 190.86900 186.36600 191.00000 196.45700 200.30901 198.02000 198.00999 201.20000 203.32401 210.48100 214.97099 215.22000 214.29201 214.24001 214.81000 212.25900 213.34900 213.71100 212.58299 212.61000 213.44501 213.44099 213.07500 212.62100 210.27000 208.05800 208.26300 206.29401 207.58400 214.72900 215.77299 213.23000 210.87300 208.23199 205.02901 203.51401 206.45500 207.70300 203.11700 205.15500 206.14999 207.30499 209.11200 205.10600 208.10300 209.32001 210.78400 210.50400 213.24300 213.15601 212.68100 212.97099 212.00101 210.00700
199.50999 200.02400 199.20900 197.23801 197.05299 197.39400 199.46500 199.43700 199.51199 199.43401 199.67101 194.65500 190.83800 194.23500 198.62700 199.20500 196.31000 195.18300 194.79100 190.74699 194.10699 198.72800 204.17000 207.31799 206.47099 206.41200 209.07899 214.27699 213.98599 214.14200 212.00500 213.61200 213.48199 216.52100 215.56700 214.35500 211.20000 211.94400 208.09100 211.58800 206.68300 203.78799 207.43401 207.08400 203.17999 207.27100 212.05901 212.86301 211.83800 211.46600 209.08099 206.93401 211.43100 213.53999 213.31100 213.86000 212.93300 212.34599 210.19000 211.77600 208.97200 212.40700 212.34599 212.24899 213.27299 213.17799 214.46400 214.54601 214.04201 213.20300
204.85400 199.61200 196.87900 194.41701 193.60800 196.52499 197.30800 199.24800 199.63699 201.38800 197.12300 196.57001 195.36700 190.62500 195.24800 200.81900 202.39200 198.87000 196.30800 194.17599 195.44099 199.11400 200.81300 203.25101 206.65900 209.84700 212.46400 208.99800 211.97800 214.44800 211.93700 215.08600 212.93700 216.45200 210.19600 209.08701 213.91901 210.44701 205.98100 207.82201 209.40100 205.48801 204.05600 204.57100 207.42799 207.57500 208.88800 210.39200 209.58099 211.65300 209.30000 210.56500 210.16499 210.87900 210.12601 210.05701 210.65300 211.88100 214.62900 216.94800 218.71899 218.12700 216.15700 215.85001 216.30200 214.60100 215.52299 215.01801 214.53900 210.64700
209.35600 206.20700 203.17300 196.08501 194.97099 194.72301 199.78500 199.89500 203.39200 201.51300 202.22501 204.05701 202.97701 200.40800 196.16200 199.05000 200.80499 199.60400 202.84200 202.58600 204.48100 197.81799 203.92700 207.29700 209.85400 213.02901 211.10300 205.21300 210.08299 213.65401 215.70300 210.82500 213.61400 214.94099 210.81400 208.58400 213.00700 210.84399 209.06400 205.96700 206.52901 207.59700 206.28500 208.30200 208.30499 209.86800 209.03200 214.10699 212.59599 211.76801 211.92500 213.34000 212.99800 214.34900 216.83200 215.70000 218.17599 217.23100 217.75000 220.66600 221.21400 219.83000 217.88100 217.50101 216.17500 209.77699 211.52600 210.40700 211.33099 211.03700
211.60100 205.74800 205.92700 199.34700 195.70900 196.02200 192.61400 194.84801 200.55800 200.07001 200.79800 203.47501 201.76900 203.74200 201.99600 197.50400 201.72200 206.71700 209.10400 207.89600 208.94200 210.08800 206.21400 207.19600 211.60899 215.43700 218.29500 214.68800 215.36900 220.71700 218.20300 218.81700 218.05400 214.89000 212.98599 211.48300 210.65100 213.40199 209.74600 206.67900 204.54500 210.27000 211.05701 210.40300 215.19501 217.13600 218.92000 221.96100 224.15199 224.09700 224.60899 224.85699 224.87399 225.08099 222.70799 220.29100 219.76199 221.43500 223.99300 223.29601 222.85400 220.20000 219.93401 216.00301 210.49600 207.01801 208.46201 208.43201 209.76401 212.54700
214.47301 213.80499 209.90401 202.83501 202.81200 198.65300 197.74100 190.97501 195.19800 199.30400 196.59300 195.89700 198.65199 202.34500 199.89101 200.97400 205.25500 205.71800 207.98801 212.13901 213.25101 211.59399 209.27000 204.91100 212.87199 218.04700 218.97900 213.68300 215.35600 216.24500 213.38600 217.90700 219.39500 214.75999 213.78999 211.67200 213.31000 212.69000 213.61900 210.18900 209.98700 214.51700 220.16701 218.40300 222.24100 227.49100 227.85800 225.95500 225.94901 222.96400 225.01700 -9999 -9999 227.75900 227.12199 227.55499 224.56400 224.89400 225.76700 225.17999 222.35500 221.02400 215.91100 211.37300 206.97200 207.86301 205.48900 204.78799 204.58000 212.48100
209.44901 206.92200 210.04201 207.46400 204.35201 203.61900 204.46300 197.66901 203.32001 199.43900 197.18201 195.66400 199.71600 198.84900 199.34300 204.23900 207.16499 204.24800 208.36700 212.64000 210.15900 212.97701 215.88901 215.90300 214.54700 209.37000 213.86900 213.53799 216.19701 214.86700 216.11700 214.58900 219.97900 217.45300 214.26700 213.59900 213.40199 213.61099 221.05000 227.51401 -9999 -9999 -9999 -9999 233.05099 -9999 224.77600 218.38901 222.33400 223.04601 228.70500 -9999 -9999 225.73100 226.33000 227.20000 226.77699 228.39700 226.25700 224.03700 221.03101 218.71001 216.67200 214.57700 212.08600 215.19400 205.48199 205.45500 207.86400 217.43900
