data/hydroclimate-scenarios/BCSD_hadcm_B1/monthly_summaries/olr_monthly_avg_sep.2070-2099.asc
ncols	311
nrows	91
xllcenter	102.75
yllcenter	31.75
cellsize	0.5
NODATA_value	-9999
[rows 0 to 30 of 91, columns 70 to 139 of 311]
-9999 -9999 -9999 -9999 -9999 -9999 -9999 -9999 -9999 -9999 -9999 -9999 -9999 -9999 -9999 -9999 -9999 -9999 -9999 -9999 -9999 -9999 -9999 -9999 -9999 -9999 -9999 -9999 -9999 -9999 -9999 -9999 -9999 -9999 -9999 -9999 -9999 -9999 -9999 -9999 -9999 -9999 -9999 -9999 -9999 -9999 -9999 -9999 -9999 -9999 -9999 -9999 -9999 -9999 -9999 -9999 -9999 -9999 -9999 -9999 -9999 -9999 -9999 -9999 -9999 -9999 -9999 -9999 -9999 -9999
-9999 -9999 -9999 -9999 -9999 -9999 -9999 -9999 -9999 -9999 -9999 -9999 -9999 -9999 -9999 -9999 -9999 -9999 -9999 -9999 -9999 -9999 -9999 -9999 -9999 -9999 -9999 -9999 -9999 -9999 -9999 -9999 -9999 -9999 -9999 -9999 -9999 -9999 -9999 -9999 -9999 -9999 -9999 -9999 -9999 -9999 -9999 -9999 -9999 -9999 -9999 -9999 -9999 -9999 -9999 -9999 -9999 -9999 -9999 -9999 -9999 -9999 -9999 -9999 -9999 -9999 -9999 -9999 -9999 -9999
-9999 -9999 -9999 -9999 -9999 -9999 -9999 -9999 -9999 -9999 -9999 -9999 -9999 -9999 -9999 -9999 -9999 -9999 -9999 -9999 -9999 -9999 -9999 -9999 -9999 -9999 -9999 -9999 -9999 -9999 -9999 -9999 -9999 -9999 -9999 -9999 -9999 -9999 -9999 -9999 -9999 -9999 -9999 -9999 -9999 -9999 -9999 -9999 -9999 -9999 -9999 -9999 -9999 -9999 -9999 -9999 -9999 -9999 -9999 -9999 -9999 -9999 -9999 -9999 -9999 -9999 -9999 -9999 -9999 -9999
-9999 -9999 -9999 -9999 -9999 -9999 -9999 -9999 -9999 -9999 -9999 -9999 -9999 -9999 -9999 -9999 -9999 -9999 -9999 -9999 -9999 -9999 -9999 -9999 -9999 -9999 -9999 -9999 -9999 -9999 -9999 -9999 -9999 -9999 -9999 -9999 -9999 -9999 -9999 -9999 -9999 -9999 -9999 -9999 -9999 -9999 -9999 -9999 -9999 -9999 -9999 -9999 -9999 -9999 -9999 -9999 -9999 -9999 -9999 -9999 -9999 -9999 -9999 -9999 -9999 -9999 -9999 -9999 -9999 -9999
-9999 -9999 -9999 -9999 -9999 -9999 -9999 -9999 -9999 -9999 -9999 -9999 -9999 -9999 -9999 -9999 -9999 -9999 -9999 -9999 -9999 -9999 -9999 -9999 -9999 -9999 -9999 -9999 -9999 -9999 -9999 -9999 -9999 -9999 -9999 -9999 -9999 -9999 -9999 -9999 -9999 -9999 -9999 -9999 -9999 -9999 -9999 -9999 -9999 -9999 -9999 -9999 -9999 -9999 -9999 -9999 -9999 -9999 -9999 -9999 -9999 -9999 -9999 -9999 -9999 -9999 -9999 -9999 -9999 -9999
-9999 -9999 -9999 -9999 -9999 -9999 -9999 -9999 -9999 -9999 -9999 -9999 -9999 -9999 -9999 -9999 -9999 -9999 -9999 -9999 -9999 -9999 -9999 -9999 -9999 -9999 -9999 -9999 -9999 -9999 -9999 -9999 -9999 -9999 -9999 -9999 -9999 -9999 -9999 -9999 -9999 -9999 -9999 -9999 -9999 -9999 -9999 -9999 -9999 -9999 -9999 -9999 -9999 -9999 -9999 -9999 -9999 -9999 -9999 -9999 -9999 -9999 -9999 -9999 -9999 -9999 -9999 -9999 -9999 -9999
-9999 -9999 -9999 -9999 -9999 -9999 -9999 -9999 -9999 -9999 -9999 -9999 -9999 -9999 -9999 -9999 -9999 -9999 -9999 -9999 -9999 -9999 -9999 -9999 -9999 -9999 -9999 -9999 -9999 -9999 -9999 -9999 -9999 -9999 -9999 -9999 -9999 -9999 -9999 -9999 -9999 -9999 -9999 -9999 -9999 -9999 -9999 -9999 -9999 -9999 -9999 -9999 -9999 -9999 -9999 -9999 -9999 -9999 -9999 -9999 -9999 -9999 -9999 -9999 -9999 -9999 -9999 -9999 -9999 -9999
-9999 -9999 -9999 -9999 -9999 -9999 -9999 -9999 -9999 -9999 -9999 -9999 -9999 -9999 -9999 -9999 -9999 -9999 -9999 -9999 -9999 -9999 -9999 -9999 -9999 -9999 -9999 -9999 -9999 -9999 -9999 -9999 -9999 -9999 -9999 -9999 -9999 -9999 -9999 -9999 -9999 -9999 -9999 -9999 -9999 -9999 -9999 -9999 -9999 -9999 -9999 -9999 -9999 -9999 -9999 -9999 -9999 -9999 -9999 -9999 -9999 -9999 -9999 -9999 -9999 -9999 -9999 -9999 -9999 -9999
-9999 -9999 -9999 -9999 -9999 -9999 -9999 271.20200 -9999 -9999 -9999 -9999 -9999 -9999 -9999 -9999 -9999 -9999 -9999 -9999 -9999 -9999 -9999 -9999 -9999 -9999 -9999 -9999 -9999 -9999 -9999 -9999 -9999 -9999 -9999 -9999 -9999 -9999 -9999 -9999 -9999 -9999 -9999 -9999 -9999 -9999 -9999 -9999 -9999 -9999 -9999 -9999 -9999 -9999 -9999 -9999 -9999 -9999 -9999 -9999 -9999 -9999 -9999 -9999 -9999 -9999 -9999 -9999 -9999 -9999
-9999 -9999 -9999 271.69901 275.09000 273.58801 272.20499 271.58701 271.84698 270.99100 271.47900 273.28101 273.29199 275.92999 276.23300 277.76599 277.86200 278.29700 278.39499 277.43500 278.11301 278.32501 277.95001 -9999 -9999 -9999 -9999 -9999 -9999 -9999 -9999 -9999 -9999 -9999 -9999 -9999 -9999 -9999 -9999 -9999 -9999 -9999 -9999 -9999 -9999 -9999 -9999 -9999 -9999 -9999 -9999 -9999 -9999 -9999 -9999 -9999 -9999 -9999 -9999 -9999 -9999 -9999 -9999 -9999 -9999 -9999 -9999 -9999 -9999 -9999
-9999 -9999 -9999 -9999 -9999 271.80499 271.63800 272.37201 272.54501 273.65201 273.92499 273.83301 273.91699 275.03400 274.88800 276.02399 276.50101 276.83099 276.79401 276.57199 276.86301 276.92099 276.89600 -9999 -9999 -9999 -9999 -9999 -9999 -9999 -9999 -9999 -9999 -9999 -9999 -9999 -9999 -9999 -9999 -9999 -9999 -9999 -9999 -9999 -9999 -9999 -9999 -9999 -9999 -9999 -9999 -9999 -9999 -9999 -9999 -9999 -9999 -9999 -9999 -9999 -9999 -9999 -9999 -9999 -9999 -9999 -9999 -9999 -9999 -9999
276.99200 275.45099 275.67200 274.89301 274.56000 273.15302 272.62100 273.40201 273.31900 274.04401 274.36600 274.61401 274.72299 276.13699 275.83801 276.96701 277.27802 277.00601 277.43799 277.46500 278.01001 278.13599 277.84601 275.86099 276.02301 275.97198 276.41800 275.19601 275.72400 -9999 -9999 -9999 -9999 -9999 -9999 -9999 -9999 -9999 -9999 -9999 -9999 -9999 -9999 -9999 -9999 -9999 -9999 -9999 -9999 -9999 -9999 -9999 -9999 -9999 -9999 -9999 -9999 -9999 -9999 -9999 -9999 -9999 -9999 -9999 -9999 -9999 -9999 -9999 -9999 -9999
275.99100 276.71100 276.85001 276.61899 275.64001 274.03500 273.81100 274.99701 274.42499 275.28000 275.95599 275.70700 275.33099 276.61600 276.64200 276.53799 277.27899 277.40799 277.73300 278.96600 278.55399 278.85199 277.33600 275.78299 275.81299 275.88501 276.08200 275.55099 274.82401 274.81699 274.84000 274.28400 274.03201 273.74200 273.86099 273.28500 272.67099 272.34698 272.40399 273.33701 273.21701 273.07700 273.41199 272.97400 -9999 -9999 -9999 -9999 -9999 -9999 -9999 -9999 -9999 -9999 -9999 -9999 -9999 -9999 -9999 -9999 -9999 -9999 -9999 -9999 -9999 -9999 -9999 -9999 -9999 -9999
275.16299 277.28601 275.22000 275.72501 274.67499 272.32800 273.26999 275.17200 275.36700 276.24701 276.42099 276.54999 276.65201 277.60400 277.56400 277.47800 278.11801 278.74701 278.96301 279.45099 279.33099 278.40100 274.82401 274.06100 274.56400 274.91299 276.38000 275.93799 275.94299 274.28799 273.26700 274.45901 274.78900 274.17200 274.26901 273.62701 273.61801 273.48801 273.32501 274.75800 275.10101 274.02301 274.00699 273.98401 274.18500 -9999 -9999 -9999 -9999 -9999 -9999 -9999 -9999 -9999 -9999 -9999 -9999 -9999 -9999 -9999 -9999 -9999 -9999 -9999 -9999 -9999 -9999 -9999 -9999 -9999
266.90201 266.58600 265.74899 267.69501 262.55399 266.61801 267.97400 268.23199 269.62799 270.61301 274.11600 273.14999 275.07101 278.21100 278.92899 279.85300 280.22000 279.76300 280.14401 279.18301 278.81400 276.94501 276.56299 276.35901 276.03299 276.40701 273.84201 275.76199 277.56299 276.79999 274.79800 275.01801 275.57599 277.10501 276.73001 275.66699 275.43399 275.72400 275.24500 274.38901 273.83401 274.47800 274.63901 276.12000 276.83401 -9999 -9999 -9999 -9999 -9999 -9999 -9999 -9999 -9999 -9999 -9999 -9999 -9999 -9999 -9999 277.47299 277.79599 -9999 -9999 -9999 -9999 274.46301 270.42999 267.01501 269.13599
268.41800 267.69699 266.86899 267.59399 264.25400 269.07300 272.86099 272.40302 269.50601 271.25699 271.05701 276.67001 277.91101 279.08200 278.51401 278.65701 280.73199 279.73999 281.00900 280.58701 280.71799 278.77499 277.40100 277.18900 279.67200 279.32800 279.48001 278.53101 278.69800 278.06500 277.90500 277.05200 277.14301 278.21899 278.16699 276.77399 276.76999 277.00601 276.93100 275.49799 275.37900 275.71100 275.57599 277.02200 276.83200 276.80499 276.45499 277.24701 276.43500 271.18301 269.28900 270.83701 269.84500 269.92899 271.91299 270.92001 270.90100 276.17001 276.51199 277.29401 277.30899 278.34900 -9999 -9999 -9999 -9999 -9999 275.97198 273.60699 271.55399
264.90399 262.60101 268.44400 267.10699 263.06400 266.97601 271.28201 272.06500 273.28900 277.35199 280.09000 281.07101 280.86600 282.35199 282.35901 282.74899 282.79501 281.77499 281.49200 282.27499 282.07599 282.12701 281.53601 281.74600 281.28799 280.96201 280.93900 280.11099 280.17999 279.92200 279.97601 278.72501 278.54700 278.77600 278.94501 279.18201 279.11899 278.90100 278.83301 278.61200 278.48901 278.31100 278.51599 278.17499 278.10599 277.51199 277.43399 277.44000 277.38699 271.95801 270.06699 273.17401 275.28900 272.65601 267.45200 263.62900 269.71899 266.84100 266.30099 268.24100 271.57101 272.08200 271.84601 275.35901 278.21201 278.57999 277.99500 277.99500 278.49701 274.56699
270.02499 262.20401 250.48199 271.99799 262.37601 260.45099 265.27301 269.24500 268.73199 281.26300 282.23499 282.69199 282.72198 283.48499 283.41901 284.00699 284.13800 282.70099 282.85501 283.23801 280.56100 280.34500 282.16800 282.69800 282.34399 282.40201 282.39499 281.59100 281.41101 281.08600 280.75601 279.92001 280.00101 280.51801 280.57501 280.43900 280.02200 280.16901 279.63400 279.87601 280.25800 280.10699 278.32999 279.13101 279.34201 278.38101 279.01901 279.08701 279.13501 278.73499 276.82501 274.98499 277.48901 274.49500 274.12299 270.56900 265.66800 264.97601 266.28601 266.10300 265.45401 267.83200 264.05600 268.75201 274.73999 277.10001 278.53500 278.73300 279.09601 275.73901
260.41299 258.39099 253.44901 262.04599 276.29199 270.21701 275.54999 277.73199 271.51001 276.30399 279.89301 281.75900 283.37500 284.31900 284.12100 284.13300 284.11700 284.10800 284.54099 282.90201 275.27899 276.38199 278.80200 278.95401 281.79501 282.57001 283.35001 282.57101 282.57700 281.46301 281.85101 281.12701 281.22900 281.91901 281.96201 281.50500 281.45700 280.86600 280.27600 279.92401 278.35599 279.81699 280.45499 276.19101 274.74100 275.78500 279.38101 280.93600 282.27600 283.17099 280.39001 276.28101 275.81400 274.22501 273.82101 273.76999 274.63501 274.00500 268.83600 267.26901 265.43301 263.33801 261.48199 259.73700 266.02802 270.26901 272.92899 272.57101 273.51801 273.01700
273.18799 263.45499 257.59900 257.99301 258.15601 267.04199 276.27600 276.15799 271.39301 270.82999 277.01099 267.36801 269.22800 273.47101 280.55499 282.62900 283.80600 285.48300 285.63501 283.89200 280.34698 277.36600 280.59601 281.28101 282.71100 284.45901 285.25601 283.88199 283.53101 283.18799 282.83301 282.79501 282.43799 280.59100 281.69501 282.16599 280.66901 279.58200 279.45099 278.52100 276.24600 276.59201 279.29300 280.29401 278.79599 275.34100 274.76199 277.31100 279.61899 282.73199 278.53400 275.88699 275.60199 274.72101 276.79901 273.20499 269.87601 268.19501 263.42300 267.78201 269.81299 268.93100 269.54700 269.00101 265.31400 263.03601 269.56000 265.25201 269.30399 271.78000
271.93701 264.26300 261.00800 257.54599 254.08400 252.39301 265.18301 271.42001 274.15799 274.29999 277.72000 271.68500 261.60199 256.19400 253.15401 264.78699 273.39700 279.70099 284.77701 285.71799 286.35901 286.20001 286.24701 285.33899 285.94800 285.98599 285.82401 285.15302 285.21201 284.77200 283.28201 283.00400 281.31299 280.86301 280.52899 283.35599 280.30801 278.60800 275.85101 278.17001 279.01099 277.55701 277.33499 280.17099 280.42801 277.85400 280.05600 279.32101 280.27301 282.68600 283.83600 284.28201 281.96301 279.44299 278.58701 277.15201 276.09698 270.13800 266.91299 269.88699 263.72900 264.85699 267.08600 268.38599 270.24200 273.15799 272.54300 271.47800 271.03500 273.58701
261.99701 255.33200 256.36301 251.85201 251.19200 252.68401 254.42000 254.88800 259.24100 265.76901 272.63599 279.23199 273.59201 269.56100 264.40500 259.19101 258.40399 261.61801 266.32901 273.51099 277.64200 283.20901 285.03900 285.87799 286.26300 287.39999 287.45801 287.15701 286.24200 282.82300 281.17899 283.64499 276.13800 274.77701 275.23499 277.13901 277.25800 277.42099 276.39200 277.82700 277.23099 277.68399 278.42099 281.15201 278.56699 278.46899 276.77100 276.84698 277.19699 278.75500 280.17300 275.82700 275.89099 271.50400 271.02399 271.38599 271.85599 265.64099 270.08200 270.51999 265.29501 269.08301 269.18500 269.44299 275.08801 275.21201 274.47000 270.54700 273.37799 277.01599
268.16400 262.96701 257.20700 253.28101 255.38699 252.95300 251.58400 253.83000 258.07599 259.24600 266.56100 268.62500 267.80701 268.30801 271.76401 270.26300 270.55399 268.46701 262.78601 260.86200 264.35300 268.10699 271.85901 279.18799 284.63199 287.20099 287.74600 288.39899 284.28500 279.54700 279.27100 280.23901 278.76001 274.51199 277.02600 274.24301 281.55301 282.01199 280.01099 275.17001 277.30399 280.21500 282.87299 281.33600 279.07599 274.48499 272.83701 275.42599 278.07599 277.36200 273.21399 269.55701 272.01901 267.27499 262.73999 266.28299 262.81900 269.35501 265.24200 270.89700 273.73801 273.41599 276.08899 275.55301 276.47299 273.04199 277.07101 280.88400 282.15500 281.68701
264.66199 264.22198 263.33301 262.60699 264.09698 257.65701 253.56700 253.96201 253.57600 255.97301 263.02301 270.89301 256.84500 258.66699 264.27100 256.81299 251.78700 255.54700 278.01501 266.28101 255.76199 257.71100 261.73099 268.26001 285.02802 287.69601 289.13699 289.44199 286.21100 281.44299 281.89700 280.23199 279.64401 279.30099 279.71701 285.00500 283.69101 280.81799 280.83701 278.39001 276.83401 273.18301 277.69901 279.34500 276.61600 283.93600 283.72400 282.21201 278.82401 275.69699 274.39099 270.29401 272.98499 270.81601 270.45801 266.69400 265.36200 268.04901 267.45200 274.43100 275.94199 280.03799 280.80399 277.42401 274.97400 281.97900 284.00900 285.18201 286.86200 287.27899
264.69699 265.29599 266.35199 265.20901 266.78699 264.69699 263.93600 263.07999 261.09500 262.27600 261.40302 263.14899 262.18399 263.19699 266.92401 259.56699 258.66101 253.84399 259.29099 266.06799 270.84799 267.14200 267.04901 271.07999 274.43799 283.14600 288.53699 289.06900 288.20700 284.77200 285.57999 282.81799 283.81100 286.03799 283.67801 283.91199 284.51199 283.65799 283.24500 281.89801 278.56699 273.84100 273.71301 273.59799 275.42999 285.56201 286.21301 284.46301 281.63400 278.71701 274.37000 270.92001 274.56000 273.96201 268.41101 271.72800 273.12399 274.24399 276.65302 271.61700 276.16101 279.28799 281.79800 282.60599 286.27600 287.95700 287.77499 288.24200 286.87000 282.70300
265.25699 265.65799 265.12399 262.55801 262.76700 264.30899 268.23001 267.99500 268.98401 268.64700 269.53299 263.66400 258.57300 262.93600 269.06500 268.85699 265.02200 263.94699 263.03299 257.69101 262.00201 266.89099 273.94800 278.05801 276.90799 275.82901 279.16400 286.33301 286.01199 283.05499 280.37100 283.67499 283.11600 288.73199 286.52301 284.53601 280.50500 280.52301 276.07800 280.09698 273.38000 267.35400 272.29501 273.68100 269.11700 274.98300 280.45700 282.77701 281.41101 282.87799 279.19101 274.01501 280.65601 280.94101 281.86801 283.17999 281.53900 281.00000 278.42401 280.50500 277.39301 282.56699 282.59500 283.55701 285.24399 286.90201 288.46399 289.39801 288.42200 286.26700
270.58499 263.87500 260.58701 258.42401 257.70901 261.88300 263.39700 266.49899 268.02600 271.17599 265.97299 265.72699 263.42499 257.23401 262.59698 270.48199 272.14600 267.27802 264.05200 260.14899 261.13199 265.43301 267.95300 270.64999 275.13901 277.41000 280.90500 279.03799 282.95401 285.07800 282.03201 286.83899 283.63501 288.01999 279.33801 278.32901 284.02499 278.24301 273.00800 274.78601 276.33801 270.79501 269.01901 269.10999 272.39801 273.62500 275.07401 276.31601 275.37000 276.16000 273.98901 274.89801 274.00201 276.95099 276.60800 276.62799 277.85999 279.85501 285.03799 286.67200 289.51999 290.24200 287.87201 286.61499 287.35800 287.66199 288.97900 288.27200 287.77600 281.94101
274.97000 270.95499 267.02100 259.12900 258.31900 258.14999 265.57199 266.82001 271.57501 270.11200 271.88000 274.70099 272.71799 269.14801 263.25101 267.32999 268.34201 266.47101 270.97800 269.30200 271.34900 262.46701 270.45001 274.12500 277.12799 280.16599 277.41800 273.31799 279.09799 283.86401 286.34000 280.42599 283.00201 285.42599 279.21899 276.07501 282.22000 278.40701 275.53699 271.67401 272.56799 272.75000 271.16901 273.56299 272.91101 275.23099 274.97400 280.97000 278.38199 276.20999 276.55200 277.72501 277.22299 280.65201 284.43799 283.29199 286.68701 286.45200 288.57001 291.45099 291.82001 291.29501 289.09299 287.36899 286.56201 279.70700 282.71500 280.97000 282.64899 282.10199
276.10901 269.39099 269.81799 262.74701 258.11301 258.89200 255.00800 258.99301 266.80899 267.35300 268.63800 273.43799 270.21500 272.47101 270.03101 263.62601 268.41599 273.69199 276.45801 274.32001 275.37299 276.38300 271.05099 272.99600 278.80301 284.52301 288.46600 283.73999 284.87100 291.54401 288.07700 287.94699 286.17300 284.10199 281.24200 278.72601 277.00500 279.48901 275.55600 271.48300 268.84100 274.44101 275.57599 273.67099 279.72101 282.95999 285.56601 289.84698 292.54300 291.93600 292.77499 293.17999 293.09100 293.67099 291.41299 289.72900 290.03799 292.23001 295.13501 294.35599 293.96399 292.16800 291.06799 285.98300 278.53699 275.70599 277.35599 277.57101 279.63901 283.03799
278.85901 278.38000 273.77701 265.94101 267.02200 261.49701 261.12701 252.85001 259.15399 265.48199 262.67001 262.81601 265.97299 268.79099 265.03101 266.58401 271.83600 271.19601 273.71701 277.91299 279.24100 277.83499 274.11801 268.73801 279.31699 286.10501 287.37201 280.36600 283.39200 284.12799 279.78699 285.56400 286.95999 282.87000 281.07401 278.01401 280.20499 278.16000 279.08801 274.74500 274.29599 278.56900 286.21701 283.37000 287.85999 295.92001 296.81000 294.23999 293.54401 289.42899 292.90302 -9999 -9999 296.29401 296.29901 297.97800 294.68301 295.28699 296.50299 295.47299 291.46201 289.97601 283.33600 277.96500 272.41000 274.67099 272.20001 271.08499 270.55499 280.78400
270.47101 268.18900 272.72000 270.30701 266.98599 266.68301 268.42401 261.05600 268.73401 265.46799 262.85800 260.79999 265.90799 264.16800 264.36600 269.31900 272.67700 269.94901 274.73499 278.81500 275.75299 278.42999 281.85699 281.47400 280.05399 273.58701 279.63400 278.66400 282.55701 281.80399 282.47000 281.37100 288.61099 283.67599 279.12100 278.17200 277.80399 278.10800 287.23499 294.91501 -9999 -9999 -9999 -9999 301.60901 -9999 289.64600 282.05200 287.51501 289.79099 297.98801 -9999 -9999 293.85199 294.63699 296.12299 295.70599 298.19501 295.66000 292.43301 288.32800 286.73199 283.70999 280.72699 278.17801 281.99301 268.88000 268.21799 271.12701 283.55899
