data/hydroclimate-scenarios/BCSD_hadcm_B1/monthly_summaries/olr_monthly_avg_apr.2030-2059.asc
ncols	311
nrows	91
xllcenter	102.75
yllcenter	31.75
cellsize	0.5
NODATA_value	-9999
[rows 31 to 61 of 91, columns 0 to 69 of 311]
-9999 -9999 -9999 -9999 -9999 -9999 -9999 -9999 -9999 -9999 -9999 233.49800 233.77000 233.19400 234.42500 231.26900 230.63499 230.81300 230.63000 230.49899 232.01801 231.74300 232.45399 233.79401 234.00700 233.39600 232.89500 232.53700 233.93401 233.41400 233.15601 233.94800 234.39700 235.01601 234.35201 235.74100 236.53200 233.93900 231.27200 231.96500 231.78101 230.28300 229.20799 230.01401 230.01700 230.35300 231.21700 232.48100 233.92200 234.13000 234.81100 234.30400 234.33900 234.56100 233.68900 232.00600 230.43600 230.03400 229.48900 231.20200 230.83099 231.07700 231.05099 230.13200 230.03300 228.67300 225.36800 224.26300 217.59700 211.24500
-9999 -9999 -9999 -9999 -9999 -9999 -9999 -9999 -9999 -9999 -9999 232.81900 232.18900 233.27400 233.13499 232.12199 232.16499 232.11200 232.18700 232.87100 232.39799 234.02499 236.57001 235.43300 236.41400 235.58400 234.37199 234.97000 234.50000 235.48199 234.03300 234.75800 235.77200 235.87300 234.76801 237.84100 237.62000 237.74899 236.09300 235.15100 234.11200 234.28000 234.50301 234.01801 233.21300 232.54601 232.50000 231.34900 231.14900 232.10899 232.62801 231.71800 231.77299 230.89000 231.97600 232.64999 232.47900 232.11400 232.33200 232.66901 232.47000 232.93401 233.93401 232.70500 233.78700 234.12601 230.67900 226.57100 221.25400 216.96300
-9999 -9999 -9999 -9999 -9999 -9999 -9999 -9999 -9999 -9999 -9999 233.84599 232.83000 233.95000 233.24800 233.70599 233.81900 233.96500 234.83701 235.28101 235.65601 236.71899 237.88901 236.96500 234.99400 232.80299 232.07401 232.77699 235.25500 237.65601 235.80701 235.68300 236.07500 237.29601 238.01900 239.69200 239.24699 238.50700 237.29500 233.37900 235.38000 232.64500 234.42300 234.52200 233.02000 232.35300 231.77000 231.53500 231.73100 231.93600 232.39101 233.49600 233.75000 234.16499 235.48500 235.40900 234.11900 233.46300 233.78600 234.79100 234.26500 235.10500 236.92900 236.50999 235.57899 233.59500 231.92200 228.85201 225.57600 221.30099
-9999 -9999 -9999 -9999 -9999 -9999 -9999 -9999 -9999 -9999 -9999 -9999 235.75600 235.81500 235.88699 235.86600 236.03700 236.95300 238.28999 239.67999 239.29201 238.19299 235.97900 233.81799 232.29201 226.23500 227.62500 226.98000 232.15401 233.70100 235.24100 237.81000 237.54300 237.90401 238.42700 238.90100 238.17900 238.63901 237.21201 234.79601 234.28999 234.25900 233.87000 237.43401 236.17500 234.54300 235.45599 235.53900 235.62199 235.61099 236.44800 236.06799 236.15300 236.08501 235.32700 235.24300 235.45599 237.11501 236.90900 237.67900 237.92500 237.23500 235.70000 235.78200 235.86400 234.76401 234.55600 230.12900 222.23801 219.53101
-9999 -9999 -9999 -9999 -9999 -9999 -9999 -9999 -9999 -9999 -9999 -9999 237.06700 237.51801 237.64400 237.98599 239.47900 239.84200 239.95100 240.21400 239.98199 233.25800 231.10600 228.99400 224.86900 227.63300 229.23900 225.29201 229.77499 229.88600 230.64101 231.90700 237.38100 238.93300 239.17799 239.75000 238.77299 240.14999 239.72400 237.34200 236.60001 234.90700 235.26601 237.95500 239.70799 239.12300 240.17700 238.46300 238.22200 235.03200 234.61501 236.82899 236.65100 236.84700 238.41499 237.79401 238.10300 240.02800 239.86600 239.32600 238.51300 234.39200 233.44600 232.93100 234.72301 237.23900 233.59700 232.39200 228.28300 226.71400
-9999 -9999 -9999 -9999 -9999 -9999 -9999 -9999 -9999 -9999 -9999 -9999 238.35899 239.94099 239.98900 240.98399 240.91400 240.08501 239.08800 237.80099 236.84000 232.70200 231.96899 228.92101 229.18800 226.32700 228.82600 232.18600 230.35400 232.62801 234.34100 237.77901 236.39400 236.36099 240.18900 242.14000 241.85001 242.08099 242.57401 239.88901 235.59500 232.90700 236.08600 238.59100 240.14101 239.57700 238.67101 235.77400 236.33200 239.12601 239.11700 239.50400 240.55400 239.59399 240.96100 241.00400 240.66800 239.83000 238.89301 237.06599 237.27299 233.66600 234.62100 238.26300 236.62700 236.03300 234.93100 234.76300 229.42000 230.76100
-9999 -9999 -9999 240.60001 240.28799 239.05600 239.84599 239.90401 238.86000 -9999 238.98801 239.79800 241.23300 242.11600 241.77200 241.57600 240.54100 240.36200 237.06500 235.65199 236.24100 235.13300 234.04100 232.88699 231.28200 230.93700 233.32899 228.82001 229.64999 223.82201 230.56000 235.50600 233.36700 227.94000 234.75700 237.55701 236.75301 237.71800 239.50301 239.79100 239.22400 236.18700 237.83400 239.85001 237.98500 235.41701 231.79800 236.48900 236.74500 236.50800 235.31700 235.17000 233.88200 229.49100 232.62100 228.45000 226.61200 236.29401 231.91000 236.61700 238.31000 235.54800 235.47900 236.28999 238.07899 238.41499 235.70599 233.84100 234.42999 233.00600
-9999 -9999 -9999 243.97900 243.93600 243.16600 241.73100 241.22600 241.93700 241.76100 243.85201 244.13800 242.54201 241.82100 238.90700 237.08701 234.92200 235.22800 234.21500 235.00900 236.04500 233.32201 237.36501 238.62900 234.32300 234.65900 232.49400 229.87801 226.90199 222.50999 227.82001 227.89999 229.13600 226.54800 229.47301 230.84200 231.69901 228.74899 236.09599 232.26300 232.50301 237.71800 239.85800 237.08000 234.46201 230.56500 230.49600 238.56400 234.12601 231.92500 231.31700 231.44000 229.31000 228.53300 234.38400 230.71600 234.76500 234.49100 230.93401 232.73100 235.14799 235.16600 235.01801 236.54800 236.57100 241.09200 239.23300 242.19299 239.68600 237.62199
-9999 -9999 -9999 246.76900 245.62801 243.16901 242.81100 242.90500 244.46100 245.91299 244.98300 243.74100 240.76300 237.02299 231.77800 234.51300 232.37000 232.52000 235.47301 235.70000 234.23000 231.88600 234.14301 231.92000 228.32700 231.53900 231.36000 228.96100 229.82401 221.37000 215.91299 220.28999 226.60201 227.00600 225.78101 228.37199 231.19299 232.93201 234.56900 232.83200 232.96100 236.21300 238.69400 239.08501 241.03600 237.04300 236.16200 235.36301 234.93500 230.68600 228.41600 234.75200 232.83800 232.68401 234.87100 234.46300 236.30299 236.83900 233.66400 233.73599 237.38901 237.85001 240.61600 237.34399 239.65300 240.80800 240.01500 238.98900 233.24800 233.17400
-9999 -9999 -9999 246.96100 249.65199 245.28400 246.98100 244.67500 244.14000 244.10600 245.21100 245.39999 237.98599 234.40401 232.45799 231.98000 229.43600 228.30701 229.28600 232.08501 227.70200 223.69299 220.17000 223.97501 226.48100 229.24300 231.31200 230.23399 222.01100 216.36000 220.08299 230.36900 225.58701 219.51601 220.11900 224.71100 231.26199 237.39700 234.67999 236.96300 236.21400 232.16901 230.35300 235.30800 244.13600 238.04401 234.24300 239.28799 232.93300 235.26199 230.04201 234.39400 233.72301 229.78500 233.53400 234.59900 235.08600 233.23599 232.12000 234.14200 230.26500 237.28101 239.50400 240.33299 239.82300 242.63000 240.95599 238.28000 231.65601 231.78600
-9999 -9999 -9999 248.73000 251.21600 245.05701 245.23300 245.00800 242.31500 244.37300 247.86099 242.77299 236.47301 231.80701 227.12199 228.04300 225.29500 228.10899 233.08299 235.84900 229.85400 226.06599 222.91600 229.57600 231.77800 234.03400 237.70500 232.94400 226.28200 221.22099 220.47000 223.14500 221.25999 224.23399 226.46300 228.52400 229.46899 235.48300 238.28999 238.89200 235.40800 233.91100 232.90300 233.86600 239.66299 238.85001 239.15300 238.91800 237.17700 235.80200 234.76601 240.14500 236.44901 229.60600 236.35699 230.83000 236.76500 236.87399 234.85500 230.09300 232.81200 235.18300 237.27901 234.21899 235.26100 241.99200 240.13800 235.26900 233.39799 241.02100
-9999 -9999 -9999 -9999 245.57100 243.56200 244.45300 240.76100 240.27100 241.83400 246.52699 243.16701 229.35500 236.12100 -9999 -9999 -9999 -9999 -9999 220.70200 220.18900 222.97301 220.31599 216.96600 221.57600 225.67599 234.73900 231.18100 228.24001 228.97501 226.49400 226.09399 225.25800 229.49001 235.41901 236.73300 235.22501 239.10400 238.84100 239.99500 242.28900 241.47501 239.36501 237.14999 238.90500 240.77699 240.20000 235.87100 238.83000 241.85201 238.57800 237.42700 239.91299 233.91800 232.38200 229.16499 228.04601 228.74300 230.42799 234.01500 232.09900 230.64101 233.06599 236.08800 237.14200 236.08701 238.66200 246.36501 249.83000 -9999
-9999 -9999 249.31100 247.10500 245.52600 246.01900 244.98700 239.09599 243.09000 243.30701 246.56100 242.39900 230.78700 -9999 -9999 -9999 -9999 -9999 215.45399 221.16200 220.61200 226.03999 226.84200 222.66100 224.28799 227.22900 235.60300 236.52800 235.19000 234.61600 232.17101 231.65800 232.82899 233.16000 235.34399 240.11501 238.32700 240.14999 239.65300 242.07201 240.77000 243.31100 242.20399 243.17500 245.69701 245.73100 244.73500 245.17101 248.00400 251.91499 250.03300 248.17000 245.47900 246.54601 240.76801 242.88400 237.98700 232.81599 232.89900 241.15500 240.69901 240.07201 241.13499 240.23100 244.09900 245.92799 248.87000 -9999 -9999 -9999
-9999 -9999 249.67500 248.79800 248.89799 247.43700 247.84500 241.82899 243.45300 245.75800 243.46100 240.67799 240.86400 -9999 -9999 -9999 -9999 231.08501 220.10400 226.44501 225.20200 226.13300 226.35100 228.76900 234.01601 239.00000 238.30299 236.55600 237.97900 239.59100 236.70599 232.88699 236.91200 238.30600 237.71800 238.69299 240.34100 241.30400 238.44901 237.46899 241.31700 240.00999 240.36600 242.90601 242.30701 245.39600 248.90800 246.77901 254.42300 252.67900 253.99300 254.01700 253.37300 252.10699 250.89500 256.13101 252.17599 241.47600 238.71500 244.08200 246.06200 240.83701 245.60800 252.08200 255.88901 -9999 -9999 -9999 -9999 -9999
-9999 -9999 252.80600 248.38600 248.32001 247.57001 247.58900 245.64301 245.09399 244.81799 240.76300 240.78999 250.92900 -9999 -9999 -9999 -9999 224.82500 225.45300 227.30701 226.65800 229.69200 233.87601 236.83501 236.27000 239.13000 236.53300 238.56300 237.85899 238.88600 236.35699 237.19901 236.40100 236.16499 239.52699 237.80800 237.94600 238.52901 236.78101 242.58600 243.53300 246.22501 247.77600 244.23399 246.74899 244.77901 246.34300 246.24699 250.61600 252.38800 257.34201 255.69200 254.25700 253.07899 252.48599 260.41599 259.45099 250.66499 251.25999 252.21100 257.96100 258.35001 258.94101 254.88200 249.82001 247.25500 256.10999 250.79401 256.10999 -9999
-9999 -9999 -9999 251.12801 248.78999 248.24600 249.49899 250.75900 247.98199 244.09500 247.63901 250.30000 -9999 -9999 -9999 -9999 231.60500 228.14500 231.56100 231.41499 232.27100 237.35500 236.31900 237.60699 237.54300 238.07401 237.93100 236.82201 237.48599 232.60001 233.53200 236.81300 239.68600 240.42700 241.04601 242.45300 244.33000 245.70700 245.95300 247.62199 247.86301 249.05701 248.50101 249.72200 253.61600 251.70399 254.16400 257.20099 255.48300 255.77100 252.41499 254.77100 256.55801 252.73300 249.37300 251.14600 251.19400 246.36800 247.53500 254.60001 255.22000 254.73100 247.15800 234.60699 227.16100 245.21300 254.08400 253.23801 256.85599 256.08099
-9999 -9999 -9999 -9999 252.58701 250.88800 250.76199 248.95200 246.79300 252.35500 254.70500 -9999 -9999 -9999 -9999 237.35001 233.51199 235.99600 238.11800 236.25000 238.49899 240.76500 240.03600 236.55701 236.60001 241.16901 241.89700 240.94400 238.62199 239.15500 237.29700 243.42400 244.82401 244.47900 241.30499 243.47501 244.66600 246.76300 246.67999 248.30499 247.46300 248.53799 250.60001 252.30901 255.56400 255.20900 255.66901 258.64700 259.24200 258.87701 258.97101 260.97400 258.50299 257.46100 258.45901 261.18201 261.87299 251.86200 251.20900 256.39099 250.48700 244.90401 243.57401 244.73900 239.58800 245.54900 255.66000 258.08200 254.58000 256.55600
-9999 -9999 -9999 -9999 -9999 -9999 252.08099 252.11600 255.50200 255.81599 253.99600 -9999 -9999 -9999 -9999 -9999 241.06400 241.03500 241.91901 239.98599 239.48500 249.26199 239.94800 238.67200 239.66200 243.90300 245.31000 244.33701 245.04300 244.10699 242.48399 245.22200 247.82201 243.10899 244.54800 247.86400 245.98500 243.66100 247.67200 245.32100 245.67400 243.95399 245.36700 248.99800 250.72400 255.36501 257.34201 260.63300 260.62299 259.18900 260.59000 261.51300 262.46399 262.71500 262.07800 262.81400 261.00699 257.70499 255.44099 253.37601 247.92000 244.04100 242.17599 239.69800 235.46300 242.57600 253.78000 261.99500 260.10300 257.55399
-9999 -9999 -9999 -9999 -9999 -9999 -9999 -9999 -9999 -9999 -9999 -9999 -9999 -9999 -9999 -9999 -9999 -9999 -9999 242.26900 242.42101 248.57600 244.71800 243.99899 244.07300 244.85001 244.64600 250.02800 250.02699 246.05701 245.29401 248.68700 245.10500 245.44800 245.58800 246.81400 248.29401 246.10201 246.28101 243.32700 242.47200 244.36200 247.82001 249.32700 250.82600 254.72501 258.85501 261.56201 261.96701 259.92999 261.44601 264.34500 264.63800 267.59601 266.29901 265.18701 262.99600 262.17099 257.20001 254.72900 245.96001 246.39600 243.45300 238.45700 236.50600 250.24500 259.57101 264.68301 263.34100 255.55800
-9999 -9999 -9999 -9999 -9999 -9999 -9999 -9999 -9999 -9999 -9999 -9999 -9999 -9999 -9999 -9999 -9999 -9999 244.48100 242.92999 245.87399 248.06300 248.59500 250.24699 250.33299 249.49200 251.21800 249.80600 248.34399 247.33701 247.30400 246.49100 244.91400 246.17200 246.69701 248.59000 247.63600 248.38901 245.05099 243.27200 242.64700 244.94901 246.82700 247.67400 249.64000 251.56500 256.78799 261.39200 264.13400 263.30099 264.47601 264.92999 267.00900 266.85400 265.40302 267.69299 265.78900 256.99200 251.35899 254.52901 255.27000 255.65800 250.60600 247.67500 244.41701 255.85600 262.03400 265.81500 266.01599 263.58401
-9999 -9999 -9999 -9999 -9999 -9999 -9999 -9999 -9999 -9999 -9999 -9999 -9999 -9999 -9999 -9999 -9999 246.07800 245.38100 248.07001 247.90900 248.04500 248.69000 251.78000 253.01801 251.80901 253.16701 250.30000 245.84200 245.82201 245.90900 248.12100 246.73199 250.32600 251.18201 246.85201 244.07300 245.24699 246.40300 244.32300 244.10899 247.26601 247.08600 250.17300 251.98900 254.81400 257.64899 259.42801 264.56799 264.50201 267.34698 269.12799 267.94501 266.47198 266.93201 267.47299 264.23700 257.62701 254.03700 257.43600 263.86099 258.54199 245.34500 243.96600 255.49300 259.95401 261.47299 266.54199 266.94299 265.86401
-9999 -9999 -9999 -9999 -9999 -9999 -9999 -9999 -9999 -9999 -9999 -9999 -9999 -9999 -9999 -9999 -9999 245.49100 246.60300 243.54601 246.35201 248.85699 250.86501 253.47200 258.76401 255.96300 255.89700 252.59700 251.62399 248.88100 248.94200 250.24800 251.47600 254.79601 251.16901 248.53999 247.04500 245.90700 242.27100 243.57300 245.20700 248.73100 250.45100 253.54500 255.01199 262.65500 264.53101 258.91699 261.91101 266.81000 269.21500 269.62299 268.85199 269.00800 269.30301 267.53201 260.12900 259.44601 261.49600 263.53500 260.59601 255.08200 254.07300 252.53101 246.43100 252.83400 262.01700 258.70901 266.17401 267.82300
-9999 -9999 -9999 -9999 -9999 -9999 -9999 -9999 -9999 -9999 -9999 -9999 -9999 -9999 -9999 -9999 241.05200 240.74899 240.67300 242.61900 248.42799 253.76300 252.51300 257.63599 263.57999 257.71399 259.02600 260.20300 256.93900 251.93800 251.42200 253.89101 253.97400 257.98499 255.61900 253.24899 249.61800 246.18500 243.71300 247.58200 249.91701 251.34801 252.10500 256.74399 259.69299 264.63699 266.42801 259.20401 262.19000 268.29199 269.66400 270.48499 268.88300 270.24899 270.11600 269.23999 267.04199 264.35599 263.97400 262.05301 262.79999 260.78101 255.78600 247.96201 254.39700 258.02600 261.98599 265.06500 271.44501 270.67801
-9999 -9999 -9999 -9999 -9999 -9999 -9999 -9999 -9999 -9999 -9999 -9999 -9999 244.64500 241.21001 241.42200 239.55800 236.51900 240.21001 248.46001 250.73100 249.62300 253.75101 253.90601 253.83200 261.04700 260.35599 259.35699 258.59100 257.71399 256.92700 257.80099 257.14301 257.03601 254.94400 252.61400 251.74699 251.48500 249.30600 252.22000 254.36000 256.18301 259.14899 262.35800 263.16501 264.62201 265.66501 265.05600 266.00101 265.72000 266.35999 268.90100 268.61499 273.32101 274.02399 271.86200 270.45200 269.59299 269.01801 266.89499 265.33899 266.24600 264.53500 265.28799 269.82001 274.51401 274.84299 273.20300 272.71701 270.50400
-9999 -9999 -9999 -9999 -9999 -9999 -9999 -9999 -9999 -9999 -9999 -9999 246.59100 244.83800 242.64500 242.99300 242.36700 242.96100 242.65401 253.80499 250.74500 254.19800 256.31900 255.54300 255.88300 262.53000 262.04700 260.70801 259.19000 259.06900 259.71701 260.01501 259.45599 258.57501 258.21600 256.08600 253.97800 253.43600 251.51100 255.65900 256.56100 258.45099 260.81400 263.26999 264.64999 266.26801 266.84500 266.91800 265.86401 265.92401 266.47601 268.19601 269.22101 272.88400 274.77701 275.05600 272.77200 267.50900 264.84900 264.31299 264.57800 268.61200 269.20499 268.39499 272.68900 276.77499 276.57199 275.05801 273.45700 266.98999
-9999 -9999 -9999 -9999 -9999 -9999 -9999 -9999 -9999 -9999 -9999 238.23100 240.67500 239.78500 243.42500 247.67799 249.58000 250.24400 250.61099 251.01900 252.19299 258.31000 258.41000 256.86200 256.24200 257.08701 256.50000 260.78699 261.87299 261.46799 260.38199 259.76199 259.94400 259.57700 259.72699 255.40700 251.88800 251.28101 253.51500 257.07001 260.70001 261.69501 265.86301 266.12500 266.97101 267.00201 267.91699 267.41699 267.26501 267.31000 267.66199 263.19400 266.09900 267.35501 268.75299 270.15900 272.45499 268.63501 271.83499 273.43799 272.76199 277.11700 277.29800 277.32800 277.65701 278.17001 276.35001 275.92899 270.05499 263.14401
-9999 -9999 -9999 -9999 -9999 -9999 -9999 -9999 -9999 -9999 240.44501 239.55800 245.39799 242.87199 247.68401 251.20300 252.34000 252.16299 251.42599 252.13400 253.75101 259.61301 260.07001 258.03799 258.12299 258.86301 258.38901 263.84698 263.99200 261.61899 261.59100 261.24399 260.55600 260.60400 259.04501 254.83000 252.66701 252.86700 255.77299 260.20599 263.74500 266.78601 270.60400 268.07800 268.57001 268.82501 268.88599 268.70300 268.65500 268.75299 268.40201 263.09500 266.04001 266.46799 268.37000 269.79599 268.33099 269.02399 274.49399 275.34100 274.78000 277.65900 277.65799 277.84900 278.01401 277.70300 277.09698 275.23401 267.91800 259.06201
-9999 -9999 -9999 -9999 -9999 -9999 -9999 -9999 -9999 249.61600 249.42000 247.51401 247.43401 248.51601 250.00000 250.43900 251.54500 254.43900 256.35599 256.97501 258.53299 258.61899 258.90100 259.35800 258.98599 262.65601 263.94501 262.33099 261.46399 263.85800 265.52200 259.94199 259.02399 254.75999 252.04500 250.40401 249.47400 254.78400 257.17999 263.60101 267.23599 269.58499 272.93500 274.32599 274.62900 272.95200 273.70200 270.69800 270.98599 270.56601 269.42499 264.90601 262.76901 255.65500 255.56400 271.50900 273.00500 275.10101 275.84399 277.36401 276.82300 276.58099 276.69299 277.85599 277.42899 274.71201 273.19901 267.65100 262.59100 258.29599
-9999 -9999 -9999 -9999 -9999 -9999 -9999 -9999 -9999 -9999 251.15800 250.31799 250.35201 251.92300 255.85500 253.75200 253.36000 256.48001 256.99899 256.36700 255.59700 258.95801 259.83801 -9999 -9999 -9999 -9999 -9999 -9999 265.40399 265.73199 260.91699 260.05399 255.29201 251.88699 251.53500 251.75101 257.20099 260.73599 266.89801 270.02301 273.26001 274.88599 276.86600 276.60999 274.36700 274.34100 272.48599 271.82501 272.43201 270.67300 267.84500 263.37299 256.40900 255.92500 272.69101 276.22101 277.18500 276.92499 278.45499 278.54099 276.73901 276.39001 276.96399 269.76099 272.67599 268.87799 264.23300 252.39999 254.60001
-9999 -9999 -9999 -9999 -9999 -9999 -9999 -9999 -9999 -9999 -9999 -9999 253.60500 256.87201 257.31400 265.18399 263.50400 264.20599 263.08600 -9999 -9999 -9999 -9999 -9999 -9999 -9999 -9999 -9999 -9999 -9999 -9999 -9999 -9999 259.84500 254.27499 255.38300 256.34601 261.61899 266.68100 269.80499 271.46799 275.60400 275.97699 276.67499 276.52499 276.09299 275.81299 276.68799 276.32300 277.11801 275.01001 264.61801 263.33499 264.69800 265.46500 275.64099 275.70200 275.67001 277.40201 279.05600 279.20401 276.71201 274.54800 275.22800 274.09698 274.01801 268.02499 266.00101 262.39600 264.29401
-9999 -9999 -9999 -9999 -9999 -9999 -9999 -9999 -9999 -9999 -9999 -9999 -9999 -9999 -9999 -9999 -9999 -9999 -9999 -9999 -9999 -9999 -9999 -9999 -9999 -9999 -9999 -9999 -9999 -9999 -9999 -9999 -9999 -9999 258.38501 256.37299 263.15302 264.94699 269.74100 272.17200 273.70200 275.10501 275.90500 277.61899 277.88800 276.95200 276.80600 277.55600 277.07001 277.75500 275.84201 266.80899 265.09698 266.50601 266.61301 277.94601 276.83200 272.39099 274.60999 278.14301 278.96201 275.90399 278.35800 278.02399 277.55600 272.55899 267.47198 264.84500 259.96701 264.26401
