data/hydroclimate-scenarios/BCSD_hadcm_B1/monthly_summaries/olr_monthly_avg_jan.2070-2099.asc
ncols	311
nrows	91
xllcenter	102.75
yllcenter	31.75
cellsize	0.5
NODATA_value	-9999
[rows 0 to 30 of 91, columns 210 to 279 of 311]
-9999 -9999 -9999 -9999 -9999 -9999 -9999 -9999 -9999 -9999 -9999 -9999 -9999 -9999 -9999 -9999 -9999 -9999 -9999 -9999 -9999 -9999 -9999 -9999 -9999 -9999 -9999 -9999 -9999 -9999 -9999 -9999 -9999 -9999 -9999 -9999 -9999 -9999 -9999 -9999 -9999 -9999 -9999 -9999 -9999 -9999 -9999 -9999 -9999 -9999 -9999 -9999 -9999 -9999 -9999 -9999 -9999 -9999 -9999 -9999 -9999 -9999 -9999 -9999 -9999 -9999 -9999 -9999 -9999 -9999
-9999 -9999 -9999 -9999 -9999 -9999 -9999 -9999 -9999 -9999 -9999 -9999 -9999 -9999 -9999 -9999 -9999 -9999 -9999 -9999 -9999 -9999 -9999 -9999 -9999 -9999 -9999 -9999 -9999 -9999 -9999 -9999 -9999 -9999 -9999 -9999 -9999 -9999 -9999 -9999 -9999 -9999 -9999 -9999 -9999 -9999 -9999 -9999 -9999 -9999 -9999 -9999 -9999 -9999 -9999 -9999 -9999 -9999 -9999 -9999 -9999 -9999 -9999 -9999 -9999 -9999 -9999 -9999 -9999 -9999
-9999 -9999 -9999 -9999 -9999 -9999 -9999 -9999 -9999 -9999 -9999 -9999 -9999 -9999 -9999 -9999 -9999 -9999 -9999 -9999 -9999 -9999 -9999 -9999 -9999 -9999 -9999 -9999 -9999 -9999 -9999 -9999 -9999 -9999 -9999 -9999 -9999 -9999 -9999 -9999 -9999 -9999 -9999 -9999 -9999 -9999 -9999 -9999 -9999 -9999 -9999 -9999 -9999 -9999 -9999 -9999 -9999 -9999 -9999 -9999 -9999 -9999 -9999 -9999 -9999 -9999 -9999 -9999 -9999 -9999
-9999 -9999 -9999 -9999 -9999 -9999 -9999 -9999 -9999 -9999 -9999 -9999 -9999 -9999 -9999 -9999 -9999 -9999 -9999 -9999 -9999 -9999 -9999 -9999 -9999 -9999 -9999 -9999 -9999 -9999 -9999 -9999 -9999 -9999 -9999 -9999 -9999 -9999 -9999 -9999 -9999 -9999 -9999 -9999 -9999 -9999 -9999 -9999 -9999 -9999 -9999 -9999 -9999 -9999 -9999 -9999 -9999 -9999 -9999 -9999 -9999 -9999 -9999 -9999 -9999 -9999 -9999 -9999 -9999 -9999
-9999 -9999 -9999 -9999 -9999 -9999 -9999 -9999 -9999 -9999 -9999 -9999 -9999 -9999 -9999 -9999 -9999 -9999 -9999 -9999 -9999 -9999 -9999 -9999 -9999 -9999 -9999 -9999 -9999 -9999 -9999 -9999 -9999 -9999 -9999 -9999 -9999 -9999 -9999 -9999 -9999 -9999 -9999 -9999 -9999 -9999 -9999 -9999 -9999 -9999 -9999 -9999 -9999 -9999 -9999 -9999 -9999 -9999 -9999 -9999 -9999 -9999 -9999 -9999 -9999 -9999 -9999 -9999 -9999 -9999
-9999 -9999 -9999 -9999 -9999 -9999 -9999 -9999 -9999 -9999 -9999 -9999 -9999 -9999 -9999 -9999 -9999 -9999 -9999 -9999 -9999 -9999 -9999 -9999 -9999 -9999 -9999 -9999 -9999 -9999 -9999 -9999 -9999 -9999 -9999 -9999 -9999 -9999 -9999 -9999 -9999 -9999 -9999 -9999 -9999 -9999 -9999 -9999 -9999 -9999 -9999 -9999 -9999 -9999 -9999 -9999 -9999 -9999 -9999 -9999 -9999 -9999 -9999 -9999 -9999 -9999 -9999 -9999 -9999 -9999
-9999 -9999 -9999 -9999 -9999 -9999 -9999 -9999 -9999 -9999 -9999 -9999 -9999 -9999 -9999 -9999 -9999 -9999 -9999 -9999 -9999 -9999 -9999 -9999 -9999 -9999 -9999 -9999 -9999 -9999 -9999 -9999 -9999 -9999 -9999 -9999 -9999 -9999 -9999 -9999 -9999 -9999 -9999 -9999 -9999 -9999 -9999 -9999 -9999 -9999 -9999 -9999 -9999 -9999 -9999 -9999 -9999 -9999 -9999 -9999 -9999 -9999 -9999 -9999 -9999 -9999 -9999 -9999 -9999 -9999
-9999 -9999 -9999 -9999 -9999 -9999 -9999 -9999 -9999 -9999 -9999 -9999 -9999 -9999 -9999 -9999 -9999 -9999 -9999 -9999 -9999 -9999 -9999 -9999 -9999 -9999 -9999 -9999 -9999 -9999 -9999 -9999 -9999 -9999 -9999 -9999 -9999 -9999 -9999 -9999 -9999 -9999 -9999 -9999 -9999 -9999 -9999 -9999 -9999 -9999 -9999 -9999 -9999 -9999 -9999 -9999 -9999 -9999 -9999 -9999 -9999 -9999 -9999 -9999 -9999 -9999 -9999 -9999 -9999 -9999
-9999 -9999 -9999 -9999 -9999 -9999 -9999 -9999 -9999 -9999 -9999 -9999 -9999 -9999 -9999 -9999 -9999 -9999 -9999 -9999 -9999 -9999 -9999 -9999 -9999 -9999 -9999 -9999 -9999 -9999 -9999 -9999 -9999 -9999 -9999 -9999 -9999 -9999 -9999 -9999 -9999 -9999 -9999 -9999 -9999 -9999 -9999 -9999 -9999 -9999 -9999 -9999 -9999 -9999 -9999 -9999 -9999 -9999 -9999 -9999 -9999 -9999 -9999 -9999 -9999 -9999 -9999 -9999 -9999 -9999
-9999 -9999 -9999 -9999 -9999 -9999 -9999 -9999 -9999 -9999 -9999 -9999 -9999 -9999 -9999 -9999 -9999 -9999 -9999 -9999 -9999 -9999 -9999 -9999 -9999 -9999 -9999 -9999 -9999 -9999 -9999 -9999 -9999 -9999 -9999 -9999 -9999 -9999 -9999 -9999 -9999 -9999 -9999 -9999 -9999 -9999 -9999 -9999 -9999 -9999 -9999 -9999 -9999 -9999 -9999 -9999 -9999 -9999 -9999 -9999 -9999 -9999 -9999 -9999 -9999 -9999 -9999 -9999 -9999 -9999
-9999 -9999 -9999 -9999 -9999 -9999 -9999 -9999 -9999 -9999 -9999 -9999 -9999 -9999 -9999 -9999 -9999 -9999 -9999 -9999 -9999 -9999 -9999 -9999 -9999 -9999 -9999 -9999 -9999 -9999 -9999 -9999 -9999 -9999 -9999 -9999 -9999 -9999 -9999 -9999 -9999 -9999 -9999 -9999 -9999 -9999 -9999 -9999 -9999 -9999 -9999 -9999 -9999 -9999 -9999 -9999 -9999 -9999 -9999 -9999 -9999 -9999 -9999 -9999 -9999 -9999 -9999 -9999 -9999 -9999
-9999 -9999 -9999 -9999 -9999 -9999 -9999 -9999 -9999 -9999 -9999 -9999 -9999 -9999 -9999 -9999 -9999 -9999 -9999 -9999 -9999 -9999 -9999 -9999 -9999 -9999 -9999 -9999 -9999 -9999 -9999 -9999 -9999 -9999 -9999 -9999 -9999 -9999 -9999 -9999 -9999 -9999 -9999 -9999 -9999 -9999 -9999 -9999 -9999 -9999 -9999 -9999 -9999 -9999 -9999 -9999 -9999 -9999 -9999 -9999 -9999 -9999 -9999 -9999 -9999 -9999 -9999 -9999 -9999 -9999
-9999 -9999 -9999 -9999 -9999 -9999 -9999 -9999 -9999 -9999 -9999 -9999 -9999 -9999 -9999 -9999 -9999 -9999 -9999 -9999 -9999 -9999 -9999 -9999 -9999 -9999 -9999 -9999 -9999 -9999 -9999 -9999 -9999 -9999 -9999 -9999 -9999 -9999 -9999 -9999 -9999 -9999 -9999 -9999 -9999 -9999 -9999 -9999 -9999 -9999 -9999 -9999 -9999 -9999 -9999 -9999 -9999 -9999 -9999 -9999 -9999 -9999 -9999 -9999 -9999 -9999 -9999 -9999 -9999 -9999
182.57100 179.33200 179.31900 178.22701 178.49100 178.64799 179.24600 178.66901 179.44400 -9999 -9999 -9999 -9999 -9999 -9999 -9999 -9999 -9999 -9999 -9999 -9999 -9999 -9999 -9999 -9999 -9999 -9999 -9999 -9999 -9999 -9999 -9999 -9999 -9999 -9999 -9999 -9999 -9999 -9999 -9999 -9999 -9999 -9999 -9999 -9999 -9999 -9999 -9999 -9999 -9999 174.01300 -9999 -9999 -9999 -9999 -9999 -9999 -9999 -9999 -9999 -9999 -9999 -9999 -9999 -9999 -9999 -9999 -9999 -9999 -9999
179.79100 178.56500 178.58400 176.44501 177.69701 175.86099 176.95799 177.98100 179.14400 191.33900 192.62500 194.18900 196.17400 197.82800 198.11700 197.64900 195.95100 194.23700 193.43600 193.16701 193.12399 199.50600 -9999 -9999 -9999 -9999 -9999 -9999 -9999 -9999 -9999 -9999 -9999 -9999 -9999 -9999 -9999 -9999 -9999 -9999 -9999 -9999 -9999 -9999 -9999 171.32500 174.28900 173.35600 167.32899 166.37801 170.64101 172.64700 -9999 -9999 -9999 176.50301 -9999 -9999 -9999 175.92000 176.26601 179.43300 -9999 -9999 -9999 -9999 -9999 -9999 -9999 -9999
181.22800 179.56900 179.38100 176.93401 177.50700 177.36200 178.83200 179.52699 180.50200 181.96600 184.13000 185.05800 184.87900 184.49400 182.63300 182.05901 180.23599 178.34599 180.08600 180.50700 179.91600 176.76100 175.57401 176.19501 175.99899 177.60201 180.76900 180.41499 -9999 -9999 -9999 -9999 -9999 176.69501 175.67500 175.01601 175.81799 176.23801 177.29201 177.51401 176.82800 174.89000 173.93800 174.92000 174.48199 169.20300 169.43201 165.69099 169.54700 164.94501 167.59300 171.73801 172.05701 173.34599 173.35699 174.82300 175.51700 175.07001 174.45799 174.42000 173.74800 174.51900 175.79201 175.99300 176.33600 173.45000 173.14101 -9999 -9999 -9999
182.85500 183.17999 184.64600 183.81100 185.72200 187.75000 188.15800 190.61800 184.48500 185.07201 182.75800 183.14101 183.00600 180.89999 179.78000 178.80400 178.11900 179.03999 180.05400 180.34599 180.84700 176.81700 176.98500 175.66701 174.87900 176.58800 175.07300 178.98900 178.95300 179.90700 179.65700 178.68800 177.36400 176.54900 175.53200 175.30600 175.14301 173.34100 174.76601 174.60500 173.71001 173.27901 172.71001 173.40700 173.03200 175.17200 174.53500 173.91000 174.02200 171.42200 171.00700 171.26601 171.42200 171.95399 172.72099 173.63800 173.52400 173.89600 173.69000 175.56000 175.94600 176.98801 177.23599 175.13000 174.10300 172.18900 169.85400 170.14799 169.53999 169.63000
187.75600 187.53999 187.27000 180.39301 180.39400 181.13300 180.78799 180.97800 178.95000 180.25900 178.92799 179.32100 176.91499 174.00600 172.96400 179.17400 182.67599 183.70000 182.71500 183.37601 181.50101 179.33600 178.61400 177.14400 189.27901 184.34500 182.96300 179.46201 177.68401 176.24699 174.24100 172.68201 172.08800 172.48000 173.91600 173.90601 173.77901 171.81900 172.21300 172.39799 172.63200 172.74200 172.42500 172.06100 171.52100 173.74100 173.55200 173.21700 172.90401 170.41400 170.27499 170.72200 170.97099 171.77400 172.38800 172.91200 173.05000 172.41499 173.19000 174.63699 174.65500 175.75301 176.05701 173.13200 172.74400 170.32401 169.30901 169.70399 169.40401 168.60300
179.68700 178.63400 178.03600 180.17900 182.17599 181.13300 179.27400 178.88300 178.50301 177.59200 177.98300 177.67599 174.06700 175.87500 180.23700 186.27699 184.78900 186.62199 185.53600 187.37601 179.24500 178.74500 177.46001 184.58600 184.19800 182.83900 182.75999 180.13600 177.73399 174.25200 170.65700 169.85201 168.64500 170.85300 172.66299 171.06200 171.58900 171.51900 172.46001 172.02200 172.30701 173.25200 172.80000 171.51199 170.99400 171.21500 170.67101 170.33600 170.44000 169.60699 169.53900 170.76199 171.13499 171.17400 170.48801 171.35001 171.68500 172.54900 173.09700 173.50900 173.43700 172.50500 172.72099 173.16000 172.43600 170.83400 170.39301 170.92300 169.72501 168.62700
178.20200 179.19600 178.14301 177.47099 176.96899 178.48100 179.50800 185.08900 185.45500 184.40401 183.99300 180.84300 178.73500 178.22900 177.92300 177.22099 173.98900 175.21400 177.15199 179.35201 181.20900 187.87199 186.60899 184.30701 184.50400 180.18700 178.53600 176.59200 176.09399 174.54300 173.28101 172.00101 167.97900 170.32401 170.42400 169.73500 170.48900 170.40500 171.47800 171.50301 171.80000 171.94901 171.82300 170.95500 170.26300 169.68100 169.04700 169.80099 169.66000 169.49400 169.74100 170.05499 170.86099 171.36099 170.94800 171.20900 171.06000 172.06000 172.41701 172.67300 172.81000 171.93201 171.55800 171.70799 170.99800 170.79201 170.09500 170.25600 169.57100 168.23700
179.14500 184.47800 184.65900 181.75999 179.35001 182.03900 187.43800 189.17599 188.50500 183.32100 177.58900 172.36800 171.52901 170.48000 169.99699 169.11501 164.18800 162.38600 166.23599 173.62000 176.66299 184.44901 182.37100 177.14000 174.31900 173.20399 171.34900 172.11900 172.81100 172.92500 172.37500 170.40401 167.88200 165.48399 167.86900 170.09399 170.96400 170.34700 170.79500 171.91299 171.71800 171.23700 170.75200 170.73801 170.36900 169.92900 168.35699 167.96800 168.60500 169.21500 169.98199 170.16901 170.68300 170.91299 171.01700 171.54100 171.29800 171.84801 172.48399 171.89900 171.85600 171.89799 172.02800 172.19400 172.25500 171.70500 170.94701 169.27100 168.70300 168.39700
184.57401 187.07300 185.24300 180.31500 178.40500 179.21800 180.31799 179.94000 178.77600 176.66800 174.90601 173.44400 175.94600 177.64900 178.28500 177.05800 172.81900 173.37500 178.31300 182.94501 182.25800 186.47301 183.78400 176.42700 171.98100 168.73801 168.72301 171.18201 171.30000 171.67300 170.55400 168.56799 167.48100 164.37100 165.69099 168.35300 170.01401 169.98199 169.92700 170.69501 171.36099 170.36400 170.99300 170.08501 169.97301 169.29601 169.07800 167.76500 168.76601 169.89000 170.66100 171.11200 170.85800 171.21500 171.71700 172.24200 171.84300 172.50301 173.00301 172.10100 171.89101 171.41600 171.70799 172.99400 172.33099 172.36301 171.06300 169.46201 169.70300 168.15401
188.91200 188.48399 186.28400 183.29201 178.45100 175.63300 174.49300 179.25400 187.70300 191.68900 192.36301 192.82001 193.24100 191.29201 202.76700 194.86501 184.22200 184.53500 189.63699 197.84801 195.64200 184.97000 183.01700 175.83400 170.56900 168.08200 167.48100 165.89400 178.86301 170.87100 169.83299 165.57500 165.58000 168.00600 168.59000 167.50900 166.97900 167.83900 168.56900 169.45900 169.33000 169.13200 169.25500 170.86099 171.64400 173.13600 172.91800 171.28600 171.72900 171.69800 171.72301 171.93201 171.96899 171.57300 171.54700 172.45500 171.99800 171.68900 171.10400 170.16299 170.28999 170.81200 171.16200 169.74001 170.03400 168.97800 168.39200 167.48700 167.09599 166.38300
189.85500 191.48399 188.18700 190.54500 193.18100 191.78400 187.80701 190.09900 195.27200 198.02699 199.15800 197.75000 192.50999 194.62300 195.04300 194.88600 189.88699 190.31200 190.64400 196.24800 194.83900 184.50600 181.17799 174.63100 169.62801 168.08900 167.29300 165.35300 175.22600 168.28000 167.37000 162.39900 162.63400 165.65700 167.05000 165.60300 164.84100 164.30200 164.03999 164.84500 165.74300 165.34399 166.21001 167.53999 167.79500 169.97501 171.29700 170.60001 171.07401 173.35600 174.21700 174.15401 173.51100 173.44299 173.13800 172.91499 172.09500 171.74001 170.66901 170.25900 171.55400 171.15601 169.08099 167.92200 168.19501 167.80600 167.19701 166.61700 166.10600 166.45900
195.90900 197.31100 195.50999 192.00400 190.88699 188.37900 189.46800 191.18100 191.66299 187.73199 186.76500 192.98900 190.66701 194.15300 196.33900 198.51199 198.49100 197.77600 193.61900 188.18900 187.65900 179.25000 180.09801 178.06100 169.39301 167.36000 165.16901 163.73100 162.40401 159.88499 162.21300 160.38600 160.50200 161.38200 161.77100 162.88800 163.12000 161.76199 162.34900 164.51700 164.08501 164.61700 165.58600 168.36099 168.84000 170.66701 170.93500 171.08600 172.25900 170.17700 171.24899 173.73399 175.29800 175.04601 174.48900 173.74001 172.27600 171.49400 171.12199 170.21899 170.12000 170.31900 170.36501 169.15601 167.97200 167.50200 167.49300 167.90900 168.63100 167.58501
197.72400 203.38699 200.21700 196.79300 198.03999 195.13699 195.31799 195.92300 196.23100 196.49699 198.26199 197.21500 191.88699 201.87900 203.38699 193.64200 195.16400 195.18201 191.77499 183.56000 175.96300 177.41901 175.41800 175.00700 175.00000 169.52600 180.81599 177.22900 163.09900 160.86501 160.22501 161.33600 162.25000 164.25600 165.03300 165.46500 166.20599 164.58099 164.81000 167.57100 167.17300 166.91400 167.18500 169.96600 170.42101 172.43500 172.98599 173.78400 174.13000 171.54800 172.47400 173.60001 174.53600 174.96800 174.94000 174.42999 171.80200 170.41800 170.00800 169.48399 169.69701 169.89200 169.75301 168.76100 168.45700 168.39500 168.28900 168.34900 167.74300 167.35100
194.91000 198.12900 200.18600 203.42101 207.62000 204.05800 202.06200 201.03700 197.49500 194.32401 190.08501 190.02000 190.59500 193.51601 190.99001 182.40700 180.39000 186.92599 193.26700 189.76199 183.24600 181.15700 174.10400 174.91100 174.23900 172.94200 171.66100 169.47301 168.23399 167.56599 165.59100 166.94400 168.71001 169.11501 169.27600 172.25600 171.63200 172.67400 172.21800 171.20900 171.56200 169.91000 169.80701 173.58701 174.45500 174.01199 175.00000 175.10699 176.76700 174.10400 173.40800 173.52499 174.96899 176.10400 176.29900 174.57201 174.22800 170.58900 169.47701 168.63499 169.13699 169.76700 169.52901 170.11900 169.33000 169.41100 169.63400 168.79900 169.14500 167.08299
200.61900 207.75101 204.59700 200.44000 203.73399 200.07500 195.19200 198.62100 196.43500 194.66299 192.66800 192.62000 193.52100 194.26100 189.04100 186.16499 183.39700 182.47800 176.85899 177.76100 180.14600 181.91499 180.07899 176.08400 176.08099 174.13800 173.24500 170.00500 167.89500 166.87300 166.59801 168.24899 170.45300 170.34700 171.03101 174.30000 174.68900 172.54100 172.28700 174.36501 174.60201 172.37000 172.31000 176.14101 176.55000 176.32800 178.12801 178.26900 179.01700 174.79500 174.50000 175.54900 175.67500 176.64101 176.11800 174.18800 173.97099 171.72301 169.56000 169.46500 169.28300 170.15199 170.58000 169.87399 169.75999 170.40900 171.24699 170.85001 170.55299 168.11400
201.74699 201.33600 198.55200 202.69299 213.78101 204.48801 195.82700 197.78400 195.24200 191.69099 189.26300 190.40601 189.54100 192.75800 192.96400 190.71899 192.77100 191.09500 190.33299 185.24001 175.98599 185.79100 184.03101 181.64200 177.90300 179.22800 176.90700 171.56599 168.81000 168.41499 168.88400 170.59900 173.53101 177.07800 177.98700 179.67400 177.44400 174.98801 175.96899 177.39900 176.61200 175.63200 176.88300 178.32300 179.35100 178.57700 180.24001 179.85300 180.87300 177.42700 175.91800 175.40800 174.96700 176.50700 176.25200 176.06799 175.77499 172.45000 172.78400 171.26199 170.72501 172.06799 171.46201 171.82600 172.15300 172.09000 171.94299 171.62601 170.71600 170.02100
212.51199 221.05800 219.57001 220.57001 219.06400 206.27600 200.04800 194.71600 194.79401 191.00500 185.94400 184.12601 185.60201 191.09801 190.53000 193.91200 188.51199 184.12500 186.41901 183.54700 185.61700 182.34801 181.93201 183.98300 182.34700 184.83600 179.63800 175.09000 172.86200 170.63901 169.98500 173.00600 176.51300 179.27901 179.56700 181.99001 179.34801 177.98500 176.94701 180.41100 179.39500 178.91499 179.62300 181.86200 182.11600 181.70900 181.13800 182.34801 182.73801 180.12100 179.32300 176.48900 176.43800 178.06400 178.53600 177.69099 177.30600 174.81799 175.46800 173.70000 173.25700 173.25900 172.68500 172.73599 171.53799 171.14301 171.31100 171.38800 172.14200 172.35500
210.28200 223.49699 218.51199 215.33000 210.00101 217.55499 218.47000 209.38300 202.64900 200.14200 192.52600 191.93700 193.97000 190.59500 187.42900 189.73300 191.29601 185.70900 181.57001 182.07899 184.33701 181.93300 183.46300 183.67700 183.09300 181.69299 177.97501 172.77901 171.23801 171.87199 173.26700 174.78300 177.49600 179.03900 181.04401 183.03200 180.64101 180.14700 179.25200 179.25999 179.37700 179.63499 181.10899 181.24001 181.69299 183.45700 183.38400 185.17900 187.32600 184.36000 183.58200 182.88901 184.09700 183.24200 182.40700 180.61400 180.14900 178.56000 178.81799 177.43800 175.61099 176.18201 175.33501 175.88499 176.37801 176.15100 176.41901 175.86501 175.80800 175.42500
