data/hydroclimate-scenarios/BCSD_hadcm_B1/monthly_summaries/olr_monthly_avg_may.2070-2099.asc
ncols	311
nrows	91
xllcenter	102.75
yllcenter	31.75
cellsize	0.5
NODATA_value	-9999
[rows 31 to 61 of 91, columns 0 to 69 of 311]
-9999 -9999 -9999 -9999 -9999 -9999 -9999 -9999 -9999 -9999 -9999 281.53000 281.51801 280.74701 281.27499 277.47699 276.26599 276.72000 276.37201 275.34900 276.45901 275.97699 276.78101 278.34799 278.94400 279.43900 278.80499 278.24301 279.74399 280.24100 280.47699 280.72101 280.84698 280.76099 279.57300 281.32300 282.19199 279.43500 276.88300 277.26099 277.94199 276.39499 276.03799 276.84000 277.31299 278.51700 279.14899 281.50900 282.83600 283.47699 283.08600 284.26401 284.43900 282.60599 282.17001 280.37701 279.73901 279.22299 279.18799 279.60901 279.65100 280.21100 279.92801 280.94400 280.40500 280.44699 276.81500 273.69501 265.70300 258.53601
-9999 -9999 -9999 -9999 -9999 -9999 -9999 -9999 -9999 -9999 -9999 281.52899 281.07401 280.17899 279.35901 277.98801 277.80701 277.55499 276.95599 277.01801 276.42001 278.19400 280.95001 279.79501 280.94601 281.30701 280.35800 280.17700 280.45901 281.30899 279.78900 281.04999 281.53500 281.29401 279.85001 283.44901 283.61700 284.20700 282.80099 280.53000 280.05701 281.17899 280.91101 280.85199 280.45401 280.16299 279.87900 279.16199 279.03201 279.39099 279.49799 280.32001 280.14401 278.38199 279.85300 279.39700 279.41299 280.91400 281.30200 279.92899 280.62799 280.36899 281.33701 282.76599 283.32300 284.66299 280.61401 275.03500 268.78500 263.28299
-9999 -9999 -9999 -9999 -9999 -9999 -9999 -9999 -9999 -9999 -9999 282.46899 281.10501 280.33701 278.82800 279.31699 278.89200 279.12100 280.28900 279.87799 279.77802 280.81400 281.92999 280.66501 279.20901 277.84201 276.97601 277.63800 280.23401 283.61499 281.67401 281.86801 281.92899 282.48700 282.81900 284.72501 284.33701 283.95200 283.69800 276.72400 280.76001 277.46399 279.85800 281.08801 279.64301 278.59100 277.96701 278.37100 278.37601 278.39899 278.04501 280.51801 281.21600 280.84299 283.08301 281.15100 280.79700 280.98099 281.34201 280.76401 280.79800 280.94800 283.60800 285.13000 283.71100 281.65100 279.75699 275.27200 271.28601 266.36801
-9999 -9999 -9999 -9999 -9999 -9999 -9999 -9999 -9999 -9999 -9999 -9999 282.96100 282.58801 281.44101 280.76801 281.04401 281.65900 282.08801 283.69901 283.11600 281.99399 279.27200 277.81400 276.48001 269.73999 271.27899 270.50800 276.71399 279.20801 280.57101 284.28900 284.22400 283.92899 283.10400 283.04099 282.94101 283.90900 282.82800 280.52200 280.55499 280.30301 280.25601 283.84399 283.28799 281.54501 283.07300 281.87601 281.49600 280.64001 281.10300 280.59399 280.40799 281.08401 279.87701 280.50000 280.82999 281.57501 280.81299 282.61401 282.56100 284.13199 282.10999 281.13599 281.35901 279.56000 278.93500 274.10199 265.11499 262.21799
-9999 -9999 -9999 -9999 -9999 -9999 -9999 -9999 -9999 -9999 -9999 -9999 283.94000 284.20801 283.09100 282.40701 284.26901 284.40799 283.74100 283.61899 283.35199 275.56601 273.30801 271.08200 267.42899 270.09201 272.44601 268.21701 273.84601 274.35501 274.96201 276.96100 283.37500 284.34399 284.00699 284.20599 283.16199 284.77701 285.19199 282.67001 282.17599 279.98999 280.75400 283.80600 285.92401 285.97299 286.92200 283.35001 283.06400 279.04999 278.44299 280.63199 280.55200 280.74799 282.25800 282.39200 282.82501 283.20700 283.20300 283.32800 282.63501 278.47299 277.88199 276.74200 278.10699 280.27301 276.25500 274.78101 269.99399 268.28699
-9999 -9999 -9999 -9999 -9999 -9999 -9999 -9999 -9999 -9999 -9999 -9999 283.46201 285.50201 285.22198 284.69400 284.43701 283.69901 281.72299 279.17200 277.89600 274.42401 273.21701 270.11401 269.97299 268.46500 271.48001 275.70200 274.28000 277.98001 279.87000 282.84100 281.97800 281.17499 285.25299 286.44400 286.60901 285.83099 286.85999 285.90701 280.62100 276.88400 280.54901 283.81500 285.06299 284.57599 283.70300 278.64200 279.62601 282.54999 282.24899 282.83401 284.50299 283.80600 285.29800 284.75201 284.54401 283.90302 282.57101 281.39001 281.11600 277.19901 278.39999 280.32101 277.93201 276.55701 274.33899 274.02499 268.97400 269.81100
-9999 -9999 -9999 285.15900 284.83401 284.33701 285.05499 285.72198 284.20901 -9999 284.42499 284.62299 286.63400 287.10001 286.34698 285.05200 283.69199 283.57501 279.10400 277.15100 277.54099 277.00699 274.90399 273.87900 272.76700 273.10300 275.73300 271.48099 272.70999 267.71399 275.09100 280.60400 277.83099 272.10001 279.10400 281.45099 280.14200 280.91101 282.75699 285.53299 285.10101 280.06201 281.96799 284.29501 282.10501 279.26300 274.36801 279.16599 278.77701 278.60800 277.40100 277.38800 275.88101 271.45901 274.60800 268.82700 266.84698 279.02899 273.99799 279.34698 281.39899 278.15799 278.04599 276.13901 277.55099 276.99399 273.29001 271.98300 271.60101 270.41101
-9999 -9999 -9999 287.23599 286.54099 286.64099 285.28601 285.06000 285.48401 285.04401 287.66400 288.94000 287.18399 285.21701 282.44400 279.47299 277.66000 277.44901 276.01401 275.88599 277.47000 273.63501 277.07101 278.28400 274.89200 275.67099 273.48300 273.41800 270.20200 265.92999 272.36600 271.60300 273.05301 269.88400 272.61099 273.54501 274.44901 270.83899 279.54901 274.63699 274.53101 280.05099 282.85199 279.41199 276.63000 271.73700 272.08099 280.82800 275.60400 273.43799 271.82199 273.49899 270.33200 269.79199 276.50299 272.40701 276.72501 276.51700 272.48700 274.14600 276.58801 275.74399 274.60300 274.23300 273.54401 276.94501 275.11301 277.75201 274.90500 272.53601
-9999 -9999 -9999 289.06500 287.63000 286.42999 285.68900 286.26501 288.12100 288.87000 288.57800 288.32001 284.86401 279.47601 272.94400 276.30600 273.54599 274.21399 276.96301 277.15302 275.48999 271.82401 274.54599 271.53699 267.33301 271.69501 271.68701 271.84399 273.02100 264.46500 258.23199 262.02802 269.29800 270.32300 268.45599 270.48499 273.34299 275.29501 277.20499 274.41299 274.24899 277.33401 281.14401 281.70300 283.66800 278.59299 277.68100 276.28699 275.95801 270.56000 267.96799 275.60800 274.29599 273.89499 276.30899 276.06500 277.88101 279.00699 274.52200 274.09900 278.18100 278.65500 279.95499 273.83701 275.52200 275.19901 273.87000 272.42599 265.55399 265.26700
-9999 -9999 -9999 289.10199 291.46201 287.17001 288.95499 285.87000 285.43701 285.06000 286.86600 287.89700 279.98599 276.43900 273.68399 273.63101 270.36099 269.48999 270.52100 273.13599 268.54901 263.80399 259.13501 263.32599 265.99799 269.50500 272.42801 272.28900 263.10001 256.94199 260.88000 273.61499 267.66699 259.99600 260.76199 265.10999 272.04800 278.91800 275.09799 277.26401 276.34201 271.95001 269.89600 275.17700 285.19101 278.30801 274.44199 279.43201 272.58600 275.25299 269.58401 274.47501 273.30099 270.52301 274.42700 275.79700 276.87799 273.56299 272.10400 273.39099 268.53601 275.39099 276.81400 275.78101 274.39999 275.75500 273.16299 270.29001 262.24500 261.88901
-9999 -9999 -9999 290.36301 292.67099 285.94199 286.00299 285.41199 282.91901 284.70001 288.59601 284.00201 277.53500 272.71500 267.11099 269.02100 265.87900 269.05600 274.72400 277.80301 271.25201 266.43600 262.45901 269.85599 272.47299 274.78500 279.08401 274.63800 267.28500 261.02100 260.35599 264.09601 261.83600 264.69299 266.82300 267.92499 268.76901 275.20200 277.94101 277.71600 274.63400 272.79901 271.41000 272.85901 278.59299 278.65201 278.84201 278.45300 276.54999 275.25900 274.04199 279.75201 275.61200 269.42899 277.06699 270.42401 277.47601 277.11899 274.37601 268.47601 270.63501 272.51700 274.22198 268.32300 268.08099 273.98300 270.97000 265.63300 262.19601 269.76300
-9999 -9999 -9999 -9999 285.16501 282.83801 284.79800 280.60400 280.37100 282.12500 288.18100 284.71899 269.13300 276.65701 -9999 -9999 -9999 -9999 -9999 262.39499 261.61099 264.64499 261.32300 256.98700 261.78201 266.57599 276.16199 271.91501 268.48099 270.64600 267.83200 267.31400 265.54501 269.96201 276.08099 277.57901 275.31201 279.21600 278.60699 279.17300 281.20001 280.23700 277.99399 276.34000 278.63199 280.38901 279.46701 274.39301 277.61801 281.02802 276.96301 276.01001 279.42001 271.63901 270.38901 266.42300 264.98700 266.42801 266.98001 270.79199 267.95099 266.47000 268.21701 269.36700 269.76999 267.64499 269.65201 274.34100 277.40900 -9999
-9999 -9999 289.03299 286.44000 283.97000 284.95599 283.86099 277.76901 282.43900 283.27899 287.29401 282.60001 270.07300 -9999 -9999 -9999 -9999 -9999 255.52800 262.43799 262.10699 267.88000 269.02701 264.09900 265.49100 267.17999 276.92899 277.06699 275.89600 276.34698 273.39999 272.58600 273.33401 272.47400 275.38101 279.87900 277.55600 279.21301 278.89499 280.80301 279.30301 280.83701 279.87299 282.80399 285.68500 285.10901 284.04401 284.41901 288.17300 291.87701 289.61600 287.63400 284.47501 286.18600 279.60400 282.31699 276.65500 269.94400 269.68301 278.21100 277.19800 276.47400 276.94800 273.53799 276.22198 276.97900 279.50201 -9999 -9999 -9999
-9999 -9999 289.63901 288.09299 287.05899 285.13901 285.65399 279.87701 282.06900 284.46201 282.06601 280.26401 280.99799 -9999 -9999 -9999 -9999 272.33200 260.20499 268.01501 266.44199 268.41299 268.48001 270.47400 275.20001 278.95499 278.07199 277.15399 277.87601 279.55600 277.09698 272.58401 276.43600 278.67599 277.77301 278.39801 280.17300 280.32501 276.34399 273.85901 278.31299 277.05499 277.39600 280.76700 280.20099 285.31000 288.76300 284.89700 294.71600 292.49899 293.34201 294.68500 294.15302 292.04001 290.67999 296.67801 292.23901 279.28500 275.99500 281.71100 283.29599 277.17499 280.99100 286.85501 290.19501 -9999 -9999 -9999 -9999 -9999
-9999 -9999 292.25800 286.74799 286.54099 284.50900 285.53201 283.68201 283.24301 282.92801 278.75800 278.58600 289.27802 -9999 -9999 -9999 -9999 264.61700 265.48300 268.54401 268.08701 272.62399 276.19800 278.20599 277.27701 278.84299 275.60901 279.14801 278.18900 278.97101 276.22900 276.84399 275.86200 275.56699 279.32700 277.10199 277.00699 275.97198 274.77701 279.04001 279.78400 283.76901 285.29599 281.79999 284.40799 283.26901 284.90900 283.67099 288.85501 290.84500 297.00900 294.91101 294.22501 292.26501 291.42099 300.84399 299.65399 288.80899 289.10800 289.99301 296.26001 296.64801 295.81799 289.53000 283.20999 278.87900 287.61200 279.87201 284.19901 -9999
-9999 -9999 -9999 290.21399 287.33099 286.19800 288.27100 288.78000 285.72601 281.85999 286.22299 287.94199 -9999 -9999 -9999 -9999 269.61200 267.04501 271.41901 273.62201 274.96201 279.62000 278.27100 277.43399 276.46100 277.60599 277.22198 275.59299 277.20901 271.18399 271.82501 276.33499 279.74500 279.14301 279.66800 280.39099 282.54001 283.32599 283.95401 284.71899 284.55899 286.86801 286.38400 288.13000 292.38199 289.99701 292.64499 296.19901 294.49899 295.07101 290.56299 293.35800 295.43799 291.65900 286.84900 288.47601 289.22900 283.83200 284.94000 291.80301 293.17700 292.21799 282.99301 267.81500 258.54700 276.75201 285.73801 283.67700 286.36200 282.97101
-9999 -9999 -9999 -9999 291.76700 289.45300 289.75601 286.53900 284.03699 291.01700 293.42599 -9999 -9999 -9999 -9999 274.28101 270.41800 274.51300 277.54199 277.64600 280.26501 282.15500 280.80099 275.16199 275.54901 280.43600 281.72800 280.95099 278.27399 278.02802 275.72601 283.34601 284.87900 282.98099 279.56500 281.23001 282.52301 284.55801 284.19901 284.59201 283.50800 286.13000 288.04001 290.53699 294.59100 293.44101 294.54901 296.91699 297.63501 297.42700 297.77499 298.95901 297.03799 295.59500 296.84698 299.12799 299.48001 289.12100 288.04099 294.08701 286.67200 280.73001 278.78201 278.25800 272.26099 278.32501 288.26001 289.50101 284.25299 285.01199
-9999 -9999 -9999 -9999 -9999 -9999 291.11700 290.98999 294.69000 295.84601 292.90601 -9999 -9999 -9999 -9999 -9999 277.65799 278.73901 280.17001 279.44299 279.45999 291.65799 280.72699 276.32800 277.57501 284.26001 286.37799 284.13599 285.26401 283.54199 281.24899 283.95599 286.58401 280.00201 281.23599 285.21899 282.53201 280.37000 284.63901 282.10599 282.20801 278.85300 280.82999 286.55899 288.23300 293.64999 295.85400 296.72900 297.26401 300.00500 301.57901 299.35901 300.21701 300.35999 299.70700 299.92401 298.18399 294.37000 290.83701 289.91400 283.57599 279.65500 277.91199 273.64200 268.04001 275.34399 286.92499 294.07901 290.88699 285.91501
-9999 -9999 -9999 -9999 -9999 -9999 -9999 -9999 -9999 -9999 -9999 -9999 -9999 -9999 -9999 -9999 -9999 -9999 -9999 281.28101 281.77802 289.56400 285.09601 281.44699 281.93701 285.04700 285.73199 290.66901 290.03101 285.35800 284.37100 287.30801 283.39401 282.39899 281.70300 283.17801 284.92499 282.26501 282.71899 279.76099 278.07001 279.93100 283.22601 286.03000 288.06601 292.69601 296.93900 297.95700 298.32501 300.17599 301.61600 301.85199 301.30099 304.02399 302.64001 301.48099 299.43399 297.85101 291.94699 290.01199 280.12399 281.48599 278.53000 271.98599 269.13101 284.52301 293.67599 297.85501 294.65601 283.92300
-9999 -9999 -9999 -9999 -9999 -9999 -9999 -9999 -9999 -9999 -9999 -9999 -9999 -9999 -9999 -9999 -9999 -9999 284.27802 280.32199 283.60199 286.99399 286.95901 287.69501 289.01001 289.39499 291.63901 290.80399 289.00900 285.80499 285.36200 282.75800 280.75800 281.04501 281.85101 284.86899 283.72198 285.58099 280.76501 278.49399 277.15500 280.56100 281.97198 283.12701 285.62299 288.33701 293.69800 298.45901 300.96799 300.55301 302.15302 302.75400 303.81100 303.94699 301.61499 304.84201 302.49799 293.01700 285.88599 288.96301 289.40701 289.98300 284.04800 280.75201 276.33301 287.78201 294.47299 297.18701 296.21500 292.67999
-9999 -9999 -9999 -9999 -9999 -9999 -9999 -9999 -9999 -9999 -9999 -9999 -9999 -9999 -9999 -9999 -9999 286.35001 285.74399 286.09201 286.36801 286.47601 286.82599 289.32401 291.15900 291.55801 292.82800 290.92200 285.71600 283.71500 283.51199 284.13300 282.43799 285.84799 286.17999 282.91101 279.51401 281.12201 282.48499 279.18301 279.42200 282.22400 282.32700 285.64301 288.28299 291.73901 294.36899 295.89401 301.39600 301.32501 304.70599 305.82901 305.06299 303.52200 303.07501 303.91299 300.34900 292.65100 288.36801 291.38599 298.12201 292.46600 277.05801 274.97101 288.41901 292.36700 292.69601 297.72400 297.16199 294.92099
-9999 -9999 -9999 -9999 -9999 -9999 -9999 -9999 -9999 -9999 -9999 -9999 -9999 -9999 -9999 -9999 -9999 283.30099 284.62399 280.77100 283.30399 286.08701 288.21500 293.14700 299.63300 295.09698 294.62299 293.18301 292.12500 287.26099 287.12799 286.31100 287.75900 290.74600 286.51401 283.84799 282.14499 282.12100 277.43301 278.04001 279.80499 283.39200 285.67099 289.64001 291.38599 299.65799 302.14600 294.20499 297.88300 303.32001 305.33200 306.91800 305.93799 306.90201 306.56000 303.53201 294.73199 293.82599 296.07001 297.31601 293.63000 287.14801 285.50699 284.05701 276.78699 282.86499 293.07901 288.04199 295.78101 296.61099
-9999 -9999 -9999 -9999 -9999 -9999 -9999 -9999 -9999 -9999 -9999 -9999 -9999 -9999 -9999 -9999 277.36700 277.76099 278.32700 279.24399 286.23300 291.61801 290.52802 298.13300 304.56900 296.74701 298.28900 301.61301 297.74799 290.78601 290.20200 290.32199 290.02701 293.87201 291.16400 288.77301 284.72198 281.90900 278.82401 282.41901 285.00400 286.45999 287.48999 293.32800 295.69800 302.03500 303.10800 294.40701 297.17700 304.37900 306.21500 307.05301 306.17099 307.44699 306.97900 304.01001 301.97299 299.44699 298.72699 294.66699 295.88400 293.30801 286.89700 277.77200 284.39499 288.23999 291.89099 294.70499 301.28201 299.30499
-9999 -9999 -9999 -9999 -9999 -9999 -9999 -9999 -9999 -9999 -9999 -9999 -9999 281.81000 278.60400 277.85699 276.30600 272.21201 276.59900 285.89200 289.07501 288.37201 293.02701 294.23001 293.57700 300.72501 300.82999 300.36600 299.71500 298.00800 296.32800 296.31000 295.14200 294.34399 291.95801 289.17899 287.82300 287.54901 285.01901 284.97299 287.29800 291.65302 294.94400 300.09698 300.27899 301.35199 301.80301 303.13699 303.12000 302.56900 303.16599 303.79199 304.07901 308.18500 308.23599 306.25101 304.82300 304.75500 303.97198 302.18301 300.57300 300.27100 297.87601 297.58701 302.02899 306.75000 307.25800 304.95999 303.12900 299.93600
-9999 -9999 -9999 -9999 -9999 -9999 -9999 -9999 -9999 -9999 -9999 -9999 284.28699 281.25601 279.12299 279.23199 279.64700 278.81400 278.89401 291.96701 288.97501 292.62601 295.07300 295.81299 295.96399 302.86301 301.93201 302.15100 300.57800 299.78201 299.17700 298.53201 297.78699 296.42599 295.80301 292.95401 290.38501 290.32401 287.83200 289.33801 290.25201 294.69299 297.95001 301.68600 302.92300 303.48901 303.12299 304.76401 303.16800 302.36899 302.76300 304.12000 304.60599 307.61700 309.27802 310.59201 307.71399 302.93799 299.42999 299.55499 299.46899 303.42300 303.85300 302.44199 306.45801 310.44699 308.96899 306.48199 304.09601 295.49701
-9999 -9999 -9999 -9999 -9999 -9999 -9999 -9999 -9999 -9999 -9999 276.45599 279.16101 277.09698 281.10001 285.94000 287.22900 288.05099 288.53299 288.37399 291.07901 297.00400 297.79300 296.99200 296.68900 296.42599 296.31601 301.64999 303.63000 302.70801 300.26099 300.82599 300.81299 297.96600 297.64401 292.68500 288.38199 287.90100 290.40399 292.18500 296.60599 298.07800 302.77499 304.88699 305.11401 305.10501 305.00900 306.63901 305.36600 304.29501 304.10501 296.93900 299.80701 300.10501 302.03299 305.56400 308.69400 304.81100 309.25601 310.32300 308.91299 314.23401 313.50800 313.28400 314.11899 313.76599 310.26501 308.46500 300.15701 291.01999
-9999 -9999 -9999 -9999 -9999 -9999 -9999 -9999 -9999 -9999 279.88300 278.44601 284.73599 281.13901 286.89099 290.39801 291.63901 291.44901 290.82199 291.44800 292.97699 299.27100 299.52100 299.10699 298.99799 298.45599 298.19699 304.98700 305.14001 302.40500 302.05701 302.98099 302.05301 299.36401 297.58301 292.19699 289.37100 289.87601 293.38101 299.42099 303.66101 304.65900 309.24500 308.21301 308.12201 307.47198 307.05899 308.57800 307.28500 306.01199 304.97800 295.99100 298.97299 298.90601 301.17999 305.26401 303.84201 305.52100 312.44400 312.61499 312.60400 315.39600 315.09399 314.92999 314.43799 313.62701 311.26300 306.92899 297.05301 285.57501
-9999 -9999 -9999 -9999 -9999 -9999 -9999 -9999 -9999 289.22699 289.70001 290.32001 289.94199 290.15701 292.30099 291.69501 292.58701 293.90399 296.51700 297.66699 299.09399 298.04401 298.48499 301.65302 301.42599 300.85199 302.37399 302.79300 302.17700 300.92899 303.69299 301.00400 299.71701 293.33401 290.11899 288.32599 286.70200 293.77399 296.76801 305.26501 309.54901 314.91699 317.82300 315.84399 315.31601 313.60699 313.89801 312.13199 310.99701 307.35400 305.18799 300.55499 297.59601 290.53299 290.26801 308.35699 310.74600 313.55099 314.61801 314.32401 313.81400 314.49100 314.71100 316.19000 314.95700 311.87900 308.51300 300.66800 293.07101 286.89099
-9999 -9999 -9999 -9999 -9999 -9999 -9999 -9999 -9999 -9999 292.12100 293.49701 293.65100 295.14301 299.66400 295.60101 294.49301 296.21301 297.14401 297.41199 296.82401 298.80801 299.58200 -9999 -9999 -9999 -9999 -9999 -9999 302.78299 302.94000 302.04800 300.45300 294.48901 290.01001 289.86401 290.33401 297.38101 301.41000 309.77301 313.57401 318.18301 318.49500 318.70001 317.74899 315.70099 314.38400 314.69800 312.91199 309.70401 306.95499 304.72299 298.85101 291.60699 291.71899 310.84601 314.95001 315.51999 316.66599 315.19901 315.42401 315.00000 314.48401 315.06299 305.38699 308.81500 302.27600 295.57800 281.14301 282.41400
-9999 -9999 -9999 -9999 -9999 -9999 -9999 -9999 -9999 -9999 -9999 -9999 295.18201 298.16101 298.97601 305.68301 304.49100 304.88400 304.23801 -9999 -9999 -9999 -9999 -9999 -9999 -9999 -9999 -9999 -9999 -9999 -9999 -9999 -9999 298.37399 291.85001 295.39301 296.58401 302.73199 308.65799 312.50800 317.98199 319.22299 320.76401 320.79099 320.18399 320.00201 318.85400 317.17300 316.41501 315.24701 311.83899 301.84299 299.96201 301.25699 302.87399 313.27301 313.88300 315.28299 317.64801 317.56900 317.13000 314.77600 312.24399 312.06201 310.52802 308.17200 299.99301 295.26199 289.00699 292.10001
-9999 -9999 -9999 -9999 -9999 -9999 -9999 -9999 -9999 -9999 -9999 -9999 -9999 -9999 -9999 -9999 -9999 -9999 -9999 -9999 -9999 -9999 -9999 -9999 -9999 -9999 -9999 -9999 -9999 -9999 -9999 -9999 -9999 -9999 297.15601 297.24899 304.95300 306.88000 312.52301 316.26401 318.56900 320.46701 321.40799 323.14001 322.27600 321.38901 320.65100 319.48099 318.46399 316.99399 314.17700 306.08099 303.24100 304.14899 305.42401 317.69601 315.91599 311.73499 314.76801 316.61499 316.81900 315.13800 316.50699 315.51901 313.34900 305.99301 297.68600 292.26599 285.65799 290.24301
