data/hydroclimate-scenarios/BCSD_hadcm_B1/monthly_summaries/olr_monthly_avg_jun.2070-2099.asc
ncols	311
nrows	91
xllcenter	102.75
yllcenter	31.75
cellsize	0.5
NODATA_value	-9999
[rows 0 to 30 of 91, columns 210 to 279 of 311]
-9999 -9999 -9999 -9999 -9999 -9999 -9999 -9999 -9999 -9999 -9999 -9999 -9999 -9999 -9999 -9999 -9999 -9999 -9999 -9999 -9999 -9999 -9999 -9999 -9999 -9999 -9999 -9999 -9999 -9999 -9999 -9999 -9999 -9999 -9999 -9999 -9999 -9999 -9999 -9999 -9999 -9999 -9999 -9999 -9999 -9999 -9999 -9999 -9999 -9999 -9999 -9999 -9999 -9999 -9999 -9999 -9999 -9999 -9999 -9999 -9999 -9999 -9999 -9999 -9999 -9999 -9999 -9999 -9999 -9999
-9999 -9999 -9999 -9999 -9999 -9999 -9999 -9999 -9999 -9999 -9999 -9999 -9999 -9999 -9999 -9999 -9999 -9999 -9999 -9999 -9999 -9999 -9999 -9999 -9999 -9999 -9999 -9999 -9999 -9999 -9999 -9999 -9999 -9999 -9999 -9999 -9999 -9999 -9999 -9999 -9999 -9999 -9999 -9999 -9999 -9999 -9999 -9999 -9999 -9999 -9999 -9999 -9999 -9999 -9999 -9999 -9999 -9999 -9999 -9999 -9999 -9999 -9999 -9999 -9999 -9999 -9999 -9999 -9999 -9999
-9999 -9999 -9999 -9999 -9999 -9999 -9999 -9999 -9999 -9999 -9999 -9999 -9999 -9999 -9999 -9999 -9999 -9999 -9999 -9999 -9999 -9999 -9999 -9999 -9999 -9999 -9999 -9999 -9999 -9999 -9999 -9999 -9999 -9999 -9999 -9999 -9999 -9999 -9999 -9999 -9999 -9999 -9999 -9999 -9999 -9999 -9999 -9999 -9999 -9999 -9999 -9999 -9999 -9999 -9999 -9999 -9999 -9999 -9999 -9999 -9999 -9999 -9999 -9999 -9999 -9999 -9999 -9999 -9999 -9999
-9999 -9999 -9999 -9999 -9999 -9999 -9999 -9999 -9999 -9999 -9999 -9999 -9999 -9999 -9999 -9999 -9999 -9999 -9999 -9999 -9999 -9999 -9999 -9999 -9999 -9999 -9999 -9999 -9999 -9999 -9999 -9999 -9999 -9999 -9999 -9999 -9999 -9999 -9999 -9999 -9999 -9999 -9999 -9999 -9999 -9999 -9999 -9999 -9999 -9999 -9999 -9999 -9999 -9999 -9999 -9999 -9999 -9999 -9999 -9999 -9999 -9999 -9999 -9999 -9999 -9999 -9999 -9999 -9999 -9999
-9999 -9999 -9999 -9999 -9999 -9999 -9999 -9999 -9999 -9999 -9999 -9999 -9999 -9999 -9999 -9999 -9999 -9999 -9999 -9999 -9999 -9999 -9999 -9999 -9999 -9999 -9999 -9999 -9999 -9999 -9999 -9999 -9999 -9999 -9999 -9999 -9999 -9999 -9999 -9999 -9999 -9999 -9999 -9999 -9999 -9999 -9999 -9999 -9999 -9999 -9999 -9999 -9999 -9999 -9999 -9999 -9999 -9999 -9999 -9999 -9999 -9999 -9999 -9999 -9999 -9999 -9999 -9999 -9999 -9999
-9999 -9999 -9999 -9999 -9999 -9999 -9999 -9999 -9999 -9999 -9999 -9999 -9999 -9999 -9999 -9999 -9999 -9999 -9999 -9999 -9999 -9999 -9999 -9999 -9999 -9999 -9999 -9999 -9999 -9999 -9999 -9999 -9999 -9999 -9999 -9999 -9999 -9999 -9999 -9999 -9999 -9999 -9999 -9999 -9999 -9999 -9999 -9999 -9999 -9999 -9999 -9999 -9999 -9999 -9999 -9999 -9999 -9999 -9999 -9999 -9999 -9999 -9999 -9999 -9999 -9999 -9999 -9999 -9999 -9999
-9999 -9999 -9999 -9999 -9999 -9999 -9999 -9999 -9999 -9999 -9999 -9999 -9999 -9999 -9999 -9999 -9999 -9999 -9999 -9999 -9999 -9999 -9999 -9999 -9999 -9999 -9999 -9999 -9999 -9999 -9999 -9999 -9999 -9999 -9999 -9999 -9999 -9999 -9999 -9999 -9999 -9999 -9999 -9999 -9999 -9999 -9999 -9999 -9999 -9999 -9999 -9999 -9999 -9999 -9999 -9999 -9999 -9999 -9999 -9999 -9999 -9999 -9999 -9999 -9999 -9999 -9999 -9999 -9999 -9999
-9999 -9999 -9999 -9999 -9999 -9999 -9999 -9999 -9999 -9999 -9999 -9999 -9999 -9999 -9999 -9999 -9999 -9999 -9999 -9999 -9999 -9999 -9999 -9999 -9999 -9999 -9999 -9999 -9999 -9999 -9999 -9999 -9999 -9999 -9999 -9999 -9999 -9999 -9999 -9999 -9999 -9999 -9999 -9999 -9999 -9999 -9999 -9999 -9999 -9999 -9999 -9999 -9999 -9999 -9999 -9999 -9999 -9999 -9999 -9999 -9999 -9999 -9999 -9999 -9999 -9999 -9999 -9999 -9999 -9999
-9999 -9999 -9999 -9999 -9999 -9999 -9999 -9999 -9999 -9999 -9999 -9999 -9999 -9999 -9999 -9999 -9999 -9999 -9999 -9999 -9999 -9999 -9999 -9999 -9999 -9999 -9999 -9999 -9999 -9999 -9999 -9999 -9999 -9999 -9999 -9999 -9999 -9999 -9999 -9999 -9999 -9999 -9999 -9999 -9999 -9999 -9999 -9999 -9999 -9999 -9999 -9999 -9999 -9999 -9999 -9999 -9999 -9999 -9999 -9999 -9999 -9999 -9999 -9999 -9999 -9999 -9999 -9999 -9999 -9999
-9999 -9999 -9999 -9999 -9999 -9999 -9999 -9999 -9999 -9999 -9999 -9999 -9999 -9999 -9999 -9999 -9999 -9999 -9999 -9999 -9999 -9999 -9999 -9999 -9999 -9999 -9999 -9999 -9999 -9999 -9999 -9999 -9999 -9999 -9999 -9999 -9999 -9999 -9999 -9999 -9999 -9999 -9999 -9999 -9999 -9999 -9999 -9999 -9999 -9999 -9999 -9999 -9999 -9999 -9999 -9999 -9999 -9999 -9999 -9999 -9999 -9999 -9999 -9999 -9999 -9999 -9999 -9999 -9999 -9999
-9999 -9999 -9999 -9999 -9999 -9999 -9999 -9999 -9999 -9999 -9999 -9999 -9999 -9999 -9999 -9999 -9999 -9999 -9999 -9999 -9999 -9999 -9999 -9999 -9999 -9999 -9999 -9999 -9999 -9999 -9999 -9999 -9999 -9999 -9999 -9999 -9999 -9999 -9999 -9999 -9999 -9999 -9999 -9999 -9999 -9999 -9999 -9999 -9999 -9999 -9999 -9999 -9999 -9999 -9999 -9999 -9999 -9999 -9999 -9999 -9999 -9999 -9999 -9999 -9999 -9999 -9999 -9999 -9999 -9999
-9999 -9999 -9999 -9999 -9999 -9999 -9999 -9999 -9999 -9999 -9999 -9999 -9999 -9999 -9999 -9999 -9999 -9999 -9999 -9999 -9999 -9999 -9999 -9999 -9999 -9999 -9999 -9999 -9999 -9999 -9999 -9999 -9999 -9999 -9999 -9999 -9999 -9999 -9999 -9999 -9999 -9999 -9999 -9999 -9999 -9999 -9999 -9999 -9999 -9999 -9999 -9999 -9999 -9999 -9999 -9999 -9999 -9999 -9999 -9999 -9999 -9999 -9999 -9999 -9999 -9999 -9999 -9999 -9999 -9999
-9999 -9999 -9999 -9999 -9999 -9999 -9999 -9999 -9999 -9999 -9999 -9999 -9999 -9999 -9999 -9999 -9999 -9999 -9999 -9999 -9999 -9999 -9999 -9999 -9999 -9999 -9999 -9999 -9999 -9999 -9999 -9999 -9999 -9999 -9999 -9999 -9999 -9999 -9999 -9999 -9999 -9999 -9999 -9999 -9999 -9999 -9999 -9999 -9999 -9999 -9999 -9999 -9999 -9999 -9999 -9999 -9999 -9999 -9999 -9999 -9999 -9999 -9999 -9999 -9999 -9999 -9999 -9999 -9999 -9999
286.31699 282.89600 280.27301 281.82199 282.21600 283.76999 281.07101 281.27899 279.95099 -9999 -9999 -9999 -9999 -9999 -9999 -9999 -9999 -9999 -9999 -9999 -9999 -9999 -9999 -9999 -9999 -9999 -9999 -9999 -9999 -9999 -9999 -9999 -9999 -9999 -9999 -9999 -9999 -9999 -9999 -9999 -9999 -9999 -9999 -9999 -9999 -9999 -9999 -9999 -9999 -9999 276.75601 -9999 -9999 -9999 -9999 -9999 -9999 -9999 -9999 -9999 -9999 -9999 -9999 -9999 -9999 -9999 -9999 -9999 -9999 -9999
298.69101 297.13101 295.13699 294.39700 292.75500 289.23001 286.72400 284.13400 283.48901 280.76501 280.05600 280.84399 280.33600 279.60199 277.93301 277.51901 274.09000 272.32401 272.42099 273.22501 271.51001 301.81799 -9999 -9999 -9999 -9999 -9999 -9999 -9999 -9999 -9999 -9999 -9999 -9999 -9999 -9999 -9999 -9999 -9999 -9999 -9999 -9999 -9999 -9999 -9999 262.34399 266.27100 263.82599 259.70901 258.65201 263.88501 277.14200 -9999 -9999 -9999 283.28900 -9999 -9999 -9999 284.26099 283.20801 283.23700 -9999 -9999 -9999 -9999 -9999 -9999 -9999 -9999
300.25500 299.08200 298.27802 298.28101 297.77301 297.82300 296.85699 295.73599 294.91199 294.43600 293.92599 292.27499 290.57599 290.42499 282.83200 284.49701 280.95001 276.78299 284.45801 286.32999 286.41000 281.76801 278.16901 275.96201 270.78299 272.91501 277.20401 276.65799 -9999 -9999 -9999 -9999 -9999 283.63300 284.23801 283.61600 282.73001 280.81601 277.87799 276.59698 277.10001 278.98700 279.14099 279.73901 279.65900 262.07800 263.72198 260.54800 263.12500 259.62799 262.23001 279.26599 279.49799 283.44901 283.05801 282.91299 284.56799 284.72501 283.25201 281.99899 277.45200 273.37701 273.87601 277.59799 280.56000 280.49399 283.38800 -9999 -9999 -9999
299.63599 298.77701 298.28500 298.14899 298.05701 298.21201 297.00400 296.91599 295.29199 292.72400 286.79199 285.58401 286.78101 284.15900 285.72400 286.38901 282.09399 287.90399 287.69299 292.77701 296.19400 289.39001 288.87201 282.53601 275.44800 278.87500 275.31299 272.37601 274.53299 280.10999 283.14001 285.08701 286.95200 289.81400 291.48700 289.13599 287.96500 286.24799 284.19800 281.76501 280.86600 282.92001 283.67999 283.65500 283.23001 281.82101 281.25299 281.66199 282.34900 279.08899 279.65201 280.48401 281.06500 283.03900 283.16000 283.86899 284.94299 283.88501 285.18500 284.03299 283.62701 283.85101 283.23001 283.06000 282.79700 280.79700 277.88699 277.79999 278.42200 281.71500
296.19199 296.78101 293.07300 288.37299 287.67401 287.07901 285.24301 285.55399 282.13699 287.85001 291.02701 292.63800 298.29401 304.53900 306.35101 299.97601 300.74600 305.10001 308.14401 305.54599 310.31100 309.86401 303.82700 294.87000 289.24500 290.96500 289.29999 279.07700 277.73999 277.54800 278.22699 278.58401 281.11099 289.22000 296.79300 296.52200 296.25699 295.58600 293.07800 289.63300 287.14499 289.01901 288.66501 288.45700 288.97400 288.45499 289.91501 289.95999 290.22101 286.26099 285.59399 286.07599 286.29501 287.29599 287.11899 287.58899 288.15701 287.42200 286.94000 286.32700 285.56900 285.79401 285.71100 285.40900 285.04501 280.72400 279.31400 280.57401 281.17001 281.91501
306.68900 301.29800 301.50299 302.98300 299.82999 301.25000 297.54800 293.18201 299.16599 303.75500 303.75601 307.56699 314.77701 312.25299 312.51099 312.98599 313.58401 312.08200 313.76001 319.91699 321.69901 313.26700 304.21301 302.55200 295.52399 297.91000 297.12299 289.07599 285.37201 285.37201 278.23999 278.88400 279.27499 291.22601 302.34201 303.62000 303.05499 302.21799 301.26901 297.01901 294.42099 294.89801 292.96701 293.69101 293.10001 297.05701 297.86200 297.42599 297.70999 294.45599 293.45700 293.33401 293.11801 293.19299 291.90302 290.73300 290.84000 292.09100 291.43701 290.70999 289.72601 287.81699 287.97800 288.55200 287.37399 282.37799 282.67200 284.09601 282.87399 284.07901
312.18600 314.13300 312.61401 316.13400 313.88800 310.09799 308.72400 307.51199 309.59601 314.89899 315.49600 324.14801 325.89301 326.62299 327.92200 324.85999 324.06100 323.05701 322.80600 325.47198 324.28400 328.13800 319.45901 307.09000 300.90399 296.32199 295.71301 286.74799 289.05200 294.59900 295.51300 295.31400 284.75299 296.78900 303.10400 308.17499 308.44901 306.93201 306.01001 303.92801 302.95499 301.05899 299.12701 299.85300 300.73999 301.10199 302.19101 304.24600 304.69101 301.37100 300.15201 299.46899 298.52100 298.47501 296.34698 296.12601 293.81201 295.26300 294.84500 293.52499 292.31900 290.56799 290.71500 290.74301 290.36899 288.17499 287.82101 286.82599 286.90500 287.91901
319.94901 324.07199 323.37701 318.80600 310.87601 313.90399 322.74799 329.05499 333.39401 333.90399 334.58200 336.22299 336.85599 336.51801 335.49399 334.17999 331.00101 328.20999 327.40500 326.53799 326.79999 326.69199 316.16400 303.91400 295.98099 296.69800 292.69699 287.80801 292.67401 297.09601 299.16599 298.16699 292.79401 293.64899 306.60699 310.78500 312.23801 311.64999 309.98001 308.88901 308.86600 308.14301 307.06699 306.39700 307.29800 309.79599 310.41699 311.41599 312.52200 310.07199 307.92300 307.07001 304.32999 301.86401 301.38101 300.68301 299.35599 297.73499 298.30499 296.79401 295.67200 297.95999 297.93100 297.85800 297.23801 295.04501 293.52200 292.33099 291.61600 291.52301
324.35101 325.47299 320.54099 317.46201 320.90100 325.64999 331.00400 333.40799 334.93500 335.35999 336.02600 335.34900 335.12299 335.63000 335.82300 335.08099 332.46201 329.51300 329.63699 330.27399 330.16400 329.19400 320.04800 301.63901 292.12701 287.50201 289.84100 289.60699 296.99701 300.18399 300.50699 299.39899 297.68399 292.93799 301.88501 307.07501 312.84500 313.83200 313.74600 312.49500 312.72299 312.83899 312.63199 312.34201 312.89600 316.32999 318.40900 319.75400 319.11600 316.34000 314.25800 313.40500 310.40100 307.88101 307.23199 307.08200 306.45599 303.66501 305.76300 303.58301 301.97000 300.55301 302.26001 302.08899 299.92300 298.95700 296.93500 295.41299 296.10400 294.27701
321.61600 318.30600 316.58200 320.76501 323.50500 324.23401 323.74500 324.62399 326.53201 326.44101 323.19199 322.51599 324.18900 325.14899 329.42200 330.17999 331.09201 330.75800 330.59299 328.50400 329.89899 325.41101 319.37799 302.36600 294.46899 290.89200 292.15302 288.03900 296.54800 297.16599 297.77200 301.67401 304.40799 303.88800 307.89200 309.48300 307.39001 307.48199 309.02899 307.44400 304.51199 309.19800 310.33899 310.28601 315.29001 319.48099 321.23599 322.01001 322.91901 321.05600 316.67200 315.49500 312.53201 310.96301 309.63501 309.50699 308.35599 306.84000 305.17700 303.38101 304.27802 305.07401 304.39301 302.47101 302.19601 300.52899 298.94400 297.86200 297.45801 293.75400
323.96301 321.78500 321.90601 323.72601 322.98700 322.58600 324.78000 326.81100 326.68100 326.69699 326.12701 321.38300 317.74799 317.77899 316.07101 311.85800 316.33301 320.57901 326.29199 330.14999 329.78299 325.33200 318.01001 305.82300 294.22400 295.28900 296.43201 290.60800 291.26501 292.30099 293.24899 293.66501 295.62500 299.17599 304.13199 302.93301 299.54599 296.30099 293.75601 290.35599 292.00101 297.21201 298.67700 294.62601 296.86200 305.63300 308.81799 312.81299 313.71701 322.30200 325.13599 324.37601 318.01999 317.51999 317.39801 313.32401 311.60599 310.43301 308.12201 309.18500 309.74600 308.06900 301.14700 300.25800 302.33801 301.35300 298.35001 297.79001 297.29099 296.18500
326.28201 325.61301 325.44901 325.67801 327.02600 329.04001 329.18201 327.46399 328.49500 329.84601 328.51599 326.56000 324.91901 322.32599 318.71500 311.86801 308.64801 306.58200 309.05801 307.97601 316.20901 315.02701 318.84000 314.55200 297.85101 293.28101 290.21899 288.86899 289.26700 285.57199 289.33899 288.65399 288.14099 285.15201 285.41199 286.39200 285.90100 283.57901 284.97501 285.19601 282.61801 285.29800 288.63400 285.95801 286.78601 291.31201 290.75601 291.71600 293.04599 297.16199 305.12799 318.17899 323.36301 320.43500 320.51099 319.95401 314.28699 312.53500 313.01300 311.82901 309.96301 309.97800 308.90701 305.60501 301.35599 299.07999 298.30200 301.45300 304.12500 304.32901
327.73300 324.69699 326.56699 328.26999 328.64401 327.46201 326.56799 322.04300 321.68201 322.22000 324.34000 325.46500 327.59900 326.97299 325.85199 324.86600 319.69299 310.21600 314.46600 317.19000 315.53101 317.64700 313.95200 308.94699 309.14801 300.33801 303.12900 294.67700 291.64899 289.57401 289.23099 289.53201 293.21399 293.58099 295.68500 291.49399 293.33301 288.69800 288.67001 291.52499 287.87100 289.84500 290.71399 288.92700 287.35400 293.34299 293.11700 294.87500 293.76901 296.39899 303.07401 310.65701 316.77701 319.07700 320.90201 322.65302 315.14001 310.05099 313.84201 314.28601 312.19000 312.44601 310.93500 307.65601 304.84500 304.09299 303.84201 303.38199 302.98599 306.21399
329.25500 330.23599 328.82901 320.63000 314.02802 308.66199 304.84100 306.87500 297.30200 293.12701 292.94901 297.37399 308.73300 318.14999 311.92801 321.34900 324.91800 326.47299 326.18100 323.00601 319.41400 322.28101 313.90601 308.54999 305.29199 306.38300 307.71500 303.80301 304.50101 306.67899 303.36801 303.01700 307.25201 308.38901 303.49100 302.17200 303.10699 306.27200 305.38101 296.01300 296.56500 294.84601 293.88101 294.56500 295.59000 293.72699 294.32401 293.54800 298.26501 299.84900 297.38101 302.09299 310.03601 313.49500 318.41000 320.33301 321.38199 321.25800 315.61600 315.79401 315.36899 313.99100 312.58899 311.72699 308.06100 307.75699 306.11600 305.64499 307.63300 308.08701
320.15100 314.42599 294.37500 285.20700 289.70999 295.72400 298.66800 299.74200 303.42801 308.00601 306.01700 301.20200 301.16901 306.45001 295.30701 296.22299 300.54001 309.51099 320.18600 320.20499 319.25201 324.60501 317.56699 309.56601 308.81500 307.43301 311.36499 303.73001 305.54501 306.14499 308.07999 307.43201 307.99701 304.04199 301.61200 300.25101 305.00101 298.27899 297.86099 299.69601 300.50500 296.85400 295.09799 297.02399 294.89499 293.90601 297.42801 296.26199 294.42899 290.60901 293.29001 301.15701 307.19699 308.95200 311.05301 314.21399 318.00201 324.72800 318.26300 316.77802 317.00299 317.00000 316.00400 313.44501 311.49399 312.36899 311.60101 310.83899 310.55600 310.61301
294.51001 291.98700 286.01700 302.45999 318.26599 317.05499 308.64999 306.38599 305.98801 306.33200 311.61700 310.50400 309.63699 310.37000 310.55099 311.45200 311.80200 315.43201 310.05200 320.13199 331.42001 326.08200 322.33301 316.37900 309.85199 307.07101 307.79700 297.54901 295.43701 305.04599 307.41699 306.01801 309.13501 311.68701 308.99100 305.90302 298.94901 295.93600 298.81699 301.60699 298.03000 298.66501 302.43500 297.76401 297.25201 294.18799 295.58099 294.39301 293.33801 290.96100 287.99500 292.82501 291.77301 297.53400 299.36899 311.44699 319.51700 324.14301 328.01001 322.29099 321.17200 322.19299 321.17001 319.19299 317.72800 316.93100 315.34799 313.67099 312.42801 312.86401
305.16501 322.68900 322.46799 325.81100 328.73499 322.06000 303.95801 295.62500 297.04700 300.38599 307.01999 309.07599 309.85699 312.56601 319.00000 319.80801 298.72000 291.49600 293.87201 297.58401 307.03400 305.77600 304.92401 313.03299 315.46399 316.87100 310.80200 304.63000 301.44000 299.66000 295.95700 301.33600 308.50400 308.74899 305.07599 305.74100 297.41699 295.82501 294.66599 303.23901 300.60999 303.26901 305.65399 304.56201 301.56900 300.42001 290.76999 296.17801 292.19699 294.47299 294.22101 290.78500 291.44199 293.97601 299.07401 307.01001 313.60400 320.79401 330.59799 327.13400 325.13800 325.44101 323.24799 317.62100 311.79800 309.81100 308.65201 308.71500 311.79300 314.80301
297.21100 314.59100 323.50800 326.95099 327.77200 321.68799 312.01700 304.85699 302.70099 304.35800 303.42999 305.18600 308.60199 310.79199 313.99799 319.49399 311.61401 281.13501 272.72000 281.00400 289.97400 292.62799 296.12201 296.23499 300.88501 306.35699 303.05899 296.77301 294.61499 297.60800 302.02802 296.59900 300.79999 301.79599 303.99899 307.46701 300.89899 297.24200 294.67899 294.53500 297.74701 302.65900 305.41199 302.04001 300.19400 303.92001 297.13101 297.61700 298.92599 295.36899 295.84399 298.60199 306.76401 304.23999 304.45700 303.12701 309.00101 309.49200 319.86899 325.23599 322.96701 326.50601 327.01099 325.28601 322.42200 318.29199 317.91299 316.82999 317.12299 317.02600
