data/hydroclimate-scenarios/BCSD_hadcm_B1/monthly_summaries/olr_monthly_avg_aug.2030-2059.asc
ncols	311
nrows	91
xllcenter	102.75
yllcenter	31.75
cellsize	0.5
NODATA_value	-9999
[rows 0 to 30 of 91, columns 70 to 139 of 311]
-9999 -9999 -9999 -9999 -9999 -9999 -9999 -9999 -9999 -9999 -9999 -9999 -9999 -9999 -9999 -9999 -9999 -9999 -9999 -9999 -9999 -9999 -9999 -9999 -9999 -9999 -9999 -9999 -9999 -9999 -9999 -9999 -9999 -9999 -9999 -9999 -9999 -9999 -9999 -9999 -9999 -9999 -9999 -9999 -9999 -9999 -9999 -9999 -9999 -9999 -9999 -9999 -9999 -9999 -9999 -9999 -9999 -9999 -9999 -9999 -9999 -9999 -9999 -9999 -9999 -9999 -9999 -9999 -9999 -9999
-9999 -9999 -9999 -9999 -9999 -9999 -9999 -9999 -9999 -9999 -9999 -9999 -9999 -9999 -9999 -9999 -9999 -9999 -9999 -9999 -9999 -9999 -9999 -9999 -9999 -9999 -9999 -9999 -9999 -9999 -9999 -9999 -9999 -9999 -9999 -9999 -9999 -9999 -9999 -9999 -9999 -9999 -9999 -9999 -9999 -9999 -9999 -9999 -9999 -9999 -9999 -9999 -9999 -9999 -9999 -9999 -9999 -9999 -9999 -9999 -9999 -9999 -9999 -9999 -9999 -9999 -9999 -9999 -9999 -9999
-9999 -9999 -9999 -9999 -9999 -9999 -9999 -9999 -9999 -9999 -9999 -9999 -9999 -9999 -9999 -9999 -9999 -9999 -9999 -9999 -9999 -9999 -9999 -9999 -9999 -9999 -9999 -9999 -9999 -9999 -9999 -9999 -9999 -9999 -9999 -9999 -9999 -9999 -9999 -9999 -9999 -9999 -9999 -9999 -9999 -9999 -9999 -9999 -9999 -9999 -9999 -9999 -9999 -9999 -9999 -9999 -9999 -9999 -9999 -9999 -9999 -9999 -9999 -9999 -9999 -9999 -9999 -9999 -9999 -9999
-9999 -9999 -9999 -9999 -9999 -9999 -9999 -9999 -9999 -9999 -9999 -9999 -9999 -9999 -9999 -9999 -9999 -9999 -9999 -9999 -9999 -9999 -9999 -9999 -9999 -9999 -9999 -9999 -9999 -9999 -9999 -9999 -9999 -9999 -9999 -9999 -9999 -9999 -9999 -9999 -9999 -9999 -9999 -9999 -9999 -9999 -9999 -9999 -9999 -9999 -9999 -9999 -9999 -9999 -9999 -9999 -9999 -9999 -9999 -9999 -9999 -9999 -9999 -9999 -9999 -9999 -9999 -9999 -9999 -9999
-9999 -9999 -9999 -9999 -9999 -9999 -9999 -9999 -9999 -9999 -9999 -9999 -9999 -9999 -9999 -9999 -9999 -9999 -9999 -9999 -9999 -9999 -9999 -9999 -9999 -9999 -9999 -9999 -9999 -9999 -9999 -9999 -9999 -9999 -9999 -9999 -9999 -9999 -9999 -9999 -9999 -9999 -9999 -9999 -9999 -9999 -9999 -9999 -9999 -9999 -9999 -9999 -9999 -9999 -9999 -9999 -9999 -9999 -9999 -9999 -9999 -9999 -9999 -9999 -9999 -9999 -9999 -9999 -9999 -9999
-9999 -9999 -9999 -9999 -9999 -9999 -9999 -9999 -9999 -9999 -9999 -9999 -9999 -9999 -9999 -9999 -9999 -9999 -9999 -9999 -9999 -9999 -9999 -9999 -9999 -9999 -9999 -9999 -9999 -9999 -9999 -9999 -9999 -9999 -9999 -9999 -9999 -9999 -9999 -9999 -9999 -9999 -9999 -9999 -9999 -9999 -9999 -9999 -9999 -9999 -9999 -9999 -9999 -9999 -9999 -9999 -9999 -9999 -9999 -9999 -9999 -9999 -9999 -9999 -9999 -9999 -9999 -9999 -9999 -9999
-9999 -9999 -9999 -9999 -9999 -9999 -9999 -9999 -9999 -9999 -9999 -9999 -9999 -9999 -9999 -9999 -9999 -9999 -9999 -9999 -9999 -9999 -9999 -9999 -9999 -9999 -9999 -9999 -9999 -9999 -9999 -9999 -9999 -9999 -9999 -9999 -9999 -9999 -9999 -9999 -9999 -9999 -9999 -9999 -9999 -9999 -9999 -9999 -9999 -9999 -9999 -9999 -9999 -9999 -9999 -9999 -9999 -9999 -9999 -9999 -9999 -9999 -9999 -9999 -9999 -9999 -9999 -9999 -9999 -9999
-9999 -9999 -9999 -9999 -9999 -9999 -9999 -9999 -9999 -9999 -9999 -9999 -9999 -9999 -9999 -9999 -9999 -9999 -9999 -9999 -9999 -9999 -9999 -9999 -9999 -9999 -9999 -9999 -9999 -9999 -9999 -9999 -9999 -9999 -9999 -9999 -9999 -9999 -9999 -9999 -9999 -9999 -9999 -9999 -9999 -9999 -9999 -9999 -9999 -9999 -9999 -9999 -9999 -9999 -9999 -9999 -9999 -9999 -9999 -9999 -9999 -9999 -9999 -9999 -9999 -9999 -9999 -9999 -9999 -9999
-9999 -9999 -9999 -9999 -9999 -9999 -9999 296.92599 -9999 -9999 -9999 -9999 -9999 -9999 -9999 -9999 -9999 -9999 -9999 -9999 -9999 -9999 -9999 -9999 -9999 -9999 -9999 -9999 -9999 -9999 -9999 -9999 -9999 -9999 -9999 -9999 -9999 -9999 -9999 -9999 -9999 -9999 -9999 -9999 -9999 -9999 -9999 -9999 -9999 -9999 -9999 -9999 -9999 -9999 -9999 -9999 -9999 -9999 -9999 -9999 -9999 -9999 -9999 -9999 -9999 -9999 -9999 -9999 -9999 -9999
-9999 -9999 -9999 285.01901 301.94400 297.90799 297.20099 297.70801 297.07199 296.86301 296.67599 297.07700 297.16299 301.30200 301.08200 301.00800 300.72501 300.80200 300.59601 298.84500 298.53101 298.00500 297.95901 -9999 -9999 -9999 -9999 -9999 -9999 -9999 -9999 -9999 -9999 -9999 -9999 -9999 -9999 -9999 -9999 -9999 -9999 -9999 -9999 -9999 -9999 -9999 -9999 -9999 -9999 -9999 -9999 -9999 -9999 -9999 -9999 -9999 -9999 -9999 -9999 -9999 -9999 -9999 -9999 -9999 -9999 -9999 -9999 -9999 -9999 -9999
-9999 -9999 -9999 -9999 -9999 299.36499 298.99701 298.94000 298.17899 299.30600 298.99600 300.46100 300.14099 299.45099 299.72299 300.00699 299.63699 298.85501 298.53500 298.18301 297.91699 297.95599 297.86899 -9999 -9999 -9999 -9999 -9999 -9999 -9999 -9999 -9999 -9999 -9999 -9999 -9999 -9999 -9999 -9999 -9999 -9999 -9999 -9999 -9999 -9999 -9999 -9999 -9999 -9999 -9999 -9999 -9999 -9999 -9999 -9999 -9999 -9999 -9999 -9999 -9999 -9999 -9999 -9999 -9999 -9999 -9999 -9999 -9999 -9999 -9999
303.79599 303.48700 302.51901 302.16101 302.29401 300.63800 300.29999 300.66000 299.98001 300.74899 300.60501 301.72800 301.83899 300.86899 300.45599 300.68301 300.43701 299.37100 299.21500 299.40500 299.32001 299.56299 299.09100 298.00800 297.93201 296.78799 297.79501 297.35501 297.56299 -9999 -9999 -9999 -9999 -9999 -9999 -9999 -9999 -9999 -9999 -9999 -9999 -9999 -9999 -9999 -9999 -9999 -9999 -9999 -9999 -9999 -9999 -9999 -9999 -9999 -9999 -9999 -9999 -9999 -9999 -9999 -9999 -9999 -9999 -9999 -9999 -9999 -9999 -9999 -9999 -9999
303.40900 302.91299 302.61200 302.70401 301.89001 301.90601 301.58301 301.87500 302.19800 303.29901 302.64999 301.84900 301.77899 301.19000 300.76599 300.83499 300.47601 300.36801 300.26801 300.73001 300.30801 300.91901 299.98001 296.92200 298.37799 298.72198 298.45200 297.50000 298.06900 298.04501 297.94199 297.13400 297.55801 297.54300 297.38501 296.53400 296.06601 295.97400 295.32800 294.92999 295.06500 294.58099 294.65799 294.71399 -9999 -9999 -9999 -9999 -9999 -9999 -9999 -9999 -9999 -9999 -9999 -9999 -9999 -9999 -9999 -9999 -9999 -9999 -9999 -9999 -9999 -9999 -9999 -9999 -9999 -9999
302.29401 302.75101 300.93600 301.99301 300.77899 299.95300 300.72900 302.49799 302.95901 304.08600 302.99200 303.29999 302.92401 302.40500 301.97900 301.78699 301.54901 301.43201 301.34100 301.46799 301.52499 300.24301 297.33600 295.98599 296.60599 297.48001 298.60199 299.13000 299.13699 297.74301 296.56699 298.71799 298.21100 298.14999 297.96399 297.82101 297.08200 297.28000 296.88901 297.07001 296.40302 295.55499 295.47601 295.62500 296.53101 -9999 -9999 -9999 -9999 -9999 -9999 -9999 -9999 -9999 -9999 -9999 -9999 -9999 -9999 -9999 -9999 -9999 -9999 -9999 -9999 -9999 -9999 -9999 -9999 -9999
292.64600 292.15799 291.14499 293.95599 287.87100 293.17200 294.90100 294.00299 295.38300 295.17499 297.96799 297.92801 299.10599 302.55499 303.41199 303.67200 302.74500 302.39301 302.08099 301.46201 300.16901 298.40900 298.24301 297.77802 298.00000 298.69501 295.28299 297.71600 299.81400 300.13101 297.55600 298.92200 299.31400 299.52399 298.82501 299.46799 299.07800 298.52499 298.63800 297.46301 297.61301 297.38901 297.53400 297.61099 298.20599 -9999 -9999 -9999 -9999 -9999 -9999 -9999 -9999 -9999 -9999 -9999 -9999 -9999 -9999 -9999 301.30899 300.43301 -9999 -9999 -9999 -9999 294.48001 289.81201 285.90701 291.54300
294.39001 294.33801 292.89200 294.08099 290.20599 296.32700 300.11801 299.14301 295.82999 294.70099 294.45999 301.51401 302.77200 304.11600 303.43301 302.61899 304.22699 303.17700 303.92999 302.59698 302.86899 301.52899 299.91699 299.95999 302.40500 301.43201 301.69299 301.41101 301.19400 302.32999 301.69101 301.72800 301.13300 300.86499 300.81601 300.63101 300.57599 300.25000 300.08600 299.61899 298.82501 299.09399 299.24799 299.26401 298.95300 298.49701 298.82501 299.36401 298.05600 292.91501 290.96500 292.72299 290.75299 291.66299 294.14001 293.70901 292.87701 299.95200 300.20200 300.53000 300.64001 300.83801 -9999 -9999 -9999 -9999 -9999 296.62799 293.44299 294.16299
290.19699 288.36600 295.36499 294.02301 288.46201 293.24500 298.87900 299.82800 300.30899 303.70901 306.00800 306.66101 306.23599 308.12500 307.89401 307.02899 306.61801 305.82300 305.49200 304.97800 304.50201 304.87500 304.95599 304.38199 304.17899 303.55600 304.01801 303.35999 303.35199 303.17200 303.66199 303.17700 303.08401 302.41400 302.09201 302.06201 302.04501 301.28601 301.35101 301.59900 300.97501 300.49200 300.60901 300.10501 299.98901 299.16000 298.57800 299.17899 298.59799 293.92300 291.62201 294.57501 296.78799 294.91199 289.28799 284.97800 291.59900 288.74301 288.20801 289.66400 293.75500 294.26001 292.56299 297.22699 300.29401 301.39499 300.58499 300.66599 300.65500 300.76999
296.84799 287.73599 274.72000 299.82999 288.21899 286.81601 292.37900 295.80899 295.39700 307.86899 309.23599 308.67599 308.28699 309.58200 309.23599 308.50500 308.30399 307.95200 307.66199 307.07101 303.36801 302.96500 305.17300 305.61499 306.07901 305.16199 305.11899 304.87799 304.71899 305.07401 304.99600 304.10800 304.44000 303.81900 303.56299 303.80801 303.59601 302.98801 303.05899 302.83701 302.73901 302.72699 301.35800 301.61499 301.46100 300.35501 300.48599 300.38400 300.09100 300.42300 299.37601 297.01901 299.24200 296.65500 296.72699 292.73599 286.93301 285.86899 287.79700 288.04599 286.60400 287.98599 283.79300 289.82199 297.55200 300.38800 301.34601 301.29300 301.56500 302.36600
287.31000 285.36801 279.80499 291.71399 308.50101 302.48001 307.57800 306.89001 300.23199 303.33701 307.74701 307.75900 308.89600 309.06601 309.04999 310.09000 309.64301 309.14600 308.38199 305.95200 297.58801 297.99600 300.48300 301.33499 304.25000 306.52200 306.22400 306.52701 306.48700 305.97501 305.71399 306.17099 305.85699 305.57599 304.92899 304.18799 303.72400 305.03400 303.46500 302.81000 301.31500 302.79199 304.09799 296.85101 295.41800 297.01801 300.07199 302.10501 303.66501 304.24100 300.58401 298.06699 297.60199 296.03101 295.66199 295.35901 296.88199 295.03601 289.42200 287.40799 285.64301 283.00400 280.55701 279.95401 287.38300 293.40500 295.75101 297.10101 298.02899 293.98499
302.57401 291.36200 284.65799 287.23001 287.57999 298.15701 309.69601 306.66000 300.22699 297.93301 304.66400 291.45099 293.94101 297.75101 303.94400 308.35400 309.10999 310.38501 309.52499 307.37399 302.88800 299.32700 302.20801 303.50400 305.58401 308.34900 308.02499 308.50201 308.47900 307.40601 307.57999 307.45801 306.50400 303.95700 305.35101 304.57101 302.02600 302.75201 302.22299 301.14999 298.59900 299.60599 302.30399 301.30301 300.63400 295.92099 295.46201 297.60800 299.86301 303.87500 298.71701 296.79901 296.81201 296.27200 298.30200 293.78000 289.93399 287.79099 282.74399 287.64301 291.06100 289.45901 290.31601 289.96100 286.31500 284.87399 292.27701 289.10001 293.43500 292.97699
300.16699 293.91699 289.54599 287.05099 283.04300 281.52499 297.22000 302.63101 305.65601 303.41599 306.49200 297.88101 286.31201 279.74600 276.03900 288.00500 297.19501 302.78201 308.33499 309.61200 310.08701 309.29999 309.12500 308.28400 308.91299 310.28500 309.57501 310.23499 309.90900 309.46701 307.50601 307.16199 305.71201 302.81900 303.35800 304.90100 302.29099 300.69800 297.71701 300.16000 301.14801 299.06500 298.43900 300.33600 301.42300 297.87799 300.01199 299.63101 300.02301 303.85800 304.45401 304.15500 302.65900 299.92300 298.76700 298.04999 296.16699 290.32800 286.62000 289.74399 283.73801 285.44299 287.69901 290.36200 293.04401 297.57101 297.58801 296.25601 295.24399 295.06601
288.73099 283.39401 284.85699 280.18799 279.93201 283.14899 284.51801 283.37201 287.64700 292.77701 300.79800 306.72299 300.96799 295.62799 289.20901 281.21799 280.95999 281.97699 286.61301 295.29901 299.54999 305.76901 307.26700 308.48199 309.40900 311.25000 312.10999 311.33701 310.77899 307.02899 304.54401 307.94601 299.00500 296.24600 296.39200 297.77499 297.32800 298.31100 297.45599 299.28799 298.35001 298.45999 297.77399 302.30301 298.61099 298.11301 296.06900 295.54901 296.19800 299.34500 299.70901 295.16400 294.48099 290.97900 290.15201 291.62000 291.93600 285.22800 289.98300 290.65601 285.25601 289.28201 289.15799 291.67499 298.43900 299.85101 299.15399 294.82300 298.07501 298.38300
294.93799 287.61700 281.67001 277.19199 279.36700 277.30801 275.78900 278.45200 283.67599 284.19699 292.06100 293.98999 292.54300 293.66199 297.36401 295.89001 295.14200 289.37100 283.54800 281.33600 284.82999 291.53900 295.73801 305.97198 311.74399 315.04401 315.44901 313.63199 308.46600 304.07300 303.44000 302.35699 301.42200 296.96899 299.32001 298.19400 306.08801 305.14401 302.67499 298.00400 300.45200 304.47900 306.66699 304.60800 301.96799 295.07901 293.47699 291.72400 293.76599 292.88599 288.10001 285.87900 287.78101 285.08301 280.63101 284.46301 280.99701 288.56201 284.42999 289.90500 294.02301 294.02802 297.11401 297.44699 299.02499 294.19800 298.36499 302.49701 303.96799 303.11200
291.29700 289.96701 288.96701 288.15100 289.50400 282.80499 277.89001 278.68500 279.02701 280.43301 288.50101 296.63699 280.47601 282.40601 287.96600 278.28299 272.57001 274.39600 299.97601 286.84799 274.35001 279.07300 284.01401 292.94901 312.16101 315.95599 316.72800 314.24600 310.32101 305.66299 305.47000 302.09799 301.61499 302.45300 302.54099 310.52899 308.56799 303.97198 304.07300 300.98901 299.77399 295.57199 300.77399 301.37299 298.85901 305.27301 304.72900 298.62601 294.60199 289.99100 288.18301 285.72900 288.85199 288.23001 287.72400 284.07599 282.46301 286.11899 285.76001 293.20801 295.21799 300.93600 302.45599 300.07401 297.41599 304.28201 306.57001 307.01901 308.44101 307.89999
290.04700 290.17499 290.79501 290.99399 292.22699 289.61600 288.94501 288.37399 285.76300 287.64200 286.59698 288.32001 286.88000 286.93100 290.00101 282.47400 280.79800 272.60400 278.69000 287.04999 292.75201 290.71799 290.05499 296.43799 300.42001 309.42801 316.55200 314.68399 313.94199 309.71899 309.79199 305.32599 305.98099 310.28601 307.80499 308.89001 309.12201 308.11801 306.66501 305.04901 301.62601 295.73001 295.72601 295.09799 296.34000 306.20599 306.99701 300.43301 297.28299 292.22400 286.76999 285.03299 289.54199 292.42001 285.70401 289.14099 291.24799 292.55200 295.70200 291.00699 296.60199 298.97900 303.01401 303.66800 308.84201 310.10199 309.81000 308.97000 306.86401 302.15500
290.62299 289.79999 289.25699 286.46799 287.33499 288.56699 292.81201 292.68100 293.86401 294.31601 294.98901 288.31500 282.13901 285.96201 291.49600 291.92599 286.73901 283.53101 282.28299 276.06100 280.99200 289.23199 297.30099 303.95599 302.80499 300.70599 305.19501 311.65701 310.76700 307.53101 304.34201 306.29999 305.31500 313.20999 310.87100 309.53000 304.50201 304.72400 297.87701 302.53900 295.20300 288.19101 293.74500 295.26099 289.10300 293.80399 300.66400 298.11499 297.18500 296.02899 293.46399 289.52802 296.50601 299.60001 300.43100 301.90201 301.07401 299.62100 297.42499 300.15302 297.48599 302.72501 303.77701 305.17801 307.09500 308.81601 311.18399 310.56400 309.61700 306.49100
296.87601 288.23599 284.11801 280.23300 280.02301 285.51999 287.35800 290.46500 292.08801 296.45801 290.61700 290.07800 287.26901 278.94699 285.20499 292.56299 294.35901 287.51700 283.44601 279.40399 280.47400 286.31601 289.36600 291.50101 296.37100 298.49100 302.99100 301.71500 305.98099 308.68701 305.06699 309.93500 306.12201 310.71701 300.81500 297.14301 303.67599 298.97000 291.51599 293.76801 296.17001 289.38901 286.89899 287.20599 290.99100 290.73099 292.54800 294.45099 293.61200 295.38800 292.08401 292.17300 292.27802 295.13300 294.91901 295.23801 297.30801 298.78101 304.81900 308.45200 311.50800 312.20001 309.94800 308.87500 309.89600 310.34100 311.80301 311.44101 310.05600 302.72601
301.23801 296.43701 291.77301 280.38599 279.40500 280.38599 288.75201 289.56900 295.56100 294.25201 296.35599 300.17499 296.98901 292.23499 284.65201 287.61301 288.41800 285.81299 289.80899 289.07800 291.29199 282.45401 290.99899 295.04599 298.42801 300.35901 298.13699 293.42401 300.61099 306.45599 309.57599 301.90302 305.09201 307.21399 299.35999 294.47000 300.98999 297.92001 294.63000 289.78201 290.85400 290.67599 289.10400 292.17700 291.18799 293.19101 292.16699 300.06601 297.91901 295.14801 295.79001 296.64999 295.80801 299.69000 303.43201 302.61899 306.42401 306.32700 308.97400 312.60001 313.94101 313.20401 311.63501 310.23199 308.80600 301.35599 303.86200 302.45999 303.92999 302.40900
301.90701 293.24100 293.59299 284.68701 279.45901 279.35101 274.80801 278.75299 288.83099 289.38000 290.99701 296.10001 291.74301 295.28299 291.51801 283.52301 288.12900 293.46399 295.76300 293.15900 294.34399 297.02499 291.48001 292.43701 298.98599 304.29800 309.46100 304.19199 306.52399 314.34601 310.27701 309.99600 308.18900 303.60901 299.98401 297.12399 295.64099 298.79300 293.38101 288.70801 285.08701 293.36600 294.29401 292.51199 299.32599 302.25699 305.13000 310.46899 313.72501 311.94199 313.18500 314.07700 314.57199 315.12900 312.57501 310.07401 310.30701 311.98700 316.01599 315.74200 315.36200 313.52802 313.37299 307.39700 299.62299 295.86301 298.09900 297.14600 299.65701 303.66299
304.75201 303.25000 297.46201 288.18500 288.89499 281.76801 280.39099 271.09201 277.84299 285.66800 281.86401 281.24301 284.53799 289.84500 285.18100 285.94800 291.57700 289.95200 291.69601 297.08499 297.85101 297.41800 293.44400 286.44199 297.99701 305.51599 307.40500 299.55701 303.45499 304.20999 299.48801 306.26700 308.17999 301.77600 298.85001 295.17700 296.90601 296.21100 296.73099 291.70099 291.01501 297.08600 305.85901 301.86801 307.67401 315.90399 316.57700 314.75201 313.64099 308.38300 312.47699 -9999 -9999 317.88300 317.60999 319.30701 314.76801 314.74799 316.92499 315.81699 312.67999 311.21701 303.63300 296.87399 291.32800 293.84799 290.09201 288.36099 287.57800 300.07800
293.60101 292.09299 296.24799 293.24200 289.05899 287.73401 289.07800 279.48499 288.37299 284.45300 280.67200 278.98199 284.53101 284.60800 283.97198 289.31500 292.07599 287.97101 293.70300 298.74701 294.18600 296.17099 300.16299 300.46600 298.07901 290.34000 297.41901 295.53799 301.01501 300.03299 302.05200 299.52301 306.97601 301.97699 296.31500 295.46701 294.77701 295.03000 304.77200 313.50101 -9999 -9999 -9999 -9999 320.70401 -9999 309.32001 299.95999 306.36499 309.78000 319.23099 -9999 -9999 314.65100 315.49301 317.99899 317.65500 319.25699 317.01999 313.31400 309.09799 307.08701 304.25400 300.33401 297.57599 302.07999 286.79901 285.81000 289.71399 304.06000
