data/hydroclimate-scenarios/BCSD_hadcm_B1/monthly_summaries/olr_monthly_avg_feb.2030-2059.asc
ncols	311
nrows	91
xllcenter	102.75
yllcenter	31.75
cellsize	0.5
NODATA_value	-9999
[rows 31 to 61 of 91, columns 0 to 69 of 311]
-9999 -9999 -9999 -9999 -9999 -9999 -9999 -9999 -9999 -9999 -9999 169.94501 169.80299 169.23500 169.59900 166.26100 165.52499 166.36800 166.28600 166.05800 166.36600 165.77000 166.21500 166.91100 166.67900 166.80400 166.08200 164.82800 166.23500 165.92500 165.72600 166.22200 166.72000 167.39000 167.27400 169.02901 169.56300 167.14700 165.12300 164.83400 164.59900 164.03500 162.99800 160.80200 160.03400 158.95700 158.81599 159.71899 159.73700 158.55800 157.54601 155.95100 154.68500 153.03200 151.56300 150.17300 148.69099 148.32201 147.61000 147.65401 147.16100 146.59500 146.62900 146.97000 147.60699 148.52600 147.97000 151.13699 147.57500 142.41400
-9999 -9999 -9999 -9999 -9999 -9999 -9999 -9999 -9999 -9999 -9999 169.07600 168.61200 169.35100 169.18201 168.19200 167.81100 168.38600 168.20799 168.95000 168.28000 169.17400 170.53700 169.29800 169.51700 167.84801 166.81599 166.64101 166.38400 166.89799 165.89999 166.17999 167.25200 168.44099 168.04300 171.31200 171.61700 171.54700 170.08800 168.30200 167.65500 168.15199 168.14500 165.24001 163.51100 162.07600 161.72800 160.62199 159.90900 158.61400 157.95799 155.65900 154.58800 151.87000 151.70599 151.98801 150.86800 149.90401 149.89200 149.51700 149.12500 148.62700 149.16499 150.03400 151.78700 152.93300 152.42999 153.70300 151.03999 148.53101
-9999 -9999 -9999 -9999 -9999 -9999 -9999 -9999 -9999 -9999 -9999 170.25301 168.99100 170.06799 169.30800 169.14000 168.99899 170.19501 170.50200 171.34801 171.06300 171.02800 171.60100 170.12500 168.22000 165.78200 164.96100 165.36800 166.82201 168.78600 167.41299 167.42200 167.84000 169.97200 170.64500 173.47600 173.44901 173.00900 171.96400 167.72600 169.47099 167.79201 169.20599 167.76900 166.43201 165.31599 164.00500 163.43201 162.22701 160.29500 159.10899 158.49100 156.96700 155.44800 154.95000 154.73199 153.54900 151.83299 151.68800 151.86600 151.44501 151.18201 152.80800 153.43900 154.58099 154.12601 155.04900 156.56599 155.99500 153.69701
-9999 -9999 -9999 -9999 -9999 -9999 -9999 -9999 -9999 -9999 -9999 -9999 170.03101 170.44800 170.28000 171.23900 171.39700 172.56799 173.31100 174.46201 173.92799 171.63400 169.59200 167.24899 166.01300 160.52499 161.13499 160.39600 164.17200 165.75200 166.63499 168.78700 169.17799 170.53400 170.86600 171.85201 172.14700 172.63300 171.86800 169.83501 170.13499 170.46001 170.48000 172.48300 171.95300 170.95200 170.42000 168.67900 167.12801 164.47701 163.52299 161.29601 159.37000 157.81599 155.88901 155.19400 154.77800 154.80499 154.20799 154.89999 154.92500 154.52499 154.03200 153.84900 155.68100 157.13200 158.85699 158.72600 154.73500 154.56900
-9999 -9999 -9999 -9999 -9999 -9999 -9999 -9999 -9999 -9999 -9999 -9999 170.90401 171.33800 171.19501 172.10201 173.11000 174.67000 174.77699 174.77800 174.20100 167.86301 165.91400 163.50999 160.36301 160.70300 161.76801 158.87601 162.02499 162.46201 162.98599 164.01300 168.30600 170.36501 171.07300 172.03799 171.56000 173.52299 173.74200 172.32201 172.32600 171.96001 173.25800 175.00700 177.38200 177.72099 176.95900 173.58701 170.70599 165.61200 163.46600 162.82600 161.42999 159.33400 158.98000 158.01601 157.56599 157.76401 157.45100 157.31900 156.71800 154.15199 154.06799 154.33600 157.03300 160.59500 160.17599 162.62199 161.51601 162.41100
-9999 -9999 -9999 -9999 -9999 -9999 -9999 -9999 -9999 -9999 -9999 -9999 171.40601 173.73801 173.32401 174.12500 173.91200 174.08099 173.04201 171.47000 170.32899 165.91200 164.42500 162.03101 161.46201 158.68401 159.93100 162.31700 161.12601 163.29100 164.30901 167.32500 166.50999 166.78200 170.18300 171.95599 172.50400 173.13901 174.53999 173.71600 171.53400 171.61600 175.06400 177.62199 180.05299 181.34500 179.23599 173.12100 170.77600 168.53000 166.22800 165.13300 164.29700 161.69600 161.40100 160.55000 159.92599 158.91800 158.03300 157.30099 157.33600 155.40700 156.81599 159.54500 159.89999 160.86700 162.15700 166.20700 164.54500 167.92400
-9999 -9999 -9999 173.98199 173.50301 172.98900 173.59500 173.07100 172.00500 -9999 171.89700 172.27400 173.59700 174.71899 174.89500 174.47701 173.96600 174.04100 171.48000 170.16000 170.24500 167.50400 165.53600 164.45100 163.31000 162.05499 163.00999 159.77600 160.30000 156.83501 161.28400 165.26100 163.90300 160.81599 165.87000 168.59900 168.28000 170.10300 171.83701 173.39799 173.74001 173.57300 176.22099 178.72000 178.92300 177.98300 173.22900 174.26199 171.69600 167.23300 164.30000 162.72099 160.33800 155.65500 156.59100 152.58501 150.76500 157.55701 154.41299 157.86501 159.86200 158.17500 159.26801 160.22099 162.90800 164.62399 164.56300 167.87000 170.44501 171.99699
-9999 -9999 -9999 177.11800 176.34599 175.29601 174.03300 173.89400 174.31599 174.20300 175.47000 175.50600 174.05499 174.88901 173.15700 170.98199 169.82300 170.56000 169.98500 170.49600 171.04900 167.26700 168.42500 169.38200 166.43900 165.16400 163.14400 161.34000 159.03200 156.12700 159.70700 158.97900 159.74001 158.98700 161.49400 163.64500 164.69000 163.42999 169.44400 167.42900 168.11200 172.99400 176.11099 175.63800 174.45200 172.20100 171.52499 174.68800 168.86200 164.56900 162.08299 160.41499 157.42000 155.39200 158.50301 155.12399 157.47800 156.91000 153.99699 155.61600 157.62000 158.43300 159.65199 162.15601 163.72501 168.93300 170.08099 174.03600 174.79800 175.80299
-9999 -9999 -9999 178.96400 177.56900 175.18700 174.40100 174.97701 175.89400 176.81200 176.38400 175.12500 173.10500 171.27901 167.64799 169.54601 168.14700 168.96800 170.72301 171.70799 170.53300 166.65300 167.69099 166.21700 162.68800 163.25500 162.57899 161.11501 160.97200 155.17700 151.24400 153.32001 157.61400 159.26300 158.89400 161.79100 164.20100 166.41400 168.07001 167.64101 168.01601 171.54800 174.45100 175.70599 177.53799 175.26100 174.17999 171.11200 169.18800 162.97501 159.93401 162.92500 160.35800 158.88600 159.73300 158.39900 159.11200 159.63000 157.31599 157.49699 160.69501 162.52000 165.05099 163.99200 167.52600 170.32899 172.06799 173.20599 171.01100 174.05600
-9999 -9999 -9999 178.41600 179.90800 176.37000 177.05800 175.26300 174.76700 174.14000 175.48000 175.97701 171.35300 168.24300 166.94099 167.25400 166.06900 164.67000 165.90300 168.40300 165.13000 161.96500 158.74699 159.96899 160.80600 161.40800 162.06200 160.96700 155.12300 151.07600 153.31100 160.08299 156.99899 153.27200 154.16400 158.05000 163.13699 168.20000 166.55299 168.05800 168.14700 166.45000 165.66499 169.47200 175.97000 171.56200 168.65700 171.35600 165.43100 165.28200 159.82899 161.27800 159.96899 156.31200 158.20900 159.04500 159.62601 158.11099 157.28000 158.63699 156.27200 162.07800 164.40800 166.55600 168.43300 171.08800 172.32700 173.48500 170.83400 173.13300
-9999 -9999 -9999 179.70799 180.62100 175.91600 175.78500 175.39999 173.57600 174.35800 176.99001 174.10300 169.54900 166.17700 163.14101 164.47000 163.50700 165.37801 169.41600 172.07201 167.97600 164.92000 162.03999 165.29401 165.85699 165.78900 166.81100 163.80800 158.15199 154.50500 153.79700 155.64000 154.61501 156.80701 158.72301 160.63000 161.63901 166.14000 168.60100 168.39400 167.05600 166.89700 166.41701 167.50800 171.11700 171.38499 170.96899 169.95100 167.59500 165.25301 163.07800 165.45799 162.24400 156.47200 160.78300 157.41299 161.57201 161.58400 160.25200 156.82600 159.02000 161.59200 164.43700 162.97800 165.10800 171.66100 172.15601 171.65401 172.61099 181.96300
-9999 -9999 -9999 -9999 176.78101 174.33600 174.76100 171.63800 171.24300 172.74300 176.06900 174.10600 164.68800 169.37000 -9999 -9999 -9999 -9999 -9999 162.92000 162.44501 163.86501 161.21899 159.41499 161.42700 162.94600 167.68800 164.25999 161.45300 162.65500 160.22000 158.62199 158.15800 161.33099 165.74699 167.13499 165.92400 169.05600 168.92599 169.42900 171.18300 171.06400 170.07899 168.54800 170.42101 172.14400 170.89400 166.65500 168.11900 168.76300 165.32001 163.38400 164.89999 159.25301 157.84000 155.67400 154.85001 156.15800 157.46700 160.26300 159.73700 159.17000 161.98599 164.90300 167.35100 168.24899 172.30901 180.28300 186.37601 -9999
-9999 -9999 181.32700 178.97000 176.68900 175.93300 174.61501 170.84100 173.12500 173.36800 175.96500 173.41800 165.70200 -9999 -9999 -9999 -9999 -9999 158.37100 163.76900 164.23100 167.81599 167.13400 164.03500 163.88000 163.77800 168.73801 168.62500 166.48300 166.97200 164.81700 162.74699 163.88699 164.87601 166.83400 169.53600 168.20599 169.64999 169.29300 170.32600 169.75900 171.87500 171.36400 173.22900 174.78400 174.68201 173.57001 172.48500 174.12100 175.23000 172.81599 170.62700 168.76300 168.66901 164.17300 166.09000 162.54100 159.48801 159.85899 166.13400 166.46500 166.73000 168.53600 168.75700 172.60400 175.55600 179.43100 -9999 -9999 -9999
-9999 -9999 182.13000 180.20399 178.94200 176.59100 176.78900 172.27600 173.15300 174.87900 172.77499 171.55400 171.79300 -9999 -9999 -9999 -9999 167.95799 161.81400 168.05400 168.75600 172.76300 170.47400 171.69701 173.51700 175.43900 173.88901 171.38699 171.84100 169.75900 167.29401 164.28200 167.66800 169.03000 168.72099 171.05099 171.78500 171.56300 168.46300 166.25900 169.21899 168.51601 169.35600 171.81200 171.08900 172.64999 174.36600 172.42900 177.46700 175.02800 174.95000 174.91000 174.86400 173.19800 171.59500 174.94901 172.12300 165.15401 163.78900 168.34000 170.81500 167.66800 171.95599 177.12100 181.44600 -9999 -9999 -9999 -9999 -9999
-9999 -9999 185.66299 181.34599 180.24600 178.37801 178.11000 176.06500 175.01900 174.71600 171.44000 171.72301 185.69501 -9999 -9999 -9999 -9999 163.93401 165.85899 168.80299 171.81000 174.55299 175.79800 175.28101 175.44901 175.79500 172.70599 173.68900 172.33900 169.35400 167.72200 167.45700 167.92900 168.10500 170.70300 171.31799 170.63901 169.30701 167.87900 170.00301 170.64200 172.79500 174.55099 172.75600 173.73199 171.89200 172.12500 171.66100 174.08400 173.51900 176.67500 174.94701 174.34500 172.66299 171.63200 176.39999 176.33000 170.71600 171.93700 174.16901 179.48599 180.67000 181.80800 179.21300 176.61800 177.12300 184.36000 183.47701 188.64799 -9999
-9999 -9999 -9999 184.97800 182.44901 181.14400 181.25200 180.89700 178.01700 175.26199 177.26700 184.74300 -9999 -9999 -9999 -9999 167.73700 166.39200 170.25200 173.69901 175.39400 177.57100 175.95799 177.13000 175.48399 175.18800 174.13699 169.20900 168.89400 164.51199 165.93500 168.52699 171.22200 173.20100 174.42200 174.04300 174.03300 174.34100 173.67799 173.15100 173.64000 175.43100 176.02800 177.70799 179.78999 177.55299 178.58900 180.26601 178.29500 177.64799 174.36700 175.51500 176.58600 174.64101 171.72501 170.28500 171.03999 168.16600 170.26900 175.45500 177.48399 179.56000 175.30299 165.38400 161.24100 174.41499 181.60400 182.04900 185.44099 189.28500
-9999 -9999 -9999 -9999 187.99100 185.39799 183.85600 181.07500 178.52200 181.87300 187.86700 -9999 -9999 -9999 -9999 170.97800 169.50900 172.15300 174.71300 176.91901 177.19701 178.14900 178.72200 175.88800 174.56200 176.67500 176.22200 171.68600 169.15401 168.58200 167.21899 172.70500 174.32401 175.49400 173.93201 173.72301 174.03400 174.78799 173.70300 173.42200 172.99500 174.68600 176.88400 180.03300 180.83000 179.94701 179.73700 180.44701 180.16200 179.04500 178.47200 178.91200 176.83400 176.50600 176.39000 175.44901 176.81300 170.98399 172.11400 176.64301 174.30800 172.87000 172.74400 172.75999 170.11700 174.51100 181.61600 183.89600 181.74100 185.31200
-9999 -9999 -9999 -9999 -9999 -9999 186.34399 184.77299 187.33000 188.15100 183.07201 -9999 -9999 -9999 -9999 -9999 175.65800 178.03799 179.78300 177.70799 176.93401 185.01100 177.21001 176.02100 175.64301 176.99899 177.10800 176.41701 176.26900 173.64999 171.92200 173.48000 175.54100 172.78101 173.70200 175.66600 174.34700 172.96100 175.49300 173.75400 173.85201 172.57700 174.38901 176.58900 177.32500 179.99800 181.04500 180.51900 180.14900 179.21001 179.27299 178.86000 178.67799 178.27901 176.64900 176.98700 176.57800 173.60500 173.72600 174.49500 172.89700 171.78200 171.51801 169.20200 167.29800 172.28799 179.17700 184.58701 183.03000 183.22301
-9999 -9999 -9999 -9999 -9999 -9999 -9999 -9999 -9999 -9999 -9999 -9999 -9999 -9999 -9999 -9999 -9999 -9999 -9999 179.11800 178.94299 183.66100 180.50600 179.66701 178.69701 176.38699 176.72099 180.80499 179.65500 174.14200 173.64700 174.72400 172.86099 173.09700 173.41299 174.38000 174.83600 174.25000 174.28400 172.17999 171.31900 173.31700 175.68100 176.06599 176.98000 179.27000 181.02400 181.74899 180.82001 180.09900 179.81300 180.86099 179.45599 179.92700 177.85500 176.99100 176.75301 175.86800 174.34200 174.88400 170.56000 172.73500 172.07300 168.44400 168.13300 177.65199 182.98500 185.92900 184.45700 181.18600
-9999 -9999 -9999 -9999 -9999 -9999 -9999 -9999 -9999 -9999 -9999 -9999 -9999 -9999 -9999 -9999 -9999 -9999 184.93500 180.29601 182.12300 183.24100 184.89400 183.88400 183.16299 182.23000 182.11099 177.30800 174.96800 173.19299 173.26199 172.75301 172.17101 171.76700 172.94200 173.80200 172.82600 174.74899 172.16499 170.80800 170.42799 172.29401 173.70000 173.78600 175.34900 176.22900 179.33099 183.82700 184.86900 183.64400 184.00200 181.05299 180.32001 179.70100 177.12399 178.35699 177.52699 173.76700 171.74400 175.58600 177.36301 178.33200 175.98599 173.56500 172.57500 182.24500 186.02699 187.44000 187.28900 187.66800
-9999 -9999 -9999 -9999 -9999 -9999 -9999 -9999 -9999 -9999 -9999 -9999 -9999 -9999 -9999 -9999 -9999 186.67300 186.44299 186.11800 184.99300 184.66299 184.02000 186.24600 185.58800 184.22501 183.50101 177.45200 173.50800 172.51900 172.31300 173.62000 173.29300 174.96400 175.05901 172.38400 170.52699 171.97800 173.09200 171.69701 172.43300 173.85400 173.86900 175.08099 176.75301 178.71400 180.20599 182.89500 186.51801 185.69600 187.02100 184.98399 182.08299 180.83099 179.95599 178.94000 177.17799 173.99800 173.61301 177.61099 183.33501 179.85001 171.62199 170.88600 180.24800 185.75800 185.94000 188.85300 188.95000 189.71300
-9999 -9999 -9999 -9999 -9999 -9999 -9999 -9999 -9999 -9999 -9999 -9999 -9999 -9999 -9999 -9999 -9999 185.66000 188.09200 183.73100 185.05299 185.75500 185.72400 186.33299 189.56000 186.67300 185.12000 180.86301 179.42500 174.37601 173.94800 176.22200 177.23599 177.74100 175.34500 172.74899 172.08600 172.41299 169.94901 171.80299 173.16100 176.39400 177.30299 178.24500 178.82100 185.00999 186.33400 182.09700 184.61700 188.92300 189.23199 188.05299 184.98100 182.89700 182.23700 180.41400 175.32600 175.07800 178.79800 180.78600 180.15401 177.64500 177.95799 177.55800 174.68600 179.84599 186.50600 184.20399 190.08600 191.89799
-9999 -9999 -9999 -9999 -9999 -9999 -9999 -9999 -9999 -9999 -9999 -9999 -9999 -9999 -9999 -9999 180.29300 182.78900 183.54500 183.98900 187.63901 190.06700 187.73300 190.44901 193.59900 187.61700 186.74899 188.12199 184.67599 179.43800 176.55600 179.04700 179.04800 180.26700 178.74001 176.27800 174.78700 173.95000 172.54100 175.82500 178.18700 179.12500 179.02600 180.81799 182.29800 186.22600 187.48300 182.25600 185.14101 190.82300 191.81599 189.35400 186.09801 184.37700 183.18100 181.76900 180.80299 179.96100 181.34100 180.06000 182.14500 181.92599 179.50700 174.45000 180.37700 184.07600 186.90500 189.88100 195.54601 196.03400
-9999 -9999 -9999 -9999 -9999 -9999 -9999 -9999 -9999 -9999 -9999 -9999 -9999 180.11000 178.32401 180.68600 180.86301 178.69701 183.80299 189.53600 190.78999 189.73300 191.49400 189.84599 188.12700 190.81500 189.79401 191.54700 190.49100 188.29300 186.01700 183.20799 182.09100 180.81799 179.99001 178.25000 179.21600 182.49100 182.49300 181.57100 182.61099 185.58299 186.09500 185.98000 184.97600 185.55701 186.00700 187.38901 187.39799 186.04201 186.45300 186.30400 185.55800 186.41200 185.40300 182.97099 183.74899 184.28400 185.44701 184.73900 185.04201 186.83600 186.97800 189.27499 193.36800 197.71800 198.79601 198.30200 198.66400 197.68600
-9999 -9999 -9999 -9999 -9999 -9999 -9999 -9999 -9999 -9999 -9999 -9999 182.73000 180.07001 178.43600 182.00700 182.34801 183.57001 184.72301 193.50600 189.58800 192.94200 193.13901 191.06200 190.42200 193.11301 191.53300 194.38400 192.55800 189.10600 186.90900 185.62000 184.30701 182.45300 182.45200 181.95900 182.68900 186.84000 187.52699 187.50600 186.48801 188.38000 188.91200 187.40199 187.16400 187.20399 187.48700 188.39999 187.46100 185.10100 185.65199 187.07201 186.76300 187.85699 187.36700 187.24500 187.34599 184.76801 184.00900 184.64101 185.65500 190.01401 191.73000 192.59200 196.87399 200.99200 201.68800 201.50000 202.14000 197.35300
-9999 -9999 -9999 -9999 -9999 -9999 -9999 -9999 -9999 -9999 -9999 175.46700 176.48399 177.33099 180.71600 185.10001 186.85201 186.74800 188.25000 187.89101 190.32100 192.22600 191.95700 192.39700 191.42599 189.53600 188.59801 192.20000 193.43800 191.34000 188.10100 186.94299 185.70100 185.16100 185.82800 182.57500 182.89700 187.11600 192.31700 191.28400 191.03799 191.37100 192.56100 192.15700 191.70799 189.00200 188.95700 189.47701 188.29401 186.59000 186.81300 182.83900 184.48100 185.63699 187.07899 187.43300 190.26900 188.98700 192.35800 193.86600 194.37900 197.60100 198.93401 201.07500 203.16499 205.06300 204.54500 205.22701 201.42300 196.50101
-9999 -9999 -9999 -9999 -9999 -9999 -9999 -9999 -9999 -9999 179.01500 176.95700 179.78500 179.47501 182.41100 186.96001 187.93201 186.79800 187.67799 187.52699 189.25500 192.64900 193.50600 193.75800 192.67400 191.49800 190.15401 194.74400 193.98000 191.27600 189.58501 188.48900 187.67300 186.79201 186.64400 183.62399 183.97301 188.97400 193.70799 194.05901 194.94400 196.99699 198.07100 196.22800 194.53600 192.19800 192.06000 191.73500 190.68700 189.27200 188.46300 184.18500 186.58400 187.72301 189.44200 191.00400 191.04900 193.08600 197.71300 197.78000 197.84300 199.68300 200.87500 203.09300 204.80600 206.54800 207.46001 206.74899 202.45399 195.32899
-9999 -9999 -9999 -9999 -9999 -9999 -9999 -9999 -9999 189.64500 188.25600 184.41299 183.40601 184.06300 183.91299 184.21400 184.51401 188.26401 190.89700 190.06799 191.90100 192.35699 192.32001 194.40199 194.83701 195.73399 195.67500 194.35899 193.07500 189.99500 190.18201 187.95900 186.05000 180.37199 179.00700 181.27000 182.67900 191.49600 195.09900 200.13499 202.39101 207.81000 208.83099 203.71800 201.80400 198.83200 198.77400 195.96600 194.47200 194.24100 192.89600 188.19000 186.95399 183.91100 184.49400 196.64301 200.17200 202.61400 202.21400 202.45300 201.99899 203.18500 204.36099 204.39799 206.10500 206.63901 207.19000 204.60500 201.76300 199.23399
-9999 -9999 -9999 -9999 -9999 -9999 -9999 -9999 -9999 -9999 190.60100 187.55400 186.27100 187.44299 188.78799 186.26100 184.74001 188.24600 190.48000 188.66800 188.92900 192.11800 192.47501 -9999 -9999 -9999 -9999 -9999 -9999 191.15401 190.08800 189.66100 187.95900 181.49100 179.14999 182.32500 184.57401 192.96700 197.43100 204.75800 205.20300 210.29800 210.61200 206.22900 204.31599 200.95100 199.72099 197.93300 196.70000 196.58200 194.59900 191.37700 188.35699 185.39600 186.25200 199.11301 203.21300 204.62000 204.25500 204.08400 204.23300 204.29900 205.13901 204.77100 201.64799 206.30800 204.57201 203.29900 194.97000 197.93300
-9999 -9999 -9999 -9999 -9999 -9999 -9999 -9999 -9999 -9999 -9999 -9999 189.45599 190.12700 188.27299 194.24001 192.66901 192.97099 193.24899 -9999 -9999 -9999 -9999 -9999 -9999 -9999 -9999 -9999 -9999 -9999 -9999 -9999 -9999 185.56200 181.60100 185.82001 188.29800 197.54401 204.94501 207.92101 209.68600 210.29401 209.75999 207.71001 205.66400 202.49899 201.33299 200.82401 199.98300 197.51100 195.48900 189.01199 188.45599 190.36000 192.67599 200.18201 202.39000 203.15500 204.55600 205.25500 204.76401 202.82700 202.39900 204.25200 206.74001 207.92700 204.89000 203.41600 202.62500 208.17400
-9999 -9999 -9999 -9999 -9999 -9999 -9999 -9999 -9999 -9999 -9999 -9999 -9999 -9999 -9999 -9999 -9999 -9999 -9999 -9999 -9999 -9999 -9999 -9999 -9999 -9999 -9999 -9999 -9999 -9999 -9999 -9999 -9999 -9999 186.67400 187.96899 194.97099 200.63300 205.73801 210.22600 210.67599 210.86200 210.68800 209.48000 207.46201 203.79601 202.42300 202.46600 200.70399 198.22800 196.03600 190.77699 190.02600 191.91901 193.94000 203.29500 203.96400 201.54800 203.34599 205.45200 205.29100 203.36700 204.45799 206.65601 209.38300 207.88300 205.30200 204.11900 202.18600 208.96400
