data/hydroclimate-scenarios/BCSD_hadcm_B1/monthly_summaries/precip_monthly_tot_may.2070-2099.asc
ncols	311
nrows	91
xllcenter	102.75
yllcenter	31.75
cellsize	0.5
NODATA_value	-9999
[rows 0 to 31 of 91, columns 71 to 141 of 311]
-9999 -9999 -9999 -9999 -9999 -9999 -9999 -9999 -9999 -9999 -9999 -9999 -9999 -9999 -9999 -9999 -9999 -9999 -9999 -9999 -9999 -9999 -9999 -9999 -9999 -9999 -9999 -9999 -9999 -9999 -9999 -9999 -9999 -9999 -9999 -9999 -9999 -9999 -9999 -9999 -9999 -9999 -9999 -9999 -9999 -9999 -9999 -9999 -9999 -9999 -9999 -9999 -9999 -9999 -9999 -9999 -9999 -9999 -9999 -9999 -9999 -9999 -9999 -9999 -9999 -9999 -9999 -9999 -9999 -9999 -9999
-9999 -9999 -9999 -9999 -9999 -9999 -9999 -9999 -9999 -9999 -9999 -9999 -9999 -9999 -9999 -9999 -9999 -9999 -9999 -9999 -9999 -9999 -9999 -9999 -9999 -9999 -9999 -9999 -9999 -9999 -9999 -9999 -9999 -9999 -9999 -9999 -9999 -9999 -9999 -9999 -9999 -9999 -9999 -9999 -9999 -9999 -9999 -9999 -9999 -9999 -9999 -9999 -9999 -9999 -9999 -9999 -9999 -9999 -9999 -9999 -9999 -9999 -9999 -9999 -9999 -9999 -9999 -9999 -9999 -9999 -9999
-9999 -9999 -9999 -9999 -9999 -9999 -9999 -9999 -9999 -9999 -9999 -9999 -9999 -9999 -9999 -9999 -9999 -9999 -9999 -9999 -9999 -9999 -9999 -9999 -9999 -9999 -9999 -9999 -9999 -9999 -9999 -9999 -9999 -9999 -9999 -9999 -9999 -9999 -9999 -9999 -9999 -9999 -9999 -9999 -9999 -9999 -9999 -9999 -9999 -9999 -9999 -9999 -9999 -9999 -9999 -9999 -9999 -9999 -9999 -9999 -9999 -9999 -9999 -9999 -9999 -9999 -9999 -9999 -9999 -9999 -9999
-9999 -9999 -9999 -9999 -9999 -9999 -9999 -9999 -9999 -9999 -9999 -9999 -9999 -9999 -9999 -9999 -9999 -9999 -9999 -9999 -9999 -9999 -9999 -9999 -9999 -9999 -9999 -9999 -9999 -9999 -9999 -9999 -9999 -9999 -9999 -9999 -9999 -9999 -9999 -9999 -9999 -9999 -9999 -9999 -9999 -9999 -9999 -9999 -9999 -9999 -9999 -9999 -9999 -9999 -9999 -9999 -9999 -9999 -9999 -9999 -9999 -9999 -9999 -9999 -9999 -9999 -9999 -9999 -9999 -9999 -9999
-9999 -9999 -9999 -9999 -9999 -9999 -9999 -9999 -9999 -9999 -9999 -9999 -9999 -9999 -9999 -9999 -9999 -9999 -9999 -9999 -9999 -9999 -9999 -9999 -9999 -9999 -9999 -9999 -9999 -9999 -9999 -9999 -9999 -9999 -9999 -9999 -9999 -9999 -9999 -9999 -9999 -9999 -9999 -9999 -9999 -9999 -9999 -9999 -9999 -9999 -9999 -9999 -9999 -9999 -9999 -9999 -9999 -9999 -9999 -9999 -9999 -9999 -9999 -9999 -9999 -9999 -9999 -9999 -9999 -9999 -9999
-9999 -9999 -9999 -9999 -9999 -9999 -9999 -9999 -9999 -9999 -9999 -9999 -9999 -9999 -9999 -9999 -9999 -9999 -9999 -9999 -9999 -9999 -9999 -9999 -9999 -9999 -9999 -9999 -9999 -9999 -9999 -9999 -9999 -9999 -9999 -9999 -9999 -9999 -9999 -9999 -9999 -9999 -9999 -9999 -9999 -9999 -9999 -9999 -9999 -9999 -9999 -9999 -9999 -9999 -9999 -9999 -9999 -9999 -9999 -9999 -9999 -9999 -9999 -9999 -9999 -9999 -9999 -9999 -9999 -9999 -9999
-9999 -9999 -9999 -9999 -9999 -9999 -9999 -9999 -9999 -9999 -9999 -9999 -9999 -9999 -9999 -9999 -9999 -9999 -9999 -9999 -9999 -9999 -9999 -9999 -9999 -9999 -9999 -9999 -9999 -9999 -9999 -9999 -9999 -9999 -9999 -9999 -9999 -9999 -9999 -9999 -9999 -9999 -9999 -9999 -9999 -9999 -9999 -9999 -9999 -9999 -9999 -9999 -9999 -9999 -9999 -9999 -9999 -9999 -9999 -9999 -9999 -9999 -9999 -9999 -9999 -9999 -9999 -9999 -9999 -9999 -9999
-9999 -9999 -9999 -9999 -9999 -9999 -9999 -9999 -9999 -9999 -9999 -9999 -9999 -9999 -9999 -9999 -9999 -9999 -9999 -9999 -9999 -9999 -9999 -9999 -9999 -9999 -9999 -9999 -9999 -9999 -9999 -9999 -9999 -9999 -9999 -9999 -9999 -9999 -9999 -9999 -9999 -9999 -9999 -9999 -9999 -9999 -9999 -9999 -9999 -9999 -9999 -9999 -9999 -9999 -9999 -9999 -9999 -9999 -9999 -9999 -9999 -9999 -9999 -9999 -9999 -9999 -9999 -9999 -9999 -9999 -9999
-9999 -9999 -9999 -9999 -9999 -9999 18.11670 -9999 -9999 -9999 -9999 -9999 -9999 -9999 -9999 -9999 -9999 -9999 -9999 -9999 -9999 -9999 -9999 -9999 -9999 -9999 -9999 -9999 -9999 -9999 -9999 -9999 -9999 -9999 -9999 -9999 -9999 -9999 -9999 -9999 -9999 -9999 -9999 -9999 -9999 -9999 -9999 -9999 -9999 -9999 -9999 -9999 -9999 -9999 -9999 -9999 -9999 -9999 -9999 -9999 -9999 -9999 -9999 -9999 -9999 -9999 -9999 -9999 -9999 -9999 -9999
-9999 -9999 19.00250 14.75500 15.13670 17.00920 17.36920 19.23420 19.77000 21.61080 21.99170 23.31330 23.31170 21.14750 20.91250 20.43830 20.17250 18.37500 18.26420 16.43580 16.42920 14.90000 -9999 -9999 -9999 -9999 -9999 -9999 -9999 -9999 -9999 -9999 -9999 -9999 -9999 -9999 -9999 -9999 -9999 -9999 -9999 -9999 -9999 -9999 -9999 -9999 -9999 -9999 -9999 -9999 -9999 -9999 -9999 -9999 -9999 -9999 -9999 -9999 -9999 -9999 -9999 -9999 -9999 -9999 -9999 -9999 -9999 -9999 -9999 -9999 -9999
-9999 -9999 -9999 -9999 16.35080 16.63500 18.74750 18.82170 19.09580 21.14830 21.35920 23.24250 23.00920 22.93750 20.71580 20.31420 20.39580 19.97830 18.50250 18.00330 17.96170 16.19580 -9999 -9999 -9999 -9999 -9999 -9999 -9999 -9999 -9999 -9999 -9999 -9999 -9999 -9999 -9999 -9999 -9999 -9999 -9999 -9999 -9999 -9999 -9999 -9999 -9999 -9999 -9999 -9999 -9999 -9999 -9999 -9999 -9999 -9999 -9999 -9999 -9999 -9999 -9999 -9999 -9999 -9999 -9999 -9999 -9999 -9999 -9999 -9999 -9999
13.59500 13.52830 15.55830 15.85920 16.29000 16.37420 18.26080 18.49250 20.43170 20.69080 20.77580 20.84170 22.56830 22.46250 20.59250 20.36750 20.14750 20.05250 19.67920 17.91000 17.71830 16.21420 16.40500 14.54830 14.48500 12.67670 12.60330 11.05500 -9999 -9999 -9999 -9999 -9999 -9999 -9999 -9999 -9999 -9999 -9999 -9999 -9999 -9999 -9999 -9999 -9999 -9999 -9999 -9999 -9999 -9999 -9999 -9999 -9999 -9999 -9999 -9999 -9999 -9999 -9999 -9999 -9999 -9999 -9999 -9999 -9999 -9999 -9999 -9999 -9999 -9999 -9999
15.20670 15.46500 15.59500 17.36420 16.23170 17.83330 18.35580 18.39920 19.85580 20.30330 20.65830 20.91330 20.76420 20.84170 20.92830 20.81500 20.77330 20.03500 20.14500 19.82670 17.97500 18.08420 17.99580 16.21170 14.62080 14.38500 12.41580 12.31330 12.23080 10.48250 10.26250 10.00170 9.77667 10.04000 10.07750 9.91917 8.59917 8.46333 8.49667 8.33000 8.44750 8.54083 8.36250 -9999 -9999 -9999 -9999 -9999 -9999 -9999 -9999 -9999 -9999 -9999 -9999 -9999 -9999 -9999 -9999 -9999 -9999 -9999 -9999 -9999 -9999 -9999 -9999 -9999 -9999 -9999 -9999
16.52170 18.31170 17.03580 18.62670 18.89750 19.16830 19.42830 18.11670 19.57250 19.85580 20.42170 20.71330 20.68500 20.69170 21.03670 21.19080 21.34250 20.48000 20.41250 20.30500 20.30170 21.81330 19.80250 17.82000 16.27920 14.35830 13.96250 12.37000 13.71830 13.25250 11.50750 9.79583 9.86500 9.69667 9.72000 9.59667 9.69750 9.86083 9.74167 9.58583 9.55583 8.19250 7.97250 8.05333 -9999 -9999 -9999 -9999 -9999 -9999 -9999 -9999 -9999 -9999 -9999 -9999 -9999 -9999 -9999 -9999 -9999 -9999 -9999 -9999 -9999 -9999 -9999 -9999 -9999 -9999 -9999
25.67170 25.35580 23.91750 28.19500 24.24330 24.31420 25.81580 24.52170 24.75580 23.37250 25.58500 23.99500 22.32080 22.49580 22.80170 22.61500 21.16750 20.31750 20.40750 19.93000 19.85500 19.83920 19.46830 17.58170 17.86250 19.10170 15.72250 13.92330 13.28330 12.97750 12.65000 10.95080 10.88080 10.71580 10.72830 10.83250 10.97250 10.68920 10.87250 9.64583 9.53750 9.52000 9.43750 9.39250 -9999 -9999 -9999 -9999 -9999 -9999 -9999 -9999 -9999 -9999 -9999 -9999 -9999 -9999 -9999 2.82167 2.97833 -9999 -9999 -9999 -9999 7.00417 9.55917 12.21750 10.65580 8.19583 6.86583
24.51580 26.23750 24.92830 28.09920 23.70420 21.13170 22.68580 24.79420 25.48250 25.54830 23.24670 22.02250 21.93500 23.74920 23.79250 22.13580 21.52170 20.03500 20.23750 18.24500 19.68500 19.38750 19.22580 15.48580 15.30080 15.13830 13.49330 13.30500 13.10000 12.67920 12.52420 10.86250 10.78580 10.74170 10.73580 10.86170 10.69080 10.71170 10.77250 10.65920 10.84000 10.85330 10.98000 10.67330 9.55583 9.54333 9.53750 9.72083 12.41670 14.04000 12.69920 12.66580 12.66500 11.28580 11.29000 9.82833 5.68000 5.70000 4.24750 4.25000 4.29333 -9999 -9999 -9999 -9999 -9999 8.57083 9.79500 12.51750 12.45580 12.33580
30.96000 25.47830 27.11250 30.24250 27.80830 23.56420 23.92250 22.70580 21.86080 18.69000 18.86580 19.08920 19.49250 19.40250 20.94330 19.33250 19.60830 19.68830 18.09500 18.27670 17.48580 15.74080 15.58750 15.30420 15.16580 15.01080 13.46830 13.26250 12.77750 12.65830 12.39670 11.98330 12.03080 11.98080 12.14330 11.97670 11.98420 11.95580 11.95830 10.51000 10.86670 10.78500 10.79250 10.82000 10.90080 11.29330 9.76917 9.75750 12.57330 14.23750 12.74420 9.91667 11.38920 15.71750 17.16420 12.90830 14.46170 14.16670 12.62830 10.27920 10.34830 10.44500 7.30917 5.72000 7.46667 7.40000 8.77417 8.54417 11.36920 12.73170 15.33080
31.77420 40.49670 25.35420 32.65000 33.02250 29.17920 26.50250 26.96000 18.31670 18.54830 18.62170 19.07080 18.80080 19.10330 18.86920 19.16000 18.68670 17.20250 17.29080 18.94500 18.99080 17.28920 15.28830 14.96170 14.92000 14.53830 14.51420 12.85170 12.63920 12.69670 12.27330 12.22000 11.97170 11.91750 11.92330 11.86420 11.70000 11.89250 11.87170 11.94000 11.95500 12.08830 12.04420 12.11250 10.81250 11.19500 11.22500 9.80417 9.95333 11.27250 11.35080 9.98750 11.45330 11.43580 14.45830 17.12000 16.76500 15.65250 15.69080 15.75500 14.32170 18.22500 14.85080 10.23420 8.82750 8.84333 8.55333 9.87917 11.17330 15.94670 20.44920
34.53080 38.88920 32.40920 23.44080 26.51330 22.81080 21.67580 26.36580 22.81670 19.98580 20.09920 18.32080 18.13920 18.38080 18.32330 18.54170 16.87750 17.01670 17.31750 22.05330 20.58080 18.84830 18.60830 16.95830 15.20500 14.82000 14.64250 14.33920 14.32000 14.08500 12.29000 12.18500 11.95080 11.83250 11.82420 11.40580 11.55170 12.75250 12.51080 13.97830 14.34420 12.91830 15.97330 17.31250 14.83330 12.47750 11.18830 9.86500 9.72667 11.17670 12.74250 12.84000 12.85330 12.84830 12.83080 12.75830 12.68170 15.44920 17.08830 18.50330 20.12170 21.85420 24.18080 20.89750 18.68170 18.56500 18.41750 17.81420 18.03670 19.23420 20.67500
33.70670 37.52580 38.03250 37.08920 30.25750 23.55830 22.88330 25.82000 26.47330 22.42420 29.95080 26.64670 25.05500 19.14250 17.97670 16.72170 16.57170 15.20670 17.07750 18.66420 20.59670 19.12920 17.37330 17.05000 15.14500 14.41420 14.27500 14.09670 13.39920 13.43420 13.35920 13.04670 14.53670 13.01080 12.91170 14.21170 13.92830 15.09920 14.87830 16.44670 16.73170 15.33920 15.40250 15.65420 17.29830 16.18420 14.77080 12.16500 10.74920 12.04580 13.64830 14.05750 13.80170 12.53500 15.14170 16.31080 17.76500 22.05670 17.85000 15.32830 16.67420 17.07420 18.10420 23.83830 26.96000 23.20250 25.62000 22.58080 20.72080 22.37000 20.70080
34.89670 37.75000 39.37670 42.86080 43.31750 32.12000 28.34250 24.45170 24.92670 22.47920 26.52670 31.71330 36.65750 39.43330 28.98250 23.63250 19.03420 16.24080 15.32420 13.80170 14.15920 14.19250 15.98580 15.50330 15.38420 15.21080 14.78670 14.63080 14.14080 15.39920 15.03330 14.74000 16.19580 15.97170 14.57000 15.51170 16.57250 18.93420 16.23500 16.05170 17.47830 18.69750 16.35170 16.36500 16.93080 14.18750 14.21000 12.99250 11.45750 10.17080 10.41080 11.64170 11.66670 12.94420 13.03750 14.17670 16.69580 19.69170 18.40750 22.48750 21.30580 20.35250 20.42750 21.72750 20.16580 21.20420 22.76080 23.52250 22.14250 22.13330 19.23920
43.14580 43.82170 46.94750 47.35170 45.47250 42.81580 41.80250 38.07830 32.43330 26.70500 20.32500 23.26830 27.53500 30.73830 34.87420 33.47580 32.08170 29.48920 22.63750 21.15000 16.99670 15.69420 16.01920 16.20420 16.18750 17.35670 17.40830 16.96170 17.90920 18.94670 15.30330 20.86080 21.66830 21.68920 20.04750 20.01420 19.52000 20.52080 19.14080 18.81170 20.04830 20.17830 17.58580 18.90250 17.66830 17.77000 16.23250 16.29330 14.99580 13.66670 16.27330 16.00250 18.83080 18.67830 18.39920 18.35670 22.13750 18.59420 18.99000 22.89000 20.73670 22.22420 23.06330 19.40920 21.19000 22.09920 25.00330 23.81170 21.10420 20.42170 17.48920
41.52000 46.01000 47.81420 45.68330 47.70830 48.41670 44.45420 40.40580 39.87080 32.78080 29.29250 29.23080 27.48250 24.73170 24.78750 24.54080 27.57250 30.86000 32.60170 30.23920 27.75580 25.02830 21.10830 18.07750 18.38830 18.43170 18.14080 18.90920 21.38670 20.96830 20.24580 21.90420 24.28000 22.25170 23.26670 18.84420 18.62000 21.17420 23.38250 21.76080 20.39420 18.82420 18.87330 19.04330 21.48580 21.28580 21.30170 18.65080 18.34500 20.61500 21.66170 20.09500 21.22670 24.50500 21.99250 24.45330 20.09420 23.71580 20.63670 18.70170 20.21080 19.65250 21.19250 21.46500 24.53170 23.38500 20.48750 19.44080 19.61080 19.60420 17.52080
43.88750 44.75500 44.04830 43.22000 45.83250 48.13170 46.02080 45.65580 43.15330 35.44750 28.38920 38.64080 36.86500 32.16670 36.37580 40.03500 36.73830 20.07830 27.30330 36.56920 34.08580 31.94250 29.33080 18.90670 17.72330 17.76500 17.69330 20.40000 21.44750 20.86250 22.05080 23.30080 22.99500 22.57170 18.13580 19.18920 21.62830 21.38920 23.86330 24.69500 27.16170 23.27830 21.87000 23.00580 17.82580 16.22330 17.39920 19.44000 20.29920 21.02500 21.94500 20.35750 20.27670 20.97080 23.48250 23.48000 22.74580 24.24330 20.18920 20.52500 18.62580 19.11000 21.67330 24.69250 20.77580 19.77330 18.82250 19.01250 17.76830 19.74330 20.27000
46.45420 46.05080 45.32750 43.87250 44.88920 43.73420 41.66830 42.39830 40.37080 38.33670 35.05330 35.49250 33.55500 30.30250 34.19670 35.22250 38.60250 32.98830 27.52500 23.55920 26.69170 28.45170 26.19250 25.21250 20.95420 18.09330 18.04500 17.90080 20.85420 20.31000 21.47250 21.14250 19.49420 21.02500 20.41420 20.26750 21.57580 22.37330 23.77330 25.80000 29.35580 28.05420 28.34580 26.57830 18.97670 15.76330 18.11080 18.80580 20.86250 22.50500 23.39830 20.69080 19.65580 22.50170 21.31500 20.51670 21.08580 20.31330 24.53330 22.72080 22.25330 21.53330 21.67580 20.42170 20.50920 20.80500 19.74080 21.44830 23.20500 22.43920 21.52080
48.59670 49.56830 50.44420 49.13420 47.50000 43.88920 41.46330 37.79000 36.69920 34.03580 34.89580 39.49170 36.38420 31.40750 29.66080 32.09830 31.40670 31.18750 35.23330 31.21670 26.74750 23.32500 22.07670 23.84330 25.81750 24.25250 20.06420 19.89330 21.00580 23.65500 22.03330 21.79500 19.11330 18.77000 21.49250 24.02750 23.67750 28.76000 27.40920 30.64920 35.76750 31.92670 30.09170 31.96500 27.75750 21.33000 19.49670 20.46500 20.00500 21.09920 22.78500 19.09420 16.68580 16.66330 16.72170 18.16420 19.65170 22.59170 22.39580 25.41500 22.39080 24.04170 24.45750 23.35750 23.48250 22.32500 20.92500 21.33580 23.28750 26.78170 26.20750
54.36830 56.19920 56.94580 56.58830 52.66170 49.59170 45.60750 41.88000 36.83580 36.97330 35.46330 36.58000 42.11330 37.10580 31.57920 29.49330 31.75580 33.20000 35.80500 34.40500 30.02830 29.94080 28.90330 28.08080 26.70330 25.04750 25.00920 23.64000 21.91330 23.16830 20.32330 22.80750 19.85750 24.88080 26.07420 22.27250 27.19500 30.88670 31.83670 31.53330 34.67000 35.95830 35.52500 32.55330 29.57420 26.43500 23.74750 23.62580 22.14670 24.07000 22.57170 22.18830 22.08420 22.03170 22.42830 22.88250 23.55250 22.16080 21.54670 20.83920 21.14670 22.96170 24.36080 25.15250 25.25670 23.82750 24.13250 24.34080 29.63080 31.42000 30.76330
52.71080 54.45670 59.01250 60.12330 58.09170 50.54420 48.11000 42.27000 41.40330 35.66750 29.52000 32.56170 36.93750 40.47830 36.70000 34.53170 35.06920 31.48750 31.71250 30.43330 37.17420 31.72330 29.29670 27.93330 28.41750 29.50670 31.69250 27.45170 24.28000 22.60580 24.97170 23.46750 23.74670 26.09670 28.63250 24.41170 28.13500 31.42420 34.98500 35.76080 36.57830 37.60000 36.07830 35.57330 31.10750 30.45830 24.61580 25.74830 25.68580 25.40920 24.37330 25.19330 23.19170 22.49750 24.13750 22.06580 23.82250 23.27330 22.49170 22.71670 23.06170 24.63750 26.17920 27.57000 31.01080 30.82750 32.62420 31.40420 33.16250 29.06170 31.03170
55.26330 54.97250 59.55750 61.35750 61.35500 61.82670 58.70330 49.45670 47.63170 43.40830 37.06500 39.94670 37.64420 38.38830 41.76170 37.46750 33.22000 30.48830 32.65080 31.28580 31.21500 34.24500 34.23330 31.95750 27.98750 25.27170 27.43000 25.43170 22.44920 23.63580 23.22080 23.00330 25.31830 26.54250 27.50420 29.44830 29.04500 33.41420 37.89750 40.99830 38.82080 39.45580 39.02250 35.12830 30.64750 27.90420 24.15170 20.93080 21.20330 19.96920 20.11830 19.18420 20.53830 22.25330 24.01670 24.55080 25.03750 24.32080 24.50500 24.61250 26.26580 28.16580 30.60670 35.54830 37.64250 36.13080 37.96830 37.21670 34.67580 33.76830 34.11920
50.26420 53.03830 56.70500 56.04920 59.48500 58.90000 63.38920 59.31000 51.69670 53.15580 51.45830 47.35500 43.30330 45.41830 42.20500 37.97580 37.38080 35.77420 32.59250 31.77500 33.21330 35.90920 39.72080 33.54000 29.51250 28.04750 30.34250 26.94670 26.25580 28.94670 26.22420 24.87330 27.46830 28.66670 31.32670 29.75170 32.22830 34.55080 38.44750 40.65830 38.76330 37.80080 38.92000 34.97330 28.11830 26.81250 25.60750 24.90170 26.86750 23.71920 -9999 -9999 22.00000 22.48420 23.10330 26.16830 26.75000 25.77580 27.24500 30.16250 30.62750 35.86500 39.20830 41.31000 39.83580 42.03080 41.93920 44.88000 40.55830 38.06920 38.76000
55.80830 53.29670 54.71000 55.90170 57.17670 55.91830 60.38580 53.03830 54.37920 54.30330 54.03330 49.98750 50.27000 48.77080 44.75000 39.24330 40.33250 37.56080 34.46170 37.45250 36.62170 35.59830 35.53830 36.94170 39.70170 34.48670 33.59830 29.17080 27.24580 28.21500 29.57580 26.23420 28.70170 31.37750 32.68000 33.81330 35.05080 32.78080 31.53580 -9999 -9999 -9999 -9999 32.89170 -9999 32.79830 35.08580 31.69920 29.32670 24.85670 -9999 -9999 26.44500 25.76920 26.08670 26.80000 25.92330 27.46170 30.36830 33.37670 34.66500 36.06170 37.81250 38.83080 36.05670 44.64670 44.80000 46.76750 37.53750 36.88670 36.97580
49.80330 52.03170 54.42500 56.89420 55.58420 50.50670 56.11920 52.49420 48.21750 48.02580 46.44920 46.58000 48.32580 48.47250 44.90670 40.12420 41.10080 41.65830 41.09080 41.24080 42.52330 39.00250 39.14750 37.66500 39.07000 35.94250 33.70420 31.27670 29.48420 29.14580 30.33000 31.73500 33.55420 33.69750 36.05750 32.54170 32.21170 -9999 -9999 -9999 -9999 -9999 -9999 -9999 35.53420 35.41750 33.81750 -9999 -9999 -9999 -9999 -9999 26.36580 27.99670 31.80670 30.77170 32.33000 31.86920 30.96420 34.62750 32.30330 32.05170 34.01420 36.69830 34.08830 34.18580 38.90920 44.51920 38.33080 33.51830 -9999
