data/hydroclimate-scenarios/BCSD_hadcm_B1/monthly_summaries/precip_monthly_tot_jul.2030-2059.asc
ncols	311
nrows	91
xllcenter	102.75
yllcenter	31.75
cellsize	0.5
NODATA_value	-9999
[rows 0 to 30 of 91, columns 70 to 139 of 311]
-9999 -9999 -9999 -9999 -9999 -9999 -9999 -9999 -9999 -9999 -9999 -9999 -9999 -9999 -9999 -9999 -9999 -9999 -9999 -9999 -9999 -9999 -9999 -9999 -9999 -9999 -9999 -9999 -9999 -9999 -9999 -9999 -9999 -9999 -9999 -9999 -9999 -9999 -9999 -9999 -9999 -9999 -9999 -9999 -9999 -9999 -9999 -9999 -9999 -9999 -9999 -9999 -9999 -9999 -9999 -9999 -9999 -9999 -9999 -9999 -9999 -9999 -9999 -9999 -9999 -9999 -9999 -9999 -9999 -9999
-9999 -9999 -9999 -9999 -9999 -9999 -9999 -9999 -9999 -9999 -9999 -9999 -9999 -9999 -9999 -9999 -9999 -9999 -9999 -9999 -9999 -9999 -9999 -9999 -9999 -9999 -9999 -9999 -9999 -9999 -9999 -9999 -9999 -9999 -9999 -9999 -9999 -9999 -9999 -9999 -9999 -9999 -9999 -9999 -9999 -9999 -9999 -9999 -9999 -9999 -9999 -9999 -9999 -9999 -9999 -9999 -9999 -9999 -9999 -9999 -9999 -9999 -9999 -9999 -9999 -9999 -9999 -9999 -9999 -9999
-9999 -9999 -9999 -9999 -9999 -9999 -9999 -9999 -9999 -9999 -9999 -9999 -9999 -9999 -9999 -9999 -9999 -9999 -9999 -9999 -9999 -9999 -9999 -9999 -9999 -9999 -9999 -9999 -9999 -9999 -9999 -9999 -9999 -9999 -9999 -9999 -9999 -9999 -9999 -9999 -9999 -9999 -9999 -9999 -9999 -9999 -9999 -9999 -9999 -9999 -9999 -9999 -9999 -9999 -9999 -9999 -9999 -9999 -9999 -9999 -9999 -9999 -9999 -9999 -9999 -9999 -9999 -9999 -9999 -9999
-9999 -9999 -9999 -9999 -9999 -9999 -9999 -9999 -9999 -9999 -9999 -9999 -9999 -9999 -9999 -9999 -9999 -9999 -9999 -9999 -9999 -9999 -9999 -9999 -9999 -9999 -9999 -9999 -9999 -9999 -9999 -9999 -9999 -9999 -9999 -9999 -9999 -9999 -9999 -9999 -9999 -9999 -9999 -9999 -9999 -9999 -9999 -9999 -9999 -9999 -9999 -9999 -9999 -9999 -9999 -9999 -9999 -9999 -9999 -9999 -9999 -9999 -9999 -9999 -9999 -9999 -9999 -9999 -9999 -9999
-9999 -9999 -9999 -9999 -9999 -9999 -9999 -9999 -9999 -9999 -9999 -9999 -9999 -9999 -9999 -9999 -9999 -9999 -9999 -9999 -9999 -9999 -9999 -9999 -9999 -9999 -9999 -9999 -9999 -9999 -9999 -9999 -9999 -9999 -9999 -9999 -9999 -9999 -9999 -9999 -9999 -9999 -9999 -9999 -9999 -9999 -9999 -9999 -9999 -9999 -9999 -9999 -9999 -9999 -9999 -9999 -9999 -9999 -9999 -9999 -9999 -9999 -9999 -9999 -9999 -9999 -9999 -9999 -9999 -9999
-9999 -9999 -9999 -9999 -9999 -9999 -9999 -9999 -9999 -9999 -9999 -9999 -9999 -9999 -9999 -9999 -9999 -9999 -9999 -9999 -9999 -9999 -9999 -9999 -9999 -9999 -9999 -9999 -9999 -9999 -9999 -9999 -9999 -9999 -9999 -9999 -9999 -9999 -9999 -9999 -9999 -9999 -9999 -9999 -9999 -9999 -9999 -9999 -9999 -9999 -9999 -9999 -9999 -9999 -9999 -9999 -9999 -9999 -9999 -9999 -9999 -9999 -9999 -9999 -9999 -9999 -9999 -9999 -9999 -9999
-9999 -9999 -9999 -9999 -9999 -9999 -9999 -9999 -9999 -9999 -9999 -9999 -9999 -9999 -9999 -9999 -9999 -9999 -9999 -9999 -9999 -9999 -9999 -9999 -9999 -9999 -9999 -9999 -9999 -9999 -9999 -9999 -9999 -9999 -9999 -9999 -9999 -9999 -9999 -9999 -9999 -9999 -9999 -9999 -9999 -9999 -9999 -9999 -9999 -9999 -9999 -9999 -9999 -9999 -9999 -9999 -9999 -9999 -9999 -9999 -9999 -9999 -9999 -9999 -9999 -9999 -9999 -9999 -9999 -9999
-9999 -9999 -9999 -9999 -9999 -9999 -9999 -9999 -9999 -9999 -9999 -9999 -9999 -9999 -9999 -9999 -9999 -9999 -9999 -9999 -9999 -9999 -9999 -9999 -9999 -9999 -9999 -9999 -9999 -9999 -9999 -9999 -9999 -9999 -9999 -9999 -9999 -9999 -9999 -9999 -9999 -9999 -9999 -9999 -9999 -9999 -9999 -9999 -9999 -9999 -9999 -9999 -9999 -9999 -9999 -9999 -9999 -9999 -9999 -9999 -9999 -9999 -9999 -9999 -9999 -9999 -9999 -9999 -9999 -9999
-9999 -9999 -9999 -9999 -9999 -9999 -9999 37.53830 -9999 -9999 -9999 -9999 -9999 -9999 -9999 -9999 -9999 -9999 -9999 -9999 -9999 -9999 -9999 -9999 -9999 -9999 -9999 -9999 -9999 -9999 -9999 -9999 -9999 -9999 -9999 -9999 -9999 -9999 -9999 -9999 -9999 -9999 -9999 -9999 -9999 -9999 -9999 -9999 -9999 -9999 -9999 -9999 -9999 -9999 -9999 -9999 -9999 -9999 -9999 -9999 -9999 -9999 -9999 -9999 -9999 -9999 -9999 -9999 -9999 -9999
-9999 -9999 -9999 41.72920 35.93250 37.91420 38.83830 39.43170 40.40830 40.62330 40.95500 41.05170 40.59080 39.57500 40.18000 39.34920 38.46500 38.64920 38.47000 37.93580 37.78920 37.74750 38.42670 -9999 -9999 -9999 -9999 -9999 -9999 -9999 -9999 -9999 -9999 -9999 -9999 -9999 -9999 -9999 -9999 -9999 -9999 -9999 -9999 -9999 -9999 -9999 -9999 -9999 -9999 -9999 -9999 -9999 -9999 -9999 -9999 -9999 -9999 -9999 -9999 -9999 -9999 -9999 -9999 -9999 -9999 -9999 -9999 -9999 -9999 -9999
-9999 -9999 -9999 -9999 -9999 38.31420 38.86250 39.48830 40.02580 40.41920 40.65080 42.29420 42.05000 41.06670 40.31830 40.78670 40.02080 38.85920 39.41080 39.11420 39.37750 39.50330 39.46080 -9999 -9999 -9999 -9999 -9999 -9999 -9999 -9999 -9999 -9999 -9999 -9999 -9999 -9999 -9999 -9999 -9999 -9999 -9999 -9999 -9999 -9999 -9999 -9999 -9999 -9999 -9999 -9999 -9999 -9999 -9999 -9999 -9999 -9999 -9999 -9999 -9999 -9999 -9999 -9999 -9999 -9999 -9999 -9999 -9999 -9999 -9999
36.56250 37.28580 37.41500 38.35080 37.75830 38.60420 40.14170 40.97830 41.40750 41.94580 42.55580 42.56920 43.48250 42.88500 41.69670 42.30330 41.41170 40.20250 40.71830 40.16750 40.28830 40.48330 39.18670 39.24000 39.52830 38.30830 37.62330 37.72750 36.67920 -9999 -9999 -9999 -9999 -9999 -9999 -9999 -9999 -9999 -9999 -9999 -9999 -9999 -9999 -9999 -9999 -9999 -9999 -9999 -9999 -9999 -9999 -9999 -9999 -9999 -9999 -9999 -9999 -9999 -9999 -9999 -9999 -9999 -9999 -9999 -9999 -9999 -9999 -9999 -9999 -9999
37.86580 37.35830 37.80920 38.56670 39.17920 39.75830 40.62920 41.23500 41.80170 42.29000 42.64170 43.94330 44.04750 44.52920 43.92420 42.72330 43.35830 42.06170 41.00330 40.57670 40.06750 40.12670 40.54830 40.51830 39.51170 38.58920 38.56080 37.76080 38.01170 37.08750 37.23750 37.70000 37.06580 37.85830 39.22000 39.99580 40.91170 41.38750 41.17420 42.25420 43.83330 45.55920 45.67080 45.82500 -9999 -9999 -9999 -9999 -9999 -9999 -9999 -9999 -9999 -9999 -9999 -9999 -9999 -9999 -9999 -9999 -9999 -9999 -9999 -9999 -9999 -9999 -9999 -9999 -9999 -9999
39.51250 38.62670 40.32000 41.06580 41.65500 42.44250 43.22500 42.35580 43.34670 44.16080 44.77170 44.28750 45.38000 44.95670 45.58500 45.11750 43.85330 44.25080 42.61750 42.11330 41.91830 41.64580 42.86830 42.52500 41.74420 40.84920 40.25330 39.48830 38.63830 38.82250 39.22080 38.52170 38.98080 38.20250 38.78920 39.87080 40.95250 42.10580 42.88920 44.30920 43.98330 45.74250 47.26920 47.87330 47.86250 -9999 -9999 -9999 -9999 -9999 -9999 -9999 -9999 -9999 -9999 -9999 -9999 -9999 -9999 -9999 -9999 -9999 -9999 -9999 -9999 -9999 -9999 -9999 -9999 -9999
49.36250 49.45920 49.63000 48.79580 52.87750 50.31920 49.36750 51.18920 50.43920 51.29750 49.42330 51.84580 50.16420 48.72330 47.73420 46.97080 45.86920 46.02000 45.05750 43.47670 43.94500 43.93000 43.37750 43.45920 42.35500 41.21830 42.48750 41.04250 40.23500 39.27920 40.85750 40.08000 39.55580 40.10170 40.91500 41.71920 42.57500 43.15330 44.28750 44.73250 46.05080 45.63000 47.09750 48.15420 47.59500 -9999 -9999 -9999 -9999 -9999 -9999 -9999 -9999 -9999 -9999 -9999 -9999 -9999 -9999 -9999 45.26500 45.27920 -9999 -9999 -9999 -9999 49.24670 54.36920 57.17420 55.19920
51.98420 52.36500 54.00250 53.41250 56.21330 51.40580 49.45170 50.10670 52.94500 53.42000 53.91170 51.93500 51.47750 50.63500 51.00080 50.17170 49.47330 47.54250 46.09500 45.99920 44.55750 45.47170 44.76330 44.93500 42.06080 41.18750 41.01580 41.49420 41.97830 41.00080 41.34000 40.28830 41.02000 41.36250 41.78420 41.77080 42.57750 43.11750 43.11920 43.37000 44.18580 45.29330 45.79170 46.53080 45.70170 44.47420 43.13670 42.63500 42.87250 47.30420 48.92580 47.85670 48.78330 49.74170 47.37750 47.95250 49.46830 43.72330 44.74250 44.76670 44.51920 44.67920 -9999 -9999 -9999 -9999 -9999 49.04670 52.49250 54.15330
60.38750 62.83500 56.96920 58.46500 63.30580 58.67250 55.43000 54.39170 52.91170 51.31750 50.32330 49.69170 50.04580 49.90920 50.43920 50.34250 49.23420 48.97250 47.72580 47.73750 47.43420 45.99170 45.11920 43.84330 43.30920 42.13250 42.69500 41.37500 41.57670 40.33170 40.83920 39.87330 39.86750 40.25420 42.37580 42.15420 42.11000 42.59170 43.39830 43.86330 44.23580 44.68920 45.00580 45.26330 44.16170 42.99830 43.28330 42.71500 41.48080 45.84000 47.35830 45.19670 43.37580 45.58580 50.32420 53.55830 49.44670 51.48080 52.55000 51.51080 49.47080 49.86670 51.73750 47.87500 47.17420 46.35420 48.26330 48.60080 49.13750 50.80920
60.35830 68.08830 78.77750 59.89330 67.52920 68.75580 63.69500 60.83830 59.77670 51.20170 49.59000 50.70250 50.10830 50.41000 50.71830 51.29500 50.82920 50.10170 49.38750 49.15750 50.06830 50.16420 47.66750 46.94750 45.33080 44.83670 43.77170 42.59000 42.72330 41.96830 41.95920 41.07420 41.41170 41.35580 41.05580 42.07000 42.21830 43.27250 43.08330 42.77080 43.69000 43.96420 44.22420 44.49670 43.61750 44.22330 43.03580 43.17420 42.04920 42.37670 43.76580 44.75830 43.44170 45.28170 44.98330 48.41830 51.09500 53.32500 52.19830 52.11670 53.87670 53.09330 57.35420 54.42500 49.52750 47.71080 46.93330 46.66080 46.91170 48.88750
72.85330 75.42830 80.49500 72.85250 60.57000 64.40330 58.86580 57.70420 61.52000 57.24830 53.57420 52.84670 50.82920 51.21250 51.28330 52.31750 52.30830 50.37830 50.89750 51.94250 56.97170 55.74920 53.26920 51.48500 48.98500 47.54330 47.04080 45.43750 43.94330 43.35420 43.46000 42.59580 43.04250 42.64580 42.14170 42.68670 43.01420 42.53080 42.83500 43.37670 44.33170 44.93170 45.18000 48.37830 48.24000 46.63580 44.11330 42.87330 41.87330 41.15670 42.50580 44.52580 45.69170 45.16250 46.03830 47.01420 45.43080 46.32000 50.84920 51.09330 54.50920 57.49420 59.69170 61.14330 57.07000 55.27830 54.38670 53.85330 54.01250 55.06250
65.21750 73.85670 79.39170 79.11920 79.01330 69.98330 60.89250 60.90080 62.90080 62.51170 57.63920 64.51830 62.22580 59.60750 54.51420 53.15750 53.03750 52.07080 52.54250 53.65420 56.46330 57.55000 55.53670 54.21830 51.01580 49.53670 48.49670 46.90670 45.17170 43.84420 43.70500 42.75420 43.18750 43.47330 42.61500 42.22250 43.79670 43.61250 43.97830 44.33330 46.29670 47.31500 46.70500 45.91750 47.08500 48.94500 48.72670 46.00580 44.12750 42.11000 44.55420 45.45250 45.29330 44.81750 43.61830 46.70250 50.02330 50.75750 54.96420 51.98750 51.16580 53.05000 53.99830 55.89330 58.41000 61.53250 58.42330 61.35830 58.44580 57.38830
69.05250 74.47500 78.11830 80.40670 84.21330 84.24500 71.85670 65.73420 62.05750 61.74250 58.65920 61.43420 68.58500 73.80670 77.14000 67.47080 61.19920 58.13420 54.90500 54.47580 53.76330 53.62580 53.84250 53.78420 51.29500 50.97920 50.25080 48.84500 47.11830 46.82420 45.95670 44.17750 44.62080 44.44170 45.07580 43.58750 45.32420 45.97330 48.18250 46.80080 46.77170 49.24250 50.71830 49.81750 49.16080 50.61830 49.71500 48.63330 47.36670 45.29250 43.21670 43.16500 43.86750 44.73670 44.93670 45.85750 46.69330 50.49170 52.99170 52.27580 57.01250 56.68000 56.17420 56.82920 55.62330 55.47920 56.21670 57.52000 58.32670 56.53750
79.50920 84.98420 85.28250 89.08250 89.23830 87.09670 83.38920 82.24170 77.58580 70.17670 63.10080 57.25670 60.71420 65.09500 68.92250 73.23420 74.28080 72.79170 70.05830 64.89750 62.30580 58.80330 57.90830 56.94580 54.98920 53.42580 52.56920 51.32420 50.30580 50.52580 50.01920 46.82920 50.21920 50.24000 49.72920 48.21420 49.13250 48.38500 50.25330 48.76420 50.08000 51.19000 52.53250 51.23670 52.92750 53.91000 54.21000 53.48250 51.88420 49.76830 48.35000 50.30250 50.84920 52.71420 51.63000 51.16000 50.32500 54.77670 51.99170 53.22580 56.09830 54.22920 54.66170 55.94330 53.61920 54.35830 55.71080 58.66670 57.98330 55.43750
78.89080 83.85670 88.24750 91.33750 89.01580 89.21330 89.91170 86.15670 80.32000 79.88080 72.30420 69.62500 69.13080 68.87750 64.96750 66.03750 66.99170 68.55830 73.20420 75.03170 73.99250 71.06170 70.01500 63.98500 60.23330 56.98830 56.51920 54.02170 54.70580 55.77750 53.46080 51.60920 50.54080 53.16580 50.59920 51.91670 47.67080 48.69580 50.56250 54.20670 53.33250 51.36250 51.33330 53.57000 55.18920 59.47080 59.93250 58.83420 55.79420 54.45330 56.02920 56.59080 55.18750 56.54080 58.24670 55.69000 57.09000 54.04000 56.66170 53.03170 52.02420 51.88500 51.08670 52.82330 54.11170 57.04000 54.52500 52.91670 51.61250 52.84830
84.77750 85.81580 85.58500 85.83420 84.32920 88.07250 90.61580 89.35830 86.63500 83.98170 76.00080 69.04170 78.98000 78.41920 73.34500 80.68750 83.75000 82.34670 64.40250 72.83670 82.93750 81.80580 78.82000 75.21670 62.70250 58.96580 56.91670 56.17170 56.26330 56.25420 53.87920 53.76920 52.94670 52.08670 51.48580 47.64920 49.34500 52.13330 52.34670 55.21580 56.61000 59.73170 57.08670 56.92250 58.84830 55.03920 53.76750 55.12750 55.39170 56.90330 57.96170 58.19580 55.32250 54.45670 54.88920 56.94670 57.81330 56.18250 57.05670 52.75080 51.38920 49.24580 49.07750 51.70000 54.93670 51.60830 51.22750 49.65080 48.86000 49.01500
89.33420 90.17250 89.14000 88.82330 86.71420 87.02000 85.50920 83.30500 83.24250 80.02170 78.43670 76.03830 75.89580 76.59170 72.81080 79.36750 80.38580 85.36000 81.15500 74.88170 71.67000 75.17920 76.77920 74.39830 72.58920 65.55830 60.59750 58.35580 57.58830 57.33000 55.31500 55.40000 53.07920 51.92420 53.54420 54.66080 53.96920 54.58670 54.99250 57.37420 59.16250 63.71750 63.37330 65.08420 63.74920 57.29170 54.67000 55.72830 56.92170 57.57750 59.93330 60.37250 57.20000 55.10170 58.32170 56.24250 56.16250 54.49500 53.49670 56.79830 53.98250 52.76670 51.28670 51.69830 49.48830 50.20000 50.49920 49.98920 51.23750 54.15830
94.17750 95.08330 95.24170 95.35580 93.11420 91.17080 86.14080 82.35330 79.12250 76.71750 74.36420 76.46250 80.11920 77.89750 74.01000 74.01330 77.77750 79.59830 80.10670 85.24830 80.81830 78.37830 72.89830 70.92330 71.18670 73.07080 69.77330 63.58250 62.51420 63.63750 63.99830 60.70500 59.98250 54.76750 57.06000 58.84500 63.52670 62.64500 66.93170 63.89250 69.03170 73.91420 69.70330 69.31250 72.47580 68.01080 62.49830 60.71000 60.19920 59.01000 60.55500 60.32920 55.98830 53.83170 53.36920 52.93170 54.86500 55.06580 57.42250 55.90000 57.59250 54.34500 53.86580 54.21580 53.59000 53.17420 52.19330 52.40330 52.35920 53.21670
97.35170 102.06600 103.54700 104.20400 102.29400 96.10580 91.81750 86.54080 82.15580 75.61750 76.92420 75.91580 77.11080 84.29670 80.58500 74.98580 75.84250 79.79330 82.92670 86.88500 85.44080 80.60580 78.82580 77.54830 74.90670 73.09830 70.59920 71.95670 67.32000 65.04830 66.46330 62.63500 63.88750 61.70580 67.79170 69.69000 65.45170 70.04830 74.12250 72.32580 71.88250 75.98830 77.68250 77.55250 73.92580 71.45500 69.19420 66.60830 65.72920 63.87830 64.73830 62.89330 63.09750 61.31170 61.92500 61.18580 60.99000 60.95330 58.29420 56.09580 54.52830 54.06830 54.59330 54.75830 55.60750 55.24580 54.74750 54.42580 54.50670 58.25080
98.86500 104.16300 103.81500 108.32700 105.75600 102.81500 93.79250 90.42330 81.79580 79.68670 75.16000 69.84250 72.43830 77.34420 83.49580 82.42580 81.67330 83.46330 81.73000 82.46580 80.58830 86.23420 80.11830 76.93920 74.55000 72.66580 75.19500 78.92500 73.22250 69.10420 66.74830 70.47420 67.84580 67.21080 71.40170 74.48420 71.11330 72.74920 75.88330 79.96920 79.57080 80.75170 81.87920 79.27580 79.01000 75.37420 75.47500 69.43330 69.61750 68.46420 67.76830 66.25080 65.63750 63.87250 62.22500 62.71250 61.47670 61.93080 60.62330 57.77920 56.26250 57.00080 57.84170 57.87830 58.15750 62.78920 62.42500 61.82670 60.14170 61.93080
101.18800 109.06200 108.44000 110.22800 110.13200 107.86800 107.90800 101.78800 91.57830 86.83750 83.54080 77.39080 80.01920 78.43170 81.54580 88.28830 86.00670 83.09420 80.46670 82.97420 81.11000 79.52250 82.77500 81.21500 76.27830 71.81250 70.54080 74.84250 72.86920 69.16000 69.76330 68.29670 69.40080 71.50670 74.01920 75.69830 78.77420 75.51580 82.32670 87.24500 90.53670 86.41500 85.02420 84.80000 78.36670 74.97170 72.14420 67.11500 63.67830 63.79080 62.10750 60.87250 59.55830 60.12170 62.47500 64.01920 65.23830 64.33830 62.10170 61.07750 60.64330 60.28170 59.86420 63.37580 67.89750 69.35580 67.40750 68.22670 67.65580 64.47500
99.85250 104.17800 107.74800 112.21000 109.21300 110.16000 108.92400 112.31200 103.46500 95.44080 95.30830 93.66170 90.35750 86.88330 89.61750 89.32500 86.63920 87.60580 86.14420 81.78920 81.89420 82.00250 84.09830 86.06500 79.12750 73.54000 73.90580 79.22080 77.17500 77.78670 78.67670 73.27920 70.69580 73.83250 76.46000 78.33750 78.96580 81.55750 83.19580 87.87000 90.15920 86.93420 81.85670 83.24830 77.29500 69.72000 68.22750 68.61330 68.68080 70.37250 66.53670 -9999 -9999 63.52000 62.74080 62.42500 65.80080 66.61670 64.33170 63.76920 65.72420 65.11750 68.22670 71.65670 75.09170 72.76670 73.74750 73.61420 75.05920 68.55500
105.21700 109.33200 107.53500 110.05200 111.85200 111.19400 107.50000 111.30500 102.61900 102.87300 102.16400 99.65750 94.99330 95.20170 93.79670 90.44420 87.41580 91.05920 86.70170 83.95580 85.49920 83.86170 80.39670 80.05670 79.79500 84.74500 81.99420 82.74420 80.88500 81.70670 79.07670 80.03170 73.24170 75.58750 78.66420 80.12750 81.19750 84.74330 80.23830 75.60420 -9999 -9999 -9999 -9999 72.06920 -9999 75.42420 81.21670 75.24330 73.21000 66.56920 -9999 -9999 67.89000 68.16920 67.54170 68.04750 66.28420 66.16580 66.93170 68.51830 69.23420 69.82920 71.13830 72.07830 68.55920 76.32670 76.50250 75.57330 67.03170
