data/hydroclimate-scenarios/BCSD_hadcm_B1/monthly_summaries/precip_monthly_tot_apr.2070-2099.asc
ncols	311
nrows	91
xllcenter	102.75
yllcenter	31.75
cellsize	0.5
NODATA_value	-9999
[rows 0 to 31 of 91, columns 0 to 70 of 311]
-9999 -9999 -9999 -9999 -9999 -9999 -9999 -9999 -9999 -9999 -9999 -9999 -9999 -9999 -9999 -9999 -9999 -9999 -9999 -9999 -9999 -9999 -9999 -9999 -9999 -9999 -9999 -9999 -9999 -9999 -9999 -9999 -9999 -9999 -9999 -9999 -9999 -9999 -9999 -9999 -9999 -9999 -9999 -9999 -9999 -9999 -9999 -9999 -9999 -9999 -9999 -9999 -9999 -9999 -9999 -9999 -9999 -9999 -9999 -9999 -9999 -9999 -9999 -9999 -9999 -9999 -9999 -9999 -9999 -9999 -9999
-9999 -9999 -9999 -9999 -9999 -9999 -9999 -9999 -9999 -9999 -9999 -9999 -9999 -9999 -9999 -9999 -9999 -9999 -9999 -9999 -9999 -9999 -9999 -9999 -9999 -9999 -9999 -9999 -9999 -9999 -9999 -9999 -9999 -9999 -9999 -9999 -9999 -9999 -9999 -9999 -9999 -9999 -9999 -9999 -9999 -9999 -9999 -9999 -9999 -9999 -9999 -9999 -9999 -9999 -9999 -9999 -9999 -9999 -9999 -9999 -9999 -9999 -9999 -9999 -9999 -9999 -9999 -9999 -9999 -9999 -9999
-9999 -9999 -9999 -9999 -9999 -9999 -9999 -9999 -9999 -9999 -9999 -9999 -9999 -9999 -9999 -9999 -9999 -9999 -9999 -9999 -9999 -9999 -9999 -9999 -9999 -9999 -9999 -9999 -9999 -9999 -9999 -9999 -9999 -9999 -9999 -9999 -9999 -9999 -9999 -9999 -9999 -9999 -9999 -9999 -9999 -9999 -9999 -9999 -9999 -9999 -9999 -9999 -9999 -9999 -9999 -9999 -9999 -9999 -9999 -9999 -9999 -9999 -9999 -9999 -9999 -9999 -9999 -9999 -9999 -9999 -9999
-9999 -9999 -9999 -9999 -9999 -9999 -9999 -9999 -9999 -9999 -9999 -9999 -9999 -9999 -9999 -9999 -9999 -9999 -9999 -9999 -9999 -9999 -9999 -9999 -9999 -9999 -9999 -9999 -9999 -9999 -9999 -9999 -9999 -9999 -9999 -9999 -9999 -9999 -9999 -9999 -9999 -9999 -9999 -9999 -9999 -9999 -9999 -9999 -9999 -9999 -9999 -9999 -9999 -9999 -9999 -9999 -9999 -9999 -9999 -9999 -9999 -9999 -9999 -9999 -9999 -9999 -9999 -9999 -9999 -9999 -9999
-9999 -9999 -9999 -9999 -9999 -9999 -9999 -9999 -9999 -9999 -9999 -9999 -9999 -9999 -9999 -9999 -9999 -9999 -9999 -9999 -9999 -9999 -9999 -9999 -9999 -9999 -9999 -9999 -9999 -9999 -9999 -9999 -9999 -9999 -9999 -9999 -9999 -9999 -9999 -9999 -9999 -9999 -9999 -9999 -9999 -9999 -9999 -9999 -9999 -9999 -9999 -9999 -9999 -9999 -9999 -9999 -9999 -9999 -9999 -9999 -9999 -9999 -9999 -9999 -9999 -9999 -9999 -9999 -9999 -9999 -9999
-9999 -9999 -9999 -9999 -9999 -9999 -9999 -9999 -9999 -9999 -9999 -9999 -9999 -9999 -9999 -9999 -9999 -9999 -9999 -9999 -9999 -9999 -9999 -9999 -9999 -9999 -9999 -9999 -9999 -9999 -9999 -9999 -9999 -9999 -9999 -9999 -9999 -9999 -9999 -9999 -9999 -9999 -9999 -9999 -9999 -9999 -9999 -9999 -9999 -9999 -9999 -9999 -9999 -9999 -9999 -9999 -9999 -9999 -9999 -9999 -9999 -9999 -9999 -9999 -9999 -9999 -9999 -9999 -9999 -9999 -9999
-9999 -9999 -9999 -9999 -9999 -9999 -9999 -9999 -9999 -9999 -9999 -9999 -9999 -9999 -9999 -9999 -9999 -9999 -9999 -9999 -9999 -9999 -9999 -9999 -9999 -9999 -9999 -9999 -9999 -9999 -9999 -9999 -9999 -9999 -9999 -9999 -9999 -9999 -9999 -9999 -9999 -9999 -9999 -9999 -9999 -9999 -9999 -9999 -9999 -9999 -9999 -9999 -9999 -9999 -9999 -9999 -9999 -9999 -9999 -9999 -9999 -9999 -9999 -9999 -9999 -9999 -9999 -9999 -9999 -9999 -9999
-9999 -9999 -9999 -9999 -9999 -9999 -9999 -9999 -9999 -9999 -9999 -9999 -9999 -9999 -9999 -9999 -9999 -9999 -9999 -9999 -9999 -9999 -9999 -9999 -9999 -9999 -9999 -9999 -9999 -9999 -9999 -9999 -9999 -9999 -9999 -9999 -9999 -9999 -9999 -9999 -9999 -9999 16.29580 16.42170 16.39750 16.73500 16.72420 16.97330 16.57420 17.31000 15.83250 15.59750 -9999 -9999 -9999 -9999 -9999 -9999 -9999 -9999 -9999 -9999 -9999 -9999 -9999 -9999 -9999 -9999 -9999 -9999 -9999
-9999 -9999 -9999 -9999 -9999 -9999 -9999 -9999 -9999 -9999 -9999 -9999 -9999 -9999 -9999 -9999 -9999 -9999 -9999 -9999 -9999 -9999 -9999 -9999 -9999 -9999 -9999 -9999 -9999 -9999 -9999 -9999 -9999 -9999 -9999 -9999 -9999 -9999 17.13420 18.64830 18.65170 17.49580 17.44750 17.63830 17.81580 18.14000 17.73500 17.74830 16.65670 16.57580 16.68750 15.60580 13.64000 10.66830 -9999 -9999 -9999 -9999 -9999 -9999 -9999 -9999 -9999 -9999 -9999 -9999 -9999 -9999 -9999 -9999 -9999
-9999 -9999 -9999 -9999 -9999 -9999 -9999 -9999 -9999 -9999 -9999 -9999 -9999 -9999 -9999 -9999 -9999 -9999 -9999 -9999 -9999 -9999 -9999 -9999 -9999 -9999 -9999 -9999 -9999 -9999 -9999 -9999 -9999 -9999 -9999 -9999 -9999 -9999 -9999 -9999 17.54580 17.74830 18.16330 19.67580 18.53330 20.35670 18.85250 17.53170 17.79670 18.08170 18.33170 15.24670 15.24670 10.43250 -9999 -9999 -9999 -9999 -9999 -9999 -9999 -9999 -9999 -9999 -9999 -9999 -9999 -9999 -9999 -9999 -9999
-9999 -9999 -9999 -9999 -9999 -9999 -9999 -9999 -9999 -9999 -9999 -9999 -9999 -9999 -9999 -9999 -9999 -9999 -9999 -9999 -9999 -9999 -9999 -9999 -9999 -9999 -9999 -9999 -9999 -9999 -9999 -9999 -9999 -9999 -9999 -9999 -9999 -9999 -9999 -9999 -9999 -9999 -9999 -9999 19.60580 20.04000 21.50920 21.98000 20.70420 19.67580 20.03420 18.70500 15.65000 12.40330 -9999 -9999 -9999 -9999 -9999 -9999 9.92333 -9999 -9999 -9999 -9999 -9999 -9999 -9999 -9999 -9999 -9999
-9999 -9999 -9999 -9999 -9999 -9999 -9999 -9999 -9999 -9999 -9999 -9999 -9999 -9999 -9999 -9999 -9999 -9999 -9999 -9999 -9999 -9999 -9999 -9999 -9999 -9999 -9999 -9999 -9999 -9999 -9999 -9999 -9999 -9999 -9999 -9999 -9999 -9999 -9999 -9999 -9999 20.29830 20.35250 20.66420 20.73330 19.46170 20.90670 21.19420 21.09750 20.14330 20.50330 19.38830 16.53920 15.18000 -9999 -9999 -9999 -9999 -9999 9.59417 9.54750 9.49167 9.69083 8.51750 8.35917 8.23917 8.41000 8.61750 8.71083 7.33750 7.47667
-9999 -9999 -9999 -9999 -9999 -9999 -9999 -9999 -9999 -9999 -9999 -9999 -9999 -9999 -9999 -9999 -9999 -9999 -9999 -9999 -9999 -9999 -9999 -9999 -9999 -9999 -9999 -9999 -9999 -9999 -9999 -9999 -9999 -9999 -9999 -9999 -9999 -9999 -9999 -9999 -9999 19.47830 19.94080 20.21250 18.98420 18.80750 18.71170 20.24920 19.91000 20.02500 18.75670 20.42250 19.25750 16.62580 15.27750 15.11250 12.38920 -9999 10.80420 10.69170 9.32667 9.33000 9.51917 9.49250 9.46583 9.41333 8.38833 8.30167 8.35333 8.46833 7.34667
-9999 -9999 -9999 -9999 -9999 -9999 -9999 -9999 -9999 -9999 -9999 -9999 -9999 -9999 -9999 -9999 -9999 -9999 -9999 -9999 -9999 -9999 -9999 -9999 -9999 -9999 -9999 -9999 -9999 -9999 -9999 -9999 -9999 -9999 -9999 17.50170 17.35420 18.71170 18.91330 17.54330 17.51830 17.86080 17.84750 18.02000 18.16920 18.43580 18.46000 18.54580 19.83170 20.02000 19.90330 20.03580 21.43000 18.78330 18.96500 17.49170 14.69250 11.89580 10.51830 10.42750 9.09333 10.45000 9.30667 11.95670 10.50250 9.39333 9.65250 9.51667 8.19833 8.29917 8.46083
-9999 -9999 -9999 -9999 -9999 -9999 -9999 -9999 -9999 -9999 -9999 -9999 -9999 -9999 -9999 -9999 -9999 -9999 -9999 -9999 -9999 -9999 -9999 -9999 -9999 -9999 -9999 -9999 -9999 -9999 -9999 -9999 -9999 -9999 17.24920 18.70000 18.52250 18.53830 18.55670 17.32250 17.65830 17.51170 17.56170 17.46000 17.57170 17.73170 17.70500 19.22420 19.57500 21.70170 21.70250 22.28920 22.21580 22.26920 20.98000 18.29330 15.43000 12.97830 10.21420 10.29920 10.30000 11.36000 11.59330 13.06420 10.53000 9.29250 9.22917 10.71250 12.14920 10.78750 12.64500
-9999 -9999 -9999 -9999 -9999 -9999 -9999 -9999 -9999 -9999 -9999 -9999 -9999 -9999 -9999 -9999 -9999 -9999 -9999 -9999 -9999 -9999 -9999 -9999 -9999 -9999 -9999 -9999 -9999 -9999 -9999 -9999 -9999 17.39250 17.08830 17.35080 18.40420 18.36000 18.40920 16.86920 17.15670 17.01670 16.98080 17.09670 17.04080 17.24750 18.60920 18.75500 21.44920 22.28250 23.64830 23.87170 26.05500 22.39080 19.67920 17.17920 16.23420 12.55500 10.97670 11.07830 11.19170 10.98670 9.94250 8.62083 8.83917 10.17080 10.36920 10.36750 11.77830 10.42000 11.93250
-9999 -9999 -9999 -9999 -9999 -9999 -9999 -9999 -9999 -9999 -9999 -9999 -9999 -9999 -9999 -9999 -9999 -9999 -9999 -9999 -9999 -9999 -9999 -9999 -9999 -9999 -9999 -9999 -9999 -9999 -9999 17.20330 18.14080 17.88330 17.66670 17.46330 17.40920 17.27580 17.12250 17.07580 17.05170 16.80500 16.56420 16.91830 16.86170 17.93670 18.11000 17.96500 19.09000 20.28670 21.42330 22.72500 26.07000 22.88080 20.25170 16.64580 14.03080 12.72420 13.82830 11.56330 10.61250 9.45500 9.55250 8.45833 8.46083 9.83833 10.13830 9.64750 9.81750 12.44670 14.04420
-9999 -9999 -9999 -9999 -9999 -9999 -9999 -9999 -9999 -9999 -9999 -9999 -9999 -9999 -9999 -9999 -9999 -9999 -9999 -9999 -9999 -9999 -9999 -9999 -9999 -9999 -9999 -9999 -9999 18.02000 17.67080 18.94080 18.65080 18.37000 18.01000 17.76000 17.71000 17.62830 17.59920 17.50580 17.20670 17.14420 16.88920 16.80830 16.76420 17.87500 18.06750 19.11500 21.36170 22.44920 23.68250 24.82420 26.10080 22.27170 20.81580 18.22830 13.70330 13.66330 12.47250 10.13000 10.13420 10.20750 10.44670 10.50670 9.46250 9.52167 10.72830 12.05830 12.18080 12.13420 11.12670
-9999 -9999 -9999 -9999 -9999 -9999 -9999 -9999 -9999 -9999 -9999 -9999 -9999 -9999 -9999 -9999 -9999 -9999 -9999 -9999 -9999 -9999 -9999 -9999 19.97670 20.13920 18.85750 19.07830 18.79580 20.03500 19.32500 19.36920 18.96170 18.70920 18.45500 18.23750 18.08330 17.94170 17.96000 17.67420 17.74920 17.48330 17.28500 17.20750 17.22750 18.24080 18.13500 19.24250 21.38920 22.69830 21.24330 24.57000 24.61080 20.94500 18.35250 15.90330 13.52420 12.33830 12.27000 11.10420 9.95917 10.14830 9.10500 9.20667 9.36333 9.41667 9.26167 8.11167 9.36500 10.62830 15.46670
-9999 -9999 -9999 -9999 -9999 -9999 18.42250 18.77330 19.11580 18.31580 18.89920 -9999 -9999 -9999 -9999 -9999 -9999 -9999 -9999 -9999 -9999 19.09670 20.71420 21.00000 21.17580 21.11830 21.48580 20.17920 20.31830 19.88420 19.36750 19.13330 18.88000 18.49080 19.49330 17.97170 19.09830 17.56830 17.60670 17.38250 17.23420 17.09750 17.02000 16.97420 16.95580 17.07170 16.92080 19.24000 21.47920 22.38420 22.38920 23.27670 24.51500 20.76330 17.15830 14.73250 13.59330 12.28580 11.03250 9.96750 9.85333 9.91917 10.07670 11.57170 11.92330 9.35667 8.11250 9.25333 9.29000 9.31917 10.62920
-9999 -9999 -9999 -9999 -9999 19.68250 20.00500 21.56670 20.74080 21.08170 20.30750 21.79170 21.93580 22.26750 -9999 -9999 -9999 22.34080 22.34000 21.10500 21.17500 21.43420 21.28330 20.09750 20.56920 20.52250 21.11000 20.02580 19.71500 19.51580 19.32920 17.51670 18.51000 16.73250 17.46670 17.26500 16.98750 16.81080 16.84580 15.56080 15.30580 15.34250 15.32580 15.59170 16.66250 17.05330 18.30330 20.46670 21.42670 22.52330 22.41750 22.42080 20.84000 18.38000 16.03830 15.92920 14.66330 12.28670 10.00330 10.94330 9.94750 11.22080 11.20670 10.19920 11.76330 13.84250 12.83080 12.63580 11.63750 11.60920 11.39420
-9999 19.34420 19.45750 19.78250 19.77500 19.98080 21.38330 21.55250 21.82000 20.93420 21.29920 23.33830 23.56000 22.58080 22.67920 21.70080 20.62580 21.94580 22.24170 20.81330 20.93170 19.51750 19.55500 19.83170 18.60920 20.21080 20.58420 19.49170 19.08080 19.01080 17.16920 17.00170 16.56330 16.27000 16.29500 17.06750 16.54420 16.51750 16.13420 14.64420 14.75080 14.47830 14.71330 14.79080 15.00750 15.20170 17.94750 19.06580 20.22000 20.13670 21.30080 22.38750 20.97750 21.08500 19.65170 17.44830 16.04920 12.22920 12.27080 12.14170 11.05580 11.31330 13.82920 12.78080 14.13830 14.15830 13.04420 13.88500 12.82420 13.82670 16.02920
-9999 21.99920 20.76750 21.25830 20.24580 20.31420 20.41330 20.83580 20.81330 21.01080 21.74670 23.11920 23.54330 23.75080 22.70670 22.92500 23.01920 22.87580 21.68000 20.29670 20.44080 20.26500 20.54830 19.48920 18.14750 18.45920 18.38420 18.73080 18.68080 18.34500 18.00250 16.28750 16.28330 15.97500 15.44750 15.26420 14.98080 14.74250 14.46670 14.41670 14.06580 13.87250 13.70830 13.01080 13.17250 13.58670 14.90170 16.38000 17.91250 19.09080 18.82080 21.27920 21.16750 23.46670 22.17080 18.64170 15.92500 14.52580 13.39580 13.58080 12.57330 13.60250 13.79170 13.06420 14.40330 14.40420 15.59500 14.35750 14.23750 15.26500 15.39250
-9999 -9999 -9999 22.71250 22.96250 21.85330 22.03580 22.22580 22.28420 21.49330 21.41420 21.93830 22.16750 22.20080 22.76580 22.82670 22.74080 21.40750 21.50670 21.24920 21.09580 19.77830 20.05080 18.95330 19.04830 17.89670 17.81330 17.94580 16.53250 16.47250 16.19420 15.89000 15.51830 15.36750 15.07000 14.75580 14.34330 14.49250 14.01250 13.65500 13.53170 13.44580 12.26580 12.38500 12.89170 13.04580 13.48330 15.08080 16.54420 17.89750 18.94920 20.23000 21.39420 22.51080 21.07580 19.62500 15.96000 16.00670 15.98920 16.18830 13.94750 16.25830 16.31500 16.63670 15.60830 14.67170 13.24830 15.91670 16.74420 18.04000 18.11500
-9999 -9999 -9999 -9999 -9999 -9999 22.10830 22.35170 22.60080 21.55000 21.70500 21.77750 21.86250 20.81920 20.86670 21.19580 21.04420 20.95830 19.68170 19.48250 19.61500 19.59750 18.47580 18.60420 17.32830 17.45170 17.44330 16.17420 15.91250 15.84250 15.67250 15.39580 14.86420 14.81920 13.63170 13.27750 14.00750 13.89670 13.52830 13.51580 13.27500 13.26000 12.09580 12.39750 12.83920 11.98500 12.42170 15.11670 15.39000 18.24170 20.79500 23.03670 22.95500 19.01830 20.11420 19.92080 17.37920 18.66750 19.97250 19.00580 18.86830 18.74670 18.19750 18.52000 17.89750 18.12830 15.65500 16.76580 17.93250 18.97250 20.24250
-9999 -9999 -9999 -9999 -9999 -9999 21.99330 22.24500 22.43500 22.73080 21.78420 21.86750 21.99170 20.90830 20.93500 20.91750 20.99170 20.92170 20.86920 19.59500 19.73420 19.70250 19.79330 18.45750 18.48580 17.18000 15.87080 15.76000 14.51250 14.34330 15.30670 13.76000 13.63580 13.41000 14.39830 12.94750 12.76830 12.56420 12.46920 13.40250 13.32250 12.34670 12.36080 12.68670 11.85250 12.35750 12.67420 12.90920 14.29170 14.91330 17.58080 17.51000 18.31420 19.31750 18.00330 15.29500 16.65580 17.63670 18.03170 19.04330 21.41830 21.07580 20.94750 19.34920 19.59580 17.47750 17.61580 17.50330 17.60580 18.88250 21.12250
-9999 -9999 -9999 -9999 -9999 -9999 -9999 -9999 -9999 -9999 21.64920 22.00250 22.08170 20.95330 21.07000 21.05500 21.13330 20.94420 19.84830 19.73420 19.60080 19.92250 18.18830 18.23670 18.33170 18.35750 17.03170 15.82330 15.54830 15.40170 13.84750 13.61670 13.49580 13.24420 12.99830 12.72000 12.80750 12.47830 12.50750 12.46170 12.48830 12.56330 12.65170 12.88580 13.29830 12.55920 13.01500 13.14920 13.73750 12.61920 12.82170 12.62420 12.23170 12.10750 12.02670 10.70330 12.10330 12.15250 13.16580 14.02170 13.91250 15.02750 14.89330 16.78250 16.60750 15.54000 15.74750 15.91920 17.27670 18.54250 19.77000
-9999 -9999 -9999 -9999 -9999 -9999 -9999 -9999 -9999 -9999 20.71670 20.80920 22.02080 21.17750 20.96330 20.92000 21.20830 21.15330 20.92330 20.70750 19.63830 19.55250 19.58000 18.24170 17.89920 16.76830 15.58080 15.72250 14.26250 14.01580 13.83920 13.62330 13.39080 13.25420 12.98580 12.59170 12.70750 12.71080 12.72920 12.65580 12.82830 12.96330 12.97330 13.25670 13.81250 13.99670 14.30920 13.49580 13.74670 13.73670 12.67000 12.51080 12.45170 12.10250 10.70330 10.82080 10.84920 10.95920 10.68670 11.72330 11.80750 12.84750 12.43080 12.14420 11.96920 13.02830 13.23750 13.30170 14.59750 18.15580 19.80330
-9999 -9999 -9999 -9999 -9999 -9999 -9999 -9999 -9999 -9999 -9999 -9999 20.77670 22.09000 22.45170 21.24830 20.02500 19.10750 20.34670 20.09170 19.65170 19.48250 18.19330 17.99000 16.65830 15.41580 15.23420 15.35580 15.05330 13.74500 13.54330 13.45580 13.15500 12.80830 12.60920 12.60750 12.66670 13.87920 14.00000 13.95080 14.18330 14.54250 14.68170 15.05330 14.25250 14.41830 14.79750 15.12670 15.25250 14.02420 14.00920 13.82250 13.81580 13.39500 12.08750 10.81420 10.78250 11.92920 13.10250 13.04170 12.92830 12.37330 13.19420 12.99830 12.91330 12.60080 12.72500 13.06080 14.58250 16.81500 20.57670
-9999 -9999 -9999 -9999 -9999 -9999 -9999 -9999 -9999 -9999 -9999 -9999 20.73080 20.65920 20.85330 21.11920 19.99250 20.26330 21.63920 20.21750 19.44580 19.40330 19.43830 17.93080 17.88330 16.49670 15.35330 15.04170 13.83500 13.38250 13.28920 13.14830 13.03830 12.89420 13.91580 12.70750 13.93580 15.15500 14.35920 14.68670 14.86170 15.10170 15.47580 15.69080 15.67250 16.20750 16.39500 15.31750 15.35000 16.56580 15.64000 15.45920 13.67170 13.65750 12.41000 12.26830 12.28420 13.16670 12.99420 14.05170 13.82920 13.75080 13.69750 14.73250 14.49000 14.04830 14.03170 14.27830 15.58830 19.23080 20.77670
-9999 -9999 -9999 -9999 -9999 -9999 -9999 -9999 -9999 -9999 -9999 19.46830 20.91750 19.91920 19.06580 21.91170 22.05500 21.72580 22.01080 21.81420 19.57080 20.65500 19.05330 19.08670 17.79330 17.75670 16.39580 16.49830 14.91670 13.53750 13.49670 13.42250 13.31830 13.34170 13.13670 13.18750 13.50330 14.99420 16.35000 17.53920 17.89000 17.94000 18.18170 17.04420 17.08670 16.17250 16.44000 16.53170 16.70500 16.66750 16.89170 16.99500 15.53580 15.57420 13.86920 13.74670 13.50330 14.73080 14.61750 14.40080 14.11920 15.35830 15.18670 15.51920 15.05920 14.74500 15.75750 16.77580 19.45420 21.99750 25.25920
-9999 -9999 -9999 -9999 -9999 -9999 -9999 -9999 -9999 -9999 -9999 18.52330 18.96750 19.17170 19.49080 21.09830 21.55000 21.15000 21.35000 21.31500 20.25420 20.25170 20.34420 19.02580 17.95080 16.68420 16.71830 16.60500 15.22500 15.14920 15.03080 13.80420 13.89750 13.73670 13.55330 13.85170 14.19750 15.75500 18.23080 18.36250 18.39750 18.60580 20.17170 18.82500 18.91580 17.50080 17.84250 17.99170 17.83080 16.81670 16.81750 16.97170 16.87750 16.79250 16.52670 14.97830 16.11750 16.01080 15.99250 15.59830 15.58750 15.60580 16.70670 15.26750 16.73830 16.39170 17.23830 17.18670 20.60170 24.27420 24.05080
