data/hydroclimate-scenarios/BCSD_hadcm_B1/monthly_summaries/precip_monthly_tot_may.2030-2059.asc
ncols	311
nrows	91
xllcenter	102.75
yllcenter	31.75
cellsize	0.5
NODATA_value	-9999
[rows 0 to 31 of 91, columns 0 to 70 of 311]
-9999 -9999 -9999 -9999 -9999 -9999 -9999 -9999 -9999 -9999 -9999 -9999 -9999 -9999 -9999 -9999 -9999 -9999 -9999 -9999 -9999 -9999 -9999 -9999 -9999 -9999 -9999 -9999 -9999 -9999 -9999 -9999 -9999 -9999 -9999 -9999 -9999 -9999 -9999 -9999 -9999 -9999 -9999 -9999 -9999 -9999 -9999 -9999 -9999 -9999 -9999 -9999 -9999 -9999 -9999 -9999 -9999 -9999 -9999 -9999 -9999 -9999 -9999 -9999 -9999 -9999 -9999 -9999 -9999 -9999 -9999
-9999 -9999 -9999 -9999 -9999 -9999 -9999 -9999 -9999 -9999 -9999 -9999 -9999 -9999 -9999 -9999 -9999 -9999 -9999 -9999 -9999 -9999 -9999 -9999 -9999 -9999 -9999 -9999 -9999 -9999 -9999 -9999 -9999 -9999 -9999 -9999 -9999 -9999 -9999 -9999 -9999 -9999 -9999 -9999 -9999 -9999 -9999 -9999 -9999 -9999 -9999 -9999 -9999 -9999 -9999 -9999 -9999 -9999 -9999 -9999 -9999 -9999 -9999 -9999 -9999 -9999 -9999 -9999 -9999 -9999 -9999
-9999 -9999 -9999 -9999 -9999 -9999 -9999 -9999 -9999 -9999 -9999 -9999 -9999 -9999 -9999 -9999 -9999 -9999 -9999 -9999 -9999 -9999 -9999 -9999 -9999 -9999 -9999 -9999 -9999 -9999 -9999 -9999 -9999 -9999 -9999 -9999 -9999 -9999 -9999 -9999 -9999 -9999 -9999 -9999 -9999 -9999 -9999 -9999 -9999 -9999 -9999 -9999 -9999 -9999 -9999 -9999 -9999 -9999 -9999 -9999 -9999 -9999 -9999 -9999 -9999 -9999 -9999 -9999 -9999 -9999 -9999
-9999 -9999 -9999 -9999 -9999 -9999 -9999 -9999 -9999 -9999 -9999 -9999 -9999 -9999 -9999 -9999 -9999 -9999 -9999 -9999 -9999 -9999 -9999 -9999 -9999 -9999 -9999 -9999 -9999 -9999 -9999 -9999 -9999 -9999 -9999 -9999 -9999 -9999 -9999 -9999 -9999 -9999 -9999 -9999 -9999 -9999 -9999 -9999 -9999 -9999 -9999 -9999 -9999 -9999 -9999 -9999 -9999 -9999 -9999 -9999 -9999 -9999 -9999 -9999 -9999 -9999 -9999 -9999 -9999 -9999 -9999
-9999 -9999 -9999 -9999 -9999 -9999 -9999 -9999 -9999 -9999 -9999 -9999 -9999 -9999 -9999 -9999 -9999 -9999 -9999 -9999 -9999 -9999 -9999 -9999 -9999 -9999 -9999 -9999 -9999 -9999 -9999 -9999 -9999 -9999 -9999 -9999 -9999 -9999 -9999 -9999 -9999 -9999 -9999 -9999 -9999 -9999 -9999 -9999 -9999 -9999 -9999 -9999 -9999 -9999 -9999 -9999 -9999 -9999 -9999 -9999 -9999 -9999 -9999 -9999 -9999 -9999 -9999 -9999 -9999 -9999 -9999
-9999 -9999 -9999 -9999 -9999 -9999 -9999 -9999 -9999 -9999 -9999 -9999 -9999 -9999 -9999 -9999 -9999 -9999 -9999 -9999 -9999 -9999 -9999 -9999 -9999 -9999 -9999 -9999 -9999 -9999 -9999 -9999 -9999 -9999 -9999 -9999 -9999 -9999 -9999 -9999 -9999 -9999 -9999 -9999 -9999 -9999 -9999 -9999 -9999 -9999 -9999 -9999 -9999 -9999 -9999 -9999 -9999 -9999 -9999 -9999 -9999 -9999 -9999 -9999 -9999 -9999 -9999 -9999 -9999 -9999 -9999
-9999 -9999 -9999 -9999 -9999 -9999 -9999 -9999 -9999 -9999 -9999 -9999 -9999 -9999 -9999 -9999 -9999 -9999 -9999 -9999 -9999 -9999 -9999 -9999 -9999 -9999 -9999 -9999 -9999 -9999 -9999 -9999 -9999 -9999 -9999 -9999 -9999 -9999 -9999 -9999 -9999 -9999 -9999 -9999 -9999 -9999 -9999 -9999 -9999 -9999 -9999 -9999 -9999 -9999 -9999 -9999 -9999 -9999 -9999 -9999 -9999 -9999 -9999 -9999 -9999 -9999 -9999 -9999 -9999 -9999 -9999
-9999 -9999 -9999 -9999 -9999 -9999 -9999 -9999 -9999 -9999 -9999 -9999 -9999 -9999 -9999 -9999 -9999 -9999 -9999 -9999 -9999 -9999 -9999 -9999 -9999 -9999 -9999 -9999 -9999 -9999 -9999 -9999 -9999 -9999 -9999 -9999 -9999 -9999 -9999 -9999 -9999 -9999 22.58920 24.06750 23.66080 21.96000 21.69330 21.26580 20.71330 19.36500 19.12580 17.44830 -9999 -9999 -9999 -9999 -9999 -9999 -9999 -9999 -9999 -9999 -9999 -9999 -9999 -9999 -9999 -9999 -9999 -9999 -9999
-9999 -9999 -9999 -9999 -9999 -9999 -9999 -9999 -9999 -9999 -9999 -9999 -9999 -9999 -9999 -9999 -9999 -9999 -9999 -9999 -9999 -9999 -9999 -9999 -9999 -9999 -9999 -9999 -9999 -9999 -9999 -9999 -9999 -9999 -9999 -9999 -9999 -9999 24.88670 26.58250 26.67580 25.35500 25.74250 25.68500 23.64750 23.66830 22.47750 22.37250 20.62000 20.55670 18.65080 17.40750 17.07080 15.50750 -9999 -9999 -9999 -9999 -9999 -9999 -9999 -9999 -9999 -9999 -9999 -9999 -9999 -9999 -9999 -9999 -9999
-9999 -9999 -9999 -9999 -9999 -9999 -9999 -9999 -9999 -9999 -9999 -9999 -9999 -9999 -9999 -9999 -9999 -9999 -9999 -9999 -9999 -9999 -9999 -9999 -9999 -9999 -9999 -9999 -9999 -9999 -9999 -9999 -9999 -9999 -9999 -9999 -9999 -9999 -9999 -9999 25.49000 26.15330 27.86500 27.72330 27.97750 27.64830 25.55920 23.64830 23.40830 23.60920 22.05920 18.54920 17.11330 15.31000 -9999 -9999 -9999 -9999 -9999 -9999 -9999 -9999 -9999 -9999 -9999 -9999 -9999 -9999 -9999 -9999 -9999
-9999 -9999 -9999 -9999 -9999 -9999 -9999 -9999 -9999 -9999 -9999 -9999 -9999 -9999 -9999 -9999 -9999 -9999 -9999 -9999 -9999 -9999 -9999 -9999 -9999 -9999 -9999 -9999 -9999 -9999 -9999 -9999 -9999 -9999 -9999 -9999 -9999 -9999 -9999 -9999 -9999 -9999 -9999 -9999 27.29250 27.36080 29.84670 28.08000 26.29920 25.16250 23.99420 25.81670 19.19580 17.44330 -9999 -9999 -9999 -9999 -9999 -9999 14.74080 -9999 -9999 -9999 -9999 -9999 -9999 -9999 -9999 -9999 -9999
-9999 -9999 -9999 -9999 -9999 -9999 -9999 -9999 -9999 -9999 -9999 -9999 -9999 -9999 -9999 -9999 -9999 -9999 -9999 -9999 -9999 -9999 -9999 -9999 -9999 -9999 -9999 -9999 -9999 -9999 -9999 -9999 -9999 -9999 -9999 -9999 -9999 -9999 -9999 -9999 -9999 31.56500 30.07000 31.84420 31.57250 28.34920 29.32580 30.17580 28.54580 27.32330 27.77250 26.16250 22.00000 20.21420 -9999 -9999 -9999 -9999 -9999 14.38750 14.72080 14.62500 14.84000 14.73170 14.92080 14.82080 14.72250 14.59670 14.36750 12.96500 13.20000
-9999 -9999 -9999 -9999 -9999 -9999 -9999 -9999 -9999 -9999 -9999 -9999 -9999 -9999 -9999 -9999 -9999 -9999 -9999 -9999 -9999 -9999 -9999 -9999 -9999 -9999 -9999 -9999 -9999 -9999 -9999 -9999 -9999 -9999 -9999 -9999 -9999 -9999 -9999 -9999 -9999 30.39500 30.98250 29.34670 27.93750 27.12330 26.79000 27.75330 27.18500 27.12000 25.60580 28.93080 27.45170 24.76420 22.33500 21.94500 19.06750 -9999 15.75830 15.81670 15.81250 15.96250 15.98170 17.46420 17.64920 16.02920 16.16330 15.90830 14.44670 14.51080 14.44500
-9999 -9999 -9999 -9999 -9999 -9999 -9999 -9999 -9999 -9999 -9999 -9999 -9999 -9999 -9999 -9999 -9999 -9999 -9999 -9999 -9999 -9999 -9999 -9999 -9999 -9999 -9999 -9999 -9999 -9999 -9999 -9999 -9999 -9999 -9999 28.56420 28.58420 29.73750 29.79250 28.44420 28.35250 27.11330 28.44500 28.60250 27.03330 26.68170 26.40750 27.49670 27.14420 28.58580 29.97750 31.37250 33.26080 30.34330 28.98580 28.94920 23.07420 19.95920 16.83170 17.03580 15.51420 17.25330 17.41080 21.76250 20.24830 17.35580 17.48920 17.38500 15.96170 16.10420 16.04000
-9999 -9999 -9999 -9999 -9999 -9999 -9999 -9999 -9999 -9999 -9999 -9999 -9999 -9999 -9999 -9999 -9999 -9999 -9999 -9999 -9999 -9999 -9999 -9999 -9999 -9999 -9999 -9999 -9999 -9999 -9999 -9999 -9999 -9999 27.20830 31.02750 31.11330 30.10920 29.16750 27.77750 27.65830 26.38000 26.29920 26.20250 26.08500 25.87330 25.81420 27.02250 29.85580 32.38580 35.42580 34.37080 37.53500 37.67920 36.33920 30.34420 25.45080 22.56580 18.27330 16.83000 18.25920 21.19000 21.27170 24.03170 18.23920 18.35500 18.40080 20.04920 23.04670 21.71920 24.91670
-9999 -9999 -9999 -9999 -9999 -9999 -9999 -9999 -9999 -9999 -9999 -9999 -9999 -9999 -9999 -9999 -9999 -9999 -9999 -9999 -9999 -9999 -9999 -9999 -9999 -9999 -9999 -9999 -9999 -9999 -9999 -9999 -9999 29.05750 29.19750 29.17170 29.55330 29.60500 28.15830 26.41670 26.66330 26.77250 26.64920 26.56420 26.45920 26.44670 27.70250 29.27420 35.27080 37.50670 38.63670 41.65500 45.61920 40.19080 34.98080 30.20920 29.16420 23.67580 19.38080 20.47920 22.06170 19.13500 19.16000 16.18170 17.49250 19.01000 20.51830 22.24420 24.06330 22.44330 23.83580
-9999 -9999 -9999 -9999 -9999 -9999 -9999 -9999 -9999 -9999 -9999 -9999 -9999 -9999 -9999 -9999 -9999 -9999 -9999 -9999 -9999 -9999 -9999 -9999 -9999 -9999 -9999 -9999 -9999 -9999 -9999 28.10000 28.44920 28.57250 28.60500 28.66500 27.24080 27.22000 27.31830 25.55420 25.77170 25.62170 25.60920 25.69420 27.08500 27.12080 28.92500 28.64000 32.75080 35.58580 39.01330 40.67330 47.31830 42.21420 38.00330 32.55500 26.79330 24.28170 26.74330 23.71170 21.37830 19.78750 18.02920 16.96250 17.98250 19.60670 19.71750 20.00830 20.27830 25.58580 28.91330
-9999 -9999 -9999 -9999 -9999 -9999 -9999 -9999 -9999 -9999 -9999 -9999 -9999 -9999 -9999 -9999 -9999 -9999 -9999 -9999 -9999 -9999 -9999 -9999 -9999 -9999 -9999 -9999 -9999 26.02420 26.26170 29.02920 28.94000 29.04420 28.02080 27.91330 28.09920 28.03580 26.66000 26.73500 26.51920 26.51080 25.13000 25.31500 26.76250 29.76670 29.82670 31.24500 38.32250 40.57920 41.77170 46.83500 49.55500 41.33330 41.31750 36.01750 29.19920 27.95500 25.17080 20.78420 20.53920 20.19920 19.95750 19.85170 18.43250 18.72080 22.82000 24.70500 26.22670 26.47830 25.46330
-9999 -9999 -9999 -9999 -9999 -9999 -9999 -9999 -9999 -9999 -9999 -9999 -9999 -9999 -9999 -9999 -9999 -9999 -9999 -9999 -9999 -9999 -9999 -9999 30.05830 30.26670 27.64080 26.59670 26.75920 27.94170 28.25750 27.55000 27.45170 27.83080 28.16250 27.23580 28.43670 28.48420 28.94920 27.45830 26.32420 26.28170 26.31920 26.43080 28.33500 29.76250 30.02000 34.30170 39.79080 40.62420 40.60830 48.40420 47.20000 41.56670 35.95830 33.47170 29.15830 27.87500 26.31000 23.33420 20.16080 20.04170 18.59920 18.25000 18.00830 20.53500 19.87580 18.96920 21.69080 24.40580 32.74500
-9999 -9999 -9999 -9999 -9999 -9999 32.21670 31.97750 31.16920 30.91330 31.11000 -9999 -9999 -9999 -9999 -9999 -9999 -9999 -9999 -9999 -9999 30.88750 32.22250 31.65000 31.29330 31.23330 30.37250 29.74580 30.14330 28.61170 27.52500 27.79250 28.38080 28.61830 28.83580 27.79830 29.34500 28.17170 28.13170 27.26000 25.92830 26.02670 26.14500 26.36580 27.82330 29.40080 29.36330 33.67500 38.69670 41.09580 43.76830 44.77580 47.46170 42.03920 35.39170 31.47500 30.33170 29.30250 26.08000 23.12500 21.67750 21.47170 22.31500 21.93580 23.05330 19.61670 18.62920 21.28750 22.96670 23.05330 25.91500
-9999 -9999 -9999 -9999 -9999 32.64420 32.67830 34.91080 32.52080 34.05330 34.52330 36.89750 35.46000 36.99170 -9999 -9999 -9999 35.68500 35.75830 35.23580 34.85500 33.89000 32.60000 31.66670 32.81330 30.39750 31.06250 29.30830 29.63420 28.49250 27.18330 27.43670 26.49500 26.74250 26.63330 27.14920 27.35250 27.71500 27.79920 26.65670 26.83670 26.85920 26.65000 25.52670 27.20250 28.31080 32.59670 36.24250 40.42250 41.38750 42.53670 43.95420 42.55000 37.30170 34.56830 33.66920 33.73920 29.84750 24.59420 24.10500 22.57000 23.68000 24.74000 22.18580 25.86170 30.18420 27.84170 28.23670 27.01250 28.43580 28.66500
-9999 32.47330 32.68580 32.15750 33.49250 33.68250 34.84080 34.73830 36.48920 34.98580 36.17080 37.65500 37.91250 37.80750 36.48420 35.43170 32.69670 36.65170 36.64080 34.93830 34.17920 33.30750 32.80830 31.17000 30.21670 31.69670 31.02330 30.50580 30.88080 28.76830 26.95000 26.62000 25.39500 25.75670 26.14670 26.55920 26.66500 27.02000 27.17170 26.00330 25.89750 25.78170 25.54420 24.66000 25.99580 27.24170 29.71250 32.45000 36.15420 38.88000 39.58000 43.66330 42.41250 43.61330 41.41670 38.03670 35.54000 29.00500 29.23750 27.75330 24.99170 26.04830 28.16330 26.89330 29.45420 29.71170 27.60170 31.51580 29.08920 33.18920 37.26670
-9999 35.65580 34.49670 34.77420 34.81500 33.78580 34.73580 35.08250 34.95250 36.01080 36.55420 37.80080 38.85420 37.51080 37.61170 37.61250 37.74580 37.66000 36.90670 35.94080 35.49750 34.63250 34.01250 31.97670 32.24080 31.14500 31.42170 30.73420 30.92250 28.43750 28.21080 26.59420 25.11250 25.17830 25.30920 25.35920 25.72080 25.73670 24.68750 26.01000 24.68670 24.48580 24.44500 24.55830 24.60080 24.69580 25.78830 29.52750 31.98080 35.79670 36.01000 41.12920 41.25830 46.35670 45.48920 39.64670 35.60330 33.52250 31.50080 32.54670 29.93080 31.03580 30.78250 28.99580 30.73000 30.88500 31.99000 32.40170 32.46670 33.87750 35.33670
-9999 -9999 -9999 38.00750 38.15500 35.63330 35.63080 35.84750 35.73500 34.25330 35.79500 36.29920 36.27830 36.18000 37.70500 37.61330 37.67250 35.47580 37.09000 36.29000 36.62580 36.11170 34.58000 34.38580 32.95830 32.24330 31.02420 29.94750 29.30920 28.72580 27.16250 26.82580 25.17170 24.50670 24.89750 24.70920 24.47580 24.57330 24.70830 24.62670 24.26080 23.34920 22.74420 23.11580 23.39080 23.54420 24.87420 27.01170 28.28750 30.69170 34.51000 38.07750 41.39830 44.21920 41.40580 42.13250 37.85500 36.74000 36.84670 35.48330 31.80830 34.23250 34.45080 34.26580 32.47580 31.23500 30.63920 34.26080 36.98830 38.31830 39.57830
-9999 -9999 -9999 -9999 -9999 -9999 36.86000 36.97750 36.68920 35.69830 35.70330 35.64830 35.74830 34.41580 35.76080 36.04000 36.55670 36.76500 35.74920 35.07170 34.33250 35.25170 34.21750 34.55000 33.99920 34.16000 31.56830 29.30500 29.30750 27.64830 27.16420 26.52500 24.55330 24.65000 24.07080 24.01750 23.92750 23.81580 23.60170 23.77080 23.68750 23.80750 23.26250 22.62000 22.64500 22.70750 22.97670 27.46580 27.68330 30.92750 35.94580 39.92670 41.81330 38.20670 41.09420 42.83500 39.70580 42.49920 43.96250 40.18580 40.31670 40.19170 40.01830 39.78750 37.04750 37.92250 33.58750 36.02170 40.08250 41.69500 43.45170
-9999 -9999 -9999 -9999 -9999 -9999 36.51670 37.58670 36.62000 37.71580 36.51830 36.36830 36.52420 35.65920 35.72170 36.38420 36.76580 37.48330 37.15250 36.71330 36.00420 36.11170 36.26330 35.45170 34.42580 33.71580 30.97330 29.72920 28.37000 28.03750 27.62330 26.63500 24.91500 24.46000 23.81420 23.64250 22.50330 23.38580 23.22330 23.27250 24.54920 23.56500 23.54670 23.79830 22.82500 23.11500 23.16330 23.03750 24.62580 27.11330 29.45920 33.14420 35.04500 37.49330 37.65330 34.44000 36.28000 40.06830 37.46920 38.72080 44.51750 43.15330 41.89170 40.36670 40.77670 36.93580 37.27250 37.95250 39.16920 40.93500 44.86580
-9999 -9999 -9999 -9999 -9999 -9999 -9999 -9999 -9999 -9999 34.92830 37.34080 36.18420 34.12330 35.65750 37.66830 38.52420 38.83080 37.57250 37.54670 37.13250 37.16500 35.74830 36.42420 35.06580 35.56250 34.19920 32.11170 29.91000 28.40580 27.65250 27.23670 26.54830 24.46830 24.11000 22.30080 22.06920 22.21420 21.90580 23.34080 23.40920 23.45500 23.39420 23.87670 24.05250 24.24170 24.46750 23.74080 23.99750 24.15920 24.30920 24.32170 25.83670 24.75330 26.17000 25.17750 26.67500 27.83750 28.99580 29.83580 29.82170 31.99000 32.75420 34.58080 34.93250 33.44000 34.13080 35.58420 38.62420 40.19580 44.49920
-9999 -9999 -9999 -9999 -9999 -9999 -9999 -9999 -9999 -9999 33.33250 34.32500 36.64250 35.05170 35.88580 38.05750 39.16250 39.76500 39.69080 39.51170 39.39500 39.17330 39.06420 38.27250 37.03670 34.43330 33.35670 32.23500 30.57750 28.73750 28.22250 27.58580 25.55000 24.82580 25.20250 23.44420 23.28080 23.17330 24.43170 24.46750 24.75500 25.50000 25.79250 26.06170 25.50670 25.61330 26.16330 26.45250 25.41920 25.79670 24.74500 24.54080 24.80750 25.04420 23.88670 23.86670 25.24330 25.37170 24.95830 27.16830 26.77330 26.41920 25.95250 26.64420 25.93670 27.10920 28.66250 31.23580 33.46420 41.16580 45.64000
-9999 -9999 -9999 -9999 -9999 -9999 -9999 -9999 -9999 -9999 -9999 -9999 35.22250 37.26920 38.70420 39.01080 39.21500 36.99330 39.73500 39.38500 39.13920 38.52750 38.95750 37.32670 36.19420 33.32830 33.68750 32.38500 30.63750 28.82000 27.02250 27.47250 26.79420 26.09580 25.33580 24.87580 24.33250 25.56920 25.63170 26.63080 26.66250 26.96750 26.94000 27.64420 28.04330 27.08750 27.40420 27.91750 28.25580 27.37580 27.32080 27.39580 26.21170 26.09830 23.68830 23.62080 24.85330 27.49330 27.08330 27.98420 27.39170 26.76420 25.83420 26.55420 26.48250 27.10420 27.88920 29.59170 32.53580 37.83830 46.25330
-9999 -9999 -9999 -9999 -9999 -9999 -9999 -9999 -9999 -9999 -9999 -9999 35.47250 37.74500 38.78080 38.96580 38.67330 37.91420 40.87920 40.49750 40.23250 40.94920 39.98580 37.40500 37.09250 35.91080 33.30830 32.15580 31.80920 28.99170 26.96920 27.65830 26.81330 27.33170 27.61330 25.82750 26.77750 28.93830 28.53500 28.22830 28.19420 28.27080 27.67170 28.20250 28.66330 28.49000 29.12830 29.49170 30.11920 30.11580 30.27080 28.83250 27.09420 25.87500 24.50170 24.80170 25.84750 28.02000 27.94750 28.81080 28.12670 27.69330 27.23580 27.15670 27.15420 26.91830 28.50250 31.44080 34.40830 41.09830 45.90170
-9999 -9999 -9999 -9999 -9999 -9999 -9999 -9999 -9999 -9999 -9999 36.20750 37.46920 35.87830 36.51420 39.95170 41.78080 41.06750 42.60580 42.49000 38.65830 41.04750 40.16500 40.02330 38.91670 38.16000 36.68500 34.27420 32.76330 30.08420 28.18830 28.60500 28.10000 27.04080 26.65500 26.04920 26.94580 28.52000 30.68670 32.04750 32.60920 32.39420 32.67830 32.34080 31.31080 30.73670 30.84670 31.00830 31.56420 31.84500 32.10330 30.41170 30.02330 27.18000 25.66170 27.13830 28.01830 29.28000 28.80830 29.31580 29.15670 28.77250 28.39670 28.10670 28.68330 29.21420 30.55250 34.81420 39.21330 46.01580 50.84750
-9999 -9999 -9999 -9999 -9999 -9999 -9999 -9999 -9999 -9999 -9999 36.61000 36.95000 37.38000 36.65750 39.77920 40.16920 40.70670 40.63330 40.85500 40.83580 40.80580 39.87000 38.69330 37.82580 37.03580 36.97250 36.10170 33.58000 32.34000 31.84750 31.36080 30.31750 28.78330 28.95330 27.62080 27.32080 30.62830 33.66250 34.29170 34.58500 34.57170 35.67420 36.36420 36.00580 33.86000 33.89420 34.24750 33.49000 33.89830 32.27750 31.67080 30.33830 29.92420 29.53080 29.55830 30.27920 30.06080 31.04170 30.34750 29.51830 29.11580 28.88170 28.80830 29.85250 29.63000 33.03670 34.88170 41.20170 47.76170 49.44670
