data/hydroclimate-scenarios/BCSD_hadcm_B1/monthly_summaries/precip_monthly_tot_jun.2030-2059.asc
ncols	311
nrows	91
xllcenter	102.75
yllcenter	31.75
cellsize	0.5
NODATA_value	-9999
[rows 32 to 63 of 91, columns 0 to 70 of 311]
-9999 -9999 -9999 -9999 -9999 -9999 -9999 -9999 -9999 -9999 -9999 50.97920 51.74000 52.25250 52.77750 54.66080 55.66830 54.22330 55.59170 56.81250 58.48000 59.10420 58.52750 59.19080 59.88330 59.37750 61.19330 60.75830 59.41170 58.12750 57.96000 55.88420 54.37500 53.98580 53.66250 50.69500 53.80920 55.04250 57.53500 58.66920 60.52080 60.87500 61.06170 63.19500 64.15500 63.52670 64.79750 67.85330 69.76920 68.00250 68.57830 66.96750 65.97500 65.37250 62.19500 59.60250 58.91920 57.08750 55.77420 55.08920 53.39670 52.73580 49.90580 48.45250 47.78670 47.94920 49.89000 53.76170 58.62250 61.80420 60.75000
-9999 -9999 -9999 -9999 -9999 -9999 -9999 -9999 -9999 -9999 -9999 52.74000 54.44250 53.91920 54.85250 55.90330 56.33500 57.06420 56.78750 58.20420 60.13420 60.84750 61.63500 63.44420 65.78670 66.35670 67.88170 66.30920 64.07670 60.13080 61.44500 59.78330 58.33420 56.32670 54.87580 53.77750 56.68170 58.99170 60.52250 66.41580 64.66670 68.17330 67.97500 68.45830 70.16830 72.61670 73.32170 74.04000 75.04000 74.72170 73.99500 71.08420 69.30580 66.97170 63.70000 62.05170 61.23750 60.02670 58.32500 57.59250 55.77830 54.26920 51.64330 49.16420 50.30420 50.86500 52.56080 54.12000 56.21170 60.79170 58.59670
-9999 -9999 -9999 -9999 -9999 -9999 -9999 -9999 -9999 -9999 -9999 -9999 54.77750 53.67330 54.78750 55.64500 56.74920 56.58750 57.31750 58.82830 61.61000 64.71830 67.47830 69.81670 72.45170 77.51920 75.69080 76.04080 71.30500 68.39580 66.09250 60.74170 60.45500 59.48580 57.84500 59.16250 60.92750 63.77920 65.11580 68.59500 70.66080 71.76500 73.04080 72.35080 74.25920 78.27080 77.35920 76.07000 77.00920 76.10250 73.49330 72.64580 70.76080 69.38330 67.47330 65.98500 62.96000 61.68080 59.80080 58.31920 56.42250 54.81330 54.17500 54.06330 54.20830 53.64500 53.70420 55.79420 61.47920 62.24420 57.83000
-9999 -9999 -9999 -9999 -9999 -9999 -9999 -9999 -9999 -9999 -9999 -9999 55.74670 55.35830 56.66080 56.54670 57.39250 58.56420 59.08750 61.11670 64.10830 72.49250 75.06170 77.72000 81.10580 78.71670 76.15750 80.43420 75.13500 74.43250 72.94500 69.14250 63.56170 60.85670 60.80000 61.47670 64.28420 64.99500 66.17250 69.95330 72.45580 75.50500 76.23420 77.25500 77.54170 79.38250 79.50420 79.26080 77.75920 79.42670 78.08920 74.76080 73.10080 71.25420 68.01330 65.24330 63.43250 61.17670 60.64670 58.71580 58.45920 59.87250 59.15830 59.24920 56.81500 54.65580 55.05500 56.10830 58.22080 58.92250 61.27920
-9999 -9999 -9999 -9999 -9999 -9999 -9999 -9999 -9999 -9999 -9999 -9999 56.99580 55.29420 54.72750 55.91080 58.29580 60.43580 63.13000 66.58500 70.02250 74.73250 78.13670 80.96080 81.20580 82.22580 79.59250 77.09920 77.77250 74.53420 72.10000 67.10670 66.56000 66.41580 62.96250 64.26920 65.29670 67.14920 67.22750 70.63080 75.63750 79.98420 79.16080 80.03250 81.38330 85.86420 87.99830 87.83420 84.98420 80.64420 78.17080 76.27920 73.40420 72.70580 68.64670 66.82330 66.15920 65.04750 64.20000 63.72830 61.40830 62.80580 61.34920 59.26420 59.44830 59.43500 59.01170 58.42670 62.32330 60.65830 61.18330
-9999 -9999 -9999 60.16000 58.84750 58.74750 57.99580 56.59250 58.65750 -9999 59.48000 58.47000 56.55250 55.87750 56.24330 57.16080 60.32080 60.77750 65.54580 68.73670 71.60750 73.87920 77.82920 79.78580 80.05000 80.68330 78.10080 82.43000 80.74080 85.35080 78.45920 70.72920 71.70330 75.54170 70.56000 71.17420 71.98920 72.69670 73.40580 73.20170 74.64750 79.09830 79.90170 80.79000 85.00500 91.84580 96.12250 89.71000 88.37250 86.16750 85.74420 83.16830 81.61580 83.02330 78.35580 80.83750 80.80330 70.77500 72.54170 66.97580 63.76330 65.86080 64.62000 64.38500 62.76330 61.21670 62.12750 62.40580 61.64000 63.35830 66.06580
-9999 -9999 -9999 57.73670 57.83250 58.36500 59.78420 59.26080 59.07080 59.34250 58.74500 57.08750 58.00000 58.34000 60.21420 62.77250 65.85080 66.41830 69.27580 71.19420 71.81500 77.05920 76.31420 76.24000 79.99170 80.51830 81.35580 82.25000 84.87750 87.14330 82.36830 80.26250 78.86920 80.47250 78.75830 79.04250 78.72420 82.75670 78.75580 83.28000 84.66000 82.76080 82.77670 87.01080 90.79080 96.61330 98.28000 92.04750 93.21330 94.08080 92.56080 89.38420 89.68420 87.35920 80.38830 82.44500 77.98250 76.35080 77.99420 74.30080 72.53330 72.18750 71.77830 68.97830 68.82080 63.72750 62.78080 59.97080 62.44500 65.65500 69.64330
-9999 -9999 -9999 57.50000 57.95670 59.71170 60.94420 60.75080 58.20670 57.49250 57.70580 57.81920 60.49920 63.91580 67.28920 65.27080 68.90920 69.08830 67.76080 69.56000 73.31330 78.41750 77.79920 80.76080 85.04580 82.80250 83.76580 84.75750 84.98250 89.56750 95.23330 89.65000 83.16420 83.43170 83.12750 82.36000 80.99420 80.66750 81.76670 84.44330 86.08920 86.54670 87.13670 89.60670 89.89000 94.18000 97.00080 97.56420 96.32420 97.61170 97.88000 90.79830 89.31250 86.80670 82.60250 82.09830 80.24500 78.53750 79.21920 78.14420 74.32580 73.42750 70.78920 72.37080 70.19330 68.39000 67.41250 67.02000 72.72580 73.95420 76.50500
-9999 -9999 -9999 59.02750 55.75500 60.80170 59.48580 60.86920 59.49830 59.30580 56.61670 56.15250 61.85580 64.50670 66.55670 66.23420 70.29670 72.64420 72.94420 71.95420 77.71670 82.97830 87.59250 85.06920 84.71830 83.25920 82.60080 83.62080 90.10420 94.57170 91.53670 81.72670 85.82670 90.92670 88.74750 86.74080 81.30580 77.96250 81.97920 82.10170 85.03500 91.07750 96.31750 95.92500 92.54670 97.82750 100.79100 97.57000 100.66400 96.82580 98.23250 93.36830 91.10500 91.97500 86.59420 83.25750 82.59000 83.29580 83.01670 81.46420 84.65750 78.62670 76.24830 75.83000 75.17420 72.94750 73.54580 74.14670 78.96670 80.30080 77.09420
-9999 -9999 -9999 58.76330 56.11830 61.34170 60.37920 60.33330 62.08580 59.10080 53.74420 56.52670 61.81250 64.54580 70.59750 68.40250 72.22920 71.56920 68.68670 68.12080 74.80920 79.73170 83.08920 78.38920 78.19670 77.75500 75.26920 79.55580 85.95920 89.66580 90.65830 88.31830 89.50920 86.55250 84.82580 84.19920 84.17830 80.94170 80.64670 82.31500 87.30580 91.06830 95.86170 97.83420 96.31170 97.57830 98.75080 97.85920 98.07000 98.86750 98.10250 90.74080 91.84330 95.72750 87.03580 90.68750 82.94080 82.59420 83.81750 87.24670 84.99830 83.25920 81.57250 84.47080 84.95500 79.76080 79.75500 82.36420 81.75420 77.20080 74.75170
-9999 -9999 -9999 -9999 63.41330 65.60250 63.07830 65.74420 63.97920 60.51750 53.35170 55.13170 66.60420 58.60750 -9999 -9999 -9999 -9999 -9999 79.31420 80.97670 79.76920 82.79670 86.06170 82.56580 79.41750 74.01170 77.85500 81.22580 80.64000 83.13500 85.10330 86.54830 82.74750 78.39830 77.66170 78.60170 76.85000 78.73920 80.04000 80.62920 84.89000 90.30250 94.69670 97.07170 97.19330 97.46670 101.77800 97.85000 93.64500 95.71000 94.85420 91.76000 95.23250 94.54080 94.01670 94.33580 91.82170 91.05420 88.85000 89.96000 90.41250 89.29420 88.87170 87.55080 87.63170 84.48170 77.86420 73.12250 -9999 -9999
-9999 -9999 64.42670 65.84830 66.27080 64.57330 64.23830 68.85080 62.32750 59.11830 52.84250 55.61080 64.23670 -9999 -9999 -9999 -9999 -9999 82.38000 77.80920 79.46420 75.44330 76.09500 80.30750 78.22420 76.35330 70.60500 71.52920 75.04920 74.81580 77.40920 79.35920 80.17080 79.25750 78.78080 74.77920 76.16920 75.41750 77.50580 77.80080 80.93750 83.14080 86.47330 88.66170 89.02000 92.31420 94.55750 95.11420 92.65750 90.25580 91.31170 91.36920 91.84830 87.06670 90.57170 85.60330 88.58750 93.37330 93.27670 87.47750 87.70420 87.99670 87.64250 89.21500 87.91920 85.92250 80.70580 -9999 -9999 -9999 -9999
-9999 -9999 68.33580 67.74580 65.29750 65.15000 62.71500 66.43830 61.81000 55.70920 56.50500 56.79500 54.34080 -9999 -9999 -9999 -9999 64.39170 75.36920 71.69830 72.95420 71.72000 72.02000 72.02420 68.01330 65.88580 67.61830 69.66670 70.32080 70.69250 72.85500 77.59420 76.03920 75.62580 76.69420 76.38500 75.21250 74.25580 78.16420 82.22420 82.45330 85.28920 87.21830 86.64420 90.18170 90.37170 89.79750 93.70920 89.84000 90.61830 89.38250 88.31250 87.66170 86.49920 84.31080 78.87000 81.25500 88.94170 90.86920 87.45670 87.12920 92.00170 88.27000 86.31920 84.75170 -9999 -9999 -9999 -9999 -9999 58.28750
-9999 -9999 68.96580 72.68830 69.48500 67.80580 64.80580 63.66000 61.79580 58.84920 59.21420 58.91080 51.96500 -9999 -9999 -9999 -9999 70.55920 71.61080 68.91500 68.81750 65.31000 63.03000 64.04920 66.04750 66.69920 69.21330 68.44000 69.04250 68.40420 71.64330 73.40250 75.90670 77.52170 76.43670 77.23420 76.36000 76.80170 78.88830 77.07000 79.82170 80.48000 82.65830 87.42830 88.26670 92.83750 93.64500 93.88670 91.94830 94.15250 89.11080 89.38670 88.20830 86.18170 86.05750 77.92580 78.37670 85.69500 84.47250 84.55420 81.44670 82.72080 84.68250 89.05500 91.65830 89.94000 80.77330 78.43670 68.19250 -9999 -9999
-9999 -9999 -9999 76.17330 73.47330 69.97580 64.47830 60.77750 60.25920 61.38750 53.57420 55.23000 -9999 -9999 -9999 -9999 65.83250 68.76580 64.78080 64.66830 63.57750 61.33580 63.24750 64.59830 66.92250 67.40420 67.90420 68.95920 68.37330 73.01750 72.89750 70.91580 70.63000 73.50170 75.37830 74.11670 71.91830 71.47920 70.90920 71.63420 75.82830 79.05750 81.60080 83.58000 82.17420 86.66750 86.56670 85.73670 87.87580 89.06920 92.74080 90.30250 86.34000 86.45750 87.95750 86.84170 85.70170 90.86330 89.27330 86.28750 86.95500 89.22420 95.51920 105.36200 106.75800 93.10170 82.32750 76.46170 68.18750 75.25500 -9999
-9999 -9999 -9999 -9999 74.66420 70.38830 65.42420 64.96750 64.15170 54.66500 54.17500 -9999 -9999 -9999 -9999 62.13080 65.86080 63.01330 61.36580 62.22000 61.24500 60.55330 62.99000 67.21920 67.24250 64.34330 64.47750 65.39830 67.56670 67.50330 69.67500 65.50330 65.46500 68.14330 73.01170 72.47670 71.12080 71.10750 71.37670 72.97080 76.08750 79.92830 81.57420 81.61750 80.63670 83.55580 83.93500 84.10000 84.70080 86.29500 86.93000 85.70250 85.66580 84.35750 81.30920 80.52080 80.95080 89.35580 89.15080 87.52250 93.49580 98.32170 100.00500 97.37750 100.18200 92.84080 80.20330 72.47580 70.08750 66.36750 65.14250
-9999 -9999 -9999 -9999 -9999 -9999 69.54920 64.92170 59.05500 56.43580 50.16080 -9999 -9999 -9999 -9999 -9999 63.78580 63.29750 62.64670 63.48170 63.13670 57.18080 65.21250 66.22830 64.37670 61.96420 61.08420 63.14080 63.00000 64.11000 65.43080 64.62920 63.09500 67.84670 68.53250 68.50420 71.18500 74.16250 72.97500 76.15170 79.01830 84.42500 87.77000 86.85920 85.13170 81.98080 81.27250 81.75420 84.70000 86.04580 86.45330 85.57250 84.24330 81.46330 80.04000 80.05170 83.43830 87.60000 90.82420 90.15830 95.53420 99.05920 99.92500 102.81800 102.99100 94.78920 82.17750 69.22420 67.73670 68.06750 68.63830
-9999 -9999 -9999 -9999 -9999 -9999 -9999 -9999 -9999 -9999 -9999 -9999 -9999 -9999 -9999 -9999 -9999 -9999 -9999 65.16080 64.00500 59.24750 61.74000 62.55250 62.44170 61.36580 61.39830 58.35000 58.73330 62.38420 63.26000 61.54250 64.47670 66.31250 67.46250 68.70250 69.54250 73.18500 75.06420 78.77920 83.92580 85.25580 86.23080 86.87920 87.32330 84.61250 81.21750 82.43920 84.92670 87.78500 88.64170 86.83580 86.10170 81.86580 80.52080 83.32580 87.00920 90.17500 92.04000 92.53750 95.80250 96.96170 101.13700 103.70500 102.00300 88.61250 78.46330 68.80830 66.98920 73.84580 74.36580
-9999 -9999 -9999 -9999 -9999 -9999 -9999 -9999 -9999 -9999 -9999 -9999 -9999 -9999 -9999 -9999 -9999 -9999 64.09500 65.04420 62.36830 59.97000 59.86920 60.43250 61.08170 61.73080 59.74830 58.52830 57.80830 58.91670 59.71670 62.91330 66.10750 65.77500 67.49920 67.76920 71.46000 71.71330 75.93750 80.99500 85.37580 86.17420 87.91420 88.55000 89.52080 90.40250 86.72250 83.99920 85.23170 90.44920 89.85330 89.88830 88.82080 87.79920 88.62500 86.52670 89.16170 95.16830 98.12580 95.05080 93.04250 91.39330 95.64830 97.44330 97.34420 86.41580 78.59000 71.62250 69.77830 70.40420 71.74580
-9999 -9999 -9999 -9999 -9999 -9999 -9999 -9999 -9999 -9999 -9999 -9999 -9999 -9999 -9999 -9999 -9999 63.37750 64.72330 60.79580 60.45500 59.56000 61.87830 62.82420 60.32170 59.20920 55.78500 56.29580 58.57580 59.45750 60.36250 60.82750 63.43670 63.43330 64.61580 68.75580 74.26670 76.46000 77.56000 82.23500 84.61830 85.39330 88.35080 87.28750 88.23330 89.48080 89.47830 91.32500 91.33750 93.29670 92.71170 92.21830 92.40420 94.08170 92.85250 90.03170 92.78830 98.97250 99.71500 94.97250 90.37080 94.16000 102.92800 101.97100 91.51670 85.27420 81.59000 75.63830 73.01420 70.86000 76.25420
-9999 -9999 -9999 -9999 -9999 -9999 -9999 -9999 -9999 -9999 -9999 -9999 -9999 -9999 -9999 -9999 -9999 62.89330 61.99670 64.57080 62.23170 61.31580 62.57170 60.28750 54.94420 55.71000 53.59830 53.64830 54.50170 56.36420 56.98420 58.71500 58.43500 60.56000 66.59750 72.27170 74.43000 76.58080 82.18330 82.78830 84.11500 85.51250 85.70750 86.34080 87.64670 83.74080 86.13000 94.50500 96.98250 96.63500 97.18170 96.76920 97.18330 96.22000 95.37670 93.20500 97.75920 97.34830 97.00750 94.58170 96.33420 99.62670 100.52100 99.87750 102.68400 95.66000 85.97420 83.80080 76.79750 73.02330 73.06670
-9999 -9999 -9999 -9999 -9999 -9999 -9999 -9999 -9999 -9999 -9999 -9999 -9999 -9999 -9999 -9999 65.65330 63.77580 64.05750 62.39670 59.07670 58.19830 59.13670 56.12330 49.09920 53.06920 50.77250 47.42750 48.65500 52.89580 55.65670 55.46750 56.60000 57.96420 63.69000 68.67080 73.38330 76.07250 81.81500 81.44000 81.69670 82.84750 84.10500 83.61330 83.53670 83.58830 86.71750 96.26750 98.59750 98.98080 99.90580 99.21750 97.44920 96.44920 95.71330 95.39250 94.41750 95.17250 95.82330 96.97830 96.61330 99.98170 102.94600 107.02000 102.91500 98.04920 92.15000 85.68750 76.76920 75.68830 78.65920
-9999 -9999 -9999 -9999 -9999 -9999 -9999 -9999 -9999 -9999 -9999 -9999 -9999 67.64170 68.60330 66.55920 66.70920 67.46750 64.14080 57.28750 56.61170 58.81080 57.56330 58.35920 56.89750 48.66330 46.86920 47.07330 47.04750 47.48670 49.95250 50.62580 54.12750 57.59250 62.49580 68.20420 72.24670 74.42830 77.47080 80.56670 80.35830 78.48750 78.32580 77.11330 80.04420 83.71830 87.82000 91.99250 98.22750 101.82400 102.11500 101.74500 100.51900 97.79750 96.10920 97.13500 95.26000 93.83250 94.35000 96.21420 97.13330 97.74830 100.10900 100.93800 97.85500 92.55500 88.23420 85.32250 84.32330 82.73920 87.94250
-9999 -9999 -9999 -9999 -9999 -9999 -9999 -9999 -9999 -9999 -9999 -9999 64.38670 66.49000 67.19420 66.52750 65.00670 63.64170 63.04420 53.11830 55.26750 54.37670 54.75750 56.12170 54.09670 46.46750 45.94080 45.31000 45.68000 45.59250 47.26080 49.63000 51.43170 55.89080 59.22500 65.25080 70.05330 73.19250 77.98330 78.98420 78.69670 77.00000 75.34670 75.11580 79.46000 83.32830 88.06250 93.20330 98.13420 102.21200 105.67700 103.87900 101.60800 99.36500 98.32920 97.11920 97.20170 98.02670 100.62700 100.30100 101.43400 98.98420 100.95800 102.88600 101.36200 95.78580 92.58830 91.97250 91.12250 95.85500 101.69200
-9999 -9999 -9999 -9999 -9999 -9999 -9999 -9999 -9999 -9999 -9999 66.44580 64.38750 65.91750 64.52830 62.17920 60.16330 60.62920 58.44000 56.50250 54.69330 50.61580 50.92000 50.51250 50.38170 50.06500 49.74670 45.80330 43.96170 43.26580 45.34250 46.97670 50.15000 53.86670 57.80000 64.69920 72.19580 74.87580 77.83670 78.82080 76.54500 75.74170 74.33580 75.26000 79.04080 82.01750 87.82920 92.89580 98.76170 102.95500 105.84200 110.42400 107.77000 105.70100 103.68800 100.74800 97.93420 99.00830 97.00920 95.42750 97.32500 96.28250 97.66170 97.47330 98.19170 97.19080 96.72500 95.68920 99.95500 105.39500 111.77300
-9999 -9999 -9999 -9999 -9999 -9999 -9999 -9999 -9999 -9999 63.12420 62.18500 59.65000 63.76920 61.53330 59.10080 58.31420 57.69420 56.21830 55.46920 53.48000 48.62000 48.33670 47.38670 47.26920 46.91330 46.69000 43.24670 42.84080 43.30750 44.64830 46.22580 48.32830 52.78750 57.61500 66.53420 71.08670 75.76830 77.25500 77.54330 76.02420 73.52830 71.15920 75.04080 77.70920 81.50170 85.95830 92.35750 99.59750 105.29900 107.62100 113.90700 110.32100 109.90700 106.44200 102.66800 101.83700 99.64750 96.53000 96.41330 97.23670 97.63250 97.41330 97.99080 97.47420 98.63580 100.40200 101.22900 107.72700 115.17000 116.64300
-9999 -9999 -9999 -9999 -9999 -9999 -9999 -9999 -9999 52.42920 51.59080 52.21830 54.97750 56.67500 57.52500 56.83500 56.46250 54.42330 50.61580 49.49000 48.12000 46.92420 46.46170 45.74330 44.68170 44.30000 43.43750 44.82580 45.19080 45.63170 43.59420 46.97000 50.04750 57.17500 63.92750 69.26000 75.61330 74.39750 76.76420 75.22250 73.20920 70.40830 68.98580 72.59420 74.94330 78.81670 83.16670 93.03670 102.23600 106.23300 108.18300 111.45300 113.69200 119.41700 116.47800 102.19700 97.28330 95.04250 96.50580 97.00250 97.03250 98.88420 97.26170 98.48920 98.13670 100.58700 104.14000 109.15400 113.61700 119.09600 118.21400
-9999 -9999 -9999 -9999 -9999 -9999 -9999 -9999 -9999 -9999 46.83000 46.25830 48.49330 48.46420 47.83250 50.62330 52.27000 50.17250 48.98580 46.98580 47.71420 45.18330 44.34250 -9999 -9999 -9999 -9999 -9999 -9999 44.81830 45.10420 47.87250 51.20580 58.11750 66.32830 71.08250 76.13750 74.83330 76.94420 74.18330 73.83000 71.98250 70.37170 72.63170 74.95170 78.91080 84.42250 93.04420 101.04900 105.95800 107.75600 110.11900 113.96800 118.16700 116.99300 101.13700 97.26080 96.35670 97.67920 98.28250 99.41330 100.84200 99.61170 99.65000 106.61800 106.83500 111.92100 114.60200 124.56300 125.07900 124.81300
-9999 -9999 -9999 -9999 -9999 -9999 -9999 -9999 -9999 -9999 -9999 -9999 41.34750 41.85250 43.72750 37.93670 40.53080 40.89830 40.87250 -9999 -9999 -9999 -9999 -9999 -9999 -9999 -9999 -9999 -9999 -9999 -9999 -9999 -9999 58.33670 68.51830 71.01000 75.31500 76.18080 75.95830 76.08420 75.89250 74.37330 72.84750 74.23750 75.71750 78.51830 82.81080 89.91830 95.74580 100.32800 103.88200 112.61600 113.60300 112.48800 110.77600 98.58920 97.72330 98.45250 97.80080 99.16670 100.64000 102.36900 102.55400 104.37500 108.60200 110.20300 115.85700 118.17300 122.24800 120.91500 120.70200
-9999 -9999 -9999 -9999 -9999 -9999 -9999 -9999 -9999 -9999 -9999 -9999 -9999 -9999 -9999 -9999 -9999 -9999 -9999 -9999 -9999 -9999 -9999 -9999 -9999 -9999 -9999 -9999 -9999 -9999 -9999 -9999 -9999 -9999 67.31000 72.84000 73.42500 76.58250 77.61170 78.87080 77.42250 77.50250 76.53670 75.82170 77.57420 79.71500 83.40500 89.06000 93.22580 97.59750 101.41000 110.79200 112.20800 111.08800 108.65700 97.00580 97.61670 101.92500 102.83300 102.51300 103.52200 104.75900 105.16500 107.81000 111.38300 115.02200 119.97400 123.00700 126.14700 121.70000 118.29800
-9999 -9999 -9999 -9999 -9999 -9999 -9999 -9999 -9999 -9999 -9999 -9999 -9999 -9999 -9999 -9999 -9999 -9999 -9999 -9999 -9999 -9999 -9999 -9999 -9999 -9999 -9999 -9999 -9999 -9999 -9999 -9999 -9999 -9999 66.62080 71.56330 75.69920 76.70830 76.23170 74.91420 75.69830 76.64670 76.83750 78.32330 79.69330 82.79920 85.45080 89.88080 93.07250 99.24080 101.04800 104.75100 105.53700 110.91300 108.80300 100.24600 98.25330 98.11000 101.22600 102.31300 103.80500 106.66400 108.94900 112.33400 116.08400 123.61900 123.33800 124.38000 128.64999 122.14200 -9999
-9999 -9999 -9999 -9999 -9999 -9999 -9999 -9999 -9999 -9999 -9999 -9999 -9999 -9999 -9999 -9999 -9999 -9999 -9999 -9999 -9999 -9999 -9999 -9999 -9999 -9999 -9999 -9999 -9999 -9999 -9999 -9999 -9999 -9999 -9999 -9999 -9999 -9999 74.78580 74.62580 76.82000 79.33170 79.47170 81.26500 82.26250 83.74250 88.84420 91.49080 94.20670 99.52170 99.76330 101.35700 102.70000 109.54300 110.85800 102.07200 100.53700 100.07500 100.86600 100.96400 104.72300 105.94200 114.42800 118.14800 127.71700 128.88901 130.04201 127.33700 120.64800 -9999 -9999
