data/hydroclimate-scenarios/BCSD_hadcm_B1/monthly_summaries/precip_monthly_tot_feb.2030-2059.asc
ncols	311
nrows	91
xllcenter	102.75
yllcenter	31.75
cellsize	0.5
NODATA_value	-9999
[rows 0 to 31 of 91, columns 0 to 71 of 311]
-9999 -9999 -9999 -9999 -9999 -9999 -9999 -9999 -9999 -9999 -9999 -9999 -9999 -9999 -9999 -9999 -9999 -9999 -9999 -9999 -9999 -9999 -9999 -9999 -9999 -9999 -9999 -9999 -9999 -9999 -9999 -9999 -9999 -9999 -9999 -9999 -9999 -9999 -9999 -9999 -9999 -9999 -9999 -9999 -9999 -9999 -9999 -9999 -9999 -9999 -9999 -9999 -9999 -9999 -9999 -9999 -9999 -9999 -9999 -9999 -9999 -9999 -9999 -9999 -9999 -9999 -9999 -9999 -9999 -9999 -9999 -9999
-9999 -9999 -9999 -9999 -9999 -9999 -9999 -9999 -9999 -9999 -9999 -9999 -9999 -9999 -9999 -9999 -9999 -9999 -9999 -9999 -9999 -9999 -9999 -9999 -9999 -9999 -9999 -9999 -9999 -9999 -9999 -9999 -9999 -9999 -9999 -9999 -9999 -9999 -9999 -9999 -9999 -9999 -9999 -9999 -9999 -9999 -9999 -9999 -9999 -9999 -9999 -9999 -9999 -9999 -9999 -9999 -9999 -9999 -9999 -9999 -9999 -9999 -9999 -9999 -9999 -9999 -9999 -9999 -9999 -9999 -9999 -9999
-9999 -9999 -9999 -9999 -9999 -9999 -9999 -9999 -9999 -9999 -9999 -9999 -9999 -9999 -9999 -9999 -9999 -9999 -9999 -9999 -9999 -9999 -9999 -9999 -9999 -9999 -9999 -9999 -9999 -9999 -9999 -9999 -9999 -9999 -9999 -9999 -9999 -9999 -9999 -9999 -9999 -9999 -9999 -9999 -9999 -9999 -9999 -9999 -9999 -9999 -9999 -9999 -9999 -9999 -9999 -9999 -9999 -9999 -9999 -9999 -9999 -9999 -9999 -9999 -9999 -9999 -9999 -9999 -9999 -9999 -9999 -9999
-9999 -9999 -9999 -9999 -9999 -9999 -9999 -9999 -9999 -9999 -9999 -9999 -9999 -9999 -9999 -9999 -9999 -9999 -9999 -9999 -9999 -9999 -9999 -9999 -9999 -9999 -9999 -9999 -9999 -9999 -9999 -9999 -9999 -9999 -9999 -9999 -9999 -9999 -9999 -9999 -9999 -9999 -9999 -9999 -9999 -9999 -9999 -9999 -9999 -9999 -9999 -9999 -9999 -9999 -9999 -9999 -9999 -9999 -9999 -9999 -9999 -9999 -9999 -9999 -9999 -9999 -9999 -9999 -9999 -9999 -9999 -9999
-9999 -9999 -9999 -9999 -9999 -9999 -9999 -9999 -9999 -9999 -9999 -9999 -9999 -9999 -9999 -9999 -9999 -9999 -9999 -9999 -9999 -9999 -9999 -9999 -9999 -9999 -9999 -9999 -9999 -9999 -9999 -9999 -9999 -9999 -9999 -9999 -9999 -9999 -9999 -9999 -9999 -9999 -9999 -9999 -9999 -9999 -9999 -9999 -9999 -9999 -9999 -9999 -9999 -9999 -9999 -9999 -9999 -9999 -9999 -9999 -9999 -9999 -9999 -9999 -9999 -9999 -9999 -9999 -9999 -9999 -9999 -9999
-9999 -9999 -9999 -9999 -9999 -9999 -9999 -9999 -9999 -9999 -9999 -9999 -9999 -9999 -9999 -9999 -9999 -9999 -9999 -9999 -9999 -9999 -9999 -9999 -9999 -9999 -9999 -9999 -9999 -9999 -9999 -9999 -9999 -9999 -9999 -9999 -9999 -9999 -9999 -9999 -9999 -9999 -9999 -9999 -9999 -9999 -9999 -9999 -9999 -9999 -9999 -9999 -9999 -9999 -9999 -9999 -9999 -9999 -9999 -9999 -9999 -9999 -9999 -9999 -9999 -9999 -9999 -9999 -9999 -9999 -9999 -9999
-9999 -9999 -9999 -9999 -9999 -9999 -9999 -9999 -9999 -9999 -9999 -9999 -9999 -9999 -9999 -9999 -9999 -9999 -9999 -9999 -9999 -9999 -9999 -9999 -9999 -9999 -9999 -9999 -9999 -9999 -9999 -9999 -9999 -9999 -9999 -9999 -9999 -9999 -9999 -9999 -9999 -9999 -9999 -9999 -9999 -9999 -9999 -9999 -9999 -9999 -9999 -9999 -9999 -9999 -9999 -9999 -9999 -9999 -9999 -9999 -9999 -9999 -9999 -9999 -9999 -9999 -9999 -9999 -9999 -9999 -9999 -9999
-9999 -9999 -9999 -9999 -9999 -9999 -9999 -9999 -9999 -9999 -9999 -9999 -9999 -9999 -9999 -9999 -9999 -9999 -9999 -9999 -9999 -9999 -9999 -9999 -9999 -9999 -9999 -9999 -9999 -9999 -9999 -9999 -9999 -9999 -9999 -9999 -9999 -9999 -9999 -9999 -9999 -9999 21.38000 21.27250 21.61170 21.94500 21.71670 22.29330 21.60000 21.87250 22.01420 22.02500 -9999 -9999 -9999 -9999 -9999 -9999 -9999 -9999 -9999 -9999 -9999 -9999 -9999 -9999 -9999 -9999 -9999 -9999 -9999 -9999
-9999 -9999 -9999 -9999 -9999 -9999 -9999 -9999 -9999 -9999 -9999 -9999 -9999 -9999 -9999 -9999 -9999 -9999 -9999 -9999 -9999 -9999 -9999 -9999 -9999 -9999 -9999 -9999 -9999 -9999 -9999 -9999 -9999 -9999 -9999 -9999 -9999 -9999 18.60170 19.01580 18.98080 20.99420 21.21080 21.35750 21.50830 21.67830 22.88250 23.34250 23.67750 24.08170 22.01080 22.61250 20.38250 9.94167 -9999 -9999 -9999 -9999 -9999 -9999 -9999 -9999 -9999 -9999 -9999 -9999 -9999 -9999 -9999 -9999 -9999 -9999
-9999 -9999 -9999 -9999 -9999 -9999 -9999 -9999 -9999 -9999 -9999 -9999 -9999 -9999 -9999 -9999 -9999 -9999 -9999 -9999 -9999 -9999 -9999 -9999 -9999 -9999 -9999 -9999 -9999 -9999 -9999 -9999 -9999 -9999 -9999 -9999 -9999 -9999 -9999 -9999 18.06580 20.74330 20.95000 20.90830 21.07670 21.32420 23.34750 23.55330 23.88420 24.73670 25.23000 23.33330 23.47920 10.41920 -9999 -9999 -9999 -9999 -9999 -9999 -9999 -9999 -9999 -9999 -9999 -9999 -9999 -9999 -9999 -9999 -9999 -9999
-9999 -9999 -9999 -9999 -9999 -9999 -9999 -9999 -9999 -9999 -9999 -9999 -9999 -9999 -9999 -9999 -9999 -9999 -9999 -9999 -9999 -9999 -9999 -9999 -9999 -9999 -9999 -9999 -9999 -9999 -9999 -9999 -9999 -9999 -9999 -9999 -9999 -9999 -9999 -9999 -9999 -9999 -9999 -9999 20.67000 22.80330 22.82670 23.71250 24.05000 25.07920 26.44330 24.84580 25.18250 13.81670 -9999 -9999 -9999 -9999 -9999 -9999 15.44250 -9999 -9999 -9999 -9999 -9999 -9999 -9999 -9999 -9999 -9999 -9999
-9999 -9999 -9999 -9999 -9999 -9999 -9999 -9999 -9999 -9999 -9999 -9999 -9999 -9999 -9999 -9999 -9999 -9999 -9999 -9999 -9999 -9999 -9999 -9999 -9999 -9999 -9999 -9999 -9999 -9999 -9999 -9999 -9999 -9999 -9999 -9999 -9999 -9999 -9999 -9999 -9999 18.14330 19.85670 19.85500 19.68170 21.44920 21.47080 21.44420 23.77750 24.94670 23.44670 24.96250 23.60000 21.74080 -9999 -9999 -9999 -9999 -9999 14.93000 14.75670 14.43750 14.34500 12.33250 12.35420 12.32330 12.06170 12.14250 10.61000 10.72500 10.80920 11.12000
-9999 -9999 -9999 -9999 -9999 -9999 -9999 -9999 -9999 -9999 -9999 -9999 -9999 -9999 -9999 -9999 -9999 -9999 -9999 -9999 -9999 -9999 -9999 -9999 -9999 -9999 -9999 -9999 -9999 -9999 -9999 -9999 -9999 -9999 -9999 -9999 -9999 -9999 -9999 -9999 -9999 17.14750 19.38670 19.32080 20.94920 20.47500 20.50330 21.58000 21.24580 22.82830 21.70330 20.39750 19.65920 18.65830 19.06000 17.18670 17.17500 -9999 16.54420 14.48170 14.29250 14.14170 12.23000 11.90420 12.18500 11.98670 12.00000 10.42420 10.54670 10.51500 10.76750 10.98080
-9999 -9999 -9999 -9999 -9999 -9999 -9999 -9999 -9999 -9999 -9999 -9999 -9999 -9999 -9999 -9999 -9999 -9999 -9999 -9999 -9999 -9999 -9999 -9999 -9999 -9999 -9999 -9999 -9999 -9999 -9999 -9999 -9999 -9999 -9999 13.62500 13.72750 14.35250 16.30830 16.80080 17.07250 18.85750 18.93830 19.15000 20.76000 20.59000 20.59500 21.88330 21.48670 21.96750 20.78920 18.93080 17.65750 17.84170 16.27920 16.47250 16.55580 15.85920 14.06830 13.99670 13.88830 12.07670 12.00830 10.33830 10.16670 11.87580 10.18830 10.20420 10.27500 10.46920 10.38580 10.64080
-9999 -9999 -9999 -9999 -9999 -9999 -9999 -9999 -9999 -9999 -9999 -9999 -9999 -9999 -9999 -9999 -9999 -9999 -9999 -9999 -9999 -9999 -9999 -9999 -9999 -9999 -9999 -9999 -9999 -9999 -9999 -9999 -9999 -9999 12.84830 13.76330 13.88170 13.83250 14.67000 16.86330 17.33170 17.53170 19.20080 19.45580 19.43580 21.09500 20.96420 20.66250 20.78250 20.57330 18.80750 19.42580 17.95670 16.10670 16.41500 14.63580 13.32080 13.34830 13.36170 13.13750 13.26250 11.53000 11.70500 9.66917 11.44000 9.84250 10.06580 9.81000 10.04170 10.15330 8.51417 8.56167
-9999 -9999 -9999 -9999 -9999 -9999 -9999 -9999 -9999 -9999 -9999 -9999 -9999 -9999 -9999 -9999 -9999 -9999 -9999 -9999 -9999 -9999 -9999 -9999 -9999 -9999 -9999 -9999 -9999 -9999 -9999 -9999 -9999 11.38330 13.17500 13.71500 13.95580 14.13330 14.48420 16.92830 17.53000 17.78080 17.96920 19.85580 19.77750 19.81250 21.31330 21.39330 19.24250 18.52420 16.85170 14.96830 13.15500 13.26830 13.13920 12.64000 12.48170 12.44920 12.43830 12.57250 10.79580 10.95170 10.79830 10.78420 10.83670 9.19333 9.57667 9.54750 9.69667 9.72917 8.00417 8.19250
-9999 -9999 -9999 -9999 -9999 -9999 -9999 -9999 -9999 -9999 -9999 -9999 -9999 -9999 -9999 -9999 -9999 -9999 -9999 -9999 -9999 -9999 -9999 -9999 -9999 -9999 -9999 -9999 -9999 -9999 -9999 11.13830 11.46330 11.49920 13.20920 13.52750 13.95580 14.29500 14.86330 17.04920 17.32080 17.99330 18.29170 18.34080 20.00080 19.84830 19.75500 18.83920 18.23580 16.21500 16.00580 14.14580 12.36830 12.43670 12.36000 11.99750 11.56420 11.47330 9.97333 9.92667 10.18170 10.02580 10.05080 10.03250 8.54000 8.80417 8.96333 8.85583 9.01500 7.62917 7.70750 7.78250
-9999 -9999 -9999 -9999 -9999 -9999 -9999 -9999 -9999 -9999 -9999 -9999 -9999 -9999 -9999 -9999 -9999 -9999 -9999 -9999 -9999 -9999 -9999 -9999 -9999 -9999 -9999 -9999 -9999 10.25080 10.47580 11.11500 11.45080 11.64000 11.83830 13.66170 14.23170 14.75920 14.78750 15.46670 17.59170 17.74830 18.21580 18.00250 17.75250 17.67330 16.98420 16.69830 16.47330 14.15580 13.91920 12.03830 10.14330 11.42580 9.91167 9.67917 11.07580 9.29583 9.37000 9.30667 9.18500 9.30417 7.97500 8.01917 8.05500 8.07583 8.55167 7.25833 7.25833 7.42000 7.53833 7.63333
-9999 -9999 -9999 -9999 -9999 -9999 -9999 -9999 -9999 -9999 -9999 -9999 -9999 -9999 -9999 -9999 -9999 -9999 -9999 -9999 -9999 -9999 -9999 -9999 9.72833 9.73250 9.73583 9.85250 9.84833 10.00580 10.53750 10.49500 11.02330 11.17000 11.42000 11.70250 11.98420 14.13250 14.76170 14.90750 15.23670 15.30750 17.66000 17.41250 17.56920 17.15080 16.51170 16.34670 14.15750 14.11830 13.57580 11.66080 9.94000 9.91500 9.56167 9.36583 9.18667 9.05750 8.97000 8.90167 8.90167 8.79917 7.56083 7.78250 7.87667 8.02833 8.36083 8.54167 8.57000 7.07750 6.16000 6.07917
-9999 -9999 -9999 -9999 -9999 -9999 13.01170 12.85000 13.25420 13.01670 12.96170 -9999 -9999 -9999 -9999 -9999 -9999 -9999 -9999 -9999 -9999 10.16250 8.49333 8.40833 8.23750 8.36583 8.38083 9.48250 9.60417 10.09670 10.34330 10.54670 10.94580 11.18920 11.31580 11.63330 11.88670 12.16080 14.27420 14.60330 14.88580 14.94500 15.64170 17.04580 16.93670 16.95920 16.74330 14.63920 14.28250 12.52750 12.01670 10.03670 9.91917 9.87583 9.66750 9.19083 9.02417 9.00333 8.69667 8.64000 8.66167 7.54250 7.60000 7.69167 7.78917 8.07000 8.12750 8.46417 8.62000 8.47500 7.33167 7.59667
-9999 -9999 -9999 -9999 -9999 12.87750 12.70670 12.96250 12.91330 12.94500 12.77080 13.30500 13.17330 13.15330 -9999 -9999 -9999 10.66920 10.54000 10.38500 10.21500 10.06830 8.36417 8.31417 8.28250 8.29000 8.41167 9.41833 9.79417 10.03000 10.28830 10.55080 10.93420 11.00830 11.10580 11.43420 11.81170 12.15920 12.35000 14.46750 14.83920 15.02670 15.16750 14.96500 14.79500 14.96330 14.78830 14.56080 12.67000 12.23920 12.12170 10.30830 10.16830 9.83667 9.63333 9.46750 7.79500 8.96167 8.92500 7.49750 7.41667 7.58917 7.55667 7.60500 7.56167 6.53833 6.80917 6.79000 6.92250 7.09917 7.24250 7.16917
-9999 12.50330 12.66750 12.57920 13.19580 13.07250 13.02250 12.87920 13.03170 12.98420 12.91080 13.47830 13.36420 13.18830 13.11920 12.71080 12.59750 10.86420 10.70250 10.61250 10.28750 10.07170 8.74583 8.41333 8.35333 8.34583 8.32917 9.44417 9.82417 9.88417 9.97167 10.31000 10.28830 10.44330 10.99580 11.33080 11.65920 11.97920 12.28420 14.46420 14.52920 14.91420 15.04750 15.01330 14.96420 14.81080 15.00000 14.88920 12.79670 12.59830 10.32420 10.08750 9.70417 8.19750 7.97417 8.02833 8.04833 7.78333 7.76583 7.60500 7.65750 7.65417 6.49000 7.45333 6.47917 6.45583 6.71667 6.68833 6.71667 6.86333 5.42000 5.50083
-9999 12.67000 12.74580 12.73830 12.73420 12.71750 12.60170 12.73250 12.69330 13.08670 13.58750 13.66580 13.60830 13.54330 13.33920 12.97330 11.45250 11.14500 10.83170 10.57750 10.48670 10.51080 10.06330 10.09750 8.76000 9.80083 9.71083 9.68500 9.76667 10.01580 10.09500 10.21080 10.25750 10.57170 10.73170 11.00330 11.41750 11.70330 12.20420 12.58830 14.45500 14.61580 14.79000 14.76080 14.79500 14.47500 14.40580 14.36250 12.61750 12.27420 10.68000 10.13830 8.75667 8.59917 6.90667 8.17417 7.82167 7.81417 7.90833 7.74750 7.75500 6.41667 6.51333 6.34333 6.25250 6.41667 6.42000 6.69833 6.56833 6.72583 6.82667 5.61833
-9999 -9999 -9999 12.88500 13.01580 12.86920 13.51170 13.05830 12.91420 13.71330 13.72330 14.09580 13.88420 13.69580 13.52420 13.29580 13.12920 13.01500 12.83000 11.13330 10.83670 10.73670 10.66750 10.66080 10.25250 10.13750 9.80667 9.80250 10.13080 9.98917 10.22580 10.44500 10.30420 10.59170 10.67250 10.70000 11.18170 11.68330 11.87170 12.09000 12.23750 13.81580 14.19080 14.20420 14.23580 14.13670 14.34920 12.90080 12.72330 12.59420 10.85580 10.35330 8.80250 7.04250 6.85417 6.70333 6.71833 6.56333 6.53417 6.60000 6.58167 6.40500 6.47583 6.38417 6.07417 6.12833 6.46167 6.45083 6.44167 5.23417 5.35250 5.54333
-9999 -9999 -9999 -9999 -9999 -9999 13.58500 13.66500 13.74830 13.80080 13.98000 13.98170 13.83830 13.71420 13.73170 13.58170 13.41000 13.66330 13.38080 13.31250 13.02080 11.45170 11.37000 11.27580 11.09330 10.75580 10.43080 10.39080 10.11420 10.15500 10.33330 10.34250 10.52330 10.84670 10.88750 11.18250 10.99750 11.45750 11.59000 11.93250 12.08420 12.09750 13.80170 13.98920 14.19250 14.38080 14.49580 13.03830 13.26830 13.05250 11.22580 9.50917 8.92417 8.75083 7.22000 6.79083 6.80500 6.57250 5.05083 6.64667 6.60250 6.47833 6.24667 4.81417 6.07333 5.98083 6.35000 6.28417 4.94833 5.21417 5.28833 5.28583
-9999 -9999 -9999 -9999 -9999 -9999 15.27750 15.28080 15.37420 14.09670 14.19580 14.17670 14.07670 14.02830 14.13250 14.13250 14.02420 14.06500 14.28750 13.74750 14.15830 13.92170 13.74670 12.27080 12.03000 11.66750 11.19830 10.88000 10.85750 10.87830 10.90830 10.87670 10.91750 10.91420 11.13830 11.19080 11.18420 11.22420 11.40000 11.52170 11.81170 11.89750 13.80830 13.87000 14.04750 14.70330 14.91750 15.02750 13.52750 13.89250 13.68080 11.42250 10.83580 8.87167 8.43833 8.62417 6.94083 6.87500 6.83833 6.95833 5.35417 5.28417 5.20000 6.39750 5.02833 6.16917 6.27917 6.37000 6.31833 5.19417 5.42917 5.27583
-9999 -9999 -9999 -9999 -9999 -9999 -9999 -9999 -9999 -9999 15.80080 16.03580 15.95420 16.09920 16.04750 16.13420 16.36580 14.81670 15.07920 14.90750 15.01250 14.89330 15.07580 14.48500 14.12000 13.67920 13.53500 13.41750 11.42080 11.42670 11.61330 11.66170 11.49330 11.47750 11.46750 11.47580 11.44250 11.37330 11.19750 11.23830 11.54250 13.39000 13.51080 13.67330 13.82750 14.19500 14.59670 15.21000 15.49500 14.13580 13.50750 12.84170 11.99580 9.74333 9.79833 9.81000 9.99333 8.26333 8.42583 7.98167 7.81000 7.93833 7.87583 6.19917 6.22833 6.16917 6.49167 6.63000 6.68500 6.77417 5.34000 5.37833
-9999 -9999 -9999 -9999 -9999 -9999 -9999 -9999 -9999 -9999 15.75670 15.76000 15.85750 16.01750 16.39250 17.08330 17.50920 18.18750 18.32080 18.43000 18.07670 17.77080 15.57330 15.27080 14.79420 14.74500 14.17080 13.65750 13.64330 13.60420 12.14080 12.02080 12.01750 12.13920 11.91500 11.99580 11.80250 11.84000 11.63830 11.77580 13.37830 13.74500 13.69920 13.87080 14.08670 14.04170 14.03580 14.37500 14.39080 12.71250 12.07500 11.98750 11.55330 9.95667 9.67500 9.82083 9.68667 9.69750 9.66750 9.51000 9.63750 9.48500 7.95750 7.83833 7.73667 7.65250 7.71417 7.66250 7.94667 6.39333 6.57417 5.12583
-9999 -9999 -9999 -9999 -9999 -9999 -9999 -9999 -9999 -9999 -9999 -9999 15.76420 15.92750 17.22670 18.12250 19.11250 19.92830 20.03920 19.61500 19.20080 18.48580 18.23170 17.73500 17.00420 16.69330 14.44920 13.92000 13.75420 13.77750 13.80170 12.43080 13.70250 12.28920 13.69750 13.78670 13.86420 13.56920 13.60830 13.60250 13.39500 14.07580 14.03330 13.98580 13.88670 14.24750 14.02170 13.74000 13.36000 11.62080 11.37670 11.16250 10.99420 9.77167 9.33917 9.36250 9.45250 9.36917 9.69667 9.44417 9.71417 9.28667 9.17583 8.96083 8.93167 8.82083 7.68000 7.71333 7.86417 8.08583 6.50917 5.18417
-9999 -9999 -9999 -9999 -9999 -9999 -9999 -9999 -9999 -9999 -9999 -9999 17.56670 16.50670 19.19500 20.51830 21.80250 22.23000 22.14670 21.69830 21.33000 18.73330 18.65920 18.00080 17.04830 17.02420 16.37000 14.30000 14.07330 14.03830 14.10000 14.26500 14.08250 13.88000 14.02080 13.93420 13.85670 13.99750 13.55420 13.83920 13.74000 13.70420 14.02670 14.00250 14.09830 13.99420 13.47420 13.34920 13.07500 12.22920 10.83250 10.96170 10.87750 11.02500 9.51833 9.39167 9.47917 9.55500 9.67583 9.66333 9.55667 9.40000 9.50917 9.43750 9.08833 9.13833 8.99500 9.13417 7.84750 7.79333 6.60750 6.66750
-9999 -9999 -9999 -9999 -9999 -9999 -9999 -9999 -9999 -9999 -9999 17.25170 17.44500 18.09750 19.11830 19.87830 20.69670 20.74080 20.93670 20.91500 21.01580 20.93670 20.33250 19.68580 17.60500 17.39830 16.80170 14.49830 14.42500 14.34330 14.44750 14.24080 14.05830 14.17000 13.96170 13.91080 14.06830 14.26920 14.30670 14.15000 14.09420 13.83670 13.85920 13.61000 13.46830 13.82920 13.47250 13.30170 12.87330 12.62500 12.64170 11.50330 11.41750 11.45000 11.49080 11.54250 11.23080 9.94417 9.76750 9.88250 10.05670 9.75750 9.75833 9.68250 9.76833 9.45167 9.31083 9.17583 7.97833 8.01583 6.65833 6.81750
-9999 -9999 -9999 -9999 -9999 -9999 -9999 -9999 -9999 -9999 -9999 16.70580 17.37170 18.23420 19.12080 19.73580 20.15000 22.26420 22.42000 22.57500 22.43750 20.44170 19.94920 19.49750 19.09250 17.23080 16.67920 14.56000 14.62080 14.72420 14.63170 14.29170 14.57000 14.37920 14.33250 14.14920 16.21500 14.67170 14.49170 15.94000 16.06080 15.98750 15.88670 15.64330 13.92250 13.83920 13.80750 13.33250 13.23080 13.38330 13.31500 13.43670 13.68000 12.14000 12.11830 11.91750 11.73500 11.80920 11.61420 11.53000 11.59250 11.61250 11.59330 11.31670 11.19080 11.08170 10.67330 9.11333 9.12000 7.93333 7.87250 7.81583
