data/hydroclimate-scenarios/BCSD_hadcm_B1/monthly_summaries/precip_monthly_tot_oct.2030-2059.asc
ncols	311
nrows	91
xllcenter	102.75
yllcenter	31.75
cellsize	0.5
NODATA_value	-9999
[rows 0 to 31 of 91, columns 0 to 70 of 311]
-9999 -9999 -9999 -9999 -9999 -9999 -9999 -9999 -9999 -9999 -9999 -9999 -9999 -9999 -9999 -9999 -9999 -9999 -9999 -9999 -9999 -9999 -9999 -9999 -9999 -9999 -9999 -9999 -9999 -9999 -9999 -9999 -9999 -9999 -9999 -9999 -9999 -9999 -9999 -9999 -9999 -9999 -9999 -9999 -9999 -9999 -9999 -9999 -9999 -9999 -9999 -9999 -9999 -9999 -9999 -9999 -9999 -9999 -9999 -9999 -9999 -9999 -9999 -9999 -9999 -9999 -9999 -9999 -9999 -9999 -9999
-9999 -9999 -9999 -9999 -9999 -9999 -9999 -9999 -9999 -9999 -9999 -9999 -9999 -9999 -9999 -9999 -9999 -9999 -9999 -9999 -9999 -9999 -9999 -9999 -9999 -9999 -9999 -9999 -9999 -9999 -9999 -9999 -9999 -9999 -9999 -9999 -9999 -9999 -9999 -9999 -9999 -9999 -9999 -9999 -9999 -9999 -9999 -9999 -9999 -9999 -9999 -9999 -9999 -9999 -9999 -9999 -9999 -9999 -9999 -9999 -9999 -9999 -9999 -9999 -9999 -9999 -9999 -9999 -9999 -9999 -9999
-9999 -9999 -9999 -9999 -9999 -9999 -9999 -9999 -9999 -9999 -9999 -9999 -9999 -9999 -9999 -9999 -9999 -9999 -9999 -9999 -9999 -9999 -9999 -9999 -9999 -9999 -9999 -9999 -9999 -9999 -9999 -9999 -9999 -9999 -9999 -9999 -9999 -9999 -9999 -9999 -9999 -9999 -9999 -9999 -9999 -9999 -9999 -9999 -9999 -9999 -9999 -9999 -9999 -9999 -9999 -9999 -9999 -9999 -9999 -9999 -9999 -9999 -9999 -9999 -9999 -9999 -9999 -9999 -9999 -9999 -9999
-9999 -9999 -9999 -9999 -9999 -9999 -9999 -9999 -9999 -9999 -9999 -9999 -9999 -9999 -9999 -9999 -9999 -9999 -9999 -9999 -9999 -9999 -9999 -9999 -9999 -9999 -9999 -9999 -9999 -9999 -9999 -9999 -9999 -9999 -9999 -9999 -9999 -9999 -9999 -9999 -9999 -9999 -9999 -9999 -9999 -9999 -9999 -9999 -9999 -9999 -9999 -9999 -9999 -9999 -9999 -9999 -9999 -9999 -9999 -9999 -9999 -9999 -9999 -9999 -9999 -9999 -9999 -9999 -9999 -9999 -9999
-9999 -9999 -9999 -9999 -9999 -9999 -9999 -9999 -9999 -9999 -9999 -9999 -9999 -9999 -9999 -9999 -9999 -9999 -9999 -9999 -9999 -9999 -9999 -9999 -9999 -9999 -9999 -9999 -9999 -9999 -9999 -9999 -9999 -9999 -9999 -9999 -9999 -9999 -9999 -9999 -9999 -9999 -9999 -9999 -9999 -9999 -9999 -9999 -9999 -9999 -9999 -9999 -9999 -9999 -9999 -9999 -9999 -9999 -9999 -9999 -9999 -9999 -9999 -9999 -9999 -9999 -9999 -9999 -9999 -9999 -9999
-9999 -9999 -9999 -9999 -9999 -9999 -9999 -9999 -9999 -9999 -9999 -9999 -9999 -9999 -9999 -9999 -9999 -9999 -9999 -9999 -9999 -9999 -9999 -9999 -9999 -9999 -9999 -9999 -9999 -9999 -9999 -9999 -9999 -9999 -9999 -9999 -9999 -9999 -9999 -9999 -9999 -9999 -9999 -9999 -9999 -9999 -9999 -9999 -9999 -9999 -9999 -9999 -9999 -9999 -9999 -9999 -9999 -9999 -9999 -9999 -9999 -9999 -9999 -9999 -9999 -9999 -9999 -9999 -9999 -9999 -9999
-9999 -9999 -9999 -9999 -9999 -9999 -9999 -9999 -9999 -9999 -9999 -9999 -9999 -9999 -9999 -9999 -9999 -9999 -9999 -9999 -9999 -9999 -9999 -9999 -9999 -9999 -9999 -9999 -9999 -9999 -9999 -9999 -9999 -9999 -9999 -9999 -9999 -9999 -9999 -9999 -9999 -9999 -9999 -9999 -9999 -9999 -9999 -9999 -9999 -9999 -9999 -9999 -9999 -9999 -9999 -9999 -9999 -9999 -9999 -9999 -9999 -9999 -9999 -9999 -9999 -9999 -9999 -9999 -9999 -9999 -9999
-9999 -9999 -9999 -9999 -9999 -9999 -9999 -9999 -9999 -9999 -9999 -9999 -9999 -9999 -9999 -9999 -9999 -9999 -9999 -9999 -9999 -9999 -9999 -9999 -9999 -9999 -9999 -9999 -9999 -9999 -9999 -9999 -9999 -9999 -9999 -9999 -9999 -9999 -9999 -9999 -9999 -9999 51.10000 50.28000 49.62580 49.16420 47.00000 45.19170 43.01000 41.56500 39.68170 36.42080 -9999 -9999 -9999 -9999 -9999 -9999 -9999 -9999 -9999 -9999 -9999 -9999 -9999 -9999 -9999 -9999 -9999 -9999 -9999
-9999 -9999 -9999 -9999 -9999 -9999 -9999 -9999 -9999 -9999 -9999 -9999 -9999 -9999 -9999 -9999 -9999 -9999 -9999 -9999 -9999 -9999 -9999 -9999 -9999 -9999 -9999 -9999 -9999 -9999 -9999 -9999 -9999 -9999 -9999 -9999 -9999 -9999 49.09580 50.65330 50.49580 52.27000 51.82250 51.35500 50.75250 50.80500 48.96080 46.22170 44.52420 43.63170 40.33670 37.45170 33.76670 20.75750 -9999 -9999 -9999 -9999 -9999 -9999 -9999 -9999 -9999 -9999 -9999 -9999 -9999 -9999 -9999 -9999 -9999
-9999 -9999 -9999 -9999 -9999 -9999 -9999 -9999 -9999 -9999 -9999 -9999 -9999 -9999 -9999 -9999 -9999 -9999 -9999 -9999 -9999 -9999 -9999 -9999 -9999 -9999 -9999 -9999 -9999 -9999 -9999 -9999 -9999 -9999 -9999 -9999 -9999 -9999 -9999 -9999 49.24750 52.03750 51.51750 51.74920 51.53330 51.21670 50.65500 50.29830 48.35420 45.19670 42.02000 37.39250 33.97250 20.54080 -9999 -9999 -9999 -9999 -9999 -9999 -9999 -9999 -9999 -9999 -9999 -9999 -9999 -9999 -9999 -9999 -9999
-9999 -9999 -9999 -9999 -9999 -9999 -9999 -9999 -9999 -9999 -9999 -9999 -9999 -9999 -9999 -9999 -9999 -9999 -9999 -9999 -9999 -9999 -9999 -9999 -9999 -9999 -9999 -9999 -9999 -9999 -9999 -9999 -9999 -9999 -9999 -9999 -9999 -9999 -9999 -9999 -9999 -9999 -9999 -9999 55.66920 55.21750 52.69420 52.41170 52.53750 49.59000 46.40750 39.60670 34.68920 22.88670 -9999 -9999 -9999 -9999 -9999 -9999 22.75080 -9999 -9999 -9999 -9999 -9999 -9999 -9999 -9999 -9999 -9999
-9999 -9999 -9999 -9999 -9999 -9999 -9999 -9999 -9999 -9999 -9999 -9999 -9999 -9999 -9999 -9999 -9999 -9999 -9999 -9999 -9999 -9999 -9999 -9999 -9999 -9999 -9999 -9999 -9999 -9999 -9999 -9999 -9999 -9999 -9999 -9999 -9999 -9999 -9999 -9999 -9999 56.73080 56.46750 56.14080 57.66830 57.32000 56.17580 55.64170 55.28670 54.19420 49.21670 42.78670 36.23080 32.63000 -9999 -9999 -9999 -9999 -9999 23.99670 22.38920 22.55330 21.17420 21.10080 21.03170 20.90830 20.98080 19.33170 19.34750 19.53500 19.61580
-9999 -9999 -9999 -9999 -9999 -9999 -9999 -9999 -9999 -9999 -9999 -9999 -9999 -9999 -9999 -9999 -9999 -9999 -9999 -9999 -9999 -9999 -9999 -9999 -9999 -9999 -9999 -9999 -9999 -9999 -9999 -9999 -9999 -9999 -9999 -9999 -9999 -9999 -9999 -9999 -9999 56.14170 59.11080 60.09580 59.92670 58.69000 57.82920 57.26920 56.37670 56.09830 50.91830 44.74170 38.30670 35.64830 31.81420 30.11500 28.14830 -9999 23.87000 23.95420 22.58580 22.43170 20.88170 20.82750 20.78330 20.79000 19.31830 19.37000 19.41580 19.48500 19.86000
-9999 -9999 -9999 -9999 -9999 -9999 -9999 -9999 -9999 -9999 -9999 -9999 -9999 -9999 -9999 -9999 -9999 -9999 -9999 -9999 -9999 -9999 -9999 -9999 -9999 -9999 -9999 -9999 -9999 -9999 -9999 -9999 -9999 -9999 -9999 47.15250 49.54920 51.64580 53.45330 55.78170 58.06750 58.82080 60.34330 61.63500 61.94000 60.99000 60.10330 59.40170 58.58170 56.75580 51.70420 45.12580 40.34420 37.14500 32.00080 30.15170 28.26580 25.55920 23.62080 23.72170 22.01580 22.14580 20.58830 19.05750 19.00000 20.47170 19.25250 19.19830 19.05920 19.37420 19.44670
-9999 -9999 -9999 -9999 -9999 -9999 -9999 -9999 -9999 -9999 -9999 -9999 -9999 -9999 -9999 -9999 -9999 -9999 -9999 -9999 -9999 -9999 -9999 -9999 -9999 -9999 -9999 -9999 -9999 -9999 -9999 -9999 -9999 -9999 44.75080 47.53920 49.90420 51.39750 53.80500 56.17830 59.39420 60.75330 62.45170 62.76500 61.53830 60.92920 60.41330 59.86080 57.53670 52.90500 49.49580 45.34250 40.71580 35.40000 33.65000 30.51330 26.66330 24.92170 24.65000 23.06250 21.50170 20.11170 19.87500 18.22000 19.75670 19.76330 18.31580 18.53830 18.67670 18.90000 19.07000
-9999 -9999 -9999 -9999 -9999 -9999 -9999 -9999 -9999 -9999 -9999 -9999 -9999 -9999 -9999 -9999 -9999 -9999 -9999 -9999 -9999 -9999 -9999 -9999 -9999 -9999 -9999 -9999 -9999 -9999 -9999 -9999 -9999 42.16750 44.21500 46.85170 49.22170 51.23170 53.67920 55.95580 59.25170 60.72920 62.71920 63.99580 63.27170 61.06000 60.36750 58.32080 54.54420 51.04080 45.38920 41.80670 36.79830 33.26580 30.85170 27.64670 25.78330 23.74420 23.84250 21.94170 20.54170 18.91330 18.85500 18.79420 18.75000 18.81500 17.62580 17.94500 17.93080 17.70330 17.95000
-9999 -9999 -9999 -9999 -9999 -9999 -9999 -9999 -9999 -9999 -9999 -9999 -9999 -9999 -9999 -9999 -9999 -9999 -9999 -9999 -9999 -9999 -9999 -9999 -9999 -9999 -9999 -9999 -9999 -9999 -9999 40.65580 41.89250 42.58080 44.42580 46.53670 49.29000 51.54330 53.78420 55.98830 58.43670 62.62330 64.67000 64.26000 62.01580 61.19750 59.36330 55.49420 52.80670 48.21170 44.29670 39.35830 33.98000 32.16250 30.12500 26.45580 24.50670 22.49830 20.82830 19.43500 19.38830 17.98330 17.76170 17.72000 17.60000 17.89420 18.28250 18.13580 18.41250 16.97500 17.36330
-9999 -9999 -9999 -9999 -9999 -9999 -9999 -9999 -9999 -9999 -9999 -9999 -9999 -9999 -9999 -9999 -9999 -9999 -9999 -9999 -9999 -9999 -9999 -9999 -9999 -9999 -9999 -9999 -9999 37.88750 37.95330 40.81500 42.31670 42.46080 44.03080 46.03000 48.53750 50.80000 53.13080 55.48420 57.84670 60.86920 62.99330 62.03080 61.51080 59.16080 56.56500 53.92670 49.12170 45.15920 41.11170 37.19330 33.69920 31.56670 27.64170 25.33750 23.40420 21.39580 20.01000 19.89250 18.43500 16.82170 16.88500 16.87250 16.84330 17.03420 17.53830 16.39000 16.33330 18.25580 18.23420
-9999 -9999 -9999 -9999 -9999 -9999 -9999 -9999 -9999 -9999 -9999 -9999 -9999 -9999 -9999 -9999 -9999 -9999 -9999 -9999 -9999 -9999 -9999 -9999 37.36500 36.86420 36.52580 36.70750 37.51830 37.37170 38.40830 39.81830 40.11500 41.36080 42.94500 45.43500 46.41000 48.75250 51.25170 53.49670 55.93000 58.16580 60.09500 60.17500 57.64080 57.31580 54.77750 50.28830 47.91750 43.68500 41.10080 35.59250 33.08750 31.12250 27.29330 25.21500 23.01670 20.87670 19.38670 18.14920 17.59420 16.31750 16.50330 16.56170 16.48670 16.78330 16.78330 18.56080 18.79170 17.48330 16.67170
-9999 -9999 -9999 -9999 -9999 -9999 36.68670 38.16420 38.01000 38.13330 37.86500 -9999 -9999 -9999 -9999 -9999 -9999 -9999 -9999 -9999 -9999 39.19500 37.84170 37.21330 36.89170 36.25330 36.22170 36.14420 35.66330 37.60580 37.59000 39.36830 39.71000 41.58580 41.81170 43.67500 46.09250 48.25830 50.87500 51.61420 53.99080 56.33330 56.67000 56.60920 55.60580 53.24000 52.93170 49.13670 46.05330 42.19420 39.63250 35.67750 31.94580 29.62830 27.50920 25.31170 23.40250 20.91920 19.41330 19.05670 17.80750 17.73000 16.49250 16.54000 16.72420 17.99670 18.38920 18.38830 18.90000 19.00500 19.10580
-9999 -9999 -9999 -9999 -9999 37.96000 37.91250 38.03920 37.59420 37.68000 38.81170 39.02080 38.96000 38.85170 -9999 -9999 -9999 38.22750 38.38080 37.24330 37.56330 37.86170 36.57330 36.19250 35.82750 35.57330 35.47000 35.36920 35.72170 35.61670 37.29170 37.38670 39.09170 39.84080 41.31750 43.61750 44.25080 46.66330 49.18830 51.62420 52.50080 54.63080 54.42670 53.73250 53.84000 51.37170 49.51170 46.95170 45.01670 40.45750 38.61920 34.45580 32.22500 30.17080 28.07500 24.54830 22.27830 21.51670 20.00500 19.59250 18.30250 18.37170 18.11250 18.35750 17.93670 17.03750 18.52750 18.76080 19.13920 20.42500 20.90330
-9999 36.28500 37.24670 37.28830 37.52670 37.38170 37.54080 37.68750 39.04670 39.01170 38.87080 39.68830 39.63670 39.59750 39.38170 39.32330 39.20420 38.83580 38.58170 37.46000 37.79330 38.14170 36.38080 36.32330 35.86580 35.56750 35.04670 35.26500 35.27750 35.07750 36.36500 36.46750 36.81580 38.50170 39.38920 41.71000 44.16000 44.45420 46.73000 49.81170 50.12500 52.13250 52.15420 51.86580 51.66170 49.80920 47.47750 45.83000 42.87670 40.90170 36.25250 32.42580 30.37420 28.41420 26.33580 24.65000 22.79500 22.06750 20.50420 20.50500 19.35080 19.25500 19.37080 18.85920 18.89670 18.79920 20.30170 20.48670 20.46330 20.79330 20.71170
-9999 37.66000 37.89330 37.51920 37.60920 38.52250 38.54080 38.72000 38.71500 38.89670 40.04080 39.75250 39.89000 39.53250 39.48080 39.38830 39.33000 38.81080 39.09080 37.70250 37.83920 38.32330 36.92080 36.72920 36.23670 35.74830 34.99080 35.05250 34.87420 35.05170 34.95920 36.46500 36.64250 37.08580 38.93580 39.60670 41.60170 42.16670 44.60830 46.58420 47.15250 47.50830 49.29670 49.29750 47.25170 46.78000 44.76000 42.89750 40.84420 38.52080 36.27080 32.91330 30.73750 27.57420 25.72420 23.78500 21.71920 21.47420 21.37080 20.11170 21.26500 19.95500 19.98580 21.28080 21.01580 20.74830 21.05250 21.23080 22.57580 22.67420 23.03500
-9999 -9999 -9999 38.76750 39.00920 39.11330 38.87500 39.07500 39.00580 39.38580 40.81670 41.56250 41.74170 41.75330 39.77000 39.41330 39.66670 39.57580 39.79830 40.04830 38.82500 39.20500 37.31500 37.64330 36.94330 36.43170 35.07000 34.74920 35.28000 35.23420 35.28420 35.15000 35.15170 36.77830 37.40000 39.06080 39.17000 41.77500 42.23080 43.84920 43.67170 44.22750 45.44500 45.80170 44.38420 44.04830 42.72750 42.52830 40.57920 37.38920 35.36080 33.06500 29.92920 28.03080 25.74920 24.04500 22.30500 22.31420 22.07670 22.12170 22.20830 21.88250 21.95170 21.88580 21.52670 22.81080 23.39000 23.33500 24.82500 24.73830 25.06830
-9999 -9999 -9999 -9999 -9999 -9999 40.76080 40.88580 40.81750 41.05670 41.21830 40.67170 40.99500 40.97670 41.07330 41.12420 40.26920 40.47250 40.41170 41.11250 41.36920 40.16920 40.19080 38.59170 38.42500 37.93580 36.51250 35.78920 35.61670 34.12670 35.60330 35.71500 35.26080 35.44170 37.21250 37.58670 37.59500 39.19420 39.33330 40.85420 41.08250 41.07080 42.67170 43.10580 41.86500 42.52500 42.59500 41.32250 39.93000 38.00330 35.96920 32.16920 30.55420 28.31000 26.62670 24.91920 23.21250 23.18500 22.90750 22.91420 22.81670 22.56830 21.64670 21.97830 23.48000 23.45330 25.00670 25.27420 26.68330 26.93750 28.54420
-9999 -9999 -9999 -9999 -9999 -9999 41.00000 40.96920 41.30330 41.57000 41.62580 41.26920 41.24170 41.69750 41.88420 42.17420 42.74500 43.32580 42.81920 42.97420 43.19080 41.79080 41.69500 42.11170 40.24080 39.69080 38.15580 35.95000 35.73920 35.52420 35.41080 35.06170 34.80170 36.21750 36.43170 35.72170 37.09420 36.98080 38.29000 38.52750 38.30420 40.07580 40.88080 40.67000 41.70330 40.59580 41.48250 40.27750 41.18500 39.78830 37.53670 34.94250 30.57170 28.34080 26.57500 26.46250 24.80250 24.70750 24.85330 24.44920 23.15580 24.50830 24.26750 23.56330 25.38170 25.35920 27.01750 26.90170 28.64830 30.09330 30.53580
-9999 -9999 -9999 -9999 -9999 -9999 -9999 -9999 -9999 -9999 43.24250 43.17420 41.62250 42.03580 42.67830 43.55500 44.31420 45.39670 46.41420 45.19750 45.51250 45.48500 44.14170 43.84420 43.59500 41.04670 40.68750 38.75920 37.18000 37.01670 36.99250 36.62500 36.26750 35.62080 37.02580 35.91250 35.39750 36.76920 36.63330 36.34500 37.96670 37.90330 38.28170 38.87670 39.03670 39.90580 39.08830 40.06670 41.13830 39.80500 37.83420 34.07000 30.78420 28.39580 28.58670 27.57330 27.73830 26.46580 26.53830 25.85080 27.12500 27.17920 27.20420 26.96250 26.87420 28.46250 28.57170 30.42000 32.15080 33.94000 35.52580
-9999 -9999 -9999 -9999 -9999 -9999 -9999 -9999 -9999 -9999 42.97420 42.98420 43.43670 43.97830 45.62500 45.81000 47.46000 48.37500 49.28250 49.82750 49.48080 47.31920 47.02670 45.18250 45.15580 42.71920 41.96830 39.91670 38.72420 36.87250 36.49750 36.06080 35.95000 36.83920 36.24330 35.44170 36.21920 35.88000 35.55670 37.16080 37.17000 38.39580 38.40670 38.35170 38.98170 37.89580 38.18420 38.52500 36.91500 37.02750 34.87750 32.75080 31.30000 29.86500 28.71170 29.03250 29.31080 29.56670 28.77250 28.71170 28.86750 30.35580 30.12920 31.63000 31.43000 32.95670 33.32830 35.25670 35.33000 37.21420 38.27000
-9999 -9999 -9999 -9999 -9999 -9999 -9999 -9999 -9999 -9999 -9999 -9999 43.34250 44.48170 47.37000 50.55500 53.03750 52.70420 52.87330 51.71330 51.10170 50.32330 48.56670 48.14830 45.80420 43.09080 42.79420 40.49250 37.83170 37.51330 37.20080 36.86330 36.47420 36.18250 37.34830 36.15830 35.32420 35.71670 35.43750 36.87830 36.61080 37.11330 37.05080 36.70500 37.17420 37.44080 37.22670 37.01500 35.47580 35.02580 33.20500 32.81000 31.40580 30.03750 29.55330 28.44500 28.80420 28.87580 30.35080 30.32920 30.16250 31.64080 33.13000 33.05420 34.37080 34.53670 36.62000 38.53750 38.30330 39.97080 40.03500
-9999 -9999 -9999 -9999 -9999 -9999 -9999 -9999 -9999 -9999 -9999 -9999 44.12500 45.89580 48.20330 50.91330 53.43250 54.90750 54.76330 53.82670 53.25000 50.60920 50.66580 48.03830 45.57830 45.11330 42.74420 40.63420 38.57580 38.45830 35.73670 35.43670 36.89500 36.10080 35.39420 35.59080 34.79250 34.60080 35.40580 37.14000 36.61750 36.21250 36.73000 36.27500 36.59670 36.68080 36.41420 36.30500 36.34000 33.26750 33.77670 32.50830 32.32170 31.32420 29.84670 30.15920 30.34500 30.15670 31.59830 31.66170 32.98330 33.26000 34.60420 34.50330 36.15500 37.82750 37.95420 39.77170 41.54750 41.52330 42.39170
-9999 -9999 -9999 -9999 -9999 -9999 -9999 -9999 -9999 -9999 -9999 43.87330 45.07000 46.50830 48.03080 50.10080 51.91330 52.07420 53.13000 53.14250 51.56920 51.74580 49.79750 48.79080 46.99750 45.34920 42.89250 40.65000 38.62670 37.97830 35.79500 35.23080 34.20830 35.12830 34.70330 33.67580 34.44170 34.27420 35.14330 36.20500 36.03500 37.19080 36.77250 36.39750 35.22420 35.78000 35.69420 35.62080 34.77000 34.96170 35.32000 34.41920 34.69750 33.65920 31.98920 32.18830 32.24830 33.78330 33.10420 33.04000 34.37500 34.30750 36.08080 37.45330 37.34500 38.94830 40.58500 40.77920 42.88330 42.44420 43.13420
-9999 -9999 -9999 -9999 -9999 -9999 -9999 -9999 -9999 -9999 -9999 42.62750 43.58170 44.72420 46.58000 47.63670 48.92170 49.76000 50.64830 50.78500 51.02420 51.58670 49.53330 47.71830 45.76330 44.69830 42.59670 40.73330 38.67500 38.17580 35.55170 34.85170 33.96580 33.07170 33.78670 32.53830 34.10750 33.70420 35.08080 36.13750 37.26580 36.73500 38.12750 37.96580 36.28080 36.76330 36.45420 36.33830 37.57830 37.09420 37.65500 37.62920 36.46420 35.03750 34.78920 35.23420 35.10000 35.21670 35.13830 36.62330 36.61330 37.22420 37.23500 38.64420 39.85670 39.70580 41.58000 42.79920 43.00250 42.65420 42.43420
