data/hydroclimate-scenarios/BCSD_hadcm_B1/monthly_summaries/precip_monthly_tot_aug.2030-2059.asc
ncols	311
nrows	91
xllcenter	102.75
yllcenter	31.75
cellsize	0.5
NODATA_value	-9999
[rows 31 to 61 of 91, columns 0 to 70 of 311]
-9999 -9999 -9999 -9999 -9999 -9999 -9999 -9999 -9999 -9999 -9999 65.31750 65.98670 67.75920 69.22920 72.86000 74.62170 76.80000 76.57750 78.30330 76.14080 76.99920 76.82250 75.35580 74.23830 73.12330 72.09580 70.93420 68.70750 67.58920 65.76080 63.16250 61.72920 59.75250 58.54670 57.11670 57.21000 60.43920 62.31330 61.67500 62.22750 62.15420 63.61000 63.06080 63.31170 63.13250 62.28420 60.78670 61.16580 59.94750 60.97080 60.86000 60.63170 60.87920 60.88000 61.81830 63.30330 64.66000 65.22330 65.92080 67.28830 67.15250 68.22250 69.78750 70.93080 72.76830 77.61420 78.97330 84.37670 88.74250 88.75330
-9999 -9999 -9999 -9999 -9999 -9999 -9999 -9999 -9999 -9999 -9999 67.10750 69.47170 70.08830 72.11500 73.06330 76.15750 76.28420 77.47670 77.42670 78.79330 77.61920 76.39170 76.37420 75.30500 74.16000 73.04000 72.70920 71.07170 68.15170 68.00330 66.43670 62.83830 62.57330 61.51000 58.53750 60.03170 61.22750 62.85080 64.10330 65.42500 65.08500 65.98500 66.23830 67.12000 67.02000 66.32330 68.29670 68.23830 68.03670 67.44830 68.99580 68.67000 68.14580 67.16580 67.29750 68.02000 69.20080 68.68830 69.57750 71.11750 70.51170 70.56170 71.25920 73.29670 73.26170 77.52500 80.71080 85.26750 87.90170 87.22420
-9999 -9999 -9999 -9999 -9999 -9999 -9999 -9999 -9999 -9999 -9999 69.91920 71.31250 71.60250 73.78920 75.08420 75.42330 76.94330 77.67000 76.46420 78.41080 77.64330 78.00420 78.15000 79.35000 79.22670 78.34830 76.82000 73.73420 69.93000 69.47080 68.05500 65.88830 64.35250 62.64080 61.53170 62.81420 65.86670 65.83500 71.39920 69.81920 72.41670 71.92500 72.98250 73.91500 74.22000 75.59920 75.62830 74.51830 74.60000 74.90750 73.20830 72.66330 73.16000 72.16750 72.28750 72.13250 74.29920 73.83750 73.17330 74.15420 74.47420 73.00250 74.26750 77.96420 78.85830 80.28330 83.92170 85.40580 88.90920 86.98330
-9999 -9999 -9999 -9999 -9999 -9999 -9999 -9999 -9999 -9999 -9999 -9999 70.07000 70.93920 72.11080 74.20580 75.89750 76.06420 77.02670 77.41000 77.97500 80.30330 82.12500 82.93170 84.98920 86.83250 84.15580 83.87920 78.04830 74.19500 72.68330 68.82750 67.45420 65.53500 65.51920 66.46500 67.83080 69.36000 71.02250 73.37420 75.07080 77.23000 78.59080 77.99580 79.50420 82.38500 80.96080 79.74750 79.47580 78.62750 77.70080 79.23500 78.61420 77.70670 78.86750 77.41330 76.93080 76.51830 76.75750 76.33670 75.77670 75.40830 76.22500 78.56670 81.39920 81.73670 81.54250 84.78420 91.79250 92.90170 87.99000
-9999 -9999 -9999 -9999 -9999 -9999 -9999 -9999 -9999 -9999 -9999 -9999 70.61670 71.30330 73.49420 74.29580 74.87500 77.24580 77.29670 80.14080 81.50330 87.79250 88.42170 89.78670 91.51750 88.18580 84.85420 86.61330 81.10420 79.84670 77.04000 75.86330 70.74670 67.32500 67.43170 67.95250 70.89420 71.77830 72.19580 76.64750 78.67580 82.18500 83.60750 85.40330 86.19420 87.01330 86.92420 86.32170 85.33330 87.47750 87.51830 85.19250 84.74420 84.01170 81.46330 79.82080 79.08580 78.48250 78.80000 79.19000 78.13500 80.27250 80.13000 81.66670 82.97250 81.36000 83.09500 85.72250 87.85920 90.40000 92.93830
-9999 -9999 -9999 -9999 -9999 -9999 -9999 -9999 -9999 -9999 -9999 -9999 71.96670 71.26670 72.93830 73.61420 76.09000 78.53080 81.90750 84.71080 87.47500 90.91420 91.56170 92.54420 91.09920 90.99170 87.55500 85.27670 85.10500 80.28580 76.39670 72.67830 73.69830 72.94580 69.55330 70.78080 71.74750 75.26420 74.90670 78.61080 85.95580 90.88500 90.46830 91.96500 94.00000 99.09420 98.85830 98.15830 96.69080 93.23580 93.11000 91.35000 89.46750 89.06830 86.00750 84.05420 83.15580 82.27670 82.26920 81.66500 81.12670 82.48500 83.64080 82.94750 84.30920 84.86920 85.07750 86.71000 91.66580 93.29330 96.13830
-9999 -9999 -9999 71.58420 70.77170 70.79750 69.89830 69.59330 71.36330 -9999 71.85500 72.62170 72.16670 72.02170 73.47830 75.25080 77.73250 79.80330 85.56830 88.01750 87.99250 89.79670 92.52080 92.80830 92.79580 91.77500 88.23000 90.42250 87.37080 89.67330 82.91330 77.76500 77.91250 81.40080 76.81000 77.33500 80.23000 82.14330 83.54330 84.38580 87.52000 93.17920 95.37500 97.86580 101.44300 107.23800 110.51100 105.86400 105.40600 103.47000 104.28400 102.26400 101.40200 101.75600 99.60250 99.27330 98.32250 89.03170 89.11330 84.67750 83.35250 86.95330 86.95830 86.80420 85.09830 85.67920 87.58420 90.29750 93.34670 97.03420 101.96000
-9999 -9999 -9999 71.92500 71.34080 70.63250 71.80250 72.01670 71.27250 72.70500 71.78500 71.61580 73.21500 73.58000 76.49250 79.75830 82.89670 84.64080 87.88580 90.24080 89.58500 92.28920 91.37750 91.88170 92.71750 92.04500 92.37250 91.19670 92.08080 92.68420 86.35330 85.80830 83.64250 84.81830 84.80670 84.80670 87.12670 90.61670 88.72500 96.36080 98.26750 97.77080 98.73000 105.18500 110.52500 115.94300 117.71900 112.15800 115.51300 115.98800 116.99600 113.08000 112.79300 110.57800 105.14200 104.09100 97.94250 95.09170 94.45670 91.34830 91.32330 92.41750 91.71420 89.80750 90.18830 87.58500 87.54920 88.40500 96.02080 102.25300 107.19800
-9999 -9999 -9999 72.41330 71.69500 72.89670 74.58920 73.96080 72.68330 71.90000 71.32330 73.72170 76.32330 79.68250 83.78750 83.15580 86.15330 87.90580 88.73830 91.14500 94.35250 95.76250 93.65920 95.46500 97.49830 95.32830 94.22000 94.33750 91.44670 95.67250 97.74330 93.75420 88.98830 89.61920 90.35080 89.65080 90.78580 92.10750 94.91750 99.36670 103.79200 104.90400 106.25600 110.39200 112.38000 116.52800 121.37300 122.99400 122.72300 126.19500 127.89800 119.26200 117.56700 114.20000 111.37500 108.36800 102.53500 98.07330 98.68080 97.85670 96.70750 95.88170 94.67580 95.61330 94.25670 94.37250 94.02080 96.89080 105.35000 111.78700 115.62100
-9999 -9999 -9999 74.33000 71.73170 75.40580 74.07580 75.28000 74.46420 74.75170 73.12420 74.23000 80.73170 84.01420 86.83170 86.15080 90.58080 93.71920 94.15670 94.98830 99.38080 101.96900 103.15700 100.02600 98.51830 96.97080 94.47500 94.16080 98.58580 101.48700 98.06920 88.58250 92.64330 97.05580 96.80670 96.14170 94.35580 93.47170 98.75920 101.30700 106.42700 115.20800 119.45900 120.43800 118.85400 125.86800 130.14101 129.04201 133.96600 132.60800 134.11301 129.28200 127.35600 125.95400 121.35500 116.51100 109.10700 106.63200 107.52800 106.92100 109.93200 105.55600 103.53600 103.17900 103.27900 102.89500 103.85300 106.10200 113.31000 119.14900 122.22300
-9999 -9999 -9999 74.99500 73.05080 77.00500 76.10920 75.99670 77.51000 75.58920 74.52330 78.68670 83.78170 88.29420 92.47170 93.24250 95.85580 95.25330 93.83750 94.31170 100.80600 103.07300 104.00600 98.30750 96.12580 94.09250 92.50750 93.97170 97.23670 99.24670 99.09580 97.36580 97.89330 96.55170 96.41580 97.22920 100.27800 98.89080 100.93400 104.04300 111.25600 116.47200 124.34000 127.28200 127.73800 132.69400 134.08299 135.33501 137.90300 140.55800 141.35800 135.16800 134.59700 134.33501 126.47700 125.09700 116.16300 111.23000 114.15300 117.06500 114.97300 115.16700 112.88200 115.85900 114.91700 112.01700 112.52900 115.17200 117.75800 119.36600 123.52000
-9999 -9999 -9999 -9999 79.52830 81.03580 78.36250 81.39500 80.87830 79.90500 76.88250 80.11420 92.33000 86.44500 -9999 -9999 -9999 -9999 -9999 107.30200 108.74200 106.37500 107.64200 108.10800 103.92300 98.97920 93.68170 95.15080 97.30580 95.96920 97.26920 96.51080 98.42080 95.64330 94.13250 94.17580 98.64000 99.87000 103.21200 107.15500 109.99700 115.67300 122.20800 130.25101 134.74800 136.21400 139.91200 145.25101 142.56400 143.19000 145.97099 144.50700 139.05800 140.75101 135.82800 133.18300 130.14101 126.61200 125.43800 124.88700 125.38800 126.78700 124.83400 124.34600 123.37100 123.10300 119.90300 115.86500 113.14400 -9999 -9999
-9999 -9999 85.07170 84.29000 83.78000 82.32920 81.95670 85.81670 82.32500 82.31080 78.59330 83.74330 93.86000 -9999 -9999 -9999 -9999 -9999 112.71600 108.39000 110.21900 105.93200 104.60300 106.59800 104.38500 100.24200 93.19920 93.09580 94.29420 94.51500 95.04420 96.55250 95.50750 96.07170 96.92670 95.47920 99.99170 102.47000 106.53300 109.80300 114.10000 118.77900 122.66800 127.13000 130.25200 136.23900 140.51401 142.52200 142.79201 141.99800 143.92000 143.66701 143.66800 139.39301 138.04401 133.23900 133.87399 134.58200 134.01900 130.18500 130.56300 131.70599 130.13300 131.12000 128.75200 126.68000 121.48400 -9999 -9999 -9999 -9999
-9999 -9999 90.13080 88.93170 85.20170 84.10000 82.64830 86.97250 85.20500 82.97670 84.50750 85.93000 85.91250 -9999 -9999 -9999 -9999 98.38920 109.35300 106.35600 109.02300 106.68200 106.71500 103.83500 99.73250 94.50830 93.85580 93.70000 93.71250 92.26500 95.10250 96.65750 96.53080 96.11670 98.70920 99.67250 101.47600 102.84800 108.77700 114.76300 117.00400 120.75000 123.79000 126.52600 133.63800 136.49100 138.71300 142.21201 140.82800 142.61000 144.56300 142.43700 142.11600 140.19000 139.03900 133.68401 134.30600 138.39200 139.71300 136.39200 135.78799 138.74200 137.18300 132.71700 130.95100 -9999 -9999 -9999 -9999 -9999 94.85330
-9999 -9999 94.39920 95.95170 91.10080 88.29250 87.68500 87.96920 87.64500 86.79830 90.50330 90.02920 84.97500 -9999 -9999 -9999 -9999 104.75700 107.14100 107.99800 108.52800 105.93000 101.41700 99.00920 98.51580 95.84750 95.99830 92.08670 92.61170 93.18420 95.49920 95.97580 98.61330 99.49330 98.53000 101.67600 104.39300 106.39100 110.62800 112.16500 115.57300 116.20800 117.80200 125.26800 129.32401 136.48300 138.62601 140.22701 138.57401 141.56700 140.91701 141.23700 142.39200 141.68401 141.77600 136.88000 136.89301 141.72200 141.03000 139.33800 137.31700 137.14500 136.71300 137.55400 139.35899 135.93700 124.36700 119.22700 109.45800 -9999 -9999
-9999 -9999 -9999 99.09000 95.97000 93.42330 90.38170 86.94330 89.16670 90.54420 86.37000 89.17920 -9999 -9999 -9999 -9999 98.79330 104.21300 102.54200 104.49800 106.07500 101.63900 101.80700 99.99580 97.96580 97.16250 95.45580 93.27500 93.38420 96.44170 96.53250 95.01830 95.03830 97.66670 99.16250 98.71750 100.17000 102.50500 106.27800 109.78400 112.71000 112.91600 115.44100 119.47500 121.67600 127.96200 129.42500 129.28200 129.83299 133.41000 139.84200 140.84700 141.97600 143.82201 147.17400 147.31200 147.49200 148.95300 148.74800 145.79401 145.03900 144.76700 148.98801 152.45200 152.57500 139.32401 126.59200 118.17800 109.65100 123.76300 -9999
-9999 -9999 -9999 -9999 100.35100 95.73000 91.62750 92.90580 94.39580 85.11000 85.16170 -9999 -9999 -9999 -9999 96.31000 101.21300 100.26700 99.10420 101.55500 101.23500 100.65500 100.82500 102.10300 99.83750 95.35750 93.68000 91.97330 91.90170 92.37670 94.31420 91.43750 90.55830 92.08580 96.59750 97.72420 98.68250 102.09100 105.00100 110.63000 113.03000 113.14200 113.90000 116.66200 118.63200 122.52000 127.10300 125.40800 125.27000 127.99400 133.37399 137.40900 140.95300 145.15199 145.19501 145.90500 145.38699 152.06200 153.70200 151.81799 153.69400 155.86301 157.65199 154.54800 151.37601 141.60899 127.58300 117.09700 110.00800 101.18800 96.41170
-9999 -9999 -9999 -9999 -9999 -9999 99.65500 93.99250 90.90420 91.03830 83.83670 -9999 -9999 -9999 -9999 -9999 98.10170 99.28330 100.52000 101.38800 100.70400 93.84250 100.37000 99.25250 98.25250 93.87580 91.61920 91.52080 89.31250 88.84000 90.89330 90.04750 88.78000 92.65330 93.61420 94.77000 98.58330 103.27800 105.02400 110.29400 112.35700 116.24500 116.75500 115.27500 120.84400 120.48100 120.71800 123.37200 124.34800 126.61900 131.23199 135.51900 138.87199 141.48801 143.74300 148.16000 150.80499 155.37900 157.99200 158.96400 160.14101 162.26700 163.29300 162.29300 157.42799 146.71001 128.63000 113.61900 104.65100 101.70100 97.03500
-9999 -9999 -9999 -9999 -9999 -9999 -9999 -9999 -9999 -9999 -9999 -9999 -9999 -9999 -9999 -9999 -9999 -9999 -9999 101.28000 99.78250 95.16170 97.40920 96.56170 94.67920 93.14080 93.37500 87.98580 85.75170 87.41420 89.70170 88.17080 90.74920 91.74250 93.25080 94.15250 97.39830 102.91300 106.08200 112.94400 115.55000 117.00300 117.29700 115.99700 115.88800 120.69900 124.47900 126.43200 127.89800 128.84801 132.04800 135.90199 137.92599 139.74200 142.48300 148.14400 154.25700 159.47400 162.89999 165.11200 170.48000 171.01900 172.09700 169.78200 162.55299 142.92999 126.69600 111.02700 103.82500 105.11800 101.02000
-9999 -9999 -9999 -9999 -9999 -9999 -9999 -9999 -9999 -9999 -9999 -9999 -9999 -9999 -9999 -9999 -9999 -9999 100.12700 100.64000 98.68920 94.20420 93.08830 92.22000 89.80170 89.83750 87.67830 85.47080 84.31080 84.53750 85.23080 87.99830 91.68080 93.34500 93.05830 95.67080 100.43000 104.15500 108.93600 113.29900 117.30000 117.89400 118.76200 120.80700 120.74600 122.04100 127.00600 129.97099 131.83800 130.83701 131.92200 136.03300 138.38000 142.05299 147.03101 149.55600 156.01601 165.78600 170.32100 169.49600 171.78900 171.48900 173.40500 171.26700 165.00900 148.31300 132.63300 119.73900 112.48900 107.35700 106.10600
-9999 -9999 -9999 -9999 -9999 -9999 -9999 -9999 -9999 -9999 -9999 -9999 -9999 -9999 -9999 -9999 -9999 99.57250 100.54800 97.97580 96.80500 92.95500 89.46330 87.48080 86.42920 84.49580 82.84500 80.90330 80.96500 83.34000 84.90500 86.32500 89.84580 90.92250 91.69330 98.32830 104.50500 108.16200 110.04800 115.75400 118.70200 119.63200 121.04300 121.19100 120.97300 123.93000 125.44300 130.05600 128.77000 130.90500 132.36700 133.54100 138.78200 143.16100 148.77901 151.47600 160.04500 166.42799 171.17900 172.57300 171.49699 176.23199 181.66800 178.55400 166.84399 155.31100 145.87801 131.17700 121.67800 115.16500 116.09700
-9999 -9999 -9999 -9999 -9999 -9999 -9999 -9999 -9999 -9999 -9999 -9999 -9999 -9999 -9999 -9999 -9999 103.33900 100.99700 102.66700 98.95750 95.50830 89.89170 85.80080 79.85750 79.91920 78.16500 75.55330 76.49250 79.45920 82.37580 83.31750 85.71580 88.78920 93.78170 100.06200 104.37400 108.11300 114.14500 116.76300 118.38400 120.37100 120.31600 121.62800 122.68800 120.47100 123.42100 127.92000 128.54201 129.68800 132.55099 134.64301 139.92999 145.63901 150.25999 155.32201 163.64700 168.04601 170.34801 173.25400 176.93201 182.74100 183.17400 181.93401 182.04201 171.82201 157.28999 149.55000 134.82600 123.70700 120.78700
-9999 -9999 -9999 -9999 -9999 -9999 -9999 -9999 -9999 -9999 -9999 -9999 -9999 -9999 -9999 -9999 102.71800 103.74100 104.08300 102.26800 95.35250 90.52420 87.88330 81.66580 74.91750 74.94920 71.90080 68.77250 70.92080 74.63000 76.90170 78.70920 81.59830 84.25500 91.10500 98.80250 103.44500 108.61800 112.42100 114.78200 116.51100 117.73000 120.85800 120.12800 120.15100 120.78600 123.44500 128.83600 127.25700 128.61700 134.01700 137.90401 142.59300 146.73100 150.91000 156.94600 160.60300 164.99300 170.78300 176.78200 179.27499 184.19299 188.20000 192.20500 187.77800 181.49899 170.82600 160.10800 145.62900 137.61099 135.20599
-9999 -9999 -9999 -9999 -9999 -9999 -9999 -9999 -9999 -9999 -9999 -9999 -9999 99.33750 100.36700 99.98080 101.23500 102.08700 99.24500 94.49080 91.20500 91.70420 87.36830 83.98250 80.24750 72.70080 69.22920 66.64580 67.28830 68.63420 71.71250 73.44750 77.22500 82.28920 87.68000 94.79830 101.04900 105.69000 111.09300 112.76200 113.71100 115.06100 116.72100 115.67900 119.21800 123.64700 124.86100 125.18200 127.44300 132.20300 137.81200 141.28500 145.20700 147.79201 151.56200 158.21500 162.04700 164.76500 168.21600 174.03900 178.78999 183.21001 186.80000 188.73700 187.48399 182.31500 173.20900 166.47800 158.09200 150.24899 145.89700
-9999 -9999 -9999 -9999 -9999 -9999 -9999 -9999 -9999 -9999 -9999 -9999 99.25830 98.86580 99.13670 97.93080 98.78000 97.11420 96.10330 90.19670 90.29830 88.14920 83.95830 82.50170 78.63080 72.29830 67.88750 64.91250 66.12580 66.27250 68.64080 70.91330 75.15920 80.02670 84.69920 90.99080 99.63080 104.18500 110.72500 112.06100 113.58800 111.57600 110.69600 113.62200 119.10300 124.66500 125.83100 128.63100 132.62199 138.59599 143.19299 146.00700 150.28799 152.03200 154.28200 158.29401 161.65100 166.22701 170.51801 173.16499 176.88200 178.78300 183.06000 188.31300 190.82800 184.66000 177.42000 170.51199 165.46001 162.81900 157.32600
-9999 -9999 -9999 -9999 -9999 -9999 -9999 -9999 -9999 -9999 -9999 103.26300 101.72300 101.68700 99.50250 95.95830 94.04420 91.41330 90.10580 89.10330 86.99750 81.65420 80.08330 77.51000 75.76250 71.88830 69.48080 64.02670 62.57750 63.61580 66.16750 68.78080 71.88330 76.56670 81.85250 90.01750 98.96500 103.95000 109.79700 111.10300 109.73300 111.25000 109.49800 111.48300 116.60500 121.89100 125.28300 129.55000 135.92200 141.89799 147.85300 154.62900 157.78500 159.37399 160.28700 162.09300 162.11000 163.48100 163.89999 166.31200 170.31400 171.89200 176.52901 178.19800 183.86600 184.29500 178.15700 173.22200 171.91000 169.56700 167.55099
-9999 -9999 -9999 -9999 -9999 -9999 -9999 -9999 -9999 -9999 102.31100 102.81200 99.61420 100.29300 95.91330 92.79330 91.34500 89.58250 88.26170 85.22170 82.30080 77.29080 75.83830 72.95250 70.52830 68.42920 66.93250 62.00920 62.05250 62.90580 63.99330 66.58420 69.95580 73.99670 79.82080 88.28420 95.01250 101.84200 106.84000 107.93100 106.44700 107.13400 106.32700 110.02900 114.91900 118.76600 121.79100 129.55299 136.76199 145.60300 151.78200 159.00200 160.42799 162.03999 163.22301 164.78200 163.27299 163.10500 160.72000 160.92599 164.76500 166.56900 170.60400 170.73700 170.15199 174.96600 174.02000 173.92300 178.66701 176.62300 170.43800
-9999 -9999 -9999 -9999 -9999 -9999 -9999 -9999 -9999 93.10420 93.30830 94.61750 95.27330 93.86750 90.99830 89.15500 87.83000 85.31330 81.28670 77.79330 75.65670 74.50170 72.51330 69.77170 68.97000 66.87080 66.00920 64.75250 64.71500 64.06330 63.63670 66.45170 69.10750 75.86500 82.81000 89.43330 96.05750 97.90420 101.93300 102.94200 101.40900 101.10400 101.52400 105.82800 110.65300 115.23700 119.54300 128.72301 139.86301 147.94600 153.54201 159.78500 165.23100 168.86400 170.08299 161.48801 159.12700 156.38499 154.75200 156.45900 158.38699 160.95399 163.47600 163.90199 160.42700 163.91600 168.95700 172.79700 176.08099 177.50400 168.67101
-9999 -9999 -9999 -9999 -9999 -9999 -9999 -9999 -9999 -9999 87.11420 86.87420 87.30830 85.85580 82.42830 81.75330 82.22330 79.15250 75.34330 74.72580 72.53000 70.14080 69.03420 -9999 -9999 -9999 -9999 -9999 -9999 63.26830 64.00420 65.53000 67.89170 74.63080 81.11330 88.82830 94.43670 95.13080 97.47750 98.32330 99.00170 98.39580 97.33000 101.69400 106.58200 112.18100 118.80800 128.11301 138.07300 146.74001 152.32300 156.00200 162.24200 166.15601 166.40500 156.51801 153.91701 151.86301 151.64200 151.89700 153.49300 155.29800 155.02299 153.83501 158.04601 159.03700 165.54300 168.75200 173.93100 173.47099 171.76601
-9999 -9999 -9999 -9999 -9999 -9999 -9999 -9999 -9999 -9999 -9999 -9999 78.77250 76.41000 76.39670 68.94170 69.84250 68.64830 67.24750 -9999 -9999 -9999 -9999 -9999 -9999 -9999 -9999 -9999 -9999 -9999 -9999 -9999 -9999 73.59830 82.21670 87.17080 91.32000 92.35170 92.87420 94.20920 95.49830 94.94920 94.12250 97.96670 102.14700 107.15700 113.26100 122.02800 130.72301 138.35100 144.79900 152.35699 156.31599 158.56700 158.76601 150.35600 148.97501 146.44099 145.48300 146.36301 147.55701 150.28600 150.26700 149.67101 152.22800 154.30600 159.13600 164.44501 164.66901 163.95799 161.63600
-9999 -9999 -9999 -9999 -9999 -9999 -9999 -9999 -9999 -9999 -9999 -9999 -9999 -9999 -9999 -9999 -9999 -9999 -9999 -9999 -9999 -9999 -9999 -9999 -9999 -9999 -9999 -9999 -9999 -9999 -9999 -9999 -9999 -9999 81.68580 87.51670 88.26580 90.34750 90.61170 91.54420 92.24000 91.69000 92.58580 94.49080 98.06330 101.85600 109.23100 116.77700 125.70000 133.57001 138.06799 146.12000 150.03900 151.38699 152.18300 148.01401 144.62700 145.42101 142.44501 142.30701 143.17700 144.64900 145.41600 146.21899 147.63901 151.25600 155.75800 158.76300 162.39999 159.15401 157.88100
