data/hydroclimate-scenarios/BCSD_hadcm_B1/monthly_summaries/precip_monthly_tot_jul.2070-2099.asc
ncols	311
nrows	91
xllcenter	102.75
yllcenter	31.75
cellsize	0.5
NODATA_value	-9999
[rows 0 to 30 of 91, columns 210 to 279 of 311]
-9999 -9999 -9999 -9999 -9999 -9999 -9999 -9999 -9999 -9999 -9999 -9999 -9999 -9999 -9999 -9999 -9999 -9999 -9999 -9999 -9999 -9999 -9999 -9999 -9999 -9999 -9999 -9999 -9999 -9999 -9999 -9999 -9999 -9999 -9999 -9999 -9999 -9999 -9999 -9999 -9999 -9999 -9999 -9999 -9999 -9999 -9999 -9999 -9999 -9999 -9999 -9999 -9999 -9999 -9999 -9999 -9999 -9999 -9999 -9999 -9999 -9999 -9999 -9999 -9999 -9999 -9999 -9999 -9999 -9999
-9999 -9999 -9999 -9999 -9999 -9999 -9999 -9999 -9999 -9999 -9999 -9999 -9999 -9999 -9999 -9999 -9999 -9999 -9999 -9999 -9999 -9999 -9999 -9999 -9999 -9999 -9999 -9999 -9999 -9999 -9999 -9999 -9999 -9999 -9999 -9999 -9999 -9999 -9999 -9999 -9999 -9999 -9999 -9999 -9999 -9999 -9999 -9999 -9999 -9999 -9999 -9999 -9999 -9999 -9999 -9999 -9999 -9999 -9999 -9999 -9999 -9999 -9999 -9999 -9999 -9999 -9999 -9999 -9999 -9999
-9999 -9999 -9999 -9999 -9999 -9999 -9999 -9999 -9999 -9999 -9999 -9999 -9999 -9999 -9999 -9999 -9999 -9999 -9999 -9999 -9999 -9999 -9999 -9999 -9999 -9999 -9999 -9999 -9999 -9999 -9999 -9999 -9999 -9999 -9999 -9999 -9999 -9999 -9999 -9999 -9999 -9999 -9999 -9999 -9999 -9999 -9999 -9999 -9999 -9999 -9999 -9999 -9999 -9999 -9999 -9999 -9999 -9999 -9999 -9999 -9999 -9999 -9999 -9999 -9999 -9999 -9999 -9999 -9999 -9999
-9999 -9999 -9999 -9999 -9999 -9999 -9999 -9999 -9999 -9999 -9999 -9999 -9999 -9999 -9999 -9999 -9999 -9999 -9999 -9999 -9999 -9999 -9999 -9999 -9999 -9999 -9999 -9999 -9999 -9999 -9999 -9999 -9999 -9999 -9999 -9999 -9999 -9999 -9999 -9999 -9999 -9999 -9999 -9999 -9999 -9999 -9999 -9999 -9999 -9999 -9999 -9999 -9999 -9999 -9999 -9999 -9999 -9999 -9999 -9999 -9999 -9999 -9999 -9999 -9999 -9999 -9999 -9999 -9999 -9999
-9999 -9999 -9999 -9999 -9999 -9999 -9999 -9999 -9999 -9999 -9999 -9999 -9999 -9999 -9999 -9999 -9999 -9999 -9999 -9999 -9999 -9999 -9999 -9999 -9999 -9999 -9999 -9999 -9999 -9999 -9999 -9999 -9999 -9999 -9999 -9999 -9999 -9999 -9999 -9999 -9999 -9999 -9999 -9999 -9999 -9999 -9999 -9999 -9999 -9999 -9999 -9999 -9999 -9999 -9999 -9999 -9999 -9999 -9999 -9999 -9999 -9999 -9999 -9999 -9999 -9999 -9999 -9999 -9999 -9999
-9999 -9999 -9999 -9999 -9999 -9999 -9999 -9999 -9999 -9999 -9999 -9999 -9999 -9999 -9999 -9999 -9999 -9999 -9999 -9999 -9999 -9999 -9999 -9999 -9999 -9999 -9999 -9999 -9999 -9999 -9999 -9999 -9999 -9999 -9999 -9999 -9999 -9999 -9999 -9999 -9999 -9999 -9999 -9999 -9999 -9999 -9999 -9999 -9999 -9999 -9999 -9999 -9999 -9999 -9999 -9999 -9999 -9999 -9999 -9999 -9999 -9999 -9999 -9999 -9999 -9999 -9999 -9999 -9999 -9999
-9999 -9999 -9999 -9999 -9999 -9999 -9999 -9999 -9999 -9999 -9999 -9999 -9999 -9999 -9999 -9999 -9999 -9999 -9999 -9999 -9999 -9999 -9999 -9999 -9999 -9999 -9999 -9999 -9999 -9999 -9999 -9999 -9999 -9999 -9999 -9999 -9999 -9999 -9999 -9999 -9999 -9999 -9999 -9999 -9999 -9999 -9999 -9999 -9999 -9999 -9999 -9999 -9999 -9999 -9999 -9999 -9999 -9999 -9999 -9999 -9999 -9999 -9999 -9999 -9999 -9999 -9999 -9999 -9999 -9999
-9999 -9999 -9999 -9999 -9999 -9999 -9999 -9999 -9999 -9999 -9999 -9999 -9999 -9999 -9999 -9999 -9999 -9999 -9999 -9999 -9999 -9999 -9999 -9999 -9999 -9999 -9999 -9999 -9999 -9999 -9999 -9999 -9999 -9999 -9999 -9999 -9999 -9999 -9999 -9999 -9999 -9999 -9999 -9999 -9999 -9999 -9999 -9999 -9999 -9999 -9999 -9999 -9999 -9999 -9999 -9999 -9999 -9999 -9999 -9999 -9999 -9999 -9999 -9999 -9999 -9999 -9999 -9999 -9999 -9999
-9999 -9999 -9999 -9999 -9999 -9999 -9999 -9999 -9999 -9999 -9999 -9999 -9999 -9999 -9999 -9999 -9999 -9999 -9999 -9999 -9999 -9999 -9999 -9999 -9999 -9999 -9999 -9999 -9999 -9999 -9999 -9999 -9999 -9999 -9999 -9999 -9999 -9999 -9999 -9999 -9999 -9999 -9999 -9999 -9999 -9999 -9999 -9999 -9999 -9999 -9999 -9999 -9999 -9999 -9999 -9999 -9999 -9999 -9999 -9999 -9999 -9999 -9999 -9999 -9999 -9999 -9999 -9999 -9999 -9999
-9999 -9999 -9999 -9999 -9999 -9999 -9999 -9999 -9999 -9999 -9999 -9999 -9999 -9999 -9999 -9999 -9999 -9999 -9999 -9999 -9999 -9999 -9999 -9999 -9999 -9999 -9999 -9999 -9999 -9999 -9999 -9999 -9999 -9999 -9999 -9999 -9999 -9999 -9999 -9999 -9999 -9999 -9999 -9999 -9999 -9999 -9999 -9999 -9999 -9999 -9999 -9999 -9999 -9999 -9999 -9999 -9999 -9999 -9999 -9999 -9999 -9999 -9999 -9999 -9999 -9999 -9999 -9999 -9999 -9999
-9999 -9999 -9999 -9999 -9999 -9999 -9999 -9999 -9999 -9999 -9999 -9999 -9999 -9999 -9999 -9999 -9999 -9999 -9999 -9999 -9999 -9999 -9999 -9999 -9999 -9999 -9999 -9999 -9999 -9999 -9999 -9999 -9999 -9999 -9999 -9999 -9999 -9999 -9999 -9999 -9999 -9999 -9999 -9999 -9999 -9999 -9999 -9999 -9999 -9999 -9999 -9999 -9999 -9999 -9999 -9999 -9999 -9999 -9999 -9999 -9999 -9999 -9999 -9999 -9999 -9999 -9999 -9999 -9999 -9999
-9999 -9999 -9999 -9999 -9999 -9999 -9999 -9999 -9999 -9999 -9999 -9999 -9999 -9999 -9999 -9999 -9999 -9999 -9999 -9999 -9999 -9999 -9999 -9999 -9999 -9999 -9999 -9999 -9999 -9999 -9999 -9999 -9999 -9999 -9999 -9999 -9999 -9999 -9999 -9999 -9999 -9999 -9999 -9999 -9999 -9999 -9999 -9999 -9999 -9999 -9999 -9999 -9999 -9999 -9999 -9999 -9999 -9999 -9999 -9999 -9999 -9999 -9999 -9999 -9999 -9999 -9999 -9999 -9999 -9999
-9999 -9999 -9999 -9999 -9999 -9999 -9999 -9999 -9999 -9999 -9999 -9999 -9999 -9999 -9999 -9999 -9999 -9999 -9999 -9999 -9999 -9999 -9999 -9999 -9999 -9999 -9999 -9999 -9999 -9999 -9999 -9999 -9999 -9999 -9999 -9999 -9999 -9999 -9999 -9999 -9999 -9999 -9999 -9999 -9999 -9999 -9999 -9999 -9999 -9999 -9999 -9999 -9999 -9999 -9999 -9999 -9999 -9999 -9999 -9999 -9999 -9999 -9999 -9999 -9999 -9999 -9999 -9999 -9999 -9999
21.15580 21.89420 22.78500 23.78500 24.36670 25.87920 26.40080 26.77330 27.13000 -9999 -9999 -9999 -9999 -9999 -9999 -9999 -9999 -9999 -9999 -9999 -9999 -9999 -9999 -9999 -9999 -9999 -9999 -9999 -9999 -9999 -9999 -9999 -9999 -9999 -9999 -9999 -9999 -9999 -9999 -9999 -9999 -9999 -9999 -9999 -9999 -9999 -9999 -9999 -9999 -9999 23.26420 -9999 -9999 -9999 -9999 -9999 -9999 -9999 -9999 -9999 -9999 -9999 -9999 -9999 -9999 -9999 -9999 -9999 -9999 -9999
14.68580 15.11170 17.31750 20.87830 23.38920 26.58670 27.76330 27.65170 28.19580 28.22170 28.78670 30.91500 32.50000 37.03000 39.93750 38.86920 35.53420 35.04830 35.20000 35.07500 33.93750 43.51080 -9999 -9999 -9999 -9999 -9999 -9999 -9999 -9999 -9999 -9999 -9999 -9999 -9999 -9999 -9999 -9999 -9999 -9999 -9999 -9999 -9999 -9999 -9999 29.96920 27.72250 28.96170 33.76830 35.23830 32.87580 26.41750 -9999 -9999 -9999 28.27920 -9999 -9999 -9999 34.53580 37.07670 38.29080 -9999 -9999 -9999 -9999 -9999 -9999 -9999 -9999
16.62250 16.91750 20.85920 24.31920 25.51250 32.05170 34.21920 34.01330 35.14500 40.62170 50.65580 57.78500 61.93170 62.61080 72.80080 63.64080 69.23250 77.09250 88.21670 78.33330 76.23750 61.56330 58.20250 52.82670 49.82330 46.50750 43.55250 38.51920 -9999 -9999 -9999 -9999 -9999 33.89500 32.49500 31.20670 30.45670 29.25580 28.02330 26.80250 26.75170 26.59580 26.27420 26.45170 26.75170 37.44250 36.64750 39.25920 38.44580 42.14670 41.19830 32.27250 32.61000 33.15330 33.52170 34.12750 34.39670 36.06750 37.39420 40.14500 44.17330 49.87580 50.24000 48.65420 45.64170 45.93420 43.37000 -9999 -9999 -9999
37.97500 39.54580 44.18080 46.84750 55.28500 61.07420 70.06670 63.55830 69.63170 90.36750 108.25800 109.99400 102.77400 100.93900 98.91170 79.20580 81.50170 77.04170 96.68330 84.96250 79.08830 64.50000 58.02170 54.91250 53.55580 50.23170 52.04830 46.57830 44.81920 43.06080 42.55580 39.73500 37.16420 34.72670 33.57830 33.39080 34.72000 35.08080 33.83330 32.51920 32.63750 32.92750 32.97080 32.82750 33.26170 33.41330 33.60580 35.09830 34.50830 37.09330 37.33920 38.03420 38.25580 38.96330 38.92920 39.63500 41.13080 41.51830 42.85920 43.46580 44.90000 45.12580 46.13250 46.30920 47.87000 49.03580 50.18580 49.80670 48.65670 46.06670
77.62830 74.57250 83.85420 92.88420 92.79330 102.21200 113.52000 112.06700 117.64100 98.15750 86.11000 85.33000 78.17250 71.85330 70.68080 76.93920 71.09920 64.35580 61.32250 66.15920 62.18000 60.45580 56.69330 53.89500 53.01170 50.08580 48.75920 48.29920 48.83580 49.21580 48.80500 47.23670 44.41670 40.59250 35.57250 35.25500 35.67250 38.36500 38.55170 37.48920 37.85580 37.16500 37.12670 37.46170 37.39670 37.62250 37.95500 38.30420 38.13830 40.83920 41.00500 41.44170 41.54750 42.33500 42.49670 43.06500 43.60670 44.63420 46.03080 46.34080 46.09920 47.73500 47.79670 48.10580 48.73000 52.57500 52.22670 49.18000 48.78500 47.20500
64.23330 75.60250 80.62500 78.52500 77.15580 69.83080 74.62830 81.84500 72.83330 67.33920 71.00920 67.21080 60.36750 62.96830 62.40670 58.85170 51.48420 54.32080 57.44330 55.02000 54.06000 66.03670 62.22500 58.50420 55.88580 52.38500 50.96170 49.26500 49.72330 50.00000 52.59830 51.81000 49.94250 43.23830 36.76580 35.47000 36.77670 38.52750 39.87250 40.13080 40.68250 40.14830 40.48580 40.31080 41.73920 40.37000 40.51170 42.29580 43.13000 44.54500 44.98330 45.07670 45.65920 45.72750 46.50670 46.75670 47.34250 47.74750 47.91830 47.92000 48.89000 49.41170 50.14830 50.22330 50.88830 53.73330 51.49830 49.56670 48.85250 47.11670
70.24250 70.96750 75.41580 75.99500 83.89330 87.84580 76.17830 71.73920 69.23830 60.34670 62.10500 54.96250 52.06170 51.08420 48.07420 47.69830 44.91000 50.34830 55.83830 54.81330 57.38420 60.50670 60.21830 60.60000 58.17000 58.42750 56.98250 53.56420 52.43420 48.87750 48.17750 46.65920 50.36250 44.12000 39.63500 35.74580 37.03750 38.54420 40.10500 40.69920 40.59330 40.60250 42.24170 42.30920 42.54250 44.19580 45.66920 44.33920 44.69830 46.55170 48.25750 48.52170 49.24580 48.07000 48.54500 48.79500 49.26670 48.48830 49.10330 49.13080 50.51580 51.43420 50.69080 50.95830 51.77330 51.85920 49.63330 49.27330 48.97920 46.54500
68.05670 62.96830 65.63500 74.81420 101.34500 109.61300 83.22670 67.02080 58.58250 54.62920 50.73580 44.12330 40.61920 38.60250 37.22000 36.99080 38.98170 46.78500 63.79330 70.35500 71.63250 65.47580 65.54580 65.88420 64.96500 62.49170 61.26750 56.22420 53.97000 51.80250 49.29580 49.19750 50.57920 48.12080 42.06330 40.17000 40.54830 40.57170 41.78170 42.19080 41.69920 41.85420 42.65750 42.63000 44.04080 44.10000 45.58920 46.97500 47.24250 47.30580 48.81670 48.11420 49.91670 49.90080 50.57330 49.58500 49.74250 49.29920 48.05830 48.95580 48.50830 48.45080 47.18500 48.72330 48.88500 46.44080 45.85330 45.66170 43.88500 43.29500
67.14080 67.03000 71.23080 81.94250 75.64250 62.34250 43.52580 40.61580 43.13330 46.97000 54.65750 55.37500 53.09500 48.41750 43.77830 40.97920 39.94170 49.10830 57.28250 65.04830 65.97330 69.76580 67.85670 71.21080 67.62000 69.30580 65.18000 59.60170 55.90670 53.23330 52.29330 52.00420 51.48670 52.54830 48.47080 45.77420 43.20750 42.55920 42.98250 43.12670 42.86670 43.07170 43.55170 44.73500 44.77750 45.67830 45.66670 46.66830 47.97920 48.78920 49.93830 50.70080 51.02580 51.67330 50.26830 49.19250 48.06330 47.26080 45.71250 46.46250 47.05420 46.71170 47.60920 48.36330 47.38920 47.92580 46.62670 45.06580 43.56330 40.89670
92.05420 95.73080 88.43580 73.33580 55.26080 50.49000 54.63670 67.32000 94.00500 129.32100 137.95300 122.44500 105.32600 99.01000 87.90920 70.52750 46.52250 61.93830 68.33830 82.13920 74.00830 78.31830 73.11080 74.72830 70.77920 69.41330 68.04920 63.91580 58.69500 58.50830 57.17250 55.21920 52.53920 51.34250 48.07670 47.73830 48.54250 48.51580 48.03500 48.83250 49.48000 48.52250 48.17920 49.09080 49.17330 48.04920 48.10920 49.18000 50.43670 51.79670 54.67920 54.16250 54.97080 54.04750 52.98500 50.92250 49.95420 49.28830 49.96830 49.54670 47.75580 48.45830 47.83500 48.53170 47.45750 44.72170 43.37000 41.12670 39.57500 42.20170
80.04170 86.76500 84.32000 82.02920 78.22330 87.32670 88.22580 79.31670 98.39500 124.79700 126.88500 120.66800 119.64500 123.07200 120.39500 116.11800 102.54900 102.76300 90.08750 75.96670 67.34330 77.88750 75.16920 75.46750 71.56500 69.78830 69.02420 65.93830 64.55920 64.15170 61.82670 61.92920 60.08000 57.16330 54.19670 54.95170 55.29750 56.61170 57.18580 58.57920 57.72330 57.09080 55.75830 59.84080 60.18000 57.66580 57.85170 58.17920 58.29830 55.57250 54.90830 55.06830 55.74170 54.30920 52.59420 52.79670 52.14830 50.16080 50.85420 49.20330 48.24170 49.28330 48.36920 48.09750 45.23250 44.00420 44.07170 41.75250 40.82750 41.51330
83.43330 82.00830 84.30250 86.28830 90.29250 103.93200 104.84400 92.20170 85.49580 74.26580 81.48580 113.10800 116.69400 124.24800 123.88100 131.93201 131.95599 135.33900 122.80600 111.83800 88.36670 82.78000 75.43580 72.82750 74.35920 73.90000 75.04250 69.62080 67.45000 68.62170 66.72580 66.85000 66.27750 66.15500 64.82580 62.75750 63.53330 62.90750 62.97580 63.60080 64.93330 64.02080 63.31920 67.38920 68.33670 68.64250 70.06580 71.50170 72.40170 71.43580 68.62580 61.92500 58.05580 58.10420 56.50420 54.41250 55.60670 53.83420 52.08170 51.79670 51.30420 48.40920 47.50250 47.01500 48.36500 47.65420 46.52920 41.89670 38.58420 37.41580
87.20250 93.17670 86.57000 84.92250 87.53170 90.17750 91.28920 100.89000 99.99500 111.06600 122.74000 119.15300 111.22200 109.23100 110.69600 117.50200 123.85700 119.78700 96.95420 87.49330 81.25000 80.84580 77.25000 74.66920 72.08250 75.24750 73.28170 69.12500 68.78330 69.48580 69.32920 69.52920 66.52250 66.89080 64.00500 63.33330 62.89250 63.71670 63.74500 63.58750 65.12750 64.35920 66.22500 69.01250 71.63250 70.97580 72.61830 74.88670 75.77920 75.85750 73.45670 69.32920 66.62580 63.81330 60.75080 58.55170 60.70670 61.80670 57.04330 55.13920 53.52920 51.39670 49.45920 48.89080 48.92420 47.05500 44.49080 42.80580 42.27250 38.57080
79.80170 81.79580 89.42000 110.40100 119.08000 121.15300 125.61600 115.43800 164.57100 212.21400 222.71300 222.65199 199.10899 158.78200 158.71400 107.39700 78.56670 75.69080 87.33830 84.43670 84.41670 82.76830 78.97170 76.54420 79.26250 77.80670 75.88920 67.86830 66.68830 64.71170 66.31750 67.12420 66.17830 64.73830 62.72750 61.26420 59.93670 58.10830 58.09830 62.53830 62.80500 65.82250 67.14580 69.28670 70.58000 74.73170 76.34670 79.12170 79.26000 78.57080 80.43920 79.33420 75.03080 72.24830 68.66000 66.46920 63.40080 60.43920 61.63750 58.78170 56.66080 55.30420 52.88080 50.68080 49.20670 47.26420 46.62170 44.14670 41.80670 39.15000
99.05420 129.13901 210.10899 278.37601 272.34601 166.00600 129.67599 133.05600 143.39999 176.55099 171.82500 180.48700 191.22099 167.59100 222.74699 221.38400 219.77699 165.74200 104.32800 78.84670 82.20750 89.63330 86.75750 82.56000 85.24080 83.58420 85.12000 68.46580 67.49500 66.53250 66.16580 67.44250 67.35500 65.62330 63.25920 60.78500 58.48920 61.77830 62.02830 61.51330 62.30080 66.61000 69.98000 70.59750 73.99670 77.81170 78.87080 82.57500 84.56080 87.28170 87.06250 82.53080 80.02170 80.39830 78.29580 75.21580 71.34920 63.91170 65.41750 63.44170 60.04500 56.65500 55.04500 52.46330 50.27500 47.88420 45.34670 44.31920 42.11420 39.96420
160.18800 275.06699 358.13599 319.73099 238.52299 183.78300 147.27000 129.25700 151.24400 219.34200 147.33501 127.67800 121.87000 109.13200 105.31700 107.26000 145.75101 130.01199 157.88200 132.31300 87.63170 106.45300 99.18170 92.96580 95.57830 100.14900 93.22000 72.16580 71.37920 67.15750 66.25420 66.06080 65.99830 62.10170 59.02670 58.33420 59.48920 61.09750 61.52580 61.83580 64.82920 67.18580 68.19580 73.19580 75.62080 80.44170 82.85580 87.50750 89.99580 92.47920 93.64830 92.49670 93.79250 91.12420 90.68250 83.04000 76.09080 72.50500 65.88250 66.15000 63.84250 59.37920 56.36250 53.63830 51.03750 48.63920 47.55580 45.57080 43.52750 41.43920
124.91300 108.13100 110.12800 140.14700 110.44600 169.70599 181.45399 187.83701 238.86700 207.17599 156.75999 102.41800 89.14080 75.49170 79.61830 148.30200 241.33000 205.86301 193.16400 172.76401 154.37300 144.30901 134.13000 118.42600 119.87800 111.57900 103.11500 97.15580 90.17670 84.91750 67.70250 65.94670 64.56580 61.83080 58.83420 57.11250 59.03670 61.57920 62.60250 61.96920 65.79080 66.55330 69.56750 71.41420 76.79580 81.34580 89.47830 90.05830 94.35920 94.27250 94.20250 98.17420 98.45670 98.70080 97.31670 91.47750 86.81500 80.34830 70.47080 69.93000 66.88170 62.14170 58.87330 59.52170 59.95250 58.39170 55.36920 52.21000 48.14750 43.74500
162.94000 112.63000 89.88920 80.80170 70.76080 89.82420 124.07800 119.36300 130.52901 158.59500 174.88000 166.37601 112.35600 84.86920 68.14080 103.43600 136.48399 225.75400 262.48300 233.86800 233.00600 195.64101 175.73000 155.96600 155.18300 133.18401 120.52000 108.39200 98.42170 87.29080 87.37330 86.01250 80.83170 74.53920 68.73830 64.41250 64.76920 65.69250 69.42330 71.68330 70.49580 71.29330 73.01750 76.45580 79.68080 80.66250 88.39000 92.63750 95.31750 96.80670 96.08420 97.14920 95.24500 97.63830 99.20420 99.71580 95.35080 92.53080 82.84170 75.46750 72.93250 65.53750 60.99420 59.14580 57.92420 56.11080 54.44670 51.29830 47.30000 46.47080
