data/hydroclimate-scenarios/BCSD_hadcm_B1/monthly_summaries/precip_monthly_tot_mar.2070-2099.asc
ncols	311
nrows	91
xllcenter	102.75
yllcenter	31.75
cellsize	0.5
NODATA_value	-9999
[rows 32 to 63 of 91, columns 0 to 71 of 311]
-9999 -9999 -9999 -9999 -9999 -9999 -9999 -9999 -9999 -9999 -9999 14.70670 14.95500 15.01670 15.23500 17.23330 17.83250 17.39830 17.77750 18.06500 18.48000 16.76080 15.29830 15.27080 14.10170 14.25670 13.04250 12.85830 12.53830 11.13330 11.15750 11.13670 11.05170 12.01670 12.19330 11.95500 12.22670 13.54830 13.38830 14.43580 14.40500 15.44330 15.08170 14.79000 14.51580 14.67420 14.74170 15.21830 15.39330 14.26420 14.66170 13.64330 14.00170 14.25170 12.67000 12.66500 11.21670 11.37580 11.17670 11.15500 11.41000 9.97667 9.81500 9.77500 9.66917 10.00080 10.32500 10.63830 11.05250 12.75170 13.58580 16.00080
-9999 -9999 -9999 -9999 -9999 -9999 -9999 -9999 -9999 -9999 -9999 15.90420 15.54330 15.29330 15.57580 16.89080 17.53670 17.50750 18.03830 17.85580 18.19330 17.06000 15.54000 15.67920 14.30420 14.38920 14.30500 12.87830 11.26330 11.17920 11.06000 10.92920 10.69500 10.59750 11.86750 11.87580 12.04920 13.51500 14.60170 15.76330 15.62830 16.77330 16.63920 16.38750 17.38420 17.45250 17.66000 16.76080 17.16750 16.26670 16.50830 15.26170 15.57170 14.38830 14.20250 13.03170 12.80170 13.11330 11.58580 11.18500 11.25580 11.42250 11.58920 10.15250 9.83500 10.29000 10.59580 12.48420 13.10670 13.47000 14.01750 16.59830
-9999 -9999 -9999 -9999 -9999 -9999 -9999 -9999 -9999 -9999 -9999 -9999 14.80420 14.92670 15.26830 15.69080 16.12250 17.66330 17.79420 18.60920 18.60670 17.14830 17.31170 15.48500 15.26670 15.27500 13.99920 13.94330 12.20420 10.46580 10.52500 10.42080 10.22080 10.28500 11.36670 11.54330 13.29920 13.16330 14.33420 15.47500 17.04250 16.85580 18.11250 19.00580 18.59000 18.80170 19.24920 18.21830 18.81920 17.66170 16.65420 16.70170 15.62250 15.51580 14.13750 14.29670 14.28500 12.87420 12.42500 12.57250 11.39920 11.49250 11.51920 11.52750 11.26670 11.62330 12.10420 12.53330 14.92670 15.37170 15.95580 18.67170
-9999 -9999 -9999 -9999 -9999 -9999 -9999 -9999 -9999 -9999 -9999 -9999 13.93080 14.25500 15.03000 15.34170 15.49080 15.97500 16.40670 18.31830 17.11420 17.05420 16.66170 15.11580 14.91330 13.60580 13.30330 13.13500 11.52580 10.09000 10.27500 10.07250 9.94667 10.02170 9.87750 11.35250 12.82420 12.97330 14.02250 15.06830 17.10330 18.23330 19.25750 20.18330 21.55420 21.69750 20.73420 20.35500 19.37330 18.99500 17.61830 16.34920 16.52750 15.33420 15.37420 14.26000 13.74580 13.94330 12.40670 12.82920 13.18580 12.95330 13.10830 13.04750 12.60330 11.48170 11.96330 14.19830 15.06000 17.18500 19.68580 20.42250
-9999 -9999 -9999 -9999 -9999 -9999 -9999 -9999 -9999 -9999 -9999 -9999 12.98830 13.10330 13.12750 14.48330 14.89500 15.16580 15.58000 15.68830 15.92670 16.08580 14.88750 14.25250 12.57580 12.55580 11.13080 11.14250 9.77167 9.70583 9.57500 8.47583 9.63417 9.58417 9.87500 11.01580 10.97330 12.41000 13.47670 15.33330 16.66750 19.54830 20.58170 21.54830 22.29580 25.19750 24.48830 22.72420 21.74920 19.03170 17.85920 17.75080 16.16830 16.31080 14.79330 15.14580 13.75920 13.92670 14.10080 14.39920 14.75000 14.91080 13.21170 13.44170 13.17920 13.46250 14.19170 14.85500 17.23420 19.66080 22.16500 25.06830
-9999 -9999 -9999 15.52000 15.15830 14.88670 13.70420 13.66500 13.28080 -9999 13.13500 13.12580 13.25170 12.98420 12.96250 13.01330 13.18330 13.13420 14.50250 14.88580 14.27250 13.98750 13.46420 12.38420 12.31580 10.90920 9.85250 9.74500 9.50583 9.49667 9.63417 8.22000 9.35417 10.48580 10.54000 10.64420 11.92750 12.91000 13.57750 15.14170 16.56670 18.95250 18.84750 21.29330 22.60750 25.83580 25.40250 22.83920 21.91170 20.44250 18.98580 17.72750 17.59080 17.81000 16.44580 16.24580 16.31920 15.27750 15.60420 14.70920 15.04250 15.32420 15.23830 15.62920 15.94080 16.19920 17.06670 17.23420 19.80830 21.93000 26.41420 29.40670
-9999 -9999 -9999 15.54080 13.94330 13.47750 13.62750 13.23420 13.13000 13.17500 12.30000 12.39250 13.28330 12.98170 12.81830 12.70670 12.60500 12.21330 12.18000 12.57920 11.95750 11.99580 11.72500 10.55000 10.78250 9.55000 9.54000 9.66250 9.43333 9.43750 8.13500 8.02333 9.46000 9.28667 10.44750 11.57330 11.34920 12.49420 13.25750 15.86250 17.51500 17.60580 19.19420 20.94670 23.63000 23.89830 24.56670 23.56330 22.39170 20.73580 20.59000 19.01420 18.93420 17.73830 16.41750 16.07830 14.97830 15.25420 15.81330 16.26920 16.64000 16.69580 17.28500 17.67080 18.62500 19.39670 19.30420 19.78670 21.79670 26.31170 31.47000 34.83830
-9999 -9999 -9999 13.47420 12.83580 12.94580 13.65330 13.40250 11.55670 11.32580 11.55500 11.77830 13.02170 12.57420 13.64750 12.49750 12.47830 12.22920 11.13170 11.26920 11.46000 10.42080 10.73920 10.94750 10.71250 9.49250 9.66583 8.40917 8.45667 9.39917 9.42917 9.52917 9.40000 9.23000 10.30500 11.31000 11.38000 12.12500 13.79830 15.29670 15.81330 17.82000 19.99170 20.83580 22.94330 24.09670 24.29080 23.25080 22.83080 20.93580 20.64920 19.17080 17.60420 17.70420 16.02080 16.29750 15.28000 15.52000 16.24000 16.06170 16.43920 16.96330 17.63750 19.46500 21.07330 21.49080 22.08330 24.15330 28.62750 31.43580 36.94500 40.54750
-9999 -9999 -9999 12.63330 11.66250 13.78670 14.31250 13.40830 11.95750 11.34670 11.35670 11.14670 12.33830 12.58420 13.90080 12.56580 12.36670 12.58750 11.28170 10.30170 10.51250 10.87420 11.14830 11.31420 9.92500 8.51500 8.55250 8.43917 9.50500 9.59750 9.57667 6.99500 9.31750 10.40670 11.55330 11.46500 11.10750 10.80330 11.94670 13.49670 15.21750 17.42250 19.99420 21.59920 21.11580 22.13250 23.04420 21.12920 21.14000 21.25250 20.70500 18.89330 16.83170 17.02000 16.05000 16.60830 15.29830 15.53000 17.22580 17.60170 18.21670 18.93670 20.19750 22.68670 23.44000 25.21830 28.05750 30.18500 34.50670 38.27330 42.15670 47.53170
-9999 -9999 -9999 10.70000 10.95250 11.76670 11.75170 11.73170 11.43420 10.84000 9.92167 10.93830 12.14750 13.45830 13.47500 12.51580 12.53000 11.53170 10.29920 9.39167 9.59250 9.74333 9.91500 8.83917 8.74583 7.28250 7.04667 6.93000 8.18833 9.38667 9.18250 9.17083 8.97917 10.15750 10.10250 11.14670 11.07670 10.89000 12.00830 12.33500 13.62330 15.28580 17.38670 17.78580 17.86580 17.88920 18.07580 18.47080 18.41170 18.57420 18.91920 16.73250 16.69830 16.75920 15.90250 16.33750 15.47250 15.65420 17.52670 19.44330 19.98920 20.64580 20.97920 26.51330 29.54830 30.86670 33.57580 36.89000 39.40500 41.86830 47.13250 -9999
-9999 -9999 -9999 -9999 10.49080 11.41830 11.38330 11.73580 11.43830 11.50750 10.12580 11.30830 13.59170 12.38080 -9999 -9999 -9999 -9999 -9999 10.91170 9.93250 8.57583 8.75583 8.37167 8.32667 6.94917 6.90083 6.63917 6.60833 6.60667 7.75000 7.72917 8.98667 8.97417 9.08250 10.19920 10.13500 11.12920 10.88670 11.96330 12.73330 13.89170 13.94250 15.52080 15.48000 15.46920 15.58830 17.18580 16.24670 15.66750 16.05000 16.19330 16.48750 17.05250 17.25670 17.53670 18.03170 16.99670 19.37830 19.91830 20.46750 22.24000 24.78920 29.48330 33.07500 36.26670 37.19500 40.79330 41.44420 -9999 -9999 -9999
-9999 -9999 11.42920 11.59830 10.70830 10.21170 10.39330 11.45580 10.26170 10.30500 10.01920 9.91917 12.36500 -9999 -9999 -9999 -9999 -9999 12.07170 10.03830 8.80667 6.28917 6.18833 7.28750 7.16917 6.99333 5.55167 5.30750 6.33250 6.37583 6.41667 7.51500 7.74750 9.15667 9.09917 9.17000 10.21080 11.41830 11.32080 12.12170 12.28330 12.42830 12.23330 13.35080 12.86830 13.27750 13.72670 14.32000 14.65580 14.36000 14.25420 14.51750 15.05250 15.28420 15.51080 16.00670 16.69420 17.26420 19.42830 18.35420 20.25250 22.22420 26.17920 29.52750 34.16080 38.31580 39.48250 -9999 -9999 -9999 -9999 -9999
-9999 -9999 12.32000 12.17500 10.75250 9.33083 9.66083 11.11250 9.95583 9.11083 10.66670 10.86500 10.67170 -9999 -9999 -9999 -9999 9.19333 9.79083 9.11667 7.96167 6.66333 6.49667 6.23167 6.16917 4.64083 5.56750 5.53083 5.47417 6.32667 6.38000 7.59333 7.63833 8.01667 9.29833 9.44167 10.47670 10.38750 11.67580 12.69500 12.37330 12.12920 12.60830 12.49000 12.44420 12.44330 12.58330 12.89330 12.94750 12.88000 12.76670 13.11750 13.62330 14.24670 14.05580 14.16830 14.75750 16.95920 19.45420 19.73330 20.29000 22.35580 24.61500 30.45670 33.13830 -9999 -9999 -9999 -9999 -9999 51.98170 -9999
-9999 -9999 14.00750 13.63500 12.24830 11.04000 10.06750 10.63920 10.72420 9.53500 11.66500 12.99750 8.95833 -9999 -9999 -9999 -9999 9.79667 9.56250 8.44917 6.72250 5.37500 5.22167 4.88917 4.72167 4.72750 5.77667 5.58750 5.47417 6.44250 6.34083 7.63250 7.55417 9.02250 9.44750 10.49670 10.37420 11.58830 11.54830 11.54750 11.53170 11.39580 11.58420 11.51670 11.67750 12.79000 13.01830 12.60250 12.47670 12.08080 11.18500 12.80170 13.23750 13.76580 13.89330 14.23080 14.84330 16.77920 17.77420 18.44830 19.03250 21.15920 23.14170 25.53420 31.82670 34.52500 35.74250 39.93580 44.01170 -9999 -9999 -9999
-9999 -9999 -9999 15.06500 13.86330 13.29330 11.29080 10.53580 11.43250 12.71750 10.63750 10.74500 -9999 -9999 -9999 -9999 10.33750 10.81250 8.17583 8.50333 6.78833 4.69333 4.65667 4.68083 4.85167 6.13583 6.39417 5.92750 6.83500 7.64250 7.52750 7.38500 7.28917 7.34750 8.84083 8.92417 8.96667 10.25580 10.43830 10.44250 10.55500 10.50580 10.45330 10.48420 10.59250 12.04170 12.02500 11.56670 10.95420 10.46500 10.74500 12.41830 12.94670 13.36830 15.06750 15.65080 16.36330 17.19830 18.05000 18.96830 19.64500 21.52830 23.27580 26.84920 29.27670 30.10080 32.67500 35.99500 37.59500 36.41330 -9999 -9999
-9999 -9999 -9999 -9999 16.19670 14.28580 12.28170 13.76920 15.84580 14.62500 9.91333 -9999 -9999 -9999 -9999 12.07750 12.45500 10.36670 8.51250 7.24000 5.90333 5.34667 4.71583 4.52333 6.28667 5.01250 6.34833 6.24667 6.97083 6.58250 7.52417 7.25583 7.07583 7.33750 8.43250 8.65250 9.11500 9.39417 10.66330 9.64333 10.71750 10.63920 10.73920 10.76580 10.70330 10.87920 10.87670 10.49170 10.14080 10.80920 10.85500 11.43170 12.79580 12.98830 13.48830 14.29250 14.77330 16.85750 18.02830 19.49580 20.23830 21.86670 21.98670 23.74170 26.76250 29.57500 30.56080 31.58920 34.73750 34.14920 37.07830 39.58580
-9999 -9999 -9999 -9999 -9999 -9999 15.07420 15.50170 12.63420 10.60000 7.66250 -9999 -9999 -9999 -9999 -9999 11.86000 9.92500 8.30833 7.87250 7.33083 3.83750 5.08667 6.49833 6.32333 4.97000 4.93417 6.01000 5.84083 6.71667 6.48417 7.40167 7.04417 7.08250 8.40000 7.53250 8.96833 9.40333 9.53583 9.84667 9.75667 10.83580 10.83580 10.89920 10.67750 10.82670 10.54500 10.50500 11.95580 11.92830 11.54170 12.87580 12.65330 12.94750 13.38420 13.79920 14.47580 16.62920 18.01920 19.06750 21.90170 21.91750 23.18750 25.01580 27.01500 27.92250 29.65080 31.85080 32.31500 33.03580 35.32330 38.67500
-9999 -9999 -9999 -9999 -9999 -9999 -9999 -9999 -9999 -9999 -9999 -9999 -9999 -9999 -9999 -9999 -9999 -9999 -9999 9.59333 9.47667 6.51583 6.17583 5.78000 5.92917 5.63500 6.84833 6.60500 6.14250 6.96750 7.02583 6.72083 7.48167 7.41583 7.50250 7.72667 7.72750 9.35417 9.58250 9.74333 9.81083 9.67000 9.60333 9.66500 10.84830 10.85330 10.97580 10.99830 12.68500 13.18920 13.11580 13.76330 12.94670 13.00170 13.21920 14.67000 15.09170 16.03500 17.08500 18.27000 21.17580 21.78420 22.79670 26.76500 29.30170 28.13420 27.69920 28.78420 30.92920 32.42500 37.45750 41.12080
-9999 -9999 -9999 -9999 -9999 -9999 -9999 -9999 -9999 -9999 -9999 -9999 -9999 -9999 -9999 -9999 -9999 -9999 10.53920 10.77920 10.02000 7.35333 7.18167 7.53583 7.26500 6.80250 6.04500 7.14500 5.83917 6.93167 6.75167 7.81750 7.67083 7.75417 7.85500 7.71333 8.06833 8.41000 9.81750 9.68500 9.75083 9.72250 9.68167 9.67000 9.78083 11.07670 10.96250 11.22330 11.36170 13.03080 13.30080 13.98670 13.54920 14.09920 14.20750 14.54080 14.93580 15.37330 16.06830 17.66500 18.69920 20.34330 21.33670 24.03080 26.56170 26.68000 27.29500 26.97420 30.98080 34.56170 37.80580 42.88420
-9999 -9999 -9999 -9999 -9999 -9999 -9999 -9999 -9999 -9999 -9999 -9999 -9999 -9999 -9999 -9999 -9999 11.58920 10.62500 10.69670 8.56417 7.51000 6.80167 7.32417 7.07667 6.85917 6.03833 6.73000 5.87000 7.04417 7.14500 7.13417 8.46250 7.98500 7.78583 8.08250 8.36167 8.53750 8.55083 8.66583 9.76000 9.97167 9.71833 9.69750 9.86000 9.77500 11.16580 10.92920 11.17330 12.42500 12.66580 13.87330 15.34000 15.10920 14.93830 14.44580 14.83250 15.04170 16.22830 17.34750 18.34920 20.58080 24.30080 24.79330 25.13170 25.67080 27.46830 31.44500 32.83670 36.13000 40.68330 43.26500
-9999 -9999 -9999 -9999 -9999 -9999 -9999 -9999 -9999 -9999 -9999 -9999 -9999 -9999 -9999 -9999 -9999 8.99250 9.77417 10.42330 10.17330 9.06417 6.94083 7.16167 6.98250 6.72667 6.38000 5.78250 7.12667 6.83333 7.66083 7.83667 7.87333 7.90250 7.32750 8.54250 8.54083 8.55417 8.68333 8.74833 8.72583 8.96500 8.84500 8.65917 8.77083 8.58583 9.73500 10.66170 10.88500 12.05330 12.39500 13.56920 13.71080 15.74580 15.48920 14.87830 14.52250 14.63830 16.26500 17.61000 19.63080 21.77750 24.01830 25.63250 28.63750 29.53500 29.26670 33.62000 32.56330 34.24670 39.74750 45.89920
-9999 -9999 -9999 -9999 -9999 -9999 -9999 -9999 -9999 -9999 -9999 -9999 -9999 -9999 -9999 -9999 9.68583 10.19500 8.64417 9.04750 7.76333 7.77833 7.48000 7.60167 5.43000 7.05333 6.53917 5.89583 5.60167 7.01750 6.97250 6.84917 6.96000 6.95167 7.69083 7.37750 7.71500 7.76583 8.78333 8.86250 7.30750 8.92833 8.96333 8.94750 8.89917 8.91833 8.83167 9.67917 10.79750 12.09830 12.32500 12.78500 13.71250 13.67080 14.02830 13.99830 14.65500 14.55330 16.07330 18.42420 18.96670 21.38920 24.70750 26.74580 28.71330 30.79670 32.95250 34.39500 33.17580 36.99500 41.74500 46.84420
-9999 -9999 -9999 -9999 -9999 -9999 -9999 -9999 -9999 -9999 -9999 -9999 -9999 7.37417 9.21167 9.76750 9.88833 10.50170 8.48750 6.67083 7.24000 7.82917 8.24583 8.40667 8.06833 5.56583 6.99583 6.35333 6.00583 5.92917 5.73583 7.11750 7.19750 6.86167 6.74833 8.17917 8.01167 7.86750 7.84917 7.93333 7.87083 7.56250 7.74417 7.58917 7.75167 7.75917 9.00333 8.77167 9.72750 10.77170 10.85830 12.55420 12.62170 12.96420 14.64920 14.90830 14.41170 14.17420 15.89080 17.85420 18.19670 19.83170 23.63330 26.05830 28.12580 29.96250 32.26420 35.93000 37.94000 41.44500 46.55000 50.40830
-9999 -9999 -9999 -9999 -9999 -9999 -9999 -9999 -9999 -9999 -9999 -9999 7.59417 7.80500 8.19417 8.37417 8.62000 8.74083 8.99917 5.22500 7.43000 8.10167 8.48167 8.84667 8.49333 5.33500 5.35750 6.40083 6.15083 5.85583 5.94000 5.84000 5.78167 6.93000 7.29167 7.12500 7.02000 6.90583 8.12917 6.67750 7.78750 6.46500 6.33667 6.26833 8.19083 8.18333 7.86167 9.00583 8.68000 9.68500 10.87080 11.20830 12.64920 13.14000 13.75750 15.40000 14.22750 13.84580 16.09500 17.97420 19.56670 20.31420 23.29330 27.90420 31.09080 33.55670 34.91250 37.23170 39.77170 43.70500 47.37500 53.87750
-9999 -9999 -9999 -9999 -9999 -9999 -9999 -9999 -9999 -9999 -9999 11.30830 10.78920 10.93830 9.04750 7.46500 7.73250 8.02333 7.84583 7.90250 8.27333 6.27417 6.27000 8.16000 7.82083 7.52750 7.25083 6.31333 5.95500 6.07000 6.31250 6.01500 6.07667 5.68917 7.26917 7.27750 8.40000 8.35333 7.18250 6.74333 6.70083 6.62667 6.52750 6.59250 6.69750 8.07167 7.74500 7.54083 8.47750 8.36083 9.34083 10.60750 12.26250 12.55750 12.72420 13.05670 13.96170 14.03830 15.04000 17.41830 20.31580 21.93750 26.97170 28.10000 30.78080 34.25330 34.87500 34.25580 36.59830 40.34500 49.68830 58.68080
-9999 -9999 -9999 -9999 -9999 -9999 -9999 -9999 -9999 -9999 13.06920 13.15170 10.85750 11.04250 9.11167 8.84500 8.82500 9.26667 9.25083 9.28917 6.69583 6.20333 6.56917 6.11083 8.22250 7.88917 7.50250 5.42250 4.88333 6.58917 6.31917 6.00667 5.82083 5.92667 7.36333 7.24333 8.75750 8.67167 7.17417 7.05500 6.97667 6.71083 6.79583 6.61167 6.45417 6.37333 7.30417 7.16833 8.25417 8.14167 9.33833 10.24670 10.25500 11.60080 12.03920 12.45080 14.11250 14.64420 15.26170 17.29170 19.07830 21.55250 25.54920 26.88080 30.09420 32.20330 33.64080 34.40000 37.63750 41.71920 47.90420 57.03250
-9999 -9999 -9999 -9999 -9999 -9999 -9999 -9999 -9999 9.48417 10.11670 10.15500 9.98000 10.06420 10.02420 10.29920 7.71583 7.67833 7.65583 7.47417 7.31500 6.91667 6.65750 6.76000 6.19000 6.38833 6.17583 7.92583 7.50000 7.06667 6.40000 6.41417 6.31000 7.48333 8.94833 9.02667 8.78000 8.67000 7.15250 7.17583 5.59333 5.43667 5.30917 6.51500 6.41167 6.12167 5.90167 7.02500 8.13333 8.22583 9.08083 9.91667 11.01330 11.10670 12.76250 12.03000 12.69420 13.45420 14.62170 16.59420 18.48670 21.17500 22.90000 25.37080 25.78670 27.58000 29.42250 33.07330 37.49830 42.43670 46.40000 51.47170
-9999 -9999 -9999 -9999 -9999 -9999 -9999 -9999 -9999 -9999 8.54167 8.41667 7.96167 8.13833 7.65333 8.11750 7.95417 7.71167 7.69417 7.49417 7.28833 6.83083 7.27500 -9999 -9999 -9999 -9999 -9999 -9999 7.20583 6.74083 6.45917 8.04167 7.75417 9.26750 9.03583 9.34167 7.41667 7.56500 7.45583 5.94667 5.79667 5.53083 6.75917 6.56583 6.32917 7.32750 7.15000 8.33833 8.12833 9.32250 10.26500 10.06830 11.57420 12.68080 10.73250 12.97420 13.31580 13.24420 14.73830 16.99250 19.48580 21.91330 23.74500 25.85000 27.10170 29.78830 33.09580 38.67170 43.15330 47.83250 56.32580
-9999 -9999 -9999 -9999 -9999 -9999 -9999 -9999 -9999 -9999 -9999 -9999 8.40917 8.03750 8.20250 5.13750 5.00250 5.22167 5.06167 -9999 -9999 -9999 -9999 -9999 -9999 -9999 -9999 -9999 -9999 -9999 -9999 -9999 -9999 8.20083 9.69500 9.63750 9.76000 7.91250 7.77833 6.22583 6.29917 6.26083 7.35583 7.22583 7.02583 6.80000 7.78500 9.03667 8.70833 10.19330 9.91000 11.23920 11.05670 12.50330 12.39170 11.48000 13.64420 13.73500 14.84330 16.28330 18.79920 21.13330 22.85330 23.34670 25.74170 28.00750 30.78920 35.13420 38.63080 44.85830 49.64750 58.24670
-9999 -9999 -9999 -9999 -9999 -9999 -9999 -9999 -9999 -9999 -9999 -9999 -9999 -9999 -9999 -9999 -9999 -9999 -9999 -9999 -9999 -9999 -9999 -9999 -9999 -9999 -9999 -9999 -9999 -9999 -9999 -9999 -9999 -9999 10.08750 9.88667 8.22583 8.16083 8.05833 6.25833 8.13417 8.26250 8.03583 7.65083 7.51417 8.58083 9.26917 9.14250 10.53670 10.45330 10.46170 11.88330 12.03500 13.46750 13.45750 12.38750 13.72580 15.18670 16.23920 18.06080 20.57830 21.38330 23.88000 25.91830 26.47330 28.10420 31.78420 35.51420 40.36670 44.14330 53.38920 -9999
-9999 -9999 -9999 -9999 -9999 -9999 -9999 -9999 -9999 -9999 -9999 -9999 -9999 -9999 -9999 -9999 -9999 -9999 -9999 -9999 -9999 -9999 -9999 -9999 -9999 -9999 -9999 -9999 -9999 -9999 -9999 -9999 -9999 -9999 8.60250 8.57083 10.13170 8.51583 6.44500 6.46250 8.08833 7.97417 7.78333 9.44500 9.08750 10.00750 9.71583 10.96420 12.11420 12.14750 12.09750 12.13750 12.67920 14.06920 14.03580 12.22750 14.23000 15.66580 16.46330 18.79750 21.15830 22.68420 25.72750 26.28920 27.84750 30.51170 32.16830 36.41330 41.27080 45.88080 -9999 -9999
-9999 -9999 -9999 -9999 -9999 -9999 -9999 -9999 -9999 -9999 -9999 -9999 -9999 -9999 -9999 -9999 -9999 -9999 -9999 -9999 -9999 -9999 -9999 -9999 -9999 -9999 -9999 -9999 -9999 -9999 -9999 -9999 -9999 -9999 -9999 -9999 -9999 -9999 8.63750 8.36000 7.99917 7.98083 9.27500 9.34667 10.27250 10.30000 11.34750 12.79920 12.66830 12.70330 12.21830 12.17330 12.43750 14.21080 14.15670 13.21080 14.12920 15.48580 16.86250 19.49000 22.37830 23.34170 25.68170 26.92670 28.96420 30.38170 33.75330 36.78830 40.06670 -9999 -9999 -9999
