data/hydroclimate-scenarios/BCSD_hadcm_B1/monthly_summaries/precip_monthly_tot_dec.2030-2059.asc
ncols	311
nrows	91
xllcenter	102.75
yllcenter	31.75
cellsize	0.5
NODATA_value	-9999
[rows 0 to 31 of 91, columns 72 to 143 of 311]
-9999 -9999 -9999 -9999 -9999 -9999 -9999 -9999 -9999 -9999 -9999 -9999 -9999 -9999 -9999 -9999 -9999 -9999 -9999 -9999 -9999 -9999 -9999 -9999 -9999 -9999 -9999 -9999 -9999 -9999 -9999 -9999 -9999 -9999 -9999 -9999 -9999 -9999 -9999 -9999 -9999 -9999 -9999 -9999 -9999 -9999 -9999 -9999 -9999 -9999 -9999 -9999 -9999 -9999 -9999 -9999 -9999 -9999 -9999 -9999 -9999 -9999 -9999 -9999 -9999 -9999 -9999 -9999 -9999 -9999 -9999 -9999
-9999 -9999 -9999 -9999 -9999 -9999 -9999 -9999 -9999 -9999 -9999 -9999 -9999 -9999 -9999 -9999 -9999 -9999 -9999 -9999 -9999 -9999 -9999 -9999 -9999 -9999 -9999 -9999 -9999 -9999 -9999 -9999 -9999 -9999 -9999 -9999 -9999 -9999 -9999 -9999 -9999 -9999 -9999 -9999 -9999 -9999 -9999 -9999 -9999 -9999 -9999 -9999 -9999 -9999 -9999 -9999 -9999 -9999 -9999 -9999 -9999 -9999 -9999 -9999 -9999 -9999 -9999 -9999 -9999 -9999 -9999 -9999
-9999 -9999 -9999 -9999 -9999 -9999 -9999 -9999 -9999 -9999 -9999 -9999 -9999 -9999 -9999 -9999 -9999 -9999 -9999 -9999 -9999 -9999 -9999 -9999 -9999 -9999 -9999 -9999 -9999 -9999 -9999 -9999 -9999 -9999 -9999 -9999 -9999 -9999 -9999 -9999 -9999 -9999 -9999 -9999 -9999 -9999 -9999 -9999 -9999 -9999 -9999 -9999 -9999 -9999 -9999 -9999 -9999 -9999 -9999 -9999 -9999 -9999 -9999 -9999 -9999 -9999 -9999 -9999 -9999 -9999 -9999 -9999
-9999 -9999 -9999 -9999 -9999 -9999 -9999 -9999 -9999 -9999 -9999 -9999 -9999 -9999 -9999 -9999 -9999 -9999 -9999 -9999 -9999 -9999 -9999 -9999 -9999 -9999 -9999 -9999 -9999 -9999 -9999 -9999 -9999 -9999 -9999 -9999 -9999 -9999 -9999 -9999 -9999 -9999 -9999 -9999 -9999 -9999 -9999 -9999 -9999 -9999 -9999 -9999 -9999 -9999 -9999 -9999 -9999 -9999 -9999 -9999 -9999 -9999 -9999 -9999 -9999 -9999 -9999 -9999 -9999 -9999 -9999 -9999
-9999 -9999 -9999 -9999 -9999 -9999 -9999 -9999 -9999 -9999 -9999 -9999 -9999 -9999 -9999 -9999 -9999 -9999 -9999 -9999 -9999 -9999 -9999 -9999 -9999 -9999 -9999 -9999 -9999 -9999 -9999 -9999 -9999 -9999 -9999 -9999 -9999 -9999 -9999 -9999 -9999 -9999 -9999 -9999 -9999 -9999 -9999 -9999 -9999 -9999 -9999 -9999 -9999 -9999 -9999 -9999 -9999 -9999 -9999 -9999 -9999 -9999 -9999 -9999 -9999 -9999 -9999 -9999 -9999 -9999 -9999 -9999
-9999 -9999 -9999 -9999 -9999 -9999 -9999 -9999 -9999 -9999 -9999 -9999 -9999 -9999 -9999 -9999 -9999 -9999 -9999 -9999 -9999 -9999 -9999 -9999 -9999 -9999 -9999 -9999 -9999 -9999 -9999 -9999 -9999 -9999 -9999 -9999 -9999 -9999 -9999 -9999 -9999 -9999 -9999 -9999 -9999 -9999 -9999 -9999 -9999 -9999 -9999 -9999 -9999 -9999 -9999 -9999 -9999 -9999 -9999 -9999 -9999 -9999 -9999 -9999 -9999 -9999 -9999 -9999 -9999 -9999 -9999 -9999
-9999 -9999 -9999 -9999 -9999 -9999 -9999 -9999 -9999 -9999 -9999 -9999 -9999 -9999 -9999 -9999 -9999 -9999 -9999 -9999 -9999 -9999 -9999 -9999 -9999 -9999 -9999 -9999 -9999 -9999 -9999 -9999 -9999 -9999 -9999 -9999 -9999 -9999 -9999 -9999 -9999 -9999 -9999 -9999 -9999 -9999 -9999 -9999 -9999 -9999 -9999 -9999 -9999 -9999 -9999 -9999 -9999 -9999 -9999 -9999 -9999 -9999 -9999 -9999 -9999 -9999 -9999 -9999 -9999 -9999 -9999 -9999
-9999 -9999 -9999 -9999 -9999 -9999 -9999 -9999 -9999 -9999 -9999 -9999 -9999 -9999 -9999 -9999 -9999 -9999 -9999 -9999 -9999 -9999 -9999 -9999 -9999 -9999 -9999 -9999 -9999 -9999 -9999 -9999 -9999 -9999 -9999 -9999 -9999 -9999 -9999 -9999 -9999 -9999 -9999 -9999 -9999 -9999 -9999 -9999 -9999 -9999 -9999 -9999 -9999 -9999 -9999 -9999 -9999 -9999 -9999 -9999 -9999 -9999 -9999 -9999 -9999 -9999 -9999 -9999 -9999 -9999 -9999 -9999
-9999 -9999 -9999 -9999 -9999 13.03670 -9999 -9999 -9999 -9999 -9999 -9999 -9999 -9999 -9999 -9999 -9999 -9999 -9999 -9999 -9999 -9999 -9999 -9999 -9999 -9999 -9999 -9999 -9999 -9999 -9999 -9999 -9999 -9999 -9999 -9999 -9999 -9999 -9999 -9999 -9999 -9999 -9999 -9999 -9999 -9999 -9999 -9999 -9999 -9999 -9999 -9999 -9999 -9999 -9999 -9999 -9999 -9999 -9999 -9999 -9999 -9999 -9999 -9999 -9999 -9999 -9999 -9999 -9999 -9999 -9999 -9999
-9999 18.97830 12.70750 12.91080 13.07000 12.90830 15.51170 15.63420 18.37830 18.61170 18.58580 21.26670 21.22750 21.65000 21.55670 21.80170 21.75830 21.80250 21.90830 21.64500 22.13080 -9999 -9999 -9999 -9999 -9999 -9999 -9999 -9999 -9999 -9999 -9999 -9999 -9999 -9999 -9999 -9999 -9999 -9999 -9999 -9999 -9999 -9999 -9999 -9999 -9999 -9999 -9999 -9999 -9999 -9999 -9999 -9999 -9999 -9999 -9999 -9999 -9999 -9999 -9999 -9999 -9999 -9999 -9999 -9999 -9999 -9999 -9999 -9999 -9999 -9999 -9999
-9999 -9999 -9999 13.06580 15.51750 15.77920 15.98670 18.54580 19.05920 18.95330 21.57670 21.76080 21.62830 24.56580 24.73830 24.90580 24.95580 24.89920 24.79170 24.67830 24.08920 -9999 -9999 -9999 -9999 -9999 -9999 -9999 -9999 -9999 -9999 -9999 -9999 -9999 -9999 -9999 -9999 -9999 -9999 -9999 -9999 -9999 -9999 -9999 -9999 -9999 -9999 -9999 -9999 -9999 -9999 -9999 -9999 -9999 -9999 -9999 -9999 -9999 -9999 -9999 -9999 -9999 -9999 -9999 -9999 -9999 -9999 -9999 -9999 -9999 -9999 -9999
14.69170 15.22000 15.18500 15.43330 15.95670 16.29920 18.49080 19.25670 19.36420 22.37830 22.35170 22.46330 25.61170 25.14420 25.30750 25.46920 27.92670 27.29670 27.02250 26.75000 26.66830 23.75000 23.45580 23.18750 22.99750 22.79830 22.81920 -9999 -9999 -9999 -9999 -9999 -9999 -9999 -9999 -9999 -9999 -9999 -9999 -9999 -9999 -9999 -9999 -9999 -9999 -9999 -9999 -9999 -9999 -9999 -9999 -9999 -9999 -9999 -9999 -9999 -9999 -9999 -9999 -9999 -9999 -9999 -9999 -9999 -9999 -9999 -9999 -9999 -9999 -9999 -9999 -9999
14.94420 15.21250 15.27170 15.49170 15.94750 18.35250 18.80670 19.91170 22.09080 22.81250 22.80420 26.02670 25.21920 25.58250 28.52750 28.20920 28.02420 27.96170 27.30170 27.22170 26.76330 26.16330 26.01080 25.37330 25.29000 24.79170 22.33920 21.55000 21.01420 21.05080 20.58080 20.16750 20.19170 17.69170 17.38420 17.08830 16.85330 14.79580 14.82000 15.06750 15.30080 15.36080 -9999 -9999 -9999 -9999 -9999 -9999 -9999 -9999 -9999 -9999 -9999 -9999 -9999 -9999 -9999 -9999 -9999 -9999 -9999 -9999 -9999 -9999 -9999 -9999 -9999 -9999 -9999 -9999 -9999 -9999
14.52830 14.77500 14.92920 14.91250 15.50000 17.81920 18.18420 18.44670 21.70670 22.57580 25.07670 25.62080 28.36420 28.58420 28.90750 28.73830 30.91830 30.35670 29.93080 29.48080 26.58670 26.10250 25.54420 24.86500 24.54750 24.25580 24.16420 23.54580 23.16330 22.59250 22.40080 20.15670 19.87750 19.51500 18.99830 18.87170 18.40080 16.52000 16.16670 16.45080 16.71250 16.96750 17.06670 -9999 -9999 -9999 -9999 -9999 -9999 -9999 -9999 -9999 -9999 -9999 -9999 -9999 -9999 -9999 -9999 -9999 -9999 -9999 -9999 -9999 -9999 -9999 -9999 -9999 -9999 -9999 -9999 -9999
12.20170 12.21170 10.56920 12.69000 12.89250 15.32000 15.63750 16.09920 19.11750 22.30830 22.85750 25.80170 28.74250 29.11250 31.58000 31.92080 31.10080 30.43420 29.73250 29.60080 29.16830 28.27170 27.87170 27.18000 24.32420 26.49830 26.15920 25.17420 22.44170 22.36500 22.15080 21.86920 21.45920 20.90750 20.36080 18.34580 18.25080 17.80500 17.75670 18.05500 18.49250 18.55580 19.05750 -9999 -9999 -9999 -9999 -9999 -9999 -9999 -9999 -9999 -9999 -9999 -9999 -9999 -9999 -9999 23.45670 23.72080 -9999 -9999 -9999 -9999 23.41420 21.59920 21.55920 21.60080 25.79330 26.22170 28.48920 29.16330
11.45170 11.92500 10.06500 12.10830 14.53170 14.98920 15.08330 18.06250 18.74250 21.93920 25.22080 26.58580 29.11330 29.37500 32.08170 31.56580 31.37830 30.72920 32.96750 29.52670 28.92250 28.46170 30.35080 29.46920 28.76000 28.38830 27.96920 27.51750 24.98920 24.64830 24.37750 23.79080 23.46920 22.91920 22.51920 20.27330 19.90170 19.58670 19.51080 19.70580 19.74000 19.96000 20.43420 20.67670 20.83250 21.31170 21.09580 19.15170 19.18250 18.93170 18.70580 18.44000 20.28920 19.97830 19.95750 22.50080 24.41920 24.75670 24.78420 25.15750 -9999 -9999 -9999 -9999 -9999 27.02170 25.58330 25.47500 25.97170 28.44330 28.85000 31.22830
11.09080 11.29670 10.08080 11.97250 14.36000 14.72420 17.28750 17.52580 19.95920 23.55000 24.25170 27.28830 30.43000 31.70250 31.61670 34.54500 33.78080 33.57000 32.03080 31.43420 30.67250 30.27420 29.78580 29.30580 28.86170 28.42920 28.29170 27.81420 27.41580 26.86830 26.09750 25.59080 25.07920 24.87170 22.28500 22.06000 21.67000 21.52420 21.19920 21.30580 21.48670 21.89500 22.15170 22.34330 22.21420 22.54750 22.59830 20.66750 20.24080 22.12750 21.90920 21.70920 19.64080 19.50170 21.39170 20.98830 21.04080 20.88670 24.52250 26.72750 27.35750 26.94670 28.81000 29.38420 29.28500 28.87830 30.93000 29.63500 30.11750 30.76920 33.36580 33.50500
5.20417 12.81500 9.21000 9.56167 11.83250 14.23420 14.45500 19.36330 22.21920 23.05750 25.89080 26.68170 30.44580 33.26330 33.02750 33.22670 33.08000 33.02500 32.13330 30.88000 30.33920 30.26170 32.44000 31.54080 31.01420 30.63580 30.36830 29.70670 29.33670 28.89830 28.19750 28.01250 27.24580 26.76750 24.52080 23.83500 23.40170 23.14580 22.74330 22.42920 22.58920 22.86000 23.11000 23.37000 23.20330 23.51000 23.83250 23.88750 23.52830 23.64500 24.71670 22.68830 24.64500 22.58000 22.72920 22.45830 22.53920 24.42920 24.46750 24.69670 27.03830 29.09420 30.43000 30.23080 32.66500 32.58330 32.21420 32.18080 33.27500 33.54830 33.91920 35.81750
5.05250 8.91333 12.81670 11.19750 13.92000 15.83580 14.37670 16.96500 19.45580 22.47330 24.31420 26.76500 29.72000 30.05080 33.15170 33.64670 32.25580 31.81670 29.03920 28.48170 30.86000 30.65750 32.66750 31.97500 31.66000 33.32420 33.02920 32.42500 31.97420 31.41750 30.76330 29.91580 29.43080 26.72330 25.31920 24.67920 24.43420 22.10250 21.83830 21.98170 22.16500 22.11420 22.17500 21.99330 22.09500 24.23330 24.28500 26.30920 24.40080 24.11420 23.80750 24.03000 25.45920 25.59500 25.44920 27.23580 25.97330 25.64670 26.03580 26.11670 24.90080 24.48250 30.02250 32.03830 33.76080 33.37000 34.25670 34.30750 34.39000 34.81750 37.86330 37.63830
6.10167 6.33750 6.55000 10.50500 12.41830 14.34170 13.16250 13.40750 16.07830 14.58580 17.30500 19.69080 25.08330 27.79750 31.04750 31.71830 31.61000 31.20830 30.85080 30.78920 30.56000 32.28750 32.29500 33.99420 33.72830 33.18330 32.77170 34.71080 33.27670 32.52750 31.87580 29.03250 28.48330 27.92750 25.49580 24.81830 24.61000 23.91170 22.00580 21.65830 23.41000 23.24920 23.11080 22.97670 22.93250 23.52170 25.31830 27.45580 25.54250 25.55170 27.00920 27.16580 29.08330 27.37670 27.25080 27.15920 25.74330 27.60500 29.87000 30.18330 30.70250 29.97250 31.83920 29.33500 35.59580 34.05750 35.84170 36.07670 37.88420 38.63250 43.20000 43.86080
7.45333 6.21750 6.41667 4.88417 9.86833 11.78080 12.01330 14.14670 14.49170 14.97750 13.43670 12.68170 13.05420 20.15170 25.05500 28.22830 30.78830 30.88330 33.24330 32.54000 32.35000 34.02330 34.10580 33.06670 34.53170 34.46750 33.91420 33.73750 33.16250 32.26920 31.74580 31.40670 28.84830 30.14750 27.81580 25.16250 24.59170 24.10500 23.88580 23.45420 23.26000 25.01080 24.69330 24.57250 24.94250 25.30250 27.03750 27.17250 29.04330 29.01330 30.71750 30.93920 31.28920 31.34500 31.23250 31.48250 29.81500 31.81670 30.31670 32.59750 32.84000 33.83580 37.40000 36.72420 37.51500 37.22170 39.23500 38.83670 39.42750 42.10920 47.02500 47.83670
5.46750 4.37833 4.50833 6.09250 6.23917 6.52667 8.36833 10.54080 14.62830 16.88170 17.22500 15.91330 16.37580 15.01250 16.97420 17.51670 19.89670 24.59330 27.07830 29.39080 31.20250 33.14500 33.35080 35.73580 35.40580 37.50500 37.17920 36.58500 33.45420 34.43830 29.72330 29.42500 28.73250 28.25580 27.66580 27.27920 25.11170 26.27080 25.69750 25.63080 25.45670 27.09500 24.94670 25.10670 25.15670 25.20750 27.07580 28.96420 29.12330 28.99920 30.96920 31.63080 31.87000 33.76500 33.71250 32.37330 34.47000 36.09420 34.63080 36.45580 36.99750 39.58080 41.12080 41.70420 40.83250 38.77830 38.36580 40.15580 43.03330 46.01750 48.97500 52.56420
5.62583 4.28500 6.11333 4.53250 4.81333 6.32833 8.40167 8.59250 12.52670 12.75920 14.87750 15.24750 17.92670 19.99670 20.82670 21.69420 19.52670 19.66670 22.15580 24.41330 26.49000 30.84420 33.55920 35.73000 38.14670 37.91000 36.79580 36.24580 35.27750 34.26250 31.55750 29.25420 30.27000 28.09830 29.24920 28.75580 26.48080 24.78750 26.10500 27.73420 27.54250 27.52670 27.24830 25.49000 25.20000 25.40670 26.96500 29.36580 29.15000 29.35830 31.36580 31.21920 31.81080 33.80000 35.47830 37.41750 37.29000 39.40920 41.67170 43.69000 45.50250 44.87420 45.93170 42.99580 44.61750 44.26670 43.83750 43.95000 44.84000 49.97170 53.17830 54.68420
7.03000 7.13167 7.59000 6.07667 6.03167 6.25917 6.50083 8.34083 10.23250 13.98080 10.68750 13.01080 15.35170 13.61250 14.00330 14.51920 25.13080 21.56580 17.18000 19.42080 21.84500 26.10580 34.87080 37.04920 39.27830 38.91330 38.16250 37.34170 36.33330 33.73330 32.95330 32.64420 32.24420 32.00250 31.45670 29.13830 28.77920 26.68670 26.67830 26.58080 27.93000 27.69920 27.43000 29.15000 28.54750 29.01920 29.20750 29.89420 31.58500 32.02170 33.27670 35.53750 38.16580 39.74830 40.11830 41.89250 41.80580 45.74580 46.31080 48.50250 51.51420 48.70500 47.40330 49.75420 48.99500 47.25750 47.64830 47.31670 49.41330 51.45580 55.69500 59.82580
6.94917 7.33667 8.85667 7.58833 9.14333 9.26500 9.56833 9.78917 9.69833 11.55580 11.88330 14.14750 14.40830 14.85170 15.52000 13.46830 16.10830 20.43580 22.73420 22.59920 22.71920 26.85920 28.98170 32.84330 36.73500 38.72000 37.38420 37.30170 36.57750 34.20750 33.89250 35.13420 32.93330 30.83170 30.54920 30.11250 30.06080 28.23920 27.62170 25.87670 25.94500 25.32670 27.24170 30.95920 30.61170 30.28830 30.67750 32.77420 33.05750 33.43080 37.31830 39.44830 40.29580 42.87920 44.94670 45.06500 47.58500 45.90750 50.35420 50.84170 52.86080 53.83670 54.16670 52.66920 51.66830 49.87670 48.71330 47.63670 48.97420 53.40250 59.77420 64.04920
6.89833 7.14167 7.30833 8.82417 8.74583 10.37920 10.58830 10.59750 12.28580 10.85330 10.98830 13.23920 15.27830 15.62170 16.35080 16.99330 17.28500 17.66750 19.85420 21.86170 25.71670 27.30670 29.15000 28.70500 32.53170 35.71750 34.60250 33.99670 33.27500 32.90830 32.87500 34.54920 32.69080 30.92670 28.73580 28.83250 26.86580 28.51920 26.77830 25.27170 26.52670 26.78170 26.74500 26.91250 30.68000 30.07830 32.18920 33.98080 35.83920 36.08830 39.55250 43.53000 44.23500 46.31830 48.68830 49.42420 50.61330 51.50500 51.60920 54.13080 56.75080 55.80580 56.46170 54.96000 54.25420 52.36670 50.75920 49.39920 52.51670 56.59000 61.75330 67.82750
6.87667 7.10417 7.09750 8.54750 8.55333 10.18250 10.18750 11.40920 11.57000 11.85170 12.01170 11.24420 13.08580 17.18330 19.20670 18.23250 18.58250 16.57000 18.80170 20.55580 22.26170 24.06080 27.50330 28.71500 30.44920 31.39500 32.20920 35.07330 32.66830 34.00920 31.95170 32.28000 29.08500 27.66830 28.97920 27.54330 25.97830 25.82920 27.51500 26.05500 25.95250 26.24920 27.96000 30.07580 30.03830 32.03330 34.38670 36.13670 37.98580 40.02920 41.68330 43.95080 45.85000 47.07330 50.10000 52.95330 56.17000 59.27500 61.59670 61.18500 61.44670 59.57580 59.62080 58.87830 57.99670 56.16330 53.91250 55.13750 54.19330 60.01250 65.75000 69.86420
8.14250 6.81000 6.88917 7.05917 9.83833 9.91417 11.40080 11.37500 12.92000 14.49250 15.03830 15.32920 14.29420 16.40420 16.72330 18.90750 19.11420 20.97420 20.85500 19.55750 22.87080 24.44580 25.73000 28.68750 28.38670 27.71920 30.39500 32.90830 33.67500 30.21250 31.48830 30.35000 28.93080 26.37170 27.80170 26.66420 26.65080 25.17170 27.27830 27.08580 26.91920 29.13580 29.36580 31.52670 31.79920 35.40750 37.66750 38.72080 40.79500 45.21080 46.30830 51.62830 55.44170 59.18920 62.78920 65.75170 65.96250 68.10000 66.79830 68.24080 65.23080 65.50920 62.46420 59.34250 60.36330 60.28250 58.28920 59.50750 62.80170 66.65420 71.75170 79.84580
9.37500 8.17417 8.35583 8.28083 8.29083 8.34500 11.24420 11.27170 12.83670 14.52000 14.78170 14.99330 15.65000 15.97330 17.53580 19.84750 21.48250 21.37830 21.54920 23.40500 23.19750 22.96830 25.97670 29.72330 30.59750 29.87420 32.30080 35.95750 33.70170 33.22580 31.71750 30.42170 29.37920 27.99080 26.63170 27.28250 27.32000 26.28170 27.38080 29.04250 30.42750 30.69080 32.55170 34.85170 37.58000 41.74080 44.36920 46.63250 50.39000 54.16250 57.95670 63.18750 65.80830 72.08670 77.29420 80.51750 80.92920 78.49170 75.87420 74.40830 72.09580 67.82750 64.33500 63.09000 61.89830 63.94750 69.75830 69.28580 72.44920 74.85920 80.50750 86.62750
10.64830 9.29750 10.74080 9.71667 9.49417 8.28417 9.67583 11.12080 11.20330 12.76580 12.88170 14.84170 15.07580 16.81000 18.45920 20.25170 20.12750 21.55330 23.33420 24.21080 24.29830 22.59830 25.61670 28.52670 30.05920 27.53920 29.93080 30.77920 30.14330 32.66920 32.56580 31.47580 30.08500 29.01670 27.76080 28.62830 30.82250 28.93170 29.56080 31.56000 34.31330 34.55000 36.16670 39.47000 41.65500 44.43580 46.96670 48.72330 52.50500 -9999 -9999 66.32580 72.29250 78.44500 80.18330 82.58420 83.37080 80.65500 78.10170 75.94670 71.81750 70.04000 66.26670 66.86670 63.69750 62.79330 69.89330 77.01080 79.83580 84.81500 90.76670 93.32080
11.62170 11.77670 10.39920 12.05080 12.40830 10.80670 12.09830 12.32580 12.54500 12.42330 14.17420 15.67170 15.88920 17.78330 18.94420 18.81500 20.17500 23.07580 21.55170 24.98170 26.79580 26.75170 26.78830 25.07670 26.51170 27.93000 28.59500 29.12330 31.55000 31.35080 35.57250 33.76500 32.55080 32.12830 31.11830 31.14500 32.91330 36.43580 -9999 -9999 -9999 -9999 40.53750 -9999 41.21920 42.09170 47.17500 50.72920 56.55330 -9999 -9999 65.20080 69.37000 71.19420 74.15330 76.49250 75.46750 74.66580 72.64170 73.33420 71.98420 70.92500 69.36670 70.12170 65.04580 64.53330 73.80330 79.70170 82.69170 91.83830 98.55920 -9999
12.94580 13.69420 13.40420 13.29170 14.65500 13.34080 14.84580 16.21080 16.02080 16.28080 17.70830 18.03750 18.18500 19.81500 22.80750 21.33830 25.13420 25.67330 25.64920 26.48580 28.15000 28.79500 28.98830 29.28000 29.99920 28.10000 29.06000 29.49670 32.02580 34.86250 36.20170 36.77080 36.72920 35.43000 37.56000 37.59330 -9999 -9999 -9999 -9999 -9999 -9999 -9999 43.97500 44.80500 47.55000 -9999 -9999 -9999 -9999 -9999 65.48170 66.97830 65.98830 68.63920 67.89750 69.13170 70.29580 71.68580 72.60920 73.42000 72.71750 71.74830 72.43750 73.25670 80.06580 78.93420 83.21250 90.78170 -9999 -9999 -9999
