data/hydroclimate-scenarios/BCSD_hadcm_B1/monthly_summaries/precip_monthly_tot_aug.2070-2099.asc
ncols	311
nrows	91
xllcenter	102.75
yllcenter	31.75
cellsize	0.5
NODATA_value	-9999
[rows 0 to 30 of 91, columns 213 to 283 of 311]
-9999 -9999 -9999 -9999 -9999 -9999 -9999 -9999 -9999 -9999 -9999 -9999 -9999 -9999 -9999 -9999 -9999 -9999 -9999 -9999 -9999 -9999 -9999 -9999 -9999 -9999 -9999 -9999 -9999 -9999 -9999 -9999 -9999 -9999 -9999 -9999 -9999 -9999 -9999 -9999 -9999 -9999 -9999 -9999 -9999 -9999 -9999 -9999 -9999 -9999 -9999 -9999 -9999 -9999 -9999 -9999 -9999 -9999 -9999 -9999 -9999 -9999 -9999 -9999 -9999 -9999 -9999 -9999 -9999 -9999 -9999
-9999 -9999 -9999 -9999 -9999 -9999 -9999 -9999 -9999 -9999 -9999 -9999 -9999 -9999 -9999 -9999 -9999 -9999 -9999 -9999 -9999 -9999 -9999 -9999 -9999 -9999 -9999 -9999 -9999 -9999 -9999 -9999 -9999 -9999 -9999 -9999 -9999 -9999 -9999 -9999 -9999 -9999 -9999 -9999 -9999 -9999 -9999 -9999 -9999 -9999 -9999 -9999 -9999 -9999 -9999 -9999 -9999 -9999 -9999 -9999 -9999 -9999 -9999 -9999 -9999 -9999 -9999 -9999 -9999 -9999 -9999
-9999 -9999 -9999 -9999 -9999 -9999 -9999 -9999 -9999 -9999 -9999 -9999 -9999 -9999 -9999 -9999 -9999 -9999 -9999 -9999 -9999 -9999 -9999 -9999 -9999 -9999 -9999 -9999 -9999 -9999 -9999 -9999 -9999 -9999 -9999 -9999 -9999 -9999 -9999 -9999 -9999 -9999 -9999 -9999 -9999 -9999 -9999 -9999 -9999 -9999 -9999 -9999 -9999 -9999 -9999 -9999 -9999 -9999 -9999 -9999 -9999 -9999 -9999 -9999 -9999 -9999 -9999 -9999 -9999 -9999 -9999
-9999 -9999 -9999 -9999 -9999 -9999 -9999 -9999 -9999 -9999 -9999 -9999 -9999 -9999 -9999 -9999 -9999 -9999 -9999 -9999 -9999 -9999 -9999 -9999 -9999 -9999 -9999 -9999 -9999 -9999 -9999 -9999 -9999 -9999 -9999 -9999 -9999 -9999 -9999 -9999 -9999 -9999 -9999 -9999 -9999 -9999 -9999 -9999 -9999 -9999 -9999 -9999 -9999 -9999 -9999 -9999 -9999 -9999 -9999 -9999 -9999 -9999 -9999 -9999 -9999 -9999 -9999 -9999 -9999 -9999 -9999
-9999 -9999 -9999 -9999 -9999 -9999 -9999 -9999 -9999 -9999 -9999 -9999 -9999 -9999 -9999 -9999 -9999 -9999 -9999 -9999 -9999 -9999 -9999 -9999 -9999 -9999 -9999 -9999 -9999 -9999 -9999 -9999 -9999 -9999 -9999 -9999 -9999 -9999 -9999 -9999 -9999 -9999 -9999 -9999 -9999 -9999 -9999 -9999 -9999 -9999 -9999 -9999 -9999 -9999 -9999 -9999 -9999 -9999 -9999 -9999 -9999 -9999 -9999 -9999 -9999 -9999 -9999 -9999 -9999 -9999 -9999
-9999 -9999 -9999 -9999 -9999 -9999 -9999 -9999 -9999 -9999 -9999 -9999 -9999 -9999 -9999 -9999 -9999 -9999 -9999 -9999 -9999 -9999 -9999 -9999 -9999 -9999 -9999 -9999 -9999 -9999 -9999 -9999 -9999 -9999 -9999 -9999 -9999 -9999 -9999 -9999 -9999 -9999 -9999 -9999 -9999 -9999 -9999 -9999 -9999 -9999 -9999 -9999 -9999 -9999 -9999 -9999 -9999 -9999 -9999 -9999 -9999 -9999 -9999 -9999 -9999 -9999 -9999 -9999 -9999 -9999 -9999
-9999 -9999 -9999 -9999 -9999 -9999 -9999 -9999 -9999 -9999 -9999 -9999 -9999 -9999 -9999 -9999 -9999 -9999 -9999 -9999 -9999 -9999 -9999 -9999 -9999 -9999 -9999 -9999 -9999 -9999 -9999 -9999 -9999 -9999 -9999 -9999 -9999 -9999 -9999 -9999 -9999 -9999 -9999 -9999 -9999 -9999 -9999 -9999 -9999 -9999 -9999 -9999 -9999 -9999 -9999 -9999 -9999 -9999 -9999 -9999 -9999 -9999 -9999 -9999 -9999 -9999 -9999 -9999 -9999 -9999 -9999
-9999 -9999 -9999 -9999 -9999 -9999 -9999 -9999 -9999 -9999 -9999 -9999 -9999 -9999 -9999 -9999 -9999 -9999 -9999 -9999 -9999 -9999 -9999 -9999 -9999 -9999 -9999 -9999 -9999 -9999 -9999 -9999 -9999 -9999 -9999 -9999 -9999 -9999 -9999 -9999 -9999 -9999 -9999 -9999 -9999 -9999 -9999 -9999 -9999 -9999 -9999 -9999 -9999 -9999 -9999 -9999 -9999 -9999 -9999 -9999 -9999 -9999 -9999 -9999 -9999 -9999 -9999 -9999 -9999 -9999 -9999
-9999 -9999 -9999 -9999 -9999 -9999 -9999 -9999 -9999 -9999 -9999 -9999 -9999 -9999 -9999 -9999 -9999 -9999 -9999 -9999 -9999 -9999 -9999 -9999 -9999 -9999 -9999 -9999 -9999 -9999 -9999 -9999 -9999 -9999 -9999 -9999 -9999 -9999 -9999 -9999 -9999 -9999 -9999 -9999 -9999 -9999 -9999 -9999 -9999 -9999 -9999 -9999 -9999 -9999 -9999 -9999 -9999 -9999 -9999 -9999 -9999 -9999 -9999 -9999 -9999 -9999 -9999 -9999 -9999 -9999 -9999
-9999 -9999 -9999 -9999 -9999 -9999 -9999 -9999 -9999 -9999 -9999 -9999 -9999 -9999 -9999 -9999 -9999 -9999 -9999 -9999 -9999 -9999 -9999 -9999 -9999 -9999 -9999 -9999 -9999 -9999 -9999 -9999 -9999 -9999 -9999 -9999 -9999 -9999 -9999 -9999 -9999 -9999 -9999 -9999 -9999 -9999 -9999 -9999 -9999 -9999 -9999 -9999 -9999 -9999 -9999 -9999 -9999 -9999 -9999 -9999 -9999 -9999 -9999 -9999 -9999 -9999 -9999 -9999 -9999 -9999 -9999
-9999 -9999 -9999 -9999 -9999 -9999 -9999 -9999 -9999 -9999 -9999 -9999 -9999 -9999 -9999 -9999 -9999 -9999 -9999 -9999 -9999 -9999 -9999 -9999 -9999 -9999 -9999 -9999 -9999 -9999 -9999 -9999 -9999 -9999 -9999 -9999 -9999 -9999 -9999 -9999 -9999 -9999 -9999 -9999 -9999 -9999 -9999 -9999 -9999 -9999 -9999 -9999 -9999 -9999 -9999 -9999 -9999 -9999 -9999 -9999 -9999 -9999 -9999 -9999 -9999 -9999 -9999 -9999 -9999 -9999 -9999
-9999 -9999 -9999 -9999 -9999 -9999 -9999 -9999 -9999 -9999 -9999 -9999 -9999 -9999 -9999 -9999 -9999 -9999 -9999 -9999 -9999 -9999 -9999 -9999 -9999 -9999 -9999 -9999 -9999 -9999 -9999 -9999 -9999 -9999 -9999 -9999 -9999 -9999 -9999 -9999 -9999 -9999 -9999 -9999 -9999 -9999 -9999 -9999 -9999 -9999 -9999 -9999 -9999 -9999 -9999 -9999 -9999 -9999 -9999 -9999 -9999 -9999 -9999 -9999 -9999 -9999 -9999 -9999 -9999 -9999 -9999
-9999 -9999 -9999 -9999 -9999 -9999 -9999 -9999 -9999 -9999 -9999 -9999 -9999 -9999 -9999 -9999 -9999 -9999 -9999 -9999 -9999 -9999 -9999 -9999 -9999 -9999 -9999 -9999 -9999 -9999 -9999 -9999 -9999 -9999 -9999 -9999 -9999 -9999 -9999 -9999 -9999 -9999 -9999 -9999 -9999 -9999 -9999 -9999 -9999 -9999 -9999 -9999 -9999 -9999 -9999 -9999 -9999 -9999 -9999 -9999 -9999 -9999 -9999 -9999 -9999 -9999 -9999 -9999 -9999 -9999 -9999
37.29500 37.44500 37.53750 36.75670 36.31920 36.11000 -9999 -9999 -9999 -9999 -9999 -9999 -9999 -9999 -9999 -9999 -9999 -9999 -9999 -9999 -9999 -9999 -9999 -9999 -9999 -9999 -9999 -9999 -9999 -9999 -9999 -9999 -9999 -9999 -9999 -9999 -9999 -9999 -9999 -9999 -9999 -9999 -9999 -9999 -9999 -9999 -9999 32.70500 -9999 -9999 -9999 -9999 -9999 -9999 -9999 -9999 -9999 -9999 -9999 -9999 -9999 -9999 -9999 -9999 -9999 -9999 -9999 -9999 -9999 -9999 -9999
34.94000 37.82500 39.64000 39.63580 38.99250 39.38500 38.84170 39.33080 41.22580 42.47580 47.67420 51.59670 51.38250 48.79420 48.18580 47.47670 46.96920 44.73580 77.30330 -9999 -9999 -9999 -9999 -9999 -9999 -9999 -9999 -9999 -9999 -9999 -9999 -9999 -9999 -9999 -9999 -9999 -9999 -9999 -9999 -9999 -9999 -9999 32.60920 33.73500 34.02170 32.45080 33.64000 33.68250 35.12750 -9999 -9999 -9999 35.31670 -9999 -9999 -9999 39.13830 41.13420 41.24000 -9999 -9999 -9999 -9999 -9999 -9999 -9999 -9999 -9999 -9999 -9999 -9999
38.52750 39.73580 45.47500 47.01250 46.15920 46.94330 52.19920 62.17330 68.66250 71.69170 72.34250 86.26080 94.50250 113.12100 124.28700 104.65700 94.24920 89.64670 60.86920 55.03750 52.63580 49.16080 49.98170 53.02250 49.15830 -9999 -9999 -9999 -9999 -9999 48.98250 46.85500 45.04830 44.35750 42.56250 39.47750 37.39670 37.58750 38.27500 38.37500 38.45080 38.64330 36.38080 36.50330 36.99920 36.84580 36.88500 36.97580 39.77420 39.86920 40.08330 39.99920 40.11250 39.93420 39.68500 41.40250 41.59750 42.03670 41.98920 43.79080 44.38250 44.05580 44.15000 43.90250 -9999 -9999 -9999 -9999 -9999 -9999 -9999
62.20420 70.50000 75.97670 84.64170 76.76750 82.18500 102.34800 118.56100 118.07800 109.16600 106.58100 98.61670 76.72170 90.94750 87.12920 88.57250 78.77170 74.04250 62.45920 59.55670 55.93580 50.46330 53.21080 52.19170 48.53580 51.82750 55.21080 58.07750 56.58670 54.51670 52.17830 51.06420 49.03330 48.86000 48.08670 45.91830 43.94580 42.52830 41.52580 42.15170 42.48000 42.65830 41.54000 41.63080 42.61170 42.86500 43.09000 43.12670 43.30830 43.52920 43.53170 43.43830 43.68670 43.44250 44.66500 44.55330 44.76170 46.21830 45.79920 46.01830 45.59500 45.32500 45.14250 44.17000 44.69750 44.78580 45.16170 44.18830 44.52830 46.82170 47.19670
110.79500 110.50800 120.09300 130.56799 128.28000 134.66800 112.61200 98.78170 97.15330 83.77580 72.47330 68.76500 71.78170 64.75500 59.27670 57.20500 61.49580 57.94580 71.81500 64.66500 61.08920 57.53920 58.80750 58.21080 51.08080 52.88750 53.66580 53.85250 54.13580 53.17170 53.41500 53.33420 52.49500 52.58920 53.18420 52.15170 48.73080 47.86000 46.79080 46.35000 46.65250 46.98330 47.89580 47.81170 48.12670 48.41830 47.07170 47.21580 47.23080 47.95330 48.01080 48.48080 48.24420 48.30580 48.22000 47.66420 47.75420 48.59830 48.35170 48.28170 47.75830 46.99000 45.48920 46.06420 45.71250 46.24170 46.68000 46.70920 47.10170 48.89670 48.63420
95.18420 91.93000 82.24670 86.19330 91.12420 78.74920 70.71500 74.61080 67.41580 56.71670 59.19580 58.11920 53.62250 47.99000 51.53580 53.95830 51.18580 50.16500 64.85330 61.37250 60.61420 60.05250 62.02250 61.51080 54.44670 54.99830 56.15750 52.50920 52.18670 51.27000 52.90420 53.66670 52.67750 54.67830 55.17750 55.35670 52.81830 52.26920 51.28830 50.42000 50.34500 50.75580 51.02080 51.50830 52.35330 52.69920 53.07000 53.31670 53.65330 52.34920 52.21250 52.46330 52.83830 52.78420 52.01250 51.48500 50.95670 51.41500 51.06250 50.42580 48.28920 47.96580 47.76330 47.59750 47.84670 48.05830 47.66420 47.80080 49.61000 49.10080 50.93000
92.94750 102.08000 104.10500 85.21250 76.14920 71.92670 64.65580 65.80750 58.00000 51.72830 47.10330 45.20420 45.80500 45.02170 50.34000 53.05170 52.40330 54.80750 65.83080 65.04670 62.66000 62.97080 61.25580 60.36000 53.83500 54.97500 57.69670 57.62250 56.33830 51.25170 54.17750 54.53750 54.88080 56.68750 56.40330 56.17830 55.00750 55.88080 54.80000 53.75330 53.87080 54.49000 54.56500 55.08170 55.21670 55.90170 55.64330 56.26670 56.22080 56.39580 54.71920 54.23250 54.10830 53.51250 51.70670 52.43920 51.47330 52.04250 50.68080 49.68750 49.30830 49.01830 48.29170 47.33170 47.21080 47.40250 47.43250 49.14330 48.83080 50.59920 52.52500
85.39670 103.73300 105.75500 83.19170 67.57670 59.51250 56.25420 53.64080 47.49670 43.89500 45.76170 46.47250 46.99920 47.49920 49.21500 58.32670 63.45170 65.89080 66.51000 64.39000 62.85000 59.30750 61.39830 59.52170 53.59830 56.08670 57.94500 57.53500 56.12920 53.81080 52.53830 55.82330 57.63920 57.05000 57.13500 56.76920 56.91500 57.62000 56.62920 57.06580 56.89330 57.60420 57.64830 58.82580 58.82420 58.88920 58.88920 57.67250 58.03830 56.98000 56.97670 55.10500 54.52580 52.37830 51.94920 49.51670 48.97250 48.80080 48.71750 47.25580 50.04500 49.86750 46.15500 47.10330 47.50420 47.74580 48.14580 48.92580 49.33080 51.22580 52.43330
75.65420 64.47500 56.38330 50.27580 49.45250 48.92080 48.84750 53.00750 52.79920 47.03580 45.64420 45.08500 42.76000 42.92420 48.79330 53.80420 59.37580 59.96750 69.55750 68.77920 62.08500 57.00830 54.81080 56.77330 53.38830 56.05330 57.80250 56.34420 56.53580 54.69500 52.45330 55.07080 56.70830 57.53670 57.56830 58.22670 58.48500 58.69750 59.63750 60.09500 59.94670 60.08420 61.10920 61.18830 60.71080 60.95580 61.45170 60.69500 60.59420 58.76500 58.43000 55.57080 55.05500 52.46250 51.00330 49.02420 47.32500 46.75080 45.75750 49.30080 50.01500 48.75920 48.69080 48.37920 48.57830 47.82080 46.33420 48.38080 48.91830 51.10080 52.07170
75.78670 56.82830 50.33670 52.11920 71.97250 96.65080 124.11000 135.24200 111.32900 92.12830 85.87580 77.15500 64.11920 44.56330 58.81000 64.08330 75.12920 67.28920 73.30500 70.00670 63.91330 56.87750 54.05330 54.33000 49.74250 54.68750 52.90420 54.73830 54.24080 56.07750 55.52580 57.28000 57.20670 56.92580 56.20080 57.75500 57.85580 57.93000 60.25250 62.06420 61.57580 63.15670 64.11080 65.06080 65.13750 65.13250 65.36580 65.53250 63.14000 62.05670 59.74670 58.14170 55.69830 52.96080 49.98420 48.09920 47.84920 50.77830 49.47500 48.26580 48.72250 47.25920 43.18420 43.83250 44.22080 44.64580 47.18250 47.89500 48.69170 50.97500 51.07580
88.81500 86.02830 91.66750 90.27750 81.56000 94.89000 115.88300 112.67500 106.73700 105.52300 109.99600 110.40400 108.93500 97.03670 97.48500 83.94250 70.04250 61.38250 75.23170 71.09330 65.17580 56.77750 54.42420 54.40420 51.20920 49.74420 51.09420 51.51330 51.64500 52.64830 53.47580 55.78170 55.62000 55.16920 53.45750 54.47170 54.69580 56.21500 60.05250 61.10170 61.69330 63.20750 65.75920 66.83330 68.15920 69.67420 69.94500 70.16080 67.09580 65.44580 62.24750 58.59170 55.62330 53.03830 50.05670 48.58080 51.09170 49.71250 48.58830 44.30250 43.08830 43.92920 42.73500 42.75420 43.40580 44.44170 45.62000 46.58920 47.65830 49.62420 50.39250
91.08750 92.46830 99.40330 97.05500 86.12250 80.50170 68.25000 68.00500 95.91580 100.67300 112.57200 114.56500 123.01000 125.91700 133.12801 115.88100 100.19300 72.82500 67.43580 71.69330 70.20830 55.21330 51.74000 51.26580 47.57000 47.52580 46.25000 47.34250 47.82580 48.75500 49.40670 50.76000 50.61250 51.21750 51.07170 52.71000 54.30830 55.47670 58.61170 60.98170 62.64670 64.72420 68.30750 69.56750 71.57920 72.18670 71.77420 70.69750 69.55920 66.44580 63.45080 61.07080 57.42750 53.19080 50.83920 48.20920 46.51170 46.10670 45.10000 44.12330 43.18750 41.82670 42.51920 41.97830 41.72670 42.83000 42.83670 44.32580 46.11000 46.81670 49.04670
89.64080 87.89670 88.04920 87.12080 91.77080 88.90080 92.20420 92.65250 87.61580 82.78830 87.59580 96.30170 110.94000 110.32500 98.96920 72.13080 63.70670 62.89670 65.30920 63.45830 61.67500 59.96580 54.79170 56.34080 48.25080 44.99000 44.66080 44.79080 46.50750 50.03420 51.00500 52.77670 52.21580 53.67580 53.18670 54.58500 56.07500 57.58000 60.32080 63.93170 65.42830 66.84500 70.47330 72.02920 73.92580 73.96920 74.50580 72.88920 71.49750 69.63250 65.71170 62.58330 58.81000 54.56000 52.06500 49.05080 47.34000 45.90330 44.67330 43.42830 42.55000 41.37250 40.87170 40.65000 41.42170 41.29330 42.09000 41.45330 42.53000 44.31500 46.45580
126.21000 126.93500 122.32800 114.50600 104.92300 142.13901 165.65601 206.70900 214.98801 180.61501 139.65500 161.47200 98.00580 66.89080 59.19420 61.26080 57.13170 55.90330 61.98920 57.77750 57.63420 58.24250 57.83830 58.26580 50.91420 49.78250 49.64170 48.34500 49.86330 54.37000 57.53250 55.51500 55.43080 55.17920 56.52580 58.24170 58.18920 59.42830 63.15250 66.21500 68.75420 71.45000 72.55500 75.29420 75.93250 76.82420 76.72750 74.87670 73.37420 70.59000 67.57670 64.30250 60.68500 56.73420 51.58920 50.02500 48.42330 46.98500 45.32000 44.54000 42.15750 41.14080 40.72920 40.27080 40.00580 39.96080 40.42250 39.65920 40.18330 41.29080 43.12580
302.83099 318.34100 209.35400 159.42101 158.96899 152.85800 146.30800 159.94901 186.24899 213.30099 184.53700 277.54800 237.80901 193.11000 139.22301 76.87920 52.72250 54.82330 60.79080 60.25500 59.78670 63.38670 61.89330 67.77170 49.08330 47.94000 46.52080 47.97830 49.75750 52.81420 54.40080 53.06000 54.03830 55.51170 53.70250 55.56330 58.55830 61.52330 65.10830 68.43670 70.98920 72.77250 75.02250 77.76580 79.67830 80.03250 79.73750 78.04580 75.32080 72.44080 69.35920 66.92580 63.47420 58.38580 53.76750 51.05750 50.62580 48.00830 46.16170 45.57250 43.24330 42.34920 40.02250 40.03750 38.76170 38.11420 38.35830 37.27330 37.62500 38.93830 40.79500
269.38000 269.55899 257.80200 214.49300 172.61301 158.10800 135.03799 98.95250 85.99670 86.17080 89.55580 90.32250 87.70330 113.52300 102.17300 107.89500 89.76170 58.24830 82.47250 78.42080 72.55830 73.58580 77.50080 70.66670 43.98330 41.48500 43.53000 44.61670 47.69420 52.09580 54.77920 52.90830 53.45000 52.25250 53.69670 55.94750 58.95250 62.66750 66.19420 71.39420 72.62080 74.01750 77.22670 79.45250 83.35000 83.06580 82.28670 79.02500 76.61830 74.80170 72.07920 70.02330 66.51500 62.40170 58.22170 56.14250 52.84750 51.46750 49.09500 45.38420 44.10750 41.83420 39.80420 39.79000 38.19920 35.98420 36.11420 36.25920 36.30670 36.69330 38.67420
148.98500 128.29800 195.68500 238.76100 211.40199 151.76900 113.24900 91.14000 68.40750 65.85670 62.12750 64.46000 132.75000 197.54900 189.19901 167.40700 145.60300 110.22100 111.20600 99.19000 94.47420 111.62300 98.66170 78.15670 66.56500 57.44500 50.80250 38.92420 43.05250 48.30250 49.57420 48.31080 50.18170 49.18250 51.13420 54.09920 57.44250 61.11920 64.65080 69.71000 71.28830 73.81080 76.13750 78.76000 83.82750 84.95170 83.59330 81.54170 77.96500 75.12500 74.33830 72.41920 69.97080 67.93830 64.50080 61.93000 58.55500 54.80080 50.83670 48.49170 46.02080 43.59750 42.71500 40.73000 39.10750 36.25000 35.28750 35.22080 36.38830 37.52250 39.38500
128.96600 105.27800 118.99700 142.33800 122.97900 100.37800 154.46500 200.82300 176.30400 104.49800 78.51830 58.35920 94.89670 149.67200 276.25699 324.56400 281.53400 249.94099 159.53700 143.84500 125.53200 130.23300 112.33800 89.00080 69.23420 59.34330 52.73500 54.72080 53.66500 56.38920 56.12750 53.65250 56.29500 53.73000 54.47420 55.83580 58.81080 60.97330 65.54330 69.76080 67.55170 70.64170 73.20080 78.40420 84.04000 88.74580 84.92170 82.41920 80.91330 78.66420 77.65670 75.94920 73.86170 72.55250 69.97500 68.39250 64.87420 60.35420 54.81330 50.31170 49.04080 46.67500 44.77080 42.17420 39.10250 36.41170 34.39750 35.54670 37.43500 38.70420 40.46330
