data/hydroclimate-scenarios/BCSD_hadcm_B1/monthly_summaries/precip_monthly_tot_jun.2070-2099.asc
ncols	311
nrows	91
xllcenter	102.75
yllcenter	31.75
cellsize	0.5
NODATA_value	-9999
[rows 0 to 31 of 91, columns 0 to 70 of 311]
-9999 -9999 -9999 -9999 -9999 -9999 -9999 -9999 -9999 -9999 -9999 -9999 -9999 -9999 -9999 -9999 -9999 -9999 -9999 -9999 -9999 -9999 -9999 -9999 -9999 -9999 -9999 -9999 -9999 -9999 -9999 -9999 -9999 -9999 -9999 -9999 -9999 -9999 -9999 -9999 -9999 -9999 -9999 -9999 -9999 -9999 -9999 -9999 -9999 -9999 -9999 -9999 -9999 -9999 -9999 -9999 -9999 -9999 -9999 -9999 -9999 -9999 -9999 -9999 -9999 -9999 -9999 -9999 -9999 -9999 -9999
-9999 -9999 -9999 -9999 -9999 -9999 -9999 -9999 -9999 -9999 -9999 -9999 -9999 -9999 -9999 -9999 -9999 -9999 -9999 -9999 -9999 -9999 -9999 -9999 -9999 -9999 -9999 -9999 -9999 -9999 -9999 -9999 -9999 -9999 -9999 -9999 -9999 -9999 -9999 -9999 -9999 -9999 -9999 -9999 -9999 -9999 -9999 -9999 -9999 -9999 -9999 -9999 -9999 -9999 -9999 -9999 -9999 -9999 -9999 -9999 -9999 -9999 -9999 -9999 -9999 -9999 -9999 -9999 -9999 -9999 -9999
-9999 -9999 -9999 -9999 -9999 -9999 -9999 -9999 -9999 -9999 -9999 -9999 -9999 -9999 -9999 -9999 -9999 -9999 -9999 -9999 -9999 -9999 -9999 -9999 -9999 -9999 -9999 -9999 -9999 -9999 -9999 -9999 -9999 -9999 -9999 -9999 -9999 -9999 -9999 -9999 -9999 -9999 -9999 -9999 -9999 -9999 -9999 -9999 -9999 -9999 -9999 -9999 -9999 -9999 -9999 -9999 -9999 -9999 -9999 -9999 -9999 -9999 -9999 -9999 -9999 -9999 -9999 -9999 -9999 -9999 -9999
-9999 -9999 -9999 -9999 -9999 -9999 -9999 -9999 -9999 -9999 -9999 -9999 -9999 -9999 -9999 -9999 -9999 -9999 -9999 -9999 -9999 -9999 -9999 -9999 -9999 -9999 -9999 -9999 -9999 -9999 -9999 -9999 -9999 -9999 -9999 -9999 -9999 -9999 -9999 -9999 -9999 -9999 -9999 -9999 -9999 -9999 -9999 -9999 -9999 -9999 -9999 -9999 -9999 -9999 -9999 -9999 -9999 -9999 -9999 -9999 -9999 -9999 -9999 -9999 -9999 -9999 -9999 -9999 -9999 -9999 -9999
-9999 -9999 -9999 -9999 -9999 -9999 -9999 -9999 -9999 -9999 -9999 -9999 -9999 -9999 -9999 -9999 -9999 -9999 -9999 -9999 -9999 -9999 -9999 -9999 -9999 -9999 -9999 -9999 -9999 -9999 -9999 -9999 -9999 -9999 -9999 -9999 -9999 -9999 -9999 -9999 -9999 -9999 -9999 -9999 -9999 -9999 -9999 -9999 -9999 -9999 -9999 -9999 -9999 -9999 -9999 -9999 -9999 -9999 -9999 -9999 -9999 -9999 -9999 -9999 -9999 -9999 -9999 -9999 -9999 -9999 -9999
-9999 -9999 -9999 -9999 -9999 -9999 -9999 -9999 -9999 -9999 -9999 -9999 -9999 -9999 -9999 -9999 -9999 -9999 -9999 -9999 -9999 -9999 -9999 -9999 -9999 -9999 -9999 -9999 -9999 -9999 -9999 -9999 -9999 -9999 -9999 -9999 -9999 -9999 -9999 -9999 -9999 -9999 -9999 -9999 -9999 -9999 -9999 -9999 -9999 -9999 -9999 -9999 -9999 -9999 -9999 -9999 -9999 -9999 -9999 -9999 -9999 -9999 -9999 -9999 -9999 -9999 -9999 -9999 -9999 -9999 -9999
-9999 -9999 -9999 -9999 -9999 -9999 -9999 -9999 -9999 -9999 -9999 -9999 -9999 -9999 -9999 -9999 -9999 -9999 -9999 -9999 -9999 -9999 -9999 -9999 -9999 -9999 -9999 -9999 -9999 -9999 -9999 -9999 -9999 -9999 -9999 -9999 -9999 -9999 -9999 -9999 -9999 -9999 -9999 -9999 -9999 -9999 -9999 -9999 -9999 -9999 -9999 -9999 -9999 -9999 -9999 -9999 -9999 -9999 -9999 -9999 -9999 -9999 -9999 -9999 -9999 -9999 -9999 -9999 -9999 -9999 -9999
-9999 -9999 -9999 -9999 -9999 -9999 -9999 -9999 -9999 -9999 -9999 -9999 -9999 -9999 -9999 -9999 -9999 -9999 -9999 -9999 -9999 -9999 -9999 -9999 -9999 -9999 -9999 -9999 -9999 -9999 -9999 -9999 -9999 -9999 -9999 -9999 -9999 -9999 -9999 -9999 -9999 -9999 43.84920 44.58500 44.17500 44.31330 44.76420 44.87920 41.01250 40.81830 41.00000 40.64000 -9999 -9999 -9999 -9999 -9999 -9999 -9999 -9999 -9999 -9999 -9999 -9999 -9999 -9999 -9999 -9999 -9999 -9999 -9999
-9999 -9999 -9999 -9999 -9999 -9999 -9999 -9999 -9999 -9999 -9999 -9999 -9999 -9999 -9999 -9999 -9999 -9999 -9999 -9999 -9999 -9999 -9999 -9999 -9999 -9999 -9999 -9999 -9999 -9999 -9999 -9999 -9999 -9999 -9999 -9999 -9999 -9999 45.94830 49.19670 48.83000 46.90080 46.65330 45.77000 45.06580 44.84580 43.47830 43.90420 44.10330 42.33830 40.96580 41.71000 39.83670 41.93330 -9999 -9999 -9999 -9999 -9999 -9999 -9999 -9999 -9999 -9999 -9999 -9999 -9999 -9999 -9999 -9999 -9999
-9999 -9999 -9999 -9999 -9999 -9999 -9999 -9999 -9999 -9999 -9999 -9999 -9999 -9999 -9999 -9999 -9999 -9999 -9999 -9999 -9999 -9999 -9999 -9999 -9999 -9999 -9999 -9999 -9999 -9999 -9999 -9999 -9999 -9999 -9999 -9999 -9999 -9999 -9999 -9999 46.31830 46.29330 47.84000 48.87830 46.76500 47.95920 46.14080 44.38250 44.98000 44.99830 44.85250 42.97000 41.31830 42.78920 -9999 -9999 -9999 -9999 -9999 -9999 -9999 -9999 -9999 -9999 -9999 -9999 -9999 -9999 -9999 -9999 -9999
-9999 -9999 -9999 -9999 -9999 -9999 -9999 -9999 -9999 -9999 -9999 -9999 -9999 -9999 -9999 -9999 -9999 -9999 -9999 -9999 -9999 -9999 -9999 -9999 -9999 -9999 -9999 -9999 -9999 -9999 -9999 -9999 -9999 -9999 -9999 -9999 -9999 -9999 -9999 -9999 -9999 -9999 -9999 -9999 49.68250 50.82920 51.22330 51.53080 50.15830 49.43170 49.01170 50.33080 45.75750 45.69330 -9999 -9999 -9999 -9999 -9999 -9999 36.58920 -9999 -9999 -9999 -9999 -9999 -9999 -9999 -9999 -9999 -9999
-9999 -9999 -9999 -9999 -9999 -9999 -9999 -9999 -9999 -9999 -9999 -9999 -9999 -9999 -9999 -9999 -9999 -9999 -9999 -9999 -9999 -9999 -9999 -9999 -9999 -9999 -9999 -9999 -9999 -9999 -9999 -9999 -9999 -9999 -9999 -9999 -9999 -9999 -9999 -9999 -9999 54.54420 54.52330 56.00500 55.38170 52.04080 54.18670 55.29170 54.13920 52.76500 53.83250 54.25920 49.29000 47.40420 -9999 -9999 -9999 -9999 -9999 38.96580 37.45000 35.92750 36.43830 35.22670 35.37250 35.26000 35.24330 33.85580 33.74250 32.26420 32.54500
-9999 -9999 -9999 -9999 -9999 -9999 -9999 -9999 -9999 -9999 -9999 -9999 -9999 -9999 -9999 -9999 -9999 -9999 -9999 -9999 -9999 -9999 -9999 -9999 -9999 -9999 -9999 -9999 -9999 -9999 -9999 -9999 -9999 -9999 -9999 -9999 -9999 -9999 -9999 -9999 -9999 55.36500 57.29420 56.66330 52.98580 54.20250 53.48330 53.32080 54.76670 54.24170 54.16750 58.23920 56.92170 53.55500 50.14750 49.71420 45.04920 -9999 40.11000 40.44920 38.71420 39.00420 37.94250 39.36500 39.79920 38.82000 36.97500 37.07420 35.62330 35.77080 36.31580
-9999 -9999 -9999 -9999 -9999 -9999 -9999 -9999 -9999 -9999 -9999 -9999 -9999 -9999 -9999 -9999 -9999 -9999 -9999 -9999 -9999 -9999 -9999 -9999 -9999 -9999 -9999 -9999 -9999 -9999 -9999 -9999 -9999 -9999 -9999 51.11830 51.89670 54.03750 54.31670 51.97830 52.57830 52.97000 55.12920 54.81330 54.74750 54.70670 54.44920 55.81330 55.55170 58.50330 60.86580 61.80170 64.68170 60.95330 59.23920 58.70500 52.54920 47.59920 42.89670 41.62830 39.90420 40.32750 40.63750 46.58830 44.22750 39.86330 40.01080 40.57420 39.12580 39.24580 39.63250
-9999 -9999 -9999 -9999 -9999 -9999 -9999 -9999 -9999 -9999 -9999 -9999 -9999 -9999 -9999 -9999 -9999 -9999 -9999 -9999 -9999 -9999 -9999 -9999 -9999 -9999 -9999 -9999 -9999 -9999 -9999 -9999 -9999 -9999 50.19830 53.14330 54.20670 53.10920 54.26000 53.31580 52.34750 52.78420 53.46420 52.85920 54.51830 54.12750 54.39920 57.28250 60.06420 64.35420 66.86420 68.41420 70.96330 72.02170 68.30670 61.71830 54.76580 49.82080 43.72080 42.28000 42.58580 45.39170 45.48330 46.77330 41.68500 40.44250 42.35580 44.33170 48.87580 46.31670 50.14420
-9999 -9999 -9999 -9999 -9999 -9999 -9999 -9999 -9999 -9999 -9999 -9999 -9999 -9999 -9999 -9999 -9999 -9999 -9999 -9999 -9999 -9999 -9999 -9999 -9999 -9999 -9999 -9999 -9999 -9999 -9999 -9999 -9999 49.98830 50.52580 50.92330 51.84170 52.28670 53.04250 50.48750 51.36330 53.63830 53.94000 54.05250 53.78580 55.09920 56.17500 58.86580 66.20920 69.89080 72.34670 77.10420 82.00330 74.12420 66.53250 61.75830 59.12920 49.65250 45.11920 45.12920 46.65000 43.69000 41.02750 39.84920 41.00250 43.44330 45.00500 46.82500 48.86170 47.05330 49.52000
-9999 -9999 -9999 -9999 -9999 -9999 -9999 -9999 -9999 -9999 -9999 -9999 -9999 -9999 -9999 -9999 -9999 -9999 -9999 -9999 -9999 -9999 -9999 -9999 -9999 -9999 -9999 -9999 -9999 -9999 -9999 48.38500 48.88830 50.81080 50.11080 50.47580 51.18500 50.23500 51.07920 49.98170 52.34250 52.93830 53.43330 52.95080 54.10250 56.83500 56.84500 57.67750 63.02250 66.74170 71.69170 73.84250 83.50920 76.36170 69.32080 63.00330 55.37170 51.58330 53.22420 48.60330 45.06830 41.70420 41.89330 38.14250 40.98500 43.84920 44.49000 43.09420 44.52170 50.76830 54.73830
-9999 -9999 -9999 -9999 -9999 -9999 -9999 -9999 -9999 -9999 -9999 -9999 -9999 -9999 -9999 -9999 -9999 -9999 -9999 -9999 -9999 -9999 -9999 -9999 -9999 -9999 -9999 -9999 -9999 46.98830 47.89170 50.59000 50.97670 51.90080 50.92000 50.21580 50.72420 51.32330 52.08330 51.25080 51.95750 53.10830 53.93330 54.89670 55.80330 58.01330 58.86330 61.19080 69.32670 73.29580 76.05080 81.40830 84.73170 75.29250 73.18170 66.64330 58.35500 54.30670 50.14670 44.66750 43.12580 42.92170 42.82500 41.78830 40.62330 42.16670 46.19170 49.38250 51.28420 51.45500 50.11080
-9999 -9999 -9999 -9999 -9999 -9999 -9999 -9999 -9999 -9999 -9999 -9999 -9999 -9999 -9999 -9999 -9999 -9999 -9999 -9999 -9999 -9999 -9999 -9999 51.87580 50.89830 50.65080 48.32670 47.98670 48.70330 50.79500 48.43250 49.43170 49.94920 50.70830 50.50420 51.17580 51.90830 52.64920 51.97000 51.30420 51.91580 54.31420 54.66670 55.43670 57.73000 58.14920 65.33670 71.92920 73.84500 74.21670 81.37000 80.18580 72.20830 67.82750 62.53420 58.07920 54.71920 52.69920 47.50420 43.53170 41.89830 39.48080 39.09250 40.26000 42.90420 42.17580 42.60000 45.27170 48.59670 59.58170
-9999 -9999 -9999 -9999 -9999 -9999 54.26670 52.76250 52.43750 52.33670 51.38420 -9999 -9999 -9999 -9999 -9999 -9999 -9999 -9999 -9999 -9999 50.19420 53.71080 52.75250 51.93250 52.72080 50.62420 50.15750 50.11920 50.00580 48.91580 48.21420 48.44250 49.12170 49.91670 49.08580 49.81000 49.30420 50.05670 49.18670 49.86670 50.75670 52.16500 53.67170 55.30750 58.44500 59.48250 64.19080 70.91750 74.41500 77.56500 81.11920 82.03830 75.58920 66.72670 62.10420 59.65500 56.52250 51.06330 46.72170 45.44750 44.00500 44.88170 45.88250 46.85750 42.07920 40.87250 44.99170 46.65080 46.80580 49.57500
-9999 -9999 -9999 -9999 -9999 55.45170 55.03830 57.16170 54.35420 55.27830 53.51580 55.04250 54.60920 55.17250 -9999 -9999 -9999 51.53000 50.62000 50.69330 50.75000 51.53000 51.71750 51.36670 51.53750 50.01580 49.47830 47.92830 49.65330 49.05750 46.79420 46.07580 45.60830 45.75580 44.83500 46.40500 46.78000 46.26170 46.77080 46.68750 47.37250 47.97250 48.97330 51.09080 53.28580 56.49920 62.93170 69.33000 73.63670 77.39500 80.01000 81.07500 77.75000 72.17580 68.60580 66.44000 64.51500 58.21000 51.61170 49.82750 47.19170 48.01500 47.77580 44.52250 49.06920 52.91670 52.10330 52.22750 49.71170 51.61170 52.98670
-9999 57.38080 57.78670 56.44500 57.52670 57.22830 57.39000 56.82080 56.33670 54.82250 55.57250 56.46420 56.82580 54.79830 54.19420 52.36830 49.45750 51.78000 51.02830 49.48500 49.41330 49.58000 49.70670 49.28170 48.61080 49.40000 49.17920 47.71670 47.80500 47.40580 44.62670 43.63330 42.99580 43.76830 43.97920 44.42500 44.04000 45.30750 44.59250 43.65000 44.45500 45.38580 46.53830 48.67920 50.78580 54.62330 61.41670 66.25250 72.70750 74.82250 78.11330 82.07420 80.61580 79.80670 77.24330 73.68670 67.67580 58.24920 56.91750 53.85420 49.89830 50.39330 52.68170 50.89920 53.71420 53.67170 50.06580 54.04170 51.75250 56.36250 61.17750
-9999 60.05580 57.74000 57.67830 56.47670 57.16670 56.21420 55.84080 55.12330 55.71250 55.46000 55.89500 56.83500 55.73420 54.90670 54.24250 53.27920 52.69750 52.22080 50.55670 51.81250 51.98580 50.30670 48.35830 48.20250 47.56080 46.66580 47.07580 47.00750 45.75170 44.51330 42.25830 42.53170 41.97750 42.02330 42.64580 41.64330 42.14580 43.12500 43.20830 43.37170 44.28670 45.06330 46.21000 48.74750 51.23250 55.21920 61.36500 67.86000 74.25420 74.94080 80.51830 80.55250 86.38080 84.99500 77.01170 71.35080 65.68920 61.43420 59.56080 55.31580 55.90420 55.18330 52.28420 53.96750 54.98580 56.17420 54.48920 55.61330 57.08250 57.95670
-9999 -9999 -9999 62.15000 61.27330 58.48580 57.87250 56.69420 56.04920 54.06170 54.57750 53.26670 53.81080 53.19580 53.02920 52.38330 51.85330 50.30000 50.40670 50.36420 51.04420 51.40420 49.89830 49.05170 47.91920 46.36750 45.25670 44.89080 43.64830 43.15170 41.87250 41.05500 41.20750 40.02080 40.58750 39.50250 41.16250 40.62670 40.76170 41.29330 41.59580 42.69330 44.41830 45.85580 47.04580 49.40580 53.46080 60.42000 64.59920 69.25670 74.46420 79.12750 82.60580 85.24920 81.02830 80.51170 74.30500 69.21750 67.18250 63.08420 57.63830 59.00420 58.23330 57.08500 55.25580 54.91330 53.66170 56.94420 58.31330 61.05250 61.54080
-9999 -9999 -9999 -9999 -9999 -9999 57.93080 57.29500 55.89330 54.01830 53.31920 53.49000 51.88250 51.10920 50.51920 50.76500 49.94750 49.27000 48.21000 49.19420 48.81920 48.76670 48.87670 47.87830 46.90170 47.29920 45.05830 43.39750 43.22420 42.58830 41.18500 41.50170 40.35420 40.37080 39.50000 38.93920 39.96000 39.59080 40.76670 41.21170 43.24330 42.68000 44.78420 44.73420 47.11500 49.76670 51.40670 61.13500 64.07750 70.97580 77.23330 84.44250 84.73830 77.52250 80.13670 79.85920 75.34580 74.88250 74.71330 67.89080 66.80000 64.64000 63.21250 62.34080 58.95920 60.11420 55.85830 59.03250 62.46330 63.63920 63.94920
-9999 -9999 -9999 -9999 -9999 -9999 57.66330 57.13170 55.02750 55.26420 54.52330 53.58500 52.00000 50.17500 50.63330 50.75250 50.19750 49.79080 49.83250 50.39250 49.88750 50.21330 50.00830 49.03920 48.14920 46.36330 44.40000 43.87750 43.58420 43.28670 43.14000 41.87250 40.80670 40.95750 40.70170 39.87000 38.93580 38.91580 39.52080 42.20580 42.97830 43.98670 45.72080 47.06920 48.58920 49.89920 51.89080 54.54250 58.60920 62.85580 68.91830 71.41000 72.87170 73.89170 73.95250 68.75920 67.94750 70.18750 66.07330 66.40580 70.49420 67.00500 64.68750 61.27580 61.64580 57.11420 58.59750 59.13580 60.48000 62.79000 67.33330
-9999 -9999 -9999 -9999 -9999 -9999 -9999 -9999 -9999 -9999 52.35670 53.33080 52.95750 49.09000 49.37000 51.18830 50.83420 50.46420 49.79330 48.96580 49.04830 49.97000 49.46080 49.61080 49.05750 49.28080 47.73500 44.61750 44.53000 44.80000 43.67670 43.73920 42.34500 42.40000 41.35500 39.85420 40.04500 39.19670 39.23330 41.26170 43.04920 45.19830 45.99920 48.58670 48.99920 50.16250 52.78750 54.04500 54.99670 57.59670 57.09750 57.52170 57.95670 56.45580 54.75420 53.99580 53.92250 54.16580 53.55830 53.58750 51.83500 53.31250 52.33170 54.21250 54.84750 52.36830 53.92580 56.60580 60.62170 62.24170 66.62420
-9999 -9999 -9999 -9999 -9999 -9999 -9999 -9999 -9999 -9999 49.34250 50.28000 51.61420 48.98170 49.89330 51.81080 51.16580 50.40420 51.23000 50.45830 50.38500 50.17920 50.33250 50.94920 50.11750 48.48830 46.83420 46.15670 45.10080 45.18750 44.04250 44.02330 44.24080 42.68250 43.87750 42.68580 42.24750 42.36420 43.33000 44.98830 45.99920 47.75420 48.74670 50.47920 51.34670 53.71830 54.74000 55.14500 56.07670 56.73330 55.24670 55.50500 54.58420 52.98250 50.37080 50.77170 49.47920 48.52170 47.70420 48.41920 46.75580 46.08170 44.18580 44.20330 43.00750 44.16170 47.80330 50.22170 53.96580 61.97750 66.95330
-9999 -9999 -9999 -9999 -9999 -9999 -9999 -9999 -9999 -9999 -9999 -9999 49.71170 52.42750 52.37170 52.28500 49.58250 47.84580 49.22670 49.47670 48.67420 50.29670 49.78920 50.14920 49.52920 47.86080 47.31080 47.92080 47.43670 45.58830 44.44330 45.29500 45.43580 45.31670 45.10420 44.69170 44.77330 46.01750 46.67750 48.63670 48.83170 50.02920 52.36920 53.33250 53.49920 54.01750 56.15080 55.87670 57.74250 56.73580 56.69670 56.67670 54.55830 53.27830 49.88000 48.61580 47.52080 48.71080 48.28170 47.74170 47.22250 45.29250 44.37080 43.25830 42.60920 43.46170 45.90080 48.46920 52.13000 58.02670 67.28420
-9999 -9999 -9999 -9999 -9999 -9999 -9999 -9999 -9999 -9999 -9999 -9999 49.33250 50.33500 51.01750 50.47920 48.95000 48.24670 50.27920 49.67670 49.43830 51.61000 51.61000 49.77750 51.59500 50.14330 49.77920 48.26920 48.76420 46.90670 45.68830 46.91670 46.69080 47.45580 48.61250 47.20420 47.83000 51.64000 51.01250 51.51000 51.98580 52.81750 53.89830 54.78080 54.93330 56.99170 57.22750 57.98000 58.37920 59.40080 59.94000 57.68580 54.82750 52.66500 49.09580 48.33420 48.47750 48.73920 49.27250 47.71170 46.74830 46.36500 44.82500 44.01920 44.04920 44.78750 46.23580 49.22250 54.13080 60.89670 65.50750
-9999 -9999 -9999 -9999 -9999 -9999 -9999 -9999 -9999 -9999 -9999 47.67420 48.71580 47.16830 46.97080 50.70170 51.66000 50.56750 50.81080 51.31170 48.27420 52.58080 52.40330 53.06420 54.10170 54.34920 53.99330 53.67080 50.86080 49.77750 48.23250 47.95750 49.16830 48.83750 49.49330 48.27830 49.76000 53.31170 54.89750 58.05330 59.18330 60.00580 61.09250 61.43250 60.42920 58.18830 58.64750 59.05670 60.40580 61.08250 60.73580 58.76080 56.66750 54.40580 49.71750 49.85500 50.06330 50.32500 49.86080 49.51000 47.76250 47.28500 46.79830 46.10500 45.24830 46.01170 48.71920 53.36170 57.60580 64.01080 70.42920
-9999 -9999 -9999 -9999 -9999 -9999 -9999 -9999 -9999 -9999 -9999 46.18420 45.91830 46.94580 46.94420 49.92920 50.35080 50.24000 50.90830 50.59500 50.61170 53.22920 54.35670 54.43170 55.06170 55.93250 56.69250 56.73080 54.70080 55.26080 53.26000 52.59500 52.25830 52.14750 52.87330 51.38830 52.97170 56.31670 59.32580 60.28500 61.95750 63.52170 64.80000 65.25420 64.63750 63.28750 62.67750 62.94170 63.51170 61.90250 61.55750 59.96500 58.54170 57.41420 54.87250 53.93420 53.97670 52.72250 51.22670 51.45580 49.35330 49.37170 47.26080 47.36080 46.37750 47.01750 50.92670 53.88420 60.57580 66.94000 67.78250
