data/hydroclimate-scenarios/BCSD_hadcm_B1/monthly_summaries/precip_monthly_tot_dec.2070-2099.asc
ncols	311
nrows	91
xllcenter	102.75
yllcenter	31.75
cellsize	0.5
NODATA_value	-9999
[rows 32 to 63 of 91, columns 0 to 71 of 311]
-9999 -9999 -9999 -9999 -9999 -9999 -9999 -9999 -9999 -9999 -9999 29.65080 29.90250 30.27000 31.16170 31.85170 35.76670 34.79580 37.85670 41.94080 41.62670 39.64500 39.04250 36.87750 35.34500 35.57000 32.31170 32.07420 29.71750 28.08170 27.76170 26.21750 25.99080 27.58580 27.67920 27.66580 30.44420 30.72330 29.01920 28.93080 29.12330 28.97330 28.71750 28.44830 26.77670 26.61330 26.44670 26.25000 25.94580 25.93830 24.29500 24.14420 22.57920 22.66170 22.65420 22.26750 20.85830 20.98250 20.85750 20.46920 18.83420 18.77000 18.61830 18.50500 18.29080 18.58830 18.78170 17.15830 15.72330 15.80420 15.89750 14.35000
-9999 -9999 -9999 -9999 -9999 -9999 -9999 -9999 -9999 -9999 -9999 31.15420 32.06000 31.34170 31.52420 33.27170 34.40670 37.67250 40.42580 41.03000 40.75080 40.64000 39.55250 37.15830 34.62000 32.72500 30.96330 29.02170 28.86830 27.57080 25.84920 25.35250 25.28250 25.33080 26.85000 27.33170 29.84920 30.18080 28.67330 28.59330 30.35000 28.92920 30.36080 30.01750 29.80170 28.00500 27.95580 27.94000 27.84830 26.25500 25.99170 26.04830 24.44500 24.36420 24.42750 23.97580 22.26250 22.43330 22.25000 20.44250 20.45920 20.22580 20.08170 20.00250 19.99670 20.13080 20.54000 18.77250 18.76500 17.25580 18.88920 17.32920
-9999 -9999 -9999 -9999 -9999 -9999 -9999 -9999 -9999 -9999 -9999 -9999 32.07750 31.53080 32.08170 34.97420 36.85920 38.29580 41.12250 41.88500 41.82080 40.83830 38.65080 36.13830 33.28330 29.88330 28.04920 25.19080 24.93250 25.06000 25.26000 25.22080 25.18500 25.16750 24.85420 25.19580 28.01580 28.65250 28.68920 28.99750 29.03420 30.25920 30.42000 31.27920 30.57920 30.80670 30.84330 30.45500 29.13250 29.06920 27.67500 26.04500 26.25580 25.55080 23.85080 23.87580 24.01920 23.88000 21.82830 21.65000 21.47170 21.50250 21.02420 21.14920 20.95830 20.99170 21.00420 19.66920 18.12830 18.20000 21.13750 20.84170
-9999 -9999 -9999 -9999 -9999 -9999 -9999 -9999 -9999 -9999 -9999 -9999 30.12920 31.86080 33.60670 34.19330 36.59670 38.51500 40.17830 41.24830 41.40330 39.49330 36.49170 32.65580 28.87000 26.75420 24.72920 21.86000 22.26580 21.58580 21.94080 22.13170 21.86830 23.35420 23.56330 25.45670 26.16920 28.56170 28.47080 27.64670 30.00330 29.62500 30.62830 31.71580 32.42000 34.10670 34.54250 31.60670 30.36670 28.31670 26.78670 26.86670 25.08670 25.12420 25.27920 25.13000 24.83420 24.93830 23.06000 22.97080 22.25920 20.75080 20.44250 19.81670 19.34830 20.35170 20.40080 20.65170 19.44830 20.58080 20.67420 21.92420
-9999 -9999 -9999 -9999 -9999 -9999 -9999 -9999 -9999 -9999 -9999 -9999 31.92420 31.82750 30.77750 33.71830 35.96170 35.92080 38.20420 40.30750 43.12000 38.89000 35.41830 30.57920 26.40250 23.51000 21.52580 20.36750 19.90000 20.96330 20.10000 20.47420 20.46250 20.80920 22.28250 24.31750 24.54330 25.82750 27.04670 26.64830 26.44750 26.75250 29.64580 30.19750 32.45080 34.27080 33.93420 31.00580 29.43330 29.46420 28.09500 26.67420 26.42500 25.20080 24.89580 25.27500 25.22000 25.20750 23.15080 22.74500 21.93920 20.13500 19.50170 20.11420 19.54080 19.42000 19.52420 20.85670 20.96080 22.18420 23.28830 24.18500
-9999 -9999 -9999 30.77330 30.11500 29.88920 31.43170 31.56420 30.75000 -9999 32.13420 32.56750 31.97920 30.72830 30.98670 30.36580 31.97330 31.94920 32.66420 34.04000 35.26330 33.13500 29.64250 27.14920 23.84580 22.53750 21.36670 17.93420 17.60170 16.02500 18.09080 18.24080 17.87250 16.38420 19.37330 21.28830 20.80330 21.86250 23.69580 24.60170 25.86830 25.57920 26.75670 29.17000 30.17250 32.17420 30.80580 30.88250 29.36500 27.84330 25.93080 24.41080 23.12920 21.67580 23.22080 22.16670 20.67580 23.95420 21.81500 22.36170 21.76080 20.96580 20.25250 19.65420 20.51080 20.18670 20.11080 21.17420 22.48750 23.25330 24.27000 24.12920
-9999 -9999 -9999 29.71670 28.99420 28.26580 29.13080 29.23080 30.82000 31.25330 34.02420 34.64330 32.25500 30.46080 28.35920 27.40670 27.54000 26.22670 25.86250 26.60330 27.31750 26.14000 25.42500 25.35500 22.16830 21.37580 19.50830 17.62080 15.55000 15.32500 16.16420 13.90750 13.45920 13.37670 14.84670 15.83920 16.89750 16.63750 19.59000 19.39920 21.05170 23.97830 25.32830 26.25250 27.42420 26.59080 27.75580 29.68920 26.43250 24.80330 23.21580 21.65420 21.71330 20.33420 22.03920 20.81080 22.49170 22.63080 20.14500 20.93250 19.98080 20.37670 19.69920 20.14750 19.92500 20.79250 21.87500 22.74500 23.63250 24.65250 25.61580 26.69000
-9999 -9999 -9999 25.29830 23.37920 23.94250 27.95250 28.33000 28.28500 28.32670 29.84830 30.68670 29.18580 27.33920 26.08000 25.51920 24.57000 23.85750 23.75420 24.22750 23.26080 22.00580 21.58500 21.03330 18.50920 17.54920 16.47750 14.70250 14.17420 11.40670 8.79917 8.72917 9.94167 11.82000 11.63330 12.64330 15.34000 16.10920 17.79580 17.96830 19.41420 20.91500 24.02750 25.65420 27.31170 26.64670 27.72670 26.00670 25.56000 22.23500 20.48170 21.59000 19.98920 19.96420 19.80420 20.17670 22.08830 22.37170 21.25080 20.16920 20.51830 19.43250 20.37500 19.64920 20.55830 21.65420 23.20170 23.95500 23.94170 26.27670 27.70500 30.04170
-9999 -9999 -9999 24.14170 23.88000 26.53170 33.75750 31.07670 28.72170 28.70830 29.10500 28.73670 27.15670 26.03830 24.73750 23.44920 21.62830 21.11080 20.73670 20.39420 18.49500 15.99250 14.59670 14.97330 14.98080 15.48170 14.09580 13.19580 9.41083 6.97583 7.26500 8.54417 8.62750 7.09583 8.60833 11.06250 12.01750 15.04330 14.75920 16.40170 18.12330 18.35830 18.57580 22.03250 25.95250 24.94830 23.65830 25.21750 23.45330 23.12000 19.06250 20.30170 18.35830 18.06250 18.05830 18.15500 19.37000 19.65500 18.83250 17.84920 17.36920 19.04330 20.14080 20.80670 21.47580 23.42000 25.60750 27.31500 27.01670 29.81580 35.18670 39.47830
-9999 -9999 -9999 21.56580 23.42080 25.31830 24.94250 25.73830 26.86420 26.41000 27.97500 26.68830 24.69750 23.90670 21.69080 22.01080 20.83420 19.64330 19.33750 18.37420 15.90000 13.49420 12.48000 13.77080 12.88580 13.03670 13.15920 10.63000 8.09167 6.83417 5.59417 5.50250 5.62750 6.85500 8.43333 9.93667 11.07080 12.18250 13.83580 15.36500 15.61170 15.75420 17.10830 17.21580 19.89750 19.95670 21.88080 21.96080 19.99580 19.68000 17.63170 18.65170 16.40830 14.74420 17.55580 15.78670 17.41330 18.79170 18.03080 15.87420 16.78420 17.49080 19.28420 20.37920 21.29080 25.60580 28.34080 29.26000 32.25750 36.50000 41.38830 -9999
-9999 -9999 -9999 -9999 21.22250 22.66920 22.85580 23.71670 25.03000 26.11750 27.39830 26.11000 22.57830 23.11750 -9999 -9999 -9999 -9999 -9999 12.23750 11.20420 9.95917 8.49917 7.15333 7.53000 8.84250 10.34830 9.27083 6.52167 6.72417 5.47417 5.64917 5.49083 7.12833 10.30080 10.17330 11.18750 12.54080 12.32830 14.07330 15.22580 15.85420 15.55830 14.48830 16.73000 17.08750 18.83170 17.20750 18.33500 17.99330 17.17920 15.28750 16.36330 14.62580 14.49420 14.45750 14.40500 15.79080 15.02330 15.63750 16.24330 15.97170 18.99580 20.58750 23.22580 25.38330 29.88170 36.17000 41.28830 -9999 -9999 -9999
-9999 -9999 20.01580 20.13330 20.07080 21.04670 21.50580 22.35920 23.54750 25.13420 26.08170 26.59920 23.67580 -9999 -9999 -9999 -9999 -9999 12.93830 11.52670 8.93917 7.29417 7.50167 6.19750 6.39917 6.11250 7.72083 7.83083 6.72833 6.91583 5.57833 5.82417 7.69250 7.68583 9.30833 10.43420 10.03580 11.27420 11.16420 12.43250 12.57080 12.30250 12.66580 14.21500 14.31830 14.80420 16.92580 16.60170 16.32920 17.34420 16.67170 15.02920 14.79330 15.92080 14.20000 15.41330 15.14420 15.15250 14.64420 16.62250 17.46330 19.00750 20.38920 21.65580 24.23420 29.10000 34.17670 -9999 -9999 -9999 -9999 -9999
-9999 -9999 21.70330 19.56250 18.86000 18.63670 19.95000 20.56330 22.86920 24.21750 26.39500 27.55330 28.31000 -9999 -9999 -9999 -9999 17.24080 12.19170 10.58580 7.70000 4.99917 4.85250 4.76250 6.26500 7.48583 6.42750 6.53250 6.71833 6.87333 5.68083 5.98583 8.23750 8.68500 10.12080 10.10500 10.79420 10.26580 9.95167 9.68667 10.04080 9.97667 11.32750 11.53670 11.81580 13.80080 15.85000 15.62170 16.26500 16.16420 15.53830 15.08920 14.58500 15.81920 15.56580 17.66670 17.51080 14.98830 15.95080 16.69080 17.47170 17.43670 19.47670 23.42000 27.23420 -9999 -9999 -9999 -9999 -9999 61.43830 -9999
-9999 -9999 22.97250 20.70080 19.62330 17.96170 19.39170 21.02580 22.59830 25.26170 26.84000 30.91670 18.40750 -9999 -9999 -9999 -9999 14.75080 12.94500 10.25250 6.79750 4.97000 4.90167 4.95083 5.03833 6.27917 5.13750 5.20250 5.27833 5.54333 5.63917 5.95500 6.12583 6.67417 8.96917 8.62583 9.60750 9.07833 8.73583 8.48667 10.25420 10.28080 10.58420 10.57330 12.10920 12.35330 12.48420 12.25920 13.17580 13.12000 14.41500 13.92500 14.86830 14.72250 15.66580 18.16670 17.95250 16.84420 17.66580 18.60250 19.31330 20.51080 21.44250 24.14580 24.14170 27.68670 34.06000 36.55830 43.92670 -9999 -9999 -9999
-9999 -9999 -9999 22.38920 19.92920 19.53420 19.27830 21.14080 24.70500 27.77170 31.64500 18.13170 -9999 -9999 -9999 -9999 18.11170 14.92670 11.92000 9.36333 6.66167 5.09833 5.35917 5.29583 5.25167 5.17500 5.32250 5.35417 5.41833 4.06333 4.23500 5.98167 7.60250 8.03250 8.61667 10.47920 9.68583 9.17500 9.18667 9.19083 9.01583 10.58170 10.49670 10.80500 12.27080 12.83170 12.96580 14.17500 11.79000 11.28580 12.60500 12.83080 13.62750 14.59750 14.53250 15.73250 17.03000 15.77920 16.79500 17.68420 19.01330 19.89920 18.66420 17.10420 16.97000 23.35170 26.61080 32.41920 36.61330 36.12170 -9999 -9999
-9999 -9999 -9999 -9999 24.79330 20.69830 20.05080 21.88580 24.31250 30.15000 17.38420 -9999 -9999 -9999 -9999 25.24830 18.51830 14.85420 10.22580 7.81333 6.38333 5.10167 5.45083 4.05917 3.94667 5.15917 4.98167 5.23167 5.55167 5.77250 4.50833 7.80167 7.71417 8.11583 8.50083 8.68583 10.32670 10.24080 9.67833 9.59083 9.32333 9.21750 9.10333 10.85830 10.97330 13.11330 13.47080 12.59420 11.77750 11.56080 13.09250 14.18080 13.63420 14.82170 15.70080 17.06330 18.56500 15.87750 17.31000 18.71580 17.09080 16.95330 18.02330 19.00830 18.56250 21.43670 24.86500 26.77500 29.93000 33.01420 37.41080 42.96000
-9999 -9999 -9999 -9999 -9999 -9999 23.82250 23.53750 17.03250 16.55000 27.61750 -9999 -9999 -9999 -9999 -9999 19.95830 13.66830 10.44580 6.90500 5.16833 6.50167 3.90917 3.98417 3.87833 5.19083 5.46833 5.62000 5.93500 6.04083 6.31000 8.05250 8.60333 8.47000 8.34250 10.68580 8.92083 8.67083 9.92667 8.13083 8.20417 7.91333 7.96000 9.74833 9.44167 11.15170 11.02750 12.33170 12.01000 11.71580 13.21580 12.84670 14.09250 14.48420 15.32250 16.88670 16.70330 16.82750 16.92580 17.48500 16.03920 15.64580 15.28250 16.72750 16.34170 19.19080 21.74920 23.96080 26.57920 28.84500 32.78080 38.61080
-9999 -9999 -9999 -9999 -9999 -9999 -9999 -9999 -9999 -9999 -9999 -9999 -9999 -9999 -9999 -9999 -9999 -9999 -9999 6.94583 5.34417 5.13333 5.19917 3.95333 3.93167 5.52833 5.74750 7.44250 7.62167 6.50083 7.48417 9.17167 8.80583 8.75583 8.66500 9.03083 10.41330 8.52667 8.40250 8.41167 6.33000 8.06500 8.09333 8.21917 9.84500 9.81250 11.18580 11.12670 10.55420 12.42580 12.45500 13.34580 14.08000 14.56500 14.01670 15.12330 14.91420 16.32080 15.34580 15.63500 14.35500 14.55250 14.30750 13.99250 14.91580 18.77830 19.48750 22.48170 24.01170 26.44580 30.61750 36.55000
-9999 -9999 -9999 -9999 -9999 -9999 -9999 -9999 -9999 -9999 -9999 -9999 -9999 -9999 -9999 -9999 -9999 -9999 6.89833 5.53833 5.29333 5.12000 5.20250 5.49667 5.78167 6.21833 6.27000 6.28583 6.09500 6.41000 6.59250 6.97667 6.69917 6.53250 8.34583 8.33583 8.66917 10.18580 8.03917 6.52250 6.60333 6.57417 8.19667 8.15000 8.25333 8.19750 9.60667 10.87420 10.53670 12.11330 12.26670 13.54420 14.69080 13.47000 14.21670 15.11580 14.79420 13.56500 13.81170 13.98080 15.41830 15.49920 15.53420 15.82750 15.44420 18.21420 22.03580 22.94000 24.98170 28.96580 31.02330 33.23250
-9999 -9999 -9999 -9999 -9999 -9999 -9999 -9999 -9999 -9999 -9999 -9999 -9999 -9999 -9999 -9999 -9999 7.59333 6.67917 5.63417 5.91833 5.85917 5.95750 5.76417 5.96167 6.32000 6.65583 6.44167 4.63500 4.71417 6.47000 6.63833 6.69250 7.78000 7.76167 8.00583 8.31083 8.39333 8.29417 8.31000 6.55833 6.60750 6.57417 8.15667 8.19333 8.16500 9.57000 9.56917 10.91500 12.13750 13.35420 13.14170 14.41000 13.74000 13.07170 13.49580 13.72080 12.46250 12.57920 14.04500 15.54330 15.66830 14.42500 14.97250 17.66250 20.48250 21.37170 24.79170 27.10830 28.95170 30.59830 33.82080
-9999 -9999 -9999 -9999 -9999 -9999 -9999 -9999 -9999 -9999 -9999 -9999 -9999 -9999 -9999 -9999 -9999 7.12667 5.58917 4.38833 4.60667 4.40750 4.38250 6.00250 7.84667 6.53417 6.72417 7.29000 7.46750 5.10917 6.42000 6.48167 6.47500 8.30917 8.26500 8.45917 8.36417 8.42333 6.71667 6.79083 6.58000 6.71000 6.68583 8.29250 8.46250 9.98000 9.91083 9.53000 10.80750 12.01420 13.09580 13.10250 12.90420 14.14500 13.77250 14.39830 12.61670 12.63670 14.04670 14.17000 14.37000 14.81670 16.19000 16.25420 17.12500 19.65330 21.34000 23.76000 25.11580 27.36500 31.18330 34.38330
-9999 -9999 -9999 -9999 -9999 -9999 -9999 -9999 -9999 -9999 -9999 -9999 -9999 -9999 -9999 -9999 6.12583 5.60917 4.23667 2.96333 4.66417 4.53417 4.70167 6.52167 8.31583 7.00250 7.57667 9.94750 7.87667 7.52333 7.26583 6.77167 7.05250 9.07250 8.65833 8.34583 8.41167 8.42917 6.71083 6.84500 6.44417 6.66750 6.67917 8.63333 8.35750 9.59083 9.87750 7.90833 9.38000 12.09170 11.77080 13.16330 13.47250 15.31080 15.10420 15.41250 14.36330 12.99000 14.81750 15.09580 15.06750 16.56420 16.73580 16.76500 19.81500 21.50500 23.24500 24.95580 28.37330 28.99420 31.83170 34.68250
-9999 -9999 -9999 -9999 -9999 -9999 -9999 -9999 -9999 -9999 -9999 -9999 -9999 6.28250 5.40833 5.59167 4.27333 2.65333 2.55083 4.02917 4.55500 3.17667 5.01833 5.64000 5.68250 7.82667 8.12750 7.66583 7.80917 7.71750 7.58667 7.64667 9.34750 9.10833 8.79000 8.62417 8.73750 8.67250 6.70750 6.42083 6.57000 6.58167 6.56417 8.43333 8.27583 8.09083 8.14167 9.44333 9.09083 10.59170 10.17920 11.57420 12.78920 14.89920 16.53580 16.16670 15.56500 15.12420 15.00250 15.10920 16.36920 16.28750 18.05170 19.59080 22.64580 24.83580 26.76420 29.44080 30.64170 31.80330 34.67580 35.60580
-9999 -9999 -9999 -9999 -9999 -9999 -9999 -9999 -9999 -9999 -9999 -9999 4.90167 4.95167 3.87833 3.94417 2.75833 2.65500 1.25833 4.02250 2.82333 2.94750 5.18417 5.55500 5.56417 7.72500 7.68250 7.93167 7.87833 7.83750 7.88667 7.54250 9.27500 9.01667 8.78000 8.98917 7.30417 7.03500 6.74500 6.60250 6.65917 6.33833 6.36833 6.45917 8.38000 8.48833 8.42417 8.15000 9.60333 9.29583 10.46080 10.44500 11.67000 13.29670 14.70920 16.06500 15.68580 14.06920 13.88420 14.74420 14.58920 17.44420 19.30830 21.50750 24.98330 27.66000 28.64830 32.00750 32.72580 33.23080 34.35580 36.65830
-9999 -9999 -9999 -9999 -9999 -9999 -9999 -9999 -9999 -9999 -9999 2.78333 2.66583 2.79083 3.01167 2.78417 2.85583 2.87667 3.05833 3.09917 3.22583 5.14750 5.23750 5.78333 5.83083 5.61167 5.78833 5.70750 7.74500 7.96750 7.88500 7.81667 7.71417 9.61333 9.77083 7.60667 7.23667 5.13500 5.08167 5.10500 4.83917 4.72500 6.50833 6.58917 6.63417 6.48750 6.63250 8.57167 8.31083 9.57000 9.24417 8.79500 10.24250 11.53830 12.90250 12.71000 13.85750 13.96920 15.06920 14.44080 15.36170 18.41080 20.96000 23.04580 28.18670 30.48750 29.74670 29.87920 29.25670 29.51330 33.19000 38.61920
-9999 -9999 -9999 -9999 -9999 -9999 -9999 -9999 -9999 -9999 3.19250 3.16667 3.43083 3.41167 3.72833 3.48667 3.56917 3.52500 3.57333 3.39250 3.75083 3.53833 5.96667 5.89917 5.88167 6.33750 5.87417 7.94417 8.11917 8.32917 7.92417 8.09167 8.16250 10.32000 10.24000 7.96083 6.07583 5.89500 5.35500 5.23000 5.19667 5.07167 6.89083 5.01083 5.01917 6.71833 6.52083 6.80250 6.74250 8.10417 7.92000 7.32833 8.64417 9.80750 11.30500 12.33920 12.53170 12.50670 13.72830 14.61080 15.28330 18.65080 20.64330 24.17250 25.89330 28.41080 29.54080 29.42580 30.24250 30.27920 34.33000 36.97500
-9999 -9999 -9999 -9999 -9999 -9999 -9999 -9999 -9999 3.38833 3.68833 3.83000 3.78583 4.30167 4.68250 4.65583 4.53500 4.11250 3.71500 3.70500 4.16000 3.93500 4.09750 4.14667 6.34667 6.47083 6.29250 6.12167 6.30333 6.35250 8.41000 6.37667 8.74583 8.38083 8.11667 8.04833 5.98583 5.92000 5.40000 5.48500 5.30250 5.08417 5.01583 5.22833 5.22583 5.16583 6.83333 7.10167 6.57333 6.35917 7.79750 7.56750 7.24667 6.90583 6.88750 10.86830 12.84830 14.09250 13.62670 15.09750 16.27250 18.59250 20.58750 23.42500 24.42920 26.30920 27.25920 27.58080 30.51830 32.57000 34.96250 35.80420
-9999 -9999 -9999 -9999 -9999 -9999 -9999 -9999 -9999 -9999 3.93917 1.82083 1.83083 4.54417 4.75417 4.99167 5.29083 5.08417 4.65500 4.50917 4.53917 4.49750 4.58000 -9999 -9999 -9999 -9999 -9999 -9999 6.44917 6.33417 6.38750 6.43250 8.05083 7.72167 8.14917 5.77167 6.00250 4.02583 5.69667 5.52833 5.33750 5.12917 5.26500 5.50000 5.44250 5.31750 5.24333 6.70083 6.47583 8.25167 7.63000 7.10917 5.56917 6.92583 10.81500 12.43830 12.09830 13.41750 15.00580 16.28670 19.11830 21.24000 21.95750 23.18420 25.25580 27.03500 28.48080 30.56000 34.98000 39.30250 41.28830
-9999 -9999 -9999 -9999 -9999 -9999 -9999 -9999 -9999 -9999 -9999 -9999 1.81250 2.07417 2.20417 4.91000 5.05167 5.11083 5.12583 -9999 -9999 -9999 -9999 -9999 -9999 -9999 -9999 -9999 -9999 -9999 -9999 -9999 -9999 6.19250 6.24833 5.98167 6.04500 6.18167 6.29083 3.96667 3.88500 5.46667 5.77750 5.50917 5.75333 5.78500 5.64000 7.12667 7.00583 6.94000 8.31833 6.34083 6.18917 7.50833 8.51667 9.80333 11.33670 12.29170 13.93420 15.22420 17.63580 20.03250 20.64580 22.78330 23.89080 24.08580 25.90250 28.15670 31.98580 38.61080 43.39750 45.15420
-9999 -9999 -9999 -9999 -9999 -9999 -9999 -9999 -9999 -9999 -9999 -9999 -9999 -9999 -9999 -9999 -9999 -9999 -9999 -9999 -9999 -9999 -9999 -9999 -9999 -9999 -9999 -9999 -9999 -9999 -9999 -9999 -9999 -9999 4.22417 4.07583 3.87500 4.03083 3.93500 3.97917 4.05083 3.79833 3.58417 3.65583 6.13250 5.95083 5.74667 7.50417 7.16500 7.02000 8.83833 6.79250 6.41333 7.73000 7.32250 10.34170 11.37170 13.07670 14.51250 17.09830 19.38750 20.17000 22.44670 22.62170 23.71500 23.65170 25.65830 29.98330 34.55000 39.53830 45.25670 -9999
-9999 -9999 -9999 -9999 -9999 -9999 -9999 -9999 -9999 -9999 -9999 -9999 -9999 -9999 -9999 -9999 -9999 -9999 -9999 -9999 -9999 -9999 -9999 -9999 -9999 -9999 -9999 -9999 -9999 -9999 -9999 -9999 -9999 -9999 4.14167 4.45500 2.25583 4.20000 4.02417 4.11917 3.99667 3.73167 3.90417 3.82583 5.59583 5.74583 5.61667 7.55833 7.26250 7.36667 6.69333 8.46000 8.50917 7.99917 7.44833 10.33750 11.66420 14.95080 16.35750 18.95000 20.72250 22.61080 23.94420 23.21580 23.28500 24.49000 27.66500 31.76170 38.20500 43.16920 -9999 -9999
-9999 -9999 -9999 -9999 -9999 -9999 -9999 -9999 -9999 -9999 -9999 -9999 -9999 -9999 -9999 -9999 -9999 -9999 -9999 -9999 -9999 -9999 -9999 -9999 -9999 -9999 -9999 -9999 -9999 -9999 -9999 -9999 -9999 -9999 -9999 -9999 -9999 -9999 4.13500 3.96833 4.07500 4.01417 5.98917 5.83417 6.00083 5.63333 7.27333 7.34000 7.24417 7.08167 8.51833 8.11667 7.94500 7.65833 7.46833 9.70750 11.36080 14.44170 19.98250 24.15750 24.24500 23.05830 22.30580 22.92330 23.00500 26.49920 28.66500 34.77420 41.71500 -9999 -9999 -9999
