data/hydroclimate-scenarios/BCSD_hadcm_B1/monthly_summaries/precip_monthly_tot_jan.2070-2099.asc
ncols	311
nrows	91
xllcenter	102.75
yllcenter	31.75
cellsize	0.5
NODATA_value	-9999
[rows 0 to 31 of 91, columns 72 to 143 of 311]
-9999 -9999 -9999 -9999 -9999 -9999 -9999 -9999 -9999 -9999 -9999 -9999 -9999 -9999 -9999 -9999 -9999 -9999 -9999 -9999 -9999 -9999 -9999 -9999 -9999 -9999 -9999 -9999 -9999 -9999 -9999 -9999 -9999 -9999 -9999 -9999 -9999 -9999 -9999 -9999 -9999 -9999 -9999 -9999 -9999 -9999 -9999 -9999 -9999 -9999 -9999 -9999 -9999 -9999 -9999 -9999 -9999 -9999 -9999 -9999 -9999 -9999 -9999 -9999 -9999 -9999 -9999 -9999 -9999 -9999 -9999 -9999
-9999 -9999 -9999 -9999 -9999 -9999 -9999 -9999 -9999 -9999 -9999 -9999 -9999 -9999 -9999 -9999 -9999 -9999 -9999 -9999 -9999 -9999 -9999 -9999 -9999 -9999 -9999 -9999 -9999 -9999 -9999 -9999 -9999 -9999 -9999 -9999 -9999 -9999 -9999 -9999 -9999 -9999 -9999 -9999 -9999 -9999 -9999 -9999 -9999 -9999 -9999 -9999 -9999 -9999 -9999 -9999 -9999 -9999 -9999 -9999 -9999 -9999 -9999 -9999 -9999 -9999 -9999 -9999 -9999 -9999 -9999 -9999
-9999 -9999 -9999 -9999 -9999 -9999 -9999 -9999 -9999 -9999 -9999 -9999 -9999 -9999 -9999 -9999 -9999 -9999 -9999 -9999 -9999 -9999 -9999 -9999 -9999 -9999 -9999 -9999 -9999 -9999 -9999 -9999 -9999 -9999 -9999 -9999 -9999 -9999 -9999 -9999 -9999 -9999 -9999 -9999 -9999 -9999 -9999 -9999 -9999 -9999 -9999 -9999 -9999 -9999 -9999 -9999 -9999 -9999 -9999 -9999 -9999 -9999 -9999 -9999 -9999 -9999 -9999 -9999 -9999 -9999 -9999 -9999
-9999 -9999 -9999 -9999 -9999 -9999 -9999 -9999 -9999 -9999 -9999 -9999 -9999 -9999 -9999 -9999 -9999 -9999 -9999 -9999 -9999 -9999 -9999 -9999 -9999 -9999 -9999 -9999 -9999 -9999 -9999 -9999 -9999 -9999 -9999 -9999 -9999 -9999 -9999 -9999 -9999 -9999 -9999 -9999 -9999 -9999 -9999 -9999 -9999 -9999 -9999 -9999 -9999 -9999 -9999 -9999 -9999 -9999 -9999 -9999 -9999 -9999 -9999 -9999 -9999 -9999 -9999 -9999 -9999 -9999 -9999 -9999
-9999 -9999 -9999 -9999 -9999 -9999 -9999 -9999 -9999 -9999 -9999 -9999 -9999 -9999 -9999 -9999 -9999 -9999 -9999 -9999 -9999 -9999 -9999 -9999 -9999 -9999 -9999 -9999 -9999 -9999 -9999 -9999 -9999 -9999 -9999 -9999 -9999 -9999 -9999 -9999 -9999 -9999 -9999 -9999 -9999 -9999 -9999 -9999 -9999 -9999 -9999 -9999 -9999 -9999 -9999 -9999 -9999 -9999 -9999 -9999 -9999 -9999 -9999 -9999 -9999 -9999 -9999 -9999 -9999 -9999 -9999 -9999
-9999 -9999 -9999 -9999 -9999 -9999 -9999 -9999 -9999 -9999 -9999 -9999 -9999 -9999 -9999 -9999 -9999 -9999 -9999 -9999 -9999 -9999 -9999 -9999 -9999 -9999 -9999 -9999 -9999 -9999 -9999 -9999 -9999 -9999 -9999 -9999 -9999 -9999 -9999 -9999 -9999 -9999 -9999 -9999 -9999 -9999 -9999 -9999 -9999 -9999 -9999 -9999 -9999 -9999 -9999 -9999 -9999 -9999 -9999 -9999 -9999 -9999 -9999 -9999 -9999 -9999 -9999 -9999 -9999 -9999 -9999 -9999
-9999 -9999 -9999 -9999 -9999 -9999 -9999 -9999 -9999 -9999 -9999 -9999 -9999 -9999 -9999 -9999 -9999 -9999 -9999 -9999 -9999 -9999 -9999 -9999 -9999 -9999 -9999 -9999 -9999 -9999 -9999 -9999 -9999 -9999 -9999 -9999 -9999 -9999 -9999 -9999 -9999 -9999 -9999 -9999 -9999 -9999 -9999 -9999 -9999 -9999 -9999 -9999 -9999 -9999 -9999 -9999 -9999 -9999 -9999 -9999 -9999 -9999 -9999 -9999 -9999 -9999 -9999 -9999 -9999 -9999 -9999 -9999
-9999 -9999 -9999 -9999 -9999 -9999 -9999 -9999 -9999 -9999 -9999 -9999 -9999 -9999 -9999 -9999 -9999 -9999 -9999 -9999 -9999 -9999 -9999 -9999 -9999 -9999 -9999 -9999 -9999 -9999 -9999 -9999 -9999 -9999 -9999 -9999 -9999 -9999 -9999 -9999 -9999 -9999 -9999 -9999 -9999 -9999 -9999 -9999 -9999 -9999 -9999 -9999 -9999 -9999 -9999 -9999 -9999 -9999 -9999 -9999 -9999 -9999 -9999 -9999 -9999 -9999 -9999 -9999 -9999 -9999 -9999 -9999
-9999 -9999 -9999 -9999 -9999 11.31000 -9999 -9999 -9999 -9999 -9999 -9999 -9999 -9999 -9999 -9999 -9999 -9999 -9999 -9999 -9999 -9999 -9999 -9999 -9999 -9999 -9999 -9999 -9999 -9999 -9999 -9999 -9999 -9999 -9999 -9999 -9999 -9999 -9999 -9999 -9999 -9999 -9999 -9999 -9999 -9999 -9999 -9999 -9999 -9999 -9999 -9999 -9999 -9999 -9999 -9999 -9999 -9999 -9999 -9999 -9999 -9999 -9999 -9999 -9999 -9999 -9999 -9999 -9999 -9999 -9999 -9999
-9999 9.36917 10.93420 11.16000 11.23830 11.14500 13.33580 13.29830 15.10330 14.90750 16.81830 16.84500 18.80000 19.32330 19.07080 20.77250 20.81920 20.84580 20.89420 21.11830 20.96670 -9999 -9999 -9999 -9999 -9999 -9999 -9999 -9999 -9999 -9999 -9999 -9999 -9999 -9999 -9999 -9999 -9999 -9999 -9999 -9999 -9999 -9999 -9999 -9999 -9999 -9999 -9999 -9999 -9999 -9999 -9999 -9999 -9999 -9999 -9999 -9999 -9999 -9999 -9999 -9999 -9999 -9999 -9999 -9999 -9999 -9999 -9999 -9999 -9999 -9999 -9999
-9999 -9999 -9999 11.41830 11.45920 13.29170 13.33830 15.29670 15.53250 17.10500 17.07250 19.17750 18.92670 19.05500 20.93920 20.70920 20.65250 20.87170 22.32000 22.32750 22.76330 -9999 -9999 -9999 -9999 -9999 -9999 -9999 -9999 -9999 -9999 -9999 -9999 -9999 -9999 -9999 -9999 -9999 -9999 -9999 -9999 -9999 -9999 -9999 -9999 -9999 -9999 -9999 -9999 -9999 -9999 -9999 -9999 -9999 -9999 -9999 -9999 -9999 -9999 -9999 -9999 -9999 -9999 -9999 -9999 -9999 -9999 -9999 -9999 -9999 -9999 -9999
11.08670 11.24000 11.16920 11.45670 13.27250 13.39330 15.41830 15.25580 15.53670 17.66420 17.42170 18.88500 19.01000 20.57750 20.40000 22.65420 22.38580 22.47000 22.37000 24.37830 24.29750 24.22170 24.71580 24.35920 24.41000 24.43080 24.25420 -9999 -9999 -9999 -9999 -9999 -9999 -9999 -9999 -9999 -9999 -9999 -9999 -9999 -9999 -9999 -9999 -9999 -9999 -9999 -9999 -9999 -9999 -9999 -9999 -9999 -9999 -9999 -9999 -9999 -9999 -9999 -9999 -9999 -9999 -9999 -9999 -9999 -9999 -9999 -9999 -9999 -9999 -9999 -9999 -9999
11.33500 11.27170 11.37000 13.45330 13.56250 13.85170 15.48920 15.14920 17.22250 17.27330 19.26580 19.41250 21.13250 21.18920 22.62920 22.82420 22.59500 24.38750 24.27580 24.43750 24.27000 24.09420 25.80580 25.79580 25.98250 26.12750 26.10080 25.88250 25.96250 25.30920 25.74420 25.53830 25.54170 23.56000 23.97250 22.63830 23.09420 23.25830 21.83670 21.45920 22.35080 22.32330 -9999 -9999 -9999 -9999 -9999 -9999 -9999 -9999 -9999 -9999 -9999 -9999 -9999 -9999 -9999 -9999 -9999 -9999 -9999 -9999 -9999 -9999 -9999 -9999 -9999 -9999 -9999 -9999 -9999 -9999
11.27000 11.29580 11.34170 13.06750 13.37750 13.32830 15.33000 15.15670 17.47250 19.76580 19.61000 21.84580 21.38920 23.60420 23.45670 24.88330 24.49500 24.27750 26.31080 26.04500 23.80670 26.10830 25.82330 25.77830 25.88670 27.47080 27.42670 27.33250 27.24330 27.27330 26.95080 25.91500 24.09330 24.12750 24.13580 24.16830 24.40420 22.57170 22.69750 22.68670 23.17000 23.47250 22.16580 -9999 -9999 -9999 -9999 -9999 -9999 -9999 -9999 -9999 -9999 -9999 -9999 -9999 -9999 -9999 -9999 -9999 -9999 -9999 -9999 -9999 -9999 -9999 -9999 -9999 -9999 -9999 -9999 -9999
8.99833 9.01417 9.05417 10.94170 10.96000 11.57250 13.61170 15.64250 17.54920 18.04580 19.95670 21.99920 21.93330 23.60580 25.92170 25.57000 25.26500 26.53670 26.38170 26.18670 25.99170 25.79580 27.44080 27.16420 27.13580 26.92920 26.81170 28.49000 26.30000 25.91250 25.71330 25.71830 25.30750 25.24920 25.38920 25.34920 23.60250 23.48170 23.70750 23.59330 23.83920 22.25330 22.09670 -9999 -9999 -9999 -9999 -9999 -9999 -9999 -9999 -9999 -9999 -9999 -9999 -9999 -9999 -9999 26.37750 29.16750 -9999 -9999 -9999 -9999 28.09750 28.84670 28.72500 30.25330 31.80580 32.28830 34.46420 34.69000
8.95417 9.02333 9.11667 11.08420 13.04670 13.08920 13.14250 15.38250 15.50670 18.31500 20.25580 22.42000 24.59000 24.48000 26.18580 25.62330 27.02500 26.49420 26.72670 28.42170 27.85250 28.25420 28.57830 28.47750 28.26580 29.23830 29.02500 28.64420 28.27670 27.38830 27.25830 27.10750 26.84920 26.78420 26.86830 27.14920 24.84670 24.97920 24.94500 24.89580 24.22920 22.83750 22.81080 22.76670 22.37750 22.48920 22.69250 21.35670 21.49500 21.92080 22.11250 22.11580 23.86420 23.87500 23.86500 25.67750 27.14920 27.21250 26.97170 28.50080 -9999 -9999 -9999 -9999 -9999 30.78170 31.36330 31.15830 31.39420 33.72830 34.73830 35.34580
8.91583 9.24250 7.29833 9.54583 11.32580 13.32000 13.41170 15.29420 17.53580 19.79080 21.70420 24.33830 24.14000 26.18920 27.90500 28.11170 27.66670 29.18000 28.23500 28.01420 29.49500 29.04250 28.58500 28.37830 30.07000 29.50250 29.30000 28.74080 28.73080 28.30580 27.58000 27.42920 28.30920 28.56330 28.45170 26.52080 26.25170 26.17170 26.30170 25.53580 25.64170 24.04750 24.22500 24.28920 23.84750 23.66170 23.94250 22.57250 22.57170 22.81920 24.56080 24.52420 22.81080 22.93750 24.70750 24.51500 24.46000 25.86750 27.68250 27.61000 28.13500 29.99500 31.58170 31.37750 31.60920 33.35250 33.51170 33.74170 33.07750 33.85420 36.18080 36.61170
3.25333 10.87250 7.49667 7.54833 9.62167 11.62330 13.65920 17.78330 17.81330 20.05920 22.40170 24.73580 26.50670 26.51830 28.84500 28.46000 30.04500 29.77250 28.66830 28.07170 29.96830 29.58170 30.55330 30.20920 29.71330 31.30580 30.92670 30.67000 30.27920 29.70920 29.49500 29.08420 29.15920 29.26830 27.64750 27.51580 27.47750 27.36080 27.76000 27.45000 25.65670 26.10330 26.04250 25.94580 25.80250 25.71250 25.97830 25.73080 26.00250 25.75830 27.48920 25.67830 27.11170 25.28250 25.14080 25.13920 26.67920 26.48750 26.53500 27.26580 27.36750 28.85750 31.83080 31.61420 33.26750 33.34420 33.79330 33.98080 34.31830 35.49920 36.91420 38.36500
5.29333 7.49500 11.74170 11.76920 13.70670 14.15000 14.20670 16.12170 18.18330 20.07420 22.20170 24.83170 26.77830 26.64920 29.04170 29.24500 31.03080 29.91500 27.13500 28.36250 30.00750 29.81250 31.68830 32.96920 31.87670 31.40920 32.90500 32.77750 32.16080 31.46250 30.91000 31.32330 30.86420 29.22000 29.32500 29.24830 29.19580 27.36250 27.60830 27.73330 27.49500 27.49500 26.14330 27.33420 27.29670 27.44420 27.51170 29.27000 27.16830 27.26670 26.93920 28.74170 28.07580 27.95000 29.12000 28.84250 27.17420 27.00420 27.71330 27.70170 28.14500 27.89000 29.51580 31.11170 32.79170 32.74170 35.29000 35.27920 35.85330 36.31830 40.24250 41.27080
5.34500 5.47000 5.58500 9.63583 13.70080 13.73000 13.65670 13.52500 15.49250 15.97000 17.99920 20.27330 24.42000 26.38170 28.39080 28.83420 30.65750 30.38750 29.14420 28.52670 29.66830 31.35750 33.12580 33.13920 32.43920 32.25000 31.92750 33.18250 32.81920 32.78830 32.35000 30.54250 30.42580 30.21080 28.50580 28.42750 28.54250 28.18250 26.83170 26.95580 28.73500 28.79580 28.74750 26.56080 26.80250 28.48500 28.35580 30.05000 28.57000 28.36170 29.80250 29.69920 30.98580 29.06580 29.07830 29.13830 28.84750 30.37080 30.48000 30.88330 32.66830 32.52000 32.11580 31.17330 34.64080 33.63500 35.60920 37.70500 37.59580 40.04170 43.51830 47.81330
5.37333 5.43167 5.33750 5.45000 9.29083 11.29170 13.28920 13.31580 15.07830 15.14500 13.18670 13.19500 13.38750 19.15830 22.61250 24.78830 28.66420 29.10330 30.56830 29.67330 30.93170 32.35420 31.56420 33.12750 32.86500 34.42250 34.38080 33.74580 33.56830 32.97250 32.62580 32.95580 31.02830 30.84080 30.49500 28.91580 28.95330 28.50000 28.64250 28.75000 28.53170 30.49000 30.12670 28.45080 28.67750 28.22170 30.21500 30.48830 32.02000 32.01830 33.55580 33.61830 33.42750 33.31420 33.08170 33.34750 33.17420 33.40250 33.27920 33.64330 35.68750 35.51920 37.01250 37.27330 38.93500 38.78830 40.02330 40.50670 43.16750 45.63920 48.66250 51.54250
5.34000 3.37167 3.41250 5.29917 5.32917 7.19417 9.09333 10.95250 14.80920 16.51170 16.49420 16.31250 16.47580 16.26250 16.09580 18.35330 19.82330 23.67920 27.53330 28.93580 30.02250 31.52670 33.43830 35.38080 35.41920 36.93580 36.84830 36.68170 34.36670 35.49580 33.44580 31.36250 31.18750 31.07080 31.08750 29.30580 29.22670 29.15500 29.29250 29.27170 30.87170 30.71750 30.71580 30.65670 28.95750 30.49750 30.53500 32.18920 32.10500 32.31330 33.89920 34.01250 34.46170 36.55500 36.57580 36.70330 38.10250 38.34500 37.04920 39.20580 41.48580 41.34670 43.18670 42.90330 42.99670 43.12330 44.17330 46.06170 46.62080 49.93920 52.91580 55.78500
3.29083 3.32250 5.07500 5.12917 5.29750 5.08083 6.84917 8.49333 10.20670 11.86750 13.41750 15.16080 17.07750 17.26000 18.85670 19.11170 18.90000 19.18920 21.31670 24.79420 26.48920 29.56750 32.92670 35.33080 37.55080 37.36000 37.45330 37.02000 36.94580 36.62330 34.21000 32.13750 31.62750 31.37750 31.20420 31.29920 31.05080 29.49250 29.23920 31.34500 31.43080 30.77170 30.94170 29.08170 28.87250 30.28080 30.07750 31.99500 32.17920 32.50250 34.45500 37.09670 36.05250 38.24580 37.99580 41.47420 39.87500 44.17420 45.46500 48.12750 48.62330 48.44580 50.41500 47.90500 49.53920 49.40750 50.94170 50.54670 52.79420 56.17670 59.15670 60.78250
4.97583 4.71500 6.47000 4.84000 4.92000 4.81917 6.18500 6.16000 9.51250 12.35580 9.31500 11.13330 14.35420 12.64670 12.67750 14.38000 21.27170 19.73580 18.38330 20.47830 24.10000 25.59670 32.13830 34.48170 36.69750 38.75080 38.60830 38.66670 38.85670 37.03000 36.59920 34.42170 33.92000 35.26420 33.20670 31.33420 31.47250 31.31000 29.42580 29.69920 31.53500 30.75500 30.26580 31.69330 31.70500 31.67080 32.31500 32.45580 34.70420 35.17420 38.94670 39.20170 42.16000 42.75000 43.61170 46.01670 45.97420 51.09830 51.77580 55.54170 56.14750 55.79500 55.40750 59.32500 58.65000 56.30080 55.45170 55.29580 56.73920 59.96580 63.49920 67.24330
4.87000 4.75417 6.33250 6.01500 5.84750 6.05667 7.39083 7.32333 8.79833 8.78083 10.32250 11.88670 13.46830 12.04750 13.66000 13.90920 15.87170 19.45000 21.13000 21.49920 23.65080 26.67330 27.99670 33.21500 37.10920 38.87750 39.28080 38.95920 39.45170 37.73920 37.87170 37.33750 35.04000 33.22670 32.71080 32.36170 30.28830 30.53580 30.28920 28.65580 28.61580 27.90170 29.50170 31.41000 33.35830 33.75670 34.60830 36.82670 37.40330 39.35170 41.13580 43.98580 44.21750 45.53250 47.82580 48.52580 51.77670 53.42670 56.48830 58.44000 61.29330 61.55420 63.37170 64.81750 64.01420 61.37580 59.36330 57.23920 60.53330 63.92250 69.14670 72.69920
4.97167 4.70500 4.61583 6.08417 7.53250 7.54917 8.81417 9.03083 10.16500 8.61417 8.60167 10.12750 13.20670 13.39580 13.57420 15.25330 15.69080 15.93170 17.82670 21.30170 24.44080 27.55670 29.15580 30.44670 32.06670 37.11250 37.45080 39.01500 37.56420 37.18920 35.76000 36.98580 35.08330 32.96330 31.42580 29.62080 27.55250 29.12330 27.34920 25.58000 26.82000 27.11500 27.01750 29.14830 30.67170 33.01170 35.03330 36.88080 37.29670 39.08170 42.48000 45.41420 45.14500 47.41250 50.77420 51.98420 53.60750 55.53250 57.51080 61.09920 62.70330 65.11170 65.13420 66.91170 65.56580 65.20000 63.66080 62.64500 64.34170 68.29080 72.83920 76.50750
3.24333 3.01000 4.40417 4.55833 6.18250 7.43667 7.33417 8.83833 8.53500 9.63250 9.76833 9.91000 11.33420 12.88920 14.76250 15.13750 15.57750 15.84250 17.40420 20.96000 22.46000 23.81420 26.96420 29.93830 32.34500 34.12670 37.16000 39.00580 37.12750 39.01250 35.33920 35.57670 32.04170 30.31420 29.97080 28.57830 26.78170 26.65750 26.41830 26.37000 24.82420 26.47670 28.12830 28.53500 30.28000 32.15000 34.31920 36.41670 38.32170 40.24080 41.87420 44.62670 46.74830 47.82670 51.26420 54.40420 58.76670 63.08420 65.43330 66.97000 68.31500 68.08830 68.48920 68.82330 69.25830 69.16330 68.01830 66.59170 66.99000 70.72170 76.02420 80.79250
4.88667 4.77417 4.57750 4.56333 6.18833 7.44167 8.85833 8.69750 9.83000 11.00580 11.10830 11.39000 11.38330 12.71830 14.52500 14.96830 16.61080 18.34170 20.09830 19.05080 22.08500 24.87920 26.33830 29.13170 30.00170 30.99000 34.06420 37.01330 38.55170 35.14830 34.94000 33.57000 30.85250 29.08000 29.12580 27.26920 25.74420 25.71830 25.87670 25.98250 25.89750 26.34250 28.08670 29.96420 30.70830 33.88000 35.89670 38.48580 40.66670 44.58420 46.89500 49.57830 53.71170 55.61500 61.02750 62.53830 66.35920 67.78000 71.69330 72.33000 71.41580 72.18420 72.53500 70.70000 70.53330 71.28250 74.93830 73.39500 75.07670 79.01750 84.32500 90.17830
6.46500 4.59917 4.51083 4.60083 4.52917 6.02000 7.62833 8.91333 8.79000 10.14920 9.90750 11.30500 11.33920 11.34920 13.04420 16.39000 18.06580 17.88580 19.50670 21.39250 21.27580 22.48000 25.62330 28.16170 30.49580 31.78170 34.16080 39.58670 38.23830 36.40750 33.61250 32.00000 30.36670 27.82250 26.40750 26.56750 24.79830 23.46330 23.52830 26.05080 26.35750 28.13080 29.94500 32.17500 34.52000 38.40170 41.94000 44.44170 47.09250 49.52250 54.36500 58.45670 60.80670 64.62580 69.55330 73.13920 75.57170 75.96830 77.43420 75.26080 78.14250 77.06330 75.22750 72.61830 75.66580 74.39750 80.60580 84.16920 84.82000 87.64830 93.54580 95.46500
8.07750 6.38500 6.44833 6.25083 6.33917 4.53083 6.07750 7.61250 7.45833 8.92333 8.48583 11.60670 11.58670 13.00000 14.74250 14.83830 16.34420 19.14000 19.30830 20.94000 20.95580 21.42920 23.97170 28.24080 29.04830 28.62670 30.91420 33.34920 33.52920 35.01000 34.33830 31.49500 30.34250 27.63750 27.99170 26.35830 26.81580 24.88750 25.05420 26.89330 30.22420 30.59330 32.90580 37.51920 39.89580 42.27500 44.66420 46.76250 51.24000 -9999 -9999 63.06500 67.21080 72.96500 74.46580 77.04080 80.58920 79.30080 79.78500 81.02420 82.54750 83.43330 81.58830 84.66580 83.30000 83.73750 84.19330 91.25670 94.00080 99.36330 103.61800 106.68200
8.09500 8.00000 7.85667 8.08917 8.02000 6.19167 7.93167 7.80500 7.51000 7.48000 10.27080 10.35170 11.66670 13.34420 14.93500 14.73170 17.60750 19.03000 19.32330 21.84580 23.49250 22.99000 23.63670 23.43250 26.07420 25.57250 28.15330 29.41080 32.17420 32.12420 33.63080 32.65000 31.27420 30.03830 28.76250 27.68330 29.31500 31.20330 -9999 -9999 -9999 -9999 39.25670 -9999 42.77580 43.14420 47.88000 52.22170 56.55750 -9999 -9999 68.77670 72.10250 74.48500 74.54670 77.39580 81.49670 80.26170 82.62580 84.57500 88.48420 89.23670 90.85080 94.58170 92.50170 92.78330 93.23920 101.27000 105.53800 108.05400 114.88200 -9999
9.57583 10.11750 8.08083 9.65167 9.55167 7.87333 9.41333 10.85830 10.71920 10.51580 11.99580 12.03580 12.25000 13.69830 16.83420 16.59170 18.21420 18.30330 20.12330 19.73670 21.98420 23.26750 24.00250 23.52670 24.45830 25.13670 24.71670 27.39920 30.37330 32.14420 32.16420 32.85080 33.38250 30.87330 31.33170 31.52750 -9999 -9999 -9999 -9999 -9999 -9999 -9999 45.93000 48.62330 51.38500 -9999 -9999 -9999 -9999 -9999 72.39170 75.44920 74.02420 75.91330 76.37170 80.08500 84.97580 87.75420 92.72750 98.70920 102.06800 104.13000 105.35600 107.87000 107.95200 104.90300 109.96800 119.06100 -9999 -9999 -9999
