data/hydroclimate-scenarios/BCSD_hadcm_B1/monthly_summaries/precip_monthly_tot_oct.2070-2099.asc
ncols	311
nrows	91
xllcenter	102.75
yllcenter	31.75
cellsize	0.5
NODATA_value	-9999
[rows 0 to 31 of 91, columns 0 to 70 of 311]
-9999 -9999 -9999 -9999 -9999 -9999 -9999 -9999 -9999 -9999 -9999 -9999 -9999 -9999 -9999 -9999 -9999 -9999 -9999 -9999 -9999 -9999 -9999 -9999 -9999 -9999 -9999 -9999 -9999 -9999 -9999 -9999 -9999 -9999 -9999 -9999 -9999 -9999 -9999 -9999 -9999 -9999 -9999 -9999 -9999 -9999 -9999 -9999 -9999 -9999 -9999 -9999 -9999 -9999 -9999 -9999 -9999 -9999 -9999 -9999 -9999 -9999 -9999 -9999 -9999 -9999 -9999 -9999 -9999 -9999 -9999
-9999 -9999 -9999 -9999 -9999 -9999 -9999 -9999 -9999 -9999 -9999 -9999 -9999 -9999 -9999 -9999 -9999 -9999 -9999 -9999 -9999 -9999 -9999 -9999 -9999 -9999 -9999 -9999 -9999 -9999 -9999 -9999 -9999 -9999 -9999 -9999 -9999 -9999 -9999 -9999 -9999 -9999 -9999 -9999 -9999 -9999 -9999 -9999 -9999 -9999 -9999 -9999 -9999 -9999 -9999 -9999 -9999 -9999 -9999 -9999 -9999 -9999 -9999 -9999 -9999 -9999 -9999 -9999 -9999 -9999 -9999
-9999 -9999 -9999 -9999 -9999 -9999 -9999 -9999 -9999 -9999 -9999 -9999 -9999 -9999 -9999 -9999 -9999 -9999 -9999 -9999 -9999 -9999 -9999 -9999 -9999 -9999 -9999 -9999 -9999 -9999 -9999 -9999 -9999 -9999 -9999 -9999 -9999 -9999 -9999 -9999 -9999 -9999 -9999 -9999 -9999 -9999 -9999 -9999 -9999 -9999 -9999 -9999 -9999 -9999 -9999 -9999 -9999 -9999 -9999 -9999 -9999 -9999 -9999 -9999 -9999 -9999 -9999 -9999 -9999 -9999 -9999
-9999 -9999 -9999 -9999 -9999 -9999 -9999 -9999 -9999 -9999 -9999 -9999 -9999 -9999 -9999 -9999 -9999 -9999 -9999 -9999 -9999 -9999 -9999 -9999 -9999 -9999 -9999 -9999 -9999 -9999 -9999 -9999 -9999 -9999 -9999 -9999 -9999 -9999 -9999 -9999 -9999 -9999 -9999 -9999 -9999 -9999 -9999 -9999 -9999 -9999 -9999 -9999 -9999 -9999 -9999 -9999 -9999 -9999 -9999 -9999 -9999 -9999 -9999 -9999 -9999 -9999 -9999 -9999 -9999 -9999 -9999
-9999 -9999 -9999 -9999 -9999 -9999 -9999 -9999 -9999 -9999 -9999 -9999 -9999 -9999 -9999 -9999 -9999 -9999 -9999 -9999 -9999 -9999 -9999 -9999 -9999 -9999 -9999 -9999 -9999 -9999 -9999 -9999 -9999 -9999 -9999 -9999 -9999 -9999 -9999 -9999 -9999 -9999 -9999 -9999 -9999 -9999 -9999 -9999 -9999 -9999 -9999 -9999 -9999 -9999 -9999 -9999 -9999 -9999 -9999 -9999 -9999 -9999 -9999 -9999 -9999 -9999 -9999 -9999 -9999 -9999 -9999
-9999 -9999 -9999 -9999 -9999 -9999 -9999 -9999 -9999 -9999 -9999 -9999 -9999 -9999 -9999 -9999 -9999 -9999 -9999 -9999 -9999 -9999 -9999 -9999 -9999 -9999 -9999 -9999 -9999 -9999 -9999 -9999 -9999 -9999 -9999 -9999 -9999 -9999 -9999 -9999 -9999 -9999 -9999 -9999 -9999 -9999 -9999 -9999 -9999 -9999 -9999 -9999 -9999 -9999 -9999 -9999 -9999 -9999 -9999 -9999 -9999 -9999 -9999 -9999 -9999 -9999 -9999 -9999 -9999 -9999 -9999
-9999 -9999 -9999 -9999 -9999 -9999 -9999 -9999 -9999 -9999 -9999 -9999 -9999 -9999 -9999 -9999 -9999 -9999 -9999 -9999 -9999 -9999 -9999 -9999 -9999 -9999 -9999 -9999 -9999 -9999 -9999 -9999 -9999 -9999 -9999 -9999 -9999 -9999 -9999 -9999 -9999 -9999 -9999 -9999 -9999 -9999 -9999 -9999 -9999 -9999 -9999 -9999 -9999 -9999 -9999 -9999 -9999 -9999 -9999 -9999 -9999 -9999 -9999 -9999 -9999 -9999 -9999 -9999 -9999 -9999 -9999
-9999 -9999 -9999 -9999 -9999 -9999 -9999 -9999 -9999 -9999 -9999 -9999 -9999 -9999 -9999 -9999 -9999 -9999 -9999 -9999 -9999 -9999 -9999 -9999 -9999 -9999 -9999 -9999 -9999 -9999 -9999 -9999 -9999 -9999 -9999 -9999 -9999 -9999 -9999 -9999 -9999 -9999 47.80330 47.17670 46.72420 46.46000 44.58580 43.03330 41.12000 39.89920 38.15250 34.98170 -9999 -9999 -9999 -9999 -9999 -9999 -9999 -9999 -9999 -9999 -9999 -9999 -9999 -9999 -9999 -9999 -9999 -9999 -9999
-9999 -9999 -9999 -9999 -9999 -9999 -9999 -9999 -9999 -9999 -9999 -9999 -9999 -9999 -9999 -9999 -9999 -9999 -9999 -9999 -9999 -9999 -9999 -9999 -9999 -9999 -9999 -9999 -9999 -9999 -9999 -9999 -9999 -9999 -9999 -9999 -9999 -9999 46.35080 47.73580 47.45170 49.00830 48.47420 48.18920 47.78000 48.00670 46.43750 43.98170 42.55170 41.89170 38.78500 35.98420 32.40330 19.89170 -9999 -9999 -9999 -9999 -9999 -9999 -9999 -9999 -9999 -9999 -9999 -9999 -9999 -9999 -9999 -9999 -9999
-9999 -9999 -9999 -9999 -9999 -9999 -9999 -9999 -9999 -9999 -9999 -9999 -9999 -9999 -9999 -9999 -9999 -9999 -9999 -9999 -9999 -9999 -9999 -9999 -9999 -9999 -9999 -9999 -9999 -9999 -9999 -9999 -9999 -9999 -9999 -9999 -9999 -9999 -9999 -9999 46.58830 49.12330 48.52670 48.88000 48.84250 48.69000 48.32330 48.12920 46.46500 43.58580 40.58920 36.08920 32.77580 19.77500 -9999 -9999 -9999 -9999 -9999 -9999 -9999 -9999 -9999 -9999 -9999 -9999 -9999 -9999 -9999 -9999 -9999
-9999 -9999 -9999 -9999 -9999 -9999 -9999 -9999 -9999 -9999 -9999 -9999 -9999 -9999 -9999 -9999 -9999 -9999 -9999 -9999 -9999 -9999 -9999 -9999 -9999 -9999 -9999 -9999 -9999 -9999 -9999 -9999 -9999 -9999 -9999 -9999 -9999 -9999 -9999 -9999 -9999 -9999 -9999 -9999 53.38920 53.08750 50.80750 50.67000 50.92080 48.23250 45.19000 38.53750 33.76250 22.24500 -9999 -9999 -9999 -9999 -9999 -9999 22.26670 -9999 -9999 -9999 -9999 -9999 -9999 -9999 -9999 -9999 -9999
-9999 -9999 -9999 -9999 -9999 -9999 -9999 -9999 -9999 -9999 -9999 -9999 -9999 -9999 -9999 -9999 -9999 -9999 -9999 -9999 -9999 -9999 -9999 -9999 -9999 -9999 -9999 -9999 -9999 -9999 -9999 -9999 -9999 -9999 -9999 -9999 -9999 -9999 -9999 -9999 -9999 54.90330 54.61330 54.37170 55.94580 55.71580 54.69830 54.28670 54.05920 53.11330 48.29830 41.97670 35.52750 31.98500 -9999 -9999 -9999 -9999 -9999 23.68500 22.24580 22.57420 21.39920 21.63750 21.91830 22.01580 22.04420 20.27420 20.27750 20.44330 20.51580
-9999 -9999 -9999 -9999 -9999 -9999 -9999 -9999 -9999 -9999 -9999 -9999 -9999 -9999 -9999 -9999 -9999 -9999 -9999 -9999 -9999 -9999 -9999 -9999 -9999 -9999 -9999 -9999 -9999 -9999 -9999 -9999 -9999 -9999 -9999 -9999 -9999 -9999 -9999 -9999 -9999 54.93000 57.85670 58.85670 58.75330 57.61250 56.83420 56.35250 55.57080 55.37420 50.29330 44.22080 37.84170 35.24080 31.45830 29.79170 27.84500 -9999 23.72420 23.92580 22.69330 22.71500 21.32420 21.51170 21.71250 21.89170 20.39420 20.48080 20.55000 20.64920 21.07830
-9999 -9999 -9999 -9999 -9999 -9999 -9999 -9999 -9999 -9999 -9999 -9999 -9999 -9999 -9999 -9999 -9999 -9999 -9999 -9999 -9999 -9999 -9999 -9999 -9999 -9999 -9999 -9999 -9999 -9999 -9999 -9999 -9999 -9999 -9999 46.61580 48.98920 51.05750 52.83830 55.17170 57.42170 58.19080 59.68830 60.97420 61.30750 60.42250 59.57920 58.93330 58.16670 56.40330 51.39250 44.89330 40.15830 36.98580 31.89420 30.07920 28.21330 25.51170 23.69830 23.91330 22.33670 22.62170 21.18170 19.76080 19.88500 21.60000 20.37750 20.40250 20.34580 20.75920 20.90080
-9999 -9999 -9999 -9999 -9999 -9999 -9999 -9999 -9999 -9999 -9999 -9999 -9999 -9999 -9999 -9999 -9999 -9999 -9999 -9999 -9999 -9999 -9999 -9999 -9999 -9999 -9999 -9999 -9999 -9999 -9999 -9999 -9999 -9999 44.84830 47.64250 50.04580 51.60330 54.03670 56.43750 59.71750 61.06920 62.82580 63.09330 61.84500 61.20670 60.64750 60.07750 57.69330 53.02920 49.61830 45.50830 40.90420 35.59920 33.89500 30.80830 26.96670 25.26750 25.10920 23.58830 22.09580 20.76420 20.64830 19.05670 20.80830 20.94500 19.50750 19.86670 20.08420 20.44420 20.71670
-9999 -9999 -9999 -9999 -9999 -9999 -9999 -9999 -9999 -9999 -9999 -9999 -9999 -9999 -9999 -9999 -9999 -9999 -9999 -9999 -9999 -9999 -9999 -9999 -9999 -9999 -9999 -9999 -9999 -9999 -9999 -9999 -9999 43.08750 45.16830 47.90330 50.40670 52.51750 55.10420 57.51000 60.97000 62.53420 64.64670 65.83500 64.94500 62.53330 61.66250 59.43000 55.44750 51.73420 45.96920 42.42170 37.40500 33.89500 31.52580 28.35580 26.55580 24.55170 24.74000 22.82000 21.46250 19.84750 19.87000 19.90170 19.95920 20.14420 18.97250 19.38500 19.47830 19.28420 19.64500
-9999 -9999 -9999 -9999 -9999 -9999 -9999 -9999 -9999 -9999 -9999 -9999 -9999 -9999 -9999 -9999 -9999 -9999 -9999 -9999 -9999 -9999 -9999 -9999 -9999 -9999 -9999 -9999 -9999 -9999 -9999 42.25420 43.59420 44.34080 46.29250 48.55250 51.53330 54.00580 56.45330 58.85830 61.52500 66.03330 68.30250 67.61750 65.02250 63.87920 61.73080 57.45250 54.42170 49.42170 45.33250 40.39830 34.96920 33.22080 31.23920 27.58250 25.69830 23.76170 22.06000 20.61330 20.62000 19.17330 18.98750 19.02080 18.95500 19.34670 19.85330 19.76500 20.16920 18.67170 19.15500
-9999 -9999 -9999 -9999 -9999 -9999 -9999 -9999 -9999 -9999 -9999 -9999 -9999 -9999 -9999 -9999 -9999 -9999 -9999 -9999 -9999 -9999 -9999 -9999 -9999 -9999 -9999 -9999 -9999 39.57330 39.85080 42.99170 44.71080 44.99250 46.78080 49.02330 51.85000 54.39420 57.02500 59.66830 62.33170 65.70080 68.12000 66.75580 65.87000 62.99170 59.87830 56.74330 51.32750 46.83000 42.55080 38.63830 35.14580 33.06250 29.11920 26.87170 25.02830 23.09420 21.63420 21.50830 19.95500 18.22580 18.31580 18.34920 18.36170 18.61500 19.24420 18.05670 18.05420 20.22750 20.28670
-9999 -9999 -9999 -9999 -9999 -9999 -9999 -9999 -9999 -9999 -9999 -9999 -9999 -9999 -9999 -9999 -9999 -9999 -9999 -9999 -9999 -9999 -9999 -9999 38.29750 37.88080 37.59920 37.86250 39.05750 39.21670 40.60330 42.41250 43.00000 44.59000 46.53170 49.44920 50.65580 53.35830 56.26920 58.85420 61.66750 64.26830 66.52000 66.23920 63.05670 62.27500 59.07420 53.78500 50.80000 45.86500 43.03000 37.39750 34.94250 33.05250 29.19750 27.19080 25.09420 23.01420 21.37500 20.05500 19.43420 17.99920 18.22330 18.27580 18.19670 18.54500 18.60080 20.61500 20.94330 19.54000 18.68170
-9999 -9999 -9999 -9999 -9999 -9999 37.35670 38.94580 38.85330 39.03250 38.84670 -9999 -9999 -9999 -9999 -9999 -9999 -9999 -9999 -9999 -9999 39.91250 38.59920 38.05250 37.78920 37.18250 37.22750 37.22580 37.05920 39.42330 39.70000 41.94250 42.61500 44.93830 45.49330 47.76500 50.59330 53.14580 56.20750 57.17500 59.96920 62.74500 63.24580 62.87330 61.38170 58.41670 57.67080 53.13250 49.39750 44.83830 42.00920 37.95830 34.17080 31.87000 29.80250 27.65250 25.81170 23.35250 21.66250 21.28250 19.90500 19.79080 18.40750 18.45080 18.62830 20.07420 20.58750 20.67000 21.33580 21.50500 21.69500
-9999 -9999 -9999 -9999 -9999 38.93170 38.92830 39.12080 38.71670 38.84670 40.07500 40.31500 40.31830 40.10830 -9999 -9999 -9999 39.06330 39.13750 37.90170 38.19000 38.56250 37.30000 36.93500 36.61580 36.42500 36.35920 36.29170 36.92420 37.08170 39.09170 39.45830 41.52170 42.59170 44.41000 47.11670 48.00670 50.85000 53.80920 56.65250 57.81500 60.38080 60.32000 59.36420 59.26080 56.33750 54.06500 51.02420 48.68250 43.51670 41.48670 37.13250 34.88920 32.80080 30.67250 26.99000 24.64830 24.05080 22.35500 21.94580 20.51330 20.59420 20.31250 20.57420 20.11670 19.17500 20.98000 21.33920 21.89250 23.47580 24.14830
-9999 37.51920 38.52080 38.58420 38.81000 38.68330 38.88330 39.07330 40.50500 40.49580 40.37670 41.24330 41.21170 41.04920 40.69500 40.53000 40.29080 39.78580 39.40250 38.14670 38.46170 38.83750 37.05920 37.02420 36.60830 36.32750 35.81750 36.05750 36.28080 36.29250 37.81420 38.10920 38.67670 40.66830 41.78920 44.46000 47.35000 47.87330 50.56580 54.11670 54.66580 57.10670 57.35920 56.97750 56.67170 54.58750 51.95920 50.07330 46.77420 44.54170 39.49830 35.43000 33.28170 31.20000 29.02500 27.26750 25.33750 24.66920 22.96250 23.01170 21.74250 21.66580 21.82000 21.25500 21.33920 21.30830 23.17500 23.55250 23.69670 24.22420 24.28670
-9999 39.30920 39.56080 39.16580 39.25420 40.20670 40.22330 40.42670 40.42170 40.61000 41.80420 41.49920 41.64250 41.13420 40.95330 40.71580 40.51580 39.83250 39.98330 38.44670 38.50920 39.02420 37.60080 37.40750 36.91330 36.42830 35.67000 35.70670 35.67830 36.03080 36.07830 37.74830 38.07580 38.67250 40.71670 41.64500 43.99670 44.84670 47.70500 50.03500 50.90080 51.52420 53.68500 53.79000 51.64420 51.21830 49.08670 47.16080 44.99670 42.54830 40.12080 36.45580 34.08580 30.60920 28.60500 26.49830 24.25750 24.04920 23.96920 22.59170 23.94830 22.51420 22.60250 24.12000 23.86170 23.67750 24.23080 24.64170 26.41670 26.73500 27.34330
-9999 -9999 -9999 40.82420 41.08250 41.17500 40.90830 41.11000 41.00920 41.37500 42.86170 43.61580 43.79250 43.61830 41.40080 40.87500 40.95830 40.71080 40.77830 40.88250 39.54330 39.91250 37.97170 38.29670 37.56420 37.03580 35.64250 35.28170 35.90170 35.96080 36.08330 36.01750 36.08000 37.83920 38.54250 40.45830 40.83420 43.82830 44.57670 46.51000 46.58830 47.43250 48.98330 49.60750 48.31170 48.20420 46.99250 47.05330 45.16000 41.87330 39.74500 37.14750 33.62080 31.46080 28.89500 26.97250 25.01500 25.01250 24.79500 24.91000 25.07170 24.78670 24.92750 24.90500 24.56500 26.19000 27.11330 27.31000 29.31250 29.44330 30.07420
-9999 -9999 -9999 -9999 -9999 -9999 42.92250 42.90830 42.72420 42.85500 42.90170 42.23920 42.46080 42.31000 42.24500 42.16920 41.15500 41.20330 41.00250 41.57000 41.74580 40.57080 40.60670 39.01830 38.88250 38.40000 36.98500 36.25920 36.14830 34.71330 36.28000 36.45580 36.04250 36.29330 38.16330 38.71670 38.95250 40.81500 41.18830 42.98920 43.46750 43.66580 45.57420 46.34750 45.32580 46.34920 46.74420 45.70080 44.51580 42.70250 40.60920 36.30250 34.46830 31.93170 30.01580 28.10000 26.16750 26.10500 25.86670 25.95250 25.92500 25.71580 24.75330 25.19500 27.02750 27.15080 29.21250 29.79750 31.67500 32.25920 34.42920
-9999 -9999 -9999 -9999 -9999 -9999 42.77170 42.39920 42.45330 42.45750 42.27670 41.68920 41.48500 41.85000 41.96420 42.18330 42.65750 43.17170 42.59330 42.66170 42.90080 41.59080 41.60750 42.16330 40.40250 39.95830 38.52000 36.42000 36.30830 36.18670 36.15750 35.89580 35.72580 37.27830 37.58500 36.97580 38.54250 38.56670 40.06330 40.44920 40.36080 42.35000 43.36000 43.42580 44.81000 43.91580 45.19580 44.19580 45.53080 44.33920 42.03330 39.19080 34.34920 31.88920 29.95920 29.92080 28.10580 28.05170 28.31330 27.93830 26.53500 28.18330 27.99330 27.26420 29.47920 29.58330 31.74250 31.84420 34.13750 36.07500 36.81500
-9999 -9999 -9999 -9999 -9999 -9999 -9999 -9999 -9999 -9999 42.74000 42.41500 40.67500 41.06250 41.67830 42.54330 43.26330 44.33080 45.30670 44.12170 44.52250 44.71330 43.57920 43.50250 43.45250 41.12000 40.97580 39.23170 37.76750 37.75170 37.84750 37.63170 37.37420 36.84920 38.43330 37.38080 36.90420 38.37670 38.29500 38.08170 39.81670 39.81250 40.28170 41.16670 41.59830 42.84000 42.24250 43.63000 45.12670 43.99250 42.02830 37.96920 34.42830 31.89420 32.22830 31.22500 31.55420 30.25750 30.45420 29.74500 31.31830 31.48750 31.61920 31.42670 31.41580 33.43500 33.74670 36.13170 38.38170 40.69750 42.79080
-9999 -9999 -9999 -9999 -9999 -9999 -9999 -9999 -9999 -9999 41.22170 41.01500 41.26670 41.85750 43.48580 43.74420 45.40750 46.34750 47.28670 47.90080 47.74670 45.95500 45.93670 44.42670 44.69920 42.58250 42.14500 40.38580 39.35250 37.62920 37.42250 37.14580 37.18420 38.28580 37.84830 37.08580 37.89580 37.52330 37.15080 38.80830 38.81330 40.07170 40.06250 40.27330 41.18670 40.32670 40.92170 41.57670 40.13920 40.55750 38.43830 36.26250 34.87750 33.46000 32.36830 32.94830 33.49500 34.02420 33.23500 33.26420 33.55830 35.39750 35.24580 37.10000 36.98920 38.94330 39.54420 42.00670 42.26920 44.64580 46.08330
-9999 -9999 -9999 -9999 -9999 -9999 -9999 -9999 -9999 -9999 -9999 -9999 40.04420 41.24420 44.11250 47.24500 49.75080 49.59250 49.94000 49.00920 48.69330 48.31330 46.99420 46.97080 45.05830 42.77250 42.85420 40.96170 38.46830 38.33580 38.21830 38.07580 37.89170 37.79750 39.24580 38.04250 37.07170 37.38920 37.01420 38.41580 38.04500 38.45750 38.29500 38.19580 38.94500 39.48580 39.53830 39.58250 38.22670 37.99330 36.28920 36.10420 34.84580 33.58670 33.32920 32.34750 33.02670 33.42830 35.25750 35.34920 35.25920 37.11580 38.96500 39.00080 40.68170 40.99330 43.59250 46.04670 45.89670 48.02170 48.21250
-9999 -9999 -9999 -9999 -9999 -9999 -9999 -9999 -9999 -9999 -9999 -9999 40.34670 42.17170 44.50830 47.22750 49.77420 51.37330 51.45250 50.77250 50.53420 48.40830 48.86000 46.70920 44.70830 44.67000 42.74420 41.05670 39.17830 39.30580 36.73580 36.65080 38.39830 37.79250 37.32580 37.59080 36.64250 36.34830 37.07000 38.79170 38.12920 37.59830 38.02420 37.82750 38.42920 38.82330 38.82080 38.98170 39.33670 36.25580 37.13830 36.06250 36.19750 35.43920 34.11750 34.83170 35.42830 35.61170 37.52750 37.80500 39.60420 40.14330 41.97000 42.08830 44.28580 46.39500 46.46920 48.61170 50.69580 50.59330 51.56080
-9999 -9999 -9999 -9999 -9999 -9999 -9999 -9999 -9999 -9999 -9999 40.39830 41.48920 43.01500 44.61830 46.73830 48.62170 48.98170 50.16250 50.35080 49.12000 49.63670 48.11830 47.53420 46.13420 44.89500 42.86500 40.98500 39.17080 38.74080 36.75250 36.42830 35.61170 36.82830 36.63000 35.63670 36.42000 36.16580 37.03830 38.11670 37.87750 39.03580 38.54500 38.45000 37.52670 38.42580 38.63420 38.86670 38.24170 38.76500 39.55330 38.96250 39.73250 38.99420 37.51330 38.21170 38.77830 41.15000 40.72500 41.03830 43.08580 43.39580 46.03580 48.19500 48.41330 50.46000 52.07000 51.82830 53.99500 52.97580 53.36420
-9999 -9999 -9999 -9999 -9999 -9999 -9999 -9999 -9999 -9999 -9999 39.51500 40.39920 41.61670 43.54750 44.69250 46.08580 47.05330 48.05670 48.35420 48.80420 49.64170 47.98670 46.56250 44.96830 44.25250 42.49250 40.97500 39.13920 38.90170 36.46750 36.03830 35.36830 34.68330 35.69170 34.52170 36.19170 35.74420 37.20170 38.34000 39.54920 38.96830 40.42920 40.62500 39.14920 40.03170 40.01830 40.23580 41.94500 41.77750 42.87250 43.39330 42.59830 41.46580 41.75330 42.86500 43.30170 44.04920 44.57670 47.06000 47.62500 49.01830 49.59830 52.08330 54.26500 53.91170 55.55750 56.29000 55.69250 54.40420 53.34330
