data/hydroclimate-scenarios/BCSD_hadcm_B1/monthly_summaries/precip_monthly_tot_mar.2030-2059.asc
ncols	311
nrows	91
xllcenter	102.75
yllcenter	31.75
cellsize	0.5
NODATA_value	-9999
[rows 0 to 31 of 91, columns 0 to 71 of 311]
-9999 -9999 -9999 -9999 -9999 -9999 -9999 -9999 -9999 -9999 -9999 -9999 -9999 -9999 -9999 -9999 -9999 -9999 -9999 -9999 -9999 -9999 -9999 -9999 -9999 -9999 -9999 -9999 -9999 -9999 -9999 -9999 -9999 -9999 -9999 -9999 -9999 -9999 -9999 -9999 -9999 -9999 -9999 -9999 -9999 -9999 -9999 -9999 -9999 -9999 -9999 -9999 -9999 -9999 -9999 -9999 -9999 -9999 -9999 -9999 -9999 -9999 -9999 -9999 -9999 -9999 -9999 -9999 -9999 -9999 -9999 -9999
-9999 -9999 -9999 -9999 -9999 -9999 -9999 -9999 -9999 -9999 -9999 -9999 -9999 -9999 -9999 -9999 -9999 -9999 -9999 -9999 -9999 -9999 -9999 -9999 -9999 -9999 -9999 -9999 -9999 -9999 -9999 -9999 -9999 -9999 -9999 -9999 -9999 -9999 -9999 -9999 -9999 -9999 -9999 -9999 -9999 -9999 -9999 -9999 -9999 -9999 -9999 -9999 -9999 -9999 -9999 -9999 -9999 -9999 -9999 -9999 -9999 -9999 -9999 -9999 -9999 -9999 -9999 -9999 -9999 -9999 -9999 -9999
-9999 -9999 -9999 -9999 -9999 -9999 -9999 -9999 -9999 -9999 -9999 -9999 -9999 -9999 -9999 -9999 -9999 -9999 -9999 -9999 -9999 -9999 -9999 -9999 -9999 -9999 -9999 -9999 -9999 -9999 -9999 -9999 -9999 -9999 -9999 -9999 -9999 -9999 -9999 -9999 -9999 -9999 -9999 -9999 -9999 -9999 -9999 -9999 -9999 -9999 -9999 -9999 -9999 -9999 -9999 -9999 -9999 -9999 -9999 -9999 -9999 -9999 -9999 -9999 -9999 -9999 -9999 -9999 -9999 -9999 -9999 -9999
-9999 -9999 -9999 -9999 -9999 -9999 -9999 -9999 -9999 -9999 -9999 -9999 -9999 -9999 -9999 -9999 -9999 -9999 -9999 -9999 -9999 -9999 -9999 -9999 -9999 -9999 -9999 -9999 -9999 -9999 -9999 -9999 -9999 -9999 -9999 -9999 -9999 -9999 -9999 -9999 -9999 -9999 -9999 -9999 -9999 -9999 -9999 -9999 -9999 -9999 -9999 -9999 -9999 -9999 -9999 -9999 -9999 -9999 -9999 -9999 -9999 -9999 -9999 -9999 -9999 -9999 -9999 -9999 -9999 -9999 -9999 -9999
-9999 -9999 -9999 -9999 -9999 -9999 -9999 -9999 -9999 -9999 -9999 -9999 -9999 -9999 -9999 -9999 -9999 -9999 -9999 -9999 -9999 -9999 -9999 -9999 -9999 -9999 -9999 -9999 -9999 -9999 -9999 -9999 -9999 -9999 -9999 -9999 -9999 -9999 -9999 -9999 -9999 -9999 -9999 -9999 -9999 -9999 -9999 -9999 -9999 -9999 -9999 -9999 -9999 -9999 -9999 -9999 -9999 -9999 -9999 -9999 -9999 -9999 -9999 -9999 -9999 -9999 -9999 -9999 -9999 -9999 -9999 -9999
-9999 -9999 -9999 -9999 -9999 -9999 -9999 -9999 -9999 -9999 -9999 -9999 -9999 -9999 -9999 -9999 -9999 -9999 -9999 -9999 -9999 -9999 -9999 -9999 -9999 -9999 -9999 -9999 -9999 -9999 -9999 -9999 -9999 -9999 -9999 -9999 -9999 -9999 -9999 -9999 -9999 -9999 -9999 -9999 -9999 -9999 -9999 -9999 -9999 -9999 -9999 -9999 -9999 -9999 -9999 -9999 -9999 -9999 -9999 -9999 -9999 -9999 -9999 -9999 -9999 -9999 -9999 -9999 -9999 -9999 -9999 -9999
-9999 -9999 -9999 -9999 -9999 -9999 -9999 -9999 -9999 -9999 -9999 -9999 -9999 -9999 -9999 -9999 -9999 -9999 -9999 -9999 -9999 -9999 -9999 -9999 -9999 -9999 -9999 -9999 -9999 -9999 -9999 -9999 -9999 -9999 -9999 -9999 -9999 -9999 -9999 -9999 -9999 -9999 -9999 -9999 -9999 -9999 -9999 -9999 -9999 -9999 -9999 -9999 -9999 -9999 -9999 -9999 -9999 -9999 -9999 -9999 -9999 -9999 -9999 -9999 -9999 -9999 -9999 -9999 -9999 -9999 -9999 -9999
-9999 -9999 -9999 -9999 -9999 -9999 -9999 -9999 -9999 -9999 -9999 -9999 -9999 -9999 -9999 -9999 -9999 -9999 -9999 -9999 -9999 -9999 -9999 -9999 -9999 -9999 -9999 -9999 -9999 -9999 -9999 -9999 -9999 -9999 -9999 -9999 -9999 -9999 -9999 -9999 -9999 -9999 24.15830 23.93830 26.22580 26.07330 23.95420 24.23920 23.32250 24.11080 22.54080 22.28170 -9999 -9999 -9999 -9999 -9999 -9999 -9999 -9999 -9999 -9999 -9999 -9999 -9999 -9999 -9999 -9999 -9999 -9999 -9999 -9999
-9999 -9999 -9999 -9999 -9999 -9999 -9999 -9999 -9999 -9999 -9999 -9999 -9999 -9999 -9999 -9999 -9999 -9999 -9999 -9999 -9999 -9999 -9999 -9999 -9999 -9999 -9999 -9999 -9999 -9999 -9999 -9999 -9999 -9999 -9999 -9999 -9999 -9999 22.67420 24.99500 25.08750 25.57580 26.05920 26.05750 25.90750 25.74420 25.48920 25.46420 25.70920 23.77580 23.70170 22.17080 19.93170 11.89250 -9999 -9999 -9999 -9999 -9999 -9999 -9999 -9999 -9999 -9999 -9999 -9999 -9999 -9999 -9999 -9999 -9999 -9999
-9999 -9999 -9999 -9999 -9999 -9999 -9999 -9999 -9999 -9999 -9999 -9999 -9999 -9999 -9999 -9999 -9999 -9999 -9999 -9999 -9999 -9999 -9999 -9999 -9999 -9999 -9999 -9999 -9999 -9999 -9999 -9999 -9999 -9999 -9999 -9999 -9999 -9999 -9999 -9999 23.71080 24.41170 24.59000 24.52920 26.82000 26.96830 26.83000 27.21330 25.46500 25.96580 24.00670 22.29750 20.14580 12.05920 -9999 -9999 -9999 -9999 -9999 -9999 -9999 -9999 -9999 -9999 -9999 -9999 -9999 -9999 -9999 -9999 -9999 -9999
-9999 -9999 -9999 -9999 -9999 -9999 -9999 -9999 -9999 -9999 -9999 -9999 -9999 -9999 -9999 -9999 -9999 -9999 -9999 -9999 -9999 -9999 -9999 -9999 -9999 -9999 -9999 -9999 -9999 -9999 -9999 -9999 -9999 -9999 -9999 -9999 -9999 -9999 -9999 -9999 -9999 -9999 -9999 -9999 26.33080 26.66080 26.44330 26.56670 27.21830 28.03330 26.67500 24.93080 23.38170 12.39500 -9999 -9999 -9999 -9999 -9999 -9999 14.00920 -9999 -9999 -9999 -9999 -9999 -9999 -9999 -9999 -9999 -9999 -9999
-9999 -9999 -9999 -9999 -9999 -9999 -9999 -9999 -9999 -9999 -9999 -9999 -9999 -9999 -9999 -9999 -9999 -9999 -9999 -9999 -9999 -9999 -9999 -9999 -9999 -9999 -9999 -9999 -9999 -9999 -9999 -9999 -9999 -9999 -9999 -9999 -9999 -9999 -9999 -9999 -9999 24.48330 24.95500 25.04500 25.50420 25.20000 27.18580 27.54170 27.82420 28.35420 27.38250 25.82830 22.33750 20.85500 -9999 -9999 -9999 -9999 -9999 13.79170 13.74500 11.67670 11.89580 11.93420 12.07920 9.54000 9.82583 9.69250 9.46500 9.71583 9.81417 7.85917
-9999 -9999 -9999 -9999 -9999 -9999 -9999 -9999 -9999 -9999 -9999 -9999 -9999 -9999 -9999 -9999 -9999 -9999 -9999 -9999 -9999 -9999 -9999 -9999 -9999 -9999 -9999 -9999 -9999 -9999 -9999 -9999 -9999 -9999 -9999 -9999 -9999 -9999 -9999 -9999 -9999 22.83500 23.55670 24.01500 24.25080 24.18500 25.94830 25.89080 25.77080 27.70670 26.18920 23.46500 22.16080 21.05580 19.30170 17.82580 15.69750 -9999 13.41750 13.60920 13.46420 11.51500 11.73000 11.77170 11.74080 9.71333 9.63250 9.58167 9.81833 9.65917 9.73667 7.82833
-9999 -9999 -9999 -9999 -9999 -9999 -9999 -9999 -9999 -9999 -9999 -9999 -9999 -9999 -9999 -9999 -9999 -9999 -9999 -9999 -9999 -9999 -9999 -9999 -9999 -9999 -9999 -9999 -9999 -9999 -9999 -9999 -9999 -9999 -9999 17.22330 18.77500 18.95080 19.58330 19.73670 19.88000 20.50580 22.23920 22.71920 23.20830 23.35830 25.33920 25.30250 25.82750 26.30580 26.94920 25.40670 23.63250 20.68170 20.86080 19.24500 17.45080 15.08920 13.29670 13.35250 13.42250 11.71750 11.35250 11.40170 11.53830 9.53000 9.70333 9.32250 9.73417 9.60333 9.66583 7.73083
-9999 -9999 -9999 -9999 -9999 -9999 -9999 -9999 -9999 -9999 -9999 -9999 -9999 -9999 -9999 -9999 -9999 -9999 -9999 -9999 -9999 -9999 -9999 -9999 -9999 -9999 -9999 -9999 -9999 -9999 -9999 -9999 -9999 -9999 16.02080 16.68920 18.28330 18.13500 18.79830 18.86420 19.33000 19.53500 19.74250 21.89750 22.18330 22.30750 22.59580 24.44420 25.01250 25.03330 23.91080 24.82330 23.45250 21.81670 20.64250 19.09830 16.11170 14.33330 12.79420 12.67500 10.89250 11.12420 11.13000 10.97580 9.39083 9.21083 9.24250 9.11250 9.24083 9.33500 9.53917 9.77167
-9999 -9999 -9999 -9999 -9999 -9999 -9999 -9999 -9999 -9999 -9999 -9999 -9999 -9999 -9999 -9999 -9999 -9999 -9999 -9999 -9999 -9999 -9999 -9999 -9999 -9999 -9999 -9999 -9999 -9999 -9999 -9999 -9999 15.44170 15.50170 15.93000 15.96920 17.63670 17.53420 17.80750 18.51250 18.36830 18.79250 18.85330 20.70500 20.98170 21.26330 21.45580 23.69330 23.56750 22.18420 22.59170 20.96500 19.47580 17.82500 16.23080 14.98170 13.02170 11.42170 11.78920 11.66250 9.86083 10.03830 8.30333 8.26167 8.35000 8.48083 8.63333 8.79083 8.95833 8.93167 9.17917
-9999 -9999 -9999 -9999 -9999 -9999 -9999 -9999 -9999 -9999 -9999 -9999 -9999 -9999 -9999 -9999 -9999 -9999 -9999 -9999 -9999 -9999 -9999 -9999 -9999 -9999 -9999 -9999 -9999 -9999 -9999 15.13000 15.28000 15.35250 15.44420 15.59420 15.91250 16.11830 17.48920 17.56250 17.65830 17.82750 17.92920 18.17000 18.32000 20.00000 20.40920 19.93580 20.09670 20.32080 20.29750 19.08670 18.99170 18.41580 16.54920 14.90330 11.75750 11.79420 11.87670 10.39830 9.22417 9.26417 9.13167 7.55333 7.72500 7.67750 8.04833 8.08500 8.11250 8.27917 8.56250 8.68750
-9999 -9999 -9999 -9999 -9999 -9999 -9999 -9999 -9999 -9999 -9999 -9999 -9999 -9999 -9999 -9999 -9999 -9999 -9999 -9999 -9999 -9999 -9999 -9999 -9999 -9999 -9999 -9999 -9999 13.12830 13.23830 13.77250 15.30920 15.00330 15.50170 15.66080 15.77500 15.84830 15.95000 16.01000 17.44500 17.40330 17.46330 17.86500 17.84580 18.20080 18.02080 18.05670 19.52580 19.32170 17.98330 17.83250 18.00170 15.01170 15.10500 13.46000 10.90830 11.02000 9.55917 8.31417 8.22417 8.28667 7.02000 7.04333 6.94917 7.24333 7.33583 7.61250 7.84333 8.08000 8.35750 8.29667
-9999 -9999 -9999 -9999 -9999 -9999 -9999 -9999 -9999 -9999 -9999 -9999 -9999 -9999 -9999 -9999 -9999 -9999 -9999 -9999 -9999 -9999 -9999 -9999 13.80580 13.60580 13.37750 13.28500 13.24920 13.09250 13.43250 13.46080 13.62580 13.63080 15.18670 15.32170 15.46670 15.57920 15.65920 15.89670 15.85500 17.27420 17.31920 17.71170 17.46330 17.62420 17.76000 17.57830 17.40920 17.49250 17.45330 17.01920 15.63500 14.32420 12.97670 11.74330 10.23670 8.91000 9.10083 7.61667 7.79833 6.51917 6.51333 6.52500 6.76667 6.79083 7.05917 5.84917 7.61417 7.82167 9.86000 9.89833
-9999 -9999 -9999 -9999 -9999 -9999 15.31420 15.40830 15.41670 15.54580 15.56500 -9999 -9999 -9999 -9999 -9999 -9999 -9999 -9999 -9999 -9999 14.19080 13.88170 13.85920 13.52580 13.52250 13.26420 13.35080 13.24670 13.20420 13.46920 13.57000 13.52420 13.61330 14.04670 15.32750 15.48500 15.50580 15.65920 15.95500 15.78580 15.98580 16.14250 16.17580 16.38750 17.56420 16.00500 15.92500 17.30580 17.21170 15.55330 15.43830 15.22170 12.68670 11.33920 10.06250 9.98750 8.70917 7.60667 7.59417 7.58167 6.44583 6.64083 6.55917 6.82333 7.00833 5.66000 7.25667 7.64667 6.22000 8.20167 8.19833
-9999 -9999 -9999 -9999 -9999 14.95330 14.95920 15.06830 15.19830 15.27250 15.14000 15.52750 15.42420 15.37000 -9999 -9999 -9999 14.96170 14.99170 15.03670 13.83170 13.91000 13.75080 12.50750 13.40170 12.21830 12.18920 12.06000 13.41330 13.37000 13.62920 13.78830 13.84000 13.94750 14.02080 13.93580 14.15080 14.29330 15.77920 15.89500 15.84580 16.07670 16.16580 16.39250 16.36080 16.31250 16.35000 16.12000 16.16750 16.18420 15.87830 14.49330 14.02580 12.93250 11.63920 10.31750 8.88333 8.83417 7.92000 7.70917 6.55333 6.69750 6.84250 6.86500 6.84000 7.01083 7.22667 7.46917 7.49833 7.81083 8.00000 7.87333
-9999 14.02830 14.27830 14.25330 14.64250 14.94830 14.64670 14.73500 15.13750 15.20830 14.88500 15.26250 16.43580 15.18330 15.11170 15.02080 14.82170 14.69000 14.68500 13.34670 13.67580 13.51170 12.41670 12.36420 12.46420 12.35920 12.37920 12.43830 12.26830 12.41670 12.38920 12.50170 12.57000 12.62670 14.02170 14.13420 14.07670 14.30170 14.36000 14.44250 15.72420 15.98500 16.09750 16.05670 16.20830 16.64750 16.56670 16.56330 16.30580 14.95750 14.76750 14.33250 12.99420 12.84170 11.73670 10.32920 8.89083 7.78000 7.93750 7.96583 6.75000 6.92500 7.21333 6.84083 7.25917 7.32833 7.35167 7.53500 7.58250 7.85750 9.61917 9.59583
-9999 14.10420 14.14920 14.06000 14.21250 14.17920 14.14580 14.24170 14.19670 14.71250 15.21250 15.23580 16.12250 14.94250 14.87670 14.81830 14.61000 14.58750 14.63580 13.32920 13.41170 13.72000 13.78500 12.68170 12.64330 12.67080 12.82670 12.80580 12.71670 12.73420 12.78330 12.73170 12.92750 12.78420 12.75580 12.87080 13.92330 14.09250 14.42920 14.42750 14.63580 14.35250 14.49250 14.77080 14.93170 15.08670 15.07580 15.26920 15.30170 15.05250 13.71170 13.43830 13.43670 13.36500 11.84080 10.42670 9.10417 7.85417 8.18083 8.20583 8.25417 8.57833 8.77417 7.46333 7.42000 7.73167 7.68667 7.83167 7.83833 7.93917 8.21167 10.00000
-9999 -9999 -9999 14.05750 14.06580 14.28170 14.25920 14.20330 14.43750 15.02670 14.90670 14.57170 14.72080 14.54580 14.52500 14.33920 14.45580 14.48000 14.43420 14.50500 13.43500 13.60920 13.76670 12.86080 13.18670 13.14000 13.12830 13.19420 13.25000 13.13330 12.98500 13.12500 12.94330 12.91170 12.95250 12.73420 12.74170 13.03750 13.11920 14.48920 14.24830 13.95000 14.27000 14.35420 14.85420 14.91920 15.23420 15.28000 14.06170 14.09750 14.24000 13.92170 13.77420 12.18580 10.68670 10.42500 9.31917 8.04833 8.36167 8.54667 8.59250 8.78833 8.98917 9.06833 9.21333 7.76833 7.89583 8.00750 8.15750 9.68583 9.59000 9.98000
-9999 -9999 -9999 -9999 -9999 -9999 14.21330 14.79500 14.65500 14.88080 14.84830 14.79250 14.60250 14.62000 14.60920 14.57250 14.64330 14.34670 14.62920 13.36250 13.56580 13.87330 14.15330 13.19000 13.42000 13.57500 13.71080 13.41500 11.95750 11.85580 11.79500 11.70420 13.06670 13.13170 12.91830 12.94000 13.00170 13.06750 13.01670 12.89170 12.71000 12.71170 13.77330 12.92080 13.36420 13.60830 14.04750 14.13250 14.35750 14.70670 14.66000 14.46750 14.44000 11.10250 10.94330 10.95330 9.64833 9.99833 9.85250 10.03580 10.23330 10.61330 8.78833 9.06583 9.30500 9.50833 7.79000 9.43167 9.48417 9.56500 9.61250 9.60167
-9999 -9999 -9999 -9999 -9999 -9999 14.85580 14.81000 14.66000 14.99500 14.92080 15.05080 15.07420 14.81830 14.97670 14.88250 14.98330 14.86170 15.19920 15.11750 14.05750 14.33170 14.42170 15.02000 13.82080 13.87670 13.76750 12.15920 12.10830 12.01330 11.81830 11.85170 11.81330 11.87830 11.92750 11.70500 11.57830 11.46750 12.76330 12.73080 12.34250 12.51170 12.59420 12.71750 13.26080 13.57750 14.18920 14.40330 13.50580 13.67750 13.59250 13.40170 13.11080 11.17920 11.03170 9.66750 8.30917 9.81250 8.32417 10.04750 10.06170 10.25080 10.57170 10.43920 9.11833 9.28000 9.13750 9.18083 9.23250 9.27083 9.34167 9.54250
-9999 -9999 -9999 -9999 -9999 -9999 -9999 -9999 -9999 -9999 14.98420 14.90580 14.92500 15.02670 15.03830 15.41670 15.39750 15.31670 15.66670 15.89830 14.59170 15.05330 15.11670 15.20330 14.01750 14.15920 14.21920 12.58500 12.25330 12.03420 12.09500 12.04750 11.98920 12.03500 11.89250 11.87420 11.73830 11.58420 11.28250 12.61330 12.23000 12.31330 12.23250 12.47580 12.86670 13.26920 13.79920 12.66080 13.44000 13.84330 12.03830 11.93750 9.75083 9.46250 8.00083 8.22333 8.44083 8.39417 8.49667 8.38750 8.35333 8.80083 8.69250 8.80250 8.84167 8.69333 7.56333 7.27167 8.81667 9.01167 9.08417 10.77920
-9999 -9999 -9999 -9999 -9999 -9999 -9999 -9999 -9999 -9999 14.74330 14.85830 14.64920 14.98080 15.11670 15.69750 15.71000 15.95080 16.38920 16.54170 16.52920 15.19330 15.38080 15.59330 14.15500 14.32750 12.78330 12.76830 12.66750 12.29830 12.37420 12.18250 12.13670 12.13830 12.09420 12.15500 12.07750 11.84250 11.57580 12.62830 12.68170 12.31170 12.29580 12.15750 12.53250 12.90500 13.23330 12.11420 12.38500 12.64330 11.32420 10.91580 9.56083 9.64750 8.32917 8.10500 8.32000 8.54083 7.03250 8.51917 8.46917 7.12000 7.12167 7.23750 7.06667 6.94083 7.31000 7.37917 7.25583 8.72583 8.70583 8.73500
-9999 -9999 -9999 -9999 -9999 -9999 -9999 -9999 -9999 -9999 -9999 -9999 14.75170 15.05330 15.55830 16.11000 16.66750 17.16170 17.00920 17.33830 17.29250 15.61420 15.71000 15.64250 14.14000 14.28420 12.84670 12.54670 12.47830 12.46000 11.04080 12.37750 12.34420 12.46500 12.46920 12.36170 12.04000 11.85000 12.82330 12.61080 12.10330 12.16750 12.06250 11.90080 12.32920 12.65080 12.76500 13.18580 11.70170 11.90500 11.94250 10.60920 10.81500 9.46250 9.26667 8.13583 8.19583 8.28917 8.28500 8.41333 8.36000 8.45917 8.24333 8.12333 8.11833 6.76667 6.83250 6.95500 6.96917 8.27833 8.42417 9.98250
-9999 -9999 -9999 -9999 -9999 -9999 -9999 -9999 -9999 -9999 -9999 -9999 15.35250 15.62000 15.73580 16.51080 16.88670 17.09420 17.58080 17.70420 17.39500 17.31000 15.90080 15.82750 14.27000 14.54750 12.68080 12.84170 12.81750 11.36000 11.35500 11.25080 11.12080 12.41170 12.15580 12.15920 12.13330 13.38170 13.16080 12.78330 12.34830 12.16000 12.01830 12.08830 12.32420 12.69670 12.74000 12.76830 13.04500 11.27920 11.79080 11.82000 10.33920 9.14917 9.13333 9.45500 8.23833 8.15250 8.23250 8.18250 7.96500 8.25083 8.13917 8.25500 7.96167 8.01250 8.17750 8.36250 8.48083 8.59583 10.04920 10.37170
-9999 -9999 -9999 -9999 -9999 -9999 -9999 -9999 -9999 -9999 -9999 15.37080 15.28500 15.59080 15.88500 17.57000 17.85330 18.16920 18.83750 18.72250 17.57420 17.94000 16.03250 16.16580 16.14750 14.66250 14.83420 13.04830 13.20170 11.64330 11.35670 11.34670 11.09420 12.31580 12.16330 11.89670 12.16170 13.49000 13.33420 14.37500 14.27170 13.95920 13.56420 13.32420 13.28750 12.77500 12.69580 12.85670 12.64080 13.09080 11.85420 11.92670 12.31580 11.04080 9.61583 9.65750 9.74000 9.94750 9.60500 9.75750 9.57750 9.45917 8.22083 8.22333 8.23667 8.28833 8.37833 8.38917 10.16920 10.34580 12.31170 12.55080
-9999 -9999 -9999 -9999 -9999 -9999 -9999 -9999 -9999 -9999 -9999 15.52330 15.44830 15.90250 16.50580 18.20750 18.32250 18.19670 18.93330 19.18580 17.98420 18.06670 17.95000 16.43420 14.80830 14.98500 13.32580 13.29250 13.16170 11.35420 11.17750 11.26170 10.97250 12.19250 11.88080 11.89830 12.17250 13.58580 14.69330 14.77750 14.49330 14.42000 15.25750 15.21170 13.79500 13.83920 14.00500 14.16170 14.33080 13.36920 13.65670 12.52830 12.70830 11.44330 11.66670 11.42250 11.44500 9.87167 9.86917 9.76083 9.88917 9.61500 9.62917 9.58750 9.62333 9.37583 9.72083 9.91500 10.07250 11.50330 12.33330 12.83830
