data/hydroclimate-scenarios/BCSD_hadcm_B1/monthly_summaries/precip_monthly_tot_nov.2030-2059.asc
ncols	311
nrows	91
xllcenter	102.75
yllcenter	31.75
cellsize	0.5
NODATA_value	-9999
[rows 32 to 63 of 91, columns 0 to 70 of 311]
-9999 -9999 -9999 -9999 -9999 -9999 -9999 -9999 -9999 -9999 -9999 40.30670 41.02580 42.13420 43.58420 42.37580 46.37920 45.09250 47.82920 49.45670 49.13670 47.52170 47.73080 43.78670 42.96580 40.94750 39.33000 37.26250 35.25080 34.15920 31.43330 31.30580 30.97080 30.98670 31.20670 30.99830 32.84750 33.14580 32.85830 32.97920 32.56500 34.42330 34.09920 33.82330 31.87830 31.79750 31.11420 30.73580 29.85330 29.39500 27.51920 27.58580 27.77330 26.30250 26.11670 26.11250 25.86080 25.93920 25.84420 26.18750 26.23080 26.27000 28.10250 28.60500 28.21330 27.21170 25.89750 23.19000 22.19830 19.55080 19.56170
-9999 -9999 -9999 -9999 -9999 -9999 -9999 -9999 -9999 -9999 -9999 45.12920 43.68750 43.52830 43.05080 44.03330 43.72830 46.13080 49.16420 48.29750 48.05580 48.73000 46.93420 43.85670 42.80080 39.19330 37.57170 33.64580 32.87000 32.81750 30.85170 29.04330 28.61500 28.39080 30.06330 30.20170 31.85000 32.37250 32.21170 32.07830 34.01920 33.70170 35.70830 34.71750 34.41330 34.18170 31.96420 31.36500 30.69500 30.08420 28.25750 28.65580 27.43580 27.66000 27.67420 27.46170 27.37420 27.44500 27.54670 27.47500 27.63580 28.25250 30.03750 30.78750 31.20750 29.70500 26.25750 24.66500 23.04580 21.75920 20.70330
-9999 -9999 -9999 -9999 -9999 -9999 -9999 -9999 -9999 -9999 -9999 -9999 42.75580 41.73580 41.98420 44.47080 45.83250 47.32330 48.91670 50.26670 50.03170 46.81080 45.76420 42.11580 39.14750 35.49830 33.97750 31.27420 30.66670 30.14920 28.29250 28.05580 28.06580 27.65170 27.59000 27.43250 29.36580 31.40670 31.29170 31.15580 33.28000 34.87580 34.90330 36.05330 36.31580 35.83250 35.58670 33.14420 30.80670 30.69000 29.46750 29.75080 28.46170 28.03750 27.62830 26.48420 26.72500 26.45920 26.27750 27.77920 28.46580 28.96420 29.20250 29.24080 29.75580 28.63250 26.78920 24.80330 23.39580 22.23420 22.14170
-9999 -9999 -9999 -9999 -9999 -9999 -9999 -9999 -9999 -9999 -9999 -9999 38.97250 39.91500 42.62420 42.76750 44.26830 46.64250 48.11920 49.13000 49.84000 46.86580 43.11330 39.33170 35.55000 33.66670 30.41670 28.95250 27.97500 27.40080 26.18500 24.34750 25.54580 25.62250 25.45170 26.72580 26.67080 28.87750 30.49170 30.04330 32.56750 33.68330 34.89670 35.56830 37.75580 37.33000 37.23330 35.22080 33.65170 31.16420 29.65920 28.16670 28.32830 26.96580 27.06250 26.96080 26.47000 26.52000 26.53250 26.56920 26.83670 27.08580 27.44250 27.18920 28.10750 27.30250 25.70580 24.50580 22.87500 22.04580 21.86830
-9999 -9999 -9999 -9999 -9999 -9999 -9999 -9999 -9999 -9999 -9999 -9999 39.76000 39.83250 38.58420 39.62500 41.03170 42.93170 44.13330 46.29750 48.06000 44.51080 41.55420 37.64080 32.77920 29.84330 27.12750 26.45330 25.87750 24.73830 23.95830 24.09670 22.62920 22.34330 23.69750 25.09080 25.95080 25.13580 26.62580 28.60670 29.93420 32.16500 33.18170 35.57170 37.11080 39.88580 38.45830 35.28500 32.70080 30.69920 29.13670 29.09670 27.19330 27.16580 27.00330 27.03830 26.79750 25.47500 25.50250 25.85920 25.94750 25.88170 27.10500 26.65170 26.25170 25.70250 24.72330 24.63330 23.15330 23.54330 23.78250
-9999 -9999 -9999 41.19750 40.32170 39.72330 41.14920 40.74000 40.50170 -9999 39.66080 40.90170 40.77420 38.72830 37.88420 37.14420 37.72580 38.76330 39.78420 41.18670 42.30420 39.83420 35.51250 33.56580 30.08420 28.40670 27.42000 25.49080 22.97750 21.09920 21.05920 20.79920 20.90750 19.16250 21.54830 21.64080 22.39750 22.84000 24.00330 27.36420 28.47420 29.52830 30.61250 33.11420 35.42170 36.90830 36.29250 34.90080 31.73750 30.15170 28.51500 28.10330 26.40420 25.11580 24.80580 24.69500 23.54420 24.98670 24.98080 26.09830 25.90330 25.87920 25.30250 26.38250 26.23500 26.02750 25.31000 24.97750 23.77170 24.53830 24.80250
-9999 -9999 -9999 39.39330 38.22830 37.70670 38.39420 39.77420 40.27000 39.84250 40.07250 39.82920 39.02000 37.60250 35.88000 35.87250 35.05580 33.52670 32.05830 33.19000 33.22500 32.57420 31.66420 30.29750 28.52170 26.72920 24.81000 22.97750 21.04000 19.67830 18.27750 18.34580 18.25000 17.72750 18.67080 19.19330 19.45330 20.15000 22.12670 23.23420 24.21920 27.07920 28.36750 29.63170 32.22330 32.83500 33.80830 33.79580 31.90080 30.08170 28.27830 26.45080 24.73330 24.49670 24.41920 24.21750 24.06920 24.16580 24.14830 23.70080 24.51330 24.29250 25.07080 24.98580 25.02080 25.74080 24.97000 25.15080 25.90170 26.70330 27.11170
-9999 -9999 -9999 34.71920 32.69080 34.29330 36.86830 37.74080 37.27670 38.40420 38.45750 38.32000 38.12670 35.70170 35.25670 34.27330 32.57420 31.36170 30.07500 30.55670 29.40000 28.51750 26.49500 25.44920 23.51330 22.85080 22.29830 21.27830 20.09420 17.30000 16.05080 16.02080 15.84250 16.77580 17.05250 17.35080 17.86830 18.00830 19.38080 20.37080 22.07000 23.66330 26.70830 28.61080 30.47500 31.65170 31.90000 31.63500 29.59330 28.93670 27.05580 26.05750 24.26670 23.94580 23.23830 23.17330 23.36000 23.53920 23.43000 24.02420 23.49000 24.29830 24.95000 24.71670 26.13580 25.91750 25.52420 25.99670 26.83330 28.01920 29.10750
-9999 -9999 -9999 31.66250 30.66830 34.30750 38.76080 36.97170 36.29330 34.85670 34.46250 34.35080 35.26750 33.93170 34.41830 32.24080 31.58830 30.75000 28.91580 27.41670 25.81250 24.12750 21.30420 20.83420 21.12250 20.38420 19.91830 19.28420 16.97500 15.79670 14.26330 13.15080 14.23920 13.29250 14.00750 14.39830 15.82500 16.33830 17.09500 18.10670 19.78420 21.44920 22.55170 26.12000 29.24170 29.35920 29.42750 30.69830 28.49250 28.43750 25.39500 24.61080 24.07830 21.64250 22.70420 21.42250 21.33500 21.19830 22.11920 22.99000 22.63750 23.59830 24.70420 25.58670 25.47330 27.31920 28.00920 27.79000 28.95250 30.35170 32.54080
-9999 -9999 -9999 27.62420 27.69250 30.44750 30.42500 30.92670 31.42250 30.73250 31.94330 32.51250 31.98170 33.39000 32.94580 31.95330 30.54920 28.53000 27.39420 25.81670 22.81580 21.25920 19.36250 19.00580 17.78750 17.58750 16.42330 15.71500 14.81000 13.81420 12.51170 12.30500 11.59330 12.29330 13.04330 13.73830 14.30830 14.71170 15.50330 16.72920 17.01330 18.42170 20.01080 20.38500 22.56080 24.61080 24.99420 26.50580 26.27420 25.98920 25.21500 24.82670 22.91250 21.35750 22.31000 20.69250 20.09170 20.12500 20.98750 21.80000 22.75000 23.40830 24.50170 25.89500 27.23500 28.18920 29.37580 29.66920 30.43330 32.88750 36.30750
-9999 -9999 -9999 -9999 24.65830 27.80330 28.00080 29.77170 29.81420 30.52330 31.50330 31.91000 30.86170 32.37170 -9999 -9999 -9999 -9999 -9999 20.77330 18.10330 16.32170 16.02000 14.19500 13.48170 12.95250 13.19580 12.42750 11.25250 11.54830 12.01670 11.55250 11.03670 11.81500 12.72420 13.01250 12.63500 13.12580 13.97500 14.75420 15.86500 16.60330 16.67920 17.33830 19.09580 20.99420 23.03830 23.00000 24.30170 24.31750 23.14670 22.71250 22.08420 21.67330 21.00580 20.11580 19.87080 19.55000 20.21580 21.20580 21.98670 22.95670 25.03920 26.95580 28.37420 29.68330 30.62830 32.76920 33.98250 -9999 -9999
-9999 -9999 23.21080 23.42920 23.25750 24.36500 26.33830 27.16580 27.65500 28.86250 29.02420 31.10250 30.87170 -9999 -9999 -9999 -9999 -9999 21.05420 18.31330 15.75830 12.12250 11.86080 11.56830 10.94920 10.88830 12.09920 11.06750 11.30500 10.96000 9.41500 9.34917 10.59580 10.20830 11.07580 11.52670 12.04420 12.84330 12.54750 13.16830 13.36330 14.62580 14.94330 15.68830 16.85750 18.49750 19.29580 20.75920 22.02920 23.34170 22.59750 22.37170 22.07080 22.60750 20.49830 20.81250 20.31420 20.45920 21.01750 21.63500 22.69000 24.40830 25.93250 27.57080 29.70330 32.79420 33.55920 -9999 -9999 -9999 -9999
-9999 -9999 24.91000 23.41000 20.93250 20.55330 22.23580 23.68080 24.74830 26.13750 28.74000 31.88750 34.98330 -9999 -9999 -9999 -9999 23.65250 19.16250 16.70500 13.90420 10.34580 9.93167 9.82250 9.50083 10.91000 10.58580 9.15583 8.99917 8.89833 9.07667 9.18917 10.87830 10.61920 11.73750 12.35670 11.81250 12.20250 11.76080 12.37750 12.70330 12.36000 14.35080 14.83000 14.81830 16.44750 18.11580 19.71250 21.00080 20.90750 21.94750 21.64080 22.13750 22.63170 21.67750 21.89830 21.56080 21.57170 21.30250 23.06000 23.55830 23.74580 24.75580 29.04080 31.84000 -9999 -9999 -9999 -9999 -9999 41.86080
-9999 -9999 25.00580 23.39420 20.89420 19.89250 20.21080 21.52750 22.95330 26.24580 29.72920 33.34670 20.42830 -9999 -9999 -9999 -9999 21.26830 19.48250 15.32580 11.71080 8.11417 7.85833 7.88250 7.73917 8.91000 9.09417 9.03250 8.68333 8.68833 8.76833 8.87750 10.24000 10.75000 12.16580 11.47420 11.76250 11.24750 12.08750 11.92500 11.82750 13.21080 13.43420 13.95670 15.31580 15.54750 17.15830 17.33580 18.71080 20.23670 21.46670 21.25580 21.45000 21.93080 22.24830 22.74170 23.41920 23.53920 24.41750 23.94830 24.73170 25.90670 26.89250 29.30580 29.58420 31.31670 33.49080 33.71170 35.24750 -9999 -9999
-9999 -9999 -9999 22.86670 20.18920 18.77830 18.91420 20.40580 22.71580 27.51670 31.25500 20.98170 -9999 -9999 -9999 -9999 23.74920 20.63920 16.23920 13.89830 10.62580 9.12250 7.53500 7.56417 7.55250 8.05250 8.14917 7.64917 8.66667 7.62000 8.55083 8.70917 9.92333 9.78833 9.16250 10.69420 11.57920 11.36330 11.38830 12.22000 12.17670 12.22830 12.22000 12.51500 14.21080 16.09920 16.66080 17.59080 17.30330 17.50580 19.10500 21.75500 21.83330 22.62250 22.94170 23.59170 24.69920 24.65330 25.62750 26.15670 25.72750 26.73330 26.35920 26.41000 26.02580 27.97920 28.70920 30.79420 32.05580 28.30080 -9999
-9999 -9999 -9999 -9999 20.44250 19.17920 18.22750 20.28080 22.86170 25.09420 16.83500 -9999 -9999 -9999 -9999 26.90750 23.63500 18.86670 14.69420 11.53170 8.79417 7.47583 7.12750 6.05167 6.31417 7.63000 7.93083 7.75083 7.55583 8.80500 8.46833 8.27833 9.30667 8.74500 9.15000 10.33330 10.39080 11.39080 11.17670 11.47330 11.31330 11.30000 11.00170 12.43500 13.05830 14.83330 16.56830 16.16750 16.03250 17.21000 18.65750 20.10000 21.28330 23.02920 23.51170 24.44920 25.58330 25.91830 26.57670 25.89080 26.56750 25.82000 25.55080 26.39920 26.13080 27.47500 26.05500 27.06500 28.60170 29.22420 30.26080
-9999 -9999 -9999 -9999 -9999 -9999 20.68420 20.98920 15.94080 16.37920 25.93170 -9999 -9999 -9999 -9999 -9999 21.18080 16.28500 13.47000 10.35330 9.10667 7.69500 5.97083 6.09917 5.90667 7.19083 7.40583 7.64917 8.90500 8.67333 8.59917 8.53167 9.48000 9.31833 8.97667 10.47830 10.67830 10.49250 10.30330 10.26750 10.22580 10.11080 11.38330 11.75420 11.66080 13.10250 14.27920 14.41580 15.79920 15.83670 18.51920 19.69170 20.64170 21.61080 23.16670 25.38830 26.69250 28.06580 26.84330 26.25420 25.74420 25.08750 25.66920 25.49330 25.12250 24.87170 25.61580 25.96580 27.09250 27.22170 28.39250
-9999 -9999 -9999 -9999 -9999 -9999 -9999 -9999 -9999 -9999 -9999 -9999 -9999 -9999 -9999 -9999 -9999 -9999 -9999 9.18583 7.96250 7.79667 6.35750 6.19583 6.39083 6.26000 7.95917 8.01250 8.98333 9.01167 9.40833 8.90667 8.54917 9.50417 9.52500 9.54250 9.39000 10.62250 10.36420 10.28580 10.24000 10.23170 10.50000 10.80330 11.95250 12.02420 13.23920 14.40420 14.52250 16.14500 17.69080 18.85750 20.93580 21.55920 23.14580 24.43830 25.19920 28.15670 25.66830 24.42170 23.88170 23.25580 24.41250 23.57920 22.56420 22.39000 22.06080 23.70500 25.62580 26.13500 27.84330
-9999 -9999 -9999 -9999 -9999 -9999 -9999 -9999 -9999 -9999 -9999 -9999 -9999 -9999 -9999 -9999 -9999 -9999 11.07920 9.84000 8.25583 6.73583 6.82667 6.73083 6.76333 7.18000 7.12500 8.41417 7.81000 7.78250 8.98667 8.54083 8.51750 8.63750 9.87083 9.95167 9.76667 9.88083 9.46333 9.32833 9.58000 9.63250 9.50917 10.88000 10.74000 11.06580 12.10580 13.14250 14.03750 15.94420 17.79170 19.14830 20.25000 20.93170 22.23170 23.30250 24.76330 25.08330 22.91830 22.69170 21.40670 21.57920 21.41580 21.09580 20.73750 21.28080 21.10170 22.02830 24.94250 26.11170 29.15000
-9999 -9999 -9999 -9999 -9999 -9999 -9999 -9999 -9999 -9999 -9999 -9999 -9999 -9999 -9999 -9999 -9999 11.15920 10.46330 8.67333 7.19750 6.73833 6.60000 6.90500 6.99583 7.41083 7.62667 7.01083 6.51083 7.65417 7.80167 7.83750 9.15750 8.93750 8.66500 8.91000 9.04667 10.51500 9.95583 10.12330 9.97833 10.00670 10.02920 9.84667 9.88833 11.21830 12.29080 12.31250 13.32750 14.68750 17.45500 18.85670 20.29500 21.57330 22.58330 22.47170 23.21000 22.22170 20.80920 19.91580 20.39580 21.01080 20.48580 20.06000 20.40920 20.45830 21.41080 23.96580 24.87420 26.96250 29.57000
-9999 -9999 -9999 -9999 -9999 -9999 -9999 -9999 -9999 -9999 -9999 -9999 -9999 -9999 -9999 -9999 -9999 10.01250 9.08667 7.36167 7.20583 6.57250 5.06417 5.45250 7.08167 7.67167 7.70333 7.54167 7.38667 7.17250 8.04583 8.35250 8.87583 9.74917 9.39583 9.30833 9.47917 9.34250 9.34750 9.17500 8.99167 9.14083 9.13667 10.20000 10.10830 11.36580 11.18170 10.82750 13.27750 14.42330 15.59330 16.94830 18.38830 20.34250 21.08920 19.67250 19.42000 19.00080 18.98080 18.99750 19.22830 19.80420 19.42170 19.98000 20.93830 20.82580 22.58000 23.78670 24.97580 26.29420 29.43170
-9999 -9999 -9999 -9999 -9999 -9999 -9999 -9999 -9999 -9999 -9999 -9999 -9999 -9999 -9999 -9999 9.06500 7.92500 6.92667 6.72500 5.66500 5.93667 5.58000 5.47417 7.10250 5.73333 6.05417 7.64500 7.78167 7.65000 7.31750 8.89667 8.97417 8.48500 8.14083 9.46917 9.48750 9.50333 9.48333 9.37583 9.09000 9.20583 9.26083 9.04833 9.12333 10.04830 11.28250 10.77500 11.79420 12.76170 14.87420 15.28420 16.93080 18.04080 18.86920 18.90330 17.10580 17.02000 16.75830 17.38250 17.45330 18.49500 19.38420 20.00420 20.65250 22.21750 24.17580 25.97250 26.17000 28.16670 32.17670
-9999 -9999 -9999 -9999 -9999 -9999 -9999 -9999 -9999 -9999 -9999 -9999 -9999 8.53000 8.25583 8.48583 8.39500 6.57333 6.27500 5.10667 5.44000 5.85250 6.18833 6.63750 6.70750 6.26583 6.27667 6.22833 8.01083 8.20750 7.93583 7.94083 9.35500 9.01750 8.84583 8.66417 8.36500 8.12500 7.99333 7.89500 7.89333 7.74500 7.80500 8.94750 8.90417 8.80000 9.87500 9.47583 10.35080 11.50830 12.47170 14.08580 15.37170 17.63920 18.48420 17.79750 16.96420 17.15000 16.27750 16.04670 17.09670 17.95080 19.26250 20.16330 20.91920 22.67420 25.95170 28.90170 30.65080 32.53750 35.18330
-9999 -9999 -9999 -9999 -9999 -9999 -9999 -9999 -9999 -9999 -9999 -9999 7.55917 6.77167 7.63000 8.33250 7.37167 7.47333 5.54250 5.50500 5.91750 5.88833 6.56167 7.10083 6.60333 6.62167 6.35667 6.17167 6.00083 7.94500 8.01750 8.05833 8.20083 7.89167 7.70250 8.82333 8.52500 8.36000 7.99417 7.87000 7.76083 7.59167 7.39000 7.43750 7.48167 9.02917 8.37333 9.55167 9.27083 10.30330 11.50080 12.70830 13.77670 15.86750 16.72750 17.48750 16.39080 16.11830 15.79170 15.60580 16.22920 16.65750 19.11920 20.94330 22.47420 25.65330 28.80920 30.69250 32.99080 35.49330 37.48580
-9999 -9999 -9999 -9999 -9999 -9999 -9999 -9999 -9999 -9999 -9999 7.25750 7.57833 7.85250 7.45917 8.12083 8.61250 6.65750 6.77583 6.35167 4.53833 6.20000 6.39917 6.61000 6.75833 6.58917 6.44000 6.12500 6.10167 7.92000 8.02333 8.51250 8.37667 8.53917 8.39167 7.91083 7.36750 6.95917 6.62083 6.48750 6.44333 6.34083 6.19167 6.14083 7.45667 7.14667 7.06083 8.28333 9.53417 9.33583 10.25920 11.13670 12.10170 12.94170 13.53920 14.30000 15.07250 14.92500 16.18420 16.15170 17.49250 19.31580 20.42250 22.79000 25.88670 29.59000 31.95500 31.96330 33.26830 35.52000 39.57920
-9999 -9999 -9999 -9999 -9999 -9999 -9999 -9999 -9999 -9999 8.75500 8.82500 7.51333 8.00167 8.33583 6.85500 7.27000 7.06583 7.35667 5.18417 5.06667 5.33583 5.26167 5.14833 5.08417 6.92167 6.84917 6.59583 6.51000 6.60333 8.58667 8.94000 9.11250 9.28667 10.56920 8.60083 8.11417 7.27500 6.88417 6.74750 6.61167 6.53417 6.37583 5.96500 5.78500 5.70083 6.67833 6.89250 8.40583 9.11667 10.06080 9.66333 11.54000 11.10580 11.78080 12.78830 13.94330 14.02750 15.19580 16.38670 17.44830 19.47750 21.25080 24.03170 27.32580 30.21330 32.45080 33.06580 36.31500 38.44500 41.18920
-9999 -9999 -9999 -9999 -9999 -9999 -9999 -9999 -9999 7.56667 8.35083 8.74000 9.35167 7.46250 7.01750 7.07417 7.38083 7.31667 5.57500 5.63167 5.72250 5.37833 5.44250 5.30750 5.33667 7.63250 7.68667 7.55000 7.25750 7.32417 7.38500 9.47500 9.93833 9.68833 11.08920 10.62830 8.44917 8.23167 7.34500 6.93667 5.15917 6.40500 6.30167 5.90333 5.71000 5.63000 7.06500 7.16667 8.28083 9.28000 8.77750 9.40333 9.93917 9.62667 10.23920 12.19080 13.76000 13.99000 15.28170 16.65250 17.31920 20.09420 22.25080 24.13250 27.02580 29.36330 31.44000 33.96500 37.63830 41.13080 44.16830
-9999 -9999 -9999 -9999 -9999 -9999 -9999 -9999 -9999 -9999 7.73083 7.40083 7.44000 7.69750 7.45917 7.39333 7.47167 5.35583 5.59250 5.98417 5.85417 5.61333 5.62417 -9999 -9999 -9999 -9999 -9999 -9999 7.60500 7.52917 9.35667 9.44417 9.33250 10.63170 10.50330 8.57250 8.36500 6.28833 5.86417 5.32083 5.15833 4.82750 4.86583 6.00917 5.94500 5.91250 7.26583 8.41667 8.37917 9.00583 9.51833 10.16080 9.75083 10.42750 11.52500 13.19080 14.78420 15.14420 16.99670 18.84830 21.78830 22.65170 24.98580 26.63670 29.55670 32.86580 35.45670 40.38750 45.19500 48.53250
-9999 -9999 -9999 -9999 -9999 -9999 -9999 -9999 -9999 -9999 -9999 -9999 7.18417 5.36417 5.56250 5.67167 5.58917 5.82333 5.98000 -9999 -9999 -9999 -9999 -9999 -9999 -9999 -9999 -9999 -9999 -9999 -9999 -9999 -9999 8.49167 8.45833 8.61167 8.28167 6.72167 6.29833 5.54083 5.34500 5.09417 5.08333 4.79250 4.72083 5.84667 6.08750 7.26167 8.35917 9.80667 9.23917 10.12420 9.53167 10.44080 11.16330 12.53000 14.56420 16.11580 17.00670 19.01920 21.60670 22.83330 24.93420 26.10250 28.18330 31.22170 33.97250 37.78670 42.08920 48.08920 54.07750
-9999 -9999 -9999 -9999 -9999 -9999 -9999 -9999 -9999 -9999 -9999 -9999 -9999 -9999 -9999 -9999 -9999 -9999 -9999 -9999 -9999 -9999 -9999 -9999 -9999 -9999 -9999 -9999 -9999 -9999 -9999 -9999 -9999 -9999 7.78917 7.71083 6.35833 6.03000 6.12000 5.54250 5.37583 5.06917 4.98417 4.78917 6.06250 6.16500 7.18667 8.36500 8.53583 9.73417 10.71670 10.63170 11.55670 11.33250 12.22920 13.75080 15.30920 18.01000 20.04580 22.29750 24.41420 25.52750 28.15670 28.93580 30.72330 32.02170 35.82580 40.15580 46.54580 51.40580 57.08330
-9999 -9999 -9999 -9999 -9999 -9999 -9999 -9999 -9999 -9999 -9999 -9999 -9999 -9999 -9999 -9999 -9999 -9999 -9999 -9999 -9999 -9999 -9999 -9999 -9999 -9999 -9999 -9999 -9999 -9999 -9999 -9999 -9999 -9999 5.45750 5.58500 5.55750 5.65000 5.56583 5.40750 5.12583 4.92667 4.93417 5.95167 5.82250 7.26833 7.40083 8.48250 9.61667 11.00250 10.74580 12.00750 13.26500 12.98750 14.01170 14.62250 16.66000 19.18000 22.22920 24.46250 26.52330 28.01330 30.65830 31.78500 32.83670 35.21750 37.45580 42.29830 50.00080 54.27250 -9999
-9999 -9999 -9999 -9999 -9999 -9999 -9999 -9999 -9999 -9999 -9999 -9999 -9999 -9999 -9999 -9999 -9999 -9999 -9999 -9999 -9999 -9999 -9999 -9999 -9999 -9999 -9999 -9999 -9999 -9999 -9999 -9999 -9999 -9999 -9999 -9999 -9999 -9999 5.26083 5.19167 4.98667 6.16500 6.03583 5.83833 7.21917 7.11083 8.55750 9.89750 11.05330 12.44080 12.16500 13.11920 13.11670 14.28170 15.32170 16.39750 17.60830 21.50500 23.42330 27.05830 29.33250 30.02750 31.48500 32.90580 34.36670 37.32830 40.32500 47.46250 53.25580 -9999 -9999
