data/hydroclimate-scenarios/BCSD_hadcm_B1/monthly_summaries/precip_monthly_tot_sep.2070-2099.asc
ncols	311
nrows	91
xllcenter	102.75
yllcenter	31.75
cellsize	0.5
NODATA_value	-9999
[rows 0 to 30 of 91, columns 71 to 141 of 311]
-9999 -9999 -9999 -9999 -9999 -9999 -9999 -9999 -9999 -9999 -9999 -9999 -9999 -9999 -9999 -9999 -9999 -9999 -9999 -9999 -9999 -9999 -9999 -9999 -9999 -9999 -9999 -9999 -9999 -9999 -9999 -9999 -9999 -9999 -9999 -9999 -9999 -9999 -9999 -9999 -9999 -9999 -9999 -9999 -9999 -9999 -9999 -9999 -9999 -9999 -9999 -9999 -9999 -9999 -9999 -9999 -9999 -9999 -9999 -9999 -9999 -9999 -9999 -9999 -9999 -9999 -9999 -9999 -9999 -9999 -9999
-9999 -9999 -9999 -9999 -9999 -9999 -9999 -9999 -9999 -9999 -9999 -9999 -9999 -9999 -9999 -9999 -9999 -9999 -9999 -9999 -9999 -9999 -9999 -9999 -9999 -9999 -9999 -9999 -9999 -9999 -9999 -9999 -9999 -9999 -9999 -9999 -9999 -9999 -9999 -9999 -9999 -9999 -9999 -9999 -9999 -9999 -9999 -9999 -9999 -9999 -9999 -9999 -9999 -9999 -9999 -9999 -9999 -9999 -9999 -9999 -9999 -9999 -9999 -9999 -9999 -9999 -9999 -9999 -9999 -9999 -9999
-9999 -9999 -9999 -9999 -9999 -9999 -9999 -9999 -9999 -9999 -9999 -9999 -9999 -9999 -9999 -9999 -9999 -9999 -9999 -9999 -9999 -9999 -9999 -9999 -9999 -9999 -9999 -9999 -9999 -9999 -9999 -9999 -9999 -9999 -9999 -9999 -9999 -9999 -9999 -9999 -9999 -9999 -9999 -9999 -9999 -9999 -9999 -9999 -9999 -9999 -9999 -9999 -9999 -9999 -9999 -9999 -9999 -9999 -9999 -9999 -9999 -9999 -9999 -9999 -9999 -9999 -9999 -9999 -9999 -9999 -9999
-9999 -9999 -9999 -9999 -9999 -9999 -9999 -9999 -9999 -9999 -9999 -9999 -9999 -9999 -9999 -9999 -9999 -9999 -9999 -9999 -9999 -9999 -9999 -9999 -9999 -9999 -9999 -9999 -9999 -9999 -9999 -9999 -9999 -9999 -9999 -9999 -9999 -9999 -9999 -9999 -9999 -9999 -9999 -9999 -9999 -9999 -9999 -9999 -9999 -9999 -9999 -9999 -9999 -9999 -9999 -9999 -9999 -9999 -9999 -9999 -9999 -9999 -9999 -9999 -9999 -9999 -9999 -9999 -9999 -9999 -9999
-9999 -9999 -9999 -9999 -9999 -9999 -9999 -9999 -9999 -9999 -9999 -9999 -9999 -9999 -9999 -9999 -9999 -9999 -9999 -9999 -9999 -9999 -9999 -9999 -9999 -9999 -9999 -9999 -9999 -9999 -9999 -9999 -9999 -9999 -9999 -9999 -9999 -9999 -9999 -9999 -9999 -9999 -9999 -9999 -9999 -9999 -9999 -9999 -9999 -9999 -9999 -9999 -9999 -9999 -9999 -9999 -9999 -9999 -9999 -9999 -9999 -9999 -9999 -9999 -9999 -9999 -9999 -9999 -9999 -9999 -9999
-9999 -9999 -9999 -9999 -9999 -9999 -9999 -9999 -9999 -9999 -9999 -9999 -9999 -9999 -9999 -9999 -9999 -9999 -9999 -9999 -9999 -9999 -9999 -9999 -9999 -9999 -9999 -9999 -9999 -9999 -9999 -9999 -9999 -9999 -9999 -9999 -9999 -9999 -9999 -9999 -9999 -9999 -9999 -9999 -9999 -9999 -9999 -9999 -9999 -9999 -9999 -9999 -9999 -9999 -9999 -9999 -9999 -9999 -9999 -9999 -9999 -9999 -9999 -9999 -9999 -9999 -9999 -9999 -9999 -9999 -9999
-9999 -9999 -9999 -9999 -9999 -9999 -9999 -9999 -9999 -9999 -9999 -9999 -9999 -9999 -9999 -9999 -9999 -9999 -9999 -9999 -9999 -9999 -9999 -9999 -9999 -9999 -9999 -9999 -9999 -9999 -9999 -9999 -9999 -9999 -9999 -9999 -9999 -9999 -9999 -9999 -9999 -9999 -9999 -9999 -9999 -9999 -9999 -9999 -9999 -9999 -9999 -9999 -9999 -9999 -9999 -9999 -9999 -9999 -9999 -9999 -9999 -9999 -9999 -9999 -9999 -9999 -9999 -9999 -9999 -9999 -9999
-9999 -9999 -9999 -9999 -9999 -9999 -9999 -9999 -9999 -9999 -9999 -9999 -9999 -9999 -9999 -9999 -9999 -9999 -9999 -9999 -9999 -9999 -9999 -9999 -9999 -9999 -9999 -9999 -9999 -9999 -9999 -9999 -9999 -9999 -9999 -9999 -9999 -9999 -9999 -9999 -9999 -9999 -9999 -9999 -9999 -9999 -9999 -9999 -9999 -9999 -9999 -9999 -9999 -9999 -9999 -9999 -9999 -9999 -9999 -9999 -9999 -9999 -9999 -9999 -9999 -9999 -9999 -9999 -9999 -9999 -9999
-9999 -9999 -9999 -9999 -9999 -9999 35.00000 -9999 -9999 -9999 -9999 -9999 -9999 -9999 -9999 -9999 -9999 -9999 -9999 -9999 -9999 -9999 -9999 -9999 -9999 -9999 -9999 -9999 -9999 -9999 -9999 -9999 -9999 -9999 -9999 -9999 -9999 -9999 -9999 -9999 -9999 -9999 -9999 -9999 -9999 -9999 -9999 -9999 -9999 -9999 -9999 -9999 -9999 -9999 -9999 -9999 -9999 -9999 -9999 -9999 -9999 -9999 -9999 -9999 -9999 -9999 -9999 -9999 -9999 -9999 -9999
-9999 -9999 31.40750 33.12080 33.51170 33.42830 33.94170 35.85170 35.80080 35.59830 34.95250 35.05330 34.62420 35.50080 34.72750 34.15920 33.72670 32.07830 32.05330 31.79250 31.65170 29.88250 -9999 -9999 -9999 -9999 -9999 -9999 -9999 -9999 -9999 -9999 -9999 -9999 -9999 -9999 -9999 -9999 -9999 -9999 -9999 -9999 -9999 -9999 -9999 -9999 -9999 -9999 -9999 -9999 -9999 -9999 -9999 -9999 -9999 -9999 -9999 -9999 -9999 -9999 -9999 -9999 -9999 -9999 -9999 -9999 -9999 -9999 -9999 -9999 -9999
-9999 -9999 -9999 -9999 34.22330 34.41580 34.56080 34.48330 34.62170 34.53670 36.08000 35.90080 36.19500 35.90330 35.49330 35.27000 34.70580 34.47080 34.37000 34.21250 34.17080 32.22000 -9999 -9999 -9999 -9999 -9999 -9999 -9999 -9999 -9999 -9999 -9999 -9999 -9999 -9999 -9999 -9999 -9999 -9999 -9999 -9999 -9999 -9999 -9999 -9999 -9999 -9999 -9999 -9999 -9999 -9999 -9999 -9999 -9999 -9999 -9999 -9999 -9999 -9999 -9999 -9999 -9999 -9999 -9999 -9999 -9999 -9999 -9999 -9999 -9999
30.59670 32.33750 32.75500 33.29580 33.11170 33.61670 33.62420 33.96000 33.86830 35.65250 35.36330 35.09500 35.28250 37.28000 37.37250 37.07420 36.85920 36.79750 36.68580 36.65750 36.31250 34.46670 32.88830 32.37420 30.74670 30.95170 29.41330 27.70580 -9999 -9999 -9999 -9999 -9999 -9999 -9999 -9999 -9999 -9999 -9999 -9999 -9999 -9999 -9999 -9999 -9999 -9999 -9999 -9999 -9999 -9999 -9999 -9999 -9999 -9999 -9999 -9999 -9999 -9999 -9999 -9999 -9999 -9999 -9999 -9999 -9999 -9999 -9999 -9999 -9999 -9999 -9999
31.40000 31.75920 32.06420 32.23080 32.52670 32.80500 32.97670 34.90580 34.32670 35.00500 34.96670 36.65170 36.74420 37.13420 37.32500 39.48330 39.43670 39.35170 39.41920 39.21500 38.94830 37.12830 34.95750 33.19500 33.06420 31.26670 31.37000 30.07170 30.00170 28.49580 28.55000 27.13920 26.83330 27.10580 25.54750 25.15330 24.44170 24.18920 22.33500 22.52500 22.57170 22.80170 23.05500 -9999 -9999 -9999 -9999 -9999 -9999 -9999 -9999 -9999 -9999 -9999 -9999 -9999 -9999 -9999 -9999 -9999 -9999 -9999 -9999 -9999 -9999 -9999 -9999 -9999 -9999 -9999 -9999
30.47920 30.54500 30.73420 31.21080 31.32670 33.12250 33.59580 33.82920 33.85330 34.26250 36.13420 36.31420 36.38830 38.79170 38.96170 39.42580 40.18330 40.02080 41.54250 41.24330 39.49580 37.58580 37.39420 35.84750 33.93080 33.57250 32.19670 31.82250 30.12670 30.29670 28.69670 29.03920 27.96330 26.19000 25.98670 25.63830 25.34170 23.96580 23.40080 23.50670 23.55580 24.08830 24.20250 24.52580 -9999 -9999 -9999 -9999 -9999 -9999 -9999 -9999 -9999 -9999 -9999 -9999 -9999 -9999 -9999 -9999 -9999 -9999 -9999 -9999 -9999 -9999 -9999 -9999 -9999 -9999 -9999
29.67250 29.48250 31.09250 31.02920 31.28920 31.59330 32.66750 33.03920 32.86580 34.88750 35.03330 35.23830 36.79670 37.37830 38.02500 40.25080 40.74250 41.19670 41.36420 40.92080 39.36580 39.01000 37.11330 35.51670 35.51580 33.74580 33.69750 31.78080 31.86920 29.70250 29.70250 29.62580 27.92920 27.53830 27.41420 27.13750 25.22920 24.97670 24.54000 24.58080 24.76420 24.68580 24.67330 24.61080 -9999 -9999 -9999 -9999 -9999 -9999 -9999 -9999 -9999 -9999 -9999 -9999 -9999 -9999 -9999 25.00830 25.58500 -9999 -9999 -9999 -9999 26.74000 26.88170 26.55420 28.43000 28.50830 30.19250
29.83250 30.30080 30.11920 30.35170 30.60080 30.39500 30.66500 31.03330 31.19170 32.72420 33.77580 34.00000 35.46920 35.64500 37.81250 38.44750 38.59330 39.03170 39.45830 40.52250 38.64080 38.44170 36.65830 36.09500 34.34500 34.35330 33.96670 33.97830 33.87750 32.24170 31.61330 29.93500 29.62080 29.28250 28.93000 26.94580 26.55500 26.17500 25.84750 25.59580 25.48670 24.92080 24.94920 24.89250 25.08920 25.11830 25.25080 26.46000 26.30580 26.68330 26.87500 26.87920 25.45250 25.70920 25.80750 25.84170 25.73580 25.72330 25.77080 25.69250 25.63080 -9999 -9999 -9999 -9999 -9999 27.67830 27.65170 29.02750 29.24250 31.26080
29.24830 29.29250 30.81330 30.71830 30.81330 31.00580 31.35500 31.17920 31.27000 31.43000 31.57080 33.14170 33.58670 35.46420 35.70500 37.85170 36.56750 37.66080 38.22830 38.49080 38.35170 37.46580 37.47250 35.73920 35.50500 35.79330 34.14250 34.17580 32.56500 32.31500 32.90500 31.30500 30.62420 31.00580 28.71920 28.57000 27.75750 27.34500 26.72250 26.68170 26.11000 25.92330 26.18250 26.09670 26.54750 26.64580 26.23580 27.20750 26.63170 26.66750 26.72000 26.70420 27.28830 27.00080 25.87580 25.85420 25.97170 25.89420 25.90420 24.67170 24.67750 26.21080 26.57750 26.10170 27.90670 28.16330 28.18750 30.03920 29.60330 28.90830 30.96750
29.97330 29.90080 29.97750 30.15170 30.03000 29.95830 30.08580 30.21920 30.27500 30.11330 30.28080 32.23000 32.23330 33.96080 35.51330 36.36500 36.80170 35.70750 36.55670 37.17920 37.47250 36.12250 36.18830 36.12830 35.12330 35.00000 35.14080 34.27420 34.18580 34.31920 32.85500 32.92920 32.32170 30.23920 29.60080 29.09170 28.71330 28.24920 27.96250 27.67920 27.66750 27.52000 27.30920 27.53000 27.96080 27.78170 27.04580 27.92330 27.45500 26.97500 27.05750 27.20750 27.09500 27.42580 27.05420 25.77670 25.92920 26.05830 26.05830 25.27580 25.42750 26.82750 26.40420 26.46250 27.89750 27.71250 29.45750 29.73830 29.37500 29.69580 31.36830
29.89170 30.13000 30.12670 30.62000 30.46830 30.46000 30.67170 29.01670 28.99830 29.00500 29.35830 30.39500 30.61330 31.89500 33.95580 34.57580 35.13170 34.35250 35.19580 35.89330 35.38500 35.68250 35.87080 36.15000 36.27250 36.49330 35.53580 35.92920 36.43000 34.95420 35.07580 35.20670 34.53250 32.16330 31.40670 30.77580 30.63750 29.90670 29.76920 29.39830 29.11580 28.80330 28.75830 28.41750 28.77250 27.95250 27.28080 28.04830 27.43500 27.02670 26.95170 27.22080 27.28500 27.15080 27.26000 27.33250 27.75000 26.73420 26.45750 27.06330 25.78330 27.15500 27.04170 28.39330 28.46170 28.68670 29.94080 30.50080 30.24670 30.31500 31.85170
31.45750 31.34500 31.15080 31.24750 31.20330 31.26580 29.74750 29.53670 28.30920 28.01750 28.51750 28.24500 29.42670 30.12170 31.93500 32.06670 32.42830 33.25420 34.08830 34.92250 35.53330 36.45080 37.03500 37.23750 37.60330 34.86000 35.08170 35.38750 33.95000 34.85920 35.17000 35.40420 33.31920 32.99750 32.62920 31.95920 31.15580 30.95750 30.33330 30.16080 29.99080 29.65830 29.61330 29.40670 28.69080 27.72670 28.48750 27.91670 27.40080 26.72420 27.68330 27.85250 28.08670 28.14580 28.37920 28.94080 27.86920 28.47580 28.72250 27.62000 27.66580 27.97330 28.99830 28.96670 30.60420 30.44750 30.80920 31.02250 31.61580 31.01250 32.51670
32.77250 32.85420 32.93580 32.89500 32.88170 31.25670 31.10000 29.71250 30.05250 28.55420 28.03920 27.63500 27.95420 28.48580 29.87830 31.66330 31.64750 31.84830 33.20500 34.18330 34.71000 35.72830 36.38080 35.74000 36.51250 36.55580 36.79670 37.14670 35.63250 35.50000 35.55330 34.31920 34.89170 34.43420 33.74920 33.16580 32.82670 32.12170 31.65580 31.27750 31.05080 30.97670 30.48250 30.50330 29.22250 29.56670 28.91330 28.43670 28.98920 28.44500 28.32420 29.60000 29.70750 29.86170 30.35250 30.80750 29.51670 30.10250 30.72580 29.71670 29.90000 29.89250 31.02000 31.17330 32.80170 32.49670 32.77580 33.04170 33.43580 33.61670 33.81750
35.70580 35.88670 35.96420 35.74500 34.37580 33.10420 33.19330 31.78920 30.11750 29.94580 28.25670 28.32670 28.41580 29.86170 30.25080 30.08000 30.68080 30.75170 32.51330 33.09170 33.91000 36.26500 37.43420 37.89420 38.31250 38.46420 38.63920 38.50670 36.87750 36.87420 35.53670 35.21580 34.35830 34.38580 34.57000 34.35000 33.76580 33.57170 34.71500 34.15500 34.14080 34.29080 33.62330 32.51500 31.35330 30.67750 29.95000 29.32250 30.22330 30.75250 29.94670 29.93420 29.97750 30.91250 31.61000 32.19330 31.42420 31.86830 32.62000 32.86330 33.03750 33.10170 33.37920 33.47830 34.81420 34.69420 33.55330 33.86670 34.49000 34.75830 35.10920
39.25830 39.02080 38.89250 37.47250 37.37920 35.97580 34.70250 33.40250 31.66330 30.17330 30.07080 28.61080 29.92250 30.20080 29.93500 31.79420 31.56750 31.00920 31.34080 32.84670 33.50170 34.15000 36.61500 38.96000 39.55000 39.98500 40.20920 38.49080 38.06920 36.03750 35.74580 35.83580 34.17830 34.77250 34.59330 34.40080 36.25830 35.56830 36.02580 36.77500 36.91830 36.56830 36.39580 33.76750 32.54420 31.96920 30.95670 31.11670 30.65500 31.14920 31.52920 31.29170 31.47750 31.63830 32.94580 33.67830 34.06830 33.54750 33.96420 34.69250 34.82250 35.00080 34.91580 36.74330 36.60420 36.66580 35.63330 36.29920 35.10670 35.62500 36.30500
42.57500 42.26500 42.23670 42.14670 40.63420 38.92250 36.28920 34.71670 33.73170 31.85330 30.67580 30.26080 30.10670 30.07670 31.24250 31.26170 31.21750 32.98580 32.27670 32.42170 32.72830 34.56500 35.38500 38.87420 39.53000 40.02670 40.11920 40.19580 38.51080 36.69670 36.37420 36.16000 35.67830 35.45670 35.17670 36.02750 36.32080 37.47080 37.78080 38.78500 39.08000 39.02000 38.34250 37.69250 35.26170 34.13420 32.97000 33.52750 32.58170 32.95080 33.53080 33.04830 34.15170 34.21920 34.61170 35.30420 35.84580 36.20920 36.75580 37.18330 37.76750 38.08170 38.22750 38.21750 38.28580 38.58250 37.36170 36.75750 37.19500 36.72580 37.49250
45.82750 45.51250 45.26750 43.54250 42.51250 41.01670 38.05330 36.95000 33.83420 32.62000 30.90750 31.00000 30.80670 30.84500 32.02420 31.76750 31.61500 32.14500 32.20830 32.63750 32.88670 34.45750 35.10000 37.20080 38.70080 38.97500 39.06670 38.74420 37.34250 37.18500 35.69670 35.45920 35.29080 34.95170 36.27670 36.24500 37.19500 38.54500 40.05330 40.05170 40.63580 40.31170 39.30670 38.95170 38.33330 35.76170 34.95330 34.00000 34.16000 34.50080 34.74750 34.65920 35.21420 35.23420 35.56330 36.37830 37.04830 37.14080 37.78830 38.57750 38.97580 39.69250 40.05670 39.94250 41.44920 40.42330 39.77580 39.19830 38.82920 38.73580 39.77580
47.74920 47.34500 46.07500 45.62580 44.34500 41.96170 40.40170 37.80080 35.13170 32.34670 31.16830 31.29500 30.99000 32.07330 32.18250 32.04750 32.33170 32.25750 32.42750 32.51330 32.78920 34.58670 36.22420 37.87080 38.17750 37.98920 39.68250 38.30920 38.37750 36.55080 36.39330 36.56250 36.32000 36.23250 35.84920 37.01670 38.30750 39.81750 41.32080 40.94000 42.50750 42.16580 41.88250 41.29500 39.39330 37.48000 36.38250 36.17580 36.65920 35.44580 35.36580 35.77000 36.68750 36.93920 37.26750 37.98670 38.73580 38.37670 39.31250 39.88670 40.24500 40.90580 41.73250 42.28830 42.44500 42.05750 41.29250 41.00500 40.53170 41.17580 42.28000
50.00830 49.63670 47.79580 46.43000 45.08920 43.70500 41.10750 38.56830 36.19080 33.86670 32.73500 32.84330 33.96080 33.98750 34.64920 34.60920 34.77580 34.76500 34.96250 35.11000 35.23830 36.72080 38.53670 38.61420 39.95000 39.23750 39.14420 39.11920 39.17500 37.93500 37.62250 37.34750 37.08170 37.10580 36.79170 38.23580 39.68670 40.71250 41.73420 44.35580 44.22080 44.38420 44.05580 43.35920 41.40170 39.41080 38.80170 38.56420 37.83750 37.67920 37.52330 36.56580 37.27750 37.55580 38.33750 39.25080 40.05830 41.02580 41.42500 41.52750 41.83000 42.69830 43.67000 44.85500 44.09580 45.23330 44.57670 43.36420 44.21920 44.09080 46.66830
51.54000 51.55500 50.12170 48.75830 47.71670 46.50830 44.32500 43.19580 39.65000 37.24830 35.16330 36.71170 36.84420 37.95080 37.70080 37.55670 37.43670 37.93920 37.09830 37.16830 38.70580 39.27750 40.75170 41.97920 42.09920 41.38580 40.77170 40.67000 40.61670 38.78750 38.28420 37.62670 37.99080 37.92420 38.19580 39.06580 40.48500 41.36330 43.34000 46.11250 47.03080 46.58170 46.24170 45.87670 44.19750 42.06920 41.07670 40.32920 39.65500 39.55420 38.83500 39.33250 38.91170 39.06080 39.79420 41.78670 41.74080 42.68500 43.60330 44.16500 43.95750 44.96830 46.74580 46.04420 45.68170 47.16580 47.01920 46.98330 48.46000 48.13500 49.38920
52.92500 54.18580 53.01750 51.85420 50.45250 49.33170 48.14500 45.81000 43.40580 42.45080 39.98000 40.01080 40.05000 39.64500 39.89170 39.94330 39.99330 39.09750 39.47920 39.73830 41.52250 42.05670 43.86750 44.69500 45.30250 44.62420 44.00330 43.39920 44.17250 42.27170 40.19500 39.98250 38.60670 38.67580 38.51580 38.61920 40.89170 42.63920 44.95000 47.01000 49.67830 50.06750 49.63420 48.19920 46.43330 44.70750 43.79250 43.03420 42.01080 41.38250 41.02500 40.74580 41.86000 42.09250 42.32250 43.20080 44.57750 43.90920 45.04920 44.91500 46.71830 47.96080 48.02330 48.70750 48.69670 48.27830 50.34920 52.01000 52.39250 54.28920 55.38250
54.42500 55.29080 55.08830 55.27330 54.01080 52.76670 51.40250 50.63750 48.01170 47.13670 45.35330 44.13170 44.23750 42.99830 43.22080 43.39080 41.99170 42.53580 41.51920 42.02420 44.08330 46.34250 46.92000 48.72920 48.59420 47.99170 45.24170 44.43670 45.33080 43.15000 42.54000 42.23670 40.65750 40.79170 40.50580 41.69170 42.82000 44.93080 46.63250 49.02170 52.10920 54.91500 54.14580 52.60750 50.28920 48.51920 47.79250 45.97330 45.41670 44.93500 -9999 -9999 44.83170 45.07080 45.21000 45.94170 46.75330 47.00750 48.47000 49.12080 50.48330 50.40920 51.18830 50.84920 51.78170 51.09580 52.46500 54.75920 57.34830 57.18500 58.60750
55.09580 58.05670 58.31080 57.92920 58.15670 57.52920 55.85500 55.63420 53.22170 51.90250 49.97000 48.90500 49.03000 47.69420 48.06920 46.74330 45.10420 45.66000 44.67920 45.38750 47.77500 49.36830 50.62170 51.95500 50.14420 49.43000 47.12920 46.11750 43.96330 44.63080 43.49580 44.46580 44.54000 43.21170 44.23750 43.96330 45.83580 48.71080 51.84750 -9999 -9999 -9999 -9999 58.46500 -9999 54.01250 52.49670 50.68330 50.16170 50.23580 -9999 -9999 49.32250 49.56500 48.96330 49.21580 50.07920 51.92500 52.11670 53.91580 53.26500 54.12750 53.40500 54.43250 54.98670 54.39170 55.44420 58.23500 59.39580 61.05000 62.96670
