data/hydroclimate-scenarios/BCSD_hadcm_B1/monthly_summaries/precip_monthly_tot_sep.2030-2059.asc
ncols	311
nrows	91
xllcenter	102.75
yllcenter	31.75
cellsize	0.5
NODATA_value	-9999
[rows 0 to 31 of 91, columns 71 to 141 of 311]
-9999 -9999 -9999 -9999 -9999 -9999 -9999 -9999 -9999 -9999 -9999 -9999 -9999 -9999 -9999 -9999 -9999 -9999 -9999 -9999 -9999 -9999 -9999 -9999 -9999 -9999 -9999 -9999 -9999 -9999 -9999 -9999 -9999 -9999 -9999 -9999 -9999 -9999 -9999 -9999 -9999 -9999 -9999 -9999 -9999 -9999 -9999 -9999 -9999 -9999 -9999 -9999 -9999 -9999 -9999 -9999 -9999 -9999 -9999 -9999 -9999 -9999 -9999 -9999 -9999 -9999 -9999 -9999 -9999 -9999 -9999
-9999 -9999 -9999 -9999 -9999 -9999 -9999 -9999 -9999 -9999 -9999 -9999 -9999 -9999 -9999 -9999 -9999 -9999 -9999 -9999 -9999 -9999 -9999 -9999 -9999 -9999 -9999 -9999 -9999 -9999 -9999 -9999 -9999 -9999 -9999 -9999 -9999 -9999 -9999 -9999 -9999 -9999 -9999 -9999 -9999 -9999 -9999 -9999 -9999 -9999 -9999 -9999 -9999 -9999 -9999 -9999 -9999 -9999 -9999 -9999 -9999 -9999 -9999 -9999 -9999 -9999 -9999 -9999 -9999 -9999 -9999
-9999 -9999 -9999 -9999 -9999 -9999 -9999 -9999 -9999 -9999 -9999 -9999 -9999 -9999 -9999 -9999 -9999 -9999 -9999 -9999 -9999 -9999 -9999 -9999 -9999 -9999 -9999 -9999 -9999 -9999 -9999 -9999 -9999 -9999 -9999 -9999 -9999 -9999 -9999 -9999 -9999 -9999 -9999 -9999 -9999 -9999 -9999 -9999 -9999 -9999 -9999 -9999 -9999 -9999 -9999 -9999 -9999 -9999 -9999 -9999 -9999 -9999 -9999 -9999 -9999 -9999 -9999 -9999 -9999 -9999 -9999
-9999 -9999 -9999 -9999 -9999 -9999 -9999 -9999 -9999 -9999 -9999 -9999 -9999 -9999 -9999 -9999 -9999 -9999 -9999 -9999 -9999 -9999 -9999 -9999 -9999 -9999 -9999 -9999 -9999 -9999 -9999 -9999 -9999 -9999 -9999 -9999 -9999 -9999 -9999 -9999 -9999 -9999 -9999 -9999 -9999 -9999 -9999 -9999 -9999 -9999 -9999 -9999 -9999 -9999 -9999 -9999 -9999 -9999 -9999 -9999 -9999 -9999 -9999 -9999 -9999 -9999 -9999 -9999 -9999 -9999 -9999
-9999 -9999 -9999 -9999 -9999 -9999 -9999 -9999 -9999 -9999 -9999 -9999 -9999 -9999 -9999 -9999 -9999 -9999 -9999 -9999 -9999 -9999 -9999 -9999 -9999 -9999 -9999 -9999 -9999 -9999 -9999 -9999 -9999 -9999 -9999 -9999 -9999 -9999 -9999 -9999 -9999 -9999 -9999 -9999 -9999 -9999 -9999 -9999 -9999 -9999 -9999 -9999 -9999 -9999 -9999 -9999 -9999 -9999 -9999 -9999 -9999 -9999 -9999 -9999 -9999 -9999 -9999 -9999 -9999 -9999 -9999
-9999 -9999 -9999 -9999 -9999 -9999 -9999 -9999 -9999 -9999 -9999 -9999 -9999 -9999 -9999 -9999 -9999 -9999 -9999 -9999 -9999 -9999 -9999 -9999 -9999 -9999 -9999 -9999 -9999 -9999 -9999 -9999 -9999 -9999 -9999 -9999 -9999 -9999 -9999 -9999 -9999 -9999 -9999 -9999 -9999 -9999 -9999 -9999 -9999 -9999 -9999 -9999 -9999 -9999 -9999 -9999 -9999 -9999 -9999 -9999 -9999 -9999 -9999 -9999 -9999 -9999 -9999 -9999 -9999 -9999 -9999
-9999 -9999 -9999 -9999 -9999 -9999 -9999 -9999 -9999 -9999 -9999 -9999 -9999 -9999 -9999 -9999 -9999 -9999 -9999 -9999 -9999 -9999 -9999 -9999 -9999 -9999 -9999 -9999 -9999 -9999 -9999 -9999 -9999 -9999 -9999 -9999 -9999 -9999 -9999 -9999 -9999 -9999 -9999 -9999 -9999 -9999 -9999 -9999 -9999 -9999 -9999 -9999 -9999 -9999 -9999 -9999 -9999 -9999 -9999 -9999 -9999 -9999 -9999 -9999 -9999 -9999 -9999 -9999 -9999 -9999 -9999
-9999 -9999 -9999 -9999 -9999 -9999 -9999 -9999 -9999 -9999 -9999 -9999 -9999 -9999 -9999 -9999 -9999 -9999 -9999 -9999 -9999 -9999 -9999 -9999 -9999 -9999 -9999 -9999 -9999 -9999 -9999 -9999 -9999 -9999 -9999 -9999 -9999 -9999 -9999 -9999 -9999 -9999 -9999 -9999 -9999 -9999 -9999 -9999 -9999 -9999 -9999 -9999 -9999 -9999 -9999 -9999 -9999 -9999 -9999 -9999 -9999 -9999 -9999 -9999 -9999 -9999 -9999 -9999 -9999 -9999 -9999
-9999 -9999 -9999 -9999 -9999 -9999 34.06420 -9999 -9999 -9999 -9999 -9999 -9999 -9999 -9999 -9999 -9999 -9999 -9999 -9999 -9999 -9999 -9999 -9999 -9999 -9999 -9999 -9999 -9999 -9999 -9999 -9999 -9999 -9999 -9999 -9999 -9999 -9999 -9999 -9999 -9999 -9999 -9999 -9999 -9999 -9999 -9999 -9999 -9999 -9999 -9999 -9999 -9999 -9999 -9999 -9999 -9999 -9999 -9999 -9999 -9999 -9999 -9999 -9999 -9999 -9999 -9999 -9999 -9999 -9999 -9999
-9999 -9999 31.61420 33.04000 33.13000 32.76170 32.98000 34.53330 34.18330 33.80580 33.11420 33.12000 32.60920 33.35000 32.51250 31.90420 31.39250 29.62580 29.38170 28.90830 28.53420 26.68080 -9999 -9999 -9999 -9999 -9999 -9999 -9999 -9999 -9999 -9999 -9999 -9999 -9999 -9999 -9999 -9999 -9999 -9999 -9999 -9999 -9999 -9999 -9999 -9999 -9999 -9999 -9999 -9999 -9999 -9999 -9999 -9999 -9999 -9999 -9999 -9999 -9999 -9999 -9999 -9999 -9999 -9999 -9999 -9999 -9999 -9999 -9999 -9999 -9999
-9999 -9999 -9999 -9999 33.75080 33.63420 33.46750 33.10000 32.93830 32.65420 33.98330 33.66830 33.78170 33.37580 32.84670 32.51670 31.87830 31.50750 31.25830 30.94500 30.77330 28.86170 -9999 -9999 -9999 -9999 -9999 -9999 -9999 -9999 -9999 -9999 -9999 -9999 -9999 -9999 -9999 -9999 -9999 -9999 -9999 -9999 -9999 -9999 -9999 -9999 -9999 -9999 -9999 -9999 -9999 -9999 -9999 -9999 -9999 -9999 -9999 -9999 -9999 -9999 -9999 -9999 -9999 -9999 -9999 -9999 -9999 -9999 -9999 -9999 -9999
31.08250 32.72920 32.81750 33.04500 32.55420 32.74830 32.44830 32.46830 32.08830 33.54080 33.09500 32.66420 32.65250 34.31250 34.23580 33.77920 33.43750 33.28920 33.09750 33.02500 32.64080 30.90830 29.41080 28.88830 27.43830 27.68250 26.38750 24.96000 -9999 -9999 -9999 -9999 -9999 -9999 -9999 -9999 -9999 -9999 -9999 -9999 -9999 -9999 -9999 -9999 -9999 -9999 -9999 -9999 -9999 -9999 -9999 -9999 -9999 -9999 -9999 -9999 -9999 -9999 -9999 -9999 -9999 -9999 -9999 -9999 -9999 -9999 -9999 -9999 -9999 -9999 -9999
31.94250 32.10580 32.07080 31.92750 31.88000 31.81920 31.70170 33.24420 32.38920 32.76580 32.50000 33.85420 33.72830 33.86000 33.81830 35.55500 35.32580 35.26080 35.33750 35.16750 34.96670 33.34580 31.41580 29.84750 29.78170 28.24500 28.41420 27.32580 27.35670 26.11000 26.29250 25.14080 25.06420 25.52750 24.27500 24.10250 23.64170 23.63250 22.05580 22.33750 22.35330 22.56670 22.81250 -9999 -9999 -9999 -9999 -9999 -9999 -9999 -9999 -9999 -9999 -9999 -9999 -9999 -9999 -9999 -9999 -9999 -9999 -9999 -9999 -9999 -9999 -9999 -9999 -9999 -9999 -9999 -9999
30.97170 30.81580 30.69080 30.83920 30.58420 32.01920 32.16920 32.08250 31.80750 31.90580 33.37580 33.30330 33.10920 35.04330 34.94580 35.12170 35.57750 35.53580 37.00080 36.85080 35.41750 33.80670 33.74420 32.46330 30.82420 30.57250 29.37580 29.10750 27.63330 27.88420 26.50080 26.90920 26.11580 24.66670 24.68250 24.57330 24.51330 23.40000 23.10580 23.31920 23.34750 23.85330 23.94000 24.24330 -9999 -9999 -9999 -9999 -9999 -9999 -9999 -9999 -9999 -9999 -9999 -9999 -9999 -9999 -9999 -9999 -9999 -9999 -9999 -9999 -9999 -9999 -9999 -9999 -9999 -9999 -9999
30.30670 29.83080 31.12330 30.75000 30.71170 30.70330 31.45250 31.52080 31.06420 32.68250 32.56080 32.49670 33.70170 33.96830 34.31000 36.07330 36.26580 36.76830 37.03420 36.72920 35.44000 35.22580 33.62670 32.26250 32.33750 30.76500 30.78580 29.08920 29.22420 27.28420 27.33830 27.32670 25.97250 25.82330 25.93330 25.89500 24.28830 24.28580 24.09170 24.25750 24.45580 24.37250 24.36170 24.30420 -9999 -9999 -9999 -9999 -9999 -9999 -9999 -9999 -9999 -9999 -9999 -9999 -9999 -9999 -9999 23.50670 24.03080 -9999 -9999 -9999 -9999 24.19330 24.12080 23.61500 25.07750 24.89830 26.05330
30.81250 31.01500 30.53500 30.48420 30.45920 29.98420 29.98080 30.07920 29.98920 31.21420 31.96500 31.96000 33.12330 33.06580 34.87500 35.23830 35.14920 35.53580 35.92170 36.86670 35.13750 34.95000 33.30920 32.77670 31.18330 31.22420 30.89670 30.94920 30.87750 29.42420 28.88750 27.39420 27.31580 27.20920 27.13000 25.48420 25.34330 25.21000 25.14080 25.04670 24.99080 24.46920 24.54580 24.52080 24.73080 24.80330 24.97080 26.05500 25.78670 26.04250 26.11000 26.01250 24.52830 24.66080 24.67670 24.66420 24.49500 24.45830 24.45580 24.33170 24.22750 -9999 -9999 -9999 -9999 -9999 24.99920 24.77420 25.80830 25.74670 27.25170
30.55080 30.29920 31.63000 31.27000 31.10330 31.05830 31.14420 30.72670 30.59000 30.52080 30.45170 31.78670 32.02420 33.62170 33.65580 35.49500 34.09830 34.98170 35.38830 35.49170 35.23330 34.27830 34.15250 32.42250 32.16080 32.43500 30.94830 30.97500 29.53080 29.31330 29.85500 28.41750 28.02830 28.60670 26.70920 26.79330 26.27250 26.11170 25.76080 25.89580 25.40750 25.29750 25.64830 25.63500 26.14500 26.33830 26.01580 26.88670 26.25250 26.22000 26.21330 26.13420 26.61080 26.25420 25.09250 24.98580 25.02500 24.88580 24.80420 23.55580 23.48420 24.85420 24.98670 24.31670 25.78830 25.80920 25.62920 27.10080 26.49830 25.65330 27.24920
31.66500 31.28920 31.16330 31.10000 30.76250 30.46670 30.36580 30.29080 30.14500 29.78830 29.80080 31.55000 31.39830 32.92830 34.24500 34.90670 35.17250 33.87670 34.44250 34.75670 34.78830 33.26750 33.07000 32.76420 31.70750 31.62080 31.72000 30.93500 30.83420 30.95580 29.61830 29.68330 29.35330 27.67750 27.31250 27.07000 26.95920 26.75830 26.74670 26.65330 26.76080 26.73330 26.65170 26.99500 27.52920 27.47250 26.87170 27.71500 27.20580 26.71250 26.79000 26.88830 26.73750 27.03420 26.58920 25.22750 25.26080 25.28250 25.17580 24.30500 24.33330 25.56580 24.93920 24.78250 25.92420 25.56330 26.96000 27.00500 26.47500 26.56420 27.84330
31.95170 31.87170 31.67580 32.02330 31.67330 31.47170 31.49920 29.60750 29.41920 29.27170 29.50420 30.41080 30.48580 31.65580 33.54500 34.04170 34.47580 33.33080 33.74420 34.03000 33.18420 33.07080 32.87920 32.76080 32.67920 32.85170 31.95420 32.27830 32.70330 31.35420 31.44080 31.52920 31.15330 29.23750 28.77580 28.43830 28.54080 28.10000 28.24420 28.09750 28.00080 27.86170 27.98000 27.81500 28.32500 27.67170 27.15920 27.93170 27.35000 26.94670 26.88920 27.17500 27.23750 27.12000 27.16330 27.07170 27.31170 26.17750 25.74250 26.18250 24.81920 25.99670 25.68080 26.75250 26.62000 26.61420 27.57170 27.86830 27.42750 27.31330 28.52830
33.16170 32.68170 32.34420 32.31170 32.12670 32.02670 30.34750 29.98330 28.61250 28.20330 28.64080 28.28250 29.37580 29.99830 31.71750 31.76250 32.05580 32.46000 32.85170 33.24420 33.41920 33.86420 33.99170 33.76500 33.88080 31.40080 31.59000 31.84830 30.53170 31.35580 31.63750 31.83580 30.16670 30.09250 29.98750 29.60750 29.08170 29.12750 28.78920 28.82920 28.80080 28.63500 28.72830 28.67500 28.09080 27.28750 28.17420 27.66000 27.18830 26.56420 27.54670 27.75080 28.04500 28.13830 28.31170 28.71250 27.48670 27.94170 28.01420 26.79670 26.71250 26.88170 27.64670 27.41500 28.77330 28.40830 28.52250 28.51670 28.84670 28.11420 29.31170
33.33500 33.03750 33.02580 32.90500 32.79080 31.07420 30.83170 29.36080 29.60750 28.07250 27.52420 27.10080 27.39830 27.88580 29.21330 30.94330 30.90170 30.77580 31.71920 32.31420 32.47830 33.08920 33.36330 32.44920 33.01250 33.08250 33.35830 33.69750 32.35500 32.28170 32.37580 31.29750 32.04250 31.82080 31.39420 31.07670 30.94420 30.50750 30.26920 30.05580 29.92080 29.90500 29.47920 29.55920 28.37750 28.78670 28.20080 27.79500 28.39670 27.91500 27.84830 29.16250 29.32170 29.52920 29.98170 30.31750 28.93330 29.39750 29.91250 28.83250 28.89580 28.78500 29.65580 29.58830 30.91170 30.41670 30.46080 30.49420 30.64920 30.60170 30.60000
35.18920 34.94330 34.95670 34.69420 33.29750 32.01250 32.02920 30.61000 28.94500 28.75750 27.15330 27.23670 27.33580 28.74080 29.12670 28.98830 29.58580 29.38920 30.79580 31.06750 31.57920 33.50080 34.30500 34.44500 34.74250 34.97080 35.23830 35.21080 33.80170 33.89170 32.76500 32.56000 31.94920 32.15670 32.52170 32.50670 32.14000 32.14580 33.44920 32.98830 32.98750 33.09420 32.44500 31.36420 30.21580 29.54830 28.83080 28.30330 29.24750 29.83500 29.11420 29.17330 29.28670 30.28580 30.95080 31.46500 30.64000 30.99420 31.67330 31.83750 31.98250 31.95330 31.99500 31.87830 32.91500 32.59330 31.30000 31.36670 31.74580 31.77330 31.86170
37.62330 36.87580 36.74920 35.36250 35.25250 33.87580 32.63250 31.37500 29.70750 28.31920 28.28420 26.96170 28.26920 28.59170 28.37750 30.19500 30.04250 29.30920 29.41170 30.63250 31.03670 31.44500 33.49920 35.44250 35.97000 36.52250 36.88830 35.43920 35.22170 33.48080 33.37000 33.57830 32.19420 32.92080 32.90750 32.88500 34.83750 34.33580 34.94920 35.69330 35.72000 35.28580 35.02580 32.40750 31.15170 30.50330 29.43250 29.67500 29.31830 29.88250 30.35170 30.20420 30.46080 30.70830 32.02330 32.71500 33.05670 32.54000 32.91420 33.60920 33.70920 33.86080 33.56830 35.09080 34.72830 34.55580 33.36830 33.77670 32.44830 32.68250 33.05670
39.73420 38.94830 38.87920 38.78920 37.38330 35.78330 33.33500 31.86000 30.94500 29.27830 28.25670 27.96500 27.90080 27.96830 29.12420 29.23670 29.30000 30.81080 30.01920 30.02330 30.17170 31.74080 32.35830 35.41500 36.06580 36.73000 37.02830 37.29580 35.94080 34.45000 34.34330 34.37080 34.02750 33.95170 33.80250 34.76080 35.18500 36.42170 36.86080 37.80670 37.91500 37.66670 36.83670 36.01580 33.53830 32.29250 31.01330 31.64080 30.83580 31.30500 31.96580 31.61000 32.76080 32.93750 33.39670 34.07830 34.63170 35.00750 35.55750 36.00330 36.58920 36.90830 36.81420 36.58500 36.41250 36.47080 35.08500 34.30920 34.49000 33.80500 34.23750
42.44500 41.62330 41.37250 39.76330 38.79330 37.41580 34.68580 33.64670 30.79250 29.70750 28.23330 28.40420 28.29500 28.40920 29.56420 29.41420 29.36920 29.75830 29.68250 29.98080 30.08830 31.43330 31.89670 33.68920 35.11500 35.57580 35.88420 35.78330 34.70830 34.75830 33.57080 33.52830 33.53920 33.34250 34.73580 34.83170 35.87000 37.32000 38.90920 38.88330 39.26580 38.77920 37.64170 37.13500 36.35670 33.76170 32.83080 32.06920 32.32920 32.77670 33.13080 33.18420 33.82580 33.96420 34.35920 35.16830 35.84250 35.95580 36.59080 37.38000 37.78670 38.49920 38.56750 38.19670 39.35250 38.10420 37.22920 36.41830 35.81170 35.45420 36.10170
44.56830 43.72830 42.48420 42.02500 40.82170 38.58330 37.07580 34.64500 32.15500 29.60330 28.55920 28.71500 28.48080 29.50920 29.62330 29.54170 29.84670 29.64580 29.65750 29.59920 29.71830 31.20330 32.55420 33.89750 34.19000 34.18580 35.88580 34.80250 35.04170 33.53580 33.55080 33.91330 33.84580 33.93750 33.73500 34.99500 36.38500 37.99670 39.58920 39.28170 40.69000 40.29500 39.95830 39.32500 37.44670 35.55580 34.46000 34.40580 35.01250 33.98830 34.03330 34.57000 35.58670 35.96330 36.35000 37.01580 37.72670 37.34750 38.21830 38.73250 39.07000 39.68330 40.11250 40.27000 40.06000 39.33080 38.27500 37.67580 36.89330 37.17670 37.89330
47.01330 46.22250 44.45330 43.08580 41.78920 40.43170 37.96170 35.54420 33.27830 31.11670 30.06500 30.16580 31.19330 31.21500 31.79500 31.77670 31.92670 31.72500 31.73670 31.69250 31.64830 32.82080 34.28420 34.17580 35.35830 34.84830 34.90170 35.00420 35.18500 34.20750 34.04830 33.92500 33.91330 34.13920 34.05170 35.59080 37.12830 38.29500 39.46330 42.06420 41.97670 42.16580 41.89500 41.27670 39.43580 37.57250 37.03080 36.95750 36.40420 36.39420 36.40330 35.61830 36.48250 36.91750 37.70580 38.54170 39.24500 40.10750 40.42670 40.43750 40.64830 41.40750 41.90500 42.56420 41.40670 42.01670 40.95670 39.41830 39.77500 39.32000 41.35580
48.77500 48.39750 46.96000 45.57500 44.53000 43.30170 41.17670 40.01250 36.62580 34.34580 32.38670 33.76420 33.85580 34.82170 34.51670 34.36170 34.19250 34.43330 33.44170 33.30580 34.47580 34.78250 35.89080 36.76500 36.83080 36.29250 35.84750 35.85750 35.90000 34.37000 34.00580 33.53170 34.11750 34.30330 34.77920 35.81500 37.34080 38.39250 40.47170 43.26580 44.27420 44.00080 43.82000 43.62920 42.17500 40.27500 39.47080 38.91920 38.41500 38.48000 37.95920 38.62250 38.41250 38.72420 39.47830 41.29170 41.11500 41.91420 42.67250 43.09580 42.76000 43.61000 44.77920 43.55250 42.69670 43.54250 42.88000 42.34830 43.15500 42.48080 43.33250
50.40580 51.22170 50.02830 48.80500 47.37420 46.19420 44.95500 42.65500 40.29080 39.28000 36.91250 36.85330 36.79830 36.35420 36.47500 36.42170 36.36500 35.29000 35.38750 35.37500 36.70920 36.93330 38.28170 38.75920 39.18670 38.66670 38.19000 37.71750 38.44250 36.84420 35.09330 34.95670 34.06170 34.40330 34.52330 34.88080 37.20670 39.07670 41.48750 43.66170 46.39830 47.04750 46.89500 45.79830 44.36330 42.96830 42.33080 41.79500 40.99750 40.55000 40.39580 40.30500 41.62080 42.05330 42.24420 42.96420 44.11580 43.27250 44.19500 43.89080 45.49830 46.52830 45.92830 45.93170 45.31580 44.33420 45.60830 46.50920 46.24580 47.47580 48.17500
51.53830 52.02250 51.71170 51.77000 50.47330 49.19420 47.79500 46.94080 44.37750 43.47580 41.74580 40.55170 40.55750 39.34250 39.46830 39.54080 38.18000 38.35330 37.17000 37.34580 38.88670 40.58830 40.80830 42.10670 41.88500 41.45580 39.15420 38.53170 39.38080 37.57580 37.11670 36.92920 35.92170 36.35580 36.41830 37.80920 39.15830 41.43080 43.34670 45.86750 49.00920 51.93000 51.46500 50.26330 48.29000 46.80250 46.33500 44.72250 44.31920 43.98580 -9999 -9999 44.40580 44.79920 44.90330 45.39830 46.01580 46.00170 47.24080 47.66500 48.77670 48.49170 48.60670 47.66670 47.92670 46.69670 47.34920 48.81250 50.50500 49.93080 50.92830
51.38330 53.79670 53.94750 53.49420 53.60580 52.93920 51.31250 51.01170 48.68580 47.43750 45.65670 44.67500 44.77420 43.54170 43.86920 42.65750 41.16670 41.33920 40.12920 40.45750 42.26420 43.34170 44.13670 44.96830 43.32080 42.87420 41.01750 40.31670 38.59670 39.33670 38.49670 39.54080 39.99750 39.19330 40.52750 40.67920 42.80670 45.93500 49.36330 -9999 -9999 -9999 -9999 56.40330 -9999 52.28420 50.88420 49.20250 48.75750 48.90000 -9999 -9999 48.20670 48.50170 47.83750 47.87080 48.49080 50.05500 50.01750 51.52250 50.68500 51.28830 50.08920 50.53670 50.55250 49.51330 49.96670 51.98000 52.49830 53.58330 55.01580
53.65000 54.29830 56.67420 56.43000 56.39830 56.14750 54.79750 54.39920 54.04580 51.82750 49.95250 49.36330 48.52920 47.42250 47.64000 47.08330 45.56830 44.59330 44.39920 44.92330 45.33920 46.59250 48.29330 48.94830 48.49500 46.81580 44.00000 41.46830 42.18420 42.50750 42.15750 43.06080 43.43670 43.96420 44.34250 45.25750 47.76080 -9999 -9999 -9999 -9999 -9999 -9999 -9999 59.56170 58.36750 57.10330 -9999 -9999 -9999 -9999 -9999 52.62920 51.85670 52.28750 52.21830 52.04170 53.06000 54.51250 53.48500 53.57750 54.26420 53.11670 53.42750 53.23500 51.82580 54.79830 55.87250 56.14080 57.45250 -9999
