data/hydroclimate-scenarios/BCSD_hadcm_B1/monthly_summaries/precip_monthly_tot_nov.2070-2099.asc
ncols	311
nrows	91
xllcenter	102.75
yllcenter	31.75
cellsize	0.5
NODATA_value	-9999
[rows 0 to 31 of 91, columns 213 to 283 of 311]
-9999 -9999 -9999 -9999 -9999 -9999 -9999 -9999 -9999 -9999 -9999 -9999 -9999 -9999 -9999 -9999 -9999 -9999 -9999 -9999 -9999 -9999 -9999 -9999 -9999 -9999 -9999 -9999 -9999 -9999 -9999 -9999 -9999 -9999 -9999 -9999 -9999 -9999 -9999 -9999 -9999 -9999 -9999 -9999 -9999 -9999 -9999 -9999 -9999 -9999 -9999 -9999 -9999 -9999 -9999 -9999 -9999 -9999 -9999 -9999 -9999 -9999 -9999 -9999 -9999 -9999 -9999 -9999 -9999 -9999 -9999
-9999 -9999 -9999 -9999 -9999 -9999 -9999 -9999 -9999 -9999 -9999 -9999 -9999 -9999 -9999 -9999 -9999 -9999 -9999 -9999 -9999 -9999 -9999 -9999 -9999 -9999 -9999 -9999 -9999 -9999 -9999 -9999 -9999 -9999 -9999 -9999 -9999 -9999 -9999 -9999 -9999 -9999 -9999 -9999 -9999 -9999 -9999 -9999 -9999 -9999 -9999 -9999 -9999 -9999 -9999 -9999 -9999 -9999 -9999 -9999 -9999 -9999 -9999 -9999 -9999 -9999 -9999 -9999 -9999 -9999 -9999
-9999 -9999 -9999 -9999 -9999 -9999 -9999 -9999 -9999 -9999 -9999 -9999 -9999 -9999 -9999 -9999 -9999 -9999 -9999 -9999 -9999 -9999 -9999 -9999 -9999 -9999 -9999 -9999 -9999 -9999 -9999 -9999 -9999 -9999 -9999 -9999 -9999 -9999 -9999 -9999 -9999 -9999 -9999 -9999 -9999 -9999 -9999 -9999 -9999 -9999 -9999 -9999 -9999 -9999 -9999 -9999 -9999 -9999 -9999 -9999 -9999 -9999 -9999 -9999 -9999 -9999 -9999 -9999 -9999 -9999 -9999
-9999 -9999 -9999 -9999 -9999 -9999 -9999 -9999 -9999 -9999 -9999 -9999 -9999 -9999 -9999 -9999 -9999 -9999 -9999 -9999 -9999 -9999 -9999 -9999 -9999 -9999 -9999 -9999 -9999 -9999 -9999 -9999 -9999 -9999 -9999 -9999 -9999 -9999 -9999 -9999 -9999 -9999 -9999 -9999 -9999 -9999 -9999 -9999 -9999 -9999 -9999 -9999 -9999 -9999 -9999 -9999 -9999 -9999 -9999 -9999 -9999 -9999 -9999 -9999 -9999 -9999 -9999 -9999 -9999 -9999 -9999
-9999 -9999 -9999 -9999 -9999 -9999 -9999 -9999 -9999 -9999 -9999 -9999 -9999 -9999 -9999 -9999 -9999 -9999 -9999 -9999 -9999 -9999 -9999 -9999 -9999 -9999 -9999 -9999 -9999 -9999 -9999 -9999 -9999 -9999 -9999 -9999 -9999 -9999 -9999 -9999 -9999 -9999 -9999 -9999 -9999 -9999 -9999 -9999 -9999 -9999 -9999 -9999 -9999 -9999 -9999 -9999 -9999 -9999 -9999 -9999 -9999 -9999 -9999 -9999 -9999 -9999 -9999 -9999 -9999 -9999 -9999
-9999 -9999 -9999 -9999 -9999 -9999 -9999 -9999 -9999 -9999 -9999 -9999 -9999 -9999 -9999 -9999 -9999 -9999 -9999 -9999 -9999 -9999 -9999 -9999 -9999 -9999 -9999 -9999 -9999 -9999 -9999 -9999 -9999 -9999 -9999 -9999 -9999 -9999 -9999 -9999 -9999 -9999 -9999 -9999 -9999 -9999 -9999 -9999 -9999 -9999 -9999 -9999 -9999 -9999 -9999 -9999 -9999 -9999 -9999 -9999 -9999 -9999 -9999 -9999 -9999 -9999 -9999 -9999 -9999 -9999 -9999
-9999 -9999 -9999 -9999 -9999 -9999 -9999 -9999 -9999 -9999 -9999 -9999 -9999 -9999 -9999 -9999 -9999 -9999 -9999 -9999 -9999 -9999 -9999 -9999 -9999 -9999 -9999 -9999 -9999 -9999 -9999 -9999 -9999 -9999 -9999 -9999 -9999 -9999 -9999 -9999 -9999 -9999 -9999 -9999 -9999 -9999 -9999 -9999 -9999 -9999 -9999 -9999 -9999 -9999 -9999 -9999 -9999 -9999 -9999 -9999 -9999 -9999 -9999 -9999 -9999 -9999 -9999 -9999 -9999 -9999 -9999
-9999 -9999 -9999 -9999 -9999 -9999 -9999 -9999 -9999 -9999 -9999 -9999 -9999 -9999 -9999 -9999 -9999 -9999 -9999 -9999 -9999 -9999 -9999 -9999 -9999 -9999 -9999 -9999 -9999 -9999 -9999 -9999 -9999 -9999 -9999 -9999 -9999 -9999 -9999 -9999 -9999 -9999 -9999 -9999 -9999 -9999 -9999 -9999 -9999 -9999 -9999 -9999 -9999 -9999 -9999 -9999 -9999 -9999 -9999 -9999 -9999 -9999 -9999 -9999 -9999 -9999 -9999 -9999 -9999 -9999 -9999
-9999 -9999 -9999 -9999 -9999 -9999 -9999 -9999 -9999 -9999 -9999 -9999 -9999 -9999 -9999 -9999 -9999 -9999 -9999 -9999 -9999 -9999 -9999 -9999 -9999 -9999 -9999 -9999 -9999 -9999 -9999 -9999 -9999 -9999 -9999 -9999 -9999 -9999 -9999 -9999 -9999 -9999 -9999 -9999 -9999 -9999 -9999 -9999 -9999 -9999 -9999 -9999 -9999 -9999 -9999 -9999 -9999 -9999 -9999 -9999 -9999 -9999 -9999 -9999 -9999 -9999 -9999 -9999 -9999 -9999 -9999
-9999 -9999 -9999 -9999 -9999 -9999 -9999 -9999 -9999 -9999 -9999 -9999 -9999 -9999 -9999 -9999 -9999 -9999 -9999 -9999 -9999 -9999 -9999 -9999 -9999 -9999 -9999 -9999 -9999 -9999 -9999 -9999 -9999 -9999 -9999 -9999 -9999 -9999 -9999 -9999 -9999 -9999 -9999 -9999 -9999 -9999 -9999 -9999 -9999 -9999 -9999 -9999 -9999 -9999 -9999 -9999 -9999 -9999 -9999 -9999 -9999 -9999 -9999 -9999 -9999 -9999 -9999 -9999 -9999 -9999 -9999
-9999 -9999 -9999 -9999 -9999 -9999 -9999 -9999 -9999 -9999 -9999 -9999 -9999 -9999 -9999 -9999 -9999 -9999 -9999 -9999 -9999 -9999 -9999 -9999 -9999 -9999 -9999 -9999 -9999 -9999 -9999 -9999 -9999 -9999 -9999 -9999 -9999 -9999 -9999 -9999 -9999 -9999 -9999 -9999 -9999 -9999 -9999 -9999 -9999 -9999 -9999 -9999 -9999 -9999 -9999 -9999 -9999 -9999 -9999 -9999 -9999 -9999 -9999 -9999 -9999 -9999 -9999 -9999 -9999 -9999 -9999
-9999 -9999 -9999 -9999 -9999 -9999 -9999 -9999 -9999 -9999 -9999 -9999 -9999 -9999 -9999 -9999 -9999 -9999 -9999 -9999 -9999 -9999 -9999 -9999 -9999 -9999 -9999 -9999 -9999 -9999 -9999 -9999 -9999 -9999 -9999 -9999 -9999 -9999 -9999 -9999 -9999 -9999 -9999 -9999 -9999 -9999 -9999 -9999 -9999 -9999 -9999 -9999 -9999 -9999 -9999 -9999 -9999 -9999 -9999 -9999 -9999 -9999 -9999 -9999 -9999 -9999 -9999 -9999 -9999 -9999 -9999
-9999 -9999 -9999 -9999 -9999 -9999 -9999 -9999 -9999 -9999 -9999 -9999 -9999 -9999 -9999 -9999 -9999 -9999 -9999 -9999 -9999 -9999 -9999 -9999 -9999 -9999 -9999 -9999 -9999 -9999 -9999 -9999 -9999 -9999 -9999 -9999 -9999 -9999 -9999 -9999 -9999 -9999 -9999 -9999 -9999 -9999 -9999 -9999 -9999 -9999 -9999 -9999 -9999 -9999 -9999 -9999 -9999 -9999 -9999 -9999 -9999 -9999 -9999 -9999 -9999 -9999 -9999 -9999 -9999 -9999 -9999
21.39750 21.34500 20.83330 19.95250 19.24580 17.87250 -9999 -9999 -9999 -9999 -9999 -9999 -9999 -9999 -9999 -9999 -9999 -9999 -9999 -9999 -9999 -9999 -9999 -9999 -9999 -9999 -9999 -9999 -9999 -9999 -9999 -9999 -9999 -9999 -9999 -9999 -9999 -9999 -9999 -9999 -9999 -9999 -9999 -9999 -9999 -9999 -9999 9.39667 -9999 -9999 -9999 -9999 -9999 -9999 -9999 -9999 -9999 -9999 -9999 -9999 -9999 -9999 -9999 -9999 -9999 -9999 -9999 -9999 -9999 -9999 -9999
23.35920 22.65170 21.27670 20.53580 20.11000 19.25330 17.55000 16.40000 15.40000 14.32500 16.27500 17.87500 18.05000 16.75000 16.47500 16.17500 15.27500 13.40000 84.40000 -9999 -9999 -9999 -9999 -9999 -9999 -9999 -9999 -9999 -9999 -9999 -9999 -9999 -9999 -9999 -9999 -9999 -9999 -9999 -9999 -9999 -9999 -9999 2.82083 4.18833 2.75750 1.30250 0.00000 4.56750 13.69170 -9999 -9999 -9999 15.16750 -9999 -9999 -9999 17.36080 22.94670 24.87420 -9999 -9999 -9999 -9999 -9999 -9999 -9999 -9999 -9999 -9999 -9999 -9999
24.26920 23.19580 22.01500 21.83750 21.22830 21.07580 21.10000 0.00000 0.00000 0.00000 0.00000 0.00000 0.00000 0.00000 0.00000 0.00000 0.00000 0.00000 0.00000 0.00000 0.00000 0.00000 16.89750 27.18250 18.45830 -9999 -9999 -9999 -9999 -9999 18.56330 18.42580 19.11170 20.00920 19.83920 18.11000 16.24750 16.58080 15.28080 15.06500 13.35080 13.99500 1.29917 1.79750 0.00000 1.40167 0.00000 1.95917 16.73170 17.21250 18.33420 17.03580 18.78500 20.41080 20.57420 20.40330 23.07670 24.33250 20.24830 24.07500 24.87080 24.62080 25.45170 22.94670 -9999 -9999 -9999 -9999 -9999 -9999 -9999
24.15580 24.08920 23.49830 25.60750 25.69580 27.07580 0.00000 0.00000 0.00000 0.00000 0.00000 0.00000 0.00000 0.00000 0.00000 0.00000 0.00000 0.00000 0.00000 0.00000 0.00000 0.00000 28.92170 6.62250 15.24080 20.21170 22.79420 27.89670 28.73750 26.68420 23.67500 22.50170 20.61500 23.06670 23.51080 21.65080 19.15830 20.00420 19.47250 18.48000 18.60580 17.77580 16.76830 17.72000 17.63330 16.41580 15.77330 15.80500 17.21000 17.14920 19.78080 18.89670 19.88330 22.89420 23.91750 27.39170 27.92750 30.05920 33.81500 34.68500 32.47420 37.04000 31.22830 29.89670 25.69580 21.87250 20.01170 20.39670 19.13830 17.67250 18.38750
33.83830 0.00000 39.71080 0.00000 0.00000 0.00000 0.00000 0.00000 0.00000 0.00000 0.00000 0.00000 0.00000 0.00000 0.00000 0.00000 0.00000 0.00000 18.17500 25.95000 20.30000 27.82500 47.53580 53.42170 24.25830 25.56080 26.13000 30.15420 35.31330 35.97330 36.31670 25.09920 24.77920 26.22580 29.23830 28.66670 29.34330 27.86170 27.60580 24.85500 23.37920 23.61670 21.80250 20.61000 21.00750 19.51830 18.96420 19.68420 19.87750 19.56580 22.09830 23.37670 24.43920 26.15500 27.76000 30.20330 32.10170 30.92920 32.40170 34.12580 36.87250 42.32250 33.63830 33.73000 28.53670 28.20500 26.72500 27.78750 30.81500 32.07670 31.83330
29.39920 28.86750 26.98250 29.48000 31.15500 26.52580 23.69170 25.35920 22.50580 18.20000 19.61580 19.28920 17.48330 15.89830 0.00000 18.18000 17.48500 17.49250 18.67500 16.29920 37.95330 48.64580 52.36250 62.81670 31.76170 31.16330 33.81750 28.23170 25.21580 33.53330 50.59670 39.49580 37.34420 34.34170 34.83830 33.95250 34.92250 30.75420 28.85750 26.67250 25.19670 24.18750 22.46920 23.89420 23.42330 23.42000 24.33920 25.24750 25.88330 25.32420 25.27750 24.60580 25.86500 26.59420 28.11750 28.20580 28.77830 31.10000 33.90330 35.66330 36.45420 36.98000 33.18830 33.06830 34.86500 37.35670 37.53670 36.28920 35.34000 35.39170 34.99500
32.72080 36.37080 38.15750 29.34830 26.12920 24.57420 21.23250 21.81580 19.16750 17.36170 16.26580 16.48830 16.88000 16.81170 17.65330 18.44250 18.40580 19.56920 60.89670 59.08580 45.39250 50.11500 43.33750 58.03170 27.80170 29.98000 38.13500 41.67830 46.28250 40.76000 59.76920 57.99580 48.72830 42.81170 37.16080 33.56250 32.37670 29.89670 30.95170 30.52000 28.44080 24.78420 26.96920 30.11580 28.85330 29.05170 30.06420 28.27170 28.65830 26.77000 27.09580 30.06830 29.86330 29.15830 29.86670 31.14330 36.13580 34.76080 34.56830 34.15500 32.81580 32.83920 33.54420 36.60580 38.34670 40.64580 43.30420 46.15080 50.17500 49.46170 47.15000
40.15080 59.41750 65.86420 44.31250 33.08750 27.40250 24.28920 22.38500 16.81250 15.79330 16.15500 16.63080 17.34580 18.42170 20.17580 20.38670 21.08250 22.51420 42.43500 37.26250 17.11080 17.00420 33.70750 29.15000 20.94080 29.23170 34.63670 39.27250 43.35080 45.78080 45.70750 51.40330 48.36170 43.36170 37.85580 32.83420 32.88330 34.62750 31.64670 30.69580 31.73580 27.41080 29.54500 28.75920 29.09750 28.79000 28.90080 29.62920 31.03000 29.79750 32.23170 30.85420 30.99330 33.48170 33.01670 33.41670 39.45580 36.78330 37.04670 31.08250 31.02830 31.64580 34.27330 35.71920 38.35670 40.15250 42.81580 47.29920 49.84170 49.58830 49.97500
54.09670 51.62170 41.05750 24.78080 20.24080 20.90080 20.09330 19.20420 16.63670 17.16920 17.44500 18.60000 21.20580 23.91670 25.77080 23.73500 23.25000 22.77000 43.58330 39.85830 7.77750 0.00000 0.00000 6.54833 18.00080 31.37330 42.55670 44.97330 39.61830 45.06580 41.85920 51.07080 50.96000 46.38330 42.55000 38.23420 37.28750 35.21750 33.86420 32.60580 32.67670 28.96250 29.95830 28.96420 28.29080 29.61330 31.37580 30.21000 31.94250 32.89670 33.81750 34.73670 31.65330 33.31920 32.30750 31.69420 34.99500 35.93920 36.63670 38.36170 36.57250 37.02830 33.56750 36.33500 37.45420 36.13000 37.76580 41.51000 46.63830 55.88330 59.15080
55.53920 35.79080 29.78250 29.35830 26.13420 30.38830 44.36830 47.89580 39.42750 30.94670 28.00000 24.52920 22.79500 25.30170 29.45080 28.87330 29.04330 26.74670 45.02330 41.90250 7.96583 0.00000 0.00000 6.36000 9.38917 24.03580 27.57330 29.96250 36.00670 43.56500 44.19080 42.22920 41.60500 41.49500 40.41500 42.34920 42.99670 41.26500 45.20920 42.82500 44.54420 42.09420 37.90750 35.57500 32.52250 38.10170 38.82170 42.00330 42.76830 42.56920 40.76920 39.99670 36.68000 35.17170 33.38330 36.23080 35.75330 41.35670 38.15750 36.14080 37.23670 35.57170 38.68670 39.62080 38.95080 39.92830 43.59330 44.79500 51.74750 55.44330 58.26500
31.45750 30.68250 35.17670 26.85250 20.90420 29.46670 39.09750 38.43330 37.91830 38.92920 38.22920 37.90330 0.00000 31.50580 25.89750 26.14330 27.45000 27.03420 42.00670 48.30580 19.25580 0.00000 5.10833 9.18250 8.43167 11.26750 19.47830 21.25750 25.84580 33.43500 39.32580 42.24580 42.13580 37.72250 41.97420 36.92250 33.03580 38.12670 47.76750 43.50580 47.90830 55.31830 65.84080 65.69080 66.53750 64.76750 57.15250 48.63000 53.12920 49.20580 43.01750 36.13000 40.26920 36.28750 35.08330 36.90670 38.17080 37.19000 36.59920 38.36000 41.38750 35.52420 37.54920 40.57920 38.01500 42.08250 42.31170 44.40500 48.78920 51.33000 52.31250
23.54080 23.29750 23.06250 21.11750 21.14750 22.64580 20.69580 21.76500 28.90250 30.99000 34.82080 27.11670 0.00000 0.00000 0.00000 0.00000 0.00000 0.00000 0.00000 47.23000 50.87580 0.00000 0.00000 0.00000 0.00000 3.41333 0.00000 9.67000 14.20670 14.91330 13.05500 13.20330 15.69000 17.25500 12.78250 17.28420 18.18170 17.38420 26.97920 36.53420 46.16080 56.03830 69.95580 66.98830 77.63750 88.30330 90.50750 76.21670 61.53750 50.75000 44.04670 36.42750 36.53250 40.60920 39.05750 36.94250 36.18670 37.64250 34.20580 37.23250 39.37250 44.51420 49.13080 46.57500 42.30330 40.81500 42.04750 44.24670 47.40580 48.28420 47.19170
21.59080 22.19580 22.67420 22.12000 23.30830 22.78170 24.58580 23.00500 22.35670 23.33750 25.71080 28.52080 30.15920 34.36170 0.00000 0.00000 0.00000 0.00000 12.10330 18.51080 19.48420 23.94500 3.69667 15.95080 10.62420 3.63917 3.59333 8.11750 11.80330 24.34080 24.07830 26.08170 18.20080 18.25330 15.56080 15.46750 24.42670 24.40420 36.22670 49.83920 50.77170 67.20500 84.19330 93.84580 93.78250 97.19670 102.85600 102.10500 94.48670 76.13000 65.59500 52.92250 41.75000 51.63000 52.09080 45.43920 42.07670 41.54330 40.27580 40.02500 42.65500 47.88830 49.36420 46.97420 48.07000 50.97500 46.16580 45.46580 48.59330 47.84330 47.49580
35.12830 37.94080 36.65830 34.71670 30.07500 38.10080 60.40080 81.16250 71.91580 56.62000 44.75080 56.68830 34.08580 23.48000 21.22920 22.02250 20.70580 20.84250 32.50000 18.78500 20.95580 13.97830 17.76830 22.90920 23.21420 27.61170 35.38580 37.69000 39.06920 44.59000 45.39920 33.63830 30.54580 31.67500 30.36670 35.43670 29.61830 35.63170 42.42000 55.57500 66.25420 80.14500 87.18500 106.15200 113.88300 122.15900 121.63700 124.67000 108.38800 91.83170 75.93580 69.77170 54.24750 46.92920 47.45420 52.34500 45.21000 45.55330 45.89920 47.10500 45.94750 48.65920 50.90670 53.60500 50.82500 50.82920 49.80250 49.20420 47.27580 49.41670 50.59000
121.08400 117.98300 61.83750 44.94830 42.27250 42.81830 57.07420 60.70080 67.25170 76.37080 68.61750 52.72670 80.66920 55.78830 43.37580 24.91500 17.55250 17.37330 44.09750 42.98000 33.45330 32.13920 25.38500 32.34750 22.35000 28.47250 33.29500 44.10420 38.45170 41.31500 37.60920 26.40670 20.99670 26.27420 18.01500 22.51420 33.20330 41.73830 46.66330 54.34250 72.04750 92.17830 104.13300 120.54100 130.32700 141.24699 141.07800 141.32899 123.86600 105.54600 96.23580 82.30330 71.67000 60.56500 47.17330 54.06250 50.54920 49.65580 47.26000 52.60830 51.04170 52.17170 52.46330 48.60830 50.42830 52.17250 54.69920 54.70580 50.11330 50.03250 48.97830
152.98199 114.51400 77.72670 53.97250 41.04830 39.74330 48.40920 30.12080 30.27250 32.70170 35.90500 37.63920 29.94830 32.17330 32.89670 34.39080 27.42250 16.79000 43.16830 52.49670 55.24750 63.92000 42.98830 29.50920 12.84420 9.50083 30.63830 35.97830 31.38000 36.33250 34.67750 24.45830 22.01250 13.37830 14.01420 25.32500 38.37000 42.33580 50.61000 65.11580 74.77500 94.60920 109.73300 127.72700 148.06400 156.87199 163.85001 155.73900 130.29900 127.07700 104.95500 89.13330 82.79250 66.59330 61.28580 45.98670 52.62420 52.93580 46.66080 45.84500 46.47330 48.11080 49.69000 49.63750 54.44750 56.23250 61.65170 60.28830 57.33250 51.94670 51.64500
86.36330 76.48000 84.60080 84.65330 85.82250 65.27920 44.36080 32.87330 25.87330 26.11920 27.33000 30.07500 49.26580 66.31920 62.38170 54.73920 46.59000 33.47330 49.56750 55.36580 66.58330 108.97700 101.34600 57.97670 37.00580 27.90420 28.70580 21.54250 28.46750 31.13330 27.27250 20.75500 20.34580 10.12080 17.81330 23.97330 42.12500 50.07830 60.26330 73.92580 87.81750 104.25000 123.77800 143.65300 169.46600 183.90900 169.19701 163.18201 156.14600 142.31900 115.38000 102.98100 96.48580 79.10920 65.89580 49.02330 49.71250 53.72080 47.36420 52.22670 59.65250 72.39750 74.06920 73.90580 76.96250 65.41000 57.29500 58.03250 61.14000 60.17580 59.02330
59.18080 44.95580 50.80420 74.68080 69.59750 49.43330 81.72500 125.22500 126.03500 76.63920 61.40080 42.94420 53.61670 69.39080 105.86400 121.38200 105.78300 90.65750 94.26500 103.71500 100.67900 134.05600 126.17200 69.65250 41.28080 40.04580 42.46250 51.14670 37.54170 33.57830 24.31420 18.24750 17.38000 15.79000 22.70830 32.77920 38.52000 49.22330 56.41920 71.16170 78.99080 94.42330 101.98800 132.11400 162.86200 175.44800 171.97099 138.67500 113.34300 105.23400 87.56830 89.22830 91.72170 70.45750 52.07420 54.77830 49.72750 50.77750 40.88670 42.43670 44.87250 50.65250 53.04330 54.02920 53.61170 53.37420 54.09000 58.15500 60.85670 65.99330 64.37080
59.74000 -9999 43.12330 88.75330 189.30000 390.23599 -9999 510.55301 411.64401 322.96500 279.42300 177.64200 159.67700 127.62000 114.01300 107.60200 72.69330 98.57080 204.51601 216.80299 231.02800 206.62700 212.44800 167.56400 110.48500 98.74830 81.17000 68.46830 72.56670 58.03670 45.58500 30.69830 20.99420 22.34420 33.24750 40.05330 51.79330 52.28830 64.54920 74.05500 92.61580 99.11420 102.73700 102.21800 134.60400 131.95900 144.35201 126.06800 105.86300 91.40580 91.36080 79.29000 74.13580 69.77250 51.41920 51.24170 42.46670 43.12500 44.59250 47.90750 46.50000 44.61000 46.46000 47.82330 50.31580 51.92580 55.43830 54.89920 55.97500 59.67170 54.72000
