data/hydroclimate-scenarios/BCSD_hadcm_B1/monthly_summaries/precip_monthly_tot_apr.2030-2059.asc
ncols	311
nrows	91
xllcenter	102.75
yllcenter	31.75
cellsize	0.5
NODATA_value	-9999
[rows 0 to 31 of 91, columns 213 to 283 of 311]
-9999 -9999 -9999 -9999 -9999 -9999 -9999 -9999 -9999 -9999 -9999 -9999 -9999 -9999 -9999 -9999 -9999 -9999 -9999 -9999 -9999 -9999 -9999 -9999 -9999 -9999 -9999 -9999 -9999 -9999 -9999 -9999 -9999 -9999 -9999 -9999 -9999 -9999 -9999 -9999 -9999 -9999 -9999 -9999 -9999 -9999 -9999 -9999 -9999 -9999 -9999 -9999 -9999 -9999 -9999 -9999 -9999 -9999 -9999 -9999 -9999 -9999 -9999 -9999 -9999 -9999 -9999 -9999 -9999 -9999 -9999
-9999 -9999 -9999 -9999 -9999 -9999 -9999 -9999 -9999 -9999 -9999 -9999 -9999 -9999 -9999 -9999 -9999 -9999 -9999 -9999 -9999 -9999 -9999 -9999 -9999 -9999 -9999 -9999 -9999 -9999 -9999 -9999 -9999 -9999 -9999 -9999 -9999 -9999 -9999 -9999 -9999 -9999 -9999 -9999 -9999 -9999 -9999 -9999 -9999 -9999 -9999 -9999 -9999 -9999 -9999 -9999 -9999 -9999 -9999 -9999 -9999 -9999 -9999 -9999 -9999 -9999 -9999 -9999 -9999 -9999 -9999
-9999 -9999 -9999 -9999 -9999 -9999 -9999 -9999 -9999 -9999 -9999 -9999 -9999 -9999 -9999 -9999 -9999 -9999 -9999 -9999 -9999 -9999 -9999 -9999 -9999 -9999 -9999 -9999 -9999 -9999 -9999 -9999 -9999 -9999 -9999 -9999 -9999 -9999 -9999 -9999 -9999 -9999 -9999 -9999 -9999 -9999 -9999 -9999 -9999 -9999 -9999 -9999 -9999 -9999 -9999 -9999 -9999 -9999 -9999 -9999 -9999 -9999 -9999 -9999 -9999 -9999 -9999 -9999 -9999 -9999 -9999
-9999 -9999 -9999 -9999 -9999 -9999 -9999 -9999 -9999 -9999 -9999 -9999 -9999 -9999 -9999 -9999 -9999 -9999 -9999 -9999 -9999 -9999 -9999 -9999 -9999 -9999 -9999 -9999 -9999 -9999 -9999 -9999 -9999 -9999 -9999 -9999 -9999 -9999 -9999 -9999 -9999 -9999 -9999 -9999 -9999 -9999 -9999 -9999 -9999 -9999 -9999 -9999 -9999 -9999 -9999 -9999 -9999 -9999 -9999 -9999 -9999 -9999 -9999 -9999 -9999 -9999 -9999 -9999 -9999 -9999 -9999
-9999 -9999 -9999 -9999 -9999 -9999 -9999 -9999 -9999 -9999 -9999 -9999 -9999 -9999 -9999 -9999 -9999 -9999 -9999 -9999 -9999 -9999 -9999 -9999 -9999 -9999 -9999 -9999 -9999 -9999 -9999 -9999 -9999 -9999 -9999 -9999 -9999 -9999 -9999 -9999 -9999 -9999 -9999 -9999 -9999 -9999 -9999 -9999 -9999 -9999 -9999 -9999 -9999 -9999 -9999 -9999 -9999 -9999 -9999 -9999 -9999 -9999 -9999 -9999 -9999 -9999 -9999 -9999 -9999 -9999 -9999
-9999 -9999 -9999 -9999 -9999 -9999 -9999 -9999 -9999 -9999 -9999 -9999 -9999 -9999 -9999 -9999 -9999 -9999 -9999 -9999 -9999 -9999 -9999 -9999 -9999 -9999 -9999 -9999 -9999 -9999 -9999 -9999 -9999 -9999 -9999 -9999 -9999 -9999 -9999 -9999 -9999 -9999 -9999 -9999 -9999 -9999 -9999 -9999 -9999 -9999 -9999 -9999 -9999 -9999 -9999 -9999 -9999 -9999 -9999 -9999 -9999 -9999 -9999 -9999 -9999 -9999 -9999 -9999 -9999 -9999 -9999
-9999 -9999 -9999 -9999 -9999 -9999 -9999 -9999 -9999 -9999 -9999 -9999 -9999 -9999 -9999 -9999 -9999 -9999 -9999 -9999 -9999 -9999 -9999 -9999 -9999 -9999 -9999 -9999 -9999 -9999 -9999 -9999 -9999 -9999 -9999 -9999 -9999 -9999 -9999 -9999 -9999 -9999 -9999 -9999 -9999 -9999 -9999 -9999 -9999 -9999 -9999 -9999 -9999 -9999 -9999 -9999 -9999 -9999 -9999 -9999 -9999 -9999 -9999 -9999 -9999 -9999 -9999 -9999 -9999 -9999 -9999
-9999 -9999 -9999 -9999 -9999 -9999 -9999 -9999 -9999 -9999 -9999 -9999 -9999 -9999 -9999 -9999 -9999 -9999 -9999 -9999 -9999 -9999 -9999 -9999 -9999 -9999 -9999 -9999 -9999 -9999 -9999 -9999 -9999 -9999 -9999 -9999 -9999 -9999 -9999 -9999 -9999 -9999 -9999 -9999 -9999 -9999 -9999 -9999 -9999 -9999 -9999 -9999 -9999 -9999 -9999 -9999 -9999 -9999 -9999 -9999 -9999 -9999 -9999 -9999 -9999 -9999 -9999 -9999 -9999 -9999 -9999
-9999 -9999 -9999 -9999 -9999 -9999 -9999 -9999 -9999 -9999 -9999 -9999 -9999 -9999 -9999 -9999 -9999 -9999 -9999 -9999 -9999 -9999 -9999 -9999 -9999 -9999 -9999 -9999 -9999 -9999 -9999 -9999 -9999 -9999 -9999 -9999 -9999 -9999 -9999 -9999 -9999 -9999 -9999 -9999 -9999 -9999 -9999 -9999 -9999 -9999 -9999 -9999 -9999 -9999 -9999 -9999 -9999 -9999 -9999 -9999 -9999 -9999 -9999 -9999 -9999 -9999 -9999 -9999 -9999 -9999 -9999
-9999 -9999 -9999 -9999 -9999 -9999 -9999 -9999 -9999 -9999 -9999 -9999 -9999 -9999 -9999 -9999 -9999 -9999 -9999 -9999 -9999 -9999 -9999 -9999 -9999 -9999 -9999 -9999 -9999 -9999 -9999 -9999 -9999 -9999 -9999 -9999 -9999 -9999 -9999 -9999 -9999 -9999 -9999 -9999 -9999 -9999 -9999 -9999 -9999 -9999 -9999 -9999 -9999 -9999 -9999 -9999 -9999 -9999 -9999 -9999 -9999 -9999 -9999 -9999 -9999 -9999 -9999 -9999 -9999 -9999 -9999
-9999 -9999 -9999 -9999 -9999 -9999 -9999 -9999 -9999 -9999 -9999 -9999 -9999 -9999 -9999 -9999 -9999 -9999 -9999 -9999 -9999 -9999 -9999 -9999 -9999 -9999 -9999 -9999 -9999 -9999 -9999 -9999 -9999 -9999 -9999 -9999 -9999 -9999 -9999 -9999 -9999 -9999 -9999 -9999 -9999 -9999 -9999 -9999 -9999 -9999 -9999 -9999 -9999 -9999 -9999 -9999 -9999 -9999 -9999 -9999 -9999 -9999 -9999 -9999 -9999 -9999 -9999 -9999 -9999 -9999 -9999
-9999 -9999 -9999 -9999 -9999 -9999 -9999 -9999 -9999 -9999 -9999 -9999 -9999 -9999 -9999 -9999 -9999 -9999 -9999 -9999 -9999 -9999 -9999 -9999 -9999 -9999 -9999 -9999 -9999 -9999 -9999 -9999 -9999 -9999 -9999 -9999 -9999 -9999 -9999 -9999 -9999 -9999 -9999 -9999 -9999 -9999 -9999 -9999 -9999 -9999 -9999 -9999 -9999 -9999 -9999 -9999 -9999 -9999 -9999 -9999 -9999 -9999 -9999 -9999 -9999 -9999 -9999 -9999 -9999 -9999 -9999
-9999 -9999 -9999 -9999 -9999 -9999 -9999 -9999 -9999 -9999 -9999 -9999 -9999 -9999 -9999 -9999 -9999 -9999 -9999 -9999 -9999 -9999 -9999 -9999 -9999 -9999 -9999 -9999 -9999 -9999 -9999 -9999 -9999 -9999 -9999 -9999 -9999 -9999 -9999 -9999 -9999 -9999 -9999 -9999 -9999 -9999 -9999 -9999 -9999 -9999 -9999 -9999 -9999 -9999 -9999 -9999 -9999 -9999 -9999 -9999 -9999 -9999 -9999 -9999 -9999 -9999 -9999 -9999 -9999 -9999 -9999
7.53833 7.46500 7.13333 6.99667 6.88667 6.78667 -9999 -9999 -9999 -9999 -9999 -9999 -9999 -9999 -9999 -9999 -9999 -9999 -9999 -9999 -9999 -9999 -9999 -9999 -9999 -9999 -9999 -9999 -9999 -9999 -9999 -9999 -9999 -9999 -9999 -9999 -9999 -9999 -9999 -9999 -9999 -9999 -9999 -9999 -9999 -9999 -9999 10.61670 -9999 -9999 -9999 -9999 -9999 -9999 -9999 -9999 -9999 -9999 -9999 -9999 -9999 -9999 -9999 -9999 -9999 -9999 -9999 -9999 -9999 -9999 -9999
10.05250 9.28667 8.25250 7.98000 7.89250 7.87667 7.47500 7.15000 6.45000 6.95000 0.00000 0.00000 0.00000 9.35000 9.25000 9.02500 8.35000 7.17500 34.82500 -9999 -9999 -9999 -9999 -9999 -9999 -9999 -9999 -9999 -9999 -9999 -9999 -9999 -9999 -9999 -9999 -9999 -9999 -9999 -9999 -9999 -9999 -9999 5.23833 6.90500 5.07500 5.35750 7.45167 9.55583 16.24670 -9999 -9999 -9999 14.22750 -9999 -9999 -9999 14.22920 18.89920 20.74830 -9999 -9999 -9999 -9999 -9999 -9999 -9999 -9999 -9999 -9999 -9999 -9999
11.59500 9.96750 9.51417 9.68333 9.63083 9.68833 0.00000 0.00000 0.00000 0.00000 0.00000 0.00000 0.00000 0.00000 0.00000 0.00000 0.00000 0.00000 0.00000 0.00000 0.00000 0.00000 8.78167 16.85750 10.43500 -9999 -9999 -9999 -9999 -9999 11.03750 11.14000 11.47500 12.71080 14.53330 13.16250 13.42420 13.69920 14.01420 12.51000 11.99920 12.46830 5.44083 6.32917 5.97333 7.71167 9.04333 12.03750 18.04250 18.02830 18.73330 17.29830 16.72500 18.26830 18.50580 16.46920 20.58250 21.76000 20.32750 20.80000 22.36000 20.51330 19.44080 18.86420 -9999 -9999 -9999 -9999 -9999 -9999 -9999
12.35500 12.34330 12.49500 13.48170 12.78830 0.00000 0.00000 0.00000 0.00000 0.00000 0.00000 0.00000 0.00000 0.00000 0.00000 0.00000 0.00000 0.00000 0.00000 0.00000 0.00000 0.00000 18.30080 12.96750 10.17500 12.00330 13.31750 15.87250 16.01170 14.21500 12.09750 11.71170 11.89330 14.86580 16.38500 15.63080 13.31080 15.47080 15.17830 15.27830 15.67000 14.20920 14.79920 15.72080 16.11920 14.98830 16.52920 18.31250 17.27750 16.82080 19.50830 18.84750 19.60250 20.37920 21.44000 25.42670 25.98920 24.80170 27.61670 28.70830 27.13080 29.68830 28.49420 28.13170 22.50920 20.74500 19.61250 18.58920 17.00580 18.03750 19.67580
20.53920 22.67080 23.70580 0.00000 0.02500 0.02500 0.00000 0.00000 0.00000 0.00000 0.00000 0.00000 0.00000 0.00000 0.00000 0.00000 0.00000 0.00000 0.00000 6.97500 6.87500 11.75000 24.27670 29.68000 13.46920 14.60330 14.63830 17.44920 18.84750 18.87750 19.12170 12.63920 13.14000 14.92580 16.86250 19.64000 20.01420 20.42330 18.66580 18.57750 18.90830 19.68750 18.16500 17.32420 17.68580 17.77500 19.17000 19.61170 19.56830 19.16080 19.34000 20.54170 20.95670 22.89750 23.21670 25.52580 27.56830 26.96080 27.68170 29.66080 32.35250 34.61420 29.73750 28.10750 24.52250 22.26580 21.02920 24.46080 24.40500 26.91500 28.13080
15.92580 16.28420 15.42580 16.76500 0.00000 0.00000 0.09167 0.09083 0.05333 0.05250 0.00000 0.00000 0.07333 0.07417 0.00000 0.00000 7.73833 7.89833 0.00000 0.00000 24.65670 20.64250 28.34750 25.94500 14.58420 13.28330 17.28920 14.69080 16.04250 19.86170 25.49250 19.23920 18.29830 18.70750 19.62170 20.94250 22.11920 20.13170 19.46330 18.56670 18.78170 19.65000 18.46330 19.92830 21.58750 21.11420 24.44170 25.54750 24.91750 24.43830 24.03830 23.92250 22.47250 23.56830 25.24170 25.79080 26.67670 27.66670 26.80750 28.81080 29.70420 30.99170 29.37000 26.89750 25.75080 28.97250 28.05750 29.11170 25.49420 27.08330 30.59920
15.01250 16.74830 16.99250 13.75830 12.20000 11.44500 10.21420 0.11500 9.38583 9.34250 8.21833 7.70250 7.50083 6.86083 8.37667 8.66083 8.76083 9.17750 30.58170 28.69500 17.22920 21.78000 23.09080 27.13250 12.30250 15.60750 19.08830 17.99500 22.55080 23.75830 29.49420 28.54670 24.98170 22.61420 21.23500 19.92500 19.63830 18.08080 19.61750 20.77420 19.33420 18.52330 23.28580 24.57420 25.84750 25.04080 25.97250 27.12500 27.19670 25.27750 25.24500 26.88080 24.65330 24.00830 25.37830 23.43250 25.22330 27.62920 28.87170 27.79170 27.55920 26.97920 28.02830 28.61330 28.56000 28.47420 31.51000 33.17080 36.01170 37.15420 37.40170
8.58917 11.08750 13.82170 12.38500 10.12750 8.87417 8.50167 8.57583 8.51417 9.06833 8.62083 8.59167 8.56833 8.42750 9.46667 11.56170 12.06830 12.14330 18.51830 18.09080 8.23333 8.22583 16.66330 13.40080 12.62750 15.83500 17.23920 22.07420 22.79830 24.68170 24.70000 27.95330 27.33580 25.17750 22.35000 19.79330 19.78250 20.81080 20.95580 20.13420 21.74580 21.72000 24.32580 24.66580 25.00500 24.49170 25.99580 26.13920 27.33420 27.77500 26.77420 25.25830 25.14830 25.09670 25.16670 25.23000 27.42670 25.35250 24.52830 23.43080 21.99250 22.73500 24.23330 27.61830 27.88000 28.66250 30.00170 31.00750 32.99080 34.11420 33.95250
9.16750 8.73000 7.34667 6.69333 6.62083 6.67583 6.77333 7.90667 9.44667 10.76170 10.59670 9.94500 9.45083 9.31083 10.93170 11.82670 12.67580 12.44500 20.98750 19.30420 6.90667 0.00000 0.00000 5.61417 12.19330 17.81500 21.84330 25.01080 21.43250 26.27170 26.86080 30.88080 31.98580 28.31000 24.90170 23.97580 22.23500 21.52000 23.25500 22.90080 22.35750 23.03000 23.51830 24.92500 24.39830 25.13500 27.04830 26.20080 27.38080 27.62170 27.08080 25.79830 22.83250 22.63080 22.38500 22.10830 22.97670 24.63000 25.68830 24.44580 22.49580 22.96670 24.27580 24.85830 22.97830 22.19670 23.99500 25.80830 28.81580 30.93080 35.11750
12.77330 10.11580 8.47583 7.11833 8.68000 13.34170 22.13750 25.11080 21.92750 20.79080 0.00000 15.45000 17.05000 11.65000 14.16330 14.74000 16.86920 15.49580 22.89420 29.10750 7.16750 0.00000 0.00000 6.65167 7.67833 16.21750 16.51420 18.99250 23.17330 25.43170 24.64580 25.25000 29.00330 29.02830 28.01500 27.02500 29.88670 29.56000 32.74250 30.67580 31.23580 29.22080 26.85750 25.12750 25.95330 29.63670 31.26170 34.63170 34.33000 32.82830 30.75750 30.29330 25.49920 24.89250 23.83670 26.24170 24.00580 25.09500 24.52250 22.76330 23.81000 23.34580 24.60500 26.59920 21.60080 22.79420 24.38420 26.98250 28.90830 29.78750 30.92000
14.17670 15.80330 15.96420 11.42580 10.59080 17.37170 25.16420 25.66580 21.32330 0.00000 0.00000 0.00000 0.00000 0.00000 0.00000 0.00000 17.57080 17.93920 30.23670 36.65830 18.94330 0.00000 7.29333 14.45000 8.57583 12.44920 12.97920 16.32000 16.34500 20.66920 26.12500 27.52000 29.35000 26.22920 31.99420 29.30750 28.54170 30.70830 39.72170 36.19080 41.37250 42.85000 48.29580 48.62250 48.69250 46.53330 39.88420 32.71920 36.58830 33.98830 29.99670 25.30670 26.23830 25.37580 23.39170 24.41830 23.74920 21.32080 21.89420 25.18000 27.86000 23.20000 24.76170 27.38670 23.95080 22.62920 22.68920 23.34830 24.11500 24.83000 25.35250
12.20250 11.44080 9.94000 9.35333 10.20250 11.65330 11.09670 13.70170 17.89000 21.25330 20.97500 0.00000 0.00000 0.00000 0.00000 0.00000 0.00000 0.00000 0.00000 35.27670 31.80170 7.22333 0.12500 0.07500 4.64000 4.03917 0.00000 3.65750 8.73167 9.68583 4.66167 10.43920 8.83500 15.36750 8.69917 14.81500 19.61080 18.73080 29.39330 37.23080 45.11080 51.27250 57.90170 58.90670 66.89500 72.82420 74.34500 57.68750 44.00670 33.41500 29.49580 24.57000 23.36920 29.02330 26.90080 25.41000 24.96580 23.07830 21.82750 22.64750 26.97330 28.90920 32.04250 29.00750 24.69080 22.23250 21.93830 20.88750 21.60830 22.04250 22.22250
10.18080 9.94333 9.53083 9.45417 10.45330 11.45250 13.61080 13.39500 13.41080 13.81330 15.50000 15.90000 17.27500 19.32500 0.00000 0.00000 0.00000 0.00000 13.26500 21.23670 21.51500 26.07000 10.24170 14.91500 7.85917 3.52167 3.97667 3.69833 4.35250 9.39750 10.54500 14.53500 9.20250 13.03920 8.54750 13.45830 17.19750 22.57670 33.86920 41.13670 44.07670 56.89830 60.04580 66.21080 70.39000 72.09250 78.30250 71.58670 63.64500 51.77580 45.07580 37.63920 27.95000 36.90500 42.41920 32.99670 28.69080 28.74500 25.96000 27.27000 28.27920 31.79000 33.31670 30.51000 27.99080 27.63750 23.99670 20.78420 22.00500 19.74330 20.20330
21.01080 21.76920 19.84330 17.44250 15.36250 21.96170 32.69420 47.48750 41.75500 34.01670 39.11170 50.36830 29.91000 19.24000 16.25920 14.48750 11.33670 10.20330 36.44920 30.05330 21.16420 22.75580 19.17580 19.32750 18.60330 19.08670 19.00580 17.28750 17.36250 19.28080 18.49500 16.60250 12.70420 16.49670 17.64670 18.98330 17.77580 26.65080 32.07250 40.85420 48.19580 54.32580 58.21750 71.39250 76.04750 82.95170 80.62920 89.64420 74.60580 63.03750 55.92330 49.90080 39.86000 35.57670 36.16000 39.90500 34.86750 33.59250 32.30000 31.48830 30.63250 31.74330 33.21250 34.57080 32.39830 28.95420 26.29080 24.39170 21.64420 19.53920 20.47330
114.49300 99.96330 43.48750 26.84000 21.86420 21.02080 23.71080 42.47170 60.45920 71.57420 62.80080 97.50330 79.36250 54.42330 37.81580 18.62920 11.11830 10.37500 29.69750 29.36580 22.25170 37.42420 28.49170 28.59250 17.70670 16.58170 17.88170 23.71670 18.38830 15.15580 13.67830 8.35167 7.85417 10.79580 8.51167 12.96080 17.17920 25.12000 29.69330 38.93000 43.05250 53.55170 61.72330 71.44170 83.44920 91.53080 93.10080 94.53830 83.52830 72.13580 73.68920 64.23420 54.15580 46.96420 37.25420 42.25580 40.29080 36.46080 34.82250 37.73580 33.74750 34.22170 33.09170 31.38920 31.98500 29.44170 28.78830 26.15500 20.48500 18.23330 18.31250
170.95700 109.41900 66.56000 41.70420 22.40330 16.65250 24.35500 17.53330 17.16250 19.55500 23.60750 26.46250 21.70170 26.44670 25.85420 25.82420 19.80420 12.04330 18.22330 26.56670 32.79580 54.97500 42.42170 33.97170 15.04000 7.35583 16.15420 14.94250 11.90250 13.15920 12.80670 10.07580 7.06750 3.45833 3.43583 8.39083 17.10670 21.90500 31.47000 44.31670 50.07080 58.26000 66.18580 75.37920 93.28580 98.61580 105.25200 106.38800 89.97170 98.48250 86.44330 74.80500 66.33170 53.19500 46.51250 36.31830 40.12500 41.19830 35.67000 33.54420 33.53330 32.66420 33.48500 32.38420 31.28080 31.07500 31.74250 28.18000 24.35500 19.63920 19.48920
67.07580 48.92250 72.67920 66.58000 66.67670 42.30420 18.75170 16.00670 12.77420 11.86500 10.74250 11.87000 30.65500 50.11330 53.50670 44.49000 37.93170 24.22500 29.29250 37.96580 43.18580 66.99670 67.17830 41.95170 22.97000 16.43170 12.94330 7.60083 11.07000 14.02830 10.34420 3.35750 3.53750 0.00000 0.00000 3.97917 16.13250 20.87920 34.36170 41.90080 54.94420 62.58080 76.01830 90.90830 101.47700 112.88100 106.03800 106.12200 108.42600 106.38300 91.21830 87.39830 78.89670 64.74000 52.18750 37.10250 39.09000 44.51580 37.46080 42.99000 47.59330 58.01170 57.37330 52.75500 47.41670 37.32330 29.61580 27.33080 27.63250 24.61170 22.19250
32.31330 21.84250 28.70500 59.35670 48.48080 29.73000 61.79170 71.49330 73.80830 43.34420 30.47420 16.16920 21.97670 39.67250 83.93830 99.56920 82.86000 75.14000 58.58330 67.05580 67.44000 89.39920 76.15080 51.16080 33.46920 26.16000 21.00170 20.25080 12.90670 11.24500 6.99583 3.27667 3.06083 0.00000 0.00000 4.19333 12.08580 18.15920 25.67750 33.09250 40.24830 51.67670 58.02000 77.86920 93.29920 101.05200 105.48500 88.51080 78.52080 72.23920 65.88170 69.99250 80.49000 62.66250 45.75000 43.99670 40.68250 43.62080 38.00830 40.77170 38.75080 40.53080 39.73750 38.03750 35.47830 32.16580 30.73250 30.36080 28.29830 28.16000 24.33580
30.61170 -9999 21.83830 55.67420 151.70000 366.42499 -9999 425.29700 263.39801 179.15199 182.39101 105.25100 98.20080 75.34000 68.51500 57.79830 31.76330 56.43670 123.63800 143.49899 162.79100 157.36000 142.51300 102.61600 76.95080 57.50000 38.87500 24.75750 26.24250 27.30580 21.19500 15.78830 4.43000 4.21250 4.45167 7.66417 14.88330 18.03330 26.54580 35.93080 44.72170 50.05500 55.03170 57.11000 81.83250 78.00420 88.24250 79.45080 68.57670 65.55170 65.05500 64.05080 65.31330 61.25830 44.38170 41.74080 35.32000 36.18000 40.73670 41.75580 40.35670 36.92080 35.18170 33.71670 31.48250 31.80000 31.66330 31.11500 29.25080 29.08170 27.19250
