data/hydroclimate-scenarios/BCSD_hadcm_B1/monthly_summaries/precip_monthly_tot_feb.2070-2099.asc
ncols	311
nrows	91
xllcenter	102.75
yllcenter	31.75
cellsize	0.5
NODATA_value	-9999
[rows 0 to 31 of 91, columns 0 to 71 of 311]
-9999 -9999 -9999 -9999 -9999 -9999 -9999 -9999 -9999 -9999 -9999 -9999 -9999 -9999 -9999 -9999 -9999 -9999 -9999 -9999 -9999 -9999 -9999 -9999 -9999 -9999 -9999 -9999 -9999 -9999 -9999 -9999 -9999 -9999 -9999 -9999 -9999 -9999 -9999 -9999 -9999 -9999 -9999 -9999 -9999 -9999 -9999 -9999 -9999 -9999 -9999 -9999 -9999 -9999 -9999 -9999 -9999 -9999 -9999 -9999 -9999 -9999 -9999 -9999 -9999 -9999 -9999 -9999 -9999 -9999 -9999 -9999
-9999 -9999 -9999 -9999 -9999 -9999 -9999 -9999 -9999 -9999 -9999 -9999 -9999 -9999 -9999 -9999 -9999 -9999 -9999 -9999 -9999 -9999 -9999 -9999 -9999 -9999 -9999 -9999 -9999 -9999 -9999 -9999 -9999 -9999 -9999 -9999 -9999 -9999 -9999 -9999 -9999 -9999 -9999 -9999 -9999 -9999 -9999 -9999 -9999 -9999 -9999 -9999 -9999 -9999 -9999 -9999 -9999 -9999 -9999 -9999 -9999 -9999 -9999 -9999 -9999 -9999 -9999 -9999 -9999 -9999 -9999 -9999
-9999 -9999 -9999 -9999 -9999 -9999 -9999 -9999 -9999 -9999 -9999 -9999 -9999 -9999 -9999 -9999 -9999 -9999 -9999 -9999 -9999 -9999 -9999 -9999 -9999 -9999 -9999 -9999 -9999 -9999 -9999 -9999 -9999 -9999 -9999 -9999 -9999 -9999 -9999 -9999 -9999 -9999 -9999 -9999 -9999 -9999 -9999 -9999 -9999 -9999 -9999 -9999 -9999 -9999 -9999 -9999 -9999 -9999 -9999 -9999 -9999 -9999 -9999 -9999 -9999 -9999 -9999 -9999 -9999 -9999 -9999 -9999
-9999 -9999 -9999 -9999 -9999 -9999 -9999 -9999 -9999 -9999 -9999 -9999 -9999 -9999 -9999 -9999 -9999 -9999 -9999 -9999 -9999 -9999 -9999 -9999 -9999 -9999 -9999 -9999 -9999 -9999 -9999 -9999 -9999 -9999 -9999 -9999 -9999 -9999 -9999 -9999 -9999 -9999 -9999 -9999 -9999 -9999 -9999 -9999 -9999 -9999 -9999 -9999 -9999 -9999 -9999 -9999 -9999 -9999 -9999 -9999 -9999 -9999 -9999 -9999 -9999 -9999 -9999 -9999 -9999 -9999 -9999 -9999
-9999 -9999 -9999 -9999 -9999 -9999 -9999 -9999 -9999 -9999 -9999 -9999 -9999 -9999 -9999 -9999 -9999 -9999 -9999 -9999 -9999 -9999 -9999 -9999 -9999 -9999 -9999 -9999 -9999 -9999 -9999 -9999 -9999 -9999 -9999 -9999 -9999 -9999 -9999 -9999 -9999 -9999 -9999 -9999 -9999 -9999 -9999 -9999 -9999 -9999 -9999 -9999 -9999 -9999 -9999 -9999 -9999 -9999 -9999 -9999 -9999 -9999 -9999 -9999 -9999 -9999 -9999 -9999 -9999 -9999 -9999 -9999
-9999 -9999 -9999 -9999 -9999 -9999 -9999 -9999 -9999 -9999 -9999 -9999 -9999 -9999 -9999 -9999 -9999 -9999 -9999 -9999 -9999 -9999 -9999 -9999 -9999 -9999 -9999 -9999 -9999 -9999 -9999 -9999 -9999 -9999 -9999 -9999 -9999 -9999 -9999 -9999 -9999 -9999 -9999 -9999 -9999 -9999 -9999 -9999 -9999 -9999 -9999 -9999 -9999 -9999 -9999 -9999 -9999 -9999 -9999 -9999 -9999 -9999 -9999 -9999 -9999 -9999 -9999 -9999 -9999 -9999 -9999 -9999
-9999 -9999 -9999 -9999 -9999 -9999 -9999 -9999 -9999 -9999 -9999 -9999 -9999 -9999 -9999 -9999 -9999 -9999 -9999 -9999 -9999 -9999 -9999 -9999 -9999 -9999 -9999 -9999 -9999 -9999 -9999 -9999 -9999 -9999 -9999 -9999 -9999 -9999 -9999 -9999 -9999 -9999 -9999 -9999 -9999 -9999 -9999 -9999 -9999 -9999 -9999 -9999 -9999 -9999 -9999 -9999 -9999 -9999 -9999 -9999 -9999 -9999 -9999 -9999 -9999 -9999 -9999 -9999 -9999 -9999 -9999 -9999
-9999 -9999 -9999 -9999 -9999 -9999 -9999 -9999 -9999 -9999 -9999 -9999 -9999 -9999 -9999 -9999 -9999 -9999 -9999 -9999 -9999 -9999 -9999 -9999 -9999 -9999 -9999 -9999 -9999 -9999 -9999 -9999 -9999 -9999 -9999 -9999 -9999 -9999 -9999 -9999 -9999 -9999 26.28250 25.91330 26.07580 26.22670 25.71670 26.16920 25.12750 25.25170 25.18750 24.99330 -9999 -9999 -9999 -9999 -9999 -9999 -9999 -9999 -9999 -9999 -9999 -9999 -9999 -9999 -9999 -9999 -9999 -9999 -9999 -9999
-9999 -9999 -9999 -9999 -9999 -9999 -9999 -9999 -9999 -9999 -9999 -9999 -9999 -9999 -9999 -9999 -9999 -9999 -9999 -9999 -9999 -9999 -9999 -9999 -9999 -9999 -9999 -9999 -9999 -9999 -9999 -9999 -9999 -9999 -9999 -9999 -9999 -9999 23.11500 23.55170 23.44920 25.87000 26.07830 26.03330 25.95830 25.93170 27.12580 27.41420 27.54000 27.78420 25.18670 25.64670 22.89920 11.04000 -9999 -9999 -9999 -9999 -9999 -9999 -9999 -9999 -9999 -9999 -9999 -9999 -9999 -9999 -9999 -9999 -9999 -9999
-9999 -9999 -9999 -9999 -9999 -9999 -9999 -9999 -9999 -9999 -9999 -9999 -9999 -9999 -9999 -9999 -9999 -9999 -9999 -9999 -9999 -9999 -9999 -9999 -9999 -9999 -9999 -9999 -9999 -9999 -9999 -9999 -9999 -9999 -9999 -9999 -9999 -9999 -9999 -9999 22.34920 25.58750 25.74750 25.47330 25.44500 25.52330 27.69500 27.67420 27.82000 28.57000 28.90080 26.47420 26.38250 11.57670 -9999 -9999 -9999 -9999 -9999 -9999 -9999 -9999 -9999 -9999 -9999 -9999 -9999 -9999 -9999 -9999 -9999 -9999
-9999 -9999 -9999 -9999 -9999 -9999 -9999 -9999 -9999 -9999 -9999 -9999 -9999 -9999 -9999 -9999 -9999 -9999 -9999 -9999 -9999 -9999 -9999 -9999 -9999 -9999 -9999 -9999 -9999 -9999 -9999 -9999 -9999 -9999 -9999 -9999 -9999 -9999 -9999 -9999 -9999 -9999 -9999 -9999 24.99080 27.31250 27.10330 27.92330 28.08170 29.01750 30.34830 28.24750 28.31000 15.35750 -9999 -9999 -9999 -9999 -9999 -9999 16.07580 -9999 -9999 -9999 -9999 -9999 -9999 -9999 -9999 -9999 -9999 -9999
-9999 -9999 -9999 -9999 -9999 -9999 -9999 -9999 -9999 -9999 -9999 -9999 -9999 -9999 -9999 -9999 -9999 -9999 -9999 -9999 -9999 -9999 -9999 -9999 -9999 -9999 -9999 -9999 -9999 -9999 -9999 -9999 -9999 -9999 -9999 -9999 -9999 -9999 -9999 -9999 -9999 22.46830 24.44670 24.22420 23.81670 25.71920 25.53500 25.30080 27.80750 28.93830 26.96250 28.40750 26.54170 24.12920 -9999 -9999 -9999 -9999 -9999 15.44750 15.28250 14.96170 14.88330 12.80670 12.88000 12.78670 12.43830 12.48420 10.83250 10.90670 10.95500 11.23920
-9999 -9999 -9999 -9999 -9999 -9999 -9999 -9999 -9999 -9999 -9999 -9999 -9999 -9999 -9999 -9999 -9999 -9999 -9999 -9999 -9999 -9999 -9999 -9999 -9999 -9999 -9999 -9999 -9999 -9999 -9999 -9999 -9999 -9999 -9999 -9999 -9999 -9999 -9999 -9999 -9999 21.24330 23.85170 23.57420 25.36420 24.59000 24.42420 25.46580 24.88000 26.53330 25.03330 23.24580 22.12420 20.69250 20.78500 18.42500 18.02920 -9999 16.97580 14.90420 14.73670 14.60580 12.66000 12.31170 12.67080 12.49830 12.48330 10.81830 10.97170 10.89920 11.18500 11.34920
-9999 -9999 -9999 -9999 -9999 -9999 -9999 -9999 -9999 -9999 -9999 -9999 -9999 -9999 -9999 -9999 -9999 -9999 -9999 -9999 -9999 -9999 -9999 -9999 -9999 -9999 -9999 -9999 -9999 -9999 -9999 -9999 -9999 -9999 -9999 18.02420 17.92000 18.54170 20.83500 21.23170 21.36920 23.39250 23.29250 23.38500 25.13670 24.76500 24.57250 25.88170 25.25080 25.60250 24.01580 21.61670 19.88080 19.77170 17.71250 17.57750 17.28670 16.13830 14.34080 14.33000 14.25580 12.43920 12.40830 10.70250 10.56670 12.40500 10.66580 10.70420 10.81670 11.06170 10.99420 11.24000
-9999 -9999 -9999 -9999 -9999 -9999 -9999 -9999 -9999 -9999 -9999 -9999 -9999 -9999 -9999 -9999 -9999 -9999 -9999 -9999 -9999 -9999 -9999 -9999 -9999 -9999 -9999 -9999 -9999 -9999 -9999 -9999 -9999 -9999 17.24580 18.31170 18.22000 17.93580 18.79170 21.33250 21.69750 21.73250 23.58420 23.71830 23.52250 25.36080 25.01670 24.49000 24.46250 24.06000 21.80250 22.23580 20.28080 17.89670 17.92000 15.67500 13.96170 13.66500 13.71500 13.51750 13.69420 11.93750 12.15330 10.07250 11.98580 10.34330 10.61420 10.34170 10.61750 10.74580 9.05583 9.15167
-9999 -9999 -9999 -9999 -9999 -9999 -9999 -9999 -9999 -9999 -9999 -9999 -9999 -9999 -9999 -9999 -9999 -9999 -9999 -9999 -9999 -9999 -9999 -9999 -9999 -9999 -9999 -9999 -9999 -9999 -9999 -9999 -9999 15.37250 17.71250 18.24920 18.30420 18.32000 18.54250 21.38250 21.91670 21.99750 22.03830 24.18420 23.93750 23.82920 25.45250 25.38250 22.67080 21.69420 19.57170 17.21170 14.95080 14.85750 14.49920 13.70250 13.29080 12.97170 12.99330 13.16080 11.32250 11.50920 11.37830 11.41250 11.45670 9.75500 10.18250 10.16330 10.32580 10.40170 8.55250 8.79917
-9999 -9999 -9999 -9999 -9999 -9999 -9999 -9999 -9999 -9999 -9999 -9999 -9999 -9999 -9999 -9999 -9999 -9999 -9999 -9999 -9999 -9999 -9999 -9999 -9999 -9999 -9999 -9999 -9999 -9999 -9999 15.29080 15.60920 15.54330 17.78080 18.01500 18.29830 18.48830 18.96420 21.51170 21.62750 22.22750 22.38580 22.31500 24.18250 23.85330 23.59500 22.33080 21.47670 19.01920 18.61250 16.32830 14.13500 14.04170 13.80250 13.20670 12.53920 12.22920 10.64000 10.60830 10.88830 10.71920 10.75250 10.77330 9.16583 9.46500 9.61000 9.50833 9.67500 8.20417 8.25917 8.38333
-9999 -9999 -9999 -9999 -9999 -9999 -9999 -9999 -9999 -9999 -9999 -9999 -9999 -9999 -9999 -9999 -9999 -9999 -9999 -9999 -9999 -9999 -9999 -9999 -9999 -9999 -9999 -9999 -9999 14.53500 14.63580 15.35670 15.67750 15.79420 15.94080 18.18000 18.65670 19.05670 18.86170 19.50580 21.92170 21.88920 22.24830 21.87080 21.46920 21.23670 20.29330 19.84000 19.42080 16.61500 16.23830 13.95920 11.68750 13.03750 11.22000 10.83250 12.26420 10.17250 10.25170 10.16830 10.02750 10.14920 8.68917 8.74083 8.79167 8.78333 9.29500 7.86583 7.85917 8.01667 8.14417 8.26250
-9999 -9999 -9999 -9999 -9999 -9999 -9999 -9999 -9999 -9999 -9999 -9999 -9999 -9999 -9999 -9999 -9999 -9999 -9999 -9999 -9999 -9999 -9999 -9999 14.24330 14.26170 14.26750 14.48170 14.25170 14.25830 14.82330 14.58580 15.13420 15.19750 15.39830 15.56750 15.67580 18.24420 18.79830 18.77000 18.96080 18.85250 21.53670 21.15170 21.23250 20.63750 19.77000 19.43670 16.73830 16.61420 15.89500 13.61420 11.55920 11.47170 11.01250 10.71580 10.42750 10.22580 10.08670 9.99000 9.96333 9.79500 8.38750 8.64000 8.71917 8.84750 9.19917 9.35750 9.35667 7.72167 6.70417 6.59250
-9999 -9999 -9999 -9999 -9999 -9999 17.05420 16.91080 17.51750 17.30080 17.29920 -9999 -9999 -9999 -9999 -9999 -9999 -9999 -9999 -9999 -9999 14.66000 12.28330 12.15500 11.91830 12.09330 12.13500 13.74750 13.75670 14.27080 14.45920 14.57750 14.97830 15.18750 15.21920 15.44750 15.53670 15.71000 18.18330 18.36250 18.51500 18.40170 19.06920 20.71580 20.48830 20.44580 20.07250 17.43920 16.92670 14.78330 14.12080 11.79170 11.62500 11.52920 11.25250 10.64500 10.41170 10.36580 9.98333 9.87750 9.86500 8.55667 8.57333 8.66250 8.74000 9.03250 9.05667 9.37583 9.51750 9.33583 8.05833 8.30417
-9999 -9999 -9999 -9999 -9999 16.53080 16.37750 16.76750 16.76920 16.88830 16.74250 17.50170 17.41080 17.51750 -9999 -9999 -9999 14.70080 14.66750 14.59830 14.43580 14.22080 11.80920 11.74500 11.69000 11.67830 11.85500 13.26250 13.66580 13.89080 14.13330 14.38830 14.79500 14.80750 14.84750 15.08670 15.38330 15.62330 15.70750 18.19080 18.47250 18.51330 18.52670 18.22170 17.94420 18.06170 17.76330 17.39750 15.05920 14.47170 14.27250 12.13920 11.94080 11.51830 11.24080 11.03250 9.05583 10.36170 10.29750 8.62417 8.52083 8.68250 8.61833 8.64583 8.57250 7.37417 7.66417 7.61417 7.73583 7.90250 8.03417 7.94917
-9999 15.71330 15.90080 15.80750 16.57080 16.47000 16.47330 16.36170 16.62330 16.64250 16.63580 17.41000 17.35250 17.26080 17.31500 16.91080 16.90830 14.71170 14.64170 14.66920 14.29170 13.97330 12.10830 11.63750 11.52750 11.48080 11.44330 12.93000 13.38920 13.41420 13.46750 13.86830 13.76080 13.93080 14.61670 14.85830 15.11330 15.36250 15.55920 18.16670 18.08250 18.38580 18.39250 18.30580 18.18250 17.91080 18.05670 17.84500 15.25750 14.94920 12.21750 11.91920 11.44000 9.66333 9.36583 9.40250 9.39833 9.05500 9.02500 8.82417 8.85750 8.82667 7.48500 8.57000 7.42917 7.36417 7.64583 7.58083 7.59750 7.75417 6.11750 6.20000
-9999 15.61830 15.71170 15.72830 15.71750 15.71920 15.65750 15.90250 15.91500 16.48830 17.18500 17.35080 17.34330 17.41000 17.29330 16.98830 15.12670 14.85750 14.60170 14.40580 14.33420 14.33920 13.68330 13.68830 11.81670 13.16750 12.99080 12.89000 12.97920 13.28920 13.35750 13.50170 13.55670 13.92420 14.12170 14.36170 14.74500 14.97500 15.46420 15.81170 17.99580 18.04920 18.12750 18.02580 17.98000 17.55670 17.40670 17.26250 15.09170 14.61580 12.68080 12.02000 10.37670 10.18080 8.15833 9.64000 9.20917 9.16833 9.26917 9.04917 9.05167 7.47917 7.57917 7.39417 7.23250 7.49750 7.45833 7.75750 7.61250 7.76667 7.92833 6.46167
-9999 -9999 -9999 15.59920 15.78000 15.63750 16.48330 16.01830 15.90830 16.99670 17.06670 17.58830 17.40500 17.32830 17.26420 17.14830 17.10000 17.10830 17.03500 14.95000 14.61330 14.40920 14.22250 14.15750 13.55080 13.30000 12.79420 12.68920 13.13330 12.95750 13.29500 13.60250 13.42250 13.80750 13.91250 13.89420 14.37670 14.89250 15.01830 15.16830 15.25830 17.07250 17.41830 17.38250 17.35000 17.18500 17.37170 15.54420 15.26920 15.04330 12.93750 12.33330 10.46830 8.38083 8.14417 7.96333 7.97833 7.77083 7.72000 7.77667 7.76333 7.54333 7.60333 7.53167 7.13667 7.22917 7.58917 7.61083 7.64083 6.19917 6.34500 6.49917
-9999 -9999 -9999 -9999 -9999 -9999 16.40250 16.56420 16.72000 16.83170 17.11920 17.18250 17.06420 17.00420 17.15750 17.09330 17.00670 17.47330 17.24080 17.30750 16.96830 14.86080 14.67920 14.48500 14.18420 13.68420 13.20080 13.06500 12.74670 12.84420 13.10500 13.16750 13.42580 13.87920 13.98420 14.30330 13.96000 14.42330 14.48080 14.81920 14.89830 14.84580 16.82330 16.98420 17.16000 17.33670 17.45080 15.60920 15.81250 15.48830 13.30420 11.26500 10.57170 10.35420 8.52500 8.05000 8.05750 7.77583 5.98250 7.82667 7.75417 7.63500 7.34750 5.67750 7.18583 7.05833 7.51417 7.50000 5.89250 6.16500 6.33333 6.28583
-9999 -9999 -9999 -9999 -9999 -9999 18.38750 18.40170 18.54000 17.00330 17.15080 17.14830 17.05330 17.02830 17.23420 17.29330 17.24000 17.36080 17.70750 17.09830 17.63580 17.30170 17.04420 15.17250 14.82000 14.34750 13.72330 13.29420 13.32330 13.40170 13.48330 13.50330 13.60500 13.64170 13.97580 13.99750 13.90330 13.83920 13.96250 14.02580 14.30670 14.32500 16.52170 16.53920 16.70420 17.44170 17.61670 17.70330 15.87420 16.24830 15.97080 13.34500 12.66330 10.35420 9.85667 10.08420 8.13333 8.05667 8.00583 8.11000 6.22917 6.16917 6.05167 7.46333 5.84167 7.21833 7.34417 7.52583 7.49667 6.20417 6.49500 6.31417
-9999 -9999 -9999 -9999 -9999 -9999 -9999 -9999 -9999 -9999 18.83080 19.08670 18.99830 19.18920 19.15500 19.25750 19.55250 17.71670 18.03330 17.84580 17.98670 17.82170 18.02250 17.30420 16.86250 16.32670 16.13420 16.00080 13.67170 13.73420 14.03250 14.13580 14.00420 14.02750 14.07670 14.06580 13.93080 13.76000 13.44170 13.40830 13.69750 15.80420 15.85670 16.01170 16.15750 16.55500 16.98330 17.63500 17.91250 16.31420 15.55920 14.78420 13.83080 11.25000 11.32080 11.35920 11.57830 9.58000 9.75833 9.22333 9.02250 9.14750 9.07500 7.14583 7.19000 7.12250 7.53667 7.74250 7.85833 7.99000 6.33583 6.45083
-9999 -9999 -9999 -9999 -9999 -9999 -9999 -9999 -9999 -9999 18.50830 18.49500 18.58750 18.75580 19.16170 19.93080 20.39330 21.13670 21.24830 21.34500 20.92830 20.59170 18.06420 17.72080 17.18000 17.14420 16.50080 15.92420 15.98170 16.01170 14.34750 14.26580 14.32580 14.53080 14.33420 14.41250 14.09420 14.03330 13.71170 13.78750 15.59500 15.92250 15.76920 15.95170 16.17000 16.09830 16.06080 16.39000 16.35830 14.45420 13.72580 13.62580 13.15580 11.35580 11.05250 11.25670 11.12420 11.16000 11.11170 10.93420 11.06830 10.83420 9.07250 8.96250 8.82167 8.75083 8.89583 8.90750 9.32583 7.54833 7.85333 6.18417
-9999 -9999 -9999 -9999 -9999 -9999 -9999 -9999 -9999 -9999 -9999 -9999 18.23670 18.35830 19.76000 20.69750 21.75170 22.59920 22.63580 22.06580 21.60580 20.83500 20.58670 20.05750 19.27250 18.97080 16.45420 15.93250 15.81330 15.90580 16.01170 14.49170 16.04000 14.45000 16.18580 16.26000 16.24080 15.80000 15.73500 15.64830 15.29170 15.99670 15.85330 15.79500 15.65170 16.04580 15.77250 15.46080 15.00330 13.01500 12.73830 12.53580 12.38420 11.03420 10.57750 10.62670 10.78170 10.71750 11.05920 10.75170 11.05920 10.54250 10.42420 10.17920 10.11750 10.03750 8.82750 8.93667 9.21000 9.55250 7.78917 6.27750
-9999 -9999 -9999 -9999 -9999 -9999 -9999 -9999 -9999 -9999 -9999 -9999 19.96670 18.66500 21.61170 22.98170 24.30000 24.68670 24.47750 23.89250 23.47830 20.67250 20.63000 19.95750 18.94670 18.96080 18.30830 16.09170 15.88580 15.92420 16.04330 16.28830 16.15750 15.98580 16.21170 16.10250 15.92080 16.00580 15.42000 15.66830 15.47920 15.35830 15.63580 15.61830 15.71500 15.60670 15.02080 14.89170 14.56670 13.60750 12.05670 12.23250 12.16500 12.35080 10.69750 10.57830 10.69670 10.81170 10.95580 10.90670 10.80000 10.60920 10.74830 10.66330 10.26580 10.35000 10.26580 10.48580 9.07417 9.07750 7.76167 7.90583
-9999 -9999 -9999 -9999 -9999 -9999 -9999 -9999 -9999 -9999 -9999 19.17920 19.40000 20.03420 21.08080 21.82670 22.65250 22.61920 22.76000 22.65250 22.74580 22.71000 22.10170 21.44250 19.24000 19.06580 18.46670 15.99330 15.96420 15.93250 16.09580 15.91000 15.76420 15.94330 15.77750 15.70330 15.84170 16.02500 16.02170 15.82250 15.71500 15.39080 15.38250 15.10330 14.95080 15.36500 14.98420 14.82920 14.36330 14.09920 14.12500 12.84500 12.75080 12.77830 12.86080 12.88920 12.55830 11.10920 10.92920 11.05830 11.26670 10.95080 10.97080 10.89000 11.01920 10.66670 10.52500 10.41580 9.07917 9.07667 7.56333 7.75583
-9999 -9999 -9999 -9999 -9999 -9999 -9999 -9999 -9999 -9999 -9999 18.18670 18.92080 19.78580 20.69170 21.26920 21.65500 23.86670 23.97000 24.07170 23.90830 21.82920 21.34080 20.91250 20.51920 18.57000 18.00920 15.77750 15.89080 16.05670 15.99080 15.64750 15.99670 15.82750 15.81170 15.60830 17.89500 16.18670 15.99080 17.60000 17.73000 17.65830 17.53500 17.28420 15.40580 15.36080 15.34920 14.85750 14.77420 14.97580 14.89750 14.99580 15.24750 13.51080 13.47500 13.22080 13.00420 13.04830 12.86750 12.79830 12.91250 12.97750 12.99420 12.72330 12.63580 12.49170 11.99170 10.23670 10.19420 8.81583 8.70833 8.60167
