data/hydroclimate-scenarios/BCSD_hadcm_B1/monthly_summaries/rh_monthly_avg_oct.2070-2099.asc
ncols	311
nrows	91
xllcenter	102.75
yllcenter	31.75
cellsize	0.5
NODATA_value	-9999
[rows 0 to 31 of 91, columns 71 to 141 of 311]
-9999 -9999 -9999 -9999 -9999 -9999 -9999 -9999 -9999 -9999 -9999 -9999 -9999 -9999 -9999 -9999 -9999 -9999 -9999 -9999 -9999 -9999 -9999 -9999 -9999 -9999 -9999 -9999 -9999 -9999 -9999 -9999 -9999 -9999 -9999 -9999 -9999 -9999 -9999 -9999 -9999 -9999 -9999 -9999 -9999 -9999 -9999 -9999 -9999 -9999 -9999 -9999 -9999 -9999 -9999 -9999 -9999 -9999 -9999 -9999 -9999 -9999 -9999 -9999 -9999 -9999 -9999 -9999 -9999 -9999 -9999
-9999 -9999 -9999 -9999 -9999 -9999 -9999 -9999 -9999 -9999 -9999 -9999 -9999 -9999 -9999 -9999 -9999 -9999 -9999 -9999 -9999 -9999 -9999 -9999 -9999 -9999 -9999 -9999 -9999 -9999 -9999 -9999 -9999 -9999 -9999 -9999 -9999 -9999 -9999 -9999 -9999 -9999 -9999 -9999 -9999 -9999 -9999 -9999 -9999 -9999 -9999 -9999 -9999 -9999 -9999 -9999 -9999 -9999 -9999 -9999 -9999 -9999 -9999 -9999 -9999 -9999 -9999 -9999 -9999 -9999 -9999
-9999 -9999 -9999 -9999 -9999 -9999 -9999 -9999 -9999 -9999 -9999 -9999 -9999 -9999 -9999 -9999 -9999 -9999 -9999 -9999 -9999 -9999 -9999 -9999 -9999 -9999 -9999 -9999 -9999 -9999 -9999 -9999 -9999 -9999 -9999 -9999 -9999 -9999 -9999 -9999 -9999 -9999 -9999 -9999 -9999 -9999 -9999 -9999 -9999 -9999 -9999 -9999 -9999 -9999 -9999 -9999 -9999 -9999 -9999 -9999 -9999 -9999 -9999 -9999 -9999 -9999 -9999 -9999 -9999 -9999 -9999
-9999 -9999 -9999 -9999 -9999 -9999 -9999 -9999 -9999 -9999 -9999 -9999 -9999 -9999 -9999 -9999 -9999 -9999 -9999 -9999 -9999 -9999 -9999 -9999 -9999 -9999 -9999 -9999 -9999 -9999 -9999 -9999 -9999 -9999 -9999 -9999 -9999 -9999 -9999 -9999 -9999 -9999 -9999 -9999 -9999 -9999 -9999 -9999 -9999 -9999 -9999 -9999 -9999 -9999 -9999 -9999 -9999 -9999 -9999 -9999 -9999 -9999 -9999 -9999 -9999 -9999 -9999 -9999 -9999 -9999 -9999
-9999 -9999 -9999 -9999 -9999 -9999 -9999 -9999 -9999 -9999 -9999 -9999 -9999 -9999 -9999 -9999 -9999 -9999 -9999 -9999 -9999 -9999 -9999 -9999 -9999 -9999 -9999 -9999 -9999 -9999 -9999 -9999 -9999 -9999 -9999 -9999 -9999 -9999 -9999 -9999 -9999 -9999 -9999 -9999 -9999 -9999 -9999 -9999 -9999 -9999 -9999 -9999 -9999 -9999 -9999 -9999 -9999 -9999 -9999 -9999 -9999 -9999 -9999 -9999 -9999 -9999 -9999 -9999 -9999 -9999 -9999
-9999 -9999 -9999 -9999 -9999 -9999 -9999 -9999 -9999 -9999 -9999 -9999 -9999 -9999 -9999 -9999 -9999 -9999 -9999 -9999 -9999 -9999 -9999 -9999 -9999 -9999 -9999 -9999 -9999 -9999 -9999 -9999 -9999 -9999 -9999 -9999 -9999 -9999 -9999 -9999 -9999 -9999 -9999 -9999 -9999 -9999 -9999 -9999 -9999 -9999 -9999 -9999 -9999 -9999 -9999 -9999 -9999 -9999 -9999 -9999 -9999 -9999 -9999 -9999 -9999 -9999 -9999 -9999 -9999 -9999 -9999
-9999 -9999 -9999 -9999 -9999 -9999 -9999 -9999 -9999 -9999 -9999 -9999 -9999 -9999 -9999 -9999 -9999 -9999 -9999 -9999 -9999 -9999 -9999 -9999 -9999 -9999 -9999 -9999 -9999 -9999 -9999 -9999 -9999 -9999 -9999 -9999 -9999 -9999 -9999 -9999 -9999 -9999 -9999 -9999 -9999 -9999 -9999 -9999 -9999 -9999 -9999 -9999 -9999 -9999 -9999 -9999 -9999 -9999 -9999 -9999 -9999 -9999 -9999 -9999 -9999 -9999 -9999 -9999 -9999 -9999 -9999
-9999 -9999 -9999 -9999 -9999 -9999 -9999 -9999 -9999 -9999 -9999 -9999 -9999 -9999 -9999 -9999 -9999 -9999 -9999 -9999 -9999 -9999 -9999 -9999 -9999 -9999 -9999 -9999 -9999 -9999 -9999 -9999 -9999 -9999 -9999 -9999 -9999 -9999 -9999 -9999 -9999 -9999 -9999 -9999 -9999 -9999 -9999 -9999 -9999 -9999 -9999 -9999 -9999 -9999 -9999 -9999 -9999 -9999 -9999 -9999 -9999 -9999 -9999 -9999 -9999 -9999 -9999 -9999 -9999 -9999 -9999
-9999 -9999 -9999 -9999 -9999 -9999 71.19150 -9999 -9999 -9999 -9999 -9999 -9999 -9999 -9999 -9999 -9999 -9999 -9999 -9999 -9999 -9999 -9999 -9999 -9999 -9999 -9999 -9999 -9999 -9999 -9999 -9999 -9999 -9999 -9999 -9999 -9999 -9999 -9999 -9999 -9999 -9999 -9999 -9999 -9999 -9999 -9999 -9999 -9999 -9999 -9999 -9999 -9999 -9999 -9999 -9999 -9999 -9999 -9999 -9999 -9999 -9999 -9999 -9999 -9999 -9999 -9999 -9999 -9999 -9999 -9999
-9999 -9999 69.24890 69.33940 70.28540 70.60090 70.60930 70.98260 70.87880 71.24340 71.44590 72.03810 72.19990 72.26390 72.46000 72.79590 72.32980 72.32790 72.69500 73.01850 74.08730 74.06540 -9999 -9999 -9999 -9999 -9999 -9999 -9999 -9999 -9999 -9999 -9999 -9999 -9999 -9999 -9999 -9999 -9999 -9999 -9999 -9999 -9999 -9999 -9999 -9999 -9999 -9999 -9999 -9999 -9999 -9999 -9999 -9999 -9999 -9999 -9999 -9999 -9999 -9999 -9999 -9999 -9999 -9999 -9999 -9999 -9999 -9999 -9999 -9999 -9999
-9999 -9999 -9999 -9999 69.87160 69.91210 70.28680 70.32540 70.54750 71.13850 71.33180 71.65970 71.96630 72.01030 72.55070 72.61340 72.87350 73.16630 73.45340 73.48700 73.92970 73.89260 -9999 -9999 -9999 -9999 -9999 -9999 -9999 -9999 -9999 -9999 -9999 -9999 -9999 -9999 -9999 -9999 -9999 -9999 -9999 -9999 -9999 -9999 -9999 -9999 -9999 -9999 -9999 -9999 -9999 -9999 -9999 -9999 -9999 -9999 -9999 -9999 -9999 -9999 -9999 -9999 -9999 -9999 -9999 -9999 -9999 -9999 -9999 -9999 -9999
68.75140 68.77130 69.10850 69.42680 69.62150 69.69070 69.76050 70.08830 70.62900 70.70450 71.11090 71.16540 71.41910 71.80600 72.04170 72.66970 72.65490 73.01310 73.54850 73.58650 73.75820 73.72570 73.41300 73.41820 73.94570 73.68500 73.66070 73.32870 -9999 -9999 -9999 -9999 -9999 -9999 -9999 -9999 -9999 -9999 -9999 -9999 -9999 -9999 -9999 -9999 -9999 -9999 -9999 -9999 -9999 -9999 -9999 -9999 -9999 -9999 -9999 -9999 -9999 -9999 -9999 -9999 -9999 -9999 -9999 -9999 -9999 -9999 -9999 -9999 -9999 -9999 -9999
68.60200 68.63100 68.57440 68.89800 69.48990 69.56570 69.79940 69.87860 69.86960 70.48550 70.59120 71.24130 71.22340 71.54780 71.90890 72.25450 72.59630 72.92280 73.16460 73.79260 73.70260 73.36000 73.13460 73.38940 73.78700 73.46430 73.48610 73.46360 73.57340 73.30880 73.42780 73.41260 73.15070 73.15430 73.00370 73.00760 73.01400 73.02590 73.01060 73.02160 72.93530 73.19010 72.82370 -9999 -9999 -9999 -9999 -9999 -9999 -9999 -9999 -9999 -9999 -9999 -9999 -9999 -9999 -9999 -9999 -9999 -9999 -9999 -9999 -9999 -9999 -9999 -9999 -9999 -9999 -9999 -9999
68.32960 68.32170 68.29840 68.33830 68.58520 68.79410 69.26640 69.39830 69.92340 70.25250 70.69900 70.74320 71.01140 71.38550 72.02320 72.06370 72.43660 72.75800 73.04340 73.32620 73.45020 72.77220 72.91940 72.84760 72.95970 73.00170 73.31820 73.30780 73.35030 73.01930 73.44630 73.17970 72.83770 73.09090 72.69480 72.95690 72.77030 73.05990 72.75860 73.06510 72.98680 72.70550 72.89150 72.90900 -9999 -9999 -9999 -9999 -9999 -9999 -9999 -9999 -9999 -9999 -9999 -9999 -9999 -9999 -9999 -9999 -9999 -9999 -9999 -9999 -9999 -9999 -9999 -9999 -9999 -9999 -9999
66.33610 66.59570 66.97830 66.56790 67.48430 67.87680 68.11440 68.50810 68.59040 69.34720 69.72860 70.11100 70.56580 71.19650 71.43630 71.51370 72.38850 72.72280 73.02900 73.01180 71.95110 71.92460 71.64810 71.60470 72.43770 72.32070 72.43220 72.76640 71.63300 71.54000 71.46340 71.46590 71.46000 71.47220 71.41670 71.42640 71.67700 71.42420 71.43540 71.76770 71.76790 71.69130 71.72530 71.69660 -9999 -9999 -9999 -9999 -9999 -9999 -9999 -9999 -9999 -9999 -9999 -9999 -9999 -9999 -9999 72.76500 72.83150 -9999 -9999 -9999 -9999 72.96880 72.51930 72.46250 72.33980 73.12370 73.81910
66.35880 66.34260 66.65070 66.06630 67.27600 67.70850 68.15420 67.87480 67.95570 68.30610 69.47190 69.80340 70.19430 70.54510 70.53070 71.20300 71.72120 72.36960 72.38390 72.66770 71.64520 71.27970 71.35910 71.68120 72.49050 72.47250 72.25540 72.28990 71.43280 71.38280 71.55750 71.26090 71.25140 71.25430 71.44840 71.17530 71.46140 71.42410 71.48960 71.83840 71.52980 71.50640 71.82210 71.79510 72.70460 72.65150 72.80870 72.50540 71.63430 71.55330 71.55030 71.46420 71.29080 71.58750 71.60950 71.30240 72.13330 72.63670 72.56350 72.49870 72.60060 -9999 -9999 -9999 -9999 -9999 73.22930 72.98300 72.38440 72.17310 72.86010
65.06120 66.15580 65.86670 65.48350 66.35550 67.39890 67.53380 67.88480 68.39590 68.87210 69.74250 69.58250 69.88680 70.21460 70.52420 70.86250 71.41770 71.71380 71.79480 72.02840 71.20870 71.43020 71.46910 71.39120 72.25150 72.28570 72.19880 72.20700 71.34390 71.05930 71.00660 71.24150 71.18510 70.95660 71.34120 71.36930 71.30210 71.60380 71.68700 71.72880 71.66900 71.63560 71.59330 71.81900 72.68100 72.37540 72.72150 72.67260 71.81800 71.71260 71.69570 72.03560 71.47650 70.71760 70.24490 70.90870 71.09690 71.00530 71.01180 71.33410 71.57260 71.65850 72.12860 72.81550 73.16850 73.18580 73.17510 73.48740 72.88620 72.56980 72.63980
64.69150 63.06300 66.00200 65.08400 64.94710 65.73550 66.47400 66.50330 68.16160 68.79360 69.18090 69.27130 69.53030 69.88440 70.21140 70.60260 71.11590 71.35480 71.41900 71.24050 70.40890 71.03540 71.06550 71.06000 71.89920 71.91150 71.63820 71.61720 70.84320 71.10620 70.94910 70.96600 70.91670 70.89820 71.05900 71.07140 71.05180 71.10360 71.52220 71.56280 71.48360 71.45280 71.70320 71.70290 72.63900 72.90310 72.65780 72.92070 72.52210 72.43830 72.18050 72.25040 71.64090 71.56650 71.15460 70.33730 70.44180 70.71820 70.68370 70.61190 70.89410 70.30610 71.10330 71.72110 72.39340 73.00620 73.26730 73.52990 72.41520 72.29400 72.03890
63.86180 63.34950 64.60130 66.58370 66.07310 67.05030 67.39430 66.70510 67.00010 67.70390 68.46460 68.81410 69.18610 69.58210 69.94400 70.25340 69.73010 69.70710 69.80400 68.93280 69.28800 69.65600 70.06290 70.48610 71.19750 71.25450 71.72420 71.69970 71.67510 71.66450 71.49920 71.49640 71.23450 71.52580 71.65690 71.72760 71.16800 71.18890 71.25290 71.24320 72.09220 72.45570 71.65630 71.59390 72.09690 72.54420 72.76760 72.88600 73.05240 72.86230 72.12320 72.29350 71.81090 71.43140 71.32640 71.58230 71.55680 70.85210 70.49250 70.16180 70.06820 69.77610 69.49210 70.38840 71.01940 71.41300 71.86170 72.79360 73.00460 73.32570 73.45640
64.31200 63.52220 63.59990 63.97840 65.37230 66.59000 66.78090 66.09020 65.91610 66.97730 66.09200 66.23750 67.32570 68.43520 68.90730 69.55550 69.06370 69.40660 69.74470 69.28980 68.96640 69.41970 69.83990 70.20250 70.92550 70.91770 71.42780 71.06460 71.28380 71.36340 71.18060 70.90300 70.55690 70.92140 71.34130 70.94730 70.71330 70.74130 70.83330 70.48140 71.60900 71.81900 72.41270 72.17370 71.79070 72.05330 72.44210 72.52090 73.09590 72.60340 72.17650 72.14010 71.97500 71.99480 71.36100 70.92790 70.69240 69.91320 70.58400 70.67240 70.57210 70.61650 70.44000 69.74840 69.62330 70.73050 70.98030 71.47970 72.73060 73.36110 73.83550
64.44170 63.94960 63.35680 62.96660 62.88110 65.15650 66.14200 66.00890 66.13600 66.50910 65.98920 65.08560 64.19680 63.87930 65.73230 67.48540 67.91300 68.71910 69.46970 69.52150 69.79650 69.83340 69.80690 70.07390 70.56080 70.62400 71.05530 71.03410 70.99320 70.63900 70.70260 70.61110 70.19680 70.53630 71.04070 70.67890 70.39170 70.01300 70.59420 70.99490 71.41120 71.71450 72.18120 72.01140 71.89450 72.27600 72.16790 72.21190 72.79740 73.07890 73.11370 72.77630 72.58620 72.24160 72.04730 71.64720 71.03160 70.18540 70.67290 69.53150 69.52850 70.20460 70.14530 70.27920 70.66670 71.26170 71.07460 71.60470 72.75570 73.44170 74.49990
62.91430 63.00080 62.65210 62.28230 62.63960 63.26920 63.01760 63.78210 64.39640 65.80930 66.53230 66.09930 65.55940 65.17100 64.56000 64.88730 64.81540 65.56740 67.17210 67.91580 68.73500 69.44370 69.50040 69.51570 70.60820 70.62640 70.83030 70.76000 70.05660 69.94590 70.43560 69.24940 69.34350 69.40570 69.84780 69.94040 69.67230 69.67090 70.50830 70.29160 71.08550 71.43150 72.28940 71.54440 71.91560 71.86360 71.45560 71.72820 72.28570 72.03500 71.68630 71.64310 71.46680 71.10150 71.00650 70.92850 70.30050 70.96000 70.51490 69.41240 69.98790 69.85370 70.17220 70.48160 70.78090 71.06630 70.67850 71.71860 72.90170 73.59480 75.02400
63.54040 62.75100 62.48790 62.86600 62.73120 62.42970 62.99160 63.25140 63.20250 64.29420 64.83320 64.79320 65.15170 65.85770 65.82510 66.10470 65.53450 64.76120 64.85720 65.58590 66.38390 67.19170 68.30070 69.13570 69.70560 69.76260 69.70840 69.21490 68.74890 68.71780 68.70840 68.65560 68.15320 68.63510 68.62840 69.87030 70.06830 69.99920 69.56310 70.10020 70.83200 71.32880 71.21230 70.81170 71.14660 70.86170 71.14940 71.20100 71.55120 70.84140 70.57310 71.24250 70.66330 70.22030 70.58850 69.83630 70.84770 70.25310 70.89080 71.20210 70.81090 70.98190 70.74510 70.93170 70.46140 71.22850 72.04530 72.49450 72.88020 73.83790 74.89620
63.66720 63.66460 63.87000 63.61070 63.33050 62.30040 62.55810 62.73570 62.19840 63.26960 64.29080 62.91740 63.32560 64.36820 63.49270 62.40350 62.97300 66.78070 65.30500 63.98460 64.73150 65.55650 66.63920 68.84700 69.71130 69.47690 69.44760 68.97760 68.51680 68.44690 68.34940 68.63980 68.68630 68.69850 70.00800 69.97060 69.99830 70.09500 69.98800 69.99880 69.68360 70.51560 70.52180 70.42480 72.11970 72.10510 71.99380 71.50200 70.83150 71.09250 70.64160 71.29040 71.14510 71.06830 70.62490 70.27690 70.56080 70.39080 71.41430 71.39190 71.55280 71.44930 70.55500 70.50270 70.90920 71.87020 72.28650 72.94770 73.42620 73.69730 74.78230
63.80620 63.91070 63.99380 64.04980 63.64770 63.59570 63.58190 62.91190 62.82070 63.03750 63.05140 63.27560 63.28890 64.25050 63.70620 63.68280 62.55300 64.02250 65.21760 65.95800 65.84990 65.88670 66.61390 67.12730 68.45370 69.30750 69.34710 69.04160 68.62520 68.91310 68.49190 68.66470 69.31560 69.22180 69.32840 69.70660 70.11240 70.14450 70.15010 70.03250 69.63090 69.94740 69.97050 70.05930 72.57240 72.62220 72.02750 71.61290 71.17470 70.76930 70.47390 71.28180 71.61380 70.82280 71.19140 71.52080 71.11890 71.61820 70.73110 70.88650 71.29950 71.64660 71.39930 71.92900 71.64290 71.88390 71.90190 72.62810 72.38370 73.47350 74.35060
63.83400 63.57460 63.35070 63.64270 63.68030 64.09760 63.84850 63.80380 63.68520 63.62740 62.67670 62.26280 62.94920 64.10630 64.61280 64.77090 63.84660 64.12570 63.71170 64.45420 65.47610 66.66900 67.24820 67.44320 66.95060 67.37820 68.36200 68.55150 67.97230 67.78060 68.27490 68.35810 69.76950 69.71880 69.37640 69.26010 69.70010 68.91920 70.07470 69.26610 68.49430 69.36890 69.73050 69.19880 70.93950 71.81940 71.63580 71.65470 72.03590 71.29800 70.92800 71.85020 72.54250 72.90700 72.95740 72.64140 72.36860 71.57810 71.86700 71.07620 71.94050 71.85150 71.64010 71.65270 71.33640 71.98870 72.57120 73.08420 72.90420 73.35310 73.90130
64.02460 63.64180 63.31030 63.02870 63.74220 63.83240 64.36280 63.86090 64.05920 63.23590 63.18230 63.08580 62.55340 63.64330 65.00740 65.64630 65.24610 65.12030 64.98940 65.32440 65.99820 66.72290 67.18040 67.88910 68.15000 68.56420 68.12980 68.54920 68.66650 68.53750 69.44680 69.37820 70.15190 69.20670 69.21510 70.36390 70.13180 69.33410 70.11430 70.58570 69.88720 69.61190 69.62720 70.40020 70.73000 71.08970 71.15580 71.09310 71.64270 71.29090 71.09880 71.12040 71.53560 71.56320 71.61830 71.67630 72.34680 72.82390 72.92250 73.23690 72.93610 72.44090 72.14950 71.86690 72.02480 72.16000 72.73060 72.71940 72.29740 72.46950 73.00190
65.03000 64.55990 63.37380 63.02260 63.06370 64.19840 63.92120 64.35460 63.81320 63.77340 63.73210 64.01440 63.88450 63.70430 64.59890 65.24850 64.99450 65.98760 66.24540 66.86150 66.00920 67.11560 67.65590 68.09070 68.57820 68.11090 67.56620 67.77640 68.23490 68.40620 68.22930 69.34860 69.48330 69.16820 68.83730 69.99070 70.11330 69.76860 69.68300 70.09480 70.04950 70.05370 70.44800 70.48490 70.90230 70.88100 72.03690 71.91030 71.42360 71.49850 71.96510 71.97450 72.46090 72.96990 72.98390 73.24270 73.48950 73.47590 73.92490 73.87770 73.42870 73.13560 72.71250 72.23190 70.99870 71.76900 71.73250 72.14090 72.35690 73.51180 73.98280
65.07920 65.18720 64.04810 62.95720 63.30060 62.19070 62.76400 63.64930 63.68430 63.42290 63.81300 63.97650 64.81090 64.96810 64.08770 65.43600 66.60740 67.25480 67.10710 67.43680 68.01630 67.56560 67.70020 68.43680 69.35290 69.78190 68.85070 68.60190 69.31280 69.12140 69.54870 69.85850 69.41170 69.55430 69.12670 69.44700 70.03960 69.94410 69.24290 69.17730 70.30800 70.71940 70.32480 71.60790 71.77030 72.50760 73.33920 73.93150 73.80440 74.19890 74.37330 74.40460 74.42920 74.30300 73.93420 73.98190 74.36620 74.82210 74.66490 74.21430 73.68970 73.21310 72.09360 70.97990 70.64360 71.05150 71.43440 71.93550 72.59830 73.47170 74.03830
66.79030 65.73800 64.56470 64.56380 63.90100 63.48860 61.81060 62.30080 63.40840 63.26870 62.94720 63.89470 64.41840 64.30240 64.85000 66.14580 66.28410 66.96880 67.90000 68.30130 68.15670 68.01440 67.55450 68.82090 69.79110 70.13410 68.78670 69.07770 68.95300 68.56740 69.53060 70.28430 69.72440 69.58230 69.41930 69.88390 70.02550 70.47450 69.94320 70.03330 70.85810 72.28680 71.78880 72.70160 74.15010 74.19730 74.11700 74.32440 73.40150 74.19780 -9999 -9999 75.00510 75.10450 75.55430 74.55430 75.30320 75.00120 74.75120 74.14150 73.62760 72.46450 71.31150 69.69570 70.10190 69.26650 69.59560 70.04440 72.44740 73.73100 74.08090
65.15540 65.67480 65.28320 64.75330 64.58000 64.97480 63.20280 64.61170 63.59260 63.38620 62.80690 64.12690 64.52720 64.84250 65.77270 66.73190 66.28530 67.35130 68.36650 68.21740 68.59170 69.30190 69.53880 69.47140 68.55360 69.31900 68.93650 69.37430 69.26330 69.43380 69.12150 70.27500 70.22180 69.68260 69.56430 69.60600 69.41200 71.09150 72.22360 -9999 -9999 -9999 -9999 74.11700 -9999 72.83590 71.47120 72.80520 73.20540 74.46710 -9999 -9999 74.07080 74.53150 74.88500 74.92480 75.56960 74.91820 73.99500 73.24190 72.55710 71.95500 70.93790 70.81780 71.38100 68.67920 68.92690 69.74400 72.76040 73.71800 74.75440
66.77410 66.47200 66.18110 65.34340 65.79170 66.65930 64.99240 65.23190 66.29070 66.16190 65.97650 66.17800 66.12930 66.09610 66.88590 68.14670 67.58860 67.78340 68.00560 68.69800 68.54440 69.73340 69.96640 70.28210 69.82070 70.49660 70.03090 69.65340 70.00730 69.96480 69.94390 70.27270 69.83780 70.20160 69.65070 70.67250 71.56480 -9999 -9999 -9999 -9999 -9999 -9999 -9999 73.90410 73.22900 73.66320 -9999 -9999 -9999 -9999 -9999 75.52010 75.08140 73.99090 74.54990 74.38960 74.45840 74.51350 73.65910 73.87300 73.63820 73.03540 71.78660 72.98320 73.05350 72.50390 70.55500 73.19040 74.99090 -9999
