data/hydroclimate-scenarios/BCSD_hadcm_B1/monthly_summaries/rh_monthly_avg_nov.2070-2099.asc
ncols	311
nrows	91
xllcenter	102.75
yllcenter	31.75
cellsize	0.5
NODATA_value	-9999
[rows 32 to 63 of 91, columns 0 to 70 of 311]
-9999 -9999 -9999 -9999 -9999 -9999 -9999 -9999 -9999 -9999 -9999 60.71910 61.10760 61.91210 62.32790 62.88060 63.55930 63.93900 64.30910 64.42350 64.92770 65.76750 66.39130 66.39940 66.91790 66.38630 65.91910 64.66680 64.48480 64.60170 64.04350 64.65410 65.72000 66.63690 67.13470 68.70380 69.53500 69.45680 69.30820 70.27410 70.47220 70.76240 71.06380 70.42350 70.37920 69.95800 70.18440 69.72240 69.30120 68.97620 68.52090 67.50390 67.36090 66.47530 66.15500 65.97040 65.85200 65.37920 65.64620 65.34820 65.62970 65.63500 65.70720 66.01470 66.75560 67.45690 67.69910 67.45060 67.21820 66.70050 67.45350
-9999 -9999 -9999 -9999 -9999 -9999 -9999 -9999 -9999 -9999 -9999 60.83360 60.86620 62.01550 62.36060 63.05020 63.65490 64.16110 64.84640 64.94070 65.52670 65.97630 66.53230 67.07150 66.49540 65.83000 65.35850 64.41980 64.09190 64.57130 64.29330 64.55860 65.33610 66.36090 67.34700 68.94150 68.84620 69.03560 68.91880 69.43490 70.04720 69.92010 70.56030 70.28930 70.25090 70.12190 69.98030 69.52850 69.08160 69.03480 68.31290 67.98250 67.54530 67.05910 66.75160 66.26760 66.16960 65.90820 65.54890 65.59130 65.22720 65.59980 66.32010 66.33350 67.05060 67.28530 67.56510 67.94260 68.19560 67.36470 68.40270
-9999 -9999 -9999 -9999 -9999 -9999 -9999 -9999 -9999 -9999 -9999 -9999 61.46520 61.86150 62.26860 62.91420 63.33590 64.11640 64.54180 64.75700 64.98110 65.63070 65.90060 65.60950 65.02950 63.60840 63.22580 63.42690 63.88990 64.01960 64.17660 64.83280 65.27840 66.00990 67.01830 67.76740 68.31670 68.58450 68.79250 68.78560 69.33420 69.61380 70.17980 69.75140 70.04610 69.89420 69.53880 69.42540 68.91340 68.44930 68.05040 67.14220 66.41900 66.01770 65.60710 66.08690 66.03110 66.05680 65.94730 65.80250 66.05360 66.31140 65.94430 66.00910 66.74610 67.48000 68.16240 68.19790 67.25590 67.43790 69.39240
-9999 -9999 -9999 -9999 -9999 -9999 -9999 -9999 -9999 -9999 -9999 -9999 61.83540 61.94580 62.65220 63.05600 63.77020 64.62150 65.00670 64.86760 65.57850 64.69250 64.95150 64.62560 63.63910 63.55460 63.47220 62.65970 63.05520 62.57200 62.36960 62.67730 63.95050 65.06320 65.73090 66.46120 66.96000 67.66560 68.23730 68.32040 68.58060 69.08770 69.72510 69.85670 70.28970 70.56070 70.75910 69.65250 69.10500 68.19510 67.44820 66.93150 66.52520 66.12480 66.14060 66.30610 66.23320 66.26870 66.21030 65.95080 65.84210 65.26540 65.25850 65.69720 66.42550 67.63880 67.57990 68.36970 68.29280 68.86630 68.84010
-9999 -9999 -9999 -9999 -9999 -9999 -9999 -9999 -9999 -9999 -9999 -9999 61.99260 62.69970 63.12620 63.43910 63.86300 64.28490 64.59330 64.24030 64.91440 64.78200 65.08630 64.69100 64.22580 62.92870 62.61760 63.40600 62.31000 62.29880 62.10480 62.90920 62.65300 63.07220 64.45610 65.03220 65.62430 65.85930 66.52960 67.20950 67.35320 68.02190 69.05700 69.15070 69.92970 70.66930 70.14120 68.93870 68.45610 68.38160 67.63280 67.11470 66.77340 65.95540 65.93900 66.72760 66.01670 66.04170 65.94210 65.40290 65.32760 64.75350 65.14460 66.24340 66.51900 66.93880 67.61550 68.44930 68.36530 69.41890 70.17720
-9999 -9999 -9999 61.14310 61.32900 61.20500 61.53860 61.21830 61.49950 -9999 61.79750 61.96930 62.42610 63.05200 63.45760 63.46050 63.82840 63.87730 64.02330 63.93650 64.76760 65.07140 65.64970 65.67810 64.85150 63.44850 63.06490 61.86190 61.03720 59.14830 60.17050 60.97740 60.36370 59.88880 61.64100 62.56710 63.11340 63.68890 64.39970 65.80650 66.68110 67.05370 68.72300 68.89030 69.43880 69.43290 68.53390 68.66650 68.16250 67.36420 66.55720 66.08530 64.97780 63.94480 64.03180 63.64960 63.15720 64.99550 64.07610 64.80490 65.23450 64.96540 65.28470 65.65830 66.39540 67.15350 67.39560 68.22140 69.03100 69.98140 70.34170
-9999 -9999 -9999 61.90570 61.55730 61.90640 61.55840 62.04450 62.39250 62.31540 62.98960 63.57590 63.58020 63.51580 63.42400 63.00200 62.94350 63.32590 63.87630 64.10800 65.26640 65.19940 66.92810 66.67070 64.90580 63.44530 62.01540 61.30070 59.54900 57.79340 58.04980 58.40270 58.54800 58.38740 59.11150 59.39600 60.26730 60.21510 62.14970 62.48990 63.46320 65.34850 66.97500 67.20330 67.76600 67.55960 67.52050 68.39110 66.89230 66.01010 65.20250 64.43300 63.59080 63.36600 63.94770 63.80940 64.29860 64.19610 63.32770 63.71000 64.15040 64.40970 64.45430 65.15650 65.80510 67.24170 67.88490 69.02520 69.72620 69.99540 70.59730
-9999 -9999 -9999 62.04390 61.91140 61.87630 61.85500 62.66250 63.05140 63.29860 63.31420 63.49080 63.41670 62.50670 61.73600 62.12130 62.02380 62.43790 63.19530 63.43830 63.90010 63.53000 64.66470 63.29630 61.60850 61.22450 60.19880 59.24480 58.54970 55.95190 54.52600 55.18580 56.48370 56.27330 56.68000 57.25810 58.30480 59.06830 60.07540 60.84300 61.76420 63.54180 65.44700 66.43540 68.04560 67.88560 67.39100 66.97110 66.26810 65.01260 63.83600 64.60920 63.79850 63.29620 63.69490 63.71360 63.83380 63.82090 63.29970 63.28800 64.10150 64.41640 65.14900 65.03320 66.11230 66.48940 67.46530 68.12570 67.98860 68.99510 69.63190
-9999 -9999 -9999 62.34550 62.41370 62.08600 62.76870 62.58920 62.82550 62.73230 63.40810 63.76850 62.55590 62.08630 61.49220 61.67890 60.98670 60.95900 61.33570 61.53360 60.69080 59.99700 59.09760 59.04200 59.23540 59.37260 58.55600 58.40850 55.54580 53.66210 53.75670 55.33540 54.41410 53.51550 53.84980 54.62760 56.41430 57.92390 58.09100 59.31010 60.13800 60.62510 61.71120 63.70770 66.62800 66.35890 65.45820 65.69900 64.43250 64.44210 63.13120 63.53280 62.87580 61.88270 62.39410 63.15690 63.24380 62.77870 62.43800 62.79400 62.30770 63.63620 64.39110 65.04990 65.36850 66.41010 67.02570 67.26320 67.02370 67.89650 71.31500
-9999 -9999 -9999 62.66040 62.68070 62.00310 62.28250 62.76250 62.40070 62.99210 63.82180 63.41960 62.42540 61.21150 60.50310 60.45350 59.80100 59.93500 60.83120 61.08690 59.94290 58.88580 58.03760 58.69790 58.98770 58.68790 59.00540 57.71120 55.45160 53.34740 52.29680 52.71300 52.27520 52.81350 53.46490 53.46590 54.05590 55.58380 56.32970 57.42220 57.58680 58.68960 59.77320 60.72070 62.59700 63.77660 64.20400 64.08040 63.67210 63.22380 62.79760 63.54120 62.40910 60.99820 62.27720 61.49380 62.79010 62.81370 62.37300 61.50040 62.27330 62.73250 63.76760 63.06290 63.74290 65.66450 65.94300 66.01580 66.94560 69.09890 72.80150
-9999 -9999 -9999 -9999 62.00130 61.69100 62.32130 62.07790 62.36190 62.93630 64.09960 63.51470 61.08220 62.08040 -9999 -9999 -9999 -9999 -9999 56.85910 56.29790 56.56050 55.99700 54.90920 55.78760 56.23990 57.70560 56.30710 54.84650 54.16360 52.63690 52.14420 51.77860 52.00910 53.11860 53.42750 53.27340 54.34980 54.87060 55.44600 56.61340 57.45970 58.17740 58.88970 60.28490 61.44350 62.42070 61.63410 62.49490 63.10150 62.56580 62.46550 62.87260 61.69140 61.34420 61.11850 60.52990 60.95650 61.28600 61.97980 61.65510 61.56580 62.33560 62.98230 63.70440 63.91670 65.38570 66.94360 68.45800 -9999 -9999
-9999 -9999 62.82550 62.47860 62.29010 62.32600 62.29500 62.02920 63.07090 63.59730 64.43470 63.83520 61.51270 -9999 -9999 -9999 -9999 -9999 55.42840 55.62160 54.88360 55.56170 55.69160 54.56880 54.73950 54.79900 56.20080 55.90240 55.23350 54.54760 53.34220 52.68700 51.98350 51.63200 51.98500 52.67470 52.51230 53.17570 53.42090 53.93900 54.42710 55.41300 55.92400 57.42390 58.64420 59.85110 60.72910 61.34740 62.22910 63.26270 63.04970 63.24900 62.84830 63.29260 62.13530 62.59610 61.81720 60.97540 60.99180 62.50800 62.79280 62.80880 63.51220 63.34640 64.17950 64.86290 65.99690 -9999 -9999 -9999 -9999
-9999 -9999 63.30580 62.80710 62.87650 62.43500 63.03400 62.45520 63.17780 63.99360 63.50080 63.25890 63.53740 -9999 -9999 -9999 -9999 58.42010 55.48070 55.48500 54.17890 54.09390 54.16040 54.49340 55.39300 56.29320 55.91880 55.10530 54.61330 54.36240 53.05450 52.01620 52.05780 51.68350 51.37030 51.46190 51.74940 52.07800 51.83200 51.56100 52.58580 52.78100 53.08060 54.82370 55.84240 57.72270 59.34610 59.84100 61.77430 62.02410 62.66580 63.48260 63.72990 63.31150 63.00000 63.97190 63.30650 61.89060 61.48150 62.55380 63.27750 62.70350 63.59850 64.34820 65.49500 -9999 -9999 -9999 -9999 -9999 69.21720
-9999 -9999 64.00750 63.21580 63.55040 63.12060 63.45040 63.55650 63.64080 64.04070 63.45160 63.30330 64.64540 -9999 -9999 -9999 -9999 57.02140 55.88760 54.91610 53.75890 53.85430 54.66650 54.87080 55.06220 55.30920 54.77260 54.79210 54.39740 53.92190 52.87820 52.38540 51.50170 50.70040 50.68500 50.17850 50.33260 50.62840 50.42430 51.25300 51.28200 51.79650 52.09520 52.61240 54.65060 55.90690 57.37050 58.31350 59.94050 60.78290 62.24660 62.40930 62.39550 62.27120 61.97470 63.61530 63.69560 62.49110 63.16530 63.41090 64.90410 64.92840 65.28460 64.26000 63.44130 63.04350 64.77740 64.29540 65.82240 -9999 -9999
-9999 -9999 -9999 63.92810 63.38050 63.48540 63.87710 64.38830 64.12520 63.36180 64.09260 64.14380 -9999 -9999 -9999 -9999 58.55040 56.45800 56.24190 55.07540 54.20630 54.60440 54.26080 53.89870 54.09090 54.26410 54.18770 53.80470 53.64380 52.01680 51.65210 52.27490 52.14570 50.92530 50.23360 50.56990 50.81810 51.06320 51.29200 51.45670 51.29240 51.09530 50.98710 51.86710 54.28940 55.66970 57.68480 59.03390 59.47060 60.48350 60.30760 61.04530 61.49710 60.99950 60.28470 60.80840 60.96030 61.07700 61.84020 63.21840 63.82840 64.05750 62.56540 60.54290 59.21670 61.82650 63.53290 63.35070 64.78980 69.02350 -9999
-9999 -9999 -9999 -9999 64.68570 64.40390 64.38950 63.99750 64.01680 64.94160 63.90640 -9999 -9999 -9999 -9999 60.36250 58.45100 57.61780 56.74580 55.50050 54.87760 54.61950 54.35520 53.54000 53.53490 54.44480 54.43940 54.17680 53.71980 53.23050 52.70900 53.51020 52.98430 51.84290 50.41430 50.51950 50.51060 50.75500 50.61420 50.78630 50.01930 50.30650 50.90520 52.08950 53.87810 55.54120 56.95450 58.24790 59.36070 60.08430 60.68570 60.83000 60.47110 60.10920 60.25960 60.83100 61.81910 61.16760 61.78080 63.09780 62.78340 61.87130 61.81320 61.79240 60.62270 61.33210 62.53200 62.79770 62.64570 64.23090 65.52210
-9999 -9999 -9999 -9999 -9999 -9999 64.66100 64.83030 63.37350 63.42330 64.83610 -9999 -9999 -9999 -9999 -9999 58.88490 57.37620 56.75160 55.11250 54.33440 55.86480 53.85750 53.28940 53.59090 54.58030 54.69350 54.70550 54.93010 54.45090 54.26550 54.28460 53.78760 52.03480 51.29690 51.17450 50.48450 49.64450 50.07720 49.36050 49.51650 49.03380 49.60550 51.08010 52.48420 54.91620 56.66250 57.98010 59.14140 59.91260 60.58020 60.68510 60.47640 59.81150 59.23930 59.65130 60.53730 61.12110 61.64450 61.98750 61.73700 61.59020 61.25240 60.89470 59.83480 60.78700 61.77540 61.91260 62.21730 63.16060 64.30460
-9999 -9999 -9999 -9999 -9999 -9999 -9999 -9999 -9999 -9999 -9999 -9999 -9999 -9999 -9999 -9999 -9999 -9999 -9999 54.86950 54.16970 54.72150 54.08760 53.84530 53.84510 54.06480 54.31350 55.79100 55.69600 54.99860 54.97270 55.15380 53.47350 52.52940 51.70470 51.21790 50.78330 49.74790 49.15700 48.68110 48.34540 48.94780 49.84130 50.92760 52.24720 54.41400 56.51050 57.86070 59.26740 59.77810 60.41250 60.93380 60.38560 60.11910 58.95850 59.15490 59.99500 60.92790 61.32420 61.60820 60.90630 61.30240 60.97650 60.56290 59.98080 61.62510 62.18710 62.14840 62.18650 62.51750 63.60660
-9999 -9999 -9999 -9999 -9999 -9999 -9999 -9999 -9999 -9999 -9999 -9999 -9999 -9999 -9999 -9999 -9999 -9999 55.73970 54.60350 54.56840 54.69980 54.53880 54.34620 54.63420 54.62530 54.92570 54.66800 54.82470 54.65000 55.18790 54.28610 53.53450 53.04650 52.08290 51.61730 50.83550 50.06190 48.73110 48.09040 48.28560 48.99980 49.55770 50.65480 51.76440 53.70500 55.85760 58.32320 59.86540 60.66000 61.40670 61.34110 60.92020 59.78570 59.08050 59.91260 60.37440 60.14870 60.15720 61.54950 62.21760 62.75950 62.25490 61.23150 60.81470 62.34100 62.86760 63.21650 63.52800 64.39090 65.10720
-9999 -9999 -9999 -9999 -9999 -9999 -9999 -9999 -9999 -9999 -9999 -9999 -9999 -9999 -9999 -9999 -9999 55.63280 55.27730 55.05940 54.58870 54.15340 54.66620 54.58950 54.71130 54.91790 54.59030 54.39180 53.59770 53.84330 54.18440 54.42830 53.98430 54.17710 53.21090 51.94200 50.24450 49.31130 48.82740 48.17900 48.19100 48.91110 49.38570 50.59120 52.21700 54.00060 55.96220 57.99850 60.23640 61.39310 62.40310 62.41650 61.58320 60.17640 59.98350 60.35220 60.22520 60.02630 60.45180 61.83410 63.63040 63.04790 61.00720 60.82530 62.75480 63.40800 63.36120 64.54580 64.93420 65.53250 65.17290
-9999 -9999 -9999 -9999 -9999 -9999 -9999 -9999 -9999 -9999 -9999 -9999 -9999 -9999 -9999 -9999 -9999 55.12500 54.83110 53.99410 53.85540 54.30270 54.67630 54.88500 55.97760 55.19280 54.86190 54.35100 54.19920 54.12090 54.92350 55.18370 55.16530 55.45080 54.20810 52.65220 51.52580 49.96350 48.53570 48.68710 48.81860 49.20780 49.79140 51.12520 52.50970 55.27030 57.43760 57.36250 59.73840 62.88060 63.56740 62.78460 61.66880 61.08360 60.52270 60.72830 59.90360 60.59270 61.86650 62.59150 63.01460 62.40580 62.74890 62.52080 61.72940 62.81180 64.59350 64.31390 65.67490 66.75580 67.15590
-9999 -9999 -9999 -9999 -9999 -9999 -9999 -9999 -9999 -9999 -9999 -9999 -9999 -9999 -9999 -9999 53.44670 53.26600 52.95650 53.27160 53.98840 55.13810 55.08650 55.57330 56.61500 55.48410 55.20510 55.69710 54.91550 54.84740 55.39510 55.66480 55.82620 56.36540 55.85990 54.82800 53.15010 51.64860 50.01900 50.41080 50.37560 49.63030 49.93490 51.34090 53.27720 55.62110 57.12190 57.17990 58.72660 62.44690 63.73540 62.39650 61.46080 61.17960 60.84000 61.18250 61.19430 61.68600 62.45420 62.31580 63.57990 63.79010 63.69410 62.23700 63.90510 64.53080 65.68990 66.38560 67.67680 68.07560 67.99760
-9999 -9999 -9999 -9999 -9999 -9999 -9999 -9999 -9999 -9999 -9999 -9999 -9999 54.20920 53.11970 52.52270 52.09370 51.42540 52.36640 53.29130 54.08790 54.54470 55.49270 55.65040 55.82330 56.67600 56.58510 56.41460 56.27970 56.70160 56.74940 56.92420 57.06350 57.18380 56.86090 56.20930 55.49310 55.15560 54.23530 53.17630 52.09730 51.09820 50.34340 52.39850 54.47190 56.83410 57.89340 57.99690 58.11180 57.74070 58.89310 59.85300 60.05680 61.06740 61.39850 61.42770 62.08400 62.64750 63.31410 63.77150 64.67590 65.55270 65.94700 66.63390 67.91950 69.40360 69.59920 69.02210 69.24470 68.90140 68.35390
-9999 -9999 -9999 -9999 -9999 -9999 -9999 -9999 -9999 -9999 -9999 -9999 53.70220 52.65280 51.73220 51.15170 51.28080 51.52250 51.78880 53.84520 53.87250 55.26800 56.06120 56.41160 56.30850 57.19880 57.20970 57.47070 57.17660 57.83060 57.49490 57.39130 57.44720 57.70370 58.32580 57.78330 57.58530 57.99880 58.20630 57.15990 54.63440 52.37220 50.40580 53.12870 55.75240 57.91870 58.49570 58.26420 57.04490 55.42590 56.75510 58.49910 59.60720 60.55390 61.45270 62.27570 62.57320 62.92280 63.00700 64.05260 64.93740 66.56830 67.62360 68.00670 69.75780 70.72330 70.75680 70.46370 70.23850 68.94550 67.75400
-9999 -9999 -9999 -9999 -9999 -9999 -9999 -9999 -9999 -9999 -9999 51.85570 51.27720 50.86110 50.44650 50.77560 50.74270 51.45780 51.95190 52.26650 53.61030 55.29420 56.16730 56.57480 56.56500 56.72920 56.87110 57.49850 58.68790 58.23760 57.31850 56.77430 56.87590 57.30340 58.30470 57.87440 58.12500 59.41350 61.42770 60.12880 57.21940 54.80520 53.69020 55.32880 57.26530 59.15840 60.03980 60.07480 58.89520 57.53280 57.62070 57.32300 58.30290 59.16420 60.34320 61.97020 63.40700 63.72910 65.29010 66.53810 66.81580 68.45370 69.66930 70.15100 71.73270 72.68830 72.05590 71.46040 70.00960 68.65020 67.21230
-9999 -9999 -9999 -9999 -9999 -9999 -9999 -9999 -9999 -9999 51.80850 50.82310 50.85280 49.95870 49.73690 49.47340 49.61500 49.91430 50.84560 51.83100 53.65820 55.36360 56.42900 56.71920 56.68220 56.82960 56.81860 57.72110 57.87490 57.13870 56.54550 56.17450 56.18530 56.54240 57.13200 56.84000 57.66650 59.49880 61.02980 60.50530 58.89060 57.44490 57.39500 58.24980 59.40220 60.81120 61.96530 62.17050 61.30780 59.94590 59.24500 57.82160 58.38020 58.93480 60.36440 62.32590 63.31700 64.48850 66.52590 67.15620 67.71250 68.62720 69.49810 70.51210 71.73820 72.62600 72.17520 71.42580 69.92710 68.13040 67.39300
-9999 -9999 -9999 -9999 -9999 -9999 -9999 -9999 -9999 52.13420 50.79450 50.65330 50.51660 49.69260 48.87100 47.63210 47.30500 48.16900 50.18630 51.71850 53.89190 54.83570 55.82680 56.71170 56.81400 57.07430 57.57740 57.34970 57.11100 56.38650 55.78600 54.38370 54.07940 54.25290 54.55440 55.24220 56.27640 58.70150 59.57850 60.49000 60.14330 60.35790 60.27930 60.88740 61.57800 62.32920 63.68820 63.26090 63.50650 62.51960 60.71020 58.83630 57.99580 57.67850 58.73250 63.37400 65.54890 66.85370 67.33450 67.59070 67.53060 68.27780 68.91680 69.85860 70.97790 71.19560 71.18580 69.54550 68.78230 67.95590 68.46580
-9999 -9999 -9999 -9999 -9999 -9999 -9999 -9999 -9999 -9999 48.98840 50.03850 50.27230 50.12100 49.06680 47.09120 45.83030 47.29210 49.18410 51.09460 52.92280 54.79940 55.98970 -9999 -9999 -9999 -9999 -9999 -9999 55.44220 54.52450 54.20150 53.73640 53.31290 53.34630 54.16010 55.75050 58.08210 58.91910 60.23110 60.70550 61.30020 61.68430 62.41280 62.59400 63.13360 63.91780 64.17670 64.28310 63.65510 61.78390 60.01100 58.68550 58.19870 59.06110 63.78120 65.86430 66.82660 67.34890 67.51190 67.27040 67.51850 68.01180 68.92090 68.17350 69.75000 69.60820 68.27530 66.20100 67.20200 67.54320
-9999 -9999 -9999 -9999 -9999 -9999 -9999 -9999 -9999 -9999 -9999 -9999 50.62860 50.00480 48.71780 48.29460 47.54010 47.80550 49.32410 -9999 -9999 -9999 -9999 -9999 -9999 -9999 -9999 -9999 -9999 -9999 -9999 -9999 -9999 53.56110 53.23540 54.65590 56.02570 57.78170 59.41540 60.43590 61.15440 61.70070 62.08580 62.62170 62.58720 63.52020 64.06640 64.83300 65.21190 64.07820 62.44760 59.77350 58.93070 59.39170 60.45770 63.72450 64.71400 65.91460 66.64520 66.41680 66.54840 66.04470 66.42030 67.44160 68.10850 68.74270 68.51440 67.41890 67.24920 68.44830 69.43820
-9999 -9999 -9999 -9999 -9999 -9999 -9999 -9999 -9999 -9999 -9999 -9999 -9999 -9999 -9999 -9999 -9999 -9999 -9999 -9999 -9999 -9999 -9999 -9999 -9999 -9999 -9999 -9999 -9999 -9999 -9999 -9999 -9999 -9999 53.57620 54.51550 56.53930 57.82730 59.31680 60.27160 61.02300 61.37940 61.97450 63.01130 63.16730 63.25880 64.09140 64.84310 65.02960 63.55480 62.22050 59.66540 59.26350 59.70630 60.43010 63.84210 64.58060 64.35290 64.99860 65.05950 65.71680 65.51460 65.69880 67.23050 67.64950 67.71040 67.65360 66.78960 66.33060 67.95090 70.31160
-9999 -9999 -9999 -9999 -9999 -9999 -9999 -9999 -9999 -9999 -9999 -9999 -9999 -9999 -9999 -9999 -9999 -9999 -9999 -9999 -9999 -9999 -9999 -9999 -9999 -9999 -9999 -9999 -9999 -9999 -9999 -9999 -9999 -9999 54.00470 54.76790 55.37390 57.59740 59.59040 60.86130 61.29860 61.86440 62.49000 62.48360 62.99510 63.53360 63.95590 64.44820 64.72640 62.45060 60.82070 59.43760 60.07280 58.60700 59.59400 62.36120 64.09960 64.58180 64.81170 65.80010 66.71440 66.42650 65.72620 65.72700 66.74580 65.78120 66.53060 66.15240 66.02130 68.51190 -9999
-9999 -9999 -9999 -9999 -9999 -9999 -9999 -9999 -9999 -9999 -9999 -9999 -9999 -9999 -9999 -9999 -9999 -9999 -9999 -9999 -9999 -9999 -9999 -9999 -9999 -9999 -9999 -9999 -9999 -9999 -9999 -9999 -9999 -9999 -9999 -9999 -9999 -9999 60.02930 60.89290 61.40000 61.85960 62.41200 62.90440 63.22580 63.84780 64.10130 64.00460 63.72460 61.64250 60.04300 59.26010 59.75440 58.72580 59.35390 62.20780 63.53600 64.64090 65.15440 66.69100 67.26280 66.97190 65.96410 66.10730 65.38410 66.10020 66.46920 67.00840 68.53270 -9999 -9999
