data/hydroclimate-scenarios/BCSD_hadcm_B1/monthly_summaries/rh_monthly_avg_sep.2070-2099.asc
ncols	311
nrows	91
xllcenter	102.75
yllcenter	31.75
cellsize	0.5
NODATA_value	-9999
[rows 0 to 31 of 91, columns 0 to 70 of 311]
-9999 -9999 -9999 -9999 -9999 -9999 -9999 -9999 -9999 -9999 -9999 -9999 -9999 -9999 -9999 -9999 -9999 -9999 -9999 -9999 -9999 -9999 -9999 -9999 -9999 -9999 -9999 -9999 -9999 -9999 -9999 -9999 -9999 -9999 -9999 -9999 -9999 -9999 -9999 -9999 -9999 -9999 -9999 -9999 -9999 -9999 -9999 -9999 -9999 -9999 -9999 -9999 -9999 -9999 -9999 -9999 -9999 -9999 -9999 -9999 -9999 -9999 -9999 -9999 -9999 -9999 -9999 -9999 -9999 -9999 -9999
-9999 -9999 -9999 -9999 -9999 -9999 -9999 -9999 -9999 -9999 -9999 -9999 -9999 -9999 -9999 -9999 -9999 -9999 -9999 -9999 -9999 -9999 -9999 -9999 -9999 -9999 -9999 -9999 -9999 -9999 -9999 -9999 -9999 -9999 -9999 -9999 -9999 -9999 -9999 -9999 -9999 -9999 -9999 -9999 -9999 -9999 -9999 -9999 -9999 -9999 -9999 -9999 -9999 -9999 -9999 -9999 -9999 -9999 -9999 -9999 -9999 -9999 -9999 -9999 -9999 -9999 -9999 -9999 -9999 -9999 -9999
-9999 -9999 -9999 -9999 -9999 -9999 -9999 -9999 -9999 -9999 -9999 -9999 -9999 -9999 -9999 -9999 -9999 -9999 -9999 -9999 -9999 -9999 -9999 -9999 -9999 -9999 -9999 -9999 -9999 -9999 -9999 -9999 -9999 -9999 -9999 -9999 -9999 -9999 -9999 -9999 -9999 -9999 -9999 -9999 -9999 -9999 -9999 -9999 -9999 -9999 -9999 -9999 -9999 -9999 -9999 -9999 -9999 -9999 -9999 -9999 -9999 -9999 -9999 -9999 -9999 -9999 -9999 -9999 -9999 -9999 -9999
-9999 -9999 -9999 -9999 -9999 -9999 -9999 -9999 -9999 -9999 -9999 -9999 -9999 -9999 -9999 -9999 -9999 -9999 -9999 -9999 -9999 -9999 -9999 -9999 -9999 -9999 -9999 -9999 -9999 -9999 -9999 -9999 -9999 -9999 -9999 -9999 -9999 -9999 -9999 -9999 -9999 -9999 -9999 -9999 -9999 -9999 -9999 -9999 -9999 -9999 -9999 -9999 -9999 -9999 -9999 -9999 -9999 -9999 -9999 -9999 -9999 -9999 -9999 -9999 -9999 -9999 -9999 -9999 -9999 -9999 -9999
-9999 -9999 -9999 -9999 -9999 -9999 -9999 -9999 -9999 -9999 -9999 -9999 -9999 -9999 -9999 -9999 -9999 -9999 -9999 -9999 -9999 -9999 -9999 -9999 -9999 -9999 -9999 -9999 -9999 -9999 -9999 -9999 -9999 -9999 -9999 -9999 -9999 -9999 -9999 -9999 -9999 -9999 -9999 -9999 -9999 -9999 -9999 -9999 -9999 -9999 -9999 -9999 -9999 -9999 -9999 -9999 -9999 -9999 -9999 -9999 -9999 -9999 -9999 -9999 -9999 -9999 -9999 -9999 -9999 -9999 -9999
-9999 -9999 -9999 -9999 -9999 -9999 -9999 -9999 -9999 -9999 -9999 -9999 -9999 -9999 -9999 -9999 -9999 -9999 -9999 -9999 -9999 -9999 -9999 -9999 -9999 -9999 -9999 -9999 -9999 -9999 -9999 -9999 -9999 -9999 -9999 -9999 -9999 -9999 -9999 -9999 -9999 -9999 -9999 -9999 -9999 -9999 -9999 -9999 -9999 -9999 -9999 -9999 -9999 -9999 -9999 -9999 -9999 -9999 -9999 -9999 -9999 -9999 -9999 -9999 -9999 -9999 -9999 -9999 -9999 -9999 -9999
-9999 -9999 -9999 -9999 -9999 -9999 -9999 -9999 -9999 -9999 -9999 -9999 -9999 -9999 -9999 -9999 -9999 -9999 -9999 -9999 -9999 -9999 -9999 -9999 -9999 -9999 -9999 -9999 -9999 -9999 -9999 -9999 -9999 -9999 -9999 -9999 -9999 -9999 -9999 -9999 -9999 -9999 -9999 -9999 -9999 -9999 -9999 -9999 -9999 -9999 -9999 -9999 -9999 -9999 -9999 -9999 -9999 -9999 -9999 -9999 -9999 -9999 -9999 -9999 -9999 -9999 -9999 -9999 -9999 -9999 -9999
-9999 -9999 -9999 -9999 -9999 -9999 -9999 -9999 -9999 -9999 -9999 -9999 -9999 -9999 -9999 -9999 -9999 -9999 -9999 -9999 -9999 -9999 -9999 -9999 -9999 -9999 -9999 -9999 -9999 -9999 -9999 -9999 -9999 -9999 -9999 -9999 -9999 -9999 -9999 -9999 -9999 -9999 74.47120 74.28380 74.01110 73.92650 73.76400 73.39650 73.21600 72.99630 72.70350 71.88500 -9999 -9999 -9999 -9999 -9999 -9999 -9999 -9999 -9999 -9999 -9999 -9999 -9999 -9999 -9999 -9999 -9999 -9999 -9999
-9999 -9999 -9999 -9999 -9999 -9999 -9999 -9999 -9999 -9999 -9999 -9999 -9999 -9999 -9999 -9999 -9999 -9999 -9999 -9999 -9999 -9999 -9999 -9999 -9999 -9999 -9999 -9999 -9999 -9999 -9999 -9999 -9999 -9999 -9999 -9999 -9999 -9999 74.55510 73.69000 74.01290 73.82310 73.84440 73.67360 73.47810 73.33710 72.98250 72.96590 72.94430 72.05200 72.21860 71.85540 71.47500 70.45560 -9999 -9999 -9999 -9999 -9999 -9999 -9999 -9999 -9999 -9999 -9999 -9999 -9999 -9999 -9999 -9999 -9999
-9999 -9999 -9999 -9999 -9999 -9999 -9999 -9999 -9999 -9999 -9999 -9999 -9999 -9999 -9999 -9999 -9999 -9999 -9999 -9999 -9999 -9999 -9999 -9999 -9999 -9999 -9999 -9999 -9999 -9999 -9999 -9999 -9999 -9999 -9999 -9999 -9999 -9999 -9999 -9999 73.69370 73.45710 73.16160 72.93930 72.71730 72.52930 72.40900 72.73170 72.50810 72.10360 71.77630 71.36760 71.36510 70.31710 -9999 -9999 -9999 -9999 -9999 -9999 -9999 -9999 -9999 -9999 -9999 -9999 -9999 -9999 -9999 -9999 -9999
-9999 -9999 -9999 -9999 -9999 -9999 -9999 -9999 -9999 -9999 -9999 -9999 -9999 -9999 -9999 -9999 -9999 -9999 -9999 -9999 -9999 -9999 -9999 -9999 -9999 -9999 -9999 -9999 -9999 -9999 -9999 -9999 -9999 -9999 -9999 -9999 -9999 -9999 -9999 -9999 -9999 -9999 -9999 -9999 72.47540 72.22520 71.55880 71.45370 71.31900 71.89610 71.33360 71.31740 71.18780 70.61630 -9999 -9999 -9999 -9999 -9999 -9999 68.41650 -9999 -9999 -9999 -9999 -9999 -9999 -9999 -9999 -9999 -9999
-9999 -9999 -9999 -9999 -9999 -9999 -9999 -9999 -9999 -9999 -9999 -9999 -9999 -9999 -9999 -9999 -9999 -9999 -9999 -9999 -9999 -9999 -9999 -9999 -9999 -9999 -9999 -9999 -9999 -9999 -9999 -9999 -9999 -9999 -9999 -9999 -9999 -9999 -9999 -9999 -9999 72.66600 72.48110 71.79020 71.61440 72.04120 71.47430 71.23720 71.18490 71.43480 70.68660 70.81940 70.84420 70.84450 -9999 -9999 -9999 -9999 -9999 68.08540 67.95090 67.61370 67.63380 67.90780 67.90780 67.84420 67.83930 67.85580 68.08770 67.97580 68.31180
-9999 -9999 -9999 -9999 -9999 -9999 -9999 -9999 -9999 -9999 -9999 -9999 -9999 -9999 -9999 -9999 -9999 -9999 -9999 -9999 -9999 -9999 -9999 -9999 -9999 -9999 -9999 -9999 -9999 -9999 -9999 -9999 -9999 -9999 -9999 -9999 -9999 -9999 -9999 -9999 -9999 72.50250 72.39560 71.95670 72.12040 71.87070 71.70070 71.57480 71.33330 71.29570 70.64890 70.08590 69.67630 69.80070 69.76280 69.13010 69.19170 -9999 68.31560 67.45980 67.30380 67.08150 66.75070 66.69000 66.71670 67.10580 67.07490 67.09630 67.32600 67.48460 67.75970
-9999 -9999 -9999 -9999 -9999 -9999 -9999 -9999 -9999 -9999 -9999 -9999 -9999 -9999 -9999 -9999 -9999 -9999 -9999 -9999 -9999 -9999 -9999 -9999 -9999 -9999 -9999 -9999 -9999 -9999 -9999 -9999 -9999 -9999 -9999 72.46360 72.83080 72.44190 72.50640 72.90650 72.73780 72.67740 72.72440 71.99930 71.89470 71.68160 71.52550 71.39640 71.15110 70.71510 69.70540 69.45300 68.51490 68.53640 67.90230 67.25260 67.99120 67.76930 68.00230 67.21630 66.77930 66.31040 66.22820 65.55710 65.60480 66.55570 66.55770 66.57710 66.86420 66.90360 66.98120
-9999 -9999 -9999 -9999 -9999 -9999 -9999 -9999 -9999 -9999 -9999 -9999 -9999 -9999 -9999 -9999 -9999 -9999 -9999 -9999 -9999 -9999 -9999 -9999 -9999 -9999 -9999 -9999 -9999 -9999 -9999 -9999 -9999 -9999 71.75660 71.60040 71.69290 71.78000 71.96600 72.75000 73.13780 72.89810 72.98900 72.74220 72.59030 72.11130 71.93960 71.55780 70.95060 69.88820 69.39380 68.51530 67.55950 66.83310 66.68730 67.14260 67.70860 67.43010 67.70200 66.91520 66.25200 65.35190 65.26020 64.87680 65.29940 65.78950 65.70580 65.95200 65.44790 65.74610 65.63610
-9999 -9999 -9999 -9999 -9999 -9999 -9999 -9999 -9999 -9999 -9999 -9999 -9999 -9999 -9999 -9999 -9999 -9999 -9999 -9999 -9999 -9999 -9999 -9999 -9999 -9999 -9999 -9999 -9999 -9999 -9999 -9999 -9999 71.03430 71.08030 71.25030 71.14600 71.57800 71.67980 72.73540 72.86070 72.88010 72.73390 72.47420 72.52540 71.60650 71.33850 70.94410 69.76170 68.85680 67.94120 66.68300 63.29490 66.08620 66.51490 66.60120 66.45420 67.05580 66.70250 65.82480 65.18190 65.28030 64.89050 65.47830 65.21870 65.40790 65.06750 65.20750 65.23800 65.70030 65.61000
-9999 -9999 -9999 -9999 -9999 -9999 -9999 -9999 -9999 -9999 -9999 -9999 -9999 -9999 -9999 -9999 -9999 -9999 -9999 -9999 -9999 -9999 -9999 -9999 -9999 -9999 -9999 -9999 -9999 -9999 -9999 70.82820 70.79980 70.86940 70.93470 71.05600 71.16660 71.36180 71.72850 72.67880 72.50350 72.91570 72.77770 72.26140 72.14830 71.96830 71.53280 71.36310 70.36750 69.13490 67.75430 66.37690 62.50030 64.90820 65.86010 65.91380 66.59890 66.27400 65.11740 64.86750 64.90950 64.74110 64.52780 64.87900 64.66130 64.59030 64.80260 65.18620 65.50980 65.01330 64.61390
-9999 -9999 -9999 -9999 -9999 -9999 -9999 -9999 -9999 -9999 -9999 -9999 -9999 -9999 -9999 -9999 -9999 -9999 -9999 -9999 -9999 -9999 -9999 -9999 -9999 -9999 -9999 -9999 -9999 70.73520 70.46930 70.31960 70.11990 70.41400 70.48540 70.78170 70.95220 71.36980 71.51800 72.17260 72.52060 72.68880 72.51010 72.28940 71.85870 71.38670 70.91510 70.39640 68.74110 67.91430 66.87380 64.81060 62.28040 65.01810 64.57490 65.17490 66.02290 65.36730 65.14200 65.06760 64.37460 63.98900 63.83820 63.88730 64.23890 64.40710 64.07110 64.06860 64.10910 64.59660 64.97040
-9999 -9999 -9999 -9999 -9999 -9999 -9999 -9999 -9999 -9999 -9999 -9999 -9999 -9999 -9999 -9999 -9999 -9999 -9999 -9999 -9999 -9999 -9999 -9999 71.37140 71.22010 71.21090 71.00150 70.74150 70.48990 70.47650 70.38840 70.36670 70.34230 70.36310 70.86430 70.95650 71.49000 71.53550 72.18990 72.52460 72.60800 72.45590 72.38450 71.91490 71.28200 71.06140 69.99490 68.54900 67.66370 66.99480 64.99880 64.73840 65.34690 65.65050 65.86230 66.06090 65.52710 65.17600 64.73310 64.62700 64.29010 64.31790 64.03310 64.16530 64.11160 64.58160 65.26540 65.11500 65.24630 63.44320
-9999 -9999 -9999 -9999 -9999 -9999 69.67430 69.64240 69.99240 69.65220 70.08990 -9999 -9999 -9999 -9999 -9999 -9999 -9999 -9999 -9999 -9999 71.58670 70.79030 70.73500 70.66980 70.74280 70.40790 70.04750 70.20410 69.87550 70.06280 70.01140 70.01110 69.97420 69.98640 70.39880 70.48230 71.04150 71.38570 71.97460 72.28010 72.65050 72.19410 72.10140 71.68120 71.06010 70.68420 69.82100 68.27570 67.42260 66.33030 65.15900 64.37540 64.93250 66.05690 65.99920 65.72530 65.53950 65.31490 65.15830 64.73420 64.38850 64.00020 63.71020 63.77120 64.44890 64.87430 65.29340 65.30950 65.66000 65.28080
-9999 -9999 -9999 -9999 -9999 69.13980 69.08810 68.80120 69.24230 69.11360 69.37220 69.08970 69.38970 69.36830 -9999 -9999 -9999 70.23370 70.18580 70.24590 70.42150 70.16470 70.13610 70.08830 70.26780 70.13670 70.17000 69.68550 70.00190 69.98690 70.18420 70.26080 70.29260 70.38020 70.53010 70.43780 70.74370 71.05120 71.14010 71.88070 72.03260 72.59060 72.38300 71.84690 71.39440 70.85700 70.15520 68.99980 67.98430 66.99020 66.37960 65.43830 65.32990 65.91410 65.92010 65.64930 65.44810 65.85950 65.94630 65.29520 65.17490 64.42140 64.30030 64.17150 63.80480 62.99420 63.47020 64.19000 64.70050 64.85790 64.93610
-9999 68.82210 68.85390 68.80770 68.70030 68.73050 68.69160 68.72510 68.51470 68.68600 68.65120 68.52770 68.49850 68.76750 69.16500 69.42680 70.00500 69.55030 69.84230 69.93150 70.10910 70.09680 70.06560 70.07920 70.03920 69.59520 69.78120 69.39600 69.65630 69.57380 69.51610 69.70040 69.96670 69.97450 70.03480 70.32490 70.38760 70.46580 71.03340 71.44920 71.53550 71.88120 72.00440 71.50130 71.20980 70.70400 70.02780 69.26090 68.42180 67.56080 66.49720 65.35470 65.28580 64.60670 64.59670 64.84060 65.38240 66.08720 65.70850 65.31540 65.23950 64.43630 63.90030 63.80650 63.41670 63.28390 63.78840 63.73260 64.55580 64.02700 62.98110
-9999 67.96700 67.95920 68.02490 67.99310 67.97320 68.29490 68.10690 68.37680 68.28950 68.35400 68.19660 68.11200 68.41630 68.71380 68.74670 69.07620 68.92050 69.30910 69.48920 69.44140 69.47380 69.45900 69.69810 69.61080 69.63190 69.25150 69.21350 69.00710 68.93690 69.12700 69.59040 69.59860 69.91220 70.01120 69.92350 70.15290 70.13110 70.49070 70.56470 71.10130 71.48960 71.50960 71.34980 71.11500 70.43740 70.27290 69.26120 68.40370 67.41560 66.87310 65.87090 65.38720 63.83690 63.74300 64.76680 65.33460 65.22200 65.25640 64.61400 64.57650 63.99580 63.88080 63.99580 63.82340 63.51450 63.44450 63.65250 63.90780 64.12340 64.10030
-9999 -9999 -9999 67.35320 67.28310 67.38600 67.59510 67.95450 67.70850 68.03660 67.97430 68.23220 68.17810 68.43770 68.42910 68.41310 68.50920 69.06000 68.99040 68.91790 69.12390 69.19160 69.14080 69.12940 69.01420 69.26690 69.23300 68.96310 68.88280 68.83660 68.78110 69.24100 69.24790 69.58460 69.57290 69.48280 69.75180 69.71180 69.79980 70.06530 70.35240 70.92460 70.76510 70.93850 70.76810 70.27730 69.68860 69.15100 68.69760 68.03940 66.85070 66.04870 65.26510 64.25160 64.56450 64.28510 65.08150 65.11740 64.66120 64.31640 64.66490 63.74070 63.64830 63.40670 63.47790 64.04580 64.09290 63.82820 63.69650 63.57190 63.48680
-9999 -9999 -9999 -9999 -9999 -9999 67.18370 67.44410 67.19830 67.49370 67.51930 67.67450 67.94770 68.25770 68.25940 68.32140 68.30590 68.75360 68.83780 69.20360 69.07760 69.19960 69.19140 68.93290 69.12480 69.03490 68.88250 68.53830 68.74710 68.79570 68.65860 68.94030 68.92180 69.04050 69.22340 69.09240 69.13460 69.27880 69.36110 69.67080 69.74960 69.85480 70.13170 70.43000 70.51950 70.05230 69.86920 69.05490 68.83520 67.76390 66.70640 65.39800 64.79290 65.51150 64.61920 64.21110 64.83740 63.75440 63.15550 63.42320 62.90430 62.60370 62.51800 62.56600 63.09380 62.89910 64.07840 64.02450 63.66310 63.53560 63.35990
-9999 -9999 -9999 -9999 -9999 -9999 67.13970 66.84450 67.17540 67.09720 67.38390 67.08990 67.34210 67.61080 67.70450 67.94750 67.97340 68.41140 68.43470 68.52030 68.52800 68.66170 68.59930 68.62250 68.76350 68.66810 68.56820 68.46270 68.42150 68.42930 68.41260 68.31190 68.58160 68.60310 68.66700 68.66490 68.67580 68.86020 68.93010 69.22220 69.37090 69.67260 69.48700 70.05770 70.17990 69.85940 69.77290 69.49030 69.05940 68.61270 67.86050 67.09560 66.57330 65.97300 65.46610 65.98460 65.59790 64.40300 64.33360 63.64660 62.13750 62.40750 62.11870 62.46060 62.40560 63.69240 63.92210 64.34330 64.41470 64.23950 63.57790
-9999 -9999 -9999 -9999 -9999 -9999 -9999 -9999 -9999 -9999 67.00500 66.83230 67.05850 67.44180 67.50230 67.37630 67.45480 67.82990 67.91180 68.24280 68.26840 68.01810 68.36390 68.19100 68.17210 68.03070 67.92230 68.01370 67.91930 67.97150 67.94150 67.89630 68.11420 67.90670 68.10250 68.33610 68.34050 68.53670 68.59450 68.96490 68.82900 69.19200 69.03620 69.26710 69.36240 69.50130 69.26050 69.30650 69.07870 68.97570 68.82510 68.18360 67.70240 67.65850 67.35650 67.38980 67.17290 66.72790 66.15320 65.79270 65.44580 65.08970 64.74920 64.34390 64.34860 64.77030 65.14500 65.35670 65.11640 65.23960 64.50820
-9999 -9999 -9999 -9999 -9999 -9999 -9999 -9999 -9999 -9999 66.74750 66.87320 66.85850 66.97590 67.09140 66.79110 67.33810 67.43730 67.57370 67.90690 67.92960 68.01110 68.00110 67.91900 67.87710 67.92420 67.76610 67.68970 67.61260 67.60260 67.28990 67.51710 67.48840 67.51810 67.54860 67.99450 68.03150 68.31080 68.33400 68.37860 68.72530 68.91200 68.80390 69.12180 69.23070 68.98860 69.05630 69.14540 68.68230 68.79350 68.37110 67.99340 67.64020 67.57180 67.28470 67.47690 67.04710 66.84270 66.77420 66.37480 66.31090 66.27630 66.05150 66.31350 66.36190 66.46690 66.58050 66.59620 66.70500 65.69790 65.38440
-9999 -9999 -9999 -9999 -9999 -9999 -9999 -9999 -9999 -9999 -9999 -9999 66.31640 66.12660 66.71540 66.70970 67.04910 67.53370 67.51980 67.61130 67.59610 67.82700 68.04180 67.64220 67.68510 67.64360 67.55660 67.34000 67.35780 67.20630 67.15660 67.29520 67.23410 67.33740 67.50370 67.55370 67.81100 67.75280 67.78770 68.08390 68.33460 68.15190 68.72260 68.69900 69.05390 68.83750 68.51490 68.68020 68.56190 68.33240 68.04770 67.83330 67.53250 67.26630 66.95500 66.81740 67.03320 66.65900 66.59520 66.03680 66.05610 66.06400 66.09680 66.51860 66.54590 66.76780 67.10910 67.19350 67.11480 66.86070 65.74490
-9999 -9999 -9999 -9999 -9999 -9999 -9999 -9999 -9999 -9999 -9999 -9999 65.98340 66.01900 66.32290 66.44430 66.82050 67.02280 67.10460 67.24540 67.46340 67.17910 67.48670 67.56160 67.54680 67.35980 67.32530 67.39890 67.14490 67.13130 67.10260 66.99530 67.09750 67.12910 67.38670 67.54660 67.65530 67.57690 67.71150 67.87440 68.03970 68.50210 68.58710 68.64690 68.74490 68.51150 68.58630 68.39670 68.20670 67.90870 67.89350 67.86550 67.35240 67.04390 66.54420 66.81310 66.65210 66.62140 66.34610 66.09080 66.24010 66.35690 66.29890 66.45480 66.57860 66.97100 67.17380 67.46780 67.09950 66.45240 65.93590
-9999 -9999 -9999 -9999 -9999 -9999 -9999 -9999 -9999 -9999 -9999 65.19180 65.25340 65.68620 66.08470 66.15170 66.06630 66.23220 66.56030 66.70190 67.43020 67.18300 67.46340 67.41530 67.22280 67.21390 67.20000 66.96040 67.17540 66.86290 66.89270 66.95750 67.10030 66.99250 67.45860 67.70210 67.71070 67.73920 67.97140 67.91800 67.95670 68.27920 68.26630 68.60480 68.47590 68.41020 68.61480 68.45950 68.26390 68.11910 67.87260 67.95570 67.73480 67.13290 66.83230 66.49980 66.50660 66.24140 66.16170 66.23150 66.21610 66.26870 66.46400 66.39120 66.48220 66.85510 67.03100 66.83330 66.52620 65.81160 64.65930
-9999 -9999 -9999 -9999 -9999 -9999 -9999 -9999 -9999 -9999 -9999 64.68860 65.00140 65.35760 65.71000 65.56710 65.78520 66.04820 66.36350 66.55800 66.75960 66.98950 67.33180 67.10240 67.09520 67.06950 66.87290 66.61160 66.76720 66.41620 66.45310 66.54630 66.75050 66.94920 67.10700 67.41390 67.64600 67.38340 67.46670 67.86930 68.14270 68.13840 68.44920 68.30380 68.33170 68.31290 68.48870 68.51560 68.58730 68.23050 68.11250 68.15060 67.88830 67.54810 66.92710 66.67890 66.67190 66.55710 66.23170 66.62010 66.30980 66.29130 66.49180 66.65910 66.75680 67.11140 67.05430 67.08440 66.45900 65.67480 65.71510
