data/hydroclimate-scenarios/BCSD_hadcm_B1/monthly_summaries/rh_monthly_avg_nov.2030-2059.asc
ncols	311
nrows	91
xllcenter	102.75
yllcenter	31.75
cellsize	0.5
NODATA_value	-9999
[rows 0 to 31 of 91, columns 71 to 141 of 311]
-9999 -9999 -9999 -9999 -9999 -9999 -9999 -9999 -9999 -9999 -9999 -9999 -9999 -9999 -9999 -9999 -9999 -9999 -9999 -9999 -9999 -9999 -9999 -9999 -9999 -9999 -9999 -9999 -9999 -9999 -9999 -9999 -9999 -9999 -9999 -9999 -9999 -9999 -9999 -9999 -9999 -9999 -9999 -9999 -9999 -9999 -9999 -9999 -9999 -9999 -9999 -9999 -9999 -9999 -9999 -9999 -9999 -9999 -9999 -9999 -9999 -9999 -9999 -9999 -9999 -9999 -9999 -9999 -9999 -9999 -9999
-9999 -9999 -9999 -9999 -9999 -9999 -9999 -9999 -9999 -9999 -9999 -9999 -9999 -9999 -9999 -9999 -9999 -9999 -9999 -9999 -9999 -9999 -9999 -9999 -9999 -9999 -9999 -9999 -9999 -9999 -9999 -9999 -9999 -9999 -9999 -9999 -9999 -9999 -9999 -9999 -9999 -9999 -9999 -9999 -9999 -9999 -9999 -9999 -9999 -9999 -9999 -9999 -9999 -9999 -9999 -9999 -9999 -9999 -9999 -9999 -9999 -9999 -9999 -9999 -9999 -9999 -9999 -9999 -9999 -9999 -9999
-9999 -9999 -9999 -9999 -9999 -9999 -9999 -9999 -9999 -9999 -9999 -9999 -9999 -9999 -9999 -9999 -9999 -9999 -9999 -9999 -9999 -9999 -9999 -9999 -9999 -9999 -9999 -9999 -9999 -9999 -9999 -9999 -9999 -9999 -9999 -9999 -9999 -9999 -9999 -9999 -9999 -9999 -9999 -9999 -9999 -9999 -9999 -9999 -9999 -9999 -9999 -9999 -9999 -9999 -9999 -9999 -9999 -9999 -9999 -9999 -9999 -9999 -9999 -9999 -9999 -9999 -9999 -9999 -9999 -9999 -9999
-9999 -9999 -9999 -9999 -9999 -9999 -9999 -9999 -9999 -9999 -9999 -9999 -9999 -9999 -9999 -9999 -9999 -9999 -9999 -9999 -9999 -9999 -9999 -9999 -9999 -9999 -9999 -9999 -9999 -9999 -9999 -9999 -9999 -9999 -9999 -9999 -9999 -9999 -9999 -9999 -9999 -9999 -9999 -9999 -9999 -9999 -9999 -9999 -9999 -9999 -9999 -9999 -9999 -9999 -9999 -9999 -9999 -9999 -9999 -9999 -9999 -9999 -9999 -9999 -9999 -9999 -9999 -9999 -9999 -9999 -9999
-9999 -9999 -9999 -9999 -9999 -9999 -9999 -9999 -9999 -9999 -9999 -9999 -9999 -9999 -9999 -9999 -9999 -9999 -9999 -9999 -9999 -9999 -9999 -9999 -9999 -9999 -9999 -9999 -9999 -9999 -9999 -9999 -9999 -9999 -9999 -9999 -9999 -9999 -9999 -9999 -9999 -9999 -9999 -9999 -9999 -9999 -9999 -9999 -9999 -9999 -9999 -9999 -9999 -9999 -9999 -9999 -9999 -9999 -9999 -9999 -9999 -9999 -9999 -9999 -9999 -9999 -9999 -9999 -9999 -9999 -9999
-9999 -9999 -9999 -9999 -9999 -9999 -9999 -9999 -9999 -9999 -9999 -9999 -9999 -9999 -9999 -9999 -9999 -9999 -9999 -9999 -9999 -9999 -9999 -9999 -9999 -9999 -9999 -9999 -9999 -9999 -9999 -9999 -9999 -9999 -9999 -9999 -9999 -9999 -9999 -9999 -9999 -9999 -9999 -9999 -9999 -9999 -9999 -9999 -9999 -9999 -9999 -9999 -9999 -9999 -9999 -9999 -9999 -9999 -9999 -9999 -9999 -9999 -9999 -9999 -9999 -9999 -9999 -9999 -9999 -9999 -9999
-9999 -9999 -9999 -9999 -9999 -9999 -9999 -9999 -9999 -9999 -9999 -9999 -9999 -9999 -9999 -9999 -9999 -9999 -9999 -9999 -9999 -9999 -9999 -9999 -9999 -9999 -9999 -9999 -9999 -9999 -9999 -9999 -9999 -9999 -9999 -9999 -9999 -9999 -9999 -9999 -9999 -9999 -9999 -9999 -9999 -9999 -9999 -9999 -9999 -9999 -9999 -9999 -9999 -9999 -9999 -9999 -9999 -9999 -9999 -9999 -9999 -9999 -9999 -9999 -9999 -9999 -9999 -9999 -9999 -9999 -9999
-9999 -9999 -9999 -9999 -9999 -9999 -9999 -9999 -9999 -9999 -9999 -9999 -9999 -9999 -9999 -9999 -9999 -9999 -9999 -9999 -9999 -9999 -9999 -9999 -9999 -9999 -9999 -9999 -9999 -9999 -9999 -9999 -9999 -9999 -9999 -9999 -9999 -9999 -9999 -9999 -9999 -9999 -9999 -9999 -9999 -9999 -9999 -9999 -9999 -9999 -9999 -9999 -9999 -9999 -9999 -9999 -9999 -9999 -9999 -9999 -9999 -9999 -9999 -9999 -9999 -9999 -9999 -9999 -9999 -9999 -9999
-9999 -9999 -9999 -9999 -9999 -9999 71.35050 -9999 -9999 -9999 -9999 -9999 -9999 -9999 -9999 -9999 -9999 -9999 -9999 -9999 -9999 -9999 -9999 -9999 -9999 -9999 -9999 -9999 -9999 -9999 -9999 -9999 -9999 -9999 -9999 -9999 -9999 -9999 -9999 -9999 -9999 -9999 -9999 -9999 -9999 -9999 -9999 -9999 -9999 -9999 -9999 -9999 -9999 -9999 -9999 -9999 -9999 -9999 -9999 -9999 -9999 -9999 -9999 -9999 -9999 -9999 -9999 -9999 -9999 -9999 -9999
-9999 -9999 72.58380 71.41500 71.05860 70.72990 70.87670 70.98410 71.78210 71.96290 72.23780 72.63660 72.58930 72.71600 73.07100 72.92730 73.28510 73.39870 73.50210 73.59250 73.66400 73.70120 -9999 -9999 -9999 -9999 -9999 -9999 -9999 -9999 -9999 -9999 -9999 -9999 -9999 -9999 -9999 -9999 -9999 -9999 -9999 -9999 -9999 -9999 -9999 -9999 -9999 -9999 -9999 -9999 -9999 -9999 -9999 -9999 -9999 -9999 -9999 -9999 -9999 -9999 -9999 -9999 -9999 -9999 -9999 -9999 -9999 -9999 -9999 -9999 -9999
-9999 -9999 -9999 -9999 70.62160 70.66720 71.08030 70.89540 70.41200 70.85940 71.07260 71.19850 72.23830 72.71190 72.84600 72.99390 73.02170 73.13830 73.28400 73.38570 73.64790 73.67190 -9999 -9999 -9999 -9999 -9999 -9999 -9999 -9999 -9999 -9999 -9999 -9999 -9999 -9999 -9999 -9999 -9999 -9999 -9999 -9999 -9999 -9999 -9999 -9999 -9999 -9999 -9999 -9999 -9999 -9999 -9999 -9999 -9999 -9999 -9999 -9999 -9999 -9999 -9999 -9999 -9999 -9999 -9999 -9999 -9999 -9999 -9999 -9999 -9999
70.56750 70.58480 70.70180 70.77750 70.51550 70.27760 70.68530 70.76000 70.30390 70.44370 70.65960 70.78010 71.80000 72.25440 72.38610 72.53790 72.57560 73.03400 73.49090 73.28460 73.24030 73.20870 72.93020 72.60210 72.81030 72.47760 72.39400 72.03220 -9999 -9999 -9999 -9999 -9999 -9999 -9999 -9999 -9999 -9999 -9999 -9999 -9999 -9999 -9999 -9999 -9999 -9999 -9999 -9999 -9999 -9999 -9999 -9999 -9999 -9999 -9999 -9999 -9999 -9999 -9999 -9999 -9999 -9999 -9999 -9999 -9999 -9999 -9999 -9999 -9999 -9999 -9999
70.17300 70.19550 70.30820 70.04030 70.48430 70.53780 70.30060 70.38230 69.75510 69.85210 70.07710 70.21910 71.61090 71.72680 72.16390 71.98990 72.45740 72.89300 72.74900 73.21340 73.03990 72.95010 72.63210 72.29800 72.14150 71.77590 71.75350 71.35090 71.32530 70.92480 70.58850 70.49840 70.36650 70.07880 69.95100 69.94480 68.99270 68.71690 68.83390 68.56610 68.70390 69.06870 68.74720 -9999 -9999 -9999 -9999 -9999 -9999 -9999 -9999 -9999 -9999 -9999 -9999 -9999 -9999 -9999 -9999 -9999 -9999 -9999 -9999 -9999 -9999 -9999 -9999 -9999 -9999 -9999 -9999
69.66130 69.29510 69.42270 69.40850 69.18390 69.60230 69.73150 70.17600 69.23330 69.71240 69.92260 70.05230 71.17290 71.63270 71.46520 71.91410 72.05600 72.20070 72.64260 72.72460 72.76050 71.97710 71.40310 71.35550 71.57790 71.29470 71.28860 71.24620 70.55350 70.42070 70.50920 70.16000 70.04940 70.04860 69.64700 69.67100 68.43630 68.75800 68.55970 68.92900 68.73830 68.80530 68.79200 68.85980 -9999 -9999 -9999 -9999 -9999 -9999 -9999 -9999 -9999 -9999 -9999 -9999 -9999 -9999 -9999 -9999 -9999 -9999 -9999 -9999 -9999 -9999 -9999 -9999 -9999 -9999 -9999
67.26530 66.97950 67.40190 66.51750 67.66710 67.78670 67.91210 68.06230 67.51970 68.45070 68.29240 69.13570 70.30660 70.45430 70.90060 71.35240 71.38120 71.53010 71.94360 71.99580 71.62400 70.94740 70.87860 70.85090 70.56830 69.78370 70.21940 70.24880 70.16610 69.74060 69.82700 69.51220 69.47660 69.44170 69.53910 69.27770 69.16990 69.22280 68.90100 68.93740 69.04250 69.11290 69.13240 69.21880 -9999 -9999 -9999 -9999 -9999 -9999 -9999 -9999 -9999 -9999 -9999 -9999 -9999 -9999 -9999 69.77670 69.94420 -9999 -9999 -9999 -9999 69.78450 69.33850 69.01020 69.87470 71.05310 71.53100
67.05780 66.72560 66.81060 66.35630 67.19930 68.13990 67.87060 67.83760 67.24190 67.04420 68.47000 68.63700 70.09120 69.84910 69.90630 70.67870 70.79460 71.24480 71.03570 71.41890 71.13710 70.76960 70.40380 70.77250 70.48980 70.14030 69.84120 69.78580 69.69760 69.37690 69.37380 69.37670 69.24450 69.24920 69.09170 69.09960 69.07950 69.16080 69.13170 69.17160 68.91450 68.97730 69.01470 69.09310 69.19370 69.25010 69.66150 69.39670 68.38950 67.73230 68.22870 67.82040 67.69200 68.07100 67.94880 67.69350 68.78910 68.63390 68.85250 68.90520 69.40300 -9999 -9999 -9999 -9999 -9999 69.37170 69.33330 69.75650 69.82260 70.27290
65.12570 66.17470 65.82040 64.89510 66.14420 67.14980 67.23560 67.35590 67.58680 67.83300 68.32920 68.12530 69.52150 69.63450 70.06390 70.44290 70.54030 70.70770 70.58210 70.66290 70.69400 70.70200 70.36100 70.33900 70.00120 69.63300 69.59910 69.28900 69.29410 69.24030 69.31140 69.00210 68.93100 68.65640 69.06570 68.78760 68.79160 68.81420 68.81710 68.89080 68.99350 69.03500 69.06880 69.11920 69.10670 69.15130 69.24550 69.26720 68.40540 68.03470 68.27790 68.62550 68.16730 67.28300 66.45070 67.33950 66.89040 66.67500 67.15100 67.62340 68.04900 68.01350 68.39980 68.84090 69.09980 69.09530 69.46840 69.58400 69.77260 69.74100 69.84170
64.29790 61.92660 66.26100 64.40640 64.26070 65.28730 65.89220 65.93660 67.35080 67.82130 68.00590 68.11200 69.65960 69.27640 69.70950 70.13610 70.16590 70.55450 70.45540 69.78420 69.71360 70.18420 70.13630 69.81070 69.87920 69.55380 69.20250 69.18030 69.11890 68.77240 68.82940 68.54080 68.51590 68.55200 68.63350 68.66680 68.62910 68.70450 68.41200 68.77190 68.88740 68.60980 68.98770 69.04600 69.07380 69.12660 69.20180 68.97100 68.84090 68.53300 68.58980 68.61420 68.45760 68.39940 67.31340 66.76610 66.01100 66.48620 66.58810 66.31520 67.03510 66.24040 67.01380 67.89130 68.24390 68.29060 68.96790 69.02350 69.51270 69.13970 68.85340
62.67110 61.33110 62.99350 65.89510 65.05210 65.98050 66.14170 65.21560 66.33420 67.30560 67.47720 68.36760 68.60080 68.95710 69.13420 69.02410 69.74130 69.80930 69.30570 68.34620 68.50370 68.62110 68.67870 68.83370 68.93760 68.93820 68.58720 68.25660 68.29570 68.28430 68.04350 68.06450 67.79590 67.83660 68.14570 67.92240 68.09980 68.15850 68.21800 67.89870 68.45700 68.86870 68.10920 67.47530 68.01960 68.77600 69.18350 69.30010 69.28190 68.91850 68.26610 68.21690 68.04400 67.97000 67.64600 67.66350 67.78660 66.93850 66.66750 66.34270 65.42600 65.27110 64.89240 65.81050 66.49000 66.92390 67.19940 67.62100 68.21020 68.57380 69.06770
63.20990 61.83170 61.95440 62.00260 63.63720 65.56470 65.56460 64.37900 64.89220 65.98090 64.20820 64.80510 66.25700 67.36680 68.53780 68.48910 69.28010 69.38560 69.11310 68.42550 68.26300 68.51500 68.63460 68.72690 68.85420 68.52030 68.45910 68.14720 67.85900 67.88540 67.67740 67.65030 67.28350 67.71220 67.46760 67.46100 67.63490 67.69640 67.81780 67.48830 67.71340 68.16310 68.28340 68.30400 67.67060 67.98380 68.43610 68.90660 69.32780 68.58660 68.31350 68.03080 68.19450 68.16090 67.40590 67.14930 66.62320 65.81900 66.35110 66.80420 66.20820 66.17330 65.84220 65.37640 64.83000 65.76230 65.55810 66.44280 67.50750 68.18490 69.08610
62.87630 61.99550 61.13280 60.57320 60.24090 62.81770 63.93260 64.78780 65.00570 65.55880 64.70180 63.12240 62.29000 61.68130 64.25570 66.50010 67.82490 68.53410 68.99200 69.34690 69.43520 68.94870 68.94440 69.03160 68.71230 68.42120 68.09450 68.01880 67.67190 66.97990 67.35580 66.69930 66.78350 66.52420 67.05990 67.04520 66.91190 66.84340 67.47570 67.89380 67.70290 67.40660 68.02370 68.36600 68.19660 68.33580 68.73000 68.83860 69.40640 69.52680 69.57730 69.55380 68.89810 68.79700 68.46930 68.03560 67.23950 66.46830 66.86870 65.35700 65.71570 65.80730 65.78600 65.85120 66.34010 66.39120 66.33800 66.73030 67.52800 68.26810 69.60020
60.49770 60.93500 59.60070 59.57150 59.82120 60.28100 60.34940 60.65770 62.58060 64.11930 65.56810 64.73630 63.96920 63.76610 62.93200 63.42790 63.85130 64.51420 66.65320 67.21630 68.01020 68.43830 68.51630 68.59200 68.31310 68.01450 67.67990 67.29500 66.80970 66.10150 66.91850 65.32370 65.12520 65.50760 66.04660 66.17170 66.73020 66.49550 67.42650 67.48670 67.36450 67.44160 68.38850 68.00380 68.26580 68.22860 68.06200 68.46640 68.69560 68.80920 68.41780 68.13500 67.44830 67.42000 67.44320 67.38150 66.58070 67.34020 66.68960 65.77490 66.18730 65.91530 65.84130 66.28900 66.11860 66.10580 65.62470 66.44550 67.89460 68.68190 69.97540
62.28100 60.86160 60.10010 60.61040 60.48710 60.03060 60.54920 61.47530 60.18520 61.38930 61.90130 62.31830 62.49340 63.87480 63.95010 64.67120 64.28010 63.18990 63.45630 64.09570 65.64010 65.96880 67.00220 67.90240 67.25400 67.24840 66.94850 66.10680 65.03300 65.03960 64.77490 64.78340 64.07450 64.95180 64.64870 66.06270 67.24690 66.97130 66.68630 66.90330 68.01260 68.49290 68.38690 68.35720 68.06170 67.78680 67.93580 68.39560 68.29600 67.91320 67.51360 68.00350 67.79660 66.66020 67.12010 66.34930 67.78550 66.69180 67.51250 67.47270 67.18600 67.20220 66.62690 66.31790 65.78720 66.26600 67.12240 67.89100 68.27510 69.01160 70.25090
62.28150 61.89470 61.98290 62.08140 61.05190 60.07230 60.04840 59.99980 58.72710 60.23140 61.79560 59.38830 60.60020 62.14930 61.15560 60.11400 61.36640 65.84810 64.32420 62.10770 63.59570 63.68820 64.68500 67.83590 67.47850 67.19030 66.87550 65.74830 64.96340 64.95720 64.61880 64.70820 64.86290 64.99280 66.03580 66.44990 66.54010 66.99680 67.11000 66.87210 66.75370 67.73520 68.01060 68.02660 69.45410 69.47230 69.17000 68.53780 68.25890 67.99290 67.69710 68.13000 68.35490 68.37600 67.30620 67.16610 67.64610 67.22480 68.05130 68.02580 68.41150 67.97460 66.68280 65.93770 66.45240 66.90280 67.60940 68.07030 69.06120 69.14270 70.24810
62.19580 62.22710 62.35820 62.73330 62.23860 61.82890 61.31330 60.81840 59.73010 59.37230 60.26930 60.06260 60.73220 62.16920 61.59560 61.72630 61.21760 62.75690 64.26700 64.98730 64.77660 64.80880 65.34790 65.59000 66.27670 66.83510 66.53730 65.83300 65.44290 65.15150 64.76670 64.96560 65.62710 65.62520 66.08950 66.28230 67.06720 67.50120 67.63920 66.98330 66.86200 67.00090 67.28600 67.78870 69.59960 69.97130 69.58230 69.27320 68.47150 68.05810 67.81620 68.33940 68.99360 68.22780 68.38870 68.68900 68.88380 68.90530 67.76370 68.40890 68.00270 67.98060 67.23440 67.27700 66.65370 67.00730 67.71680 68.06080 68.40290 69.21350 70.03410
62.29940 62.26110 61.88950 61.57980 61.93980 62.44980 61.97510 62.27190 60.44460 60.77080 59.85230 59.09400 60.39020 62.29810 63.06700 63.05780 63.16070 63.00770 62.40460 63.43120 64.99820 66.05720 66.64270 66.00830 65.20690 65.37580 65.69800 65.25650 64.54820 63.84520 64.44800 64.62310 66.02810 66.12140 65.89320 65.52350 66.68130 66.24790 66.96020 66.16950 65.64680 66.68530 67.36740 66.64900 68.33020 69.25940 69.29970 69.38760 69.58390 68.96570 68.62240 69.85010 70.22680 70.35740 70.43800 70.35130 70.17910 69.41410 69.75230 68.58200 68.88340 68.42730 67.68810 67.54840 67.25610 67.70180 68.11620 68.49970 68.88510 68.85680 69.97960
62.28600 62.07250 61.22830 61.17970 61.70320 62.06740 62.25180 62.19490 61.98930 60.61210 60.57620 60.99180 59.43260 61.37070 63.63390 64.58450 64.81330 64.46810 64.38130 64.54140 64.78400 65.05630 64.96550 65.84950 66.43980 66.53970 65.56770 65.64120 65.08230 64.66570 65.66490 65.73350 66.57660 65.71730 65.92850 67.23780 66.88040 65.80540 66.27200 67.13240 66.53730 66.59450 66.70980 67.29820 67.76600 68.23130 68.43710 68.51960 69.15160 69.14070 69.02700 69.41310 69.80250 70.16900 69.88800 69.90170 69.85000 70.51610 70.38190 70.29150 70.38450 69.26880 68.98610 68.29600 68.19680 68.33990 68.89020 68.98410 68.46100 68.77400 69.43580
64.17210 63.32610 61.42900 61.31160 61.30180 62.36580 62.69750 63.22890 62.02760 61.68440 62.04540 62.88340 61.93580 61.78070 63.49520 64.43790 64.84990 66.17200 66.21070 66.71250 64.11500 65.55030 66.50070 66.66410 67.53370 66.35700 64.95020 64.80110 64.91760 64.82110 64.42540 65.75680 66.51710 65.77830 65.87450 66.90730 66.91310 66.61160 66.21530 66.39960 66.68440 66.73730 67.59310 67.38460 68.21850 67.98080 69.28830 69.28280 69.49050 69.61410 69.87900 69.97060 70.94640 71.46120 71.18170 71.59060 71.04470 71.42290 71.56680 71.07490 70.89960 70.35980 69.51210 69.02120 67.73910 67.90580 68.11350 68.58470 68.84640 69.96880 70.31730
63.95520 64.04480 62.61530 61.61160 61.45170 60.50320 61.36850 62.43410 62.20040 62.22130 62.60520 62.94910 63.26620 63.33070 63.00280 64.45890 66.61200 67.73450 67.45870 67.65290 67.77800 66.73020 66.53140 67.47680 68.76960 68.54130 67.17350 66.48480 66.30950 65.63140 66.18970 66.64050 66.49540 66.54820 66.32170 66.72460 66.98440 66.60950 66.21100 65.95610 67.26560 67.73460 67.70790 68.68000 69.35610 70.10740 70.76000 71.59370 71.79300 71.95010 72.40610 72.51370 72.80610 72.81060 72.52550 72.58320 72.32570 72.53660 72.25900 71.76180 71.21040 71.00730 69.72940 68.15160 67.62250 68.02040 68.02900 68.75740 69.43790 69.96120 70.28810
65.60160 65.04350 63.30930 63.69490 62.54150 62.07130 60.59630 61.90550 62.76020 62.22770 62.07750 63.05300 63.61800 63.55370 64.45170 65.54020 66.89720 67.80230 68.88230 69.53800 68.36390 67.92560 66.79990 68.26140 69.93430 69.64400 67.85820 67.53880 66.90410 65.87690 66.89850 67.13590 67.20770 66.94430 66.73450 67.26010 67.29890 67.51730 66.80830 66.92970 68.42770 69.49270 69.36860 70.25330 71.39720 71.47660 71.62210 71.67020 71.44290 72.28840 -9999 -9999 73.87890 73.70790 74.14660 73.78310 73.14910 73.27610 72.70520 72.07150 71.85510 70.29790 68.93880 67.60140 68.16160 67.49090 67.38380 67.48770 69.09050 70.55440 70.62370
63.97550 65.28220 64.70340 64.19660 64.10950 64.58010 62.90950 64.41510 63.71730 63.15220 63.14670 64.56820 64.58700 65.26940 66.61510 67.53870 67.87220 68.62250 69.87840 69.16010 69.93820 70.76770 70.62740 70.26470 69.12010 69.36160 68.98030 68.77020 67.98340 67.48660 67.14070 68.51230 67.90890 67.18080 66.86790 66.99900 66.86010 68.63010 69.63380 -9999 -9999 -9999 -9999 71.67520 -9999 70.08100 69.67200 70.59810 71.12490 72.41820 -9999 -9999 72.66170 73.16150 73.70130 73.77430 73.99380 73.21080 72.58190 71.67880 70.80830 69.91950 69.02320 68.41880 68.27270 66.14490 66.06020 66.57590 69.40170 69.93900 70.80640
65.84890 65.84960 66.04840 65.22850 65.66150 66.97670 65.33910 66.24380 67.45960 67.34990 67.42080 67.76720 66.92710 66.92960 68.12310 70.08580 69.43310 69.46840 69.55880 70.34290 70.34510 71.60050 71.43680 71.87970 71.54990 71.63850 70.62180 69.57480 69.22810 69.34420 68.73690 68.52500 67.94880 68.39480 67.63670 68.62660 69.33390 -9999 -9999 -9999 -9999 -9999 -9999 -9999 70.89250 70.89580 71.08000 -9999 -9999 -9999 -9999 -9999 73.95660 73.98400 73.24990 74.00350 73.48700 73.19920 73.13400 72.09610 72.37030 71.58490 70.66280 69.75430 69.81350 69.49690 69.00660 67.72740 70.11630 71.77240 -9999
