data/hydroclimate-scenarios/BCSD_hadcm_B1/monthly_summaries/rh_monthly_avg_aug.2070-2099.asc
ncols	311
nrows	91
xllcenter	102.75
yllcenter	31.75
cellsize	0.5
NODATA_value	-9999
[rows 32 to 63 of 91, columns 0 to 70 of 311]
-9999 -9999 -9999 -9999 -9999 -9999 -9999 -9999 -9999 -9999 -9999 54.89150 55.27620 55.66000 56.09220 56.36890 56.85120 57.12850 57.55930 57.88910 58.25810 58.66260 58.95470 59.01240 58.96600 59.00950 58.88250 58.96340 58.90770 58.78430 58.77990 59.06240 58.91120 59.23050 59.18120 59.48810 60.15070 60.06800 60.38110 60.46280 61.01810 61.37700 61.25150 60.85820 60.78340 60.83960 60.93070 61.23960 61.32140 61.40410 61.25320 60.93370 60.61280 60.20590 59.96310 59.73440 59.57700 59.35170 59.20270 59.00140 58.80210 58.60810 58.43620 58.44290 58.86710 59.97460 60.22970 60.58950 60.67980 60.83930 61.54350
-9999 -9999 -9999 -9999 -9999 -9999 -9999 -9999 -9999 -9999 -9999 55.03330 55.29600 55.47610 55.91530 56.38690 56.68510 57.25160 57.63190 57.95350 58.27070 58.82720 59.12920 59.23590 59.28200 59.00360 59.00180 59.23530 59.01540 59.13810 59.13920 59.15480 59.13940 59.40020 59.49620 60.08510 60.38160 60.23950 60.41550 61.08180 61.39740 61.53950 62.10010 61.84940 61.74420 61.94890 61.85750 62.15920 62.17310 61.88810 61.86650 61.64410 61.30990 61.11120 60.59200 60.40820 60.04370 59.69910 59.71070 59.58190 59.37940 59.11390 59.11670 59.06800 59.42590 60.20610 60.96440 61.40480 61.47120 61.98180 62.53490
-9999 -9999 -9999 -9999 -9999 -9999 -9999 -9999 -9999 -9999 -9999 -9999 55.00240 55.34390 55.76900 56.16170 56.81850 57.16700 57.39110 58.16330 58.55290 59.15890 59.33030 59.51480 59.42260 59.10800 59.00540 58.66740 59.00020 58.67520 58.74990 58.91190 59.06480 59.33120 59.53610 60.09530 60.11940 60.78430 61.17520 61.12850 61.65080 61.93240 62.29480 62.93970 63.01550 63.23650 63.38950 63.32950 63.14650 62.79770 62.45170 62.41120 62.06390 61.68400 61.26230 61.05250 60.50840 60.67580 60.32560 60.37730 60.17670 59.84960 59.70570 59.80640 60.30970 60.91960 61.54130 61.93240 61.75880 62.40010 63.63880
-9999 -9999 -9999 -9999 -9999 -9999 -9999 -9999 -9999 -9999 -9999 -9999 55.71390 56.09760 56.54720 56.82310 57.47280 57.85430 58.12310 58.67700 59.31460 59.39980 59.18460 59.22770 59.07430 59.03810 58.90030 58.67430 58.75670 58.64670 58.74060 59.01800 59.20480 59.50520 59.73780 60.19280 60.65900 61.19880 61.29320 61.68700 62.04200 62.43190 63.03250 64.01590 64.27710 64.71920 64.94630 64.45900 64.03150 63.43000 63.10940 63.00920 62.66140 62.34900 62.00040 61.40720 61.15930 61.22240 61.17650 60.84920 60.70630 60.23750 60.43030 60.68640 61.16470 61.85690 62.03140 62.83120 63.14020 63.87350 64.38930
-9999 -9999 -9999 -9999 -9999 -9999 -9999 -9999 -9999 -9999 -9999 -9999 56.59130 56.68260 56.93620 57.31460 57.83650 58.57250 58.92420 59.42320 59.82380 59.84250 59.70200 59.62520 59.72330 59.19030 59.47300 59.35310 59.10660 59.06300 59.10900 59.40430 59.23200 59.69330 60.07940 60.72190 61.05850 61.36610 61.75390 62.30160 62.49380 62.99350 63.69120 64.75630 65.43400 65.89370 65.73510 65.06460 64.62700 64.53910 63.98380 63.60620 63.39080 63.03830 62.59390 62.38680 62.20020 61.59210 61.20480 61.25920 61.03490 60.86870 61.24400 61.76570 61.95810 62.51500 62.97580 63.75780 64.07530 65.00320 66.12540
-9999 -9999 -9999 57.00950 56.58100 56.33510 56.27630 56.51650 56.70510 -9999 56.98790 56.89790 56.99680 56.99620 57.35260 57.67530 58.13260 58.72610 58.85700 59.41370 59.69020 59.87050 60.26510 60.13160 59.96450 59.76500 59.84150 59.02040 59.06580 58.37170 58.96090 59.42120 59.17160 58.94300 59.96640 60.74080 60.93380 61.37340 62.05750 62.49150 63.10460 63.30760 64.07280 65.13290 65.48900 65.70250 65.32910 65.36060 65.10950 64.59270 64.13340 63.54470 63.16550 62.38130 62.22910 61.47800 61.07890 61.54530 60.97970 61.22660 61.55710 61.75000 61.93450 62.29080 62.98940 63.36880 63.87300 64.47820 65.27100 66.36380 67.11680
-9999 -9999 -9999 57.28130 57.20190 57.04040 56.97480 57.00760 56.93450 57.14640 57.39310 57.59960 57.36300 57.41700 57.69850 58.06180 58.17610 58.40080 58.69220 59.34730 59.90980 60.21850 60.67520 60.85930 60.33670 60.32160 59.62580 59.40620 58.92110 58.38330 59.03610 58.88750 58.86590 58.94440 59.56840 59.91140 60.30460 60.38490 61.71940 62.14100 62.52490 63.64390 64.60300 64.73550 65.03800 64.69480 64.77200 65.40590 64.68340 64.26390 63.58420 63.31830 62.90170 62.45160 62.69400 62.27360 62.24070 61.61160 61.14040 61.27250 61.67370 61.84880 62.19890 62.85880 63.21910 64.06930 64.56790 65.67290 66.63530 67.64430 68.15350
-9999 -9999 -9999 57.53360 57.29450 57.28420 57.36110 57.33210 57.27350 57.40120 57.59280 57.57690 57.48810 57.41620 57.31380 57.93600 57.87100 58.21340 58.76640 59.38690 59.45550 59.69500 60.19600 60.00280 59.27360 59.60850 59.53670 59.17160 59.25760 58.17210 57.44650 57.72840 58.48700 59.02250 59.03890 59.45920 60.18740 60.71210 61.39240 61.93560 62.43520 63.44360 64.42850 65.25030 65.84680 65.43610 65.49910 65.05910 64.77570 63.92110 63.36620 64.03690 63.60390 63.13640 62.95140 62.58290 62.66610 62.29600 61.83200 61.88150 62.43590 62.64100 63.22620 63.44990 64.02820 64.55580 65.22530 66.25350 66.44900 67.65590 68.07050
-9999 -9999 -9999 57.62570 57.41840 57.67320 57.67040 57.78820 57.58990 57.64370 57.78720 58.04870 57.68730 57.57960 57.69070 57.80090 57.90070 57.99920 58.25530 58.74880 58.48290 58.57530 58.29100 58.80300 59.05890 59.08080 59.21140 59.05210 57.99330 57.29890 57.67540 58.89480 58.40400 57.78360 58.01490 59.01240 60.14190 60.97600 61.28040 61.98140 62.73500 62.69740 63.27650 64.63080 66.07740 65.64840 64.89870 65.13600 64.26660 64.57880 63.50530 64.00900 63.34710 62.69490 62.80880 62.74510 62.59540 62.09000 62.09040 62.00090 61.89500 63.10120 63.53620 64.27990 64.62210 65.76250 66.21330 66.82880 66.72210 67.62260 70.71580
-9999 -9999 -9999 57.99010 57.73950 57.71800 57.61320 57.66830 57.78710 57.78270 57.89290 57.82110 57.59290 57.38960 57.42580 57.36480 57.38550 57.63570 58.38550 58.84480 58.63050 58.60470 58.13850 59.22950 59.40240 59.44470 59.49000 59.27800 58.36960 57.64690 57.34970 57.70680 57.69000 58.11900 58.63510 58.92730 59.63290 60.55010 61.15000 61.76630 62.07200 62.38760 63.10340 63.90220 64.77520 64.97630 65.07220 64.86070 64.47680 64.54520 63.90120 64.52820 63.72290 62.63820 63.20650 62.65000 62.82180 62.68050 62.78390 62.00530 62.32800 63.12700 63.71490 63.93330 64.29490 66.09150 66.50800 66.56190 66.95390 69.36540 72.34830
-9999 -9999 -9999 -9999 57.85660 57.59750 57.71010 58.03960 57.98440 58.16290 58.25940 58.30240 57.47700 57.95020 -9999 -9999 -9999 -9999 -9999 57.23470 57.34940 57.75170 57.65670 57.33460 57.65630 58.23720 59.13860 58.52940 57.97360 57.92680 57.77620 57.78370 57.79810 58.39870 59.27760 59.88660 59.88900 60.68150 60.93720 61.46640 62.32700 63.00090 63.51910 63.59140 64.15740 64.75740 64.66580 64.06730 64.36120 64.74200 64.33680 63.98460 64.16990 63.07120 62.58920 62.01130 61.64660 61.83140 62.01530 62.91730 62.73440 62.81720 63.51570 64.69560 65.12000 65.55440 66.78290 67.83670 69.07780 -9999 -9999
-9999 -9999 59.48750 58.70240 58.36970 57.94710 57.89880 58.33830 58.37220 58.56190 58.35650 58.33060 57.72270 -9999 -9999 -9999 -9999 -9999 56.58300 56.98810 57.00520 57.96150 57.93190 57.49900 57.82120 57.94800 58.61380 58.36670 58.58580 58.53980 58.28000 58.18850 58.50520 58.60740 59.23920 59.87830 59.94560 60.28090 60.77070 61.28390 61.53710 62.40190 62.60120 63.33690 64.04370 64.62290 64.80460 64.87900 65.47270 65.71800 65.56070 65.28450 64.90970 64.75500 63.71380 63.99710 63.40720 62.43360 62.63450 64.06040 64.03470 64.28610 64.76910 65.27530 66.18770 67.06230 67.87160 -9999 -9999 -9999 -9999
-9999 -9999 60.21900 59.86590 59.29420 58.78770 58.73210 58.81650 58.72650 58.76980 58.85530 58.47830 58.46130 -9999 -9999 -9999 -9999 57.99230 56.85150 57.44470 57.40170 57.44900 57.40530 57.75500 58.09960 58.69600 58.57530 58.61240 58.75960 58.42850 58.36860 58.00700 58.61220 58.98060 59.02260 59.42160 59.81710 60.02770 60.12900 60.52000 61.16680 61.51520 61.69090 62.35010 63.12060 63.83910 64.78180 64.80570 65.87180 65.78100 65.95060 66.10960 65.94030 65.66790 65.45060 65.79670 65.19670 63.90190 63.68150 64.80520 65.29700 64.88840 65.59530 67.08880 68.03700 -9999 -9999 -9999 -9999 -9999 68.39230
-9999 -9999 60.99350 60.51880 60.43890 59.68980 59.44680 59.35580 59.36440 59.23860 59.07380 59.00070 60.22250 -9999 -9999 -9999 -9999 57.30050 57.39640 57.27800 57.28210 57.57770 57.93250 58.17380 58.20360 58.44980 58.21160 58.79870 58.66570 58.38430 58.14810 58.38380 58.67110 58.67260 59.11060 59.06640 59.39030 59.45760 59.70150 60.63220 61.00570 61.49970 61.81870 61.93960 62.91490 63.22810 63.74190 64.35740 65.06430 65.51540 66.33890 66.25460 65.97630 65.88360 65.92310 66.37100 66.47390 65.51190 65.70470 66.20570 67.32880 67.57980 67.72540 67.61900 67.01920 66.86670 68.14740 67.23100 67.73090 -9999 -9999
-9999 -9999 -9999 61.79130 61.11820 60.68760 60.44820 60.11950 59.77290 59.27700 59.16220 60.28920 -9999 -9999 -9999 -9999 58.15260 57.79040 58.05660 57.68660 57.84750 57.91020 57.78280 58.28710 58.18210 58.28310 58.32880 58.17980 58.49930 57.63890 57.69840 58.44690 58.85180 59.01920 59.19020 59.49970 59.97790 60.11680 60.35730 60.53700 61.04810 61.07640 60.94700 61.99060 62.99520 63.66270 64.40720 65.34100 65.60400 66.15050 65.72710 66.06720 66.45680 65.76840 65.25230 65.80730 65.96500 65.57160 66.03630 66.58200 66.94090 67.38600 66.51500 64.75630 63.51630 66.31360 67.04470 66.77910 66.99250 69.23610 -9999
-9999 -9999 -9999 -9999 62.10380 61.55600 61.18470 60.51670 60.09760 59.73920 60.30910 -9999 -9999 -9999 -9999 58.82540 58.26270 58.42780 58.22020 57.90610 58.04520 58.06710 57.97440 57.87630 57.91180 58.44940 58.70740 58.72870 58.53650 58.17060 58.24670 59.07270 59.03250 59.19380 59.06440 59.60090 59.80970 60.13000 60.25470 60.51550 60.54900 60.88190 61.12540 62.04360 62.98710 63.86000 64.37060 65.34550 65.67490 66.23300 66.51320 66.70940 66.51600 66.26150 66.45320 67.13250 67.30270 66.38020 66.58700 67.31020 66.76130 66.31730 66.26150 66.07400 65.25380 66.10610 66.79490 66.53870 66.05390 66.02010 66.07330
-9999 -9999 -9999 -9999 -9999 -9999 61.74140 61.31710 61.26980 60.89270 59.59600 -9999 -9999 -9999 -9999 -9999 59.03740 58.82870 58.77470 58.03670 57.73180 58.20740 57.82560 57.57190 57.87370 58.52220 58.73990 58.49640 58.63160 58.77010 58.78200 58.73850 59.00780 58.65420 59.13660 59.72890 59.80730 59.68470 60.20590 60.07630 60.04250 60.20010 60.55040 61.53360 62.23140 63.35480 64.08910 65.07510 65.66950 66.42700 66.93180 66.79370 66.82180 67.01110 66.83190 67.43420 67.48120 67.33300 67.25820 67.15110 66.56590 66.14050 65.93090 65.29550 64.65940 65.28730 66.26770 66.41300 65.94160 65.63350 65.71110
-9999 -9999 -9999 -9999 -9999 -9999 -9999 -9999 -9999 -9999 -9999 -9999 -9999 -9999 -9999 -9999 -9999 -9999 -9999 58.18510 57.89000 58.10040 58.01490 57.91420 58.12630 58.58380 58.87830 58.84960 59.01560 59.04210 59.04690 59.22360 58.92310 59.07250 59.21580 59.60460 59.86100 59.71880 59.95810 59.57520 59.73490 60.03770 60.77700 61.54120 62.14230 63.29250 64.36000 65.17580 65.56030 66.55650 66.94500 67.04590 67.04200 67.44520 67.26910 67.51300 67.66450 67.96950 67.58460 67.27690 66.27950 66.44060 66.30390 65.23190 64.85930 66.30670 66.74840 66.33320 65.85530 65.62780 65.47930
-9999 -9999 -9999 -9999 -9999 -9999 -9999 -9999 -9999 -9999 -9999 -9999 -9999 -9999 -9999 -9999 -9999 -9999 58.42850 57.99380 57.80520 57.79820 57.94010 58.27210 58.46570 58.82620 59.09050 59.12240 59.12880 58.83580 58.88850 59.17100 59.31560 59.50760 59.82450 59.96640 59.80110 59.86960 59.51240 59.51240 59.66250 60.22730 60.63890 61.23560 62.18780 62.92430 64.01760 64.97670 65.91050 66.41450 66.76920 67.51180 67.81930 67.74320 67.61650 68.20760 68.13210 67.44880 66.74490 67.25570 67.46790 67.43490 66.98460 66.56370 65.95000 66.91210 67.23210 67.27420 66.92760 66.69590 66.66760
-9999 -9999 -9999 -9999 -9999 -9999 -9999 -9999 -9999 -9999 -9999 -9999 -9999 -9999 -9999 -9999 -9999 58.70320 58.44230 58.10730 58.00310 57.71600 57.99270 58.60700 58.88880 58.62990 58.65990 58.75440 58.47490 58.37470 58.60940 59.27690 59.27810 59.95250 60.27660 59.98220 59.80960 59.54360 59.74110 59.53430 59.96530 60.53880 60.88910 61.59130 62.29120 63.26440 64.17480 64.86880 66.17620 66.52040 67.29120 68.07740 67.99740 67.81990 68.11600 68.18120 68.28650 67.38720 67.01060 67.66490 68.65370 67.89810 66.26460 65.95530 67.63110 67.89060 67.80000 67.99880 68.01670 67.80970 67.26060
-9999 -9999 -9999 -9999 -9999 -9999 -9999 -9999 -9999 -9999 -9999 -9999 -9999 -9999 -9999 -9999 -9999 58.32880 57.91600 57.23310 57.27630 57.74760 58.31170 58.64830 58.88510 58.62220 58.41270 58.04540 58.10050 58.40030 58.28830 59.32450 59.54020 60.27700 60.40070 60.18640 60.03220 59.93070 59.58340 59.73870 60.25730 60.88520 61.32390 62.15970 62.69140 63.99750 64.89140 64.70560 65.85270 67.02490 67.79730 67.97780 68.11770 68.44310 68.55920 68.58100 67.70790 67.80410 68.35390 68.42380 68.41770 67.44640 67.45070 67.42710 66.61700 67.23790 68.56950 67.83680 68.74250 68.81550 68.85850
-9999 -9999 -9999 -9999 -9999 -9999 -9999 -9999 -9999 -9999 -9999 -9999 -9999 -9999 -9999 -9999 58.00550 57.50880 57.14010 56.69740 57.19180 57.94230 58.00090 58.59310 58.49200 58.37590 58.28520 57.98720 57.93280 57.99890 58.38930 59.14240 59.39590 60.32370 60.59330 60.90150 60.72320 60.12040 59.79850 60.42080 60.96830 61.26670 61.42420 62.45690 63.33070 64.12360 64.87000 64.65340 65.53460 67.15870 67.79830 67.93720 68.04600 68.32120 68.63090 68.76620 68.76210 68.38160 68.65900 68.43910 68.57550 68.32770 68.07770 66.88080 68.10230 68.71210 69.12870 69.47960 70.24390 70.23710 70.15700
-9999 -9999 -9999 -9999 -9999 -9999 -9999 -9999 -9999 -9999 -9999 -9999 -9999 59.00580 58.21790 57.66340 57.22760 56.49210 56.76050 56.85850 57.10570 57.40490 58.21670 58.56270 58.38810 58.18690 57.96480 57.73430 57.82450 58.01880 58.48660 58.32590 58.91120 59.92780 60.47290 60.71970 60.83880 61.10730 60.77210 60.96350 61.30690 61.43220 61.93210 62.75380 63.70590 64.37290 64.88700 65.43090 65.76960 66.05250 66.67040 66.97960 67.67390 68.39930 68.87280 68.94130 68.98560 68.95780 69.02290 69.27300 69.33970 69.34090 69.37710 69.52720 70.49640 71.27960 71.42960 71.68120 71.53100 71.18820 70.77660
-9999 -9999 -9999 -9999 -9999 -9999 -9999 -9999 -9999 -9999 -9999 -9999 59.26730 58.33560 57.78680 57.23060 56.99170 56.92740 56.55180 56.96350 56.79010 57.43530 57.86190 58.20520 58.20790 57.81540 57.61770 57.53980 57.69610 58.11750 58.17820 58.10470 58.62710 59.67630 60.55320 60.92640 61.44030 61.54190 61.53610 61.83710 61.75140 61.96890 61.86740 63.09740 64.05180 64.93010 65.45810 65.58250 65.49200 65.63230 66.21860 66.72510 67.22400 68.13940 69.03620 69.29580 69.35520 68.75560 68.40140 68.98480 69.24470 69.86530 70.40000 70.14880 71.30290 72.07100 72.19910 72.32890 72.19830 71.77680 70.95850
-9999 -9999 -9999 -9999 -9999 -9999 -9999 -9999 -9999 -9999 -9999 58.32730 58.18630 57.73380 57.55160 57.32240 57.01770 57.01340 56.63840 56.56590 56.72700 57.27740 57.67450 57.26940 57.13770 56.97990 56.97430 57.11590 57.52670 57.62440 57.68780 57.75360 58.31670 59.21030 60.08760 60.81660 61.11280 61.44610 62.07870 62.40120 62.59610 62.56300 63.02520 63.59470 64.54680 65.13520 65.73890 65.90830 65.92130 65.97110 66.40980 65.96200 66.86220 67.40190 68.06370 68.36470 69.07560 68.92970 69.42150 70.08360 70.17860 71.00320 71.28710 71.66520 72.16310 72.72310 72.49240 72.86550 72.32490 71.90700 70.90640
-9999 -9999 -9999 -9999 -9999 -9999 -9999 -9999 -9999 -9999 58.23430 57.78610 58.09970 57.43200 57.59160 56.79510 56.59590 56.47830 56.28380 56.27210 56.33000 56.71430 57.03720 56.51870 56.21610 56.08610 56.18820 56.33780 56.89050 56.88550 57.24810 57.38980 57.87710 58.75440 59.81710 60.50950 60.86770 61.45150 62.54840 62.97660 63.21140 63.52690 63.96410 64.54510 65.18620 65.70880 66.14450 66.64780 66.72950 66.85300 66.87350 66.24390 66.81960 67.29130 67.72290 67.99960 68.26190 68.88970 69.75750 70.17470 70.40500 70.79710 71.46470 71.80250 72.05810 72.70190 72.82740 73.04220 72.42860 71.79480 71.22240
-9999 -9999 -9999 -9999 -9999 -9999 -9999 -9999 -9999 57.52850 57.16520 57.67860 57.48460 57.04600 56.88520 56.51490 56.27530 56.13600 55.46990 55.18200 55.42860 55.74140 55.80890 56.04240 55.87300 55.39430 55.59240 55.01680 55.61860 56.55500 56.76790 56.61450 56.97420 57.95360 58.70340 59.71330 60.25600 61.52930 62.43300 63.27490 63.84910 64.43560 64.91220 65.00130 65.60800 66.19750 66.89380 67.04240 67.34480 67.55000 67.54210 66.79920 66.58360 65.72710 66.09460 68.11440 68.83620 69.45020 70.00610 70.36970 70.54160 71.02530 71.19720 71.72140 71.93970 71.94550 72.32710 72.00590 71.82730 71.80020 72.12210
-9999 -9999 -9999 -9999 -9999 -9999 -9999 -9999 -9999 -9999 56.26810 56.74260 56.78760 56.11400 55.71700 55.46270 55.11300 54.78180 54.53450 54.24850 54.42880 54.94860 54.94630 -9999 -9999 -9999 -9999 -9999 -9999 56.05580 56.33110 56.47660 56.97530 57.95800 58.52670 59.67830 60.71810 61.97330 62.57840 63.79480 64.44540 64.97970 65.59180 65.61750 65.79380 66.45670 66.89720 67.51080 67.89300 68.16220 67.94530 67.41390 66.51190 65.91410 65.81980 68.46230 69.02250 69.58370 70.08050 70.39090 70.57860 70.78000 70.80800 71.08170 70.75130 71.72750 71.67720 71.54110 70.52470 71.39020 71.56860
-9999 -9999 -9999 -9999 -9999 -9999 -9999 -9999 -9999 -9999 -9999 -9999 55.51500 55.21280 54.99160 53.53530 53.24400 53.38130 53.25590 -9999 -9999 -9999 -9999 -9999 -9999 -9999 -9999 -9999 -9999 -9999 -9999 -9999 -9999 57.91150 58.61360 60.06940 61.00880 62.03840 63.18220 64.08120 64.76120 65.18140 65.41830 65.70850 65.81800 66.39150 67.04200 67.76020 68.13990 68.60490 68.18180 66.94760 66.50580 66.84810 67.07530 68.33290 68.63620 69.19760 69.43570 69.97950 70.10120 70.06830 70.07950 70.58560 71.09550 71.69220 71.63290 71.60720 71.68480 72.61550 72.82840
-9999 -9999 -9999 -9999 -9999 -9999 -9999 -9999 -9999 -9999 -9999 -9999 -9999 -9999 -9999 -9999 -9999 -9999 -9999 -9999 -9999 -9999 -9999 -9999 -9999 -9999 -9999 -9999 -9999 -9999 -9999 -9999 -9999 -9999 59.02330 60.13070 61.55780 62.44740 63.69790 64.39840 64.94560 65.29850 65.59910 66.01180 66.08650 66.55600 67.16400 67.85540 68.18760 68.39780 68.20510 67.23560 66.90770 67.18590 67.10060 68.41860 68.42600 68.31130 68.84450 69.39890 69.68220 69.88290 70.26910 70.74410 71.55810 71.49450 71.36720 71.29900 71.06390 72.20580 73.61420
-9999 -9999 -9999 -9999 -9999 -9999 -9999 -9999 -9999 -9999 -9999 -9999 -9999 -9999 -9999 -9999 -9999 -9999 -9999 -9999 -9999 -9999 -9999 -9999 -9999 -9999 -9999 -9999 -9999 -9999 -9999 -9999 -9999 -9999 59.54130 60.71650 61.36260 62.95490 64.11380 65.19500 65.70410 65.71220 66.05140 66.14240 66.64720 66.97150 67.44710 67.61830 67.91310 67.81560 67.70870 68.05680 68.20380 66.88310 66.99470 67.84180 68.47190 68.58540 68.82720 69.15160 69.90760 69.92690 69.91790 70.77600 71.31750 71.31620 71.71370 71.25490 71.33000 72.31380 -9999
-9999 -9999 -9999 -9999 -9999 -9999 -9999 -9999 -9999 -9999 -9999 -9999 -9999 -9999 -9999 -9999 -9999 -9999 -9999 -9999 -9999 -9999 -9999 -9999 -9999 -9999 -9999 -9999 -9999 -9999 -9999 -9999 -9999 -9999 -9999 -9999 -9999 -9999 64.37870 65.20740 65.62990 65.81520 66.37940 66.64280 66.92770 67.53950 67.78760 68.02710 68.08700 67.87790 67.53520 67.80370 67.78950 66.66920 66.77670 67.65310 68.01550 68.58970 68.91170 69.57060 69.97220 70.34110 70.03780 70.68020 70.46290 71.01100 71.36990 71.55210 72.47340 -9999 -9999
