data/hydroclimate-scenarios/BCSD_hadcm_B1/monthly_summaries/rh_monthly_avg_sep.2030-2059.asc
ncols	311
nrows	91
xllcenter	102.75
yllcenter	31.75
cellsize	0.5
NODATA_value	-9999
[rows 0 to 31 of 91, columns 0 to 70 of 311]
-9999 -9999 -9999 -9999 -9999 -9999 -9999 -9999 -9999 -9999 -9999 -9999 -9999 -9999 -9999 -9999 -9999 -9999 -9999 -9999 -9999 -9999 -9999 -9999 -9999 -9999 -9999 -9999 -9999 -9999 -9999 -9999 -9999 -9999 -9999 -9999 -9999 -9999 -9999 -9999 -9999 -9999 -9999 -9999 -9999 -9999 -9999 -9999 -9999 -9999 -9999 -9999 -9999 -9999 -9999 -9999 -9999 -9999 -9999 -9999 -9999 -9999 -9999 -9999 -9999 -9999 -9999 -9999 -9999 -9999 -9999
-9999 -9999 -9999 -9999 -9999 -9999 -9999 -9999 -9999 -9999 -9999 -9999 -9999 -9999 -9999 -9999 -9999 -9999 -9999 -9999 -9999 -9999 -9999 -9999 -9999 -9999 -9999 -9999 -9999 -9999 -9999 -9999 -9999 -9999 -9999 -9999 -9999 -9999 -9999 -9999 -9999 -9999 -9999 -9999 -9999 -9999 -9999 -9999 -9999 -9999 -9999 -9999 -9999 -9999 -9999 -9999 -9999 -9999 -9999 -9999 -9999 -9999 -9999 -9999 -9999 -9999 -9999 -9999 -9999 -9999 -9999
-9999 -9999 -9999 -9999 -9999 -9999 -9999 -9999 -9999 -9999 -9999 -9999 -9999 -9999 -9999 -9999 -9999 -9999 -9999 -9999 -9999 -9999 -9999 -9999 -9999 -9999 -9999 -9999 -9999 -9999 -9999 -9999 -9999 -9999 -9999 -9999 -9999 -9999 -9999 -9999 -9999 -9999 -9999 -9999 -9999 -9999 -9999 -9999 -9999 -9999 -9999 -9999 -9999 -9999 -9999 -9999 -9999 -9999 -9999 -9999 -9999 -9999 -9999 -9999 -9999 -9999 -9999 -9999 -9999 -9999 -9999
-9999 -9999 -9999 -9999 -9999 -9999 -9999 -9999 -9999 -9999 -9999 -9999 -9999 -9999 -9999 -9999 -9999 -9999 -9999 -9999 -9999 -9999 -9999 -9999 -9999 -9999 -9999 -9999 -9999 -9999 -9999 -9999 -9999 -9999 -9999 -9999 -9999 -9999 -9999 -9999 -9999 -9999 -9999 -9999 -9999 -9999 -9999 -9999 -9999 -9999 -9999 -9999 -9999 -9999 -9999 -9999 -9999 -9999 -9999 -9999 -9999 -9999 -9999 -9999 -9999 -9999 -9999 -9999 -9999 -9999 -9999
-9999 -9999 -9999 -9999 -9999 -9999 -9999 -9999 -9999 -9999 -9999 -9999 -9999 -9999 -9999 -9999 -9999 -9999 -9999 -9999 -9999 -9999 -9999 -9999 -9999 -9999 -9999 -9999 -9999 -9999 -9999 -9999 -9999 -9999 -9999 -9999 -9999 -9999 -9999 -9999 -9999 -9999 -9999 -9999 -9999 -9999 -9999 -9999 -9999 -9999 -9999 -9999 -9999 -9999 -9999 -9999 -9999 -9999 -9999 -9999 -9999 -9999 -9999 -9999 -9999 -9999 -9999 -9999 -9999 -9999 -9999
-9999 -9999 -9999 -9999 -9999 -9999 -9999 -9999 -9999 -9999 -9999 -9999 -9999 -9999 -9999 -9999 -9999 -9999 -9999 -9999 -9999 -9999 -9999 -9999 -9999 -9999 -9999 -9999 -9999 -9999 -9999 -9999 -9999 -9999 -9999 -9999 -9999 -9999 -9999 -9999 -9999 -9999 -9999 -9999 -9999 -9999 -9999 -9999 -9999 -9999 -9999 -9999 -9999 -9999 -9999 -9999 -9999 -9999 -9999 -9999 -9999 -9999 -9999 -9999 -9999 -9999 -9999 -9999 -9999 -9999 -9999
-9999 -9999 -9999 -9999 -9999 -9999 -9999 -9999 -9999 -9999 -9999 -9999 -9999 -9999 -9999 -9999 -9999 -9999 -9999 -9999 -9999 -9999 -9999 -9999 -9999 -9999 -9999 -9999 -9999 -9999 -9999 -9999 -9999 -9999 -9999 -9999 -9999 -9999 -9999 -9999 -9999 -9999 -9999 -9999 -9999 -9999 -9999 -9999 -9999 -9999 -9999 -9999 -9999 -9999 -9999 -9999 -9999 -9999 -9999 -9999 -9999 -9999 -9999 -9999 -9999 -9999 -9999 -9999 -9999 -9999 -9999
-9999 -9999 -9999 -9999 -9999 -9999 -9999 -9999 -9999 -9999 -9999 -9999 -9999 -9999 -9999 -9999 -9999 -9999 -9999 -9999 -9999 -9999 -9999 -9999 -9999 -9999 -9999 -9999 -9999 -9999 -9999 -9999 -9999 -9999 -9999 -9999 -9999 -9999 -9999 -9999 -9999 -9999 74.26350 74.03610 73.76430 73.60100 73.43290 72.91290 72.73410 72.48250 72.19940 71.74470 -9999 -9999 -9999 -9999 -9999 -9999 -9999 -9999 -9999 -9999 -9999 -9999 -9999 -9999 -9999 -9999 -9999 -9999 -9999
-9999 -9999 -9999 -9999 -9999 -9999 -9999 -9999 -9999 -9999 -9999 -9999 -9999 -9999 -9999 -9999 -9999 -9999 -9999 -9999 -9999 -9999 -9999 -9999 -9999 -9999 -9999 -9999 -9999 -9999 -9999 -9999 -9999 -9999 -9999 -9999 -9999 -9999 74.03970 73.40870 73.76240 73.59580 73.62150 73.41470 73.23330 73.22690 72.88160 72.59060 72.57440 71.71810 71.89650 71.65960 71.25390 70.13050 -9999 -9999 -9999 -9999 -9999 -9999 -9999 -9999 -9999 -9999 -9999 -9999 -9999 -9999 -9999 -9999 -9999
-9999 -9999 -9999 -9999 -9999 -9999 -9999 -9999 -9999 -9999 -9999 -9999 -9999 -9999 -9999 -9999 -9999 -9999 -9999 -9999 -9999 -9999 -9999 -9999 -9999 -9999 -9999 -9999 -9999 -9999 -9999 -9999 -9999 -9999 -9999 -9999 -9999 -9999 -9999 -9999 73.43870 73.21100 72.88850 72.62390 72.41270 72.39410 72.28130 72.34610 72.12660 71.74630 71.42560 71.14010 71.12200 69.96580 -9999 -9999 -9999 -9999 -9999 -9999 -9999 -9999 -9999 -9999 -9999 -9999 -9999 -9999 -9999 -9999 -9999
-9999 -9999 -9999 -9999 -9999 -9999 -9999 -9999 -9999 -9999 -9999 -9999 -9999 -9999 -9999 -9999 -9999 -9999 -9999 -9999 -9999 -9999 -9999 -9999 -9999 -9999 -9999 -9999 -9999 -9999 -9999 -9999 -9999 -9999 -9999 -9999 -9999 -9999 -9999 -9999 -9999 -9999 -9999 -9999 72.07140 71.92390 71.23400 71.25660 71.13390 71.63970 71.09110 70.82290 70.73090 70.03930 -9999 -9999 -9999 -9999 -9999 -9999 67.99680 -9999 -9999 -9999 -9999 -9999 -9999 -9999 -9999 -9999 -9999
-9999 -9999 -9999 -9999 -9999 -9999 -9999 -9999 -9999 -9999 -9999 -9999 -9999 -9999 -9999 -9999 -9999 -9999 -9999 -9999 -9999 -9999 -9999 -9999 -9999 -9999 -9999 -9999 -9999 -9999 -9999 -9999 -9999 -9999 -9999 -9999 -9999 -9999 -9999 -9999 -9999 72.23130 72.05670 71.27170 71.11020 71.67260 71.10720 70.98300 70.94120 71.12930 70.37650 70.26390 70.32250 70.21220 -9999 -9999 -9999 -9999 -9999 67.62210 67.47310 67.20090 67.21590 67.12730 67.13430 66.85650 66.76100 66.75340 66.96650 66.95710 67.27140
-9999 -9999 -9999 -9999 -9999 -9999 -9999 -9999 -9999 -9999 -9999 -9999 -9999 -9999 -9999 -9999 -9999 -9999 -9999 -9999 -9999 -9999 -9999 -9999 -9999 -9999 -9999 -9999 -9999 -9999 -9999 -9999 -9999 -9999 -9999 -9999 -9999 -9999 -9999 -9999 -9999 71.96570 71.85760 71.39390 71.59380 71.49910 71.33200 71.29530 71.05600 70.90580 70.22800 69.43600 68.99630 69.23510 69.20010 68.54040 68.60120 -9999 67.75060 67.00010 66.83660 66.65620 66.31820 66.06340 66.08390 66.13420 66.04790 66.12270 66.35270 66.51240 66.74740
-9999 -9999 -9999 -9999 -9999 -9999 -9999 -9999 -9999 -9999 -9999 -9999 -9999 -9999 -9999 -9999 -9999 -9999 -9999 -9999 -9999 -9999 -9999 -9999 -9999 -9999 -9999 -9999 -9999 -9999 -9999 -9999 -9999 -9999 -9999 71.84270 72.22950 71.82830 71.91380 72.30400 72.14140 72.11910 72.18240 71.40530 71.32350 71.26860 71.12740 71.11780 70.86260 70.26600 69.22520 68.74150 67.77320 67.93610 67.30650 66.51980 67.25380 67.10440 67.37200 66.70040 66.27540 65.83850 65.77210 64.79570 64.87250 65.57940 65.53870 65.63030 65.91180 65.92910 65.98160
-9999 -9999 -9999 -9999 -9999 -9999 -9999 -9999 -9999 -9999 -9999 -9999 -9999 -9999 -9999 -9999 -9999 -9999 -9999 -9999 -9999 -9999 -9999 -9999 -9999 -9999 -9999 -9999 -9999 -9999 -9999 -9999 -9999 -9999 71.30530 71.02580 71.15840 71.18980 71.39280 72.23770 72.64660 72.40260 72.49810 72.26720 72.12520 71.82430 71.64750 71.11990 70.48220 69.31160 68.80880 67.91790 66.97870 66.22500 66.03860 66.59060 67.12290 66.90650 67.26980 66.32850 65.66160 64.81520 64.74420 64.37960 64.79780 64.95820 64.82250 65.07210 64.60210 64.94020 64.82730
-9999 -9999 -9999 -9999 -9999 -9999 -9999 -9999 -9999 -9999 -9999 -9999 -9999 -9999 -9999 -9999 -9999 -9999 -9999 -9999 -9999 -9999 -9999 -9999 -9999 -9999 -9999 -9999 -9999 -9999 -9999 -9999 -9999 70.61320 70.65890 70.74460 70.65360 71.02950 71.14260 72.25700 72.40530 72.40330 72.24660 72.03820 72.09960 71.31570 71.01930 70.47960 69.20700 68.22060 67.26810 66.11660 62.89420 65.44240 65.87580 66.06630 65.90080 66.59060 66.28960 65.28820 64.64060 64.78070 64.38360 65.00760 64.72090 64.56660 64.22090 64.37780 64.42940 64.93560 64.83830
-9999 -9999 -9999 -9999 -9999 -9999 -9999 -9999 -9999 -9999 -9999 -9999 -9999 -9999 -9999 -9999 -9999 -9999 -9999 -9999 -9999 -9999 -9999 -9999 -9999 -9999 -9999 -9999 -9999 -9999 -9999 70.40670 70.41480 70.50090 70.57500 70.70910 70.79780 70.98120 71.35790 72.31750 72.15280 72.33490 72.20730 71.96290 71.82760 71.56470 71.10040 70.70480 69.63310 68.41450 66.98860 65.60960 61.96530 64.29440 65.20850 65.53680 66.17480 66.14670 65.01060 64.44980 64.49690 64.15680 63.93230 64.46520 64.21080 63.90930 64.11100 64.49050 64.81200 64.23450 63.79160
-9999 -9999 -9999 -9999 -9999 -9999 -9999 -9999 -9999 -9999 -9999 -9999 -9999 -9999 -9999 -9999 -9999 -9999 -9999 -9999 -9999 -9999 -9999 -9999 -9999 -9999 -9999 -9999 -9999 70.16270 69.95530 69.88350 69.73510 70.05030 70.15790 70.42860 70.59280 71.00890 71.15350 71.81270 72.17600 72.13310 71.96110 72.01620 71.54710 70.95400 70.44100 69.68120 67.93730 67.11870 66.06640 63.06880 61.72340 64.38670 63.95310 64.78730 65.60210 65.27590 65.02770 64.70830 63.99280 63.44830 63.27570 63.45110 63.80520 63.76280 63.38160 63.36170 63.38330 63.82290 64.17470
-9999 -9999 -9999 -9999 -9999 -9999 -9999 -9999 -9999 -9999 -9999 -9999 -9999 -9999 -9999 -9999 -9999 -9999 -9999 -9999 -9999 -9999 -9999 -9999 70.52480 70.45090 70.48460 70.33740 70.13690 69.86370 69.90910 69.96780 70.01830 70.12180 70.18460 70.41420 70.49980 70.95170 70.99490 71.70410 72.06280 72.27900 72.12380 71.71440 71.21830 70.64570 70.39310 69.40150 67.89790 66.98010 66.30610 64.28030 64.01240 64.83010 65.18430 65.50940 65.72720 65.17690 64.80390 64.28510 64.15750 63.66880 63.67650 63.55760 63.66950 63.61850 64.08340 64.67150 64.50640 64.41820 62.53180
-9999 -9999 -9999 -9999 -9999 -9999 68.85930 68.88950 69.28500 69.01530 69.46240 -9999 -9999 -9999 -9999 -9999 -9999 -9999 -9999 -9999 -9999 70.77050 69.96860 69.85110 69.79300 69.96630 69.66340 69.38190 69.59920 69.25250 69.50000 69.55390 69.60750 69.67740 69.74710 69.89380 69.98370 70.47440 70.82690 71.49330 71.81280 72.30530 71.82830 71.44480 70.96370 70.38810 69.97530 69.17670 67.55150 66.68530 65.59840 64.34300 63.57650 64.32180 65.50680 65.56920 65.31890 65.08310 64.87530 64.62240 64.14810 63.66400 63.25600 63.09570 63.14490 63.89770 64.31320 64.62990 64.63500 64.84850 64.40810
-9999 -9999 -9999 -9999 -9999 68.40540 68.34970 68.10840 68.60310 68.58430 68.87040 68.56530 68.89440 68.75840 -9999 -9999 -9999 69.18940 69.10990 69.34140 69.49490 69.22090 69.23420 69.21120 69.41350 69.47590 69.54170 69.10740 69.46330 69.52960 69.79210 69.82380 69.90710 69.86360 70.05860 69.98190 70.29810 70.41380 70.51210 71.34210 71.49730 72.03380 71.81950 71.34860 70.87250 70.24480 69.40100 68.45790 67.37420 66.23570 65.62790 64.50610 64.39700 65.12420 65.12480 64.86890 64.65210 65.03490 65.18330 64.44900 64.30820 63.47360 63.34420 63.26890 62.88210 62.04520 62.54990 63.09240 63.60840 63.74290 63.83010
-9999 68.07050 68.10410 68.11840 68.00160 68.00970 67.94680 68.05970 67.84350 68.15050 68.09600 67.95190 67.93010 68.11480 68.49550 68.59310 69.14800 68.45090 68.71600 68.97830 69.14000 69.11350 69.12600 69.19220 69.19650 68.92450 69.14850 68.84190 69.11980 69.12120 69.11000 69.22790 69.52350 69.39410 69.49210 69.81430 69.86950 69.74910 70.35410 70.85790 70.95660 71.27900 71.40170 70.96060 70.62940 70.07580 69.26140 68.66740 67.76840 66.72940 65.65440 64.36320 64.28790 63.69240 63.68960 63.87810 64.43400 65.13980 64.72780 64.26690 64.18790 63.31300 62.67800 62.66210 62.25840 62.16470 62.72040 62.48980 63.33950 62.80690 61.82240
-9999 67.25400 67.25490 67.33960 67.31480 67.42410 67.74150 67.42770 67.68980 67.68880 67.74360 67.61100 67.50570 67.73040 67.99910 67.86660 68.17860 68.01430 68.36290 68.37330 68.32740 68.33380 68.37670 68.71250 68.67800 68.76060 68.41350 68.50260 68.32560 68.42200 68.63210 68.95160 68.99040 69.26530 69.37310 69.08430 69.32780 69.40440 69.79660 70.04810 70.58760 70.65860 70.67380 70.48650 70.21860 69.91760 69.69710 68.71790 67.78800 66.68200 66.09810 64.69470 64.17370 62.56450 62.44330 63.77400 64.33630 64.02980 64.06950 63.38660 63.33520 62.74930 62.60060 62.67270 62.49390 62.18600 62.19090 62.46020 62.75800 62.88060 62.89330
-9999 -9999 -9999 66.68310 66.60070 66.84490 67.03080 67.26840 66.99400 67.42970 67.34420 67.65290 67.58250 67.72680 67.67660 67.48960 67.57520 68.08250 67.97560 67.73250 67.93740 68.01060 68.02020 68.11270 68.05690 68.39780 68.42200 68.26340 68.20840 68.30710 68.26010 68.60790 68.61810 68.90300 68.88970 68.55370 68.84030 68.91210 69.01800 69.47520 69.76320 70.02390 69.85020 70.03780 69.82430 69.70390 69.05730 68.57090 68.06880 67.31090 66.02580 64.83040 63.97490 62.91020 63.17920 63.14340 63.95390 63.76760 63.27670 62.88910 63.24170 62.28730 62.16380 61.87180 61.91880 62.53840 62.66500 62.48620 62.40730 62.21710 62.17340
-9999 -9999 -9999 -9999 -9999 -9999 66.54210 66.75050 66.47310 66.77200 66.77490 67.00490 67.26300 67.51180 67.47720 67.52690 67.47580 67.89090 67.94880 68.08290 67.94230 68.08790 68.11270 67.82990 68.08070 68.13740 68.03160 67.81900 68.03960 68.01930 67.90960 68.18720 68.16810 68.18290 68.37090 68.26510 68.30290 68.64880 68.73880 69.01030 69.10390 69.15500 69.43140 69.49400 69.55610 69.20680 68.98610 68.40540 68.16650 66.89020 65.75170 64.11990 63.47750 64.20980 63.29370 62.89630 63.50360 62.33210 61.74690 62.08160 61.53700 61.23030 61.10530 61.05790 61.58660 61.44440 62.68580 62.65670 62.34460 62.29010 62.13490
-9999 -9999 -9999 -9999 -9999 -9999 66.48150 66.11390 66.42400 66.33110 66.62150 66.37730 66.61090 66.84020 66.94040 67.18540 67.19720 67.60640 67.61740 67.46510 67.47850 67.60110 67.57570 67.56220 67.73820 67.77230 67.70080 67.71900 67.69140 67.62730 67.62190 67.50850 67.78190 67.67210 67.73450 67.75170 67.77930 68.14370 68.22460 68.47760 68.63040 68.86550 68.66580 68.99110 69.11790 68.89950 68.79710 68.83870 68.39030 67.78330 66.93980 65.92050 65.35650 64.69810 64.16840 64.79250 64.34940 63.06680 62.99030 62.40040 60.81620 61.07010 60.74470 61.02410 60.94230 62.28170 62.58320 63.03570 63.14330 63.01860 62.36620
-9999 -9999 -9999 -9999 -9999 -9999 -9999 -9999 -9999 -9999 66.09820 65.77970 65.99420 66.54360 66.62140 66.62940 66.71150 66.96680 67.05460 67.37420 67.40170 67.09950 67.48750 67.29300 67.30350 67.29520 67.18580 67.19810 67.10530 67.14000 67.10910 66.89000 67.10660 66.97640 67.16540 67.54300 67.53860 67.75360 67.80900 67.98900 67.83980 68.21380 68.04840 68.44270 68.53110 68.62860 68.35920 68.48150 68.24920 68.10500 67.93810 67.06230 66.54020 66.51220 66.18440 65.95730 65.71760 65.41960 64.79850 64.57610 64.17420 63.79540 63.42890 63.11210 63.08770 63.51320 63.96170 63.98290 63.75740 64.02450 63.30870
-9999 -9999 -9999 -9999 -9999 -9999 -9999 -9999 -9999 -9999 65.78200 65.77000 65.75870 66.06350 66.22440 66.05610 66.63550 66.61540 66.77070 67.13470 67.15570 67.17830 67.16380 67.03540 66.99330 67.18970 67.02110 66.84610 66.76550 66.74450 66.39690 66.46160 66.42660 66.53530 66.55180 67.13690 67.15570 67.45390 67.47120 67.32940 67.66720 67.87450 67.74440 68.19840 68.29940 67.99690 68.04800 68.22470 67.74860 67.82060 67.37890 66.78350 66.43200 66.38940 66.10420 66.02350 65.57580 65.58550 65.51100 65.27470 65.18170 65.14670 64.90240 65.34210 65.36830 65.46290 65.62870 65.41770 65.55290 64.51460 64.21340
-9999 -9999 -9999 -9999 -9999 -9999 -9999 -9999 -9999 -9999 -9999 -9999 65.26570 65.14620 65.81180 65.99960 66.39240 66.93730 66.94140 67.02690 67.00120 67.23050 67.42780 66.86630 66.90650 66.90780 66.78140 66.40240 66.41990 66.29540 66.23410 66.21050 66.13000 66.20610 66.35950 66.44320 66.71020 66.70240 66.72020 67.06000 67.29470 67.32520 67.89440 67.69890 68.04210 67.74160 67.41700 67.57110 67.45590 67.10990 66.84270 66.48110 66.18880 65.91380 65.61380 65.64920 65.88920 65.41060 65.32710 65.05140 65.05090 64.99750 65.02900 65.64310 65.65190 65.87200 66.24050 66.10420 66.05500 65.86310 64.61450
-9999 -9999 -9999 -9999 -9999 -9999 -9999 -9999 -9999 -9999 -9999 -9999 64.99200 65.13280 65.50670 65.81090 66.23710 66.47950 66.56820 66.73100 66.93220 66.61530 66.92050 66.82420 66.78650 66.63720 66.57630 66.49440 66.22440 66.21790 66.17810 65.90840 65.98770 65.99950 66.24310 66.42700 66.53950 66.50960 66.62360 66.82300 66.96670 67.66680 67.74490 67.60830 67.69150 67.38690 67.44660 67.25570 67.06460 66.65430 66.66390 66.48950 65.98960 65.66590 65.15820 65.63600 65.51220 65.37090 65.08230 65.11530 65.24010 65.30510 65.24010 65.60070 65.72400 66.10570 66.30410 66.37130 65.99950 65.35530 64.80110
-9999 -9999 -9999 -9999 -9999 -9999 -9999 -9999 -9999 -9999 -9999 64.29580 64.34550 65.07330 65.52000 65.49100 65.43780 65.74300 66.08210 66.31130 67.06920 66.64350 66.91580 66.71510 66.49860 66.42620 66.38190 66.16940 66.35460 65.92790 65.94140 66.13000 66.25800 65.99220 66.45220 66.48260 66.46740 66.54300 66.73740 66.75350 66.77290 67.27470 67.23850 67.65220 67.51810 67.26960 67.48580 67.30930 67.10860 66.98600 66.74530 66.70170 66.48410 66.09130 65.81360 65.58560 65.61710 65.44390 65.33350 65.15880 65.12570 65.08690 65.28420 65.36590 65.44220 65.73570 65.89620 65.69380 65.33360 64.41770 63.15320
-9999 -9999 -9999 -9999 -9999 -9999 -9999 -9999 -9999 -9999 -9999 63.94460 64.26680 64.86580 65.25700 65.01350 65.25980 65.65170 65.99870 66.27870 66.46630 66.54420 66.87630 66.50730 66.48030 66.36750 66.12280 65.87580 66.02140 65.53340 65.52820 65.73170 65.91630 65.95720 66.08030 66.21080 66.41350 66.16150 66.20200 66.70760 66.97330 67.12720 67.42800 67.32920 67.35920 67.17710 67.37270 67.40230 67.48300 67.15450 67.04430 66.97820 66.72620 66.57220 65.93350 65.77990 65.78930 65.74850 65.39040 65.54850 65.20940 65.10260 65.29740 65.63700 65.73470 65.97300 65.88870 65.92450 65.18210 64.18310 64.19570
