data/hydroclimate-scenarios/BCSD_hadcm_B1/monthly_summaries/rh_monthly_avg_dec.2030-2059.asc
ncols	311
nrows	91
xllcenter	102.75
yllcenter	31.75
cellsize	0.5
NODATA_value	-9999
[rows 32 to 63 of 91, columns 0 to 70 of 311]
-9999 -9999 -9999 -9999 -9999 -9999 -9999 -9999 -9999 -9999 -9999 58.76470 59.14240 59.57750 60.02840 60.09940 60.55140 60.67740 61.10510 61.71620 61.89830 62.39220 63.65390 63.78930 63.99550 63.81750 63.20000 64.35120 64.20310 64.42550 64.13240 63.71230 64.77850 65.79390 66.08380 67.81890 68.11400 68.40640 68.29560 68.22320 68.50220 68.51750 68.85970 68.77850 68.35500 68.16090 68.33710 68.11690 67.87560 67.82240 67.53330 68.29320 68.09600 67.86870 67.71180 67.03590 66.82380 66.63940 66.96920 66.81340 67.11870 66.72910 67.46850 67.87030 68.55440 69.27210 69.12690 69.23880 68.49630 68.10660 68.82290
-9999 -9999 -9999 -9999 -9999 -9999 -9999 -9999 -9999 -9999 -9999 58.88780 58.95570 59.67530 59.75550 60.23650 60.69750 61.13800 61.64310 61.61820 62.46710 62.92290 64.07380 63.87060 63.81590 63.47530 62.89740 64.10230 64.09700 64.38700 64.67570 63.63520 64.37070 65.43570 66.52180 67.87080 68.15770 68.10020 67.97580 67.49420 68.23860 67.76980 68.54780 68.60420 68.20610 68.42860 68.24390 67.92730 67.59840 67.56720 67.31900 68.52970 68.27360 68.10580 68.37810 66.94090 66.77410 66.45220 66.66720 66.95860 66.54310 67.44700 67.59250 68.01510 68.26030 68.92950 69.18510 69.08260 68.83740 68.49730 69.53010
-9999 -9999 -9999 -9999 -9999 -9999 -9999 -9999 -9999 -9999 -9999 -9999 60.24260 60.69840 61.21870 61.15900 61.88510 62.00290 62.50610 62.63280 63.15560 63.75880 64.28540 64.41730 64.07330 62.84000 62.67080 62.50490 63.27810 63.67520 63.77330 64.94130 65.38140 66.13920 66.82100 67.35330 67.92050 68.28740 68.23060 68.36180 68.31810 68.69680 69.01340 69.35500 70.01070 69.63160 69.77860 68.81710 68.43250 67.79310 67.93280 68.39540 68.14590 68.33720 67.80740 67.50560 67.41960 67.63470 67.50220 67.56300 67.88770 68.73590 68.06410 68.33920 68.63150 69.28490 69.91380 70.30620 69.15320 68.94150 70.85290
-9999 -9999 -9999 -9999 -9999 -9999 -9999 -9999 -9999 -9999 -9999 -9999 60.31580 60.87460 61.32970 61.57950 62.42180 62.43680 62.94070 62.98570 63.40560 63.24250 63.49810 63.56440 62.74320 63.31960 62.85460 62.19700 62.70280 62.28790 62.36060 63.13900 64.53030 65.30870 66.10260 66.54260 66.93220 67.33730 67.88640 67.70880 68.06200 68.28060 69.01560 69.95340 70.24090 70.58630 70.35620 68.94050 68.65390 67.88530 67.26130 68.45820 67.93000 68.11690 67.99750 67.72560 67.31170 67.53300 67.44010 67.40640 67.65550 67.08370 67.38460 67.36380 68.41070 69.16370 69.33200 69.83650 69.96020 70.11830 70.56500
-9999 -9999 -9999 -9999 -9999 -9999 -9999 -9999 -9999 -9999 -9999 -9999 60.78640 61.46240 61.84750 62.10510 62.59860 62.78010 62.75440 62.97160 63.30540 63.30810 63.92810 64.03580 63.70600 63.16790 62.76010 63.38250 62.20870 62.23700 62.26440 63.26490 63.28510 63.61240 64.92960 65.47750 66.21820 66.60960 67.18760 67.09220 67.25480 67.40760 68.86800 69.55840 70.13140 70.61420 70.00010 68.54240 67.90870 68.06270 67.43170 68.20350 68.08890 67.84620 67.75220 67.29040 67.18470 66.99880 66.84200 66.75140 66.31310 66.51860 66.65910 67.89820 68.02790 68.27500 68.88030 69.73070 69.75730 70.80710 71.37130
-9999 -9999 -9999 58.23040 58.46020 58.32370 58.64110 58.87020 59.00030 -9999 59.50410 60.83500 61.35260 61.95050 62.30730 62.19170 62.56030 62.91230 62.41780 62.63260 63.71240 64.20740 64.75960 65.26110 64.64940 63.93070 63.17800 62.03630 61.71860 59.61000 60.63430 62.04320 61.35350 60.74080 62.55080 63.45400 63.87390 64.65570 65.44440 66.47080 67.11850 67.20920 68.35290 69.26090 69.88260 69.57750 68.97230 68.23660 67.94360 67.31490 66.27830 67.09840 66.50410 65.42020 65.77690 64.41800 64.14590 65.93690 65.02750 66.19500 66.33210 66.24440 66.61860 67.04120 67.68360 68.30190 68.40870 69.23460 70.19830 70.46420 71.31380
-9999 -9999 -9999 60.21980 60.16150 60.09690 59.97210 60.26590 60.89650 61.13590 61.53980 62.34950 62.06730 62.00860 61.92310 61.74100 61.61570 62.20730 62.44260 62.94480 63.76670 63.90630 65.99220 66.80840 65.14150 64.68660 63.17540 61.64220 60.05340 58.28510 58.84100 58.85460 58.69840 58.85740 60.10270 60.41490 61.52640 61.43850 63.57620 63.72300 64.39820 66.31220 67.72610 68.15470 68.36970 68.23770 67.88310 68.25850 66.81260 65.79820 64.80230 65.20370 64.55360 64.11000 64.98070 64.55370 65.31970 65.25340 64.61810 64.68080 65.48320 65.43480 65.87720 66.83610 67.02100 68.13920 68.66460 69.95570 70.20590 71.03050 70.77040
-9999 -9999 -9999 60.29880 60.45260 60.32630 60.59740 60.88380 61.27870 61.92430 61.92720 62.33160 61.92690 61.26990 60.40750 61.12510 60.96790 60.95040 62.28230 62.47340 62.89620 62.70290 64.15720 63.56120 61.86900 62.50950 61.67840 60.21540 59.49200 57.16720 55.41390 55.99000 57.39820 57.75820 57.79990 58.47630 59.72890 60.82900 61.72250 62.27720 63.05740 64.86570 66.61420 68.13760 69.43910 68.65130 68.32680 66.68900 66.10860 64.63430 63.61030 65.06560 64.47300 64.04520 64.39060 64.08010 64.85060 64.80340 64.31970 64.55740 65.17550 65.52790 66.06100 66.10610 66.75880 67.39180 68.29780 68.72990 68.42580 69.35070 69.85600
-9999 -9999 -9999 60.79100 61.17640 60.64440 61.06850 61.24260 61.52050 61.49730 62.17960 62.23600 61.20740 60.63420 60.18780 60.43390 60.00970 59.60530 60.26800 60.71540 60.62830 59.81290 59.05950 59.86360 60.41160 60.65440 60.56110 59.07890 56.57840 54.79250 54.86970 56.72380 55.87500 54.79020 55.00260 56.46370 58.23730 59.83430 60.12950 61.11240 61.80990 62.41860 63.22710 65.48170 68.40700 67.87350 66.37760 66.29360 64.19460 64.37260 62.87860 63.68670 63.48910 62.94520 63.39970 63.66630 64.04020 63.55720 63.50040 63.75370 62.92150 64.72970 65.29440 65.93610 66.43100 67.12490 67.64740 68.04700 67.65710 68.23060 71.34800
-9999 -9999 -9999 61.09350 61.40440 60.82990 61.10470 61.12050 61.03630 61.40110 62.31040 61.78790 60.73250 59.96820 58.79120 59.10570 58.65590 59.12710 60.24640 60.74880 59.71420 58.86400 58.49430 59.75050 60.27380 60.43870 60.40810 58.85850 56.73900 54.70720 54.17530 54.57800 53.92280 54.06450 55.23400 55.53750 56.35990 57.64000 58.87550 59.42640 59.70290 60.71380 61.70580 62.72980 64.86270 65.26510 65.18650 64.24330 63.74330 63.10600 62.49470 63.97900 63.00590 61.69700 62.93930 61.85960 63.26060 63.60340 63.49010 62.39160 62.95360 63.84210 64.38520 64.13380 64.37610 66.29860 66.50210 66.12890 66.96360 69.60620 72.31520
-9999 -9999 -9999 -9999 59.44970 59.07150 59.71400 60.49430 60.50690 61.23910 62.16930 62.11060 59.14120 60.33430 -9999 -9999 -9999 -9999 -9999 56.59640 56.47330 57.02950 56.35960 55.30570 56.24950 56.85270 58.39720 57.03620 55.42050 55.27310 54.47740 53.78850 53.40590 54.30530 55.39060 55.72670 55.73240 56.90630 57.32360 57.64590 58.43900 59.20870 59.78920 60.49550 62.21820 62.97530 63.17690 62.04430 62.48990 63.04900 62.35820 61.97090 62.62490 60.88540 61.00500 60.76510 60.82000 61.23190 61.64300 61.88300 61.87210 61.99130 62.94040 63.78490 64.02690 63.99120 65.46670 66.88950 68.64940 -9999 -9999
-9999 -9999 61.12590 59.93380 59.42660 59.68290 60.00460 60.40000 61.23320 61.58960 62.49450 61.78710 59.88900 -9999 -9999 -9999 -9999 -9999 54.79750 55.47650 54.84730 56.08610 56.19800 54.55240 55.27130 55.46580 57.31190 56.81340 56.13540 55.74520 55.01670 54.03060 53.87000 53.75840 54.18080 54.92920 54.64240 55.02710 55.72480 56.04450 56.10450 57.01280 57.34430 58.61880 60.32020 60.94650 61.49520 61.91970 62.58860 63.24800 62.63610 62.58220 61.97210 62.28450 61.32930 62.36850 61.83890 60.96110 61.32950 62.79630 62.82050 63.36120 63.52870 63.51100 64.15570 65.27340 66.00820 -9999 -9999 -9999 -9999
-9999 -9999 61.28920 60.13910 59.88320 60.07750 60.45720 61.03160 61.46840 62.24300 62.27120 61.68480 61.97230 -9999 -9999 -9999 -9999 57.60130 54.68080 55.17350 54.48870 54.20030 54.50040 54.25930 55.48710 56.34220 56.21480 55.70070 55.71320 55.70200 54.99500 53.57290 54.21770 54.02900 54.05510 53.90060 53.87130 54.09130 53.68140 53.55820 54.20060 54.30010 54.73930 56.03300 56.85280 58.26460 59.64900 60.27500 61.83580 61.65090 62.21170 62.53000 62.41300 62.38150 62.05030 63.37760 62.90220 61.86650 61.80160 63.08300 63.57590 62.78860 63.47940 64.85620 65.20240 -9999 -9999 -9999 -9999 -9999 68.53760
-9999 -9999 62.34650 60.85000 60.93820 60.83210 61.16300 62.46980 62.51580 62.55320 61.86380 61.98850 63.20960 -9999 -9999 -9999 -9999 55.72810 54.99910 54.43080 53.57730 53.62540 54.42030 54.33780 54.58940 55.34490 54.87760 55.25440 55.17110 55.13690 54.45190 53.89660 53.76220 53.21120 53.59140 52.69980 52.57740 52.44470 52.22830 52.56770 52.76200 53.22140 53.11680 53.43660 55.31940 56.04690 57.02810 58.01570 59.41700 60.35140 61.20420 61.12860 61.38330 61.00080 60.64930 62.71200 63.09060 62.17580 63.13230 63.58690 64.89690 65.35340 65.16630 64.37560 62.68630 62.36590 64.01690 63.19370 64.59720 -9999 -9999
-9999 -9999 -9999 62.23970 61.95860 61.78040 62.44830 63.02360 63.00220 62.39810 63.19910 62.84710 -9999 -9999 -9999 -9999 57.04530 55.44360 55.05440 54.35420 53.45960 53.52640 53.38080 52.94070 53.19270 53.58640 53.61750 53.98210 54.41330 52.70740 53.37160 53.78160 53.87400 53.32610 52.61180 52.98170 52.98960 52.89850 52.81160 52.68190 52.35400 52.14200 51.40130 52.59270 54.57580 55.66110 57.21490 58.48020 58.88090 59.56330 59.32150 60.00040 60.06610 59.70970 58.87920 59.43570 60.18510 60.27350 61.62710 62.72510 63.70260 63.43450 62.16520 59.88960 57.99590 60.68070 61.66250 61.51960 62.86420 68.23150 -9999
-9999 -9999 -9999 -9999 63.39330 62.83460 63.00120 63.46840 63.19330 64.17180 62.99670 -9999 -9999 -9999 -9999 58.76630 57.16110 56.37210 55.45850 54.38080 53.47940 53.35400 53.07460 51.82200 52.13820 53.06640 53.69020 54.19260 53.89950 53.68980 53.59700 54.75150 54.70240 53.62890 52.43790 52.54340 52.25580 52.21520 51.78520 51.88300 51.16970 51.00390 51.08170 52.07350 53.72860 54.92410 56.11360 57.57700 58.45940 59.08960 59.42560 59.79880 59.06930 58.78620 58.53280 59.41590 60.27260 60.09660 60.98900 62.57250 62.57080 61.62660 60.88740 61.00180 59.26040 59.64010 60.29990 60.00810 60.32550 61.88780 63.62530
-9999 -9999 -9999 -9999 -9999 -9999 63.57820 63.96300 62.65680 62.79790 64.46610 -9999 -9999 -9999 -9999 -9999 57.71800 56.36780 55.47120 53.51800 52.78700 53.68990 51.67190 51.45760 51.52850 52.79020 53.69710 53.82730 54.29160 54.70060 54.51480 55.03530 55.06480 53.46000 52.72230 52.57430 51.57200 50.81270 51.24780 50.31550 49.96850 48.94980 49.67040 50.68770 51.92030 54.17600 55.71550 56.94360 57.82110 58.53130 59.31120 58.96560 58.68010 57.90930 57.26090 57.75740 59.24040 60.02640 61.12240 61.12830 61.15890 60.60200 59.87560 59.13580 58.23410 58.38260 58.54280 58.69520 58.49540 60.08870 62.01240
-9999 -9999 -9999 -9999 -9999 -9999 -9999 -9999 -9999 -9999 -9999 -9999 -9999 -9999 -9999 -9999 -9999 -9999 -9999 53.37220 52.37860 52.41270 52.02140 51.29690 51.89460 52.59680 52.60350 54.11310 54.56320 54.60500 55.03000 55.45050 53.87180 53.45490 52.56220 51.99380 51.21650 50.27260 49.66730 48.78670 48.17930 48.48400 49.20380 50.12540 51.35310 52.93130 55.15310 56.64070 57.78620 58.65310 58.80450 59.17670 58.29670 57.67100 56.36050 56.97850 58.36630 59.82200 60.44620 60.44500 59.60820 59.98960 58.93160 58.95480 57.93800 58.51760 58.97840 58.37510 58.51220 59.24300 60.88990
-9999 -9999 -9999 -9999 -9999 -9999 -9999 -9999 -9999 -9999 -9999 -9999 -9999 -9999 -9999 -9999 -9999 -9999 54.02480 52.30510 52.06610 51.63480 51.94070 52.03170 52.20460 52.38910 52.77410 53.02270 53.32130 53.61400 54.10460 54.16380 53.60490 52.96190 52.56510 51.73600 50.63370 49.99140 48.36540 47.67790 47.44900 47.81350 48.19030 49.14380 50.55860 51.87700 54.47000 56.61660 58.25270 59.05990 59.58330 59.21990 58.71980 57.67360 56.59360 57.31250 58.08640 58.38290 58.59400 60.52600 60.83410 61.79450 60.96350 60.10200 58.98800 59.88470 59.76280 59.55670 59.75830 60.74750 62.01870
-9999 -9999 -9999 -9999 -9999 -9999 -9999 -9999 -9999 -9999 -9999 -9999 -9999 -9999 -9999 -9999 -9999 54.40570 53.27180 52.42040 51.87680 51.42990 51.81070 52.03400 52.19700 52.43660 52.49410 51.91760 51.71040 52.45120 53.16290 53.75120 53.55440 53.64400 53.12740 51.73630 49.94140 49.20920 48.14120 47.25650 47.08200 47.15450 47.47440 48.75190 50.16620 51.85150 53.91930 55.64520 58.04440 59.76950 60.30150 59.99600 59.03690 57.70050 57.22250 57.79260 58.16320 58.22990 58.55850 60.46720 62.00800 61.81190 59.92310 59.42510 61.05750 61.06020 60.96690 61.12450 61.64090 62.06020 61.96740
-9999 -9999 -9999 -9999 -9999 -9999 -9999 -9999 -9999 -9999 -9999 -9999 -9999 -9999 -9999 -9999 -9999 52.81310 52.23700 50.91720 51.04050 51.24180 51.59790 52.25950 53.50540 52.58520 52.65360 51.80810 51.71290 52.33280 53.13320 53.73050 54.25410 54.49660 53.24330 51.83040 50.41260 49.12320 47.39400 47.08140 47.01040 47.06180 47.42630 48.46280 49.84710 52.60730 54.57120 55.11100 57.76330 60.58630 61.05540 59.86560 58.63210 58.01560 57.54500 57.68240 57.19470 58.04800 59.60350 60.94080 61.38100 61.19180 61.20610 61.35850 60.28150 61.00830 61.93020 61.44350 62.83490 63.37880 64.12810
-9999 -9999 -9999 -9999 -9999 -9999 -9999 -9999 -9999 -9999 -9999 -9999 -9999 -9999 -9999 -9999 52.03620 50.82880 50.46810 50.03920 50.87810 51.87600 51.62750 52.81250 53.92870 52.99360 53.18250 52.81630 52.89360 52.92470 53.51900 54.25550 55.08050 55.06260 54.51290 53.59560 52.06270 50.68570 48.67660 48.34540 47.74340 47.19160 46.71720 48.04190 49.76740 52.64380 54.12880 54.67280 56.31200 60.25800 60.44930 58.98140 57.98960 57.68740 57.84020 58.00570 58.37210 59.04310 59.84500 60.38130 61.65820 62.02950 61.67650 61.17010 62.25120 62.90820 63.49970 63.87820 64.94230 65.05580 65.13950
-9999 -9999 -9999 -9999 -9999 -9999 -9999 -9999 -9999 -9999 -9999 -9999 -9999 53.35510 52.10460 50.68610 49.98960 49.16270 49.42250 50.06250 50.89810 51.15080 52.36020 52.78480 53.13990 53.86480 54.25980 53.99380 54.23220 54.93590 55.02860 55.14390 55.57800 55.78700 55.68580 55.00110 54.39940 53.35430 52.46300 50.93250 49.02780 46.92360 45.49230 47.60920 50.37050 52.33260 54.05500 54.83420 54.58940 54.49990 55.48750 56.23870 56.42540 57.56170 58.06030 58.51020 59.21680 59.94260 60.71270 61.71190 62.35550 63.08900 63.83890 64.73420 65.35300 66.67390 67.13360 66.51870 66.60250 66.40420 65.80870
-9999 -9999 -9999 -9999 -9999 -9999 -9999 -9999 -9999 -9999 -9999 -9999 52.79850 51.58170 50.52830 49.70150 49.09970 49.23790 49.21970 50.42900 51.01130 51.85210 53.08700 53.57770 53.48500 54.88370 55.18210 56.05650 56.43200 56.35290 56.33600 55.61530 55.60040 56.06450 56.61200 56.63010 56.27610 56.86150 56.34400 54.92260 51.28510 47.54310 44.79520 47.46140 51.09810 53.79760 54.83900 54.83980 53.34260 51.37990 52.77980 54.65920 55.26790 56.89770 57.76970 59.00490 59.66350 60.03310 60.78020 61.83910 62.46050 64.22910 65.35250 66.25470 67.45740 68.98700 68.46890 68.16840 67.63770 66.68490 65.74830
-9999 -9999 -9999 -9999 -9999 -9999 -9999 -9999 -9999 -9999 -9999 52.22110 51.42430 50.40370 49.99140 49.18840 49.27170 49.05120 49.52770 50.16520 51.01860 52.74040 53.29220 54.09660 54.02550 54.77100 55.29140 56.43840 57.86310 57.72380 56.37160 55.59710 55.48330 55.60940 56.56750 56.74350 57.18940 58.15480 60.48060 57.98120 53.64650 49.90920 48.18770 49.60850 52.40790 54.61330 55.71790 55.84030 54.99490 53.63490 53.45830 53.28500 54.48220 55.14400 56.65310 58.77610 60.28980 61.00390 62.59000 63.83240 64.25720 65.73060 67.02950 68.21110 69.96160 70.82230 69.93860 69.15250 67.85660 66.55480 65.64990
-9999 -9999 -9999 -9999 -9999 -9999 -9999 -9999 -9999 -9999 51.66040 51.07130 50.58360 49.62950 49.20860 48.10170 47.67680 48.05770 49.36440 50.23530 51.39790 52.89040 53.56090 54.10600 54.45390 55.13970 55.22530 56.76880 57.48040 56.61570 55.81320 54.79010 54.31110 54.82640 55.56640 55.81530 57.05110 58.37900 59.33120 57.92240 55.11330 52.77300 51.55280 52.06410 53.71540 55.73910 57.74360 57.65530 56.93910 56.25590 54.94350 53.62290 53.89250 54.77200 56.62660 58.84000 60.29920 61.48000 63.21360 64.18950 64.55250 65.62510 66.59960 68.63820 69.65480 70.77820 70.57980 69.18370 67.85290 66.52060 65.63710
-9999 -9999 -9999 -9999 -9999 -9999 -9999 -9999 -9999 51.43080 50.11750 50.07910 50.01460 49.47070 48.48060 47.15180 46.68640 47.73920 49.33430 50.73550 52.36150 52.97200 54.12830 54.36540 54.74730 55.68880 55.90720 56.16330 56.04140 55.71510 54.83340 53.26670 52.63060 53.05410 53.41360 54.30080 55.38670 57.25430 57.46810 57.49630 55.97440 54.65040 54.47930 54.69500 55.43520 56.89910 59.18810 60.07230 59.86460 58.76830 56.64430 54.92620 53.82420 54.01500 54.90890 59.51900 61.57560 63.01170 63.98840 64.62840 65.22620 65.76490 66.42480 67.53600 68.70400 68.82930 69.14450 67.81040 66.94890 66.70690 66.89620
-9999 -9999 -9999 -9999 -9999 -9999 -9999 -9999 -9999 -9999 48.30940 49.63640 49.81640 49.60070 48.44760 46.78420 45.89860 46.98010 49.12900 50.77480 52.32210 53.76030 54.37180 -9999 -9999 -9999 -9999 -9999 -9999 54.62440 53.37400 52.69180 51.80650 51.99080 52.37350 53.00260 54.29150 56.12470 55.96930 56.66540 56.09930 55.63660 55.92760 56.07520 56.64480 57.12510 58.52950 60.10270 60.53440 59.78640 57.68080 55.45750 54.01410 54.57440 55.32080 59.83100 61.36660 63.10650 64.09440 64.44430 64.46280 64.60930 65.66170 66.42260 66.37970 67.83770 67.30250 66.88530 65.50100 66.12540 66.25710
-9999 -9999 -9999 -9999 -9999 -9999 -9999 -9999 -9999 -9999 -9999 -9999 50.53450 49.51780 48.03050 47.33330 46.85900 47.42620 49.12510 -9999 -9999 -9999 -9999 -9999 -9999 -9999 -9999 -9999 -9999 -9999 -9999 -9999 -9999 51.82930 51.65760 52.98040 54.03330 55.33750 55.97740 55.91570 56.05410 55.98500 56.16720 55.98200 56.45030 57.16560 58.07230 59.65260 60.00600 59.37000 57.61210 55.48450 54.97060 55.67680 56.84180 59.62030 60.80320 62.25550 62.71350 63.20810 63.46370 63.81320 64.12200 65.11370 66.06420 66.47120 65.92780 66.39420 66.14230 67.37410 67.84910
-9999 -9999 -9999 -9999 -9999 -9999 -9999 -9999 -9999 -9999 -9999 -9999 -9999 -9999 -9999 -9999 -9999 -9999 -9999 -9999 -9999 -9999 -9999 -9999 -9999 -9999 -9999 -9999 -9999 -9999 -9999 -9999 -9999 -9999 51.59430 52.27350 53.55510 54.17250 55.36040 55.61010 55.70660 55.75440 55.78080 55.98080 56.27640 56.54310 57.65870 59.15540 59.09810 58.50220 57.15230 55.56370 55.33200 55.71970 57.01920 60.09940 61.03360 60.99390 61.32140 61.74200 62.85790 63.02060 63.79590 64.37710 65.56230 65.55790 65.55260 65.45030 65.55710 66.85700 68.61150
-9999 -9999 -9999 -9999 -9999 -9999 -9999 -9999 -9999 -9999 -9999 -9999 -9999 -9999 -9999 -9999 -9999 -9999 -9999 -9999 -9999 -9999 -9999 -9999 -9999 -9999 -9999 -9999 -9999 -9999 -9999 -9999 -9999 -9999 50.88150 51.64090 51.87430 53.70250 54.61700 55.05800 55.03880 55.51530 55.72170 56.09820 56.82860 57.08400 57.38850 57.84250 58.16530 57.07990 55.78940 55.39090 55.87010 55.54260 56.54740 58.87730 60.50610 61.81610 61.85330 62.74850 63.45930 63.54260 63.22250 63.80690 64.62620 64.24100 64.66740 64.88480 65.06930 67.05810 -9999
-9999 -9999 -9999 -9999 -9999 -9999 -9999 -9999 -9999 -9999 -9999 -9999 -9999 -9999 -9999 -9999 -9999 -9999 -9999 -9999 -9999 -9999 -9999 -9999 -9999 -9999 -9999 -9999 -9999 -9999 -9999 -9999 -9999 -9999 -9999 -9999 -9999 -9999 54.81420 54.26680 54.81150 55.29790 56.08890 56.37870 56.94700 57.11970 57.41360 57.40650 57.01170 55.95420 54.66050 54.27720 55.04280 55.01460 56.26510 58.61410 60.22150 62.05650 62.46930 63.43900 64.16890 64.42050 63.70940 63.65090 63.48380 64.18540 64.62480 65.10000 66.58410 -9999 -9999
