data/hydroclimate-scenarios/BCSD_hadcm_B1/monthly_summaries/rh_monthly_avg_jun.2030-2059.asc
ncols	311
nrows	91
xllcenter	102.75
yllcenter	31.75
cellsize	0.5
NODATA_value	-9999
[rows 0 to 31 of 91, columns 213 to 283 of 311]
-9999 -9999 -9999 -9999 -9999 -9999 -9999 -9999 -9999 -9999 -9999 -9999 -9999 -9999 -9999 -9999 -9999 -9999 -9999 -9999 -9999 -9999 -9999 -9999 -9999 -9999 -9999 -9999 -9999 -9999 -9999 -9999 -9999 -9999 -9999 -9999 -9999 -9999 -9999 -9999 -9999 -9999 -9999 -9999 -9999 -9999 -9999 -9999 -9999 -9999 -9999 -9999 -9999 -9999 -9999 -9999 -9999 -9999 -9999 -9999 -9999 -9999 -9999 -9999 -9999 -9999 -9999 -9999 -9999 -9999 -9999
-9999 -9999 -9999 -9999 -9999 -9999 -9999 -9999 -9999 -9999 -9999 -9999 -9999 -9999 -9999 -9999 -9999 -9999 -9999 -9999 -9999 -9999 -9999 -9999 -9999 -9999 -9999 -9999 -9999 -9999 -9999 -9999 -9999 -9999 -9999 -9999 -9999 -9999 -9999 -9999 -9999 -9999 -9999 -9999 -9999 -9999 -9999 -9999 -9999 -9999 -9999 -9999 -9999 -9999 -9999 -9999 -9999 -9999 -9999 -9999 -9999 -9999 -9999 -9999 -9999 -9999 -9999 -9999 -9999 -9999 -9999
-9999 -9999 -9999 -9999 -9999 -9999 -9999 -9999 -9999 -9999 -9999 -9999 -9999 -9999 -9999 -9999 -9999 -9999 -9999 -9999 -9999 -9999 -9999 -9999 -9999 -9999 -9999 -9999 -9999 -9999 -9999 -9999 -9999 -9999 -9999 -9999 -9999 -9999 -9999 -9999 -9999 -9999 -9999 -9999 -9999 -9999 -9999 -9999 -9999 -9999 -9999 -9999 -9999 -9999 -9999 -9999 -9999 -9999 -9999 -9999 -9999 -9999 -9999 -9999 -9999 -9999 -9999 -9999 -9999 -9999 -9999
-9999 -9999 -9999 -9999 -9999 -9999 -9999 -9999 -9999 -9999 -9999 -9999 -9999 -9999 -9999 -9999 -9999 -9999 -9999 -9999 -9999 -9999 -9999 -9999 -9999 -9999 -9999 -9999 -9999 -9999 -9999 -9999 -9999 -9999 -9999 -9999 -9999 -9999 -9999 -9999 -9999 -9999 -9999 -9999 -9999 -9999 -9999 -9999 -9999 -9999 -9999 -9999 -9999 -9999 -9999 -9999 -9999 -9999 -9999 -9999 -9999 -9999 -9999 -9999 -9999 -9999 -9999 -9999 -9999 -9999 -9999
-9999 -9999 -9999 -9999 -9999 -9999 -9999 -9999 -9999 -9999 -9999 -9999 -9999 -9999 -9999 -9999 -9999 -9999 -9999 -9999 -9999 -9999 -9999 -9999 -9999 -9999 -9999 -9999 -9999 -9999 -9999 -9999 -9999 -9999 -9999 -9999 -9999 -9999 -9999 -9999 -9999 -9999 -9999 -9999 -9999 -9999 -9999 -9999 -9999 -9999 -9999 -9999 -9999 -9999 -9999 -9999 -9999 -9999 -9999 -9999 -9999 -9999 -9999 -9999 -9999 -9999 -9999 -9999 -9999 -9999 -9999
-9999 -9999 -9999 -9999 -9999 -9999 -9999 -9999 -9999 -9999 -9999 -9999 -9999 -9999 -9999 -9999 -9999 -9999 -9999 -9999 -9999 -9999 -9999 -9999 -9999 -9999 -9999 -9999 -9999 -9999 -9999 -9999 -9999 -9999 -9999 -9999 -9999 -9999 -9999 -9999 -9999 -9999 -9999 -9999 -9999 -9999 -9999 -9999 -9999 -9999 -9999 -9999 -9999 -9999 -9999 -9999 -9999 -9999 -9999 -9999 -9999 -9999 -9999 -9999 -9999 -9999 -9999 -9999 -9999 -9999 -9999
-9999 -9999 -9999 -9999 -9999 -9999 -9999 -9999 -9999 -9999 -9999 -9999 -9999 -9999 -9999 -9999 -9999 -9999 -9999 -9999 -9999 -9999 -9999 -9999 -9999 -9999 -9999 -9999 -9999 -9999 -9999 -9999 -9999 -9999 -9999 -9999 -9999 -9999 -9999 -9999 -9999 -9999 -9999 -9999 -9999 -9999 -9999 -9999 -9999 -9999 -9999 -9999 -9999 -9999 -9999 -9999 -9999 -9999 -9999 -9999 -9999 -9999 -9999 -9999 -9999 -9999 -9999 -9999 -9999 -9999 -9999
-9999 -9999 -9999 -9999 -9999 -9999 -9999 -9999 -9999 -9999 -9999 -9999 -9999 -9999 -9999 -9999 -9999 -9999 -9999 -9999 -9999 -9999 -9999 -9999 -9999 -9999 -9999 -9999 -9999 -9999 -9999 -9999 -9999 -9999 -9999 -9999 -9999 -9999 -9999 -9999 -9999 -9999 -9999 -9999 -9999 -9999 -9999 -9999 -9999 -9999 -9999 -9999 -9999 -9999 -9999 -9999 -9999 -9999 -9999 -9999 -9999 -9999 -9999 -9999 -9999 -9999 -9999 -9999 -9999 -9999 -9999
-9999 -9999 -9999 -9999 -9999 -9999 -9999 -9999 -9999 -9999 -9999 -9999 -9999 -9999 -9999 -9999 -9999 -9999 -9999 -9999 -9999 -9999 -9999 -9999 -9999 -9999 -9999 -9999 -9999 -9999 -9999 -9999 -9999 -9999 -9999 -9999 -9999 -9999 -9999 -9999 -9999 -9999 -9999 -9999 -9999 -9999 -9999 -9999 -9999 -9999 -9999 -9999 -9999 -9999 -9999 -9999 -9999 -9999 -9999 -9999 -9999 -9999 -9999 -9999 -9999 -9999 -9999 -9999 -9999 -9999 -9999
-9999 -9999 -9999 -9999 -9999 -9999 -9999 -9999 -9999 -9999 -9999 -9999 -9999 -9999 -9999 -9999 -9999 -9999 -9999 -9999 -9999 -9999 -9999 -9999 -9999 -9999 -9999 -9999 -9999 -9999 -9999 -9999 -9999 -9999 -9999 -9999 -9999 -9999 -9999 -9999 -9999 -9999 -9999 -9999 -9999 -9999 -9999 -9999 -9999 -9999 -9999 -9999 -9999 -9999 -9999 -9999 -9999 -9999 -9999 -9999 -9999 -9999 -9999 -9999 -9999 -9999 -9999 -9999 -9999 -9999 -9999
-9999 -9999 -9999 -9999 -9999 -9999 -9999 -9999 -9999 -9999 -9999 -9999 -9999 -9999 -9999 -9999 -9999 -9999 -9999 -9999 -9999 -9999 -9999 -9999 -9999 -9999 -9999 -9999 -9999 -9999 -9999 -9999 -9999 -9999 -9999 -9999 -9999 -9999 -9999 -9999 -9999 -9999 -9999 -9999 -9999 -9999 -9999 -9999 -9999 -9999 -9999 -9999 -9999 -9999 -9999 -9999 -9999 -9999 -9999 -9999 -9999 -9999 -9999 -9999 -9999 -9999 -9999 -9999 -9999 -9999 -9999
-9999 -9999 -9999 -9999 -9999 -9999 -9999 -9999 -9999 -9999 -9999 -9999 -9999 -9999 -9999 -9999 -9999 -9999 -9999 -9999 -9999 -9999 -9999 -9999 -9999 -9999 -9999 -9999 -9999 -9999 -9999 -9999 -9999 -9999 -9999 -9999 -9999 -9999 -9999 -9999 -9999 -9999 -9999 -9999 -9999 -9999 -9999 -9999 -9999 -9999 -9999 -9999 -9999 -9999 -9999 -9999 -9999 -9999 -9999 -9999 -9999 -9999 -9999 -9999 -9999 -9999 -9999 -9999 -9999 -9999 -9999
-9999 -9999 -9999 -9999 -9999 -9999 -9999 -9999 -9999 -9999 -9999 -9999 -9999 -9999 -9999 -9999 -9999 -9999 -9999 -9999 -9999 -9999 -9999 -9999 -9999 -9999 -9999 -9999 -9999 -9999 -9999 -9999 -9999 -9999 -9999 -9999 -9999 -9999 -9999 -9999 -9999 -9999 -9999 -9999 -9999 -9999 -9999 -9999 -9999 -9999 -9999 -9999 -9999 -9999 -9999 -9999 -9999 -9999 -9999 -9999 -9999 -9999 -9999 -9999 -9999 -9999 -9999 -9999 -9999 -9999 -9999
27.88170 27.71360 28.27490 28.11000 28.98640 29.24460 -9999 -9999 -9999 -9999 -9999 -9999 -9999 -9999 -9999 -9999 -9999 -9999 -9999 -9999 -9999 -9999 -9999 -9999 -9999 -9999 -9999 -9999 -9999 -9999 -9999 -9999 -9999 -9999 -9999 -9999 -9999 -9999 -9999 -9999 -9999 -9999 -9999 -9999 -9999 -9999 -9999 32.69840 -9999 -9999 -9999 -9999 -9999 -9999 -9999 -9999 -9999 -9999 -9999 -9999 -9999 -9999 -9999 -9999 -9999 -9999 -9999 -9999 -9999 -9999 -9999
28.10180 27.96060 27.46010 27.80090 27.87090 28.12520 28.73000 29.09300 29.42140 30.19110 28.62880 29.99250 30.88400 33.67850 33.75670 33.58270 33.57190 31.55130 47.37100 -9999 -9999 -9999 -9999 -9999 -9999 -9999 -9999 -9999 -9999 -9999 -9999 -9999 -9999 -9999 -9999 -9999 -9999 -9999 -9999 -9999 -9999 -9999 25.69890 26.05710 27.19980 29.97490 34.28210 36.07540 37.67750 -9999 -9999 -9999 43.37210 -9999 -9999 -9999 42.58150 43.52230 44.56560 -9999 -9999 -9999 -9999 -9999 -9999 -9999 -9999 -9999 -9999 -9999 -9999
28.55750 27.99510 28.86550 29.61800 29.86470 30.19890 28.45640 30.71550 31.97440 33.24600 34.06720 34.69900 38.18660 40.23900 35.49990 39.88630 38.55810 36.46210 33.90620 31.82440 29.32550 29.29920 32.58070 36.08810 30.90630 -9999 -9999 -9999 -9999 -9999 29.14910 28.51900 27.69580 28.18360 28.14070 26.37240 26.84300 26.99220 28.51820 27.47990 27.81860 28.33510 28.32340 29.60400 30.65480 32.02840 36.50160 39.49650 40.23120 42.13560 43.83310 44.16240 44.54680 45.64200 45.32620 44.19050 45.64040 46.28250 46.79710 46.17850 45.02190 43.57540 45.35910 44.13550 -9999 -9999 -9999 -9999 -9999 -9999 -9999
32.13240 32.95210 33.05740 34.96900 35.06160 31.09960 34.83190 38.08250 38.66810 39.42160 33.12680 42.67220 46.60530 48.13270 45.25970 43.80370 40.74250 39.75040 34.89940 33.70380 31.98450 29.92730 37.08180 34.96230 31.92360 32.55260 32.25360 33.50930 34.01420 32.94150 31.54500 30.78560 30.36530 31.11510 32.05900 30.65080 29.21260 29.90030 31.70220 32.45590 32.39190 31.99160 31.82720 32.96910 34.16550 34.31550 37.60220 39.58610 40.25520 41.18300 44.18070 44.89860 45.65850 46.44290 45.61190 47.18410 47.39820 46.78210 46.39580 46.21720 45.46710 45.64360 45.74190 47.02550 45.24110 44.13910 43.97540 43.78090 42.91350 43.44860 45.43630
41.75020 43.39720 43.10630 38.07670 38.00320 39.37530 37.50240 37.26880 38.46460 37.97300 38.11900 38.42270 42.90810 41.02190 35.97030 34.91860 35.74550 35.09540 39.01870 39.52180 35.70650 35.78930 39.47520 40.85440 34.09620 34.25820 33.47770 35.16950 36.32670 36.46630 36.22200 33.29550 33.01910 33.30240 34.36000 34.85290 34.26830 33.96230 35.05620 34.99350 34.78260 35.75350 33.94480 34.16060 35.01690 36.35160 39.43420 40.32410 41.36500 42.25070 44.38760 45.32120 45.59800 46.89830 46.36630 46.96470 47.36320 46.68260 46.58330 46.48530 46.41670 46.53590 46.46030 45.94930 44.76360 43.79610 44.33300 46.50920 46.53200 47.69600 49.11510
38.04840 37.97330 37.06340 38.91310 34.91110 33.93050 32.95330 34.35330 34.22520 33.25040 35.41190 36.43290 33.85420 31.19010 32.91980 33.28440 34.64490 34.45860 36.92080 34.56170 42.30770 39.16130 41.57500 40.70990 34.22050 33.63750 35.91560 35.45780 35.39840 36.41480 39.22410 36.93210 37.25970 37.02790 36.51660 36.27230 36.38370 35.34530 34.50480 34.13680 34.13580 34.42070 35.06430 36.38930 37.23350 38.38980 40.31820 41.23700 42.70150 43.16730 44.54810 45.34360 45.19870 45.97030 46.71370 46.58340 47.12010 47.93360 46.13460 46.05030 47.17110 47.43410 46.35520 45.38780 45.25450 46.03110 47.23740 47.97920 46.95250 47.99580 50.11520
39.78330 41.15960 42.54740 38.91170 37.72980 37.18360 35.54140 31.85710 34.67710 33.75460 33.50690 33.09900 32.22180 31.96850 34.64940 35.70730 34.54470 35.09760 45.25230 44.52750 39.39810 40.22800 40.69100 41.75850 33.95110 34.92520 37.09340 36.90130 37.45560 37.47970 40.38120 39.97250 39.69510 38.73410 37.42470 36.63480 36.28860 35.13620 35.19250 35.29720 34.92960 34.91120 37.54630 38.54270 38.78840 39.27270 40.17820 41.83360 43.11650 43.23690 44.48590 45.30790 45.14350 44.67550 45.37880 45.42420 45.73420 46.63100 46.16750 45.75710 46.51090 46.19260 44.84570 44.99630 45.98220 45.88190 47.48070 47.68820 48.96210 49.81280 50.85140
43.16980 47.92670 50.26880 45.29680 40.47850 37.81020 37.57720 36.47260 31.63040 31.10450 31.32320 31.56460 32.30320 33.07480 34.64890 38.75500 39.63220 40.19230 42.44460 41.67380 34.91290 34.89610 38.83680 36.06600 34.54660 35.35030 36.36810 37.74730 38.17670 38.91410 39.31760 40.58220 40.58450 39.80100 38.53260 37.47140 36.50340 36.50140 36.18850 35.77600 36.65940 36.22340 37.34740 38.07140 38.79800 39.42260 41.43350 42.62160 43.49260 44.34570 44.48570 44.39950 44.10770 43.82620 43.72040 43.69770 44.28300 43.63140 43.01610 42.54990 45.11090 44.98660 43.45570 44.87210 44.74120 45.03590 46.65120 47.73470 47.72170 48.60300 49.12560
45.64010 44.13160 42.59330 35.26630 32.11130 33.32810 34.62790 35.92200 34.62990 34.78570 34.27650 33.35660 33.27400 33.48190 35.84690 37.76500 39.10860 39.18590 43.08360 42.84650 34.41270 29.92480 29.90360 32.66660 34.10820 36.45640 37.90580 38.38250 37.84620 39.26060 39.51490 40.56170 41.08440 40.11960 39.13750 38.39690 37.58520 37.15840 37.23950 36.80700 37.25720 37.38840 37.74960 38.14180 38.11600 39.61820 42.03980 43.23430 43.46240 44.11780 44.35880 44.12210 42.69220 42.45680 42.22130 41.55740 41.88330 42.41300 42.77320 43.66820 44.27330 44.44670 44.63320 44.08040 43.04190 42.52670 43.53270 44.83010 45.37830 46.22400 47.51900
46.77550 41.40650 37.27060 37.41640 40.09890 44.65740 49.63410 50.97090 48.34960 46.30730 39.72130 43.22170 42.40740 36.09560 40.60960 42.04790 43.47200 41.41110 44.99860 45.90710 35.24330 30.52640 29.65520 32.86720 32.71060 35.94830 36.78710 37.07730 38.93960 39.75920 39.12260 39.03430 40.06410 40.17720 39.09320 38.35150 39.25720 39.16510 40.62870 40.10770 40.40990 39.93790 39.24430 39.05160 39.92680 41.68710 43.27290 45.66130 46.47160 46.83500 44.87330 44.99730 43.45410 43.05700 43.44190 43.60470 42.45280 43.59420 43.68950 42.91440 43.65830 43.35560 42.07810 41.91100 39.85150 40.33140 41.22600 42.01960 43.44440 43.93660 45.19590
41.61200 42.80510 44.16930 40.93510 38.80250 43.86690 48.58070 48.96830 47.67820 43.11780 43.38010 43.81240 43.56710 41.77690 41.76980 39.53890 42.99380 41.48250 46.89190 46.82230 40.47860 30.42960 32.70730 35.35980 32.87410 33.49490 34.79940 35.86160 36.30220 37.59050 39.13970 38.88350 39.79870 38.26700 39.15910 38.42620 38.85060 39.75510 42.52590 42.24060 43.17940 43.80350 44.68850 44.84200 45.78350 46.08150 45.75180 45.93100 47.24340 47.00450 44.72690 43.20540 43.02720 42.67660 42.37040 42.78440 43.12100 42.38550 42.97400 42.27860 42.82920 41.39340 41.58300 42.18060 40.32390 39.67940 39.95520 40.34360 40.75760 40.70960 42.67580
39.47440 38.84010 38.70590 38.37120 37.55530 38.52160 38.61800 40.60580 46.00790 47.42010 47.09130 42.69440 44.73390 45.11120 47.43980 45.27360 42.62700 38.42530 36.23590 45.83480 43.91650 35.42960 31.73550 30.73510 31.17880 30.02290 28.80660 30.54970 33.17410 33.18680 32.49460 34.08200 33.05530 35.51300 32.19810 34.75570 36.47410 36.79500 40.45480 42.96460 45.74520 46.99100 46.09520 46.71280 48.50450 49.75690 50.62970 50.32340 48.34750 46.33230 44.28490 43.27210 43.20150 44.05360 43.84690 43.04910 42.71760 41.92670 41.04600 41.06620 42.07040 42.50850 42.98020 42.20800 39.95860 38.65350 38.12280 37.90740 38.70100 38.92110 39.50130
39.90000 39.23670 38.51600 38.41890 39.44000 40.09300 43.84220 45.48580 45.49240 45.61540 45.49770 46.60530 49.15170 49.84650 45.60870 41.33040 38.65050 35.81470 40.07890 41.64450 41.19990 41.92110 36.57310 37.85850 32.38420 29.96920 30.53640 30.00790 30.57750 32.89050 33.81330 35.07940 32.74700 33.89160 31.67250 33.57000 35.41840 37.30650 41.15650 43.01730 45.30340 46.24090 46.33570 47.75300 49.35570 50.23090 51.61330 50.83370 50.83870 49.59780 47.47130 45.86410 44.43540 45.72590 46.85250 44.70680 43.40480 43.38190 42.15910 41.98700 41.91560 42.79950 42.78570 41.78400 40.58130 40.67780 39.04070 37.54340 38.34280 37.95500 38.44160
46.52160 46.82960 46.16800 45.37800 44.04440 48.41470 51.85240 55.82620 56.64460 55.26340 55.36660 56.37420 51.36970 44.38990 41.54040 43.15740 40.01220 38.95950 47.62370 45.47240 42.40520 42.84540 40.70390 40.30960 36.34130 35.83610 35.09140 34.07000 34.84590 36.03980 35.77730 34.32330 32.98000 34.28510 35.05480 35.54170 35.13740 37.45610 39.93260 42.29740 44.41780 46.19720 46.63200 49.33210 50.64800 51.64450 50.88490 52.32560 50.68280 50.26250 50.42610 49.45330 46.77350 45.77740 44.71430 45.35960 44.36000 43.59360 43.51030 42.79990 41.47230 41.62950 42.64920 43.08780 41.42410 40.08300 39.38850 38.59720 37.35020 36.35290 37.66820
61.23420 60.29400 52.01720 47.10680 45.45670 46.27720 49.44820 52.95910 55.89920 56.62960 56.16240 59.63120 58.95850 57.45810 54.31560 46.99660 39.24160 39.63010 47.06940 46.57350 43.97760 46.44560 43.71930 43.44110 35.27270 34.24860 34.23000 35.33890 34.41630 33.92840 32.87940 30.84930 30.03640 31.73250 31.19510 33.18960 33.74360 36.59720 39.44240 41.72810 43.60080 44.72680 47.52560 49.47720 51.43890 52.89450 52.50440 52.94780 51.31210 51.08030 52.28520 51.23670 48.95690 47.70120 45.17180 45.69100 45.33330 44.97920 44.04860 44.20580 42.64020 42.00400 42.24080 41.54700 40.82070 39.89440 39.60230 39.01790 36.88210 36.08770 36.56260
65.47810 61.72610 57.53520 52.26870 46.78130 48.70110 54.61380 50.55590 47.29250 46.12770 46.63690 47.04710 47.22190 51.67870 51.07310 52.17760 49.63110 42.43870 46.71300 47.09110 47.31640 49.95470 47.45430 44.53890 34.05260 29.81570 32.00360 31.82140 31.50960 32.01690 31.50730 29.59370 28.22290 26.49970 27.82360 30.10780 33.35070 35.57940 39.56280 42.89220 44.37490 46.54490 48.27780 50.32970 52.88980 53.98720 53.84280 54.25050 52.58630 53.69730 52.62290 52.25490 51.04680 49.46620 47.81750 45.82750 45.94370 45.91150 44.46110 43.37830 42.64460 41.83670 41.87990 41.01770 40.14220 39.83480 40.52820 40.17100 39.20120 37.74990 37.57710
59.94530 56.60680 59.87300 58.36650 58.05990 58.97960 54.07010 50.59740 43.93160 41.21400 39.42420 40.57110 51.73340 56.21620 56.28950 55.86830 54.35820 52.43080 51.00560 51.32090 52.28380 54.23860 52.07400 46.81800 41.41600 37.15530 32.81400 27.14100 29.61560 31.40170 29.20290 25.29690 25.72900 24.16460 25.27880 27.71200 32.83400 35.36620 40.55480 42.60950 45.16630 47.12240 49.47350 52.15780 53.76980 55.21860 53.90620 54.06880 54.25600 54.29510 53.34890 52.66830 52.67650 51.66220 49.97840 47.44140 46.96570 47.01950 44.99970 45.36790 45.68920 46.65050 46.49160 45.23180 43.56210 41.01100 39.66170 39.46910 39.71780 39.78140 39.87410
54.35430 49.08310 53.06850 59.16040 56.78290 53.32510 58.52090 59.98520 58.64830 52.16470 46.81420 40.93360 46.89710 52.83340 58.31030 59.77920 58.89760 58.14950 56.41860 56.26460 55.42460 56.86610 54.27810 50.10510 44.27780 40.27660 34.94750 35.19400 32.08760 31.74100 30.55270 28.23060 26.89340 25.40020 26.50820 29.25950 33.46410 36.31500 39.05810 41.60830 44.56600 47.33230 48.04030 50.51430 52.31150 53.55390 53.94270 52.92050 51.34530 51.81640 51.49190 52.04080 53.03080 51.99040 51.00720 50.36980 48.72390 48.20400 46.19010 45.27960 43.85130 43.83490 42.96070 42.12590 41.46980 40.08610 39.34910 39.83730 40.70690 41.91570 40.65040
56.52040 -9999 48.09420 57.13730 65.66040 70.33310 -9999 69.89610 67.87550 64.60840 62.02320 56.04140 56.99250 55.41980 55.31640 54.57870 50.60300 56.21940 62.15110 61.65090 61.62080 59.79970 59.48850 55.60000 51.04190 45.71480 40.46820 36.32600 36.46210 36.95900 36.51510 34.90610 29.43380 28.63870 28.70320 30.14180 34.36910 36.77920 39.86840 42.35160 45.42030 46.25800 48.04750 49.10530 51.11920 51.25460 52.46420 51.56720 50.94390 51.34810 51.33880 51.54900 52.46060 52.24580 51.36590 51.12030 48.80330 47.81780 47.57890 46.69730 45.36520 43.66940 42.48060 41.37940 40.85630 39.84100 39.40910 39.76910 41.24150 42.56150 42.06210
