data/hydroclimate-scenarios/BCSD_hadcm_B1/monthly_summaries/rh_monthly_avg_jan.2030-2059.asc
ncols	311
nrows	91
xllcenter	102.75
yllcenter	31.75
cellsize	0.5
NODATA_value	-9999
[rows 0 to 31 of 91, columns 71 to 141 of 311]
-9999 -9999 -9999 -9999 -9999 -9999 -9999 -9999 -9999 -9999 -9999 -9999 -9999 -9999 -9999 -9999 -9999 -9999 -9999 -9999 -9999 -9999 -9999 -9999 -9999 -9999 -9999 -9999 -9999 -9999 -9999 -9999 -9999 -9999 -9999 -9999 -9999 -9999 -9999 -9999 -9999 -9999 -9999 -9999 -9999 -9999 -9999 -9999 -9999 -9999 -9999 -9999 -9999 -9999 -9999 -9999 -9999 -9999 -9999 -9999 -9999 -9999 -9999 -9999 -9999 -9999 -9999 -9999 -9999 -9999 -9999
-9999 -9999 -9999 -9999 -9999 -9999 -9999 -9999 -9999 -9999 -9999 -9999 -9999 -9999 -9999 -9999 -9999 -9999 -9999 -9999 -9999 -9999 -9999 -9999 -9999 -9999 -9999 -9999 -9999 -9999 -9999 -9999 -9999 -9999 -9999 -9999 -9999 -9999 -9999 -9999 -9999 -9999 -9999 -9999 -9999 -9999 -9999 -9999 -9999 -9999 -9999 -9999 -9999 -9999 -9999 -9999 -9999 -9999 -9999 -9999 -9999 -9999 -9999 -9999 -9999 -9999 -9999 -9999 -9999 -9999 -9999
-9999 -9999 -9999 -9999 -9999 -9999 -9999 -9999 -9999 -9999 -9999 -9999 -9999 -9999 -9999 -9999 -9999 -9999 -9999 -9999 -9999 -9999 -9999 -9999 -9999 -9999 -9999 -9999 -9999 -9999 -9999 -9999 -9999 -9999 -9999 -9999 -9999 -9999 -9999 -9999 -9999 -9999 -9999 -9999 -9999 -9999 -9999 -9999 -9999 -9999 -9999 -9999 -9999 -9999 -9999 -9999 -9999 -9999 -9999 -9999 -9999 -9999 -9999 -9999 -9999 -9999 -9999 -9999 -9999 -9999 -9999
-9999 -9999 -9999 -9999 -9999 -9999 -9999 -9999 -9999 -9999 -9999 -9999 -9999 -9999 -9999 -9999 -9999 -9999 -9999 -9999 -9999 -9999 -9999 -9999 -9999 -9999 -9999 -9999 -9999 -9999 -9999 -9999 -9999 -9999 -9999 -9999 -9999 -9999 -9999 -9999 -9999 -9999 -9999 -9999 -9999 -9999 -9999 -9999 -9999 -9999 -9999 -9999 -9999 -9999 -9999 -9999 -9999 -9999 -9999 -9999 -9999 -9999 -9999 -9999 -9999 -9999 -9999 -9999 -9999 -9999 -9999
-9999 -9999 -9999 -9999 -9999 -9999 -9999 -9999 -9999 -9999 -9999 -9999 -9999 -9999 -9999 -9999 -9999 -9999 -9999 -9999 -9999 -9999 -9999 -9999 -9999 -9999 -9999 -9999 -9999 -9999 -9999 -9999 -9999 -9999 -9999 -9999 -9999 -9999 -9999 -9999 -9999 -9999 -9999 -9999 -9999 -9999 -9999 -9999 -9999 -9999 -9999 -9999 -9999 -9999 -9999 -9999 -9999 -9999 -9999 -9999 -9999 -9999 -9999 -9999 -9999 -9999 -9999 -9999 -9999 -9999 -9999
-9999 -9999 -9999 -9999 -9999 -9999 -9999 -9999 -9999 -9999 -9999 -9999 -9999 -9999 -9999 -9999 -9999 -9999 -9999 -9999 -9999 -9999 -9999 -9999 -9999 -9999 -9999 -9999 -9999 -9999 -9999 -9999 -9999 -9999 -9999 -9999 -9999 -9999 -9999 -9999 -9999 -9999 -9999 -9999 -9999 -9999 -9999 -9999 -9999 -9999 -9999 -9999 -9999 -9999 -9999 -9999 -9999 -9999 -9999 -9999 -9999 -9999 -9999 -9999 -9999 -9999 -9999 -9999 -9999 -9999 -9999
-9999 -9999 -9999 -9999 -9999 -9999 -9999 -9999 -9999 -9999 -9999 -9999 -9999 -9999 -9999 -9999 -9999 -9999 -9999 -9999 -9999 -9999 -9999 -9999 -9999 -9999 -9999 -9999 -9999 -9999 -9999 -9999 -9999 -9999 -9999 -9999 -9999 -9999 -9999 -9999 -9999 -9999 -9999 -9999 -9999 -9999 -9999 -9999 -9999 -9999 -9999 -9999 -9999 -9999 -9999 -9999 -9999 -9999 -9999 -9999 -9999 -9999 -9999 -9999 -9999 -9999 -9999 -9999 -9999 -9999 -9999
-9999 -9999 -9999 -9999 -9999 -9999 -9999 -9999 -9999 -9999 -9999 -9999 -9999 -9999 -9999 -9999 -9999 -9999 -9999 -9999 -9999 -9999 -9999 -9999 -9999 -9999 -9999 -9999 -9999 -9999 -9999 -9999 -9999 -9999 -9999 -9999 -9999 -9999 -9999 -9999 -9999 -9999 -9999 -9999 -9999 -9999 -9999 -9999 -9999 -9999 -9999 -9999 -9999 -9999 -9999 -9999 -9999 -9999 -9999 -9999 -9999 -9999 -9999 -9999 -9999 -9999 -9999 -9999 -9999 -9999 -9999
-9999 -9999 -9999 -9999 -9999 -9999 68.54570 -9999 -9999 -9999 -9999 -9999 -9999 -9999 -9999 -9999 -9999 -9999 -9999 -9999 -9999 -9999 -9999 -9999 -9999 -9999 -9999 -9999 -9999 -9999 -9999 -9999 -9999 -9999 -9999 -9999 -9999 -9999 -9999 -9999 -9999 -9999 -9999 -9999 -9999 -9999 -9999 -9999 -9999 -9999 -9999 -9999 -9999 -9999 -9999 -9999 -9999 -9999 -9999 -9999 -9999 -9999 -9999 -9999 -9999 -9999 -9999 -9999 -9999 -9999 -9999
-9999 -9999 71.26150 68.55930 68.72520 68.27190 68.38520 67.98360 67.85310 67.47290 68.01540 67.69330 68.35550 68.46670 68.56170 68.68150 68.62740 68.74640 68.62540 68.43380 68.26100 68.30870 -9999 -9999 -9999 -9999 -9999 -9999 -9999 -9999 -9999 -9999 -9999 -9999 -9999 -9999 -9999 -9999 -9999 -9999 -9999 -9999 -9999 -9999 -9999 -9999 -9999 -9999 -9999 -9999 -9999 -9999 -9999 -9999 -9999 -9999 -9999 -9999 -9999 -9999 -9999 -9999 -9999 -9999 -9999 -9999 -9999 -9999 -9999 -9999 -9999
-9999 -9999 -9999 -9999 68.74210 68.36120 68.02210 68.03050 68.21270 67.82950 67.83990 67.89970 68.28010 68.04920 68.25220 68.03020 67.91690 68.06100 67.82500 68.30980 68.29820 68.06820 -9999 -9999 -9999 -9999 -9999 -9999 -9999 -9999 -9999 -9999 -9999 -9999 -9999 -9999 -9999 -9999 -9999 -9999 -9999 -9999 -9999 -9999 -9999 -9999 -9999 -9999 -9999 -9999 -9999 -9999 -9999 -9999 -9999 -9999 -9999 -9999 -9999 -9999 -9999 -9999 -9999 -9999 -9999 -9999 -9999 -9999 -9999 -9999 -9999
69.44310 69.34850 68.92920 68.92480 68.27340 68.24200 67.92790 67.89980 68.07030 67.75020 67.67570 67.36660 68.03770 67.74930 67.92780 67.72920 67.70630 67.87700 68.10150 67.92510 68.29200 68.11120 68.03670 68.14440 68.11570 68.29270 68.15750 67.98730 -9999 -9999 -9999 -9999 -9999 -9999 -9999 -9999 -9999 -9999 -9999 -9999 -9999 -9999 -9999 -9999 -9999 -9999 -9999 -9999 -9999 -9999 -9999 -9999 -9999 -9999 -9999 -9999 -9999 -9999 -9999 -9999 -9999 -9999 -9999 -9999 -9999 -9999 -9999 -9999 -9999 -9999 -9999
69.79430 68.99430 68.99340 68.58090 68.36970 68.35990 67.89880 67.88100 67.95630 67.58500 67.24010 67.32060 67.75400 67.44060 67.65850 67.69300 67.58330 67.74930 67.92300 67.88440 68.31630 67.66320 67.93590 67.78920 68.05500 67.86580 67.75910 67.92110 67.92590 68.10010 67.93200 67.79910 68.03030 67.75190 67.44940 67.19470 67.43950 67.20500 67.18310 67.25670 66.82080 66.91190 66.78930 -9999 -9999 -9999 -9999 -9999 -9999 -9999 -9999 -9999 -9999 -9999 -9999 -9999 -9999 -9999 -9999 -9999 -9999 -9999 -9999 -9999 -9999 -9999 -9999 -9999 -9999 -9999 -9999
69.13910 68.62470 68.27360 67.78880 67.66190 67.28870 67.67130 67.64950 67.31600 66.99530 67.07510 67.14820 67.62080 67.72420 67.50620 67.97050 67.43850 67.21650 67.34710 67.65970 67.66440 67.34440 67.29100 67.14560 67.48440 67.35950 67.65280 67.80490 67.77910 67.53500 67.88610 67.77900 67.97880 67.38250 67.44740 67.55740 67.41880 67.17310 67.15280 66.90950 66.77950 66.84460 66.67580 66.49980 -9999 -9999 -9999 -9999 -9999 -9999 -9999 -9999 -9999 -9999 -9999 -9999 -9999 -9999 -9999 -9999 -9999 -9999 -9999 -9999 -9999 -9999 -9999 -9999 -9999 -9999 -9999
66.75520 65.91200 66.50500 65.05060 66.38410 66.43650 65.89860 66.32690 65.87780 66.41980 66.17100 66.29200 67.08940 67.24710 67.38350 67.46530 67.43760 67.21390 67.28090 67.24890 67.26210 67.08410 66.67200 66.82930 67.07950 66.43180 66.85400 67.10710 67.22750 66.93280 67.19590 67.08040 66.84430 66.90240 67.00590 66.73840 66.45450 66.55700 66.73420 66.45160 66.28570 66.35220 66.32880 66.49010 -9999 -9999 -9999 -9999 -9999 -9999 -9999 -9999 -9999 -9999 -9999 -9999 -9999 -9999 -9999 65.62580 66.12430 -9999 -9999 -9999 -9999 65.70830 65.14210 64.99980 65.15280 66.40290 66.68760
66.29330 65.84360 65.89960 65.31130 66.24620 66.38150 66.19090 65.68080 65.29160 65.26620 66.08800 66.21480 67.07570 66.81810 66.98460 67.22520 67.20730 67.36280 66.95770 67.53480 67.30830 66.75900 67.06690 67.40060 67.29820 67.12230 67.07180 67.21710 67.30850 67.47800 67.28680 67.09890 66.83830 66.93830 66.68040 66.81420 66.54710 66.30100 66.45830 66.22120 66.31950 66.40380 66.64580 66.42530 66.93270 67.04930 66.77290 66.50780 65.62870 64.99230 65.40820 64.99680 64.90110 65.09750 64.84030 64.88560 65.54050 65.62190 65.53140 65.56460 66.14040 -9999 -9999 -9999 -9999 -9999 65.99670 65.55610 65.23770 65.49900 65.36870
64.72010 65.84210 65.39630 64.30260 64.91470 66.29470 66.03050 66.11180 66.51380 67.05310 67.17990 66.89490 67.18800 67.24240 67.33410 67.14310 67.29880 67.42490 67.39710 67.46710 67.20100 67.08380 67.10350 67.28570 67.15620 67.00910 66.99900 67.18760 67.29800 67.11250 67.26210 67.05910 67.17810 66.54510 66.68090 66.44410 66.44490 66.51900 66.36430 66.40420 66.45120 66.54840 66.44800 66.53300 66.99900 66.83950 66.89310 66.62040 65.78030 65.39280 65.43800 65.56770 65.26010 64.11810 63.45070 64.45030 63.88400 63.53490 63.97890 64.47060 64.89810 64.53220 65.49170 65.95280 65.96690 65.95100 65.88050 66.18840 65.66690 65.57290 64.98020
64.33380 61.65120 66.06000 63.99450 63.41420 64.49580 65.06400 65.13210 67.15190 67.27220 67.03060 67.12900 67.08420 67.55210 67.31820 67.42490 67.56340 67.66790 67.22530 66.82530 66.64910 66.66460 66.95950 66.85540 67.10450 67.28590 66.96130 67.14140 67.31510 67.15530 66.93320 67.04230 66.79270 66.88550 66.64070 66.75560 66.37960 66.47560 66.29540 66.38160 66.42930 66.18000 66.44340 66.56680 67.04740 66.82570 66.87650 66.64380 66.62000 66.29970 65.49290 65.65620 65.41320 65.47470 64.53640 64.03140 63.48470 63.60850 63.61710 63.21900 63.54790 62.76360 63.77660 65.01980 65.52580 65.61820 65.63300 65.91080 65.31610 65.17390 64.41480
63.28640 61.79600 64.01280 66.35370 65.11480 66.16450 66.33150 65.31820 65.76590 66.34560 66.43890 66.62020 66.85090 67.32760 67.12490 67.57890 67.49670 67.59190 67.26090 65.87160 65.81490 66.07210 66.32310 66.71600 66.91620 66.78920 67.12820 66.96180 66.80880 66.68070 66.52390 66.61920 66.89060 66.65300 66.83150 66.23200 66.64690 66.32580 66.36160 66.06220 66.38050 66.54010 65.92810 65.63280 65.38410 65.98240 66.29810 66.45290 66.26240 65.85870 65.03730 65.04330 65.74580 65.48010 65.48690 65.26330 65.13950 63.92300 63.59310 63.52270 61.57550 61.15260 60.53340 61.87060 62.33000 62.76150 63.07860 63.13930 63.04640 63.31010 63.72130
64.03640 62.47810 62.55410 62.16520 64.02590 66.07960 65.79660 64.80350 64.22650 65.31200 63.24450 63.88890 64.76750 66.00840 66.66660 67.14880 67.47570 67.18490 67.21410 66.39290 65.71370 66.31250 66.22120 66.53420 66.73490 66.96050 66.86900 66.78100 66.64840 66.83660 66.71940 66.08760 66.17780 66.10090 65.94890 65.50640 65.84830 65.92200 65.36860 65.04730 65.66590 65.87610 66.14770 66.22180 64.68300 64.80740 65.19700 65.65200 66.01140 65.28800 64.69680 64.51610 65.14060 65.29170 64.49660 64.03910 63.92570 62.72740 63.69590 63.85330 62.08940 62.11640 61.83680 61.43190 60.92490 61.80610 61.41980 62.28610 62.86080 63.03800 63.84210
64.48580 63.43880 62.87070 61.51620 61.12380 63.48960 65.02720 65.17290 64.92600 65.49220 64.37390 61.99560 61.22380 60.42910 63.17940 64.87940 66.09910 67.50950 67.29850 67.38290 67.29180 66.98850 67.11440 67.06860 67.18370 66.72600 66.55090 66.76800 66.65340 66.07820 66.28000 65.97860 65.90090 65.70870 66.33000 65.31960 65.67300 65.34070 65.73250 65.89050 65.88330 65.95720 66.32490 66.46070 65.43880 65.65480 65.56510 65.68590 65.91630 66.38510 66.08640 65.78160 66.24410 65.90390 65.58210 65.21980 64.27030 63.50880 63.76570 62.54320 61.37560 61.77830 62.34820 62.52810 62.62690 62.91360 62.44930 62.42020 63.21400 63.93660 64.67480
62.21790 62.22750 61.15180 60.70800 60.96030 61.01560 61.10940 61.75580 62.95800 64.21830 65.25990 64.68120 63.54010 62.63760 61.72950 61.85790 62.51580 63.29240 64.91800 65.89140 66.84050 66.62190 66.73670 66.93950 66.79630 67.01390 66.54450 66.70630 66.13360 65.53590 65.91050 64.60260 64.54960 64.39230 64.98530 64.80180 65.27580 65.06600 65.44530 65.15680 65.92050 65.75620 66.43930 66.05500 65.19090 64.87670 65.08910 65.25720 65.44360 65.31330 64.49240 64.85100 64.64870 64.65310 64.41920 64.49200 63.53740 64.04580 64.24170 63.01020 62.22740 62.27080 62.57070 62.92030 62.82070 62.77880 62.15780 62.94080 63.76150 64.46800 65.58670
63.82140 62.31450 61.67360 61.76240 60.89670 60.80730 60.91460 61.53080 61.44160 62.95480 63.03270 63.11360 63.16060 64.25730 63.92960 64.36810 62.86630 61.95880 61.58180 62.61670 63.84540 64.44580 65.61850 66.29470 66.97930 66.86290 66.71980 66.03230 65.22750 65.13260 65.41490 65.18370 64.67580 64.92700 64.33230 65.53770 66.29100 65.66490 65.06580 65.59040 66.37020 66.90130 66.74760 66.44170 65.36140 65.33170 65.34900 66.17350 66.05590 65.33460 64.55050 65.02000 63.30980 62.20780 63.02440 62.33260 63.07810 62.53300 63.30970 63.48730 63.29030 63.44680 62.94290 62.93540 62.43880 62.94130 63.59310 64.30700 65.68330 66.05550 66.69080
64.17540 63.72820 63.64080 63.66380 62.17600 60.73510 60.72240 60.29530 60.18880 61.68680 63.57880 60.24600 61.16330 62.38920 61.25510 60.36080 60.28130 65.13380 63.07090 60.69360 61.86390 62.57220 63.74310 66.44110 67.01740 66.90660 67.08300 66.11170 65.28820 65.19920 64.67730 64.86570 65.25420 65.09070 66.27830 66.01630 65.95250 66.14280 65.92540 65.63720 64.79450 65.73900 66.38490 65.77260 67.09270 66.83660 67.01880 66.35080 65.72970 65.45770 64.97180 65.51570 63.91880 63.65170 63.21590 62.92770 63.43750 62.82550 63.92350 64.02360 64.37660 64.12260 63.43440 62.94900 63.31190 64.05780 64.22810 64.96310 66.31420 66.62380 67.11090
64.36340 64.45740 64.45370 64.08710 63.29350 63.19710 62.69310 62.11000 61.60290 61.18140 61.57420 61.58550 61.91930 62.72720 61.65640 61.72850 60.06460 61.33470 63.36470 64.43700 64.08230 64.14430 64.42140 64.92620 66.08180 66.89750 66.80890 66.22200 65.90110 65.81890 65.29030 65.49370 65.99970 65.72340 65.94820 65.79200 66.22210 66.66000 66.14400 65.79320 64.94510 65.04610 65.22000 65.33930 67.16230 67.33590 66.75090 66.39570 66.31590 65.59060 65.14340 65.78900 64.90640 64.03980 64.33500 64.82030 64.61170 64.80230 63.95780 64.50640 64.28330 64.13280 63.83100 64.01930 64.04270 64.02680 64.26930 64.55470 65.40140 66.23440 67.13840
64.13520 64.14200 63.33940 63.39420 63.63360 64.15770 63.63920 63.57270 62.97170 62.58810 61.43260 60.91600 61.83940 63.14520 64.00850 63.56820 62.57960 63.02760 61.76210 62.85070 64.41340 65.59640 66.18070 65.75970 64.94080 65.50810 66.40890 65.82950 65.52250 64.84260 65.31930 65.45640 66.48000 66.50690 65.68010 65.30050 66.09330 65.26970 65.72400 64.54850 63.99610 64.64610 65.19990 64.13240 65.14760 66.49090 66.72690 66.49520 66.82750 66.54190 66.30960 67.08260 66.22900 66.02070 66.49290 66.23950 65.95570 65.60340 65.38640 64.62160 64.84080 64.81700 64.26160 64.28250 64.37430 64.40210 64.67830 64.98260 66.22350 66.16540 66.76210
64.03770 63.14110 62.93280 62.96360 63.65890 64.15480 64.26680 64.25900 63.08060 61.55490 61.40970 61.45140 60.73370 62.04630 64.05030 64.68480 64.06960 63.63780 63.16790 63.38490 64.43200 64.96570 65.14890 65.73010 65.85550 65.98740 65.36640 65.30160 65.70980 64.64900 65.85120 65.23210 66.04050 64.45660 64.29830 65.40090 64.53370 63.74300 64.05770 64.30960 63.53290 63.50900 63.37780 63.96230 65.44250 65.95190 66.60690 66.38360 67.02980 67.03280 67.08640 66.88390 66.97320 66.75690 67.22040 67.38770 67.36930 67.91360 68.16480 68.21620 67.81810 67.12910 66.55240 66.25570 66.12750 66.16000 66.15910 66.75430 65.92590 65.86590 66.58260
65.30180 64.76700 63.09570 62.71420 63.24800 64.49000 64.51830 65.15110 63.43400 62.94090 63.26700 63.49930 63.31560 62.84100 63.88700 64.87240 64.50030 65.54670 65.59630 66.51840 64.34020 65.87870 66.82890 66.95840 66.74860 65.78530 64.53850 64.88590 65.33570 65.23070 64.55410 65.27500 65.61860 64.47940 64.25480 65.03340 64.85020 64.21910 63.58740 63.76490 63.62450 63.34650 63.89460 64.00630 65.86310 65.63570 67.14400 67.18700 67.34790 67.51260 67.65070 67.72560 68.17550 68.44680 68.25560 69.06130 69.00220 69.05870 69.03820 68.75300 68.31330 67.58910 67.35150 66.64210 65.62140 65.98860 65.95500 66.02530 66.28950 67.40150 67.74070
65.04170 65.14980 63.87380 62.97390 63.16370 62.68720 63.37020 64.96700 63.37370 63.04690 63.86660 63.58270 64.45980 64.94340 63.91650 65.43720 66.50500 67.46350 67.47540 67.63810 68.08060 66.83130 67.32760 68.30030 68.58720 68.64950 67.35840 66.66460 67.10500 66.30270 66.28800 66.08550 65.89840 65.24240 64.62020 64.36920 65.07800 63.99900 63.27290 62.97460 64.13260 64.30450 63.96630 65.34790 66.87570 67.74640 68.57120 69.10650 69.53670 70.04160 70.00720 70.44780 70.35150 70.07490 69.86190 69.96320 70.12220 70.19300 69.74040 69.42790 68.89360 68.28240 67.54180 65.96870 65.13390 65.49080 65.52810 66.24700 67.04610 67.46410 67.82390
66.72040 65.87250 64.57730 64.76660 63.96500 63.92850 62.12810 63.57680 63.08890 62.62240 62.53750 63.21810 64.51700 64.50060 65.02040 66.50380 66.54330 67.49160 68.56500 69.09020 68.73750 68.29060 67.13770 68.96290 70.06230 69.67240 67.65310 67.62300 67.10770 65.92970 66.79530 66.94080 66.04880 65.39470 64.75140 64.96130 64.82550 64.69810 64.28890 64.06730 64.77190 66.16140 65.77030 66.45400 68.71070 69.15670 69.39200 69.51870 69.54220 70.10720 -9999 -9999 70.82520 71.24870 71.21420 71.17270 70.93890 70.97890 70.46450 69.76020 68.95530 67.78560 66.72630 65.52700 66.13740 65.37220 65.02740 65.33820 67.08030 67.88840 68.59820
65.15190 66.21240 65.71710 65.26290 65.07280 65.59750 64.23100 65.46360 64.90960 64.08150 64.02450 65.18030 65.12310 65.64670 67.10890 68.12090 67.88630 69.00780 69.99550 69.59740 69.61000 70.22250 70.31650 69.95290 69.16470 70.06840 69.51040 69.24010 68.71000 68.12830 67.45830 68.49150 67.67840 66.94630 66.41130 66.18310 66.22740 67.37150 68.58110 -9999 -9999 -9999 -9999 69.59970 -9999 68.40660 67.46650 68.79850 68.98930 70.35810 -9999 -9999 70.48990 70.95610 71.40960 71.45450 71.32870 70.94900 70.00990 68.96380 68.06330 67.29050 66.91700 66.19940 66.93430 64.77300 64.42060 64.91260 67.22600 67.98460 68.44660
66.41950 66.40580 66.38200 65.56770 66.22800 67.23650 65.87800 66.47680 67.86260 67.44140 67.47380 67.93840 67.02150 67.08920 68.02710 69.93060 69.34820 69.08840 69.51790 70.39550 69.23970 70.65320 70.73270 71.20750 71.35780 71.45150 70.86480 69.71890 69.67190 69.44260 68.46680 67.82240 67.45670 67.26800 66.31100 67.32540 68.21500 -9999 -9999 -9999 -9999 -9999 -9999 -9999 69.23430 68.96320 69.24630 -9999 -9999 -9999 -9999 -9999 71.68050 71.72630 70.94710 71.42370 70.81240 70.87540 70.51410 69.70810 69.66500 69.28800 68.59020 67.83680 68.27580 68.30990 67.82750 66.58530 68.11410 69.45530 -9999
