data/hydroclimate-scenarios/BCSD_hadcm_B1/monthly_summaries/rh_monthly_avg_mar.2070-2099.asc
ncols	311
nrows	91
xllcenter	102.75
yllcenter	31.75
cellsize	0.5
NODATA_value	-9999
[rows 32 to 63 of 91, columns 0 to 70 of 311]
-9999 -9999 -9999 -9999 -9999 -9999 -9999 -9999 -9999 -9999 -9999 38.20500 38.73920 39.53450 39.98360 40.62920 41.14510 41.02150 41.72440 42.10650 42.10900 42.41310 42.60610 42.56250 42.40150 42.27830 41.75360 41.26910 40.70820 40.74000 40.59400 40.69430 41.51970 42.55210 43.60010 45.88940 46.96410 47.54450 47.73870 48.37530 48.52890 49.44320 50.01790 49.16970 49.20810 48.45720 48.73790 48.40610 47.99590 47.28370 46.60990 45.85720 45.15260 44.27260 43.12280 42.28530 41.38180 41.20330 40.16420 39.61460 39.06700 38.22320 38.07370 37.70290 37.90870 38.89560 39.03960 38.67190 39.06320 38.76800 39.35400
-9999 -9999 -9999 -9999 -9999 -9999 -9999 -9999 -9999 -9999 -9999 38.52600 38.72490 39.51420 40.13190 40.49030 40.96460 41.28240 41.88860 42.12160 42.39770 42.47250 42.68740 42.91730 42.43260 41.66960 41.19230 40.15960 40.22500 40.60700 40.31800 40.34830 40.85150 41.82950 43.15450 45.39260 46.54670 47.11280 47.18810 47.81460 48.62630 49.38560 49.79500 50.04640 50.40450 49.87190 49.91470 49.23740 48.69790 48.07370 47.26200 46.50390 45.84620 44.75330 43.93840 42.89090 42.33840 41.60320 40.97940 40.06670 39.79360 38.83440 39.01470 38.48870 38.91110 39.68700 40.24150 40.11120 40.42750 40.57650 41.17650
-9999 -9999 -9999 -9999 -9999 -9999 -9999 -9999 -9999 -9999 -9999 -9999 38.96560 39.23960 39.57890 40.34350 40.67400 41.18690 41.70120 42.22870 42.47780 42.57110 42.44700 41.92410 41.56950 40.43130 39.73260 39.13390 39.15490 39.41650 39.29000 40.00140 40.60910 41.03620 41.99370 43.14420 44.45440 45.50900 45.96940 46.86880 47.82840 49.06840 49.85980 50.17980 50.94350 51.06520 50.70660 50.58000 49.95240 48.80850 47.74700 46.87630 45.82620 44.83510 43.84740 43.43430 42.59880 42.07070 41.35610 40.93710 40.30970 40.21140 39.96180 39.43660 40.07430 40.86770 41.74200 41.56610 41.52690 42.46000 43.52180
-9999 -9999 -9999 -9999 -9999 -9999 -9999 -9999 -9999 -9999 -9999 -9999 38.59240 39.21140 39.83720 40.08010 40.81180 41.07400 41.66710 42.16500 42.36700 42.07090 41.88160 41.19050 40.23010 40.02180 38.91240 37.82080 37.76220 37.48030 37.64200 37.69190 38.68240 39.25850 40.39290 41.23720 42.54300 44.27930 45.15860 46.10320 47.51020 48.86190 49.51610 50.74210 52.19430 52.71310 52.51340 51.78520 50.33990 49.22540 47.99850 46.59530 45.88310 44.58490 43.93470 43.53780 42.82530 42.48480 41.86260 41.42110 40.96920 40.33740 40.34240 40.15760 40.33760 41.39830 42.41680 42.84570 43.58170 44.68790 44.95950
-9999 -9999 -9999 -9999 -9999 -9999 -9999 -9999 -9999 -9999 -9999 -9999 38.65520 39.12960 39.46820 39.84020 40.52170 40.64080 40.96610 41.72010 42.30520 41.79970 41.62850 40.46620 39.42620 38.48530 37.67270 37.13790 36.53970 36.55330 35.95340 36.45120 37.03490 37.35350 38.47630 39.86460 40.40050 42.26220 43.33700 44.83040 45.90250 47.69830 49.16590 51.58740 53.16730 54.51520 53.58030 52.25090 50.73100 49.51230 48.10230 46.80110 45.72860 44.66610 44.06040 43.73220 43.16200 42.42310 41.71060 41.38750 41.17240 40.75000 40.96980 41.01440 41.56880 42.35110 43.41460 44.42360 45.32540 46.60970 47.73900
-9999 -9999 -9999 36.72310 36.54590 36.32330 36.82400 37.09270 37.15820 -9999 37.79560 38.47640 39.14880 39.15410 39.63400 39.30240 39.76880 40.01970 40.18180 40.51550 41.48580 41.61900 40.92120 40.28660 39.27290 37.95520 37.02140 36.00780 34.77230 33.16760 34.00500 34.40970 34.51820 33.69320 35.66110 37.42030 37.95610 39.80960 40.93610 42.86610 44.46960 46.61380 48.52480 50.67010 52.15470 53.20330 52.35730 51.66040 50.38510 48.71690 47.27070 46.02640 44.65530 43.61150 42.80390 41.95730 41.24530 41.56920 40.87310 40.84270 41.04000 41.45490 41.35630 41.65190 42.80720 43.81180 44.94270 45.86400 47.00510 48.45740 49.64980
-9999 -9999 -9999 36.51780 36.23400 36.17130 36.60470 36.96800 37.51030 38.06220 38.80620 39.19300 39.14490 39.11420 39.05890 38.66910 38.61280 38.23790 38.35400 38.75540 39.59620 39.50730 40.18800 40.11430 38.73920 37.64790 35.87970 34.41630 32.74710 31.35170 31.51110 30.25560 31.42120 31.74270 33.11930 34.52200 34.69900 36.50520 39.03050 40.16270 42.29110 44.79400 46.91550 48.94020 50.42650 50.98980 50.75750 50.63780 48.91300 47.74200 46.59060 45.00100 44.13990 42.92500 42.75410 41.80610 41.68700 41.26950 40.43190 40.55510 40.47180 41.26900 41.54940 42.24460 43.50820 44.87790 46.04860 47.52430 49.09660 50.13630 51.04190
-9999 -9999 -9999 36.04150 35.39810 35.75420 36.43610 37.02500 37.08140 37.84980 38.26160 38.73650 38.72970 38.44980 37.96200 37.87580 37.88030 37.54900 37.70510 37.81470 37.95430 37.31210 37.66140 37.45860 36.13720 34.88510 33.83880 32.81180 31.64230 29.39560 27.98440 27.30240 28.41070 29.31730 30.16120 31.54630 33.01170 34.31050 36.46100 37.93680 39.77840 42.37940 44.82200 47.39400 49.46870 49.97300 50.02150 48.71340 47.72810 45.92050 44.64550 44.55720 43.34990 42.29320 41.52700 40.86550 41.01810 40.94360 40.45170 40.15470 40.83210 41.37120 42.11280 42.70550 44.15470 45.57080 47.12230 48.41510 49.65550 50.78000 52.09320
-9999 -9999 -9999 35.65760 35.74850 36.39510 37.41160 37.65920 37.25620 37.64030 38.13180 38.40120 37.93550 37.53600 37.75610 37.51380 36.80560 36.23200 35.90040 35.93390 35.10170 34.22980 33.53740 33.81390 33.04750 32.32450 31.56750 29.93830 27.98450 27.34280 26.98660 26.05950 26.13310 26.81850 28.11220 29.69170 31.32670 32.82010 33.47820 35.46690 37.20370 38.87420 41.09920 43.29390 46.09060 47.33640 46.89800 46.85780 45.31260 45.07830 43.66710 43.06060 41.95610 40.25440 40.26520 39.91340 39.84170 39.56660 39.53680 39.88170 39.82770 41.11240 42.28990 43.24210 44.46190 46.14560 47.85450 48.82190 50.24130 52.04640 55.48340
-9999 -9999 -9999 34.93890 34.78470 35.49940 35.53930 36.30280 36.64910 37.39340 38.03260 37.77610 37.61790 37.17490 36.86220 36.58570 35.72480 34.96140 35.11110 34.88640 33.50360 31.97280 31.06980 31.95820 31.73240 30.87070 30.10620 28.65110 27.51770 26.29750 25.55770 25.18050 25.23210 25.87070 26.81060 27.63860 28.65460 29.73970 31.58170 33.21930 34.53680 35.96560 37.91420 39.25320 41.39000 42.99680 43.81500 43.55910 42.98370 42.77080 41.66690 40.83850 40.04240 38.87400 39.15710 38.55740 38.23500 38.71220 38.71400 38.80680 39.71610 40.73350 41.48120 43.32710 44.43560 46.69620 48.16510 49.24880 50.84340 54.07680 57.74480
-9999 -9999 -9999 -9999 34.49650 34.50260 34.90200 35.36710 36.17600 36.94670 37.64320 38.21760 37.32300 37.93980 -9999 -9999 -9999 -9999 -9999 31.40050 29.88860 28.51520 28.39480 27.61030 27.48240 27.59680 27.69310 26.87120 25.48220 25.17230 24.90770 24.70020 24.83350 25.29970 26.48160 27.25970 27.28340 28.76240 28.84740 30.98080 32.30690 33.47860 34.52430 35.27300 36.97610 37.78830 38.54540 39.25890 39.14070 38.71510 38.74860 37.93920 37.40140 37.10600 36.83170 36.03660 35.91170 36.91310 37.44850 38.47450 38.51010 39.27740 40.86760 42.30590 43.94520 45.60640 47.97520 51.03330 53.35150 -9999 -9999
-9999 -9999 35.38630 35.06890 33.89660 33.76960 34.32970 35.32030 35.46750 36.67780 37.10620 38.05170 37.40580 -9999 -9999 -9999 -9999 -9999 30.40910 28.98350 27.52510 26.23230 26.08360 26.15340 25.86490 25.68770 25.99000 25.74470 25.20580 24.82220 24.53200 24.50660 24.54450 25.01230 25.52790 26.03030 26.14020 26.57070 26.64040 28.56270 29.92070 30.21110 31.12270 31.90650 33.18710 33.83730 35.02130 35.91550 36.36200 36.87660 36.12540 35.84910 36.15810 36.70800 35.44370 35.56480 35.41220 36.20930 36.66700 37.84870 38.15610 39.43120 41.32970 42.26580 44.24460 46.40770 48.62590 -9999 -9999 -9999 -9999
-9999 -9999 35.90750 35.34760 34.12230 33.65470 34.14770 34.87990 35.31070 36.49900 37.56920 38.37720 38.82710 -9999 -9999 -9999 -9999 32.83780 29.36060 27.91540 26.16310 24.89120 25.17120 24.88490 25.00750 25.31400 25.03460 25.15600 24.99600 24.80260 24.56510 24.18820 24.32430 24.29670 24.78860 24.91750 25.70380 25.11760 25.36270 25.69380 26.19090 27.13320 28.15900 29.51000 30.51820 32.34940 33.45100 33.34470 33.71840 34.62820 34.72380 34.93750 35.07660 34.94750 34.42420 35.66730 35.52170 34.95220 36.09140 36.44610 37.77970 38.75410 40.57070 42.81220 44.91420 -9999 -9999 -9999 -9999 -9999 56.44280
-9999 -9999 37.13280 36.35380 35.34480 34.53210 34.58110 35.76190 36.30180 37.23210 37.68610 38.76850 37.16380 -9999 -9999 -9999 -9999 30.34120 28.87620 26.48330 25.33140 24.66560 24.75940 24.47650 24.61680 24.56850 24.70940 24.83920 24.75140 24.91130 24.56370 24.19770 23.92230 23.86180 24.23130 24.07250 24.08460 23.81160 23.31760 23.64570 24.37280 25.87480 26.68620 27.39810 29.25060 30.45370 31.09460 31.44700 31.58170 31.83070 32.38280 33.00870 33.19700 32.74590 33.06820 34.07440 34.79390 34.86960 36.18900 36.89400 38.06910 39.50800 40.96300 41.45890 42.22690 43.82440 46.76800 48.40430 51.01820 -9999 -9999
-9999 -9999 -9999 37.83060 36.17140 35.82450 35.23940 35.99130 37.16530 37.97650 38.71560 38.04860 -9999 -9999 -9999 -9999 32.32240 29.86620 27.73900 26.01200 24.90050 24.15340 24.44580 23.92810 24.02560 24.06970 24.47640 24.74550 24.49920 25.06010 24.46230 23.96960 23.70970 23.61520 23.86310 23.78150 23.37170 23.30030 23.09680 22.55330 23.04440 24.22070 24.96780 26.43650 28.14740 29.71030 30.83330 31.61120 30.73630 30.68170 30.79280 31.42410 31.75940 31.89780 31.81610 31.81620 32.60640 32.76320 34.01620 35.46650 36.53880 37.62840 38.01760 38.28020 39.12630 41.98160 44.59490 46.39510 48.77110 50.15210 -9999
-9999 -9999 -9999 -9999 38.30350 37.37860 36.48010 37.58180 37.70120 38.55210 35.54210 -9999 -9999 -9999 -9999 35.59400 32.98880 30.34070 26.82950 25.41280 24.66200 23.79530 23.89270 23.74590 23.94210 23.93550 24.34540 24.40380 24.74600 25.06840 24.93370 24.40880 24.21370 23.84720 23.87640 23.60730 23.47000 23.41320 22.54890 21.77090 22.32060 23.90490 24.56400 25.51580 27.21450 28.49470 29.52190 29.67570 29.72090 29.95040 30.46980 31.12500 31.11490 31.41240 30.97920 31.61430 33.10210 32.22830 32.73900 34.16240 34.47630 35.02920 35.69340 36.98570 37.87220 40.24530 42.89210 44.60590 45.80840 47.88630 49.72750
-9999 -9999 -9999 -9999 -9999 -9999 38.55670 39.60770 35.93900 35.39750 37.04500 -9999 -9999 -9999 -9999 -9999 33.39220 29.20220 27.07320 25.46700 24.38150 23.61920 23.73350 23.67750 23.93510 23.96960 24.23040 24.64130 24.90000 25.32430 25.35980 24.87300 24.75000 24.05310 24.66650 24.41500 23.60020 22.91440 22.34330 21.53390 21.78740 22.47610 23.44960 24.04300 25.96740 27.23740 28.30670 28.67090 29.48420 29.85900 30.20630 30.69400 30.94810 30.66270 30.08360 30.72030 31.10960 32.10600 32.75460 33.55360 34.24000 33.72330 34.93910 35.74570 37.15250 39.34760 41.75140 42.99090 44.33080 46.45460 48.53530
-9999 -9999 -9999 -9999 -9999 -9999 -9999 -9999 -9999 -9999 -9999 -9999 -9999 -9999 -9999 -9999 -9999 -9999 -9999 24.91200 24.18460 23.39980 23.56160 23.44570 23.89370 24.33910 24.71030 24.86820 25.37530 26.10030 26.10060 26.03850 25.10490 24.46070 24.63720 24.11560 23.77990 22.45240 21.98840 21.65990 21.52240 22.12470 22.89770 23.48630 24.80500 26.80600 27.84170 27.96960 28.83640 29.85120 30.45010 30.99140 31.10840 30.44200 29.62480 30.11190 30.88670 31.87230 32.24260 33.28250 33.22730 33.35790 34.36640 35.62520 36.46990 39.68470 41.06150 42.07950 43.25090 45.50320 48.00140
-9999 -9999 -9999 -9999 -9999 -9999 -9999 -9999 -9999 -9999 -9999 -9999 -9999 -9999 -9999 -9999 -9999 -9999 25.84490 24.31250 23.82080 23.07110 23.47630 23.72640 24.06120 24.07520 24.21440 25.29410 25.57530 25.66180 25.79510 25.40640 25.20600 24.52120 24.36750 24.00560 23.47250 22.71650 21.79700 21.83250 21.88810 21.98690 22.68560 23.22240 24.32670 25.16060 25.87600 26.96050 27.34200 28.95510 29.90150 30.92240 31.36600 30.27840 29.86760 30.95720 31.75230 30.41300 30.49050 31.88820 32.90540 33.00300 33.80370 36.00650 36.69110 39.36590 41.54260 41.88750 44.27790 46.62530 48.91480
-9999 -9999 -9999 -9999 -9999 -9999 -9999 -9999 -9999 -9999 -9999 -9999 -9999 -9999 -9999 -9999 -9999 26.66030 25.39650 24.06000 23.40740 23.14630 23.38110 23.64190 24.10000 24.32430 24.53020 25.41070 25.45750 25.59700 25.82020 25.57100 25.81860 25.16100 25.60850 24.20240 23.52100 22.34180 21.77480 22.00010 21.99090 22.12010 22.68280 23.24320 23.86650 24.84370 26.11970 25.69750 27.75040 29.31100 30.47200 31.58070 31.78150 30.62270 30.43470 31.02620 31.32240 29.68490 30.51340 32.11370 34.04200 33.82270 34.31180 35.91620 38.11710 39.90710 41.91080 43.67720 45.91100 47.75630 49.20750
-9999 -9999 -9999 -9999 -9999 -9999 -9999 -9999 -9999 -9999 -9999 -9999 -9999 -9999 -9999 -9999 -9999 24.60800 23.49300 23.13310 22.88820 23.50490 23.62920 23.57500 24.71930 25.03970 25.28140 25.56190 25.52760 25.87170 26.16160 26.38010 26.07320 26.43680 25.36700 25.14100 24.19600 23.25620 22.36190 22.03920 22.16970 22.23450 22.54670 22.70450 23.48330 24.51770 26.01050 26.02650 26.86270 29.44560 30.43790 31.49330 31.28850 31.85860 32.29970 31.81770 30.41710 31.30170 32.75930 32.85170 33.43450 33.57590 35.77400 36.93610 37.95660 40.75500 42.87610 44.53480 46.49220 47.77690 50.36300
-9999 -9999 -9999 -9999 -9999 -9999 -9999 -9999 -9999 -9999 -9999 -9999 -9999 -9999 -9999 -9999 23.86330 23.09640 22.56150 22.62120 22.82430 23.59560 23.88520 23.91910 24.79270 25.20350 25.65420 26.55070 25.97720 26.50660 26.41630 26.72850 26.81640 27.17890 26.36810 25.56180 24.81480 23.92130 22.96900 22.76060 22.23030 22.37320 22.84950 23.08730 24.06880 24.95600 25.33010 25.35190 26.41300 29.32320 30.64160 31.27400 31.51320 31.71570 32.46090 32.36970 32.11130 31.79130 33.39540 33.58990 34.15300 35.79060 36.90150 37.76340 39.98470 43.02170 45.00610 46.17620 48.59170 49.70080 51.43430
-9999 -9999 -9999 -9999 -9999 -9999 -9999 -9999 -9999 -9999 -9999 -9999 -9999 24.74240 23.99480 23.25530 22.79750 22.77950 22.58800 22.46250 22.83990 23.68030 24.08980 24.66740 24.87190 24.76630 26.25770 26.42280 26.27190 26.63620 26.59540 26.85410 27.27160 26.95870 26.78010 26.75210 25.92440 24.81260 23.81550 23.11570 22.84000 22.21630 22.25180 23.85410 24.83080 24.70910 25.11290 25.61650 26.33960 27.53550 28.34510 29.24570 30.96210 31.81010 33.51530 33.97520 33.65100 33.79040 34.11720 34.82470 35.45780 36.73330 39.31110 40.46400 42.99560 45.93580 48.18060 49.04120 50.15460 52.14610 53.15310
-9999 -9999 -9999 -9999 -9999 -9999 -9999 -9999 -9999 -9999 -9999 -9999 24.33660 23.37000 22.90290 22.35860 22.17240 22.24470 22.48970 22.33260 22.95660 23.51790 24.51920 24.64380 25.18770 24.81780 25.15840 26.58600 26.67940 27.04880 27.12420 26.82870 27.28940 27.36070 27.73820 27.47950 26.91690 25.81110 25.25340 24.03020 23.31580 22.26700 21.96900 23.07740 24.92150 25.51140 25.82910 25.61250 25.54980 25.94820 27.30870 27.99260 28.96670 31.54520 33.30090 35.28400 34.40240 33.60780 34.30460 34.65150 36.21970 38.72910 40.71270 43.22310 46.32990 49.43670 50.79760 51.09880 52.08520 53.26770 54.18400
-9999 -9999 -9999 -9999 -9999 -9999 -9999 -9999 -9999 -9999 -9999 24.12140 23.34840 22.79350 22.22850 21.45420 21.30230 21.54160 21.62150 21.94770 22.62450 23.76510 24.62680 24.58100 24.96470 25.46680 25.73000 26.52150 27.56930 27.05380 27.13960 27.06570 27.10880 27.53490 27.84990 27.76710 27.01530 25.84180 25.78810 25.53650 24.29820 23.32600 22.97400 23.15200 24.17190 25.02090 25.42540 25.93160 26.26880 25.67660 26.18600 27.10300 27.50300 29.36510 30.78350 32.14530 33.49810 33.88550 36.04330 36.14100 38.16870 40.71610 44.27630 46.59130 49.73660 52.11700 52.25680 52.19340 52.03200 52.97830 55.22300
-9999 -9999 -9999 -9999 -9999 -9999 -9999 -9999 -9999 -9999 23.28650 23.60100 22.65630 22.06870 21.50660 20.80420 20.52300 21.02880 21.48250 22.08590 22.77380 23.91750 25.04710 24.77000 25.08380 25.61350 25.87000 27.57030 27.62520 27.31330 27.31500 27.13100 27.25000 27.50740 27.67510 27.65690 26.55190 26.09690 25.78070 25.86970 24.89210 24.17730 23.99690 23.98840 24.26220 24.88860 25.91410 26.11750 26.23330 26.31750 25.99160 25.73990 26.48220 27.76310 30.14000 31.17260 32.76200 34.47420 36.95010 37.34500 39.38010 41.31180 44.99430 47.37050 49.70200 52.50980 53.31200 52.70560 53.16980 54.20360 56.38720
-9999 -9999 -9999 -9999 -9999 -9999 -9999 -9999 -9999 22.85310 22.33470 22.62060 21.98650 21.26710 20.86910 20.21940 19.71180 20.25010 20.81230 22.09910 22.78240 23.79440 24.47190 25.03850 25.62140 25.94400 26.06610 27.04080 27.05290 27.25620 28.35320 27.15200 27.80130 27.99490 27.96300 26.42890 25.81810 25.81510 25.36680 25.12530 24.69290 24.54920 24.57490 24.79450 24.97090 25.25390 26.23440 26.69350 26.94040 26.32510 26.70370 25.68460 26.19650 26.38970 27.41090 30.98370 33.73510 36.26340 36.28730 38.18890 40.07550 42.07260 44.35100 46.82480 48.33220 50.28360 51.35890 51.80160 53.14730 54.16690 56.19460
-9999 -9999 -9999 -9999 -9999 -9999 -9999 -9999 -9999 -9999 21.94520 22.11330 21.61600 21.10630 20.49100 19.88090 19.69410 19.96560 20.76800 22.03320 22.94580 23.90460 24.59170 -9999 -9999 -9999 -9999 -9999 -9999 26.81310 27.14660 25.90100 26.60380 27.01010 27.13810 25.61980 25.36010 25.49830 24.82660 25.26900 24.83930 24.92180 24.91350 25.24260 25.32260 25.42640 26.50190 26.54860 27.14970 26.63760 26.47840 26.83990 26.08110 25.95890 27.76750 30.98970 34.02680 35.97720 36.10320 38.84210 40.73230 42.18240 44.50100 46.14060 47.34900 48.84710 51.02650 51.83070 53.73080 55.51510 57.70810
-9999 -9999 -9999 -9999 -9999 -9999 -9999 -9999 -9999 -9999 -9999 -9999 21.52090 21.34340 20.93850 20.19670 19.33320 20.55600 21.38990 -9999 -9999 -9999 -9999 -9999 -9999 -9999 -9999 -9999 -9999 -9999 -9999 -9999 -9999 25.03400 25.65710 25.33460 25.29060 24.67310 24.77260 24.66620 24.75390 24.99470 24.66610 25.11170 25.00160 25.63580 26.72190 26.93620 26.87240 29.84350 29.31340 26.75180 26.89540 26.45490 27.59750 31.16050 33.39960 34.53600 37.24110 39.42930 40.72800 44.41010 45.40370 45.36910 47.55280 49.44620 50.79210 52.19730 54.14250 57.11850 59.25190
-9999 -9999 -9999 -9999 -9999 -9999 -9999 -9999 -9999 -9999 -9999 -9999 -9999 -9999 -9999 -9999 -9999 -9999 -9999 -9999 -9999 -9999 -9999 -9999 -9999 -9999 -9999 -9999 -9999 -9999 -9999 -9999 -9999 -9999 24.44540 24.38250 24.25660 23.97000 23.89680 24.07750 24.46060 24.62420 24.43910 25.03540 25.26820 25.04250 26.89160 26.99090 27.87510 29.56150 29.46550 28.08820 27.55680 27.54210 28.36690 32.76950 33.21300 34.71570 37.50020 40.75550 43.11140 45.19840 47.04490 47.52770 48.36190 49.28150 50.77470 52.33070 55.06750 57.50250 61.32490
-9999 -9999 -9999 -9999 -9999 -9999 -9999 -9999 -9999 -9999 -9999 -9999 -9999 -9999 -9999 -9999 -9999 -9999 -9999 -9999 -9999 -9999 -9999 -9999 -9999 -9999 -9999 -9999 -9999 -9999 -9999 -9999 -9999 -9999 23.59790 23.60970 24.18740 23.76790 23.72200 24.59430 24.84250 25.36050 25.10430 25.31380 25.36260 26.95850 26.88330 28.60650 30.64150 28.22440 28.79980 28.58710 30.02670 27.24720 28.21650 29.94230 32.70440 36.39830 38.40920 41.54770 43.71930 45.68070 46.89670 48.00890 48.50030 49.22940 50.91520 53.35380 55.98230 59.08080 -9999
-9999 -9999 -9999 -9999 -9999 -9999 -9999 -9999 -9999 -9999 -9999 -9999 -9999 -9999 -9999 -9999 -9999 -9999 -9999 -9999 -9999 -9999 -9999 -9999 -9999 -9999 -9999 -9999 -9999 -9999 -9999 -9999 -9999 -9999 -9999 -9999 -9999 -9999 24.06790 24.71250 24.91710 25.42210 26.69920 26.33150 26.56840 26.93150 28.09360 30.23170 30.00410 29.22340 28.39970 28.33180 28.48180 27.21610 27.43810 29.95920 32.05410 37.45530 40.10580 43.95560 45.99320 46.63480 46.67430 47.60000 48.52640 49.94840 51.90410 54.51950 57.74210 -9999 -9999
