data/hydroclimate-scenarios/BCSD_hadcm_B1/monthly_summaries/rh_monthly_avg_dec.2070-2099.asc
ncols	311
nrows	91
xllcenter	102.75
yllcenter	31.75
cellsize	0.5
NODATA_value	-9999
[rows 32 to 63 of 91, columns 0 to 70 of 311]
-9999 -9999 -9999 -9999 -9999 -9999 -9999 -9999 -9999 -9999 -9999 59.44640 59.81860 60.19120 60.63920 60.65970 61.10990 61.25190 61.68300 62.34280 62.53050 63.03680 64.27790 64.37540 64.58260 64.38650 63.77290 64.95130 64.81630 65.04650 64.77500 64.30900 65.36760 66.31220 66.61640 68.25000 68.54040 68.77830 68.67220 68.61600 68.88970 68.91790 69.24780 69.17270 68.74710 68.53210 68.70650 68.42510 68.18980 68.13300 67.83830 68.50560 68.31180 68.10470 67.94570 67.48240 67.26790 67.12680 67.46150 67.31580 67.61510 67.25090 67.97860 68.43050 69.10080 69.81600 69.64130 69.67390 68.91740 68.55490 69.23560
-9999 -9999 -9999 -9999 -9999 -9999 -9999 -9999 -9999 -9999 -9999 59.55470 59.61780 60.27170 60.35220 60.78220 61.23990 61.67920 62.19630 62.22070 63.06400 63.52990 64.67750 64.44470 64.39190 64.03680 63.46770 64.69570 64.69590 65.00540 65.29900 64.22540 64.96130 65.95360 67.03210 68.29720 68.57880 68.46530 68.34180 67.87000 68.60170 68.15400 68.91780 68.97130 68.57620 68.76530 68.58740 68.21470 67.89210 67.85400 67.61600 68.72760 68.48280 68.33960 68.61460 67.39710 67.24020 66.97190 67.18890 67.49200 67.07910 68.00930 68.14620 68.62610 68.86160 69.52460 69.74190 69.55740 69.28330 68.95940 69.95730
-9999 -9999 -9999 -9999 -9999 -9999 -9999 -9999 -9999 -9999 -9999 -9999 60.93930 61.31710 61.83990 61.85230 62.56390 62.77270 63.26970 63.32720 63.86140 64.52440 65.04560 65.15820 64.82640 63.62320 63.47880 63.29950 64.05090 64.39950 64.50100 65.48700 65.93250 66.63240 67.30050 67.68940 68.23720 68.55030 68.48710 68.78920 68.74650 69.14340 69.44930 69.95110 70.59040 70.15780 70.30150 69.14240 68.76490 68.10660 68.24140 68.72640 68.47750 68.75360 68.24420 68.08840 68.01170 68.18930 68.06060 68.10740 68.42340 69.36540 68.70310 69.19550 69.47090 70.08760 70.66410 70.64860 69.47200 69.30550 71.17520
-9999 -9999 -9999 -9999 -9999 -9999 -9999 -9999 -9999 -9999 -9999 -9999 61.02020 61.49390 61.94310 62.27450 63.09320 63.18070 63.70200 63.67990 64.10060 64.02810 64.27150 64.31610 63.52890 64.10800 63.64570 62.98430 63.47830 63.01310 63.08950 63.71830 65.08490 65.79720 66.59040 66.88480 67.25030 67.60480 68.15050 68.14380 68.48710 68.72250 69.44430 70.53050 70.80770 71.09240 70.85110 69.25140 68.96230 68.17020 67.55540 68.75640 68.24790 68.50030 68.40440 68.29910 67.88140 68.07480 67.98760 67.93360 68.18670 67.70580 67.99330 68.19960 69.22430 69.91300 70.03580 70.13920 70.21960 70.42100 70.83150
-9999 -9999 -9999 -9999 -9999 -9999 -9999 -9999 -9999 -9999 -9999 -9999 61.35760 62.05050 62.41210 62.84730 63.37310 63.59930 63.58350 63.71870 64.02750 64.05960 64.71290 64.80650 64.48550 63.98350 63.55630 64.06180 62.92650 62.83970 62.85930 63.78500 63.80500 64.11580 65.42030 65.90580 66.61890 66.99480 67.57190 67.58210 67.75550 67.88230 69.32270 70.22850 70.78220 71.16850 70.57300 68.84220 68.21000 68.34810 67.72100 68.55940 68.45140 68.29330 68.22230 67.88990 67.79130 67.59250 67.42840 67.29150 66.86550 67.17340 67.30450 68.70930 68.83890 68.99690 69.55680 70.09650 70.08410 71.05230 71.57970
-9999 -9999 -9999 58.69570 58.91610 58.76590 59.12300 59.44930 59.60260 -9999 60.13980 61.39060 61.93340 62.50800 62.86750 62.96380 63.32740 63.75730 63.28900 63.38870 64.45750 64.99110 65.52780 66.02200 65.44600 64.73790 63.98860 62.75980 62.44270 60.25910 61.27280 62.57650 61.90430 61.29100 63.07510 63.90090 64.31250 65.07710 65.84220 66.96430 67.59670 67.70460 68.79840 69.92240 70.54200 70.13720 69.52970 68.52860 68.21570 67.57750 66.56210 67.44280 66.85450 65.87870 66.24920 65.02900 64.76760 66.52350 65.60000 66.71450 66.85330 66.87490 67.21470 67.84520 68.44610 68.98230 69.05280 69.55690 70.47420 70.67440 71.46780
-9999 -9999 -9999 60.56400 60.50320 60.52690 60.41870 60.81340 61.46180 61.57150 61.98020 62.56050 62.29240 62.37760 62.29270 62.21570 62.10980 62.69280 62.93670 63.60440 64.42930 64.50680 66.56880 67.08510 65.44710 64.93690 63.45450 62.16860 60.61640 58.89460 59.44050 59.40610 59.25330 59.46090 60.69520 60.99690 62.08450 61.98740 64.07700 64.30390 64.96020 66.85320 68.23120 68.72870 68.93770 68.74000 68.37660 68.49730 67.04510 66.03560 65.05090 65.74770 65.10910 64.79750 65.66840 65.19780 65.96280 65.80860 65.16770 65.14170 65.92050 66.06000 66.47980 67.33050 67.49930 68.55000 69.01660 70.30510 70.50990 71.20480 70.90740
-9999 -9999 -9999 60.65300 60.80130 60.75960 61.04750 61.43930 61.83750 62.34060 62.36190 62.53310 62.14610 61.63950 60.80520 61.59840 61.45930 61.44160 62.76060 63.11840 63.54720 63.30060 64.74390 63.89750 62.24490 62.79590 61.97770 60.76680 60.05460 57.77570 56.04210 56.56370 57.96210 58.36180 58.40770 59.06690 60.29430 61.36450 62.23650 62.86950 63.63100 65.41030 67.12530 68.70580 69.99550 69.13530 68.81620 66.92360 66.33880 64.86070 63.84630 65.58510 65.01650 64.71580 65.06840 64.72640 65.48770 65.33960 64.85020 64.98690 65.58150 66.11050 66.60780 66.55760 67.17820 67.75510 68.62450 69.05260 68.71590 69.52150 69.99630
-9999 -9999 -9999 61.13300 61.49920 61.09130 61.52310 61.77480 62.05560 61.94310 62.61740 62.63100 61.63830 61.10480 60.67460 60.94100 60.52210 60.11660 60.77940 61.17470 61.09010 60.13870 59.39160 60.17710 60.71860 60.88320 60.80310 59.58780 57.11790 55.44700 55.51780 57.28400 56.46040 55.35510 55.57830 56.97680 58.72400 60.33760 60.61160 61.79190 62.46890 63.08400 63.87920 65.98540 68.87320 68.25270 66.76440 66.57510 64.47580 64.68110 63.19740 64.16790 63.98640 63.50670 63.96620 64.11970 64.50700 63.89880 63.81040 64.06510 63.21690 65.18430 65.71610 66.18790 66.65270 67.29070 67.81940 68.17860 67.79380 68.29690 71.41410
-9999 -9999 -9999 61.44410 61.74290 61.28720 61.57360 61.66430 61.58990 61.85550 62.75250 62.20340 61.18300 60.46060 59.31040 59.63140 59.18330 59.63720 60.75050 61.19080 60.17200 59.18330 58.81890 60.06420 60.59020 60.68250 60.66290 59.35570 57.25920 55.33850 54.81590 55.14730 54.50350 54.62110 55.77930 56.04220 56.84580 58.15940 59.36380 60.11340 60.37180 61.38180 62.35790 63.24410 65.35690 65.65010 65.56850 64.53180 64.02450 63.41650 62.81920 64.44360 63.48620 62.24970 63.48640 62.32610 63.71290 63.93110 63.79020 62.67620 63.19870 64.25620 64.77280 64.33290 64.53290 66.41910 66.65530 66.28800 67.14750 69.74580 72.45250
-9999 -9999 -9999 -9999 59.83050 59.50310 60.15790 60.95900 60.97240 61.79380 62.71880 62.72380 59.82990 60.94040 -9999 -9999 -9999 -9999 -9999 56.80110 56.68430 56.99800 56.33620 55.57320 56.52040 57.21150 58.74530 57.65730 56.06760 55.93760 55.16400 54.40420 54.03620 54.86010 55.94540 56.33290 56.33580 57.52530 57.92040 58.26510 59.04230 59.77700 60.33990 60.78160 62.48090 63.28510 63.47940 62.60430 63.03770 63.60860 62.91790 62.50130 63.15360 61.34140 61.46530 60.88200 60.93930 61.33690 61.69950 62.23510 62.17910 62.32060 63.22470 63.79410 63.99850 63.81550 65.37180 66.93730 68.75410 -9999 -9999
-9999 -9999 61.40180 60.32140 59.82070 60.12510 60.45710 60.88480 61.70380 62.14080 63.03240 62.41950 60.56790 -9999 -9999 -9999 -9999 -9999 55.26520 55.68120 55.05480 56.06880 56.17300 54.80870 55.52280 55.82000 57.64150 57.40740 56.74690 56.36750 55.63560 54.60900 54.45850 54.28070 54.71360 55.53620 55.23570 55.65480 56.32970 56.66030 56.70000 57.57880 57.89560 58.90990 60.58460 61.25960 61.80200 62.45210 63.11460 63.79160 63.18470 63.08390 62.49340 62.71480 61.76880 62.47410 61.93760 61.04670 61.36720 63.11600 63.09000 63.63930 63.75870 63.45490 64.06520 65.05210 65.89080 -9999 -9999 -9999 -9999
-9999 -9999 61.65540 60.53100 60.27170 60.45310 60.84660 61.38350 61.82730 62.68730 62.72860 62.11230 62.40820 -9999 -9999 -9999 -9999 57.97440 55.08760 55.34600 54.68210 54.18480 54.47820 54.67060 55.88940 56.80190 56.67560 56.15530 56.18210 56.19680 55.50260 54.09430 54.74370 54.51680 54.55510 54.57360 54.53070 54.71770 54.29460 54.05660 54.67640 54.76410 55.19580 56.37990 57.19950 58.65760 60.03440 60.85990 62.39920 62.17790 62.73370 63.00840 62.88900 62.85080 62.52160 63.52000 63.04120 61.94870 61.83830 63.39680 63.84040 62.99040 63.63940 64.68640 65.00190 -9999 -9999 -9999 -9999 -9999 68.91640
-9999 -9999 62.68350 61.21150 61.29190 61.17680 61.51500 62.77760 62.83220 62.97670 62.32320 62.38880 63.53770 -9999 -9999 -9999 -9999 56.11440 55.39810 54.62640 53.78580 53.62920 54.40460 54.76290 55.01580 55.84170 55.37820 55.71630 55.64170 55.62230 54.95080 54.41010 54.27870 53.67010 54.05270 53.36770 53.24120 53.07360 52.85580 53.04320 53.23670 53.69750 53.58160 53.81270 55.67320 56.45910 57.43390 58.62530 60.00550 60.88740 61.72360 61.60230 61.85180 61.46270 61.11210 62.84030 63.21470 62.25030 63.15760 63.87590 65.14260 65.56410 65.32370 64.20540 62.45110 62.05020 63.80870 63.15780 64.67930 -9999 -9999
-9999 -9999 -9999 62.71590 62.42570 62.20940 62.87030 63.25300 63.26320 62.70280 63.50020 63.20990 -9999 -9999 -9999 -9999 57.65980 55.94970 55.56780 54.80000 53.91080 54.08300 53.95450 53.72790 53.96680 54.19700 54.20990 54.31480 54.74380 53.03210 53.67900 54.06570 54.15850 53.66430 52.95680 53.43180 53.43830 53.36270 53.28190 53.07800 52.75560 52.60910 51.86650 53.02940 55.00120 56.13280 57.67030 58.98420 59.37650 59.99690 59.74550 60.31990 60.38200 60.08850 59.24760 59.81200 60.56630 60.55090 61.85000 62.95450 63.88840 63.58430 62.25640 59.72500 57.76050 60.49750 61.57200 61.58660 63.01830 68.36560 -9999
-9999 -9999 -9999 -9999 63.82400 63.23020 63.39850 63.67570 63.42480 64.39110 63.16400 -9999 -9999 -9999 -9999 59.35520 57.77880 56.85320 55.93980 54.81530 53.93380 53.91280 53.64970 52.67500 52.97760 53.71920 54.32240 54.55170 54.25200 53.99860 53.90700 54.99860 54.94510 53.94400 52.77000 52.96790 52.70230 52.68400 52.26730 52.28980 51.57460 51.48780 51.56530 52.52550 54.15670 55.38940 56.56850 58.08720 58.95540 59.52090 59.84320 60.12930 59.39240 59.16220 58.90000 59.78840 60.62530 60.35610 61.20220 62.78790 62.74170 61.75720 60.97120 60.84850 59.04550 59.43830 60.18580 60.04560 60.44010 62.00630 63.80090
-9999 -9999 -9999 -9999 -9999 -9999 64.03140 64.11520 62.78790 62.97860 64.68040 -9999 -9999 -9999 -9999 -9999 58.20320 56.74620 55.88990 53.96530 53.24130 54.43370 52.42410 52.18360 52.24160 53.41910 54.30630 54.36740 54.79120 55.02890 54.83640 55.17680 55.19470 53.70550 52.96550 53.01200 52.04910 51.26760 51.70460 50.69450 50.35910 49.53590 50.23910 51.14990 52.36360 54.66020 56.17700 57.45280 58.32520 58.98290 59.73780 59.36040 59.05880 58.31150 57.65570 58.20990 59.67570 60.39320 61.44090 61.37310 61.36130 60.72310 59.94060 58.91480 57.95620 58.16060 58.38270 58.79160 58.65570 60.28690 62.25570
-9999 -9999 -9999 -9999 -9999 -9999 -9999 -9999 -9999 -9999 -9999 -9999 -9999 -9999 -9999 -9999 -9999 -9999 -9999 53.79000 52.82620 53.17620 52.79720 52.03010 52.60540 53.22010 53.19370 54.66140 55.07010 54.95900 55.35030 55.58560 54.00480 53.69810 52.80640 52.44840 51.69850 50.73890 50.15250 49.18880 48.60560 49.09680 49.80770 50.60550 51.81290 53.44540 55.63040 57.18900 58.32650 59.13230 59.26060 59.60330 58.71080 58.08170 56.77060 57.43130 58.80340 60.17550 60.76860 60.69850 59.81640 60.13540 59.02820 58.76030 57.69890 58.33010 58.84310 58.48670 58.66300 59.40340 61.09450
-9999 -9999 -9999 -9999 -9999 -9999 -9999 -9999 -9999 -9999 -9999 -9999 -9999 -9999 -9999 -9999 -9999 -9999 54.41140 52.90160 52.71040 52.42530 52.73270 52.84540 52.99390 53.10010 53.47330 53.75450 54.00420 54.25920 54.73800 54.64770 54.08840 53.45720 53.06750 52.26430 51.20750 50.48910 48.87530 48.29870 48.07520 48.47770 48.84970 49.60650 51.01010 52.30710 54.87080 57.18690 58.81940 59.54850 60.06350 59.69300 59.18330 58.16890 57.06310 57.92790 58.68660 58.85800 59.04100 60.80020 61.07950 61.92310 61.06830 59.90270 58.74950 59.71240 59.62350 59.83150 60.07630 61.20290 62.49020
-9999 -9999 -9999 -9999 -9999 -9999 -9999 -9999 -9999 -9999 -9999 -9999 -9999 -9999 -9999 -9999 -9999 54.75140 53.69160 53.08000 52.58170 52.28260 52.66470 52.88570 53.04040 53.20210 53.22030 52.67590 52.43940 53.11800 53.80080 54.23860 54.03270 54.16100 53.64080 52.30530 50.52670 49.71780 48.67950 47.88570 47.73010 47.83320 48.15950 49.23460 50.65740 52.29180 54.34710 56.26740 58.65820 60.28980 60.81980 60.52510 59.54060 58.21700 57.72190 58.42840 58.78580 58.72390 59.03040 60.78490 62.29980 61.99520 60.07740 59.28350 60.90430 60.96380 60.88370 61.44480 61.97440 62.52450 62.43510
-9999 -9999 -9999 -9999 -9999 -9999 -9999 -9999 -9999 -9999 -9999 -9999 -9999 -9999 -9999 -9999 -9999 53.40450 52.88630 51.74570 51.88000 52.08730 52.43480 52.67650 53.91950 53.30350 53.35270 52.65220 52.52200 52.68040 53.49900 54.33860 54.80800 55.10770 53.83810 52.38590 51.00830 49.62750 47.93810 47.78880 47.73600 47.70980 48.07160 48.96800 50.35030 53.12690 55.10870 55.74850 58.39590 61.16780 61.61440 60.47050 59.20810 58.53090 58.04100 58.28910 57.78270 58.57490 60.09750 61.29830 61.72920 61.51650 61.51490 61.53570 60.43420 61.22470 62.15410 61.76580 63.18100 63.84100 64.57740
-9999 -9999 -9999 -9999 -9999 -9999 -9999 -9999 -9999 -9999 -9999 -9999 -9999 -9999 -9999 -9999 52.48030 51.50170 51.21770 50.96220 51.80270 52.79360 52.54180 53.28430 54.40660 53.81960 53.99740 53.78570 53.78830 53.29250 53.86270 54.87630 55.65880 55.69410 55.13380 54.14300 52.63770 51.17080 49.18390 49.06480 48.49060 47.86790 47.38810 48.58800 50.31900 53.21590 54.68910 55.35940 57.00080 60.90350 61.09100 59.65590 58.63620 58.25260 58.37760 58.65660 59.01180 59.58550 60.38460 60.79410 62.04280 62.41900 62.05180 61.39700 62.49140 63.20900 63.76410 64.24640 65.33100 65.51890 65.57420
-9999 -9999 -9999 -9999 -9999 -9999 -9999 -9999 -9999 -9999 -9999 -9999 -9999 53.61890 52.45750 51.29600 50.68560 49.66330 49.95240 50.47020 51.31660 51.79080 53.02400 53.35780 53.68030 54.34680 54.76240 54.53670 54.72510 55.45970 55.54320 55.58440 55.95590 56.17470 56.03990 55.27120 54.71160 53.66970 52.78710 51.43530 49.56260 47.69600 46.27330 48.24350 51.00320 52.98240 54.68520 55.75890 55.52750 55.38460 56.32780 56.93970 57.07510 58.12530 58.59140 59.00780 59.70850 60.48080 61.23900 62.47840 63.10560 63.74640 64.47760 65.32040 65.92820 67.30730 67.73520 66.93840 67.01840 66.69450 66.04230
-9999 -9999 -9999 -9999 -9999 -9999 -9999 -9999 -9999 -9999 -9999 -9999 53.23200 51.91710 50.91250 50.32380 49.76810 49.65200 49.64940 50.74100 51.29950 52.45720 53.72350 54.13850 54.01410 55.36430 55.57850 56.43310 56.77550 56.77510 56.78120 56.00110 55.95480 56.40400 56.92390 56.87380 56.54900 57.09840 56.59980 55.38810 51.80200 48.32240 45.59470 48.05610 51.68900 54.41530 55.46040 55.76370 54.26040 52.24780 53.61360 55.36850 55.93070 57.47390 58.31970 59.52730 60.17000 60.59860 61.34140 62.61720 63.23670 64.90110 65.97960 66.83690 68.04060 69.60620 69.08320 68.63050 68.07490 66.98060 66.00600
-9999 -9999 -9999 -9999 -9999 -9999 -9999 -9999 -9999 -9999 -9999 52.29850 51.47470 50.26280 49.89270 49.63280 49.74650 49.58920 50.09520 50.47790 51.34440 52.74320 53.27220 54.56970 54.52060 55.13200 55.65390 56.76350 58.14310 57.90220 56.58630 55.87350 55.78280 55.90710 56.87140 56.99670 57.48000 58.45180 60.76530 58.22920 53.98430 50.58510 48.92580 50.38550 53.17720 55.38520 56.48290 56.84570 55.98600 54.45560 54.23890 53.87260 55.05550 55.75160 57.22410 59.21500 60.72150 61.48990 63.05730 64.62930 65.02030 66.37430 67.64520 68.69730 70.42760 71.28580 70.39520 69.67150 68.33850 66.92180 65.98930
-9999 -9999 -9999 -9999 -9999 -9999 -9999 -9999 -9999 -9999 52.07450 51.00210 50.49990 49.39860 49.00000 48.45910 48.13540 48.52390 49.77300 50.33390 51.45170 52.80330 53.55260 54.43180 54.80390 55.43280 55.53760 57.02000 57.70950 56.80670 55.96740 55.04260 54.56250 55.10630 55.84190 56.05860 57.35260 58.70910 59.66370 58.16090 55.42980 53.47950 52.30500 52.82300 54.46880 56.55600 58.52060 58.67010 57.89610 57.02890 55.70020 54.20090 54.46770 55.38310 57.22420 59.27820 60.73360 61.96220 63.68130 65.02360 65.35320 66.30160 67.23610 69.14580 70.15150 71.26620 71.06180 69.73600 68.39000 66.92320 66.01070
-9999 -9999 -9999 -9999 -9999 -9999 -9999 -9999 -9999 51.10010 49.80370 49.86220 49.80520 48.98690 48.02930 47.24720 46.81040 47.86020 49.45640 50.79230 52.44530 53.60400 54.75550 54.68160 55.04290 55.87780 56.12450 56.35880 56.23310 55.59040 54.83130 53.39290 52.82430 53.14840 53.52990 54.66380 55.83670 57.90550 58.20530 57.82620 56.40660 55.32320 55.22070 55.29510 56.08800 57.73120 60.02050 60.67430 60.47560 59.24990 57.15490 55.34310 54.25010 54.30860 55.20160 59.90230 61.97370 63.58000 64.52600 65.10260 65.66860 66.33840 66.96190 67.85270 69.01930 69.15130 69.47410 68.27940 67.40650 67.05530 67.24380
-9999 -9999 -9999 -9999 -9999 -9999 -9999 -9999 -9999 -9999 48.02040 49.19650 49.37340 48.97970 47.81660 46.72380 45.90910 47.03140 49.19000 50.70930 52.34010 54.30730 54.91000 -9999 -9999 -9999 -9999 -9999 -9999 54.46120 53.26050 52.81220 51.94510 52.06740 52.45760 53.37000 54.72700 56.76880 56.74760 57.09250 56.50880 56.34600 56.66180 56.52460 57.14040 57.80220 59.20500 60.59010 60.99160 60.15420 58.06160 55.81000 54.39280 54.77910 55.54630 60.16880 61.72620 63.60750 64.58780 64.90560 64.88600 65.15730 66.19060 66.74600 66.67870 68.16020 67.62180 67.35420 65.94040 66.47230 66.59700
-9999 -9999 -9999 -9999 -9999 -9999 -9999 -9999 -9999 -9999 -9999 -9999 50.48670 49.19260 47.74290 46.73860 46.34270 47.22820 48.95050 -9999 -9999 -9999 -9999 -9999 -9999 -9999 -9999 -9999 -9999 -9999 -9999 -9999 -9999 51.99830 51.81750 52.96680 54.02080 55.80210 56.46460 55.88540 56.06830 56.29590 56.56890 56.00760 56.46690 57.49250 58.39440 59.86220 60.21580 59.44360 57.71250 55.69500 55.18450 55.83030 56.98990 59.89120 61.09070 62.54930 63.04170 63.71920 63.93880 64.36580 64.65060 65.45160 66.40390 66.88540 66.33580 66.77990 66.53270 67.70920 68.17840
-9999 -9999 -9999 -9999 -9999 -9999 -9999 -9999 -9999 -9999 -9999 -9999 -9999 -9999 -9999 -9999 -9999 -9999 -9999 -9999 -9999 -9999 -9999 -9999 -9999 -9999 -9999 -9999 -9999 -9999 -9999 -9999 -9999 -9999 51.72000 52.18080 53.39480 54.56480 55.75030 55.44200 55.55310 55.92540 55.94270 55.75720 56.19550 56.71060 57.83320 59.27140 59.17490 58.35740 57.09840 55.69480 55.45820 55.77820 57.05750 60.26350 61.19670 61.14040 61.52300 62.17740 63.28680 63.50420 64.27180 64.70080 65.92160 65.96700 65.97700 65.85260 65.94370 67.17330 69.00380
-9999 -9999 -9999 -9999 -9999 -9999 -9999 -9999 -9999 -9999 -9999 -9999 -9999 -9999 -9999 -9999 -9999 -9999 -9999 -9999 -9999 -9999 -9999 -9999 -9999 -9999 -9999 -9999 -9999 -9999 -9999 -9999 -9999 -9999 51.05690 52.18300 52.27320 53.11540 54.27380 55.63500 55.55940 55.71270 55.92390 56.01020 56.76460 56.49350 56.95450 57.92610 58.17240 57.07530 55.82720 55.56650 56.04860 55.73760 56.71780 58.93890 60.71990 62.07330 62.20140 63.25590 63.99870 64.00820 63.71730 64.38320 65.21970 64.72910 65.19330 65.41220 65.57070 67.56620 -9999
-9999 -9999 -9999 -9999 -9999 -9999 -9999 -9999 -9999 -9999 -9999 -9999 -9999 -9999 -9999 -9999 -9999 -9999 -9999 -9999 -9999 -9999 -9999 -9999 -9999 -9999 -9999 -9999 -9999 -9999 -9999 -9999 -9999 -9999 -9999 -9999 -9999 -9999 54.16380 54.63830 55.08930 55.39110 56.20330 56.16820 56.83550 56.48740 56.88420 57.29960 56.88030 55.78160 54.54560 54.25990 54.99250 55.01080 56.22420 58.47300 60.15530 62.14400 62.72440 63.91380 64.64980 64.81550 64.13080 64.20190 64.04640 64.67640 65.14460 65.62480 67.19520 -9999 -9999
