data/hydroclimate-scenarios/BCSD_hadcm_B1/monthly_summaries/rh_monthly_avg_aug.2030-2059.asc
ncols	311
nrows	91
xllcenter	102.75
yllcenter	31.75
cellsize	0.5
NODATA_value	-9999
[rows 0 to 31 of 91, columns 0 to 70 of 311]
-9999 -9999 -9999 -9999 -9999 -9999 -9999 -9999 -9999 -9999 -9999 -9999 -9999 -9999 -9999 -9999 -9999 -9999 -9999 -9999 -9999 -9999 -9999 -9999 -9999 -9999 -9999 -9999 -9999 -9999 -9999 -9999 -9999 -9999 -9999 -9999 -9999 -9999 -9999 -9999 -9999 -9999 -9999 -9999 -9999 -9999 -9999 -9999 -9999 -9999 -9999 -9999 -9999 -9999 -9999 -9999 -9999 -9999 -9999 -9999 -9999 -9999 -9999 -9999 -9999 -9999 -9999 -9999 -9999 -9999 -9999
-9999 -9999 -9999 -9999 -9999 -9999 -9999 -9999 -9999 -9999 -9999 -9999 -9999 -9999 -9999 -9999 -9999 -9999 -9999 -9999 -9999 -9999 -9999 -9999 -9999 -9999 -9999 -9999 -9999 -9999 -9999 -9999 -9999 -9999 -9999 -9999 -9999 -9999 -9999 -9999 -9999 -9999 -9999 -9999 -9999 -9999 -9999 -9999 -9999 -9999 -9999 -9999 -9999 -9999 -9999 -9999 -9999 -9999 -9999 -9999 -9999 -9999 -9999 -9999 -9999 -9999 -9999 -9999 -9999 -9999 -9999
-9999 -9999 -9999 -9999 -9999 -9999 -9999 -9999 -9999 -9999 -9999 -9999 -9999 -9999 -9999 -9999 -9999 -9999 -9999 -9999 -9999 -9999 -9999 -9999 -9999 -9999 -9999 -9999 -9999 -9999 -9999 -9999 -9999 -9999 -9999 -9999 -9999 -9999 -9999 -9999 -9999 -9999 -9999 -9999 -9999 -9999 -9999 -9999 -9999 -9999 -9999 -9999 -9999 -9999 -9999 -9999 -9999 -9999 -9999 -9999 -9999 -9999 -9999 -9999 -9999 -9999 -9999 -9999 -9999 -9999 -9999
-9999 -9999 -9999 -9999 -9999 -9999 -9999 -9999 -9999 -9999 -9999 -9999 -9999 -9999 -9999 -9999 -9999 -9999 -9999 -9999 -9999 -9999 -9999 -9999 -9999 -9999 -9999 -9999 -9999 -9999 -9999 -9999 -9999 -9999 -9999 -9999 -9999 -9999 -9999 -9999 -9999 -9999 -9999 -9999 -9999 -9999 -9999 -9999 -9999 -9999 -9999 -9999 -9999 -9999 -9999 -9999 -9999 -9999 -9999 -9999 -9999 -9999 -9999 -9999 -9999 -9999 -9999 -9999 -9999 -9999 -9999
-9999 -9999 -9999 -9999 -9999 -9999 -9999 -9999 -9999 -9999 -9999 -9999 -9999 -9999 -9999 -9999 -9999 -9999 -9999 -9999 -9999 -9999 -9999 -9999 -9999 -9999 -9999 -9999 -9999 -9999 -9999 -9999 -9999 -9999 -9999 -9999 -9999 -9999 -9999 -9999 -9999 -9999 -9999 -9999 -9999 -9999 -9999 -9999 -9999 -9999 -9999 -9999 -9999 -9999 -9999 -9999 -9999 -9999 -9999 -9999 -9999 -9999 -9999 -9999 -9999 -9999 -9999 -9999 -9999 -9999 -9999
-9999 -9999 -9999 -9999 -9999 -9999 -9999 -9999 -9999 -9999 -9999 -9999 -9999 -9999 -9999 -9999 -9999 -9999 -9999 -9999 -9999 -9999 -9999 -9999 -9999 -9999 -9999 -9999 -9999 -9999 -9999 -9999 -9999 -9999 -9999 -9999 -9999 -9999 -9999 -9999 -9999 -9999 -9999 -9999 -9999 -9999 -9999 -9999 -9999 -9999 -9999 -9999 -9999 -9999 -9999 -9999 -9999 -9999 -9999 -9999 -9999 -9999 -9999 -9999 -9999 -9999 -9999 -9999 -9999 -9999 -9999
-9999 -9999 -9999 -9999 -9999 -9999 -9999 -9999 -9999 -9999 -9999 -9999 -9999 -9999 -9999 -9999 -9999 -9999 -9999 -9999 -9999 -9999 -9999 -9999 -9999 -9999 -9999 -9999 -9999 -9999 -9999 -9999 -9999 -9999 -9999 -9999 -9999 -9999 -9999 -9999 -9999 -9999 -9999 -9999 -9999 -9999 -9999 -9999 -9999 -9999 -9999 -9999 -9999 -9999 -9999 -9999 -9999 -9999 -9999 -9999 -9999 -9999 -9999 -9999 -9999 -9999 -9999 -9999 -9999 -9999 -9999
-9999 -9999 -9999 -9999 -9999 -9999 -9999 -9999 -9999 -9999 -9999 -9999 -9999 -9999 -9999 -9999 -9999 -9999 -9999 -9999 -9999 -9999 -9999 -9999 -9999 -9999 -9999 -9999 -9999 -9999 -9999 -9999 -9999 -9999 -9999 -9999 -9999 -9999 -9999 -9999 -9999 -9999 61.25040 61.22660 60.95090 60.78370 60.54720 60.32220 59.47590 59.39580 58.93180 58.95870 -9999 -9999 -9999 -9999 -9999 -9999 -9999 -9999 -9999 -9999 -9999 -9999 -9999 -9999 -9999 -9999 -9999 -9999 -9999
-9999 -9999 -9999 -9999 -9999 -9999 -9999 -9999 -9999 -9999 -9999 -9999 -9999 -9999 -9999 -9999 -9999 -9999 -9999 -9999 -9999 -9999 -9999 -9999 -9999 -9999 -9999 -9999 -9999 -9999 -9999 -9999 -9999 -9999 -9999 -9999 -9999 -9999 61.97210 61.73130 61.63080 61.49530 61.31710 61.35860 61.05030 60.84640 60.51920 60.06470 59.74200 59.23180 58.99230 59.30260 58.59040 57.51600 -9999 -9999 -9999 -9999 -9999 -9999 -9999 -9999 -9999 -9999 -9999 -9999 -9999 -9999 -9999 -9999 -9999
-9999 -9999 -9999 -9999 -9999 -9999 -9999 -9999 -9999 -9999 -9999 -9999 -9999 -9999 -9999 -9999 -9999 -9999 -9999 -9999 -9999 -9999 -9999 -9999 -9999 -9999 -9999 -9999 -9999 -9999 -9999 -9999 -9999 -9999 -9999 -9999 -9999 -9999 -9999 -9999 61.08630 61.17610 61.12160 61.08870 60.49590 60.54590 60.58160 59.95590 60.05240 59.57970 59.00710 59.01460 58.62330 57.37940 -9999 -9999 -9999 -9999 -9999 -9999 -9999 -9999 -9999 -9999 -9999 -9999 -9999 -9999 -9999 -9999 -9999
-9999 -9999 -9999 -9999 -9999 -9999 -9999 -9999 -9999 -9999 -9999 -9999 -9999 -9999 -9999 -9999 -9999 -9999 -9999 -9999 -9999 -9999 -9999 -9999 -9999 -9999 -9999 -9999 -9999 -9999 -9999 -9999 -9999 -9999 -9999 -9999 -9999 -9999 -9999 -9999 -9999 -9999 -9999 -9999 61.37240 61.17720 60.69440 60.18500 60.05720 59.81940 59.53090 59.33940 58.79300 57.76860 -9999 -9999 -9999 -9999 -9999 -9999 54.68760 -9999 -9999 -9999 -9999 -9999 -9999 -9999 -9999 -9999 -9999
-9999 -9999 -9999 -9999 -9999 -9999 -9999 -9999 -9999 -9999 -9999 -9999 -9999 -9999 -9999 -9999 -9999 -9999 -9999 -9999 -9999 -9999 -9999 -9999 -9999 -9999 -9999 -9999 -9999 -9999 -9999 -9999 -9999 -9999 -9999 -9999 -9999 -9999 -9999 -9999 -9999 60.81840 60.82170 61.52600 61.14250 61.20540 61.09930 60.47680 60.02690 59.99920 59.24980 59.35420 58.64940 58.23950 -9999 -9999 -9999 -9999 -9999 54.64630 54.11930 53.83890 53.64510 53.21340 53.09480 52.52190 52.42880 52.70990 52.56440 52.31120 52.37170
-9999 -9999 -9999 -9999 -9999 -9999 -9999 -9999 -9999 -9999 -9999 -9999 -9999 -9999 -9999 -9999 -9999 -9999 -9999 -9999 -9999 -9999 -9999 -9999 -9999 -9999 -9999 -9999 -9999 -9999 -9999 -9999 -9999 -9999 -9999 -9999 -9999 -9999 -9999 -9999 -9999 60.46160 60.77280 61.22980 60.91930 61.29910 60.87000 60.52000 60.48210 60.48440 59.89910 59.01900 58.53340 58.06390 57.47380 56.27130 55.80730 -9999 54.48490 54.47420 54.08310 53.38010 52.77430 52.78080 52.76420 52.18880 52.03350 52.40380 52.41080 52.48260 52.61870
-9999 -9999 -9999 -9999 -9999 -9999 -9999 -9999 -9999 -9999 -9999 -9999 -9999 -9999 -9999 -9999 -9999 -9999 -9999 -9999 -9999 -9999 -9999 -9999 -9999 -9999 -9999 -9999 -9999 -9999 -9999 -9999 -9999 -9999 -9999 60.85380 61.13450 60.80270 60.85440 60.68590 60.71430 60.26190 60.36230 60.91560 60.77670 61.17030 60.79130 60.68480 60.14420 60.28320 59.72110 58.71680 58.15240 57.58840 56.89560 55.92980 55.60880 54.94400 54.08890 54.35200 53.54530 53.01190 52.61770 52.69500 52.53510 52.10720 52.05530 52.56920 52.38630 52.52610 52.57200
-9999 -9999 -9999 -9999 -9999 -9999 -9999 -9999 -9999 -9999 -9999 -9999 -9999 -9999 -9999 -9999 -9999 -9999 -9999 -9999 -9999 -9999 -9999 -9999 -9999 -9999 -9999 -9999 -9999 -9999 -9999 -9999 -9999 -9999 60.76010 61.35050 61.48350 60.95690 61.07930 60.97880 60.76710 61.41680 61.04790 60.84810 60.87550 60.22900 60.18570 60.63600 60.37700 59.62360 59.12990 58.48280 57.74830 56.95080 56.50960 55.84010 55.26680 54.87710 54.02580 53.48810 52.98200 52.98750 52.51530 52.26240 52.07530 51.73380 51.65020 52.39290 52.59810 52.55130 52.80440
-9999 -9999 -9999 -9999 -9999 -9999 -9999 -9999 -9999 -9999 -9999 -9999 -9999 -9999 -9999 -9999 -9999 -9999 -9999 -9999 -9999 -9999 -9999 -9999 -9999 -9999 -9999 -9999 -9999 -9999 -9999 -9999 -9999 60.32950 60.57350 60.81960 61.19300 60.85810 61.03490 60.64710 60.80160 61.47100 61.30090 60.84750 60.76320 60.31050 60.10410 60.39810 59.88800 59.11810 58.18260 57.37520 53.24970 56.37180 56.81230 55.99040 55.17370 54.97460 54.27670 53.55540 53.12040 52.74520 52.42320 52.21700 52.28470 52.00510 52.01330 52.73780 53.01710 52.83150 53.20860
-9999 -9999 -9999 -9999 -9999 -9999 -9999 -9999 -9999 -9999 -9999 -9999 -9999 -9999 -9999 -9999 -9999 -9999 -9999 -9999 -9999 -9999 -9999 -9999 -9999 -9999 -9999 -9999 -9999 -9999 -9999 60.16180 60.26240 60.49360 60.43970 60.71880 60.94950 60.61230 60.93380 60.53830 60.84550 60.73280 60.62770 60.75410 60.73190 60.18070 59.96300 59.89500 59.39610 58.89250 58.10050 57.56350 52.93790 56.04560 56.10910 55.72430 55.29770 54.93290 54.13480 53.08450 52.75690 52.64530 52.42440 51.93940 52.14880 52.54220 52.58490 52.87150 53.11480 53.59040 53.49350
-9999 -9999 -9999 -9999 -9999 -9999 -9999 -9999 -9999 -9999 -9999 -9999 -9999 -9999 -9999 -9999 -9999 -9999 -9999 -9999 -9999 -9999 -9999 -9999 -9999 -9999 -9999 -9999 -9999 59.96340 59.80030 60.03590 59.88610 60.20080 60.31730 60.61510 60.76700 60.65620 60.75980 60.68540 60.76890 60.80420 60.58860 60.90720 60.81070 60.13990 59.69890 59.51890 58.85450 58.30400 57.32170 54.86150 52.88410 55.91080 55.74500 55.43930 55.32900 54.68110 53.88180 52.84680 52.36860 52.42770 52.04630 52.09240 52.11410 52.33830 52.58770 52.78330 53.11640 53.61300 53.87040
-9999 -9999 -9999 -9999 -9999 -9999 -9999 -9999 -9999 -9999 -9999 -9999 -9999 -9999 -9999 -9999 -9999 -9999 -9999 -9999 -9999 -9999 -9999 -9999 60.63870 59.98770 59.95290 59.23930 59.46380 59.44180 59.44230 59.26900 59.50630 59.22880 59.57080 59.66400 59.60470 60.29460 60.38660 60.73330 60.75620 60.43590 60.67880 60.82570 60.68300 60.26990 59.92120 59.23900 58.45550 58.12240 57.67360 56.00870 55.51180 55.77420 55.84530 55.47680 55.31240 54.70360 54.02430 53.56450 52.82620 52.01360 51.71410 52.11700 52.20000 52.39490 52.84300 53.10970 53.63680 53.85650 53.46140
-9999 -9999 -9999 -9999 -9999 -9999 59.18230 59.54270 59.78090 59.79690 59.90150 -9999 -9999 -9999 -9999 -9999 -9999 -9999 -9999 -9999 -9999 60.09820 60.01670 60.20820 60.41400 59.68120 59.58120 59.21900 59.28060 59.21870 59.15830 59.18340 59.36800 59.17620 59.30180 59.34640 59.67350 60.02100 60.32820 60.45700 60.75900 60.72710 60.65120 60.79860 60.48190 60.05840 59.88540 59.10090 58.51260 58.16380 57.16990 56.58240 55.60510 55.83980 56.42330 55.80260 55.37700 54.91770 54.29970 53.88790 53.17500 52.69140 52.42700 52.54260 52.96810 52.88660 53.06360 53.53720 53.65500 54.30500 54.49680
-9999 -9999 -9999 -9999 -9999 58.96230 58.69520 59.08160 59.20310 59.26970 59.34960 58.85470 58.99740 59.09190 -9999 -9999 -9999 59.74440 59.71420 59.44570 59.44390 59.81650 59.78980 59.73220 59.61540 59.29290 59.24360 59.03130 59.03470 58.96490 58.77140 58.91230 58.88190 58.88530 58.97620 58.99150 59.47420 59.48070 59.82440 60.65080 60.72800 61.09480 60.97890 61.18020 60.90720 60.12980 59.83970 59.42210 58.65910 58.11870 57.48730 56.95550 56.79820 56.72550 56.39460 56.14230 55.65400 55.42920 54.99090 54.47930 53.85100 53.40690 53.24160 53.46550 53.69030 53.34550 53.62060 53.71060 54.21350 54.40240 54.72610
-9999 59.57020 59.63000 59.07300 58.96200 58.31990 58.34990 58.86340 58.71760 58.83160 58.75740 58.21520 58.62400 58.48650 58.72060 59.12270 59.00670 59.09040 59.19410 59.15570 59.26590 59.40300 59.47920 59.66160 59.53620 59.09450 58.90400 58.78880 58.61320 58.58660 58.34190 58.50000 58.38780 58.58130 58.70630 58.97210 59.26100 59.43310 59.39030 60.16420 60.43830 60.56680 60.59750 60.81940 60.74580 59.90520 59.93310 59.48110 59.16040 58.51060 57.78820 56.93110 56.79720 56.05130 56.01550 56.02700 55.78140 55.74860 55.27690 54.80620 54.25200 53.68510 53.44870 53.76680 53.67500 53.73490 53.90990 53.75180 54.26130 54.21180 53.72820
-9999 58.46700 58.46770 58.57340 58.42940 58.65320 58.44270 58.51080 58.31180 57.99260 58.04870 58.01940 57.95690 57.77250 58.24780 58.19740 58.63290 58.32180 58.67160 58.71620 58.67510 58.98600 59.09770 59.01180 58.94820 59.23650 58.88620 58.51830 58.26330 58.11760 57.88740 58.40910 58.36030 58.39620 58.52930 58.49390 58.69590 58.55320 59.11250 59.35350 59.68640 59.77580 59.78250 60.11790 60.01880 59.53910 59.36440 59.01000 58.69790 58.62910 58.10810 57.12720 56.64850 56.00310 55.67310 56.03230 56.04340 55.80310 55.26350 54.83660 54.41690 54.39850 53.98960 54.10090 53.83620 53.67110 53.59240 54.03670 54.42490 54.66850 54.52700
-9999 -9999 -9999 58.17100 58.12150 58.24580 58.11290 57.96780 57.87830 57.21260 57.45880 57.74520 57.67840 57.72010 57.68780 58.00330 58.08620 58.18590 58.07050 58.36310 58.20750 58.76780 58.52010 58.89000 58.78070 58.86460 58.75340 58.08550 58.17590 57.78090 57.50300 58.09210 57.99450 58.20990 58.48690 58.06580 58.21830 58.26200 58.41320 58.86110 58.89750 59.08320 59.18240 59.71890 59.61760 59.18150 59.15620 58.92930 58.72100 58.56110 58.14970 57.52550 56.84180 56.21800 56.21010 55.74320 56.27560 55.61440 55.00880 54.41420 54.52410 54.26620 54.03340 53.93520 54.02550 54.19770 54.25790 54.36780 54.54660 54.35250 54.41570
-9999 -9999 -9999 -9999 -9999 -9999 57.86120 57.42990 57.34310 56.85420 56.55020 57.25180 57.12510 57.53120 57.42430 57.49500 57.51160 57.49450 57.80540 57.82950 57.79890 57.95870 57.95650 58.57140 58.51670 58.61210 58.38210 58.07420 57.84080 57.43190 57.33900 57.47540 57.42940 57.32620 57.46440 57.66890 57.91080 58.12330 58.40620 58.90230 59.12070 58.95070 59.07860 59.18410 59.42890 59.03370 59.01320 58.91760 58.67990 58.64910 57.87680 57.28360 56.68930 57.13930 56.55200 55.93160 56.07800 55.26570 54.66150 54.65980 54.26320 54.04500 53.69820 53.44600 53.74370 54.06310 54.61020 54.85110 54.68320 54.90290 54.68110
-9999 -9999 -9999 -9999 -9999 -9999 57.45190 57.07330 57.00980 56.55490 56.43220 56.82930 56.94300 57.06240 57.20770 57.10090 57.36260 57.32940 57.36310 57.69750 57.68730 57.74130 57.79500 58.36080 58.21830 58.41260 58.16200 57.78640 57.63850 57.22960 57.06380 57.27930 57.10210 57.08510 57.33100 57.34350 57.32450 57.60110 57.82360 58.27570 58.75910 58.71060 58.91660 59.26190 59.08860 58.85300 58.86820 58.74690 58.82710 58.73880 58.68610 58.32980 57.80390 57.52720 57.12110 57.20770 56.52770 55.79990 55.62760 55.15720 54.14330 53.98910 53.99430 53.82120 53.85030 54.68350 55.23780 55.37030 55.72880 55.88670 55.28180
-9999 -9999 -9999 -9999 -9999 -9999 -9999 -9999 -9999 -9999 56.07460 56.21170 56.12600 56.20700 56.42890 56.77390 56.88260 57.41140 57.55740 57.36970 57.43800 57.55610 57.85270 57.90030 57.91330 57.79350 57.52720 57.72780 57.51000 57.02910 57.14270 56.90570 56.93060 56.44050 56.42080 56.76010 56.76760 57.05480 57.04660 57.73020 58.18310 58.59530 58.97360 59.13740 59.02450 58.67290 58.91330 58.83900 58.58000 58.75230 58.43670 58.46580 58.27500 57.74210 57.44450 57.05160 56.74920 56.48720 56.26510 55.92030 55.59190 55.50300 55.35120 55.06560 54.99930 55.46970 55.67180 56.15660 56.35840 56.74860 56.57350
-9999 -9999 -9999 -9999 -9999 -9999 -9999 -9999 -9999 -9999 55.42070 55.51620 55.49900 55.70940 56.14360 56.55320 56.73210 57.29410 57.47460 57.16060 57.38990 57.65790 57.75520 58.04430 57.90040 57.67130 57.28480 57.59870 57.21380 56.80250 56.63730 56.43750 56.52110 56.13330 56.45510 56.63530 56.78080 57.04800 57.47790 57.66610 57.89320 58.81490 58.77600 59.03850 58.94370 58.63730 58.60630 58.63590 58.36450 58.49280 58.44610 58.36100 58.23350 57.54880 57.09610 56.80340 56.66540 56.40350 56.29870 56.30680 56.15720 55.98220 55.83190 55.99040 55.93090 56.51260 56.79950 57.20720 57.70490 57.43400 57.58050
-9999 -9999 -9999 -9999 -9999 -9999 -9999 -9999 -9999 -9999 -9999 -9999 54.91880 55.18580 55.65100 56.49420 56.80790 57.22010 57.56910 57.12270 57.15890 57.40280 57.50490 57.64460 57.68650 57.57650 57.37660 57.46540 57.06150 57.09230 56.71980 56.52220 56.53450 56.63050 56.81450 56.80830 56.87930 56.99710 57.25560 58.22490 58.29560 58.32640 58.68330 58.66700 58.74810 58.60290 58.61940 58.38140 58.58490 58.63990 58.38770 58.07320 57.78660 57.13980 56.67890 56.94020 56.82950 56.85630 56.62320 56.53720 56.29690 56.07470 56.16670 56.20080 56.23360 56.78270 57.29490 57.94100 58.26480 58.52650 57.91500
-9999 -9999 -9999 -9999 -9999 -9999 -9999 -9999 -9999 -9999 -9999 -9999 54.96430 55.05160 55.53980 56.31560 56.76730 57.29130 57.42890 56.95060 57.19450 57.54450 57.78750 57.59060 57.64810 57.69740 57.57780 57.60260 57.24060 57.08520 57.11430 56.83320 56.88270 57.07320 57.13550 57.03610 57.43180 57.59970 57.59880 58.16180 58.26180 58.57710 58.72370 58.75390 58.46640 58.64100 58.54910 58.77500 58.69820 58.61450 58.51190 58.36420 58.02870 57.26720 56.48940 56.99630 57.04490 56.89750 56.90230 56.79000 56.43880 56.40670 56.40050 56.48790 56.75370 57.14610 57.77520 58.40300 58.74960 58.65370 58.51600
-9999 -9999 -9999 -9999 -9999 -9999 -9999 -9999 -9999 -9999 -9999 53.97790 54.45200 54.67190 55.09670 56.12870 56.44840 56.88770 57.32800 57.72440 57.85030 58.02670 57.95440 57.86000 57.80270 57.47220 57.48960 57.16720 57.00460 57.29730 56.93870 57.46750 57.49340 57.34540 57.48510 57.39250 57.71100 57.84130 58.27480 58.61350 58.87900 58.76120 58.98490 59.13730 59.03870 58.72340 59.04890 58.98510 58.90750 58.94490 58.75240 58.58610 58.16590 58.09780 57.41320 57.34820 57.35570 57.45500 57.33300 57.17770 57.07380 56.61230 56.75670 56.88190 57.15110 57.51870 58.15900 58.29980 58.49250 58.30200 57.83250
-9999 -9999 -9999 -9999 -9999 -9999 -9999 -9999 -9999 -9999 -9999 53.93070 54.22240 54.72170 55.19560 56.03900 56.43830 56.88140 57.25670 58.04660 58.17840 58.16930 58.25430 58.05140 57.86780 57.81270 57.70740 57.34050 57.31850 57.28730 57.37920 57.45350 57.61130 57.50960 57.58330 57.61050 57.94690 58.12730 58.40290 59.06920 59.18120 59.21570 59.17170 59.33460 59.07150 59.29620 59.23260 59.40670 59.46860 59.38390 59.34540 59.32950 59.07250 58.76320 58.49080 58.09430 57.94630 57.74150 57.64540 57.62740 57.35640 56.90730 56.78950 57.12040 57.40120 57.92170 58.46810 58.77650 58.73980 58.65320 58.91300
