data/hydroclimate-scenarios/BCSD_hadcm_B1/monthly_summaries/rh_monthly_avg_may.2030-2059.asc
ncols	311
nrows	91
xllcenter	102.75
yllcenter	31.75
cellsize	0.5
NODATA_value	-9999
[rows 0 to 31 of 91, columns 71 to 141 of 311]
-9999 -9999 -9999 -9999 -9999 -9999 -9999 -9999 -9999 -9999 -9999 -9999 -9999 -9999 -9999 -9999 -9999 -9999 -9999 -9999 -9999 -9999 -9999 -9999 -9999 -9999 -9999 -9999 -9999 -9999 -9999 -9999 -9999 -9999 -9999 -9999 -9999 -9999 -9999 -9999 -9999 -9999 -9999 -9999 -9999 -9999 -9999 -9999 -9999 -9999 -9999 -9999 -9999 -9999 -9999 -9999 -9999 -9999 -9999 -9999 -9999 -9999 -9999 -9999 -9999 -9999 -9999 -9999 -9999 -9999 -9999
-9999 -9999 -9999 -9999 -9999 -9999 -9999 -9999 -9999 -9999 -9999 -9999 -9999 -9999 -9999 -9999 -9999 -9999 -9999 -9999 -9999 -9999 -9999 -9999 -9999 -9999 -9999 -9999 -9999 -9999 -9999 -9999 -9999 -9999 -9999 -9999 -9999 -9999 -9999 -9999 -9999 -9999 -9999 -9999 -9999 -9999 -9999 -9999 -9999 -9999 -9999 -9999 -9999 -9999 -9999 -9999 -9999 -9999 -9999 -9999 -9999 -9999 -9999 -9999 -9999 -9999 -9999 -9999 -9999 -9999 -9999
-9999 -9999 -9999 -9999 -9999 -9999 -9999 -9999 -9999 -9999 -9999 -9999 -9999 -9999 -9999 -9999 -9999 -9999 -9999 -9999 -9999 -9999 -9999 -9999 -9999 -9999 -9999 -9999 -9999 -9999 -9999 -9999 -9999 -9999 -9999 -9999 -9999 -9999 -9999 -9999 -9999 -9999 -9999 -9999 -9999 -9999 -9999 -9999 -9999 -9999 -9999 -9999 -9999 -9999 -9999 -9999 -9999 -9999 -9999 -9999 -9999 -9999 -9999 -9999 -9999 -9999 -9999 -9999 -9999 -9999 -9999
-9999 -9999 -9999 -9999 -9999 -9999 -9999 -9999 -9999 -9999 -9999 -9999 -9999 -9999 -9999 -9999 -9999 -9999 -9999 -9999 -9999 -9999 -9999 -9999 -9999 -9999 -9999 -9999 -9999 -9999 -9999 -9999 -9999 -9999 -9999 -9999 -9999 -9999 -9999 -9999 -9999 -9999 -9999 -9999 -9999 -9999 -9999 -9999 -9999 -9999 -9999 -9999 -9999 -9999 -9999 -9999 -9999 -9999 -9999 -9999 -9999 -9999 -9999 -9999 -9999 -9999 -9999 -9999 -9999 -9999 -9999
-9999 -9999 -9999 -9999 -9999 -9999 -9999 -9999 -9999 -9999 -9999 -9999 -9999 -9999 -9999 -9999 -9999 -9999 -9999 -9999 -9999 -9999 -9999 -9999 -9999 -9999 -9999 -9999 -9999 -9999 -9999 -9999 -9999 -9999 -9999 -9999 -9999 -9999 -9999 -9999 -9999 -9999 -9999 -9999 -9999 -9999 -9999 -9999 -9999 -9999 -9999 -9999 -9999 -9999 -9999 -9999 -9999 -9999 -9999 -9999 -9999 -9999 -9999 -9999 -9999 -9999 -9999 -9999 -9999 -9999 -9999
-9999 -9999 -9999 -9999 -9999 -9999 -9999 -9999 -9999 -9999 -9999 -9999 -9999 -9999 -9999 -9999 -9999 -9999 -9999 -9999 -9999 -9999 -9999 -9999 -9999 -9999 -9999 -9999 -9999 -9999 -9999 -9999 -9999 -9999 -9999 -9999 -9999 -9999 -9999 -9999 -9999 -9999 -9999 -9999 -9999 -9999 -9999 -9999 -9999 -9999 -9999 -9999 -9999 -9999 -9999 -9999 -9999 -9999 -9999 -9999 -9999 -9999 -9999 -9999 -9999 -9999 -9999 -9999 -9999 -9999 -9999
-9999 -9999 -9999 -9999 -9999 -9999 -9999 -9999 -9999 -9999 -9999 -9999 -9999 -9999 -9999 -9999 -9999 -9999 -9999 -9999 -9999 -9999 -9999 -9999 -9999 -9999 -9999 -9999 -9999 -9999 -9999 -9999 -9999 -9999 -9999 -9999 -9999 -9999 -9999 -9999 -9999 -9999 -9999 -9999 -9999 -9999 -9999 -9999 -9999 -9999 -9999 -9999 -9999 -9999 -9999 -9999 -9999 -9999 -9999 -9999 -9999 -9999 -9999 -9999 -9999 -9999 -9999 -9999 -9999 -9999 -9999
-9999 -9999 -9999 -9999 -9999 -9999 -9999 -9999 -9999 -9999 -9999 -9999 -9999 -9999 -9999 -9999 -9999 -9999 -9999 -9999 -9999 -9999 -9999 -9999 -9999 -9999 -9999 -9999 -9999 -9999 -9999 -9999 -9999 -9999 -9999 -9999 -9999 -9999 -9999 -9999 -9999 -9999 -9999 -9999 -9999 -9999 -9999 -9999 -9999 -9999 -9999 -9999 -9999 -9999 -9999 -9999 -9999 -9999 -9999 -9999 -9999 -9999 -9999 -9999 -9999 -9999 -9999 -9999 -9999 -9999 -9999
-9999 -9999 -9999 -9999 -9999 -9999 33.17940 -9999 -9999 -9999 -9999 -9999 -9999 -9999 -9999 -9999 -9999 -9999 -9999 -9999 -9999 -9999 -9999 -9999 -9999 -9999 -9999 -9999 -9999 -9999 -9999 -9999 -9999 -9999 -9999 -9999 -9999 -9999 -9999 -9999 -9999 -9999 -9999 -9999 -9999 -9999 -9999 -9999 -9999 -9999 -9999 -9999 -9999 -9999 -9999 -9999 -9999 -9999 -9999 -9999 -9999 -9999 -9999 -9999 -9999 -9999 -9999 -9999 -9999 -9999 -9999
-9999 -9999 34.48780 30.86250 29.89470 32.25370 33.96230 35.25130 36.04070 37.63310 38.82870 39.63850 40.60390 40.53200 41.18080 41.31260 43.12670 42.66310 43.08540 42.87660 42.25140 41.15250 -9999 -9999 -9999 -9999 -9999 -9999 -9999 -9999 -9999 -9999 -9999 -9999 -9999 -9999 -9999 -9999 -9999 -9999 -9999 -9999 -9999 -9999 -9999 -9999 -9999 -9999 -9999 -9999 -9999 -9999 -9999 -9999 -9999 -9999 -9999 -9999 -9999 -9999 -9999 -9999 -9999 -9999 -9999 -9999 -9999 -9999 -9999 -9999 -9999
-9999 -9999 -9999 -9999 30.67830 31.00180 34.45990 34.83280 36.05310 37.01710 38.08250 39.22190 41.36550 41.34360 40.71420 41.28080 43.16760 43.16170 43.71410 44.20250 43.69660 43.75140 -9999 -9999 -9999 -9999 -9999 -9999 -9999 -9999 -9999 -9999 -9999 -9999 -9999 -9999 -9999 -9999 -9999 -9999 -9999 -9999 -9999 -9999 -9999 -9999 -9999 -9999 -9999 -9999 -9999 -9999 -9999 -9999 -9999 -9999 -9999 -9999 -9999 -9999 -9999 -9999 -9999 -9999 -9999 -9999 -9999 -9999 -9999 -9999 -9999
27.70860 28.02450 28.55500 28.92480 30.12890 30.54270 33.93670 34.14940 35.76590 36.26900 37.52920 38.30480 40.07950 40.68440 41.27680 41.30630 42.68740 43.12670 43.45800 43.84600 43.88850 43.80410 43.06270 41.03820 40.41460 39.85790 39.83140 38.16370 -9999 -9999 -9999 -9999 -9999 -9999 -9999 -9999 -9999 -9999 -9999 -9999 -9999 -9999 -9999 -9999 -9999 -9999 -9999 -9999 -9999 -9999 -9999 -9999 -9999 -9999 -9999 -9999 -9999 -9999 -9999 -9999 -9999 -9999 -9999 -9999 -9999 -9999 -9999 -9999 -9999 -9999 -9999
27.46540 27.90300 28.48310 29.17650 29.47650 31.65190 33.44390 33.98040 34.97750 35.48860 37.03570 37.91670 39.09450 40.09830 40.46100 41.27280 41.53550 41.69560 42.87670 44.45590 43.93890 43.65430 44.25880 42.61760 41.71510 39.72980 40.15820 39.32700 38.88210 37.19600 36.17350 35.82690 36.10680 35.83590 34.50700 33.09040 32.05690 32.04120 31.20300 31.17270 31.13760 31.24170 31.61910 -9999 -9999 -9999 -9999 -9999 -9999 -9999 -9999 -9999 -9999 -9999 -9999 -9999 -9999 -9999 -9999 -9999 -9999 -9999 -9999 -9999 -9999 -9999 -9999 -9999 -9999 -9999 -9999
27.96120 28.57010 28.54680 29.33450 31.21640 31.62710 32.64390 33.07800 34.27680 34.91760 36.18630 37.30670 38.68850 39.34460 39.93430 40.68350 41.01860 41.56390 41.98680 43.56040 45.06070 44.91740 43.77570 43.07660 41.83750 40.82740 39.52560 39.18740 39.21970 38.82780 38.32710 37.90200 34.85180 34.64080 33.86560 33.66020 33.34260 31.60900 31.04900 31.12210 31.28850 30.57450 30.82560 30.83100 -9999 -9999 -9999 -9999 -9999 -9999 -9999 -9999 -9999 -9999 -9999 -9999 -9999 -9999 -9999 -9999 -9999 -9999 -9999 -9999 -9999 -9999 -9999 -9999 -9999 -9999 -9999
33.03380 32.64270 31.67750 33.96970 32.08670 32.97220 35.20280 35.44940 36.57360 36.23700 37.83460 38.32830 38.45760 39.05300 39.80700 40.14410 41.17240 41.69070 41.65180 43.38720 43.52150 43.34540 41.46560 41.02570 41.64550 42.16310 40.71590 40.67770 39.10000 37.22300 36.60130 36.10950 36.17000 36.10460 34.30890 33.84890 33.55690 33.48540 33.23490 32.35620 32.12590 31.14110 31.15170 31.02890 -9999 -9999 -9999 -9999 -9999 -9999 -9999 -9999 -9999 -9999 -9999 -9999 -9999 -9999 -9999 30.83240 31.48340 -9999 -9999 -9999 -9999 35.37100 38.51640 40.68030 39.33550 37.38960 38.12420
31.65830 31.98080 31.87450 33.50390 32.00070 31.26790 32.37590 34.02410 35.56970 36.14160 36.28320 36.75210 37.55700 38.88490 39.91720 39.28820 40.36150 40.46730 40.07730 40.21340 41.41440 41.59890 41.88330 38.82200 39.93320 39.88000 40.03710 39.98010 38.67900 38.37450 37.63730 35.61800 36.00360 35.31430 34.87750 34.74960 33.18060 32.93390 33.12040 32.50790 32.69210 32.36830 32.15320 32.11410 32.02980 31.96770 31.94590 31.88890 34.07080 34.59040 34.00350 34.35970 34.59660 33.98830 34.52090 34.31900 31.06850 31.08120 32.31600 32.56820 33.11680 -9999 -9999 -9999 -9999 -9999 37.88910 39.42170 40.70070 42.45460 44.18100
33.11980 31.65080 31.65700 33.71600 31.87980 31.52500 32.41590 32.27520 33.07010 32.59600 32.59040 34.15140 35.54580 36.30780 37.51260 38.52940 38.16150 38.97310 38.32750 38.88210 39.02600 38.91290 37.95530 37.82370 38.52600 38.48700 38.09770 38.81670 38.13870 37.83460 36.78310 36.40480 36.90600 35.88920 35.44110 35.77460 34.26680 34.34140 35.27100 33.86240 33.30180 32.92890 33.22540 32.96860 33.59140 33.27150 33.06450 33.22960 34.98600 36.12170 35.19860 33.73700 35.35150 37.47390 37.93780 35.93540 37.99140 37.94150 37.70810 36.65920 36.96700 37.02460 36.74040 36.27990 38.23320 38.35720 39.96190 39.88860 41.08560 42.83000 45.35210
32.81550 35.88690 31.25840 33.13260 33.64280 32.12800 32.29580 32.78740 30.71880 31.67310 31.40230 33.54690 33.58050 35.65950 36.28140 37.80930 37.38780 37.21280 37.06370 37.47440 37.92310 37.35970 37.48810 37.69020 39.00910 38.78560 38.95460 38.70150 38.29360 37.33060 36.04490 36.06420 36.46200 36.46390 36.67950 35.71270 34.87440 35.04380 34.61930 34.54960 34.06810 34.28630 34.23160 33.87550 34.35710 34.32320 34.87290 34.49840 33.67450 33.88050 35.25040 33.83680 35.46250 36.58100 37.76400 39.66560 39.84790 39.13580 39.46830 39.62200 39.67940 41.87640 40.42600 39.58720 40.51690 41.09860 41.09780 41.12250 41.56400 45.05720 47.85270
34.12530 35.60090 33.56270 31.08560 32.49400 31.85150 29.72480 31.96480 31.24880 30.58070 30.45070 31.01640 33.02090 34.02410 34.16250 34.79090 34.54170 35.72260 36.18680 38.00460 38.08030 38.42460 38.84240 39.11190 37.69900 37.50680 37.70410 38.18040 38.87240 38.63080 38.25540 38.34630 36.45950 36.21930 36.41920 35.90660 36.07240 36.13870 36.02670 35.76460 35.43220 35.22320 36.43800 37.06630 35.46110 34.56520 35.06210 35.14400 34.78960 36.57480 36.93950 37.86890 38.03150 38.04490 37.87380 38.19240 39.24020 40.89120 40.84620 41.53540 42.08640 44.43530 45.44020 44.83600 44.55190 44.26980 44.85840 45.44880 46.62000 47.87160 48.99510
32.64790 34.48430 34.84380 35.01630 33.22980 31.22760 29.74100 30.97370 31.33790 30.02890 33.86920 33.92170 34.31570 33.01610 32.74620 33.23380 34.21100 34.15740 35.70210 36.46470 37.58820 37.45350 38.13470 38.08200 37.20240 36.71060 37.12960 36.96140 37.50780 38.02380 37.64080 38.00220 37.67850 37.56600 36.30680 36.29990 36.98140 37.51760 37.12880 37.68760 37.05400 36.46210 37.12050 36.91450 37.10900 37.40690 37.07640 36.65090 35.44780 37.06230 38.57740 38.90270 39.80660 38.84280 40.76100 41.54940 41.99400 43.83030 41.62900 40.57670 41.43940 41.56580 43.08030 45.54430 46.95060 46.74360 48.03430 47.53160 48.35360 49.40010 49.99110
32.76240 34.00800 34.63380 35.12430 35.92120 32.87520 31.53980 30.44170 30.02630 29.69380 33.06400 35.36490 36.81340 38.35520 36.85850 35.24100 34.54180 34.27240 34.43560 35.63870 36.11390 36.01060 36.63660 37.26060 37.34670 37.43610 39.03520 39.40530 38.62080 38.72310 38.76830 38.35550 37.56410 37.48300 37.78630 37.99620 38.48060 39.12720 37.42110 37.47340 37.85840 38.88360 37.11390 36.94770 37.06650 35.71520 36.48200 36.70730 36.88220 37.24960 38.17560 39.48910 40.44240 40.77280 40.80580 42.27170 43.32850 44.40840 43.08590 45.20300 44.42790 44.54440 43.98100 44.97250 46.26120 46.43760 47.55980 48.51740 47.72200 48.41100 50.15890
35.04290 35.27600 36.02010 35.60300 35.60700 35.39110 34.83190 34.65440 32.91960 30.38320 29.89360 31.92460 32.81830 35.15270 37.59930 38.13670 38.13910 38.20490 37.13790 37.10090 36.61790 36.85560 36.29540 37.48750 37.70360 39.83620 39.83380 39.77870 39.56480 39.13650 39.00490 40.26700 39.09660 39.43160 38.79790 38.89760 38.73620 39.55270 38.65050 39.08110 39.60520 39.66030 36.91020 38.56420 38.78220 38.59910 38.77230 39.14790 39.03830 38.79740 41.61140 42.27320 43.51990 43.67410 44.13890 44.83810 46.97640 45.79380 45.66860 46.95590 45.12950 45.61450 46.66580 46.25690 47.97270 48.02410 48.66940 48.55690 47.68250 48.65010 50.07130
33.65190 34.43190 35.05090 34.68870 35.03050 35.60050 34.97250 34.69190 34.76900 33.36770 31.49220 32.29300 33.18930 32.87830 33.69190 34.29770 35.91360 37.52120 38.64470 38.71040 39.14710 39.80170 38.33770 38.24270 37.97280 39.82980 39.56580 39.37450 40.02020 39.74610 39.69010 39.18900 40.16040 39.41380 40.40010 38.29990 38.36480 39.25760 39.20440 39.30810 38.82220 38.91110 39.08600 38.68250 38.74270 38.66510 40.61920 40.04160 41.30410 43.58930 44.73830 44.96360 45.53520 47.90650 47.21700 48.84940 46.76830 47.61200 46.43950 46.51080 47.96340 49.26140 48.49990 48.66270 49.60430 48.95840 48.64530 48.62850 49.18460 49.38230 49.64130
33.60300 34.07260 33.84210 33.88180 34.32050 35.44500 35.01260 35.77210 34.45850 33.07090 30.79960 34.48400 35.18950 33.73890 36.71550 36.24840 37.99590 33.17550 36.61960 38.66730 40.93960 41.03230 39.63820 38.55940 37.94330 39.29670 39.13610 40.09780 39.93660 39.69580 39.93910 39.84400 40.43540 39.07930 38.89880 38.88420 39.32940 39.76150 39.91030 40.17610 40.83440 40.72600 40.06510 40.55820 37.58580 36.64950 39.42820 40.24930 43.21340 44.54130 45.28460 46.08970 45.88920 47.89910 49.03970 50.02220 48.86960 49.52260 48.39140 48.72980 50.11770 50.50480 49.36340 50.64490 49.91130 50.13540 49.62470 50.11270 49.71940 50.76880 50.91980
34.56710 34.68230 34.31100 33.94340 34.33080 34.56230 34.56560 34.65190 33.92010 33.38830 32.48920 33.06010 33.64360 33.36260 36.15020 37.09920 35.84120 37.90500 36.53480 36.19170 37.95350 39.46320 39.20700 39.90090 39.02070 38.68100 39.38710 39.72370 40.24110 39.83390 40.11730 40.32440 40.48230 40.85780 40.24250 39.87380 39.74610 39.86810 40.27110 40.39210 41.50120 41.45470 41.50580 41.07580 39.36390 39.37660 40.26940 41.64770 44.79120 46.32080 46.74330 46.47340 46.55480 48.40590 49.81070 49.81320 49.21430 49.56060 50.56410 50.63910 51.32740 51.41640 51.09020 51.07930 49.67730 50.03690 50.89370 50.55310 50.78860 51.42300 51.44120
35.53900 35.74420 35.79900 35.80690 35.52130 34.76920 34.22150 33.86700 33.25150 32.33890 32.63550 34.27940 33.89130 33.67340 34.81910 36.71290 36.57500 37.39640 38.62000 38.24850 37.77420 37.30150 37.81460 38.77440 40.04120 40.59490 39.57770 39.71050 40.67650 40.80240 40.92960 40.38910 40.38350 40.25120 40.83080 41.18450 40.81740 42.09700 41.86710 42.57470 43.30700 43.08560 42.89480 44.16870 42.60250 41.55260 41.53130 43.48710 45.32490 46.68090 47.79370 47.61850 47.11330 47.80280 49.16000 50.07840 50.05300 51.12460 51.73920 52.40110 52.15160 52.71290 52.35440 52.51850 51.50840 51.11020 51.97140 51.69340 51.54590 52.75340 53.82830
37.04350 37.00460 37.41180 37.83340 37.40370 36.92160 35.82630 34.63520 33.32680 32.81150 32.62120 33.67460 37.24860 36.91590 35.32280 35.88500 37.26660 38.34210 38.79940 38.97160 38.95640 39.71880 40.17490 40.79540 41.08460 41.69010 42.52780 42.15730 40.56660 41.30350 41.14060 41.06590 40.97170 41.66470 40.91150 40.35620 41.66570 42.41450 42.05840 41.85670 43.87080 44.53520 43.81080 43.70650 43.77610 43.66640 43.94300 45.09410 46.14510 46.85870 47.54490 48.49440 48.77680 49.84730 50.72800 52.19520 52.80820 53.22040 53.45720 53.83900 53.55010 53.64170 53.52550 53.30930 53.53100 53.61070 53.03420 53.12540 54.47250 55.05940 54.52410
36.61960 37.31400 37.84910 36.40170 38.86420 37.97340 37.71190 35.77210 35.03090 33.66890 31.41160 33.57890 36.40670 38.29290 38.13700 38.20180 38.38210 38.23810 38.97820 38.70300 41.78680 40.94100 40.09740 41.35890 41.96620 42.56540 43.58440 43.67240 41.24670 41.29200 41.92710 42.23670 42.99220 42.40550 42.34910 40.96590 42.39990 43.21500 43.34640 43.76040 45.70550 45.70760 45.19900 45.75850 45.64870 45.79010 45.87670 46.97080 48.36060 48.84650 50.50450 51.27180 51.92810 52.71650 54.25760 54.88000 55.23280 56.15950 56.21460 56.11960 55.65240 55.18210 55.04280 54.82770 54.84750 54.76460 54.38040 55.09140 56.10540 56.27330 56.17960
39.13710 39.06810 39.74650 37.96370 37.46430 37.77280 38.40540 38.68620 38.51580 37.33360 35.59490 36.67860 36.85600 37.77800 40.25150 39.53320 38.83790 39.10750 40.15830 40.44340 40.20500 42.25270 43.64240 43.89700 43.70450 43.24850 44.15810 43.84030 43.28610 43.60570 43.25410 43.31800 43.13420 43.52030 43.25810 42.87740 43.35140 44.92720 45.19760 46.42080 46.85800 47.30080 47.86160 47.78000 46.89770 47.44150 47.80390 48.49200 49.07170 50.06110 51.45000 52.12880 53.36250 54.68660 56.86590 57.63630 59.11010 59.13010 58.09530 57.46640 57.03680 56.88300 56.59160 56.30100 56.73920 56.14910 55.90830 57.14440 58.28040 58.44320 58.82180
38.93660 39.96040 40.37670 40.74220 39.50440 38.56160 40.49420 40.21480 41.37450 41.77620 40.66240 40.78010 40.33150 41.19810 41.63220 41.45920 41.54490 41.51750 40.68960 41.85950 42.84300 44.53330 46.21260 45.93680 44.69560 45.25630 45.38250 45.21280 44.83350 45.26790 45.44780 45.24080 45.08790 45.39900 44.97580 44.76960 45.67110 46.01320 46.93230 47.93830 48.22210 48.82430 49.10880 49.25330 48.35650 49.26360 49.73890 50.58540 51.16100 52.01510 -9999 -9999 55.02480 56.81010 58.91290 59.44860 60.16610 60.42760 59.83720 59.14000 58.81250 58.39590 58.19330 57.40760 57.53960 57.92970 57.26240 58.26630 59.71560 59.95100 60.60160
40.60570 41.00550 41.52870 42.68840 43.77400 43.88750 41.61540 43.19740 42.44680 39.93850 40.52100 42.62640 42.71330 43.55610 43.36220 42.74900 43.26860 43.29910 43.44590 44.85530 45.85570 45.95880 47.48420 48.19670 48.38310 48.09150 47.66110 46.46670 46.15500 47.34660 48.20160 47.91060 47.22960 46.74970 46.93410 46.91630 47.85780 47.59250 47.56350 -9999 -9999 -9999 -9999 49.57230 -9999 49.84260 50.80760 51.72860 52.24460 52.83630 -9999 -9999 55.17890 56.14920 57.81050 58.59080 59.85390 59.65500 59.69030 59.52390 59.18150 59.09290 58.93020 58.46560 59.02270 58.89600 58.49360 59.16820 59.02620 60.13080 61.65690
41.15010 41.80230 43.59210 44.40250 45.83610 45.39940 45.90700 45.38840 43.65180 43.73640 44.24940 44.60060 44.42650 45.38950 45.39020 44.92720 45.31750 46.39370 46.99160 46.88180 48.70900 48.56660 50.30180 50.46310 50.15040 49.97860 48.92290 48.84460 48.55920 49.48940 50.31300 50.89140 49.33860 49.58810 49.25290 49.20100 48.89110 -9999 -9999 -9999 -9999 -9999 -9999 -9999 50.80110 51.25880 52.18740 -9999 -9999 -9999 -9999 -9999 56.74050 57.35140 58.18260 58.81890 59.35820 59.90780 60.67240 60.11190 60.74360 60.79450 61.01310 60.46680 60.67070 60.74860 60.50790 60.73020 60.84830 61.98710 -9999
