data/hydroclimate-scenarios/BCSD_hadcm_B1/monthly_summaries/rh_monthly_avg_jul.2030-2059.asc
ncols	311
nrows	91
xllcenter	102.75
yllcenter	31.75
cellsize	0.5
NODATA_value	-9999
[rows 0 to 31 of 91, columns 213 to 283 of 311]
-9999 -9999 -9999 -9999 -9999 -9999 -9999 -9999 -9999 -9999 -9999 -9999 -9999 -9999 -9999 -9999 -9999 -9999 -9999 -9999 -9999 -9999 -9999 -9999 -9999 -9999 -9999 -9999 -9999 -9999 -9999 -9999 -9999 -9999 -9999 -9999 -9999 -9999 -9999 -9999 -9999 -9999 -9999 -9999 -9999 -9999 -9999 -9999 -9999 -9999 -9999 -9999 -9999 -9999 -9999 -9999 -9999 -9999 -9999 -9999 -9999 -9999 -9999 -9999 -9999 -9999 -9999 -9999 -9999 -9999 -9999
-9999 -9999 -9999 -9999 -9999 -9999 -9999 -9999 -9999 -9999 -9999 -9999 -9999 -9999 -9999 -9999 -9999 -9999 -9999 -9999 -9999 -9999 -9999 -9999 -9999 -9999 -9999 -9999 -9999 -9999 -9999 -9999 -9999 -9999 -9999 -9999 -9999 -9999 -9999 -9999 -9999 -9999 -9999 -9999 -9999 -9999 -9999 -9999 -9999 -9999 -9999 -9999 -9999 -9999 -9999 -9999 -9999 -9999 -9999 -9999 -9999 -9999 -9999 -9999 -9999 -9999 -9999 -9999 -9999 -9999 -9999
-9999 -9999 -9999 -9999 -9999 -9999 -9999 -9999 -9999 -9999 -9999 -9999 -9999 -9999 -9999 -9999 -9999 -9999 -9999 -9999 -9999 -9999 -9999 -9999 -9999 -9999 -9999 -9999 -9999 -9999 -9999 -9999 -9999 -9999 -9999 -9999 -9999 -9999 -9999 -9999 -9999 -9999 -9999 -9999 -9999 -9999 -9999 -9999 -9999 -9999 -9999 -9999 -9999 -9999 -9999 -9999 -9999 -9999 -9999 -9999 -9999 -9999 -9999 -9999 -9999 -9999 -9999 -9999 -9999 -9999 -9999
-9999 -9999 -9999 -9999 -9999 -9999 -9999 -9999 -9999 -9999 -9999 -9999 -9999 -9999 -9999 -9999 -9999 -9999 -9999 -9999 -9999 -9999 -9999 -9999 -9999 -9999 -9999 -9999 -9999 -9999 -9999 -9999 -9999 -9999 -9999 -9999 -9999 -9999 -9999 -9999 -9999 -9999 -9999 -9999 -9999 -9999 -9999 -9999 -9999 -9999 -9999 -9999 -9999 -9999 -9999 -9999 -9999 -9999 -9999 -9999 -9999 -9999 -9999 -9999 -9999 -9999 -9999 -9999 -9999 -9999 -9999
-9999 -9999 -9999 -9999 -9999 -9999 -9999 -9999 -9999 -9999 -9999 -9999 -9999 -9999 -9999 -9999 -9999 -9999 -9999 -9999 -9999 -9999 -9999 -9999 -9999 -9999 -9999 -9999 -9999 -9999 -9999 -9999 -9999 -9999 -9999 -9999 -9999 -9999 -9999 -9999 -9999 -9999 -9999 -9999 -9999 -9999 -9999 -9999 -9999 -9999 -9999 -9999 -9999 -9999 -9999 -9999 -9999 -9999 -9999 -9999 -9999 -9999 -9999 -9999 -9999 -9999 -9999 -9999 -9999 -9999 -9999
-9999 -9999 -9999 -9999 -9999 -9999 -9999 -9999 -9999 -9999 -9999 -9999 -9999 -9999 -9999 -9999 -9999 -9999 -9999 -9999 -9999 -9999 -9999 -9999 -9999 -9999 -9999 -9999 -9999 -9999 -9999 -9999 -9999 -9999 -9999 -9999 -9999 -9999 -9999 -9999 -9999 -9999 -9999 -9999 -9999 -9999 -9999 -9999 -9999 -9999 -9999 -9999 -9999 -9999 -9999 -9999 -9999 -9999 -9999 -9999 -9999 -9999 -9999 -9999 -9999 -9999 -9999 -9999 -9999 -9999 -9999
-9999 -9999 -9999 -9999 -9999 -9999 -9999 -9999 -9999 -9999 -9999 -9999 -9999 -9999 -9999 -9999 -9999 -9999 -9999 -9999 -9999 -9999 -9999 -9999 -9999 -9999 -9999 -9999 -9999 -9999 -9999 -9999 -9999 -9999 -9999 -9999 -9999 -9999 -9999 -9999 -9999 -9999 -9999 -9999 -9999 -9999 -9999 -9999 -9999 -9999 -9999 -9999 -9999 -9999 -9999 -9999 -9999 -9999 -9999 -9999 -9999 -9999 -9999 -9999 -9999 -9999 -9999 -9999 -9999 -9999 -9999
-9999 -9999 -9999 -9999 -9999 -9999 -9999 -9999 -9999 -9999 -9999 -9999 -9999 -9999 -9999 -9999 -9999 -9999 -9999 -9999 -9999 -9999 -9999 -9999 -9999 -9999 -9999 -9999 -9999 -9999 -9999 -9999 -9999 -9999 -9999 -9999 -9999 -9999 -9999 -9999 -9999 -9999 -9999 -9999 -9999 -9999 -9999 -9999 -9999 -9999 -9999 -9999 -9999 -9999 -9999 -9999 -9999 -9999 -9999 -9999 -9999 -9999 -9999 -9999 -9999 -9999 -9999 -9999 -9999 -9999 -9999
-9999 -9999 -9999 -9999 -9999 -9999 -9999 -9999 -9999 -9999 -9999 -9999 -9999 -9999 -9999 -9999 -9999 -9999 -9999 -9999 -9999 -9999 -9999 -9999 -9999 -9999 -9999 -9999 -9999 -9999 -9999 -9999 -9999 -9999 -9999 -9999 -9999 -9999 -9999 -9999 -9999 -9999 -9999 -9999 -9999 -9999 -9999 -9999 -9999 -9999 -9999 -9999 -9999 -9999 -9999 -9999 -9999 -9999 -9999 -9999 -9999 -9999 -9999 -9999 -9999 -9999 -9999 -9999 -9999 -9999 -9999
-9999 -9999 -9999 -9999 -9999 -9999 -9999 -9999 -9999 -9999 -9999 -9999 -9999 -9999 -9999 -9999 -9999 -9999 -9999 -9999 -9999 -9999 -9999 -9999 -9999 -9999 -9999 -9999 -9999 -9999 -9999 -9999 -9999 -9999 -9999 -9999 -9999 -9999 -9999 -9999 -9999 -9999 -9999 -9999 -9999 -9999 -9999 -9999 -9999 -9999 -9999 -9999 -9999 -9999 -9999 -9999 -9999 -9999 -9999 -9999 -9999 -9999 -9999 -9999 -9999 -9999 -9999 -9999 -9999 -9999 -9999
-9999 -9999 -9999 -9999 -9999 -9999 -9999 -9999 -9999 -9999 -9999 -9999 -9999 -9999 -9999 -9999 -9999 -9999 -9999 -9999 -9999 -9999 -9999 -9999 -9999 -9999 -9999 -9999 -9999 -9999 -9999 -9999 -9999 -9999 -9999 -9999 -9999 -9999 -9999 -9999 -9999 -9999 -9999 -9999 -9999 -9999 -9999 -9999 -9999 -9999 -9999 -9999 -9999 -9999 -9999 -9999 -9999 -9999 -9999 -9999 -9999 -9999 -9999 -9999 -9999 -9999 -9999 -9999 -9999 -9999 -9999
-9999 -9999 -9999 -9999 -9999 -9999 -9999 -9999 -9999 -9999 -9999 -9999 -9999 -9999 -9999 -9999 -9999 -9999 -9999 -9999 -9999 -9999 -9999 -9999 -9999 -9999 -9999 -9999 -9999 -9999 -9999 -9999 -9999 -9999 -9999 -9999 -9999 -9999 -9999 -9999 -9999 -9999 -9999 -9999 -9999 -9999 -9999 -9999 -9999 -9999 -9999 -9999 -9999 -9999 -9999 -9999 -9999 -9999 -9999 -9999 -9999 -9999 -9999 -9999 -9999 -9999 -9999 -9999 -9999 -9999 -9999
-9999 -9999 -9999 -9999 -9999 -9999 -9999 -9999 -9999 -9999 -9999 -9999 -9999 -9999 -9999 -9999 -9999 -9999 -9999 -9999 -9999 -9999 -9999 -9999 -9999 -9999 -9999 -9999 -9999 -9999 -9999 -9999 -9999 -9999 -9999 -9999 -9999 -9999 -9999 -9999 -9999 -9999 -9999 -9999 -9999 -9999 -9999 -9999 -9999 -9999 -9999 -9999 -9999 -9999 -9999 -9999 -9999 -9999 -9999 -9999 -9999 -9999 -9999 -9999 -9999 -9999 -9999 -9999 -9999 -9999 -9999
37.54450 37.94080 37.71590 37.51250 37.92460 37.81610 -9999 -9999 -9999 -9999 -9999 -9999 -9999 -9999 -9999 -9999 -9999 -9999 -9999 -9999 -9999 -9999 -9999 -9999 -9999 -9999 -9999 -9999 -9999 -9999 -9999 -9999 -9999 -9999 -9999 -9999 -9999 -9999 -9999 -9999 -9999 -9999 -9999 -9999 -9999 -9999 -9999 40.18900 -9999 -9999 -9999 -9999 -9999 -9999 -9999 -9999 -9999 -9999 -9999 -9999 -9999 -9999 -9999 -9999 -9999 -9999 -9999 -9999 -9999 -9999 -9999
34.96140 36.56180 37.83390 38.42750 38.54240 39.03420 38.94210 39.23130 40.48500 41.52440 41.95220 43.94940 44.36280 44.47670 43.56090 43.02070 42.90060 41.06120 50.98420 -9999 -9999 -9999 -9999 -9999 -9999 -9999 -9999 -9999 -9999 -9999 -9999 -9999 -9999 -9999 -9999 -9999 -9999 -9999 -9999 -9999 -9999 -9999 37.24580 35.92640 37.24320 41.69930 46.51620 46.50040 44.07030 -9999 -9999 -9999 47.38760 -9999 -9999 -9999 49.88500 50.07250 50.01440 -9999 -9999 -9999 -9999 -9999 -9999 -9999 -9999 -9999 -9999 -9999 -9999
35.94340 36.96690 39.63620 40.83990 40.96830 41.59060 42.03020 45.43160 47.94750 49.17640 49.33720 51.29470 52.36000 53.89510 54.85590 55.18590 53.90280 52.30710 51.54250 49.53220 47.79790 46.80540 45.29230 46.21840 42.30900 -9999 -9999 -9999 -9999 -9999 42.16950 41.12210 39.84560 39.22420 38.53580 36.60160 35.70580 36.03990 37.31790 36.91890 36.46430 36.78480 41.33160 41.72640 43.39990 43.93980 48.58760 50.19290 47.20360 48.81430 49.13960 49.48670 49.12820 49.39380 50.93100 50.66600 52.13700 52.61900 53.36680 52.55340 51.37420 49.93260 49.46250 47.91740 -9999 -9999 -9999 -9999 -9999 -9999 -9999
44.45310 46.36990 47.59940 49.75780 48.12380 47.90950 52.43220 55.60210 55.88370 55.62850 54.98510 57.21400 58.78730 59.99430 57.86160 58.07770 56.81830 55.83610 52.63750 50.62670 48.12750 46.92110 47.85650 48.38380 45.32260 45.84120 46.58330 46.76780 46.79520 46.18590 44.24520 43.07250 43.84730 43.81700 42.49320 41.68490 39.79980 40.04440 40.14040 40.94850 40.48680 40.29420 41.02970 41.53220 42.82410 43.15900 45.85760 47.02170 48.85720 49.30050 50.87070 51.29660 51.83740 51.93660 52.19370 52.10510 52.47140 51.70300 49.84370 49.44710 49.52100 49.13090 49.97220 51.10540 50.40850 49.70360 48.04740 47.70820 47.07950 46.97880 47.33760
55.01820 55.48170 56.04070 56.23610 54.66030 55.59370 53.61810 53.34680 54.01500 53.21810 52.56860 52.54900 55.47030 54.55300 51.12940 50.43490 52.01380 51.11180 52.94090 52.02740 49.74270 48.90750 48.52700 48.65370 46.68660 47.03480 47.67020 47.59230 48.23650 47.93960 46.64770 44.75570 45.24580 44.82490 44.26220 43.93380 43.00610 42.82260 42.64610 42.84660 42.71750 42.84820 43.01850 43.34230 43.76410 45.16720 47.18750 48.12150 49.50300 50.06880 51.08770 51.56320 51.86860 51.90800 52.22820 52.10510 52.71310 52.03460 50.39230 49.49690 49.58220 49.05780 50.67530 50.50010 49.95370 48.80490 48.78180 49.59340 48.76170 49.52200 49.39220
51.88140 51.39860 50.01910 51.55540 52.03080 50.48000 49.23440 50.37890 49.55870 47.92330 48.15780 48.98520 48.57320 46.70960 48.12860 48.83970 49.22070 48.94550 51.99980 50.33710 50.58920 49.36670 49.32370 48.90400 46.41320 46.74140 48.36700 48.31730 48.83190 48.54970 46.61780 44.93920 42.71890 42.85150 44.94920 44.29120 44.72710 44.31850 42.07000 41.99320 41.44470 41.59450 42.81400 43.20410 44.84260 46.05410 48.37230 48.87600 49.55240 50.12980 50.82330 51.59160 50.92750 50.91490 51.14600 51.32580 51.18400 51.31830 50.92450 50.31660 49.33160 49.45530 50.22940 49.46150 49.10310 49.42170 49.11210 49.26490 49.30370 49.54150 49.92470
52.48430 53.63110 55.15620 52.19890 50.99160 50.69200 48.51660 47.17280 46.36440 45.27210 44.36340 43.86200 44.71090 44.49520 47.12710 48.96090 48.82750 49.12730 53.03580 52.02540 50.32700 49.85880 50.04610 50.00510 47.20380 47.57030 48.27110 48.29100 48.06020 48.02360 46.53450 45.31450 43.06370 42.72720 44.91550 44.38540 44.32950 44.03530 42.43330 42.72650 41.96660 42.04980 44.54660 44.57890 44.97630 45.83440 47.92330 49.22600 49.58200 50.42210 50.87840 51.07880 50.36300 50.77350 50.39650 50.48010 50.51710 50.55860 51.26560 50.51880 50.04540 49.62850 49.43370 49.31180 49.49160 49.06680 48.92130 48.58110 49.27830 50.03390 49.53060
56.53530 60.31570 60.71050 56.16770 53.03240 50.42030 48.67690 47.43310 42.53700 41.17240 40.50950 40.46590 41.60400 42.82690 45.47520 50.95650 51.96150 52.45640 52.73980 52.61640 50.50320 50.07420 50.56550 49.76170 47.64380 47.66490 48.01640 47.93230 47.47930 47.44840 47.12110 46.59350 45.38880 44.89670 44.62890 44.29040 44.12860 43.85020 43.40530 43.66550 42.90160 42.89230 44.55480 45.17440 45.30260 46.12870 47.53020 48.72160 49.70720 50.82570 51.32450 51.28010 50.66280 50.67690 50.14310 49.78340 49.49650 49.18830 47.90240 47.59880 49.12920 49.07550 48.38530 49.04530 48.41300 48.19040 48.20540 48.67990 48.84360 48.65620 49.10010
57.69550 56.38870 53.58780 46.07880 44.04140 45.48190 45.46580 47.15070 46.43940 45.84860 44.27260 43.09720 42.73870 42.81050 46.20660 48.69660 50.74270 51.09170 53.27830 53.05950 50.98380 48.94660 48.71320 48.90300 47.80980 47.95030 48.19120 47.94730 47.41240 47.44050 47.19590 46.63540 45.75200 45.05150 44.51690 44.40200 44.14430 44.51090 44.08590 43.77600 43.35100 43.60750 44.98900 45.10530 44.96380 46.70320 47.82070 49.30050 50.04770 51.11500 51.60300 51.35010 50.07760 49.70100 49.19020 48.26660 47.97040 48.03230 47.86020 48.93220 48.63810 48.49600 49.66470 49.23990 48.69340 47.86860 46.82890 47.72760 47.68660 47.56690 47.56000
56.65330 51.36590 48.05580 48.94270 50.53830 54.50810 59.58270 60.52010 58.27740 56.50830 53.87410 54.16470 52.05540 45.14370 49.87870 51.82910 54.58760 53.18450 53.45680 53.11950 50.95120 48.82350 48.63880 48.75290 47.60850 47.80170 47.21380 47.08800 47.09090 46.69660 45.79750 44.99960 45.67220 45.47500 45.42820 45.20890 44.52930 44.82300 45.19820 45.40680 45.61640 45.64060 45.44100 45.64010 47.09900 48.70940 49.38090 51.19110 51.28860 51.98230 51.40510 51.43730 50.55430 50.15320 50.01650 49.88730 49.26840 50.10130 49.93520 49.28460 49.79240 48.99730 47.41140 46.87690 45.80620 46.07170 46.37470 46.36840 46.56800 46.69970 46.41250
51.60050 52.04690 53.96950 52.21960 49.53540 53.76400 58.34520 58.53080 57.44510 56.33340 56.03200 56.59550 57.10770 55.59070 56.21360 54.61860 53.33030 51.50970 53.70990 53.07520 51.20030 48.55500 49.34420 49.71110 47.29230 47.24050 46.71870 46.80280 46.24870 46.29820 45.89640 45.22920 45.84120 45.39090 45.74340 46.19480 45.37350 45.03360 45.79920 46.65190 47.34500 47.52950 47.95060 48.27020 49.64470 50.33460 50.44180 50.90680 51.85400 52.02640 51.47960 50.53470 50.69530 50.43870 49.40200 49.52230 50.33250 49.83830 49.92070 48.24710 48.46930 47.00400 47.30300 47.52320 46.50960 46.13360 45.72770 45.64040 45.51940 45.17060 45.20930
51.08430 51.18260 52.79310 52.54840 51.38190 51.21530 49.82020 51.47260 56.20530 57.09660 57.92020 57.29920 58.45080 58.53310 58.95260 57.59940 56.52680 53.16000 52.01680 53.68500 51.90800 49.77520 48.64590 48.29330 46.92770 45.67480 44.89380 44.93400 45.76640 45.79360 44.94220 45.29850 44.56070 44.98750 45.03330 45.80880 46.11890 46.72740 46.56500 47.48330 47.99310 49.04060 48.27070 48.50120 49.89100 50.55600 50.75450 52.87190 52.25280 51.91600 52.15390 51.64200 51.15730 51.32130 50.50330 49.84040 49.63640 49.30960 47.80230 47.50730 47.85680 48.09060 48.63080 48.03510 45.02220 43.90480 44.39180 44.20280 44.19720 44.24200 44.49820
52.20840 52.16150 52.70580 52.46290 53.84320 53.89530 55.37510 56.92260 57.19830 56.41100 57.22060 57.52950 58.36520 58.85200 57.47350 53.86670 52.19900 51.20900 52.14620 51.78290 50.84040 50.73610 49.61110 49.44530 47.06350 45.68200 44.85730 44.59480 44.85060 45.17260 45.24200 45.43590 44.25880 44.38120 44.62130 45.27950 45.81530 46.52800 46.76660 47.12850 48.06210 47.13810 47.85190 49.07590 50.26080 51.04520 51.37770 51.23790 52.45620 52.66300 53.16590 52.79130 51.78150 52.12390 52.05080 50.60430 50.15540 49.80880 48.61990 48.09520 47.71820 47.83330 48.23440 47.41170 45.45990 45.89180 45.13640 43.88510 43.97560 43.88440 44.02050
58.09940 58.89420 59.21940 59.23590 57.86990 61.53630 63.17640 64.52210 64.26120 63.67520 62.16710 61.86570 57.56740 52.45190 50.94300 52.58140 51.40200 51.13600 53.63430 52.30270 50.55370 51.11720 49.97320 49.28630 47.28170 46.14560 45.46960 45.23980 45.33510 45.65030 45.04500 44.31990 43.57000 43.74790 44.34130 44.35280 45.51580 46.09230 46.09980 46.99110 47.99320 48.97370 48.14220 49.30640 50.58830 51.27470 51.25130 52.22330 51.98710 53.54850 53.87090 53.47850 52.74750 51.91270 51.30790 51.24360 50.80740 50.10100 49.70960 49.10980 47.95770 47.70040 47.20700 47.04090 45.95560 44.87300 45.10170 44.30490 43.48960 43.03100 43.93960
67.91270 67.20550 62.19170 59.36670 58.64860 59.63860 61.80430 61.96340 61.97300 61.82980 60.97460 62.63240 63.16580 62.90960 61.26990 55.58360 50.31420 50.91230 54.23820 53.50760 51.79280 52.23130 51.27180 50.93750 46.25460 45.21630 44.69860 44.69230 44.43390 44.43530 43.66940 42.69710 42.41460 42.64420 43.27170 43.85600 44.37580 45.35190 46.14380 46.92840 47.52050 46.95730 48.43360 49.68640 51.21810 52.25230 52.71930 52.92200 52.42410 53.82210 54.24470 54.33310 53.67950 53.23710 51.39280 51.82080 51.65980 50.67160 50.05150 49.64220 48.66170 47.95240 46.82040 46.10540 45.61060 45.13100 44.81300 44.50120 43.63690 43.26920 43.49770
69.54560 66.86090 64.17620 61.39830 59.02520 61.58790 65.35730 61.69190 59.11160 57.55660 55.21750 54.51660 55.16480 59.49560 58.80600 60.67460 58.77300 52.80910 56.19870 55.48820 53.93200 54.06420 53.52710 51.77220 45.87330 44.12330 43.77490 43.46750 43.13890 43.07250 42.11050 41.63620 40.83870 40.45360 41.40330 42.18740 43.43000 44.51190 45.41730 46.44200 48.44580 49.33380 49.35440 50.81760 52.86970 53.54590 53.66560 54.04360 53.52010 54.25220 53.85760 54.94970 54.55830 54.05150 53.79790 52.57290 52.34910 51.84950 50.63100 49.32630 49.21220 48.28170 46.97860 46.66070 45.47830 44.89040 45.20480 45.13990 45.07680 44.18700 44.63730
65.49610 62.50420 65.79820 64.33170 63.82490 67.25600 65.71630 62.51140 56.45600 53.69630 49.73940 49.58840 58.80990 62.78190 61.80960 62.24260 61.59560 61.38460 60.04710 58.97660 57.69720 57.40460 55.38540 53.14910 51.05800 48.46970 46.34040 42.11790 41.89540 42.35710 40.83570 39.53550 38.71340 38.85920 40.12100 40.74700 42.86450 44.03090 44.95090 46.11020 48.12230 49.50590 49.58720 51.97430 53.20390 54.47770 53.86320 53.87660 54.40000 54.43690 54.77310 54.59180 55.45430 55.54880 55.64680 54.07690 53.51860 52.89880 51.21420 50.12080 50.74440 50.97480 49.99390 48.97180 47.61180 45.95200 44.61060 44.54980 45.35350 45.78850 46.70650
59.82810 56.20960 60.75310 64.89970 62.99090 63.22370 65.34050 65.21280 62.95130 58.51040 54.67100 50.80420 56.07520 59.44390 63.78080 65.90160 64.45410 63.44790 62.22040 60.97640 59.66340 59.84830 56.69790 55.26250 52.81170 49.99160 46.78570 46.47080 44.92380 44.71460 44.19720 42.90460 41.83340 41.41930 39.86540 41.19480 43.28860 44.15860 45.55750 46.71750 47.77140 48.72360 50.76170 51.25190 52.88510 53.39520 53.89780 53.73750 53.97060 55.52450 56.32560 56.87750 56.66560 57.24740 57.62010 56.60730 55.22470 54.51980 52.27600 50.90680 49.18730 48.71420 49.10820 48.29530 45.83680 44.28290 44.16500 44.67620 46.20750 47.27080 47.39040
61.45270 -9999 56.35920 62.95270 67.93340 72.15960 -9999 72.31500 69.86870 65.73200 62.48670 55.82770 57.25910 57.74470 59.41650 59.66710 57.61330 61.38360 66.37850 66.19880 65.59030 63.31550 61.02370 57.43530 54.24900 49.77540 47.88460 46.35890 45.38120 45.95280 45.76180 44.65350 43.49940 42.46940 40.96290 41.64470 43.15880 44.48660 45.56060 46.58460 47.00790 46.70400 50.43460 51.66280 51.98760 52.41820 53.20400 52.73200 54.78720 55.70640 56.42830 57.20810 57.60910 58.08540 58.11350 57.39280 55.95410 54.62770 53.21930 52.21060 50.71820 49.46140 48.97120 47.94850 45.64720 44.66350 44.17450 44.65540 46.62730 48.18930 48.52810
