data/hydroclimate-scenarios/BCSD_hadcm_B1/monthly_summaries/rh_monthly_avg_mar.2030-2059.asc
ncols	311
nrows	91
xllcenter	102.75
yllcenter	31.75
cellsize	0.5
NODATA_value	-9999
[rows 32 to 63 of 91, columns 0 to 70 of 311]
-9999 -9999 -9999 -9999 -9999 -9999 -9999 -9999 -9999 -9999 -9999 37.88290 38.41190 38.99890 39.45230 40.37870 40.89490 40.88960 41.58660 42.07330 42.06790 42.44320 42.58860 42.40050 42.19230 42.00480 41.41950 40.81260 40.21850 40.22830 40.08700 40.19920 41.00870 42.07610 43.12040 44.98780 46.08250 46.67380 46.88050 47.83820 47.99810 48.98400 49.56440 48.84170 48.91220 48.21480 48.51790 48.24180 47.83780 47.29230 46.62710 45.50970 44.80680 43.76290 42.57690 41.70770 40.78070 40.71390 39.62950 39.05740 38.46700 37.74380 37.57500 37.21790 37.39410 38.11970 38.19560 38.08990 38.53640 38.17130 38.76890
-9999 -9999 -9999 -9999 -9999 -9999 -9999 -9999 -9999 -9999 -9999 38.27380 38.46290 39.05800 39.66370 40.30090 40.78280 41.22050 41.81420 42.14330 42.42020 42.55170 42.72650 42.81960 42.27530 41.45140 40.92510 39.71050 39.75750 40.12790 39.82530 39.87650 40.38400 41.37120 42.69790 44.51750 45.69870 46.27670 46.35640 47.31240 48.11310 48.95670 49.35210 49.72870 50.13310 49.64710 49.72080 49.08080 48.54730 48.09510 47.26690 46.15300 45.49060 44.22340 43.37880 42.30100 41.74390 41.10750 40.43160 39.45550 39.15330 38.32510 38.45430 37.93620 38.31190 38.77840 39.39050 39.42200 39.80850 39.89020 40.49180
-9999 -9999 -9999 -9999 -9999 -9999 -9999 -9999 -9999 -9999 -9999 -9999 38.95740 39.22330 39.57580 40.28690 40.62480 41.15760 41.67330 42.00200 42.25000 42.46210 42.30660 41.95390 41.54490 40.49240 39.70530 39.03040 39.01220 38.94480 38.78600 39.29950 39.89430 40.45780 41.39470 42.75500 44.07760 45.11250 45.58040 46.49440 47.48820 48.64540 49.43960 49.81990 50.60190 50.82360 50.45700 50.17640 49.55600 48.45850 47.36920 46.51370 45.43860 44.57580 43.55610 43.11400 42.25290 41.72550 40.97270 40.30250 39.63210 39.39660 39.13200 38.87900 39.48620 39.89290 40.77530 40.70880 40.77150 41.66870 42.69480
-9999 -9999 -9999 -9999 -9999 -9999 -9999 -9999 -9999 -9999 -9999 -9999 38.57420 39.20930 39.83930 40.02750 40.76950 41.05050 41.65530 41.96840 42.15690 41.98420 41.76880 41.24750 40.24980 40.09840 38.90680 37.79470 37.69390 37.03750 37.19130 37.04410 37.97760 38.72960 39.85240 40.91210 42.22170 43.93720 44.83370 45.77230 47.21610 48.49390 49.15490 50.45230 51.90890 52.51500 52.29930 51.41870 49.93710 48.89700 47.63240 46.20170 45.47830 44.31090 43.64440 43.17010 42.42860 42.10390 41.45060 40.79360 40.35510 39.58330 39.59870 39.74850 39.91460 40.52020 41.53330 42.09610 42.86880 43.93310 44.21960
-9999 -9999 -9999 -9999 -9999 -9999 -9999 -9999 -9999 -9999 -9999 -9999 38.66530 39.18220 39.55840 39.83090 40.51630 40.57010 40.90950 41.65810 42.23200 41.80020 41.61130 40.83190 39.76250 38.74210 37.87060 37.14280 36.52090 36.16050 35.54740 35.97360 36.54210 37.32950 38.43230 39.75680 40.32850 41.96500 43.05550 44.68220 45.77540 47.41610 48.89950 51.16370 52.73140 54.31370 53.36550 51.92820 50.37950 49.19980 47.75060 46.40990 45.28460 44.24850 43.59830 43.44540 42.82890 41.89000 41.20760 40.58610 40.41790 40.19010 40.42710 40.68960 41.24250 41.77630 42.79020 43.54310 44.46570 45.91170 46.94620
-9999 -9999 -9999 36.41700 36.23140 36.01560 36.54540 37.05450 37.13890 -9999 37.85150 38.49110 39.18160 39.21670 39.73050 39.30150 39.79050 39.95450 40.13650 40.50540 41.47160 41.65740 40.96280 40.74490 39.71480 38.30410 37.32710 36.09630 34.83880 32.87470 33.66190 33.99960 34.09100 33.78750 35.73590 37.44980 38.03700 39.61840 40.76190 42.80130 44.43730 46.41710 48.33400 50.29690 51.76700 53.05730 52.19610 51.36220 50.03360 48.43650 46.94490 45.64330 44.26620 43.21140 42.34650 41.67270 40.93560 40.99500 40.38440 40.03000 40.31770 40.94850 40.90550 41.41870 42.63220 43.35820 44.42620 45.11680 46.19160 47.75720 48.89500
-9999 -9999 -9999 36.29420 35.99780 35.94820 36.40970 36.62800 37.20050 37.86150 38.63900 39.16230 39.14250 39.25750 39.23460 38.89300 38.85140 38.54110 38.70050 39.19490 40.03070 39.93700 40.60320 40.35480 39.00520 37.93460 36.15560 34.43010 32.77370 31.11640 31.20720 30.23050 31.42670 31.80210 33.17620 34.60020 34.82170 36.52220 39.03340 39.92350 42.05820 44.60540 46.75050 48.72900 50.18660 50.67180 50.41900 50.42200 48.65490 47.52770 46.36210 44.50360 43.61870 42.59300 42.33920 41.41030 41.20040 40.68430 40.00150 39.91870 39.89540 40.80960 41.13160 41.84390 43.16330 44.47520 45.59680 46.70400 48.21920 49.23500 50.09390
-9999 -9999 -9999 35.77760 35.12650 35.49990 36.21910 36.64440 36.71110 37.59860 38.06090 38.71520 38.73780 38.59400 38.15710 38.11880 38.15490 37.88760 38.08910 38.30270 38.47950 37.80770 38.17390 37.80870 36.50250 35.28120 34.22260 32.87440 31.68540 29.20440 27.86300 27.45440 28.52660 29.48060 30.35170 31.68030 33.18640 34.40510 36.59470 37.79250 39.63140 42.27750 44.72810 47.24900 49.27430 49.71940 49.71460 48.56470 47.53860 45.79120 44.49130 44.07570 42.82770 41.93040 41.08450 40.43750 40.51330 40.37270 40.02830 39.52640 40.28360 40.91660 41.71230 42.31670 43.82420 45.17730 46.63310 47.60740 48.74440 49.85310 51.10520
-9999 -9999 -9999 35.76620 35.84660 36.41260 37.48140 37.44060 37.05190 37.75320 38.29130 38.51770 38.06100 37.63650 37.89510 37.73310 37.06930 36.81830 36.50680 36.24080 35.41230 34.62700 33.93060 34.04310 33.25230 32.52550 31.72710 29.72940 28.06530 27.50330 27.12210 26.33020 26.50990 26.98730 28.23460 29.79790 31.38910 32.75040 33.47130 35.26190 37.00950 38.88750 41.11210 43.67590 46.41410 47.23730 46.73210 46.45330 44.84180 44.30850 42.85010 42.63530 41.46750 39.76220 39.75300 39.32390 39.22450 39.07410 39.16230 39.47000 39.47390 41.07550 42.28150 42.93420 44.19300 46.10730 47.65430 48.11830 49.43840 51.36600 54.62470
-9999 -9999 -9999 35.01490 34.90410 35.47280 35.58140 36.04110 36.45040 37.50670 38.20980 37.92190 37.79120 37.31150 37.02350 36.83530 35.99570 35.57330 35.73690 35.17580 33.74550 32.31060 31.39790 32.09290 31.84450 30.98700 30.26630 28.63180 27.63550 26.46880 25.73270 25.45550 25.50530 26.01210 26.83540 27.77800 28.80870 29.76520 31.62540 33.10160 34.44910 36.06890 38.00300 39.78580 41.90170 43.00090 43.73940 43.19620 42.62200 42.00340 40.89460 40.51920 39.68080 38.48300 38.74130 38.15920 37.77740 38.30550 38.38450 38.50660 39.43320 40.73800 41.51660 42.95780 44.08630 46.61100 47.87730 48.48140 49.95810 53.26200 56.69390
-9999 -9999 -9999 -9999 34.14880 34.45980 34.92030 35.29980 36.15840 37.02610 37.77780 38.43910 37.59680 38.32720 -9999 -9999 -9999 -9999 -9999 31.05360 29.52080 28.02470 28.01200 27.75880 27.64590 27.44020 27.51250 26.77150 25.72690 25.40230 25.09490 24.64010 24.73590 25.30480 26.24400 27.37490 27.43520 28.91330 29.06810 31.39590 32.69190 33.27860 34.35730 35.28120 36.98760 37.89250 38.59900 39.49520 39.36050 38.40780 38.44980 37.48540 36.94690 36.82650 36.56490 35.96550 35.80470 36.17520 36.78810 38.06830 38.13410 39.30880 40.89990 42.46800 44.12530 45.47040 47.60310 50.14930 52.33970 -9999 -9999
-9999 -9999 35.24650 34.71320 33.55890 33.70710 34.36190 35.28100 35.53290 36.83620 37.34520 38.37940 37.81950 -9999 -9999 -9999 -9999 -9999 30.38460 28.67960 27.42300 26.14840 26.04940 26.36070 26.10060 25.99250 26.06480 25.95210 25.54710 25.16460 24.91940 24.50870 24.45160 25.04670 25.46790 26.19060 26.39360 26.82890 26.95310 29.07240 30.48950 30.19190 31.14130 32.07440 33.48950 34.20020 35.22420 36.46040 36.82390 36.91650 36.27170 35.71660 35.96110 36.76770 35.45770 35.68770 35.47770 35.63490 36.05300 37.52050 37.81940 39.52850 41.41450 42.52040 44.42630 46.24280 48.21880 -9999 -9999 -9999 -9999
-9999 -9999 35.44310 34.99620 33.78190 33.34140 33.93420 34.79220 35.30810 36.36620 37.53660 38.64030 39.17960 -9999 -9999 -9999 -9999 32.57080 29.15370 27.89260 26.23590 25.22220 25.47850 25.20260 25.28530 25.64110 25.55300 26.06990 25.85560 25.17310 24.98950 24.48930 24.49230 24.37530 24.78290 25.06150 25.87070 25.50590 25.81400 26.20580 26.74840 27.25820 28.29250 29.18930 30.18310 32.13770 33.36470 33.51870 34.03060 34.42830 34.51020 34.82910 34.95550 35.26540 34.70880 35.89030 35.66180 34.83880 35.88710 36.21560 37.55790 38.12370 39.86190 42.56070 44.60710 -9999 -9999 -9999 -9999 -9999 54.94540
-9999 -9999 36.56900 35.92710 34.91150 34.11780 34.27720 35.57850 36.23350 37.04610 37.64350 39.08420 37.35800 -9999 -9999 -9999 -9999 30.17910 28.66570 26.61280 25.70490 25.00480 24.96180 24.76170 24.81980 24.83250 24.99970 25.74000 25.57250 25.34860 24.99570 24.74980 24.16400 24.09780 24.27480 24.19090 24.24220 24.20010 23.80650 24.13180 24.83740 25.91900 26.77760 27.02650 28.83750 30.11780 30.74800 31.58860 31.70870 31.61600 32.20730 32.98660 33.10820 33.11770 33.41370 34.32200 34.95330 34.73940 35.92240 36.68660 37.77530 38.79950 40.19500 41.14420 41.90400 43.34070 45.93660 47.09720 49.51450 -9999 -9999
-9999 -9999 -9999 37.65370 36.02390 35.79640 35.31730 35.33510 36.62070 37.39360 38.16250 37.63410 -9999 -9999 -9999 -9999 32.36700 29.94710 27.73510 26.35470 25.20460 24.41900 24.68690 24.19130 24.28810 24.35720 24.76740 25.50540 25.28470 25.63440 25.03360 24.58520 24.26440 24.37890 24.54870 24.06950 23.72960 23.57320 23.39120 22.48640 23.03460 24.07110 24.84730 26.16080 27.85450 29.41880 30.62780 31.95630 30.76350 30.64830 30.83600 31.18420 31.62370 31.96510 31.81270 31.88000 32.62810 32.64910 33.88430 35.19290 36.23210 37.22540 37.53740 37.40570 38.29400 40.92260 43.15120 44.44970 46.60460 47.82800 -9999
-9999 -9999 -9999 -9999 38.14010 37.24310 36.45640 36.81530 37.12610 37.82750 34.60900 -9999 -9999 -9999 -9999 35.56980 32.93080 30.38700 27.02000 25.78840 24.95250 24.06440 24.15010 23.92280 24.23190 24.16190 24.59070 25.15980 25.51140 25.48080 25.44590 24.89800 24.51000 24.44360 24.39930 23.78460 23.66380 23.41190 22.78700 21.65110 22.22980 23.72990 24.39610 25.14550 26.95300 28.15030 29.29520 29.75990 29.81380 30.04260 30.59520 31.02200 30.92690 31.49100 31.06890 31.74430 33.08890 32.15380 32.48580 33.76300 34.06390 34.64300 35.22450 36.00300 36.89540 39.05380 41.32970 42.38130 43.40560 45.48730 47.17410
-9999 -9999 -9999 -9999 -9999 -9999 38.29110 38.83520 35.21030 34.93820 37.04220 -9999 -9999 -9999 -9999 -9999 33.29410 29.20620 27.03590 25.61680 24.50260 23.71760 24.05530 23.84580 24.06690 24.14930 24.35290 25.00180 25.20680 25.51910 25.54610 25.12560 24.76840 24.77680 24.84000 23.83500 23.25510 22.84850 22.35510 21.58390 21.88520 22.59010 23.53430 24.02470 25.73130 26.40880 27.61420 28.42930 29.31620 30.14000 30.47630 30.81880 30.99930 30.76260 30.18260 31.31840 31.64200 31.75340 32.21350 32.77720 33.28070 32.98780 34.03990 34.74260 36.07970 36.93890 39.06410 40.47750 41.75820 43.63100 45.72180
-9999 -9999 -9999 -9999 -9999 -9999 -9999 -9999 -9999 -9999 -9999 -9999 -9999 -9999 -9999 -9999 -9999 -9999 -9999 25.22170 24.33050 23.56570 23.84250 23.61760 24.00090 24.22230 24.69210 25.03440 25.47770 26.22430 26.14130 25.78320 25.16280 25.02670 24.85610 23.59830 23.33050 22.58400 22.14920 21.62670 21.52330 22.16750 22.97210 23.47940 24.72480 26.07450 27.08010 27.68660 28.65240 30.12040 30.79860 31.13740 31.15650 30.56150 29.70470 30.65500 31.45660 31.51550 31.67980 32.46030 32.17790 32.55480 33.56150 34.68750 35.43410 37.15460 38.28260 39.43960 40.56170 42.56510 45.06640
-9999 -9999 -9999 -9999 -9999 -9999 -9999 -9999 -9999 -9999 -9999 -9999 -9999 -9999 -9999 -9999 -9999 -9999 25.56020 24.94670 24.47530 23.56050 23.92850 24.41570 24.70340 24.19300 24.28690 25.34900 25.62850 25.91920 26.33060 25.74070 25.46990 24.58000 24.24190 23.75970 23.21750 22.66760 22.03150 21.65000 21.70640 21.83800 22.49800 23.18850 24.24360 25.10000 25.87390 27.57630 28.07720 29.56240 30.52550 31.34380 31.60010 30.77310 30.35280 30.67450 31.57210 30.39280 30.30110 30.75470 31.69330 32.55370 33.30980 35.00970 35.62640 38.13800 39.98480 40.80540 43.03190 44.93140 47.19320
-9999 -9999 -9999 -9999 -9999 -9999 -9999 -9999 -9999 -9999 -9999 -9999 -9999 -9999 -9999 -9999 -9999 26.36010 25.33220 24.70010 24.07020 23.80570 23.89050 24.34990 24.74210 24.44310 24.52490 25.48260 25.67870 25.97410 26.10440 25.91110 26.01260 25.09550 25.10090 24.18610 23.56850 22.51160 21.96390 21.72780 21.80220 21.98920 22.54380 23.13970 23.78850 24.78820 26.06330 26.43050 28.49770 29.95240 31.10610 31.90490 31.99450 31.09210 30.89910 30.73430 30.97130 29.57450 30.31320 30.93760 32.70240 33.35270 33.84060 34.90730 37.09420 38.65850 40.42070 42.82040 44.80620 46.26590 47.70010
-9999 -9999 -9999 -9999 -9999 -9999 -9999 -9999 -9999 -9999 -9999 -9999 -9999 -9999 -9999 -9999 -9999 25.29040 24.18160 23.80020 23.30960 24.12830 24.10980 23.94440 24.63320 24.81020 24.92510 25.26050 25.33950 26.03370 26.28930 26.22330 25.96980 26.19120 24.95290 25.32680 24.39020 23.08900 22.29010 21.76610 21.88480 22.21220 22.50510 23.17290 23.96930 24.73450 26.43080 26.91160 27.83810 30.07430 31.09410 32.34470 31.99560 32.21150 32.63030 31.82570 30.33530 30.56790 31.95580 32.39240 32.92850 33.72740 35.75550 37.28430 38.26900 39.43950 41.35180 43.75210 45.54990 46.08880 48.74200
-9999 -9999 -9999 -9999 -9999 -9999 -9999 -9999 -9999 -9999 -9999 -9999 -9999 -9999 -9999 -9999 24.35880 23.78410 23.22130 23.23660 23.38800 24.15910 24.43930 24.32400 24.57610 25.00900 25.25500 26.03010 25.56680 26.56940 26.50440 26.47620 26.52760 26.50170 26.15450 25.70230 24.99270 23.67270 22.88810 22.44630 21.91900 22.31760 22.78030 23.38960 24.40580 25.08330 25.52300 26.19900 27.58060 29.97600 31.33030 32.10740 32.17020 31.92980 32.65410 32.25990 31.95580 31.02180 32.46280 33.02430 33.51040 35.76730 36.87630 38.11120 40.34220 41.71430 43.58370 45.63330 47.82060 48.30800 50.07330
-9999 -9999 -9999 -9999 -9999 -9999 -9999 -9999 -9999 -9999 -9999 -9999 -9999 25.68430 24.82530 23.59930 23.20590 23.33310 23.10040 22.37400 22.78280 23.87170 24.17360 24.80990 25.06200 24.86750 26.00080 26.23200 26.12080 26.18680 26.32240 26.99020 27.31610 27.11930 26.95590 26.34930 25.14870 24.83920 24.05560 23.36070 23.06040 22.29590 22.27570 24.23310 25.27670 24.92330 25.47290 26.11340 26.91160 28.11850 28.89960 29.64210 31.27920 32.02830 33.76880 33.96010 33.52980 32.48310 32.71320 34.24530 34.78460 36.54270 39.02710 40.43610 42.87890 45.22770 47.41140 47.97650 49.00780 50.67980 51.72540
-9999 -9999 -9999 -9999 -9999 -9999 -9999 -9999 -9999 -9999 -9999 -9999 25.28800 24.17770 23.78620 22.69310 22.53500 22.60310 22.91630 22.02770 22.77120 23.45080 24.29370 24.62340 25.15990 24.85650 25.20010 26.19460 26.33000 26.50820 26.68160 26.83010 27.19960 27.48020 27.90340 26.61780 26.41860 25.85560 25.55880 24.49100 23.78450 22.50420 21.98250 23.52120 25.32730 25.57350 25.94880 25.96310 25.96740 26.09060 27.58550 28.11690 29.03080 31.62320 33.41530 35.11740 34.09830 32.14350 32.74780 34.19320 35.58220 38.47230 40.47200 43.12090 46.10660 48.77740 50.04480 50.03190 51.01760 51.89990 52.88970
-9999 -9999 -9999 -9999 -9999 -9999 -9999 -9999 -9999 -9999 -9999 24.97400 24.18500 23.43760 22.90480 21.85530 21.67380 21.74290 21.84950 21.83050 22.56270 23.50240 24.26930 25.11250 25.32770 25.34230 25.62890 26.28400 26.82520 26.22770 26.37160 26.68110 26.71970 26.99290 27.31230 27.26680 26.78260 26.25170 26.22620 25.56110 24.32500 23.53650 23.06800 23.33240 24.26250 25.18010 25.56080 26.15500 26.48970 26.12050 26.59630 27.27330 27.76200 28.84940 30.12490 32.54560 33.81110 33.09080 35.11170 34.44170 36.33950 40.10020 43.65250 45.90560 49.01600 50.80210 50.89860 51.32100 51.22960 51.52610 54.00930
-9999 -9999 -9999 -9999 -9999 -9999 -9999 -9999 -9999 -9999 23.82920 24.17220 23.26230 22.70510 22.01920 21.05570 20.71700 21.07270 21.54750 21.84580 22.53520 23.59780 24.29760 25.02390 25.18120 25.27210 25.62320 26.60940 26.70180 26.23710 26.30310 26.51120 26.65310 26.81080 27.03290 27.14420 26.66410 26.43520 26.17840 25.86910 24.83300 24.27480 23.94590 24.12330 24.43630 24.90990 25.93990 26.33550 26.39480 26.50700 26.29630 26.05950 26.53160 27.23410 29.40770 31.41600 33.14460 33.67870 35.98130 35.44530 37.29770 40.67500 44.36450 46.55970 48.88220 51.08410 51.85060 51.79190 52.31560 52.85000 55.16040
-9999 -9999 -9999 -9999 -9999 -9999 -9999 -9999 -9999 23.13930 22.66860 22.35540 21.71690 21.33260 20.89390 20.47750 20.02940 20.26060 20.88420 22.08820 22.80560 23.96710 24.63210 24.82640 25.28970 25.57540 25.75230 26.00650 26.01980 26.59020 27.13490 26.30140 26.70960 26.53090 26.67570 25.97150 25.89420 25.72540 25.50530 25.51680 24.96790 24.56920 24.52850 24.58750 24.84400 25.49320 26.13130 26.90930 27.26840 26.81370 27.04070 25.29050 25.68750 26.28070 27.04290 30.60420 33.14780 35.54720 35.43400 36.73200 38.67400 40.76790 43.03730 45.99820 47.50170 48.83020 49.88880 51.48480 52.89970 53.92720 55.96160
-9999 -9999 -9999 -9999 -9999 -9999 -9999 -9999 -9999 -9999 22.17690 21.97220 21.69280 21.18820 20.51460 20.07580 19.85250 19.87960 20.64870 21.92380 22.91800 23.94910 24.62780 -9999 -9999 -9999 -9999 -9999 -9999 26.03780 26.09790 25.39840 25.85790 25.71680 26.01790 25.15360 25.33290 25.48610 25.18930 25.39390 24.96520 24.80420 24.67550 24.92460 25.04840 25.50220 26.19170 26.66520 27.39550 26.97550 26.87580 25.92410 25.38170 26.03290 27.33510 30.54000 33.49160 35.14980 35.22600 37.26540 39.22080 40.81330 43.12330 45.32520 46.62930 47.44620 49.73290 51.60640 53.66500 55.42640 57.67640
-9999 -9999 -9999 -9999 -9999 -9999 -9999 -9999 -9999 -9999 -9999 -9999 21.57310 21.79820 21.22740 20.11050 19.82150 20.17090 20.98940 -9999 -9999 -9999 -9999 -9999 -9999 -9999 -9999 -9999 -9999 -9999 -9999 -9999 -9999 24.57140 25.22970 24.75450 25.00420 24.58240 24.51580 24.46230 24.39580 24.90870 24.85190 25.15010 25.15300 25.12600 25.96430 26.54740 26.51760 28.72360 28.22570 25.90710 26.06270 26.32750 27.53640 29.82760 32.06290 33.07240 35.48910 37.35640 38.75380 42.49430 43.55260 43.49710 45.62100 48.27430 49.78680 52.14090 54.16980 57.60260 59.79010
-9999 -9999 -9999 -9999 -9999 -9999 -9999 -9999 -9999 -9999 -9999 -9999 -9999 -9999 -9999 -9999 -9999 -9999 -9999 -9999 -9999 -9999 -9999 -9999 -9999 -9999 -9999 -9999 -9999 -9999 -9999 -9999 -9999 -9999 24.43640 24.56830 24.18010 24.32460 24.23430 24.24540 24.42500 24.87130 24.83340 25.15780 25.30080 24.89040 26.07120 26.43230 27.22880 28.28580 28.14540 26.85560 26.54920 27.25010 28.10390 31.33450 32.04010 33.40250 35.93570 38.99990 41.38240 43.43800 45.40480 45.76350 46.57960 48.29430 50.03500 52.51650 55.40280 58.26820 61.98980
-9999 -9999 -9999 -9999 -9999 -9999 -9999 -9999 -9999 -9999 -9999 -9999 -9999 -9999 -9999 -9999 -9999 -9999 -9999 -9999 -9999 -9999 -9999 -9999 -9999 -9999 -9999 -9999 -9999 -9999 -9999 -9999 -9999 -9999 23.64740 23.70100 24.25870 24.05430 24.01740 24.96480 25.05730 25.15530 24.96170 25.36160 25.48290 26.16440 26.15860 26.85490 28.49550 27.57210 28.11060 27.59200 28.88720 27.41550 28.44390 29.71410 32.47370 35.83050 37.80750 41.76490 44.00080 45.54310 46.74580 46.06170 46.51600 48.47140 50.48560 52.63560 55.56620 58.58430 -9999
-9999 -9999 -9999 -9999 -9999 -9999 -9999 -9999 -9999 -9999 -9999 -9999 -9999 -9999 -9999 -9999 -9999 -9999 -9999 -9999 -9999 -9999 -9999 -9999 -9999 -9999 -9999 -9999 -9999 -9999 -9999 -9999 -9999 -9999 -9999 -9999 -9999 -9999 24.01660 24.89380 25.10480 24.91670 25.59480 26.06310 26.35870 26.12690 26.81090 28.14690 27.90540 28.24440 27.55820 27.22390 27.50420 27.32220 27.75570 29.92060 32.05980 36.89540 39.65390 44.25400 46.31670 46.58360 46.73570 45.78810 46.83250 49.37160 51.69910 53.99460 57.33000 -9999 -9999
