data/hydroclimate-scenarios/BCSD_hadcm_B1/monthly_summaries/rh_monthly_avg_feb.2030-2059.asc
ncols	311
nrows	91
xllcenter	102.75
yllcenter	31.75
cellsize	0.5
NODATA_value	-9999
[rows 32 to 63 of 91, columns 0 to 70 of 311]
-9999 -9999 -9999 -9999 -9999 -9999 -9999 -9999 -9999 -9999 -9999 48.25620 48.73210 49.19250 49.77130 49.80620 50.65670 51.20690 51.47250 52.37900 52.37430 53.05250 53.69480 53.30150 53.50600 53.36440 52.86160 52.50020 52.24400 52.39560 52.45370 53.09370 54.58670 55.81550 57.49970 59.55480 60.57900 61.26780 61.21500 61.76980 62.37760 63.12230 63.18200 63.51110 63.31650 62.86390 62.45860 61.66740 61.15980 60.53330 59.43610 58.16410 57.39370 56.24010 55.58680 55.10970 54.41860 54.06240 53.44930 53.17440 52.79970 52.41700 52.20380 52.29180 52.80810 54.20960 54.38890 54.38360 53.79920 54.14840 55.22360
-9999 -9999 -9999 -9999 -9999 -9999 -9999 -9999 -9999 -9999 -9999 48.16230 48.58140 49.33510 49.54700 49.73380 50.25650 51.19840 51.54200 52.37850 52.67190 53.06320 53.86230 53.45340 52.90030 52.57520 51.84180 51.36930 51.64750 52.19130 51.92260 52.52000 53.32210 55.17530 56.95940 58.97020 60.04880 60.37070 60.59090 60.41840 61.84140 61.75410 62.82520 62.96250 63.29870 63.05350 62.58320 61.77480 60.96490 59.95080 59.19350 58.39740 56.98590 56.60120 55.97620 55.12160 54.42670 53.69480 53.06170 53.12440 52.50320 52.29220 52.48920 52.33150 53.02660 53.63360 54.26820 54.58060 55.05510 55.13640 56.51050
-9999 -9999 -9999 -9999 -9999 -9999 -9999 -9999 -9999 -9999 -9999 -9999 48.09260 48.52090 49.00840 49.67970 50.30010 50.68610 51.35970 51.99610 52.43350 52.73100 53.02600 52.52710 52.32060 50.57530 50.14950 49.56300 50.09700 50.09280 50.34290 51.30300 52.03770 53.46880 54.82420 56.08110 57.13740 58.19990 58.44360 59.08480 60.08400 60.76430 61.74470 62.71320 63.05650 63.30980 62.88730 62.33670 61.21550 60.33400 59.51650 58.12850 57.05400 56.01490 55.21200 54.96090 54.25190 53.69680 53.09080 52.89570 52.87630 52.45830 52.34280 52.06870 52.92570 53.84890 55.12730 55.16830 54.88640 55.65560 58.34030
-9999 -9999 -9999 -9999 -9999 -9999 -9999 -9999 -9999 -9999 -9999 -9999 48.05040 48.57020 49.13930 49.45480 50.45300 51.18760 51.77060 52.02820 52.51100 51.83720 52.33660 51.50740 50.47320 50.50450 49.73440 48.35610 48.49140 47.85380 47.87020 48.41970 50.04010 51.28090 52.44790 53.70540 54.28700 56.39680 57.03320 57.92320 58.98390 59.89670 61.16580 62.16400 63.56230 63.94860 63.85730 62.58990 61.41670 59.69330 58.49650 57.87190 56.72930 55.41210 55.17000 54.52120 53.90370 53.68390 53.36960 52.80350 52.46770 51.70890 51.41940 51.77600 52.90310 54.42440 54.97040 56.08980 56.77370 57.59960 58.33400
-9999 -9999 -9999 -9999 -9999 -9999 -9999 -9999 -9999 -9999 -9999 -9999 47.85880 48.98900 49.40440 50.00720 50.63090 50.88520 51.40700 51.57120 52.26090 52.27580 52.60700 51.64710 50.81750 49.58810 48.60380 48.47690 47.15280 47.02160 46.72520 47.53860 47.61240 48.36890 50.06990 51.67250 52.76430 53.93800 54.96910 56.49900 56.98900 58.01460 60.15680 61.93760 63.37340 64.07790 63.63890 61.86120 60.75580 59.93100 58.41280 57.48940 56.50940 55.66690 54.60020 54.17260 53.47930 53.09370 52.47520 51.52810 51.57340 51.17150 51.60180 52.55260 52.90140 53.90010 55.14200 56.83960 57.21640 58.99380 60.04810
-9999 -9999 -9999 44.51340 44.95080 44.98690 45.72730 46.49100 46.66430 -9999 47.57030 47.67200 48.76280 49.00460 49.76760 49.82330 50.12750 50.58240 50.38520 50.75280 52.01260 52.59840 53.03020 52.54810 51.42010 50.01720 48.75850 46.14060 45.42520 43.18270 44.01670 44.68650 44.35230 43.99990 46.59340 48.27380 49.24900 50.47990 52.36010 54.04400 55.14160 57.00390 59.08330 61.15860 62.14160 62.45390 61.57660 61.17080 60.04000 58.44710 56.88650 55.88410 54.41760 52.83600 52.40510 50.75400 49.89120 51.29630 50.46580 50.58000 51.39760 51.18600 51.21620 51.71260 52.66140 54.22470 55.15010 56.76240 58.30510 59.65960 60.86720
-9999 -9999 -9999 45.02810 45.19730 45.30710 45.80110 46.28420 47.18120 47.41880 48.50620 49.29830 49.06280 49.42810 49.14150 49.01550 48.85220 49.49350 49.67420 50.09150 51.38990 51.34000 53.06750 53.30220 51.10520 49.50580 47.30610 45.34520 42.95170 41.16770 41.09510 40.39950 40.77670 41.37100 42.93540 44.02420 45.23860 46.29340 48.89650 50.06920 51.76850 54.45390 57.43790 59.04690 60.04320 60.24490 59.93320 59.92330 58.01050 56.38470 55.13360 54.08340 52.41150 51.62280 51.74020 50.44200 50.38320 50.32660 49.18580 49.14250 49.91440 49.84590 50.44810 51.46710 52.52550 54.47480 55.80170 57.76860 59.22910 60.31690 61.12070
-9999 -9999 -9999 45.14230 44.89340 45.28940 45.73590 46.78890 47.41900 48.22080 48.78000 49.24470 49.02910 48.51630 47.82280 48.31810 48.03400 48.22640 49.14600 49.25130 49.77200 49.33620 50.26490 49.76140 47.35070 46.76920 45.19930 43.37990 41.78710 38.97770 36.78860 36.28940 37.27160 38.74670 39.62240 41.02040 42.81020 44.28250 46.26610 47.50660 49.31960 52.14010 54.90060 57.40220 59.41360 59.70440 58.85870 57.77830 56.59120 54.45220 52.87440 53.25900 51.78860 51.20070 50.95080 49.85810 49.54140 49.34800 48.61060 48.65150 49.63110 49.97090 50.88850 51.00250 52.48470 53.99670 55.64290 57.08770 57.83940 59.67390 60.85700
-9999 -9999 -9999 45.35180 45.70400 46.13120 47.08360 47.11210 47.50420 48.06690 48.78270 49.36090 48.51910 47.70870 47.76000 47.58610 47.20130 47.01340 46.98210 47.37180 46.44610 45.86590 44.66290 45.08860 44.80770 44.50450 43.03810 41.43510 38.22080 36.02330 35.44130 35.76700 35.29340 34.97940 36.23610 37.68810 40.17600 42.60670 43.42340 45.32980 47.10720 48.11490 50.11330 53.82840 57.60600 57.21620 55.94880 56.06660 54.29680 53.48160 51.62990 51.07460 50.31880 48.88090 49.14750 48.69430 48.58040 47.78500 47.28060 47.41690 46.70510 48.52520 49.75290 50.70030 51.69240 53.51690 55.08500 56.32920 57.29860 58.88670 63.14430
-9999 -9999 -9999 45.60800 45.95390 45.81770 46.34000 46.90710 47.19710 47.91130 49.24540 49.14190 48.08080 47.23580 46.50870 46.47690 45.86030 46.11430 46.88920 46.71640 45.16620 43.86880 42.94300 44.04190 43.65120 43.33160 42.29890 40.29370 37.46690 35.26690 34.29410 33.62730 33.55890 34.07930 35.10060 35.95940 37.37800 39.39940 41.15410 42.78560 43.91420 45.40220 47.16290 49.53560 52.40590 53.26370 53.52440 53.13860 52.33700 51.60380 50.37780 50.31830 49.12570 47.34440 47.99200 46.58620 47.22650 46.76120 46.44110 45.39650 46.27790 47.28350 48.35560 48.72280 50.02630 52.70820 54.00910 54.83670 56.70540 60.48760 64.70010
-9999 -9999 -9999 -9999 45.11050 45.47020 46.08160 46.01650 46.41140 47.67210 48.72270 48.75780 46.66830 47.83880 -9999 -9999 -9999 -9999 -9999 42.11210 40.99190 40.74310 39.70180 38.29850 38.44630 38.75530 39.59420 38.20780 36.18440 35.21660 34.05230 33.35640 33.12210 33.67160 35.19210 36.03990 36.47470 37.84830 38.51650 40.08760 41.85650 43.02740 44.38730 45.56410 47.55270 49.23380 49.77030 48.91260 49.46720 49.50920 48.74320 48.04960 47.86000 45.97210 45.35920 44.41380 43.90220 44.09970 44.61140 45.10100 45.10910 45.19360 46.55530 47.89640 49.64490 50.52750 52.74320 55.69150 58.49520 -9999 -9999
-9999 -9999 45.69440 45.55340 45.31120 45.81650 46.09670 46.27460 47.20020 47.99030 49.17010 49.06060 47.18180 -9999 -9999 -9999 -9999 -9999 40.48580 40.11790 38.66820 38.01390 38.30580 36.76590 36.93890 36.64170 37.49100 37.17440 35.91980 35.26120 34.26590 33.66870 33.22250 33.34560 33.72670 34.49930 34.86190 35.63670 36.14810 37.46350 38.43730 39.74480 40.91200 42.64060 44.41510 45.51670 46.46010 46.99190 47.69310 48.68190 48.19760 47.57690 46.71730 46.63290 45.04560 45.12820 44.26510 43.78570 43.61340 44.67140 44.98810 45.66350 46.89190 47.91980 49.54240 51.03360 53.16810 -9999 -9999 -9999 -9999
-9999 -9999 46.46510 46.24980 45.75950 45.73020 46.67230 46.47500 47.42970 48.54130 48.67320 48.96760 49.30570 -9999 -9999 -9999 -9999 43.96080 39.71790 39.18370 36.94510 35.82650 35.93810 36.23080 36.85800 37.51600 37.14910 36.35670 36.02110 35.18470 34.24310 33.26890 33.28050 32.99480 33.16950 33.12040 33.77070 33.99930 34.05410 34.07720 34.94990 35.74330 36.90280 38.84780 40.20230 42.48840 44.18610 44.62110 45.89140 46.48750 46.51750 46.40250 46.33240 45.95440 44.87290 45.57240 44.98930 43.25470 43.11850 44.13850 44.83280 44.96170 46.34260 48.48160 50.12230 -9999 -9999 -9999 -9999 -9999 60.15870
-9999 -9999 47.46220 46.97970 46.95000 46.61280 47.25060 47.73710 48.10150 48.93590 48.82670 49.62350 49.09620 -9999 -9999 -9999 -9999 41.25970 39.84160 37.73550 35.85220 35.23320 35.52940 35.66020 35.75000 36.35410 35.87080 35.89780 35.60710 34.62080 33.72080 33.35030 32.78200 31.96540 31.71350 31.49280 31.87390 31.83470 31.82730 32.39610 33.12850 34.13470 35.04400 36.00120 38.31140 39.90580 41.08680 42.09830 43.14570 43.59730 44.68650 44.60230 44.52610 43.97360 43.27330 44.17690 44.21130 43.29650 43.92850 44.35700 45.61230 46.62110 47.37330 47.58690 47.66010 48.21780 50.83720 51.54930 54.11180 -9999 -9999
-9999 -9999 -9999 48.29680 47.99840 47.82180 48.04380 48.50560 48.87810 48.94800 50.21920 49.07330 -9999 -9999 -9999 -9999 43.79640 40.85140 39.27260 37.04300 35.67480 34.89480 34.75000 34.93140 34.87400 35.15390 35.38490 34.93450 34.99820 34.15160 33.78750 33.33570 33.04990 32.19620 31.44330 31.43600 31.59450 31.39220 31.35820 31.39810 31.85670 32.59760 33.14800 34.74480 37.11270 38.90380 40.34730 42.31650 41.93360 42.47520 42.35780 42.53780 42.64050 42.04400 41.27430 41.10320 41.50260 41.35380 42.08730 43.44990 44.29600 45.06280 44.41520 43.11040 43.21650 46.20840 48.27160 49.24020 51.38140 56.07900 -9999
-9999 -9999 -9999 -9999 49.74860 49.20800 49.03110 48.98550 48.93650 50.34840 47.90420 -9999 -9999 -9999 -9999 46.43900 43.54930 41.43490 38.54540 36.67520 35.04310 34.27230 34.22610 34.09980 34.23500 34.71040 35.29270 35.13590 35.06680 34.74780 34.39330 34.48790 33.70830 32.68150 31.85310 31.06260 31.22480 30.99040 30.53620 30.30750 30.71720 31.40090 32.36890 33.93670 35.89110 37.84110 39.39950 40.57370 41.22180 41.65570 42.08030 42.17300 41.68470 41.32240 40.73450 40.75070 41.60460 40.80070 41.45290 42.70350 42.20630 42.42210 42.88000 43.45350 43.17410 44.68160 46.58130 47.46410 48.57330 50.46490 53.14350
-9999 -9999 -9999 -9999 -9999 -9999 50.34340 50.06230 47.53250 47.48390 50.18550 -9999 -9999 -9999 -9999 -9999 44.13380 40.83160 38.54740 35.72340 34.06850 34.06540 33.58660 33.50620 34.00730 34.52510 35.09460 35.55040 35.99350 36.00010 35.32820 35.21960 34.61260 33.09510 32.33620 32.09390 31.05940 30.38700 30.29410 29.94760 29.92110 30.21880 31.29320 32.79180 34.66570 36.52970 38.30650 39.73830 40.73100 40.97820 41.94750 41.70430 41.46180 40.52390 39.49190 40.18310 40.58920 41.04470 41.43180 41.48690 41.13280 41.34330 41.75920 42.03890 42.14850 43.48460 44.52770 45.51550 47.03780 48.74750 50.92240
-9999 -9999 -9999 -9999 -9999 -9999 -9999 -9999 -9999 -9999 -9999 -9999 -9999 -9999 -9999 -9999 -9999 -9999 -9999 34.84990 33.61350 33.08590 33.23430 33.37120 33.78030 34.39690 35.12750 36.18000 36.97870 36.77010 36.86980 36.50520 34.64490 33.76690 33.13290 32.14770 31.58940 30.08180 29.86650 29.40510 29.13780 29.79530 30.76610 31.79910 33.72730 35.65080 37.72490 38.92230 39.92900 40.99820 41.78400 41.95220 41.29920 40.50460 39.18560 39.29010 40.22010 41.12690 41.17360 41.20190 40.50070 41.20670 41.55380 41.51690 41.80410 43.62730 44.54550 44.99920 46.36970 47.95260 50.12060
-9999 -9999 -9999 -9999 -9999 -9999 -9999 -9999 -9999 -9999 -9999 -9999 -9999 -9999 -9999 -9999 -9999 -9999 36.06810 34.11330 33.40840 32.86780 33.43120 33.60100 34.02520 34.94590 35.50820 35.53840 35.95550 36.17380 36.43810 35.89170 35.13750 34.24750 33.56680 32.55570 31.49640 30.66400 29.55690 28.89230 28.86270 29.13620 29.77690 30.83990 32.62800 34.11170 36.01010 38.70640 39.98770 41.47690 42.58190 42.57940 42.37740 41.19150 40.13750 40.18770 40.44250 39.93030 39.68420 41.39940 42.07660 42.68150 42.80550 42.68630 42.55230 44.70150 46.17010 46.77140 48.05690 49.70590 51.64160
-9999 -9999 -9999 -9999 -9999 -9999 -9999 -9999 -9999 -9999 -9999 -9999 -9999 -9999 -9999 -9999 -9999 36.73810 35.42550 33.92740 33.31500 33.15800 33.43450 34.02240 34.54250 35.17390 35.63250 35.26350 35.41150 35.81320 36.11570 36.21330 35.80060 35.22430 34.66990 33.14980 31.82810 30.59370 29.51050 29.30400 29.07150 28.86850 29.47700 30.59340 31.67380 33.87500 35.70320 37.53430 40.41490 42.25100 43.81890 43.63430 42.81980 42.02670 41.37590 40.88060 40.77760 40.08220 40.20160 41.86970 43.59090 43.64180 42.60610 42.64370 44.93290 46.43850 47.19510 48.91520 49.94950 51.14820 52.06560
-9999 -9999 -9999 -9999 -9999 -9999 -9999 -9999 -9999 -9999 -9999 -9999 -9999 -9999 -9999 -9999 -9999 35.48900 34.39420 33.11810 32.72740 33.31150 33.77380 34.21320 35.35200 35.64130 35.89680 35.34830 35.61710 35.99510 36.60250 37.01120 37.02220 36.85170 35.47360 34.24290 32.77020 31.19760 29.65800 29.26440 29.42610 29.31620 29.59940 30.50570 31.70260 34.25640 36.48050 37.23570 39.88300 43.45550 44.75500 44.08290 42.85760 42.56780 42.48610 42.01460 40.76730 40.55430 41.94430 43.06470 43.25030 43.60300 44.49660 44.84050 44.89840 46.43410 48.57580 49.14660 51.06570 52.72780 54.52850
-9999 -9999 -9999 -9999 -9999 -9999 -9999 -9999 -9999 -9999 -9999 -9999 -9999 -9999 -9999 -9999 34.71590 33.79640 33.09220 32.44310 33.01720 33.48420 34.07290 34.59660 35.74860 36.14470 36.45290 36.97610 36.52060 37.40000 37.38980 37.84850 38.04900 38.41060 37.13000 36.09630 34.67990 33.02420 31.33840 30.95770 30.22060 29.66730 29.50900 30.36950 31.84860 34.22240 35.73120 36.20620 38.41800 43.32370 44.41640 43.41630 42.60020 42.70780 43.04090 42.94100 42.62250 41.68570 42.68480 43.72790 44.25140 45.79730 46.10660 45.27380 47.33500 49.39130 50.68750 51.83140 53.79960 54.55710 55.53360
-9999 -9999 -9999 -9999 -9999 -9999 -9999 -9999 -9999 -9999 -9999 -9999 -9999 36.44230 35.07890 34.33150 33.72570 33.10290 33.08410 32.22870 32.98330 33.96260 34.82830 35.43820 36.22950 36.64670 37.53320 38.23500 38.64100 38.95700 38.97190 38.55590 38.99700 39.13590 38.82260 37.68430 36.77500 36.06320 34.73230 33.39490 31.72850 30.25640 29.27080 30.32430 32.00230 33.57610 35.20620 36.31440 37.00680 38.00490 39.07870 40.39690 41.59680 42.39150 43.79880 43.48730 43.21310 43.24050 43.86150 44.55720 45.44940 46.79270 48.00750 49.50810 51.31370 53.62220 54.83300 56.04130 56.35010 56.94020 57.10470
-9999 -9999 -9999 -9999 -9999 -9999 -9999 -9999 -9999 -9999 -9999 -9999 36.40680 35.06560 34.13860 33.67690 33.05640 33.11930 33.07690 32.48430 33.47130 34.60110 35.40570 36.25490 36.85140 37.17350 37.75250 39.35500 39.77200 39.90200 39.69260 39.23730 39.85730 39.92130 40.50390 39.63470 38.94680 39.23180 38.86970 36.83200 33.94310 31.24600 28.97130 30.02550 32.41430 34.82920 35.62470 36.07260 35.92040 34.41000 36.29960 37.97110 39.35340 40.97730 43.47490 44.38240 44.07020 43.40420 43.67100 44.97160 45.78030 47.72370 49.68280 51.69360 54.34390 56.40780 57.57470 58.38450 58.41340 58.12210 57.86240
-9999 -9999 -9999 -9999 -9999 -9999 -9999 -9999 -9999 -9999 -9999 35.95070 34.87270 34.17960 33.59820 32.81750 32.50220 32.12310 32.47020 32.93690 33.84560 34.57560 36.06970 36.63410 37.43920 37.90870 38.26790 39.06790 40.74490 40.37140 39.78390 39.67630 39.25910 39.94850 40.53640 40.05990 40.05990 40.73070 41.91120 39.16660 35.36570 32.87000 30.96530 31.59240 33.40770 34.84790 35.88120 37.04800 36.70020 35.69190 35.33620 35.72780 36.53510 38.51690 40.46600 42.60320 44.17060 44.21230 46.16240 46.24370 47.60480 49.69110 51.82580 54.31760 57.78360 60.06830 59.49990 59.29050 58.58150 58.15120 58.31950
-9999 -9999 -9999 -9999 -9999 -9999 -9999 -9999 -9999 -9999 35.24950 34.84060 34.20250 33.92130 32.83520 32.05820 31.78880 31.56780 32.35850 33.08900 34.62260 35.81330 36.65200 37.62210 37.79160 38.11720 38.36490 39.27930 40.16100 39.88920 39.26300 38.95910 38.61400 39.22070 39.86680 39.79790 39.56630 40.49060 41.24530 39.24760 36.61490 34.81310 33.61440 33.94130 34.66530 35.83950 37.47500 38.04710 37.53920 36.92490 35.68490 34.78750 35.01630 36.08050 38.96630 41.14210 43.25230 44.32510 46.36770 47.10050 48.22560 50.34660 52.59400 55.14690 57.59530 60.18080 60.36960 59.76960 59.07090 58.56170 58.80220
-9999 -9999 -9999 -9999 -9999 -9999 -9999 -9999 -9999 35.09590 34.01680 34.03050 33.81840 33.20780 32.27710 30.98720 30.43770 31.39170 32.69230 33.89430 35.51280 36.83300 37.78450 38.18360 38.54030 38.59100 38.52010 39.04560 39.09620 38.36090 38.01260 37.92940 38.02310 37.50250 37.91180 38.39530 38.61100 40.04660 40.10080 38.87180 37.34020 36.77360 36.12140 35.71310 35.85330 36.64670 38.65230 39.58080 39.76520 38.76520 37.07620 34.86420 34.24180 35.66000 36.83170 40.83060 44.14460 46.37960 46.54770 47.72290 49.25140 51.15660 53.05730 54.62180 56.52360 58.46790 59.15540 58.66880 58.62610 59.10480 60.18910
-9999 -9999 -9999 -9999 -9999 -9999 -9999 -9999 -9999 -9999 33.21630 34.33450 34.18730 33.74430 32.25810 30.84240 29.90640 31.24500 33.09830 34.44610 36.22520 37.81820 38.32520 -9999 -9999 -9999 -9999 -9999 -9999 36.97110 36.72120 36.65910 36.63590 36.43190 36.64960 37.29720 37.55990 38.81640 38.68420 38.34170 37.25550 37.07550 36.75800 36.19790 36.38940 36.90810 38.03620 39.38410 40.41730 39.52440 37.27190 35.46270 34.53850 35.24060 37.01170 40.56660 43.59640 45.68050 46.13330 47.92510 49.28750 50.94970 52.30850 53.54500 54.79960 56.49890 57.68110 57.69300 57.74340 59.51880 60.47150
-9999 -9999 -9999 -9999 -9999 -9999 -9999 -9999 -9999 -9999 -9999 -9999 35.48880 34.16970 32.70620 31.16700 30.40900 31.35600 32.91960 -9999 -9999 -9999 -9999 -9999 -9999 -9999 -9999 -9999 -9999 -9999 -9999 -9999 -9999 35.00500 35.44700 36.10170 36.90400 37.66390 38.22320 37.35460 36.84060 36.33890 36.08910 35.69700 35.70730 35.95680 37.10740 38.79330 39.04870 39.21590 37.73940 35.51210 34.59420 35.65390 37.25780 40.31920 42.80810 44.74570 46.51580 48.17910 49.96900 51.06760 52.10680 53.12970 54.89690 55.90710 56.69170 57.49080 58.67930 60.94380 62.53670
-9999 -9999 -9999 -9999 -9999 -9999 -9999 -9999 -9999 -9999 -9999 -9999 -9999 -9999 -9999 -9999 -9999 -9999 -9999 -9999 -9999 -9999 -9999 -9999 -9999 -9999 -9999 -9999 -9999 -9999 -9999 -9999 -9999 -9999 34.80330 35.72840 35.99670 36.88490 36.79190 36.59390 36.23740 35.71890 35.24600 35.38580 35.45260 35.15000 36.33900 38.28100 38.27050 38.22780 37.71110 35.68050 35.26680 36.55580 37.75070 40.95710 42.21580 44.91790 46.94270 49.36420 51.11250 51.40200 52.59130 53.62780 54.92150 55.25960 56.07120 57.15520 58.72750 61.07040 63.96040
-9999 -9999 -9999 -9999 -9999 -9999 -9999 -9999 -9999 -9999 -9999 -9999 -9999 -9999 -9999 -9999 -9999 -9999 -9999 -9999 -9999 -9999 -9999 -9999 -9999 -9999 -9999 -9999 -9999 -9999 -9999 -9999 -9999 -9999 35.20320 35.81320 36.49910 37.14160 36.66280 35.52840 35.06810 35.30860 35.45800 35.65990 35.99250 36.56870 37.26180 36.83490 38.14010 36.55280 35.91290 35.92370 36.99710 36.08600 37.33340 40.03490 42.90840 46.28480 48.18120 49.93520 51.57560 52.79750 52.88110 53.41930 54.25200 54.93950 56.43810 57.16490 59.11210 61.53380 -9999
-9999 -9999 -9999 -9999 -9999 -9999 -9999 -9999 -9999 -9999 -9999 -9999 -9999 -9999 -9999 -9999 -9999 -9999 -9999 -9999 -9999 -9999 -9999 -9999 -9999 -9999 -9999 -9999 -9999 -9999 -9999 -9999 -9999 -9999 -9999 -9999 -9999 -9999 36.27620 35.09500 34.90710 34.92250 34.87830 35.56260 36.11430 36.23730 37.22860 37.11870 36.63890 36.14820 35.08790 34.77990 35.62860 35.55610 36.91590 40.08510 42.60120 47.25720 49.99910 52.32130 53.43480 53.62000 53.36130 53.76170 53.95830 55.56380 56.95920 58.39630 60.60170 -9999 -9999
