data/hydroclimate-scenarios/BCSD_hadcm_B1/monthly_summaries/rh_monthly_avg_apr.2030-2059.asc
ncols	311
nrows	91
xllcenter	102.75
yllcenter	31.75
cellsize	0.5
NODATA_value	-9999
[rows 0 to 31 of 91, columns 213 to 283 of 311]
-9999 -9999 -9999 -9999 -9999 -9999 -9999 -9999 -9999 -9999 -9999 -9999 -9999 -9999 -9999 -9999 -9999 -9999 -9999 -9999 -9999 -9999 -9999 -9999 -9999 -9999 -9999 -9999 -9999 -9999 -9999 -9999 -9999 -9999 -9999 -9999 -9999 -9999 -9999 -9999 -9999 -9999 -9999 -9999 -9999 -9999 -9999 -9999 -9999 -9999 -9999 -9999 -9999 -9999 -9999 -9999 -9999 -9999 -9999 -9999 -9999 -9999 -9999 -9999 -9999 -9999 -9999 -9999 -9999 -9999 -9999
-9999 -9999 -9999 -9999 -9999 -9999 -9999 -9999 -9999 -9999 -9999 -9999 -9999 -9999 -9999 -9999 -9999 -9999 -9999 -9999 -9999 -9999 -9999 -9999 -9999 -9999 -9999 -9999 -9999 -9999 -9999 -9999 -9999 -9999 -9999 -9999 -9999 -9999 -9999 -9999 -9999 -9999 -9999 -9999 -9999 -9999 -9999 -9999 -9999 -9999 -9999 -9999 -9999 -9999 -9999 -9999 -9999 -9999 -9999 -9999 -9999 -9999 -9999 -9999 -9999 -9999 -9999 -9999 -9999 -9999 -9999
-9999 -9999 -9999 -9999 -9999 -9999 -9999 -9999 -9999 -9999 -9999 -9999 -9999 -9999 -9999 -9999 -9999 -9999 -9999 -9999 -9999 -9999 -9999 -9999 -9999 -9999 -9999 -9999 -9999 -9999 -9999 -9999 -9999 -9999 -9999 -9999 -9999 -9999 -9999 -9999 -9999 -9999 -9999 -9999 -9999 -9999 -9999 -9999 -9999 -9999 -9999 -9999 -9999 -9999 -9999 -9999 -9999 -9999 -9999 -9999 -9999 -9999 -9999 -9999 -9999 -9999 -9999 -9999 -9999 -9999 -9999
-9999 -9999 -9999 -9999 -9999 -9999 -9999 -9999 -9999 -9999 -9999 -9999 -9999 -9999 -9999 -9999 -9999 -9999 -9999 -9999 -9999 -9999 -9999 -9999 -9999 -9999 -9999 -9999 -9999 -9999 -9999 -9999 -9999 -9999 -9999 -9999 -9999 -9999 -9999 -9999 -9999 -9999 -9999 -9999 -9999 -9999 -9999 -9999 -9999 -9999 -9999 -9999 -9999 -9999 -9999 -9999 -9999 -9999 -9999 -9999 -9999 -9999 -9999 -9999 -9999 -9999 -9999 -9999 -9999 -9999 -9999
-9999 -9999 -9999 -9999 -9999 -9999 -9999 -9999 -9999 -9999 -9999 -9999 -9999 -9999 -9999 -9999 -9999 -9999 -9999 -9999 -9999 -9999 -9999 -9999 -9999 -9999 -9999 -9999 -9999 -9999 -9999 -9999 -9999 -9999 -9999 -9999 -9999 -9999 -9999 -9999 -9999 -9999 -9999 -9999 -9999 -9999 -9999 -9999 -9999 -9999 -9999 -9999 -9999 -9999 -9999 -9999 -9999 -9999 -9999 -9999 -9999 -9999 -9999 -9999 -9999 -9999 -9999 -9999 -9999 -9999 -9999
-9999 -9999 -9999 -9999 -9999 -9999 -9999 -9999 -9999 -9999 -9999 -9999 -9999 -9999 -9999 -9999 -9999 -9999 -9999 -9999 -9999 -9999 -9999 -9999 -9999 -9999 -9999 -9999 -9999 -9999 -9999 -9999 -9999 -9999 -9999 -9999 -9999 -9999 -9999 -9999 -9999 -9999 -9999 -9999 -9999 -9999 -9999 -9999 -9999 -9999 -9999 -9999 -9999 -9999 -9999 -9999 -9999 -9999 -9999 -9999 -9999 -9999 -9999 -9999 -9999 -9999 -9999 -9999 -9999 -9999 -9999
-9999 -9999 -9999 -9999 -9999 -9999 -9999 -9999 -9999 -9999 -9999 -9999 -9999 -9999 -9999 -9999 -9999 -9999 -9999 -9999 -9999 -9999 -9999 -9999 -9999 -9999 -9999 -9999 -9999 -9999 -9999 -9999 -9999 -9999 -9999 -9999 -9999 -9999 -9999 -9999 -9999 -9999 -9999 -9999 -9999 -9999 -9999 -9999 -9999 -9999 -9999 -9999 -9999 -9999 -9999 -9999 -9999 -9999 -9999 -9999 -9999 -9999 -9999 -9999 -9999 -9999 -9999 -9999 -9999 -9999 -9999
-9999 -9999 -9999 -9999 -9999 -9999 -9999 -9999 -9999 -9999 -9999 -9999 -9999 -9999 -9999 -9999 -9999 -9999 -9999 -9999 -9999 -9999 -9999 -9999 -9999 -9999 -9999 -9999 -9999 -9999 -9999 -9999 -9999 -9999 -9999 -9999 -9999 -9999 -9999 -9999 -9999 -9999 -9999 -9999 -9999 -9999 -9999 -9999 -9999 -9999 -9999 -9999 -9999 -9999 -9999 -9999 -9999 -9999 -9999 -9999 -9999 -9999 -9999 -9999 -9999 -9999 -9999 -9999 -9999 -9999 -9999
-9999 -9999 -9999 -9999 -9999 -9999 -9999 -9999 -9999 -9999 -9999 -9999 -9999 -9999 -9999 -9999 -9999 -9999 -9999 -9999 -9999 -9999 -9999 -9999 -9999 -9999 -9999 -9999 -9999 -9999 -9999 -9999 -9999 -9999 -9999 -9999 -9999 -9999 -9999 -9999 -9999 -9999 -9999 -9999 -9999 -9999 -9999 -9999 -9999 -9999 -9999 -9999 -9999 -9999 -9999 -9999 -9999 -9999 -9999 -9999 -9999 -9999 -9999 -9999 -9999 -9999 -9999 -9999 -9999 -9999 -9999
-9999 -9999 -9999 -9999 -9999 -9999 -9999 -9999 -9999 -9999 -9999 -9999 -9999 -9999 -9999 -9999 -9999 -9999 -9999 -9999 -9999 -9999 -9999 -9999 -9999 -9999 -9999 -9999 -9999 -9999 -9999 -9999 -9999 -9999 -9999 -9999 -9999 -9999 -9999 -9999 -9999 -9999 -9999 -9999 -9999 -9999 -9999 -9999 -9999 -9999 -9999 -9999 -9999 -9999 -9999 -9999 -9999 -9999 -9999 -9999 -9999 -9999 -9999 -9999 -9999 -9999 -9999 -9999 -9999 -9999 -9999
-9999 -9999 -9999 -9999 -9999 -9999 -9999 -9999 -9999 -9999 -9999 -9999 -9999 -9999 -9999 -9999 -9999 -9999 -9999 -9999 -9999 -9999 -9999 -9999 -9999 -9999 -9999 -9999 -9999 -9999 -9999 -9999 -9999 -9999 -9999 -9999 -9999 -9999 -9999 -9999 -9999 -9999 -9999 -9999 -9999 -9999 -9999 -9999 -9999 -9999 -9999 -9999 -9999 -9999 -9999 -9999 -9999 -9999 -9999 -9999 -9999 -9999 -9999 -9999 -9999 -9999 -9999 -9999 -9999 -9999 -9999
-9999 -9999 -9999 -9999 -9999 -9999 -9999 -9999 -9999 -9999 -9999 -9999 -9999 -9999 -9999 -9999 -9999 -9999 -9999 -9999 -9999 -9999 -9999 -9999 -9999 -9999 -9999 -9999 -9999 -9999 -9999 -9999 -9999 -9999 -9999 -9999 -9999 -9999 -9999 -9999 -9999 -9999 -9999 -9999 -9999 -9999 -9999 -9999 -9999 -9999 -9999 -9999 -9999 -9999 -9999 -9999 -9999 -9999 -9999 -9999 -9999 -9999 -9999 -9999 -9999 -9999 -9999 -9999 -9999 -9999 -9999
-9999 -9999 -9999 -9999 -9999 -9999 -9999 -9999 -9999 -9999 -9999 -9999 -9999 -9999 -9999 -9999 -9999 -9999 -9999 -9999 -9999 -9999 -9999 -9999 -9999 -9999 -9999 -9999 -9999 -9999 -9999 -9999 -9999 -9999 -9999 -9999 -9999 -9999 -9999 -9999 -9999 -9999 -9999 -9999 -9999 -9999 -9999 -9999 -9999 -9999 -9999 -9999 -9999 -9999 -9999 -9999 -9999 -9999 -9999 -9999 -9999 -9999 -9999 -9999 -9999 -9999 -9999 -9999 -9999 -9999 -9999
50.67360 50.30380 50.35420 50.16230 45.09210 44.74520 -9999 -9999 -9999 -9999 -9999 -9999 -9999 -9999 -9999 -9999 -9999 -9999 -9999 -9999 -9999 -9999 -9999 -9999 -9999 -9999 -9999 -9999 -9999 -9999 -9999 -9999 -9999 -9999 -9999 -9999 -9999 -9999 -9999 -9999 -9999 -9999 -9999 -9999 -9999 -9999 -9999 50.71000 -9999 -9999 -9999 -9999 -9999 -9999 -9999 -9999 -9999 -9999 -9999 -9999 -9999 -9999 -9999 -9999 -9999 -9999 -9999 -9999 -9999 -9999 -9999
51.59860 50.90670 49.17050 49.03940 48.86830 49.03680 47.22410 47.28870 47.67320 48.28780 44.84750 45.05100 45.54830 54.45620 54.00190 53.83360 53.33220 51.29590 62.09200 -9999 -9999 -9999 -9999 -9999 -9999 -9999 -9999 -9999 -9999 -9999 -9999 -9999 -9999 -9999 -9999 -9999 -9999 -9999 -9999 -9999 -9999 -9999 48.03920 47.64860 50.24460 51.58550 53.49100 54.09980 52.35620 -9999 -9999 -9999 53.89310 -9999 -9999 -9999 54.23370 57.51380 57.06070 -9999 -9999 -9999 -9999 -9999 -9999 -9999 -9999 -9999 -9999 -9999 -9999
51.27950 49.91840 48.15890 48.06360 48.06490 48.05980 38.51540 39.60810 40.07760 40.70140 41.30200 43.32880 42.37120 43.62830 42.28670 42.24630 40.65050 39.38510 39.43740 40.00260 40.76940 44.25680 48.69040 50.98700 44.46880 -9999 -9999 -9999 -9999 -9999 45.38350 45.92270 47.07430 48.78350 50.00940 50.42480 50.31070 49.75140 47.57980 45.70470 45.72240 46.39630 49.34000 50.40410 52.36400 51.70420 55.07860 56.50080 53.78770 55.19470 55.64950 55.62780 55.83520 57.12010 56.31450 55.95060 59.10740 61.29900 61.94680 61.19480 59.56680 56.44120 58.15510 54.85660 -9999 -9999 -9999 -9999 -9999 -9999 -9999
49.76500 49.14430 48.60170 50.04670 50.58690 43.63990 40.14140 41.33760 41.74210 41.95670 40.56910 42.57540 41.16640 42.23400 40.67090 38.29390 36.62670 35.65690 36.87780 37.32660 39.02220 41.43830 49.24610 47.21790 45.92660 46.01680 43.98730 45.62390 46.93670 46.16670 46.30260 46.28330 46.23340 49.05190 50.41140 49.44450 50.00840 50.70580 49.22970 48.34020 50.24250 50.77820 51.75030 52.01170 53.91820 53.40860 55.00800 55.31350 53.33680 53.53010 54.77070 54.95310 56.31090 56.93570 57.91600 59.44440 58.82850 59.03750 59.57070 59.89150 59.33140 59.81890 59.55880 60.72960 58.11190 55.52040 53.14550 52.44310 51.25050 51.88990 53.53980
51.79210 52.76080 52.00990 49.57410 48.57630 40.01150 38.62420 37.76850 37.72850 37.96850 36.20860 36.08130 36.77100 34.59060 33.13990 32.99590 32.89910 32.67590 38.11200 41.07020 44.38460 48.44540 51.25640 53.06510 45.80640 47.86250 46.36930 49.84580 50.70560 51.47500 51.35520 46.65130 46.10350 47.14220 48.30920 50.10130 51.27470 52.61890 50.45560 49.85630 51.05660 51.57650 51.36360 50.77680 51.74450 51.03810 52.39590 53.22750 52.57030 52.77060 53.58680 54.32300 55.64550 56.84020 57.14780 58.34270 57.78600 57.15640 57.64820 58.51500 59.01460 59.06370 59.63200 59.09850 56.76130 54.94280 53.90750 54.62240 55.48450 56.11720 56.93940
48.89950 49.05960 47.74250 45.35920 42.65840 40.37660 38.87480 34.69000 33.83590 32.70800 33.07770 32.72630 31.91510 31.98810 33.07070 31.97710 36.70910 34.73820 36.09920 35.42240 47.44940 47.29470 50.26460 49.52230 42.94110 43.38570 46.83530 48.58960 49.49050 51.39980 51.86710 48.17980 48.35280 48.11040 47.88110 49.13470 49.75760 50.21650 50.42000 50.72790 49.90010 49.96730 47.99360 48.66550 49.62160 49.82150 51.54750 52.39410 53.04600 53.36720 53.67310 54.07110 54.68110 54.95660 55.60730 55.87380 55.80260 56.73910 56.45790 56.49910 55.84080 55.71730 58.10850 57.37060 55.84050 55.92300 55.40730 54.56100 54.51430 55.04830 55.38360
47.90510 49.13400 48.94610 45.94870 44.81190 43.99000 41.74140 39.85320 40.00530 38.36800 37.19380 34.37600 36.46860 35.82510 36.98700 36.85700 36.21000 35.88780 48.58680 49.44260 44.92180 49.01420 49.23350 50.00360 42.26590 43.16180 44.71660 46.11070 48.32590 51.26480 51.97290 50.60440 49.17400 48.77050 47.79700 47.03590 47.19440 46.86390 48.46840 49.56610 48.71560 48.00750 49.07910 49.92090 49.38910 49.28780 50.37660 51.40530 52.23590 52.24360 52.92770 54.47730 53.80360 53.95520 54.62310 54.87840 54.76670 56.31720 54.81580 54.17990 53.67580 52.67580 54.79500 54.68240 55.45640 54.84680 54.35320 55.22460 56.35240 56.39890 56.38940
45.69570 48.90220 49.25610 46.13680 42.01580 39.79860 40.02090 39.17610 38.18770 38.31980 39.26130 39.25390 38.84280 38.33500 37.19300 36.34300 37.26670 37.93210 44.23210 41.36860 34.43750 38.64310 44.30070 43.98820 41.30800 43.05770 44.65850 46.24290 48.03080 50.67410 51.20950 50.20280 49.60650 48.73280 47.50180 46.79900 46.79900 47.15450 46.93700 46.93210 47.64390 46.42320 47.42710 47.55760 47.61210 47.53570 48.67580 50.01990 51.26800 52.29760 53.59200 53.22430 53.56440 53.33860 53.34070 53.45860 54.82770 53.78660 51.64930 50.30640 49.32700 48.77820 49.21440 50.28200 51.21930 51.75660 52.71890 54.77690 55.67830 56.36370 56.19130
46.12420 45.58680 41.67660 39.00710 37.20580 36.99150 37.53700 38.09090 39.11160 39.54000 40.19880 40.18460 40.20640 40.58580 40.45640 38.75680 38.98630 38.34980 45.60360 45.38940 32.67280 31.06190 32.33730 39.42030 39.45080 43.58660 46.43190 48.11190 47.46370 49.29680 51.36750 51.16910 50.62580 49.21030 48.30120 47.54030 47.06510 46.61730 46.12870 46.52620 46.32060 45.55540 45.27030 45.23080 44.39790 45.59800 47.43090 48.89680 50.41060 51.13380 52.45550 52.05840 51.04940 50.56430 50.90150 50.05040 50.01070 51.17270 50.02480 48.98720 47.50000 47.62180 47.60140 48.11970 49.02090 47.77510 49.64070 52.05830 53.53130 54.52160 54.96390
44.44260 40.95000 39.01220 39.03790 39.92370 42.31950 46.10460 48.32560 46.44890 44.24430 27.91650 37.63980 44.32020 43.17590 41.95030 41.20860 42.68500 41.23070 42.56310 45.86680 32.15110 31.15540 32.32730 38.24810 35.99030 41.52670 42.46520 44.35170 46.67950 47.83540 48.51080 48.15930 48.45490 48.95710 49.16260 49.03600 50.15500 49.93720 50.64280 50.33490 50.50590 48.70660 47.01770 45.70470 45.57320 47.05070 48.91990 52.09760 52.67280 53.14440 52.79470 52.08090 50.61730 50.53920 49.07220 49.96240 49.68750 48.74460 47.65800 46.65690 46.06540 45.48650 46.76430 46.88450 46.70310 47.15040 50.92590 51.55390 51.68940 52.21050 52.61210
43.24730 43.66880 43.67260 41.03530 39.34410 42.15000 44.73080 43.75970 45.21500 36.51570 28.33690 27.99300 29.30150 27.57210 27.07070 26.93060 42.43130 41.76680 44.13130 47.28770 39.57500 29.59930 34.39460 38.49820 36.57450 36.84580 41.91950 43.71920 46.10280 48.20260 48.88490 49.17590 49.79030 49.86110 51.95040 51.29300 52.43290 53.38650 53.91250 52.69610 54.98060 54.41970 53.51850 53.19060 53.22920 53.57200 52.26560 51.87440 53.50990 52.97780 51.00280 48.67800 49.66450 49.34260 47.49430 48.76070 47.89250 46.12410 46.10330 49.46750 49.03410 45.45350 46.07780 47.23180 47.30510 47.06430 49.48490 49.60560 48.95180 49.59180 49.79060
41.17410 40.59810 39.63870 38.88340 40.00220 40.55050 40.03980 40.12670 44.49940 45.87790 45.14920 28.13220 28.83700 28.52130 27.86200 27.42570 27.05490 26.88960 28.82000 48.55740 46.48970 34.25280 30.88160 30.59610 33.00980 33.76710 32.43890 37.62270 42.52470 44.03610 45.07210 47.30310 47.51990 49.84730 49.27120 51.19750 52.78160 52.53780 54.60680 54.82980 56.92690 57.39060 56.35950 57.11550 57.66180 58.48180 58.47090 57.20080 54.14180 51.53530 50.01020 47.64500 46.61780 49.48130 48.94630 48.19840 47.93930 47.57570 45.43100 45.88500 47.80230 49.43530 50.20610 49.41770 48.01680 45.77410 46.13100 46.19360 46.06430 45.96510 47.00080
40.03270 39.66340 38.75890 38.14220 40.91260 40.97670 42.24180 40.26250 40.67360 40.55370 44.36430 46.00510 42.32340 43.90230 34.07860 31.40560 29.77810 26.54130 35.07850 39.47560 39.23680 45.32980 32.76530 39.24830 32.40760 31.84950 33.16340 34.77150 40.82730 45.38100 45.61230 46.88400 45.92940 47.01180 46.65950 49.27230 50.49310 52.09850 53.85110 54.70700 56.38080 57.38410 56.53870 57.37360 57.32950 58.37760 58.17410 58.08060 57.18050 55.36410 53.80720 51.71390 48.35750 51.37440 52.98170 50.17370 48.74930 49.19330 47.34360 47.33270 48.34370 49.76660 49.43640 48.39630 48.86930 48.53960 46.94530 44.84940 44.63300 44.48910 45.61470
48.57050 48.95150 47.45670 46.06190 45.25800 49.66420 55.64900 56.27450 55.62740 53.22680 53.90250 56.14080 48.30150 39.87570 37.21140 37.32980 34.94490 33.78230 44.02070 40.60830 41.78620 41.67340 40.06520 42.60280 40.54870 41.66410 44.34740 45.93550 48.34450 50.47720 50.47950 46.93450 46.77470 46.68940 46.30020 46.81770 49.01710 50.64180 52.91990 54.44080 55.46060 55.95170 56.48190 57.90640 58.53020 58.49200 58.58170 59.25100 58.17230 56.59440 55.59820 54.42300 51.74510 49.97790 49.79180 51.69470 49.76910 49.43170 49.84110 49.30080 48.70710 49.54170 50.04460 50.67070 49.65170 48.03790 46.86040 45.52640 43.98970 42.97050 44.04010
62.89950 62.34380 55.19490 52.47950 52.16450 51.45390 52.50850 55.78890 58.69180 59.20860 58.12830 59.92960 57.32670 55.31260 51.39920 42.16110 34.44200 33.35520 48.39990 49.54780 45.91130 49.24570 45.75400 46.29280 39.61330 40.84580 42.92580 46.39660 47.47110 49.05240 48.88420 45.07490 42.91540 42.67520 41.95270 45.62350 47.75040 50.19270 52.05460 53.87220 55.18320 56.36270 57.19750 57.52970 58.45930 59.14000 59.60840 59.70020 58.46130 57.27000 57.05640 56.12390 54.50520 52.46640 49.25600 51.35270 51.16920 50.40840 49.69600 50.50280 49.88100 49.68230 49.57030 48.67570 48.45490 47.85120 46.82280 46.42620 43.81730 42.52120 42.19430
63.67430 61.10660 58.17600 55.60460 52.02420 50.61250 52.79440 48.21990 46.66940 46.63390 46.74700 47.70930 45.97550 48.11670 47.71110 47.98370 44.82320 35.03040 46.55370 50.04020 51.93530 54.27090 51.05990 47.03320 34.11090 29.71350 39.54660 41.60040 41.97470 44.13620 44.30970 39.45170 39.12230 36.40380 38.38300 43.47250 47.75930 50.03640 52.12260 53.68710 54.55070 55.93260 57.55340 57.93220 58.89520 59.50310 60.25100 60.45150 59.47590 60.11170 58.88070 58.08620 55.81540 53.47900 52.12320 48.79720 50.38960 50.77160 48.78380 48.54990 47.74310 47.51860 48.79550 48.32220 47.84540 47.80910 48.51690 47.55530 46.23590 43.73440 42.98390
60.45410 57.27000 60.20230 60.25880 60.65100 57.05380 50.39680 47.14170 42.51860 40.81980 39.54370 41.58210 52.93340 57.24990 57.09110 55.01460 53.76830 47.68860 51.56480 54.03970 54.94430 57.67600 55.71800 49.40220 40.53680 36.62120 35.68320 35.56340 39.79470 42.27530 39.20750 33.73480 35.20580 32.05430 35.69530 43.71180 47.80210 50.49240 52.39980 53.50120 55.07550 56.02510 57.29270 59.12570 59.32700 60.36530 59.82800 59.82540 60.36890 60.40940 59.21980 58.54050 57.40640 55.29130 53.44720 49.05970 49.96060 51.13750 49.31120 50.92720 51.73710 53.76590 54.63580 53.97050 52.99740 50.21320 47.74950 47.58160 46.89170 46.48650 45.45610
58.60730 54.00500 55.62110 60.55660 59.03580 53.61990 58.81620 60.91740 60.41520 54.07680 50.18760 43.25460 49.52580 55.37430 61.01920 63.05670 61.51650 60.10280 58.41090 59.00830 58.29540 59.01960 56.71140 51.11200 45.63610 42.96180 39.62280 41.94680 40.87410 40.28220 37.58730 32.55730 28.99140 28.97690 38.13990 44.67740 47.84270 49.53280 50.86910 52.47240 53.78810 55.59150 55.33000 57.29500 58.25960 58.61540 58.97900 57.98630 57.14700 56.17040 55.80300 56.11680 56.88660 54.66340 52.83920 51.47740 50.01280 50.86810 48.53900 49.20560 49.16490 49.59460 48.40640 48.34820 47.72440 47.26090 47.04510 46.65700 46.95020 47.89060 47.19080
60.24260 -9999 53.20180 61.61070 66.78200 68.96400 -9999 68.01070 66.53140 64.45380 63.49620 62.27090 62.84120 61.10820 61.08670 60.43520 56.03070 60.10550 64.14260 64.62400 64.45290 63.87850 60.52440 57.70930 54.48870 52.64530 49.62450 47.47650 49.05170 49.15870 48.51500 43.29670 34.81560 37.64640 41.73770 44.94140 48.67690 51.06180 53.27150 54.16050 55.46290 56.35900 55.75850 55.30710 57.56700 57.11500 58.26100 57.41000 56.05990 55.78730 55.56730 55.29690 56.05580 55.11880 52.53300 50.67900 48.36700 48.69720 50.08770 50.25760 49.85500 48.06750 46.32890 45.97760 46.39710 46.19000 46.58130 46.21340 46.88670 47.52690 45.75750
