data/hydroclimate-scenarios/BCSD_hadcm_B1/monthly_summaries/rh_monthly_avg_jun.2070-2099.asc
ncols	311
nrows	91
xllcenter	102.75
yllcenter	31.75
cellsize	0.5
NODATA_value	-9999
[rows 0 to 31 of 91, columns 0 to 70 of 311]
-9999 -9999 -9999 -9999 -9999 -9999 -9999 -9999 -9999 -9999 -9999 -9999 -9999 -9999 -9999 -9999 -9999 -9999 -9999 -9999 -9999 -9999 -9999 -9999 -9999 -9999 -9999 -9999 -9999 -9999 -9999 -9999 -9999 -9999 -9999 -9999 -9999 -9999 -9999 -9999 -9999 -9999 -9999 -9999 -9999 -9999 -9999 -9999 -9999 -9999 -9999 -9999 -9999 -9999 -9999 -9999 -9999 -9999 -9999 -9999 -9999 -9999 -9999 -9999 -9999 -9999 -9999 -9999 -9999 -9999 -9999
-9999 -9999 -9999 -9999 -9999 -9999 -9999 -9999 -9999 -9999 -9999 -9999 -9999 -9999 -9999 -9999 -9999 -9999 -9999 -9999 -9999 -9999 -9999 -9999 -9999 -9999 -9999 -9999 -9999 -9999 -9999 -9999 -9999 -9999 -9999 -9999 -9999 -9999 -9999 -9999 -9999 -9999 -9999 -9999 -9999 -9999 -9999 -9999 -9999 -9999 -9999 -9999 -9999 -9999 -9999 -9999 -9999 -9999 -9999 -9999 -9999 -9999 -9999 -9999 -9999 -9999 -9999 -9999 -9999 -9999 -9999
-9999 -9999 -9999 -9999 -9999 -9999 -9999 -9999 -9999 -9999 -9999 -9999 -9999 -9999 -9999 -9999 -9999 -9999 -9999 -9999 -9999 -9999 -9999 -9999 -9999 -9999 -9999 -9999 -9999 -9999 -9999 -9999 -9999 -9999 -9999 -9999 -9999 -9999 -9999 -9999 -9999 -9999 -9999 -9999 -9999 -9999 -9999 -9999 -9999 -9999 -9999 -9999 -9999 -9999 -9999 -9999 -9999 -9999 -9999 -9999 -9999 -9999 -9999 -9999 -9999 -9999 -9999 -9999 -9999 -9999 -9999
-9999 -9999 -9999 -9999 -9999 -9999 -9999 -9999 -9999 -9999 -9999 -9999 -9999 -9999 -9999 -9999 -9999 -9999 -9999 -9999 -9999 -9999 -9999 -9999 -9999 -9999 -9999 -9999 -9999 -9999 -9999 -9999 -9999 -9999 -9999 -9999 -9999 -9999 -9999 -9999 -9999 -9999 -9999 -9999 -9999 -9999 -9999 -9999 -9999 -9999 -9999 -9999 -9999 -9999 -9999 -9999 -9999 -9999 -9999 -9999 -9999 -9999 -9999 -9999 -9999 -9999 -9999 -9999 -9999 -9999 -9999
-9999 -9999 -9999 -9999 -9999 -9999 -9999 -9999 -9999 -9999 -9999 -9999 -9999 -9999 -9999 -9999 -9999 -9999 -9999 -9999 -9999 -9999 -9999 -9999 -9999 -9999 -9999 -9999 -9999 -9999 -9999 -9999 -9999 -9999 -9999 -9999 -9999 -9999 -9999 -9999 -9999 -9999 -9999 -9999 -9999 -9999 -9999 -9999 -9999 -9999 -9999 -9999 -9999 -9999 -9999 -9999 -9999 -9999 -9999 -9999 -9999 -9999 -9999 -9999 -9999 -9999 -9999 -9999 -9999 -9999 -9999
-9999 -9999 -9999 -9999 -9999 -9999 -9999 -9999 -9999 -9999 -9999 -9999 -9999 -9999 -9999 -9999 -9999 -9999 -9999 -9999 -9999 -9999 -9999 -9999 -9999 -9999 -9999 -9999 -9999 -9999 -9999 -9999 -9999 -9999 -9999 -9999 -9999 -9999 -9999 -9999 -9999 -9999 -9999 -9999 -9999 -9999 -9999 -9999 -9999 -9999 -9999 -9999 -9999 -9999 -9999 -9999 -9999 -9999 -9999 -9999 -9999 -9999 -9999 -9999 -9999 -9999 -9999 -9999 -9999 -9999 -9999
-9999 -9999 -9999 -9999 -9999 -9999 -9999 -9999 -9999 -9999 -9999 -9999 -9999 -9999 -9999 -9999 -9999 -9999 -9999 -9999 -9999 -9999 -9999 -9999 -9999 -9999 -9999 -9999 -9999 -9999 -9999 -9999 -9999 -9999 -9999 -9999 -9999 -9999 -9999 -9999 -9999 -9999 -9999 -9999 -9999 -9999 -9999 -9999 -9999 -9999 -9999 -9999 -9999 -9999 -9999 -9999 -9999 -9999 -9999 -9999 -9999 -9999 -9999 -9999 -9999 -9999 -9999 -9999 -9999 -9999 -9999
-9999 -9999 -9999 -9999 -9999 -9999 -9999 -9999 -9999 -9999 -9999 -9999 -9999 -9999 -9999 -9999 -9999 -9999 -9999 -9999 -9999 -9999 -9999 -9999 -9999 -9999 -9999 -9999 -9999 -9999 -9999 -9999 -9999 -9999 -9999 -9999 -9999 -9999 -9999 -9999 -9999 -9999 43.69630 43.88080 43.78080 42.70820 42.25750 41.84080 40.77550 40.76720 39.88760 38.97840 -9999 -9999 -9999 -9999 -9999 -9999 -9999 -9999 -9999 -9999 -9999 -9999 -9999 -9999 -9999 -9999 -9999 -9999 -9999
-9999 -9999 -9999 -9999 -9999 -9999 -9999 -9999 -9999 -9999 -9999 -9999 -9999 -9999 -9999 -9999 -9999 -9999 -9999 -9999 -9999 -9999 -9999 -9999 -9999 -9999 -9999 -9999 -9999 -9999 -9999 -9999 -9999 -9999 -9999 -9999 -9999 -9999 45.05680 46.48140 46.12830 44.69540 44.38590 44.36530 43.77800 43.98850 43.11890 41.66020 40.67170 40.27180 39.29190 39.34870 37.83930 34.57140 -9999 -9999 -9999 -9999 -9999 -9999 -9999 -9999 -9999 -9999 -9999 -9999 -9999 -9999 -9999 -9999 -9999
-9999 -9999 -9999 -9999 -9999 -9999 -9999 -9999 -9999 -9999 -9999 -9999 -9999 -9999 -9999 -9999 -9999 -9999 -9999 -9999 -9999 -9999 -9999 -9999 -9999 -9999 -9999 -9999 -9999 -9999 -9999 -9999 -9999 -9999 -9999 -9999 -9999 -9999 -9999 -9999 45.43140 44.54560 44.89080 45.03960 44.82050 45.46870 44.28490 42.08040 41.63970 41.71960 40.84590 39.60290 38.56990 34.55880 -9999 -9999 -9999 -9999 -9999 -9999 -9999 -9999 -9999 -9999 -9999 -9999 -9999 -9999 -9999 -9999 -9999
-9999 -9999 -9999 -9999 -9999 -9999 -9999 -9999 -9999 -9999 -9999 -9999 -9999 -9999 -9999 -9999 -9999 -9999 -9999 -9999 -9999 -9999 -9999 -9999 -9999 -9999 -9999 -9999 -9999 -9999 -9999 -9999 -9999 -9999 -9999 -9999 -9999 -9999 -9999 -9999 -9999 -9999 -9999 -9999 44.98080 44.73660 44.81940 45.10450 44.26630 43.77120 42.96350 42.06650 39.19120 35.22220 -9999 -9999 -9999 -9999 -9999 -9999 33.44710 -9999 -9999 -9999 -9999 -9999 -9999 -9999 -9999 -9999 -9999
-9999 -9999 -9999 -9999 -9999 -9999 -9999 -9999 -9999 -9999 -9999 -9999 -9999 -9999 -9999 -9999 -9999 -9999 -9999 -9999 -9999 -9999 -9999 -9999 -9999 -9999 -9999 -9999 -9999 -9999 -9999 -9999 -9999 -9999 -9999 -9999 -9999 -9999 -9999 -9999 -9999 46.88600 46.57540 46.40650 46.13990 44.81650 45.21280 45.71460 45.14250 44.37920 43.88430 42.37480 39.83500 38.32860 -9999 -9999 -9999 -9999 -9999 33.58930 33.11720 31.97950 32.38460 31.18150 31.35820 30.64690 30.77680 30.74210 30.73080 29.24920 29.51920
-9999 -9999 -9999 -9999 -9999 -9999 -9999 -9999 -9999 -9999 -9999 -9999 -9999 -9999 -9999 -9999 -9999 -9999 -9999 -9999 -9999 -9999 -9999 -9999 -9999 -9999 -9999 -9999 -9999 -9999 -9999 -9999 -9999 -9999 -9999 -9999 -9999 -9999 -9999 -9999 -9999 47.45690 47.42580 45.93570 44.97880 44.38270 43.98770 45.45780 45.08140 45.22950 44.17440 42.63590 41.63320 40.89920 39.43330 39.77510 37.59480 -9999 34.95890 34.59610 33.84620 33.14150 32.79890 32.21140 32.56620 32.33600 31.82110 31.38470 30.83500 30.71520 30.52940
-9999 -9999 -9999 -9999 -9999 -9999 -9999 -9999 -9999 -9999 -9999 -9999 -9999 -9999 -9999 -9999 -9999 -9999 -9999 -9999 -9999 -9999 -9999 -9999 -9999 -9999 -9999 -9999 -9999 -9999 -9999 -9999 -9999 -9999 -9999 45.35940 45.48820 46.66500 46.77960 46.38950 46.48710 46.35300 46.82060 45.46280 44.84540 44.07070 44.19620 45.42130 44.98270 45.27450 45.15580 42.97790 43.06760 41.99990 41.62560 41.84470 39.75080 37.41140 35.29150 34.82420 33.48420 33.64530 33.31210 34.52120 33.59700 32.40350 32.77270 32.39410 31.54050 31.36840 31.68770
-9999 -9999 -9999 -9999 -9999 -9999 -9999 -9999 -9999 -9999 -9999 -9999 -9999 -9999 -9999 -9999 -9999 -9999 -9999 -9999 -9999 -9999 -9999 -9999 -9999 -9999 -9999 -9999 -9999 -9999 -9999 -9999 -9999 -9999 46.27790 47.63300 47.95830 47.41670 47.42890 47.46860 47.30880 46.68760 46.52040 46.52480 46.53100 46.36650 45.89600 45.79100 45.98930 46.18070 45.79390 45.56610 44.87560 44.12860 43.34490 41.10890 39.01670 37.17050 34.54170 33.26330 33.30340 34.01710 33.92980 35.49960 32.58570 32.21960 32.48100 34.64070 36.13230 34.69040 36.52350
-9999 -9999 -9999 -9999 -9999 -9999 -9999 -9999 -9999 -9999 -9999 -9999 -9999 -9999 -9999 -9999 -9999 -9999 -9999 -9999 -9999 -9999 -9999 -9999 -9999 -9999 -9999 -9999 -9999 -9999 -9999 -9999 -9999 46.36070 46.32470 46.58530 47.04310 47.32760 47.09280 46.59220 46.90890 46.54570 46.66770 46.38330 46.20140 46.14370 46.26970 45.79910 47.16440 46.60510 46.15410 45.94820 42.60670 44.20340 42.98670 40.47740 39.70440 37.20570 35.05820 34.59820 34.82830 32.91020 32.48610 31.07030 31.65140 32.75110 33.24280 35.05960 36.24900 34.93860 35.92100
-9999 -9999 -9999 -9999 -9999 -9999 -9999 -9999 -9999 -9999 -9999 -9999 -9999 -9999 -9999 -9999 -9999 -9999 -9999 -9999 -9999 -9999 -9999 -9999 -9999 -9999 -9999 -9999 -9999 -9999 -9999 46.00110 46.12680 46.56070 46.49420 46.34240 46.32160 46.38900 46.61900 46.29690 46.59410 46.52070 46.34540 45.88470 45.79850 46.47500 46.51430 46.33830 46.85180 46.64860 46.66230 45.61220 42.60170 44.87080 43.71020 41.79420 39.83130 38.11980 38.53640 35.72670 34.53640 33.53620 32.86050 31.92090 32.70060 33.78260 34.03770 35.09480 35.38490 37.14950 38.18360
-9999 -9999 -9999 -9999 -9999 -9999 -9999 -9999 -9999 -9999 -9999 -9999 -9999 -9999 -9999 -9999 -9999 -9999 -9999 -9999 -9999 -9999 -9999 -9999 -9999 -9999 -9999 -9999 -9999 45.27780 45.35400 46.14970 46.25220 46.43530 46.09360 46.02120 46.43920 46.40960 46.36440 46.81030 46.91650 46.95700 46.38210 46.07820 45.75170 46.64620 46.27130 46.66620 47.54950 47.08310 46.75410 46.08270 42.67680 44.43090 43.90550 42.59940 40.24430 38.80830 37.49190 34.09790 33.76480 33.62720 33.24110 33.34110 32.84730 33.15280 34.83190 36.59300 37.43630 36.91070 36.61040
-9999 -9999 -9999 -9999 -9999 -9999 -9999 -9999 -9999 -9999 -9999 -9999 -9999 -9999 -9999 -9999 -9999 -9999 -9999 -9999 -9999 -9999 -9999 -9999 45.44890 45.64430 44.70350 44.73510 44.71000 44.95690 45.05740 44.86100 44.86670 44.90860 45.07870 44.92310 44.97490 45.25660 45.69920 45.38140 45.16580 45.85340 45.61050 45.13990 45.12250 45.50010 45.20430 46.31090 46.64460 46.27720 45.54960 45.91920 45.41840 44.45430 42.94270 42.70310 41.10770 39.99540 39.09220 37.04040 35.21580 34.45050 33.31180 33.74190 33.90090 34.32750 34.36090 32.44400 34.35810 34.84200 37.76760
-9999 -9999 -9999 -9999 -9999 -9999 44.01000 44.25280 44.17350 43.95930 44.07340 -9999 -9999 -9999 -9999 -9999 -9999 -9999 -9999 -9999 -9999 44.32580 44.99970 45.37740 45.39220 45.45610 45.29210 45.03400 45.27750 44.71720 44.51390 44.37100 44.58050 44.44920 44.58300 44.35850 45.09860 44.71590 45.09220 44.71310 44.82720 45.38170 45.32810 44.68140 44.71050 45.18540 44.65880 45.98390 46.48160 46.14470 45.65420 45.22370 45.28800 44.33460 42.77240 42.19640 41.18590 40.46790 38.69870 36.95800 35.97230 35.12850 35.24360 35.78630 36.38540 34.31380 33.20650 34.06210 34.71740 33.87440 35.38650
-9999 -9999 -9999 -9999 -9999 44.11950 44.10170 44.62860 44.16100 44.56650 44.41140 45.42040 45.32400 45.75700 -9999 -9999 -9999 46.11430 46.27150 45.88650 45.71750 45.37390 45.05870 44.64270 45.12270 44.52720 44.84980 44.42080 44.82690 43.89090 43.55530 43.93400 43.98950 43.61090 43.42790 43.36830 43.61270 43.84440 44.55490 43.74300 44.18440 44.98130 45.11900 44.11160 44.46750 44.89680 45.56200 45.81790 45.84650 45.52450 45.36250 45.00760 44.49380 44.14800 43.21880 43.36970 42.73500 40.84090 38.63600 38.25310 36.91950 36.65570 36.63690 35.65010 36.96690 37.99160 37.72440 36.56550 36.02190 36.48350 36.82530
-9999 42.59260 42.75820 43.60220 43.64690 43.90660 44.28000 44.15030 44.34140 44.00770 44.22050 45.31460 45.53930 45.27650 45.44210 45.37770 45.03140 45.63340 45.68300 45.12440 45.08110 44.57730 44.44930 44.31190 43.90310 44.63700 44.64010 44.12040 44.33750 43.21160 42.47810 43.06220 42.51000 42.57700 43.03010 43.07410 42.96000 43.37870 43.52160 42.71120 43.15060 44.13190 44.13690 43.43060 43.66270 44.20780 44.88960 45.12630 45.41840 45.19760 44.67060 44.91810 44.23910 44.73150 44.25370 44.16630 43.07300 40.98700 40.49350 39.41070 37.84200 37.23210 38.11460 37.45400 38.31790 38.16420 37.64370 37.14220 36.97210 37.74330 38.83970
-9999 43.64760 43.35030 43.70570 43.55310 43.30410 43.67720 43.29410 43.17820 44.24730 44.65490 44.19150 44.44080 44.90460 44.88660 45.14200 45.67050 45.94870 45.87600 44.70720 44.63920 44.30680 44.18780 44.04510 43.97460 43.77570 43.69210 43.53570 43.63850 43.12800 43.12340 41.58640 41.37440 40.21880 40.08060 41.32220 41.58200 42.37600 42.28950 42.04260 41.76880 41.46850 41.36200 42.10470 42.15840 43.25990 43.63250 44.21560 44.39310 45.58570 44.75400 44.77350 44.30460 44.53020 43.95920 43.89860 42.67940 41.52570 40.94900 39.46730 38.42190 38.55770 38.08400 37.23970 37.64900 37.53240 38.05360 38.93490 39.00010 39.34480 39.65700
-9999 -9999 -9999 44.04350 43.89200 43.30500 43.52640 43.29580 43.19540 43.56350 43.74840 43.41040 43.58930 44.17530 44.51680 45.05880 45.05790 45.08140 45.63700 44.55300 44.55820 44.13710 43.80300 43.93930 43.73790 43.46290 43.11180 42.65740 42.40170 42.47900 42.01060 41.31650 40.85190 39.50010 39.72170 40.47640 40.64720 41.00970 41.11960 40.89830 40.92430 40.37700 39.89540 41.37130 41.54890 42.60810 42.75470 43.30370 43.41450 44.55330 44.71930 44.16790 44.34980 44.02500 43.55130 43.97960 43.01450 42.26130 41.50560 40.24410 39.02590 39.23780 39.05560 38.90610 38.17370 37.87670 37.56620 39.57420 40.17120 40.47500 40.72380
-9999 -9999 -9999 -9999 -9999 -9999 42.75110 43.53650 43.37480 43.06810 43.05050 43.21660 43.30650 43.49940 43.85490 44.12210 44.32440 44.36360 44.16030 43.61130 43.45610 43.73540 43.59750 43.71450 43.30840 42.89950 42.36310 42.43610 42.38890 41.19440 41.03950 39.64530 39.08600 39.31910 38.81390 39.27440 39.73910 39.70570 39.80010 39.82240 40.12350 40.39670 40.29150 40.45230 40.72410 41.34830 41.31750 42.84600 42.73270 43.30650 43.71980 43.97420 43.71620 42.44370 42.84910 43.13870 42.24650 41.66800 41.51390 41.39190 40.67520 40.39030 39.77100 38.84200 38.48830 39.21490 38.63590 40.07800 40.99120 41.98820 42.07110
-9999 -9999 -9999 -9999 -9999 -9999 42.37640 43.03530 43.02520 43.04140 42.86030 43.00710 43.21480 43.39290 43.56190 43.88230 44.18200 43.90310 44.15230 43.49840 43.40320 43.45330 43.72190 43.47730 42.90980 42.38980 41.36700 42.05950 41.34920 40.72460 40.93110 38.98650 38.43760 38.39760 38.55840 38.53810 38.18480 38.71110 38.85960 39.56170 40.20950 39.79730 40.01380 40.81940 40.26440 41.45380 41.65230 41.25850 41.79880 42.17980 42.78350 42.93360 42.92410 43.10130 42.49030 42.08910 41.78740 41.53630 40.78040 41.32190 41.64070 40.81280 40.56000 39.42830 39.37460 39.44070 40.25960 41.22230 41.56410 42.37130 42.70890
-9999 -9999 -9999 -9999 -9999 -9999 -9999 -9999 -9999 -9999 41.85650 42.29590 42.11280 42.20860 42.57690 43.36480 43.53850 43.83090 43.48700 42.99950 42.74740 43.10130 42.47890 43.19010 42.87960 42.90000 42.30360 41.12660 40.80630 40.00990 39.34880 39.84640 39.65820 39.33710 39.37990 38.81820 38.92740 38.96130 38.85580 39.65750 40.03090 41.15650 41.31210 40.72400 40.71100 41.07670 41.40150 41.64550 41.82560 41.00860 40.59190 40.49690 40.25820 39.70390 39.33240 37.29680 37.86790 38.33230 38.57150 38.45690 38.18240 38.18870 38.10130 38.22080 38.13250 38.26040 39.09730 40.18530 41.32040 42.62290 43.13320
-9999 -9999 -9999 -9999 -9999 -9999 -9999 -9999 -9999 -9999 41.04290 41.32190 41.93860 41.99370 42.18710 42.78160 43.18800 43.57880 43.58640 42.98920 42.77670 42.61140 42.91420 43.19670 42.77420 41.76230 41.41880 40.87790 40.14000 39.38560 39.03760 39.47190 39.15350 39.02030 39.39420 39.28080 39.18830 39.15260 39.54240 40.05880 40.33060 41.67100 41.78640 41.18060 41.04980 41.73640 41.92060 42.18380 41.85350 41.31990 40.30180 40.05640 39.82370 39.30570 38.11250 36.79870 36.73170 37.02510 36.56160 37.54480 37.11880 36.76270 36.19380 36.10100 35.58050 37.17400 38.22110 39.50970 40.80960 43.06250 43.99040
-9999 -9999 -9999 -9999 -9999 -9999 -9999 -9999 -9999 -9999 -9999 -9999 40.92350 41.69000 42.05860 42.51340 42.61900 42.68810 43.17280 42.81330 42.61000 42.61710 42.54620 42.58150 42.24010 41.07560 41.00700 40.42010 40.14920 38.82120 38.05870 39.01960 38.92390 38.85010 38.86370 39.03110 39.06220 40.57960 40.88040 41.20360 41.29340 41.73400 42.01390 41.28060 41.25690 41.44810 41.83710 42.18680 42.08350 41.90030 41.49120 40.60990 39.69030 39.06480 37.68440 36.20900 36.16390 37.55300 37.63090 37.54100 37.32730 36.57570 36.40500 35.92610 36.14330 35.88660 36.55620 39.27050 40.76630 42.53900 44.00340
-9999 -9999 -9999 -9999 -9999 -9999 -9999 -9999 -9999 -9999 -9999 -9999 40.81350 40.99470 41.50980 42.33410 41.98990 42.51650 43.29180 42.41030 42.57040 42.50620 42.74410 42.32730 42.09730 41.59940 40.67600 40.13340 39.91880 38.33500 37.72090 38.52270 38.53580 39.28530 39.79690 39.39590 40.01190 41.92620 41.82060 41.68460 42.03050 42.17040 42.20750 41.53560 41.62690 42.29200 42.45310 42.41220 42.58400 42.87990 42.44020 41.24520 39.71910 38.84060 37.71880 36.94150 36.94170 37.93850 37.89110 38.11380 37.68350 37.50180 37.17380 36.77470 36.83750 36.83430 37.61960 40.38840 41.54370 43.37350 44.43610
-9999 -9999 -9999 -9999 -9999 -9999 -9999 -9999 -9999 -9999 -9999 39.80740 40.48620 40.53640 40.65570 42.17270 42.46000 42.94670 43.18730 42.93150 42.40180 42.48470 42.43810 42.48060 42.20070 41.73500 41.06650 40.76120 40.01010 39.18950 38.66650 38.07200 38.28560 38.98230 39.03900 39.36050 39.90740 40.86060 41.77960 42.75030 43.24480 42.98570 42.98820 43.31890 43.02180 42.38710 42.12440 42.94370 43.08620 42.73510 42.44130 40.98900 40.47910 39.34410 37.74720 38.74610 38.52180 38.71570 38.55440 38.90160 38.81320 37.88110 37.58950 38.55930 38.68780 39.32290 40.21910 41.40550 42.76800 44.60570 45.33720
-9999 -9999 -9999 -9999 -9999 -9999 -9999 -9999 -9999 -9999 -9999 39.29390 39.61100 40.21380 40.26130 41.77290 41.86020 42.46480 42.57890 42.66010 42.56520 42.31610 42.74020 42.43670 42.07180 41.34700 41.37830 41.21350 40.41090 40.37230 40.19170 39.03070 39.03020 39.66530 39.49100 39.96410 40.35750 41.56030 43.21440 43.59720 43.91210 43.45270 44.25060 44.71340 44.30430 43.22030 43.03820 44.08610 43.92700 43.13730 42.54900 41.52730 41.18090 40.53450 39.95140 39.94480 40.28880 39.51300 39.52480 39.74970 39.40220 38.14520 38.41290 38.98530 39.87590 40.16400 41.25990 41.86860 43.25500 44.95530 45.85120
