data/hydroclimate-scenarios/BCSD_hadcm_B1/monthly_summaries/rh_monthly_avg_oct.2030-2059.asc
ncols	311
nrows	91
xllcenter	102.75
yllcenter	31.75
cellsize	0.5
NODATA_value	-9999
[rows 0 to 31 of 91, columns 71 to 141 of 311]
-9999 -9999 -9999 -9999 -9999 -9999 -9999 -9999 -9999 -9999 -9999 -9999 -9999 -9999 -9999 -9999 -9999 -9999 -9999 -9999 -9999 -9999 -9999 -9999 -9999 -9999 -9999 -9999 -9999 -9999 -9999 -9999 -9999 -9999 -9999 -9999 -9999 -9999 -9999 -9999 -9999 -9999 -9999 -9999 -9999 -9999 -9999 -9999 -9999 -9999 -9999 -9999 -9999 -9999 -9999 -9999 -9999 -9999 -9999 -9999 -9999 -9999 -9999 -9999 -9999 -9999 -9999 -9999 -9999 -9999 -9999
-9999 -9999 -9999 -9999 -9999 -9999 -9999 -9999 -9999 -9999 -9999 -9999 -9999 -9999 -9999 -9999 -9999 -9999 -9999 -9999 -9999 -9999 -9999 -9999 -9999 -9999 -9999 -9999 -9999 -9999 -9999 -9999 -9999 -9999 -9999 -9999 -9999 -9999 -9999 -9999 -9999 -9999 -9999 -9999 -9999 -9999 -9999 -9999 -9999 -9999 -9999 -9999 -9999 -9999 -9999 -9999 -9999 -9999 -9999 -9999 -9999 -9999 -9999 -9999 -9999 -9999 -9999 -9999 -9999 -9999 -9999
-9999 -9999 -9999 -9999 -9999 -9999 -9999 -9999 -9999 -9999 -9999 -9999 -9999 -9999 -9999 -9999 -9999 -9999 -9999 -9999 -9999 -9999 -9999 -9999 -9999 -9999 -9999 -9999 -9999 -9999 -9999 -9999 -9999 -9999 -9999 -9999 -9999 -9999 -9999 -9999 -9999 -9999 -9999 -9999 -9999 -9999 -9999 -9999 -9999 -9999 -9999 -9999 -9999 -9999 -9999 -9999 -9999 -9999 -9999 -9999 -9999 -9999 -9999 -9999 -9999 -9999 -9999 -9999 -9999 -9999 -9999
-9999 -9999 -9999 -9999 -9999 -9999 -9999 -9999 -9999 -9999 -9999 -9999 -9999 -9999 -9999 -9999 -9999 -9999 -9999 -9999 -9999 -9999 -9999 -9999 -9999 -9999 -9999 -9999 -9999 -9999 -9999 -9999 -9999 -9999 -9999 -9999 -9999 -9999 -9999 -9999 -9999 -9999 -9999 -9999 -9999 -9999 -9999 -9999 -9999 -9999 -9999 -9999 -9999 -9999 -9999 -9999 -9999 -9999 -9999 -9999 -9999 -9999 -9999 -9999 -9999 -9999 -9999 -9999 -9999 -9999 -9999
-9999 -9999 -9999 -9999 -9999 -9999 -9999 -9999 -9999 -9999 -9999 -9999 -9999 -9999 -9999 -9999 -9999 -9999 -9999 -9999 -9999 -9999 -9999 -9999 -9999 -9999 -9999 -9999 -9999 -9999 -9999 -9999 -9999 -9999 -9999 -9999 -9999 -9999 -9999 -9999 -9999 -9999 -9999 -9999 -9999 -9999 -9999 -9999 -9999 -9999 -9999 -9999 -9999 -9999 -9999 -9999 -9999 -9999 -9999 -9999 -9999 -9999 -9999 -9999 -9999 -9999 -9999 -9999 -9999 -9999 -9999
-9999 -9999 -9999 -9999 -9999 -9999 -9999 -9999 -9999 -9999 -9999 -9999 -9999 -9999 -9999 -9999 -9999 -9999 -9999 -9999 -9999 -9999 -9999 -9999 -9999 -9999 -9999 -9999 -9999 -9999 -9999 -9999 -9999 -9999 -9999 -9999 -9999 -9999 -9999 -9999 -9999 -9999 -9999 -9999 -9999 -9999 -9999 -9999 -9999 -9999 -9999 -9999 -9999 -9999 -9999 -9999 -9999 -9999 -9999 -9999 -9999 -9999 -9999 -9999 -9999 -9999 -9999 -9999 -9999 -9999 -9999
-9999 -9999 -9999 -9999 -9999 -9999 -9999 -9999 -9999 -9999 -9999 -9999 -9999 -9999 -9999 -9999 -9999 -9999 -9999 -9999 -9999 -9999 -9999 -9999 -9999 -9999 -9999 -9999 -9999 -9999 -9999 -9999 -9999 -9999 -9999 -9999 -9999 -9999 -9999 -9999 -9999 -9999 -9999 -9999 -9999 -9999 -9999 -9999 -9999 -9999 -9999 -9999 -9999 -9999 -9999 -9999 -9999 -9999 -9999 -9999 -9999 -9999 -9999 -9999 -9999 -9999 -9999 -9999 -9999 -9999 -9999
-9999 -9999 -9999 -9999 -9999 -9999 -9999 -9999 -9999 -9999 -9999 -9999 -9999 -9999 -9999 -9999 -9999 -9999 -9999 -9999 -9999 -9999 -9999 -9999 -9999 -9999 -9999 -9999 -9999 -9999 -9999 -9999 -9999 -9999 -9999 -9999 -9999 -9999 -9999 -9999 -9999 -9999 -9999 -9999 -9999 -9999 -9999 -9999 -9999 -9999 -9999 -9999 -9999 -9999 -9999 -9999 -9999 -9999 -9999 -9999 -9999 -9999 -9999 -9999 -9999 -9999 -9999 -9999 -9999 -9999 -9999
-9999 -9999 -9999 -9999 -9999 -9999 71.23540 -9999 -9999 -9999 -9999 -9999 -9999 -9999 -9999 -9999 -9999 -9999 -9999 -9999 -9999 -9999 -9999 -9999 -9999 -9999 -9999 -9999 -9999 -9999 -9999 -9999 -9999 -9999 -9999 -9999 -9999 -9999 -9999 -9999 -9999 -9999 -9999 -9999 -9999 -9999 -9999 -9999 -9999 -9999 -9999 -9999 -9999 -9999 -9999 -9999 -9999 -9999 -9999 -9999 -9999 -9999 -9999 -9999 -9999 -9999 -9999 -9999 -9999 -9999 -9999
-9999 -9999 69.28630 69.41110 70.25780 70.58480 70.63330 71.01130 70.61710 70.97960 71.05320 71.66400 71.98700 72.03940 72.27820 72.59650 71.99300 72.00360 72.37020 72.69670 73.97730 73.93710 -9999 -9999 -9999 -9999 -9999 -9999 -9999 -9999 -9999 -9999 -9999 -9999 -9999 -9999 -9999 -9999 -9999 -9999 -9999 -9999 -9999 -9999 -9999 -9999 -9999 -9999 -9999 -9999 -9999 -9999 -9999 -9999 -9999 -9999 -9999 -9999 -9999 -9999 -9999 -9999 -9999 -9999 -9999 -9999 -9999 -9999 -9999 -9999 -9999
-9999 -9999 -9999 -9999 69.64730 69.70170 70.04220 70.07640 70.14630 70.74850 70.89100 71.23430 71.96490 71.99510 72.60350 72.64890 72.65890 72.97160 73.29360 73.32110 73.67930 73.62880 -9999 -9999 -9999 -9999 -9999 -9999 -9999 -9999 -9999 -9999 -9999 -9999 -9999 -9999 -9999 -9999 -9999 -9999 -9999 -9999 -9999 -9999 -9999 -9999 -9999 -9999 -9999 -9999 -9999 -9999 -9999 -9999 -9999 -9999 -9999 -9999 -9999 -9999 -9999 -9999 -9999 -9999 -9999 -9999 -9999 -9999 -9999 -9999 -9999
68.53680 68.55680 68.88690 69.21990 69.39870 69.46200 69.50620 69.83620 70.21070 70.28080 70.65210 70.69860 71.40140 71.78380 72.07200 72.69370 72.40590 72.75460 73.35510 73.38460 73.43430 73.39960 73.16480 73.16570 73.66120 73.36760 73.26020 72.90980 -9999 -9999 -9999 -9999 -9999 -9999 -9999 -9999 -9999 -9999 -9999 -9999 -9999 -9999 -9999 -9999 -9999 -9999 -9999 -9999 -9999 -9999 -9999 -9999 -9999 -9999 -9999 -9999 -9999 -9999 -9999 -9999 -9999 -9999 -9999 -9999 -9999 -9999 -9999 -9999 -9999 -9999 -9999
68.28920 68.31120 68.38010 68.71170 69.33880 69.38710 69.55820 69.62850 69.48420 70.10220 70.17940 70.83340 71.23300 71.54620 71.82810 72.16600 72.35140 72.65910 72.94180 73.55040 73.33990 72.98660 72.79190 73.02890 73.47390 73.14140 73.00580 72.97980 72.92080 72.61870 72.71940 72.68290 72.73010 72.71910 72.61700 72.64020 72.30060 72.32220 72.30730 72.34290 72.32710 72.65300 72.36290 -9999 -9999 -9999 -9999 -9999 -9999 -9999 -9999 -9999 -9999 -9999 -9999 -9999 -9999 -9999 -9999 -9999 -9999 -9999 -9999 -9999 -9999 -9999 -9999 -9999 -9999 -9999 -9999
67.99560 67.98330 68.09640 68.13380 68.41630 68.59950 68.98770 69.09590 69.49600 69.81520 70.23330 70.26200 70.95160 71.32320 71.89570 71.92980 72.12010 72.41960 72.72790 73.00610 72.99840 72.30840 72.47650 72.40950 72.56150 72.58160 72.72290 72.70740 72.64180 72.31290 72.70600 72.42740 72.39470 72.64970 72.28910 72.56390 72.05700 72.34690 72.03880 72.35940 72.36660 72.13530 72.41830 72.46740 -9999 -9999 -9999 -9999 -9999 -9999 -9999 -9999 -9999 -9999 -9999 -9999 -9999 -9999 -9999 -9999 -9999 -9999 -9999 -9999 -9999 -9999 -9999 -9999 -9999 -9999 -9999
66.19200 66.45570 66.85630 66.44510 67.13650 67.52040 67.69300 68.07470 68.34040 69.09150 69.49280 69.87980 70.22190 70.84640 71.20130 71.24050 71.99190 72.31480 72.51350 72.48960 71.42670 71.38450 71.00650 70.94710 71.90500 71.79620 71.76080 72.09430 70.86420 70.77920 70.80560 70.80620 70.76930 70.77680 70.69810 70.71050 70.89850 70.65380 70.64140 70.99700 71.10640 71.09560 71.18730 71.21770 -9999 -9999 -9999 -9999 -9999 -9999 -9999 -9999 -9999 -9999 -9999 -9999 -9999 -9999 -9999 72.34870 72.66850 -9999 -9999 -9999 -9999 72.68070 72.25860 72.21130 72.14250 72.87640 73.55930
66.20950 66.18310 66.51910 65.91840 66.92830 67.35100 67.70670 67.45260 67.69560 68.04950 69.22930 69.54930 69.84970 70.19130 70.29570 70.92790 71.31790 71.96730 71.89090 72.17070 71.15220 70.75410 70.72270 71.01490 71.96200 71.93840 71.56370 71.59020 70.64690 70.59410 70.87710 70.58070 70.55450 70.53930 70.73210 70.45420 70.64120 70.63250 70.67060 71.02410 70.81970 70.85170 71.22830 71.23690 72.18940 72.15350 72.52990 72.24620 71.46080 71.40030 71.34720 71.29110 71.08070 71.38980 71.36170 71.04050 71.56800 72.08530 72.06360 72.00350 72.36620 -9999 -9999 -9999 -9999 -9999 72.87010 72.63740 72.11510 71.90420 72.60910
64.87290 65.99360 65.67920 65.26500 65.97620 67.02960 67.22750 67.57020 68.24930 68.70730 69.51400 69.34430 69.59560 69.93400 70.22890 70.55400 70.95120 71.24040 71.27610 71.51360 70.64220 70.85270 70.74530 70.66260 71.58200 71.60730 71.36410 71.37360 70.51790 70.21570 70.20510 70.43170 70.40100 70.18370 70.46500 70.49740 70.46860 70.79390 70.77100 70.84050 70.92910 70.92880 70.96210 71.24190 72.16220 71.86930 72.28120 72.23830 71.46950 71.40500 71.39970 71.70390 71.20890 70.46490 69.97750 70.62290 70.56670 70.46700 70.51290 70.86310 71.42690 71.50040 71.90690 72.55940 72.74970 72.76910 72.71650 73.03900 72.47260 72.14830 72.22420
64.48840 62.83920 65.80120 64.84630 64.52510 65.33380 66.15580 66.18780 67.96440 68.57300 68.92510 69.02090 69.22250 69.58510 69.91160 70.29240 70.66140 70.88770 70.92810 70.77710 69.87760 70.48210 70.37710 70.37520 71.23120 71.23520 70.82230 70.77560 70.01170 70.25800 70.16510 70.15660 70.13930 70.10590 70.19650 70.22280 70.22270 70.28130 70.57180 70.62670 70.68430 70.71750 71.03300 71.03990 72.04550 72.33350 72.12040 72.39890 71.97790 71.93590 71.76920 71.78130 71.29870 71.24260 70.79640 69.99890 69.83920 70.10380 70.11660 70.05810 70.66130 70.05270 70.76170 71.38160 71.88480 72.46150 72.72320 72.96600 71.87620 71.82020 71.58070
63.51710 62.98700 64.21050 66.19650 65.54030 66.52600 66.86640 66.18720 66.87650 67.56270 68.24100 68.57600 68.79440 69.18220 69.48180 69.79200 69.27330 69.23770 69.28270 68.46040 68.67040 69.04620 69.32330 69.68530 70.51400 70.55110 70.86190 70.85130 70.94970 70.89270 70.91020 70.88140 70.79960 71.11540 71.16860 71.26100 70.42910 70.45360 70.46890 70.49750 71.36830 71.74470 70.99100 70.90830 71.51240 71.93890 72.39950 72.50180 72.46540 72.33220 71.62390 71.79260 71.18530 70.84110 70.75100 71.00740 71.13100 70.50310 70.08100 69.72780 69.79600 69.50390 69.32890 70.16900 70.67780 71.00570 71.42380 72.34740 72.31720 72.62210 72.80850
63.99940 63.15350 63.15750 63.53190 64.81590 66.01640 66.20400 65.52740 65.77240 66.82770 65.88310 66.01900 66.98770 68.04870 68.43210 69.10000 68.61970 68.94580 69.23250 68.80490 68.35260 68.79620 69.06010 69.40710 70.24310 70.18920 70.54770 70.21500 70.53050 70.58200 70.59100 70.28630 70.13160 70.47280 70.83760 70.48860 70.00450 70.03020 70.07870 69.76610 70.94950 71.09520 71.69340 71.44330 71.16790 71.47070 72.04730 72.11590 72.47730 72.02140 71.61070 71.57680 71.29600 71.27210 70.77070 70.34690 70.32230 69.54470 70.12730 70.17430 70.22890 70.28520 70.17200 69.52040 69.30100 70.36210 70.61900 71.04480 72.01180 72.64000 73.12940
64.19230 63.68800 62.96420 62.57170 62.13240 64.40840 65.46780 65.30890 65.78460 66.15390 65.67900 64.76950 63.95300 63.61630 65.41580 67.14410 67.40690 68.15490 68.88130 68.90300 69.12920 69.15940 69.14030 69.38850 69.92000 69.97730 70.28470 70.26130 70.29080 69.93500 70.15740 70.06790 69.82480 70.17180 70.61700 70.25410 69.74340 69.39210 69.88660 70.27060 70.73440 71.05220 71.46240 71.26060 71.24710 71.66010 71.69400 71.76050 72.26630 72.54600 72.50450 72.16830 71.82330 71.47440 71.33200 70.94170 70.58060 69.79200 70.27360 69.15580 69.28180 69.95120 69.90410 70.02190 70.20460 70.79870 70.59100 71.11760 71.93090 72.61360 73.65590
62.63000 62.70300 62.20650 61.84920 61.87940 62.50970 62.32970 63.10550 64.01080 65.45700 66.21690 65.80820 65.31410 64.93300 64.28260 64.61720 64.40940 65.15310 66.67460 67.39330 68.09880 68.80420 68.83910 68.84730 69.98810 69.99060 70.06770 70.00680 69.35570 69.25490 69.89630 68.71650 69.01830 69.08620 69.46290 69.53830 69.05130 69.07060 69.85460 69.63620 70.41920 70.76330 71.54990 70.83750 71.25700 71.23680 71.01800 71.28310 71.78780 71.55310 71.14170 71.12090 70.71630 70.35700 70.37750 70.29860 69.92010 70.53810 70.12220 69.03930 69.73910 69.57980 69.95140 70.17510 70.33750 70.61620 70.21510 71.22750 72.06750 72.76550 74.08100
63.21240 62.39490 62.06400 62.45190 62.08670 61.77110 62.38270 62.65130 62.68170 63.75540 64.37010 64.35460 64.75110 65.44250 65.41080 65.70360 65.16140 64.39510 64.42830 65.14700 65.87150 66.64730 67.69360 68.50000 68.99520 69.04590 69.02060 68.54880 68.06260 68.01550 68.01950 67.94650 67.55310 68.01320 67.98990 69.19450 69.30270 69.23970 68.92440 69.44000 70.18370 70.66810 70.56100 70.12900 70.53080 70.24480 70.61150 70.64760 71.12110 70.44990 70.04480 70.71090 69.94230 69.56570 69.94620 69.21370 70.24480 69.72000 70.32060 70.61710 70.37520 70.51120 70.16650 70.33810 69.77680 70.49290 71.43010 71.84890 72.05370 72.98890 73.82070
63.28350 63.28150 63.42640 63.17670 62.68410 61.63440 61.92730 62.12730 61.65170 62.73080 63.81550 62.48370 62.91030 63.98720 63.11220 62.07250 62.61210 66.35580 64.89510 63.13230 64.26800 65.09220 66.07780 68.23300 69.01330 68.76370 68.76060 68.30680 67.83360 67.75570 67.68500 67.94510 68.06870 68.07260 69.29900 69.29230 69.24090 69.34870 69.33080 69.36010 69.07720 69.88130 69.85350 69.75730 71.46820 71.43260 71.36640 70.93750 70.39040 70.68490 70.09100 70.73880 70.42700 70.36190 69.98740 69.65050 70.01080 69.83070 70.82300 70.79390 71.05680 70.93710 69.94770 69.94390 70.15290 71.10850 71.66170 72.29030 72.54080 72.80790 73.79500
63.37430 63.47400 63.59700 63.63670 63.14550 63.09990 63.01790 62.37790 62.20090 62.45120 62.43510 62.67660 62.77530 63.75780 63.32240 63.31500 62.00300 63.72600 64.76110 65.48600 65.47210 65.49570 66.17590 66.66140 67.85870 68.63460 68.66390 68.34380 67.91830 68.16940 67.74590 67.86300 68.62530 68.53450 68.67180 69.04740 69.39930 69.43720 69.53670 69.41010 69.10210 69.40570 69.40910 69.47770 71.71170 71.74870 71.31260 70.94490 70.56440 70.20890 69.85210 70.64700 70.82870 70.10130 70.51320 70.84730 70.49500 70.95760 70.18560 70.28710 70.84110 71.15330 70.70780 71.20530 70.98070 71.22990 71.25380 72.00140 71.75850 72.73390 73.46790
63.40330 63.14290 62.94790 63.25960 63.18840 63.61430 63.26650 63.24820 63.05010 63.01280 62.04270 61.65910 62.44520 63.60950 64.23490 64.40340 63.53270 63.81670 63.24920 64.01340 65.12710 66.24110 66.78700 66.99440 66.41050 66.82330 67.74240 67.90170 67.31430 67.13950 67.55700 67.63030 69.09490 69.03490 68.74840 68.64450 69.04340 68.30170 69.48810 68.68640 68.04180 68.86770 69.19580 68.70830 70.20110 71.02360 71.00040 71.02500 71.42000 70.71030 70.32160 71.16220 71.72810 72.10520 72.21110 71.91570 71.69210 70.92760 71.23780 70.47560 71.40960 71.32950 70.95660 70.92100 70.67690 71.33130 71.90260 72.41610 72.18940 72.70330 73.09180
63.34580 62.96980 62.62470 62.34980 63.03750 63.12400 63.60520 63.09690 62.97150 62.20400 62.16870 62.08830 62.06870 63.18990 64.69690 65.35510 64.86110 64.72950 64.49770 64.86910 65.62500 66.33410 66.86190 67.56270 67.73590 68.12010 67.68780 68.08560 68.04750 67.93950 68.83690 68.78460 69.80940 68.93280 68.89500 70.04490 69.45800 68.72030 69.41700 69.86750 69.54400 69.23740 69.21910 69.91790 70.02260 70.37100 70.49330 70.46180 71.06490 70.70730 70.41500 70.44690 70.97170 71.02420 71.10980 71.18930 71.74620 72.13420 72.27510 72.58540 72.26840 71.77830 71.41790 71.09680 71.33860 71.43390 72.13390 72.12320 71.68910 71.93410 72.44140
64.31930 63.85420 62.55030 61.92850 62.31380 63.49760 63.15800 63.57640 62.75470 62.71710 62.68700 63.00870 63.40170 63.27250 64.33600 64.99250 64.60010 65.59060 65.75430 66.36640 65.64140 66.73920 67.35530 67.73810 68.17830 67.70460 67.17670 67.34620 67.67090 67.78840 67.71560 68.78720 69.17550 68.93500 68.55190 69.67760 69.45970 69.10760 69.03870 69.42730 69.69900 69.69330 69.99430 70.01690 70.17650 70.17570 71.32980 71.24020 70.86090 70.94090 71.27510 71.29910 71.84330 72.30170 72.42880 72.64480 72.81410 72.79970 73.27380 73.22570 72.75590 72.52950 71.90390 71.46380 70.44700 71.19030 71.28890 71.65940 71.75560 72.87090 73.31350
64.18260 64.25290 63.12700 61.92060 62.11600 61.35650 61.40270 62.72240 62.70950 62.46930 62.80430 63.00230 64.24340 64.42940 63.74980 65.11590 66.26870 66.89560 66.67970 67.00510 67.72700 67.31500 67.41150 68.12910 68.94080 69.31950 68.50130 68.24980 68.71260 68.55420 68.88110 69.18600 69.08080 69.25860 68.74210 69.08980 69.43450 69.38170 68.77040 68.72420 70.05090 70.41850 69.99660 71.16980 70.97550 71.64750 72.47440 72.99220 72.96370 73.36780 73.51800 73.53870 73.59010 73.51430 73.28420 73.34350 73.66880 74.05090 73.92800 73.51310 72.84930 72.39860 71.29620 70.24600 70.05330 70.43080 70.89950 71.36680 72.11560 72.96370 73.39070
65.78210 64.72570 63.60680 63.63170 62.79890 62.16580 60.92250 61.40670 62.41090 62.29570 61.94640 62.91860 63.85620 63.75860 64.47370 65.80460 65.93430 66.59470 67.40840 67.82000 67.83980 67.73480 67.29800 68.50740 69.36200 69.69320 68.45810 68.73330 68.45180 68.05800 68.89030 69.59890 69.40570 69.28750 69.05160 69.48360 69.44660 69.89920 69.50110 69.59500 70.56560 71.84210 71.34070 72.17810 73.14810 73.16400 73.17480 73.41090 72.63050 73.44260 -9999 -9999 74.20810 74.34120 74.86320 73.87860 74.59540 74.27870 74.04810 73.47920 72.88100 71.81760 70.56350 69.25070 69.18450 68.86670 69.31500 69.76260 71.99780 73.23420 73.40930
64.36690 64.82820 64.43500 63.97850 63.71170 64.11080 62.37240 63.73350 62.81610 62.11290 62.09690 63.38550 63.60480 63.91260 65.14610 66.11260 66.02610 67.06000 68.06460 67.96750 68.12880 68.80030 69.00240 68.95280 67.92840 68.65640 68.43070 68.81370 68.73560 68.86350 68.50570 69.50180 69.51400 69.01220 69.00290 69.06460 68.93210 70.51660 71.55020 -9999 -9999 -9999 -9999 73.34660 -9999 72.03180 70.75700 71.94310 72.37040 73.59620 -9999 -9999 73.24430 73.75160 74.19590 74.22580 74.88810 74.25680 73.22150 72.53430 71.91620 71.39990 70.35540 69.68280 70.87330 68.55800 68.84300 69.60920 72.11090 73.01210 73.98980
65.87360 65.57060 65.26300 64.49230 64.87610 65.69360 64.07390 64.28820 65.49950 65.37960 65.19200 65.41050 65.10890 65.09930 66.17930 67.39930 67.20260 67.40870 67.69690 68.36360 68.05830 69.17590 69.39520 69.69810 69.15390 69.79900 69.47940 69.08390 69.46680 69.37430 69.30340 69.60690 69.15760 69.53260 69.12300 70.07690 70.95150 -9999 -9999 -9999 -9999 -9999 -9999 -9999 73.13270 72.44260 72.77970 -9999 -9999 -9999 -9999 -9999 74.83930 74.38300 73.42650 73.93110 73.83610 73.89000 73.80930 72.99700 73.17630 72.93620 72.54860 71.28990 72.49710 72.51860 72.01460 70.37260 72.60390 74.26510 -9999
