data/hydroclimate-scenarios/BCSD_hadcm_B1/monthly_summaries/rh_monthly_avg_jan.2070-2099.asc
ncols	311
nrows	91
xllcenter	102.75
yllcenter	31.75
cellsize	0.5
NODATA_value	-9999
[rows 0 to 31 of 91, columns 213 to 283 of 311]
-9999 -9999 -9999 -9999 -9999 -9999 -9999 -9999 -9999 -9999 -9999 -9999 -9999 -9999 -9999 -9999 -9999 -9999 -9999 -9999 -9999 -9999 -9999 -9999 -9999 -9999 -9999 -9999 -9999 -9999 -9999 -9999 -9999 -9999 -9999 -9999 -9999 -9999 -9999 -9999 -9999 -9999 -9999 -9999 -9999 -9999 -9999 -9999 -9999 -9999 -9999 -9999 -9999 -9999 -9999 -9999 -9999 -9999 -9999 -9999 -9999 -9999 -9999 -9999 -9999 -9999 -9999 -9999 -9999 -9999 -9999
-9999 -9999 -9999 -9999 -9999 -9999 -9999 -9999 -9999 -9999 -9999 -9999 -9999 -9999 -9999 -9999 -9999 -9999 -9999 -9999 -9999 -9999 -9999 -9999 -9999 -9999 -9999 -9999 -9999 -9999 -9999 -9999 -9999 -9999 -9999 -9999 -9999 -9999 -9999 -9999 -9999 -9999 -9999 -9999 -9999 -9999 -9999 -9999 -9999 -9999 -9999 -9999 -9999 -9999 -9999 -9999 -9999 -9999 -9999 -9999 -9999 -9999 -9999 -9999 -9999 -9999 -9999 -9999 -9999 -9999 -9999
-9999 -9999 -9999 -9999 -9999 -9999 -9999 -9999 -9999 -9999 -9999 -9999 -9999 -9999 -9999 -9999 -9999 -9999 -9999 -9999 -9999 -9999 -9999 -9999 -9999 -9999 -9999 -9999 -9999 -9999 -9999 -9999 -9999 -9999 -9999 -9999 -9999 -9999 -9999 -9999 -9999 -9999 -9999 -9999 -9999 -9999 -9999 -9999 -9999 -9999 -9999 -9999 -9999 -9999 -9999 -9999 -9999 -9999 -9999 -9999 -9999 -9999 -9999 -9999 -9999 -9999 -9999 -9999 -9999 -9999 -9999
-9999 -9999 -9999 -9999 -9999 -9999 -9999 -9999 -9999 -9999 -9999 -9999 -9999 -9999 -9999 -9999 -9999 -9999 -9999 -9999 -9999 -9999 -9999 -9999 -9999 -9999 -9999 -9999 -9999 -9999 -9999 -9999 -9999 -9999 -9999 -9999 -9999 -9999 -9999 -9999 -9999 -9999 -9999 -9999 -9999 -9999 -9999 -9999 -9999 -9999 -9999 -9999 -9999 -9999 -9999 -9999 -9999 -9999 -9999 -9999 -9999 -9999 -9999 -9999 -9999 -9999 -9999 -9999 -9999 -9999 -9999
-9999 -9999 -9999 -9999 -9999 -9999 -9999 -9999 -9999 -9999 -9999 -9999 -9999 -9999 -9999 -9999 -9999 -9999 -9999 -9999 -9999 -9999 -9999 -9999 -9999 -9999 -9999 -9999 -9999 -9999 -9999 -9999 -9999 -9999 -9999 -9999 -9999 -9999 -9999 -9999 -9999 -9999 -9999 -9999 -9999 -9999 -9999 -9999 -9999 -9999 -9999 -9999 -9999 -9999 -9999 -9999 -9999 -9999 -9999 -9999 -9999 -9999 -9999 -9999 -9999 -9999 -9999 -9999 -9999 -9999 -9999
-9999 -9999 -9999 -9999 -9999 -9999 -9999 -9999 -9999 -9999 -9999 -9999 -9999 -9999 -9999 -9999 -9999 -9999 -9999 -9999 -9999 -9999 -9999 -9999 -9999 -9999 -9999 -9999 -9999 -9999 -9999 -9999 -9999 -9999 -9999 -9999 -9999 -9999 -9999 -9999 -9999 -9999 -9999 -9999 -9999 -9999 -9999 -9999 -9999 -9999 -9999 -9999 -9999 -9999 -9999 -9999 -9999 -9999 -9999 -9999 -9999 -9999 -9999 -9999 -9999 -9999 -9999 -9999 -9999 -9999 -9999
-9999 -9999 -9999 -9999 -9999 -9999 -9999 -9999 -9999 -9999 -9999 -9999 -9999 -9999 -9999 -9999 -9999 -9999 -9999 -9999 -9999 -9999 -9999 -9999 -9999 -9999 -9999 -9999 -9999 -9999 -9999 -9999 -9999 -9999 -9999 -9999 -9999 -9999 -9999 -9999 -9999 -9999 -9999 -9999 -9999 -9999 -9999 -9999 -9999 -9999 -9999 -9999 -9999 -9999 -9999 -9999 -9999 -9999 -9999 -9999 -9999 -9999 -9999 -9999 -9999 -9999 -9999 -9999 -9999 -9999 -9999
-9999 -9999 -9999 -9999 -9999 -9999 -9999 -9999 -9999 -9999 -9999 -9999 -9999 -9999 -9999 -9999 -9999 -9999 -9999 -9999 -9999 -9999 -9999 -9999 -9999 -9999 -9999 -9999 -9999 -9999 -9999 -9999 -9999 -9999 -9999 -9999 -9999 -9999 -9999 -9999 -9999 -9999 -9999 -9999 -9999 -9999 -9999 -9999 -9999 -9999 -9999 -9999 -9999 -9999 -9999 -9999 -9999 -9999 -9999 -9999 -9999 -9999 -9999 -9999 -9999 -9999 -9999 -9999 -9999 -9999 -9999
-9999 -9999 -9999 -9999 -9999 -9999 -9999 -9999 -9999 -9999 -9999 -9999 -9999 -9999 -9999 -9999 -9999 -9999 -9999 -9999 -9999 -9999 -9999 -9999 -9999 -9999 -9999 -9999 -9999 -9999 -9999 -9999 -9999 -9999 -9999 -9999 -9999 -9999 -9999 -9999 -9999 -9999 -9999 -9999 -9999 -9999 -9999 -9999 -9999 -9999 -9999 -9999 -9999 -9999 -9999 -9999 -9999 -9999 -9999 -9999 -9999 -9999 -9999 -9999 -9999 -9999 -9999 -9999 -9999 -9999 -9999
-9999 -9999 -9999 -9999 -9999 -9999 -9999 -9999 -9999 -9999 -9999 -9999 -9999 -9999 -9999 -9999 -9999 -9999 -9999 -9999 -9999 -9999 -9999 -9999 -9999 -9999 -9999 -9999 -9999 -9999 -9999 -9999 -9999 -9999 -9999 -9999 -9999 -9999 -9999 -9999 -9999 -9999 -9999 -9999 -9999 -9999 -9999 -9999 -9999 -9999 -9999 -9999 -9999 -9999 -9999 -9999 -9999 -9999 -9999 -9999 -9999 -9999 -9999 -9999 -9999 -9999 -9999 -9999 -9999 -9999 -9999
-9999 -9999 -9999 -9999 -9999 -9999 -9999 -9999 -9999 -9999 -9999 -9999 -9999 -9999 -9999 -9999 -9999 -9999 -9999 -9999 -9999 -9999 -9999 -9999 -9999 -9999 -9999 -9999 -9999 -9999 -9999 -9999 -9999 -9999 -9999 -9999 -9999 -9999 -9999 -9999 -9999 -9999 -9999 -9999 -9999 -9999 -9999 -9999 -9999 -9999 -9999 -9999 -9999 -9999 -9999 -9999 -9999 -9999 -9999 -9999 -9999 -9999 -9999 -9999 -9999 -9999 -9999 -9999 -9999 -9999 -9999
-9999 -9999 -9999 -9999 -9999 -9999 -9999 -9999 -9999 -9999 -9999 -9999 -9999 -9999 -9999 -9999 -9999 -9999 -9999 -9999 -9999 -9999 -9999 -9999 -9999 -9999 -9999 -9999 -9999 -9999 -9999 -9999 -9999 -9999 -9999 -9999 -9999 -9999 -9999 -9999 -9999 -9999 -9999 -9999 -9999 -9999 -9999 -9999 -9999 -9999 -9999 -9999 -9999 -9999 -9999 -9999 -9999 -9999 -9999 -9999 -9999 -9999 -9999 -9999 -9999 -9999 -9999 -9999 -9999 -9999 -9999
-9999 -9999 -9999 -9999 -9999 -9999 -9999 -9999 -9999 -9999 -9999 -9999 -9999 -9999 -9999 -9999 -9999 -9999 -9999 -9999 -9999 -9999 -9999 -9999 -9999 -9999 -9999 -9999 -9999 -9999 -9999 -9999 -9999 -9999 -9999 -9999 -9999 -9999 -9999 -9999 -9999 -9999 -9999 -9999 -9999 -9999 -9999 -9999 -9999 -9999 -9999 -9999 -9999 -9999 -9999 -9999 -9999 -9999 -9999 -9999 -9999 -9999 -9999 -9999 -9999 -9999 -9999 -9999 -9999 -9999 -9999
69.54250 69.56200 68.98340 68.99130 69.00580 69.03010 -9999 -9999 -9999 -9999 -9999 -9999 -9999 -9999 -9999 -9999 -9999 -9999 -9999 -9999 -9999 -9999 -9999 -9999 -9999 -9999 -9999 -9999 -9999 -9999 -9999 -9999 -9999 -9999 -9999 -9999 -9999 -9999 -9999 -9999 -9999 -9999 -9999 -9999 -9999 -9999 -9999 72.06180 -9999 -9999 -9999 -9999 -9999 -9999 -9999 -9999 -9999 -9999 -9999 -9999 -9999 -9999 -9999 -9999 -9999 -9999 -9999 -9999 -9999 -9999 -9999
67.61990 67.40420 68.69410 68.50240 68.79960 68.53840 67.05570 66.78440 66.40480 66.56020 67.27570 66.70760 66.84050 67.77900 67.79070 67.51070 67.26470 67.28580 67.95970 -9999 -9999 -9999 -9999 -9999 -9999 -9999 -9999 -9999 -9999 -9999 -9999 -9999 -9999 -9999 -9999 -9999 -9999 -9999 -9999 -9999 -9999 -9999 67.13370 68.48070 68.04870 66.92420 68.62020 69.17190 72.28200 -9999 -9999 -9999 74.04050 -9999 -9999 -9999 72.87450 72.82870 72.42990 -9999 -9999 -9999 -9999 -9999 -9999 -9999 -9999 -9999 -9999 -9999 -9999
67.10800 67.13260 68.04540 67.54260 67.79090 67.55860 64.83810 64.75780 64.21110 63.60890 64.70560 62.87510 63.81880 63.12030 61.67210 62.62600 62.88130 62.12920 62.52330 62.48850 63.22400 63.44650 64.32540 66.88630 68.90400 -9999 -9999 -9999 -9999 -9999 70.38890 69.76220 69.50320 69.87440 70.42970 71.12910 71.43710 71.34550 70.54380 70.42590 70.58980 70.79440 65.44920 65.77400 65.79730 66.00160 67.32630 67.49330 71.15840 71.53160 72.59130 72.62950 72.60080 73.04530 72.95600 72.31500 72.14780 71.62930 69.76900 69.88860 70.14620 70.16380 69.67740 69.80690 -9999 -9999 -9999 -9999 -9999 -9999 -9999
66.47720 66.05310 67.61330 66.27840 66.61900 65.51130 63.06190 61.68530 62.13770 62.11320 62.55940 63.02510 63.86520 62.99900 63.38430 63.43720 63.34910 63.26770 62.77230 63.13690 63.05070 63.07930 63.98160 64.17010 65.82600 67.66450 69.99160 71.13220 71.11410 70.15070 69.19410 68.55270 67.58780 67.63320 67.72560 68.67120 69.31840 69.50150 69.26920 69.43290 69.26320 69.48970 68.14670 68.10340 68.41150 68.75410 69.70770 69.72630 69.89540 70.57780 71.06210 71.49770 71.80930 71.62070 71.49250 71.19970 71.98590 71.72520 71.14450 70.84170 70.82620 70.14960 68.87740 67.54930 67.53940 66.99810 67.52640 67.05810 66.76130 67.42670 67.87230
61.56330 61.45290 64.01200 63.26790 64.04130 62.99650 62.07550 62.46620 62.30710 62.07290 64.16620 63.75810 64.33190 64.40110 64.67580 64.71320 64.66000 64.21500 63.34410 63.46400 63.15400 63.99230 65.74820 66.16250 65.97870 66.38040 66.41290 66.38670 66.89530 66.32660 66.48150 66.82940 66.13170 66.13560 65.78450 66.38780 67.44000 68.02170 68.53380 68.79790 68.36100 68.60580 67.49480 67.78190 68.13080 68.66870 69.08890 69.43220 70.00730 70.36350 71.18310 71.30290 71.23840 71.30310 70.74290 71.08600 71.52580 70.87340 70.50330 70.46750 69.59670 69.32620 68.10790 67.52730 67.27690 67.03420 67.14210 66.66040 66.70460 67.00550 67.13440
65.72150 65.30080 65.42460 64.83140 64.46460 64.64190 64.74730 64.45190 64.58680 65.12180 65.35470 65.56420 65.41140 65.60230 66.70070 65.19900 65.75150 64.46330 63.17460 62.39750 64.03820 64.57810 65.77360 66.56740 66.86510 66.52710 67.04620 64.90340 64.21200 64.08110 64.82330 65.84110 65.19720 65.50630 65.94800 66.54460 66.63770 67.25830 67.78640 68.07780 68.02570 68.25500 68.60890 68.88580 68.89910 69.17000 69.04950 69.03880 69.63560 70.03470 70.11080 69.56090 70.06850 70.48890 70.06250 70.33840 70.36920 70.03900 69.95510 69.71420 69.56990 68.93780 67.61190 67.37600 67.54670 66.96380 67.23650 66.98690 66.93830 67.42630 68.10750
66.18210 65.96370 65.58730 65.52100 65.56230 65.72680 66.07130 65.42620 66.39110 66.76520 67.04690 67.12670 67.15600 67.15510 67.29700 66.74780 65.31920 65.56840 65.52470 64.91960 63.83450 64.65800 63.81230 64.15480 64.33020 64.52980 66.57330 66.15370 65.84380 63.03980 64.13950 64.23530 64.83730 64.87810 65.37110 65.93630 66.27250 66.91310 66.79480 67.09330 67.09450 67.69760 67.34080 67.76760 68.43670 69.02880 69.11570 69.26670 68.82200 69.62330 69.85960 69.37160 69.60600 69.59780 69.94010 69.92470 69.71990 69.50340 69.56270 69.26420 68.75860 68.49170 67.90790 67.41050 67.12610 66.85420 66.79690 66.87680 66.48770 68.13070 67.34680
67.16670 65.63120 65.91050 66.72140 67.11980 67.82360 67.85290 67.78380 67.77550 68.25060 68.00670 67.94810 68.11550 67.31990 67.30360 66.88770 66.17970 65.76340 65.04500 63.93580 61.59360 61.35120 61.90220 61.46930 62.13940 64.02330 64.88710 65.15350 64.37700 63.01150 62.03990 64.10720 64.94140 65.53100 65.53420 65.77810 66.28680 66.59680 66.94960 67.20880 67.25020 67.47850 67.61940 67.79910 67.95880 68.59280 68.78730 68.86050 68.93330 69.33810 69.05420 68.85000 69.31800 69.29790 69.43950 69.53980 69.71210 69.40140 69.76330 69.55230 69.25330 69.26570 68.24300 67.73680 67.29670 67.09170 66.77230 66.42120 66.35380 66.63350 67.00590
66.36690 65.56660 66.74890 67.75480 67.65810 67.87970 67.60910 67.79130 67.74420 68.39920 68.72330 68.90270 68.59020 68.16060 68.34530 67.99900 66.77200 66.03200 65.44200 64.15080 60.87920 61.31100 59.89450 58.73520 61.20830 62.72780 64.50070 63.90730 63.01760 62.72450 61.09410 62.50510 63.90280 64.89260 64.96560 65.48910 65.96030 66.56670 66.60160 67.23960 66.87930 67.42000 67.56400 67.82410 67.86650 68.53520 68.56020 68.87060 68.99860 68.72080 68.73390 69.14900 69.60810 69.28930 69.45840 69.92900 69.70430 69.48220 68.90330 69.28470 69.34280 69.04630 68.89460 68.11940 68.25470 68.13130 66.52130 67.03920 65.91180 66.57680 66.60880
63.67850 63.63790 66.24440 65.84290 66.00110 66.63030 66.83300 66.60630 67.51460 68.59650 67.70100 68.50500 68.60420 67.89380 67.33950 67.05380 66.44370 65.17500 64.23930 63.97030 59.68100 60.51520 57.72400 56.25980 56.41670 58.82680 60.60790 60.69810 61.68940 62.07640 62.24000 63.51280 63.70880 63.31070 61.56230 62.13810 61.83380 62.07760 63.06210 63.38580 63.64270 64.92170 65.94330 66.21370 66.55490 66.96340 68.91120 68.56260 69.36480 69.31520 68.60610 68.91740 68.85140 69.15970 68.71420 68.54260 68.23180 68.36010 68.94210 68.92120 68.55630 68.92180 67.28450 66.77890 66.56850 66.34520 65.67960 65.89620 66.54910 66.34680 66.24410
64.56520 64.33870 65.56500 66.50430 66.73240 66.50700 66.92170 67.46860 67.77490 66.66860 67.58190 67.41360 68.29480 66.52610 65.19400 64.32380 65.71980 64.90670 63.96720 63.18890 59.14500 59.66520 55.98840 55.80200 55.92460 55.50960 58.09710 58.29290 58.43860 59.22760 60.81150 61.56420 62.02810 61.61630 58.74000 58.88220 58.46870 59.23540 60.23880 60.93710 60.82330 61.19900 63.04670 64.31850 65.07520 65.48290 69.08040 69.39270 69.56180 69.21580 69.01460 69.36270 68.92910 68.34690 68.23590 67.99140 68.09060 68.54670 68.77820 67.46880 67.38740 67.48970 66.16730 65.93970 65.78410 65.56980 66.14600 66.27990 65.92280 65.82220 65.90720
65.40070 65.07130 67.00550 67.21570 66.75640 66.47060 66.25630 67.84480 68.63320 68.32430 67.73060 66.83580 68.04720 66.95560 65.81700 64.78280 63.38420 63.04970 62.19300 62.55950 62.06840 59.13020 56.07140 55.37720 55.48900 53.91380 56.73800 55.99040 56.41990 56.93700 56.37760 56.94930 57.43620 57.59790 55.18110 55.87660 56.16360 56.06450 57.94680 59.26100 59.00950 59.74650 61.25150 61.56740 61.89990 62.89350 65.33190 66.34280 68.40310 69.40150 68.85850 68.58920 68.42760 68.12600 67.76080 67.88190 67.57770 67.33540 67.77230 67.77710 67.10680 66.20970 65.49940 65.84260 65.02700 66.55600 66.30180 66.06090 65.74860 65.62580 65.47030
65.50440 65.00410 66.77210 66.70320 66.25830 65.91550 66.67970 67.91400 68.57160 69.70840 70.65010 70.54460 68.13780 65.79510 65.22680 64.92440 64.23500 61.77570 60.04970 59.72090 58.74980 59.88860 54.85820 55.90370 54.31740 53.65790 54.87060 55.09030 55.82130 57.77700 58.14800 59.25900 58.25880 59.35690 55.95670 56.43310 57.85850 57.67290 58.42500 59.18750 59.52440 59.59610 61.74970 62.08590 62.70080 62.74590 65.36620 66.07370 67.51100 68.31720 68.40340 68.54230 68.62070 67.40060 66.72060 67.06100 67.09390 66.85980 67.30160 67.03310 66.62520 66.15910 65.38630 65.24410 65.24330 65.58240 65.96050 65.86540 65.81810 65.68370 64.87910
64.79280 64.27920 64.82040 64.23660 64.35310 63.42150 62.57310 62.38050 62.72030 66.10330 67.92530 66.96400 66.40190 65.50520 66.09810 65.39860 64.46390 62.75580 61.41270 58.18580 58.90160 57.89040 56.11120 56.43970 56.51190 56.46410 58.55630 57.79760 58.43300 59.93910 59.27500 58.76170 59.23680 59.50340 60.12630 60.33670 58.62840 59.36570 59.54480 60.01560 60.79690 61.50660 61.77690 62.46480 62.64390 63.94500 65.82560 65.54120 66.27260 67.66790 65.68390 66.20240 66.28420 66.39350 67.02390 66.42640 66.17560 66.27260 66.63610 66.33180 66.49390 65.93070 66.00780 66.68280 65.44010 66.17870 65.97530 65.49090 65.24840 65.16600 65.28990
60.17290 60.63540 64.26100 63.50490 64.19770 64.70290 64.80570 64.59790 64.13080 64.75280 64.95920 61.94800 62.68290 63.01440 63.61640 63.87120 63.95830 62.69550 62.12590 61.10880 59.66810 58.94220 56.20740 56.50910 55.29190 55.15250 57.35220 58.04210 58.62230 59.98790 58.32890 58.59410 58.85690 60.01730 58.10880 58.60270 59.51360 60.18640 60.04970 60.41850 61.22880 61.63530 61.88600 62.93870 63.42630 63.73290 65.29460 65.16190 66.52620 66.94570 64.97870 65.05040 64.86550 65.23970 66.88370 65.96440 66.08590 65.77060 65.88000 66.23130 65.95450 65.76890 65.91200 66.79920 66.64430 66.28170 65.76530 65.32700 65.35580 64.94610 65.40870
63.11770 66.09500 66.35370 65.14650 64.64320 64.59460 64.34680 65.21530 65.18170 65.33130 64.12830 65.01010 65.06720 63.71980 65.02610 63.43100 62.68930 62.58310 63.60030 62.48160 60.90880 58.73460 55.82960 54.84060 52.10760 51.17430 56.49960 57.47200 58.73910 60.51660 60.36070 60.63170 60.03290 58.29360 57.95150 59.34990 60.29440 59.64440 60.24030 61.65460 61.40170 62.09050 62.33780 63.07200 63.59630 64.11060 65.78830 65.23990 65.31570 65.38050 63.70110 63.78310 64.73650 65.36170 66.19140 66.54840 66.01400 66.09740 66.54700 66.53580 66.39400 66.25430 67.11440 66.16630 66.65880 65.97950 65.71670 65.35750 65.30730 65.86250 66.70630
68.79790 68.52770 67.92020 65.32980 63.94350 63.59160 63.80230 64.65290 65.22840 65.33780 63.96130 64.22970 63.59710 59.13350 61.24510 62.07290 60.95330 60.06650 60.24180 59.60670 60.69700 59.97550 57.31830 55.15550 53.47230 53.01440 54.95240 55.30950 58.57080 60.92430 60.52900 60.29540 60.63470 58.22060 58.69600 58.68200 60.87840 60.22440 61.12800 62.14420 62.57400 62.59260 63.15030 62.51160 64.21320 64.41340 66.46410 66.25990 65.00660 65.37200 63.35120 63.83750 64.38280 64.72770 66.01020 66.58790 66.33750 65.98610 66.17860 66.19460 66.01570 65.21140 65.33350 65.02470 65.36170 65.81060 66.13690 65.80100 65.84020 65.74380 66.57590
70.84320 70.47920 69.87820 68.69850 66.48430 64.80100 63.83230 62.95310 62.92810 63.82760 64.64780 65.10730 64.85560 64.29090 60.77050 57.48250 57.78030 59.11660 57.75710 58.06210 57.93690 57.17440 56.78280 55.06570 53.23140 52.89130 55.36880 57.22510 58.10450 60.71470 61.62990 62.28060 63.20860 61.62520 61.32670 61.32820 62.01280 62.56820 63.65390 64.82050 64.68490 64.75680 66.11230 65.97650 66.67000 67.83080 67.32080 66.98180 66.80090 67.52530 67.45680 67.17070 66.89760 67.02710 66.25170 66.65210 66.82050 66.41950 66.83510 66.87830 67.12080 67.21580 67.03680 66.66720 66.58780 66.73630 66.51590 66.19190 65.91050 66.48570 66.95980
73.19590 -9999 72.19870 69.51520 69.04920 66.63310 -9999 63.42590 65.77870 65.44360 65.70660 65.58710 64.77980 65.54610 65.27910 64.79400 65.08600 62.19530 57.61730 55.12940 54.30410 52.79660 56.22930 55.85510 55.05650 54.91220 56.24900 57.67130 59.89520 61.77920 63.61570 65.18700 63.39630 63.01220 62.26480 63.01580 63.17890 62.41960 62.84780 63.91790 64.59730 64.62130 65.82050 66.29880 65.74480 65.89570 66.13310 66.79390 67.00000 67.28260 68.03410 67.83360 67.14460 67.66400 66.57330 66.96290 67.41860 66.96030 66.93640 67.02680 67.15180 67.39380 67.46120 67.44350 66.69470 66.61430 66.62220 65.96160 65.57560 65.82950 65.61920
