data/hydroclimate-scenarios/BCSD_hadcm_B1/monthly_summaries/rh_monthly_avg_apr.2070-2099.asc
ncols	311
nrows	91
xllcenter	102.75
yllcenter	31.75
cellsize	0.5
NODATA_value	-9999
[rows 0 to 31 of 91, columns 213 to 283 of 311]
-9999 -9999 -9999 -9999 -9999 -9999 -9999 -9999 -9999 -9999 -9999 -9999 -9999 -9999 -9999 -9999 -9999 -9999 -9999 -9999 -9999 -9999 -9999 -9999 -9999 -9999 -9999 -9999 -9999 -9999 -9999 -9999 -9999 -9999 -9999 -9999 -9999 -9999 -9999 -9999 -9999 -9999 -9999 -9999 -9999 -9999 -9999 -9999 -9999 -9999 -9999 -9999 -9999 -9999 -9999 -9999 -9999 -9999 -9999 -9999 -9999 -9999 -9999 -9999 -9999 -9999 -9999 -9999 -9999 -9999 -9999
-9999 -9999 -9999 -9999 -9999 -9999 -9999 -9999 -9999 -9999 -9999 -9999 -9999 -9999 -9999 -9999 -9999 -9999 -9999 -9999 -9999 -9999 -9999 -9999 -9999 -9999 -9999 -9999 -9999 -9999 -9999 -9999 -9999 -9999 -9999 -9999 -9999 -9999 -9999 -9999 -9999 -9999 -9999 -9999 -9999 -9999 -9999 -9999 -9999 -9999 -9999 -9999 -9999 -9999 -9999 -9999 -9999 -9999 -9999 -9999 -9999 -9999 -9999 -9999 -9999 -9999 -9999 -9999 -9999 -9999 -9999
-9999 -9999 -9999 -9999 -9999 -9999 -9999 -9999 -9999 -9999 -9999 -9999 -9999 -9999 -9999 -9999 -9999 -9999 -9999 -9999 -9999 -9999 -9999 -9999 -9999 -9999 -9999 -9999 -9999 -9999 -9999 -9999 -9999 -9999 -9999 -9999 -9999 -9999 -9999 -9999 -9999 -9999 -9999 -9999 -9999 -9999 -9999 -9999 -9999 -9999 -9999 -9999 -9999 -9999 -9999 -9999 -9999 -9999 -9999 -9999 -9999 -9999 -9999 -9999 -9999 -9999 -9999 -9999 -9999 -9999 -9999
-9999 -9999 -9999 -9999 -9999 -9999 -9999 -9999 -9999 -9999 -9999 -9999 -9999 -9999 -9999 -9999 -9999 -9999 -9999 -9999 -9999 -9999 -9999 -9999 -9999 -9999 -9999 -9999 -9999 -9999 -9999 -9999 -9999 -9999 -9999 -9999 -9999 -9999 -9999 -9999 -9999 -9999 -9999 -9999 -9999 -9999 -9999 -9999 -9999 -9999 -9999 -9999 -9999 -9999 -9999 -9999 -9999 -9999 -9999 -9999 -9999 -9999 -9999 -9999 -9999 -9999 -9999 -9999 -9999 -9999 -9999
-9999 -9999 -9999 -9999 -9999 -9999 -9999 -9999 -9999 -9999 -9999 -9999 -9999 -9999 -9999 -9999 -9999 -9999 -9999 -9999 -9999 -9999 -9999 -9999 -9999 -9999 -9999 -9999 -9999 -9999 -9999 -9999 -9999 -9999 -9999 -9999 -9999 -9999 -9999 -9999 -9999 -9999 -9999 -9999 -9999 -9999 -9999 -9999 -9999 -9999 -9999 -9999 -9999 -9999 -9999 -9999 -9999 -9999 -9999 -9999 -9999 -9999 -9999 -9999 -9999 -9999 -9999 -9999 -9999 -9999 -9999
-9999 -9999 -9999 -9999 -9999 -9999 -9999 -9999 -9999 -9999 -9999 -9999 -9999 -9999 -9999 -9999 -9999 -9999 -9999 -9999 -9999 -9999 -9999 -9999 -9999 -9999 -9999 -9999 -9999 -9999 -9999 -9999 -9999 -9999 -9999 -9999 -9999 -9999 -9999 -9999 -9999 -9999 -9999 -9999 -9999 -9999 -9999 -9999 -9999 -9999 -9999 -9999 -9999 -9999 -9999 -9999 -9999 -9999 -9999 -9999 -9999 -9999 -9999 -9999 -9999 -9999 -9999 -9999 -9999 -9999 -9999
-9999 -9999 -9999 -9999 -9999 -9999 -9999 -9999 -9999 -9999 -9999 -9999 -9999 -9999 -9999 -9999 -9999 -9999 -9999 -9999 -9999 -9999 -9999 -9999 -9999 -9999 -9999 -9999 -9999 -9999 -9999 -9999 -9999 -9999 -9999 -9999 -9999 -9999 -9999 -9999 -9999 -9999 -9999 -9999 -9999 -9999 -9999 -9999 -9999 -9999 -9999 -9999 -9999 -9999 -9999 -9999 -9999 -9999 -9999 -9999 -9999 -9999 -9999 -9999 -9999 -9999 -9999 -9999 -9999 -9999 -9999
-9999 -9999 -9999 -9999 -9999 -9999 -9999 -9999 -9999 -9999 -9999 -9999 -9999 -9999 -9999 -9999 -9999 -9999 -9999 -9999 -9999 -9999 -9999 -9999 -9999 -9999 -9999 -9999 -9999 -9999 -9999 -9999 -9999 -9999 -9999 -9999 -9999 -9999 -9999 -9999 -9999 -9999 -9999 -9999 -9999 -9999 -9999 -9999 -9999 -9999 -9999 -9999 -9999 -9999 -9999 -9999 -9999 -9999 -9999 -9999 -9999 -9999 -9999 -9999 -9999 -9999 -9999 -9999 -9999 -9999 -9999
-9999 -9999 -9999 -9999 -9999 -9999 -9999 -9999 -9999 -9999 -9999 -9999 -9999 -9999 -9999 -9999 -9999 -9999 -9999 -9999 -9999 -9999 -9999 -9999 -9999 -9999 -9999 -9999 -9999 -9999 -9999 -9999 -9999 -9999 -9999 -9999 -9999 -9999 -9999 -9999 -9999 -9999 -9999 -9999 -9999 -9999 -9999 -9999 -9999 -9999 -9999 -9999 -9999 -9999 -9999 -9999 -9999 -9999 -9999 -9999 -9999 -9999 -9999 -9999 -9999 -9999 -9999 -9999 -9999 -9999 -9999
-9999 -9999 -9999 -9999 -9999 -9999 -9999 -9999 -9999 -9999 -9999 -9999 -9999 -9999 -9999 -9999 -9999 -9999 -9999 -9999 -9999 -9999 -9999 -9999 -9999 -9999 -9999 -9999 -9999 -9999 -9999 -9999 -9999 -9999 -9999 -9999 -9999 -9999 -9999 -9999 -9999 -9999 -9999 -9999 -9999 -9999 -9999 -9999 -9999 -9999 -9999 -9999 -9999 -9999 -9999 -9999 -9999 -9999 -9999 -9999 -9999 -9999 -9999 -9999 -9999 -9999 -9999 -9999 -9999 -9999 -9999
-9999 -9999 -9999 -9999 -9999 -9999 -9999 -9999 -9999 -9999 -9999 -9999 -9999 -9999 -9999 -9999 -9999 -9999 -9999 -9999 -9999 -9999 -9999 -9999 -9999 -9999 -9999 -9999 -9999 -9999 -9999 -9999 -9999 -9999 -9999 -9999 -9999 -9999 -9999 -9999 -9999 -9999 -9999 -9999 -9999 -9999 -9999 -9999 -9999 -9999 -9999 -9999 -9999 -9999 -9999 -9999 -9999 -9999 -9999 -9999 -9999 -9999 -9999 -9999 -9999 -9999 -9999 -9999 -9999 -9999 -9999
-9999 -9999 -9999 -9999 -9999 -9999 -9999 -9999 -9999 -9999 -9999 -9999 -9999 -9999 -9999 -9999 -9999 -9999 -9999 -9999 -9999 -9999 -9999 -9999 -9999 -9999 -9999 -9999 -9999 -9999 -9999 -9999 -9999 -9999 -9999 -9999 -9999 -9999 -9999 -9999 -9999 -9999 -9999 -9999 -9999 -9999 -9999 -9999 -9999 -9999 -9999 -9999 -9999 -9999 -9999 -9999 -9999 -9999 -9999 -9999 -9999 -9999 -9999 -9999 -9999 -9999 -9999 -9999 -9999 -9999 -9999
-9999 -9999 -9999 -9999 -9999 -9999 -9999 -9999 -9999 -9999 -9999 -9999 -9999 -9999 -9999 -9999 -9999 -9999 -9999 -9999 -9999 -9999 -9999 -9999 -9999 -9999 -9999 -9999 -9999 -9999 -9999 -9999 -9999 -9999 -9999 -9999 -9999 -9999 -9999 -9999 -9999 -9999 -9999 -9999 -9999 -9999 -9999 -9999 -9999 -9999 -9999 -9999 -9999 -9999 -9999 -9999 -9999 -9999 -9999 -9999 -9999 -9999 -9999 -9999 -9999 -9999 -9999 -9999 -9999 -9999 -9999
51.92830 51.64850 52.06870 51.92560 46.43730 46.12990 -9999 -9999 -9999 -9999 -9999 -9999 -9999 -9999 -9999 -9999 -9999 -9999 -9999 -9999 -9999 -9999 -9999 -9999 -9999 -9999 -9999 -9999 -9999 -9999 -9999 -9999 -9999 -9999 -9999 -9999 -9999 -9999 -9999 -9999 -9999 -9999 -9999 -9999 -9999 -9999 -9999 51.54990 -9999 -9999 -9999 -9999 -9999 -9999 -9999 -9999 -9999 -9999 -9999 -9999 -9999 -9999 -9999 -9999 -9999 -9999 -9999 -9999 -9999 -9999 -9999
52.86060 52.34630 52.17360 52.12460 51.42400 51.73380 48.86530 49.00560 49.53160 50.44860 45.61630 45.82710 46.21140 56.39110 55.84050 55.67780 55.17270 53.17070 63.07980 -9999 -9999 -9999 -9999 -9999 -9999 -9999 -9999 -9999 -9999 -9999 -9999 -9999 -9999 -9999 -9999 -9999 -9999 -9999 -9999 -9999 -9999 -9999 47.34740 47.26220 49.60600 51.07910 53.09500 54.27270 54.49680 -9999 -9999 -9999 53.86480 -9999 -9999 -9999 53.08920 56.49310 56.75570 -9999 -9999 -9999 -9999 -9999 -9999 -9999 -9999 -9999 -9999 -9999 -9999
52.79220 51.60480 51.60020 51.65610 51.11680 51.23170 38.84630 40.42740 41.19110 41.97520 42.87560 45.28410 44.18200 45.27490 41.66700 42.90480 40.92460 39.48080 39.09380 39.38170 40.02710 44.52690 51.15510 53.23730 45.13660 -9999 -9999 -9999 -9999 -9999 46.35080 46.85820 48.77010 50.31250 50.94710 51.36720 50.92790 50.32470 49.03410 47.21340 47.04680 47.71550 49.34470 50.74960 52.73820 51.99680 55.65440 57.65750 55.97220 57.18640 56.39740 56.25540 56.27920 57.40870 56.53610 56.16770 58.78440 60.92040 62.03470 61.24580 59.97650 56.96080 57.77650 54.48910 -9999 -9999 -9999 -9999 -9999 -9999 -9999
52.61450 52.21390 52.22820 53.63440 53.80790 48.69650 41.55480 43.23010 43.86130 44.09550 40.07940 45.19000 43.47230 44.45370 41.53510 38.56380 36.41070 35.35140 36.31020 36.67830 38.90680 41.98340 51.54260 49.07160 47.46730 47.62010 45.96680 47.66260 49.01090 48.19410 48.26920 48.16120 47.54540 50.24130 51.16290 50.17610 50.27130 50.90240 50.19090 49.08310 51.14360 51.71830 52.22950 52.40120 54.55210 54.06880 56.26360 56.55550 55.44870 55.55670 55.95790 56.09390 57.83940 58.39930 58.82610 60.24650 59.92570 60.07810 60.02160 60.30660 60.27380 60.70720 59.57280 60.93860 58.04370 55.52560 53.55590 52.95050 51.82190 52.41140 53.28280
54.91490 55.99910 55.74760 53.95610 53.65870 43.60370 40.90280 39.85350 40.03350 39.80090 37.81640 37.64130 39.09210 35.73570 32.77750 32.49130 32.34610 32.25230 41.63680 43.52390 47.82420 51.72160 53.20600 55.00790 48.15460 50.14950 49.12170 52.19790 52.87000 53.46410 53.01110 48.57130 47.51660 48.45350 49.05370 50.71000 51.52980 52.89240 51.50410 50.86850 52.02700 52.54980 51.91810 51.33570 52.49140 51.82550 53.76010 54.61170 54.80410 54.97650 55.05330 55.77540 57.45970 58.54180 58.26800 59.36970 59.22870 58.62860 58.45750 59.29610 60.26190 60.27430 60.02730 59.62650 57.01670 55.19790 54.56320 55.19550 56.07180 56.60020 56.57980
51.44920 51.69390 51.73600 49.39510 47.49830 44.88830 43.93590 36.32630 35.48840 33.72860 33.51000 33.25650 32.85880 32.87460 32.64200 31.54520 38.11750 35.96660 39.04370 37.21510 50.11540 49.76840 52.08360 51.34690 47.16600 47.45570 49.86890 51.58160 52.06500 53.60990 53.65350 50.21430 49.71440 49.43440 49.11550 50.26250 50.64310 51.06260 51.23790 51.49120 51.22500 51.30660 49.04570 49.67350 50.50450 50.65290 52.43730 53.31300 54.01480 54.31720 54.82310 55.26350 55.53070 55.74540 56.07770 56.32350 56.37380 57.29490 57.63980 57.70830 57.55080 57.39450 59.02870 58.29500 56.75690 56.86480 56.66800 55.79470 55.39240 55.85350 55.86800
50.53180 51.70830 52.90740 50.18880 48.91250 48.15460 46.15640 44.53290 43.06390 41.20200 41.87820 36.24830 39.77700 38.48670 39.45070 39.19780 37.72860 37.55140 52.11200 52.84140 47.47830 51.40810 51.60100 52.23610 46.77100 47.33080 47.73980 48.89730 50.81420 53.31070 53.62510 52.24220 50.35440 49.93170 49.03730 48.23020 48.13420 47.66920 49.17920 50.20290 49.98350 49.31100 49.97510 50.80910 50.19510 50.14070 51.23220 52.22920 53.19780 53.25670 54.10530 55.59480 54.65490 54.88590 55.22970 55.46790 55.52850 57.01490 56.08490 55.45470 55.46640 54.50150 56.02290 55.88140 56.46950 55.82780 55.52870 56.38820 57.07680 57.03250 56.90530
48.39090 51.44520 52.87850 50.20540 48.15860 46.11600 44.59410 43.82890 42.25550 42.20240 43.08890 42.95100 42.44680 41.93410 40.97170 39.95350 39.66780 40.54070 46.86070 44.53740 38.11790 42.91520 48.35640 48.07550 45.24450 46.36750 47.13890 48.31220 50.03230 52.33060 52.49250 51.40130 50.42660 49.50450 48.38230 47.64750 47.60520 47.82330 48.15050 48.10940 48.91090 47.75170 48.50670 48.64280 48.51680 48.49380 49.45960 50.88380 52.04520 53.12470 54.30020 53.95760 54.10130 53.89500 54.06140 54.21620 54.68710 53.62440 52.79090 51.52550 50.92710 50.38500 51.16070 52.12070 52.13340 52.68860 54.20980 55.98240 55.98860 56.60320 56.49140
48.84030 48.47020 46.15960 43.22090 43.32950 43.10670 41.74480 42.34040 42.77990 43.04880 43.84610 43.88590 43.61830 44.04620 44.04740 42.47320 41.71430 41.06050 48.02330 47.75150 35.68870 32.21550 33.69190 43.70680 43.27230 46.68500 48.59680 49.93930 49.42760 50.93930 52.51320 52.20420 51.29270 49.91410 49.10940 48.30600 47.79200 47.31670 47.34810 47.70340 47.64560 46.92760 46.42460 46.36060 45.35520 46.52480 48.21170 49.77700 51.23120 51.97800 53.28240 52.92410 51.67910 51.19160 51.70460 50.94440 49.90920 51.04420 51.10300 50.08710 49.10210 49.16820 49.37590 49.81570 50.00470 48.65560 51.15880 53.35900 53.81400 54.69980 55.19840
48.01730 44.85750 43.12340 43.13190 44.79360 47.25570 50.48630 52.28780 49.43120 47.15830 27.21790 39.31110 46.87960 45.65550 44.98010 44.44940 44.90220 43.54870 45.90060 48.67590 34.62490 34.53580 35.42990 42.36490 39.70120 44.48450 44.82610 46.44530 47.76450 48.76320 49.62520 49.19160 49.29300 49.75800 50.03750 49.87160 50.54580 50.22100 51.68730 51.34810 51.57510 49.95310 47.99430 46.73750 46.85480 48.39090 50.34620 53.39250 53.87280 54.38550 53.95560 53.24290 51.74680 51.75240 50.12050 50.88560 50.70610 49.77300 48.79160 47.81230 48.54000 47.94820 49.13560 49.19040 48.63490 48.99690 51.69940 52.25740 51.99610 52.46950 52.91220
46.86660 47.35690 47.68810 45.02270 44.06390 46.69240 49.08540 48.13410 47.98680 40.97850 28.21940 27.93650 28.92290 27.41150 26.86140 26.75990 44.39670 43.79390 47.08030 49.85680 42.80640 32.61560 38.40010 42.40780 40.21640 39.95240 44.13560 45.59850 47.34430 49.15950 49.93160 50.12540 50.56200 50.58570 52.58360 51.84160 52.73350 53.67890 54.75220 53.50640 55.69190 55.18450 54.20010 53.94190 54.19170 54.61380 53.59200 53.29770 54.87830 54.29170 52.28850 50.06670 50.80760 50.56970 48.48120 49.69110 48.93080 47.18640 47.16770 50.38080 51.11820 47.67550 48.27210 49.31540 49.00880 48.68270 50.04690 50.14070 49.18090 49.73200 50.03290
44.00460 43.43960 43.43110 42.61490 42.77410 43.31630 41.64110 41.50510 44.62220 45.91560 48.42930 27.81210 28.47680 28.13630 27.53110 27.00520 26.65630 26.54310 32.12620 51.20110 48.46090 37.16500 33.91700 33.80050 35.52020 36.31520 35.04460 39.80860 44.04170 45.20910 46.66570 48.60570 48.57530 50.74210 50.15630 51.94180 53.44530 53.12230 55.16870 55.35300 57.32070 57.80420 57.04830 57.76630 58.33820 59.14980 59.20980 58.07610 55.28360 52.87940 51.14650 48.91180 48.17230 50.74730 49.57610 48.85250 48.61000 48.23390 46.69250 47.05280 49.46820 50.92050 51.23980 50.38920 48.60960 46.41320 45.96450 45.99420 46.19530 46.01440 48.29990
42.49050 42.08410 42.05590 41.38500 43.22790 43.28360 43.38170 41.19570 40.52220 40.57800 46.77380 48.50180 46.01890 47.53110 38.10980 35.13930 33.21090 26.10220 38.79370 43.04280 41.47170 47.40350 35.49870 41.84330 34.84840 34.10400 35.55460 36.95180 42.48860 46.54970 47.13510 48.23800 47.12870 48.09850 47.88850 50.30750 51.40370 52.88770 54.58860 55.37780 56.83720 57.87280 57.16360 57.94670 57.97460 58.99050 58.82000 58.82870 58.03560 56.29790 54.61250 52.62000 49.68150 52.34420 53.20080 50.46570 49.13450 49.53340 48.28160 48.21540 49.71110 51.00310 50.31440 49.22650 49.27500 48.89990 46.68170 44.55590 44.71850 44.47320 46.75890
50.68550 51.04280 50.16630 48.73650 46.15010 50.63340 56.97100 58.39180 58.13520 56.25450 55.82190 57.89130 50.59690 42.57470 40.17740 40.55020 37.44540 36.12020 47.71890 44.84390 44.82830 44.48740 42.59750 44.98180 43.23410 44.18820 45.84050 47.32010 49.49590 51.52340 51.81640 48.01770 47.97770 47.84100 46.89970 47.44370 49.67460 51.15840 53.75460 55.14600 55.82980 56.32330 56.79920 58.16780 58.76070 58.79520 59.02590 59.63380 58.61040 57.14470 56.33310 55.23760 52.43220 50.67050 50.30850 52.15550 49.99660 49.64620 50.20810 49.65420 48.60380 49.37290 50.36890 50.92130 49.48960 47.79580 46.61560 45.15960 43.99200 42.85500 44.98710
63.84960 63.37680 57.00290 54.57060 52.88170 52.25330 53.90970 57.27720 59.87770 60.42850 59.66010 61.55620 59.35410 57.11800 53.95940 45.20140 36.78590 35.61220 51.07930 51.99580 48.80660 51.58360 47.89080 48.23140 42.27510 43.43610 44.42380 47.66760 48.58130 50.06640 50.29470 46.51580 44.23390 43.97230 42.87030 46.44380 48.54680 50.89750 53.03410 54.72890 55.64740 56.81430 57.53460 57.88350 58.76670 59.39660 59.94760 60.07240 58.93630 57.80280 57.71310 56.77880 55.05110 52.96670 49.68350 51.70420 51.32110 50.54760 49.99980 50.73490 49.66020 49.43130 49.82040 48.83810 48.19660 47.49200 46.40720 45.96190 43.55580 42.17940 43.11230
64.20810 61.90830 59.33390 56.93700 53.21400 51.73240 54.24300 50.08480 48.54910 48.68320 49.66270 50.59270 48.61110 50.73840 51.16370 51.43900 48.35570 38.54810 49.10790 52.23630 53.43660 55.47490 52.36910 48.36430 36.08580 31.57490 41.41740 43.33010 42.93290 44.90880 45.77240 40.82400 40.18230 37.78610 40.22790 45.00940 48.86090 51.04780 53.16870 54.61990 55.32040 56.59040 58.08470 58.44680 59.18450 59.75110 60.56590 60.71130 59.94840 60.52350 59.47210 58.65790 56.50640 54.11770 52.24560 48.91560 50.58910 50.95810 49.12450 48.89730 48.15640 47.96680 48.21140 47.59860 47.95670 47.84580 47.81470 46.74390 45.89250 43.26270 43.16580
61.27950 58.22730 61.28050 61.40700 61.66710 58.17870 51.96270 48.99390 44.51720 42.99930 42.46150 44.64710 55.23660 59.08280 59.25910 57.42380 56.18550 50.60960 53.68000 55.86180 56.13110 58.67020 56.77660 50.42760 42.10200 38.21190 37.22460 37.10740 40.48040 42.97450 40.53850 35.22450 36.37730 34.00450 37.54490 45.44440 48.89620 51.50270 53.49750 54.52350 55.93250 56.78310 57.94300 59.56510 59.65440 60.62220 60.23310 60.22180 60.81500 60.83190 59.76190 59.15300 58.05710 55.88890 53.56930 49.15620 50.17240 51.36160 49.74280 51.30890 52.07060 54.06240 54.21680 53.46460 53.19540 50.33520 47.08270 46.81130 46.68510 46.09510 45.68360
59.52370 55.12990 57.62780 62.40380 61.19260 56.09410 60.44270 62.34110 61.67130 55.73890 52.83330 46.20640 51.80660 57.42310 62.36020 64.09880 62.62210 61.43250 59.47520 60.01280 59.45480 60.01730 57.65300 51.96280 47.08410 44.38970 42.50220 44.68940 42.35200 41.68120 37.98830 33.18510 30.69670 31.35000 39.82240 46.10850 49.80120 51.35780 51.53590 53.07530 54.39000 56.07660 56.15260 57.96150 58.98710 59.34330 59.41390 58.42260 57.76190 56.84910 56.71820 57.01210 57.50370 55.24790 53.53630 52.28580 50.54270 51.43360 49.26760 49.96810 49.35790 49.80240 49.19520 49.05170 48.25270 47.71850 47.66600 47.20620 47.06790 47.87290 47.90080
61.22720 -9999 55.43200 63.31500 68.13970 69.97320 -9999 68.86910 67.43870 65.50290 64.81000 63.95790 64.43980 62.83480 62.77120 62.12940 57.63120 61.49340 64.74220 64.99030 64.85750 64.23590 61.28180 58.54200 55.70760 53.88790 51.87290 49.75210 50.51110 50.60620 48.92240 43.55450 36.60870 39.47660 43.04670 46.22180 50.59700 52.76410 53.88840 54.72010 56.05000 56.87250 56.59740 56.13800 58.32450 57.86430 58.74340 57.91660 56.72660 56.43450 56.50180 56.20080 56.65160 55.69370 53.26990 51.54210 49.00890 49.36330 50.85460 51.05700 50.21260 48.46030 47.33340 46.88480 47.05890 46.78900 47.35820 46.92390 47.20940 47.77630 46.70950
