data/hydroclimate-scenarios/BCSD_hadcm_B1/monthly_summaries/rh_monthly_avg_jul.2070-2099.asc
ncols	311
nrows	91
xllcenter	102.75
yllcenter	31.75
cellsize	0.5
NODATA_value	-9999
[rows 0 to 31 of 91, columns 213 to 283 of 311]
-9999 -9999 -9999 -9999 -9999 -9999 -9999 -9999 -9999 -9999 -9999 -9999 -9999 -9999 -9999 -9999 -9999 -9999 -9999 -9999 -9999 -9999 -9999 -9999 -9999 -9999 -9999 -9999 -9999 -9999 -9999 -9999 -9999 -9999 -9999 -9999 -9999 -9999 -9999 -9999 -9999 -9999 -9999 -9999 -9999 -9999 -9999 -9999 -9999 -9999 -9999 -9999 -9999 -9999 -9999 -9999 -9999 -9999 -9999 -9999 -9999 -9999 -9999 -9999 -9999 -9999 -9999 -9999 -9999 -9999 -9999
-9999 -9999 -9999 -9999 -9999 -9999 -9999 -9999 -9999 -9999 -9999 -9999 -9999 -9999 -9999 -9999 -9999 -9999 -9999 -9999 -9999 -9999 -9999 -9999 -9999 -9999 -9999 -9999 -9999 -9999 -9999 -9999 -9999 -9999 -9999 -9999 -9999 -9999 -9999 -9999 -9999 -9999 -9999 -9999 -9999 -9999 -9999 -9999 -9999 -9999 -9999 -9999 -9999 -9999 -9999 -9999 -9999 -9999 -9999 -9999 -9999 -9999 -9999 -9999 -9999 -9999 -9999 -9999 -9999 -9999 -9999
-9999 -9999 -9999 -9999 -9999 -9999 -9999 -9999 -9999 -9999 -9999 -9999 -9999 -9999 -9999 -9999 -9999 -9999 -9999 -9999 -9999 -9999 -9999 -9999 -9999 -9999 -9999 -9999 -9999 -9999 -9999 -9999 -9999 -9999 -9999 -9999 -9999 -9999 -9999 -9999 -9999 -9999 -9999 -9999 -9999 -9999 -9999 -9999 -9999 -9999 -9999 -9999 -9999 -9999 -9999 -9999 -9999 -9999 -9999 -9999 -9999 -9999 -9999 -9999 -9999 -9999 -9999 -9999 -9999 -9999 -9999
-9999 -9999 -9999 -9999 -9999 -9999 -9999 -9999 -9999 -9999 -9999 -9999 -9999 -9999 -9999 -9999 -9999 -9999 -9999 -9999 -9999 -9999 -9999 -9999 -9999 -9999 -9999 -9999 -9999 -9999 -9999 -9999 -9999 -9999 -9999 -9999 -9999 -9999 -9999 -9999 -9999 -9999 -9999 -9999 -9999 -9999 -9999 -9999 -9999 -9999 -9999 -9999 -9999 -9999 -9999 -9999 -9999 -9999 -9999 -9999 -9999 -9999 -9999 -9999 -9999 -9999 -9999 -9999 -9999 -9999 -9999
-9999 -9999 -9999 -9999 -9999 -9999 -9999 -9999 -9999 -9999 -9999 -9999 -9999 -9999 -9999 -9999 -9999 -9999 -9999 -9999 -9999 -9999 -9999 -9999 -9999 -9999 -9999 -9999 -9999 -9999 -9999 -9999 -9999 -9999 -9999 -9999 -9999 -9999 -9999 -9999 -9999 -9999 -9999 -9999 -9999 -9999 -9999 -9999 -9999 -9999 -9999 -9999 -9999 -9999 -9999 -9999 -9999 -9999 -9999 -9999 -9999 -9999 -9999 -9999 -9999 -9999 -9999 -9999 -9999 -9999 -9999
-9999 -9999 -9999 -9999 -9999 -9999 -9999 -9999 -9999 -9999 -9999 -9999 -9999 -9999 -9999 -9999 -9999 -9999 -9999 -9999 -9999 -9999 -9999 -9999 -9999 -9999 -9999 -9999 -9999 -9999 -9999 -9999 -9999 -9999 -9999 -9999 -9999 -9999 -9999 -9999 -9999 -9999 -9999 -9999 -9999 -9999 -9999 -9999 -9999 -9999 -9999 -9999 -9999 -9999 -9999 -9999 -9999 -9999 -9999 -9999 -9999 -9999 -9999 -9999 -9999 -9999 -9999 -9999 -9999 -9999 -9999
-9999 -9999 -9999 -9999 -9999 -9999 -9999 -9999 -9999 -9999 -9999 -9999 -9999 -9999 -9999 -9999 -9999 -9999 -9999 -9999 -9999 -9999 -9999 -9999 -9999 -9999 -9999 -9999 -9999 -9999 -9999 -9999 -9999 -9999 -9999 -9999 -9999 -9999 -9999 -9999 -9999 -9999 -9999 -9999 -9999 -9999 -9999 -9999 -9999 -9999 -9999 -9999 -9999 -9999 -9999 -9999 -9999 -9999 -9999 -9999 -9999 -9999 -9999 -9999 -9999 -9999 -9999 -9999 -9999 -9999 -9999
-9999 -9999 -9999 -9999 -9999 -9999 -9999 -9999 -9999 -9999 -9999 -9999 -9999 -9999 -9999 -9999 -9999 -9999 -9999 -9999 -9999 -9999 -9999 -9999 -9999 -9999 -9999 -9999 -9999 -9999 -9999 -9999 -9999 -9999 -9999 -9999 -9999 -9999 -9999 -9999 -9999 -9999 -9999 -9999 -9999 -9999 -9999 -9999 -9999 -9999 -9999 -9999 -9999 -9999 -9999 -9999 -9999 -9999 -9999 -9999 -9999 -9999 -9999 -9999 -9999 -9999 -9999 -9999 -9999 -9999 -9999
-9999 -9999 -9999 -9999 -9999 -9999 -9999 -9999 -9999 -9999 -9999 -9999 -9999 -9999 -9999 -9999 -9999 -9999 -9999 -9999 -9999 -9999 -9999 -9999 -9999 -9999 -9999 -9999 -9999 -9999 -9999 -9999 -9999 -9999 -9999 -9999 -9999 -9999 -9999 -9999 -9999 -9999 -9999 -9999 -9999 -9999 -9999 -9999 -9999 -9999 -9999 -9999 -9999 -9999 -9999 -9999 -9999 -9999 -9999 -9999 -9999 -9999 -9999 -9999 -9999 -9999 -9999 -9999 -9999 -9999 -9999
-9999 -9999 -9999 -9999 -9999 -9999 -9999 -9999 -9999 -9999 -9999 -9999 -9999 -9999 -9999 -9999 -9999 -9999 -9999 -9999 -9999 -9999 -9999 -9999 -9999 -9999 -9999 -9999 -9999 -9999 -9999 -9999 -9999 -9999 -9999 -9999 -9999 -9999 -9999 -9999 -9999 -9999 -9999 -9999 -9999 -9999 -9999 -9999 -9999 -9999 -9999 -9999 -9999 -9999 -9999 -9999 -9999 -9999 -9999 -9999 -9999 -9999 -9999 -9999 -9999 -9999 -9999 -9999 -9999 -9999 -9999
-9999 -9999 -9999 -9999 -9999 -9999 -9999 -9999 -9999 -9999 -9999 -9999 -9999 -9999 -9999 -9999 -9999 -9999 -9999 -9999 -9999 -9999 -9999 -9999 -9999 -9999 -9999 -9999 -9999 -9999 -9999 -9999 -9999 -9999 -9999 -9999 -9999 -9999 -9999 -9999 -9999 -9999 -9999 -9999 -9999 -9999 -9999 -9999 -9999 -9999 -9999 -9999 -9999 -9999 -9999 -9999 -9999 -9999 -9999 -9999 -9999 -9999 -9999 -9999 -9999 -9999 -9999 -9999 -9999 -9999 -9999
-9999 -9999 -9999 -9999 -9999 -9999 -9999 -9999 -9999 -9999 -9999 -9999 -9999 -9999 -9999 -9999 -9999 -9999 -9999 -9999 -9999 -9999 -9999 -9999 -9999 -9999 -9999 -9999 -9999 -9999 -9999 -9999 -9999 -9999 -9999 -9999 -9999 -9999 -9999 -9999 -9999 -9999 -9999 -9999 -9999 -9999 -9999 -9999 -9999 -9999 -9999 -9999 -9999 -9999 -9999 -9999 -9999 -9999 -9999 -9999 -9999 -9999 -9999 -9999 -9999 -9999 -9999 -9999 -9999 -9999 -9999
-9999 -9999 -9999 -9999 -9999 -9999 -9999 -9999 -9999 -9999 -9999 -9999 -9999 -9999 -9999 -9999 -9999 -9999 -9999 -9999 -9999 -9999 -9999 -9999 -9999 -9999 -9999 -9999 -9999 -9999 -9999 -9999 -9999 -9999 -9999 -9999 -9999 -9999 -9999 -9999 -9999 -9999 -9999 -9999 -9999 -9999 -9999 -9999 -9999 -9999 -9999 -9999 -9999 -9999 -9999 -9999 -9999 -9999 -9999 -9999 -9999 -9999 -9999 -9999 -9999 -9999 -9999 -9999 -9999 -9999 -9999
35.57600 35.96590 36.45270 36.18040 37.02030 36.90040 -9999 -9999 -9999 -9999 -9999 -9999 -9999 -9999 -9999 -9999 -9999 -9999 -9999 -9999 -9999 -9999 -9999 -9999 -9999 -9999 -9999 -9999 -9999 -9999 -9999 -9999 -9999 -9999 -9999 -9999 -9999 -9999 -9999 -9999 -9999 -9999 -9999 -9999 -9999 -9999 -9999 37.26150 -9999 -9999 -9999 -9999 -9999 -9999 -9999 -9999 -9999 -9999 -9999 -9999 -9999 -9999 -9999 -9999 -9999 -9999 -9999 -9999 -9999 -9999 -9999
34.75200 36.22380 36.77860 37.16940 37.88900 38.31450 38.21890 38.47840 39.34990 40.59810 39.64460 41.64090 41.92570 42.92890 42.60690 42.09240 41.63930 39.77670 49.60850 -9999 -9999 -9999 -9999 -9999 -9999 -9999 -9999 -9999 -9999 -9999 -9999 -9999 -9999 -9999 -9999 -9999 -9999 -9999 -9999 -9999 -9999 -9999 35.42830 34.33190 36.01150 40.10230 43.24190 43.52330 42.17300 -9999 -9999 -9999 46.40850 -9999 -9999 -9999 48.14520 48.62990 49.87150 -9999 -9999 -9999 -9999 -9999 -9999 -9999 -9999 -9999 -9999 -9999 -9999
36.36550 37.37650 39.49140 40.49970 41.10460 41.65260 41.22700 44.47450 46.74670 47.90010 47.84500 49.68360 50.63690 52.21530 53.51060 53.99300 52.48510 50.84780 49.49300 47.34710 45.05820 44.00220 43.25380 43.97790 40.17780 -9999 -9999 -9999 -9999 -9999 41.52200 40.65530 39.25490 38.62710 37.92570 35.97650 34.69350 34.89740 33.94470 33.57350 34.43530 34.75540 39.66650 40.00120 42.26610 42.81440 45.92860 47.67480 45.57140 47.23290 48.24820 48.64380 48.47700 48.82120 50.24830 50.09370 50.73540 51.45460 53.37090 52.70590 51.45230 50.10290 49.55980 48.07550 -9999 -9999 -9999 -9999 -9999 -9999 -9999
45.08150 46.98380 47.68410 49.68030 48.60760 47.71340 52.49010 55.58770 55.96770 55.63200 54.41370 56.65510 57.75590 58.96830 56.84680 56.99080 55.45130 54.36110 50.54420 48.48470 46.71090 45.43520 46.86990 46.86590 44.18530 44.76070 45.48570 45.78790 44.37700 43.80720 42.97450 41.89500 42.37790 42.35600 41.82050 40.96430 38.09280 38.29470 39.21950 39.99510 38.45150 38.24450 40.40180 40.94650 41.74880 42.06250 44.18570 45.30890 47.90070 48.39160 49.86620 50.34030 49.77010 49.95570 51.00060 51.15750 51.05940 50.39840 50.84100 50.67830 50.46440 50.33570 49.71290 50.93620 51.02410 50.39780 48.98460 48.71670 48.74170 48.87080 49.41070
55.63180 56.17460 56.46680 56.32230 55.09910 55.97640 54.22790 53.81290 54.46980 53.61870 52.51370 52.39030 54.71190 53.58510 50.32390 49.43490 50.76430 49.74610 51.32260 50.60640 48.87160 48.19590 47.87330 47.95170 45.92300 46.31680 46.81390 46.84680 46.09130 45.80430 45.55080 43.64580 43.92610 43.50090 43.71180 43.34370 41.33310 41.13310 41.94080 42.13150 40.90660 41.07660 42.66190 42.95460 42.90440 44.29260 45.90040 46.79020 48.91150 49.50920 50.36000 50.90020 50.06370 50.16950 51.27140 51.31410 51.48600 50.92840 51.35850 50.77030 50.75020 50.46160 50.60740 50.46350 50.71740 49.65020 49.76240 50.61680 50.48590 51.31910 51.39770
52.88640 52.50970 51.49140 52.88010 53.28120 51.71760 50.37200 51.42090 50.29110 48.64360 48.97160 49.61130 48.55580 46.43680 47.23010 47.79400 47.99650 47.60390 50.75560 48.97190 51.05620 49.65680 48.62290 48.06810 45.94060 46.29570 47.41460 47.44960 48.38580 48.10390 46.47300 44.71660 43.65710 43.76640 44.15540 43.47010 43.45660 43.01040 41.67180 41.54070 40.36450 40.53870 41.34550 41.82070 43.41350 44.59880 47.59280 48.12970 49.53410 50.11780 50.90760 51.67910 51.64170 51.70940 50.86760 51.12730 50.77660 50.98980 50.74570 50.31360 49.93930 50.24710 51.75770 50.89970 50.43660 50.73160 50.04490 50.23420 50.53110 50.68330 51.01620
53.56070 54.67910 56.35930 53.57380 52.52640 52.25330 50.17960 48.71180 47.75780 46.72150 45.67850 45.03890 45.26680 44.89150 46.92910 48.60380 48.07430 48.25950 52.32340 51.26810 50.77820 50.38980 49.61130 49.51540 47.10880 47.45600 47.56390 47.55870 47.68860 47.73310 46.54340 45.28010 44.07200 43.71100 44.28870 43.80350 43.33210 43.03360 42.22530 42.51270 41.15130 41.23840 43.47370 43.56170 43.99290 44.84610 47.49220 48.81090 49.88400 50.66870 51.18770 51.38960 51.35460 51.76270 50.22210 50.29620 50.18050 50.35560 51.12710 50.50290 50.47190 50.19370 50.83700 50.64210 50.65300 50.22010 49.84240 49.53000 50.42170 51.13020 50.65050
57.04590 60.65990 61.13860 56.84090 54.06450 51.55660 50.78380 49.58190 44.36240 42.99890 41.41000 41.23160 41.59810 42.70530 44.96930 50.37780 51.75310 52.17700 53.07270 52.94880 50.61310 50.20200 51.14490 50.38420 47.68700 47.64550 47.61830 47.56030 47.67020 47.59290 47.31940 46.72500 45.63530 45.15960 44.56640 44.20920 44.10630 43.81940 43.07220 43.33090 43.70180 43.75030 44.09870 44.75490 44.92780 45.77550 47.92210 49.05510 50.24800 51.33520 51.89960 51.86060 51.50030 51.50480 49.73860 49.41210 48.75770 48.46150 47.66980 47.40170 49.91580 49.97720 49.38500 50.04000 50.15750 49.90560 48.99390 49.51790 49.86180 49.65300 50.18100
58.18690 56.98430 54.41000 47.15330 45.40570 46.77450 47.79990 49.53560 48.15280 47.53590 45.28250 44.01690 43.02440 42.96690 46.01030 48.48170 50.94250 51.21830 53.82510 53.60130 51.41830 49.45640 50.00960 50.00820 48.23490 48.22670 48.11300 47.86310 47.86120 47.90960 47.68880 47.04980 46.23230 45.54480 44.67200 44.53230 44.30470 44.65870 43.91490 43.57670 44.34660 44.63490 44.81180 45.01880 44.98570 46.74990 48.48490 49.91220 50.78110 51.78760 52.36690 52.08460 51.02160 50.61810 48.89610 48.01650 47.22390 47.34350 47.73420 48.78210 49.50090 49.41020 50.46550 50.11240 50.25120 49.49260 47.56780 48.57690 48.68850 48.54770 48.63570
57.21770 52.10180 49.36090 50.25080 52.41710 56.28220 60.56060 61.37950 58.97120 57.23830 55.77380 55.79820 53.39480 46.56640 50.60330 52.43940 55.18650 53.72780 54.59620 54.18260 52.45170 50.50000 49.94590 49.82890 48.02150 47.94930 48.23690 48.10290 48.18360 47.74690 46.86600 46.01220 46.63100 46.45110 45.31670 45.07800 45.23210 45.50270 45.68920 45.89080 45.74660 45.75550 45.98160 46.24610 47.65630 49.29080 49.61870 51.42990 52.20900 52.82340 52.43210 52.43290 51.12470 50.68150 50.63140 50.54180 49.23200 50.07130 50.24140 49.60150 49.09050 48.29450 47.10250 46.59500 45.50000 45.75270 47.91700 47.94640 48.06420 48.19810 47.13830
52.49950 52.85580 55.22110 53.76570 51.95440 55.85200 59.41330 59.55380 58.06920 57.42440 57.70220 58.21010 58.43060 56.97070 57.11340 55.57580 54.07400 52.21850 54.89900 54.23610 52.87540 50.56960 50.72020 50.83440 48.04740 47.87390 47.92650 47.99150 47.66330 47.65290 47.20090 46.50360 47.06580 46.67580 45.94130 46.46410 46.41140 46.09200 46.71850 47.48480 47.81670 48.00600 48.74260 49.10350 50.40060 51.08340 50.99380 51.39880 52.95080 53.04030 52.65070 51.69270 51.44210 51.14730 50.23840 50.33380 50.49140 50.01060 50.33990 48.69200 47.77980 46.36180 46.92430 47.11590 46.14580 45.76890 47.18290 47.07000 46.76370 46.51080 46.03780
52.24680 52.44900 54.28380 54.17570 53.66020 53.47750 52.02890 53.63960 57.61460 58.47160 59.17720 58.76730 60.11960 60.11520 60.27360 58.99140 58.00010 54.80590 53.72230 54.73160 53.24930 51.55120 50.51170 50.18950 48.49330 47.22210 46.43660 46.34850 47.25470 47.22740 46.68750 46.97250 46.04650 46.48660 45.90080 46.67260 46.46190 47.10490 47.93280 48.85120 49.37210 50.35490 51.24790 51.32020 51.05770 51.74900 52.28850 54.00250 53.29520 52.92690 52.79910 52.28560 51.63160 51.69540 50.97620 50.30470 50.32380 49.96670 48.53540 48.20070 47.80460 47.91290 48.00050 47.38760 45.50210 44.38590 45.11840 44.92370 44.77750 44.88430 45.28870
53.14730 53.19590 53.92490 53.83290 55.85920 56.00540 57.43040 58.98120 58.90280 58.21400 58.82770 59.05750 60.15970 60.57940 59.19850 55.84500 54.30410 53.27230 53.90300 53.41120 52.63580 52.41340 51.64340 51.43530 48.61430 47.30650 46.38460 46.06160 46.41570 46.58810 46.84130 46.93710 45.59350 45.69070 45.35870 46.04320 46.04700 46.87080 48.06040 48.39310 49.45210 48.50160 49.58250 50.81420 51.39430 52.19080 52.96930 52.79190 53.45740 53.73420 53.85930 53.45180 52.34230 52.57310 52.55720 51.14530 50.97810 50.58240 49.41010 48.82920 47.71420 47.70650 47.74240 46.91490 45.98610 46.41160 45.89430 44.57940 44.38930 44.29710 44.81080
58.57330 59.37710 59.76380 59.94460 58.91640 62.57290 64.50910 65.64800 65.57190 65.10240 63.43380 63.13990 59.22670 54.60920 53.40350 54.85770 54.58990 54.29920 55.52890 54.21760 53.37590 53.82520 52.24850 51.46960 49.03140 47.81530 46.95780 46.67830 46.67380 46.88430 46.64270 45.82100 44.84210 45.00930 44.98320 45.03120 46.48480 47.22190 47.44920 48.37340 49.49140 50.40720 49.88800 51.08660 52.29110 52.95060 52.75280 53.74690 52.86690 54.31650 54.46800 54.15270 52.91180 52.10010 52.13190 51.97440 51.47470 50.75180 50.31080 49.67070 48.69990 48.39510 47.91860 47.70550 47.03500 45.89940 45.45770 44.62020 43.59380 43.06200 44.24730
68.02320 67.37220 62.66740 60.15870 59.67640 60.81450 63.18600 63.50570 63.66150 63.62080 62.48240 63.95140 64.28720 64.31520 63.08340 57.84020 53.83130 54.30410 56.38970 55.55900 54.63240 54.87770 53.54320 53.03980 48.12430 46.97550 46.26360 46.18180 45.81520 45.68050 45.29450 44.14350 43.69520 43.87730 43.89570 44.52230 45.29670 46.41020 47.44500 48.29240 49.11290 48.64530 50.19170 51.43730 52.90440 53.94270 54.25080 54.45360 53.35350 54.64570 54.75400 54.92600 53.80790 53.37100 52.33100 52.65740 52.41140 51.41490 50.74780 50.29070 49.51120 48.79400 47.72570 46.95400 46.80480 46.23560 45.20200 44.84620 43.78580 43.34580 43.88050
69.75020 67.21660 64.94880 62.52650 60.12800 62.73740 66.37270 63.03270 60.89260 59.67850 57.52750 56.86410 57.29970 61.33490 60.57240 62.33150 61.11430 55.70980 58.32070 57.39620 56.39930 56.37510 55.79130 54.04550 47.33450 45.59800 44.92170 44.47470 43.95490 43.75880 43.61930 42.94900 42.28410 42.06570 42.45510 43.11030 44.35600 45.51810 46.43080 47.47710 49.78930 50.48120 50.77740 52.20670 53.99660 54.68110 54.54470 54.96160 54.75110 55.47030 54.79510 55.89410 55.35780 54.83880 54.57150 53.37720 53.21260 52.68270 51.84150 50.53680 50.49470 49.55260 47.95320 47.59000 46.35000 45.72220 45.47060 45.38330 45.47340 44.50700 44.41330
65.72390 62.95600 66.46010 65.41290 64.63220 68.20930 66.63730 63.65260 58.17350 55.72420 52.04380 52.01200 60.49540 64.18500 63.14020 63.73960 63.56760 63.24750 61.71730 60.64500 59.76960 59.13200 57.50890 55.27330 52.28140 49.71650 47.41250 43.17550 42.78470 43.14290 42.53230 41.06740 40.36240 40.63410 41.34220 41.91290 43.86780 45.10340 46.11290 47.28950 49.46130 50.73420 51.01840 53.41180 54.32220 55.58530 54.73070 54.75340 55.67920 55.68410 55.73760 55.54000 56.21420 56.35560 56.46590 54.92860 54.46540 53.80960 52.50990 51.39850 52.03760 52.18500 51.06510 49.99260 48.55950 46.84110 45.04860 44.93280 45.84080 46.21860 46.43920
60.40030 57.02730 61.34390 65.40390 64.01570 64.11730 66.03080 65.74860 64.19760 60.30330 56.17040 52.34010 57.16030 60.56030 64.39440 66.58100 65.35150 64.31680 63.48760 62.22690 60.69330 60.71390 58.26490 57.04320 54.32610 51.54880 47.68670 47.30610 45.77570 45.44530 45.93020 44.47690 43.34730 42.98180 40.54960 41.93030 43.75230 44.65820 47.15250 48.39560 49.62590 50.54880 51.78790 52.24470 53.47070 53.97210 55.11510 54.97600 54.79930 56.25340 56.78880 57.32170 57.45020 58.06110 58.25440 57.22680 56.15700 55.43930 52.66220 51.20810 50.45610 49.98890 50.04630 49.21450 46.99240 45.41830 44.40480 44.87270 46.83580 47.86440 48.23890
61.97770 -9999 56.96590 63.31600 68.14590 72.35070 -9999 72.50110 70.45380 66.65690 63.54000 57.48810 58.25120 58.95280 60.10030 60.34320 58.52800 62.40220 67.31270 67.23980 66.44710 64.32560 62.28330 58.86360 55.55850 51.27840 48.86700 47.30630 46.43200 46.85390 47.66770 46.39430 45.07300 44.13790 41.72120 42.48190 43.77050 45.13820 47.40370 48.47790 49.04320 48.70420 51.58350 52.79360 52.69140 53.14810 54.43580 53.97690 55.61460 56.50200 56.97830 57.76430 58.41850 58.94900 58.79390 58.07880 56.95850 55.66290 53.69760 52.65220 52.05620 50.82950 50.13200 49.08170 47.01340 45.96810 44.58870 44.97720 47.38660 48.88230 49.50320
