data/hydroclimate-scenarios/BCSD_hadcm_B1/monthly_summaries/rh_monthly_avg_may.2070-2099.asc
ncols	311
nrows	91
xllcenter	102.75
yllcenter	31.75
cellsize	0.5
NODATA_value	-9999
[rows 0 to 31 of 91, columns 213 to 283 of 311]
-9999 -9999 -9999 -9999 -9999 -9999 -9999 -9999 -9999 -9999 -9999 -9999 -9999 -9999 -9999 -9999 -9999 -9999 -9999 -9999 -9999 -9999 -9999 -9999 -9999 -9999 -9999 -9999 -9999 -9999 -9999 -9999 -9999 -9999 -9999 -9999 -9999 -9999 -9999 -9999 -9999 -9999 -9999 -9999 -9999 -9999 -9999 -9999 -9999 -9999 -9999 -9999 -9999 -9999 -9999 -9999 -9999 -9999 -9999 -9999 -9999 -9999 -9999 -9999 -9999 -9999 -9999 -9999 -9999 -9999 -9999
-9999 -9999 -9999 -9999 -9999 -9999 -9999 -9999 -9999 -9999 -9999 -9999 -9999 -9999 -9999 -9999 -9999 -9999 -9999 -9999 -9999 -9999 -9999 -9999 -9999 -9999 -9999 -9999 -9999 -9999 -9999 -9999 -9999 -9999 -9999 -9999 -9999 -9999 -9999 -9999 -9999 -9999 -9999 -9999 -9999 -9999 -9999 -9999 -9999 -9999 -9999 -9999 -9999 -9999 -9999 -9999 -9999 -9999 -9999 -9999 -9999 -9999 -9999 -9999 -9999 -9999 -9999 -9999 -9999 -9999 -9999
-9999 -9999 -9999 -9999 -9999 -9999 -9999 -9999 -9999 -9999 -9999 -9999 -9999 -9999 -9999 -9999 -9999 -9999 -9999 -9999 -9999 -9999 -9999 -9999 -9999 -9999 -9999 -9999 -9999 -9999 -9999 -9999 -9999 -9999 -9999 -9999 -9999 -9999 -9999 -9999 -9999 -9999 -9999 -9999 -9999 -9999 -9999 -9999 -9999 -9999 -9999 -9999 -9999 -9999 -9999 -9999 -9999 -9999 -9999 -9999 -9999 -9999 -9999 -9999 -9999 -9999 -9999 -9999 -9999 -9999 -9999
-9999 -9999 -9999 -9999 -9999 -9999 -9999 -9999 -9999 -9999 -9999 -9999 -9999 -9999 -9999 -9999 -9999 -9999 -9999 -9999 -9999 -9999 -9999 -9999 -9999 -9999 -9999 -9999 -9999 -9999 -9999 -9999 -9999 -9999 -9999 -9999 -9999 -9999 -9999 -9999 -9999 -9999 -9999 -9999 -9999 -9999 -9999 -9999 -9999 -9999 -9999 -9999 -9999 -9999 -9999 -9999 -9999 -9999 -9999 -9999 -9999 -9999 -9999 -9999 -9999 -9999 -9999 -9999 -9999 -9999 -9999
-9999 -9999 -9999 -9999 -9999 -9999 -9999 -9999 -9999 -9999 -9999 -9999 -9999 -9999 -9999 -9999 -9999 -9999 -9999 -9999 -9999 -9999 -9999 -9999 -9999 -9999 -9999 -9999 -9999 -9999 -9999 -9999 -9999 -9999 -9999 -9999 -9999 -9999 -9999 -9999 -9999 -9999 -9999 -9999 -9999 -9999 -9999 -9999 -9999 -9999 -9999 -9999 -9999 -9999 -9999 -9999 -9999 -9999 -9999 -9999 -9999 -9999 -9999 -9999 -9999 -9999 -9999 -9999 -9999 -9999 -9999
-9999 -9999 -9999 -9999 -9999 -9999 -9999 -9999 -9999 -9999 -9999 -9999 -9999 -9999 -9999 -9999 -9999 -9999 -9999 -9999 -9999 -9999 -9999 -9999 -9999 -9999 -9999 -9999 -9999 -9999 -9999 -9999 -9999 -9999 -9999 -9999 -9999 -9999 -9999 -9999 -9999 -9999 -9999 -9999 -9999 -9999 -9999 -9999 -9999 -9999 -9999 -9999 -9999 -9999 -9999 -9999 -9999 -9999 -9999 -9999 -9999 -9999 -9999 -9999 -9999 -9999 -9999 -9999 -9999 -9999 -9999
-9999 -9999 -9999 -9999 -9999 -9999 -9999 -9999 -9999 -9999 -9999 -9999 -9999 -9999 -9999 -9999 -9999 -9999 -9999 -9999 -9999 -9999 -9999 -9999 -9999 -9999 -9999 -9999 -9999 -9999 -9999 -9999 -9999 -9999 -9999 -9999 -9999 -9999 -9999 -9999 -9999 -9999 -9999 -9999 -9999 -9999 -9999 -9999 -9999 -9999 -9999 -9999 -9999 -9999 -9999 -9999 -9999 -9999 -9999 -9999 -9999 -9999 -9999 -9999 -9999 -9999 -9999 -9999 -9999 -9999 -9999
-9999 -9999 -9999 -9999 -9999 -9999 -9999 -9999 -9999 -9999 -9999 -9999 -9999 -9999 -9999 -9999 -9999 -9999 -9999 -9999 -9999 -9999 -9999 -9999 -9999 -9999 -9999 -9999 -9999 -9999 -9999 -9999 -9999 -9999 -9999 -9999 -9999 -9999 -9999 -9999 -9999 -9999 -9999 -9999 -9999 -9999 -9999 -9999 -9999 -9999 -9999 -9999 -9999 -9999 -9999 -9999 -9999 -9999 -9999 -9999 -9999 -9999 -9999 -9999 -9999 -9999 -9999 -9999 -9999 -9999 -9999
-9999 -9999 -9999 -9999 -9999 -9999 -9999 -9999 -9999 -9999 -9999 -9999 -9999 -9999 -9999 -9999 -9999 -9999 -9999 -9999 -9999 -9999 -9999 -9999 -9999 -9999 -9999 -9999 -9999 -9999 -9999 -9999 -9999 -9999 -9999 -9999 -9999 -9999 -9999 -9999 -9999 -9999 -9999 -9999 -9999 -9999 -9999 -9999 -9999 -9999 -9999 -9999 -9999 -9999 -9999 -9999 -9999 -9999 -9999 -9999 -9999 -9999 -9999 -9999 -9999 -9999 -9999 -9999 -9999 -9999 -9999
-9999 -9999 -9999 -9999 -9999 -9999 -9999 -9999 -9999 -9999 -9999 -9999 -9999 -9999 -9999 -9999 -9999 -9999 -9999 -9999 -9999 -9999 -9999 -9999 -9999 -9999 -9999 -9999 -9999 -9999 -9999 -9999 -9999 -9999 -9999 -9999 -9999 -9999 -9999 -9999 -9999 -9999 -9999 -9999 -9999 -9999 -9999 -9999 -9999 -9999 -9999 -9999 -9999 -9999 -9999 -9999 -9999 -9999 -9999 -9999 -9999 -9999 -9999 -9999 -9999 -9999 -9999 -9999 -9999 -9999 -9999
-9999 -9999 -9999 -9999 -9999 -9999 -9999 -9999 -9999 -9999 -9999 -9999 -9999 -9999 -9999 -9999 -9999 -9999 -9999 -9999 -9999 -9999 -9999 -9999 -9999 -9999 -9999 -9999 -9999 -9999 -9999 -9999 -9999 -9999 -9999 -9999 -9999 -9999 -9999 -9999 -9999 -9999 -9999 -9999 -9999 -9999 -9999 -9999 -9999 -9999 -9999 -9999 -9999 -9999 -9999 -9999 -9999 -9999 -9999 -9999 -9999 -9999 -9999 -9999 -9999 -9999 -9999 -9999 -9999 -9999 -9999
-9999 -9999 -9999 -9999 -9999 -9999 -9999 -9999 -9999 -9999 -9999 -9999 -9999 -9999 -9999 -9999 -9999 -9999 -9999 -9999 -9999 -9999 -9999 -9999 -9999 -9999 -9999 -9999 -9999 -9999 -9999 -9999 -9999 -9999 -9999 -9999 -9999 -9999 -9999 -9999 -9999 -9999 -9999 -9999 -9999 -9999 -9999 -9999 -9999 -9999 -9999 -9999 -9999 -9999 -9999 -9999 -9999 -9999 -9999 -9999 -9999 -9999 -9999 -9999 -9999 -9999 -9999 -9999 -9999 -9999 -9999
-9999 -9999 -9999 -9999 -9999 -9999 -9999 -9999 -9999 -9999 -9999 -9999 -9999 -9999 -9999 -9999 -9999 -9999 -9999 -9999 -9999 -9999 -9999 -9999 -9999 -9999 -9999 -9999 -9999 -9999 -9999 -9999 -9999 -9999 -9999 -9999 -9999 -9999 -9999 -9999 -9999 -9999 -9999 -9999 -9999 -9999 -9999 -9999 -9999 -9999 -9999 -9999 -9999 -9999 -9999 -9999 -9999 -9999 -9999 -9999 -9999 -9999 -9999 -9999 -9999 -9999 -9999 -9999 -9999 -9999 -9999
38.42660 38.28550 38.10960 37.89990 33.68850 33.78730 -9999 -9999 -9999 -9999 -9999 -9999 -9999 -9999 -9999 -9999 -9999 -9999 -9999 -9999 -9999 -9999 -9999 -9999 -9999 -9999 -9999 -9999 -9999 -9999 -9999 -9999 -9999 -9999 -9999 -9999 -9999 -9999 -9999 -9999 -9999 -9999 -9999 -9999 -9999 -9999 -9999 37.87120 -9999 -9999 -9999 -9999 -9999 -9999 -9999 -9999 -9999 -9999 -9999 -9999 -9999 -9999 -9999 -9999 -9999 -9999 -9999 -9999 -9999 -9999 -9999
40.11860 39.22100 38.13900 37.94750 38.97410 39.01130 34.17710 34.57140 35.04560 36.80750 30.98620 32.25890 32.62650 43.45540 41.79920 41.54630 41.15300 39.08250 55.99160 -9999 -9999 -9999 -9999 -9999 -9999 -9999 -9999 -9999 -9999 -9999 -9999 -9999 -9999 -9999 -9999 -9999 -9999 -9999 -9999 -9999 -9999 -9999 32.15590 31.52320 33.85430 35.83430 41.33400 42.38620 42.22410 -9999 -9999 -9999 43.97470 -9999 -9999 -9999 44.03380 46.99870 47.76360 -9999 -9999 -9999 -9999 -9999 -9999 -9999 -9999 -9999 -9999 -9999 -9999
40.06560 38.41430 38.26690 38.51550 39.59600 39.93890 29.98280 32.58740 33.60750 34.59820 35.45270 38.03460 38.63790 39.59550 29.44890 36.86830 35.04750 34.38100 31.37000 31.10660 31.69720 34.05830 41.87230 45.67280 37.12390 -9999 -9999 -9999 -9999 -9999 35.99180 35.71050 36.66670 38.81040 39.29400 38.62320 37.52500 37.74640 37.28940 34.67130 34.39850 34.98610 34.87560 36.34580 38.21590 37.88000 45.17270 48.13870 44.64900 46.20790 47.34340 46.42200 46.89140 48.55390 47.45460 45.99800 50.01990 53.70270 54.95430 53.65800 52.72260 49.04620 49.77260 46.03780 -9999 -9999 -9999 -9999 -9999 -9999 -9999
40.56650 40.98610 40.71450 42.85510 41.69870 35.76340 34.75860 37.41880 38.70920 38.89490 28.38550 40.45780 38.93490 40.03860 37.28140 34.08180 31.58890 31.31520 30.15520 29.86150 31.93420 32.06080 47.51980 42.97590 39.12680 39.98760 40.41250 42.40030 42.54480 40.68410 37.97550 37.07750 38.04770 40.93380 42.22160 40.19400 38.60620 39.35060 39.51100 39.12350 39.28930 39.39430 40.06650 40.99740 42.16440 41.37920 44.89220 45.62750 44.32180 44.60610 46.70590 46.42440 48.15440 48.66740 49.71800 51.59720 51.99040 51.80680 51.73120 52.26130 51.86510 52.80120 52.71780 54.66310 50.88080 48.75210 45.90930 45.53050 44.75960 45.22400 47.42410
49.47010 51.79490 51.03990 46.13080 43.84910 38.76860 36.69030 36.10210 37.34820 36.36080 35.20640 35.08040 36.84780 32.96130 28.89980 27.81700 28.05080 28.06040 36.53750 36.79250 38.01910 41.47040 48.18050 50.45640 41.07970 42.85980 43.90570 47.38570 47.79480 47.62320 45.59820 39.42000 39.26500 41.25670 41.62720 43.66570 43.80890 44.18730 43.28870 42.17270 41.87590 42.99360 41.81540 40.74480 41.51160 41.24810 44.49480 44.94280 44.69040 45.09330 46.12110 47.44650 48.35520 49.83330 49.73730 51.56740 51.64690 50.76170 51.42170 51.53080 52.96860 54.10460 53.87460 53.28920 49.77040 47.87010 46.88090 48.82580 50.08610 51.41600 52.25740
43.02400 43.16960 43.25010 44.56800 37.76770 35.21740 32.86070 30.34100 29.18530 27.60080 28.50810 29.23590 27.10740 25.16150 26.14620 26.00420 30.48970 30.84500 35.45930 32.00230 48.40550 45.20960 46.41980 45.39320 39.74140 39.82450 43.16300 45.63040 46.58860 48.96760 48.99140 43.77870 43.18890 43.43780 44.02260 45.06430 45.36900 44.80150 43.27960 42.68620 42.30170 42.53640 41.19230 42.53790 42.81410 43.02750 45.53610 46.57160 47.35770 46.82500 47.16760 47.81290 47.78850 48.06320 48.37710 48.53470 48.71020 49.91670 50.65140 50.64050 50.35510 50.81290 52.06140 50.65420 49.87850 50.55290 49.73100 50.18930 49.00330 50.27940 52.35250
42.73100 44.20090 45.86760 41.71810 39.43630 38.40790 35.88650 30.73160 33.67190 32.15900 30.22380 27.30570 28.46210 27.75180 28.79530 29.41680 29.89730 30.55010 46.97370 47.14160 42.16570 46.76200 45.72500 47.75690 39.59660 40.68330 41.79620 42.58430 45.81900 49.23320 49.59640 48.33730 46.43760 45.10010 44.47040 43.04600 42.74770 41.39260 42.60950 42.93670 41.84350 41.36710 44.21550 45.50280 44.40640 44.57390 45.20990 46.41790 46.95570 46.39400 47.13530 48.68460 47.78310 48.04510 47.71930 47.39630 47.98140 49.57400 49.83400 49.02870 48.25230 48.01470 48.84390 49.27180 50.05540 50.10540 50.38830 51.21660 52.79390 52.81570 54.75190
42.20830 47.07490 47.72770 43.00280 38.73750 35.98620 34.97720 34.50660 30.94760 30.49200 30.70480 30.63040 31.05910 30.63100 30.09460 31.06220 32.08430 33.25190 40.44750 40.49820 34.05950 37.67960 44.42830 42.35720 38.83520 39.90500 40.78280 42.75930 44.62600 47.73590 47.88770 47.32650 46.73860 45.09910 43.69030 42.56740 41.97200 41.82230 42.19290 41.47970 42.91540 41.79140 42.27740 42.29950 41.52070 41.44500 43.63010 45.10790 46.54100 47.68420 48.53650 47.78480 48.05640 47.72880 47.25690 47.17150 47.77620 46.58590 45.97280 44.77700 43.70300 43.02180 45.11170 46.81920 47.70820 48.60970 49.31010 51.96330 52.18430 53.37360 53.68550
43.78830 42.66030 38.29640 32.33650 30.51450 30.67260 30.50150 31.53260 30.86580 31.02330 31.56040 31.48720 31.54980 31.81620 32.24340 32.06480 33.32930 33.06640 41.15890 41.19370 32.05060 27.39350 27.81280 36.42280 37.00820 40.23690 42.75940 44.41210 43.56460 45.93670 47.75680 47.97480 47.49090 45.36600 44.62800 43.77900 42.78920 41.87240 41.82300 41.73540 42.04090 41.44180 40.65560 40.50540 39.03870 40.33050 43.32310 44.84420 45.98110 46.56500 47.76050 46.95370 45.30610 45.12840 44.64600 43.56670 43.10780 44.14160 45.40090 44.46200 42.58020 42.67940 44.40210 44.50450 44.38750 43.33820 45.28070 48.14660 49.20180 50.74700 52.21850
42.31250 37.56260 35.58170 34.67130 35.56090 39.21590 44.58390 45.94470 40.75360 38.36000 26.47540 32.26260 35.87420 32.20670 36.95360 37.85290 38.58880 36.77150 41.35550 44.26060 31.24550 28.50270 28.78370 36.20820 33.41380 38.62810 39.61230 40.94570 42.10840 43.23600 44.31520 44.10860 45.00310 45.99370 45.41210 44.90860 46.85790 46.58970 46.61460 45.62710 45.57700 43.79480 42.29950 40.96980 41.62610 43.68430 44.98580 48.53940 49.61790 49.23740 49.97730 49.57420 47.19070 46.76150 43.96560 44.83230 44.15940 44.20150 43.02570 42.22450 41.98450 41.56070 42.56300 43.28790 41.30090 42.13720 45.48110 45.94770 48.56820 49.24180 49.93340
39.38430 40.55140 41.94860 37.45820 34.15730 38.42880 43.00450 41.85930 38.91050 34.29740 29.65110 29.98760 25.87710 25.01970 26.29990 25.37970 37.97650 37.49170 43.18640 45.78530 40.80090 27.30180 33.18500 38.07830 34.00490 34.17590 38.04450 39.51090 39.97510 42.27800 44.56280 44.38500 45.74180 44.95090 48.38460 47.70030 49.32620 50.49170 51.12230 49.64630 51.52770 51.95050 52.06200 51.72620 52.03110 52.00500 49.51580 48.52560 50.74820 49.75070 48.45700 45.79180 46.07420 45.82660 42.58810 43.74300 43.53580 41.79130 41.73390 44.02090 44.35000 40.85990 42.20740 43.58390 42.37160 42.12530 43.70900 44.02680 44.89490 45.78700 46.30840
35.86720 34.75030 34.30710 32.82740 32.41630 33.23070 32.22570 33.25580 39.00290 41.26460 42.25970 28.80670 27.09010 27.33530 27.86500 26.76690 25.89680 24.51120 28.45510 46.34310 43.72410 32.79650 27.86580 27.36690 30.41300 30.57110 26.98530 30.32120 35.59430 36.40280 37.31060 40.31400 40.29080 44.36140 42.82800 45.60700 47.18340 47.85420 50.42690 52.07700 55.42880 55.99330 56.66130 57.23490 58.30190 59.50740 59.02620 56.43340 52.32300 48.16380 46.69490 43.83420 42.95970 45.88150 43.78230 42.88280 43.16840 42.64540 40.50590 40.71910 42.75970 44.70250 46.90410 45.62440 42.10330 39.71700 40.48430 40.79980 41.44630 41.78570 43.00300
34.08270 33.11460 33.12840 32.37680 33.04150 33.38380 35.48530 35.20270 36.31190 36.16220 36.97110 38.88380 41.95820 43.65360 36.84540 33.39180 31.01230 23.10930 35.61730 40.14860 38.38540 42.93790 33.39480 37.59140 30.53850 28.85400 28.72210 29.03810 32.02100 36.12430 37.12240 39.24530 38.14080 40.11370 39.60730 42.89940 44.87650 47.33300 50.05550 52.33980 53.97560 56.00870 56.22060 58.00590 58.42270 59.30980 59.57090 58.57620 57.34150 54.46490 52.32030 49.18670 45.19610 48.97040 49.61710 45.49430 44.13760 44.71110 42.42700 42.21220 43.06860 45.03490 45.84550 44.39180 43.49580 43.37100 41.99100 39.36810 40.51440 40.04940 41.12150
43.87360 44.05450 41.53430 39.50590 37.48490 43.57710 52.50040 57.12070 57.44030 55.06070 52.24130 55.08260 47.35720 38.22790 34.42750 35.05600 32.43240 30.96840 46.49160 45.32790 39.63480 40.78020 38.81300 40.58560 37.07740 37.44600 36.91130 37.50630 38.96510 40.48310 39.68750 36.90180 37.48130 38.10630 38.54560 40.11970 43.07210 46.10800 48.02200 51.08140 52.78690 54.33710 55.89550 58.34330 59.54520 59.73830 59.40000 60.54610 58.97010 56.63430 55.03300 52.99620 47.81810 45.70050 45.34720 47.53260 46.40920 45.83210 45.87370 45.36640 43.64530 44.84260 44.52900 45.32890 44.51340 42.69970 41.95310 40.54500 38.55380 37.11890 39.22900
64.55040 63.42350 51.64630 46.65150 43.93880 43.76610 47.43980 53.40110 57.84380 59.51680 57.44960 62.04930 60.48690 56.41510 51.06750 39.87040 32.05380 31.75670 46.89720 48.55150 43.14110 48.13100 44.11330 43.79120 35.04520 34.82260 35.70650 38.70630 37.43360 37.13390 36.65550 32.77960 32.53410 33.64670 33.75310 38.32990 40.97550 44.90320 47.08480 50.01620 52.00470 54.58900 57.42160 58.08520 59.92510 60.64040 61.43060 61.47350 59.49930 57.74460 57.63710 56.18700 51.91630 49.13960 45.07550 47.21350 48.40160 47.24590 46.32170 46.91310 45.24500 44.97140 43.95670 42.92700 43.12690 42.24750 41.91450 41.25540 37.63570 36.07120 36.64120
66.05460 60.90640 56.86990 51.90880 45.31510 43.93730 48.61900 43.27380 43.39450 43.63610 44.65020 45.63080 43.45670 47.05270 47.47920 47.81770 43.92050 34.66390 43.31510 46.93830 48.30550 53.06160 49.70340 45.22050 31.13390 25.98720 33.48460 34.07630 32.05340 33.18930 32.62050 28.81290 28.39110 26.69060 29.44680 34.31980 41.01470 44.60410 46.93270 49.89950 52.58290 55.19690 57.81950 59.31350 61.20170 61.91410 62.84370 63.03290 61.36230 62.07270 59.77160 58.28460 54.73770 50.84670 47.87350 43.62850 46.91870 47.31220 44.92420 44.14600 44.05360 43.50130 42.69520 41.80210 41.84810 41.88370 43.62990 42.13930 40.86960 38.11880 36.81310
58.36390 53.95520 58.78140 59.27170 59.19840 55.62360 45.95480 42.62930 38.54040 36.61850 34.86230 37.10640 51.20280 57.33650 57.46260 55.94810 53.98440 48.13100 51.24570 53.56870 53.22080 56.48150 54.65770 48.03070 38.40250 33.12910 30.23540 26.86980 29.73490 32.03450 28.79590 23.20920 25.35790 24.43650 26.42270 33.80350 39.84040 44.55780 47.16670 49.27970 52.89000 55.20980 58.11050 61.41460 62.04830 63.32760 62.39610 62.50510 62.96350 62.40800 60.32570 59.17570 56.79610 53.97910 50.19620 44.16570 46.60570 48.03300 45.67990 47.57160 48.88980 51.46460 51.00400 49.84010 48.07350 44.50230 42.38360 42.02550 41.98680 41.21890 40.12320
52.71070 46.70850 51.31580 59.02250 57.20230 50.95750 58.92230 61.43040 60.71800 53.08810 48.14240 39.40350 46.67460 54.56140 62.14020 65.13600 64.02940 61.91160 59.22990 59.86370 59.07260 59.93190 56.71200 50.46890 43.75410 39.22040 34.25550 35.87870 33.42260 32.20890 27.70560 23.90740 22.02260 22.28260 27.65740 34.32630 39.76000 42.93600 45.41450 48.31980 50.66020 53.86830 54.54140 58.34060 60.18520 60.95510 61.20640 59.76240 58.36760 56.84850 56.18410 56.19190 56.79770 53.88030 50.86330 48.89470 47.34540 48.49950 45.47480 45.89180 45.52430 46.09510 46.07890 45.22030 42.93880 41.92040 40.76810 40.96350 40.54820 42.04350 43.38190
54.84680 -9999 47.86810 59.02100 66.89450 71.25490 -9999 71.10430 68.88300 66.28420 64.53890 62.16470 62.98260 61.01050 61.54390 60.64470 55.13170 61.07450 66.55970 67.56490 67.61510 67.03200 62.76680 58.73920 53.66570 49.43160 45.30920 41.02510 43.17570 43.05430 39.78800 34.45630 26.41910 28.32660 31.01110 34.49290 40.32110 43.92800 48.15670 50.51590 52.55430 54.29450 54.55070 54.69350 58.87770 58.35540 59.16430 57.86440 56.41710 55.77210 55.28620 54.90740 55.71170 53.97630 50.44800 48.33960 46.01910 46.33470 47.00730 47.13850 46.72060 45.01400 44.46800 43.47150 42.07660 41.49880 40.74120 41.11080 41.09120 42.35450 43.18320
