data/hydroclimate-scenarios/BCSD_hadcm_B1/monthly_summaries/runoff_monthly_tot_may.2070-2099.asc
ncols	311
nrows	91
xllcenter	102.75
yllcenter	31.75
cellsize	0.5
NODATA_value	-9999
[rows 0 to 31 of 91, columns 0 to 71 of 311]
-9999 -9999 -9999 -9999 -9999 -9999 -9999 -9999 -9999 -9999 -9999 -9999 -9999 -9999 -9999 -9999 -9999 -9999 -9999 -9999 -9999 -9999 -9999 -9999 -9999 -9999 -9999 -9999 -9999 -9999 -9999 -9999 -9999 -9999 -9999 -9999 -9999 -9999 -9999 -9999 -9999 -9999 -9999 -9999 -9999 -9999 -9999 -9999 -9999 -9999 -9999 -9999 -9999 -9999 -9999 -9999 -9999 -9999 -9999 -9999 -9999 -9999 -9999 -9999 -9999 -9999 -9999 -9999 -9999 -9999 -9999 -9999
-9999 -9999 -9999 -9999 -9999 -9999 -9999 -9999 -9999 -9999 -9999 -9999 -9999 -9999 -9999 -9999 -9999 -9999 -9999 -9999 -9999 -9999 -9999 -9999 -9999 -9999 -9999 -9999 -9999 -9999 -9999 -9999 -9999 -9999 -9999 -9999 -9999 -9999 -9999 -9999 -9999 -9999 -9999 -9999 -9999 -9999 -9999 -9999 -9999 -9999 -9999 -9999 -9999 -9999 -9999 -9999 -9999 -9999 -9999 -9999 -9999 -9999 -9999 -9999 -9999 -9999 -9999 -9999 -9999 -9999 -9999 -9999
-9999 -9999 -9999 -9999 -9999 -9999 -9999 -9999 -9999 -9999 -9999 -9999 -9999 -9999 -9999 -9999 -9999 -9999 -9999 -9999 -9999 -9999 -9999 -9999 -9999 -9999 -9999 -9999 -9999 -9999 -9999 -9999 -9999 -9999 -9999 -9999 -9999 -9999 -9999 -9999 -9999 -9999 -9999 -9999 -9999 -9999 -9999 -9999 -9999 -9999 -9999 -9999 -9999 -9999 -9999 -9999 -9999 -9999 -9999 -9999 -9999 -9999 -9999 -9999 -9999 -9999 -9999 -9999 -9999 -9999 -9999 -9999
-9999 -9999 -9999 -9999 -9999 -9999 -9999 -9999 -9999 -9999 -9999 -9999 -9999 -9999 -9999 -9999 -9999 -9999 -9999 -9999 -9999 -9999 -9999 -9999 -9999 -9999 -9999 -9999 -9999 -9999 -9999 -9999 -9999 -9999 -9999 -9999 -9999 -9999 -9999 -9999 -9999 -9999 -9999 -9999 -9999 -9999 -9999 -9999 -9999 -9999 -9999 -9999 -9999 -9999 -9999 -9999 -9999 -9999 -9999 -9999 -9999 -9999 -9999 -9999 -9999 -9999 -9999 -9999 -9999 -9999 -9999 -9999
-9999 -9999 -9999 -9999 -9999 -9999 -9999 -9999 -9999 -9999 -9999 -9999 -9999 -9999 -9999 -9999 -9999 -9999 -9999 -9999 -9999 -9999 -9999 -9999 -9999 -9999 -9999 -9999 -9999 -9999 -9999 -9999 -9999 -9999 -9999 -9999 -9999 -9999 -9999 -9999 -9999 -9999 -9999 -9999 -9999 -9999 -9999 -9999 -9999 -9999 -9999 -9999 -9999 -9999 -9999 -9999 -9999 -9999 -9999 -9999 -9999 -9999 -9999 -9999 -9999 -9999 -9999 -9999 -9999 -9999 -9999 -9999
-9999 -9999 -9999 -9999 -9999 -9999 -9999 -9999 -9999 -9999 -9999 -9999 -9999 -9999 -9999 -9999 -9999 -9999 -9999 -9999 -9999 -9999 -9999 -9999 -9999 -9999 -9999 -9999 -9999 -9999 -9999 -9999 -9999 -9999 -9999 -9999 -9999 -9999 -9999 -9999 -9999 -9999 -9999 -9999 -9999 -9999 -9999 -9999 -9999 -9999 -9999 -9999 -9999 -9999 -9999 -9999 -9999 -9999 -9999 -9999 -9999 -9999 -9999 -9999 -9999 -9999 -9999 -9999 -9999 -9999 -9999 -9999
-9999 -9999 -9999 -9999 -9999 -9999 -9999 -9999 -9999 -9999 -9999 -9999 -9999 -9999 -9999 -9999 -9999 -9999 -9999 -9999 -9999 -9999 -9999 -9999 -9999 -9999 -9999 -9999 -9999 -9999 -9999 -9999 -9999 -9999 -9999 -9999 -9999 -9999 -9999 -9999 -9999 -9999 -9999 -9999 -9999 -9999 -9999 -9999 -9999 -9999 -9999 -9999 -9999 -9999 -9999 -9999 -9999 -9999 -9999 -9999 -9999 -9999 -9999 -9999 -9999 -9999 -9999 -9999 -9999 -9999 -9999 -9999
-9999 -9999 -9999 -9999 -9999 -9999 -9999 -9999 -9999 -9999 -9999 -9999 -9999 -9999 -9999 -9999 -9999 -9999 -9999 -9999 -9999 -9999 -9999 -9999 -9999 -9999 -9999 -9999 -9999 -9999 -9999 -9999 -9999 -9999 -9999 -9999 -9999 -9999 -9999 -9999 -9999 -9999 30.44500 30.14900 31.82270 31.16110 31.05350 34.25840 32.77170 34.00440 31.59220 27.64270 -9999 -9999 -9999 -9999 -9999 -9999 -9999 -9999 -9999 -9999 -9999 -9999 -9999 -9999 -9999 -9999 -9999 -9999 -9999 -9999
-9999 -9999 -9999 -9999 -9999 -9999 -9999 -9999 -9999 -9999 -9999 -9999 -9999 -9999 -9999 -9999 -9999 -9999 -9999 -9999 -9999 -9999 -9999 -9999 -9999 -9999 -9999 -9999 -9999 -9999 -9999 -9999 -9999 -9999 -9999 -9999 -9999 -9999 34.01090 33.77560 34.87900 35.57170 34.76010 34.76610 36.24290 35.21080 35.36920 38.03850 39.96710 39.74750 42.49040 40.63670 37.22960 18.51180 -9999 -9999 -9999 -9999 -9999 -9999 -9999 -9999 -9999 -9999 -9999 -9999 -9999 -9999 -9999 -9999 -9999 -9999
-9999 -9999 -9999 -9999 -9999 -9999 -9999 -9999 -9999 -9999 -9999 -9999 -9999 -9999 -9999 -9999 -9999 -9999 -9999 -9999 -9999 -9999 -9999 -9999 -9999 -9999 -9999 -9999 -9999 -9999 -9999 -9999 -9999 -9999 -9999 -9999 -9999 -9999 -9999 -9999 35.73870 37.25570 35.91880 36.13550 38.71880 38.92490 39.95370 45.14350 41.86400 40.75350 39.39980 33.46830 34.15960 15.99610 -9999 -9999 -9999 -9999 -9999 -9999 -9999 -9999 -9999 -9999 -9999 -9999 -9999 -9999 -9999 -9999 -9999 -9999
-9999 -9999 -9999 -9999 -9999 -9999 -9999 -9999 -9999 -9999 -9999 -9999 -9999 -9999 -9999 -9999 -9999 -9999 -9999 -9999 -9999 -9999 -9999 -9999 -9999 -9999 -9999 -9999 -9999 -9999 -9999 -9999 -9999 -9999 -9999 -9999 -9999 -9999 -9999 -9999 -9999 -9999 -9999 -9999 45.41330 43.60940 41.26850 39.20860 40.30540 45.12290 44.39800 41.05790 39.77690 21.18620 -9999 -9999 -9999 -9999 -9999 -9999 16.72250 -9999 -9999 -9999 -9999 -9999 -9999 -9999 -9999 -9999 -9999 -9999
-9999 -9999 -9999 -9999 -9999 -9999 -9999 -9999 -9999 -9999 -9999 -9999 -9999 -9999 -9999 -9999 -9999 -9999 -9999 -9999 -9999 -9999 -9999 -9999 -9999 -9999 -9999 -9999 -9999 -9999 -9999 -9999 -9999 -9999 -9999 -9999 -9999 -9999 -9999 -9999 -9999 42.86970 43.75640 45.11460 46.85230 48.16020 47.70620 42.30730 45.59130 48.35740 44.61420 44.80190 40.65470 36.86240 -9999 -9999 -9999 -9999 -9999 18.45080 17.82400 17.75720 16.80950 13.79360 13.87570 13.22130 13.38870 13.31130 11.73260 11.35750 11.20540 10.90830
-9999 -9999 -9999 -9999 -9999 -9999 -9999 -9999 -9999 -9999 -9999 -9999 -9999 -9999 -9999 -9999 -9999 -9999 -9999 -9999 -9999 -9999 -9999 -9999 -9999 -9999 -9999 -9999 -9999 -9999 -9999 -9999 -9999 -9999 -9999 -9999 -9999 -9999 -9999 -9999 -9999 46.87040 47.41880 40.45870 45.04800 44.47760 49.56380 42.43020 40.19620 42.55670 40.01650 37.25610 30.43090 32.91330 32.86050 26.74800 25.76020 -9999 20.35420 23.36470 21.24900 19.64900 18.65110 17.30310 17.62500 14.99040 13.96750 13.94230 12.92800 11.72170 11.26070 13.49190
-9999 -9999 -9999 -9999 -9999 -9999 -9999 -9999 -9999 -9999 -9999 -9999 -9999 -9999 -9999 -9999 -9999 -9999 -9999 -9999 -9999 -9999 -9999 -9999 -9999 -9999 -9999 -9999 -9999 -9999 -9999 -9999 -9999 -9999 -9999 43.36740 37.03780 36.06650 37.51890 45.11910 45.93600 48.22640 50.18860 48.52440 53.24230 53.87680 51.01360 46.31260 49.05720 50.84420 41.94090 42.20020 34.13710 35.88310 29.87410 23.95650 28.53740 24.68220 21.44900 22.04890 19.99430 18.63100 17.68920 17.96750 17.20850 14.52190 14.30770 14.09610 13.38480 9.92791 10.07700 10.64420
-9999 -9999 -9999 -9999 -9999 -9999 -9999 -9999 -9999 -9999 -9999 -9999 -9999 -9999 -9999 -9999 -9999 -9999 -9999 -9999 -9999 -9999 -9999 -9999 -9999 -9999 -9999 -9999 -9999 -9999 -9999 -9999 -9999 -9999 46.07930 40.58900 43.36960 47.94230 46.35920 44.45210 46.81150 49.81780 52.19660 55.37690 49.10410 54.91650 54.96510 58.08650 63.83030 49.72390 38.12430 35.63440 28.77310 24.89920 25.58230 34.19700 29.89080 26.13570 22.64970 19.71530 17.83210 17.40560 18.01390 17.35760 15.36360 14.75830 14.28830 14.51870 15.85100 14.42670 15.79020 17.23800
-9999 -9999 -9999 -9999 -9999 -9999 -9999 -9999 -9999 -9999 -9999 -9999 -9999 -9999 -9999 -9999 -9999 -9999 -9999 -9999 -9999 -9999 -9999 -9999 -9999 -9999 -9999 -9999 -9999 -9999 -9999 -9999 -9999 48.57810 49.92670 44.06720 45.98830 47.73440 46.92300 45.32940 45.36150 47.33970 53.73450 49.51780 53.18020 55.55410 59.01690 58.45900 50.72770 39.73650 31.65020 24.52130 26.51940 23.12240 24.63640 30.50700 27.86260 24.81790 20.35140 18.62110 18.04910 15.01180 14.28030 12.59530 13.04350 13.30500 14.04460 13.96820 14.94410 14.10630 14.17210 14.88170
-9999 -9999 -9999 -9999 -9999 -9999 -9999 -9999 -9999 -9999 -9999 -9999 -9999 -9999 -9999 -9999 -9999 -9999 -9999 -9999 -9999 -9999 -9999 -9999 -9999 -9999 -9999 -9999 -9999 -9999 -9999 45.30550 38.90070 38.32170 38.18690 39.14250 39.44940 39.52380 41.54930 43.97310 42.31480 47.56190 47.05370 48.92410 51.52880 53.91340 60.85820 58.68240 49.46710 38.59650 31.49610 25.32730 24.97670 21.07330 28.11480 29.50740 27.05640 22.75640 22.11030 18.62720 16.47650 13.03390 12.78890 12.28970 12.37880 13.24550 13.81870 12.52670 12.97810 15.15250 16.63300 16.61860
-9999 -9999 -9999 -9999 -9999 -9999 -9999 -9999 -9999 -9999 -9999 -9999 -9999 -9999 -9999 -9999 -9999 -9999 -9999 -9999 -9999 -9999 -9999 -9999 -9999 -9999 -9999 -9999 -9999 32.58740 35.73710 35.73830 34.34790 35.78500 36.82300 36.90780 40.29880 45.62320 42.89900 42.72680 50.11670 55.53030 48.12230 49.63030 49.66010 48.92380 49.05370 53.09300 40.83870 34.32990 28.20270 19.73780 25.58300 23.48190 25.80590 30.46580 27.31770 22.84160 19.17820 15.10610 13.98470 11.44920 10.73930 11.75950 11.14780 11.70460 12.91300 14.04460 14.58300 15.16870 14.30760 16.44400
-9999 -9999 -9999 -9999 -9999 -9999 -9999 -9999 -9999 -9999 -9999 -9999 -9999 -9999 -9999 -9999 -9999 -9999 -9999 -9999 -9999 -9999 -9999 -9999 34.21140 35.19280 33.39770 31.99510 32.38860 33.49260 33.80810 33.75250 33.67780 33.96030 35.55240 37.82300 42.36090 39.28800 38.33610 41.46270 43.17810 55.03510 50.21360 45.88190 45.40350 46.46570 46.01820 45.33730 42.88360 36.90580 35.99370 24.40430 22.44920 31.15950 30.94530 30.32030 24.66230 20.58190 18.37210 14.34890 11.99990 10.34120 9.55115 11.03320 10.76550 12.37840 12.44730 11.88380 13.74820 12.59100 15.78590 17.34330
-9999 -9999 -9999 -9999 -9999 -9999 38.92750 36.44240 34.35300 35.44650 39.12230 -9999 -9999 -9999 -9999 -9999 -9999 -9999 -9999 -9999 -9999 32.56010 29.37660 31.81080 33.06220 33.30620 32.25300 32.48360 32.07650 32.79920 32.77160 33.20720 33.56800 34.10340 35.25870 37.27200 38.25600 37.80140 43.15290 42.90250 43.30900 43.70350 51.77130 43.30890 43.90440 44.37440 44.17500 46.93670 46.06810 37.81150 32.80130 26.39910 24.41370 33.85020 31.30210 27.09280 24.07400 19.44220 15.13390 12.19650 11.16900 9.50153 9.90638 12.26560 13.27320 11.38940 10.26460 12.47650 13.74210 11.98390 12.75700 17.36690
-9999 -9999 -9999 -9999 -9999 32.60140 30.93760 24.51250 29.50040 26.06060 28.43470 34.48070 36.41740 34.86030 -9999 -9999 -9999 36.75510 35.75950 32.72250 32.49400 29.29380 28.17650 29.35470 31.48500 29.40730 31.76990 32.73590 33.97120 33.78650 33.90000 33.66460 34.53900 34.82460 35.10220 37.52060 38.35750 40.37150 42.31190 44.52290 45.07470 44.27660 48.73520 46.48820 43.16460 42.44400 43.95300 47.42760 45.47110 35.73920 32.30140 29.68780 32.04740 32.79140 30.34550 26.90860 25.04760 19.20240 15.55320 12.25650 10.32810 12.52780 11.58880 11.49490 13.29560 14.67090 14.97780 16.14110 15.19350 16.96900 16.70670 17.59150
-9999 29.43670 22.34160 25.81670 25.53120 31.38060 33.91990 31.06770 30.61170 30.32050 29.14480 39.90070 39.23020 40.11780 39.97520 40.23840 40.62970 38.94370 37.22430 39.72840 36.78420 30.15280 29.87610 30.29730 29.59350 29.79190 29.93950 31.12530 31.64800 32.40240 31.31280 30.61940 30.14660 31.60100 33.63540 36.29140 37.87720 37.90480 38.74600 41.78220 41.97110 41.96250 46.06520 46.03570 41.17010 39.83690 40.54630 44.55330 42.84910 38.04770 35.52060 35.10740 33.09650 28.87090 30.49580 28.81190 25.53340 17.33430 16.50140 13.47040 10.82050 12.78820 14.56990 14.08430 15.18800 14.85850 14.50760 16.70580 16.22900 18.78300 21.57820 20.20230
-9999 35.40380 33.85780 33.62740 32.54190 34.40400 38.98800 38.60600 38.46450 38.57730 37.70060 41.36530 42.76310 41.92210 41.07510 41.41380 36.16010 38.03890 37.76540 36.14420 34.56100 35.13200 39.31560 31.24520 29.98690 31.45500 31.48130 31.39190 31.14820 31.13450 30.81910 30.09410 30.24170 31.99700 33.11490 33.54880 35.33680 34.86280 36.35250 36.81980 37.95320 38.63900 40.67530 44.34520 41.42960 37.81080 38.06030 37.09270 38.47280 40.11750 39.03580 35.19780 31.50350 29.62210 27.57100 26.92320 23.44210 21.47910 17.79010 16.26760 16.68130 14.67800 15.66940 13.71580 16.24720 17.03850 18.47270 16.34070 17.30110 18.79260 20.11640 22.67380
-9999 -9999 -9999 33.55990 29.06250 32.06020 34.35220 34.99210 35.94710 34.31520 36.96050 39.59560 40.57070 42.13980 42.84620 40.54250 38.12930 39.14040 40.49290 39.85020 40.50310 41.78290 37.96420 32.59390 31.54730 31.63760 30.35850 29.82700 29.11300 29.86260 29.93050 30.05970 29.89180 31.10760 32.79520 37.24370 31.57430 33.91350 35.46360 37.76510 35.10230 38.52110 47.24710 46.22330 42.69210 40.35690 39.91380 34.43590 33.99560 38.13380 39.04540 36.45780 31.86550 31.96010 29.82660 26.72920 23.20810 19.89720 20.95320 17.84650 17.02750 17.87660 18.04650 18.04590 15.91470 17.74520 17.47000 18.36250 20.47740 21.32740 21.82520 24.63320
-9999 -9999 -9999 -9999 -9999 -9999 38.52160 39.79150 39.42850 38.39220 41.05800 42.87610 43.91880 44.31930 45.73050 42.45370 42.76020 44.99330 45.59500 45.07170 39.92120 35.98000 34.44420 34.04620 33.21770 33.71150 31.53030 32.01350 34.89550 30.01080 29.19130 27.87710 33.04630 35.79500 32.95940 37.45900 38.47800 36.92210 41.99510 41.54850 41.40200 39.58290 40.51640 42.21370 44.26970 45.13960 42.28540 40.15050 39.42400 39.74220 39.65970 34.06200 31.72230 31.92340 30.11600 27.03170 26.34160 26.94500 26.13500 22.73410 20.75650 21.64460 19.36710 17.70150 19.94170 19.77140 17.24980 20.05450 21.58560 24.34950 24.97570 25.72280
-9999 -9999 -9999 -9999 -9999 -9999 47.75860 48.71120 49.83350 46.29640 46.53200 46.79800 47.03460 45.83750 46.58240 47.47820 45.82850 43.21900 41.51260 39.53450 39.40620 38.68390 37.95640 37.14910 35.67110 34.33070 31.10080 31.36170 38.40590 39.47170 37.16410 35.76070 34.86300 36.40080 37.03510 37.43000 36.08050 35.07160 35.98640 33.87810 37.86050 38.98690 42.36210 40.90370 40.15730 41.22820 43.20550 44.14730 44.19310 43.02290 40.66850 33.35580 30.81920 29.91340 26.83520 21.68810 21.57710 23.76870 21.26730 23.40270 24.67420 25.13850 25.79590 22.20650 21.86410 19.14300 20.26550 20.82260 21.47750 25.46440 27.19260 29.78560
-9999 -9999 -9999 -9999 -9999 -9999 -9999 -9999 -9999 -9999 46.13730 48.60490 48.18390 46.54890 48.38540 43.58870 41.93720 42.35170 42.52050 42.60910 42.68780 41.24330 39.53990 40.34650 38.66240 38.74450 37.08360 32.79510 29.81580 32.78600 31.77130 32.78190 33.74230 35.85000 38.56520 36.59250 37.95090 34.78220 33.41360 35.33940 34.04130 32.46270 30.28880 34.30320 33.89840 35.86150 36.54970 36.96980 43.08770 41.61630 39.30880 32.64340 28.06420 20.94000 18.58220 18.15740 17.69130 16.04240 20.52350 17.51250 17.87520 18.12250 18.77220 17.96740 19.00130 16.87870 17.61310 18.90860 23.54290 24.66570 28.46850 32.23830
-9999 -9999 -9999 -9999 -9999 -9999 -9999 -9999 -9999 -9999 41.85440 46.69080 47.63530 45.90380 48.38740 45.58250 44.79900 46.51740 47.62080 47.51870 46.58060 44.98060 42.92750 43.75150 41.03920 38.57930 35.24980 32.05830 30.29650 30.41100 31.22270 31.53920 34.05360 35.48440 33.91510 35.95910 31.31370 25.12900 25.35550 27.36320 27.79910 29.38520 27.90580 27.37170 28.31040 29.11390 29.06260 31.04870 30.20280 33.77510 30.34960 29.29110 23.52070 20.92660 14.21230 17.25650 16.77100 18.99690 15.83810 17.84060 17.64180 18.40920 18.18570 18.24990 15.69520 13.89270 14.84300 15.05730 18.46670 24.98800 29.61250 32.73900
-9999 -9999 -9999 -9999 -9999 -9999 -9999 -9999 -9999 -9999 -9999 -9999 44.52950 46.62860 51.44110 54.66800 49.30800 47.32970 50.04680 49.23700 48.10880 46.20110 42.24170 41.45290 39.34280 35.40580 33.29730 30.90830 28.48730 26.05350 28.04640 29.11170 30.21050 27.38530 28.50460 29.37460 28.39290 27.49160 26.03430 27.84970 28.12330 30.28990 30.59080 28.29750 27.37910 27.44300 29.04810 28.10150 27.07700 25.09860 25.37180 24.96830 23.80390 19.60600 10.83030 11.30910 12.16970 18.62260 19.66680 21.05150 19.34750 17.87930 16.30800 17.16680 19.39520 20.34280 18.84560 14.21120 17.19830 22.63830 30.66070 36.34230
-9999 -9999 -9999 -9999 -9999 -9999 -9999 -9999 -9999 -9999 -9999 -9999 42.00350 42.97120 49.11690 55.67900 58.27540 59.18250 54.96090 53.36680 44.18470 45.71040 43.41230 41.28550 40.78260 37.19220 32.98440 29.98130 27.67910 23.37390 22.45290 26.03190 25.94800 26.68710 28.25800 28.01100 28.44930 30.92230 28.91120 29.51060 28.99680 28.13360 29.13240 27.63760 27.35190 30.27820 30.50440 31.98270 32.29830 29.70790 27.80150 24.05000 19.09290 16.34540 11.57380 12.44470 13.50560 20.01300 19.74220 18.36250 15.11060 14.18740 20.53260 21.19380 22.86490 22.42170 21.58000 20.65880 24.82110 31.61160 31.12620 34.67010
-9999 -9999 -9999 -9999 -9999 -9999 -9999 -9999 -9999 -9999 -9999 37.84800 39.32810 40.23620 44.98630 54.71730 51.75900 40.80770 44.62170 44.69980 42.23200 48.27090 44.95530 45.29850 42.47020 37.06570 35.53330 30.80030 27.48900 25.10620 23.07770 23.42690 23.59960 23.97690 24.65820 22.94780 26.12480 28.45720 31.25180 33.16660 33.18400 34.39970 33.96510 32.29030 29.26210 27.60870 27.22630 31.68290 32.24860 31.80320 30.75240 25.50240 23.55470 18.02450 9.68431 13.11750 16.24430 19.58670 18.48530 21.48700 23.59060 25.46130 26.23460 27.18990 27.12320 24.29190 25.64190 28.77760 32.52490 34.54090 37.55510 36.92710
-9999 -9999 -9999 -9999 -9999 -9999 -9999 -9999 -9999 -9999 -9999 33.76870 37.24180 40.43470 43.36000 51.75990 44.17450 41.05340 41.55840 45.44130 46.26480 47.70150 46.91100 45.77790 42.17400 37.45380 34.32880 30.71660 28.07820 27.02810 25.17840 22.64210 22.83550 21.76190 23.95550 23.89070 25.05150 29.90570 33.40060 33.38170 34.52180 36.06510 38.05200 36.61980 34.99390 35.28940 34.54640 33.70170 34.63580 27.63810 30.09410 26.08360 24.74880 22.50740 23.02830 23.47850 26.13650 22.34910 22.93820 26.71680 27.38640 30.92210 31.08130 26.72380 26.97130 24.84890 30.96820 30.46090 34.48450 40.05570 40.70690 34.38950
