data/hydroclimate-scenarios/BCSD_hadcm_B1/monthly_summaries/runoff_monthly_tot_nov.2030-2059.asc
ncols	311
nrows	91
xllcenter	102.75
yllcenter	31.75
cellsize	0.5
NODATA_value	-9999
[rows 32 to 63 of 91, columns 0 to 72 of 311]
-9999 -9999 -9999 -9999 -9999 -9999 -9999 -9999 -9999 -9999 -9999 0.15980 0.13711 0.05394 0.05093 0.08218 0.08193 0.04106 0.04142 0.10393 0.10395 0.34119 0.35880 0.41207 0.39661 0.28324 0.25283 0.15033 0.12999 0.07029 0.10392 0.08096 0.08224 0.07487 0.06966 0.09517 0.09558 0.00346 0.00000 0.00393 0.00180 0.00000 0.00000 0.00000 0.00000 0.02204 0.01558 0.01216 0.00490 0.00008 0.00000 0.00000 0.00000 0.00000 0.00000 0.00000 0.00000 0.00000 0.00000 0.00000 0.00000 0.00000 0.00000 0.00000 0.00000 0.00000 0.00000 0.00000 0.00000 0.00000 0.00000 0.00000 0.00000
-9999 -9999 -9999 -9999 -9999 -9999 -9999 -9999 -9999 -9999 -9999 0.20404 0.16857 0.10377 0.07612 0.14722 0.15097 0.14082 0.19227 0.23294 0.24072 0.37232 0.40360 0.39560 0.38872 0.24362 0.20754 0.14363 0.11191 0.10204 0.09500 0.08592 0.09381 0.11698 0.13519 0.18597 0.20213 0.02673 0.00585 0.00912 0.03281 0.00010 0.00198 0.00000 0.00000 0.02877 0.01070 0.02784 0.00973 0.00168 0.00000 0.00000 0.00000 0.00000 0.00000 0.00000 0.00000 0.00000 0.00000 0.00000 0.00000 0.00000 0.00000 0.00000 0.00000 0.00000 0.00000 0.00000 0.00000 0.00000 0.00000 0.00000 0.00000
-9999 -9999 -9999 -9999 -9999 -9999 -9999 -9999 -9999 -9999 -9999 -9999 0.16302 0.09984 0.09504 0.13142 0.14498 0.28436 0.32810 0.34134 0.30564 0.45497 0.32445 0.30199 0.24452 0.06942 0.08618 0.05135 0.09200 0.02227 0.02703 0.02974 0.01900 0.00000 0.00000 0.00917 0.00799 0.08483 0.07199 0.00416 0.00120 0.03342 0.03538 0.04424 0.01865 0.15187 0.13726 0.07672 0.05353 0.02455 0.01287 0.00000 0.00000 0.00000 0.00000 0.00000 0.00000 0.00000 0.00000 0.00000 0.00000 0.00000 0.00000 0.00000 0.00000 0.00000 0.00000 0.00000 0.00000 0.00000 0.00000 0.00000 0.00000
-9999 -9999 -9999 -9999 -9999 -9999 -9999 -9999 -9999 -9999 -9999 -9999 0.15867 0.13500 0.14232 0.16627 0.21626 0.44477 0.44388 0.34932 0.34492 0.27017 0.20154 0.21075 0.11272 0.07818 0.10069 0.03408 0.05589 0.00615 0.00566 0.00219 0.01471 0.00000 0.00000 0.01164 0.00537 0.07565 0.07305 0.01040 0.00701 0.02437 0.03636 0.07913 0.13557 0.37995 0.31865 0.11230 0.05712 0.01630 0.00454 0.00000 0.00000 0.00000 0.00000 0.00000 0.00000 0.00000 0.00000 0.00000 0.00000 0.00000 0.00000 0.00000 0.00000 0.00000 0.00000 0.00000 0.00000 0.00000 0.00000 0.00000 0.00003
-9999 -9999 -9999 -9999 -9999 -9999 -9999 -9999 -9999 -9999 -9999 -9999 0.13688 0.19077 0.23618 0.10560 0.11177 0.15450 0.14214 0.15232 0.13365 0.17495 0.15567 0.20063 0.18046 0.03247 0.03689 0.01201 0.00848 0.00103 0.00186 0.00001 0.00000 0.00000 0.00000 0.01203 0.00935 0.03314 0.03777 0.01859 0.00525 0.00596 0.01463 0.09998 0.15119 0.37106 0.25070 0.06406 0.03116 0.00675 0.00104 0.00000 0.00000 0.00000 0.00000 0.00000 0.00000 0.00000 0.00000 0.00000 0.00000 0.00000 0.00000 0.00000 0.00000 0.00000 0.00000 0.00002 0.00004 0.00000 0.00000 0.00000 0.00000
-9999 -9999 -9999 0.29492 0.29084 0.09407 0.09545 0.07220 0.06334 -9999 0.09909 0.12496 0.13826 0.19747 0.21567 0.11300 0.09552 0.14722 0.10112 0.11752 0.12998 0.20372 0.16732 0.21060 0.17879 0.06857 0.09929 0.00274 0.00351 0.00107 0.00130 0.00074 0.00170 0.00000 0.00010 0.00660 0.00259 0.01103 0.01436 0.01603 0.01268 0.00797 0.01841 0.07382 0.03473 0.13808 0.04397 0.03094 0.01829 0.00116 0.00000 0.00000 0.00000 0.00000 0.00000 0.00000 0.00000 0.00000 0.00000 0.00000 0.00000 0.00000 0.00000 0.00000 0.00000 0.00000 0.00000 0.00003 0.00006 0.00001 0.00001 0.00000 0.00000
-9999 -9999 -9999 0.27608 0.24949 0.18740 0.15857 0.10067 0.09024 0.14479 0.17997 0.13190 0.12634 0.16286 0.14763 0.10823 0.09706 0.01275 0.00884 0.04572 0.04758 0.13347 0.15458 0.18398 0.13859 0.05039 0.01614 0.00246 0.00260 0.00087 0.00056 0.00062 0.00120 0.00000 0.00025 0.00305 0.00001 0.00000 0.00000 0.00000 0.00000 0.00000 0.00016 0.00000 0.00000 0.00000 0.00000 0.00514 0.00000 0.00000 0.00000 0.00000 0.00000 0.00000 0.00000 0.00000 0.00000 0.00000 0.00000 0.00000 0.00000 0.00000 0.00000 0.00000 0.00000 0.00000 0.00003 0.00007 0.00006 0.00000 0.00000 0.00010 0.00000
-9999 -9999 -9999 0.26595 0.26368 0.17053 0.18421 0.13173 0.17987 0.21059 0.18703 0.12235 0.11182 0.11195 0.06657 0.05325 0.04346 0.00634 0.00997 0.05012 0.03589 0.11115 0.10004 0.13529 0.08639 0.01680 0.01167 0.00519 0.00510 0.00211 0.00159 0.00106 0.00268 0.00037 0.00026 0.00160 0.00205 0.00000 0.00000 0.00000 0.00000 0.00000 0.00000 0.00000 0.00000 0.00301 0.00099 0.00000 0.00000 0.00000 0.00000 0.00000 0.00000 0.00000 0.00000 0.00000 0.00000 0.00000 0.00000 0.00000 0.00000 0.00000 0.00000 0.00000 0.00013 0.00026 0.00067 0.00014 0.00011 0.00000 0.00000 0.00018 0.00047
-9999 -9999 -9999 0.16095 0.17952 0.17579 0.24934 0.19611 0.17567 0.10650 0.12515 0.21931 0.14548 0.07317 0.05610 0.02606 0.01829 0.00275 0.00379 0.01346 0.00221 0.01664 0.00551 0.00840 0.00705 0.00328 0.00393 0.00204 0.00045 0.00124 0.00611 0.00029 0.00262 0.00000 0.00000 0.00000 0.00000 0.00167 0.00159 0.00146 0.00000 0.00000 0.00000 0.00000 0.00000 0.00000 0.00000 0.00000 0.00000 0.00000 0.00000 0.00000 0.00000 0.00000 0.00000 0.00000 0.00000 0.00000 0.00000 0.00000 0.00000 0.00000 0.00000 0.00000 0.00000 0.00000 0.00004 0.00009 0.00000 0.00000 0.01265 0.01880 -9999
-9999 -9999 -9999 0.14140 0.16860 0.15626 0.16044 0.15619 0.12770 0.09298 0.15071 0.21256 0.11638 0.04524 0.01569 0.01114 0.00676 0.00912 0.02551 0.03339 0.01274 0.02396 0.01543 0.03653 0.03852 0.01016 0.02513 0.00586 0.00350 0.00373 0.00284 0.00019 0.00003 0.00001 0.00001 0.00000 0.00000 0.00066 0.00234 0.00205 0.00000 0.00000 0.00000 0.00000 0.00000 0.00000 0.00000 0.00000 0.00000 0.00000 0.00000 0.00000 0.00000 0.00000 0.00000 0.00000 0.00000 0.00000 0.00000 0.00000 0.00000 0.00000 0.00000 0.00000 0.00000 0.00000 0.00000 0.00000 0.00000 0.01035 0.09637 -9999 -9999
-9999 -9999 -9999 -9999 0.10792 0.07697 0.10702 0.05116 0.04855 0.08514 0.14111 0.09251 0.04231 0.05616 -9999 -9999 -9999 -9999 -9999 0.00183 0.00065 0.01454 0.00517 0.00351 0.00390 0.00282 0.01601 0.01236 0.00944 0.00701 0.00500 0.00560 0.00216 0.00075 0.00527 0.00295 0.00632 0.00279 0.00264 0.00049 0.00108 0.00000 0.00001 0.00000 0.00032 0.00000 0.00000 0.00000 0.00000 0.00000 0.00000 0.00000 0.00000 0.00000 0.00000 0.00000 0.00000 0.00000 0.00000 0.00000 0.00000 0.00000 0.00000 0.00000 0.00000 0.00000 0.00001 0.00111 0.00750 -9999 -9999 -9999 -9999
-9999 -9999 0.11456 0.13580 0.08776 0.11508 0.09553 0.04185 0.05464 0.09502 0.13610 0.09732 0.05812 -9999 -9999 -9999 -9999 -9999 0.00001 0.00186 0.00168 0.02441 0.02441 0.01157 0.01229 0.00635 0.02080 0.02588 0.02662 0.01013 0.00846 0.01592 0.01951 0.00324 0.00683 0.01281 0.01346 0.00354 0.00219 0.00070 0.00015 0.00007 0.00000 0.00129 0.00148 0.00000 0.00000 0.00000 0.00000 0.00273 0.00016 0.00458 0.00255 0.00002 0.00000 0.00003 0.00000 0.00000 0.00000 0.00000 0.00000 0.00000 0.00000 0.00000 0.00082 0.00065 0.00847 -9999 -9999 -9999 -9999 -9999 -9999
-9999 -9999 0.11657 0.07601 0.05514 0.07112 0.06631 0.07218 0.09316 0.15020 0.09477 0.10798 0.12702 -9999 -9999 -9999 -9999 0.03199 0.00195 0.00994 0.01064 0.03940 0.03491 0.02805 0.04120 0.04829 0.03716 0.02961 0.04010 0.03426 0.01548 0.01540 0.02825 0.03045 0.02376 0.04174 0.04117 0.01176 0.00688 0.00001 0.00002 0.00823 0.00767 0.01112 0.00834 0.00187 0.00321 0.00053 0.00000 0.00011 0.00000 0.00742 0.00161 0.00135 0.00008 0.00144 0.00133 0.00000 0.00004 0.00031 0.00016 0.00000 0.00000 0.00637 0.02296 -9999 -9999 -9999 -9999 -9999 0.20479 -9999 -9999
-9999 -9999 0.17753 0.10177 0.07104 0.07580 0.07644 0.12906 0.10083 0.12761 0.06620 0.09222 0.25479 -9999 -9999 -9999 -9999 0.01277 0.00901 0.02544 0.02500 0.11592 0.13114 0.08136 0.07362 0.05515 0.03589 0.04908 0.04350 0.03027 0.01976 0.02418 0.02701 0.03250 0.04659 0.05457 0.04792 0.01073 0.00499 0.00030 0.00002 0.01986 0.02262 0.02236 0.02198 0.00548 0.00236 0.00313 0.00072 0.00123 0.00242 0.00760 0.00237 0.00237 0.00178 0.00498 0.00398 0.00002 0.00007 0.00215 0.00189 0.00817 0.01152 0.01447 0.01018 0.00780 0.04062 0.02215 0.07180 -9999 -9999 -9999 0.02244
-9999 -9999 -9999 0.14645 0.08372 0.07902 0.09011 0.10246 0.07665 0.09443 0.18357 0.18801 -9999 -9999 -9999 -9999 0.01210 0.00646 0.01369 0.05879 0.12910 0.12177 0.09467 0.06749 0.06152 0.04682 0.02827 0.01674 0.02490 0.00197 0.00360 0.01734 0.01940 0.03438 0.04093 0.04881 0.05462 0.03230 0.03331 0.03858 0.02943 0.01116 0.01444 0.02678 0.02498 0.01837 0.01848 0.01178 0.00576 0.00251 0.00064 0.00602 0.00375 0.00222 0.00063 0.00192 0.00185 0.00035 0.00035 0.00162 0.00551 0.00579 0.00230 0.00000 0.00000 0.00467 0.01803 0.03305 0.11441 0.02631 -9999 -9999 0.05316
-9999 -9999 -9999 -9999 0.18126 0.17832 0.15730 0.07666 0.06458 0.17993 0.16588 -9999 -9999 -9999 -9999 0.03319 0.01689 0.02797 0.07563 0.13131 0.16118 0.17632 0.17161 0.06391 0.05061 0.09851 0.06953 0.04666 0.02607 0.01053 0.00531 0.04494 0.04966 0.07222 0.06780 0.07352 0.06304 0.05526 0.03801 0.04444 0.02878 0.01407 0.02004 0.05594 0.06506 0.02976 0.03329 0.02957 0.02255 0.01235 0.01024 0.01229 0.01133 0.00096 0.00004 0.00670 0.01482 0.00162 0.00161 0.01500 0.00018 0.00130 0.00034 0.00013 0.00001 0.00092 0.01800 0.08545 0.08809 0.05061 0.07846 0.05326 0.11124
-9999 -9999 -9999 -9999 -9999 -9999 0.08095 0.16802 0.12418 0.23415 0.18870 -9999 -9999 -9999 -9999 -9999 0.05947 0.06296 0.07725 0.14602 0.11941 0.20023 0.10586 0.07258 0.06636 0.08218 0.07805 0.08689 0.09030 0.04298 0.02375 0.05049 0.07971 0.05857 0.07307 0.07635 0.06983 0.03984 0.04639 0.01683 0.01689 0.02219 0.02694 0.04901 0.07178 0.08641 0.08457 0.03718 0.03825 0.03054 0.02838 0.02919 0.02009 0.02028 0.00697 0.02287 0.01100 0.02748 0.01713 0.00746 0.00084 0.00000 0.00000 0.00000 0.00000 0.00063 0.01141 0.04483 0.05615 0.06700 0.08824 0.17711 0.15442
-9999 -9999 -9999 -9999 -9999 -9999 -9999 -9999 -9999 -9999 -9999 -9999 -9999 -9999 -9999 -9999 -9999 -9999 -9999 0.12863 0.13391 0.16130 0.13987 0.08710 0.08871 0.09508 0.05900 0.03522 0.01969 0.02422 0.03786 0.10049 0.07242 0.09776 0.09573 0.08532 0.09550 0.06757 0.05750 0.02179 0.02711 0.03819 0.04232 0.07711 0.08523 0.07834 0.09937 0.09378 0.05683 0.09384 0.07709 0.08724 0.07313 0.06069 0.04210 0.02828 0.02527 0.02898 0.02249 0.01115 0.00053 0.00041 0.00002 0.00000 0.00011 0.01585 0.06930 0.07458 0.10905 0.04973 0.06254 0.14976 0.14113
-9999 -9999 -9999 -9999 -9999 -9999 -9999 -9999 -9999 -9999 -9999 -9999 -9999 -9999 -9999 -9999 -9999 -9999 0.12691 0.18386 0.17513 0.14306 0.16982 0.18800 0.14909 0.06362 0.05334 0.07594 0.06087 0.04955 0.04710 0.07281 0.07025 0.05023 0.06275 0.15165 0.13439 0.11138 0.05841 0.03676 0.04295 0.07336 0.08093 0.11698 0.14490 0.18012 0.21374 0.05863 0.07997 0.10857 0.10865 0.05176 0.05391 0.20346 0.14238 0.11142 0.08915 0.02631 0.00200 0.00955 0.02344 0.04714 0.02674 0.00794 0.00287 0.04374 0.06930 0.08507 0.13613 0.23930 0.30909 0.10694 0.59187
-9999 -9999 -9999 -9999 -9999 -9999 -9999 -9999 -9999 -9999 -9999 -9999 -9999 -9999 -9999 -9999 -9999 0.16694 0.14124 0.23331 0.20464 0.17540 0.15383 0.17367 0.08703 0.03201 0.04469 0.04883 0.07728 0.06194 0.05999 0.09336 0.10015 0.08374 0.10529 0.16500 0.14949 0.10742 0.10745 0.11624 0.09485 0.15982 0.14582 0.19630 0.19156 0.21637 0.27591 0.09169 0.12525 0.09710 0.12158 0.09408 0.08951 0.25989 0.24721 0.21059 0.11454 0.05169 0.03353 0.08005 0.14133 0.10821 0.01511 0.01180 0.07704 0.08825 0.10154 0.13327 0.22343 0.47972 0.39829 0.43138 0.63954
-9999 -9999 -9999 -9999 -9999 -9999 -9999 -9999 -9999 -9999 -9999 -9999 -9999 -9999 -9999 -9999 -9999 0.19212 0.19792 0.18190 0.17664 0.20492 0.12880 0.06982 0.09418 0.06062 0.05903 0.02354 0.05275 0.07022 0.07024 0.09187 0.10943 0.14250 0.16763 0.16693 0.18462 0.09762 0.06159 0.12588 0.14218 0.27576 0.32833 0.19555 0.16145 0.23023 0.36050 0.09326 0.12517 0.17766 0.13966 0.22819 0.20241 0.28962 0.37543 0.39001 0.13757 0.10876 0.13781 0.20144 0.16111 0.06784 0.06561 0.06990 0.02696 0.04062 0.16192 0.20877 0.54995 0.87597 1.03166 0.43387 0.25930
-9999 -9999 -9999 -9999 -9999 -9999 -9999 -9999 -9999 -9999 -9999 -9999 -9999 -9999 -9999 -9999 0.12944 0.13310 0.14407 0.18961 0.15510 0.14905 0.08748 0.09737 0.13959 0.05017 0.05083 0.06143 0.04585 0.05324 0.04112 0.09548 0.13592 0.13389 0.14913 0.18017 0.17759 0.13990 0.09171 0.18063 0.17690 0.39219 0.41221 0.31978 0.27638 0.44721 0.49165 0.13382 0.16613 0.30002 0.29662 0.35715 0.30071 0.42413 0.52016 0.59891 0.46827 0.41548 0.30580 0.26525 0.27421 0.19298 0.15487 0.07344 0.18864 0.14408 0.18024 0.54509 1.19680 1.45974 1.30748 0.60973 0.56902
-9999 -9999 -9999 -9999 -9999 -9999 -9999 -9999 -9999 -9999 -9999 -9999 -9999 0.07153 0.06368 0.14817 0.13390 0.10748 0.14429 0.10042 0.09043 0.11104 0.06784 0.05387 0.04936 0.07614 0.07198 0.05747 0.08589 0.08411 0.13994 0.12674 0.12508 0.08031 0.09474 0.14496 0.19490 0.16085 0.14259 0.18105 0.18693 0.30292 0.32281 0.27905 0.31387 0.33965 0.35408 0.38805 0.47573 0.40477 0.34873 0.25880 0.21006 0.25212 0.30658 0.42429 0.45159 0.48159 0.32170 0.35263 0.40179 0.41159 0.43219 0.30373 0.52709 0.88070 0.92596 1.22881 1.05176 1.57616 1.19625 0.61575 0.62226
-9999 -9999 -9999 -9999 -9999 -9999 -9999 -9999 -9999 -9999 -9999 -9999 0.15064 0.08864 0.09733 0.19222 0.17244 0.11670 0.06600 0.11461 0.06025 0.07499 0.08551 0.07373 0.06742 0.09334 0.07999 0.06827 0.09873 0.12684 0.11658 0.13964 0.14670 0.11025 0.11671 0.13999 0.09916 0.12741 0.19623 0.21075 0.18395 0.23074 0.37923 0.33680 0.29237 0.33233 0.34992 0.41112 0.47708 0.47093 0.51875 0.34712 0.45805 0.36474 0.39649 0.61173 0.76439 0.41031 0.34930 0.41996 0.50159 0.56410 0.57819 0.51997 0.69295 1.30521 1.48860 1.16588 1.56140 1.43084 0.89575 1.01073 0.85114
-9999 -9999 -9999 -9999 -9999 -9999 -9999 -9999 -9999 -9999 -9999 0.11381 0.09631 0.07216 0.08095 0.10500 0.07261 0.04309 0.05934 0.06654 0.03447 0.11617 0.10860 0.06927 0.06962 0.07736 0.11012 0.12631 0.14930 0.20028 0.16566 0.09747 0.10667 0.09681 0.09323 0.12905 0.14969 0.19403 0.21077 0.22543 0.24679 0.36379 0.35817 0.32634 0.34013 0.37908 0.39789 0.41051 0.38684 0.55665 0.64266 0.37651 0.36141 0.50711 0.40850 0.49542 0.81396 0.64524 0.59390 0.73092 0.84253 1.09640 1.06445 0.98192 1.38382 1.56418 1.74339 1.88390 2.24337 1.31128 0.78200 0.57443 0.80514
-9999 -9999 -9999 -9999 -9999 -9999 -9999 -9999 -9999 -9999 0.07746 0.05154 0.09074 0.05830 0.07248 0.06439 0.07551 0.04486 0.04727 0.04787 0.05203 0.09634 0.08863 0.06646 0.06620 0.09600 0.08872 0.15409 0.14890 0.09488 0.12216 0.12341 0.12286 0.18119 0.23898 0.23634 0.22677 0.21063 0.22286 0.26080 0.42032 0.37542 0.40516 0.32959 0.29174 0.40168 0.42605 0.42179 0.46397 0.59298 0.64885 0.39974 0.68850 0.46135 0.51546 0.64954 0.82787 0.80811 0.83765 1.05719 1.15118 1.23083 1.27361 1.31774 1.64807 1.76859 2.63735 2.88146 2.29341 1.14981 0.94672 1.40808 1.64164
-9999 -9999 -9999 -9999 -9999 -9999 -9999 -9999 -9999 0.01826 0.01353 0.01061 0.01234 0.01173 0.00805 0.01530 0.01799 0.00937 0.00841 0.01613 0.02084 0.01343 0.01461 0.01760 0.01774 0.02435 0.02645 0.02136 0.01893 0.03334 0.03646 0.15072 0.19926 0.16220 0.21573 0.41422 0.29082 0.25052 0.28139 0.43765 0.26064 0.27384 0.24690 0.43744 0.31338 0.53331 0.52518 0.52028 0.54327 0.57654 0.70763 0.76736 0.60519 0.54148 0.45039 0.78593 0.79965 0.54453 0.54462 1.11720 1.11196 1.27922 1.40116 1.48696 1.70638 1.99786 2.31388 0.54263 0.39346 0.25562 0.31172 0.41305 0.62291
-9999 -9999 -9999 -9999 -9999 -9999 -9999 -9999 -9999 -9999 0.01599 0.01227 0.01150 0.00927 0.01161 0.02018 0.02023 0.00601 0.00772 0.01369 0.01537 0.01514 0.01661 -9999 -9999 -9999 -9999 -9999 -9999 0.04404 0.04959 0.21071 0.20990 0.15577 0.17784 0.50837 0.42033 0.29341 0.26644 0.39805 0.27572 0.26262 0.23359 0.38686 0.47498 0.52856 0.53078 0.52543 0.71026 0.64292 0.72292 0.57963 0.66583 0.47242 0.57877 0.79161 0.93523 0.67577 0.68061 1.18125 1.32684 1.49555 1.51427 1.23557 1.49302 2.32175 2.19484 0.46281 0.25456 0.30488 0.32646 0.69533 0.91934
-9999 -9999 -9999 -9999 -9999 -9999 -9999 -9999 -9999 -9999 -9999 -9999 0.00866 0.01546 0.01529 0.01502 0.01525 0.01315 0.01368 -9999 -9999 -9999 -9999 -9999 -9999 -9999 -9999 -9999 -9999 -9999 -9999 -9999 -9999 0.13933 0.16723 0.35785 0.36911 0.41514 0.27097 0.21742 0.27936 0.32544 0.32226 0.30299 0.29888 0.53712 0.57040 0.48821 0.64494 0.57585 0.56565 0.74792 0.78485 0.75610 0.70380 0.86358 1.04334 0.86632 0.66492 1.10333 1.19456 1.55681 1.84650 1.60686 2.03245 2.49591 2.01556 0.40886 0.40679 0.68351 0.97280 1.33725 -9999
-9999 -9999 -9999 -9999 -9999 -9999 -9999 -9999 -9999 -9999 -9999 -9999 -9999 -9999 -9999 -9999 -9999 -9999 -9999 -9999 -9999 -9999 -9999 -9999 -9999 -9999 -9999 -9999 -9999 -9999 -9999 -9999 -9999 -9999 0.19866 0.20059 0.27026 0.28632 0.21057 0.30841 0.33475 0.33814 0.44159 0.36115 0.59824 0.68192 0.64568 0.65444 0.76017 0.60823 0.67382 0.86566 0.84309 0.82111 0.80447 1.07983 1.25436 1.08657 1.15171 1.32213 1.27481 2.03470 2.24331 2.25589 2.73643 2.59942 2.40159 0.41406 0.46378 0.78516 1.69842 -9999 -9999
-9999 -9999 -9999 -9999 -9999 -9999 -9999 -9999 -9999 -9999 -9999 -9999 -9999 -9999 -9999 -9999 -9999 -9999 -9999 -9999 -9999 -9999 -9999 -9999 -9999 -9999 -9999 -9999 -9999 -9999 -9999 -9999 -9999 -9999 0.15146 0.21773 0.22584 0.32925 0.25402 0.36157 0.34174 0.44123 0.43866 0.44731 0.50989 0.79219 0.86002 0.59119 0.67604 0.71759 0.72135 1.16648 1.17767 0.98472 1.05777 1.09844 1.36582 1.31829 1.38702 2.29216 2.14039 1.94730 2.30958 1.67036 1.89345 1.85961 2.39895 1.74520 1.69448 4.29607 -9999 -9999 -9999
-9999 -9999 -9999 -9999 -9999 -9999 -9999 -9999 -9999 -9999 -9999 -9999 -9999 -9999 -9999 -9999 -9999 -9999 -9999 -9999 -9999 -9999 -9999 -9999 -9999 -9999 -9999 -9999 -9999 -9999 -9999 -9999 -9999 -9999 -9999 -9999 -9999 -9999 0.34258 0.35955 0.33781 0.43002 0.48623 0.51738 0.59816 0.83577 1.05405 0.73195 0.82262 0.94145 0.89572 1.26938 1.32728 1.19851 1.25534 1.23520 0.97913 1.15236 1.75388 2.39985 2.15425 3.04241 3.13237 1.94804 1.60233 2.10098 2.42858 3.50323 4.94855 -9999 -9999 -9999 -9999
