data/hydroclimate-scenarios/BCSD_hadcm_B1/monthly_summaries/runoff_monthly_tot_jul.2030-2059.asc
ncols	311
nrows	91
xllcenter	102.75
yllcenter	31.75
cellsize	0.5
NODATA_value	-9999
[rows 0 to 31 of 91, columns 0 to 71 of 311]
-9999 -9999 -9999 -9999 -9999 -9999 -9999 -9999 -9999 -9999 -9999 -9999 -9999 -9999 -9999 -9999 -9999 -9999 -9999 -9999 -9999 -9999 -9999 -9999 -9999 -9999 -9999 -9999 -9999 -9999 -9999 -9999 -9999 -9999 -9999 -9999 -9999 -9999 -9999 -9999 -9999 -9999 -9999 -9999 -9999 -9999 -9999 -9999 -9999 -9999 -9999 -9999 -9999 -9999 -9999 -9999 -9999 -9999 -9999 -9999 -9999 -9999 -9999 -9999 -9999 -9999 -9999 -9999 -9999 -9999 -9999 -9999
-9999 -9999 -9999 -9999 -9999 -9999 -9999 -9999 -9999 -9999 -9999 -9999 -9999 -9999 -9999 -9999 -9999 -9999 -9999 -9999 -9999 -9999 -9999 -9999 -9999 -9999 -9999 -9999 -9999 -9999 -9999 -9999 -9999 -9999 -9999 -9999 -9999 -9999 -9999 -9999 -9999 -9999 -9999 -9999 -9999 -9999 -9999 -9999 -9999 -9999 -9999 -9999 -9999 -9999 -9999 -9999 -9999 -9999 -9999 -9999 -9999 -9999 -9999 -9999 -9999 -9999 -9999 -9999 -9999 -9999 -9999 -9999
-9999 -9999 -9999 -9999 -9999 -9999 -9999 -9999 -9999 -9999 -9999 -9999 -9999 -9999 -9999 -9999 -9999 -9999 -9999 -9999 -9999 -9999 -9999 -9999 -9999 -9999 -9999 -9999 -9999 -9999 -9999 -9999 -9999 -9999 -9999 -9999 -9999 -9999 -9999 -9999 -9999 -9999 -9999 -9999 -9999 -9999 -9999 -9999 -9999 -9999 -9999 -9999 -9999 -9999 -9999 -9999 -9999 -9999 -9999 -9999 -9999 -9999 -9999 -9999 -9999 -9999 -9999 -9999 -9999 -9999 -9999 -9999
-9999 -9999 -9999 -9999 -9999 -9999 -9999 -9999 -9999 -9999 -9999 -9999 -9999 -9999 -9999 -9999 -9999 -9999 -9999 -9999 -9999 -9999 -9999 -9999 -9999 -9999 -9999 -9999 -9999 -9999 -9999 -9999 -9999 -9999 -9999 -9999 -9999 -9999 -9999 -9999 -9999 -9999 -9999 -9999 -9999 -9999 -9999 -9999 -9999 -9999 -9999 -9999 -9999 -9999 -9999 -9999 -9999 -9999 -9999 -9999 -9999 -9999 -9999 -9999 -9999 -9999 -9999 -9999 -9999 -9999 -9999 -9999
-9999 -9999 -9999 -9999 -9999 -9999 -9999 -9999 -9999 -9999 -9999 -9999 -9999 -9999 -9999 -9999 -9999 -9999 -9999 -9999 -9999 -9999 -9999 -9999 -9999 -9999 -9999 -9999 -9999 -9999 -9999 -9999 -9999 -9999 -9999 -9999 -9999 -9999 -9999 -9999 -9999 -9999 -9999 -9999 -9999 -9999 -9999 -9999 -9999 -9999 -9999 -9999 -9999 -9999 -9999 -9999 -9999 -9999 -9999 -9999 -9999 -9999 -9999 -9999 -9999 -9999 -9999 -9999 -9999 -9999 -9999 -9999
-9999 -9999 -9999 -9999 -9999 -9999 -9999 -9999 -9999 -9999 -9999 -9999 -9999 -9999 -9999 -9999 -9999 -9999 -9999 -9999 -9999 -9999 -9999 -9999 -9999 -9999 -9999 -9999 -9999 -9999 -9999 -9999 -9999 -9999 -9999 -9999 -9999 -9999 -9999 -9999 -9999 -9999 -9999 -9999 -9999 -9999 -9999 -9999 -9999 -9999 -9999 -9999 -9999 -9999 -9999 -9999 -9999 -9999 -9999 -9999 -9999 -9999 -9999 -9999 -9999 -9999 -9999 -9999 -9999 -9999 -9999 -9999
-9999 -9999 -9999 -9999 -9999 -9999 -9999 -9999 -9999 -9999 -9999 -9999 -9999 -9999 -9999 -9999 -9999 -9999 -9999 -9999 -9999 -9999 -9999 -9999 -9999 -9999 -9999 -9999 -9999 -9999 -9999 -9999 -9999 -9999 -9999 -9999 -9999 -9999 -9999 -9999 -9999 -9999 -9999 -9999 -9999 -9999 -9999 -9999 -9999 -9999 -9999 -9999 -9999 -9999 -9999 -9999 -9999 -9999 -9999 -9999 -9999 -9999 -9999 -9999 -9999 -9999 -9999 -9999 -9999 -9999 -9999 -9999
-9999 -9999 -9999 -9999 -9999 -9999 -9999 -9999 -9999 -9999 -9999 -9999 -9999 -9999 -9999 -9999 -9999 -9999 -9999 -9999 -9999 -9999 -9999 -9999 -9999 -9999 -9999 -9999 -9999 -9999 -9999 -9999 -9999 -9999 -9999 -9999 -9999 -9999 -9999 -9999 -9999 -9999 3.62627 3.40902 3.39741 3.56832 3.48128 3.62946 3.40838 3.32154 3.24073 2.76729 -9999 -9999 -9999 -9999 -9999 -9999 -9999 -9999 -9999 -9999 -9999 -9999 -9999 -9999 -9999 -9999 -9999 -9999 -9999 -9999
-9999 -9999 -9999 -9999 -9999 -9999 -9999 -9999 -9999 -9999 -9999 -9999 -9999 -9999 -9999 -9999 -9999 -9999 -9999 -9999 -9999 -9999 -9999 -9999 -9999 -9999 -9999 -9999 -9999 -9999 -9999 -9999 -9999 -9999 -9999 -9999 -9999 -9999 4.26098 4.71169 4.44336 4.18809 4.01031 3.67741 3.70583 3.41479 3.21401 3.25606 3.33496 3.18184 3.44933 4.70430 4.70703 4.72494 -9999 -9999 -9999 -9999 -9999 -9999 -9999 -9999 -9999 -9999 -9999 -9999 -9999 -9999 -9999 -9999 -9999 -9999
-9999 -9999 -9999 -9999 -9999 -9999 -9999 -9999 -9999 -9999 -9999 -9999 -9999 -9999 -9999 -9999 -9999 -9999 -9999 -9999 -9999 -9999 -9999 -9999 -9999 -9999 -9999 -9999 -9999 -9999 -9999 -9999 -9999 -9999 -9999 -9999 -9999 -9999 -9999 -9999 4.00357 3.85741 4.14877 4.09950 4.00826 4.05600 3.76638 3.48116 3.38454 3.29395 3.15634 3.20428 3.36735 3.08303 -9999 -9999 -9999 -9999 -9999 -9999 -9999 -9999 -9999 -9999 -9999 -9999 -9999 -9999 -9999 -9999 -9999 -9999
-9999 -9999 -9999 -9999 -9999 -9999 -9999 -9999 -9999 -9999 -9999 -9999 -9999 -9999 -9999 -9999 -9999 -9999 -9999 -9999 -9999 -9999 -9999 -9999 -9999 -9999 -9999 -9999 -9999 -9999 -9999 -9999 -9999 -9999 -9999 -9999 -9999 -9999 -9999 -9999 -9999 -9999 -9999 -9999 3.86641 3.78787 4.06281 4.46545 3.85620 3.74002 3.75147 4.12210 3.25917 4.04537 -9999 -9999 -9999 -9999 -9999 -9999 2.70871 -9999 -9999 -9999 -9999 -9999 -9999 -9999 -9999 -9999 -9999 -9999
-9999 -9999 -9999 -9999 -9999 -9999 -9999 -9999 -9999 -9999 -9999 -9999 -9999 -9999 -9999 -9999 -9999 -9999 -9999 -9999 -9999 -9999 -9999 -9999 -9999 -9999 -9999 -9999 -9999 -9999 -9999 -9999 -9999 -9999 -9999 -9999 -9999 -9999 -9999 -9999 -9999 4.33928 4.28748 4.20755 4.23143 3.85180 4.15247 4.72997 4.50258 4.01483 4.30158 4.42994 3.43410 4.18630 -9999 -9999 -9999 -9999 -9999 2.98851 2.93224 3.01148 3.02775 2.83550 2.87084 2.46017 2.61376 3.03742 2.89388 2.79616 2.79978 2.88027
-9999 -9999 -9999 -9999 -9999 -9999 -9999 -9999 -9999 -9999 -9999 -9999 -9999 -9999 -9999 -9999 -9999 -9999 -9999 -9999 -9999 -9999 -9999 -9999 -9999 -9999 -9999 -9999 -9999 -9999 -9999 -9999 -9999 -9999 -9999 -9999 -9999 -9999 -9999 -9999 -9999 4.40802 4.50378 3.36388 3.08432 3.57432 4.35966 5.23747 4.57688 4.20631 4.37129 5.23639 4.24336 4.35541 4.12390 3.74180 3.55082 -9999 3.17528 3.41302 3.29166 3.02788 3.06860 3.43792 3.49217 3.25581 3.11115 2.88088 2.74678 2.73273 2.75114 3.04332
-9999 -9999 -9999 -9999 -9999 -9999 -9999 -9999 -9999 -9999 -9999 -9999 -9999 -9999 -9999 -9999 -9999 -9999 -9999 -9999 -9999 -9999 -9999 -9999 -9999 -9999 -9999 -9999 -9999 -9999 -9999 -9999 -9999 -9999 -9999 5.11185 4.35897 4.42565 4.37539 4.05897 3.95146 3.71414 3.92567 2.91425 3.51427 4.07683 3.45918 4.00768 4.64747 5.18944 5.05061 5.98184 6.30036 5.92293 4.51578 4.69143 4.39209 4.12296 3.54632 3.47336 3.36288 3.25816 3.10020 4.10207 4.04686 3.48398 3.60836 3.18761 3.03930 2.24238 2.33276 2.32426
-9999 -9999 -9999 -9999 -9999 -9999 -9999 -9999 -9999 -9999 -9999 -9999 -9999 -9999 -9999 -9999 -9999 -9999 -9999 -9999 -9999 -9999 -9999 -9999 -9999 -9999 -9999 -9999 -9999 -9999 -9999 -9999 -9999 -9999 3.48115 3.63823 3.54986 3.31624 3.14241 2.82264 2.73164 2.64156 2.58852 4.20724 3.60460 3.61143 3.73826 4.44324 5.88015 6.00226 5.70987 4.99462 6.66482 5.31007 4.77436 4.41848 3.67104 3.74340 3.09022 3.53513 3.65099 3.82184 3.97629 4.23229 3.74306 3.78700 3.83366 3.82370 4.45401 4.19558 4.71233 4.91284
-9999 -9999 -9999 -9999 -9999 -9999 -9999 -9999 -9999 -9999 -9999 -9999 -9999 -9999 -9999 -9999 -9999 -9999 -9999 -9999 -9999 -9999 -9999 -9999 -9999 -9999 -9999 -9999 -9999 -9999 -9999 -9999 -9999 3.66916 3.61817 3.46609 3.46438 3.17575 3.06606 2.69774 2.65544 2.66174 3.45584 4.20622 3.61981 3.88395 4.39610 5.08754 6.48575 6.66275 7.38757 7.87750 8.73075 5.82333 4.17763 4.67643 4.41122 4.30284 3.57289 4.10943 4.39447 4.24659 3.88362 3.73409 4.06518 4.38719 4.56916 4.46439 4.76402 4.71897 5.01570 5.02561
-9999 -9999 -9999 -9999 -9999 -9999 -9999 -9999 -9999 -9999 -9999 -9999 -9999 -9999 -9999 -9999 -9999 -9999 -9999 -9999 -9999 -9999 -9999 -9999 -9999 -9999 -9999 -9999 -9999 -9999 -9999 3.79139 3.32185 3.23570 3.15862 3.36175 3.27516 3.05883 2.95890 2.89396 2.99412 3.05311 3.52902 3.51790 3.77326 4.16569 4.85558 5.47705 5.91143 5.81990 6.69823 8.07935 9.89848 6.20773 5.80716 5.05462 4.15798 4.00067 4.39768 5.01199 4.44352 3.82365 3.82867 3.68385 3.92761 4.53883 4.57400 4.68923 4.88725 5.67851 6.26499 6.36598
-9999 -9999 -9999 -9999 -9999 -9999 -9999 -9999 -9999 -9999 -9999 -9999 -9999 -9999 -9999 -9999 -9999 -9999 -9999 -9999 -9999 -9999 -9999 -9999 -9999 -9999 -9999 -9999 -9999 3.08518 3.13389 3.36754 3.33637 3.24102 3.23903 3.19361 3.31787 3.47559 3.33823 3.11499 3.64976 4.37808 3.17662 3.69552 3.96689 4.60990 4.94067 6.05696 7.04298 7.22252 7.31059 9.58278 9.51995 6.32168 7.01658 6.72176 5.31518 5.32774 4.30713 4.62224 4.44739 4.15341 3.98892 4.34295 4.27344 4.56408 5.01932 6.13244 6.49853 6.15872 5.91712 6.90725
-9999 -9999 -9999 -9999 -9999 -9999 -9999 -9999 -9999 -9999 -9999 -9999 -9999 -9999 -9999 -9999 -9999 -9999 -9999 -9999 -9999 -9999 -9999 -9999 5.31216 5.23085 4.83311 4.65071 4.66325 5.04994 5.01320 4.67285 4.51848 4.86269 4.88643 4.82322 5.59689 5.22842 5.09134 4.51468 4.42655 6.13059 4.63502 4.42744 4.51552 4.85004 5.05951 6.03892 7.33514 8.24946 8.07510 12.85300 10.73810 9.38216 8.74448 8.63802 7.44170 7.32140 7.01662 4.02740 3.53721 3.37672 3.31219 3.32827 3.33397 3.65413 3.61928 3.62545 3.91325 4.49838 6.39815 7.09120
-9999 -9999 -9999 -9999 -9999 -9999 4.91108 4.40329 4.40494 5.50893 5.25143 -9999 -9999 -9999 -9999 -9999 -9999 -9999 -9999 -9999 -9999 5.76271 5.81385 5.63573 5.72414 5.54542 5.16558 5.36143 5.11510 5.42390 5.22783 4.95526 5.19649 5.31267 5.49111 5.42408 5.50496 5.47353 6.03680 5.11672 5.04776 4.99892 7.06187 4.89519 4.97579 5.10882 5.42558 6.37928 8.13944 8.81442 10.49840 11.53900 11.18740 11.77190 9.44295 8.64968 8.04609 7.78627 6.57885 3.93029 3.81783 3.80880 4.03725 4.24985 4.41774 3.50612 3.37689 3.89372 4.18222 4.10543 4.60913 6.26037
-9999 -9999 -9999 -9999 -9999 4.93109 4.88693 5.11024 4.48018 5.27712 5.00844 6.58423 6.50170 6.81423 -9999 -9999 -9999 7.52857 7.39478 6.05165 5.99153 6.13397 6.13163 5.58531 6.55273 6.41415 6.14663 5.95928 5.95724 6.09450 5.82152 5.48775 5.62196 6.05404 6.01063 6.06680 6.17869 6.58932 6.75301 6.35816 6.30351 6.76510 8.16130 7.46042 6.72164 6.35844 7.55938 9.51958 10.15570 9.96307 10.70500 10.34920 10.93570 9.32227 8.61963 8.98585 9.21514 7.62317 5.85247 4.53195 4.22319 4.32967 3.84864 3.94838 4.80259 4.98411 4.79698 5.11874 4.76666 4.98072 4.99556 5.82398
-9999 4.58205 4.05834 3.75603 3.81529 4.95706 5.36988 4.93003 5.06619 5.27864 5.50747 6.87386 7.10541 7.01556 6.85326 7.22685 6.74295 7.47994 7.90204 6.60102 6.13212 5.81204 6.08398 6.23563 6.15196 6.61265 6.31030 6.59370 6.56143 6.36406 5.98678 5.65429 5.69735 6.07321 6.15632 6.40513 6.63132 7.01809 7.19198 6.69947 6.70221 7.22557 8.73316 8.59536 7.05200 6.96582 7.63950 9.06699 9.56461 10.15040 11.44940 13.23180 12.00760 11.01620 10.96210 11.41510 10.51740 7.50488 7.39598 5.47950 4.60384 4.93968 5.48143 5.27912 5.88177 5.06905 4.54047 5.48209 5.05523 5.97957 7.69523 9.33442
-9999 8.13549 7.69227 7.62507 7.39408 7.26855 6.71231 6.46961 6.17290 6.31980 6.53176 7.41304 7.88243 7.64133 7.84326 7.62148 7.97152 7.72887 7.57926 7.26416 6.95606 6.96322 8.75443 7.01343 6.68114 6.78909 6.71274 6.69872 6.74042 6.95524 6.61332 6.01871 5.94044 5.75132 6.23483 6.67099 6.82792 6.78207 6.97765 7.79388 7.90509 8.18580 8.11166 10.03960 9.07661 7.58456 8.09032 8.48450 9.62354 11.27290 12.38030 11.80720 11.73740 14.65730 13.36380 11.98210 10.84890 9.49875 7.99470 6.63917 7.10877 7.68004 7.88392 5.72439 7.03007 7.32159 7.27149 7.35878 7.76293 7.82389 8.14572 9.20030
-9999 -9999 -9999 8.01812 7.93535 7.61128 7.18468 6.84607 6.64785 6.16748 6.64731 6.98607 6.88300 7.23776 7.55449 7.38010 7.67137 7.04763 7.33082 7.85745 9.03496 9.03438 8.71533 7.59104 6.96142 6.92758 6.92915 6.75965 6.49139 6.67639 6.46905 5.91430 6.19142 6.14903 6.65017 8.66887 6.80888 7.10024 7.80846 8.72838 8.92072 10.45190 11.06930 10.95960 11.02530 9.93154 10.34060 8.96089 9.37633 10.66320 11.74090 11.73770 12.21810 14.55420 13.24070 14.04640 11.85450 9.28765 9.97685 7.88230 7.87239 9.22270 9.06461 8.46882 7.53412 7.30638 6.87576 8.20261 8.90924 9.48510 9.50847 10.21350
-9999 -9999 -9999 -9999 -9999 -9999 7.36027 7.08555 7.27944 6.22866 6.36468 7.69568 7.54993 7.48322 7.28922 6.08288 6.24007 7.63897 7.44302 7.52423 7.26091 7.08185 6.67076 6.74158 6.71835 7.06366 6.64364 6.85892 8.38174 6.58925 6.59459 6.28776 7.91546 7.90685 7.90955 8.11703 9.64355 9.16185 9.43779 10.37100 10.41800 10.41260 10.44420 10.11110 10.54870 10.49620 11.16550 11.39060 10.97400 10.90890 12.78110 13.44880 13.78710 12.36620 13.47510 14.02730 13.45040 13.65430 13.45770 9.84772 8.73384 9.72460 9.13763 8.63364 9.19706 9.03602 7.63142 8.85178 9.94243 10.05150 10.02380 10.78820
-9999 -9999 -9999 -9999 -9999 -9999 7.98977 7.58380 7.19252 7.12810 6.79985 7.05682 6.81348 6.52522 6.50203 6.35997 6.10790 6.35396 6.15026 6.45783 6.51506 6.46514 6.54189 6.61730 6.41029 6.41514 5.95311 6.41609 8.41056 8.73786 8.51271 7.67204 7.71191 7.96961 8.37319 8.50095 9.00217 9.11717 9.15305 9.40655 10.16650 10.17270 10.43270 10.00620 9.39209 9.59296 9.99271 9.91122 10.18610 10.33010 11.14870 10.47070 10.94210 11.79440 11.47340 10.04160 10.94550 12.26070 11.13640 10.06320 11.02840 11.58710 11.88490 9.63843 10.03700 8.28471 8.46872 8.67728 9.18738 9.98197 10.94300 12.51890
-9999 -9999 -9999 -9999 -9999 -9999 -9999 -9999 -9999 -9999 6.08281 6.40182 6.25525 5.53686 5.90835 5.78902 5.70736 5.98324 5.71466 5.52396 5.75711 6.46554 6.78365 6.01269 6.04893 6.28469 6.07551 6.22881 6.19916 8.46652 8.44082 8.36199 8.82224 8.53601 8.83805 8.44781 8.80820 9.44157 9.43286 9.60188 10.18640 9.81169 7.91918 9.84248 9.76402 9.96527 10.24230 9.43012 9.83986 9.95561 9.96262 8.81122 9.04734 9.87139 9.38326 10.19630 10.03830 9.35955 9.54292 10.58930 9.32222 9.21330 9.11123 9.66323 10.33190 9.75382 9.83869 8.52679 10.55250 11.20000 12.44280 12.83000
-9999 -9999 -9999 -9999 -9999 -9999 -9999 -9999 -9999 -9999 4.78617 5.07657 5.43516 5.09305 5.25430 5.21530 5.07405 5.25293 5.58937 5.40954 5.53607 6.27574 6.48064 5.84957 5.84895 5.83795 5.49133 6.14890 6.01490 8.09526 8.48033 8.19313 9.19786 8.39563 8.92311 9.25791 8.43855 6.89093 7.36661 7.27555 7.15244 7.68808 7.79081 7.47974 7.44691 7.40750 7.46262 7.23750 6.98458 9.38702 9.54608 8.73488 8.40862 8.57139 8.43223 8.40463 8.85082 8.85862 8.50705 8.86294 8.75077 7.78106 7.90544 9.64603 8.97554 9.56145 9.56858 7.70049 8.20148 11.35360 13.74110 13.19030
-9999 -9999 -9999 -9999 -9999 -9999 -9999 -9999 -9999 -9999 -9999 -9999 4.12942 5.03904 5.33331 5.26928 4.54109 4.39870 4.72070 4.56909 4.92274 5.59680 5.51912 4.95933 5.37362 5.10090 5.26476 6.01376 6.14494 6.09785 8.16885 8.10117 8.21716 6.52358 6.45103 6.51184 6.37668 6.99658 7.01704 7.26996 7.25090 7.22815 7.52684 6.91180 6.91385 6.95546 7.01822 6.78557 6.75705 6.94803 8.97138 8.94173 7.96164 8.91843 7.82698 7.55059 8.29971 9.35703 9.30210 8.57618 8.70377 8.85742 8.58347 9.72589 8.99119 9.09387 9.59486 7.41717 8.69320 9.57254 13.49180 14.51120
-9999 -9999 -9999 -9999 -9999 -9999 -9999 -9999 -9999 -9999 -9999 -9999 4.04882 4.74774 5.02914 5.00316 5.01945 5.19500 5.26731 5.08449 4.64135 5.12794 5.69884 5.24557 5.77535 5.60423 5.56001 6.46391 6.47736 6.80174 7.01579 7.10419 6.75863 6.76432 7.09102 6.75974 7.08017 7.48826 7.33077 7.04584 6.90019 7.00883 7.04800 6.64720 6.68497 8.20670 8.45366 9.11956 8.45770 8.72662 9.49795 8.53949 8.27210 8.26323 8.06074 7.86953 8.34938 9.26003 9.23435 8.58238 8.21537 8.20310 8.41657 9.18565 9.51051 9.66586 9.75176 10.48780 10.88640 13.26210 13.25980 12.66860
-9999 -9999 -9999 -9999 -9999 -9999 -9999 -9999 -9999 -9999 -9999 4.27065 4.68395 4.39207 4.43763 5.28302 4.37314 3.68943 3.97245 4.37741 4.00077 5.28981 5.66587 6.21471 6.75171 7.00681 7.23344 6.92939 6.85541 6.61756 6.79188 6.79181 6.62837 6.67043 6.69690 6.29467 6.47549 6.43181 6.76066 7.76066 7.49618 7.91280 7.72833 7.23223 6.93226 6.46077 6.81520 8.05846 8.22161 7.87592 7.83480 8.52884 8.41933 8.02470 7.25765 7.63253 8.05531 8.78590 8.72227 8.28345 8.53751 9.35878 9.75623 9.70497 9.88410 9.36591 10.00650 10.31030 11.62760 11.71280 14.00450 15.74360
-9999 -9999 -9999 -9999 -9999 -9999 -9999 -9999 -9999 -9999 -9999 3.87700 4.70282 4.70664 4.65273 5.36787 4.15361 4.01420 4.05309 4.71701 4.91801 5.89475 6.05055 6.39337 6.45921 6.88792 7.09338 7.18293 6.94594 6.78224 6.97402 6.79435 6.59712 6.65281 6.64830 6.39590 6.10213 6.18592 6.82011 7.35282 7.42378 7.79046 9.13254 9.03207 8.97725 9.53054 9.40822 7.69377 7.01162 7.01170 7.48295 8.05543 7.86056 7.53121 7.38940 8.82354 9.12295 8.76661 8.75068 9.18321 8.92328 9.93704 9.97398 9.30791 9.23171 10.15850 10.59780 10.41620 12.34930 13.65870 13.66270 12.56150
