data/hydroclimate-scenarios/BCSD_hadcm_B1/monthly_summaries/runoff_monthly_tot_mar.2070-2099.asc
ncols	311
nrows	91
xllcenter	102.75
yllcenter	31.75
cellsize	0.5
NODATA_value	-9999
[rows 32 to 63 of 91, columns 0 to 72 of 311]
-9999 -9999 -9999 -9999 -9999 -9999 -9999 -9999 -9999 -9999 -9999 0.00195 0.00074 0.00000 0.00000 0.00000 0.00000 0.00000 0.00000 0.00000 0.00000 0.00000 0.00000 0.00000 0.00195 0.00000 0.00000 0.00000 0.00000 0.00293 0.00090 0.02575 0.02792 0.00300 0.00146 0.02607 0.00540 0.01374 0.00000 0.00000 0.00000 0.00000 0.00000 0.00000 0.00000 0.00000 0.00000 0.00000 0.00000 0.00000 0.00000 0.00000 0.00000 0.00000 0.00000 0.00000 0.00000 0.00000 0.00000 0.00000 0.00000 0.00000 0.00000 0.00000 0.00000 0.01472 0.01282 0.00000 0.00000 0.00000 0.00043 0.00000 0.00000
-9999 -9999 -9999 -9999 -9999 -9999 -9999 -9999 -9999 -9999 -9999 0.00100 0.00024 0.00000 0.00000 0.00000 0.00000 0.00000 0.00000 0.00000 0.00000 0.00000 0.00000 0.00348 0.00018 0.00000 0.00000 0.00000 0.00000 0.01426 0.00575 0.05109 0.04224 0.01738 0.01849 0.03438 0.03067 0.02459 0.01515 0.00000 0.00000 0.00000 0.00000 0.00000 0.00000 0.00000 0.00000 0.00000 0.00000 0.00000 0.00000 0.00000 0.00000 0.00000 0.00000 0.00000 0.00000 0.00000 0.00000 0.00000 0.00000 0.00000 0.00000 0.00000 0.00000 0.00884 0.00906 0.00000 0.00000 0.00000 0.00034 0.00000 0.00000
-9999 -9999 -9999 -9999 -9999 -9999 -9999 -9999 -9999 -9999 -9999 -9999 0.00000 0.00015 0.00000 0.00013 0.00000 0.00000 0.00000 0.00000 0.00000 0.00000 0.00000 0.00000 0.00000 0.00000 0.00000 0.00444 0.01579 0.02714 0.02960 0.09537 0.09301 0.04887 0.04308 0.03413 0.01256 0.00000 0.00000 0.00000 0.00000 0.00000 0.00000 0.00000 0.00000 0.00000 0.00000 0.00000 0.00000 0.00000 0.00000 0.00000 0.00000 0.00000 0.00000 0.00000 0.00000 0.00000 0.00000 0.00000 0.00000 0.00751 0.00327 0.00000 0.00000 0.00697 0.01045 0.00000 0.00000 0.00000 0.00000 0.00014 0.00010
-9999 -9999 -9999 -9999 -9999 -9999 -9999 -9999 -9999 -9999 -9999 -9999 0.00182 0.00471 0.00000 0.00243 0.00000 0.00000 0.00000 0.00000 0.00000 0.00000 0.00000 0.00000 0.00000 0.00000 0.00000 0.00065 0.00990 0.02044 0.01978 0.05725 0.14121 0.10257 0.06979 0.03459 0.01353 0.00000 0.00000 0.00000 0.00000 0.00000 0.00000 0.00000 0.00000 0.00000 0.00000 0.00000 0.00000 0.00000 0.00000 0.00000 0.00000 0.00000 0.00000 0.00000 0.00000 0.00000 0.00000 0.00000 0.00119 0.00278 0.00000 0.00000 0.00149 0.01510 0.01054 0.00170 0.00038 0.00000 0.00000 0.01015 0.01015
-9999 -9999 -9999 -9999 -9999 -9999 -9999 -9999 -9999 -9999 -9999 -9999 0.01557 0.00317 0.00927 0.07167 0.07588 0.02565 0.01211 0.00000 0.00000 0.00181 0.00000 0.00000 0.00000 0.00000 0.00000 0.04401 0.04189 0.04961 0.06280 0.14095 0.07250 0.07503 0.14345 0.13937 0.11027 0.00911 0.00863 0.00445 0.00000 0.00000 0.00000 0.00000 0.00000 0.00000 0.00000 0.00000 0.00000 0.00000 0.00000 0.00000 0.00000 0.00000 0.00706 0.00088 0.00117 0.00536 0.00765 0.00145 0.00000 0.00000 0.00574 0.01028 0.00424 0.02724 0.02014 0.00050 0.00000 0.02503 0.03673 0.00000 0.00000
-9999 -9999 -9999 0.05951 0.03314 0.02519 0.03228 0.03232 0.02603 -9999 0.01604 0.00479 0.01757 0.01456 0.01559 0.11105 0.08952 0.07328 0.02210 0.00000 0.00000 0.00776 0.00770 0.00000 0.00027 0.00248 0.01784 0.02683 0.04403 0.01220 0.06191 0.17308 0.13540 0.05812 0.14910 0.14754 0.12274 0.01448 0.01326 0.00450 0.00248 0.00000 0.00000 0.00000 0.00000 0.00000 0.00000 0.00000 0.00000 0.00000 0.00000 0.00000 0.00000 0.00200 0.00249 0.00006 0.00000 0.00302 0.00178 0.00161 0.00570 0.00479 0.00974 0.00669 0.00486 0.04145 0.02296 0.00160 0.00601 0.04106 0.03340 0.00000 0.00000
-9999 -9999 -9999 0.15145 0.13328 0.04329 0.05560 0.05381 0.06341 0.09191 0.03451 0.03877 0.00426 0.04638 0.02264 0.02936 0.01988 0.03325 0.03223 0.01496 0.01923 0.00605 0.01480 0.04279 0.03083 0.05875 0.05468 0.02982 0.01578 0.00231 0.04016 0.05045 0.05706 0.00910 0.01260 0.07664 0.06511 0.07902 0.17555 0.00000 0.00000 0.00000 0.00000 0.00000 0.00000 0.00000 0.00000 0.00000 0.00000 0.00000 0.00000 0.00000 0.00000 0.00016 0.00044 0.00000 0.00000 0.00089 0.00000 0.00000 0.00211 0.03974 0.04604 0.00000 0.00000 0.02157 0.01943 0.07193 0.05102 0.02322 0.02003 0.01522 0.00315
-9999 -9999 -9999 0.42766 0.18197 0.17948 0.04862 0.13275 0.15048 0.11190 0.06964 0.05158 0.03321 0.06828 0.01290 0.01931 0.01144 0.02765 0.09782 0.05607 0.04269 0.01440 0.03537 0.02600 0.01430 0.11194 0.10625 0.09327 0.12497 0.02681 0.01076 0.02783 0.13982 0.03949 0.02565 0.09989 0.17293 0.19915 0.20475 0.00135 0.00000 0.00000 0.00000 0.00000 0.00000 0.00000 0.00000 0.00000 0.00000 0.00000 0.00000 0.00000 0.00000 0.00017 0.00073 0.00000 0.00057 0.00675 0.00029 0.00113 0.00259 0.14375 0.20305 0.00395 0.01305 0.04626 0.04256 0.03480 0.00064 0.00934 0.00312 0.07184 0.08618
-9999 -9999 -9999 0.31827 0.44778 0.11566 0.16039 0.07754 0.15588 0.12005 0.12336 0.27387 0.15939 0.05555 0.01636 0.04121 0.03870 0.01661 0.05590 0.08365 0.01051 0.00050 0.00001 0.00687 0.01793 0.14444 0.17931 0.26539 0.08461 0.01618 0.17245 0.26717 0.16683 0.01018 0.01275 0.13465 0.26375 0.25046 0.14236 0.13476 0.04102 0.00079 0.00000 0.00000 0.00082 0.00000 0.00000 0.00000 0.00000 0.00012 0.00000 0.00000 0.00000 0.00009 0.00217 0.02110 0.02457 0.00811 0.00369 0.00182 0.00012 0.02979 0.03385 0.06621 0.06307 0.15080 0.11114 0.02737 0.00000 0.00848 0.07282 0.35143 -9999
-9999 -9999 -9999 0.70231 0.60549 0.15147 0.15704 0.20057 0.20246 0.18610 0.33553 0.44538 0.20709 0.06460 0.00333 0.03355 0.01876 0.23721 0.44085 0.44997 0.22962 0.00887 0.04239 0.27089 0.42983 0.62454 1.00487 0.78675 0.38581 0.18457 0.12107 0.06653 0.02607 0.05472 0.05572 0.31903 0.28830 0.38048 0.43643 0.29634 0.08989 0.00835 0.00189 0.00057 0.01298 0.00149 0.00117 0.00165 0.00107 0.00137 0.00146 0.00207 0.00240 0.00014 0.00403 0.01623 0.06017 0.03717 0.01031 0.00014 0.00000 0.03820 0.04637 0.01014 0.01251 0.21863 0.13046 0.01177 0.01066 0.12123 0.49147 -9999 -9999
-9999 -9999 -9999 -9999 0.60751 0.42364 0.44312 0.10091 0.17931 0.32457 0.29214 0.24105 0.03784 0.33899 -9999 -9999 -9999 -9999 -9999 0.07414 0.16900 0.67502 0.37840 0.18953 0.27504 0.67375 1.54506 1.17796 0.87436 1.03600 0.76899 0.42016 0.23658 0.69624 1.48106 0.91057 0.68989 0.65258 0.61145 0.66557 0.66008 0.46820 0.35220 0.13705 0.11146 0.16531 0.08326 0.00235 0.02969 0.06275 0.03335 0.03560 0.05756 0.03300 0.02448 0.00003 0.00008 0.00357 0.00316 0.00000 0.00000 0.00000 0.00001 0.00000 0.00000 0.00238 0.01512 0.29566 0.47529 -9999 -9999 -9999 -9999
-9999 -9999 0.90793 0.83429 0.69220 0.84186 0.68863 0.17560 0.51017 0.45343 0.44735 0.45281 0.09097 -9999 -9999 -9999 -9999 -9999 0.06214 0.22058 0.38087 1.43463 1.34882 0.62201 0.60973 0.94809 1.72069 1.93363 1.91353 1.80570 1.44983 1.29135 1.35085 1.61254 1.87719 2.08687 1.46830 1.08330 0.95961 1.02647 0.77357 1.02761 0.77757 0.74731 0.93512 0.75555 0.45483 0.25124 0.41921 0.77550 0.66766 0.59077 0.40889 0.61512 0.29349 0.15656 0.04003 0.01954 0.00848 0.21649 0.23192 0.04120 0.02243 0.01451 0.02436 0.10867 0.22292 -9999 -9999 -9999 -9999 -9999 -9999
-9999 -9999 0.75195 0.93833 1.12144 1.23416 0.94638 0.31698 0.79557 0.69541 0.29094 0.15278 0.51959 -9999 -9999 -9999 -9999 0.62483 0.26679 1.02734 1.24777 1.36282 1.18527 1.27703 1.66799 2.22751 2.23654 1.60770 1.79377 1.96891 1.53473 1.63548 2.30714 2.73690 2.64734 1.64383 1.71917 1.96549 1.53086 1.56882 2.33181 1.42593 1.28626 1.98256 1.59471 1.41506 1.59243 1.12896 3.05375 2.19227 2.55772 1.91272 1.80210 1.81570 1.56618 2.71607 1.96944 0.21487 0.13099 0.29623 0.35289 0.16623 0.31355 0.73288 1.22161 -9999 -9999 -9999 -9999 -9999 1.35855 -9999 -9999
-9999 -9999 2.17194 1.38405 1.12372 1.04904 1.47395 1.84889 1.49556 0.85691 0.55683 0.53853 2.96094 -9999 -9999 -9999 -9999 0.49511 0.77696 1.63813 1.53072 1.28897 1.25948 1.74229 1.48155 2.08668 1.64428 1.78602 1.70962 1.64058 1.47020 1.98472 2.10806 2.25762 2.77084 2.07056 1.88774 2.33145 1.92355 3.01587 3.45029 3.49835 3.81801 3.10121 3.21486 1.69536 1.49223 1.63251 2.41804 2.20710 3.09325 2.22613 2.05286 1.99344 2.11739 4.13745 3.84853 1.07566 1.27326 1.33425 1.57552 2.67468 2.82574 2.04182 1.07137 0.33864 1.00958 0.34063 0.39385 -9999 -9999 -9999 1.25330
-9999 -9999 -9999 2.49977 2.06743 3.30166 3.67855 3.06856 1.24626 0.85649 2.09280 3.40262 -9999 -9999 -9999 -9999 0.81565 1.02806 1.76546 1.78492 1.92180 1.48834 1.20094 1.36188 1.47302 1.57895 1.62778 1.67057 1.95442 1.38700 1.48455 1.93950 2.43845 2.73244 3.05254 3.22567 3.62777 3.76079 3.67107 4.33649 4.43757 4.62299 5.61253 5.92829 6.67282 6.62345 6.26629 5.07546 4.26818 4.59337 4.05079 2.80978 3.06095 3.73079 2.99468 2.04272 2.21523 1.29609 1.41131 1.84135 2.21296 2.57843 1.06876 0.01230 0.00000 0.28812 1.10491 1.33345 1.58328 1.65769 -9999 -9999 0.52322
-9999 -9999 -9999 -9999 4.26985 4.88614 4.74209 1.79770 1.18456 2.81717 3.70962 -9999 -9999 -9999 -9999 0.54256 1.01125 2.22920 3.13826 2.00787 1.76745 1.21811 1.12570 0.74639 1.02488 1.42875 1.48603 1.60363 1.71374 1.79513 1.55471 2.09723 2.31225 2.62402 2.88956 3.46601 3.68807 3.63722 3.65705 3.79917 3.60972 4.11807 4.44812 5.30743 5.98080 7.46022 8.44177 6.60254 5.69331 5.52586 6.41869 4.98870 4.39405 5.72399 6.41157 5.21311 6.12739 2.55265 2.36337 3.34012 1.76868 1.05975 0.92718 0.25159 0.06987 0.71468 2.23677 3.23922 1.46882 1.99708 2.12207 1.18985 1.21977
-9999 -9999 -9999 -9999 -9999 -9999 2.84610 3.17537 5.21353 4.82958 3.02755 -9999 -9999 -9999 -9999 -9999 2.98020 3.52039 3.28182 2.16676 1.60488 1.62895 0.71047 0.72535 0.65317 1.13260 1.33206 1.80904 2.06650 1.96427 1.64169 2.38709 2.76103 2.38420 2.75878 3.43875 3.59760 3.03665 3.31379 3.05347 2.94522 2.76393 2.91511 3.89085 5.07241 6.17103 6.43966 6.30686 6.23357 5.15915 5.75115 6.54017 7.23137 9.04977 8.09743 9.29385 7.56295 4.73000 3.68654 2.77734 1.31297 0.77234 0.62113 0.36522 0.16088 1.02308 2.94145 5.54018 4.58267 4.48349 2.88591 1.43621 0.81966
-9999 -9999 -9999 -9999 -9999 -9999 -9999 -9999 -9999 -9999 -9999 -9999 -9999 -9999 -9999 -9999 -9999 -9999 -9999 2.09473 1.64592 1.35106 0.91995 0.66043 0.82256 1.26199 1.54139 1.59049 1.72004 1.52987 1.97486 2.77910 2.63494 2.73450 2.71076 3.19125 3.65597 3.55295 3.54795 3.07916 2.91638 2.88601 3.15393 3.65419 4.40845 5.06516 5.37152 6.32060 5.89772 7.02259 7.63172 7.13489 6.58664 7.27530 7.04566 7.10758 7.85463 5.58369 4.71561 3.31727 1.20137 0.87366 0.74308 0.33299 0.29461 2.69447 6.05199 7.57136 7.26086 3.32199 2.35999 0.85457 0.64479
-9999 -9999 -9999 -9999 -9999 -9999 -9999 -9999 -9999 -9999 -9999 -9999 -9999 -9999 -9999 -9999 -9999 -9999 2.93073 2.16909 1.84076 0.96993 1.16113 1.21550 1.14801 1.23789 1.25806 1.59112 1.25734 1.61000 1.85464 1.91058 2.07519 2.34401 2.89329 3.20728 3.00182 3.39754 2.95459 2.58462 2.67080 3.07442 3.28399 3.40697 3.88626 4.39964 4.55583 3.41580 4.62963 5.55336 6.34846 9.14290 9.94713 11.23370 8.06012 8.09304 8.14017 4.12366 2.71846 4.17926 4.36983 3.99518 2.36285 1.25380 0.67931 4.04259 6.08071 11.04870 9.72262 6.68182 4.04433 0.48128 1.28100
-9999 -9999 -9999 -9999 -9999 -9999 -9999 -9999 -9999 -9999 -9999 -9999 -9999 -9999 -9999 -9999 -9999 3.22261 2.81829 2.07018 1.60402 1.08862 1.13047 1.04948 0.87162 0.97816 1.21858 1.20148 1.20779 1.76312 2.00157 1.97831 2.27686 2.67684 3.24795 2.78198 2.72695 2.91307 2.98777 2.59326 2.54075 3.08173 3.18510 3.47301 3.30408 3.75026 4.90323 3.88843 4.70340 5.20043 5.87886 7.75156 9.58083 12.03100 11.48010 11.74780 7.46480 3.96839 3.64791 5.51674 7.54807 4.95226 1.25980 0.87005 4.16243 5.75936 5.95181 11.96100 13.27850 8.53878 3.81323 1.11081 1.43436
-9999 -9999 -9999 -9999 -9999 -9999 -9999 -9999 -9999 -9999 -9999 -9999 -9999 -9999 -9999 -9999 -9999 2.32664 1.91363 1.37931 1.40617 0.94774 0.52584 0.54806 0.84824 0.72619 0.79142 0.88445 0.99920 1.04081 1.28404 1.66729 1.71330 2.62062 2.44872 2.46054 2.51022 2.16755 1.68479 2.15492 2.28322 2.55221 2.84252 2.55483 2.69495 3.64586 4.07140 2.63271 3.09683 5.53443 5.33428 6.89854 7.01862 8.08824 9.55649 11.10640 5.64746 4.07436 5.74638 7.10362 6.76039 3.96513 4.09372 3.67203 1.95352 2.69106 5.99757 5.10479 11.44990 11.64720 11.10910 3.13667 0.78367
-9999 -9999 -9999 -9999 -9999 -9999 -9999 -9999 -9999 -9999 -9999 -9999 -9999 -9999 -9999 -9999 2.10414 1.72647 1.19629 1.06326 0.89912 0.56279 0.44469 0.70204 0.89669 0.72679 0.75832 1.38856 1.14294 0.86005 0.83018 1.30573 1.79261 2.49659 2.13198 1.84425 2.02042 2.44351 1.81271 2.14923 1.91991 2.52254 2.83424 2.63058 2.54975 3.32991 3.53000 2.40658 2.69797 5.31356 5.38533 7.00812 7.25087 7.77518 9.11215 11.25900 9.03915 6.14230 5.66222 6.82562 7.53533 5.68840 4.63814 2.48060 4.47733 4.27471 5.53557 8.75141 15.60960 14.58250 10.68960 3.35361 2.21120
-9999 -9999 -9999 -9999 -9999 -9999 -9999 -9999 -9999 -9999 -9999 -9999 -9999 1.43211 1.43425 1.60844 1.41998 0.99680 0.92037 0.44494 0.46688 0.35716 0.30831 0.51903 0.49550 0.70297 0.98536 0.52301 0.51913 0.58571 0.73716 0.84772 0.84616 0.83402 0.98236 0.97755 1.24549 1.44540 0.96222 1.10774 1.05583 1.39028 1.35261 0.98694 1.41299 1.51775 1.88225 2.50699 2.88858 4.16719 4.34349 4.76030 5.38131 6.41512 6.87398 5.47512 5.69841 5.61677 4.94182 5.68239 6.33773 6.48045 7.30842 4.75491 6.76855 12.41430 10.84000 14.60760 10.93700 13.65730 4.59135 2.09132 1.46661
-9999 -9999 -9999 -9999 -9999 -9999 -9999 -9999 -9999 -9999 -9999 -9999 1.31230 1.24277 1.37851 1.33585 1.13300 0.72840 0.54938 0.25372 0.33954 0.28428 0.29480 0.50470 0.49627 0.59506 0.58873 0.48703 0.66633 0.83431 0.70899 0.81992 1.00131 1.12721 1.05923 0.93749 0.57943 0.78030 0.95141 0.77290 0.79816 0.64664 0.98030 0.79084 1.17567 1.55518 1.49614 2.35984 2.44041 3.10334 4.21047 3.47034 5.22518 4.80594 6.52211 7.95006 7.49091 4.50133 4.75900 4.89674 6.63694 6.71162 6.95775 7.12213 9.09798 16.63280 17.05650 12.35630 13.43330 7.39882 2.02411 3.89652 2.51309
-9999 -9999 -9999 -9999 -9999 -9999 -9999 -9999 -9999 -9999 -9999 1.38265 1.16247 1.16944 0.79257 0.55584 0.52496 0.38541 0.39265 0.29272 0.32156 0.17971 0.18630 0.35115 0.31864 0.24207 0.35131 0.26895 0.36200 0.69179 0.63343 0.46885 0.52554 0.51991 0.52712 0.71007 0.65614 0.66939 0.57622 0.48652 0.45050 0.67241 0.64048 0.72608 1.01645 1.05577 1.02618 1.97787 2.42419 2.85621 3.44343 3.24065 3.71029 4.67211 4.50106 4.88375 6.49280 6.04015 5.32743 6.00248 7.27213 9.61312 9.33348 11.19710 14.50300 13.41150 13.87720 11.53750 10.97630 2.33926 0.61923 0.37693 0.54165
-9999 -9999 -9999 -9999 -9999 -9999 -9999 -9999 -9999 -9999 1.40677 1.20002 0.96609 0.74393 0.69278 0.53328 0.52448 0.43002 0.42496 0.36075 0.21395 0.18385 0.22487 0.23850 0.35631 0.28625 0.24895 0.38229 0.32939 0.38607 0.38811 0.51338 0.50687 0.80375 1.10206 0.93629 0.71681 0.76565 0.69856 0.48809 0.65544 0.64743 0.69000 0.69432 0.67747 0.66437 0.97413 1.54024 1.86602 2.64135 2.90675 2.50568 3.83269 3.23749 4.01688 4.29327 5.29523 5.39952 6.10633 8.80794 9.51439 9.55490 10.27230 12.53650 14.47280 13.76740 19.04380 15.79920 7.79125 1.21859 0.46487 1.39408 1.32189
-9999 -9999 -9999 -9999 -9999 -9999 -9999 -9999 -9999 0.11373 0.11106 0.09511 0.10904 0.10770 0.09956 0.09689 0.06136 0.05999 0.05755 0.04699 0.04687 0.03288 0.03151 0.04414 0.03921 0.03498 0.03364 0.04622 0.03807 0.05115 0.05975 0.32448 0.47819 0.39023 0.64574 1.16137 0.63210 0.60400 0.48386 0.65120 0.32119 0.44232 0.43325 0.82382 0.58500 1.03164 1.28304 1.56741 1.96201 1.89626 2.29681 2.53922 2.80788 3.81117 3.84693 4.10666 5.38691 6.33642 6.47428 7.93463 8.49486 10.05840 9.84883 11.97780 12.32420 12.88560 13.75920 2.50239 0.96684 0.23871 0.25012 0.30000 0.35726
-9999 -9999 -9999 -9999 -9999 -9999 -9999 -9999 -9999 -9999 0.09670 0.07079 0.06133 0.07050 0.06653 0.06967 0.06855 0.06373 0.06436 0.04672 0.04326 0.03359 0.03925 -9999 -9999 -9999 -9999 -9999 -9999 0.06049 0.06848 0.30498 0.39745 0.29112 0.43908 1.17836 0.85773 0.50108 0.36606 0.59772 0.34222 0.45505 0.44406 0.77615 0.78057 0.95381 1.48125 1.30658 1.81722 1.65105 1.98343 2.12544 2.55198 3.01297 4.26051 3.51494 4.92508 5.74647 5.80654 7.53876 8.70768 9.76113 10.45860 8.26223 10.98840 12.34840 10.71860 1.61891 0.31854 0.23043 0.18058 0.66838 1.07899
-9999 -9999 -9999 -9999 -9999 -9999 -9999 -9999 -9999 -9999 -9999 -9999 0.06017 0.05452 0.05554 0.04547 0.03475 0.05103 0.05158 -9999 -9999 -9999 -9999 -9999 -9999 -9999 -9999 -9999 -9999 -9999 -9999 -9999 -9999 0.20039 0.34812 0.66803 0.64596 0.66248 0.42945 0.30819 0.43845 0.47145 0.59162 0.48840 0.45618 0.87978 1.26560 1.49392 1.49459 2.40765 2.46616 2.15395 2.31256 2.73136 2.77712 2.80670 3.70189 3.74317 3.50119 7.39673 8.38868 8.91493 10.66910 11.51820 11.92500 9.33186 5.37596 0.81888 0.56293 1.08761 1.19029 1.13739 -9999
-9999 -9999 -9999 -9999 -9999 -9999 -9999 -9999 -9999 -9999 -9999 -9999 -9999 -9999 -9999 -9999 -9999 -9999 -9999 -9999 -9999 -9999 -9999 -9999 -9999 -9999 -9999 -9999 -9999 -9999 -9999 -9999 -9999 -9999 0.29274 0.30498 0.34737 0.44433 0.33995 0.40379 0.61626 0.66311 0.83903 0.54391 0.69889 0.94666 1.18854 1.40545 1.82165 2.21586 2.57083 2.44662 2.59162 2.66285 2.84416 3.07265 3.12511 4.17468 5.17159 8.12700 8.90099 11.14210 13.16660 12.87230 12.17480 9.11733 6.26451 0.63399 0.81135 1.31686 3.44110 -9999 -9999
-9999 -9999 -9999 -9999 -9999 -9999 -9999 -9999 -9999 -9999 -9999 -9999 -9999 -9999 -9999 -9999 -9999 -9999 -9999 -9999 -9999 -9999 -9999 -9999 -9999 -9999 -9999 -9999 -9999 -9999 -9999 -9999 -9999 -9999 0.31465 0.41677 0.56893 0.66118 0.34913 0.42960 0.58651 0.76468 0.73673 0.77265 0.82175 1.09226 1.09090 1.65878 2.27960 1.72285 1.93642 1.96780 2.42773 2.65101 2.47580 2.32811 2.98676 3.88049 5.03891 7.38183 7.44913 7.82357 9.91050 10.20280 9.70423 5.32899 5.57767 2.41960 2.79832 6.45714 -9999 -9999 -9999
-9999 -9999 -9999 -9999 -9999 -9999 -9999 -9999 -9999 -9999 -9999 -9999 -9999 -9999 -9999 -9999 -9999 -9999 -9999 -9999 -9999 -9999 -9999 -9999 -9999 -9999 -9999 -9999 -9999 -9999 -9999 -9999 -9999 -9999 -9999 -9999 -9999 -9999 0.69443 0.63850 0.60407 0.56126 0.88375 1.02226 1.05599 1.10986 1.52779 2.03431 2.14831 1.82114 1.74410 1.81009 1.84197 2.36700 2.37981 2.24536 1.93755 2.94392 5.58664 7.13875 7.31588 10.66280 11.71450 9.48247 6.38233 5.20849 5.71509 6.29291 11.79730 -9999 -9999 -9999 -9999
