data/hydroclimate-scenarios/BCSD_hadcm_B1/monthly_summaries/runoff_monthly_tot_aug.2030-2059.asc
ncols	311
nrows	91
xllcenter	102.75
yllcenter	31.75
cellsize	0.5
NODATA_value	-9999
[rows 32 to 63 of 91, columns 0 to 71 of 311]
-9999 -9999 -9999 -9999 -9999 -9999 -9999 -9999 -9999 -9999 -9999 6.56332 6.91567 7.90804 7.39950 7.42784 7.67351 8.10693 6.67687 6.67904 8.32528 8.60806 8.40303 8.15471 9.35072 9.61215 9.53038 10.30990 9.64502 6.59820 6.60747 6.20177 5.79756 5.85771 5.92772 5.93715 6.44199 6.63584 7.58256 7.58627 7.69744 7.61701 8.02908 7.58311 7.65205 7.78136 7.48667 8.22989 8.17086 8.34008 8.15178 8.00512 7.89424 9.31266 9.24326 8.96254 9.07292 9.51412 9.25451 8.31659 8.65055 8.90510 9.65190 10.58830 10.86620 10.02250 11.01010 11.60140 12.77710 13.12610 11.61430 12.52410
-9999 -9999 -9999 -9999 -9999 -9999 -9999 -9999 -9999 -9999 -9999 7.28590 7.56047 7.52911 7.75556 7.68004 7.66363 8.28362 8.32994 8.08791 8.47520 8.61597 10.37450 9.91779 10.16730 8.65036 8.50401 9.03221 8.13548 8.76199 8.58435 6.65314 6.92779 6.68041 7.43907 7.03667 8.53994 8.07430 9.01453 9.78376 8.49294 10.44350 9.15612 8.93072 9.29815 9.11911 9.20294 9.63362 9.35442 9.36037 9.34717 8.39178 8.23938 9.43951 7.98487 8.43237 8.41475 8.95778 9.11457 9.27384 9.35901 11.30050 10.77810 9.54443 12.62140 11.69730 11.98240 11.91640 12.13780 13.21290 11.50140 13.44320
-9999 -9999 -9999 -9999 -9999 -9999 -9999 -9999 -9999 -9999 -9999 -9999 7.34649 7.28578 7.24195 7.68276 8.17800 8.33967 8.43621 8.07976 9.75197 7.69793 8.08471 8.31701 8.51210 9.59236 9.06516 9.10023 7.69594 7.20371 9.03286 8.77410 8.86002 8.98418 8.84470 8.46723 8.59411 7.81628 8.86869 9.00750 9.38272 10.03480 10.53170 8.80380 9.07420 10.20590 9.71703 9.34852 9.14981 9.31241 8.87152 9.99694 9.88509 9.29227 9.41872 8.79745 8.75487 9.90685 10.88210 10.38060 10.09020 9.72955 9.89396 10.52190 11.25110 12.62010 11.61320 11.75020 13.50420 13.94910 11.25380 12.70830
-9999 -9999 -9999 -9999 -9999 -9999 -9999 -9999 -9999 -9999 -9999 -9999 7.28772 7.16017 7.69846 7.93217 7.94609 9.95694 9.91713 7.76557 8.12301 9.31309 9.28592 9.16092 9.52779 9.17958 8.56581 9.46259 8.08334 7.97982 7.80343 10.44440 9.46385 8.52688 8.95626 6.52881 6.72116 6.92818 7.08654 7.67022 9.91306 8.95223 9.23283 10.68180 9.85421 10.19020 10.34680 9.65254 8.98050 10.01070 9.63779 9.70702 9.55836 10.22860 9.72110 10.07580 10.52670 9.87018 8.24943 9.93728 9.39467 8.77980 9.17421 10.71660 11.84050 11.06970 11.37960 11.53860 12.31280 13.06040 14.06780 13.19050
-9999 -9999 -9999 -9999 -9999 -9999 -9999 -9999 -9999 -9999 -9999 -9999 7.55401 7.16803 9.55817 8.90003 9.43787 7.55180 8.06777 8.29170 8.79740 9.89772 9.74803 9.29557 9.13587 9.67822 9.07933 8.43543 8.65456 7.63641 6.85215 8.48974 7.18534 7.19497 6.53566 6.05304 6.29798 7.08260 6.88152 7.73893 9.27055 10.25260 9.96650 10.89360 11.22760 12.02410 11.90970 12.00740 11.67360 10.23980 9.76332 10.22220 9.34085 9.35150 8.79267 7.86954 7.74570 8.74153 8.77509 10.74580 8.27880 9.03598 9.02864 8.32665 10.86480 11.11920 11.12230 11.15330 12.68820 13.42880 14.31970 14.57090
-9999 -9999 -9999 6.52645 6.68646 6.55466 6.17565 6.39892 6.67719 -9999 7.34855 9.81848 9.37164 6.97424 7.25842 7.17854 7.63943 7.66545 8.79557 8.81775 9.01414 9.53893 9.67973 9.39748 9.22205 9.90673 9.23511 9.50046 8.76771 9.02164 7.92105 7.31205 6.98953 7.83997 7.19625 5.11208 6.99098 7.86223 8.51135 8.71808 9.39233 10.67200 11.10690 11.70610 12.36120 13.25080 14.77930 12.56850 12.49820 12.35110 12.11480 12.39570 12.27640 12.85480 11.99300 11.84690 12.11060 10.16800 10.38410 8.76758 10.78810 9.70486 9.51783 9.54710 8.94814 9.21786 9.89311 10.64520 11.70480 13.35780 15.40590 16.59970
-9999 -9999 -9999 7.04619 7.06212 7.14911 7.11866 7.35574 6.98545 9.04688 9.31474 8.89702 7.38351 6.73659 7.47444 7.89157 8.36298 8.52335 9.20294 9.54196 9.33525 9.78169 9.48748 10.20670 10.25330 9.64307 9.59951 9.16800 9.36601 9.90157 6.52870 8.10848 7.93023 8.32449 8.15065 8.91443 9.21673 10.15760 9.44367 11.41810 11.70340 11.21530 12.17480 13.62560 14.31450 15.84310 16.91100 14.11430 15.07850 15.47670 15.87740 15.45830 15.56030 15.35620 13.21830 14.26410 12.45790 11.81680 11.97950 10.66780 10.58210 11.24720 11.14160 10.50590 10.89760 9.68896 9.90784 9.73962 11.94290 14.07670 15.98650 18.60940
-9999 -9999 -9999 6.84331 7.28787 7.28723 9.82165 9.73840 9.37054 9.23474 9.18434 9.52577 7.68910 7.59673 8.01089 7.62106 9.01887 8.61814 8.65399 8.98047 9.71175 10.01740 7.59272 10.23900 11.03280 10.16220 10.15400 10.09350 9.11635 10.47000 11.43410 10.28830 8.85638 8.91111 9.18713 9.75254 9.99891 9.87860 10.02380 10.94140 12.10980 12.45000 13.54940 14.93540 14.69800 15.38520 16.76590 16.41910 16.38140 19.64080 20.74380 16.81860 16.60530 15.92800 14.64100 14.58870 13.12630 12.28440 12.71040 12.34190 11.35800 11.18950 11.04550 11.87120 11.70970 11.65050 11.75060 12.14380 14.60640 17.43070 19.87220 21.65160
-9999 -9999 -9999 7.19527 6.76826 8.05747 9.46441 10.05290 9.42727 9.19707 9.12197 7.15682 7.68699 8.02942 8.31517 7.91617 8.59753 9.29638 9.74311 8.89677 10.43480 10.30600 11.65690 11.43390 10.15720 10.55480 9.63152 9.12726 11.02420 12.07670 10.65040 7.98286 8.75986 10.81490 11.06720 10.90580 9.96807 9.68006 10.99920 11.32070 12.20970 15.03250 17.13300 17.53930 16.11980 19.08990 20.45220 18.56170 20.84600 20.27130 21.66860 19.43250 18.42570 17.71140 16.65170 14.78210 13.09090 12.89210 13.36650 13.28880 13.19540 13.16480 12.46380 12.50810 12.71990 12.72270 13.69170 15.15200 18.64470 20.98630 21.85440 23.80450
-9999 -9999 -9999 6.91560 6.89670 8.33431 10.21680 10.11370 10.25670 9.66678 9.36056 9.97354 8.03490 8.59510 9.66428 9.41950 9.53151 9.20854 9.23892 9.52910 10.69810 10.42460 11.75810 10.58670 9.94990 9.67555 9.42472 9.12712 9.72637 10.88430 10.70490 9.79058 10.04860 10.12510 10.33820 10.52450 10.87860 10.57590 10.94430 11.90070 13.96270 15.64690 17.76310 18.48430 18.83520 20.06110 20.27770 20.07310 20.41790 22.36470 22.26140 18.90130 18.88220 19.58770 16.74060 17.12270 14.44230 13.24230 14.31330 16.83000 16.25300 15.47760 15.20550 15.99750 15.59830 14.07330 15.46170 17.71300 20.06010 20.40910 21.31270 -9999
-9999 -9999 -9999 -9999 11.21880 11.71340 11.27910 11.92130 11.30250 10.45160 10.17070 8.72897 10.44500 8.85323 -9999 -9999 -9999 -9999 -9999 11.43320 12.04690 11.39170 11.82240 12.55190 10.89620 10.50720 9.76509 9.41080 10.27660 9.91382 9.97449 9.97948 10.39620 9.79937 9.53979 9.72127 10.76600 10.17230 11.15730 11.85100 12.15180 14.44830 16.78160 19.36120 20.52800 20.63590 21.86220 24.74530 23.65510 21.92640 23.82200 22.82880 20.46620 21.42550 20.17710 20.48490 19.77840 18.99870 17.46480 17.37180 18.62320 19.74860 16.72590 18.92000 18.64500 17.13580 18.71990 17.01370 16.14240 -9999 -9999 -9999
-9999 -9999 10.04300 12.24300 12.51930 12.08440 11.99830 12.99900 11.67830 11.26550 10.66640 9.30154 11.16730 -9999 -9999 -9999 -9999 -9999 15.52260 11.88640 12.94660 12.06120 11.56700 12.52840 11.78180 11.49870 9.46191 9.63530 9.84070 10.10950 9.80816 10.07320 10.02760 10.35750 10.44720 10.60700 11.20430 10.81120 11.54690 11.72300 12.80020 14.84830 16.44780 16.99330 17.44320 18.91150 20.33320 21.58550 21.58870 19.77650 20.24000 20.32140 22.77610 19.02590 20.53110 18.86130 19.00510 19.58300 19.45770 17.65030 18.07060 18.51290 16.51710 15.80310 15.54510 15.36340 14.33530 -9999 -9999 -9999 -9999 -9999
-9999 -9999 14.60020 14.18790 13.02170 12.66910 12.47680 13.89680 12.75350 11.89400 9.97774 10.73900 9.82793 -9999 -9999 -9999 -9999 11.52990 14.42850 12.50500 13.15820 12.56780 12.45210 11.37350 10.94070 10.24180 10.02170 9.68809 9.97958 10.16910 10.04540 10.46430 10.31780 10.46980 11.13860 11.32710 11.41910 10.76880 12.07130 13.77320 14.81270 16.20150 16.98570 17.62090 19.26910 18.75610 19.42080 20.32990 19.46830 19.88660 20.45490 18.68110 18.74160 18.58930 17.91440 15.60800 16.83890 17.22840 17.39810 16.86250 15.71880 16.86860 16.20700 16.08670 16.72080 -9999 -9999 -9999 -9999 -9999 11.98900 -9999
-9999 -9999 15.41830 16.02830 14.71800 13.91910 13.64160 13.45900 13.25010 12.73230 10.69390 10.54620 8.58731 -9999 -9999 -9999 -9999 13.37550 13.41910 13.08910 12.76380 12.05810 11.78990 11.52120 11.56520 10.88360 10.35130 9.62924 9.81980 9.83856 10.34920 10.26500 10.65200 10.77270 10.70490 11.83810 12.59650 12.44520 13.07690 13.02940 14.57840 14.51990 14.99770 18.19390 18.82430 18.59450 19.22890 20.40410 19.80060 19.97870 18.61470 17.69250 16.75680 17.42870 18.31330 15.44520 15.85550 18.46380 19.34200 19.96640 14.76630 16.94040 18.14680 18.42960 19.94220 18.82950 13.75070 13.40950 11.84290 -9999 -9999 -9999
-9999 -9999 -9999 17.68430 16.05300 14.23140 13.14090 12.73780 11.67780 12.60620 11.56960 9.24680 -9999 -9999 -9999 -9999 11.85890 13.37340 12.93540 12.56870 13.47220 12.44600 12.67250 12.01430 11.50960 10.96550 10.82400 10.07260 10.17300 10.92900 10.48670 11.10100 10.89710 11.11850 11.41600 11.24630 11.27590 11.90020 12.14780 11.96810 13.29420 13.02060 19.09740 20.79110 20.27990 21.69780 17.91300 15.47690 15.84850 17.27900 19.21670 19.28160 18.60820 19.99860 22.96640 22.82380 20.70630 23.05780 23.42230 21.35200 20.28770 19.96330 22.48920 25.56710 25.05650 21.15050 14.04950 12.69750 11.07250 14.91880 -9999 -9999
-9999 -9999 -9999 -9999 16.93170 13.89560 13.35170 12.59350 13.02740 9.85708 9.86906 -9999 -9999 -9999 -9999 12.47380 12.18450 12.14990 15.08300 12.16390 11.83800 11.84140 12.14190 12.20640 11.58440 10.72930 10.49110 10.01530 10.04020 10.03200 10.16960 10.32750 10.10520 10.10560 11.41190 11.87230 11.89340 12.28750 12.55730 12.33710 12.65730 13.11700 13.70890 15.61280 16.38070 20.63440 22.74320 19.97700 18.02390 16.69000 18.08790 17.14710 18.37070 20.74010 19.65910 19.17050 20.98190 22.07940 22.48390 21.92850 23.70040 24.57240 24.63730 23.94280 23.80650 21.98110 13.43120 11.66800 11.09250 9.85434 9.33398 9.20126
-9999 -9999 -9999 -9999 -9999 -9999 14.27800 16.43460 10.33390 11.69610 9.92076 -9999 -9999 -9999 -9999 -9999 11.54300 11.89390 12.03950 12.26020 12.16080 9.89278 11.38240 11.88130 11.66340 10.61110 9.99936 12.97800 12.46740 12.18300 9.57175 9.88484 9.56559 10.47650 10.50360 11.07070 12.25030 12.25840 12.14270 12.35420 12.53850 14.42720 14.83830 14.19390 19.52540 19.67080 20.13750 20.93380 19.48980 18.22010 18.75140 20.01320 22.08860 25.26990 23.14170 26.07310 20.10710 21.68980 22.09380 22.48970 23.54610 23.82410 25.58100 25.82230 23.74930 22.06200 13.92460 10.49250 9.19942 10.82670 11.56250 10.38590
-9999 -9999 -9999 -9999 -9999 -9999 -9999 -9999 -9999 -9999 -9999 -9999 -9999 -9999 -9999 -9999 -9999 -9999 -9999 11.90100 11.52040 9.44779 10.87460 11.02480 10.70700 10.18970 11.98670 9.49091 9.15566 8.76034 9.81675 9.58318 10.34340 10.37450 10.59520 11.18170 11.92390 12.73710 13.11920 13.67280 14.44550 15.38880 15.37750 15.54080 15.41850 16.23990 16.15770 21.31270 20.39990 21.03290 22.22680 20.33790 19.19870 19.66150 16.56880 16.60750 21.51950 20.54270 22.69870 24.00010 23.95290 22.10380 26.28400 26.77170 24.80420 17.74720 12.61740 9.84845 8.95277 10.71730 12.58210 11.76970
-9999 -9999 -9999 -9999 -9999 -9999 -9999 -9999 -9999 -9999 -9999 -9999 -9999 -9999 -9999 -9999 -9999 -9999 12.45340 11.40390 10.79620 10.27290 10.44930 10.64080 9.71279 9.13155 11.04030 10.52510 8.67506 8.23486 8.48961 9.59344 10.30650 10.45000 10.79500 12.95880 11.41980 12.64350 13.53190 15.08750 16.09900 16.91880 17.07500 16.60930 16.83390 21.28780 17.89750 11.06760 15.85110 16.56840 17.05390 27.37680 28.06190 28.51480 21.82110 20.76290 21.84070 23.36340 22.50280 24.21590 21.95190 21.90860 24.62380 25.72340 22.91690 19.13860 16.19980 10.90050 11.99840 10.08230 12.11880 14.87450
-9999 -9999 -9999 -9999 -9999 -9999 -9999 -9999 -9999 -9999 -9999 -9999 -9999 -9999 -9999 -9999 -9999 12.69840 12.32110 11.22610 11.30710 10.26570 9.16913 8.93902 8.58690 8.27405 11.01200 9.02182 10.14000 10.11980 10.70460 11.07200 9.65895 11.61270 12.67880 14.10040 15.57710 13.56520 13.96300 15.63120 16.54310 20.93110 18.42840 20.45030 16.26610 16.24690 21.93530 16.30380 15.81620 16.10560 15.43570 20.32490 25.03260 27.71310 28.87530 29.38200 24.09800 24.39380 25.52940 26.22780 23.30800 23.00100 27.54180 26.54260 25.25120 22.77820 19.57450 14.95530 15.48640 15.57690 19.07490 14.49660
-9999 -9999 -9999 -9999 -9999 -9999 -9999 -9999 -9999 -9999 -9999 -9999 -9999 -9999 -9999 -9999 -9999 13.23020 12.76580 12.95800 11.96080 12.99350 11.45980 8.13435 7.49208 8.31446 7.58186 7.48943 7.02553 9.59268 10.27310 10.22200 10.90520 11.92490 12.95640 14.35780 15.93790 12.86320 14.28970 15.41560 16.44700 16.54890 20.42040 14.92950 18.48590 19.39480 19.12030 10.83850 10.93560 15.93360 14.21130 19.48440 20.75020 23.13190 28.47930 31.01790 30.89980 27.65670 25.59900 24.76860 27.54610 29.00040 28.82280 29.16820 30.14250 27.27670 23.43280 20.90420 20.31160 19.91340 18.09560 19.34370
-9999 -9999 -9999 -9999 -9999 -9999 -9999 -9999 -9999 -9999 -9999 -9999 -9999 -9999 -9999 -9999 13.66670 14.08770 13.52500 12.37210 12.51570 9.02798 8.81568 8.28967 7.41526 7.45836 7.01593 6.79379 6.84484 6.68845 6.83183 7.18791 10.30610 10.88250 11.62760 12.80860 13.62900 16.00680 13.74040 14.10010 14.69170 16.07470 21.68900 17.97310 13.95470 18.24810 19.17280 11.24760 10.77830 15.89480 15.24500 21.39650 22.15680 23.47190 27.76950 30.72300 33.30230 31.20950 23.17140 27.50020 27.74720 30.21670 32.89940 40.72280 39.35700 33.56850 29.67270 25.96300 24.77290 22.81410 22.06840 18.33270
-9999 -9999 -9999 -9999 -9999 -9999 -9999 -9999 -9999 -9999 -9999 -9999 -9999 12.24250 11.94150 11.59840 11.47870 12.33760 14.24440 12.36680 9.63376 10.59370 9.59906 8.39504 8.10967 7.16931 6.76585 4.40664 4.46232 4.59094 7.22895 7.19531 4.92632 5.10313 8.19817 8.66416 10.23360 10.71550 8.36496 8.92528 8.97678 13.54910 13.53190 8.67494 13.58550 14.36330 15.25130 15.32240 15.88820 17.51680 18.48550 18.83280 18.92580 18.62490 19.24150 15.99340 19.94430 21.66760 16.59460 18.48970 22.77530 26.28210 30.73220 24.02500 23.01340 25.32580 19.87990 29.96670 21.23660 28.42070 26.61610 18.35550
-9999 -9999 -9999 -9999 -9999 -9999 -9999 -9999 -9999 -9999 -9999 -9999 11.53780 11.51830 14.11690 13.45090 13.96610 10.47270 10.21240 9.28414 8.97433 8.40251 7.82652 7.53463 7.46311 6.56237 6.08655 4.21709 6.28184 6.64113 6.19793 7.09055 7.68084 7.98714 8.43346 8.03450 6.26992 6.95512 8.38689 8.65437 8.69199 8.62336 12.85230 12.61930 13.01410 14.51160 15.46670 15.84530 16.56910 17.55640 19.50230 13.73380 20.33420 14.12790 19.44630 20.08670 22.15960 15.78920 18.21590 20.10450 24.70710 22.63040 21.00030 22.08950 23.16200 30.43030 29.61020 23.50720 26.10130 28.94830 24.94920 19.09380
-9999 -9999 -9999 -9999 -9999 -9999 -9999 -9999 -9999 -9999 -9999 14.92580 11.31250 13.60240 10.41730 9.87126 9.28843 8.68682 8.40983 8.55602 8.09979 7.20436 6.98054 6.60249 6.40465 5.81142 8.55908 6.32775 6.35476 6.06185 5.84222 4.23537 4.63476 5.14836 5.15060 8.16634 6.35325 7.54407 8.33479 8.62132 8.36408 12.81610 12.08090 12.21790 12.86080 13.84700 14.46260 15.16300 16.31610 18.31130 20.20550 16.94960 16.46760 21.57270 16.79330 16.10480 21.96930 18.27160 14.13500 16.38980 18.26640 22.09490 20.41430 22.05480 28.34660 24.38690 24.52460 25.90510 31.23500 29.04540 26.60410 22.66080
-9999 -9999 -9999 -9999 -9999 -9999 -9999 -9999 -9999 -9999 10.65350 10.76290 10.20310 10.00300 9.23870 8.55049 8.20992 8.09957 7.98471 7.85319 7.45826 6.54551 6.38464 6.03441 5.76156 5.39516 5.24956 5.80619 5.57742 3.28541 3.33817 4.22856 4.13916 6.53177 7.13799 7.74259 6.21428 7.43985 8.52054 8.34186 12.21770 11.47040 11.17590 11.65170 11.93000 13.32050 14.23150 15.11460 16.69660 19.02780 20.93040 18.38990 23.16490 17.68380 17.20440 16.68070 21.03230 18.82740 17.00910 21.01460 21.93850 21.16660 20.33410 23.27160 25.25350 23.52620 29.02520 35.73440 33.73460 30.95940 29.28210 24.95850
-9999 -9999 -9999 -9999 -9999 -9999 -9999 -9999 -9999 1.44306 1.37935 1.41850 1.51359 1.43715 1.39390 1.43448 1.40816 1.31666 1.23111 1.11700 1.08507 1.11933 1.11777 1.05181 1.00235 0.93028 0.91445 0.95066 0.92569 0.93348 0.92785 3.70512 4.61976 5.17980 7.48531 9.54056 7.64694 8.05458 8.43097 11.75200 10.43780 10.94350 10.93600 15.16140 10.95310 16.76790 13.89530 16.07090 17.79190 19.71530 21.58040 23.17600 19.34560 25.51910 22.15370 21.50130 20.47690 19.96560 19.62000 20.27850 20.44770 20.83360 19.91750 23.57230 22.45130 23.75420 26.46000 7.00677 6.37808 6.32910 5.87546 6.48825
-9999 -9999 -9999 -9999 -9999 -9999 -9999 -9999 -9999 -9999 1.33525 1.27694 1.28454 1.23732 1.16065 1.26498 1.28017 1.18430 1.11204 1.08071 1.07002 1.03639 1.03615 -9999 -9999 -9999 -9999 -9999 -9999 1.05282 1.16073 4.32243 4.34467 4.98228 5.10822 9.57591 10.79960 7.68970 7.80267 11.30090 10.44610 10.80650 11.34100 14.38960 14.48760 15.97570 17.85220 15.63750 18.30480 20.06240 21.59450 16.45670 18.58430 20.58920 24.55950 20.14150 18.96320 19.00680 18.83060 19.59120 19.77940 18.64370 17.44880 15.17780 23.08910 24.37680 25.82200 6.46002 6.85295 7.10189 6.48732 7.87225
-9999 -9999 -9999 -9999 -9999 -9999 -9999 -9999 -9999 -9999 -9999 -9999 1.17515 1.14564 1.14503 1.02434 1.04769 1.03591 1.02700 -9999 -9999 -9999 -9999 -9999 -9999 -9999 -9999 -9999 -9999 -9999 -9999 -9999 -9999 5.07720 8.23982 9.12220 9.46600 9.70481 6.96443 8.11973 11.07950 10.16280 10.86400 10.47120 10.35640 14.29070 15.82180 13.70010 15.92720 17.04590 18.51420 21.63490 22.42020 22.61820 21.51300 19.04770 19.08730 18.16530 12.38020 19.08440 18.79040 17.54200 20.21720 20.49470 22.36360 23.54540 22.68770 5.71877 6.13948 6.44589 7.71113 7.74114
-9999 -9999 -9999 -9999 -9999 -9999 -9999 -9999 -9999 -9999 -9999 -9999 -9999 -9999 -9999 -9999 -9999 -9999 -9999 -9999 -9999 -9999 -9999 -9999 -9999 -9999 -9999 -9999 -9999 -9999 -9999 -9999 -9999 -9999 8.10815 8.54501 8.76494 8.79411 6.37908 10.11800 10.64170 10.21530 13.71910 10.62240 14.00380 14.51630 12.61780 13.35090 15.47630 16.28600 17.59980 20.27680 20.28700 20.34900 20.20080 18.67410 17.37660 19.23530 17.54530 17.29270 16.07900 19.55200 19.21390 20.00550 20.92070 21.65820 23.93520 5.80235 6.45310 6.80623 7.37859 -9999
-9999 -9999 -9999 -9999 -9999 -9999 -9999 -9999 -9999 -9999 -9999 -9999 -9999 -9999 -9999 -9999 -9999 -9999 -9999 -9999 -9999 -9999 -9999 -9999 -9999 -9999 -9999 -9999 -9999 -9999 -9999 -9999 -9999 -9999 7.52353 8.06354 8.61498 9.72219 7.00018 8.16968 8.46278 12.50310 12.32040 8.80993 10.87140 10.85890 11.72200 13.35040 14.93480 16.22610 16.98750 16.24370 16.68620 18.88610 18.78590 17.21270 17.33850 16.51820 16.32580 17.33660 14.98630 13.47650 15.55760 15.76420 18.53050 18.65310 22.68250 21.27750 24.66910 26.19490 -9999 -9999
-9999 -9999 -9999 -9999 -9999 -9999 -9999 -9999 -9999 -9999 -9999 -9999 -9999 -9999 -9999 -9999 -9999 -9999 -9999 -9999 -9999 -9999 -9999 -9999 -9999 -9999 -9999 -9999 -9999 -9999 -9999 -9999 -9999 -9999 -9999 -9999 -9999 -9999 8.73746 8.09491 7.91965 8.55374 10.50810 10.35580 9.31471 10.90360 12.37710 13.50750 14.42730 15.82030 16.11200 15.27800 15.53480 17.37420 18.47490 16.12140 10.97880 11.18070 16.33230 14.07140 12.07760 16.33680 19.60860 17.87130 22.16660 18.80780 21.76640 24.07700 19.41400 -9999 -9999 -9999
