data/hydroclimate-scenarios/BCSD_hadcm_B1/monthly_summaries/runoff_monthly_tot_jun.2070-2099.asc
ncols	311
nrows	91
xllcenter	102.75
yllcenter	31.75
cellsize	0.5
NODATA_value	-9999
[rows 0 to 31 of 91, columns 216 to 287 of 311]
-9999 -9999 -9999 -9999 -9999 -9999 -9999 -9999 -9999 -9999 -9999 -9999 -9999 -9999 -9999 -9999 -9999 -9999 -9999 -9999 -9999 -9999 -9999 -9999 -9999 -9999 -9999 -9999 -9999 -9999 -9999 -9999 -9999 -9999 -9999 -9999 -9999 -9999 -9999 -9999 -9999 -9999 -9999 -9999 -9999 -9999 -9999 -9999 -9999 -9999 -9999 -9999 -9999 -9999 -9999 -9999 -9999 -9999 -9999 -9999 -9999 -9999 -9999 -9999 -9999 -9999 -9999 -9999 -9999 -9999 -9999 -9999
-9999 -9999 -9999 -9999 -9999 -9999 -9999 -9999 -9999 -9999 -9999 -9999 -9999 -9999 -9999 -9999 -9999 -9999 -9999 -9999 -9999 -9999 -9999 -9999 -9999 -9999 -9999 -9999 -9999 -9999 -9999 -9999 -9999 -9999 -9999 -9999 -9999 -9999 -9999 -9999 -9999 -9999 -9999 -9999 -9999 -9999 -9999 -9999 -9999 -9999 -9999 -9999 -9999 -9999 -9999 -9999 -9999 -9999 -9999 -9999 -9999 -9999 -9999 -9999 -9999 -9999 -9999 -9999 -9999 -9999 -9999 -9999
-9999 -9999 -9999 -9999 -9999 -9999 -9999 -9999 -9999 -9999 -9999 -9999 -9999 -9999 -9999 -9999 -9999 -9999 -9999 -9999 -9999 -9999 -9999 -9999 -9999 -9999 -9999 -9999 -9999 -9999 -9999 -9999 -9999 -9999 -9999 -9999 -9999 -9999 -9999 -9999 -9999 -9999 -9999 -9999 -9999 -9999 -9999 -9999 -9999 -9999 -9999 -9999 -9999 -9999 -9999 -9999 -9999 -9999 -9999 -9999 -9999 -9999 -9999 -9999 -9999 -9999 -9999 -9999 -9999 -9999 -9999 -9999
-9999 -9999 -9999 -9999 -9999 -9999 -9999 -9999 -9999 -9999 -9999 -9999 -9999 -9999 -9999 -9999 -9999 -9999 -9999 -9999 -9999 -9999 -9999 -9999 -9999 -9999 -9999 -9999 -9999 -9999 -9999 -9999 -9999 -9999 -9999 -9999 -9999 -9999 -9999 -9999 -9999 -9999 -9999 -9999 -9999 -9999 -9999 -9999 -9999 -9999 -9999 -9999 -9999 -9999 -9999 -9999 -9999 -9999 -9999 -9999 -9999 -9999 -9999 -9999 -9999 -9999 -9999 -9999 -9999 -9999 -9999 -9999
-9999 -9999 -9999 -9999 -9999 -9999 -9999 -9999 -9999 -9999 -9999 -9999 -9999 -9999 -9999 -9999 -9999 -9999 -9999 -9999 -9999 -9999 -9999 -9999 -9999 -9999 -9999 -9999 -9999 -9999 -9999 -9999 -9999 -9999 -9999 -9999 -9999 -9999 -9999 -9999 -9999 -9999 -9999 -9999 -9999 -9999 -9999 -9999 -9999 -9999 -9999 -9999 -9999 -9999 -9999 -9999 -9999 -9999 -9999 -9999 -9999 -9999 -9999 -9999 -9999 -9999 -9999 -9999 -9999 -9999 -9999 -9999
-9999 -9999 -9999 -9999 -9999 -9999 -9999 -9999 -9999 -9999 -9999 -9999 -9999 -9999 -9999 -9999 -9999 -9999 -9999 -9999 -9999 -9999 -9999 -9999 -9999 -9999 -9999 -9999 -9999 -9999 -9999 -9999 -9999 -9999 -9999 -9999 -9999 -9999 -9999 -9999 -9999 -9999 -9999 -9999 -9999 -9999 -9999 -9999 -9999 -9999 -9999 -9999 -9999 -9999 -9999 -9999 -9999 -9999 -9999 -9999 -9999 -9999 -9999 -9999 -9999 -9999 -9999 -9999 -9999 -9999 -9999 -9999
-9999 -9999 -9999 -9999 -9999 -9999 -9999 -9999 -9999 -9999 -9999 -9999 -9999 -9999 -9999 -9999 -9999 -9999 -9999 -9999 -9999 -9999 -9999 -9999 -9999 -9999 -9999 -9999 -9999 -9999 -9999 -9999 -9999 -9999 -9999 -9999 -9999 -9999 -9999 -9999 -9999 -9999 -9999 -9999 -9999 -9999 -9999 -9999 -9999 -9999 -9999 -9999 -9999 -9999 -9999 -9999 -9999 -9999 -9999 -9999 -9999 -9999 -9999 -9999 -9999 -9999 -9999 -9999 -9999 -9999 -9999 -9999
-9999 -9999 -9999 -9999 -9999 -9999 -9999 -9999 -9999 -9999 -9999 -9999 -9999 -9999 -9999 -9999 -9999 -9999 -9999 -9999 -9999 -9999 -9999 -9999 -9999 -9999 -9999 -9999 -9999 -9999 -9999 -9999 -9999 -9999 -9999 -9999 -9999 -9999 -9999 -9999 -9999 -9999 -9999 -9999 -9999 -9999 -9999 -9999 -9999 -9999 -9999 -9999 -9999 -9999 -9999 -9999 -9999 -9999 -9999 -9999 -9999 -9999 -9999 -9999 -9999 -9999 -9999 -9999 -9999 -9999 -9999 -9999
-9999 -9999 -9999 -9999 -9999 -9999 -9999 -9999 -9999 -9999 -9999 -9999 -9999 -9999 -9999 -9999 -9999 -9999 -9999 -9999 -9999 -9999 -9999 -9999 -9999 -9999 -9999 -9999 -9999 -9999 -9999 -9999 -9999 -9999 -9999 -9999 -9999 -9999 -9999 -9999 -9999 -9999 -9999 -9999 -9999 -9999 -9999 -9999 -9999 -9999 -9999 -9999 -9999 -9999 -9999 -9999 -9999 -9999 -9999 -9999 -9999 -9999 -9999 -9999 -9999 -9999 -9999 -9999 -9999 -9999 -9999 -9999
-9999 -9999 -9999 -9999 -9999 -9999 -9999 -9999 -9999 -9999 -9999 -9999 -9999 -9999 -9999 -9999 -9999 -9999 -9999 -9999 -9999 -9999 -9999 -9999 -9999 -9999 -9999 -9999 -9999 -9999 -9999 -9999 -9999 -9999 -9999 -9999 -9999 -9999 -9999 -9999 -9999 -9999 -9999 -9999 -9999 -9999 -9999 -9999 -9999 -9999 -9999 -9999 -9999 -9999 -9999 -9999 -9999 -9999 -9999 -9999 -9999 -9999 -9999 -9999 -9999 -9999 -9999 -9999 -9999 -9999 -9999 -9999
-9999 -9999 -9999 -9999 -9999 -9999 -9999 -9999 -9999 -9999 -9999 -9999 -9999 -9999 -9999 -9999 -9999 -9999 -9999 -9999 -9999 -9999 -9999 -9999 -9999 -9999 -9999 -9999 -9999 -9999 -9999 -9999 -9999 -9999 -9999 -9999 -9999 -9999 -9999 -9999 -9999 -9999 -9999 -9999 -9999 -9999 -9999 -9999 -9999 -9999 -9999 -9999 -9999 -9999 -9999 -9999 -9999 -9999 -9999 -9999 -9999 -9999 -9999 -9999 -9999 -9999 -9999 -9999 -9999 -9999 -9999 -9999
-9999 -9999 -9999 -9999 -9999 -9999 -9999 -9999 -9999 -9999 -9999 -9999 -9999 -9999 -9999 -9999 -9999 -9999 -9999 -9999 -9999 -9999 -9999 -9999 -9999 -9999 -9999 -9999 -9999 -9999 -9999 -9999 -9999 -9999 -9999 -9999 -9999 -9999 -9999 -9999 -9999 -9999 -9999 -9999 -9999 -9999 -9999 -9999 -9999 -9999 -9999 -9999 -9999 -9999 -9999 -9999 -9999 -9999 -9999 -9999 -9999 -9999 -9999 -9999 -9999 -9999 -9999 -9999 -9999 -9999 -9999 -9999
-9999 -9999 -9999 -9999 -9999 -9999 -9999 -9999 -9999 -9999 -9999 -9999 -9999 -9999 -9999 -9999 -9999 -9999 -9999 -9999 -9999 -9999 -9999 -9999 -9999 -9999 -9999 -9999 -9999 -9999 -9999 -9999 -9999 -9999 -9999 -9999 -9999 -9999 -9999 -9999 -9999 -9999 -9999 -9999 -9999 -9999 -9999 -9999 -9999 -9999 -9999 -9999 -9999 -9999 -9999 -9999 -9999 -9999 -9999 -9999 -9999 -9999 -9999 -9999 -9999 -9999 -9999 -9999 -9999 -9999 -9999 -9999
8.33079 4.55214 4.48850 -9999 -9999 -9999 -9999 -9999 -9999 -9999 -9999 -9999 -9999 -9999 -9999 -9999 -9999 -9999 -9999 -9999 -9999 -9999 -9999 -9999 -9999 -9999 -9999 -9999 -9999 -9999 -9999 -9999 -9999 -9999 -9999 -9999 -9999 -9999 -9999 -9999 -9999 -9999 -9999 -9999 3.75669 -9999 -9999 -9999 -9999 -9999 -9999 -9999 -9999 -9999 -9999 -9999 -9999 -9999 -9999 -9999 -9999 -9999 -9999 -9999 -9999 -9999 -9999 -9999 -9999 -9999 -9999 -9999
6.42296 6.65176 6.66000 4.27547 4.09464 3.69102 4.70419 2.01231 2.76462 4.58639 20.47150 13.49580 13.00310 15.36660 11.08350 45.25050 -9999 -9999 -9999 -9999 -9999 -9999 -9999 -9999 -9999 -9999 -9999 -9999 -9999 -9999 -9999 -9999 -9999 -9999 -9999 -9999 -9999 -9999 -9999 1.18412 0.84443 0.84414 1.05691 1.83657 2.61294 4.25445 -9999 -9999 -9999 5.95332 -9999 -9999 -9999 5.93672 9.35786 9.33951 -9999 -9999 -9999 -9999 -9999 -9999 -9999 -9999 -9999 -9999 -9999 -9999 -9999 -9999 -9999 -9999
5.26317 4.84687 4.93553 1.74887 2.00423 2.44718 2.73544 2.47589 4.44610 4.78070 6.40855 7.89863 6.08746 4.94440 4.13729 3.98060 3.23909 2.90469 2.77064 5.85933 12.57610 6.31920 -9999 -9999 -9999 -9999 -9999 4.92469 4.54305 4.58878 6.03465 4.63420 4.01054 3.05827 2.51052 1.30042 1.11198 1.20330 1.22448 1.19274 1.29538 1.49655 1.54053 2.97502 3.96306 6.13535 7.14890 8.49814 7.77137 7.73770 9.27681 7.35904 6.90111 11.48240 14.15850 12.71910 12.57530 13.70170 11.77070 10.91030 8.08541 -9999 -9999 -9999 -9999 -9999 -9999 -9999 -9999 -9999 -9999 -9999
4.58080 4.07272 3.89686 4.63908 6.54987 7.14257 7.03155 6.04661 8.58087 9.60995 12.73080 9.64854 9.70519 7.84153 6.47713 3.83226 3.05421 3.33679 2.91246 8.04447 4.60283 5.23596 6.60934 11.68920 13.85990 9.92319 8.19940 4.16676 3.80999 5.40812 7.00168 5.68272 4.46114 3.42974 3.92002 1.70354 1.84792 2.53876 3.32236 3.71035 5.00188 9.46084 7.27847 11.42170 10.59560 8.15648 6.73548 7.65083 6.95540 8.79504 9.61240 9.58724 13.01210 9.54473 9.47189 16.94690 17.30370 11.37580 14.06010 15.19500 18.65600 14.52310 10.80150 9.26402 9.41526 8.27535 7.90387 8.97288 8.88906 -9999 -9999 -9999
8.26792 7.41722 8.08534 6.17234 5.73759 6.00718 4.97976 4.19768 3.95749 5.02997 4.75644 3.72935 3.56853 4.52505 4.09336 4.10707 3.93224 3.78785 5.09217 11.32340 12.99530 5.66219 6.53809 11.73530 16.10890 15.50860 17.27090 9.17037 5.65871 7.26072 8.03824 7.06295 6.62129 5.92154 6.48398 4.54342 4.75803 6.15877 7.42489 6.55574 5.91281 6.38794 6.02646 7.79717 8.30739 5.93758 5.95800 7.07342 7.54230 7.09668 7.79635 7.86158 9.23333 7.71518 6.86489 12.67150 13.31720 12.17050 14.55050 15.83220 17.27440 12.68210 11.30870 11.42870 14.28310 15.52320 17.38880 19.05820 13.64700 -9999 4.07134 -9999
5.53765 6.60238 4.85181 4.51954 4.12724 3.74038 3.43426 3.70800 3.89883 3.53872 3.83498 4.12235 4.45098 4.89336 4.33678 5.63967 5.09284 6.16344 10.22820 12.75430 12.67190 8.25209 7.13519 8.20659 8.13574 8.34710 10.15160 7.03454 10.73110 10.47540 9.75135 9.44025 9.36195 10.23650 9.80939 9.14655 9.25532 6.75786 8.53928 6.90620 7.53759 6.85401 7.67492 8.85389 7.57992 5.81456 4.75113 7.13669 6.66773 4.25471 4.35211 3.79932 3.22817 3.68395 4.02586 10.02720 10.90570 8.22170 9.82740 14.33180 14.25290 14.72250 16.53540 16.41390 15.78180 14.29430 14.24710 19.67200 21.65860 14.34700 -9999 -9999
7.11710 6.35021 6.00397 5.10535 4.66297 4.23937 3.81329 3.74267 3.47039 3.62278 3.47319 4.38515 4.93308 4.92631 5.34387 8.10583 10.13210 7.84731 13.19220 10.79700 11.70730 7.39216 7.35609 8.37375 7.99748 12.08400 10.31920 5.04083 13.64170 11.63740 6.03223 7.09255 7.79361 7.19217 6.37455 7.83906 9.29934 7.40184 6.83027 11.44830 12.35420 7.76948 8.63630 10.04590 8.28193 6.39848 5.29605 9.34340 9.51808 5.95705 4.22996 3.85625 3.65474 3.62571 3.73620 9.05886 8.87582 6.08528 6.84904 9.65297 11.58880 14.32070 15.34670 14.98160 17.91840 21.54360 25.33530 34.51200 40.75510 24.96370 17.65430 -9999
10.61900 6.50168 4.90117 4.96683 4.30407 2.81432 2.58415 2.40262 2.36249 2.46616 2.85619 3.95345 6.27748 7.16030 7.35495 7.48459 7.15012 5.27125 5.80359 6.71021 6.15259 4.78598 6.16086 7.06775 7.35963 6.20164 8.08411 5.69619 9.14921 8.65658 5.61510 4.10657 3.99937 3.51024 3.96413 4.16500 4.70062 6.42295 5.31039 5.79040 5.88794 6.09865 6.17124 7.33503 7.64249 7.79495 7.58871 9.78768 6.37315 5.88649 5.83444 6.51925 7.42638 5.28765 4.13366 5.96589 5.62647 4.46201 5.31789 4.72514 5.53451 6.13969 7.36282 13.53990 24.02070 23.91850 25.74620 30.50090 32.75980 37.18620 41.35900 24.77520
3.74072 2.70431 3.08079 3.69704 4.15774 3.92594 3.83815 3.24649 3.05467 2.99935 3.04068 4.31178 5.35304 6.24098 6.40636 7.69284 7.81976 5.67090 5.68200 5.05387 5.11620 4.88297 5.77057 6.19779 7.39873 5.82466 7.38812 4.90966 4.63089 6.25938 5.00512 4.29328 3.62464 3.01070 2.79669 2.87563 2.87961 3.67891 4.11094 5.20867 5.01829 4.16434 5.36876 6.74514 7.53592 6.96050 7.12311 5.99550 5.46085 4.71421 5.00319 6.60007 4.94304 4.41536 4.40881 6.25191 5.92360 5.00893 4.64398 4.51265 4.19378 4.33578 3.97603 12.29430 24.67900 18.58180 16.80260 20.91980 21.01140 16.98370 18.84470 14.23500
5.17063 5.52647 8.20469 12.58540 14.00510 12.43900 10.52500 7.25608 7.09036 6.48783 3.79463 5.24645 6.08165 7.82996 6.90271 8.25686 8.66319 5.85647 5.22777 5.02459 5.00788 4.11842 5.09926 5.22170 5.65068 6.30616 6.01656 7.47291 5.85835 5.82466 6.58208 6.68790 5.66605 6.02754 7.17454 6.06165 5.32426 5.99757 5.16747 3.99051 4.86415 5.84456 6.77274 8.84120 13.69100 13.98530 15.08780 12.62240 10.17420 8.72457 8.16309 7.05524 8.13100 8.25287 8.39929 4.94546 4.80166 5.87130 4.21275 4.79446 4.33160 4.10221 4.90000 15.75910 15.54240 13.26970 12.65650 11.29040 12.68820 12.80540 12.86380 15.87460
6.95656 4.72539 6.74828 10.03020 9.86622 10.31150 9.90171 8.71212 9.20075 8.67511 7.89110 7.74297 6.72221 6.37602 5.85995 8.47820 8.64705 7.58812 5.27143 5.55270 5.64414 4.38528 4.24412 4.80421 4.88319 5.43162 5.36792 8.49312 8.07178 8.39093 8.44575 7.81903 7.40463 8.01732 9.26939 7.12903 6.09561 9.99936 10.56470 12.07970 22.21090 22.98910 24.46670 15.30880 10.95370 17.32010 17.25810 11.29280 7.68501 10.01620 7.89893 5.22220 6.01476 6.85900 6.56589 5.10033 6.81970 6.95321 4.28312 4.37794 6.66476 6.03052 7.36594 10.80640 12.85560 10.69490 8.88408 5.67659 6.84386 11.14550 11.18990 10.19910
6.22082 5.35516 5.13783 4.54508 5.21175 7.94064 8.79491 9.37669 8.62719 10.23130 10.73400 10.47140 9.30484 8.17019 5.66642 5.48817 8.31542 8.76140 6.67372 6.29156 6.15848 3.46165 3.32592 3.85266 3.77036 4.51493 4.86464 5.58224 6.59393 5.90392 6.68181 4.98803 5.74209 7.19883 8.20668 8.49412 10.16010 21.11980 26.59470 24.64940 27.26450 39.23890 57.11310 57.77170 26.71520 20.82720 10.12630 8.63972 7.04182 6.98757 8.46716 6.08430 4.44890 4.52995 4.45842 3.95843 3.82540 5.25261 7.26457 8.27221 6.51613 5.15595 3.84039 3.98748 4.78936 6.63079 6.33313 5.31166 4.08189 4.54789 5.17484 9.78368
5.49272 7.10963 6.57100 7.61665 8.87898 8.70247 7.59078 8.73339 9.79489 11.13160 12.69870 11.62870 7.07277 5.56639 5.00760 5.31628 5.71985 5.76751 7.25415 5.56849 5.40888 4.04066 4.78174 3.53769 3.22060 4.02760 4.75410 5.56505 5.68666 4.88938 5.31302 3.72412 4.46491 5.82986 7.40798 7.05218 11.45610 14.99090 25.95400 21.58920 37.84150 35.53530 49.41920 56.57390 33.81320 19.16980 18.70290 16.62620 9.14420 6.52598 12.88550 14.10640 6.56383 4.75330 4.70747 4.38118 4.08570 4.61766 5.52553 5.09319 3.95523 3.90986 4.56621 4.04375 3.71532 4.23355 5.14989 5.60238 5.88099 4.82670 4.68352 7.54851
12.26380 10.13900 19.75490 31.14610 41.89510 38.88530 28.80150 20.06950 21.17110 11.81490 6.12995 6.35394 6.87805 7.20126 6.62287 6.90031 5.68518 6.07770 6.88563 7.50285 7.88865 6.84168 6.50582 5.88259 6.05288 6.93610 8.43986 6.38921 5.46676 5.05755 5.23958 4.01209 4.13316 5.50339 7.59066 8.69705 8.63566 18.50500 24.92690 58.57220 114.64100 86.19160 77.96080 53.94790 67.45450 43.42460 12.76530 21.13320 18.95130 8.54748 7.49615 7.74219 8.70153 5.70174 5.11796 4.96087 4.51065 4.22646 4.30771 4.45719 4.92231 4.22357 3.60742 4.08874 4.01393 3.93645 3.93268 4.02288 4.20607 4.47459 3.73186 5.24826
21.18050 15.33780 14.99470 17.01300 23.41700 39.52600 51.52500 22.93840 52.30200 46.72940 31.44220 22.28780 10.31320 6.03365 6.34829 9.29419 10.49890 9.36634 10.96600 9.69956 10.22510 6.42403 5.42660 5.21332 5.42017 5.59884 5.88693 5.54594 4.80750 4.50682 4.65068 3.33900 3.54834 4.40635 6.21854 10.56060 14.17420 17.45270 27.18480 80.72770 95.17060 82.67430 108.06100 103.80800 91.37170 43.20100 19.78870 22.00710 19.08950 17.79380 10.83200 8.37657 8.42077 6.22250 5.81208 5.38743 4.97803 4.71027 4.45041 3.87208 3.63093 3.83758 3.73573 3.56817 3.75461 3.63131 3.41704 3.44163 3.63381 3.76254 4.16100 4.93712
16.81630 11.49830 14.21180 26.73390 15.78230 13.44760 11.61340 8.42831 7.87200 7.63287 13.60230 12.05810 18.95250 14.17170 5.71713 8.25106 10.69110 17.62640 26.57410 16.35180 10.07920 4.75664 3.96167 4.12272 4.07363 3.93877 3.85197 4.15579 3.90862 3.63438 3.46506 3.33215 3.93686 4.80424 6.41330 10.06150 15.89100 33.49750 38.00970 83.29210 128.59000 107.49000 124.88900 166.34900 176.43800 96.41280 101.40400 47.14390 31.78330 24.62200 12.72200 11.17000 8.04966 6.74778 6.45512 5.63622 4.82311 4.52036 4.06392 3.86515 3.66084 3.47429 3.50314 3.47865 3.84638 3.59513 3.46085 2.77644 2.67371 2.88690 3.17935 3.67990
32.06850 48.11790 48.99860 29.19590 16.29180 8.23214 7.31520 4.63442 4.32370 11.32390 105.20900 107.22600 35.28520 27.85540 19.72960 14.34310 17.01470 14.57280 39.64230 31.01150 12.90900 8.24145 6.21587 5.10512 3.32717 3.42148 3.39077 3.67042 3.34396 3.11389 3.20918 2.80731 3.15225 3.86153 5.49041 10.78950 12.26850 28.27720 47.89400 50.95930 234.09599 95.77550 159.47800 126.45200 126.51000 134.98100 117.58000 59.53300 34.97020 22.42480 22.97150 14.43760 9.22863 8.45447 7.52941 6.15371 6.33459 5.99859 7.02304 6.41265 5.46836 5.34406 3.96462 3.46267 3.56713 3.78382 3.71317 3.04090 2.73457 3.82579 4.18343 3.19304
14.20000 13.35230 13.35610 32.99390 64.75370 43.29130 13.43590 6.88526 4.10140 7.76255 29.50840 289.56299 204.52699 363.66000 181.33501 50.27480 44.59750 45.16160 97.82450 61.46720 16.34380 9.48498 7.66919 6.10409 5.85385 5.92040 4.89816 4.23831 3.78988 3.34189 3.35864 3.38954 3.96023 4.46382 5.85068 5.95106 8.07241 16.07190 74.93590 90.28210 153.53000 59.08240 74.95090 112.29700 79.29600 48.19630 29.85330 24.06950 24.58220 16.34030 19.93050 18.92090 12.60390 10.26580 9.36132 7.23254 5.76255 5.57347 5.69799 5.49830 5.03515 5.17734 4.57621 4.08605 4.10535 4.68552 4.07342 3.70004 3.32903 4.11497 5.31708 5.58250
11.63570 69.79520 356.33499 -9999 489.49200 313.26700 200.65500 176.98300 28.60010 44.17810 18.58840 13.75500 20.25590 6.68850 48.54850 483.28000 496.77100 230.43900 185.57899 225.17999 97.09660 34.76630 13.83520 10.44030 7.20309 7.11159 6.01055 5.02711 4.38676 3.89723 3.63329 3.71066 3.56470 4.14196 5.78718 9.25201 20.37020 22.14740 58.01830 84.85950 56.17330 45.89470 62.45790 60.70360 45.02880 29.03100 25.63140 20.25220 18.40730 20.29580 20.45680 16.15470 14.22280 12.22730 10.12400 8.16059 6.92705 6.54983 5.80777 5.36833 4.89598 4.81722 4.50801 3.81175 3.79264 4.25162 4.38013 4.81805 5.90196 5.64828 5.51194 5.07406
