data/hydroclimate-scenarios/BCSD_hadcm_B1/monthly_summaries/runoff_monthly_tot_oct.2030-2059.asc
ncols	311
nrows	91
xllcenter	102.75
yllcenter	31.75
cellsize	0.5
NODATA_value	-9999
[rows 0 to 31 of 91, columns 219 to 291 of 311]
-9999 -9999 -9999 -9999 -9999 -9999 -9999 -9999 -9999 -9999 -9999 -9999 -9999 -9999 -9999 -9999 -9999 -9999 -9999 -9999 -9999 -9999 -9999 -9999 -9999 -9999 -9999 -9999 -9999 -9999 -9999 -9999 -9999 -9999 -9999 -9999 -9999 -9999 -9999 -9999 -9999 -9999 -9999 -9999 -9999 -9999 -9999 -9999 -9999 -9999 -9999 -9999 -9999 -9999 -9999 -9999 -9999 -9999 -9999 -9999 -9999 -9999 -9999 -9999 -9999 -9999 -9999 -9999 -9999 -9999 -9999 -9999 -9999
-9999 -9999 -9999 -9999 -9999 -9999 -9999 -9999 -9999 -9999 -9999 -9999 -9999 -9999 -9999 -9999 -9999 -9999 -9999 -9999 -9999 -9999 -9999 -9999 -9999 -9999 -9999 -9999 -9999 -9999 -9999 -9999 -9999 -9999 -9999 -9999 -9999 -9999 -9999 -9999 -9999 -9999 -9999 -9999 -9999 -9999 -9999 -9999 -9999 -9999 -9999 -9999 -9999 -9999 -9999 -9999 -9999 -9999 -9999 -9999 -9999 -9999 -9999 -9999 -9999 -9999 -9999 -9999 -9999 -9999 -9999 -9999 -9999
-9999 -9999 -9999 -9999 -9999 -9999 -9999 -9999 -9999 -9999 -9999 -9999 -9999 -9999 -9999 -9999 -9999 -9999 -9999 -9999 -9999 -9999 -9999 -9999 -9999 -9999 -9999 -9999 -9999 -9999 -9999 -9999 -9999 -9999 -9999 -9999 -9999 -9999 -9999 -9999 -9999 -9999 -9999 -9999 -9999 -9999 -9999 -9999 -9999 -9999 -9999 -9999 -9999 -9999 -9999 -9999 -9999 -9999 -9999 -9999 -9999 -9999 -9999 -9999 -9999 -9999 -9999 -9999 -9999 -9999 -9999 -9999 -9999
-9999 -9999 -9999 -9999 -9999 -9999 -9999 -9999 -9999 -9999 -9999 -9999 -9999 -9999 -9999 -9999 -9999 -9999 -9999 -9999 -9999 -9999 -9999 -9999 -9999 -9999 -9999 -9999 -9999 -9999 -9999 -9999 -9999 -9999 -9999 -9999 -9999 -9999 -9999 -9999 -9999 -9999 -9999 -9999 -9999 -9999 -9999 -9999 -9999 -9999 -9999 -9999 -9999 -9999 -9999 -9999 -9999 -9999 -9999 -9999 -9999 -9999 -9999 -9999 -9999 -9999 -9999 -9999 -9999 -9999 -9999 -9999 -9999
-9999 -9999 -9999 -9999 -9999 -9999 -9999 -9999 -9999 -9999 -9999 -9999 -9999 -9999 -9999 -9999 -9999 -9999 -9999 -9999 -9999 -9999 -9999 -9999 -9999 -9999 -9999 -9999 -9999 -9999 -9999 -9999 -9999 -9999 -9999 -9999 -9999 -9999 -9999 -9999 -9999 -9999 -9999 -9999 -9999 -9999 -9999 -9999 -9999 -9999 -9999 -9999 -9999 -9999 -9999 -9999 -9999 -9999 -9999 -9999 -9999 -9999 -9999 -9999 -9999 -9999 -9999 -9999 -9999 -9999 -9999 -9999 -9999
-9999 -9999 -9999 -9999 -9999 -9999 -9999 -9999 -9999 -9999 -9999 -9999 -9999 -9999 -9999 -9999 -9999 -9999 -9999 -9999 -9999 -9999 -9999 -9999 -9999 -9999 -9999 -9999 -9999 -9999 -9999 -9999 -9999 -9999 -9999 -9999 -9999 -9999 -9999 -9999 -9999 -9999 -9999 -9999 -9999 -9999 -9999 -9999 -9999 -9999 -9999 -9999 -9999 -9999 -9999 -9999 -9999 -9999 -9999 -9999 -9999 -9999 -9999 -9999 -9999 -9999 -9999 -9999 -9999 -9999 -9999 -9999 -9999
-9999 -9999 -9999 -9999 -9999 -9999 -9999 -9999 -9999 -9999 -9999 -9999 -9999 -9999 -9999 -9999 -9999 -9999 -9999 -9999 -9999 -9999 -9999 -9999 -9999 -9999 -9999 -9999 -9999 -9999 -9999 -9999 -9999 -9999 -9999 -9999 -9999 -9999 -9999 -9999 -9999 -9999 -9999 -9999 -9999 -9999 -9999 -9999 -9999 -9999 -9999 -9999 -9999 -9999 -9999 -9999 -9999 -9999 -9999 -9999 -9999 -9999 -9999 -9999 -9999 -9999 -9999 -9999 -9999 -9999 -9999 -9999 -9999
-9999 -9999 -9999 -9999 -9999 -9999 -9999 -9999 -9999 -9999 -9999 -9999 -9999 -9999 -9999 -9999 -9999 -9999 -9999 -9999 -9999 -9999 -9999 -9999 -9999 -9999 -9999 -9999 -9999 -9999 -9999 -9999 -9999 -9999 -9999 -9999 -9999 -9999 -9999 -9999 -9999 -9999 -9999 -9999 -9999 -9999 -9999 -9999 -9999 -9999 -9999 -9999 -9999 -9999 -9999 -9999 -9999 -9999 -9999 -9999 -9999 -9999 -9999 -9999 -9999 -9999 -9999 -9999 -9999 -9999 -9999 -9999 -9999
-9999 -9999 -9999 -9999 -9999 -9999 -9999 -9999 -9999 -9999 -9999 -9999 -9999 -9999 -9999 -9999 -9999 -9999 -9999 -9999 -9999 -9999 -9999 -9999 -9999 -9999 -9999 -9999 -9999 -9999 -9999 -9999 -9999 -9999 -9999 -9999 -9999 -9999 -9999 -9999 -9999 -9999 -9999 -9999 -9999 -9999 -9999 -9999 -9999 -9999 -9999 -9999 -9999 -9999 -9999 -9999 -9999 -9999 -9999 -9999 -9999 -9999 -9999 -9999 -9999 -9999 -9999 -9999 -9999 -9999 -9999 -9999 -9999
-9999 -9999 -9999 -9999 -9999 -9999 -9999 -9999 -9999 -9999 -9999 -9999 -9999 -9999 -9999 -9999 -9999 -9999 -9999 -9999 -9999 -9999 -9999 -9999 -9999 -9999 -9999 -9999 -9999 -9999 -9999 -9999 -9999 -9999 -9999 -9999 -9999 -9999 -9999 -9999 -9999 -9999 -9999 -9999 -9999 -9999 -9999 -9999 -9999 -9999 -9999 -9999 -9999 -9999 -9999 -9999 -9999 -9999 -9999 -9999 -9999 -9999 -9999 -9999 -9999 -9999 -9999 -9999 -9999 -9999 -9999 -9999 -9999
-9999 -9999 -9999 -9999 -9999 -9999 -9999 -9999 -9999 -9999 -9999 -9999 -9999 -9999 -9999 -9999 -9999 -9999 -9999 -9999 -9999 -9999 -9999 -9999 -9999 -9999 -9999 -9999 -9999 -9999 -9999 -9999 -9999 -9999 -9999 -9999 -9999 -9999 -9999 -9999 -9999 -9999 -9999 -9999 -9999 -9999 -9999 -9999 -9999 -9999 -9999 -9999 -9999 -9999 -9999 -9999 -9999 -9999 -9999 -9999 -9999 -9999 -9999 -9999 -9999 -9999 -9999 -9999 -9999 -9999 -9999 -9999 -9999
-9999 -9999 -9999 -9999 -9999 -9999 -9999 -9999 -9999 -9999 -9999 -9999 -9999 -9999 -9999 -9999 -9999 -9999 -9999 -9999 -9999 -9999 -9999 -9999 -9999 -9999 -9999 -9999 -9999 -9999 -9999 -9999 -9999 -9999 -9999 -9999 -9999 -9999 -9999 -9999 -9999 -9999 -9999 -9999 -9999 -9999 -9999 -9999 -9999 -9999 -9999 -9999 -9999 -9999 -9999 -9999 -9999 -9999 -9999 -9999 -9999 -9999 -9999 -9999 -9999 -9999 -9999 -9999 -9999 -9999 -9999 -9999 -9999
-9999 -9999 -9999 -9999 -9999 -9999 -9999 -9999 -9999 -9999 -9999 -9999 -9999 -9999 -9999 -9999 -9999 -9999 -9999 -9999 -9999 -9999 -9999 -9999 -9999 -9999 -9999 -9999 -9999 -9999 -9999 -9999 -9999 -9999 -9999 -9999 -9999 -9999 -9999 -9999 -9999 -9999 -9999 -9999 -9999 -9999 -9999 -9999 -9999 -9999 -9999 -9999 -9999 -9999 -9999 -9999 -9999 -9999 -9999 -9999 -9999 -9999 -9999 -9999 -9999 -9999 -9999 -9999 -9999 -9999 -9999 -9999 -9999
-9999 -9999 -9999 -9999 -9999 -9999 -9999 -9999 -9999 -9999 -9999 -9999 -9999 -9999 -9999 -9999 -9999 -9999 -9999 -9999 -9999 -9999 -9999 -9999 -9999 -9999 -9999 -9999 -9999 -9999 -9999 -9999 -9999 -9999 -9999 -9999 -9999 -9999 -9999 -9999 -9999 0.25733 -9999 -9999 -9999 -9999 -9999 -9999 -9999 -9999 -9999 -9999 -9999 -9999 -9999 -9999 -9999 -9999 -9999 -9999 -9999 -9999 -9999 -9999 -9999 -9999 -9999 -9999 -9999 -9999 -9999 -9999 -9999
0.11129 0.09967 0.16115 0.11310 0.01422 0.01455 0.01478 0.12344 0.12015 0.12063 0.11371 0.11021 1.24486 -9999 -9999 -9999 -9999 -9999 -9999 -9999 -9999 -9999 -9999 -9999 -9999 -9999 -9999 -9999 -9999 -9999 -9999 -9999 -9999 -9999 -9999 -9999 0.01436 0.06005 0.03506 0.00000 0.00066 0.03174 0.41657 -9999 -9999 -9999 1.34143 -9999 -9999 -9999 1.55141 1.85054 2.17712 -9999 -9999 -9999 -9999 -9999 -9999 -9999 -9999 -9999 -9999 -9999 -9999 -9999 -9999 -9999 -9999 -9999 -9999 -9999 -9999
0.02129 0.00000 0.00000 0.00000 0.00000 0.00000 0.00000 0.00000 0.00000 0.00001 0.00000 0.00000 0.00000 0.00000 0.00378 0.01184 0.20925 0.53728 0.32784 -9999 -9999 -9999 -9999 -9999 0.17770 0.16181 0.16871 0.20960 0.34939 0.38267 0.21962 0.18603 0.19638 0.19005 0.21075 0.24912 0.00005 0.00000 0.00000 0.00000 0.00000 0.00000 0.53667 0.68922 0.75617 0.83425 1.17797 1.53890 1.47638 1.31130 1.31066 0.96231 0.78564 0.91548 1.28145 1.59227 0.78270 0.91703 -9999 -9999 -9999 -9999 -9999 -9999 -9999 -9999 -9999 -9999 -9999 -9999 -9999 -9999 -9999
0.00000 0.00000 0.00000 0.00000 0.00000 0.00000 0.00000 0.00000 0.00000 0.00000 0.00000 0.00000 0.00000 0.00120 0.02837 0.03532 0.28423 0.06439 0.10313 0.15029 0.18706 0.22454 0.34893 0.34286 0.27281 0.28923 0.22505 0.25695 0.14410 0.20651 0.22452 0.22389 0.27292 0.28714 0.25229 0.27356 0.24449 0.23898 0.21367 0.23773 0.17729 0.18367 0.34168 0.41080 0.58201 0.68603 0.86797 0.98758 1.09413 1.15811 1.43857 1.58900 1.94964 1.80758 1.70731 1.74686 0.77301 0.32603 0.34827 0.40197 0.99032 0.99647 1.13872 1.08190 1.31655 1.31140 -9999 -9999 -9999 -9999 -9999 -9999 -9999
0.00000 0.00000 0.00000 0.00000 0.00000 0.00000 0.00000 0.00000 0.00000 0.00000 0.00023 0.01454 0.02563 0.03024 0.08021 0.14236 0.78149 0.77274 0.14810 0.13229 0.09258 0.07893 0.13300 0.16183 0.29172 0.41415 0.32765 0.35643 0.26206 0.27849 0.34797 0.36641 0.37216 0.39345 0.33076 0.37070 0.37227 0.40998 0.33540 0.32433 0.16133 0.17835 0.37532 0.42373 0.54625 0.67998 0.86145 1.06349 1.12638 1.20384 1.49737 1.50064 1.63013 1.58403 1.80718 1.79640 0.51285 0.40482 0.71084 0.76079 1.17763 1.22372 1.57631 1.63815 1.89147 1.87779 -9999 1.88447 -9999 -9999 -9999 -9999 -9999
0.12329 0.00000 0.03204 0.06323 0.04379 0.04571 0.01075 0.02187 0.00000 0.01435 0.44466 0.02744 0.04731 0.04183 0.17306 0.44745 1.19801 1.04184 0.42583 0.23047 0.30862 0.05700 0.06772 0.07049 0.32650 0.65716 0.61237 0.55540 0.50313 0.52733 0.66166 0.68822 0.79011 0.75159 0.72750 0.69805 0.37260 0.36879 0.42658 0.46719 0.54454 0.56398 0.61629 0.72143 0.82407 0.80599 0.58808 0.63025 0.75910 0.80176 0.84573 0.90322 0.78162 0.78572 1.04417 0.91907 0.82452 1.00032 0.78067 0.74802 0.94643 1.09656 1.41280 1.56981 2.02669 2.48454 2.86239 -9999 -9999 -9999 -9999 -9999 -9999
0.17142 0.17152 0.43769 0.43581 0.33680 0.34565 0.38799 0.48538 0.46864 0.48286 0.67688 0.65276 2.88947 2.57171 0.60569 0.76234 0.52900 0.61492 0.22148 0.30727 0.51494 0.51758 0.63768 0.17059 0.50750 0.73646 1.01600 0.91092 0.99984 0.98628 1.35761 1.43822 1.43199 1.50606 1.47245 1.46696 0.64343 0.70666 0.75646 0.84147 0.89978 0.91542 1.03623 1.04370 1.28552 1.06855 0.74937 0.74358 0.67982 0.73457 0.87831 0.87488 0.79966 0.84475 1.11298 1.37284 1.59624 1.68515 1.20224 1.33852 1.87114 1.78228 2.54610 3.35364 3.77010 3.56832 3.76637 2.89933 -9999 -9999 -9999 -9999 -9999
0.79002 0.66763 0.44605 0.43384 0.58477 0.60678 0.54014 0.61608 0.64128 0.75255 0.77914 0.81914 1.78804 0.49906 0.02942 0.02248 0.13105 0.00314 0.14480 0.43288 0.79321 0.93207 0.56708 0.29326 0.29169 1.13519 0.87415 0.91680 0.93945 0.80786 0.90431 1.00077 1.24901 1.30194 1.90783 1.71343 1.11928 0.98955 1.03958 1.16328 0.94649 0.96222 1.17039 1.14261 1.20691 1.30031 0.90743 1.02793 1.07663 1.29356 1.45392 1.35086 1.18155 1.26613 1.27171 1.78206 2.10711 2.12403 1.84425 1.82862 1.67794 1.50270 2.10965 2.27366 2.77228 2.84024 3.32011 3.18535 2.88829 2.55214 2.09583 1.87919 -9999
0.65756 0.62176 0.56016 0.56062 0.69686 0.65609 0.60469 0.61020 0.76893 0.81467 0.81320 0.81929 2.70923 1.71115 0.01231 0.00014 0.00012 0.00222 0.14747 0.71974 1.08074 1.06537 0.62854 0.54963 0.24076 0.83335 0.73574 1.16645 1.43206 1.34826 1.42788 1.24676 1.57762 1.67420 1.66372 1.79353 1.69703 1.81925 1.30791 1.30076 1.02618 0.94138 1.24167 1.25205 1.38036 1.47786 1.09071 1.21449 1.30961 1.54421 1.65563 1.67351 1.26635 1.41253 2.15497 2.12502 2.12222 2.05507 1.78724 1.87595 1.82325 1.44586 2.12123 2.39049 3.00408 2.86235 2.90337 2.78134 3.52445 2.90134 2.24570 2.19248 2.15831
2.41348 0.15106 0.08790 0.68071 0.03958 0.29513 0.59207 0.43838 0.65787 0.79144 1.07905 1.01376 0.79274 1.06778 0.03481 0.01043 0.00337 0.01078 0.02779 0.18734 0.33427 0.36350 0.63895 0.90664 0.85841 1.26725 1.08496 0.84579 1.03372 1.19091 1.00094 0.82483 1.28398 1.18480 0.82555 1.01064 1.72707 1.98770 2.27122 2.47791 2.13309 1.63362 1.98325 1.89810 1.50324 1.53231 1.48760 1.56698 1.42946 1.45751 1.55969 1.81283 1.97221 2.27647 2.56163 2.08750 2.45040 2.27820 2.03813 2.08033 1.57709 1.64426 1.66651 1.85410 3.89147 4.05440 4.11066 3.93042 3.73513 4.22847 3.02067 2.04243 2.25556
2.71044 2.54108 0.09884 0.11469 0.08758 0.09904 0.18618 0.11724 0.08200 0.00298 1.04006 0.87580 1.19856 0.96969 0.05078 0.01095 0.00710 0.00611 0.02669 0.03241 0.01429 0.01693 0.11061 0.24843 0.59711 1.04752 0.81413 0.49091 0.24729 0.14902 0.01913 0.09659 0.32523 0.41591 0.21794 0.29911 1.06226 1.28262 1.71689 1.73446 2.08316 2.13689 3.00142 2.99790 2.75324 2.85144 2.25903 1.55380 1.53260 1.47673 1.68315 1.88314 2.22173 1.75768 1.90601 2.07123 1.97063 1.99308 1.74689 1.87749 1.51009 1.73068 1.57031 1.67833 3.18385 3.81393 4.51252 4.38634 4.08163 4.26233 3.30100 3.19794 2.94577
1.39261 1.45607 2.27494 0.95966 0.09625 0.16526 0.18087 0.13680 0.02280 0.05536 0.00000 0.00609 0.03489 1.27406 3.79272 0.02622 0.00009 0.00000 0.00001 0.00000 0.00000 0.00318 0.00314 0.00322 0.00402 0.01120 0.00798 0.00610 0.00341 0.00437 0.00215 0.00161 0.00710 0.02047 0.03270 0.03996 0.37530 0.35214 0.54292 0.65107 0.68356 0.83199 1.76509 2.60436 2.05977 2.14639 2.35943 1.86394 1.04193 1.30719 1.39752 1.43469 1.59245 1.63129 1.84617 1.64460 1.73721 1.45369 2.24548 2.44224 2.02409 1.67857 2.31659 2.19632 2.93976 3.20161 3.91716 4.56608 4.48056 4.56338 3.82694 3.75325 3.80348
1.95445 1.87185 1.86779 1.57637 1.44946 1.44687 0.06951 0.15534 0.23222 0.07543 0.03143 0.02256 0.02544 0.02788 0.03897 0.68785 0.00276 0.00940 0.00350 0.00042 0.00046 0.00109 0.00455 0.01453 0.03412 0.03918 0.03028 0.02998 0.00951 0.00861 0.02166 0.01722 0.04590 0.05782 0.05566 0.13401 0.82351 1.02984 1.07456 1.09913 1.03520 1.51250 1.86608 2.51787 2.62519 2.80037 2.25616 2.35372 1.53483 1.32849 1.58715 1.48402 1.58347 1.67818 1.80174 1.81070 1.91468 1.68964 2.05562 2.11467 2.23355 2.20685 2.46020 2.33459 2.88053 3.24599 3.78895 4.34993 4.63247 4.84553 4.45378 4.43705 4.65399
0.78485 0.64133 0.53467 0.56409 6.26447 2.74166 3.93944 1.58504 1.51429 1.70781 1.41986 1.18432 0.00878 0.00989 0.00485 0.00069 0.03184 0.45511 0.66754 0.74879 0.84351 0.42688 0.53478 1.85494 2.23985 0.73976 0.58541 0.56419 0.63907 0.85035 0.08306 0.21131 0.19197 0.31568 0.57487 0.85585 1.03732 1.26358 1.33384 2.27463 1.78708 1.43550 1.52311 1.54719 1.87311 2.63418 2.42101 2.42491 3.53187 2.01066 2.14334 2.16150 2.40523 2.40014 2.58940 2.54503 2.44485 2.14391 2.33802 2.58599 2.93435 2.76786 2.50390 2.73771 2.94609 3.56409 4.01686 4.25183 4.14278 4.31011 4.81480 4.74142 5.76185
4.95148 7.20922 1.00748 1.13813 0.85645 0.85200 0.25656 3.71720 5.80293 2.41409 1.19676 1.11224 9.65135 6.00275 2.93813 2.80779 1.17639 2.16710 0.58461 0.71518 0.68012 1.15739 1.18366 1.47624 0.95131 0.21472 0.10521 0.54124 0.06441 0.06584 0.35136 0.59666 0.52951 0.66947 0.94312 1.51593 1.59180 2.79778 3.02866 2.67072 1.62734 1.73663 2.31477 2.17073 2.14328 2.02363 2.34706 2.50133 3.85517 2.28755 1.77217 2.20151 2.86341 2.88247 2.82487 2.84719 2.92972 2.78488 2.67307 2.61422 2.77269 3.07903 2.81074 2.78068 3.92483 4.64042 5.47088 4.96478 4.86924 5.08931 5.46792 5.63556 6.31892
3.57812 2.74898 2.81077 3.31745 4.17164 4.41722 3.10581 4.17708 4.24594 3.71967 2.97586 1.22165 17.51600 16.63840 14.96760 7.39016 3.08620 1.57505 0.00594 0.00204 0.51945 1.08748 0.80433 1.32036 1.67462 0.79664 0.27415 0.04519 0.01444 0.02035 0.48244 0.52736 0.97774 1.87350 1.45943 1.84796 2.15917 3.03717 3.32572 3.40465 3.39901 2.33214 2.31975 1.73106 2.14883 1.56062 3.12151 3.56179 4.53589 3.26611 2.16015 2.64118 3.41783 3.11818 2.20559 2.11544 2.09631 2.07968 2.25091 2.90458 2.80857 3.05534 3.16737 3.57666 4.12464 4.64327 5.54508 6.13216 6.86280 6.97429 7.20870 6.11987 5.57883
2.27596 1.70067 1.85285 2.24589 2.54291 3.25166 8.01163 7.50203 6.57714 5.38648 5.32954 3.18923 4.98686 5.11202 10.61270 28.80870 22.29080 6.20501 1.19580 0.18842 0.00931 0.00266 0.31928 1.42169 1.21474 0.18364 0.19815 0.04795 0.01580 0.02152 1.30597 1.11552 2.37408 3.73607 3.88411 3.97430 4.94268 2.96095 5.42909 5.12308 6.07920 5.44489 3.02385 2.51467 2.40401 2.62734 3.03403 3.66922 3.76185 3.83595 3.44097 3.42273 4.01260 4.89916 3.68397 2.98522 2.30975 2.23714 2.35088 2.68034 3.54263 3.84285 4.39961 4.62407 4.85376 5.23192 4.18887 4.97809 7.76368 7.46525 7.54397 7.93338 4.96690
9.29676 15.14550 15.16980 9.06572 5.60141 3.62239 6.61950 11.87630 20.27960 8.61736 16.42120 10.66170 4.00091 6.96653 8.67014 17.66630 18.42800 5.35085 0.84108 0.16795 1.05824 2.62007 0.66160 1.16300 0.65227 0.00257 0.39829 0.06585 0.01389 0.01603 0.37646 1.55348 2.68110 3.90817 3.61835 3.81270 6.09066 5.05687 7.24961 9.56670 8.38114 6.04444 6.22307 6.50080 3.90037 3.42255 2.41596 2.53279 2.44256 3.48988 3.95247 3.75331 4.32083 4.56112 4.45931 4.86688 4.27632 4.19001 4.63633 4.58107 4.27927 4.57928 5.83033 5.89190 6.27442 5.94921 4.09320 4.32540 5.25603 5.41105 7.46536 7.01884 6.97647
-9999 211.89900 142.88200 70.60520 39.01470 22.48450 21.17030 16.66830 16.85070 18.47840 15.53530 18.98810 19.75260 3.60757 3.91816 1.95726 21.29650 20.15240 10.63270 5.48183 4.28701 3.50749 4.77489 4.03867 2.62070 2.15934 0.07236 0.08298 0.01670 1.22843 2.40009 2.04102 1.75525 2.66740 4.57560 4.07633 8.32220 9.32106 6.96031 7.20931 7.46823 7.09199 6.85737 6.76342 6.35568 4.64921 2.47813 3.12253 2.98697 4.02537 4.80266 4.75198 5.09162 5.21532 4.76887 4.40874 4.61060 4.40241 4.51367 4.20826 3.74332 4.03525 4.69481 5.53548 5.23839 5.18347 4.57240 4.21024 4.75685 7.97555 8.37956 7.75424 7.65207
