data/hydroclimate-scenarios/BCSD_hadcm_B1/monthly_summaries/runoff_monthly_tot_apr.2030-2059.asc
ncols	311
nrows	91
xllcenter	102.75
yllcenter	31.75
cellsize	0.5
NODATA_value	-9999
[rows 32 to 63 of 91, columns 0 to 71 of 311]
-9999 -9999 -9999 -9999 -9999 -9999 -9999 -9999 -9999 -9999 -9999 3.75874 3.31925 4.59514 3.55198 1.43713 2.01605 2.39110 1.15125 1.39396 1.41347 2.47812 3.96471 4.04742 4.75925 4.98464 4.65462 5.96327 5.53476 7.32199 6.52142 7.67853 7.57960 8.11211 6.58679 9.24510 9.25188 9.11521 7.54618 5.94362 5.72246 5.74589 5.20279 4.33481 4.77328 4.44356 4.22735 4.88233 4.45983 6.17078 6.90933 6.89919 7.42253 7.10127 8.34906 10.74310 11.08970 12.38650 14.22270 9.70663 10.07100 9.70977 11.00420 13.25310 13.05130 11.70250 9.05662 5.93016 4.56074 2.77797 3.03201 1.10190
-9999 -9999 -9999 -9999 -9999 -9999 -9999 -9999 -9999 -9999 -9999 3.69766 3.04782 4.14373 4.11998 2.23022 2.36097 2.22138 2.67141 3.06222 3.16198 3.98117 5.38926 5.51016 3.93644 3.32610 3.08456 4.38353 6.74351 12.10540 13.71870 9.26736 9.27302 11.53150 12.93340 16.90190 13.48360 10.90390 9.35801 4.26445 5.99213 3.96161 4.71744 4.23556 3.29715 3.51305 3.30002 5.15929 5.50752 8.44168 9.53765 10.54410 11.70310 13.10020 13.07310 13.27120 13.27210 14.98810 14.54700 10.55990 10.81190 11.32370 14.15840 12.78410 12.01360 10.22240 10.89480 9.09255 7.56743 4.66229 5.17361 1.98225
-9999 -9999 -9999 -9999 -9999 -9999 -9999 -9999 -9999 -9999 -9999 -9999 3.01353 3.94779 4.85004 4.05759 3.87454 4.41549 5.41570 6.15243 5.13614 3.75392 2.55027 2.32690 2.01209 1.75333 2.26463 1.84351 4.10891 6.26848 8.67253 14.76960 15.61680 15.35040 15.60090 15.31040 11.03700 10.28410 10.07800 7.02284 6.21328 5.11239 5.25754 6.03009 5.02271 4.43832 5.89042 6.78311 7.42389 8.08395 11.91980 9.95793 9.85084 15.62380 18.03800 19.65000 20.21600 16.01730 14.16220 16.22910 17.75910 15.13530 13.95120 12.56450 13.41890 12.74930 12.31950 7.53274 5.11139 3.18828 5.30647 4.23023
-9999 -9999 -9999 -9999 -9999 -9999 -9999 -9999 -9999 -9999 -9999 -9999 4.48286 5.89656 5.99643 6.36523 7.70154 7.17631 7.41818 6.29533 6.09452 2.13430 1.64943 2.77005 2.29560 4.93232 6.41841 2.50224 5.56280 5.18013 5.20741 9.79857 16.39710 17.06230 15.97990 13.93030 12.94930 13.23360 12.48220 7.13434 7.85611 4.49083 5.44492 5.55166 7.14376 6.69984 7.78764 7.46244 9.89415 6.12007 7.06023 12.45170 13.06630 21.39280 22.73410 24.19580 22.60850 18.98510 14.70290 14.76220 15.90100 8.93862 8.99456 10.00500 11.16680 15.31190 12.01340 11.06370 9.18573 5.69425 4.84792 5.42898
-9999 -9999 -9999 -9999 -9999 -9999 -9999 -9999 -9999 -9999 -9999 -9999 6.32047 10.39950 11.83350 7.22487 7.29827 7.00694 5.84354 4.25159 3.48864 2.29061 2.97350 2.49619 2.67810 2.93395 3.46613 5.55945 5.32558 8.51143 9.40460 15.35000 12.17630 11.40590 14.54830 14.64200 13.84880 10.77960 11.36280 10.13460 6.18227 3.78589 5.21992 4.30677 5.14660 3.25580 4.03869 3.63423 3.26418 8.30348 11.30260 8.63704 13.26880 15.78020 14.39980 13.84150 14.27580 14.56030 12.82780 11.60860 11.58180 7.38923 9.10125 13.07520 14.93330 13.40480 11.31880 8.78388 6.35786 6.15203 6.59512 7.08070
-9999 -9999 -9999 8.38321 6.48747 6.72298 8.23466 6.84750 5.88147 -9999 5.24891 6.27493 9.15399 12.67230 12.49500 8.71078 7.12199 8.77647 4.80390 3.42836 4.13706 4.20486 5.01306 3.30471 3.44242 4.53170 6.26641 6.06900 6.72082 8.15045 9.27973 12.52010 12.62930 10.94830 13.10700 10.97250 11.63210 9.65181 10.02870 11.19990 9.93001 6.02996 6.84464 6.17545 4.49432 4.17284 2.77041 6.66050 8.26648 9.25376 8.03619 6.29164 7.55592 9.49338 11.41610 9.11063 7.92620 14.59410 9.60562 13.68730 15.24050 10.00160 10.54120 10.53540 14.31880 13.59650 11.11980 6.90104 5.95205 5.77205 6.45853 6.93987
-9999 -9999 -9999 12.66310 12.89990 10.75130 8.76533 9.38820 10.10050 10.91290 11.26200 14.13330 8.89125 10.70100 8.02889 9.88615 6.53888 6.93175 5.63057 6.16834 7.98254 4.05065 7.67182 8.17192 5.48531 7.31012 6.81537 9.43276 9.00291 8.05521 7.62145 9.38649 9.74327 10.13750 12.16170 9.92612 12.25590 9.71598 11.80100 5.71193 6.84440 7.16697 6.45603 5.14557 5.61558 5.38792 5.85040 8.66358 5.30236 5.47611 5.36120 8.35414 7.07432 9.07518 13.42190 11.50010 14.22240 14.61670 11.64750 10.89350 12.35570 13.13050 13.07440 9.95396 9.90543 15.16930 12.32370 11.07930 9.30450 8.44306 6.16171 8.32448
-9999 -9999 -9999 16.99530 15.13000 12.89060 11.35090 12.94600 15.68860 16.08570 13.77270 13.60870 9.40880 10.37130 7.73449 10.01470 4.85987 6.20038 9.75570 9.43338 9.33251 5.62563 6.62595 5.83893 5.06112 7.19410 7.68980 8.31513 9.10342 7.62644 5.86202 7.40630 8.33404 10.44520 10.09940 10.71300 11.55920 12.65790 14.13100 11.75820 10.84240 7.77268 6.92193 6.55202 10.05060 10.43090 9.47155 5.71721 6.31839 6.53341 5.17447 12.73990 11.03830 14.27640 14.64000 14.74140 15.45040 15.29280 13.80490 12.62090 14.20000 15.14310 17.92230 12.89430 14.02720 12.31520 12.62810 9.96130 5.27292 5.57763 4.42993 9.39276
-9999 -9999 -9999 17.24560 19.15520 16.30150 19.81660 16.15990 16.68870 15.87250 16.39240 15.64640 11.78640 7.66350 8.21827 11.64900 7.82597 7.90541 8.64149 9.43893 10.39090 6.03011 5.26179 5.60788 5.44556 7.58871 9.83120 10.98590 10.10890 6.83627 6.46516 7.88203 7.82387 9.07061 9.35578 7.32111 9.96934 11.85220 10.84520 13.79010 15.83730 7.07755 4.79567 4.27854 10.83830 5.83113 4.74170 12.62140 9.25364 12.76030 8.08045 9.73698 9.32683 8.96895 11.87180 14.19620 13.82120 12.43950 12.23080 10.17390 7.93422 11.54940 14.70100 13.05070 10.58480 8.28054 7.61526 9.28250 5.83196 2.52861 8.14566 17.01980
-9999 -9999 -9999 17.54440 18.68630 16.55360 17.32370 16.97330 14.61380 15.81820 19.77640 15.46680 11.18790 8.82676 6.58848 10.54440 9.89392 10.25940 11.54540 11.19690 9.71595 8.50435 6.66461 7.39638 7.82724 8.32763 8.94464 8.90539 8.12773 7.23551 7.29993 8.00124 8.21118 9.49921 10.66080 11.63240 11.65730 11.13730 12.29560 13.49110 13.64040 9.81057 9.41694 9.83203 9.32079 9.32455 10.16690 14.43330 12.18900 13.27430 11.99140 14.82630 10.44490 8.81986 14.59090 11.12060 14.78590 14.59510 14.81300 9.86418 11.46800 13.42250 15.37700 11.22600 11.23360 14.73860 12.71080 8.39465 7.22084 10.25460 20.91220 -9999
-9999 -9999 -9999 -9999 19.19510 15.79370 16.49610 14.07090 14.76770 18.01640 20.70550 14.60410 8.73542 11.40340 -9999 -9999 -9999 -9999 -9999 7.62342 8.26296 7.96713 7.59933 7.54884 7.86811 7.22532 6.82535 7.82147 7.55272 7.17051 7.83266 7.63956 8.35233 8.79012 8.88548 9.87072 10.81430 11.15240 12.61410 13.88950 15.64140 15.93950 14.13100 13.22020 13.84760 15.55420 16.62360 13.18010 15.25410 16.21150 15.99140 16.13390 17.88570 13.17040 12.54110 13.66710 12.31200 11.94360 11.86440 12.46760 11.54740 11.95530 11.66540 16.95010 17.93350 17.41230 22.47610 21.57040 27.61580 -9999 -9999 -9999
-9999 -9999 18.31400 21.23460 18.91070 17.80880 17.46520 13.18850 17.57930 18.79710 20.25020 14.64010 8.94697 -9999 -9999 -9999 -9999 -9999 9.14780 8.27537 7.47456 6.47752 6.43527 7.06589 6.21997 5.77507 4.83401 5.65843 5.40804 5.63224 5.43452 6.04021 7.09518 7.01962 7.66150 7.76191 9.08044 10.23110 10.57930 11.65970 13.59660 13.71420 14.30500 16.29410 17.19420 18.55020 19.03270 21.01650 20.95300 19.26830 18.72310 16.92100 16.31050 16.74790 14.45240 17.64290 16.59760 12.79620 13.87000 17.79430 17.69570 20.29960 18.13770 15.29250 19.51540 22.69180 26.93200 -9999 -9999 -9999 -9999 -9999
-9999 -9999 22.37190 22.52760 19.88400 18.20690 18.82500 17.05820 19.49050 19.75710 17.74220 14.10130 14.41710 -9999 -9999 -9999 -9999 10.74120 10.48360 8.75618 6.64316 4.88924 4.40070 4.19915 3.69462 3.15230 3.33197 4.29037 3.96116 3.99856 4.65182 5.11842 5.24790 5.85973 7.20828 7.51373 7.94027 7.40930 9.55519 11.01310 11.14750 11.34210 12.42960 12.62370 12.35160 12.91640 14.87040 17.66450 15.75190 16.28410 14.78240 14.02890 14.96800 16.35430 17.14740 17.18890 19.46980 15.21760 14.70620 16.12450 16.84080 13.90170 17.77170 26.21950 34.15010 -9999 -9999 -9999 -9999 -9999 32.20130 -9999
-9999 -9999 23.21450 22.36410 20.58490 18.53930 18.81150 19.13950 19.71030 19.73040 16.68310 16.06890 10.97370 -9999 -9999 -9999 -9999 9.43839 11.04060 7.23418 4.75419 2.97240 2.57136 2.32751 2.43189 2.45670 3.22327 3.63944 3.45057 3.73090 4.21653 4.40644 4.77063 5.80191 6.20265 6.70466 7.13691 7.82235 8.69052 7.76973 8.85134 8.61890 8.29285 10.26750 10.92860 11.21230 12.55030 13.94570 12.72800 12.39260 11.70240 12.24870 13.68170 14.98780 16.17170 13.75180 16.60150 19.73160 21.72110 22.07480 19.43040 23.21520 29.82260 29.33420 27.79150 24.64400 31.12910 23.29320 25.13700 -9999 -9999 -9999
-9999 -9999 -9999 23.89200 19.96320 17.61890 15.62060 16.26330 18.76240 20.88000 21.60210 12.05310 -9999 -9999 -9999 -9999 11.18420 10.36580 7.96641 5.25681 3.36440 2.15085 2.41657 2.10295 2.13326 2.62826 2.95344 3.21626 3.54548 4.20191 4.01327 4.14656 4.19107 4.42697 4.69262 5.12497 5.07584 4.87997 5.64902 4.77743 5.29207 5.75318 6.52570 7.38791 7.52852 9.78963 9.01959 9.60907 9.19832 9.19081 12.34790 11.87490 11.60210 14.98690 16.83610 17.77360 17.64240 19.15060 20.97850 23.37550 25.63000 29.33560 28.90490 14.52770 6.80530 27.98990 27.26670 28.89500 28.89800 21.65330 -9999 -9999
-9999 -9999 -9999 -9999 20.38580 16.85970 15.39350 17.99310 19.03160 16.69920 8.31894 -9999 -9999 -9999 -9999 12.67440 13.11810 9.33302 5.93065 3.61459 2.45966 1.76152 1.81679 1.94200 2.19665 1.99177 2.05687 2.57874 3.19042 3.31866 3.47787 3.25317 3.15510 3.43702 4.43464 5.19663 5.37310 5.08802 5.15852 4.78676 5.24976 5.53188 5.38528 5.97060 6.03340 7.62066 9.76267 9.52905 8.18246 7.77481 9.71365 9.04023 10.77680 13.58400 13.36330 15.04810 16.57830 19.37070 20.06640 21.86080 23.50800 24.11150 26.44210 26.85400 21.78590 30.46620 24.68630 23.38350 22.22280 21.07980 21.95890 20.52740
-9999 -9999 -9999 -9999 -9999 -9999 18.64360 20.73020 8.06852 7.88498 12.64910 -9999 -9999 -9999 -9999 -9999 12.27510 6.67223 4.69653 2.95324 2.37308 1.26391 1.82233 1.98807 1.92791 1.51007 1.57429 2.57865 2.76108 2.91858 3.01298 2.80131 2.58313 3.43192 3.75584 3.38494 4.32010 4.87006 4.22001 4.99115 5.18575 5.75080 6.51257 6.11028 6.44066 6.39111 7.00268 8.49158 8.48338 8.40964 8.26341 9.70595 11.47810 12.34300 11.66370 15.08260 13.86550 17.24590 17.65850 18.28840 21.20580 22.67010 24.22900 21.45200 16.09410 23.09700 22.51470 18.54990 19.80730 22.31250 24.97470 23.03610
-9999 -9999 -9999 -9999 -9999 -9999 -9999 -9999 -9999 -9999 -9999 -9999 -9999 -9999 -9999 -9999 -9999 -9999 -9999 2.83700 2.25194 1.41420 1.58010 1.54984 1.62513 1.49770 2.13018 1.73823 2.13390 2.72309 3.13801 2.77873 3.33842 3.43933 3.52253 3.53737 3.69002 3.97646 4.10635 5.09525 5.27641 4.97642 5.21522 5.45313 5.82941 5.89848 6.03733 6.72494 7.72742 9.87568 11.58340 9.46435 8.36983 7.60214 7.55156 8.27784 10.70100 14.12910 15.55250 16.71450 17.48920 17.54440 21.69360 18.99250 16.29470 18.10170 15.08920 13.29950 15.04180 17.99850 23.18700 22.17210
-9999 -9999 -9999 -9999 -9999 -9999 -9999 -9999 -9999 -9999 -9999 -9999 -9999 -9999 -9999 -9999 -9999 -9999 3.39968 2.34529 1.74049 1.39520 1.23264 1.15004 1.18108 1.26481 1.60377 1.96260 1.60285 1.88937 2.36920 2.69704 3.03800 2.59909 3.11630 3.69511 3.79891 3.93703 4.39575 4.51324 4.81376 4.76457 4.89279 5.33545 5.61757 6.63535 6.07072 3.31826 4.64288 5.56443 6.28422 9.47950 9.95398 9.18958 6.56586 6.54410 8.23355 12.71020 13.75170 14.23300 13.41260 14.04300 17.14200 18.22690 17.16680 15.49830 16.01690 14.11220 17.39780 19.91430 26.40930 19.83770
-9999 -9999 -9999 -9999 -9999 -9999 -9999 -9999 -9999 -9999 -9999 -9999 -9999 -9999 -9999 -9999 -9999 4.03093 3.40594 1.90429 1.69208 1.48605 1.16351 1.08448 1.19512 1.35925 1.65646 1.71535 1.97658 2.34978 2.77173 3.02677 2.90718 2.53664 3.10619 3.89031 4.49403 4.24406 4.02210 4.22015 4.55226 4.75340 4.86365 4.96246 4.82212 5.06016 6.06161 4.36789 4.45611 4.91075 4.90780 7.00397 9.64051 8.73335 8.43628 8.95180 8.16669 11.03620 12.18730 10.77150 9.20670 11.45680 17.68420 15.72570 15.19030 14.71880 15.62870 17.97250 20.81890 23.62450 28.82600 22.86840
-9999 -9999 -9999 -9999 -9999 -9999 -9999 -9999 -9999 -9999 -9999 -9999 -9999 -9999 -9999 -9999 -9999 3.38036 2.78384 2.62674 2.13407 2.06699 1.78888 1.12130 1.07801 1.22248 1.15714 1.33717 1.36835 2.33307 2.71733 2.57016 2.72223 3.10241 3.08928 3.77367 4.18867 3.41083 4.10998 4.08406 4.18417 3.99814 4.34695 3.76146 4.70267 4.24816 4.02343 3.04057 3.11095 4.24146 4.16649 7.17543 7.75431 7.79041 8.69519 10.19460 10.75800 11.30130 10.15040 8.32671 9.99685 13.75070 15.23320 17.44050 19.83430 19.50130 17.01200 23.00140 25.41730 29.66070 33.88580 30.80750
-9999 -9999 -9999 -9999 -9999 -9999 -9999 -9999 -9999 -9999 -9999 -9999 -9999 -9999 -9999 -9999 4.33727 3.60989 2.95878 2.59160 2.19791 1.30520 1.43561 1.17932 0.79481 0.92558 0.94985 1.01691 1.20227 1.55930 1.72268 1.87748 2.54586 2.24158 2.63407 3.00885 3.23650 3.77915 3.51652 3.38165 3.11787 3.46154 4.14917 3.66855 3.02906 3.25243 3.31234 2.71820 2.77438 4.02453 4.15564 6.63922 7.19361 6.59876 7.89848 8.78336 10.42600 9.35809 8.13878 9.76548 9.51860 13.45100 16.32890 22.50940 23.40130 20.55690 22.40130 22.96960 22.69960 28.75030 34.89570 29.45320
-9999 -9999 -9999 -9999 -9999 -9999 -9999 -9999 -9999 -9999 -9999 -9999 -9999 3.18999 3.35929 3.09456 3.26489 3.41798 2.89416 1.78662 1.51471 1.64585 1.46486 1.38372 1.43652 0.93076 0.94888 0.70180 0.77301 0.84381 1.47667 1.59360 1.13066 1.09878 1.87931 2.15057 2.28957 2.10343 1.66716 1.56968 1.61185 2.24485 2.32108 1.57426 2.67227 2.75648 2.91182 2.90197 3.14840 4.21644 4.90782 4.61842 5.05924 5.34640 5.49916 3.98197 5.38232 5.94386 4.76400 5.71166 7.97119 9.23114 13.78270 12.60150 11.86040 14.26050 13.98250 24.75850 20.11410 30.10600 37.10620 26.12170
-9999 -9999 -9999 -9999 -9999 -9999 -9999 -9999 -9999 -9999 -9999 -9999 2.24374 2.25674 3.09662 3.13360 3.07030 2.40865 2.21372 1.07232 1.35264 1.22291 1.11288 1.30655 1.25277 0.67205 0.66122 0.62438 1.05646 1.08585 1.12175 1.24593 1.37911 1.65026 1.62411 1.82250 1.47742 1.32277 1.56590 1.43562 1.40205 1.44717 2.15268 2.34031 2.78154 2.90928 3.25402 2.98792 3.09635 3.68469 4.49425 3.06738 4.33634 3.30031 4.83986 5.15371 4.94969 4.20514 5.55894 6.41167 7.90623 7.26404 7.44403 11.40110 12.87250 19.81950 21.82990 19.61630 22.29390 33.78490 30.41310 28.29470
-9999 -9999 -9999 -9999 -9999 -9999 -9999 -9999 -9999 -9999 -9999 4.04746 2.95351 3.61917 2.35942 1.88036 1.56335 1.89370 1.72503 1.52639 1.44615 0.80612 0.81099 0.87461 0.87532 0.85912 1.37110 0.83066 0.81067 0.83984 0.99420 0.78859 1.00367 1.04800 1.02500 1.93395 1.37000 1.43886 1.39859 1.42487 1.21031 2.10365 1.99033 2.10794 2.48486 2.68815 2.82927 3.21084 3.66022 3.45075 3.80931 3.55606 3.58432 3.94602 3.51071 3.77859 4.42382 4.66844 3.62577 3.48729 4.25857 5.99550 6.39418 10.40720 16.13580 15.96300 16.97660 15.44560 25.59410 31.27480 27.32510 20.71380
-9999 -9999 -9999 -9999 -9999 -9999 -9999 -9999 -9999 -9999 3.03762 2.86784 2.32057 2.59544 2.10724 1.51460 1.24171 1.47221 1.60424 1.46891 1.14929 0.70571 0.73330 0.75413 0.79856 0.87495 0.97996 0.75411 0.67809 0.49564 0.50684 0.75333 0.95814 1.39619 1.63279 1.99297 1.42730 1.49795 1.30361 1.31681 1.81492 1.72320 1.66542 2.03174 2.05740 2.30108 2.53535 2.77130 3.34977 3.71860 3.75995 3.54880 4.00071 3.26711 3.14405 3.13839 3.94594 3.87988 3.86823 5.10549 5.65583 6.04219 6.81239 10.65110 13.29050 14.46960 19.18330 21.47880 29.88720 29.22980 23.23180 32.21710
-9999 -9999 -9999 -9999 -9999 -9999 -9999 -9999 -9999 0.23756 0.23617 0.27612 0.34183 0.36956 0.34669 0.33676 0.33207 0.24553 0.18941 0.19223 0.18923 0.16565 0.17185 0.13029 0.12559 0.13048 0.13214 0.14413 0.15425 0.12833 0.13614 0.65865 0.99510 1.56172 2.20132 2.49576 1.90354 1.58293 1.45938 1.68256 1.54690 1.69099 1.93053 2.33194 1.69193 2.71059 2.22783 2.82613 3.45633 3.71661 3.91518 4.15660 3.70055 5.36692 4.94406 3.48346 3.70953 4.49227 4.84816 5.78726 6.07254 6.56481 6.63831 8.63141 9.13506 10.43500 11.89590 4.69468 5.44284 5.24450 5.71180 5.86953
-9999 -9999 -9999 -9999 -9999 -9999 -9999 -9999 -9999 -9999 0.19453 0.19461 0.24234 0.23812 0.20515 0.26870 0.27507 0.24228 0.20323 0.20452 0.19460 0.16523 0.14060 -9999 -9999 -9999 -9999 -9999 -9999 0.17185 0.18968 0.86779 1.04760 1.50764 1.57896 2.31298 2.53548 1.39422 1.27749 1.77281 1.54309 1.59971 1.89691 2.38966 2.16697 2.74509 3.05036 2.88410 3.32500 3.57982 3.92036 3.25656 3.57066 4.70354 5.48526 3.55423 3.74358 4.40763 4.84570 5.40239 6.12914 6.25843 6.28438 5.67552 11.25280 10.05690 14.71840 5.15862 4.93189 5.53436 4.94757 8.29398
-9999 -9999 -9999 -9999 -9999 -9999 -9999 -9999 -9999 -9999 -9999 -9999 0.18017 0.14843 0.16048 0.10694 0.13726 0.12074 0.10827 -9999 -9999 -9999 -9999 -9999 -9999 -9999 -9999 -9999 -9999 -9999 -9999 -9999 -9999 1.33170 2.13935 2.04182 1.95368 1.87513 1.18917 1.29331 1.81388 1.84338 2.11635 1.75676 1.79804 2.64359 3.04359 2.68184 3.09840 3.26962 3.48480 4.11179 4.32393 3.79010 3.96586 3.29327 3.58082 3.91831 3.04260 4.74399 5.11966 5.64997 6.69789 7.33842 8.76934 11.88790 16.23350 4.72439 4.96925 7.50208 10.71390 12.11690
-9999 -9999 -9999 -9999 -9999 -9999 -9999 -9999 -9999 -9999 -9999 -9999 -9999 -9999 -9999 -9999 -9999 -9999 -9999 -9999 -9999 -9999 -9999 -9999 -9999 -9999 -9999 -9999 -9999 -9999 -9999 -9999 -9999 -9999 2.13693 2.07601 1.59544 1.61516 1.16363 1.58196 1.76305 2.09899 3.00109 2.09447 2.76013 3.13303 2.78271 2.77206 3.23005 3.35962 3.66007 4.27674 4.32835 4.06325 4.53211 3.92347 3.65146 4.33075 4.43627 5.13446 5.01146 7.28795 7.89902 7.28153 7.92234 10.71460 17.71100 5.94675 5.90459 8.69589 10.83840 -9999
-9999 -9999 -9999 -9999 -9999 -9999 -9999 -9999 -9999 -9999 -9999 -9999 -9999 -9999 -9999 -9999 -9999 -9999 -9999 -9999 -9999 -9999 -9999 -9999 -9999 -9999 -9999 -9999 -9999 -9999 -9999 -9999 -9999 -9999 1.77280 1.49326 1.54248 1.85875 1.21244 1.21464 1.38571 2.39659 2.49138 2.15144 2.62774 2.87381 3.05955 3.30298 3.77405 3.89575 4.21207 4.08938 4.49492 4.26495 4.61845 3.78895 4.25154 4.17186 4.71844 5.40023 5.22765 5.04625 5.95527 7.06808 9.24268 13.72560 19.69620 21.50540 22.41570 30.77620 -9999 -9999
-9999 -9999 -9999 -9999 -9999 -9999 -9999 -9999 -9999 -9999 -9999 -9999 -9999 -9999 -9999 -9999 -9999 -9999 -9999 -9999 -9999 -9999 -9999 -9999 -9999 -9999 -9999 -9999 -9999 -9999 -9999 -9999 -9999 -9999 -9999 -9999 -9999 -9999 1.57709 1.40863 1.50906 1.67786 2.06131 2.57060 2.54119 3.18443 3.56803 3.57738 4.05440 3.95368 3.50845 4.09761 3.53726 3.81618 4.24690 3.83902 2.92249 3.35535 5.00582 4.63376 4.30434 6.62697 7.45498 9.28980 17.21830 15.45100 20.56040 26.54620 20.42340 -9999 -9999 -9999
