data/hydroclimate-scenarios/BCSD_hadcm_B1/monthly_summaries/runoff_monthly_tot_apr.2070-2099.asc
ncols	311
nrows	91
xllcenter	102.75
yllcenter	31.75
cellsize	0.5
NODATA_value	-9999
[rows 0 to 31 of 91, columns 216 to 287 of 311]
-9999 -9999 -9999 -9999 -9999 -9999 -9999 -9999 -9999 -9999 -9999 -9999 -9999 -9999 -9999 -9999 -9999 -9999 -9999 -9999 -9999 -9999 -9999 -9999 -9999 -9999 -9999 -9999 -9999 -9999 -9999 -9999 -9999 -9999 -9999 -9999 -9999 -9999 -9999 -9999 -9999 -9999 -9999 -9999 -9999 -9999 -9999 -9999 -9999 -9999 -9999 -9999 -9999 -9999 -9999 -9999 -9999 -9999 -9999 -9999 -9999 -9999 -9999 -9999 -9999 -9999 -9999 -9999 -9999 -9999 -9999 -9999
-9999 -9999 -9999 -9999 -9999 -9999 -9999 -9999 -9999 -9999 -9999 -9999 -9999 -9999 -9999 -9999 -9999 -9999 -9999 -9999 -9999 -9999 -9999 -9999 -9999 -9999 -9999 -9999 -9999 -9999 -9999 -9999 -9999 -9999 -9999 -9999 -9999 -9999 -9999 -9999 -9999 -9999 -9999 -9999 -9999 -9999 -9999 -9999 -9999 -9999 -9999 -9999 -9999 -9999 -9999 -9999 -9999 -9999 -9999 -9999 -9999 -9999 -9999 -9999 -9999 -9999 -9999 -9999 -9999 -9999 -9999 -9999
-9999 -9999 -9999 -9999 -9999 -9999 -9999 -9999 -9999 -9999 -9999 -9999 -9999 -9999 -9999 -9999 -9999 -9999 -9999 -9999 -9999 -9999 -9999 -9999 -9999 -9999 -9999 -9999 -9999 -9999 -9999 -9999 -9999 -9999 -9999 -9999 -9999 -9999 -9999 -9999 -9999 -9999 -9999 -9999 -9999 -9999 -9999 -9999 -9999 -9999 -9999 -9999 -9999 -9999 -9999 -9999 -9999 -9999 -9999 -9999 -9999 -9999 -9999 -9999 -9999 -9999 -9999 -9999 -9999 -9999 -9999 -9999
-9999 -9999 -9999 -9999 -9999 -9999 -9999 -9999 -9999 -9999 -9999 -9999 -9999 -9999 -9999 -9999 -9999 -9999 -9999 -9999 -9999 -9999 -9999 -9999 -9999 -9999 -9999 -9999 -9999 -9999 -9999 -9999 -9999 -9999 -9999 -9999 -9999 -9999 -9999 -9999 -9999 -9999 -9999 -9999 -9999 -9999 -9999 -9999 -9999 -9999 -9999 -9999 -9999 -9999 -9999 -9999 -9999 -9999 -9999 -9999 -9999 -9999 -9999 -9999 -9999 -9999 -9999 -9999 -9999 -9999 -9999 -9999
-9999 -9999 -9999 -9999 -9999 -9999 -9999 -9999 -9999 -9999 -9999 -9999 -9999 -9999 -9999 -9999 -9999 -9999 -9999 -9999 -9999 -9999 -9999 -9999 -9999 -9999 -9999 -9999 -9999 -9999 -9999 -9999 -9999 -9999 -9999 -9999 -9999 -9999 -9999 -9999 -9999 -9999 -9999 -9999 -9999 -9999 -9999 -9999 -9999 -9999 -9999 -9999 -9999 -9999 -9999 -9999 -9999 -9999 -9999 -9999 -9999 -9999 -9999 -9999 -9999 -9999 -9999 -9999 -9999 -9999 -9999 -9999
-9999 -9999 -9999 -9999 -9999 -9999 -9999 -9999 -9999 -9999 -9999 -9999 -9999 -9999 -9999 -9999 -9999 -9999 -9999 -9999 -9999 -9999 -9999 -9999 -9999 -9999 -9999 -9999 -9999 -9999 -9999 -9999 -9999 -9999 -9999 -9999 -9999 -9999 -9999 -9999 -9999 -9999 -9999 -9999 -9999 -9999 -9999 -9999 -9999 -9999 -9999 -9999 -9999 -9999 -9999 -9999 -9999 -9999 -9999 -9999 -9999 -9999 -9999 -9999 -9999 -9999 -9999 -9999 -9999 -9999 -9999 -9999
-9999 -9999 -9999 -9999 -9999 -9999 -9999 -9999 -9999 -9999 -9999 -9999 -9999 -9999 -9999 -9999 -9999 -9999 -9999 -9999 -9999 -9999 -9999 -9999 -9999 -9999 -9999 -9999 -9999 -9999 -9999 -9999 -9999 -9999 -9999 -9999 -9999 -9999 -9999 -9999 -9999 -9999 -9999 -9999 -9999 -9999 -9999 -9999 -9999 -9999 -9999 -9999 -9999 -9999 -9999 -9999 -9999 -9999 -9999 -9999 -9999 -9999 -9999 -9999 -9999 -9999 -9999 -9999 -9999 -9999 -9999 -9999
-9999 -9999 -9999 -9999 -9999 -9999 -9999 -9999 -9999 -9999 -9999 -9999 -9999 -9999 -9999 -9999 -9999 -9999 -9999 -9999 -9999 -9999 -9999 -9999 -9999 -9999 -9999 -9999 -9999 -9999 -9999 -9999 -9999 -9999 -9999 -9999 -9999 -9999 -9999 -9999 -9999 -9999 -9999 -9999 -9999 -9999 -9999 -9999 -9999 -9999 -9999 -9999 -9999 -9999 -9999 -9999 -9999 -9999 -9999 -9999 -9999 -9999 -9999 -9999 -9999 -9999 -9999 -9999 -9999 -9999 -9999 -9999
-9999 -9999 -9999 -9999 -9999 -9999 -9999 -9999 -9999 -9999 -9999 -9999 -9999 -9999 -9999 -9999 -9999 -9999 -9999 -9999 -9999 -9999 -9999 -9999 -9999 -9999 -9999 -9999 -9999 -9999 -9999 -9999 -9999 -9999 -9999 -9999 -9999 -9999 -9999 -9999 -9999 -9999 -9999 -9999 -9999 -9999 -9999 -9999 -9999 -9999 -9999 -9999 -9999 -9999 -9999 -9999 -9999 -9999 -9999 -9999 -9999 -9999 -9999 -9999 -9999 -9999 -9999 -9999 -9999 -9999 -9999 -9999
-9999 -9999 -9999 -9999 -9999 -9999 -9999 -9999 -9999 -9999 -9999 -9999 -9999 -9999 -9999 -9999 -9999 -9999 -9999 -9999 -9999 -9999 -9999 -9999 -9999 -9999 -9999 -9999 -9999 -9999 -9999 -9999 -9999 -9999 -9999 -9999 -9999 -9999 -9999 -9999 -9999 -9999 -9999 -9999 -9999 -9999 -9999 -9999 -9999 -9999 -9999 -9999 -9999 -9999 -9999 -9999 -9999 -9999 -9999 -9999 -9999 -9999 -9999 -9999 -9999 -9999 -9999 -9999 -9999 -9999 -9999 -9999
-9999 -9999 -9999 -9999 -9999 -9999 -9999 -9999 -9999 -9999 -9999 -9999 -9999 -9999 -9999 -9999 -9999 -9999 -9999 -9999 -9999 -9999 -9999 -9999 -9999 -9999 -9999 -9999 -9999 -9999 -9999 -9999 -9999 -9999 -9999 -9999 -9999 -9999 -9999 -9999 -9999 -9999 -9999 -9999 -9999 -9999 -9999 -9999 -9999 -9999 -9999 -9999 -9999 -9999 -9999 -9999 -9999 -9999 -9999 -9999 -9999 -9999 -9999 -9999 -9999 -9999 -9999 -9999 -9999 -9999 -9999 -9999
-9999 -9999 -9999 -9999 -9999 -9999 -9999 -9999 -9999 -9999 -9999 -9999 -9999 -9999 -9999 -9999 -9999 -9999 -9999 -9999 -9999 -9999 -9999 -9999 -9999 -9999 -9999 -9999 -9999 -9999 -9999 -9999 -9999 -9999 -9999 -9999 -9999 -9999 -9999 -9999 -9999 -9999 -9999 -9999 -9999 -9999 -9999 -9999 -9999 -9999 -9999 -9999 -9999 -9999 -9999 -9999 -9999 -9999 -9999 -9999 -9999 -9999 -9999 -9999 -9999 -9999 -9999 -9999 -9999 -9999 -9999 -9999
-9999 -9999 -9999 -9999 -9999 -9999 -9999 -9999 -9999 -9999 -9999 -9999 -9999 -9999 -9999 -9999 -9999 -9999 -9999 -9999 -9999 -9999 -9999 -9999 -9999 -9999 -9999 -9999 -9999 -9999 -9999 -9999 -9999 -9999 -9999 -9999 -9999 -9999 -9999 -9999 -9999 -9999 -9999 -9999 -9999 -9999 -9999 -9999 -9999 -9999 -9999 -9999 -9999 -9999 -9999 -9999 -9999 -9999 -9999 -9999 -9999 -9999 -9999 -9999 -9999 -9999 -9999 -9999 -9999 -9999 -9999 -9999
0.02495 0.41573 0.46120 -9999 -9999 -9999 -9999 -9999 -9999 -9999 -9999 -9999 -9999 -9999 -9999 -9999 -9999 -9999 -9999 -9999 -9999 -9999 -9999 -9999 -9999 -9999 -9999 -9999 -9999 -9999 -9999 -9999 -9999 -9999 -9999 -9999 -9999 -9999 -9999 -9999 -9999 -9999 -9999 -9999 0.10527 -9999 -9999 -9999 -9999 -9999 -9999 -9999 -9999 -9999 -9999 -9999 -9999 -9999 -9999 -9999 -9999 -9999 -9999 -9999 -9999 -9999 -9999 -9999 -9999 -9999 -9999 -9999
0.22328 0.24325 0.26798 0.00985 0.01222 0.00343 0.00460 1.48293 1.73994 1.81336 0.00588 0.07189 0.08356 0.06207 0.06676 0.65433 -9999 -9999 -9999 -9999 -9999 -9999 -9999 -9999 -9999 -9999 -9999 -9999 -9999 -9999 -9999 -9999 -9999 -9999 -9999 -9999 -9999 -9999 -9999 0.22485 0.42785 0.13858 0.04178 0.03529 0.04497 0.08386 -9999 -9999 -9999 0.09199 -9999 -9999 -9999 0.26536 0.14638 0.09831 -9999 -9999 -9999 -9999 -9999 -9999 -9999 -9999 -9999 -9999 -9999 -9999 -9999 -9999 -9999 -9999
0.45170 0.50105 0.64722 1.22577 0.50104 0.68250 0.77650 0.96311 1.26758 1.29087 1.24358 0.00000 1.04995 0.77183 0.60130 0.25342 0.14540 0.10632 0.49043 0.58504 0.61341 0.53564 -9999 -9999 -9999 -9999 -9999 0.38268 0.31015 0.36851 0.36609 0.20706 0.22140 0.38172 0.43684 0.47498 0.55522 1.04598 1.08270 0.11484 0.17190 0.10195 0.11950 0.02520 0.02783 0.08401 0.08471 0.08433 0.09484 0.08124 0.11702 0.09923 0.08721 0.10286 0.03779 0.01119 0.01584 0.03050 0.06272 0.13311 0.22540 -9999 -9999 -9999 -9999 -9999 -9999 -9999 -9999 -9999 -9999 -9999
1.59600 0.59726 2.60102 0.96635 1.27204 1.50290 1.46543 0.00000 1.66632 1.61735 1.61417 1.03865 0.86400 0.55666 0.47105 0.30994 0.19447 0.61967 0.75270 1.36899 0.87701 0.62385 0.69741 0.99367 0.87224 0.55918 0.64642 1.05361 1.08925 0.46856 0.35272 0.14595 0.20906 0.40370 0.39996 0.69301 0.83015 0.66633 0.59790 0.36977 0.32023 0.25118 0.30968 0.21921 0.25037 0.26801 0.30456 0.49456 0.60355 0.16362 0.18111 0.01466 0.00000 0.00002 0.00166 0.00956 0.00020 0.10198 0.08675 0.07427 0.01582 0.04094 0.07459 0.18653 0.15609 0.04864 0.02911 0.01744 0.02432 -9999 -9999 -9999
3.90657 2.85160 1.35620 1.86920 1.74718 1.86448 1.32642 1.16010 1.11448 1.57894 0.95993 0.42025 0.26740 0.40504 0.47397 5.88998 1.19143 0.57004 0.41452 3.04002 2.48137 1.13500 0.95588 1.23619 0.77370 0.29109 0.28893 1.46259 1.81763 0.98864 0.89178 0.62782 0.59218 1.03995 0.99615 1.02292 1.10097 0.90664 0.79662 0.69996 0.73975 0.63674 0.63379 0.61088 0.59943 0.57223 0.55744 0.99327 0.93501 0.26438 0.25670 0.04178 0.01612 0.05759 0.04470 0.07449 0.05748 0.18180 0.14625 0.16460 0.13002 0.16452 0.18279 0.16183 0.11860 0.01411 0.00000 0.00217 0.01779 -9999 0.17006 -9999
1.83541 5.95018 5.51391 3.86947 1.97107 1.96019 1.90107 3.07538 3.12987 1.24380 1.13076 0.20321 1.90213 4.78211 2.56891 5.51902 4.33736 6.16847 4.04238 3.77944 3.39767 1.13728 0.95517 0.75450 0.55889 0.94776 0.75147 0.42906 0.83583 0.47395 0.54006 0.65691 0.69102 0.67943 0.62840 0.69277 0.62944 0.69282 0.38185 0.61181 0.49765 1.05504 0.96840 0.63552 0.73200 0.81361 0.78430 0.50906 0.42556 0.28317 0.29400 0.11852 0.10858 0.45989 0.38655 0.82822 0.69857 0.59203 0.44367 0.00000 0.00000 0.00000 0.00000 0.16622 0.16295 0.18005 0.14950 0.00000 0.00000 0.00000 -9999 -9999
4.83490 4.65800 5.09262 6.27365 6.92862 9.98295 9.07806 5.37549 4.73637 4.59109 4.37767 5.05034 5.05956 7.29605 8.16213 17.25700 9.77109 6.11781 4.81640 5.11232 4.25528 1.65682 1.85283 1.94348 1.95444 2.83163 1.58727 1.37425 1.69677 1.63146 2.12531 2.35629 1.94578 2.07146 2.11568 1.78445 1.42904 1.85929 1.86873 0.94437 1.05899 2.74907 2.03815 1.70902 2.10701 2.32369 2.74650 1.37805 0.84053 1.07604 1.22250 0.50185 0.39482 0.89582 0.76144 1.72384 1.54630 1.24011 1.30914 0.53924 0.30181 0.00669 0.00000 0.72402 0.70023 0.65460 0.65307 0.00390 0.00000 0.00000 0.00000 -9999
10.32350 11.77470 10.49090 11.06450 12.54120 11.96510 11.00100 7.58484 6.79212 7.31785 7.24117 9.33421 10.77760 12.53370 13.46240 14.86720 7.81160 3.65327 4.14702 6.17884 4.42933 1.96190 2.16441 2.87016 3.78791 3.45117 2.38804 1.93121 2.66609 1.88108 2.53064 4.88929 4.23505 3.66142 3.47847 3.11066 2.52589 1.84672 2.04733 2.28602 2.35455 2.51927 2.10819 0.91515 1.15240 1.98934 2.01165 0.79995 1.27533 1.61300 1.76595 1.15691 1.07874 1.02321 1.02721 3.07289 3.28827 2.93066 2.78989 1.66283 1.38365 1.37498 1.22563 1.62472 0.82486 0.42704 0.38198 0.00000 0.00000 0.14268 0.07442 0.10516
8.26594 7.47666 7.72732 8.34484 9.54358 9.42563 8.51215 7.45637 7.84639 7.77348 7.79146 10.78750 14.01570 15.30000 15.49700 24.74200 14.44280 2.72303 1.59332 1.55030 3.18509 4.34125 5.96803 6.26867 5.11598 5.14363 4.56069 2.88409 4.33844 3.51171 4.31396 6.40462 7.45126 8.99734 10.04580 6.64932 6.01351 4.07479 4.67975 7.49300 6.48160 6.92412 5.97562 2.67125 2.32143 3.27719 3.17218 3.07047 3.18591 4.86627 3.95923 2.51133 3.13344 3.39054 3.09857 4.56925 5.73028 5.71278 4.65926 3.40725 2.58376 3.25089 3.55400 2.23366 0.85803 0.74201 0.83667 0.15526 0.15537 0.62490 0.59624 0.70599
7.53768 9.44131 18.94810 32.91540 30.98850 21.14330 21.91500 9.53489 6.38801 8.15561 3.07037 13.12870 17.52540 18.49460 15.93640 25.19030 29.97010 2.56413 2.57340 2.57673 4.81271 3.45788 9.35754 9.37141 9.08520 9.99078 10.69600 5.20813 6.16100 7.61409 8.81060 7.54947 10.05470 10.14440 7.60569 9.04167 9.07532 9.34079 9.62423 10.73150 9.99815 9.98031 9.73030 6.20139 4.79401 6.95383 5.40060 5.39706 5.70125 3.66939 3.02224 3.84930 3.50521 4.28484 5.55451 7.32604 3.51752 1.95855 6.47735 3.69161 3.75438 4.00835 3.25425 0.78014 0.84159 1.75391 1.65986 0.80972 0.66833 1.07737 1.07699 1.10445
17.07500 12.36460 19.80060 33.05180 34.97780 23.29920 14.86550 5.71888 5.79843 0.00080 0.70519 0.70651 0.57938 17.47000 16.37640 31.27740 32.37440 7.43218 2.38101 4.37597 6.66443 4.73432 5.39889 9.77329 10.23860 9.76343 11.51320 11.53810 14.78210 14.97480 11.76680 8.50835 6.93547 4.39397 4.64465 6.56982 7.12468 6.28186 7.76813 11.04710 10.38840 11.54990 11.26990 10.09860 9.44921 10.04410 9.50337 9.71119 11.62750 10.74160 9.94492 8.63687 7.76856 12.34830 13.99960 7.51832 2.62856 4.58938 5.18259 5.08752 2.50858 2.93401 1.97820 0.78091 1.18657 3.27016 3.62141 2.01768 1.72115 3.03361 2.87815 2.54357
14.92050 16.18570 18.06310 15.38540 16.16590 19.95110 20.39850 5.35119 3.52500 0.00456 0.00000 0.00000 0.00000 0.00000 0.00000 2.16022 30.89840 33.69090 4.02945 3.15907 2.82992 2.66873 3.40163 3.11767 4.87862 6.85704 7.60161 5.36403 5.32264 5.61483 5.05800 3.41155 3.59950 3.13706 2.56506 3.38987 3.94980 2.77667 3.06862 2.23909 1.88793 1.87907 1.39462 2.88387 6.11331 11.27630 12.26050 11.04700 13.13300 14.53330 15.69900 13.87310 13.83600 10.26110 7.42804 8.23110 7.06827 5.79245 4.46267 4.03988 4.49873 4.21471 4.50121 2.61645 3.01454 3.29183 4.62828 2.90642 3.12135 5.01483 4.87241 3.44862
16.40710 18.64710 17.87370 18.51350 17.49350 15.98980 16.04100 10.44590 10.92120 8.69770 6.91661 5.17107 2.62504 2.12970 0.00000 5.13570 10.32480 8.86393 18.35400 3.95182 10.56010 5.04676 4.19126 3.49896 3.88886 7.22182 10.81380 10.30840 11.09270 8.15437 7.73952 4.20054 4.03668 4.97563 4.06081 5.74088 5.66914 4.51821 4.98459 3.75160 3.29245 2.86675 2.65114 3.18220 6.01358 13.47150 15.00550 15.62930 15.93960 18.03720 14.68000 18.66920 14.61580 12.31630 11.76300 12.88260 10.01180 9.54538 6.11611 9.03238 10.48640 9.66730 7.38677 4.20392 4.34085 4.84121 4.46211 3.92721 3.50605 7.86120 8.44947 6.24334
21.14960 21.16840 22.86630 22.76300 23.89110 14.57620 19.81630 28.75820 30.86140 41.08360 22.63550 17.16640 15.40120 13.67800 13.32090 25.17720 11.76360 13.97100 10.73110 14.51130 17.71650 13.72150 15.25590 20.08010 18.75020 16.69910 23.28560 30.69640 20.17470 17.59820 13.86170 10.94270 11.24360 8.33836 10.18830 9.78956 10.91720 5.24118 5.27852 6.25290 6.15253 3.65447 6.77330 7.51359 4.71038 8.56335 17.93800 21.74670 17.50850 23.88470 20.89180 23.64860 17.34270 14.48120 14.27500 13.21270 11.37260 14.33810 10.02110 5.58099 4.67726 8.50388 10.02250 9.25876 7.65145 7.33514 7.76131 14.28180 12.06860 8.44269 11.23420 12.26090
19.86570 24.74750 26.24560 30.11460 33.17520 18.00270 17.98850 33.70330 24.98060 68.04800 64.06750 46.36170 25.05280 11.75280 10.55160 65.85930 47.89180 25.08250 29.91750 24.20130 34.49500 14.00920 17.08350 19.60350 28.85220 21.34900 24.88740 25.35300 13.59960 10.18490 12.44010 9.17659 9.12310 8.33866 9.34297 6.68412 9.93276 7.08860 6.50564 7.30761 11.09860 7.63932 6.39269 4.22717 5.54437 12.96460 22.73910 31.28730 29.41210 23.54460 22.06330 29.64050 23.23500 22.13280 19.64670 16.56780 16.63130 19.11920 14.87920 10.74680 12.06720 17.45290 16.45650 15.82050 11.99320 7.41308 9.87616 17.16630 20.19430 16.82250 12.11570 12.67480
35.65100 32.46090 26.46450 25.97360 25.06460 21.00600 22.20560 21.84500 23.74820 23.66140 29.48530 39.69040 41.51290 30.51380 9.64120 66.66520 72.41770 60.89270 57.53950 38.81770 29.32120 6.50611 3.44442 15.12650 20.05220 18.37870 23.72960 24.65700 14.28030 10.58740 6.14757 6.52581 9.93920 10.67230 8.23943 7.20858 8.09302 3.72440 5.16320 6.38736 7.28511 9.32323 7.94692 7.26215 4.74389 6.86849 6.31635 14.87460 18.51290 30.83220 27.38920 37.67680 31.05470 23.10480 23.05770 21.69400 20.66060 21.47440 21.42730 19.27720 17.39990 15.28650 15.83090 24.83140 20.13660 17.62910 18.17860 17.91370 19.68540 21.87940 17.39480 18.45960
39.99120 29.86230 27.33120 17.21900 17.44650 14.25470 16.50940 15.18720 17.53990 47.52800 50.04040 42.70780 47.61300 47.53570 39.29220 53.06630 55.56060 65.72500 92.39090 85.88100 49.33150 24.60400 13.79610 12.46660 9.21997 14.33490 20.53340 16.09070 8.71379 9.35888 5.21424 8.69897 11.41510 17.89290 15.30210 18.59110 14.84510 10.00850 9.01333 13.15740 5.39829 15.22450 11.52140 16.57450 14.97720 7.91416 7.72267 14.50210 23.97220 38.72730 26.10130 36.47220 35.19480 30.35590 28.62360 27.30850 30.44320 27.21580 24.63560 21.03940 18.38060 14.24250 11.11120 18.02370 21.58360 17.77390 20.95200 23.49100 23.37520 18.81610 25.62860 16.68710
55.89710 50.74280 33.06280 62.23420 54.74370 56.88180 56.75740 44.88200 25.38490 39.73460 72.16230 75.11650 30.13820 48.04030 92.71010 50.11860 60.30000 56.13370 53.14390 56.05150 51.19910 28.28010 19.38650 24.23190 33.66530 23.60370 20.17210 14.32570 8.43196 5.90704 5.87312 13.38260 22.86900 18.06990 17.87250 10.91670 14.70170 12.95410 12.08740 13.06920 19.59040 22.90980 27.76490 19.70360 18.53870 23.73540 33.99690 38.36340 43.23810 60.96430 43.98420 22.84180 35.22860 33.18920 29.88010 28.44200 28.70940 28.26310 29.41150 28.86230 29.46120 29.06340 28.12850 24.41760 20.86400 19.81800 19.37320 16.30450 21.11570 21.09610 27.32440 31.19840
52.90660 114.78300 187.87801 -9999 196.15100 153.42799 100.81000 79.58610 103.09400 220.14200 187.58600 195.54100 164.31500 82.41440 125.56000 44.86150 6.75579 4.05008 2.11273 39.45470 55.72470 53.61200 51.98660 58.76010 44.75430 61.09360 46.09430 35.89230 24.43770 10.54810 12.64530 21.10510 24.74880 24.94350 18.96490 13.72980 17.49530 29.64030 18.11550 24.08750 27.81760 24.62840 21.62360 21.93550 24.52540 30.34040 24.41220 34.64330 38.02850 48.96870 56.02180 27.57440 37.89440 38.64990 37.65950 35.20040 33.69870 33.96610 31.34830 31.54730 32.24970 30.52650 29.16750 27.19060 25.39430 27.69850 27.73540 27.41990 35.58900 32.73180 30.25700 17.05230
