data/hydroclimate-scenarios/BCSD_hadcm_B1/monthly_summaries/runoff_monthly_tot_aug.2070-2099.asc
ncols	311
nrows	91
xllcenter	102.75
yllcenter	31.75
cellsize	0.5
NODATA_value	-9999
[rows 32 to 63 of 91, columns 0 to 71 of 311]
-9999 -9999 -9999 -9999 -9999 -9999 -9999 -9999 -9999 -9999 -9999 6.14631 6.48785 7.41598 6.93117 6.85161 7.08644 7.47275 6.14252 5.93720 7.43605 7.56134 7.34297 7.34149 8.44946 8.31543 8.21512 8.49650 8.06091 6.12329 6.22362 5.85803 5.58793 5.88380 6.10947 5.98966 6.65901 7.30853 8.65676 8.79222 9.00219 8.80087 9.47289 9.45097 9.56966 9.99673 9.72004 10.09050 10.10910 10.65410 10.41740 9.40034 9.19581 10.83720 10.68300 10.67870 10.74330 11.10690 10.59690 9.58999 9.82675 9.73544 10.36220 10.38330 10.47620 9.86100 11.05380 12.25160 13.64980 14.10410 12.67910 14.39460
-9999 -9999 -9999 -9999 -9999 -9999 -9999 -9999 -9999 -9999 -9999 6.65508 6.93748 6.88705 7.05769 6.94091 6.93837 7.55716 7.60486 7.19855 7.48949 7.47332 8.88407 8.84273 9.01913 7.34359 7.18351 7.37337 6.72088 8.00373 7.92421 6.17977 6.56109 6.65698 7.47898 6.98809 8.79589 8.83762 9.98061 10.85430 9.68245 11.75470 10.58440 10.85520 11.33900 11.54190 11.73890 11.69970 11.43620 11.78250 11.73530 9.75310 9.47065 10.82680 9.09190 9.85279 9.75274 10.17880 10.20390 10.45720 10.36460 12.00030 11.28910 9.24134 11.95970 11.35950 11.91580 12.62680 13.06350 14.38480 12.78960 15.69680
-9999 -9999 -9999 -9999 -9999 -9999 -9999 -9999 -9999 -9999 -9999 -9999 6.38542 6.23415 6.20456 6.79350 7.23483 7.54101 7.59919 7.37621 8.81517 6.99846 7.37003 7.76509 7.95190 8.20248 7.77428 7.91873 6.81847 6.71581 8.60276 9.01542 9.24630 9.31965 9.31299 8.79991 9.11118 8.68223 9.82415 10.31280 10.94170 11.96940 12.73460 10.66120 11.09610 11.98430 11.45170 11.16200 10.94670 10.77480 10.17470 11.11670 10.89890 10.29920 10.31250 10.08130 9.88680 10.97430 11.93400 12.32070 11.89040 10.04480 10.12510 10.74110 11.34250 12.18850 11.63870 12.60150 14.82940 15.45620 12.75130 14.61980
-9999 -9999 -9999 -9999 -9999 -9999 -9999 -9999 -9999 -9999 -9999 -9999 6.31687 6.09770 6.54103 6.98289 7.01320 8.87345 8.80733 6.97698 7.32194 8.53138 8.57487 8.65329 8.99339 8.04795 7.51274 8.76819 7.54896 7.87424 7.84929 11.07670 10.29490 9.25356 9.83548 7.19423 7.45624 7.99656 8.32405 9.16360 11.73160 10.81290 11.24580 12.86780 11.98050 11.93210 12.11100 11.32880 10.48110 11.31490 10.76670 10.44210 10.16480 11.02520 10.37390 11.25970 11.63360 10.62310 8.77916 11.64400 10.94390 9.06882 9.46139 10.99020 12.06220 10.85250 11.49410 12.44120 13.68150 14.46080 15.80370 15.42200
-9999 -9999 -9999 -9999 -9999 -9999 -9999 -9999 -9999 -9999 -9999 -9999 6.63989 6.08246 8.22438 8.14191 8.57697 6.65868 7.16124 7.65222 8.13961 9.11511 9.11638 8.49436 8.47263 8.78443 8.40525 8.36113 8.78483 7.90452 7.30591 9.44917 8.22704 8.57095 7.95371 6.85127 7.15396 8.36700 8.17561 9.75485 11.54670 12.82770 12.59140 13.55340 13.92070 14.27210 14.35550 13.99690 13.50080 11.76590 11.10730 11.23810 10.14890 10.21740 9.48724 9.00156 8.72564 8.83141 8.87951 11.64400 9.00901 9.39726 9.41447 8.63210 11.23860 11.46390 11.82350 12.25530 14.36320 15.08420 16.34790 17.25940
-9999 -9999 -9999 6.67425 6.84751 6.34316 5.83202 6.28289 6.40328 -9999 6.90868 8.81805 8.32830 5.93935 6.17934 6.49363 6.88114 6.81212 7.80933 8.13678 8.42089 8.84005 9.17748 8.82603 8.83830 9.34539 8.96178 9.95605 9.34414 9.86952 8.82031 8.54946 8.35114 9.64855 8.98118 6.14146 8.24282 9.51172 10.31850 11.04530 11.81840 13.39490 13.92050 14.49290 15.33280 15.93550 17.65620 14.30350 14.18760 13.89620 13.51230 13.31590 13.11880 13.91050 12.69390 13.29830 13.32060 9.95210 10.28730 9.35717 11.59760 10.12330 10.03990 10.10450 9.41681 9.69808 10.70550 12.19020 13.74280 15.47310 17.89430 19.73110
-9999 -9999 -9999 6.78053 6.80241 7.08479 6.87589 7.18965 6.73186 8.79564 8.89983 8.51612 6.89669 5.92486 6.57248 6.81127 7.18098 7.23365 7.77222 8.54655 8.47870 9.19407 9.19332 9.75296 10.05360 10.39760 10.64230 10.12580 10.49230 10.75060 7.25298 9.59217 9.58443 10.02230 9.97845 10.88880 11.07200 12.41850 11.53640 13.60230 13.87030 13.39770 14.43900 16.06620 16.73470 17.99630 19.02590 16.28090 17.11760 16.72440 17.01240 16.91050 16.95050 16.79230 14.22500 14.47640 12.31500 11.33040 11.70460 10.68010 10.73490 11.76820 11.83320 10.80350 11.44740 10.44470 11.01220 12.00220 15.01070 16.75480 18.61970 21.27010
-9999 -9999 -9999 6.55417 7.00277 7.15955 9.56051 9.58193 9.10464 8.95612 8.74955 8.99112 7.09187 6.60767 6.97108 6.43327 7.67882 7.26874 7.31627 8.07992 8.86577 9.47111 7.37583 9.72284 10.81720 10.96810 11.30900 11.28590 10.34450 11.62150 12.99230 12.45670 10.64880 10.74910 11.32440 11.81460 12.03540 12.00220 12.09050 12.90740 14.18510 14.65750 15.94620 17.40870 16.98580 17.12740 18.47070 18.11660 17.93630 20.66470 21.60860 17.90680 17.55390 16.87910 15.35310 14.41360 12.78350 11.69320 12.32900 12.24000 11.46510 11.68240 11.79060 12.33060 12.40550 12.96040 13.35010 14.92210 17.25690 19.96020 22.57300 24.37110
-9999 -9999 -9999 7.56120 7.13332 8.20459 9.55137 9.54608 8.79334 8.75975 8.53201 6.58717 6.94328 7.06427 7.29445 6.61703 7.21007 7.80060 8.16260 8.08059 9.64145 10.07040 11.72670 11.32440 10.38830 11.12220 10.45830 10.28800 12.51090 13.24780 12.03590 9.20581 10.44630 12.63250 13.06280 13.49060 12.15190 11.36080 12.87430 12.73940 13.74170 16.78760 19.06220 18.96770 17.39360 20.33030 21.50320 19.18410 21.29260 20.13160 21.36380 19.38020 18.30830 18.40120 17.05120 14.58190 12.69380 12.98260 13.66340 13.00830 13.39660 13.65920 13.17030 13.66580 14.16930 14.31540 15.93540 18.04570 21.82680 23.56950 24.91120 27.11570
-9999 -9999 -9999 7.20517 7.21532 8.37328 10.14090 9.48651 9.42711 9.06055 8.57105 9.07303 7.16177 7.52621 8.53357 7.88643 8.04303 7.82746 7.89471 8.71986 9.98660 10.07510 11.80210 10.51720 10.06020 10.02340 10.03370 9.96106 10.86540 11.65920 11.52570 11.05660 11.52980 11.33650 11.41770 12.44680 12.79710 12.03190 12.42800 13.08450 15.31020 17.23440 19.47200 19.62220 19.60420 20.59380 20.42620 19.97000 19.96930 21.27540 20.98640 18.14920 18.19070 19.57300 16.61420 16.80430 13.82260 13.18820 14.53680 16.27860 15.94610 15.94760 15.94960 17.22050 16.93540 15.54990 17.40430 20.30040 23.14700 23.10570 24.57750 -9999
-9999 -9999 -9999 -9999 10.82160 10.99100 10.27570 11.24840 10.42850 9.73344 9.28947 7.37132 8.44277 7.12239 -9999 -9999 -9999 -9999 -9999 10.00400 10.74690 10.34610 11.03230 12.62150 10.97740 10.71630 10.12120 10.41410 11.42270 10.40880 10.54740 10.37500 10.85740 10.72050 10.57840 10.70490 11.79870 10.97270 12.01580 12.88180 13.14670 15.46760 17.96230 20.29230 21.12030 20.58960 21.41340 23.75460 22.34660 20.68000 22.41900 21.56510 19.48440 20.58450 19.47000 19.02730 18.52400 18.04940 16.99430 17.25430 18.92070 20.20570 17.33430 19.60790 19.57370 18.75340 20.95260 19.26440 18.99010 -9999 -9999 -9999
-9999 -9999 9.67391 11.65640 11.90670 11.17210 10.79700 12.02720 10.62500 10.29890 9.58109 7.70348 8.84740 -9999 -9999 -9999 -9999 -9999 13.98710 10.50840 11.58150 10.46560 10.25270 11.76120 11.55690 11.65860 9.62504 10.38320 10.66230 10.24800 10.00270 10.13910 10.15300 11.11970 11.30130 11.40840 11.89120 11.32500 12.06230 12.32290 13.47080 15.42780 17.07150 17.31820 17.39060 18.25790 19.21350 19.96320 19.55250 17.88970 18.15490 18.42020 20.63930 17.70220 19.20600 17.14940 17.41370 18.22860 18.49650 17.22650 18.01940 18.78940 17.00590 15.98760 15.92800 16.58240 15.80940 -9999 -9999 -9999 -9999 -9999
-9999 -9999 13.32020 12.88970 11.81370 11.47200 10.99810 13.00290 11.68070 11.15560 9.02757 8.25496 7.51855 -9999 -9999 -9999 -9999 9.97962 12.48890 11.03240 11.85940 10.88750 11.00720 10.71900 10.51530 10.13520 10.06430 9.73591 10.07330 9.92964 9.77480 10.46380 10.47350 10.94990 11.74250 11.93850 11.93540 11.29410 12.61380 13.71980 14.76590 16.39960 17.25160 17.09350 18.20600 17.65560 17.99510 19.19180 18.15210 18.25640 18.44630 17.28460 17.41590 16.66040 16.13840 14.82300 16.14900 15.97300 16.50940 15.97010 15.15450 16.69680 16.39060 17.27320 18.20550 -9999 -9999 -9999 -9999 -9999 14.31550 -9999
-9999 -9999 14.45750 15.06030 13.78360 13.01010 12.47330 13.00680 12.54570 12.30180 9.93017 8.63488 6.93405 -9999 -9999 -9999 -9999 12.07440 11.99690 12.03120 12.04730 11.09040 11.01380 11.28740 11.49840 11.05940 10.61790 9.89590 10.12340 9.71648 10.20930 10.52650 10.93680 11.40270 11.40400 12.63320 13.36900 13.32730 13.88300 13.09550 14.64350 14.74190 15.22690 17.65980 17.88350 17.68180 17.95400 19.50630 18.68080 18.68250 17.56620 16.93350 16.30020 16.18770 17.26440 15.26970 15.86670 17.96020 19.32230 19.83730 14.92610 17.78880 19.44260 20.46430 22.27460 21.33460 15.89110 15.50000 13.93200 -9999 -9999 -9999
-9999 -9999 -9999 16.79530 15.25170 13.90010 12.60000 12.50930 11.08590 11.57870 10.58970 8.45241 -9999 -9999 -9999 -9999 11.43470 12.27510 11.98240 11.79940 12.88660 11.46130 11.76310 11.77690 11.39250 11.02460 10.99190 10.63990 10.79320 11.42660 11.02580 11.33020 11.16330 11.56400 11.94280 11.58640 11.56620 12.53370 12.74180 12.21950 13.53230 13.32210 19.16480 21.17230 20.39600 21.85180 18.13450 15.19960 15.45570 17.20500 19.13090 19.05960 18.46200 19.75320 22.63490 22.36820 20.60220 22.64270 23.64450 23.23610 22.68770 22.45150 25.48390 27.78590 27.32120 23.94160 16.26240 15.08520 13.21280 18.23120 -9999 -9999
-9999 -9999 -9999 -9999 16.51610 13.92420 13.19420 12.56640 12.77240 9.42181 9.26118 -9999 -9999 -9999 -9999 12.27970 12.11650 11.66300 14.99770 12.01730 11.81940 11.34750 11.69620 12.33660 11.73730 11.16460 10.98540 10.83950 10.90780 10.76910 10.89820 10.68860 10.47080 10.62930 12.11800 12.49510 12.44380 13.04110 13.25520 12.71180 12.95530 13.54190 14.07620 16.32430 16.97380 21.40700 23.48130 19.81730 17.93110 17.13830 18.74880 17.67410 19.01920 21.20190 20.27010 19.75430 21.60380 22.22030 23.12990 24.76000 27.11310 27.81750 28.27590 27.06070 27.21410 25.83540 15.91480 14.18990 13.45590 12.26170 11.63620 10.77760
-9999 -9999 -9999 -9999 -9999 -9999 14.20600 16.82210 10.33740 11.65830 9.79524 -9999 -9999 -9999 -9999 -9999 11.68710 12.07350 12.35470 12.71070 12.63770 9.95488 11.35720 12.26180 12.06520 11.44790 10.76740 14.74280 14.17360 13.38140 10.51600 10.24420 9.95541 11.26600 11.29480 11.33030 12.51130 12.62850 12.44940 13.21120 13.30940 14.77080 15.11800 15.01650 20.22260 20.54160 20.97070 21.39070 19.90740 18.66010 19.26570 20.40960 22.74920 26.25880 23.98880 25.86580 20.48280 22.56110 23.22520 25.44610 27.07300 28.28530 30.97570 29.59560 27.88160 26.96030 17.45920 13.73620 11.97150 13.90990 14.80950 12.77020
-9999 -9999 -9999 -9999 -9999 -9999 -9999 -9999 -9999 -9999 -9999 -9999 -9999 -9999 -9999 -9999 -9999 -9999 -9999 12.74780 12.39220 9.74613 11.25350 11.75070 11.40740 11.32970 13.38360 11.22860 10.83900 9.85026 11.05720 10.22810 11.07950 11.39730 11.63060 11.69440 12.41720 13.36990 13.67950 14.89240 15.60580 16.08430 15.98840 16.50190 16.37590 17.75160 17.58350 22.41590 21.52710 22.70690 24.11010 21.64630 20.23610 20.86800 18.23670 17.43250 22.33340 22.00790 24.51680 27.62520 28.02830 26.90700 31.82190 31.07130 29.42800 22.18670 16.07150 13.06040 11.78380 13.91530 16.25370 14.60050
-9999 -9999 -9999 -9999 -9999 -9999 -9999 -9999 -9999 -9999 -9999 -9999 -9999 -9999 -9999 -9999 -9999 -9999 13.08420 12.18350 11.62370 11.43810 11.66200 11.36810 10.38380 10.03490 12.22350 12.14880 10.00760 9.85644 10.11200 10.57740 11.35180 11.80150 12.13310 15.29020 13.51770 13.60100 14.41510 16.36770 17.27870 18.05110 18.15130 18.12500 18.44260 23.06720 19.98480 11.45670 16.41020 17.44530 18.03660 28.43640 29.20550 31.01130 23.79040 22.17640 23.58760 26.34230 25.98820 27.90740 26.06330 26.90690 30.03030 31.44230 28.61010 24.21850 20.64650 14.57480 15.48610 13.02540 15.57360 19.14170
-9999 -9999 -9999 -9999 -9999 -9999 -9999 -9999 -9999 -9999 -9999 -9999 -9999 -9999 -9999 -9999 -9999 13.52540 13.20580 12.22730 12.33070 11.62390 10.43190 9.77035 9.39818 9.43967 12.69400 10.90100 12.16930 12.50510 13.13980 12.51220 10.94170 13.43070 14.47620 16.91270 18.47220 14.91960 15.17130 17.29640 18.14930 22.52560 19.94700 22.38020 18.27490 18.59620 24.37350 17.20240 16.88060 17.52700 16.88600 21.81690 27.08610 31.51790 32.64130 33.16410 26.68510 28.02880 29.55790 30.58480 28.05660 28.28570 33.37540 32.36140 31.17740 28.06740 24.59120 19.67860 20.16280 19.83130 23.98910 19.03900
-9999 -9999 -9999 -9999 -9999 -9999 -9999 -9999 -9999 -9999 -9999 -9999 -9999 -9999 -9999 -9999 -9999 14.67870 14.18630 14.56680 13.43870 15.27760 13.68680 9.57196 8.91067 10.09710 9.37807 9.15122 8.53749 12.03030 12.80050 11.75270 12.42860 13.94700 15.15140 16.91500 18.64270 14.44980 15.95160 17.55110 18.51720 18.10810 21.75960 16.96930 20.99620 21.02240 20.88390 12.51220 12.81650 18.39670 16.41920 22.07440 23.48940 26.86560 33.01490 36.69100 34.80520 31.79500 29.70030 30.00090 33.08550 35.18060 35.28510 35.15910 36.34430 32.83660 28.80200 27.01690 26.60690 26.44440 24.02670 24.77680
-9999 -9999 -9999 -9999 -9999 -9999 -9999 -9999 -9999 -9999 -9999 -9999 -9999 -9999 -9999 -9999 15.94980 15.95770 15.33070 14.05590 14.30270 10.90530 10.80160 9.97707 9.07090 9.42176 9.04899 8.67884 8.65079 8.66917 8.77766 8.58200 12.11470 12.93580 13.86360 15.34480 16.43100 18.38530 15.74220 16.52040 17.06760 17.93350 23.45820 20.58660 16.39470 20.24800 21.48610 13.35930 13.00060 18.85560 18.14830 25.00030 25.84320 28.08820 33.15840 37.57280 40.31420 36.23460 28.00110 33.77920 34.15820 37.41160 40.63300 48.77130 47.55470 40.07040 35.86590 32.87960 31.87070 30.54090 29.37170 24.16350
-9999 -9999 -9999 -9999 -9999 -9999 -9999 -9999 -9999 -9999 -9999 -9999 -9999 15.06550 14.72910 14.67960 14.52440 15.08900 17.12640 14.17840 11.12520 12.63630 11.62470 10.60070 10.34830 8.56581 8.19774 5.59137 5.59945 5.67780 8.83370 8.72602 5.93616 6.31247 10.04770 10.10540 11.78770 12.16420 9.40533 10.39000 10.33690 15.24960 15.09900 9.49318 14.95500 15.97440 17.12690 17.56590 18.34080 19.90960 21.15530 21.85750 22.19570 22.07140 22.71900 19.07150 23.82420 25.72440 20.30530 22.44690 27.82950 32.09630 37.78230 28.99490 27.82310 30.90960 24.44970 38.19190 27.42280 36.66620 34.34470 23.79060
-9999 -9999 -9999 -9999 -9999 -9999 -9999 -9999 -9999 -9999 -9999 -9999 14.00880 14.17370 17.23230 16.85870 17.56280 12.83560 12.57270 10.89470 10.60800 10.12330 9.46598 9.58055 9.59833 7.85496 7.34370 5.24712 7.76560 8.11540 7.48926 8.55186 9.25988 9.86969 10.37280 9.46820 7.37828 7.99561 9.50921 10.15310 10.10310 9.83085 14.46290 13.92090 14.55170 16.35250 17.60430 18.31960 19.26450 20.12180 22.57540 16.59160 23.92810 17.56470 23.17070 24.47570 26.90640 19.71310 22.52670 24.23830 29.80330 27.67640 25.52680 26.65300 27.73550 37.02190 36.11550 29.67510 33.01760 37.00100 31.27090 24.01550
-9999 -9999 -9999 -9999 -9999 -9999 -9999 -9999 -9999 -9999 -9999 17.78460 13.71470 16.60930 12.95280 12.28060 11.64570 10.78410 10.48450 10.23900 9.71850 8.81185 8.54560 8.16510 7.92819 7.43545 10.86740 7.75525 7.77165 7.46876 7.15147 5.26912 5.79572 6.00878 6.03599 10.25440 7.85329 8.80579 9.61680 10.21050 9.85810 14.90210 13.96970 14.34310 15.23580 16.32180 17.12420 17.85220 19.33980 21.41600 23.76730 20.74400 20.66220 26.32400 21.53670 20.97920 26.79560 23.33740 17.61700 20.20430 22.40810 26.80390 24.81800 26.77790 33.97360 28.97740 29.28460 30.91240 38.37670 35.35310 31.77600 28.13400
-9999 -9999 -9999 -9999 -9999 -9999 -9999 -9999 -9999 -9999 13.61670 13.05110 12.34930 12.35580 11.43560 10.61660 10.25300 10.03050 9.95725 9.45291 8.97730 8.04940 7.82150 7.44459 7.09610 6.81955 6.62205 6.99606 6.71531 4.01072 4.07704 5.24799 5.20130 7.66466 8.39808 9.80044 7.75730 8.76312 9.93205 9.97439 14.54430 13.52070 13.12660 13.85800 14.31090 15.87300 17.02750 17.94210 19.90790 22.44180 24.80910 22.40480 28.51330 22.08120 21.91730 21.59520 26.05310 23.26050 20.83940 26.31940 27.07500 25.70260 24.71550 27.93480 29.94040 27.54420 34.42470 42.29860 40.37100 36.32290 34.37390 30.90840
-9999 -9999 -9999 -9999 -9999 -9999 -9999 -9999 -9999 1.70807 1.63293 1.79384 1.91922 1.84191 1.80225 1.64397 1.62665 1.63684 1.54538 1.46455 1.42571 1.40335 1.39280 1.20562 1.14854 1.10278 1.09008 1.15784 1.12772 1.20143 1.20294 4.57971 5.75183 6.33461 9.23913 11.29460 8.92348 9.50771 9.89442 14.47170 12.84500 13.32250 13.32810 18.34150 13.32310 20.40200 16.90670 19.92340 22.05240 24.32040 26.71160 28.97930 24.39730 32.47600 28.14460 27.16940 26.22470 25.73870 24.86000 25.86610 25.43800 25.20790 23.78690 27.46170 25.84460 26.76770 29.96950 8.35007 7.43713 7.46184 6.97647 7.66324
-9999 -9999 -9999 -9999 -9999 -9999 -9999 -9999 -9999 -9999 1.56285 1.59513 1.60878 1.58543 1.50460 1.43695 1.46435 1.47192 1.39711 1.42286 1.41146 1.30665 1.30075 -9999 -9999 -9999 -9999 -9999 -9999 1.35939 1.51057 5.36695 5.44803 6.11574 6.39151 11.45860 12.82710 9.18610 9.26807 14.10860 13.05710 13.33360 13.90350 17.56030 17.81460 19.62830 22.01870 19.65720 22.89110 24.97400 27.01600 20.90320 23.64200 26.37930 31.91670 25.94810 24.78920 24.87000 24.27160 25.25170 25.02570 22.92100 21.78190 17.94890 26.57900 27.63970 29.10660 7.62036 7.97141 8.35246 7.66948 9.23721
-9999 -9999 -9999 -9999 -9999 -9999 -9999 -9999 -9999 -9999 -9999 -9999 1.41167 1.42095 1.42996 1.20368 1.24575 1.22041 1.21618 -9999 -9999 -9999 -9999 -9999 -9999 -9999 -9999 -9999 -9999 -9999 -9999 -9999 -9999 6.52208 10.57170 10.96030 11.28080 11.95260 8.53164 9.91500 13.49910 12.61760 13.42250 13.28970 13.26850 18.71510 20.78880 17.48350 20.39800 22.42610 24.38280 27.42470 28.62740 28.79790 27.83580 24.28360 24.47750 22.83820 15.95410 24.29070 23.49970 21.83350 24.68330 24.77910 26.28610 27.45050 26.11890 6.61169 7.04358 7.59900 9.10472 9.09343
-9999 -9999 -9999 -9999 -9999 -9999 -9999 -9999 -9999 -9999 -9999 -9999 -9999 -9999 -9999 -9999 -9999 -9999 -9999 -9999 -9999 -9999 -9999 -9999 -9999 -9999 -9999 -9999 -9999 -9999 -9999 -9999 -9999 -9999 10.49320 10.34240 10.55040 10.97830 7.93119 12.48200 13.08960 12.75010 17.06900 13.60010 18.01120 19.14860 16.85920 17.23980 20.05550 21.83530 23.63380 26.19360 26.46860 26.42550 26.57370 24.05200 22.52940 24.42850 22.09740 22.49130 20.60840 25.03230 24.46390 25.05490 25.51390 25.62800 28.25310 6.89147 7.55336 8.13984 8.76616 -9999
-9999 -9999 -9999 -9999 -9999 -9999 -9999 -9999 -9999 -9999 -9999 -9999 -9999 -9999 -9999 -9999 -9999 -9999 -9999 -9999 -9999 -9999 -9999 -9999 -9999 -9999 -9999 -9999 -9999 -9999 -9999 -9999 -9999 -9999 9.54437 10.21040 10.83610 11.73470 8.46744 10.52720 10.85600 15.63420 15.36040 11.47950 14.21170 14.18770 15.37760 16.79390 18.97100 20.37220 21.47430 22.19630 22.95050 25.63210 25.76880 22.49000 22.93790 21.75010 21.41320 22.64430 19.36960 17.32450 19.84530 20.57370 23.20960 23.00490 27.35490 25.29690 28.81590 30.04960 -9999 -9999
-9999 -9999 -9999 -9999 -9999 -9999 -9999 -9999 -9999 -9999 -9999 -9999 -9999 -9999 -9999 -9999 -9999 -9999 -9999 -9999 -9999 -9999 -9999 -9999 -9999 -9999 -9999 -9999 -9999 -9999 -9999 -9999 -9999 -9999 -9999 -9999 -9999 -9999 10.67230 10.58140 10.32720 10.82050 13.21990 13.54910 12.39280 14.45440 16.46710 17.22110 18.53470 20.13580 20.65480 21.21320 21.64430 24.03710 25.73090 21.33720 15.14900 15.61860 21.89100 18.83770 15.96710 21.79400 25.84440 23.35640 28.15500 24.01150 27.10910 29.18840 23.09900 -9999 -9999 -9999
