data/hydroclimate-scenarios/BCSD_hadcm_B1/monthly_summaries/runoff_monthly_tot_jun.2030-2059.asc
ncols	311
nrows	91
xllcenter	102.75
yllcenter	31.75
cellsize	0.5
NODATA_value	-9999
[rows 0 to 31 of 91, columns 0 to 71 of 311]
-9999 -9999 -9999 -9999 -9999 -9999 -9999 -9999 -9999 -9999 -9999 -9999 -9999 -9999 -9999 -9999 -9999 -9999 -9999 -9999 -9999 -9999 -9999 -9999 -9999 -9999 -9999 -9999 -9999 -9999 -9999 -9999 -9999 -9999 -9999 -9999 -9999 -9999 -9999 -9999 -9999 -9999 -9999 -9999 -9999 -9999 -9999 -9999 -9999 -9999 -9999 -9999 -9999 -9999 -9999 -9999 -9999 -9999 -9999 -9999 -9999 -9999 -9999 -9999 -9999 -9999 -9999 -9999 -9999 -9999 -9999 -9999
-9999 -9999 -9999 -9999 -9999 -9999 -9999 -9999 -9999 -9999 -9999 -9999 -9999 -9999 -9999 -9999 -9999 -9999 -9999 -9999 -9999 -9999 -9999 -9999 -9999 -9999 -9999 -9999 -9999 -9999 -9999 -9999 -9999 -9999 -9999 -9999 -9999 -9999 -9999 -9999 -9999 -9999 -9999 -9999 -9999 -9999 -9999 -9999 -9999 -9999 -9999 -9999 -9999 -9999 -9999 -9999 -9999 -9999 -9999 -9999 -9999 -9999 -9999 -9999 -9999 -9999 -9999 -9999 -9999 -9999 -9999 -9999
-9999 -9999 -9999 -9999 -9999 -9999 -9999 -9999 -9999 -9999 -9999 -9999 -9999 -9999 -9999 -9999 -9999 -9999 -9999 -9999 -9999 -9999 -9999 -9999 -9999 -9999 -9999 -9999 -9999 -9999 -9999 -9999 -9999 -9999 -9999 -9999 -9999 -9999 -9999 -9999 -9999 -9999 -9999 -9999 -9999 -9999 -9999 -9999 -9999 -9999 -9999 -9999 -9999 -9999 -9999 -9999 -9999 -9999 -9999 -9999 -9999 -9999 -9999 -9999 -9999 -9999 -9999 -9999 -9999 -9999 -9999 -9999
-9999 -9999 -9999 -9999 -9999 -9999 -9999 -9999 -9999 -9999 -9999 -9999 -9999 -9999 -9999 -9999 -9999 -9999 -9999 -9999 -9999 -9999 -9999 -9999 -9999 -9999 -9999 -9999 -9999 -9999 -9999 -9999 -9999 -9999 -9999 -9999 -9999 -9999 -9999 -9999 -9999 -9999 -9999 -9999 -9999 -9999 -9999 -9999 -9999 -9999 -9999 -9999 -9999 -9999 -9999 -9999 -9999 -9999 -9999 -9999 -9999 -9999 -9999 -9999 -9999 -9999 -9999 -9999 -9999 -9999 -9999 -9999
-9999 -9999 -9999 -9999 -9999 -9999 -9999 -9999 -9999 -9999 -9999 -9999 -9999 -9999 -9999 -9999 -9999 -9999 -9999 -9999 -9999 -9999 -9999 -9999 -9999 -9999 -9999 -9999 -9999 -9999 -9999 -9999 -9999 -9999 -9999 -9999 -9999 -9999 -9999 -9999 -9999 -9999 -9999 -9999 -9999 -9999 -9999 -9999 -9999 -9999 -9999 -9999 -9999 -9999 -9999 -9999 -9999 -9999 -9999 -9999 -9999 -9999 -9999 -9999 -9999 -9999 -9999 -9999 -9999 -9999 -9999 -9999
-9999 -9999 -9999 -9999 -9999 -9999 -9999 -9999 -9999 -9999 -9999 -9999 -9999 -9999 -9999 -9999 -9999 -9999 -9999 -9999 -9999 -9999 -9999 -9999 -9999 -9999 -9999 -9999 -9999 -9999 -9999 -9999 -9999 -9999 -9999 -9999 -9999 -9999 -9999 -9999 -9999 -9999 -9999 -9999 -9999 -9999 -9999 -9999 -9999 -9999 -9999 -9999 -9999 -9999 -9999 -9999 -9999 -9999 -9999 -9999 -9999 -9999 -9999 -9999 -9999 -9999 -9999 -9999 -9999 -9999 -9999 -9999
-9999 -9999 -9999 -9999 -9999 -9999 -9999 -9999 -9999 -9999 -9999 -9999 -9999 -9999 -9999 -9999 -9999 -9999 -9999 -9999 -9999 -9999 -9999 -9999 -9999 -9999 -9999 -9999 -9999 -9999 -9999 -9999 -9999 -9999 -9999 -9999 -9999 -9999 -9999 -9999 -9999 -9999 -9999 -9999 -9999 -9999 -9999 -9999 -9999 -9999 -9999 -9999 -9999 -9999 -9999 -9999 -9999 -9999 -9999 -9999 -9999 -9999 -9999 -9999 -9999 -9999 -9999 -9999 -9999 -9999 -9999 -9999
-9999 -9999 -9999 -9999 -9999 -9999 -9999 -9999 -9999 -9999 -9999 -9999 -9999 -9999 -9999 -9999 -9999 -9999 -9999 -9999 -9999 -9999 -9999 -9999 -9999 -9999 -9999 -9999 -9999 -9999 -9999 -9999 -9999 -9999 -9999 -9999 -9999 -9999 -9999 -9999 -9999 -9999 17.16160 18.44440 18.41330 17.99320 17.05510 17.98550 15.50310 15.89330 14.60770 14.12300 -9999 -9999 -9999 -9999 -9999 -9999 -9999 -9999 -9999 -9999 -9999 -9999 -9999 -9999 -9999 -9999 -9999 -9999 -9999 -9999
-9999 -9999 -9999 -9999 -9999 -9999 -9999 -9999 -9999 -9999 -9999 -9999 -9999 -9999 -9999 -9999 -9999 -9999 -9999 -9999 -9999 -9999 -9999 -9999 -9999 -9999 -9999 -9999 -9999 -9999 -9999 -9999 -9999 -9999 -9999 -9999 -9999 -9999 22.54060 25.68410 23.37530 23.29730 23.01630 19.97590 18.85560 18.97330 17.15820 18.78090 19.03180 17.03680 16.28770 21.62080 20.77330 9.30917 -9999 -9999 -9999 -9999 -9999 -9999 -9999 -9999 -9999 -9999 -9999 -9999 -9999 -9999 -9999 -9999 -9999 -9999
-9999 -9999 -9999 -9999 -9999 -9999 -9999 -9999 -9999 -9999 -9999 -9999 -9999 -9999 -9999 -9999 -9999 -9999 -9999 -9999 -9999 -9999 -9999 -9999 -9999 -9999 -9999 -9999 -9999 -9999 -9999 -9999 -9999 -9999 -9999 -9999 -9999 -9999 -9999 -9999 17.39080 19.65780 22.86390 23.09120 21.74520 25.59020 21.51790 19.53110 17.55300 17.90240 16.29380 15.91730 14.63770 5.66220 -9999 -9999 -9999 -9999 -9999 -9999 -9999 -9999 -9999 -9999 -9999 -9999 -9999 -9999 -9999 -9999 -9999 -9999
-9999 -9999 -9999 -9999 -9999 -9999 -9999 -9999 -9999 -9999 -9999 -9999 -9999 -9999 -9999 -9999 -9999 -9999 -9999 -9999 -9999 -9999 -9999 -9999 -9999 -9999 -9999 -9999 -9999 -9999 -9999 -9999 -9999 -9999 -9999 -9999 -9999 -9999 -9999 -9999 -9999 -9999 -9999 -9999 32.32650 32.01850 36.33280 37.11700 33.91490 27.60550 26.70290 18.46020 10.26090 5.92584 -9999 -9999 -9999 -9999 -9999 -9999 4.37630 -9999 -9999 -9999 -9999 -9999 -9999 -9999 -9999 -9999 -9999 -9999
-9999 -9999 -9999 -9999 -9999 -9999 -9999 -9999 -9999 -9999 -9999 -9999 -9999 -9999 -9999 -9999 -9999 -9999 -9999 -9999 -9999 -9999 -9999 -9999 -9999 -9999 -9999 -9999 -9999 -9999 -9999 -9999 -9999 -9999 -9999 -9999 -9999 -9999 -9999 -9999 -9999 22.29550 22.14990 34.78020 34.39680 27.88640 31.60560 36.20650 32.02160 27.12860 28.17740 16.54260 9.57940 6.65154 -9999 -9999 -9999 -9999 -9999 4.61479 4.19354 4.26800 4.10540 2.78896 2.78103 3.00995 3.07990 3.21114 2.96499 2.66089 2.64632 3.07339
-9999 -9999 -9999 -9999 -9999 -9999 -9999 -9999 -9999 -9999 -9999 -9999 -9999 -9999 -9999 -9999 -9999 -9999 -9999 -9999 -9999 -9999 -9999 -9999 -9999 -9999 -9999 -9999 -9999 -9999 -9999 -9999 -9999 -9999 -9999 -9999 -9999 -9999 -9999 -9999 -9999 21.16650 21.98710 31.02310 24.63960 30.45170 32.17030 32.22210 29.97430 27.31270 26.71300 28.93180 22.65790 13.71710 8.89467 10.75800 6.32183 -9999 4.14230 5.21219 4.49818 4.38454 4.10274 3.64324 3.68635 4.21480 3.73416 3.58483 3.23036 3.23857 3.16440 3.42311
-9999 -9999 -9999 -9999 -9999 -9999 -9999 -9999 -9999 -9999 -9999 -9999 -9999 -9999 -9999 -9999 -9999 -9999 -9999 -9999 -9999 -9999 -9999 -9999 -9999 -9999 -9999 -9999 -9999 -9999 -9999 -9999 -9999 -9999 -9999 23.35000 22.22570 23.11740 23.86040 16.38610 16.12800 14.26880 15.67720 21.82010 22.83930 26.65110 23.23200 24.91200 27.39720 31.85960 32.19170 31.61170 32.50530 20.32840 15.18080 16.76040 9.79846 6.10692 4.40484 4.63875 4.24081 4.24857 4.12680 4.56686 4.21411 4.10527 4.24902 4.09988 3.62261 2.90450 3.04287 2.98134
-9999 -9999 -9999 -9999 -9999 -9999 -9999 -9999 -9999 -9999 -9999 -9999 -9999 -9999 -9999 -9999 -9999 -9999 -9999 -9999 -9999 -9999 -9999 -9999 -9999 -9999 -9999 -9999 -9999 -9999 -9999 -9999 -9999 -9999 16.26290 22.36710 22.03780 22.07020 20.03750 13.16700 13.21550 9.76983 10.19670 18.62380 19.42650 15.73130 15.07220 15.93700 24.29280 29.17370 28.90170 33.79910 39.20160 31.80750 25.32780 12.38310 7.21610 5.34796 4.22010 4.75866 4.71050 4.55099 4.68572 4.99767 3.96038 3.93887 4.15666 5.37152 6.65305 4.52990 5.33632 6.04430
-9999 -9999 -9999 -9999 -9999 -9999 -9999 -9999 -9999 -9999 -9999 -9999 -9999 -9999 -9999 -9999 -9999 -9999 -9999 -9999 -9999 -9999 -9999 -9999 -9999 -9999 -9999 -9999 -9999 -9999 -9999 -9999 -9999 11.44780 12.35090 15.75480 16.19360 16.74280 16.03350 9.74523 12.30790 11.59910 14.93280 20.91640 13.42000 13.34830 15.46900 15.75930 27.83050 33.02950 35.56280 46.60750 34.10700 28.90150 18.53990 9.57994 7.91736 5.56384 4.42566 5.05646 5.36324 4.40018 3.94673 3.71742 3.96026 4.35052 4.72473 5.93813 6.46993 4.80532 5.38224 5.47762
-9999 -9999 -9999 -9999 -9999 -9999 -9999 -9999 -9999 -9999 -9999 -9999 -9999 -9999 -9999 -9999 -9999 -9999 -9999 -9999 -9999 -9999 -9999 -9999 -9999 -9999 -9999 -9999 -9999 -9999 -9999 11.07460 10.09520 10.51790 11.66560 13.86250 13.08920 11.54230 11.04880 9.73427 12.95230 11.65230 19.50800 14.76000 12.97380 12.69450 13.98770 11.14880 16.14270 18.67700 24.63640 33.92360 30.01710 28.26520 20.30880 8.91129 6.58149 5.92494 6.45861 5.02811 4.25923 3.88716 3.86153 3.02576 3.39421 3.98264 4.03588 3.83026 4.02628 5.40364 6.50157 6.01152
-9999 -9999 -9999 -9999 -9999 -9999 -9999 -9999 -9999 -9999 -9999 -9999 -9999 -9999 -9999 -9999 -9999 -9999 -9999 -9999 -9999 -9999 -9999 -9999 -9999 -9999 -9999 -9999 -9999 6.43543 5.35452 9.63366 10.38760 9.72451 8.55866 9.06816 9.62848 11.86990 10.04000 8.96588 7.42268 9.64234 9.31708 9.20311 10.09750 10.78410 11.21110 11.74400 23.78490 24.78130 26.61170 31.64770 27.41510 23.31510 21.08200 10.91400 7.59601 7.00619 5.87463 4.17852 3.85041 3.95807 3.84992 3.48650 3.35859 3.59338 4.00667 4.79935 5.15609 5.19448 5.13548 5.63685
-9999 -9999 -9999 -9999 -9999 -9999 -9999 -9999 -9999 -9999 -9999 -9999 -9999 -9999 -9999 -9999 -9999 -9999 -9999 -9999 -9999 -9999 -9999 -9999 9.94160 8.88140 8.06260 6.73242 6.32638 6.04469 7.77146 6.97784 8.48843 9.23887 9.17523 8.41885 11.56280 13.93490 15.14750 11.31550 10.47810 9.24123 6.95381 6.92295 7.78412 10.30560 10.07650 12.37780 21.11100 24.57680 22.36890 40.66660 32.79270 14.97180 9.67444 7.75725 5.71759 5.30104 5.04024 3.98863 3.25043 2.79213 2.58972 2.33041 2.46295 3.28523 3.20792 3.83689 4.13224 4.71423 10.62060 12.03890
-9999 -9999 -9999 -9999 -9999 -9999 13.71290 17.96920 20.80520 20.64500 17.57760 -9999 -9999 -9999 -9999 -9999 -9999 -9999 -9999 -9999 -9999 11.34330 12.07820 10.13280 10.64780 9.20487 7.67614 6.86539 7.54888 7.62514 7.11831 8.17951 8.14565 8.18547 8.61334 7.37447 8.57833 10.63220 12.37890 7.10690 7.45577 9.49793 8.76491 6.01890 5.96783 8.33515 8.63612 9.70369 18.79090 21.16330 24.33090 29.66720 30.24550 15.86560 8.50395 6.44112 5.99405 5.51990 4.17943 3.77794 3.59557 2.97105 3.16975 3.22261 3.52192 3.30722 3.23679 4.32179 4.67583 4.75004 5.35022 8.99551
-9999 -9999 -9999 -9999 -9999 16.62160 18.05110 26.05980 19.76830 24.04660 22.88610 21.05720 17.79500 20.42330 -9999 -9999 -9999 19.61770 18.32310 14.07760 12.49880 13.99450 12.08530 8.74811 10.67020 11.22300 9.45726 7.32497 7.21238 7.10888 7.52714 7.34652 7.82725 7.80256 6.59606 6.27723 7.70741 8.58288 6.99509 5.24927 5.56221 6.44925 7.34399 7.08235 6.77595 7.01606 9.72601 13.10910 18.11730 19.04940 20.47230 19.75640 16.24470 10.23220 8.20536 6.23770 6.54494 5.12793 3.71155 3.41601 3.04011 3.30343 2.93094 2.94244 3.84482 5.09163 4.88068 6.54802 5.61555 6.60813 6.64997 8.00885
-9999 16.52400 16.42880 12.98420 13.81740 15.88260 18.20160 19.00750 21.08260 19.95120 22.76590 18.44560 20.11360 17.59930 14.94630 18.30850 13.39250 17.11010 18.62560 11.70500 10.44940 9.91619 9.49358 8.65210 7.71970 10.24450 9.80924 7.79936 7.72806 6.99028 5.94198 5.54401 4.90000 5.37591 5.77182 5.17588 5.19428 6.26396 5.21157 4.64416 4.85209 4.97795 5.60831 5.79635 6.39695 6.54703 7.08000 9.01266 11.25180 13.21700 15.13850 20.31300 15.69750 14.27320 11.71270 8.92128 7.41110 4.90119 4.71890 4.12132 3.46230 3.67252 4.65598 4.35712 5.36674 5.39140 4.64299 7.30804 6.45767 8.31324 12.43030 16.70500
-9999 21.71140 20.80110 21.41310 21.39170 18.93280 12.79790 12.22410 10.98130 14.40280 19.15440 20.05960 21.31010 18.95900 18.30040 17.57420 21.27570 17.80000 15.98390 14.88760 13.83290 9.72796 12.01560 9.18192 7.87651 6.59658 6.29409 6.42931 6.51921 6.35763 5.52116 5.31430 5.19030 4.64532 4.77279 4.80226 4.75532 4.84375 4.89000 4.54339 4.61392 4.72468 4.79872 4.94310 5.05087 5.00466 5.71895 6.82263 7.98093 10.21590 10.31230 15.04530 12.88570 21.15080 16.18270 9.63351 8.93354 8.83670 7.38046 6.18962 6.02584 6.02455 6.36747 5.50951 6.86033 6.96813 7.46232 6.18491 6.59355 6.81763 7.02767 9.34445
-9999 -9999 -9999 19.36090 23.64470 19.64130 16.50360 14.71160 13.14310 14.28550 19.81250 18.93850 18.41510 16.52770 15.47560 16.37350 19.92690 16.29170 16.62950 16.96360 18.40590 14.81700 13.32920 10.26480 7.85282 6.31373 5.94007 5.51889 4.98302 5.04703 4.63285 4.72139 4.67356 4.03805 4.24042 4.31720 4.08749 4.46654 4.58497 4.51382 4.52372 4.91486 5.52797 5.15021 5.22774 5.24059 5.71664 6.43787 7.03788 7.84325 8.88993 11.74600 13.01500 17.49790 12.61920 11.25030 9.16901 8.33570 8.41355 7.30174 6.60941 7.35382 7.22321 7.87945 7.24716 7.18091 6.97400 7.52334 8.05392 8.74237 8.96748 10.42480
-9999 -9999 -9999 -9999 -9999 -9999 16.16250 17.33970 19.18930 15.56380 15.92130 17.15820 15.63250 13.06730 11.76480 14.80220 14.19860 15.60910 11.58000 10.24250 11.79530 10.88800 8.71192 7.43528 6.24542 7.14593 5.65207 5.29664 5.16477 4.75220 4.48747 4.11245 4.32406 4.71247 4.32712 4.16756 4.56001 4.35955 4.87120 5.06612 5.31516 4.90140 5.16404 4.98225 5.58957 6.32255 6.53289 7.28186 7.52453 8.40847 10.02410 15.07270 15.50080 10.84610 13.02740 11.62660 10.78160 11.20390 11.45360 9.66097 9.55427 8.68470 8.37122 7.91862 8.03958 8.04344 6.85596 8.70290 10.22240 10.93840 11.02360 10.15210
-9999 -9999 -9999 -9999 -9999 -9999 15.42310 16.98420 12.69620 17.82290 14.75850 12.84670 12.21260 10.58090 10.85260 12.92570 12.88610 12.35090 11.91270 11.02750 10.60910 8.96959 9.22677 7.92536 6.91772 5.52114 4.67827 4.76176 5.56799 5.82262 5.37442 4.75548 4.41912 4.88959 4.81042 4.35658 4.37119 4.50652 4.59371 4.81098 5.01799 5.19235 5.62767 5.43705 5.54742 5.89910 6.45645 6.45962 7.04598 7.77039 8.55611 8.91370 9.15667 9.53532 9.18938 8.06811 8.13311 9.25543 8.82051 9.47833 12.45490 11.16270 11.37530 8.16125 8.69797 6.81386 7.19312 8.09741 8.47285 9.49989 11.72750 12.29120
-9999 -9999 -9999 -9999 -9999 -9999 -9999 -9999 -9999 -9999 9.46570 11.89140 11.10160 7.78480 7.71471 9.30859 9.33860 11.01470 9.40454 7.29440 7.13761 6.82479 6.85801 7.53900 6.87390 6.72218 5.82611 4.90993 4.60202 5.04716 4.71584 5.08070 4.92513 5.04220 5.05322 4.41508 4.57704 4.58652 4.54803 4.86461 5.03902 5.17544 4.83696 5.70832 5.85894 6.04635 6.41567 5.91502 6.52776 6.72696 6.68382 7.22523 7.29346 7.39894 7.14316 7.02136 7.08750 7.05813 7.23331 8.06479 7.18429 6.80351 6.91229 6.94631 7.57236 7.24089 7.61564 7.26618 8.95365 9.06995 10.15900 18.32510
-9999 -9999 -9999 -9999 -9999 -9999 -9999 -9999 -9999 -9999 6.51512 6.87897 8.94402 6.91509 7.71907 9.32631 9.49470 10.16560 10.81570 9.13782 8.94810 8.06788 7.61439 7.94310 6.96239 5.71728 5.02373 4.82050 4.52070 4.98627 4.92692 5.10990 5.48189 5.03945 5.15494 4.98192 4.49354 4.14774 4.44308 4.64763 4.67803 5.03325 5.18250 5.34689 5.43111 5.68363 5.83752 5.39472 5.45786 6.23459 6.31302 7.05012 6.94063 6.89282 6.45873 6.18823 6.29600 6.78831 6.53282 6.83868 6.50250 6.19584 5.80550 6.60469 5.91546 6.13774 6.40848 5.53762 6.38743 8.68067 10.28360 14.70200
-9999 -9999 -9999 -9999 -9999 -9999 -9999 -9999 -9999 -9999 -9999 -9999 6.58969 6.78230 7.31633 7.74484 6.58012 5.64856 6.87306 6.88244 6.39513 6.44182 5.41186 6.39509 5.97040 4.93864 4.76325 4.45797 4.24897 4.31214 4.77324 5.08540 5.05845 4.40676 4.33779 3.96564 4.00020 4.61907 4.76067 4.71528 4.77814 5.02943 5.33076 5.42741 5.44955 5.30347 5.60611 5.46630 5.62314 5.83467 6.93904 7.21975 6.44657 6.72692 5.94678 6.28129 6.73618 7.04261 6.93669 6.69409 6.52721 5.88122 5.48395 6.26486 5.64084 5.73323 6.05923 5.23094 6.05030 6.43397 10.56650 16.57300
-9999 -9999 -9999 -9999 -9999 -9999 -9999 -9999 -9999 -9999 -9999 -9999 6.47819 6.14052 6.61680 7.55468 6.86647 7.12731 7.93185 7.41189 5.98717 6.83600 5.77892 5.88725 6.43663 5.42915 5.15389 4.50029 4.40205 4.44065 4.23685 4.84762 4.74287 4.65320 4.89350 4.34111 4.52838 5.60955 5.53130 5.14502 5.17180 5.39295 5.53904 5.57440 5.60149 6.09028 6.31998 6.79447 6.69934 7.52377 7.96007 7.27556 6.70318 6.30278 6.22685 6.64786 6.94512 7.04277 7.03849 6.50652 6.05512 5.50564 5.36502 6.06554 6.09808 6.10895 5.91050 6.35148 6.93962 9.92520 10.89470 12.78730
-9999 -9999 -9999 -9999 -9999 -9999 -9999 -9999 -9999 -9999 -9999 6.93559 7.43005 6.85487 6.98047 7.98674 7.15513 5.76469 6.92802 6.20134 4.82585 8.20023 6.39399 6.18777 5.96397 6.34544 6.15752 5.54077 4.81316 4.41534 4.09925 4.41270 4.52519 4.63750 4.68488 4.27587 4.63213 5.43160 5.79021 6.17894 6.27692 5.91869 6.05021 5.89827 5.71678 5.41898 5.67686 6.94084 7.37683 7.38064 7.29264 6.89493 6.56663 6.60522 5.94126 6.66752 6.93113 6.89332 6.74960 6.42048 6.17023 6.59056 6.56884 6.32402 6.15910 5.54614 5.83125 6.48889 7.64829 9.05027 13.06340 18.37430
-9999 -9999 -9999 -9999 -9999 -9999 -9999 -9999 -9999 -9999 -9999 6.30668 6.74951 7.01199 6.85139 7.68552 6.29974 5.60267 5.65219 6.73879 6.51106 7.40584 7.11173 6.29340 6.16824 6.61793 6.62594 6.16595 5.58577 5.41828 4.99159 5.16616 4.93559 5.08458 5.19547 4.72177 4.94558 5.65082 6.43014 6.28850 6.54975 6.39144 6.83331 6.90071 7.00369 7.33944 7.40469 7.46840 7.80517 7.34811 7.49116 7.14414 7.01374 6.98763 6.62743 7.73118 7.96956 7.02453 6.72494 7.08880 6.74798 7.09481 6.64827 6.46881 6.01229 6.00183 6.61911 6.63119 7.97327 11.13460 12.05760 11.75640
