data/hydroclimate-scenarios/BCSD_hadcm_B1/monthly_summaries/runoff_monthly_tot_sep.2030-2059.asc
ncols	311
nrows	91
xllcenter	102.75
yllcenter	31.75
cellsize	0.5
NODATA_value	-9999
[rows 0 to 31 of 91, columns 72 to 143 of 311]
-9999 -9999 -9999 -9999 -9999 -9999 -9999 -9999 -9999 -9999 -9999 -9999 -9999 -9999 -9999 -9999 -9999 -9999 -9999 -9999 -9999 -9999 -9999 -9999 -9999 -9999 -9999 -9999 -9999 -9999 -9999 -9999 -9999 -9999 -9999 -9999 -9999 -9999 -9999 -9999 -9999 -9999 -9999 -9999 -9999 -9999 -9999 -9999 -9999 -9999 -9999 -9999 -9999 -9999 -9999 -9999 -9999 -9999 -9999 -9999 -9999 -9999 -9999 -9999 -9999 -9999 -9999 -9999 -9999 -9999 -9999 -9999
-9999 -9999 -9999 -9999 -9999 -9999 -9999 -9999 -9999 -9999 -9999 -9999 -9999 -9999 -9999 -9999 -9999 -9999 -9999 -9999 -9999 -9999 -9999 -9999 -9999 -9999 -9999 -9999 -9999 -9999 -9999 -9999 -9999 -9999 -9999 -9999 -9999 -9999 -9999 -9999 -9999 -9999 -9999 -9999 -9999 -9999 -9999 -9999 -9999 -9999 -9999 -9999 -9999 -9999 -9999 -9999 -9999 -9999 -9999 -9999 -9999 -9999 -9999 -9999 -9999 -9999 -9999 -9999 -9999 -9999 -9999 -9999
-9999 -9999 -9999 -9999 -9999 -9999 -9999 -9999 -9999 -9999 -9999 -9999 -9999 -9999 -9999 -9999 -9999 -9999 -9999 -9999 -9999 -9999 -9999 -9999 -9999 -9999 -9999 -9999 -9999 -9999 -9999 -9999 -9999 -9999 -9999 -9999 -9999 -9999 -9999 -9999 -9999 -9999 -9999 -9999 -9999 -9999 -9999 -9999 -9999 -9999 -9999 -9999 -9999 -9999 -9999 -9999 -9999 -9999 -9999 -9999 -9999 -9999 -9999 -9999 -9999 -9999 -9999 -9999 -9999 -9999 -9999 -9999
-9999 -9999 -9999 -9999 -9999 -9999 -9999 -9999 -9999 -9999 -9999 -9999 -9999 -9999 -9999 -9999 -9999 -9999 -9999 -9999 -9999 -9999 -9999 -9999 -9999 -9999 -9999 -9999 -9999 -9999 -9999 -9999 -9999 -9999 -9999 -9999 -9999 -9999 -9999 -9999 -9999 -9999 -9999 -9999 -9999 -9999 -9999 -9999 -9999 -9999 -9999 -9999 -9999 -9999 -9999 -9999 -9999 -9999 -9999 -9999 -9999 -9999 -9999 -9999 -9999 -9999 -9999 -9999 -9999 -9999 -9999 -9999
-9999 -9999 -9999 -9999 -9999 -9999 -9999 -9999 -9999 -9999 -9999 -9999 -9999 -9999 -9999 -9999 -9999 -9999 -9999 -9999 -9999 -9999 -9999 -9999 -9999 -9999 -9999 -9999 -9999 -9999 -9999 -9999 -9999 -9999 -9999 -9999 -9999 -9999 -9999 -9999 -9999 -9999 -9999 -9999 -9999 -9999 -9999 -9999 -9999 -9999 -9999 -9999 -9999 -9999 -9999 -9999 -9999 -9999 -9999 -9999 -9999 -9999 -9999 -9999 -9999 -9999 -9999 -9999 -9999 -9999 -9999 -9999
-9999 -9999 -9999 -9999 -9999 -9999 -9999 -9999 -9999 -9999 -9999 -9999 -9999 -9999 -9999 -9999 -9999 -9999 -9999 -9999 -9999 -9999 -9999 -9999 -9999 -9999 -9999 -9999 -9999 -9999 -9999 -9999 -9999 -9999 -9999 -9999 -9999 -9999 -9999 -9999 -9999 -9999 -9999 -9999 -9999 -9999 -9999 -9999 -9999 -9999 -9999 -9999 -9999 -9999 -9999 -9999 -9999 -9999 -9999 -9999 -9999 -9999 -9999 -9999 -9999 -9999 -9999 -9999 -9999 -9999 -9999 -9999
-9999 -9999 -9999 -9999 -9999 -9999 -9999 -9999 -9999 -9999 -9999 -9999 -9999 -9999 -9999 -9999 -9999 -9999 -9999 -9999 -9999 -9999 -9999 -9999 -9999 -9999 -9999 -9999 -9999 -9999 -9999 -9999 -9999 -9999 -9999 -9999 -9999 -9999 -9999 -9999 -9999 -9999 -9999 -9999 -9999 -9999 -9999 -9999 -9999 -9999 -9999 -9999 -9999 -9999 -9999 -9999 -9999 -9999 -9999 -9999 -9999 -9999 -9999 -9999 -9999 -9999 -9999 -9999 -9999 -9999 -9999 -9999
-9999 -9999 -9999 -9999 -9999 -9999 -9999 -9999 -9999 -9999 -9999 -9999 -9999 -9999 -9999 -9999 -9999 -9999 -9999 -9999 -9999 -9999 -9999 -9999 -9999 -9999 -9999 -9999 -9999 -9999 -9999 -9999 -9999 -9999 -9999 -9999 -9999 -9999 -9999 -9999 -9999 -9999 -9999 -9999 -9999 -9999 -9999 -9999 -9999 -9999 -9999 -9999 -9999 -9999 -9999 -9999 -9999 -9999 -9999 -9999 -9999 -9999 -9999 -9999 -9999 -9999 -9999 -9999 -9999 -9999 -9999 -9999
-9999 -9999 -9999 -9999 -9999 3.13800 -9999 -9999 -9999 -9999 -9999 -9999 -9999 -9999 -9999 -9999 -9999 -9999 -9999 -9999 -9999 -9999 -9999 -9999 -9999 -9999 -9999 -9999 -9999 -9999 -9999 -9999 -9999 -9999 -9999 -9999 -9999 -9999 -9999 -9999 -9999 -9999 -9999 -9999 -9999 -9999 -9999 -9999 -9999 -9999 -9999 -9999 -9999 -9999 -9999 -9999 -9999 -9999 -9999 -9999 -9999 -9999 -9999 -9999 -9999 -9999 -9999 -9999 -9999 -9999 -9999 -9999
-9999 2.76594 2.36820 2.62090 2.59712 3.00223 3.29614 3.07854 3.13130 2.75579 2.76643 2.68876 2.78902 2.44487 2.47008 2.23468 2.02387 2.14785 2.12220 2.13851 1.99507 -9999 -9999 -9999 -9999 -9999 -9999 -9999 -9999 -9999 -9999 -9999 -9999 -9999 -9999 -9999 -9999 -9999 -9999 -9999 -9999 -9999 -9999 -9999 -9999 -9999 -9999 -9999 -9999 -9999 -9999 -9999 -9999 -9999 -9999 -9999 -9999 -9999 -9999 -9999 -9999 -9999 -9999 -9999 -9999 -9999 -9999 -9999 -9999 -9999 -9999 -9999
-9999 -9999 -9999 2.68991 2.67232 2.67020 2.66379 2.39814 2.41737 2.56947 2.56058 2.85106 2.76167 2.69577 2.70723 2.40865 2.37359 2.32990 2.31852 2.25416 2.09474 -9999 -9999 -9999 -9999 -9999 -9999 -9999 -9999 -9999 -9999 -9999 -9999 -9999 -9999 -9999 -9999 -9999 -9999 -9999 -9999 -9999 -9999 -9999 -9999 -9999 -9999 -9999 -9999 -9999 -9999 -9999 -9999 -9999 -9999 -9999 -9999 -9999 -9999 -9999 -9999 -9999 -9999 -9999 -9999 -9999 -9999 -9999 -9999 -9999 -9999 -9999
2.66261 2.69091 2.73989 2.66742 2.76626 2.92104 2.75813 2.41984 2.57879 2.49745 2.49592 2.72940 2.90541 2.93019 2.90495 2.56534 2.54387 2.52775 2.64990 2.84769 2.94143 2.11912 2.04070 2.13181 2.17629 2.03933 1.93131 -9999 -9999 -9999 -9999 -9999 -9999 -9999 -9999 -9999 -9999 -9999 -9999 -9999 -9999 -9999 -9999 -9999 -9999 -9999 -9999 -9999 -9999 -9999 -9999 -9999 -9999 -9999 -9999 -9999 -9999 -9999 -9999 -9999 -9999 -9999 -9999 -9999 -9999 -9999 -9999 -9999 -9999 -9999 -9999 -9999
2.84006 2.83245 2.90267 2.84993 2.77316 2.69165 2.97999 2.62304 2.69098 2.74164 2.90807 2.82366 2.83217 2.79620 3.01140 3.13089 3.30244 4.20019 2.68545 2.55665 2.47826 2.78505 2.53637 2.59561 2.42363 2.45342 2.32365 2.19615 2.04633 2.12910 2.01833 1.83082 1.88020 1.65049 1.62111 1.60790 1.61638 1.32553 1.35380 1.47403 1.49546 1.57412 -9999 -9999 -9999 -9999 -9999 -9999 -9999 -9999 -9999 -9999 -9999 -9999 -9999 -9999 -9999 -9999 -9999 -9999 -9999 -9999 -9999 -9999 -9999 -9999 -9999 -9999 -9999 -9999 -9999 -9999
1.96082 1.95867 2.40849 2.56264 2.84284 2.74764 2.75047 2.56343 2.32664 2.68444 3.04020 2.67192 3.25185 3.18994 3.25474 3.42141 3.42031 3.45468 3.12876 2.80634 2.61242 3.28409 2.69925 2.77874 2.95788 2.82787 2.79521 2.36751 2.30832 2.17230 2.22797 1.94818 1.77823 1.63832 1.62373 1.69460 1.59773 1.48331 1.51342 1.59217 1.64503 1.67605 2.85343 -9999 -9999 -9999 -9999 -9999 -9999 -9999 -9999 -9999 -9999 -9999 -9999 -9999 -9999 -9999 -9999 -9999 -9999 -9999 -9999 -9999 -9999 -9999 -9999 -9999 -9999 -9999 -9999 -9999
2.40483 2.66937 2.92098 2.72844 2.68840 2.91144 3.11477 2.82160 2.91362 2.43224 2.62851 2.56494 2.56835 2.54190 2.72342 3.42641 3.39366 3.43880 4.60036 3.62198 3.80506 3.19415 2.97519 3.14582 2.98229 2.91741 2.77433 2.63381 2.38827 2.36586 2.34596 2.18366 2.17057 2.10884 2.10941 1.85291 1.85596 1.84304 1.82424 1.98307 1.99612 1.89504 1.87998 -9999 -9999 -9999 -9999 -9999 -9999 -9999 -9999 -9999 -9999 -9999 -9999 -9999 -9999 -9999 1.89570 1.90146 -9999 -9999 -9999 -9999 1.90280 1.98769 1.91335 2.39581 2.34380 2.45974 2.48619 2.44222
2.69098 3.05447 2.94592 2.84300 2.76243 2.62533 2.72439 2.45214 2.90966 2.62135 2.39907 2.24948 2.26772 2.54790 2.56176 3.20035 3.29990 4.58531 3.30650 3.74634 3.59230 2.87515 2.79344 2.77623 2.86334 3.29491 3.32326 2.77364 2.58292 2.52759 2.36435 2.43270 2.60577 2.65345 2.14061 1.91640 1.95107 2.29315 2.89638 3.41304 3.43256 3.02980 2.54335 2.37571 2.40938 3.07575 2.20745 2.27911 2.36180 2.20204 2.12760 2.14147 2.29393 2.22510 1.84640 1.69709 1.70432 2.03038 2.02266 1.77398 -9999 -9999 -9999 -9999 -9999 2.07469 2.05373 2.54163 2.64870 2.94626 2.59188 2.55341
2.11635 3.05593 3.04590 2.30987 2.94337 3.00864 2.88386 2.46845 2.47205 2.44485 2.59644 2.31029 2.44296 2.40751 3.35126 2.91230 3.01348 2.84534 3.02150 3.36303 3.09347 2.97010 2.77458 2.66068 2.69267 2.52830 2.58379 2.43385 2.41462 2.44420 2.25794 2.35605 2.39504 2.20110 2.18639 2.13729 2.15727 3.12829 3.30262 2.10269 3.09025 2.07578 2.11990 2.08107 2.07056 2.11758 2.13805 2.25049 2.34744 2.34464 2.26901 2.38112 2.54851 2.51933 2.44510 2.28055 2.24938 1.76450 1.52181 1.59064 1.78432 1.91748 2.04260 2.19318 2.06904 2.07610 2.30374 2.63854 2.53870 2.88411 2.66766 3.11430
2.50430 2.89233 3.19945 2.86676 2.72041 2.67846 2.69195 2.62886 2.54958 2.40651 2.67048 2.35277 3.28125 2.49896 2.57220 2.98146 2.82291 2.88441 3.17336 3.50092 3.15136 2.90681 2.78556 2.61094 2.60135 2.58546 2.56124 2.55828 2.57455 2.42641 2.45455 2.39153 2.25420 2.36251 2.31745 3.51697 2.38127 2.47438 2.55706 2.38440 2.17160 2.42364 2.51700 2.38428 2.20786 2.25441 2.24447 2.25805 2.26584 2.52918 2.59406 2.48633 2.43207 2.48782 2.42705 2.25654 2.42072 2.19904 2.07001 1.85946 1.99812 1.80206 1.74964 2.14673 2.29248 2.34476 2.36219 2.64027 2.82611 2.83016 2.96137 3.21369
2.88039 2.96069 2.17023 3.26756 2.95396 3.00963 3.09827 2.60443 2.38447 2.45030 2.66972 2.55703 2.68785 2.98246 3.16035 2.93377 2.76774 2.89946 3.27722 3.27865 3.05755 3.14107 2.85226 2.63190 2.69761 2.62806 2.67025 2.72161 2.59034 2.69751 4.09739 2.64908 2.58735 2.48209 2.44937 2.49098 2.52631 2.84620 2.94486 2.66517 2.43724 2.50704 2.73645 2.90122 2.72828 2.51090 2.35798 2.15223 2.25939 2.35725 2.58832 2.75846 2.69885 1.94709 1.96522 2.06141 2.36107 2.27094 2.57156 2.62404 2.66775 2.68447 2.52724 2.33410 2.28693 2.39990 2.42840 2.47336 2.56800 2.76794 2.98600 3.23927
3.27859 3.49803 3.02936 2.72990 3.14270 2.85767 3.13481 2.70493 2.53499 2.78307 2.61886 2.43604 2.83949 3.10701 3.00125 2.95768 2.68572 2.78809 2.76061 3.00629 2.95549 3.05384 2.99033 2.79801 2.54093 2.60381 2.58729 2.57361 3.48472 2.66427 2.83338 2.73864 2.77331 2.79801 2.89083 2.77910 2.78351 2.58091 2.84053 2.98111 2.88559 2.61741 2.65873 2.98270 2.82669 2.73052 2.65690 2.31424 2.11370 2.24188 2.41521 2.79377 2.54352 2.26507 2.39032 2.33344 2.45863 2.57232 2.46361 2.74301 2.75156 2.54897 2.91231 2.95591 2.69084 2.98538 2.62480 2.67623 2.67242 3.27469 3.22080 3.42227
2.90783 2.79540 2.81918 3.13006 2.29558 2.20774 1.98042 2.52801 2.39624 2.46364 2.67411 3.04238 3.10822 3.09766 3.20876 2.79420 2.80794 2.86565 2.75250 2.75403 2.72614 2.87910 2.81234 2.70089 2.83917 2.64085 2.72354 2.63306 2.81628 2.86350 2.79205 3.19436 3.07109 3.15222 3.17907 3.13598 3.23611 3.12438 3.10108 3.24551 3.33221 3.01818 2.94894 2.77913 2.72766 2.56917 2.49535 2.46220 2.38740 2.44003 2.68855 2.87531 2.95762 2.97516 3.17278 2.90255 3.07465 2.98397 2.94250 3.10899 3.17598 2.56437 3.03797 3.46179 3.25248 2.85508 2.96397 2.92045 3.37331 3.07416 3.07466 3.24168
3.80288 3.47554 3.28959 3.51962 3.27380 3.35119 3.11603 2.52389 2.43612 2.42050 2.08746 2.47857 2.84087 3.47938 3.41881 2.84759 2.81465 2.57837 2.19918 2.92136 3.15724 3.20407 3.00535 2.90042 3.01715 2.91593 2.82201 3.07804 3.10539 3.21969 3.07247 3.15843 3.31307 3.40942 3.45363 3.47974 3.54234 2.85768 3.58470 3.62082 3.62929 3.37647 3.25849 3.03240 3.01960 2.81557 2.78720 2.67073 2.64077 2.75888 2.86354 3.10295 2.74302 3.13343 3.19065 2.86062 3.35587 3.37688 3.81946 3.69814 3.79359 3.38798 3.35695 3.75970 3.02263 3.43464 3.48553 3.43672 3.43632 3.17822 3.26037 3.50695
3.92202 4.16085 3.92753 4.72427 4.02326 3.50644 2.99015 2.92358 2.61698 2.51290 2.36176 2.57450 1.96172 2.52557 2.23424 2.69919 3.34757 3.31339 3.08440 2.66730 3.16822 3.20254 3.52060 3.08204 3.16656 2.92596 2.80897 3.29701 3.37455 3.57209 3.61395 3.28643 3.21334 3.36999 3.44108 3.79772 3.63191 3.80996 3.95425 3.86688 3.88699 3.43085 2.98427 2.99082 2.91530 2.44774 2.55339 2.22266 2.26670 2.71519 2.81388 3.42253 3.64269 3.11956 3.37165 3.91327 3.95939 3.87355 4.19052 3.89052 3.84941 3.50450 3.01653 4.27162 3.92826 3.60005 3.55682 3.22108 3.29355 3.31921 3.47969 3.61938
4.21607 4.03411 4.26406 5.05041 4.83136 4.39911 4.03438 3.49113 3.02288 2.59270 2.79482 2.97613 2.81538 3.11977 3.08048 3.51106 2.43593 3.24167 3.54872 3.15411 3.44182 3.45957 3.66320 3.48648 3.39687 2.99256 3.06608 3.48627 3.20530 3.29566 3.28812 3.05272 3.23621 3.44822 3.72492 3.90955 3.97691 4.21788 4.31763 4.21846 4.34772 3.74200 2.87066 2.29594 2.78758 2.59921 2.90153 2.68164 2.57272 3.05691 2.75595 3.74583 3.41686 3.89149 4.41782 4.26536 4.71015 4.23103 4.33558 4.26742 4.26022 3.98216 3.93718 3.97802 3.87102 3.67592 3.46166 3.70955 3.77000 3.52365 3.70128 3.86073
5.04518 4.85247 4.19013 4.56226 4.38745 4.14809 3.98229 3.30349 3.07195 2.72581 2.78673 2.11467 2.58264 2.57816 2.63535 3.90713 3.72396 2.81046 3.18370 3.06718 3.35607 3.49560 3.76389 3.68115 3.60336 3.36248 3.65077 3.70094 3.80177 3.53707 3.49644 3.04427 3.00987 3.51208 3.56173 3.77624 3.93290 4.33431 4.53597 4.39927 3.99905 4.24867 3.33081 2.98634 3.06524 2.95734 3.00545 2.77897 2.81330 3.17504 3.36416 4.39713 4.70626 4.66898 4.62994 4.69262 4.55546 4.78527 4.74199 4.66862 4.39243 4.38634 4.11591 4.71834 4.62496 4.16388 4.03122 4.08533 4.06039 3.75059 4.00674 4.34431
5.88387 5.25322 5.10429 5.25204 4.56346 4.41164 3.92564 3.30234 2.85553 2.73000 3.05278 2.75660 2.76177 2.45348 2.62751 3.79233 3.70655 3.74449 3.57313 3.19521 3.11047 3.48029 3.67201 3.78924 3.79039 3.69187 3.46806 3.68842 3.60790 3.52251 3.69600 3.43356 3.51053 3.46967 3.86952 4.07413 4.08596 4.44610 4.93573 4.23639 4.80437 4.57763 4.55050 3.76130 3.39371 2.53557 2.60762 2.48667 2.42559 3.58187 3.57887 4.05062 4.03124 4.14875 4.55139 4.90195 4.99190 4.83880 5.26873 5.18466 5.25675 5.11525 4.38647 4.14457 3.95799 3.70349 3.88634 3.95835 3.87789 3.71638 4.54769 4.80269
5.42633 5.08533 4.47125 4.84448 4.76518 4.43915 4.02317 3.21620 3.09373 3.03297 3.11887 3.84267 3.67404 3.55888 3.50594 3.74178 3.58378 4.02200 3.99916 4.07365 3.94335 4.46248 3.93999 4.12187 3.97681 3.73024 3.67400 3.45055 3.30718 3.29509 3.18783 3.38101 3.53260 3.47572 3.54275 4.31981 4.75780 3.99275 5.15234 5.48814 5.60622 4.80162 4.43318 3.91288 3.68007 4.09365 3.60052 3.56374 3.98001 3.43999 4.10185 4.83580 4.61375 4.60905 4.84459 5.26084 4.94612 4.38669 4.77206 4.37759 4.71137 4.61849 4.58559 4.55314 4.28532 4.62035 4.14207 4.37185 4.42265 4.66049 4.88661 5.17316
5.52207 5.67799 5.46445 5.41748 5.02065 4.13051 4.52893 3.79873 3.27064 2.93464 3.24564 3.90968 4.41214 4.24855 4.24955 4.05436 4.15510 3.91772 3.78350 5.21185 4.36838 4.49522 4.26555 4.25395 4.34183 4.25647 3.80950 3.66467 3.41621 3.39396 3.23396 3.44515 3.64800 3.74340 3.70166 4.45877 4.57771 5.31121 4.96520 5.17912 5.38983 5.01795 5.88762 5.10804 4.58387 4.15439 4.15415 4.26297 4.16866 3.80651 4.16480 4.72148 4.44314 4.86767 4.79361 4.92274 4.86379 4.62180 5.10863 4.71801 4.98492 5.25562 5.01252 5.10215 4.91378 4.95991 4.94889 5.09877 4.89053 5.08283 5.51370 5.55814
6.26128 6.39504 6.05504 6.10620 6.23876 5.04756 4.29935 4.25330 4.96377 4.04099 4.29275 4.35596 4.55996 4.75283 4.70067 4.07997 3.36672 3.90085 4.17709 4.51702 4.59365 4.87561 4.51351 4.56819 4.16324 4.58245 4.28686 3.81592 3.68709 3.40315 3.53165 3.39870 3.41822 3.41385 2.85175 4.09965 4.84959 5.34249 6.10552 5.91129 5.27965 5.86676 5.66284 5.18760 4.82155 4.30298 3.49821 3.60863 3.60608 3.81493 3.83613 3.77142 4.45973 4.38030 4.62620 4.73257 4.44156 4.96760 4.46253 5.30441 5.76202 5.07285 5.50620 5.74997 5.56502 5.70961 5.79841 5.61711 5.78385 5.57032 5.74294 6.20778
6.61635 6.67351 6.85526 7.41574 7.08989 6.60229 5.71742 5.99693 5.84571 5.71652 5.12116 5.33496 4.82692 5.40133 5.51348 4.74496 4.53970 4.22731 4.41219 4.25834 5.20084 5.81235 5.48873 4.95623 3.91335 5.07215 4.65556 4.00743 3.97486 3.74467 3.63955 3.64966 3.80088 3.70745 3.88316 4.56946 5.51696 6.51676 6.85617 7.32512 6.58289 6.07346 5.61786 4.58080 4.88705 4.28434 4.10769 5.14240 4.67304 -9999 -9999 4.21953 5.00506 4.47733 4.86606 5.60030 4.89472 4.77654 5.08223 5.76431 6.08106 6.23604 6.04742 6.08845 6.15058 6.02504 6.35042 6.40248 6.50878 6.59213 6.73558 6.64439
7.86525 8.28572 8.64495 7.96715 8.47622 7.88449 7.41829 6.66316 7.00085 6.78798 6.29685 5.75546 5.54618 5.83795 5.74102 5.36281 5.03692 4.44565 5.14188 4.57721 5.42498 5.28786 5.71250 5.15598 5.04352 5.04806 4.55879 3.50475 4.49788 4.28456 4.09988 4.40952 4.59818 4.83587 4.90958 5.09243 5.76654 5.84199 -9999 -9999 -9999 -9999 6.46464 -9999 5.28237 7.23512 6.67390 6.27302 5.64886 -9999 -9999 5.32917 5.84090 5.62536 5.45819 5.02923 5.23631 5.45692 5.99345 5.81372 6.05860 5.98223 5.65229 5.87640 6.58894 6.90537 7.09281 6.53798 6.25950 6.48042 7.03640 -9999
7.88928 8.89012 9.25114 9.41969 8.94748 8.11928 7.52568 7.30140 7.23308 6.89560 6.85476 6.93661 6.67789 6.72776 5.82486 5.86653 5.87560 6.08711 6.27347 6.57817 6.35458 6.47034 6.25623 5.56376 6.14499 4.63079 5.28274 5.44167 5.13883 5.07756 5.21410 5.80494 5.87127 6.36667 5.67818 5.75262 -9999 -9999 -9999 -9999 -9999 -9999 -9999 8.10181 7.73990 8.23584 -9999 -9999 -9999 -9999 -9999 7.13293 6.24340 6.30821 6.82912 6.99432 6.85341 6.24329 6.33470 5.96790 6.07966 5.89078 6.87763 6.60792 5.64753 6.82081 7.38287 6.86182 6.54305 -9999 -9999 -9999
