data/hydroclimate-scenarios/BCSD_hadcm_B1/monthly_summaries/runoff_monthly_tot_oct.2070-2099.asc
ncols	311
nrows	91
xllcenter	102.75
yllcenter	31.75
cellsize	0.5
NODATA_value	-9999
[rows 0 to 31 of 91, columns 0 to 71 of 311]
-9999 -9999 -9999 -9999 -9999 -9999 -9999 -9999 -9999 -9999 -9999 -9999 -9999 -9999 -9999 -9999 -9999 -9999 -9999 -9999 -9999 -9999 -9999 -9999 -9999 -9999 -9999 -9999 -9999 -9999 -9999 -9999 -9999 -9999 -9999 -9999 -9999 -9999 -9999 -9999 -9999 -9999 -9999 -9999 -9999 -9999 -9999 -9999 -9999 -9999 -9999 -9999 -9999 -9999 -9999 -9999 -9999 -9999 -9999 -9999 -9999 -9999 -9999 -9999 -9999 -9999 -9999 -9999 -9999 -9999 -9999 -9999
-9999 -9999 -9999 -9999 -9999 -9999 -9999 -9999 -9999 -9999 -9999 -9999 -9999 -9999 -9999 -9999 -9999 -9999 -9999 -9999 -9999 -9999 -9999 -9999 -9999 -9999 -9999 -9999 -9999 -9999 -9999 -9999 -9999 -9999 -9999 -9999 -9999 -9999 -9999 -9999 -9999 -9999 -9999 -9999 -9999 -9999 -9999 -9999 -9999 -9999 -9999 -9999 -9999 -9999 -9999 -9999 -9999 -9999 -9999 -9999 -9999 -9999 -9999 -9999 -9999 -9999 -9999 -9999 -9999 -9999 -9999 -9999
-9999 -9999 -9999 -9999 -9999 -9999 -9999 -9999 -9999 -9999 -9999 -9999 -9999 -9999 -9999 -9999 -9999 -9999 -9999 -9999 -9999 -9999 -9999 -9999 -9999 -9999 -9999 -9999 -9999 -9999 -9999 -9999 -9999 -9999 -9999 -9999 -9999 -9999 -9999 -9999 -9999 -9999 -9999 -9999 -9999 -9999 -9999 -9999 -9999 -9999 -9999 -9999 -9999 -9999 -9999 -9999 -9999 -9999 -9999 -9999 -9999 -9999 -9999 -9999 -9999 -9999 -9999 -9999 -9999 -9999 -9999 -9999
-9999 -9999 -9999 -9999 -9999 -9999 -9999 -9999 -9999 -9999 -9999 -9999 -9999 -9999 -9999 -9999 -9999 -9999 -9999 -9999 -9999 -9999 -9999 -9999 -9999 -9999 -9999 -9999 -9999 -9999 -9999 -9999 -9999 -9999 -9999 -9999 -9999 -9999 -9999 -9999 -9999 -9999 -9999 -9999 -9999 -9999 -9999 -9999 -9999 -9999 -9999 -9999 -9999 -9999 -9999 -9999 -9999 -9999 -9999 -9999 -9999 -9999 -9999 -9999 -9999 -9999 -9999 -9999 -9999 -9999 -9999 -9999
-9999 -9999 -9999 -9999 -9999 -9999 -9999 -9999 -9999 -9999 -9999 -9999 -9999 -9999 -9999 -9999 -9999 -9999 -9999 -9999 -9999 -9999 -9999 -9999 -9999 -9999 -9999 -9999 -9999 -9999 -9999 -9999 -9999 -9999 -9999 -9999 -9999 -9999 -9999 -9999 -9999 -9999 -9999 -9999 -9999 -9999 -9999 -9999 -9999 -9999 -9999 -9999 -9999 -9999 -9999 -9999 -9999 -9999 -9999 -9999 -9999 -9999 -9999 -9999 -9999 -9999 -9999 -9999 -9999 -9999 -9999 -9999
-9999 -9999 -9999 -9999 -9999 -9999 -9999 -9999 -9999 -9999 -9999 -9999 -9999 -9999 -9999 -9999 -9999 -9999 -9999 -9999 -9999 -9999 -9999 -9999 -9999 -9999 -9999 -9999 -9999 -9999 -9999 -9999 -9999 -9999 -9999 -9999 -9999 -9999 -9999 -9999 -9999 -9999 -9999 -9999 -9999 -9999 -9999 -9999 -9999 -9999 -9999 -9999 -9999 -9999 -9999 -9999 -9999 -9999 -9999 -9999 -9999 -9999 -9999 -9999 -9999 -9999 -9999 -9999 -9999 -9999 -9999 -9999
-9999 -9999 -9999 -9999 -9999 -9999 -9999 -9999 -9999 -9999 -9999 -9999 -9999 -9999 -9999 -9999 -9999 -9999 -9999 -9999 -9999 -9999 -9999 -9999 -9999 -9999 -9999 -9999 -9999 -9999 -9999 -9999 -9999 -9999 -9999 -9999 -9999 -9999 -9999 -9999 -9999 -9999 -9999 -9999 -9999 -9999 -9999 -9999 -9999 -9999 -9999 -9999 -9999 -9999 -9999 -9999 -9999 -9999 -9999 -9999 -9999 -9999 -9999 -9999 -9999 -9999 -9999 -9999 -9999 -9999 -9999 -9999
-9999 -9999 -9999 -9999 -9999 -9999 -9999 -9999 -9999 -9999 -9999 -9999 -9999 -9999 -9999 -9999 -9999 -9999 -9999 -9999 -9999 -9999 -9999 -9999 -9999 -9999 -9999 -9999 -9999 -9999 -9999 -9999 -9999 -9999 -9999 -9999 -9999 -9999 -9999 -9999 -9999 -9999 0.00046 0.00283 0.00278 0.01236 0.01384 0.00174 0.00159 0.00117 0.00000 0.00000 -9999 -9999 -9999 -9999 -9999 -9999 -9999 -9999 -9999 -9999 -9999 -9999 -9999 -9999 -9999 -9999 -9999 -9999 -9999 -9999
-9999 -9999 -9999 -9999 -9999 -9999 -9999 -9999 -9999 -9999 -9999 -9999 -9999 -9999 -9999 -9999 -9999 -9999 -9999 -9999 -9999 -9999 -9999 -9999 -9999 -9999 -9999 -9999 -9999 -9999 -9999 -9999 -9999 -9999 -9999 -9999 -9999 -9999 0.06270 0.00689 0.00774 0.00061 0.00000 0.00581 0.00617 0.00946 0.01014 0.00240 0.00268 0.01701 0.01167 0.00267 0.00064 0.02995 -9999 -9999 -9999 -9999 -9999 -9999 -9999 -9999 -9999 -9999 -9999 -9999 -9999 -9999 -9999 -9999 -9999 -9999
-9999 -9999 -9999 -9999 -9999 -9999 -9999 -9999 -9999 -9999 -9999 -9999 -9999 -9999 -9999 -9999 -9999 -9999 -9999 -9999 -9999 -9999 -9999 -9999 -9999 -9999 -9999 -9999 -9999 -9999 -9999 -9999 -9999 -9999 -9999 -9999 -9999 -9999 -9999 -9999 0.01557 0.00266 0.00000 0.00165 0.00185 0.00000 0.00357 0.00481 0.00324 0.01807 0.00974 0.00236 0.00154 0.02511 -9999 -9999 -9999 -9999 -9999 -9999 -9999 -9999 -9999 -9999 -9999 -9999 -9999 -9999 -9999 -9999 -9999 -9999
-9999 -9999 -9999 -9999 -9999 -9999 -9999 -9999 -9999 -9999 -9999 -9999 -9999 -9999 -9999 -9999 -9999 -9999 -9999 -9999 -9999 -9999 -9999 -9999 -9999 -9999 -9999 -9999 -9999 -9999 -9999 -9999 -9999 -9999 -9999 -9999 -9999 -9999 -9999 -9999 -9999 -9999 -9999 -9999 0.00464 0.00357 0.00118 0.00000 0.00000 0.09992 0.08637 0.05920 0.04949 0.15420 -9999 -9999 -9999 -9999 -9999 -9999 0.00128 -9999 -9999 -9999 -9999 -9999 -9999 -9999 -9999 -9999 -9999 -9999
-9999 -9999 -9999 -9999 -9999 -9999 -9999 -9999 -9999 -9999 -9999 -9999 -9999 -9999 -9999 -9999 -9999 -9999 -9999 -9999 -9999 -9999 -9999 -9999 -9999 -9999 -9999 -9999 -9999 -9999 -9999 -9999 -9999 -9999 -9999 -9999 -9999 -9999 -9999 -9999 -9999 0.01131 0.01121 0.00298 0.00209 0.00481 0.00211 0.00000 0.00035 0.10402 0.07359 0.06677 0.06345 0.02794 -9999 -9999 -9999 -9999 -9999 0.01476 0.01577 0.01458 0.01666 0.00118 0.00317 0.01043 0.00991 0.00188 0.00098 0.00040 0.00034 0.00134
-9999 -9999 -9999 -9999 -9999 -9999 -9999 -9999 -9999 -9999 -9999 -9999 -9999 -9999 -9999 -9999 -9999 -9999 -9999 -9999 -9999 -9999 -9999 -9999 -9999 -9999 -9999 -9999 -9999 -9999 -9999 -9999 -9999 -9999 -9999 -9999 -9999 -9999 -9999 -9999 -9999 0.01095 0.00922 0.04225 0.06129 0.06468 0.07442 0.01086 0.00793 0.11478 0.08547 0.09306 0.06362 0.15807 0.15900 0.13803 0.10093 -9999 0.07528 0.03011 0.03323 0.01406 0.03080 0.00155 0.00173 0.00776 0.00462 0.02302 0.01891 0.03213 0.02769 0.01218
-9999 -9999 -9999 -9999 -9999 -9999 -9999 -9999 -9999 -9999 -9999 -9999 -9999 -9999 -9999 -9999 -9999 -9999 -9999 -9999 -9999 -9999 -9999 -9999 -9999 -9999 -9999 -9999 -9999 -9999 -9999 -9999 -9999 -9999 -9999 0.23593 0.18466 0.15845 0.14312 0.09987 0.12354 0.06761 0.06509 0.11934 0.12849 0.09870 0.08691 0.01313 0.00844 0.11137 0.06770 0.11142 0.05172 0.18711 0.13826 0.16842 0.14814 0.12840 0.09827 0.06361 0.06237 0.03246 0.03194 0.01202 0.01135 0.00788 0.00500 0.03535 0.03967 0.04527 0.04507 0.02308
-9999 -9999 -9999 -9999 -9999 -9999 -9999 -9999 -9999 -9999 -9999 -9999 -9999 -9999 -9999 -9999 -9999 -9999 -9999 -9999 -9999 -9999 -9999 -9999 -9999 -9999 -9999 -9999 -9999 -9999 -9999 -9999 -9999 -9999 0.29386 0.16141 0.14982 0.20209 0.21858 0.28426 0.33728 0.15357 0.14498 0.24402 0.20195 0.21490 0.18758 0.07116 0.03776 0.04510 0.01808 0.09143 0.03994 0.10796 0.12328 0.29545 0.27695 0.11794 0.10768 0.03318 0.03176 0.03801 0.03066 0.01218 0.02237 0.01168 0.00901 0.00812 0.00222 0.00881 0.00809 0.04653
-9999 -9999 -9999 -9999 -9999 -9999 -9999 -9999 -9999 -9999 -9999 -9999 -9999 -9999 -9999 -9999 -9999 -9999 -9999 -9999 -9999 -9999 -9999 -9999 -9999 -9999 -9999 -9999 -9999 -9999 -9999 -9999 -9999 0.28665 0.30992 0.26130 0.26361 0.30400 0.32806 0.34437 0.36960 0.18025 0.26695 0.33065 0.24064 0.28605 0.21385 0.08037 0.01426 0.01977 0.00465 0.03217 0.04796 0.09607 0.15745 0.28676 0.29337 0.12730 0.11377 0.03507 0.04294 0.04306 0.04678 0.01577 0.02672 0.00829 0.00403 0.00604 0.00455 0.00726 0.00434 0.05843
-9999 -9999 -9999 -9999 -9999 -9999 -9999 -9999 -9999 -9999 -9999 -9999 -9999 -9999 -9999 -9999 -9999 -9999 -9999 -9999 -9999 -9999 -9999 -9999 -9999 -9999 -9999 -9999 -9999 -9999 -9999 0.69066 0.50208 0.43661 0.47851 0.52328 0.56398 0.52175 0.54508 0.62081 0.62565 0.41911 0.55330 0.66226 0.49030 0.44050 0.41736 0.30268 0.13133 0.12097 0.03693 0.04096 0.03926 0.05511 0.16464 0.14818 0.16503 0.15545 0.16795 0.08061 0.07155 0.03081 0.02873 0.02052 0.01890 0.01756 0.01656 0.05333 0.04550 0.03526 0.01690 0.04977
-9999 -9999 -9999 -9999 -9999 -9999 -9999 -9999 -9999 -9999 -9999 -9999 -9999 -9999 -9999 -9999 -9999 -9999 -9999 -9999 -9999 -9999 -9999 -9999 -9999 -9999 -9999 -9999 -9999 0.60047 0.54560 0.51430 0.52013 0.48456 0.53067 0.55086 0.64731 0.71639 0.68057 0.78861 0.88374 0.75399 0.58436 0.77812 0.69806 0.44456 0.38254 0.23128 0.05931 0.06404 0.02387 0.02648 0.04633 0.10143 0.14855 0.19468 0.19304 0.16982 0.13219 0.07040 0.06228 0.03161 0.03445 0.01714 0.02108 0.02114 0.01495 0.01109 0.00701 0.03915 0.05401 0.05786
-9999 -9999 -9999 -9999 -9999 -9999 -9999 -9999 -9999 -9999 -9999 -9999 -9999 -9999 -9999 -9999 -9999 -9999 -9999 -9999 -9999 -9999 -9999 -9999 0.64065 0.56048 0.63842 0.66378 0.58480 0.61761 0.55200 0.48090 0.48648 0.61585 0.63804 0.73655 0.79413 0.73041 0.76763 0.91412 1.07843 1.36156 0.96659 1.00223 0.87503 0.69866 0.66789 0.54341 0.20337 0.05125 0.04021 0.04502 0.03925 0.18047 0.17687 0.24173 0.14794 0.25442 0.22343 0.16238 0.15034 0.05924 0.05577 0.03607 0.03497 0.03417 0.03983 0.10249 0.06020 0.05683 0.00526 0.06880
-9999 -9999 -9999 -9999 -9999 -9999 0.79644 1.13935 1.23114 1.49243 1.48130 -9999 -9999 -9999 -9999 -9999 -9999 -9999 -9999 -9999 -9999 0.93964 0.68336 0.56515 0.63093 0.52374 0.54052 0.53408 0.54155 0.66897 0.64371 0.57482 0.50027 0.72891 0.69470 0.73470 0.79501 0.77733 0.94465 0.98803 1.10699 1.24856 1.55794 0.99067 0.89761 0.73532 0.68887 0.66824 0.28886 0.07833 0.03093 0.07643 0.06307 0.19397 0.19223 0.16527 0.13496 0.25511 0.16296 0.20945 0.18342 0.05497 0.06789 0.02699 0.02545 0.04743 0.03922 0.07838 0.06933 0.10962 0.08967 0.06258
-9999 -9999 -9999 -9999 -9999 0.89122 0.86710 0.81668 0.92900 0.90952 1.02731 0.89454 0.93702 0.69721 -9999 -9999 -9999 1.29375 1.22276 0.77159 0.73638 0.74672 0.70895 0.64453 0.70000 0.77108 0.70405 0.72708 0.71908 0.78363 0.95339 0.92581 0.90743 0.94876 0.89244 0.89234 1.02121 0.88826 0.86014 1.08308 1.14559 1.27030 1.63156 1.57390 0.97576 1.19688 0.88554 0.48263 0.25410 0.07424 0.05267 0.08719 0.05659 0.14051 0.12911 0.11800 0.10703 0.16569 0.18430 0.22797 0.20872 0.16285 0.11167 0.03862 0.02017 0.01984 0.01646 0.06089 0.07503 0.10034 0.09607 0.07052
-9999 0.65031 0.61980 0.72455 0.67283 0.92885 0.91027 0.93465 0.91474 0.98279 0.92004 0.87756 0.82895 0.78717 0.89943 1.36865 1.66210 1.43499 1.43860 1.00409 1.01232 0.96792 0.90729 0.93672 0.99629 0.92239 0.96911 0.97794 0.89635 0.93498 1.07072 1.01320 0.95235 0.98524 1.06011 1.08407 1.13707 0.88398 0.85668 1.12673 1.15510 1.35462 1.81213 1.65994 1.25153 1.39511 0.91250 0.62121 0.40624 0.12154 0.06506 0.06830 0.05011 0.10716 0.12400 0.15577 0.11475 0.20230 0.16113 0.25546 0.24364 0.16714 0.09134 0.03364 0.02670 0.02066 0.02051 0.06243 0.08220 0.07456 0.05643 0.06733
-9999 0.71947 0.88747 0.92289 0.98467 1.24014 1.04671 0.99303 0.98028 1.09061 1.13797 0.90314 0.75998 0.87150 0.95770 1.08188 1.24492 1.10455 1.22412 1.40911 1.26126 0.99453 1.18389 1.28176 1.20181 1.19531 1.09022 0.91100 0.93791 0.95407 0.98212 1.43372 1.45017 1.32423 1.49043 1.23865 1.25345 1.35802 1.33711 1.38584 1.49871 1.73535 1.83364 2.79128 2.36248 1.52954 1.21991 0.86485 0.62109 0.17116 0.13630 0.18417 0.15854 0.02456 0.02191 0.10444 0.08018 0.28584 0.28481 0.19011 0.25685 0.10184 0.09948 0.10449 0.08951 0.05993 0.06264 0.09502 0.10221 0.12800 0.11761 0.05026
-9999 -9999 -9999 0.78900 0.88098 1.27206 1.21765 1.18307 1.11018 1.44240 1.41585 1.51648 1.39302 1.41721 1.13555 1.30317 1.42279 1.77525 1.72580 1.73089 1.93387 1.56157 1.41448 1.38137 1.31767 1.34886 1.33451 1.12608 1.27802 1.19312 1.27428 1.62764 1.70904 1.86019 1.88499 2.31023 1.54245 1.63012 1.64532 1.71603 1.49383 2.03757 2.45515 2.96021 2.76426 2.11067 1.87673 1.14046 0.88069 0.39291 0.16129 0.24094 0.15522 0.03946 0.05336 0.09759 0.09615 0.27574 0.29019 0.21960 0.30276 0.12119 0.11679 0.09386 0.10137 0.10044 0.12971 0.12288 0.10205 0.10463 0.10161 0.07478
-9999 -9999 -9999 -9999 -9999 -9999 1.22315 1.34510 1.24283 1.58659 1.63452 1.65134 1.62199 1.91987 1.74019 1.90009 1.80561 1.99262 2.11083 1.98179 1.95413 1.82519 1.84573 1.81949 1.85665 1.80021 1.76602 1.73900 2.20313 1.29455 1.27936 1.61370 2.10364 1.88425 2.02857 2.23808 2.16933 2.29049 2.35317 2.28570 1.89416 2.12272 2.19646 2.69045 2.82035 2.74147 2.56633 1.58275 1.23951 0.72586 0.39392 0.40874 0.33324 0.27770 0.20824 0.13618 0.17710 0.11145 0.07243 0.06789 0.04018 0.03877 0.03614 0.05604 0.08361 0.09456 0.20091 0.08093 0.05499 0.02999 0.02344 0.05545
-9999 -9999 -9999 -9999 -9999 -9999 1.62464 1.59099 1.54614 1.89156 1.91280 1.71356 1.73595 2.07688 2.11110 2.39415 2.37651 2.15416 1.99460 1.81733 1.82354 1.83799 1.87985 2.12617 2.05928 2.15439 2.14888 2.04274 2.71386 2.20240 2.04210 2.49788 2.42773 2.61344 2.37394 2.47629 2.47950 2.60183 2.47474 2.04523 2.39242 2.74957 2.64337 2.95082 3.03356 2.89317 3.03587 3.13817 2.49234 1.91462 1.13045 0.86464 0.63001 0.34757 0.28881 0.45385 0.36794 0.21513 0.23162 0.12652 0.04448 0.05349 0.05383 0.08102 0.08373 0.18231 0.20065 0.13902 0.14973 0.07957 0.03970 0.07263
-9999 -9999 -9999 -9999 -9999 -9999 -9999 -9999 -9999 -9999 2.11051 1.74502 1.72659 2.61699 2.26332 2.20602 2.18275 2.35219 2.69427 2.16869 2.13141 2.48124 2.72767 2.36393 2.48696 2.26062 2.35733 2.35323 2.33423 2.82821 2.68361 2.43547 2.44616 2.44992 2.68206 2.59344 2.45184 2.83129 2.71606 2.95641 2.92981 2.65800 2.12840 3.25598 3.03644 3.06784 3.05693 2.69451 2.80821 3.21694 2.90669 2.22341 1.60117 1.39471 1.25802 1.22450 0.94471 0.66524 0.61891 0.42194 0.40144 0.22983 0.21031 0.19861 0.19333 0.33122 0.36204 0.41080 0.38829 0.36971 0.25034 0.03382
-9999 -9999 -9999 -9999 -9999 -9999 -9999 -9999 -9999 -9999 2.32960 2.21358 2.00157 2.61548 2.92269 2.73372 2.73461 2.95237 2.85621 2.42301 2.57481 3.02603 3.07235 2.64261 2.73796 2.67881 2.85884 2.71402 2.64171 3.16825 3.20299 2.80909 3.10383 3.06690 2.58798 2.58601 2.31710 1.84777 1.68232 2.15624 2.07624 2.04284 1.95197 2.30909 2.32904 2.42866 2.52179 2.32408 2.20632 3.16212 3.10089 2.50801 2.33441 1.90279 1.66655 1.59701 1.58569 1.43022 1.35582 0.84875 0.78482 0.62199 0.62931 0.71448 0.63001 0.93077 0.85027 0.90688 0.95203 0.53442 0.50372 0.17080
-9999 -9999 -9999 -9999 -9999 -9999 -9999 -9999 -9999 -9999 -9999 -9999 2.46990 2.40022 2.67578 3.12748 3.51241 3.74852 3.34244 3.57582 3.50188 3.24273 3.15585 3.20401 3.36308 3.03519 3.11004 3.13480 2.94013 3.10388 3.89112 3.20441 3.19197 2.46468 2.35407 2.12022 2.00247 2.07164 1.95104 2.27572 2.26848 2.15902 2.14654 2.20694 2.27351 2.15586 2.26636 2.20206 2.18187 2.35870 2.57189 1.98069 1.56062 1.63412 1.35881 1.53704 1.56735 1.91846 1.91580 1.08047 1.03931 0.81546 0.79367 0.96399 1.02952 1.55678 1.60607 1.45277 1.32965 0.83056 0.39230 0.23871
-9999 -9999 -9999 -9999 -9999 -9999 -9999 -9999 -9999 -9999 -9999 -9999 2.70116 3.17392 3.25237 3.99242 4.39102 4.70469 3.80358 3.65167 3.49052 3.00011 3.44649 3.40283 3.23561 3.15662 3.29985 3.34362 3.04946 3.22936 3.00755 2.67717 2.70790 2.63674 2.23920 2.13867 1.86862 2.01945 2.03198 2.39670 2.42449 2.24522 2.26360 2.35581 2.37080 2.82163 2.89092 3.33760 3.22639 2.75472 2.87648 2.14009 1.75598 1.76755 1.62844 1.78645 1.87919 2.16149 2.22894 1.27047 1.22846 0.81517 1.03950 1.24794 1.44768 2.01321 1.95608 2.33079 2.00025 1.04293 0.67796 0.83539
-9999 -9999 -9999 -9999 -9999 -9999 -9999 -9999 -9999 -9999 -9999 2.82536 2.40666 3.05953 3.35699 3.31004 2.73596 2.35007 2.37284 1.83200 2.64386 2.48146 2.82003 2.61485 2.51275 2.59272 2.68450 2.88524 2.86481 2.69385 2.49842 2.43207 2.36463 2.52628 2.35991 2.07382 1.86983 2.06600 1.85507 1.90389 1.94309 1.87431 1.85977 2.10425 2.08128 2.11806 2.25952 2.76693 2.67939 2.43530 2.36908 2.38204 2.18906 2.06441 1.81578 2.55918 2.60247 2.19538 2.03706 1.47280 1.69406 1.82351 1.91596 1.79831 1.82475 2.09664 1.96750 2.13164 1.59540 0.84897 0.54170 0.63374
-9999 -9999 -9999 -9999 -9999 -9999 -9999 -9999 -9999 -9999 -9999 2.69819 2.98813 3.20621 3.50687 3.57968 2.68432 2.47812 2.50611 2.17887 2.61697 2.97934 3.18663 2.97949 2.89284 2.94543 2.80100 2.79051 2.75144 2.63191 2.40074 2.27987 2.21733 2.26857 2.35241 2.06019 2.18832 2.08945 1.96484 2.12063 2.21657 2.06809 2.19960 2.52447 2.63847 2.75216 2.98904 2.64325 2.83896 2.55363 2.74824 2.75852 2.61081 2.40745 2.41697 3.41581 3.20246 2.72411 2.79222 2.25628 2.19808 2.43513 2.50805 2.19990 2.20983 2.54629 2.28796 2.82167 1.62184 1.00430 1.02853 1.26200
