data/hydroclimate-scenarios/BCSD_hadcm_B1/monthly_summaries/runoff_monthly_tot_sep.2070-2099.asc
ncols	311
nrows	91
xllcenter	102.75
yllcenter	31.75
cellsize	0.5
NODATA_value	-9999
[rows 32 to 63 of 91, columns 0 to 71 of 311]
-9999 -9999 -9999 -9999 -9999 -9999 -9999 -9999 -9999 -9999 -9999 4.91402 5.10105 5.72432 5.29533 5.56497 5.41207 5.50698 4.55372 4.79544 5.83456 5.95068 5.87133 5.90323 6.70064 6.41815 6.41555 6.30876 5.96636 4.53039 4.52538 4.39464 4.57216 4.74962 4.98298 5.13062 5.38726 5.60125 6.30980 6.31851 6.24109 6.29793 6.56751 6.90157 6.71118 6.50050 6.52115 6.77559 6.72672 6.86628 6.72406 6.40299 6.24544 7.35019 7.18877 7.03030 7.01770 7.12816 6.73278 5.62113 5.64443 5.49781 5.90666 5.81774 6.03570 6.31033 6.93835 7.79806 8.20801 8.67187 8.10892 9.47932
-9999 -9999 -9999 -9999 -9999 -9999 -9999 -9999 -9999 -9999 -9999 5.46274 5.60105 5.44504 5.37997 5.41375 5.29554 5.64351 5.66127 5.90601 5.83108 6.04785 7.13661 7.00616 6.99584 5.52606 5.45128 5.47249 5.07177 6.01125 6.15116 4.97694 5.34529 5.65813 6.37667 5.91699 7.14073 6.64095 7.24855 7.16110 6.58778 7.99108 7.19838 7.84481 8.08884 7.72295 7.71224 7.92614 7.67269 7.72030 7.39724 7.05157 6.75135 7.41314 6.29903 6.59605 6.66608 6.55053 6.57044 6.24720 5.94813 6.79473 6.35620 5.34494 6.66405 7.03653 7.72618 7.74782 8.06154 8.81545 8.52193 10.66780
-9999 -9999 -9999 -9999 -9999 -9999 -9999 -9999 -9999 -9999 -9999 -9999 5.75356 5.39574 5.35606 5.26601 5.37877 5.85568 5.76250 5.93193 7.01256 5.22337 5.47535 5.59283 5.57611 5.53070 5.44691 5.42709 5.18297 5.03708 6.35148 6.75319 7.23988 7.24213 7.34862 7.31718 7.05126 6.45658 7.21996 7.12458 7.60843 8.21417 8.82488 7.58936 7.85946 8.67889 8.62611 8.27644 8.07178 8.48010 8.08944 7.59600 7.45876 7.11127 6.78153 6.55743 6.45104 6.86590 7.27167 7.39019 6.88517 6.19160 6.16717 6.55062 6.54654 7.77712 8.08304 8.46435 9.38485 9.69119 9.00632 10.38160
-9999 -9999 -9999 -9999 -9999 -9999 -9999 -9999 -9999 -9999 -9999 -9999 5.67079 5.40615 5.65921 5.58294 5.49211 6.85583 6.87332 5.63898 5.81919 6.03729 6.08302 5.96639 5.95633 5.61947 5.42550 5.86297 5.49085 5.62164 5.64097 7.60073 7.62226 6.93209 7.27304 5.66814 5.46347 5.77216 5.91561 5.84308 7.72976 7.17018 7.80529 8.94738 8.72693 9.32299 9.51266 8.81401 8.17256 9.10246 8.37662 7.33571 6.88431 7.61712 7.41585 8.01973 8.01996 7.16504 5.97817 7.74244 7.13081 5.90054 6.29622 7.44500 8.14827 8.22739 8.70720 9.12500 10.19490 10.99690 12.22560 12.17980
-9999 -9999 -9999 -9999 -9999 -9999 -9999 -9999 -9999 -9999 -9999 -9999 5.74153 5.64426 7.16485 6.57753 6.85165 5.30277 5.46302 5.38821 5.63432 6.32122 6.37709 6.15197 6.16763 6.11766 6.01520 5.95246 5.97002 5.58589 5.39254 7.12899 5.85889 6.06798 5.75889 5.22693 5.45928 5.48602 5.48451 6.11238 7.01905 7.77578 8.31522 8.60440 9.37362 10.46700 10.43040 9.88443 9.40222 8.63593 7.97913 7.97135 7.14038 7.02050 6.85565 6.36615 6.07085 6.65252 6.52009 8.12425 6.44130 6.80810 6.88961 7.13204 9.05153 9.04383 9.45352 9.92130 11.28570 12.65520 14.01120 14.90360
-9999 -9999 -9999 5.38610 5.30314 4.96263 4.93454 4.83094 4.88108 -9999 5.54124 7.39941 7.21199 5.22604 5.36618 5.20503 5.32943 5.40135 5.78171 5.88976 6.11466 6.44508 6.45975 6.69704 6.44468 6.48952 6.45058 6.59442 6.28171 6.05537 5.84417 5.90357 5.48927 5.92997 5.53926 3.87666 5.19741 5.57623 6.02911 6.30987 6.90596 7.90681 8.81803 8.89743 9.73238 10.66300 11.47100 9.95732 9.64811 9.78593 9.05745 8.74857 8.17563 8.49895 8.07096 8.07902 8.28350 7.25774 7.51891 7.09328 9.00211 7.80705 8.01660 9.11504 8.61578 8.48749 9.07234 10.44910 12.28920 14.25190 16.36040 17.81150
-9999 -9999 -9999 5.28458 5.09935 5.10446 5.10587 5.13980 5.01520 6.55596 7.00426 7.06131 5.82787 5.20782 5.41298 5.40660 5.58041 5.77950 6.23167 6.47048 6.60421 6.67011 6.90978 7.34745 7.19161 7.46366 7.40268 6.49239 6.41154 6.61188 4.67005 5.78742 5.79959 5.56405 5.38798 5.31568 5.41781 6.10499 6.01957 6.89600 7.26448 7.70508 8.78920 9.54474 9.80652 11.01040 12.33740 10.87330 10.78300 10.19770 10.29810 9.74232 9.47814 8.96278 8.37736 8.65740 8.12071 8.16735 8.49853 8.01585 8.55314 9.61851 10.06360 10.39620 11.03540 10.45350 10.84240 11.56830 14.28340 16.01400 17.88900 20.37060
-9999 -9999 -9999 5.00068 5.08455 4.87756 6.53669 6.40525 6.43670 6.55201 7.00574 7.07466 5.52200 5.21154 5.52368 5.24602 5.93137 5.88843 6.00861 6.23047 6.67293 6.72352 5.22614 6.89368 7.37472 7.45006 7.64768 7.07500 6.41253 7.13824 7.59309 7.13906 6.21040 5.74786 5.58721 5.58002 5.61047 5.67564 6.05621 6.27185 6.90339 7.75582 9.03419 9.98025 9.96707 10.55000 11.36470 11.06900 10.66810 11.90750 11.74640 10.25730 9.97038 9.59425 8.84425 9.03296 8.38850 9.03599 9.17462 9.26673 9.56210 10.10350 11.04750 12.16690 12.87420 13.33880 13.73570 14.71020 16.32480 18.95710 21.48870 23.96960
-9999 -9999 -9999 5.37318 5.13271 5.38684 6.71846 6.96049 6.52769 6.62003 6.81821 5.31578 5.34139 5.74333 5.87972 5.56065 5.70196 5.79951 6.16019 6.31952 7.01570 6.85034 7.62263 7.70861 7.20400 7.38051 7.30336 7.12495 8.17217 8.41866 7.67400 6.05991 6.30339 6.84551 6.73559 6.36447 5.99827 5.83317 6.41039 6.60101 7.10232 8.32477 9.24533 9.95686 10.19430 11.50560 12.17500 11.78140 12.38290 11.60000 11.74960 10.65440 10.53460 9.62860 9.52408 9.32571 8.64403 8.57996 9.40107 9.85359 10.01230 11.88190 12.01730 13.12660 14.36060 14.91010 16.22650 17.88720 20.25020 22.26990 25.67930 29.18930
-9999 -9999 -9999 5.07080 5.06985 5.46818 6.58424 6.54320 6.86978 6.73193 6.82152 6.70112 5.32329 5.91636 6.45411 5.95241 6.09198 6.03064 6.10439 7.22855 7.41486 6.94333 7.83157 7.45923 7.23339 7.37134 7.41895 7.49477 7.42579 7.48316 7.41551 7.02145 7.10700 6.46891 6.36331 6.08334 6.03255 6.03070 6.03960 6.49318 7.49750 8.23979 8.83780 9.45059 10.12590 10.46200 10.94970 11.50840 11.58310 11.55330 11.43630 10.31470 9.65056 10.01290 9.44776 9.74049 9.30785 9.10888 10.04610 11.56010 12.72280 13.24950 14.16260 15.36940 15.96930 15.98080 18.05040 19.06040 21.55930 23.57380 27.86410 -9999
-9999 -9999 -9999 -9999 6.56729 6.71037 6.75503 7.66945 7.42091 7.48866 7.75913 6.15127 6.16115 5.75175 -9999 -9999 -9999 -9999 -9999 7.83099 8.32351 7.59552 7.96418 8.98893 7.92398 7.64084 7.66660 7.67039 7.85986 7.58304 7.21985 6.80194 6.70280 6.52195 6.32394 5.36128 5.60446 5.85365 6.33484 6.37535 6.52398 7.31418 8.32212 9.51722 10.17140 10.34400 11.00430 11.83630 11.90350 10.96130 11.76750 11.57860 11.08610 11.39050 11.20880 11.21590 11.39370 11.32720 11.09090 11.70240 13.20170 14.56300 13.63700 17.30270 18.47030 17.25990 20.60090 19.65100 20.43030 -9999 -9999 -9999
-9999 -9999 6.19703 7.15849 6.95358 6.63560 6.71497 7.98611 7.43349 7.66302 7.92280 6.26961 6.27642 -9999 -9999 -9999 -9999 -9999 9.19068 8.01132 8.62505 8.14654 7.87554 8.76296 8.59016 8.43714 7.57911 8.69203 8.48843 7.97756 7.40846 6.68285 6.60908 6.85703 6.71468 5.87594 5.64015 5.95870 6.24209 6.05487 6.34020 7.10267 7.78894 8.47459 8.61759 9.06718 9.71066 10.15300 10.65620 9.86410 9.86270 9.86031 11.12250 10.43680 10.88760 10.91850 11.03040 11.44220 12.24640 12.14310 13.08670 14.36000 14.22860 14.65180 15.93380 16.83120 16.74610 -9999 -9999 -9999 -9999 -9999
-9999 -9999 8.08709 7.77744 7.18634 6.88914 6.92338 7.98843 7.67137 8.11089 6.94081 6.87408 6.04852 -9999 -9999 -9999 -9999 6.76625 8.07452 7.62005 7.98858 7.56347 7.79137 7.51809 7.60958 8.12089 8.27071 8.00589 8.01271 8.27723 7.33615 6.86904 6.81059 7.09665 7.22678 6.51555 6.18013 5.87992 6.29973 6.99864 7.55733 7.85547 8.38243 8.66648 9.02862 8.74876 9.24173 9.65890 9.75010 10.15930 10.24000 9.78020 10.09030 10.14780 10.03810 10.21830 11.67200 11.11720 11.67590 11.01490 11.38380 12.63060 13.62360 16.20430 19.06370 -9999 -9999 -9999 -9999 -9999 17.75060 -9999
-9999 -9999 8.52031 8.90186 8.16229 7.85163 7.72310 7.99868 8.00141 8.14935 6.97513 6.49222 5.25427 -9999 -9999 -9999 -9999 7.22587 7.35092 7.78912 7.26437 7.10513 7.42462 7.68898 7.94877 8.10645 7.62348 8.04885 7.83149 7.76572 7.23147 6.84464 6.61637 6.92103 7.00603 6.83718 6.67483 6.83431 6.80929 6.66802 7.53371 7.53773 8.04437 9.16913 9.48448 8.86650 9.28064 9.82997 9.77991 9.87599 9.54974 9.45674 9.24876 9.81941 10.85580 10.30890 11.42970 12.82590 14.39730 14.33690 11.75630 15.02580 17.60490 18.35750 19.85070 20.18430 16.81380 15.80010 14.19680 -9999 -9999 -9999
-9999 -9999 -9999 10.38210 9.18405 8.65212 7.73181 7.82622 7.01493 7.90568 7.22096 5.37492 -9999 -9999 -9999 -9999 6.47351 7.16035 7.02018 7.13452 7.42935 7.25453 7.20220 6.67816 6.83799 7.83190 7.98284 7.79109 7.75310 7.54354 7.03861 6.97117 6.82752 7.07044 6.95253 6.96852 6.68193 6.96552 7.09744 7.19876 7.94689 7.69023 10.70290 10.82290 11.25230 11.91110 10.17720 9.25823 9.57010 9.34157 10.09130 10.94130 10.91930 11.55940 12.87220 13.17570 12.84740 14.32860 15.96340 16.98730 17.20610 18.30350 20.40360 22.18530 21.61410 23.60480 17.94630 15.34970 13.38510 15.57470 -9999 -9999
-9999 -9999 -9999 -9999 9.69938 8.43216 8.29095 7.54557 7.79831 6.15751 5.53098 -9999 -9999 -9999 -9999 6.66142 6.80847 6.48677 8.02065 6.61817 6.75725 6.69671 7.11103 6.45000 6.71595 7.70590 7.80766 7.91880 7.76709 7.10880 6.76680 6.76178 6.60775 6.80270 7.27442 7.52984 7.48173 7.45870 7.31394 7.30575 7.38652 7.81305 8.33556 8.68776 9.37001 11.81070 12.86110 11.69890 11.07230 9.77254 10.87850 11.05660 11.60360 12.37490 12.43280 12.24700 14.21910 14.40560 15.51840 17.47420 18.92080 19.89250 20.46090 21.92680 22.45680 24.56790 17.84440 14.92840 13.26510 12.35530 12.13880 13.08480
-9999 -9999 -9999 -9999 -9999 -9999 8.89341 10.18800 5.61426 6.47155 5.96107 -9999 -9999 -9999 -9999 -9999 6.52565 6.51138 6.43343 6.80408 6.84287 6.43593 6.66070 6.69427 6.65337 7.64173 7.95315 10.70490 10.03610 9.00076 6.99638 7.14401 6.79778 6.93532 6.86859 7.37661 7.86227 7.41591 7.24949 7.63884 7.78785 7.95909 8.36661 8.56541 11.13190 11.66900 12.29570 12.73630 12.40880 11.35580 11.87080 12.86440 14.62860 15.54210 14.17000 15.88840 13.43280 15.43890 15.59660 16.33140 16.94440 18.76480 21.49490 22.62230 22.30680 23.28990 17.99290 13.40960 11.94690 14.07770 15.77040 15.83490
-9999 -9999 -9999 -9999 -9999 -9999 -9999 -9999 -9999 -9999 -9999 -9999 -9999 -9999 -9999 -9999 -9999 -9999 -9999 6.57490 6.52453 5.71020 6.74974 6.52216 6.59574 7.71629 8.72626 7.91585 7.75575 6.41413 7.06098 6.89486 7.16371 7.13841 7.12087 7.57930 7.72725 7.98013 7.68162 8.13213 8.53843 8.31646 8.70627 9.54925 9.79316 10.20980 9.90783 12.61190 12.69330 13.54450 15.00930 13.77650 13.26470 13.07230 11.73590 11.68950 14.13660 14.52500 15.80630 16.67680 16.61050 17.58710 20.92490 22.25760 21.35740 19.95620 16.80020 12.94130 12.13820 13.41260 16.47370 16.82580
-9999 -9999 -9999 -9999 -9999 -9999 -9999 -9999 -9999 -9999 -9999 -9999 -9999 -9999 -9999 -9999 -9999 -9999 6.80398 6.07738 5.99547 6.34863 6.65484 7.18901 6.81664 6.66980 8.08856 8.35952 6.94411 6.76826 6.74584 6.64033 6.77558 6.93440 7.21540 9.00749 7.99352 7.93160 7.66493 7.73923 8.15431 8.51414 8.78151 8.95257 9.77393 12.39640 10.76790 6.08824 8.82676 9.77347 10.94730 16.33410 17.60880 18.91180 14.05290 14.77080 15.75350 15.81620 15.47070 17.39050 16.84020 18.26980 19.44890 20.63150 19.71040 19.13350 18.11070 14.70860 15.33930 13.67430 16.35380 18.84630
-9999 -9999 -9999 -9999 -9999 -9999 -9999 -9999 -9999 -9999 -9999 -9999 -9999 -9999 -9999 -9999 -9999 6.76665 6.82379 5.95886 6.26859 6.51516 6.32032 6.54844 6.43472 6.76822 8.50019 7.38604 8.08691 7.92057 8.46342 7.40715 6.56645 7.87740 8.36511 9.46414 9.78512 8.14937 8.14316 8.25578 8.44031 10.66800 9.30403 10.81660 9.51868 10.02790 13.00280 9.21200 9.59332 9.81899 10.11100 13.23670 16.21540 18.89400 19.58050 22.15570 17.14260 17.02780 17.90190 18.86510 18.31160 18.92200 20.49120 19.95430 21.03620 20.10660 18.69190 17.15520 18.50960 18.44430 21.67470 17.53530
-9999 -9999 -9999 -9999 -9999 -9999 -9999 -9999 -9999 -9999 -9999 -9999 -9999 -9999 -9999 -9999 -9999 6.71446 6.94552 6.60768 6.60224 7.98863 8.12412 6.01192 6.17502 7.01829 6.43738 6.55046 5.88940 7.59915 7.70164 7.32773 7.70503 7.95094 8.12161 9.83391 10.26350 7.48007 7.98454 8.01910 8.36745 8.29036 10.01080 8.89284 11.16910 12.03720 12.10790 6.77078 7.25083 10.72690 9.92859 12.18970 13.32200 15.73870 19.61010 23.79320 20.60240 19.97270 18.93140 19.08040 20.67790 21.17660 21.50070 21.80240 21.86410 21.96720 21.00320 19.78190 21.90590 24.02920 22.64690 22.06740
-9999 -9999 -9999 -9999 -9999 -9999 -9999 -9999 -9999 -9999 -9999 -9999 -9999 -9999 -9999 -9999 6.40641 6.76121 6.56232 5.97812 6.86170 5.82931 6.09967 6.12316 5.97605 6.28598 6.14653 6.35542 6.04009 5.50615 5.63506 5.56082 7.66864 7.12416 7.47633 8.78453 8.85667 8.92005 7.78200 7.68682 7.72533 8.42502 10.81700 10.60630 9.10311 11.73150 12.69350 7.37638 7.50281 11.23670 10.87920 13.79200 14.42060 16.43850 19.60030 24.80460 25.71080 23.16740 18.05390 20.44390 21.11350 22.75300 24.37980 28.42480 29.04040 26.11570 24.28840 22.55270 23.72140 24.70140 24.35900 20.57070
-9999 -9999 -9999 -9999 -9999 -9999 -9999 -9999 -9999 -9999 -9999 -9999 -9999 4.88523 5.20061 5.24312 5.52657 5.75477 6.82551 5.98263 5.17380 6.16763 6.28801 6.39276 6.46410 6.06714 6.03291 3.73709 3.64401 3.65842 5.33937 5.41319 3.58235 3.70981 5.64666 5.23313 5.76033 6.05801 4.60095 5.11356 5.08703 7.33779 7.40013 5.28436 8.37612 8.52164 9.52044 10.09550 10.82580 11.76550 12.39370 13.02020 13.59630 13.78690 14.51800 12.27790 15.25630 16.70850 12.89400 13.68800 17.06850 19.75170 23.61910 18.99410 18.74540 20.64430 16.60260 25.86870 19.37220 27.94130 27.18070 22.34970
-9999 -9999 -9999 -9999 -9999 -9999 -9999 -9999 -9999 -9999 -9999 -9999 4.20698 4.69833 6.03392 6.30829 6.72706 5.32885 5.19178 4.70556 4.79125 4.97802 5.04690 5.76051 5.84283 5.31996 5.33196 3.55115 5.16049 5.17728 4.75856 5.09960 5.43105 5.63415 5.75397 5.09166 3.70250 4.02237 4.53969 4.90724 4.88551 4.69985 7.25311 7.72958 8.17650 8.71176 9.58083 10.10510 10.92200 11.18050 12.66910 9.48226 13.74780 10.37280 14.27350 15.37420 16.69900 12.00920 13.49130 14.18540 17.64690 16.62660 15.79780 17.45670 18.23340 24.61160 24.08830 20.18960 22.78590 27.18480 23.47950 22.79370
-9999 -9999 -9999 -9999 -9999 -9999 -9999 -9999 -9999 -9999 -9999 4.96310 4.19329 4.85317 4.19075 4.63415 4.63048 4.66758 4.64110 4.14956 4.27962 4.18594 4.16660 4.56403 4.61604 4.80093 7.28996 5.02809 5.17143 5.07449 4.82534 3.27430 3.54039 3.65986 3.63696 5.79775 4.17374 4.24997 4.38092 4.73068 4.70146 7.03254 6.88558 7.67835 8.23195 8.67334 9.33103 9.91294 10.51860 11.50800 12.76260 10.40000 10.58660 14.24320 12.14140 12.16010 16.03280 13.79770 10.37970 11.82640 13.58950 16.32280 15.41190 17.24870 22.41380 19.68170 19.77060 20.88290 26.11820 24.45050 23.41860 23.70370
-9999 -9999 -9999 -9999 -9999 -9999 -9999 -9999 -9999 -9999 4.12474 3.58406 3.48058 3.41796 3.43941 3.77353 3.78953 3.87971 3.99257 3.66344 3.50277 3.72179 3.69443 3.94716 4.02951 4.34258 4.48311 4.66818 4.49538 2.80961 2.74106 3.42426 3.33384 4.98271 5.17232 5.62698 4.26873 4.15862 4.41863 4.50218 6.68437 6.38986 6.37993 7.14164 7.43791 8.24031 8.95389 9.39121 10.30070 11.34650 12.56370 10.16340 13.45540 11.14360 11.33380 11.51390 14.11180 12.42960 11.49500 14.87580 15.82000 15.06610 14.96130 18.01730 20.16840 18.93060 23.94060 28.28930 25.65340 24.54810 25.24430 27.28240
-9999 -9999 -9999 -9999 -9999 -9999 -9999 -9999 -9999 0.56804 0.52946 0.52558 0.51457 0.54559 0.55938 0.52874 0.53146 0.54337 0.53569 0.56007 0.57989 0.60827 0.64905 0.67409 0.67341 0.76282 0.81661 0.86004 0.84702 0.82676 0.82939 2.72431 3.54788 4.03449 5.64375 6.19320 4.57274 4.65695 4.52836 6.40614 5.77259 5.69769 5.84572 8.93047 6.59301 10.24490 8.75550 9.48434 10.28010 11.03100 12.08300 13.11100 11.04280 15.06150 13.16730 13.73120 13.37820 13.83460 14.05170 14.71140 15.03400 15.15370 14.88930 18.36840 18.58310 19.21250 21.20750 5.59508 4.91725 4.88888 5.14798 5.98195
-9999 -9999 -9999 -9999 -9999 -9999 -9999 -9999 -9999 -9999 0.47593 0.43607 0.40731 0.45181 0.43637 0.40847 0.42785 0.43939 0.45359 0.50890 0.54484 0.54527 0.58984 -9999 -9999 -9999 -9999 -9999 -9999 0.94304 1.04081 3.29891 3.30307 3.91545 3.93451 6.26739 6.23882 4.35214 4.24230 6.10744 5.79021 5.72163 6.17165 8.57375 8.68228 9.88196 10.92630 8.95338 10.44870 11.08140 11.59710 9.39358 10.23610 11.71380 14.51260 12.57480 12.30690 13.05940 13.25400 13.87980 14.55180 13.87000 13.74830 12.23650 18.63200 20.14830 20.66890 5.27017 5.47833 6.02787 6.02105 7.84131
-9999 -9999 -9999 -9999 -9999 -9999 -9999 -9999 -9999 -9999 -9999 -9999 0.38884 0.39675 0.39820 0.33482 0.37624 0.39960 0.42133 -9999 -9999 -9999 -9999 -9999 -9999 -9999 -9999 -9999 -9999 -9999 -9999 -9999 -9999 3.66702 5.51778 5.64836 5.49138 5.52550 3.96089 4.47195 6.19725 5.85572 6.57247 6.75940 6.88812 9.49578 10.51290 8.34877 9.52488 10.24100 10.99480 12.37910 12.74730 13.28740 12.95540 11.99800 12.53210 12.27580 9.14978 14.32210 14.71120 13.55090 15.88360 16.92340 18.50710 19.58190 18.54130 4.66619 5.24629 6.18620 8.16027 9.12739
-9999 -9999 -9999 -9999 -9999 -9999 -9999 -9999 -9999 -9999 -9999 -9999 -9999 -9999 -9999 -9999 -9999 -9999 -9999 -9999 -9999 -9999 -9999 -9999 -9999 -9999 -9999 -9999 -9999 -9999 -9999 -9999 -9999 -9999 5.08499 4.60342 4.73227 4.67045 3.45506 5.47697 6.03613 6.01653 8.36928 7.24379 9.70435 10.00410 8.91566 8.51906 9.71560 10.20680 10.70460 11.93270 11.94660 12.15710 12.25120 11.35150 11.24280 12.77030 12.63770 13.81020 13.55660 16.04730 16.09660 17.34560 18.48870 18.36210 20.89870 5.18206 5.97396 7.12452 8.73744 -9999
-9999 -9999 -9999 -9999 -9999 -9999 -9999 -9999 -9999 -9999 -9999 -9999 -9999 -9999 -9999 -9999 -9999 -9999 -9999 -9999 -9999 -9999 -9999 -9999 -9999 -9999 -9999 -9999 -9999 -9999 -9999 -9999 -9999 -9999 4.36178 4.68679 4.84484 5.60997 4.15589 4.84495 5.44009 7.98936 8.18655 6.44400 7.81118 7.76055 8.13272 8.94076 10.03280 10.32500 10.57000 10.33780 10.54900 10.94980 11.24170 10.68430 11.23500 11.43340 12.42380 13.59940 12.57210 12.12370 14.11750 14.55380 16.67190 16.81320 21.52910 20.98560 25.49170 28.85910 -9999 -9999
-9999 -9999 -9999 -9999 -9999 -9999 -9999 -9999 -9999 -9999 -9999 -9999 -9999 -9999 -9999 -9999 -9999 -9999 -9999 -9999 -9999 -9999 -9999 -9999 -9999 -9999 -9999 -9999 -9999 -9999 -9999 -9999 -9999 -9999 -9999 -9999 -9999 -9999 5.25434 5.05581 5.13757 5.55594 6.99361 7.53594 6.91364 7.91484 8.98448 9.30331 9.88951 10.16960 9.94510 9.80575 9.93378 10.41780 11.01980 10.14610 7.37469 8.17730 12.90890 11.71200 10.99290 15.72910 19.10800 17.13260 20.36390 17.97920 21.70510 26.29700 23.17820 -9999 -9999 -9999
