data/hydroclimate-scenarios/BCSD_hadcm_B1/monthly_summaries/runoff_monthly_tot_jul.2070-2099.asc
ncols	311
nrows	91
xllcenter	102.75
yllcenter	31.75
cellsize	0.5
NODATA_value	-9999
[rows 0 to 31 of 91, columns 216 to 287 of 311]
-9999 -9999 -9999 -9999 -9999 -9999 -9999 -9999 -9999 -9999 -9999 -9999 -9999 -9999 -9999 -9999 -9999 -9999 -9999 -9999 -9999 -9999 -9999 -9999 -9999 -9999 -9999 -9999 -9999 -9999 -9999 -9999 -9999 -9999 -9999 -9999 -9999 -9999 -9999 -9999 -9999 -9999 -9999 -9999 -9999 -9999 -9999 -9999 -9999 -9999 -9999 -9999 -9999 -9999 -9999 -9999 -9999 -9999 -9999 -9999 -9999 -9999 -9999 -9999 -9999 -9999 -9999 -9999 -9999 -9999 -9999 -9999
-9999 -9999 -9999 -9999 -9999 -9999 -9999 -9999 -9999 -9999 -9999 -9999 -9999 -9999 -9999 -9999 -9999 -9999 -9999 -9999 -9999 -9999 -9999 -9999 -9999 -9999 -9999 -9999 -9999 -9999 -9999 -9999 -9999 -9999 -9999 -9999 -9999 -9999 -9999 -9999 -9999 -9999 -9999 -9999 -9999 -9999 -9999 -9999 -9999 -9999 -9999 -9999 -9999 -9999 -9999 -9999 -9999 -9999 -9999 -9999 -9999 -9999 -9999 -9999 -9999 -9999 -9999 -9999 -9999 -9999 -9999 -9999
-9999 -9999 -9999 -9999 -9999 -9999 -9999 -9999 -9999 -9999 -9999 -9999 -9999 -9999 -9999 -9999 -9999 -9999 -9999 -9999 -9999 -9999 -9999 -9999 -9999 -9999 -9999 -9999 -9999 -9999 -9999 -9999 -9999 -9999 -9999 -9999 -9999 -9999 -9999 -9999 -9999 -9999 -9999 -9999 -9999 -9999 -9999 -9999 -9999 -9999 -9999 -9999 -9999 -9999 -9999 -9999 -9999 -9999 -9999 -9999 -9999 -9999 -9999 -9999 -9999 -9999 -9999 -9999 -9999 -9999 -9999 -9999
-9999 -9999 -9999 -9999 -9999 -9999 -9999 -9999 -9999 -9999 -9999 -9999 -9999 -9999 -9999 -9999 -9999 -9999 -9999 -9999 -9999 -9999 -9999 -9999 -9999 -9999 -9999 -9999 -9999 -9999 -9999 -9999 -9999 -9999 -9999 -9999 -9999 -9999 -9999 -9999 -9999 -9999 -9999 -9999 -9999 -9999 -9999 -9999 -9999 -9999 -9999 -9999 -9999 -9999 -9999 -9999 -9999 -9999 -9999 -9999 -9999 -9999 -9999 -9999 -9999 -9999 -9999 -9999 -9999 -9999 -9999 -9999
-9999 -9999 -9999 -9999 -9999 -9999 -9999 -9999 -9999 -9999 -9999 -9999 -9999 -9999 -9999 -9999 -9999 -9999 -9999 -9999 -9999 -9999 -9999 -9999 -9999 -9999 -9999 -9999 -9999 -9999 -9999 -9999 -9999 -9999 -9999 -9999 -9999 -9999 -9999 -9999 -9999 -9999 -9999 -9999 -9999 -9999 -9999 -9999 -9999 -9999 -9999 -9999 -9999 -9999 -9999 -9999 -9999 -9999 -9999 -9999 -9999 -9999 -9999 -9999 -9999 -9999 -9999 -9999 -9999 -9999 -9999 -9999
-9999 -9999 -9999 -9999 -9999 -9999 -9999 -9999 -9999 -9999 -9999 -9999 -9999 -9999 -9999 -9999 -9999 -9999 -9999 -9999 -9999 -9999 -9999 -9999 -9999 -9999 -9999 -9999 -9999 -9999 -9999 -9999 -9999 -9999 -9999 -9999 -9999 -9999 -9999 -9999 -9999 -9999 -9999 -9999 -9999 -9999 -9999 -9999 -9999 -9999 -9999 -9999 -9999 -9999 -9999 -9999 -9999 -9999 -9999 -9999 -9999 -9999 -9999 -9999 -9999 -9999 -9999 -9999 -9999 -9999 -9999 -9999
-9999 -9999 -9999 -9999 -9999 -9999 -9999 -9999 -9999 -9999 -9999 -9999 -9999 -9999 -9999 -9999 -9999 -9999 -9999 -9999 -9999 -9999 -9999 -9999 -9999 -9999 -9999 -9999 -9999 -9999 -9999 -9999 -9999 -9999 -9999 -9999 -9999 -9999 -9999 -9999 -9999 -9999 -9999 -9999 -9999 -9999 -9999 -9999 -9999 -9999 -9999 -9999 -9999 -9999 -9999 -9999 -9999 -9999 -9999 -9999 -9999 -9999 -9999 -9999 -9999 -9999 -9999 -9999 -9999 -9999 -9999 -9999
-9999 -9999 -9999 -9999 -9999 -9999 -9999 -9999 -9999 -9999 -9999 -9999 -9999 -9999 -9999 -9999 -9999 -9999 -9999 -9999 -9999 -9999 -9999 -9999 -9999 -9999 -9999 -9999 -9999 -9999 -9999 -9999 -9999 -9999 -9999 -9999 -9999 -9999 -9999 -9999 -9999 -9999 -9999 -9999 -9999 -9999 -9999 -9999 -9999 -9999 -9999 -9999 -9999 -9999 -9999 -9999 -9999 -9999 -9999 -9999 -9999 -9999 -9999 -9999 -9999 -9999 -9999 -9999 -9999 -9999 -9999 -9999
-9999 -9999 -9999 -9999 -9999 -9999 -9999 -9999 -9999 -9999 -9999 -9999 -9999 -9999 -9999 -9999 -9999 -9999 -9999 -9999 -9999 -9999 -9999 -9999 -9999 -9999 -9999 -9999 -9999 -9999 -9999 -9999 -9999 -9999 -9999 -9999 -9999 -9999 -9999 -9999 -9999 -9999 -9999 -9999 -9999 -9999 -9999 -9999 -9999 -9999 -9999 -9999 -9999 -9999 -9999 -9999 -9999 -9999 -9999 -9999 -9999 -9999 -9999 -9999 -9999 -9999 -9999 -9999 -9999 -9999 -9999 -9999
-9999 -9999 -9999 -9999 -9999 -9999 -9999 -9999 -9999 -9999 -9999 -9999 -9999 -9999 -9999 -9999 -9999 -9999 -9999 -9999 -9999 -9999 -9999 -9999 -9999 -9999 -9999 -9999 -9999 -9999 -9999 -9999 -9999 -9999 -9999 -9999 -9999 -9999 -9999 -9999 -9999 -9999 -9999 -9999 -9999 -9999 -9999 -9999 -9999 -9999 -9999 -9999 -9999 -9999 -9999 -9999 -9999 -9999 -9999 -9999 -9999 -9999 -9999 -9999 -9999 -9999 -9999 -9999 -9999 -9999 -9999 -9999
-9999 -9999 -9999 -9999 -9999 -9999 -9999 -9999 -9999 -9999 -9999 -9999 -9999 -9999 -9999 -9999 -9999 -9999 -9999 -9999 -9999 -9999 -9999 -9999 -9999 -9999 -9999 -9999 -9999 -9999 -9999 -9999 -9999 -9999 -9999 -9999 -9999 -9999 -9999 -9999 -9999 -9999 -9999 -9999 -9999 -9999 -9999 -9999 -9999 -9999 -9999 -9999 -9999 -9999 -9999 -9999 -9999 -9999 -9999 -9999 -9999 -9999 -9999 -9999 -9999 -9999 -9999 -9999 -9999 -9999 -9999 -9999
-9999 -9999 -9999 -9999 -9999 -9999 -9999 -9999 -9999 -9999 -9999 -9999 -9999 -9999 -9999 -9999 -9999 -9999 -9999 -9999 -9999 -9999 -9999 -9999 -9999 -9999 -9999 -9999 -9999 -9999 -9999 -9999 -9999 -9999 -9999 -9999 -9999 -9999 -9999 -9999 -9999 -9999 -9999 -9999 -9999 -9999 -9999 -9999 -9999 -9999 -9999 -9999 -9999 -9999 -9999 -9999 -9999 -9999 -9999 -9999 -9999 -9999 -9999 -9999 -9999 -9999 -9999 -9999 -9999 -9999 -9999 -9999
-9999 -9999 -9999 -9999 -9999 -9999 -9999 -9999 -9999 -9999 -9999 -9999 -9999 -9999 -9999 -9999 -9999 -9999 -9999 -9999 -9999 -9999 -9999 -9999 -9999 -9999 -9999 -9999 -9999 -9999 -9999 -9999 -9999 -9999 -9999 -9999 -9999 -9999 -9999 -9999 -9999 -9999 -9999 -9999 -9999 -9999 -9999 -9999 -9999 -9999 -9999 -9999 -9999 -9999 -9999 -9999 -9999 -9999 -9999 -9999 -9999 -9999 -9999 -9999 -9999 -9999 -9999 -9999 -9999 -9999 -9999 -9999
1.78364 1.52510 1.65531 -9999 -9999 -9999 -9999 -9999 -9999 -9999 -9999 -9999 -9999 -9999 -9999 -9999 -9999 -9999 -9999 -9999 -9999 -9999 -9999 -9999 -9999 -9999 -9999 -9999 -9999 -9999 -9999 -9999 -9999 -9999 -9999 -9999 -9999 -9999 -9999 -9999 -9999 -9999 -9999 -9999 1.43720 -9999 -9999 -9999 -9999 -9999 -9999 -9999 -9999 -9999 -9999 -9999 -9999 -9999 -9999 -9999 -9999 -9999 -9999 -9999 -9999 -9999 -9999 -9999 -9999 -9999 -9999 -9999
2.31677 2.34833 2.40260 2.19077 2.26435 2.47954 2.82838 2.83069 3.34444 3.25136 3.54115 3.49277 3.53351 3.55238 3.18252 4.48327 -9999 -9999 -9999 -9999 -9999 -9999 -9999 -9999 -9999 -9999 -9999 -9999 -9999 -9999 -9999 -9999 -9999 -9999 -9999 -9999 -9999 -9999 -9999 2.34502 1.86463 1.51691 1.76795 2.24241 2.17933 1.94424 -9999 -9999 -9999 2.37075 -9999 -9999 -9999 3.06413 3.44842 3.57808 -9999 -9999 -9999 -9999 -9999 -9999 -9999 -9999 -9999 -9999 -9999 -9999 -9999 -9999 -9999 -9999
2.74723 2.74407 2.86971 2.96581 3.96527 4.77358 5.57901 5.66288 8.34514 6.75775 8.25183 10.78470 11.42910 9.04042 8.31488 5.92464 5.35057 4.56747 4.28735 4.02043 3.98206 3.46037 -9999 -9999 -9999 -9999 -9999 2.77188 2.55532 2.41671 2.55570 2.94891 2.64139 2.22854 1.95509 1.83077 1.70081 1.56055 1.58155 2.02837 2.02146 2.22898 2.19021 3.17073 3.36406 2.48076 2.60506 2.84402 2.93238 3.05635 3.11032 3.09217 3.25367 3.95905 4.66064 5.70520 5.65279 5.10707 4.49715 4.85588 4.31080 -9999 -9999 -9999 -9999 -9999 -9999 -9999 -9999 -9999 -9999 -9999
7.53054 6.54482 7.10297 10.21800 15.42000 16.05810 14.32410 13.02350 14.17050 10.25300 11.99770 9.91512 13.04890 9.57497 7.81623 5.81519 5.01780 5.27503 5.01224 6.41349 6.16119 5.16250 4.92366 4.86380 4.03213 3.49925 3.14735 2.64382 2.87399 2.80447 3.03270 2.68659 2.47035 2.35962 2.32259 2.23751 2.16840 1.91435 1.96670 1.65962 1.73374 2.43449 2.31813 2.80252 2.86581 3.02961 3.09537 3.18097 3.25880 3.48162 3.68312 3.77370 3.97878 3.99430 4.14384 4.53116 4.65737 4.55650 4.83619 5.43490 5.87501 5.71491 5.48610 4.97967 4.95466 4.33515 4.19820 4.03441 3.66365 -9999 -9999 -9999
17.85190 16.80120 18.50380 12.34730 9.52193 8.97563 7.22571 6.22813 6.02672 7.04718 6.09400 5.27287 4.92717 5.47928 4.94892 5.39354 5.08431 4.98124 5.82796 6.44920 6.21672 4.78815 5.05894 5.80019 5.55021 4.63646 4.27220 3.49594 3.04903 2.86216 2.83594 2.68758 2.74840 2.85072 2.96365 2.66745 2.59615 2.36650 2.40462 1.94794 1.91592 2.45447 2.46128 2.86015 2.95991 3.13450 3.14975 3.21121 3.29640 3.53576 3.75312 3.93236 4.13544 4.15567 4.12498 4.68988 4.69895 4.61729 4.75917 5.90313 5.93308 5.39616 5.29238 5.15649 5.16455 4.53766 4.39874 4.37543 3.68685 -9999 2.98330 -9999
8.88707 10.28700 7.46024 6.21121 6.30813 5.70129 4.85919 5.20600 5.21819 4.83929 4.64851 4.92765 5.30216 5.20550 4.95211 6.84983 6.32688 7.05181 7.42600 6.39401 4.61137 4.67591 4.75305 5.61822 6.50848 6.61325 5.20020 3.53009 2.60154 2.31703 2.41570 2.75154 2.85817 3.08054 3.45678 3.21783 3.28579 2.75217 2.99357 2.86011 2.89624 3.04073 3.18582 3.68874 3.44237 3.45779 3.53027 3.67156 3.82502 3.79191 3.88159 3.87952 4.05242 4.44575 4.65720 4.77984 4.89426 4.95365 5.19933 6.13419 5.83916 5.95877 5.92768 4.91878 4.85527 4.71891 4.47859 4.34687 4.13695 3.74467 -9999 -9999
10.17660 9.17450 8.33751 6.37845 6.32216 5.31721 4.80269 4.65185 4.21763 4.27040 3.91924 4.61140 5.27362 5.14969 5.54494 7.19518 7.43620 7.59584 7.86622 7.32104 6.26391 5.13569 4.94768 4.20362 4.25934 5.54645 5.80027 3.48347 2.86066 2.47109 2.78150 4.16390 4.36360 4.60256 4.57766 4.48387 4.74479 4.71173 4.72735 4.71852 4.92050 4.60679 4.68763 5.17911 5.45970 5.37339 5.52248 5.45762 4.60054 4.41903 4.50247 3.83904 3.79285 4.43871 4.69024 5.27683 5.37536 5.65179 6.92539 6.66801 6.31548 6.71344 6.67189 6.02229 5.13521 5.37231 6.53941 6.25041 5.18496 4.88929 3.82895 -9999
10.74410 7.18597 5.63230 5.08685 4.50017 3.42287 3.05112 3.02324 2.88171 2.84184 3.05484 3.81321 5.93335 6.99173 7.16825 7.27852 7.36629 6.52427 7.26194 7.23453 6.77847 4.92034 4.75118 4.40100 4.09844 4.16911 4.64828 3.58152 2.73096 2.33620 2.32495 2.71763 2.60638 2.52626 2.76053 2.69459 2.81915 4.08921 4.24432 4.17852 4.37891 4.80567 4.85014 4.76125 5.00752 4.93462 5.23494 5.52715 5.63813 5.48078 5.51375 5.55242 5.37705 5.94202 5.90724 5.91160 5.73211 4.92571 6.25060 5.45083 5.36884 5.54872 5.36938 5.72006 6.78567 6.97806 6.90015 6.42791 6.25998 6.40313 6.04551 3.97653
3.75889 3.31701 3.60940 3.92781 4.84287 4.77306 4.51356 4.16216 3.64093 3.31530 3.22836 4.16810 5.08338 6.10740 6.21499 7.74743 7.78857 7.09596 7.37286 6.87478 6.53221 6.29363 5.97305 4.48865 4.33301 4.32823 4.45863 4.18719 3.42715 2.80579 2.50848 2.83450 2.85017 2.78589 2.76144 2.59169 2.64866 2.91696 3.85654 5.69486 5.68020 5.20690 5.28542 4.66026 4.59665 5.27814 5.28632 5.64421 5.48183 5.31743 5.14022 5.13620 4.92640 5.38076 5.50183 5.51937 5.69226 6.36160 5.86041 5.49939 5.39612 5.39790 5.17659 5.40038 6.21349 6.20894 6.21661 6.06837 5.77170 5.82769 5.58643 5.03860
5.36211 6.96317 11.69460 19.32380 21.59520 17.45680 13.37520 10.85980 9.24266 6.78283 3.81583 5.67700 6.39721 8.40902 7.10751 8.22303 8.32635 7.21521 6.79925 6.84840 6.84272 6.17658 6.02021 6.45057 6.37102 5.54017 4.87939 3.58875 3.14284 3.05717 3.27369 3.90089 3.90870 4.30271 4.46922 3.96992 3.57214 3.19382 3.09971 4.18124 5.13637 6.31227 6.57439 6.58662 7.25235 7.74377 8.01883 5.72063 5.20408 5.65659 5.39516 5.54359 5.68342 5.65269 5.45717 5.63129 5.57462 5.48730 5.29632 4.91830 4.77533 4.61504 4.44502 5.26112 5.15353 5.39953 5.38001 5.45361 5.28668 5.03626 5.07830 5.08934
10.43230 8.32817 11.73080 17.06120 17.67310 16.60810 16.30760 16.37790 15.80500 13.86930 11.78240 11.39460 8.99933 7.17657 6.12576 8.26619 8.41487 8.65234 6.82663 6.87983 6.99656 6.37301 6.22507 7.04749 6.90532 6.92336 6.68919 6.01844 5.33443 5.40751 5.55936 5.69156 5.85802 6.74357 6.65787 6.08179 5.78633 6.41728 6.46731 6.36072 6.38910 6.36793 6.36861 5.45908 5.30743 6.95238 8.12118 7.31021 6.93724 7.56534 5.55637 5.72535 5.79372 5.58024 6.27195 5.60604 5.62612 5.34997 4.81301 4.77328 4.82198 4.60857 4.46745 4.43257 4.70753 4.80195 4.68788 4.86989 4.94698 4.84786 5.06794 5.02520
11.91350 10.07330 9.01440 7.18974 8.30457 13.88200 15.01420 15.56090 14.45080 17.26420 17.47530 18.76010 15.40580 12.91650 8.33799 7.42858 8.08427 8.31639 10.02500 9.32715 9.56706 5.55070 5.51640 6.15913 5.94905 6.69016 6.90090 6.14082 6.55711 5.97528 6.40704 5.75958 6.31141 7.04033 7.56514 7.56561 6.99731 8.78538 8.62132 8.27774 8.33594 8.83748 9.30163 8.98869 8.20415 6.89458 6.02464 5.77672 6.17981 7.01029 7.23944 5.48135 5.34599 5.62739 5.59146 4.90976 4.78901 4.89841 5.15780 5.10134 4.96768 4.42486 3.94795 3.89426 3.64672 3.93773 3.77961 4.20468 4.58367 4.39805 4.72975 4.89228
9.34607 12.04070 10.79360 12.79640 15.08650 14.44530 12.27970 12.01760 12.64270 14.29010 16.05540 16.45080 9.92023 8.18250 7.26531 7.12086 6.98960 7.20377 8.11323 7.83617 7.59721 6.77687 8.59843 6.46220 5.74217 6.56254 6.79188 6.28536 5.96880 5.64430 5.74418 5.61081 5.99327 6.08316 6.88680 7.86773 9.32659 8.62861 9.32564 8.60241 8.89547 9.25254 9.52167 9.73412 8.86315 8.43726 7.53747 6.65267 6.06664 5.62255 8.34351 8.92977 5.82064 6.03789 5.84704 5.33748 5.04844 5.11430 5.15877 4.92368 4.57407 4.51075 4.45693 4.02777 3.74680 3.47401 3.41201 3.91940 4.02485 4.12272 4.46324 4.76311
17.77500 14.88910 32.10650 46.68950 50.16580 49.27240 40.35210 26.71070 27.63220 14.53710 7.29311 7.02769 7.99156 8.57718 8.04895 9.18117 7.49540 7.72041 8.55435 9.19880 9.30023 7.34541 7.16084 6.91703 7.26465 7.43979 7.58195 6.22284 5.76795 5.51335 5.43826 4.98050 5.01162 5.73536 6.45334 7.28673 7.97382 9.05776 9.03497 10.03500 11.01750 11.02660 10.62490 9.91723 10.72500 9.84865 8.34283 8.15532 7.61580 6.84092 6.40637 8.44941 6.57373 6.50509 6.17184 5.94885 5.61786 5.38416 5.22748 5.10672 5.05454 4.93153 4.56823 3.97132 3.68180 3.43312 3.14535 3.40983 3.87095 4.26752 4.66787 4.61422
20.44630 23.00820 24.83030 31.31390 31.44940 35.98100 38.85020 30.94530 47.25190 49.97980 48.21540 29.93090 12.34620 7.24125 7.78197 10.96470 11.10850 9.83414 11.05400 11.10300 11.09080 7.39514 6.39972 6.58740 6.52070 6.56563 6.46236 6.32124 5.79544 5.53899 5.20939 5.34595 5.57660 5.43862 5.70280 6.63850 7.24917 7.41830 8.69494 10.56890 11.00740 10.98620 12.16370 13.16110 12.63650 10.54970 9.81142 10.14480 9.29659 8.69398 7.91103 9.13662 7.12522 6.08843 6.64036 6.11290 5.88841 5.64241 5.35675 5.13720 4.80348 4.96940 4.66468 4.07245 3.77286 3.49988 3.20880 3.95064 4.71822 5.10168 4.75649 4.65491
20.72450 16.57770 22.84860 44.58540 21.83610 17.68240 15.99550 13.06740 12.39860 11.10630 20.34170 17.02750 26.11560 18.32940 7.85756 10.63890 10.19920 11.39310 13.27290 13.60160 11.27000 7.29173 6.81360 6.86189 6.63545 6.33112 6.26873 5.87862 5.48903 5.11879 5.20766 5.44643 5.71953 5.76642 6.38466 6.73162 6.84706 8.06373 8.60097 10.18310 12.39850 13.44070 12.33280 15.72760 16.51090 13.55550 14.86280 13.10110 12.39170 10.02830 8.39565 10.39650 6.70177 5.77936 6.72810 6.32228 5.86052 4.54276 4.21515 4.30376 4.17308 3.98903 4.49625 4.44599 4.33399 4.11316 4.08574 4.06887 4.29381 5.17254 5.66682 5.47856
29.23460 33.91190 55.07120 42.77940 25.23360 10.74770 9.38766 6.84711 7.26134 22.02530 61.44130 51.46020 39.89820 34.11820 28.24080 22.18480 19.44850 14.93770 16.23030 15.35400 13.02840 11.21780 9.45774 9.08828 6.54856 6.20903 6.08836 5.76728 5.33858 4.88805 5.15108 5.42938 5.71694 5.38073 6.19147 6.99711 7.18145 7.26116 8.46087 9.05049 18.72480 12.56530 15.50750 16.50750 19.20750 15.57610 15.63880 15.26750 13.73300 11.77240 11.04730 9.86977 7.16560 7.81605 7.33179 6.73674 7.53058 6.88198 6.82525 6.92016 6.09389 5.00494 4.32335 4.73145 4.77023 4.83293 4.77224 4.82219 4.86379 5.79224 6.80804 5.39864
14.44280 15.40640 18.71700 25.59550 31.99160 28.70080 12.21560 8.02053 5.46384 11.00200 24.78780 164.51199 136.31400 184.17900 68.37200 40.71610 31.46010 24.53270 31.42930 19.80730 15.79900 14.25260 12.19450 9.72516 9.18859 9.95227 8.68998 7.44971 6.70519 5.75542 5.82095 5.84327 6.65612 6.50925 6.41461 6.98388 7.24782 8.25158 10.36440 10.07090 17.98850 11.97660 14.75820 16.45900 16.16910 13.22130 11.34740 11.96840 12.51100 13.44880 12.51130 13.83950 9.50905 9.39187 9.22567 7.72001 7.18280 6.85246 7.27109 6.59436 6.25324 6.78955 6.12516 6.35050 5.99729 6.66631 5.70326 5.23739 5.31450 5.86893 7.36931 7.70014
11.50700 27.61500 233.75400 -9999 440.87601 208.56599 76.37220 52.74560 11.10850 14.73840 16.46550 17.16170 16.47750 12.67140 36.56400 418.32199 689.21301 360.28601 280.88501 115.44700 34.60050 19.51910 12.86130 11.60960 10.40030 10.31940 9.26565 8.01616 6.65182 6.42266 6.03008 6.28326 6.46691 6.22837 6.90256 8.05369 8.59671 8.73175 11.10960 12.02390 10.21190 10.66590 12.25640 12.52600 11.31090 10.85590 11.19450 11.18210 11.79430 13.77980 13.92540 14.10090 10.70990 11.08570 10.19920 8.53536 7.87924 7.63742 6.99643 6.37408 5.91655 6.10048 5.78872 5.85674 5.86126 6.43446 6.43672 6.78739 8.12222 8.10249 7.97706 7.49849
