data/hydroclimate-scenarios/BCSD_hadcm_B1/monthly_summaries/runoff_monthly_tot_mar.2030-2059.asc
ncols	311
nrows	91
xllcenter	102.75
yllcenter	31.75
cellsize	0.5
NODATA_value	-9999
[rows 32 to 63 of 91, columns 0 to 72 of 311]
-9999 -9999 -9999 -9999 -9999 -9999 -9999 -9999 -9999 -9999 -9999 0.01286 0.00771 0.00799 0.00000 0.00000 0.00000 0.00000 0.00000 0.00000 0.00000 0.00000 0.00507 0.03469 0.04052 0.00000 0.00000 0.00264 0.00994 0.01369 0.01186 0.00800 0.01022 0.00883 0.00471 0.02768 0.02763 0.06077 0.04054 0.00636 0.00313 0.00000 0.00000 0.00000 0.00000 0.00000 0.00000 0.00000 0.00000 0.00419 0.00807 0.00000 0.00045 0.00000 0.00229 0.00000 0.00000 0.00000 0.00000 0.00000 0.00000 0.00000 0.00000 0.01315 0.01767 0.03636 0.03632 0.00273 0.00050 0.00000 0.00000 0.00052 0.00004
-9999 -9999 -9999 -9999 -9999 -9999 -9999 -9999 -9999 -9999 -9999 0.01351 0.00858 0.02064 0.00649 0.00000 0.00000 0.00000 0.00000 0.00000 0.00000 0.00542 0.01615 0.07192 0.03673 0.00000 0.00000 0.00443 0.01704 0.04148 0.03140 0.01899 0.02021 0.02058 0.01929 0.05191 0.06500 0.07152 0.05426 0.00026 0.00389 0.00000 0.00000 0.00000 0.00000 0.00000 0.00000 0.00000 0.00000 0.00091 0.00121 0.00155 0.00143 0.00038 0.00449 0.00000 0.00000 0.00000 0.00000 0.00000 0.00000 0.00000 0.00000 0.02619 0.03400 0.03797 0.03666 0.00087 0.00116 0.00000 0.00000 0.00100 0.01050
-9999 -9999 -9999 -9999 -9999 -9999 -9999 -9999 -9999 -9999 -9999 -9999 0.00300 0.00000 0.00000 0.00000 0.00000 0.00000 0.00000 0.00000 0.00000 0.00000 0.00000 0.00000 0.00000 0.00000 0.00000 0.00000 0.00713 0.01178 0.02901 0.11114 0.10147 0.04832 0.04249 0.05844 0.02620 0.02008 0.01283 0.00000 0.00000 0.00000 0.00000 0.00000 0.00000 0.00000 0.00000 0.00000 0.00000 0.00000 0.00000 0.00000 0.00149 0.00697 0.00442 0.00000 0.00000 0.00140 0.00413 0.00000 0.00000 0.03082 0.03661 0.10003 0.11554 0.03119 0.03953 0.01719 0.00215 0.00163 0.00290 0.03589 0.04405
-9999 -9999 -9999 -9999 -9999 -9999 -9999 -9999 -9999 -9999 -9999 -9999 0.01199 0.00076 0.00000 0.00000 0.00000 0.00000 0.00000 0.00000 0.00000 0.00000 0.00000 0.00000 0.00000 0.00000 0.00000 0.00023 0.00989 0.00710 0.00563 0.05268 0.16172 0.10385 0.06784 0.05818 0.03244 0.03032 0.02847 0.00815 0.00651 0.00000 0.00000 0.00000 0.00000 0.00000 0.00000 0.00000 0.00000 0.00000 0.00000 0.01230 0.01453 0.00618 0.00974 0.00000 0.00064 0.00140 0.01659 0.00000 0.00223 0.03297 0.01727 0.08101 0.13775 0.06313 0.04146 0.01938 0.01213 0.00279 0.00030 0.05231 0.06268
-9999 -9999 -9999 -9999 -9999 -9999 -9999 -9999 -9999 -9999 -9999 -9999 0.00031 0.01814 0.02792 0.01186 0.00000 0.02763 0.01495 0.00000 0.00000 0.00000 0.00000 0.00000 0.00000 0.00000 0.00392 0.03485 0.04421 0.04264 0.06156 0.30893 0.14031 0.04370 0.08329 0.11946 0.10146 0.02398 0.02539 0.02216 0.00933 0.00000 0.00000 0.00000 0.00000 0.00000 0.00000 0.00000 0.00000 0.00000 0.00000 0.00746 0.00550 0.01075 0.02456 0.01669 0.01261 0.00514 0.00631 0.01778 0.01803 0.01932 0.02424 0.21389 0.20321 0.00550 0.00457 0.02061 0.00995 0.10732 0.11688 0.00036 0.00016
-9999 -9999 -9999 0.05615 0.02337 0.03059 0.04570 0.01806 0.01683 -9999 0.01141 0.00097 0.00647 0.02334 0.02585 0.02593 0.01707 0.05088 0.01644 0.00000 0.00000 0.01418 0.00989 0.00302 0.00466 0.01246 0.02551 0.02557 0.04841 0.01164 0.06081 0.31844 0.30866 0.02172 0.11372 0.10509 0.08298 0.02410 0.03364 0.02639 0.01988 0.00000 0.00000 0.00000 0.00000 0.00000 0.00000 0.00000 0.00000 0.00000 0.00000 0.00631 0.00460 0.00994 0.01339 0.00075 0.00000 0.00290 0.00207 0.02480 0.05245 0.02640 0.03129 0.19681 0.28087 0.01458 0.00336 0.01921 0.04626 0.14000 0.13208 0.00000 0.00000
-9999 -9999 -9999 0.03741 0.03547 0.03141 0.03042 0.03710 0.04723 0.10242 0.03112 0.06053 0.01464 0.04689 0.03296 0.04505 0.04694 0.02428 0.01880 0.01025 0.02091 0.01275 0.02313 0.06428 0.03815 0.06602 0.04649 0.13731 0.11380 0.00713 0.06487 0.10888 0.10658 0.01670 0.02560 0.16779 0.16977 0.04049 0.11856 0.00015 0.00000 0.00000 0.00000 0.00000 0.00000 0.00000 0.00000 0.00000 0.00000 0.00000 0.00000 0.00000 0.00000 0.00095 0.00387 0.01256 0.02561 0.00494 0.00353 0.00776 0.01057 0.07253 0.09345 0.02387 0.02692 0.01708 0.01616 0.09794 0.04142 0.13831 0.08910 0.06631 0.01171
-9999 -9999 -9999 0.13978 0.05827 0.06415 0.03228 0.05739 0.06774 0.05484 0.03928 0.04521 0.03553 0.04784 0.02055 0.04628 0.02802 0.02117 0.09065 0.04733 0.04122 0.02241 0.04112 0.02878 0.01106 0.10191 0.08698 0.20678 0.25926 0.05052 0.01969 0.07504 0.24599 0.06380 0.05526 0.23385 0.36594 0.20303 0.16425 0.00091 0.00009 0.00000 0.00000 0.00000 0.00014 0.00000 0.00000 0.00000 0.00000 0.00000 0.00000 0.00000 0.00000 0.00126 0.00763 0.03175 0.04425 0.03561 0.00803 0.00857 0.01788 0.15410 0.20647 0.02114 0.05677 0.05171 0.03582 0.02303 0.00098 0.03952 0.00215 0.12862 0.13085
-9999 -9999 -9999 0.15038 0.22695 0.06344 0.09832 0.06782 0.11463 0.07767 0.07281 0.14106 0.07687 0.03294 0.01202 0.10954 0.10649 0.07961 0.15430 0.08343 0.02353 0.01403 0.00654 0.00533 0.01179 0.13822 0.16225 0.47005 0.19761 0.09768 0.24403 0.53679 0.32572 0.05451 0.05428 0.10965 0.18306 0.28546 0.18172 0.15794 0.04032 0.00478 0.00420 0.00000 0.00754 0.00000 0.00000 0.00568 0.00040 0.00034 0.00000 0.00466 0.00461 0.00966 0.01873 0.00575 0.00872 0.05677 0.05016 0.04911 0.02436 0.02245 0.01770 0.07027 0.06099 0.16383 0.15799 0.00588 0.00000 0.00002 0.07452 0.33830 -9999
-9999 -9999 -9999 0.38859 0.24164 0.06646 0.07912 0.10642 0.09605 0.07329 0.15599 0.20733 0.08011 0.02427 0.00150 0.09372 0.07484 0.31888 0.62481 0.43743 0.27255 0.06107 0.10650 0.24292 0.37203 0.58095 0.85645 0.92588 0.51387 0.22435 0.19115 0.21345 0.11372 0.24787 0.23808 0.16938 0.17340 0.44923 0.49966 0.36852 0.15515 0.04020 0.01728 0.00058 0.01291 0.00000 0.00056 0.01011 0.00671 0.00223 0.00209 0.07125 0.04404 0.00704 0.03125 0.00617 0.03380 0.07778 0.06290 0.03122 0.04198 0.01089 0.01488 0.00291 0.00224 0.20535 0.19915 0.00000 0.00000 0.09995 0.63267 -9999 -9999
-9999 -9999 -9999 -9999 0.16289 0.04007 0.02369 0.02506 0.07312 0.07818 0.07607 0.04960 0.00269 0.08339 -9999 -9999 -9999 -9999 -9999 0.12557 0.22979 0.60106 0.37810 0.17437 0.26355 0.64619 1.46216 0.72929 0.54429 0.76364 0.51233 0.40840 0.28394 0.78523 1.40307 1.07655 0.83431 1.02655 1.00107 1.15713 1.21673 0.81211 0.58458 0.10871 0.10769 0.19649 0.11268 0.05798 0.10824 0.17126 0.09981 0.09430 0.14542 0.19639 0.16797 0.05191 0.05074 0.03928 0.05429 0.02135 0.01184 0.00000 0.00019 0.02336 0.02200 0.16466 0.25172 0.16576 0.31671 -9999 -9999 -9999 -9999
-9999 -9999 0.36458 0.32014 0.17347 0.19220 0.10181 0.04349 0.16378 0.11343 0.11724 0.07505 0.00953 -9999 -9999 -9999 -9999 -9999 0.02644 0.27884 0.39525 1.20173 1.14551 0.65450 0.66815 0.96768 1.68792 1.55476 1.58510 1.52024 1.24488 1.17612 1.22271 1.53527 1.70206 2.18879 1.66341 1.48456 1.36863 1.71412 1.31726 1.40744 1.19437 0.86658 1.13106 0.97870 0.69016 0.64253 1.18556 1.09853 0.97283 1.07197 0.82090 0.98769 0.64051 0.94789 0.53711 0.18749 0.15711 0.48628 0.43982 0.04681 0.01903 0.03667 0.07749 0.39251 0.72906 -9999 -9999 -9999 -9999 -9999 -9999
-9999 -9999 0.39130 0.31432 0.47825 0.71741 0.46762 0.03257 0.16971 0.10255 0.02382 0.02090 0.26159 -9999 -9999 -9999 -9999 0.83298 0.27619 1.00774 1.25224 1.18746 1.11501 1.29160 1.66407 2.38510 2.19128 1.42361 1.70646 1.84814 1.38544 1.28826 1.87458 2.52487 2.48573 2.49232 2.62347 2.40623 1.93490 1.19604 1.91957 1.90653 1.82725 2.44058 2.05239 2.04710 2.33047 1.36846 3.50282 2.93198 3.31075 2.56731 2.30988 2.50219 2.16656 3.86452 2.80355 0.46864 0.19717 0.41410 0.43864 0.35554 0.71189 0.51732 0.95249 -9999 -9999 -9999 -9999 -9999 1.38240 -9999 -9999
-9999 -9999 1.52085 0.67806 0.49489 0.54320 0.89869 0.90540 0.44641 0.13228 0.04063 0.27977 2.35477 -9999 -9999 -9999 -9999 0.60439 1.01811 1.53400 1.46983 1.27754 1.25078 1.75743 1.61413 2.01297 1.58731 1.62993 1.56055 1.51025 1.32777 1.45055 1.67681 2.19421 2.65339 2.83076 2.69990 2.55184 2.17756 2.70974 3.01378 3.73649 4.03195 3.29031 3.54604 2.39740 2.22934 1.86372 2.80179 2.67222 3.72632 2.75643 2.45981 2.50887 2.64143 5.50537 5.75325 2.24194 2.28271 2.19965 2.71170 4.27129 4.31150 1.27145 0.58444 0.18219 0.54122 0.49473 0.62082 -9999 -9999 -9999 1.02631
-9999 -9999 -9999 1.97940 1.62596 2.18134 2.53506 2.28807 0.50817 0.32326 1.44904 3.59940 -9999 -9999 -9999 -9999 0.62162 0.86668 1.68791 2.04359 2.07229 1.32824 1.12875 1.29969 1.36960 1.59258 1.64657 1.35652 1.61139 1.05041 1.11336 1.67251 2.10300 2.19382 2.51071 2.65830 2.82630 3.48647 3.51604 4.21469 4.44552 4.59196 5.53437 4.67824 5.34142 5.73803 5.66978 5.03256 4.29979 4.52211 3.68399 3.72687 3.88715 3.31298 2.91772 2.15201 2.38606 1.08781 1.09562 2.71163 3.28831 2.53769 0.74236 0.00683 0.00000 0.51244 1.64742 1.57246 2.15980 1.49647 -9999 -9999 0.98999
-9999 -9999 -9999 -9999 3.82394 3.27775 3.25396 1.08620 0.46577 2.34228 3.36375 -9999 -9999 -9999 -9999 0.22906 0.80562 1.88988 3.10356 1.94566 1.55719 1.01770 0.99334 0.80276 0.98611 1.33889 1.45632 1.35166 1.42212 1.34951 1.14182 1.86862 2.11952 2.16353 2.34820 2.82080 3.02222 3.42676 3.46484 3.73215 3.62690 4.10080 4.66535 4.64382 5.41364 6.93213 7.85101 6.14020 5.52920 5.53717 6.56719 5.89199 5.23218 4.87716 5.37415 4.94298 5.81323 2.35661 2.07308 4.87362 2.41936 0.66010 0.46400 0.29419 0.04001 0.96038 2.62647 3.55639 2.20678 1.72419 1.83522 1.68109 2.19252
-9999 -9999 -9999 -9999 -9999 -9999 2.53021 2.32073 4.26930 4.36368 2.58806 -9999 -9999 -9999 -9999 -9999 1.82654 3.21519 2.81835 1.88675 1.37635 1.14504 0.46482 0.78077 0.71639 1.12417 1.28471 1.66961 1.88153 1.75655 1.39891 2.10742 2.37248 1.92339 2.26435 3.31005 3.59155 3.14321 3.48604 3.28242 3.21133 3.05448 3.30756 3.96256 5.38842 6.48950 6.65677 7.16781 7.22759 6.34240 7.41932 5.72241 6.48181 7.58368 6.30747 8.18094 6.33477 4.37613 3.38198 3.42611 1.33425 2.03151 1.47729 0.55291 0.15369 1.05216 3.32595 6.87832 5.32711 3.88992 2.77686 2.09446 1.13899
-9999 -9999 -9999 -9999 -9999 -9999 -9999 -9999 -9999 -9999 -9999 -9999 -9999 -9999 -9999 -9999 -9999 -9999 -9999 1.78341 1.37661 0.96964 0.65382 0.68331 0.79429 1.15623 1.52506 1.55393 1.65635 1.32858 1.70696 2.39545 2.33593 2.28623 2.26249 3.02371 3.49921 3.46414 3.47158 3.22954 3.06660 3.25204 3.70277 3.90657 4.65461 5.39432 5.84821 7.10708 6.64007 8.30877 9.37077 6.33577 5.76839 6.54049 5.96516 6.53901 7.01124 5.47093 4.39578 4.07350 1.42342 2.18241 1.82177 0.59621 0.52293 2.88873 5.41417 7.74936 7.54641 2.79646 2.16791 1.29553 0.80252
-9999 -9999 -9999 -9999 -9999 -9999 -9999 -9999 -9999 -9999 -9999 -9999 -9999 -9999 -9999 -9999 -9999 -9999 2.28555 1.68613 1.43714 0.82875 1.01076 0.90523 0.85836 0.97645 1.04937 1.55657 1.18978 1.59747 1.63590 1.60479 1.72923 2.25699 2.82617 3.36020 3.16115 3.49809 3.13246 2.55733 2.62675 2.78696 3.01180 3.43868 3.91870 4.93974 4.98483 3.51354 4.84480 5.73111 6.38744 9.49222 10.39690 11.83020 8.35587 8.03810 7.70731 4.75709 3.46763 4.69251 4.58921 4.36708 2.51001 2.43892 1.66821 4.45563 6.37723 6.81928 6.50453 4.05666 2.18883 0.89379 2.20104
-9999 -9999 -9999 -9999 -9999 -9999 -9999 -9999 -9999 -9999 -9999 -9999 -9999 -9999 -9999 -9999 -9999 2.38857 2.10369 1.67231 1.27746 0.94195 0.92311 0.76301 0.65777 0.79317 1.05395 1.11664 1.15775 1.75411 2.02232 1.58003 1.85224 2.51840 3.09628 3.04979 3.12217 3.05031 3.05304 2.59485 2.51559 2.83266 2.82586 3.40838 3.22033 3.99158 5.21855 4.12656 4.98565 5.32939 5.93763 7.76126 9.95378 12.13850 11.54500 11.89350 7.47498 4.77217 4.42228 6.03342 8.08001 5.36031 1.14359 1.72313 5.00743 6.00395 6.30736 7.32752 8.72006 5.63620 2.19302 1.66190 2.08132
-9999 -9999 -9999 -9999 -9999 -9999 -9999 -9999 -9999 -9999 -9999 -9999 -9999 -9999 -9999 -9999 -9999 1.72110 1.37213 1.15793 1.23132 0.84252 0.51505 0.42731 0.64530 0.64726 0.65242 0.60225 0.79857 0.92309 1.26773 1.47697 1.52095 2.06548 2.19746 2.54627 2.69461 2.42865 1.92924 2.17776 2.23850 2.19271 2.45788 2.46073 2.74897 4.44816 4.82018 2.57872 3.00421 5.38312 5.13399 6.06096 5.99203 8.29533 9.91441 11.29380 6.34809 4.22451 5.30807 7.22573 7.12824 4.32705 4.26014 3.72932 1.73476 3.58472 6.82707 3.39933 8.29078 9.02397 8.84343 1.95543 0.32425
-9999 -9999 -9999 -9999 -9999 -9999 -9999 -9999 -9999 -9999 -9999 -9999 -9999 -9999 -9999 -9999 1.61620 1.13380 0.90175 0.89602 0.83563 0.52487 0.41753 0.61891 0.68827 0.65530 0.61589 0.99174 0.78532 0.72580 0.69708 1.05499 1.50007 2.06608 1.56373 1.95436 2.17576 2.76331 2.06912 2.04052 1.75886 2.10942 2.36499 2.52245 2.42683 3.77313 3.99289 2.30896 2.51138 5.04901 4.99701 6.15154 6.11189 8.14086 9.27642 11.38480 9.49803 5.78494 5.03429 6.99924 7.36791 6.00096 4.95209 2.42946 4.29389 5.46407 6.97840 6.64547 11.88750 11.61720 8.75002 2.22382 1.14605
-9999 -9999 -9999 -9999 -9999 -9999 -9999 -9999 -9999 -9999 -9999 -9999 -9999 1.06671 1.06328 1.06404 0.97778 0.62482 0.66494 0.44285 0.46930 0.37053 0.39976 0.36432 0.35518 0.43739 0.65013 0.43989 0.43824 0.50020 0.63150 0.53764 0.62935 0.64388 0.77221 0.96164 1.28626 1.24005 0.88872 0.98308 0.94886 1.28257 1.19823 0.84546 1.28944 1.80173 2.26536 2.22858 2.57048 3.31430 3.36636 5.03767 5.71661 6.59411 7.23680 4.98287 5.36474 5.30791 4.43819 4.97836 5.59179 6.15297 7.00591 3.65446 5.08570 7.91089 6.50077 12.40620 9.29516 14.56200 6.92009 1.65410 1.11648
-9999 -9999 -9999 -9999 -9999 -9999 -9999 -9999 -9999 -9999 -9999 -9999 1.14494 0.94647 1.05186 1.02330 0.90107 0.51604 0.38660 0.28880 0.30628 0.33777 0.35508 0.33906 0.33862 0.36617 0.35803 0.37652 0.51034 0.64379 0.54952 0.45738 0.57391 0.78387 0.73586 0.90028 0.47862 0.65968 0.86178 0.70276 0.70629 0.56583 0.83607 0.63377 0.98293 1.74805 1.73297 1.99868 2.10977 2.42958 3.22928 2.99641 4.91056 4.58478 6.62277 6.87881 6.67177 4.00654 4.22649 4.40137 5.91634 6.15608 6.30581 5.21563 6.46438 10.56580 10.34110 10.93210 12.63130 9.05461 3.34872 2.67238 1.59786
-9999 -9999 -9999 -9999 -9999 -9999 -9999 -9999 -9999 -9999 -9999 1.06536 0.85118 0.96227 0.64719 0.45511 0.42358 0.29769 0.31386 0.24011 0.26628 0.13975 0.13318 0.25179 0.21695 0.23648 0.35239 0.31540 0.33310 0.43349 0.40924 0.21967 0.24533 0.31229 0.33597 0.46033 0.50170 0.51546 0.49377 0.41774 0.39610 0.60879 0.60107 0.66059 0.86532 1.11174 1.10236 1.37794 1.74290 1.99191 2.48997 2.72365 3.01338 4.56386 4.21181 3.85661 5.62149 4.64035 4.02543 5.58382 6.87734 9.53658 10.17810 9.16689 11.68510 10.39050 10.80740 13.77740 12.58600 2.91080 1.14957 0.43480 0.58878
-9999 -9999 -9999 -9999 -9999 -9999 -9999 -9999 -9999 -9999 0.99826 0.87627 0.68104 0.58864 0.52998 0.36633 0.35850 0.32327 0.31980 0.27764 0.17547 0.12720 0.14768 0.17400 0.26419 0.24475 0.22853 0.30851 0.26474 0.25256 0.24622 0.22561 0.23013 0.48541 0.75746 0.67691 0.56006 0.56775 0.54440 0.42757 0.59985 0.53678 0.59290 0.59843 0.58599 0.73800 1.05122 1.01896 1.27519 1.69331 2.05368 2.09154 3.10111 3.05031 3.64188 3.40605 4.50468 4.29158 4.79923 8.03087 8.84996 9.42612 10.70340 10.50770 12.25950 10.98760 15.09320 18.15580 8.83881 1.64415 0.72594 1.53234 1.31142
-9999 -9999 -9999 -9999 -9999 -9999 -9999 -9999 -9999 0.07246 0.06983 0.07376 0.08353 0.07373 0.06093 0.06400 0.04316 0.04358 0.04512 0.03561 0.03495 0.02424 0.02293 0.03713 0.03220 0.03166 0.03229 0.05104 0.04380 0.04369 0.04308 0.13753 0.21576 0.32096 0.56451 0.88779 0.49792 0.51561 0.38489 0.53350 0.24018 0.32787 0.32251 0.61971 0.42878 0.81375 0.86833 1.32796 1.54889 1.73844 2.23201 2.22136 2.36202 2.71740 2.97003 3.75409 4.71604 6.13143 6.35759 6.98937 7.69024 8.65275 9.31668 12.10610 12.45950 13.72530 14.65420 2.62343 0.92413 0.18768 0.19481 0.36016 0.46782
-9999 -9999 -9999 -9999 -9999 -9999 -9999 -9999 -9999 -9999 0.05605 0.05713 0.05202 0.04824 0.04580 0.04886 0.04640 0.04624 0.04509 0.03402 0.03297 0.02336 0.02702 -9999 -9999 -9999 -9999 -9999 -9999 0.05198 0.05448 0.13303 0.18251 0.23847 0.37018 0.86295 0.66533 0.39201 0.29076 0.49788 0.26871 0.37497 0.36996 0.62944 0.60066 0.76946 1.10383 1.04477 1.61015 1.62581 2.04524 1.93068 2.18901 2.19042 3.16018 3.26895 4.22343 5.66946 5.79257 6.86528 8.01408 8.22256 9.00334 8.43067 10.68230 13.44080 11.74900 1.59233 0.25523 0.16889 0.14277 0.74154 1.18595
-9999 -9999 -9999 -9999 -9999 -9999 -9999 -9999 -9999 -9999 -9999 -9999 0.04265 0.03114 0.03271 0.02557 0.02288 0.01878 0.01924 -9999 -9999 -9999 -9999 -9999 -9999 -9999 -9999 -9999 -9999 -9999 -9999 -9999 -9999 0.21303 0.41405 0.58741 0.60889 0.58690 0.40193 0.27368 0.39352 0.38502 0.50616 0.48297 0.43558 0.72073 1.00942 1.26151 1.39348 2.07965 2.16612 2.03762 2.12414 2.60638 2.54496 2.74987 3.78111 4.47061 3.98269 7.44652 8.42570 8.10801 9.90352 11.78430 12.86290 10.61600 6.33752 0.86203 0.55062 0.92677 0.96093 1.26145 -9999
-9999 -9999 -9999 -9999 -9999 -9999 -9999 -9999 -9999 -9999 -9999 -9999 -9999 -9999 -9999 -9999 -9999 -9999 -9999 -9999 -9999 -9999 -9999 -9999 -9999 -9999 -9999 -9999 -9999 -9999 -9999 -9999 -9999 -9999 0.38748 0.31408 0.35049 0.42783 0.31196 0.35214 0.55975 0.55094 0.74216 0.55225 0.69082 0.93530 0.99683 1.27640 1.62042 1.93800 2.27142 2.21797 2.25506 2.52140 2.52518 3.04415 3.35194 5.15547 6.30254 8.46315 9.25850 10.23170 11.96310 13.97300 13.59340 10.72280 7.12189 0.50930 0.76989 1.08560 3.06252 -9999 -9999
-9999 -9999 -9999 -9999 -9999 -9999 -9999 -9999 -9999 -9999 -9999 -9999 -9999 -9999 -9999 -9999 -9999 -9999 -9999 -9999 -9999 -9999 -9999 -9999 -9999 -9999 -9999 -9999 -9999 -9999 -9999 -9999 -9999 -9999 0.27890 0.37281 0.51750 0.55968 0.29870 0.38700 0.53407 0.80175 0.78408 0.66634 0.73201 0.92558 0.93180 1.55347 2.08560 1.64664 1.84708 1.90462 2.36574 2.66166 2.42780 2.48130 3.23796 4.79030 6.08195 8.25418 8.29923 8.46771 11.52060 11.34820 11.43310 5.76025 5.55466 2.09105 2.58499 5.06078 -9999 -9999 -9999
-9999 -9999 -9999 -9999 -9999 -9999 -9999 -9999 -9999 -9999 -9999 -9999 -9999 -9999 -9999 -9999 -9999 -9999 -9999 -9999 -9999 -9999 -9999 -9999 -9999 -9999 -9999 -9999 -9999 -9999 -9999 -9999 -9999 -9999 -9999 -9999 -9999 -9999 0.59888 0.53680 0.52517 0.55891 0.81256 0.78931 0.81888 0.97292 1.31291 1.92619 2.05697 1.78367 1.74950 1.72652 1.87919 2.49657 2.48957 2.50320 2.10053 3.53472 7.06685 8.26581 8.40976 11.66270 14.00440 11.32310 7.06153 5.47536 5.63094 5.86619 11.92620 -9999 -9999 -9999 -9999
