data/hydroclimate-scenarios/BCSD_hadcm_B1/monthly_summaries/runoff_monthly_tot_nov.2070-2099.asc
ncols	311
nrows	91
xllcenter	102.75
yllcenter	31.75
cellsize	0.5
NODATA_value	-9999
[rows 32 to 63 of 91, columns 0 to 72 of 311]
-9999 -9999 -9999 -9999 -9999 -9999 -9999 -9999 -9999 -9999 -9999 0.10417 0.09941 0.13374 0.11832 0.07407 0.06549 0.03340 0.02945 0.03496 0.02759 0.07053 0.12548 0.06731 0.08563 0.07782 0.05159 0.01806 0.01296 0.00362 0.00223 0.00216 0.00265 0.01018 0.00097 0.00719 0.00844 0.00038 0.00058 0.01856 0.00898 0.01620 0.01778 0.00470 0.00129 0.00055 0.00000 0.00000 0.00000 0.02522 0.01980 0.00000 0.00000 0.00000 0.00000 0.00000 0.00000 0.00000 0.00000 0.00000 0.00000 0.00000 0.00000 0.00000 0.00000 0.00000 0.00000 0.00000 0.00000 0.00000 0.00000 0.00000 0.00000
-9999 -9999 -9999 -9999 -9999 -9999 -9999 -9999 -9999 -9999 -9999 0.13035 0.10964 0.15692 0.13779 0.12905 0.11920 0.10033 0.11782 0.16645 0.16603 0.18516 0.23375 0.14546 0.08433 0.02514 0.02294 0.02025 0.03457 0.03016 0.00683 0.00278 0.00270 0.01500 0.02833 0.02234 0.01333 0.01824 0.00670 0.00334 0.03950 0.00853 0.02018 0.01775 0.00977 0.00144 0.00000 0.00000 0.00000 0.03044 0.01758 0.00000 0.00000 0.00000 0.00000 0.00000 0.00000 0.00000 0.00000 0.00000 0.00000 0.00000 0.00000 0.00000 0.00000 0.00000 0.00000 0.00000 0.00000 0.00000 0.00000 0.00000 0.00000
-9999 -9999 -9999 -9999 -9999 -9999 -9999 -9999 -9999 -9999 -9999 -9999 0.12581 0.11333 0.11365 0.09253 0.09701 0.08529 0.10557 0.25933 0.25610 0.14006 0.07710 0.04068 0.02773 0.00452 0.00564 0.00219 0.00906 0.00178 0.00608 0.02325 0.02002 0.03197 0.03530 0.03324 0.02515 0.02438 0.00869 0.00006 0.00000 0.00000 0.00000 0.00182 0.00152 0.00000 0.00000 0.01034 0.00454 0.01398 0.00730 0.00000 0.00000 0.00000 0.00000 0.00000 0.00000 0.00000 0.00000 0.00000 0.00000 0.00000 0.00000 0.00000 0.00000 0.00000 0.00000 0.00000 0.00000 0.00000 0.00000 0.00000 0.00000
-9999 -9999 -9999 -9999 -9999 -9999 -9999 -9999 -9999 -9999 -9999 -9999 0.19905 0.17007 0.17496 0.14042 0.17350 0.19523 0.19400 0.26917 0.24346 0.06365 0.04048 0.01175 0.00042 0.00525 0.00850 0.00336 0.00372 0.00097 0.00082 0.00099 0.02497 0.04577 0.04911 0.02113 0.01683 0.03567 0.03428 0.00015 0.00001 0.00022 0.00000 0.00331 0.01464 0.03550 0.03459 0.02880 0.00617 0.00190 0.00000 0.00000 0.00000 0.00000 0.00000 0.00000 0.00000 0.00000 0.00000 0.00000 0.00000 0.00000 0.00000 0.00000 0.00000 0.00000 0.00000 0.00000 0.00000 0.00000 0.00000 0.00183 0.01041
-9999 -9999 -9999 -9999 -9999 -9999 -9999 -9999 -9999 -9999 -9999 -9999 0.16810 0.21016 0.27027 0.17643 0.17898 0.11868 0.08051 0.11309 0.08703 0.06902 0.05467 0.02963 0.02757 0.00898 0.01861 0.00713 0.00496 0.00001 0.00001 0.00009 0.00000 0.00028 0.01412 0.00017 0.00000 0.00605 0.00786 0.00306 0.00000 0.00000 0.00047 0.01592 0.03029 0.05803 0.02400 0.00672 0.00192 0.00410 0.00000 0.00000 0.00000 0.00000 0.00000 0.00000 0.00000 0.00000 0.00000 0.00000 0.00000 0.00000 0.00000 0.00000 0.00000 0.00000 0.00000 0.00023 0.00000 0.00000 0.00000 0.00000 0.00000
-9999 -9999 -9999 0.20603 0.19866 0.25831 0.27907 0.28015 0.24500 -9999 0.33994 0.28789 0.38297 0.29366 0.28618 0.14205 0.12803 0.17732 0.06312 0.08525 0.08878 0.09264 0.06691 0.05313 0.04142 0.02344 0.02500 0.00463 0.00591 0.00026 0.00101 0.00016 0.00051 0.00000 0.00159 0.00593 0.00161 0.00160 0.00200 0.00388 0.00362 0.00000 0.00000 0.01713 0.00832 0.00897 0.00000 0.00316 0.00079 0.00180 0.00000 0.00000 0.00000 0.00000 0.00000 0.00000 0.00000 0.00000 0.00000 0.00000 0.00000 0.00001 0.00000 0.00000 0.00000 0.00006 0.00000 0.00151 0.00284 0.00000 0.00000 0.00412 0.00163
-9999 -9999 -9999 0.40923 0.34160 0.25855 0.22039 0.63305 0.62763 0.45136 0.55505 0.51548 0.37497 0.29953 0.20093 0.13749 0.09162 0.10582 0.07311 0.10404 0.11481 0.14264 0.17884 0.16241 0.09744 0.03456 0.02021 0.00631 0.00212 0.00000 0.00257 0.00154 0.00275 0.00000 0.00128 0.00251 0.00094 0.00046 0.00367 0.00000 0.00000 0.00150 0.01847 0.00000 0.00000 0.00000 0.00000 0.00528 0.00027 0.00000 0.00000 0.00000 0.00000 0.00015 0.00045 0.00000 0.00000 0.00000 0.00000 0.00000 0.00000 0.00000 0.00000 0.00000 0.00000 0.00191 0.00388 0.01029 0.01340 0.01971 0.02089 0.04002 0.01084
-9999 -9999 -9999 0.48140 0.41148 0.23443 0.26715 0.76714 0.79022 0.57297 0.54984 0.46121 0.30438 0.11710 0.01994 0.05559 0.04114 0.04206 0.09150 0.12071 0.08039 0.11152 0.09411 0.08207 0.04858 0.03414 0.03020 0.01287 0.01123 0.00153 0.00005 0.00081 0.00395 0.00195 0.00215 0.00131 0.00553 0.00275 0.00120 0.00001 0.00000 0.00089 0.01299 0.00000 0.00000 0.00000 0.00000 0.00062 0.00053 0.00000 0.00000 0.00000 0.00000 0.00010 0.00001 0.00000 0.00001 0.00002 0.00000 0.00000 0.00000 0.00047 0.00091 0.00000 0.00000 0.00533 0.01205 0.00570 0.00106 0.00833 0.01003 0.23588 0.39243
-9999 -9999 -9999 0.57302 0.61482 0.20134 0.28589 0.46788 0.41704 0.36364 0.44992 0.38053 0.16614 0.05150 0.03713 0.04819 0.02939 0.03262 0.04007 0.01396 0.00210 0.00293 0.00110 0.00813 0.01025 0.01504 0.01493 0.00242 0.00027 0.00062 0.00292 0.00710 0.00486 0.00019 0.00045 0.00224 0.00523 0.00330 0.00194 0.00346 0.00037 0.00077 0.00071 0.00000 0.00989 0.00008 0.00000 0.00564 0.00000 0.00000 0.00000 0.00000 0.00000 0.00000 0.00000 0.00003 0.00000 0.00000 0.00000 0.00000 0.00000 0.00280 0.00283 0.00000 0.00000 0.00214 0.00272 0.00580 0.00004 0.00000 0.17455 0.85863 -9999
-9999 -9999 -9999 0.47025 0.55812 0.15549 0.18431 0.36786 0.31997 0.32544 0.37632 0.30535 0.11260 0.03493 0.01323 0.02137 0.01541 0.05188 0.10805 0.06170 0.01498 0.00800 0.01509 0.04049 0.04218 0.03849 0.04208 0.02203 0.00787 0.00266 0.00114 0.00160 0.00059 0.00083 0.00048 0.00181 0.00235 0.00362 0.00784 0.00781 0.00190 0.00158 0.00097 0.00000 0.00088 0.00017 0.00027 0.00000 0.00000 0.00000 0.00000 0.00066 0.00023 0.00000 0.00000 0.00029 0.00000 0.00000 0.00000 0.00000 0.00000 0.00007 0.00047 0.00006 0.00010 0.00075 0.00074 0.00065 0.00045 0.09440 0.53571 -9999 -9999
-9999 -9999 -9999 -9999 0.27970 0.16708 0.19134 0.12808 0.11744 0.39177 0.56615 0.47160 0.10266 0.16875 -9999 -9999 -9999 -9999 -9999 0.01042 0.01082 0.02525 0.01609 0.00750 0.00864 0.01323 0.03543 0.02336 0.00949 0.02112 0.00541 0.00701 0.00167 0.00873 0.01561 0.02043 0.01612 0.01244 0.01318 0.00847 0.00620 0.00086 0.00195 0.01060 0.00961 0.01204 0.00446 0.00385 0.01000 0.00134 0.00007 0.00001 0.00000 0.00064 0.00000 0.00000 0.00000 0.00000 0.00000 0.00000 0.00000 0.00000 0.00045 0.00150 0.00195 0.00011 0.00569 0.00759 0.03650 -9999 -9999 -9999 -9999
-9999 -9999 0.38599 0.31136 0.24089 0.19258 0.17091 0.10871 0.16511 0.39614 0.52665 0.43879 0.13578 -9999 -9999 -9999 -9999 -9999 0.00093 0.01747 0.01979 0.04630 0.04089 0.02105 0.02353 0.02103 0.04906 0.07068 0.06434 0.05658 0.03742 0.02742 0.02900 0.02880 0.03461 0.05920 0.03343 0.02311 0.01424 0.00985 0.00601 0.02454 0.00578 0.02044 0.02348 0.01560 0.01613 0.01648 0.01913 0.02107 0.01159 0.00472 0.00077 0.00266 0.00276 0.00037 0.00009 0.00001 0.00006 0.00659 0.01291 0.01150 0.01990 0.00331 0.00671 0.03090 0.05159 -9999 -9999 -9999 -9999 -9999 -9999
-9999 -9999 0.35580 0.21477 0.19186 0.11742 0.11096 0.07536 0.11566 0.42735 0.35251 0.39261 0.42220 -9999 -9999 -9999 -9999 0.10072 0.01343 0.04419 0.05177 0.06955 0.06480 0.07659 0.09338 0.11139 0.08111 0.08109 0.09543 0.07486 0.04731 0.02074 0.03334 0.05354 0.04284 0.02437 0.02048 0.01434 0.00741 0.00567 0.01127 0.01899 0.01410 0.02259 0.01837 0.02170 0.01971 0.01677 0.05188 0.02383 0.02808 0.01826 0.01780 0.02381 0.01220 0.01456 0.00981 0.00066 0.00058 0.00621 0.00903 0.00450 0.01472 0.03736 0.11011 -9999 -9999 -9999 -9999 -9999 0.71191 -9999 -9999
-9999 -9999 0.58825 0.29025 0.22946 0.11774 0.13255 0.18781 0.16887 0.41253 0.34552 0.34050 0.82024 -9999 -9999 -9999 -9999 0.02903 0.03027 0.05455 0.07042 0.14528 0.18606 0.18614 0.19494 0.11235 0.06245 0.12101 0.11514 0.08203 0.06324 0.04088 0.03806 0.05083 0.06201 0.03029 0.02769 0.03031 0.01992 0.01250 0.01543 0.03752 0.04202 0.03244 0.03533 0.01986 0.02188 0.01917 0.03268 0.02614 0.03004 0.02218 0.01662 0.02486 0.03005 0.02778 0.02491 0.01308 0.02528 0.03432 0.03617 0.06668 0.07548 0.04778 0.03500 0.07163 0.20340 0.11471 0.30499 -9999 -9999 -9999 0.23541
-9999 -9999 -9999 0.30781 0.13401 0.16578 0.16544 0.13024 0.09590 0.10498 0.16150 0.35266 -9999 -9999 -9999 -9999 0.07572 0.04048 0.06458 0.09469 0.13785 0.15320 0.14732 0.15360 0.14478 0.14800 0.12840 0.08752 0.09526 0.03318 0.03076 0.05147 0.06339 0.07866 0.09571 0.07102 0.08097 0.08534 0.06443 0.05790 0.04601 0.05071 0.06648 0.05577 0.08108 0.07308 0.13573 0.05652 0.04107 0.03708 0.02634 0.04741 0.04581 0.06129 0.03067 0.05156 0.05155 0.00494 0.00853 0.04272 0.04139 0.04930 0.02646 0.00181 0.00000 0.01953 0.13015 0.06192 0.15501 0.35699 -9999 -9999 0.34074
-9999 -9999 -9999 -9999 0.39369 0.25233 0.21068 0.13414 0.09352 0.19738 0.24715 -9999 -9999 -9999 -9999 0.10724 0.07735 0.07892 0.14511 0.13116 0.12886 0.16745 0.15895 0.11815 0.11669 0.18456 0.16164 0.13478 0.10786 0.05625 0.04472 0.11950 0.12526 0.16758 0.13039 0.11163 0.09262 0.11434 0.08101 0.05918 0.03825 0.04549 0.07387 0.10250 0.10812 0.17004 0.19525 0.10613 0.09051 0.05056 0.05564 0.09821 0.08586 0.09695 0.08902 0.10556 0.14461 0.02140 0.01940 0.07687 0.03348 0.01911 0.01263 0.00402 0.00136 0.02120 0.11713 0.11533 0.12658 0.40832 0.59979 0.32966 0.68550
-9999 -9999 -9999 -9999 -9999 -9999 0.39125 0.35233 0.22368 0.34281 0.22518 -9999 -9999 -9999 -9999 -9999 0.09400 0.13384 0.11762 0.13855 0.12159 0.18265 0.12963 0.15560 0.15326 0.15894 0.17347 0.17702 0.17988 0.14043 0.08122 0.12892 0.16769 0.16380 0.19494 0.13381 0.11243 0.08341 0.09460 0.07382 0.04757 0.07458 0.08634 0.08786 0.12294 0.12393 0.19855 0.16706 0.13869 0.12613 0.11136 0.11971 0.11674 0.23494 0.20303 0.26514 0.20593 0.04187 0.03927 0.02897 0.00886 0.00723 0.00766 0.00302 0.00141 0.02192 0.12366 0.24336 0.28512 0.49377 0.59921 0.63720 0.65523
-9999 -9999 -9999 -9999 -9999 -9999 -9999 -9999 -9999 -9999 -9999 -9999 -9999 -9999 -9999 -9999 -9999 -9999 -9999 0.14703 0.14211 0.19321 0.17555 0.16453 0.17122 0.15049 0.13895 0.08035 0.04964 0.07334 0.11531 0.18297 0.14002 0.22959 0.22792 0.13084 0.16397 0.14017 0.11582 0.09318 0.07632 0.13786 0.14662 0.14087 0.13815 0.17088 0.24633 0.22585 0.16788 0.22675 0.19169 0.22270 0.18456 0.26776 0.28320 0.25784 0.26244 0.06494 0.05391 0.03611 0.01086 0.00593 0.00539 0.00630 0.00679 0.09067 0.21674 0.36109 0.51013 0.38189 0.50717 0.65303 0.64883
-9999 -9999 -9999 -9999 -9999 -9999 -9999 -9999 -9999 -9999 -9999 -9999 -9999 -9999 -9999 -9999 -9999 -9999 0.16116 0.13639 0.14860 0.19414 0.22148 0.16671 0.13619 0.10566 0.09163 0.15519 0.13000 0.11222 0.12919 0.13418 0.14175 0.12452 0.16719 0.31599 0.25178 0.24855 0.12837 0.12245 0.10486 0.18604 0.18979 0.19106 0.21522 0.21538 0.26232 0.16139 0.24196 0.17087 0.18208 0.26746 0.28668 0.35452 0.27300 0.20457 0.18022 0.08565 0.05138 0.07512 0.08533 0.10312 0.06035 0.03284 0.02675 0.27027 0.49625 0.28269 0.37863 0.61175 0.72486 0.66677 1.74108
-9999 -9999 -9999 -9999 -9999 -9999 -9999 -9999 -9999 -9999 -9999 -9999 -9999 -9999 -9999 -9999 -9999 0.19969 0.17398 0.24277 0.20769 0.23628 0.20372 0.15571 0.09103 0.05951 0.06730 0.08718 0.14839 0.13470 0.14093 0.14762 0.16691 0.16842 0.21044 0.31310 0.28641 0.17904 0.20972 0.15811 0.14863 0.28158 0.24999 0.29746 0.25544 0.23306 0.33680 0.22839 0.31798 0.18153 0.22129 0.23780 0.23324 0.48799 0.45591 0.35943 0.21376 0.08612 0.06917 0.12275 0.19250 0.17176 0.03633 0.02901 0.20958 0.49191 0.56279 0.35962 0.55648 1.05329 0.80093 1.10673 1.58068
-9999 -9999 -9999 -9999 -9999 -9999 -9999 -9999 -9999 -9999 -9999 -9999 -9999 -9999 -9999 -9999 -9999 0.21136 0.22302 0.22598 0.22846 0.27629 0.18345 0.09005 0.13247 0.07720 0.07353 0.03201 0.06351 0.08492 0.08980 0.07938 0.09006 0.08172 0.14144 0.30023 0.33311 0.20211 0.12878 0.18946 0.20946 0.20522 0.24999 0.19939 0.19318 0.37257 0.47237 0.19202 0.24984 0.27917 0.23709 0.21684 0.19762 0.35838 0.42733 0.61864 0.31391 0.17455 0.22677 0.29959 0.25291 0.21162 0.20992 0.12972 0.06871 0.20196 0.56971 0.54004 1.31569 1.92442 2.11336 1.29915 1.02585
-9999 -9999 -9999 -9999 -9999 -9999 -9999 -9999 -9999 -9999 -9999 -9999 -9999 -9999 -9999 -9999 0.15450 0.16580 0.17749 0.22842 0.24431 0.20606 0.12984 0.14315 0.19640 0.10957 0.09522 0.10364 0.05086 0.05339 0.04918 0.05511 0.06899 0.08266 0.08489 0.24701 0.27306 0.29156 0.19448 0.21816 0.21452 0.28696 0.32348 0.30429 0.30736 0.48103 0.56679 0.21828 0.25618 0.32877 0.33751 0.42542 0.31732 0.49758 0.58579 0.84917 0.68729 0.52606 0.39572 0.33341 0.36429 0.45738 0.34281 0.12921 0.36574 0.52005 0.82996 1.17078 2.22362 2.66368 2.46725 1.49574 1.45787
-9999 -9999 -9999 -9999 -9999 -9999 -9999 -9999 -9999 -9999 -9999 -9999 -9999 0.11672 0.12356 0.19975 0.18114 0.12563 0.17475 0.15459 0.15984 0.10146 0.08913 0.07288 0.07107 0.12091 0.12416 0.05766 0.06856 0.09968 0.13813 0.09137 0.10751 0.13989 0.16215 0.12368 0.19142 0.23295 0.22463 0.26356 0.27568 0.34846 0.34141 0.25643 0.29930 0.31518 0.39190 0.39482 0.49147 0.45470 0.40698 0.32235 0.32007 0.48665 0.49340 0.49541 0.50340 0.47218 0.33991 0.48955 0.58896 0.83967 0.91864 0.58720 0.94427 1.86273 1.83758 2.27799 2.13275 4.38585 3.04515 1.39200 1.36964
-9999 -9999 -9999 -9999 -9999 -9999 -9999 -9999 -9999 -9999 -9999 -9999 0.23028 0.14735 0.18982 0.25406 0.23278 0.14928 0.07923 0.17584 0.12798 0.08265 0.10239 0.10666 0.09198 0.11321 0.10948 0.06326 0.08724 0.19253 0.16722 0.12861 0.12583 0.25480 0.24832 0.14209 0.09537 0.18469 0.27339 0.30996 0.26569 0.23224 0.35721 0.31375 0.27366 0.25934 0.28566 0.38810 0.45062 0.51307 0.56885 0.35103 0.46604 0.58819 0.66121 0.78730 1.02830 0.43460 0.37302 0.55146 0.66269 0.93426 0.99207 0.82308 1.19987 2.82399 3.18159 2.49021 3.78119 3.38554 1.89084 2.37775 1.90873
-9999 -9999 -9999 -9999 -9999 -9999 -9999 -9999 -9999 -9999 -9999 0.16613 0.16700 0.09667 0.11919 0.15671 0.14919 0.15758 0.18683 0.10322 0.08101 0.23080 0.21374 0.10585 0.09365 0.10145 0.15515 0.15366 0.16256 0.23037 0.18409 0.12420 0.13496 0.17349 0.16822 0.16340 0.17454 0.20558 0.27832 0.29067 0.31275 0.34273 0.35718 0.34063 0.35334 0.35589 0.36716 0.29258 0.29599 0.46377 0.57837 0.43676 0.44267 0.62012 0.56417 0.54774 0.95833 0.71121 0.64971 1.02558 1.15159 1.77643 1.76641 1.94184 2.83834 3.00317 3.32990 3.33279 3.82297 3.05079 2.02328 1.09862 1.55631
-9999 -9999 -9999 -9999 -9999 -9999 -9999 -9999 -9999 -9999 0.13656 0.12346 0.15978 0.06852 0.09321 0.10382 0.11990 0.14905 0.16948 0.08441 0.08828 0.20851 0.20910 0.10888 0.10092 0.11256 0.11463 0.17420 0.16252 0.12706 0.13763 0.15087 0.14425 0.29208 0.34716 0.23849 0.24104 0.21303 0.28789 0.33501 0.53794 0.32587 0.35362 0.34993 0.32080 0.41264 0.43374 0.34233 0.35000 0.43641 0.57402 0.44902 0.77800 0.64585 0.63357 0.76690 0.90219 0.82423 1.00394 1.60675 1.72109 1.86937 2.04237 2.45563 3.18624 3.24112 4.88665 5.36867 3.96827 2.72332 2.36975 2.93348 3.59015
-9999 -9999 -9999 -9999 -9999 -9999 -9999 -9999 -9999 0.02225 0.01728 0.01232 0.01386 0.01842 0.01782 0.01315 0.01670 0.00691 0.00577 0.01962 0.02264 0.01235 0.01416 0.02070 0.02184 0.03069 0.03234 0.04062 0.03157 0.03431 0.03796 0.15578 0.19146 0.19035 0.27909 0.29960 0.19865 0.19948 0.22133 0.47250 0.29939 0.26290 0.24232 0.70951 0.52164 0.67446 0.66508 0.55436 0.52705 0.59401 0.72029 0.78069 0.55104 0.38244 0.35806 1.44628 1.58039 1.68494 1.72209 1.88412 1.84068 1.87678 2.01530 2.68255 3.08449 3.31373 3.87908 0.87339 0.64151 0.41067 0.55783 1.26767 1.94967
-9999 -9999 -9999 -9999 -9999 -9999 -9999 -9999 -9999 -9999 0.01926 0.00748 0.00644 0.01396 0.01648 0.01492 0.01517 0.00386 0.00488 0.01870 0.01858 0.01265 0.01383 -9999 -9999 -9999 -9999 -9999 -9999 0.04636 0.04969 0.19277 0.19670 0.18774 0.21550 0.34741 0.28393 0.24722 0.21099 0.42996 0.29894 0.26191 0.24497 0.71733 0.76953 0.79233 0.75185 0.53697 0.72747 0.72533 0.81975 0.78114 0.68942 0.37156 0.45721 1.40107 1.71176 1.80986 1.81406 2.08169 2.25771 1.99393 2.14451 2.02273 2.26321 3.63556 3.53797 0.76874 0.37649 0.44919 0.49444 1.97991 2.51449
-9999 -9999 -9999 -9999 -9999 -9999 -9999 -9999 -9999 -9999 -9999 -9999 0.01753 0.01525 0.01693 0.01451 0.01412 0.01366 0.01624 -9999 -9999 -9999 -9999 -9999 -9999 -9999 -9999 -9999 -9999 -9999 -9999 -9999 -9999 0.20040 0.22933 0.32235 0.33048 0.34286 0.24149 0.19665 0.24880 0.32050 0.32948 0.47583 0.46044 0.75274 0.81960 0.59975 0.81312 0.80625 0.82619 0.71086 0.68651 1.00494 0.91543 1.35774 1.69417 1.95481 1.52023 2.31265 2.43646 2.34969 2.76535 2.73758 3.21021 3.91068 3.31343 0.56025 0.57532 1.00299 1.59462 3.12660 -9999
-9999 -9999 -9999 -9999 -9999 -9999 -9999 -9999 -9999 -9999 -9999 -9999 -9999 -9999 -9999 -9999 -9999 -9999 -9999 -9999 -9999 -9999 -9999 -9999 -9999 -9999 -9999 -9999 -9999 -9999 -9999 -9999 -9999 -9999 0.26454 0.14708 0.20990 0.25140 0.19834 0.26933 0.29998 0.34691 0.45840 0.54857 0.78961 0.85679 0.81866 0.72710 0.82959 0.81768 0.90733 0.75513 0.70311 1.00567 0.96362 1.54710 1.71652 2.10297 2.32527 2.64541 2.53452 3.02909 3.41533 3.51303 3.98335 4.07674 3.77601 0.59372 0.64524 1.21304 2.74400 -9999 -9999
-9999 -9999 -9999 -9999 -9999 -9999 -9999 -9999 -9999 -9999 -9999 -9999 -9999 -9999 -9999 -9999 -9999 -9999 -9999 -9999 -9999 -9999 -9999 -9999 -9999 -9999 -9999 -9999 -9999 -9999 -9999 -9999 -9999 -9999 0.20516 0.21991 0.23190 0.41343 0.32292 0.37029 0.36470 0.46619 0.46362 0.48589 0.54541 0.60730 0.65539 0.73827 0.89940 0.89445 0.87791 1.29952 1.40561 1.17576 1.28289 1.56000 1.94386 2.31230 2.76256 2.86588 2.78957 2.69517 3.19488 3.31633 3.67867 2.91026 3.99729 3.63464 4.07088 9.27168 -9999 -9999 -9999
-9999 -9999 -9999 -9999 -9999 -9999 -9999 -9999 -9999 -9999 -9999 -9999 -9999 -9999 -9999 -9999 -9999 -9999 -9999 -9999 -9999 -9999 -9999 -9999 -9999 -9999 -9999 -9999 -9999 -9999 -9999 -9999 -9999 -9999 -9999 -9999 -9999 -9999 0.44026 0.36205 0.35983 0.43200 0.49518 0.58214 0.65644 0.67765 0.83564 0.84292 0.98102 1.08390 1.06362 1.40394 1.43688 1.31632 1.39406 1.63945 1.32618 1.97531 3.09742 2.89592 2.74836 4.15173 4.20859 3.66466 3.20006 3.25414 4.04318 6.65607 8.81257 -9999 -9999 -9999 -9999
