data/hydroclimate-scenarios/BCSD_hadcm_B1/monthly_summaries/runoff_monthly_tot_may.2030-2059.asc
ncols	311
nrows	91
xllcenter	102.75
yllcenter	31.75
cellsize	0.5
NODATA_value	-9999
[rows 32 to 63 of 91, columns 0 to 71 of 311]
-9999 -9999 -9999 -9999 -9999 -9999 -9999 -9999 -9999 -9999 -9999 38.13300 40.17040 42.36040 44.03320 49.15790 53.45730 53.93640 46.67530 49.28030 58.09100 57.02920 52.50400 49.11710 44.12400 42.64810 39.50820 33.87180 29.35150 22.33780 21.55780 19.53110 19.15970 18.72610 21.90520 19.44600 23.39900 26.14900 32.04090 36.36120 37.20350 38.88390 40.46780 41.13520 39.58640 38.28050 39.32160 40.31500 39.58580 36.60000 33.53370 31.80850 29.96310 31.73350 28.77550 26.00800 24.09390 22.39220 19.95770 22.13390 21.58590 20.49640 19.60510 17.61370 17.04520 19.19790 23.26970 27.06220 31.81120 33.12060 30.84140 31.39370
-9999 -9999 -9999 -9999 -9999 -9999 -9999 -9999 -9999 -9999 -9999 44.03530 45.22510 43.06920 44.64900 49.28840 50.77060 54.74720 58.52040 58.99900 59.59730 56.65380 51.41150 47.17380 45.52660 42.60520 39.32010 34.35560 27.47270 20.45180 16.87880 17.75740 19.42320 17.52450 20.05200 15.54800 23.05530 27.92670 31.96770 40.30150 40.54990 47.73430 45.93110 47.15050 50.27790 49.38980 50.12650 46.62820 44.60760 40.29920 36.60200 31.83090 28.64150 27.46680 23.56290 23.98470 23.62400 21.70210 21.54590 23.79450 22.72190 21.77390 18.23850 18.65090 21.71210 24.92240 24.91360 26.07670 28.70820 33.15840 31.71740 38.76200
-9999 -9999 -9999 -9999 -9999 -9999 -9999 -9999 -9999 -9999 -9999 -9999 42.63320 41.00760 40.56090 45.11900 50.44730 51.78220 53.14230 55.90600 56.75050 49.47910 47.86210 49.62080 44.61440 40.77460 37.09960 36.73810 29.22660 24.76650 23.16050 15.89220 16.68710 17.10250 16.53940 17.32860 24.59630 28.23470 32.06650 36.12230 41.76290 46.45810 50.40560 48.97380 51.99900 54.36720 52.35600 48.89800 45.52690 42.90330 35.39610 36.75600 34.61890 25.32170 20.50450 18.22230 16.69750 21.45240 21.92910 19.14980 16.48440 18.26500 19.44060 20.82760 21.08480 22.26990 23.51020 28.92720 35.26050 35.89880 33.38670 36.93240
-9999 -9999 -9999 -9999 -9999 -9999 -9999 -9999 -9999 -9999 -9999 -9999 36.30930 36.13270 41.16030 41.64200 41.86200 45.46080 46.76670 48.89550 51.09220 54.72690 52.20970 47.78770 45.98130 36.71780 30.63760 33.34470 25.42620 23.68310 23.47600 21.23670 11.61160 10.00170 12.11340 13.44710 16.72180 20.90360 24.88520 31.63260 39.14840 43.91720 46.96790 54.69340 54.42870 55.73440 53.81520 51.16950 43.87130 45.35710 40.99080 31.11080 28.23810 20.10660 16.95930 15.58990 13.28400 17.05550 17.68600 20.68530 18.89400 24.08880 26.74000 27.59500 25.24730 19.29910 24.64150 28.13970 32.49090 37.59800 41.78160 41.20860
-9999 -9999 -9999 -9999 -9999 -9999 -9999 -9999 -9999 -9999 -9999 -9999 36.62270 30.80030 30.76530 37.45320 40.79790 39.68150 42.75610 49.74190 55.75780 53.87470 50.12920 44.58500 38.51590 34.93730 29.53960 22.36490 21.66530 15.73970 12.36490 8.26723 10.40540 12.56890 9.24539 10.61950 12.31020 19.54160 21.05100 28.54530 38.06910 47.56170 49.17270 54.76870 56.82160 59.53650 61.83710 57.53930 53.11780 42.91840 36.14240 35.35970 26.60760 21.84410 19.59740 18.94370 17.05640 18.39970 20.03430 25.83980 23.27710 29.67500 28.05780 20.92010 24.23270 25.04210 28.07260 32.61340 40.19900 41.60710 44.91510 46.95380
-9999 -9999 -9999 33.37450 33.46880 32.06800 29.98050 31.50580 32.61120 -9999 35.28370 38.43120 32.39170 23.56120 24.65730 28.70010 32.11440 29.21680 38.02700 44.88410 46.54540 44.32990 37.89120 36.25880 31.65560 28.17470 22.24180 21.88490 17.84740 16.60230 13.40620 6.71565 7.29864 11.00320 9.10210 8.94492 13.36510 19.34460 22.02620 25.06520 31.33760 41.66920 43.76030 47.60540 56.12410 64.40330 69.79050 53.35360 51.00690 45.36030 38.99440 35.53600 32.81450 32.46290 27.54030 32.93880 34.21560 20.29980 26.75080 21.26830 24.46580 29.73800 28.17260 30.72180 26.61710 27.54290 33.09070 39.65340 42.01690 45.76190 51.79850 54.56850
-9999 -9999 -9999 25.72600 24.38350 26.09120 28.88710 27.35680 27.54650 31.61870 30.79810 25.64200 29.08990 23.75750 26.31840 26.25550 27.33110 26.96730 28.55920 29.28270 27.20690 32.26120 26.21790 23.88110 24.07080 19.80540 19.04500 15.07830 15.65180 15.51560 9.87655 10.07400 11.01140 11.32700 9.55963 12.73900 12.03780 20.88310 19.27170 31.68620 35.35270 38.68420 42.90510 50.18360 55.84540 61.81030 66.48280 55.79890 52.94390 47.11050 46.11970 44.02280 44.94990 37.69440 28.19440 29.85560 24.30270 22.93200 29.19110 28.32370 27.80590 31.25420 32.36000 32.99830 38.75220 30.64930 35.30590 35.66220 44.03790 47.96480 48.56120 51.92000
-9999 -9999 -9999 13.83090 15.60990 19.42360 27.65450 25.15500 19.52370 19.78150 23.32400 23.21550 26.29390 25.04940 29.38160 23.32240 29.40920 24.36920 19.66070 19.69250 20.74570 23.64520 17.01270 20.30770 22.15870 16.61380 16.43800 14.54400 11.57880 14.56130 17.76800 15.70460 11.01170 9.01318 11.03500 11.14790 11.55610 12.48010 13.18100 18.38000 24.77060 34.05270 41.74890 48.24870 49.90420 56.69450 58.56870 50.77550 47.59630 54.40970 54.06550 39.59520 38.26710 32.28150 26.68870 25.50410 23.57560 23.80220 28.58510 31.12600 27.01940 27.09430 29.97620 38.09150 39.55960 41.42380 43.29900 46.26960 49.46200 52.13610 55.58870 54.59170
-9999 -9999 -9999 12.99720 8.57352 19.30160 21.38540 23.34610 19.83980 19.71600 18.00580 14.31280 22.51610 26.67370 28.07240 19.92290 21.83980 20.60920 18.43620 15.23510 16.13860 19.57740 21.31570 19.36360 16.74010 13.55750 10.76940 8.47388 11.95220 16.00610 12.98800 6.19769 9.50314 12.33540 14.39940 14.91800 10.60890 7.77615 12.32760 12.07250 14.16590 30.76520 38.94760 45.54270 41.94360 54.84020 56.64620 44.72080 52.56260 46.73150 49.22210 41.61300 38.70730 32.88880 30.88440 23.57450 22.59320 25.06560 28.47450 31.21380 36.08060 34.95920 36.77090 45.31190 48.09410 50.21840 58.85350 58.25340 62.65390 54.92540 62.57220 57.73810
-9999 -9999 -9999 7.10644 5.45573 14.47820 14.43980 15.00780 19.22020 16.38920 10.82540 16.92240 20.56170 25.37490 27.40860 20.27460 20.17200 16.23810 12.75690 9.25489 11.58880 12.01220 14.09710 11.45710 8.86852 7.57538 5.69753 5.52111 8.46694 11.68730 10.77840 8.52277 9.26860 7.93699 7.64407 7.82420 8.70525 7.71055 8.16688 9.75717 14.07690 23.98840 29.71040 32.56790 33.30870 36.73040 39.20060 36.12780 35.95590 39.12760 37.48460 26.33130 28.18340 32.68210 24.01900 28.09150 20.65700 21.37350 25.92670 40.40600 40.15890 39.50930 41.10430 54.54960 56.22440 54.21580 64.29890 66.63580 69.96110 62.83610 65.29360 -9999
-9999 -9999 -9999 -9999 9.74560 17.48000 15.47840 19.57800 19.59490 15.37620 9.66850 14.92170 27.63750 19.02130 -9999 -9999 -9999 -9999 -9999 13.95510 11.18460 8.14223 9.22712 11.59130 8.08342 6.13231 3.49350 4.70179 5.84455 5.46300 6.27605 6.28151 6.84657 5.69099 4.60597 3.92732 4.44183 3.67901 4.50243 5.71353 5.54701 8.49388 12.98160 18.46070 20.04420 19.66500 24.16060 32.62150 29.31430 22.00310 28.12800 26.35260 22.14630 29.71720 30.84360 30.98970 33.05230 34.07380 31.40930 34.58050 42.99660 47.04330 45.56420 59.44780 65.41810 57.44140 67.66870 65.49490 68.62600 -9999 -9999 -9999
-9999 -9999 8.08395 8.04464 9.59671 10.30530 12.09170 19.71300 11.91540 11.63560 7.77903 14.04720 27.11170 -9999 -9999 -9999 -9999 -9999 16.83170 9.66387 8.70483 4.66418 4.54287 6.02872 5.46469 4.68775 2.89518 3.52124 3.89369 3.85413 4.19166 4.48197 4.45306 5.13322 4.69906 3.24259 3.78637 3.53856 3.79955 4.26016 5.35798 5.49810 7.13429 7.73062 7.13265 8.23545 12.37660 12.63200 12.00800 9.68636 10.62210 11.65960 14.74690 13.32830 19.99360 18.80430 23.46340 29.61350 30.23200 26.58180 30.79600 35.54810 38.14180 40.50990 42.13020 43.11240 39.91570 -9999 -9999 -9999 -9999 -9999
-9999 -9999 8.42674 7.82850 5.97718 5.90882 5.74674 11.83450 8.59861 7.31248 11.97610 18.24040 16.70330 -9999 -9999 -9999 -9999 9.34764 12.21710 6.86374 5.59570 3.60489 3.59758 3.02450 2.61459 2.43003 2.62169 3.32113 3.37157 3.02707 3.38991 4.34675 3.84509 3.80489 4.29170 3.76990 3.76766 3.21294 4.18180 6.20741 5.61231 5.52918 6.62735 6.28554 7.09876 6.59386 6.44441 8.84985 6.47533 8.14062 7.62936 7.11639 7.34225 8.44900 8.63827 7.06694 9.53122 20.28950 24.02380 20.16710 18.60100 27.39490 25.21740 27.61180 27.65020 -9999 -9999 -9999 -9999 -9999 63.12820 -9999
-9999 -9999 6.55143 9.54427 7.48681 6.63981 5.95625 6.48774 6.91339 8.80703 14.24340 17.70500 3.32063 -9999 -9999 -9999 -9999 12.64690 7.98711 6.13282 4.28018 2.76168 2.35065 2.18422 2.36964 2.37236 2.88235 2.81473 3.17761 2.92596 3.28148 3.68189 3.95991 4.21382 3.79577 3.84520 3.87352 3.76059 4.19281 4.28634 4.73835 4.28394 4.71769 5.70075 5.44736 6.57671 6.94694 7.63132 6.57789 6.93047 5.99584 6.06720 6.35592 7.15476 8.47636 6.14016 7.27527 13.70780 16.15270 16.53260 9.38197 11.04550 13.20060 22.09870 33.78590 41.93210 24.97430 36.16950 34.28870 -9999 -9999 -9999
-9999 -9999 -9999 8.45615 7.75929 6.34771 5.16798 4.89134 6.50940 11.45790 9.41498 3.79426 -9999 -9999 -9999 -9999 11.10280 9.68414 4.97361 4.00913 3.45114 2.39267 2.49061 2.42906 2.58747 2.53677 2.86110 2.91047 2.98710 4.34300 4.19009 3.31837 3.13966 3.17981 3.21017 3.04554 2.89894 3.05045 3.49408 3.89741 4.56546 4.17286 5.27979 5.07024 5.09132 6.49565 6.24518 5.55953 5.69681 5.39876 6.74889 6.93206 6.82724 7.86802 10.85890 11.76610 11.44070 18.98390 20.49710 15.60340 14.74890 15.23410 26.35850 51.97360 56.83180 35.20940 17.54200 22.30600 19.03250 22.64410 -9999 -9999
-9999 -9999 -9999 -9999 6.89972 5.93856 5.11813 6.10894 8.70447 4.96815 3.62239 -9999 -9999 -9999 -9999 13.68930 9.23056 4.69336 4.17439 3.31150 2.61151 2.17571 2.34852 2.76627 2.85163 2.22021 2.21770 2.39646 2.66014 3.11838 3.33897 2.44791 2.45285 2.50835 3.18400 3.02870 3.03217 2.83881 3.17716 3.78914 4.42006 4.18479 4.34937 4.24177 4.51830 6.41166 7.90734 7.07545 6.76346 6.21148 7.08699 6.70376 7.52809 7.53564 7.91679 7.50248 8.32463 12.16810 13.88350 12.86270 19.66350 25.20100 24.92230 25.34320 37.13400 29.37360 12.87680 11.96610 16.54380 17.18980 18.56170 23.24700
-9999 -9999 -9999 -9999 -9999 -9999 6.58315 5.85877 3.36356 3.11670 2.87144 -9999 -9999 -9999 -9999 -9999 4.75054 3.48997 3.18641 3.23687 2.96259 1.83617 2.60328 2.71671 2.53905 1.91854 1.90523 2.53794 2.78197 2.79944 2.56839 2.48394 2.29728 2.97968 3.00958 2.48928 3.12764 3.22313 3.08136 3.82010 4.19060 5.20261 5.72524 5.29635 6.07624 6.63022 7.18833 8.14090 8.32523 7.16143 7.63257 7.86038 8.24588 8.56697 7.99321 9.61912 8.60025 10.06960 10.93630 12.73590 17.08740 17.90400 22.37380 29.03140 40.39410 30.23860 13.25120 8.34113 9.09722 14.84480 23.07960 25.48130
-9999 -9999 -9999 -9999 -9999 -9999 -9999 -9999 -9999 -9999 -9999 -9999 -9999 -9999 -9999 -9999 -9999 -9999 -9999 3.27403 2.97352 1.99576 2.35376 2.28943 2.30477 2.10339 2.51360 2.37960 2.53288 2.31432 2.44241 2.21367 2.65019 2.89655 2.76822 2.61597 2.72083 3.05050 3.27223 4.04902 4.44297 4.96332 5.21156 5.08957 5.57159 5.94598 5.88159 7.96646 8.36304 8.92095 10.06130 7.82836 7.25839 7.16042 6.75448 6.74092 8.33118 8.62696 9.91421 11.48560 16.87210 14.94010 18.53160 27.51540 32.07010 15.65460 8.97556 7.39483 7.17435 15.08790 24.88810 29.50640
-9999 -9999 -9999 -9999 -9999 -9999 -9999 -9999 -9999 -9999 -9999 -9999 -9999 -9999 -9999 -9999 -9999 -9999 3.35584 3.13946 2.37750 2.06749 1.96219 1.94966 1.86029 1.69959 2.32312 1.91349 1.56262 1.86551 2.04620 2.32783 2.38534 2.64763 2.73899 2.89017 2.88439 3.31836 3.74750 4.04587 4.60724 4.70921 4.81996 5.49285 5.97998 7.08185 6.24913 4.14806 5.93013 6.97543 7.77137 9.97984 10.60610 10.85830 8.03319 7.10210 7.56961 9.35520 10.61580 10.25940 9.58163 9.74639 11.81080 14.72820 17.62480 11.66550 9.49578 7.49626 7.54175 8.31382 13.46150 39.94660
-9999 -9999 -9999 -9999 -9999 -9999 -9999 -9999 -9999 -9999 -9999 -9999 -9999 -9999 -9999 -9999 -9999 3.31764 3.20808 2.51827 2.45242 2.44346 2.16153 2.29476 2.36358 2.30000 2.67536 1.76220 1.71243 2.30587 2.59988 2.69065 2.27297 2.56501 2.86443 3.15910 4.08164 3.75135 3.91695 4.05877 4.72191 5.38679 5.24845 6.02029 5.31393 5.77860 7.55239 6.33506 6.41300 7.13769 7.00282 8.32528 10.93520 11.18800 10.85700 10.32300 7.99446 9.57032 10.53770 9.92876 9.46828 9.28080 16.28950 18.24040 11.22710 10.52900 9.97885 8.39125 8.68245 9.70961 18.89110 21.88880
-9999 -9999 -9999 -9999 -9999 -9999 -9999 -9999 -9999 -9999 -9999 -9999 -9999 -9999 -9999 -9999 -9999 3.02401 2.84366 3.39432 2.92855 3.47154 3.29565 2.20577 1.89264 2.26458 1.95796 1.56798 1.40844 2.33349 2.55319 2.93435 3.00768 3.29005 3.56995 3.62715 3.71822 3.36898 4.06642 3.95993 4.02508 4.39089 5.46516 4.77864 6.83927 6.86791 6.20899 4.16159 4.48830 6.57971 6.09137 8.40839 8.91354 9.02781 10.39440 11.12910 10.30730 9.33895 8.67946 8.86521 9.92173 12.02980 13.03320 13.42460 19.79770 14.76700 11.15940 13.67850 10.82770 13.01950 13.06450 25.01760
-9999 -9999 -9999 -9999 -9999 -9999 -9999 -9999 -9999 -9999 -9999 -9999 -9999 -9999 -9999 -9999 3.75213 3.42506 3.09387 3.19888 2.99055 2.54717 2.64085 2.16528 1.76733 1.91336 1.68287 1.23400 1.32241 1.70457 1.88548 2.01924 2.97543 3.13886 3.53926 3.45039 3.64284 4.10915 3.87324 3.47892 3.52628 4.17523 5.88761 5.75473 4.56202 5.76255 5.92216 4.41747 4.28110 6.69615 6.82296 8.84940 9.27024 9.19515 10.26400 11.06170 11.30490 9.77435 7.64368 10.01320 10.06100 11.07440 14.25560 24.38530 20.38310 16.15570 13.32040 12.02950 11.34720 12.90670 14.06150 20.67130
-9999 -9999 -9999 -9999 -9999 -9999 -9999 -9999 -9999 -9999 -9999 -9999 -9999 3.40229 3.57866 3.00242 2.85174 3.57062 3.32683 2.66315 2.47268 3.07498 2.94512 2.51308 2.43134 1.72622 1.49431 1.05938 1.13938 1.29075 2.09072 1.85050 1.26824 1.46902 2.70542 2.85999 3.05125 3.04014 2.26617 2.54676 2.56070 4.01361 4.06469 2.83334 4.81078 4.93658 5.50313 5.44901 5.86019 6.71195 7.81773 8.69832 9.05482 9.05885 9.08751 6.30481 7.64359 7.76527 6.34462 6.96558 9.02374 9.94713 12.25220 9.08892 8.71255 10.58130 9.06814 12.16460 9.27937 14.13790 16.73510 26.85100
-9999 -9999 -9999 -9999 -9999 -9999 -9999 -9999 -9999 -9999 -9999 -9999 3.21765 3.35850 4.01530 3.20395 3.10253 2.69366 2.66869 2.06126 2.44850 2.55031 2.48300 2.48685 2.35434 1.50351 1.41688 1.03781 1.63348 1.94055 1.76162 1.56927 1.94986 2.40783 2.57389 2.68009 2.05406 1.99801 2.21038 2.30597 2.55163 2.64262 4.21560 4.44992 4.56284 4.94032 5.91613 5.55230 5.89923 6.22180 7.44076 5.88222 8.52050 6.19551 8.55286 8.03091 8.09680 5.84091 6.50699 7.02510 9.00539 7.95479 7.69652 8.32948 8.63763 13.02800 13.17720 9.51623 10.37960 15.57390 19.64590 22.81120
-9999 -9999 -9999 -9999 -9999 -9999 -9999 -9999 -9999 -9999 -9999 5.29892 4.05580 4.46909 3.14099 2.48364 2.22203 2.32504 2.19036 2.28261 2.32787 1.79952 1.86337 1.67934 1.66324 1.52433 2.14335 1.79935 1.63453 1.45984 1.43602 0.94330 1.09956 1.50034 1.61871 2.91759 2.08657 2.16967 2.22784 2.46348 2.48231 4.09463 4.10744 4.29595 4.58773 4.83333 5.46117 5.69468 6.39891 6.30368 6.91429 6.25566 6.46766 7.82158 6.69096 6.42652 7.57492 6.71443 5.05147 5.74778 6.76632 8.72540 8.18587 9.37901 12.31350 10.66040 10.79600 9.17072 12.45400 16.35490 26.57590 40.20790
-9999 -9999 -9999 -9999 -9999 -9999 -9999 -9999 -9999 -9999 3.96774 4.33395 3.44392 3.89491 3.01487 2.12341 1.98090 2.20237 2.25983 2.32265 2.11816 1.72079 1.70714 1.61440 1.57071 1.45456 1.37823 1.63941 1.41009 0.81271 0.79901 0.95310 1.06038 2.06786 2.23155 2.69225 2.05884 2.15089 2.36708 2.45639 3.69704 3.67206 3.40797 3.83225 3.95100 4.36199 5.02391 5.12982 6.06355 6.27392 6.51800 6.46960 7.53144 6.32158 6.23233 5.83412 6.98023 6.08452 5.72945 8.13571 8.44587 8.37593 8.61872 9.90080 10.95820 9.81354 12.80400 12.12790 13.82430 21.69530 35.73930 34.47550
-9999 -9999 -9999 -9999 -9999 -9999 -9999 -9999 -9999 0.45103 0.44943 0.47017 0.51115 0.55849 0.51126 0.47075 0.41421 0.40292 0.33160 0.32157 0.31382 0.34489 0.33468 0.26509 0.25327 0.25098 0.24370 0.25596 0.25725 0.25512 0.22966 0.95217 1.34644 2.05539 3.04438 3.19080 2.53795 2.35586 2.28459 3.34497 3.12006 3.05335 3.27817 4.54495 3.32897 5.07658 4.16716 4.93271 5.90225 6.51308 6.91418 6.99108 6.31869 8.19132 7.55267 6.84116 6.89067 7.17739 7.50326 8.34012 8.38095 8.44490 8.11028 9.44474 9.27497 9.83523 10.52210 2.57947 3.17679 5.01093 5.42545 6.96974
-9999 -9999 -9999 -9999 -9999 -9999 -9999 -9999 -9999 -9999 0.42902 0.38313 0.38706 0.41148 0.33287 0.37320 0.36861 0.35409 0.32966 0.32609 0.34498 0.31440 0.32187 -9999 -9999 -9999 -9999 -9999 -9999 0.30302 0.33144 1.29028 1.45556 2.08617 2.17680 3.10714 3.40701 2.18902 2.17489 3.41438 3.02994 3.07576 3.47195 4.39638 4.25379 4.93839 5.40345 4.72177 5.52032 6.12695 6.79448 5.22371 5.98568 7.06621 8.32488 6.37071 6.48975 6.99777 7.02269 7.70258 8.04505 7.70843 7.65541 6.46513 9.79548 9.88523 10.40900 2.75857 6.70755 7.84515 8.62521 8.67578
-9999 -9999 -9999 -9999 -9999 -9999 -9999 -9999 -9999 -9999 -9999 -9999 0.38662 0.32483 0.32549 0.20606 0.22423 0.24574 0.24921 -9999 -9999 -9999 -9999 -9999 -9999 -9999 -9999 -9999 -9999 -9999 -9999 -9999 -9999 2.02117 3.36708 3.15949 3.24999 3.10578 2.16093 2.23061 2.98630 2.89672 3.20432 3.31405 3.31838 4.45525 5.10171 4.27457 5.04226 5.36632 6.02745 6.86608 7.10772 7.35973 7.39432 6.30759 6.53886 6.56726 4.55146 7.10178 7.39054 6.81524 7.67480 8.46595 8.93364 9.35512 9.30587 2.66365 4.91989 4.46254 6.50918 6.36073
-9999 -9999 -9999 -9999 -9999 -9999 -9999 -9999 -9999 -9999 -9999 -9999 -9999 -9999 -9999 -9999 -9999 -9999 -9999 -9999 -9999 -9999 -9999 -9999 -9999 -9999 -9999 -9999 -9999 -9999 -9999 -9999 -9999 -9999 3.53277 3.23428 2.88703 2.96597 2.09781 2.80740 2.99789 3.12609 4.30313 3.63704 4.67302 4.81840 4.17113 4.32014 5.21418 5.61183 6.22399 6.83486 7.09620 7.68976 8.10103 6.96845 6.52141 7.28029 7.08231 7.66548 6.80817 8.27440 8.26928 8.43663 8.49318 8.93860 10.41150 3.11608 5.73607 5.09651 4.84688 -9999
-9999 -9999 -9999 -9999 -9999 -9999 -9999 -9999 -9999 -9999 -9999 -9999 -9999 -9999 -9999 -9999 -9999 -9999 -9999 -9999 -9999 -9999 -9999 -9999 -9999 -9999 -9999 -9999 -9999 -9999 -9999 -9999 -9999 -9999 2.79822 2.95998 3.09167 3.28977 2.13487 2.30979 2.51766 3.95041 4.15380 3.23800 3.88056 3.84565 4.04608 4.40254 5.14000 5.79559 6.51266 6.81732 7.43061 7.20474 7.95300 6.97923 7.51008 7.31704 7.77970 8.11002 7.18538 6.61856 7.54007 7.40980 8.37898 7.96716 10.56030 13.32630 24.37790 21.28520 -9999 -9999
-9999 -9999 -9999 -9999 -9999 -9999 -9999 -9999 -9999 -9999 -9999 -9999 -9999 -9999 -9999 -9999 -9999 -9999 -9999 -9999 -9999 -9999 -9999 -9999 -9999 -9999 -9999 -9999 -9999 -9999 -9999 -9999 -9999 -9999 -9999 -9999 -9999 -9999 2.78716 2.50917 2.49796 2.75311 3.49673 3.75968 3.73228 4.05342 4.62037 4.63290 5.39470 5.71973 5.87671 6.75945 6.60484 7.15154 7.74412 7.06870 5.14460 5.60560 8.07728 6.96832 6.15369 8.90287 9.72341 8.16905 10.03740 8.51400 10.53410 14.18660 9.80708 -9999 -9999 -9999
