data/hydroclimate-scenarios/BCSD_hadcm_B1/monthly_summaries/snodep_monthly_day1_oct.2030-2059.asc
ncols	311
nrows	91
xllcenter	102.75
yllcenter	31.75
cellsize	0.5
NODATA_value	-9999
[rows 0 to 32 of 91, columns 0 to 72 of 311]
-9999 -9999 -9999 -9999 -9999 -9999 -9999 -9999 -9999 -9999 -9999 -9999 -9999 -9999 -9999 -9999 -9999 -9999 -9999 -9999 -9999 -9999 -9999 -9999 -9999 -9999 -9999 -9999 -9999 -9999 -9999 -9999 -9999 -9999 -9999 -9999 -9999 -9999 -9999 -9999 -9999 -9999 -9999 -9999 -9999 -9999 -9999 -9999 -9999 -9999 -9999 -9999 -9999 -9999 -9999 -9999 -9999 -9999 -9999 -9999 -9999 -9999 -9999 -9999 -9999 -9999 -9999 -9999 -9999 -9999 -9999 -9999 -9999
-9999 -9999 -9999 -9999 -9999 -9999 -9999 -9999 -9999 -9999 -9999 -9999 -9999 -9999 -9999 -9999 -9999 -9999 -9999 -9999 -9999 -9999 -9999 -9999 -9999 -9999 -9999 -9999 -9999 -9999 -9999 -9999 -9999 -9999 -9999 -9999 -9999 -9999 -9999 -9999 -9999 -9999 -9999 -9999 -9999 -9999 -9999 -9999 -9999 -9999 -9999 -9999 -9999 -9999 -9999 -9999 -9999 -9999 -9999 -9999 -9999 -9999 -9999 -9999 -9999 -9999 -9999 -9999 -9999 -9999 -9999 -9999 -9999
-9999 -9999 -9999 -9999 -9999 -9999 -9999 -9999 -9999 -9999 -9999 -9999 -9999 -9999 -9999 -9999 -9999 -9999 -9999 -9999 -9999 -9999 -9999 -9999 -9999 -9999 -9999 -9999 -9999 -9999 -9999 -9999 -9999 -9999 -9999 -9999 -9999 -9999 -9999 -9999 -9999 -9999 -9999 -9999 -9999 -9999 -9999 -9999 -9999 -9999 -9999 -9999 -9999 -9999 -9999 -9999 -9999 -9999 -9999 -9999 -9999 -9999 -9999 -9999 -9999 -9999 -9999 -9999 -9999 -9999 -9999 -9999 -9999
-9999 -9999 -9999 -9999 -9999 -9999 -9999 -9999 -9999 -9999 -9999 -9999 -9999 -9999 -9999 -9999 -9999 -9999 -9999 -9999 -9999 -9999 -9999 -9999 -9999 -9999 -9999 -9999 -9999 -9999 -9999 -9999 -9999 -9999 -9999 -9999 -9999 -9999 -9999 -9999 -9999 -9999 -9999 -9999 -9999 -9999 -9999 -9999 -9999 -9999 -9999 -9999 -9999 -9999 -9999 -9999 -9999 -9999 -9999 -9999 -9999 -9999 -9999 -9999 -9999 -9999 -9999 -9999 -9999 -9999 -9999 -9999 -9999
-9999 -9999 -9999 -9999 -9999 -9999 -9999 -9999 -9999 -9999 -9999 -9999 -9999 -9999 -9999 -9999 -9999 -9999 -9999 -9999 -9999 -9999 -9999 -9999 -9999 -9999 -9999 -9999 -9999 -9999 -9999 -9999 -9999 -9999 -9999 -9999 -9999 -9999 -9999 -9999 -9999 -9999 -9999 -9999 -9999 -9999 -9999 -9999 -9999 -9999 -9999 -9999 -9999 -9999 -9999 -9999 -9999 -9999 -9999 -9999 -9999 -9999 -9999 -9999 -9999 -9999 -9999 -9999 -9999 -9999 -9999 -9999 -9999
-9999 -9999 -9999 -9999 -9999 -9999 -9999 -9999 -9999 -9999 -9999 -9999 -9999 -9999 -9999 -9999 -9999 -9999 -9999 -9999 -9999 -9999 -9999 -9999 -9999 -9999 -9999 -9999 -9999 -9999 -9999 -9999 -9999 -9999 -9999 -9999 -9999 -9999 -9999 -9999 -9999 -9999 -9999 -9999 -9999 -9999 -9999 -9999 -9999 -9999 -9999 -9999 -9999 -9999 -9999 -9999 -9999 -9999 -9999 -9999 -9999 -9999 -9999 -9999 -9999 -9999 -9999 -9999 -9999 -9999 -9999 -9999 -9999
-9999 -9999 -9999 -9999 -9999 -9999 -9999 -9999 -9999 -9999 -9999 -9999 -9999 -9999 -9999 -9999 -9999 -9999 -9999 -9999 -9999 -9999 -9999 -9999 -9999 -9999 -9999 -9999 -9999 -9999 -9999 -9999 -9999 -9999 -9999 -9999 -9999 -9999 -9999 -9999 -9999 -9999 -9999 -9999 -9999 -9999 -9999 -9999 -9999 -9999 -9999 -9999 -9999 -9999 -9999 -9999 -9999 -9999 -9999 -9999 -9999 -9999 -9999 -9999 -9999 -9999 -9999 -9999 -9999 -9999 -9999 -9999 -9999
-9999 -9999 -9999 -9999 -9999 -9999 -9999 -9999 -9999 -9999 -9999 -9999 -9999 -9999 -9999 -9999 -9999 -9999 -9999 -9999 -9999 -9999 -9999 -9999 -9999 -9999 -9999 -9999 -9999 -9999 -9999 -9999 -9999 -9999 -9999 -9999 -9999 -9999 -9999 -9999 -9999 -9999 4.46866 4.72683 4.95343 4.75946 4.50666 6.43123 5.99571 7.57322 7.27826 9.06368 -9999 -9999 -9999 -9999 -9999 -9999 -9999 -9999 -9999 -9999 -9999 -9999 -9999 -9999 -9999 -9999 -9999 -9999 -9999 -9999 -9999
-9999 -9999 -9999 -9999 -9999 -9999 -9999 -9999 -9999 -9999 -9999 -9999 -9999 -9999 -9999 -9999 -9999 -9999 -9999 -9999 -9999 -9999 -9999 -9999 -9999 -9999 -9999 -9999 -9999 -9999 -9999 -9999 -9999 -9999 -9999 -9999 -9999 -9999 5.64600 7.07346 6.36262 6.51557 6.81002 6.16273 6.02452 4.81055 4.75314 7.70485 7.71855 7.87176 7.39914 7.82633 7.55345 4.14376 -9999 -9999 -9999 -9999 -9999 -9999 -9999 -9999 -9999 -9999 -9999 -9999 -9999 -9999 -9999 -9999 -9999 -9999 -9999
-9999 -9999 -9999 -9999 -9999 -9999 -9999 -9999 -9999 -9999 -9999 -9999 -9999 -9999 -9999 -9999 -9999 -9999 -9999 -9999 -9999 -9999 -9999 -9999 -9999 -9999 -9999 -9999 -9999 -9999 -9999 -9999 -9999 -9999 -9999 -9999 -9999 -9999 -9999 -9999 5.44315 5.80814 6.98500 6.95551 6.72059 6.89156 5.98403 7.31898 7.37772 8.31907 8.11242 7.66839 7.28462 3.69442 -9999 -9999 -9999 -9999 -9999 -9999 -9999 -9999 -9999 -9999 -9999 -9999 -9999 -9999 -9999 -9999 -9999 -9999 -9999
-9999 -9999 -9999 -9999 -9999 -9999 -9999 -9999 -9999 -9999 -9999 -9999 -9999 -9999 -9999 -9999 -9999 -9999 -9999 -9999 -9999 -9999 -9999 -9999 -9999 -9999 -9999 -9999 -9999 -9999 -9999 -9999 -9999 -9999 -9999 -9999 -9999 -9999 -9999 -9999 -9999 -9999 -9999 -9999 10.05840 8.96600 10.73260 10.64890 10.12510 8.11418 8.01112 5.41161 3.94636 2.51471 -9999 -9999 -9999 -9999 -9999 -9999 4.18366 -9999 -9999 -9999 -9999 -9999 -9999 -9999 -9999 -9999 -9999 -9999 -9999
-9999 -9999 -9999 -9999 -9999 -9999 -9999 -9999 -9999 -9999 -9999 -9999 -9999 -9999 -9999 -9999 -9999 -9999 -9999 -9999 -9999 -9999 -9999 -9999 -9999 -9999 -9999 -9999 -9999 -9999 -9999 -9999 -9999 -9999 -9999 -9999 -9999 -9999 -9999 -9999 -9999 10.89010 11.22240 11.16850 11.07900 8.74344 9.88598 10.91040 9.88406 8.49127 9.25285 5.55604 4.22510 3.20335 -9999 -9999 -9999 -9999 -9999 3.91262 3.66733 3.22954 3.14152 2.36893 2.39917 2.67580 2.62070 2.09086 2.08485 1.57843 1.53656 2.10269 2.19697
-9999 -9999 -9999 -9999 -9999 -9999 -9999 -9999 -9999 -9999 -9999 -9999 -9999 -9999 -9999 -9999 -9999 -9999 -9999 -9999 -9999 -9999 -9999 -9999 -9999 -9999 -9999 -9999 -9999 -9999 -9999 -9999 -9999 -9999 -9999 -9999 -9999 -9999 -9999 -9999 -9999 11.90510 12.75300 10.20140 9.42428 9.27919 9.32332 8.69439 9.06039 7.75064 7.87650 9.16924 9.18149 6.05671 4.92446 4.67332 3.01806 -9999 3.01279 4.48783 4.19665 4.28653 4.03226 3.15909 3.04424 3.29324 3.04800 3.09643 2.99967 2.21905 2.40250 2.17688 2.22074
-9999 -9999 -9999 -9999 -9999 -9999 -9999 -9999 -9999 -9999 -9999 -9999 -9999 -9999 -9999 -9999 -9999 -9999 -9999 -9999 -9999 -9999 -9999 -9999 -9999 -9999 -9999 -9999 -9999 -9999 -9999 -9999 -9999 -9999 -9999 7.52002 7.86477 7.28032 7.41623 8.14585 8.33876 9.96600 10.35550 8.94109 9.09524 8.93428 8.80298 8.16561 8.53581 7.98476 8.68409 9.68179 11.29520 8.21626 7.70966 7.29623 4.46404 3.59698 2.95659 4.08929 3.90796 4.14468 3.89892 3.81672 3.61292 3.16782 3.13758 3.09375 3.01256 2.36274 2.40890 2.04941 2.34938
-9999 -9999 -9999 -9999 -9999 -9999 -9999 -9999 -9999 -9999 -9999 -9999 -9999 -9999 -9999 -9999 -9999 -9999 -9999 -9999 -9999 -9999 -9999 -9999 -9999 -9999 -9999 -9999 -9999 -9999 -9999 -9999 -9999 -9999 4.93453 6.08141 6.57094 6.43582 6.65674 6.04110 6.23343 6.56329 6.83293 6.96240 6.69724 6.60180 6.64903 7.86381 9.05697 8.97041 10.18350 10.63040 12.08660 11.99360 10.84050 7.02844 4.66566 4.90926 3.45600 4.63516 4.64867 5.04445 4.96999 6.47766 5.20761 4.39257 4.55218 4.11115 5.35105 3.39958 4.10485 4.44768 4.59880
-9999 -9999 -9999 -9999 -9999 -9999 -9999 -9999 -9999 -9999 -9999 -9999 -9999 -9999 -9999 -9999 -9999 -9999 -9999 -9999 -9999 -9999 -9999 -9999 -9999 -9999 -9999 -9999 -9999 -9999 -9999 -9999 -9999 4.92986 4.98331 5.53820 5.76154 5.59282 5.78376 5.12828 5.04555 5.88615 5.34184 5.39974 6.16450 6.23412 6.59558 7.56095 9.89208 9.95063 11.41550 13.46280 12.64520 11.98630 9.25481 5.98416 5.37818 4.36602 3.49927 4.72240 4.87566 4.59941 4.27068 4.54747 4.42132 4.38892 4.82187 4.27489 4.42430 3.15474 3.65681 3.81592 4.09697
-9999 -9999 -9999 -9999 -9999 -9999 -9999 -9999 -9999 -9999 -9999 -9999 -9999 -9999 -9999 -9999 -9999 -9999 -9999 -9999 -9999 -9999 -9999 -9999 -9999 -9999 -9999 -9999 -9999 -9999 -9999 4.16221 4.47374 4.12065 4.04687 3.72122 3.85026 4.46966 4.80192 3.39425 3.41872 4.06073 3.18903 3.69395 4.34912 3.79652 4.01163 5.25473 7.09979 7.69482 9.52985 11.85680 12.60130 11.23030 8.57228 7.18540 5.16222 3.96959 4.41554 4.58047 4.09750 4.77680 4.80328 4.09987 4.33385 5.00697 5.06009 4.59686 4.70603 4.62677 5.27546 4.97144 3.90566
-9999 -9999 -9999 -9999 -9999 -9999 -9999 -9999 -9999 -9999 -9999 -9999 -9999 -9999 -9999 -9999 -9999 -9999 -9999 -9999 -9999 -9999 -9999 -9999 -9999 -9999 -9999 -9999 -9999 3.01421 3.39680 4.13182 4.16376 3.72407 3.81607 3.48148 3.56287 3.84589 4.16131 2.42529 2.97573 3.36572 3.27563 3.58040 3.85721 3.71315 3.92488 5.70402 8.90916 9.30334 10.26710 11.91160 11.76790 10.02860 9.35750 7.84968 5.27549 4.36457 3.75469 4.00988 3.75468 4.65090 4.51556 4.17133 3.95921 4.54696 5.15355 5.78215 5.95292 4.43384 4.26410 4.80816 7.99764
-9999 -9999 -9999 -9999 -9999 -9999 -9999 -9999 -9999 -9999 -9999 -9999 -9999 -9999 -9999 -9999 -9999 -9999 -9999 -9999 -9999 -9999 -9999 -9999 2.12735 2.09949 1.95981 3.12937 3.26792 3.17772 3.16710 2.58428 2.40531 1.85522 2.09595 1.96472 2.08250 1.76629 1.69838 3.18303 2.96910 3.22006 3.61956 2.24454 2.57153 2.91909 3.00467 5.63901 8.02099 8.89020 9.10173 13.66440 13.19150 8.21841 6.74589 5.19346 4.31563 5.54073 5.28883 3.27207 2.57291 2.08118 1.71440 2.12998 2.28925 2.02058 1.84234 1.92922 2.59645 2.80057 4.24898 6.41976 7.87066
-9999 -9999 -9999 -9999 -9999 -9999 2.62783 3.06709 2.66127 2.70437 2.80268 -9999 -9999 -9999 -9999 -9999 -9999 -9999 -9999 -9999 -9999 3.41552 3.92453 2.22899 2.20089 2.30337 2.13584 3.40016 3.25287 2.85220 2.66653 2.11337 2.39533 1.83728 1.97252 1.95264 2.01852 1.47934 1.46537 3.28876 2.89253 2.14882 2.52534 1.94563 2.16088 2.36163 2.59281 4.52376 6.94142 7.96437 9.42780 11.25210 12.05100 7.94533 5.89999 4.38384 4.14860 5.43620 4.62387 2.54886 2.44421 1.95251 2.20742 2.66391 2.88907 1.66961 1.66274 2.01991 2.36309 1.83362 2.72593 5.60896 6.69221
-9999 -9999 -9999 -9999 -9999 2.57985 2.67357 3.22442 2.81549 2.53977 2.50493 3.39602 3.31400 2.84043 -9999 -9999 -9999 2.85537 3.19539 3.13974 3.33177 2.87060 2.85496 2.63860 2.67934 1.62127 1.84522 2.14404 2.25034 1.72823 1.25153 0.83254 0.79587 0.35980 0.67643 0.73522 0.52229 1.21721 1.51906 2.36122 2.16794 1.37248 1.20679 1.37520 1.84513 1.17993 2.34846 6.13721 7.73473 8.14352 9.07719 9.72249 9.32156 6.05183 5.16250 4.75392 4.53869 3.45169 2.62394 1.66437 1.39191 1.45826 1.56387 1.60686 2.11118 2.83164 2.47459 2.49544 2.20531 3.74471 4.05679 4.61950 5.33839
-9999 2.73067 2.44658 1.59089 1.94157 2.31837 2.66036 2.71589 2.81270 2.25315 2.38787 3.16773 3.25226 2.64819 2.33798 2.17086 2.07583 2.81720 2.83190 2.76770 2.64629 2.06973 2.17402 1.77874 1.63149 1.39001 1.29843 1.59726 1.72345 1.19369 0.93224 0.68792 0.84969 0.38069 0.32323 0.39306 0.45510 1.08163 1.49326 1.96593 1.80996 1.11518 0.88079 1.17670 1.12464 0.52665 1.45942 4.22988 5.54790 6.19370 7.32189 9.01715 8.54023 7.80635 6.65128 5.85269 4.45816 2.94493 3.00643 1.83151 1.49416 1.69319 1.80850 2.03515 2.61919 2.51477 2.10159 2.85074 2.26782 4.64086 5.88946 6.66324 6.45653
-9999 3.00179 2.20213 2.59043 2.38987 2.16058 2.78561 2.16156 2.20366 2.01424 1.81633 1.63604 1.95783 1.55732 1.40780 1.41563 1.09464 2.17480 1.98794 2.41204 2.63446 2.46669 2.32565 1.63902 1.70268 1.76413 1.82790 1.42649 1.28299 1.04000 1.10299 0.63457 0.60078 0.36259 0.38543 0.87496 0.83040 1.19305 1.39452 1.36163 1.15829 0.95128 0.79988 0.53636 0.62871 1.02390 1.11211 2.11857 2.99783 5.44544 5.64900 7.06576 7.10571 8.94109 8.48933 6.13351 4.19378 4.10043 3.65496 3.35742 2.93442 2.75307 2.92445 2.68195 3.01351 3.96909 4.49462 3.87831 4.01301 3.10669 3.38035 5.24534 6.87141
-9999 -9999 -9999 3.07682 2.67255 2.09625 2.27545 1.76420 1.91324 1.28986 1.39112 0.58744 0.78805 0.70980 0.97546 0.92132 0.75180 1.09346 1.39393 2.24200 2.14135 1.91273 1.81069 1.50547 1.33487 1.46164 1.23698 1.13070 0.91450 0.64998 0.57785 0.47331 0.48737 0.29632 0.31079 0.67152 0.70583 0.59466 0.75846 0.79565 1.08000 1.07252 0.70285 0.39904 0.49241 0.82948 0.71635 1.24710 1.74789 3.39733 4.47605 5.41753 6.76252 7.84415 6.93929 6.91065 4.33707 4.37407 4.63197 3.59072 2.98101 2.97770 3.00555 3.44889 3.03619 3.77655 3.47373 3.89412 4.41331 3.82930 4.18569 4.81423 5.16317
-9999 -9999 -9999 -9999 -9999 -9999 1.79120 1.43162 1.59985 1.11546 1.06013 0.78203 0.92339 1.08396 1.40436 1.10312 1.17639 0.72889 0.77562 1.36743 1.10567 1.16766 1.05394 1.75875 1.70985 1.72111 1.56309 0.52238 0.45111 0.80708 0.81537 0.81835 0.79218 0.40098 0.38952 0.55040 0.62470 0.78641 0.81161 0.53376 0.68285 0.72251 0.66407 0.34735 0.25783 0.31190 0.34957 1.00157 1.04981 1.74574 2.94846 6.45442 6.79294 4.88610 6.01299 6.36235 5.15703 6.81279 7.21533 4.86406 5.16622 4.45632 4.49423 4.50792 3.81281 3.43497 2.79407 3.13947 3.52393 3.90236 4.45052 5.08213 4.75407
-9999 -9999 -9999 -9999 -9999 -9999 1.48434 1.42021 1.55731 1.01377 1.01177 0.83041 0.73134 0.86529 0.89416 1.04354 1.05428 0.64427 0.68167 1.13881 1.21024 1.26292 1.12671 1.64240 1.56823 1.44350 1.26780 0.37583 0.37452 0.63724 0.69495 0.76122 0.75475 0.34114 0.35789 0.41204 0.55412 0.82158 0.98698 0.68029 0.43654 0.59270 0.61496 0.20072 0.22912 0.25024 0.23752 0.42171 0.63886 0.70437 1.22250 2.66985 3.19786 3.49405 3.63659 2.64496 3.20849 5.60303 5.07170 4.22313 5.51678 4.83015 4.60723 4.26490 4.56374 2.96531 2.89519 2.73292 2.89148 3.31200 4.38515 5.07602 5.24091
-9999 -9999 -9999 -9999 -9999 -9999 -9999 -9999 -9999 -9999 0.82204 2.27445 2.17340 1.76447 2.15658 1.03359 1.07687 1.14804 1.02242 0.61915 0.69429 0.91927 0.68314 0.96075 0.86709 1.21264 1.11350 0.73305 0.64137 0.74524 0.74318 0.45194 0.44368 0.22416 0.23757 0.10106 0.10579 0.17424 0.17797 0.83884 0.82210 0.42866 0.33038 0.23281 0.29426 0.08628 0.09318 0.32639 0.30473 0.08956 0.08886 0.37252 0.43825 0.18754 0.21909 0.42439 0.55758 0.83542 0.80472 1.53114 1.54514 2.99235 3.07150 2.74589 2.80165 1.91057 1.80720 0.80602 1.27873 2.48598 3.79135 8.00007 8.61493
-9999 -9999 -9999 -9999 -9999 -9999 -9999 -9999 -9999 -9999 0.55204 1.86634 2.03384 1.96979 1.84073 0.75611 0.80261 0.97539 1.13599 0.57632 0.52324 0.66895 0.70937 0.89927 0.82700 0.98294 0.74528 0.66536 0.57888 0.63350 0.65925 0.38470 0.37073 0.19755 0.21093 0.08097 0.09621 0.20553 0.25327 0.83831 0.86574 0.45872 0.55482 0.30652 0.30626 0.06053 0.07341 0.27026 0.24828 0.06458 0.05244 0.34388 0.36155 0.13190 0.17695 0.24839 0.27072 0.25252 0.24509 1.01929 0.99531 1.87152 1.83258 1.21546 1.32298 0.93870 0.97307 0.18502 0.21414 2.13948 2.97041 6.00434 7.08183
-9999 -9999 -9999 -9999 -9999 -9999 -9999 -9999 -9999 -9999 -9999 -9999 1.97252 1.69270 1.64675 1.86332 1.34403 0.86677 1.02213 0.27261 0.32843 0.37511 0.30328 0.62278 0.51072 0.54356 0.50557 0.53752 0.47961 0.42001 0.39867 0.32900 0.33644 0.37879 0.40465 0.13403 0.13629 0.15162 0.20882 0.45802 0.41378 0.75981 0.77930 0.25804 0.29255 0.27989 0.23751 0.91713 0.88050 0.73079 0.82817 0.42048 0.43750 0.49353 0.63828 0.07233 0.08183 0.35060 0.39016 0.75575 0.76740 1.05423 1.10713 0.86445 0.74249 0.12916 0.14468 0.36761 0.42595 1.10642 2.15399 5.22774 5.14801
-9999 -9999 -9999 -9999 -9999 -9999 -9999 -9999 -9999 -9999 -9999 -9999 1.86698 1.07169 1.24010 1.23138 1.19296 0.84324 0.98945 0.40408 0.27039 0.35279 0.30124 0.46206 0.54646 0.57216 0.42393 0.45390 0.42602 0.35385 0.30905 0.25019 0.29554 0.33949 0.40041 0.15195 0.21694 0.17203 0.15328 0.38929 0.26863 0.67359 0.62479 0.23464 0.25124 0.20903 0.21363 0.82697 0.85721 0.76352 0.82826 0.41345 0.46057 0.48128 0.56940 0.06981 0.06151 0.30795 0.36140 0.80934 0.93991 1.17495 0.86352 0.79292 0.68644 0.14363 0.15691 0.33462 0.47432 1.24440 1.73043 3.15140 4.19110
-9999 -9999 -9999 -9999 -9999 -9999 -9999 -9999 -9999 -9999 -9999 0.82833 1.23748 0.86916 0.74130 0.99339 1.27037 0.91586 0.97614 0.70044 0.37709 0.28467 0.20678 0.45490 0.46468 1.17985 0.83293 0.42028 0.35925 0.27258 0.25308 0.25860 0.22988 0.33797 0.36955 0.24155 0.30522 0.41372 0.46655 0.29105 0.26555 0.59062 0.57579 0.62180 0.67285 0.71736 0.74077 0.58728 0.51252 0.58324 0.58632 0.57379 0.62431 0.36890 0.42445 0.31110 0.29460 0.53800 0.59689 0.65176 0.56257 0.67303 0.71884 0.28081 0.29392 0.18741 0.24320 0.19192 0.41179 1.46815 2.99726 4.77200 4.14293
-9999 -9999 -9999 -9999 -9999 -9999 -9999 -9999 -9999 -9999 -9999 0.57034 0.61534 0.72377 0.61862 0.91620 1.02206 0.85928 0.85580 0.48417 0.35647 0.21154 0.17993 0.32094 0.29441 0.79793 0.68127 0.39964 0.34234 0.30928 0.29950 0.30536 0.30317 0.34583 0.37315 0.20399 0.21951 0.38500 0.46408 0.23282 0.21763 0.52684 0.73518 0.93153 0.84930 1.08339 0.93207 0.84802 0.63599 0.68051 0.59918 0.47884 0.48516 0.30646 0.28616 0.22628 0.25731 0.39146 0.43755 0.46203 0.49833 0.53207 0.53965 0.35758 0.35123 0.26504 0.35248 0.18820 0.54672 1.68161 1.78079 3.40924 3.68009
-9999 -9999 -9999 -9999 -9999 -9999 -9999 -9999 -9999 -9999 -9999 0.60801 0.70279 0.32249 0.34505 0.28843 0.33907 0.66514 0.64949 0.42798 0.44037 0.42438 0.35634 0.46279 0.40631 0.61238 0.62484 0.44813 0.41332 0.21012 0.27613 0.38707 0.34373 0.64577 0.82369 0.27845 0.25455 0.34041 0.39147 0.44012 0.48415 0.60949 0.57148 0.99494 1.08025 0.70952 0.74833 0.66998 0.66503 0.65760 0.62951 1.06613 1.06936 0.37203 0.31758 0.05362 0.05010 0.36876 0.39730 0.36221 0.37959 0.48539 0.46093 0.58252 0.52296 0.10737 0.11454 0.36325 0.94608 1.85409 1.62497 2.12475 2.31551
