data/hydroclimate-scenarios/BCSD_hadcm_B1/monthly_summaries/snodep_monthly_day1_jun.2070-2099.asc
ncols	311
nrows	91
xllcenter	102.75
yllcenter	31.75
cellsize	0.5
NODATA_value	-9999
[rows 0 to 31 of 91, columns 73 to 145 of 311]
-9999 -9999 -9999 -9999 -9999 -9999 -9999 -9999 -9999 -9999 -9999 -9999 -9999 -9999 -9999 -9999 -9999 -9999 -9999 -9999 -9999 -9999 -9999 -9999 -9999 -9999 -9999 -9999 -9999 -9999 -9999 -9999 -9999 -9999 -9999 -9999 -9999 -9999 -9999 -9999 -9999 -9999 -9999 -9999 -9999 -9999 -9999 -9999 -9999 -9999 -9999 -9999 -9999 -9999 -9999 -9999 -9999 -9999 -9999 -9999 -9999 -9999 -9999 -9999 -9999 -9999 -9999 -9999 -9999 -9999 -9999 -9999 -9999
-9999 -9999 -9999 -9999 -9999 -9999 -9999 -9999 -9999 -9999 -9999 -9999 -9999 -9999 -9999 -9999 -9999 -9999 -9999 -9999 -9999 -9999 -9999 -9999 -9999 -9999 -9999 -9999 -9999 -9999 -9999 -9999 -9999 -9999 -9999 -9999 -9999 -9999 -9999 -9999 -9999 -9999 -9999 -9999 -9999 -9999 -9999 -9999 -9999 -9999 -9999 -9999 -9999 -9999 -9999 -9999 -9999 -9999 -9999 -9999 -9999 -9999 -9999 -9999 -9999 -9999 -9999 -9999 -9999 -9999 -9999 -9999 -9999
-9999 -9999 -9999 -9999 -9999 -9999 -9999 -9999 -9999 -9999 -9999 -9999 -9999 -9999 -9999 -9999 -9999 -9999 -9999 -9999 -9999 -9999 -9999 -9999 -9999 -9999 -9999 -9999 -9999 -9999 -9999 -9999 -9999 -9999 -9999 -9999 -9999 -9999 -9999 -9999 -9999 -9999 -9999 -9999 -9999 -9999 -9999 -9999 -9999 -9999 -9999 -9999 -9999 -9999 -9999 -9999 -9999 -9999 -9999 -9999 -9999 -9999 -9999 -9999 -9999 -9999 -9999 -9999 -9999 -9999 -9999 -9999 -9999
-9999 -9999 -9999 -9999 -9999 -9999 -9999 -9999 -9999 -9999 -9999 -9999 -9999 -9999 -9999 -9999 -9999 -9999 -9999 -9999 -9999 -9999 -9999 -9999 -9999 -9999 -9999 -9999 -9999 -9999 -9999 -9999 -9999 -9999 -9999 -9999 -9999 -9999 -9999 -9999 -9999 -9999 -9999 -9999 -9999 -9999 -9999 -9999 -9999 -9999 -9999 -9999 -9999 -9999 -9999 -9999 -9999 -9999 -9999 -9999 -9999 -9999 -9999 -9999 -9999 -9999 -9999 -9999 -9999 -9999 -9999 -9999 -9999
-9999 -9999 -9999 -9999 -9999 -9999 -9999 -9999 -9999 -9999 -9999 -9999 -9999 -9999 -9999 -9999 -9999 -9999 -9999 -9999 -9999 -9999 -9999 -9999 -9999 -9999 -9999 -9999 -9999 -9999 -9999 -9999 -9999 -9999 -9999 -9999 -9999 -9999 -9999 -9999 -9999 -9999 -9999 -9999 -9999 -9999 -9999 -9999 -9999 -9999 -9999 -9999 -9999 -9999 -9999 -9999 -9999 -9999 -9999 -9999 -9999 -9999 -9999 -9999 -9999 -9999 -9999 -9999 -9999 -9999 -9999 -9999 -9999
-9999 -9999 -9999 -9999 -9999 -9999 -9999 -9999 -9999 -9999 -9999 -9999 -9999 -9999 -9999 -9999 -9999 -9999 -9999 -9999 -9999 -9999 -9999 -9999 -9999 -9999 -9999 -9999 -9999 -9999 -9999 -9999 -9999 -9999 -9999 -9999 -9999 -9999 -9999 -9999 -9999 -9999 -9999 -9999 -9999 -9999 -9999 -9999 -9999 -9999 -9999 -9999 -9999 -9999 -9999 -9999 -9999 -9999 -9999 -9999 -9999 -9999 -9999 -9999 -9999 -9999 -9999 -9999 -9999 -9999 -9999 -9999 -9999
-9999 -9999 -9999 -9999 -9999 -9999 -9999 -9999 -9999 -9999 -9999 -9999 -9999 -9999 -9999 -9999 -9999 -9999 -9999 -9999 -9999 -9999 -9999 -9999 -9999 -9999 -9999 -9999 -9999 -9999 -9999 -9999 -9999 -9999 -9999 -9999 -9999 -9999 -9999 -9999 -9999 -9999 -9999 -9999 -9999 -9999 -9999 -9999 -9999 -9999 -9999 -9999 -9999 -9999 -9999 -9999 -9999 -9999 -9999 -9999 -9999 -9999 -9999 -9999 -9999 -9999 -9999 -9999 -9999 -9999 -9999 -9999 -9999
-9999 -9999 -9999 -9999 -9999 -9999 -9999 -9999 -9999 -9999 -9999 -9999 -9999 -9999 -9999 -9999 -9999 -9999 -9999 -9999 -9999 -9999 -9999 -9999 -9999 -9999 -9999 -9999 -9999 -9999 -9999 -9999 -9999 -9999 -9999 -9999 -9999 -9999 -9999 -9999 -9999 -9999 -9999 -9999 -9999 -9999 -9999 -9999 -9999 -9999 -9999 -9999 -9999 -9999 -9999 -9999 -9999 -9999 -9999 -9999 -9999 -9999 -9999 -9999 -9999 -9999 -9999 -9999 -9999 -9999 -9999 -9999 -9999
-9999 -9999 -9999 -9999 3.10179 -9999 -9999 -9999 -9999 -9999 -9999 -9999 -9999 -9999 -9999 -9999 -9999 -9999 -9999 -9999 -9999 -9999 -9999 -9999 -9999 -9999 -9999 -9999 -9999 -9999 -9999 -9999 -9999 -9999 -9999 -9999 -9999 -9999 -9999 -9999 -9999 -9999 -9999 -9999 -9999 -9999 -9999 -9999 -9999 -9999 -9999 -9999 -9999 -9999 -9999 -9999 -9999 -9999 -9999 -9999 -9999 -9999 -9999 -9999 -9999 -9999 -9999 -9999 -9999 -9999 -9999 -9999 -9999
13.52790 0.14951 0.58656 1.12444 1.78401 3.97430 8.91056 12.72020 16.43940 20.47730 21.68980 23.99380 27.15440 28.32750 30.34240 30.26140 29.54500 29.97620 23.22270 22.52440 -9999 -9999 -9999 -9999 -9999 -9999 -9999 -9999 -9999 -9999 -9999 -9999 -9999 -9999 -9999 -9999 -9999 -9999 -9999 -9999 -9999 -9999 -9999 -9999 -9999 -9999 -9999 -9999 -9999 -9999 -9999 -9999 -9999 -9999 -9999 -9999 -9999 -9999 -9999 -9999 -9999 -9999 -9999 -9999 -9999 -9999 -9999 -9999 -9999 -9999 -9999 -9999 -9999
-9999 -9999 0.03394 0.05727 0.57772 1.31119 3.86147 6.29795 8.24493 12.37670 13.06870 14.71940 20.23710 22.69580 31.32550 33.20120 29.14480 30.97240 27.38730 26.57250 -9999 -9999 -9999 -9999 -9999 -9999 -9999 -9999 -9999 -9999 -9999 -9999 -9999 -9999 -9999 -9999 -9999 -9999 -9999 -9999 -9999 -9999 -9999 -9999 -9999 -9999 -9999 -9999 -9999 -9999 -9999 -9999 -9999 -9999 -9999 -9999 -9999 -9999 -9999 -9999 -9999 -9999 -9999 -9999 -9999 -9999 -9999 -9999 -9999 -9999 -9999 -9999 -9999
0.00000 0.00000 0.00000 0.00000 0.00000 0.22428 1.63232 2.70540 5.49719 7.37377 6.06692 8.69320 16.41180 18.54160 27.19400 31.30310 26.75080 27.90050 23.94780 23.83030 18.03100 16.93800 15.93090 14.36920 13.09660 11.11740 -9999 -9999 -9999 -9999 -9999 -9999 -9999 -9999 -9999 -9999 -9999 -9999 -9999 -9999 -9999 -9999 -9999 -9999 -9999 -9999 -9999 -9999 -9999 -9999 -9999 -9999 -9999 -9999 -9999 -9999 -9999 -9999 -9999 -9999 -9999 -9999 -9999 -9999 -9999 -9999 -9999 -9999 -9999 -9999 -9999 -9999 -9999
0.00000 0.00000 0.00000 0.00000 0.00000 0.31815 0.54881 1.25267 1.53989 2.28658 4.54875 7.77964 6.61899 10.88260 18.68280 20.92310 18.63260 20.68440 22.46500 22.24530 19.74630 17.29770 16.67080 14.33270 16.37500 14.52040 9.45916 8.08290 3.93332 3.83548 5.50645 5.20749 2.72451 2.58819 2.13541 2.25336 2.11829 1.88422 2.15855 2.41456 2.80049 -9999 -9999 -9999 -9999 -9999 -9999 -9999 -9999 -9999 -9999 -9999 -9999 -9999 -9999 -9999 -9999 -9999 -9999 -9999 -9999 -9999 -9999 -9999 -9999 -9999 -9999 -9999 -9999 -9999 -9999 -9999 -9999
0.00000 0.00000 0.00000 0.00000 0.00000 0.00000 0.23076 0.48698 0.78567 1.32697 2.54859 4.29036 3.92813 5.87924 14.02810 16.57900 14.93180 17.22020 19.49270 20.76680 17.88390 16.38920 14.86790 12.04970 12.89200 12.18110 8.85988 8.74197 3.95782 3.78811 4.38631 3.82193 2.15536 2.23128 2.13907 2.00103 1.45216 1.38102 1.72728 1.79557 2.44852 2.44930 -9999 -9999 -9999 -9999 -9999 -9999 -9999 -9999 -9999 -9999 -9999 -9999 -9999 -9999 -9999 -9999 -9999 -9999 -9999 -9999 -9999 -9999 -9999 -9999 -9999 -9999 -9999 -9999 -9999 -9999 -9999
0.11213 0.56343 0.40934 0.46943 0.81896 0.85265 2.02866 1.84483 2.50925 2.68815 4.53636 5.68023 5.75629 7.34498 9.34204 13.58660 12.32200 13.52940 18.20320 18.24930 17.33370 16.25000 12.42320 14.39100 10.88150 8.82144 7.37480 7.12924 4.59249 4.10433 2.19419 2.32823 1.72624 1.51909 4.06573 3.31647 2.60236 2.51085 0.43813 0.37909 0.56472 0.53053 -9999 -9999 -9999 -9999 -9999 -9999 -9999 -9999 -9999 -9999 -9999 -9999 -9999 -9999 -9999 5.91045 8.50877 -9999 -9999 -9999 -9999 13.55710 21.97080 27.46230 26.86090 23.06740 25.38370 28.81300 27.13940 31.19760 31.72350
0.05872 0.30830 0.12218 0.19146 0.43844 0.73316 1.44050 1.81684 0.95908 1.28034 3.06832 5.81078 6.51616 5.73082 10.02980 6.54404 11.80650 11.53780 14.03250 14.52360 14.71880 14.16590 11.86690 8.40066 9.02547 7.74398 6.41692 5.34569 3.93004 3.54315 2.15025 2.02077 1.40402 2.64695 4.19800 3.13733 2.60791 3.06200 0.84200 0.18772 0.32906 0.32214 0.00000 0.42144 2.80688 1.68684 5.25599 7.23615 7.63004 9.17557 10.63840 10.82240 13.70620 14.11920 5.04386 4.87837 6.91054 7.79951 7.52280 -9999 -9999 -9999 -9999 -9999 15.62340 19.49600 26.33520 29.70390 34.68290 34.89500 37.04880 38.04900 38.20700
0.00000 1.10616 0.29499 0.14316 0.48201 0.69525 0.74300 0.73994 0.32803 0.65759 1.31166 2.79547 7.92623 9.08814 6.66902 10.06820 10.50400 6.45723 10.55160 11.08590 13.70660 13.56410 12.69930 11.79150 7.84487 7.39611 8.33997 10.25360 8.16684 7.70934 9.54622 7.46793 7.76156 9.47399 6.63236 7.98765 6.05430 6.65272 5.19220 5.35659 5.33691 4.08296 4.46915 4.57616 8.73518 6.94999 7.17243 9.81781 5.48607 8.10535 7.26549 11.02280 16.76150 10.61290 14.01280 15.15590 13.51130 10.93390 13.71720 15.97680 13.92740 11.47930 6.17873 6.59750 10.12310 11.28800 15.98770 21.13590 33.58270 35.15950 41.09480 47.40380 51.87560
0.00000 1.67314 1.85658 0.60301 0.64678 1.10663 0.34244 0.48683 0.07870 0.48013 0.53901 2.81231 5.83508 9.83213 5.48256 5.13184 10.52290 11.56530 11.34210 7.67071 10.12080 9.51150 10.56420 7.54758 6.87376 5.36234 10.35950 11.38470 11.13190 11.10660 10.14130 7.36784 6.96887 7.94806 6.28529 5.81738 5.41149 7.41935 4.92888 2.79237 2.28341 6.00837 7.85514 5.32355 4.90222 3.27660 6.14600 5.81522 6.97719 4.75038 6.88467 5.38625 8.41778 14.12900 15.43690 14.95180 15.21600 17.63120 18.61080 28.41230 23.47100 16.35070 6.90142 6.23407 7.46665 7.32644 11.93410 21.32820 37.84020 39.70240 47.00700 51.10710 57.99910
3.11416 0.01022 0.41725 0.10174 0.24388 1.26492 0.00853 0.00047 0.06645 0.05363 1.32298 2.84865 2.98977 4.70568 4.73207 4.73377 6.28131 12.20730 8.86349 5.62568 4.67815 4.27482 4.83024 5.64216 4.66289 6.68061 8.97330 8.42914 7.30065 7.05736 7.50891 7.63119 6.74375 6.10431 6.39977 5.17839 5.37882 6.40916 4.27779 3.37028 4.46624 6.72113 6.72644 4.03649 2.86836 1.74907 2.00292 2.67596 4.07262 4.51729 6.73797 7.05815 8.03395 7.89186 6.95343 12.61360 14.31140 17.63410 19.32770 24.19700 27.29790 21.26680 25.00670 22.07510 24.22660 23.66770 21.14860 26.52240 31.82280 34.70310 40.93980 48.29750 54.40470
3.87001 3.97875 1.46299 0.04686 0.27385 1.24646 0.16513 0.11493 0.66219 1.08629 3.44335 2.23652 1.28619 1.47728 1.49247 2.92428 4.72289 5.02792 6.93132 3.58658 3.75627 2.67726 3.22611 2.74344 3.99452 2.08107 8.71899 7.06949 5.33169 7.20560 7.40475 5.53895 2.19928 2.75393 4.40062 4.41715 3.15443 3.82766 4.17711 3.20139 1.41836 2.13683 1.51125 2.08599 2.26762 5.04679 3.58893 4.45809 7.23374 6.35088 6.61694 6.59603 9.20598 11.82900 12.19000 18.62490 14.07660 12.05810 13.42640 14.67700 14.28350 21.52950 32.94970 28.05160 37.76510 31.52360 23.55240 25.68320 28.39530 21.30460 27.04140 40.78180 51.25610
4.27748 7.57402 11.59120 1.64864 0.26164 0.08248 0.05299 0.18393 0.28514 1.77462 11.93270 19.01840 8.56680 4.76154 0.33837 0.39500 1.33723 1.58506 3.66842 3.64335 3.81443 2.32767 1.08853 1.64734 2.18687 1.19327 3.43083 3.90742 3.20069 2.18022 2.49584 2.39473 0.93951 1.07717 4.03409 5.88919 5.46559 4.75700 4.55771 4.98123 4.20988 4.37807 2.66053 3.33883 4.72219 4.38301 2.13670 3.63015 2.93039 4.02830 7.34578 7.54609 7.13993 9.47065 13.06110 18.38510 16.59930 25.83980 25.16700 23.36540 21.71180 20.39550 21.98210 22.36410 28.73090 32.11430 22.36220 22.20020 23.36750 18.60340 19.72250 29.68010 48.72070
10.21020 11.41850 11.72000 9.29610 8.14225 5.60507 1.57160 0.70715 0.20871 0.64648 4.05369 8.59630 11.94050 12.78900 8.26913 6.05055 2.29014 2.15720 2.34807 3.31685 2.75449 2.55530 1.99666 1.60961 0.56725 0.56222 3.16011 2.64222 1.37072 2.71752 4.18190 4.11396 1.98273 1.77427 5.00420 5.63867 5.99902 6.09795 4.75632 5.24083 3.07896 5.65561 2.38592 3.44259 4.10923 3.74553 2.60875 3.98480 9.76615 9.20796 14.65800 16.80740 15.67510 18.06270 23.13740 16.68710 19.12630 26.84890 22.51410 24.15970 24.08180 17.07900 20.26490 21.69230 31.45260 27.40480 17.40210 16.87220 16.13230 15.20820 18.66960 36.26980 44.66850
2.89199 2.35720 6.35035 9.18206 6.70361 3.63681 4.07684 2.02646 0.63057 2.33752 1.56874 1.20140 1.20062 1.76866 3.19798 8.12553 8.52249 6.74628 3.55474 2.69866 2.91690 2.74001 0.93011 0.67541 0.27461 1.07844 2.63930 2.15714 2.63925 2.85208 2.11562 1.77827 2.05394 0.99612 0.94201 1.18539 3.11753 2.51048 4.09933 3.59793 3.66875 4.70258 3.63889 6.66331 9.69260 6.59517 13.50860 22.21240 25.93860 25.16850 31.71530 43.26310 36.44220 44.32860 25.93150 34.10620 23.54510 19.08620 26.56490 24.25420 25.38350 24.83520 23.76440 18.24530 9.72947 8.99893 17.79160 26.74420 15.48220 10.71410 30.08070 44.38850 31.33030
0.61593 0.82113 4.50180 7.79697 5.75893 7.13629 6.37706 3.79573 0.81470 3.97213 5.15408 2.83924 9.32565 9.01763 13.03690 0.89445 4.38757 16.36350 12.74730 9.24101 7.52075 0.85551 0.00064 0.16952 0.42442 1.36797 1.27784 1.26553 2.61348 2.64025 1.10199 0.95049 0.33131 0.59356 1.01793 0.99816 2.28114 2.22231 9.15696 6.22908 4.28722 5.60653 1.23454 1.51968 4.65892 6.52167 16.45210 23.51660 28.83700 27.37810 28.15290 33.53390 42.56780 46.02040 34.69650 37.32180 22.98730 20.91010 17.85980 20.67720 24.10080 29.97620 13.91780 21.21010 19.36540 11.70560 11.70660 20.58800 11.15030 11.46840 21.51710 21.40440 26.16970
1.52994 1.44246 2.03175 2.12777 2.60371 4.03362 2.29448 2.68043 3.66068 1.76108 1.67375 1.37802 4.90151 7.25045 9.00855 10.47730 3.86878 0.77467 3.95251 5.22689 3.56053 2.23108 0.76657 0.36105 0.51152 0.40420 2.57169 1.93292 3.13864 3.00552 1.03469 0.96038 0.65788 0.63986 0.91302 1.17105 1.74461 2.64470 12.17790 12.73830 9.92095 8.84227 1.90913 1.12597 4.13158 6.66889 15.38310 26.77200 32.19820 26.24320 24.93470 40.25550 34.65400 33.11880 33.66870 29.46010 37.49650 29.07590 35.45200 30.52200 24.72560 17.12430 9.68840 18.97560 11.94940 9.61476 17.15240 15.68270 13.43170 19.43880 24.14500 22.36710 31.12810
2.28107 2.22387 2.10906 1.52899 1.83304 2.08558 1.53040 1.15802 1.08103 3.98174 3.02796 1.14290 0.93244 3.33314 3.31874 4.39953 9.19763 6.75957 4.16178 1.27268 0.17850 0.56254 2.11894 1.42703 0.00000 0.00000 1.97911 2.44556 1.60104 1.81789 0.09548 0.09577 0.37232 0.99046 1.27754 3.77042 2.18496 4.63947 23.58290 15.83580 12.05100 19.63890 13.91170 6.76589 4.88631 7.27243 9.94004 16.25870 24.95560 16.03880 13.25280 14.27380 10.28420 15.58860 20.82680 27.97250 20.20570 27.97030 29.47660 31.24980 22.24600 19.74700 12.05640 11.02360 8.30420 8.65717 12.75730 19.33730 20.81670 17.59280 20.96920 35.37630 41.83820
2.65601 2.74216 4.07223 2.37863 1.56237 1.13573 1.30036 1.26957 0.66780 1.14465 5.36566 3.18786 0.24864 0.25586 2.00371 4.04566 6.27872 7.40871 4.19144 3.58817 2.93794 2.29174 2.55428 2.15681 3.00689 0.90696 0.45289 1.43781 0.77226 0.99948 0.73013 3.05533 3.79250 1.75739 1.36606 5.08659 4.19826 2.97236 9.48813 11.89760 15.21030 11.60440 10.35600 9.01261 5.22313 7.32810 6.95748 11.22710 15.37420 18.03920 17.88450 22.42270 28.16750 29.83660 26.13200 15.99390 16.97400 13.27780 13.78790 17.99330 15.48030 14.27630 15.38740 13.82740 12.93380 13.66120 24.58050 31.61040 36.41540 33.17800 28.43170 37.31390 26.44020
3.47927 3.60644 9.76377 2.30676 1.75137 0.80270 1.43282 0.99932 0.04936 0.36315 1.42792 5.93734 1.01462 0.98216 2.49653 1.06927 1.90638 1.26999 8.79184 3.17544 2.22271 2.08856 1.93660 2.30889 6.67945 2.99634 0.59738 0.53447 3.53470 2.60222 1.71582 3.14050 4.79030 2.16878 1.61850 3.06447 7.22522 7.09278 9.37239 11.18340 12.53890 13.86810 8.94147 10.34420 2.62832 5.74321 9.38830 10.62590 14.39460 18.55730 15.85170 12.91250 21.14220 16.88130 17.73310 13.83370 13.30950 14.55210 15.33600 17.96410 15.83700 17.16460 31.02770 27.94350 28.57860 27.72540 29.67130 21.31420 29.31600 34.14780 33.66370 43.39200 58.86680
6.05960 5.70865 11.44470 9.71076 10.58870 2.43928 2.65289 2.00156 1.12411 2.91966 0.99346 2.43880 6.31709 3.92294 0.21963 0.11680 1.16549 0.94672 3.12627 5.24152 5.54993 3.62601 3.61459 2.00759 3.50562 2.57244 0.00000 0.69625 1.75905 2.43231 2.46250 2.09729 4.30964 5.61920 4.21806 10.50140 19.37330 26.40980 15.97430 15.78410 17.55580 8.92303 7.08268 4.43492 0.71766 0.02716 0.83925 0.80878 1.65743 2.01346 5.55814 10.42210 14.55140 17.29320 18.47810 12.22100 13.89320 13.38470 16.05530 17.64740 29.78310 44.54210 58.87400 53.62160 56.57600 57.56060 48.75790 43.37930 47.27310 48.30140 55.71680 55.86160 51.68580
5.50754 4.25341 12.86120 15.58340 14.32940 6.76467 6.76200 10.52370 10.82250 7.71687 3.84873 8.21089 5.64319 3.70601 2.41896 0.79848 0.38912 0.64698 3.97485 5.82310 10.64390 6.97477 3.56075 2.68940 6.09861 3.55491 0.90788 3.48878 2.82002 1.67142 4.01609 3.77166 8.21435 6.13521 9.16038 9.55959 19.80070 22.24970 14.20240 6.16687 8.74848 2.47391 1.79123 1.17472 0.09462 0.08032 2.26473 1.43215 -9999 -9999 3.91772 5.36002 3.09878 10.02080 14.78890 13.04120 13.64190 20.66000 23.76340 41.69230 56.32100 62.73010 70.50920 75.94650 78.73180 86.16050 66.40220 52.44830 57.39700 42.85490 56.25080 47.59890 37.00050
4.44836 7.34185 7.68734 6.08095 9.25335 7.61828 11.13460 16.04920 10.63840 13.04040 6.97028 7.72614 3.87138 2.92112 6.84189 5.06536 2.21940 3.92570 5.67685 4.95000 8.12927 12.34560 15.59440 8.19035 6.81478 2.58435 2.42826 4.10716 4.39925 2.09785 1.66550 2.34065 8.95839 11.30800 23.89100 10.04890 4.21243 -9999 -9999 -9999 -9999 0.81118 -9999 2.63855 6.94844 3.13445 3.90316 0.00000 -9999 -9999 6.30419 6.81189 7.17972 7.78687 8.17620 13.09830 18.42580 29.53800 34.77960 44.54080 56.12220 63.63410 60.22390 90.81370 87.61090 85.11660 62.87700 55.83520 53.38740 35.90960 -9999 -9999 -9999
3.86391 7.74858 5.47794 1.89085 11.12010 7.54679 2.79411 5.03634 4.84939 7.23127 6.11490 8.82804 5.67476 2.10475 5.48303 7.35218 7.77529 5.56266 10.10690 4.71919 9.47520 10.70600 9.75609 6.41447 5.88576 6.71314 4.65214 4.62997 6.01083 7.31645 5.60377 4.00168 19.11490 9.66933 9.93869 -9999 -9999 -9999 -9999 -9999 -9999 -9999 0.50661 1.23890 1.35329 -9999 -9999 -9999 -9999 -9999 1.82310 3.54887 18.96310 13.13500 24.60450 20.83000 17.93080 32.23900 22.37790 27.67610 40.39290 52.98760 47.21160 45.34540 59.32660 82.92410 63.54480 36.79490 -9999 -9999 -9999 -9999 -9999
