data/hydroclimate-scenarios/BCSD_hadcm_B1/monthly_summaries/snodep_monthly_day1_oct.2070-2099.asc
ncols	311
nrows	91
xllcenter	102.75
yllcenter	31.75
cellsize	0.5
NODATA_value	-9999
[rows 0 to 32 of 91, columns 219 to 291 of 311]
-9999 -9999 -9999 -9999 -9999 -9999 -9999 -9999 -9999 -9999 -9999 -9999 -9999 -9999 -9999 -9999 -9999 -9999 -9999 -9999 -9999 -9999 -9999 -9999 -9999 -9999 -9999 -9999 -9999 -9999 -9999 -9999 -9999 -9999 -9999 -9999 -9999 -9999 -9999 -9999 -9999 -9999 -9999 -9999 -9999 -9999 -9999 -9999 -9999 -9999 -9999 -9999 -9999 -9999 -9999 -9999 -9999 -9999 -9999 -9999 -9999 -9999 -9999 -9999 -9999 -9999 -9999 -9999 -9999 -9999 -9999 -9999 -9999
-9999 -9999 -9999 -9999 -9999 -9999 -9999 -9999 -9999 -9999 -9999 -9999 -9999 -9999 -9999 -9999 -9999 -9999 -9999 -9999 -9999 -9999 -9999 -9999 -9999 -9999 -9999 -9999 -9999 -9999 -9999 -9999 -9999 -9999 -9999 -9999 -9999 -9999 -9999 -9999 -9999 -9999 -9999 -9999 -9999 -9999 -9999 -9999 -9999 -9999 -9999 -9999 -9999 -9999 -9999 -9999 -9999 -9999 -9999 -9999 -9999 -9999 -9999 -9999 -9999 -9999 -9999 -9999 -9999 -9999 -9999 -9999 -9999
-9999 -9999 -9999 -9999 -9999 -9999 -9999 -9999 -9999 -9999 -9999 -9999 -9999 -9999 -9999 -9999 -9999 -9999 -9999 -9999 -9999 -9999 -9999 -9999 -9999 -9999 -9999 -9999 -9999 -9999 -9999 -9999 -9999 -9999 -9999 -9999 -9999 -9999 -9999 -9999 -9999 -9999 -9999 -9999 -9999 -9999 -9999 -9999 -9999 -9999 -9999 -9999 -9999 -9999 -9999 -9999 -9999 -9999 -9999 -9999 -9999 -9999 -9999 -9999 -9999 -9999 -9999 -9999 -9999 -9999 -9999 -9999 -9999
-9999 -9999 -9999 -9999 -9999 -9999 -9999 -9999 -9999 -9999 -9999 -9999 -9999 -9999 -9999 -9999 -9999 -9999 -9999 -9999 -9999 -9999 -9999 -9999 -9999 -9999 -9999 -9999 -9999 -9999 -9999 -9999 -9999 -9999 -9999 -9999 -9999 -9999 -9999 -9999 -9999 -9999 -9999 -9999 -9999 -9999 -9999 -9999 -9999 -9999 -9999 -9999 -9999 -9999 -9999 -9999 -9999 -9999 -9999 -9999 -9999 -9999 -9999 -9999 -9999 -9999 -9999 -9999 -9999 -9999 -9999 -9999 -9999
-9999 -9999 -9999 -9999 -9999 -9999 -9999 -9999 -9999 -9999 -9999 -9999 -9999 -9999 -9999 -9999 -9999 -9999 -9999 -9999 -9999 -9999 -9999 -9999 -9999 -9999 -9999 -9999 -9999 -9999 -9999 -9999 -9999 -9999 -9999 -9999 -9999 -9999 -9999 -9999 -9999 -9999 -9999 -9999 -9999 -9999 -9999 -9999 -9999 -9999 -9999 -9999 -9999 -9999 -9999 -9999 -9999 -9999 -9999 -9999 -9999 -9999 -9999 -9999 -9999 -9999 -9999 -9999 -9999 -9999 -9999 -9999 -9999
-9999 -9999 -9999 -9999 -9999 -9999 -9999 -9999 -9999 -9999 -9999 -9999 -9999 -9999 -9999 -9999 -9999 -9999 -9999 -9999 -9999 -9999 -9999 -9999 -9999 -9999 -9999 -9999 -9999 -9999 -9999 -9999 -9999 -9999 -9999 -9999 -9999 -9999 -9999 -9999 -9999 -9999 -9999 -9999 -9999 -9999 -9999 -9999 -9999 -9999 -9999 -9999 -9999 -9999 -9999 -9999 -9999 -9999 -9999 -9999 -9999 -9999 -9999 -9999 -9999 -9999 -9999 -9999 -9999 -9999 -9999 -9999 -9999
-9999 -9999 -9999 -9999 -9999 -9999 -9999 -9999 -9999 -9999 -9999 -9999 -9999 -9999 -9999 -9999 -9999 -9999 -9999 -9999 -9999 -9999 -9999 -9999 -9999 -9999 -9999 -9999 -9999 -9999 -9999 -9999 -9999 -9999 -9999 -9999 -9999 -9999 -9999 -9999 -9999 -9999 -9999 -9999 -9999 -9999 -9999 -9999 -9999 -9999 -9999 -9999 -9999 -9999 -9999 -9999 -9999 -9999 -9999 -9999 -9999 -9999 -9999 -9999 -9999 -9999 -9999 -9999 -9999 -9999 -9999 -9999 -9999
-9999 -9999 -9999 -9999 -9999 -9999 -9999 -9999 -9999 -9999 -9999 -9999 -9999 -9999 -9999 -9999 -9999 -9999 -9999 -9999 -9999 -9999 -9999 -9999 -9999 -9999 -9999 -9999 -9999 -9999 -9999 -9999 -9999 -9999 -9999 -9999 -9999 -9999 -9999 -9999 -9999 -9999 -9999 -9999 -9999 -9999 -9999 -9999 -9999 -9999 -9999 -9999 -9999 -9999 -9999 -9999 -9999 -9999 -9999 -9999 -9999 -9999 -9999 -9999 -9999 -9999 -9999 -9999 -9999 -9999 -9999 -9999 -9999
-9999 -9999 -9999 -9999 -9999 -9999 -9999 -9999 -9999 -9999 -9999 -9999 -9999 -9999 -9999 -9999 -9999 -9999 -9999 -9999 -9999 -9999 -9999 -9999 -9999 -9999 -9999 -9999 -9999 -9999 -9999 -9999 -9999 -9999 -9999 -9999 -9999 -9999 -9999 -9999 -9999 -9999 -9999 -9999 -9999 -9999 -9999 -9999 -9999 -9999 -9999 -9999 -9999 -9999 -9999 -9999 -9999 -9999 -9999 -9999 -9999 -9999 -9999 -9999 -9999 -9999 -9999 -9999 -9999 -9999 -9999 -9999 -9999
-9999 -9999 -9999 -9999 -9999 -9999 -9999 -9999 -9999 -9999 -9999 -9999 -9999 -9999 -9999 -9999 -9999 -9999 -9999 -9999 -9999 -9999 -9999 -9999 -9999 -9999 -9999 -9999 -9999 -9999 -9999 -9999 -9999 -9999 -9999 -9999 -9999 -9999 -9999 -9999 -9999 -9999 -9999 -9999 -9999 -9999 -9999 -9999 -9999 -9999 -9999 -9999 -9999 -9999 -9999 -9999 -9999 -9999 -9999 -9999 -9999 -9999 -9999 -9999 -9999 -9999 -9999 -9999 -9999 -9999 -9999 -9999 -9999
-9999 -9999 -9999 -9999 -9999 -9999 -9999 -9999 -9999 -9999 -9999 -9999 -9999 -9999 -9999 -9999 -9999 -9999 -9999 -9999 -9999 -9999 -9999 -9999 -9999 -9999 -9999 -9999 -9999 -9999 -9999 -9999 -9999 -9999 -9999 -9999 -9999 -9999 -9999 -9999 -9999 -9999 -9999 -9999 -9999 -9999 -9999 -9999 -9999 -9999 -9999 -9999 -9999 -9999 -9999 -9999 -9999 -9999 -9999 -9999 -9999 -9999 -9999 -9999 -9999 -9999 -9999 -9999 -9999 -9999 -9999 -9999 -9999
-9999 -9999 -9999 -9999 -9999 -9999 -9999 -9999 -9999 -9999 -9999 -9999 -9999 -9999 -9999 -9999 -9999 -9999 -9999 -9999 -9999 -9999 -9999 -9999 -9999 -9999 -9999 -9999 -9999 -9999 -9999 -9999 -9999 -9999 -9999 -9999 -9999 -9999 -9999 -9999 -9999 -9999 -9999 -9999 -9999 -9999 -9999 -9999 -9999 -9999 -9999 -9999 -9999 -9999 -9999 -9999 -9999 -9999 -9999 -9999 -9999 -9999 -9999 -9999 -9999 -9999 -9999 -9999 -9999 -9999 -9999 -9999 -9999
-9999 -9999 -9999 -9999 -9999 -9999 -9999 -9999 -9999 -9999 -9999 -9999 -9999 -9999 -9999 -9999 -9999 -9999 -9999 -9999 -9999 -9999 -9999 -9999 -9999 -9999 -9999 -9999 -9999 -9999 -9999 -9999 -9999 -9999 -9999 -9999 -9999 -9999 -9999 -9999 -9999 -9999 -9999 -9999 -9999 -9999 -9999 -9999 -9999 -9999 -9999 -9999 -9999 -9999 -9999 -9999 -9999 -9999 -9999 -9999 -9999 -9999 -9999 -9999 -9999 -9999 -9999 -9999 -9999 -9999 -9999 -9999 -9999
-9999 -9999 -9999 -9999 -9999 -9999 -9999 -9999 -9999 -9999 -9999 -9999 -9999 -9999 -9999 -9999 -9999 -9999 -9999 -9999 -9999 -9999 -9999 -9999 -9999 -9999 -9999 -9999 -9999 -9999 -9999 -9999 -9999 -9999 -9999 -9999 -9999 -9999 -9999 -9999 -9999 0.27565 -9999 -9999 -9999 -9999 -9999 -9999 -9999 -9999 -9999 -9999 -9999 -9999 -9999 -9999 -9999 -9999 -9999 -9999 -9999 -9999 -9999 -9999 -9999 -9999 -9999 -9999 -9999 -9999 -9999 -9999 -9999
1.09446 1.23345 1.53103 1.72880 1.16524 1.73955 1.19276 1.54894 2.05335 2.07427 2.04975 1.81123 9.36568 -9999 -9999 -9999 -9999 -9999 -9999 -9999 -9999 -9999 -9999 -9999 -9999 -9999 -9999 -9999 -9999 -9999 -9999 -9999 -9999 -9999 -9999 -9999 0.84762 0.91450 0.50973 0.55928 0.67119 0.60992 0.62522 -9999 -9999 -9999 1.74199 -9999 -9999 -9999 1.82052 2.57025 2.83375 -9999 -9999 -9999 -9999 -9999 -9999 -9999 -9999 -9999 -9999 -9999 -9999 -9999 -9999 -9999 -9999 -9999 -9999 -9999 -9999
1.68643 0.00000 0.00000 0.00000 0.00000 0.00000 0.00000 0.00000 0.00000 0.00000 0.00000 0.00000 0.00000 0.00000 0.46356 1.97614 2.85461 2.78949 0.85859 -9999 -9999 -9999 -9999 -9999 0.73919 0.65632 1.56963 1.54466 0.67296 0.61150 0.79169 0.79361 0.50111 0.55825 0.58709 0.62503 0.66827 0.80621 0.44858 0.59077 0.68949 0.84886 0.82996 0.93122 0.97323 0.83062 1.64579 1.65687 1.50072 1.86199 2.47982 3.31960 3.86622 3.86940 2.78667 2.51046 2.18490 1.78209 -9999 -9999 -9999 -9999 -9999 -9999 -9999 -9999 -9999 -9999 -9999 -9999 -9999 -9999 -9999
0.00000 0.00000 0.00000 0.00000 0.00000 0.00000 0.00000 0.00000 0.00000 0.00000 0.00000 0.00000 0.00000 0.29448 1.06774 1.32698 3.13144 2.56248 1.32742 1.48395 1.37659 1.41299 1.34975 1.18911 2.19044 2.01929 2.62234 2.84130 1.15158 0.96886 0.58410 0.60941 0.58145 0.54328 0.33014 0.28053 0.86911 0.85448 1.12125 1.16643 0.46600 0.55620 1.18566 1.28302 0.74235 0.73071 1.37276 1.34877 1.39236 1.45032 3.05929 3.26438 3.17310 3.19908 1.90610 2.14300 2.39118 2.92551 1.90645 1.57379 1.20950 1.15708 1.32805 1.31165 1.92215 1.79637 -9999 -9999 -9999 -9999 -9999 -9999 -9999
0.00000 0.00000 0.00000 0.00000 0.00000 0.00000 0.00000 0.00000 0.00000 0.00000 0.00092 0.78780 2.21505 2.62911 2.39715 2.58432 2.66522 2.73007 1.22392 1.29330 0.98246 1.38005 1.73064 1.65215 3.18172 2.10004 2.27641 2.59492 1.17972 1.20881 1.01894 0.91800 0.68657 0.63827 0.29742 0.25709 0.79363 0.60888 0.98921 0.98868 0.50497 0.56786 1.25494 1.24594 0.63577 0.66231 1.33032 1.41929 1.20101 1.26143 2.78865 2.84464 2.52512 2.55048 1.57472 1.64890 2.09656 2.27114 1.05094 1.01953 1.14664 1.13227 1.43598 1.40914 2.14253 1.69456 -9999 1.38947 -9999 -9999 -9999 -9999 -9999
3.69648 0.00000 0.95694 2.56349 2.54497 2.33533 0.09816 0.24734 0.00000 0.83248 1.20419 0.19133 0.67202 0.77007 2.14550 2.44089 2.02052 2.11486 1.45542 1.75292 2.11459 1.30017 2.08444 2.11270 3.09722 2.27181 1.47459 1.50401 1.83327 2.03765 1.51508 1.36511 0.94747 0.99176 0.91610 0.79846 0.60464 0.63592 0.55065 0.58822 1.32403 1.40717 0.70098 0.74964 0.69304 0.72128 0.80521 0.88408 0.99424 0.94951 1.47281 1.62108 1.75852 1.81013 1.62323 1.76408 1.88740 1.78331 1.69135 1.67856 1.57160 1.54749 3.23841 3.26686 2.90179 3.07714 2.57340 -9999 -9999 -9999 -9999 -9999 -9999
2.37325 2.59423 1.26754 0.98005 0.72761 0.66176 0.44045 0.39151 0.69027 0.66510 0.95878 0.93277 2.81565 2.69923 1.11511 1.56045 1.27852 1.52781 0.98386 1.37842 1.80236 1.92069 3.10077 2.44520 3.33962 2.87439 1.67516 1.79988 1.77604 1.49161 0.88058 0.83515 0.84846 0.85741 0.75940 0.66889 0.51305 0.57648 0.46930 0.41622 1.03364 1.18217 0.57064 0.59706 0.57227 0.62610 0.68907 0.78593 0.85729 0.96747 1.31473 1.41994 1.55282 1.59491 1.30537 1.35925 1.43520 1.43704 1.38096 1.34429 1.21108 1.22111 2.97903 3.18502 3.01527 3.31398 2.91822 2.64068 -9999 -9999 -9999 -9999 -9999
1.39579 1.33003 0.94720 0.89260 0.51140 0.54994 0.32474 0.32823 0.31571 0.30875 1.04639 0.95085 1.23574 1.32416 0.45942 0.43609 0.90948 0.29819 0.57988 0.72549 1.07345 1.23056 2.06444 2.15437 1.48208 1.36163 1.12535 1.13525 1.28619 1.19230 0.78337 0.74285 1.04104 0.97307 0.77492 0.72549 0.25584 0.27651 0.21032 0.17301 0.71633 0.94505 0.74817 0.82315 1.13610 1.30659 1.26809 1.24118 0.94258 0.68862 1.18198 1.19969 1.08136 0.81935 0.45217 0.45496 0.53165 0.56065 0.76104 0.79714 1.29483 1.65775 1.74371 1.79130 3.24899 3.32536 2.92028 3.12480 1.46105 1.48762 2.11339 2.19875 -9999
0.71772 0.81194 0.80202 0.72505 0.51232 0.55212 0.20090 0.31033 0.14115 0.15201 0.75531 0.68583 1.47699 1.43676 0.26825 0.17040 0.00024 0.09670 0.39002 0.60156 0.97582 0.89511 1.41963 1.58802 1.11545 1.44857 1.29373 1.05099 0.97620 0.98318 0.87907 0.93964 1.03303 0.90847 0.75316 0.77408 0.25272 0.20333 0.11023 0.14233 0.69300 0.74856 0.59692 0.63650 1.26551 1.26357 0.92378 0.75539 0.39391 0.34556 0.54552 0.79659 0.60972 0.49492 0.21624 0.28194 0.34638 0.48137 0.60657 0.54667 0.89406 1.11676 1.18231 1.42566 2.98725 2.97265 2.23241 2.33200 1.07990 1.19016 1.60050 1.75205 1.30877
2.90121 2.27568 2.38048 3.37131 0.33435 0.26633 0.34428 0.25753 0.15740 0.18849 0.43656 0.24236 1.20874 1.64197 0.69331 0.49133 0.32780 0.64359 0.33136 0.60688 0.66808 0.71875 0.64491 0.69733 1.04117 0.94959 0.72090 0.93671 1.52907 1.54809 1.73466 1.66918 1.32696 1.25283 0.92522 0.67303 0.41619 0.30381 0.15535 0.20833 0.53933 0.86933 0.84580 0.78337 0.37255 0.42233 0.42521 0.34936 0.89368 0.98999 0.74034 0.81992 0.15805 0.08629 0.12367 0.20944 0.19649 0.27104 0.66595 0.64690 0.14523 0.16548 0.86533 0.95589 2.44079 2.46670 2.06427 2.14773 1.33427 1.36360 0.94546 1.13796 3.28451
2.06090 2.42095 2.37524 2.93698 0.84275 0.89858 1.34825 0.94008 1.89307 0.89386 0.54678 0.44800 1.63132 1.63675 0.75991 0.41753 0.67435 0.66767 0.18751 0.26469 0.29425 0.32999 0.23247 0.43510 1.17475 1.26019 0.87021 0.81330 1.17228 0.98251 0.58635 0.98968 1.43334 1.53821 1.09489 1.26710 1.37995 1.28909 0.80860 0.74438 0.88997 0.56447 0.52301 0.64362 0.14002 0.09164 0.36017 0.45447 0.95190 1.11795 0.79943 0.71905 0.10203 0.09084 0.21946 0.15240 0.22467 0.19534 0.59295 0.55177 0.08733 0.11163 0.69675 0.80604 1.78554 1.96212 1.61226 1.64128 1.04210 1.16231 0.77943 0.78349 2.79610
0.30948 0.35167 0.91403 1.02123 0.39968 0.70262 1.78386 1.40571 0.22688 1.00585 0.00000 0.54610 0.30057 0.80305 0.94532 0.38875 0.00045 0.00000 0.00000 0.00000 0.00000 0.00447 0.00027 0.00000 0.08726 0.13161 0.17960 0.14217 0.04323 0.09906 0.25620 0.29530 0.45649 0.62469 0.80743 1.00805 1.87386 1.83692 1.02912 1.13279 1.28132 1.42179 0.93952 0.43642 0.12351 0.06650 0.25924 0.53085 1.22251 1.16850 0.54667 0.40271 0.07637 0.07916 0.05484 0.11455 1.53541 1.52853 0.89148 0.77255 0.31474 0.44529 0.34105 0.43863 1.12671 1.32232 1.33661 1.49021 0.93079 0.95257 0.72053 0.78835 1.30776
0.59097 0.46359 0.66334 0.60804 0.32549 0.44768 0.64024 1.33668 2.82494 1.32813 1.06065 0.71573 0.13917 0.12528 0.48640 0.46160 0.19831 0.29361 0.00318 0.00019 0.00037 0.00281 0.00066 0.01421 0.22928 0.21331 0.21573 0.22806 0.14201 0.13717 0.43833 0.45818 0.51227 0.64072 0.89173 0.83722 1.83793 2.13182 1.27132 1.34864 1.52068 1.37903 1.71131 1.04824 0.19541 0.05812 0.25563 0.47040 1.59125 1.12506 0.57602 0.56121 0.12607 0.10694 0.08287 0.07830 1.39678 1.27679 1.08870 0.96878 0.33104 0.30493 0.25555 0.26595 0.72860 0.76872 1.03874 1.18719 0.78898 0.83874 0.60391 0.64961 0.97892
5.06282 5.11635 5.27042 3.43947 1.89945 3.51726 0.17895 0.03865 0.63194 0.51950 0.24001 0.25196 0.08124 0.08627 0.61005 0.37284 0.15456 0.16683 0.08626 0.09744 0.56039 0.34938 0.45501 0.93474 0.11986 0.16185 0.53574 0.47780 0.09502 0.13557 0.79202 0.93480 0.62893 0.85041 1.02905 1.29946 1.54646 1.81653 1.80559 1.96406 2.14354 2.10312 2.72093 2.44657 1.00537 0.65363 0.58442 0.45016 0.44450 0.63751 0.34448 0.34206 0.26039 0.19585 0.08787 0.07035 0.04156 0.05574 0.84036 0.67999 0.47833 0.40062 0.37552 0.38482 0.15903 0.17287 0.55638 0.70750 1.60950 1.71083 1.05336 1.18763 0.76335
1.32716 2.41656 3.40074 4.37011 4.07811 4.95107 3.68579 2.17939 2.50293 0.78360 0.14590 0.13034 1.21108 1.02303 1.90051 1.67093 0.30187 0.32123 0.06056 0.05747 0.34446 0.60424 0.44430 0.56930 0.11993 0.08581 0.40085 0.41792 0.14874 0.16042 0.80358 0.94285 0.53642 0.78163 0.97195 0.95349 1.69139 2.10247 2.18988 2.31408 2.55647 2.37173 2.71167 2.63147 1.35644 1.10116 0.77922 0.56475 0.38018 0.56099 0.46480 0.40113 0.18107 0.22224 0.10640 0.07883 0.03394 0.04038 0.68439 0.64996 0.50560 0.40036 0.23576 0.30938 0.10808 0.15488 0.49525 0.43877 1.32868 1.47702 0.87842 0.98130 0.65706
1.22747 0.55953 0.62791 0.68829 1.39060 1.42507 0.20441 0.28461 0.49179 0.71243 0.73432 0.18370 1.34624 1.10218 1.43254 1.49355 0.48392 0.17032 0.00498 0.01318 0.04793 0.11482 0.15108 0.24524 0.09596 0.08410 0.28624 0.25206 0.05089 0.05031 0.23115 0.29432 1.11916 1.57575 0.59876 1.03618 1.69068 1.93107 3.03240 3.22589 2.21204 2.10050 2.65940 2.43215 0.82575 0.98670 1.14959 0.80256 0.77691 0.63761 0.35270 0.35564 0.23610 0.27187 0.17081 0.16760 0.33243 0.30799 0.64417 0.62748 0.25771 0.21743 0.11994 0.10990 0.44774 0.52555 0.40206 0.29588 0.48740 0.49768 0.62407 0.65025 0.68514
1.78585 0.72681 0.44175 0.36293 0.62843 0.59011 0.53100 6.78628 8.51106 4.85680 6.41318 1.74246 2.58775 2.11221 1.57569 2.32539 1.07684 0.45555 0.07036 0.01551 0.07923 0.01686 0.05110 0.18525 0.06331 0.07164 0.25945 0.24866 0.05142 0.07259 0.32396 0.39937 1.43243 1.65590 0.57087 0.82680 1.51830 2.08701 3.04282 3.52496 2.20560 1.94320 2.76648 2.45044 0.82204 0.60992 1.32219 0.91204 0.83105 0.61652 0.28406 0.29307 0.19708 0.20382 0.15324 0.28661 0.42893 0.37519 0.76430 0.46660 0.04779 0.09578 0.07121 0.09530 0.46641 0.44699 0.27230 0.33530 0.26902 0.27266 0.47487 0.49682 0.42654
4.80510 6.69490 2.29766 1.04369 0.35403 0.17603 0.50602 2.68479 -9999 -9999 22.04250 10.22810 7.05565 5.13473 3.88974 3.49691 0.89112 0.63190 0.10274 0.01478 0.16356 0.18185 0.00000 0.00000 0.00633 0.00000 0.20596 0.22816 0.00038 0.00002 0.01730 0.09053 0.67676 0.88199 0.72440 0.93454 1.03345 1.66987 1.48444 1.62556 2.86035 2.27931 0.64476 0.46781 0.70153 0.71545 1.47266 1.11414 0.73657 0.68642 0.24548 0.26587 0.00747 0.00509 0.00000 0.00000 0.28071 0.25880 0.50243 0.42039 0.27845 0.28467 0.00767 0.01522 0.00703 0.03115 0.13306 0.21722 0.35244 0.33909 0.26006 0.24778 0.03458
-9999 -9999 -9999 9.34286 4.86818 1.13457 1.59590 1.51221 0.79890 0.52335 0.44177 3.64561 -9999 -9999 -9999 -9999 27.02210 1.52349 0.76634 0.48880 0.61418 0.40807 0.00000 0.00000 0.16763 0.07511 0.20190 0.24615 0.00006 0.07385 0.08689 0.09270 0.79848 1.02068 0.95624 0.96190 1.04578 0.88257 1.07922 1.08128 2.03237 1.65148 0.38282 0.25293 0.47946 0.48565 1.34462 1.19794 0.71415 0.59904 0.11184 0.11240 0.00000 0.00000 0.00000 0.00000 0.13212 0.12177 0.34337 0.30537 0.15362 0.13264 0.03064 0.04097 0.00444 0.00935 0.15902 0.14687 0.15381 0.17131 0.14913 0.17001 0.03080
-9999 -9999 -9999 1.81501 4.13207 9.57340 0.54247 1.74936 -9999 -9999 3.55155 6.86037 -9999 -9999 -9999 -9999 -9999 -9999 5.54306 2.43567 0.23312 0.14333 0.47844 0.45934 0.53932 0.21797 0.01741 0.00587 0.20971 0.34656 0.00601 0.01883 0.12887 0.25861 0.60939 0.44911 0.28144 0.12320 0.91102 0.88621 0.67078 0.67560 0.42147 0.27351 0.29196 0.29023 0.41357 0.29777 0.24240 0.12411 0.01979 0.09635 0.00373 0.00350 0.00000 0.00000 0.00576 0.00722 0.13997 0.16481 0.14183 0.17368 0.03479 0.02014 0.00002 0.00004 0.25192 0.25148 0.11920 0.13716 0.21470 0.24491 0.02391
