data/hydroclimate-scenarios/BCSD_hadcm_B1/monthly_summaries/snodep_monthly_day1_may.2030-2059.asc
ncols	311
nrows	91
xllcenter	102.75
yllcenter	31.75
cellsize	0.5
NODATA_value	-9999
[rows 0 to 31 of 91, columns 73 to 145 of 311]
-9999 -9999 -9999 -9999 -9999 -9999 -9999 -9999 -9999 -9999 -9999 -9999 -9999 -9999 -9999 -9999 -9999 -9999 -9999 -9999 -9999 -9999 -9999 -9999 -9999 -9999 -9999 -9999 -9999 -9999 -9999 -9999 -9999 -9999 -9999 -9999 -9999 -9999 -9999 -9999 -9999 -9999 -9999 -9999 -9999 -9999 -9999 -9999 -9999 -9999 -9999 -9999 -9999 -9999 -9999 -9999 -9999 -9999 -9999 -9999 -9999 -9999 -9999 -9999 -9999 -9999 -9999 -9999 -9999 -9999 -9999 -9999 -9999
-9999 -9999 -9999 -9999 -9999 -9999 -9999 -9999 -9999 -9999 -9999 -9999 -9999 -9999 -9999 -9999 -9999 -9999 -9999 -9999 -9999 -9999 -9999 -9999 -9999 -9999 -9999 -9999 -9999 -9999 -9999 -9999 -9999 -9999 -9999 -9999 -9999 -9999 -9999 -9999 -9999 -9999 -9999 -9999 -9999 -9999 -9999 -9999 -9999 -9999 -9999 -9999 -9999 -9999 -9999 -9999 -9999 -9999 -9999 -9999 -9999 -9999 -9999 -9999 -9999 -9999 -9999 -9999 -9999 -9999 -9999 -9999 -9999
-9999 -9999 -9999 -9999 -9999 -9999 -9999 -9999 -9999 -9999 -9999 -9999 -9999 -9999 -9999 -9999 -9999 -9999 -9999 -9999 -9999 -9999 -9999 -9999 -9999 -9999 -9999 -9999 -9999 -9999 -9999 -9999 -9999 -9999 -9999 -9999 -9999 -9999 -9999 -9999 -9999 -9999 -9999 -9999 -9999 -9999 -9999 -9999 -9999 -9999 -9999 -9999 -9999 -9999 -9999 -9999 -9999 -9999 -9999 -9999 -9999 -9999 -9999 -9999 -9999 -9999 -9999 -9999 -9999 -9999 -9999 -9999 -9999
-9999 -9999 -9999 -9999 -9999 -9999 -9999 -9999 -9999 -9999 -9999 -9999 -9999 -9999 -9999 -9999 -9999 -9999 -9999 -9999 -9999 -9999 -9999 -9999 -9999 -9999 -9999 -9999 -9999 -9999 -9999 -9999 -9999 -9999 -9999 -9999 -9999 -9999 -9999 -9999 -9999 -9999 -9999 -9999 -9999 -9999 -9999 -9999 -9999 -9999 -9999 -9999 -9999 -9999 -9999 -9999 -9999 -9999 -9999 -9999 -9999 -9999 -9999 -9999 -9999 -9999 -9999 -9999 -9999 -9999 -9999 -9999 -9999
-9999 -9999 -9999 -9999 -9999 -9999 -9999 -9999 -9999 -9999 -9999 -9999 -9999 -9999 -9999 -9999 -9999 -9999 -9999 -9999 -9999 -9999 -9999 -9999 -9999 -9999 -9999 -9999 -9999 -9999 -9999 -9999 -9999 -9999 -9999 -9999 -9999 -9999 -9999 -9999 -9999 -9999 -9999 -9999 -9999 -9999 -9999 -9999 -9999 -9999 -9999 -9999 -9999 -9999 -9999 -9999 -9999 -9999 -9999 -9999 -9999 -9999 -9999 -9999 -9999 -9999 -9999 -9999 -9999 -9999 -9999 -9999 -9999
-9999 -9999 -9999 -9999 -9999 -9999 -9999 -9999 -9999 -9999 -9999 -9999 -9999 -9999 -9999 -9999 -9999 -9999 -9999 -9999 -9999 -9999 -9999 -9999 -9999 -9999 -9999 -9999 -9999 -9999 -9999 -9999 -9999 -9999 -9999 -9999 -9999 -9999 -9999 -9999 -9999 -9999 -9999 -9999 -9999 -9999 -9999 -9999 -9999 -9999 -9999 -9999 -9999 -9999 -9999 -9999 -9999 -9999 -9999 -9999 -9999 -9999 -9999 -9999 -9999 -9999 -9999 -9999 -9999 -9999 -9999 -9999 -9999
-9999 -9999 -9999 -9999 -9999 -9999 -9999 -9999 -9999 -9999 -9999 -9999 -9999 -9999 -9999 -9999 -9999 -9999 -9999 -9999 -9999 -9999 -9999 -9999 -9999 -9999 -9999 -9999 -9999 -9999 -9999 -9999 -9999 -9999 -9999 -9999 -9999 -9999 -9999 -9999 -9999 -9999 -9999 -9999 -9999 -9999 -9999 -9999 -9999 -9999 -9999 -9999 -9999 -9999 -9999 -9999 -9999 -9999 -9999 -9999 -9999 -9999 -9999 -9999 -9999 -9999 -9999 -9999 -9999 -9999 -9999 -9999 -9999
-9999 -9999 -9999 -9999 -9999 -9999 -9999 -9999 -9999 -9999 -9999 -9999 -9999 -9999 -9999 -9999 -9999 -9999 -9999 -9999 -9999 -9999 -9999 -9999 -9999 -9999 -9999 -9999 -9999 -9999 -9999 -9999 -9999 -9999 -9999 -9999 -9999 -9999 -9999 -9999 -9999 -9999 -9999 -9999 -9999 -9999 -9999 -9999 -9999 -9999 -9999 -9999 -9999 -9999 -9999 -9999 -9999 -9999 -9999 -9999 -9999 -9999 -9999 -9999 -9999 -9999 -9999 -9999 -9999 -9999 -9999 -9999 -9999
-9999 -9999 -9999 -9999 29.54090 -9999 -9999 -9999 -9999 -9999 -9999 -9999 -9999 -9999 -9999 -9999 -9999 -9999 -9999 -9999 -9999 -9999 -9999 -9999 -9999 -9999 -9999 -9999 -9999 -9999 -9999 -9999 -9999 -9999 -9999 -9999 -9999 -9999 -9999 -9999 -9999 -9999 -9999 -9999 -9999 -9999 -9999 -9999 -9999 -9999 -9999 -9999 -9999 -9999 -9999 -9999 -9999 -9999 -9999 -9999 -9999 -9999 -9999 -9999 -9999 -9999 -9999 -9999 -9999 -9999 -9999 -9999 -9999
32.36060 26.70760 27.52140 30.21050 29.26220 32.95970 34.64580 38.08020 40.41740 41.88310 43.34970 44.45350 45.04540 44.94340 47.18900 47.08400 46.45910 46.44890 46.05960 44.95490 -9999 -9999 -9999 -9999 -9999 -9999 -9999 -9999 -9999 -9999 -9999 -9999 -9999 -9999 -9999 -9999 -9999 -9999 -9999 -9999 -9999 -9999 -9999 -9999 -9999 -9999 -9999 -9999 -9999 -9999 -9999 -9999 -9999 -9999 -9999 -9999 -9999 -9999 -9999 -9999 -9999 -9999 -9999 -9999 -9999 -9999 -9999 -9999 -9999 -9999 -9999 -9999 -9999
-9999 -9999 29.90640 31.87380 33.99670 34.83620 39.29680 40.79900 42.62600 44.91730 46.06540 46.97180 48.09770 49.24230 50.51370 50.26880 51.82790 52.24010 50.50880 50.09400 -9999 -9999 -9999 -9999 -9999 -9999 -9999 -9999 -9999 -9999 -9999 -9999 -9999 -9999 -9999 -9999 -9999 -9999 -9999 -9999 -9999 -9999 -9999 -9999 -9999 -9999 -9999 -9999 -9999 -9999 -9999 -9999 -9999 -9999 -9999 -9999 -9999 -9999 -9999 -9999 -9999 -9999 -9999 -9999 -9999 -9999 -9999 -9999 -9999 -9999 -9999 -9999 -9999
26.16700 27.12690 30.06890 31.10750 33.60980 34.97080 38.29230 39.86280 42.76660 44.10100 44.87660 46.42770 48.61010 48.77290 50.24790 51.70840 52.33110 52.89460 51.66110 51.97870 48.76880 48.25020 46.40170 46.09900 44.77340 43.30870 -9999 -9999 -9999 -9999 -9999 -9999 -9999 -9999 -9999 -9999 -9999 -9999 -9999 -9999 -9999 -9999 -9999 -9999 -9999 -9999 -9999 -9999 -9999 -9999 -9999 -9999 -9999 -9999 -9999 -9999 -9999 -9999 -9999 -9999 -9999 -9999 -9999 -9999 -9999 -9999 -9999 -9999 -9999 -9999 -9999 -9999 -9999
26.81830 27.43120 29.96100 32.68200 33.55190 35.83340 37.51350 39.71260 42.72100 43.71390 46.46140 48.26160 50.10160 52.69790 51.89660 52.15890 53.67730 54.86250 53.77220 52.85870 52.06280 50.76050 50.35690 47.61030 46.72560 45.18440 44.48570 42.53100 39.85540 39.64760 39.58080 38.96320 36.47690 35.65170 33.53240 33.25260 32.11780 31.30690 30.37860 30.52590 31.49980 -9999 -9999 -9999 -9999 -9999 -9999 -9999 -9999 -9999 -9999 -9999 -9999 -9999 -9999 -9999 -9999 -9999 -9999 -9999 -9999 -9999 -9999 -9999 -9999 -9999 -9999 -9999 -9999 -9999 -9999 -9999 -9999
25.56560 26.71210 30.19190 31.65060 31.02000 32.93390 36.28890 38.49840 42.21200 44.01140 46.05040 47.94600 50.47670 51.76200 51.88340 53.04340 52.81540 54.39310 55.40940 54.16540 51.75900 51.18070 50.71170 49.16970 46.49440 46.34440 45.66100 45.35100 43.17300 42.73450 38.75320 37.30410 36.85350 36.04770 35.30980 33.76810 31.92350 31.26460 31.25030 30.99660 32.05360 31.83590 -9999 -9999 -9999 -9999 -9999 -9999 -9999 -9999 -9999 -9999 -9999 -9999 -9999 -9999 -9999 -9999 -9999 -9999 -9999 -9999 -9999 -9999 -9999 -9999 -9999 -9999 -9999 -9999 -9999 -9999 -9999
27.02980 30.47200 29.22980 29.82110 33.56650 34.43310 37.69900 38.58140 43.35050 44.65590 47.31160 48.51850 50.40730 51.66180 52.28950 52.28150 52.82450 55.48220 53.58290 53.80870 52.25910 52.27550 50.70600 50.29880 49.09690 48.63110 47.46050 45.46800 43.75780 42.43500 41.99210 41.53850 39.72030 39.03780 37.90830 36.16250 35.78470 35.23470 33.55780 32.72140 33.54320 33.36920 -9999 -9999 -9999 -9999 -9999 -9999 -9999 -9999 -9999 -9999 -9999 -9999 -9999 -9999 -9999 35.09040 35.32360 -9999 -9999 -9999 -9999 40.28880 43.64610 45.97130 44.68700 43.75910 44.25090 47.15390 47.55740 50.24120 49.46990
26.52490 28.11070 26.65880 26.91400 28.72710 31.95110 35.06490 36.81470 40.41480 42.95440 45.18510 48.86660 50.57270 49.65920 50.36540 50.34280 51.11650 51.65210 51.29170 51.85790 51.69120 49.36840 48.48290 48.67270 49.21770 49.35880 48.48490 47.20280 45.06910 43.31720 43.24570 41.92800 40.71070 40.43780 38.18300 37.06170 36.56240 36.23510 34.09990 33.31600 34.40470 34.25720 33.43200 33.43570 34.48250 34.80230 35.96140 37.10740 37.38590 37.68130 38.31240 38.51240 38.57370 38.77590 36.86170 37.57980 37.85060 38.89970 38.55790 -9999 -9999 -9999 -9999 -9999 45.02520 46.22960 47.08300 49.53490 51.66440 51.70920 55.75840 57.90640 56.27850
26.33270 29.12780 27.57120 27.70270 29.48400 30.99010 29.72470 30.70750 32.85450 36.47680 43.43750 46.20020 47.28250 48.93630 50.01750 49.67440 50.25010 50.43060 49.40630 50.06640 47.67390 47.41690 48.24460 48.54360 48.34770 48.93300 48.00460 46.98820 46.85150 45.62210 45.30320 44.88140 43.71750 41.86020 40.39150 40.02610 40.21340 39.51290 38.84530 38.80800 38.39430 38.37830 38.37820 37.64090 37.38600 37.57810 39.62590 40.97960 40.73960 39.70420 40.97290 42.11610 44.32170 42.69700 43.06800 43.20130 44.20120 44.06300 44.65470 45.33820 45.40020 45.61940 46.42720 47.49080 48.20820 49.27380 50.69480 52.51420 57.13260 58.61620 60.89300 63.80160 65.77000
23.67260 27.06600 29.62440 27.91600 29.36220 30.52610 26.39350 28.50490 30.10080 34.57920 40.19790 44.13270 45.37440 47.32710 47.55950 48.14920 48.10490 48.66590 47.94850 47.66690 46.76860 47.46960 47.84290 47.99800 47.97230 48.74040 47.88740 47.03970 47.15840 46.59460 45.69340 45.94760 44.58230 42.73510 42.20240 41.57170 40.40590 40.17730 39.95580 40.22520 40.23470 39.18770 38.85500 38.76380 38.60750 39.19080 39.66870 40.34630 41.42220 41.39260 41.88420 44.10690 45.30600 47.14860 46.50770 46.73530 47.90710 48.20460 47.30660 51.15270 49.93540 50.45710 50.17730 51.48460 50.78650 49.89410 51.18690 56.42670 62.09790 63.48750 66.71470 69.11430 71.38830
27.58020 23.71870 23.84910 24.01980 24.23600 26.90230 27.37390 27.64130 31.54570 34.15440 37.27590 40.19630 42.01130 43.68210 44.81530 45.50660 44.36270 46.06280 46.97350 47.77100 46.67860 48.21870 48.35460 47.72780 48.09160 49.22560 49.35990 49.14150 48.87900 49.03710 47.68360 46.35200 44.66520 43.59250 41.69910 41.59690 41.07380 40.50990 40.79780 40.47610 43.59830 43.53110 42.58690 41.24490 40.82680 41.05460 41.00560 42.61950 42.76210 44.55490 45.87370 46.58610 46.92510 47.54000 47.72320 50.21850 50.47610 51.53670 51.93200 54.78770 54.34140 56.30280 57.93910 57.18720 57.28940 57.99680 58.53220 60.16960 62.32290 64.49360 66.52760 70.90400 71.59290
28.66160 28.52210 24.96070 22.13570 22.42290 25.04910 26.41170 25.12370 34.31550 35.66360 36.53020 37.02460 39.12650 41.80650 42.43100 43.52940 42.98530 44.74500 46.43000 46.02560 46.74520 46.89560 48.24890 46.69430 46.87160 46.83490 47.55840 48.01960 48.26750 48.83400 47.33780 46.37720 45.17150 43.38050 41.63850 41.47230 41.49420 41.79510 42.14490 41.94310 42.88940 42.89760 43.88760 43.92880 42.44670 42.23090 41.46840 43.14120 44.63740 46.31940 48.23050 47.94180 50.09580 52.15260 51.52690 53.85090 52.05980 51.63740 52.55640 53.64670 54.39430 58.98420 60.55570 63.45340 64.63070 63.60450 62.90530 63.22950 65.33020 64.60060 67.38800 71.90940 74.05910
30.41920 32.45700 32.87110 28.92270 23.77350 23.04010 27.29970 26.29950 31.19880 36.16200 41.04140 43.96950 43.25140 41.93360 40.51860 41.13110 40.35160 42.55960 42.74660 43.53190 45.51560 46.00190 46.25010 47.34350 50.39160 50.98710 51.64020 52.03950 52.04540 52.34200 50.92690 49.78410 46.44760 46.27300 44.57360 45.41160 42.92520 42.43000 45.52360 46.21480 45.81500 45.47900 44.42280 42.91500 42.39500 43.79970 43.23570 44.51760 44.26890 47.60980 49.09630 49.63680 50.82790 52.51810 53.46370 55.06080 54.34180 57.58040 58.01760 58.39930 59.26730 62.00510 60.96940 61.77430 62.92580 65.53370 64.74270 65.79250 66.82320 67.70770 68.45800 72.82940 78.02510
33.40480 33.65110 33.42350 32.44190 30.74740 29.81130 29.96390 28.50260 26.94890 30.88890 34.37140 39.12120 43.33160 44.51190 42.62640 43.27430 41.81580 42.88310 43.30420 44.54580 44.64750 46.54290 48.16720 50.05140 52.89960 53.26670 55.43730 54.55330 54.08270 54.81520 52.19790 51.86170 48.18250 47.66380 45.95620 46.04330 44.06530 44.59110 47.37030 47.24170 46.25630 47.33990 46.55860 46.28920 46.36750 46.93150 46.78560 46.57080 49.19670 51.47030 53.22480 54.25260 56.16230 57.48480 58.81250 58.43880 59.17430 61.68640 61.26420 62.55940 65.51050 65.50630 65.71830 65.68210 66.55740 65.18480 65.28090 67.14170 66.82420 68.43280 71.40820 78.84040 80.28350
32.06730 32.58320 33.01310 34.18890 31.88860 31.06470 30.66820 29.31560 30.00860 32.15750 32.82750 32.99530 36.06630 38.06000 39.32870 41.88330 42.74640 43.90080 46.85400 48.39380 47.43960 48.45910 50.29090 54.03690 53.72460 55.30920 58.26740 57.31070 55.18710 53.96610 51.76450 49.86540 50.15000 46.33760 44.81730 44.38000 46.35820 46.21240 46.47890 45.87550 46.81670 46.64860 46.50920 46.26670 47.38890 46.48280 48.95090 52.66430 54.11050 54.45150 55.60470 58.35200 58.84640 62.69280 61.87140 64.08460 63.94930 64.59460 66.70530 69.53880 69.72900 70.53340 70.80950 70.16210 68.68210 67.43720 67.53030 67.81480 69.01920 72.01190 78.38450 83.51260 84.33340
28.93290 29.92420 32.37780 34.88440 31.73990 33.10570 32.24710 29.38870 29.18880 35.52100 36.46790 34.64410 40.56150 41.06320 41.32470 36.33820 40.39400 42.72500 48.33620 50.21080 49.09040 47.79090 50.15230 53.04690 53.51080 55.67360 57.13850 56.44930 56.23930 55.39730 51.20920 48.87770 46.79290 46.30850 44.94510 44.78660 46.28150 46.61800 49.44250 48.90170 48.27420 48.58530 44.44380 43.52690 45.50870 47.64560 51.82860 55.11550 55.90050 57.28790 56.81380 60.15200 63.95430 66.34820 66.73550 68.21240 68.74260 69.03840 70.48850 72.39810 73.00330 75.23050 73.16380 71.57330 70.61540 69.00530 67.79110 69.85760 71.61060 74.53000 80.58540 84.13670 88.07390
31.01720 30.61630 29.64580 31.31920 30.33380 31.55580 31.63670 31.72000 29.98710 32.39230 34.31440 33.63730 39.38380 41.31190 39.03840 41.06970 41.15590 41.03950 42.44540 45.21810 47.25730 48.38110 49.00840 49.27910 51.02460 53.39580 56.24590 55.74240 56.54740 55.62920 52.26030 50.91430 47.91660 46.28640 46.82670 46.67340 46.10600 46.62940 49.32470 49.17340 49.95720 49.37670 44.65570 44.68690 46.03430 48.65370 53.51200 57.21920 59.27700 59.26510 59.83970 63.24540 63.84100 65.47500 67.07110 68.75020 73.44170 73.73570 74.60790 75.63500 76.63200 76.46340 77.20140 76.55090 73.75240 72.29120 73.39770 72.82730 73.32720 77.58810 81.71310 86.52900 92.56970
33.65650 33.99810 31.51990 29.96130 28.63920 28.62200 29.24300 28.39480 29.53460 33.82560 33.44450 33.65790 35.10900 39.19510 38.58150 39.60250 42.85550 42.87200 41.59440 42.10970 43.43500 46.56380 50.00870 52.20000 51.29610 52.53400 56.55240 57.44720 56.71190 55.46410 50.35460 49.55780 47.65270 48.49420 47.75620 48.80700 47.57960 49.12210 52.37550 50.65000 51.24760 54.13140 49.68670 47.61640 47.39220 50.78290 53.61190 57.06180 60.09190 59.47600 59.28540 60.31850 60.92640 64.11240 68.56590 72.15310 74.09000 77.02260 76.63330 79.00180 79.46770 79.98150 80.30150 78.41790 76.15580 74.69330 74.32560 79.10660 80.54500 82.22490 85.30580 92.92340 98.16930
37.99480 38.66470 36.11980 35.14560 32.63470 31.20120 26.82600 28.25830 28.82160 31.62670 36.52620 35.50910 34.17280 35.79800 40.01810 42.62800 43.08200 44.48750 42.51090 43.90340 47.14270 49.10300 52.06120 53.28610 56.78420 57.17760 54.46830 56.31700 53.53630 52.78950 50.62630 53.26860 51.55750 48.09760 49.44700 50.76040 48.77780 48.56470 50.95130 51.71270 52.11030 51.29500 51.26180 51.31070 51.82840 54.90410 54.96610 58.25810 60.54990 63.30660 64.74150 67.28310 70.21090 73.57970 75.93840 76.10340 77.80830 78.75100 78.94520 81.39950 84.49720 84.86230 84.55390 83.48240 80.71680 79.63460 82.99520 84.23870 86.16230 89.46930 90.44470 95.39910 97.61490
37.91950 35.73150 38.57860 36.17120 35.37750 32.14770 29.45850 27.63750 23.18040 27.30670 33.15640 37.41720 38.30660 38.05730 41.28140 40.56620 43.40190 43.05900 45.53620 44.98660 46.82400 49.34620 51.93380 55.04170 58.47600 58.69170 55.57520 54.99420 56.30340 54.63460 54.10950 54.10920 54.23950 49.94480 50.16820 51.26720 51.80210 53.06980 53.50420 54.01640 53.54050 54.61540 54.15180 54.75010 53.10300 57.55690 60.05390 62.20460 65.87200 68.53230 71.48120 73.58530 79.07990 80.88740 83.28060 83.91380 83.35200 83.88560 84.70280 85.35240 88.88910 89.35520 91.41530 90.39020 88.88110 89.62500 89.52440 87.85260 91.04710 94.98880 99.14910 105.52200 109.80500
40.48550 38.65080 39.17410 41.65580 38.78770 38.14460 36.02800 34.65000 31.04460 34.12320 36.59570 39.13350 42.02130 40.07730 40.09980 40.03280 43.79240 44.92400 43.68200 48.16660 49.68590 50.02390 51.74360 50.87900 53.82540 55.46290 55.55380 57.32670 55.32730 54.69150 56.58920 56.12360 55.34300 53.18800 50.16890 53.31450 54.71790 58.02500 56.76600 57.55050 59.00400 56.24420 53.85830 54.49940 53.53500 53.80000 57.78660 60.60090 64.04530 67.53940 73.48230 79.47210 87.48820 92.27140 94.88940 92.51780 91.03050 90.12450 91.53070 91.83810 94.66490 97.20480 98.23340 96.45250 96.77010 101.26900 97.90200 97.15340 98.38860 102.34800 106.95200 110.13200 110.83000
40.18460 40.52980 42.94080 41.11160 45.39800 43.18310 40.76250 42.86620 41.90250 40.59200 41.52010 44.74390 43.02940 41.83980 44.15500 43.01250 42.46820 45.61450 46.19090 51.32630 55.96950 52.43640 52.21550 52.74700 55.21090 55.99380 57.79010 61.08520 58.76130 56.89910 60.51100 60.42970 60.11800 56.95340 55.39800 56.49930 58.52700 60.04540 59.71010 57.53060 60.03000 58.11540 51.00090 52.97610 54.26480 58.35470 64.25860 65.77400 -9999 -9999 75.52500 81.27480 84.57880 91.96900 95.84500 96.43150 95.60740 97.63660 98.55870 103.51300 106.87200 107.54200 107.32400 108.08200 106.47100 111.33800 107.79500 106.09900 109.24500 108.83700 114.14800 114.56200 111.34200
41.33160 44.57830 47.06250 45.62250 44.84290 44.67230 43.88020 40.10370 41.79400 44.61260 43.99030 45.34550 43.38930 41.98070 45.50860 45.68460 45.23050 49.37950 50.10550 50.58620 53.96140 56.29950 60.87660 58.79890 58.33310 56.38860 58.25370 61.27210 65.30630 62.46950 63.72660 64.57610 64.52590 62.34830 61.69250 57.60050 55.64560 -9999 -9999 -9999 -9999 53.50270 -9999 61.38590 67.34230 67.68990 67.94940 64.72730 -9999 -9999 82.45300 85.50870 87.67090 89.91520 87.84820 92.18880 96.03680 100.61400 103.36300 106.16000 107.49000 109.17800 107.78800 114.67600 112.18100 114.41300 111.10700 111.57600 112.45000 111.83900 -9999 -9999 -9999
44.38320 46.71720 47.17700 43.13390 48.50250 45.98460 37.74850 39.59450 39.55000 42.23870 42.90970 45.26280 44.89150 40.19890 45.92190 51.11530 53.74510 52.84070 55.28750 53.58310 59.25680 59.32500 62.64350 61.47910 59.04340 60.36890 61.90490 65.16130 70.30360 72.02380 72.92790 71.63580 71.92600 67.42930 62.88820 -9999 -9999 -9999 -9999 -9999 -9999 -9999 63.09470 67.25270 67.27000 -9999 -9999 -9999 -9999 -9999 76.34210 81.38180 90.74870 90.27090 92.10480 92.57680 95.18120 101.59700 101.28400 105.00000 110.37000 113.42000 110.87000 110.56800 115.30400 120.15200 116.67500 114.67200 -9999 -9999 -9999 -9999 -9999
