data/hydroclimate-scenarios/BCSD_hadcm_B1/monthly_summaries/snodep_monthly_day1_dec.2030-2059.asc
ncols	311
nrows	91
xllcenter	102.75
yllcenter	31.75
cellsize	0.5
NODATA_value	-9999
[rows 32 to 63 of 91, columns 0 to 71 of 311]
-9999 -9999 -9999 -9999 -9999 -9999 -9999 -9999 -9999 -9999 -9999 35.07720 36.27570 36.95440 37.99740 36.96990 40.43570 39.12500 40.27220 41.93850 42.18300 39.89850 38.57680 36.44070 35.32390 35.24710 34.87500 32.37900 30.54610 30.45480 28.99130 29.04420 28.18830 29.02820 29.73820 27.97330 29.55780 29.87220 30.78640 32.62180 33.06420 34.08700 34.01890 34.86730 34.67210 32.98660 33.48640 34.11870 33.91440 34.65520 33.28460 34.13270 34.15540 34.09260 33.41820 33.17650 33.16700 33.95540 34.37660 35.30090 35.72540 34.72660 35.79630 37.27440 36.47820 34.98380 35.60850 33.13190 35.45590 35.86800 35.02240 36.07720
-9999 -9999 -9999 -9999 -9999 -9999 -9999 -9999 -9999 -9999 -9999 36.66190 36.99480 36.65060 37.33060 36.85750 37.02820 37.31660 38.71260 38.84810 38.97030 38.51130 36.96170 35.60730 35.74670 35.85450 35.03710 31.28200 28.91540 28.64120 28.55860 26.95690 26.41620 26.47000 27.15580 27.40360 27.84180 28.80160 29.63890 32.80490 33.31490 34.36920 35.22440 35.30450 36.43740 35.86890 35.99420 35.57340 35.39130 36.55150 35.74580 35.27650 34.55880 34.73050 34.42920 33.89780 34.39750 35.23450 35.07100 35.29480 35.38760 35.44800 35.90670 36.32710 36.71670 36.73200 35.13910 33.98410 34.60270 35.86570 34.66680 36.61930
-9999 -9999 -9999 -9999 -9999 -9999 -9999 -9999 -9999 -9999 -9999 -9999 33.92550 34.18040 34.76680 35.25190 36.31120 35.84950 36.44630 37.31240 37.37600 36.41280 37.51610 36.67650 35.47630 36.77720 34.89440 33.33920 29.60150 28.81630 27.15760 25.91770 25.80010 25.88240 26.08610 25.25750 26.78760 28.32620 29.75930 31.25330 33.33430 35.49590 36.31410 35.16940 36.15990 35.97710 36.26770 36.38290 35.31250 35.67870 35.35130 35.40030 34.73730 34.38090 34.98520 35.57650 35.46500 35.90460 35.18950 33.85230 34.87970 35.05030 35.35910 35.53060 35.75430 34.38820 33.14900 32.16190 35.72540 36.07050 33.15650 33.23080
-9999 -9999 -9999 -9999 -9999 -9999 -9999 -9999 -9999 -9999 -9999 -9999 30.89690 31.72860 33.76480 33.05120 33.10770 33.24690 34.57190 35.63270 36.65620 39.97350 38.62020 38.15420 37.64850 35.02620 31.85080 31.53910 28.96570 28.22840 27.12470 25.29630 23.85590 24.00970 23.81570 23.81300 24.93300 26.49410 27.97190 29.05710 32.28060 34.91510 35.81760 35.17120 35.63570 35.02600 34.52290 36.76020 36.69770 36.26030 35.84340 34.84970 35.16780 34.53280 34.16160 35.24370 34.68040 35.39390 34.30790 32.19870 33.57580 34.51670 35.12880 35.23070 34.19840 32.30320 32.66790 31.73250 32.64250 33.17170 34.37640 32.51580
-9999 -9999 -9999 -9999 -9999 -9999 -9999 -9999 -9999 -9999 -9999 -9999 31.40160 30.71330 30.06970 31.58080 33.05160 34.40690 36.64170 38.10840 40.03810 39.91150 38.81990 37.57590 34.11760 32.21970 28.87110 26.91070 26.57470 26.20000 24.31280 22.86610 22.62060 23.18550 22.82130 23.92760 24.60090 25.12510 26.49530 28.87640 32.05410 36.15670 36.27590 36.03560 36.48180 39.40740 39.67700 40.61400 38.25230 36.47310 35.91460 35.46270 34.67130 34.65010 32.87360 32.62400 33.03950 33.29070 33.24740 34.11310 34.48660 35.57680 35.80520 33.24360 33.47350 32.82830 32.14220 31.66370 33.00680 33.56230 33.51600 31.77850
-9999 -9999 -9999 30.82270 30.09440 30.08240 30.41700 29.26680 29.59190 -9999 29.40250 30.47970 29.60680 28.67450 28.19900 29.02900 30.42380 31.21580 33.75990 35.05930 36.05400 35.02770 33.23410 32.00680 30.30270 28.06030 25.88990 26.98810 25.18730 27.27980 24.03270 21.45630 22.85300 24.29530 23.62250 24.09080 25.38470 25.63670 26.55240 28.00300 29.79930 33.20840 34.05920 34.59440 37.86830 42.10090 44.35350 42.04110 39.59720 38.08190 37.05610 37.26130 37.06010 37.31580 36.04170 38.07080 38.15990 35.61810 36.81630 35.78860 34.63660 35.40860 35.16830 34.15260 33.15570 32.04010 32.65000 32.23830 30.99770 33.24740 34.14890 33.39180
-9999 -9999 -9999 27.21560 26.91390 26.13490 27.43330 28.83370 29.09840 30.44920 29.07930 27.20180 28.02310 28.12260 28.22820 29.46200 29.60270 28.56900 28.46680 29.63520 29.66870 29.50130 27.78180 27.21770 27.58010 25.98470 25.48960 24.78320 24.91990 26.17260 23.08220 22.82340 22.42510 24.03580 24.70010 24.77980 25.70210 26.73470 26.07110 29.33970 31.15920 32.12570 32.27370 35.88540 40.72640 45.03550 45.68410 40.93590 41.28860 41.40790 40.31730 38.68670 38.68830 37.99000 36.07660 35.63520 34.92920 35.68030 37.28890 36.36280 35.95140 35.91790 36.34660 33.19920 32.99390 28.97250 28.42800 27.12150 29.04650 31.87700 33.40660 33.03830
-9999 -9999 -9999 23.12320 22.57800 24.58250 26.37470 27.02180 25.72630 26.92120 27.12740 26.02890 28.05970 29.78020 32.22630 29.52630 29.15660 28.13430 26.25790 26.75130 27.23380 27.10000 25.14610 26.20210 26.18090 24.30670 23.91050 23.00830 22.49790 24.09260 24.76160 23.73180 21.38420 22.99390 23.80760 24.03900 23.96870 23.51250 24.93620 27.40030 29.49460 30.74700 32.37820 34.56540 36.51830 42.24770 42.23840 41.21880 39.75620 41.36360 40.81160 37.51130 36.68730 36.68720 34.92510 34.12170 34.10970 34.51130 36.02750 36.22210 34.86070 34.90690 34.42440 33.81950 32.77340 29.50960 29.31280 31.05910 34.99020 36.20110 37.98820 34.04970
-9999 -9999 -9999 21.77490 19.99480 24.84430 26.72050 26.90990 26.69440 26.61770 25.17930 24.36930 29.21080 28.46240 30.10010 29.78680 29.82280 29.56820 28.02330 25.60660 26.75930 26.95890 26.64250 25.29710 23.93260 22.63770 22.22860 20.99300 22.07200 23.57490 21.36820 18.14660 20.88670 22.28790 23.04560 21.28640 20.85930 20.01390 21.76240 23.00370 25.95850 29.96090 32.06460 34.79380 35.00330 39.52570 40.29830 39.61330 41.38400 40.60990 40.08660 36.06920 35.41710 35.50220 35.29040 33.14750 33.28110 35.03210 36.25270 36.47450 38.04180 35.47680 35.76740 36.89590 36.69720 35.43010 35.84210 36.18810 40.43540 40.13560 34.42170 27.14220
-9999 -9999 -9999 18.72830 17.65450 22.45540 22.22610 23.15230 24.67020 23.90170 22.37360 24.78350 27.54200 29.02980 31.05040 30.76320 30.54490 28.06260 24.93910 21.43820 22.40630 23.43340 23.02590 20.24420 19.01880 18.38160 16.81620 16.64700 17.96030 19.94160 19.26790 19.21710 19.47080 18.89560 19.44600 19.83300 20.35560 18.96220 19.64540 21.14900 23.08950 26.24100 28.60350 30.49010 30.11190 33.06020 34.15350 36.31190 36.60570 37.76180 37.32280 32.94740 32.62150 35.22650 33.89050 33.69640 31.43100 32.60760 34.69160 37.01020 37.34590 36.76890 37.25850 41.04820 42.24160 38.96650 39.52710 40.53920 41.78690 35.52880 27.53990 -9999
-9999 -9999 -9999 -9999 20.14470 23.59390 22.71770 24.81540 25.07520 24.95660 22.57020 23.20530 29.87590 26.81720 -9999 -9999 -9999 -9999 -9999 22.59540 21.05130 18.61520 19.12360 19.35160 17.18200 15.17980 13.09690 13.17880 13.42710 14.53150 15.53300 16.23610 16.38760 16.61750 16.08140 15.56260 15.96550 16.56490 17.68300 18.49630 19.43520 21.11070 22.07220 25.11380 26.47520 27.57650 30.52710 31.00680 30.74030 30.50470 30.79550 31.73890 30.22270 33.10550 33.67250 34.40350 35.26410 35.70390 36.34840 36.73690 38.47600 39.35720 41.32630 41.99990 42.89300 43.41860 41.33510 35.04450 31.58510 -9999 -9999 -9999
-9999 -9999 17.28450 19.02460 19.48800 20.19080 21.91700 23.69700 22.19680 23.21910 20.81060 23.10170 28.62620 -9999 -9999 -9999 -9999 -9999 24.46420 19.68050 17.65240 13.09740 12.76320 13.81900 12.95330 12.63740 11.21190 10.49200 10.84060 12.19080 11.78080 12.56070 13.54130 13.31510 13.91880 12.78750 14.07540 15.15550 15.70020 16.26150 17.49250 18.34420 19.38030 21.62000 22.04400 23.86590 25.82590 25.75630 25.18220 24.82080 25.25410 25.03790 26.23610 26.73980 29.26010 27.62410 30.57160 34.54410 35.69750 34.20990 35.64280 36.98080 38.27470 39.95950 39.30700 38.74770 36.19150 -9999 -9999 -9999 -9999 -9999
-9999 -9999 19.52620 19.00340 17.54120 16.56710 17.36060 20.26520 20.20310 19.15920 21.68380 24.66540 26.10400 -9999 -9999 -9999 -9999 18.50300 19.59650 15.99200 13.93570 10.26650 9.65867 9.53627 8.51639 8.11843 8.27212 8.66627 8.26115 8.51135 9.38772 10.07910 10.70370 12.05460 13.34770 12.74210 12.56140 12.89740 14.27720 15.86750 15.91110 16.07370 17.92930 18.45720 19.14850 20.71010 21.07660 24.24160 21.68940 22.03740 22.53000 20.43920 21.26730 23.26000 24.04660 22.62580 24.07380 31.79690 33.49060 31.86480 31.84050 34.86140 32.86870 30.34900 29.52810 -9999 -9999 -9999 -9999 -9999 24.76460 -9999
-9999 -9999 18.00500 19.04810 17.53770 16.36680 16.28510 17.10380 18.20280 19.61470 23.06180 26.20870 12.72710 -9999 -9999 -9999 -9999 18.82020 16.70990 13.84270 11.06030 6.86687 5.63724 5.95815 6.09586 6.21332 7.15748 7.60348 7.47273 7.90348 8.57759 8.31646 9.75542 11.91940 12.71340 11.41130 12.10700 12.17360 13.65650 13.22980 13.61570 13.73140 13.72990 16.18230 16.75700 19.22490 20.33160 21.24920 20.53290 20.66990 20.55660 19.59200 20.67900 22.48280 22.88160 21.43760 22.63740 28.32470 28.65850 27.62850 26.07550 24.26110 25.38910 28.85750 33.05700 32.83920 26.21150 27.77670 23.45670 -9999 -9999 -9999
-9999 -9999 -9999 17.06330 16.40900 14.84250 14.86290 15.89330 17.65770 20.67970 21.13650 15.05830 -9999 -9999 -9999 -9999 21.06830 18.67350 13.87000 10.48440 7.41706 5.47479 4.76742 5.24358 5.34771 5.96504 6.36994 5.83469 6.67458 6.88944 7.42648 7.96848 8.51789 8.82703 8.65650 10.22130 10.34300 9.62436 10.23570 10.85080 11.19570 11.58620 11.85800 11.63930 12.58390 15.20220 15.23630 16.35060 16.61580 15.99500 18.43270 17.80120 17.65720 21.43790 23.52140 23.99710 24.46600 29.47680 29.60910 27.93550 27.69610 28.96150 33.78490 39.50580 44.53830 29.96230 22.31320 30.65200 27.65590 22.96660 -9999 -9999
-9999 -9999 -9999 -9999 15.03870 14.12380 13.75910 15.64060 18.16770 16.43100 10.03910 -9999 -9999 -9999 -9999 21.12080 20.34100 14.84230 10.98970 7.93837 5.41192 3.71590 3.69911 4.17119 4.46470 4.63197 5.05960 5.00363 5.37349 6.53149 6.50691 6.40231 6.90459 6.97307 7.74660 8.86938 9.02779 8.90345 9.31794 10.02450 10.49570 10.45120 10.09000 10.39720 10.27740 12.74250 13.86940 14.69760 14.09780 13.85200 15.49130 15.58960 16.69390 19.32370 19.73870 20.74800 21.12760 27.27050 28.35560 26.30810 30.51420 33.81890 35.30980 31.31830 34.74600 28.35570 20.01540 23.75420 25.74810 22.58490 22.48650 18.59790
-9999 -9999 -9999 -9999 -9999 -9999 14.98360 13.79070 10.57370 9.37446 15.43630 -9999 -9999 -9999 -9999 -9999 16.22070 12.51550 10.35180 6.33839 5.38871 3.25369 3.21839 3.34997 3.22045 4.43618 4.41257 4.27439 5.17453 5.54730 5.87877 6.23232 6.60869 7.20952 6.91954 8.36349 8.99728 7.89827 7.63748 8.95916 9.23915 9.06134 9.90897 9.57236 9.21663 10.41700 10.75920 12.02970 13.13650 12.69020 14.73360 14.85730 15.71130 17.45380 18.59480 20.45750 22.09750 25.37940 26.01180 27.12230 30.23040 30.08720 32.08370 33.46070 35.94170 30.29630 21.20820 18.17170 18.70580 20.89400 21.73100 18.54710
-9999 -9999 -9999 -9999 -9999 -9999 -9999 -9999 -9999 -9999 -9999 -9999 -9999 -9999 -9999 -9999 -9999 -9999 -9999 5.28281 4.26989 3.53741 2.80510 2.94275 3.00731 3.54796 4.96723 4.52226 5.30602 5.98860 6.10544 6.08596 6.19595 6.94956 6.93391 7.73262 7.61595 7.40378 7.39345 8.57564 9.00049 8.14914 8.21229 7.99581 8.88095 8.97546 9.54105 10.74880 11.25780 11.97620 13.32080 12.89180 14.26870 15.98500 16.74610 18.63200 19.76590 23.87190 24.25320 24.89270 28.99810 26.25280 29.22150 31.31680 31.39580 21.27590 15.53360 15.81170 16.20770 20.47050 21.93580 18.47950
-9999 -9999 -9999 -9999 -9999 -9999 -9999 -9999 -9999 -9999 -9999 -9999 -9999 -9999 -9999 -9999 -9999 -9999 6.12496 4.77682 3.61521 2.28065 2.24033 2.94561 3.17394 4.14245 4.22120 4.74452 4.54420 5.53344 6.50676 5.83802 5.98190 6.85788 7.66128 7.37272 7.44246 7.08629 7.40006 7.13086 7.48121 7.17647 7.16622 8.48315 8.27183 8.19665 7.97677 9.27300 9.84315 11.37350 12.50820 13.31790 14.14950 15.07010 16.09260 18.10580 19.34340 22.44340 24.09230 22.47060 21.40280 19.30400 21.78430 23.29370 24.34450 17.44900 15.37170 14.01540 14.86040 14.90180 16.37180 22.91400
-9999 -9999 -9999 -9999 -9999 -9999 -9999 -9999 -9999 -9999 -9999 -9999 -9999 -9999 -9999 -9999 -9999 5.73364 5.36790 3.30465 2.53533 2.14403 2.13882 2.98700 3.36413 4.16802 4.37767 3.87163 3.61868 5.28108 5.50463 5.19319 5.98344 6.53535 6.18313 6.65250 7.08262 7.66576 7.18572 7.10068 7.16773 6.57271 6.85774 6.76697 6.96176 7.34755 7.89762 8.89568 9.08992 10.33570 11.68090 12.24880 13.56870 14.83720 15.30780 16.91540 18.24300 19.70440 20.17670 17.74510 16.50860 16.70070 23.22640 23.89660 16.90100 14.83670 15.05510 14.63130 14.48560 14.40720 16.66250 18.00880
-9999 -9999 -9999 -9999 -9999 -9999 -9999 -9999 -9999 -9999 -9999 -9999 -9999 -9999 -9999 -9999 -9999 4.62724 3.87492 3.01453 2.84143 2.39309 1.56075 1.44218 2.10842 3.38949 3.49529 3.60943 3.69378 3.99303 4.77326 5.28405 5.58948 5.77269 5.62869 5.85173 6.07582 6.19341 6.55057 6.98037 6.67183 5.59800 5.44695 5.85360 6.19444 7.47682 6.63196 8.10573 9.37311 9.45406 10.25610 10.99970 12.16610 13.70360 13.70440 13.42390 15.47260 14.99160 14.97750 15.26750 16.24620 18.35270 19.33840 21.29590 24.59310 18.39230 15.37990 17.21180 15.16640 13.83070 15.21280 19.62320
-9999 -9999 -9999 -9999 -9999 -9999 -9999 -9999 -9999 -9999 -9999 -9999 -9999 -9999 -9999 -9999 5.31222 3.73715 3.03859 2.65263 2.03464 1.77360 1.76356 1.45481 2.01267 2.43463 2.61295 3.05236 3.45558 3.93001 3.85629 5.31918 5.47487 4.59640 4.47052 5.73934 5.91868 6.03312 6.28014 6.35182 5.97677 4.73721 4.85674 4.40917 4.52700 5.33348 5.82331 7.52803 8.09009 8.09232 9.22124 9.32778 10.79520 11.86890 12.25820 12.23540 11.79910 11.60010 11.90520 14.20740 14.24700 15.05180 17.47650 22.68050 19.74990 16.44360 16.66290 15.92970 13.55840 13.34120 15.80520 18.66350
-9999 -9999 -9999 -9999 -9999 -9999 -9999 -9999 -9999 -9999 -9999 -9999 -9999 4.53350 4.58652 4.04036 3.98658 3.22325 2.54193 1.74060 1.80504 1.22249 1.22266 1.72463 1.92206 1.59362 1.63228 2.05835 2.78618 3.45685 3.40358 2.54538 3.52150 3.76637 3.76913 4.11050 3.79540 3.89132 3.72383 4.34698 4.23320 4.03321 3.85048 3.18793 3.81130 3.88300 4.60748 4.72862 4.84941 6.00268 6.99406 8.10458 9.15250 10.27110 10.77140 8.22243 8.04737 8.49189 8.54791 10.31270 11.36600 11.98330 13.89440 13.28480 12.55130 12.73910 14.01440 14.96220 15.11480 14.55220 16.97870 17.60670
-9999 -9999 -9999 -9999 -9999 -9999 -9999 -9999 -9999 -9999 -9999 -9999 3.53800 3.25440 3.81194 3.66567 3.05261 2.95444 1.97565 1.59577 1.93081 0.90966 1.17570 1.64823 1.60657 1.54212 1.54800 1.81458 1.77330 3.25946 3.28307 2.35395 2.56069 2.97750 2.89985 4.00380 3.88648 3.79510 3.25010 3.95338 4.04429 3.45885 3.15351 2.33135 2.65600 3.93373 3.54941 4.47201 4.25045 4.56183 5.43455 6.11817 6.98831 8.02253 9.10294 8.01007 6.75873 7.79671 8.74140 9.66244 10.05210 10.13330 11.45280 12.61790 12.58710 13.14730 14.35870 14.66200 14.13440 15.92750 18.99210 16.84060
-9999 -9999 -9999 -9999 -9999 -9999 -9999 -9999 -9999 -9999 -9999 4.07522 3.81238 3.61314 2.92279 3.97490 4.21445 3.21803 3.10619 1.71696 1.08864 1.60234 1.72594 1.81789 1.90628 1.62510 1.68379 1.41213 1.44731 2.03668 2.20519 2.30872 2.27055 2.65835 2.56977 2.78976 2.62883 2.57811 2.18761 2.16326 1.93279 1.99104 2.04851 1.90306 2.55100 1.73379 1.71704 3.79643 4.68932 3.65052 3.92178 5.73009 6.39786 7.00975 7.38819 6.36575 6.04489 6.41959 6.70955 6.59204 7.11508 8.13218 8.53116 10.83430 12.03420 12.71650 13.33710 12.09210 13.04270 15.69160 20.51550 23.25570
-9999 -9999 -9999 -9999 -9999 -9999 -9999 -9999 -9999 -9999 4.97489 4.55806 3.24647 3.27609 2.95611 3.03592 3.15124 3.01054 3.27671 1.25341 1.07420 1.09557 1.25062 1.20936 1.21681 1.70696 1.71695 1.44084 1.45428 1.67771 2.29393 2.57902 2.63757 2.71067 3.32818 2.89638 2.75721 2.62727 2.26522 1.96218 1.72936 1.88870 1.84561 1.62300 1.70740 1.01584 1.46502 2.67382 3.60284 3.38055 3.59281 4.46878 4.87031 5.45400 5.67348 4.66676 5.25427 5.21097 5.61145 6.55569 6.82515 7.50835 8.14067 10.48910 11.33210 12.06960 11.95000 11.43590 13.84760 17.85190 20.76740 19.28200
-9999 -9999 -9999 -9999 -9999 -9999 -9999 -9999 -9999 2.50906 2.86723 3.22528 3.60631 2.77778 2.42698 2.01122 2.04078 2.22651 1.29135 0.91106 0.91944 1.34844 1.49624 1.51315 1.76571 1.98828 1.90983 1.31358 1.22126 0.72454 0.66005 1.68205 1.87750 2.98041 3.80127 3.93047 2.98118 2.70079 1.90660 1.57460 1.11450 1.31610 1.35321 0.79085 0.75759 1.37249 1.82344 2.71482 3.40895 4.06769 3.59562 3.62764 4.41612 5.78154 6.39705 4.03902 5.01988 5.88380 6.62437 6.67543 7.11947 7.47389 7.98346 8.56536 8.91767 9.53158 9.53036 10.71650 13.45180 16.39890 16.43030 15.91930
-9999 -9999 -9999 -9999 -9999 -9999 -9999 -9999 -9999 -9999 2.28700 2.09293 2.23385 2.66754 2.28224 1.87067 1.86403 1.19655 1.36226 1.13993 1.12005 1.56730 1.58479 -9999 -9999 -9999 -9999 -9999 -9999 0.77420 0.63613 1.48456 1.51590 2.59849 3.39507 3.42815 2.68569 2.30276 1.10645 1.04599 0.99808 0.80179 0.77712 0.55989 0.72771 1.42603 1.57190 2.38176 2.74464 3.14436 3.45075 3.25788 4.05598 5.45140 5.93568 3.63907 4.23118 5.74795 6.01583 6.39019 7.05473 7.24359 7.28960 8.06018 9.52646 8.37215 10.35490 11.76970 18.65160 18.58520 19.53540 15.98840
-9999 -9999 -9999 -9999 -9999 -9999 -9999 -9999 -9999 -9999 -9999 -9999 1.88203 1.06101 1.11167 0.89312 0.86310 1.04672 1.13249 -9999 -9999 -9999 -9999 -9999 -9999 -9999 -9999 -9999 -9999 -9999 -9999 -9999 -9999 1.98217 2.26510 2.34982 2.20314 1.00477 0.78117 0.99678 0.94359 0.62124 0.68402 0.98470 0.99438 1.40966 1.61384 1.91247 2.11021 3.12580 3.04673 2.84641 2.56466 3.59487 4.10209 2.85669 3.50435 6.21444 6.54704 7.33059 8.44355 6.57041 7.42260 7.85852 7.53405 7.37091 9.30968 11.20270 13.89140 13.16300 14.19110 11.75710
-9999 -9999 -9999 -9999 -9999 -9999 -9999 -9999 -9999 -9999 -9999 -9999 -9999 -9999 -9999 -9999 -9999 -9999 -9999 -9999 -9999 -9999 -9999 -9999 -9999 -9999 -9999 -9999 -9999 -9999 -9999 -9999 -9999 -9999 1.49251 1.69539 0.95500 0.62626 0.52266 0.82058 0.70662 0.54061 0.52656 0.70506 1.01146 1.21579 1.58799 1.85747 1.76997 2.99567 3.49484 2.48092 3.12928 3.53513 3.99792 2.46479 3.00755 6.44625 7.21736 8.09911 8.92988 7.18223 7.89736 7.05540 6.24389 6.85972 9.34160 12.26610 15.70450 14.23070 9.97785 -9999
-9999 -9999 -9999 -9999 -9999 -9999 -9999 -9999 -9999 -9999 -9999 -9999 -9999 -9999 -9999 -9999 -9999 -9999 -9999 -9999 -9999 -9999 -9999 -9999 -9999 -9999 -9999 -9999 -9999 -9999 -9999 -9999 -9999 -9999 0.60537 0.58030 0.52222 0.78519 0.64351 0.62304 0.58470 0.59793 0.62720 0.55681 0.55495 1.06219 1.10310 1.99260 2.37710 2.40781 2.43331 2.26638 2.76377 3.29131 3.23332 3.65596 3.90130 5.27621 6.67307 5.55859 6.11879 5.85725 6.94189 9.03579 9.15788 9.20923 9.63505 11.65950 15.97080 12.00860 -9999 -9999
-9999 -9999 -9999 -9999 -9999 -9999 -9999 -9999 -9999 -9999 -9999 -9999 -9999 -9999 -9999 -9999 -9999 -9999 -9999 -9999 -9999 -9999 -9999 -9999 -9999 -9999 -9999 -9999 -9999 -9999 -9999 -9999 -9999 -9999 -9999 -9999 -9999 -9999 0.41062 0.50306 0.51365 0.59194 0.78761 0.45218 0.66015 0.88681 1.24292 2.13835 2.61713 2.35365 2.34572 1.98911 1.95046 2.80466 3.18475 3.74065 3.86733 5.18625 6.23155 5.06093 5.89779 5.12496 6.49834 8.91365 11.37800 9.38893 10.53340 10.43460 7.39429 -9999 -9999 -9999
