data/hydroclimate-scenarios/BCSD_hadcm_B1/monthly_summaries/snodep_monthly_day1_feb.2030-2059.asc
ncols	311
nrows	91
xllcenter	102.75
yllcenter	31.75
cellsize	0.5
NODATA_value	-9999
[rows 0 to 31 of 91, columns 71 to 141 of 311]
-9999 -9999 -9999 -9999 -9999 -9999 -9999 -9999 -9999 -9999 -9999 -9999 -9999 -9999 -9999 -9999 -9999 -9999 -9999 -9999 -9999 -9999 -9999 -9999 -9999 -9999 -9999 -9999 -9999 -9999 -9999 -9999 -9999 -9999 -9999 -9999 -9999 -9999 -9999 -9999 -9999 -9999 -9999 -9999 -9999 -9999 -9999 -9999 -9999 -9999 -9999 -9999 -9999 -9999 -9999 -9999 -9999 -9999 -9999 -9999 -9999 -9999 -9999 -9999 -9999 -9999 -9999 -9999 -9999 -9999 -9999
-9999 -9999 -9999 -9999 -9999 -9999 -9999 -9999 -9999 -9999 -9999 -9999 -9999 -9999 -9999 -9999 -9999 -9999 -9999 -9999 -9999 -9999 -9999 -9999 -9999 -9999 -9999 -9999 -9999 -9999 -9999 -9999 -9999 -9999 -9999 -9999 -9999 -9999 -9999 -9999 -9999 -9999 -9999 -9999 -9999 -9999 -9999 -9999 -9999 -9999 -9999 -9999 -9999 -9999 -9999 -9999 -9999 -9999 -9999 -9999 -9999 -9999 -9999 -9999 -9999 -9999 -9999 -9999 -9999 -9999 -9999
-9999 -9999 -9999 -9999 -9999 -9999 -9999 -9999 -9999 -9999 -9999 -9999 -9999 -9999 -9999 -9999 -9999 -9999 -9999 -9999 -9999 -9999 -9999 -9999 -9999 -9999 -9999 -9999 -9999 -9999 -9999 -9999 -9999 -9999 -9999 -9999 -9999 -9999 -9999 -9999 -9999 -9999 -9999 -9999 -9999 -9999 -9999 -9999 -9999 -9999 -9999 -9999 -9999 -9999 -9999 -9999 -9999 -9999 -9999 -9999 -9999 -9999 -9999 -9999 -9999 -9999 -9999 -9999 -9999 -9999 -9999
-9999 -9999 -9999 -9999 -9999 -9999 -9999 -9999 -9999 -9999 -9999 -9999 -9999 -9999 -9999 -9999 -9999 -9999 -9999 -9999 -9999 -9999 -9999 -9999 -9999 -9999 -9999 -9999 -9999 -9999 -9999 -9999 -9999 -9999 -9999 -9999 -9999 -9999 -9999 -9999 -9999 -9999 -9999 -9999 -9999 -9999 -9999 -9999 -9999 -9999 -9999 -9999 -9999 -9999 -9999 -9999 -9999 -9999 -9999 -9999 -9999 -9999 -9999 -9999 -9999 -9999 -9999 -9999 -9999 -9999 -9999
-9999 -9999 -9999 -9999 -9999 -9999 -9999 -9999 -9999 -9999 -9999 -9999 -9999 -9999 -9999 -9999 -9999 -9999 -9999 -9999 -9999 -9999 -9999 -9999 -9999 -9999 -9999 -9999 -9999 -9999 -9999 -9999 -9999 -9999 -9999 -9999 -9999 -9999 -9999 -9999 -9999 -9999 -9999 -9999 -9999 -9999 -9999 -9999 -9999 -9999 -9999 -9999 -9999 -9999 -9999 -9999 -9999 -9999 -9999 -9999 -9999 -9999 -9999 -9999 -9999 -9999 -9999 -9999 -9999 -9999 -9999
-9999 -9999 -9999 -9999 -9999 -9999 -9999 -9999 -9999 -9999 -9999 -9999 -9999 -9999 -9999 -9999 -9999 -9999 -9999 -9999 -9999 -9999 -9999 -9999 -9999 -9999 -9999 -9999 -9999 -9999 -9999 -9999 -9999 -9999 -9999 -9999 -9999 -9999 -9999 -9999 -9999 -9999 -9999 -9999 -9999 -9999 -9999 -9999 -9999 -9999 -9999 -9999 -9999 -9999 -9999 -9999 -9999 -9999 -9999 -9999 -9999 -9999 -9999 -9999 -9999 -9999 -9999 -9999 -9999 -9999 -9999
-9999 -9999 -9999 -9999 -9999 -9999 -9999 -9999 -9999 -9999 -9999 -9999 -9999 -9999 -9999 -9999 -9999 -9999 -9999 -9999 -9999 -9999 -9999 -9999 -9999 -9999 -9999 -9999 -9999 -9999 -9999 -9999 -9999 -9999 -9999 -9999 -9999 -9999 -9999 -9999 -9999 -9999 -9999 -9999 -9999 -9999 -9999 -9999 -9999 -9999 -9999 -9999 -9999 -9999 -9999 -9999 -9999 -9999 -9999 -9999 -9999 -9999 -9999 -9999 -9999 -9999 -9999 -9999 -9999 -9999 -9999
-9999 -9999 -9999 -9999 -9999 -9999 -9999 -9999 -9999 -9999 -9999 -9999 -9999 -9999 -9999 -9999 -9999 -9999 -9999 -9999 -9999 -9999 -9999 -9999 -9999 -9999 -9999 -9999 -9999 -9999 -9999 -9999 -9999 -9999 -9999 -9999 -9999 -9999 -9999 -9999 -9999 -9999 -9999 -9999 -9999 -9999 -9999 -9999 -9999 -9999 -9999 -9999 -9999 -9999 -9999 -9999 -9999 -9999 -9999 -9999 -9999 -9999 -9999 -9999 -9999 -9999 -9999 -9999 -9999 -9999 -9999
-9999 -9999 -9999 -9999 -9999 -9999 37.67610 -9999 -9999 -9999 -9999 -9999 -9999 -9999 -9999 -9999 -9999 -9999 -9999 -9999 -9999 -9999 -9999 -9999 -9999 -9999 -9999 -9999 -9999 -9999 -9999 -9999 -9999 -9999 -9999 -9999 -9999 -9999 -9999 -9999 -9999 -9999 -9999 -9999 -9999 -9999 -9999 -9999 -9999 -9999 -9999 -9999 -9999 -9999 -9999 -9999 -9999 -9999 -9999 -9999 -9999 -9999 -9999 -9999 -9999 -9999 -9999 -9999 -9999 -9999 -9999
-9999 -9999 35.80530 35.31330 36.68100 37.27020 37.02930 41.27450 41.85820 45.25430 46.29290 48.12300 48.63110 50.33860 50.88220 50.39440 51.19380 51.20980 51.47850 51.34450 51.06390 50.61460 -9999 -9999 -9999 -9999 -9999 -9999 -9999 -9999 -9999 -9999 -9999 -9999 -9999 -9999 -9999 -9999 -9999 -9999 -9999 -9999 -9999 -9999 -9999 -9999 -9999 -9999 -9999 -9999 -9999 -9999 -9999 -9999 -9999 -9999 -9999 -9999 -9999 -9999 -9999 -9999 -9999 -9999 -9999 -9999 -9999 -9999 -9999 -9999 -9999
-9999 -9999 -9999 -9999 38.50170 40.57960 42.45500 43.16500 48.21030 49.35120 50.03900 51.62870 51.89130 52.93130 52.55270 54.06080 55.17740 54.92520 55.97020 56.64290 55.79440 55.23600 -9999 -9999 -9999 -9999 -9999 -9999 -9999 -9999 -9999 -9999 -9999 -9999 -9999 -9999 -9999 -9999 -9999 -9999 -9999 -9999 -9999 -9999 -9999 -9999 -9999 -9999 -9999 -9999 -9999 -9999 -9999 -9999 -9999 -9999 -9999 -9999 -9999 -9999 -9999 -9999 -9999 -9999 -9999 -9999 -9999 -9999 -9999 -9999 -9999
38.59000 37.90600 38.12700 38.78050 40.02520 41.32760 43.20260 45.34640 48.00290 49.22480 51.30640 51.74620 51.77120 53.42780 53.49830 53.38220 55.69130 57.56000 57.84560 57.93190 57.71060 57.86930 55.20880 55.69270 53.25060 53.19220 52.26580 52.14210 -9999 -9999 -9999 -9999 -9999 -9999 -9999 -9999 -9999 -9999 -9999 -9999 -9999 -9999 -9999 -9999 -9999 -9999 -9999 -9999 -9999 -9999 -9999 -9999 -9999 -9999 -9999 -9999 -9999 -9999 -9999 -9999 -9999 -9999 -9999 -9999 -9999 -9999 -9999 -9999 -9999 -9999 -9999
41.36750 40.69510 40.30260 40.47060 42.18910 43.90230 45.63430 47.91260 47.96460 50.97580 51.92270 52.96380 55.87050 57.68880 57.49320 60.63530 58.66710 58.59700 61.01040 60.85300 59.23430 58.40040 57.80940 58.15660 56.50390 55.26590 56.33610 55.01170 54.06100 53.17470 52.46350 52.52550 51.90610 51.16150 48.40020 48.28760 44.42730 44.24950 43.60850 41.98330 42.04500 42.14580 42.20560 -9999 -9999 -9999 -9999 -9999 -9999 -9999 -9999 -9999 -9999 -9999 -9999 -9999 -9999 -9999 -9999 -9999 -9999 -9999 -9999 -9999 -9999 -9999 -9999 -9999 -9999 -9999 -9999
41.04520 40.25070 39.75590 40.13360 41.69550 43.18310 44.53990 46.62210 47.58100 50.55210 53.01060 54.39680 56.58660 58.42690 59.57130 60.31600 59.82530 60.76940 61.14350 62.18320 60.87460 58.41490 58.80790 58.32220 56.48120 55.99540 57.47890 57.45860 56.09500 55.78010 55.24340 54.73580 52.25650 49.95340 49.94830 48.77600 46.54560 46.04230 43.66670 42.52950 43.75510 43.85660 44.11380 43.02840 -9999 -9999 -9999 -9999 -9999 -9999 -9999 -9999 -9999 -9999 -9999 -9999 -9999 -9999 -9999 -9999 -9999 -9999 -9999 -9999 -9999 -9999 -9999 -9999 -9999 -9999 -9999
38.89000 38.35350 36.59890 36.30950 39.39420 38.91260 42.00320 43.64590 47.53710 50.84440 53.33770 55.17390 57.88180 59.01330 60.50730 62.64260 63.22030 62.88160 62.44390 62.94290 60.68980 60.81420 59.86760 60.29950 59.48900 58.64560 59.11840 58.55870 58.14970 56.12290 55.31470 53.69940 54.00510 53.28660 52.05400 51.50650 50.41150 47.74530 48.06670 47.77160 46.38790 45.85070 45.12540 44.74420 -9999 -9999 -9999 -9999 -9999 -9999 -9999 -9999 -9999 -9999 -9999 -9999 -9999 -9999 -9999 42.54160 44.34270 -9999 -9999 -9999 -9999 46.53790 46.67990 47.75450 47.82730 49.05680 48.40340
36.53310 36.66120 36.46140 35.36040 37.70580 40.34250 40.79580 42.39760 46.89920 48.17590 52.27010 55.55020 56.65070 60.09250 60.60500 61.38940 62.25840 62.44710 61.13240 61.80030 60.50670 60.78890 59.26370 58.75980 58.83060 59.18990 60.33640 60.51110 59.68630 58.16970 56.98090 56.09070 56.34330 55.08520 54.15570 53.26170 51.61850 49.91940 50.14730 49.73850 47.74520 46.94190 46.27480 46.03820 46.16600 45.55240 45.48800 45.89250 44.10160 44.85690 43.53210 43.42830 43.95910 45.58720 43.96610 43.87520 43.86350 44.77750 44.02640 44.57980 45.57010 -9999 -9999 -9999 -9999 -9999 48.86130 49.41900 50.01300 51.07580 51.68040
34.02820 36.25900 36.76930 35.01620 37.32170 39.29520 42.07280 43.83910 45.69930 48.26350 51.34950 53.96510 57.41020 59.84390 59.29890 60.23060 62.56140 61.26240 62.64490 62.65520 60.66550 61.95620 58.98880 58.48410 58.22160 59.31520 59.22090 59.42970 60.74860 59.43200 58.59860 57.55930 56.70120 57.30870 55.93970 52.92740 51.91820 51.15030 51.48910 50.85930 50.05390 49.87780 47.26500 47.33570 47.26490 46.52790 46.63370 46.70950 46.27270 46.59860 46.92750 47.10060 47.97240 47.15100 47.31100 47.58800 45.24820 45.19690 45.06340 46.56280 48.81670 49.58710 51.29150 52.39920 50.66400 51.90030 52.06210 53.35950 54.18900 54.72790 57.83810
33.35030 30.14840 37.75790 34.16490 35.16430 36.98550 40.67900 41.97900 46.85310 48.46020 50.27910 53.98070 56.30380 59.72330 58.71520 59.24280 60.54820 61.53660 61.06840 61.19270 59.68630 61.12240 59.00730 60.06790 58.19830 58.69880 59.04050 60.07050 61.19190 60.37430 59.48970 58.75740 57.80880 58.45690 56.23690 53.60490 53.70480 52.80150 52.85770 52.14730 51.57670 51.36770 50.33250 48.42270 47.53030 47.41780 48.48940 49.16260 48.78070 49.29450 48.39320 49.99560 49.10110 51.45320 49.51630 49.57840 47.22310 48.12580 47.67300 47.95590 48.60940 51.16830 53.46570 55.28920 52.38270 53.93240 53.51900 53.15520 54.36210 56.98930 60.69890
32.13480 32.65120 33.90210 38.26020 37.12620 39.74000 40.74510 39.64730 44.31400 46.45220 49.02930 51.91780 52.86520 55.18490 55.20280 56.79950 58.93400 59.23240 58.18790 56.77570 58.16070 59.57360 58.46780 60.57940 61.09440 60.51230 60.72440 61.67860 63.27250 63.09170 63.54150 63.30290 61.53510 59.66840 57.10470 55.94730 55.15900 55.93090 51.90320 51.28370 52.89450 52.24960 52.08540 50.59230 49.85070 49.22410 48.66280 48.63800 51.04390 50.17770 50.27240 50.67540 50.85340 51.22240 49.52160 50.13590 51.93670 51.99450 50.57600 51.30010 50.74770 51.23490 51.64460 55.08960 57.09760 57.91580 56.45800 57.66460 59.57100 60.06430 60.04830
34.63900 32.60600 31.63390 31.43100 35.66830 39.20240 38.30340 37.62330 40.60460 43.08410 43.83390 46.39210 47.58460 51.73500 53.84940 56.97130 57.60300 58.75540 57.92970 58.31410 58.29670 58.77160 59.97370 61.08320 62.24940 60.85390 60.42220 60.89380 62.00760 63.00270 64.76730 63.55200 60.55990 60.31220 59.87180 56.79100 56.58770 55.57040 53.44040 51.99410 52.86110 54.10050 52.27160 51.74480 50.18250 49.72170 48.97180 48.68750 51.33300 50.64580 51.13190 53.23780 52.02520 53.10270 51.08300 51.96430 53.55870 54.07870 52.67290 53.19860 52.60890 54.12800 54.96330 57.80710 57.32200 61.46940 59.92340 60.30980 62.67940 62.27280 63.19630
32.90760 32.75950 31.88900 33.05570 31.80900 36.16130 37.29350 38.68890 40.17330 39.59970 41.64740 41.30990 41.24830 42.56070 47.70780 50.90190 54.55750 57.50360 56.91170 58.76220 56.70300 57.98160 59.65360 60.61800 61.93700 62.89740 64.21530 64.53550 64.59050 64.91530 65.68050 66.00220 64.80790 62.28590 60.92120 59.60510 55.24590 55.14070 53.89880 53.10260 53.78200 53.19030 55.20060 54.14690 50.66520 49.63340 49.10040 50.80560 49.95890 51.08250 51.62500 54.00250 52.60060 52.88840 53.26030 53.79790 53.24510 54.07430 54.22040 55.24880 56.73510 57.55960 59.09190 62.00430 61.38900 62.60970 62.36340 64.33450 63.80550 64.80380 65.80060
30.59450 31.81630 31.05830 31.06900 33.08610 32.56080 32.85430 34.46600 37.28970 40.75820 42.20840 43.49780 42.76970 44.49510 44.32980 44.93160 48.40580 50.39640 53.28730 56.34280 56.82440 58.23900 59.64590 61.97410 65.00800 65.93620 68.80490 69.02540 69.29320 67.66920 68.81450 66.60680 63.57350 62.57390 61.35140 60.42460 56.82230 55.67390 54.83580 54.21010 54.83890 54.80410 56.06100 54.95000 52.21390 50.91210 51.72240 51.96340 52.51350 51.68640 53.70780 55.26880 54.34470 55.12600 56.83320 56.93580 56.50660 56.99210 57.94310 58.68470 60.28490 61.79730 64.39230 65.30040 65.54580 65.52210 65.09610 64.40470 65.35330 66.73120 66.77190
33.43730 32.37610 31.84050 34.66080 31.62870 31.66060 32.58910 34.35190 35.17960 37.63980 39.82910 41.94460 43.59200 45.96440 47.19220 48.74020 48.47830 49.03590 49.43820 51.84660 54.58930 56.84050 61.03340 63.56690 67.65270 71.12610 71.11620 71.44190 72.92560 72.04150 69.38240 66.87520 63.53380 62.57220 60.05930 58.97020 58.52920 56.74280 56.07200 55.55320 55.93870 55.04390 54.49940 53.83460 52.98680 52.36060 51.97880 51.33250 53.30690 54.88960 55.38180 56.11720 56.99670 57.51900 56.48760 58.22350 58.80560 59.29610 62.74920 63.53540 64.73250 66.19800 67.50260 68.86050 66.91800 68.18550 66.83930 66.39100 71.00040 71.46560 71.52580
34.12400 34.43250 33.99730 36.17910 33.12180 33.46370 32.64010 33.55590 34.86550 36.43650 41.22240 38.87050 41.41540 44.60760 42.91960 42.98560 44.79230 51.44260 49.93390 48.26850 50.98850 55.21120 58.38360 64.34530 68.81040 71.24420 72.46800 72.63440 73.72530 73.24030 70.50210 69.16450 65.94420 64.08250 62.20630 60.02710 58.55490 57.75350 56.86420 55.67290 56.40820 56.43360 55.00010 54.07910 53.90360 52.85580 51.95170 53.01970 54.25410 56.50770 57.50580 58.93410 58.49490 60.83900 60.74750 61.83740 62.41620 62.68060 66.82020 67.25040 67.72400 69.42820 70.98110 71.98210 72.14440 70.31600 68.73170 67.61740 71.82870 73.18450 73.23020
34.59170 33.95570 34.72300 35.93610 34.57640 35.45130 34.83480 35.85550 35.28530 35.92830 35.90150 38.74500 41.38870 42.48450 43.87630 45.71620 43.05680 45.68770 50.02000 51.16260 51.96770 54.23810 58.58150 60.32260 64.82390 68.73010 70.72400 72.21520 72.83690 72.72190 69.42090 68.24340 66.64620 63.06430 61.41800 59.56770 57.88230 56.47000 55.57360 55.15320 53.88690 53.31620 53.78170 53.87720 52.76830 52.44340 52.26820 52.91690 56.20700 58.02760 60.20930 60.68150 61.34800 62.31570 62.49010 64.40380 63.54410 65.09300 68.49200 70.29290 72.58830 74.10600 74.61990 75.20410 75.69410 74.61990 71.34870 69.98620 73.09130 72.70000 74.98440
36.02670 35.37560 35.62060 35.45340 35.70520 36.13980 36.19490 36.13670 36.24240 37.15280 36.11600 37.25770 39.46120 42.80980 43.91810 45.47730 45.13160 45.55410 48.01900 49.08380 51.34230 55.25270 58.43860 60.83850 62.27040 65.49730 70.11340 70.49050 72.41620 71.84070 69.52210 67.70930 66.18300 64.01210 61.22480 58.95790 56.60750 55.41380 55.47830 54.70130 54.22440 53.17620 54.32340 54.70840 53.51940 53.28520 52.73130 54.48140 56.79700 58.33830 60.86470 61.89540 62.14520 61.68390 61.76620 64.19180 64.93470 67.08660 69.76860 72.16870 74.72080 76.98690 76.89690 77.57560 77.42790 76.27670 73.55180 72.04010 74.33260 77.72230 80.00160
38.76610 37.65020 36.96600 37.77140 36.41670 36.67450 36.25380 35.87590 36.82550 36.60730 37.47340 38.19090 38.55770 40.02150 42.52100 44.88510 47.13070 47.81800 46.67320 49.10700 52.09650 54.20650 55.37620 58.69860 61.69990 64.08100 66.32970 69.24700 70.22750 68.89960 68.49360 65.70700 65.03930 62.70960 59.74180 57.49800 54.81720 53.72940 52.89360 52.84250 52.50320 51.80860 53.30670 52.93470 53.78040 53.85970 54.31930 56.73380 54.51170 56.67400 60.82900 62.44040 62.97280 64.44660 65.55580 67.66920 69.94090 71.01910 74.26500 75.39790 77.13150 79.33270 80.04520 81.14550 81.80940 80.96250 79.62310 78.15210 80.27460 81.04960 87.99710
39.99550 39.50550 37.98700 36.47560 36.41490 37.75760 37.14310 37.88940 37.86610 38.70100 39.38660 40.00390 40.74140 41.58350 43.20420 44.18190 47.50470 48.41290 50.09440 51.21640 51.42780 54.88600 56.16310 58.80870 61.56910 63.13110 64.65890 67.58060 69.95870 70.04800 67.38140 65.57800 65.63300 62.81490 59.88890 58.04990 54.58110 54.01340 53.96600 54.62250 53.62430 53.49940 53.77620 54.80510 55.83100 56.23480 56.24130 58.90890 57.93030 59.74950 65.13020 66.74030 68.05750 69.68750 72.43140 74.19130 75.89210 76.66250 77.75940 78.72530 81.32210 81.81800 83.30900 83.90280 85.15120 84.95020 84.80630 84.95530 85.39870 84.46960 92.34300
40.92830 40.29430 39.98650 38.36260 35.75470 36.24850 36.14150 38.39280 37.77490 38.01350 38.93990 39.38370 40.50260 41.20100 42.54440 43.84760 47.13850 48.21520 49.18140 50.36500 52.89160 53.91090 55.41920 59.08540 60.25440 61.87610 63.04370 66.52770 69.76010 68.39310 65.56300 63.25430 63.51050 61.14890 58.86650 56.49000 55.50150 55.11040 54.87110 56.45550 54.99250 55.16080 56.48790 54.68480 55.06000 56.13210 57.78520 58.89690 61.15920 63.25200 66.16340 68.93280 70.96200 73.54340 78.57050 81.69250 85.74910 84.68790 85.33170 85.13780 83.82650 84.74940 87.58020 88.95460 85.40090 85.29430 87.21950 90.85060 89.18580 88.99340 92.69800
41.69890 41.52850 41.55120 41.61170 39.68080 38.42890 37.73610 38.07020 38.45510 38.63810 40.53490 39.55250 41.68300 43.21820 44.55860 45.59440 47.37100 47.68050 49.32460 51.66500 53.49510 55.39660 57.54080 59.23150 60.72830 61.54280 61.55730 64.04340 64.92450 65.75360 66.71590 65.04470 65.10370 63.28810 61.93110 59.18770 57.81420 58.89950 58.02050 58.34240 57.19850 56.49700 57.84090 57.06950 55.27000 56.74010 59.48970 62.12950 65.36340 67.15920 -9999 -9999 72.07890 74.40490 76.13250 80.55900 84.98890 85.89850 86.54290 88.66250 87.93520 92.11450 95.52410 95.16700 91.84860 91.62400 92.42000 95.73710 96.73160 95.78510 101.23200
43.27270 42.26740 41.66530 41.49920 42.99550 41.84400 39.65750 40.66150 39.96130 38.96170 38.82540 41.74610 43.42780 44.35360 44.95510 45.79850 45.46400 47.89370 49.65840 50.77430 54.12710 56.26990 56.72130 58.18470 58.97940 59.93140 59.98480 60.78410 61.48890 64.52460 65.73370 66.17470 64.45270 63.87280 63.55690 60.60710 60.35380 58.91040 57.88700 -9999 -9999 -9999 -9999 57.90730 -9999 62.52540 66.04540 67.27830 70.11530 69.34170 -9999 -9999 80.98430 82.57630 78.14530 78.55570 78.71650 82.40750 83.45590 86.79750 89.47350 91.97980 92.26060 92.84370 94.83400 97.49100 95.69760 97.82910 99.00150 99.39930 97.77050
43.63700 43.83390 44.47630 43.13650 43.89370 42.22520 42.25410 43.03020 42.21270 42.50200 40.97580 43.25940 44.90670 45.42980 46.36640 47.40700 47.73450 51.80360 53.20450 54.15740 55.26990 57.04760 59.27760 59.89630 61.27070 61.55830 59.78380 60.02070 61.02450 64.89260 67.94710 69.35080 69.26340 68.13910 67.54800 64.99960 63.91380 -9999 -9999 -9999 -9999 -9999 -9999 -9999 66.47540 68.78430 69.74140 -9999 -9999 -9999 -9999 -9999 77.32350 79.46630 79.67660 78.54620 81.31190 81.62210 82.26920 87.62590 87.71840 91.64800 94.76350 97.02080 97.21230 96.90110 100.68800 102.48800 102.70900 101.70300 -9999
