data/hydroclimate-scenarios/BCSD_hadcm_B1/monthly_summaries/snodep_monthly_day1_mar.2030-2059.asc
ncols	311
nrows	91
xllcenter	102.75
yllcenter	31.75
cellsize	0.5
NODATA_value	-9999
[rows 0 to 31 of 91, columns 216 to 287 of 311]
-9999 -9999 -9999 -9999 -9999 -9999 -9999 -9999 -9999 -9999 -9999 -9999 -9999 -9999 -9999 -9999 -9999 -9999 -9999 -9999 -9999 -9999 -9999 -9999 -9999 -9999 -9999 -9999 -9999 -9999 -9999 -9999 -9999 -9999 -9999 -9999 -9999 -9999 -9999 -9999 -9999 -9999 -9999 -9999 -9999 -9999 -9999 -9999 -9999 -9999 -9999 -9999 -9999 -9999 -9999 -9999 -9999 -9999 -9999 -9999 -9999 -9999 -9999 -9999 -9999 -9999 -9999 -9999 -9999 -9999 -9999 -9999
-9999 -9999 -9999 -9999 -9999 -9999 -9999 -9999 -9999 -9999 -9999 -9999 -9999 -9999 -9999 -9999 -9999 -9999 -9999 -9999 -9999 -9999 -9999 -9999 -9999 -9999 -9999 -9999 -9999 -9999 -9999 -9999 -9999 -9999 -9999 -9999 -9999 -9999 -9999 -9999 -9999 -9999 -9999 -9999 -9999 -9999 -9999 -9999 -9999 -9999 -9999 -9999 -9999 -9999 -9999 -9999 -9999 -9999 -9999 -9999 -9999 -9999 -9999 -9999 -9999 -9999 -9999 -9999 -9999 -9999 -9999 -9999
-9999 -9999 -9999 -9999 -9999 -9999 -9999 -9999 -9999 -9999 -9999 -9999 -9999 -9999 -9999 -9999 -9999 -9999 -9999 -9999 -9999 -9999 -9999 -9999 -9999 -9999 -9999 -9999 -9999 -9999 -9999 -9999 -9999 -9999 -9999 -9999 -9999 -9999 -9999 -9999 -9999 -9999 -9999 -9999 -9999 -9999 -9999 -9999 -9999 -9999 -9999 -9999 -9999 -9999 -9999 -9999 -9999 -9999 -9999 -9999 -9999 -9999 -9999 -9999 -9999 -9999 -9999 -9999 -9999 -9999 -9999 -9999
-9999 -9999 -9999 -9999 -9999 -9999 -9999 -9999 -9999 -9999 -9999 -9999 -9999 -9999 -9999 -9999 -9999 -9999 -9999 -9999 -9999 -9999 -9999 -9999 -9999 -9999 -9999 -9999 -9999 -9999 -9999 -9999 -9999 -9999 -9999 -9999 -9999 -9999 -9999 -9999 -9999 -9999 -9999 -9999 -9999 -9999 -9999 -9999 -9999 -9999 -9999 -9999 -9999 -9999 -9999 -9999 -9999 -9999 -9999 -9999 -9999 -9999 -9999 -9999 -9999 -9999 -9999 -9999 -9999 -9999 -9999 -9999
-9999 -9999 -9999 -9999 -9999 -9999 -9999 -9999 -9999 -9999 -9999 -9999 -9999 -9999 -9999 -9999 -9999 -9999 -9999 -9999 -9999 -9999 -9999 -9999 -9999 -9999 -9999 -9999 -9999 -9999 -9999 -9999 -9999 -9999 -9999 -9999 -9999 -9999 -9999 -9999 -9999 -9999 -9999 -9999 -9999 -9999 -9999 -9999 -9999 -9999 -9999 -9999 -9999 -9999 -9999 -9999 -9999 -9999 -9999 -9999 -9999 -9999 -9999 -9999 -9999 -9999 -9999 -9999 -9999 -9999 -9999 -9999
-9999 -9999 -9999 -9999 -9999 -9999 -9999 -9999 -9999 -9999 -9999 -9999 -9999 -9999 -9999 -9999 -9999 -9999 -9999 -9999 -9999 -9999 -9999 -9999 -9999 -9999 -9999 -9999 -9999 -9999 -9999 -9999 -9999 -9999 -9999 -9999 -9999 -9999 -9999 -9999 -9999 -9999 -9999 -9999 -9999 -9999 -9999 -9999 -9999 -9999 -9999 -9999 -9999 -9999 -9999 -9999 -9999 -9999 -9999 -9999 -9999 -9999 -9999 -9999 -9999 -9999 -9999 -9999 -9999 -9999 -9999 -9999
-9999 -9999 -9999 -9999 -9999 -9999 -9999 -9999 -9999 -9999 -9999 -9999 -9999 -9999 -9999 -9999 -9999 -9999 -9999 -9999 -9999 -9999 -9999 -9999 -9999 -9999 -9999 -9999 -9999 -9999 -9999 -9999 -9999 -9999 -9999 -9999 -9999 -9999 -9999 -9999 -9999 -9999 -9999 -9999 -9999 -9999 -9999 -9999 -9999 -9999 -9999 -9999 -9999 -9999 -9999 -9999 -9999 -9999 -9999 -9999 -9999 -9999 -9999 -9999 -9999 -9999 -9999 -9999 -9999 -9999 -9999 -9999
-9999 -9999 -9999 -9999 -9999 -9999 -9999 -9999 -9999 -9999 -9999 -9999 -9999 -9999 -9999 -9999 -9999 -9999 -9999 -9999 -9999 -9999 -9999 -9999 -9999 -9999 -9999 -9999 -9999 -9999 -9999 -9999 -9999 -9999 -9999 -9999 -9999 -9999 -9999 -9999 -9999 -9999 -9999 -9999 -9999 -9999 -9999 -9999 -9999 -9999 -9999 -9999 -9999 -9999 -9999 -9999 -9999 -9999 -9999 -9999 -9999 -9999 -9999 -9999 -9999 -9999 -9999 -9999 -9999 -9999 -9999 -9999
-9999 -9999 -9999 -9999 -9999 -9999 -9999 -9999 -9999 -9999 -9999 -9999 -9999 -9999 -9999 -9999 -9999 -9999 -9999 -9999 -9999 -9999 -9999 -9999 -9999 -9999 -9999 -9999 -9999 -9999 -9999 -9999 -9999 -9999 -9999 -9999 -9999 -9999 -9999 -9999 -9999 -9999 -9999 -9999 -9999 -9999 -9999 -9999 -9999 -9999 -9999 -9999 -9999 -9999 -9999 -9999 -9999 -9999 -9999 -9999 -9999 -9999 -9999 -9999 -9999 -9999 -9999 -9999 -9999 -9999 -9999 -9999
-9999 -9999 -9999 -9999 -9999 -9999 -9999 -9999 -9999 -9999 -9999 -9999 -9999 -9999 -9999 -9999 -9999 -9999 -9999 -9999 -9999 -9999 -9999 -9999 -9999 -9999 -9999 -9999 -9999 -9999 -9999 -9999 -9999 -9999 -9999 -9999 -9999 -9999 -9999 -9999 -9999 -9999 -9999 -9999 -9999 -9999 -9999 -9999 -9999 -9999 -9999 -9999 -9999 -9999 -9999 -9999 -9999 -9999 -9999 -9999 -9999 -9999 -9999 -9999 -9999 -9999 -9999 -9999 -9999 -9999 -9999 -9999
-9999 -9999 -9999 -9999 -9999 -9999 -9999 -9999 -9999 -9999 -9999 -9999 -9999 -9999 -9999 -9999 -9999 -9999 -9999 -9999 -9999 -9999 -9999 -9999 -9999 -9999 -9999 -9999 -9999 -9999 -9999 -9999 -9999 -9999 -9999 -9999 -9999 -9999 -9999 -9999 -9999 -9999 -9999 -9999 -9999 -9999 -9999 -9999 -9999 -9999 -9999 -9999 -9999 -9999 -9999 -9999 -9999 -9999 -9999 -9999 -9999 -9999 -9999 -9999 -9999 -9999 -9999 -9999 -9999 -9999 -9999 -9999
-9999 -9999 -9999 -9999 -9999 -9999 -9999 -9999 -9999 -9999 -9999 -9999 -9999 -9999 -9999 -9999 -9999 -9999 -9999 -9999 -9999 -9999 -9999 -9999 -9999 -9999 -9999 -9999 -9999 -9999 -9999 -9999 -9999 -9999 -9999 -9999 -9999 -9999 -9999 -9999 -9999 -9999 -9999 -9999 -9999 -9999 -9999 -9999 -9999 -9999 -9999 -9999 -9999 -9999 -9999 -9999 -9999 -9999 -9999 -9999 -9999 -9999 -9999 -9999 -9999 -9999 -9999 -9999 -9999 -9999 -9999 -9999
-9999 -9999 -9999 -9999 -9999 -9999 -9999 -9999 -9999 -9999 -9999 -9999 -9999 -9999 -9999 -9999 -9999 -9999 -9999 -9999 -9999 -9999 -9999 -9999 -9999 -9999 -9999 -9999 -9999 -9999 -9999 -9999 -9999 -9999 -9999 -9999 -9999 -9999 -9999 -9999 -9999 -9999 -9999 -9999 -9999 -9999 -9999 -9999 -9999 -9999 -9999 -9999 -9999 -9999 -9999 -9999 -9999 -9999 -9999 -9999 -9999 -9999 -9999 -9999 -9999 -9999 -9999 -9999 -9999 -9999 -9999 -9999
41.02210 29.66230 28.66050 -9999 -9999 -9999 -9999 -9999 -9999 -9999 -9999 -9999 -9999 -9999 -9999 -9999 -9999 -9999 -9999 -9999 -9999 -9999 -9999 -9999 -9999 -9999 -9999 -9999 -9999 -9999 -9999 -9999 -9999 -9999 -9999 -9999 -9999 -9999 -9999 -9999 -9999 -9999 -9999 -9999 27.72840 -9999 -9999 -9999 -9999 -9999 -9999 -9999 -9999 -9999 -9999 -9999 -9999 -9999 -9999 -9999 -9999 -9999 -9999 -9999 -9999 -9999 -9999 -9999 -9999 -9999 -9999 -9999
40.82720 41.08060 40.75260 27.84090 26.03920 21.38230 21.81910 19.43760 19.50820 20.70870 43.28660 42.60020 41.26370 38.63570 32.44980 125.73900 -9999 -9999 -9999 -9999 -9999 -9999 -9999 -9999 -9999 -9999 -9999 -9999 -9999 -9999 -9999 -9999 -9999 -9999 -9999 -9999 -9999 -9999 -9999 10.06480 17.73660 14.93660 6.75926 6.75303 16.86700 35.14940 -9999 -9999 -9999 31.53150 -9999 -9999 -9999 33.21340 40.24880 37.02370 -9999 -9999 -9999 -9999 -9999 -9999 -9999 -9999 -9999 -9999 -9999 -9999 -9999 -9999 -9999 -9999
42.00050 41.85670 42.07020 7.48900 0.47884 0.26512 0.31528 0.41517 0.48615 0.02292 0.16761 0.45400 0.73190 0.42064 0.37318 0.05289 0.04281 0.86159 6.99324 26.63820 41.27120 28.54410 -9999 -9999 -9999 -9999 -9999 36.43890 36.54940 40.84690 42.97060 43.13070 40.69680 37.06400 37.23830 37.08310 36.28970 34.73570 35.05140 7.97955 10.36830 9.02958 9.47082 9.39284 13.88090 40.29020 42.11070 41.09350 39.09200 37.99240 41.82200 41.64830 40.14440 45.09180 43.24180 32.04440 33.66290 35.37170 36.12180 41.10980 39.60530 -9999 -9999 -9999 -9999 -9999 -9999 -9999 -9999 -9999 -9999 -9999
35.28110 33.52490 24.46780 0.34493 0.40514 0.28221 0.26487 0.00000 0.07967 0.73721 0.80870 0.81110 0.66386 0.04860 0.04144 0.68746 0.83767 1.24980 6.58597 31.69870 14.89160 23.16150 28.33310 33.55890 40.58590 45.90270 45.16820 44.28010 43.97890 43.45250 48.75210 53.35480 48.32470 43.51410 44.57960 47.10740 43.62910 44.29220 44.86910 42.86850 42.77520 45.02740 44.44830 42.32440 42.28520 42.36950 41.84890 42.40870 41.37370 44.48570 45.75890 47.85480 53.40560 52.54700 52.02710 54.94140 55.30940 50.34250 54.53400 53.35160 50.78750 43.84160 39.42760 38.89080 38.51480 36.71300 37.86010 41.81370 41.62460 -9999 -9999 -9999
21.33190 18.37730 0.41361 0.40043 0.34622 0.18253 0.14793 0.01021 0.00797 0.60353 0.51844 0.38770 0.33036 0.01285 1.18121 17.64840 15.83950 20.16810 30.01860 64.93940 68.09420 31.33650 33.99800 30.93720 40.54580 48.65900 55.00110 59.71380 47.67790 47.21750 51.97480 61.14550 63.20610 60.71510 60.79710 57.99560 56.16940 51.96790 53.34230 49.49050 46.76250 47.54370 46.00430 43.17620 44.49780 46.84030 45.93710 45.27400 46.12590 48.68500 51.83610 52.82280 56.59860 59.03760 54.29590 54.70100 56.68420 58.10510 62.52740 55.92830 57.21490 48.83920 47.42600 45.78050 49.42730 53.75320 55.98530 60.51090 53.69710 -9999 40.27960 -9999
29.98000 28.64250 22.42370 20.40620 6.82484 6.93127 7.41019 7.38057 7.00334 4.53838 4.29160 0.08799 5.85877 19.74150 8.97192 14.98540 13.39150 37.01380 53.16910 68.89980 71.88410 42.97390 41.92170 45.31920 33.64800 32.04010 43.07090 75.38460 63.65060 61.54890 60.06490 61.58990 64.36720 65.60300 60.19540 56.02480 54.55580 51.64110 48.57060 48.39610 50.07200 49.23100 49.57630 52.03050 52.96530 55.79780 55.19550 57.25150 54.54560 52.94020 52.73210 55.18230 53.97270 52.29350 56.54640 60.77900 62.23810 60.98510 62.00250 53.57510 55.55240 55.25060 59.32640 62.17780 60.53790 57.80420 58.96280 59.86650 63.38560 64.68350 -9999 -9999
45.49750 39.52210 36.65220 31.32430 25.47370 34.20580 32.07770 29.18010 22.65670 28.05260 27.11500 29.48350 28.30760 26.20400 28.79150 75.17640 69.98700 50.93530 61.08410 50.89660 60.93490 35.68220 41.85430 48.89240 54.06260 60.91810 56.15010 88.68290 86.49990 75.09900 71.61410 63.95450 59.03280 56.74690 54.65460 55.37360 57.72050 54.24280 50.55560 55.92560 60.80970 56.93910 56.24670 59.63730 58.56140 60.72200 57.39010 59.60710 63.66630 57.16800 56.42820 57.16890 57.65110 61.02490 62.18810 62.13030 59.63800 57.02340 55.40590 55.91810 59.71160 60.89660 63.41060 66.06840 73.01680 74.66070 75.90600 74.92500 84.47730 84.76180 77.69920 -9999
62.56780 50.26500 42.91980 38.55680 37.14830 31.71290 31.06940 32.62930 33.49600 33.88760 34.46490 36.94730 36.69910 35.58250 36.00380 52.63730 37.07520 15.28920 17.55870 33.30670 30.30580 30.13610 42.99590 49.27540 56.79650 60.90860 68.04760 74.38170 81.85980 77.39170 72.46150 64.18650 58.08300 59.26710 60.84820 56.92330 55.89230 58.34750 53.15420 56.43040 56.35020 56.78930 55.94560 56.29290 59.50930 62.07310 62.28590 66.21880 63.67770 63.44320 64.20780 61.83640 61.66850 67.01290 60.44390 59.13230 55.80930 54.06760 52.76590 54.82300 57.46690 60.14770 64.48110 67.63820 73.57600 72.04960 74.85270 77.25410 77.69520 81.53250 82.31130 81.51120
39.17090 35.97400 36.11940 34.52520 35.74220 34.06790 34.10230 34.65850 34.97230 36.42240 40.06390 41.89630 38.26250 36.43820 35.92700 69.32200 58.12210 11.82490 6.56514 6.21015 16.82040 28.66060 49.69030 60.36250 66.21810 59.52770 66.06170 71.07860 84.72970 83.80800 77.05580 68.37970 64.23750 64.57550 62.21660 58.25310 58.12880 59.27430 54.85080 55.45790 54.28530 54.29230 56.41780 59.47870 60.75480 64.05860 64.56280 70.86420 68.45750 63.94880 61.54430 58.83840 57.81450 57.43240 60.73570 58.80140 58.46730 54.04650 53.50050 54.58710 56.32330 57.91640 53.88070 56.75510 62.56250 66.67010 72.83220 79.05020 75.77710 69.55670 68.47890 71.84790
44.54630 41.13760 44.75530 58.75070 58.89800 50.45170 51.32880 18.29920 21.61370 38.61950 41.21660 46.26350 43.92830 43.66230 39.25530 46.28130 56.12850 12.16920 11.74120 10.20610 17.67360 15.82850 35.98190 45.03670 49.80520 61.48460 70.65560 68.87980 68.76060 69.97440 72.88400 68.92220 71.89350 72.61830 69.47680 78.45240 75.84920 80.27110 75.07560 67.03870 62.26270 60.02320 68.29090 73.84840 83.37990 87.94990 85.46200 83.00060 79.30740 68.20840 64.37840 58.49330 60.99200 58.66690 59.98160 54.91010 49.72710 52.42620 52.94850 53.97970 55.57780 54.66640 56.17740 58.09800 61.07310 68.92790 72.97890 73.74280 74.69460 74.27440 70.34240 72.75200
43.03170 34.03820 39.64440 51.34530 50.83700 49.24260 26.77670 11.77320 11.86300 1.35888 9.70128 8.16496 7.30268 42.40370 43.43300 51.43170 61.99430 21.22980 11.06850 15.75160 19.98340 19.87900 21.90280 34.65350 37.92310 46.99130 58.93840 66.38370 73.34320 73.34140 68.49300 72.30160 62.24580 55.95280 66.23890 85.23790 78.38040 88.62640 96.59230 109.30400 109.85000 111.72400 109.49600 102.95700 91.64070 101.28500 94.44660 83.19020 70.37670 72.39840 68.64540 60.18370 63.17490 61.89360 56.94980 53.79420 57.26270 61.20370 52.49680 53.56850 55.96900 54.45770 56.35370 55.27790 58.51580 64.18650 67.52220 65.80480 70.35480 76.25900 76.05100 69.97690
39.27920 37.19060 37.21000 36.77000 38.07580 44.99640 45.81460 26.40540 7.97797 0.98912 0.59280 0.12926 0.46059 0.00000 0.06579 9.94124 75.78220 87.43670 11.90280 10.75010 9.90539 11.59500 15.16660 13.27770 21.77180 27.05300 32.42700 29.26750 33.02610 35.27080 36.20630 32.86720 38.47790 41.04910 38.61870 58.57280 68.14330 88.82370 96.80490 114.81800 116.27200 131.86800 149.40700 148.60001 130.92200 108.97100 88.51170 79.59850 65.90200 64.60350 73.44830 69.41170 65.61780 60.99530 58.69150 53.51390 54.60950 57.51260 62.24700 66.46220 64.77100 57.51710 53.76290 53.82500 58.57550 58.31310 60.64110 61.02360 64.58360 69.96820 74.82530 75.74970
37.59450 40.97630 40.06830 42.24290 37.48130 34.93150 34.61720 37.90750 43.84720 31.06960 24.83050 14.44420 11.15620 9.62675 0.13997 16.92160 28.08280 28.26510 53.03750 10.13150 30.13370 19.00240 12.98390 13.43450 17.73390 27.58060 43.75730 43.97000 49.18900 36.82770 39.59400 30.66280 37.31150 45.81360 46.88040 65.51870 79.35550 92.00300 107.62100 129.32600 142.87601 142.96600 150.01900 154.45500 151.16100 148.37199 122.76300 107.75500 88.74850 71.30120 85.88850 88.80960 71.59800 67.07090 65.55480 60.54590 59.78900 60.22250 64.28410 65.97830 62.65510 64.21440 64.05150 59.60180 55.96310 58.85360 58.46760 60.30550 62.04750 64.97910 70.32400 75.57620
58.47530 54.42940 73.53030 94.05220 90.89130 61.82130 69.68610 76.72430 87.28800 60.76980 37.55860 31.09320 31.46150 31.79250 32.80660 37.63730 22.03670 36.62640 27.67940 32.62980 42.53700 40.96180 47.35690 58.40420 59.53090 65.76900 77.19450 80.74520 58.22760 54.14230 51.96380 47.87070 51.55340 45.17320 56.52130 71.93250 87.20240 101.99100 116.49200 133.35800 153.30901 160.02400 169.11099 171.41600 172.79500 158.09200 138.56400 119.34700 107.56200 87.44430 75.20580 76.56050 83.09220 72.05440 69.92960 67.39340 64.33810 65.09150 65.80850 67.26220 68.94400 66.82890 64.81400 62.94800 59.17750 57.35380 58.57030 62.92420 64.84590 66.02560 69.35340 71.47830
85.02530 83.74660 80.52560 86.53080 107.34400 105.28300 118.40000 98.16180 83.94690 97.93350 92.70960 75.77140 43.69730 31.20160 29.47500 87.14370 85.02610 64.43860 67.02160 54.38960 68.75930 41.77960 48.59580 53.77100 69.45990 65.30380 71.17740 68.87380 46.85290 37.96310 40.82430 29.96280 36.37770 47.83380 60.44590 69.55930 86.32410 105.55500 129.95700 148.58000 163.66600 173.53200 181.62500 186.42000 185.66200 166.56599 150.09000 144.15800 126.40300 106.62500 91.41610 73.98230 82.78040 77.69020 73.36850 66.85030 70.50520 69.50790 68.95850 66.62450 63.73510 66.26720 66.69140 65.81240 65.00630 57.81750 57.84820 57.97610 61.77200 65.27030 69.45100 69.40780
94.77770 75.16390 72.80280 79.89230 56.19920 53.90090 56.44950 58.79840 60.52110 47.20160 52.68030 53.38260 56.61320 45.16850 26.10890 86.87930 102.15600 107.35400 112.88000 81.58170 56.62040 19.32740 13.68510 43.42800 51.32350 47.29630 54.08150 55.74260 39.71580 34.18150 23.93190 23.02830 36.86750 51.70960 59.17810 75.73230 94.38500 104.88900 129.94099 143.72200 161.16000 190.56300 195.57700 202.95100 197.12100 175.44299 173.42300 150.26300 132.58200 122.28600 96.60330 87.29060 68.47800 76.48340 75.04930 64.91900 63.81780 63.74020 63.65260 64.14840 64.01470 66.28000 68.50910 71.06780 69.87820 67.15730 59.33040 57.45700 57.98280 61.74390 63.59850 70.18950
131.05299 144.90500 107.73400 74.30360 57.78490 44.04830 44.19000 41.65820 42.07420 74.67620 120.87200 125.23100 108.05000 89.61890 54.55710 80.71250 92.66360 96.29200 161.80299 149.05499 83.30770 46.85740 33.45980 34.92470 31.48260 40.15020 45.06530 40.27780 28.91540 28.97960 20.04830 25.90170 37.22350 57.71260 66.79240 86.02990 99.66880 120.52000 138.14400 154.97900 176.94901 200.39400 218.18900 199.04500 198.37500 195.39799 186.71001 157.41901 146.39200 139.91901 111.38600 92.17710 67.91650 72.19940 76.15330 65.92280 69.84720 78.49300 91.20030 92.93950 91.24010 90.35310 76.02200 64.93790 66.18200 67.09640 65.41870 62.25390 59.79270 67.10000 68.65900 64.86770
88.55370 97.17660 74.40530 131.95200 190.30800 170.58501 99.67870 76.02650 49.41770 63.90590 98.27060 -9999 -9999 225.91299 164.69501 139.38400 151.26300 149.17700 198.80000 170.82001 99.86460 54.99700 44.99740 53.53400 61.00410 52.23540 45.95580 34.43380 24.58830 22.64830 22.65640 33.71750 47.90310 55.18930 66.59660 77.18810 94.14750 103.96800 124.19400 129.50301 161.67400 188.38200 195.86700 197.34500 165.93800 140.50000 131.21600 118.18900 120.48200 126.89700 97.38550 73.94120 74.43260 69.47340 71.12510 56.44680 57.26040 58.66560 62.93770 65.61530 66.89560 64.15350 64.44710 62.60020 63.95830 64.66690 67.19060 65.49760 61.34060 59.97560 60.37500 56.61570
88.72010 207.13800 -9999 -9999 -9999 -9999 342.90100 301.09000 186.12300 174.85001 146.60600 140.73500 128.47501 83.03280 139.67999 -9999 -9999 -9999 -9999 290.46500 205.06799 139.35899 120.87600 98.94590 82.71020 90.63000 76.41470 62.14030 40.38830 27.16850 32.28380 44.49630 54.30660 66.30070 73.50390 90.67560 105.43200 124.54600 131.95900 133.47301 125.16800 166.11501 158.76801 171.08099 150.16400 127.89300 116.12500 116.37200 106.62600 104.64700 96.34100 69.78190 66.69830 58.84400 57.97400 58.88700 60.32190 59.23200 55.57720 56.79940 57.58010 58.12260 60.03420 62.25070 60.25980 61.40730 62.98900 61.98900 61.19590 59.93690 55.68830 48.44470
