data/hydroclimate-scenarios/BCSD_hadcm_B1/monthly_summaries/snodep_monthly_day1_feb.2070-2099.asc
ncols	311
nrows	91
xllcenter	102.75
yllcenter	31.75
cellsize	0.5
NODATA_value	-9999
[rows 0 to 31 of 91, columns 0 to 70 of 311]
-9999 -9999 -9999 -9999 -9999 -9999 -9999 -9999 -9999 -9999 -9999 -9999 -9999 -9999 -9999 -9999 -9999 -9999 -9999 -9999 -9999 -9999 -9999 -9999 -9999 -9999 -9999 -9999 -9999 -9999 -9999 -9999 -9999 -9999 -9999 -9999 -9999 -9999 -9999 -9999 -9999 -9999 -9999 -9999 -9999 -9999 -9999 -9999 -9999 -9999 -9999 -9999 -9999 -9999 -9999 -9999 -9999 -9999 -9999 -9999 -9999 -9999 -9999 -9999 -9999 -9999 -9999 -9999 -9999 -9999 -9999
-9999 -9999 -9999 -9999 -9999 -9999 -9999 -9999 -9999 -9999 -9999 -9999 -9999 -9999 -9999 -9999 -9999 -9999 -9999 -9999 -9999 -9999 -9999 -9999 -9999 -9999 -9999 -9999 -9999 -9999 -9999 -9999 -9999 -9999 -9999 -9999 -9999 -9999 -9999 -9999 -9999 -9999 -9999 -9999 -9999 -9999 -9999 -9999 -9999 -9999 -9999 -9999 -9999 -9999 -9999 -9999 -9999 -9999 -9999 -9999 -9999 -9999 -9999 -9999 -9999 -9999 -9999 -9999 -9999 -9999 -9999
-9999 -9999 -9999 -9999 -9999 -9999 -9999 -9999 -9999 -9999 -9999 -9999 -9999 -9999 -9999 -9999 -9999 -9999 -9999 -9999 -9999 -9999 -9999 -9999 -9999 -9999 -9999 -9999 -9999 -9999 -9999 -9999 -9999 -9999 -9999 -9999 -9999 -9999 -9999 -9999 -9999 -9999 -9999 -9999 -9999 -9999 -9999 -9999 -9999 -9999 -9999 -9999 -9999 -9999 -9999 -9999 -9999 -9999 -9999 -9999 -9999 -9999 -9999 -9999 -9999 -9999 -9999 -9999 -9999 -9999 -9999
-9999 -9999 -9999 -9999 -9999 -9999 -9999 -9999 -9999 -9999 -9999 -9999 -9999 -9999 -9999 -9999 -9999 -9999 -9999 -9999 -9999 -9999 -9999 -9999 -9999 -9999 -9999 -9999 -9999 -9999 -9999 -9999 -9999 -9999 -9999 -9999 -9999 -9999 -9999 -9999 -9999 -9999 -9999 -9999 -9999 -9999 -9999 -9999 -9999 -9999 -9999 -9999 -9999 -9999 -9999 -9999 -9999 -9999 -9999 -9999 -9999 -9999 -9999 -9999 -9999 -9999 -9999 -9999 -9999 -9999 -9999
-9999 -9999 -9999 -9999 -9999 -9999 -9999 -9999 -9999 -9999 -9999 -9999 -9999 -9999 -9999 -9999 -9999 -9999 -9999 -9999 -9999 -9999 -9999 -9999 -9999 -9999 -9999 -9999 -9999 -9999 -9999 -9999 -9999 -9999 -9999 -9999 -9999 -9999 -9999 -9999 -9999 -9999 -9999 -9999 -9999 -9999 -9999 -9999 -9999 -9999 -9999 -9999 -9999 -9999 -9999 -9999 -9999 -9999 -9999 -9999 -9999 -9999 -9999 -9999 -9999 -9999 -9999 -9999 -9999 -9999 -9999
-9999 -9999 -9999 -9999 -9999 -9999 -9999 -9999 -9999 -9999 -9999 -9999 -9999 -9999 -9999 -9999 -9999 -9999 -9999 -9999 -9999 -9999 -9999 -9999 -9999 -9999 -9999 -9999 -9999 -9999 -9999 -9999 -9999 -9999 -9999 -9999 -9999 -9999 -9999 -9999 -9999 -9999 -9999 -9999 -9999 -9999 -9999 -9999 -9999 -9999 -9999 -9999 -9999 -9999 -9999 -9999 -9999 -9999 -9999 -9999 -9999 -9999 -9999 -9999 -9999 -9999 -9999 -9999 -9999 -9999 -9999
-9999 -9999 -9999 -9999 -9999 -9999 -9999 -9999 -9999 -9999 -9999 -9999 -9999 -9999 -9999 -9999 -9999 -9999 -9999 -9999 -9999 -9999 -9999 -9999 -9999 -9999 -9999 -9999 -9999 -9999 -9999 -9999 -9999 -9999 -9999 -9999 -9999 -9999 -9999 -9999 -9999 -9999 -9999 -9999 -9999 -9999 -9999 -9999 -9999 -9999 -9999 -9999 -9999 -9999 -9999 -9999 -9999 -9999 -9999 -9999 -9999 -9999 -9999 -9999 -9999 -9999 -9999 -9999 -9999 -9999 -9999
-9999 -9999 -9999 -9999 -9999 -9999 -9999 -9999 -9999 -9999 -9999 -9999 -9999 -9999 -9999 -9999 -9999 -9999 -9999 -9999 -9999 -9999 -9999 -9999 -9999 -9999 -9999 -9999 -9999 -9999 -9999 -9999 -9999 -9999 -9999 -9999 -9999 -9999 -9999 -9999 -9999 -9999 70.75920 71.65600 71.88870 71.30790 71.31390 72.10080 71.34600 72.91000 71.77910 70.81910 -9999 -9999 -9999 -9999 -9999 -9999 -9999 -9999 -9999 -9999 -9999 -9999 -9999 -9999 -9999 -9999 -9999 -9999 -9999
-9999 -9999 -9999 -9999 -9999 -9999 -9999 -9999 -9999 -9999 -9999 -9999 -9999 -9999 -9999 -9999 -9999 -9999 -9999 -9999 -9999 -9999 -9999 -9999 -9999 -9999 -9999 -9999 -9999 -9999 -9999 -9999 -9999 -9999 -9999 -9999 -9999 -9999 67.32630 70.01360 69.24570 72.29980 72.92390 74.14160 75.03440 74.30740 75.46980 78.20950 78.42400 76.62910 74.69270 71.12220 69.04240 41.17940 -9999 -9999 -9999 -9999 -9999 -9999 -9999 -9999 -9999 -9999 -9999 -9999 -9999 -9999 -9999 -9999 -9999
-9999 -9999 -9999 -9999 -9999 -9999 -9999 -9999 -9999 -9999 -9999 -9999 -9999 -9999 -9999 -9999 -9999 -9999 -9999 -9999 -9999 -9999 -9999 -9999 -9999 -9999 -9999 -9999 -9999 -9999 -9999 -9999 -9999 -9999 -9999 -9999 -9999 -9999 -9999 -9999 66.86260 71.82520 73.00100 73.57860 76.54940 76.29720 77.35430 80.96100 81.45630 81.21880 79.61330 74.52780 72.56490 44.91010 -9999 -9999 -9999 -9999 -9999 -9999 -9999 -9999 -9999 -9999 -9999 -9999 -9999 -9999 -9999 -9999 -9999
-9999 -9999 -9999 -9999 -9999 -9999 -9999 -9999 -9999 -9999 -9999 -9999 -9999 -9999 -9999 -9999 -9999 -9999 -9999 -9999 -9999 -9999 -9999 -9999 -9999 -9999 -9999 -9999 -9999 -9999 -9999 -9999 -9999 -9999 -9999 -9999 -9999 -9999 -9999 -9999 -9999 -9999 -9999 -9999 81.14180 81.72950 83.80700 86.42690 86.98030 87.11520 87.15980 81.45450 80.10870 48.87380 -9999 -9999 -9999 -9999 -9999 -9999 54.44140 -9999 -9999 -9999 -9999 -9999 -9999 -9999 -9999 -9999 -9999
-9999 -9999 -9999 -9999 -9999 -9999 -9999 -9999 -9999 -9999 -9999 -9999 -9999 -9999 -9999 -9999 -9999 -9999 -9999 -9999 -9999 -9999 -9999 -9999 -9999 -9999 -9999 -9999 -9999 -9999 -9999 -9999 -9999 -9999 -9999 -9999 -9999 -9999 -9999 -9999 -9999 78.24400 79.01650 79.26520 81.64090 81.68510 82.77440 85.46110 85.69930 86.00220 85.41580 80.18570 77.08800 72.33360 -9999 -9999 -9999 -9999 -9999 54.62940 52.72030 52.08190 49.61110 47.61710 47.07990 45.10730 43.74450 43.46080 41.66940 41.73680 41.62230
-9999 -9999 -9999 -9999 -9999 -9999 -9999 -9999 -9999 -9999 -9999 -9999 -9999 -9999 -9999 -9999 -9999 -9999 -9999 -9999 -9999 -9999 -9999 -9999 -9999 -9999 -9999 -9999 -9999 -9999 -9999 -9999 -9999 -9999 -9999 -9999 -9999 -9999 -9999 -9999 -9999 76.72660 79.32790 80.70300 80.70040 81.37160 81.50190 80.91080 82.38630 81.08310 78.66900 74.44680 71.03020 66.05200 64.21070 61.17980 57.97490 -9999 53.78840 54.63060 52.14790 50.72000 49.91890 47.76530 46.75330 44.56490 44.06720 44.48460 43.26260 42.43230 41.10010
-9999 -9999 -9999 -9999 -9999 -9999 -9999 -9999 -9999 -9999 -9999 -9999 -9999 -9999 -9999 -9999 -9999 -9999 -9999 -9999 -9999 -9999 -9999 -9999 -9999 -9999 -9999 -9999 -9999 -9999 -9999 -9999 -9999 -9999 -9999 66.03420 67.24380 70.62920 72.09520 74.58730 75.16330 77.36730 80.16600 80.47030 81.95380 83.17010 82.44150 82.93720 83.01190 81.66700 79.83010 74.70830 71.48930 66.73510 63.78640 60.48950 57.47240 53.75010 52.35370 52.45360 50.90450 49.73640 49.01010 45.58970 45.25780 44.34580 43.74060 43.40520 43.06450 41.13540 40.87060
-9999 -9999 -9999 -9999 -9999 -9999 -9999 -9999 -9999 -9999 -9999 -9999 -9999 -9999 -9999 -9999 -9999 -9999 -9999 -9999 -9999 -9999 -9999 -9999 -9999 -9999 -9999 -9999 -9999 -9999 -9999 -9999 -9999 -9999 63.37120 68.34650 70.43370 69.50930 71.53320 73.02430 76.07760 77.03870 80.31050 81.50070 80.87740 82.85720 82.91370 84.34800 85.23870 81.15020 80.82620 74.98930 72.17370 67.48730 64.51850 62.36290 56.70500 53.80050 52.77560 52.11610 49.15230 47.66350 47.78510 44.50360 45.74790 45.50270 43.90980 42.19200 40.14050 39.69010 39.55970
-9999 -9999 -9999 -9999 -9999 -9999 -9999 -9999 -9999 -9999 -9999 -9999 -9999 -9999 -9999 -9999 -9999 -9999 -9999 -9999 -9999 -9999 -9999 -9999 -9999 -9999 -9999 -9999 -9999 -9999 -9999 -9999 -9999 62.53820 64.79300 67.95190 69.19130 69.08540 70.27430 72.65500 75.12820 76.91620 78.59050 80.83940 81.46010 80.68800 81.32440 82.33630 80.82790 79.61900 76.31100 70.03940 63.71140 62.18920 58.78960 57.23160 53.36800 52.38800 50.78080 49.04230 47.07970 45.36860 44.85570 44.86710 44.56900 43.03960 42.29070 40.32230 39.26700 39.13320 37.33190
-9999 -9999 -9999 -9999 -9999 -9999 -9999 -9999 -9999 -9999 -9999 -9999 -9999 -9999 -9999 -9999 -9999 -9999 -9999 -9999 -9999 -9999 -9999 -9999 -9999 -9999 -9999 -9999 -9999 -9999 -9999 60.61710 61.96480 62.12930 63.16850 65.45650 67.49770 67.17260 70.24260 72.27100 73.41960 75.92920 77.47110 78.92860 79.70060 78.17930 78.04870 76.52920 75.03240 73.77420 70.16890 66.48990 58.49720 60.05300 58.86170 54.94490 53.16320 49.15700 46.31780 45.63050 45.08810 43.98970 44.05710 43.19990 43.07230 40.80270 41.46240 40.99610 41.44580 37.77600 36.84420
-9999 -9999 -9999 -9999 -9999 -9999 -9999 -9999 -9999 -9999 -9999 -9999 -9999 -9999 -9999 -9999 -9999 -9999 -9999 -9999 -9999 -9999 -9999 -9999 -9999 -9999 -9999 -9999 -9999 56.95720 58.48570 60.94300 61.72080 61.88410 62.66960 65.02540 66.37300 67.49000 69.04060 70.90890 72.92900 74.37440 75.84960 76.15940 76.34140 73.56680 73.19780 74.10960 71.97170 70.97280 67.15360 64.08770 57.47090 57.82840 53.65390 52.30580 50.27870 47.18190 45.89990 45.98840 43.27640 42.15000 41.48050 40.34150 39.72370 39.50480 37.89110 39.15880 38.56530 38.09620 37.87140
-9999 -9999 -9999 -9999 -9999 -9999 -9999 -9999 -9999 -9999 -9999 -9999 -9999 -9999 -9999 -9999 -9999 -9999 -9999 -9999 -9999 -9999 -9999 -9999 55.05380 56.46830 55.97840 55.72790 56.65950 57.46170 58.30240 58.32390 58.67180 59.97040 61.31060 63.75460 65.04730 65.27300 66.61250 67.92730 68.19550 72.03480 74.05220 72.56070 72.63360 73.91680 72.62380 69.06990 69.07170 65.92680 64.88220 61.96760 59.53050 58.00900 53.79730 49.84980 47.63940 47.71980 44.81610 42.51720 41.42610 42.15230 40.64250 40.39860 39.09940 39.62670 39.44090 37.78700 39.19170 36.96960 33.24600
-9999 -9999 -9999 -9999 -9999 -9999 59.00430 57.70710 58.49730 59.07090 59.86590 -9999 -9999 -9999 -9999 -9999 -9999 -9999 -9999 -9999 -9999 54.04660 53.43770 53.15790 52.67870 54.08770 53.86500 56.10840 55.86340 56.93330 57.44680 57.53570 58.02120 59.19180 60.45830 63.10480 64.48270 65.11780 65.79460 67.12700 67.37620 68.02880 69.63740 70.71900 71.39470 71.63810 71.89950 67.64720 66.11750 64.99440 62.06010 61.63560 57.69450 56.35670 54.34150 49.31680 46.67310 46.03700 43.55870 41.87290 41.10710 41.89640 39.53920 39.15980 38.56400 40.01050 40.29180 38.02210 39.19760 38.85470 37.18840
-9999 -9999 -9999 -9999 -9999 58.81310 57.08910 57.77610 59.33090 58.86940 60.79130 59.41760 58.79780 59.32260 -9999 -9999 -9999 54.70520 54.00330 53.77400 53.57760 53.62930 50.51150 51.27160 51.26330 51.00290 53.36480 54.60810 55.87870 54.18260 54.37030 54.58440 56.10950 56.43730 58.52490 59.58690 59.67520 62.74030 64.78760 65.78960 66.31130 66.34840 66.16990 68.31260 70.16030 69.38210 68.59750 67.69070 65.15100 63.26850 61.06340 59.75980 57.48300 53.96170 52.05660 49.46190 47.66850 44.28170 45.00700 40.71030 39.80280 39.62980 39.50920 38.58820 37.49450 35.53020 38.22270 38.45380 37.78990 38.90530 37.96730
-9999 58.25960 58.06590 58.48080 59.23880 57.69400 58.41260 58.88250 59.55260 60.02810 60.30970 60.44640 60.33090 60.07890 58.75010 57.20180 56.93270 54.58550 54.41220 54.59140 53.69150 51.46950 51.10020 50.85380 50.17520 51.00060 50.55910 52.30180 53.07330 52.51080 52.24760 52.02360 53.87530 54.27770 55.32340 57.46320 59.41900 60.43760 62.65540 64.17460 64.00430 64.03130 63.65810 66.76190 66.52290 65.64560 66.24020 65.25380 63.01080 62.44580 57.49120 56.01430 53.78640 51.30650 49.07710 46.67340 45.99790 44.31450 42.98900 41.76070 40.70710 40.41370 38.98380 38.42290 37.50650 36.40240 37.85620 36.52800 38.01720 36.34860 35.42770
-9999 60.96070 59.70660 59.34860 58.57060 58.59940 59.61540 57.20730 57.17510 58.69130 60.00160 59.50470 59.28840 59.95320 57.87870 57.75840 55.38800 55.39890 54.18760 52.28360 53.11580 53.71590 52.27040 50.49610 50.06590 52.57890 52.74180 52.31780 51.85610 51.70360 52.31850 51.83170 51.09990 52.65640 53.05980 55.23310 56.47060 57.31360 60.26310 61.52680 62.79220 62.07960 62.23720 61.82430 61.90750 62.58190 62.79200 60.00110 60.67560 59.67200 57.74470 54.87580 50.70990 50.42080 47.25980 45.03480 42.08660 42.18290 41.36820 40.89850 40.93110 39.03660 39.28590 39.86890 40.07640 37.01570 37.14390 36.52780 36.97430 37.95250 38.49800
-9999 -9999 -9999 61.03740 60.10270 59.80860 59.68020 57.00310 57.48030 58.04570 58.55530 56.87710 56.82490 57.50990 57.81280 56.80860 55.84120 53.73170 54.54520 53.63070 52.20560 54.54840 53.46830 52.26420 50.81430 51.74890 50.73510 51.81030 51.52220 50.67060 50.44320 50.39600 50.63480 51.12480 51.82740 52.35020 53.63580 55.57880 56.13540 58.36580 59.80370 60.17970 59.25670 58.53930 59.06970 60.82930 59.67800 58.57540 57.67000 59.26640 56.93090 53.65090 50.09790 50.60580 48.36060 43.02360 42.37010 42.08330 41.95890 39.91000 41.32460 40.33230 40.58440 38.35440 38.12820 38.17540 39.71060 37.11650 38.30080 36.78800 37.06780
-9999 -9999 -9999 -9999 -9999 -9999 58.78100 58.07470 58.15850 56.98900 56.54630 56.84190 57.20160 56.02820 56.63280 55.00500 54.80620 53.99900 54.01400 55.58830 54.14910 53.88050 53.04830 51.85840 51.28810 50.98990 49.64200 50.32700 49.92160 50.71110 50.44830 48.39170 48.40710 49.89010 50.17120 52.68570 52.59830 53.26000 53.64250 54.69510 56.49240 55.93430 56.47890 56.74150 56.57320 57.57110 58.04540 59.77650 60.56330 59.93660 58.12270 54.99310 51.16670 49.38920 46.31860 43.20180 42.67820 42.68470 41.16300 42.21080 40.99190 39.85480 38.72060 35.67970 38.69380 35.87930 38.02250 38.71280 37.14820 37.82280 39.04580
-9999 -9999 -9999 -9999 -9999 -9999 59.95300 59.16850 59.63260 57.38730 57.51960 56.99230 56.62800 55.34300 55.44180 55.53130 55.72720 56.12510 55.85340 56.67840 57.25570 57.63320 56.28980 53.81670 53.06240 52.72080 50.64860 50.83920 50.51700 50.97630 51.46400 49.98040 50.18260 50.40220 50.33990 52.16340 53.25170 52.86740 54.45910 53.49720 53.40050 53.82270 55.25250 54.02640 55.42410 56.52510 57.05530 57.83440 60.38810 60.03170 59.44090 55.73920 52.47210 48.81760 47.28970 45.59770 44.87810 44.99230 44.37900 43.47350 40.27500 40.70080 40.31100 39.47890 37.49680 38.10070 38.44300 39.25150 39.05840 41.07940 40.14410
-9999 -9999 -9999 -9999 -9999 -9999 -9999 -9999 -9999 -9999 55.60960 58.43180 57.90350 55.65300 57.62320 56.92720 56.85610 57.68120 58.36330 60.07160 60.99300 60.29680 58.13990 57.03840 56.01910 55.72570 54.78930 53.27230 50.79360 51.95670 51.87500 52.79650 52.91960 51.75770 52.35260 52.61750 52.87170 51.81810 52.19720 51.46360 51.65030 50.82410 51.18710 54.00680 55.57860 57.33810 57.35810 59.07730 58.91710 58.77050 58.42240 52.86250 50.48820 48.28920 46.63310 45.88470 47.45430 46.79990 46.69680 44.21910 45.02610 44.50030 44.56890 42.22800 41.94470 40.92150 40.46800 40.79080 40.49970 40.96450 42.24410
-9999 -9999 -9999 -9999 -9999 -9999 -9999 -9999 -9999 -9999 54.74580 57.56610 56.42970 56.57780 57.54980 57.32850 59.26600 60.61210 62.11790 63.47520 62.63620 62.11850 60.58690 60.58110 58.67850 57.55470 56.17680 54.01760 53.33100 51.41570 51.49180 53.46800 53.61340 52.86760 52.54490 52.99650 52.88130 53.48580 54.05010 52.75490 53.17420 53.23870 53.07290 53.95250 54.95800 54.77660 54.78570 55.31600 54.95630 54.01790 52.23870 50.90570 47.98390 47.55390 47.96720 47.62700 46.22500 47.15070 46.35220 46.15900 45.89190 47.24430 45.56690 45.64590 45.70360 44.77800 43.13480 42.18290 41.96140 42.99270 42.75130
-9999 -9999 -9999 -9999 -9999 -9999 -9999 -9999 -9999 -9999 -9999 -9999 54.90210 57.96190 60.44440 63.29820 64.15490 64.24040 65.87720 66.17880 65.52140 66.07980 64.33390 61.79760 59.42520 57.90000 56.58670 53.89820 51.65940 51.09590 51.32070 52.37700 53.10330 52.46060 53.32800 53.14740 52.99230 51.98580 52.53940 51.11290 50.69740 53.06920 53.07390 52.41750 53.19640 54.42160 54.47970 53.62810 52.64560 50.75150 50.02350 49.63910 49.95080 48.00930 48.17720 47.21110 48.18170 45.30980 46.19540 47.57910 46.29130 47.36900 47.45780 44.77540 44.38520 42.56940 43.18050 43.83680 44.00460 44.92330 44.72950
-9999 -9999 -9999 -9999 -9999 -9999 -9999 -9999 -9999 -9999 -9999 -9999 54.66980 56.86940 60.46870 61.96640 64.93990 65.39120 67.17050 68.89280 66.83090 67.54580 65.95310 62.87030 61.38770 59.39720 56.01740 53.80380 51.94830 50.07310 49.51800 52.26200 52.48700 52.23240 52.51380 52.37070 53.06770 53.60030 53.22290 52.30570 51.49640 52.36610 53.08350 53.22150 53.45770 53.67860 53.68880 53.70770 52.66240 48.99100 49.56520 49.49420 49.30600 47.35870 48.11500 48.45530 48.03060 47.58200 46.95370 49.20510 49.37050 50.23730 48.11850 48.10450 47.25260 45.82480 45.65480 45.57990 45.61270 46.36820 45.50630
-9999 -9999 -9999 -9999 -9999 -9999 -9999 -9999 -9999 -9999 -9999 52.45400 56.05290 55.75080 58.31350 60.53900 64.81840 65.05570 68.25870 70.56420 67.85060 69.75310 67.35470 66.79120 64.45560 62.14450 58.47560 53.61080 51.90950 51.25070 49.30720 49.89210 50.00130 50.96210 51.75720 51.20830 52.35440 51.96310 53.46170 55.12730 54.46240 55.63180 54.89120 52.72970 52.48120 53.03550 53.31960 52.93760 51.81220 52.03480 52.43130 50.81830 51.31940 50.90490 51.59630 48.91060 47.79020 50.01520 49.87120 51.73540 49.89170 49.89810 50.67520 51.80750 50.52360 48.25120 48.71070 48.31780 50.25380 49.45260 48.62470
-9999 -9999 -9999 -9999 -9999 -9999 -9999 -9999 -9999 -9999 -9999 51.36810 52.95230 55.13680 56.56230 59.73140 62.89660 64.84870 67.16700 68.45100 67.10580 68.86570 66.88140 66.31140 64.11080 61.97360 57.56970 54.29050 53.40100 52.45730 49.94310 49.81040 50.03890 50.43300 50.70520 51.01580 52.03570 53.45830 53.00640 54.32850 55.53000 55.07480 57.39670 55.87580 54.66250 55.44730 54.71690 55.33980 54.03810 54.46140 53.02800 53.37080 53.55830 53.32850 51.91710 49.65780 50.68040 51.15550 51.79930 52.18650 52.86380 52.23410 52.56610 53.96810 53.81250 52.38800 52.06520 49.32210 50.60460 50.01980 49.54300
