data/hydroclimate-scenarios/BCSD_hadcm_B1/monthly_summaries/snodep_monthly_day1_mar.2070-2099.asc
ncols	311
nrows	91
xllcenter	102.75
yllcenter	31.75
cellsize	0.5
NODATA_value	-9999
[rows 0 to 31 of 91, columns 216 to 287 of 311]
-9999 -9999 -9999 -9999 -9999 -9999 -9999 -9999 -9999 -9999 -9999 -9999 -9999 -9999 -9999 -9999 -9999 -9999 -9999 -9999 -9999 -9999 -9999 -9999 -9999 -9999 -9999 -9999 -9999 -9999 -9999 -9999 -9999 -9999 -9999 -9999 -9999 -9999 -9999 -9999 -9999 -9999 -9999 -9999 -9999 -9999 -9999 -9999 -9999 -9999 -9999 -9999 -9999 -9999 -9999 -9999 -9999 -9999 -9999 -9999 -9999 -9999 -9999 -9999 -9999 -9999 -9999 -9999 -9999 -9999 -9999 -9999
-9999 -9999 -9999 -9999 -9999 -9999 -9999 -9999 -9999 -9999 -9999 -9999 -9999 -9999 -9999 -9999 -9999 -9999 -9999 -9999 -9999 -9999 -9999 -9999 -9999 -9999 -9999 -9999 -9999 -9999 -9999 -9999 -9999 -9999 -9999 -9999 -9999 -9999 -9999 -9999 -9999 -9999 -9999 -9999 -9999 -9999 -9999 -9999 -9999 -9999 -9999 -9999 -9999 -9999 -9999 -9999 -9999 -9999 -9999 -9999 -9999 -9999 -9999 -9999 -9999 -9999 -9999 -9999 -9999 -9999 -9999 -9999
-9999 -9999 -9999 -9999 -9999 -9999 -9999 -9999 -9999 -9999 -9999 -9999 -9999 -9999 -9999 -9999 -9999 -9999 -9999 -9999 -9999 -9999 -9999 -9999 -9999 -9999 -9999 -9999 -9999 -9999 -9999 -9999 -9999 -9999 -9999 -9999 -9999 -9999 -9999 -9999 -9999 -9999 -9999 -9999 -9999 -9999 -9999 -9999 -9999 -9999 -9999 -9999 -9999 -9999 -9999 -9999 -9999 -9999 -9999 -9999 -9999 -9999 -9999 -9999 -9999 -9999 -9999 -9999 -9999 -9999 -9999 -9999
-9999 -9999 -9999 -9999 -9999 -9999 -9999 -9999 -9999 -9999 -9999 -9999 -9999 -9999 -9999 -9999 -9999 -9999 -9999 -9999 -9999 -9999 -9999 -9999 -9999 -9999 -9999 -9999 -9999 -9999 -9999 -9999 -9999 -9999 -9999 -9999 -9999 -9999 -9999 -9999 -9999 -9999 -9999 -9999 -9999 -9999 -9999 -9999 -9999 -9999 -9999 -9999 -9999 -9999 -9999 -9999 -9999 -9999 -9999 -9999 -9999 -9999 -9999 -9999 -9999 -9999 -9999 -9999 -9999 -9999 -9999 -9999
-9999 -9999 -9999 -9999 -9999 -9999 -9999 -9999 -9999 -9999 -9999 -9999 -9999 -9999 -9999 -9999 -9999 -9999 -9999 -9999 -9999 -9999 -9999 -9999 -9999 -9999 -9999 -9999 -9999 -9999 -9999 -9999 -9999 -9999 -9999 -9999 -9999 -9999 -9999 -9999 -9999 -9999 -9999 -9999 -9999 -9999 -9999 -9999 -9999 -9999 -9999 -9999 -9999 -9999 -9999 -9999 -9999 -9999 -9999 -9999 -9999 -9999 -9999 -9999 -9999 -9999 -9999 -9999 -9999 -9999 -9999 -9999
-9999 -9999 -9999 -9999 -9999 -9999 -9999 -9999 -9999 -9999 -9999 -9999 -9999 -9999 -9999 -9999 -9999 -9999 -9999 -9999 -9999 -9999 -9999 -9999 -9999 -9999 -9999 -9999 -9999 -9999 -9999 -9999 -9999 -9999 -9999 -9999 -9999 -9999 -9999 -9999 -9999 -9999 -9999 -9999 -9999 -9999 -9999 -9999 -9999 -9999 -9999 -9999 -9999 -9999 -9999 -9999 -9999 -9999 -9999 -9999 -9999 -9999 -9999 -9999 -9999 -9999 -9999 -9999 -9999 -9999 -9999 -9999
-9999 -9999 -9999 -9999 -9999 -9999 -9999 -9999 -9999 -9999 -9999 -9999 -9999 -9999 -9999 -9999 -9999 -9999 -9999 -9999 -9999 -9999 -9999 -9999 -9999 -9999 -9999 -9999 -9999 -9999 -9999 -9999 -9999 -9999 -9999 -9999 -9999 -9999 -9999 -9999 -9999 -9999 -9999 -9999 -9999 -9999 -9999 -9999 -9999 -9999 -9999 -9999 -9999 -9999 -9999 -9999 -9999 -9999 -9999 -9999 -9999 -9999 -9999 -9999 -9999 -9999 -9999 -9999 -9999 -9999 -9999 -9999
-9999 -9999 -9999 -9999 -9999 -9999 -9999 -9999 -9999 -9999 -9999 -9999 -9999 -9999 -9999 -9999 -9999 -9999 -9999 -9999 -9999 -9999 -9999 -9999 -9999 -9999 -9999 -9999 -9999 -9999 -9999 -9999 -9999 -9999 -9999 -9999 -9999 -9999 -9999 -9999 -9999 -9999 -9999 -9999 -9999 -9999 -9999 -9999 -9999 -9999 -9999 -9999 -9999 -9999 -9999 -9999 -9999 -9999 -9999 -9999 -9999 -9999 -9999 -9999 -9999 -9999 -9999 -9999 -9999 -9999 -9999 -9999
-9999 -9999 -9999 -9999 -9999 -9999 -9999 -9999 -9999 -9999 -9999 -9999 -9999 -9999 -9999 -9999 -9999 -9999 -9999 -9999 -9999 -9999 -9999 -9999 -9999 -9999 -9999 -9999 -9999 -9999 -9999 -9999 -9999 -9999 -9999 -9999 -9999 -9999 -9999 -9999 -9999 -9999 -9999 -9999 -9999 -9999 -9999 -9999 -9999 -9999 -9999 -9999 -9999 -9999 -9999 -9999 -9999 -9999 -9999 -9999 -9999 -9999 -9999 -9999 -9999 -9999 -9999 -9999 -9999 -9999 -9999 -9999
-9999 -9999 -9999 -9999 -9999 -9999 -9999 -9999 -9999 -9999 -9999 -9999 -9999 -9999 -9999 -9999 -9999 -9999 -9999 -9999 -9999 -9999 -9999 -9999 -9999 -9999 -9999 -9999 -9999 -9999 -9999 -9999 -9999 -9999 -9999 -9999 -9999 -9999 -9999 -9999 -9999 -9999 -9999 -9999 -9999 -9999 -9999 -9999 -9999 -9999 -9999 -9999 -9999 -9999 -9999 -9999 -9999 -9999 -9999 -9999 -9999 -9999 -9999 -9999 -9999 -9999 -9999 -9999 -9999 -9999 -9999 -9999
-9999 -9999 -9999 -9999 -9999 -9999 -9999 -9999 -9999 -9999 -9999 -9999 -9999 -9999 -9999 -9999 -9999 -9999 -9999 -9999 -9999 -9999 -9999 -9999 -9999 -9999 -9999 -9999 -9999 -9999 -9999 -9999 -9999 -9999 -9999 -9999 -9999 -9999 -9999 -9999 -9999 -9999 -9999 -9999 -9999 -9999 -9999 -9999 -9999 -9999 -9999 -9999 -9999 -9999 -9999 -9999 -9999 -9999 -9999 -9999 -9999 -9999 -9999 -9999 -9999 -9999 -9999 -9999 -9999 -9999 -9999 -9999
-9999 -9999 -9999 -9999 -9999 -9999 -9999 -9999 -9999 -9999 -9999 -9999 -9999 -9999 -9999 -9999 -9999 -9999 -9999 -9999 -9999 -9999 -9999 -9999 -9999 -9999 -9999 -9999 -9999 -9999 -9999 -9999 -9999 -9999 -9999 -9999 -9999 -9999 -9999 -9999 -9999 -9999 -9999 -9999 -9999 -9999 -9999 -9999 -9999 -9999 -9999 -9999 -9999 -9999 -9999 -9999 -9999 -9999 -9999 -9999 -9999 -9999 -9999 -9999 -9999 -9999 -9999 -9999 -9999 -9999 -9999 -9999
-9999 -9999 -9999 -9999 -9999 -9999 -9999 -9999 -9999 -9999 -9999 -9999 -9999 -9999 -9999 -9999 -9999 -9999 -9999 -9999 -9999 -9999 -9999 -9999 -9999 -9999 -9999 -9999 -9999 -9999 -9999 -9999 -9999 -9999 -9999 -9999 -9999 -9999 -9999 -9999 -9999 -9999 -9999 -9999 -9999 -9999 -9999 -9999 -9999 -9999 -9999 -9999 -9999 -9999 -9999 -9999 -9999 -9999 -9999 -9999 -9999 -9999 -9999 -9999 -9999 -9999 -9999 -9999 -9999 -9999 -9999 -9999
44.63860 31.68580 30.75800 -9999 -9999 -9999 -9999 -9999 -9999 -9999 -9999 -9999 -9999 -9999 -9999 -9999 -9999 -9999 -9999 -9999 -9999 -9999 -9999 -9999 -9999 -9999 -9999 -9999 -9999 -9999 -9999 -9999 -9999 -9999 -9999 -9999 -9999 -9999 -9999 -9999 -9999 -9999 -9999 -9999 32.14560 -9999 -9999 -9999 -9999 -9999 -9999 -9999 -9999 -9999 -9999 -9999 -9999 -9999 -9999 -9999 -9999 -9999 -9999 -9999 -9999 -9999 -9999 -9999 -9999 -9999 -9999 -9999
47.54110 49.59400 49.23960 30.95050 29.17960 24.48450 25.25360 19.29030 19.18830 20.61580 53.98490 55.22650 53.64210 48.39800 41.18920 154.15199 -9999 -9999 -9999 -9999 -9999 -9999 -9999 -9999 -9999 -9999 -9999 -9999 -9999 -9999 -9999 -9999 -9999 -9999 -9999 -9999 -9999 -9999 -9999 12.66120 20.83500 17.32920 8.40153 8.72253 20.16460 39.46020 -9999 -9999 -9999 33.51420 -9999 -9999 -9999 35.97830 43.74530 40.16540 -9999 -9999 -9999 -9999 -9999 -9999 -9999 -9999 -9999 -9999 -9999 -9999 -9999 -9999 -9999 -9999
49.82520 51.51500 51.82600 8.58274 0.26661 0.61311 0.66787 0.95194 1.10881 0.87946 0.82522 0.00000 3.60966 0.55636 0.47062 0.02719 0.02059 0.82089 7.98213 32.04880 50.96930 35.59760 -9999 -9999 -9999 -9999 -9999 42.44970 42.42200 46.27000 48.57370 50.01700 47.20620 42.28190 42.44940 42.18400 41.36310 40.10200 40.49270 10.26940 12.76570 11.25100 11.52370 12.16000 16.96080 45.11260 46.75000 45.46070 42.95640 40.64930 44.51380 43.61820 42.08200 49.84180 49.15650 36.88920 38.56360 39.06090 40.21510 43.44210 41.69800 -9999 -9999 -9999 -9999 -9999 -9999 -9999 -9999 -9999 -9999 -9999
38.08060 37.85950 30.04210 0.30176 0.38465 0.11249 0.10528 0.00000 0.39239 0.33319 0.33904 0.22765 0.16462 0.12364 0.10835 1.75278 1.64733 1.02320 8.12742 41.44100 17.79810 29.70920 35.81240 40.91930 48.65840 54.05040 52.57200 51.41610 50.63630 50.18160 56.45470 61.26070 55.43490 49.79190 50.94730 52.05250 47.99000 50.07350 50.65530 50.28840 50.05790 49.17420 48.42670 47.50050 47.20880 45.62830 44.58980 45.26650 43.69090 46.42100 47.62000 49.30610 55.29670 57.45730 57.11990 60.05230 60.81110 53.96950 58.82400 56.59070 54.89790 48.87000 43.62310 43.28810 43.05010 40.88910 42.09490 44.87200 44.30850 -9999 -9999 -9999
26.51570 24.60580 0.27100 0.35663 0.32374 0.08445 0.06983 0.20367 0.19871 0.27824 0.20899 0.06789 0.04664 0.08212 0.62431 24.67240 22.56360 25.85650 38.31050 80.76760 85.40550 40.31910 43.15920 39.01130 49.39600 57.57320 64.69190 69.75270 54.75560 54.61790 60.15020 69.43930 71.66260 69.13970 69.29720 63.48640 61.23240 57.89720 59.28050 56.92740 53.68930 51.29880 49.55120 47.91790 49.30180 50.20250 48.84030 48.53160 49.19700 51.36110 54.52030 54.80360 58.92650 65.15380 59.95770 60.08640 62.54200 63.11030 68.34910 60.38970 62.41130 54.34160 52.65030 51.75100 55.93390 60.98720 63.36800 65.25100 57.13320 -9999 42.36630 -9999
36.94930 35.89680 29.58810 27.18870 9.64068 9.31485 8.94404 9.71923 9.18362 6.15018 5.58023 0.04505 6.59396 23.68690 11.96590 19.13680 17.47530 43.46700 64.17580 83.88330 87.40720 50.60880 48.74870 55.42020 41.30560 39.64890 52.43220 87.23460 72.27650 68.78930 66.95630 70.88850 73.94970 74.81320 68.57970 63.92550 62.16810 58.50000 55.05860 53.63600 55.37180 55.32090 55.44840 57.95840 58.92700 58.79230 58.09100 59.14110 56.15550 56.84370 56.39730 59.33530 58.34670 56.41970 61.21310 67.71580 69.57920 67.96930 69.36270 61.98310 63.58670 63.93080 68.80040 69.78570 67.73250 65.60480 66.97790 68.14590 71.23880 72.11130 -9999 -9999
53.51040 46.38300 42.82120 36.83980 30.13730 39.34830 36.69090 33.25030 24.82600 32.09740 31.28500 32.87620 31.62740 31.01630 34.10820 90.02360 83.77790 59.83430 72.21590 61.80450 75.06620 42.12180 48.20070 59.01790 64.56130 72.17740 67.30730 101.22900 97.31330 83.21060 79.25550 73.14840 67.04830 64.12580 61.40270 62.88190 65.62790 60.99420 56.87760 61.92740 67.50330 64.09220 63.17650 66.73240 65.45230 64.09150 60.36920 61.71600 65.90230 61.35180 60.49240 61.86500 62.74300 65.88400 67.35780 69.39540 66.64470 63.42090 61.82310 63.44100 67.96540 70.44390 73.06900 73.86110 81.66470 85.03060 86.08710 85.48250 95.94520 94.74040 86.53140 -9999
72.52920 58.92450 50.02700 45.65630 43.90340 36.21860 35.31800 37.03630 38.01400 38.12600 38.58610 40.84180 40.67110 40.58300 41.37270 62.09360 44.61150 19.56080 22.75840 40.70840 37.78360 36.26860 50.66750 56.60150 64.34440 69.50660 77.30050 80.78820 88.43800 87.05250 81.18980 72.73530 65.58940 65.56100 67.16900 63.99210 62.80060 63.21430 57.63110 63.16850 63.32020 61.18710 60.06320 63.86210 67.61480 67.31120 67.51150 70.13810 67.05430 68.27090 68.96310 67.12330 66.96550 73.56600 66.70130 64.66240 61.17870 58.94960 57.87660 60.39170 63.22990 66.21920 71.16880 74.75080 82.13990 83.09480 86.12600 87.78090 87.95130 91.59710 92.26270 95.01800
45.40900 42.40040 42.61320 40.26950 41.58570 38.76550 38.54450 39.44990 39.63160 41.33470 45.54210 46.40530 42.57730 41.46250 40.84060 79.75720 67.24580 14.96910 9.24943 7.81358 20.59090 33.95060 57.88170 68.72740 74.61800 66.95410 73.96510 76.10160 90.40970 93.39820 85.81430 76.81460 71.95160 71.11520 68.62680 65.28180 65.06910 63.72690 59.46700 61.92100 60.65650 58.24630 60.78330 67.27320 69.04360 69.65960 70.08560 75.14870 72.27250 68.67250 65.61390 63.86300 62.87400 62.36580 66.40890 64.17710 64.02500 59.09310 58.61540 59.77250 61.77780 63.48200 58.74780 62.27120 69.24200 76.12780 83.30300 89.85680 85.90880 78.00700 76.71070 83.18950
52.72900 48.40700 52.63630 70.08280 69.31520 55.45480 56.98500 19.22870 23.13980 44.87680 47.85220 53.04520 49.80520 47.23290 42.49450 51.69740 62.61890 14.83470 14.43850 13.39750 21.93370 19.73300 42.77670 49.59900 54.08670 65.12160 74.34180 73.40550 72.71870 76.15990 79.33120 77.15200 80.34050 82.74310 79.06220 83.35020 80.48720 85.54950 80.13430 71.67660 66.92770 67.13240 76.81590 82.30960 93.28300 96.85310 93.81010 89.09160 84.77570 75.46200 70.99690 65.48890 68.54260 66.83490 68.22680 63.15100 57.16360 58.42310 58.62900 58.42720 60.20130 59.96880 61.47080 65.93710 68.90430 79.20910 83.69610 86.74800 87.77850 85.54790 80.69110 83.17430
50.56010 39.63830 46.40850 61.05780 59.99410 53.33190 29.78100 11.21700 11.33800 0.57088 9.75028 8.53171 7.56391 46.08020 46.72930 56.41530 68.03400 25.50480 13.71530 19.03230 24.23880 23.84670 25.62380 37.03220 40.06230 48.65270 60.71640 69.89000 76.64460 78.79950 73.61490 81.18730 70.16440 64.86440 76.58050 90.89440 83.48700 95.39680 104.74200 117.16200 118.47900 126.23600 124.42700 115.52900 102.87100 112.25800 104.31100 89.76380 75.61000 80.36930 75.99760 67.03820 70.99850 70.50940 64.66130 61.59790 66.94310 67.92100 58.17170 58.33570 61.14860 59.53550 61.57680 62.31700 65.64210 73.30040 76.87150 76.64690 81.83610 87.21000 86.71590 79.60780
45.51410 42.86150 42.69020 41.07530 42.53530 49.85980 50.48770 29.50540 8.07279 0.84469 0.58569 0.04116 0.26034 0.00000 0.05478 11.95010 82.79390 95.39260 15.10220 14.09430 13.21450 13.27130 17.33380 14.52610 23.72010 28.94650 34.18150 31.69200 35.59680 38.41080 39.74100 36.07940 42.19560 46.08530 43.49670 60.77590 70.42300 87.43610 95.97770 122.49000 124.43600 143.58501 163.53400 169.15500 149.00800 120.49200 97.80920 88.06250 72.54440 70.96720 80.39950 77.05900 72.86290 69.64910 67.08680 60.39370 61.59530 63.87900 69.47080 73.28040 71.35610 63.46230 59.40600 59.94030 64.94630 64.50090 67.37020 67.93650 71.84410 78.65600 84.00230 85.29530
42.61380 45.35130 44.22800 45.66250 40.27840 36.80510 36.38700 40.21900 46.59810 33.05860 27.21830 15.66160 12.80700 11.53970 0.21490 19.46990 31.41950 31.80420 57.82630 12.71540 32.99100 21.04820 14.66260 14.70800 19.42610 29.13460 45.30600 46.53730 51.70920 39.55840 42.46210 33.41220 40.59920 50.53190 52.06940 67.62480 82.12540 90.70230 106.62000 136.59900 151.59801 154.02400 161.97400 172.61700 168.78400 161.07899 133.29401 116.74000 95.89820 77.18020 93.25290 98.69810 79.07130 76.42040 75.01690 68.44040 67.46360 66.46310 71.16800 72.14570 68.37360 70.25540 69.86600 65.62240 61.58620 64.20110 63.54030 65.77910 67.44510 72.23310 78.09790 83.68130
61.53200 54.61510 72.95750 94.72710 95.20530 66.20450 72.80960 82.21120 94.36190 61.58650 38.04390 32.44260 32.75900 32.40960 33.63720 38.90500 23.27910 41.09690 31.78140 38.42480 49.82280 44.17210 50.72270 63.34580 64.12420 69.82980 82.23760 85.02110 61.17480 56.80000 54.74740 50.53250 54.79240 49.22440 61.47690 72.65920 88.51460 105.05000 120.20900 141.19901 162.60699 176.09599 186.16701 188.94600 190.57100 174.35600 152.19299 134.53101 120.57800 95.55660 82.36500 81.50000 89.23720 80.81360 78.47190 77.11600 73.44880 72.49100 73.55290 73.68050 75.40230 73.00150 70.56510 67.14850 62.90240 60.11380 61.34130 66.61070 68.56270 72.93030 76.29920 77.02550
86.57410 81.83170 78.50870 88.65700 109.67700 108.17500 120.87500 104.87100 93.45860 98.94130 93.01640 77.94780 45.41510 31.32470 29.71170 90.02400 87.17620 71.80550 74.96770 61.47030 76.62960 44.01060 51.11730 57.64030 74.68420 68.77310 74.59230 71.51960 48.58540 39.11420 42.49720 31.72620 38.61970 51.93100 65.44020 70.33270 87.75330 108.45400 133.35600 156.83701 173.11900 189.44600 198.60600 203.25999 202.53700 181.84200 163.58501 161.16000 141.39200 116.41200 99.66190 78.50750 88.42120 86.68410 81.94580 75.94510 80.18420 76.95100 76.40230 72.01350 69.03250 71.98110 72.11530 69.78940 68.60330 60.23120 60.29570 61.17400 64.76100 71.28410 75.52670 74.02030
94.60590 76.61100 74.41070 80.76090 56.06250 52.16390 54.11050 58.31170 60.35610 46.06110 52.05410 53.94910 57.92740 46.52450 26.62010 90.69860 107.23500 117.53600 124.69500 86.80990 60.12410 20.08810 14.62160 46.37980 55.18430 50.03900 56.45440 56.43340 40.43310 35.19390 24.97060 24.96340 39.54510 57.48800 66.12380 78.06250 97.04860 108.30700 133.97501 154.19000 172.97301 202.19099 207.70300 223.86900 217.61600 192.88800 190.91100 162.95200 143.81900 131.03000 103.05400 94.08870 73.58260 80.90610 79.44430 70.29410 69.06340 68.96940 68.88190 70.20310 69.84760 70.76430 72.98210 75.59490 74.13450 73.08000 64.46290 61.32660 61.74360 66.27480 67.85170 71.33720
129.52299 148.20500 110.54400 73.24800 56.75290 41.74860 41.37190 40.30010 40.71300 72.60680 117.30900 123.62900 107.79900 89.66310 55.79960 85.61980 98.24250 104.57100 174.64101 157.24699 87.44550 47.22180 34.19440 37.16690 33.49080 41.99550 46.25900 40.66400 29.75510 30.07900 20.91990 27.69730 40.13320 62.82530 73.20460 87.51260 101.46800 122.77300 141.29300 164.49100 188.82100 211.80400 230.20500 218.15700 217.89999 213.86900 204.56900 169.90401 158.54401 149.37500 118.92800 99.18920 72.49880 75.66510 80.00440 71.05990 75.28260 84.61520 99.27520 101.61400 99.38740 96.26990 80.44590 69.27400 70.20400 72.91290 70.72730 65.86590 63.28220 71.78380 73.12770 65.83030
88.08960 98.25470 75.04480 129.64101 186.55499 173.08600 101.66900 77.30900 50.12660 63.08620 95.62570 -9999 -9999 205.07800 170.48000 145.41901 158.83701 155.16499 206.34801 173.91600 101.69000 55.53000 45.85800 53.77700 60.51230 53.37920 46.33790 34.49580 24.90350 22.46880 23.00910 34.11550 48.51960 59.52920 71.11310 78.87330 96.29660 105.59300 126.43300 126.33600 159.43900 191.92799 199.63800 208.89700 175.68800 152.92400 143.18800 126.47000 128.90800 138.96300 106.14700 78.35930 78.24620 72.50340 74.74100 61.32180 62.25350 62.24800 66.66250 69.58220 70.87010 67.51660 67.72870 65.59660 67.02420 68.52360 71.10620 70.10480 65.53360 62.68980 63.10540 56.90360
84.89560 201.61900 -9999 -9999 -9999 -9999 337.56299 303.57300 189.51801 173.13499 145.86301 143.54800 131.75000 89.09360 148.58800 -9999 -9999 -9999 -9999 298.62299 209.46700 140.65199 121.95400 99.77190 83.00670 90.89850 76.43740 61.06360 39.81690 27.45840 32.72860 44.93510 54.28830 69.44000 77.89390 92.76980 107.85700 125.65800 133.59300 129.74200 121.54900 167.59300 159.92900 180.48900 158.75101 139.51700 127.03300 124.38200 113.86500 113.58900 104.52500 73.38770 70.04750 62.20480 61.21340 64.07720 65.37850 62.58330 58.66070 59.91680 60.79560 61.34600 63.36670 64.93160 62.68760 64.51060 66.16610 65.69440 65.09880 62.14710 57.77370 48.27800
