data/hydroclimate-scenarios/BCSD_hadcm_B1/monthly_summaries/snodep_monthly_day1_apr.2030-2059.asc
ncols	311
nrows	91
xllcenter	102.75
yllcenter	31.75
cellsize	0.5
NODATA_value	-9999
[rows 0 to 31 of 91, columns 0 to 71 of 311]
-9999 -9999 -9999 -9999 -9999 -9999 -9999 -9999 -9999 -9999 -9999 -9999 -9999 -9999 -9999 -9999 -9999 -9999 -9999 -9999 -9999 -9999 -9999 -9999 -9999 -9999 -9999 -9999 -9999 -9999 -9999 -9999 -9999 -9999 -9999 -9999 -9999 -9999 -9999 -9999 -9999 -9999 -9999 -9999 -9999 -9999 -9999 -9999 -9999 -9999 -9999 -9999 -9999 -9999 -9999 -9999 -9999 -9999 -9999 -9999 -9999 -9999 -9999 -9999 -9999 -9999 -9999 -9999 -9999 -9999 -9999 -9999
-9999 -9999 -9999 -9999 -9999 -9999 -9999 -9999 -9999 -9999 -9999 -9999 -9999 -9999 -9999 -9999 -9999 -9999 -9999 -9999 -9999 -9999 -9999 -9999 -9999 -9999 -9999 -9999 -9999 -9999 -9999 -9999 -9999 -9999 -9999 -9999 -9999 -9999 -9999 -9999 -9999 -9999 -9999 -9999 -9999 -9999 -9999 -9999 -9999 -9999 -9999 -9999 -9999 -9999 -9999 -9999 -9999 -9999 -9999 -9999 -9999 -9999 -9999 -9999 -9999 -9999 -9999 -9999 -9999 -9999 -9999 -9999
-9999 -9999 -9999 -9999 -9999 -9999 -9999 -9999 -9999 -9999 -9999 -9999 -9999 -9999 -9999 -9999 -9999 -9999 -9999 -9999 -9999 -9999 -9999 -9999 -9999 -9999 -9999 -9999 -9999 -9999 -9999 -9999 -9999 -9999 -9999 -9999 -9999 -9999 -9999 -9999 -9999 -9999 -9999 -9999 -9999 -9999 -9999 -9999 -9999 -9999 -9999 -9999 -9999 -9999 -9999 -9999 -9999 -9999 -9999 -9999 -9999 -9999 -9999 -9999 -9999 -9999 -9999 -9999 -9999 -9999 -9999 -9999
-9999 -9999 -9999 -9999 -9999 -9999 -9999 -9999 -9999 -9999 -9999 -9999 -9999 -9999 -9999 -9999 -9999 -9999 -9999 -9999 -9999 -9999 -9999 -9999 -9999 -9999 -9999 -9999 -9999 -9999 -9999 -9999 -9999 -9999 -9999 -9999 -9999 -9999 -9999 -9999 -9999 -9999 -9999 -9999 -9999 -9999 -9999 -9999 -9999 -9999 -9999 -9999 -9999 -9999 -9999 -9999 -9999 -9999 -9999 -9999 -9999 -9999 -9999 -9999 -9999 -9999 -9999 -9999 -9999 -9999 -9999 -9999
-9999 -9999 -9999 -9999 -9999 -9999 -9999 -9999 -9999 -9999 -9999 -9999 -9999 -9999 -9999 -9999 -9999 -9999 -9999 -9999 -9999 -9999 -9999 -9999 -9999 -9999 -9999 -9999 -9999 -9999 -9999 -9999 -9999 -9999 -9999 -9999 -9999 -9999 -9999 -9999 -9999 -9999 -9999 -9999 -9999 -9999 -9999 -9999 -9999 -9999 -9999 -9999 -9999 -9999 -9999 -9999 -9999 -9999 -9999 -9999 -9999 -9999 -9999 -9999 -9999 -9999 -9999 -9999 -9999 -9999 -9999 -9999
-9999 -9999 -9999 -9999 -9999 -9999 -9999 -9999 -9999 -9999 -9999 -9999 -9999 -9999 -9999 -9999 -9999 -9999 -9999 -9999 -9999 -9999 -9999 -9999 -9999 -9999 -9999 -9999 -9999 -9999 -9999 -9999 -9999 -9999 -9999 -9999 -9999 -9999 -9999 -9999 -9999 -9999 -9999 -9999 -9999 -9999 -9999 -9999 -9999 -9999 -9999 -9999 -9999 -9999 -9999 -9999 -9999 -9999 -9999 -9999 -9999 -9999 -9999 -9999 -9999 -9999 -9999 -9999 -9999 -9999 -9999 -9999
-9999 -9999 -9999 -9999 -9999 -9999 -9999 -9999 -9999 -9999 -9999 -9999 -9999 -9999 -9999 -9999 -9999 -9999 -9999 -9999 -9999 -9999 -9999 -9999 -9999 -9999 -9999 -9999 -9999 -9999 -9999 -9999 -9999 -9999 -9999 -9999 -9999 -9999 -9999 -9999 -9999 -9999 -9999 -9999 -9999 -9999 -9999 -9999 -9999 -9999 -9999 -9999 -9999 -9999 -9999 -9999 -9999 -9999 -9999 -9999 -9999 -9999 -9999 -9999 -9999 -9999 -9999 -9999 -9999 -9999 -9999 -9999
-9999 -9999 -9999 -9999 -9999 -9999 -9999 -9999 -9999 -9999 -9999 -9999 -9999 -9999 -9999 -9999 -9999 -9999 -9999 -9999 -9999 -9999 -9999 -9999 -9999 -9999 -9999 -9999 -9999 -9999 -9999 -9999 -9999 -9999 -9999 -9999 -9999 -9999 -9999 -9999 -9999 -9999 68.40150 69.95660 71.46560 71.24790 69.77380 70.91300 69.29260 69.93400 68.09720 68.52440 -9999 -9999 -9999 -9999 -9999 -9999 -9999 -9999 -9999 -9999 -9999 -9999 -9999 -9999 -9999 -9999 -9999 -9999 -9999 -9999
-9999 -9999 -9999 -9999 -9999 -9999 -9999 -9999 -9999 -9999 -9999 -9999 -9999 -9999 -9999 -9999 -9999 -9999 -9999 -9999 -9999 -9999 -9999 -9999 -9999 -9999 -9999 -9999 -9999 -9999 -9999 -9999 -9999 -9999 -9999 -9999 -9999 -9999 68.67670 72.66860 71.97490 72.24250 72.88830 73.07710 73.44750 73.16010 73.59950 73.78040 73.98780 73.43900 71.24820 69.14210 65.48750 40.74990 -9999 -9999 -9999 -9999 -9999 -9999 -9999 -9999 -9999 -9999 -9999 -9999 -9999 -9999 -9999 -9999 -9999 -9999
-9999 -9999 -9999 -9999 -9999 -9999 -9999 -9999 -9999 -9999 -9999 -9999 -9999 -9999 -9999 -9999 -9999 -9999 -9999 -9999 -9999 -9999 -9999 -9999 -9999 -9999 -9999 -9999 -9999 -9999 -9999 -9999 -9999 -9999 -9999 -9999 -9999 -9999 -9999 -9999 68.66420 70.71640 72.10010 72.46800 74.87460 75.86050 76.28100 75.95490 75.47250 77.51790 75.37670 70.97090 68.33380 42.29780 -9999 -9999 -9999 -9999 -9999 -9999 -9999 -9999 -9999 -9999 -9999 -9999 -9999 -9999 -9999 -9999 -9999 -9999
-9999 -9999 -9999 -9999 -9999 -9999 -9999 -9999 -9999 -9999 -9999 -9999 -9999 -9999 -9999 -9999 -9999 -9999 -9999 -9999 -9999 -9999 -9999 -9999 -9999 -9999 -9999 -9999 -9999 -9999 -9999 -9999 -9999 -9999 -9999 -9999 -9999 -9999 -9999 -9999 -9999 -9999 -9999 -9999 78.39290 79.19830 80.89800 84.37840 84.77470 82.96180 82.37510 76.38820 73.06150 46.27180 -9999 -9999 -9999 -9999 -9999 -9999 50.03850 -9999 -9999 -9999 -9999 -9999 -9999 -9999 -9999 -9999 -9999 -9999
-9999 -9999 -9999 -9999 -9999 -9999 -9999 -9999 -9999 -9999 -9999 -9999 -9999 -9999 -9999 -9999 -9999 -9999 -9999 -9999 -9999 -9999 -9999 -9999 -9999 -9999 -9999 -9999 -9999 -9999 -9999 -9999 -9999 -9999 -9999 -9999 -9999 -9999 -9999 -9999 -9999 75.96160 77.08890 76.98250 78.41980 77.57590 80.00900 83.91110 84.15020 82.99890 81.55930 76.25740 70.77150 67.10920 -9999 -9999 -9999 -9999 -9999 49.52740 48.22670 47.46260 46.15590 43.79890 43.42520 41.44680 40.83480 39.59750 37.95830 38.08620 38.30130 36.34420
-9999 -9999 -9999 -9999 -9999 -9999 -9999 -9999 -9999 -9999 -9999 -9999 -9999 -9999 -9999 -9999 -9999 -9999 -9999 -9999 -9999 -9999 -9999 -9999 -9999 -9999 -9999 -9999 -9999 -9999 -9999 -9999 -9999 -9999 -9999 -9999 -9999 -9999 -9999 -9999 -9999 73.73230 76.56510 77.41370 77.46100 77.49110 78.56610 78.53340 79.08980 80.18720 77.20420 72.75140 69.35040 64.57340 61.81140 59.15980 54.73180 -9999 49.93060 50.82160 48.78710 46.74160 45.69030 44.95870 44.59120 42.52290 41.67610 39.53360 38.96950 38.21360 38.09280 37.06570
-9999 -9999 -9999 -9999 -9999 -9999 -9999 -9999 -9999 -9999 -9999 -9999 -9999 -9999 -9999 -9999 -9999 -9999 -9999 -9999 -9999 -9999 -9999 -9999 -9999 -9999 -9999 -9999 -9999 -9999 -9999 -9999 -9999 -9999 -9999 60.12480 62.00640 65.45370 67.31310 68.81100 69.69680 71.72990 74.38040 75.33470 77.02490 77.65950 78.24870 78.58710 79.02750 79.48890 78.34890 73.79710 71.28030 66.02700 63.33570 61.03630 56.26210 51.16860 48.01540 48.76540 47.46030 45.58730 44.58430 43.53350 43.01800 41.83250 41.06150 38.38510 38.39710 37.44530 37.43970 36.34860
-9999 -9999 -9999 -9999 -9999 -9999 -9999 -9999 -9999 -9999 -9999 -9999 -9999 -9999 -9999 -9999 -9999 -9999 -9999 -9999 -9999 -9999 -9999 -9999 -9999 -9999 -9999 -9999 -9999 -9999 -9999 -9999 -9999 -9999 56.55470 59.66930 62.21890 62.87810 64.75940 65.97090 68.20030 68.74510 71.00850 73.10130 72.70340 74.82770 74.89110 76.35730 77.93200 77.87820 76.99090 74.69170 72.70860 69.00810 66.13580 60.09960 53.34090 50.34840 47.97580 46.64950 44.07960 43.24230 43.40890 42.62070 41.49480 39.45740 39.08180 37.69850 37.76570 36.53090 36.66650 38.19790
-9999 -9999 -9999 -9999 -9999 -9999 -9999 -9999 -9999 -9999 -9999 -9999 -9999 -9999 -9999 -9999 -9999 -9999 -9999 -9999 -9999 -9999 -9999 -9999 -9999 -9999 -9999 -9999 -9999 -9999 -9999 -9999 -9999 55.07810 56.98230 58.62150 59.65230 61.59270 62.50650 64.11550 65.99450 67.18870 68.08690 69.84230 71.84790 72.23100 73.49170 73.66440 75.19900 76.12180 73.61700 71.07600 65.81880 63.94210 59.32850 53.91540 50.86240 47.83420 45.34050 44.16240 42.48910 40.28420 39.87590 39.25220 38.96600 37.38900 37.43660 35.96160 36.07330 35.44380 34.18770 35.67760
-9999 -9999 -9999 -9999 -9999 -9999 -9999 -9999 -9999 -9999 -9999 -9999 -9999 -9999 -9999 -9999 -9999 -9999 -9999 -9999 -9999 -9999 -9999 -9999 -9999 -9999 -9999 -9999 -9999 -9999 -9999 53.60700 54.87670 55.99160 57.00150 55.75100 57.25570 58.33010 61.23330 62.97560 63.90460 66.83250 67.32540 68.64320 70.00530 71.58990 71.88050 69.38410 70.14950 68.04930 67.03830 65.03790 60.97560 60.70240 56.93370 52.33350 47.60770 44.15060 42.61080 40.78260 39.53630 39.11810 39.16820 36.50360 36.12880 35.20040 35.92290 35.72800 36.09200 34.80860 35.21760 34.36450
-9999 -9999 -9999 -9999 -9999 -9999 -9999 -9999 -9999 -9999 -9999 -9999 -9999 -9999 -9999 -9999 -9999 -9999 -9999 -9999 -9999 -9999 -9999 -9999 -9999 -9999 -9999 -9999 -9999 47.90510 49.03770 53.03950 54.48530 55.21350 55.93530 54.82380 55.92570 57.69010 58.83850 59.85290 62.81690 64.57850 65.63290 66.60500 66.98360 66.95380 66.43940 66.65750 68.83840 66.11920 63.88220 61.63360 58.42580 56.11490 52.52520 49.58400 45.13120 41.69640 39.50860 38.43630 36.94380 37.00800 35.36250 34.06080 33.58250 33.47740 33.49250 34.48120 34.32340 34.45160 34.26260 33.47240
-9999 -9999 -9999 -9999 -9999 -9999 -9999 -9999 -9999 -9999 -9999 -9999 -9999 -9999 -9999 -9999 -9999 -9999 -9999 -9999 -9999 -9999 -9999 -9999 47.05910 47.28690 46.94320 47.22520 47.98040 48.11920 49.27160 49.44600 49.85810 50.12240 52.17800 52.77120 53.78390 54.68810 55.63010 57.66230 57.76460 61.26940 63.35040 63.27490 63.56240 64.61870 64.00230 65.01190 65.66150 62.25320 61.42680 58.96640 55.66670 51.11410 46.88860 45.20700 42.04390 40.90820 39.38660 36.93140 35.78940 33.00430 31.54020 31.62020 31.58720 31.84290 31.77990 31.39400 33.80030 32.41890 32.76880 33.38720
-9999 -9999 -9999 -9999 -9999 -9999 51.90220 51.43200 51.43680 52.36450 52.89250 -9999 -9999 -9999 -9999 -9999 -9999 -9999 -9999 -9999 -9999 48.64610 47.88750 45.87040 45.36970 46.00240 45.72700 47.73750 47.42740 47.80040 48.18740 48.57580 49.44770 49.59990 50.69580 52.29450 53.36860 53.77670 54.79550 57.03970 56.85860 57.39740 58.76530 60.66130 61.51040 62.46210 61.99710 61.87850 63.62690 60.43900 58.67260 55.44170 53.62400 48.85780 45.50230 42.92210 41.36200 39.72450 36.80030 35.57180 35.07950 32.13730 31.39650 31.35990 31.80470 31.79040 30.96890 32.24480 33.37320 31.93190 32.50190 33.55590
-9999 -9999 -9999 -9999 -9999 52.73280 51.96990 51.89860 52.31010 51.89320 52.71500 52.96320 52.36550 51.77740 -9999 -9999 -9999 50.19400 50.06550 49.59990 48.75210 48.37010 46.05910 45.17090 45.70780 43.19670 44.37460 45.59190 47.12360 46.90010 47.03090 46.91970 48.00410 48.21180 50.09330 51.59440 51.59370 53.23720 55.58330 57.50760 57.72140 57.12330 56.87240 57.20450 58.93650 59.40120 60.43500 63.13880 62.89060 61.21040 60.51480 55.29690 53.26000 48.53370 45.73650 43.07470 40.12960 38.14860 36.71310 34.12140 32.49780 33.37780 33.48280 32.35590 32.34980 31.27780 32.51070 33.02410 32.40830 33.90510 33.55420 32.90250
-9999 50.42090 50.37480 50.91760 52.13590 52.08470 52.57700 51.97500 52.66850 52.35100 52.31450 53.57620 54.05420 52.36570 51.44290 51.19290 50.71260 50.20900 50.27290 48.96340 48.42820 46.64830 45.26230 44.28490 43.78710 43.15210 42.88070 44.47830 44.90630 45.41530 45.10510 44.70030 45.81190 46.18080 47.71150 49.92550 51.03210 51.83410 53.44970 55.53310 56.09970 55.58010 55.21420 55.89690 56.02180 56.52090 58.62230 60.55410 60.08260 58.90510 56.11370 53.11710 50.29930 47.83270 44.92420 42.06180 39.25270 36.59740 35.89680 35.13490 33.24100 33.85810 33.49530 32.67530 32.54550 31.65530 31.66390 32.38920 32.45660 32.91280 34.04060 33.57960
-9999 51.83550 50.46890 51.32590 50.82930 50.48040 51.53620 51.18130 51.07810 52.10650 53.18870 51.94310 52.87700 51.65570 50.57960 51.42010 49.27730 50.65710 49.72560 47.73200 48.36210 48.47460 47.29780 44.82820 44.14270 44.53790 44.67600 44.89410 44.51830 45.65860 46.05390 45.06040 45.02810 44.98110 45.41160 46.74360 48.03300 49.73600 51.88480 52.60830 53.26470 51.88090 51.94870 53.62930 53.72160 53.48820 53.90320 54.51920 55.44570 56.19720 53.77610 52.54480 49.70730 48.36490 44.45080 41.44950 37.34230 37.95340 37.19700 35.49450 35.02620 34.56970 35.09230 34.45340 34.96110 33.93980 34.28670 32.82690 33.18280 32.82310 33.57400 34.47660
-9999 -9999 -9999 52.83840 52.02930 51.46240 51.51060 50.69360 51.16320 51.32470 51.73350 49.61370 49.95510 49.47590 49.93330 50.24670 49.77630 49.72580 50.42040 49.76030 47.93940 48.48320 47.61830 46.04020 44.87170 44.46570 43.63650 44.56680 44.19880 44.69290 44.44960 44.48070 44.40120 44.18420 44.69510 45.29630 45.89810 48.05400 48.28850 49.70800 50.55760 50.51150 49.59790 51.24910 51.85610 51.90310 51.99870 52.26420 51.89880 53.89290 52.90020 51.18430 49.41090 46.37430 43.29480 40.54200 37.34080 37.77340 38.02110 35.31380 35.00010 35.78040 36.06140 35.85970 35.19760 34.10760 34.50350 33.07520 34.15280 33.49230 33.86050 34.59240
-9999 -9999 -9999 -9999 -9999 -9999 50.34590 51.73150 51.71880 50.97740 50.58660 49.79640 49.81700 49.07110 49.65850 49.22770 49.71070 49.03010 49.18810 50.34350 49.07840 47.60150 47.04900 47.18430 46.75640 45.78870 44.64410 44.21900 42.96310 43.14490 43.01660 42.73000 43.35440 44.01130 44.27720 44.93490 45.07200 46.33130 46.49320 46.20730 47.15340 47.11410 48.39900 50.11310 50.36120 50.66170 51.19180 51.56040 52.48270 53.24430 52.89520 52.91720 50.68160 44.73180 43.27930 41.42930 38.86730 39.04170 38.18580 39.11740 39.03980 38.17830 36.08570 34.49420 36.06320 35.71050 34.63550 34.89910 34.32110 33.72360 34.89760 34.93950
-9999 -9999 -9999 -9999 -9999 -9999 51.15920 52.57720 52.96110 51.59540 51.31800 50.16480 49.77540 48.66310 49.00010 49.97650 50.23760 50.37000 50.47480 51.46270 51.43360 50.63350 49.48010 49.79040 48.25530 46.49230 44.56370 43.04500 42.81020 42.98090 43.31490 43.18090 43.25600 43.55510 43.65620 43.59280 44.13220 44.36770 46.21890 44.88890 44.43140 45.36750 46.80820 48.14510 49.41350 50.11420 50.92840 50.20900 50.98830 51.21060 51.62130 50.33400 47.98460 43.39660 41.93520 39.54400 37.58270 39.08430 37.38260 39.31430 38.32100 38.37700 38.10460 37.59350 35.84990 35.84560 35.99420 34.70360 34.87010 34.73580 35.31160 36.00100
-9999 -9999 -9999 -9999 -9999 -9999 -9999 -9999 -9999 -9999 50.99230 52.03600 51.40820 49.98530 51.55460 52.09980 52.32830 53.37860 53.58020 53.79810 53.89580 54.42610 52.55950 51.68040 50.12390 49.14020 48.32660 46.22340 43.68260 43.69380 43.54240 43.77680 43.57270 43.65650 43.97540 42.27830 42.39820 42.46910 42.26420 45.40310 45.45380 44.99820 45.18340 45.59990 46.97880 49.68380 49.97090 49.74410 50.38190 50.27700 48.55210 45.26470 41.86060 38.85500 37.12030 35.76300 36.74370 35.97810 36.08980 34.85810 35.26550 36.58280 36.57800 35.11470 34.95010 34.01650 33.06920 33.59720 35.45180 35.02230 36.16880 38.46580
-9999 -9999 -9999 -9999 -9999 -9999 -9999 -9999 -9999 -9999 49.08420 50.42150 50.53300 50.54180 51.07250 52.59000 53.96020 56.19350 57.43170 57.18690 56.26050 55.72370 54.43440 53.96100 51.90710 49.87010 47.64360 45.98810 45.08990 43.57530 43.26830 43.83910 43.92660 44.28360 44.12020 42.75000 42.66170 43.28290 43.53560 46.01910 46.88400 46.54990 46.46990 45.82630 46.83700 48.00310 48.27400 47.15440 46.79700 46.41170 43.71640 42.62640 39.81130 38.49610 37.36080 36.10760 35.46880 35.93870 34.48530 35.61140 35.32490 35.49610 34.46500 34.23330 34.17000 34.01880 33.61510 33.75980 33.81850 35.23860 36.13550 36.88300
-9999 -9999 -9999 -9999 -9999 -9999 -9999 -9999 -9999 -9999 -9999 -9999 49.57260 52.79990 54.69400 56.48920 56.65690 57.38970 59.27080 60.13370 59.79990 56.90750 55.44650 54.06980 51.35000 47.99470 45.90050 44.46070 42.64370 42.53100 41.95510 42.82210 43.58900 44.31870 45.19250 44.12140 44.00780 44.80320 45.81170 45.74700 45.25450 46.77190 46.90030 44.99510 45.67230 46.21180 46.06970 46.23610 44.56190 43.75160 43.21450 40.33710 40.06880 38.39880 37.79350 35.61230 35.97870 34.55280 35.26150 36.04290 35.53130 35.75490 35.82720 34.27720 33.86760 32.95180 33.16180 34.54470 34.82040 35.92020 36.72240 39.14480
-9999 -9999 -9999 -9999 -9999 -9999 -9999 -9999 -9999 -9999 -9999 -9999 49.46250 51.35330 54.57840 55.17640 57.29880 58.22310 60.47260 62.70610 60.48040 58.48130 56.45810 54.38610 52.43640 48.99530 45.61390 43.51810 42.00570 40.97740 40.32870 42.08250 42.15090 44.00310 44.25550 43.33250 44.01640 46.40670 46.03630 46.15920 45.20350 45.41360 45.93420 44.85110 45.15870 44.93300 44.87160 45.53070 45.17570 42.32020 42.47180 40.81550 39.30880 37.97170 37.39980 36.80770 35.69120 35.32870 35.38600 36.58150 36.67890 36.62700 35.43810 35.49920 34.81950 35.07210 35.19070 36.19700 36.68690 36.82590 37.71680 39.15320
-9999 -9999 -9999 -9999 -9999 -9999 -9999 -9999 -9999 -9999 -9999 47.14180 50.76320 50.13670 51.74500 55.12510 59.05600 60.55710 62.73470 63.79440 59.38190 60.74620 57.33730 54.62700 52.59370 50.94930 48.05040 43.66130 41.98590 40.46040 39.18030 40.16340 39.89430 40.82290 41.29570 41.05940 42.67720 43.98590 44.95530 46.47510 46.17380 46.98560 46.33930 46.57040 46.20180 45.66920 45.61130 44.89050 43.76570 42.56250 42.02310 40.08560 40.16300 39.51270 38.54060 36.70480 35.97840 36.31930 35.79910 38.52100 37.57840 36.68170 36.47760 37.20420 36.47090 35.66020 36.37710 36.88930 39.64990 41.34720 43.45490 43.07990
-9999 -9999 -9999 -9999 -9999 -9999 -9999 -9999 -9999 -9999 -9999 45.33190 46.61360 49.35950 50.19020 54.38490 56.99450 60.17490 62.13370 62.16460 59.97360 59.55610 57.68830 53.35890 51.20710 49.32940 45.74320 43.74330 42.44000 40.95620 39.44010 40.02490 39.82390 39.88470 40.30120 40.58560 42.17320 44.49280 45.44860 46.13490 46.65680 46.97040 49.14350 49.68050 47.48300 47.63530 47.07190 46.73930 45.63090 43.90310 43.26410 41.55040 41.67880 41.03870 39.78690 38.22860 38.54690 37.19040 37.22160 38.96970 39.32260 37.97680 37.96270 39.06650 39.22460 38.32000 38.80340 38.01960 40.13560 42.45000 42.69060 42.63050
