data/hydroclimate-scenarios/BCSD_hadcm_B1/monthly_summaries/snodep_monthly_day1_may.2070-2099.asc
ncols	311
nrows	91
xllcenter	102.75
yllcenter	31.75
cellsize	0.5
NODATA_value	-9999
[rows 0 to 31 of 91, columns 73 to 145 of 311]
-9999 -9999 -9999 -9999 -9999 -9999 -9999 -9999 -9999 -9999 -9999 -9999 -9999 -9999 -9999 -9999 -9999 -9999 -9999 -9999 -9999 -9999 -9999 -9999 -9999 -9999 -9999 -9999 -9999 -9999 -9999 -9999 -9999 -9999 -9999 -9999 -9999 -9999 -9999 -9999 -9999 -9999 -9999 -9999 -9999 -9999 -9999 -9999 -9999 -9999 -9999 -9999 -9999 -9999 -9999 -9999 -9999 -9999 -9999 -9999 -9999 -9999 -9999 -9999 -9999 -9999 -9999 -9999 -9999 -9999 -9999 -9999 -9999
-9999 -9999 -9999 -9999 -9999 -9999 -9999 -9999 -9999 -9999 -9999 -9999 -9999 -9999 -9999 -9999 -9999 -9999 -9999 -9999 -9999 -9999 -9999 -9999 -9999 -9999 -9999 -9999 -9999 -9999 -9999 -9999 -9999 -9999 -9999 -9999 -9999 -9999 -9999 -9999 -9999 -9999 -9999 -9999 -9999 -9999 -9999 -9999 -9999 -9999 -9999 -9999 -9999 -9999 -9999 -9999 -9999 -9999 -9999 -9999 -9999 -9999 -9999 -9999 -9999 -9999 -9999 -9999 -9999 -9999 -9999 -9999 -9999
-9999 -9999 -9999 -9999 -9999 -9999 -9999 -9999 -9999 -9999 -9999 -9999 -9999 -9999 -9999 -9999 -9999 -9999 -9999 -9999 -9999 -9999 -9999 -9999 -9999 -9999 -9999 -9999 -9999 -9999 -9999 -9999 -9999 -9999 -9999 -9999 -9999 -9999 -9999 -9999 -9999 -9999 -9999 -9999 -9999 -9999 -9999 -9999 -9999 -9999 -9999 -9999 -9999 -9999 -9999 -9999 -9999 -9999 -9999 -9999 -9999 -9999 -9999 -9999 -9999 -9999 -9999 -9999 -9999 -9999 -9999 -9999 -9999
-9999 -9999 -9999 -9999 -9999 -9999 -9999 -9999 -9999 -9999 -9999 -9999 -9999 -9999 -9999 -9999 -9999 -9999 -9999 -9999 -9999 -9999 -9999 -9999 -9999 -9999 -9999 -9999 -9999 -9999 -9999 -9999 -9999 -9999 -9999 -9999 -9999 -9999 -9999 -9999 -9999 -9999 -9999 -9999 -9999 -9999 -9999 -9999 -9999 -9999 -9999 -9999 -9999 -9999 -9999 -9999 -9999 -9999 -9999 -9999 -9999 -9999 -9999 -9999 -9999 -9999 -9999 -9999 -9999 -9999 -9999 -9999 -9999
-9999 -9999 -9999 -9999 -9999 -9999 -9999 -9999 -9999 -9999 -9999 -9999 -9999 -9999 -9999 -9999 -9999 -9999 -9999 -9999 -9999 -9999 -9999 -9999 -9999 -9999 -9999 -9999 -9999 -9999 -9999 -9999 -9999 -9999 -9999 -9999 -9999 -9999 -9999 -9999 -9999 -9999 -9999 -9999 -9999 -9999 -9999 -9999 -9999 -9999 -9999 -9999 -9999 -9999 -9999 -9999 -9999 -9999 -9999 -9999 -9999 -9999 -9999 -9999 -9999 -9999 -9999 -9999 -9999 -9999 -9999 -9999 -9999
-9999 -9999 -9999 -9999 -9999 -9999 -9999 -9999 -9999 -9999 -9999 -9999 -9999 -9999 -9999 -9999 -9999 -9999 -9999 -9999 -9999 -9999 -9999 -9999 -9999 -9999 -9999 -9999 -9999 -9999 -9999 -9999 -9999 -9999 -9999 -9999 -9999 -9999 -9999 -9999 -9999 -9999 -9999 -9999 -9999 -9999 -9999 -9999 -9999 -9999 -9999 -9999 -9999 -9999 -9999 -9999 -9999 -9999 -9999 -9999 -9999 -9999 -9999 -9999 -9999 -9999 -9999 -9999 -9999 -9999 -9999 -9999 -9999
-9999 -9999 -9999 -9999 -9999 -9999 -9999 -9999 -9999 -9999 -9999 -9999 -9999 -9999 -9999 -9999 -9999 -9999 -9999 -9999 -9999 -9999 -9999 -9999 -9999 -9999 -9999 -9999 -9999 -9999 -9999 -9999 -9999 -9999 -9999 -9999 -9999 -9999 -9999 -9999 -9999 -9999 -9999 -9999 -9999 -9999 -9999 -9999 -9999 -9999 -9999 -9999 -9999 -9999 -9999 -9999 -9999 -9999 -9999 -9999 -9999 -9999 -9999 -9999 -9999 -9999 -9999 -9999 -9999 -9999 -9999 -9999 -9999
-9999 -9999 -9999 -9999 -9999 -9999 -9999 -9999 -9999 -9999 -9999 -9999 -9999 -9999 -9999 -9999 -9999 -9999 -9999 -9999 -9999 -9999 -9999 -9999 -9999 -9999 -9999 -9999 -9999 -9999 -9999 -9999 -9999 -9999 -9999 -9999 -9999 -9999 -9999 -9999 -9999 -9999 -9999 -9999 -9999 -9999 -9999 -9999 -9999 -9999 -9999 -9999 -9999 -9999 -9999 -9999 -9999 -9999 -9999 -9999 -9999 -9999 -9999 -9999 -9999 -9999 -9999 -9999 -9999 -9999 -9999 -9999 -9999
-9999 -9999 -9999 -9999 30.09480 -9999 -9999 -9999 -9999 -9999 -9999 -9999 -9999 -9999 -9999 -9999 -9999 -9999 -9999 -9999 -9999 -9999 -9999 -9999 -9999 -9999 -9999 -9999 -9999 -9999 -9999 -9999 -9999 -9999 -9999 -9999 -9999 -9999 -9999 -9999 -9999 -9999 -9999 -9999 -9999 -9999 -9999 -9999 -9999 -9999 -9999 -9999 -9999 -9999 -9999 -9999 -9999 -9999 -9999 -9999 -9999 -9999 -9999 -9999 -9999 -9999 -9999 -9999 -9999 -9999 -9999 -9999 -9999
33.06230 27.25770 27.72370 30.29990 29.99960 33.95810 36.67850 40.30390 42.19510 43.81740 43.71480 44.84450 45.89730 45.90600 47.72230 47.78350 47.83970 47.97100 47.44400 46.48260 -9999 -9999 -9999 -9999 -9999 -9999 -9999 -9999 -9999 -9999 -9999 -9999 -9999 -9999 -9999 -9999 -9999 -9999 -9999 -9999 -9999 -9999 -9999 -9999 -9999 -9999 -9999 -9999 -9999 -9999 -9999 -9999 -9999 -9999 -9999 -9999 -9999 -9999 -9999 -9999 -9999 -9999 -9999 -9999 -9999 -9999 -9999 -9999 -9999 -9999 -9999 -9999 -9999
-9999 -9999 30.45720 32.49890 34.78000 35.63940 40.52360 42.13330 43.36470 45.77360 46.84270 47.73200 48.67300 49.88040 52.36200 52.18680 53.86060 54.40890 53.11920 52.79680 -9999 -9999 -9999 -9999 -9999 -9999 -9999 -9999 -9999 -9999 -9999 -9999 -9999 -9999 -9999 -9999 -9999 -9999 -9999 -9999 -9999 -9999 -9999 -9999 -9999 -9999 -9999 -9999 -9999 -9999 -9999 -9999 -9999 -9999 -9999 -9999 -9999 -9999 -9999 -9999 -9999 -9999 -9999 -9999 -9999 -9999 -9999 -9999 -9999 -9999 -9999 -9999 -9999
26.92510 27.92220 30.77120 31.93620 34.62240 36.13260 39.81580 41.38010 43.78900 45.26780 45.98190 47.69080 49.58710 49.92870 52.49300 54.04790 54.67700 55.18860 54.50210 54.88410 51.57230 51.06210 49.25170 48.94570 47.33520 45.70660 -9999 -9999 -9999 -9999 -9999 -9999 -9999 -9999 -9999 -9999 -9999 -9999 -9999 -9999 -9999 -9999 -9999 -9999 -9999 -9999 -9999 -9999 -9999 -9999 -9999 -9999 -9999 -9999 -9999 -9999 -9999 -9999 -9999 -9999 -9999 -9999 -9999 -9999 -9999 -9999 -9999 -9999 -9999 -9999 -9999 -9999 -9999
26.38120 27.32780 31.02250 33.88980 35.46130 37.84760 38.95600 41.34260 43.44360 44.69550 47.57930 49.59800 51.34690 54.19150 54.89180 55.16130 56.98890 58.26170 56.61420 55.76360 55.07490 53.73200 53.27680 50.33680 49.41630 47.72900 46.63900 44.61770 42.11260 41.80840 41.35890 40.58910 38.55390 37.66870 35.35490 34.99050 33.14510 32.19010 31.28260 31.38840 31.77460 -9999 -9999 -9999 -9999 -9999 -9999 -9999 -9999 -9999 -9999 -9999 -9999 -9999 -9999 -9999 -9999 -9999 -9999 -9999 -9999 -9999 -9999 -9999 -9999 -9999 -9999 -9999 -9999 -9999 -9999 -9999 -9999
25.22690 26.44920 31.29260 32.89880 32.69320 34.70260 37.46690 39.96870 42.57410 44.60360 47.52520 49.53630 52.17380 53.61300 55.08770 56.31330 56.38790 58.16420 58.51050 57.21930 55.01720 54.28210 53.68690 51.99930 49.06060 48.89050 47.88900 47.49820 45.46180 45.03820 40.20760 38.66070 38.86240 37.94250 37.16130 35.48330 33.05080 32.31330 32.30750 31.87040 32.19000 31.86000 -9999 -9999 -9999 -9999 -9999 -9999 -9999 -9999 -9999 -9999 -9999 -9999 -9999 -9999 -9999 -9999 -9999 -9999 -9999 -9999 -9999 -9999 -9999 -9999 -9999 -9999 -9999 -9999 -9999 -9999 -9999
26.50100 29.86690 29.15540 29.93470 34.62710 35.60440 41.69600 42.80970 45.55770 47.01880 50.01680 51.32230 53.37430 54.82450 55.56180 55.52300 55.77250 58.26880 57.31710 57.54390 55.18290 55.17260 53.18680 52.68750 51.98840 51.19050 50.97000 48.75480 46.29980 44.91030 44.69970 44.13250 41.61740 40.95660 40.48670 38.56380 36.91800 36.23390 35.21730 34.37940 34.45680 34.13890 -9999 -9999 -9999 -9999 -9999 -9999 -9999 -9999 -9999 -9999 -9999 -9999 -9999 -9999 -9999 36.04680 37.09240 -9999 -9999 -9999 -9999 40.51770 43.80550 46.07990 45.64280 44.77860 45.27710 48.44110 49.67730 52.47990 51.25090
26.49730 28.05740 27.12960 27.78430 30.08620 33.39030 39.63760 41.20760 42.77370 45.59470 48.07600 51.97160 53.77960 52.96040 53.90340 53.84490 54.14660 54.73330 55.04970 55.58150 54.87910 52.44150 51.03530 51.05600 52.07160 52.00010 51.89510 50.34700 47.47130 45.71250 45.66660 44.21790 42.51790 42.08130 40.46650 39.18960 37.60600 37.21660 35.70860 34.78540 35.15960 35.03670 33.55990 33.52670 35.32490 35.59610 36.99880 37.96360 38.08720 38.28960 38.59480 38.95930 39.62800 39.84860 38.27130 39.19490 38.59520 39.63210 40.24230 -9999 -9999 -9999 -9999 -9999 45.51170 46.61290 48.18660 50.78480 52.97650 53.16960 57.59830 60.04860 57.80560
26.12510 28.69590 29.75830 29.74850 31.33210 32.94780 33.89080 34.61850 34.80260 38.81920 46.93050 49.78850 49.75230 51.58560 53.44540 53.14930 52.94310 52.93480 52.51040 53.23740 50.53180 50.27570 50.43800 50.63070 50.63210 50.98740 51.31790 50.07140 49.58560 48.14210 47.43510 46.85900 45.38430 43.50500 41.63080 41.15210 41.61670 40.74840 39.54050 39.48600 38.96950 38.97920 38.78470 38.04210 38.29930 38.44910 39.66030 40.77910 41.08080 40.11670 41.24700 42.05470 45.54920 43.74570 43.31750 43.49270 43.66290 43.92210 44.45070 45.19550 45.49610 45.90990 47.02120 48.03140 49.23320 50.29030 52.22920 54.11360 57.56870 59.39370 61.35670 64.20550 67.62040
23.48940 26.55760 31.41270 30.24780 31.09490 32.38550 30.14370 32.47500 31.74210 36.92560 44.04520 48.32180 48.32220 50.40590 51.28910 51.94640 51.09710 51.31880 51.00220 50.82220 49.96060 50.80490 50.49770 50.37050 50.59890 51.05960 51.31150 49.94410 49.78340 49.07970 47.53820 47.53710 45.98730 43.95520 43.29620 42.51960 41.66860 41.28150 40.45310 40.61890 40.67480 39.63980 39.15920 39.04810 39.75060 40.25670 40.18460 40.70230 41.74840 41.90640 41.97550 44.20310 45.83130 47.95320 46.39500 46.80320 47.37490 47.81250 46.83010 50.64810 49.98130 50.65540 51.07490 52.20000 51.84070 50.93850 52.77470 58.13560 62.43460 63.90580 66.82420 69.35570 73.09640
28.65920 24.89070 25.93420 26.32530 26.43370 29.56420 30.01280 30.25170 32.96850 35.88030 38.97580 42.21930 43.92180 45.96320 48.07740 48.76640 48.06390 50.02910 51.57410 52.56130 51.35140 53.04010 52.52010 51.51770 52.41580 53.13240 52.36270 51.81130 51.96710 51.73670 49.82710 48.22650 45.99980 44.64840 44.17200 44.77530 42.37940 41.78290 42.57500 42.13980 43.57070 43.24810 42.19540 40.94380 39.68470 39.61580 41.82180 43.29920 43.81370 45.32970 45.50480 46.11820 45.68890 46.50780 47.57210 50.06320 49.21070 50.45960 50.82120 53.36430 53.75360 55.87200 57.86130 57.22020 57.35800 58.06070 58.38770 60.06230 62.11210 64.29750 66.70710 70.96480 72.16340
30.12680 29.96350 26.84700 24.01540 24.79170 27.69340 29.28140 27.93490 36.63880 38.36250 38.18970 39.02970 41.16620 43.49650 45.29940 46.73040 46.77560 48.31360 51.02510 50.66640 51.34780 51.44000 52.57690 50.86540 51.40150 51.31250 50.46410 50.61420 51.10900 51.43400 49.79850 48.76200 46.27530 44.58730 45.53200 45.30510 43.23890 43.55890 44.10560 43.89060 42.95070 42.95430 43.69940 43.69580 41.49880 41.35480 42.21840 44.26780 45.82620 47.50420 48.07400 48.01020 48.82350 50.62280 51.49240 53.87030 50.99820 50.76240 51.83470 53.13210 54.12230 58.67270 60.28460 63.50400 64.49960 63.63950 62.65960 62.97340 64.70340 63.59270 66.94860 71.75180 74.16430
31.97410 33.87590 34.79510 31.19900 28.62700 28.21050 29.18320 28.19160 31.29340 36.27640 39.51590 42.49800 43.85820 43.00640 43.89920 44.45120 44.23070 46.62030 45.64670 46.38930 48.11440 48.62860 49.09920 49.91730 52.93650 53.14330 52.97360 53.01630 52.16360 51.88300 50.14390 48.78390 46.90180 46.84350 45.72500 46.71880 45.52460 44.89950 45.53420 46.21300 45.64300 45.20850 44.73440 43.20170 42.77050 44.28360 43.61550 44.91240 45.65120 48.86020 49.21510 49.69250 50.21260 51.69800 53.84710 55.45960 53.90920 57.46480 58.06060 58.50660 59.10720 61.71690 60.40300 61.15510 63.01880 65.63080 64.00790 64.81290 65.30310 65.75790 66.86520 71.64100 76.92140
34.56640 34.91790 35.53950 34.81100 33.82650 33.38900 32.43030 30.39910 26.68010 31.88070 34.37720 38.63880 43.04940 44.60620 45.48330 46.13070 45.29430 46.53360 45.55080 46.80440 47.14810 48.99340 50.60000 52.70300 55.25850 55.36790 56.41760 55.24990 53.24620 54.70740 51.67540 51.17700 49.26500 48.59070 47.41320 47.46890 47.02120 47.49140 47.57740 47.59600 46.07930 47.23240 47.31530 47.00000 47.37600 47.94540 47.84080 47.52500 50.92120 53.21520 53.90410 54.93110 55.93620 57.11860 59.90550 59.39970 59.17810 61.86310 61.52540 62.88390 65.56120 65.03330 65.24950 65.09960 66.81000 65.20270 64.49870 66.00750 64.90000 66.10710 69.63920 78.35320 79.10120
30.75720 31.78220 35.13790 36.48680 34.61160 34.11820 32.99950 31.83060 31.88610 33.88870 35.59620 36.32520 37.59020 39.22890 42.01880 44.93770 45.79070 46.66200 48.88920 50.40560 47.72570 49.07530 51.09980 54.74270 54.53990 55.84110 59.79850 58.62360 55.50730 53.84530 52.62470 50.59200 50.50150 46.04590 45.64900 45.28220 47.18830 46.96580 46.91030 46.00790 46.91920 47.07150 47.92890 47.79280 48.79850 47.87700 49.89240 53.69180 54.83660 55.36990 57.89070 60.76000 60.24670 64.27040 62.69450 64.66140 64.77220 65.30040 66.96660 69.32990 69.65320 70.26660 71.23620 69.93150 68.49080 66.95950 68.16730 67.99930 68.81490 71.86580 76.29820 82.20410 82.16730
26.35420 27.52730 35.00900 37.93890 34.96560 36.57030 34.84060 32.19020 31.71010 37.26120 38.89840 37.42700 40.98680 41.79090 44.98820 38.59100 42.36310 47.55700 49.79540 51.62870 48.82670 48.15550 49.99870 53.05270 54.18030 56.59030 59.02040 58.10240 56.27190 55.35110 52.22200 49.56450 46.29940 45.65490 46.30410 45.79930 47.07670 47.61290 50.40790 49.95160 48.61510 49.15050 45.77600 44.75440 47.09810 49.43960 53.26830 56.71980 57.33510 58.89800 59.41030 63.00770 66.14890 68.52170 68.03480 69.40610 69.37960 69.46320 69.99870 71.67710 72.91460 75.34130 72.68340 70.70070 70.14150 68.06900 68.10620 69.98710 71.94790 74.62560 77.72040 80.65210 85.30990
31.46510 31.08190 31.59340 33.39880 31.99270 33.44270 33.55730 33.67130 33.33640 35.89640 36.95400 36.54480 42.94440 44.84520 46.20410 46.00580 42.41220 41.78240 44.04670 46.82440 48.29090 49.67040 50.47030 50.36490 52.41120 54.30750 56.18040 54.92010 56.87830 55.49410 52.40490 51.06560 49.62060 47.95140 48.05160 47.84520 46.93660 47.72700 50.54370 50.42170 50.07620 49.69260 45.96700 45.80940 49.64890 52.58520 55.80610 60.02680 61.93910 61.39710 62.79400 66.54030 67.01370 68.24900 69.21180 70.32560 74.03500 74.15690 75.54840 76.11870 76.39120 75.36400 76.36970 75.48600 73.80740 72.43450 74.83730 74.27260 73.63290 77.24000 79.22840 83.81520 89.02660
34.11460 34.73160 33.15660 31.89340 30.84180 31.05450 31.41190 30.48150 33.07060 37.55380 36.42800 36.91320 39.01970 43.31920 43.51070 44.49600 45.46470 44.86910 43.63260 44.33040 45.21650 48.14950 52.58980 54.37080 52.65340 53.34850 56.73800 57.56480 56.78800 55.36830 49.54390 48.97400 49.32340 49.87200 49.42340 50.88550 48.78230 50.89430 53.95200 52.15270 51.11390 53.82320 51.86490 49.27220 50.95400 54.46620 55.04730 59.03320 62.06890 60.60480 62.35780 63.02890 62.53620 65.90660 70.02520 73.81180 74.09480 77.46710 77.24300 79.46420 79.23050 79.37020 79.79270 77.54120 76.32360 74.87860 76.35010 81.17600 81.71670 82.60380 82.72160 91.27620 95.15960
37.90220 39.02210 38.96730 38.13080 34.01520 32.95740 29.95050 31.46360 30.78130 33.55880 42.04140 40.70840 38.57660 40.35400 42.75620 45.32560 45.37350 46.64230 49.29150 50.74690 51.46980 53.20600 54.98530 56.11430 56.13590 55.16960 54.41290 56.97850 51.71900 50.61630 52.19970 55.21590 51.38320 46.89240 49.64540 52.43870 48.38610 47.94360 52.85030 53.67140 52.60190 51.73770 52.12000 52.29170 53.61050 56.81750 57.54340 61.26050 63.18600 65.93840 67.60640 70.52630 72.05730 75.24080 76.76920 75.13380 76.60680 76.93060 78.75740 81.72390 84.41810 84.63940 82.69000 81.31190 80.57760 79.54010 83.60540 84.87230 88.87100 91.28020 90.97580 95.14650 96.49120
38.58450 39.20230 41.65200 38.90190 36.67590 33.82620 32.87010 30.98940 26.37260 30.16550 37.68560 43.05480 43.57330 43.44270 44.55870 43.10240 45.41660 44.78690 52.70240 52.02270 50.75300 53.25140 55.01660 57.87690 59.58470 58.00990 56.29240 55.21290 56.94340 54.57320 56.14790 56.20510 54.22010 48.68660 50.13410 52.13370 51.99550 53.08260 55.44000 55.87150 54.11500 55.17780 55.12320 55.68010 54.28470 59.04580 62.54440 64.65800 67.90760 70.69620 74.28220 76.06100 80.06700 81.08690 82.02560 81.67600 81.51310 82.01660 84.39130 85.01320 88.57240 89.28830 91.53280 89.72590 90.36800 90.89930 90.55120 87.66500 93.10140 96.34670 99.78160 106.09500 111.33300
38.32220 38.27090 42.64660 42.79910 43.54620 39.92460 35.85030 34.87580 34.88600 38.65460 39.64490 42.74910 46.52690 44.69130 42.79320 42.66150 44.25820 45.30460 49.36200 54.53020 56.72880 57.11800 54.91100 53.07650 58.75800 60.15740 55.56360 58.83000 58.16990 57.37150 56.73810 56.22790 56.70520 54.43040 53.37100 56.78810 57.93900 61.41680 59.21690 59.92760 60.96200 57.67110 54.28440 54.30180 53.96720 54.14190 56.35350 58.49620 63.47010 66.81000 72.77300 79.80270 88.21240 93.02840 92.82780 89.27190 90.45890 89.49490 90.80570 91.25750 95.46390 99.94170 99.87770 97.84790 98.19190 102.45100 99.37340 97.54030 98.41260 101.51200 108.46700 110.81400 111.69300
38.90390 39.34520 45.71610 46.36280 46.23200 45.16560 41.02490 43.58520 46.84510 45.62860 46.02150 49.85820 47.94520 46.65780 47.17460 45.65030 42.87620 46.06900 52.43860 57.95820 62.91850 59.66110 54.86140 54.85820 60.71830 60.95720 59.78820 64.18290 61.91240 59.36950 61.13230 61.24770 61.94120 58.18290 59.07570 60.05210 61.91620 63.27450 62.16410 58.41040 60.99930 57.51910 48.48130 49.74060 54.32590 58.42250 63.03930 63.61350 -9999 -9999 74.01580 80.10970 83.49880 91.31710 93.12520 93.07080 94.50070 97.29560 98.14750 104.29000 110.16600 111.30600 110.00200 110.53700 109.34000 114.30100 110.17900 106.77200 109.66600 106.91000 115.65700 114.71400 111.48300
42.57240 45.83540 50.30620 49.23020 45.71380 46.45000 45.81890 47.07030 43.63060 46.99270 49.14760 50.53640 49.06190 47.62490 49.20870 48.10060 47.73920 52.72590 57.37660 57.06690 57.56880 60.24320 65.22260 62.77720 62.19620 59.73190 57.94780 60.83780 63.18600 58.84980 66.10960 67.34490 66.80650 64.39150 65.60090 60.03380 57.42810 -9999 -9999 -9999 -9999 48.94740 -9999 60.75160 67.77610 66.27710 67.28750 61.38770 -9999 -9999 81.92050 84.85390 85.53270 87.70990 88.39530 93.42570 97.01100 102.53000 106.03600 109.57700 111.27700 113.91300 109.68400 118.37200 116.49900 118.30200 112.33200 111.50400 112.32200 110.12100 -9999 -9999 -9999
46.43100 48.80920 51.36830 46.66480 50.67990 48.02360 41.49920 43.27670 41.33120 44.35500 48.53660 51.16130 51.32510 45.86270 49.06790 55.08790 58.52600 56.69300 63.04310 60.45440 63.35570 63.15050 66.59030 64.80690 62.65260 64.03330 61.53360 64.46670 68.30680 69.78340 76.36760 75.13890 74.70980 69.71060 65.78690 -9999 -9999 -9999 -9999 -9999 -9999 -9999 62.04460 64.17510 63.61110 -9999 -9999 -9999 -9999 -9999 73.87310 80.00440 91.73570 89.74690 94.50530 94.05630 95.24740 103.33400 100.57200 104.51400 111.13500 115.95200 110.88400 110.37500 117.07800 123.20500 116.94400 111.89400 -9999 -9999 -9999 -9999 -9999
