data/hydroclimate-scenarios/BCSD_hadcm_B1/monthly_summaries/snodep_monthly_day1_nov.2030-2059.asc
ncols	311
nrows	91
xllcenter	102.75
yllcenter	31.75
cellsize	0.5
NODATA_value	-9999
[rows 0 to 31 of 91, columns 73 to 145 of 311]
-9999 -9999 -9999 -9999 -9999 -9999 -9999 -9999 -9999 -9999 -9999 -9999 -9999 -9999 -9999 -9999 -9999 -9999 -9999 -9999 -9999 -9999 -9999 -9999 -9999 -9999 -9999 -9999 -9999 -9999 -9999 -9999 -9999 -9999 -9999 -9999 -9999 -9999 -9999 -9999 -9999 -9999 -9999 -9999 -9999 -9999 -9999 -9999 -9999 -9999 -9999 -9999 -9999 -9999 -9999 -9999 -9999 -9999 -9999 -9999 -9999 -9999 -9999 -9999 -9999 -9999 -9999 -9999 -9999 -9999 -9999 -9999 -9999
-9999 -9999 -9999 -9999 -9999 -9999 -9999 -9999 -9999 -9999 -9999 -9999 -9999 -9999 -9999 -9999 -9999 -9999 -9999 -9999 -9999 -9999 -9999 -9999 -9999 -9999 -9999 -9999 -9999 -9999 -9999 -9999 -9999 -9999 -9999 -9999 -9999 -9999 -9999 -9999 -9999 -9999 -9999 -9999 -9999 -9999 -9999 -9999 -9999 -9999 -9999 -9999 -9999 -9999 -9999 -9999 -9999 -9999 -9999 -9999 -9999 -9999 -9999 -9999 -9999 -9999 -9999 -9999 -9999 -9999 -9999 -9999 -9999
-9999 -9999 -9999 -9999 -9999 -9999 -9999 -9999 -9999 -9999 -9999 -9999 -9999 -9999 -9999 -9999 -9999 -9999 -9999 -9999 -9999 -9999 -9999 -9999 -9999 -9999 -9999 -9999 -9999 -9999 -9999 -9999 -9999 -9999 -9999 -9999 -9999 -9999 -9999 -9999 -9999 -9999 -9999 -9999 -9999 -9999 -9999 -9999 -9999 -9999 -9999 -9999 -9999 -9999 -9999 -9999 -9999 -9999 -9999 -9999 -9999 -9999 -9999 -9999 -9999 -9999 -9999 -9999 -9999 -9999 -9999 -9999 -9999
-9999 -9999 -9999 -9999 -9999 -9999 -9999 -9999 -9999 -9999 -9999 -9999 -9999 -9999 -9999 -9999 -9999 -9999 -9999 -9999 -9999 -9999 -9999 -9999 -9999 -9999 -9999 -9999 -9999 -9999 -9999 -9999 -9999 -9999 -9999 -9999 -9999 -9999 -9999 -9999 -9999 -9999 -9999 -9999 -9999 -9999 -9999 -9999 -9999 -9999 -9999 -9999 -9999 -9999 -9999 -9999 -9999 -9999 -9999 -9999 -9999 -9999 -9999 -9999 -9999 -9999 -9999 -9999 -9999 -9999 -9999 -9999 -9999
-9999 -9999 -9999 -9999 -9999 -9999 -9999 -9999 -9999 -9999 -9999 -9999 -9999 -9999 -9999 -9999 -9999 -9999 -9999 -9999 -9999 -9999 -9999 -9999 -9999 -9999 -9999 -9999 -9999 -9999 -9999 -9999 -9999 -9999 -9999 -9999 -9999 -9999 -9999 -9999 -9999 -9999 -9999 -9999 -9999 -9999 -9999 -9999 -9999 -9999 -9999 -9999 -9999 -9999 -9999 -9999 -9999 -9999 -9999 -9999 -9999 -9999 -9999 -9999 -9999 -9999 -9999 -9999 -9999 -9999 -9999 -9999 -9999
-9999 -9999 -9999 -9999 -9999 -9999 -9999 -9999 -9999 -9999 -9999 -9999 -9999 -9999 -9999 -9999 -9999 -9999 -9999 -9999 -9999 -9999 -9999 -9999 -9999 -9999 -9999 -9999 -9999 -9999 -9999 -9999 -9999 -9999 -9999 -9999 -9999 -9999 -9999 -9999 -9999 -9999 -9999 -9999 -9999 -9999 -9999 -9999 -9999 -9999 -9999 -9999 -9999 -9999 -9999 -9999 -9999 -9999 -9999 -9999 -9999 -9999 -9999 -9999 -9999 -9999 -9999 -9999 -9999 -9999 -9999 -9999 -9999
-9999 -9999 -9999 -9999 -9999 -9999 -9999 -9999 -9999 -9999 -9999 -9999 -9999 -9999 -9999 -9999 -9999 -9999 -9999 -9999 -9999 -9999 -9999 -9999 -9999 -9999 -9999 -9999 -9999 -9999 -9999 -9999 -9999 -9999 -9999 -9999 -9999 -9999 -9999 -9999 -9999 -9999 -9999 -9999 -9999 -9999 -9999 -9999 -9999 -9999 -9999 -9999 -9999 -9999 -9999 -9999 -9999 -9999 -9999 -9999 -9999 -9999 -9999 -9999 -9999 -9999 -9999 -9999 -9999 -9999 -9999 -9999 -9999
-9999 -9999 -9999 -9999 -9999 -9999 -9999 -9999 -9999 -9999 -9999 -9999 -9999 -9999 -9999 -9999 -9999 -9999 -9999 -9999 -9999 -9999 -9999 -9999 -9999 -9999 -9999 -9999 -9999 -9999 -9999 -9999 -9999 -9999 -9999 -9999 -9999 -9999 -9999 -9999 -9999 -9999 -9999 -9999 -9999 -9999 -9999 -9999 -9999 -9999 -9999 -9999 -9999 -9999 -9999 -9999 -9999 -9999 -9999 -9999 -9999 -9999 -9999 -9999 -9999 -9999 -9999 -9999 -9999 -9999 -9999 -9999 -9999
-9999 -9999 -9999 -9999 16.59010 -9999 -9999 -9999 -9999 -9999 -9999 -9999 -9999 -9999 -9999 -9999 -9999 -9999 -9999 -9999 -9999 -9999 -9999 -9999 -9999 -9999 -9999 -9999 -9999 -9999 -9999 -9999 -9999 -9999 -9999 -9999 -9999 -9999 -9999 -9999 -9999 -9999 -9999 -9999 -9999 -9999 -9999 -9999 -9999 -9999 -9999 -9999 -9999 -9999 -9999 -9999 -9999 -9999 -9999 -9999 -9999 -9999 -9999 -9999 -9999 -9999 -9999 -9999 -9999 -9999 -9999 -9999 -9999
14.56980 14.25610 16.09960 16.63040 15.92840 17.16140 17.10940 18.31850 18.72560 18.77170 19.01260 18.90750 20.13460 20.18900 20.54030 20.89110 20.25950 20.10770 18.79080 17.92780 -9999 -9999 -9999 -9999 -9999 -9999 -9999 -9999 -9999 -9999 -9999 -9999 -9999 -9999 -9999 -9999 -9999 -9999 -9999 -9999 -9999 -9999 -9999 -9999 -9999 -9999 -9999 -9999 -9999 -9999 -9999 -9999 -9999 -9999 -9999 -9999 -9999 -9999 -9999 -9999 -9999 -9999 -9999 -9999 -9999 -9999 -9999 -9999 -9999 -9999 -9999 -9999 -9999
-9999 -9999 17.40970 17.62420 18.02360 17.92080 18.88590 18.95900 19.82520 19.65830 19.29600 20.20760 19.86050 19.73390 21.69220 21.56170 22.29840 22.27920 21.94310 21.24250 -9999 -9999 -9999 -9999 -9999 -9999 -9999 -9999 -9999 -9999 -9999 -9999 -9999 -9999 -9999 -9999 -9999 -9999 -9999 -9999 -9999 -9999 -9999 -9999 -9999 -9999 -9999 -9999 -9999 -9999 -9999 -9999 -9999 -9999 -9999 -9999 -9999 -9999 -9999 -9999 -9999 -9999 -9999 -9999 -9999 -9999 -9999 -9999 -9999 -9999 -9999 -9999 -9999
15.76950 15.91210 16.72780 16.66560 17.35760 17.27120 18.02830 18.40050 18.95370 18.82000 18.19500 19.03490 18.97770 19.49920 21.01760 21.82120 21.87300 22.45450 21.42090 21.33720 19.76390 19.90200 18.35510 18.17350 16.71530 16.52120 -9999 -9999 -9999 -9999 -9999 -9999 -9999 -9999 -9999 -9999 -9999 -9999 -9999 -9999 -9999 -9999 -9999 -9999 -9999 -9999 -9999 -9999 -9999 -9999 -9999 -9999 -9999 -9999 -9999 -9999 -9999 -9999 -9999 -9999 -9999 -9999 -9999 -9999 -9999 -9999 -9999 -9999 -9999 -9999 -9999 -9999 -9999
16.62350 16.82960 16.65950 17.49850 16.84980 16.91570 18.03960 18.13200 17.65650 17.81760 17.94480 18.69320 20.27490 21.07520 19.69260 20.20720 21.83460 22.51200 22.48140 21.90350 20.79510 19.90290 20.79590 19.73110 18.59710 17.95110 18.02310 18.02640 16.22860 16.10860 16.99180 16.29360 16.06340 16.06890 13.49260 13.45250 13.83560 13.16960 14.13090 14.08360 13.46210 -9999 -9999 -9999 -9999 -9999 -9999 -9999 -9999 -9999 -9999 -9999 -9999 -9999 -9999 -9999 -9999 -9999 -9999 -9999 -9999 -9999 -9999 -9999 -9999 -9999 -9999 -9999 -9999 -9999 -9999 -9999 -9999
16.05120 16.36190 16.50080 17.06570 16.30880 15.98360 17.32590 17.49930 17.14790 17.16530 17.14780 18.06950 19.54180 20.10040 19.66000 19.49180 20.97030 21.23730 22.14430 22.09670 20.62200 19.99450 20.70460 20.15270 18.32610 18.31130 18.66860 18.26860 16.73170 16.50080 16.42080 16.17750 16.04300 15.23120 13.77130 13.58670 13.15040 13.10320 14.28670 14.43210 13.91430 13.91440 -9999 -9999 -9999 -9999 -9999 -9999 -9999 -9999 -9999 -9999 -9999 -9999 -9999 -9999 -9999 -9999 -9999 -9999 -9999 -9999 -9999 -9999 -9999 -9999 -9999 -9999 -9999 -9999 -9999 -9999 -9999
16.34280 16.71180 17.87470 17.36960 16.94550 17.47260 16.13550 16.59980 17.74180 17.98230 19.30940 19.01410 20.43970 20.88710 18.90280 19.32110 20.29750 21.36660 20.31540 20.55200 22.25580 21.43730 19.03420 18.86520 19.18610 18.71580 19.28620 19.34320 18.94460 17.88420 16.49350 16.52660 15.97000 16.07270 16.90340 15.95080 15.40650 15.36060 14.91650 14.14180 14.31940 14.11980 -9999 -9999 -9999 -9999 -9999 -9999 -9999 -9999 -9999 -9999 -9999 -9999 -9999 -9999 -9999 11.63080 11.23850 -9999 -9999 -9999 -9999 13.79560 15.18450 16.27880 15.65580 14.76200 13.66330 14.25070 14.66640 15.73370 15.02750
15.86770 16.52330 16.67830 16.28640 15.66700 16.44130 15.58210 15.72790 16.38250 17.00670 17.96370 18.91410 20.22690 19.56450 18.32480 17.98600 19.33540 19.26330 19.39900 19.73790 20.32220 19.25080 17.27140 17.75540 18.85870 19.11860 19.80460 19.00700 18.53500 18.23700 16.84110 16.03870 16.22600 16.05000 16.28830 16.46860 15.47260 15.54650 14.30630 14.35790 14.30550 14.32700 13.75800 13.66230 13.51900 13.96450 15.23830 15.91970 14.74770 14.21380 14.95830 14.61980 13.05290 13.20030 12.54420 12.32390 12.07430 12.57250 11.93960 -9999 -9999 -9999 -9999 -9999 14.34580 15.03040 15.61370 16.56890 15.58990 15.88230 16.85310 16.91140 16.10410
17.39040 18.42580 16.90340 15.87200 16.29630 16.04170 14.57710 14.79200 14.86610 15.71650 16.89900 17.66380 18.74170 18.64080 18.23190 17.82190 17.48300 18.22470 18.90480 19.16810 17.87470 17.88380 17.59680 17.74900 18.50810 18.59860 20.24770 19.50070 19.00580 18.71870 16.80820 17.01320 15.82300 14.85420 16.83720 16.75110 16.51000 16.21750 15.09950 15.09050 14.39330 14.47780 14.79830 14.83360 13.82780 13.55890 15.45330 15.99380 16.75380 16.18330 15.43470 16.16610 15.79840 14.30130 14.75120 14.73280 14.56470 13.63700 14.73280 14.94870 14.47460 14.22290 13.78970 14.49440 14.95490 15.85410 16.75220 17.26550 18.50860 17.81620 17.92670 19.13760 19.26170
16.90090 18.05100 18.31750 16.89450 16.35640 16.18760 13.60730 14.17770 14.19620 14.69630 16.28640 17.00420 17.89590 17.26250 16.72170 17.24020 16.17160 17.21240 18.16900 18.02360 17.64800 17.46980 16.48390 16.85020 17.31170 18.11750 19.54850 18.98400 18.37160 18.08590 15.76100 16.47150 15.02810 14.78430 17.10810 16.43750 16.32140 16.01050 14.96320 15.97020 15.09850 13.50810 13.65250 14.05990 13.61460 13.95860 14.42420 15.04660 15.84150 16.41560 15.55100 16.02300 14.74150 15.63940 15.82890 15.44400 15.60630 15.70010 15.32180 16.31100 15.83610 15.70390 15.09320 14.77850 15.16920 14.65070 15.49200 16.72510 18.55440 18.54180 19.78970 19.96210 19.68940
16.83750 14.91530 16.31770 15.70310 14.13160 14.12870 15.48390 14.84760 14.42330 14.97660 14.57480 14.29670 14.99820 14.44890 15.51000 15.53190 15.92680 17.09520 17.73040 17.19430 17.80950 18.04400 17.12520 16.59260 17.07090 17.53320 19.55760 19.48030 18.84260 19.24140 18.07170 17.79920 15.59130 15.50830 14.12970 14.81530 15.49110 14.99970 15.44160 15.27460 16.26780 15.67000 15.65160 15.02350 15.16490 15.13480 13.96080 14.81670 15.89560 16.31060 16.52030 16.82770 15.25390 15.18370 15.27370 16.11130 15.28200 15.53610 15.07740 15.52630 16.45530 16.77000 17.48860 17.40000 16.29140 15.76990 17.86070 17.99950 17.54610 18.13380 17.82500 18.70550 17.81000
18.24120 17.49210 16.73800 16.34860 13.71880 13.41120 15.17400 14.71570 15.99770 15.55560 14.47870 14.19540 14.68150 15.27900 15.12760 15.25650 15.35780 16.14560 16.50650 16.53450 17.32980 17.69910 16.74100 15.92990 16.74860 17.23100 17.56490 18.38820 18.81960 18.27410 18.10780 18.23880 16.88770 16.40470 15.48150 14.80650 15.79350 16.18250 16.41840 15.85840 15.45950 15.55000 15.88370 15.74940 15.32980 14.50430 13.62780 14.09080 15.85880 16.24420 16.39910 15.86030 15.19110 16.33330 16.60100 17.30080 15.48850 14.84940 14.07550 14.00650 15.69610 17.05190 18.83140 18.75750 18.51630 17.16470 19.04660 18.63030 17.70370 16.06750 16.50830 17.60510 17.11930
18.52040 19.55910 19.91810 17.85760 15.71270 15.19080 16.04670 14.12310 14.80070 15.94540 16.51950 17.39700 16.53370 16.04100 15.35470 14.99440 14.99580 15.43730 15.27080 15.29620 15.60730 16.48200 17.15090 17.00340 18.09250 18.37840 17.99020 18.26070 18.34550 18.88990 17.68240 17.60150 16.70920 16.60070 16.61060 17.16090 16.19700 15.90870 16.36910 15.80600 15.97030 15.64310 15.29970 14.66800 14.79340 14.62250 13.86090 13.75770 14.31110 15.08060 14.49580 14.97780 15.31900 15.63190 15.20120 16.08190 15.62600 16.99140 17.19400 17.31520 17.07970 17.13960 17.36770 17.15260 16.30650 17.23770 15.89350 15.55520 16.45010 15.25460 15.68560 17.13060 17.65790
21.27930 20.68370 20.76440 20.13090 17.50030 16.57450 16.55170 15.03320 13.15330 14.16740 14.50810 15.68670 16.96060 16.84500 16.82140 16.65880 16.36920 16.07240 15.69340 15.64150 15.54600 16.43350 16.78710 17.74110 18.74350 19.00200 19.15610 19.71390 18.94600 19.93310 17.76350 17.66290 17.46660 17.19860 17.09190 17.16430 16.45890 16.33300 16.46290 16.30240 16.31440 16.22390 15.85150 16.21360 16.51290 16.24060 15.27640 14.84600 16.34120 16.74220 16.68060 16.88010 16.88660 16.74010 16.50940 16.01390 15.89830 17.33320 17.39170 17.97480 18.03710 17.46330 17.47140 17.55140 17.16800 16.43750 15.45890 15.40400 15.10830 15.05130 15.81410 18.42310 16.89390
23.56630 22.83200 19.95120 19.33600 18.73260 17.63930 17.72650 15.96910 15.76270 15.63700 15.06110 15.23900 15.53900 15.72620 15.18790 16.72660 17.24530 16.69020 17.36520 17.46240 17.19330 17.26090 16.99440 17.29160 18.45580 19.02380 19.14330 18.84780 18.11960 18.45960 18.38610 18.27130 17.51070 16.70440 17.12460 17.17810 18.03990 17.24790 17.24880 16.53770 17.65380 17.39430 17.02010 17.10050 17.39580 16.59820 16.15860 17.38940 17.38090 16.43530 16.53730 17.07150 17.41850 18.46580 16.68160 17.75480 17.59600 16.81090 18.46220 18.70770 19.13080 18.88390 18.14590 17.94040 15.09640 14.65710 14.28190 13.81060 14.38960 14.63930 17.94020 18.56410 16.62620
22.62660 22.43040 20.53140 20.43960 19.42960 18.58610 19.43230 16.26300 15.94810 17.84100 16.70350 15.98740 17.42450 16.95170 17.32900 15.58060 16.46160 16.67760 18.63730 18.65670 18.64360 17.21160 16.95040 17.46590 18.34420 18.96020 18.54940 18.59790 18.37460 18.31950 18.30220 17.87250 16.44360 16.67180 17.71780 17.41880 17.53480 17.87440 19.51330 18.39490 18.68240 18.33130 15.38830 15.12560 15.99420 16.97870 16.76800 17.28620 17.27600 16.64160 16.35790 16.65230 17.85660 18.16730 17.84160 18.27490 17.45500 17.13190 17.87600 17.91750 19.12990 19.93460 17.66850 16.57600 14.29600 13.97410 13.46350 13.67530 15.31960 14.77800 16.77950 16.89450 16.34430
22.75630 21.38500 20.58110 20.54230 18.96760 18.33540 17.33890 16.39050 16.36220 17.26610 17.33290 16.91360 19.86420 20.21420 17.58460 18.25930 18.41460 17.50190 17.92620 18.41860 17.68690 17.43870 18.17720 18.01800 16.55970 17.68080 17.83370 17.90830 18.29120 17.75770 17.57150 17.09030 18.17710 17.50600 17.56410 18.13340 17.26210 17.81000 20.00050 19.86430 19.65660 18.32310 15.56480 15.01980 15.41920 15.80100 17.48920 18.74150 18.14720 16.77190 16.90770 17.61120 16.90270 17.24680 15.92770 15.54790 18.62060 18.19490 19.39130 19.24390 20.38270 20.40960 17.20720 16.73900 15.47760 15.67630 17.26550 15.83400 15.03240 14.34390 16.52310 17.14220 18.25210
24.36070 24.05760 21.83720 20.26610 18.68550 17.18000 16.70260 15.44750 16.93690 18.03450 17.76000 17.84160 19.40990 20.48710 17.72680 18.02950 20.28190 19.46790 18.15210 18.46710 17.72160 17.66270 19.44190 19.44810 17.78690 18.00090 18.59420 19.03700 18.65180 18.30410 17.25590 17.33500 17.91850 17.97910 18.12200 19.26780 17.55340 19.28720 22.31740 20.72660 20.06540 21.25350 18.77560 16.73340 16.45810 16.43840 17.07980 17.63050 17.49970 16.00590 15.74110 15.46170 14.88100 15.28910 14.95460 15.85840 17.58830 18.59480 18.72400 19.48990 20.38350 20.61770 17.31260 16.74150 15.55560 15.33440 16.07650 17.60470 16.61020 15.50550 16.84540 18.59220 19.89650
27.42340 26.96030 24.11980 22.50460 19.96490 19.11710 17.61860 16.81850 16.22700 16.85500 18.89840 18.92580 18.23620 18.06490 19.00330 19.97630 20.77310 20.97060 19.84640 20.07920 20.72590 20.42340 19.50310 18.88900 19.16980 19.13630 18.26470 18.77100 16.97090 17.74380 17.35390 18.76770 19.63090 18.19920 18.47090 19.51480 19.75250 19.78830 20.94070 21.43930 21.34530 19.94320 18.88690 18.09470 16.66190 16.81480 16.45860 16.98100 19.10910 19.46700 16.41660 16.76580 16.46470 16.12250 17.02060 15.74420 15.88940 15.68020 16.49850 17.76340 18.15580 18.57470 19.38920 19.20940 17.87550 17.61170 17.09070 17.64610 19.07140 18.29950 16.62400 16.46250 15.29080
27.67080 26.05260 25.56210 23.18580 21.35260 19.61770 19.26500 17.81080 16.14270 16.79090 18.79750 20.33400 19.64250 19.42280 20.40730 19.90160 21.37190 21.20440 21.71460 21.58910 21.70680 22.07530 20.40170 20.56100 20.95090 20.06570 19.49350 18.27510 18.65190 17.20340 18.21660 18.86670 20.20410 18.85570 18.86050 19.87630 21.26350 21.55130 21.45910 21.73550 20.54410 20.81210 19.21370 19.45470 16.23660 16.87740 17.34780 17.60200 19.28390 19.55630 16.62420 15.83220 16.31590 15.26480 15.91750 15.58110 14.96900 15.01680 16.52670 17.73690 18.18850 19.01240 21.61060 20.91230 20.07990 20.22380 17.60110 16.24120 17.94280 17.43130 17.41040 18.16990 19.81690
28.06190 26.55500 24.03030 24.38620 23.28790 22.16670 20.10800 19.50040 18.37730 19.10060 20.05460 20.76880 22.47880 21.78850 20.81670 20.44020 21.96710 21.85590 22.91440 23.98320 23.56620 23.26540 20.98650 19.89420 19.15290 19.15310 19.22950 19.06430 16.98530 17.09290 18.73510 18.82950 20.65190 20.44350 19.37350 20.43130 22.06910 23.63320 22.69440 22.57920 23.10710 20.28720 18.17510 17.55420 15.39030 14.48490 13.67690 13.20020 14.62270 14.67660 14.99500 15.75680 16.41300 16.65240 15.19140 14.06550 16.12790 16.28650 17.66860 18.34780 20.45700 22.51080 24.10340 23.30740 23.37670 23.73010 20.90640 20.16980 20.66530 20.00160 19.93440 19.09790 16.25110
27.42360 26.77440 25.78000 24.15010 26.73600 24.21310 22.43770 22.47860 22.84110 22.11260 22.42690 23.74000 23.46760 22.49870 22.75690 22.26580 21.65030 22.97700 24.24800 25.57560 26.65500 25.18530 21.89490 21.02610 21.04270 19.96450 21.03920 21.34480 19.37560 18.05310 19.85750 19.92220 22.86170 21.58880 20.71560 21.15180 22.88180 23.81930 23.50440 20.88450 21.85560 19.86810 14.25690 14.04400 14.33800 14.79270 15.49450 14.10500 -9999 -9999 14.02120 13.78470 12.43230 14.75140 13.68270 13.39270 16.29280 18.07090 18.66460 22.59210 23.73720 24.07880 24.16310 24.96740 25.20520 25.41950 22.50780 20.95980 21.47400 18.80960 19.50810 16.73840 13.05190
24.51520 25.33800 25.15610 24.06940 24.66860 23.16990 25.08560 23.97700 23.58940 23.79700 25.61110 25.49880 24.94450 24.52290 22.57690 22.13090 23.26360 24.66150 25.89380 25.96880 26.90630 27.43680 26.90290 25.01890 23.60400 21.77940 21.85440 21.83910 21.80520 19.52950 20.96600 22.37720 23.20130 22.51430 23.14410 20.86660 19.71390 -9999 -9999 -9999 -9999 16.24720 -9999 19.04950 21.55630 19.50950 19.57900 15.35470 -9999 -9999 16.42170 15.92180 15.14470 14.93730 13.00450 14.57570 15.88860 17.48940 21.27730 22.46030 25.05220 25.32520 24.92860 28.36990 26.10240 25.08520 22.55520 22.10650 19.69810 16.29090 -9999 -9999 -9999
24.26240 24.89750 24.08430 21.80230 24.80490 23.49820 23.02170 23.32350 21.97280 22.57050 25.24070 25.74770 25.86140 23.72580 22.56300 23.79650 26.26850 25.86900 28.17820 27.43120 28.90850 28.44680 27.58900 26.17350 24.04840 23.36710 22.69560 22.72970 22.41970 23.31070 24.53810 24.09600 26.04950 23.42070 22.14880 -9999 -9999 -9999 -9999 -9999 -9999 -9999 19.62510 20.24960 19.11080 -9999 -9999 -9999 -9999 -9999 13.07800 13.96580 17.22090 15.96280 16.48620 16.08920 15.22040 17.48090 18.84000 20.19020 23.99070 25.67190 24.21190 23.43500 23.35350 24.69670 23.05870 19.22130 -9999 -9999 -9999 -9999 -9999
