data/hydroclimate-scenarios/BCSD_hadcm_B1/monthly_summaries/snodep_monthly_day1_jan.2030-2059.asc
ncols	311
nrows	91
xllcenter	102.75
yllcenter	31.75
cellsize	0.5
NODATA_value	-9999
[rows 32 to 63 of 91, columns 0 to 71 of 311]
-9999 -9999 -9999 -9999 -9999 -9999 -9999 -9999 -9999 -9999 -9999 47.17770 48.35750 48.72010 49.96240 50.31100 55.21190 54.53960 56.90880 61.82420 61.88750 59.83240 58.05730 52.92460 51.05600 51.86260 49.82620 47.11190 44.17530 43.64940 42.21840 41.19820 40.17740 41.20920 41.91460 40.64060 43.39160 43.63440 43.77550 45.50860 46.16390 46.04480 46.00740 47.32920 46.56800 44.82250 45.31540 45.76390 45.45050 45.90730 44.07010 44.99000 44.21590 44.42800 43.85320 42.92460 42.19700 43.57570 43.86950 44.36020 43.78900 43.35060 43.87320 45.13710 44.18670 41.98240 42.56230 40.50640 41.74470 41.61110 40.51140 41.04130
-9999 -9999 -9999 -9999 -9999 -9999 -9999 -9999 -9999 -9999 -9999 49.16610 50.08920 49.07620 49.85070 51.09790 51.84750 54.50690 57.01080 59.08980 59.13450 59.22900 57.20580 52.49710 51.25640 51.20900 49.43610 44.84490 42.42970 41.88500 40.94430 38.90750 38.32140 37.99590 39.15990 39.95630 41.50340 42.38800 42.44580 45.54630 46.74930 46.09500 47.47980 48.21980 49.25060 47.72530 48.10220 47.76650 47.62960 47.58800 47.04860 46.96770 45.66950 45.83570 45.62700 44.38670 44.00090 45.39820 45.16130 44.11340 44.21490 44.50990 44.57310 44.89860 45.15040 44.13560 43.04100 41.90160 42.52290 41.71730 41.30420 42.68780
-9999 -9999 -9999 -9999 -9999 -9999 -9999 -9999 -9999 -9999 -9999 -9999 48.06590 48.15690 48.90640 49.88050 51.76940 52.84930 54.67530 57.62080 57.61320 57.00450 57.00840 54.32600 51.82540 51.39450 48.57820 45.67300 41.94030 40.98880 39.68780 37.81350 37.55660 37.69340 37.68360 38.27530 40.87310 42.04260 43.52350 44.55960 46.35050 47.54770 48.44260 48.90980 49.48560 48.27550 48.59330 48.49490 47.27280 47.29590 46.58250 46.18730 45.95640 46.72180 46.44500 45.53650 45.47950 46.09150 44.36210 44.23760 45.03260 45.57620 45.58750 45.50200 45.42800 43.66150 42.42600 40.14960 42.57510 42.13530 40.66410 40.28350
-9999 -9999 -9999 -9999 -9999 -9999 -9999 -9999 -9999 -9999 -9999 -9999 44.52990 46.18190 48.85180 47.68880 48.71990 50.79530 52.62510 55.88600 56.95870 60.02980 57.35070 54.42220 52.00490 48.38030 44.42450 42.30250 40.17840 38.80980 38.04770 36.12110 34.35490 35.27660 35.19840 37.06090 38.70810 40.68210 41.90610 41.90780 46.06770 46.88690 48.00220 49.16400 49.62360 48.55320 48.30770 49.05860 48.70030 47.33180 46.57670 46.29970 45.67760 46.64600 46.43940 45.67320 45.02960 45.94160 44.04570 43.67350 44.63880 45.01480 45.51300 45.02890 43.56660 42.10440 42.50500 40.87030 41.06570 41.30030 42.41850 40.81970
-9999 -9999 -9999 -9999 -9999 -9999 -9999 -9999 -9999 -9999 -9999 -9999 45.60050 44.33310 43.33700 45.41720 47.74140 49.87230 53.20030 55.88430 58.85690 58.37120 55.85780 52.75230 47.49550 45.34310 41.01480 37.84040 37.16370 36.84170 34.58350 32.20040 32.04290 33.32370 33.62270 36.62640 37.18180 36.97200 38.77900 41.93640 44.57920 46.66900 48.10090 47.86290 49.00920 50.18760 50.59520 50.91380 48.54630 48.40990 47.58650 44.95660 44.69220 44.68030 42.83230 43.89030 44.12910 43.89950 43.11690 44.01660 44.29930 45.97470 45.80030 43.24460 43.26550 42.16880 41.60560 39.29080 40.75280 42.73260 42.98340 43.12620
-9999 -9999 -9999 43.84140 42.92670 43.39560 44.29140 43.16260 43.03690 -9999 44.26200 44.91660 43.76190 41.83590 41.64530 41.61670 43.69110 45.25770 48.05480 50.31160 51.86250 51.28650 48.02140 46.04370 42.73470 40.98960 38.17960 36.67400 34.82690 35.36720 33.52920 30.12920 31.26380 32.43210 33.06080 35.60460 36.36950 35.81210 37.65200 40.18460 42.41820 43.77520 45.09280 46.50630 49.73640 52.54620 54.10050 52.47690 50.13600 49.30670 47.68010 45.81550 45.36000 45.76420 45.41580 47.59210 46.89930 45.34170 45.66280 45.42250 44.36570 46.49740 46.28810 44.19910 44.08000 42.39340 42.94710 40.37010 39.83120 43.50020 44.66560 45.16590
-9999 -9999 -9999 41.74680 41.09970 40.58760 42.12880 42.04900 42.93470 44.25410 44.07340 42.62490 42.21910 41.61180 40.74120 41.53830 41.95970 40.39020 40.21930 40.92310 41.40570 42.03090 40.16290 39.98640 38.56580 37.37140 35.87500 33.24070 32.30510 33.02630 30.74660 29.55090 28.92700 31.05080 32.49380 31.64490 33.10840 34.75660 35.67610 38.64420 41.16380 42.69260 43.43960 46.54430 51.44430 54.11350 55.14250 51.31250 50.42540 50.74980 49.24270 48.35900 48.78810 46.92600 46.02260 45.42480 45.63290 45.26680 45.88400 45.09200 44.39650 45.47010 45.71500 44.32600 44.37350 39.94400 39.96040 38.07270 40.13490 42.62730 44.59830 44.12750
-9999 -9999 -9999 35.88870 34.48660 37.05320 40.65790 40.14080 38.80770 39.62830 40.41250 39.83590 40.91520 41.84270 43.54000 40.78880 40.11930 38.79960 37.22370 37.20930 37.29400 37.66060 35.86740 36.87240 35.57790 33.75570 32.71610 30.03180 29.36270 28.97750 27.97260 27.23310 25.97420 29.04160 29.65310 29.38320 30.88910 31.75510 33.96400 36.43710 39.07280 40.29270 43.15580 45.39190 47.97700 51.99420 52.46320 50.18260 49.06830 49.57770 48.38910 47.34700 45.74830 45.51160 43.72280 43.74070 44.73390 44.05860 45.49470 44.54390 43.97890 44.07140 44.54980 44.89770 44.56590 41.29970 41.76980 42.44440 45.96790 47.54370 49.67780 46.00750
-9999 -9999 -9999 35.06070 33.24420 38.78650 43.87150 42.10950 40.63240 40.95220 39.67700 37.95690 41.81390 40.99320 41.96290 40.98160 39.82520 38.69620 37.19310 34.47670 34.79380 33.99400 33.17050 32.22070 30.73170 29.86960 28.75590 27.24690 26.08810 26.13970 24.59390 21.72230 24.04680 24.64810 26.28810 26.22120 26.24130 27.76560 29.15420 30.65810 34.29370 38.68180 40.69460 44.07630 46.10000 48.76220 48.77540 48.27560 49.57800 49.29730 47.06180 46.08050 44.23180 43.25910 42.77380 40.73990 41.55900 42.75830 43.88150 43.33180 45.13520 45.41880 46.84400 48.15790 48.69790 46.97420 48.14170 47.79020 51.18410 52.10430 48.38390 41.84350
-9999 -9999 -9999 31.22580 31.27170 36.36500 35.79940 36.45180 38.44510 37.72920 36.86490 37.85100 39.50880 40.72770 41.38330 41.19620 40.29790 36.91310 33.79370 29.54460 29.44350 29.46980 28.57240 26.84280 25.34850 24.86510 23.60750 21.92230 21.57230 22.69320 21.29970 20.57240 21.07580 21.47410 22.94930 24.42490 25.56210 25.25860 26.83760 28.38540 30.46130 33.88620 36.91020 38.14450 38.93690 40.47580 42.59960 44.10460 43.35460 44.90910 43.48310 41.85490 40.38430 40.95050 41.34480 40.07780 39.01450 40.19410 42.20080 43.06940 44.19020 45.84710 47.76850 52.04740 53.88340 51.64410 52.91930 52.63020 54.67490 49.78440 43.10960 -9999
-9999 -9999 -9999 -9999 32.36650 36.21260 35.39550 37.92760 38.84450 38.43050 36.53430 37.82330 42.15360 38.80650 -9999 -9999 -9999 -9999 -9999 27.60760 25.87660 23.37150 22.81130 22.52440 21.01540 19.59960 18.59510 18.51040 16.85140 17.10010 17.07840 18.64560 18.73700 19.98730 21.40170 21.36990 22.43810 22.49470 23.26500 25.69760 27.14500 29.06670 29.80540 31.77100 34.13540 34.35680 37.85240 38.86400 39.04360 38.75430 38.83940 37.29010 36.72440 39.33210 40.00180 40.02850 40.75960 40.62400 40.96740 42.33200 44.57090 46.59750 50.56330 50.38670 52.80050 54.36820 53.51770 50.65290 48.71410 -9999 -9999 -9999
-9999 -9999 29.66200 31.00850 31.46070 32.69510 34.29810 36.58680 35.70580 36.70610 34.75740 38.36320 41.87680 -9999 -9999 -9999 -9999 -9999 30.79080 24.76510 21.34550 16.67400 16.62800 16.93650 16.57100 15.63430 15.21480 15.03970 14.34530 15.03600 13.96860 15.58910 17.51220 17.14650 18.65350 18.74140 19.71580 20.53300 21.05190 22.90450 24.13970 24.50790 25.68570 28.60080 28.83030 29.92600 32.84140 33.74980 32.79430 33.10620 33.29470 30.87840 31.89320 33.74460 35.57730 34.01890 36.82210 39.10120 40.07560 40.61930 42.68460 46.25170 48.45750 48.98740 49.65520 51.23080 50.07490 -9999 -9999 -9999 -9999 -9999
-9999 -9999 30.97500 30.80120 29.27880 28.43760 29.73860 32.63640 33.72780 33.40960 36.70010 40.30500 42.01030 -9999 -9999 -9999 -9999 28.40910 26.48870 21.16690 17.53190 12.77620 12.14720 12.12230 12.55490 13.45780 12.83930 12.82680 12.38200 12.34230 12.18470 13.01450 14.76340 16.27600 18.07050 18.37080 18.78760 17.83460 19.11210 20.22630 20.41570 21.55080 23.89790 23.31150 24.17000 26.27730 27.50750 30.75050 28.46980 27.90870 28.00790 26.80550 27.32910 30.36560 31.22060 29.87070 31.23360 36.04960 38.58450 37.72960 38.30260 41.61920 41.00330 42.12330 43.37720 -9999 -9999 -9999 -9999 -9999 51.24950 -9999
-9999 -9999 30.06150 31.30870 29.49140 27.70040 28.51270 30.10450 31.88910 34.46840 38.32510 43.76990 24.00140 -9999 -9999 -9999 -9999 27.33640 24.15950 18.96940 14.37330 9.62744 8.55462 9.20165 9.38413 10.67420 10.67310 10.77040 10.56610 10.72440 11.40130 11.38490 12.42180 14.70720 16.56680 16.10790 17.48050 16.42320 17.65120 17.04450 18.46770 19.35070 19.48680 20.58300 21.93840 24.09310 25.08620 26.37680 25.92520 25.11280 25.57760 25.41820 27.08960 29.24060 29.93870 28.78760 29.67310 33.17700 34.11150 34.43420 33.46450 32.84160 34.49540 40.84220 45.19490 45.14370 40.48120 42.55860 40.66400 -9999 -9999 -9999
-9999 -9999 -9999 30.78680 28.97560 27.47980 27.39870 28.20980 31.29490 36.08030 38.30310 25.94670 -9999 -9999 -9999 -9999 31.11230 26.38000 20.36250 16.49600 11.64280 8.53685 8.06642 8.26452 8.31590 8.83055 9.29295 9.16517 9.79522 8.92596 9.42289 10.76790 11.98670 12.97670 13.12380 15.35180 14.90500 14.89330 15.63170 15.15070 15.28280 17.11350 17.14720 16.40730 17.99280 20.76300 20.95390 22.62010 21.65000 22.00680 25.00240 23.90270 24.35200 27.50620 29.26270 31.31580 32.45210 34.43650 35.32430 34.24410 35.23830 37.53550 41.64420 46.79420 51.87390 41.64550 35.06120 38.07030 35.94650 32.50770 -9999 -9999
-9999 -9999 -9999 -9999 30.13960 27.31620 26.71480 27.99160 31.39640 33.35190 20.84200 -9999 -9999 -9999 -9999 35.18650 30.73070 22.98120 16.79620 13.21530 9.96241 7.14408 7.35627 6.42449 6.56924 7.65037 7.87716 8.29468 8.77929 9.69672 8.77222 10.57990 10.68560 11.49690 12.23640 12.98180 14.25910 14.90030 15.10230 14.72560 15.09490 15.34920 14.90300 15.43580 15.25070 18.92040 20.17380 20.36660 19.45580 20.27900 22.64920 23.06140 23.50460 25.43210 26.21070 28.96070 29.91770 31.91680 33.82320 33.09110 36.19760 40.06660 42.56620 39.81690 42.96890 38.72090 32.21070 29.99750 32.46680 31.21590 32.14770 38.01620
-9999 -9999 -9999 -9999 -9999 -9999 28.81010 27.30690 21.44870 19.57150 30.67060 -9999 -9999 -9999 -9999 -9999 27.57400 20.77930 16.90370 10.64840 8.57405 8.18623 5.96531 5.60171 5.45576 7.69643 7.84233 8.39373 9.28094 9.48851 9.82308 10.36200 10.82480 11.87780 11.43530 13.47110 13.19150 12.63170 13.28890 13.32630 13.79910 12.95360 13.65990 14.91250 14.09160 14.91140 15.08840 17.31940 17.97180 18.44530 21.10230 21.42260 22.90360 22.61260 23.74030 27.94320 29.02820 30.49710 31.75140 34.42130 36.77890 38.31240 40.14740 41.25820 43.59810 39.45770 32.17610 28.25690 29.62420 29.93740 31.80430 36.77630
-9999 -9999 -9999 -9999 -9999 -9999 -9999 -9999 -9999 -9999 -9999 -9999 -9999 -9999 -9999 -9999 -9999 -9999 -9999 9.94439 7.70919 7.34052 6.69374 5.13111 5.25865 7.10338 8.57194 10.34060 11.19470 10.35550 10.82610 10.82290 10.62280 11.75860 11.58460 12.01890 12.76480 11.90700 11.86990 12.91690 11.86830 12.07420 12.13770 12.33600 14.04710 13.16780 14.12390 15.42390 15.79290 18.19640 19.40820 20.00090 21.34620 21.30180 21.36390 25.08510 25.83120 28.97100 29.37360 31.45520 34.70240 33.91610 36.66110 37.42110 38.45830 30.54510 25.65650 25.43840 26.18080 28.77710 31.30340 35.88120
-9999 -9999 -9999 -9999 -9999 -9999 -9999 -9999 -9999 -9999 -9999 -9999 -9999 -9999 -9999 -9999 -9999 -9999 10.03390 8.13595 6.90402 5.47357 5.56669 5.90099 6.30360 7.25879 7.33572 8.49053 8.19700 9.57670 10.32290 9.90101 9.79023 9.93628 11.56730 11.00540 11.32240 12.25780 11.23440 10.21130 10.65120 10.67760 11.93270 11.94320 11.97280 12.49230 13.17910 13.98460 14.36180 17.33280 18.30590 20.02550 21.35530 21.52020 22.43670 23.27140 24.12390 26.19160 28.23050 27.81220 28.07790 26.83000 29.43340 31.92840 32.88900 26.88520 27.07650 25.95970 27.23690 29.52450 31.61170 35.77140
-9999 -9999 -9999 -9999 -9999 -9999 -9999 -9999 -9999 -9999 -9999 -9999 -9999 -9999 -9999 -9999 -9999 10.14790 9.17686 6.65719 6.25373 5.78810 5.94745 5.85900 6.26203 7.03817 7.46960 7.85349 6.12624 7.73399 9.28311 9.12901 9.62019 10.63540 10.36780 10.19470 10.79750 11.45240 11.05160 11.19250 10.12710 9.95352 10.24210 10.39000 10.52140 11.57180 12.93540 13.03500 13.87040 16.72440 18.37990 19.11300 20.91290 21.28890 21.09280 21.41310 22.75510 23.43220 24.24790 23.69760 23.59030 24.43780 30.13470 31.97060 26.99040 25.48050 26.12510 27.28520 27.97450 28.87640 31.61570 31.65630
-9999 -9999 -9999 -9999 -9999 -9999 -9999 -9999 -9999 -9999 -9999 -9999 -9999 -9999 -9999 -9999 -9999 8.62166 6.91967 4.99509 4.98744 4.16739 3.24167 4.04151 5.55720 5.97098 6.34583 7.81814 8.09916 6.74172 8.39189 8.96372 9.16290 10.40240 9.96079 10.02640 10.12180 10.47560 9.72551 9.35221 8.93245 8.74971 8.63766 10.42380 10.87470 12.81970 12.10520 12.57040 14.15550 16.33990 17.71590 18.00270 18.80560 20.72750 20.28650 21.19720 21.85520 20.30030 21.40550 20.75700 21.79030 24.14330 26.16550 30.93570 34.61500 30.61410 28.59440 29.34280 28.25370 26.78590 29.70910 34.28870
-9999 -9999 -9999 -9999 -9999 -9999 -9999 -9999 -9999 -9999 -9999 -9999 -9999 -9999 -9999 -9999 8.37991 6.66965 5.02209 3.32804 4.04924 3.30616 3.28415 4.18597 5.56351 5.46203 5.99644 8.81119 7.85644 8.24098 8.05029 9.03841 9.43951 9.90221 9.42572 10.04180 10.12590 10.07280 9.28221 8.72095 8.08319 7.76553 7.84764 9.17083 9.21369 10.52060 11.17270 10.99230 12.30370 15.32570 16.13660 16.41780 17.72390 19.81330 19.86140 20.76580 19.79260 17.48590 18.98310 20.41850 20.54170 22.14130 24.48740 32.47050 31.58900 29.67730 31.04670 28.57360 28.06080 26.98890 30.29290 33.37020
-9999 -9999 -9999 -9999 -9999 -9999 -9999 -9999 -9999 -9999 -9999 -9999 -9999 7.89504 7.33403 6.81367 5.72569 3.66384 2.87740 2.87529 3.32208 1.70754 2.74759 3.03638 3.25909 4.58546 5.11506 5.55227 6.09758 7.26978 7.19952 6.72166 8.74602 9.23124 8.84757 8.98433 8.78091 7.88281 6.58843 6.35451 6.27035 5.66902 5.42488 7.96054 8.59813 8.04506 8.67046 9.43218 9.20674 11.13170 11.87880 14.89540 16.53850 19.21950 20.64670 16.86310 16.42890 16.53200 16.83990 17.30290 18.91260 20.63660 23.60050 24.21600 25.29390 25.34690 27.43460 28.91270 29.34800 27.77950 30.83310 34.52070
-9999 -9999 -9999 -9999 -9999 -9999 -9999 -9999 -9999 -9999 -9999 -9999 6.02452 5.62898 5.34087 5.12703 3.56977 2.93982 1.21852 2.52080 1.69531 1.09575 2.56604 2.57089 2.66309 4.31202 4.41494 5.25135 5.26228 6.99254 7.05330 6.10870 7.49156 8.18571 7.93830 8.95788 7.57630 6.59354 5.99038 5.92859 5.97204 4.86417 4.51320 5.55898 7.50950 8.24942 7.80327 8.32011 8.80689 8.95481 10.41760 12.14780 13.69160 15.96930 18.03780 16.88910 14.86590 15.26880 16.28990 16.40010 16.77250 19.56420 21.65300 24.33490 26.30240 26.66890 28.21660 29.37890 28.79400 29.12000 32.24770 34.16570
-9999 -9999 -9999 -9999 -9999 -9999 -9999 -9999 -9999 -9999 -9999 4.69350 4.20961 4.01134 3.53879 3.64433 3.61888 2.46666 2.49778 1.16709 0.83439 1.95786 1.97671 2.64519 2.66867 2.28829 2.45816 2.59408 3.74440 4.84537 4.99227 5.49670 5.59395 6.65766 6.61474 6.12734 6.02560 4.06608 3.76955 3.67937 3.01592 2.92203 3.98577 4.24781 5.15276 4.82392 4.87516 8.32130 8.97807 8.42324 8.43745 10.02850 11.59590 13.14690 14.24780 13.03050 13.19640 13.42290 14.44790 15.00010 15.96410 19.33960 21.17980 22.11830 25.30500 24.81440 25.05060 24.25510 24.50830 26.78380 32.42930 39.12030
-9999 -9999 -9999 -9999 -9999 -9999 -9999 -9999 -9999 -9999 5.40275 5.02037 3.84540 3.75294 3.64639 2.94250 2.97397 2.46382 2.56644 0.92471 1.11573 0.90772 2.18775 2.03926 1.95182 2.45371 2.32857 3.51256 3.65375 4.55693 4.69363 5.51317 5.65757 6.75295 7.43674 6.37326 5.18236 4.57710 3.94844 3.31448 2.92335 2.90282 3.91837 2.93740 3.31550 4.34190 4.64773 6.18991 6.71775 7.21807 7.26125 7.88806 8.91119 10.49130 11.63920 10.92550 11.51520 11.49270 12.95290 15.13700 15.69410 18.70940 20.48460 21.85860 23.23940 23.29000 23.50960 23.13980 25.31970 28.95290 32.97760 34.53020
-9999 -9999 -9999 -9999 -9999 -9999 -9999 -9999 -9999 2.53581 2.87028 3.12606 3.44145 3.00701 2.74890 2.63093 2.52566 1.74341 1.04030 0.39577 0.61407 0.53170 0.56536 1.09227 2.14399 2.93106 2.83402 2.58765 2.52267 2.12734 3.17299 3.02818 4.88028 4.56331 5.26949 5.99876 4.41161 4.09204 3.01147 3.20170 2.30564 2.57413 2.48886 2.60233 2.68753 3.42485 5.06938 5.64423 5.74748 6.21153 6.71836 6.68843 7.21467 8.57634 9.02716 9.63608 11.55980 12.69990 13.19820 13.85810 14.96350 16.17160 17.51400 18.90000 19.49170 21.11770 21.38220 21.51030 25.19390 28.07250 28.87670 28.88850
-9999 -9999 -9999 -9999 -9999 -9999 -9999 -9999 -9999 -9999 2.32706 0.88751 0.99731 2.73712 2.33849 2.55427 2.64470 1.52736 1.49429 0.77931 0.82945 0.81903 0.80693 -9999 -9999 -9999 -9999 -9999 -9999 2.05016 1.93235 2.42120 2.57814 3.55582 4.69058 5.56017 3.86889 3.54721 1.40987 2.56297 2.10130 2.23775 2.13927 2.28981 2.69174 3.48984 3.58524 3.99580 5.26965 5.54505 6.78071 6.31307 6.75914 7.37383 8.61976 9.24124 10.61870 11.43250 12.46990 13.41500 14.71400 16.04960 17.03470 17.72480 19.45890 19.37760 21.99860 22.84880 30.28640 30.94270 33.30840 31.04870
-9999 -9999 -9999 -9999 -9999 -9999 -9999 -9999 -9999 -9999 -9999 -9999 0.55844 0.47195 0.49024 1.08256 1.10709 2.02529 2.19553 -9999 -9999 -9999 -9999 -9999 -9999 -9999 -9999 -9999 -9999 -9999 -9999 -9999 -9999 0.98750 1.77144 2.67733 2.77984 2.14414 1.84469 0.69938 0.66917 1.32562 1.43454 2.17790 2.38904 3.17734 3.32698 4.05508 4.45229 5.35416 6.17380 5.22400 4.98369 6.84420 7.71383 7.74452 9.27319 10.68440 11.75980 13.41910 15.44060 15.02560 16.05120 18.19760 18.23190 18.08010 20.85690 23.22070 27.31440 29.13770 31.73120 29.88690
-9999 -9999 -9999 -9999 -9999 -9999 -9999 -9999 -9999 -9999 -9999 -9999 -9999 -9999 -9999 -9999 -9999 -9999 -9999 -9999 -9999 -9999 -9999 -9999 -9999 -9999 -9999 -9999 -9999 -9999 -9999 -9999 -9999 -9999 0.26887 0.58478 0.44357 0.71555 0.61854 0.42661 0.46109 0.54586 0.48586 0.58005 2.26643 2.76872 3.15744 4.05615 3.91450 4.97967 6.66124 5.23308 5.58553 6.80204 6.84281 7.61434 8.74687 11.09840 12.48450 14.74840 16.60530 15.72950 17.30580 17.35820 16.92860 17.39150 21.04100 25.24310 30.43710 30.73820 28.28020 -9999
-9999 -9999 -9999 -9999 -9999 -9999 -9999 -9999 -9999 -9999 -9999 -9999 -9999 -9999 -9999 -9999 -9999 -9999 -9999 -9999 -9999 -9999 -9999 -9999 -9999 -9999 -9999 -9999 -9999 -9999 -9999 -9999 -9999 -9999 0.92520 1.11672 0.35010 1.28534 1.04203 0.52516 0.51745 0.43048 0.48939 0.80293 1.96767 2.30943 2.42766 4.67941 4.86925 4.82810 4.50606 5.26078 5.66746 6.29356 5.73616 7.23123 7.66699 10.53180 12.48590 13.14470 14.61060 16.63740 18.36040 18.96400 19.06570 20.82730 22.93630 24.47030 30.88260 29.55540 -9999 -9999
-9999 -9999 -9999 -9999 -9999 -9999 -9999 -9999 -9999 -9999 -9999 -9999 -9999 -9999 -9999 -9999 -9999 -9999 -9999 -9999 -9999 -9999 -9999 -9999 -9999 -9999 -9999 -9999 -9999 -9999 -9999 -9999 -9999 -9999 -9999 -9999 -9999 -9999 0.76442 0.45361 0.47251 0.33804 0.84603 1.42904 2.09234 1.87328 3.31651 4.34136 4.74490 4.50740 5.56227 4.48701 4.61043 5.51308 5.69800 6.57113 7.33658 9.91294 13.39200 15.03570 16.06860 16.15370 17.22010 18.85180 21.20040 21.91080 24.23570 24.74800 24.22630 -9999 -9999 -9999
