data/hydroclimate-scenarios/BCSD_hadcm_B1/monthly_summaries/snodep_monthly_day1_jun.2030-2059.asc
ncols	311
nrows	91
xllcenter	102.75
yllcenter	31.75
cellsize	0.5
NODATA_value	-9999
[rows 0 to 31 of 91, columns 73 to 145 of 311]
-9999 -9999 -9999 -9999 -9999 -9999 -9999 -9999 -9999 -9999 -9999 -9999 -9999 -9999 -9999 -9999 -9999 -9999 -9999 -9999 -9999 -9999 -9999 -9999 -9999 -9999 -9999 -9999 -9999 -9999 -9999 -9999 -9999 -9999 -9999 -9999 -9999 -9999 -9999 -9999 -9999 -9999 -9999 -9999 -9999 -9999 -9999 -9999 -9999 -9999 -9999 -9999 -9999 -9999 -9999 -9999 -9999 -9999 -9999 -9999 -9999 -9999 -9999 -9999 -9999 -9999 -9999 -9999 -9999 -9999 -9999 -9999 -9999
-9999 -9999 -9999 -9999 -9999 -9999 -9999 -9999 -9999 -9999 -9999 -9999 -9999 -9999 -9999 -9999 -9999 -9999 -9999 -9999 -9999 -9999 -9999 -9999 -9999 -9999 -9999 -9999 -9999 -9999 -9999 -9999 -9999 -9999 -9999 -9999 -9999 -9999 -9999 -9999 -9999 -9999 -9999 -9999 -9999 -9999 -9999 -9999 -9999 -9999 -9999 -9999 -9999 -9999 -9999 -9999 -9999 -9999 -9999 -9999 -9999 -9999 -9999 -9999 -9999 -9999 -9999 -9999 -9999 -9999 -9999 -9999 -9999
-9999 -9999 -9999 -9999 -9999 -9999 -9999 -9999 -9999 -9999 -9999 -9999 -9999 -9999 -9999 -9999 -9999 -9999 -9999 -9999 -9999 -9999 -9999 -9999 -9999 -9999 -9999 -9999 -9999 -9999 -9999 -9999 -9999 -9999 -9999 -9999 -9999 -9999 -9999 -9999 -9999 -9999 -9999 -9999 -9999 -9999 -9999 -9999 -9999 -9999 -9999 -9999 -9999 -9999 -9999 -9999 -9999 -9999 -9999 -9999 -9999 -9999 -9999 -9999 -9999 -9999 -9999 -9999 -9999 -9999 -9999 -9999 -9999
-9999 -9999 -9999 -9999 -9999 -9999 -9999 -9999 -9999 -9999 -9999 -9999 -9999 -9999 -9999 -9999 -9999 -9999 -9999 -9999 -9999 -9999 -9999 -9999 -9999 -9999 -9999 -9999 -9999 -9999 -9999 -9999 -9999 -9999 -9999 -9999 -9999 -9999 -9999 -9999 -9999 -9999 -9999 -9999 -9999 -9999 -9999 -9999 -9999 -9999 -9999 -9999 -9999 -9999 -9999 -9999 -9999 -9999 -9999 -9999 -9999 -9999 -9999 -9999 -9999 -9999 -9999 -9999 -9999 -9999 -9999 -9999 -9999
-9999 -9999 -9999 -9999 -9999 -9999 -9999 -9999 -9999 -9999 -9999 -9999 -9999 -9999 -9999 -9999 -9999 -9999 -9999 -9999 -9999 -9999 -9999 -9999 -9999 -9999 -9999 -9999 -9999 -9999 -9999 -9999 -9999 -9999 -9999 -9999 -9999 -9999 -9999 -9999 -9999 -9999 -9999 -9999 -9999 -9999 -9999 -9999 -9999 -9999 -9999 -9999 -9999 -9999 -9999 -9999 -9999 -9999 -9999 -9999 -9999 -9999 -9999 -9999 -9999 -9999 -9999 -9999 -9999 -9999 -9999 -9999 -9999
-9999 -9999 -9999 -9999 -9999 -9999 -9999 -9999 -9999 -9999 -9999 -9999 -9999 -9999 -9999 -9999 -9999 -9999 -9999 -9999 -9999 -9999 -9999 -9999 -9999 -9999 -9999 -9999 -9999 -9999 -9999 -9999 -9999 -9999 -9999 -9999 -9999 -9999 -9999 -9999 -9999 -9999 -9999 -9999 -9999 -9999 -9999 -9999 -9999 -9999 -9999 -9999 -9999 -9999 -9999 -9999 -9999 -9999 -9999 -9999 -9999 -9999 -9999 -9999 -9999 -9999 -9999 -9999 -9999 -9999 -9999 -9999 -9999
-9999 -9999 -9999 -9999 -9999 -9999 -9999 -9999 -9999 -9999 -9999 -9999 -9999 -9999 -9999 -9999 -9999 -9999 -9999 -9999 -9999 -9999 -9999 -9999 -9999 -9999 -9999 -9999 -9999 -9999 -9999 -9999 -9999 -9999 -9999 -9999 -9999 -9999 -9999 -9999 -9999 -9999 -9999 -9999 -9999 -9999 -9999 -9999 -9999 -9999 -9999 -9999 -9999 -9999 -9999 -9999 -9999 -9999 -9999 -9999 -9999 -9999 -9999 -9999 -9999 -9999 -9999 -9999 -9999 -9999 -9999 -9999 -9999
-9999 -9999 -9999 -9999 -9999 -9999 -9999 -9999 -9999 -9999 -9999 -9999 -9999 -9999 -9999 -9999 -9999 -9999 -9999 -9999 -9999 -9999 -9999 -9999 -9999 -9999 -9999 -9999 -9999 -9999 -9999 -9999 -9999 -9999 -9999 -9999 -9999 -9999 -9999 -9999 -9999 -9999 -9999 -9999 -9999 -9999 -9999 -9999 -9999 -9999 -9999 -9999 -9999 -9999 -9999 -9999 -9999 -9999 -9999 -9999 -9999 -9999 -9999 -9999 -9999 -9999 -9999 -9999 -9999 -9999 -9999 -9999 -9999
-9999 -9999 -9999 -9999 1.88163 -9999 -9999 -9999 -9999 -9999 -9999 -9999 -9999 -9999 -9999 -9999 -9999 -9999 -9999 -9999 -9999 -9999 -9999 -9999 -9999 -9999 -9999 -9999 -9999 -9999 -9999 -9999 -9999 -9999 -9999 -9999 -9999 -9999 -9999 -9999 -9999 -9999 -9999 -9999 -9999 -9999 -9999 -9999 -9999 -9999 -9999 -9999 -9999 -9999 -9999 -9999 -9999 -9999 -9999 -9999 -9999 -9999 -9999 -9999 -9999 -9999 -9999 -9999 -9999 -9999 -9999 -9999 -9999
12.85500 0.15489 0.33914 1.33612 0.93540 2.55072 4.57189 7.17803 14.00900 16.60960 20.82800 22.55570 25.83350 26.63350 29.81910 29.59500 26.96210 27.12330 22.10940 21.20480 -9999 -9999 -9999 -9999 -9999 -9999 -9999 -9999 -9999 -9999 -9999 -9999 -9999 -9999 -9999 -9999 -9999 -9999 -9999 -9999 -9999 -9999 -9999 -9999 -9999 -9999 -9999 -9999 -9999 -9999 -9999 -9999 -9999 -9999 -9999 -9999 -9999 -9999 -9999 -9999 -9999 -9999 -9999 -9999 -9999 -9999 -9999 -9999 -9999 -9999 -9999 -9999 -9999
-9999 -9999 0.57584 0.72342 0.00010 0.53631 4.09159 5.86555 8.76152 12.12880 17.40450 19.01160 23.81780 26.58720 24.66460 26.40040 25.79060 27.25260 27.88510 26.87410 -9999 -9999 -9999 -9999 -9999 -9999 -9999 -9999 -9999 -9999 -9999 -9999 -9999 -9999 -9999 -9999 -9999 -9999 -9999 -9999 -9999 -9999 -9999 -9999 -9999 -9999 -9999 -9999 -9999 -9999 -9999 -9999 -9999 -9999 -9999 -9999 -9999 -9999 -9999 -9999 -9999 -9999 -9999 -9999 -9999 -9999 -9999 -9999 -9999 -9999 -9999 -9999 -9999
0.38808 0.41271 0.23068 0.47978 0.00000 0.04663 1.55863 2.64022 5.30210 7.53022 10.80320 13.74800 20.73290 22.40280 20.99450 24.86260 24.72380 25.74880 25.38300 25.22010 17.21070 15.84450 15.41760 14.25070 11.81680 10.80170 -9999 -9999 -9999 -9999 -9999 -9999 -9999 -9999 -9999 -9999 -9999 -9999 -9999 -9999 -9999 -9999 -9999 -9999 -9999 -9999 -9999 -9999 -9999 -9999 -9999 -9999 -9999 -9999 -9999 -9999 -9999 -9999 -9999 -9999 -9999 -9999 -9999 -9999 -9999 -9999 -9999 -9999 -9999 -9999 -9999 -9999 -9999
0.40245 0.45777 0.38311 0.63234 0.02248 0.11300 0.55954 1.52839 2.03078 3.21326 8.99828 12.12340 12.46630 16.85550 15.84390 18.34110 19.65540 22.71520 20.26050 19.92200 18.46540 14.87930 14.21080 12.27560 13.19070 11.77930 9.73770 8.56225 6.70879 6.46407 7.01203 6.74002 3.16556 2.79830 4.06946 4.48407 1.20906 0.93504 1.60669 1.68423 1.54108 -9999 -9999 -9999 -9999 -9999 -9999 -9999 -9999 -9999 -9999 -9999 -9999 -9999 -9999 -9999 -9999 -9999 -9999 -9999 -9999 -9999 -9999 -9999 -9999 -9999 -9999 -9999 -9999 -9999 -9999 -9999 -9999
0.39338 0.47647 0.44308 0.36659 0.02187 0.02022 0.01191 0.41035 1.14188 1.70083 5.05930 7.43115 8.60084 11.62730 11.75260 14.51570 12.79730 16.92960 17.02880 18.55000 15.66840 13.72700 13.19100 11.51400 10.22030 10.10870 9.61401 9.79660 6.70442 5.95383 5.40122 4.61868 2.45598 2.56567 4.30700 3.86132 0.34645 0.34192 1.58781 1.51295 1.38815 1.42424 -9999 -9999 -9999 -9999 -9999 -9999 -9999 -9999 -9999 -9999 -9999 -9999 -9999 -9999 -9999 -9999 -9999 -9999 -9999 -9999 -9999 -9999 -9999 -9999 -9999 -9999 -9999 -9999 -9999 -9999 -9999
0.02915 0.18397 0.11633 0.07932 0.11376 0.11036 0.77415 0.67737 3.01377 2.73239 3.54774 4.43425 4.31255 5.98839 10.96220 13.90730 15.11800 17.25350 16.47040 16.77980 15.49510 14.09340 11.85390 13.64160 8.83321 7.31961 4.61360 4.68960 4.52749 3.43438 3.40308 3.57640 1.69576 1.37156 1.80436 1.33993 2.99630 2.68565 1.19613 1.22333 1.43110 1.35661 -9999 -9999 -9999 -9999 -9999 -9999 -9999 -9999 -9999 -9999 -9999 -9999 -9999 -9999 -9999 5.14647 7.35960 -9999 -9999 -9999 -9999 16.44740 23.92430 28.36480 24.00820 20.10370 19.19210 21.98140 23.03140 27.01510 28.04490
0.02447 0.03258 0.02899 0.01856 0.02334 0.02924 0.34174 0.60664 0.81618 1.12984 1.30618 3.88763 4.94481 3.93518 9.78986 8.01589 13.70920 13.64520 10.50790 11.34070 11.72320 11.60300 11.38460 7.61602 7.07827 5.99707 3.33849 2.15300 2.67533 2.06468 2.29005 1.99083 1.29825 2.92413 2.14727 1.05687 2.49804 2.85511 1.57957 0.92775 1.31740 1.30245 0.06962 0.39957 2.24627 0.92917 4.41706 6.36536 5.86648 7.74839 10.71720 10.95430 11.25830 11.79450 6.10488 5.78494 5.80522 6.75329 7.45506 -9999 -9999 -9999 -9999 -9999 20.15500 23.62680 23.96900 26.80120 29.11180 28.78880 34.69800 35.32270 35.65130
0.00736 0.20711 0.29015 0.01056 0.00000 0.00000 0.01693 0.00551 0.06517 0.43861 0.47349 1.10304 4.55803 5.14536 6.67283 10.89420 10.82100 7.04989 8.89577 9.89042 10.11150 10.22370 11.80000 10.99620 8.50038 8.27792 6.36286 8.89396 7.41820 6.76684 8.96269 6.61730 7.23241 9.20750 6.68686 8.34623 4.96955 6.12133 7.12921 7.34793 7.96144 6.58450 4.24379 4.31498 8.77550 7.10194 6.93090 9.34038 6.25545 8.65694 9.33753 13.59400 20.10390 14.09280 14.89040 15.79620 15.63880 12.93330 20.49960 22.57500 17.23940 14.30780 14.33710 15.81710 16.98690 18.33390 14.67060 20.23810 32.07460 33.55960 40.73220 46.00980 49.96110
0.00346 0.82764 1.59460 0.41439 0.00820 0.19251 0.00558 0.00477 0.01967 0.20420 0.10837 1.55415 3.17238 6.45181 5.31467 5.38135 9.89123 11.12950 9.38323 5.71912 6.16304 5.53258 9.35855 6.81845 7.13481 6.04799 8.61648 10.07630 10.61040 10.83850 9.91186 6.74632 6.23406 7.42545 6.25559 5.96426 4.97610 7.61212 6.83387 5.28726 4.79338 9.30787 8.98380 6.36306 5.93262 4.14665 6.46957 5.78646 7.93561 5.25424 9.02334 8.00177 12.93280 19.17020 17.25510 16.12370 18.00000 19.94220 24.54040 32.07220 26.16440 19.94070 15.16940 15.09570 14.94830 14.86570 11.25820 21.54490 37.57350 39.56780 47.58700 50.84930 56.08270
3.46185 0.00228 0.30603 0.06879 0.03555 0.29396 0.09410 0.07132 0.01839 0.01901 0.03917 1.34705 1.31285 2.66984 2.89634 3.15723 4.70800 11.38780 6.69302 4.64766 3.61071 3.39343 3.16410 3.65486 3.62617 5.01357 5.83763 5.46504 6.01393 6.04369 7.84889 7.83300 6.87612 6.39639 4.33489 2.54691 3.68325 4.65447 2.38250 2.18451 3.01768 5.82695 8.95026 6.37216 6.04114 4.68459 3.16869 4.21072 4.78305 5.63470 9.38004 9.44496 11.63720 11.15320 9.77303 17.80150 22.47780 25.83370 26.19780 30.07780 36.38760 32.01700 32.34690 29.70070 28.16570 27.97460 30.64910 35.89300 39.62690 42.56690 45.04140 51.73030 55.80210
4.24241 4.20622 1.05382 0.04069 0.02207 0.58998 0.24511 0.13617 0.88519 0.94876 0.41838 0.11688 0.26725 0.35058 0.50906 1.58557 3.66596 4.38820 5.66974 3.32356 2.80294 2.06787 1.99263 1.79237 3.05883 1.81878 6.17896 4.75092 4.75401 6.47100 7.60982 5.87966 2.27366 2.91516 1.51919 1.48430 1.36756 1.84758 1.54750 1.38299 1.40005 1.87050 4.14660 5.21760 5.22463 8.78531 5.55982 6.45097 9.12925 8.03319 9.27089 9.01019 13.24100 17.47950 18.57380 27.04290 23.45460 20.34840 21.02250 22.48950 26.17980 34.87300 41.36670 37.64170 42.61730 36.90030 33.92960 36.18430 37.67020 29.47720 34.81190 47.13240 55.60170
6.02757 9.30551 14.08560 2.09104 0.17217 0.05300 0.12501 0.13116 0.21647 2.07355 7.35505 13.32040 5.72796 2.60461 0.31131 0.26032 0.62604 0.96690 2.64977 2.76346 3.02163 1.31488 0.60253 1.23847 1.35722 0.53445 2.52626 3.18711 3.43114 2.63016 3.90859 3.68023 1.34821 1.85201 1.46251 2.32994 1.00650 0.71649 2.45600 3.14479 2.35311 2.43666 3.89270 5.04865 7.33241 6.73162 4.12605 6.38089 4.94415 4.94971 7.34173 7.93348 11.54740 15.76430 23.42920 29.53660 26.47270 35.91120 36.23270 34.58300 32.25750 32.10370 30.97550 31.87510 37.27680 40.75810 36.43920 36.95360 33.96150 29.79260 32.28750 43.20080 53.85460
12.19690 12.60390 13.57070 10.21220 7.35438 4.76564 1.12865 0.47874 0.02196 0.44849 2.33116 5.57935 8.59560 9.14499 9.09584 7.33576 1.74619 1.91264 1.52103 2.51452 2.11002 1.69327 1.75962 1.24980 0.00169 0.00167 2.66315 2.61011 1.37450 4.49737 6.78758 6.59149 2.93284 3.01662 1.98440 2.33980 1.14833 1.20186 2.75525 3.62210 1.70108 2.97147 3.15024 4.16655 5.09966 4.59298 4.50991 6.20823 10.52450 10.65820 16.15040 18.99840 23.67790 25.36590 34.90700 28.49720 29.77540 38.01970 34.34510 36.22060 36.10970 27.94060 30.76870 32.13830 40.74850 37.19000 32.11900 32.01970 25.55940 23.56820 31.41060 49.98890 51.21080
5.45173 3.78580 5.02718 7.36910 5.35401 2.70787 2.11775 1.37766 0.86930 2.52854 0.91646 0.45828 0.44524 1.09525 4.18817 10.90610 13.02870 11.27920 5.98049 4.75104 3.50875 3.27303 0.83376 0.51912 0.00000 0.37918 3.21848 2.67280 2.48949 2.54961 2.79780 1.46075 1.41097 0.01241 0.82170 1.52335 3.14931 2.43077 2.04324 1.74828 2.32979 3.15933 4.11537 6.65165 10.75040 8.22303 13.29490 21.90260 27.56740 26.73570 32.13400 41.51250 42.09500 48.65200 35.44630 41.82570 36.09090 32.17750 32.78510 30.90440 29.57840 29.31780 31.06340 25.71170 18.39320 16.36860 28.28870 36.11350 27.94290 24.64050 35.92580 49.10200 41.27840
0.96595 0.82550 2.56602 5.49282 3.65861 5.32978 3.00802 2.35361 0.95320 4.87610 2.80703 1.19030 8.47941 7.74510 16.12410 0.88489 7.07658 16.14890 16.36610 13.88290 11.28930 0.57314 0.00000 0.21419 0.46447 1.51635 2.62304 2.05019 2.37601 2.34711 0.70993 0.45360 0.00000 0.00000 0.85820 1.06405 2.28476 2.19464 5.63648 4.60893 2.75113 4.58091 2.36630 2.56865 5.41118 7.60085 16.50230 22.36650 29.54460 28.31550 29.30960 33.89420 46.84390 50.25610 42.33660 44.83450 36.29330 35.07080 24.99230 28.03640 28.47080 35.12460 19.37840 28.01930 27.47220 19.37000 20.06100 29.94580 23.56110 24.72490 27.73090 28.58010 34.94120
0.95735 0.64324 1.96036 1.82922 1.98859 3.07268 0.89165 1.36047 3.27085 1.74669 1.70809 0.98143 5.30412 8.36581 8.06945 12.46550 7.87376 4.02392 8.24268 10.96900 8.48871 6.32387 0.44547 0.38675 0.52371 0.42942 2.04261 1.12587 2.72484 2.43131 1.22975 0.96094 1.42191 1.28113 1.43149 1.31294 1.98580 2.86931 10.05670 10.81610 9.04192 8.01305 2.84505 2.71019 5.04195 8.33658 17.92760 27.45410 35.15340 29.74820 31.06790 43.14160 38.36520 38.16010 37.08700 34.12680 47.59010 41.29230 35.43880 30.85520 29.75720 22.72050 14.96980 27.23610 17.94720 16.92990 25.95340 23.66660 24.41290 30.87230 36.70050 36.48520 39.93050
3.52758 3.37696 2.54136 1.66125 1.51707 1.89540 0.95356 0.59015 1.19134 4.73786 3.20017 0.87789 0.39529 3.33676 4.76938 5.82381 16.74600 13.23490 8.65422 3.28599 2.08426 3.08894 2.74526 1.74045 0.00000 0.00000 1.31656 2.37616 1.18492 1.54628 0.09740 0.00000 0.66456 1.76011 2.02610 5.80991 3.40273 5.96832 20.98060 14.11210 11.77550 18.21450 12.99550 7.34059 6.82817 9.91601 13.65640 19.66530 29.57560 21.84490 20.54330 20.30970 17.08370 23.10870 25.44070 33.73230 33.61800 41.37190 28.91780 31.07050 27.17620 24.76100 17.80830 16.49390 13.21050 14.76560 19.85980 28.14480 34.60720 30.36030 33.75560 48.50250 49.64730
11.75810 12.14620 4.98364 3.27833 1.76799 1.18384 0.27348 0.04489 0.05805 0.48855 2.45548 0.72215 0.51320 0.50354 3.25967 7.66279 11.73750 12.61630 7.95785 7.57721 5.66819 3.77632 3.87200 3.28390 2.56643 0.54347 0.01068 0.49730 0.49257 0.09639 0.14774 2.10849 2.94214 1.38689 3.88454 8.27645 5.49701 4.34588 9.53934 13.01880 14.43050 10.06670 11.32690 10.22950 9.70230 12.37000 14.27990 19.72730 22.20040 26.91360 26.34290 30.74850 35.44690 37.09650 33.81460 22.69330 22.79200 19.06250 16.04560 20.96430 22.74390 20.00700 23.22400 21.15210 20.94240 22.07330 36.14990 44.00520 50.62560 49.02390 44.43460 52.32500 47.74960
12.81560 8.82488 12.23950 4.17595 2.97158 0.84021 0.32280 0.08765 0.02915 0.11755 0.29671 3.53379 2.71382 2.46330 4.69823 2.83474 5.76527 4.69119 13.07710 7.02141 3.94364 3.30667 2.85951 3.79675 7.90702 2.65271 0.07872 0.34638 3.08622 2.39185 0.93178 2.97866 4.10341 1.92698 4.88568 7.23565 8.24365 8.28945 10.77850 13.06930 12.01620 14.09880 10.99850 13.13670 7.25809 11.88000 18.01510 19.73050 21.68830 26.19960 24.90980 21.12150 30.21900 25.40090 26.13920 20.64840 18.54220 18.88580 18.15410 21.74910 22.39230 23.85880 42.59250 39.56210 40.63760 39.06240 41.95350 34.14610 43.96380 49.56950 49.66750 59.79860 73.90480
15.41210 12.38440 10.32670 15.93690 8.97760 5.47430 3.59440 2.30476 0.16782 1.19894 0.48333 1.43862 8.93483 4.51360 3.04659 2.55616 3.79195 3.54078 4.19185 8.55428 8.27946 4.86045 3.23595 1.57212 2.73039 1.64204 0.01241 0.86462 2.54493 3.26896 4.59719 4.36568 5.69130 6.52007 5.82670 10.59600 19.75210 27.94000 20.43370 20.27820 20.60870 11.94460 12.07400 8.93513 2.42072 1.48692 1.89126 1.78885 3.42140 4.80595 7.56532 12.57840 25.45940 28.89270 26.16750 18.70200 19.08470 17.73520 26.14800 27.82320 40.78470 57.34790 65.73320 60.96850 62.22560 63.89460 58.52990 54.93330 58.61910 60.45850 66.59600 68.31620 65.48610
14.05130 13.08080 16.81710 13.55570 24.12020 14.08480 9.69382 13.50030 8.72457 4.53212 4.67397 10.70410 8.37278 4.83830 7.19470 4.94020 2.53976 3.13905 5.97393 9.69797 16.69650 7.00057 3.85605 2.46963 5.91398 2.90880 0.21630 2.68042 3.03622 1.90254 6.61184 6.36269 8.93174 7.47395 9.74740 10.47500 20.29220 23.51310 18.94460 9.80031 12.99310 6.43488 2.83990 2.10124 1.30216 1.71714 7.15487 4.71157 -9999 -9999 5.97175 8.01238 7.65671 17.76350 21.45500 18.84530 19.03550 26.30440 35.52070 56.80750 70.32850 76.96190 72.69390 79.76020 79.55550 86.12660 72.73750 62.52780 68.17210 55.95300 67.69790 61.02640 50.30110
8.02618 12.02850 18.04780 15.67400 17.31920 15.09030 19.09940 15.70120 16.44510 18.95120 17.71580 19.21530 10.94380 6.81072 9.02194 5.60079 1.92155 4.88191 8.51525 7.21419 9.54562 12.02980 19.75300 11.02310 8.74509 3.35554 2.02338 4.10948 5.14193 2.60445 5.56740 8.37489 15.54880 17.31690 25.53640 12.48160 6.15470 -9999 -9999 -9999 -9999 0.87123 -9999 7.58685 13.77070 8.35293 8.83429 0.76845 -9999 -9999 12.15580 12.81020 13.72310 15.36600 10.52520 17.92780 29.65570 43.16530 41.59840 51.23520 59.54200 64.25450 61.62790 88.00530 88.47900 87.04690 68.94380 63.69070 61.23590 43.30880 -9999 -9999 -9999
8.80617 13.34400 15.29090 8.60493 21.17860 15.99110 8.95386 11.73400 9.94302 12.68620 14.23370 18.12540 13.67460 3.89443 6.78255 10.59100 10.08880 7.75652 15.68500 8.59178 11.94630 10.82630 15.18450 10.90820 8.21681 8.68520 4.96486 4.86419 7.16164 8.53192 12.85000 11.44650 24.65470 15.77550 12.60530 -9999 -9999 -9999 -9999 -9999 -9999 -9999 4.14818 5.90814 5.27605 -9999 -9999 -9999 -9999 -9999 4.01562 7.55720 28.28700 22.90230 32.69530 27.28780 27.63690 45.21860 26.19330 31.50900 45.00940 57.11270 49.80370 48.04890 64.81860 86.58900 71.53660 44.68730 -9999 -9999 -9999 -9999 -9999
