data/hydroclimate-scenarios/BCSD_hadcm_B1/monthly_summaries/snodep_monthly_day1_apr.2070-2099.asc
ncols	311
nrows	91
xllcenter	102.75
yllcenter	31.75
cellsize	0.5
NODATA_value	-9999
[rows 0 to 31 of 91, columns 0 to 71 of 311]
-9999 -9999 -9999 -9999 -9999 -9999 -9999 -9999 -9999 -9999 -9999 -9999 -9999 -9999 -9999 -9999 -9999 -9999 -9999 -9999 -9999 -9999 -9999 -9999 -9999 -9999 -9999 -9999 -9999 -9999 -9999 -9999 -9999 -9999 -9999 -9999 -9999 -9999 -9999 -9999 -9999 -9999 -9999 -9999 -9999 -9999 -9999 -9999 -9999 -9999 -9999 -9999 -9999 -9999 -9999 -9999 -9999 -9999 -9999 -9999 -9999 -9999 -9999 -9999 -9999 -9999 -9999 -9999 -9999 -9999 -9999 -9999
-9999 -9999 -9999 -9999 -9999 -9999 -9999 -9999 -9999 -9999 -9999 -9999 -9999 -9999 -9999 -9999 -9999 -9999 -9999 -9999 -9999 -9999 -9999 -9999 -9999 -9999 -9999 -9999 -9999 -9999 -9999 -9999 -9999 -9999 -9999 -9999 -9999 -9999 -9999 -9999 -9999 -9999 -9999 -9999 -9999 -9999 -9999 -9999 -9999 -9999 -9999 -9999 -9999 -9999 -9999 -9999 -9999 -9999 -9999 -9999 -9999 -9999 -9999 -9999 -9999 -9999 -9999 -9999 -9999 -9999 -9999 -9999
-9999 -9999 -9999 -9999 -9999 -9999 -9999 -9999 -9999 -9999 -9999 -9999 -9999 -9999 -9999 -9999 -9999 -9999 -9999 -9999 -9999 -9999 -9999 -9999 -9999 -9999 -9999 -9999 -9999 -9999 -9999 -9999 -9999 -9999 -9999 -9999 -9999 -9999 -9999 -9999 -9999 -9999 -9999 -9999 -9999 -9999 -9999 -9999 -9999 -9999 -9999 -9999 -9999 -9999 -9999 -9999 -9999 -9999 -9999 -9999 -9999 -9999 -9999 -9999 -9999 -9999 -9999 -9999 -9999 -9999 -9999 -9999
-9999 -9999 -9999 -9999 -9999 -9999 -9999 -9999 -9999 -9999 -9999 -9999 -9999 -9999 -9999 -9999 -9999 -9999 -9999 -9999 -9999 -9999 -9999 -9999 -9999 -9999 -9999 -9999 -9999 -9999 -9999 -9999 -9999 -9999 -9999 -9999 -9999 -9999 -9999 -9999 -9999 -9999 -9999 -9999 -9999 -9999 -9999 -9999 -9999 -9999 -9999 -9999 -9999 -9999 -9999 -9999 -9999 -9999 -9999 -9999 -9999 -9999 -9999 -9999 -9999 -9999 -9999 -9999 -9999 -9999 -9999 -9999
-9999 -9999 -9999 -9999 -9999 -9999 -9999 -9999 -9999 -9999 -9999 -9999 -9999 -9999 -9999 -9999 -9999 -9999 -9999 -9999 -9999 -9999 -9999 -9999 -9999 -9999 -9999 -9999 -9999 -9999 -9999 -9999 -9999 -9999 -9999 -9999 -9999 -9999 -9999 -9999 -9999 -9999 -9999 -9999 -9999 -9999 -9999 -9999 -9999 -9999 -9999 -9999 -9999 -9999 -9999 -9999 -9999 -9999 -9999 -9999 -9999 -9999 -9999 -9999 -9999 -9999 -9999 -9999 -9999 -9999 -9999 -9999
-9999 -9999 -9999 -9999 -9999 -9999 -9999 -9999 -9999 -9999 -9999 -9999 -9999 -9999 -9999 -9999 -9999 -9999 -9999 -9999 -9999 -9999 -9999 -9999 -9999 -9999 -9999 -9999 -9999 -9999 -9999 -9999 -9999 -9999 -9999 -9999 -9999 -9999 -9999 -9999 -9999 -9999 -9999 -9999 -9999 -9999 -9999 -9999 -9999 -9999 -9999 -9999 -9999 -9999 -9999 -9999 -9999 -9999 -9999 -9999 -9999 -9999 -9999 -9999 -9999 -9999 -9999 -9999 -9999 -9999 -9999 -9999
-9999 -9999 -9999 -9999 -9999 -9999 -9999 -9999 -9999 -9999 -9999 -9999 -9999 -9999 -9999 -9999 -9999 -9999 -9999 -9999 -9999 -9999 -9999 -9999 -9999 -9999 -9999 -9999 -9999 -9999 -9999 -9999 -9999 -9999 -9999 -9999 -9999 -9999 -9999 -9999 -9999 -9999 -9999 -9999 -9999 -9999 -9999 -9999 -9999 -9999 -9999 -9999 -9999 -9999 -9999 -9999 -9999 -9999 -9999 -9999 -9999 -9999 -9999 -9999 -9999 -9999 -9999 -9999 -9999 -9999 -9999 -9999
-9999 -9999 -9999 -9999 -9999 -9999 -9999 -9999 -9999 -9999 -9999 -9999 -9999 -9999 -9999 -9999 -9999 -9999 -9999 -9999 -9999 -9999 -9999 -9999 -9999 -9999 -9999 -9999 -9999 -9999 -9999 -9999 -9999 -9999 -9999 -9999 -9999 -9999 -9999 -9999 -9999 -9999 70.38440 71.57670 72.96750 72.16680 70.84290 71.52320 69.98100 71.27490 69.56470 71.16990 -9999 -9999 -9999 -9999 -9999 -9999 -9999 -9999 -9999 -9999 -9999 -9999 -9999 -9999 -9999 -9999 -9999 -9999 -9999 -9999
-9999 -9999 -9999 -9999 -9999 -9999 -9999 -9999 -9999 -9999 -9999 -9999 -9999 -9999 -9999 -9999 -9999 -9999 -9999 -9999 -9999 -9999 -9999 -9999 -9999 -9999 -9999 -9999 -9999 -9999 -9999 -9999 -9999 -9999 -9999 -9999 -9999 -9999 67.75130 72.20450 71.39940 73.44890 74.05170 75.13300 75.59890 74.77710 75.37940 75.34440 75.62090 74.70760 72.51310 70.60890 66.90380 41.03090 -9999 -9999 -9999 -9999 -9999 -9999 -9999 -9999 -9999 -9999 -9999 -9999 -9999 -9999 -9999 -9999 -9999 -9999
-9999 -9999 -9999 -9999 -9999 -9999 -9999 -9999 -9999 -9999 -9999 -9999 -9999 -9999 -9999 -9999 -9999 -9999 -9999 -9999 -9999 -9999 -9999 -9999 -9999 -9999 -9999 -9999 -9999 -9999 -9999 -9999 -9999 -9999 -9999 -9999 -9999 -9999 -9999 -9999 68.55500 72.46670 73.61540 74.79470 77.39300 77.09940 78.00490 77.95370 77.54100 79.17050 77.04400 72.94250 70.28110 43.07150 -9999 -9999 -9999 -9999 -9999 -9999 -9999 -9999 -9999 -9999 -9999 -9999 -9999 -9999 -9999 -9999 -9999 -9999
-9999 -9999 -9999 -9999 -9999 -9999 -9999 -9999 -9999 -9999 -9999 -9999 -9999 -9999 -9999 -9999 -9999 -9999 -9999 -9999 -9999 -9999 -9999 -9999 -9999 -9999 -9999 -9999 -9999 -9999 -9999 -9999 -9999 -9999 -9999 -9999 -9999 -9999 -9999 -9999 -9999 -9999 -9999 -9999 79.12840 80.56470 81.99760 84.76280 85.12990 84.20200 83.77090 79.67790 76.73960 47.00090 -9999 -9999 -9999 -9999 -9999 -9999 50.11920 -9999 -9999 -9999 -9999 -9999 -9999 -9999 -9999 -9999 -9999 -9999
-9999 -9999 -9999 -9999 -9999 -9999 -9999 -9999 -9999 -9999 -9999 -9999 -9999 -9999 -9999 -9999 -9999 -9999 -9999 -9999 -9999 -9999 -9999 -9999 -9999 -9999 -9999 -9999 -9999 -9999 -9999 -9999 -9999 -9999 -9999 -9999 -9999 -9999 -9999 -9999 -9999 76.89760 78.04940 78.13140 79.44440 79.53860 81.57330 84.38030 84.71970 84.32150 82.68490 79.60600 74.26750 68.56040 -9999 -9999 -9999 -9999 -9999 49.49560 48.29140 47.60300 46.32070 44.25700 44.05720 41.16870 40.53500 40.36180 38.63250 38.55450 38.75950 37.45690
-9999 -9999 -9999 -9999 -9999 -9999 -9999 -9999 -9999 -9999 -9999 -9999 -9999 -9999 -9999 -9999 -9999 -9999 -9999 -9999 -9999 -9999 -9999 -9999 -9999 -9999 -9999 -9999 -9999 -9999 -9999 -9999 -9999 -9999 -9999 -9999 -9999 -9999 -9999 -9999 -9999 77.90030 80.77080 78.79470 78.96840 78.34020 79.18730 79.97920 80.44730 82.30300 79.11370 73.02520 69.39830 64.72700 62.12210 57.94640 53.96040 -9999 49.05000 51.26340 49.35640 47.28150 46.33490 44.48790 44.31430 41.95370 41.44350 39.65880 39.09150 38.75340 38.53320 38.22640
-9999 -9999 -9999 -9999 -9999 -9999 -9999 -9999 -9999 -9999 -9999 -9999 -9999 -9999 -9999 -9999 -9999 -9999 -9999 -9999 -9999 -9999 -9999 -9999 -9999 -9999 -9999 -9999 -9999 -9999 -9999 -9999 -9999 -9999 -9999 62.54470 64.23360 68.50250 70.35060 72.67460 73.30190 76.94280 79.49930 77.59870 79.25780 79.27750 79.54750 80.85060 81.06400 82.03370 80.53140 74.18630 71.22630 65.72050 62.73130 59.02070 54.57080 49.87070 47.03450 49.05160 47.95650 45.99360 45.15460 42.93780 42.55030 41.32490 40.57020 38.44650 38.47920 37.89730 37.93170 37.64710
-9999 -9999 -9999 -9999 -9999 -9999 -9999 -9999 -9999 -9999 -9999 -9999 -9999 -9999 -9999 -9999 -9999 -9999 -9999 -9999 -9999 -9999 -9999 -9999 -9999 -9999 -9999 -9999 -9999 -9999 -9999 -9999 -9999 -9999 61.29150 64.22840 66.83030 66.79400 68.68490 70.37080 72.78430 72.31170 74.78330 77.63220 77.07860 78.05090 77.95380 79.94350 80.98280 80.35220 79.22550 75.56340 73.15090 67.30010 64.24370 60.85970 53.88890 50.58590 48.40050 46.62030 44.11950 43.93060 44.18930 42.50490 42.07730 39.88360 39.51190 38.57400 38.21540 37.00720 36.95800 37.54440
-9999 -9999 -9999 -9999 -9999 -9999 -9999 -9999 -9999 -9999 -9999 -9999 -9999 -9999 -9999 -9999 -9999 -9999 -9999 -9999 -9999 -9999 -9999 -9999 -9999 -9999 -9999 -9999 -9999 -9999 -9999 -9999 -9999 59.83920 61.94510 63.13990 64.17500 65.74650 66.60990 69.05160 71.14230 71.37440 72.64110 75.29780 76.93120 75.73530 76.89650 77.77590 78.18410 78.93210 76.06980 71.67300 66.02810 62.23540 57.88290 55.11100 51.69670 48.62450 46.15870 44.49040 42.80660 41.19850 40.88870 40.08190 39.88900 37.85830 37.91080 36.98000 37.04270 36.04230 34.53600 35.36080
-9999 -9999 -9999 -9999 -9999 -9999 -9999 -9999 -9999 -9999 -9999 -9999 -9999 -9999 -9999 -9999 -9999 -9999 -9999 -9999 -9999 -9999 -9999 -9999 -9999 -9999 -9999 -9999 -9999 -9999 -9999 57.99450 59.33600 59.88920 61.09860 60.81330 62.43580 63.25180 66.49420 68.51690 69.46630 72.00180 72.93360 72.10870 73.30730 75.14010 75.22170 73.45290 73.25780 70.93060 69.25010 66.65380 61.53110 62.06760 58.60350 53.92710 49.42800 45.53900 43.77550 42.23560 40.91840 40.30010 40.38670 37.54730 37.21390 36.55800 37.36730 36.69790 37.15110 35.38920 35.74550 34.41400
-9999 -9999 -9999 -9999 -9999 -9999 -9999 -9999 -9999 -9999 -9999 -9999 -9999 -9999 -9999 -9999 -9999 -9999 -9999 -9999 -9999 -9999 -9999 -9999 -9999 -9999 -9999 -9999 -9999 52.26680 53.54280 57.39020 58.78220 59.16050 59.87260 60.09990 61.32170 63.08510 64.41040 65.73200 68.82370 70.12260 71.48580 70.43550 70.49380 70.62170 69.92010 70.81460 71.27690 69.01010 66.33970 65.05120 59.56630 57.99090 54.02280 51.33600 47.33020 43.27410 41.21930 40.23460 38.71150 38.42160 36.73140 35.24860 34.70680 35.07040 34.97640 35.50570 35.37490 35.32240 35.26490 33.75300
-9999 -9999 -9999 -9999 -9999 -9999 -9999 -9999 -9999 -9999 -9999 -9999 -9999 -9999 -9999 -9999 -9999 -9999 -9999 -9999 -9999 -9999 -9999 -9999 50.64690 50.66480 50.17300 50.93560 51.77640 52.17900 53.47340 52.68430 53.10190 53.23920 55.20670 58.16270 59.25030 61.32580 62.50970 62.43670 62.81360 66.00990 68.33050 68.52970 68.55160 69.83530 68.91110 67.15250 67.24310 66.29570 65.28660 62.54530 58.97350 55.30430 50.65770 46.99980 43.87240 42.26530 40.64260 37.82610 36.93790 34.78410 33.37760 34.31370 34.11930 34.89890 34.80690 33.31630 35.95520 34.25740 34.60040 34.36900
-9999 -9999 -9999 -9999 -9999 -9999 56.01280 56.34170 56.37730 56.52770 57.11530 -9999 -9999 -9999 -9999 -9999 -9999 -9999 -9999 -9999 -9999 50.46150 49.56990 49.24060 48.73320 49.16540 48.80630 51.48930 51.12660 51.66130 52.07070 51.57710 52.55890 52.52650 53.65370 57.53180 58.78520 60.18960 61.42670 61.71200 61.83570 62.16400 63.66960 65.90870 66.56460 67.78350 67.03920 64.22250 65.29150 64.64560 62.27980 59.49050 57.27820 53.03850 49.24690 44.94460 43.33000 41.10330 38.18310 36.84280 36.32150 34.14710 33.08590 34.18520 34.50630 34.87850 33.91790 34.47130 35.75860 34.05530 34.51820 35.05580
-9999 -9999 -9999 -9999 -9999 56.03090 55.23630 55.97090 56.45600 56.28180 57.14480 56.48880 55.82770 56.05760 -9999 -9999 -9999 51.34220 51.07780 51.02760 50.17320 50.11410 47.51500 47.08960 47.69730 45.88040 47.29650 48.23640 49.90230 48.87710 48.87920 49.31190 50.50490 51.59400 53.37960 55.10650 55.24340 57.41990 60.05560 61.73620 62.15340 62.82810 62.72650 62.44980 64.23750 63.17880 63.85730 64.53420 63.39600 61.12960 60.05560 57.11110 54.90010 50.37700 47.81460 44.98950 41.93060 40.31020 39.03650 35.30630 33.78730 34.06630 34.23330 34.75640 34.65820 34.28980 35.71240 35.34140 34.69360 36.33960 35.97760 35.23950
-9999 53.53230 53.58830 55.38860 56.67870 55.26360 55.79950 56.04170 56.87030 56.78680 56.90580 57.14030 57.73900 56.44200 55.17940 53.86050 52.69560 51.14730 51.04890 50.39050 49.65460 48.22420 46.78790 45.88790 45.32330 45.37830 44.97180 46.35900 47.03570 46.95280 46.54140 46.73270 47.96840 49.16400 50.84420 53.01880 54.40180 55.75440 57.61200 59.64110 60.24740 60.82740 60.48190 60.76470 60.58550 59.66730 61.67970 62.31910 60.93310 59.16510 55.55340 54.71200 51.62700 48.81100 45.94800 43.21070 40.76870 38.66490 37.81790 36.01370 34.23170 34.53340 34.04370 34.99860 34.61380 34.74840 34.94640 34.70620 34.82730 35.29670 36.64650 35.29570
-9999 55.54990 54.30810 54.64990 54.04330 53.12240 54.37770 53.21990 53.13540 54.24490 55.51180 57.12150 58.18130 57.08210 55.64160 54.43820 51.66310 53.50750 52.08120 48.80300 49.42860 48.98820 47.77460 45.84360 45.04180 46.16600 46.35660 46.47000 46.15790 46.55810 46.97670 46.62730 46.59410 47.85090 48.22990 49.32960 50.76750 52.10970 54.70480 56.88480 57.70600 56.39570 56.62800 55.24150 55.29150 55.93760 56.32260 55.71170 56.06160 56.41130 53.70660 52.03300 48.84000 48.84670 44.68560 41.66660 38.18390 38.87840 38.22760 37.66640 37.34070 36.57260 37.06590 35.35060 35.73210 34.55940 34.82790 33.70240 34.16850 35.01190 35.90820 36.49980
-9999 -9999 -9999 56.21330 55.43210 54.30190 54.38130 52.63200 53.16700 53.31810 53.89340 53.92050 54.33050 54.38600 54.93630 52.90870 52.09840 51.65860 52.27440 50.69870 48.75640 48.99790 48.13600 47.06690 45.80130 45.65020 44.71220 45.61140 45.30730 45.66190 45.55950 45.76860 45.69370 46.29770 46.83710 46.90420 47.84070 49.94690 50.39030 53.52190 54.56730 54.61760 53.79910 52.40450 52.92130 53.83930 53.82320 53.32870 52.66540 54.36040 53.07240 50.94340 48.47170 46.50350 43.42220 40.18260 37.83970 38.40890 38.63050 37.31450 37.06720 37.83200 38.12950 36.17910 35.69470 34.90960 35.56060 34.07870 35.42330 35.83290 36.25650 37.08900
-9999 -9999 -9999 -9999 -9999 -9999 53.20650 53.53540 53.64400 52.84790 52.47680 52.64050 52.69470 52.38600 52.99750 51.47890 51.82840 51.45350 51.36510 52.07830 50.64380 49.06060 48.35250 47.23110 46.71520 46.32810 45.17510 44.39500 43.33320 44.16540 44.04590 43.86050 44.55350 46.42130 46.54960 46.76570 47.05030 47.56970 47.80360 49.56220 50.87420 49.67360 50.99810 51.12850 51.25090 51.86850 52.43340 53.10360 53.99780 54.70570 53.65660 51.14400 48.77070 44.05530 41.99790 41.02770 38.77550 40.55470 39.51920 39.67670 39.51800 39.29390 37.24700 33.87160 35.87970 35.28210 34.92030 36.36940 35.94210 37.60270 39.15360 37.77420
-9999 -9999 -9999 -9999 -9999 -9999 53.78500 54.15180 54.61350 53.23590 52.84310 52.59440 52.12160 51.50280 51.70950 51.74400 51.95400 52.54130 52.64900 53.16300 53.07030 52.32490 51.01600 49.70570 48.16930 47.11110 45.24270 43.45810 43.24210 44.25360 44.73860 44.64820 44.87830 45.57260 46.06120 45.73970 46.26450 45.61760 47.57590 48.24620 47.74450 47.44050 49.16020 48.74220 49.80470 51.05300 51.77920 51.25330 52.07320 52.83300 53.06810 49.97000 47.22560 43.38530 41.89750 40.19460 38.18890 40.86830 39.30180 40.28090 38.73490 39.60440 39.29980 37.23990 35.37520 35.77820 36.21220 36.38230 36.58510 38.71010 39.69740 38.94200
-9999 -9999 -9999 -9999 -9999 -9999 -9999 -9999 -9999 -9999 51.66620 53.04030 52.39340 50.76980 52.51740 52.79920 53.01130 52.77950 52.99740 54.67930 54.75300 54.88780 52.95560 52.03430 50.30150 49.75560 48.79370 46.69280 44.05830 44.37790 44.41840 45.21020 45.26570 45.62350 46.02200 46.12430 46.26070 44.71670 44.53270 46.52480 46.72610 46.35300 46.65590 46.54700 47.90580 49.74250 49.80860 51.11770 51.77080 50.77630 49.18970 45.48790 42.41600 39.57330 38.05950 37.43170 38.75100 37.84410 37.95580 35.95110 36.37510 36.90810 36.79500 36.25750 36.07650 35.29890 34.50210 35.50710 37.36500 37.98100 39.07470 40.73610
-9999 -9999 -9999 -9999 -9999 -9999 -9999 -9999 -9999 -9999 49.75840 51.32070 50.83470 51.07540 51.64780 52.98690 54.40750 55.38170 56.82790 58.36040 57.33300 56.17030 54.50110 54.27780 51.99410 50.48900 48.33430 46.70630 46.17410 44.14390 44.01920 45.06230 45.26290 46.07750 46.43400 46.86400 46.54050 45.76320 45.97510 47.31670 48.24760 47.93200 47.85040 46.55930 47.53640 47.64330 47.65550 48.04880 47.69060 46.69280 43.88690 42.85950 40.00800 38.94980 38.09410 37.76060 37.21430 37.62010 36.05570 36.89810 36.64170 36.75270 35.66290 36.32610 36.15480 35.77060 35.65400 35.61330 35.82750 38.39810 39.36750 39.88740
-9999 -9999 -9999 -9999 -9999 -9999 -9999 -9999 -9999 -9999 -9999 -9999 49.50760 52.62720 54.66110 57.07690 57.43650 57.95030 59.61950 59.41470 59.08540 58.19350 56.64690 55.69800 52.79450 50.41350 48.05370 45.83900 44.15000 42.78500 42.35440 43.67070 44.67650 45.22250 46.42530 47.19250 46.95090 46.13790 47.14780 45.70480 45.09260 46.53300 46.59390 45.43130 45.97250 47.31110 47.19340 47.63020 45.77450 44.99700 44.44130 41.54900 41.58940 39.49500 39.15440 37.53850 38.20190 35.73820 36.55260 37.37980 36.94250 37.44940 37.44970 36.59480 36.23730 34.75670 35.02520 36.43430 37.13440 39.31860 40.46710 41.46370
-9999 -9999 -9999 -9999 -9999 -9999 -9999 -9999 -9999 -9999 -9999 -9999 49.38130 50.82050 54.31180 55.55330 57.97520 58.59460 60.74780 61.92040 59.80300 59.68430 57.35650 56.02130 54.02130 51.32350 47.70800 45.32550 43.91020 41.33040 40.90550 42.92340 43.19960 44.65670 45.54190 46.34060 46.96740 47.85420 47.41570 46.19640 45.25610 45.36520 45.84740 45.59770 45.64410 46.06980 45.90900 46.67750 46.26240 43.81430 43.74970 41.93520 40.71320 39.16290 38.89130 39.07760 38.02770 36.80410 36.82110 38.37770 38.61310 39.11290 37.89010 38.34140 37.61530 37.51470 37.58250 38.59550 39.40060 40.74790 41.89470 42.23310
-9999 -9999 -9999 -9999 -9999 -9999 -9999 -9999 -9999 -9999 -9999 47.16440 51.01390 49.74320 51.77030 55.07970 58.99290 59.24830 61.61020 64.47920 60.27750 61.76130 58.40190 57.32990 55.20010 53.12140 50.09430 44.77630 43.24810 41.83770 40.59240 41.69540 41.76650 42.62470 43.34190 43.93880 45.13750 45.41320 46.48510 48.07230 47.60830 48.11750 47.38640 46.67060 46.28460 46.70470 46.61630 46.63290 45.47620 44.67790 44.11790 41.92530 42.05970 41.41910 40.75030 38.59980 38.10370 39.13400 38.77780 41.42600 40.42620 39.69070 39.62700 40.50370 39.88390 38.67000 39.73860 40.48780 43.94300 46.25240 48.21450 46.38370
-9999 -9999 -9999 -9999 -9999 -9999 -9999 -9999 -9999 -9999 -9999 45.37320 46.73750 48.95900 49.99380 53.78990 56.68220 58.58190 60.63530 62.47290 60.38000 59.99370 58.14540 56.11130 53.87290 51.80060 47.95260 44.99710 43.97340 42.23600 40.84730 41.28530 41.26090 41.79230 42.18470 43.25730 44.80340 46.06590 46.94100 47.81280 48.22500 48.18550 50.54960 50.07850 47.84750 48.91520 48.25460 48.76050 47.50750 46.16000 45.38560 43.85620 43.85870 43.03760 41.83940 40.36730 41.03590 40.10570 40.28650 42.17120 42.76340 41.76040 41.97070 43.28830 43.41180 42.51170 43.00180 42.38470 45.28540 48.27380 48.47630 46.42440
