data/hydroclimate-scenarios/BCSD_hadcm_B1/monthly_summaries/snodep_monthly_day1_jan.2070-2099.asc
ncols	311
nrows	91
xllcenter	102.75
yllcenter	31.75
cellsize	0.5
NODATA_value	-9999
[rows 0 to 31 of 91, columns 216 to 287 of 311]
-9999 -9999 -9999 -9999 -9999 -9999 -9999 -9999 -9999 -9999 -9999 -9999 -9999 -9999 -9999 -9999 -9999 -9999 -9999 -9999 -9999 -9999 -9999 -9999 -9999 -9999 -9999 -9999 -9999 -9999 -9999 -9999 -9999 -9999 -9999 -9999 -9999 -9999 -9999 -9999 -9999 -9999 -9999 -9999 -9999 -9999 -9999 -9999 -9999 -9999 -9999 -9999 -9999 -9999 -9999 -9999 -9999 -9999 -9999 -9999 -9999 -9999 -9999 -9999 -9999 -9999 -9999 -9999 -9999 -9999 -9999 -9999
-9999 -9999 -9999 -9999 -9999 -9999 -9999 -9999 -9999 -9999 -9999 -9999 -9999 -9999 -9999 -9999 -9999 -9999 -9999 -9999 -9999 -9999 -9999 -9999 -9999 -9999 -9999 -9999 -9999 -9999 -9999 -9999 -9999 -9999 -9999 -9999 -9999 -9999 -9999 -9999 -9999 -9999 -9999 -9999 -9999 -9999 -9999 -9999 -9999 -9999 -9999 -9999 -9999 -9999 -9999 -9999 -9999 -9999 -9999 -9999 -9999 -9999 -9999 -9999 -9999 -9999 -9999 -9999 -9999 -9999 -9999 -9999
-9999 -9999 -9999 -9999 -9999 -9999 -9999 -9999 -9999 -9999 -9999 -9999 -9999 -9999 -9999 -9999 -9999 -9999 -9999 -9999 -9999 -9999 -9999 -9999 -9999 -9999 -9999 -9999 -9999 -9999 -9999 -9999 -9999 -9999 -9999 -9999 -9999 -9999 -9999 -9999 -9999 -9999 -9999 -9999 -9999 -9999 -9999 -9999 -9999 -9999 -9999 -9999 -9999 -9999 -9999 -9999 -9999 -9999 -9999 -9999 -9999 -9999 -9999 -9999 -9999 -9999 -9999 -9999 -9999 -9999 -9999 -9999
-9999 -9999 -9999 -9999 -9999 -9999 -9999 -9999 -9999 -9999 -9999 -9999 -9999 -9999 -9999 -9999 -9999 -9999 -9999 -9999 -9999 -9999 -9999 -9999 -9999 -9999 -9999 -9999 -9999 -9999 -9999 -9999 -9999 -9999 -9999 -9999 -9999 -9999 -9999 -9999 -9999 -9999 -9999 -9999 -9999 -9999 -9999 -9999 -9999 -9999 -9999 -9999 -9999 -9999 -9999 -9999 -9999 -9999 -9999 -9999 -9999 -9999 -9999 -9999 -9999 -9999 -9999 -9999 -9999 -9999 -9999 -9999
-9999 -9999 -9999 -9999 -9999 -9999 -9999 -9999 -9999 -9999 -9999 -9999 -9999 -9999 -9999 -9999 -9999 -9999 -9999 -9999 -9999 -9999 -9999 -9999 -9999 -9999 -9999 -9999 -9999 -9999 -9999 -9999 -9999 -9999 -9999 -9999 -9999 -9999 -9999 -9999 -9999 -9999 -9999 -9999 -9999 -9999 -9999 -9999 -9999 -9999 -9999 -9999 -9999 -9999 -9999 -9999 -9999 -9999 -9999 -9999 -9999 -9999 -9999 -9999 -9999 -9999 -9999 -9999 -9999 -9999 -9999 -9999
-9999 -9999 -9999 -9999 -9999 -9999 -9999 -9999 -9999 -9999 -9999 -9999 -9999 -9999 -9999 -9999 -9999 -9999 -9999 -9999 -9999 -9999 -9999 -9999 -9999 -9999 -9999 -9999 -9999 -9999 -9999 -9999 -9999 -9999 -9999 -9999 -9999 -9999 -9999 -9999 -9999 -9999 -9999 -9999 -9999 -9999 -9999 -9999 -9999 -9999 -9999 -9999 -9999 -9999 -9999 -9999 -9999 -9999 -9999 -9999 -9999 -9999 -9999 -9999 -9999 -9999 -9999 -9999 -9999 -9999 -9999 -9999
-9999 -9999 -9999 -9999 -9999 -9999 -9999 -9999 -9999 -9999 -9999 -9999 -9999 -9999 -9999 -9999 -9999 -9999 -9999 -9999 -9999 -9999 -9999 -9999 -9999 -9999 -9999 -9999 -9999 -9999 -9999 -9999 -9999 -9999 -9999 -9999 -9999 -9999 -9999 -9999 -9999 -9999 -9999 -9999 -9999 -9999 -9999 -9999 -9999 -9999 -9999 -9999 -9999 -9999 -9999 -9999 -9999 -9999 -9999 -9999 -9999 -9999 -9999 -9999 -9999 -9999 -9999 -9999 -9999 -9999 -9999 -9999
-9999 -9999 -9999 -9999 -9999 -9999 -9999 -9999 -9999 -9999 -9999 -9999 -9999 -9999 -9999 -9999 -9999 -9999 -9999 -9999 -9999 -9999 -9999 -9999 -9999 -9999 -9999 -9999 -9999 -9999 -9999 -9999 -9999 -9999 -9999 -9999 -9999 -9999 -9999 -9999 -9999 -9999 -9999 -9999 -9999 -9999 -9999 -9999 -9999 -9999 -9999 -9999 -9999 -9999 -9999 -9999 -9999 -9999 -9999 -9999 -9999 -9999 -9999 -9999 -9999 -9999 -9999 -9999 -9999 -9999 -9999 -9999
-9999 -9999 -9999 -9999 -9999 -9999 -9999 -9999 -9999 -9999 -9999 -9999 -9999 -9999 -9999 -9999 -9999 -9999 -9999 -9999 -9999 -9999 -9999 -9999 -9999 -9999 -9999 -9999 -9999 -9999 -9999 -9999 -9999 -9999 -9999 -9999 -9999 -9999 -9999 -9999 -9999 -9999 -9999 -9999 -9999 -9999 -9999 -9999 -9999 -9999 -9999 -9999 -9999 -9999 -9999 -9999 -9999 -9999 -9999 -9999 -9999 -9999 -9999 -9999 -9999 -9999 -9999 -9999 -9999 -9999 -9999 -9999
-9999 -9999 -9999 -9999 -9999 -9999 -9999 -9999 -9999 -9999 -9999 -9999 -9999 -9999 -9999 -9999 -9999 -9999 -9999 -9999 -9999 -9999 -9999 -9999 -9999 -9999 -9999 -9999 -9999 -9999 -9999 -9999 -9999 -9999 -9999 -9999 -9999 -9999 -9999 -9999 -9999 -9999 -9999 -9999 -9999 -9999 -9999 -9999 -9999 -9999 -9999 -9999 -9999 -9999 -9999 -9999 -9999 -9999 -9999 -9999 -9999 -9999 -9999 -9999 -9999 -9999 -9999 -9999 -9999 -9999 -9999 -9999
-9999 -9999 -9999 -9999 -9999 -9999 -9999 -9999 -9999 -9999 -9999 -9999 -9999 -9999 -9999 -9999 -9999 -9999 -9999 -9999 -9999 -9999 -9999 -9999 -9999 -9999 -9999 -9999 -9999 -9999 -9999 -9999 -9999 -9999 -9999 -9999 -9999 -9999 -9999 -9999 -9999 -9999 -9999 -9999 -9999 -9999 -9999 -9999 -9999 -9999 -9999 -9999 -9999 -9999 -9999 -9999 -9999 -9999 -9999 -9999 -9999 -9999 -9999 -9999 -9999 -9999 -9999 -9999 -9999 -9999 -9999 -9999
-9999 -9999 -9999 -9999 -9999 -9999 -9999 -9999 -9999 -9999 -9999 -9999 -9999 -9999 -9999 -9999 -9999 -9999 -9999 -9999 -9999 -9999 -9999 -9999 -9999 -9999 -9999 -9999 -9999 -9999 -9999 -9999 -9999 -9999 -9999 -9999 -9999 -9999 -9999 -9999 -9999 -9999 -9999 -9999 -9999 -9999 -9999 -9999 -9999 -9999 -9999 -9999 -9999 -9999 -9999 -9999 -9999 -9999 -9999 -9999 -9999 -9999 -9999 -9999 -9999 -9999 -9999 -9999 -9999 -9999 -9999 -9999
-9999 -9999 -9999 -9999 -9999 -9999 -9999 -9999 -9999 -9999 -9999 -9999 -9999 -9999 -9999 -9999 -9999 -9999 -9999 -9999 -9999 -9999 -9999 -9999 -9999 -9999 -9999 -9999 -9999 -9999 -9999 -9999 -9999 -9999 -9999 -9999 -9999 -9999 -9999 -9999 -9999 -9999 -9999 -9999 -9999 -9999 -9999 -9999 -9999 -9999 -9999 -9999 -9999 -9999 -9999 -9999 -9999 -9999 -9999 -9999 -9999 -9999 -9999 -9999 -9999 -9999 -9999 -9999 -9999 -9999 -9999 -9999
31.42620 33.68340 32.60120 -9999 -9999 -9999 -9999 -9999 -9999 -9999 -9999 -9999 -9999 -9999 -9999 -9999 -9999 -9999 -9999 -9999 -9999 -9999 -9999 -9999 -9999 -9999 -9999 -9999 -9999 -9999 -9999 -9999 -9999 -9999 -9999 -9999 -9999 -9999 -9999 -9999 -9999 -9999 -9999 -9999 24.73780 -9999 -9999 -9999 -9999 -9999 -9999 -9999 -9999 -9999 -9999 -9999 -9999 -9999 -9999 -9999 -9999 -9999 -9999 -9999 -9999 -9999 -9999 -9999 -9999 -9999 -9999 -9999
37.47190 36.30750 35.89660 32.11560 28.89200 17.33520 17.59520 10.39800 11.31860 11.06740 39.24660 38.55510 37.88400 35.80760 30.68930 120.55300 -9999 -9999 -9999 -9999 -9999 -9999 -9999 -9999 -9999 -9999 -9999 -9999 -9999 -9999 -9999 -9999 -9999 -9999 -9999 -9999 -9999 -9999 -9999 7.20135 15.64490 11.08840 1.41580 0.63102 8.90654 28.53550 -9999 -9999 -9999 27.41180 -9999 -9999 -9999 27.50060 32.32110 32.60110 -9999 -9999 -9999 -9999 -9999 -9999 -9999 -9999 -9999 -9999 -9999 -9999 -9999 -9999 -9999 -9999
39.40710 37.91910 38.06240 11.42580 0.00000 0.00000 0.00000 0.00000 0.00000 0.00000 0.00000 0.00000 0.00000 0.00000 0.00000 0.00000 0.00000 0.43992 1.31998 18.32030 37.04140 28.45460 -9999 -9999 -9999 -9999 -9999 34.85220 34.50620 34.71590 36.28170 37.57070 35.16920 30.72720 31.06590 30.94970 31.16120 29.82690 29.54600 1.28882 3.56916 0.46603 1.75381 0.62510 2.05066 32.22890 32.37480 34.76550 32.96310 31.79150 35.93250 34.22940 32.94750 35.13980 32.94240 21.15970 23.03270 28.40800 30.44570 34.07070 33.34800 -9999 -9999 -9999 -9999 -9999 -9999 -9999 -9999 -9999 -9999 -9999
15.56790 16.50620 14.69320 0.00000 0.00000 0.00000 0.00000 0.00000 0.00000 0.00000 0.00000 0.00000 0.00000 0.00000 0.00000 0.00000 0.34651 0.80452 1.02927 26.61920 6.34148 19.83950 26.62060 35.30230 41.34680 44.39330 42.34340 40.45980 39.19570 38.09870 42.35850 46.20120 42.81360 37.69300 38.33130 41.00790 38.67010 36.65980 36.50530 36.08870 36.64010 35.70360 34.99120 32.66740 32.76000 32.85700 31.61950 32.90670 31.90570 34.07730 35.65660 36.74440 41.58460 44.60770 43.69530 45.65410 45.77240 42.89940 46.94300 43.72330 39.81410 37.21650 34.69950 34.66230 34.48110 33.59510 34.83990 33.51060 34.21440 -9999 -9999 -9999
0.00000 0.00000 0.00000 0.00000 0.00000 0.00000 0.00000 0.00000 0.00000 0.00000 0.00000 0.00000 0.00000 0.00000 0.61933 10.66360 14.19860 12.60310 22.28250 66.33900 68.37910 30.80460 32.44850 28.47130 34.03150 42.92290 48.37090 52.83610 42.84280 41.54600 47.02760 56.87000 57.80720 55.03550 52.66650 51.26470 48.89510 42.37550 43.19770 41.55530 39.18620 38.30450 37.61110 35.11770 36.08900 36.02680 34.69680 34.31350 35.68870 37.28050 39.69170 41.61070 44.33680 49.72610 46.85500 45.37440 46.71910 49.24380 53.39280 44.95880 46.50010 42.12780 42.35320 40.99290 43.55030 49.36750 50.88790 49.40260 43.21300 -9999 32.22710 -9999
17.88050 18.13960 14.87950 14.95520 13.13860 12.47300 11.74370 12.19410 11.59710 8.71182 8.01366 0.00627 9.20622 16.51590 8.52079 9.87327 9.45369 25.79050 51.75200 69.12880 74.29580 40.61160 37.40490 42.97500 24.08110 22.79920 35.01470 66.22870 56.67010 53.18410 52.18020 56.43620 58.13610 59.20360 54.23190 49.25120 46.41290 41.71090 39.09460 41.36930 42.51180 44.11840 43.90050 42.39760 42.17780 43.63490 42.91960 44.21070 41.28070 40.86790 42.17930 45.18150 44.82360 42.67470 46.45990 49.85220 51.49230 52.45230 53.12120 44.71460 48.14290 50.47370 54.60300 54.43090 53.07310 51.09710 52.32260 51.25800 54.23650 56.12390 -9999 -9999
34.20530 33.54100 31.14540 28.03290 13.41910 33.67480 32.47470 28.90640 28.50370 28.72360 29.13630 32.66380 31.01130 27.58990 32.04800 83.61670 72.73090 50.04980 56.42680 44.05490 57.44000 31.33850 36.85790 50.39100 53.14160 59.88670 48.59870 78.01320 76.43690 65.70090 61.99780 58.30260 53.59540 51.47990 49.37630 48.25190 48.96200 43.57340 40.22350 46.19580 50.41080 50.22560 49.24560 48.74880 48.27540 47.58520 44.35130 45.60600 47.83820 45.12850 44.83910 46.98240 48.34180 50.83640 50.46970 50.85340 50.12410 48.90340 48.84810 49.44590 52.80030 56.60840 59.19070 58.12600 63.89710 66.07380 66.47140 64.04940 72.44960 72.59010 65.50220 -9999
54.71920 42.42010 35.24920 35.93850 35.23090 28.90770 27.83440 26.14860 26.95390 27.61640 29.20520 36.30650 40.33450 39.16700 39.04750 55.58790 36.61370 9.36729 10.04040 26.69930 21.39700 23.69020 36.89920 43.98960 49.84240 52.64560 54.22480 58.15290 68.72910 69.29350 64.94490 57.89270 51.49080 49.95280 51.65410 49.59640 47.99880 46.29740 41.90000 48.01750 46.99450 47.19390 46.26420 46.08890 48.58870 48.22780 47.69650 49.91730 48.89150 52.78710 53.51980 50.62500 50.87490 54.89880 51.48590 51.17580 50.29840 49.05420 48.44030 47.72470 50.19000 51.92550 55.40460 59.92820 64.68310 63.55730 64.30720 63.63180 64.21550 69.70830 69.72150 71.84820
32.25340 27.44970 28.68130 31.22280 33.04310 30.62000 30.21620 28.31170 29.54040 31.56670 34.56360 38.30470 37.81560 35.34810 35.20770 73.66610 59.40350 5.39102 0.15064 0.00000 4.87040 21.32810 41.65100 52.67540 54.87080 49.29110 53.35570 52.00290 66.79260 72.94770 67.65570 59.89640 56.44310 54.61720 52.33210 50.26650 49.09470 46.69830 43.23190 47.25840 45.89100 45.15690 47.32180 48.85850 48.60760 49.89950 49.52710 53.97410 53.80650 54.09160 52.99890 48.61990 47.74690 48.78840 51.87520 50.82480 52.29130 49.14870 49.33950 48.83930 50.52710 49.37900 46.72910 50.31450 54.39140 57.93070 64.32790 66.22390 63.69210 60.59670 60.18560 64.09660
41.27930 36.96840 41.26320 54.37960 47.93590 43.37960 47.54940 30.65420 24.18640 35.68170 36.43970 40.94610 39.96120 37.14280 33.06060 42.13080 49.78100 5.60916 0.48769 0.24238 5.28121 6.91653 29.08320 36.86710 40.03020 48.99000 56.26050 55.81540 56.00640 58.01280 59.32260 55.88700 58.40300 57.13420 54.70260 60.73160 59.22980 61.41130 58.59360 55.68300 52.13870 50.83030 57.81410 62.42240 66.99060 68.19280 65.48760 60.01120 59.13530 54.25130 50.22150 47.10780 51.07690 49.88340 52.17780 48.69390 44.00660 48.60000 49.22050 49.28660 51.24620 52.51290 53.37570 51.63330 53.82040 60.50400 64.02040 70.07820 69.77080 65.72930 62.19380 62.29280
37.70730 29.06280 36.58340 46.75740 46.70030 40.70220 17.06310 14.88600 15.27040 0.81209 13.53730 12.86610 12.45390 36.61280 38.13770 44.90920 51.90740 10.71680 0.38018 4.20997 6.81794 9.06489 12.97130 20.32320 23.11810 28.76190 39.54050 50.02540 56.61570 57.51450 49.49320 49.52930 41.58240 32.45540 39.86590 56.38910 54.86720 55.56310 64.29820 82.98540 84.61850 89.96860 88.44530 84.67010 75.68240 77.78060 73.58360 64.77560 55.72700 59.29640 55.42210 50.25290 52.47830 54.02440 50.43710 47.61880 49.80040 53.30670 49.23680 50.40440 50.96860 51.10650 53.44850 49.07360 51.78490 57.23100 60.14440 62.19460 66.56330 68.06580 68.01720 60.46820
32.68880 32.16080 33.14900 32.91120 35.28320 41.31140 40.59370 13.43910 11.20790 1.04496 0.74733 0.14625 0.58779 0.00000 0.25670 0.30639 64.82410 84.04200 0.32460 0.00000 0.00000 0.00000 2.67894 0.00000 7.08662 9.44137 13.55760 8.91928 9.09240 14.09040 11.02800 8.65833 11.01990 11.62920 11.27100 24.28260 35.41560 37.79610 44.43460 68.69250 67.37560 81.97470 95.94690 103.09200 97.85650 87.94580 74.66390 64.67580 53.77550 52.68660 58.85990 56.85360 53.91500 50.63750 49.72460 46.94730 48.30440 51.93440 55.01630 59.48710 58.49700 53.28170 50.00920 48.58810 53.12090 55.83340 58.43690 55.22460 58.51370 59.70960 64.52050 67.08120
31.52640 34.48880 34.00620 36.42710 32.07980 28.85130 28.53200 30.84710 35.37070 26.72060 14.03040 1.81269 1.01230 0.66880 0.44914 6.16713 18.71620 18.61620 40.20720 2.17975 21.00760 9.79169 2.28683 2.57692 5.68344 8.11633 23.73920 24.62840 30.10300 17.49010 20.71520 9.55479 13.35860 23.41190 21.32370 34.16110 44.01660 45.78850 53.52710 82.43900 93.26790 98.33650 101.14900 108.57300 113.01500 111.60500 95.61590 81.53420 68.71790 56.30970 67.52210 70.98770 59.51050 56.60800 54.81210 53.33330 52.99440 52.56610 56.55960 58.52570 55.60500 57.71610 58.11800 51.95650 50.45490 56.09020 55.34370 53.31760 54.01810 55.12820 59.88760 65.71400
48.52600 46.09510 61.41690 60.12180 63.69370 28.94680 51.92110 58.11040 63.46010 43.12130 28.39730 26.93110 27.02600 26.11790 26.58260 23.66540 9.02268 28.30640 18.47450 23.66580 31.94780 30.64330 35.58580 42.38200 39.03020 41.40910 52.69570 57.46760 41.80620 36.40250 36.05820 35.17830 39.89420 26.24780 34.13570 41.34100 53.13820 69.27090 84.57730 89.10350 104.97700 108.47200 119.22200 121.52400 119.24700 109.46800 99.31880 90.81030 83.17590 69.37460 61.04660 61.34090 66.30690 60.16690 58.74900 58.14740 55.52250 57.02440 57.22090 58.32590 59.21020 56.48460 55.72620 52.63590 50.59010 49.07760 50.85590 55.14910 56.08770 58.03940 60.11950 63.76830
66.20600 65.55100 64.49190 64.34340 78.79140 64.07180 70.86970 64.56550 51.03700 68.28980 58.43840 59.41180 35.61210 24.43640 23.32650 78.55120 71.88310 61.52220 57.17050 42.59620 54.66840 31.14150 34.90730 38.81190 48.73220 43.22420 47.78260 42.68500 27.38940 21.30800 27.92420 18.56470 23.30590 32.14670 40.37830 43.88770 54.25380 78.20920 94.11930 99.46820 116.83800 126.17700 130.89999 129.07100 128.93500 116.05200 105.94900 105.91900 93.40060 81.20400 72.16830 59.76680 65.31160 63.42440 60.47680 57.52410 60.76370 60.40370 59.79070 57.00210 54.80980 55.71710 56.74490 56.41590 54.80460 48.80630 49.32970 51.27360 53.26610 56.57050 59.80150 60.68040
74.52190 61.40500 58.75850 56.16160 38.96430 37.84710 40.48160 45.87290 47.06500 34.17380 39.09810 41.12140 44.41320 36.26390 21.48410 80.60580 91.49850 103.58900 101.10800 69.21880 45.74540 12.13790 4.96169 32.94340 39.48710 34.95920 40.56470 42.57790 30.51430 23.23890 12.53500 13.27990 23.25580 37.11150 40.67400 51.04050 66.96880 73.33190 92.75970 105.33300 120.96700 137.07100 141.16499 142.84200 134.68800 117.54800 112.06500 101.91900 91.19250 92.18690 76.10160 69.01190 55.14760 60.32350 59.00870 54.41120 53.43860 52.22750 51.96030 54.36920 54.69920 55.72180 57.55000 62.11290 61.12370 57.78170 51.91900 50.17550 50.52170 53.45460 54.72820 56.92230
96.30750 112.57100 84.27230 53.09560 39.99380 30.87680 31.64340 32.05900 30.16540 51.80080 87.27580 94.20070 81.36220 69.36120 45.12650 63.75750 69.70890 80.86430 144.46899 130.94901 73.52670 41.73930 25.96260 25.21360 20.73620 28.17190 31.45300 30.50920 21.41000 22.14770 11.11060 16.70980 23.12720 43.28750 47.81200 60.52520 72.16480 86.27710 99.87510 114.97400 127.59400 147.01700 157.25400 144.68201 141.45500 132.13699 123.43800 105.71900 100.73000 102.69500 85.35420 71.37210 53.71760 55.42300 58.11540 53.71340 56.34730 61.77180 71.35240 73.14620 73.02270 71.87790 60.78880 55.38880 56.02710 56.37110 55.54760 52.81460 50.47470 57.35250 59.51370 52.68990
57.35500 66.17220 53.86170 105.92600 153.38400 130.37199 79.73350 62.99980 41.72400 51.37290 75.73650 -9999 -9999 157.41901 129.16701 113.90500 121.79600 121.96400 169.59399 151.69501 89.90090 44.32360 34.54230 45.57060 51.83110 37.05760 32.72130 24.05350 17.28310 17.06520 15.99920 22.03370 30.56190 37.22660 47.25410 55.84010 69.16090 73.67900 88.68490 89.79590 113.33600 137.10800 144.49400 151.12300 125.34500 110.19500 106.70800 88.54870 89.09270 94.31250 74.65020 56.66100 59.43410 54.59190 54.60560 44.61950 44.97970 44.30280 47.64460 51.38320 52.92590 52.31400 52.09910 51.25500 52.74900 51.94680 54.80810 54.32820 50.86610 47.99020 48.50140 43.54490
55.84130 132.92999 -9999 -9999 -9999 -9999 248.47200 227.21300 145.90500 133.68900 114.01200 109.07700 101.85900 66.84490 106.31600 -9999 -9999 -9999 -9999 244.69600 176.12500 117.24500 100.89500 85.94940 70.13730 68.52970 55.25350 42.85540 29.03650 18.66350 21.06690 31.79080 38.76290 48.16330 50.68400 62.82070 73.43990 87.74870 91.08540 91.67620 87.98540 117.71200 113.84800 129.91000 115.06700 103.88700 93.42950 88.26120 79.22650 76.60320 71.86190 52.44220 52.57380 45.69430 44.94410 45.61680 46.33270 43.72560 41.73800 43.59600 45.41940 46.61870 48.70630 50.89440 48.92120 48.31550 49.49680 50.35370 50.12470 46.94170 42.77170 35.06680
