data/hydroclimate-scenarios/BCSD_hadcm_B1/monthly_summaries/soilm2_monthly_day1_dec.2030-2059.asc
ncols	311
nrows	91
xllcenter	102.75
yllcenter	31.75
cellsize	0.5
NODATA_value	-9999
[rows 31 to 61 of 91, columns 0 to 69 of 311]
-9999 -9999 -9999 -9999 -9999 -9999 -9999 -9999 -9999 -9999 -9999 88.21200 98.96770 100.90700 104.59000 106.03900 94.66000 94.52010 99.54690 98.65340 102.18400 109.63300 109.94200 110.49700 109.43600 107.08800 108.54100 107.01300 105.30500 105.26300 103.33200 100.53900 101.18000 100.26500 103.04100 102.53800 102.27100 102.87200 103.59500 102.43400 102.28000 100.08600 124.15800 124.96000 124.50300 125.66900 125.68100 116.62400 104.18700 102.90300 106.58400 108.35700 105.81800 103.30500 103.13900 120.53900 121.18700 120.63400 121.94200 118.88100 117.02500 121.53300 120.48100 117.51500 117.28000 123.75200 118.00500 121.43700 123.10100 127.45900
-9999 -9999 -9999 -9999 -9999 -9999 -9999 -9999 -9999 -9999 -9999 93.17680 93.93160 103.41200 96.67360 101.29200 100.01800 105.09600 102.91100 102.80300 108.85800 108.97500 109.28300 111.96200 128.68900 127.93600 127.37200 128.75600 128.70100 105.01100 104.72000 99.87220 102.06800 103.45800 103.54900 102.83800 104.25000 104.14400 113.38000 113.69400 111.92800 110.04200 112.78200 111.21200 109.52900 111.88100 109.85900 109.77900 108.92400 109.10700 107.53700 106.08300 104.87100 122.11500 122.76800 122.55400 122.49000 122.07900 119.63700 103.23800 104.19800 103.91500 115.81200 122.07200 123.85200 116.24500 119.57600 123.56200 123.61700 125.25600
-9999 -9999 -9999 -9999 -9999 -9999 -9999 -9999 -9999 -9999 -9999 98.98450 99.36570 97.49050 97.41220 101.34000 101.16100 109.48300 110.92300 111.03800 111.98000 112.13900 130.00200 130.81599 130.52499 109.08500 107.32400 110.20400 106.03000 123.94300 125.30400 102.39100 104.03000 100.74500 113.83900 107.76800 125.13500 115.83000 124.86400 125.51000 113.73400 125.47600 114.82000 115.74000 117.28100 116.55800 115.06500 114.44100 112.90800 110.48600 108.85100 106.48100 104.69400 118.30800 102.17300 107.99400 107.66000 106.26600 108.32200 108.28100 106.58300 124.31300 122.26300 102.02600 125.93100 120.23100 121.33900 124.14200 123.74300 124.47200
-9999 -9999 -9999 -9999 -9999 -9999 -9999 -9999 -9999 -9999 -9999 -9999 100.44400 101.98800 101.21900 103.92500 105.15100 113.23500 114.40500 114.65600 131.47099 110.25400 110.54200 110.48500 107.91800 106.66900 105.53600 104.44900 98.62420 98.10160 125.11300 125.82500 126.10200 126.49300 125.82600 126.14400 126.88000 116.70200 125.04400 123.85900 124.29100 125.30500 125.81800 113.68500 114.87700 119.64700 117.64700 117.00800 115.09600 113.31400 109.79800 109.88000 108.86200 106.52000 103.88200 102.09700 101.63800 115.73500 124.54700 125.00300 124.09300 116.54400 117.12000 118.42600 118.43900 126.52300 122.40400 124.79100 125.83600 127.43100
-9999 -9999 -9999 -9999 -9999 -9999 -9999 -9999 -9999 -9999 -9999 -9999 102.14000 101.93900 105.66100 106.23600 108.45900 131.34200 132.11600 112.56600 114.73200 114.91600 111.99300 107.13200 106.73300 101.16900 97.29570 105.21600 98.31130 100.53900 102.00600 125.66300 126.98200 124.41300 127.53200 103.76500 99.66980 103.98700 105.20900 104.95200 126.82100 111.00800 110.20600 121.59400 115.45600 118.99900 119.83100 116.52800 110.02100 111.95000 107.52500 100.36900 96.16490 106.93300 105.32700 117.12600 125.45400 115.63300 91.66490 122.69500 120.23400 94.20590 94.07020 109.55500 122.95200 122.57700 123.76700 124.92000 126.50000 127.69300
-9999 -9999 -9999 -9999 -9999 -9999 -9999 -9999 -9999 -9999 -9999 -9999 101.35600 101.97200 129.24200 128.43500 130.03799 106.87700 109.18800 112.34200 113.53600 116.52200 113.57100 107.14800 106.80800 106.47100 105.00600 100.50300 103.05700 100.21700 98.30520 124.30400 103.99100 104.91000 102.72700 98.60350 101.52500 103.66300 102.64200 107.50100 112.93200 114.94500 114.77200 121.54500 125.74700 121.64800 124.67200 124.74400 123.11200 115.90900 110.71100 109.07000 100.66900 99.13000 99.13910 97.39840 95.12000 98.90210 99.69890 123.41600 95.76870 99.65390 98.70680 97.49260 122.25200 122.81300 124.48500 125.82300 128.41100 129.24800
-9999 -9999 -9999 98.33970 101.70700 96.91640 94.22130 97.42600 97.42380 -9999 101.45200 128.56200 128.45700 100.06900 102.64300 104.98400 107.52000 107.28600 109.46700 112.00500 115.52200 115.06500 111.41100 109.52300 106.55200 109.10400 107.74600 104.43700 101.87200 102.15500 98.35200 99.73170 93.69980 99.12320 97.43730 74.19440 95.64720 100.77200 107.48000 109.12400 112.46900 115.93900 119.08800 122.60800 122.84100 121.45600 127.78900 117.93600 120.34600 120.63500 114.66800 111.00000 109.69200 112.88800 109.15400 111.24800 112.10600 101.84500 104.32600 96.69750 123.12600 103.66400 103.29600 110.11600 106.22600 104.98400 108.34200 116.72800 122.21300 125.22000
-9999 -9999 -9999 100.44900 99.68520 101.10600 98.92470 101.36600 98.30230 122.27200 127.58800 127.69100 105.58400 96.81270 102.11300 103.44400 107.00200 109.63000 112.98100 111.74100 111.23600 112.16200 111.68800 113.77100 111.01500 110.03100 108.56900 103.98100 104.47800 103.85600 76.48730 98.73550 98.23010 98.67330 97.07150 100.08800 99.21940 107.75100 105.52800 112.59600 113.98600 113.08200 120.78500 123.41500 120.22500 124.16600 130.53300 123.99300 119.99000 116.11400 117.45400 122.30900 122.64600 121.31800 113.00000 114.15200 107.01800 104.82500 108.10800 104.81600 106.08200 110.84200 111.83800 111.22600 116.05500 114.58400 116.55900 116.89400 123.43800 123.87000
-9999 -9999 -9999 97.88770 102.58600 98.84480 127.59500 128.06700 128.13300 127.47700 128.51601 129.40300 101.23300 93.99260 93.36110 94.24770 108.46800 106.94300 105.96800 104.64700 108.00500 109.15600 88.02190 106.24800 110.31500 109.35300 110.59600 109.18900 103.78300 107.51100 114.34600 113.32400 103.54500 100.50400 102.05900 102.53400 102.76000 103.69400 103.99100 106.14600 110.19500 113.21100 121.23800 127.37300 125.85400 126.90400 129.13699 116.88700 117.07800 131.32201 132.29100 125.67300 124.65600 121.44000 116.48800 113.92700 108.74100 108.75700 111.71100 111.99600 108.27400 108.74000 113.99000 118.33100 120.37200 122.82300 123.64200 122.64000 118.68100 126.73700
-9999 -9999 -9999 105.28400 103.49100 107.65300 128.56900 130.52200 126.30500 124.04300 126.66200 97.48330 89.95900 95.44070 93.62380 95.24850 101.78200 116.29200 116.27600 106.53700 106.34600 104.31600 114.40700 123.96600 115.08800 110.43900 107.21100 103.70900 115.42700 115.98900 112.79000 100.07500 104.66300 111.97300 114.00400 112.13000 105.98300 103.89400 109.76400 108.56800 110.50100 117.32100 121.58700 124.52800 125.67900 132.67900 133.73599 126.38800 131.61900 130.37801 132.07500 128.49001 125.54900 120.21800 123.08700 113.86900 109.99000 110.26000 112.74700 111.86200 109.20100 116.11500 115.38700 121.18800 120.63000 121.08000 129.85800 129.77200 133.94600 135.73100
-9999 -9999 -9999 100.96800 103.26100 108.08700 129.96300 129.48399 128.12399 126.53600 127.67000 123.15500 91.82750 97.50060 112.26500 112.19800 108.01900 106.43800 104.28700 106.44700 107.19500 110.06800 125.71100 110.13300 106.45400 107.33000 106.77100 103.46200 108.23900 114.38700 111.76800 108.41900 110.18100 106.95500 106.69600 107.69200 109.16600 107.58500 108.90600 112.60300 119.13000 124.80300 127.76600 128.31000 130.17799 132.04900 132.57700 128.76100 123.69700 132.42900 129.45300 121.55800 117.22300 121.05600 119.48700 118.08000 113.66600 111.36300 115.68800 126.85500 124.89300 123.00000 125.78900 122.63900 119.29700 119.88600 127.84900 126.16100 135.12700 137.10300
-9999 -9999 -9999 -9999 128.66701 130.02100 130.55600 131.10201 127.67100 124.83000 128.77600 104.55400 102.64200 101.02000 -9999 -9999 -9999 -9999 -9999 116.55200 125.30500 119.37700 123.19900 119.59500 112.81400 108.07300 105.70000 105.97400 111.62200 108.07700 107.81900 105.56000 106.67000 102.68500 101.76600 100.36900 104.87900 100.60100 107.27200 112.04300 111.98300 117.88500 125.15100 130.66100 131.51100 130.64200 131.01300 132.80200 132.23199 131.78999 131.14799 132.35500 130.08000 132.21800 131.19701 130.89301 130.71201 129.51300 118.43800 122.86600 130.97099 132.79500 130.28999 131.17700 131.47000 129.53799 134.06799 133.67799 137.12900 -9999
-9999 -9999 111.78200 130.76300 131.33099 130.66499 130.47200 131.28700 128.35400 127.20200 129.61700 104.45600 106.17300 -9999 -9999 -9999 -9999 -9999 128.52699 119.85300 122.65000 108.17700 106.37300 114.96400 120.34700 119.36200 111.68500 109.19800 110.77900 109.94300 105.16800 103.32200 103.92800 107.74200 107.97900 107.20000 106.28500 100.95300 105.08400 107.08800 112.44300 117.88900 122.89100 124.59700 124.63300 125.82600 128.20100 128.17900 125.64900 127.66700 127.33900 130.89900 134.34599 134.70300 130.61000 127.44400 127.43000 122.62600 120.87900 123.37800 124.75900 125.31500 129.15900 130.61501 132.41000 132.85400 134.53200 -9999 -9999 -9999
-9999 -9999 132.79500 132.73100 129.94800 130.10600 130.28500 131.09100 127.99200 129.77600 111.18200 111.36900 101.44700 -9999 -9999 -9999 -9999 106.30400 117.01900 104.85600 105.07200 103.04300 105.94200 115.11100 112.85200 105.79500 105.00900 102.63300 107.90600 107.84200 103.08400 106.76700 105.11300 107.73200 109.40900 104.85200 103.74000 101.79600 107.46200 117.56800 121.44300 124.08000 126.13300 126.48000 121.34300 116.61200 119.07100 117.57500 119.06900 122.24700 128.00000 132.76700 134.16400 131.17900 130.94000 121.58800 123.71200 125.78900 130.06400 130.99899 131.00301 131.76900 133.46500 134.28799 132.75101 -9999 -9999 -9999 -9999 -9999
-9999 -9999 134.67101 134.66299 132.62801 132.37900 131.13699 128.72900 128.66000 129.04100 106.67800 101.94100 85.47880 -9999 -9999 -9999 -9999 112.62400 108.05300 104.63100 103.36700 106.21600 109.41800 107.56600 109.05200 108.33200 104.30300 104.69300 106.18700 103.30200 104.00900 103.28500 105.76500 108.11300 108.08700 109.77100 112.96800 114.47400 114.85000 113.95400 121.54400 119.85800 122.54500 129.95700 127.29300 120.26600 118.77400 113.63500 110.53600 111.03500 115.38100 117.73600 123.16400 120.25600 126.20100 122.38600 122.89500 127.87800 132.24001 133.10699 132.60300 132.61200 134.66800 122.39000 121.75900 133.75500 135.66800 133.92200 134.99600 -9999
-9999 -9999 -9999 136.23599 132.70500 130.89999 126.10500 124.05100 109.31700 112.07200 99.60780 86.22580 -9999 -9999 -9999 -9999 103.75600 106.37900 102.22900 99.97530 104.19800 103.05300 103.84700 104.87100 104.88500 104.94900 106.57000 104.01300 106.68500 110.16400 106.61700 107.54300 107.11100 105.80600 104.64600 105.03500 104.63900 106.87300 107.82200 107.21100 114.51700 112.89700 137.25400 136.07600 134.80600 136.64301 131.13300 126.29300 122.97000 116.67700 126.42600 133.26100 131.83400 133.45799 134.51801 133.95500 135.77699 130.47900 134.01300 136.36200 135.70100 133.86900 135.26300 128.52200 117.78200 131.43600 140.19000 136.74200 133.43800 137.11301
-9999 -9999 -9999 -9999 133.80600 128.86700 124.41200 109.95000 112.34600 96.36400 91.20180 -9999 -9999 -9999 -9999 107.69600 100.61800 97.73160 124.35500 97.88330 94.61060 96.00140 98.88440 102.19200 102.98200 102.17200 99.90600 101.33000 100.87000 102.86900 103.06200 101.56100 100.78700 101.68200 107.63700 112.34400 114.77500 112.97800 110.78700 106.84500 108.55400 111.26800 116.09000 122.08800 125.05700 138.16000 141.74600 136.86301 133.66901 126.18700 121.60300 128.48900 132.47800 133.06799 134.79500 131.65199 133.66299 134.16000 137.49400 136.01801 136.54201 129.71001 125.64600 123.31700 121.37400 136.64101 135.41701 132.01601 131.87601 133.64301
-9999 -9999 -9999 -9999 -9999 -9999 116.30000 132.66299 84.68820 101.72600 98.82290 -9999 -9999 -9999 -9999 -9999 96.56000 95.06150 93.81820 94.19700 94.00980 88.09880 94.14570 100.35400 98.03800 95.87280 100.89700 143.52901 143.63499 137.07700 101.81000 101.03500 102.30800 104.31300 104.62400 103.99500 110.83000 112.79400 108.58000 109.96400 110.13200 116.89600 118.84500 117.28200 135.68100 134.79100 134.31100 138.69800 138.39101 135.15300 141.67900 139.33701 131.96600 138.56700 135.63901 134.44099 132.16499 132.38200 133.45100 118.96700 116.72500 119.76900 124.59300 118.54200 116.08600 123.67200 134.24699 129.40199 127.05300 127.49400
-9999 -9999 -9999 -9999 -9999 -9999 -9999 -9999 -9999 -9999 -9999 -9999 -9999 -9999 -9999 -9999 -9999 -9999 -9999 91.39520 91.82460 84.70130 92.01560 94.12390 97.50070 97.51260 119.52700 115.55500 114.44900 92.54400 100.43400 101.22800 105.42100 106.36600 105.18100 106.83600 108.59300 115.16700 113.79300 115.58800 118.81400 121.22000 120.31300 123.67500 123.64100 121.87300 115.11100 135.66299 135.91499 142.39600 145.78500 139.18700 140.86700 141.06599 131.18300 127.83500 114.32100 117.16800 113.61800 114.51200 125.84200 132.02400 114.72800 113.86300 111.69100 126.42400 131.22600 125.51600 125.22300 133.42900
-9999 -9999 -9999 -9999 -9999 -9999 -9999 -9999 -9999 -9999 -9999 -9999 -9999 -9999 -9999 -9999 -9999 -9999 95.08560 93.00930 89.45860 87.81660 90.10980 90.68030 88.45570 86.36530 115.64700 116.56200 89.90210 91.11600 93.92580 99.60520 101.37100 102.10700 105.48400 129.21600 112.62700 113.40600 114.53700 116.89200 119.55300 122.44300 123.14400 122.47400 122.35900 133.94701 118.05900 463.78601 613.58002 648.14502 657.08301 139.55701 140.87399 144.40500 143.48500 138.17799 117.94100 115.86400 127.17500 117.86700 132.11900 137.80200 120.67600 119.51700 133.97099 126.54200 119.18000 128.73199 137.89999 129.31100
-9999 -9999 -9999 -9999 -9999 -9999 -9999 -9999 -9999 -9999 -9999 -9999 -9999 -9999 -9999 -9999 -9999 97.17330 96.84850 89.58710 90.49050 89.02880 85.66690 84.50210 80.92820 81.94380 119.39700 111.83600 116.92500 117.96800 120.30400 121.69500 102.75100 120.18300 126.86900 132.60100 132.76700 114.45000 114.00700 117.29800 117.55300 131.83800 122.09300 131.82001 114.17800 112.21900 133.27000 625.58502 612.73199 632.20599 637.68799 143.32899 139.93100 145.04300 144.09700 148.55299 117.04200 114.34200 114.74500 114.84400 122.91800 133.53700 123.21400 126.34000 112.29400 115.40100 119.76200 116.37100 138.97900 141.86600
-9999 -9999 -9999 -9999 -9999 -9999 -9999 -9999 -9999 -9999 -9999 -9999 -9999 -9999 -9999 -9999 -9999 97.55850 94.08340 95.13160 93.32900 117.94900 113.53400 77.01300 76.23480 81.11860 79.10290 77.92180 76.71810 112.88100 118.87900 121.04300 122.14800 119.73900 125.94000 131.48000 135.38400 103.55500 109.70900 113.93100 111.23100 110.87700 129.50000 103.90300 126.98800 129.19099 126.24600 456.27499 454.60901 611.71698 636.30798 140.76401 142.36000 143.90601 141.32201 151.04601 129.20599 121.13200 116.25100 121.23800 116.16500 115.17800 115.14200 113.24000 113.99900 117.08100 118.98800 127.48300 140.87399 149.95700
-9999 -9999 -9999 -9999 -9999 -9999 -9999 -9999 -9999 -9999 -9999 -9999 -9999 -9999 -9999 -9999 102.02400 100.58200 96.02390 94.15930 113.78200 78.43050 78.20310 77.59700 76.15510 77.99550 77.83560 77.19680 76.34580 76.06430 76.79560 76.86990 110.82700 117.14800 120.24500 124.15600 122.14600 125.57300 103.47100 104.54700 99.73510 107.90300 131.29100 123.50700 97.97840 123.51900 124.79000 466.60101 455.23001 603.56097 631.04401 140.48399 142.70399 143.14700 139.97701 149.82899 151.10899 133.17300 134.17999 119.74300 117.86500 120.91100 124.24600 135.71700 139.74100 143.83900 139.58701 140.62300 141.39400 147.91701
-9999 -9999 -9999 -9999 -9999 -9999 -9999 -9999 -9999 -9999 -9999 -9999 -9999 96.38030 96.34690 95.43710 94.55970 98.23930 118.35100 111.97000 78.09650 79.79200 77.24590 78.64940 78.44130 77.50730 76.88610 364.06900 363.54901 363.57901 547.33801 555.04999 363.37399 360.78601 554.48199 559.49799 571.74298 565.25897 426.04300 433.70700 431.76099 594.40399 586.58698 412.05600 593.98199 598.53198 611.18799 618.78302 631.28400 638.78699 643.94702 644.53003 639.41302 637.43402 656.14899 680.51099 681.32397 667.96100 605.95697 619.89899 646.01703 718.91101 736.90802 754.51801 733.57098 727.12701 714.04999 141.55200 140.41701 149.69099
-9999 -9999 -9999 -9999 -9999 -9999 -9999 -9999 -9999 -9999 -9999 -9999 92.26140 94.41550 120.70700 118.44100 117.50800 82.07100 79.74080 75.40170 75.62340 74.53950 73.41800 76.64500 75.06100 73.96870 73.57160 361.49200 539.61603 543.92200 538.15997 544.06702 548.72498 538.63098 553.06000 555.06000 374.56699 385.50800 418.27600 422.41599 416.73599 413.92200 586.86798 586.64398 589.33197 598.17700 611.29797 615.92401 633.09399 644.41901 643.79602 496.33301 645.95502 502.90100 634.15302 643.97998 674.59698 643.33600 640.21698 709.64801 713.80103 724.03497 733.82202 740.30701 741.84900 746.14600 748.08197 140.06500 143.81700 138.49400
-9999 -9999 -9999 -9999 -9999 -9999 -9999 -9999 -9999 -9999 -9999 121.20200 88.81990 116.62100 81.84070 78.04480 76.51920 74.92180 75.28950 74.07750 73.69320 71.32590 71.12700 72.07710 72.09030 72.00480 112.05100 534.97302 539.53900 542.78003 538.69598 361.57001 363.37299 366.95999 359.05801 557.32898 393.13699 406.93201 412.98199 411.82700 405.54501 583.74597 576.37500 576.00897 582.69598 591.57703 602.29498 612.38098 622.50403 639.21600 663.06201 557.06299 536.52002 660.03802 556.14502 529.94202 660.96503 569.40997 586.68500 670.97803 697.10699 686.42700 688.27002 691.14697 721.26599 728.84900 716.62402 146.36600 138.80901 126.26000
-9999 -9999 -9999 -9999 -9999 -9999 -9999 -9999 -9999 -9999 81.36110 82.44940 77.51780 77.83530 75.64730 73.27000 72.81270 72.37810 72.62280 71.96810 71.21980 70.54490 70.48390 70.91250 70.78700 71.11830 71.23320 540.92401 538.07703 349.25201 349.38699 361.97299 361.60999 550.55298 552.26001 552.89801 399.40500 406.43399 424.99500 407.64200 579.84302 568.98297 566.07397 571.04303 577.25598 592.40302 597.25098 611.00098 622.00598 642.51703 659.99701 574.95697 667.02002 567.56000 556.25897 535.60901 667.78003 683.30798 655.51099 661.87701 672.63599 680.84302 684.88098 697.25500 707.20502 717.19299 752.62000 145.42799 134.16100 119.20600
-9999 -9999 -9999 -9999 -9999 -9999 -9999 -9999 -9999 146.44800 145.56500 143.43600 143.96500 144.79300 143.33900 142.08600 141.90900 142.43900 141.54201 140.93300 140.99699 140.74400 140.96100 140.59900 140.16901 140.70900 140.93100 142.72600 142.05099 141.62300 141.78400 352.53699 365.42401 370.04001 560.04797 569.26300 428.68500 424.53400 414.42899 568.94598 561.59802 556.59198 560.89203 730.90002 572.88098 747.48901 592.35400 609.66699 629.07098 642.28497 663.97900 671.80103 576.76300 690.94098 639.13599 655.87097 644.57599 637.17297 637.53497 652.30298 664.85101 686.67700 676.52197 694.11499 677.54901 686.67297 713.01202 274.55099 239.10201 231.45399
-9999 -9999 -9999 -9999 -9999 -9999 -9999 -9999 -9999 -9999 143.35899 140.26300 140.33299 140.85001 139.87700 140.24001 140.50400 141.04500 140.78600 140.89900 141.05000 140.13200 140.52499 -9999 -9999 -9999 -9999 -9999 -9999 146.70200 147.84599 362.63501 364.22800 368.64001 368.19400 569.12799 584.14801 409.11301 401.33099 557.34399 558.83600 559.08398 571.34698 737.37799 732.44702 740.80902 748.01398 601.81201 630.86499 643.75098 650.27197 526.25201 566.33002 616.47302 698.63898 641.22699 628.48102 632.81799 630.60199 642.24298 664.56598 655.90698 572.39301 672.28198 706.48901 709.35199 704.04401 258.23401 247.22600 255.37100
-9999 -9999 -9999 -9999 -9999 -9999 -9999 -9999 -9999 -9999 -9999 -9999 139.93500 140.39600 140.35500 139.01801 139.18600 139.79500 139.95200 -9999 -9999 -9999 -9999 -9999 -9999 -9999 -9999 -9999 -9999 -9999 -9999 -9999 -9999 367.56500 544.37402 559.52802 576.12097 560.21002 380.46399 378.45001 560.64801 557.01398 563.58600 569.72900 576.21802 735.79700 748.52502 591.85303 609.78497 621.22900 636.29303 669.46301 677.00403 669.09198 661.10199 631.16400 637.38702 610.97998 448.24899 634.62201 662.16101 653.41699 676.55798 663.91901 688.48700 697.99103 649.68402 232.50700 240.11099 257.92001
-9999 -9999 -9999 -9999 -9999 -9999 -9999 -9999 -9999 -9999 -9999 -9999 -9999 -9999 -9999 -9999 -9999 -9999 -9999 -9999 -9999 -9999 -9999 -9999 -9999 -9999 -9999 -9999 -9999 -9999 -9999 -9999 -9999 -9999 554.08899 557.46503 556.35901 558.15399 368.23999 554.03400 553.78601 557.13800 719.61102 574.78601 741.32098 741.02802 610.40302 583.23999 603.68701 611.44098 624.87799 658.50098 665.82001 655.61603 649.70898 628.57501 609.59601 639.64697 614.16998 623.41998 641.25403 660.96002 646.15601 663.92200 680.82397 671.39203 684.49200 242.61099 252.90700 274.87601
