data/hydroclimate-scenarios/BCSD_hadcm_B1/monthly_summaries/soilm1_monthly_day1_dec.2070-2099.asc
ncols	311
nrows	91
xllcenter	102.75
yllcenter	31.75
cellsize	0.5
NODATA_value	-9999
[rows 0 to 31 of 91, columns 0 to 70 of 311]
-9999 -9999 -9999 -9999 -9999 -9999 -9999 -9999 -9999 -9999 -9999 -9999 -9999 -9999 -9999 -9999 -9999 -9999 -9999 -9999 -9999 -9999 -9999 -9999 -9999 -9999 -9999 -9999 -9999 -9999 -9999 -9999 -9999 -9999 -9999 -9999 -9999 -9999 -9999 -9999 -9999 -9999 -9999 -9999 -9999 -9999 -9999 -9999 -9999 -9999 -9999 -9999 -9999 -9999 -9999 -9999 -9999 -9999 -9999 -9999 -9999 -9999 -9999 -9999 -9999 -9999 -9999 -9999 -9999 -9999 -9999
-9999 -9999 -9999 -9999 -9999 -9999 -9999 -9999 -9999 -9999 -9999 -9999 -9999 -9999 -9999 -9999 -9999 -9999 -9999 -9999 -9999 -9999 -9999 -9999 -9999 -9999 -9999 -9999 -9999 -9999 -9999 -9999 -9999 -9999 -9999 -9999 -9999 -9999 -9999 -9999 -9999 -9999 -9999 -9999 -9999 -9999 -9999 -9999 -9999 -9999 -9999 -9999 -9999 -9999 -9999 -9999 -9999 -9999 -9999 -9999 -9999 -9999 -9999 -9999 -9999 -9999 -9999 -9999 -9999 -9999 -9999
-9999 -9999 -9999 -9999 -9999 -9999 -9999 -9999 -9999 -9999 -9999 -9999 -9999 -9999 -9999 -9999 -9999 -9999 -9999 -9999 -9999 -9999 -9999 -9999 -9999 -9999 -9999 -9999 -9999 -9999 -9999 -9999 -9999 -9999 -9999 -9999 -9999 -9999 -9999 -9999 -9999 -9999 -9999 -9999 -9999 -9999 -9999 -9999 -9999 -9999 -9999 -9999 -9999 -9999 -9999 -9999 -9999 -9999 -9999 -9999 -9999 -9999 -9999 -9999 -9999 -9999 -9999 -9999 -9999 -9999 -9999
-9999 -9999 -9999 -9999 -9999 -9999 -9999 -9999 -9999 -9999 -9999 -9999 -9999 -9999 -9999 -9999 -9999 -9999 -9999 -9999 -9999 -9999 -9999 -9999 -9999 -9999 -9999 -9999 -9999 -9999 -9999 -9999 -9999 -9999 -9999 -9999 -9999 -9999 -9999 -9999 -9999 -9999 -9999 -9999 -9999 -9999 -9999 -9999 -9999 -9999 -9999 -9999 -9999 -9999 -9999 -9999 -9999 -9999 -9999 -9999 -9999 -9999 -9999 -9999 -9999 -9999 -9999 -9999 -9999 -9999 -9999
-9999 -9999 -9999 -9999 -9999 -9999 -9999 -9999 -9999 -9999 -9999 -9999 -9999 -9999 -9999 -9999 -9999 -9999 -9999 -9999 -9999 -9999 -9999 -9999 -9999 -9999 -9999 -9999 -9999 -9999 -9999 -9999 -9999 -9999 -9999 -9999 -9999 -9999 -9999 -9999 -9999 -9999 -9999 -9999 -9999 -9999 -9999 -9999 -9999 -9999 -9999 -9999 -9999 -9999 -9999 -9999 -9999 -9999 -9999 -9999 -9999 -9999 -9999 -9999 -9999 -9999 -9999 -9999 -9999 -9999 -9999
-9999 -9999 -9999 -9999 -9999 -9999 -9999 -9999 -9999 -9999 -9999 -9999 -9999 -9999 -9999 -9999 -9999 -9999 -9999 -9999 -9999 -9999 -9999 -9999 -9999 -9999 -9999 -9999 -9999 -9999 -9999 -9999 -9999 -9999 -9999 -9999 -9999 -9999 -9999 -9999 -9999 -9999 -9999 -9999 -9999 -9999 -9999 -9999 -9999 -9999 -9999 -9999 -9999 -9999 -9999 -9999 -9999 -9999 -9999 -9999 -9999 -9999 -9999 -9999 -9999 -9999 -9999 -9999 -9999 -9999 -9999
-9999 -9999 -9999 -9999 -9999 -9999 -9999 -9999 -9999 -9999 -9999 -9999 -9999 -9999 -9999 -9999 -9999 -9999 -9999 -9999 -9999 -9999 -9999 -9999 -9999 -9999 -9999 -9999 -9999 -9999 -9999 -9999 -9999 -9999 -9999 -9999 -9999 -9999 -9999 -9999 -9999 -9999 -9999 -9999 -9999 -9999 -9999 -9999 -9999 -9999 -9999 -9999 -9999 -9999 -9999 -9999 -9999 -9999 -9999 -9999 -9999 -9999 -9999 -9999 -9999 -9999 -9999 -9999 -9999 -9999 -9999
-9999 -9999 -9999 -9999 -9999 -9999 -9999 -9999 -9999 -9999 -9999 -9999 -9999 -9999 -9999 -9999 -9999 -9999 -9999 -9999 -9999 -9999 -9999 -9999 -9999 -9999 -9999 -9999 -9999 -9999 -9999 -9999 -9999 -9999 -9999 -9999 -9999 -9999 -9999 -9999 -9999 -9999 70.09840 71.68760 70.71470 70.62270 70.57010 70.42560 69.80900 70.16950 69.72360 68.04480 -9999 -9999 -9999 -9999 -9999 -9999 -9999 -9999 -9999 -9999 -9999 -9999 -9999 -9999 -9999 -9999 -9999 -9999 -9999
-9999 -9999 -9999 -9999 -9999 -9999 -9999 -9999 -9999 -9999 -9999 -9999 -9999 -9999 -9999 -9999 -9999 -9999 -9999 -9999 -9999 -9999 -9999 -9999 -9999 -9999 -9999 -9999 -9999 -9999 -9999 -9999 -9999 -9999 -9999 -9999 -9999 -9999 69.26090 69.02250 68.73210 67.76770 68.19370 69.75280 69.21940 70.98420 70.75240 71.79610 70.33640 67.01570 66.71970 76.02380 78.37900 75.60670 -9999 -9999 -9999 -9999 -9999 -9999 -9999 -9999 -9999 -9999 -9999 -9999 -9999 -9999 -9999 -9999 -9999
-9999 -9999 -9999 -9999 -9999 -9999 -9999 -9999 -9999 -9999 -9999 -9999 -9999 -9999 -9999 -9999 -9999 -9999 -9999 -9999 -9999 -9999 -9999 -9999 -9999 -9999 -9999 -9999 -9999 -9999 -9999 -9999 -9999 -9999 -9999 -9999 -9999 -9999 -9999 -9999 70.66040 70.16930 69.88350 70.11410 68.84660 67.74830 68.69140 68.07120 71.69810 71.20540 70.37600 65.55980 62.84740 62.85230 -9999 -9999 -9999 -9999 -9999 -9999 -9999 -9999 -9999 -9999 -9999 -9999 -9999 -9999 -9999 -9999 -9999
-9999 -9999 -9999 -9999 -9999 -9999 -9999 -9999 -9999 -9999 -9999 -9999 -9999 -9999 -9999 -9999 -9999 -9999 -9999 -9999 -9999 -9999 -9999 -9999 -9999 -9999 -9999 -9999 -9999 -9999 -9999 -9999 -9999 -9999 -9999 -9999 -9999 -9999 -9999 -9999 -9999 -9999 -9999 -9999 71.14260 68.75620 67.92790 65.96680 62.92110 71.46880 68.65040 68.63980 63.39530 63.73350 -9999 -9999 -9999 -9999 -9999 -9999 63.94360 -9999 -9999 -9999 -9999 -9999 -9999 -9999 -9999 -9999 -9999
-9999 -9999 -9999 -9999 -9999 -9999 -9999 -9999 -9999 -9999 -9999 -9999 -9999 -9999 -9999 -9999 -9999 -9999 -9999 -9999 -9999 -9999 -9999 -9999 -9999 -9999 -9999 -9999 -9999 -9999 -9999 -9999 -9999 -9999 -9999 -9999 -9999 -9999 -9999 -9999 -9999 71.71270 71.92300 71.89320 71.88340 70.92220 70.43110 70.47550 69.73860 71.71050 71.57510 69.21770 63.17140 66.11780 -9999 -9999 -9999 -9999 -9999 63.90780 63.43450 62.66540 62.50700 62.15970 61.40170 62.27230 62.18620 61.88200 62.19580 62.63100 62.84970
-9999 -9999 -9999 -9999 -9999 -9999 -9999 -9999 -9999 -9999 -9999 -9999 -9999 -9999 -9999 -9999 -9999 -9999 -9999 -9999 -9999 -9999 -9999 -9999 -9999 -9999 -9999 -9999 -9999 -9999 -9999 -9999 -9999 -9999 -9999 -9999 -9999 -9999 -9999 -9999 -9999 72.34180 72.09290 71.75080 71.88280 71.27290 75.26770 75.39770 71.91710 72.73420 72.74890 70.36590 63.33420 64.33870 66.18440 63.50500 67.45230 -9999 66.17960 62.73580 62.08200 61.95660 61.59180 65.16960 64.81670 63.06300 62.43830 62.52770 62.53910 63.29680 63.85040
-9999 -9999 -9999 -9999 -9999 -9999 -9999 -9999 -9999 -9999 -9999 -9999 -9999 -9999 -9999 -9999 -9999 -9999 -9999 -9999 -9999 -9999 -9999 -9999 -9999 -9999 -9999 -9999 -9999 -9999 -9999 -9999 -9999 -9999 -9999 70.58010 71.08100 71.29990 71.37180 72.16520 72.32950 71.78650 71.70860 71.80360 75.13160 75.15540 71.45060 71.79850 72.44130 73.43920 71.05660 73.43430 70.17890 69.02670 63.29860 63.87420 68.53950 69.48970 66.74030 62.75040 62.43180 62.28780 61.47920 64.82900 65.45330 62.67300 63.43810 63.75690 63.22950 54.84150 55.15280
-9999 -9999 -9999 -9999 -9999 -9999 -9999 -9999 -9999 -9999 -9999 -9999 -9999 -9999 -9999 -9999 -9999 -9999 -9999 -9999 -9999 -9999 -9999 -9999 -9999 -9999 -9999 -9999 -9999 -9999 -9999 -9999 -9999 -9999 69.84290 70.40990 70.70180 72.29230 71.66350 70.84790 71.22700 71.40840 71.83880 75.84820 73.45260 71.77980 71.86660 71.82060 72.59750 73.26180 67.81590 69.42520 69.08640 64.59480 63.80490 68.38900 70.48700 67.11890 65.39370 63.99920 63.28130 61.77590 62.20740 62.31140 60.48800 60.73430 61.60220 63.81220 64.72490 64.52930 65.19220
-9999 -9999 -9999 -9999 -9999 -9999 -9999 -9999 -9999 -9999 -9999 -9999 -9999 -9999 -9999 -9999 -9999 -9999 -9999 -9999 -9999 -9999 -9999 -9999 -9999 -9999 -9999 -9999 -9999 -9999 -9999 -9999 -9999 68.87380 69.25190 69.90540 70.57850 72.02670 71.77750 71.01360 71.44950 71.62970 75.96540 75.60920 72.22520 71.74690 72.09180 71.39850 70.90950 73.37330 72.59110 70.34430 65.87970 63.84110 63.18930 68.24030 68.60570 68.84650 66.58410 63.62620 63.97830 62.19900 61.18520 60.18740 59.81370 60.64890 63.08920 64.32330 64.49820 65.91830 68.39760
-9999 -9999 -9999 -9999 -9999 -9999 -9999 -9999 -9999 -9999 -9999 -9999 -9999 -9999 -9999 -9999 -9999 -9999 -9999 -9999 -9999 -9999 -9999 -9999 -9999 -9999 -9999 -9999 -9999 -9999 -9999 67.89600 68.30160 68.40710 68.91060 69.74060 69.83320 71.27980 71.15930 72.16460 72.21130 72.51570 75.88080 73.16870 72.48810 72.33230 73.15300 73.12220 70.87940 67.83090 64.96630 63.67150 61.98920 63.09960 67.35130 65.79260 67.38610 66.72890 66.81870 65.47460 63.10560 61.04830 61.55030 59.08480 59.59600 61.00190 61.63680 62.67890 63.56370 67.42300 67.79650
-9999 -9999 -9999 -9999 -9999 -9999 -9999 -9999 -9999 -9999 -9999 -9999 -9999 -9999 -9999 -9999 -9999 -9999 -9999 -9999 -9999 -9999 -9999 -9999 -9999 -9999 -9999 -9999 -9999 68.68650 68.19330 68.46440 68.21120 68.09690 68.37980 68.42780 69.45100 72.86080 71.98470 71.96340 75.68980 76.57900 71.89770 72.41600 72.44410 71.59240 71.72510 72.87130 69.43520 68.54770 64.83680 64.07540 62.31710 63.10890 68.36190 69.41480 70.15150 69.76010 68.60420 65.04760 62.43430 61.73980 61.14550 60.25870 59.60600 60.73540 61.52600 63.30870 63.81320 65.33890 66.11640
-9999 -9999 -9999 -9999 -9999 -9999 -9999 -9999 -9999 -9999 -9999 -9999 -9999 -9999 -9999 -9999 -9999 -9999 -9999 -9999 -9999 -9999 -9999 -9999 71.80580 71.05000 70.67210 68.84940 68.51760 68.77790 68.83290 70.51030 70.64720 70.35050 70.47190 70.75850 72.36760 72.64140 72.70370 72.69600 73.66300 77.37770 72.81900 71.23570 71.37530 71.20910 71.26010 72.42980 72.32000 70.09030 68.84470 68.11930 62.75970 67.14380 69.35800 72.02500 71.14810 68.80310 67.87680 65.39060 62.51790 60.35910 60.46810 62.85350 63.50490 62.66330 63.17500 65.69320 65.83610 65.55240 66.84120
-9999 -9999 -9999 -9999 -9999 -9999 71.98900 73.25770 73.81270 73.12750 72.97710 -9999 -9999 -9999 -9999 -9999 -9999 -9999 -9999 -9999 -9999 74.27190 72.60550 72.22380 72.61760 71.17680 70.30120 68.46930 68.65670 69.56750 69.51900 71.03850 70.91430 70.83270 70.74680 70.51710 70.87410 71.62830 73.38750 72.34440 73.14760 73.71360 77.05320 70.89000 71.14420 71.01980 71.07000 72.61860 72.45690 69.17240 67.48560 63.40650 63.69010 71.51770 70.76860 71.80920 71.17410 69.47890 66.79140 65.11200 63.55030 60.64130 61.87490 64.05740 65.01980 62.85520 62.87670 67.26890 67.98970 67.59390 66.25950
-9999 -9999 -9999 -9999 -9999 71.94690 71.97740 72.81820 72.83880 73.07100 73.17210 73.53640 73.46860 73.25920 -9999 -9999 -9999 74.66580 74.34720 73.48460 72.99820 72.36980 72.16280 72.08280 77.29770 79.68970 79.99930 79.87460 81.33080 81.94550 81.51170 80.42840 79.08630 78.86390 80.05310 80.34730 80.82510 82.66690 82.43190 82.39370 82.60220 82.92430 78.56540 80.24740 83.37450 81.75610 80.70200 78.85400 73.26130 69.01820 68.11060 63.86760 67.39120 68.34410 68.57980 68.69120 71.06090 69.83610 68.13270 65.90490 64.94550 65.52030 53.96890 63.91480 63.80590 65.94720 66.86870 68.75140 68.67550 68.90130 67.74190
-9999 72.26950 72.45640 73.10420 71.64450 72.00140 72.33110 72.52140 72.61970 72.71590 72.95550 73.48850 73.46060 73.34940 73.35780 74.41170 74.48020 74.51780 74.55060 74.07420 73.72060 72.66220 73.35660 82.80820 84.16310 83.86250 83.84930 83.74220 83.68930 84.08540 84.33390 84.09220 83.83880 84.08910 84.23850 84.04270 84.20550 84.00880 83.83870 84.24410 84.33330 84.78520 82.47300 78.17950 84.64450 84.83520 84.25590 80.81170 73.31640 70.80550 72.81560 72.06610 70.17130 63.92510 69.21990 71.19150 71.18710 69.37480 69.28210 66.19640 66.81460 65.31610 66.74400 66.48030 67.12770 66.32270 67.13520 68.87890 69.56920 70.53950 71.73050
-9999 72.91950 72.99230 72.81040 72.64270 73.67760 73.28100 73.97960 73.75970 73.76010 74.03180 73.97110 73.88760 74.39090 74.44530 74.10240 74.73780 75.08030 75.08110 74.17800 74.27570 74.82770 79.20070 83.41120 84.04310 84.13350 83.75080 83.82240 83.97000 84.15430 84.13150 84.69280 84.98140 84.64870 83.50080 84.49610 84.64210 84.69690 84.52670 84.31690 84.51020 85.12450 85.51150 78.10750 81.90930 84.64400 84.61830 84.16390 83.90210 81.49540 78.70710 71.33680 67.61820 69.57210 67.07280 68.51770 70.31480 70.06090 67.21920 59.23660 65.59220 64.66670 65.69270 58.82420 66.70830 66.64280 68.37510 67.36190 69.72800 68.15210 69.79870
-9999 -9999 -9999 79.46940 79.88110 80.72890 80.57820 80.64700 80.60290 80.98730 74.31810 75.44690 75.81260 76.40630 75.36290 74.47790 74.92530 75.96650 76.81210 77.29830 79.72970 79.57470 80.32470 84.26160 84.29370 84.54710 84.47320 84.00520 84.32190 84.62980 84.96480 85.30690 84.36170 83.51970 81.58060 80.65150 88.74370 85.68390 83.60940 82.04710 82.23110 81.31350 74.63020 75.32540 76.99700 78.16230 80.50410 83.19490 83.29310 79.90010 72.65980 72.37700 70.72790 71.10640 70.82390 70.23280 68.72570 61.29180 65.41280 59.22190 64.96250 65.92890 63.45480 68.19690 66.82820 68.19650 68.94390 72.08690 71.34810 70.40210 70.71410
-9999 -9999 -9999 -9999 -9999 -9999 80.33460 80.37020 80.03120 77.15620 77.08580 79.95630 79.82010 80.11120 79.98530 77.13440 76.96770 79.99810 80.04470 80.18010 81.98780 83.59920 85.24590 84.66670 84.65450 84.91660 84.74230 82.51580 80.58490 84.42440 84.95080 84.56780 81.14340 73.38730 81.80460 73.54030 77.20040 78.51910 74.52380 74.23930 72.49760 73.34160 73.46490 73.81490 75.00720 75.02210 76.75720 77.17200 78.81300 81.25520 80.81690 81.53730 82.76610 72.76360 73.84190 82.42650 71.77000 69.64430 68.78260 65.00610 60.63930 61.91370 61.54480 61.84480 66.13000 67.14680 68.31700 72.23490 72.11980 71.32730 68.26530
-9999 -9999 -9999 -9999 -9999 -9999 79.84420 79.85850 79.64760 80.18570 80.10870 79.89260 80.02760 80.27620 80.39580 80.18530 80.65710 82.50130 83.57950 85.00400 85.30730 85.10620 85.24480 85.32180 85.26240 85.30830 85.42600 83.07780 75.55930 75.65810 76.48330 75.52270 75.94510 74.31780 75.01470 74.45430 76.37780 76.20330 76.05450 71.44590 74.13680 74.55090 73.77120 73.50680 73.43220 74.18570 74.61610 74.85590 73.59300 75.54970 76.90980 79.37320 80.81130 79.82070 81.00210 82.75160 81.38830 79.75650 77.60940 78.75570 72.75580 73.36160 71.69970 67.20830 68.91000 68.53170 70.92240 72.36050 72.13410 72.26990 70.15680
-9999 -9999 -9999 -9999 -9999 -9999 -9999 -9999 -9999 -9999 80.34820 80.03450 80.06400 80.53890 80.20050 83.08360 85.68020 85.84590 86.11200 85.63230 85.49500 85.43250 85.68850 85.71180 85.84410 85.33600 85.60370 85.84640 84.55840 82.61910 82.86980 80.31740 78.12220 74.45480 74.53120 74.11170 74.02540 73.35410 72.75010 73.26820 78.66060 81.65190 83.06900 81.14980 80.86860 79.89560 80.45990 82.34020 74.37110 74.50860 74.02070 73.64680 72.68280 75.50730 76.62590 76.12380 75.29870 68.30520 69.39890 74.41770 69.17330 76.87350 77.76690 79.80330 79.06990 78.21390 79.06370 75.50380 73.60610 73.59260 72.87310
-9999 -9999 -9999 -9999 -9999 -9999 -9999 -9999 -9999 -9999 81.55900 80.26940 80.20220 80.42330 80.66590 83.54890 86.14290 86.39590 86.20440 85.87120 86.08210 86.08980 86.03840 86.11290 86.21200 85.93120 86.06570 85.88210 85.92380 83.43460 80.90270 80.84460 78.34670 76.06040 80.15790 78.40690 82.10290 84.65000 83.23700 83.86060 85.14240 85.49390 85.25890 85.69620 85.69050 85.93040 85.94370 85.68600 85.40010 76.96790 74.20960 74.03520 73.85150 72.04900 76.64220 72.93250 70.23490 70.25260 69.53780 69.63200 69.27340 68.48850 69.12820 74.73570 77.18780 77.25500 79.03510 83.30420 75.43710 73.97250 75.06710
-9999 -9999 -9999 -9999 -9999 -9999 -9999 -9999 -9999 -9999 -9999 -9999 80.52340 80.22720 80.37980 81.13400 84.92570 86.85910 86.53360 86.43110 86.30310 84.29780 83.77480 81.97050 86.23430 86.30150 86.29270 86.27530 86.16840 85.76620 82.94440 83.47710 83.52820 85.40060 85.81160 85.38830 85.22230 84.92820 84.38490 85.12860 85.24610 85.48820 85.60320 86.07340 86.03790 85.66080 85.75180 85.73930 85.68600 84.62610 80.79690 77.67370 73.01840 78.39930 77.30750 70.06360 67.79580 70.47360 70.27540 69.27090 68.70590 68.45130 68.59310 74.88080 71.33220 72.03450 76.75940 83.35550 81.58420 76.43030 73.94500
-9999 -9999 -9999 -9999 -9999 -9999 -9999 -9999 -9999 -9999 -9999 -9999 80.75600 80.84880 80.77000 81.29760 81.41070 81.93480 84.43340 84.76890 81.21380 79.71060 87.18700 81.08310 86.01810 86.20210 86.40940 86.51110 86.21330 86.25660 86.12390 86.10530 86.08300 86.00930 85.62430 85.35040 84.96520 85.01660 84.72630 85.36170 85.51070 85.75730 85.79850 86.25360 86.20200 83.25850 82.36540 79.13640 75.56150 74.95810 79.52940 79.02480 79.51170 78.80810 77.06460 69.28870 69.98470 71.81230 71.74300 70.11500 69.58130 69.46910 72.44220 71.47120 72.72350 75.95560 78.56270 78.50560 75.57460 75.48620 73.15540
-9999 -9999 -9999 -9999 -9999 -9999 -9999 -9999 -9999 -9999 -9999 80.68010 80.14890 80.92910 81.14600 80.86510 78.21880 76.40390 77.81800 75.39980 78.62650 79.62520 80.32960 83.38060 85.53030 85.12150 85.51030 86.24960 86.31180 86.28790 86.12520 86.14940 86.12780 86.05480 85.85180 85.69010 85.54590 85.69670 85.39370 84.95730 85.06490 85.38530 85.42950 86.05850 85.92800 85.81740 83.40260 79.63440 77.49980 74.87990 75.24540 74.27570 73.44960 71.14370 68.43870 73.09420 73.86220 74.84310 73.87500 71.85640 74.08110 76.13230 76.52460 74.97790 74.22160 74.21150 75.26740 75.90980 75.64490 74.05400 72.03610
-9999 -9999 -9999 -9999 -9999 -9999 -9999 -9999 -9999 -9999 -9999 78.79560 80.84780 81.12450 81.47920 81.14680 78.83430 78.55190 76.25970 79.02830 79.93150 80.51910 84.01690 84.70510 84.79110 84.08090 86.13400 86.09590 86.13940 86.37340 86.21250 85.83700 85.96460 85.85810 86.07690 86.21390 86.26000 86.06600 85.81940 85.52320 85.53950 85.66950 82.96680 82.09350 81.17440 78.52920 78.94390 75.27970 77.47530 77.25750 78.39700 77.82900 77.19890 76.56960 77.05040 79.06060 78.25910 76.89050 76.92230 76.78470 76.01560 78.35520 78.00610 73.85380 73.38730 77.32590 75.56930 76.95410 76.11800 76.40800 75.73600
