data/hydroclimate-scenarios/BCSD_hadcm_B1/monthly_summaries/soilm3_monthly_day1_feb.2030-2059.asc
ncols	311
nrows	91
xllcenter	102.75
yllcenter	31.75
cellsize	0.5
NODATA_value	-9999
[rows 0 to 31 of 91, columns 213 to 283 of 311]
-9999 -9999 -9999 -9999 -9999 -9999 -9999 -9999 -9999 -9999 -9999 -9999 -9999 -9999 -9999 -9999 -9999 -9999 -9999 -9999 -9999 -9999 -9999 -9999 -9999 -9999 -9999 -9999 -9999 -9999 -9999 -9999 -9999 -9999 -9999 -9999 -9999 -9999 -9999 -9999 -9999 -9999 -9999 -9999 -9999 -9999 -9999 -9999 -9999 -9999 -9999 -9999 -9999 -9999 -9999 -9999 -9999 -9999 -9999 -9999 -9999 -9999 -9999 -9999 -9999 -9999 -9999 -9999 -9999 -9999 -9999
-9999 -9999 -9999 -9999 -9999 -9999 -9999 -9999 -9999 -9999 -9999 -9999 -9999 -9999 -9999 -9999 -9999 -9999 -9999 -9999 -9999 -9999 -9999 -9999 -9999 -9999 -9999 -9999 -9999 -9999 -9999 -9999 -9999 -9999 -9999 -9999 -9999 -9999 -9999 -9999 -9999 -9999 -9999 -9999 -9999 -9999 -9999 -9999 -9999 -9999 -9999 -9999 -9999 -9999 -9999 -9999 -9999 -9999 -9999 -9999 -9999 -9999 -9999 -9999 -9999 -9999 -9999 -9999 -9999 -9999 -9999
-9999 -9999 -9999 -9999 -9999 -9999 -9999 -9999 -9999 -9999 -9999 -9999 -9999 -9999 -9999 -9999 -9999 -9999 -9999 -9999 -9999 -9999 -9999 -9999 -9999 -9999 -9999 -9999 -9999 -9999 -9999 -9999 -9999 -9999 -9999 -9999 -9999 -9999 -9999 -9999 -9999 -9999 -9999 -9999 -9999 -9999 -9999 -9999 -9999 -9999 -9999 -9999 -9999 -9999 -9999 -9999 -9999 -9999 -9999 -9999 -9999 -9999 -9999 -9999 -9999 -9999 -9999 -9999 -9999 -9999 -9999
-9999 -9999 -9999 -9999 -9999 -9999 -9999 -9999 -9999 -9999 -9999 -9999 -9999 -9999 -9999 -9999 -9999 -9999 -9999 -9999 -9999 -9999 -9999 -9999 -9999 -9999 -9999 -9999 -9999 -9999 -9999 -9999 -9999 -9999 -9999 -9999 -9999 -9999 -9999 -9999 -9999 -9999 -9999 -9999 -9999 -9999 -9999 -9999 -9999 -9999 -9999 -9999 -9999 -9999 -9999 -9999 -9999 -9999 -9999 -9999 -9999 -9999 -9999 -9999 -9999 -9999 -9999 -9999 -9999 -9999 -9999
-9999 -9999 -9999 -9999 -9999 -9999 -9999 -9999 -9999 -9999 -9999 -9999 -9999 -9999 -9999 -9999 -9999 -9999 -9999 -9999 -9999 -9999 -9999 -9999 -9999 -9999 -9999 -9999 -9999 -9999 -9999 -9999 -9999 -9999 -9999 -9999 -9999 -9999 -9999 -9999 -9999 -9999 -9999 -9999 -9999 -9999 -9999 -9999 -9999 -9999 -9999 -9999 -9999 -9999 -9999 -9999 -9999 -9999 -9999 -9999 -9999 -9999 -9999 -9999 -9999 -9999 -9999 -9999 -9999 -9999 -9999
-9999 -9999 -9999 -9999 -9999 -9999 -9999 -9999 -9999 -9999 -9999 -9999 -9999 -9999 -9999 -9999 -9999 -9999 -9999 -9999 -9999 -9999 -9999 -9999 -9999 -9999 -9999 -9999 -9999 -9999 -9999 -9999 -9999 -9999 -9999 -9999 -9999 -9999 -9999 -9999 -9999 -9999 -9999 -9999 -9999 -9999 -9999 -9999 -9999 -9999 -9999 -9999 -9999 -9999 -9999 -9999 -9999 -9999 -9999 -9999 -9999 -9999 -9999 -9999 -9999 -9999 -9999 -9999 -9999 -9999 -9999
-9999 -9999 -9999 -9999 -9999 -9999 -9999 -9999 -9999 -9999 -9999 -9999 -9999 -9999 -9999 -9999 -9999 -9999 -9999 -9999 -9999 -9999 -9999 -9999 -9999 -9999 -9999 -9999 -9999 -9999 -9999 -9999 -9999 -9999 -9999 -9999 -9999 -9999 -9999 -9999 -9999 -9999 -9999 -9999 -9999 -9999 -9999 -9999 -9999 -9999 -9999 -9999 -9999 -9999 -9999 -9999 -9999 -9999 -9999 -9999 -9999 -9999 -9999 -9999 -9999 -9999 -9999 -9999 -9999 -9999 -9999
-9999 -9999 -9999 -9999 -9999 -9999 -9999 -9999 -9999 -9999 -9999 -9999 -9999 -9999 -9999 -9999 -9999 -9999 -9999 -9999 -9999 -9999 -9999 -9999 -9999 -9999 -9999 -9999 -9999 -9999 -9999 -9999 -9999 -9999 -9999 -9999 -9999 -9999 -9999 -9999 -9999 -9999 -9999 -9999 -9999 -9999 -9999 -9999 -9999 -9999 -9999 -9999 -9999 -9999 -9999 -9999 -9999 -9999 -9999 -9999 -9999 -9999 -9999 -9999 -9999 -9999 -9999 -9999 -9999 -9999 -9999
-9999 -9999 -9999 -9999 -9999 -9999 -9999 -9999 -9999 -9999 -9999 -9999 -9999 -9999 -9999 -9999 -9999 -9999 -9999 -9999 -9999 -9999 -9999 -9999 -9999 -9999 -9999 -9999 -9999 -9999 -9999 -9999 -9999 -9999 -9999 -9999 -9999 -9999 -9999 -9999 -9999 -9999 -9999 -9999 -9999 -9999 -9999 -9999 -9999 -9999 -9999 -9999 -9999 -9999 -9999 -9999 -9999 -9999 -9999 -9999 -9999 -9999 -9999 -9999 -9999 -9999 -9999 -9999 -9999 -9999 -9999
-9999 -9999 -9999 -9999 -9999 -9999 -9999 -9999 -9999 -9999 -9999 -9999 -9999 -9999 -9999 -9999 -9999 -9999 -9999 -9999 -9999 -9999 -9999 -9999 -9999 -9999 -9999 -9999 -9999 -9999 -9999 -9999 -9999 -9999 -9999 -9999 -9999 -9999 -9999 -9999 -9999 -9999 -9999 -9999 -9999 -9999 -9999 -9999 -9999 -9999 -9999 -9999 -9999 -9999 -9999 -9999 -9999 -9999 -9999 -9999 -9999 -9999 -9999 -9999 -9999 -9999 -9999 -9999 -9999 -9999 -9999
-9999 -9999 -9999 -9999 -9999 -9999 -9999 -9999 -9999 -9999 -9999 -9999 -9999 -9999 -9999 -9999 -9999 -9999 -9999 -9999 -9999 -9999 -9999 -9999 -9999 -9999 -9999 -9999 -9999 -9999 -9999 -9999 -9999 -9999 -9999 -9999 -9999 -9999 -9999 -9999 -9999 -9999 -9999 -9999 -9999 -9999 -9999 -9999 -9999 -9999 -9999 -9999 -9999 -9999 -9999 -9999 -9999 -9999 -9999 -9999 -9999 -9999 -9999 -9999 -9999 -9999 -9999 -9999 -9999 -9999 -9999
-9999 -9999 -9999 -9999 -9999 -9999 -9999 -9999 -9999 -9999 -9999 -9999 -9999 -9999 -9999 -9999 -9999 -9999 -9999 -9999 -9999 -9999 -9999 -9999 -9999 -9999 -9999 -9999 -9999 -9999 -9999 -9999 -9999 -9999 -9999 -9999 -9999 -9999 -9999 -9999 -9999 -9999 -9999 -9999 -9999 -9999 -9999 -9999 -9999 -9999 -9999 -9999 -9999 -9999 -9999 -9999 -9999 -9999 -9999 -9999 -9999 -9999 -9999 -9999 -9999 -9999 -9999 -9999 -9999 -9999 -9999
-9999 -9999 -9999 -9999 -9999 -9999 -9999 -9999 -9999 -9999 -9999 -9999 -9999 -9999 -9999 -9999 -9999 -9999 -9999 -9999 -9999 -9999 -9999 -9999 -9999 -9999 -9999 -9999 -9999 -9999 -9999 -9999 -9999 -9999 -9999 -9999 -9999 -9999 -9999 -9999 -9999 -9999 -9999 -9999 -9999 -9999 -9999 -9999 -9999 -9999 -9999 -9999 -9999 -9999 -9999 -9999 -9999 -9999 -9999 -9999 -9999 -9999 -9999 -9999 -9999 -9999 -9999 -9999 -9999 -9999 -9999
19.20430 19.19000 19.50000 19.60200 19.20380 19.42050 -9999 -9999 -9999 -9999 -9999 -9999 -9999 -9999 -9999 -9999 -9999 -9999 -9999 -9999 -9999 -9999 -9999 -9999 -9999 -9999 -9999 -9999 -9999 -9999 -9999 -9999 -9999 -9999 -9999 -9999 -9999 -9999 -9999 -9999 -9999 -9999 -9999 -9999 -9999 -9999 -9999 22.00890 -9999 -9999 -9999 -9999 -9999 -9999 -9999 -9999 -9999 -9999 -9999 -9999 -9999 -9999 -9999 -9999 -9999 -9999 -9999 -9999 -9999 -9999 -9999
19.11090 19.13200 19.14670 19.15930 19.17410 19.47840 19.76410 20.36780 21.00130 21.42030 22.35710 23.61190 23.40160 22.21010 22.00310 22.47970 22.70880 22.61390 24.05430 -9999 -9999 -9999 -9999 -9999 -9999 -9999 -9999 -9999 -9999 -9999 -9999 -9999 -9999 -9999 -9999 -9999 -9999 -9999 -9999 -9999 -9999 -9999 21.32480 20.70750 19.74010 19.11270 19.16110 19.30000 20.03710 -9999 -9999 -9999 19.84240 -9999 -9999 -9999 19.91780 20.22290 20.38700 -9999 -9999 -9999 -9999 -9999 -9999 -9999 -9999 -9999 -9999 -9999 -9999
20.91040 21.51470 22.11080 22.62880 23.34890 23.35390 23.36500 23.37600 23.42740 23.53210 23.54450 23.90310 23.92100 24.13170 24.21920 24.09140 23.98410 23.93310 23.60220 23.53970 23.50120 23.57570 23.68430 23.84910 23.48560 -9999 -9999 -9999 -9999 -9999 18.66550 18.21900 18.23300 20.48990 21.90640 21.20730 20.91830 20.17590 19.93910 19.81930 19.58240 19.10930 19.10920 19.10930 19.11080 19.11190 19.23640 19.31680 19.27390 19.35570 19.42260 19.54540 19.80870 20.00860 19.82400 19.84270 20.04440 20.20920 20.76130 20.72690 20.54090 20.35150 20.06970 19.93860 -9999 -9999 -9999 -9999 -9999 -9999 -9999
23.38850 23.53840 23.61140 23.75920 23.62230 23.75010 23.84180 23.43580 22.51520 21.69240 21.01630 132.70599 132.31900 132.87199 132.47701 132.60001 131.97400 19.54930 19.39430 19.85050 21.87650 22.40730 22.73480 22.85640 22.96330 22.90380 22.63090 22.62070 22.74290 22.66980 22.17430 18.32280 18.21660 18.21730 18.91130 19.14400 19.11590 19.11080 19.11000 19.11000 19.10990 19.11000 19.11020 19.11110 19.11620 19.12010 19.15130 19.16990 19.23120 19.26780 19.37150 19.47340 19.56580 19.63350 19.82820 19.82780 19.91070 19.99240 20.16200 20.14610 20.09500 20.13700 20.09370 20.14320 19.93130 19.87080 19.93750 19.94270 20.09240 20.19260 20.11380
24.07770 23.77610 23.37040 22.60890 21.84110 132.93600 132.43900 132.07500 131.99500 131.68201 131.57500 131.56200 131.62399 131.56900 131.53101 131.51900 131.54700 131.55299 131.70900 131.69600 131.70700 131.75999 132.06599 132.42400 129.80600 130.00301 24.21260 130.25000 22.78660 22.92520 24.77360 20.38060 18.22570 18.63570 19.15670 19.14380 19.11920 19.11630 19.11190 19.11170 19.11030 19.11060 19.11110 19.11110 19.12290 19.12400 19.11800 19.13020 19.18580 19.21090 19.24200 19.31270 19.38210 19.52660 19.66390 19.69890 19.87510 19.86880 19.92190 19.90290 19.97740 19.96580 19.82750 19.86930 19.67200 19.73350 19.91850 20.06470 20.38180 20.47720 20.40180
132.63100 132.65601 132.15800 132.38300 132.48900 131.75400 131.64600 131.52200 131.51401 131.52400 131.55400 131.56000 131.50600 131.52901 131.50900 131.54601 131.56300 131.54500 131.64101 131.59801 131.78000 132.01700 132.62801 130.35400 129.99800 129.98100 131.85899 131.87500 131.75200 22.64420 24.50410 23.83330 20.06110 17.97750 17.93870 17.93530 17.93080 17.93610 17.93970 17.93770 17.92920 17.92910 17.93100 17.93270 17.93820 17.95360 17.96780 17.95210 17.99610 18.50560 19.26910 19.31660 19.38920 19.41800 19.46250 19.53840 19.48680 19.52850 19.60020 19.57810 19.58120 18.36350 18.69370 19.06730 19.01500 19.12190 19.28820 19.82350 19.92510 20.00780 20.90410
132.75000 133.25700 133.30299 132.44800 132.16100 131.97400 131.60500 131.63100 131.56599 131.51601 131.51300 131.50600 131.51100 131.50600 131.52800 131.53300 131.53101 131.53900 132.22400 132.15601 131.81200 132.06100 131.72600 130.21400 129.92300 129.92700 129.74699 129.96899 131.74800 130.15300 22.68680 24.07920 23.43740 18.36390 19.29500 19.14580 19.46160 19.46010 19.50730 19.59410 19.84180 19.80160 19.42310 19.43210 19.24300 19.40310 19.37820 19.43860 19.47440 19.56050 19.78100 18.41720 18.55150 18.62740 18.01690 18.04630 18.08880 18.14030 18.34150 18.78170 18.68920 20.35620 20.32290 20.34740 20.08130 20.23310 20.50960 19.38490 21.64200 23.02510 23.41330
133.02100 134.15500 134.01300 132.84100 132.01801 131.68800 131.58600 131.53700 131.50301 131.50101 131.50600 131.50600 131.50200 131.50200 131.50500 131.52499 131.53400 131.54401 131.71800 131.56900 131.52901 131.54401 131.57001 131.55200 129.80701 129.88600 129.83600 129.84200 129.81300 129.80600 23.37760 22.87880 24.75750 24.95450 24.91030 21.80730 19.46450 18.76040 18.29250 18.28640 20.26610 20.10990 19.61750 19.46500 19.34510 19.44190 19.41310 19.41330 19.47850 19.52040 19.69370 19.71380 19.66350 19.72240 19.68520 19.73980 19.68530 19.67660 19.63810 19.59080 18.60680 20.31950 20.24460 20.43330 20.09320 20.17720 20.53150 22.24200 22.35190 22.52040 22.83330
132.83400 132.18700 131.66499 131.50800 131.50999 131.50999 131.50500 131.50700 131.50400 131.50200 131.50500 131.50301 131.50101 131.50101 131.50700 131.50600 131.50600 131.50800 131.86800 131.71001 131.50800 131.50600 131.50200 131.50301 131.50200 131.56000 129.79900 130.06799 129.79900 129.79601 24.81920 24.83890 24.85160 24.98070 25.04980 24.97510 24.93820 24.87030 25.02020 25.02860 24.84430 23.63940 24.08100 24.05180 21.34700 22.79180 23.21300 22.02820 19.96410 19.78800 19.97930 19.70310 19.66930 19.72830 19.79990 19.86270 19.64440 19.64990 19.46810 19.71440 20.55430 20.20550 20.23950 20.33700 20.01500 19.85010 21.80850 21.91990 21.97840 22.24690 22.46310
132.49001 131.63600 131.55099 131.56900 131.85201 132.62900 133.95599 133.92700 133.18900 132.17500 131.83501 131.65800 131.52600 131.50101 131.50999 131.52000 131.61400 131.53400 131.81300 131.84599 131.50200 131.50000 131.50000 131.50000 131.50000 23.30160 23.30490 23.30830 23.30770 23.91600 24.06530 24.54680 24.50260 24.01220 23.96500 23.63100 23.63000 23.62410 24.00780 23.70090 23.89140 23.89870 23.85410 23.22090 24.67430 24.56720 24.30040 24.14290 24.38470 24.44860 23.17470 22.41130 20.39600 20.16440 19.59950 19.50900 19.68710 20.05150 19.97140 20.52720 20.95850 19.92280 19.93040 19.89790 19.62800 19.57700 21.74160 21.78560 21.81310 21.91980 22.42280
132.42000 132.37399 132.70799 132.30499 132.04500 132.87601 134.02299 134.07401 133.25400 133.07700 132.98599 132.94000 132.63300 132.37801 132.15900 131.69000 131.55400 131.51199 132.00400 131.97600 131.54300 131.50000 23.30020 23.30010 23.30020 23.30010 23.30130 23.30260 23.30220 23.30310 23.33040 23.30610 23.30390 23.30320 23.31750 23.32350 23.31940 23.34520 23.32060 23.32620 23.36280 23.37530 23.43660 23.47830 23.61230 23.67180 23.59370 23.42150 23.78860 25.13150 24.75640 24.70790 24.20220 23.15170 19.99800 19.50200 19.71040 20.40900 20.14500 20.03370 19.91200 19.76720 19.56850 19.65370 19.45410 19.56680 19.83050 21.73470 21.71300 21.78150 22.07160
131.88200 131.92500 132.29601 132.24500 132.14600 131.98500 131.68201 131.82600 132.73801 132.61400 132.67999 132.68100 133.22400 133.02200 132.57800 132.25999 131.71700 131.50999 131.52000 132.00101 132.52200 131.79201 131.70100 131.71899 21.60020 22.60000 23.30040 23.40020 23.40120 23.50310 23.60110 23.74950 23.84200 23.78100 23.66470 23.56720 23.60530 23.53030 23.44840 23.39540 23.63920 23.61110 23.53160 23.52510 23.68670 23.65900 23.60580 23.66880 23.59940 23.69140 23.71500 23.46200 24.21670 23.71250 23.21300 19.19890 19.31150 19.50300 19.41470 19.38020 19.44690 19.38650 19.29050 19.06290 19.45950 19.59920 19.41340 19.69280 21.74630 21.74930 21.99680
131.71300 131.78400 131.80200 131.95200 132.46600 132.16499 132.28600 132.30701 132.23199 131.90401 132.06400 132.28900 132.63000 133.28999 133.46201 131.77000 131.53600 131.51199 131.51700 131.50700 131.50301 131.51500 131.50000 131.50101 131.50500 131.67101 131.50101 131.50000 23.00080 131.50101 131.50000 131.50101 131.50101 131.50200 131.50101 131.50400 23.90660 23.52540 131.56100 131.84801 23.54770 23.62760 23.54990 23.64510 23.64920 23.80590 23.72760 23.55330 23.62540 23.68370 23.72230 23.74980 23.31740 24.14190 23.65370 23.30830 19.53860 19.23800 19.23850 19.28970 19.25260 19.26430 19.21070 19.00990 19.15460 19.27130 19.32230 19.32160 19.24410 21.70960 21.86370
134.09300 134.86600 134.78700 134.58400 133.62100 135.05400 134.83000 134.65100 134.92900 135.28999 135.59900 135.35400 134.47501 132.30200 132.37801 131.71400 131.58701 131.50700 131.58000 131.50200 131.50200 131.50200 131.50200 131.50301 131.50101 131.50101 131.50301 131.50301 131.50500 131.51300 131.51300 131.50400 131.50301 131.50500 131.50900 131.51401 131.50900 131.51500 131.55200 131.65199 131.74899 131.67300 23.67020 23.91350 23.99450 24.02580 23.81270 23.86120 23.59860 23.48550 23.60220 23.74200 23.45440 23.24230 24.35220 23.14070 19.78060 19.79770 19.82010 19.89050 19.59020 19.61440 19.47220 19.31070 19.30560 19.40190 19.62720 19.53260 19.50880 19.59730 21.76530
134.80701 25.17770 23.44660 22.00040 135.22701 134.96500 21.82400 21.84360 22.05570 22.22360 135.46300 21.54390 22.41200 136.22301 136.23801 132.73500 131.54601 131.53000 133.43300 132.68600 131.84100 131.89700 131.54800 131.62601 131.50101 131.50200 131.50101 131.50301 131.50400 131.50600 131.50400 131.50101 131.50101 131.50200 131.50101 131.50500 131.51500 131.53101 131.56599 131.64799 131.63699 131.89200 24.27430 24.25030 24.50940 24.84770 24.83880 24.58960 23.88820 23.88410 23.93750 23.65290 23.61590 23.54430 24.88650 23.40120 20.94040 19.75930 20.10830 20.02670 19.71130 19.94410 19.82140 19.56360 19.32110 19.29370 19.38280 19.60160 19.67020 19.74640 22.65830
24.03080 24.77030 24.07280 25.23770 26.43240 26.16130 25.32640 22.89540 20.92230 20.68580 20.94770 21.07620 22.79460 25.10900 26.33390 134.59200 134.22400 131.58299 135.55000 134.96800 134.33701 133.18401 132.48199 131.72800 131.50000 131.50000 131.50101 131.50301 131.50301 131.51300 131.53200 131.50700 131.50200 131.50101 131.50000 131.50101 131.50999 131.53700 131.58900 131.82100 131.95500 132.10400 24.97500 25.03190 25.12420 25.52610 25.83730 25.63050 25.08670 25.07080 24.56390 24.38040 23.98220 23.86510 25.18600 23.67420 19.72720 20.16930 20.50540 20.42520 18.31790 18.38490 18.43050 18.39200 18.31460 19.60830 19.46570 19.88710 19.37560 21.01080 21.45190
25.62570 25.24760 24.13860 24.25730 23.69910 26.02900 25.80600 25.35580 23.32040 20.65170 19.20050 19.30040 23.58770 24.79970 25.05770 135.16901 136.80800 136.01100 135.97200 135.46100 136.08600 138.49100 137.04201 133.42599 131.56700 131.50301 131.50000 131.50000 131.50000 131.52000 131.50999 131.50101 131.50101 131.50500 131.50101 131.50200 131.53000 131.53500 131.60201 132.06100 132.47200 132.77100 133.03200 26.62580 25.91540 26.69270 26.72040 26.39230 25.88590 25.42520 25.15100 24.48400 24.12930 24.38860 23.91870 22.98060 21.56940 21.09760 21.29980 23.91670 21.85150 20.84380 20.45080 19.58600 18.38460 18.39280 19.94840 20.83250 21.57530 21.69670 21.96400
24.13370 23.51350 24.56800 25.31350 26.42020 25.98410 25.89240 26.03190 26.59180 26.61730 25.72780 24.24130 25.84100 27.32810 28.84550 138.16800 28.35620 29.06620 136.35201 136.49699 136.59700 137.43401 137.03500 133.64101 131.79300 131.55400 131.51401 131.58299 131.50200 131.52699 131.52000 131.50800 131.50400 131.50101 131.54201 131.57899 131.53600 131.64500 132.08501 132.50101 132.37399 26.84630 29.12040 28.33490 27.67170 28.56520 27.69610 26.88990 26.59520 26.38120 25.70300 25.16460 24.49320 24.58970 24.79910 22.52570 22.68430 21.90070 22.62300 22.62010 22.10400 23.59010 22.92340 22.70090 23.49250 23.47670 23.61150 23.61330 24.97680 23.27100 23.64020
26.70560 -9999 26.61850 29.21660 29.01440 28.93880 -9999 29.10160 27.28620 24.85480 24.01410 26.06520 29.22560 28.81280 28.89010 28.95490 28.50120 29.78810 30.78390 28.73870 136.92599 136.37700 139.20300 138.35800 136.20700 133.04300 24.69060 24.27740 24.54250 131.92599 131.69099 131.63000 131.50800 131.50700 131.53999 131.58299 131.76199 131.80400 131.78799 25.28350 25.90380 25.02190 30.86420 29.79050 27.88730 28.19220 27.71200 27.42900 27.75100 27.70580 27.56180 26.79680 26.11020 25.16590 24.40940 22.09140 22.36540 21.84760 21.55570 21.58790 20.89130 20.51850 20.56650 20.24290 20.11880 19.87640 19.81010 20.63810 21.47870 22.42520 22.62000
