data/hydroclimate-scenarios/BCSD_hadcm_B1/monthly_summaries/soilm3_monthly_day1_mar.2070-2099.asc
ncols	311
nrows	91
xllcenter	102.75
yllcenter	31.75
cellsize	0.5
NODATA_value	-9999
[rows 0 to 31 of 91, columns 0 to 70 of 311]
-9999 -9999 -9999 -9999 -9999 -9999 -9999 -9999 -9999 -9999 -9999 -9999 -9999 -9999 -9999 -9999 -9999 -9999 -9999 -9999 -9999 -9999 -9999 -9999 -9999 -9999 -9999 -9999 -9999 -9999 -9999 -9999 -9999 -9999 -9999 -9999 -9999 -9999 -9999 -9999 -9999 -9999 -9999 -9999 -9999 -9999 -9999 -9999 -9999 -9999 -9999 -9999 -9999 -9999 -9999 -9999 -9999 -9999 -9999 -9999 -9999 -9999 -9999 -9999 -9999 -9999 -9999 -9999 -9999 -9999 -9999
-9999 -9999 -9999 -9999 -9999 -9999 -9999 -9999 -9999 -9999 -9999 -9999 -9999 -9999 -9999 -9999 -9999 -9999 -9999 -9999 -9999 -9999 -9999 -9999 -9999 -9999 -9999 -9999 -9999 -9999 -9999 -9999 -9999 -9999 -9999 -9999 -9999 -9999 -9999 -9999 -9999 -9999 -9999 -9999 -9999 -9999 -9999 -9999 -9999 -9999 -9999 -9999 -9999 -9999 -9999 -9999 -9999 -9999 -9999 -9999 -9999 -9999 -9999 -9999 -9999 -9999 -9999 -9999 -9999 -9999 -9999
-9999 -9999 -9999 -9999 -9999 -9999 -9999 -9999 -9999 -9999 -9999 -9999 -9999 -9999 -9999 -9999 -9999 -9999 -9999 -9999 -9999 -9999 -9999 -9999 -9999 -9999 -9999 -9999 -9999 -9999 -9999 -9999 -9999 -9999 -9999 -9999 -9999 -9999 -9999 -9999 -9999 -9999 -9999 -9999 -9999 -9999 -9999 -9999 -9999 -9999 -9999 -9999 -9999 -9999 -9999 -9999 -9999 -9999 -9999 -9999 -9999 -9999 -9999 -9999 -9999 -9999 -9999 -9999 -9999 -9999 -9999
-9999 -9999 -9999 -9999 -9999 -9999 -9999 -9999 -9999 -9999 -9999 -9999 -9999 -9999 -9999 -9999 -9999 -9999 -9999 -9999 -9999 -9999 -9999 -9999 -9999 -9999 -9999 -9999 -9999 -9999 -9999 -9999 -9999 -9999 -9999 -9999 -9999 -9999 -9999 -9999 -9999 -9999 -9999 -9999 -9999 -9999 -9999 -9999 -9999 -9999 -9999 -9999 -9999 -9999 -9999 -9999 -9999 -9999 -9999 -9999 -9999 -9999 -9999 -9999 -9999 -9999 -9999 -9999 -9999 -9999 -9999
-9999 -9999 -9999 -9999 -9999 -9999 -9999 -9999 -9999 -9999 -9999 -9999 -9999 -9999 -9999 -9999 -9999 -9999 -9999 -9999 -9999 -9999 -9999 -9999 -9999 -9999 -9999 -9999 -9999 -9999 -9999 -9999 -9999 -9999 -9999 -9999 -9999 -9999 -9999 -9999 -9999 -9999 -9999 -9999 -9999 -9999 -9999 -9999 -9999 -9999 -9999 -9999 -9999 -9999 -9999 -9999 -9999 -9999 -9999 -9999 -9999 -9999 -9999 -9999 -9999 -9999 -9999 -9999 -9999 -9999 -9999
-9999 -9999 -9999 -9999 -9999 -9999 -9999 -9999 -9999 -9999 -9999 -9999 -9999 -9999 -9999 -9999 -9999 -9999 -9999 -9999 -9999 -9999 -9999 -9999 -9999 -9999 -9999 -9999 -9999 -9999 -9999 -9999 -9999 -9999 -9999 -9999 -9999 -9999 -9999 -9999 -9999 -9999 -9999 -9999 -9999 -9999 -9999 -9999 -9999 -9999 -9999 -9999 -9999 -9999 -9999 -9999 -9999 -9999 -9999 -9999 -9999 -9999 -9999 -9999 -9999 -9999 -9999 -9999 -9999 -9999 -9999
-9999 -9999 -9999 -9999 -9999 -9999 -9999 -9999 -9999 -9999 -9999 -9999 -9999 -9999 -9999 -9999 -9999 -9999 -9999 -9999 -9999 -9999 -9999 -9999 -9999 -9999 -9999 -9999 -9999 -9999 -9999 -9999 -9999 -9999 -9999 -9999 -9999 -9999 -9999 -9999 -9999 -9999 -9999 -9999 -9999 -9999 -9999 -9999 -9999 -9999 -9999 -9999 -9999 -9999 -9999 -9999 -9999 -9999 -9999 -9999 -9999 -9999 -9999 -9999 -9999 -9999 -9999 -9999 -9999 -9999 -9999
-9999 -9999 -9999 -9999 -9999 -9999 -9999 -9999 -9999 -9999 -9999 -9999 -9999 -9999 -9999 -9999 -9999 -9999 -9999 -9999 -9999 -9999 -9999 -9999 -9999 -9999 -9999 -9999 -9999 -9999 -9999 -9999 -9999 -9999 -9999 -9999 -9999 -9999 -9999 -9999 -9999 -9999 19.24170 18.73250 19.24860 19.25650 19.36460 19.56880 19.44170 20.24250 19.93670 19.55080 -9999 -9999 -9999 -9999 -9999 -9999 -9999 -9999 -9999 -9999 -9999 -9999 -9999 -9999 -9999 -9999 -9999 -9999 -9999
-9999 -9999 -9999 -9999 -9999 -9999 -9999 -9999 -9999 -9999 -9999 -9999 -9999 -9999 -9999 -9999 -9999 -9999 -9999 -9999 -9999 -9999 -9999 -9999 -9999 -9999 -9999 -9999 -9999 -9999 -9999 -9999 -9999 -9999 -9999 -9999 -9999 -9999 20.38890 20.44660 20.52930 20.93160 20.54050 19.75630 20.16130 18.96270 18.35040 18.32680 19.63200 20.54880 22.62540 23.04330 22.94980 22.96340 -9999 -9999 -9999 -9999 -9999 -9999 -9999 -9999 -9999 -9999 -9999 -9999 -9999 -9999 -9999 -9999 -9999
-9999 -9999 -9999 -9999 -9999 -9999 -9999 -9999 -9999 -9999 -9999 -9999 -9999 -9999 -9999 -9999 -9999 -9999 -9999 -9999 -9999 -9999 -9999 -9999 -9999 -9999 -9999 -9999 -9999 -9999 -9999 -9999 -9999 -9999 -9999 -9999 -9999 -9999 -9999 -9999 19.79770 19.80240 19.92090 20.04910 20.54640 21.36910 20.46720 20.95150 18.43830 18.34950 18.64230 21.06420 22.57600 22.57920 -9999 -9999 -9999 -9999 -9999 -9999 -9999 -9999 -9999 -9999 -9999 -9999 -9999 -9999 -9999 -9999 -9999
-9999 -9999 -9999 -9999 -9999 -9999 -9999 -9999 -9999 -9999 -9999 -9999 -9999 -9999 -9999 -9999 -9999 -9999 -9999 -9999 -9999 -9999 -9999 -9999 -9999 -9999 -9999 -9999 -9999 -9999 -9999 -9999 -9999 -9999 -9999 -9999 -9999 -9999 -9999 -9999 -9999 -9999 -9999 -9999 19.75320 20.16280 20.47820 21.97290 21.91170 19.85180 20.86330 20.77370 21.69110 22.59560 -9999 -9999 -9999 -9999 -9999 -9999 19.00530 -9999 -9999 -9999 -9999 -9999 -9999 -9999 -9999 -9999 -9999
-9999 -9999 -9999 -9999 -9999 -9999 -9999 -9999 -9999 -9999 -9999 -9999 -9999 -9999 -9999 -9999 -9999 -9999 -9999 -9999 -9999 -9999 -9999 -9999 -9999 -9999 -9999 -9999 -9999 -9999 -9999 -9999 -9999 -9999 -9999 -9999 -9999 -9999 -9999 -9999 -9999 19.72210 19.73290 19.75470 19.75460 19.73800 19.95720 20.34380 20.24590 19.84910 19.76240 21.13150 22.17000 22.02680 -9999 -9999 -9999 -9999 -9999 20.60450 21.10320 22.20140 22.00130 20.40100 20.80160 21.60220 22.40200 23.50150 22.20150 22.40140 21.60160
-9999 -9999 -9999 -9999 -9999 -9999 -9999 -9999 -9999 -9999 -9999 -9999 -9999 -9999 -9999 -9999 -9999 -9999 -9999 -9999 -9999 -9999 -9999 -9999 -9999 -9999 -9999 -9999 -9999 -9999 -9999 -9999 -9999 -9999 -9999 -9999 -9999 -9999 -9999 -9999 -9999 20.78960 19.92500 19.74290 19.73300 19.72300 20.58980 20.49470 19.92840 20.83130 21.71590 23.06820 22.41860 22.40600 22.22190 22.39750 21.15290 -9999 20.81780 23.40440 23.50240 23.40100 23.30050 22.40240 22.90380 23.50730 22.60590 22.20590 21.50610 20.70190 20.40170
-9999 -9999 -9999 -9999 -9999 -9999 -9999 -9999 -9999 -9999 -9999 -9999 -9999 -9999 -9999 -9999 -9999 -9999 -9999 -9999 -9999 -9999 -9999 -9999 -9999 -9999 -9999 -9999 -9999 -9999 -9999 -9999 -9999 -9999 -9999 23.28380 21.13320 19.85870 19.86200 19.67120 19.67310 19.66680 19.68640 19.81170 20.40040 20.44860 19.70000 19.99410 21.79910 23.00570 22.92260 23.11500 23.09990 23.02050 22.40730 22.49160 22.93290 23.03260 23.53020 23.50290 23.30070 22.90020 22.80050 22.81240 23.00440 23.50790 23.40710 23.00260 22.70670 22.28360 22.28360
-9999 -9999 -9999 -9999 -9999 -9999 -9999 -9999 -9999 -9999 -9999 -9999 -9999 -9999 -9999 -9999 -9999 -9999 -9999 -9999 -9999 -9999 -9999 -9999 -9999 -9999 -9999 -9999 -9999 -9999 -9999 -9999 -9999 -9999 23.55690 22.80900 22.12110 22.02860 20.15210 19.66280 19.66850 19.68310 19.88120 20.55990 20.08490 19.68890 19.69340 20.78660 22.99340 23.03330 22.91120 22.89340 22.93130 22.47780 22.41910 22.98410 23.00900 23.36230 23.52630 23.30300 22.80390 22.70920 23.10470 23.32610 23.50670 23.40680 23.10330 23.00580 22.83590 22.85180 22.79630
-9999 -9999 -9999 -9999 -9999 -9999 -9999 -9999 -9999 -9999 -9999 -9999 -9999 -9999 -9999 -9999 -9999 -9999 -9999 -9999 -9999 -9999 -9999 -9999 -9999 -9999 -9999 -9999 -9999 -9999 -9999 -9999 -9999 23.55300 23.36230 22.21290 22.21490 21.61940 20.52920 19.64370 19.64870 19.67110 20.69910 20.35690 19.68240 20.18360 21.18950 21.58180 22.13480 22.37010 22.19890 23.03820 22.92720 22.44050 22.37230 22.96950 23.02610 22.92900 22.91470 22.80570 23.10560 23.30280 23.30160 23.50280 23.50540 23.30960 23.01160 23.31540 23.33310 23.44750 22.93310
-9999 -9999 -9999 -9999 -9999 -9999 -9999 -9999 -9999 -9999 -9999 -9999 -9999 -9999 -9999 -9999 -9999 -9999 -9999 -9999 -9999 -9999 -9999 -9999 -9999 -9999 -9999 -9999 -9999 -9999 -9999 23.36030 21.61860 21.11310 21.01440 22.10810 21.31190 20.41830 19.62450 19.84670 19.75660 19.95000 20.44150 19.96930 19.68290 20.49540 22.77820 22.95860 22.94140 22.88080 22.86610 22.50050 22.50270 22.41830 22.85770 22.99940 22.87450 22.86370 23.16830 23.11420 23.30860 23.51440 23.41450 23.50260 23.50560 23.52350 23.41890 23.10400 23.00330 22.93770 22.89260
-9999 -9999 -9999 -9999 -9999 -9999 -9999 -9999 -9999 -9999 -9999 -9999 -9999 -9999 -9999 -9999 -9999 -9999 -9999 -9999 -9999 -9999 -9999 -9999 -9999 -9999 -9999 -9999 -9999 20.71230 22.10620 20.62130 19.62350 19.61700 19.62000 19.61400 20.71740 22.61300 20.72430 19.64580 20.31280 20.87480 19.67030 19.67470 19.67820 19.70420 20.40910 22.58720 22.88060 22.89820 22.76420 22.52490 22.47710 22.40000 22.87690 23.05940 22.92910 22.95360 22.91550 22.90060 23.30400 23.31380 23.31800 23.40400 23.50670 23.41440 23.54430 23.56940 23.58110 23.59660 22.97360
-9999 -9999 -9999 -9999 -9999 -9999 -9999 -9999 -9999 -9999 -9999 -9999 -9999 -9999 -9999 -9999 -9999 -9999 -9999 -9999 -9999 -9999 -9999 -9999 21.62790 21.34170 20.94020 20.32630 20.12430 19.61930 19.61810 19.61980 19.62300 19.62730 19.63370 20.02960 22.72640 21.14060 20.25350 19.66360 19.96920 20.98070 19.97160 19.66220 19.65950 19.66430 19.97450 20.52200 21.86710 22.97900 22.88700 23.14400 22.61390 22.98240 22.94650 23.01190 22.95700 22.92900 22.91940 23.21130 23.50920 23.50940 23.40940 23.30360 23.30580 23.30810 23.41360 23.21710 23.11250 23.35770 23.73650
-9999 -9999 -9999 -9999 -9999 -9999 22.85530 22.89110 22.90710 22.88570 22.87280 -9999 -9999 -9999 -9999 -9999 -9999 -9999 -9999 -9999 -9999 21.63530 19.95550 20.73770 21.93310 20.85000 20.04810 19.63170 19.62880 19.62230 19.61810 19.62300 19.62500 19.63070 19.63350 19.63150 19.64150 19.83540 22.03900 19.65230 20.05030 20.07810 20.89590 19.65350 19.65700 19.66050 19.96290 21.79570 23.03840 22.98120 22.94810 22.68030 22.94020 23.10790 22.98670 22.97980 22.95980 22.93220 23.22830 23.41600 23.41080 23.41120 23.31580 23.42400 23.44490 22.80860 22.80730 22.90990 22.90740 22.92500 22.87180
-9999 -9999 -9999 -9999 -9999 22.82440 22.83130 22.84590 22.93360 22.82620 22.83140 22.85680 22.85100 22.85090 -9999 -9999 -9999 22.92640 22.63300 21.15060 20.64710 19.65710 19.65870 19.62540 19.27580 18.96780 18.85590 18.84180 18.73460 18.73710 18.84240 18.83850 19.04570 19.05060 18.93370 18.84720 18.86240 18.94120 18.93570 18.74910 18.75880 18.77060 20.70030 19.86820 18.65440 18.88100 19.60740 20.77880 22.61100 22.98850 22.91760 22.56950 23.10440 22.94730 22.97330 22.96990 22.98330 22.93230 22.90600 22.73420 22.81150 22.90560 22.71340 22.80530 22.75070 22.89310 22.94860 22.93880 22.92670 22.93730 22.88560
-9999 21.89260 18.34140 18.24390 18.25850 22.63580 23.33600 22.93940 22.94200 22.92570 22.92700 22.94840 22.95720 22.95510 22.94250 22.93320 22.92920 22.93160 22.94180 22.92960 22.14130 19.84790 20.34340 18.73100 18.52440 18.54720 18.54720 18.53920 18.53600 18.53300 18.52830 18.52140 18.51870 18.52060 18.52670 18.53480 18.53930 18.52630 18.52270 18.52400 18.52430 18.53950 19.40450 20.76030 18.55010 18.57160 18.56330 19.60670 21.58860 21.74350 22.24710 23.19250 23.17410 23.03630 23.11490 23.18080 23.05630 22.92540 22.92250 22.76440 22.80870 22.83740 22.83240 22.82490 22.88620 23.09960 23.03610 22.88690 22.93610 22.99040 23.11860
-9999 23.02980 23.01340 22.94890 22.94350 22.64420 22.43160 22.44380 22.13710 22.84110 22.94180 22.92830 22.93720 22.93330 22.94220 22.94800 22.96740 22.94860 22.94890 22.95210 21.96680 21.46670 23.40430 19.27630 18.56110 18.55620 18.54900 18.53770 18.53340 18.53170 18.52160 18.53920 18.54530 18.55010 19.15900 18.53090 18.53270 18.54070 18.53640 18.54230 18.55120 18.55820 18.57880 21.19650 19.56920 18.63810 18.53650 18.56640 18.60100 19.48550 20.84430 22.95350 22.99590 23.13360 23.02630 23.06160 23.03560 23.04460 22.93560 22.36950 22.77580 22.86240 22.87010 22.74720 22.87800 23.50730 23.31100 22.83280 22.91560 22.86820 22.95350
-9999 -9999 -9999 19.30980 19.12400 18.71510 18.69320 18.70370 18.69870 18.79420 22.94790 23.03710 23.12770 23.32880 23.12940 22.94580 22.97000 22.95980 23.15480 23.45350 23.53320 23.51820 22.52790 18.79960 18.57240 18.56700 18.55600 18.53470 18.53160 18.53700 18.54380 18.55470 19.05660 19.27510 20.17570 21.22420 18.23610 18.25370 19.66840 21.07070 20.25220 20.42660 23.65120 23.49760 22.08220 20.94880 19.85310 18.77190 18.87630 20.11990 22.30070 22.79320 22.07950 23.10240 22.66780 23.10230 23.12670 22.90780 22.98080 22.39390 22.83600 22.92770 22.88200 22.93250 22.90720 22.98840 22.95690 22.98370 22.94860 23.05750 23.07850
-9999 -9999 -9999 -9999 -9999 -9999 20.19690 20.81390 21.50980 22.44950 23.33930 23.46640 23.46480 23.47470 23.46230 23.35480 23.35390 23.50740 23.50150 23.10690 21.54090 19.74350 18.62640 18.59130 18.58130 18.59650 18.57500 19.98150 21.43790 18.94970 18.53750 18.56430 20.91890 22.86630 19.59000 22.79090 22.31280 20.91940 23.86830 24.01560 23.99030 23.23110 22.84020 23.24550 23.49550 23.77610 22.38150 21.38110 20.45710 19.43870 20.09870 19.85450 19.25780 22.69300 22.25080 19.22820 23.14360 23.18200 23.11880 23.02420 22.50260 22.90860 22.49610 22.46290 22.94960 22.97100 22.91380 23.01710 23.11410 23.05280 23.09190
-9999 -9999 -9999 -9999 -9999 -9999 23.46440 23.48400 23.46460 23.49910 23.48650 23.45880 23.46060 23.47040 23.48410 23.51930 23.03690 21.23810 20.13440 18.82580 18.62630 18.63090 18.62680 18.61300 18.60160 18.59260 18.58220 20.00420 24.22790 24.21900 23.14650 23.24060 22.84890 23.61370 23.43310 23.32460 22.69670 22.59020 22.27010 22.71500 22.97490 23.30160 23.76490 23.45990 23.15880 22.98040 23.21850 24.10110 23.94970 22.88500 21.47780 20.05200 19.55920 19.78710 19.43010 18.68590 19.33830 19.60450 20.48780 20.31920 21.52930 21.77360 22.94910 22.99240 23.08200 22.97330 22.99440 23.00410 23.05540 23.10320 23.21680
-9999 -9999 -9999 -9999 -9999 -9999 -9999 -9999 -9999 -9999 23.16680 23.47540 23.47580 23.49400 23.48300 20.64300 18.65370 18.65800 18.67870 18.64030 18.64070 18.64440 18.66400 18.62000 18.61690 18.62130 18.61720 18.61050 19.20020 20.30560 19.69070 20.27600 21.28020 23.29470 24.07720 23.57940 23.96290 24.04780 24.03100 24.04290 22.17950 20.67440 19.85320 21.16970 21.15210 21.75500 21.36270 20.21290 23.62850 24.12130 24.10150 23.77740 23.46100 22.34820 22.12740 22.92980 21.91550 22.70880 22.73610 22.34240 22.72640 20.20090 19.90430 19.41140 20.13330 20.50400 20.30230 21.28960 23.01310 23.03600 22.99470
-9999 -9999 -9999 -9999 -9999 -9999 -9999 -9999 -9999 -9999 21.97500 23.45270 23.46860 23.47900 23.51330 20.70390 18.69480 18.70400 18.70310 18.67160 18.68300 18.70470 18.70070 18.64580 18.64210 18.63650 18.62890 18.62260 18.61060 19.49350 20.29120 20.27690 22.38760 23.02400 21.37790 22.37520 20.15230 18.53070 19.02080 19.13530 18.53470 18.54110 18.53810 18.55380 18.55590 18.57480 18.58480 18.60470 18.70600 22.90030 24.10980 24.07530 24.06590 23.84020 21.82170 24.20610 24.30120 24.32330 24.30340 24.20920 24.09690 24.07540 23.88420 22.44530 20.52640 21.04810 19.84380 18.68010 21.99870 23.05000 23.11930
-9999 -9999 -9999 -9999 -9999 -9999 -9999 -9999 -9999 -9999 -9999 -9999 23.47770 23.47650 23.51350 23.06810 19.80890 18.71250 18.69970 18.72930 18.71390 18.83760 18.44470 18.79180 18.66160 18.62940 18.62650 18.64030 18.62470 18.71280 19.70130 19.47690 19.47660 18.78920 18.58280 18.55800 18.54810 18.55700 18.54430 18.54490 18.54620 18.55170 18.56030 18.55810 18.56390 18.56170 18.57450 18.59130 18.60010 19.10110 20.89750 22.57910 22.76190 21.74050 20.57130 23.27530 24.26020 24.33410 24.32560 24.30770 24.29580 24.28300 23.49750 22.25160 23.35060 24.16180 21.40780 18.80650 19.65670 21.31780 22.98210
-9999 -9999 -9999 -9999 -9999 -9999 -9999 -9999 -9999 -9999 -9999 -9999 23.48350 23.49120 23.51610 23.56110 23.57870 23.43250 20.54060 19.83470 18.48900 19.92150 18.45810 19.49600 18.65740 18.63780 18.64180 18.65790 18.62630 18.62420 18.60100 18.61180 18.61610 18.59850 18.57930 18.56000 18.54870 18.57060 18.55360 18.55540 18.56140 18.55270 18.55550 18.56240 18.56980 19.35080 19.95240 21.96010 23.52680 23.51090 22.13500 22.08040 21.43640 20.62680 22.38430 24.15310 24.18460 24.23840 24.22950 24.19570 23.70080 22.38910 23.04110 24.11930 24.16730 22.32440 20.93940 21.97720 22.89600 23.10790 23.01290
-9999 -9999 -9999 -9999 -9999 -9999 -9999 -9999 -9999 -9999 -9999 23.48160 23.45340 23.46350 23.48650 23.50240 22.27320 18.28070 18.28620 18.27160 18.30560 19.93770 19.78390 18.84960 18.62320 18.57850 18.59770 18.62240 18.59950 18.58310 18.56490 18.57720 18.57280 18.57730 18.56910 18.53520 18.53430 18.55600 18.55260 18.56390 18.56710 18.55290 18.55900 18.58240 18.57170 18.57650 19.88760 21.10820 21.60990 23.25300 22.95940 23.01620 22.80200 23.53820 24.05850 24.20240 24.13970 24.15610 24.14180 22.93520 23.17350 24.34790 24.37930 24.21840 24.22830 22.87970 22.29820 23.00000 22.99800 22.94880 23.04790
-9999 -9999 -9999 -9999 -9999 -9999 -9999 -9999 -9999 -9999 -9999 23.44610 23.48500 23.47950 23.50560 23.50070 20.77530 18.86790 18.29460 19.08460 19.91850 19.98590 19.27400 19.76300 19.55060 19.41790 18.62080 18.60830 18.59010 18.58980 18.57080 18.55280 18.55240 18.56040 18.57370 18.55890 18.55630 18.57750 18.58090 18.58060 18.58280 18.67330 19.26360 19.79830 20.50640 22.69630 23.09700 23.41390 24.26250 24.25410 24.27560 24.32990 24.31200 24.30150 24.30170 24.45950 24.46430 23.17350 22.89630 23.91820 24.26120 24.42920 24.41560 24.19090 23.32910 22.33910 23.96170 23.32750 23.02190 23.06090 23.19600
