data/hydroclimate-scenarios/BCSD_hadcm_B1/monthly_summaries/soilm3_monthly_day1_aug.2030-2059.asc
ncols	311
nrows	91
xllcenter	102.75
yllcenter	31.75
cellsize	0.5
NODATA_value	-9999
[rows 0 to 31 of 91, columns 0 to 70 of 311]
-9999 -9999 -9999 -9999 -9999 -9999 -9999 -9999 -9999 -9999 -9999 -9999 -9999 -9999 -9999 -9999 -9999 -9999 -9999 -9999 -9999 -9999 -9999 -9999 -9999 -9999 -9999 -9999 -9999 -9999 -9999 -9999 -9999 -9999 -9999 -9999 -9999 -9999 -9999 -9999 -9999 -9999 -9999 -9999 -9999 -9999 -9999 -9999 -9999 -9999 -9999 -9999 -9999 -9999 -9999 -9999 -9999 -9999 -9999 -9999 -9999 -9999 -9999 -9999 -9999 -9999 -9999 -9999 -9999 -9999 -9999
-9999 -9999 -9999 -9999 -9999 -9999 -9999 -9999 -9999 -9999 -9999 -9999 -9999 -9999 -9999 -9999 -9999 -9999 -9999 -9999 -9999 -9999 -9999 -9999 -9999 -9999 -9999 -9999 -9999 -9999 -9999 -9999 -9999 -9999 -9999 -9999 -9999 -9999 -9999 -9999 -9999 -9999 -9999 -9999 -9999 -9999 -9999 -9999 -9999 -9999 -9999 -9999 -9999 -9999 -9999 -9999 -9999 -9999 -9999 -9999 -9999 -9999 -9999 -9999 -9999 -9999 -9999 -9999 -9999 -9999 -9999
-9999 -9999 -9999 -9999 -9999 -9999 -9999 -9999 -9999 -9999 -9999 -9999 -9999 -9999 -9999 -9999 -9999 -9999 -9999 -9999 -9999 -9999 -9999 -9999 -9999 -9999 -9999 -9999 -9999 -9999 -9999 -9999 -9999 -9999 -9999 -9999 -9999 -9999 -9999 -9999 -9999 -9999 -9999 -9999 -9999 -9999 -9999 -9999 -9999 -9999 -9999 -9999 -9999 -9999 -9999 -9999 -9999 -9999 -9999 -9999 -9999 -9999 -9999 -9999 -9999 -9999 -9999 -9999 -9999 -9999 -9999
-9999 -9999 -9999 -9999 -9999 -9999 -9999 -9999 -9999 -9999 -9999 -9999 -9999 -9999 -9999 -9999 -9999 -9999 -9999 -9999 -9999 -9999 -9999 -9999 -9999 -9999 -9999 -9999 -9999 -9999 -9999 -9999 -9999 -9999 -9999 -9999 -9999 -9999 -9999 -9999 -9999 -9999 -9999 -9999 -9999 -9999 -9999 -9999 -9999 -9999 -9999 -9999 -9999 -9999 -9999 -9999 -9999 -9999 -9999 -9999 -9999 -9999 -9999 -9999 -9999 -9999 -9999 -9999 -9999 -9999 -9999
-9999 -9999 -9999 -9999 -9999 -9999 -9999 -9999 -9999 -9999 -9999 -9999 -9999 -9999 -9999 -9999 -9999 -9999 -9999 -9999 -9999 -9999 -9999 -9999 -9999 -9999 -9999 -9999 -9999 -9999 -9999 -9999 -9999 -9999 -9999 -9999 -9999 -9999 -9999 -9999 -9999 -9999 -9999 -9999 -9999 -9999 -9999 -9999 -9999 -9999 -9999 -9999 -9999 -9999 -9999 -9999 -9999 -9999 -9999 -9999 -9999 -9999 -9999 -9999 -9999 -9999 -9999 -9999 -9999 -9999 -9999
-9999 -9999 -9999 -9999 -9999 -9999 -9999 -9999 -9999 -9999 -9999 -9999 -9999 -9999 -9999 -9999 -9999 -9999 -9999 -9999 -9999 -9999 -9999 -9999 -9999 -9999 -9999 -9999 -9999 -9999 -9999 -9999 -9999 -9999 -9999 -9999 -9999 -9999 -9999 -9999 -9999 -9999 -9999 -9999 -9999 -9999 -9999 -9999 -9999 -9999 -9999 -9999 -9999 -9999 -9999 -9999 -9999 -9999 -9999 -9999 -9999 -9999 -9999 -9999 -9999 -9999 -9999 -9999 -9999 -9999 -9999
-9999 -9999 -9999 -9999 -9999 -9999 -9999 -9999 -9999 -9999 -9999 -9999 -9999 -9999 -9999 -9999 -9999 -9999 -9999 -9999 -9999 -9999 -9999 -9999 -9999 -9999 -9999 -9999 -9999 -9999 -9999 -9999 -9999 -9999 -9999 -9999 -9999 -9999 -9999 -9999 -9999 -9999 -9999 -9999 -9999 -9999 -9999 -9999 -9999 -9999 -9999 -9999 -9999 -9999 -9999 -9999 -9999 -9999 -9999 -9999 -9999 -9999 -9999 -9999 -9999 -9999 -9999 -9999 -9999 -9999 -9999
-9999 -9999 -9999 -9999 -9999 -9999 -9999 -9999 -9999 -9999 -9999 -9999 -9999 -9999 -9999 -9999 -9999 -9999 -9999 -9999 -9999 -9999 -9999 -9999 -9999 -9999 -9999 -9999 -9999 -9999 -9999 -9999 -9999 -9999 -9999 -9999 -9999 -9999 -9999 -9999 -9999 -9999 19.15110 18.64040 19.13670 19.13230 19.23050 19.42810 19.32500 20.11940 19.81940 19.45720 -9999 -9999 -9999 -9999 -9999 -9999 -9999 -9999 -9999 -9999 -9999 -9999 -9999 -9999 -9999 -9999 -9999 -9999 -9999
-9999 -9999 -9999 -9999 -9999 -9999 -9999 -9999 -9999 -9999 -9999 -9999 -9999 -9999 -9999 -9999 -9999 -9999 -9999 -9999 -9999 -9999 -9999 -9999 -9999 -9999 -9999 -9999 -9999 -9999 -9999 -9999 -9999 -9999 -9999 -9999 -9999 -9999 20.33620 20.43990 20.45370 20.83000 20.43130 19.63260 20.02710 18.83510 18.23230 18.23160 19.52480 20.41980 22.51250 22.80830 22.78370 22.99620 -9999 -9999 -9999 -9999 -9999 -9999 -9999 -9999 -9999 -9999 -9999 -9999 -9999 -9999 -9999 -9999 -9999
-9999 -9999 -9999 -9999 -9999 -9999 -9999 -9999 -9999 -9999 -9999 -9999 -9999 -9999 -9999 -9999 -9999 -9999 -9999 -9999 -9999 -9999 -9999 -9999 -9999 -9999 -9999 -9999 -9999 -9999 -9999 -9999 -9999 -9999 -9999 -9999 -9999 -9999 -9999 -9999 19.72690 19.72660 19.83400 19.93960 20.43230 21.23950 20.33130 20.82210 18.35000 18.22790 18.52500 20.93490 22.43030 22.49810 -9999 -9999 -9999 -9999 -9999 -9999 -9999 -9999 -9999 -9999 -9999 -9999 -9999 -9999 -9999 -9999 -9999
-9999 -9999 -9999 -9999 -9999 -9999 -9999 -9999 -9999 -9999 -9999 -9999 -9999 -9999 -9999 -9999 -9999 -9999 -9999 -9999 -9999 -9999 -9999 -9999 -9999 -9999 -9999 -9999 -9999 -9999 -9999 -9999 -9999 -9999 -9999 -9999 -9999 -9999 -9999 -9999 -9999 -9999 -9999 -9999 19.63730 20.03570 20.34530 21.84130 21.81820 19.72790 20.72430 20.59110 21.66900 22.41260 -9999 -9999 -9999 -9999 -9999 -9999 19.03180 -9999 -9999 -9999 -9999 -9999 -9999 -9999 -9999 -9999 -9999
-9999 -9999 -9999 -9999 -9999 -9999 -9999 -9999 -9999 -9999 -9999 -9999 -9999 -9999 -9999 -9999 -9999 -9999 -9999 -9999 -9999 -9999 -9999 -9999 -9999 -9999 -9999 -9999 -9999 -9999 -9999 -9999 -9999 -9999 -9999 -9999 -9999 -9999 -9999 -9999 -9999 19.64230 19.63980 19.64980 19.64690 19.63040 19.83510 20.24050 20.13190 19.72660 19.71520 20.96480 22.12180 21.89790 -9999 -9999 -9999 -9999 -9999 20.62190 21.11740 22.21250 22.01060 20.40650 20.80610 21.60500 22.40490 23.52250 22.21650 22.41460 21.61460
-9999 -9999 -9999 -9999 -9999 -9999 -9999 -9999 -9999 -9999 -9999 -9999 -9999 -9999 -9999 -9999 -9999 -9999 -9999 -9999 -9999 -9999 -9999 -9999 -9999 -9999 -9999 -9999 -9999 -9999 -9999 -9999 -9999 -9999 -9999 -9999 -9999 -9999 -9999 -9999 -9999 20.72680 19.83690 19.64690 19.63340 19.62590 20.42320 20.32590 19.82440 20.72090 21.62020 23.03470 22.39160 22.40350 22.08690 22.56440 21.24400 -9999 20.91780 23.41840 23.51370 23.41040 23.30850 22.41060 22.91110 23.51120 22.60920 22.23610 21.53060 20.72860 20.42410
-9999 -9999 -9999 -9999 -9999 -9999 -9999 -9999 -9999 -9999 -9999 -9999 -9999 -9999 -9999 -9999 -9999 -9999 -9999 -9999 -9999 -9999 -9999 -9999 -9999 -9999 -9999 -9999 -9999 -9999 -9999 -9999 -9999 -9999 -9999 23.26480 21.12250 19.83360 19.83420 19.61980 19.61710 19.61250 19.61870 19.72860 20.22630 20.31130 19.61540 19.91090 21.71260 22.92400 22.82530 23.16610 23.33320 23.17220 22.42290 22.75590 22.99710 23.13720 23.58440 23.51310 23.30870 22.90710 22.80790 22.82410 23.01460 23.51030 23.40970 23.02320 22.72680 22.28830 22.28880
-9999 -9999 -9999 -9999 -9999 -9999 -9999 -9999 -9999 -9999 -9999 -9999 -9999 -9999 -9999 -9999 -9999 -9999 -9999 -9999 -9999 -9999 -9999 -9999 -9999 -9999 -9999 -9999 -9999 -9999 -9999 -9999 -9999 -9999 23.53460 22.81070 22.11940 22.01940 20.12910 19.62650 19.62100 19.61670 19.81260 20.41110 20.01180 19.60870 19.60840 20.70900 22.92390 22.94970 22.78890 22.81260 23.10910 22.58010 22.48450 23.17070 23.10540 23.40700 23.56050 23.35040 22.85250 22.77520 23.16970 23.42510 23.54830 23.43190 23.12490 23.04230 22.88840 22.87540 22.81140
-9999 -9999 -9999 -9999 -9999 -9999 -9999 -9999 -9999 -9999 -9999 -9999 -9999 -9999 -9999 -9999 -9999 -9999 -9999 -9999 -9999 -9999 -9999 -9999 -9999 -9999 -9999 -9999 -9999 -9999 -9999 -9999 -9999 23.54100 23.34310 22.21050 22.21080 21.61050 20.51490 19.61180 19.60910 19.61010 20.44400 20.21020 19.61110 20.10840 21.11100 21.51280 22.05110 22.30990 22.25030 23.30860 23.29220 22.55260 22.31870 23.06040 23.07230 22.98280 22.95190 22.86290 23.16400 23.33970 23.33020 23.52380 23.53270 23.33090 23.02970 23.34480 23.36230 23.45590 22.94490
-9999 -9999 -9999 -9999 -9999 -9999 -9999 -9999 -9999 -9999 -9999 -9999 -9999 -9999 -9999 -9999 -9999 -9999 -9999 -9999 -9999 -9999 -9999 -9999 -9999 -9999 -9999 -9999 -9999 -9999 -9999 23.33930 21.60870 21.10710 21.00520 22.10570 21.30550 20.40590 19.60600 19.80640 19.70610 19.90520 20.30520 19.90670 19.61050 20.41150 22.71080 22.91000 22.82860 22.75810 22.95130 23.02870 23.18330 22.47040 22.78440 23.09090 22.96430 22.90120 23.21950 23.16320 23.34410 23.52540 23.41960 23.51390 23.51950 23.53020 23.42920 23.11520 23.01360 22.94840 22.93410
-9999 -9999 -9999 -9999 -9999 -9999 -9999 -9999 -9999 -9999 -9999 -9999 -9999 -9999 -9999 -9999 -9999 -9999 -9999 -9999 -9999 -9999 -9999 -9999 -9999 -9999 -9999 -9999 -9999 20.70520 22.10280 20.60640 19.60840 19.60690 19.60680 19.60670 20.70620 22.60350 20.70450 19.60400 20.20350 20.62880 19.60340 19.60510 19.60650 19.61440 20.31640 22.51530 22.80370 22.92360 22.90160 23.18150 23.11040 22.45320 22.95530 23.36860 23.04600 22.99770 22.94870 22.91380 23.31880 23.31220 23.30980 23.41340 23.51320 23.41510 23.53870 23.56660 23.57720 23.58650 22.95990
-9999 -9999 -9999 -9999 -9999 -9999 -9999 -9999 -9999 -9999 -9999 -9999 -9999 -9999 -9999 -9999 -9999 -9999 -9999 -9999 -9999 -9999 -9999 -9999 21.61950 21.31660 20.91120 20.30460 20.10500 19.60500 19.60410 19.60320 19.60360 19.60280 19.60270 20.00280 22.70210 21.10280 20.20220 19.60320 19.90220 20.72570 19.90270 19.60420 19.60340 19.60540 19.90830 20.41920 21.77540 23.02770 22.96910 25.70880 24.49930 23.24000 22.97220 23.17250 23.02430 22.97330 22.95360 23.22460 23.51680 23.51120 23.40680 23.30610 23.30720 23.31380 23.41480 23.20920 23.11540 23.33900 23.83930
-9999 -9999 -9999 -9999 -9999 -9999 22.77920 22.79700 22.79810 22.78870 22.77510 -9999 -9999 -9999 -9999 -9999 -9999 -9999 -9999 -9999 -9999 21.62320 19.95290 20.73660 21.92140 20.82190 20.01700 19.60860 19.60720 19.60490 19.60360 19.60370 19.60400 19.60290 19.60360 19.60350 19.60400 19.80320 22.00240 19.60510 20.00350 20.00240 20.64990 19.60480 19.60430 19.60500 19.90630 21.71050 22.95230 23.12830 23.58090 24.76580 24.71110 23.37160 23.00540 23.05780 23.01310 22.95470 23.22980 23.42080 23.41600 23.40940 23.31240 23.42090 23.43370 22.81040 22.80750 22.90660 22.90800 22.90760 22.83550
-9999 -9999 -9999 -9999 -9999 22.84360 22.85600 22.89250 22.95130 22.86870 22.86700 22.87590 22.86480 22.87080 -9999 -9999 -9999 22.92120 22.62100 21.13030 20.62690 19.63570 19.63520 19.62830 19.27250 18.95180 18.82880 18.80680 18.70550 18.70790 18.80650 18.80450 19.00480 19.00620 18.90500 18.80350 18.80400 18.90610 18.90590 18.70540 18.70560 18.70440 20.44470 19.63380 18.60460 18.80300 19.51170 20.65500 22.57080 23.03260 23.06300 23.12300 23.38290 22.88530 22.89450 22.99820 23.03540 22.95190 22.91390 22.71920 22.80960 22.90930 22.71890 22.80940 22.74670 22.88760 22.95130 22.93540 22.91820 22.92830 22.85700
-9999 22.08980 18.69210 18.26280 18.27260 22.64130 23.35780 22.95580 22.96310 22.95140 22.96290 22.95720 22.96910 22.95400 22.94190 22.92660 22.91370 22.91970 22.92860 22.91340 22.11360 19.81390 20.31430 18.72220 18.51630 18.53090 18.52170 18.51180 18.51030 18.50840 18.50430 18.50200 18.50210 18.50180 18.50200 18.50190 18.50210 18.50360 18.50440 18.50300 18.50240 18.50270 19.15100 20.53830 18.50300 18.50400 18.50640 19.52010 21.53020 21.66790 22.21570 23.85210 23.42290 23.71440 23.20490 23.26350 23.08930 22.93180 22.92630 22.73350 22.80900 22.82720 22.83600 22.83430 22.86980 23.06330 23.03090 22.87000 22.92780 22.98680 23.25440
-9999 23.25650 23.22220 22.92950 22.92700 22.62280 22.41210 22.41140 22.10790 22.81220 22.91670 22.91970 22.92800 22.91370 22.91540 22.93000 22.93810 22.92810 22.92440 22.91350 21.91370 21.41140 23.31880 19.21180 18.50950 18.51240 18.51310 18.50710 18.50600 18.50640 18.50300 18.50310 18.50230 18.50120 19.10150 18.50260 18.50240 18.50250 18.50270 18.50510 18.50640 18.51580 18.51190 21.00510 19.35950 18.60270 18.50510 18.54100 18.61730 19.53010 20.95230 23.16640 23.45930 24.35740 24.11020 23.00260 22.90280 22.93930 22.82590 22.33900 22.71610 22.81540 22.82020 22.71440 22.83420 23.46850 23.26620 22.75650 22.84180 22.76060 22.87110
-9999 -9999 -9999 19.26060 19.07040 18.66410 18.64540 18.62840 18.62390 18.72010 22.92040 23.01110 23.11060 23.30790 23.10810 22.92320 22.93000 22.91010 23.11110 23.40970 23.41990 23.42450 22.43170 18.72060 18.51220 18.51440 18.51310 18.50490 18.50290 18.50250 18.50160 18.50150 19.00170 19.20080 20.10100 20.93740 18.20110 18.20240 19.60410 21.00720 20.21660 20.34370 23.57140 23.35790 21.92920 20.79760 19.73290 18.76510 18.87040 20.10120 22.33010 22.78140 22.40050 23.85970 23.02750 23.20390 22.99760 22.79680 22.86570 22.32070 22.73520 22.86090 22.83380 22.87920 22.84170 22.93630 22.91810 22.93050 22.88620 23.00200 22.99990
-9999 -9999 -9999 -9999 -9999 -9999 20.12330 20.71760 21.41740 22.40990 23.30870 23.40630 23.40590 23.40730 23.40450 23.30490 23.30540 23.41420 23.41100 23.00600 21.40930 19.61660 18.51160 18.51920 18.51510 18.51330 18.50800 19.90290 21.17670 18.90190 18.50170 18.50150 20.66320 22.73080 19.33140 22.62470 22.04350 20.64430 23.71570 23.91640 23.91630 23.13730 22.75840 23.13660 23.34890 23.67220 22.28170 21.30930 20.40810 19.31770 20.23010 20.42220 19.88210 22.59560 22.22110 19.38480 23.05290 23.18400 23.21860 22.97450 22.50170 23.08380 22.63640 22.51270 22.97700 23.11520 22.85910 22.96340 23.05630 22.98370 23.00320
-9999 -9999 -9999 -9999 -9999 -9999 23.40880 23.40780 23.40540 23.40730 23.40590 23.40400 23.40310 23.40300 23.40240 23.40460 22.90380 21.11130 20.01100 18.70980 18.50890 18.51090 18.50980 18.51030 18.50730 18.50460 18.50220 19.90080 24.01680 24.02090 22.94210 23.03020 22.63150 23.41750 23.21880 23.12090 22.42930 22.33390 22.03290 22.62180 22.82640 23.13030 23.62710 23.32470 23.01880 22.86700 23.05740 23.84630 23.74800 22.57070 21.25810 19.89780 19.42370 19.71360 19.33190 18.55410 19.17680 19.52340 20.42600 20.20050 21.62870 22.06680 23.15020 23.00070 23.12140 22.89090 22.94790 22.94400 22.95820 22.99690 23.11280
-9999 -9999 -9999 -9999 -9999 -9999 -9999 -9999 -9999 -9999 23.10270 23.40470 23.40410 23.40160 23.40220 20.50400 18.50740 18.50770 18.50540 18.50640 18.50740 18.50830 18.50720 18.50190 18.50150 18.50100 18.50040 18.50020 19.10020 20.04330 19.43400 20.02290 21.02520 23.11390 23.90870 23.41220 23.80990 23.91020 23.91000 23.91250 21.96020 20.43200 19.80030 20.93100 20.93100 21.53330 21.13650 19.94690 23.42280 23.91210 23.91160 23.61280 23.31470 22.13440 21.93050 22.75320 21.76850 22.63060 22.63600 22.18010 22.62610 20.05180 19.75420 19.32650 20.03990 20.41810 20.21370 21.20950 22.92440 22.92440 22.87150
-9999 -9999 -9999 -9999 -9999 -9999 -9999 -9999 -9999 -9999 21.90090 23.40090 23.40200 23.40140 23.40140 20.50270 18.50420 18.50410 18.50570 18.50680 18.50520 18.50420 18.50430 18.50090 18.50070 18.50020 18.50010 18.50040 18.50010 19.22680 20.02940 20.02130 22.12810 22.82000 21.12900 22.13580 19.92730 18.50020 19.00040 19.10130 18.50140 18.50040 18.50070 18.50050 18.50020 18.50020 18.50040 18.50030 18.60010 22.62470 23.90970 23.90940 23.90920 23.71060 21.62340 24.11320 24.21110 24.21310 24.21250 24.11050 24.01020 24.00970 23.81080 22.24660 20.34440 20.86360 19.65650 18.60310 21.90310 22.92720 23.01250
-9999 -9999 -9999 -9999 -9999 -9999 -9999 -9999 -9999 -9999 -9999 -9999 23.40070 23.40220 23.40330 22.90360 19.60250 18.50240 18.50370 18.50240 18.50260 18.60510 18.20430 18.60030 18.50020 18.50010 18.50010 18.50010 18.50010 18.60000 19.42580 19.22420 19.22440 18.70010 18.50010 18.50010 18.50010 18.50020 18.50030 18.50110 18.50130 18.50050 18.50070 18.50060 18.50080 18.50020 18.50020 18.50020 18.50020 19.00010 20.63540 22.32810 22.62080 21.53180 20.42210 23.21620 24.20890 24.21950 24.22190 24.20930 24.20940 24.21000 23.41640 22.05980 23.22590 24.01900 21.20340 18.70200 19.50630 21.21180 23.02420
-9999 -9999 -9999 -9999 -9999 -9999 -9999 -9999 -9999 -9999 -9999 -9999 23.40070 23.40080 23.40150 23.40130 23.40100 23.20130 20.30340 19.60280 18.20290 19.70280 18.20450 19.30050 18.50050 18.50030 18.50020 18.50020 18.50010 18.50010 18.50010 18.50040 18.50020 18.50010 18.50010 18.50010 18.50020 18.50040 18.50040 18.50060 18.50050 18.50020 18.50020 18.50020 18.50010 19.12470 19.73270 21.64830 23.32040 23.32130 21.84420 21.83070 21.22900 20.42420 22.22330 24.10950 24.10930 24.12080 24.12340 24.10980 23.61390 22.32030 22.92390 24.01580 24.02330 22.10540 20.72680 21.65680 22.57950 22.99960 23.08620
-9999 -9999 -9999 -9999 -9999 -9999 -9999 -9999 -9999 -9999 -9999 23.40110 23.40290 23.40150 23.40120 23.40120 22.20060 18.20100 18.20110 18.20180 18.20020 19.80080 19.60110 18.70100 18.50140 18.50040 18.50050 18.50010 18.50000 18.50000 18.50000 18.50050 18.50040 18.50000 18.50000 18.50000 18.50010 18.50000 18.50010 18.50080 18.50050 18.50030 18.50030 18.50020 18.50050 18.50010 19.80020 20.92070 21.41750 23.11150 22.81200 22.81860 22.61820 23.41500 24.01030 24.11000 24.00970 24.01070 24.01110 22.81830 23.02140 24.21320 24.21660 24.01760 24.02000 22.63000 22.03960 22.75650 22.79490 22.81790 23.37070
-9999 -9999 -9999 -9999 -9999 -9999 -9999 -9999 -9999 -9999 -9999 23.40030 23.40200 23.40170 23.40140 23.40070 20.70050 18.80060 18.20080 19.00080 19.80020 19.80190 19.10040 19.60020 19.40020 19.30020 18.50030 18.50020 18.50010 18.50000 18.50000 18.50090 18.50040 18.50000 18.50000 18.50000 18.50000 18.50000 18.50010 18.50020 18.50020 18.60030 19.02050 19.52330 20.22460 22.42610 22.82400 23.31180 24.20020 24.20020 24.20020 24.20040 24.20040 24.20030 24.20020 24.21150 24.21180 22.92240 22.62760 23.71890 24.11380 24.21710 24.21840 24.01520 23.12680 22.05680 23.72840 23.04970 22.83000 22.99460 23.12600
