data/hydroclimate-scenarios/BCSD_hadcm_B1/monthly_summaries/soilm3_monthly_day1_feb.2070-2099.asc
ncols	311
nrows	91
xllcenter	102.75
yllcenter	31.75
cellsize	0.5
NODATA_value	-9999
[rows 0 to 31 of 91, columns 0 to 70 of 311]
-9999 -9999 -9999 -9999 -9999 -9999 -9999 -9999 -9999 -9999 -9999 -9999 -9999 -9999 -9999 -9999 -9999 -9999 -9999 -9999 -9999 -9999 -9999 -9999 -9999 -9999 -9999 -9999 -9999 -9999 -9999 -9999 -9999 -9999 -9999 -9999 -9999 -9999 -9999 -9999 -9999 -9999 -9999 -9999 -9999 -9999 -9999 -9999 -9999 -9999 -9999 -9999 -9999 -9999 -9999 -9999 -9999 -9999 -9999 -9999 -9999 -9999 -9999 -9999 -9999 -9999 -9999 -9999 -9999 -9999 -9999
-9999 -9999 -9999 -9999 -9999 -9999 -9999 -9999 -9999 -9999 -9999 -9999 -9999 -9999 -9999 -9999 -9999 -9999 -9999 -9999 -9999 -9999 -9999 -9999 -9999 -9999 -9999 -9999 -9999 -9999 -9999 -9999 -9999 -9999 -9999 -9999 -9999 -9999 -9999 -9999 -9999 -9999 -9999 -9999 -9999 -9999 -9999 -9999 -9999 -9999 -9999 -9999 -9999 -9999 -9999 -9999 -9999 -9999 -9999 -9999 -9999 -9999 -9999 -9999 -9999 -9999 -9999 -9999 -9999 -9999 -9999
-9999 -9999 -9999 -9999 -9999 -9999 -9999 -9999 -9999 -9999 -9999 -9999 -9999 -9999 -9999 -9999 -9999 -9999 -9999 -9999 -9999 -9999 -9999 -9999 -9999 -9999 -9999 -9999 -9999 -9999 -9999 -9999 -9999 -9999 -9999 -9999 -9999 -9999 -9999 -9999 -9999 -9999 -9999 -9999 -9999 -9999 -9999 -9999 -9999 -9999 -9999 -9999 -9999 -9999 -9999 -9999 -9999 -9999 -9999 -9999 -9999 -9999 -9999 -9999 -9999 -9999 -9999 -9999 -9999 -9999 -9999
-9999 -9999 -9999 -9999 -9999 -9999 -9999 -9999 -9999 -9999 -9999 -9999 -9999 -9999 -9999 -9999 -9999 -9999 -9999 -9999 -9999 -9999 -9999 -9999 -9999 -9999 -9999 -9999 -9999 -9999 -9999 -9999 -9999 -9999 -9999 -9999 -9999 -9999 -9999 -9999 -9999 -9999 -9999 -9999 -9999 -9999 -9999 -9999 -9999 -9999 -9999 -9999 -9999 -9999 -9999 -9999 -9999 -9999 -9999 -9999 -9999 -9999 -9999 -9999 -9999 -9999 -9999 -9999 -9999 -9999 -9999
-9999 -9999 -9999 -9999 -9999 -9999 -9999 -9999 -9999 -9999 -9999 -9999 -9999 -9999 -9999 -9999 -9999 -9999 -9999 -9999 -9999 -9999 -9999 -9999 -9999 -9999 -9999 -9999 -9999 -9999 -9999 -9999 -9999 -9999 -9999 -9999 -9999 -9999 -9999 -9999 -9999 -9999 -9999 -9999 -9999 -9999 -9999 -9999 -9999 -9999 -9999 -9999 -9999 -9999 -9999 -9999 -9999 -9999 -9999 -9999 -9999 -9999 -9999 -9999 -9999 -9999 -9999 -9999 -9999 -9999 -9999
-9999 -9999 -9999 -9999 -9999 -9999 -9999 -9999 -9999 -9999 -9999 -9999 -9999 -9999 -9999 -9999 -9999 -9999 -9999 -9999 -9999 -9999 -9999 -9999 -9999 -9999 -9999 -9999 -9999 -9999 -9999 -9999 -9999 -9999 -9999 -9999 -9999 -9999 -9999 -9999 -9999 -9999 -9999 -9999 -9999 -9999 -9999 -9999 -9999 -9999 -9999 -9999 -9999 -9999 -9999 -9999 -9999 -9999 -9999 -9999 -9999 -9999 -9999 -9999 -9999 -9999 -9999 -9999 -9999 -9999 -9999
-9999 -9999 -9999 -9999 -9999 -9999 -9999 -9999 -9999 -9999 -9999 -9999 -9999 -9999 -9999 -9999 -9999 -9999 -9999 -9999 -9999 -9999 -9999 -9999 -9999 -9999 -9999 -9999 -9999 -9999 -9999 -9999 -9999 -9999 -9999 -9999 -9999 -9999 -9999 -9999 -9999 -9999 -9999 -9999 -9999 -9999 -9999 -9999 -9999 -9999 -9999 -9999 -9999 -9999 -9999 -9999 -9999 -9999 -9999 -9999 -9999 -9999 -9999 -9999 -9999 -9999 -9999 -9999 -9999 -9999 -9999
-9999 -9999 -9999 -9999 -9999 -9999 -9999 -9999 -9999 -9999 -9999 -9999 -9999 -9999 -9999 -9999 -9999 -9999 -9999 -9999 -9999 -9999 -9999 -9999 -9999 -9999 -9999 -9999 -9999 -9999 -9999 -9999 -9999 -9999 -9999 -9999 -9999 -9999 -9999 -9999 -9999 -9999 19.25980 18.74730 19.26630 19.27740 19.38760 19.59230 19.45820 20.26130 19.95380 19.58070 -9999 -9999 -9999 -9999 -9999 -9999 -9999 -9999 -9999 -9999 -9999 -9999 -9999 -9999 -9999 -9999 -9999 -9999 -9999
-9999 -9999 -9999 -9999 -9999 -9999 -9999 -9999 -9999 -9999 -9999 -9999 -9999 -9999 -9999 -9999 -9999 -9999 -9999 -9999 -9999 -9999 -9999 -9999 -9999 -9999 -9999 -9999 -9999 -9999 -9999 -9999 -9999 -9999 -9999 -9999 -9999 -9999 20.39720 20.46750 20.54690 20.94810 20.55900 19.77820 20.18520 18.98600 18.36960 18.33930 19.64780 20.57010 22.64190 23.12100 23.00070 23.01420 -9999 -9999 -9999 -9999 -9999 -9999 -9999 -9999 -9999 -9999 -9999 -9999 -9999 -9999 -9999 -9999 -9999
-9999 -9999 -9999 -9999 -9999 -9999 -9999 -9999 -9999 -9999 -9999 -9999 -9999 -9999 -9999 -9999 -9999 -9999 -9999 -9999 -9999 -9999 -9999 -9999 -9999 -9999 -9999 -9999 -9999 -9999 -9999 -9999 -9999 -9999 -9999 -9999 -9999 -9999 -9999 -9999 19.80870 19.81330 19.93530 20.06850 20.56530 21.39640 20.49350 20.97380 18.45380 18.36860 18.65970 21.10210 22.62040 22.61960 -9999 -9999 -9999 -9999 -9999 -9999 -9999 -9999 -9999 -9999 -9999 -9999 -9999 -9999 -9999 -9999 -9999
-9999 -9999 -9999 -9999 -9999 -9999 -9999 -9999 -9999 -9999 -9999 -9999 -9999 -9999 -9999 -9999 -9999 -9999 -9999 -9999 -9999 -9999 -9999 -9999 -9999 -9999 -9999 -9999 -9999 -9999 -9999 -9999 -9999 -9999 -9999 -9999 -9999 -9999 -9999 -9999 -9999 -9999 -9999 -9999 19.77750 20.18590 20.50540 22.00230 21.92930 19.87420 20.89000 20.83710 21.69860 22.63680 -9999 -9999 -9999 -9999 -9999 -9999 19.00460 -9999 -9999 -9999 -9999 -9999 -9999 -9999 -9999 -9999 -9999
-9999 -9999 -9999 -9999 -9999 -9999 -9999 -9999 -9999 -9999 -9999 -9999 -9999 -9999 -9999 -9999 -9999 -9999 -9999 -9999 -9999 -9999 -9999 -9999 -9999 -9999 -9999 -9999 -9999 -9999 -9999 -9999 -9999 -9999 -9999 -9999 -9999 -9999 -9999 -9999 -9999 19.73260 19.74550 19.77850 19.77890 19.75600 19.97920 20.36560 20.26850 19.87040 19.78610 21.18420 22.17480 22.05270 -9999 -9999 -9999 -9999 -9999 20.60380 21.10270 22.20120 22.00100 20.40080 20.80140 21.60190 22.40160 23.50130 22.20130 22.40120 21.60140
-9999 -9999 -9999 -9999 -9999 -9999 -9999 -9999 -9999 -9999 -9999 -9999 -9999 -9999 -9999 -9999 -9999 -9999 -9999 -9999 -9999 -9999 -9999 -9999 -9999 -9999 -9999 -9999 -9999 -9999 -9999 -9999 -9999 -9999 -9999 -9999 -9999 -9999 -9999 -9999 -9999 20.79570 19.93640 19.76290 19.75040 19.73870 20.62010 20.52350 19.94630 20.84860 21.72960 23.10810 22.43570 22.43510 22.24660 22.42050 21.15920 -9999 20.81630 23.40380 23.50210 23.40090 23.30040 22.40200 22.90320 23.50650 22.60530 22.20510 21.50530 20.70160 20.40140
-9999 -9999 -9999 -9999 -9999 -9999 -9999 -9999 -9999 -9999 -9999 -9999 -9999 -9999 -9999 -9999 -9999 -9999 -9999 -9999 -9999 -9999 -9999 -9999 -9999 -9999 -9999 -9999 -9999 -9999 -9999 -9999 -9999 -9999 -9999 23.28890 21.13470 19.86510 19.86850 19.67610 19.67800 19.67010 19.69220 19.82480 20.42950 20.46920 19.71110 20.00550 21.81220 23.01830 22.93810 23.14450 23.14620 23.07290 22.42360 22.52020 22.95800 23.03080 23.52830 23.50250 23.30060 22.90020 22.80040 22.81130 23.00380 23.50710 23.40640 23.00220 22.70580 22.28360 22.28360
-9999 -9999 -9999 -9999 -9999 -9999 -9999 -9999 -9999 -9999 -9999 -9999 -9999 -9999 -9999 -9999 -9999 -9999 -9999 -9999 -9999 -9999 -9999 -9999 -9999 -9999 -9999 -9999 -9999 -9999 -9999 -9999 -9999 -9999 23.55730 22.80840 22.12020 22.02820 20.15300 19.66570 19.67260 19.68930 19.88770 20.58040 20.09450 19.69820 19.70380 20.79430 23.00230 23.04690 22.94220 22.92590 22.97290 22.50320 22.44110 23.02620 23.01370 23.36320 23.52450 23.30240 22.80330 22.70810 23.10410 23.32600 23.50590 23.40600 23.10280 23.00510 22.83550 22.85190 22.80150
-9999 -9999 -9999 -9999 -9999 -9999 -9999 -9999 -9999 -9999 -9999 -9999 -9999 -9999 -9999 -9999 -9999 -9999 -9999 -9999 -9999 -9999 -9999 -9999 -9999 -9999 -9999 -9999 -9999 -9999 -9999 -9999 -9999 23.55360 23.36350 22.21320 22.21510 21.61850 20.52820 19.64520 19.65110 19.67590 20.75080 20.37630 19.69100 20.19140 21.19920 21.58860 22.15160 22.39160 22.22660 23.08000 22.96640 22.46610 22.38360 23.00850 23.05520 22.92870 22.91350 22.80490 23.10480 23.30250 23.30140 23.50240 23.50490 23.30890 23.01080 23.31420 23.33280 23.44830 22.93250
-9999 -9999 -9999 -9999 -9999 -9999 -9999 -9999 -9999 -9999 -9999 -9999 -9999 -9999 -9999 -9999 -9999 -9999 -9999 -9999 -9999 -9999 -9999 -9999 -9999 -9999 -9999 -9999 -9999 -9999 -9999 23.36460 21.62010 21.11320 21.01450 22.10730 21.31110 20.41740 19.62390 19.84950 19.76100 19.95370 20.45670 19.97690 19.69130 20.50670 22.78620 22.95980 22.96140 22.90890 22.89410 22.54310 22.54210 22.43870 22.87900 23.03890 22.87130 22.86540 23.17180 23.11260 23.30770 23.51400 23.41430 23.50240 23.50510 23.52290 23.41810 23.10360 23.00300 22.93890 22.89940
-9999 -9999 -9999 -9999 -9999 -9999 -9999 -9999 -9999 -9999 -9999 -9999 -9999 -9999 -9999 -9999 -9999 -9999 -9999 -9999 -9999 -9999 -9999 -9999 -9999 -9999 -9999 -9999 -9999 20.71230 22.10590 20.62300 19.62560 19.61760 19.62090 19.61310 20.71670 22.61200 20.72370 19.64850 20.32350 20.92050 19.67700 19.68420 19.68790 19.71740 20.42330 22.59320 22.91060 22.92950 22.79060 22.57250 22.51100 22.41600 22.90280 23.08820 22.92690 22.95500 22.91470 22.90050 23.30350 23.31380 23.31890 23.40360 23.50600 23.41360 23.54640 23.57540 23.58930 23.60570 22.98070
-9999 -9999 -9999 -9999 -9999 -9999 -9999 -9999 -9999 -9999 -9999 -9999 -9999 -9999 -9999 -9999 -9999 -9999 -9999 -9999 -9999 -9999 -9999 -9999 21.62840 21.34590 20.94390 20.32880 20.12680 19.62020 19.61890 19.62010 19.62350 19.62840 19.63530 20.03090 22.72760 21.14370 20.25790 19.66730 19.97410 21.02780 19.97900 19.66760 19.66410 19.66810 19.97860 20.53500 21.89030 23.00330 22.91320 23.22620 22.67180 23.02160 22.95840 23.01870 22.95900 22.92860 22.91800 23.21050 23.50840 23.50860 23.40870 23.30310 23.30510 23.30750 23.41270 23.21730 23.11240 23.36360 23.76740
-9999 -9999 -9999 -9999 -9999 -9999 22.86780 22.90710 22.92590 22.90780 22.89260 -9999 -9999 -9999 -9999 -9999 -9999 -9999 -9999 -9999 -9999 21.63660 19.95820 20.73950 21.93480 20.85570 20.05350 19.63590 19.63220 19.62370 19.61880 19.62360 19.62580 19.63240 19.63530 19.63320 19.64530 19.83730 22.04170 19.65460 20.05280 20.08750 20.94840 19.65700 19.66060 19.66370 19.96620 21.80530 23.05380 23.00580 22.99250 22.74480 22.99750 23.12790 22.99350 22.98480 22.96290 22.93210 23.22740 23.41500 23.41000 23.41050 23.31500 23.42360 23.44760 22.80780 22.80670 22.90970 22.90720 22.92610 22.87930
-9999 -9999 -9999 -9999 -9999 22.82310 22.83010 22.84520 22.93270 22.82510 22.83080 22.85840 22.85190 22.85170 -9999 -9999 -9999 22.92610 22.63230 21.15350 20.64990 19.66100 19.66260 19.62670 19.27970 18.97380 18.86070 18.84570 18.73800 18.73990 18.84550 18.83970 19.04720 19.05210 18.93420 18.84950 18.86630 18.94200 18.93550 18.74810 18.75910 18.77230 20.75270 19.90900 18.65650 18.88750 19.61720 20.80270 22.62200 23.01680 22.95430 22.61580 23.17750 22.97700 22.99100 22.98170 22.99030 22.93380 22.90530 22.73350 22.81020 22.90510 22.71280 22.80470 22.75290 22.90250 22.95090 22.93970 22.92670 22.93810 22.89310
-9999 21.89740 18.35190 18.24440 18.26000 22.63520 23.33530 22.93950 22.94220 22.92470 22.92580 22.95000 22.95890 22.95610 22.94210 22.93320 22.92930 22.93150 22.94220 22.92980 22.14280 19.85060 20.34570 18.73220 18.52570 18.54980 18.54980 18.54200 18.53880 18.53510 18.53000 18.52280 18.51970 18.52040 18.52740 18.53670 18.54150 18.52610 18.52160 18.52220 18.52240 18.53830 19.45570 20.79900 18.55160 18.57660 18.56750 19.61590 21.59580 21.76060 22.26400 23.25710 23.23730 23.09500 23.16290 23.21340 23.06900 22.92520 22.92170 22.76470 22.80760 22.83730 22.83180 22.82340 22.89130 23.10910 23.03620 22.89320 22.93560 22.99760 23.14660
-9999 23.04510 23.02610 22.95160 22.94560 22.64670 22.43280 22.44690 22.13940 22.84580 22.94650 22.92740 22.93630 22.93210 22.94160 22.94990 22.97110 22.95130 22.95120 22.95560 21.97270 21.46990 23.41160 19.28200 18.56440 18.55740 18.54990 18.53730 18.53270 18.53140 18.52070 18.54220 18.54880 18.55560 19.16630 18.53060 18.53190 18.54040 18.53580 18.54410 18.55400 18.56060 18.58400 21.25220 19.61170 18.63800 18.53630 18.56740 18.60620 19.50480 20.87790 22.99340 23.05270 23.19870 23.09060 23.12810 23.07080 23.06370 22.95280 22.37050 22.77860 22.86460 22.87320 22.74940 22.88340 23.51790 23.32190 22.84920 22.92940 22.88820 22.96940
-9999 -9999 -9999 19.32080 19.13740 18.72500 18.70020 18.71270 18.70690 18.80050 22.95320 23.03600 23.12650 23.32830 23.12880 22.94730 22.97390 22.96320 23.15790 23.45720 23.54650 23.52670 22.53830 18.80840 18.57670 18.56870 18.55630 18.53350 18.53030 18.53650 18.54400 18.55820 19.06100 19.28490 20.18590 21.27870 18.23600 18.25430 19.67090 21.07650 20.25500 20.45900 23.67280 23.52750 22.13430 20.98760 19.89240 18.77360 18.87870 20.12780 22.30680 22.81770 22.13150 23.15860 22.71480 23.18110 23.18590 22.94520 23.03220 22.40670 22.84860 22.94180 22.90690 22.94660 22.91750 22.99560 22.95960 22.99100 22.96700 23.09050 23.11560
-9999 -9999 -9999 -9999 -9999 -9999 20.20260 20.82470 21.51990 22.45440 23.34320 23.46920 23.46740 23.47640 23.46320 23.35970 23.35890 23.52160 23.51420 23.11720 21.55770 19.76070 18.63910 18.59740 18.58570 18.60600 18.58010 19.98550 21.49830 18.94940 18.53660 18.56900 20.97560 22.88790 19.63430 22.82080 22.36810 20.97370 23.88950 24.03080 24.00080 23.24590 22.85720 23.26470 23.52620 23.80110 22.43440 21.44730 20.51450 19.48860 20.14400 19.91710 19.31970 22.72300 22.29470 19.30050 23.18080 23.23020 23.17260 23.07720 22.52760 22.93950 22.52250 22.49360 22.98510 23.00890 22.92120 23.02870 23.13830 23.08140 23.15590
-9999 -9999 -9999 -9999 -9999 -9999 23.46630 23.48920 23.46700 23.50560 23.49150 23.46020 23.46170 23.47100 23.48640 23.53660 23.05820 21.25850 20.15410 18.83860 18.63920 18.64500 18.63930 18.62300 18.60990 18.60000 18.58800 20.01350 24.26150 24.24830 23.18500 23.28410 22.89400 23.64910 23.47220 23.36320 22.74770 22.63830 22.31260 22.72930 23.00090 23.33450 23.78820 23.48330 23.18170 23.00810 23.25790 24.15100 23.98570 22.95840 21.54610 20.10980 19.61760 19.83570 19.46620 18.70810 19.37240 19.65240 20.53170 20.36290 21.58030 21.81560 22.98540 23.03560 23.12370 22.99170 22.99990 23.01350 23.07060 23.12280 23.28400
-9999 -9999 -9999 -9999 -9999 -9999 -9999 -9999 -9999 -9999 23.16630 23.47900 23.47880 23.49900 23.48760 20.65890 18.67110 18.67800 18.70560 18.65910 18.65920 18.66570 18.68920 18.63460 18.63120 18.64150 18.63660 18.62290 19.21020 20.36590 19.74590 20.32660 21.33270 23.32810 24.10580 23.60700 23.98570 24.06850 24.04750 24.06300 22.23150 20.72240 19.85400 21.22510 21.20150 21.80490 21.41530 20.27250 23.66760 24.15710 24.13230 23.80030 23.47980 22.38560 22.15790 22.96280 21.94470 22.71810 22.75050 22.37720 22.73780 20.22350 19.92750 19.42450 20.14910 20.51190 20.30950 21.29710 23.02250 23.04990 23.04030
-9999 -9999 -9999 -9999 -9999 -9999 -9999 -9999 -9999 -9999 21.97470 23.45020 23.46770 23.48160 23.52120 20.73170 18.72140 18.73540 18.73680 18.69860 18.71290 18.74280 18.73750 18.66680 18.66370 18.65970 18.65060 18.63910 18.62270 19.55180 20.34980 20.33020 22.44620 23.06730 21.43040 22.42940 20.19600 18.53000 19.01970 19.13400 18.53350 18.54100 18.53840 18.55820 18.56100 18.58200 18.59430 18.61620 18.71770 22.96130 24.14100 24.09670 24.08410 23.85450 21.84930 24.21430 24.30880 24.33410 24.31050 24.21700 24.10290 24.07900 23.88860 22.47830 20.55340 21.08110 19.87440 18.68290 22.00500 23.06470 23.19460
-9999 -9999 -9999 -9999 -9999 -9999 -9999 -9999 -9999 -9999 -9999 -9999 23.48040 23.47670 23.51940 23.08710 19.83980 18.74480 18.72970 18.76830 18.75030 18.88710 18.49600 18.82630 18.68770 18.64820 18.64540 18.65810 18.63660 18.72230 19.76330 19.53300 19.53220 18.79710 18.58930 18.55860 18.54770 18.56160 18.54750 18.54330 18.54450 18.55250 18.56210 18.56210 18.56940 18.56830 18.58400 18.60090 18.61170 19.11400 20.95180 22.62610 22.78350 21.77540 20.58560 23.27780 24.26110 24.34830 24.33800 24.31810 24.30420 24.28810 23.50390 22.28660 23.36620 24.17930 21.46100 18.81670 19.67340 21.32810 23.02660
-9999 -9999 -9999 -9999 -9999 -9999 -9999 -9999 -9999 -9999 -9999 -9999 23.48850 23.49420 23.52280 23.58120 23.60410 23.47110 20.58320 19.87630 18.54360 19.96870 18.51530 19.53340 18.68220 18.65850 18.66290 18.68070 18.63770 18.63600 18.60700 18.62530 18.63150 18.60740 18.58350 18.56080 18.54830 18.57720 18.55900 18.55450 18.56140 18.55350 18.55700 18.56700 18.57640 19.39730 20.00070 22.03790 23.56360 23.54190 22.20560 22.12670 21.46910 20.65710 22.40240 24.15330 24.18890 24.25250 24.24150 24.20340 23.70860 22.39430 23.05340 24.13000 24.18560 22.38510 21.00310 22.07570 22.97000 23.18140 23.06650
-9999 -9999 -9999 -9999 -9999 -9999 -9999 -9999 -9999 -9999 -9999 23.48720 23.45510 23.46670 23.49500 23.51690 22.28340 18.29120 18.29650 18.27880 18.31630 19.95540 19.81420 18.86990 18.63550 18.58260 18.60530 18.63430 18.60450 18.58680 18.56530 18.57840 18.57340 18.58300 18.57400 18.53380 18.53260 18.55740 18.55420 18.56960 18.57330 18.55560 18.56280 18.58950 18.57750 18.58260 19.89620 21.14580 21.64870 23.27660 22.98460 23.05260 22.83440 23.55490 24.05930 24.21020 24.15360 24.17390 24.15550 22.94900 23.19470 24.36240 24.40000 24.24370 24.25650 22.92670 22.34960 23.05380 23.05110 22.99430 23.12070
-9999 -9999 -9999 -9999 -9999 -9999 -9999 -9999 -9999 -9999 -9999 23.44940 23.49400 23.48580 23.51660 23.51580 20.78690 18.87570 18.30740 19.09130 19.92970 20.01510 19.30090 19.78730 19.57120 19.43010 18.63300 18.61670 18.59370 18.59440 18.57210 18.55180 18.55110 18.56310 18.57820 18.55870 18.55570 18.58090 18.58530 18.58790 18.59050 18.67830 19.30620 19.85340 20.56560 22.75690 23.15830 23.43000 24.27160 24.26070 24.28540 24.34780 24.32590 24.31250 24.31150 24.50310 24.50870 23.22170 22.95140 23.94950 24.27840 24.46010 24.44350 24.21360 23.36100 22.40470 24.00290 23.39020 23.08230 23.13220 23.25200
