data/hydroclimate-scenarios/BCSD_hadcm_B1/monthly_summaries/soilm1_monthly_day1_jul.2030-2059.asc
ncols	311
nrows	91
xllcenter	102.75
yllcenter	31.75
cellsize	0.5
NODATA_value	-9999
[rows 32 to 63 of 91, columns 0 to 70 of 311]
-9999 -9999 -9999 -9999 -9999 -9999 -9999 -9999 -9999 -9999 -9999 64.57330 64.09520 72.46510 64.37820 70.35430 66.01110 73.35820 68.02060 71.74820 79.08700 78.67820 78.30120 77.53910 69.42150 67.06410 68.54370 76.98990 77.41870 78.36970 78.40730 78.14110 79.55080 78.18890 78.48720 71.63030 72.47230 75.74880 66.79940 67.32560 64.55130 64.91420 68.23600 67.06150 65.98110 67.97550 65.54520 59.69890 59.10760 60.47700 59.60170 66.64560 66.09570 68.22590 67.89520 63.94920 65.46740 63.88940 59.87110 57.09990 57.78240 59.37200 55.00470 70.80290 70.73570 51.14660 54.47530 57.58400 58.85350 60.32950 60.04030
-9999 -9999 -9999 -9999 -9999 -9999 -9999 -9999 -9999 -9999 -9999 67.63790 68.34820 64.72610 61.79500 67.07670 66.70890 76.89140 76.40830 80.49610 81.21090 79.81550 73.00180 71.88510 72.69180 71.67920 70.55170 72.04970 68.46040 63.09440 72.87210 78.80580 80.01420 67.77460 65.84660 53.18820 60.83610 67.51080 65.33440 67.88130 65.83210 70.90740 70.21030 70.09700 73.19940 70.91710 68.80760 61.50280 60.49210 59.21160 58.37720 64.85320 63.71050 58.90110 57.09810 61.58440 61.33490 58.28530 61.41090 62.08130 59.75590 74.55460 71.97890 52.81780 72.55430 56.48130 56.84080 56.93560 56.44220 58.66830 57.33040
-9999 -9999 -9999 -9999 -9999 -9999 -9999 -9999 -9999 -9999 -9999 -9999 70.85530 70.82510 68.66110 67.73480 69.76150 76.47490 76.01530 78.65640 72.45890 70.81860 70.54670 71.08160 69.46470 67.82670 67.49000 68.43630 64.37780 66.99820 67.99240 64.77730 65.51010 66.98820 64.72420 65.54220 67.83810 69.35950 63.21640 62.21270 62.12690 65.76550 65.55630 60.40460 61.12160 65.45040 62.66360 66.06710 64.12220 60.76090 57.49230 55.85430 55.69580 56.71430 54.25080 52.18850 51.02400 50.44650 69.52460 69.61380 68.61830 50.61920 50.43080 55.42690 55.77750 71.22560 54.91700 58.08470 60.13740 62.31200 59.03550
-9999 -9999 -9999 -9999 -9999 -9999 -9999 -9999 -9999 -9999 -9999 -9999 70.61820 69.21970 72.59780 69.90670 70.36600 68.11470 68.89880 71.29640 72.20660 72.85290 70.78440 65.34130 62.76550 59.72350 58.19520 66.39160 62.77830 66.21340 70.25950 67.07700 66.32110 60.87950 66.13680 66.56350 62.45370 66.59540 68.40280 66.10230 64.18590 71.19660 68.02860 66.07300 68.14450 68.25840 69.26930 70.07580 63.87200 63.56950 60.41450 55.53900 54.46670 55.66920 53.85160 51.90550 70.73900 48.73460 53.15010 54.94530 51.30920 55.99570 56.39650 61.97270 60.21560 52.75160 54.09060 55.88540 57.43590 58.86550 60.01030
-9999 -9999 -9999 -9999 -9999 -9999 -9999 -9999 -9999 -9999 -9999 -9999 71.16860 69.72840 69.29550 69.35780 69.93570 69.35040 69.17610 70.93810 70.87730 71.66270 69.27620 63.08960 63.08620 63.67190 65.04250 64.84630 68.99900 64.83760 62.48110 61.57080 68.22340 66.39930 63.78000 61.55360 63.78510 65.95310 63.64130 70.01460 71.69080 70.65640 67.39370 68.88430 70.47550 71.65960 70.29610 74.70650 74.06790 63.27980 60.26300 58.37430 54.09110 52.71170 52.68750 53.46250 52.69880 55.29000 57.41110 58.56190 55.95790 59.24880 56.84720 54.25080 54.77850 58.40950 59.95080 58.88100 61.74290 62.13110 62.04300
-9999 -9999 -9999 63.33320 68.69010 65.54590 62.43350 62.67120 63.28690 -9999 69.95640 72.04020 69.52930 66.67010 67.38870 69.05940 69.95780 67.40840 69.58800 68.40800 72.32600 69.96790 66.23430 66.70430 64.43460 68.11170 68.12600 67.38060 64.98220 58.94550 63.62870 63.42350 58.42640 56.76160 58.07010 46.62200 56.30680 60.65850 66.29130 69.76800 69.98940 71.28880 71.17480 67.17280 64.73580 63.50100 66.99310 66.73350 65.97800 63.48340 61.75710 58.93260 58.35680 59.56110 57.70390 58.15820 58.23930 54.08320 56.03540 53.24110 54.22510 59.62960 58.30710 61.70540 56.55900 59.63370 62.50520 64.34930 66.88890 67.27430 68.79310
-9999 -9999 -9999 63.29020 63.88860 67.97800 65.54120 68.20670 65.42250 64.44740 71.72900 66.99880 71.30460 61.14970 64.76440 65.66200 66.49330 69.26690 70.51650 67.26150 65.58190 68.46640 68.61200 70.00060 67.84530 68.39720 67.33460 66.86390 66.06000 61.72490 50.61360 59.36150 61.02500 55.83390 53.11900 54.78170 53.30390 59.72010 60.20900 62.17010 60.54370 61.77610 67.40320 72.00680 68.04360 66.18590 66.47710 63.84650 65.64790 67.05200 66.67760 60.28350 61.17620 61.52860 56.90960 57.10500 53.74780 53.07880 55.23400 54.53950 54.08870 59.40970 59.36060 62.16700 63.69180 58.05080 59.63050 65.91050 69.99330 65.71490 69.16110
-9999 -9999 -9999 60.23740 67.34700 65.56750 70.15830 69.37020 68.36700 70.29000 71.53250 69.98330 68.11960 59.74260 56.42000 56.69770 68.02380 63.01440 61.94160 58.58490 60.70770 63.90440 53.18840 59.85870 61.93510 64.96660 67.66860 70.60820 64.58380 63.01750 67.16550 64.77020 61.39460 55.45920 55.35120 53.76080 55.21290 58.09910 56.84670 55.59870 56.82220 61.43680 65.32010 72.85730 69.32050 65.13140 66.46280 66.22860 65.21080 71.29850 72.01080 59.77780 59.74840 59.28710 57.32620 55.91470 54.81460 56.32990 56.38760 56.51730 55.22190 59.13490 60.13390 62.40740 63.04230 62.93670 63.07200 70.06940 73.74790 71.62480 74.82720
-9999 -9999 -9999 66.75650 65.19950 72.11390 67.20050 70.91840 64.95080 63.64630 66.65500 62.06110 54.31530 54.88420 54.35100 54.15070 57.31000 75.16910 76.84900 62.88490 59.45920 47.93520 59.94930 75.94960 65.78980 64.34070 60.48070 61.84960 63.92010 64.77610 64.55300 58.30630 58.05710 58.69840 60.22770 63.54840 60.12440 57.37910 59.03890 60.09040 59.21030 63.98670 67.37220 70.98470 67.89860 71.24600 71.41460 68.11900 69.07010 68.26620 70.41050 62.88540 62.18650 61.66210 60.47810 59.13530 58.00520 60.30980 59.17280 56.65170 49.54840 63.37400 61.87170 63.32600 64.48880 66.45930 68.30880 71.02510 74.04760 78.23700 76.95650
-9999 -9999 -9999 62.39830 64.98810 71.52070 71.18240 70.03580 68.55460 67.28420 65.37160 59.32880 53.31840 52.94920 73.39500 73.51910 57.55910 58.07630 58.19020 61.08190 61.35070 57.73870 75.64810 62.17750 59.95510 60.66790 63.01120 63.39810 62.99160 65.43010 64.51420 59.35770 59.19180 55.93380 55.23380 55.30560 55.81300 55.46590 56.47420 60.77080 61.27490 64.84350 66.80310 66.67030 68.85940 68.82600 68.13770 67.55920 67.18960 69.93940 69.24470 60.53640 61.63170 63.51720 58.80020 61.39800 58.07830 58.73100 59.55950 61.03670 57.96470 63.46010 63.80280 63.29550 63.76920 64.05040 66.83180 72.73230 76.66690 74.88620 74.91460
-9999 -9999 -9999 -9999 71.39020 75.16340 74.90090 72.78080 66.72890 62.74960 64.98460 67.45360 57.89030 56.18620 -9999 -9999 -9999 -9999 -9999 62.78680 76.05260 73.27020 74.07650 64.91170 60.90690 61.69250 65.11190 62.50430 66.11800 64.51540 62.74510 59.31370 59.26370 56.49040 56.43840 55.35970 56.04370 54.60900 57.05690 55.22730 53.70860 57.57940 63.03130 66.32250 65.82740 63.83230 62.47230 65.60270 67.04020 78.88920 66.95960 69.80800 66.78590 65.98390 64.33850 62.74300 63.33330 61.69840 58.50700 61.29320 64.52230 67.72520 69.26650 65.63100 66.98880 66.92920 65.90710 67.55240 66.12750 -9999 -9999
-9999 -9999 73.02720 72.00220 75.47200 74.24490 74.45840 73.45380 66.56940 64.97370 65.23970 65.73560 60.09190 -9999 -9999 -9999 -9999 -9999 78.32000 76.40210 76.65570 56.41330 55.83680 62.95530 77.15920 93.66060 78.68460 65.38500 66.63370 66.98400 62.66830 60.44910 60.38660 62.02930 62.86790 60.09640 57.53190 54.88030 56.08610 53.71540 54.84060 60.21690 63.09740 60.16950 59.51580 61.21780 62.04220 62.24680 62.58340 80.13090 80.06460 84.94040 97.21910 81.53300 79.42080 61.60550 61.11260 62.16850 60.08580 60.69030 61.67010 66.58580 70.31970 67.82200 67.51060 64.99160 62.98220 -9999 -9999 -9999 -9999
-9999 -9999 74.89510 76.57250 72.97400 70.48480 69.17250 74.33580 67.29030 66.91650 69.39680 70.93410 60.24480 -9999 -9999 -9999 -9999 64.45800 63.89470 55.27960 55.32130 54.75060 58.42910 82.14340 81.60770 60.86550 60.44930 61.19180 64.59010 64.39860 60.06480 59.88050 59.79100 63.96780 63.28730 61.15510 59.99500 55.57370 57.02720 61.64270 67.04740 66.74790 65.40520 61.96460 62.09150 61.43720 62.16270 62.06220 60.75080 64.47650 76.49750 80.00080 81.22470 80.02170 77.17510 56.28560 58.25770 64.63720 64.37270 63.50780 62.13320 66.31590 64.93330 66.12000 64.29270 -9999 -9999 -9999 -9999 -9999 65.47710
-9999 -9999 70.98340 77.91390 77.13270 74.10220 67.37110 63.34010 66.33340 67.13720 64.55850 59.41750 51.05020 -9999 -9999 -9999 -9999 66.21210 61.64480 55.14930 56.29560 60.50750 75.35910 66.06150 68.10900 64.48620 61.72110 62.61160 64.49860 59.33770 61.36260 60.34960 59.78030 62.15730 62.89780 63.01540 64.67800 63.86910 61.02900 61.39390 67.34240 65.34660 65.32150 70.20820 69.88370 65.98380 66.41560 68.51050 67.51700 68.64450 67.19840 66.13290 64.00450 60.86330 65.15160 56.59820 54.84560 64.61680 65.32910 62.97790 60.28660 61.36210 60.34360 62.47830 63.01030 69.46440 67.14070 66.72900 71.48140 -9999 -9999
-9999 -9999 -9999 68.69980 70.67290 62.41520 58.23980 59.63460 69.62690 65.20470 53.70610 49.18680 -9999 -9999 -9999 -9999 62.63720 59.21770 60.31720 60.67600 65.24600 64.41990 64.24580 64.57130 65.31740 61.00070 62.83910 61.11070 62.51430 63.70760 60.77730 64.06310 62.84650 65.06430 63.09540 58.76030 57.97270 59.73270 58.57880 57.58970 63.25620 63.38170 79.71730 81.33300 79.05290 81.04670 80.02890 70.96490 69.97900 72.00820 77.23700 83.87380 77.86440 84.83310 97.66430 99.65360 84.25380 74.08490 72.75620 71.86930 67.88670 64.87140 68.44120 68.09720 68.04240 66.24170 65.81100 67.69280 65.79060 72.28770 -9999
-9999 -9999 -9999 -9999 66.20010 56.67320 54.60010 70.25260 71.36840 54.20090 55.44760 -9999 -9999 -9999 -9999 70.99910 59.36110 56.39660 58.24700 59.52920 58.88750 58.29960 59.56220 62.16600 62.15450 59.69330 58.52810 59.44680 59.32310 59.08730 58.20720 58.02490 57.51960 61.68060 65.84250 66.65920 67.10880 64.68510 62.92710 60.32720 61.02160 64.62550 66.53400 70.94450 73.28670 69.37330 68.58330 79.06780 68.34250 81.38390 68.22870 76.94140 78.07280 79.90100 78.84620 80.32580 94.57390 83.95630 81.20610 66.54440 70.24150 69.93760 67.01470 60.04470 63.11650 64.83850 61.86600 61.91320 65.03020 63.91250 65.62820
-9999 -9999 -9999 -9999 -9999 -9999 70.28080 78.64860 51.95200 62.17090 56.78220 -9999 -9999 -9999 -9999 -9999 52.57530 60.26540 59.71390 57.66550 57.22930 52.33260 55.91010 61.65550 59.32980 58.50950 61.69630 73.17600 73.36640 58.73060 57.57720 56.88380 57.82940 63.37470 62.91890 61.60470 67.39700 65.29610 62.47560 66.50030 66.31480 68.43810 71.08570 71.26010 73.53500 74.55410 72.96120 81.92300 83.12640 89.30970 82.67720 79.52420 60.89410 61.46560 60.48810 60.78940 77.39950 82.83540 77.31070 61.18190 61.11260 64.07890 63.74870 59.73340 57.48520 61.24050 59.05270 55.03930 55.55500 60.28930 65.38300
-9999 -9999 -9999 -9999 -9999 -9999 -9999 -9999 -9999 -9999 -9999 -9999 -9999 -9999 -9999 -9999 -9999 -9999 -9999 55.92580 56.71170 52.23910 54.90790 56.59370 59.50010 59.50490 55.70330 47.19200 46.26140 51.96730 56.63360 57.33770 63.00560 65.35820 63.44290 63.57350 66.50710 69.09040 67.77960 71.84660 74.16330 74.25690 73.96660 78.52770 78.05860 75.38180 69.01120 82.06620 81.52720 71.80190 70.94850 65.60170 77.35550 76.41020 65.17960 61.17590 62.44740 63.16190 62.39790 60.27400 65.10240 67.44110 63.17660 59.91390 59.68460 61.02870 56.84840 54.89600 54.72800 67.34670 69.44610
-9999 -9999 -9999 -9999 -9999 -9999 -9999 -9999 -9999 -9999 -9999 -9999 -9999 -9999 -9999 -9999 -9999 -9999 59.35880 61.75200 59.30150 53.25980 55.39870 52.70380 53.29080 50.46610 49.11840 52.50710 53.15050 52.83740 54.28290 57.19650 58.82700 59.58080 63.76880 61.77820 65.32810 66.18270 67.61390 69.90970 72.32960 72.22050 71.72410 76.66170 75.77610 76.62510 75.21260 76.36170 72.20430 85.68880 86.76470 82.49470 81.70860 77.68300 67.72700 70.43680 68.46600 63.39290 65.42630 62.22780 65.17670 62.89390 59.74660 63.01220 66.78290 59.63530 56.79100 59.02390 60.64690 65.03080 75.47240
-9999 -9999 -9999 -9999 -9999 -9999 -9999 -9999 -9999 -9999 -9999 -9999 -9999 -9999 -9999 -9999 -9999 62.06020 61.34670 59.75690 60.80810 54.91030 53.37940 51.62370 50.02660 48.04520 67.10470 48.44710 52.48650 52.52180 54.20140 54.27760 59.85960 54.87760 73.99720 76.50000 69.43150 67.90140 68.87050 70.64640 68.14160 67.38950 72.28310 73.61830 72.40010 67.43030 77.54240 81.58670 71.90870 83.40440 84.93470 78.64220 66.50640 64.32150 66.70500 71.11420 66.69360 64.69610 63.47830 63.13030 63.79340 64.19090 63.59900 68.07610 62.27110 58.87240 58.33910 59.09130 58.43740 65.85480 75.06730
-9999 -9999 -9999 -9999 -9999 -9999 -9999 -9999 -9999 -9999 -9999 -9999 -9999 -9999 -9999 -9999 -9999 63.78260 61.24500 61.60940 61.77650 58.73670 52.22460 50.46580 49.05260 48.98480 48.66500 46.94280 47.54890 49.53850 69.33180 70.57110 70.52020 70.35850 74.12480 76.59080 78.94540 59.46260 60.67330 62.94530 65.05880 61.87560 62.68790 61.59290 61.93440 75.03130 62.41100 71.02810 67.78560 66.47910 79.37090 79.25560 79.37480 77.90770 79.07470 72.67020 72.64670 70.90650 65.14220 63.13230 63.39260 64.17900 62.15350 65.71390 66.78420 66.69370 65.57200 66.89110 63.74920 68.89900 65.66400
-9999 -9999 -9999 -9999 -9999 -9999 -9999 -9999 -9999 -9999 -9999 -9999 -9999 -9999 -9999 -9999 72.44520 70.84220 62.62790 62.13680 54.67190 51.24780 50.29210 49.40160 47.96900 48.04430 47.28320 46.03360 46.25390 47.46850 48.29770 48.70650 48.02390 69.50180 71.22600 71.43430 56.95480 57.74390 58.53920 56.88460 56.68840 61.72490 73.82390 57.33870 55.49540 58.19990 60.44400 71.89740 68.20790 61.91170 77.56750 78.11300 78.31770 77.66270 77.52130 68.32630 73.78920 73.19590 74.39520 64.08690 61.55190 64.73010 66.09440 73.68330 72.70630 89.03220 87.59200 84.23650 78.00060 64.13400 68.94550
-9999 -9999 -9999 -9999 -9999 -9999 -9999 -9999 -9999 -9999 -9999 -9999 -9999 67.64070 64.45510 66.10020 62.98150 67.22320 64.67790 53.69820 53.75060 49.99350 47.80360 49.11540 48.83930 46.52260 46.24420 49.89120 49.64660 46.88780 68.06620 66.80530 46.69880 46.39650 68.53310 75.86860 76.32700 58.61310 65.40060 65.12030 65.36970 64.16410 59.80420 57.35590 73.79340 73.66500 74.50740 84.08700 87.29250 79.65230 78.84940 75.11030 65.68550 65.01900 76.57980 74.82100 70.77530 68.65560 65.95820 68.53990 69.70780 81.28770 72.28810 89.70320 88.53570 81.40320 82.69630 77.42790 66.12610 74.61260 78.59270
-9999 -9999 -9999 -9999 -9999 -9999 -9999 -9999 -9999 -9999 -9999 -9999 62.45610 65.04120 67.06050 63.13540 62.32910 57.35250 54.47500 51.51170 51.41670 48.21660 47.52000 49.26300 48.46090 45.47950 45.37980 49.05000 69.84750 67.24690 67.79090 66.26490 66.73080 46.09440 67.57350 74.75700 59.55430 57.52340 64.23310 63.04970 59.88890 60.97090 72.68290 74.43890 76.17430 71.95790 72.07590 84.40000 89.66500 87.53440 70.87300 64.34370 62.76020 68.66820 63.31350 63.00050 81.36980 80.91480 78.14520 81.20380 76.63130 83.49430 80.11420 77.87080 81.24780 82.95120 81.57980 66.93920 74.87700 82.80090 75.19220
-9999 -9999 -9999 -9999 -9999 -9999 -9999 -9999 -9999 -9999 -9999 68.58460 64.10740 63.70740 61.59000 54.11170 51.94130 54.02830 53.95960 53.15550 52.65000 46.61050 46.56870 46.70700 46.52610 45.90860 67.50270 46.83210 68.33440 69.80840 70.45540 45.64340 46.13240 48.23390 49.59560 74.33740 63.92620 64.62260 63.48790 57.26450 55.59850 73.87940 73.44960 75.74610 77.50750 75.79820 78.97040 82.02150 83.86450 88.25930 89.64760 75.68090 71.15980 74.30190 70.76630 66.54680 79.84580 77.29620 74.03720 70.47330 75.31630 75.58870 66.98470 65.46720 80.16830 69.75360 67.01840 69.33610 75.80740 73.91360 69.77600
-9999 -9999 -9999 -9999 -9999 -9999 -9999 -9999 -9999 -9999 57.76110 60.32400 57.67660 59.78210 57.36120 51.22510 50.13620 51.09530 51.14820 51.00160 50.21610 46.21090 46.14060 46.19960 46.04700 45.53010 45.59980 68.19760 68.20160 48.38620 48.86800 45.59940 33.89860 69.31450 71.25960 60.08730 65.20020 64.10330 69.79710 58.32450 72.33740 72.56750 71.89910 76.12190 76.58770 74.31540 75.75950 81.43030 83.01900 88.98870 92.09300 81.01300 81.07510 80.79860 76.84500 71.96820 82.13880 83.64420 77.26930 77.88610 78.58800 75.84300 67.87910 77.26220 78.38140 78.25080 72.05210 74.57010 77.94100 74.84450 73.93950
-9999 -9999 -9999 -9999 -9999 -9999 -9999 -9999 -9999 48.24250 48.42810 51.10080 51.33960 51.80670 50.80920 51.06850 50.78760 50.60010 49.77060 50.25780 49.96890 48.79580 48.63800 46.24180 46.03220 45.95670 45.50550 46.47490 46.60730 46.41790 46.49050 47.01280 48.38190 50.88260 73.16750 66.17560 74.27210 69.84280 68.33520 62.82960 75.57300 72.63020 73.53220 79.55760 71.89170 90.25730 74.40010 80.94270 85.82530 87.49140 91.74460 87.70190 80.35280 84.98670 81.58360 80.88340 79.22320 79.88520 79.86090 83.22870 80.15170 78.84930 67.92840 76.64410 64.63520 69.40600 77.97550 84.60150 77.58340 76.38740 75.54330
-9999 -9999 -9999 -9999 -9999 -9999 -9999 -9999 -9999 -9999 46.19650 48.52730 49.00650 48.73270 48.07050 49.85020 49.88210 49.67450 49.38940 49.40500 49.51690 48.50360 48.34480 -9999 -9999 -9999 -9999 -9999 -9999 47.30970 50.36030 48.02780 49.21460 52.04190 55.66320 67.77930 74.81050 68.12230 64.90780 58.52210 74.94430 73.33170 70.42580 88.28450 79.40620 89.71070 90.49040 79.86200 83.16960 85.47490 85.93230 79.60220 82.30170 81.82270 88.63590 77.62700 74.98390 78.85900 80.38460 81.61450 80.91970 67.97810 70.67520 67.22210 72.58440 76.62880 81.62690 83.31110 81.86200 83.72550 78.72980
-9999 -9999 -9999 -9999 -9999 -9999 -9999 -9999 -9999 -9999 -9999 -9999 44.64800 47.51430 47.99590 47.54630 47.70950 48.00330 48.24020 -9999 -9999 -9999 -9999 -9999 -9999 -9999 -9999 -9999 -9999 -9999 -9999 -9999 -9999 53.33890 57.55160 62.34340 80.08020 63.31870 60.91170 58.46130 76.31370 78.60810 76.77030 72.97290 73.48400 81.44060 91.69250 82.86130 84.86690 82.23610 84.12750 82.70270 84.76390 83.14550 83.53440 76.66500 77.70920 66.04600 63.36120 78.68310 78.26590 67.46590 77.65880 68.39250 72.35210 80.45860 82.65740 75.60000 78.20890 79.40530 87.07790
-9999 -9999 -9999 -9999 -9999 -9999 -9999 -9999 -9999 -9999 -9999 -9999 -9999 -9999 -9999 -9999 -9999 -9999 -9999 -9999 -9999 -9999 -9999 -9999 -9999 -9999 -9999 -9999 -9999 -9999 -9999 -9999 -9999 -9999 76.32250 76.69480 75.62920 78.08740 59.21050 78.10160 77.36190 78.77690 78.55140 72.33480 91.96740 90.35590 90.58450 82.53800 83.93660 80.98450 81.65050 81.33500 85.29330 79.06900 77.50250 74.22540 65.06760 81.33660 67.52050 69.33290 68.01540 80.12260 67.42710 68.73260 77.61750 84.89160 85.43600 78.95900 80.92860 84.08630 87.80990
-9999 -9999 -9999 -9999 -9999 -9999 -9999 -9999 -9999 -9999 -9999 -9999 -9999 -9999 -9999 -9999 -9999 -9999 -9999 -9999 -9999 -9999 -9999 -9999 -9999 -9999 -9999 -9999 -9999 -9999 -9999 -9999 -9999 -9999 58.48470 78.26040 78.86460 57.68880 56.03590 76.18550 76.85570 88.95690 89.48010 84.48570 82.57470 77.21570 77.89520 78.51900 79.90220 82.37890 81.13530 77.56790 64.70440 68.09530 66.31590 59.63600 71.90110 60.75740 63.18060 76.16810 76.88400 80.05140 68.47170 70.08940 78.51960 77.62170 87.12260 79.33120 82.85350 85.21510 -9999
-9999 -9999 -9999 -9999 -9999 -9999 -9999 -9999 -9999 -9999 -9999 -9999 -9999 -9999 -9999 -9999 -9999 -9999 -9999 -9999 -9999 -9999 -9999 -9999 -9999 -9999 -9999 -9999 -9999 -9999 -9999 -9999 -9999 -9999 -9999 -9999 -9999 -9999 75.20930 76.44210 78.09250 79.17670 76.99240 83.18220 87.50460 77.67830 78.49830 78.87580 81.12220 82.41280 82.44630 75.40630 74.80600 65.80310 75.84010 59.82850 56.44640 61.32330 64.36630 64.18900 64.93860 69.47770 74.53870 80.68270 85.45380 78.40560 83.34800 87.93530 76.51760 -9999 -9999
