data/hydroclimate-scenarios/BCSD_hadcm_B1/monthly_summaries/soilm2_monthly_day1_mar.2070-2099.asc
ncols	311
nrows	91
xllcenter	102.75
yllcenter	31.75
cellsize	0.5
NODATA_value	-9999
[rows 0 to 30 of 91, columns 210 to 279 of 311]
-9999 -9999 -9999 -9999 -9999 -9999 -9999 -9999 -9999 -9999 -9999 -9999 -9999 -9999 -9999 -9999 -9999 -9999 -9999 -9999 -9999 -9999 -9999 -9999 -9999 -9999 -9999 -9999 -9999 -9999 -9999 -9999 -9999 -9999 -9999 -9999 -9999 -9999 -9999 -9999 -9999 -9999 -9999 -9999 -9999 -9999 -9999 -9999 -9999 -9999 -9999 -9999 -9999 -9999 -9999 -9999 -9999 -9999 -9999 -9999 -9999 -9999 -9999 -9999 -9999 -9999 -9999 -9999 -9999 -9999
-9999 -9999 -9999 -9999 -9999 -9999 -9999 -9999 -9999 -9999 -9999 -9999 -9999 -9999 -9999 -9999 -9999 -9999 -9999 -9999 -9999 -9999 -9999 -9999 -9999 -9999 -9999 -9999 -9999 -9999 -9999 -9999 -9999 -9999 -9999 -9999 -9999 -9999 -9999 -9999 -9999 -9999 -9999 -9999 -9999 -9999 -9999 -9999 -9999 -9999 -9999 -9999 -9999 -9999 -9999 -9999 -9999 -9999 -9999 -9999 -9999 -9999 -9999 -9999 -9999 -9999 -9999 -9999 -9999 -9999
-9999 -9999 -9999 -9999 -9999 -9999 -9999 -9999 -9999 -9999 -9999 -9999 -9999 -9999 -9999 -9999 -9999 -9999 -9999 -9999 -9999 -9999 -9999 -9999 -9999 -9999 -9999 -9999 -9999 -9999 -9999 -9999 -9999 -9999 -9999 -9999 -9999 -9999 -9999 -9999 -9999 -9999 -9999 -9999 -9999 -9999 -9999 -9999 -9999 -9999 -9999 -9999 -9999 -9999 -9999 -9999 -9999 -9999 -9999 -9999 -9999 -9999 -9999 -9999 -9999 -9999 -9999 -9999 -9999 -9999
-9999 -9999 -9999 -9999 -9999 -9999 -9999 -9999 -9999 -9999 -9999 -9999 -9999 -9999 -9999 -9999 -9999 -9999 -9999 -9999 -9999 -9999 -9999 -9999 -9999 -9999 -9999 -9999 -9999 -9999 -9999 -9999 -9999 -9999 -9999 -9999 -9999 -9999 -9999 -9999 -9999 -9999 -9999 -9999 -9999 -9999 -9999 -9999 -9999 -9999 -9999 -9999 -9999 -9999 -9999 -9999 -9999 -9999 -9999 -9999 -9999 -9999 -9999 -9999 -9999 -9999 -9999 -9999 -9999 -9999
-9999 -9999 -9999 -9999 -9999 -9999 -9999 -9999 -9999 -9999 -9999 -9999 -9999 -9999 -9999 -9999 -9999 -9999 -9999 -9999 -9999 -9999 -9999 -9999 -9999 -9999 -9999 -9999 -9999 -9999 -9999 -9999 -9999 -9999 -9999 -9999 -9999 -9999 -9999 -9999 -9999 -9999 -9999 -9999 -9999 -9999 -9999 -9999 -9999 -9999 -9999 -9999 -9999 -9999 -9999 -9999 -9999 -9999 -9999 -9999 -9999 -9999 -9999 -9999 -9999 -9999 -9999 -9999 -9999 -9999
-9999 -9999 -9999 -9999 -9999 -9999 -9999 -9999 -9999 -9999 -9999 -9999 -9999 -9999 -9999 -9999 -9999 -9999 -9999 -9999 -9999 -9999 -9999 -9999 -9999 -9999 -9999 -9999 -9999 -9999 -9999 -9999 -9999 -9999 -9999 -9999 -9999 -9999 -9999 -9999 -9999 -9999 -9999 -9999 -9999 -9999 -9999 -9999 -9999 -9999 -9999 -9999 -9999 -9999 -9999 -9999 -9999 -9999 -9999 -9999 -9999 -9999 -9999 -9999 -9999 -9999 -9999 -9999 -9999 -9999
-9999 -9999 -9999 -9999 -9999 -9999 -9999 -9999 -9999 -9999 -9999 -9999 -9999 -9999 -9999 -9999 -9999 -9999 -9999 -9999 -9999 -9999 -9999 -9999 -9999 -9999 -9999 -9999 -9999 -9999 -9999 -9999 -9999 -9999 -9999 -9999 -9999 -9999 -9999 -9999 -9999 -9999 -9999 -9999 -9999 -9999 -9999 -9999 -9999 -9999 -9999 -9999 -9999 -9999 -9999 -9999 -9999 -9999 -9999 -9999 -9999 -9999 -9999 -9999 -9999 -9999 -9999 -9999 -9999 -9999
-9999 -9999 -9999 -9999 -9999 -9999 -9999 -9999 -9999 -9999 -9999 -9999 -9999 -9999 -9999 -9999 -9999 -9999 -9999 -9999 -9999 -9999 -9999 -9999 -9999 -9999 -9999 -9999 -9999 -9999 -9999 -9999 -9999 -9999 -9999 -9999 -9999 -9999 -9999 -9999 -9999 -9999 -9999 -9999 -9999 -9999 -9999 -9999 -9999 -9999 -9999 -9999 -9999 -9999 -9999 -9999 -9999 -9999 -9999 -9999 -9999 -9999 -9999 -9999 -9999 -9999 -9999 -9999 -9999 -9999
-9999 -9999 -9999 -9999 -9999 -9999 -9999 -9999 -9999 -9999 -9999 -9999 -9999 -9999 -9999 -9999 -9999 -9999 -9999 -9999 -9999 -9999 -9999 -9999 -9999 -9999 -9999 -9999 -9999 -9999 -9999 -9999 -9999 -9999 -9999 -9999 -9999 -9999 -9999 -9999 -9999 -9999 -9999 -9999 -9999 -9999 -9999 -9999 -9999 -9999 -9999 -9999 -9999 -9999 -9999 -9999 -9999 -9999 -9999 -9999 -9999 -9999 -9999 -9999 -9999 -9999 -9999 -9999 -9999 -9999
-9999 -9999 -9999 -9999 -9999 -9999 -9999 -9999 -9999 -9999 -9999 -9999 -9999 -9999 -9999 -9999 -9999 -9999 -9999 -9999 -9999 -9999 -9999 -9999 -9999 -9999 -9999 -9999 -9999 -9999 -9999 -9999 -9999 -9999 -9999 -9999 -9999 -9999 -9999 -9999 -9999 -9999 -9999 -9999 -9999 -9999 -9999 -9999 -9999 -9999 -9999 -9999 -9999 -9999 -9999 -9999 -9999 -9999 -9999 -9999 -9999 -9999 -9999 -9999 -9999 -9999 -9999 -9999 -9999 -9999
-9999 -9999 -9999 -9999 -9999 -9999 -9999 -9999 -9999 -9999 -9999 -9999 -9999 -9999 -9999 -9999 -9999 -9999 -9999 -9999 -9999 -9999 -9999 -9999 -9999 -9999 -9999 -9999 -9999 -9999 -9999 -9999 -9999 -9999 -9999 -9999 -9999 -9999 -9999 -9999 -9999 -9999 -9999 -9999 -9999 -9999 -9999 -9999 -9999 -9999 -9999 -9999 -9999 -9999 -9999 -9999 -9999 -9999 -9999 -9999 -9999 -9999 -9999 -9999 -9999 -9999 -9999 -9999 -9999 -9999
-9999 -9999 -9999 -9999 -9999 -9999 -9999 -9999 -9999 -9999 -9999 -9999 -9999 -9999 -9999 -9999 -9999 -9999 -9999 -9999 -9999 -9999 -9999 -9999 -9999 -9999 -9999 -9999 -9999 -9999 -9999 -9999 -9999 -9999 -9999 -9999 -9999 -9999 -9999 -9999 -9999 -9999 -9999 -9999 -9999 -9999 -9999 -9999 -9999 -9999 -9999 -9999 -9999 -9999 -9999 -9999 -9999 -9999 -9999 -9999 -9999 -9999 -9999 -9999 -9999 -9999 -9999 -9999 -9999 -9999
-9999 -9999 -9999 -9999 -9999 -9999 -9999 -9999 -9999 -9999 -9999 -9999 -9999 -9999 -9999 -9999 -9999 -9999 -9999 -9999 -9999 -9999 -9999 -9999 -9999 -9999 -9999 -9999 -9999 -9999 -9999 -9999 -9999 -9999 -9999 -9999 -9999 -9999 -9999 -9999 -9999 -9999 -9999 -9999 -9999 -9999 -9999 -9999 -9999 -9999 -9999 -9999 -9999 -9999 -9999 -9999 -9999 -9999 -9999 -9999 -9999 -9999 -9999 -9999 -9999 -9999 -9999 -9999 -9999 -9999
92.31530 92.33450 94.52600 96.72260 96.27920 95.86820 95.63460 91.90720 92.28110 -9999 -9999 -9999 -9999 -9999 -9999 -9999 -9999 -9999 -9999 -9999 -9999 -9999 -9999 -9999 -9999 -9999 -9999 -9999 -9999 -9999 -9999 -9999 -9999 -9999 -9999 -9999 -9999 -9999 -9999 -9999 -9999 -9999 -9999 -9999 -9999 -9999 -9999 -9999 -9999 -9999 91.95580 -9999 -9999 -9999 -9999 -9999 -9999 -9999 -9999 -9999 -9999 -9999 -9999 -9999 -9999 -9999 -9999 -9999 -9999 -9999
84.14620 84.05550 84.14390 86.13150 88.60610 90.82210 91.75490 92.49520 91.91490 82.31000 80.15430 80.44780 84.43980 79.48080 85.57780 85.47860 92.46240 91.41810 89.34020 89.17470 86.02230 108.23300 -9999 -9999 -9999 -9999 -9999 -9999 -9999 -9999 -9999 -9999 -9999 -9999 -9999 -9999 -9999 -9999 -9999 -9999 -9999 -9999 -9999 -9999 -9999 78.19970 75.64770 56.72410 56.04880 62.54140 66.80190 84.51300 -9999 -9999 -9999 98.65360 -9999 -9999 -9999 101.11800 104.13300 104.08400 -9999 -9999 -9999 -9999 -9999 -9999 -9999 -9999
85.94000 83.78200 82.96370 83.15110 82.88400 77.33870 78.15970 77.78340 78.27310 72.57560 74.04180 77.88120 82.98160 83.57280 95.13360 95.02720 99.32080 101.83900 97.17700 93.01490 91.77770 81.24990 79.75060 78.42040 80.46280 90.25610 95.23430 87.89160 -9999 -9999 -9999 -9999 -9999 96.05690 93.38820 92.98340 93.56420 91.54130 91.48560 82.88980 65.96220 67.38240 65.39200 62.50600 63.57330 53.94410 54.48770 57.03940 57.84290 70.45850 76.98350 87.98530 92.11570 94.89670 96.95910 99.93800 102.28400 102.00800 102.25400 103.48800 104.26700 105.49400 105.67500 105.85300 104.72900 102.84400 101.92400 -9999 -9999 -9999
82.52880 82.51330 84.37060 83.75900 87.92900 92.79030 97.07540 94.07230 96.16970 95.16860 105.85800 111.66700 114.35200 115.11700 168.66200 160.44200 174.16901 157.50600 158.90800 136.90100 91.76270 84.79620 82.04480 88.26520 84.20170 113.85200 98.94100 94.34820 96.49060 99.26410 83.07330 77.19160 73.70910 69.31590 93.38660 92.28910 94.22350 70.15570 68.52500 69.50990 65.96030 67.57740 66.71350 65.01750 65.63740 65.11300 67.15110 70.86680 69.52030 74.81610 77.43800 82.23480 86.70590 91.83370 95.96440 99.48620 100.78100 101.88400 102.46700 100.45100 101.86900 103.26000 102.93300 103.44900 103.78900 103.72100 103.53400 103.79700 103.33800 104.20900
157.68500 107.19300 107.36400 109.17600 109.35700 112.83000 111.65600 115.44100 174.80499 169.60500 156.57201 150.95900 129.95900 115.77700 112.84000 122.07700 112.75300 107.91200 106.29400 109.99800 110.90500 140.50900 139.78200 140.37399 148.95399 162.58099 146.37500 101.30000 103.78900 94.26080 114.83000 75.64990 74.58950 68.01770 89.40610 92.69070 91.75930 68.04080 67.63340 72.21690 71.97390 72.79710 70.74390 68.17010 70.02810 69.31050 68.85780 69.29970 69.33400 69.83250 72.71640 79.13150 81.63490 85.25670 89.35730 93.10400 98.97300 99.38780 100.53100 99.10600 99.20280 100.96500 100.48200 102.37000 102.43700 101.84900 102.25200 101.92800 102.15400 103.71800
159.37801 171.74600 175.79100 174.89000 175.22800 167.08701 173.31300 174.41400 147.22701 138.18600 114.74800 114.43700 121.86500 120.49300 121.01900 107.87600 121.49700 112.03200 126.49400 127.88500 119.08400 138.24001 128.50999 152.85300 166.82899 166.40199 120.57100 101.78500 99.08570 131.27400 145.26601 133.40199 75.60770 68.51050 74.34880 78.66330 76.24170 71.85530 71.08490 71.33220 78.74090 76.98220 76.77340 71.23270 72.97980 78.00550 79.15820 78.42930 81.72650 81.38850 76.72210 79.90230 82.67300 83.44500 85.21960 86.03010 87.37580 88.34160 92.16810 93.30610 95.47250 97.67470 97.66500 97.84390 103.82800 111.69000 116.28400 117.43200 117.16200 101.74400
164.26199 170.24001 174.80499 176.72800 183.14101 184.28999 175.23599 167.95200 161.64400 143.21600 143.76300 139.41600 129.58701 125.35600 122.30300 122.16000 120.04300 124.85000 124.99000 122.24100 124.57900 172.11099 170.25500 161.20300 168.06900 146.09000 125.48600 95.01540 96.76620 99.53830 102.10700 129.98801 107.25400 70.30070 70.43820 74.05270 93.06500 125.57500 127.03800 127.48500 127.74400 126.51700 126.85900 127.38100 127.34100 126.82700 126.64000 125.52000 126.57000 125.33700 125.54200 127.26400 127.90500 128.10500 104.36500 104.02200 105.29100 83.95430 83.88200 92.12560 94.66030 104.40100 112.66800 114.95400 129.88000 129.95100 129.92900 130.04601 130.26199 129.31599
167.78999 161.75999 165.54300 179.03400 190.84599 189.83701 175.95200 160.01900 149.42599 138.52600 132.28500 120.70000 116.88600 122.47700 122.42100 121.69900 122.36500 117.70100 127.08200 133.62399 136.50301 155.26199 141.82500 125.80100 125.98200 127.59800 121.30200 88.42490 96.13160 98.90940 99.33760 94.03500 93.14110 64.85670 71.24340 72.36950 70.82070 72.32310 71.17620 67.23310 77.09480 91.77090 92.33760 127.56200 127.52600 126.82400 126.17200 126.01500 126.64400 126.10300 125.82700 127.59200 127.82100 128.16200 128.40199 127.08700 127.41700 126.48200 127.00700 127.26300 127.52800 128.91701 128.80000 111.76200 130.53101 129.39700 129.80499 130.59100 130.69600 118.74500
155.69600 159.93201 172.90601 175.19901 163.11501 151.25301 130.03999 128.03101 127.68400 122.50700 123.30800 123.80600 120.78700 122.09100 118.80400 117.08900 116.15800 121.01500 121.30600 126.34700 128.15401 161.70100 155.82700 119.68800 115.06800 106.03300 108.09100 110.35900 121.11500 94.85260 95.11000 91.36220 89.96990 62.73780 65.11420 65.62660 70.45790 74.65950 73.51210 71.40940 69.68060 71.91820 72.85230 77.51710 94.55320 126.87100 126.89200 125.17000 104.32900 90.32350 91.65020 127.98900 127.88700 127.44200 128.18500 127.16900 127.70900 126.96200 127.29900 127.33900 127.18300 127.73500 128.74001 131.02901 130.17101 129.19800 129.28300 130.35001 131.83299 111.18400
177.76199 180.23000 179.28300 169.39999 144.84599 134.67500 138.00200 151.36301 169.04700 183.75999 184.59900 178.94000 167.17400 150.85201 141.29800 133.12801 115.34700 127.60500 133.21100 148.85600 139.28500 156.26401 154.42599 109.53100 103.70300 102.67300 104.36000 103.11600 78.98390 78.92120 80.98360 82.47910 86.64560 66.61130 71.83600 67.15410 64.43900 87.30580 86.62540 84.29720 84.18050 92.03730 79.31190 66.99510 69.95460 95.16310 108.12000 125.99200 126.86700 127.06000 125.68000 125.99200 126.04000 99.45550 100.36300 128.05499 127.69200 127.38300 127.11600 127.19400 128.67101 128.63600 130.61501 130.85800 128.63200 129.50400 129.25999 127.12300 128.26601 108.61400
169.39799 175.36501 170.71400 166.80000 165.06400 169.85201 163.97301 155.45300 170.01401 179.45700 179.69701 173.11900 172.48801 174.94200 176.87801 160.89000 151.03600 148.83800 137.69299 129.68401 132.06400 160.43600 157.06500 130.10201 103.64700 72.44330 73.45410 72.88100 73.01160 76.45960 78.26470 81.14010 81.99680 84.64130 86.45390 82.47800 81.78030 83.77280 85.96340 86.53400 88.04700 87.01190 87.61850 89.94510 91.09430 92.52100 94.78280 96.68380 97.31170 101.01600 102.59700 117.10300 127.57100 129.54700 129.75999 126.77800 92.31320 125.96600 126.24300 126.54700 129.88000 129.11301 128.48801 127.74300 127.54800 127.78700 127.79800 125.60900 126.03300 105.19000
160.23000 157.78799 161.46800 155.37900 156.88901 165.13300 163.79601 157.15199 153.50400 142.57899 147.62601 170.75800 168.99300 174.18700 174.67799 182.20399 181.10300 176.01700 170.65199 150.90800 123.23800 123.17400 155.05901 160.32201 159.46500 158.32700 158.65800 70.63490 70.42010 70.76790 71.08980 75.33840 77.41850 75.60310 79.78470 79.04130 81.97420 81.37770 86.42360 88.40230 92.59830 95.52780 93.95000 101.47300 101.04300 100.11700 98.89200 99.37480 100.56400 97.93510 100.05400 101.38200 104.95300 105.32100 110.75400 127.97700 125.00200 86.71090 125.28000 125.25900 126.63600 126.60400 126.82200 125.75900 125.29200 125.62700 123.99900 124.73800 125.50400 126.34200
121.33600 123.68900 158.91600 152.77901 151.40401 139.98599 140.21300 160.37801 146.53500 149.25900 147.09000 145.80099 143.97900 148.17000 150.07300 154.92799 162.68201 177.31700 150.97800 131.22501 125.11700 127.60900 123.06600 117.56300 123.53300 109.32600 115.07000 110.05600 156.81400 107.67500 100.94100 73.13660 105.84900 106.55000 106.81900 106.77000 107.93900 107.34300 109.79300 76.54040 84.84310 131.89600 144.38499 98.59140 98.93800 98.62660 101.78400 101.13800 103.14100 103.06200 99.09330 103.41300 103.94600 105.23400 106.10000 102.48000 127.33900 123.06100 86.33720 125.15400 125.02700 124.93900 125.92000 124.37100 124.46800 125.25200 123.72500 122.65400 123.45600 126.43400
158.95399 159.27901 166.69099 161.66000 159.39500 162.22701 170.88200 164.59700 192.88200 192.70300 191.11700 179.85699 190.41400 191.62100 184.58800 176.03101 149.14400 157.86301 148.80000 131.39799 115.40200 133.93700 118.56400 117.18700 116.97200 118.09900 122.12400 115.91100 115.43400 115.97200 114.93000 116.60300 125.77700 117.51400 110.04100 107.40900 109.41200 116.04500 117.41200 111.14500 117.29600 124.49200 133.22000 139.23801 140.24699 104.05200 108.63100 109.26400 109.54500 105.41500 105.50200 99.83090 97.55970 98.55030 103.53700 95.95570 94.11360 127.62300 87.51450 125.71500 125.47000 124.50900 125.25000 123.99600 124.09300 125.18000 124.39900 124.56700 125.31900 127.03800
109.28100 162.04100 162.93100 162.46201 109.97200 112.69700 131.08900 188.78799 187.72800 131.92999 132.10300 131.17900 131.33099 192.56400 130.21001 131.12700 193.16701 191.59801 165.85300 128.40300 126.97400 159.87601 153.52299 143.73000 147.93800 140.18800 147.84801 117.68900 110.92100 106.84700 108.22000 110.25300 111.82100 109.51100 105.82200 106.30500 108.66200 107.76600 110.49100 114.61600 118.35600 120.32600 123.57300 124.12900 129.51601 105.26600 111.89800 113.34900 115.37500 115.52400 113.22400 103.82800 104.32500 102.49700 98.30860 98.34980 96.94050 127.48400 91.08000 83.51760 125.14200 125.69900 125.08800 123.88900 124.03900 125.76200 125.13900 124.49400 124.68000 125.57500
110.74000 110.44600 109.39500 111.38600 114.95300 112.77700 115.81700 110.90400 110.41400 112.33400 117.44200 123.19600 124.42200 126.32900 126.71500 112.02300 113.77400 108.99000 159.80299 152.54800 118.16000 162.71600 163.15601 164.90900 164.52400 153.17900 135.97099 106.92100 104.74200 107.11000 109.22800 110.16800 116.59200 122.64600 113.94200 109.53000 106.89700 106.29600 106.05900 113.84100 118.60700 122.67800 132.99400 133.78200 134.40700 97.54060 110.87700 114.60800 116.41600 119.23800 118.70900 113.03600 115.06700 105.31500 102.95300 101.24200 102.57000 128.70799 102.52100 95.78590 127.49600 126.25200 124.40100 101.24400 99.37070 97.35180 96.22010 99.53960 124.90400 124.93200
112.50500 113.89400 113.93400 116.63000 116.81400 113.36700 111.46900 110.26400 110.21900 109.39100 107.73700 99.02460 110.35700 106.34700 109.82700 126.95000 121.56700 118.07500 161.13100 161.18401 160.09700 159.97501 158.78600 159.69701 167.46500 174.76300 156.50301 124.39600 107.58400 104.64500 100.80500 103.41300 117.91500 113.36300 106.16500 106.33400 105.81300 105.87900 106.80300 119.65500 121.31100 132.93900 143.67300 144.59599 145.24400 143.52400 108.95600 117.90700 121.04900 121.45500 120.32600 118.12000 116.10900 110.17800 102.85000 102.34200 107.45700 108.95400 111.23200 129.54500 129.69099 126.68700 125.22600 125.33700 123.46300 121.42600 122.12400 101.97000 105.26300 126.33000
112.16600 113.69200 114.50500 114.42500 113.17300 115.49700 114.73800 110.51300 107.96600 107.44000 108.47700 106.82000 108.86300 104.24000 97.39430 111.89900 117.23700 121.53500 179.52800 120.03000 110.63200 160.67599 160.95200 160.87601 161.55701 159.75700 153.98900 133.88800 118.11700 113.39600 125.17500 107.95600 119.07400 115.61900 113.13900 111.24100 106.60800 107.49400 109.68200 112.17700 128.20100 140.59599 146.70000 148.22000 105.81500 109.45500 108.43500 112.00200 116.29200 117.02400 114.34900 110.77400 111.37700 109.93200 108.69300 108.59700 108.90700 111.06200 108.14200 129.51300 132.27200 132.64500 132.46800 132.27100 128.77299 128.02901 126.62100 126.91200 126.81200 125.56000
