data/hydroclimate-scenarios/BCSD_hadcm_B1/monthly_summaries/soilm1_monthly_day1_aug.2030-2059.asc
ncols	311
nrows	91
xllcenter	102.75
yllcenter	31.75
cellsize	0.5
NODATA_value	-9999
[rows 0 to 31 of 91, columns 71 to 141 of 311]
-9999 -9999 -9999 -9999 -9999 -9999 -9999 -9999 -9999 -9999 -9999 -9999 -9999 -9999 -9999 -9999 -9999 -9999 -9999 -9999 -9999 -9999 -9999 -9999 -9999 -9999 -9999 -9999 -9999 -9999 -9999 -9999 -9999 -9999 -9999 -9999 -9999 -9999 -9999 -9999 -9999 -9999 -9999 -9999 -9999 -9999 -9999 -9999 -9999 -9999 -9999 -9999 -9999 -9999 -9999 -9999 -9999 -9999 -9999 -9999 -9999 -9999 -9999 -9999 -9999 -9999 -9999 -9999 -9999 -9999 -9999
-9999 -9999 -9999 -9999 -9999 -9999 -9999 -9999 -9999 -9999 -9999 -9999 -9999 -9999 -9999 -9999 -9999 -9999 -9999 -9999 -9999 -9999 -9999 -9999 -9999 -9999 -9999 -9999 -9999 -9999 -9999 -9999 -9999 -9999 -9999 -9999 -9999 -9999 -9999 -9999 -9999 -9999 -9999 -9999 -9999 -9999 -9999 -9999 -9999 -9999 -9999 -9999 -9999 -9999 -9999 -9999 -9999 -9999 -9999 -9999 -9999 -9999 -9999 -9999 -9999 -9999 -9999 -9999 -9999 -9999 -9999
-9999 -9999 -9999 -9999 -9999 -9999 -9999 -9999 -9999 -9999 -9999 -9999 -9999 -9999 -9999 -9999 -9999 -9999 -9999 -9999 -9999 -9999 -9999 -9999 -9999 -9999 -9999 -9999 -9999 -9999 -9999 -9999 -9999 -9999 -9999 -9999 -9999 -9999 -9999 -9999 -9999 -9999 -9999 -9999 -9999 -9999 -9999 -9999 -9999 -9999 -9999 -9999 -9999 -9999 -9999 -9999 -9999 -9999 -9999 -9999 -9999 -9999 -9999 -9999 -9999 -9999 -9999 -9999 -9999 -9999 -9999
-9999 -9999 -9999 -9999 -9999 -9999 -9999 -9999 -9999 -9999 -9999 -9999 -9999 -9999 -9999 -9999 -9999 -9999 -9999 -9999 -9999 -9999 -9999 -9999 -9999 -9999 -9999 -9999 -9999 -9999 -9999 -9999 -9999 -9999 -9999 -9999 -9999 -9999 -9999 -9999 -9999 -9999 -9999 -9999 -9999 -9999 -9999 -9999 -9999 -9999 -9999 -9999 -9999 -9999 -9999 -9999 -9999 -9999 -9999 -9999 -9999 -9999 -9999 -9999 -9999 -9999 -9999 -9999 -9999 -9999 -9999
-9999 -9999 -9999 -9999 -9999 -9999 -9999 -9999 -9999 -9999 -9999 -9999 -9999 -9999 -9999 -9999 -9999 -9999 -9999 -9999 -9999 -9999 -9999 -9999 -9999 -9999 -9999 -9999 -9999 -9999 -9999 -9999 -9999 -9999 -9999 -9999 -9999 -9999 -9999 -9999 -9999 -9999 -9999 -9999 -9999 -9999 -9999 -9999 -9999 -9999 -9999 -9999 -9999 -9999 -9999 -9999 -9999 -9999 -9999 -9999 -9999 -9999 -9999 -9999 -9999 -9999 -9999 -9999 -9999 -9999 -9999
-9999 -9999 -9999 -9999 -9999 -9999 -9999 -9999 -9999 -9999 -9999 -9999 -9999 -9999 -9999 -9999 -9999 -9999 -9999 -9999 -9999 -9999 -9999 -9999 -9999 -9999 -9999 -9999 -9999 -9999 -9999 -9999 -9999 -9999 -9999 -9999 -9999 -9999 -9999 -9999 -9999 -9999 -9999 -9999 -9999 -9999 -9999 -9999 -9999 -9999 -9999 -9999 -9999 -9999 -9999 -9999 -9999 -9999 -9999 -9999 -9999 -9999 -9999 -9999 -9999 -9999 -9999 -9999 -9999 -9999 -9999
-9999 -9999 -9999 -9999 -9999 -9999 -9999 -9999 -9999 -9999 -9999 -9999 -9999 -9999 -9999 -9999 -9999 -9999 -9999 -9999 -9999 -9999 -9999 -9999 -9999 -9999 -9999 -9999 -9999 -9999 -9999 -9999 -9999 -9999 -9999 -9999 -9999 -9999 -9999 -9999 -9999 -9999 -9999 -9999 -9999 -9999 -9999 -9999 -9999 -9999 -9999 -9999 -9999 -9999 -9999 -9999 -9999 -9999 -9999 -9999 -9999 -9999 -9999 -9999 -9999 -9999 -9999 -9999 -9999 -9999 -9999
-9999 -9999 -9999 -9999 -9999 -9999 -9999 -9999 -9999 -9999 -9999 -9999 -9999 -9999 -9999 -9999 -9999 -9999 -9999 -9999 -9999 -9999 -9999 -9999 -9999 -9999 -9999 -9999 -9999 -9999 -9999 -9999 -9999 -9999 -9999 -9999 -9999 -9999 -9999 -9999 -9999 -9999 -9999 -9999 -9999 -9999 -9999 -9999 -9999 -9999 -9999 -9999 -9999 -9999 -9999 -9999 -9999 -9999 -9999 -9999 -9999 -9999 -9999 -9999 -9999 -9999 -9999 -9999 -9999 -9999 -9999
-9999 -9999 -9999 -9999 -9999 -9999 49.93480 -9999 -9999 -9999 -9999 -9999 -9999 -9999 -9999 -9999 -9999 -9999 -9999 -9999 -9999 -9999 -9999 -9999 -9999 -9999 -9999 -9999 -9999 -9999 -9999 -9999 -9999 -9999 -9999 -9999 -9999 -9999 -9999 -9999 -9999 -9999 -9999 -9999 -9999 -9999 -9999 -9999 -9999 -9999 -9999 -9999 -9999 -9999 -9999 -9999 -9999 -9999 -9999 -9999 -9999 -9999 -9999 -9999 -9999 -9999 -9999 -9999 -9999 -9999 -9999
-9999 -9999 51.75770 46.97040 48.08540 48.61010 50.10790 50.61130 47.03470 47.30720 47.46790 47.32770 47.70930 47.84730 46.79790 47.63370 44.68470 45.35100 48.44030 48.06590 49.64220 49.56460 -9999 -9999 -9999 -9999 -9999 -9999 -9999 -9999 -9999 -9999 -9999 -9999 -9999 -9999 -9999 -9999 -9999 -9999 -9999 -9999 -9999 -9999 -9999 -9999 -9999 -9999 -9999 -9999 -9999 -9999 -9999 -9999 -9999 -9999 -9999 -9999 -9999 -9999 -9999 -9999 -9999 -9999 -9999 -9999 -9999 -9999 -9999 -9999 -9999
-9999 -9999 -9999 -9999 50.06720 50.82900 48.26830 48.45510 48.93090 49.18910 49.57320 49.63330 49.08550 48.95660 50.67560 50.54880 49.33900 49.66810 51.75150 51.95010 51.66940 50.84360 -9999 -9999 -9999 -9999 -9999 -9999 -9999 -9999 -9999 -9999 -9999 -9999 -9999 -9999 -9999 -9999 -9999 -9999 -9999 -9999 -9999 -9999 -9999 -9999 -9999 -9999 -9999 -9999 -9999 -9999 -9999 -9999 -9999 -9999 -9999 -9999 -9999 -9999 -9999 -9999 -9999 -9999 -9999 -9999 -9999 -9999 -9999 -9999 -9999
47.79070 47.88990 49.22270 49.02640 50.05090 51.30950 47.84820 48.10050 48.65610 49.05220 48.82460 49.36000 49.20970 48.99460 51.06370 50.99520 49.60050 49.81110 51.71630 52.58760 52.26600 71.24030 52.22610 52.17970 50.08400 49.36600 50.19910 48.85060 -9999 -9999 -9999 -9999 -9999 -9999 -9999 -9999 -9999 -9999 -9999 -9999 -9999 -9999 -9999 -9999 -9999 -9999 -9999 -9999 -9999 -9999 -9999 -9999 -9999 -9999 -9999 -9999 -9999 -9999 -9999 -9999 -9999 -9999 -9999 -9999 -9999 -9999 -9999 -9999 -9999 -9999 -9999
45.74980 45.88750 47.94780 48.13090 47.70630 48.04780 47.97660 48.19350 48.28860 48.50170 50.68980 50.80370 50.72180 50.80700 52.06400 52.35170 51.07940 50.89430 71.05650 52.15700 51.67480 51.58250 52.15140 51.37950 50.72090 50.51330 49.30050 49.26850 49.04430 49.02430 50.02740 49.92490 50.83970 51.18730 51.17890 51.52820 49.21440 49.22340 48.80690 49.26970 54.79130 54.55010 55.57750 -9999 -9999 -9999 -9999 -9999 -9999 -9999 -9999 -9999 -9999 -9999 -9999 -9999 -9999 -9999 -9999 -9999 -9999 -9999 -9999 -9999 -9999 -9999 -9999 -9999 -9999 -9999 -9999
33.89700 34.43210 36.45090 36.57240 48.22740 48.52750 47.83080 48.05270 48.23170 36.41370 38.14540 50.54090 38.24980 50.72880 52.47270 52.25280 51.40280 50.97570 51.19920 51.79470 51.79660 52.61210 52.41320 40.26430 39.17270 50.59230 49.47680 49.03430 49.58430 49.70920 50.28420 50.36620 50.81560 50.87000 50.95070 51.37500 49.34600 49.56150 49.11200 49.14800 54.65620 55.32840 56.48360 74.95780 -9999 -9999 -9999 -9999 -9999 -9999 -9999 -9999 -9999 -9999 -9999 -9999 -9999 -9999 -9999 -9999 -9999 -9999 -9999 -9999 -9999 -9999 -9999 -9999 -9999 -9999 -9999
51.71390 51.27510 37.04590 50.12350 51.31350 51.07760 51.29850 50.97400 49.13550 48.42730 51.43210 50.78030 52.32090 52.17460 52.31820 52.11790 54.20870 54.33620 52.83900 71.68430 54.49020 54.08980 54.30980 53.83080 50.83190 52.02920 50.98140 50.18160 53.43850 54.29940 53.01040 52.74770 50.78030 51.26250 51.44760 51.79730 50.67850 51.01570 53.28390 53.83070 54.91560 55.55030 55.79140 55.60500 -9999 -9999 -9999 -9999 -9999 -9999 -9999 -9999 -9999 -9999 -9999 -9999 -9999 -9999 -9999 50.44340 53.79370 -9999 -9999 -9999 -9999 55.83950 59.88060 61.28410 63.16670 49.11600 49.79490
52.11950 52.78150 49.89070 50.80280 51.01120 50.22960 50.03640 51.27190 49.32890 49.52700 50.65950 50.70040 52.45210 52.87660 53.18170 52.69310 54.68690 54.03810 71.92000 53.23140 53.89470 53.72840 54.36250 53.35490 50.69190 50.01210 50.11010 50.09020 53.56420 53.49530 52.26140 52.47180 50.82900 51.06910 51.04830 51.73270 50.68800 50.63550 52.50820 52.67250 73.03420 73.21740 73.13460 54.43890 53.59250 53.14560 72.48030 53.11770 54.71630 55.68800 42.22760 43.74980 55.92980 53.88620 54.43210 44.33720 36.08330 36.73070 49.59930 49.76770 41.27930 -9999 -9999 -9999 -9999 -9999 57.21310 59.86940 62.31350 64.43060 64.37540
56.13700 41.61170 52.99680 55.09970 44.26830 54.31450 53.37270 52.94080 50.15890 49.78280 50.63060 50.98990 52.65220 53.26480 52.70570 52.04100 53.27620 53.44570 53.61010 52.20970 51.42760 51.19250 51.87680 51.74560 50.39560 50.43670 49.64820 49.39330 50.68950 50.99310 51.26970 51.26520 48.94640 49.20630 51.19820 51.47120 51.39640 52.23320 71.37750 72.04120 53.12910 71.89110 54.28600 53.82590 52.11930 52.47330 53.36160 52.80610 54.79020 56.26580 52.67860 52.45820 55.53420 58.74960 59.56750 56.59350 53.05690 53.08890 42.43060 40.89500 46.73070 48.18800 44.82480 55.90080 51.52220 53.31020 54.72920 58.14210 57.48170 58.24340 63.24420
57.29870 56.51080 51.78360 55.58160 59.40270 57.59150 56.13620 55.11900 49.34020 49.15860 50.63880 50.68980 52.00110 52.28570 52.66150 53.21110 53.48340 53.14490 54.36950 53.54740 53.21830 51.59470 52.53620 51.76960 50.82640 49.98720 49.83180 49.59830 51.45810 51.66280 52.03960 52.29690 49.38690 48.88390 50.47640 51.45920 71.17290 51.34730 52.29410 52.54130 52.33670 52.56740 53.26780 53.85000 53.13110 52.60090 53.51410 52.85100 52.53620 53.16290 52.52260 51.30780 55.17250 54.87960 56.05210 58.61200 54.85500 54.23470 55.35640 55.63410 48.79380 52.92950 48.60090 45.92620 40.19000 51.81630 51.95820 52.55090 56.62660 59.11700 57.93800
58.01370 60.79380 46.97210 40.21940 54.61960 53.31290 52.24790 53.49250 53.81480 52.75150 53.90620 52.80020 52.60630 53.29670 54.37100 54.81420 54.62100 54.84810 55.46110 57.47610 54.32380 53.09950 53.54370 52.32990 51.05930 51.03930 52.07830 51.97930 50.81600 50.74940 50.32610 70.45540 51.80010 51.80860 52.71820 52.79170 51.81900 51.30720 51.74610 52.32570 51.25710 51.25390 53.69030 54.00880 56.00380 55.09070 53.73540 53.16070 50.49790 51.47200 52.54790 52.86090 52.49110 52.61340 39.72870 38.83170 41.13120 55.16370 55.78660 59.18180 60.09490 61.05170 62.17020 50.51040 48.75890 47.98970 49.16120 49.37860 49.22590 51.76790 52.03990
55.47140 59.75280 59.89280 51.23600 44.96430 53.15200 53.60040 54.78580 56.66260 54.18700 58.94200 57.05350 43.57560 52.88190 52.81440 53.72870 53.39920 54.35120 54.73190 55.85490 54.46830 53.31680 53.98250 52.33400 51.27660 50.50210 52.09140 51.28120 50.87930 50.27630 49.96880 50.52090 51.92010 51.10610 51.86270 52.72100 51.56750 51.64560 51.97300 52.38760 51.71290 51.29940 51.64080 52.35260 56.80230 57.16310 55.38800 54.92190 51.09820 52.73700 53.49370 53.30750 52.29960 52.11190 51.92550 53.70820 56.37980 59.79020 56.08130 54.98800 56.24820 56.46050 48.87160 59.78460 61.79520 51.30850 64.17480 53.79070 50.84340 52.51330 59.18370
55.90660 47.37980 52.96470 57.03670 57.51400 45.61080 41.19900 40.26290 53.92440 53.33100 55.34620 59.54240 62.37560 62.33360 47.58440 52.12670 52.41520 51.24700 51.40040 51.33690 51.03230 51.41700 52.32020 50.80840 51.01330 50.72540 52.12820 51.23370 51.08490 50.91780 50.63820 50.50150 51.65760 52.00010 49.80400 50.48680 51.54530 52.51900 50.93670 50.67360 52.38480 53.05730 50.86980 50.91750 52.29640 52.02430 53.39700 52.56160 51.16260 50.61530 50.25890 50.48410 51.22070 51.53280 50.85260 51.26260 56.97550 58.88300 55.25680 58.42750 58.29500 58.30540 49.50440 59.12260 57.05130 57.18520 49.66400 51.28560 50.51820 60.35290 58.00450
64.20730 63.39370 68.26190 66.70170 64.33870 62.64060 51.27680 47.29190 56.68400 54.83650 53.78910 42.93290 55.81290 57.75840 59.81310 59.66060 60.03020 58.41780 44.21150 42.49110 51.95800 52.23380 52.94310 52.12030 51.86320 51.21490 51.96220 51.73100 51.77370 51.62310 50.39230 52.26190 53.98690 53.90580 51.07470 51.41790 52.23080 53.18480 39.33720 51.60730 52.51250 53.57960 51.14040 51.90410 52.86120 53.00840 54.11540 53.59740 52.68680 52.23340 52.23130 53.68870 55.29790 45.12640 54.06150 53.60130 51.16200 57.87980 55.92240 59.78180 57.52740 57.79900 59.60240 57.34710 56.15330 45.87010 59.51640 59.00840 59.34490 58.14820 54.52730
62.23540 66.84690 70.25630 68.35580 70.21630 68.57620 59.69700 54.22430 59.76050 55.74420 54.89700 54.80640 58.00090 44.49440 55.73230 45.21490 42.58760 56.71210 63.22970 51.63130 49.37820 58.70670 56.47360 56.01270 52.29900 51.81340 51.37800 52.02580 51.20370 50.51500 49.76190 49.76110 51.47630 50.36910 51.47240 49.05290 49.69570 50.55600 52.65220 52.14230 51.49740 51.39060 52.16940 53.26640 55.58710 56.06930 56.97440 56.15680 53.99210 56.02210 58.23570 57.15040 58.59490 63.11960 49.67710 52.74120 54.34230 57.81920 55.31600 54.40620 54.98780 53.85290 53.84890 42.76520 60.24220 58.75490 56.74570 55.82570 54.50240 56.20340 54.22090
63.46840 63.01940 63.53240 63.99870 68.72060 70.46820 70.65000 68.34870 62.73140 58.46870 53.97770 60.22950 63.03580 59.61490 65.23270 61.51760 61.09760 39.76200 59.67060 65.98500 65.92770 63.91120 60.98220 55.15960 52.27590 51.75800 52.03560 52.80470 51.23870 50.46420 50.59910 50.60540 50.68830 50.43390 48.97660 49.67280 51.01260 51.34420 53.08100 53.84470 55.41400 53.95250 53.80350 43.89500 41.67680 53.01640 55.61870 55.62100 56.46730 57.12860 59.19220 46.29250 56.64430 46.01720 59.15280 60.02890 57.03740 58.10770 54.52380 53.75980 52.26990 52.21310 53.48810 55.01430 56.58010 56.24520 55.68330 54.84270 52.97740 54.39320 52.81730
62.05550 62.12470 63.84420 51.77840 61.73900 61.51670 63.73910 64.38960 61.25130 60.08750 54.56430 54.54780 46.38000 56.14990 62.60990 64.90910 60.18820 62.44400 49.52510 57.12450 60.35020 61.53660 60.66420 59.52190 53.47580 51.32150 51.13460 50.87710 49.95640 48.92640 49.94040 49.44340 49.43500 49.94620 49.93010 49.74500 49.79560 50.26350 52.51430 53.59530 57.03080 46.15610 57.91600 45.65960 40.53030 51.08220 53.17750 54.25750 55.58310 57.61530 49.10890 56.59450 55.57380 60.16550 56.76920 55.91360 54.46650 52.81400 56.05390 54.01380 54.00040 52.42790 52.17130 50.68240 51.88030 53.49350 52.27790 51.31520 53.85030 53.56470 38.88400
65.68200 65.74810 66.62990 65.68110 63.78220 61.89000 63.47310 62.44250 59.98160 58.26490 52.67270 55.76970 57.32140 56.74930 59.33880 61.76130 61.74540 62.15030 64.77180 62.06850 62.06230 58.45770 58.41890 58.45790 56.32940 54.98070 52.01530 51.80490 51.68980 52.05500 50.85190 50.82180 49.51250 49.99620 50.75030 53.44040 53.24290 56.11610 55.03470 59.91580 54.87990 60.28020 59.72410 62.25020 59.71370 56.07470 44.39570 44.76260 43.36740 45.94110 57.68980 54.98030 52.98070 52.54980 51.24330 52.12540 53.02530 54.86020 53.53630 55.27280 53.96010 53.56970 52.31010 52.03790 53.07630 53.33120 52.68470 51.82570 41.14880 44.56270 42.64820
67.87300 70.26780 68.77200 60.76190 67.41690 66.85030 60.78880 59.31510 55.37740 55.05400 56.60170 56.82190 61.37220 60.07670 59.94930 60.03390 62.20780 63.24060 64.57010 63.81800 63.07610 61.23650 59.91640 57.03120 57.02920 55.79690 54.70670 52.34080 52.18120 53.60000 51.86560 52.77320 52.95870 55.65700 58.86510 56.99840 59.22050 61.76820 51.26480 61.07410 64.06080 64.63210 56.72970 53.99470 51.96310 50.74720 59.42890 49.33640 47.48880 60.36050 50.37560 61.46360 61.11270 61.91240 63.27110 61.86910 58.89190 57.16450 54.44980 71.94070 53.16800 52.77740 53.03030 52.71160 49.30310 36.72640 50.62450 38.76020 43.00020 46.77460 46.91600
68.66280 67.61080 68.44390 65.55930 70.71190 66.06090 52.16080 58.21030 57.55990 54.95400 52.87930 54.82710 57.37170 61.76010 63.36870 62.78720 64.10540 63.16400 60.93400 60.54030 65.42570 61.63510 57.38950 56.21650 55.90690 57.52540 58.27340 54.66990 52.43950 52.55130 56.07160 55.05740 55.84300 57.28440 61.76640 59.36820 59.96340 61.49260 65.12110 56.20850 56.79940 58.04270 56.13520 65.79760 63.63120 63.97550 61.80240 62.60240 61.50330 62.27370 62.75730 62.91260 62.01030 59.62180 61.84060 60.63230 59.29880 56.96150 54.10550 72.06100 54.23310 53.59570 53.30900 41.38370 42.65350 42.39220 45.30710 43.64950 45.83880 44.17610 45.01220
68.43210 66.66940 68.31750 65.31130 64.58320 64.25940 57.93240 55.03950 53.30450 61.91620 58.69270 61.02590 59.44690 61.62010 63.94330 64.03210 62.72270 50.55160 62.97010 62.23020 60.80570 62.39030 58.77260 55.63840 55.58290 54.58270 55.11900 53.49770 49.56200 51.58270 53.58810 54.51580 54.89790 55.86950 56.94190 48.32670 58.58790 62.98900 66.96140 70.08830 66.13280 58.32500 65.32150 64.24990 78.55050 77.07150 56.00870 42.77520 41.34280 52.80770 55.72010 55.50050 42.24780 55.16230 59.32990 58.37660 56.49980 55.40020 69.95650 51.12980 53.50440 53.10500 45.65670 49.63590 48.19230 48.69510 50.05560 48.91810 47.29560 46.12190 46.90780
65.05100 64.96680 67.77490 68.08130 68.10200 64.20150 67.29710 59.17140 65.08620 65.96530 65.51200 64.73100 62.60900 59.50570 65.44280 66.28130 66.77650 64.35270 62.77940 62.38230 50.44770 63.20890 64.09680 58.81940 56.59280 44.26530 58.01810 55.98770 54.74160 57.01620 54.61520 53.38050 56.59080 57.61050 49.65420 57.98040 62.48830 63.43330 68.26310 69.90920 67.93450 65.75260 67.24500 63.20250 59.11670 57.61850 44.43620 45.16120 56.47690 55.22230 -9999 -9999 43.18170 54.15130 55.99320 57.84110 73.63100 55.79880 40.95080 42.09820 44.73620 48.90430 54.20930 56.48520 50.77640 53.32710 54.72080 56.60170 52.38760 48.19910 58.33820
68.39450 67.32400 70.07660 72.39660 70.77640 72.26510 68.11790 68.64030 69.73270 66.62930 68.71200 70.96650 68.46250 67.36960 67.31360 66.37410 66.61440 63.51540 49.96510 61.55100 50.94700 59.17310 61.08420 62.97720 53.67640 58.16550 58.76560 56.34540 48.39920 58.55900 59.35410 55.28640 56.25100 58.52440 60.13760 62.84740 64.11180 59.27600 57.78430 -9999 -9999 -9999 -9999 53.84120 -9999 49.41350 62.36760 60.96730 60.67750 56.20000 -9999 -9999 46.81290 74.79500 75.57870 59.35260 46.21410 46.14040 44.33480 46.70410 50.31790 51.92750 51.69550 51.03380 50.54410 62.76740 59.81750 59.79990 49.23700 47.43490 49.98120
65.41370 67.73010 70.12930 71.77510 73.14080 70.30150 71.60170 67.57580 69.29850 70.46480 72.67240 72.67770 70.66660 73.19700 70.61550 64.74510 64.23490 66.30730 64.97200 64.63340 65.51980 60.71780 64.08370 62.73860 53.66670 60.87650 50.69010 60.94130 61.71300 59.66020 59.93500 59.87140 59.27930 59.38670 63.58150 61.87090 58.41840 -9999 -9999 -9999 -9999 -9999 -9999 -9999 59.88310 60.95230 60.78760 -9999 -9999 -9999 -9999 -9999 74.33310 59.41350 55.11310 61.64940 61.99680 60.20820 47.71260 50.14620 47.64560 47.46680 47.26750 57.81770 56.82720 44.89070 53.29930 58.82600 49.19760 42.89270 -9999
