data/hydroclimate-scenarios/BCSD_hadcm_B1/monthly_summaries/soilm3_monthly_day1_oct.2070-2099.asc
ncols	311
nrows	91
xllcenter	102.75
yllcenter	31.75
cellsize	0.5
NODATA_value	-9999
[rows 0 to 31 of 91, columns 0 to 70 of 311]
-9999 -9999 -9999 -9999 -9999 -9999 -9999 -9999 -9999 -9999 -9999 -9999 -9999 -9999 -9999 -9999 -9999 -9999 -9999 -9999 -9999 -9999 -9999 -9999 -9999 -9999 -9999 -9999 -9999 -9999 -9999 -9999 -9999 -9999 -9999 -9999 -9999 -9999 -9999 -9999 -9999 -9999 -9999 -9999 -9999 -9999 -9999 -9999 -9999 -9999 -9999 -9999 -9999 -9999 -9999 -9999 -9999 -9999 -9999 -9999 -9999 -9999 -9999 -9999 -9999 -9999 -9999 -9999 -9999 -9999 -9999
-9999 -9999 -9999 -9999 -9999 -9999 -9999 -9999 -9999 -9999 -9999 -9999 -9999 -9999 -9999 -9999 -9999 -9999 -9999 -9999 -9999 -9999 -9999 -9999 -9999 -9999 -9999 -9999 -9999 -9999 -9999 -9999 -9999 -9999 -9999 -9999 -9999 -9999 -9999 -9999 -9999 -9999 -9999 -9999 -9999 -9999 -9999 -9999 -9999 -9999 -9999 -9999 -9999 -9999 -9999 -9999 -9999 -9999 -9999 -9999 -9999 -9999 -9999 -9999 -9999 -9999 -9999 -9999 -9999 -9999 -9999
-9999 -9999 -9999 -9999 -9999 -9999 -9999 -9999 -9999 -9999 -9999 -9999 -9999 -9999 -9999 -9999 -9999 -9999 -9999 -9999 -9999 -9999 -9999 -9999 -9999 -9999 -9999 -9999 -9999 -9999 -9999 -9999 -9999 -9999 -9999 -9999 -9999 -9999 -9999 -9999 -9999 -9999 -9999 -9999 -9999 -9999 -9999 -9999 -9999 -9999 -9999 -9999 -9999 -9999 -9999 -9999 -9999 -9999 -9999 -9999 -9999 -9999 -9999 -9999 -9999 -9999 -9999 -9999 -9999 -9999 -9999
-9999 -9999 -9999 -9999 -9999 -9999 -9999 -9999 -9999 -9999 -9999 -9999 -9999 -9999 -9999 -9999 -9999 -9999 -9999 -9999 -9999 -9999 -9999 -9999 -9999 -9999 -9999 -9999 -9999 -9999 -9999 -9999 -9999 -9999 -9999 -9999 -9999 -9999 -9999 -9999 -9999 -9999 -9999 -9999 -9999 -9999 -9999 -9999 -9999 -9999 -9999 -9999 -9999 -9999 -9999 -9999 -9999 -9999 -9999 -9999 -9999 -9999 -9999 -9999 -9999 -9999 -9999 -9999 -9999 -9999 -9999
-9999 -9999 -9999 -9999 -9999 -9999 -9999 -9999 -9999 -9999 -9999 -9999 -9999 -9999 -9999 -9999 -9999 -9999 -9999 -9999 -9999 -9999 -9999 -9999 -9999 -9999 -9999 -9999 -9999 -9999 -9999 -9999 -9999 -9999 -9999 -9999 -9999 -9999 -9999 -9999 -9999 -9999 -9999 -9999 -9999 -9999 -9999 -9999 -9999 -9999 -9999 -9999 -9999 -9999 -9999 -9999 -9999 -9999 -9999 -9999 -9999 -9999 -9999 -9999 -9999 -9999 -9999 -9999 -9999 -9999 -9999
-9999 -9999 -9999 -9999 -9999 -9999 -9999 -9999 -9999 -9999 -9999 -9999 -9999 -9999 -9999 -9999 -9999 -9999 -9999 -9999 -9999 -9999 -9999 -9999 -9999 -9999 -9999 -9999 -9999 -9999 -9999 -9999 -9999 -9999 -9999 -9999 -9999 -9999 -9999 -9999 -9999 -9999 -9999 -9999 -9999 -9999 -9999 -9999 -9999 -9999 -9999 -9999 -9999 -9999 -9999 -9999 -9999 -9999 -9999 -9999 -9999 -9999 -9999 -9999 -9999 -9999 -9999 -9999 -9999 -9999 -9999
-9999 -9999 -9999 -9999 -9999 -9999 -9999 -9999 -9999 -9999 -9999 -9999 -9999 -9999 -9999 -9999 -9999 -9999 -9999 -9999 -9999 -9999 -9999 -9999 -9999 -9999 -9999 -9999 -9999 -9999 -9999 -9999 -9999 -9999 -9999 -9999 -9999 -9999 -9999 -9999 -9999 -9999 -9999 -9999 -9999 -9999 -9999 -9999 -9999 -9999 -9999 -9999 -9999 -9999 -9999 -9999 -9999 -9999 -9999 -9999 -9999 -9999 -9999 -9999 -9999 -9999 -9999 -9999 -9999 -9999 -9999
-9999 -9999 -9999 -9999 -9999 -9999 -9999 -9999 -9999 -9999 -9999 -9999 -9999 -9999 -9999 -9999 -9999 -9999 -9999 -9999 -9999 -9999 -9999 -9999 -9999 -9999 -9999 -9999 -9999 -9999 -9999 -9999 -9999 -9999 -9999 -9999 -9999 -9999 -9999 -9999 -9999 -9999 19.26260 18.75930 19.29960 19.28060 19.40390 19.62340 19.44120 20.24140 19.92210 19.53670 -9999 -9999 -9999 -9999 -9999 -9999 -9999 -9999 -9999 -9999 -9999 -9999 -9999 -9999 -9999 -9999 -9999 -9999 -9999
-9999 -9999 -9999 -9999 -9999 -9999 -9999 -9999 -9999 -9999 -9999 -9999 -9999 -9999 -9999 -9999 -9999 -9999 -9999 -9999 -9999 -9999 -9999 -9999 -9999 -9999 -9999 -9999 -9999 -9999 -9999 -9999 -9999 -9999 -9999 -9999 -9999 -9999 20.38670 20.54950 20.55350 20.96690 20.61450 19.76880 20.20150 18.93250 18.29850 18.26380 19.59070 20.66160 22.69470 23.84010 23.06850 23.23530 -9999 -9999 -9999 -9999 -9999 -9999 -9999 -9999 -9999 -9999 -9999 -9999 -9999 -9999 -9999 -9999 -9999
-9999 -9999 -9999 -9999 -9999 -9999 -9999 -9999 -9999 -9999 -9999 -9999 -9999 -9999 -9999 -9999 -9999 -9999 -9999 -9999 -9999 -9999 -9999 -9999 -9999 -9999 -9999 -9999 -9999 -9999 -9999 -9999 -9999 -9999 -9999 -9999 -9999 -9999 -9999 -9999 19.77890 19.78030 19.95390 20.07570 20.55520 21.47130 20.51570 20.93470 18.41930 18.43960 18.70380 21.19970 22.78980 22.88030 -9999 -9999 -9999 -9999 -9999 -9999 -9999 -9999 -9999 -9999 -9999 -9999 -9999 -9999 -9999 -9999 -9999
-9999 -9999 -9999 -9999 -9999 -9999 -9999 -9999 -9999 -9999 -9999 -9999 -9999 -9999 -9999 -9999 -9999 -9999 -9999 -9999 -9999 -9999 -9999 -9999 -9999 -9999 -9999 -9999 -9999 -9999 -9999 -9999 -9999 -9999 -9999 -9999 -9999 -9999 -9999 -9999 -9999 -9999 -9999 -9999 19.84730 20.36210 20.74750 22.41590 22.03610 19.99580 21.10650 21.04500 21.69340 22.64930 -9999 -9999 -9999 -9999 -9999 -9999 19.00050 -9999 -9999 -9999 -9999 -9999 -9999 -9999 -9999 -9999 -9999
-9999 -9999 -9999 -9999 -9999 -9999 -9999 -9999 -9999 -9999 -9999 -9999 -9999 -9999 -9999 -9999 -9999 -9999 -9999 -9999 -9999 -9999 -9999 -9999 -9999 -9999 -9999 -9999 -9999 -9999 -9999 -9999 -9999 -9999 -9999 -9999 -9999 -9999 -9999 -9999 -9999 19.69010 19.72080 19.92970 19.91490 19.91480 20.23280 20.59170 20.54220 20.03800 20.05330 21.37620 22.10430 22.00300 -9999 -9999 -9999 -9999 -9999 20.60030 21.10020 22.20010 22.00010 20.40010 20.80010 21.60010 22.40010 23.50060 22.20060 22.40050 21.60080
-9999 -9999 -9999 -9999 -9999 -9999 -9999 -9999 -9999 -9999 -9999 -9999 -9999 -9999 -9999 -9999 -9999 -9999 -9999 -9999 -9999 -9999 -9999 -9999 -9999 -9999 -9999 -9999 -9999 -9999 -9999 -9999 -9999 -9999 -9999 -9999 -9999 -9999 -9999 -9999 -9999 20.77220 19.94400 19.93110 19.85170 19.75020 20.96750 20.96750 20.10350 20.97530 21.80820 23.14970 22.34710 22.58720 22.23570 22.26660 21.02000 -9999 20.80180 23.40030 23.50020 23.40020 23.30010 22.40010 22.90020 23.50040 22.60040 22.20090 21.50110 20.70050 20.40050
-9999 -9999 -9999 -9999 -9999 -9999 -9999 -9999 -9999 -9999 -9999 -9999 -9999 -9999 -9999 -9999 -9999 -9999 -9999 -9999 -9999 -9999 -9999 -9999 -9999 -9999 -9999 -9999 -9999 -9999 -9999 -9999 -9999 -9999 -9999 23.23260 21.10190 19.81920 19.82050 19.64420 19.64390 19.63590 19.65850 19.85070 20.80410 20.55150 19.68450 20.03150 21.86520 23.06200 23.08480 23.03850 23.49200 23.53510 22.50180 22.56380 22.77970 23.00360 23.50280 23.50020 23.30010 22.90010 22.80010 22.80180 23.00050 23.50040 23.40050 23.00040 22.70080 22.28360 22.28360
-9999 -9999 -9999 -9999 -9999 -9999 -9999 -9999 -9999 -9999 -9999 -9999 -9999 -9999 -9999 -9999 -9999 -9999 -9999 -9999 -9999 -9999 -9999 -9999 -9999 -9999 -9999 -9999 -9999 -9999 -9999 -9999 -9999 -9999 23.52350 22.80060 22.10220 22.00530 20.11140 19.61480 19.61730 19.62760 19.82790 20.62160 20.05790 19.65860 19.67430 20.75730 22.98060 23.07780 23.13970 23.27320 23.66030 22.85820 22.73880 23.06320 22.92460 23.32210 23.50340 23.30040 22.80050 22.70150 23.10100 23.32330 23.50110 23.40160 23.10080 23.00120 22.81150 22.82220 22.75710
-9999 -9999 -9999 -9999 -9999 -9999 -9999 -9999 -9999 -9999 -9999 -9999 -9999 -9999 -9999 -9999 -9999 -9999 -9999 -9999 -9999 -9999 -9999 -9999 -9999 -9999 -9999 -9999 -9999 -9999 -9999 -9999 -9999 23.52550 23.32980 22.20060 22.20080 21.60250 20.50390 19.60750 19.61000 19.62520 21.14060 20.40730 19.65450 20.14980 21.16890 21.55120 22.27590 22.48900 22.41000 23.73610 23.46100 22.85080 22.46070 22.95140 22.94670 22.90740 22.90220 22.80090 23.10090 23.30080 23.30050 23.50070 23.50180 23.30400 23.00330 23.30350 23.30860 23.42070 22.91020
-9999 -9999 -9999 -9999 -9999 -9999 -9999 -9999 -9999 -9999 -9999 -9999 -9999 -9999 -9999 -9999 -9999 -9999 -9999 -9999 -9999 -9999 -9999 -9999 -9999 -9999 -9999 -9999 -9999 -9999 -9999 23.34100 21.60380 21.10180 21.00140 22.10030 21.30040 20.40090 19.60180 19.81000 19.71510 19.91800 20.42560 19.91900 19.63990 20.49420 22.74810 22.91030 22.91370 23.09000 23.24470 23.41490 23.12190 22.68710 23.02870 22.88680 22.80680 22.81620 23.12620 23.10220 23.30140 23.50380 23.40330 23.50130 23.50260 23.51130 23.40840 23.10140 23.00140 22.91680 22.92160
-9999 -9999 -9999 -9999 -9999 -9999 -9999 -9999 -9999 -9999 -9999 -9999 -9999 -9999 -9999 -9999 -9999 -9999 -9999 -9999 -9999 -9999 -9999 -9999 -9999 -9999 -9999 -9999 -9999 20.70310 22.10120 20.60760 19.60780 19.60340 19.60380 19.60070 20.70110 22.60050 20.70170 19.60970 20.25980 21.02540 19.63740 19.62490 19.62960 19.71620 20.42580 22.52550 23.08900 23.27270 23.11790 23.50550 22.94000 22.64340 23.23580 23.02590 22.90300 22.91090 22.90220 22.90010 23.30040 23.30260 23.30480 23.40160 23.50210 23.40590 23.53030 23.55810 23.58080 23.65170 22.99300
-9999 -9999 -9999 -9999 -9999 -9999 -9999 -9999 -9999 -9999 -9999 -9999 -9999 -9999 -9999 -9999 -9999 -9999 -9999 -9999 -9999 -9999 -9999 -9999 21.60520 21.34480 20.94800 20.32590 20.12580 19.60710 19.60690 19.60330 19.60430 19.60140 19.60200 20.00450 22.70350 21.11130 20.21910 19.61010 19.91320 21.04300 19.90680 19.60590 19.60490 19.61120 19.91330 20.46350 21.93850 23.19400 23.15370 24.52190 23.63060 23.25970 22.96910 22.94680 22.91040 22.90640 22.90220 23.20240 23.50150 23.50200 23.40190 23.30030 23.30050 23.30430 23.40520 23.20360 23.10520 23.35040 24.14700
-9999 -9999 -9999 -9999 -9999 -9999 22.76340 22.74600 22.74790 22.74270 22.73670 -9999 -9999 -9999 -9999 -9999 -9999 -9999 -9999 -9999 -9999 21.60560 19.91970 20.71160 21.90860 20.86840 20.06870 19.64500 19.63530 19.60720 19.60520 19.60400 19.60530 19.60170 19.60200 19.60460 19.60980 19.80710 22.00780 19.60410 20.00400 20.00920 20.99280 19.60460 19.60360 19.60760 19.90740 21.72740 23.02360 23.23680 23.66350 23.98350 23.76800 23.25310 22.96360 22.92360 22.91280 22.90620 23.20220 23.40320 23.40190 23.40270 23.30460 23.40500 23.41590 22.80330 22.80340 22.90180 22.90230 22.90400 22.86660
-9999 -9999 -9999 -9999 -9999 22.80210 22.80320 22.80780 22.90320 22.80160 22.80180 22.88020 22.87210 22.82410 -9999 -9999 -9999 22.90940 22.61170 21.11250 20.61160 19.63370 19.63850 19.61070 19.24360 18.92280 18.81700 18.82770 18.71970 18.71710 18.81890 18.80200 19.00270 19.00340 18.90160 18.81840 18.82400 18.90450 18.90300 18.70170 18.70290 18.70590 20.63570 19.78330 18.60630 18.80660 19.52370 20.74400 22.58670 23.20970 23.23230 22.89370 23.45840 22.97510 22.92880 22.91050 22.93020 22.90380 22.90030 22.70240 22.80050 22.90080 22.70280 22.80040 22.71480 22.89900 22.92330 22.91160 22.90440 22.90560 22.83770
-9999 21.82240 18.25400 18.20430 18.20790 22.60340 23.30490 22.90650 22.90730 22.90140 22.90170 22.99230 23.00070 22.92850 22.91440 22.92030 22.90860 22.91580 22.92260 22.90440 22.10780 19.82160 20.32070 18.70890 18.50490 18.50740 18.50670 18.51880 18.51750 18.50810 18.50510 18.50040 18.50040 18.50040 18.50070 18.50690 18.50700 18.50180 18.50120 18.50040 18.50030 18.50110 19.27860 20.64940 18.50290 18.50260 18.50360 19.53740 21.56630 21.83080 22.34470 23.51810 23.39990 23.62760 23.30480 23.21900 23.00240 22.90220 22.90140 22.70800 22.80040 22.81140 22.80880 22.80340 22.83160 23.07130 23.01050 22.84500 22.90720 22.93140 23.13340
-9999 23.04850 22.99010 22.92010 22.91520 22.60670 22.40290 22.41880 22.11330 22.82470 22.92450 22.90500 22.90930 22.90600 22.90640 22.90920 22.91650 22.92020 22.91590 22.92110 21.94310 21.42390 23.34490 19.21310 18.50840 18.50430 18.50460 18.50350 18.50210 18.50340 18.50170 18.50430 18.50500 18.51300 19.12570 18.50860 18.50690 18.50160 18.50120 18.50370 18.50540 18.50130 18.50200 21.07440 19.41130 18.60160 18.50290 18.50250 18.50890 19.43520 20.87000 23.20790 23.60640 23.96500 23.82960 23.38000 23.01610 22.97010 22.86040 22.33700 22.71820 22.83090 22.84080 22.71410 22.84610 23.51110 23.33240 22.82460 22.89180 22.92650 22.99070
-9999 -9999 -9999 19.28260 19.09260 18.66590 18.63990 18.68610 18.67750 18.81230 22.94130 23.00310 23.10190 23.30200 23.10260 22.90900 22.91690 22.91510 23.11510 23.42600 23.51140 23.46200 22.48160 18.72810 18.51220 18.50550 18.50370 18.50210 18.50100 18.50190 18.50200 18.50430 19.00520 19.21840 20.13060 21.09370 18.20440 18.20300 19.60380 21.01150 20.21970 20.29100 23.54790 23.36140 21.95450 20.81440 19.74850 18.70220 18.80390 20.05020 22.26070 22.87200 22.47940 23.65130 22.98880 23.61780 23.36110 22.96270 23.20780 22.34680 22.76490 22.93990 23.08700 22.93220 22.88970 22.96200 22.92350 22.95030 22.97590 23.25180 23.30680
-9999 -9999 -9999 -9999 -9999 -9999 20.19890 20.80570 21.49660 22.43620 23.31530 23.40860 23.40810 23.40690 23.40410 23.30990 23.31170 23.43310 23.41910 23.05120 21.47520 19.68970 18.56100 18.50530 18.50330 18.50510 18.50250 19.90580 21.34930 18.90280 18.50170 18.50390 20.84020 22.80570 19.47800 22.69510 22.21060 20.74150 23.73710 23.93150 23.91940 23.12650 22.72960 23.12790 23.35720 23.64900 22.29540 21.31410 20.39070 19.45520 20.20570 20.40390 19.86210 22.75930 22.59920 19.82630 23.22600 23.61610 23.75630 23.37390 22.64610 23.43410 22.86870 22.89160 23.52510 23.29220 22.90410 23.03330 23.30380 23.44380 23.82780
-9999 -9999 -9999 -9999 -9999 -9999 23.42970 23.43920 23.41790 23.46920 23.44280 23.40490 23.40440 23.40370 23.40430 23.42110 22.92680 21.13340 20.02970 18.73100 18.53430 18.53550 18.53220 18.50410 18.50320 18.50230 18.50130 19.90580 24.07380 24.06530 23.01490 23.12480 22.73320 23.48060 23.30470 23.19170 22.53030 22.40300 22.08180 22.63160 22.86600 23.15460 23.63270 23.32680 23.02380 22.84160 23.08370 23.88010 23.76650 22.85730 21.58750 20.14290 19.75470 20.06440 19.60080 18.58940 19.31720 20.02030 20.82540 20.51470 21.93930 22.58440 23.58740 23.79140 23.83940 23.07160 22.99280 23.04440 23.16650 23.35510 23.96190
-9999 -9999 -9999 -9999 -9999 -9999 -9999 -9999 -9999 -9999 23.10310 23.41700 23.41410 23.41180 23.41600 20.51610 18.51780 18.51900 18.51890 18.52320 18.52380 18.52420 18.51900 18.50400 18.50310 18.50760 18.50430 18.50880 19.10660 20.24740 19.59280 20.18070 21.20690 23.18050 23.95160 23.45190 23.83750 23.92530 23.92110 23.91880 22.01140 20.50420 19.80050 21.05760 21.04070 21.65940 21.29360 20.06080 23.48240 23.97350 23.96870 23.69830 23.41080 22.32560 22.07460 22.96520 21.98590 22.67910 22.72250 22.54150 22.75570 20.36950 20.07600 19.52980 20.29540 20.48410 20.27560 21.28480 23.01390 23.07220 23.41210
-9999 -9999 -9999 -9999 -9999 -9999 -9999 -9999 -9999 -9999 21.90180 23.40310 23.40690 23.40790 23.41100 20.52350 18.51870 18.52880 18.54140 18.55110 18.54270 18.54000 18.52960 18.50560 18.50460 18.50580 18.50250 18.50890 18.50580 19.37350 20.18640 20.17650 22.33600 22.91150 21.28330 22.28080 20.00270 18.50020 19.00010 19.10010 18.50010 18.50050 18.50060 18.50190 18.50160 18.50120 18.50200 18.50180 18.60270 22.82370 23.97330 23.99550 23.98900 23.75940 21.73030 24.16370 24.26620 24.25930 24.24340 24.20400 24.08890 24.08490 23.89990 22.50000 20.53940 21.02250 19.79960 18.63850 21.96860 23.10910 23.66240
-9999 -9999 -9999 -9999 -9999 -9999 -9999 -9999 -9999 -9999 -9999 -9999 23.40350 23.40690 23.41330 22.92260 19.62070 18.51770 18.52950 18.52740 18.52680 18.65140 18.24220 18.60860 18.50340 18.50330 18.50300 18.50430 18.50310 18.60450 19.56040 19.38550 19.37860 18.70280 18.50340 18.50400 18.50210 18.50080 18.50030 18.50020 18.50020 18.50030 18.50050 18.50330 18.50310 18.50550 18.50820 18.50210 18.50340 19.03340 20.94140 22.71100 22.80170 21.70850 20.50310 23.23310 24.22320 24.31260 24.30050 24.33080 24.30320 24.31650 23.54050 22.34960 23.38900 24.07970 21.38170 18.74170 19.60800 21.32100 23.21570
-9999 -9999 -9999 -9999 -9999 -9999 -9999 -9999 -9999 -9999 -9999 -9999 23.40410 23.40310 23.40600 23.40760 23.40830 23.21700 20.34900 19.64580 18.26280 19.74110 18.24990 19.30860 18.50390 18.50400 18.50400 18.50640 18.50280 18.50540 18.50390 18.50690 18.50730 18.50310 18.50320 18.50310 18.50180 18.50140 18.50040 18.50030 18.50030 18.50040 18.50050 18.50370 18.50340 19.26400 19.90370 21.91450 23.39070 23.54230 22.28050 22.17740 21.47020 20.55830 22.30490 24.11730 24.13050 24.20000 24.18680 24.18950 23.69000 22.43020 23.11330 24.11290 24.15000 22.31490 20.91840 22.04590 22.90660 23.34610 23.26870
-9999 -9999 -9999 -9999 -9999 -9999 -9999 -9999 -9999 -9999 -9999 23.40340 23.40330 23.40190 23.40280 23.40740 22.20470 18.21000 18.21140 18.21140 18.20320 19.81280 19.61670 18.72170 18.51550 18.50360 18.50540 18.50350 18.50160 18.50120 18.50070 18.50120 18.50110 18.50130 18.50120 18.50030 18.50040 18.50060 18.50050 18.50670 18.50710 18.50070 18.50110 18.50550 18.50510 18.50410 19.80530 21.09410 21.62580 23.23900 22.95800 22.95680 22.74170 23.47540 24.02770 24.14050 24.06620 24.10000 24.09040 22.92150 23.15010 24.30410 24.32900 24.14850 24.16360 22.86130 22.34740 22.99450 23.08370 23.35030 24.49380
-9999 -9999 -9999 -9999 -9999 -9999 -9999 -9999 -9999 -9999 -9999 23.40060 23.40450 23.40290 23.40370 23.40550 20.70290 18.80380 18.20990 19.00470 19.80520 19.81420 19.11090 19.61680 19.41490 19.30650 18.50780 18.50260 18.50130 18.50150 18.50100 18.50090 18.50110 18.50170 18.50300 18.50100 18.50090 18.50110 18.50140 18.50690 18.51120 18.60150 19.12080 19.70210 20.42450 22.63010 23.01420 23.37550 24.21830 24.21340 24.22690 24.24760 24.24170 24.23020 24.23090 24.31140 24.32730 23.08580 22.81030 23.86300 24.19330 24.33910 24.31530 24.10610 23.26130 22.36390 23.92150 23.31360 23.26640 24.05560 23.87510
