data/hydroclimate-scenarios/BCSD_hadcm_B1/monthly_summaries/soilm3_monthly_day1_apr.2070-2099.asc
ncols	311
nrows	91
xllcenter	102.75
yllcenter	31.75
cellsize	0.5
NODATA_value	-9999
[rows 0 to 31 of 91, columns 213 to 283 of 311]
-9999 -9999 -9999 -9999 -9999 -9999 -9999 -9999 -9999 -9999 -9999 -9999 -9999 -9999 -9999 -9999 -9999 -9999 -9999 -9999 -9999 -9999 -9999 -9999 -9999 -9999 -9999 -9999 -9999 -9999 -9999 -9999 -9999 -9999 -9999 -9999 -9999 -9999 -9999 -9999 -9999 -9999 -9999 -9999 -9999 -9999 -9999 -9999 -9999 -9999 -9999 -9999 -9999 -9999 -9999 -9999 -9999 -9999 -9999 -9999 -9999 -9999 -9999 -9999 -9999 -9999 -9999 -9999 -9999 -9999 -9999
-9999 -9999 -9999 -9999 -9999 -9999 -9999 -9999 -9999 -9999 -9999 -9999 -9999 -9999 -9999 -9999 -9999 -9999 -9999 -9999 -9999 -9999 -9999 -9999 -9999 -9999 -9999 -9999 -9999 -9999 -9999 -9999 -9999 -9999 -9999 -9999 -9999 -9999 -9999 -9999 -9999 -9999 -9999 -9999 -9999 -9999 -9999 -9999 -9999 -9999 -9999 -9999 -9999 -9999 -9999 -9999 -9999 -9999 -9999 -9999 -9999 -9999 -9999 -9999 -9999 -9999 -9999 -9999 -9999 -9999 -9999
-9999 -9999 -9999 -9999 -9999 -9999 -9999 -9999 -9999 -9999 -9999 -9999 -9999 -9999 -9999 -9999 -9999 -9999 -9999 -9999 -9999 -9999 -9999 -9999 -9999 -9999 -9999 -9999 -9999 -9999 -9999 -9999 -9999 -9999 -9999 -9999 -9999 -9999 -9999 -9999 -9999 -9999 -9999 -9999 -9999 -9999 -9999 -9999 -9999 -9999 -9999 -9999 -9999 -9999 -9999 -9999 -9999 -9999 -9999 -9999 -9999 -9999 -9999 -9999 -9999 -9999 -9999 -9999 -9999 -9999 -9999
-9999 -9999 -9999 -9999 -9999 -9999 -9999 -9999 -9999 -9999 -9999 -9999 -9999 -9999 -9999 -9999 -9999 -9999 -9999 -9999 -9999 -9999 -9999 -9999 -9999 -9999 -9999 -9999 -9999 -9999 -9999 -9999 -9999 -9999 -9999 -9999 -9999 -9999 -9999 -9999 -9999 -9999 -9999 -9999 -9999 -9999 -9999 -9999 -9999 -9999 -9999 -9999 -9999 -9999 -9999 -9999 -9999 -9999 -9999 -9999 -9999 -9999 -9999 -9999 -9999 -9999 -9999 -9999 -9999 -9999 -9999
-9999 -9999 -9999 -9999 -9999 -9999 -9999 -9999 -9999 -9999 -9999 -9999 -9999 -9999 -9999 -9999 -9999 -9999 -9999 -9999 -9999 -9999 -9999 -9999 -9999 -9999 -9999 -9999 -9999 -9999 -9999 -9999 -9999 -9999 -9999 -9999 -9999 -9999 -9999 -9999 -9999 -9999 -9999 -9999 -9999 -9999 -9999 -9999 -9999 -9999 -9999 -9999 -9999 -9999 -9999 -9999 -9999 -9999 -9999 -9999 -9999 -9999 -9999 -9999 -9999 -9999 -9999 -9999 -9999 -9999 -9999
-9999 -9999 -9999 -9999 -9999 -9999 -9999 -9999 -9999 -9999 -9999 -9999 -9999 -9999 -9999 -9999 -9999 -9999 -9999 -9999 -9999 -9999 -9999 -9999 -9999 -9999 -9999 -9999 -9999 -9999 -9999 -9999 -9999 -9999 -9999 -9999 -9999 -9999 -9999 -9999 -9999 -9999 -9999 -9999 -9999 -9999 -9999 -9999 -9999 -9999 -9999 -9999 -9999 -9999 -9999 -9999 -9999 -9999 -9999 -9999 -9999 -9999 -9999 -9999 -9999 -9999 -9999 -9999 -9999 -9999 -9999
-9999 -9999 -9999 -9999 -9999 -9999 -9999 -9999 -9999 -9999 -9999 -9999 -9999 -9999 -9999 -9999 -9999 -9999 -9999 -9999 -9999 -9999 -9999 -9999 -9999 -9999 -9999 -9999 -9999 -9999 -9999 -9999 -9999 -9999 -9999 -9999 -9999 -9999 -9999 -9999 -9999 -9999 -9999 -9999 -9999 -9999 -9999 -9999 -9999 -9999 -9999 -9999 -9999 -9999 -9999 -9999 -9999 -9999 -9999 -9999 -9999 -9999 -9999 -9999 -9999 -9999 -9999 -9999 -9999 -9999 -9999
-9999 -9999 -9999 -9999 -9999 -9999 -9999 -9999 -9999 -9999 -9999 -9999 -9999 -9999 -9999 -9999 -9999 -9999 -9999 -9999 -9999 -9999 -9999 -9999 -9999 -9999 -9999 -9999 -9999 -9999 -9999 -9999 -9999 -9999 -9999 -9999 -9999 -9999 -9999 -9999 -9999 -9999 -9999 -9999 -9999 -9999 -9999 -9999 -9999 -9999 -9999 -9999 -9999 -9999 -9999 -9999 -9999 -9999 -9999 -9999 -9999 -9999 -9999 -9999 -9999 -9999 -9999 -9999 -9999 -9999 -9999
-9999 -9999 -9999 -9999 -9999 -9999 -9999 -9999 -9999 -9999 -9999 -9999 -9999 -9999 -9999 -9999 -9999 -9999 -9999 -9999 -9999 -9999 -9999 -9999 -9999 -9999 -9999 -9999 -9999 -9999 -9999 -9999 -9999 -9999 -9999 -9999 -9999 -9999 -9999 -9999 -9999 -9999 -9999 -9999 -9999 -9999 -9999 -9999 -9999 -9999 -9999 -9999 -9999 -9999 -9999 -9999 -9999 -9999 -9999 -9999 -9999 -9999 -9999 -9999 -9999 -9999 -9999 -9999 -9999 -9999 -9999
-9999 -9999 -9999 -9999 -9999 -9999 -9999 -9999 -9999 -9999 -9999 -9999 -9999 -9999 -9999 -9999 -9999 -9999 -9999 -9999 -9999 -9999 -9999 -9999 -9999 -9999 -9999 -9999 -9999 -9999 -9999 -9999 -9999 -9999 -9999 -9999 -9999 -9999 -9999 -9999 -9999 -9999 -9999 -9999 -9999 -9999 -9999 -9999 -9999 -9999 -9999 -9999 -9999 -9999 -9999 -9999 -9999 -9999 -9999 -9999 -9999 -9999 -9999 -9999 -9999 -9999 -9999 -9999 -9999 -9999 -9999
-9999 -9999 -9999 -9999 -9999 -9999 -9999 -9999 -9999 -9999 -9999 -9999 -9999 -9999 -9999 -9999 -9999 -9999 -9999 -9999 -9999 -9999 -9999 -9999 -9999 -9999 -9999 -9999 -9999 -9999 -9999 -9999 -9999 -9999 -9999 -9999 -9999 -9999 -9999 -9999 -9999 -9999 -9999 -9999 -9999 -9999 -9999 -9999 -9999 -9999 -9999 -9999 -9999 -9999 -9999 -9999 -9999 -9999 -9999 -9999 -9999 -9999 -9999 -9999 -9999 -9999 -9999 -9999 -9999 -9999 -9999
-9999 -9999 -9999 -9999 -9999 -9999 -9999 -9999 -9999 -9999 -9999 -9999 -9999 -9999 -9999 -9999 -9999 -9999 -9999 -9999 -9999 -9999 -9999 -9999 -9999 -9999 -9999 -9999 -9999 -9999 -9999 -9999 -9999 -9999 -9999 -9999 -9999 -9999 -9999 -9999 -9999 -9999 -9999 -9999 -9999 -9999 -9999 -9999 -9999 -9999 -9999 -9999 -9999 -9999 -9999 -9999 -9999 -9999 -9999 -9999 -9999 -9999 -9999 -9999 -9999 -9999 -9999 -9999 -9999 -9999 -9999
-9999 -9999 -9999 -9999 -9999 -9999 -9999 -9999 -9999 -9999 -9999 -9999 -9999 -9999 -9999 -9999 -9999 -9999 -9999 -9999 -9999 -9999 -9999 -9999 -9999 -9999 -9999 -9999 -9999 -9999 -9999 -9999 -9999 -9999 -9999 -9999 -9999 -9999 -9999 -9999 -9999 -9999 -9999 -9999 -9999 -9999 -9999 -9999 -9999 -9999 -9999 -9999 -9999 -9999 -9999 -9999 -9999 -9999 -9999 -9999 -9999 -9999 -9999 -9999 -9999 -9999 -9999 -9999 -9999 -9999 -9999
19.16650 19.15280 19.47090 19.57110 19.14320 19.36890 -9999 -9999 -9999 -9999 -9999 -9999 -9999 -9999 -9999 -9999 -9999 -9999 -9999 -9999 -9999 -9999 -9999 -9999 -9999 -9999 -9999 -9999 -9999 -9999 -9999 -9999 -9999 -9999 -9999 -9999 -9999 -9999 -9999 -9999 -9999 -9999 -9999 -9999 -9999 -9999 -9999 22.17460 -9999 -9999 -9999 -9999 -9999 -9999 -9999 -9999 -9999 -9999 -9999 -9999 -9999 -9999 -9999 -9999 -9999 -9999 -9999 -9999 -9999 -9999 -9999
19.10530 19.11130 19.11150 19.11170 19.11210 19.41370 19.70170 20.30160 20.90300 21.31220 22.22590 23.42930 23.21590 22.05650 21.85310 22.35480 22.56660 22.52670 23.39620 -9999 -9999 -9999 -9999 -9999 -9999 -9999 -9999 -9999 -9999 -9999 -9999 -9999 -9999 -9999 -9999 -9999 -9999 -9999 -9999 -9999 -9999 -9999 21.36440 20.72490 19.74170 19.11000 19.13960 19.28340 20.14330 -9999 -9999 -9999 19.95630 -9999 -9999 -9999 20.21260 20.65140 20.58390 -9999 -9999 -9999 -9999 -9999 -9999 -9999 -9999 -9999 -9999 -9999 -9999
20.90840 21.51460 22.10180 22.60330 23.30540 23.30750 23.30030 23.30570 23.33020 23.39310 23.40190 23.65770 23.66290 23.79230 23.86640 23.74400 23.63790 23.60350 23.42080 23.40380 23.40860 23.42860 23.58450 23.77100 23.50540 -9999 -9999 -9999 -9999 -9999 18.80340 18.31570 18.33080 20.69210 22.06600 21.42860 20.96480 20.17890 19.94920 19.82990 19.59450 19.12530 19.10940 19.10930 19.11040 19.11020 19.20310 19.27890 19.37080 19.53760 19.68610 19.79320 19.99640 20.24440 20.19200 20.22530 20.51080 20.59750 20.52230 20.56650 20.66730 20.56140 20.37230 20.28340 -9999 -9999 -9999 -9999 -9999 -9999 -9999
23.45820 23.54990 23.67170 23.86160 23.69010 23.76800 23.58460 23.16210 22.19250 21.37000 20.64650 132.25400 131.97800 132.34000 132.03300 132.06300 131.76100 19.38990 19.28820 19.76630 21.73400 22.28530 22.50170 22.67820 22.83500 22.78610 22.63760 22.62950 22.77800 22.71480 22.25480 18.45140 18.30970 18.32410 18.89020 19.14560 19.16260 19.13240 19.13270 19.13190 19.15000 19.14990 19.13440 19.13670 19.14410 19.14120 19.16190 19.19150 19.28960 19.40020 19.62790 19.78100 20.00440 20.12160 20.14560 20.22350 20.21820 20.37720 20.49420 20.45910 20.52540 20.59510 20.48120 20.32420 20.21540 20.20220 20.35000 20.31770 20.36880 20.34620 20.41170
23.69340 23.42190 22.91770 22.32810 21.55930 132.57201 132.17500 131.86301 131.76801 131.58501 131.50900 131.50400 131.54100 131.50700 131.50101 131.50000 131.50600 131.50500 131.62000 131.59599 131.62000 131.69501 132.18300 132.40601 129.73801 129.93900 24.05480 130.15500 22.70730 22.89370 24.83120 20.56440 18.37280 18.82460 19.19990 19.18970 19.20480 19.18160 19.19930 19.18210 19.20820 19.22360 19.18310 19.18070 19.17660 19.17480 19.14380 19.16380 19.22940 19.27940 19.44810 19.57770 19.71570 20.03180 19.95690 20.04090 20.10190 20.10550 20.22630 20.20310 20.41050 20.43710 20.24870 20.25360 20.10260 20.15280 20.31330 20.37690 20.47790 20.47380 20.66580
132.53900 132.58099 132.21800 132.45799 132.53400 131.71001 131.64799 131.50700 131.51500 131.51900 131.53400 131.53900 131.50301 131.50999 131.50200 131.52200 131.52800 131.50301 131.56200 131.51700 131.73900 132.15100 132.65300 130.47099 129.98000 129.92799 131.88100 131.75500 131.63300 22.55400 24.56550 24.02720 20.26500 18.11020 17.97170 17.96860 18.02220 18.04120 18.05470 18.04790 18.07350 18.05230 18.07360 18.08190 18.11990 18.17640 18.13100 18.09080 18.10250 18.62630 19.45700 19.48390 19.55340 19.59100 19.55440 19.65710 19.67960 19.81830 19.94960 19.94800 20.06140 18.82040 19.20730 19.63890 19.47320 19.55060 19.63960 20.12820 20.17880 20.17820 20.86820
132.50200 132.74500 132.82800 132.40199 132.21500 132.03799 131.66100 131.68100 131.62199 131.52600 131.51500 131.50900 131.51100 131.50700 131.51500 131.51401 131.50900 131.51401 132.36099 132.27100 131.95000 132.33800 131.75200 130.25200 129.84801 129.87601 129.82001 130.02901 131.94000 130.09399 22.78360 24.30960 23.61610 18.59940 19.67250 19.61830 19.69180 19.74580 19.57740 19.62280 19.98660 19.96960 19.92040 19.89870 19.56430 19.71280 19.55980 19.58270 19.70950 19.81200 19.89740 18.64410 18.80450 18.85890 18.10000 18.12350 18.15990 18.22660 18.57860 19.19960 19.14140 20.33750 20.34110 20.34380 20.02690 20.07120 20.13890 19.80950 21.94680 22.87530 23.24860
132.58501 133.16000 133.16400 132.68700 132.18100 131.86800 131.61301 131.54500 131.50600 131.50301 131.50700 131.50700 131.51199 131.51100 131.50301 131.52100 131.54500 131.55701 131.89400 131.58900 131.50999 131.51199 131.51601 131.50600 129.79201 129.84300 129.89600 129.91000 129.88600 129.84300 23.42900 23.12630 24.94450 25.12090 25.07800 21.91370 19.51330 18.85780 18.43720 18.41100 20.35100 20.25440 19.99260 19.83120 19.62290 19.72790 19.57310 19.54730 19.72290 19.74460 19.85410 19.91220 19.74040 19.79550 19.70000 19.80630 19.66770 19.69660 19.94680 19.92980 19.18950 20.44770 20.16490 20.25480 20.10970 20.12780 20.81970 22.38040 22.49610 22.60660 22.93920
132.42300 132.07401 131.81599 131.54401 131.52100 131.51900 131.50700 131.50900 131.50999 131.50600 131.50600 131.50301 131.50301 131.50200 131.50500 131.50600 131.51700 131.52100 132.13200 131.91299 131.50301 131.50101 131.50000 131.50000 131.50101 131.57001 129.80800 130.09399 129.84100 129.82500 24.84540 25.01610 24.98590 25.13190 25.21560 25.14920 25.09060 25.01910 25.09960 25.12190 25.11690 23.92230 24.39540 24.38670 21.53340 22.96840 23.35430 22.19470 20.24560 19.98780 20.02850 19.89570 19.73100 19.83450 19.79770 19.87260 19.72000 19.69690 19.77810 19.92630 20.54900 20.37230 20.11700 20.13000 20.04850 20.04180 21.95340 22.05530 22.15880 22.35510 22.62310
132.39799 131.70900 131.57899 131.60600 131.93201 132.81799 133.59801 133.62601 132.92300 132.40199 131.91901 131.68500 131.55901 131.50200 131.52901 131.56400 131.84700 131.66701 132.07600 131.98399 131.50000 131.50000 131.50000 131.50000 131.50000 23.30150 23.30230 23.30600 23.34050 24.06890 24.17120 24.74010 24.62260 24.08600 24.21750 23.83020 23.68360 23.68050 24.32440 23.86890 24.01310 24.07340 24.11180 23.49370 24.81200 24.70130 24.54110 24.39790 24.44130 24.46200 23.37450 22.66140 20.51600 20.12510 19.80870 19.75590 19.75220 19.99300 19.96090 20.36600 20.48830 19.99520 20.17740 20.10410 19.69900 19.66490 21.87690 21.97350 21.93000 22.06500 22.32410
132.62100 132.62700 133.13699 132.55200 132.15401 133.20300 134.78999 134.79900 133.29401 132.98300 132.88400 132.87500 132.50000 132.58400 132.53799 131.94299 131.71800 131.55701 132.30299 132.11200 131.53200 131.50000 23.30010 23.30010 23.30020 23.30010 23.30030 23.30060 23.30250 23.30330 23.33830 23.36720 23.31510 23.30960 23.31450 23.32080 23.31470 23.33700 23.31340 23.32450 23.34830 23.36330 23.43850 23.49230 23.71530 23.72400 23.89270 23.68160 24.08370 24.76350 24.71080 24.68610 24.30380 23.19120 20.21160 19.64400 19.66650 20.16020 20.05630 19.90760 19.86910 19.80410 19.79330 19.79140 19.45250 19.55310 19.90210 21.81660 21.71510 21.78520 21.95880
132.06200 132.11200 132.45900 132.39799 132.21800 132.05800 132.03000 131.99300 133.07100 132.97301 132.84300 132.82401 133.07300 132.92400 132.53300 132.39799 131.70900 131.50900 131.52100 131.94600 132.27000 131.72800 131.69600 131.71001 21.60000 22.60000 23.30120 23.40000 23.40060 23.50150 23.60170 23.74770 23.83950 23.77120 23.65380 23.55170 23.58810 23.50510 23.41730 23.37810 23.54910 23.52940 23.52370 23.51810 23.54190 23.58170 23.49240 23.58960 23.67530 23.81140 23.83620 23.49610 24.32870 23.99500 23.22890 19.42920 19.47110 19.65750 19.58560 19.62190 19.53050 19.46020 19.55160 19.29380 19.33360 19.44570 19.69290 19.73980 21.77640 21.72890 21.76220
131.94299 131.99200 131.83701 131.98000 132.66000 132.35300 132.83000 132.82800 132.70100 132.36301 132.33600 132.60001 133.01401 133.28799 133.13499 131.81500 131.55701 131.52200 131.53799 131.51601 131.50301 131.50800 131.50000 131.50200 131.50700 131.66299 131.50200 131.50000 23.00030 131.50000 131.50000 131.50101 131.50101 131.50200 131.50200 131.50400 23.90700 23.51560 131.54201 131.76700 23.48670 23.53780 23.53340 23.62970 23.63490 23.70620 23.65440 23.53510 23.68720 23.77910 23.89160 23.88900 23.43860 24.30640 23.77080 23.33080 19.64670 19.42680 19.35780 19.49520 19.36020 19.38130 19.49110 19.24950 19.08130 19.16500 19.65200 19.62970 19.41920 21.75890 21.72900
133.84700 134.20799 133.58600 133.43100 133.35400 133.67700 133.67000 133.78600 134.62100 134.73000 134.44299 134.31799 133.93600 132.40900 132.58299 131.94600 131.68700 131.51700 131.70300 131.50900 131.50400 131.50301 131.50200 131.50301 131.50101 131.50101 131.50200 131.50101 131.50101 131.52200 131.51300 131.50400 131.50301 131.50700 131.52800 131.54601 131.50600 131.50700 131.53000 131.60800 131.67300 131.61000 23.76450 24.03160 24.00110 24.13800 23.90520 23.85350 23.62770 23.57360 23.62100 23.84590 23.51590 23.26720 24.48750 23.19270 19.57060 19.59890 19.64180 19.77400 19.39650 19.39820 19.58230 19.45790 19.39590 19.49260 19.74620 19.69620 19.90700 20.00220 21.69890
133.79500 24.70420 22.39080 20.54170 133.69600 133.61301 20.61870 20.75580 21.34030 21.66590 134.29900 20.95160 21.16770 134.41901 134.38200 132.67599 131.54800 131.54700 132.63200 132.26199 131.76100 131.83800 131.56300 131.71700 131.50101 131.50200 131.50101 131.50200 131.50301 131.50500 131.50301 131.50101 131.50101 131.50301 131.50200 131.50700 131.52400 131.56599 131.55800 131.61900 131.64600 131.87100 24.46730 24.44720 24.47000 24.59160 24.48410 24.28880 23.84850 23.91280 23.84670 23.58440 23.59370 23.56470 24.81040 23.48110 20.92000 19.56100 19.90150 19.83340 19.44410 19.59640 19.86210 19.63780 19.42950 19.43360 19.53100 19.74090 20.01980 20.03450 22.73020
22.77400 25.04810 23.22730 24.20520 25.59710 25.21980 24.24970 22.25130 20.53440 20.23890 20.31470 20.34200 23.01370 24.90800 26.33310 134.34000 134.02699 131.58099 136.17900 134.69000 133.33900 132.78999 132.25301 131.72701 131.50000 131.50000 131.50101 131.50301 131.50500 131.53200 131.57700 131.51401 131.50900 131.50200 131.50101 131.50101 131.51199 131.55400 131.61900 131.96100 131.94099 132.04201 24.97210 24.77410 24.69100 24.82800 25.00220 24.84050 24.56640 24.59260 23.84090 23.75630 23.77330 23.86970 24.81380 23.75580 19.86290 20.21880 20.06440 20.04990 18.66550 18.70260 18.57840 18.51960 18.43330 19.62370 19.72680 20.21940 19.61930 21.05990 21.14710
26.49470 26.43070 23.87350 23.16990 22.76980 25.11490 24.94470 24.79190 23.35550 20.69610 19.27970 19.49920 23.34180 23.14710 23.67170 133.79700 134.64301 134.77600 135.08299 134.87900 134.74600 135.39301 134.42799 132.88100 131.62500 131.50301 131.50000 131.50000 131.50000 131.55000 131.51700 131.50301 131.50400 131.50600 131.50101 131.50301 131.57201 131.56400 131.69000 132.31300 132.80600 132.85201 133.13901 25.29640 25.09580 25.37180 25.55420 25.28380 25.05630 24.77610 24.13870 23.69350 23.77990 24.10600 23.86600 23.09390 20.89320 20.69960 20.43020 23.16860 21.64250 20.82490 20.38360 19.50400 18.50800 18.58760 19.92950 20.83490 21.36290 21.42090 21.38970
25.17750 24.66440 25.86800 26.51880 27.04720 25.57570 25.34190 25.14190 25.37920 25.77130 25.37430 24.45590 25.77430 26.98950 24.29330 134.72900 24.02340 25.88440 133.98399 134.07700 134.17400 134.38600 134.34300 133.14500 131.66499 131.50600 131.52400 131.64500 131.50101 131.54201 131.53600 131.52299 131.52499 131.50400 131.54601 131.56900 131.53200 131.79100 132.52699 133.06000 133.06900 26.59360 27.53160 27.05780 26.05320 26.29610 25.98630 25.54140 25.28010 25.12890 24.72030 24.33520 24.06430 24.25780 24.32140 22.37670 21.44470 21.19490 21.97120 22.23120 21.86170 23.27150 22.89440 22.83910 23.65380 23.62810 23.44510 23.33850 24.34050 22.44820 22.51360
28.14040 -9999 28.79410 29.61400 33.10540 32.51360 -9999 31.51100 28.70370 24.66720 23.22910 25.92310 29.12630 28.18000 28.18160 28.80000 30.43840 27.25210 26.37060 25.93070 134.14500 133.99300 134.56900 134.49600 134.09000 132.73500 24.64610 24.36060 24.62190 132.01300 131.91000 131.78300 131.52100 131.53400 131.53600 131.64900 132.09000 132.02901 131.99400 25.42370 26.23830 25.50060 27.89290 27.68240 26.34930 26.39900 26.04240 25.93810 25.98930 25.99390 25.93740 25.54420 25.31150 24.58890 23.69430 21.51590 21.49650 21.28540 21.26550 21.33620 21.09190 20.85290 20.79530 20.56860 20.46350 20.26680 19.91680 20.68950 21.19680 21.70080 22.07560
