data/hydroclimate-scenarios/BCSD_hadcm_B1/monthly_summaries/soilm2_monthly_day1_oct.2030-2059.asc
ncols	311
nrows	91
xllcenter	102.75
yllcenter	31.75
cellsize	0.5
NODATA_value	-9999
[rows 31 to 61 of 91, columns 0 to 69 of 311]
-9999 -9999 -9999 -9999 -9999 -9999 -9999 -9999 -9999 -9999 -9999 77.83650 84.99950 86.29170 88.35820 88.87800 81.09780 82.79120 86.65850 86.30290 87.12450 94.66530 93.57730 93.98350 93.12610 90.49820 92.35390 90.78750 88.43520 89.32490 88.33420 86.65240 87.10820 85.97040 88.22730 88.86690 87.93400 90.57180 91.90560 89.00850 88.82160 88.05350 118.66400 119.04400 118.76300 119.75100 119.37200 110.79100 94.49660 94.57250 97.25380 98.27630 97.00400 95.93380 95.73320 115.10500 116.10300 116.14200 117.44400 115.23600 113.75500 116.44700 115.60600 114.10200 114.24200 119.70900 115.02800 118.15000 121.43200 128.80800
-9999 -9999 -9999 -9999 -9999 -9999 -9999 -9999 -9999 -9999 -9999 80.80560 82.08420 88.07730 83.10680 85.28510 84.29350 88.86140 86.63670 87.48780 93.71150 92.69400 91.84450 93.05370 119.29600 118.84900 119.63700 122.32800 121.68700 89.70930 90.37940 87.19500 88.66130 88.03880 89.50350 89.03900 90.20600 90.22480 102.59100 102.81800 101.80000 100.17600 102.25700 100.91300 99.79250 101.30900 99.76580 99.51080 98.80290 99.31250 98.13480 97.58520 97.01580 117.59500 117.87400 116.97700 117.44500 116.99700 114.90700 97.19230 97.82420 97.34710 111.96300 116.38500 117.71900 112.33600 114.99700 119.33500 121.22400 125.55000
-9999 -9999 -9999 -9999 -9999 -9999 -9999 -9999 -9999 -9999 -9999 84.63410 85.82490 83.67420 84.34270 84.74510 84.62580 90.38470 90.56780 92.93670 93.91240 94.50250 121.38700 121.36600 122.98700 94.60960 94.59260 95.60110 90.13340 117.28800 118.57900 89.22890 91.12940 86.12710 102.21300 98.53730 118.76900 104.57800 118.37200 121.76300 104.01600 121.20500 105.37600 105.56900 107.57600 106.31700 105.47200 104.18900 102.77900 100.77700 99.66640 97.36180 96.33580 114.07000 96.07220 100.42800 100.67200 99.58870 100.69400 100.37200 99.28460 118.44800 115.38400 95.12890 118.97800 114.78100 116.02600 119.31200 120.09500 123.73000
-9999 -9999 -9999 -9999 -9999 -9999 -9999 -9999 -9999 -9999 -9999 -9999 84.72560 85.83160 85.01790 85.06440 85.69130 93.04310 93.01680 93.88420 121.35500 91.73320 96.22740 95.04030 95.27650 99.01330 96.60230 95.01920 87.25630 86.08000 118.99300 118.69200 119.15000 120.05000 120.33700 119.42500 120.43000 105.18200 118.81300 119.65700 120.04900 120.98900 121.42900 102.88900 103.88700 108.95000 106.21000 105.68900 103.62800 102.01800 98.74320 99.68130 99.30610 98.24060 97.16360 96.09610 96.05260 112.02300 118.48800 119.91100 118.26300 111.39500 111.68900 113.26800 113.21600 121.40000 116.98700 118.66500 123.14400 127.86300
-9999 -9999 -9999 -9999 -9999 -9999 -9999 -9999 -9999 -9999 -9999 -9999 85.58570 85.09420 87.24990 85.87930 85.78660 119.49000 120.65800 92.08590 94.56190 100.40800 98.62220 95.54940 97.24320 91.76120 87.46500 96.21010 88.11460 89.79540 90.70500 121.28500 120.67500 118.23600 121.62000 88.88780 86.60290 89.32160 89.65310 92.63960 122.58100 100.58700 99.11470 111.41800 100.14300 103.88200 104.48900 101.64300 94.85480 98.23520 94.10670 87.68970 84.62480 98.44120 97.15300 112.12000 119.12300 111.49300 81.85920 117.08800 114.67900 84.70790 84.57890 101.87200 117.61000 116.55700 118.57000 118.04000 121.53700 125.91200
-9999 -9999 -9999 -9999 -9999 -9999 -9999 -9999 -9999 -9999 -9999 -9999 85.73280 82.95960 117.18800 117.85700 119.64400 88.83810 93.52040 96.65850 97.55500 103.48400 100.89400 96.37470 96.28970 97.13650 94.84030 91.05190 94.09360 91.14620 88.53980 117.64300 90.95100 93.24140 89.58550 85.23210 87.87320 90.13620 88.52330 95.26040 102.82700 107.32100 105.07600 109.99300 115.12000 118.13500 116.60400 118.28200 115.15700 103.59400 97.78940 94.24770 86.53670 87.29260 87.05570 85.49000 84.07930 88.25500 89.06480 118.23800 86.04300 91.23320 89.97800 85.94340 116.92900 117.10700 118.98600 121.31200 127.14400 129.23801
-9999 -9999 -9999 83.38550 85.87370 84.28280 81.58550 82.49840 83.13310 -9999 85.77550 118.53200 117.86500 81.97430 83.48750 86.01870 88.93230 90.88350 95.38050 97.29020 99.90160 100.51800 98.64170 97.41200 96.23660 97.87370 95.55000 95.55920 93.96500 95.74040 89.34310 88.25190 84.20440 92.99990 88.89980 64.26370 86.13480 89.72640 94.79360 97.16670 101.02800 107.33600 109.72000 113.79400 117.11200 117.77000 126.15000 114.79300 111.65000 111.57000 109.04500 105.34100 102.68200 106.71900 100.89500 104.61200 106.14700 93.75360 97.85120 88.03610 117.96600 94.65220 95.51220 98.90970 94.21120 91.99000 96.36470 107.30000 115.09500 121.80200
-9999 -9999 -9999 84.27890 83.97360 86.81360 85.52500 85.56850 82.88390 114.03900 117.25100 116.21100 87.39080 81.27550 86.81220 88.49930 94.63780 94.56950 98.07920 96.89350 96.33830 99.51230 97.99130 100.37900 101.52500 101.75000 100.75200 96.05780 96.34080 100.00400 69.41540 91.08830 89.66120 92.28740 91.09960 94.33240 91.15660 99.86580 94.23200 105.43900 105.68800 102.75300 110.72900 118.55800 118.71900 126.02400 131.67700 117.16300 120.41200 118.81500 119.51600 117.48300 117.74900 116.26700 104.21100 107.58600 99.31490 97.47160 101.38400 96.60110 96.99320 101.85900 103.63800 103.20400 106.29000 101.24400 103.77000 105.33700 117.27300 123.61300
-9999 -9999 -9999 81.44930 85.22740 85.38390 119.52900 117.67100 116.76500 116.62000 117.58100 118.04200 86.08510 82.91510 83.52470 81.92990 96.15540 95.10280 91.94660 90.70340 94.79700 99.74460 76.62550 100.14000 104.06600 102.56700 102.07100 101.51700 96.93660 104.74700 113.64700 108.31800 96.96630 94.85790 97.90350 97.31870 94.90790 94.32100 95.09960 100.64400 104.26900 106.12700 113.42300 122.65600 118.84100 121.74300 126.49900 122.01400 121.54500 132.72501 135.14999 121.38900 120.09500 115.60400 108.28800 106.07800 99.90350 99.51820 103.83800 102.89200 100.19100 100.50000 100.84600 108.74000 110.00400 113.80300 114.79500 119.45700 124.37600 134.64000
-9999 -9999 -9999 85.72350 82.94940 88.70030 116.64200 119.97900 116.51800 115.00200 116.22100 82.00270 80.17510 83.16960 81.97280 84.62990 91.93240 106.60000 105.73700 95.38980 99.68600 101.22700 114.09900 122.04900 110.03000 106.37600 99.26160 94.29720 109.96200 117.99600 112.85600 91.49100 98.14880 109.71400 110.59000 109.73100 100.76600 96.00870 102.62100 99.36260 102.73600 116.89300 125.00500 126.70500 122.09200 134.02200 137.68900 125.40700 133.14101 130.04201 134.66299 127.67400 123.84700 123.09200 119.11800 109.63800 103.84600 105.91800 109.45100 109.06900 108.31200 110.64400 107.62700 113.13000 116.02400 118.33700 126.11800 130.97301 142.10500 146.60300
-9999 -9999 -9999 82.75730 82.74520 89.69010 118.96200 119.41800 119.53700 117.17100 116.37100 115.10600 81.63910 85.99660 101.14500 102.70800 100.62300 98.44400 93.92450 96.37550 101.22800 104.51300 124.42900 105.05200 102.37700 101.47500 97.05870 93.53690 101.71800 110.91200 109.41900 102.17600 104.52700 101.55100 100.00100 102.03300 103.13700 99.76800 100.20900 103.38800 112.77000 122.14100 127.69600 128.27200 130.34399 133.04401 133.98700 128.77100 127.04100 134.11200 132.44400 121.36400 119.29900 126.28500 117.43500 119.53800 108.94200 107.01900 112.23600 124.07400 123.09500 118.09000 119.40100 124.41700 121.86000 118.21700 126.96000 132.43201 143.16200 143.56100
-9999 -9999 -9999 -9999 119.41100 122.62900 122.25300 123.20500 119.86800 117.17200 118.47600 88.79050 93.84630 90.04600 -9999 -9999 -9999 -9999 -9999 113.85700 123.80800 116.16400 122.51100 118.48300 108.45900 101.57600 97.35860 95.71510 101.21200 98.86970 99.14160 98.36730 99.30900 95.16780 93.32200 90.85670 96.21310 92.41070 97.93140 103.29500 102.77500 111.59300 122.51900 132.81599 134.43700 132.28400 133.41800 136.48300 133.87000 133.89500 131.53200 132.34500 125.55200 132.53500 130.41600 131.80701 131.87601 127.77700 119.31200 122.58700 130.75700 134.33099 132.14000 130.72600 130.75101 131.86600 134.07300 132.12700 127.80500 -9999
-9999 -9999 93.68740 121.18100 122.20500 122.26800 122.22300 125.00300 119.90000 119.24200 119.36900 89.58330 97.45160 -9999 -9999 -9999 -9999 -9999 129.50400 116.87900 120.70100 101.79900 99.70810 108.30600 115.88600 114.14700 102.08200 97.83230 99.52220 100.07800 99.05540 94.47180 93.99070 99.26710 99.12550 96.99530 96.80440 91.79270 96.45260 98.76540 104.71200 112.18600 119.07500 121.58400 121.17500 123.10500 127.51900 125.41400 122.46700 123.00000 122.99500 126.96600 136.18700 130.63600 130.38600 119.95000 122.06600 121.93300 121.48200 119.12500 121.24700 121.71600 125.48900 128.76601 129.12801 130.73900 129.65900 -9999 -9999 -9999
-9999 -9999 122.55000 123.64700 120.76000 120.99900 120.64900 123.69900 119.76700 119.86400 93.61940 96.04440 88.93400 -9999 -9999 -9999 -9999 96.13810 111.04900 97.54670 99.29540 95.36000 98.65420 107.42600 103.75700 95.65460 96.62300 92.54500 96.64290 97.37800 93.24950 98.28100 96.04310 97.60710 100.05000 95.95090 94.43590 92.30080 98.82710 110.68100 114.17200 121.04300 124.43900 123.33500 124.15500 119.69100 121.42200 120.26200 117.95800 119.00400 126.93100 128.23900 128.26300 124.10000 121.25800 108.76700 114.76400 121.99900 127.55600 125.91800 125.42500 131.13400 128.83501 126.24700 124.09500 -9999 -9999 -9999 -9999 -9999
-9999 -9999 123.29000 127.49600 124.74800 124.34900 122.18200 119.30900 119.99300 120.35000 92.76680 90.23910 76.72740 -9999 -9999 -9999 -9999 105.43800 100.25000 98.00880 98.07340 98.61920 99.58340 97.61610 99.23650 98.15380 94.92460 94.19840 95.31380 93.83750 94.43610 93.97370 96.27180 98.12150 97.39410 99.97830 103.14100 104.38800 105.89000 104.51700 113.38800 111.99200 115.82400 127.48400 127.06700 124.23000 123.18100 119.34600 115.09200 114.29600 114.01600 114.25300 113.59900 113.18500 120.62200 110.39900 108.14100 119.99900 123.40100 124.07000 119.28600 119.72400 118.82400 118.66700 122.69000 132.45700 126.71600 126.99000 123.12900 -9999
-9999 -9999 -9999 127.31500 124.80400 122.20100 117.76900 116.39500 94.62960 96.91730 85.36390 78.28110 -9999 -9999 -9999 -9999 95.18720 98.74290 94.04670 92.39320 95.21720 93.87090 95.21680 97.05140 97.34410 97.05700 98.89420 97.17380 98.68220 100.89200 97.06020 96.78780 96.79340 97.94250 99.61460 100.08300 96.00890 96.25840 95.74420 95.78090 103.29900 102.42700 136.79401 137.72501 136.40800 140.83400 128.63000 122.50900 120.87000 115.04400 124.04900 129.43600 127.89600 132.17799 136.65601 133.24200 133.30600 130.26801 132.05400 130.21700 126.36000 124.08400 131.53700 136.76801 130.46001 130.59399 127.59400 120.09600 113.42400 128.31300
-9999 -9999 -9999 -9999 124.38800 119.99500 116.86000 97.21490 99.98520 83.61470 81.17310 -9999 -9999 -9999 -9999 97.09430 92.47210 90.44170 118.96500 91.53990 88.97990 89.95690 92.06080 96.73420 96.14990 96.35860 96.90340 97.50400 98.07940 96.97190 97.15750 95.27650 95.15130 95.66360 102.51900 101.90600 102.48800 101.30400 99.33350 96.12940 97.96810 101.30000 106.55500 111.69400 115.21000 137.81400 139.03300 136.91299 133.74899 120.06800 113.34600 118.83300 124.12800 128.23000 127.75900 121.79500 127.07600 133.62100 137.99600 128.76801 133.89301 131.86200 129.25999 127.77600 128.47301 134.49300 123.13200 113.89700 112.79400 109.82400
-9999 -9999 -9999 -9999 -9999 -9999 103.04100 124.65900 80.80130 90.15710 87.04390 -9999 -9999 -9999 -9999 -9999 89.36620 89.00810 87.53020 89.63550 89.19400 84.73190 89.78270 94.49190 94.13440 92.59790 95.26140 139.36600 138.75400 135.42300 96.26040 96.73070 94.58030 100.10000 99.41200 100.56200 101.98400 101.61100 97.10580 99.01510 99.56020 106.23500 109.07100 105.13200 132.73900 133.88400 133.20900 137.02800 136.92400 134.71500 137.98801 136.34200 129.85699 134.36200 133.87199 131.12700 124.88600 131.50400 135.93500 122.08100 120.79600 124.76600 131.54900 127.99600 126.10400 128.86700 121.99100 103.45000 98.48630 102.66500
-9999 -9999 -9999 -9999 -9999 -9999 -9999 -9999 -9999 -9999 -9999 -9999 -9999 -9999 -9999 -9999 -9999 -9999 -9999 86.99950 86.92050 81.75520 88.78180 90.91040 92.89440 92.74020 118.04800 113.28400 111.94200 86.11220 93.94060 93.09870 95.15820 96.73260 99.33920 101.16300 99.34200 103.87500 102.65400 105.83900 109.77500 112.07200 111.45900 113.80400 112.98600 113.67200 104.95400 134.76801 134.09801 136.47501 137.91299 135.87801 139.70200 139.34000 123.26800 120.42900 113.34300 114.92000 115.18100 117.71900 131.53900 136.05200 122.92900 123.89300 121.77200 127.42800 118.22100 100.06800 97.26780 109.69600
-9999 -9999 -9999 -9999 -9999 -9999 -9999 -9999 -9999 -9999 -9999 -9999 -9999 -9999 -9999 -9999 -9999 -9999 90.54790 87.57970 84.93390 84.57030 86.94010 88.17730 84.91230 82.83930 113.38900 114.33900 85.69380 87.12730 89.06660 93.34530 96.62990 96.96480 97.55810 124.20100 103.18300 102.62800 104.06400 106.54800 109.91000 113.07900 114.61000 113.82500 114.83500 132.76100 109.56100 445.55600 598.98798 630.63702 636.92902 135.11900 134.88100 138.06500 140.99300 139.53000 118.22000 118.75000 129.94400 120.65000 132.16600 134.91701 124.57100 125.10000 138.50600 125.56000 112.31600 107.99700 127.56900 104.27400
-9999 -9999 -9999 -9999 -9999 -9999 -9999 -9999 -9999 -9999 -9999 -9999 -9999 -9999 -9999 -9999 -9999 92.52370 91.77200 85.46260 86.82230 86.21940 82.49540 81.22450 77.53650 78.20480 116.43400 110.80900 114.51800 114.99000 116.84100 116.05600 93.99130 116.03900 119.76900 127.37100 129.66499 103.79500 103.56500 107.51700 109.12200 129.47800 113.94400 129.89700 104.68100 104.36600 130.69800 611.31000 597.09601 615.31299 620.53900 136.43500 130.95100 137.11200 139.01700 144.93800 117.74900 118.19000 119.76900 119.02400 122.30800 132.82100 129.27699 133.53200 117.05400 116.41300 116.13500 107.10600 128.73500 129.77901
-9999 -9999 -9999 -9999 -9999 -9999 -9999 -9999 -9999 -9999 -9999 -9999 -9999 -9999 -9999 -9999 -9999 93.12840 91.01080 92.53520 89.82320 116.42800 112.10800 75.21610 74.29810 79.10180 76.87950 75.92960 74.88960 111.40000 115.21300 116.77600 117.71900 115.18400 120.09700 125.62900 130.28400 93.70990 99.55910 105.57500 103.23200 102.11200 126.98000 94.82040 122.13600 123.58900 122.61800 440.57999 439.85999 596.79700 619.56201 131.73599 134.09500 137.61600 137.89101 147.08200 134.96201 125.60100 120.58100 121.87300 119.87300 121.27600 120.95400 118.62400 120.58500 118.74000 116.69100 123.27200 131.07100 133.12801
-9999 -9999 -9999 -9999 -9999 -9999 -9999 -9999 -9999 -9999 -9999 -9999 -9999 -9999 -9999 -9999 96.03370 96.15410 94.17330 90.67690 112.70700 76.54190 76.44060 76.64290 75.63720 77.35030 76.70030 75.57820 74.93460 74.33680 74.62900 74.86760 109.75700 113.65300 115.24200 118.32700 117.58100 119.98000 94.37790 97.22160 93.12680 99.37190 128.90900 120.08800 90.45340 120.21500 122.40300 451.70401 441.27802 590.77600 613.34998 132.22400 134.86501 135.78101 134.99001 145.83099 148.09801 138.47000 136.65100 120.73300 118.73200 124.33000 128.96100 141.99600 143.38499 145.53000 138.25200 139.11501 135.34000 134.68800
-9999 -9999 -9999 -9999 -9999 -9999 -9999 -9999 -9999 -9999 -9999 -9999 -9999 93.95180 93.87180 92.28430 92.16880 95.61510 118.03600 111.30100 77.06290 78.17490 76.14920 78.54310 78.11800 76.94730 76.52590 363.60699 363.06699 362.57901 544.46698 551.68597 360.77301 359.26599 550.81897 552.89301 564.42999 558.67102 416.92801 423.22198 421.93201 587.25897 580.20801 401.23300 582.28601 586.48199 598.89001 606.32703 617.04401 623.53302 625.96698 622.05200 615.41901 612.23401 632.42700 665.80103 667.06702 656.46198 588.10999 603.65198 627.44299 711.23297 727.17200 756.94702 732.90100 713.43201 693.42999 136.77000 136.23599 140.96100
-9999 -9999 -9999 -9999 -9999 -9999 -9999 -9999 -9999 -9999 -9999 -9999 89.36750 90.91200 118.08900 117.12400 116.68300 80.01440 78.42920 75.04260 75.09410 73.12310 72.20860 76.09810 74.86750 73.64210 73.30380 361.58801 539.20898 542.61298 537.13098 543.17297 546.54901 537.86499 550.15503 548.68701 367.72699 378.69800 410.58701 413.69699 409.40201 406.53799 580.09399 575.98401 576.51099 585.87402 596.38800 603.66400 619.32001 628.93298 626.90198 472.57700 624.75598 477.21301 613.76202 623.60602 658.55798 620.56702 622.04901 699.67499 701.93903 714.98297 724.21600 737.12402 741.15802 726.47699 729.57098 137.35300 142.11700 132.98599
-9999 -9999 -9999 -9999 -9999 -9999 -9999 -9999 -9999 -9999 -9999 118.80600 84.27110 114.63700 79.01040 76.32220 75.17240 73.72660 74.19320 72.86860 72.19470 71.10180 70.95430 71.97060 71.86500 72.00760 111.62500 534.96698 538.84100 541.42700 537.40002 361.15100 362.05801 365.29199 356.18900 549.18903 384.20999 397.85901 405.39801 404.39200 398.34601 576.36700 569.31702 567.29797 572.76703 581.38202 589.40100 600.40802 608.10400 626.34198 648.70599 538.48602 516.72601 648.34900 533.78101 504.27301 644.30499 545.15002 562.71698 653.90198 677.02100 667.21198 665.31702 666.34698 700.29797 706.07300 694.15900 142.80901 132.08099 126.26700
-9999 -9999 -9999 -9999 -9999 -9999 -9999 -9999 -9999 -9999 78.50180 79.40920 75.90050 76.28430 74.75750 72.94040 72.64710 72.48820 72.59290 71.55460 70.92260 70.53790 70.44330 70.86670 70.73260 71.12590 71.24200 539.89301 537.70398 348.73199 348.62000 361.53799 360.19501 546.20398 547.90997 546.66602 389.55301 398.50699 417.24799 401.25400 574.35101 563.73102 561.90900 565.28003 571.49103 586.27100 589.37598 602.14600 610.13098 629.40100 650.08002 558.31799 657.26898 546.49597 533.14001 511.26199 653.87598 668.70697 635.60303 636.59198 648.74597 658.61401 657.87903 673.57703 684.40900 700.21698 722.68597 141.78101 132.56400 124.24400
-9999 -9999 -9999 -9999 -9999 -9999 -9999 -9999 -9999 144.67101 143.84500 142.72900 143.43201 143.95599 142.82201 142.18401 142.03000 142.46100 141.55800 140.94099 140.87399 140.77100 140.93700 140.69099 140.19800 139.90300 140.00999 141.88300 141.19800 140.60001 140.67799 351.01300 362.19699 365.48801 551.96503 561.26801 417.19199 415.12500 406.94601 564.32501 558.87598 554.48401 555.39899 727.56299 567.67499 744.42700 588.27600 601.87097 616.89203 630.35400 651.53900 662.46301 559.67297 688.24701 627.21698 638.90198 625.05402 615.52301 613.87000 621.88898 638.18500 656.95203 647.10303 669.38702 653.45099 663.99298 696.17902 279.85699 250.88300 248.60001
-9999 -9999 -9999 -9999 -9999 -9999 -9999 -9999 -9999 -9999 142.36700 140.31000 140.41800 140.79300 139.99699 140.41800 140.66701 141.15199 140.84300 140.97501 141.07800 140.27200 140.59599 -9999 -9999 -9999 -9999 -9999 -9999 145.40100 146.06100 360.69299 361.16199 363.98901 362.29401 561.42798 576.59399 402.22101 395.97198 554.91400 557.09302 555.88397 566.88202 733.71198 730.52802 738.47998 744.60602 595.85498 622.76300 635.49799 640.99103 509.18701 547.30298 601.57300 688.78601 624.64301 608.72803 611.64203 608.68201 617.88501 636.58099 625.58801 535.34100 642.51801 686.25403 689.24902 691.49701 267.37701 263.52399 275.09201
-9999 -9999 -9999 -9999 -9999 -9999 -9999 -9999 -9999 -9999 -9999 -9999 140.09399 140.53200 140.52699 139.16000 139.32800 139.98900 140.17101 -9999 -9999 -9999 -9999 -9999 -9999 -9999 -9999 -9999 -9999 -9999 -9999 -9999 -9999 363.28400 540.31000 552.83398 568.22699 555.93298 376.68301 376.60699 558.15997 554.04303 560.23297 567.73102 572.82898 733.33002 741.96997 584.37500 601.00403 613.77502 627.67401 659.32898 664.66400 656.77197 642.52502 613.86298 618.04498 596.50800 430.73599 613.16101 637.72101 628.97198 655.28601 636.96301 668.02002 680.65100 643.60602 241.72400 251.53799 272.33801
-9999 -9999 -9999 -9999 -9999 -9999 -9999 -9999 -9999 -9999 -9999 -9999 -9999 -9999 -9999 -9999 -9999 -9999 -9999 -9999 -9999 -9999 -9999 -9999 -9999 -9999 -9999 -9999 -9999 -9999 -9999 -9999 -9999 -9999 546.23297 550.96100 551.63599 554.29498 365.48700 551.82501 552.74402 554.58301 719.10303 571.82397 738.48199 738.38000 600.86603 576.74500 593.94598 601.58197 613.95898 647.37598 651.29602 640.86902 630.46002 608.15198 592.37598 623.36700 596.58600 596.50201 615.18201 633.94501 618.24402 637.57599 657.47400 649.41400 679.78699 252.23700 265.41699 289.05399
