data/hydroclimate-scenarios/BCSD_hadcm_B1/monthly_summaries/soilm2_monthly_day1_nov.2070-2099.asc
ncols	311
nrows	91
xllcenter	102.75
yllcenter	31.75
cellsize	0.5
NODATA_value	-9999
[rows 31 to 61 of 91, columns 0 to 69 of 311]
-9999 -9999 -9999 -9999 -9999 -9999 -9999 -9999 -9999 -9999 -9999 87.20580 96.34740 97.09670 100.98700 106.04200 94.41470 95.20320 101.05100 98.04860 102.25300 111.90900 111.29900 107.82700 106.48000 102.78800 104.17900 102.17700 99.76260 101.13600 98.83380 95.24450 95.88130 95.69420 98.50390 96.43320 95.92830 101.61700 102.68600 101.39000 101.75400 100.18700 126.46900 128.85600 128.69000 127.99700 128.26199 116.45600 104.05300 101.92100 106.59200 108.89900 106.60600 104.84300 105.03500 125.31000 126.24500 124.83700 126.74200 121.58800 118.85500 124.01200 122.93500 119.92600 120.50800 127.30700 122.92100 127.65300 128.43900 132.05200
-9999 -9999 -9999 -9999 -9999 -9999 -9999 -9999 -9999 -9999 -9999 91.45210 92.93330 102.23400 96.56320 100.79400 99.23870 103.57800 102.28900 103.80900 110.84000 109.26000 109.63100 109.79300 130.43600 129.66701 129.32100 130.94701 130.03999 99.92120 99.13950 96.53900 98.37410 100.29700 100.77800 97.41880 99.66220 101.60500 112.37100 114.61200 112.37200 109.69900 113.89800 113.60800 112.02000 112.28500 110.90800 111.22500 110.94000 111.82200 110.04000 109.79900 108.37300 125.77500 126.58400 126.52200 126.93600 126.42500 123.10000 107.61700 109.32700 109.43600 121.13000 126.02800 128.36301 123.70200 127.22200 131.12100 130.73199 131.68900
-9999 -9999 -9999 -9999 -9999 -9999 -9999 -9999 -9999 -9999 -9999 97.35040 98.20630 96.30120 95.45440 99.74500 99.39820 106.74700 107.75200 111.34600 112.11400 111.59900 132.73199 132.47301 132.16000 107.63900 106.30400 106.32900 100.45800 123.10400 123.95400 98.15520 99.84500 96.38780 110.10100 102.85000 123.93900 113.43100 124.49700 127.90700 114.27700 128.32600 117.00100 118.85400 121.08800 117.79600 117.15300 117.30900 115.66500 113.23900 111.74700 110.27100 108.45600 122.06700 106.32300 112.91400 112.83500 110.43100 113.21400 114.70200 113.09000 131.65700 129.52299 107.84900 132.14500 129.25999 129.49699 132.27499 131.64101 132.10899
-9999 -9999 -9999 -9999 -9999 -9999 -9999 -9999 -9999 -9999 -9999 -9999 100.83400 101.20900 100.31900 101.00300 101.68300 109.57800 110.14300 113.28500 133.99001 107.59700 109.78000 108.72700 106.70200 105.95000 104.44900 102.24900 95.31230 95.16950 125.22600 125.84900 125.81000 126.34400 125.87700 126.42500 127.92700 115.47300 125.28900 124.29500 125.44800 128.72301 129.72800 116.04700 118.89100 121.74700 119.61400 119.80800 117.84000 116.81600 112.56800 112.77600 112.10000 108.17800 104.99900 105.08300 105.30300 120.83800 130.04601 129.66100 128.74600 120.01700 120.64400 127.36100 127.31400 135.86000 132.63300 133.45200 133.59000 135.30800
-9999 -9999 -9999 -9999 -9999 -9999 -9999 -9999 -9999 -9999 -9999 -9999 101.23800 99.47740 102.99400 101.72800 102.81900 130.71500 132.07001 109.44900 111.67500 111.76800 108.17300 104.35600 102.90400 98.37500 94.24170 102.30300 95.49290 98.57210 99.95180 125.68400 126.87800 123.88500 127.80500 100.65500 96.88620 100.95300 102.96400 102.39400 127.94200 113.99900 113.25400 125.55800 119.18400 120.83500 122.02600 118.89400 111.84600 114.91600 110.46800 102.57600 98.50480 108.23000 106.46900 120.13100 129.95700 120.78500 98.45290 128.79601 126.01300 99.90700 99.74580 118.30600 131.68100 132.16600 133.57899 133.32100 134.82800 137.39799
-9999 -9999 -9999 -9999 -9999 -9999 -9999 -9999 -9999 -9999 -9999 -9999 101.13800 100.86500 130.39700 128.40300 130.76500 104.72100 109.84200 111.51700 111.82400 113.20400 109.92500 103.02300 102.80900 101.62300 100.88900 100.63800 103.08800 101.11200 98.42570 123.35700 100.85400 101.00300 98.29610 94.86640 98.49240 101.70300 100.57500 107.06500 113.72300 117.76700 117.40300 123.16800 128.73500 127.15200 129.52499 127.79100 125.64400 117.63800 111.68700 112.32000 103.40200 104.11000 104.41100 103.02300 100.98000 105.18600 106.70600 129.04100 103.97400 107.70800 107.15400 105.84000 129.23199 132.00301 134.66499 136.05099 137.92900 137.94400
-9999 -9999 -9999 94.94930 98.09250 93.26440 90.98040 91.92930 92.48130 -9999 98.59270 128.75900 128.64301 98.03740 100.34500 100.10500 103.00800 105.52400 108.83600 108.72300 112.77200 111.46700 107.32400 106.98700 104.38400 105.41100 103.64400 103.98600 101.56400 100.57100 98.24250 97.18120 90.53800 96.42400 93.71870 70.90090 93.56850 98.93930 106.49000 108.34300 112.43700 117.69500 121.26300 124.49200 126.49700 125.41500 130.92700 119.93100 121.04900 121.81800 116.12800 114.02700 112.59100 117.10500 113.11800 114.04300 114.90600 106.15800 108.71200 102.99700 128.46700 110.74900 110.17100 118.54500 114.24200 117.00100 121.65300 128.39700 134.93201 135.44501
-9999 -9999 -9999 97.29630 96.51030 96.97730 94.77470 96.80120 93.74190 122.36200 127.50500 126.08900 101.46500 92.78770 97.66370 98.58640 103.77900 104.14300 107.03800 105.79900 105.43800 106.71700 107.09300 109.74600 108.19400 109.90300 107.88800 102.21700 101.53300 102.24600 75.87720 97.06810 96.25240 96.00270 94.77540 96.58560 93.95920 104.00800 101.86700 112.04300 112.58600 113.53000 123.55900 125.36200 122.91200 125.93500 132.16800 124.79400 122.08500 118.12400 118.97000 122.80000 123.35600 122.91400 115.67900 113.97000 107.49700 108.19600 111.40100 108.23100 110.77100 118.52400 119.61500 120.44700 126.45500 121.17500 124.10300 130.41600 138.11700 136.65199
-9999 -9999 -9999 92.98060 97.61210 93.98040 126.66200 126.04500 125.86700 126.55200 127.65500 127.28400 97.01620 89.98610 89.29740 87.90130 103.38300 102.37000 99.72020 97.36110 101.21400 104.42400 82.44880 103.67900 105.99200 107.92300 108.65900 107.60000 102.16900 106.20600 112.94500 110.89600 101.86800 97.97650 99.54300 98.05430 97.59770 99.10760 100.17300 105.40100 108.86000 113.40500 123.44100 128.67400 126.67300 125.97200 129.01700 120.26600 119.65100 131.85300 132.93300 125.24200 124.57700 122.25300 117.33200 112.25400 107.77900 112.01900 114.23300 114.35000 113.17200 116.11500 123.22400 128.08099 130.44299 131.87801 132.91600 136.22400 128.57500 136.53000
-9999 -9999 -9999 99.49550 96.58680 101.26800 126.30900 128.44400 123.72400 121.87300 124.07300 92.55680 86.43820 91.07140 88.61890 92.14930 98.11480 111.67400 111.66600 101.70500 103.61900 102.30200 113.26600 121.16400 111.47200 108.87100 103.96300 100.39100 111.35700 115.73300 112.49100 98.74950 103.32200 110.54500 111.71300 109.48100 103.04000 99.97170 105.77200 105.58600 107.87900 117.45200 122.79200 126.28500 127.10200 133.90601 134.48500 128.34599 132.29700 129.10500 130.98900 128.33701 125.17100 119.74500 120.33000 114.41100 111.32900 110.40100 113.75500 113.08100 110.29900 122.35600 123.67500 130.47800 130.23801 127.56000 136.86200 142.56000 144.13400 143.85699
-9999 -9999 -9999 94.30300 95.34360 100.93600 126.96100 126.49000 125.73400 124.03100 124.32300 121.23500 87.69030 92.15070 106.46300 107.26100 102.62600 101.88200 99.61330 103.08500 105.46900 106.45100 124.98000 107.69400 104.79500 105.87300 103.83700 100.75000 104.96700 111.25500 109.73600 106.24800 107.98100 103.51600 101.64700 102.47900 103.75600 101.93600 103.38300 108.80900 116.15200 122.81600 125.98000 127.11400 129.69400 131.10400 131.77200 129.34300 125.22200 130.97501 128.60699 122.47900 118.74000 120.60400 116.68500 118.04700 114.93300 112.24500 116.90700 126.00100 126.63100 128.21201 133.35500 130.75600 128.27200 126.53900 134.60800 136.39799 145.30701 149.65500
-9999 -9999 -9999 -9999 126.72000 127.72300 127.88500 129.81400 125.94100 123.34200 126.33300 98.65100 96.05300 95.93780 -9999 -9999 -9999 -9999 -9999 115.26000 124.16300 117.88100 121.83300 117.27400 109.48200 104.18700 102.02600 101.77800 106.21900 101.82300 100.47900 100.77300 101.03700 96.86220 96.71690 92.78210 97.79970 96.05770 101.73000 103.14200 102.29100 112.21100 120.90000 127.27900 128.89500 130.14700 131.19099 133.07500 131.99200 133.21600 129.80099 131.34300 127.74000 130.23900 128.81000 127.86300 127.56700 128.60600 120.77500 121.46300 130.42101 134.34500 133.70000 139.12900 141.09000 138.62700 144.61900 147.59599 153.42799 -9999
-9999 -9999 106.42900 128.55800 129.47800 127.71600 127.94700 130.18201 126.16900 125.56600 126.85600 98.19730 98.12360 -9999 -9999 -9999 -9999 -9999 128.22501 118.56900 121.88500 106.04200 103.79600 110.40800 117.00000 115.42100 106.65100 104.30100 105.53800 104.13700 100.86700 97.98450 97.66630 101.66300 102.09000 98.98360 97.91320 94.27350 98.59460 96.76150 101.98400 110.96300 117.10600 117.52000 117.00100 121.10400 125.12900 123.95100 122.79300 124.35300 123.85300 128.67999 136.91499 131.92300 130.50600 121.38100 122.48600 122.73400 123.31900 121.76300 124.54100 127.80000 133.63901 139.72200 141.92000 143.28600 144.82001 -9999 -9999 -9999
-9999 -9999 131.67200 131.08900 127.77600 126.77600 126.81600 129.84900 126.11200 127.64000 104.73000 104.28700 94.95760 -9999 -9999 -9999 -9999 101.03000 112.89600 102.80200 104.75000 101.09200 104.34400 112.62500 110.32600 100.47800 100.70500 97.21690 102.06600 103.24400 97.77300 99.07950 97.54070 100.36800 102.34800 97.65020 95.52110 93.85160 99.55520 108.93200 114.14500 117.16500 120.08900 121.79900 121.33200 116.91100 119.88700 117.78200 117.85000 120.90600 130.64500 131.03700 132.57700 127.92400 126.46300 115.77800 121.33700 123.49500 128.96001 130.68100 133.44800 138.81300 141.42000 143.76700 142.50999 -9999 -9999 -9999 -9999 -9999
-9999 -9999 132.58501 134.22800 131.35600 130.21899 127.94000 125.80500 126.32400 127.42700 101.36700 96.17100 78.91450 -9999 -9999 -9999 -9999 109.55000 104.00300 104.99500 104.78000 106.35100 107.81600 104.52400 106.06300 103.25900 99.30470 100.45900 101.09700 99.46850 99.45690 95.95650 97.72320 100.51500 100.53800 102.16300 105.06900 107.82300 108.19300 105.14100 114.35400 109.90500 113.40700 127.58400 127.08300 121.58600 121.34100 117.33000 115.06600 116.34900 119.66300 118.35200 119.37000 118.04500 125.42800 118.99100 119.20500 126.94300 132.38800 135.68600 137.19501 140.44000 143.31100 130.84500 130.87000 146.02000 148.45200 147.43700 147.97800 -9999
-9999 -9999 -9999 135.02699 131.29700 128.79500 123.91000 122.10200 104.38600 107.36100 93.93950 81.29100 -9999 -9999 -9999 -9999 101.29000 104.34700 100.60500 98.60030 102.66200 100.46100 101.54900 100.92400 101.34900 98.95570 100.93400 101.55000 103.58700 106.24200 101.92300 101.84800 101.80600 102.35500 102.67300 102.00400 98.97810 101.00300 100.67900 99.83800 107.72900 109.08300 139.38901 135.78900 134.76801 138.57100 130.10899 124.69700 123.09200 118.53400 128.04401 136.52000 135.21700 138.52699 141.05800 139.34000 141.03700 136.65500 141.33099 141.84500 141.77499 144.30701 146.07401 136.71899 125.04800 140.62601 150.95100 148.59700 144.97000 147.96600
-9999 -9999 -9999 -9999 131.39799 126.02700 122.46600 105.66800 108.75000 90.33060 85.56290 -9999 -9999 -9999 -9999 105.88100 100.67300 97.54410 124.14800 99.22730 95.98160 96.90640 98.97020 101.64600 100.63200 98.80860 98.38540 101.78000 101.70400 102.72600 102.25100 99.56710 98.76830 99.61900 105.34600 105.82300 107.04700 106.71300 104.70200 100.23400 102.01400 108.09600 114.02400 115.41900 119.23200 138.04900 140.65401 137.72701 134.98300 125.62400 120.07100 130.03200 134.97900 136.90300 138.89101 134.80800 139.02800 141.65900 146.14400 141.62399 144.02499 139.24200 135.69901 132.79800 130.52800 146.50301 145.58701 143.17999 143.19299 144.64700
-9999 -9999 -9999 -9999 -9999 -9999 112.29300 131.25500 81.60150 96.38240 94.67300 -9999 -9999 -9999 -9999 -9999 96.34240 95.38430 93.60730 95.67770 94.97330 86.71850 92.58860 98.56230 98.01260 95.34660 99.48950 144.41100 143.81300 137.71700 101.53400 99.87030 98.03220 104.24700 103.36800 102.54900 107.56800 107.05100 102.48000 106.04200 106.59900 115.19300 117.85700 111.42800 134.17400 134.15500 133.72501 137.69701 138.18800 135.25200 141.70799 141.82201 134.91100 143.15100 141.12300 139.95599 139.07800 141.85899 143.42900 125.90500 123.25800 128.37399 133.77901 126.78600 124.57700 133.41800 145.38699 143.06400 140.17799 138.45200
-9999 -9999 -9999 -9999 -9999 -9999 -9999 -9999 -9999 -9999 -9999 -9999 -9999 -9999 -9999 -9999 -9999 -9999 -9999 92.66850 92.80480 82.68950 91.47380 94.18990 97.00390 97.12980 119.95200 115.98500 114.20700 90.31910 99.49160 97.62530 100.25300 103.62900 103.75500 104.93100 104.91100 109.90100 108.56700 113.19200 117.46700 121.87800 121.10700 119.69800 119.68200 118.77700 111.30800 135.05499 135.28900 140.88499 144.37900 142.05299 145.22501 147.55701 136.47200 134.27299 120.43900 125.32600 122.10900 121.02600 132.86600 141.65900 123.58900 121.86600 119.57000 136.75200 141.67799 138.85201 138.02800 145.17599
-9999 -9999 -9999 -9999 -9999 -9999 -9999 -9999 -9999 -9999 -9999 -9999 -9999 -9999 -9999 -9999 -9999 -9999 96.10740 93.10300 90.00510 88.81650 91.54030 91.89070 88.79340 86.78740 115.88100 117.24300 90.03000 92.05310 94.42970 97.68960 100.25700 100.54700 101.61500 126.25300 108.00800 109.11500 110.99700 114.31100 117.17800 119.57100 120.94800 123.57500 124.15700 135.39700 116.77100 463.39001 615.70300 650.40503 661.24597 143.30200 145.22400 148.67400 149.36600 145.37300 124.96400 122.78100 135.58701 127.37700 143.81400 146.66800 129.17400 127.21200 143.00800 135.58600 127.14800 138.29300 145.44901 141.71001
-9999 -9999 -9999 -9999 -9999 -9999 -9999 -9999 -9999 -9999 -9999 -9999 -9999 -9999 -9999 -9999 -9999 98.21550 97.88700 90.85080 92.39070 90.35140 86.15540 85.06340 81.41160 83.10300 120.11000 112.81700 117.77000 118.95800 120.85800 119.22900 99.62400 118.31300 122.72200 130.42700 131.85300 111.87700 110.90000 115.48200 116.30700 132.11000 120.55300 133.88699 115.74300 111.67500 134.35899 628.94098 618.18597 638.41101 645.94000 149.10800 144.48399 149.64101 149.57401 155.25000 123.83600 120.86600 121.66200 122.57600 131.38499 142.33600 131.79500 134.53101 120.06800 122.99600 127.49500 123.73300 146.18401 151.16800
-9999 -9999 -9999 -9999 -9999 -9999 -9999 -9999 -9999 -9999 -9999 -9999 -9999 -9999 -9999 -9999 -9999 100.39800 97.52170 98.34660 95.86820 118.89400 114.25500 77.40270 76.44950 81.30480 79.94360 80.59030 78.75610 114.43100 119.88900 118.42600 119.44100 116.95200 122.67700 128.31200 133.20100 102.58600 108.63200 111.48700 109.35500 106.81900 128.36600 105.38700 129.93100 132.58099 129.23801 471.20901 474.29099 624.58801 652.37000 145.25800 147.50600 147.97701 145.45500 157.14799 136.78700 126.54000 122.34400 128.44701 123.53400 123.17600 123.48900 120.92400 121.82400 124.70800 126.05800 135.71001 147.83600 160.91200
-9999 -9999 -9999 -9999 -9999 -9999 -9999 -9999 -9999 -9999 -9999 -9999 -9999 -9999 -9999 -9999 103.04100 103.34500 100.24400 96.13810 114.48500 79.33010 78.32620 77.32770 75.39870 77.98850 78.36740 78.90990 77.90410 78.69170 79.10220 75.86420 110.13000 115.28200 117.76400 122.39700 121.11300 125.68700 104.26200 103.59400 98.49970 104.13200 130.63600 125.13500 101.28100 126.10300 127.66600 485.89099 478.32101 619.62402 650.42401 145.62601 148.33600 147.59700 144.19800 156.21899 157.60800 138.88901 141.90700 127.10300 125.26200 128.58200 132.65500 143.52600 147.70500 152.74200 147.79401 148.98000 148.18600 158.21001
-9999 -9999 -9999 -9999 -9999 -9999 -9999 -9999 -9999 -9999 -9999 -9999 -9999 98.43760 98.32720 96.83600 96.90730 101.44400 120.15200 113.07300 79.49480 80.90520 78.80040 79.60740 79.44590 76.30730 75.97360 368.30099 367.45999 365.95801 549.41602 556.47699 365.11801 363.75000 556.54602 562.77502 574.83502 571.28998 431.51501 436.53500 433.55200 594.45203 585.90503 414.41199 597.01099 602.39203 616.04700 626.76099 639.75598 640.95599 649.26398 659.32501 658.40198 660.71899 679.48999 699.21698 699.86200 689.76001 641.34003 649.73798 678.46002 744.91498 764.40900 786.54999 765.55902 757.62903 747.14099 147.50400 146.89700 156.05299
-9999 -9999 -9999 -9999 -9999 -9999 -9999 -9999 -9999 -9999 -9999 -9999 91.37440 95.00950 121.12800 119.02900 118.57000 83.81670 81.60200 77.00710 77.46340 76.47800 75.07040 77.61530 76.60740 73.58080 73.37930 364.40302 543.32300 546.32703 538.86200 544.75201 549.87500 539.65198 555.20300 558.30402 380.59299 393.31100 423.72101 425.38699 419.25400 413.72699 585.13000 588.10901 592.94897 601.58801 615.26599 622.15802 639.26001 644.20203 646.71002 521.68402 660.29199 538.57898 653.13702 660.00098 690.87201 678.56403 673.14600 732.47498 735.52301 748.86298 761.30701 769.60498 770.84998 774.11200 775.34399 146.30701 149.89600 145.89200
-9999 -9999 -9999 -9999 -9999 -9999 -9999 -9999 -9999 -9999 -9999 121.19200 89.53160 116.96800 83.35640 79.61160 78.28890 78.48290 78.90730 77.04250 76.43390 74.87700 74.48100 74.27120 74.11240 73.47750 113.56200 537.16498 543.02100 545.64697 539.99103 363.38300 365.93399 368.75699 361.99701 557.17102 393.96201 408.69400 413.80801 411.14301 403.99301 582.84100 575.29199 580.04700 587.31201 594.59998 605.71198 613.58398 624.48199 640.24902 665.47803 565.46100 554.62500 672.51801 587.39899 573.88300 679.53302 610.61700 625.53900 692.82098 721.09601 708.76001 714.83899 719.83197 746.85400 755.44501 740.81201 151.64101 143.27600 134.15100
-9999 -9999 -9999 -9999 -9999 -9999 -9999 -9999 -9999 -9999 83.58030 83.94040 79.20750 80.11680 77.55340 76.25610 75.40370 75.51570 75.91130 74.58280 73.49660 73.32780 73.03190 72.78700 72.43230 72.23850 72.31600 544.95398 541.13599 351.14401 351.24200 364.16400 364.49399 552.81702 554.62903 554.11700 399.91400 407.18100 424.92599 406.11301 576.95697 568.57300 565.99902 574.64801 581.19501 594.85999 599.33301 610.63702 622.01202 642.01300 661.48798 575.56702 673.98297 579.90698 576.31299 567.33600 683.74799 702.87500 676.19202 680.05402 691.09900 700.11700 708.04498 719.61798 729.26501 738.54303 773.82098 149.53300 138.29401 127.81400
-9999 -9999 -9999 -9999 -9999 -9999 -9999 -9999 -9999 150.88499 149.51700 150.93700 151.83000 152.28101 150.69901 146.69600 146.40700 145.52901 144.13600 145.13800 144.87900 145.29601 145.66600 145.23500 144.65601 144.50900 145.09100 145.43800 144.67400 142.97701 142.93800 353.42599 365.26901 372.69601 563.38397 571.93500 429.08499 422.50400 412.39801 572.78802 564.04602 558.49402 562.91199 733.48901 575.61700 752.96997 597.43701 613.08502 632.06500 642.43201 665.37500 676.08600 577.75000 700.25098 640.29498 671.83197 665.17200 658.57800 658.90802 674.95001 686.16901 710.68402 701.59399 713.89301 697.44702 706.07397 728.87201 283.27200 251.36099 246.09200
-9999 -9999 -9999 -9999 -9999 -9999 -9999 -9999 -9999 -9999 146.48300 146.24100 146.48801 146.65300 144.69600 142.96700 143.32300 142.71400 142.25800 144.43500 144.45599 143.57500 143.99600 -9999 -9999 -9999 -9999 -9999 -9999 147.68100 148.94299 362.87000 364.29901 371.44299 375.43701 572.19098 585.77100 407.46500 399.17401 560.92499 560.83301 561.32703 572.96100 738.91302 734.57501 745.54797 753.29700 604.73297 633.31097 642.92401 650.78003 524.42102 563.77802 611.74103 703.69397 655.18201 647.69897 651.87903 651.14001 661.38397 684.68298 677.84003 607.49597 692.79401 719.36700 723.24500 709.40900 268.19000 261.79901 270.97198
-9999 -9999 -9999 -9999 -9999 -9999 -9999 -9999 -9999 -9999 -9999 -9999 143.55000 143.51401 143.29700 140.73500 141.19501 140.81200 140.99699 -9999 -9999 -9999 -9999 -9999 -9999 -9999 -9999 -9999 -9999 -9999 -9999 -9999 -9999 371.20801 549.32599 562.12201 576.73499 562.64801 382.48499 381.64499 562.29401 562.56500 568.14600 577.57001 585.17798 741.13202 754.25800 596.26599 615.30798 623.38300 637.94098 671.10797 680.44501 675.28900 670.84601 643.56702 649.88599 628.68597 478.86301 651.04303 679.15100 670.36298 690.84698 682.40399 701.52002 708.20599 653.78601 242.23599 251.86000 270.71100
-9999 -9999 -9999 -9999 -9999 -9999 -9999 -9999 -9999 -9999 -9999 -9999 -9999 -9999 -9999 -9999 -9999 -9999 -9999 -9999 -9999 -9999 -9999 -9999 -9999 -9999 -9999 -9999 -9999 -9999 -9999 -9999 -9999 -9999 557.63501 557.84601 556.62500 558.72302 369.24200 555.79700 555.45898 562.08002 723.50000 581.26898 747.11200 746.69501 618.52100 587.14697 608.61401 613.28900 625.75500 659.78998 668.21503 661.53101 658.70697 638.36499 621.78699 653.66199 631.12299 640.01001 659.23798 675.56897 663.60602 681.34198 691.93103 667.98901 689.65997 252.54500 264.69901 287.68600
