data/hydroclimate-scenarios/BCSD_hadcm_B1/monthly_summaries/soilm3_monthly_day1_apr.2030-2059.asc
ncols	311
nrows	91
xllcenter	102.75
yllcenter	31.75
cellsize	0.5
NODATA_value	-9999
[rows 0 to 31 of 91, columns 0 to 70 of 311]
-9999 -9999 -9999 -9999 -9999 -9999 -9999 -9999 -9999 -9999 -9999 -9999 -9999 -9999 -9999 -9999 -9999 -9999 -9999 -9999 -9999 -9999 -9999 -9999 -9999 -9999 -9999 -9999 -9999 -9999 -9999 -9999 -9999 -9999 -9999 -9999 -9999 -9999 -9999 -9999 -9999 -9999 -9999 -9999 -9999 -9999 -9999 -9999 -9999 -9999 -9999 -9999 -9999 -9999 -9999 -9999 -9999 -9999 -9999 -9999 -9999 -9999 -9999 -9999 -9999 -9999 -9999 -9999 -9999 -9999 -9999
-9999 -9999 -9999 -9999 -9999 -9999 -9999 -9999 -9999 -9999 -9999 -9999 -9999 -9999 -9999 -9999 -9999 -9999 -9999 -9999 -9999 -9999 -9999 -9999 -9999 -9999 -9999 -9999 -9999 -9999 -9999 -9999 -9999 -9999 -9999 -9999 -9999 -9999 -9999 -9999 -9999 -9999 -9999 -9999 -9999 -9999 -9999 -9999 -9999 -9999 -9999 -9999 -9999 -9999 -9999 -9999 -9999 -9999 -9999 -9999 -9999 -9999 -9999 -9999 -9999 -9999 -9999 -9999 -9999 -9999 -9999
-9999 -9999 -9999 -9999 -9999 -9999 -9999 -9999 -9999 -9999 -9999 -9999 -9999 -9999 -9999 -9999 -9999 -9999 -9999 -9999 -9999 -9999 -9999 -9999 -9999 -9999 -9999 -9999 -9999 -9999 -9999 -9999 -9999 -9999 -9999 -9999 -9999 -9999 -9999 -9999 -9999 -9999 -9999 -9999 -9999 -9999 -9999 -9999 -9999 -9999 -9999 -9999 -9999 -9999 -9999 -9999 -9999 -9999 -9999 -9999 -9999 -9999 -9999 -9999 -9999 -9999 -9999 -9999 -9999 -9999 -9999
-9999 -9999 -9999 -9999 -9999 -9999 -9999 -9999 -9999 -9999 -9999 -9999 -9999 -9999 -9999 -9999 -9999 -9999 -9999 -9999 -9999 -9999 -9999 -9999 -9999 -9999 -9999 -9999 -9999 -9999 -9999 -9999 -9999 -9999 -9999 -9999 -9999 -9999 -9999 -9999 -9999 -9999 -9999 -9999 -9999 -9999 -9999 -9999 -9999 -9999 -9999 -9999 -9999 -9999 -9999 -9999 -9999 -9999 -9999 -9999 -9999 -9999 -9999 -9999 -9999 -9999 -9999 -9999 -9999 -9999 -9999
-9999 -9999 -9999 -9999 -9999 -9999 -9999 -9999 -9999 -9999 -9999 -9999 -9999 -9999 -9999 -9999 -9999 -9999 -9999 -9999 -9999 -9999 -9999 -9999 -9999 -9999 -9999 -9999 -9999 -9999 -9999 -9999 -9999 -9999 -9999 -9999 -9999 -9999 -9999 -9999 -9999 -9999 -9999 -9999 -9999 -9999 -9999 -9999 -9999 -9999 -9999 -9999 -9999 -9999 -9999 -9999 -9999 -9999 -9999 -9999 -9999 -9999 -9999 -9999 -9999 -9999 -9999 -9999 -9999 -9999 -9999
-9999 -9999 -9999 -9999 -9999 -9999 -9999 -9999 -9999 -9999 -9999 -9999 -9999 -9999 -9999 -9999 -9999 -9999 -9999 -9999 -9999 -9999 -9999 -9999 -9999 -9999 -9999 -9999 -9999 -9999 -9999 -9999 -9999 -9999 -9999 -9999 -9999 -9999 -9999 -9999 -9999 -9999 -9999 -9999 -9999 -9999 -9999 -9999 -9999 -9999 -9999 -9999 -9999 -9999 -9999 -9999 -9999 -9999 -9999 -9999 -9999 -9999 -9999 -9999 -9999 -9999 -9999 -9999 -9999 -9999 -9999
-9999 -9999 -9999 -9999 -9999 -9999 -9999 -9999 -9999 -9999 -9999 -9999 -9999 -9999 -9999 -9999 -9999 -9999 -9999 -9999 -9999 -9999 -9999 -9999 -9999 -9999 -9999 -9999 -9999 -9999 -9999 -9999 -9999 -9999 -9999 -9999 -9999 -9999 -9999 -9999 -9999 -9999 -9999 -9999 -9999 -9999 -9999 -9999 -9999 -9999 -9999 -9999 -9999 -9999 -9999 -9999 -9999 -9999 -9999 -9999 -9999 -9999 -9999 -9999 -9999 -9999 -9999 -9999 -9999 -9999 -9999
-9999 -9999 -9999 -9999 -9999 -9999 -9999 -9999 -9999 -9999 -9999 -9999 -9999 -9999 -9999 -9999 -9999 -9999 -9999 -9999 -9999 -9999 -9999 -9999 -9999 -9999 -9999 -9999 -9999 -9999 -9999 -9999 -9999 -9999 -9999 -9999 -9999 -9999 -9999 -9999 -9999 -9999 19.26310 18.77630 19.28350 19.28190 19.38700 19.56720 19.44830 20.24410 19.94010 19.56050 -9999 -9999 -9999 -9999 -9999 -9999 -9999 -9999 -9999 -9999 -9999 -9999 -9999 -9999 -9999 -9999 -9999 -9999 -9999
-9999 -9999 -9999 -9999 -9999 -9999 -9999 -9999 -9999 -9999 -9999 -9999 -9999 -9999 -9999 -9999 -9999 -9999 -9999 -9999 -9999 -9999 -9999 -9999 -9999 -9999 -9999 -9999 -9999 -9999 -9999 -9999 -9999 -9999 -9999 -9999 -9999 -9999 20.41390 20.45410 20.54530 20.95670 20.56310 19.77550 20.17750 18.99100 18.38280 18.34700 19.64830 20.54530 22.62690 23.01200 22.93520 22.94610 -9999 -9999 -9999 -9999 -9999 -9999 -9999 -9999 -9999 -9999 -9999 -9999 -9999 -9999 -9999 -9999 -9999
-9999 -9999 -9999 -9999 -9999 -9999 -9999 -9999 -9999 -9999 -9999 -9999 -9999 -9999 -9999 -9999 -9999 -9999 -9999 -9999 -9999 -9999 -9999 -9999 -9999 -9999 -9999 -9999 -9999 -9999 -9999 -9999 -9999 -9999 -9999 -9999 -9999 -9999 -9999 -9999 19.81730 19.83020 19.94500 20.06990 20.56830 21.38400 20.48720 20.96260 18.46100 18.35360 18.64620 21.06430 22.57010 22.58330 -9999 -9999 -9999 -9999 -9999 -9999 -9999 -9999 -9999 -9999 -9999 -9999 -9999 -9999 -9999 -9999 -9999
-9999 -9999 -9999 -9999 -9999 -9999 -9999 -9999 -9999 -9999 -9999 -9999 -9999 -9999 -9999 -9999 -9999 -9999 -9999 -9999 -9999 -9999 -9999 -9999 -9999 -9999 -9999 -9999 -9999 -9999 -9999 -9999 -9999 -9999 -9999 -9999 -9999 -9999 -9999 -9999 -9999 -9999 -9999 -9999 19.74790 20.17610 20.48780 21.98650 21.93210 19.88250 20.89110 20.75500 21.75430 22.61540 -9999 -9999 -9999 -9999 -9999 -9999 19.00530 -9999 -9999 -9999 -9999 -9999 -9999 -9999 -9999 -9999 -9999
-9999 -9999 -9999 -9999 -9999 -9999 -9999 -9999 -9999 -9999 -9999 -9999 -9999 -9999 -9999 -9999 -9999 -9999 -9999 -9999 -9999 -9999 -9999 -9999 -9999 -9999 -9999 -9999 -9999 -9999 -9999 -9999 -9999 -9999 -9999 -9999 -9999 -9999 -9999 -9999 -9999 19.74160 19.75190 19.75130 19.75290 19.75990 19.97330 20.37520 20.27410 19.88690 19.79540 21.13370 22.22990 22.08910 -9999 -9999 -9999 -9999 -9999 20.60410 21.10280 22.20240 22.00250 20.40270 20.80420 21.60620 22.40370 23.50310 22.20180 22.40380 21.60340
-9999 -9999 -9999 -9999 -9999 -9999 -9999 -9999 -9999 -9999 -9999 -9999 -9999 -9999 -9999 -9999 -9999 -9999 -9999 -9999 -9999 -9999 -9999 -9999 -9999 -9999 -9999 -9999 -9999 -9999 -9999 -9999 -9999 -9999 -9999 -9999 -9999 -9999 -9999 -9999 -9999 20.81990 19.94180 19.76060 19.75540 19.73570 20.60000 20.49880 19.94790 20.85880 21.74740 23.07770 22.43590 22.40700 22.23140 22.35480 21.13440 -9999 20.83330 23.41080 23.50670 23.40480 23.30180 22.40320 22.90490 23.51070 22.60730 22.20520 21.50470 20.70300 20.40270
-9999 -9999 -9999 -9999 -9999 -9999 -9999 -9999 -9999 -9999 -9999 -9999 -9999 -9999 -9999 -9999 -9999 -9999 -9999 -9999 -9999 -9999 -9999 -9999 -9999 -9999 -9999 -9999 -9999 -9999 -9999 -9999 -9999 -9999 -9999 23.30770 21.17100 19.89720 19.90280 19.70310 19.70330 19.70550 19.72080 19.83180 20.40130 20.46020 19.71540 20.01530 21.82370 23.03590 22.94960 23.12910 23.10060 22.98630 22.39370 22.43850 22.88540 23.05080 23.55100 23.51110 23.30360 22.90120 22.80210 22.81510 23.00510 23.51140 23.40940 23.00200 22.70480 22.28360 22.28360
-9999 -9999 -9999 -9999 -9999 -9999 -9999 -9999 -9999 -9999 -9999 -9999 -9999 -9999 -9999 -9999 -9999 -9999 -9999 -9999 -9999 -9999 -9999 -9999 -9999 -9999 -9999 -9999 -9999 -9999 -9999 -9999 -9999 -9999 23.56380 22.82270 22.13920 22.05310 20.17910 19.70120 19.70710 19.70470 19.90320 20.56720 20.11240 19.71600 19.72130 20.80660 23.01510 23.05450 22.89930 22.87890 22.90460 22.48190 22.41940 23.06390 23.03110 23.38780 23.55720 23.31460 22.81430 22.72340 23.11110 23.32060 23.50600 23.40310 23.10110 23.00840 22.82670 22.84450 22.76660
-9999 -9999 -9999 -9999 -9999 -9999 -9999 -9999 -9999 -9999 -9999 -9999 -9999 -9999 -9999 -9999 -9999 -9999 -9999 -9999 -9999 -9999 -9999 -9999 -9999 -9999 -9999 -9999 -9999 -9999 -9999 -9999 -9999 23.55340 23.36180 22.21740 22.22230 21.63790 20.55220 19.68610 19.69280 19.69660 20.65980 20.36190 19.70930 20.20710 21.21230 21.60320 22.14680 22.37880 22.19810 23.01230 22.89920 22.44290 22.38010 23.03150 23.06130 22.95550 22.94060 22.82460 23.12050 23.30940 23.30510 23.50280 23.50450 23.30360 23.00320 23.31480 23.32260 23.42860 22.91020
-9999 -9999 -9999 -9999 -9999 -9999 -9999 -9999 -9999 -9999 -9999 -9999 -9999 -9999 -9999 -9999 -9999 -9999 -9999 -9999 -9999 -9999 -9999 -9999 -9999 -9999 -9999 -9999 -9999 -9999 -9999 23.35370 21.61380 21.11910 21.02060 22.12060 21.32750 20.43830 19.64850 19.87960 19.79030 19.98600 20.45390 19.99380 19.70550 20.51640 22.80320 22.97950 22.93660 22.88540 22.86770 22.47310 22.47240 22.44660 22.88210 23.04130 22.94310 22.89450 23.19530 23.13610 23.32070 23.50640 23.40360 23.50120 23.50280 23.50990 23.40590 23.10280 23.00250 22.91710 22.86270
-9999 -9999 -9999 -9999 -9999 -9999 -9999 -9999 -9999 -9999 -9999 -9999 -9999 -9999 -9999 -9999 -9999 -9999 -9999 -9999 -9999 -9999 -9999 -9999 -9999 -9999 -9999 -9999 -9999 20.71760 22.11190 20.61780 19.62100 19.62440 19.62730 19.62870 20.73250 22.63020 20.74520 19.68070 20.32690 20.84730 19.70270 19.69340 19.69510 19.71620 20.41740 22.59320 22.86900 22.90380 22.77640 22.46620 22.45980 22.42800 22.89550 23.08900 22.98540 22.97140 22.92360 22.90240 23.30840 23.30210 23.30180 23.40260 23.50320 23.40560 23.52390 23.57360 23.58620 23.57130 22.94500
-9999 -9999 -9999 -9999 -9999 -9999 -9999 -9999 -9999 -9999 -9999 -9999 -9999 -9999 -9999 -9999 -9999 -9999 -9999 -9999 -9999 -9999 -9999 -9999 21.62160 21.31440 20.91180 20.31690 20.11690 19.61950 19.62030 19.62100 19.62480 19.62890 19.63220 20.03860 22.73370 21.15710 20.27090 19.68190 19.98800 20.93060 19.99470 19.69420 19.68830 19.69110 19.99490 20.50850 21.85030 22.97310 22.87840 23.12700 22.63620 23.04420 23.01260 23.10270 23.00640 22.96130 22.94420 23.22030 23.51400 23.50560 23.40250 23.30700 23.30940 23.32210 23.42650 23.21500 23.11930 23.33330 23.74380
-9999 -9999 -9999 -9999 -9999 -9999 22.80430 22.80900 22.81580 22.81300 22.80690 -9999 -9999 -9999 -9999 -9999 -9999 -9999 -9999 -9999 -9999 21.62430 19.94130 20.73070 21.92520 20.82040 20.01720 19.62610 19.62340 19.62240 19.62010 19.63020 19.62980 19.63370 19.63600 19.64320 19.65230 19.85410 22.05700 19.67510 20.07720 20.09450 20.84000 19.68730 19.68780 19.68550 19.98460 21.78570 23.02290 22.96910 22.91300 22.68500 22.96550 23.17750 23.03920 23.04590 23.00940 22.95540 23.24610 23.42740 23.41460 23.40570 23.30800 23.42880 23.44770 22.82110 22.81990 22.90970 22.91070 22.90650 22.84960
-9999 -9999 -9999 -9999 -9999 22.83290 22.83920 22.85290 22.93900 22.83910 22.84020 22.85870 22.85270 22.85770 -9999 -9999 -9999 22.92300 22.62620 21.13560 20.63300 19.64400 19.64750 19.62180 19.26540 18.95370 18.84370 18.83900 18.73200 18.74110 18.84720 18.85390 19.05970 19.07390 18.95740 18.85700 18.86880 18.96350 18.96370 18.78060 18.78830 18.80030 20.64040 19.83190 18.69390 18.91490 19.63200 20.77010 22.60660 22.96780 22.88870 22.54010 23.06980 22.95010 22.98890 23.03880 23.04690 22.94640 22.90720 22.72080 22.80680 22.90430 22.71080 22.80710 22.76170 22.89320 22.94360 22.92110 22.91210 22.90940 22.84120
-9999 21.86760 18.29190 18.23430 18.24570 22.63600 23.33900 22.94140 22.94460 22.93180 22.94080 22.95550 22.96730 22.95470 22.94120 22.92520 22.91490 22.92200 22.92780 22.91900 22.12470 19.83200 20.33230 18.72850 18.52270 18.53670 18.53770 18.53750 18.53550 18.53670 18.53330 18.53750 18.53230 18.54120 18.54750 18.54610 18.55170 18.55010 18.55090 18.56190 18.56600 18.57820 19.34480 20.72670 18.59010 18.59770 18.59110 19.60970 21.58850 21.73060 22.23660 23.14340 23.13330 22.99200 23.09070 23.20340 23.10120 22.92890 22.92000 22.74660 22.80890 22.85800 22.85390 22.84330 22.88600 23.10220 23.04270 22.87290 22.92790 22.95600 23.08490
-9999 22.99960 22.98430 22.93670 22.93200 22.63070 22.42230 22.43290 22.12900 22.82940 22.93290 22.94440 22.95690 22.93720 22.93890 22.94790 22.95990 22.95220 22.94680 22.92910 21.93780 21.42910 23.35510 19.24310 18.53650 18.53750 18.53510 18.53910 18.53670 18.54030 18.52820 18.54010 18.54350 18.55760 19.16910 18.54600 18.55160 18.55740 18.55690 18.54520 18.55480 18.56800 18.58100 21.12780 19.51290 18.66720 18.56650 18.60540 18.62960 19.48930 20.81640 22.90650 22.94360 23.08220 22.98560 22.99270 22.98910 23.00450 22.89210 22.35560 22.75470 22.86560 22.87050 22.75610 22.89520 23.52360 23.31950 22.84770 22.92700 22.86050 22.94380
-9999 -9999 -9999 19.28790 19.09460 18.67800 18.66250 18.67020 18.66920 18.77400 22.93910 23.03710 23.12990 23.32520 23.12530 22.93570 22.95210 22.94220 23.14070 23.42840 23.48160 23.46260 22.47230 18.75980 18.54510 18.54250 18.54030 18.53830 18.53170 18.53880 18.54100 18.54670 19.04760 19.26560 20.17190 21.14290 18.24050 18.26840 19.68010 21.06730 20.25760 20.39450 23.63270 23.45290 22.02080 20.90720 19.81770 18.80820 18.90660 20.14540 22.32590 22.75880 22.02420 23.05480 22.62080 23.00610 23.05310 22.85630 22.92920 22.36060 22.80060 22.92340 22.87250 22.94010 22.92020 23.00990 22.97970 22.98690 22.97430 23.05900 23.06100
-9999 -9999 -9999 -9999 -9999 -9999 20.17530 20.77780 21.47900 22.42850 23.31820 23.46160 23.46070 23.44790 23.43850 23.32650 23.32410 23.47950 23.46670 23.06410 21.48320 19.68840 18.57680 18.56240 18.56110 18.56780 18.55630 19.96820 21.33500 18.95400 18.54210 18.53230 20.82560 22.85600 19.52600 22.76830 22.24540 20.84160 23.83800 24.00160 23.97880 23.19000 22.79550 23.20850 23.44460 23.74790 22.32730 21.31840 20.40890 19.39590 20.04530 19.77820 19.18300 22.63530 22.17840 19.17810 23.09420 23.14840 23.07600 22.96420 22.45690 22.88370 22.47570 22.44970 22.95360 22.95820 22.95890 23.03770 23.13880 23.05360 23.02340
-9999 -9999 -9999 -9999 -9999 -9999 23.44910 23.45560 23.44650 23.46680 23.45470 23.45250 23.45190 23.43830 23.44390 23.47230 22.98630 21.19820 20.09290 18.77660 18.57820 18.58110 18.58210 18.57400 18.57250 18.56310 18.55570 19.98350 24.16440 24.16920 23.08960 23.16510 22.77650 23.57070 23.38900 23.28710 22.63260 22.52260 22.21060 22.69730 22.94510 23.24150 23.71180 23.41570 23.11110 22.94680 23.17570 24.03040 23.90320 22.79860 21.40260 19.99650 19.49720 19.74580 19.38680 18.64450 19.29010 19.56010 20.44180 20.27300 21.47610 21.74460 22.92940 22.97510 23.07040 23.00780 23.05350 23.03060 23.07350 23.09430 23.13430
-9999 -9999 -9999 -9999 -9999 -9999 -9999 -9999 -9999 -9999 23.14800 23.45790 23.45610 23.45670 23.45300 20.57450 18.58110 18.58830 18.59620 18.59480 18.59480 18.58470 18.59160 18.57530 18.57450 18.57950 18.57550 18.55140 19.14780 20.21490 19.60450 20.20370 21.20740 23.25200 24.04240 23.55940 23.94760 24.03120 24.01730 23.99730 22.11110 20.58920 19.82930 21.08440 21.07180 21.67820 21.28390 20.13770 23.56820 24.04440 24.02990 23.72870 23.42220 22.29890 22.08440 22.90120 21.89370 22.70860 22.72840 22.31010 22.71070 20.18460 19.88640 19.40780 20.12830 20.50020 20.29940 21.30540 23.02810 23.02800 22.93270
-9999 -9999 -9999 -9999 -9999 -9999 -9999 -9999 -9999 -9999 21.95370 23.44540 23.45670 23.45600 23.47110 20.60610 18.59890 18.60960 18.61480 18.62550 18.63200 18.62500 18.62150 18.59130 18.58880 18.58270 18.57500 18.55310 18.54890 19.40950 20.21210 20.20320 22.31290 22.96540 21.31670 22.32850 20.11370 18.53210 19.02690 19.12100 18.52100 18.51810 18.51720 18.52560 18.52550 18.54620 18.55120 18.56670 18.67170 22.79870 24.02680 24.02070 24.01390 23.79900 21.76620 24.18990 24.28790 24.31400 24.29960 24.19800 24.08960 24.07720 23.88630 22.39640 20.48500 20.98440 19.77960 18.70260 22.00460 23.03650 23.01040
-9999 -9999 -9999 -9999 -9999 -9999 -9999 -9999 -9999 -9999 -9999 -9999 23.44580 23.45830 23.47530 23.00150 19.72980 18.61560 18.60950 18.64980 18.64060 18.73960 18.34470 18.71600 18.59650 18.59060 18.58750 18.56120 18.55790 18.65320 19.61150 19.41350 19.41400 18.75610 18.56030 18.55630 18.54490 18.54440 18.53260 18.52660 18.52640 18.52650 18.53310 18.53900 18.54050 18.53620 18.54550 18.56680 18.57240 19.07590 20.80040 22.50380 22.71620 21.68550 20.54660 23.26310 24.25520 24.29830 24.29330 24.29520 24.28630 24.28200 23.49060 22.20270 23.33680 24.12510 21.32140 18.79550 19.62190 21.31180 22.90930
-9999 -9999 -9999 -9999 -9999 -9999 -9999 -9999 -9999 -9999 -9999 -9999 23.45720 23.47130 23.48360 23.51130 23.52260 23.33790 20.45220 19.75630 18.38960 19.83840 18.35760 19.42750 18.60110 18.59990 18.60100 18.58430 18.56440 18.56410 18.55220 18.57190 18.57320 18.56720 18.56540 18.56200 18.55350 18.56310 18.54490 18.53580 18.54130 18.53560 18.53740 18.53900 18.54340 19.27290 19.87060 21.84450 23.44900 23.44780 22.02460 21.99960 21.37910 20.57230 22.35200 24.14720 24.16910 24.19940 24.19350 24.18230 23.68590 22.38750 23.01210 24.11010 24.13620 22.23010 20.83690 21.83870 22.75520 22.99760 22.91860
-9999 -9999 -9999 -9999 -9999 -9999 -9999 -9999 -9999 -9999 -9999 23.45720 23.44440 23.46260 23.48370 23.46420 22.24080 18.24810 18.25540 18.25900 18.27980 19.90510 19.72860 18.80610 18.59140 18.56640 18.58500 18.59700 18.58160 18.56800 18.55750 18.57750 18.57630 18.57320 18.57090 18.55320 18.55120 18.55920 18.55450 18.55760 18.55490 18.55190 18.55500 18.55150 18.54050 18.54700 19.85160 21.06070 21.56150 23.21370 22.91790 22.95630 22.74650 23.49050 24.04210 24.16900 24.08830 24.11100 24.10220 22.89890 23.12010 24.31680 24.33470 24.15260 24.15660 22.78860 22.19820 22.88880 22.89530 22.86930 22.95590
-9999 -9999 -9999 -9999 -9999 -9999 -9999 -9999 -9999 -9999 -9999 23.43870 23.46630 23.47950 23.50290 23.46880 20.74870 18.84690 18.26710 19.07480 19.89610 19.92820 19.22660 19.72730 19.52010 19.40850 18.61280 18.60070 18.58660 18.58160 18.56960 18.56490 18.56640 18.56850 18.58550 18.57950 18.57650 18.57800 18.57940 18.57570 18.57420 18.66840 19.18730 19.69910 20.40370 22.62190 23.01870 23.39300 24.24650 24.24140 24.25850 24.29040 24.27100 24.25620 24.25340 24.35150 24.35580 23.07720 22.79110 23.84540 24.20880 24.35830 24.34670 24.12790 23.24780 22.24100 23.85110 23.19680 22.91220 22.96540 23.11160
