data/hydroclimate-scenarios/BCSD_hadcm_B1/monthly_summaries/soilm3_monthly_day1_mar.2030-2059.asc
ncols	311
nrows	91
xllcenter	102.75
yllcenter	31.75
cellsize	0.5
NODATA_value	-9999
[rows 32 to 63 of 91, columns 0 to 70 of 311]
-9999 -9999 -9999 -9999 -9999 -9999 -9999 -9999 -9999 -9999 -9999 23.45660 23.45570 23.48920 23.46110 23.45390 23.45240 23.47840 20.61160 20.91070 23.02180 23.51440 23.51920 23.53240 23.18230 22.97430 22.77270 21.52200 20.51780 18.69900 18.59560 18.56160 18.57260 18.58090 19.49350 20.80830 22.22540 23.10830 24.32480 24.33200 24.32110 24.30990 24.32820 24.31130 24.29860 24.32140 24.30900 24.27970 24.27380 24.27660 24.26650 24.28740 24.27750 24.38810 24.19020 24.19080 24.10890 24.00780 24.35950 24.26580 24.27000 24.27360 23.92860 22.55270 22.07750 23.75750 23.69560 23.66460 23.85430 22.97920 23.09520
-9999 -9999 -9999 -9999 -9999 -9999 -9999 -9999 -9999 -9999 -9999 23.49390 23.49070 23.46750 23.47040 23.46010 23.46300 23.50820 23.52340 23.52410 23.52950 23.53540 23.39090 23.21010 23.00790 22.93370 22.95770 22.93580 22.90750 22.15320 20.46340 19.88760 21.91200 23.69070 24.33290 24.29450 24.22480 24.34760 24.31520 23.63440 24.34040 24.42170 24.34840 24.35230 24.36180 24.35980 24.34540 24.30820 24.29700 24.28100 24.27150 24.28910 24.27540 24.33830 24.25810 24.30120 24.29940 24.29220 24.30210 24.29400 24.28590 22.95720 22.92330 24.27150 23.13410 23.82280 24.02530 22.97560 22.96540 22.97550 23.09180
-9999 -9999 -9999 -9999 -9999 -9999 -9999 -9999 -9999 -9999 -9999 -9999 23.16800 23.06580 23.06180 23.09040 23.49120 23.53550 23.54760 23.55300 23.31880 22.96740 23.01230 23.03520 23.05340 22.97510 22.95990 23.01670 22.95910 22.95210 22.93560 23.54410 24.23520 24.23550 24.03190 23.94160 23.35580 24.35810 24.41910 23.31200 23.51850 23.53200 24.03630 24.33960 24.34750 24.38890 24.37200 24.32990 24.31640 24.30290 24.28210 24.28130 24.27400 24.26140 24.24880 24.26390 24.26220 23.92920 23.06270 23.16980 23.04990 23.03670 23.03710 23.30690 23.51630 22.89460 23.69120 23.03330 23.03860 23.07020 23.03850
-9999 -9999 -9999 -9999 -9999 -9999 -9999 -9999 -9999 -9999 -9999 -9999 22.97290 23.06480 23.27470 23.39180 23.30740 23.32190 23.13510 22.96720 23.07420 23.06130 23.03870 23.00760 22.99800 22.98670 22.94950 22.98950 22.95620 22.89790 22.88220 24.03090 23.85710 23.12190 23.06630 22.88380 22.87030 23.69850 23.90280 23.00110 22.95350 22.86720 23.35320 24.40940 24.27920 24.00610 24.11100 23.74780 23.61220 23.61250 23.48880 23.56280 23.84580 24.26070 24.25670 24.04220 21.96910 23.13390 23.86170 23.21890 22.88580 23.06200 23.95870 24.34170 23.69560 23.19650 23.01690 23.03520 23.06130 23.08690 23.11320
-9999 -9999 -9999 -9999 -9999 -9999 -9999 -9999 -9999 -9999 -9999 -9999 23.34740 23.15890 23.28310 22.97780 23.00610 22.89600 22.87090 23.07250 23.04960 23.06870 23.04830 23.00200 22.99890 23.00170 22.99740 22.90450 22.91430 22.83430 22.72260 22.92210 22.88110 22.99280 22.98450 22.98470 22.91170 22.99290 22.98970 23.00770 23.04690 22.97460 23.17630 23.72750 23.27490 23.12680 23.17780 23.09820 23.08330 23.03970 23.01080 23.00200 22.96240 23.17810 23.09110 22.91590 22.80490 22.98810 22.89060 22.92690 22.86920 22.98030 22.97960 23.40440 23.69020 23.30700 23.03730 23.05870 23.09930 23.11930 23.15060
-9999 -9999 -9999 22.98330 22.99540 22.96820 22.95590 22.97630 22.97020 -9999 23.36310 23.37100 23.07880 22.85440 22.86520 22.97500 22.91550 22.74730 22.84780 23.03600 23.06170 23.05940 22.93560 22.81990 22.93960 23.02360 23.01510 22.99650 22.81590 22.61960 22.56470 22.67900 22.74170 22.83230 22.90120 22.37190 22.89550 22.97950 23.01170 23.01710 23.04290 23.07810 23.10680 23.17470 23.18480 23.17660 23.18030 23.00530 23.06380 23.06500 22.97850 22.89350 22.86790 22.94710 22.82290 22.84140 22.94510 22.81210 22.75070 22.78580 22.93010 22.81790 22.85640 23.11710 23.08450 22.98840 23.02290 23.11110 23.17290 23.21080 23.26320
-9999 -9999 -9999 22.62750 23.00240 23.01920 23.00260 22.89560 22.87880 23.25170 23.15200 22.97240 22.77200 22.76520 22.90660 22.87800 22.79180 22.61010 22.62750 22.62930 22.63230 22.62300 22.62050 22.64620 22.68460 22.90600 22.77860 22.63180 22.60790 22.65530 22.32290 22.60790 22.56330 22.59810 22.81670 22.74340 22.89610 23.01390 23.00480 23.08470 23.07520 23.06270 23.12350 23.16720 23.07360 23.10310 23.20700 23.11140 23.03420 22.93560 22.93230 23.08310 23.07340 23.06690 22.91940 23.05350 23.00810 22.99630 22.90880 22.99990 23.01100 23.12640 23.16680 23.14020 23.22640 23.22600 23.24730 23.23670 23.30910 23.23790 23.09230
-9999 -9999 -9999 22.61000 23.01040 22.89830 23.10560 23.06520 23.07000 23.05160 23.07050 22.99500 22.55250 22.52820 22.52450 22.52590 22.65320 22.66360 22.60280 22.58900 22.61050 22.66110 22.36690 22.80610 22.68240 22.78540 22.84810 22.75240 22.64890 22.67890 22.70520 22.64840 22.62720 22.62810 22.64520 22.64160 22.69970 22.88970 22.93560 22.89880 23.00780 22.99760 23.12410 23.18080 23.17030 23.16910 23.19390 22.94950 22.94760 23.15100 23.15660 23.10300 23.09330 23.07280 23.04150 23.05790 23.02110 23.02450 23.03810 23.13100 23.11320 23.13510 23.19150 23.25610 23.28920 23.31870 23.32780 23.01850 22.97400 22.91250 22.84850
-9999 -9999 -9999 22.72800 23.00180 22.84050 23.13750 23.10880 23.03110 22.98600 23.03570 22.63980 22.51650 22.54550 22.52390 22.67050 21.20870 18.37150 19.06500 19.93180 22.87710 22.78740 21.84940 19.67290 20.00590 22.91920 22.83510 22.68870 22.77980 22.74720 22.73630 22.62610 22.66660 22.69310 22.67660 22.69970 22.65340 22.64420 22.86380 22.95140 22.97980 23.05820 23.10450 23.10860 23.20360 23.23800 23.24830 23.13780 23.14760 23.13560 23.14780 23.12190 23.10800 23.03380 23.08780 23.04850 22.92420 22.93300 22.94330 23.09960 22.98830 23.00840 22.98780 22.99710 23.03610 22.99220 22.91120 22.78680 22.83850 22.87420 22.93940
-9999 -9999 -9999 22.48580 22.88860 22.93240 23.16350 23.08760 23.05860 23.02960 23.05740 22.80570 22.53640 22.56740 18.32110 18.32690 19.72510 21.13500 22.58950 22.78200 22.89590 19.95670 18.77100 22.79810 22.80210 22.68560 22.59930 22.59210 22.65630 22.69340 22.71030 22.67390 22.68360 22.64110 22.50630 22.80470 22.71500 22.41640 22.42660 22.65150 23.09570 22.94900 22.78380 22.78590 22.90910 22.93200 22.83960 22.94470 22.85860 22.75570 22.65920 22.74090 22.83770 22.75050 22.72400 22.80300 22.76600 22.76810 22.66880 22.73060 22.75380 22.73540 22.74310 22.87120 22.87820 22.90020 22.93750 22.91630 22.86310 22.92350 23.01000
-9999 -9999 -9999 -9999 22.89020 23.01240 23.02240 22.98950 22.94340 22.90830 22.96410 22.66010 22.58220 22.61640 -9999 -9999 -9999 -9999 -9999 20.33300 18.47100 18.42750 18.46640 22.34990 21.30560 21.96740 22.05850 22.11540 22.62790 22.61410 22.62130 22.64000 22.62980 22.48500 22.88290 22.88170 23.11140 22.51660 22.41810 22.84050 22.94420 23.18480 22.65520 22.54610 22.75010 22.94540 23.54230 23.15650 22.75540 19.98220 22.94300 22.85410 22.83590 22.55370 22.54290 22.62300 22.61920 22.60500 22.81280 22.73670 22.64540 22.66990 20.29030 22.66340 22.66840 20.79390 22.70640 22.71290 22.41800 -9999 -9999
-9999 -9999 22.43690 22.92300 23.01880 23.02700 23.02290 22.99030 22.95510 22.93940 22.97630 22.56510 22.57750 -9999 -9999 -9999 -9999 -9999 20.30900 18.41540 19.43760 22.62630 22.61870 22.65900 19.82430 18.40750 19.04760 22.61860 22.62910 22.53090 22.67480 22.61370 22.88960 22.80990 22.51520 23.10950 23.10670 22.78860 22.52440 22.52580 22.45460 22.49390 22.53460 22.50070 22.50090 22.51110 22.53120 22.52700 22.23210 18.45030 18.44430 18.47380 18.51050 18.48690 20.67530 22.89690 22.59740 22.72440 22.73170 22.73870 22.74970 22.75620 20.28570 18.58800 18.61520 18.63870 18.64750 -9999 -9999 -9999 -9999
-9999 -9999 22.99730 23.04240 22.99860 23.00940 23.11000 22.98640 22.95060 22.97700 22.58870 22.58870 22.55710 -9999 -9999 -9999 -9999 22.61050 22.66050 22.60280 23.03690 22.70620 21.62420 18.36030 19.34800 22.60810 22.63820 22.49430 22.42330 22.51490 22.49140 22.40920 22.49920 22.50500 22.91200 22.59680 22.58920 22.51400 22.53980 22.47690 22.51020 22.54440 22.56770 22.51290 22.74300 22.85010 22.86150 22.84650 22.74660 22.75210 19.98480 18.49480 18.49850 18.47630 18.46290 21.31150 22.73580 20.74340 19.86400 19.50430 18.61590 18.62430 18.65110 19.96990 21.27050 -9999 -9999 -9999 -9999 -9999 22.75530
-9999 -9999 22.78020 23.16720 23.03890 23.04140 23.30210 23.24060 22.95830 22.86550 22.57800 22.56230 22.51100 -9999 -9999 -9999 -9999 22.64570 22.61100 22.81730 21.84640 20.23900 19.72370 22.59330 22.60040 22.61540 22.50230 22.40040 22.40490 22.51310 22.51200 22.58590 22.49900 22.50700 22.50670 22.51390 22.43070 22.45090 22.45710 22.53920 22.59960 22.59050 22.62970 22.54270 22.45480 21.76200 21.86450 22.54630 22.94420 22.94760 22.05530 21.86640 20.76310 21.45120 20.97140 20.72730 21.91530 21.65590 22.66460 22.70420 18.64020 21.26350 22.75310 22.93160 22.92790 20.86580 18.69500 18.64990 18.68020 -9999 -9999
-9999 -9999 -9999 23.55180 23.02940 21.96330 22.11780 22.69240 22.68850 23.73010 25.47850 22.51690 -9999 -9999 -9999 -9999 22.58080 22.59540 22.57600 22.58420 22.70070 22.58120 22.88220 22.67590 22.58160 22.49180 22.50720 22.62830 22.53530 22.52700 22.50420 22.50160 22.52180 22.87120 23.21920 23.31730 22.83880 22.71170 22.49850 22.48610 22.51910 22.50900 22.66960 22.38440 21.88670 21.80540 20.78010 20.15150 20.75390 22.34910 21.56700 18.69640 18.69350 18.71750 18.72270 18.70560 18.73110 22.07550 22.78210 22.79490 22.78910 22.77680 22.78850 22.86730 22.92370 22.91070 18.78420 18.69530 18.75180 18.81050 -9999
-9999 -9999 -9999 -9999 22.69820 21.09840 22.50860 22.59620 22.61040 22.54800 22.53050 -9999 -9999 -9999 -9999 22.58650 22.68830 22.68340 22.31470 22.91520 22.99770 23.21830 23.41080 22.81950 22.37790 22.83960 23.38100 22.87220 23.39040 22.96640 22.95810 23.17190 23.28440 23.29750 23.23400 22.73870 22.53650 22.42530 22.51540 22.48370 22.49740 22.50030 22.53060 22.57120 22.49640 23.17830 23.55100 21.78390 21.18320 20.54710 23.00700 18.61120 18.65440 19.69460 18.98930 18.65170 18.71970 18.72540 18.74880 22.79240 22.79780 22.87930 22.87120 22.97880 22.96490 22.82370 18.74130 18.69920 18.69330 18.74950 18.84500
-9999 -9999 -9999 -9999 -9999 -9999 22.66740 22.77420 22.72420 22.78230 23.23120 -9999 -9999 -9999 -9999 -9999 23.01200 23.10350 22.66360 23.33050 23.29950 22.96820 22.67450 22.59350 23.14010 23.33560 21.38330 19.61150 19.61410 20.24390 22.56160 23.39580 23.05800 23.31790 23.20870 23.42130 22.73190 22.43600 22.50470 22.49290 22.50170 22.53650 22.54990 22.54060 22.65760 22.96740 23.55510 23.16230 21.78640 18.50310 18.71110 18.72980 22.66740 23.17080 21.60400 23.77150 18.69880 18.70590 18.73370 21.95070 22.93270 22.94510 22.86580 22.94260 23.02830 22.87230 19.34390 18.62350 18.63900 21.06430 22.56570
-9999 -9999 -9999 -9999 -9999 -9999 -9999 -9999 -9999 -9999 -9999 -9999 -9999 -9999 -9999 -9999 -9999 -9999 -9999 23.29730 22.56770 21.31910 22.87760 23.00770 21.98660 21.87920 20.94850 20.89410 21.48640 22.95950 23.43050 22.93850 22.57590 22.73490 23.20310 23.09970 22.49160 22.53540 22.53170 22.52020 22.44930 22.46980 22.56070 22.58160 22.48500 23.07940 23.12770 23.17130 22.26580 23.13360 23.42520 21.27180 19.16730 18.77860 18.62170 18.63710 22.94720 21.95770 23.03380 23.03080 20.09920 19.03970 23.03020 23.01980 23.20840 20.22540 18.70650 18.60620 18.60230 18.70950 22.36810
-9999 -9999 -9999 -9999 -9999 -9999 -9999 -9999 -9999 -9999 -9999 -9999 -9999 -9999 -9999 -9999 -9999 -9999 23.01860 21.65620 21.74200 23.26550 23.27930 23.29560 22.14090 21.41670 21.15110 21.56060 23.13990 23.28540 23.30000 23.33010 23.35880 23.33480 22.89950 22.47050 22.39580 22.49450 22.40790 22.51950 22.44160 22.48350 22.49170 22.62970 23.03580 23.33930 23.18410 23.10330 22.99070 22.40850 22.54150 22.85040 22.95190 23.25240 18.95310 18.74200 21.94950 22.43730 19.79970 21.97910 18.74300 18.75540 21.23030 21.61590 18.79680 20.15810 22.09430 18.66490 18.76740 18.65920 20.81510
-9999 -9999 -9999 -9999 -9999 -9999 -9999 -9999 -9999 -9999 -9999 -9999 -9999 -9999 -9999 -9999 -9999 23.24420 22.19910 23.18290 23.28890 23.16990 22.63480 22.12410 22.20820 22.50750 21.16950 21.22350 22.16930 22.07530 22.40410 21.70290 21.78310 22.03070 21.61160 22.09010 22.52130 22.50540 22.50020 22.42960 23.04200 23.14260 23.28020 23.30910 23.26770 23.25020 23.21640 23.11740 23.38430 22.39850 21.43030 18.96820 22.77920 23.55880 23.14060 23.51040 23.01880 22.92840 22.93240 23.06930 21.03360 19.11740 21.03230 19.96410 23.27320 23.07930 22.10120 22.47220 21.03710 20.86080 23.35530
-9999 -9999 -9999 -9999 -9999 -9999 -9999 -9999 -9999 -9999 -9999 -9999 -9999 -9999 -9999 -9999 -9999 22.61540 23.21390 23.31900 22.87010 21.67640 22.24600 22.50300 23.30270 24.60900 23.70570 23.90250 22.40070 22.23790 20.74720 20.65270 21.17580 21.95920 21.18950 20.92280 21.58350 22.35750 22.39900 22.42130 23.30690 23.30410 23.32000 23.18950 23.24680 23.16140 23.24350 23.10250 23.30170 23.26440 20.07970 18.67160 18.70030 19.32480 22.02810 23.64320 23.35540 23.13960 22.54350 21.70680 23.17790 23.07240 23.07150 23.15820 23.05580 23.07830 23.08460 21.70700 21.81400 23.66770 23.71190
-9999 -9999 -9999 -9999 -9999 -9999 -9999 -9999 -9999 -9999 -9999 -9999 -9999 -9999 -9999 -9999 22.57970 22.57900 23.22170 22.55450 21.53520 23.10300 23.90210 24.30260 24.60090 24.30780 24.30620 24.70170 24.10060 23.00050 22.80070 23.20080 23.33440 20.93300 20.54460 20.66970 21.89170 22.43380 22.35850 22.47770 23.35750 23.28870 23.12950 23.19420 23.16690 23.08870 23.22080 23.10490 23.10320 23.63990 21.18170 19.45420 19.07950 19.72490 21.91490 23.62490 23.64360 23.07720 18.74190 22.98110 23.27250 23.27680 23.39400 23.60800 23.01420 18.83280 18.80520 18.81700 21.68920 23.61210 23.76530
-9999 -9999 -9999 -9999 -9999 -9999 -9999 -9999 -9999 -9999 -9999 -9999 -9999 23.30580 23.20010 22.75510 22.75890 22.66420 22.18690 21.92020 23.40090 24.40440 24.40160 23.90370 24.40340 24.70280 24.70180 24.70000 24.70000 24.70000 23.00620 22.52800 23.90000 23.30000 21.50700 20.40340 21.61220 22.01820 22.30090 23.20130 23.10100 23.11860 23.09070 23.10030 22.68540 22.25350 22.79580 22.30290 22.33300 23.07940 23.21810 23.39710 23.45080 23.43760 22.70920 19.17640 21.81690 23.19550 20.65370 21.52320 23.48110 22.71530 24.35800 20.64850 20.60790 22.47440 20.27970 21.68830 19.15720 24.05840 23.98480
-9999 -9999 -9999 -9999 -9999 -9999 -9999 -9999 -9999 -9999 -9999 -9999 23.16510 23.17880 22.39500 22.46940 22.97700 23.30440 23.80330 23.60020 22.90030 21.80110 21.90070 22.80140 24.00190 23.60140 23.70110 24.20000 22.30090 23.00320 21.40030 22.90200 23.10410 23.80720 22.50960 20.50330 22.20000 22.30000 22.70040 23.10050 23.10050 23.10030 22.98060 22.56550 21.91920 22.22360 22.94700 22.27810 22.02040 21.71660 23.43490 23.21660 23.79440 23.31740 23.59600 23.32370 23.53620 18.94270 20.71950 20.26550 22.80400 20.87330 19.64420 20.56810 20.68500 24.65750 24.64650 19.15560 20.59260 23.97220 23.86190
-9999 -9999 -9999 -9999 -9999 -9999 -9999 -9999 -9999 -9999 -9999 22.72270 23.31700 22.58070 23.40280 23.80110 23.50060 22.30090 21.50080 21.60040 21.30040 21.40000 21.30000 21.10000 21.10000 21.10020 20.91670 23.00430 22.80180 22.60670 21.50060 23.00000 24.20000 23.80000 22.70000 21.80730 22.30010 22.40020 22.80040 23.10030 23.10020 22.76640 22.23200 21.91100 21.70820 21.82320 21.73240 21.85020 21.98530 22.30600 22.69500 23.24390 23.19150 23.54530 23.21510 23.18480 23.55800 23.16770 18.48540 19.11340 19.61580 22.29750 20.97670 22.08110 24.37740 22.57350 23.15680 19.25530 23.99580 23.90650 23.82390
-9999 -9999 -9999 -9999 -9999 -9999 -9999 -9999 -9999 -9999 23.60700 22.50540 23.70150 23.30040 22.90020 21.90060 21.40040 21.10130 21.10110 21.10010 21.10000 21.10000 21.10000 21.10000 21.10000 21.10000 21.10000 21.40540 20.70160 21.10000 21.10000 23.70000 23.40000 20.30880 20.20230 21.60800 22.30010 22.40020 23.00050 23.10020 22.75570 21.81490 21.50340 21.20200 20.50310 21.32500 21.83390 21.53740 21.99860 22.10020 22.48650 23.10780 23.59230 23.15040 23.21750 23.19310 22.37600 20.01590 19.28360 23.03190 23.21820 22.46910 21.67490 23.35090 24.20780 22.86210 24.59990 24.13810 23.99950 23.86980 23.85140
-9999 -9999 -9999 -9999 -9999 -9999 -9999 -9999 -9999 22.00010 21.20010 21.10000 22.20000 21.40000 21.70000 21.10000 21.10000 21.10000 21.10000 21.10000 21.30000 21.10000 21.80000 21.80000 21.30000 21.10000 21.10000 21.70000 21.10000 21.70000 21.90000 21.50000 24.50000 24.70000 20.60490 22.12620 22.30060 22.80050 23.00020 22.46830 20.30650 21.10190 21.10440 20.63190 19.50210 20.08750 21.31330 22.02850 21.66550 22.00270 22.32630 23.65520 23.54550 24.41640 24.07760 23.11370 22.82820 22.93120 22.95390 23.16230 23.12100 22.52230 21.90170 24.00750 24.33180 24.55020 24.94130 24.64670 24.48040 24.41060 24.42500
-9999 -9999 -9999 -9999 -9999 -9999 -9999 -9999 -9999 -9999 22.40000 21.40000 21.40000 21.10000 21.10000 21.10000 21.10000 21.10000 21.10000 21.50000 22.00000 21.30000 21.70000 -9999 -9999 -9999 -9999 -9999 -9999 23.90010 25.40010 24.50000 24.00000 24.30000 22.70000 22.22200 22.23980 23.00010 23.10010 22.95280 20.80950 21.41100 22.27960 20.07170 19.61620 19.87770 20.51180 21.80390 22.26930 22.37790 22.98650 23.26520 23.45260 23.70510 23.81890 22.96730 22.76650 22.77720 22.60470 23.18410 22.85320 22.22860 23.49870 19.30030 23.87760 24.83710 25.20060 24.46660 24.36520 24.41870 24.37400
-9999 -9999 -9999 -9999 -9999 -9999 -9999 -9999 -9999 -9999 -9999 -9999 21.70000 21.10000 21.10000 21.10000 21.10000 21.10000 21.40000 -9999 -9999 -9999 -9999 -9999 -9999 -9999 -9999 -9999 -9999 -9999 -9999 -9999 -9999 24.80000 22.90540 21.91110 20.60830 21.71060 23.40000 25.10010 21.92510 20.70700 21.82150 21.00960 19.91200 19.73390 20.01650 20.83490 21.68440 21.62180 21.80360 23.54110 23.64960 23.92040 23.04090 22.73860 22.94560 23.07180 23.00620 23.09560 22.30450 21.67480 23.15950 23.68160 24.29480 24.83480 25.17470 24.36940 24.40130 24.54090 24.73600
-9999 -9999 -9999 -9999 -9999 -9999 -9999 -9999 -9999 -9999 -9999 -9999 -9999 -9999 -9999 -9999 -9999 -9999 -9999 -9999 -9999 -9999 -9999 -9999 -9999 -9999 -9999 -9999 -9999 -9999 -9999 -9999 -9999 -9999 22.30740 20.50380 20.70380 20.30320 22.90000 21.41200 22.11300 21.40410 21.02890 21.96240 20.18300 20.50650 21.22730 21.62740 22.21560 22.02860 22.45310 23.64120 22.78700 23.31820 23.50000 23.17830 23.03740 23.10630 23.07490 22.91730 21.16230 23.37240 23.42490 23.66460 24.29690 24.59930 25.25510 24.39260 24.45700 24.62520 24.93670
-9999 -9999 -9999 -9999 -9999 -9999 -9999 -9999 -9999 -9999 -9999 -9999 -9999 -9999 -9999 -9999 -9999 -9999 -9999 -9999 -9999 -9999 -9999 -9999 -9999 -9999 -9999 -9999 -9999 -9999 -9999 -9999 -9999 -9999 21.91090 20.30620 20.40770 23.02860 25.10000 19.80280 20.00170 20.10680 19.89350 20.00580 22.33610 21.31460 21.22520 21.63260 21.86820 22.03420 22.32110 21.83930 23.13480 23.44610 23.58330 23.23370 22.91370 22.96260 23.01460 23.19930 20.88580 19.21360 21.28900 23.51450 24.00470 25.10030 25.34500 25.49400 25.72760 25.97960 -9999
-9999 -9999 -9999 -9999 -9999 -9999 -9999 -9999 -9999 -9999 -9999 -9999 -9999 -9999 -9999 -9999 -9999 -9999 -9999 -9999 -9999 -9999 -9999 -9999 -9999 -9999 -9999 -9999 -9999 -9999 -9999 -9999 -9999 -9999 -9999 -9999 -9999 -9999 21.10860 19.80300 19.40130 19.30230 19.84920 19.96700 20.70420 21.82300 22.36240 21.73870 21.86810 22.24240 21.80390 22.38490 22.37580 23.29910 23.30690 22.93330 23.10170 23.10260 23.30260 20.75210 18.91090 22.94470 23.69060 23.93990 24.89110 25.15930 25.43730 25.69510 25.75650 -9999 -9999
