data/hydroclimate-scenarios/BCSD_hadcm_B1/monthly_summaries/soilm3_monthly_day1_may.2030-2059.asc
ncols	311
nrows	91
xllcenter	102.75
yllcenter	31.75
cellsize	0.5
NODATA_value	-9999
[rows 0 to 31 of 91, columns 0 to 70 of 311]
-9999 -9999 -9999 -9999 -9999 -9999 -9999 -9999 -9999 -9999 -9999 -9999 -9999 -9999 -9999 -9999 -9999 -9999 -9999 -9999 -9999 -9999 -9999 -9999 -9999 -9999 -9999 -9999 -9999 -9999 -9999 -9999 -9999 -9999 -9999 -9999 -9999 -9999 -9999 -9999 -9999 -9999 -9999 -9999 -9999 -9999 -9999 -9999 -9999 -9999 -9999 -9999 -9999 -9999 -9999 -9999 -9999 -9999 -9999 -9999 -9999 -9999 -9999 -9999 -9999 -9999 -9999 -9999 -9999 -9999 -9999
-9999 -9999 -9999 -9999 -9999 -9999 -9999 -9999 -9999 -9999 -9999 -9999 -9999 -9999 -9999 -9999 -9999 -9999 -9999 -9999 -9999 -9999 -9999 -9999 -9999 -9999 -9999 -9999 -9999 -9999 -9999 -9999 -9999 -9999 -9999 -9999 -9999 -9999 -9999 -9999 -9999 -9999 -9999 -9999 -9999 -9999 -9999 -9999 -9999 -9999 -9999 -9999 -9999 -9999 -9999 -9999 -9999 -9999 -9999 -9999 -9999 -9999 -9999 -9999 -9999 -9999 -9999 -9999 -9999 -9999 -9999
-9999 -9999 -9999 -9999 -9999 -9999 -9999 -9999 -9999 -9999 -9999 -9999 -9999 -9999 -9999 -9999 -9999 -9999 -9999 -9999 -9999 -9999 -9999 -9999 -9999 -9999 -9999 -9999 -9999 -9999 -9999 -9999 -9999 -9999 -9999 -9999 -9999 -9999 -9999 -9999 -9999 -9999 -9999 -9999 -9999 -9999 -9999 -9999 -9999 -9999 -9999 -9999 -9999 -9999 -9999 -9999 -9999 -9999 -9999 -9999 -9999 -9999 -9999 -9999 -9999 -9999 -9999 -9999 -9999 -9999 -9999
-9999 -9999 -9999 -9999 -9999 -9999 -9999 -9999 -9999 -9999 -9999 -9999 -9999 -9999 -9999 -9999 -9999 -9999 -9999 -9999 -9999 -9999 -9999 -9999 -9999 -9999 -9999 -9999 -9999 -9999 -9999 -9999 -9999 -9999 -9999 -9999 -9999 -9999 -9999 -9999 -9999 -9999 -9999 -9999 -9999 -9999 -9999 -9999 -9999 -9999 -9999 -9999 -9999 -9999 -9999 -9999 -9999 -9999 -9999 -9999 -9999 -9999 -9999 -9999 -9999 -9999 -9999 -9999 -9999 -9999 -9999
-9999 -9999 -9999 -9999 -9999 -9999 -9999 -9999 -9999 -9999 -9999 -9999 -9999 -9999 -9999 -9999 -9999 -9999 -9999 -9999 -9999 -9999 -9999 -9999 -9999 -9999 -9999 -9999 -9999 -9999 -9999 -9999 -9999 -9999 -9999 -9999 -9999 -9999 -9999 -9999 -9999 -9999 -9999 -9999 -9999 -9999 -9999 -9999 -9999 -9999 -9999 -9999 -9999 -9999 -9999 -9999 -9999 -9999 -9999 -9999 -9999 -9999 -9999 -9999 -9999 -9999 -9999 -9999 -9999 -9999 -9999
-9999 -9999 -9999 -9999 -9999 -9999 -9999 -9999 -9999 -9999 -9999 -9999 -9999 -9999 -9999 -9999 -9999 -9999 -9999 -9999 -9999 -9999 -9999 -9999 -9999 -9999 -9999 -9999 -9999 -9999 -9999 -9999 -9999 -9999 -9999 -9999 -9999 -9999 -9999 -9999 -9999 -9999 -9999 -9999 -9999 -9999 -9999 -9999 -9999 -9999 -9999 -9999 -9999 -9999 -9999 -9999 -9999 -9999 -9999 -9999 -9999 -9999 -9999 -9999 -9999 -9999 -9999 -9999 -9999 -9999 -9999
-9999 -9999 -9999 -9999 -9999 -9999 -9999 -9999 -9999 -9999 -9999 -9999 -9999 -9999 -9999 -9999 -9999 -9999 -9999 -9999 -9999 -9999 -9999 -9999 -9999 -9999 -9999 -9999 -9999 -9999 -9999 -9999 -9999 -9999 -9999 -9999 -9999 -9999 -9999 -9999 -9999 -9999 -9999 -9999 -9999 -9999 -9999 -9999 -9999 -9999 -9999 -9999 -9999 -9999 -9999 -9999 -9999 -9999 -9999 -9999 -9999 -9999 -9999 -9999 -9999 -9999 -9999 -9999 -9999 -9999 -9999
-9999 -9999 -9999 -9999 -9999 -9999 -9999 -9999 -9999 -9999 -9999 -9999 -9999 -9999 -9999 -9999 -9999 -9999 -9999 -9999 -9999 -9999 -9999 -9999 -9999 -9999 -9999 -9999 -9999 -9999 -9999 -9999 -9999 -9999 -9999 -9999 -9999 -9999 -9999 -9999 -9999 -9999 19.24670 18.75730 19.26270 19.26010 19.36420 19.54830 19.43280 20.22830 19.92520 19.53330 -9999 -9999 -9999 -9999 -9999 -9999 -9999 -9999 -9999 -9999 -9999 -9999 -9999 -9999 -9999 -9999 -9999 -9999 -9999
-9999 -9999 -9999 -9999 -9999 -9999 -9999 -9999 -9999 -9999 -9999 -9999 -9999 -9999 -9999 -9999 -9999 -9999 -9999 -9999 -9999 -9999 -9999 -9999 -9999 -9999 -9999 -9999 -9999 -9999 -9999 -9999 -9999 -9999 -9999 -9999 -9999 -9999 20.40520 20.43910 20.53110 20.94130 20.54660 19.75610 20.15680 18.96810 18.36180 18.33210 19.63260 20.52830 22.61260 22.96130 22.90010 22.90960 -9999 -9999 -9999 -9999 -9999 -9999 -9999 -9999 -9999 -9999 -9999 -9999 -9999 -9999 -9999 -9999 -9999
-9999 -9999 -9999 -9999 -9999 -9999 -9999 -9999 -9999 -9999 -9999 -9999 -9999 -9999 -9999 -9999 -9999 -9999 -9999 -9999 -9999 -9999 -9999 -9999 -9999 -9999 -9999 -9999 -9999 -9999 -9999 -9999 -9999 -9999 -9999 -9999 -9999 -9999 -9999 -9999 19.80650 19.81830 19.93100 20.05170 20.54990 21.36200 20.46430 20.94370 18.44390 18.33650 18.63060 21.03590 22.53960 22.55270 -9999 -9999 -9999 -9999 -9999 -9999 -9999 -9999 -9999 -9999 -9999 -9999 -9999 -9999 -9999 -9999 -9999
-9999 -9999 -9999 -9999 -9999 -9999 -9999 -9999 -9999 -9999 -9999 -9999 -9999 -9999 -9999 -9999 -9999 -9999 -9999 -9999 -9999 -9999 -9999 -9999 -9999 -9999 -9999 -9999 -9999 -9999 -9999 -9999 -9999 -9999 -9999 -9999 -9999 -9999 -9999 -9999 -9999 -9999 -9999 -9999 19.73300 20.15630 20.46580 21.96310 21.91700 19.86150 20.86790 20.71000 21.74020 22.57810 -9999 -9999 -9999 -9999 -9999 -9999 19.00590 -9999 -9999 -9999 -9999 -9999 -9999 -9999 -9999 -9999 -9999
-9999 -9999 -9999 -9999 -9999 -9999 -9999 -9999 -9999 -9999 -9999 -9999 -9999 -9999 -9999 -9999 -9999 -9999 -9999 -9999 -9999 -9999 -9999 -9999 -9999 -9999 -9999 -9999 -9999 -9999 -9999 -9999 -9999 -9999 -9999 -9999 -9999 -9999 -9999 -9999 -9999 19.72740 19.73600 19.73550 19.73680 19.74290 19.95370 20.35440 20.25340 19.86520 19.77220 21.09230 22.21810 22.05740 -9999 -9999 -9999 -9999 -9999 20.60460 21.10310 22.20270 22.00280 20.40290 20.80450 21.60640 22.40400 23.50350 22.20200 22.40440 21.60390
-9999 -9999 -9999 -9999 -9999 -9999 -9999 -9999 -9999 -9999 -9999 -9999 -9999 -9999 -9999 -9999 -9999 -9999 -9999 -9999 -9999 -9999 -9999 -9999 -9999 -9999 -9999 -9999 -9999 -9999 -9999 -9999 -9999 -9999 -9999 -9999 -9999 -9999 -9999 -9999 -9999 20.80750 19.92640 19.74380 19.73890 19.72260 20.57700 20.47560 19.93150 20.84050 21.73140 23.04630 22.42280 22.38790 22.21110 22.34600 21.12920 -9999 20.83460 23.41160 23.50730 23.40510 23.30200 22.40360 22.90540 23.51080 22.60800 22.20600 21.50540 20.70340 20.40310
-9999 -9999 -9999 -9999 -9999 -9999 -9999 -9999 -9999 -9999 -9999 -9999 -9999 -9999 -9999 -9999 -9999 -9999 -9999 -9999 -9999 -9999 -9999 -9999 -9999 -9999 -9999 -9999 -9999 -9999 -9999 -9999 -9999 -9999 -9999 23.29880 21.16550 19.88800 19.89300 19.69270 19.69270 19.69480 19.70800 19.81900 20.37820 20.44410 19.70490 20.00440 21.81160 23.02210 22.93340 23.10800 23.06650 22.95500 22.38420 22.42510 22.87420 23.05100 23.55030 23.51150 23.30390 22.90130 22.80230 22.81590 23.00560 23.51360 23.41010 23.00230 22.70570 22.28360 22.28360
-9999 -9999 -9999 -9999 -9999 -9999 -9999 -9999 -9999 -9999 -9999 -9999 -9999 -9999 -9999 -9999 -9999 -9999 -9999 -9999 -9999 -9999 -9999 -9999 -9999 -9999 -9999 -9999 -9999 -9999 -9999 -9999 -9999 -9999 23.56200 22.82130 22.13690 22.04980 20.17310 19.70010 19.70240 19.71190 19.90810 20.54900 20.10040 19.70390 19.70850 20.79680 23.00440 23.03940 22.87510 22.85800 22.87940 22.46440 22.40450 23.02770 23.02210 23.46980 24.00770 23.32240 22.81940 22.73300 23.11490 23.32060 23.50670 23.40350 23.10130 23.01140 22.82920 22.84750 22.76790
-9999 -9999 -9999 -9999 -9999 -9999 -9999 -9999 -9999 -9999 -9999 -9999 -9999 -9999 -9999 -9999 -9999 -9999 -9999 -9999 -9999 -9999 -9999 -9999 -9999 -9999 -9999 -9999 -9999 -9999 -9999 -9999 -9999 23.55300 23.36100 22.21700 22.22150 21.63640 20.54950 19.71300 19.70610 19.73400 20.82400 20.34470 19.69770 20.19620 21.20120 21.59390 22.13150 22.36030 22.17620 22.98620 22.87440 22.42420 22.37150 23.00190 23.04170 23.07880 23.27720 22.85430 23.13040 23.31890 23.31240 23.50350 23.50520 23.30430 23.00360 23.31880 23.32700 23.43200 22.91140
-9999 -9999 -9999 -9999 -9999 -9999 -9999 -9999 -9999 -9999 -9999 -9999 -9999 -9999 -9999 -9999 -9999 -9999 -9999 -9999 -9999 -9999 -9999 -9999 -9999 -9999 -9999 -9999 -9999 -9999 -9999 23.38040 21.61760 21.11900 21.02020 22.20790 21.44150 20.43620 19.64530 19.87230 19.78110 19.97800 20.43860 19.98260 19.69290 20.50280 22.79190 22.97370 22.92360 22.86460 22.84950 22.44920 22.44960 22.42840 22.86260 23.00920 22.94200 23.10360 23.31920 23.24070 23.45410 23.51790 23.40840 23.51980 23.52280 23.51280 23.40740 23.18110 23.04490 22.92020 22.86160
-9999 -9999 -9999 -9999 -9999 -9999 -9999 -9999 -9999 -9999 -9999 -9999 -9999 -9999 -9999 -9999 -9999 -9999 -9999 -9999 -9999 -9999 -9999 -9999 -9999 -9999 -9999 -9999 -9999 20.76790 22.15640 20.62160 19.62450 19.62520 19.62850 19.80760 20.91600 22.62800 20.74210 19.67300 20.31590 20.83310 19.69410 19.68180 19.68350 19.70270 20.40440 22.58610 22.85150 22.88060 22.75760 22.44440 22.43920 22.41280 22.87360 23.06390 22.98340 23.04810 22.97520 22.94190 23.42070 23.30740 23.30940 23.41180 23.52410 23.40840 23.52840 23.73810 23.71620 23.61350 22.97620
-9999 -9999 -9999 -9999 -9999 -9999 -9999 -9999 -9999 -9999 -9999 -9999 -9999 -9999 -9999 -9999 -9999 -9999 -9999 -9999 -9999 -9999 -9999 -9999 21.62120 21.31490 20.91240 20.31730 20.11720 19.62020 19.62020 19.62050 19.62380 19.62680 19.62990 20.03570 22.73110 21.15200 20.26390 19.67300 19.97800 21.11570 20.01350 19.73300 19.70700 19.69690 19.99990 20.49930 21.83560 22.95460 22.85870 23.07170 22.59180 23.00490 22.99380 23.08790 23.00480 22.99510 22.97450 23.27640 23.62290 23.57540 23.42490 23.37990 23.39460 23.40600 23.53710 23.21580 23.11960 23.34070 23.74680
-9999 -9999 -9999 -9999 -9999 -9999 22.79730 22.80180 22.80820 22.80530 22.80010 -9999 -9999 -9999 -9999 -9999 -9999 -9999 -9999 -9999 -9999 21.62380 19.93990 20.72960 21.92460 20.82050 20.01760 19.62730 19.62410 19.62290 19.62260 19.62850 19.62830 19.63120 19.63340 19.63970 19.64810 19.84910 22.05150 19.66940 20.07030 20.10900 21.02850 19.73660 19.71980 19.70960 20.00000 21.77970 23.01220 22.95080 22.88670 22.63950 22.91990 23.15090 23.02920 23.04450 23.01210 23.03470 23.34640 23.70860 23.60310 23.50520 23.36550 23.55880 23.58200 22.87950 22.89680 22.91040 22.91130 22.90790 22.85690
-9999 -9999 -9999 -9999 -9999 22.83180 22.83740 22.84940 22.93650 22.83720 22.83820 22.85570 22.85030 22.85530 -9999 -9999 -9999 22.92260 22.62560 21.13370 20.63120 19.64220 19.64520 19.62150 19.26380 18.95110 18.84170 18.83970 18.73280 18.73950 18.84420 18.84970 19.05490 19.06770 18.95320 18.85300 18.86360 18.95920 18.95930 18.87770 18.86880 18.86390 20.75100 20.31440 18.98540 18.91150 19.62350 20.75990 22.59780 22.95100 22.86750 22.51140 23.02530 22.92980 22.98220 23.08930 23.13320 22.94820 22.91020 23.01160 22.95560 22.91460 22.74170 22.82590 22.81270 22.91240 22.95320 22.92190 22.91300 22.91030 22.84360
-9999 21.88390 18.29680 18.23350 18.24430 22.63470 23.33750 22.93890 22.94190 22.93080 22.93920 22.95320 22.96400 22.95300 22.94030 22.92540 22.91560 22.92180 22.92730 22.91850 22.12390 19.83140 20.33150 18.73270 18.52560 18.53500 18.53590 18.54310 18.53760 18.53620 18.53200 18.53520 18.53060 18.54080 18.54490 18.54280 18.54760 18.54670 18.54760 18.91540 18.89910 18.72300 19.39870 21.43160 18.71550 18.59400 18.59080 19.63560 21.59260 21.72070 22.22420 23.10550 23.09630 22.96340 23.07050 23.20590 23.23400 22.93500 22.92490 23.33800 23.04930 23.04660 22.89770 22.86880 22.91640 23.14480 23.06160 22.87110 22.92890 22.95630 23.07410
-9999 23.02550 23.00190 22.93440 22.93040 22.62930 22.42240 22.43080 22.12740 22.82800 22.93140 22.94150 22.95310 22.93580 22.93740 22.94580 22.95690 22.94910 22.94420 22.93830 21.94560 21.42990 23.36140 19.25550 18.54870 18.53950 18.53670 18.54560 18.53760 18.54370 18.54950 18.60720 18.56240 18.59960 19.22190 18.54550 18.55030 18.61190 18.63190 19.22760 19.14780 18.61710 18.57690 21.13320 19.52990 18.88530 18.74970 18.60180 18.61990 19.46980 20.79360 22.88470 22.91530 23.04850 22.95080 23.04830 23.17190 23.10950 23.15970 22.35550 22.75540 22.95060 22.92920 22.85240 22.97710 23.54660 23.32710 22.83680 22.91850 22.94940 23.00860
-9999 -9999 -9999 19.28160 19.08800 18.67310 18.65940 18.66590 18.66480 18.76950 22.93730 23.03610 23.12920 23.32440 23.12430 22.93490 22.95000 22.94070 23.13890 23.43100 23.49350 23.47100 22.48110 18.76680 18.56200 18.54850 18.56520 18.58760 18.56980 18.56920 18.55370 18.57900 19.06170 19.35010 20.23940 21.13100 18.24070 18.27440 19.73460 21.43030 21.14070 20.68810 23.63990 23.47360 22.10310 21.26030 19.83880 18.83010 18.92600 20.13270 22.31430 22.74360 22.00010 23.02690 22.59850 23.01440 23.34900 23.12890 23.29980 22.35640 22.80570 23.01940 23.05610 22.99130 23.04650 23.04890 23.02510 22.98330 22.95890 23.07970 23.03870
-9999 -9999 -9999 -9999 -9999 -9999 20.17400 20.77280 21.47400 22.42800 23.31840 23.45800 23.45940 23.44670 23.43830 23.32680 23.32440 23.49270 23.51030 23.27160 21.60440 19.80070 18.67520 18.63460 18.65070 18.59340 18.63210 20.06760 21.65490 19.07580 18.57430 18.82030 21.24460 23.20720 19.76240 22.81790 22.31840 20.84360 23.83970 24.11500 24.24860 23.30310 22.86490 23.20270 23.43420 23.79410 22.35190 21.37080 20.45280 19.41390 20.02370 19.74840 19.15300 22.62350 22.16210 19.21720 23.15620 23.29060 23.19310 22.98770 22.45390 22.87190 22.46570 22.86710 23.62460 23.22670 23.46980 23.12580 23.24330 23.06410 23.00730
-9999 -9999 -9999 -9999 -9999 -9999 23.45030 23.45260 23.44520 23.46370 23.45290 23.45370 23.45190 23.43860 23.44460 23.47040 22.98500 21.25390 20.16570 18.91540 18.71500 18.81580 18.71460 18.59690 18.62030 18.63700 18.88670 20.22760 24.52560 24.61760 23.62650 23.69760 23.34660 24.08790 23.76530 23.36110 23.08160 23.42400 23.31030 23.26850 23.06410 23.30240 23.75100 23.41110 23.10950 23.05040 23.20680 24.19980 24.19340 23.09740 21.64510 19.98010 19.47850 19.72320 19.37470 18.86290 19.57330 19.82550 20.84210 20.39510 21.46400 21.73330 22.91570 23.67600 23.62520 23.56220 23.36570 23.13420 23.27820 23.15920 23.13970
-9999 -9999 -9999 -9999 -9999 -9999 -9999 -9999 -9999 -9999 23.18950 23.45950 23.45770 23.48460 23.48980 20.57720 18.58360 18.60030 18.68880 18.77240 18.82430 19.67570 19.19830 18.57200 18.57160 18.58930 18.61310 18.95370 19.50250 20.63500 20.03890 20.61590 21.64330 23.98270 24.73370 24.18880 24.54220 24.57650 24.75660 24.65160 22.73800 20.88480 19.85680 21.61090 22.28470 22.95430 22.02650 20.50480 23.83110 24.26070 24.27720 24.01030 23.81800 23.26410 23.16340 23.89260 23.43090 23.59370 23.05330 23.40120 23.42130 21.12730 20.76910 19.92060 20.60030 21.18010 20.75950 21.52360 23.31150 23.35180 23.50900
-9999 -9999 -9999 -9999 -9999 -9999 -9999 -9999 -9999 -9999 22.06860 23.53360 23.47190 23.56920 23.53710 20.60970 18.60590 18.68250 18.69170 18.76550 18.79380 19.13940 19.19780 18.58630 18.58960 18.82110 19.12980 19.01440 18.99100 19.80120 20.59520 20.75600 22.75660 23.98320 22.32310 23.15600 21.40570 19.28550 19.93700 19.58730 18.88860 18.58890 18.67660 19.40830 19.33220 19.12720 19.12190 18.63070 18.74450 23.20250 24.63610 24.37190 24.67260 24.53610 24.07690 24.98560 25.21830 24.85350 25.03050 24.79280 24.63280 24.66440 24.44270 23.86300 22.24280 23.59910 21.73170 19.25270 22.36520 23.43050 23.98160
-9999 -9999 -9999 -9999 -9999 -9999 -9999 -9999 -9999 -9999 -9999 -9999 23.72600 23.88140 23.84010 23.82480 20.26210 19.12290 19.01050 19.48410 19.69120 19.74120 19.33600 19.04490 19.20320 19.16350 19.06320 19.29300 19.22210 19.14680 20.43880 19.90440 19.88920 19.04980 18.90850 19.13170 19.21240 19.16270 19.66420 19.01000 18.77620 18.60260 18.60780 18.86080 19.07290 19.16750 19.00710 19.15160 19.09820 19.70200 22.26100 23.74180 23.55520 23.23700 23.82030 25.02290 26.03460 25.29390 25.26150 25.22880 25.34710 25.50770 25.17350 24.39390 24.16740 24.47840 22.33420 19.42890 20.32270 21.65010 23.56130
-9999 -9999 -9999 -9999 -9999 -9999 -9999 -9999 -9999 -9999 -9999 -9999 24.14270 24.53780 24.42470 24.05790 24.32990 23.77720 20.86870 21.01250 19.58110 20.60970 19.55460 20.16910 19.12390 19.29910 19.19180 19.48630 19.30880 19.31210 19.24110 18.95020 19.04590 19.01280 18.96190 19.35470 19.47150 19.15250 19.26860 19.10220 19.00150 18.80920 18.68030 19.04360 19.04420 20.30740 21.01130 23.35580 24.80310 24.48050 23.52150 23.82450 24.07860 22.75040 25.69410 25.86400 25.82270 25.41440 25.43140 26.11020 26.59460 25.09160 24.12740 25.53940 25.23370 23.40130 21.91980 24.52370 23.75730 23.74470 23.61850
-9999 -9999 -9999 -9999 -9999 -9999 -9999 -9999 -9999 -9999 -9999 24.06320 24.29410 24.63200 24.58160 23.69970 22.65580 18.60060 18.59240 18.87700 19.10350 20.25930 20.39950 19.54140 19.35970 19.80580 19.36640 19.63180 19.87160 20.18870 20.06530 19.23560 19.24470 19.24670 19.25740 19.54820 19.36070 19.12870 19.11270 18.90060 18.79560 19.09390 18.98550 18.62810 18.77740 19.04640 20.70340 22.80910 22.78360 23.93410 23.72580 24.03610 24.14350 25.69360 26.72720 26.27550 25.68420 25.92290 25.95010 24.51250 24.39740 25.18660 25.14820 25.54690 25.53570 24.79770 23.53610 23.85020 23.96960 23.10550 23.04540
-9999 -9999 -9999 -9999 -9999 -9999 -9999 -9999 -9999 -9999 -9999 23.95430 24.18760 24.56570 24.50490 23.83240 21.15220 19.21860 18.71350 19.56050 20.49520 20.49900 19.78350 20.43220 20.27770 20.62550 19.38220 19.95900 20.14770 20.29100 20.08060 19.35070 19.42930 19.75460 19.43140 19.54880 19.72900 19.21820 19.16120 19.17730 18.94660 19.12350 21.70960 20.49360 21.27960 24.15690 24.73070 25.80690 25.29980 25.26100 25.00860 25.37210 25.35050 25.51170 25.25320 25.75050 25.70310 25.19950 24.90550 25.52510 25.66500 25.37470 25.38710 26.28790 25.80940 26.33860 25.45430 24.62320 24.25280 23.24500 23.24630
