data/hydroclimate-scenarios/BCSD_hadcm_B1/monthly_summaries/soilm2_monthly_day1_dec.2070-2099.asc
ncols	311
nrows	91
xllcenter	102.75
yllcenter	31.75
cellsize	0.5
NODATA_value	-9999
[rows 0 to 30 of 91, columns 210 to 279 of 311]
-9999 -9999 -9999 -9999 -9999 -9999 -9999 -9999 -9999 -9999 -9999 -9999 -9999 -9999 -9999 -9999 -9999 -9999 -9999 -9999 -9999 -9999 -9999 -9999 -9999 -9999 -9999 -9999 -9999 -9999 -9999 -9999 -9999 -9999 -9999 -9999 -9999 -9999 -9999 -9999 -9999 -9999 -9999 -9999 -9999 -9999 -9999 -9999 -9999 -9999 -9999 -9999 -9999 -9999 -9999 -9999 -9999 -9999 -9999 -9999 -9999 -9999 -9999 -9999 -9999 -9999 -9999 -9999 -9999 -9999
-9999 -9999 -9999 -9999 -9999 -9999 -9999 -9999 -9999 -9999 -9999 -9999 -9999 -9999 -9999 -9999 -9999 -9999 -9999 -9999 -9999 -9999 -9999 -9999 -9999 -9999 -9999 -9999 -9999 -9999 -9999 -9999 -9999 -9999 -9999 -9999 -9999 -9999 -9999 -9999 -9999 -9999 -9999 -9999 -9999 -9999 -9999 -9999 -9999 -9999 -9999 -9999 -9999 -9999 -9999 -9999 -9999 -9999 -9999 -9999 -9999 -9999 -9999 -9999 -9999 -9999 -9999 -9999 -9999 -9999
-9999 -9999 -9999 -9999 -9999 -9999 -9999 -9999 -9999 -9999 -9999 -9999 -9999 -9999 -9999 -9999 -9999 -9999 -9999 -9999 -9999 -9999 -9999 -9999 -9999 -9999 -9999 -9999 -9999 -9999 -9999 -9999 -9999 -9999 -9999 -9999 -9999 -9999 -9999 -9999 -9999 -9999 -9999 -9999 -9999 -9999 -9999 -9999 -9999 -9999 -9999 -9999 -9999 -9999 -9999 -9999 -9999 -9999 -9999 -9999 -9999 -9999 -9999 -9999 -9999 -9999 -9999 -9999 -9999 -9999
-9999 -9999 -9999 -9999 -9999 -9999 -9999 -9999 -9999 -9999 -9999 -9999 -9999 -9999 -9999 -9999 -9999 -9999 -9999 -9999 -9999 -9999 -9999 -9999 -9999 -9999 -9999 -9999 -9999 -9999 -9999 -9999 -9999 -9999 -9999 -9999 -9999 -9999 -9999 -9999 -9999 -9999 -9999 -9999 -9999 -9999 -9999 -9999 -9999 -9999 -9999 -9999 -9999 -9999 -9999 -9999 -9999 -9999 -9999 -9999 -9999 -9999 -9999 -9999 -9999 -9999 -9999 -9999 -9999 -9999
-9999 -9999 -9999 -9999 -9999 -9999 -9999 -9999 -9999 -9999 -9999 -9999 -9999 -9999 -9999 -9999 -9999 -9999 -9999 -9999 -9999 -9999 -9999 -9999 -9999 -9999 -9999 -9999 -9999 -9999 -9999 -9999 -9999 -9999 -9999 -9999 -9999 -9999 -9999 -9999 -9999 -9999 -9999 -9999 -9999 -9999 -9999 -9999 -9999 -9999 -9999 -9999 -9999 -9999 -9999 -9999 -9999 -9999 -9999 -9999 -9999 -9999 -9999 -9999 -9999 -9999 -9999 -9999 -9999 -9999
-9999 -9999 -9999 -9999 -9999 -9999 -9999 -9999 -9999 -9999 -9999 -9999 -9999 -9999 -9999 -9999 -9999 -9999 -9999 -9999 -9999 -9999 -9999 -9999 -9999 -9999 -9999 -9999 -9999 -9999 -9999 -9999 -9999 -9999 -9999 -9999 -9999 -9999 -9999 -9999 -9999 -9999 -9999 -9999 -9999 -9999 -9999 -9999 -9999 -9999 -9999 -9999 -9999 -9999 -9999 -9999 -9999 -9999 -9999 -9999 -9999 -9999 -9999 -9999 -9999 -9999 -9999 -9999 -9999 -9999
-9999 -9999 -9999 -9999 -9999 -9999 -9999 -9999 -9999 -9999 -9999 -9999 -9999 -9999 -9999 -9999 -9999 -9999 -9999 -9999 -9999 -9999 -9999 -9999 -9999 -9999 -9999 -9999 -9999 -9999 -9999 -9999 -9999 -9999 -9999 -9999 -9999 -9999 -9999 -9999 -9999 -9999 -9999 -9999 -9999 -9999 -9999 -9999 -9999 -9999 -9999 -9999 -9999 -9999 -9999 -9999 -9999 -9999 -9999 -9999 -9999 -9999 -9999 -9999 -9999 -9999 -9999 -9999 -9999 -9999
-9999 -9999 -9999 -9999 -9999 -9999 -9999 -9999 -9999 -9999 -9999 -9999 -9999 -9999 -9999 -9999 -9999 -9999 -9999 -9999 -9999 -9999 -9999 -9999 -9999 -9999 -9999 -9999 -9999 -9999 -9999 -9999 -9999 -9999 -9999 -9999 -9999 -9999 -9999 -9999 -9999 -9999 -9999 -9999 -9999 -9999 -9999 -9999 -9999 -9999 -9999 -9999 -9999 -9999 -9999 -9999 -9999 -9999 -9999 -9999 -9999 -9999 -9999 -9999 -9999 -9999 -9999 -9999 -9999 -9999
-9999 -9999 -9999 -9999 -9999 -9999 -9999 -9999 -9999 -9999 -9999 -9999 -9999 -9999 -9999 -9999 -9999 -9999 -9999 -9999 -9999 -9999 -9999 -9999 -9999 -9999 -9999 -9999 -9999 -9999 -9999 -9999 -9999 -9999 -9999 -9999 -9999 -9999 -9999 -9999 -9999 -9999 -9999 -9999 -9999 -9999 -9999 -9999 -9999 -9999 -9999 -9999 -9999 -9999 -9999 -9999 -9999 -9999 -9999 -9999 -9999 -9999 -9999 -9999 -9999 -9999 -9999 -9999 -9999 -9999
-9999 -9999 -9999 -9999 -9999 -9999 -9999 -9999 -9999 -9999 -9999 -9999 -9999 -9999 -9999 -9999 -9999 -9999 -9999 -9999 -9999 -9999 -9999 -9999 -9999 -9999 -9999 -9999 -9999 -9999 -9999 -9999 -9999 -9999 -9999 -9999 -9999 -9999 -9999 -9999 -9999 -9999 -9999 -9999 -9999 -9999 -9999 -9999 -9999 -9999 -9999 -9999 -9999 -9999 -9999 -9999 -9999 -9999 -9999 -9999 -9999 -9999 -9999 -9999 -9999 -9999 -9999 -9999 -9999 -9999
-9999 -9999 -9999 -9999 -9999 -9999 -9999 -9999 -9999 -9999 -9999 -9999 -9999 -9999 -9999 -9999 -9999 -9999 -9999 -9999 -9999 -9999 -9999 -9999 -9999 -9999 -9999 -9999 -9999 -9999 -9999 -9999 -9999 -9999 -9999 -9999 -9999 -9999 -9999 -9999 -9999 -9999 -9999 -9999 -9999 -9999 -9999 -9999 -9999 -9999 -9999 -9999 -9999 -9999 -9999 -9999 -9999 -9999 -9999 -9999 -9999 -9999 -9999 -9999 -9999 -9999 -9999 -9999 -9999 -9999
-9999 -9999 -9999 -9999 -9999 -9999 -9999 -9999 -9999 -9999 -9999 -9999 -9999 -9999 -9999 -9999 -9999 -9999 -9999 -9999 -9999 -9999 -9999 -9999 -9999 -9999 -9999 -9999 -9999 -9999 -9999 -9999 -9999 -9999 -9999 -9999 -9999 -9999 -9999 -9999 -9999 -9999 -9999 -9999 -9999 -9999 -9999 -9999 -9999 -9999 -9999 -9999 -9999 -9999 -9999 -9999 -9999 -9999 -9999 -9999 -9999 -9999 -9999 -9999 -9999 -9999 -9999 -9999 -9999 -9999
-9999 -9999 -9999 -9999 -9999 -9999 -9999 -9999 -9999 -9999 -9999 -9999 -9999 -9999 -9999 -9999 -9999 -9999 -9999 -9999 -9999 -9999 -9999 -9999 -9999 -9999 -9999 -9999 -9999 -9999 -9999 -9999 -9999 -9999 -9999 -9999 -9999 -9999 -9999 -9999 -9999 -9999 -9999 -9999 -9999 -9999 -9999 -9999 -9999 -9999 -9999 -9999 -9999 -9999 -9999 -9999 -9999 -9999 -9999 -9999 -9999 -9999 -9999 -9999 -9999 -9999 -9999 -9999 -9999 -9999
90.51070 90.91780 93.23170 95.31220 94.78680 94.32790 94.12500 90.36800 90.90900 -9999 -9999 -9999 -9999 -9999 -9999 -9999 -9999 -9999 -9999 -9999 -9999 -9999 -9999 -9999 -9999 -9999 -9999 -9999 -9999 -9999 -9999 -9999 -9999 -9999 -9999 -9999 -9999 -9999 -9999 -9999 -9999 -9999 -9999 -9999 -9999 -9999 -9999 -9999 -9999 -9999 90.89270 -9999 -9999 -9999 -9999 -9999 -9999 -9999 -9999 -9999 -9999 -9999 -9999 -9999 -9999 -9999 -9999 -9999 -9999 -9999
83.32680 83.06360 83.11480 84.99250 87.13740 89.12100 90.00250 90.87610 90.30380 81.72770 79.43860 79.10510 82.65440 78.13160 84.26880 84.57290 91.81970 91.04520 89.08500 89.11720 85.87580 113.20400 -9999 -9999 -9999 -9999 -9999 -9999 -9999 -9999 -9999 -9999 -9999 -9999 -9999 -9999 -9999 -9999 -9999 -9999 -9999 -9999 -9999 -9999 -9999 77.17450 74.83630 55.78620 55.36610 61.67440 65.57650 82.46980 -9999 -9999 -9999 98.18150 -9999 -9999 -9999 101.23000 106.86800 106.88000 -9999 -9999 -9999 -9999 -9999 -9999 -9999 -9999
84.77510 82.66580 81.83180 81.93960 81.49770 76.45570 77.06190 76.62150 77.01280 72.17410 73.93010 77.72250 83.17210 83.69110 96.93710 96.85170 102.04200 105.04600 99.42090 94.55800 93.12350 81.56450 80.05100 78.61720 80.29340 90.11950 95.89400 86.73690 -9999 -9999 -9999 -9999 -9999 94.71120 91.86410 91.43590 91.97160 89.63800 89.72090 81.37510 64.35030 65.61190 63.54680 60.68800 61.69730 53.41480 53.87700 56.41590 57.05340 69.85340 76.46020 85.89130 90.50520 93.68080 96.16870 99.66290 102.96900 102.52000 103.00900 105.70200 107.38300 108.56200 108.86600 109.21900 107.38900 104.63700 102.95000 -9999 -9999 -9999
81.06790 81.17770 82.84590 82.49860 86.73400 92.37610 97.46310 93.86870 96.93600 96.51880 109.26200 115.53300 117.79200 118.19900 172.40800 162.16299 178.22200 159.59399 161.13699 137.40900 91.97130 84.45800 81.46000 87.32980 83.26550 112.72300 98.12620 93.54640 95.57820 97.65110 81.55250 75.46940 71.95120 67.60950 91.47730 90.32360 92.23790 68.75500 66.94180 67.49970 64.14880 65.47190 64.51470 63.26860 63.79480 63.46290 65.57210 69.12560 67.63670 72.94130 75.46860 79.75770 84.28280 90.26390 94.96230 99.54580 101.39600 102.29500 103.31800 101.15700 103.34700 105.63000 105.17300 105.88900 106.72900 106.21800 105.52200 105.77100 105.17200 106.79800
160.81100 108.87000 111.00800 114.03600 114.10800 117.93000 115.80100 119.62600 181.36099 172.64301 157.38699 150.95700 129.22000 114.97900 112.10700 121.18400 111.98400 107.46100 105.94400 109.30100 109.37000 137.53900 136.68201 137.66701 146.84599 162.92101 149.44000 99.87550 102.84900 94.58300 113.73200 74.70460 73.69130 66.95190 87.54790 90.27750 89.34970 65.89780 65.64700 69.86660 69.78600 70.54790 68.38090 66.23000 67.93890 67.07860 66.49700 67.06490 67.12450 67.80040 70.51430 76.18750 78.52820 82.83670 87.26150 91.67650 99.10010 98.91960 100.44300 99.19090 99.23880 101.81100 101.32700 104.17100 104.45900 103.20600 103.72000 102.93400 103.51800 106.10200
158.75101 174.76801 180.02000 179.16400 179.69200 168.44200 176.78000 177.73700 145.25500 135.58000 113.83400 112.46500 118.85700 118.00900 118.49700 106.51200 118.42400 111.11000 123.03000 124.10400 116.21800 135.01300 125.46900 149.80499 165.77000 169.17300 121.99700 100.12700 97.52700 130.18100 142.91200 132.43900 74.85890 67.48520 73.45050 76.37050 73.49730 69.08160 68.35190 69.10230 75.44610 73.88250 73.72990 68.93690 70.67190 74.91550 76.05450 75.49850 78.76570 78.45340 74.52050 77.26140 79.85430 81.18860 82.97260 84.10350 85.50720 86.36070 90.53190 91.88240 94.60100 97.22560 97.20610 97.68480 103.24300 112.62200 118.03800 119.19300 119.35600 102.11400
165.80800 172.90800 179.15700 180.06599 188.70700 191.09900 178.06700 168.34801 160.80600 140.37199 141.00700 136.17799 126.06500 121.81200 118.76000 118.69400 116.59000 121.21700 121.34200 118.65800 120.94500 172.04201 169.71899 158.83501 168.04500 144.03900 123.97600 93.40570 94.93450 97.70200 99.90990 128.98700 106.15400 68.86510 69.52280 73.08720 91.21000 127.42500 128.48199 129.27200 129.79900 127.94300 128.48100 129.36000 129.22501 128.77299 128.53799 126.54300 128.11400 126.33600 126.66600 128.95799 130.09500 130.88800 102.05100 102.18600 103.64200 81.73550 81.27260 89.59460 92.24580 102.59600 112.40300 114.31400 134.86501 134.85500 134.83701 135.11900 135.61700 135.05901
169.26500 161.63300 165.98000 183.31200 200.54800 199.77800 180.87100 159.25101 146.44800 134.35500 128.07500 117.21900 113.57700 118.85200 118.76900 118.02000 118.50200 114.10800 123.21000 129.88400 132.69501 152.16400 137.99200 122.89900 123.40700 125.46800 119.55300 86.96810 94.24590 96.65490 97.09160 92.07960 91.53930 63.67730 70.14000 71.30790 69.60950 70.57960 68.37970 64.56790 73.34140 88.60700 89.08470 130.56300 130.06200 128.74300 127.57400 127.03200 128.09599 126.93800 126.59900 129.23300 129.51401 130.84700 131.41600 128.62300 129.11301 128.23399 129.17000 129.22600 129.57001 132.44200 132.18100 110.90200 135.88400 132.99800 133.89799 135.98599 136.24699 117.23700
153.78799 159.12300 175.34500 178.26900 163.39200 149.22099 126.37200 124.09300 123.75400 118.42800 119.39800 120.20600 117.26900 118.39600 115.29600 113.71100 112.85300 117.30200 117.40900 122.56300 124.34000 159.82800 152.98801 117.40000 113.86500 105.79400 107.39800 109.20100 118.88900 92.26150 92.55910 89.21400 88.03370 61.78660 64.39100 64.42540 69.38020 73.45240 71.94560 69.66000 67.70240 70.23950 71.21600 76.10940 92.36490 128.28300 128.18600 126.61300 101.08100 87.07210 88.53550 129.67400 130.45500 130.95399 131.11200 128.51401 129.46700 128.99300 129.63100 129.46600 129.22800 130.40500 132.10899 137.33501 135.01500 132.48199 132.70200 135.20399 135.88800 107.31600
182.98000 187.44099 185.79300 171.39301 142.02699 131.09200 134.45100 149.00900 170.36099 189.52400 190.07401 183.03799 167.80901 148.99300 138.24200 129.33099 112.46500 123.73200 128.37100 143.96001 134.36700 154.15401 152.33000 108.07100 103.24200 102.51700 104.00500 102.77000 77.82500 77.92790 79.77430 80.62880 85.26420 64.72600 70.10760 65.16880 62.47860 85.67590 84.50300 81.66880 81.64970 90.11950 76.24750 64.71630 67.44860 93.08870 104.93800 128.26500 129.16200 128.50900 126.83300 128.21700 128.38000 96.13130 97.26470 131.06700 131.57001 129.77200 129.25200 129.29500 131.96100 131.60500 135.77000 136.27400 131.29601 133.04300 132.43201 128.34500 128.94200 104.56600
169.69901 177.05499 171.71500 167.13400 164.70100 171.16299 164.06599 152.47000 169.74300 182.82899 182.75101 175.78700 175.16701 176.96600 179.02800 163.54700 151.25999 149.00800 135.32500 125.96800 127.27400 158.90100 155.43800 127.67700 103.29800 72.14330 73.13250 72.65490 72.77180 76.24050 78.00100 80.71390 81.24650 83.30380 84.28380 80.79430 80.55430 83.23340 85.47220 86.25960 87.65030 85.60630 85.94020 88.60620 89.44030 90.30780 92.36110 94.59490 95.15790 98.77690 100.01600 116.68900 131.44600 133.38901 133.30200 129.14600 88.69850 127.45000 127.98300 128.29900 134.90100 132.39600 131.22400 130.11099 129.26700 129.33800 129.42799 125.77600 126.53700 100.68300
160.68100 156.16701 159.38400 153.06100 154.91200 164.28101 162.77200 154.84801 150.00101 138.71100 144.67500 172.63000 170.78500 176.57800 176.53500 187.36099 185.77499 180.15900 172.68401 151.25200 121.33900 120.83900 152.31300 158.37801 159.36301 158.43201 158.78799 70.64340 70.39520 70.77650 71.03260 75.18550 77.24970 75.41800 79.78240 78.92180 82.03620 81.36010 86.33630 88.47090 92.62500 95.58070 93.59290 101.63100 100.83100 99.14800 97.82740 98.26260 99.41530 96.15590 97.94330 98.66180 102.16200 102.82900 107.58700 130.17000 125.83400 83.56670 125.37700 125.99200 128.15500 127.02000 127.39400 126.30700 125.67500 126.37100 123.69100 124.24200 125.35100 127.10000
123.26100 124.40700 155.23500 149.22000 147.78999 136.20000 137.05299 159.65900 144.57401 149.20799 147.13699 145.93401 142.65500 147.05600 150.32500 156.24400 166.74899 183.34500 149.12399 128.43700 122.58500 124.38900 120.33400 115.33800 120.32400 107.95200 113.16000 108.99700 156.64000 107.05800 100.91200 73.01720 105.58500 106.18900 106.47300 106.46400 107.43300 106.96600 109.32000 76.03980 84.39300 131.59599 144.89101 98.36010 99.04890 97.28940 100.44600 99.54690 101.72000 101.11400 96.43690 101.01500 101.36300 103.15100 103.65600 99.02500 129.72800 122.91200 82.87690 126.55300 125.50800 124.50900 125.97200 124.27600 124.48500 125.59700 122.98300 121.35100 122.35500 126.98100
156.42999 156.72000 167.54500 166.71300 164.50900 168.10001 177.06700 169.37900 204.47099 203.50800 201.71400 189.47501 200.98100 203.29300 195.22501 182.95700 149.58400 156.18100 142.63699 127.05000 112.67100 131.37199 116.39400 115.45900 114.94500 115.72300 118.73100 112.76500 112.26700 113.04400 112.53500 114.20200 121.87700 114.14500 108.35500 106.23500 107.81700 112.86900 114.18400 109.87200 115.92400 123.57200 132.25600 137.88800 138.03101 102.70900 108.11500 108.75000 109.04800 104.08000 104.27600 97.72150 94.68010 95.45940 100.52200 92.38350 90.41600 129.28600 84.38670 125.19600 125.38300 124.87600 126.04300 123.97000 124.03300 125.67900 124.42800 124.39800 125.39600 127.99200
113.65200 169.41499 172.68100 171.60201 116.28500 119.90700 138.83900 200.31400 199.20700 140.55901 141.11000 138.67300 138.99100 202.93600 136.78799 138.66499 204.75000 203.67300 167.27600 124.48100 123.12800 159.78700 151.95100 139.55901 143.87300 135.85699 143.67799 113.92600 108.06700 105.23100 106.28400 108.03600 109.34100 107.65500 104.72500 104.91000 106.36700 106.64100 108.94500 112.07400 115.28200 117.57700 121.10700 121.44600 127.84700 105.14100 111.74600 113.53600 116.22100 116.26700 113.12800 101.90600 102.38700 100.32600 95.15650 95.30020 93.62140 130.15500 87.86990 80.36000 124.98100 127.01700 126.27600 124.24300 124.97400 127.58200 125.96500 124.46400 124.58300 125.60000
117.28800 117.45700 116.83300 120.00400 123.68000 122.21600 123.86600 117.65800 116.89100 119.14900 122.33600 126.92800 128.28700 130.05000 130.76401 113.47100 119.05700 114.28300 167.72200 156.47900 115.45300 169.53300 168.68600 168.82300 165.50800 151.86600 132.57100 106.08600 104.43500 105.88800 107.37400 108.32400 113.49000 118.64500 110.95300 107.45000 105.95100 105.61400 105.01200 111.34600 115.99800 119.48700 130.20500 130.95300 132.10300 97.59010 111.79500 115.84100 118.08300 121.75500 121.07300 113.27600 116.30000 104.25400 101.39000 99.05050 100.03800 131.75900 99.15750 92.21180 130.16901 128.33900 126.47700 97.80870 95.70390 93.35990 91.95410 95.12560 125.56300 126.02200
119.65300 122.41300 123.37200 125.30800 125.59000 123.55500 120.15800 117.41200 116.62600 115.62600 112.64600 99.02850 109.81100 103.62900 107.63700 134.47099 129.41600 125.86700 171.07600 171.27100 168.52400 168.71001 166.45100 168.39600 179.51401 185.13400 157.88800 121.26600 106.82500 104.51900 100.71400 102.57800 114.02500 110.01500 105.11500 105.09900 105.34400 105.16200 106.07600 115.74500 117.61600 128.62601 141.26300 143.92599 145.09399 144.41701 111.28200 120.08400 124.65800 125.21400 123.64600 120.00300 117.38900 109.75600 101.02500 100.46300 106.01500 106.89600 110.01800 134.78799 134.17300 130.01100 128.29201 127.92500 124.79600 122.00100 122.86900 97.94270 100.93300 128.00800
119.48300 122.21500 124.35400 123.81300 120.56200 122.25400 121.55100 117.17300 113.98500 114.42700 115.70200 113.83700 114.86000 107.06200 96.89860 117.35700 125.48900 134.20500 191.11700 131.58900 119.34300 170.36501 171.02299 170.72400 172.50600 169.53700 156.87300 131.88901 117.44400 111.37800 121.30800 107.04800 115.55800 112.40800 110.42500 108.05400 105.30600 106.90500 109.25700 110.26900 124.45900 139.07500 147.32201 147.31400 110.05300 116.16100 113.72900 116.66200 122.20300 122.02600 117.60000 111.74200 112.01000 110.00800 107.93600 107.18600 107.75400 110.74800 107.54400 135.47200 136.72000 136.68401 135.71500 136.75400 133.53700 131.92900 129.80000 130.38901 130.02800 127.56300
