data/hydroclimate-scenarios/BCSD_hadcm_B1/monthly_summaries/soilm2_monthly_day1_may.2070-2099.asc
ncols	311
nrows	91
xllcenter	102.75
yllcenter	31.75
cellsize	0.5
NODATA_value	-9999
[rows 31 to 61 of 91, columns 0 to 69 of 311]
-9999 -9999 -9999 -9999 -9999 -9999 -9999 -9999 -9999 -9999 -9999 104.03200 113.49200 117.58100 119.39600 118.67400 107.53100 110.75900 113.75500 112.29400 114.52300 120.05800 120.49700 117.89100 117.70000 120.14800 119.32000 119.23100 119.29000 119.77700 118.13500 119.66300 119.99200 123.10300 121.65300 124.21300 124.99000 121.32000 117.16100 118.01600 117.20700 114.58200 133.58099 135.15601 133.43600 132.63699 133.43500 128.97900 120.06100 128.13800 125.82700 132.12199 131.47600 131.57001 127.71700 139.38400 137.80400 138.69099 139.22301 133.28500 133.69501 131.30901 131.28799 135.70799 133.47200 136.51900 129.76601 131.15300 130.61600 128.34300
-9999 -9999 -9999 -9999 -9999 -9999 -9999 -9999 -9999 -9999 -9999 109.02600 109.48100 118.22300 112.36500 114.74800 113.85200 118.97200 114.80000 115.56500 119.88200 120.98100 122.22200 120.82600 129.16800 130.49800 129.69600 129.79201 129.95700 122.56300 119.38600 118.95800 119.89100 124.66700 121.23400 128.99500 128.00400 123.94600 128.18900 126.10500 124.27900 122.72700 124.26200 122.90400 122.67700 122.34800 120.61900 120.23600 118.85100 120.67800 120.49300 123.94300 124.18200 132.33600 135.13000 135.04201 135.23300 135.70200 138.33400 124.96600 126.75600 127.14100 133.13400 138.87601 140.25301 135.94099 134.09500 131.69099 130.17000 129.15900
-9999 -9999 -9999 -9999 -9999 -9999 -9999 -9999 -9999 -9999 -9999 113.97900 113.80100 112.89000 112.09000 115.00100 115.18900 121.57900 122.80100 124.77700 124.99900 124.43500 132.80200 130.58800 129.22600 117.83600 114.08200 119.38100 118.17200 135.58200 139.23399 121.80400 119.60500 123.06200 133.71700 142.58099 144.09399 134.13200 134.97000 128.49600 126.02900 128.75500 125.06900 125.85900 125.18200 123.79100 122.90300 124.45200 123.36000 125.30000 126.39800 129.89999 131.10201 139.19099 132.79500 134.07001 134.49300 133.33400 134.52499 130.34599 129.32899 135.73700 140.80200 131.63200 137.08299 134.40601 136.73000 137.48900 135.73801 131.66701
-9999 -9999 -9999 -9999 -9999 -9999 -9999 -9999 -9999 -9999 -9999 -9999 118.29200 117.97000 118.55600 117.93700 118.65900 126.30500 127.87500 134.07001 136.23700 122.59900 116.63900 118.77300 113.75300 109.47500 109.71400 109.44600 109.62500 116.58200 135.53400 141.50101 141.89000 142.36501 142.39200 141.90500 137.92101 133.71201 136.74500 129.89700 129.34100 129.58701 129.91100 128.94000 128.19901 128.23000 129.88699 125.53700 124.67600 129.75500 132.99400 134.33800 133.23599 135.34200 139.64200 144.43401 145.24800 143.84200 142.52100 144.27400 146.87500 142.63499 141.07600 139.27000 139.71500 139.20200 140.37199 133.48199 129.99600 129.60201
-9999 -9999 -9999 -9999 -9999 -9999 -9999 -9999 -9999 -9999 -9999 -9999 123.83500 121.92400 123.98300 122.16500 125.20400 136.94400 137.16200 131.67500 132.89400 122.89200 118.98000 113.29700 108.93400 112.42400 114.31400 111.04800 112.54800 114.57800 117.09200 134.20700 143.59300 144.31000 144.47200 133.73700 130.22900 132.86099 132.98100 120.79400 133.28500 121.34100 122.66300 131.78600 131.30400 132.83099 134.44600 127.49000 125.53600 125.58000 126.08800 134.43300 133.65199 144.74600 145.77100 151.60699 152.20700 147.55701 138.27200 145.24200 146.08501 120.42300 118.59200 135.53000 139.01900 144.33800 141.36900 140.71600 137.11099 136.44901
-9999 -9999 -9999 -9999 -9999 -9999 -9999 -9999 -9999 -9999 -9999 -9999 126.44300 134.31900 144.20000 137.60600 137.47600 131.90500 127.06400 127.50600 127.90600 123.17400 122.32000 112.73600 113.83800 112.50200 113.83100 115.55600 117.12800 118.83200 120.47800 143.55901 130.34700 131.51300 137.48500 134.97900 133.63000 132.28200 133.20200 130.18700 126.11700 120.90900 123.46500 128.95900 132.62500 122.34200 130.02100 127.41400 125.64100 129.27299 130.27499 130.95599 135.42900 133.43700 132.27400 128.29601 127.50000 137.60400 135.03999 137.96500 127.74200 122.56000 125.66800 137.78900 145.11600 144.95599 143.83200 141.14600 135.72301 134.70700
-9999 -9999 -9999 124.18200 122.28700 124.29100 126.32600 123.84800 121.44600 -9999 126.57200 137.72400 142.69800 137.59801 138.32300 131.78400 127.53800 130.98300 126.04700 126.00400 129.30701 126.53500 124.77800 119.26100 114.96900 119.31300 121.98000 120.20600 118.53700 117.97600 123.47900 130.04100 126.45700 122.62300 127.88600 113.86400 126.75100 129.12801 133.60400 133.00999 132.39900 125.68100 130.07899 131.35699 126.40500 126.19200 128.03500 123.39900 130.29401 131.41600 122.17200 118.33300 120.37500 126.53200 128.44901 128.40700 126.42500 134.75200 124.00400 129.20599 142.81000 128.34801 125.50200 136.45100 143.37199 143.01900 141.89700 133.92900 133.49500 132.68300
-9999 -9999 -9999 136.25800 137.15800 136.78101 131.37700 133.32700 133.39400 144.30701 146.63200 147.79601 133.11400 130.31400 124.39400 128.33701 119.50500 126.79400 126.27500 128.46800 131.25400 124.54800 132.49100 132.20100 121.49700 122.40300 120.92700 124.23500 123.47600 118.36500 103.66100 119.92200 123.54300 122.72600 123.47500 123.33600 130.75600 125.02800 130.14700 123.91700 127.99400 136.15601 137.21700 126.58400 123.20600 123.38100 129.79601 140.07500 125.29300 120.56600 121.86700 130.28700 129.24899 132.41800 137.63400 130.55701 134.04100 139.42700 132.05800 126.75700 131.98000 134.99400 133.70100 128.08400 134.14600 144.22800 140.64200 143.16600 140.44901 133.65500
-9999 -9999 -9999 141.15900 141.99200 138.85699 146.71100 149.68800 151.68300 152.15700 150.27100 147.08501 130.31799 125.72300 114.51600 122.60500 119.88800 119.96300 127.52600 130.17799 131.06700 123.39400 109.68700 116.03500 117.54100 121.58100 125.23100 125.51000 122.79200 119.94000 120.64500 126.05300 121.85700 123.79000 121.94100 126.64800 131.28300 131.07401 130.78000 125.22600 128.26801 134.16600 138.70100 132.84100 138.68100 137.78700 136.54700 122.83100 124.21500 135.16901 133.42500 139.80600 137.03400 140.83501 140.78900 135.79700 137.17000 142.94099 138.95200 135.09700 132.94501 131.48801 146.23500 139.40500 141.83501 141.94200 143.75700 140.60500 123.54600 128.49600
-9999 -9999 -9999 146.31700 145.14301 147.34500 152.76199 151.29500 150.94600 150.34900 151.78999 142.08501 131.90100 122.81800 120.48500 121.69700 120.44300 133.19600 134.25000 129.64799 124.57300 116.97000 122.06000 127.91700 122.62900 120.92000 126.62900 129.95900 131.33501 123.44700 120.78600 118.82900 118.93200 125.88300 128.76199 124.42900 128.24400 131.79500 133.55299 137.26601 137.83400 127.49300 123.97900 125.42100 139.63200 135.86099 134.08701 138.62801 138.81200 144.67900 139.90900 139.40700 137.35500 125.28400 136.23199 131.73599 130.00500 127.39000 127.66200 121.91900 115.20200 131.50999 137.44299 143.01401 136.27000 129.41100 135.88100 138.08701 133.41400 131.31900
-9999 -9999 -9999 143.96800 142.26900 144.66100 149.60800 150.64000 148.21800 149.77100 149.94501 146.54700 128.06900 122.67100 127.24400 134.29300 127.34100 126.88300 130.97099 127.38400 124.14400 131.47701 136.56200 122.48800 119.26800 121.92200 126.95700 126.60500 123.91100 124.64900 121.94500 121.45400 121.79100 126.98800 131.89700 134.69000 136.07800 134.78700 138.46600 141.68500 143.13901 139.78300 140.41400 136.89101 139.60699 140.51199 141.33800 141.14999 132.60400 144.17200 139.55299 139.35400 128.87000 125.35800 135.60500 128.65500 132.92101 132.39600 135.18201 133.08200 133.84200 139.60400 146.46700 135.99899 131.95700 133.85400 137.76601 130.05000 134.82300 142.21001
-9999 -9999 -9999 -9999 150.35100 151.06400 150.41701 148.95500 148.94000 151.90100 150.42700 144.61301 127.30300 126.45000 -9999 -9999 -9999 -9999 -9999 126.76200 136.56000 133.35800 133.28600 127.26200 125.20700 122.34100 120.14900 121.22300 123.38400 121.32800 121.69700 120.01400 122.58600 122.86900 125.78300 125.93200 129.56200 127.03300 135.32401 139.19000 140.80000 145.14400 146.14700 146.08299 147.74001 149.66299 149.49300 143.51601 145.24400 146.27000 143.48100 142.99699 145.42700 139.40199 138.55400 140.33200 138.24699 136.53500 125.41800 128.90199 134.16800 137.58000 137.12300 147.82300 148.69099 142.01601 148.98300 154.61400 166.61301 -9999
-9999 -9999 147.30099 150.91200 150.41800 148.40100 149.65199 148.59700 150.20500 151.37399 149.45700 144.63100 131.95399 -9999 -9999 -9999 -9999 -9999 133.37199 134.79700 134.39799 123.52400 121.58600 126.20400 128.79601 128.75800 122.77300 118.51400 119.38400 119.58100 113.45900 115.34100 119.38200 123.21800 125.32000 123.89200 125.82300 125.24100 127.57600 129.67500 136.52200 139.11200 143.33200 146.86501 146.66299 148.43201 151.05701 150.00700 146.18401 146.48900 146.85001 148.84900 148.25900 151.01900 141.04601 144.61900 142.52200 132.45399 130.83701 141.28300 141.01700 141.35100 145.40401 150.46100 154.21700 154.97701 158.84599 -9999 -9999 -9999
-9999 -9999 148.60699 149.61000 146.16400 146.34000 146.62000 150.63400 149.51300 148.51199 149.83099 148.17200 137.71600 -9999 -9999 -9999 -9999 132.85001 136.59700 130.18500 122.67400 116.33400 116.60800 125.56200 121.29400 112.82900 111.12000 110.09100 113.64100 114.77400 112.20000 116.09400 116.66600 120.28400 124.44800 123.24500 123.53600 119.27000 127.11500 134.74100 135.89600 138.78900 142.33099 141.60500 134.42999 127.70900 130.91000 133.30701 129.73500 135.21201 138.45399 145.59100 148.00301 149.23900 151.33299 138.92900 142.50000 140.94000 144.27901 149.88901 150.61600 147.84200 153.22400 156.07600 154.46201 -9999 -9999 -9999 -9999 -9999
-9999 -9999 149.47800 150.70100 148.38699 147.53300 147.38600 147.54900 147.65800 150.10400 147.96899 144.11400 122.89600 -9999 -9999 -9999 -9999 133.55901 136.28000 127.23600 116.97200 114.31200 115.22300 112.15400 112.70000 110.56900 109.94100 110.43200 111.12500 109.93600 111.39500 111.22800 115.14700 119.99400 121.42900 125.54200 127.91400 129.74400 131.68600 126.35200 132.67400 132.36900 133.02800 139.68300 136.37399 130.61600 129.45000 126.03700 119.24200 118.72500 120.83700 125.03000 134.66100 133.87399 142.37199 135.07100 138.48199 145.34399 150.23199 151.07001 149.89101 148.59300 151.89101 138.02800 138.14600 152.07001 159.71700 157.83200 160.37601 -9999
-9999 -9999 -9999 150.20700 147.89000 149.14400 144.34300 141.47301 145.29500 147.74899 133.82800 127.68500 -9999 -9999 -9999 -9999 137.26500 135.91200 128.52600 121.26900 117.13500 107.75500 108.56900 107.31900 107.98900 108.79800 111.09900 109.26800 112.87400 118.15000 115.22800 115.51800 115.41400 112.96300 110.68900 111.19900 114.15000 117.93100 121.23000 119.54200 125.04700 125.63900 138.13600 135.74200 134.25500 139.37601 134.68100 133.08400 129.60699 120.26700 134.61301 141.80299 139.17500 143.66200 147.41299 145.98100 150.52100 146.73700 151.41100 153.16400 154.64500 155.18100 156.50600 139.66499 121.29000 149.83900 162.65100 162.04900 160.02600 157.18700
-9999 -9999 -9999 -9999 149.50101 151.58900 142.95300 143.74699 148.29700 138.65900 115.76900 -9999 -9999 -9999 -9999 144.47000 141.11600 127.04900 138.65700 111.15700 103.66500 98.67440 100.58900 103.27400 106.18000 102.58900 99.76500 102.70600 103.96700 107.70500 108.83600 105.00000 103.82500 105.13800 111.38300 119.57200 122.96100 121.87800 120.66500 116.48000 119.13400 122.46400 124.48000 125.66300 125.88900 137.31599 142.81500 137.66100 134.99001 128.89999 128.81500 136.84000 141.10600 139.31400 143.31000 141.92500 139.73700 150.05600 154.28000 151.66901 153.94800 146.82201 144.45700 140.35500 136.44000 156.30200 154.74400 153.44000 155.66299 157.66901
-9999 -9999 -9999 -9999 -9999 -9999 142.45799 146.68201 112.26600 118.46800 116.53100 -9999 -9999 -9999 -9999 -9999 125.43800 115.88800 112.62900 101.81000 98.88740 88.35210 95.30540 101.00600 96.96180 93.85700 99.99890 141.81700 142.38600 135.69400 106.31500 101.91100 102.85700 105.91600 107.92200 105.57500 118.00300 122.52200 116.23300 118.53500 119.08100 126.41700 128.74400 123.28800 135.05701 131.37601 130.92000 136.62399 138.96400 135.59700 143.92200 141.77000 134.03101 139.16000 136.27800 136.93201 137.76801 141.17500 143.82401 130.92101 131.71700 137.23399 142.43201 137.51199 133.02901 141.14000 153.79401 148.68100 149.75600 150.19600
-9999 -9999 -9999 -9999 -9999 -9999 -9999 -9999 -9999 -9999 -9999 -9999 -9999 -9999 -9999 -9999 -9999 -9999 -9999 98.46440 96.81420 86.11580 92.05780 92.38600 96.61030 96.95120 118.24900 116.41600 116.08500 97.41820 105.21100 102.93000 109.61300 110.98100 107.51900 109.36800 114.70800 120.18400 119.48700 123.41900 125.30800 126.54900 125.66200 124.45100 125.75300 121.41400 116.84000 132.12000 135.58099 145.27000 150.33200 139.32100 139.48100 139.85500 133.56200 131.92300 114.65100 121.73900 119.04300 122.64900 141.77000 150.13200 131.11400 131.19600 127.28600 140.98500 144.28101 142.43300 145.30600 157.03101
-9999 -9999 -9999 -9999 -9999 -9999 -9999 -9999 -9999 -9999 -9999 -9999 -9999 -9999 -9999 -9999 -9999 -9999 102.91500 100.98500 94.76920 88.74580 90.04870 90.17980 89.52170 89.80990 116.64700 117.35100 91.76930 93.82800 97.37620 100.23900 101.95500 103.97600 109.12300 127.50500 116.45300 117.75200 120.10800 120.45100 122.23700 122.93600 123.64400 125.14800 125.05300 130.39400 117.13700 482.71600 627.94702 666.13397 677.20697 139.69299 142.29500 145.54300 143.88901 134.89900 115.04300 120.27800 136.85400 123.68900 140.77499 146.27400 130.73500 133.13100 151.21800 137.77400 127.15100 141.18401 145.70500 149.18100
-9999 -9999 -9999 -9999 -9999 -9999 -9999 -9999 -9999 -9999 -9999 -9999 -9999 -9999 -9999 -9999 -9999 104.52300 105.63600 94.43370 92.80020 89.82880 87.39790 87.00950 84.94020 88.74410 121.62600 113.84900 117.75800 120.55800 122.52600 121.69100 105.70300 119.50100 127.01600 129.76199 130.96899 120.26900 117.68600 119.54100 119.69300 127.75800 121.46400 127.54300 115.59300 113.53800 128.62601 637.00299 634.17499 655.20697 662.41498 149.42999 148.28101 149.02600 144.54700 146.04401 114.92600 116.78400 119.05400 117.56000 125.24300 138.62399 135.68201 141.25400 121.40700 122.23600 127.60500 121.93400 145.75800 151.99500
-9999 -9999 -9999 -9999 -9999 -9999 -9999 -9999 -9999 -9999 -9999 -9999 -9999 -9999 -9999 -9999 -9999 103.16400 97.55240 99.29590 97.54640 117.26500 113.29600 78.72220 79.29160 83.59320 83.11690 84.00700 82.58220 114.98900 122.45100 123.45100 123.32800 122.61300 126.71300 130.70500 133.60800 109.86100 115.05000 116.54400 113.40800 109.61200 123.97000 106.62700 125.66600 126.58200 122.52500 484.56500 489.28101 640.50800 668.15698 148.25600 148.41499 145.53200 139.76900 147.40401 129.04100 120.43300 115.51600 120.81500 117.58100 121.76800 122.25600 122.36300 126.57700 127.94200 126.74900 138.66701 149.70100 163.38200
-9999 -9999 -9999 -9999 -9999 -9999 -9999 -9999 -9999 -9999 -9999 -9999 -9999 -9999 -9999 -9999 111.63600 108.07900 100.50200 100.55000 114.54400 79.61910 79.08440 78.00120 76.00670 78.09170 79.65370 82.56190 80.83220 81.69760 82.74370 80.65900 112.12900 120.06800 122.44600 126.44600 123.32900 126.80600 110.87100 107.88400 100.50900 104.18700 124.36300 120.43700 99.98360 119.96500 118.37400 493.63599 487.34399 634.10901 666.93701 144.35600 146.75500 144.68900 139.12900 146.29800 145.59599 128.43100 130.60500 120.81200 117.77700 123.76300 131.32500 147.20700 149.91800 155.06300 149.25900 148.36800 144.82201 157.60500
-9999 -9999 -9999 -9999 -9999 -9999 -9999 -9999 -9999 -9999 -9999 -9999 -9999 99.64550 101.07100 101.39600 101.30900 105.33200 118.99300 112.01000 79.62550 79.91660 77.43090 78.43780 78.75530 76.40310 76.08710 369.06699 368.42499 367.04800 552.52399 559.88202 371.08099 367.56799 562.32800 573.19800 584.24597 577.95099 440.26700 443.19199 438.80899 592.15198 584.38300 417.98199 598.53802 604.51398 613.71600 624.03400 633.74103 648.87000 662.03601 677.35901 684.93701 687.65100 694.30603 682.75702 685.83398 671.16498 633.15100 641.35797 672.98102 727.35901 758.46503 766.76501 748.24597 751.63000 750.12701 144.99300 145.43700 155.93900
-9999 -9999 -9999 -9999 -9999 -9999 -9999 -9999 -9999 -9999 -9999 -9999 93.55720 96.18250 121.62800 119.62400 117.85900 86.22350 82.96010 75.93070 77.40730 76.80880 75.13820 78.45560 76.35140 73.22670 72.85620 363.98801 543.89203 547.93903 540.00098 546.06702 553.05402 541.11902 559.88501 568.90198 391.71301 401.69800 431.08401 428.90701 422.08099 414.50800 583.93903 588.58600 598.03601 606.63202 620.57898 620.03998 632.46198 647.03302 655.62000 544.39502 671.26099 560.01801 660.85400 666.44501 676.00702 671.52899 664.52698 711.05499 719.90601 729.58899 744.14502 753.73602 758.54199 779.11200 783.03699 143.74400 147.96201 149.26500
-9999 -9999 -9999 -9999 -9999 -9999 -9999 -9999 -9999 -9999 -9999 123.15600 95.62940 118.86300 86.02190 80.90050 79.24040 80.58420 80.44520 77.69560 78.03640 73.84010 73.37660 73.00140 73.02130 72.71270 111.95700 536.45300 542.81598 546.66302 541.02899 363.36801 367.25101 372.07001 367.44800 568.22803 404.98700 415.95401 418.81201 413.55099 404.44501 581.00897 574.67700 583.26501 591.49402 597.82300 607.67401 619.66498 633.09698 635.21301 653.40503 569.49200 564.84399 655.94098 593.76398 585.15997 661.54602 613.25201 627.38898 677.39398 708.79401 703.69202 717.33801 725.90399 753.87903 765.47601 756.87598 148.11900 145.25200 140.49001
-9999 -9999 -9999 -9999 -9999 -9999 -9999 -9999 -9999 -9999 90.98160 90.44410 82.17250 83.56700 78.99320 76.84490 75.25410 74.95560 75.91310 74.76340 73.22820 72.30050 72.08170 71.93600 71.58990 71.59380 71.56590 544.83899 540.55603 351.06400 351.61600 364.24399 367.14999 559.72198 562.49298 563.64502 411.12100 413.85800 427.42001 407.25299 575.77502 567.05902 564.01801 574.62201 579.04797 591.32098 596.89801 611.61798 625.05402 638.17102 643.21100 570.61401 650.86603 576.59900 577.20300 569.86798 660.05103 683.32300 672.94598 691.34900 693.57599 699.85699 720.94598 723.68103 737.73999 744.18799 801.15399 145.71500 142.21700 135.21700
-9999 -9999 -9999 -9999 -9999 -9999 -9999 -9999 -9999 152.05901 151.20900 152.20500 153.46100 154.03200 151.35001 147.02100 146.48199 144.62900 143.14000 144.11700 144.10899 144.39799 144.61600 143.86900 143.46001 143.27000 143.73900 144.63400 143.94701 142.53700 142.81300 354.19601 368.36301 378.95499 573.98297 580.35699 438.79199 427.13599 413.45901 569.38397 560.72803 555.05103 562.86603 728.06000 574.00000 743.55103 593.24402 610.59399 632.10901 637.04303 649.64697 648.75098 570.74402 672.34100 629.91602 656.04102 667.82001 672.48901 671.62500 691.33398 689.65802 714.48297 709.97101 724.25500 711.75897 720.39203 738.75800 285.03601 260.58401 259.22000
-9999 -9999 -9999 -9999 -9999 -9999 -9999 -9999 -9999 -9999 146.22099 145.57300 146.11600 145.99800 143.52299 142.65199 143.08200 142.02699 141.61200 143.63400 143.78900 142.93600 143.09801 -9999 -9999 -9999 -9999 -9999 -9999 147.42200 148.97000 364.13501 367.57001 377.46100 384.45200 579.34802 589.44598 408.62900 398.30099 558.34198 556.68799 558.63501 565.56598 733.08002 726.27301 735.57703 742.67902 599.64203 627.38898 632.90002 634.39899 517.92297 557.92902 605.61499 686.64001 648.57300 656.15900 665.01300 665.25403 672.31097 695.64697 690.40302 643.40698 717.33398 739.99902 732.59601 726.29999 274.42801 271.34000 284.04999
-9999 -9999 -9999 -9999 -9999 -9999 -9999 -9999 -9999 -9999 -9999 -9999 142.45900 142.15900 141.95900 139.89101 140.33000 140.02499 140.18401 -9999 -9999 -9999 -9999 -9999 -9999 -9999 -9999 -9999 -9999 -9999 -9999 -9999 -9999 375.88000 553.78101 568.22101 582.57300 564.48499 383.99500 379.43201 558.27502 560.38501 564.36798 571.26599 578.86902 733.50500 749.41901 595.62402 614.04901 621.96899 632.08801 651.43500 658.33502 651.81403 663.10498 642.97900 650.00897 630.50500 494.59500 659.17401 685.98199 681.09601 694.93201 715.24799 721.84998 716.19202 670.83600 251.18500 263.78400 285.80499
-9999 -9999 -9999 -9999 -9999 -9999 -9999 -9999 -9999 -9999 -9999 -9999 -9999 -9999 -9999 -9999 -9999 -9999 -9999 -9999 -9999 -9999 -9999 -9999 -9999 -9999 -9999 -9999 -9999 -9999 -9999 -9999 -9999 -9999 565.59198 566.10400 560.05701 560.89398 370.91699 553.51501 551.53198 560.29303 718.55499 574.82001 739.30200 739.04303 618.28198 585.83301 610.49298 616.95001 625.76898 645.59100 660.89600 651.23700 656.27301 643.14301 626.55200 653.03003 642.63501 664.60797 682.86499 699.47302 698.67798 719.30701 709.61298 690.41302 707.24200 265.28900 280.72601 303.67599
