data/hydroclimate-scenarios/BCSD_hadcm_B1/monthly_summaries/soilm2_monthly_day1_feb.2030-2059.asc
ncols	311
nrows	91
xllcenter	102.75
yllcenter	31.75
cellsize	0.5
NODATA_value	-9999
[rows 0 to 30 of 91, columns 70 to 139 of 311]
-9999 -9999 -9999 -9999 -9999 -9999 -9999 -9999 -9999 -9999 -9999 -9999 -9999 -9999 -9999 -9999 -9999 -9999 -9999 -9999 -9999 -9999 -9999 -9999 -9999 -9999 -9999 -9999 -9999 -9999 -9999 -9999 -9999 -9999 -9999 -9999 -9999 -9999 -9999 -9999 -9999 -9999 -9999 -9999 -9999 -9999 -9999 -9999 -9999 -9999 -9999 -9999 -9999 -9999 -9999 -9999 -9999 -9999 -9999 -9999 -9999 -9999 -9999 -9999 -9999 -9999 -9999 -9999 -9999 -9999
-9999 -9999 -9999 -9999 -9999 -9999 -9999 -9999 -9999 -9999 -9999 -9999 -9999 -9999 -9999 -9999 -9999 -9999 -9999 -9999 -9999 -9999 -9999 -9999 -9999 -9999 -9999 -9999 -9999 -9999 -9999 -9999 -9999 -9999 -9999 -9999 -9999 -9999 -9999 -9999 -9999 -9999 -9999 -9999 -9999 -9999 -9999 -9999 -9999 -9999 -9999 -9999 -9999 -9999 -9999 -9999 -9999 -9999 -9999 -9999 -9999 -9999 -9999 -9999 -9999 -9999 -9999 -9999 -9999 -9999
-9999 -9999 -9999 -9999 -9999 -9999 -9999 -9999 -9999 -9999 -9999 -9999 -9999 -9999 -9999 -9999 -9999 -9999 -9999 -9999 -9999 -9999 -9999 -9999 -9999 -9999 -9999 -9999 -9999 -9999 -9999 -9999 -9999 -9999 -9999 -9999 -9999 -9999 -9999 -9999 -9999 -9999 -9999 -9999 -9999 -9999 -9999 -9999 -9999 -9999 -9999 -9999 -9999 -9999 -9999 -9999 -9999 -9999 -9999 -9999 -9999 -9999 -9999 -9999 -9999 -9999 -9999 -9999 -9999 -9999
-9999 -9999 -9999 -9999 -9999 -9999 -9999 -9999 -9999 -9999 -9999 -9999 -9999 -9999 -9999 -9999 -9999 -9999 -9999 -9999 -9999 -9999 -9999 -9999 -9999 -9999 -9999 -9999 -9999 -9999 -9999 -9999 -9999 -9999 -9999 -9999 -9999 -9999 -9999 -9999 -9999 -9999 -9999 -9999 -9999 -9999 -9999 -9999 -9999 -9999 -9999 -9999 -9999 -9999 -9999 -9999 -9999 -9999 -9999 -9999 -9999 -9999 -9999 -9999 -9999 -9999 -9999 -9999 -9999 -9999
-9999 -9999 -9999 -9999 -9999 -9999 -9999 -9999 -9999 -9999 -9999 -9999 -9999 -9999 -9999 -9999 -9999 -9999 -9999 -9999 -9999 -9999 -9999 -9999 -9999 -9999 -9999 -9999 -9999 -9999 -9999 -9999 -9999 -9999 -9999 -9999 -9999 -9999 -9999 -9999 -9999 -9999 -9999 -9999 -9999 -9999 -9999 -9999 -9999 -9999 -9999 -9999 -9999 -9999 -9999 -9999 -9999 -9999 -9999 -9999 -9999 -9999 -9999 -9999 -9999 -9999 -9999 -9999 -9999 -9999
-9999 -9999 -9999 -9999 -9999 -9999 -9999 -9999 -9999 -9999 -9999 -9999 -9999 -9999 -9999 -9999 -9999 -9999 -9999 -9999 -9999 -9999 -9999 -9999 -9999 -9999 -9999 -9999 -9999 -9999 -9999 -9999 -9999 -9999 -9999 -9999 -9999 -9999 -9999 -9999 -9999 -9999 -9999 -9999 -9999 -9999 -9999 -9999 -9999 -9999 -9999 -9999 -9999 -9999 -9999 -9999 -9999 -9999 -9999 -9999 -9999 -9999 -9999 -9999 -9999 -9999 -9999 -9999 -9999 -9999
-9999 -9999 -9999 -9999 -9999 -9999 -9999 -9999 -9999 -9999 -9999 -9999 -9999 -9999 -9999 -9999 -9999 -9999 -9999 -9999 -9999 -9999 -9999 -9999 -9999 -9999 -9999 -9999 -9999 -9999 -9999 -9999 -9999 -9999 -9999 -9999 -9999 -9999 -9999 -9999 -9999 -9999 -9999 -9999 -9999 -9999 -9999 -9999 -9999 -9999 -9999 -9999 -9999 -9999 -9999 -9999 -9999 -9999 -9999 -9999 -9999 -9999 -9999 -9999 -9999 -9999 -9999 -9999 -9999 -9999
-9999 -9999 -9999 -9999 -9999 -9999 -9999 -9999 -9999 -9999 -9999 -9999 -9999 -9999 -9999 -9999 -9999 -9999 -9999 -9999 -9999 -9999 -9999 -9999 -9999 -9999 -9999 -9999 -9999 -9999 -9999 -9999 -9999 -9999 -9999 -9999 -9999 -9999 -9999 -9999 -9999 -9999 -9999 -9999 -9999 -9999 -9999 -9999 -9999 -9999 -9999 -9999 -9999 -9999 -9999 -9999 -9999 -9999 -9999 -9999 -9999 -9999 -9999 -9999 -9999 -9999 -9999 -9999 -9999 -9999
-9999 -9999 -9999 -9999 -9999 -9999 -9999 90.55240 -9999 -9999 -9999 -9999 -9999 -9999 -9999 -9999 -9999 -9999 -9999 -9999 -9999 -9999 -9999 -9999 -9999 -9999 -9999 -9999 -9999 -9999 -9999 -9999 -9999 -9999 -9999 -9999 -9999 -9999 -9999 -9999 -9999 -9999 -9999 -9999 -9999 -9999 -9999 -9999 -9999 -9999 -9999 -9999 -9999 -9999 -9999 -9999 -9999 -9999 -9999 -9999 -9999 -9999 -9999 -9999 -9999 -9999 -9999 -9999 -9999 -9999
-9999 -9999 -9999 99.56310 81.18480 85.11530 87.22670 89.42600 92.43160 91.71920 93.87240 94.50450 95.41680 95.32450 95.83460 95.81440 99.55010 98.53540 97.95070 97.57710 97.33950 96.63900 93.79000 -9999 -9999 -9999 -9999 -9999 -9999 -9999 -9999 -9999 -9999 -9999 -9999 -9999 -9999 -9999 -9999 -9999 -9999 -9999 -9999 -9999 -9999 -9999 -9999 -9999 -9999 -9999 -9999 -9999 -9999 -9999 -9999 -9999 -9999 -9999 -9999 -9999 -9999 -9999 -9999 -9999 -9999 -9999 -9999 -9999 -9999 -9999
-9999 -9999 -9999 -9999 -9999 85.92640 87.71040 89.29700 90.42740 91.79690 93.63810 94.58950 96.34580 99.14170 99.53050 99.96930 100.64400 100.15300 101.22500 101.52400 102.10300 101.64700 99.79480 -9999 -9999 -9999 -9999 -9999 -9999 -9999 -9999 -9999 -9999 -9999 -9999 -9999 -9999 -9999 -9999 -9999 -9999 -9999 -9999 -9999 -9999 -9999 -9999 -9999 -9999 -9999 -9999 -9999 -9999 -9999 -9999 -9999 -9999 -9999 -9999 -9999 -9999 -9999 -9999 -9999 -9999 -9999 -9999 -9999 -9999 -9999
78.81350 79.14030 79.72000 81.53900 82.15530 83.82810 85.76360 84.47460 87.54530 88.20950 90.40170 91.68400 93.29000 96.13170 98.33590 99.76620 100.49700 99.71800 100.49700 100.00800 101.77300 113.60800 121.08700 102.53800 102.24300 100.35800 98.99910 96.71090 95.79190 -9999 -9999 -9999 -9999 -9999 -9999 -9999 -9999 -9999 -9999 -9999 -9999 -9999 -9999 -9999 -9999 -9999 -9999 -9999 -9999 -9999 -9999 -9999 -9999 -9999 -9999 -9999 -9999 -9999 -9999 -9999 -9999 -9999 -9999 -9999 -9999 -9999 -9999 -9999 -9999 -9999
80.58780 80.37960 81.01620 82.80830 82.30070 83.73410 85.43860 84.85410 85.83220 84.22040 85.04510 89.75820 91.83480 94.09670 95.78580 98.61650 100.40100 98.01480 94.08010 120.42300 106.17600 103.30100 101.17200 102.81800 102.38600 100.62500 99.06040 98.76680 97.71350 95.22340 93.55250 92.24780 91.42190 90.78870 90.98290 88.23800 87.69760 85.85500 86.03830 83.97490 84.06630 85.90070 85.56980 85.71780 -9999 -9999 -9999 -9999 -9999 -9999 -9999 -9999 -9999 -9999 -9999 -9999 -9999 -9999 -9999 -9999 -9999 -9999 -9999 -9999 -9999 -9999 -9999 -9999 -9999 -9999
56.79150 56.90460 57.76680 57.51470 77.07790 84.36700 84.76270 84.38610 84.65960 83.66060 79.70860 80.85530 86.90950 82.97400 90.37270 93.01070 94.82620 93.11730 92.65200 94.09230 100.18000 100.86900 100.78600 99.34270 81.50810 90.75400 93.94040 92.06460 91.13040 92.79610 95.84170 91.70290 92.02830 87.31710 86.50400 85.06970 84.45940 85.25440 85.33600 83.88370 84.00720 87.21390 87.74510 86.64710 118.43600 -9999 -9999 -9999 -9999 -9999 -9999 -9999 -9999 -9999 -9999 -9999 -9999 -9999 -9999 -9999 -9999 -9999 -9999 -9999 -9999 -9999 -9999 -9999 -9999 -9999
89.79560 89.25150 89.03940 81.98390 95.24400 89.99840 90.21850 93.87150 93.41250 92.70790 91.83090 94.13210 94.23380 91.54520 90.67110 89.00150 92.52100 96.68450 98.21190 95.94910 121.98400 103.24700 102.66300 100.24100 98.51830 97.86150 99.25690 94.20640 91.24300 91.72200 91.59970 88.61200 87.04120 87.40950 87.65900 85.92520 86.39010 85.05600 84.93940 85.66530 87.88190 87.41400 88.61230 91.23580 89.89460 -9999 -9999 -9999 -9999 -9999 -9999 -9999 -9999 -9999 -9999 -9999 -9999 -9999 -9999 -9999 89.46400 91.20750 -9999 -9999 -9999 -9999 105.18900 114.34700 118.78800 108.03900
88.44920 87.82140 88.91830 89.62010 93.44560 88.63120 87.25200 90.44740 92.79500 92.73560 93.38930 88.13510 89.43950 88.25760 91.83060 92.94390 91.40990 94.43920 93.89320 121.42800 93.53630 97.11390 96.90370 96.04890 91.01580 89.46190 88.13530 89.22850 90.34010 89.16640 89.62750 88.32680 86.99660 85.67990 85.15840 84.02110 83.86510 81.84570 81.52950 82.61670 109.61300 117.57500 117.69000 118.64300 111.06600 111.51700 111.47100 118.86800 89.60020 96.38000 97.91380 90.31680 92.36280 98.93150 99.33590 95.41310 78.65040 70.74550 69.94360 89.76410 91.07230 83.92160 -9999 -9999 -9999 -9999 -9999 108.03200 111.81200 110.25600
94.84560 98.21250 66.28490 91.72610 97.79950 71.60560 87.72220 88.47700 87.68390 84.58150 83.54500 83.56240 85.08120 83.24510 83.32050 84.23660 110.67000 88.55490 90.41260 89.87680 88.42190 91.02620 90.50770 89.68050 88.18240 86.64410 86.54010 85.52270 86.51430 85.34610 85.33360 85.42850 83.48690 83.61140 84.84760 85.25530 85.20190 85.53840 85.61050 117.67800 118.03200 85.32400 118.59700 87.10000 87.26620 88.82980 87.66360 87.39610 86.74040 91.80790 97.66460 95.32340 89.19390 93.50340 102.52900 106.61100 99.18040 101.26500 100.63700 94.07900 80.54120 80.25150 83.15860 90.29190 95.89380 97.73270 102.12900 104.09700 108.12600 106.82100
89.12590 99.60150 99.69720 87.78520 101.74500 101.43700 95.22970 91.87330 92.59990 80.98190 79.95030 79.68740 82.22650 82.26410 109.92000 84.03620 87.93320 88.45730 88.29590 89.06430 89.73710 91.01160 88.74660 88.10620 87.18340 86.00720 85.19470 84.74640 85.17250 84.57760 85.14040 84.16200 84.34360 83.71820 83.20460 84.65300 84.65460 118.18600 84.03290 83.57550 85.68680 85.55070 85.21240 82.88290 84.82420 87.73410 87.38770 86.08150 84.79320 84.56750 84.95790 87.69430 86.39490 89.50500 89.59000 97.21050 105.69600 106.26200 107.87500 110.33400 108.12100 95.48980 94.16310 87.79950 79.78300 89.13320 94.91960 99.36230 101.07300 103.02400
100.53100 106.72100 108.54400 94.41770 60.84290 88.47980 81.53340 80.07340 88.46410 84.03970 79.82740 79.12200 81.44400 81.63460 82.50170 86.21290 87.66810 87.59630 86.97490 89.31040 97.40690 96.05190 90.20810 89.45190 87.49320 85.79220 86.17510 83.59050 83.49280 84.99830 84.02260 82.97040 117.38700 82.79010 81.57580 84.04220 83.89130 84.14000 87.16900 87.21120 90.13200 85.02170 84.64370 92.10360 95.99890 96.58750 88.96880 84.24640 83.84770 83.30990 84.25240 89.04750 93.02760 95.70280 96.57330 76.74970 75.72030 77.85660 99.54810 102.54600 114.12300 112.23000 109.57900 109.30600 98.38620 93.58740 89.63710 90.32810 90.79540 94.32650
86.44080 101.58800 109.49700 105.97700 92.80820 74.08150 81.75690 77.86230 85.73170 86.40760 79.99870 97.97220 93.12590 82.99620 86.07780 86.07460 82.68760 82.08290 84.87830 87.70750 90.83000 94.97440 90.18190 90.22240 90.56470 85.67110 84.50150 82.58830 80.98920 81.48330 109.78900 82.17840 81.61780 81.24060 82.54740 82.15120 81.98330 83.93260 85.78080 86.44740 93.00060 92.77340 89.63700 91.07000 90.56370 97.98110 95.91750 89.89420 88.93520 82.04700 86.37150 93.41250 91.87100 94.98370 90.30020 97.15670 102.74800 103.39700 106.62300 104.39100 103.60900 105.11000 102.78000 99.19290 108.16300 111.47000 98.47080 108.88200 97.37310 96.20260
88.36760 96.82750 94.91910 92.98330 98.47600 100.67100 74.02580 61.48240 55.70950 82.19960 77.00230 85.53330 102.82200 112.00300 111.16100 97.94030 94.35130 86.11000 81.90150 81.03590 81.32530 82.65300 83.17880 84.22110 82.43510 80.78040 82.13540 80.51460 79.66040 80.10280 80.59240 79.90580 82.00310 88.10320 86.34370 85.84880 88.16910 89.61270 92.95090 90.75790 89.46800 95.05800 97.97090 93.52810 89.87640 90.45740 88.22140 87.37230 86.62470 82.78060 82.72900 82.55140 86.03740 89.36540 93.03130 95.44570 102.11200 102.38300 106.27500 104.01000 107.62100 107.48200 106.99200 93.83430 106.33600 106.80400 103.64500 94.60970 97.22190 96.40890
109.90700 117.80300 112.78300 116.28400 109.27600 109.45200 106.50300 93.61980 92.72300 89.64110 81.66180 75.88450 76.61380 87.93490 96.37710 112.19000 110.01700 108.14900 102.81200 87.10490 68.68720 83.63640 83.45970 83.35840 84.68320 83.18670 84.38170 82.78350 82.12540 82.24680 85.27150 86.40950 92.31370 91.30350 94.77150 93.19980 93.67170 93.70210 95.48480 75.16280 94.76030 96.40100 95.58530 93.06460 95.19960 93.44350 95.53430 94.69170 95.56150 91.42760 88.46730 96.19510 98.48650 101.35200 88.33720 101.10800 100.72000 95.58490 105.42400 107.33600 120.52300 110.89600 112.33800 108.83700 104.93900 105.49300 89.78860 108.50400 108.64100 112.16000
98.58570 105.48500 117.21100 123.33900 120.23400 122.93700 111.67400 102.39300 88.68670 98.94470 90.90500 87.23720 90.23760 89.28550 65.25860 88.38280 71.58010 80.05780 105.04700 112.15000 100.10200 84.74080 96.06220 87.79690 85.36920 83.70410 85.06930 83.96130 83.38080 90.74430 89.41420 93.11470 93.81500 95.86400 91.84730 97.94870 94.13470 94.85230 93.32610 97.86100 97.21280 94.15120 94.06500 92.44430 90.88550 101.54700 103.24700 101.61800 101.27500 98.49100 101.62200 105.75700 105.72300 108.54800 115.36900 98.04960 102.76000 108.96900 112.93400 109.81300 113.59400 113.00200 109.37900 104.23600 87.11890 108.41700 109.44400 106.52500 107.17700 109.67300
104.26700 108.09600 106.16100 104.65300 110.39100 118.72000 120.52400 118.20000 113.85400 110.15300 98.29370 86.31410 103.98500 103.88600 98.68270 117.60800 110.71100 109.85800 66.14040 102.15700 118.32600 109.80500 110.33500 103.60900 88.37860 84.54320 82.81760 83.53980 83.33350 87.95440 88.63880 91.52880 92.31540 92.15180 91.60190 89.58070 93.15100 96.51310 94.58420 98.23570 99.70810 102.71000 101.52700 97.83820 80.29060 67.07550 87.49650 93.95020 104.29200 108.36400 105.32600 107.15800 98.85790 108.90400 100.94500 110.34800 117.49000 111.82900 119.90800 106.59600 107.51700 108.92100 105.69600 105.41100 107.15200 103.41500 104.03900 103.30900 99.86750 104.64800
105.33000 108.74700 105.37200 102.80700 94.25750 103.37400 103.53900 106.21500 107.11200 99.66730 99.50510 96.18270 95.44700 79.51730 94.22920 109.66200 114.37600 111.05600 110.53300 90.02700 99.29660 103.64800 105.66200 101.10100 99.26680 89.16510 84.78600 84.21420 84.21290 87.58300 90.03040 91.00570 89.68750 83.99050 86.73470 91.32860 90.12780 93.57700 94.99990 98.17980 103.70800 103.01700 98.13290 109.98800 88.91880 88.28430 95.38750 100.44600 105.95500 107.67000 105.24700 102.40400 105.63600 114.93200 117.48500 114.48400 111.35200 111.66000 108.29200 115.13200 115.26200 108.34700 102.77700 104.49300 101.03500 100.21800 101.49700 99.19370 106.12300 111.98900
108.46000 116.35300 114.43900 107.49600 106.35700 107.82700 100.47300 99.55840 95.16660 90.82250 85.94550 92.01770 102.10200 98.80690 93.15120 95.28850 108.67100 109.21600 107.26800 111.74100 109.27500 106.36800 96.29350 93.85830 95.78390 96.21020 96.67260 86.68770 84.41430 86.16840 91.54880 89.76580 92.69310 84.98560 89.56590 91.70020 97.40600 99.29810 101.85700 99.62170 113.39500 99.81620 106.31500 107.98200 110.24200 108.06300 99.97670 82.55600 85.57330 85.89400 88.29360 107.64500 104.27400 102.34400 101.28800 102.43200 107.67000 109.79700 110.96200 112.19300 117.95800 114.21900 114.79700 113.79000 110.63100 109.04000 104.00300 105.35700 111.92800 103.52800
110.23300 112.90600 119.07300 114.25100 107.57600 108.71000 110.53400 104.59000 100.59900 89.08450 94.42100 91.63110 94.87760 105.74700 102.62900 101.51000 100.66300 110.93500 106.12200 111.75300 110.17500 109.54100 103.73600 108.03000 97.97570 99.43610 96.50220 94.97330 91.83990 85.99330 86.31910 85.57290 86.23830 87.75590 98.90720 98.77620 93.43330 105.53400 111.74000 90.64900 104.84600 110.28400 110.73600 102.75500 99.02200 95.38500 92.65780 107.06900 91.69400 91.33120 116.90700 93.77390 111.80600 114.40900 114.36900 114.93000 112.78900 110.44100 112.18100 113.93600 116.39200 114.45700 116.27600 114.60100 114.42800 114.49700 90.67950 114.47000 93.11200 98.97470
123.23300 112.68000 110.73600 113.32700 111.80100 113.58900 106.91200 90.56920 96.91440 94.70870 88.50190 83.31130 89.23380 101.00500 107.94500 108.05300 108.00000 107.69500 111.48300 107.28500 105.16500 120.10000 106.99700 105.39900 99.55770 98.52870 100.88800 108.28900 96.93000 92.00960 87.11910 92.10630 89.22430 91.19810 101.55900 104.01600 97.74040 108.49400 105.69000 109.31900 98.05060 99.74980 101.91400 100.49400 113.02500 111.45300 115.17200 112.36600 114.76600 116.55700 114.85400 115.36100 114.98500 113.41700 111.05000 113.70100 114.93900 122.23000 120.01900 116.61600 119.74500 118.56900 120.67400 115.36600 105.32000 106.96700 96.50620 99.12120 99.15770 102.09200
109.86900 116.70200 111.15600 115.69700 112.20900 111.66000 115.49100 100.52500 93.69640 91.28310 106.97200 94.46080 99.24190 100.07300 105.41400 108.79500 109.78200 104.36300 93.95350 103.19000 110.93500 107.99900 109.41600 107.28700 100.90000 99.54280 93.49540 100.44400 96.76190 91.35680 92.02100 89.86910 92.05920 95.74730 98.41450 100.54400 86.37340 101.72300 109.65600 111.40500 119.11500 109.18400 101.15800 112.13700 110.13600 116.13900 115.91900 103.98800 83.05510 94.70110 102.82800 107.17500 109.23500 88.29540 112.19300 116.32500 119.58500 118.67600 116.73200 121.41000 115.57100 119.14400 112.70500 99.65200 102.45100 104.60900 103.95500 104.10600 104.15500 104.26200
109.64800 109.28700 111.29400 114.04500 116.03400 118.60600 117.40700 120.35700 103.84800 109.78500 111.55100 109.93100 106.28300 106.26800 100.88200 110.72500 117.47600 114.10000 107.07300 105.16700 109.81100 98.88800 109.77300 116.46200 111.45400 101.34400 83.76820 108.00800 102.61600 96.41250 98.68860 96.35460 93.76680 99.17210 102.63400 98.72980 102.88300 107.73000 117.84600 123.30300 124.02400 123.10800 113.66200 118.23700 114.82900 106.25700 105.00800 87.20200 87.34880 107.53800 104.69600 -9999 -9999 93.83810 111.70800 118.65200 121.33900 123.64200 119.64700 99.98060 101.55400 103.58900 104.13900 105.04800 104.87800 104.35400 105.72700 106.09800 106.93600 106.99300
114.32700 118.04800 115.01900 116.38800 122.71600 115.02900 125.03300 125.17200 119.53800 115.05100 122.27400 120.97600 117.68600 112.54600 109.19700 115.03200 119.13300 111.55400 108.05500 100.31200 108.41300 96.92700 108.95900 105.27100 112.76900 105.05300 104.89200 109.51100 103.35100 83.78250 103.63300 105.82100 98.02420 102.12400 106.19600 106.45200 113.61000 117.67200 115.80700 112.09300 -9999 -9999 -9999 -9999 110.06700 -9999 92.35400 110.51800 112.66900 113.35400 104.55200 -9999 -9999 103.18900 120.57500 120.57900 111.12800 97.55690 98.18210 100.59800 102.34600 101.41300 102.85100 103.36200 101.87900 104.61800 113.68300 108.16500 107.30600 105.05000
