data/hydroclimate-scenarios/BCSD_hadcm_B1/monthly_summaries/soilm3_monthly_day1_jan.2030-2059.asc
ncols	311
nrows	91
xllcenter	102.75
yllcenter	31.75
cellsize	0.5
NODATA_value	-9999
[rows 32 to 63 of 91, columns 0 to 70 of 311]
-9999 -9999 -9999 -9999 -9999 -9999 -9999 -9999 -9999 -9999 -9999 23.46490 23.46510 23.50530 23.46720 23.45590 23.45430 23.49150 20.64390 20.96340 23.07620 23.56470 23.57620 23.58010 23.34670 23.11850 22.91470 21.71900 20.70080 18.71080 18.60980 18.56140 18.57370 18.58500 19.50540 20.82360 22.25180 23.13140 24.35380 24.37350 24.35790 24.34320 24.37070 24.33890 24.32110 24.35740 24.34000 24.29820 24.28790 24.29310 24.27790 24.31260 24.29710 24.44860 24.24890 24.25680 24.18780 24.08720 24.41450 24.28920 24.29510 24.30380 23.97510 22.63820 22.18320 23.81490 23.76900 23.78220 23.96840 23.11770 23.18910
-9999 -9999 -9999 -9999 -9999 -9999 -9999 -9999 -9999 -9999 -9999 23.51390 23.51110 23.47520 23.48220 23.46540 23.46930 23.53730 23.56490 23.58520 23.59360 23.60330 23.56640 23.40300 23.19760 22.96350 23.00790 22.97410 22.92590 22.28450 20.58290 19.89850 21.93940 23.70820 24.37650 24.31740 24.33550 24.39390 24.40530 23.75260 24.39230 24.52810 24.40760 24.40330 24.41830 24.42280 24.40190 24.34930 24.32920 24.30500 24.29040 24.31840 24.29820 24.37970 24.27560 24.33680 24.33610 24.32920 24.34060 24.32610 24.31830 23.05830 23.00040 24.30610 23.29170 23.91230 24.11650 23.10470 23.09080 23.11980 23.18680
-9999 -9999 -9999 -9999 -9999 -9999 -9999 -9999 -9999 -9999 -9999 -9999 23.17270 23.07280 23.06760 23.12070 23.52310 23.59490 23.61140 23.63310 23.52640 23.05720 23.12830 23.08250 23.11420 23.05050 23.02240 23.04760 22.96730 22.95480 23.03850 23.65420 24.33840 24.32900 24.12790 24.04610 23.47480 24.41720 24.52570 23.40920 23.62190 23.64210 24.15260 24.38710 24.40120 24.48430 24.45930 24.38910 24.36680 24.34390 24.31070 24.30750 24.29670 24.28010 24.26370 24.28810 24.29020 23.98350 23.16310 23.28760 23.15360 23.07820 23.07790 23.37780 23.59080 23.08770 23.82800 23.19080 23.19590 23.26800 23.17380
-9999 -9999 -9999 -9999 -9999 -9999 -9999 -9999 -9999 -9999 -9999 -9999 22.97650 23.06600 23.27720 23.41680 23.33760 23.53220 23.36510 23.04940 23.15370 23.12270 23.08400 23.04340 23.02600 23.00830 22.95830 23.00800 22.96310 22.91930 22.89740 24.13370 23.97720 23.21140 23.18360 22.90330 22.88460 23.72380 23.92920 23.02700 23.08370 22.93610 23.41480 24.50900 24.36200 24.12430 24.23400 23.81920 23.66000 23.65850 23.52160 23.58420 23.86140 24.27980 24.27580 24.09680 22.08360 23.18740 23.89380 23.31790 22.96640 23.09340 23.98820 24.39640 23.82010 23.33140 23.17520 23.19940 23.25040 23.30910 23.35290
-9999 -9999 -9999 -9999 -9999 -9999 -9999 -9999 -9999 -9999 -9999 -9999 23.34680 23.15730 23.41940 23.10450 23.16740 22.91730 22.93440 23.13560 23.09900 23.12750 23.09680 23.03520 23.02940 23.02950 23.02060 22.92920 22.94540 22.87830 22.76240 23.01420 22.89240 23.01250 23.00360 23.01080 22.95070 23.01480 23.01050 23.03730 23.09760 23.04860 23.25030 23.83590 23.42780 23.36320 23.35030 23.20680 23.17910 23.10750 23.05770 23.04010 22.98230 23.20800 23.13030 22.96610 22.84790 23.02400 22.92760 23.02290 22.90160 23.01310 23.01280 23.45250 23.82490 23.46410 23.22820 23.27470 23.34640 23.38810 23.44320
-9999 -9999 -9999 22.99680 23.01230 22.96750 22.95280 22.98350 22.97470 -9999 23.35970 23.48450 23.20270 22.85260 22.86510 22.97730 22.93610 22.78970 22.89160 23.07310 23.11020 23.11150 22.97950 22.85950 22.99310 23.05850 23.04200 23.01970 22.85230 22.65780 22.57470 22.69130 22.74400 22.88730 22.93430 22.38550 22.92630 22.99790 23.04280 23.05170 23.09160 23.15230 23.19870 23.32890 23.35260 23.34800 23.33890 23.12500 23.15080 23.15030 23.07440 23.00440 22.95600 23.01660 22.87710 22.89550 23.00040 22.85790 22.81520 22.82680 23.03380 22.86540 22.93130 23.22440 23.17420 23.07460 23.12840 23.28920 23.41950 23.49810 23.58520
-9999 -9999 -9999 22.65660 23.01900 23.05290 23.02770 22.90770 22.88380 23.33640 23.30430 23.09720 22.77330 22.76570 22.91940 22.88300 22.87000 22.62390 22.64760 22.66250 22.67030 22.65200 22.64620 22.68900 22.76100 22.99670 22.85140 22.67680 22.63780 22.72280 22.33080 22.63980 22.57450 22.63070 22.86450 22.80530 22.92590 23.05340 23.03490 23.17210 23.15560 23.13630 23.23830 23.31800 23.23460 23.28420 23.38640 23.23160 23.18070 23.09100 23.07980 23.17670 23.15710 23.14630 22.96830 23.10970 23.04870 23.03600 22.95060 23.07230 23.09070 23.22900 23.29840 23.35620 23.42210 23.43910 23.48200 23.45410 23.59980 23.57730 23.46660
-9999 -9999 -9999 22.63130 23.02010 22.91890 23.28350 23.25140 23.25870 23.19830 23.23460 23.13120 22.55040 22.52540 22.52260 22.52250 22.69470 22.71840 22.61880 22.61140 22.64320 22.71740 22.38930 22.90990 22.76040 22.86420 22.89940 22.80910 22.70850 22.76280 22.80630 22.70380 22.67410 22.68080 22.70890 22.70150 22.73010 22.91450 22.98660 23.00420 23.11610 23.10050 23.24550 23.34020 23.32500 23.32430 23.36770 23.12450 23.11960 23.30290 23.31250 23.21460 23.19580 23.15740 23.10440 23.11650 23.06650 23.07830 23.09120 23.21980 23.29200 23.34170 23.33560 23.48070 23.55720 23.62850 23.64610 23.32700 23.33100 23.30100 23.26650
-9999 -9999 -9999 22.72650 22.99270 22.85020 23.36310 23.32070 23.17330 23.09310 23.17310 22.63610 22.51420 22.54700 22.52210 22.67910 21.23350 18.42220 19.11060 19.97160 22.95000 22.86920 21.97460 19.80330 20.08920 23.02290 22.87760 22.71060 22.85890 22.88720 22.86610 22.66600 22.73520 22.78830 22.75600 22.79150 22.71560 22.69910 22.92970 23.01640 23.06760 23.20210 23.28960 23.29610 23.38940 23.45370 23.47430 23.28540 23.29520 23.26980 23.28850 23.24840 23.22210 23.17700 23.18170 23.17870 23.03680 23.05610 23.07850 23.35830 23.24370 23.26920 23.23840 23.26460 23.36310 23.37480 23.29820 23.14950 23.22700 23.30830 23.49680
-9999 -9999 -9999 22.47600 22.87410 22.93380 23.38080 23.26320 23.21320 23.16270 23.20570 22.87600 22.53510 22.57750 18.34910 18.35760 19.76490 21.18130 22.61240 22.86200 22.98870 20.01150 18.89680 22.88710 22.90100 22.76820 22.61930 22.61760 22.72380 22.78490 22.81700 22.74800 22.76320 22.70150 22.54540 22.84610 22.75860 22.45620 22.46860 22.71430 23.18870 23.07630 22.93710 22.94490 23.09030 23.13790 23.05490 23.09520 23.02650 22.90720 22.81700 22.89300 22.98960 22.91360 22.85390 22.98720 22.91210 22.92880 22.82480 22.98350 23.04670 23.01210 23.03340 23.21700 23.24070 23.29680 23.36250 23.30380 23.28080 23.45520 23.68500
-9999 -9999 -9999 -9999 23.00970 23.15010 23.16470 23.11930 23.03990 22.98410 23.07990 22.66260 22.60190 22.65380 -9999 -9999 -9999 -9999 -9999 20.44440 18.60460 18.53550 18.60400 22.47860 21.40230 22.04600 22.12720 22.15180 22.66690 22.64980 22.66130 22.69200 22.67320 22.51500 22.91350 22.90820 23.15690 22.56730 22.46230 22.89090 23.00000 23.27530 22.78900 22.69220 22.90110 23.09320 23.69410 23.31450 22.91360 20.16400 23.09420 23.00650 22.97010 22.69910 22.67670 22.80420 22.79670 22.77130 23.01090 22.94160 22.85070 22.89820 20.54830 22.91160 22.93200 21.08130 23.01540 23.06690 22.77700 -9999 -9999
-9999 -9999 22.46250 23.07770 23.16290 23.17380 23.16810 23.12430 23.05740 23.03570 23.10130 22.57200 22.59510 -9999 -9999 -9999 -9999 -9999 20.47510 18.51480 19.55180 22.68130 22.66960 22.72480 19.93060 18.50540 19.10500 22.65490 22.66950 22.57680 22.75670 22.64940 22.91250 22.84840 22.55660 23.14910 23.14530 22.81790 22.57560 22.57190 22.51560 22.58730 22.65450 22.60730 22.60970 22.62990 22.66920 22.66420 22.38160 18.61530 18.60420 18.65690 18.73080 18.68100 20.85480 23.07710 22.76950 22.92930 22.95360 22.95030 22.97690 22.99780 20.56030 18.88300 18.94970 19.00940 19.03420 -9999 -9999 -9999 -9999
-9999 -9999 23.19340 23.20820 23.12030 23.13980 23.23670 23.11340 23.04830 23.09210 22.59750 22.60310 22.56550 -9999 -9999 -9999 -9999 22.64880 22.72860 22.64900 23.09960 22.75660 21.68110 18.42580 19.40560 22.64460 22.69300 22.52120 22.46280 22.54390 22.51270 22.44610 22.53210 22.53700 22.94950 22.63040 22.61520 22.55110 22.59280 22.54830 22.60090 22.66360 22.70740 22.63150 22.90000 23.02940 23.05520 23.01920 22.92620 22.93420 20.20090 18.71870 18.72670 18.67440 18.64160 21.53370 22.98600 20.96320 20.09990 19.78330 18.92100 18.95060 19.01470 20.37000 21.68950 -9999 -9999 -9999 -9999 -9999 23.17020
-9999 -9999 22.96170 23.37550 23.20620 23.20830 23.43220 23.33150 23.06270 22.97420 22.59060 22.57480 22.50930 -9999 -9999 -9999 -9999 22.70400 22.65830 22.87050 21.91030 20.29840 19.76760 22.61530 22.62500 22.64820 22.53340 22.42630 22.43160 22.54230 22.53940 22.60880 22.52740 22.53550 22.53430 22.54660 22.46580 22.49570 22.51110 22.58470 22.67890 22.67610 22.74360 22.68430 22.62080 21.94950 22.06210 22.73100 23.13750 23.14900 22.25870 22.08120 20.95710 21.64030 21.17130 20.96680 22.14370 21.89920 22.91960 22.99800 18.98900 21.67400 23.14820 23.32960 23.31840 21.26450 19.15520 19.06940 19.13350 -9999 -9999
-9999 -9999 -9999 23.73460 23.18640 22.05410 22.18220 22.75800 22.70780 23.76530 25.49540 22.51570 -9999 -9999 -9999 -9999 22.60940 22.63250 22.60170 22.62180 22.73870 22.60220 22.90460 22.68750 22.59580 22.51320 22.53500 22.67060 22.57860 22.56840 22.53280 22.52470 22.55560 22.93690 23.33150 23.43210 22.89920 22.74690 22.52480 22.51160 22.56440 22.55210 22.83370 22.57270 22.08300 22.02560 20.96480 20.31550 20.92890 22.53850 21.76200 19.06430 19.06720 19.12200 19.13500 19.09320 19.13780 22.43130 23.14550 23.19160 23.18770 23.17590 23.19100 23.23480 23.25300 23.36980 19.31160 19.16210 19.26940 19.40760 -9999
-9999 -9999 -9999 -9999 22.82840 21.15390 22.57530 22.62200 22.63920 22.55730 22.53170 -9999 -9999 -9999 -9999 22.60920 22.72170 22.71150 22.34110 22.95700 23.02900 23.25230 23.43980 22.85110 22.38880 22.88210 23.46090 22.95310 23.49320 23.03860 23.02410 23.24540 23.37010 23.38950 23.35240 22.79120 22.58030 22.45630 22.54530 22.50820 22.53130 22.53820 22.58690 22.64960 22.59330 23.35740 23.70620 21.97100 21.38170 20.71290 23.14200 18.87570 18.96260 20.06080 19.34630 18.96670 19.12830 19.14340 19.19700 23.19390 23.19870 23.28330 23.27630 23.40300 23.36950 23.28470 19.22390 19.15720 19.14330 19.24380 19.32640
-9999 -9999 -9999 -9999 -9999 -9999 22.71890 22.88480 22.73250 22.79810 23.27680 -9999 -9999 -9999 -9999 -9999 23.05970 23.14620 22.68290 23.38580 23.33550 22.98350 22.69510 22.61390 23.19170 23.38340 21.39820 19.66790 19.66930 20.33880 22.63350 23.49240 23.10990 23.43290 23.31510 23.53200 22.76790 22.46980 22.52660 22.51820 22.53590 22.59910 22.62370 22.59950 22.81040 23.13580 23.71970 23.33080 21.97660 18.71560 18.92310 19.11180 23.01960 23.52030 21.99800 24.13830 19.07960 19.12370 19.19700 22.36440 23.32630 23.34610 23.28270 23.33680 23.40150 23.31130 19.82760 18.97460 18.99700 21.44640 22.93930
-9999 -9999 -9999 -9999 -9999 -9999 -9999 -9999 -9999 -9999 -9999 -9999 -9999 -9999 -9999 -9999 -9999 -9999 -9999 23.33310 22.58640 21.32140 22.89820 23.03950 22.00130 21.89470 20.99040 20.91100 21.49860 22.97040 23.47450 22.97250 22.57800 22.75960 23.29910 23.18090 22.50570 22.56410 22.56150 22.55740 22.50880 22.54890 22.63420 22.66660 22.57430 23.17260 23.18910 23.34890 22.43340 23.28420 23.57030 21.61780 19.60170 19.22890 18.91410 18.94930 23.34200 22.35150 23.42430 23.43060 20.53880 19.52190 23.42650 23.39480 23.57380 20.73830 19.14880 18.93020 18.91880 19.12310 22.73830
-9999 -9999 -9999 -9999 -9999 -9999 -9999 -9999 -9999 -9999 -9999 -9999 -9999 -9999 -9999 -9999 -9999 -9999 23.06400 21.66410 21.74670 23.28170 23.29910 23.32490 22.14650 21.41910 21.15410 21.56380 23.14090 23.30370 23.32290 23.38200 23.44090 23.39350 22.92830 22.51950 22.40540 22.51080 22.43300 22.55550 22.49330 22.55980 22.57900 22.74220 23.15920 23.54520 23.27290 23.10300 23.00170 22.41930 22.55860 23.15390 23.26150 23.56570 19.37050 19.18140 22.33330 22.83650 20.22880 22.40740 19.20570 19.24540 21.74240 22.12120 19.36750 20.69580 22.56290 19.02310 19.26220 19.03450 21.24820
-9999 -9999 -9999 -9999 -9999 -9999 -9999 -9999 -9999 -9999 -9999 -9999 -9999 -9999 -9999 -9999 -9999 23.30700 22.22820 23.20600 23.31520 23.18550 22.63830 22.12690 22.20900 22.50840 21.17420 21.22290 22.17270 22.07880 22.41580 21.71890 21.79380 22.07210 21.63130 22.15040 22.61650 22.52770 22.52100 22.47160 23.09960 23.28070 23.36270 23.48730 23.35210 23.31720 23.38830 23.13240 23.38380 22.40870 21.44440 19.27640 23.02580 23.79350 23.45190 23.77430 23.37140 23.32440 23.33570 23.51180 21.53610 19.70070 21.53110 20.49420 23.75450 23.55590 22.58610 22.90880 21.49450 21.36070 23.91100
-9999 -9999 -9999 -9999 -9999 -9999 -9999 -9999 -9999 -9999 -9999 -9999 -9999 -9999 -9999 -9999 -9999 22.64730 23.24930 23.36540 22.88440 21.68880 22.25130 22.50280 23.30230 24.60960 23.70630 23.90210 22.40050 22.23810 20.74540 20.65290 21.18200 21.96190 21.19930 20.94360 21.64250 22.36540 22.42710 22.45880 23.34480 23.33890 23.43500 23.22490 23.36270 23.28120 23.35560 23.10230 23.30150 23.26250 20.08490 18.97160 19.03160 19.68720 22.42520 23.96630 23.76200 23.53910 22.95560 22.17160 23.64170 23.52660 23.52460 23.58780 23.47460 23.54220 23.54670 22.17410 22.24550 24.03300 24.17470
-9999 -9999 -9999 -9999 -9999 -9999 -9999 -9999 -9999 -9999 -9999 -9999 -9999 -9999 -9999 -9999 22.59340 22.59270 23.26650 22.56610 21.53850 23.10270 23.90190 24.30230 24.60070 24.30840 24.30690 24.70120 24.10040 23.00050 22.80050 23.20050 23.33590 20.93240 20.54570 20.67390 21.90800 22.47160 22.37080 22.49730 23.37090 23.31540 23.24680 23.27040 23.19310 23.15640 23.31230 23.10450 23.10290 23.63810 21.18840 19.74830 19.39440 20.10100 22.29800 23.93550 23.97300 23.51390 19.22110 23.42650 23.71870 23.71710 23.85420 24.05730 23.47750 19.41400 19.35550 19.38820 22.25800 24.05830 24.32490
-9999 -9999 -9999 -9999 -9999 -9999 -9999 -9999 -9999 -9999 -9999 -9999 -9999 23.35680 23.24650 22.76830 22.77530 22.68380 22.21020 21.92130 23.40070 24.40480 24.40150 23.90390 24.40350 24.70260 24.70160 24.70000 24.70000 24.70000 23.00590 22.52700 23.90000 23.30000 21.50670 20.40320 21.61150 22.01740 22.30080 23.20120 23.10080 23.11920 23.09040 23.10030 22.68400 22.25170 22.79520 22.30200 22.33400 23.08950 23.23630 23.40840 23.45540 23.44200 22.74810 19.46050 22.04890 23.48680 20.84370 21.81510 23.76740 23.26060 24.87360 21.94190 21.91760 23.51760 21.33330 22.60280 20.20070 24.98170 24.99850
-9999 -9999 -9999 -9999 -9999 -9999 -9999 -9999 -9999 -9999 -9999 -9999 23.18400 23.20280 22.41680 22.48250 22.99390 23.30360 23.80290 23.60020 22.90020 21.80100 21.90060 22.80120 24.00170 23.60130 23.70100 24.20000 22.30090 23.00310 21.40020 22.90190 23.10390 23.80710 22.50920 20.50310 22.20000 22.30000 22.70040 23.10050 23.10040 23.10020 22.97930 22.56320 21.91780 22.22230 22.94480 22.27610 22.02060 21.71760 23.43980 23.21540 23.80780 23.31630 23.63580 23.38550 23.70570 19.04740 20.93140 20.75130 23.24860 21.40910 20.30190 21.80420 22.06290 25.58550 25.63600 20.21700 21.73400 24.97710 24.80230
-9999 -9999 -9999 -9999 -9999 -9999 -9999 -9999 -9999 -9999 -9999 22.76000 23.31840 22.59770 23.40200 23.80090 23.50050 22.30090 21.50070 21.60030 21.30030 21.40000 21.30000 21.10000 21.10000 21.10020 20.91840 23.00430 22.80170 22.60650 21.50050 23.00000 24.20000 23.80000 22.70000 21.80680 22.30010 22.40020 22.80030 23.10020 23.10010 22.76460 22.23050 21.91020 21.70760 21.82190 21.73080 21.84790 21.98400 22.32150 22.73250 23.25580 23.19610 23.67120 23.21990 23.18620 23.69420 23.17760 18.51860 19.37630 19.87450 22.59180 21.32940 22.67860 25.31540 23.69950 24.01830 20.45270 25.01130 24.86310 24.71480
-9999 -9999 -9999 -9999 -9999 -9999 -9999 -9999 -9999 -9999 23.60810 22.50500 23.70120 23.30030 22.90010 21.90060 21.40040 21.10140 21.10120 21.10010 21.10000 21.10000 21.10000 21.10000 21.10000 21.10000 21.10000 21.40520 20.70150 21.10000 21.10000 23.70000 23.40000 20.30830 20.20210 21.60740 22.30010 22.40020 23.00040 23.10010 22.75370 21.81410 21.50320 21.20180 20.50290 21.32400 21.83280 21.53590 22.00020 22.11990 22.55910 23.13600 23.73480 23.16110 23.22260 23.19430 22.56200 20.19780 19.35020 23.09090 23.39660 22.80320 22.02340 24.13890 24.98550 23.93900 25.15700 25.19270 25.08690 24.80300 24.77240
-9999 -9999 -9999 -9999 -9999 -9999 -9999 -9999 -9999 22.00010 21.20010 21.10000 22.20000 21.40000 21.70000 21.10000 21.10000 21.10000 21.10000 21.10000 21.30000 21.10000 21.80000 21.80000 21.30000 21.10000 21.10000 21.70000 21.10000 21.70000 21.90000 21.50000 24.50000 24.70000 20.60450 22.12480 22.30060 22.80040 23.00010 22.46510 20.30620 21.10180 21.10410 20.63340 19.50200 20.08640 21.31270 22.03050 21.67440 22.03460 22.41350 23.91150 23.61110 24.94700 24.34930 23.17840 22.85720 22.96170 22.98520 23.22920 23.37600 22.92760 22.24990 24.50810 24.73510 25.11480 25.79190 26.34770 26.13960 25.94940 26.03340
-9999 -9999 -9999 -9999 -9999 -9999 -9999 -9999 -9999 -9999 22.40000 21.40000 21.40000 21.10000 21.10000 21.10000 21.10000 21.10000 21.10000 21.50000 22.00000 21.30000 21.70000 -9999 -9999 -9999 -9999 -9999 -9999 23.90000 25.40010 24.50000 24.00000 24.30000 22.70000 22.22070 22.23820 23.00010 23.10010 22.95120 20.80920 21.41050 22.28220 20.07110 19.61730 19.87660 20.51280 21.80480 22.29450 22.42930 23.09220 23.27700 23.49130 23.86780 24.15670 23.00330 22.78680 22.79510 22.61080 23.23310 22.99310 22.42250 23.56170 19.56010 24.33280 25.48420 26.28850 26.13670 25.89190 26.05560 26.02670
-9999 -9999 -9999 -9999 -9999 -9999 -9999 -9999 -9999 -9999 -9999 -9999 21.70000 21.10000 21.10000 21.10000 21.10000 21.10000 21.40000 -9999 -9999 -9999 -9999 -9999 -9999 -9999 -9999 -9999 -9999 -9999 -9999 -9999 -9999 24.80000 22.90520 21.91040 20.60770 21.71000 23.40000 25.10010 21.92410 20.70670 21.82090 21.00930 19.91160 19.73680 20.01800 20.83310 21.68340 21.62560 21.81610 23.75830 23.90470 24.13680 23.09650 22.74530 22.96360 23.08310 23.00550 23.11690 22.43740 21.81560 23.48700 23.73170 24.56050 25.52470 26.49730 26.03170 26.10840 26.52280 26.95310
-9999 -9999 -9999 -9999 -9999 -9999 -9999 -9999 -9999 -9999 -9999 -9999 -9999 -9999 -9999 -9999 -9999 -9999 -9999 -9999 -9999 -9999 -9999 -9999 -9999 -9999 -9999 -9999 -9999 -9999 -9999 -9999 -9999 -9999 22.30700 20.50350 20.70350 20.30300 22.90000 21.41150 22.11250 21.40390 21.03580 21.96310 20.18290 20.50820 21.22640 21.62570 22.21370 22.02960 22.46550 23.80330 22.87230 23.42810 23.59540 23.20010 23.03620 23.12880 23.07990 22.93400 21.20980 23.44370 23.44790 23.69820 24.56730 25.12930 26.56620 26.04040 26.22010 26.67340 27.66560
-9999 -9999 -9999 -9999 -9999 -9999 -9999 -9999 -9999 -9999 -9999 -9999 -9999 -9999 -9999 -9999 -9999 -9999 -9999 -9999 -9999 -9999 -9999 -9999 -9999 -9999 -9999 -9999 -9999 -9999 -9999 -9999 -9999 -9999 21.91060 20.30580 20.40730 23.02790 25.10000 19.80270 20.00160 20.10570 19.89210 20.00550 22.33490 21.31360 21.22340 21.63040 21.86550 22.03350 22.32710 21.83530 23.14880 23.54120 23.65460 23.23420 22.91010 22.95720 23.00930 23.21460 21.01600 19.34860 21.38490 23.55410 24.20670 26.35600 26.71640 27.28710 27.78370 28.22610 -9999
-9999 -9999 -9999 -9999 -9999 -9999 -9999 -9999 -9999 -9999 -9999 -9999 -9999 -9999 -9999 -9999 -9999 -9999 -9999 -9999 -9999 -9999 -9999 -9999 -9999 -9999 -9999 -9999 -9999 -9999 -9999 -9999 -9999 -9999 -9999 -9999 -9999 -9999 21.10820 19.80290 19.40130 19.30220 19.84860 19.96520 20.70380 21.82140 22.35890 21.73620 21.86510 22.24120 21.80130 22.38160 22.36990 23.34850 23.35550 22.92870 23.10140 23.10220 23.29560 20.75810 18.99360 22.94400 23.71940 24.10580 25.61960 26.50600 27.04010 27.45670 28.01620 -9999 -9999
