data/hydroclimate-scenarios/BCSD_hadcm_B1/monthly_summaries/soilm3_monthly_day1_aug.2070-2099.asc
ncols	311
nrows	91
xllcenter	102.75
yllcenter	31.75
cellsize	0.5
NODATA_value	-9999
[rows 32 to 63 of 91, columns 0 to 70 of 311]
-9999 -9999 -9999 -9999 -9999 -9999 -9999 -9999 -9999 -9999 -9999 23.40010 23.40010 23.40010 23.40020 23.40000 23.40000 23.40010 20.50010 20.80000 22.90020 23.40010 23.40010 23.40360 22.92170 22.72290 22.53030 21.29590 20.27830 18.60100 18.50090 18.50010 18.50010 18.50050 19.40090 20.70010 22.10010 23.00030 24.20140 24.20210 24.20410 24.20140 24.20220 24.20160 24.20180 24.20170 24.20170 24.20390 24.20390 24.20550 24.20470 24.22260 24.21350 24.23580 24.03190 24.03490 23.94380 23.85130 24.23000 24.20480 24.20460 24.20100 23.81900 22.35190 21.85450 23.62580 23.53260 23.46350 23.74340 23.08670 23.09910
-9999 -9999 -9999 -9999 -9999 -9999 -9999 -9999 -9999 -9999 -9999 23.40010 23.40010 23.40010 23.40020 23.40000 23.40000 23.40010 23.40020 23.40000 23.40010 23.40010 23.11970 22.92240 22.72700 22.80260 22.80760 22.81370 22.80220 21.96920 20.26880 19.80040 21.80080 23.60030 24.20240 24.20080 24.02010 24.20200 24.12810 23.45970 24.21160 24.24830 24.21060 24.20630 24.20810 24.20930 24.20960 24.21700 24.21450 24.21460 24.21060 24.23290 24.21860 24.22970 24.20220 24.20680 24.20680 24.21300 24.21160 24.22290 24.21980 22.76880 22.74910 24.20070 22.86890 23.63160 23.83530 22.80220 22.86210 23.06560 23.05140
-9999 -9999 -9999 -9999 -9999 -9999 -9999 -9999 -9999 -9999 -9999 -9999 23.10000 23.00000 23.00000 23.00000 23.40000 23.40000 23.40000 23.40000 23.01640 22.80080 22.80800 22.90100 22.90310 22.90350 22.87300 22.90730 22.90030 22.90020 22.73030 23.36390 24.05450 24.03530 23.84170 23.72460 23.12840 24.20170 24.22230 23.15170 23.37010 23.35940 23.86850 24.23010 24.23590 24.25580 24.23520 24.20940 24.20620 24.21460 24.20590 24.20300 24.20250 24.20120 24.20100 24.20440 24.20380 24.00100 23.23480 23.10210 22.97060 22.92780 22.92730 23.12480 23.32880 22.59670 23.44400 22.79950 23.05930 23.74990 23.01580
-9999 -9999 -9999 -9999 -9999 -9999 -9999 -9999 -9999 -9999 -9999 -9999 22.90000 23.00000 23.20000 23.30000 23.20000 23.01370 22.81450 22.80000 22.90000 22.90160 22.90370 22.90140 22.90360 22.91210 22.90420 22.90570 22.90090 22.80130 22.80070 23.87710 23.65530 22.93050 22.84670 22.80010 22.80010 23.60020 23.80020 22.90620 22.78530 22.72620 23.24120 24.28840 24.14710 23.85300 23.94220 23.61320 23.50930 23.53740 23.42170 23.50190 23.80060 24.20100 24.20070 23.92170 21.76450 23.13080 23.80870 23.04560 22.74400 23.00050 23.90060 24.20320 23.43990 22.92660 22.73440 22.76790 22.90610 23.21670 23.87230
-9999 -9999 -9999 -9999 -9999 -9999 -9999 -9999 -9999 -9999 -9999 -9999 23.30000 23.10000 23.01170 22.71380 22.71650 22.80000 22.70040 22.90010 22.90020 22.92210 22.92970 22.90430 22.90410 22.90340 22.90120 22.80160 22.80270 22.70220 22.60170 22.72300 22.80030 22.90040 22.90010 22.90010 22.80050 22.90030 22.90030 22.92420 23.02670 23.04920 23.26160 23.59000 23.08680 23.12850 23.12750 23.08570 23.06080 22.96390 22.92570 22.90770 22.90200 23.10060 23.00020 22.80170 22.70150 22.90040 22.80050 22.72600 22.80020 22.90050 22.90050 23.30070 23.42710 23.02840 22.74340 22.78810 23.15160 23.39070 23.91460
-9999 -9999 -9999 22.90210 22.90160 22.90060 22.90020 22.90010 22.90010 -9999 23.30010 23.11650 22.81560 22.80000 22.80000 22.90000 22.80000 22.60030 22.70070 22.90020 22.90020 22.90630 22.81030 22.70070 22.80150 22.90070 22.90030 22.90440 22.70920 22.52340 22.50410 22.60020 22.70050 22.71270 22.80210 22.32900 22.80350 22.90090 22.90180 22.94170 23.01130 23.11200 23.19360 23.10460 23.22770 23.33790 23.38230 23.06020 23.07800 23.05270 22.99570 22.84800 22.79160 22.83830 22.70560 22.74120 22.83910 22.70220 22.60930 22.70070 22.72120 22.70130 22.70400 22.90570 22.90560 22.80430 22.81750 22.95040 23.26550 23.89730 25.19600
-9999 -9999 -9999 22.52230 22.91480 22.90840 22.90440 22.80080 22.80040 23.02200 22.82580 22.72560 22.70030 22.70000 22.80010 22.80010 22.60030 22.50000 22.50010 22.50010 22.50020 22.50190 22.50080 22.50030 22.50210 22.70250 22.60250 22.50620 22.51360 22.57140 22.30140 22.56760 22.54400 22.51880 22.72390 22.63180 22.80710 22.94270 22.91700 23.01450 23.06610 22.98520 23.08640 23.33330 23.35900 23.32680 23.39580 23.20800 23.33150 23.25450 23.20760 23.15820 23.10710 22.97170 22.81130 22.91330 22.90300 22.90200 22.80500 22.81550 22.81630 22.94320 22.98600 22.96840 23.10580 23.01620 23.07180 23.08330 23.58060 24.65820 27.04600
-9999 -9999 -9999 22.51000 22.91190 22.80860 22.85950 22.76080 22.74590 22.72590 22.72780 22.73170 22.50040 22.50020 22.50040 22.50000 22.50040 22.50060 22.50010 22.50010 22.50020 22.50580 22.28520 22.61250 22.51560 22.60580 22.70230 22.60890 22.52680 22.61980 22.74890 22.68330 22.61180 22.52320 22.56710 22.54470 22.61150 22.81380 22.84850 22.90270 23.09410 23.02600 23.17690 23.35380 23.29030 23.23390 23.27940 23.57480 23.55880 23.44600 23.51730 23.15610 23.11040 22.94980 22.91460 22.90460 22.90210 22.90190 22.90750 22.92230 22.84320 22.89120 22.94650 23.11350 23.16690 23.34190 23.46680 23.65250 26.60570 27.44360 29.36440
-9999 -9999 -9999 22.60200 22.90080 22.70220 22.76600 22.75290 22.74280 22.75020 22.75140 22.60010 22.50090 22.50060 22.50010 22.60020 21.10140 18.20570 18.90420 19.80090 22.70900 22.61680 21.68540 19.45500 19.81220 22.71090 22.70190 22.60290 22.69130 22.87940 22.84940 22.54560 22.64460 22.67580 22.69130 22.65500 22.53910 22.52800 22.78460 22.86260 22.98970 23.29950 23.82820 23.92270 23.53570 23.51560 23.63100 23.55800 23.79620 23.36500 23.61320 23.07670 23.01280 22.98710 22.92850 22.82680 22.71660 22.74270 22.77730 22.95850 23.13980 22.77590 22.76630 22.91500 23.18180 23.55210 23.89480 24.31280 26.59190 28.37620 28.83360
-9999 -9999 -9999 22.40060 22.80030 22.80110 22.77060 22.74920 22.75740 22.76020 22.73960 22.62950 22.50240 22.50130 18.20870 18.20650 19.62610 21.01710 22.50110 22.60160 22.71080 19.80630 18.60510 22.60930 22.60950 22.50390 22.50010 22.50030 22.51460 22.60830 22.64720 22.59830 22.66130 22.55240 22.44350 22.72240 22.62510 22.32180 22.33100 22.56210 23.11900 23.05580 23.12000 23.35670 23.37330 23.12220 22.97440 23.41500 23.73970 23.11970 23.13410 22.68610 22.87380 22.72890 22.54270 22.71730 22.54990 22.58250 22.53900 22.70220 22.83670 22.59310 22.65550 23.89110 24.62150 23.99300 24.59210 26.02810 26.97130 27.49940 27.76620
-9999 -9999 -9999 -9999 22.64200 22.75230 22.74580 22.75610 22.74420 22.72890 22.72160 22.60020 22.50340 22.50970 -9999 -9999 -9999 -9999 -9999 20.18580 18.36770 18.24120 18.28710 22.19430 21.12380 21.80450 21.90110 22.00100 22.50270 22.50230 22.51030 22.50570 22.50770 22.40540 22.80380 22.80170 23.00660 22.40520 22.30880 22.74990 22.86900 23.26160 23.07430 23.19710 23.43430 23.25960 23.86570 23.39050 22.79770 20.01130 22.85170 22.89260 22.78690 22.50850 22.46650 22.56500 22.59100 22.68710 23.07640 22.61170 22.61970 23.14350 21.42140 23.60380 23.80970 21.99350 23.80850 23.98390 23.40590 -9999 -9999
-9999 -9999 22.30060 22.65680 22.75600 22.75280 22.75740 22.78600 22.74280 22.73510 22.72560 22.50020 22.50300 -9999 -9999 -9999 -9999 -9999 20.50150 18.30880 19.36310 22.50110 22.50060 22.50720 19.62300 18.22100 18.90060 22.50030 22.50050 22.40060 22.50750 22.50120 22.80070 22.70570 22.40960 23.00150 23.00250 22.70160 22.40880 22.42830 22.37160 22.45910 22.66810 22.64670 22.59600 22.46720 22.50150 22.40470 22.12790 18.29570 18.30240 18.47960 18.75030 18.33620 20.64680 22.66920 22.43370 23.00400 23.16750 22.56470 22.65900 23.04320 21.09920 19.88080 20.09400 19.70180 19.65120 -9999 -9999 -9999 -9999
-9999 -9999 22.72830 22.92180 22.82200 22.79170 22.88240 22.82830 22.76580 22.73810 22.50030 22.50080 22.50070 -9999 -9999 -9999 -9999 22.50220 22.52670 22.50510 22.92600 22.60240 21.50400 18.20690 19.20290 22.50010 22.50040 22.40030 22.30040 22.40010 22.40020 22.30030 22.40020 22.40070 22.80210 22.50350 22.50270 22.40720 22.42550 22.31950 22.33740 22.39450 22.46570 22.43570 23.14190 23.20560 23.14050 23.31240 22.87620 22.77770 20.20470 18.42610 18.37810 18.30800 18.28210 21.04850 22.52500 20.88110 20.15210 19.40660 18.63300 18.85000 18.79400 20.87670 22.30740 -9999 -9999 -9999 -9999 -9999 23.51450
-9999 -9999 22.50620 23.22430 23.02990 22.88310 23.11110 23.06180 22.76330 22.65330 22.50050 22.50100 22.50000 -9999 -9999 -9999 -9999 22.51170 22.50220 22.70770 21.73740 20.10840 19.60210 22.50030 22.50040 22.50010 22.40010 22.30040 22.30040 22.40030 22.40060 22.50010 22.40030 22.40170 22.40280 22.40560 22.30790 22.31300 22.32390 22.40470 22.41640 22.41090 22.42740 22.39270 22.40820 22.27280 22.86920 24.46510 25.19920 24.76670 22.64650 21.88530 20.64140 21.33240 20.82570 20.45680 21.63520 21.56050 22.56660 22.53800 18.48650 21.06730 22.58520 24.01280 24.50040 22.15110 19.67950 19.75620 19.49410 -9999 -9999
-9999 -9999 -9999 23.48910 23.02730 21.83080 21.96430 22.56640 22.60120 23.60680 25.41230 22.50020 -9999 -9999 -9999 -9999 22.50340 22.50190 22.50120 22.50070 22.60100 22.50160 22.80140 22.60030 22.50020 22.40040 22.40070 22.50100 22.40080 22.40060 22.40030 22.40070 22.40150 22.72820 23.19370 23.15020 22.70480 22.60400 22.40170 22.40130 22.40330 22.40270 22.72420 22.58360 22.17130 22.33160 20.69080 20.01530 20.83890 22.88680 21.78040 19.15340 19.06890 19.39840 20.17690 19.86560 19.58380 22.93330 23.39230 23.11080 23.28960 23.66650 24.47460 25.07350 27.39500 24.31470 19.74640 19.32550 19.15710 20.13990 -9999
-9999 -9999 -9999 -9999 22.63530 20.96950 22.37570 22.50450 22.50310 22.50060 22.50040 -9999 -9999 -9999 -9999 22.50640 22.60560 22.60450 22.21890 22.81860 22.90730 23.13850 23.31140 22.70610 22.30050 22.70220 23.21090 22.71300 23.23990 22.80860 22.81050 23.02110 23.14550 23.20660 23.29370 22.60360 22.40160 22.30560 22.40470 22.40280 22.40430 22.40390 22.40630 22.40780 22.32030 23.17590 23.48110 22.10780 21.77740 20.66700 22.92340 18.58360 18.75020 20.13750 19.23740 18.92290 19.67840 19.90180 20.04820 23.42950 24.24770 25.11810 25.35290 24.76670 25.85470 24.19230 19.49710 19.01420 19.04000 19.16990 19.22700
-9999 -9999 -9999 -9999 -9999 -9999 22.51880 22.62530 22.70060 22.70250 23.10840 -9999 -9999 -9999 -9999 -9999 22.94970 23.07510 22.62020 23.31510 23.24000 22.90950 22.60340 22.50270 23.01250 23.21220 21.30050 19.43530 19.43710 20.12250 22.42840 23.31590 22.94950 23.42550 23.42570 23.28900 22.61430 22.31640 22.40610 22.40310 22.40350 22.40710 22.40970 22.41930 22.69790 23.22300 23.97110 23.67590 22.55190 19.39520 19.32290 20.41300 24.07970 24.27660 23.60550 24.92950 19.35320 20.07680 20.85010 24.32400 25.94250 26.14070 26.43750 29.01360 29.26350 27.04540 21.49610 19.48330 19.35180 22.21340 23.47970
-9999 -9999 -9999 -9999 -9999 -9999 -9999 -9999 -9999 -9999 -9999 -9999 -9999 -9999 -9999 -9999 -9999 -9999 -9999 23.24750 22.51190 21.30010 22.81000 22.91580 21.90370 21.80150 20.83760 20.82230 21.42540 22.90820 23.32160 22.82870 22.50930 22.65220 23.43680 22.96080 22.40770 22.40970 22.40840 22.40530 22.30860 22.31690 22.41350 22.44140 22.38070 23.02550 23.09290 23.79630 22.96960 23.34050 23.58310 22.84350 21.45870 20.85740 19.23960 18.97530 24.87330 23.89500 25.74590 26.22920 23.92650 22.40660 29.15490 31.34450 31.53690 24.26660 20.73330 19.45050 19.25930 20.06880 23.41710
-9999 -9999 -9999 -9999 -9999 -9999 -9999 -9999 -9999 -9999 -9999 -9999 -9999 -9999 -9999 -9999 -9999 -9999 22.96680 21.61650 21.70890 23.20530 23.20840 23.24250 22.10330 21.40020 21.10820 21.51080 23.10210 23.21480 23.22330 23.27650 23.36060 23.36020 22.84360 22.39490 22.31210 22.40750 22.31350 22.40290 22.30720 22.34000 22.34240 22.57720 23.08880 24.55330 23.46990 23.10030 22.86250 22.28840 22.40320 24.23660 24.11090 24.17780 20.83970 20.47580 23.59980 24.30690 21.34330 25.77390 21.49310 21.85390 28.16510 28.83460 25.59590 25.11360 25.69830 19.25490 19.53640 19.88100 21.94690
-9999 -9999 -9999 -9999 -9999 -9999 -9999 -9999 -9999 -9999 -9999 -9999 -9999 -9999 -9999 -9999 -9999 23.17580 22.13020 23.13510 23.24440 23.10600 22.60100 22.10160 22.20010 22.50000 21.11300 21.20530 22.11360 22.01590 22.32370 21.62670 21.71020 21.98390 21.54430 22.05850 22.52270 22.41180 22.41110 22.31180 22.94200 23.34880 23.22350 23.97910 23.46890 23.65610 24.46540 22.99170 23.32660 22.29910 21.31690 19.96670 23.47230 24.04740 24.46470 24.02550 25.20440 25.39030 25.92180 27.96530 24.50370 23.80380 30.04400 28.26390 30.31580 29.15400 26.86960 24.23400 22.03670 22.89040 26.21830
-9999 -9999 -9999 -9999 -9999 -9999 -9999 -9999 -9999 -9999 -9999 -9999 -9999 -9999 -9999 -9999 -9999 22.55110 23.18250 23.25370 22.81130 21.62800 22.21520 22.50010 23.30010 24.60740 23.70240 23.90020 22.40000 22.22410 20.74220 20.61460 21.13490 21.91220 21.12790 20.84390 21.49930 22.30510 22.33330 22.37670 23.31550 23.44360 23.76920 23.27370 23.69290 23.86880 24.01940 23.10080 23.30070 23.22230 19.98770 19.91300 20.11940 21.19460 24.70490 24.05760 27.21860 25.46890 24.75160 25.42030 28.00640 31.70950 31.74050 31.02590 31.85860 30.93140 29.46090 25.40370 23.75840 24.84460 24.92050
-9999 -9999 -9999 -9999 -9999 -9999 -9999 -9999 -9999 -9999 -9999 -9999 -9999 -9999 -9999 -9999 22.50340 22.51980 23.22850 22.50470 21.50750 23.10010 23.90000 24.30030 24.60010 24.30320 24.30330 24.70020 24.10010 23.00020 22.80030 23.20010 23.31930 20.90730 20.50830 20.61350 21.82980 22.38350 22.32830 22.48870 23.43310 23.53170 23.74330 23.77720 23.33160 23.88990 24.26910 23.10160 23.10110 23.61710 21.10310 20.72700 20.52430 21.67050 24.41990 24.02960 24.42480 25.91230 20.38100 26.91720 27.37190 30.69070 31.66700 31.87500 30.67770 27.37100 26.42800 23.26330 24.61140 25.42380 25.98240
-9999 -9999 -9999 -9999 -9999 -9999 -9999 -9999 -9999 -9999 -9999 -9999 -9999 23.23260 23.12680 22.71910 22.73310 22.61850 22.16050 21.90710 23.40010 24.40010 24.40000 23.90010 24.40010 24.70000 24.70000 24.70000 24.70000 24.70000 23.00510 22.51730 23.90000 23.30000 21.50420 20.40160 21.60500 22.00670 22.30010 23.20030 23.10030 23.04630 23.03890 23.10010 22.64490 22.22380 22.74260 22.24220 22.24390 22.96310 23.08950 23.29510 23.36880 23.36550 22.57330 18.68340 21.44520 22.87720 20.66470 21.55460 23.66990 23.35740 25.33790 24.39390 24.95750 26.13680 23.32220 28.80120 26.45570 27.57450 28.62920
-9999 -9999 -9999 -9999 -9999 -9999 -9999 -9999 -9999 -9999 -9999 -9999 23.11610 23.11910 22.32240 22.43640 22.95980 23.30010 23.80010 23.60000 22.90000 21.80000 21.90000 22.80000 24.00000 23.60000 23.70000 24.20000 22.30080 23.00310 21.40020 22.90160 23.10290 23.80660 22.50670 20.50180 22.20000 22.30000 22.70000 23.10010 23.10020 23.10010 22.94030 22.53990 21.90980 22.21210 22.92230 22.23030 21.93350 21.62520 23.33010 23.20450 23.65700 23.31150 23.40200 23.03740 23.07130 18.70450 20.60970 19.98930 22.70840 20.97590 19.96200 22.50140 23.75550 26.83780 26.96190 26.97740 27.85950 28.25580 31.23190
-9999 -9999 -9999 -9999 -9999 -9999 -9999 -9999 -9999 -9999 -9999 22.67370 23.30850 22.53710 23.40010 23.80000 23.50000 22.30000 21.50000 21.60000 21.30000 21.40000 21.30000 21.10000 21.10000 21.10000 20.90600 23.00440 22.80170 22.60540 21.50040 23.00000 24.20000 23.80000 22.70000 21.80320 22.30000 22.40000 22.80000 23.10010 23.10000 22.73190 22.21690 21.90660 21.70430 21.80990 21.71090 21.81390 21.92210 22.15220 22.46510 23.12180 23.12180 23.20310 23.13870 23.15150 23.11000 23.05940 18.31320 18.50040 19.01340 21.89380 20.59550 21.96450 24.89480 23.69240 23.74300 25.54460 27.97740 31.90000 35.32100
-9999 -9999 -9999 -9999 -9999 -9999 -9999 -9999 -9999 -9999 23.69730 22.51030 23.70220 23.30090 22.90000 21.90000 21.40000 21.10000 21.10000 21.10000 21.10000 21.10000 21.10000 21.10000 21.10000 21.10000 21.10000 21.40500 20.70150 21.10000 21.10000 23.70000 23.40000 20.30540 20.20130 21.60360 22.30000 22.40000 23.00000 23.10000 22.72820 21.80810 21.50200 21.20130 20.50170 21.31060 21.81230 21.50850 21.92270 21.94560 22.20770 22.92520 23.22630 23.01960 23.11750 23.12020 21.82230 19.45180 18.96010 22.70740 22.72330 21.97070 21.19050 23.09570 24.03630 23.35590 24.32810 28.75620 29.85100 34.36360 35.90900
-9999 -9999 -9999 -9999 -9999 -9999 -9999 -9999 -9999 22.00010 21.20010 21.10060 22.20150 21.40040 21.70000 21.10000 21.10000 21.10000 21.10000 21.10000 21.30000 21.10000 21.80000 21.80000 21.30000 21.10000 21.10000 21.70000 21.10000 21.70000 21.90000 21.50000 24.50000 24.70000 20.60210 22.11000 22.30010 22.80000 23.00000 22.42990 20.30350 21.10150 21.10310 20.60380 19.50090 20.06160 21.30420 21.92510 21.52290 21.73660 21.86920 22.95000 23.15360 23.70730 23.39450 22.68850 22.56660 22.67280 22.68390 22.76660 22.50350 21.86540 21.23410 23.17740 23.49870 23.76700 24.15670 30.79450 36.19730 36.33680 36.18410
-9999 -9999 -9999 -9999 -9999 -9999 -9999 -9999 -9999 -9999 22.40000 21.40000 21.40010 21.10000 21.10000 21.10000 21.10000 21.10000 21.10000 21.50000 22.00000 21.30000 21.70000 -9999 -9999 -9999 -9999 -9999 -9999 23.90000 25.40000 24.50000 24.00000 24.30000 22.70000 22.20820 22.21560 23.00000 23.10000 22.93100 20.80580 21.40790 22.22860 20.04780 19.59120 19.85950 20.47720 21.72460 22.04700 22.05310 22.51160 23.10840 23.12990 23.17850 22.99790 22.67440 22.55870 22.55860 22.44480 22.84670 22.37290 21.62420 23.30360 18.53610 23.01620 23.89980 24.69950 32.25110 38.53520 36.95620 37.17320
-9999 -9999 -9999 -9999 -9999 -9999 -9999 -9999 -9999 -9999 -9999 -9999 21.70000 21.10000 21.10000 21.10000 21.10000 21.10000 21.40000 -9999 -9999 -9999 -9999 -9999 -9999 -9999 -9999 -9999 -9999 -9999 -9999 -9999 -9999 24.80000 22.90350 21.90520 20.60370 21.70680 23.40000 25.10010 21.91560 20.70530 21.81450 21.00600 19.90670 19.72320 19.98820 20.80930 21.61490 21.51830 21.62820 22.93910 22.94310 23.21610 22.64470 22.55610 22.68150 22.85450 23.00560 22.82520 21.81350 21.02780 22.36190 23.32050 23.52330 23.96630 25.48060 32.65360 34.73140 33.87800 33.99170
-9999 -9999 -9999 -9999 -9999 -9999 -9999 -9999 -9999 -9999 -9999 -9999 -9999 -9999 -9999 -9999 -9999 -9999 -9999 -9999 -9999 -9999 -9999 -9999 -9999 -9999 -9999 -9999 -9999 -9999 -9999 -9999 -9999 -9999 22.30370 20.50230 20.70250 20.30240 22.90000 21.40900 22.10950 21.40350 21.04140 21.94370 20.15690 20.49210 21.21690 21.60840 22.12730 21.92610 22.25710 23.09960 22.37240 22.87340 23.08690 22.90650 22.84650 22.78150 22.85630 22.61870 20.77700 22.91750 23.14260 23.33110 23.37060 23.71050 25.36470 32.24710 34.37710 32.92060 31.97590
-9999 -9999 -9999 -9999 -9999 -9999 -9999 -9999 -9999 -9999 -9999 -9999 -9999 -9999 -9999 -9999 -9999 -9999 -9999 -9999 -9999 -9999 -9999 -9999 -9999 -9999 -9999 -9999 -9999 -9999 -9999 -9999 -9999 -9999 21.90860 20.30490 20.40620 23.02980 25.10010 19.80270 20.00150 20.11590 19.89720 20.00440 22.32600 21.30830 21.21150 21.61070 21.81980 21.93070 22.15720 21.74190 22.89390 22.99470 23.18690 23.06020 22.76930 22.83830 22.92860 22.90560 20.25200 18.48350 20.68910 23.25350 23.45510 25.12860 25.67380 28.33230 30.54260 28.61340 -9999
-9999 -9999 -9999 -9999 -9999 -9999 -9999 -9999 -9999 -9999 -9999 -9999 -9999 -9999 -9999 -9999 -9999 -9999 -9999 -9999 -9999 -9999 -9999 -9999 -9999 -9999 -9999 -9999 -9999 -9999 -9999 -9999 -9999 -9999 -9999 -9999 -9999 -9999 21.10820 19.80280 19.40120 19.30300 19.85520 19.95430 20.70290 21.81270 22.32800 21.71220 21.81780 22.13330 21.71960 22.26040 22.24840 22.94390 22.97210 22.83300 23.10170 23.10170 23.22290 20.49380 18.39770 22.68450 23.32710 23.36540 24.39200 25.33440 26.39970 26.97590 26.60060 -9999 -9999
