data/hydroclimate-scenarios/BCSD_hadcm_B1/monthly_summaries/soilm2_monthly_day1_jul.2030-2059.asc
ncols	311
nrows	91
xllcenter	102.75
yllcenter	31.75
cellsize	0.5
NODATA_value	-9999
[rows 0 to 31 of 91, columns 70 to 139 of 311]
-9999 -9999 -9999 -9999 -9999 -9999 -9999 -9999 -9999 -9999 -9999 -9999 -9999 -9999 -9999 -9999 -9999 -9999 -9999 -9999 -9999 -9999 -9999 -9999 -9999 -9999 -9999 -9999 -9999 -9999 -9999 -9999 -9999 -9999 -9999 -9999 -9999 -9999 -9999 -9999 -9999 -9999 -9999 -9999 -9999 -9999 -9999 -9999 -9999 -9999 -9999 -9999 -9999 -9999 -9999 -9999 -9999 -9999 -9999 -9999 -9999 -9999 -9999 -9999 -9999 -9999 -9999 -9999 -9999 -9999
-9999 -9999 -9999 -9999 -9999 -9999 -9999 -9999 -9999 -9999 -9999 -9999 -9999 -9999 -9999 -9999 -9999 -9999 -9999 -9999 -9999 -9999 -9999 -9999 -9999 -9999 -9999 -9999 -9999 -9999 -9999 -9999 -9999 -9999 -9999 -9999 -9999 -9999 -9999 -9999 -9999 -9999 -9999 -9999 -9999 -9999 -9999 -9999 -9999 -9999 -9999 -9999 -9999 -9999 -9999 -9999 -9999 -9999 -9999 -9999 -9999 -9999 -9999 -9999 -9999 -9999 -9999 -9999 -9999 -9999
-9999 -9999 -9999 -9999 -9999 -9999 -9999 -9999 -9999 -9999 -9999 -9999 -9999 -9999 -9999 -9999 -9999 -9999 -9999 -9999 -9999 -9999 -9999 -9999 -9999 -9999 -9999 -9999 -9999 -9999 -9999 -9999 -9999 -9999 -9999 -9999 -9999 -9999 -9999 -9999 -9999 -9999 -9999 -9999 -9999 -9999 -9999 -9999 -9999 -9999 -9999 -9999 -9999 -9999 -9999 -9999 -9999 -9999 -9999 -9999 -9999 -9999 -9999 -9999 -9999 -9999 -9999 -9999 -9999 -9999
-9999 -9999 -9999 -9999 -9999 -9999 -9999 -9999 -9999 -9999 -9999 -9999 -9999 -9999 -9999 -9999 -9999 -9999 -9999 -9999 -9999 -9999 -9999 -9999 -9999 -9999 -9999 -9999 -9999 -9999 -9999 -9999 -9999 -9999 -9999 -9999 -9999 -9999 -9999 -9999 -9999 -9999 -9999 -9999 -9999 -9999 -9999 -9999 -9999 -9999 -9999 -9999 -9999 -9999 -9999 -9999 -9999 -9999 -9999 -9999 -9999 -9999 -9999 -9999 -9999 -9999 -9999 -9999 -9999 -9999
-9999 -9999 -9999 -9999 -9999 -9999 -9999 -9999 -9999 -9999 -9999 -9999 -9999 -9999 -9999 -9999 -9999 -9999 -9999 -9999 -9999 -9999 -9999 -9999 -9999 -9999 -9999 -9999 -9999 -9999 -9999 -9999 -9999 -9999 -9999 -9999 -9999 -9999 -9999 -9999 -9999 -9999 -9999 -9999 -9999 -9999 -9999 -9999 -9999 -9999 -9999 -9999 -9999 -9999 -9999 -9999 -9999 -9999 -9999 -9999 -9999 -9999 -9999 -9999 -9999 -9999 -9999 -9999 -9999 -9999
-9999 -9999 -9999 -9999 -9999 -9999 -9999 -9999 -9999 -9999 -9999 -9999 -9999 -9999 -9999 -9999 -9999 -9999 -9999 -9999 -9999 -9999 -9999 -9999 -9999 -9999 -9999 -9999 -9999 -9999 -9999 -9999 -9999 -9999 -9999 -9999 -9999 -9999 -9999 -9999 -9999 -9999 -9999 -9999 -9999 -9999 -9999 -9999 -9999 -9999 -9999 -9999 -9999 -9999 -9999 -9999 -9999 -9999 -9999 -9999 -9999 -9999 -9999 -9999 -9999 -9999 -9999 -9999 -9999 -9999
-9999 -9999 -9999 -9999 -9999 -9999 -9999 -9999 -9999 -9999 -9999 -9999 -9999 -9999 -9999 -9999 -9999 -9999 -9999 -9999 -9999 -9999 -9999 -9999 -9999 -9999 -9999 -9999 -9999 -9999 -9999 -9999 -9999 -9999 -9999 -9999 -9999 -9999 -9999 -9999 -9999 -9999 -9999 -9999 -9999 -9999 -9999 -9999 -9999 -9999 -9999 -9999 -9999 -9999 -9999 -9999 -9999 -9999 -9999 -9999 -9999 -9999 -9999 -9999 -9999 -9999 -9999 -9999 -9999 -9999
-9999 -9999 -9999 -9999 -9999 -9999 -9999 -9999 -9999 -9999 -9999 -9999 -9999 -9999 -9999 -9999 -9999 -9999 -9999 -9999 -9999 -9999 -9999 -9999 -9999 -9999 -9999 -9999 -9999 -9999 -9999 -9999 -9999 -9999 -9999 -9999 -9999 -9999 -9999 -9999 -9999 -9999 -9999 -9999 -9999 -9999 -9999 -9999 -9999 -9999 -9999 -9999 -9999 -9999 -9999 -9999 -9999 -9999 -9999 -9999 -9999 -9999 -9999 -9999 -9999 -9999 -9999 -9999 -9999 -9999
-9999 -9999 -9999 -9999 -9999 -9999 -9999 97.87430 -9999 -9999 -9999 -9999 -9999 -9999 -9999 -9999 -9999 -9999 -9999 -9999 -9999 -9999 -9999 -9999 -9999 -9999 -9999 -9999 -9999 -9999 -9999 -9999 -9999 -9999 -9999 -9999 -9999 -9999 -9999 -9999 -9999 -9999 -9999 -9999 -9999 -9999 -9999 -9999 -9999 -9999 -9999 -9999 -9999 -9999 -9999 -9999 -9999 -9999 -9999 -9999 -9999 -9999 -9999 -9999 -9999 -9999 -9999 -9999 -9999 -9999
-9999 -9999 -9999 113.95100 88.58430 92.65860 96.52970 97.20780 101.12600 102.63600 106.76400 110.58400 112.82800 115.01300 114.61800 119.27100 123.82600 123.02900 123.26900 122.54800 121.81300 117.40000 112.83600 -9999 -9999 -9999 -9999 -9999 -9999 -9999 -9999 -9999 -9999 -9999 -9999 -9999 -9999 -9999 -9999 -9999 -9999 -9999 -9999 -9999 -9999 -9999 -9999 -9999 -9999 -9999 -9999 -9999 -9999 -9999 -9999 -9999 -9999 -9999 -9999 -9999 -9999 -9999 -9999 -9999 -9999 -9999 -9999 -9999 -9999 -9999
-9999 -9999 -9999 -9999 -9999 100.20800 103.62800 107.09900 108.76300 113.12200 115.87400 118.01900 120.61400 123.26700 124.17900 125.37700 126.50000 126.74600 127.69900 127.78600 128.24899 128.32500 126.27400 -9999 -9999 -9999 -9999 -9999 -9999 -9999 -9999 -9999 -9999 -9999 -9999 -9999 -9999 -9999 -9999 -9999 -9999 -9999 -9999 -9999 -9999 -9999 -9999 -9999 -9999 -9999 -9999 -9999 -9999 -9999 -9999 -9999 -9999 -9999 -9999 -9999 -9999 -9999 -9999 -9999 -9999 -9999 -9999 -9999 -9999 -9999
90.28550 89.47490 89.12420 92.41490 94.06380 99.18120 100.90900 99.47160 104.94800 108.66000 110.69100 115.81700 118.25900 120.47700 122.23300 124.60600 125.44600 125.71700 126.73400 126.20200 129.49001 133.39400 134.86200 133.07700 131.89101 127.36300 125.64300 122.91900 121.16200 -9999 -9999 -9999 -9999 -9999 -9999 -9999 -9999 -9999 -9999 -9999 -9999 -9999 -9999 -9999 -9999 -9999 -9999 -9999 -9999 -9999 -9999 -9999 -9999 -9999 -9999 -9999 -9999 -9999 -9999 -9999 -9999 -9999 -9999 -9999 -9999 -9999 -9999 -9999 -9999 -9999
94.41260 91.79000 91.95960 95.18390 94.51580 95.31640 99.04880 100.15200 100.16800 101.53200 103.23500 110.76100 111.93000 115.43900 118.29500 122.64200 124.21100 119.67200 113.20800 129.87500 135.83299 130.81700 126.55100 126.70100 128.52200 126.13200 124.50700 123.70900 122.15300 120.61200 118.19500 114.72500 113.73000 113.65300 113.38300 109.92400 108.64200 104.86800 104.67900 100.81400 99.88170 100.37400 100.19200 100.12000 -9999 -9999 -9999 -9999 -9999 -9999 -9999 -9999 -9999 -9999 -9999 -9999 -9999 -9999 -9999 -9999 -9999 -9999 -9999 -9999 -9999 -9999 -9999 -9999 -9999 -9999
71.94650 71.61770 73.17060 72.39870 90.66610 97.16990 100.32900 97.90970 97.98590 100.53700 99.50590 100.98500 102.36100 103.90200 106.07900 110.62600 113.34700 111.05400 110.62100 116.62200 125.49000 123.76600 122.37300 117.24000 109.49600 112.92200 113.42300 111.21600 109.92700 115.87100 120.84200 116.05100 115.83100 108.81000 107.57800 106.88300 105.13800 105.90000 104.77100 101.46300 100.64600 103.51400 102.82100 102.05700 122.58400 -9999 -9999 -9999 -9999 -9999 -9999 -9999 -9999 -9999 -9999 -9999 -9999 -9999 -9999 -9999 -9999 -9999 -9999 -9999 -9999 -9999 -9999 -9999 -9999 -9999
101.65300 107.55200 102.06800 96.51540 105.64200 105.91700 107.92100 109.51900 109.33700 111.17700 109.64600 115.95300 115.82600 114.83600 114.54300 111.57400 114.99600 117.87100 119.78400 120.28600 128.21700 124.16500 123.51600 122.41900 121.56200 120.11000 121.22300 116.84800 114.17700 114.62200 113.94800 111.01000 108.57200 110.25500 110.25700 107.78400 108.05400 105.21700 104.04600 105.40400 107.68800 106.04600 106.35100 110.02700 109.24400 -9999 -9999 -9999 -9999 -9999 -9999 -9999 -9999 -9999 -9999 -9999 -9999 -9999 -9999 -9999 105.61700 106.52700 -9999 -9999 -9999 -9999 125.50100 133.48700 138.75400 123.63900
103.49200 100.49500 102.39200 104.58500 102.73400 104.53600 103.07400 107.00600 107.30300 112.36200 112.01400 109.38100 111.79300 111.60300 116.37500 116.82600 115.30500 117.92200 117.94300 125.36900 118.02600 120.25700 118.75200 119.25700 115.95400 114.06000 111.27800 115.09100 115.18900 111.26300 112.06400 111.22400 109.23700 107.51200 106.68100 106.51900 105.92600 101.20500 99.57970 101.36800 116.43900 118.75000 121.54400 122.23100 121.13200 121.87000 121.64700 122.65900 108.12100 112.66300 112.17200 106.90100 110.06300 117.24900 119.50800 111.35100 100.83300 91.19940 90.99830 105.19700 107.98700 101.76000 -9999 -9999 -9999 -9999 -9999 132.88100 131.91299 128.59000
109.93800 111.85300 85.57710 104.68400 110.35500 92.59740 100.35300 102.58200 105.40800 103.32200 102.00100 102.37000 104.70700 105.52200 106.34800 110.15500 119.34100 113.84500 114.24700 114.02000 112.61400 113.50500 113.58300 112.63200 112.12600 111.35400 110.99300 110.30300 111.01600 109.58100 110.62900 110.84400 108.79400 108.93100 109.14200 109.76900 110.35200 108.36200 108.85300 118.15600 120.83100 108.77300 120.21700 109.87500 109.65700 110.50900 108.84700 109.88400 108.62400 113.63200 119.04600 115.72600 111.42400 115.21300 122.19600 125.81600 117.93200 118.35400 116.39600 113.29700 106.21000 106.85000 109.08400 110.60000 117.03500 121.11100 126.81800 127.74300 129.38400 126.34800
100.52600 106.09000 112.63300 97.32380 117.00700 114.87200 109.59700 106.52900 106.93200 96.86410 97.68600 96.72330 102.11800 103.80500 116.41900 108.23200 112.93200 110.30700 111.33500 112.35700 107.85500 115.16400 111.26100 109.43800 108.85400 110.16200 108.29800 108.33800 108.53300 108.99600 110.46400 110.76500 111.55400 111.10300 109.55800 110.12800 109.88700 120.77200 107.54500 105.85000 110.74000 107.82700 107.38400 106.53500 110.16900 109.23100 108.46100 106.91000 105.69000 107.89400 107.62700 110.35100 105.29800 110.08900 110.90700 116.63500 125.64100 125.93700 129.50600 134.30099 129.75999 115.48300 117.57600 112.57200 107.16600 110.58900 111.82700 121.47200 123.11700 120.31300
107.79600 118.39800 119.01200 106.52400 75.85440 99.69690 93.87880 90.52070 101.73400 100.80900 95.70010 93.92720 97.23930 99.71070 101.38400 103.26300 105.77700 106.86500 107.32100 109.66100 117.41000 116.57200 110.73800 108.58600 107.36200 107.27400 107.76800 106.42300 106.60400 108.82900 108.05000 108.33600 118.93800 106.94300 106.51000 107.82400 107.08800 104.87500 106.77200 109.84900 114.66300 105.49900 103.89500 111.50100 117.95800 121.29800 113.26000 109.44100 104.87900 105.85700 107.47800 111.47000 116.96800 116.45900 115.38600 103.56400 102.53700 104.92100 116.12200 120.86600 137.62700 131.59500 126.77600 126.31400 119.05400 116.08700 113.71000 113.96000 114.59400 115.60800
92.14350 115.32600 121.09700 115.32300 107.53100 91.70940 94.05770 89.11120 101.08400 103.93300 96.30990 118.59500 108.73600 100.22600 100.07800 98.32380 97.03250 101.15100 103.37000 107.98600 111.37900 114.38700 109.08900 108.53900 109.09800 104.93800 105.27100 104.84400 102.36000 108.03900 115.80900 105.27900 103.26000 101.29000 104.75600 101.93700 103.69600 103.58700 105.57500 104.44600 111.50900 116.19200 113.61000 111.18700 110.13600 120.78100 117.08700 110.51100 115.02900 105.66200 110.50600 117.10500 115.03000 115.85400 113.07600 119.66400 121.34500 120.79700 123.66100 121.86500 123.80000 123.32300 116.67300 116.54800 123.63800 128.47301 119.16600 124.29400 117.85800 116.56100
98.24520 104.74700 107.10900 108.42500 113.16400 116.08100 93.91680 78.53090 68.96370 92.64570 90.60670 105.35200 121.07500 129.57100 127.68100 113.12900 106.77800 102.18200 96.82650 100.17900 97.57840 102.07500 102.29500 103.23200 102.88400 102.04900 105.20800 103.52700 102.86000 103.60400 105.74000 104.49100 108.86600 108.60800 103.07000 100.21300 104.27300 102.19900 106.86800 106.31300 101.75300 119.02700 121.45300 118.26100 114.87200 109.82700 107.26500 109.81700 105.40300 100.34300 103.52000 107.02600 111.72200 112.50400 120.09800 122.31600 129.84801 121.21400 123.50700 118.73300 124.56500 124.77800 123.67900 116.33400 122.90000 126.10800 117.82500 116.97400 117.93700 117.06200
124.26200 131.02200 124.18800 129.32500 120.93000 122.04600 118.39600 110.01200 106.57600 101.29400 95.41860 88.13260 90.91720 102.53400 109.87000 128.19299 123.99300 124.99400 119.55100 104.44800 95.07830 100.09800 101.04700 101.31700 102.55000 102.71300 105.50600 104.60600 101.41600 110.28200 112.88200 112.10200 119.81600 108.00700 118.31400 108.53300 108.94100 110.98800 113.17300 98.27620 105.67400 110.30800 112.29300 115.80800 107.02200 108.24700 110.28500 111.24900 114.88600 109.25000 106.66700 111.46800 115.70600 116.23400 113.17900 118.11500 119.88200 119.58900 121.82600 124.21300 143.80701 130.94299 133.11600 126.50100 124.24700 121.77300 113.48900 123.18400 122.07200 125.79400
106.19700 113.50300 130.37900 136.80299 133.55200 136.66701 123.11200 115.26100 105.55700 108.54100 102.16600 104.06200 112.30900 101.90200 86.96220 102.50900 93.19920 101.62900 118.69300 126.31000 113.00700 107.15500 108.34200 103.39900 106.38400 102.76100 104.54300 103.88700 104.43200 111.24100 112.04200 117.43300 117.76300 117.06500 108.39100 115.99400 116.65500 114.40500 106.01500 107.84600 105.80300 107.09700 113.29300 114.63400 104.33200 119.08600 122.53700 121.34800 124.40200 117.24400 117.32700 121.44000 122.29100 124.33500 134.53400 120.35500 124.74300 125.03500 130.82401 128.30800 136.70500 137.23100 134.35201 121.86100 111.46100 120.77500 123.64700 120.33000 123.12700 127.59300
111.10800 118.00500 114.95100 111.17600 123.10600 131.12100 134.06500 133.39799 128.78000 124.46600 113.48400 104.54900 119.74100 117.86900 113.16500 134.65601 125.57300 124.19600 89.05680 112.41500 134.77600 123.11500 124.72700 119.15300 103.61100 101.77600 97.63350 101.15900 100.76900 107.18900 108.73500 109.61200 109.85300 110.04500 109.41000 110.19300 114.99700 116.98800 111.21700 111.01800 110.65000 111.77800 111.88500 113.46100 100.97600 91.65860 106.21300 119.79300 127.50500 131.15900 124.02900 121.25800 117.25400 126.42600 119.74000 129.56000 140.57201 129.57700 141.45900 120.40000 124.19900 132.33000 130.09900 126.54300 127.54000 120.06000 126.36600 125.48300 118.16800 116.79300
112.65000 118.62700 113.84100 110.39200 105.83600 111.96100 115.06100 121.83500 123.50500 116.38400 117.43900 114.80200 111.03100 99.58100 105.25500 127.22000 132.00700 125.67200 123.94900 108.98800 111.76200 120.18600 121.35900 117.10700 116.12500 101.47100 95.19130 100.72400 105.94000 111.05200 113.96800 114.86200 112.30600 102.03000 105.44800 111.76400 107.23300 105.27200 106.59100 113.17200 117.40000 110.96500 111.15300 124.92200 106.99500 104.93200 112.79500 124.18800 128.85699 130.70799 120.75800 120.49400 121.48900 138.50600 139.22501 134.38600 129.48700 129.19600 123.36300 135.13600 138.51401 128.49100 118.31200 123.74100 122.21300 119.36900 125.86100 118.92400 117.86800 125.66000
115.81600 128.40601 125.53500 115.02100 113.71700 116.24500 108.43800 114.13400 110.48500 106.76900 101.17400 106.95700 116.50900 110.59100 102.71500 115.38100 127.85800 122.36700 117.50500 124.31000 121.79800 123.23900 110.93100 108.88400 108.05200 106.47300 118.80900 103.25100 99.07980 108.96700 115.49300 112.73000 114.85300 106.62900 111.69600 110.08800 116.56800 118.95400 111.95300 106.17200 127.61300 113.82200 113.18900 114.99800 119.36300 122.06400 111.80100 105.59500 109.21800 109.59200 111.20600 123.13400 123.77900 120.47300 114.60500 113.95800 122.21900 126.34600 126.64700 129.00800 138.28300 134.64700 136.06700 133.02499 130.12000 126.74800 123.52100 122.90800 125.66500 118.68800
114.44500 122.05000 130.86800 123.12600 117.57200 115.20400 120.63400 115.07000 115.18300 105.97000 111.05800 105.08200 105.93300 116.72200 114.04100 119.27400 118.39000 127.19800 116.63100 124.36400 123.08500 121.73800 112.24700 122.27500 107.93400 111.30500 117.81800 108.54900 105.66700 105.73200 108.12700 108.41300 99.27260 108.48700 120.94500 111.78200 106.55600 124.03000 124.86400 104.89600 108.63300 115.71400 116.88500 114.66900 111.83400 109.28400 108.32900 115.57600 109.02500 111.71900 133.42300 114.66000 130.70000 134.09200 134.11301 137.00400 133.10600 124.75600 126.78500 132.59700 126.57800 128.09200 127.49300 130.12300 128.79201 129.67599 106.44500 125.49900 107.57900 115.78300
122.87400 121.31000 118.25000 122.33900 120.03700 122.93300 111.84500 104.06400 103.70900 109.77500 105.99400 96.81020 104.74400 118.92400 121.25300 119.89700 118.40500 118.30100 126.71900 119.60100 117.52200 134.65700 117.52800 117.36900 109.58800 104.72000 113.12800 124.01500 111.72400 111.02000 108.00700 112.57200 106.00200 113.58000 121.62200 116.92400 107.51100 125.52400 114.38400 116.03500 108.74200 110.30100 111.54400 111.41000 120.87100 119.24900 125.80300 126.50000 129.95399 132.88800 133.16000 135.04800 135.02800 132.38499 127.12700 132.73100 132.67599 139.03000 134.10600 129.22301 124.69000 128.47200 130.73300 124.81000 117.54100 128.51100 117.62700 119.94800 118.89500 121.63300
112.48300 125.04200 117.28700 125.98600 122.17900 121.61300 129.93401 115.70500 108.88900 107.39100 120.49600 102.35000 108.39200 110.85700 116.25300 119.24000 120.38900 114.76400 106.45400 113.88500 127.30500 121.67400 120.70100 118.21000 109.76800 109.80200 102.65200 115.09600 107.61900 100.77300 107.52400 99.75750 110.31300 116.65900 116.61200 115.51400 105.40500 112.06400 120.49800 122.53500 134.68600 117.96600 115.88800 122.58400 119.11300 127.46000 122.95000 114.18700 101.95500 106.60500 112.26300 119.51600 122.94800 105.23700 125.40400 138.21500 140.99200 136.08000 131.45000 126.51000 128.86400 129.07500 120.79200 117.27700 126.54400 144.65401 139.07300 141.85001 144.31200 135.17700
111.13800 114.27900 116.63500 122.47700 125.10600 131.73199 131.17999 138.58000 119.07200 120.10600 124.18000 122.29300 115.35200 114.99900 115.48800 120.63000 131.64101 127.92900 116.28600 117.33700 125.35800 110.24600 119.99400 130.47600 125.24200 109.14000 99.68450 120.02400 114.55400 103.08600 109.52300 108.76100 98.99410 117.40100 118.31800 112.28400 113.03600 118.46000 132.33099 139.67400 140.81700 137.62000 123.22200 129.52901 125.76600 118.20600 115.88300 100.42000 102.16600 116.44500 113.67900 -9999 -9999 104.81500 117.83800 127.53800 135.75700 131.26300 130.87100 111.74600 115.26500 116.37300 126.22200 138.09100 147.20599 156.71001 166.94200 166.60001 174.62801 155.95300
119.25800 124.99700 120.21000 122.39200 132.31599 126.13200 138.06700 142.15401 132.61301 129.18201 140.71100 138.97099 133.09200 126.47100 122.37600 127.27000 133.25700 121.60900 115.90500 109.19400 115.34900 109.22600 116.79600 112.17100 124.97500 118.22800 113.18300 121.21400 111.68000 98.79850 114.09000 117.12200 101.70800 107.81300 114.91100 117.41500 129.06900 137.95799 132.73500 128.34599 -9999 -9999 -9999 -9999 121.66200 -9999 107.15400 119.84700 124.46400 129.18500 111.47600 -9999 -9999 116.05700 127.62300 128.45300 122.65400 107.95700 111.33400 115.16600 119.83100 120.92500 126.18700 131.08099 135.95500 145.89799 185.64500 179.33600 176.86700 149.80299
124.19700 109.99900 117.71500 122.30100 129.60201 137.66701 132.12700 134.56100 121.87900 122.91900 133.62300 130.46100 130.07100 139.06599 140.52400 137.73500 119.24000 117.18000 123.22800 122.43400 127.00200 129.70000 121.23800 119.14400 113.76700 113.15200 120.82100 107.62800 119.48500 112.99100 108.91600 114.90400 117.35000 122.92100 124.32300 140.88200 134.02400 132.70700 -9999 -9999 -9999 -9999 -9999 -9999 -9999 126.70600 117.39900 127.46200 -9999 -9999 -9999 -9999 -9999 131.61800 128.56900 123.59000 124.86400 127.25600 124.63800 115.39600 122.31400 115.17900 117.06900 123.94500 136.58900 141.93201 133.10400 147.73199 172.75101 150.52000
