data/hydroclimate-scenarios/BCSD_hadcm_B1/monthly_summaries/soilm1_monthly_day1_may.2070-2099.asc
ncols	311
nrows	91
xllcenter	102.75
yllcenter	31.75
cellsize	0.5
NODATA_value	-9999
[rows 0 to 31 of 91, columns 213 to 283 of 311]
-9999 -9999 -9999 -9999 -9999 -9999 -9999 -9999 -9999 -9999 -9999 -9999 -9999 -9999 -9999 -9999 -9999 -9999 -9999 -9999 -9999 -9999 -9999 -9999 -9999 -9999 -9999 -9999 -9999 -9999 -9999 -9999 -9999 -9999 -9999 -9999 -9999 -9999 -9999 -9999 -9999 -9999 -9999 -9999 -9999 -9999 -9999 -9999 -9999 -9999 -9999 -9999 -9999 -9999 -9999 -9999 -9999 -9999 -9999 -9999 -9999 -9999 -9999 -9999 -9999 -9999 -9999 -9999 -9999 -9999 -9999
-9999 -9999 -9999 -9999 -9999 -9999 -9999 -9999 -9999 -9999 -9999 -9999 -9999 -9999 -9999 -9999 -9999 -9999 -9999 -9999 -9999 -9999 -9999 -9999 -9999 -9999 -9999 -9999 -9999 -9999 -9999 -9999 -9999 -9999 -9999 -9999 -9999 -9999 -9999 -9999 -9999 -9999 -9999 -9999 -9999 -9999 -9999 -9999 -9999 -9999 -9999 -9999 -9999 -9999 -9999 -9999 -9999 -9999 -9999 -9999 -9999 -9999 -9999 -9999 -9999 -9999 -9999 -9999 -9999 -9999 -9999
-9999 -9999 -9999 -9999 -9999 -9999 -9999 -9999 -9999 -9999 -9999 -9999 -9999 -9999 -9999 -9999 -9999 -9999 -9999 -9999 -9999 -9999 -9999 -9999 -9999 -9999 -9999 -9999 -9999 -9999 -9999 -9999 -9999 -9999 -9999 -9999 -9999 -9999 -9999 -9999 -9999 -9999 -9999 -9999 -9999 -9999 -9999 -9999 -9999 -9999 -9999 -9999 -9999 -9999 -9999 -9999 -9999 -9999 -9999 -9999 -9999 -9999 -9999 -9999 -9999 -9999 -9999 -9999 -9999 -9999 -9999
-9999 -9999 -9999 -9999 -9999 -9999 -9999 -9999 -9999 -9999 -9999 -9999 -9999 -9999 -9999 -9999 -9999 -9999 -9999 -9999 -9999 -9999 -9999 -9999 -9999 -9999 -9999 -9999 -9999 -9999 -9999 -9999 -9999 -9999 -9999 -9999 -9999 -9999 -9999 -9999 -9999 -9999 -9999 -9999 -9999 -9999 -9999 -9999 -9999 -9999 -9999 -9999 -9999 -9999 -9999 -9999 -9999 -9999 -9999 -9999 -9999 -9999 -9999 -9999 -9999 -9999 -9999 -9999 -9999 -9999 -9999
-9999 -9999 -9999 -9999 -9999 -9999 -9999 -9999 -9999 -9999 -9999 -9999 -9999 -9999 -9999 -9999 -9999 -9999 -9999 -9999 -9999 -9999 -9999 -9999 -9999 -9999 -9999 -9999 -9999 -9999 -9999 -9999 -9999 -9999 -9999 -9999 -9999 -9999 -9999 -9999 -9999 -9999 -9999 -9999 -9999 -9999 -9999 -9999 -9999 -9999 -9999 -9999 -9999 -9999 -9999 -9999 -9999 -9999 -9999 -9999 -9999 -9999 -9999 -9999 -9999 -9999 -9999 -9999 -9999 -9999 -9999
-9999 -9999 -9999 -9999 -9999 -9999 -9999 -9999 -9999 -9999 -9999 -9999 -9999 -9999 -9999 -9999 -9999 -9999 -9999 -9999 -9999 -9999 -9999 -9999 -9999 -9999 -9999 -9999 -9999 -9999 -9999 -9999 -9999 -9999 -9999 -9999 -9999 -9999 -9999 -9999 -9999 -9999 -9999 -9999 -9999 -9999 -9999 -9999 -9999 -9999 -9999 -9999 -9999 -9999 -9999 -9999 -9999 -9999 -9999 -9999 -9999 -9999 -9999 -9999 -9999 -9999 -9999 -9999 -9999 -9999 -9999
-9999 -9999 -9999 -9999 -9999 -9999 -9999 -9999 -9999 -9999 -9999 -9999 -9999 -9999 -9999 -9999 -9999 -9999 -9999 -9999 -9999 -9999 -9999 -9999 -9999 -9999 -9999 -9999 -9999 -9999 -9999 -9999 -9999 -9999 -9999 -9999 -9999 -9999 -9999 -9999 -9999 -9999 -9999 -9999 -9999 -9999 -9999 -9999 -9999 -9999 -9999 -9999 -9999 -9999 -9999 -9999 -9999 -9999 -9999 -9999 -9999 -9999 -9999 -9999 -9999 -9999 -9999 -9999 -9999 -9999 -9999
-9999 -9999 -9999 -9999 -9999 -9999 -9999 -9999 -9999 -9999 -9999 -9999 -9999 -9999 -9999 -9999 -9999 -9999 -9999 -9999 -9999 -9999 -9999 -9999 -9999 -9999 -9999 -9999 -9999 -9999 -9999 -9999 -9999 -9999 -9999 -9999 -9999 -9999 -9999 -9999 -9999 -9999 -9999 -9999 -9999 -9999 -9999 -9999 -9999 -9999 -9999 -9999 -9999 -9999 -9999 -9999 -9999 -9999 -9999 -9999 -9999 -9999 -9999 -9999 -9999 -9999 -9999 -9999 -9999 -9999 -9999
-9999 -9999 -9999 -9999 -9999 -9999 -9999 -9999 -9999 -9999 -9999 -9999 -9999 -9999 -9999 -9999 -9999 -9999 -9999 -9999 -9999 -9999 -9999 -9999 -9999 -9999 -9999 -9999 -9999 -9999 -9999 -9999 -9999 -9999 -9999 -9999 -9999 -9999 -9999 -9999 -9999 -9999 -9999 -9999 -9999 -9999 -9999 -9999 -9999 -9999 -9999 -9999 -9999 -9999 -9999 -9999 -9999 -9999 -9999 -9999 -9999 -9999 -9999 -9999 -9999 -9999 -9999 -9999 -9999 -9999 -9999
-9999 -9999 -9999 -9999 -9999 -9999 -9999 -9999 -9999 -9999 -9999 -9999 -9999 -9999 -9999 -9999 -9999 -9999 -9999 -9999 -9999 -9999 -9999 -9999 -9999 -9999 -9999 -9999 -9999 -9999 -9999 -9999 -9999 -9999 -9999 -9999 -9999 -9999 -9999 -9999 -9999 -9999 -9999 -9999 -9999 -9999 -9999 -9999 -9999 -9999 -9999 -9999 -9999 -9999 -9999 -9999 -9999 -9999 -9999 -9999 -9999 -9999 -9999 -9999 -9999 -9999 -9999 -9999 -9999 -9999 -9999
-9999 -9999 -9999 -9999 -9999 -9999 -9999 -9999 -9999 -9999 -9999 -9999 -9999 -9999 -9999 -9999 -9999 -9999 -9999 -9999 -9999 -9999 -9999 -9999 -9999 -9999 -9999 -9999 -9999 -9999 -9999 -9999 -9999 -9999 -9999 -9999 -9999 -9999 -9999 -9999 -9999 -9999 -9999 -9999 -9999 -9999 -9999 -9999 -9999 -9999 -9999 -9999 -9999 -9999 -9999 -9999 -9999 -9999 -9999 -9999 -9999 -9999 -9999 -9999 -9999 -9999 -9999 -9999 -9999 -9999 -9999
-9999 -9999 -9999 -9999 -9999 -9999 -9999 -9999 -9999 -9999 -9999 -9999 -9999 -9999 -9999 -9999 -9999 -9999 -9999 -9999 -9999 -9999 -9999 -9999 -9999 -9999 -9999 -9999 -9999 -9999 -9999 -9999 -9999 -9999 -9999 -9999 -9999 -9999 -9999 -9999 -9999 -9999 -9999 -9999 -9999 -9999 -9999 -9999 -9999 -9999 -9999 -9999 -9999 -9999 -9999 -9999 -9999 -9999 -9999 -9999 -9999 -9999 -9999 -9999 -9999 -9999 -9999 -9999 -9999 -9999 -9999
-9999 -9999 -9999 -9999 -9999 -9999 -9999 -9999 -9999 -9999 -9999 -9999 -9999 -9999 -9999 -9999 -9999 -9999 -9999 -9999 -9999 -9999 -9999 -9999 -9999 -9999 -9999 -9999 -9999 -9999 -9999 -9999 -9999 -9999 -9999 -9999 -9999 -9999 -9999 -9999 -9999 -9999 -9999 -9999 -9999 -9999 -9999 -9999 -9999 -9999 -9999 -9999 -9999 -9999 -9999 -9999 -9999 -9999 -9999 -9999 -9999 -9999 -9999 -9999 -9999 -9999 -9999 -9999 -9999 -9999 -9999
63.98000 64.05790 62.82570 62.63080 66.44960 66.22630 -9999 -9999 -9999 -9999 -9999 -9999 -9999 -9999 -9999 -9999 -9999 -9999 -9999 -9999 -9999 -9999 -9999 -9999 -9999 -9999 -9999 -9999 -9999 -9999 -9999 -9999 -9999 -9999 -9999 -9999 -9999 -9999 -9999 -9999 -9999 -9999 -9999 -9999 -9999 -9999 -9999 59.51850 -9999 -9999 -9999 -9999 -9999 -9999 -9999 -9999 -9999 -9999 -9999 -9999 -9999 -9999 -9999 -9999 -9999 -9999 -9999 -9999 -9999 -9999 -9999
62.70930 64.30640 66.35990 66.49290 66.66240 66.70050 57.97690 57.96320 59.46400 59.84050 67.13250 68.12180 67.51580 56.74270 56.11900 55.52690 54.05270 52.52890 67.23030 -9999 -9999 -9999 -9999 -9999 -9999 -9999 -9999 -9999 -9999 -9999 -9999 -9999 -9999 -9999 -9999 -9999 -9999 -9999 -9999 -9999 -9999 -9999 57.30200 54.60720 52.06510 50.07730 52.22810 54.12170 57.88110 -9999 -9999 -9999 60.53630 -9999 -9999 -9999 63.26800 62.53120 61.14980 -9999 -9999 -9999 -9999 -9999 -9999 -9999 -9999 -9999 -9999 -9999 -9999
61.82900 62.71250 59.35310 60.35280 60.85050 61.90590 62.41890 49.65420 56.61360 57.00430 59.13850 62.83140 61.82530 63.20550 51.96370 63.25000 61.13020 58.84280 52.64040 50.18860 50.45880 58.04570 62.83970 64.37660 62.67210 -9999 -9999 -9999 -9999 -9999 70.54250 69.94390 70.59980 65.65560 62.08750 61.45710 59.02150 59.83340 60.10830 61.12440 63.32090 64.43580 50.06940 51.54600 50.78670 52.49780 53.08850 54.49470 59.79370 60.32320 60.22390 60.55720 60.76400 61.06370 61.10010 61.04330 62.14400 61.23290 60.03970 60.14510 61.52420 61.95920 61.77380 62.57270 -9999 -9999 -9999 -9999 -9999 -9999 -9999
60.77680 63.09110 67.60100 69.75360 65.77900 75.03750 63.96650 64.50820 68.08390 70.01330 61.50970 72.53410 73.28210 73.89800 69.12690 68.45710 65.57880 64.87680 61.85170 60.92900 63.70720 63.43060 56.49130 68.91090 64.57890 65.70940 67.94650 63.88620 66.37870 66.93160 62.41020 73.05850 72.00700 71.47520 61.06500 60.40760 62.83350 62.08530 63.72660 64.32270 61.27430 61.18970 61.19560 59.95770 58.62600 59.68760 59.86170 60.76060 62.32670 63.04050 63.18570 63.54950 60.58270 60.61800 60.70040 60.56320 61.06920 61.30760 61.25020 61.16620 61.74090 61.45520 60.92270 60.19010 60.42750 60.70970 61.58220 61.37020 61.03280 60.99460 61.16070
67.21620 68.62160 70.35470 79.59870 76.63530 69.68420 73.10570 72.93580 74.45180 72.10040 68.38160 67.60930 70.86950 66.73450 60.39770 57.38270 60.76880 63.13330 81.46450 77.39160 74.44230 71.00660 79.29720 65.41380 56.55340 54.95720 59.74110 59.55280 60.87860 59.91920 53.25360 69.42800 73.99650 71.90490 64.19630 63.64190 66.36550 65.92190 64.86780 64.98160 63.00840 62.87700 64.52020 64.88360 63.69980 63.67310 63.41900 63.89140 65.30620 65.40240 64.99440 64.95620 61.46470 61.46930 61.16240 60.88450 62.09730 62.21170 62.76230 62.48160 62.49860 61.99070 60.99420 60.70900 61.38290 61.26230 61.56650 61.28010 60.70320 60.51400 60.63680
78.27030 76.77430 79.51740 79.92790 91.91190 90.63310 86.56810 75.12030 76.49100 76.60150 78.39820 78.04080 71.29480 74.97780 68.70080 78.75210 87.69570 81.99240 85.28580 86.92020 92.33980 87.11850 78.39720 59.85460 57.11720 56.82740 63.18920 53.16980 61.80300 54.52340 53.27000 56.77180 61.95030 66.91000 67.65400 68.16290 68.42730 71.22460 71.54990 71.29190 68.67140 66.93010 71.59570 71.19280 73.77530 73.59240 71.56960 68.69640 70.52210 69.35390 65.79270 65.43680 64.73160 64.78150 62.06710 62.07040 63.89990 63.45250 65.24080 64.73710 64.31420 67.80080 67.85220 68.79450 69.40980 68.37600 63.64290 62.36020 62.41810 62.31690 60.84700
90.48330 90.69270 92.56200 92.25460 91.10540 89.62820 91.16920 86.82640 90.99840 90.65000 86.97670 86.25230 84.97510 85.41580 84.47440 87.84160 91.62140 93.21610 97.03440 91.76070 88.73850 83.86590 80.62110 69.82910 56.52920 57.99260 60.69120 63.67280 64.42460 55.29430 62.60120 59.65810 58.89650 75.44830 78.43630 78.56140 79.23360 79.48610 79.24230 78.12850 79.44850 79.70570 76.99230 77.42900 81.85940 80.55560 78.98150 80.78740 82.95150 84.58120 79.91400 76.60290 75.62600 76.11210 69.78140 68.58910 70.48550 70.21230 75.28960 75.55460 76.72060 79.55050 77.81510 76.63830 74.78260 74.36220 75.88940 74.96890 73.59110 78.22910 75.92420
94.85990 93.40810 90.44070 88.50800 89.01770 89.04330 90.80420 90.47190 87.20880 86.55680 87.92900 88.06200 87.74560 89.15470 93.52460 93.74500 95.19530 96.79480 97.00850 93.62260 89.90440 86.91780 79.91750 76.50600 61.14670 57.69780 59.98310 61.27240 60.71490 57.44710 56.91400 63.28450 57.42970 58.17730 61.26530 67.53160 74.58170 77.46520 79.35370 78.58810 78.81560 80.32870 81.97810 82.52800 82.67040 81.97310 77.78670 78.79770 79.82980 79.89030 77.77470 80.33120 82.37200 82.43400 79.20580 78.58780 78.45100 79.31600 85.08960 85.82650 80.86450 83.48730 81.75710 80.90600 80.83530 79.79420 81.14400 79.29450 78.04090 77.84560 76.04230
92.97700 89.67890 91.09320 92.91220 93.35000 93.93400 95.04360 94.98830 97.07610 96.09880 93.46460 91.44260 89.90940 88.23160 92.44050 94.56590 93.30760 93.61610 101.47100 96.40120 86.58790 77.37580 65.63420 77.12200 79.00280 73.86520 70.11450 65.01580 63.06450 61.78680 53.94270 58.12590 58.57250 61.01660 62.75490 63.69220 65.39290 66.40860 66.07570 65.12050 62.93720 75.59030 88.74270 88.04250 88.83280 85.51170 79.57980 78.63710 83.43680 81.74760 85.22450 86.55930 90.14910 87.69010 81.87530 83.56060 83.29850 83.38470 87.13920 89.38290 88.93950 87.41590 84.52050 83.16120 85.18600 86.64210 81.23410 78.56350 78.65770 78.80150 77.06850
92.79820 89.88310 89.18450 88.57340 88.20170 91.87640 93.56540 93.68720 93.75800 93.90770 81.61190 89.69590 94.52630 87.63680 95.10100 95.89690 95.67680 92.62990 92.68310 94.28930 75.99820 71.65810 71.37290 80.09170 76.78540 84.36780 85.48450 83.79170 82.53740 77.43070 64.28950 64.19800 64.49230 67.74970 73.63010 78.83150 81.90070 79.07830 74.28670 73.11210 70.77580 71.99440 81.44380 87.49710 88.82280 88.86240 86.02110 84.05770 83.50360 81.51650 82.02640 81.62380 84.59200 81.60080 81.96840 81.24360 82.52080 84.60560 87.83710 82.73700 80.34200 88.73190 83.99270 83.90580 83.47020 83.48070 79.25120 79.47210 81.22870 80.76040 81.30560
89.72390 86.63140 88.96370 88.59070 87.18830 88.97930 87.58830 86.02660 87.28370 79.68990 80.88180 81.05220 57.24820 59.68320 59.11110 57.79570 84.06000 97.15170 94.93680 95.91270 83.41510 69.53550 78.36450 81.86650 77.85980 78.78760 85.48110 85.98940 82.76970 84.16100 83.59670 87.58010 83.72440 81.05570 79.17570 77.62880 77.19490 77.51310 77.43640 77.86580 73.99510 76.20300 84.21310 83.40030 85.74340 85.53780 85.24880 85.64470 85.03230 85.37560 87.13120 89.42780 87.68930 85.69650 89.38210 86.75530 90.66370 90.45720 87.22850 80.56070 83.58580 85.29570 85.53040 80.85810 81.09410 79.59210 79.47780 79.64380 84.04320 84.64290 84.74970
90.98520 89.70150 91.19910 89.55030 86.83700 86.20950 85.15640 86.19030 91.30970 91.14470 88.95250 78.21720 71.44400 71.32840 69.84830 70.19570 67.35660 67.50720 77.16790 101.47700 95.73390 79.81770 77.01570 76.04870 70.86870 73.68340 70.40180 78.46610 79.92450 79.66450 75.28070 72.73550 71.81090 68.88940 66.12230 65.94660 66.59650 66.70610 67.01640 69.74090 68.16200 69.57390 71.17260 70.54040 70.81440 70.25450 72.22410 77.20840 84.49520 86.02260 84.21390 88.14900 91.09350 91.57290 87.00160 92.95760 89.12510 86.13850 89.13560 87.79100 86.19710 82.74020 83.22780 83.93060 81.92090 82.40860 80.71670 85.11820 83.99870 86.08130 84.05510
90.29810 86.53800 82.32830 77.19490 84.52590 79.45740 79.58060 76.43700 76.95960 79.49250 82.78660 82.19400 78.49550 77.72030 75.78690 75.31370 74.69960 69.57910 85.14750 91.72860 90.97200 92.57560 81.65750 85.11200 82.27350 79.49370 80.02770 74.93210 75.39430 77.34440 78.95480 79.02930 75.52920 75.23030 69.20560 67.10550 71.32190 72.44670 71.97110 71.81180 72.84530 69.87010 74.12060 73.27580 75.47420 74.67640 73.90830 78.59580 86.76430 88.36940 86.86370 87.62820 90.92310 89.97450 89.96700 87.03570 90.33440 90.56420 91.95300 90.43340 90.57600 86.23130 88.30210 89.92180 86.92500 84.87290 83.64260 83.91400 84.72710 85.45960 84.63720
79.74760 77.05230 80.31320 84.19870 83.05060 92.99290 95.72780 93.23340 82.53770 92.51280 93.86070 89.22130 89.42600 77.05920 78.13820 81.71670 77.09670 77.02360 85.94730 89.32480 90.59100 89.63830 90.55540 92.67750 92.09250 94.37230 92.41710 91.44900 89.53580 93.76480 92.92990 81.44350 79.07490 80.00960 82.10190 81.38180 77.71720 83.13310 84.78940 85.60590 78.64010 79.15280 76.87130 75.26690 72.45470 76.38980 80.16480 77.11080 82.01760 90.58750 91.05050 88.27950 92.57100 94.00910 95.52540 90.07160 94.68680 93.37860 93.24070 91.66750 93.90020 90.20080 86.32960 84.09500 86.98030 89.41170 87.28230 85.92370 85.63240 87.36560 93.39620
74.94810 75.76720 78.68850 92.58590 90.98690 91.55960 98.33840 100.14400 93.60300 93.13840 93.04850 90.68970 108.87500 105.86100 102.41900 87.10710 81.49100 81.59750 97.87780 98.80620 95.44230 95.23090 96.18130 97.45680 91.68030 87.35950 87.74140 89.70190 88.75920 89.21710 86.41460 83.73290 80.48110 82.91930 77.58660 77.85360 78.61930 79.57530 77.06040 79.79900 78.71640 75.57290 77.04400 83.95370 77.85350 75.76290 74.98510 76.91920 85.20440 91.93670 95.88650 94.94740 90.25860 91.68790 96.81020 91.49070 95.27070 96.19140 94.66300 94.91610 96.32140 93.16130 91.61900 93.58290 94.07110 93.52160 93.10090 90.49940 87.19520 89.37890 92.30500
82.30590 92.49320 91.22830 88.79930 82.30640 81.70940 84.94320 84.56990 94.79940 96.88990 95.07820 95.76900 83.83370 82.05590 77.07720 77.41340 71.56240 63.77460 79.74390 88.81050 93.48290 95.82260 93.64610 87.74530 75.13040 68.17510 78.77800 80.24310 80.13880 81.31480 80.62910 77.87590 74.58070 71.87740 74.47810 83.30400 85.80470 81.13150 77.88190 78.00320 71.61060 73.99270 74.87790 80.40650 78.92800 78.09920 75.10540 72.66820 77.91920 75.61320 84.22880 87.63510 92.81130 93.84300 98.17740 94.18520 99.15770 99.20490 97.63750 97.15010 97.78580 98.57940 99.36100 98.80350 94.81110 94.19790 95.66790 95.53420 94.16720 91.54140 94.85820
90.28900 86.57620 91.42780 88.53270 85.44080 83.24770 80.92060 80.24430 80.31550 87.31740 91.05190 89.89130 92.10600 90.98650 93.23180 88.82300 83.78040 75.94750 80.27580 82.76400 84.86110 91.24650 98.08250 91.80650 80.19970 73.80490 72.29020 75.76090 80.91720 79.24100 77.12690 72.29770 70.90450 67.98780 71.52680 75.07850 83.96000 86.05030 89.72140 85.90120 77.57820 75.77850 79.75630 74.58340 83.64940 78.99050 81.13120 79.69790 77.54430 77.12730 83.62450 90.22580 96.33160 92.36980 95.51660 93.99650 98.98620 99.60220 98.15310 97.90670 96.69560 94.58330 96.12070 94.78270 91.38730 89.89230 95.92650 95.94770 92.51260 92.87270 96.26960
81.38620 77.92510 80.06920 85.60250 83.77640 80.66660 87.30780 87.41450 88.62510 85.97890 82.91600 75.88080 81.25950 88.35560 97.75730 87.75000 92.38190 100.10700 88.27980 89.57890 87.30580 86.68420 89.92110 90.11930 84.03480 83.65910 82.59190 84.89110 85.93390 80.16880 75.29430 71.95440 66.59720 67.50650 69.62030 74.40310 78.93400 80.40940 81.93960 84.16410 82.22150 77.66330 77.93240 80.00690 85.88440 87.72680 82.52340 82.25450 88.00900 93.30290 92.97670 94.39610 99.24310 94.77140 90.45220 94.71730 98.99530 102.23800 98.26340 98.24790 99.77900 97.72190 96.85440 96.50570 95.71640 95.99240 95.11450 94.55590 93.61750 94.95240 96.07720
73.49930 -9999 68.28200 84.15450 89.02180 89.06840 -9999 83.06570 89.47560 89.55540 90.38870 86.68220 104.14100 104.42500 105.92200 101.88500 82.82040 101.37500 81.23250 68.64820 66.89220 65.30830 81.20740 87.41700 85.52490 87.07700 91.73060 89.33940 93.29870 88.33640 86.66350 79.78020 74.81930 72.17990 74.04360 79.73580 82.30140 81.24500 84.42120 85.57850 90.77800 86.24000 89.00420 89.07640 84.05770 81.51780 80.78020 82.27040 88.52690 86.89320 88.71280 88.41980 89.23370 94.70500 92.99870 97.89790 99.95570 100.37200 100.30400 101.02300 101.24100 100.65600 100.91200 101.13600 100.59800 100.48000 100.84600 100.04300 97.71450 96.72640 98.72270
