data/hydroclimate-scenarios/BCSD_hadcm_B1/monthly_summaries/soilm3_monthly_day1_jun.2070-2099.asc
ncols	311
nrows	91
xllcenter	102.75
yllcenter	31.75
cellsize	0.5
NODATA_value	-9999
[rows 0 to 31 of 91, columns 0 to 70 of 311]
-9999 -9999 -9999 -9999 -9999 -9999 -9999 -9999 -9999 -9999 -9999 -9999 -9999 -9999 -9999 -9999 -9999 -9999 -9999 -9999 -9999 -9999 -9999 -9999 -9999 -9999 -9999 -9999 -9999 -9999 -9999 -9999 -9999 -9999 -9999 -9999 -9999 -9999 -9999 -9999 -9999 -9999 -9999 -9999 -9999 -9999 -9999 -9999 -9999 -9999 -9999 -9999 -9999 -9999 -9999 -9999 -9999 -9999 -9999 -9999 -9999 -9999 -9999 -9999 -9999 -9999 -9999 -9999 -9999 -9999 -9999
-9999 -9999 -9999 -9999 -9999 -9999 -9999 -9999 -9999 -9999 -9999 -9999 -9999 -9999 -9999 -9999 -9999 -9999 -9999 -9999 -9999 -9999 -9999 -9999 -9999 -9999 -9999 -9999 -9999 -9999 -9999 -9999 -9999 -9999 -9999 -9999 -9999 -9999 -9999 -9999 -9999 -9999 -9999 -9999 -9999 -9999 -9999 -9999 -9999 -9999 -9999 -9999 -9999 -9999 -9999 -9999 -9999 -9999 -9999 -9999 -9999 -9999 -9999 -9999 -9999 -9999 -9999 -9999 -9999 -9999 -9999
-9999 -9999 -9999 -9999 -9999 -9999 -9999 -9999 -9999 -9999 -9999 -9999 -9999 -9999 -9999 -9999 -9999 -9999 -9999 -9999 -9999 -9999 -9999 -9999 -9999 -9999 -9999 -9999 -9999 -9999 -9999 -9999 -9999 -9999 -9999 -9999 -9999 -9999 -9999 -9999 -9999 -9999 -9999 -9999 -9999 -9999 -9999 -9999 -9999 -9999 -9999 -9999 -9999 -9999 -9999 -9999 -9999 -9999 -9999 -9999 -9999 -9999 -9999 -9999 -9999 -9999 -9999 -9999 -9999 -9999 -9999
-9999 -9999 -9999 -9999 -9999 -9999 -9999 -9999 -9999 -9999 -9999 -9999 -9999 -9999 -9999 -9999 -9999 -9999 -9999 -9999 -9999 -9999 -9999 -9999 -9999 -9999 -9999 -9999 -9999 -9999 -9999 -9999 -9999 -9999 -9999 -9999 -9999 -9999 -9999 -9999 -9999 -9999 -9999 -9999 -9999 -9999 -9999 -9999 -9999 -9999 -9999 -9999 -9999 -9999 -9999 -9999 -9999 -9999 -9999 -9999 -9999 -9999 -9999 -9999 -9999 -9999 -9999 -9999 -9999 -9999 -9999
-9999 -9999 -9999 -9999 -9999 -9999 -9999 -9999 -9999 -9999 -9999 -9999 -9999 -9999 -9999 -9999 -9999 -9999 -9999 -9999 -9999 -9999 -9999 -9999 -9999 -9999 -9999 -9999 -9999 -9999 -9999 -9999 -9999 -9999 -9999 -9999 -9999 -9999 -9999 -9999 -9999 -9999 -9999 -9999 -9999 -9999 -9999 -9999 -9999 -9999 -9999 -9999 -9999 -9999 -9999 -9999 -9999 -9999 -9999 -9999 -9999 -9999 -9999 -9999 -9999 -9999 -9999 -9999 -9999 -9999 -9999
-9999 -9999 -9999 -9999 -9999 -9999 -9999 -9999 -9999 -9999 -9999 -9999 -9999 -9999 -9999 -9999 -9999 -9999 -9999 -9999 -9999 -9999 -9999 -9999 -9999 -9999 -9999 -9999 -9999 -9999 -9999 -9999 -9999 -9999 -9999 -9999 -9999 -9999 -9999 -9999 -9999 -9999 -9999 -9999 -9999 -9999 -9999 -9999 -9999 -9999 -9999 -9999 -9999 -9999 -9999 -9999 -9999 -9999 -9999 -9999 -9999 -9999 -9999 -9999 -9999 -9999 -9999 -9999 -9999 -9999 -9999
-9999 -9999 -9999 -9999 -9999 -9999 -9999 -9999 -9999 -9999 -9999 -9999 -9999 -9999 -9999 -9999 -9999 -9999 -9999 -9999 -9999 -9999 -9999 -9999 -9999 -9999 -9999 -9999 -9999 -9999 -9999 -9999 -9999 -9999 -9999 -9999 -9999 -9999 -9999 -9999 -9999 -9999 -9999 -9999 -9999 -9999 -9999 -9999 -9999 -9999 -9999 -9999 -9999 -9999 -9999 -9999 -9999 -9999 -9999 -9999 -9999 -9999 -9999 -9999 -9999 -9999 -9999 -9999 -9999 -9999 -9999
-9999 -9999 -9999 -9999 -9999 -9999 -9999 -9999 -9999 -9999 -9999 -9999 -9999 -9999 -9999 -9999 -9999 -9999 -9999 -9999 -9999 -9999 -9999 -9999 -9999 -9999 -9999 -9999 -9999 -9999 -9999 -9999 -9999 -9999 -9999 -9999 -9999 -9999 -9999 -9999 -9999 -9999 38.22920 37.84210 39.44490 39.21070 38.90190 42.09240 40.11040 40.27160 38.63950 42.52450 -9999 -9999 -9999 -9999 -9999 -9999 -9999 -9999 -9999 -9999 -9999 -9999 -9999 -9999 -9999 -9999 -9999 -9999 -9999
-9999 -9999 -9999 -9999 -9999 -9999 -9999 -9999 -9999 -9999 -9999 -9999 -9999 -9999 -9999 -9999 -9999 -9999 -9999 -9999 -9999 -9999 -9999 -9999 -9999 -9999 -9999 -9999 -9999 -9999 -9999 -9999 -9999 -9999 -9999 -9999 -9999 -9999 38.16190 40.61800 40.72340 42.50850 42.75990 43.49340 44.74560 43.45420 42.60710 43.54930 44.08450 44.52300 43.51770 47.32810 41.13140 27.53870 -9999 -9999 -9999 -9999 -9999 -9999 -9999 -9999 -9999 -9999 -9999 -9999 -9999 -9999 -9999 -9999 -9999
-9999 -9999 -9999 -9999 -9999 -9999 -9999 -9999 -9999 -9999 -9999 -9999 -9999 -9999 -9999 -9999 -9999 -9999 -9999 -9999 -9999 -9999 -9999 -9999 -9999 -9999 -9999 -9999 -9999 -9999 -9999 -9999 -9999 -9999 -9999 -9999 -9999 -9999 -9999 -9999 38.68460 40.87080 41.62690 42.94940 44.96910 47.46530 47.04280 48.82470 46.03690 46.04480 44.71950 50.89180 51.76070 32.05470 -9999 -9999 -9999 -9999 -9999 -9999 -9999 -9999 -9999 -9999 -9999 -9999 -9999 -9999 -9999 -9999 -9999
-9999 -9999 -9999 -9999 -9999 -9999 -9999 -9999 -9999 -9999 -9999 -9999 -9999 -9999 -9999 -9999 -9999 -9999 -9999 -9999 -9999 -9999 -9999 -9999 -9999 -9999 -9999 -9999 -9999 -9999 -9999 -9999 -9999 -9999 -9999 -9999 -9999 -9999 -9999 -9999 -9999 -9999 -9999 -9999 47.75020 47.52420 46.51090 51.48220 51.34950 49.12870 50.46540 54.44270 50.02300 35.75830 -9999 -9999 -9999 -9999 -9999 -9999 25.17170 -9999 -9999 -9999 -9999 -9999 -9999 -9999 -9999 -9999 -9999
-9999 -9999 -9999 -9999 -9999 -9999 -9999 -9999 -9999 -9999 -9999 -9999 -9999 -9999 -9999 -9999 -9999 -9999 -9999 -9999 -9999 -9999 -9999 -9999 -9999 -9999 -9999 -9999 -9999 -9999 -9999 -9999 -9999 -9999 -9999 -9999 -9999 -9999 -9999 -9999 -9999 48.28650 48.82300 49.09870 49.34590 49.18240 49.91620 50.05350 53.34610 50.90860 48.93490 54.27060 49.29650 47.86220 -9999 -9999 -9999 -9999 -9999 27.31950 26.87760 27.30010 26.29940 22.58450 23.06480 23.63120 24.47320 25.87240 23.73070 23.75730 22.90180
-9999 -9999 -9999 -9999 -9999 -9999 -9999 -9999 -9999 -9999 -9999 -9999 -9999 -9999 -9999 -9999 -9999 -9999 -9999 -9999 -9999 -9999 -9999 -9999 -9999 -9999 -9999 -9999 -9999 -9999 -9999 -9999 -9999 -9999 -9999 -9999 -9999 -9999 -9999 -9999 -9999 48.95650 50.71060 43.21980 44.76510 46.80830 48.24190 45.48750 44.59470 44.91500 41.73220 47.68950 44.22980 45.74500 43.48930 42.92710 39.30420 -9999 30.33940 32.20670 30.39490 28.86520 27.57740 25.78450 26.68130 26.54360 25.25810 26.33290 25.06000 23.21520 22.44080
-9999 -9999 -9999 -9999 -9999 -9999 -9999 -9999 -9999 -9999 -9999 -9999 -9999 -9999 -9999 -9999 -9999 -9999 -9999 -9999 -9999 -9999 -9999 -9999 -9999 -9999 -9999 -9999 -9999 -9999 -9999 -9999 -9999 -9999 -9999 38.23930 36.80860 41.44600 42.81160 44.25440 43.25320 43.79980 45.75180 45.61280 46.87780 49.24630 48.14530 47.15030 47.32950 43.35170 43.04160 45.11070 44.53910 46.31660 41.85190 39.71760 42.22370 33.32460 32.09550 30.21270 27.97880 25.96560 26.54370 27.74480 26.14370 26.33280 25.81820 25.60790 26.01800 23.31000 23.33520
-9999 -9999 -9999 -9999 -9999 -9999 -9999 -9999 -9999 -9999 -9999 -9999 -9999 -9999 -9999 -9999 -9999 -9999 -9999 -9999 -9999 -9999 -9999 -9999 -9999 -9999 -9999 -9999 -9999 -9999 -9999 -9999 -9999 -9999 38.58720 36.58290 39.65260 42.03890 42.48210 44.93030 46.24850 45.45000 45.86110 45.11630 42.95150 45.25280 45.09850 51.99890 51.08230 47.67440 47.65920 41.92540 37.72820 34.12790 34.28700 51.25340 37.60010 34.40790 31.74660 29.50200 28.38740 28.68390 28.32370 28.76380 27.99770 26.57600 25.15660 26.78550 28.62050 28.77520 29.78740
-9999 -9999 -9999 -9999 -9999 -9999 -9999 -9999 -9999 -9999 -9999 -9999 -9999 -9999 -9999 -9999 -9999 -9999 -9999 -9999 -9999 -9999 -9999 -9999 -9999 -9999 -9999 -9999 -9999 -9999 -9999 -9999 -9999 39.23560 40.20730 38.62780 39.53120 40.33370 40.04380 43.54320 43.86640 43.67340 46.19030 44.05650 43.62220 43.74230 45.77900 51.42130 52.14240 44.31980 39.25550 34.25690 35.87010 33.70720 33.03970 46.02420 41.31640 30.57150 28.85610 29.02510 28.74260 26.54140 26.13880 26.41670 26.72680 25.67110 25.03200 27.09070 28.18180 27.93830 25.05940
-9999 -9999 -9999 -9999 -9999 -9999 -9999 -9999 -9999 -9999 -9999 -9999 -9999 -9999 -9999 -9999 -9999 -9999 -9999 -9999 -9999 -9999 -9999 -9999 -9999 -9999 -9999 -9999 -9999 -9999 -9999 36.87320 34.64820 34.51250 34.56270 34.35860 34.79450 35.93550 36.80770 39.83940 40.11580 40.99610 43.64720 40.49580 40.81930 43.33590 42.56090 43.63660 45.75080 43.43990 39.85810 36.55630 36.26680 32.40740 36.62270 45.52940 37.32420 31.76680 31.53560 28.41510 27.45940 26.68590 25.93160 25.37560 25.68560 26.51670 26.21700 24.44960 24.13390 25.33820 27.82020
-9999 -9999 -9999 -9999 -9999 -9999 -9999 -9999 -9999 -9999 -9999 -9999 -9999 -9999 -9999 -9999 -9999 -9999 -9999 -9999 -9999 -9999 -9999 -9999 -9999 -9999 -9999 -9999 -9999 31.19200 31.77790 33.21550 32.84230 32.91230 32.87500 32.94140 34.19040 37.54420 36.68970 38.68950 39.98090 41.75550 40.79520 37.88030 38.42470 40.75710 40.70110 43.64020 43.18480 40.74680 38.12270 32.85370 36.78480 34.21660 34.59540 41.19830 32.40150 29.00090 26.45840 24.18290 25.61330 24.91510 24.61110 24.79530 24.98780 25.06740 26.63850 28.58410 29.03840 29.70270 27.25810
-9999 -9999 -9999 -9999 -9999 -9999 -9999 -9999 -9999 -9999 -9999 -9999 -9999 -9999 -9999 -9999 -9999 -9999 -9999 -9999 -9999 -9999 -9999 -9999 30.50990 30.15160 28.83490 27.88690 27.92990 27.24300 28.28980 28.37670 29.07690 28.79520 28.99670 29.26330 31.43470 31.62890 31.27750 36.34490 36.96590 33.91610 32.44680 33.83530 33.74450 33.60420 33.07010 39.09400 40.13700 38.66830 38.86130 40.27050 40.42990 43.00230 37.67400 36.10150 30.75420 27.93160 26.72060 26.15650 25.97760 25.16130 24.30220 24.43230 24.49160 24.71630 25.28470 24.19950 24.79410 26.20260 30.82280
-9999 -9999 -9999 -9999 -9999 -9999 39.85880 38.76330 37.87780 38.46730 40.36230 -9999 -9999 -9999 -9999 -9999 -9999 -9999 -9999 -9999 -9999 34.05330 33.08310 29.62240 30.19060 29.78040 28.32700 27.61970 28.12680 27.77890 27.72990 28.83820 28.84860 28.30330 28.59570 28.56780 29.23220 30.08580 32.31130 33.24510 33.87720 35.31190 34.63290 32.43310 32.49520 31.99920 31.67730 37.96920 39.30470 39.25260 37.96710 43.03920 41.65930 38.28490 33.94690 32.64640 30.45820 27.27930 26.61600 26.15280 25.53940 24.89660 24.61310 25.62670 26.27840 24.15000 23.85280 23.54200 23.71340 23.98280 26.30960
-9999 -9999 -9999 -9999 -9999 33.79520 33.33020 31.79050 33.18880 32.14710 33.42700 36.46030 37.06430 35.12980 -9999 -9999 -9999 35.15080 35.78860 34.74470 34.57280 33.51710 32.63660 28.44820 29.00440 27.66010 27.43970 26.96770 26.72480 26.63170 28.38390 28.37280 29.22020 29.31960 27.44000 28.11790 30.16090 28.96850 26.95960 30.24670 30.94550 33.63550 37.46800 33.93140 29.89710 29.57360 31.02980 38.01150 38.49110 38.83120 38.09520 44.50250 45.71510 41.96230 37.98930 36.37140 31.18740 27.53610 24.78350 25.52190 24.35560 23.80090 24.60520 24.06790 26.27480 26.50310 25.29940 24.70700 24.22210 25.22090 27.34630
-9999 39.14570 35.23180 31.67330 33.73790 33.98550 34.46070 33.70250 33.83790 33.34950 33.35820 38.29700 38.29810 37.28990 36.99720 36.76360 35.78210 36.52760 35.52870 35.24500 35.46210 33.33210 32.93140 26.81100 26.02230 26.61930 26.70000 26.85030 26.98500 26.61000 25.98130 25.34180 24.44710 25.33480 26.53070 27.28560 27.71270 26.33710 24.23940 27.32950 28.29630 30.42640 35.46240 31.95860 31.72810 30.41680 27.87000 33.53660 35.43690 38.21730 35.74940 43.04130 43.59260 41.88600 39.78680 37.80550 32.10470 26.30810 25.86100 26.63280 24.24310 25.78490 25.60370 25.55040 27.15380 27.13460 25.06290 26.68200 24.87940 27.20360 30.86560
-9999 40.50710 39.09080 33.67500 33.15080 35.06290 37.10020 36.30210 36.15920 35.89230 35.83130 36.63180 38.01060 36.10960 35.85550 36.23270 34.93460 34.68430 34.24110 33.31700 34.38780 34.74080 35.11260 30.58220 29.03580 29.24240 28.78530 29.16590 29.46010 29.04960 27.68990 27.13500 27.24770 28.00240 29.31080 29.11210 30.70360 28.65740 28.18860 24.15150 24.73310 24.98790 26.28130 27.26940 26.01580 23.82540 24.52940 26.37000 27.54150 30.86880 31.48060 34.95110 34.90050 34.08550 33.69990 38.53190 32.29830 28.93700 27.84600 26.97910 27.25970 26.42330 26.76330 25.80880 26.57790 28.38970 28.49540 29.30740 28.64240 30.11120 30.31320
-9999 -9999 -9999 35.50180 32.96660 34.87510 35.81090 35.79140 36.02170 35.00410 35.19070 36.12470 35.38150 35.62820 35.51760 35.18920 35.63950 35.32420 35.13840 34.44440 35.92580 36.15030 36.50780 31.44020 30.34980 29.78830 28.79570 27.78440 26.86690 27.19430 26.86630 26.26180 26.42810 26.72750 28.06020 29.81080 27.02100 27.84020 28.61880 26.22890 24.08720 23.89060 28.72770 27.80780 26.49900 24.33480 25.31920 26.68020 26.15540 28.28000 31.40900 33.70780 33.79980 33.89350 31.90810 37.79380 33.76680 30.96720 31.99830 29.07210 28.27660 28.82300 30.46140 27.70430 27.06840 27.17660 26.41290 27.19330 30.39000 32.28360 32.91790
-9999 -9999 -9999 -9999 -9999 -9999 38.35040 40.04410 39.48960 36.74950 36.08800 37.62530 37.31080 37.32400 36.32570 36.54440 36.02470 37.35670 35.82460 35.62960 35.87380 34.25980 32.51310 31.29290 30.24170 31.71810 29.28390 28.46540 29.27120 26.02600 25.55400 24.63200 27.71190 29.07200 25.84160 28.96780 28.69530 28.51200 30.41280 28.17380 27.91370 26.77260 26.70260 26.48750 26.54590 26.92240 25.93930 29.02570 28.29570 27.73660 30.31730 31.73070 30.77500 30.39040 30.76500 33.30560 31.99200 34.52780 35.57350 34.34320 33.06650 33.54830 31.66630 30.92870 31.83370 31.90360 28.34770 29.21880 31.82340 33.87200 37.23720
-9999 -9999 -9999 -9999 -9999 -9999 39.21280 39.90210 37.92540 40.04920 39.35160 37.87210 38.05820 36.83160 37.20280 38.38400 38.59760 37.94560 36.72610 34.84450 34.57010 33.20990 33.98300 33.44040 32.07400 29.80640 26.88330 26.32080 29.37470 29.28390 29.05330 28.08700 27.36510 27.54720 27.79870 27.23050 26.49360 26.05260 26.00170 25.16380 25.82430 25.80760 26.67340 26.17740 25.87200 25.55090 25.63190 27.73160 28.29140 28.48140 28.47890 27.18510 27.15270 27.34530 26.22030 25.36950 26.25890 29.47050 28.86890 30.45620 33.60530 33.15640 33.47300 33.79350 33.15340 29.80690 28.62590 29.14620 30.86200 33.00130 37.70070
-9999 -9999 -9999 -9999 -9999 -9999 -9999 -9999 -9999 -9999 35.67720 39.73050 39.19610 34.68760 35.07870 37.51310 37.39560 38.18310 37.11040 34.08130 33.85210 31.98810 32.65840 30.00940 28.50740 28.49510 26.47500 23.73200 22.55680 23.68900 22.83790 23.75000 24.39490 25.88220 26.49140 25.29320 25.74910 25.38590 25.41180 25.61820 24.06200 22.69240 22.05410 22.69200 22.67420 23.32690 23.22140 23.15750 26.19680 26.30250 26.30270 25.65170 25.18170 23.58600 23.26810 23.98900 23.16050 23.90410 24.53460 24.57870 24.92700 23.25220 23.36390 22.66410 23.88400 22.84850 22.88890 25.86800 28.80380 29.52740 33.22280
-9999 -9999 -9999 -9999 -9999 -9999 -9999 -9999 -9999 -9999 30.70040 32.68910 35.93370 31.73730 34.00350 37.28780 37.77590 38.55650 39.49640 37.98530 37.96750 36.19210 34.39390 30.40510 28.40240 25.37500 23.41470 22.39740 21.45910 21.84050 22.51410 22.80170 24.55710 25.01610 23.84190 24.23100 22.18140 20.35670 21.04000 21.28200 20.86520 21.13600 20.94760 20.22270 20.31870 20.40800 20.30170 20.99710 20.73700 24.25900 25.24300 25.30220 24.80080 24.67820 22.48860 24.91610 24.99480 25.03210 24.92690 25.33520 25.25650 25.33290 25.14700 23.88270 22.11190 22.26410 21.43360 21.42240 25.41990 29.78000 32.70770
-9999 -9999 -9999 -9999 -9999 -9999 -9999 -9999 -9999 -9999 -9999 -9999 30.08290 31.39350 33.36880 34.73670 33.82730 30.64970 34.18030 33.55250 32.52600 32.92030 31.43940 26.71710 24.43820 22.81480 22.12470 21.60390 20.92300 20.51110 21.34490 21.58360 21.68640 20.89850 20.90130 20.95210 20.71900 20.65320 20.59460 21.15550 21.30910 21.77580 21.81310 20.57390 20.41910 20.42790 20.50270 21.20690 20.87660 20.72660 22.70400 23.82170 24.02010 22.88040 21.19260 23.78960 24.70920 25.07630 25.22000 25.47180 25.35200 25.39780 24.69520 23.81100 25.15220 25.83040 23.46650 21.21640 23.14750 26.57150 33.16350
-9999 -9999 -9999 -9999 -9999 -9999 -9999 -9999 -9999 -9999 -9999 -9999 28.10520 29.29730 31.18050 33.53750 33.22030 34.06130 36.11590 34.21360 32.52440 35.11480 30.95740 25.51970 24.54940 22.92190 21.70110 20.93870 20.48840 19.94480 19.79850 20.38130 20.34500 20.30020 20.86470 20.69750 21.04370 21.61780 21.38980 21.39030 21.12470 21.18140 21.26360 20.27640 20.24010 21.04820 21.66680 24.16630 25.52300 25.39840 23.93060 23.43040 22.44680 21.55320 22.95550 24.65610 24.72460 25.08710 25.10500 25.13060 24.51390 23.50540 24.65920 25.62860 25.88870 24.59780 23.60190 26.03180 28.27560 32.91100 34.20520
-9999 -9999 -9999 -9999 -9999 -9999 -9999 -9999 -9999 -9999 -9999 27.43900 27.95740 27.80210 29.14150 31.11950 31.07170 29.03430 31.53250 29.26430 26.53870 33.56740 28.10800 26.88470 25.51630 23.17780 23.35840 21.34590 20.25880 19.67680 19.48960 19.71050 19.70350 19.83150 19.95340 19.71820 20.28470 20.67620 21.47760 22.15270 21.91030 22.10500 22.08230 21.95760 21.13370 20.82220 21.72340 22.12960 22.57750 24.09150 23.71500 24.51440 24.04330 24.33610 24.56300 24.70460 24.67670 24.81010 24.84700 23.89990 24.17820 25.57140 25.62650 26.27210 26.47590 25.42240 25.99960 27.08340 29.00360 32.21670 37.29750
-9999 -9999 -9999 -9999 -9999 -9999 -9999 -9999 -9999 -9999 -9999 26.25340 26.97370 27.67010 28.09780 29.20000 28.44370 27.71180 28.13650 29.59000 29.73840 29.08320 27.00910 25.28990 24.12100 23.24620 22.35900 21.27560 20.52930 20.10350 19.85110 19.79890 19.68050 19.64490 19.88330 19.69350 19.79240 20.36110 21.57210 21.23540 21.49870 22.09160 22.27590 23.03090 23.27650 24.82780 25.01090 24.27090 25.16380 24.90340 24.92340 25.31630 25.30480 25.08250 25.09080 25.02250 25.11910 23.82420 23.54720 24.83280 25.34460 25.76290 25.87060 26.42680 26.07150 25.04040 28.20340 27.44040 29.47530 34.75830 35.11240
