data/hydroclimate-scenarios/BCSD_hadcm_B1/monthly_summaries/soilm2_monthly_day1_mar.2030-2059.asc
ncols	311
nrows	91
xllcenter	102.75
yllcenter	31.75
cellsize	0.5
NODATA_value	-9999
[rows 0 to 30 of 91, columns 70 to 139 of 311]
-9999 -9999 -9999 -9999 -9999 -9999 -9999 -9999 -9999 -9999 -9999 -9999 -9999 -9999 -9999 -9999 -9999 -9999 -9999 -9999 -9999 -9999 -9999 -9999 -9999 -9999 -9999 -9999 -9999 -9999 -9999 -9999 -9999 -9999 -9999 -9999 -9999 -9999 -9999 -9999 -9999 -9999 -9999 -9999 -9999 -9999 -9999 -9999 -9999 -9999 -9999 -9999 -9999 -9999 -9999 -9999 -9999 -9999 -9999 -9999 -9999 -9999 -9999 -9999 -9999 -9999 -9999 -9999 -9999 -9999
-9999 -9999 -9999 -9999 -9999 -9999 -9999 -9999 -9999 -9999 -9999 -9999 -9999 -9999 -9999 -9999 -9999 -9999 -9999 -9999 -9999 -9999 -9999 -9999 -9999 -9999 -9999 -9999 -9999 -9999 -9999 -9999 -9999 -9999 -9999 -9999 -9999 -9999 -9999 -9999 -9999 -9999 -9999 -9999 -9999 -9999 -9999 -9999 -9999 -9999 -9999 -9999 -9999 -9999 -9999 -9999 -9999 -9999 -9999 -9999 -9999 -9999 -9999 -9999 -9999 -9999 -9999 -9999 -9999 -9999
-9999 -9999 -9999 -9999 -9999 -9999 -9999 -9999 -9999 -9999 -9999 -9999 -9999 -9999 -9999 -9999 -9999 -9999 -9999 -9999 -9999 -9999 -9999 -9999 -9999 -9999 -9999 -9999 -9999 -9999 -9999 -9999 -9999 -9999 -9999 -9999 -9999 -9999 -9999 -9999 -9999 -9999 -9999 -9999 -9999 -9999 -9999 -9999 -9999 -9999 -9999 -9999 -9999 -9999 -9999 -9999 -9999 -9999 -9999 -9999 -9999 -9999 -9999 -9999 -9999 -9999 -9999 -9999 -9999 -9999
-9999 -9999 -9999 -9999 -9999 -9999 -9999 -9999 -9999 -9999 -9999 -9999 -9999 -9999 -9999 -9999 -9999 -9999 -9999 -9999 -9999 -9999 -9999 -9999 -9999 -9999 -9999 -9999 -9999 -9999 -9999 -9999 -9999 -9999 -9999 -9999 -9999 -9999 -9999 -9999 -9999 -9999 -9999 -9999 -9999 -9999 -9999 -9999 -9999 -9999 -9999 -9999 -9999 -9999 -9999 -9999 -9999 -9999 -9999 -9999 -9999 -9999 -9999 -9999 -9999 -9999 -9999 -9999 -9999 -9999
-9999 -9999 -9999 -9999 -9999 -9999 -9999 -9999 -9999 -9999 -9999 -9999 -9999 -9999 -9999 -9999 -9999 -9999 -9999 -9999 -9999 -9999 -9999 -9999 -9999 -9999 -9999 -9999 -9999 -9999 -9999 -9999 -9999 -9999 -9999 -9999 -9999 -9999 -9999 -9999 -9999 -9999 -9999 -9999 -9999 -9999 -9999 -9999 -9999 -9999 -9999 -9999 -9999 -9999 -9999 -9999 -9999 -9999 -9999 -9999 -9999 -9999 -9999 -9999 -9999 -9999 -9999 -9999 -9999 -9999
-9999 -9999 -9999 -9999 -9999 -9999 -9999 -9999 -9999 -9999 -9999 -9999 -9999 -9999 -9999 -9999 -9999 -9999 -9999 -9999 -9999 -9999 -9999 -9999 -9999 -9999 -9999 -9999 -9999 -9999 -9999 -9999 -9999 -9999 -9999 -9999 -9999 -9999 -9999 -9999 -9999 -9999 -9999 -9999 -9999 -9999 -9999 -9999 -9999 -9999 -9999 -9999 -9999 -9999 -9999 -9999 -9999 -9999 -9999 -9999 -9999 -9999 -9999 -9999 -9999 -9999 -9999 -9999 -9999 -9999
-9999 -9999 -9999 -9999 -9999 -9999 -9999 -9999 -9999 -9999 -9999 -9999 -9999 -9999 -9999 -9999 -9999 -9999 -9999 -9999 -9999 -9999 -9999 -9999 -9999 -9999 -9999 -9999 -9999 -9999 -9999 -9999 -9999 -9999 -9999 -9999 -9999 -9999 -9999 -9999 -9999 -9999 -9999 -9999 -9999 -9999 -9999 -9999 -9999 -9999 -9999 -9999 -9999 -9999 -9999 -9999 -9999 -9999 -9999 -9999 -9999 -9999 -9999 -9999 -9999 -9999 -9999 -9999 -9999 -9999
-9999 -9999 -9999 -9999 -9999 -9999 -9999 -9999 -9999 -9999 -9999 -9999 -9999 -9999 -9999 -9999 -9999 -9999 -9999 -9999 -9999 -9999 -9999 -9999 -9999 -9999 -9999 -9999 -9999 -9999 -9999 -9999 -9999 -9999 -9999 -9999 -9999 -9999 -9999 -9999 -9999 -9999 -9999 -9999 -9999 -9999 -9999 -9999 -9999 -9999 -9999 -9999 -9999 -9999 -9999 -9999 -9999 -9999 -9999 -9999 -9999 -9999 -9999 -9999 -9999 -9999 -9999 -9999 -9999 -9999
-9999 -9999 -9999 -9999 -9999 -9999 -9999 90.81450 -9999 -9999 -9999 -9999 -9999 -9999 -9999 -9999 -9999 -9999 -9999 -9999 -9999 -9999 -9999 -9999 -9999 -9999 -9999 -9999 -9999 -9999 -9999 -9999 -9999 -9999 -9999 -9999 -9999 -9999 -9999 -9999 -9999 -9999 -9999 -9999 -9999 -9999 -9999 -9999 -9999 -9999 -9999 -9999 -9999 -9999 -9999 -9999 -9999 -9999 -9999 -9999 -9999 -9999 -9999 -9999 -9999 -9999 -9999 -9999 -9999 -9999
-9999 -9999 -9999 99.36500 81.56800 85.51960 87.59630 89.74900 92.64890 91.95120 94.04980 94.71340 95.62280 95.59610 96.07140 96.01730 99.69890 98.58780 98.03030 97.70310 97.44270 96.74550 93.87070 -9999 -9999 -9999 -9999 -9999 -9999 -9999 -9999 -9999 -9999 -9999 -9999 -9999 -9999 -9999 -9999 -9999 -9999 -9999 -9999 -9999 -9999 -9999 -9999 -9999 -9999 -9999 -9999 -9999 -9999 -9999 -9999 -9999 -9999 -9999 -9999 -9999 -9999 -9999 -9999 -9999 -9999 -9999 -9999 -9999 -9999 -9999
-9999 -9999 -9999 -9999 -9999 86.35740 88.13920 89.69580 90.81950 92.16540 93.99060 94.97780 96.70730 99.52380 99.89710 100.35600 101.01500 100.42200 101.46200 101.72600 102.29100 101.83800 99.95950 -9999 -9999 -9999 -9999 -9999 -9999 -9999 -9999 -9999 -9999 -9999 -9999 -9999 -9999 -9999 -9999 -9999 -9999 -9999 -9999 -9999 -9999 -9999 -9999 -9999 -9999 -9999 -9999 -9999 -9999 -9999 -9999 -9999 -9999 -9999 -9999 -9999 -9999 -9999 -9999 -9999 -9999 -9999 -9999 -9999 -9999 -9999
79.19270 79.53430 80.13450 81.99450 82.60980 84.27840 86.24050 84.85410 87.96160 88.59980 90.79850 92.06930 93.67530 96.57200 98.77390 100.20100 100.91200 100.03600 100.79000 100.28200 102.02600 113.54500 120.93900 102.73500 102.45100 100.60700 99.23810 96.93910 95.91260 -9999 -9999 -9999 -9999 -9999 -9999 -9999 -9999 -9999 -9999 -9999 -9999 -9999 -9999 -9999 -9999 -9999 -9999 -9999 -9999 -9999 -9999 -9999 -9999 -9999 -9999 -9999 -9999 -9999 -9999 -9999 -9999 -9999 -9999 -9999 -9999 -9999 -9999 -9999 -9999 -9999
80.99910 80.78580 81.43610 83.26270 82.71990 84.16310 85.87950 85.26580 86.21120 84.57290 85.39200 90.16720 92.25510 94.54620 96.21360 98.99720 100.74200 98.39660 94.42740 120.16200 106.44200 103.57100 101.42300 102.97700 102.56400 100.89300 99.32540 99.02810 97.94880 95.41050 93.73060 92.40100 91.55570 91.02340 91.22510 88.52410 87.97450 86.09900 86.28890 84.21960 84.33330 86.23130 85.87790 85.98650 -9999 -9999 -9999 -9999 -9999 -9999 -9999 -9999 -9999 -9999 -9999 -9999 -9999 -9999 -9999 -9999 -9999 -9999 -9999 -9999 -9999 -9999 -9999 -9999 -9999 -9999
57.01670 57.13420 57.99710 57.73670 77.27090 84.78080 85.18380 84.77490 85.05540 84.03880 79.87230 81.05450 87.30820 83.18900 90.73270 93.34170 95.12330 93.46550 92.98230 94.40550 100.46900 101.10100 100.96100 99.45920 81.66070 90.85100 94.19540 92.30720 91.37730 92.96770 95.99520 91.85740 92.16960 87.53090 86.71440 85.32820 84.73290 85.50400 85.57040 84.14970 84.29640 87.54610 88.08830 86.92070 118.45700 -9999 -9999 -9999 -9999 -9999 -9999 -9999 -9999 -9999 -9999 -9999 -9999 -9999 -9999 -9999 -9999 -9999 -9999 -9999 -9999 -9999 -9999 -9999 -9999 -9999
90.11540 89.62520 89.39240 82.22690 95.47690 90.44750 90.68570 94.28900 93.85000 93.02760 92.13480 94.42840 94.50110 91.85500 90.98200 89.38470 92.87330 96.95790 98.46620 96.28970 121.49000 103.43300 102.84800 100.49700 98.76480 98.11090 99.46710 94.43910 91.45560 91.91960 91.79600 88.83310 87.26020 87.60300 87.87030 86.17070 86.64130 85.33820 85.24040 85.97230 88.22060 87.73460 88.94490 91.54300 90.17750 -9999 -9999 -9999 -9999 -9999 -9999 -9999 -9999 -9999 -9999 -9999 -9999 -9999 -9999 -9999 89.81510 91.56160 -9999 -9999 -9999 -9999 105.29000 113.99400 118.12100 107.60500
88.87980 88.23000 89.31600 90.04960 93.75820 89.11980 87.74160 90.93580 93.21600 93.07510 93.72400 88.49050 89.78860 88.61930 92.17030 93.33490 91.79180 94.75950 94.20780 120.99100 93.96090 97.43580 97.20140 96.40970 91.39240 89.79030 88.43750 89.48710 90.58490 89.43620 89.86440 88.57140 87.23490 85.88320 85.37610 84.27250 84.14040 82.19280 81.88110 82.95710 109.64000 117.61700 117.74000 118.55800 111.05900 111.53300 111.49800 118.81200 89.92750 96.63100 98.00770 90.46910 92.50740 99.08350 99.53660 95.48820 78.77520 70.91620 70.13220 90.10860 91.42060 84.08280 -9999 -9999 -9999 -9999 -9999 108.23300 111.72500 110.09600
95.17460 98.50390 66.63220 92.09240 98.11450 71.95920 88.13170 88.87150 88.09170 84.96470 83.92460 83.92740 85.46000 83.64300 83.75050 84.61720 110.64800 88.97400 90.84660 90.27940 88.77550 91.41520 90.88920 90.13130 88.62080 87.04160 86.93200 85.85580 86.83070 85.70750 85.69260 85.71160 83.74980 83.86980 85.11910 85.57800 85.55440 85.90090 85.98810 117.49900 118.09700 85.70870 118.41700 87.47030 87.62430 89.20920 88.06170 87.80150 87.14650 92.15170 97.94550 95.67680 89.61120 93.81600 102.59900 106.43400 99.28700 101.26800 100.55300 94.07170 80.70730 80.39520 83.30060 90.38700 96.17500 98.03020 102.40800 104.26300 108.23800 106.89000
89.49940 99.65020 99.32400 88.09530 101.97200 101.57300 95.56330 92.24040 92.89250 81.33380 80.28230 80.02850 82.58400 82.60020 109.92900 84.41550 88.35070 88.89290 88.72080 89.51010 90.09780 91.45900 89.15790 88.56950 87.64190 86.43830 85.60630 85.12510 85.52570 84.98120 85.54120 84.48410 84.65490 84.01480 83.45830 84.96270 84.99520 118.18400 84.37070 83.92240 86.04580 85.93730 85.62710 83.22260 85.19910 88.18890 87.84060 86.54130 85.25170 84.97160 85.36900 88.13070 86.82610 89.91130 89.99740 97.44430 105.64600 106.18400 107.91000 110.43300 108.13500 95.42960 94.00910 87.84020 79.99990 89.31240 95.16850 99.61740 101.32900 103.17200
100.48100 106.65700 107.99200 94.30760 61.09630 88.92010 81.95820 80.47030 88.79050 84.41250 80.20190 79.48640 81.79600 81.98100 82.89110 86.60500 88.04540 87.95930 87.36090 89.69850 97.60740 96.38710 90.61150 89.91240 87.94960 86.24360 86.63720 84.00470 83.92310 85.37320 84.37050 83.28580 117.34800 83.07620 81.86590 84.42640 84.28600 84.50430 87.48990 87.56760 90.51640 85.40610 85.04690 92.47660 96.35720 97.00180 89.43830 84.65960 84.29090 83.72560 84.66140 89.44780 93.38760 96.08350 96.90710 77.00870 75.99290 78.15810 99.56210 102.54900 114.09400 111.92300 109.02600 108.51900 98.05440 93.47890 89.78740 90.53090 91.01520 94.30180
86.87060 101.79000 109.24200 105.74400 92.68430 74.46850 82.17710 78.23480 86.15360 86.81450 80.33650 98.27590 93.33890 83.14190 86.33600 86.37320 83.04410 82.44570 85.25200 88.06830 91.14670 95.32360 90.60580 90.67380 91.01240 86.13810 84.92630 83.00580 81.38040 81.83340 109.77000 82.50810 81.98530 81.56880 82.82220 82.49580 82.35660 84.29010 86.11890 86.83630 93.32700 93.11240 89.99220 91.40550 90.93610 98.39080 96.32970 90.35030 89.38950 82.46830 86.80620 93.82720 92.28760 95.39890 90.76710 97.47460 102.77700 103.40000 106.28600 104.37700 103.79900 105.14900 102.62800 99.05320 107.53700 110.72800 98.29960 108.13200 97.28770 96.08340
88.81070 97.01020 94.98260 92.88430 98.14130 100.12500 74.35360 61.76560 55.94260 82.59960 77.33980 85.87830 102.90500 111.62800 110.38100 97.66070 94.39460 86.35090 82.22730 81.40530 81.72610 83.12770 83.66550 84.70870 82.85900 81.20350 82.52920 80.88230 79.98210 80.44910 80.92030 80.26820 82.32690 88.40770 86.68930 86.18770 88.48820 89.90090 93.19650 91.06720 89.79640 95.47820 98.39890 93.91260 90.30310 90.84100 88.66860 87.84220 87.09090 83.29820 83.22570 83.00800 86.47350 89.82770 93.44670 95.88430 102.46100 102.49700 106.11500 103.88600 107.07500 107.10000 106.68600 93.89760 106.20100 106.94000 103.51900 94.77940 97.19100 96.40400
110.02000 117.59100 112.54000 115.69200 108.50400 108.82400 106.10100 93.48810 92.71480 89.84710 82.02550 76.19700 76.84330 88.16880 96.30680 111.71600 109.44200 107.87100 102.69700 87.15020 68.92090 84.07510 83.94710 83.84530 85.14730 83.67160 84.82780 83.13730 82.50480 82.57670 85.58300 86.73580 92.66120 91.59220 95.11030 93.42440 93.91130 93.99590 95.78740 75.48270 94.99300 96.75990 96.03960 93.52750 95.52140 93.77620 95.79040 95.05080 95.91940 91.85310 88.91970 96.31110 98.73240 101.36100 88.53080 101.19300 100.85900 95.56260 105.37700 107.28700 120.23800 110.75700 112.15500 108.58800 105.12200 105.56500 90.05950 107.93000 108.14400 111.70600
98.72690 105.23600 116.75400 122.60100 119.77700 122.20600 110.85200 101.88500 88.58170 98.82400 91.07500 87.55120 90.51460 89.54390 65.56880 88.68600 71.89260 80.26570 104.69700 111.81700 99.90620 84.93350 96.19590 88.10840 85.76350 84.09070 85.43550 84.32960 83.73200 91.07140 89.74180 93.49100 94.20140 96.25860 92.25040 98.31180 94.53600 95.25820 93.69970 98.04880 97.41690 94.54160 94.53670 92.91400 91.32470 101.86200 103.46700 101.82700 101.58600 98.74910 101.63400 105.59300 105.68900 108.27900 114.86200 97.99320 102.34300 108.71300 112.40600 109.71600 113.74900 113.19100 109.70600 104.32400 87.41520 107.90400 109.30400 106.56400 107.36400 109.63700
103.98000 107.85600 105.79300 104.30500 110.45600 118.30100 119.87100 117.79400 113.41000 109.88000 98.39900 86.59980 103.86200 103.74900 98.73110 117.18100 110.11500 109.10100 66.47400 101.99700 117.80800 109.22100 109.97400 103.47600 88.65780 84.89190 83.19910 83.93420 83.73930 88.30340 88.95910 91.88170 92.65710 92.55250 92.00790 90.00930 93.60240 96.93440 95.02570 98.57480 99.98980 102.60800 101.63600 98.23580 80.64740 67.49420 87.99910 94.34610 104.59700 108.57700 105.38800 106.85200 98.84360 108.80300 100.81100 109.82800 116.82000 111.38900 119.47900 106.28000 107.46600 109.31900 106.14900 105.70500 107.26200 103.72500 104.41200 103.61500 100.26300 104.60400
104.79700 108.44700 105.09700 102.60200 94.23470 103.22800 103.57900 106.27200 107.13500 99.93510 99.75060 96.39890 95.62330 79.76110 94.37420 109.53700 114.11300 110.51400 109.95100 89.99730 99.36680 103.69700 105.65600 101.17600 99.42460 89.48410 85.15970 84.66080 84.65590 87.95630 90.38600 91.38700 90.06560 84.42320 87.16440 91.72490 90.54020 93.90980 95.32900 98.60310 103.99600 102.78400 98.06460 110.13300 89.19740 88.53750 95.77780 100.80200 106.25200 107.93400 105.08300 102.10100 105.49600 114.97300 117.00200 114.11200 110.98700 111.42800 108.04000 114.66100 115.28700 108.34800 102.60500 104.68200 101.50900 100.72400 102.00200 99.62460 105.95400 111.56900
107.91300 115.99700 114.05200 106.91100 105.84200 107.48200 100.48500 99.76100 95.45630 91.26700 86.38030 92.19970 101.96300 98.69810 93.34170 95.63220 108.73800 109.02700 106.91000 110.99800 108.72300 106.38300 96.52480 94.13850 95.94950 96.30800 97.02060 87.12770 84.86670 86.58380 91.92270 90.18780 93.09690 85.42300 89.99990 92.07650 97.81000 99.73540 101.92900 99.69920 113.48100 99.48710 105.83000 107.65700 109.67700 108.05900 100.15300 82.90500 85.89040 86.21610 88.56730 107.38900 104.45900 102.55900 101.28900 102.53300 107.83800 109.89100 110.72600 112.07100 117.79800 114.38100 114.91700 113.93600 110.76000 109.13400 104.28700 105.55800 111.81400 103.25800
109.92500 112.28100 118.34400 113.31400 106.82000 108.05000 110.31400 104.60800 100.84300 89.40630 94.66580 91.83030 94.92040 105.36400 102.48000 101.83100 101.00900 110.84000 105.64100 111.09800 109.51400 109.25800 103.41200 107.85400 97.93170 99.64440 96.97390 95.34910 92.24750 86.43280 86.76340 86.06760 86.74580 88.21720 99.29420 98.97700 93.81730 105.85500 111.64100 90.75940 104.49200 109.58700 109.87000 102.31900 98.92720 95.38600 92.78920 106.72600 91.83750 91.55700 116.60600 93.86010 111.65800 114.19100 113.98400 114.52200 112.31300 109.88100 112.01900 113.89900 116.21300 114.44300 115.93300 114.49000 114.30100 114.30300 90.81470 114.20100 93.14780 98.60550
122.55500 112.35500 110.14500 112.33300 111.00600 112.63600 106.34400 90.51340 96.95500 94.99080 88.82950 83.63380 89.53810 101.17600 107.68500 107.89600 107.79100 107.28900 111.38400 107.05500 105.02000 119.38700 106.76400 105.23600 99.56330 98.53840 101.10500 108.41300 97.28290 92.41620 87.58030 92.61590 89.77770 91.69040 101.92500 104.08900 97.94210 108.70900 105.49500 108.76300 97.74390 99.42650 101.38100 100.18700 112.32600 110.90300 114.62100 112.28800 114.53600 116.25000 114.63000 115.12500 114.61900 113.10400 110.64700 113.41100 114.80600 121.71500 119.69200 116.26400 119.24200 118.22200 120.10000 114.75400 104.89600 106.37400 96.24750 98.75490 98.77020 101.49700
109.67900 116.06700 110.48200 114.74700 111.39400 110.79400 114.50800 99.98730 93.54020 91.22860 106.93200 94.44470 99.11020 100.03600 105.19300 108.13000 109.35400 104.16200 93.95290 103.05100 110.94400 107.92300 109.03800 106.92500 100.71400 99.66270 93.76280 100.80600 97.06120 91.70030 92.44880 90.38620 92.63840 96.21880 98.80090 100.61600 86.50760 101.72100 109.32000 110.63500 118.15800 108.35100 100.73600 111.23100 109.81700 115.83400 115.61700 103.89600 83.34630 94.89100 102.98600 107.34400 109.30300 88.47440 111.71200 116.12200 119.32900 117.87200 116.08400 121.30400 116.02300 118.47500 111.88200 99.33330 101.90200 103.82600 103.21600 103.33300 103.39300 103.49600
109.42900 108.98300 110.64800 113.10900 115.23200 117.54900 116.49100 119.26700 103.09000 109.03200 110.75200 109.08700 105.60600 105.69200 100.35800 110.01400 117.11600 113.71200 106.64000 105.18100 109.86900 98.61680 109.30100 115.80200 111.31700 101.31000 84.04040 108.06600 102.82900 96.56190 98.89800 96.76000 94.05720 99.56720 102.87400 98.44740 102.61600 107.49900 117.48800 122.47600 123.14300 122.34000 113.33000 117.72400 114.63000 106.27000 104.97400 87.27900 87.43310 107.34700 104.74500 -9999 -9999 93.71720 110.88600 118.54800 121.05200 122.58900 118.89400 100.55200 101.65300 103.09600 103.47900 104.27900 104.10100 103.56700 104.79600 105.09700 105.84400 105.91600
113.51100 117.21600 114.33000 115.42100 121.67400 113.96000 124.11200 124.17000 118.72500 114.12000 121.46700 120.12200 116.84300 111.64900 108.23100 114.31000 118.63900 110.74500 107.42000 99.97600 107.78200 96.67150 108.55000 104.77100 112.39900 104.39000 104.34200 109.15600 103.21400 84.20630 103.88500 105.89500 97.98120 101.89900 105.82000 105.91000 113.23600 117.22300 115.44400 111.85600 -9999 -9999 -9999 -9999 110.08100 -9999 92.30110 109.85200 112.30200 113.19900 104.46800 -9999 -9999 102.75000 119.85300 120.45900 111.18700 98.51610 98.84050 100.54800 101.86900 100.89200 102.19300 102.66800 101.29400 103.96700 112.44600 107.08600 106.22600 104.22700
