data/hydroclimate-scenarios/BCSD_hadcm_B1/monthly_summaries/soilm3_monthly_day1_may.2070-2099.asc
ncols	311
nrows	91
xllcenter	102.75
yllcenter	31.75
cellsize	0.5
NODATA_value	-9999
[rows 0 to 31 of 91, columns 71 to 141 of 311]
-9999 -9999 -9999 -9999 -9999 -9999 -9999 -9999 -9999 -9999 -9999 -9999 -9999 -9999 -9999 -9999 -9999 -9999 -9999 -9999 -9999 -9999 -9999 -9999 -9999 -9999 -9999 -9999 -9999 -9999 -9999 -9999 -9999 -9999 -9999 -9999 -9999 -9999 -9999 -9999 -9999 -9999 -9999 -9999 -9999 -9999 -9999 -9999 -9999 -9999 -9999 -9999 -9999 -9999 -9999 -9999 -9999 -9999 -9999 -9999 -9999 -9999 -9999 -9999 -9999 -9999 -9999 -9999 -9999 -9999 -9999
-9999 -9999 -9999 -9999 -9999 -9999 -9999 -9999 -9999 -9999 -9999 -9999 -9999 -9999 -9999 -9999 -9999 -9999 -9999 -9999 -9999 -9999 -9999 -9999 -9999 -9999 -9999 -9999 -9999 -9999 -9999 -9999 -9999 -9999 -9999 -9999 -9999 -9999 -9999 -9999 -9999 -9999 -9999 -9999 -9999 -9999 -9999 -9999 -9999 -9999 -9999 -9999 -9999 -9999 -9999 -9999 -9999 -9999 -9999 -9999 -9999 -9999 -9999 -9999 -9999 -9999 -9999 -9999 -9999 -9999 -9999
-9999 -9999 -9999 -9999 -9999 -9999 -9999 -9999 -9999 -9999 -9999 -9999 -9999 -9999 -9999 -9999 -9999 -9999 -9999 -9999 -9999 -9999 -9999 -9999 -9999 -9999 -9999 -9999 -9999 -9999 -9999 -9999 -9999 -9999 -9999 -9999 -9999 -9999 -9999 -9999 -9999 -9999 -9999 -9999 -9999 -9999 -9999 -9999 -9999 -9999 -9999 -9999 -9999 -9999 -9999 -9999 -9999 -9999 -9999 -9999 -9999 -9999 -9999 -9999 -9999 -9999 -9999 -9999 -9999 -9999 -9999
-9999 -9999 -9999 -9999 -9999 -9999 -9999 -9999 -9999 -9999 -9999 -9999 -9999 -9999 -9999 -9999 -9999 -9999 -9999 -9999 -9999 -9999 -9999 -9999 -9999 -9999 -9999 -9999 -9999 -9999 -9999 -9999 -9999 -9999 -9999 -9999 -9999 -9999 -9999 -9999 -9999 -9999 -9999 -9999 -9999 -9999 -9999 -9999 -9999 -9999 -9999 -9999 -9999 -9999 -9999 -9999 -9999 -9999 -9999 -9999 -9999 -9999 -9999 -9999 -9999 -9999 -9999 -9999 -9999 -9999 -9999
-9999 -9999 -9999 -9999 -9999 -9999 -9999 -9999 -9999 -9999 -9999 -9999 -9999 -9999 -9999 -9999 -9999 -9999 -9999 -9999 -9999 -9999 -9999 -9999 -9999 -9999 -9999 -9999 -9999 -9999 -9999 -9999 -9999 -9999 -9999 -9999 -9999 -9999 -9999 -9999 -9999 -9999 -9999 -9999 -9999 -9999 -9999 -9999 -9999 -9999 -9999 -9999 -9999 -9999 -9999 -9999 -9999 -9999 -9999 -9999 -9999 -9999 -9999 -9999 -9999 -9999 -9999 -9999 -9999 -9999 -9999
-9999 -9999 -9999 -9999 -9999 -9999 -9999 -9999 -9999 -9999 -9999 -9999 -9999 -9999 -9999 -9999 -9999 -9999 -9999 -9999 -9999 -9999 -9999 -9999 -9999 -9999 -9999 -9999 -9999 -9999 -9999 -9999 -9999 -9999 -9999 -9999 -9999 -9999 -9999 -9999 -9999 -9999 -9999 -9999 -9999 -9999 -9999 -9999 -9999 -9999 -9999 -9999 -9999 -9999 -9999 -9999 -9999 -9999 -9999 -9999 -9999 -9999 -9999 -9999 -9999 -9999 -9999 -9999 -9999 -9999 -9999
-9999 -9999 -9999 -9999 -9999 -9999 -9999 -9999 -9999 -9999 -9999 -9999 -9999 -9999 -9999 -9999 -9999 -9999 -9999 -9999 -9999 -9999 -9999 -9999 -9999 -9999 -9999 -9999 -9999 -9999 -9999 -9999 -9999 -9999 -9999 -9999 -9999 -9999 -9999 -9999 -9999 -9999 -9999 -9999 -9999 -9999 -9999 -9999 -9999 -9999 -9999 -9999 -9999 -9999 -9999 -9999 -9999 -9999 -9999 -9999 -9999 -9999 -9999 -9999 -9999 -9999 -9999 -9999 -9999 -9999 -9999
-9999 -9999 -9999 -9999 -9999 -9999 -9999 -9999 -9999 -9999 -9999 -9999 -9999 -9999 -9999 -9999 -9999 -9999 -9999 -9999 -9999 -9999 -9999 -9999 -9999 -9999 -9999 -9999 -9999 -9999 -9999 -9999 -9999 -9999 -9999 -9999 -9999 -9999 -9999 -9999 -9999 -9999 -9999 -9999 -9999 -9999 -9999 -9999 -9999 -9999 -9999 -9999 -9999 -9999 -9999 -9999 -9999 -9999 -9999 -9999 -9999 -9999 -9999 -9999 -9999 -9999 -9999 -9999 -9999 -9999 -9999
-9999 -9999 -9999 -9999 -9999 -9999 22.43630 -9999 -9999 -9999 -9999 -9999 -9999 -9999 -9999 -9999 -9999 -9999 -9999 -9999 -9999 -9999 -9999 -9999 -9999 -9999 -9999 -9999 -9999 -9999 -9999 -9999 -9999 -9999 -9999 -9999 -9999 -9999 -9999 -9999 -9999 -9999 -9999 -9999 -9999 -9999 -9999 -9999 -9999 -9999 -9999 -9999 -9999 -9999 -9999 -9999 -9999 -9999 -9999 -9999 -9999 -9999 -9999 -9999 -9999 -9999 -9999 -9999 -9999 -9999 -9999
-9999 -9999 22.58800 22.33530 22.38690 22.41190 22.41280 22.44950 22.12720 22.03900 21.82270 21.72190 21.72530 21.95720 21.29470 20.81550 21.13980 21.00780 21.01550 21.22180 21.77360 22.47940 -9999 -9999 -9999 -9999 -9999 -9999 -9999 -9999 -9999 -9999 -9999 -9999 -9999 -9999 -9999 -9999 -9999 -9999 -9999 -9999 -9999 -9999 -9999 -9999 -9999 -9999 -9999 -9999 -9999 -9999 -9999 -9999 -9999 -9999 -9999 -9999 -9999 -9999 -9999 -9999 -9999 -9999 -9999 -9999 -9999 -9999 -9999 -9999 -9999
-9999 -9999 -9999 -9999 20.82710 20.62830 20.33430 20.33950 20.34590 20.35610 20.36150 20.37380 20.40440 20.41090 20.40510 20.41370 20.40790 20.41900 20.42130 20.42950 20.41780 20.69730 -9999 -9999 -9999 -9999 -9999 -9999 -9999 -9999 -9999 -9999 -9999 -9999 -9999 -9999 -9999 -9999 -9999 -9999 -9999 -9999 -9999 -9999 -9999 -9999 -9999 -9999 -9999 -9999 -9999 -9999 -9999 -9999 -9999 -9999 -9999 -9999 -9999 -9999 -9999 -9999 -9999 -9999 -9999 -9999 -9999 -9999 -9999 -9999 -9999
21.90380 22.30740 21.80820 21.90940 20.91560 21.42430 23.42870 21.53090 21.33710 21.35540 20.43920 20.34630 20.36590 20.39450 20.40450 20.41610 20.41860 20.42450 20.62440 21.10460 21.09400 20.62450 18.46320 18.26840 18.24420 18.23590 18.23520 18.24270 -9999 -9999 -9999 -9999 -9999 -9999 -9999 -9999 -9999 -9999 -9999 -9999 -9999 -9999 -9999 -9999 -9999 -9999 -9999 -9999 -9999 -9999 -9999 -9999 -9999 -9999 -9999 -9999 -9999 -9999 -9999 -9999 -9999 -9999 -9999 -9999 -9999 -9999 -9999 -9999 -9999 -9999 -9999
23.00410 22.90740 21.70740 22.91130 23.24010 22.44280 22.63200 23.44160 23.42750 23.52990 21.44080 21.46610 21.38970 21.20300 20.42410 20.45580 21.47720 23.27170 22.84010 18.43220 18.36550 19.16360 19.04490 18.29740 18.27060 18.25200 18.25330 18.24890 18.23690 18.22780 18.22950 18.22700 18.21920 18.21800 18.22780 18.22220 18.21670 18.21540 18.21220 18.21290 18.21580 18.21860 18.23070 -9999 -9999 -9999 -9999 -9999 -9999 -9999 -9999 -9999 -9999 -9999 -9999 -9999 -9999 -9999 -9999 -9999 -9999 -9999 -9999 -9999 -9999 -9999 -9999 -9999 -9999 -9999 -9999
22.38220 22.28370 22.32880 22.80220 22.74220 22.82440 22.73770 22.74540 22.73030 23.01730 22.74190 22.99980 23.03700 23.41810 22.64470 22.46030 23.46470 23.66140 23.10490 20.32530 19.80090 20.32810 20.91690 21.77280 21.24710 20.77000 21.06510 21.15950 19.65040 18.44670 18.22890 18.22840 19.01040 18.70750 18.21370 18.21220 18.21430 18.21250 18.21110 18.21150 18.21880 18.22970 18.23400 21.54850 -9999 -9999 -9999 -9999 -9999 -9999 -9999 -9999 -9999 -9999 -9999 -9999 -9999 -9999 -9999 -9999 -9999 -9999 -9999 -9999 -9999 -9999 -9999 -9999 -9999 -9999 -9999
22.84660 22.80610 22.72470 22.86730 22.94200 21.91590 21.98590 22.87980 21.77110 21.17490 20.58880 21.38800 21.77680 21.77660 21.09620 20.62120 20.62340 19.93760 20.90710 21.64700 19.76090 20.64720 20.60420 20.48410 19.67840 19.89280 20.15580 20.83270 19.63550 19.63720 19.62250 19.61720 19.62200 19.61940 19.62490 19.62420 19.61720 19.61780 19.11980 18.22700 18.22900 18.24640 18.24810 18.23520 -9999 -9999 -9999 -9999 -9999 -9999 -9999 -9999 -9999 -9999 -9999 -9999 -9999 -9999 -9999 21.17830 21.28680 -9999 -9999 -9999 -9999 18.43060 18.68880 18.90510 21.51320 22.36800 21.87390
22.77830 22.78260 22.84210 22.84530 22.97900 21.37680 19.66110 20.88670 19.76670 21.97040 22.06280 20.08430 19.66730 19.68980 19.71130 19.70080 20.28820 20.57270 21.60920 20.39360 21.47670 20.88460 19.68250 19.65210 19.64120 20.33160 23.41190 23.21350 20.03380 19.63000 19.62360 19.62000 20.72450 22.41790 23.11580 20.32480 19.61440 20.11220 22.51250 22.59760 21.87720 22.12540 21.20280 20.08950 19.22130 19.42320 21.40570 20.27710 20.97050 21.85820 22.43930 21.74700 21.77450 23.00890 22.89210 22.35290 22.30020 22.29650 22.11300 21.70840 22.32680 -9999 -9999 -9999 -9999 -9999 18.28270 18.52970 20.81040 21.52300 22.10160
22.96760 22.33000 22.90470 22.96380 22.34810 22.75250 22.48510 21.56140 19.66390 19.68440 19.87810 19.75970 19.65220 19.65280 20.29100 21.04480 20.56940 20.49020 19.69170 21.06600 20.95890 20.15930 19.66040 19.65250 19.64060 19.64080 19.62390 19.62520 19.62530 19.62490 19.62580 19.61930 20.62980 20.13190 19.64730 19.64710 19.68710 19.97990 21.75910 22.12900 20.24880 21.79150 19.85720 20.25460 19.67760 19.67870 19.69880 19.69810 19.69020 19.74440 20.11330 20.46200 21.11130 21.84320 22.55000 22.90190 23.00670 23.07460 22.78400 22.33790 22.32830 22.37660 22.31770 20.96430 20.42140 18.35360 18.30140 18.44550 20.49700 20.74860 21.81250
22.96930 22.60750 22.87500 23.05270 22.86510 21.28620 21.10750 21.43060 21.77360 21.41740 20.63570 20.51380 20.25560 21.05800 20.37100 19.72890 20.19010 20.08180 20.19340 22.52710 21.85510 21.24520 20.05460 19.65100 19.64050 19.63700 19.62760 19.62660 19.63350 19.63650 19.63500 19.73340 20.03980 20.22990 20.34760 20.35040 22.27820 21.36210 22.14440 22.74630 21.26730 20.06150 22.72130 22.83240 21.29330 19.88670 19.98680 19.67650 19.63700 20.23900 22.34310 22.74870 22.68630 21.88160 22.56840 21.69380 22.14430 22.85580 23.13470 23.19550 22.81610 22.60610 22.46160 22.34490 22.28710 22.24440 20.51170 20.42550 21.08210 22.08270 22.71020
23.05460 22.97230 22.74760 22.35360 22.97350 22.25330 22.80200 22.96430 22.55380 20.74430 21.18430 21.58390 20.65220 20.45760 20.78530 21.18250 19.70310 19.66650 19.87510 21.72860 21.20090 20.96900 21.06290 20.05110 19.65350 19.65570 19.63930 19.64330 19.65490 19.65050 20.54410 21.90090 20.54460 21.83970 19.86300 19.96480 20.65460 20.76480 22.66650 22.94930 22.24520 20.74630 21.10530 22.60250 22.95840 22.83320 22.82630 21.03330 19.63100 21.33370 21.74240 22.74310 21.71620 21.46070 22.33180 22.32550 22.37900 23.07690 23.19540 23.28350 23.35600 23.40440 23.47270 22.79940 22.66530 22.54060 22.52940 22.43120 22.67280 22.79380 22.86600
23.03140 23.01680 22.92020 22.48910 22.50270 22.97930 22.92370 22.96050 22.94450 22.93320 22.99660 22.92090 22.68150 22.88850 22.88110 22.90290 22.57490 19.93090 19.68390 19.69300 19.70640 19.77580 19.87020 19.66780 19.65790 19.64550 19.63970 19.63260 20.33500 21.03400 20.34670 21.66240 22.75530 22.84070 21.45770 22.53530 22.34370 22.15110 20.64880 21.91650 22.96490 22.93970 21.28160 21.68310 22.96180 22.96410 22.85090 22.83490 21.72680 20.23860 19.66590 21.15510 21.41000 20.36740 20.07660 21.10270 21.31800 22.60170 23.24690 23.13080 23.19750 23.19990 22.95230 23.37750 23.51090 22.75990 23.59440 22.71860 22.73370 22.78580 22.52600
22.82990 22.73170 22.46130 22.51230 22.53540 22.32370 22.34780 22.31090 22.75250 22.91380 22.95710 23.01560 23.13090 23.12200 22.78740 22.85900 22.74860 22.73740 22.63200 21.34220 21.03880 20.34300 20.55500 20.93630 20.23590 20.63520 20.33500 20.72530 20.73770 22.43620 22.43860 22.93800 23.48750 23.59540 23.38900 23.28250 23.00920 22.93600 22.94240 22.86180 22.96000 22.97530 22.94110 22.93090 22.87560 22.86810 22.85330 22.76600 22.76170 22.54470 22.32020 22.92430 22.88060 22.76540 22.77280 23.01360 23.20270 23.28080 23.28890 23.46940 23.29860 23.24380 22.58570 23.24910 23.26680 23.37320 22.64830 22.68970 22.73650 22.79090 22.14010
23.12400 23.13020 23.11430 23.04800 22.99040 22.93540 22.50960 22.79980 22.79120 22.82680 22.97200 22.81980 22.80630 22.88130 23.05790 23.08090 23.02820 22.97780 22.67700 22.35670 22.84640 22.84400 22.14740 20.75910 19.96580 20.26070 20.34560 20.25430 22.93480 22.94340 22.95280 22.98800 23.22320 23.19860 23.26000 23.34930 23.00850 22.99500 22.39620 22.95150 22.99400 22.94900 22.95040 22.90860 22.86570 22.89360 22.86380 22.91830 22.83490 22.81150 22.90810 22.85880 23.18990 22.51780 23.19090 23.11520 22.73800 23.27350 23.38670 23.56690 23.24630 23.36090 23.29930 23.13080 23.35060 22.57170 22.59600 22.47300 21.80770 22.24330 21.33030
23.03080 23.17520 23.31120 23.23630 23.22450 23.04810 22.85740 22.45860 22.90450 22.84640 22.84150 22.92970 22.77410 22.30190 23.27540 22.89020 22.82400 23.33180 23.02390 22.77900 22.40120 22.89430 22.82370 22.66180 19.70650 19.71840 20.58830 20.74680 20.83150 22.59510 23.07140 23.06680 23.03620 22.54620 22.56790 22.98450 23.03850 23.06520 23.04780 23.05440 23.58450 23.49790 23.10060 23.09030 23.03310 23.14890 23.04810 23.03270 23.03140 23.06040 23.10590 23.04260 23.09890 23.26720 22.54950 22.66100 23.00800 23.17570 23.06240 23.08650 23.22070 23.37630 23.36830 22.55910 22.50410 21.40510 21.35460 20.80730 20.80580 20.85710 20.91110
23.02380 23.05680 23.22460 23.15840 23.17390 23.21240 23.16590 23.14960 23.12630 23.02480 22.93790 22.96650 22.96970 22.91470 23.34020 23.36600 23.37880 22.84220 23.11030 23.22300 23.12320 23.14550 23.07990 22.91310 21.72460 21.44700 20.86920 21.23450 21.61910 20.91840 21.38050 21.18520 20.28250 21.56990 22.89040 23.04130 23.03810 23.09420 23.21960 23.13020 23.49830 23.75410 23.29780 22.62350 22.31610 22.89300 22.98520 23.05460 23.15600 23.14790 23.16320 22.89030 23.16650 22.91500 23.21260 23.33480 23.17780 23.26500 23.07420 23.10920 23.25600 23.53580 23.50740 23.19170 21.74650 21.26100 21.13330 21.02460 21.77280 22.09550 21.30520
23.09400 23.09680 23.31260 23.26280 22.96740 22.98680 23.04650 23.03040 22.98050 22.97790 22.94740 22.87000 22.36130 22.79880 23.05820 23.09630 23.43600 23.49660 23.04580 23.79580 23.00910 23.03240 23.01280 22.98020 22.87450 22.98200 21.52580 23.04030 22.99890 23.04910 22.99180 23.00810 21.85570 21.33570 22.66210 23.00070 23.19960 23.18240 23.01990 23.16080 23.70900 23.46750 23.41040 22.76680 22.86070 22.97770 23.00850 23.05180 23.13220 23.12820 23.00040 23.12830 23.18310 23.36730 23.21980 23.34960 23.14660 23.16420 23.30070 23.25900 23.37590 23.28400 23.24430 22.35530 23.38660 23.78550 22.72470 21.77320 21.48780 22.40310 22.92220
23.22520 23.23940 23.47970 23.47590 23.12320 22.99070 23.01910 22.96530 22.93440 23.02740 23.26590 23.16230 22.85900 22.79540 22.94520 23.01810 23.59620 23.75110 23.78980 23.72000 23.01340 22.96530 22.92070 22.87580 22.92530 22.99270 23.21170 23.29130 23.00070 23.00180 22.99160 23.22460 23.58660 23.36170 23.04860 23.04800 23.07350 23.06110 23.09500 23.20020 22.81410 23.67800 23.47250 23.30400 23.20250 23.04530 22.39070 22.44770 22.47490 22.47730 23.15110 23.09630 23.04700 23.03140 23.15540 23.33000 23.41830 23.37470 23.54210 23.73670 23.99270 23.71210 23.53580 20.11930 18.76800 18.65100 18.76500 18.94200 21.81880 22.70550 22.77450
23.44360 23.57180 23.32470 23.15460 23.04200 23.06640 23.15580 23.02780 23.00190 23.09410 23.37220 23.82120 23.72000 23.33320 22.96730 22.97620 23.08790 23.04380 23.24350 23.15200 23.13680 23.06600 23.17800 22.98260 23.26600 23.16300 24.76850 24.99730 24.54900 23.85430 24.95970 24.91400 23.22440 23.14260 23.20510 23.71390 23.27070 23.27690 22.60140 23.35620 23.32640 23.37650 22.86900 22.79870 22.67880 22.62220 21.42280 22.55430 21.92490 18.86590 22.66720 23.28860 23.27360 21.54390 20.86580 22.00280 23.31890 21.60950 18.55050 18.61570 18.67950 19.60350 19.22900 18.66030 19.49170 23.22980 19.55400 22.72660 22.74350 22.78950 22.76310
23.43330 23.61000 23.26750 23.25670 23.09770 23.04380 22.76400 23.40630 23.05020 22.97120 23.13050 23.22310 23.00480 23.37440 23.04390 23.06660 23.14710 23.13130 23.26550 23.32410 23.39650 23.14810 23.14510 23.02480 23.57080 23.35590 24.41680 24.76870 24.89040 25.15040 24.06130 24.29260 23.11160 23.06690 23.10480 23.55330 23.35770 23.35740 23.30930 22.76250 22.82370 22.84810 22.79200 23.44150 22.02070 20.23600 18.66750 18.70670 18.77260 18.75370 18.78660 20.11500 21.14450 20.87620 21.62330 20.85620 19.70770 19.96630 18.67810 18.76660 18.86930 18.83520 20.00950 22.00470 22.13060 23.24050 22.89120 22.98880 22.84880 22.86410 22.85710
23.32890 23.44310 23.78790 23.64350 23.13630 23.27980 22.72680 22.50220 23.69850 24.06350 23.10270 22.97150 23.22770 23.12310 23.16760 23.17100 23.41730 23.46390 23.72770 23.45740 23.35870 23.25690 23.26290 23.50580 23.04780 23.05610 23.06200 23.05410 26.31910 24.59070 23.07120 23.21690 23.73480 23.69100 23.05360 22.49670 23.15100 23.21400 23.13510 23.11350 23.16200 22.12740 21.60490 21.96670 19.08000 19.26040 20.58350 21.72790 21.99640 20.13900 19.03390 19.06060 23.29390 20.43570 18.87760 18.95700 18.87440 19.03100 18.96080 18.74950 19.52940 21.50930 22.71060 22.66610 22.89120 22.94580 22.88630 22.97590 22.91640 22.94070 22.96100
23.76810 23.44230 24.01510 23.94730 23.27820 23.27890 23.33750 22.70070 24.84240 24.28550 23.35910 23.11380 23.15630 22.70200 23.21030 23.24820 23.38290 23.45890 24.04310 23.98830 23.40680 23.45660 23.42690 23.50630 23.26130 22.57910 23.14210 23.14820 24.86230 23.70690 23.43760 23.76230 23.90870 23.86490 22.98130 22.96160 22.84890 22.80250 22.99710 23.03840 22.97340 21.71530 18.89570 18.84760 20.51580 23.35840 23.14620 23.09580 23.44610 23.64210 -9999 -9999 24.59730 22.93570 21.05120 20.19370 19.62640 19.85580 23.22450 22.93420 22.82210 22.78070 22.72180 22.67620 22.99190 22.88120 22.85490 22.89790 22.98210 23.03640 22.63600
23.31780 23.42240 23.55670 23.61780 23.44540 23.49270 23.84980 23.60200 23.76850 23.63290 23.35500 23.05800 22.88210 22.98350 23.24450 23.26550 23.94460 24.89970 24.09890 23.64020 22.71990 23.66710 23.63730 23.47210 23.15800 23.55710 23.27830 23.29940 22.89700 23.84500 26.96460 28.49300 24.51490 23.60000 23.29480 22.87730 22.71460 23.39810 23.22630 -9999 -9999 -9999 -9999 25.86780 -9999 22.63740 23.76850 24.41130 24.21800 25.37870 -9999 -9999 24.16720 20.91650 22.28390 23.99920 23.42370 22.92350 22.63030 22.72680 22.70170 22.70410 22.67820 22.67870 22.70670 22.42910 22.80550 22.93700 22.96440 22.95820 23.00640
23.62310 23.53720 23.68250 23.63110 23.56400 23.57880 23.30720 23.56940 23.91630 23.63390 24.26080 24.22780 22.85800 22.80430 22.82830 23.77170 25.34080 24.45510 23.29420 23.34970 23.28940 23.54160 23.41530 23.61520 22.81840 23.37760 22.68320 23.16620 24.15420 24.64240 27.75890 27.65050 23.85540 23.70670 22.93760 23.10460 23.46880 -9999 -9999 -9999 -9999 -9999 -9999 -9999 23.45830 24.02590 24.81010 -9999 -9999 -9999 -9999 -9999 24.05450 23.32680 24.08910 24.91950 22.25480 22.78460 23.06360 22.82980 23.41110 23.34590 22.98480 22.44740 22.57510 23.04730 22.97990 22.96350 23.01480 23.80290 -9999
