data/hydroclimate-scenarios/BCSD_hadcm_B1/monthly_summaries/soilm1_monthly_day1_sep.2070-2099.asc
ncols	311
nrows	91
xllcenter	102.75
yllcenter	31.75
cellsize	0.5
NODATA_value	-9999
[rows 0 to 31 of 91, columns 71 to 141 of 311]
-9999 -9999 -9999 -9999 -9999 -9999 -9999 -9999 -9999 -9999 -9999 -9999 -9999 -9999 -9999 -9999 -9999 -9999 -9999 -9999 -9999 -9999 -9999 -9999 -9999 -9999 -9999 -9999 -9999 -9999 -9999 -9999 -9999 -9999 -9999 -9999 -9999 -9999 -9999 -9999 -9999 -9999 -9999 -9999 -9999 -9999 -9999 -9999 -9999 -9999 -9999 -9999 -9999 -9999 -9999 -9999 -9999 -9999 -9999 -9999 -9999 -9999 -9999 -9999 -9999 -9999 -9999 -9999 -9999 -9999 -9999
-9999 -9999 -9999 -9999 -9999 -9999 -9999 -9999 -9999 -9999 -9999 -9999 -9999 -9999 -9999 -9999 -9999 -9999 -9999 -9999 -9999 -9999 -9999 -9999 -9999 -9999 -9999 -9999 -9999 -9999 -9999 -9999 -9999 -9999 -9999 -9999 -9999 -9999 -9999 -9999 -9999 -9999 -9999 -9999 -9999 -9999 -9999 -9999 -9999 -9999 -9999 -9999 -9999 -9999 -9999 -9999 -9999 -9999 -9999 -9999 -9999 -9999 -9999 -9999 -9999 -9999 -9999 -9999 -9999 -9999 -9999
-9999 -9999 -9999 -9999 -9999 -9999 -9999 -9999 -9999 -9999 -9999 -9999 -9999 -9999 -9999 -9999 -9999 -9999 -9999 -9999 -9999 -9999 -9999 -9999 -9999 -9999 -9999 -9999 -9999 -9999 -9999 -9999 -9999 -9999 -9999 -9999 -9999 -9999 -9999 -9999 -9999 -9999 -9999 -9999 -9999 -9999 -9999 -9999 -9999 -9999 -9999 -9999 -9999 -9999 -9999 -9999 -9999 -9999 -9999 -9999 -9999 -9999 -9999 -9999 -9999 -9999 -9999 -9999 -9999 -9999 -9999
-9999 -9999 -9999 -9999 -9999 -9999 -9999 -9999 -9999 -9999 -9999 -9999 -9999 -9999 -9999 -9999 -9999 -9999 -9999 -9999 -9999 -9999 -9999 -9999 -9999 -9999 -9999 -9999 -9999 -9999 -9999 -9999 -9999 -9999 -9999 -9999 -9999 -9999 -9999 -9999 -9999 -9999 -9999 -9999 -9999 -9999 -9999 -9999 -9999 -9999 -9999 -9999 -9999 -9999 -9999 -9999 -9999 -9999 -9999 -9999 -9999 -9999 -9999 -9999 -9999 -9999 -9999 -9999 -9999 -9999 -9999
-9999 -9999 -9999 -9999 -9999 -9999 -9999 -9999 -9999 -9999 -9999 -9999 -9999 -9999 -9999 -9999 -9999 -9999 -9999 -9999 -9999 -9999 -9999 -9999 -9999 -9999 -9999 -9999 -9999 -9999 -9999 -9999 -9999 -9999 -9999 -9999 -9999 -9999 -9999 -9999 -9999 -9999 -9999 -9999 -9999 -9999 -9999 -9999 -9999 -9999 -9999 -9999 -9999 -9999 -9999 -9999 -9999 -9999 -9999 -9999 -9999 -9999 -9999 -9999 -9999 -9999 -9999 -9999 -9999 -9999 -9999
-9999 -9999 -9999 -9999 -9999 -9999 -9999 -9999 -9999 -9999 -9999 -9999 -9999 -9999 -9999 -9999 -9999 -9999 -9999 -9999 -9999 -9999 -9999 -9999 -9999 -9999 -9999 -9999 -9999 -9999 -9999 -9999 -9999 -9999 -9999 -9999 -9999 -9999 -9999 -9999 -9999 -9999 -9999 -9999 -9999 -9999 -9999 -9999 -9999 -9999 -9999 -9999 -9999 -9999 -9999 -9999 -9999 -9999 -9999 -9999 -9999 -9999 -9999 -9999 -9999 -9999 -9999 -9999 -9999 -9999 -9999
-9999 -9999 -9999 -9999 -9999 -9999 -9999 -9999 -9999 -9999 -9999 -9999 -9999 -9999 -9999 -9999 -9999 -9999 -9999 -9999 -9999 -9999 -9999 -9999 -9999 -9999 -9999 -9999 -9999 -9999 -9999 -9999 -9999 -9999 -9999 -9999 -9999 -9999 -9999 -9999 -9999 -9999 -9999 -9999 -9999 -9999 -9999 -9999 -9999 -9999 -9999 -9999 -9999 -9999 -9999 -9999 -9999 -9999 -9999 -9999 -9999 -9999 -9999 -9999 -9999 -9999 -9999 -9999 -9999 -9999 -9999
-9999 -9999 -9999 -9999 -9999 -9999 -9999 -9999 -9999 -9999 -9999 -9999 -9999 -9999 -9999 -9999 -9999 -9999 -9999 -9999 -9999 -9999 -9999 -9999 -9999 -9999 -9999 -9999 -9999 -9999 -9999 -9999 -9999 -9999 -9999 -9999 -9999 -9999 -9999 -9999 -9999 -9999 -9999 -9999 -9999 -9999 -9999 -9999 -9999 -9999 -9999 -9999 -9999 -9999 -9999 -9999 -9999 -9999 -9999 -9999 -9999 -9999 -9999 -9999 -9999 -9999 -9999 -9999 -9999 -9999 -9999
-9999 -9999 -9999 -9999 -9999 -9999 56.03370 -9999 -9999 -9999 -9999 -9999 -9999 -9999 -9999 -9999 -9999 -9999 -9999 -9999 -9999 -9999 -9999 -9999 -9999 -9999 -9999 -9999 -9999 -9999 -9999 -9999 -9999 -9999 -9999 -9999 -9999 -9999 -9999 -9999 -9999 -9999 -9999 -9999 -9999 -9999 -9999 -9999 -9999 -9999 -9999 -9999 -9999 -9999 -9999 -9999 -9999 -9999 -9999 -9999 -9999 -9999 -9999 -9999 -9999 -9999 -9999 -9999 -9999 -9999 -9999
-9999 -9999 55.49160 50.30020 55.90430 56.97590 56.07460 56.69540 56.26930 56.74850 55.09560 55.11630 52.49270 52.69610 49.14270 51.05010 50.25820 49.99940 52.82920 52.47590 55.20000 54.45610 -9999 -9999 -9999 -9999 -9999 -9999 -9999 -9999 -9999 -9999 -9999 -9999 -9999 -9999 -9999 -9999 -9999 -9999 -9999 -9999 -9999 -9999 -9999 -9999 -9999 -9999 -9999 -9999 -9999 -9999 -9999 -9999 -9999 -9999 -9999 -9999 -9999 -9999 -9999 -9999 -9999 -9999 -9999 -9999 -9999 -9999 -9999 -9999 -9999
-9999 -9999 -9999 -9999 51.86360 52.56180 53.48220 53.83640 54.91340 55.05170 54.44190 55.03240 55.48960 55.49240 54.70430 54.75230 53.87440 54.20040 54.47020 54.78400 53.92110 53.22190 -9999 -9999 -9999 -9999 -9999 -9999 -9999 -9999 -9999 -9999 -9999 -9999 -9999 -9999 -9999 -9999 -9999 -9999 -9999 -9999 -9999 -9999 -9999 -9999 -9999 -9999 -9999 -9999 -9999 -9999 -9999 -9999 -9999 -9999 -9999 -9999 -9999 -9999 -9999 -9999 -9999 -9999 -9999 -9999 -9999 -9999 -9999 -9999 -9999
52.89200 53.17090 53.53750 53.60200 51.67950 53.20560 53.03770 53.44300 54.70060 55.35180 53.87450 54.19230 55.03270 55.57800 54.75810 55.02850 54.55860 54.63860 54.40690 55.81550 55.45830 72.45640 55.57430 55.52890 55.15910 54.65200 54.80950 53.42700 -9999 -9999 -9999 -9999 -9999 -9999 -9999 -9999 -9999 -9999 -9999 -9999 -9999 -9999 -9999 -9999 -9999 -9999 -9999 -9999 -9999 -9999 -9999 -9999 -9999 -9999 -9999 -9999 -9999 -9999 -9999 -9999 -9999 -9999 -9999 -9999 -9999 -9999 -9999 -9999 -9999 -9999 -9999
51.83840 52.08420 52.97670 53.26500 54.15170 54.52210 54.61450 55.48790 52.59230 52.95680 56.23030 57.02580 57.33210 57.63850 57.62410 57.75520 56.64810 56.50760 75.31220 59.18400 56.52000 56.32040 57.99880 56.67410 55.85220 55.80740 55.41140 55.59970 54.81870 54.95970 53.68540 53.93210 52.99080 53.15540 55.03900 54.77530 55.77040 55.99460 57.58650 58.20980 57.75620 57.27760 57.05670 -9999 -9999 -9999 -9999 -9999 -9999 -9999 -9999 -9999 -9999 -9999 -9999 -9999 -9999 -9999 -9999 -9999 -9999 -9999 -9999 -9999 -9999 -9999 -9999 -9999 -9999 -9999 -9999
40.42220 41.32110 41.45460 42.17870 55.12790 55.08150 54.96130 55.21200 52.45010 41.32680 44.63190 56.42770 45.61520 57.72130 58.47290 58.62410 57.30910 56.63480 58.15240 59.31960 57.37860 57.80540 58.84280 46.40540 45.34640 56.08610 55.44860 55.55570 56.13620 56.56640 54.62160 54.28730 52.60960 52.63090 54.75660 54.95530 56.45220 56.03040 57.46590 57.88470 57.47490 58.10960 57.99120 73.66530 -9999 -9999 -9999 -9999 -9999 -9999 -9999 -9999 -9999 -9999 -9999 -9999 -9999 -9999 -9999 -9999 -9999 -9999 -9999 -9999 -9999 -9999 -9999 -9999 -9999 -9999 -9999
57.51470 56.79860 46.31000 59.55410 59.07850 59.31520 57.96160 57.54620 60.70740 59.84270 59.98240 59.54360 58.27530 58.26200 59.42650 58.85260 59.28550 59.46850 59.97820 75.55810 63.51330 63.26160 62.67720 61.47800 58.80790 59.73820 58.10370 56.96480 57.75840 58.43300 56.46030 56.33460 54.73180 55.00300 57.47130 57.58290 57.31180 57.57390 58.68370 59.25210 58.52870 59.19910 57.74360 57.35120 -9999 -9999 -9999 -9999 -9999 -9999 -9999 -9999 -9999 -9999 -9999 -9999 -9999 -9999 -9999 56.56120 57.26100 -9999 -9999 -9999 -9999 60.34190 63.38690 65.83770 63.43990 48.48220 49.06380
57.70830 57.81670 59.44590 59.72040 58.96340 58.59940 56.67420 57.83540 61.64930 61.98000 59.73280 59.74180 58.81640 59.66600 61.03890 59.95130 59.53650 59.07270 75.64670 60.75190 63.05550 62.64310 62.84650 60.86680 59.06790 57.93460 57.53680 57.61860 58.40470 58.50810 56.70000 57.02350 55.39060 55.64400 57.88750 58.40710 58.61220 58.37690 58.72440 58.84000 74.63990 74.84330 73.30830 56.97600 60.01300 59.94480 75.58950 58.94860 57.23020 58.23030 46.84360 48.41640 59.83180 58.04760 58.53600 48.46650 45.32250 45.93950 57.05320 57.03710 45.92050 -9999 -9999 -9999 -9999 -9999 61.33030 63.85830 62.58600 65.00560 65.09680
64.19320 50.67630 60.53360 62.64320 49.12800 57.24940 59.69170 59.74800 58.07570 57.68960 57.99930 58.08120 57.32450 57.70190 59.39630 58.52020 60.13590 60.33490 60.03950 58.60450 59.67270 59.10710 59.82040 59.15920 59.61150 59.77850 56.63310 56.77010 58.52140 58.92420 56.89670 56.63240 56.98060 57.33440 61.70470 62.06840 62.32250 63.02040 75.50710 76.93170 61.54120 76.26890 61.59010 60.87750 62.03060 62.07310 62.36160 62.07500 58.48620 59.93790 59.18840 59.19290 59.11090 61.87980 65.86900 63.36990 63.95020 63.95090 51.56270 51.03150 50.09240 51.84040 49.12530 59.62610 57.05690 59.39110 60.79140 63.67750 61.24380 61.67720 67.86700
64.71490 62.72200 58.94060 63.83870 63.72120 62.02900 63.19070 62.58550 56.66350 56.97940 57.45060 58.19450 56.91360 57.12200 59.57280 60.64820 60.23310 59.74320 60.41560 59.41400 61.25510 59.13750 59.51730 58.89140 60.13710 60.00310 57.17380 57.38420 59.70680 60.41170 58.30200 58.45650 58.19670 57.40600 62.47300 63.35730 78.13240 62.84770 61.84410 61.98820 61.12860 61.91500 61.55730 61.79730 64.23620 63.42650 63.43330 62.32540 57.22480 57.86590 60.05060 57.90280 59.55170 59.10580 62.90990 66.14490 66.21700 65.92610 66.02860 66.53790 53.30790 56.57160 54.30710 51.16750 48.02780 59.22730 58.90680 59.66190 61.87760 64.64320 63.26900
67.22930 68.64680 53.96310 44.86800 58.23350 56.96570 57.24360 59.39780 60.00370 59.37300 59.78200 59.30870 58.50400 59.67000 60.15660 60.65680 60.26390 60.02140 62.40020 64.19800 63.57900 62.14480 62.75840 60.52520 58.17170 58.67780 58.43130 59.21100 57.45750 57.61620 59.01500 74.30100 57.94050 58.79380 60.88540 61.13820 60.89310 60.74720 61.74460 62.85190 62.38750 61.89100 63.23380 63.51050 64.05920 62.44650 60.49910 59.84260 58.44730 59.44420 60.07270 59.68790 60.56970 60.28730 48.62660 48.18360 47.23260 60.97760 65.46690 68.58090 70.89630 71.38430 71.33360 61.11230 58.02180 57.25070 56.82830 57.14990 60.48370 62.22230 62.92550
65.02910 68.20170 66.27090 57.97630 49.34160 56.27380 58.30100 60.46170 62.97510 60.28130 65.15170 62.48070 49.76390 57.68790 58.10230 58.89540 58.10700 59.22890 61.68360 62.20370 63.47920 62.03610 61.98790 60.71760 58.64730 57.73040 58.79290 57.77370 57.55420 57.29860 58.46370 59.38570 58.24560 57.65450 59.46380 60.99990 61.37150 61.09610 62.68960 62.75740 63.39840 62.58350 60.18370 61.25480 65.37140 65.00410 62.97200 62.49870 59.48100 60.65740 61.35870 60.99530 61.16540 60.14600 61.34760 63.42370 62.86610 66.64440 66.75140 66.20000 68.11520 67.36250 58.92300 70.06230 72.60040 62.32460 72.29790 62.00400 62.52780 63.22040 70.33780
63.72430 55.78080 59.55090 62.22100 63.78010 51.05540 47.02200 46.31820 58.74790 58.32780 59.27620 63.29380 66.90170 67.48640 55.31050 59.29220 58.64490 57.67050 59.13750 58.81540 60.59910 60.61680 63.26440 61.76100 57.92740 58.37770 59.03610 58.20060 57.81570 58.40210 58.32500 59.08530 58.96120 58.94790 58.82950 60.03530 61.01340 62.45520 63.66730 62.89360 62.98180 63.88000 62.69470 62.65480 64.60040 64.03020 63.88930 61.88680 59.49150 59.18420 59.57900 59.22440 58.53850 58.49780 57.87880 58.48670 62.95570 65.71650 64.92520 68.17140 67.54900 67.65800 59.86790 69.33830 68.15930 67.72260 60.82710 61.92530 63.02680 71.36470 69.04730
71.82650 70.82670 73.95900 70.99170 70.15910 68.09480 58.42650 54.66230 60.78510 59.22240 56.90350 46.80820 59.71420 61.55400 67.12680 66.57820 66.97380 65.03570 51.57180 50.08680 61.15730 61.20100 63.53880 62.53190 58.94570 58.66450 58.67130 58.70620 58.78250 59.33690 58.06310 60.67290 61.14350 62.36850 60.95930 61.50870 62.96380 64.09570 53.51040 64.42740 62.56470 64.27710 63.56690 63.13370 65.35260 65.42460 64.96930 63.60730 61.86330 60.46840 61.64930 62.96460 62.61680 52.60660 61.69990 60.95330 57.27160 64.90730 66.44620 70.30560 67.42030 68.08090 69.85150 67.67840 67.86380 58.18170 69.69170 69.45750 71.62730 70.06580 65.64610
68.83310 73.22890 76.05440 74.36740 74.65960 72.23880 63.55150 58.30780 66.26910 62.63590 58.45510 59.25970 60.85960 48.87070 62.33150 52.63500 51.62530 64.64110 69.23150 58.77320 53.60850 62.08350 59.51450 59.14410 61.70940 61.53280 60.01640 61.38030 62.13740 62.10510 60.23570 60.95320 61.93810 60.36050 64.21920 60.42240 60.59810 61.45910 63.68020 63.27940 62.23070 62.77580 64.04780 63.89410 67.98250 68.53280 68.30790 66.73440 66.01510 67.39690 67.43390 66.43470 70.00940 73.81140 58.21980 61.37600 64.52300 68.08570 67.63940 66.43320 66.35300 65.64260 67.22180 57.57650 69.11730 68.95650 66.68450 65.87150 63.95640 65.42090 65.25840
70.64870 69.39570 69.57680 71.52370 72.62010 74.27110 73.16550 71.00130 69.82460 65.66340 57.49680 64.90860 65.83540 63.37470 70.10530 65.70780 67.64970 50.30660 65.24150 73.58000 69.19300 68.18160 64.86210 57.87910 61.71400 61.30980 60.13890 61.65930 62.38380 61.83170 60.93000 61.18110 60.38330 60.01000 59.25390 60.16870 61.75870 62.09720 64.08740 65.34010 66.44970 65.18230 65.89150 56.39600 54.24430 63.80890 66.52840 66.36030 68.91400 68.87150 68.64340 57.65550 68.42590 58.29580 67.47670 69.61600 67.16690 69.00400 66.84120 66.64640 64.30590 64.01450 67.75950 69.94870 67.85030 67.13980 66.38500 65.23890 62.24140 63.25970 63.92030
70.80680 70.66240 70.07640 60.99300 67.71810 68.05170 69.14030 68.96270 66.48160 65.36200 64.00300 63.69480 53.27250 62.57130 68.08030 70.33150 68.28260 69.02020 59.08850 66.21530 66.02390 66.92080 64.12840 62.68370 62.34970 60.58340 59.86940 60.58140 62.19120 61.53350 63.68510 63.64920 59.81520 59.92960 59.87640 59.42480 59.19470 60.11550 62.69370 64.46030 64.87350 57.23350 69.66540 58.17760 53.34990 62.20460 63.37260 64.53890 67.90650 68.99550 59.37250 65.48980 65.30030 69.55620 65.50410 65.15320 66.53920 64.92220 72.21210 70.22730 68.44780 65.60000 67.97530 67.46820 68.40420 70.52080 69.16250 66.08410 64.65090 63.53250 53.70120
73.73940 73.69650 71.47780 70.54950 70.43410 68.03450 69.97430 68.73830 65.42250 62.77500 62.56650 66.37000 64.79160 63.46460 65.05490 67.89720 67.83770 68.53450 72.59830 70.81220 67.42210 63.92660 61.78580 61.71950 64.99690 64.69860 60.45690 60.19580 63.14880 63.66930 63.72500 63.96620 58.37460 59.06610 59.24920 62.44980 62.20600 64.06170 63.25370 69.20580 62.52160 67.50560 69.30160 71.56390 70.63740 66.10850 54.09260 54.14940 54.64020 57.28730 66.29170 62.67300 62.20450 62.46320 59.84370 61.60580 65.18770 66.12260 70.19890 71.82830 68.54660 68.16690 68.86340 68.98560 68.92280 69.56840 69.02540 67.32180 54.03700 56.33500 56.56850
74.46710 76.78420 76.00640 69.39140 68.62070 69.97960 66.61980 65.37630 65.13940 65.07400 63.61100 63.77460 68.95200 66.44180 65.89050 65.96460 68.92220 69.13980 71.39670 70.29870 71.67000 68.88470 69.44000 65.21840 64.89500 64.10310 62.60720 60.60110 59.24420 60.73500 59.78420 60.49360 59.03500 62.42870 63.59130 61.71290 66.70440 70.23160 58.96760 67.43190 72.08510 72.70530 66.09480 64.03770 62.65420 61.18990 67.97260 58.87400 55.73240 68.40670 57.41270 67.87790 66.81650 67.95730 69.40890 68.70780 67.63730 66.66440 66.73450 81.46080 68.17880 66.67230 66.31830 66.82940 65.43940 54.45350 66.51160 56.31820 59.71930 62.00590 61.18260
75.88530 73.83590 76.34700 75.95080 72.45710 67.99930 57.95460 63.23930 68.08380 64.55780 59.79140 62.36530 64.85920 68.77340 68.82630 68.55480 70.31070 70.37000 68.20480 67.88760 75.62860 70.95620 67.48420 65.44360 63.26510 65.14790 67.44090 62.69000 58.85030 59.18020 63.60170 62.85970 60.62970 62.75200 65.46700 62.33520 66.97760 68.02980 70.31350 62.96790 64.22430 65.91220 63.86210 72.88540 72.33350 72.91960 68.59630 69.61880 68.60030 69.32260 68.65070 68.97780 67.94560 65.73720 68.28840 67.65470 68.80340 66.72770 66.20460 80.91760 68.26710 67.58500 65.49160 55.99280 59.57340 59.11770 60.02920 59.51350 60.80930 60.20140 60.11460
77.48310 74.66620 74.29510 72.05710 74.82860 72.76570 67.78220 60.38950 59.41540 67.49310 62.04210 64.37830 66.56410 68.22920 72.19500 72.55350 68.12780 57.28530 67.85360 68.20810 70.54820 71.69530 69.41430 65.61210 62.43600 60.81620 62.57990 61.11220 58.30810 60.53620 62.06280 63.04440 62.36710 62.94760 65.42280 56.38550 65.77930 70.06270 71.64730 74.51010 69.38970 62.83330 69.31840 69.36850 82.68860 80.61930 63.60960 50.63750 48.15810 60.51900 60.99050 61.32490 51.92520 65.67430 68.11250 67.96510 67.77380 66.65220 80.50790 67.43040 69.18100 67.50250 57.78040 60.90120 62.27030 62.23280 61.64690 61.11950 59.86150 59.78890 60.48110
74.69270 73.70860 73.35770 74.48040 78.38220 78.07150 71.68810 62.80790 69.95480 70.78460 70.19760 67.66330 68.82740 65.35810 73.90560 73.84790 72.14140 69.48840 68.23020 68.95900 61.55510 72.77070 74.98760 70.16050 63.76420 51.35630 65.02740 62.88070 62.30160 65.09610 62.94920 61.41360 64.15920 64.35280 59.03930 65.16280 69.02190 70.58640 73.12400 74.18960 71.74710 71.03770 71.69960 68.27650 64.58530 62.71690 52.30610 52.48640 63.64400 62.97470 -9999 -9999 52.92450 64.65040 66.29470 68.69480 82.64270 67.20240 56.80970 57.49200 60.49690 63.12370 63.80050 63.06260 63.54350 63.12590 62.74030 63.80170 62.60360 61.20290 69.90250
77.80620 76.01430 75.82570 78.51210 78.14340 79.91630 74.72100 75.75650 73.51220 76.59370 71.85490 74.82870 74.00500 72.92600 73.26900 72.91420 73.06030 70.10790 61.17640 71.97520 63.91830 72.23380 71.62360 74.19110 61.33400 65.04820 67.68700 64.76620 53.30430 64.26890 64.63080 60.91560 66.14420 68.25200 68.46400 71.01250 70.60280 67.62570 63.93020 -9999 -9999 -9999 -9999 62.44350 -9999 55.78590 69.57850 68.74490 68.50120 65.16690 -9999 -9999 54.47770 81.23580 81.46650 67.87240 58.46590 58.59370 59.86900 60.67160 60.18090 61.70460 63.49190 63.71220 65.36380 72.60350 64.00720 64.05630 60.37080 59.03730 58.67010
73.94920 76.57410 76.50070 78.26220 80.75960 77.84850 78.17200 73.58130 71.55290 73.22350 75.08270 74.89120 76.11830 77.45560 75.38790 71.08640 71.28660 73.21510 74.46480 74.85560 76.86630 74.11520 75.02820 73.06570 60.79040 68.36710 59.57040 68.48620 66.74070 65.02690 65.24820 65.63100 70.37580 70.67270 72.40200 70.97570 66.92290 -9999 -9999 -9999 -9999 -9999 -9999 -9999 67.08880 67.21330 69.68580 -9999 -9999 -9999 -9999 -9999 80.65920 67.10650 61.71650 68.90730 70.45840 69.63690 61.51530 63.46400 59.06920 59.55310 61.33530 70.59370 72.31970 62.51460 62.52000 63.55010 60.39510 56.48590 -9999
