data/hydroclimate-scenarios/BCSD_hadcm_B1/monthly_summaries/soilm1_monthly_day1_jan.2070-2099.asc
ncols	311
nrows	91
xllcenter	102.75
yllcenter	31.75
cellsize	0.5
NODATA_value	-9999
[rows 32 to 63 of 91, columns 0 to 70 of 311]
-9999 -9999 -9999 -9999 -9999 -9999 -9999 -9999 -9999 -9999 -9999 76.95220 76.85550 78.55380 77.78220 78.41430 78.08370 78.39920 77.03150 76.99200 77.61540 78.57270 78.74350 78.59070 76.41760 75.80500 75.93920 78.02790 79.89820 83.61760 83.71460 83.55090 83.72740 83.74530 82.58000 81.30080 80.00240 79.25250 77.85000 77.86780 77.45640 77.35200 77.83310 77.61620 77.23370 77.19980 76.89250 76.85660 76.39890 76.42870 76.05230 76.15560 76.00330 75.89720 74.61320 75.03980 75.94910 75.59070 76.01120 76.76450 76.91910 77.03030 76.29140 76.29810 76.31200 75.78150 75.81970 76.39000 76.33780 74.79020 73.90010
-9999 -9999 -9999 -9999 -9999 -9999 -9999 -9999 -9999 -9999 -9999 77.37020 77.28580 77.58290 77.15140 77.86390 78.32960 78.70540 78.79530 78.86850 78.86460 78.70590 77.84500 76.72110 75.94680 74.84850 72.79090 75.14450 75.28600 75.82380 79.45740 81.49780 80.18150 78.26720 77.38470 75.52840 77.17780 78.06420 77.22980 76.13870 77.62190 77.28700 77.77870 77.89990 77.80130 77.42460 77.14690 77.23510 76.83230 76.25080 75.92880 76.27630 76.14770 75.51120 75.97510 77.46070 77.37790 76.82310 77.22930 77.77440 77.62160 76.84510 76.74090 77.27070 77.18290 76.97270 76.72480 75.62330 75.41540 74.92830 74.33970
-9999 -9999 -9999 -9999 -9999 -9999 -9999 -9999 -9999 -9999 -9999 -9999 75.80140 75.74020 75.33840 75.66140 78.30930 78.79720 78.87670 79.14900 77.65300 74.73440 71.38280 74.72260 72.98580 69.62730 70.02400 72.46790 73.46620 74.06820 74.69280 76.25580 77.40980 77.82800 77.19640 76.86290 76.25530 78.19150 77.38340 75.08480 75.69300 76.10100 76.68790 77.70630 77.77040 77.64260 77.59140 77.73810 77.43400 77.28620 76.96120 77.27070 77.16510 76.59060 76.01730 75.55900 75.65000 75.98460 76.82200 76.76250 76.43870 74.16070 73.84450 76.34440 76.68040 77.16610 77.10530 74.98420 73.91240 74.89990 74.67360
-9999 -9999 -9999 -9999 -9999 -9999 -9999 -9999 -9999 -9999 -9999 -9999 75.06840 75.60750 77.36630 77.93300 78.11030 77.43150 76.96230 76.23730 75.65620 74.82070 74.51820 73.73090 73.11500 71.77040 72.29930 73.26720 72.97940 71.84430 74.06430 76.54350 77.02750 75.50730 75.82210 75.33900 74.70530 76.63360 77.44450 74.39850 75.13370 74.20310 75.68680 78.17700 78.20350 77.34190 77.67720 76.66440 76.28710 76.00870 75.35400 75.81840 76.35740 76.71490 76.66660 75.94340 76.12360 75.55310 76.99760 75.90590 74.69040 74.64220 76.26130 77.95930 76.92950 76.45040 76.17980 74.94350 74.79530 75.61400 75.47310
-9999 -9999 -9999 -9999 -9999 -9999 -9999 -9999 -9999 -9999 -9999 -9999 77.84280 77.66100 77.15270 76.24850 76.04010 75.92920 72.69950 73.96650 75.13080 74.83850 74.59160 73.93750 73.78300 73.85190 74.03460 71.85020 72.20870 68.84510 68.23270 74.85950 75.03680 74.75940 74.75210 73.45580 72.82300 74.78150 74.79030 74.86200 74.93920 74.69560 75.10980 76.34170 75.46600 71.79090 74.63940 74.61630 74.59450 74.61210 74.39980 74.76600 74.60080 73.54820 71.79850 71.00380 70.05880 74.61520 75.25750 75.33720 74.67930 74.29790 74.26890 75.92910 76.15720 76.33250 76.11360 75.82080 75.92310 75.96990 76.11210
-9999 -9999 -9999 74.44430 74.52410 74.26600 74.10120 74.51870 74.45850 -9999 77.45830 77.57250 76.67300 75.75640 75.70870 75.59370 74.68270 73.02170 74.21130 74.97490 75.13080 75.05560 75.13180 75.13540 72.68760 74.55330 74.64980 73.81580 71.80590 70.40130 74.53420 74.20320 74.06980 68.15780 70.76020 64.39960 70.67900 74.31690 74.80530 74.85420 74.90200 74.74580 74.99180 74.06700 73.68260 73.23050 74.48890 71.49850 74.32240 74.38880 71.04630 67.67790 68.61540 72.03790 72.37990 74.46860 74.32460 73.61020 71.50150 72.86060 74.79370 74.62800 72.04300 74.95220 74.70400 75.14340 75.57130 75.20270 75.64350 75.55100 75.57370
-9999 -9999 -9999 74.68100 74.32700 74.80190 74.55050 75.53020 75.26610 76.10930 76.70440 75.85240 76.06740 73.11260 72.44700 75.08450 69.79140 76.21790 76.57970 76.50450 76.33810 76.40860 76.61810 76.71550 73.26570 70.52590 71.40170 72.51760 74.12570 68.83290 64.37290 70.15190 74.34440 70.48170 67.29000 67.01930 71.40580 73.13730 73.93880 73.12770 74.04710 74.67020 75.18820 74.30230 72.50940 72.55090 74.43550 74.25670 71.10220 68.18100 69.12770 73.99660 74.18160 74.13560 74.51410 74.12350 74.20960 74.60520 74.42190 72.82720 73.47760 74.58740 73.74230 71.95160 74.12480 74.33430 74.48920 74.99030 75.16370 74.41650 72.30720
-9999 -9999 -9999 74.38130 74.76180 75.12050 75.77790 76.12350 76.17430 76.22380 76.24290 76.23950 75.87380 74.83820 73.98530 75.54910 73.10260 71.22030 75.21210 76.30730 76.16500 72.96910 66.02220 67.67370 71.87140 71.20370 74.06030 73.80180 70.61890 69.74580 71.58900 74.44160 71.57170 68.80550 67.57280 68.90750 73.20460 73.42490 70.83160 67.42360 70.03160 72.55610 74.97680 75.01010 75.12940 74.71670 74.70480 67.75670 68.03960 74.25730 74.07890 74.52040 74.43810 74.33390 74.42730 74.36070 74.34300 74.75500 74.56190 74.41930 70.78840 70.65120 75.06190 74.35770 74.53430 74.68180 74.67680 73.80730 69.46380 72.47480 73.20890
-9999 -9999 -9999 74.72420 75.42040 75.83390 75.85120 76.30860 75.45890 75.16780 75.80700 75.81400 74.55880 73.25750 75.25750 68.14820 70.12730 78.28370 79.76680 75.34810 68.91890 65.40490 69.28120 76.42580 73.98370 69.30190 73.10080 74.56020 73.72940 70.44950 69.27820 69.62490 68.99640 71.25330 73.30730 70.81270 70.53350 71.26280 72.29500 73.35560 72.45070 70.85450 71.12300 72.67590 74.19720 74.86390 74.66270 73.89930 74.53950 74.38540 74.04710 74.57860 74.26080 70.41160 73.94080 70.31760 69.18470 68.92870 69.81320 68.20030 65.88560 71.40820 72.31450 74.39120 73.18480 71.53670 73.93910 74.03210 73.82600 73.97660 74.62540
-9999 -9999 -9999 73.91720 75.62450 75.61470 75.87920 76.11510 75.69560 75.72250 76.09470 74.86050 71.85300 71.36830 82.97690 80.31390 73.76260 73.60440 75.62410 69.83400 68.79900 74.12430 77.12010 70.67620 67.60840 69.65980 75.86250 75.49770 72.35140 73.25510 70.53680 71.01910 71.44620 72.31650 73.45230 70.90890 70.93150 72.58430 72.89990 72.12420 70.32600 71.33780 73.15280 73.33060 73.88680 74.19410 73.98180 72.95190 71.06460 73.75920 72.57920 70.94100 68.64120 69.59190 70.61330 69.07730 68.85080 67.65760 70.05590 73.14060 72.49150 72.85250 73.86500 71.80190 70.13160 70.35070 72.82980 72.18390 73.97920 74.55590 74.94720
-9999 -9999 -9999 -9999 75.57020 75.78300 75.96810 75.87870 75.37540 75.74610 76.56710 76.43370 72.67720 68.71820 -9999 -9999 -9999 -9999 -9999 72.89640 79.23240 81.01260 79.42410 72.96980 72.62330 73.18770 72.75230 75.51420 75.59740 74.93460 74.68670 72.05900 72.91150 72.14210 69.72660 70.04510 68.71080 70.39970 72.80270 71.18060 70.65910 70.13990 72.77690 73.14990 72.30810 71.73070 69.23130 70.84470 73.71910 77.43540 73.70730 73.60350 73.65260 73.19980 73.15180 73.16310 73.11070 73.33640 69.05240 70.85300 73.00390 73.21690 74.19270 73.87090 73.94660 74.24840 74.03160 74.28970 77.51170 -9999 -9999
-9999 -9999 74.28110 75.44590 76.29710 76.05590 75.97800 75.81570 75.79560 76.15520 76.79750 76.55310 75.09710 -9999 -9999 -9999 -9999 -9999 78.30910 83.50560 79.62900 75.35450 75.17150 75.31920 79.04850 91.19070 79.52820 75.98950 75.47980 73.75750 68.71840 72.81190 72.22730 70.91730 72.19800 70.10320 70.61420 72.23590 72.50560 72.52130 72.45620 72.98310 73.11980 73.17740 73.32880 73.52000 73.60390 73.62510 74.89560 87.46420 87.80150 87.41510 88.99350 82.07620 76.73900 73.72590 73.40010 71.02800 69.90250 71.82540 72.07800 72.08160 74.52860 74.29820 74.42560 74.20820 74.80000 -9999 -9999 -9999 -9999
-9999 -9999 76.45960 76.56150 76.25530 75.53150 74.11740 75.53090 75.83820 76.43550 76.99280 76.80990 76.08370 -9999 -9999 -9999 -9999 74.90090 75.34080 75.12480 72.60490 74.54980 76.39790 81.92590 79.86350 74.87340 72.09930 73.78450 73.15300 74.36560 73.02380 72.56420 73.52690 73.84220 72.96750 74.68510 74.61290 71.13780 71.79830 72.88000 73.00280 72.75110 72.80650 73.47970 69.54140 66.78580 67.94800 67.68750 69.03820 70.84560 73.03860 77.25410 78.27030 82.63040 82.36060 74.41020 72.32610 73.11680 74.95520 75.98890 74.11860 73.87370 74.44750 75.68380 74.18630 -9999 -9999 -9999 -9999 -9999 74.87450
-9999 -9999 74.24690 75.28720 76.56910 76.02420 71.88040 72.21750 75.65860 76.49930 76.66560 76.00350 75.08770 -9999 -9999 -9999 -9999 74.77560 75.31790 73.86780 71.19590 74.61060 79.47130 75.97090 76.06520 75.09670 73.24140 72.68510 72.92850 72.08160 72.72250 74.98660 74.18030 73.30230 73.76820 73.74380 73.35080 73.07050 73.01210 73.68790 74.02540 74.85310 73.89470 73.63550 71.49610 68.64790 67.60670 65.31070 63.78890 63.97910 66.90610 67.40660 71.55580 70.04890 72.97980 73.15030 74.11720 75.03260 74.13270 74.38130 74.74090 74.73840 74.40420 69.25970 68.73870 74.76800 74.47630 74.86190 74.68430 -9999 -9999
-9999 -9999 -9999 71.17580 74.87120 75.91470 74.57030 74.88000 76.28450 72.25210 66.03810 73.96110 -9999 -9999 -9999 -9999 75.67160 75.65210 75.60310 75.12420 75.26640 75.68830 72.58370 74.76020 75.11060 73.32020 72.52400 70.42530 71.49000 73.78590 73.83930 73.48690 71.86300 67.46300 63.95920 64.26960 69.28670 73.24010 74.57610 74.47120 75.17500 75.13640 76.97160 76.19930 76.14410 76.82640 75.34510 74.38220 71.78440 67.92050 73.03440 81.55150 77.40150 81.70020 90.15620 92.49720 81.17260 74.69190 74.10030 74.47370 74.50680 74.39390 74.31400 71.84610 66.86600 72.79740 75.86740 77.17990 74.64570 74.80740 -9999
-9999 -9999 -9999 -9999 72.51030 74.96840 73.30570 76.49270 76.59730 75.25710 73.75510 -9999 -9999 -9999 -9999 76.27370 73.76130 69.79590 73.12810 64.78200 67.10720 64.88130 64.25100 67.91990 72.64260 67.68840 63.13220 64.65490 63.47580 66.28840 66.71550 65.20900 63.76720 63.54120 65.22290 73.86390 74.58940 74.11310 74.27580 74.20840 73.43030 75.48320 74.93370 74.64940 74.23220 71.56880 73.22170 79.44510 75.34910 75.42500 74.93380 83.72310 81.69980 80.31760 81.95910 84.05780 91.92050 82.63480 79.72170 74.47930 74.37010 72.63670 71.15370 69.72380 68.71270 74.17130 74.47690 75.00230 75.15280 75.29720 76.54270
-9999 -9999 -9999 -9999 -9999 -9999 77.05330 77.56800 67.60650 72.11260 65.81740 -9999 -9999 -9999 -9999 -9999 66.87160 64.44240 65.31450 62.41120 62.39520 62.10110 67.75020 70.09420 64.25500 62.42840 68.29740 82.53580 82.63270 75.03070 65.41670 63.40530 67.76780 64.47380 65.50860 63.41970 73.09840 73.75450 74.23130 74.07700 73.66180 75.43180 75.45760 74.72100 76.40760 74.97210 72.85850 76.33840 80.03690 89.56410 82.78970 85.91300 75.97940 76.24020 74.04390 73.80470 80.12930 82.07100 73.72410 66.61150 66.21080 67.57070 69.70700 66.77950 65.54790 69.30420 75.30650 75.79200 74.99930 74.76770 75.62390
-9999 -9999 -9999 -9999 -9999 -9999 -9999 -9999 -9999 -9999 -9999 -9999 -9999 -9999 -9999 -9999 -9999 -9999 -9999 61.54700 63.56400 67.18180 64.57210 62.82890 66.14240 66.21450 67.46810 66.95030 65.60890 64.40130 64.40240 68.69370 75.79240 72.75020 66.86820 66.70590 74.35420 75.60340 75.01970 74.48270 74.04990 73.93920 74.61130 74.69810 74.56300 72.58540 73.06200 76.47010 79.73160 76.68360 76.77590 74.63660 78.29560 78.93240 76.34340 73.90620 65.72660 66.90230 64.88510 64.96270 70.53760 72.92870 64.92300 64.47490 63.62920 70.53360 73.18100 74.55220 75.16010 77.06850 76.58230
-9999 -9999 -9999 -9999 -9999 -9999 -9999 -9999 -9999 -9999 -9999 -9999 -9999 -9999 -9999 -9999 -9999 -9999 63.11390 66.39660 65.56640 61.61870 62.13940 61.55510 66.04800 69.22960 69.74120 69.47990 63.15710 62.20270 62.84710 63.36910 63.33100 63.42370 70.37020 76.83070 74.01160 75.11420 74.36070 74.97570 74.55800 73.85940 73.82300 74.20320 72.91030 73.99990 73.66000 72.60740 75.17230 78.21700 78.48690 82.00460 83.27940 80.72960 76.85060 74.58950 67.54440 66.49600 71.98210 66.88190 73.30490 75.68360 67.53330 66.92200 72.78960 70.78330 67.34610 74.35400 75.02700 75.15680 76.25410
-9999 -9999 -9999 -9999 -9999 -9999 -9999 -9999 -9999 -9999 -9999 -9999 -9999 -9999 -9999 -9999 -9999 63.32220 65.46030 62.35350 62.31630 62.34660 63.91660 65.96040 66.55660 67.52690 74.15520 66.62290 68.79020 70.49200 69.99260 71.14580 68.53620 69.98460 78.60150 77.91210 76.30320 74.99770 75.07830 74.30490 72.57750 74.13620 73.04070 74.19760 72.37320 71.98760 75.89570 76.45680 73.11750 78.13580 79.47750 80.20460 77.01170 77.34010 77.75840 77.56860 66.31130 65.65710 65.57570 65.11920 68.79200 73.08160 68.66990 70.26780 63.52060 65.08780 67.57090 66.49460 73.40980 74.84260 72.63330
-9999 -9999 -9999 -9999 -9999 -9999 -9999 -9999 -9999 -9999 -9999 -9999 -9999 -9999 -9999 -9999 -9999 65.27750 63.54170 62.81760 66.12210 71.81850 67.86510 64.00740 62.00760 59.59880 61.92780 61.56490 65.49910 65.63830 75.71980 76.84950 75.73120 77.47080 79.54850 80.30530 79.69960 74.33710 72.89500 73.28320 72.41020 72.40920 72.97900 72.68170 73.55190 76.08870 72.98550 72.77180 71.32720 73.16070 79.28340 81.79130 81.81710 80.82270 80.22410 77.94530 68.65550 66.82770 66.51500 68.51890 65.70890 65.09610 65.09370 64.17180 64.71960 65.51950 66.29970 69.47340 80.17000 78.73480 75.46140
-9999 -9999 -9999 -9999 -9999 -9999 -9999 -9999 -9999 -9999 -9999 -9999 -9999 -9999 -9999 -9999 74.54510 72.71540 63.79990 69.10090 68.70220 65.16340 61.75540 57.72770 54.54870 56.14490 57.50780 58.79680 59.49920 61.14530 63.34030 64.79900 64.64080 75.44890 78.29240 78.55610 74.56940 75.90670 74.01200 72.10420 69.86360 72.05620 75.29390 72.70840 71.73770 73.38680 72.53810 72.26120 72.12670 69.78390 78.02760 80.15510 80.45710 80.64410 80.65940 78.02510 78.02150 70.16080 74.49790 68.08750 66.78750 67.15280 68.74690 71.20310 72.64250 86.00480 90.52040 88.71220 82.56310 77.48990 74.87250
-9999 -9999 -9999 -9999 -9999 -9999 -9999 -9999 -9999 -9999 -9999 -9999 -9999 62.74650 62.97000 68.54960 66.74350 68.77680 70.67880 64.34750 62.49950 57.69310 54.04930 55.38750 55.48520 54.62360 53.54200 54.86010 54.72200 54.78100 72.22270 71.24200 62.37660 61.77740 76.56590 80.62750 78.07140 73.74540 72.83590 71.23230 71.59470 73.20090 73.39110 71.55930 77.50730 82.31190 78.46760 81.15950 81.36970 76.70850 76.34260 75.41870 74.40420 74.05960 78.51280 76.29080 74.11090 72.87170 72.78640 72.56010 73.37340 78.78140 75.01910 83.40300 87.14960 81.46050 88.29950 82.84220 76.66010 76.40370 74.23600
-9999 -9999 -9999 -9999 -9999 -9999 -9999 -9999 -9999 -9999 -9999 -9999 62.62420 63.23660 72.71310 71.34850 69.79750 65.35520 61.76450 57.76330 57.55410 59.37620 57.92800 59.34320 55.30990 53.87560 53.49120 52.85890 71.86440 70.41610 75.67550 72.75220 73.38270 60.23400 74.03520 78.65920 71.86770 72.60780 71.95380 71.29230 70.16790 71.61310 74.86900 78.15390 84.02430 80.26850 75.35050 81.80470 84.92250 86.58310 72.89490 72.57550 70.50390 72.49990 72.06050 75.16390 78.36970 78.09170 77.71190 78.16300 74.43660 76.82290 77.31420 77.14280 79.42490 80.82950 81.00370 76.65620 77.04160 74.19770 65.38760
-9999 -9999 -9999 -9999 -9999 -9999 -9999 -9999 -9999 -9999 -9999 71.25470 67.82780 68.12570 65.21410 60.81160 58.94320 61.33780 61.71170 59.00730 59.70570 53.52170 52.83920 52.71800 53.41500 54.36180 69.79010 53.21910 69.73570 69.62540 74.77000 54.87440 57.38320 59.28860 65.78470 77.85600 72.56820 72.28510 70.33180 69.83170 69.78280 75.69510 79.04660 83.04020 85.16700 83.85080 85.02260 84.92690 84.66600 83.74150 79.65180 73.13630 73.73440 74.90520 73.42130 73.28620 77.21270 77.02710 75.97520 75.65270 77.95800 76.43460 76.02170 74.11340 80.13530 76.05790 76.04730 77.51620 74.24460 69.72770 62.96390
-9999 -9999 -9999 -9999 -9999 -9999 -9999 -9999 -9999 -9999 63.45630 64.31980 61.16650 61.82450 57.79920 56.13280 54.58900 54.78950 55.71110 54.68640 53.24140 51.18080 51.38400 51.25690 51.24780 53.20160 53.36860 69.02410 69.94570 53.72520 55.39280 54.44300 51.38290 73.98900 78.70260 73.29210 72.41240 71.39350 70.71100 69.67310 76.53060 79.85090 81.37070 85.21850 85.32410 82.24310 83.34070 85.71900 84.20950 84.43290 82.97610 74.67270 75.57440 74.65580 73.47320 73.30530 77.55120 79.57780 79.63620 81.87810 80.28620 75.60620 74.43590 76.01890 78.49670 77.22500 79.50780 75.16550 72.57830 66.64530 64.84840
-9999 -9999 -9999 -9999 -9999 -9999 -9999 -9999 -9999 58.68740 58.57270 56.40560 55.16130 57.28590 54.73030 53.32300 53.01000 52.60840 51.91310 51.27880 51.83220 52.01740 52.06490 50.96300 51.54600 54.51440 54.35270 55.43830 55.81710 54.19450 54.26840 57.59700 59.65240 62.47630 78.46630 73.50980 73.28120 72.00360 71.92330 70.27150 79.63200 80.23820 81.78930 87.15720 84.72170 93.04290 84.60810 83.06990 86.12420 85.56660 85.76080 78.09300 73.18730 75.93430 72.90160 79.50240 82.75460 83.53570 82.83610 83.26120 77.82380 76.02270 74.15320 79.49220 74.75420 74.81830 75.31300 72.95860 65.63360 63.83050 63.72400
-9999 -9999 -9999 -9999 -9999 -9999 -9999 -9999 -9999 -9999 53.45040 50.59330 49.99890 51.60750 49.70070 50.06030 50.23160 50.68980 50.90850 49.84650 50.37960 50.67970 50.93870 -9999 -9999 -9999 -9999 -9999 -9999 53.09740 55.29430 57.74580 62.89630 65.26610 68.24440 74.14280 74.74690 71.58280 69.93040 66.75970 76.47940 78.38420 70.90680 91.46450 86.86180 92.01840 92.61060 81.42940 83.36730 84.05140 79.82230 74.21860 73.64920 73.89660 79.08390 79.85940 80.44030 81.28320 85.08040 82.88080 80.65590 74.22520 74.98210 78.71140 75.48730 75.37680 75.18860 71.22670 68.28180 70.28640 66.45130
-9999 -9999 -9999 -9999 -9999 -9999 -9999 -9999 -9999 -9999 -9999 -9999 48.04440 46.96630 47.09590 46.16760 46.45420 47.55190 48.22530 -9999 -9999 -9999 -9999 -9999 -9999 -9999 -9999 -9999 -9999 -9999 -9999 -9999 -9999 63.22790 68.61660 73.38220 79.28270 71.43670 67.09600 58.67250 72.42430 78.38750 75.23940 75.84510 76.41980 86.98230 92.76010 83.19510 85.10070 84.71430 84.58730 77.12200 77.25300 76.83180 82.01310 81.97260 80.19720 75.28830 73.02110 78.80920 77.47120 73.61400 76.42610 76.40080 75.31030 75.33740 72.60370 64.31430 66.28260 71.38710 79.16170
-9999 -9999 -9999 -9999 -9999 -9999 -9999 -9999 -9999 -9999 -9999 -9999 -9999 -9999 -9999 -9999 -9999 -9999 -9999 -9999 -9999 -9999 -9999 -9999 -9999 -9999 -9999 -9999 -9999 -9999 -9999 -9999 -9999 -9999 76.27340 77.89150 76.79660 77.18640 63.51340 74.18610 74.02930 77.45960 78.51580 73.28710 91.60050 91.93280 89.62130 83.59520 82.79790 82.70030 80.48100 77.03060 82.12350 76.78880 76.63310 77.06310 76.21790 78.88680 76.36470 76.51200 74.79280 81.99570 77.60410 76.49070 75.57330 75.88880 75.70230 67.27360 69.75880 75.83500 80.79270
-9999 -9999 -9999 -9999 -9999 -9999 -9999 -9999 -9999 -9999 -9999 -9999 -9999 -9999 -9999 -9999 -9999 -9999 -9999 -9999 -9999 -9999 -9999 -9999 -9999 -9999 -9999 -9999 -9999 -9999 -9999 -9999 -9999 -9999 66.55880 76.07540 75.66870 63.41540 59.37400 76.57140 78.19590 86.24410 86.78010 80.49970 77.34350 81.86630 81.61490 83.39560 84.32060 83.89450 80.93690 83.97680 74.45370 74.44480 73.91130 73.61340 78.23260 75.69020 76.97680 80.46920 78.45490 80.33470 76.48400 74.99850 76.74720 67.93740 76.36430 69.86470 74.06980 79.32640 -9999
-9999 -9999 -9999 -9999 -9999 -9999 -9999 -9999 -9999 -9999 -9999 -9999 -9999 -9999 -9999 -9999 -9999 -9999 -9999 -9999 -9999 -9999 -9999 -9999 -9999 -9999 -9999 -9999 -9999 -9999 -9999 -9999 -9999 -9999 -9999 -9999 -9999 -9999 75.99730 76.73810 79.81030 77.81610 74.27790 77.31970 84.78260 81.60800 80.97380 83.50280 85.26070 83.80250 84.37340 80.43840 80.17700 74.04820 77.17970 73.44980 70.43840 72.92580 76.18510 75.46660 75.40310 77.29530 78.73060 75.38410 74.94060 68.73250 73.12710 78.32390 71.61210 -9999 -9999
