data/hydroclimate-scenarios/BCSD_hadcm_B1/monthly_summaries/soilm2_monthly_day1_feb.2070-2099.asc
ncols	311
nrows	91
xllcenter	102.75
yllcenter	31.75
cellsize	0.5
NODATA_value	-9999
[rows 31 to 61 of 91, columns 0 to 69 of 311]
-9999 -9999 -9999 -9999 -9999 -9999 -9999 -9999 -9999 -9999 -9999 94.51020 104.36000 105.75300 109.52000 112.18200 100.33200 101.81900 106.36300 104.48400 108.77100 115.69600 115.82300 112.42900 111.56500 109.24800 110.57500 109.52300 107.78600 109.26500 107.18600 103.43400 104.13000 103.45700 106.14000 104.77600 104.55100 108.83300 109.33900 107.31100 107.60500 107.10600 125.96100 127.14000 126.33600 125.10700 125.42500 117.64200 108.54500 106.90500 111.23700 112.42300 110.39500 108.88100 109.32900 125.15200 125.64800 123.43400 124.54700 121.71200 120.48100 124.33600 123.59500 120.97200 120.44300 124.29900 121.92100 124.85800 125.23000 127.23700
-9999 -9999 -9999 -9999 -9999 -9999 -9999 -9999 -9999 -9999 -9999 99.19640 100.48200 109.81100 104.55700 108.79600 107.13700 110.99700 108.88400 109.83500 115.40400 115.61100 115.90100 115.68700 127.10100 126.99000 126.38200 126.26400 126.48900 108.00200 107.11500 104.36700 106.35900 107.87300 107.85800 104.86300 106.73300 108.30100 117.20300 119.12700 116.78600 114.80500 118.33700 117.76000 116.17200 116.61500 115.28400 114.83600 114.54600 114.12800 112.72400 113.04500 111.86500 124.75400 125.63000 126.11300 125.56500 124.81700 123.21000 112.16800 113.72700 113.73100 121.62300 124.48100 125.92300 122.56700 125.14500 126.85700 126.55200 126.96700
-9999 -9999 -9999 -9999 -9999 -9999 -9999 -9999 -9999 -9999 -9999 104.98100 105.46200 104.00600 102.83100 107.91000 107.84100 114.53400 115.49300 118.02600 118.36000 117.85300 129.44501 128.54300 128.11700 112.32700 109.45100 112.47800 107.89300 122.77500 123.78900 105.72300 106.89900 103.68700 115.58800 107.99600 124.72200 118.18400 124.85300 125.89300 118.15300 126.69500 120.24800 121.47100 122.70100 120.29100 119.65600 119.25600 117.98200 115.03000 113.90900 113.28100 111.89900 121.95400 109.91800 116.65200 116.34800 113.94200 116.49300 118.54400 117.21100 126.74900 126.06100 112.45600 126.98800 125.36700 126.20900 127.30900 127.08400 127.07800
-9999 -9999 -9999 -9999 -9999 -9999 -9999 -9999 -9999 -9999 -9999 -9999 108.58100 109.29400 108.53600 109.34800 110.29100 117.31800 117.79400 120.67400 130.24500 113.26400 111.30000 113.98800 110.29800 106.84800 106.29700 106.01200 101.34800 101.71600 124.59400 125.58800 125.98300 126.75500 126.02800 125.86700 126.55800 120.08300 125.30700 123.40700 124.05400 126.06300 126.65000 119.77400 121.55800 122.79000 121.44900 120.86900 119.38700 118.21100 114.95100 115.32500 114.80500 111.55000 108.51400 108.40000 108.61300 120.66500 125.98300 125.53600 125.37100 120.10000 120.83300 126.21200 125.87700 128.13901 128.01401 127.40600 127.58600 128.75500
-9999 -9999 -9999 -9999 -9999 -9999 -9999 -9999 -9999 -9999 -9999 -9999 109.71800 108.49000 112.01700 110.61100 112.28300 129.13499 129.48100 117.15800 119.27200 116.46000 113.12100 109.16700 107.24500 102.72600 99.76380 106.40800 101.00400 103.21900 105.44000 125.07000 126.24300 124.39700 126.87200 107.51400 103.57200 108.53400 110.66200 107.37300 125.58300 115.38700 115.24100 125.50400 121.77300 122.27300 123.07200 119.96400 114.63300 116.09500 112.75300 106.77600 103.41700 111.63700 110.19200 120.32300 126.67500 120.58400 104.64500 126.10200 124.29600 104.33400 104.16800 121.07900 127.99600 127.85000 128.57800 127.01300 127.76800 129.35300
-9999 -9999 -9999 -9999 -9999 -9999 -9999 -9999 -9999 -9999 -9999 -9999 109.28000 109.75500 128.66701 127.72800 128.56799 113.18800 114.38900 116.83200 118.22000 117.47200 114.35000 107.74700 107.43000 106.12600 105.90500 104.70100 106.75000 103.84100 101.96200 123.72000 107.38800 107.59600 105.78600 101.76700 104.81200 108.58100 107.60000 112.63700 116.87700 118.23500 118.30200 123.32600 126.22300 119.49800 125.13400 124.12800 122.97200 117.78900 113.34400 115.01400 108.09100 106.85600 106.36400 105.35800 103.28200 109.61700 110.91800 125.78800 107.23300 110.55000 110.11300 111.23600 125.92800 127.66700 128.92500 128.96300 129.63300 129.77901
-9999 -9999 -9999 102.34800 105.51600 101.82800 99.82170 100.97400 101.28700 -9999 107.70500 127.74600 127.52600 107.24300 109.66100 109.17700 110.79200 111.77600 114.49100 115.62100 118.96700 116.95000 112.81800 111.68000 107.53400 110.34300 109.10200 107.87600 104.60800 102.94900 103.14700 103.04300 96.38000 99.49800 98.45950 76.57760 98.70740 104.92500 112.31700 113.53800 116.30500 118.82600 121.49300 122.15900 121.83600 120.50900 125.62700 115.64600 119.70500 120.14800 112.97200 109.73400 109.58800 114.66200 112.18900 114.75900 115.39000 108.51100 108.92300 104.89900 125.01500 111.92500 109.38700 118.79400 116.20500 118.81200 121.11000 124.15500 127.12800 127.29100
-9999 -9999 -9999 105.12600 104.68300 106.06500 103.47400 106.62500 103.66300 123.71300 126.99300 125.72400 108.98300 100.41900 103.99200 106.14100 106.98500 111.27600 113.75500 113.07000 112.54800 112.86800 113.81400 115.93400 111.36500 110.96500 109.67200 105.33900 105.04000 103.05500 80.18640 100.22000 100.72700 99.06160 97.51140 98.85260 97.90020 107.06300 106.40400 113.03900 114.25000 116.09900 123.38900 122.61600 118.72200 120.63900 126.99100 121.92300 116.49000 111.72700 112.92400 120.32300 121.21800 120.65100 115.67400 114.59700 110.12800 110.51900 112.78400 109.06200 111.48400 117.51500 117.17400 114.71800 121.31000 120.42400 122.23800 125.58000 128.52299 125.42900
-9999 -9999 -9999 101.59400 106.24900 102.91800 126.60100 126.78500 126.76900 126.77500 127.19200 126.57600 104.25600 96.66860 95.53020 95.39190 108.15300 106.71200 106.72400 105.30600 108.11100 108.36700 88.44130 104.92600 107.99900 109.43600 111.60800 110.26600 104.30700 106.09200 111.43900 112.29500 104.31700 100.39500 100.92200 100.30800 101.43700 103.18100 102.99100 105.33500 108.79100 113.42000 122.64000 125.86700 124.57200 123.87500 125.48200 112.83600 112.82800 125.96900 126.60100 122.66200 122.11800 120.34300 116.98600 113.69300 110.51600 113.84000 115.20600 115.15800 111.18400 112.03900 121.18100 122.27300 123.54300 125.82200 126.45800 125.78100 116.26700 123.94800
-9999 -9999 -9999 109.42500 107.32400 110.29800 126.47400 127.80500 124.88500 123.60000 125.41700 101.53700 93.49370 97.65100 95.69540 97.15590 102.41300 115.47900 116.06000 106.55300 105.66800 102.51200 111.08600 120.07500 112.33300 108.52900 107.18300 104.43300 112.03400 112.52800 109.92100 101.66400 104.29600 110.41000 112.49900 109.40500 104.69700 103.31100 108.22800 109.22100 110.15400 114.37200 117.34200 120.78700 122.97100 128.46001 128.49001 123.09900 126.63900 124.55800 125.58700 124.31900 121.90900 115.12200 118.90900 111.74800 109.24800 108.61400 111.12100 109.53300 106.18000 116.98500 118.70000 124.08600 121.50300 118.12000 126.92800 130.03700 130.87000 131.04601
-9999 -9999 -9999 104.23200 106.00800 109.67400 126.93100 126.93200 125.92100 125.27400 125.81000 122.80300 94.35710 97.89440 111.23300 111.49500 106.29400 105.67000 105.61400 106.31500 106.78400 109.48100 123.29000 108.89300 105.16900 107.02200 109.05200 105.40600 106.44700 111.29400 108.74400 107.08700 108.59800 105.78700 105.31200 105.43200 106.69000 106.04500 107.72600 112.55500 117.38500 121.25200 123.01300 123.94800 125.55800 126.90800 127.21000 124.23600 118.62500 125.80700 122.93900 117.28600 112.93800 115.32000 114.01700 113.58800 111.46600 109.21800 113.54600 122.66500 121.91300 122.68500 127.10800 121.31100 117.67100 116.43900 123.53100 123.22800 131.19800 132.28600
-9999 -9999 -9999 -9999 126.80400 127.16500 127.52700 128.09801 125.73700 125.18800 127.86500 107.74100 101.47400 100.75200 -9999 -9999 -9999 -9999 -9999 114.45800 122.43300 117.92200 119.94800 115.21200 109.59800 106.00500 104.81000 105.46200 109.70600 106.42300 104.83000 103.68400 104.53100 101.33400 101.69000 98.37480 102.36600 100.71100 106.64700 107.67700 106.89800 114.66400 120.33300 124.43400 125.45100 126.45900 126.86800 127.26600 126.96200 126.64200 125.57200 126.88700 124.77700 125.81200 124.92000 124.42500 124.08400 125.01400 114.74000 116.30600 124.57800 127.07600 125.03300 129.26100 129.83099 125.97500 129.89799 131.19200 137.64400 -9999
-9999 -9999 114.61600 127.83500 128.70500 127.43000 127.42200 128.10699 126.34200 126.81200 128.25999 107.11100 104.03700 -9999 -9999 -9999 -9999 -9999 124.35600 118.90000 121.02700 109.74800 107.80200 112.64900 117.35900 116.66400 110.80900 109.06100 110.10300 109.10100 103.31300 102.29900 102.93800 106.39600 107.11300 104.79500 103.19600 99.96770 103.56100 101.74900 106.27300 113.93300 118.05700 118.33200 118.26100 121.63700 124.09100 122.81800 121.01800 122.33900 122.13800 124.91800 128.61000 127.26900 124.56400 120.03200 120.16700 117.73600 116.55600 117.07100 118.78900 120.39200 124.52300 128.00600 128.54201 127.39500 128.29300 -9999 -9999 -9999
-9999 -9999 130.14700 129.69099 128.13499 127.11000 127.30100 128.45100 126.44000 128.05901 114.24800 113.03100 103.59400 -9999 -9999 -9999 -9999 106.16200 115.47400 106.84600 106.47300 105.16700 107.50100 115.20600 113.66200 105.39900 103.99200 102.05300 106.99900 108.86000 103.22300 104.13800 103.30800 106.35500 107.62200 103.13500 101.23600 99.25130 104.45900 112.39000 117.07600 118.19500 119.78800 121.68500 116.66200 111.21900 113.66700 112.55000 114.50400 117.62700 123.55400 126.68900 128.06799 124.57300 124.42600 116.52600 119.13300 119.82300 124.17500 125.44600 126.11300 127.71000 129.23000 129.11900 126.91100 -9999 -9999 -9999 -9999 -9999
-9999 -9999 132.92999 131.20900 130.04800 129.08701 128.40199 127.38500 127.04500 127.93400 110.03900 104.24700 87.89800 -9999 -9999 -9999 -9999 112.93300 108.75100 107.89800 105.69400 109.15700 112.46000 109.69700 111.07700 108.41000 103.88700 105.51500 106.71500 104.66200 104.67100 101.89300 103.82600 106.18900 106.71100 108.08900 110.75800 113.02700 112.86600 110.00100 117.78900 113.94100 116.29500 125.80700 123.05000 115.07500 113.66800 109.32700 106.45400 107.00400 111.85900 112.47900 117.58800 114.28200 120.26300 118.32500 119.42300 123.01900 127.73100 129.00900 128.48399 127.49400 130.06599 116.58900 115.99600 128.93201 130.20300 129.96100 130.35201 -9999
-9999 -9999 -9999 133.09900 129.86301 129.86301 126.05000 124.30400 112.45400 113.45600 100.56500 88.14150 -9999 -9999 -9999 -9999 106.94500 109.11100 106.04400 103.94200 107.87500 105.96200 106.77800 107.06900 107.15700 104.70600 106.39000 105.36600 108.11600 111.12000 107.66100 108.07600 107.58700 105.44500 102.85600 102.54700 103.45800 106.97800 107.28600 105.64200 112.46900 114.23500 133.92500 130.67700 129.49100 130.69501 125.62800 123.45000 120.06100 112.93900 122.73800 128.87000 127.23700 128.59900 129.53799 129.35800 131.14301 126.58800 130.36600 131.29900 131.15401 131.38200 131.92101 123.50900 113.07600 125.66400 134.00600 134.80400 130.30499 131.16600
-9999 -9999 -9999 -9999 131.96300 129.46500 124.61800 113.01500 115.37000 98.19690 92.42200 -9999 -9999 -9999 -9999 112.01800 105.89500 102.25200 127.21400 101.87700 98.97850 99.01730 101.65900 104.95000 106.03700 102.64800 99.51300 102.73300 101.41400 104.40700 104.52100 101.99600 100.65700 101.19700 105.51800 111.43300 113.89300 113.54900 111.44700 106.12800 107.18800 113.41100 118.01800 119.27900 122.37300 133.09599 137.11600 132.91800 129.57899 123.36900 119.69000 126.73900 129.54300 129.14799 131.33000 129.24100 128.99001 129.89799 132.73599 131.07899 131.51300 125.33100 121.31800 117.84600 116.10900 131.22501 130.31400 130.34300 130.54300 131.58600
-9999 -9999 -9999 -9999 -9999 -9999 118.29600 130.89999 85.56490 103.83200 99.48040 -9999 -9999 -9999 -9999 -9999 100.42600 98.05410 97.47400 96.25190 96.49190 89.71100 95.88240 102.65500 99.47760 96.65670 103.66900 145.15401 145.14999 136.30800 104.01600 100.94700 102.47700 104.34400 104.63800 102.52900 112.38500 113.23800 109.16900 111.32900 111.26600 118.76300 120.45600 115.33600 131.45300 130.72200 130.47701 134.94400 134.34000 129.87199 136.56700 134.55400 127.32700 134.58099 130.68700 129.89400 127.92900 127.84600 127.90500 112.86500 110.97800 114.56800 119.21600 113.37100 111.49300 118.48800 129.71500 130.57899 128.43201 127.19600
-9999 -9999 -9999 -9999 -9999 -9999 -9999 -9999 -9999 -9999 -9999 -9999 -9999 -9999 -9999 -9999 -9999 -9999 -9999 94.02950 95.24050 85.63910 94.08630 96.11410 100.43500 100.52200 119.59100 116.78300 115.21800 94.38930 103.18200 102.52900 106.95600 109.28200 105.91200 106.80400 111.06900 116.42400 115.07800 117.45000 120.42200 123.85700 123.21200 122.48300 122.27800 120.93100 115.51200 131.75700 132.47301 139.46500 143.34200 135.26401 135.50301 135.81900 129.97800 126.53300 109.19300 112.25800 108.86900 108.56300 119.48500 126.07900 109.29700 108.65400 106.68700 120.32200 127.06300 127.42700 127.86900 133.01100
-9999 -9999 -9999 -9999 -9999 -9999 -9999 -9999 -9999 -9999 -9999 -9999 -9999 -9999 -9999 -9999 -9999 -9999 98.09060 96.68190 93.45460 91.44780 93.88330 93.61790 91.93520 90.23070 117.74700 119.08000 93.52770 94.18370 97.09550 100.09800 101.18700 102.55300 106.35500 129.17400 115.11600 115.95400 116.70500 119.45000 121.18400 123.34100 123.81300 125.18600 124.68700 130.74001 120.70600 473.48901 620.26099 655.09698 665.19501 136.70599 137.96600 141.58900 138.73399 132.69800 113.11500 110.89900 122.39900 112.88500 127.59900 132.00900 114.08700 113.03000 127.35000 120.59400 113.82200 127.47400 132.13699 130.21300
-9999 -9999 -9999 -9999 -9999 -9999 -9999 -9999 -9999 -9999 -9999 -9999 -9999 -9999 -9999 -9999 -9999 100.15100 101.46400 93.73680 94.77710 93.08310 89.52270 88.33310 84.62580 86.81150 122.46400 114.27500 119.68300 121.34200 123.04500 121.98100 104.76600 119.44700 127.02900 132.92500 131.79401 117.69800 117.13800 120.17300 119.60100 129.74899 123.25100 130.05901 119.33200 115.81400 131.24800 632.97998 625.60498 642.56598 649.19299 142.16299 139.47000 145.99699 141.90601 147.56799 112.67900 109.18100 109.32900 109.13200 116.61500 126.19900 116.76600 119.65500 106.08100 109.40100 114.05900 111.08900 133.73199 136.94800
-9999 -9999 -9999 -9999 -9999 -9999 -9999 -9999 -9999 -9999 -9999 -9999 -9999 -9999 -9999 -9999 -9999 102.98200 99.19280 99.64870 99.41490 120.57100 115.38600 79.21210 78.71190 83.82060 82.63240 83.00260 81.28520 115.60100 122.71100 122.53100 123.43600 120.46700 127.17200 132.60899 135.82401 108.09400 112.67600 116.00200 114.05100 112.15400 127.06500 110.15200 127.71400 130.06100 127.14700 480.14401 482.96399 631.33899 656.51898 139.95700 140.53799 139.93201 136.25200 149.09599 123.85500 115.87700 111.12300 115.77300 110.34800 109.44000 109.45400 107.67300 108.56500 110.92500 112.98400 122.06900 137.31400 149.93700
-9999 -9999 -9999 -9999 -9999 -9999 -9999 -9999 -9999 -9999 -9999 -9999 -9999 -9999 -9999 -9999 107.77400 107.58000 101.06200 100.02300 116.14000 81.32230 80.00260 78.76490 76.58110 79.08830 80.03850 81.28690 79.94960 80.71810 81.56390 78.22410 111.27200 118.44200 121.73300 126.44100 123.65600 127.12600 108.84800 107.84800 103.02400 110.01900 129.26199 124.60700 105.69200 125.42900 125.96500 494.67700 486.76700 626.30902 654.17499 140.04401 141.54800 139.30000 135.59200 148.80499 149.23100 127.66400 129.61800 114.65000 112.73300 115.72500 118.64500 129.73900 133.97400 136.51700 132.78900 134.25400 135.44501 145.77499
-9999 -9999 -9999 -9999 -9999 -9999 -9999 -9999 -9999 -9999 -9999 -9999 -9999 98.95720 98.55810 100.05800 99.15990 103.94800 120.58100 113.83200 81.12000 82.17940 79.34490 80.39410 80.42230 77.40830 76.79030 369.59601 368.68301 366.90601 552.42297 559.78101 368.24200 365.87299 560.57001 567.78998 580.35303 576.42902 438.95700 443.79401 440.68600 598.49902 589.70502 421.60400 602.74701 609.59399 622.64001 633.12598 646.19702 647.79602 654.94299 663.91901 663.73102 667.22601 679.58099 685.13000 687.80298 673.32098 627.98297 632.92102 661.64600 717.64801 737.14502 743.41400 723.25098 724.35400 713.08502 134.95200 133.34200 144.04601
-9999 -9999 -9999 -9999 -9999 -9999 -9999 -9999 -9999 -9999 -9999 -9999 93.82880 96.66590 121.98600 120.30400 119.27300 86.34930 83.11370 77.86430 78.32970 77.67390 76.05670 79.11170 77.47080 74.23580 73.89610 364.84500 544.67200 548.20001 539.96503 546.30402 552.71899 540.63300 559.08502 563.95599 386.38000 399.57800 430.86099 432.47400 425.16699 419.93201 589.86499 594.15100 600.46899 609.18402 623.08698 629.18103 646.03497 653.66998 655.15100 533.08099 664.67700 550.78601 654.38898 659.42499 683.09100 670.67603 659.75098 707.76300 712.63702 722.21899 730.51300 730.08197 729.08002 744.78198 745.06403 133.12000 136.54300 131.80400
-9999 -9999 -9999 -9999 -9999 -9999 -9999 -9999 -9999 -9999 -9999 121.11500 92.65960 117.04300 85.61920 81.23310 79.63040 80.34170 80.78560 78.24890 77.93740 75.16730 74.64190 74.34910 74.28110 73.76630 114.52000 537.11798 544.01300 547.39801 541.23798 363.95901 367.41299 371.30600 365.78799 563.84900 401.21201 415.43399 420.23300 417.96600 410.61899 587.63098 580.26300 586.58600 594.53998 601.83099 613.92297 621.97198 632.92102 646.36200 670.01501 573.35498 562.86798 665.62402 592.67297 579.35699 672.48102 612.79700 624.48999 680.45898 708.50403 695.76001 698.61499 698.22498 718.03101 723.82800 717.04602 138.53799 131.92799 119.58500
-9999 -9999 -9999 -9999 -9999 -9999 -9999 -9999 -9999 -9999 85.53950 86.24110 80.62530 81.45400 78.58510 76.97960 75.91160 76.01220 76.55410 75.05600 73.80730 73.34660 73.06560 72.85820 72.49030 72.42980 72.47870 546.24701 541.66602 351.47000 351.85901 364.80099 366.23199 558.39301 560.76703 559.48199 408.01901 413.32999 431.88400 412.99799 583.21997 572.42297 569.33899 579.90002 586.50702 600.55902 605.75000 618.34802 629.52600 648.01398 662.80603 582.11798 668.23499 587.65601 583.98102 575.11401 674.28003 692.48499 675.21997 682.69202 684.63397 686.44800 693.34100 695.37000 706.73297 710.50403 761.44800 138.32401 126.38500 112.54500
-9999 -9999 -9999 -9999 -9999 -9999 -9999 -9999 -9999 151.93700 150.55901 151.67500 152.43401 153.24600 151.32100 146.88100 146.59900 145.62900 144.15800 145.31000 145.21400 145.52000 145.89999 145.35899 144.82700 144.90500 145.48599 146.25000 145.40300 143.55701 143.64301 354.44800 367.71600 376.86301 570.32202 578.39697 438.27100 430.73599 419.84100 577.11902 566.87500 560.69702 566.93402 736.27301 581.65302 757.79700 603.92499 619.74402 639.71698 649.41199 670.25702 671.17999 582.23700 683.31897 633.84198 674.43500 671.76202 665.30902 665.28101 678.37598 678.54602 696.13898 689.43201 700.45599 688.36798 691.86603 708.88000 260.50201 225.23399 218.07800
-9999 -9999 -9999 -9999 -9999 -9999 -9999 -9999 -9999 -9999 146.85100 146.33099 146.51500 146.80701 144.67799 142.97200 143.34000 142.68500 142.25500 144.54500 144.71300 143.73801 144.17799 -9999 -9999 -9999 -9999 -9999 -9999 148.55600 150.23900 364.27301 366.75500 375.59399 380.60501 578.79602 592.07703 414.73099 405.01300 563.53101 563.25500 564.12000 574.68597 743.57098 737.44800 750.29797 758.09302 610.63501 638.66803 648.03003 654.35999 534.34900 570.84497 611.37201 694.33002 660.97998 656.08801 660.55402 661.26099 666.47601 684.44098 672.72302 613.23401 689.40198 708.99799 707.48199 686.35498 244.42300 233.44000 240.78400
-9999 -9999 -9999 -9999 -9999 -9999 -9999 -9999 -9999 -9999 -9999 -9999 143.50900 143.42300 143.21500 140.67000 141.13800 140.74300 140.95200 -9999 -9999 -9999 -9999 -9999 -9999 -9999 -9999 -9999 -9999 -9999 -9999 -9999 -9999 375.43100 553.09198 567.91302 583.82703 567.53998 387.05099 383.73499 564.79199 565.36401 570.53101 579.98901 588.55603 743.28101 759.68298 603.76898 623.51001 630.18500 644.40198 668.53699 675.96899 670.81403 673.67297 650.75897 656.74597 635.59399 492.66299 659.58698 679.79102 669.30603 683.03198 687.59003 695.65198 693.67297 629.74597 218.35600 225.50900 242.55901
-9999 -9999 -9999 -9999 -9999 -9999 -9999 -9999 -9999 -9999 -9999 -9999 -9999 -9999 -9999 -9999 -9999 -9999 -9999 -9999 -9999 -9999 -9999 -9999 -9999 -9999 -9999 -9999 -9999 -9999 -9999 -9999 -9999 -9999 563.84302 563.15503 561.00800 563.15198 372.49301 558.07703 556.90100 564.47601 722.80402 583.35303 749.91803 749.84601 627.24200 594.11102 616.37598 620.42700 632.36298 658.68103 670.50403 661.72302 658.45001 644.49500 630.30701 659.98602 639.44501 649.18903 664.71002 680.26202 673.13898 688.51501 688.52002 662.26001 665.39001 228.36900 237.70700 259.07300
