data/hydroclimate-scenarios/BCSD_hadcm_B1/monthly_summaries/soilm1_monthly_day1_feb.2070-2099.asc
ncols	311
nrows	91
xllcenter	102.75
yllcenter	31.75
cellsize	0.5
NODATA_value	-9999
[rows 0 to 31 of 91, columns 213 to 283 of 311]
-9999 -9999 -9999 -9999 -9999 -9999 -9999 -9999 -9999 -9999 -9999 -9999 -9999 -9999 -9999 -9999 -9999 -9999 -9999 -9999 -9999 -9999 -9999 -9999 -9999 -9999 -9999 -9999 -9999 -9999 -9999 -9999 -9999 -9999 -9999 -9999 -9999 -9999 -9999 -9999 -9999 -9999 -9999 -9999 -9999 -9999 -9999 -9999 -9999 -9999 -9999 -9999 -9999 -9999 -9999 -9999 -9999 -9999 -9999 -9999 -9999 -9999 -9999 -9999 -9999 -9999 -9999 -9999 -9999 -9999 -9999
-9999 -9999 -9999 -9999 -9999 -9999 -9999 -9999 -9999 -9999 -9999 -9999 -9999 -9999 -9999 -9999 -9999 -9999 -9999 -9999 -9999 -9999 -9999 -9999 -9999 -9999 -9999 -9999 -9999 -9999 -9999 -9999 -9999 -9999 -9999 -9999 -9999 -9999 -9999 -9999 -9999 -9999 -9999 -9999 -9999 -9999 -9999 -9999 -9999 -9999 -9999 -9999 -9999 -9999 -9999 -9999 -9999 -9999 -9999 -9999 -9999 -9999 -9999 -9999 -9999 -9999 -9999 -9999 -9999 -9999 -9999
-9999 -9999 -9999 -9999 -9999 -9999 -9999 -9999 -9999 -9999 -9999 -9999 -9999 -9999 -9999 -9999 -9999 -9999 -9999 -9999 -9999 -9999 -9999 -9999 -9999 -9999 -9999 -9999 -9999 -9999 -9999 -9999 -9999 -9999 -9999 -9999 -9999 -9999 -9999 -9999 -9999 -9999 -9999 -9999 -9999 -9999 -9999 -9999 -9999 -9999 -9999 -9999 -9999 -9999 -9999 -9999 -9999 -9999 -9999 -9999 -9999 -9999 -9999 -9999 -9999 -9999 -9999 -9999 -9999 -9999 -9999
-9999 -9999 -9999 -9999 -9999 -9999 -9999 -9999 -9999 -9999 -9999 -9999 -9999 -9999 -9999 -9999 -9999 -9999 -9999 -9999 -9999 -9999 -9999 -9999 -9999 -9999 -9999 -9999 -9999 -9999 -9999 -9999 -9999 -9999 -9999 -9999 -9999 -9999 -9999 -9999 -9999 -9999 -9999 -9999 -9999 -9999 -9999 -9999 -9999 -9999 -9999 -9999 -9999 -9999 -9999 -9999 -9999 -9999 -9999 -9999 -9999 -9999 -9999 -9999 -9999 -9999 -9999 -9999 -9999 -9999 -9999
-9999 -9999 -9999 -9999 -9999 -9999 -9999 -9999 -9999 -9999 -9999 -9999 -9999 -9999 -9999 -9999 -9999 -9999 -9999 -9999 -9999 -9999 -9999 -9999 -9999 -9999 -9999 -9999 -9999 -9999 -9999 -9999 -9999 -9999 -9999 -9999 -9999 -9999 -9999 -9999 -9999 -9999 -9999 -9999 -9999 -9999 -9999 -9999 -9999 -9999 -9999 -9999 -9999 -9999 -9999 -9999 -9999 -9999 -9999 -9999 -9999 -9999 -9999 -9999 -9999 -9999 -9999 -9999 -9999 -9999 -9999
-9999 -9999 -9999 -9999 -9999 -9999 -9999 -9999 -9999 -9999 -9999 -9999 -9999 -9999 -9999 -9999 -9999 -9999 -9999 -9999 -9999 -9999 -9999 -9999 -9999 -9999 -9999 -9999 -9999 -9999 -9999 -9999 -9999 -9999 -9999 -9999 -9999 -9999 -9999 -9999 -9999 -9999 -9999 -9999 -9999 -9999 -9999 -9999 -9999 -9999 -9999 -9999 -9999 -9999 -9999 -9999 -9999 -9999 -9999 -9999 -9999 -9999 -9999 -9999 -9999 -9999 -9999 -9999 -9999 -9999 -9999
-9999 -9999 -9999 -9999 -9999 -9999 -9999 -9999 -9999 -9999 -9999 -9999 -9999 -9999 -9999 -9999 -9999 -9999 -9999 -9999 -9999 -9999 -9999 -9999 -9999 -9999 -9999 -9999 -9999 -9999 -9999 -9999 -9999 -9999 -9999 -9999 -9999 -9999 -9999 -9999 -9999 -9999 -9999 -9999 -9999 -9999 -9999 -9999 -9999 -9999 -9999 -9999 -9999 -9999 -9999 -9999 -9999 -9999 -9999 -9999 -9999 -9999 -9999 -9999 -9999 -9999 -9999 -9999 -9999 -9999 -9999
-9999 -9999 -9999 -9999 -9999 -9999 -9999 -9999 -9999 -9999 -9999 -9999 -9999 -9999 -9999 -9999 -9999 -9999 -9999 -9999 -9999 -9999 -9999 -9999 -9999 -9999 -9999 -9999 -9999 -9999 -9999 -9999 -9999 -9999 -9999 -9999 -9999 -9999 -9999 -9999 -9999 -9999 -9999 -9999 -9999 -9999 -9999 -9999 -9999 -9999 -9999 -9999 -9999 -9999 -9999 -9999 -9999 -9999 -9999 -9999 -9999 -9999 -9999 -9999 -9999 -9999 -9999 -9999 -9999 -9999 -9999
-9999 -9999 -9999 -9999 -9999 -9999 -9999 -9999 -9999 -9999 -9999 -9999 -9999 -9999 -9999 -9999 -9999 -9999 -9999 -9999 -9999 -9999 -9999 -9999 -9999 -9999 -9999 -9999 -9999 -9999 -9999 -9999 -9999 -9999 -9999 -9999 -9999 -9999 -9999 -9999 -9999 -9999 -9999 -9999 -9999 -9999 -9999 -9999 -9999 -9999 -9999 -9999 -9999 -9999 -9999 -9999 -9999 -9999 -9999 -9999 -9999 -9999 -9999 -9999 -9999 -9999 -9999 -9999 -9999 -9999 -9999
-9999 -9999 -9999 -9999 -9999 -9999 -9999 -9999 -9999 -9999 -9999 -9999 -9999 -9999 -9999 -9999 -9999 -9999 -9999 -9999 -9999 -9999 -9999 -9999 -9999 -9999 -9999 -9999 -9999 -9999 -9999 -9999 -9999 -9999 -9999 -9999 -9999 -9999 -9999 -9999 -9999 -9999 -9999 -9999 -9999 -9999 -9999 -9999 -9999 -9999 -9999 -9999 -9999 -9999 -9999 -9999 -9999 -9999 -9999 -9999 -9999 -9999 -9999 -9999 -9999 -9999 -9999 -9999 -9999 -9999 -9999
-9999 -9999 -9999 -9999 -9999 -9999 -9999 -9999 -9999 -9999 -9999 -9999 -9999 -9999 -9999 -9999 -9999 -9999 -9999 -9999 -9999 -9999 -9999 -9999 -9999 -9999 -9999 -9999 -9999 -9999 -9999 -9999 -9999 -9999 -9999 -9999 -9999 -9999 -9999 -9999 -9999 -9999 -9999 -9999 -9999 -9999 -9999 -9999 -9999 -9999 -9999 -9999 -9999 -9999 -9999 -9999 -9999 -9999 -9999 -9999 -9999 -9999 -9999 -9999 -9999 -9999 -9999 -9999 -9999 -9999 -9999
-9999 -9999 -9999 -9999 -9999 -9999 -9999 -9999 -9999 -9999 -9999 -9999 -9999 -9999 -9999 -9999 -9999 -9999 -9999 -9999 -9999 -9999 -9999 -9999 -9999 -9999 -9999 -9999 -9999 -9999 -9999 -9999 -9999 -9999 -9999 -9999 -9999 -9999 -9999 -9999 -9999 -9999 -9999 -9999 -9999 -9999 -9999 -9999 -9999 -9999 -9999 -9999 -9999 -9999 -9999 -9999 -9999 -9999 -9999 -9999 -9999 -9999 -9999 -9999 -9999 -9999 -9999 -9999 -9999 -9999 -9999
-9999 -9999 -9999 -9999 -9999 -9999 -9999 -9999 -9999 -9999 -9999 -9999 -9999 -9999 -9999 -9999 -9999 -9999 -9999 -9999 -9999 -9999 -9999 -9999 -9999 -9999 -9999 -9999 -9999 -9999 -9999 -9999 -9999 -9999 -9999 -9999 -9999 -9999 -9999 -9999 -9999 -9999 -9999 -9999 -9999 -9999 -9999 -9999 -9999 -9999 -9999 -9999 -9999 -9999 -9999 -9999 -9999 -9999 -9999 -9999 -9999 -9999 -9999 -9999 -9999 -9999 -9999 -9999 -9999 -9999 -9999
64.33580 64.33570 63.67270 63.54880 63.86600 63.45510 -9999 -9999 -9999 -9999 -9999 -9999 -9999 -9999 -9999 -9999 -9999 -9999 -9999 -9999 -9999 -9999 -9999 -9999 -9999 -9999 -9999 -9999 -9999 -9999 -9999 -9999 -9999 -9999 -9999 -9999 -9999 -9999 -9999 -9999 -9999 -9999 -9999 -9999 -9999 -9999 -9999 59.83760 -9999 -9999 -9999 -9999 -9999 -9999 -9999 -9999 -9999 -9999 -9999 -9999 -9999 -9999 -9999 -9999 -9999 -9999 -9999 -9999 -9999 -9999 -9999
62.89420 64.41900 65.53670 65.56210 65.05650 64.97670 58.34150 58.39180 60.53790 60.78830 55.77360 57.76610 57.20250 57.73650 56.45630 55.78620 54.50300 52.82330 66.82350 -9999 -9999 -9999 -9999 -9999 -9999 -9999 -9999 -9999 -9999 -9999 -9999 -9999 -9999 -9999 -9999 -9999 -9999 -9999 -9999 -9999 -9999 -9999 56.25780 51.54290 51.54300 50.18730 52.68740 54.66800 58.78100 -9999 -9999 -9999 62.06580 -9999 -9999 -9999 62.64500 62.78860 61.94970 -9999 -9999 -9999 -9999 -9999 -9999 -9999 -9999 -9999 -9999 -9999 -9999
61.83600 62.17320 56.51810 57.21200 56.36580 56.74480 51.11510 45.41390 51.30480 52.32300 52.31250 57.31680 57.02480 59.31090 60.48280 59.94940 58.20060 57.45550 52.37840 50.59360 50.78640 55.31520 59.92030 62.05560 60.11970 -9999 -9999 -9999 -9999 -9999 69.36240 68.70720 68.75800 64.76740 62.13170 61.32960 56.94220 56.76860 56.68700 56.96630 56.51640 57.09080 48.79120 49.65660 50.23240 51.81050 53.55940 55.08560 60.50800 61.22070 61.32420 61.67390 62.28750 62.54930 62.40900 62.38910 62.65180 62.40330 61.59220 61.68470 62.42830 62.56020 62.44780 62.68880 -9999 -9999 -9999 -9999 -9999 -9999 -9999
60.65920 62.68910 63.86350 64.99940 63.77440 64.06530 59.82250 61.62530 64.26060 65.53890 66.37540 66.42980 66.24690 67.93640 66.38110 67.09040 64.63170 63.88150 61.34560 61.31380 61.69410 59.65020 52.50140 64.06590 62.36140 63.41020 65.82800 61.23220 61.61930 61.10100 59.39650 69.89140 69.85530 70.04300 60.09700 58.96420 59.84580 58.96140 59.38760 59.61770 57.65610 57.95810 57.75440 57.30450 57.54810 58.10290 58.43280 59.15910 61.26070 61.93080 62.06530 62.22250 62.01170 62.07260 62.80560 62.84560 62.75070 63.01590 62.24710 62.17880 62.90970 62.89440 62.42560 62.00760 62.32320 62.38430 62.88450 62.78320 62.71710 62.71500 62.31880
67.40850 66.93930 67.83910 64.49080 65.82420 66.60600 68.09780 67.85960 68.27020 66.14190 62.25790 61.52170 64.09850 62.32760 59.69450 57.94720 61.22460 64.54490 70.00530 70.11880 69.94680 69.69580 71.37010 59.91790 52.03170 50.99790 57.31610 57.13630 57.90590 56.81070 51.83050 65.32360 70.81880 69.01630 61.02910 60.57060 61.08360 60.57200 60.51750 60.41130 59.43690 59.96330 60.11690 60.33430 59.59950 59.51480 58.97340 59.78250 61.77520 62.33750 62.21950 62.57820 62.17740 62.32370 62.92980 62.98620 63.05540 63.11320 62.47400 62.39900 63.10270 63.08350 62.17480 62.06800 62.53350 62.61160 62.86600 62.83620 62.81140 62.82390 62.72770
72.63400 72.13330 71.32600 71.44450 71.72620 70.66030 71.10160 63.32690 66.18230 68.22990 67.78570 68.11360 64.22370 71.51710 68.37060 74.54400 74.86270 73.19580 75.90330 77.47710 78.59840 78.87550 71.85190 54.02050 52.47800 51.79960 58.84400 50.07040 58.26660 51.86110 52.08850 54.80740 61.52700 65.69190 65.44010 65.39360 65.08220 69.14130 68.98890 68.79240 64.74650 65.03600 68.69930 68.73670 68.75310 69.09640 68.55090 63.92840 65.30700 64.51400 62.51340 62.72000 62.26510 62.35560 62.06400 62.08340 61.99270 62.17760 62.90130 62.90060 62.51610 66.60820 69.41190 70.39650 70.78560 70.25920 63.70200 62.51840 62.16550 62.24430 62.90860
78.66500 79.37920 78.92270 78.68050 77.54820 76.03010 75.34200 73.58780 72.77710 72.60310 72.45990 72.42390 72.18560 72.19180 72.69170 75.63650 77.69350 78.49310 79.78450 79.72640 78.94920 77.72020 71.44670 62.02210 50.55270 51.68730 52.98840 54.89050 58.45100 50.66520 57.21560 54.95550 56.54220 69.86640 74.31530 75.46680 75.54120 75.57410 75.39540 75.41280 75.48650 75.50330 75.25740 75.22530 75.29200 75.41820 75.30860 75.29990 75.58160 75.61470 75.27510 72.68010 70.46440 70.03140 65.63730 65.53180 66.22630 66.46510 69.92310 70.49030 72.22790 75.51130 75.57040 75.57970 75.59480 75.62280 74.92690 73.84130 71.92830 77.39210 78.36550
79.27690 79.21190 78.65580 74.54500 73.50050 73.54590 73.49060 73.38550 72.61320 72.34010 72.47950 72.47160 72.55090 74.18730 77.39380 77.65980 77.67530 78.83780 79.70350 78.76100 77.20170 74.15910 66.89620 64.77370 51.81740 50.76950 53.25810 53.35660 52.52790 50.52750 52.53690 59.16860 53.98180 53.21150 53.59830 59.24470 64.23280 68.85650 71.08360 72.20150 74.84370 75.03940 75.37400 75.38660 75.46230 75.57110 75.39770 75.37910 75.71770 75.73010 75.48690 75.50640 75.47450 75.54890 75.24460 75.36570 75.36560 75.38780 75.52310 75.53830 70.76830 75.70770 75.71870 75.73780 75.73620 75.71760 78.72840 78.38410 78.62950 78.66810 78.84160
76.85460 75.63950 75.96710 76.59280 76.62660 77.01080 77.66510 77.64790 77.20040 76.58470 76.18920 74.49000 72.94440 72.64970 74.52630 77.47170 77.75360 78.42770 79.94930 79.63440 76.19920 70.98110 56.81240 59.82660 62.47150 61.25930 56.68760 54.59980 52.37490 51.63300 48.38910 51.24010 51.79460 53.05220 53.79700 53.79170 53.87640 53.73310 54.01780 54.08870 55.52330 67.07730 77.26690 77.31520 75.49670 73.79660 71.76600 71.15230 76.67820 75.07530 74.59590 75.50230 75.56950 75.64920 75.39400 75.48450 75.51930 75.48110 75.46420 75.55630 75.10940 75.74440 75.73630 75.70880 75.76020 76.95480 78.71170 78.50500 78.69140 78.72650 78.87950
74.31390 74.33320 74.35010 73.92670 73.91870 75.59690 76.58620 77.19150 77.66890 78.74550 77.90490 78.14130 78.62920 74.73220 74.90030 77.38150 78.84440 77.26000 75.99310 74.57750 65.71920 59.72450 56.60570 58.07190 58.08830 63.31850 62.89130 64.15910 65.91700 62.95170 55.88730 54.90370 54.14910 55.50410 62.83330 65.18230 65.63000 65.55410 64.00300 62.94030 59.15510 60.23520 66.71160 74.91490 75.49630 76.43940 77.32230 76.47840 75.61750 75.43510 73.49510 72.16280 76.58160 74.64610 75.58180 75.55960 75.58780 75.72420 75.69400 75.89600 75.81420 75.66530 75.80000 75.74690 75.60130 76.78830 78.42550 78.45360 78.31480 78.33370 78.48910
74.96620 74.10660 74.20230 73.78710 73.90250 74.59790 74.62380 74.76000 73.83350 74.25670 77.46080 78.98210 69.84550 66.47930 66.76190 66.74550 66.90670 79.03190 78.23000 75.76540 71.03830 58.07730 57.81040 57.69970 56.62780 56.56290 56.03630 56.52560 58.04020 60.09860 63.83050 66.88290 64.64320 62.89570 58.96450 58.77440 57.89690 60.17620 65.07530 65.72670 64.85000 66.08000 69.07160 69.84800 70.22730 70.42550 71.67480 73.03960 74.59220 75.56370 77.19660 77.61920 76.31180 72.17230 76.44710 75.41960 75.51640 73.94850 75.81210 75.62480 75.51090 75.61790 75.67430 75.63210 75.46500 75.44720 78.72190 78.40570 78.21770 78.19810 78.42970
79.33360 78.45510 77.15250 76.13410 73.72440 74.28260 74.01550 73.43840 75.56320 76.62440 78.25690 79.14330 78.57640 78.35240 75.90620 77.21060 72.07800 75.57660 76.33610 79.32640 77.14800 68.05670 66.64520 66.42200 50.50320 50.72770 50.72510 52.11550 53.72910 53.84460 53.06260 52.75430 53.41540 52.79510 52.69430 54.22270 54.82170 56.75800 57.41360 60.06830 59.39150 61.46570 65.50370 65.65060 65.50140 66.05020 67.48260 69.48620 71.44480 72.31760 72.31520 74.87450 77.42280 76.84450 70.39500 75.34210 75.36990 75.52880 75.73780 75.76310 75.52840 75.39330 75.28610 75.08200 75.44090 75.58280 75.59750 78.95300 78.71580 78.52010 78.56660
79.92460 77.30850 72.04020 67.97770 73.45080 69.27380 68.13470 66.53200 66.66160 69.58810 68.92700 67.33630 66.90400 68.09900 74.56520 77.92240 77.42230 76.95250 77.84460 77.01710 76.15240 76.32740 70.52390 70.11070 67.79160 66.91080 65.78940 50.32710 52.07020 52.80240 54.92740 53.71450 52.73260 54.36650 53.01520 54.07510 55.54840 58.44810 58.97110 59.63760 61.36360 57.45550 65.81820 67.02910 68.29720 68.38110 69.40120 69.97480 71.00180 72.00400 71.98440 72.37030 73.59670 76.92660 75.73540 70.80350 74.57870 75.34680 75.55030 75.66960 75.40850 75.42450 75.35030 75.24440 75.23310 75.34420 75.90660 75.76130 77.08800 78.77750 78.80720
68.71290 67.37570 67.85040 72.04050 70.28540 79.74340 79.32860 78.16190 72.51390 78.03940 79.30950 75.34180 73.85670 69.39340 74.23960 80.54910 75.44520 69.55310 74.22730 75.35180 74.71540 73.96130 72.76780 73.59080 73.47030 73.93220 72.20660 71.40470 71.27120 73.77150 68.85560 61.36640 58.32720 59.72440 64.23560 64.46870 60.26180 63.16530 62.56270 64.25760 65.90370 67.96670 67.54460 68.12440 67.97000 69.15260 70.64240 69.97210 69.79200 71.16610 71.29260 72.10470 71.99920 73.26450 77.46270 71.51410 75.80350 75.52520 75.39560 75.48230 75.27700 75.31220 75.53100 75.41800 75.57130 75.69230 75.94750 75.93490 76.03210 76.62610 78.76270
65.93810 65.12800 66.41700 79.21980 77.46690 77.10140 80.04260 80.02910 79.12750 79.00090 79.26410 76.44370 79.28800 80.18930 79.05010 75.05250 76.47920 76.90590 75.81650 75.09280 77.43850 76.79390 75.38220 75.20370 73.52140 67.22090 64.11560 64.71690 65.68780 66.65960 64.00430 60.96980 60.67700 63.93120 58.59820 59.19050 62.74900 64.45320 64.93430 64.77630 64.45360 63.47800 66.81470 70.59340 71.04890 70.59900 70.55390 70.91960 70.95410 71.36810 71.04010 71.37700 71.65280 71.87510 76.15630 71.12650 70.92200 75.48660 75.51350 75.42850 75.23210 74.89180 75.36910 75.57910 75.59230 75.63170 75.87590 76.00860 76.10130 75.41420 78.16080
65.75830 67.41350 66.41980 68.20290 65.62770 65.39700 66.55700 71.43520 78.36000 79.92440 80.13320 80.15980 71.33430 68.86650 65.82510 65.58230 65.27560 64.15220 68.60380 69.78750 71.41340 73.93940 71.47180 68.87450 58.22670 52.03550 59.62450 61.45090 61.62770 64.52470 65.87120 64.16400 59.99020 55.94910 56.77730 61.27680 66.34620 65.49540 65.27680 66.02930 66.09510 66.01350 64.96540 70.36210 71.12010 71.61550 70.82200 69.46590 71.00140 68.10660 68.24050 69.50000 71.46520 72.44670 77.12960 72.94970 73.80600 75.73670 75.64960 74.70770 76.02300 76.37910 76.18630 76.24920 74.71860 75.15190 75.24660 76.76580 77.56990 75.90760 76.09270
68.73230 68.53580 66.81720 65.81990 65.03750 65.15020 64.80230 64.54740 66.41170 74.91650 79.61460 79.72920 76.95250 72.27490 69.92880 65.13910 65.16820 65.08420 65.22680 65.26570 65.66830 67.52000 71.35930 69.70510 66.23310 56.68380 50.26690 49.60740 58.85300 65.35160 64.32700 57.34610 56.91440 52.99370 54.45390 54.83060 64.75340 66.79380 70.52510 68.69790 66.03530 66.18170 66.41640 67.95820 72.31440 71.53710 72.27220 71.29670 70.55660 69.48720 68.51780 68.92510 71.21340 72.36340 73.91580 72.84140 75.44710 75.96870 75.22510 75.40170 75.42870 75.33390 75.00470 74.40000 74.30000 74.57080 75.68140 76.22930 76.21570 76.21890 76.22850
68.57310 67.59780 69.01300 69.21060 66.10880 65.02280 64.99360 65.01250 64.76330 65.18380 65.23920 65.44830 68.43010 69.85100 71.88260 72.70360 70.53990 65.27880 64.81180 65.11870 65.26540 65.44310 65.70010 66.55190 66.42640 61.19100 63.02360 67.29340 63.79800 66.08630 64.01060 62.43070 62.12380 56.93230 54.97370 54.58170 60.91060 65.76970 65.94470 66.70610 68.14000 65.61190 65.88990 66.20330 68.62270 69.87380 69.94780 70.00150 70.13050 70.98130 70.89930 71.09340 71.12840 71.80390 71.96450 72.62020 75.53110 77.67480 76.82330 76.90860 77.00620 75.60990 75.44350 75.13940 75.10720 75.18110 75.10290 75.16910 75.37220 75.96820 76.61580
73.22160 -9999 68.64570 70.63890 69.05430 68.09910 -9999 67.14010 64.49670 62.85890 62.54770 59.95780 60.94510 65.55520 65.54080 65.65960 65.77420 65.33050 65.23790 64.84840 64.80110 64.54830 65.19640 65.57670 65.42490 65.23080 67.22780 68.38570 71.92730 69.72410 68.40650 69.07250 64.50400 59.51840 56.00550 64.81250 66.36350 66.87920 65.76340 66.10010 67.57830 70.54470 72.98290 69.66290 67.22820 67.16200 66.60450 66.66300 67.03470 67.05790 66.96600 66.70300 66.85360 71.71950 72.18910 75.06420 78.43340 78.74150 78.81280 78.86140 78.75890 78.67490 78.81590 78.79980 78.87740 78.54130 78.51040 77.81510 76.96690 76.63550 76.51190
