data/hydroclimate-scenarios/BCSD_hadcm_B1/monthly_summaries/soilm1_monthly_day1_apr.2070-2099.asc
ncols	311
nrows	91
xllcenter	102.75
yllcenter	31.75
cellsize	0.5
NODATA_value	-9999
[rows 32 to 63 of 91, columns 0 to 70 of 311]
-9999 -9999 -9999 -9999 -9999 -9999 -9999 -9999 -9999 -9999 -9999 73.61870 73.51380 74.82660 74.21750 74.74410 74.48380 74.79940 73.45020 73.39470 74.00210 74.88280 74.95610 74.82720 72.83290 72.24450 72.42170 74.40700 76.29710 80.02470 80.16590 80.18300 80.29890 80.21720 79.02910 77.75660 76.31410 75.60820 74.36070 74.36090 74.08600 74.03120 74.35150 74.16570 73.90000 73.86590 73.63150 73.67120 73.27120 73.37800 73.11740 73.20480 73.10300 72.87320 71.55590 71.83510 72.69960 72.42370 73.02520 73.66800 73.75970 73.90310 73.32880 73.03610 72.97400 72.80310 72.65830 72.98960 73.10580 71.71920 70.70090
-9999 -9999 -9999 -9999 -9999 -9999 -9999 -9999 -9999 -9999 -9999 73.84740 73.80910 74.04190 73.72410 74.21510 74.66180 74.94950 74.98940 75.01690 75.01420 74.86890 74.03450 73.00640 72.31460 71.27190 69.33080 71.58340 71.73280 72.70780 76.27560 78.18780 76.74320 74.88360 74.09940 72.79800 73.90650 74.56220 73.93900 72.85720 74.18410 73.94550 74.28190 74.34720 74.28250 74.03330 73.81830 73.92500 73.62530 73.28120 73.04580 73.33210 73.25580 72.71420 73.10880 74.10380 74.05600 73.69610 73.96100 74.36070 74.25480 73.45490 73.45070 73.93020 73.57690 73.61780 73.43080 72.20120 72.07410 71.71310 71.01210
-9999 -9999 -9999 -9999 -9999 -9999 -9999 -9999 -9999 -9999 -9999 -9999 72.15320 72.07170 71.69650 71.94640 74.54520 74.98660 75.02020 75.13900 73.72900 70.94590 67.80610 71.15420 69.58480 66.59440 66.97210 69.39300 70.44300 70.96540 71.64330 73.34540 74.44190 74.57040 74.00610 73.78820 72.99000 74.58190 74.00460 72.07160 72.58850 72.82320 73.36530 74.18250 74.23480 74.16090 74.13280 74.29060 74.08000 74.11190 73.99750 74.13200 74.07760 73.63650 73.30390 72.85070 72.90470 73.10010 73.42890 73.39540 73.09910 71.46070 71.08660 72.80810 73.14280 73.54170 73.44140 71.69800 70.90830 71.71020 71.21050
-9999 -9999 -9999 -9999 -9999 -9999 -9999 -9999 -9999 -9999 -9999 -9999 71.34460 71.91070 73.54830 74.13070 74.20350 73.60700 73.12570 72.26850 71.68410 71.21780 71.05180 70.55590 70.17140 68.89700 69.50410 70.30400 70.08230 68.81460 70.92660 73.59000 74.29080 72.88430 72.77150 72.21940 71.60180 73.07660 73.76740 71.10480 71.86700 70.78700 72.20840 74.52770 74.43600 73.59000 73.89520 72.98370 72.82040 72.64930 72.13900 72.65060 73.26990 73.78520 73.77120 73.05350 72.75740 72.57590 73.56690 72.49710 71.51390 71.50070 73.12320 74.39330 73.35090 72.89780 72.52880 71.67780 71.56140 72.14010 72.05760
-9999 -9999 -9999 -9999 -9999 -9999 -9999 -9999 -9999 -9999 -9999 -9999 74.29290 73.98620 73.55090 72.77980 72.53520 72.24790 69.05730 70.20710 71.35600 71.24940 71.09780 70.74530 70.63760 70.72050 70.80940 68.97310 69.29090 66.04620 65.55860 72.62600 72.19820 71.81500 72.19720 71.19200 70.26620 71.46760 71.45910 71.29350 71.43270 71.31140 71.56560 72.66010 71.73020 68.23700 71.02760 71.15750 71.14900 71.17410 71.07040 71.32380 71.30230 70.26850 68.60880 67.82170 66.96710 71.28860 71.89390 72.05710 71.38560 70.97730 71.02570 72.41920 72.79800 72.99930 72.64360 72.25010 72.32440 72.57800 72.72500
-9999 -9999 -9999 71.31680 71.16220 70.96920 70.87030 71.23500 71.15710 -9999 73.79130 73.95220 73.12370 72.27310 72.14360 72.29900 71.30270 69.75470 70.66020 71.25450 71.37480 71.39660 71.65170 71.68560 69.39010 71.13370 71.30650 70.85400 69.08590 67.74180 71.88070 72.06780 71.92480 65.75150 68.67400 62.98980 68.44630 71.24160 71.49220 71.30960 71.30390 71.22470 71.33970 70.41220 70.11890 69.77370 71.11040 68.20070 70.99090 71.03900 67.87740 64.55790 65.55150 68.90500 69.23870 71.39650 71.27230 70.45200 68.41550 69.74550 71.60740 71.39750 68.95550 71.41400 71.18880 71.83640 72.10450 71.51490 71.85590 72.07750 72.09040
-9999 -9999 -9999 71.86350 71.55080 71.55430 71.45960 72.14630 71.98530 73.40460 73.36390 72.69130 72.47880 70.21690 69.30930 71.88680 66.61490 72.87160 73.18740 73.54940 73.42200 72.87660 73.06900 73.23660 69.96470 67.47860 68.41150 69.86440 71.45210 66.08360 62.34670 68.12490 72.34370 68.06970 64.93820 65.00440 69.34190 70.80750 71.71650 69.84050 70.72420 71.17400 71.44650 70.72830 69.10870 69.26560 71.08720 70.70770 67.79820 65.09120 66.07100 70.71600 70.94810 70.97150 71.29480 71.18990 71.30680 71.44010 71.25070 69.60020 70.19480 71.47420 70.68200 68.66960 70.76660 71.05620 71.04220 71.64090 71.61920 70.59040 68.56670
-9999 -9999 -9999 72.59600 72.22020 72.61920 72.59390 73.05820 73.26380 73.48800 73.21230 73.13740 72.87800 72.42220 71.15790 72.62970 69.86440 68.09080 72.36500 73.83730 73.60200 69.72070 63.21140 64.70180 68.84960 68.54190 71.29870 71.49480 68.76230 67.21790 68.88710 72.10400 70.37820 66.93280 65.48080 67.15660 71.70320 71.69590 68.90090 64.40340 66.87390 69.24250 71.34870 71.35060 71.40360 71.21750 71.21310 64.53690 64.85480 70.98750 70.89360 71.12450 71.08060 71.09460 71.21350 71.35250 71.40790 71.50540 71.27240 71.09090 67.48170 67.92280 72.28800 70.99150 71.13040 71.29850 71.24020 70.32300 65.95020 68.75520 69.43440
-9999 -9999 -9999 72.65430 74.01420 73.03220 73.28580 73.16780 73.04210 72.79540 73.21090 74.93140 73.58140 70.92410 72.63650 65.82460 67.56230 75.13920 76.69050 72.65720 65.96920 62.60920 66.33930 73.22230 71.03020 67.17260 71.14450 73.57230 71.71580 67.81750 67.76450 69.17400 67.55640 68.79770 70.81920 69.31680 70.05780 70.56280 70.53630 71.34880 69.90130 67.81770 68.02020 69.31320 70.47240 71.34230 71.21350 70.33720 71.13340 71.08230 70.88320 71.27320 70.98540 67.50010 70.92260 67.45240 66.40860 66.00350 66.78750 65.22940 63.02460 68.25280 69.17370 71.41990 70.18430 68.60030 70.67660 70.47140 70.13170 70.21890 70.82170
-9999 -9999 -9999 73.74240 75.31180 73.25530 73.57920 73.83800 73.40320 73.58540 74.70540 74.80340 71.18560 69.27980 80.04640 77.75440 71.22800 71.58560 74.50730 68.74140 67.02890 71.20360 74.32070 69.09570 66.89100 69.96810 77.41380 76.73320 72.03230 71.72280 68.82860 69.06710 69.09590 70.87140 72.07550 71.81060 71.61820 72.84160 73.34830 71.17540 68.26420 68.42760 70.08190 70.09980 70.48990 70.81130 70.58990 69.45980 67.66820 70.47870 69.38640 67.94710 65.67810 66.69500 67.67990 66.24150 66.28620 65.06900 67.09020 69.90030 69.20880 69.72980 70.73940 68.56020 66.94770 67.79180 69.72600 68.63550 70.32160 70.98980 72.65000
-9999 -9999 -9999 -9999 75.23890 74.43440 74.60770 73.75510 73.66760 74.45870 75.19770 74.68650 70.34160 67.39280 -9999 -9999 -9999 -9999 -9999 70.29090 76.95000 81.06960 78.45490 71.10470 71.34970 73.72130 76.52380 78.52060 77.21610 77.56720 76.44220 73.12920 73.31870 75.84770 75.60400 73.48270 70.68880 72.14610 74.12380 71.67970 71.02780 69.83640 71.55030 70.87080 69.90710 69.48700 66.73780 67.90660 70.73530 74.67080 70.73350 70.75970 71.03250 70.69930 70.55250 69.80810 69.78550 69.90110 65.74690 67.78230 69.82670 69.80240 70.64830 70.14660 70.17760 70.54840 70.32160 71.69930 75.35380 -9999 -9999
-9999 -9999 75.07850 75.93040 76.17360 76.12260 75.44540 74.02360 75.24240 75.14030 75.92680 75.57750 73.09120 -9999 -9999 -9999 -9999 -9999 75.42000 81.52790 78.34540 78.61850 78.35120 75.21980 78.99180 92.57900 84.25690 81.15090 80.25970 78.62110 72.98480 77.31330 76.96010 76.67450 78.75990 76.66170 75.78110 75.82470 75.56330 75.55030 73.84540 75.16390 74.28740 73.71920 74.40530 73.83190 73.00870 72.33810 74.58880 89.32150 89.01960 87.88330 88.25580 82.28980 75.46570 71.30460 70.29420 67.68320 66.51060 69.80790 69.92820 68.85660 71.00610 70.81500 70.96270 71.02130 72.18970 -9999 -9999 -9999 -9999
-9999 -9999 76.20110 76.42070 77.14160 76.36900 74.40070 74.31050 76.00000 76.88420 75.77670 74.53120 75.43790 -9999 -9999 -9999 -9999 75.38570 74.34940 77.78680 76.00110 77.69050 79.16700 84.89350 84.23730 80.88760 78.67390 79.30610 78.74440 80.18730 78.46380 78.41450 81.41840 81.91140 81.09510 79.66700 79.94310 77.81920 76.75760 76.74600 79.03190 77.04120 76.17950 79.53870 74.85550 71.21410 72.85260 71.55550 78.73430 77.36540 80.84650 84.35480 84.58860 86.29850 85.43680 80.25220 75.70220 71.05300 72.25270 73.70420 72.32470 71.21870 72.41560 75.38890 75.29440 -9999 -9999 -9999 -9999 -9999 74.76410
-9999 -9999 77.00430 75.80760 77.04790 76.26370 73.17040 74.97770 77.48060 77.20380 76.23490 75.54900 84.39750 -9999 -9999 -9999 -9999 74.73860 77.32360 78.33180 76.28440 77.56650 81.89680 79.57280 78.78090 80.21400 78.07980 77.96870 77.54740 76.81480 77.13620 81.23560 80.66290 80.20900 81.45360 79.55290 78.50000 80.05870 78.83760 82.02130 82.89090 85.69950 85.68360 82.36780 80.71070 73.48450 72.34370 70.89630 71.71980 71.23800 76.59330 76.13730 80.01440 74.14300 77.25120 83.04710 82.37910 76.90830 75.93990 76.06330 79.49160 80.69780 79.94740 72.14670 68.93930 72.60930 74.88330 72.85290 72.44130 -9999 -9999
-9999 -9999 -9999 73.99120 77.43350 82.38000 82.47540 80.03910 76.87380 71.55600 67.75900 84.32960 -9999 -9999 -9999 -9999 76.24010 78.22990 81.29740 81.91330 80.62370 78.75760 74.88630 76.96530 77.89250 77.32830 76.78940 74.65670 76.45780 76.97620 77.49670 78.45760 78.25180 75.33780 72.68440 73.46700 79.28570 83.19130 85.51220 85.81040 86.68260 84.69690 86.36950 86.75140 87.15630 90.58310 88.66400 85.98230 82.07330 78.07490 83.14220 89.93320 86.65640 91.49300 97.43260 96.65420 86.20380 76.15260 75.43710 76.52660 77.48660 77.56850 73.55140 68.56500 63.64610 71.11560 78.13860 78.78720 76.80550 76.64140 -9999
-9999 -9999 -9999 -9999 79.00940 85.53690 84.12630 78.40130 77.01580 80.93840 84.90840 -9999 -9999 -9999 -9999 75.63220 74.56110 76.70090 81.58660 71.68130 72.31360 67.80210 66.62690 68.23110 73.99620 70.89090 67.08090 68.49800 67.98480 71.24520 71.08080 70.95790 70.05870 70.59330 73.21190 82.38630 83.62830 82.75020 83.57380 83.94740 83.55560 84.32430 83.64230 84.81810 84.40880 83.15020 84.69950 90.31780 85.69570 86.22900 86.35820 96.36050 93.35240 92.02810 94.56800 95.61820 104.09600 88.58270 84.74400 80.54940 76.25960 72.17500 70.35320 68.37880 66.17130 74.20800 79.97290 81.88060 77.35840 78.79680 79.76990
-9999 -9999 -9999 -9999 -9999 -9999 81.55780 81.61770 80.06630 81.42040 71.77260 -9999 -9999 -9999 -9999 -9999 75.85620 74.50870 75.26180 69.08540 67.22960 66.33200 68.65330 70.89500 65.04380 65.44690 71.60130 85.30130 86.06730 79.74500 70.13360 69.66550 74.31100 70.69720 72.69880 71.86770 81.57360 81.89260 82.56770 82.15140 81.57930 82.05820 82.49680 84.30050 86.26580 83.10120 80.83810 85.19510 90.06140 99.79820 93.37110 97.56340 87.99330 87.66250 85.77020 86.22570 92.83530 93.35660 83.61370 72.39050 67.99970 67.25220 68.26820 65.18050 63.26230 70.09180 82.23250 90.11160 86.60850 82.83240 79.37080
-9999 -9999 -9999 -9999 -9999 -9999 -9999 -9999 -9999 -9999 -9999 -9999 -9999 -9999 -9999 -9999 -9999 -9999 -9999 68.08780 68.52640 71.90300 66.46630 63.49110 67.51640 69.53010 72.24040 71.85360 71.50120 69.94850 69.97730 75.47180 82.19950 79.20470 73.51980 74.48000 82.48990 83.16760 82.66200 82.06520 81.08190 79.81410 80.84010 82.74600 83.96840 80.18240 80.64910 84.85470 88.86000 87.30430 87.65950 85.98200 90.86750 90.61530 87.11350 86.49370 77.99690 81.50880 76.75600 72.22900 72.34890 73.83890 64.66160 63.12460 62.12450 76.70650 86.26940 91.17320 90.93750 83.51130 79.14380
-9999 -9999 -9999 -9999 -9999 -9999 -9999 -9999 -9999 -9999 -9999 -9999 -9999 -9999 -9999 -9999 -9999 -9999 70.42950 72.99020 70.96140 63.91830 65.05930 64.69700 69.32300 73.29370 73.14890 73.57500 66.21300 66.53410 67.61210 68.21440 68.58790 69.75030 77.48870 83.23510 80.84180 82.75420 81.75920 80.36680 80.22470 79.82630 80.18010 80.30080 79.39010 80.66360 80.16660 81.07670 83.44800 89.50840 90.24120 93.24480 94.83310 92.92050 90.23090 87.93470 81.16640 75.95900 79.32380 77.86510 84.58520 85.42940 73.43790 69.74790 72.99750 79.71310 77.90680 92.05030 90.73800 86.21360 80.85790
-9999 -9999 -9999 -9999 -9999 -9999 -9999 -9999 -9999 -9999 -9999 -9999 -9999 -9999 -9999 -9999 -9999 71.01740 72.20710 67.73530 66.11520 65.18410 66.90310 68.68370 68.78060 70.23170 76.47850 70.51190 71.30060 74.36850 74.20290 75.78900 74.35380 77.46560 86.01580 83.36830 81.85650 82.09840 82.01630 79.81060 77.86810 79.57050 78.72300 79.17090 77.37590 77.78790 82.25330 83.47090 80.64500 89.01680 91.34550 91.74490 89.93820 89.92280 90.30550 90.00780 78.86460 74.87720 74.15110 76.19590 81.40410 85.63470 70.91760 71.26360 71.17200 74.71110 77.66260 82.84170 90.46280 86.80520 75.86700
-9999 -9999 -9999 -9999 -9999 -9999 -9999 -9999 -9999 -9999 -9999 -9999 -9999 -9999 -9999 -9999 -9999 70.72840 67.83000 65.92680 69.29320 73.68590 68.18720 65.47480 64.45860 60.47020 63.15650 63.48790 68.67080 68.37210 78.64600 81.07920 79.56760 83.81550 84.74730 85.97570 85.08200 79.89360 77.09700 77.83160 76.96100 77.83450 78.22330 77.26030 77.56660 80.68380 78.68530 80.39870 79.59500 83.05150 89.90460 93.31950 94.33100 96.61590 95.14440 90.91530 79.07430 75.31360 77.58310 81.11190 77.99640 73.25610 73.53360 70.59390 68.01400 70.21270 75.67270 77.95220 94.99380 90.89770 86.76350
-9999 -9999 -9999 -9999 -9999 -9999 -9999 -9999 -9999 -9999 -9999 -9999 -9999 -9999 -9999 -9999 79.46930 76.17490 65.99670 71.21410 70.56820 66.31330 62.64100 59.96090 57.03540 57.45280 58.61290 61.91590 62.54710 64.36630 66.14910 70.14850 70.44730 81.92840 83.70710 83.48420 80.35220 81.23780 78.36810 77.21990 74.05880 77.20370 80.15610 77.12290 76.32230 78.43200 77.47970 78.98080 79.34870 79.19890 87.82900 89.97010 92.07940 95.28430 95.40480 90.73410 89.52310 79.87020 85.98610 80.31890 79.73570 77.09060 76.55870 74.31820 78.29190 92.36250 98.74620 100.79800 99.15610 93.51840 85.96670
-9999 -9999 -9999 -9999 -9999 -9999 -9999 -9999 -9999 -9999 -9999 -9999 -9999 67.11440 67.24990 72.42700 70.14070 70.28150 71.57670 64.71140 63.55420 57.56680 53.61180 56.35680 56.24910 56.25130 56.97920 57.87550 57.79360 57.99620 73.28280 73.42880 67.58550 67.92580 80.18210 85.17170 82.76820 78.11340 76.26020 75.45140 75.59510 76.97800 77.42050 74.11090 79.50720 85.34880 82.37270 85.45720 86.12860 83.52680 83.48670 83.60870 84.14200 84.07050 91.14780 86.23920 84.31290 82.73980 83.06760 85.72640 86.28690 90.26420 86.95470 94.00190 100.34500 98.53160 105.06300 96.14830 91.10790 92.99040 81.85580
-9999 -9999 -9999 -9999 -9999 -9999 -9999 -9999 -9999 -9999 -9999 -9999 66.11900 66.33080 75.51280 73.79470 71.49750 66.69260 62.77170 57.84210 58.42370 59.11020 57.79660 60.38690 56.53980 55.46670 55.15800 56.05620 74.02960 72.01210 78.22980 75.37640 76.25280 65.97020 77.28360 81.89620 74.68520 75.48300 75.27510 73.59130 73.08010 74.00880 77.04460 77.90080 85.33620 83.36780 77.89430 85.60220 88.85980 92.11800 79.28890 80.30240 78.61290 81.76520 82.12680 84.60430 86.58370 87.63760 88.38410 90.53550 87.06150 88.91660 90.89420 92.69410 96.48370 98.11820 98.14180 91.29870 92.93680 85.73400 69.22160
-9999 -9999 -9999 -9999 -9999 -9999 -9999 -9999 -9999 -9999 -9999 74.35450 71.04460 71.88590 68.34000 62.42310 60.47180 61.65790 62.14170 58.97550 59.78540 52.37500 51.98690 53.42510 53.87780 54.35630 69.12090 52.93800 69.40110 69.94360 76.10580 58.56080 60.96460 62.58250 69.09100 78.40400 74.48240 74.23240 71.60780 70.14530 69.71010 75.17600 78.45170 82.85960 85.63770 84.95160 85.67780 87.38860 87.95560 88.39170 85.09550 80.81110 82.41250 83.07320 82.30550 81.81460 85.34030 85.31800 84.71270 84.56130 88.64550 88.73520 91.49300 89.48780 97.50130 94.46030 93.72140 93.57680 86.26220 72.72830 61.86680
-9999 -9999 -9999 -9999 -9999 -9999 -9999 -9999 -9999 -9999 68.80280 68.58930 64.78120 65.77840 61.52990 58.61500 57.00710 56.40690 57.28980 55.61970 53.03050 50.43080 51.03290 51.15510 52.20410 53.64970 53.58940 68.55270 69.67390 55.85580 57.45030 57.93050 54.99480 75.86810 82.48160 75.63650 74.29770 74.42010 72.46640 70.08550 76.15290 79.41420 81.16500 84.96310 84.84220 82.11350 84.06010 87.30450 86.15640 88.69530 87.88690 80.73050 82.25610 81.17310 81.03020 80.50750 85.49380 87.28280 87.33430 90.30740 89.14100 86.79500 88.49530 90.23450 93.66960 94.53340 97.57790 89.85570 81.31740 66.81080 62.81300
-9999 -9999 -9999 -9999 -9999 -9999 -9999 -9999 -9999 60.37940 60.57910 59.11290 58.40260 61.44920 58.62020 57.48950 55.43060 54.15570 53.26190 51.21010 51.69590 51.15020 51.11810 50.60560 51.06260 54.45810 54.03900 55.21430 55.33900 54.57000 55.34380 59.46580 61.68660 63.49370 78.99000 76.98040 75.22050 73.07540 72.02740 70.99430 78.97840 78.58220 79.88410 85.92590 83.30730 92.24030 85.66530 84.94120 88.77430 88.28720 89.53970 82.12510 78.97540 82.77980 81.12220 84.00170 88.46060 89.64690 88.87050 90.32100 85.76170 86.86370 85.75610 89.55100 85.10980 87.22800 88.40130 86.29740 71.57930 62.92530 62.75000
-9999 -9999 -9999 -9999 -9999 -9999 -9999 -9999 -9999 -9999 54.78980 51.92340 51.10450 54.20760 51.84640 53.08230 53.26350 52.60700 52.88040 50.09450 50.47550 50.17800 50.67600 -9999 -9999 -9999 -9999 -9999 -9999 53.38850 55.58370 58.68180 64.68360 65.51720 69.65100 77.68320 76.81860 72.03190 69.57760 67.90580 75.39330 76.74180 69.16200 89.67560 84.99980 90.77090 92.28620 82.12220 85.56250 86.19760 82.97540 78.43110 78.56770 79.73120 86.80100 83.23710 84.83440 86.16900 89.77350 88.34570 86.95840 83.83770 86.07690 89.07010 87.78770 87.09670 87.94340 80.92410 68.05740 68.62760 64.54750
-9999 -9999 -9999 -9999 -9999 -9999 -9999 -9999 -9999 -9999 -9999 -9999 50.36490 48.49740 48.85460 46.79980 46.55840 47.69840 48.61680 -9999 -9999 -9999 -9999 -9999 -9999 -9999 -9999 -9999 -9999 -9999 -9999 -9999 -9999 62.09090 68.13530 74.13860 79.54110 72.56470 67.87840 57.83540 71.52470 77.77430 74.08370 72.67490 73.73120 85.08650 92.05380 84.55310 86.22910 89.28390 89.10500 80.72530 81.40780 81.39060 86.36710 84.20080 83.68360 79.36310 77.58580 83.66800 83.25810 80.85710 84.81080 86.90220 86.39850 86.81140 82.21960 70.01070 68.59260 76.31200 83.25250
-9999 -9999 -9999 -9999 -9999 -9999 -9999 -9999 -9999 -9999 -9999 -9999 -9999 -9999 -9999 -9999 -9999 -9999 -9999 -9999 -9999 -9999 -9999 -9999 -9999 -9999 -9999 -9999 -9999 -9999 -9999 -9999 -9999 -9999 74.15350 76.47610 75.51490 76.92350 63.39860 72.77860 73.47260 76.65230 77.44620 70.92710 89.18480 89.67380 89.67370 84.11580 85.29570 86.60200 84.68910 81.05240 86.57010 81.04550 81.04250 79.58850 79.62470 83.07030 81.87170 83.16780 82.14920 89.51180 86.38740 85.67860 85.25460 86.76680 85.50380 71.01570 73.28630 81.47710 91.86720
-9999 -9999 -9999 -9999 -9999 -9999 -9999 -9999 -9999 -9999 -9999 -9999 -9999 -9999 -9999 -9999 -9999 -9999 -9999 -9999 -9999 -9999 -9999 -9999 -9999 -9999 -9999 -9999 -9999 -9999 -9999 -9999 -9999 -9999 66.50980 75.59460 76.17940 64.20150 58.11100 74.84260 77.05990 84.33110 84.55110 79.10100 75.07720 81.35720 81.04040 85.66590 87.88450 86.89540 84.36470 87.61150 79.55360 79.56510 78.50280 77.24480 81.44080 79.53110 81.31540 87.97140 87.42430 90.07610 87.48930 85.41330 88.03240 78.13920 86.07280 74.09920 76.85770 88.50820 -9999
-9999 -9999 -9999 -9999 -9999 -9999 -9999 -9999 -9999 -9999 -9999 -9999 -9999 -9999 -9999 -9999 -9999 -9999 -9999 -9999 -9999 -9999 -9999 -9999 -9999 -9999 -9999 -9999 -9999 -9999 -9999 -9999 -9999 -9999 -9999 -9999 -9999 -9999 75.06270 76.25710 79.17270 75.33290 71.69570 75.92030 85.11950 81.17070 81.63710 86.72620 88.79420 87.25610 87.75880 83.62980 83.24570 78.79490 80.90190 77.19160 74.59240 76.31120 80.59550 83.95810 85.79130 85.42830 89.02630 86.37900 85.58100 78.70760 82.58160 86.37140 83.71300 -9999 -9999
