data/hydroclimate-scenarios/BCSD_hadcm_B1/monthly_summaries/soilm1_monthly_day1_mar.2030-2059.asc
ncols	311
nrows	91
xllcenter	102.75
yllcenter	31.75
cellsize	0.5
NODATA_value	-9999
[rows 32 to 63 of 91, columns 0 to 70 of 311]
-9999 -9999 -9999 -9999 -9999 -9999 -9999 -9999 -9999 -9999 -9999 73.45200 73.44690 75.52120 74.41400 74.97930 74.54030 75.46620 73.57770 73.39550 74.62410 75.57950 75.63110 75.66370 73.42670 72.71750 72.69060 75.11270 77.00530 80.67380 80.85320 80.59120 80.71790 80.86080 79.66040 78.27320 76.96390 76.16470 74.24740 73.70340 73.22090 72.91120 73.49850 73.52570 73.21740 73.58960 73.26450 73.15200 72.84070 73.03640 72.74450 72.19150 71.99340 72.05930 70.89540 71.10380 72.12840 72.16390 72.17470 72.50190 72.83140 72.31560 71.16090 73.33620 73.29580 71.42260 71.92710 73.09630 73.20930 71.73430 70.85100
-9999 -9999 -9999 -9999 -9999 -9999 -9999 -9999 -9999 -9999 -9999 74.19680 74.16420 74.41640 73.98490 74.43310 74.81830 75.71990 75.76700 75.68890 75.69610 75.55760 74.14480 73.69820 73.00060 71.77190 69.82090 71.93960 72.06050 72.86230 76.85960 78.58840 77.21230 75.11330 74.21730 72.44070 73.64720 74.51490 73.64440 72.39840 73.36190 73.37770 73.67640 74.05530 74.17970 73.98430 73.69800 73.60740 73.27170 73.06120 72.82230 72.36950 72.05690 71.13760 71.26020 73.08820 72.93440 72.85330 73.48470 73.97010 73.62510 73.87230 73.69620 72.43970 74.00250 72.81000 72.66980 72.22320 72.03060 71.55260 70.84510
-9999 -9999 -9999 -9999 -9999 -9999 -9999 -9999 -9999 -9999 -9999 -9999 72.63430 72.57640 72.12370 72.45390 75.02540 75.83470 75.88650 75.89100 74.05060 71.50850 68.44300 71.86310 70.29610 67.40650 67.79530 69.85860 70.80540 71.05990 71.72440 72.94940 74.06680 74.32440 73.61730 73.69710 72.98630 74.33130 73.43870 71.97790 72.41940 72.55480 73.15760 73.98580 74.21460 74.67100 74.54160 74.16530 73.91550 73.92670 73.54290 72.83640 72.81210 72.79670 72.15600 71.53620 71.29830 71.93230 74.02360 73.95510 73.58400 70.70100 70.45140 71.86800 72.05410 73.87060 72.48030 71.99770 71.98920 72.08260 71.20490
-9999 -9999 -9999 -9999 -9999 -9999 -9999 -9999 -9999 -9999 -9999 -9999 71.87530 72.37530 74.16950 74.72810 74.82090 74.10810 73.67270 72.82170 72.25110 71.85470 71.66900 71.52160 71.33700 69.91390 70.74500 70.80760 70.69240 69.06200 71.22000 73.39210 73.80490 72.44430 72.52920 72.47610 71.95580 73.11640 73.87310 71.62460 72.20220 71.23830 72.49160 74.98610 75.05900 74.42780 74.77820 73.42120 73.03480 73.13720 72.55170 72.33000 72.70590 73.49580 73.31960 72.31680 73.29400 71.96590 73.40450 72.40960 71.16670 71.82900 73.41100 73.85940 72.85680 71.64510 71.66330 71.96120 72.13590 72.33730 72.43020
-9999 -9999 -9999 -9999 -9999 -9999 -9999 -9999 -9999 -9999 -9999 -9999 74.75000 74.53480 73.98460 73.14430 72.90090 72.71550 69.60920 70.79270 71.90250 71.85690 71.71570 71.29100 71.21170 71.04840 71.07940 68.78450 69.29900 66.10990 65.58780 72.41040 72.27990 71.78530 71.67230 70.50580 69.88840 71.39610 71.36140 71.71310 71.91580 71.63760 71.88990 73.32330 72.47130 69.04720 71.79310 71.90190 71.85870 71.79040 71.65950 71.77360 71.50550 70.44930 68.88140 68.27040 67.37490 71.60130 72.11590 72.17560 71.52880 70.93600 70.77560 71.68270 71.69070 71.42750 71.53990 71.89210 72.18950 72.63760 72.91270
-9999 -9999 -9999 72.12250 72.09230 71.41360 71.27860 71.42290 71.37360 -9999 74.01130 74.39730 73.53620 72.40590 72.32290 72.43430 71.59560 70.00440 71.07610 71.78060 71.98210 72.02460 72.21200 72.27060 69.95340 71.49150 71.43620 70.80040 68.87930 67.65670 71.37880 71.43390 71.42460 65.66480 68.05310 61.51970 67.72660 70.95980 71.60150 71.76650 71.79730 71.68810 71.88780 71.15210 70.82600 70.49830 71.86340 68.93150 71.74020 71.73270 68.58040 65.14280 66.10020 69.41780 69.72620 72.09710 71.83740 70.82250 68.92020 69.90530 71.57650 71.43090 68.99540 71.20830 70.53820 70.92150 71.48870 71.83630 72.34130 72.43030 72.53670
-9999 -9999 -9999 72.14010 71.83690 71.95420 71.76390 72.19490 71.94210 72.90340 73.66190 72.95510 72.94570 70.25440 69.57790 72.06760 66.99950 73.22070 73.58340 73.44220 73.26540 73.40180 73.48260 73.41440 70.09740 67.65290 68.48910 69.43760 71.19250 66.03430 61.11580 67.55960 71.55030 68.16860 64.89880 64.74660 69.35600 71.22460 71.48660 70.44100 71.36190 71.59310 71.93950 71.41000 69.74790 70.03730 71.86690 71.25790 68.42180 65.73640 66.72740 71.42060 71.67650 71.77620 71.78690 71.42810 71.12200 71.13740 71.27520 69.82190 70.27680 71.19620 70.28170 68.77170 70.74020 71.13700 71.39910 71.37740 71.75180 70.69450 68.76100
-9999 -9999 -9999 71.99460 72.22740 72.36960 73.09120 73.13010 73.19250 73.26280 73.31140 73.37280 73.26430 72.40740 71.49190 72.94920 70.33480 68.48980 72.36890 73.32440 73.18960 70.17040 63.23440 64.77500 68.98070 68.32560 71.10470 70.76650 67.71040 67.01100 69.08660 72.03240 68.96160 66.44630 65.36990 66.84760 71.13530 71.57990 68.64790 65.04010 67.62390 69.86330 71.87520 72.04810 72.07340 72.00320 71.98730 65.22590 65.52580 71.74680 71.70120 71.84180 71.83630 71.77480 71.70080 71.51090 71.29070 71.34330 71.31080 71.45300 67.80360 67.51030 71.38260 70.99330 70.92700 71.63230 71.73250 70.51310 66.41930 69.08300 69.82320
-9999 -9999 -9999 71.78400 72.44750 73.14680 73.37170 73.39770 73.00560 72.59160 73.05020 73.26960 72.50140 71.22140 73.20700 66.19040 68.07660 75.50250 76.86520 72.82820 66.52300 63.08650 66.94330 73.75930 71.43550 66.61210 70.20530 72.00170 71.49310 68.03250 66.81930 67.08930 66.53270 69.26700 71.50530 68.71860 68.35550 68.79480 69.87840 70.67510 69.91000 68.49270 68.80120 70.07440 71.19570 72.04070 71.99620 71.07120 71.92370 71.89810 71.78380 71.86490 71.57140 68.13170 71.60880 67.68170 66.59450 66.15680 67.00050 65.64430 63.66350 68.42720 69.10450 70.88180 69.78260 68.63340 71.03090 70.81990 70.71010 70.79060 71.13580
-9999 -9999 -9999 71.19950 72.64140 73.01820 73.43850 73.35010 73.13770 72.94920 73.29430 72.67730 69.91800 69.49760 80.78350 78.09620 71.84870 70.94700 72.87060 67.34790 66.34550 71.53680 74.57130 68.00130 64.95490 66.94950 73.01270 72.87230 70.12860 70.92150 68.20470 68.65940 69.07210 70.48270 71.81350 68.92500 68.91090 70.27990 70.41920 69.52340 67.90140 69.05200 70.93220 71.04580 71.26400 71.45060 71.24040 70.18350 68.37950 71.20490 70.08200 68.15860 66.01340 67.23470 68.21660 66.51790 66.23300 64.86980 67.14130 70.53540 69.75360 69.93450 70.71950 68.73870 67.12000 67.46910 69.96890 69.08130 70.87570 71.15130 71.55780
-9999 -9999 -9999 -9999 72.92640 73.21200 73.31780 73.28220 73.12040 72.75670 73.31830 73.34940 70.78220 66.32140 -9999 -9999 -9999 -9999 -9999 70.46540 76.60690 78.32320 76.83770 70.97910 70.46930 71.30680 70.44950 73.21020 73.30900 72.54820 72.39730 70.05610 71.08590 70.50480 67.92480 68.02220 66.72830 67.82330 70.21300 69.14070 68.67120 67.76120 70.23570 70.65080 69.72370 68.95210 66.57660 68.18110 70.91630 74.60710 71.09320 71.00530 71.07460 70.62140 70.59240 70.58030 70.55880 70.57450 66.35230 68.37810 70.60510 70.70160 71.55270 70.86430 70.93910 71.29550 71.02760 71.05620 73.99200 -9999 -9999
-9999 -9999 71.10900 72.78930 73.46190 73.37640 73.33270 73.23710 73.23420 73.04400 73.54210 73.50100 73.13040 -9999 -9999 -9999 -9999 -9999 75.90710 80.96060 76.97930 72.80910 72.71710 73.24310 76.45380 88.61130 76.90260 73.39690 72.86240 71.20600 66.34130 70.79850 70.26920 68.91160 70.12510 67.73930 68.48290 69.71730 69.97270 70.93890 70.67390 70.58910 70.62330 70.65010 70.72500 70.64700 70.70650 70.65180 71.96290 84.92220 85.19940 84.85660 86.29290 79.39670 74.02000 71.16790 70.83410 68.27380 67.12870 69.09580 69.35460 69.40010 71.76690 71.44810 71.55700 71.21500 71.84630 -9999 -9999 -9999 -9999
-9999 -9999 73.30770 73.55000 73.39080 72.98880 71.48540 72.72900 73.26690 73.39950 73.80440 73.75170 73.18320 -9999 -9999 -9999 -9999 72.31270 72.97730 72.79570 70.34610 72.10480 74.06480 79.24930 77.14240 73.07460 70.29970 72.04510 70.86200 71.69970 70.58130 70.50920 71.30470 71.44060 70.72060 72.81990 72.82010 69.17020 69.74650 70.80850 70.69020 70.53140 70.55590 70.71900 66.93100 64.26200 65.31020 65.13610 66.27000 68.10700 70.37210 74.65300 75.61430 79.94180 79.57860 71.56840 69.40170 70.37450 72.08180 72.88900 71.12770 70.98930 71.40600 72.53100 71.06360 -9999 -9999 -9999 -9999 -9999 71.54710
-9999 -9999 70.96730 72.15800 73.49620 73.26150 69.29030 69.65950 72.99540 73.45580 73.64510 73.16340 72.41700 -9999 -9999 -9999 -9999 72.33980 73.02570 71.61490 69.00650 72.28720 77.05010 73.55350 73.56550 72.84170 71.39990 70.31730 70.50820 69.38320 70.14190 72.74360 71.86900 71.03120 71.41970 71.49900 70.98090 70.62930 70.68120 71.57400 71.68350 72.78340 71.74050 70.81890 68.79180 66.13770 65.06150 62.90350 61.37030 61.58190 64.34730 64.91610 68.99690 67.53110 70.20550 70.22140 71.10280 72.14760 71.10060 71.24560 71.59070 71.58990 71.24780 66.39610 65.88100 71.64620 71.38290 71.95970 71.60720 -9999 -9999
-9999 -9999 -9999 68.23790 72.14660 73.60990 72.46320 72.29640 73.38590 69.66740 63.92360 72.03960 -9999 -9999 -9999 -9999 72.92520 73.00250 72.96630 72.51780 72.91100 73.60890 70.48360 72.42600 72.75520 70.98630 70.11860 67.95940 68.95110 71.41530 71.54870 70.93900 69.36830 65.35520 61.89880 62.51740 67.76580 71.31480 72.53240 72.85200 73.32780 72.46110 74.37700 73.69540 73.55220 74.15750 72.55470 71.45590 69.03420 65.41440 70.23970 78.92740 74.87310 78.92350 87.30760 89.54670 78.00810 71.66240 71.04950 71.30860 71.35270 71.32120 71.17320 68.88130 64.17060 69.79140 72.64460 74.47180 71.60720 71.64070 -9999
-9999 -9999 -9999 -9999 69.76850 72.72580 71.10100 73.60990 73.64650 72.96420 71.78940 -9999 -9999 -9999 -9999 73.33470 70.98190 67.01270 70.05090 62.66820 64.96840 63.40410 62.60540 65.71480 70.26230 65.53290 61.11620 62.31210 61.17110 64.02530 64.53240 62.79200 61.40870 61.36570 63.05820 71.89610 72.38410 71.79560 72.03730 72.37700 71.49860 72.70810 72.25430 72.11160 71.54350 68.96580 70.71480 76.59080 72.50230 72.91840 72.28460 81.03200 79.03370 77.57400 79.24350 81.16130 89.03430 79.58900 76.63540 71.39650 71.26580 69.61670 68.10960 66.74700 65.77370 71.10220 71.43180 72.20620 72.34170 72.06460 73.12240
-9999 -9999 -9999 -9999 -9999 -9999 73.91090 75.03060 66.84530 69.80560 63.63430 -9999 -9999 -9999 -9999 -9999 63.81450 61.86440 62.88510 60.84820 60.96040 60.68420 65.44850 67.52630 61.94450 60.50470 66.19710 79.52380 79.66350 72.01170 63.05590 61.13810 65.53090 62.27370 63.26300 61.60550 70.97540 71.47620 71.96460 71.93010 71.43190 72.95010 72.93480 72.70700 74.22260 72.59570 70.50750 74.03240 77.52350 87.48110 80.49260 83.19060 73.35410 73.50690 71.41530 70.91940 77.40410 79.34310 71.04260 64.05560 63.62440 64.83360 66.82170 64.10550 62.82320 66.51090 72.24970 73.11440 72.12810 71.78470 72.51530
-9999 -9999 -9999 -9999 -9999 -9999 -9999 -9999 -9999 -9999 -9999 -9999 -9999 -9999 -9999 -9999 -9999 -9999 -9999 60.19190 62.16780 65.00610 62.35840 60.58730 63.74780 64.30380 65.25610 63.91790 62.95970 61.79270 61.96270 66.06140 73.21530 70.13040 64.43600 64.71180 72.15210 73.27530 72.67520 72.22700 71.72250 71.58950 72.28660 72.41080 72.21810 70.23500 70.67750 74.33170 77.36520 74.57670 74.59030 72.19630 75.66750 76.22430 73.84230 71.02800 63.15520 64.35620 62.35400 62.48440 67.73300 69.90840 62.34750 62.01410 61.21540 67.73940 70.30870 71.86110 72.33140 74.01780 73.49240
-9999 -9999 -9999 -9999 -9999 -9999 -9999 -9999 -9999 -9999 -9999 -9999 -9999 -9999 -9999 -9999 -9999 -9999 61.43930 64.78560 63.93910 59.47430 60.14590 59.98330 64.07970 67.07750 67.57980 66.84410 60.75550 59.84060 60.54040 61.10970 61.18090 61.42290 68.18380 74.35240 71.47740 72.59730 71.86070 72.52550 72.09070 71.70950 71.65750 72.14650 71.00300 72.43750 72.10650 71.05480 73.41500 76.48840 76.61200 79.48500 80.69380 77.86340 73.84970 71.85970 64.97610 63.98220 69.08610 64.22000 70.39180 72.95690 64.88260 64.43280 70.03080 68.02980 64.75690 71.50490 72.16100 71.94450 72.85800
-9999 -9999 -9999 -9999 -9999 -9999 -9999 -9999 -9999 -9999 -9999 -9999 -9999 -9999 -9999 -9999 -9999 61.61290 63.50340 60.90630 60.84340 60.06610 61.31700 63.47560 63.60770 64.99010 72.12930 63.83970 66.00770 67.17480 66.96170 68.29710 66.10610 67.69650 76.30980 75.27800 73.52360 72.37580 72.54980 71.84430 70.18120 72.00350 71.08680 72.51870 70.79820 70.78320 74.39040 74.93560 71.50890 76.43350 77.75030 77.54040 74.27980 74.51300 74.88600 74.67870 63.87220 63.23190 63.12160 62.68430 66.15350 70.22050 65.98450 67.57150 61.16340 62.62920 64.96860 63.91000 70.47320 71.50970 69.51700
-9999 -9999 -9999 -9999 -9999 -9999 -9999 -9999 -9999 -9999 -9999 -9999 -9999 -9999 -9999 -9999 -9999 63.55560 61.69480 60.70230 63.75700 67.38640 63.00230 61.48400 59.88150 57.34490 59.69570 58.42100 61.70740 63.60810 74.10910 74.59770 73.48260 75.60460 77.26840 77.69910 76.89350 71.64520 70.12500 70.68880 70.07700 70.91760 71.68330 71.11970 71.70740 74.98110 71.94360 71.50900 69.98490 71.53680 77.41250 78.91800 78.90540 78.19730 77.58070 74.74310 65.89300 64.23890 63.86760 65.79080 63.15630 62.48960 62.47790 61.74160 62.30230 63.17850 63.96320 66.60860 76.74010 74.90760 71.74610
-9999 -9999 -9999 -9999 -9999 -9999 -9999 -9999 -9999 -9999 -9999 -9999 -9999 -9999 -9999 -9999 72.14600 70.14270 61.61780 65.90920 64.65100 60.29820 57.22960 55.91230 53.42630 53.68540 55.00360 55.42140 56.33950 59.58230 61.57900 62.76230 62.80840 74.07780 76.47770 76.11000 72.25510 73.29760 71.40220 69.72210 67.66260 70.56280 73.82400 71.08380 70.33550 72.97900 72.05890 71.14720 70.90330 67.94780 75.82520 77.45650 77.66480 78.00190 78.00960 74.69980 74.69110 67.42070 71.45510 65.37680 64.11650 64.37090 65.91690 68.49370 69.81700 83.12170 87.70850 85.42310 78.99720 73.63580 71.10970
-9999 -9999 -9999 -9999 -9999 -9999 -9999 -9999 -9999 -9999 -9999 -9999 -9999 60.78890 60.66620 65.53290 63.39760 65.94830 67.18590 61.55820 59.65500 55.54640 52.85100 52.62340 52.72050 52.66990 52.05240 52.64470 52.83220 53.50620 70.57390 69.49270 60.52640 60.01800 74.56270 78.57730 76.10010 71.32380 70.40440 69.25360 69.69960 71.38020 71.55530 71.13180 76.63310 81.57320 77.70790 79.84470 80.24590 75.13480 74.60450 73.30940 71.83680 71.04920 75.52620 73.35910 71.23670 70.35550 70.17100 69.70780 70.40770 75.39860 71.62920 80.28340 84.00680 78.35100 85.17400 79.80740 73.47630 72.55950 70.56120
-9999 -9999 -9999 -9999 -9999 -9999 -9999 -9999 -9999 -9999 -9999 -9999 61.06210 61.27750 69.77640 68.36590 66.69020 63.01710 59.30220 56.69260 55.72510 56.91730 55.92010 55.46870 52.36940 52.20890 51.84510 50.95080 70.21580 69.11370 74.28530 71.24940 71.71090 57.57250 71.90760 76.28190 69.23210 69.93690 69.83920 69.12210 67.92390 69.20890 73.11370 76.68910 82.54480 79.37130 74.34080 80.46650 83.80300 84.92350 71.18210 71.26790 69.00280 70.36910 69.22280 72.27140 75.74520 75.49010 74.91330 75.12750 71.57450 73.65780 73.82850 73.99710 76.24190 77.71890 77.76660 73.48880 73.47470 70.57850 62.28990
-9999 -9999 -9999 -9999 -9999 -9999 -9999 -9999 -9999 -9999 -9999 69.59520 66.60380 66.65880 63.88670 58.87450 56.66310 58.44910 58.58320 57.11840 57.10480 51.90940 51.22090 51.19980 51.76360 52.37310 68.32710 51.54100 68.57610 67.95980 73.05250 53.03140 55.37950 56.82270 63.05390 75.18670 69.79200 70.07440 68.29150 67.08990 66.77540 73.33170 76.73080 80.80490 83.27350 81.92720 82.97700 82.65750 82.20690 83.42580 80.06240 71.79220 72.44690 73.66000 71.91030 71.31320 75.64150 74.65720 73.85310 72.82310 74.81170 73.25620 72.61350 70.86940 76.67830 72.73190 72.73430 74.62670 71.28490 66.39030 60.02960
-9999 -9999 -9999 -9999 -9999 -9999 -9999 -9999 -9999 -9999 62.91340 63.96680 61.22620 61.64250 57.59250 54.75510 53.36600 52.80790 53.34270 53.17030 51.74370 49.99580 49.91600 50.16340 50.18460 51.40890 51.46870 67.91530 69.15780 51.84900 53.50710 52.75220 48.16200 71.88610 76.49810 70.24480 69.67620 69.19060 68.62090 66.59640 74.18180 77.34550 79.19480 82.46350 82.66300 80.69640 81.72720 83.62360 81.89490 83.99500 82.91720 73.00140 74.62280 73.49440 72.81730 72.55190 76.32550 77.97870 77.44590 78.54920 77.22350 72.69470 71.20100 72.83160 75.17510 74.03930 75.99670 72.62710 69.47210 63.42530 61.80460
-9999 -9999 -9999 -9999 -9999 -9999 -9999 -9999 -9999 57.96780 57.72740 56.09340 55.13880 57.21460 54.37920 52.74980 52.18220 51.37670 50.32370 50.55450 51.22910 50.65360 50.68990 50.79600 51.05560 53.37120 53.15260 52.95540 53.43480 53.78370 53.76250 56.40820 58.44120 60.10190 76.10970 70.51540 70.56270 69.01190 68.95540 67.93190 77.76670 77.95860 78.70760 84.69370 82.22890 91.08310 83.93520 82.21530 84.58980 84.14030 85.01000 77.38920 72.60630 74.67500 71.76530 79.93100 82.60360 81.37370 80.33240 80.09040 74.81660 72.74160 70.65000 76.82900 72.20720 72.99800 73.51520 70.38280 62.63100 60.79130 60.48770
-9999 -9999 -9999 -9999 -9999 -9999 -9999 -9999 -9999 -9999 52.70690 50.81160 50.13120 51.69470 49.79620 49.86470 49.97750 49.69630 49.75100 49.42210 49.73050 49.72420 49.98820 -9999 -9999 -9999 -9999 -9999 -9999 52.90770 54.84660 56.57800 60.91120 62.55570 65.79320 71.50580 72.13410 68.71620 66.64950 64.36630 75.05690 76.30060 69.09030 88.82040 84.77610 90.18570 90.49680 80.41660 82.64490 83.18600 79.12340 74.16440 73.34690 72.55090 77.92220 79.96820 80.85130 80.09280 83.42070 80.19850 77.61730 71.15120 71.89910 76.18380 73.06410 74.44060 72.98460 68.27810 65.18950 67.08010 63.31950
-9999 -9999 -9999 -9999 -9999 -9999 -9999 -9999 -9999 -9999 -9999 -9999 47.46440 48.07800 48.03070 46.26000 46.23410 47.84100 48.24030 -9999 -9999 -9999 -9999 -9999 -9999 -9999 -9999 -9999 -9999 -9999 -9999 -9999 -9999 60.57400 65.12490 70.89180 77.35900 68.66030 64.51960 57.74780 71.44310 77.59720 74.53460 74.21050 74.62610 85.19060 90.43650 82.44410 84.71430 85.86410 85.80680 76.24100 76.73790 76.33890 81.41790 82.59360 80.84560 76.13940 73.88370 76.32090 74.74810 72.27130 74.68500 75.00510 74.15580 73.17540 69.54020 61.71160 63.36100 67.91370 74.89840
-9999 -9999 -9999 -9999 -9999 -9999 -9999 -9999 -9999 -9999 -9999 -9999 -9999 -9999 -9999 -9999 -9999 -9999 -9999 -9999 -9999 -9999 -9999 -9999 -9999 -9999 -9999 -9999 -9999 -9999 -9999 -9999 -9999 -9999 73.99490 75.82040 75.23490 74.96140 60.64950 73.36620 73.71870 77.10260 78.18670 71.33700 89.14660 89.32690 87.08820 83.14170 82.58400 83.30320 81.25500 76.84940 81.90660 76.38110 76.12080 77.91790 78.11110 79.33740 76.93610 73.88340 72.17250 79.79290 74.93120 75.22770 75.35510 73.83590 72.52100 64.28260 66.69970 71.95990 76.62880
-9999 -9999 -9999 -9999 -9999 -9999 -9999 -9999 -9999 -9999 -9999 -9999 -9999 -9999 -9999 -9999 -9999 -9999 -9999 -9999 -9999 -9999 -9999 -9999 -9999 -9999 -9999 -9999 -9999 -9999 -9999 -9999 -9999 -9999 64.22580 74.62340 74.42500 63.21010 58.82790 75.50380 77.39360 84.98220 85.66620 78.73800 75.92770 81.35980 80.42310 82.99070 83.74890 83.18230 80.35100 84.17330 74.45970 74.38430 73.88200 75.83580 79.35850 77.57350 77.26150 80.01620 77.29070 76.66160 72.96230 71.78780 73.80820 64.97710 72.69100 66.22560 70.33800 75.00410 -9999
-9999 -9999 -9999 -9999 -9999 -9999 -9999 -9999 -9999 -9999 -9999 -9999 -9999 -9999 -9999 -9999 -9999 -9999 -9999 -9999 -9999 -9999 -9999 -9999 -9999 -9999 -9999 -9999 -9999 -9999 -9999 -9999 -9999 -9999 -9999 -9999 -9999 -9999 74.79330 75.95650 78.85510 77.25700 74.34540 76.29720 83.18460 80.51680 79.75200 84.22910 84.87530 84.51450 85.99760 80.15210 80.94950 75.17280 76.71330 76.36170 74.17450 74.90060 76.59540 75.57190 75.14280 73.94230 75.49070 72.71720 71.32710 65.49180 69.53120 74.34540 68.98710 -9999 -9999
