data/hydroclimate-scenarios/BCSD_hadcm_B1/monthly_summaries/soilm2_monthly_day1_jul.2070-2099.asc
ncols	311
nrows	91
xllcenter	102.75
yllcenter	31.75
cellsize	0.5
NODATA_value	-9999
[rows 0 to 30 of 91, columns 213 to 283 of 311]
-9999 -9999 -9999 -9999 -9999 -9999 -9999 -9999 -9999 -9999 -9999 -9999 -9999 -9999 -9999 -9999 -9999 -9999 -9999 -9999 -9999 -9999 -9999 -9999 -9999 -9999 -9999 -9999 -9999 -9999 -9999 -9999 -9999 -9999 -9999 -9999 -9999 -9999 -9999 -9999 -9999 -9999 -9999 -9999 -9999 -9999 -9999 -9999 -9999 -9999 -9999 -9999 -9999 -9999 -9999 -9999 -9999 -9999 -9999 -9999 -9999 -9999 -9999 -9999 -9999 -9999 -9999 -9999 -9999 -9999 -9999
-9999 -9999 -9999 -9999 -9999 -9999 -9999 -9999 -9999 -9999 -9999 -9999 -9999 -9999 -9999 -9999 -9999 -9999 -9999 -9999 -9999 -9999 -9999 -9999 -9999 -9999 -9999 -9999 -9999 -9999 -9999 -9999 -9999 -9999 -9999 -9999 -9999 -9999 -9999 -9999 -9999 -9999 -9999 -9999 -9999 -9999 -9999 -9999 -9999 -9999 -9999 -9999 -9999 -9999 -9999 -9999 -9999 -9999 -9999 -9999 -9999 -9999 -9999 -9999 -9999 -9999 -9999 -9999 -9999 -9999 -9999
-9999 -9999 -9999 -9999 -9999 -9999 -9999 -9999 -9999 -9999 -9999 -9999 -9999 -9999 -9999 -9999 -9999 -9999 -9999 -9999 -9999 -9999 -9999 -9999 -9999 -9999 -9999 -9999 -9999 -9999 -9999 -9999 -9999 -9999 -9999 -9999 -9999 -9999 -9999 -9999 -9999 -9999 -9999 -9999 -9999 -9999 -9999 -9999 -9999 -9999 -9999 -9999 -9999 -9999 -9999 -9999 -9999 -9999 -9999 -9999 -9999 -9999 -9999 -9999 -9999 -9999 -9999 -9999 -9999 -9999 -9999
-9999 -9999 -9999 -9999 -9999 -9999 -9999 -9999 -9999 -9999 -9999 -9999 -9999 -9999 -9999 -9999 -9999 -9999 -9999 -9999 -9999 -9999 -9999 -9999 -9999 -9999 -9999 -9999 -9999 -9999 -9999 -9999 -9999 -9999 -9999 -9999 -9999 -9999 -9999 -9999 -9999 -9999 -9999 -9999 -9999 -9999 -9999 -9999 -9999 -9999 -9999 -9999 -9999 -9999 -9999 -9999 -9999 -9999 -9999 -9999 -9999 -9999 -9999 -9999 -9999 -9999 -9999 -9999 -9999 -9999 -9999
-9999 -9999 -9999 -9999 -9999 -9999 -9999 -9999 -9999 -9999 -9999 -9999 -9999 -9999 -9999 -9999 -9999 -9999 -9999 -9999 -9999 -9999 -9999 -9999 -9999 -9999 -9999 -9999 -9999 -9999 -9999 -9999 -9999 -9999 -9999 -9999 -9999 -9999 -9999 -9999 -9999 -9999 -9999 -9999 -9999 -9999 -9999 -9999 -9999 -9999 -9999 -9999 -9999 -9999 -9999 -9999 -9999 -9999 -9999 -9999 -9999 -9999 -9999 -9999 -9999 -9999 -9999 -9999 -9999 -9999 -9999
-9999 -9999 -9999 -9999 -9999 -9999 -9999 -9999 -9999 -9999 -9999 -9999 -9999 -9999 -9999 -9999 -9999 -9999 -9999 -9999 -9999 -9999 -9999 -9999 -9999 -9999 -9999 -9999 -9999 -9999 -9999 -9999 -9999 -9999 -9999 -9999 -9999 -9999 -9999 -9999 -9999 -9999 -9999 -9999 -9999 -9999 -9999 -9999 -9999 -9999 -9999 -9999 -9999 -9999 -9999 -9999 -9999 -9999 -9999 -9999 -9999 -9999 -9999 -9999 -9999 -9999 -9999 -9999 -9999 -9999 -9999
-9999 -9999 -9999 -9999 -9999 -9999 -9999 -9999 -9999 -9999 -9999 -9999 -9999 -9999 -9999 -9999 -9999 -9999 -9999 -9999 -9999 -9999 -9999 -9999 -9999 -9999 -9999 -9999 -9999 -9999 -9999 -9999 -9999 -9999 -9999 -9999 -9999 -9999 -9999 -9999 -9999 -9999 -9999 -9999 -9999 -9999 -9999 -9999 -9999 -9999 -9999 -9999 -9999 -9999 -9999 -9999 -9999 -9999 -9999 -9999 -9999 -9999 -9999 -9999 -9999 -9999 -9999 -9999 -9999 -9999 -9999
-9999 -9999 -9999 -9999 -9999 -9999 -9999 -9999 -9999 -9999 -9999 -9999 -9999 -9999 -9999 -9999 -9999 -9999 -9999 -9999 -9999 -9999 -9999 -9999 -9999 -9999 -9999 -9999 -9999 -9999 -9999 -9999 -9999 -9999 -9999 -9999 -9999 -9999 -9999 -9999 -9999 -9999 -9999 -9999 -9999 -9999 -9999 -9999 -9999 -9999 -9999 -9999 -9999 -9999 -9999 -9999 -9999 -9999 -9999 -9999 -9999 -9999 -9999 -9999 -9999 -9999 -9999 -9999 -9999 -9999 -9999
-9999 -9999 -9999 -9999 -9999 -9999 -9999 -9999 -9999 -9999 -9999 -9999 -9999 -9999 -9999 -9999 -9999 -9999 -9999 -9999 -9999 -9999 -9999 -9999 -9999 -9999 -9999 -9999 -9999 -9999 -9999 -9999 -9999 -9999 -9999 -9999 -9999 -9999 -9999 -9999 -9999 -9999 -9999 -9999 -9999 -9999 -9999 -9999 -9999 -9999 -9999 -9999 -9999 -9999 -9999 -9999 -9999 -9999 -9999 -9999 -9999 -9999 -9999 -9999 -9999 -9999 -9999 -9999 -9999 -9999 -9999
-9999 -9999 -9999 -9999 -9999 -9999 -9999 -9999 -9999 -9999 -9999 -9999 -9999 -9999 -9999 -9999 -9999 -9999 -9999 -9999 -9999 -9999 -9999 -9999 -9999 -9999 -9999 -9999 -9999 -9999 -9999 -9999 -9999 -9999 -9999 -9999 -9999 -9999 -9999 -9999 -9999 -9999 -9999 -9999 -9999 -9999 -9999 -9999 -9999 -9999 -9999 -9999 -9999 -9999 -9999 -9999 -9999 -9999 -9999 -9999 -9999 -9999 -9999 -9999 -9999 -9999 -9999 -9999 -9999 -9999 -9999
-9999 -9999 -9999 -9999 -9999 -9999 -9999 -9999 -9999 -9999 -9999 -9999 -9999 -9999 -9999 -9999 -9999 -9999 -9999 -9999 -9999 -9999 -9999 -9999 -9999 -9999 -9999 -9999 -9999 -9999 -9999 -9999 -9999 -9999 -9999 -9999 -9999 -9999 -9999 -9999 -9999 -9999 -9999 -9999 -9999 -9999 -9999 -9999 -9999 -9999 -9999 -9999 -9999 -9999 -9999 -9999 -9999 -9999 -9999 -9999 -9999 -9999 -9999 -9999 -9999 -9999 -9999 -9999 -9999 -9999 -9999
-9999 -9999 -9999 -9999 -9999 -9999 -9999 -9999 -9999 -9999 -9999 -9999 -9999 -9999 -9999 -9999 -9999 -9999 -9999 -9999 -9999 -9999 -9999 -9999 -9999 -9999 -9999 -9999 -9999 -9999 -9999 -9999 -9999 -9999 -9999 -9999 -9999 -9999 -9999 -9999 -9999 -9999 -9999 -9999 -9999 -9999 -9999 -9999 -9999 -9999 -9999 -9999 -9999 -9999 -9999 -9999 -9999 -9999 -9999 -9999 -9999 -9999 -9999 -9999 -9999 -9999 -9999 -9999 -9999 -9999 -9999
-9999 -9999 -9999 -9999 -9999 -9999 -9999 -9999 -9999 -9999 -9999 -9999 -9999 -9999 -9999 -9999 -9999 -9999 -9999 -9999 -9999 -9999 -9999 -9999 -9999 -9999 -9999 -9999 -9999 -9999 -9999 -9999 -9999 -9999 -9999 -9999 -9999 -9999 -9999 -9999 -9999 -9999 -9999 -9999 -9999 -9999 -9999 -9999 -9999 -9999 -9999 -9999 -9999 -9999 -9999 -9999 -9999 -9999 -9999 -9999 -9999 -9999 -9999 -9999 -9999 -9999 -9999 -9999 -9999 -9999 -9999
120.75100 120.24700 118.39200 118.75200 112.06200 111.45300 -9999 -9999 -9999 -9999 -9999 -9999 -9999 -9999 -9999 -9999 -9999 -9999 -9999 -9999 -9999 -9999 -9999 -9999 -9999 -9999 -9999 -9999 -9999 -9999 -9999 -9999 -9999 -9999 -9999 -9999 -9999 -9999 -9999 -9999 -9999 -9999 -9999 -9999 -9999 -9999 -9999 101.03700 -9999 -9999 -9999 -9999 -9999 -9999 -9999 -9999 -9999 -9999 -9999 -9999 -9999 -9999 -9999 -9999 -9999 -9999 -9999 -9999 -9999 -9999 -9999
116.14300 116.67700 117.88600 118.83400 120.91100 119.67000 106.13600 101.83900 97.80900 102.21300 84.51470 88.60750 89.62540 118.73700 117.85900 114.52900 113.55500 106.55900 108.81300 -9999 -9999 -9999 -9999 -9999 -9999 -9999 -9999 -9999 -9999 -9999 -9999 -9999 -9999 -9999 -9999 -9999 -9999 -9999 -9999 -9999 -9999 -9999 77.58740 78.87370 57.59580 55.70850 63.07270 72.63230 104.89300 -9999 -9999 -9999 110.68400 -9999 -9999 -9999 108.39800 112.64100 113.63900 -9999 -9999 -9999 -9999 -9999 -9999 -9999 -9999 -9999 -9999 -9999 -9999
108.05700 104.57000 98.72250 97.85460 95.16260 95.43210 72.78740 72.59170 73.74640 78.36420 77.21720 89.33260 89.54970 95.80870 98.00430 91.80480 85.07570 83.12290 77.77330 76.80750 75.42720 78.86620 99.21600 106.80100 98.64170 -9999 -9999 -9999 -9999 -9999 115.21500 114.67700 117.69900 112.33300 107.12900 105.28500 102.78800 94.34160 93.40810 87.79790 81.47110 83.70700 53.80870 55.18600 57.63830 58.87930 74.66190 85.51660 109.64400 111.59100 113.16900 113.66100 113.76500 114.38300 112.33700 112.45600 114.68000 117.47300 120.23200 119.83100 117.09200 114.65000 114.40500 111.62300 -9999 -9999 -9999 -9999 -9999 -9999 -9999
94.41510 94.30050 94.89840 93.91800 93.87320 88.19780 83.61630 98.78940 103.56200 106.66000 101.41500 162.36301 162.51300 181.26601 154.69600 150.39700 127.36800 83.92650 78.79480 76.71300 81.37640 80.27630 124.79000 103.86300 106.26900 109.78600 114.07000 100.93100 93.61180 92.04530 90.07490 116.98600 117.49400 121.67000 104.43100 98.46890 96.99670 95.51460 95.96690 93.55480 94.19300 95.08810 95.37280 99.17450 103.71000 100.33800 106.14200 107.01300 106.44700 106.86600 110.20900 111.50000 113.28600 113.50700 112.87300 113.53100 112.30500 112.17000 114.71400 114.62600 112.53200 113.33100 116.13200 118.96900 117.35600 115.55300 113.98600 114.58000 113.70600 113.84100 114.96800
108.11700 108.42900 115.18100 110.41000 114.06600 166.69901 151.59599 139.33200 133.22501 116.48200 107.34400 105.44800 114.11300 105.71200 102.67600 101.94900 103.61000 102.70400 119.90200 125.43200 135.05600 164.28400 179.64799 150.18500 124.19900 124.07000 101.81700 153.42799 98.89760 97.76770 81.58330 99.71640 110.62000 105.80900 91.17340 93.10680 97.03280 99.40390 99.19480 96.98950 96.77950 98.56170 96.81090 94.19370 94.63230 94.51640 98.00870 100.15200 100.41000 100.58200 103.66100 104.97100 107.10600 109.91000 109.75100 110.40100 109.58700 109.19200 112.23700 112.31500 110.75900 111.67200 115.55700 116.67100 113.93000 113.52000 113.82800 115.53800 115.77700 116.62100 117.19200
175.34700 177.59700 166.48100 170.03500 167.43100 141.02299 124.93500 107.52000 106.10100 104.82600 105.93500 105.69300 101.63100 103.65000 103.02900 105.15800 111.59300 103.64400 114.67300 111.15400 156.95900 176.75101 163.80000 113.03100 112.81100 113.87200 143.03400 173.72200 162.78600 101.19200 81.55830 73.62350 82.00920 99.19560 100.83400 101.46900 104.67400 104.65000 104.54500 105.29600 100.75000 104.73900 100.22700 101.34300 100.86100 102.51900 105.36100 105.89000 107.09100 103.69800 98.85250 100.01200 100.83400 101.46000 102.86900 105.06200 105.65000 107.03500 107.52200 107.55700 107.87400 119.39400 123.59500 126.83400 126.35000 126.77600 116.72800 113.29500 113.84400 113.82200 113.58200
163.36200 172.17300 175.14200 168.37601 163.06900 154.74899 132.89101 121.74800 124.90900 118.41200 115.51300 109.86100 112.53800 110.80800 116.06500 116.06500 111.67800 116.35300 158.72099 166.39500 164.63499 173.48801 163.81300 135.12100 111.30900 110.51500 109.70200 122.16300 139.14799 145.29300 89.21650 76.22620 75.82840 104.82200 115.37100 116.51800 116.29300 116.20000 117.31200 117.18400 116.95300 116.59300 120.01200 119.92500 117.60200 118.34800 119.64600 119.72400 120.33800 121.12600 121.94800 116.43900 113.66800 113.85700 111.14000 107.87300 113.99000 115.23600 114.61200 119.40300 123.61400 130.03999 130.98801 131.65500 132.10100 132.29601 132.64799 127.47100 123.19100 129.81000 134.59399
163.13100 192.78700 190.86700 162.77100 141.38100 129.16200 123.40200 118.38400 108.23900 106.82200 110.09400 110.65600 109.88700 113.88100 114.53200 123.01100 125.35700 126.79200 147.58099 146.34801 111.80000 121.03600 143.78101 134.56000 105.68300 108.25400 107.53100 107.08600 106.48300 116.21400 84.13600 79.35980 69.30750 66.77340 65.95490 75.17490 86.04460 90.69620 101.05200 103.09200 114.87700 114.29400 115.20200 115.60400 115.32700 115.56400 117.08800 117.59500 119.01900 119.98500 122.36400 121.93900 122.15100 122.47700 123.45700 123.73300 125.14600 125.15400 124.72000 124.30800 114.90500 125.51700 124.99700 125.05200 126.24800 128.72800 126.19100 131.87900 132.18401 133.35699 134.66299
168.51700 159.52400 140.70000 117.21100 110.42800 111.16300 109.44500 111.35600 109.75200 108.89400 109.67000 111.43100 113.26700 116.10800 120.10100 119.01700 118.42700 119.23300 143.92400 150.60800 107.16200 107.88100 102.71100 108.73400 121.85600 128.82600 111.95600 108.52400 102.84200 108.23500 78.39010 70.75760 69.48880 65.09740 64.09920 63.88650 62.69970 62.47950 63.29240 63.85670 64.03220 85.72780 111.65700 112.03000 111.14000 97.68100 100.39700 100.92400 117.47300 118.14400 118.35600 119.15100 119.11900 118.73000 119.69800 117.77200 119.42700 119.94000 120.64500 121.46100 138.23000 122.15300 122.41200 124.62200 124.91800 125.71900 119.89600 128.56400 126.95000 128.00900 130.39799
159.70700 137.88200 124.12800 120.76500 124.23800 136.86501 154.26500 161.38600 156.21100 151.53500 117.07200 118.46600 125.53000 118.11100 126.60900 127.97900 134.18300 126.59600 137.81200 142.25101 103.39400 102.67100 102.25800 109.22500 107.29700 97.01770 100.18900 103.59500 98.45330 85.53340 76.30430 69.72740 69.19960 75.71600 84.87950 90.31170 93.15610 95.31260 86.61200 78.64310 76.26190 73.57360 84.82960 95.09480 110.52000 111.49300 113.78900 116.15300 116.36700 118.26800 108.63200 105.89200 118.54500 117.95400 118.58900 119.79600 119.60200 119.52000 118.30000 113.86200 115.45800 120.06400 119.74800 120.43800 120.69800 123.69300 122.09100 121.99500 123.06400 124.34800 124.72800
133.46800 136.56400 141.96201 132.45799 116.02800 123.21300 142.44800 145.28200 150.51300 144.10800 131.90800 135.04700 114.64800 110.89100 109.31200 105.56600 113.14500 126.33600 142.98500 149.85300 127.64400 102.72000 74.41410 80.21280 78.80010 80.64720 93.38520 98.45660 104.98200 106.53200 107.59100 103.69600 105.13600 107.00000 112.22200 113.73300 115.57200 116.86800 114.40800 112.70900 115.62400 115.67100 111.33900 111.75800 108.93400 108.32800 101.28000 99.28810 102.65100 115.79700 114.95600 113.48200 115.47600 102.72900 115.78400 117.09600 116.81200 137.66000 115.59800 115.90600 117.41800 116.52800 118.60600 121.06800 120.13400 121.40500 118.72900 119.09800 116.46200 117.53600 119.25600
128.75500 130.45900 130.87500 129.47200 116.87100 114.85800 114.67300 117.55000 132.20200 147.25301 141.94701 125.25400 136.78101 139.46899 139.81900 131.26700 121.73400 105.35600 106.79000 156.71899 156.12601 157.55000 157.22900 157.47400 70.91910 71.53050 71.28800 75.61510 86.99780 93.28220 87.67910 95.86480 95.15080 101.34900 98.96050 108.22100 110.43800 115.50300 121.45700 120.66800 126.99700 127.00500 124.10100 123.83400 125.18400 126.67100 124.41200 118.74100 107.07200 97.37270 93.68470 95.71470 111.84100 114.43200 101.61500 115.72600 114.98000 114.99800 114.41000 115.24500 117.05300 119.56900 120.70900 120.72200 117.99800 116.37200 116.93200 106.38700 107.48400 107.14000 110.44200
123.18300 125.63700 118.58800 115.69400 129.79700 120.01300 120.99400 117.60600 116.30700 116.21000 121.11400 124.88100 126.22000 136.16701 148.87100 120.61400 107.91400 104.11000 109.38900 120.72700 121.59800 145.47000 105.80800 123.52500 111.87600 156.38901 108.39000 103.03500 78.88430 121.17900 124.19600 127.37300 120.93600 124.50200 119.71300 129.78600 92.98430 108.51400 175.02100 182.89700 123.94000 126.32900 122.65700 124.61400 123.04400 125.35600 125.41500 119.65600 114.54200 105.96300 103.93200 96.34910 93.10440 114.71200 117.95000 100.04400 114.22600 114.94500 113.47300 114.02000 114.84000 117.46500 117.06800 115.05900 115.02000 116.47300 115.81800 114.84200 117.29400 102.47900 105.13100
134.68401 135.01401 143.80901 160.05200 148.98900 201.63100 212.07001 217.31200 204.73599 206.23199 188.37601 187.24699 153.57401 115.67500 121.45300 122.31300 113.68500 109.79800 128.19800 120.99900 135.40500 126.60300 123.99900 131.50400 126.56900 131.27699 134.87000 136.99001 141.23500 140.80499 133.34200 121.03100 117.69700 117.00900 113.95400 117.22000 130.36400 154.75200 166.11200 173.32600 178.88901 179.07100 140.13699 148.29100 129.95700 127.17100 124.11700 126.99500 120.77100 109.09200 107.05700 104.89700 98.33270 96.25580 111.84000 101.06400 115.27200 113.46800 113.97700 112.94100 112.91300 114.90500 115.87300 116.55800 115.50800 113.08600 113.78900 113.52800 113.05900 113.04200 95.28150
200.48000 134.30901 122.10200 130.26700 190.19501 185.81000 127.74500 134.84399 142.28000 143.28101 201.05400 146.39400 160.94701 214.37100 196.17700 145.09700 115.31400 114.43400 140.77200 144.89900 149.07700 151.28900 141.24001 135.82300 118.34700 113.24600 118.96700 123.82900 122.38400 125.81000 130.08501 115.52000 109.77400 111.77800 109.71500 116.50900 117.75800 126.83200 140.63100 146.64600 145.78799 153.72099 138.91600 142.61200 127.28200 130.94600 133.24001 130.83600 121.00200 115.68400 113.74200 108.92500 105.46500 101.34200 110.51200 95.59680 95.89870 113.12000 112.61600 112.57100 112.35500 113.00100 112.90300 112.12800 113.65200 113.36100 112.22200 112.08400 111.04100 110.55800 110.53700
143.91901 126.21000 108.35200 104.40100 94.64410 103.53000 121.85000 109.95400 115.78700 113.99700 106.30700 107.07200 90.40810 99.85600 92.28740 152.73300 136.38499 105.93600 120.83600 127.95800 143.43401 160.14900 152.72200 133.17200 105.94100 104.10500 108.44800 109.78100 109.05000 109.31800 107.34700 105.70500 105.80800 104.76400 105.70400 114.16500 127.67000 134.12500 135.48500 135.61600 148.32201 151.46700 135.31300 147.90300 130.79700 131.84000 138.27600 140.64600 132.16400 135.14900 126.44600 121.75500 110.63200 101.86000 112.61100 85.65490 96.83930 112.51600 111.82900 110.77600 95.86550 94.78940 95.07760 95.19340 94.35580 111.34200 111.40000 112.04800 112.23900 109.95900 110.14400
103.87200 86.98790 108.18800 117.16200 123.98200 128.79800 121.97500 105.21100 87.63640 95.70260 88.43460 87.55520 110.52400 158.13400 158.15100 176.27800 174.25700 163.51199 152.97099 151.43800 137.58701 151.80600 157.03500 137.40401 122.51600 112.57900 110.78100 106.22500 110.62600 107.58500 105.94900 103.91700 104.96400 105.20600 106.11600 113.81600 118.67200 130.90199 147.83099 143.27499 140.82201 147.72501 151.06599 163.22501 128.44299 136.39999 134.75800 136.36600 137.07100 135.95900 129.72099 123.59200 114.54200 110.13300 100.89200 84.68360 112.47900 111.96400 111.04600 110.38500 112.17200 115.52300 115.55000 115.41700 102.72200 95.11270 110.12800 109.69800 110.19400 110.02200 110.25400
74.13000 64.03440 74.64160 102.08900 103.98100 106.30600 111.64800 117.52200 112.49900 97.82840 86.01180 79.93930 88.87770 121.08100 197.03600 231.46600 204.90300 161.99600 179.16299 173.20399 166.89400 174.98000 157.85400 147.79800 150.58900 147.02000 129.61400 120.78600 131.42500 112.89000 106.61800 103.90900 103.82800 104.45400 111.89600 123.24900 126.72500 126.53000 124.43800 132.88000 146.11800 139.16600 140.89301 154.59700 114.38400 119.87900 126.33800 122.92700 117.11200 111.32800 112.30900 115.39600 118.66900 114.68900 111.42100 101.84300 115.74700 114.58000 110.15600 108.81900 108.69100 108.67800 109.61800 109.72300 108.99200 108.52400 108.08200 108.28300 108.31900 109.76800 110.22400
