data/hydroclimate-scenarios/BCSD_hadcm_B1/monthly_summaries/soilm3_monthly_day1_sep.2030-2059.asc
ncols	311
nrows	91
xllcenter	102.75
yllcenter	31.75
cellsize	0.5
NODATA_value	-9999
[rows 0 to 31 of 91, columns 71 to 141 of 311]
-9999 -9999 -9999 -9999 -9999 -9999 -9999 -9999 -9999 -9999 -9999 -9999 -9999 -9999 -9999 -9999 -9999 -9999 -9999 -9999 -9999 -9999 -9999 -9999 -9999 -9999 -9999 -9999 -9999 -9999 -9999 -9999 -9999 -9999 -9999 -9999 -9999 -9999 -9999 -9999 -9999 -9999 -9999 -9999 -9999 -9999 -9999 -9999 -9999 -9999 -9999 -9999 -9999 -9999 -9999 -9999 -9999 -9999 -9999 -9999 -9999 -9999 -9999 -9999 -9999 -9999 -9999 -9999 -9999 -9999 -9999
-9999 -9999 -9999 -9999 -9999 -9999 -9999 -9999 -9999 -9999 -9999 -9999 -9999 -9999 -9999 -9999 -9999 -9999 -9999 -9999 -9999 -9999 -9999 -9999 -9999 -9999 -9999 -9999 -9999 -9999 -9999 -9999 -9999 -9999 -9999 -9999 -9999 -9999 -9999 -9999 -9999 -9999 -9999 -9999 -9999 -9999 -9999 -9999 -9999 -9999 -9999 -9999 -9999 -9999 -9999 -9999 -9999 -9999 -9999 -9999 -9999 -9999 -9999 -9999 -9999 -9999 -9999 -9999 -9999 -9999 -9999
-9999 -9999 -9999 -9999 -9999 -9999 -9999 -9999 -9999 -9999 -9999 -9999 -9999 -9999 -9999 -9999 -9999 -9999 -9999 -9999 -9999 -9999 -9999 -9999 -9999 -9999 -9999 -9999 -9999 -9999 -9999 -9999 -9999 -9999 -9999 -9999 -9999 -9999 -9999 -9999 -9999 -9999 -9999 -9999 -9999 -9999 -9999 -9999 -9999 -9999 -9999 -9999 -9999 -9999 -9999 -9999 -9999 -9999 -9999 -9999 -9999 -9999 -9999 -9999 -9999 -9999 -9999 -9999 -9999 -9999 -9999
-9999 -9999 -9999 -9999 -9999 -9999 -9999 -9999 -9999 -9999 -9999 -9999 -9999 -9999 -9999 -9999 -9999 -9999 -9999 -9999 -9999 -9999 -9999 -9999 -9999 -9999 -9999 -9999 -9999 -9999 -9999 -9999 -9999 -9999 -9999 -9999 -9999 -9999 -9999 -9999 -9999 -9999 -9999 -9999 -9999 -9999 -9999 -9999 -9999 -9999 -9999 -9999 -9999 -9999 -9999 -9999 -9999 -9999 -9999 -9999 -9999 -9999 -9999 -9999 -9999 -9999 -9999 -9999 -9999 -9999 -9999
-9999 -9999 -9999 -9999 -9999 -9999 -9999 -9999 -9999 -9999 -9999 -9999 -9999 -9999 -9999 -9999 -9999 -9999 -9999 -9999 -9999 -9999 -9999 -9999 -9999 -9999 -9999 -9999 -9999 -9999 -9999 -9999 -9999 -9999 -9999 -9999 -9999 -9999 -9999 -9999 -9999 -9999 -9999 -9999 -9999 -9999 -9999 -9999 -9999 -9999 -9999 -9999 -9999 -9999 -9999 -9999 -9999 -9999 -9999 -9999 -9999 -9999 -9999 -9999 -9999 -9999 -9999 -9999 -9999 -9999 -9999
-9999 -9999 -9999 -9999 -9999 -9999 -9999 -9999 -9999 -9999 -9999 -9999 -9999 -9999 -9999 -9999 -9999 -9999 -9999 -9999 -9999 -9999 -9999 -9999 -9999 -9999 -9999 -9999 -9999 -9999 -9999 -9999 -9999 -9999 -9999 -9999 -9999 -9999 -9999 -9999 -9999 -9999 -9999 -9999 -9999 -9999 -9999 -9999 -9999 -9999 -9999 -9999 -9999 -9999 -9999 -9999 -9999 -9999 -9999 -9999 -9999 -9999 -9999 -9999 -9999 -9999 -9999 -9999 -9999 -9999 -9999
-9999 -9999 -9999 -9999 -9999 -9999 -9999 -9999 -9999 -9999 -9999 -9999 -9999 -9999 -9999 -9999 -9999 -9999 -9999 -9999 -9999 -9999 -9999 -9999 -9999 -9999 -9999 -9999 -9999 -9999 -9999 -9999 -9999 -9999 -9999 -9999 -9999 -9999 -9999 -9999 -9999 -9999 -9999 -9999 -9999 -9999 -9999 -9999 -9999 -9999 -9999 -9999 -9999 -9999 -9999 -9999 -9999 -9999 -9999 -9999 -9999 -9999 -9999 -9999 -9999 -9999 -9999 -9999 -9999 -9999 -9999
-9999 -9999 -9999 -9999 -9999 -9999 -9999 -9999 -9999 -9999 -9999 -9999 -9999 -9999 -9999 -9999 -9999 -9999 -9999 -9999 -9999 -9999 -9999 -9999 -9999 -9999 -9999 -9999 -9999 -9999 -9999 -9999 -9999 -9999 -9999 -9999 -9999 -9999 -9999 -9999 -9999 -9999 -9999 -9999 -9999 -9999 -9999 -9999 -9999 -9999 -9999 -9999 -9999 -9999 -9999 -9999 -9999 -9999 -9999 -9999 -9999 -9999 -9999 -9999 -9999 -9999 -9999 -9999 -9999 -9999 -9999
-9999 -9999 -9999 -9999 -9999 -9999 22.30530 -9999 -9999 -9999 -9999 -9999 -9999 -9999 -9999 -9999 -9999 -9999 -9999 -9999 -9999 -9999 -9999 -9999 -9999 -9999 -9999 -9999 -9999 -9999 -9999 -9999 -9999 -9999 -9999 -9999 -9999 -9999 -9999 -9999 -9999 -9999 -9999 -9999 -9999 -9999 -9999 -9999 -9999 -9999 -9999 -9999 -9999 -9999 -9999 -9999 -9999 -9999 -9999 -9999 -9999 -9999 -9999 -9999 -9999 -9999 -9999 -9999 -9999 -9999 -9999
-9999 -9999 22.57520 22.30180 22.30120 22.30250 22.30650 22.31230 22.00550 21.90900 21.71450 21.61600 21.65390 21.86270 21.26850 20.84460 21.24840 21.08750 21.00240 21.20930 21.70410 22.41890 -9999 -9999 -9999 -9999 -9999 -9999 -9999 -9999 -9999 -9999 -9999 -9999 -9999 -9999 -9999 -9999 -9999 -9999 -9999 -9999 -9999 -9999 -9999 -9999 -9999 -9999 -9999 -9999 -9999 -9999 -9999 -9999 -9999 -9999 -9999 -9999 -9999 -9999 -9999 -9999 -9999 -9999 -9999 -9999 -9999 -9999 -9999 -9999 -9999
-9999 -9999 -9999 -9999 20.80330 20.60480 20.30650 20.30800 20.31440 20.32040 20.32600 20.33640 20.35050 20.35590 20.36510 20.37480 20.37770 20.38870 20.39550 20.40400 20.42860 20.71830 -9999 -9999 -9999 -9999 -9999 -9999 -9999 -9999 -9999 -9999 -9999 -9999 -9999 -9999 -9999 -9999 -9999 -9999 -9999 -9999 -9999 -9999 -9999 -9999 -9999 -9999 -9999 -9999 -9999 -9999 -9999 -9999 -9999 -9999 -9999 -9999 -9999 -9999 -9999 -9999 -9999 -9999 -9999 -9999 -9999 -9999 -9999 -9999 -9999
21.90090 22.30100 21.80130 21.90160 20.90250 21.40380 23.40520 21.50680 21.31090 21.31470 20.42060 20.32650 20.33620 20.34460 20.35960 20.36570 20.37060 20.38150 20.58330 21.07800 21.11920 20.46140 18.48790 18.28350 18.23490 18.24730 18.22020 18.30210 -9999 -9999 -9999 -9999 -9999 -9999 -9999 -9999 -9999 -9999 -9999 -9999 -9999 -9999 -9999 -9999 -9999 -9999 -9999 -9999 -9999 -9999 -9999 -9999 -9999 -9999 -9999 -9999 -9999 -9999 -9999 -9999 -9999 -9999 -9999 -9999 -9999 -9999 -9999 -9999 -9999 -9999 -9999
23.00200 22.90230 21.70260 22.90320 23.20420 22.40600 22.60650 23.40810 23.40930 23.51150 21.41700 21.42100 21.33360 21.14200 20.35150 20.36330 21.35680 23.14990 22.56380 18.40410 18.33340 19.12810 19.02410 18.30600 18.23630 18.23000 18.22620 18.23600 18.27340 18.25830 18.24350 18.24030 18.57740 18.56010 18.46100 18.41740 18.32390 18.31520 18.26280 18.25300 18.27080 18.27010 18.26700 -9999 -9999 -9999 -9999 -9999 -9999 -9999 -9999 -9999 -9999 -9999 -9999 -9999 -9999 -9999 -9999 -9999 -9999 -9999 -9999 -9999 -9999 -9999 -9999 -9999 -9999 -9999 -9999
22.38250 22.28390 22.32910 22.80260 22.70510 22.80430 22.70540 22.70660 22.70800 23.00870 22.71150 22.91580 23.02040 23.32680 22.53530 22.34290 23.33910 23.54250 23.03730 20.26510 19.72120 20.23930 20.80370 21.76450 21.22810 20.72180 21.01700 21.11490 19.67380 18.47780 18.25080 18.24720 19.30230 18.93580 18.41340 18.38370 18.37560 18.32960 18.27580 18.26650 18.30930 18.30260 18.27560 21.63720 -9999 -9999 -9999 -9999 -9999 -9999 -9999 -9999 -9999 -9999 -9999 -9999 -9999 -9999 -9999 -9999 -9999 -9999 -9999 -9999 -9999 -9999 -9999 -9999 -9999 -9999 -9999
22.80830 22.71480 22.70550 22.78310 22.80920 21.80880 21.91380 22.81200 21.71870 21.11850 20.52960 21.32940 21.72890 21.73000 21.02820 20.53710 20.54680 19.85650 20.84690 21.30680 19.63380 20.53100 20.52580 20.42310 19.62640 19.83490 20.11950 20.81350 19.61240 19.61260 19.60880 19.60650 19.63650 19.63610 19.62980 19.62880 19.86970 19.82870 19.32880 18.40820 18.40600 18.39720 18.44220 18.38360 -9999 -9999 -9999 -9999 -9999 -9999 -9999 -9999 -9999 -9999 -9999 -9999 -9999 -9999 -9999 21.28660 21.39150 -9999 -9999 -9999 -9999 18.90440 20.30990 21.71120 22.12800 22.44370 21.95810
22.70700 22.70850 22.80470 22.71680 22.80600 21.20490 19.60910 20.81380 19.71800 21.91660 22.01260 20.02000 19.62370 19.63610 19.63780 19.63310 20.23700 20.53170 21.25210 20.34050 21.41340 20.81590 19.61880 19.61100 19.61380 20.31020 23.40670 23.20720 20.00870 19.60840 19.60760 19.60600 20.73300 22.42300 23.11720 20.32950 19.85890 20.31810 22.69270 22.88240 21.98270 22.27140 21.50370 20.45180 19.59650 19.76880 21.80720 20.45370 21.09210 22.06770 22.59500 21.92040 21.98810 23.17430 23.12500 22.44060 22.33350 22.33160 22.26970 21.88860 22.50600 -9999 -9999 -9999 -9999 -9999 18.74100 19.34010 20.91840 21.72230 22.47360
22.85260 22.28500 22.80960 22.82330 22.33170 22.70650 22.40770 21.50680 19.60640 19.60670 19.60760 19.61110 19.61340 19.61610 20.21970 20.89360 20.52660 20.43390 19.63430 21.02550 20.90850 20.10960 19.60780 19.60730 19.61080 19.61040 19.61020 19.61080 19.60920 19.60960 19.60880 19.60740 20.64950 20.14810 19.64910 19.64840 20.06890 20.36230 22.03990 22.42980 20.57660 22.03170 20.19130 20.58510 20.02840 19.97980 20.00050 19.98270 19.88490 20.03030 20.38650 20.67780 21.34910 22.24320 23.37050 23.22740 23.55130 23.76630 23.37860 22.49640 22.62420 22.87180 22.76410 21.28990 20.76120 18.77020 18.78310 18.91410 20.47790 20.76300 22.11120
22.74410 22.98560 22.70860 22.94690 22.79970 21.21960 21.01370 21.36510 21.60320 21.30310 20.20390 20.20630 20.20850 20.97520 20.21660 19.62830 20.12450 20.02520 20.12930 22.43270 21.80760 21.20640 20.00640 19.60600 19.60970 19.60850 19.60880 19.60870 19.60900 19.60940 19.60970 19.70940 20.05650 20.24800 20.34420 20.34220 22.56250 21.71490 22.47020 23.07090 21.65400 20.43220 22.95850 23.07270 21.66130 20.24410 20.32800 19.98830 19.81940 20.42600 22.55700 22.96460 22.91630 22.14990 22.91680 22.38630 22.99010 23.50350 23.74460 23.98690 23.93940 24.42840 23.34970 22.55670 22.71800 22.60070 20.95800 20.86750 21.03630 22.12730 23.30760
22.95240 23.31330 22.80730 22.32890 22.80300 22.10100 22.70060 22.80400 22.50130 20.70080 21.10090 21.50220 20.60230 20.40270 20.70280 21.10370 19.60420 19.60440 19.80980 21.65600 21.12030 20.90870 21.00540 20.00490 19.60750 19.60740 19.60690 19.60750 19.66050 19.65810 20.54970 21.62940 20.55070 21.84170 19.84850 19.94520 20.63820 20.74160 22.63190 22.93270 22.22910 20.73260 21.06020 22.56560 22.95620 22.83340 22.82270 21.03140 19.63620 21.33720 21.74880 22.75590 22.39610 22.21190 22.59090 22.57870 22.50620 23.70410 23.86810 24.12620 24.62520 25.41000 26.21420 24.36740 23.91800 23.24310 22.94460 22.74930 23.07240 23.51090 23.93140
22.91330 23.04790 22.85700 22.69870 22.33030 22.80050 22.90010 22.90100 22.90190 22.90070 22.92710 22.87150 22.61090 22.70850 22.70480 22.80170 22.40140 19.80300 19.60900 19.61960 19.62190 19.70810 19.80650 19.60650 19.60670 19.60660 19.60580 19.60480 20.34930 20.93410 20.34670 21.64750 22.74310 22.83720 21.43020 22.52360 22.32680 22.13190 20.43610 21.75220 22.94040 22.93110 21.25350 21.65160 22.95760 22.95820 22.83790 22.83530 21.73200 20.25030 19.68500 21.17450 22.16880 21.07520 21.02450 22.37020 21.97490 23.86520 23.88240 23.64040 23.72200 23.77540 23.86760 25.03260 25.82510 24.20170 25.47580 23.33890 23.17180 23.31780 23.82000
22.71360 22.63260 22.69700 22.96350 23.25900 22.31600 22.28380 22.28360 22.70130 22.90010 22.90240 22.99990 23.42550 24.37750 23.12220 22.82740 22.71410 22.70300 22.60130 21.30200 21.00230 20.30270 20.50290 20.90240 20.20380 20.60460 20.30450 20.70370 20.74220 22.43970 22.43680 22.93490 22.85060 22.74740 22.73620 22.84180 22.74480 22.76230 22.84140 22.74180 22.94570 22.95370 22.94570 22.93910 22.85460 22.84540 22.84090 22.74860 22.73660 22.54120 22.33200 22.94210 23.53240 23.45060 23.57220 24.02100 23.89660 24.36990 23.98540 25.28280 24.89510 24.49230 23.15630 24.10080 23.92340 24.02870 23.19050 23.40870 23.27110 23.79460 22.98130
23.04470 23.04120 23.29620 23.82840 23.37620 22.92550 22.48030 22.65210 22.72460 22.80120 22.90010 22.70110 22.71440 22.90300 23.64970 23.84640 23.57510 23.27670 22.66910 22.33090 22.80230 22.80200 22.10180 20.70280 19.90510 20.20580 20.30440 20.20480 22.93850 22.94320 22.94180 22.96500 22.78390 22.96990 22.76440 22.86280 22.85050 22.85480 22.34360 22.75710 22.86840 22.86000 22.94270 22.77590 22.78320 22.81260 22.78180 22.88000 22.77010 22.76480 22.93260 22.83620 24.40310 23.27920 24.71640 24.73890 23.87920 24.14670 24.19040 25.00270 24.37120 24.62950 24.37170 23.86720 24.01140 22.96610 23.67400 23.32760 22.60950 23.01900 21.93150
22.85960 23.18850 23.72610 23.32970 23.98950 24.54090 23.81370 22.69460 22.90640 22.75830 22.80500 22.90780 22.71030 22.28430 22.70660 22.28580 22.38070 23.35080 23.39940 23.02410 22.38510 22.85930 22.74690 22.63080 19.63520 19.64110 20.03370 20.43470 20.75750 22.54380 22.94000 22.93900 22.95940 22.45300 22.45960 22.93730 22.93960 22.84360 22.77610 22.77050 22.85040 22.94330 22.94730 22.75960 22.90200 23.08500 23.01450 23.00640 22.93710 22.96190 23.15330 23.04680 23.13750 23.58490 22.73100 23.26920 22.93870 23.27340 23.02140 23.03090 24.16690 24.23380 24.17940 22.91830 23.48260 22.02780 21.88210 21.30420 21.64840 21.91670 21.67270
22.85090 22.89300 22.80130 22.92680 23.30960 23.90640 23.68330 23.84100 23.32900 22.98630 22.91930 23.01770 22.99490 22.89110 23.63700 24.05720 24.78070 22.32960 23.06680 24.14120 24.47450 23.77860 23.32400 22.83940 21.32930 20.92960 20.13280 20.73590 21.54380 20.84570 20.84910 20.65200 20.15970 21.45030 22.72970 22.93150 22.93850 22.93700 22.85950 22.86710 22.84660 22.89800 22.87200 22.31660 22.29450 22.83770 22.95730 23.01420 23.08040 23.05590 23.17990 22.93020 23.17140 23.01690 23.57930 24.22560 23.14880 23.35870 22.93970 22.95100 23.95890 24.28730 24.26490 24.13080 22.23560 21.95720 21.88260 21.54850 22.30530 22.94810 22.02340
22.88190 22.88130 22.79170 22.72490 22.86260 22.89240 22.96260 22.98270 22.91330 22.92220 22.92040 22.82090 22.33720 22.72430 23.08170 23.15610 23.81970 23.97320 22.74900 22.89360 23.05630 23.09760 23.06330 22.95730 22.75340 22.73080 21.12930 22.92390 22.93520 22.93410 22.93860 22.93740 21.73680 21.24250 22.54060 22.83790 22.75780 22.76050 22.85660 22.98640 22.87270 22.75510 23.05230 22.38630 22.76780 22.86860 22.98140 23.02970 23.07950 23.12610 23.29170 23.06120 23.21190 23.56410 23.29820 23.31730 22.95730 22.93380 23.18290 23.13090 24.32750 24.13260 24.03140 23.00160 23.84410 24.41520 23.23100 22.24350 22.59580 23.45130 23.85630
23.05000 23.12370 23.23200 23.05300 22.99900 22.76440 22.91680 22.90710 22.90210 23.00130 23.23830 23.26850 22.97100 22.71620 22.90750 22.94850 23.07390 23.18790 24.17720 23.71880 23.13240 22.89520 22.87190 22.81830 22.83770 22.96530 22.82730 22.82480 22.92880 22.93810 22.93250 23.13570 23.32450 23.23050 22.84350 22.94960 22.95370 22.80840 22.78030 23.03080 22.61020 22.97490 22.91380 23.24630 23.05750 22.82440 22.33100 22.39380 22.40120 22.39580 23.15790 23.02590 22.98850 22.89810 22.88260 23.12800 23.19180 23.13970 23.30890 23.55060 24.80400 24.59620 24.26520 20.98400 19.51490 19.32200 19.27590 19.39930 22.88490 23.39720 23.46930
23.85260 24.26100 24.59660 24.12690 23.34230 23.07620 22.95760 22.96130 22.91350 23.03950 23.23100 23.61640 24.13830 23.36700 22.96150 22.96260 23.05320 23.27950 24.31810 24.40880 23.35580 23.20100 23.25220 22.85310 22.91950 22.95870 22.88890 22.85320 22.92240 22.92490 23.32180 22.92370 22.97770 23.13570 22.98550 22.91670 23.12840 23.43380 22.53110 23.20530 23.44830 23.85690 23.13360 22.68120 22.54390 22.48140 21.35570 22.48740 21.85090 19.13280 22.75170 23.52620 23.34960 21.71470 21.05020 22.11890 23.01730 20.91200 18.32840 18.28950 18.29520 19.21170 18.91120 18.30860 18.78920 22.41040 19.01240 22.21410 22.60550 22.84410 23.24580
23.35420 24.00260 25.05710 24.07810 24.14540 23.18900 22.49750 22.89690 22.94570 22.91390 22.90730 23.01640 22.97880 23.54880 23.26820 23.27390 23.23990 23.09070 23.15580 23.06620 24.57870 23.20890 23.10210 22.83790 22.85550 22.91510 23.40920 22.91360 22.93070 23.22360 23.23860 23.03350 22.99990 23.05660 23.06660 22.87850 23.26050 23.46440 23.88750 23.30320 23.02890 23.50160 22.79060 23.70230 22.05080 20.50360 18.61320 18.80110 19.16340 19.13490 19.14440 20.58640 21.27330 20.80190 21.57680 20.50180 18.58250 18.38760 18.33260 18.30980 18.31670 18.34470 19.54590 21.62590 22.26210 22.65820 22.69440 22.65810 22.81470 22.61420 23.00090
23.73280 23.90020 25.33140 24.65620 24.06130 25.17980 23.39070 22.57130 22.70700 23.19540 22.92570 23.09390 22.91100 23.07760 23.86860 23.42220 23.13190 22.86970 23.19190 23.16390 23.10880 23.41350 23.30810 22.92550 22.89960 22.84980 22.95970 22.85000 22.73010 22.93390 22.83560 23.13580 23.03200 23.05220 23.09020 22.55510 23.37630 23.72690 24.87450 25.68040 23.97250 22.64140 23.04920 22.00060 18.84320 18.65300 20.23300 21.43040 21.69670 19.61930 18.56630 18.52380 22.35510 19.78190 18.83810 18.93670 18.50500 18.40000 18.39100 18.34930 19.08040 21.06850 22.40830 22.77900 23.93070 23.72780 24.26980 24.35180 23.61920 23.36500 23.36010
23.27190 23.76810 25.14910 24.54490 25.10540 24.61700 25.76720 24.06010 25.23780 25.63070 26.17560 24.54180 23.54560 23.88060 23.90990 23.37510 23.52420 23.31880 23.03360 23.11780 22.96810 23.53330 24.35720 23.14150 22.94410 22.35880 23.12850 22.98010 22.78120 22.88920 22.95360 22.74750 23.07530 23.11440 23.58180 23.03760 23.28620 23.54000 25.03670 25.27540 23.82640 21.58310 19.31370 18.68150 18.39790 20.77470 22.39590 22.41510 23.16560 23.01970 -9999 -9999 22.36460 20.79310 18.48450 18.79060 18.59490 18.63350 22.15750 22.39890 22.41410 22.62000 23.27820 23.92760 24.84780 26.36760 27.39940 29.20000 25.15020 24.61800 24.53240
23.75920 23.45130 23.74080 23.98330 25.78120 24.61170 25.52230 24.52600 24.82940 24.13520 24.33240 24.15850 24.23400 24.87880 23.62540 23.28280 24.42190 23.59100 23.00020 23.50500 23.12900 23.63210 23.73180 23.80840 24.27960 23.60890 23.59130 23.20580 22.37370 22.93640 22.99940 22.79810 22.90720 23.10950 23.55650 23.07280 23.30550 23.18940 22.93500 -9999 -9999 -9999 -9999 22.93860 -9999 22.54560 23.83800 23.35280 23.08060 22.84120 -9999 -9999 22.18750 18.84590 18.88540 20.75990 22.13820 22.22190 22.24760 22.50310 22.55630 22.71870 22.86470 22.94350 23.77550 29.45090 29.90770 29.12360 25.41340 24.02810 23.59960
23.53900 23.60780 23.79430 24.04430 24.86230 24.04260 25.53950 24.95680 23.11540 23.03840 23.04120 23.31810 23.54020 23.60580 23.12710 22.60330 23.93670 23.93230 24.15270 23.50210 24.73970 23.70850 23.97410 23.88210 23.13640 23.24270 22.80950 23.62910 23.43520 23.04050 22.95730 22.87810 23.52670 23.27860 23.90610 22.88350 22.92520 -9999 -9999 -9999 -9999 -9999 -9999 -9999 23.04780 23.07750 23.21410 -9999 -9999 -9999 -9999 -9999 18.86340 19.73950 23.21420 23.02410 22.33730 22.06190 22.36770 22.58910 22.37390 22.38520 22.51460 22.71290 23.21680 22.98150 24.19360 27.26030 24.60230 22.82880 -9999
