data/hydroclimate-scenarios/BCSD_hadcm_B1/monthly_summaries/soilm3_monthly_day1_dec.2070-2099.asc
ncols	311
nrows	91
xllcenter	102.75
yllcenter	31.75
cellsize	0.5
NODATA_value	-9999
[rows 0 to 31 of 91, columns 71 to 141 of 311]
-9999 -9999 -9999 -9999 -9999 -9999 -9999 -9999 -9999 -9999 -9999 -9999 -9999 -9999 -9999 -9999 -9999 -9999 -9999 -9999 -9999 -9999 -9999 -9999 -9999 -9999 -9999 -9999 -9999 -9999 -9999 -9999 -9999 -9999 -9999 -9999 -9999 -9999 -9999 -9999 -9999 -9999 -9999 -9999 -9999 -9999 -9999 -9999 -9999 -9999 -9999 -9999 -9999 -9999 -9999 -9999 -9999 -9999 -9999 -9999 -9999 -9999 -9999 -9999 -9999 -9999 -9999 -9999 -9999 -9999 -9999
-9999 -9999 -9999 -9999 -9999 -9999 -9999 -9999 -9999 -9999 -9999 -9999 -9999 -9999 -9999 -9999 -9999 -9999 -9999 -9999 -9999 -9999 -9999 -9999 -9999 -9999 -9999 -9999 -9999 -9999 -9999 -9999 -9999 -9999 -9999 -9999 -9999 -9999 -9999 -9999 -9999 -9999 -9999 -9999 -9999 -9999 -9999 -9999 -9999 -9999 -9999 -9999 -9999 -9999 -9999 -9999 -9999 -9999 -9999 -9999 -9999 -9999 -9999 -9999 -9999 -9999 -9999 -9999 -9999 -9999 -9999
-9999 -9999 -9999 -9999 -9999 -9999 -9999 -9999 -9999 -9999 -9999 -9999 -9999 -9999 -9999 -9999 -9999 -9999 -9999 -9999 -9999 -9999 -9999 -9999 -9999 -9999 -9999 -9999 -9999 -9999 -9999 -9999 -9999 -9999 -9999 -9999 -9999 -9999 -9999 -9999 -9999 -9999 -9999 -9999 -9999 -9999 -9999 -9999 -9999 -9999 -9999 -9999 -9999 -9999 -9999 -9999 -9999 -9999 -9999 -9999 -9999 -9999 -9999 -9999 -9999 -9999 -9999 -9999 -9999 -9999 -9999
-9999 -9999 -9999 -9999 -9999 -9999 -9999 -9999 -9999 -9999 -9999 -9999 -9999 -9999 -9999 -9999 -9999 -9999 -9999 -9999 -9999 -9999 -9999 -9999 -9999 -9999 -9999 -9999 -9999 -9999 -9999 -9999 -9999 -9999 -9999 -9999 -9999 -9999 -9999 -9999 -9999 -9999 -9999 -9999 -9999 -9999 -9999 -9999 -9999 -9999 -9999 -9999 -9999 -9999 -9999 -9999 -9999 -9999 -9999 -9999 -9999 -9999 -9999 -9999 -9999 -9999 -9999 -9999 -9999 -9999 -9999
-9999 -9999 -9999 -9999 -9999 -9999 -9999 -9999 -9999 -9999 -9999 -9999 -9999 -9999 -9999 -9999 -9999 -9999 -9999 -9999 -9999 -9999 -9999 -9999 -9999 -9999 -9999 -9999 -9999 -9999 -9999 -9999 -9999 -9999 -9999 -9999 -9999 -9999 -9999 -9999 -9999 -9999 -9999 -9999 -9999 -9999 -9999 -9999 -9999 -9999 -9999 -9999 -9999 -9999 -9999 -9999 -9999 -9999 -9999 -9999 -9999 -9999 -9999 -9999 -9999 -9999 -9999 -9999 -9999 -9999 -9999
-9999 -9999 -9999 -9999 -9999 -9999 -9999 -9999 -9999 -9999 -9999 -9999 -9999 -9999 -9999 -9999 -9999 -9999 -9999 -9999 -9999 -9999 -9999 -9999 -9999 -9999 -9999 -9999 -9999 -9999 -9999 -9999 -9999 -9999 -9999 -9999 -9999 -9999 -9999 -9999 -9999 -9999 -9999 -9999 -9999 -9999 -9999 -9999 -9999 -9999 -9999 -9999 -9999 -9999 -9999 -9999 -9999 -9999 -9999 -9999 -9999 -9999 -9999 -9999 -9999 -9999 -9999 -9999 -9999 -9999 -9999
-9999 -9999 -9999 -9999 -9999 -9999 -9999 -9999 -9999 -9999 -9999 -9999 -9999 -9999 -9999 -9999 -9999 -9999 -9999 -9999 -9999 -9999 -9999 -9999 -9999 -9999 -9999 -9999 -9999 -9999 -9999 -9999 -9999 -9999 -9999 -9999 -9999 -9999 -9999 -9999 -9999 -9999 -9999 -9999 -9999 -9999 -9999 -9999 -9999 -9999 -9999 -9999 -9999 -9999 -9999 -9999 -9999 -9999 -9999 -9999 -9999 -9999 -9999 -9999 -9999 -9999 -9999 -9999 -9999 -9999 -9999
-9999 -9999 -9999 -9999 -9999 -9999 -9999 -9999 -9999 -9999 -9999 -9999 -9999 -9999 -9999 -9999 -9999 -9999 -9999 -9999 -9999 -9999 -9999 -9999 -9999 -9999 -9999 -9999 -9999 -9999 -9999 -9999 -9999 -9999 -9999 -9999 -9999 -9999 -9999 -9999 -9999 -9999 -9999 -9999 -9999 -9999 -9999 -9999 -9999 -9999 -9999 -9999 -9999 -9999 -9999 -9999 -9999 -9999 -9999 -9999 -9999 -9999 -9999 -9999 -9999 -9999 -9999 -9999 -9999 -9999 -9999
-9999 -9999 -9999 -9999 -9999 -9999 22.47420 -9999 -9999 -9999 -9999 -9999 -9999 -9999 -9999 -9999 -9999 -9999 -9999 -9999 -9999 -9999 -9999 -9999 -9999 -9999 -9999 -9999 -9999 -9999 -9999 -9999 -9999 -9999 -9999 -9999 -9999 -9999 -9999 -9999 -9999 -9999 -9999 -9999 -9999 -9999 -9999 -9999 -9999 -9999 -9999 -9999 -9999 -9999 -9999 -9999 -9999 -9999 -9999 -9999 -9999 -9999 -9999 -9999 -9999 -9999 -9999 -9999 -9999 -9999 -9999
-9999 -9999 22.81660 22.31710 22.37900 22.41970 22.42150 22.49920 22.14290 22.06180 21.81870 21.71400 21.68870 21.92610 21.26880 20.82150 21.17110 21.01490 21.03310 21.24750 21.81310 22.53250 -9999 -9999 -9999 -9999 -9999 -9999 -9999 -9999 -9999 -9999 -9999 -9999 -9999 -9999 -9999 -9999 -9999 -9999 -9999 -9999 -9999 -9999 -9999 -9999 -9999 -9999 -9999 -9999 -9999 -9999 -9999 -9999 -9999 -9999 -9999 -9999 -9999 -9999 -9999 -9999 -9999 -9999 -9999 -9999 -9999 -9999 -9999 -9999 -9999
-9999 -9999 -9999 -9999 20.82210 20.62120 20.32070 20.32470 20.32490 20.33270 20.34250 20.35260 20.37330 20.38000 20.36960 20.37980 20.38070 20.39280 20.39820 20.40950 20.39910 20.68260 -9999 -9999 -9999 -9999 -9999 -9999 -9999 -9999 -9999 -9999 -9999 -9999 -9999 -9999 -9999 -9999 -9999 -9999 -9999 -9999 -9999 -9999 -9999 -9999 -9999 -9999 -9999 -9999 -9999 -9999 -9999 -9999 -9999 -9999 -9999 -9999 -9999 -9999 -9999 -9999 -9999 -9999 -9999 -9999 -9999 -9999 -9999 -9999 -9999
21.90120 22.30260 21.80290 21.90330 20.91190 21.42560 23.42140 21.52240 21.32320 21.33760 20.42410 20.32940 20.34090 20.36720 20.37200 20.38510 20.39320 20.39970 20.60830 21.08650 21.09570 20.79990 18.44640 18.25120 18.23020 18.23060 18.22240 18.25770 -9999 -9999 -9999 -9999 -9999 -9999 -9999 -9999 -9999 -9999 -9999 -9999 -9999 -9999 -9999 -9999 -9999 -9999 -9999 -9999 -9999 -9999 -9999 -9999 -9999 -9999 -9999 -9999 -9999 -9999 -9999 -9999 -9999 -9999 -9999 -9999 -9999 -9999 -9999 -9999 -9999 -9999 -9999
23.00140 22.90280 21.70250 22.90410 23.23190 22.43490 22.63070 23.43500 23.42820 23.53060 21.41980 21.43670 21.37570 21.19320 20.43250 20.48130 21.50060 23.30000 23.17820 18.41230 18.34960 19.14520 19.04300 18.29020 18.25790 18.23740 18.23660 18.23830 18.22090 18.21520 18.21690 18.21540 18.22130 18.22010 18.22180 18.21810 18.21290 18.21180 18.20910 18.20870 18.21030 18.21350 18.23030 -9999 -9999 -9999 -9999 -9999 -9999 -9999 -9999 -9999 -9999 -9999 -9999 -9999 -9999 -9999 -9999 -9999 -9999 -9999 -9999 -9999 -9999 -9999 -9999 -9999 -9999 -9999 -9999
22.38220 22.28360 22.32880 22.80080 22.73640 22.81930 22.73890 22.75040 22.73870 23.02290 22.71040 22.96330 23.03400 23.46510 22.72500 22.55220 23.52950 23.71020 23.11360 20.32950 19.82840 20.38030 20.98580 21.77150 21.25610 20.77420 21.05590 21.14560 19.63150 18.42860 18.21660 18.21530 19.01460 18.71240 18.21390 18.21230 18.21290 18.21110 18.20870 18.20830 18.21330 18.22080 18.23450 21.64250 -9999 -9999 -9999 -9999 -9999 -9999 -9999 -9999 -9999 -9999 -9999 -9999 -9999 -9999 -9999 -9999 -9999 -9999 -9999 -9999 -9999 -9999 -9999 -9999 -9999 -9999 -9999
22.84150 22.84580 22.71380 22.95860 22.88550 21.86130 22.03210 22.91750 21.78300 21.19640 20.57060 21.36560 21.77580 21.77980 21.14380 20.69200 20.69610 20.02080 20.97230 22.31340 19.82520 20.70450 20.65760 20.52600 19.70210 19.92340 20.15410 20.82050 19.62580 19.62770 19.61330 19.60930 19.61750 19.61430 19.61510 19.61390 19.61720 19.61620 19.11600 18.21990 18.22020 18.23110 18.23710 18.22890 -9999 -9999 -9999 -9999 -9999 -9999 -9999 -9999 -9999 -9999 -9999 -9999 -9999 -9999 -9999 21.15910 21.25330 -9999 -9999 -9999 -9999 18.44890 19.09980 19.73570 21.90550 22.42800 21.95120
22.77410 22.79450 22.82720 22.90210 22.84940 21.23240 19.67170 20.93960 19.81180 22.01620 22.04220 20.06000 19.68080 19.71440 19.79720 19.77420 20.37970 20.65230 22.14720 20.49750 21.52300 20.93270 19.73100 19.67380 19.64320 20.32500 23.40640 23.20680 20.02470 19.61950 19.61470 19.61190 20.72810 22.41700 23.11020 20.31740 19.61460 20.11210 22.51040 22.59060 21.96790 22.20960 21.28140 20.08530 19.26520 19.47340 21.57670 20.31800 21.02390 22.00710 22.46720 21.78490 21.80750 23.01600 22.95310 22.38710 22.29550 22.29180 22.09580 21.68540 22.31870 -9999 -9999 -9999 -9999 -9999 18.26300 18.60110 20.95650 21.84560 22.61000
23.04680 22.32390 22.93840 23.07890 22.34330 22.74530 22.51950 21.58220 19.68500 19.67490 19.64120 19.65740 19.67830 19.69020 20.28700 21.10530 20.65540 20.58970 19.78580 21.14830 20.99170 20.19020 19.68700 19.67020 19.66570 19.66520 19.61910 19.61910 19.62390 19.62290 19.62680 19.61700 20.63630 20.13820 19.64360 19.64060 19.66700 19.96310 22.01570 22.20060 20.24030 22.14100 19.85610 20.25550 19.72050 19.72260 19.78810 19.77520 19.71610 19.79640 20.11270 20.45580 21.10940 21.99300 22.86020 23.00430 23.13470 23.28780 22.82420 22.33030 22.32900 22.37850 22.27900 20.87100 20.33670 18.25210 18.26500 18.37790 20.52320 20.82390 22.38300
23.13930 23.08070 22.83220 23.15730 22.95830 21.32920 21.17770 21.54010 21.68750 21.36740 20.23590 20.24830 20.27390 21.14330 20.30700 19.76600 20.29920 20.17470 20.28330 22.64410 21.89020 21.26810 20.08160 19.67280 19.67180 19.66350 19.62660 19.62530 19.63950 19.64290 19.64880 19.74390 20.05920 20.23870 20.35870 20.35600 22.58280 21.35620 22.13590 22.73630 21.26280 20.06340 22.72360 22.83700 21.34200 19.93530 20.08030 19.74580 19.64080 20.24360 22.34360 22.74040 22.68440 21.87070 22.64280 21.88710 22.35500 22.93740 23.16840 23.28660 22.89500 22.94000 22.57240 22.33600 22.24120 22.12390 20.47120 20.37610 21.08990 22.40210 23.30270
23.17780 23.31370 22.87090 22.34830 22.88690 22.14320 22.73140 22.89510 22.60440 20.78470 21.19260 21.60710 20.64850 20.47240 20.79510 21.21080 19.70580 19.69150 19.92670 21.84140 21.28020 21.02490 21.10640 20.09160 19.69660 19.69580 19.66310 19.66660 19.67460 19.66690 20.59130 22.12860 20.55640 21.84850 19.88010 19.97600 20.65660 20.77270 22.63620 22.94240 22.24260 20.74690 21.15070 22.65300 22.98810 22.85360 22.84110 21.05350 19.64490 21.35860 21.74450 22.74500 21.74760 21.50270 22.32250 22.31570 22.38730 23.27170 23.35310 23.42110 23.97200 24.44960 24.68890 23.48960 23.28440 22.94390 22.79940 22.65540 23.02580 23.47780 23.63870
23.05750 23.22040 23.11180 22.67940 22.41630 22.84110 22.91360 22.94070 22.96270 22.94110 23.08530 23.04740 22.73480 22.83230 22.81100 22.85870 22.44600 19.87630 19.70590 19.73500 19.79590 19.84030 19.91700 19.71130 19.70800 19.69070 19.66970 19.65650 20.35800 21.10510 20.39990 21.71120 22.78300 22.85380 21.45460 22.53370 22.34570 22.15550 20.45390 21.80520 22.96760 22.93590 21.29200 21.69960 22.98880 22.99440 22.89350 22.85970 21.73920 20.26830 19.67250 21.15470 21.43590 20.38000 20.07120 21.31480 21.51490 23.18550 23.40140 23.11930 23.46530 23.69690 23.29660 24.21880 24.76850 23.55990 25.25840 23.27820 23.28040 23.46820 24.04380
22.93050 22.85650 22.73030 22.88680 22.97250 22.36930 22.30470 22.29010 22.77960 22.91140 22.95370 23.10130 23.41220 23.62270 23.01220 22.94230 22.78760 22.76580 22.67520 21.38870 21.08580 20.39200 20.58830 20.97010 20.26800 20.66700 20.35780 20.74450 20.75570 22.45150 22.46150 22.95770 22.92700 22.84820 22.81030 22.91270 22.93540 22.97050 22.92330 22.84110 22.95020 22.96290 22.93470 22.92500 22.89980 22.89550 22.86660 22.77020 22.75740 22.53750 22.31370 22.91650 22.87760 22.75860 22.74890 22.98810 23.31080 23.70280 23.59230 24.36110 23.83750 23.64350 22.85470 23.56580 23.50710 23.87330 22.94450 23.15070 23.26540 24.34060 23.33770
23.35560 23.39680 23.56420 23.64960 23.42100 23.22030 22.65050 22.81210 22.85140 22.82320 22.91300 22.74610 22.85640 23.05660 23.36450 23.44920 23.27190 23.14470 22.76720 22.40960 22.89780 22.89480 22.18290 20.79670 20.00130 20.29430 20.36850 20.27570 22.95340 22.96930 22.97790 23.05720 22.97570 23.07360 22.92940 23.02370 22.99070 22.99950 22.36300 23.00810 23.04100 22.95210 22.93650 22.95870 22.91700 22.97540 22.90630 22.92600 22.87000 22.83330 23.04190 22.89610 23.50830 22.64490 23.30620 23.21350 23.14270 23.50050 23.66720 23.93900 23.46770 23.63420 23.69470 23.35540 23.64590 22.86330 23.59100 23.40040 22.75440 23.38100 22.06150
23.29940 23.54890 23.81140 23.58250 23.69030 23.61930 23.26230 22.61190 23.12560 22.89520 22.84880 22.93660 22.81770 22.32940 22.82000 22.36330 22.45630 23.12970 23.24120 22.96360 22.51580 23.09190 22.89100 22.70120 19.73180 19.73670 20.14620 20.53950 20.97000 22.70560 23.07200 23.08460 23.17480 22.68180 22.71610 22.98070 23.01280 23.03530 23.17220 23.17000 22.97530 22.96270 22.98620 22.98420 23.15460 23.31810 23.21330 23.04150 23.14070 23.37790 23.41290 23.18270 23.44630 23.76140 22.79910 23.12420 23.15690 23.49410 23.11600 23.05490 23.26030 23.39670 23.70020 22.85130 23.75220 22.02500 21.79810 21.12920 21.32470 21.44550 21.53710
23.26430 23.36880 23.34650 23.22000 23.43940 23.63250 23.46890 23.44670 23.36580 23.06640 22.92610 23.07270 23.10210 22.99510 23.35960 23.39300 23.45720 22.40460 23.08040 23.61840 23.77760 23.63240 23.43330 22.97110 21.44240 21.04210 20.26670 20.87970 21.75310 21.05870 21.09450 20.91530 20.40970 21.66150 22.78170 22.97580 23.02850 23.05070 23.12010 23.21100 23.50960 23.31510 23.15000 22.55600 22.30260 22.86340 22.96240 23.05260 23.26870 23.41600 23.64560 23.05020 23.45780 23.17600 23.74980 23.96140 23.45660 23.52060 23.32690 23.20760 23.28850 23.62340 23.79230 23.63710 21.95690 21.49010 21.45750 21.28210 22.47510 23.03600 22.19400
23.36340 23.36510 23.33770 23.09900 23.14590 23.06990 23.06740 23.06600 23.00280 23.00720 22.95840 22.89910 22.39820 22.84720 23.19450 23.28720 23.40220 23.39220 22.65320 23.04640 23.24150 23.30630 23.21560 23.12470 22.96580 22.91120 21.25260 23.01300 23.05510 23.05580 23.09670 23.08930 21.86030 21.37670 22.72050 23.02090 23.07670 23.09800 23.11860 23.35790 23.77680 23.34880 23.59530 22.77480 22.90050 22.96200 22.96720 23.01850 23.12140 23.54460 23.44430 23.47200 23.33080 23.84060 23.39280 23.51320 23.24360 23.25210 23.57250 23.24790 23.56860 23.92800 23.45180 22.41470 23.47490 23.96910 22.81360 22.56690 22.45560 23.46830 23.58020
23.52540 23.57470 23.72610 23.64290 23.43400 23.06260 22.97770 22.94100 22.93580 23.03060 23.28930 23.31490 23.00880 22.82930 22.98170 23.08270 23.16670 23.21000 23.60810 23.42860 23.23170 23.09060 23.00000 23.00350 23.12230 23.10960 22.95870 22.95390 23.04220 23.07610 23.06520 23.29080 23.35260 23.27680 23.00600 23.16570 23.08890 23.30790 23.37490 23.49220 23.52610 24.08360 23.87320 24.29030 23.59060 23.24410 22.36150 22.43020 22.47270 22.51050 23.62740 23.35790 23.38250 23.63880 23.40940 23.42020 23.41970 23.46800 23.64050 23.80070 24.09370 23.88000 23.68090 20.36230 19.22220 18.99740 19.08160 19.65420 22.62080 23.48280 23.37730
23.71560 23.98210 24.08380 23.81460 23.63710 23.33080 23.03000 22.96300 22.92100 23.08090 23.27040 23.70870 24.12500 23.50470 22.98230 23.01360 23.21360 23.50120 23.93940 23.86570 23.53710 23.55430 23.46620 23.20850 23.16740 23.09910 23.05030 23.03000 22.95110 22.95420 23.33840 23.04170 23.07360 23.27850 23.23090 23.08200 23.24250 23.58610 22.93470 24.12980 24.54540 24.82130 24.04080 23.61560 23.24710 23.03160 22.19950 22.84850 22.12700 19.44320 22.91170 23.66130 23.39010 21.83030 21.28520 22.53160 23.82380 21.73450 19.21130 19.97610 19.24620 20.44190 19.83590 19.32010 19.74950 23.18660 19.93360 22.78480 23.58610 23.84480 23.67360
23.45410 23.81450 24.12250 24.08080 23.90090 23.62900 22.54220 23.03620 22.99680 22.91710 22.90920 23.03940 23.03160 23.65020 23.19760 23.25820 23.50620 23.25890 23.41290 23.33590 24.19660 23.54100 23.42870 23.23200 23.26530 23.15980 23.43170 23.05340 22.99410 23.22660 23.31270 23.10880 23.06530 23.16630 23.25340 23.08050 23.27330 23.58120 24.23590 23.52350 23.73420 24.10340 23.81080 24.90490 23.20960 21.45320 19.34180 19.48100 19.72170 19.64470 19.52070 20.96460 21.49580 21.39920 22.43450 21.77560 20.21120 20.36580 20.57990 21.30010 20.31330 20.37010 21.46500 23.20610 23.15050 23.73990 23.60800 23.76770 24.26350 24.31400 24.26830
23.80990 23.97890 24.20710 24.02140 24.12540 24.02010 23.56810 22.74530 22.82240 23.31470 22.99470 23.15290 23.18310 23.38100 23.87180 23.59020 23.38900 23.05100 23.40780 23.30980 23.39600 23.74930 23.72640 23.47650 23.26080 23.13210 23.14960 23.06140 22.92380 23.03110 22.97330 23.20430 23.05100 23.08320 23.19300 22.63570 23.23410 23.47920 24.24680 24.47720 24.56860 23.01090 23.27160 22.88990 19.69800 20.12040 21.51360 22.00450 22.65600 20.80490 19.29780 19.32060 23.11630 21.17340 19.97910 20.40080 20.55360 20.91780 21.21190 20.02280 21.44700 23.67320 23.69070 23.68560 24.28840 24.22980 24.40190 24.71660 24.86360 25.29310 25.36410
23.73970 23.98780 24.27340 24.20380 24.39310 24.34180 24.19250 23.39230 24.54290 24.65590 24.50660 23.99160 23.87720 23.46550 24.01000 23.55630 23.70370 23.65200 23.26840 23.32760 23.29190 23.88880 24.26380 23.59080 23.43770 22.63100 23.31090 23.17800 23.10540 23.10600 23.08280 22.95480 23.07460 23.12690 23.48990 23.36360 23.05900 23.18230 24.04650 24.19690 24.09580 22.70270 20.35510 20.10440 19.37220 21.92270 23.35650 23.33930 24.64920 24.35810 -9999 -9999 24.21300 23.96760 21.66060 21.83080 22.29070 21.89680 24.67540 24.40070 24.70290 24.17420 23.98790 23.72100 24.44960 24.37120 24.37550 24.64170 25.39340 26.38490 26.59010
23.65560 23.61100 23.65470 23.79370 24.56870 24.45730 24.31800 24.30840 24.10660 24.13430 23.64140 23.71440 23.86190 24.06180 23.92060 23.59160 24.61790 24.17750 23.33450 24.06090 23.15540 24.03260 24.19200 24.04940 24.14080 24.09760 23.73720 23.49170 22.53670 23.15460 23.16180 23.26430 23.32750 23.42310 23.61370 23.03900 23.01290 23.24990 23.30740 -9999 -9999 -9999 -9999 23.77260 -9999 23.15550 24.33870 24.13700 23.78110 24.33330 -9999 -9999 23.87270 21.18750 21.24850 22.70320 23.84410 23.59190 24.24980 23.95460 23.79800 23.70660 23.56020 23.57550 24.27150 24.36730 24.59430 24.87130 25.04390 25.22200 25.91120
23.52890 23.62810 23.69230 23.74260 24.62560 24.27690 24.49360 24.26600 23.54430 23.34690 23.33090 23.50030 23.62320 23.64130 23.51410 23.21580 24.57850 24.46420 24.47650 24.08760 24.70510 24.46470 24.64670 24.77030 23.47370 23.88650 23.23190 23.88230 23.81560 23.60370 23.49720 23.42200 23.82980 23.63280 23.58590 23.06950 23.20220 -9999 -9999 -9999 -9999 -9999 -9999 -9999 24.42800 24.73140 24.66770 -9999 -9999 -9999 -9999 -9999 23.10910 22.58370 24.33020 25.16330 24.48510 24.50140 24.93510 24.29200 24.38840 24.29960 23.93670 24.15670 25.35590 24.90870 25.16470 25.00680 25.26550 26.00540 -9999
