data/hydroclimate-scenarios/BCSD_hadcm_B1/monthly_summaries/soilm2_monthly_day1_nov.2030-2059.asc
ncols	311
nrows	91
xllcenter	102.75
yllcenter	31.75
cellsize	0.5
NODATA_value	-9999
[rows 0 to 30 of 91, columns 70 to 139 of 311]
-9999 -9999 -9999 -9999 -9999 -9999 -9999 -9999 -9999 -9999 -9999 -9999 -9999 -9999 -9999 -9999 -9999 -9999 -9999 -9999 -9999 -9999 -9999 -9999 -9999 -9999 -9999 -9999 -9999 -9999 -9999 -9999 -9999 -9999 -9999 -9999 -9999 -9999 -9999 -9999 -9999 -9999 -9999 -9999 -9999 -9999 -9999 -9999 -9999 -9999 -9999 -9999 -9999 -9999 -9999 -9999 -9999 -9999 -9999 -9999 -9999 -9999 -9999 -9999 -9999 -9999 -9999 -9999 -9999 -9999
-9999 -9999 -9999 -9999 -9999 -9999 -9999 -9999 -9999 -9999 -9999 -9999 -9999 -9999 -9999 -9999 -9999 -9999 -9999 -9999 -9999 -9999 -9999 -9999 -9999 -9999 -9999 -9999 -9999 -9999 -9999 -9999 -9999 -9999 -9999 -9999 -9999 -9999 -9999 -9999 -9999 -9999 -9999 -9999 -9999 -9999 -9999 -9999 -9999 -9999 -9999 -9999 -9999 -9999 -9999 -9999 -9999 -9999 -9999 -9999 -9999 -9999 -9999 -9999 -9999 -9999 -9999 -9999 -9999 -9999
-9999 -9999 -9999 -9999 -9999 -9999 -9999 -9999 -9999 -9999 -9999 -9999 -9999 -9999 -9999 -9999 -9999 -9999 -9999 -9999 -9999 -9999 -9999 -9999 -9999 -9999 -9999 -9999 -9999 -9999 -9999 -9999 -9999 -9999 -9999 -9999 -9999 -9999 -9999 -9999 -9999 -9999 -9999 -9999 -9999 -9999 -9999 -9999 -9999 -9999 -9999 -9999 -9999 -9999 -9999 -9999 -9999 -9999 -9999 -9999 -9999 -9999 -9999 -9999 -9999 -9999 -9999 -9999 -9999 -9999
-9999 -9999 -9999 -9999 -9999 -9999 -9999 -9999 -9999 -9999 -9999 -9999 -9999 -9999 -9999 -9999 -9999 -9999 -9999 -9999 -9999 -9999 -9999 -9999 -9999 -9999 -9999 -9999 -9999 -9999 -9999 -9999 -9999 -9999 -9999 -9999 -9999 -9999 -9999 -9999 -9999 -9999 -9999 -9999 -9999 -9999 -9999 -9999 -9999 -9999 -9999 -9999 -9999 -9999 -9999 -9999 -9999 -9999 -9999 -9999 -9999 -9999 -9999 -9999 -9999 -9999 -9999 -9999 -9999 -9999
-9999 -9999 -9999 -9999 -9999 -9999 -9999 -9999 -9999 -9999 -9999 -9999 -9999 -9999 -9999 -9999 -9999 -9999 -9999 -9999 -9999 -9999 -9999 -9999 -9999 -9999 -9999 -9999 -9999 -9999 -9999 -9999 -9999 -9999 -9999 -9999 -9999 -9999 -9999 -9999 -9999 -9999 -9999 -9999 -9999 -9999 -9999 -9999 -9999 -9999 -9999 -9999 -9999 -9999 -9999 -9999 -9999 -9999 -9999 -9999 -9999 -9999 -9999 -9999 -9999 -9999 -9999 -9999 -9999 -9999
-9999 -9999 -9999 -9999 -9999 -9999 -9999 -9999 -9999 -9999 -9999 -9999 -9999 -9999 -9999 -9999 -9999 -9999 -9999 -9999 -9999 -9999 -9999 -9999 -9999 -9999 -9999 -9999 -9999 -9999 -9999 -9999 -9999 -9999 -9999 -9999 -9999 -9999 -9999 -9999 -9999 -9999 -9999 -9999 -9999 -9999 -9999 -9999 -9999 -9999 -9999 -9999 -9999 -9999 -9999 -9999 -9999 -9999 -9999 -9999 -9999 -9999 -9999 -9999 -9999 -9999 -9999 -9999 -9999 -9999
-9999 -9999 -9999 -9999 -9999 -9999 -9999 -9999 -9999 -9999 -9999 -9999 -9999 -9999 -9999 -9999 -9999 -9999 -9999 -9999 -9999 -9999 -9999 -9999 -9999 -9999 -9999 -9999 -9999 -9999 -9999 -9999 -9999 -9999 -9999 -9999 -9999 -9999 -9999 -9999 -9999 -9999 -9999 -9999 -9999 -9999 -9999 -9999 -9999 -9999 -9999 -9999 -9999 -9999 -9999 -9999 -9999 -9999 -9999 -9999 -9999 -9999 -9999 -9999 -9999 -9999 -9999 -9999 -9999 -9999
-9999 -9999 -9999 -9999 -9999 -9999 -9999 -9999 -9999 -9999 -9999 -9999 -9999 -9999 -9999 -9999 -9999 -9999 -9999 -9999 -9999 -9999 -9999 -9999 -9999 -9999 -9999 -9999 -9999 -9999 -9999 -9999 -9999 -9999 -9999 -9999 -9999 -9999 -9999 -9999 -9999 -9999 -9999 -9999 -9999 -9999 -9999 -9999 -9999 -9999 -9999 -9999 -9999 -9999 -9999 -9999 -9999 -9999 -9999 -9999 -9999 -9999 -9999 -9999 -9999 -9999 -9999 -9999 -9999 -9999
-9999 -9999 -9999 -9999 -9999 -9999 -9999 88.21950 -9999 -9999 -9999 -9999 -9999 -9999 -9999 -9999 -9999 -9999 -9999 -9999 -9999 -9999 -9999 -9999 -9999 -9999 -9999 -9999 -9999 -9999 -9999 -9999 -9999 -9999 -9999 -9999 -9999 -9999 -9999 -9999 -9999 -9999 -9999 -9999 -9999 -9999 -9999 -9999 -9999 -9999 -9999 -9999 -9999 -9999 -9999 -9999 -9999 -9999 -9999 -9999 -9999 -9999 -9999 -9999 -9999 -9999 -9999 -9999 -9999 -9999
-9999 -9999 -9999 99.51010 78.90030 82.48390 84.71420 86.90180 90.23760 89.69600 92.08210 92.62200 93.55610 93.23980 93.78490 94.37990 98.39420 97.93250 97.29170 96.54270 96.39590 95.57130 92.86400 -9999 -9999 -9999 -9999 -9999 -9999 -9999 -9999 -9999 -9999 -9999 -9999 -9999 -9999 -9999 -9999 -9999 -9999 -9999 -9999 -9999 -9999 -9999 -9999 -9999 -9999 -9999 -9999 -9999 -9999 -9999 -9999 -9999 -9999 -9999 -9999 -9999 -9999 -9999 -9999 -9999 -9999 -9999 -9999 -9999 -9999 -9999
-9999 -9999 -9999 -9999 -9999 83.43380 85.21520 86.93670 88.08600 89.65300 91.54600 92.41850 94.26370 96.73180 97.22920 97.65370 98.39030 98.46250 99.65800 100.14800 100.77900 100.39000 98.76260 -9999 -9999 -9999 -9999 -9999 -9999 -9999 -9999 -9999 -9999 -9999 -9999 -9999 -9999 -9999 -9999 -9999 -9999 -9999 -9999 -9999 -9999 -9999 -9999 -9999 -9999 -9999 -9999 -9999 -9999 -9999 -9999 -9999 -9999 -9999 -9999 -9999 -9999 -9999 -9999 -9999 -9999 -9999 -9999 -9999 -9999 -9999
76.84890 77.06830 77.47660 79.02710 79.64610 81.39380 83.10600 82.28310 85.16650 86.09060 88.13260 89.66440 91.26960 93.64900 95.68980 97.12850 97.93230 97.73010 98.60470 98.30440 100.30400 113.52000 120.19500 101.49200 101.12600 98.93420 97.64290 95.45110 95.08470 -9999 -9999 -9999 -9999 -9999 -9999 -9999 -9999 -9999 -9999 -9999 -9999 -9999 -9999 -9999 -9999 -9999 -9999 -9999 -9999 -9999 -9999 -9999 -9999 -9999 -9999 -9999 -9999 -9999 -9999 -9999 -9999 -9999 -9999 -9999 -9999 -9999 -9999 -9999 -9999 -9999
78.43320 78.15780 78.67170 80.27580 79.94090 81.16130 82.78660 82.46570 83.48140 82.24000 83.08000 87.46600 89.32740 91.34810 93.14810 96.13030 97.93610 95.41340 91.62140 120.03000 104.47900 101.40500 99.40730 101.53300 101.21600 98.92180 97.45520 97.13140 96.24830 94.18230 92.57430 91.33490 90.60400 89.47940 89.63150 86.83080 86.35190 84.68630 84.83610 82.82750 82.79780 84.21450 84.00030 84.36760 -9999 -9999 -9999 -9999 -9999 -9999 -9999 -9999 -9999 -9999 -9999 -9999 -9999 -9999 -9999 -9999 -9999 -9999 -9999 -9999 -9999 -9999 -9999 -9999 -9999 -9999
55.63350 55.71310 56.57580 56.34590 76.02950 81.93280 82.39290 82.07480 82.28220 81.57830 78.86070 79.78370 84.47650 81.75650 87.85160 90.58270 92.56100 90.65280 90.26630 92.13510 98.28020 99.00660 99.16870 98.02430 80.66080 90.09080 92.26540 90.43930 89.52890 91.79750 94.92590 90.77190 91.17200 86.10010 85.35030 83.82390 83.13050 84.05540 84.22820 82.64580 82.64330 85.50130 85.94220 85.26550 117.28300 -9999 -9999 -9999 -9999 -9999 -9999 -9999 -9999 -9999 -9999 -9999 -9999 -9999 -9999 -9999 -9999 -9999 -9999 -9999 -9999 -9999 -9999 -9999 -9999 -9999
87.63420 87.21100 86.85340 80.57320 93.34590 87.36530 87.54640 91.05580 90.53400 90.59430 89.75140 92.24260 92.49310 89.80570 88.93370 86.81770 90.38770 94.81470 96.38600 93.75550 122.69400 101.61600 101.12600 98.50770 96.94940 96.31200 97.88430 92.90290 90.13500 90.54200 90.41070 87.29220 85.74380 86.24270 86.42450 84.62980 85.07890 83.60560 83.40870 84.08710 86.11160 85.74640 86.86110 89.51480 88.35540 -9999 -9999 -9999 -9999 -9999 -9999 -9999 -9999 -9999 -9999 -9999 -9999 -9999 -9999 -9999 87.39040 88.88430 -9999 -9999 -9999 -9999 103.95700 115.22700 121.34400 109.26900
86.04410 85.40150 86.53690 87.10660 91.08010 85.83760 84.45410 87.53880 89.92960 90.61870 91.23120 86.14670 87.45340 86.28340 89.92420 90.65440 89.21330 92.35970 91.90260 121.77900 90.84980 95.08570 94.97760 93.78510 88.82920 87.60050 86.47420 87.86060 89.05610 87.57140 88.24100 86.87990 85.59880 84.44700 83.88720 82.71970 82.42350 80.04200 79.71570 80.90420 109.12900 116.18200 116.40000 117.63700 110.61600 111.11700 111.00000 117.66300 87.70920 94.43610 96.51790 89.06590 91.15220 97.63940 98.02690 94.47560 77.77560 69.82310 68.94470 87.56270 88.89610 82.98730 -9999 -9999 -9999 -9999 -9999 106.52400 111.12600 109.89800
92.75540 96.02120 64.39820 89.41780 95.52900 69.59420 85.16620 86.01000 85.32940 82.49930 81.49190 81.51940 82.89810 81.08330 80.93890 82.17520 110.01500 86.09100 87.67320 87.24210 86.19380 88.48060 88.05680 86.78640 85.46060 84.38290 84.32560 83.68790 84.76170 83.27180 83.25150 83.74430 81.94640 82.19560 83.36810 83.43950 83.23140 83.48410 83.47190 117.13600 116.60700 83.23990 117.67800 85.07090 85.31250 86.77400 85.50980 85.09370 84.45040 89.77350 95.71470 93.13860 86.86180 91.64380 101.52400 106.85700 98.04760 100.46000 100.17700 93.79590 79.63990 79.41690 82.19300 89.58270 93.99750 95.78650 100.18700 101.30000 105.15500 104.27600
86.73550 98.04730 100.95300 85.71000 99.99100 99.94160 92.93910 89.54050 90.60410 79.04430 78.19440 77.81970 80.21410 80.47150 109.21100 81.94850 85.47810 85.69130 85.68050 86.16370 87.11990 88.18310 86.19270 85.24770 84.39820 83.57490 82.91380 82.62920 83.21760 82.16770 82.69460 82.25950 82.47980 82.07520 81.85400 82.93600 82.75340 117.08900 82.14750 81.65380 83.72450 83.34260 82.90860 81.09190 82.80180 85.13050 84.83320 83.45100 82.23840 82.37440 82.72720 85.29480 83.94060 87.17120 87.27350 95.37410 105.24200 105.92800 107.05400 109.30900 107.42100 95.31430 94.34640 87.28300 78.57170 87.94110 92.75970 96.24940 97.84850 100.05100
99.75870 106.17300 110.66900 94.43410 59.49440 85.83200 79.26460 77.87210 86.34790 82.00480 77.83880 77.13230 79.47280 79.79030 80.33100 83.75930 85.19460 85.03300 84.40210 86.59620 95.64560 93.68440 87.57150 86.64100 84.75820 83.13690 83.44100 81.28000 81.06230 82.78240 82.00360 81.13100 116.34400 81.15210 79.97110 81.82150 81.61910 81.97350 85.20660 85.11120 87.88920 82.87960 82.38270 89.81240 93.80030 94.11490 86.38010 82.03620 81.37270 81.14290 82.17840 86.95010 91.15310 93.23160 94.17480 75.26070 74.19030 76.17860 98.60180 101.64700 113.43800 112.85400 111.49400 112.70200 99.44670 93.65350 88.39990 88.12770 88.27620 92.90150
83.67730 99.90680 109.95700 106.10500 92.91620 71.82510 79.51530 75.88190 83.38500 84.18530 78.25650 96.04530 91.49480 82.04280 84.41390 84.09700 80.56320 79.93920 82.45500 85.19020 88.56060 92.49390 87.40160 87.41300 87.80750 82.85920 82.07830 80.23450 78.83130 79.52490 109.36400 80.21440 79.40050 79.37240 81.01480 80.20150 79.93740 81.87210 83.79550 84.10010 90.90940 90.86050 87.70550 89.13520 88.40150 95.50380 93.38820 87.22960 86.41590 79.85180 84.10620 91.03620 89.55080 92.25810 87.48570 94.91030 101.59200 102.30500 107.35400 103.28400 101.78800 103.83000 102.21200 98.88940 110.39500 114.31400 98.42930 111.73400 96.30600 95.36100
85.61120 94.68390 93.77210 92.83210 99.48640 103.01000 72.15250 60.04210 54.55730 79.82870 75.23770 83.63660 101.66200 113.14400 114.73100 98.85950 93.41850 84.49120 79.86110 78.87880 78.87470 79.87330 80.30350 81.27070 80.01230 78.45080 79.97790 78.51430 77.94010 78.13480 78.76430 77.85650 80.20490 86.29970 84.21900 83.70320 86.13200 87.59590 91.14210 88.54420 87.06510 92.67330 95.47350 91.42390 87.56680 88.16320 85.62470 84.67340 83.78550 79.71260 79.83300 79.97100 83.56470 86.67570 90.70700 93.08090 100.11500 100.78800 105.75700 102.97000 109.11700 108.28000 107.34900 92.51440 105.53700 104.75100 102.56200 92.57440 95.91950 94.97680
108.29800 117.48900 112.59800 118.18300 112.54500 111.97600 107.65100 93.72520 92.25520 87.98840 79.58450 74.22560 75.29120 86.31140 96.05350 113.87700 112.27000 108.93300 102.81000 86.43650 67.20970 81.08270 80.55690 80.43040 81.86860 80.32990 81.79380 80.76930 79.93720 80.40070 83.50760 84.54770 90.33630 89.24880 92.68920 91.48430 91.85560 91.72640 93.42440 73.08970 92.58470 93.67700 92.52260 90.38090 92.65480 91.10170 93.53760 92.18610 93.27110 88.69150 85.62460 94.66940 96.33480 100.17700 86.91560 99.50430 98.97470 94.92580 103.95200 105.80700 120.37400 110.35900 112.08200 108.53900 102.68400 103.40400 87.39870 109.72200 109.10300 112.09600
96.57210 105.50800 118.38300 126.20400 121.39100 125.85100 115.43700 104.64600 88.77900 98.80070 89.43480 85.33930 88.61500 87.35380 63.52070 86.31160 69.61340 78.52350 106.01500 112.67100 100.12500 83.34030 94.49170 85.66690 82.94220 81.34350 82.79150 81.79870 81.32560 88.63070 87.42050 90.84630 91.44880 93.41640 89.19030 95.46150 91.82310 92.31920 90.54620 95.69090 94.90510 91.18040 91.06880 89.61100 87.81330 99.24080 101.51400 99.97690 99.42180 96.40750 100.41400 105.24000 104.54200 108.39800 116.51100 97.37750 103.71700 108.34600 113.98600 108.71100 111.28800 110.48100 106.17000 102.29700 84.54010 109.69300 108.35700 104.49100 104.42300 107.82600
104.55000 108.13700 107.10700 105.41200 108.72800 119.89800 123.07400 119.71100 115.62500 110.95000 97.16290 84.64230 104.02600 103.83500 97.73970 118.99100 113.16800 113.30200 64.29090 101.88500 119.91900 111.91400 111.22500 103.56300 86.36040 82.35940 80.42540 81.12380 80.80960 85.71830 86.56580 89.07850 89.89320 89.49660 88.99020 87.04360 90.47010 93.83560 91.61040 95.48020 97.04290 101.82100 99.44540 94.83050 77.84190 64.70560 84.55720 91.80700 102.39700 106.51200 103.98400 107.13600 97.89870 107.99000 100.64200 111.53000 119.68900 112.21400 120.30800 106.36300 105.81700 105.06700 101.56600 102.40900 104.95500 100.12100 100.46900 99.99970 96.13990 102.18500
107.56700 109.36800 105.86100 103.09400 93.97100 103.03500 102.34800 105.20500 106.22100 97.56430 97.62460 94.62180 93.96850 77.85560 92.74860 109.45100 114.78700 113.20800 112.82800 89.57110 97.90710 102.65500 104.80100 99.98260 97.76380 86.88160 82.28070 81.51820 81.68120 85.40810 87.94080 88.72680 87.41740 81.35250 84.12000 88.91870 87.51010 90.94880 92.29120 95.05730 101.05800 102.74100 97.26930 107.88700 86.61080 86.50830 92.70820 98.25070 103.88100 105.63500 104.85600 103.02400 104.93400 113.41000 118.47400 114.75100 111.51300 110.69100 107.21600 115.85500 113.06000 106.17500 101.31200 101.61200 96.93030 95.74890 96.99090 94.94120 104.74800 112.30400
110.76800 117.35100 115.65600 109.92500 108.27200 108.59400 99.49880 97.75340 92.93770 87.92390 83.29700 90.60980 102.17700 98.65510 91.37110 93.13080 107.47100 109.24500 108.24000 114.88200 111.27600 105.52000 94.41060 91.76950 94.08560 94.74920 94.46690 84.06850 81.71600 83.79520 89.35240 87.31430 90.26240 82.46010 87.07200 89.37170 94.79820 96.49540 100.03300 97.60140 111.57000 100.65700 107.56100 107.69300 111.68000 106.69500 97.57870 80.26040 83.39570 83.69160 86.16390 107.53200 101.98400 99.80880 99.27260 99.51160 104.69800 106.25000 109.49200 109.98700 116.27900 110.76200 111.50100 110.79500 107.57300 105.86100 99.88290 101.55700 109.72100 103.34500
110.74600 115.68200 122.36800 118.55400 110.85600 111.04700 110.30800 103.37100 98.41900 87.13080 92.87810 90.15390 94.09820 106.96300 102.55800 99.25020 98.28720 110.46100 107.93300 114.54000 113.10800 110.01900 104.43300 107.92100 97.22020 97.21820 93.48290 92.23850 89.03140 83.47660 83.74390 82.77210 83.03610 84.98560 96.46060 96.72050 90.51090 103.03300 110.86700 89.08750 105.20100 112.66000 114.30500 103.84800 98.06250 93.98880 90.65590 107.06500 89.71640 89.03910 116.69200 92.18650 110.88600 113.73200 114.65900 115.15200 113.33100 110.68700 108.91300 109.88600 112.33400 109.99800 113.78300 112.37100 112.39900 112.80900 87.54460 112.28000 89.89540 99.46820
125.92100 113.70500 113.29300 118.15500 115.16000 118.00600 108.92300 89.96100 95.83410 92.71130 86.50140 81.36520 87.23240 99.56350 108.43100 107.79400 107.93400 108.96400 110.97900 107.67700 105.13200 123.09300 107.22300 105.29400 98.46360 97.04920 98.53530 106.62700 94.29370 89.52430 84.46170 88.96860 85.63870 88.17250 98.96630 102.36600 95.26010 106.29800 105.32300 111.12800 98.64860 100.35700 103.75700 100.78800 115.22300 112.58000 116.30400 110.79900 114.04400 116.46400 114.39600 114.87000 115.26500 112.67200 109.64700 112.78100 112.96800 119.88400 116.34000 112.66300 117.61500 115.18800 118.95900 115.40400 105.08900 108.84300 96.07500 98.96780 99.11600 103.97400
110.14700 119.53300 114.16100 120.31500 115.91900 115.66100 120.37400 102.89600 93.82260 91.14820 106.53700 93.74830 99.14060 99.13750 105.51000 111.50000 110.91900 104.28600 93.04570 102.99000 109.99900 107.31000 110.51400 108.18800 100.70600 97.85820 91.20830 97.44810 93.99150 88.52540 89.06730 85.91250 88.08840 92.50670 95.47270 99.23210 85.05550 100.45900 110.09200 114.84200 123.64600 112.98400 102.53100 116.20800 110.27700 116.18000 115.77200 101.96700 78.57540 91.31220 98.07220 101.41900 103.30400 82.99000 110.12200 114.51800 118.67000 116.95900 112.95900 120.94300 111.67200 117.69700 113.04200 98.88900 104.32800 107.91700 106.85200 107.48200 107.38400 105.83000
109.97100 110.10400 114.03100 118.58300 119.66000 124.02700 121.89900 125.85800 107.60300 113.24200 115.30000 114.11200 109.23000 108.64000 103.14400 113.74500 118.15100 115.06200 108.39400 104.03700 108.44200 99.52810 111.43000 119.15800 110.84900 100.16500 81.59130 106.13100 100.08200 94.39380 96.46480 92.81280 90.48800 95.85370 99.94550 99.41320 102.91300 107.55100 118.36500 126.91000 127.96700 126.16100 113.83200 119.44300 114.11700 103.66300 102.65400 83.44510 83.27000 105.43000 99.91630 -9999 -9999 88.37210 110.18300 113.08200 118.77400 123.93400 117.19700 95.91020 99.58800 102.15300 105.46300 108.20300 108.42700 107.58100 110.23200 111.10600 112.69100 110.81500
118.23800 122.00300 118.04800 121.16600 127.94800 120.71000 129.50200 130.17000 123.26700 119.58700 125.98300 125.07500 121.67700 117.07300 114.26100 118.17400 120.81400 115.18800 110.65300 101.10800 110.90900 97.42910 110.07700 107.10100 113.59000 107.75100 106.66000 110.17300 102.62600 80.43700 100.46100 103.55400 96.25330 101.43500 106.54200 108.22200 114.13200 118.88600 116.55200 112.25400 -9999 -9999 -9999 -9999 108.19000 -9999 91.46350 113.28300 112.99200 112.38000 102.31100 -9999 -9999 103.14900 121.19200 121.58600 111.80100 93.27880 94.70190 98.56360 102.63900 102.66900 105.34400 106.33300 104.13300 106.64500 120.31300 113.91900 112.98900 108.25300
