data/hydroclimate-scenarios/BCSD_hadcm_B1/monthly_summaries/soilm3_monthly_day1_nov.2030-2059.asc
ncols	311
nrows	91
xllcenter	102.75
yllcenter	31.75
cellsize	0.5
NODATA_value	-9999
[rows 0 to 31 of 91, columns 213 to 283 of 311]
-9999 -9999 -9999 -9999 -9999 -9999 -9999 -9999 -9999 -9999 -9999 -9999 -9999 -9999 -9999 -9999 -9999 -9999 -9999 -9999 -9999 -9999 -9999 -9999 -9999 -9999 -9999 -9999 -9999 -9999 -9999 -9999 -9999 -9999 -9999 -9999 -9999 -9999 -9999 -9999 -9999 -9999 -9999 -9999 -9999 -9999 -9999 -9999 -9999 -9999 -9999 -9999 -9999 -9999 -9999 -9999 -9999 -9999 -9999 -9999 -9999 -9999 -9999 -9999 -9999 -9999 -9999 -9999 -9999 -9999 -9999
-9999 -9999 -9999 -9999 -9999 -9999 -9999 -9999 -9999 -9999 -9999 -9999 -9999 -9999 -9999 -9999 -9999 -9999 -9999 -9999 -9999 -9999 -9999 -9999 -9999 -9999 -9999 -9999 -9999 -9999 -9999 -9999 -9999 -9999 -9999 -9999 -9999 -9999 -9999 -9999 -9999 -9999 -9999 -9999 -9999 -9999 -9999 -9999 -9999 -9999 -9999 -9999 -9999 -9999 -9999 -9999 -9999 -9999 -9999 -9999 -9999 -9999 -9999 -9999 -9999 -9999 -9999 -9999 -9999 -9999 -9999
-9999 -9999 -9999 -9999 -9999 -9999 -9999 -9999 -9999 -9999 -9999 -9999 -9999 -9999 -9999 -9999 -9999 -9999 -9999 -9999 -9999 -9999 -9999 -9999 -9999 -9999 -9999 -9999 -9999 -9999 -9999 -9999 -9999 -9999 -9999 -9999 -9999 -9999 -9999 -9999 -9999 -9999 -9999 -9999 -9999 -9999 -9999 -9999 -9999 -9999 -9999 -9999 -9999 -9999 -9999 -9999 -9999 -9999 -9999 -9999 -9999 -9999 -9999 -9999 -9999 -9999 -9999 -9999 -9999 -9999 -9999
-9999 -9999 -9999 -9999 -9999 -9999 -9999 -9999 -9999 -9999 -9999 -9999 -9999 -9999 -9999 -9999 -9999 -9999 -9999 -9999 -9999 -9999 -9999 -9999 -9999 -9999 -9999 -9999 -9999 -9999 -9999 -9999 -9999 -9999 -9999 -9999 -9999 -9999 -9999 -9999 -9999 -9999 -9999 -9999 -9999 -9999 -9999 -9999 -9999 -9999 -9999 -9999 -9999 -9999 -9999 -9999 -9999 -9999 -9999 -9999 -9999 -9999 -9999 -9999 -9999 -9999 -9999 -9999 -9999 -9999 -9999
-9999 -9999 -9999 -9999 -9999 -9999 -9999 -9999 -9999 -9999 -9999 -9999 -9999 -9999 -9999 -9999 -9999 -9999 -9999 -9999 -9999 -9999 -9999 -9999 -9999 -9999 -9999 -9999 -9999 -9999 -9999 -9999 -9999 -9999 -9999 -9999 -9999 -9999 -9999 -9999 -9999 -9999 -9999 -9999 -9999 -9999 -9999 -9999 -9999 -9999 -9999 -9999 -9999 -9999 -9999 -9999 -9999 -9999 -9999 -9999 -9999 -9999 -9999 -9999 -9999 -9999 -9999 -9999 -9999 -9999 -9999
-9999 -9999 -9999 -9999 -9999 -9999 -9999 -9999 -9999 -9999 -9999 -9999 -9999 -9999 -9999 -9999 -9999 -9999 -9999 -9999 -9999 -9999 -9999 -9999 -9999 -9999 -9999 -9999 -9999 -9999 -9999 -9999 -9999 -9999 -9999 -9999 -9999 -9999 -9999 -9999 -9999 -9999 -9999 -9999 -9999 -9999 -9999 -9999 -9999 -9999 -9999 -9999 -9999 -9999 -9999 -9999 -9999 -9999 -9999 -9999 -9999 -9999 -9999 -9999 -9999 -9999 -9999 -9999 -9999 -9999 -9999
-9999 -9999 -9999 -9999 -9999 -9999 -9999 -9999 -9999 -9999 -9999 -9999 -9999 -9999 -9999 -9999 -9999 -9999 -9999 -9999 -9999 -9999 -9999 -9999 -9999 -9999 -9999 -9999 -9999 -9999 -9999 -9999 -9999 -9999 -9999 -9999 -9999 -9999 -9999 -9999 -9999 -9999 -9999 -9999 -9999 -9999 -9999 -9999 -9999 -9999 -9999 -9999 -9999 -9999 -9999 -9999 -9999 -9999 -9999 -9999 -9999 -9999 -9999 -9999 -9999 -9999 -9999 -9999 -9999 -9999 -9999
-9999 -9999 -9999 -9999 -9999 -9999 -9999 -9999 -9999 -9999 -9999 -9999 -9999 -9999 -9999 -9999 -9999 -9999 -9999 -9999 -9999 -9999 -9999 -9999 -9999 -9999 -9999 -9999 -9999 -9999 -9999 -9999 -9999 -9999 -9999 -9999 -9999 -9999 -9999 -9999 -9999 -9999 -9999 -9999 -9999 -9999 -9999 -9999 -9999 -9999 -9999 -9999 -9999 -9999 -9999 -9999 -9999 -9999 -9999 -9999 -9999 -9999 -9999 -9999 -9999 -9999 -9999 -9999 -9999 -9999 -9999
-9999 -9999 -9999 -9999 -9999 -9999 -9999 -9999 -9999 -9999 -9999 -9999 -9999 -9999 -9999 -9999 -9999 -9999 -9999 -9999 -9999 -9999 -9999 -9999 -9999 -9999 -9999 -9999 -9999 -9999 -9999 -9999 -9999 -9999 -9999 -9999 -9999 -9999 -9999 -9999 -9999 -9999 -9999 -9999 -9999 -9999 -9999 -9999 -9999 -9999 -9999 -9999 -9999 -9999 -9999 -9999 -9999 -9999 -9999 -9999 -9999 -9999 -9999 -9999 -9999 -9999 -9999 -9999 -9999 -9999 -9999
-9999 -9999 -9999 -9999 -9999 -9999 -9999 -9999 -9999 -9999 -9999 -9999 -9999 -9999 -9999 -9999 -9999 -9999 -9999 -9999 -9999 -9999 -9999 -9999 -9999 -9999 -9999 -9999 -9999 -9999 -9999 -9999 -9999 -9999 -9999 -9999 -9999 -9999 -9999 -9999 -9999 -9999 -9999 -9999 -9999 -9999 -9999 -9999 -9999 -9999 -9999 -9999 -9999 -9999 -9999 -9999 -9999 -9999 -9999 -9999 -9999 -9999 -9999 -9999 -9999 -9999 -9999 -9999 -9999 -9999 -9999
-9999 -9999 -9999 -9999 -9999 -9999 -9999 -9999 -9999 -9999 -9999 -9999 -9999 -9999 -9999 -9999 -9999 -9999 -9999 -9999 -9999 -9999 -9999 -9999 -9999 -9999 -9999 -9999 -9999 -9999 -9999 -9999 -9999 -9999 -9999 -9999 -9999 -9999 -9999 -9999 -9999 -9999 -9999 -9999 -9999 -9999 -9999 -9999 -9999 -9999 -9999 -9999 -9999 -9999 -9999 -9999 -9999 -9999 -9999 -9999 -9999 -9999 -9999 -9999 -9999 -9999 -9999 -9999 -9999 -9999 -9999
-9999 -9999 -9999 -9999 -9999 -9999 -9999 -9999 -9999 -9999 -9999 -9999 -9999 -9999 -9999 -9999 -9999 -9999 -9999 -9999 -9999 -9999 -9999 -9999 -9999 -9999 -9999 -9999 -9999 -9999 -9999 -9999 -9999 -9999 -9999 -9999 -9999 -9999 -9999 -9999 -9999 -9999 -9999 -9999 -9999 -9999 -9999 -9999 -9999 -9999 -9999 -9999 -9999 -9999 -9999 -9999 -9999 -9999 -9999 -9999 -9999 -9999 -9999 -9999 -9999 -9999 -9999 -9999 -9999 -9999 -9999
-9999 -9999 -9999 -9999 -9999 -9999 -9999 -9999 -9999 -9999 -9999 -9999 -9999 -9999 -9999 -9999 -9999 -9999 -9999 -9999 -9999 -9999 -9999 -9999 -9999 -9999 -9999 -9999 -9999 -9999 -9999 -9999 -9999 -9999 -9999 -9999 -9999 -9999 -9999 -9999 -9999 -9999 -9999 -9999 -9999 -9999 -9999 -9999 -9999 -9999 -9999 -9999 -9999 -9999 -9999 -9999 -9999 -9999 -9999 -9999 -9999 -9999 -9999 -9999 -9999 -9999 -9999 -9999 -9999 -9999 -9999
19.28110 19.27240 19.67570 19.78270 19.32870 19.55580 -9999 -9999 -9999 -9999 -9999 -9999 -9999 -9999 -9999 -9999 -9999 -9999 -9999 -9999 -9999 -9999 -9999 -9999 -9999 -9999 -9999 -9999 -9999 -9999 -9999 -9999 -9999 -9999 -9999 -9999 -9999 -9999 -9999 -9999 -9999 -9999 -9999 -9999 -9999 -9999 -9999 21.93920 -9999 -9999 -9999 -9999 -9999 -9999 -9999 -9999 -9999 -9999 -9999 -9999 -9999 -9999 -9999 -9999 -9999 -9999 -9999 -9999 -9999 -9999 -9999
19.10520 19.11800 19.13860 19.16790 19.24800 19.56710 19.75930 20.38170 21.00410 21.52070 22.66060 24.11770 23.82150 22.61000 22.44230 22.90840 23.08830 22.91740 30.11900 -9999 -9999 -9999 -9999 -9999 -9999 -9999 -9999 -9999 -9999 -9999 -9999 -9999 -9999 -9999 -9999 -9999 -9999 -9999 -9999 -9999 -9999 -9999 21.31760 20.70740 19.74020 19.11240 19.14760 19.28270 20.01910 -9999 -9999 -9999 19.78820 -9999 -9999 -9999 20.12930 20.65810 21.57560 -9999 -9999 -9999 -9999 -9999 -9999 -9999 -9999 -9999 -9999 -9999 -9999
20.90520 21.50630 22.10400 22.61540 23.37190 23.40380 23.45820 23.46450 23.61400 23.88390 23.88530 25.03300 25.08860 25.94980 26.42490 25.83040 25.30620 25.12360 24.01260 23.85380 23.78600 23.97440 24.11540 24.35940 23.81560 -9999 -9999 -9999 -9999 -9999 18.64390 18.21330 18.24590 20.52500 21.92990 21.21110 20.94700 20.18110 19.94340 19.82230 19.58550 19.11350 19.10950 19.10970 19.11110 19.11210 19.24970 19.39200 19.36090 19.65620 19.46150 19.55760 19.80710 20.07130 20.15390 20.19470 20.44500 20.80320 22.23280 22.30140 21.97510 21.58940 20.61390 20.25990 -9999 -9999 -9999 -9999 -9999 -9999 -9999
23.33680 23.55020 23.83100 24.28540 24.00680 24.25530 24.73900 25.24320 24.66860 23.62080 22.91590 134.63699 133.22000 134.83400 133.76700 134.11000 132.56700 20.00280 19.65110 20.05660 22.29030 22.74460 23.15190 23.27700 23.25660 23.19720 22.93770 22.95420 22.88410 22.72600 22.16890 18.36370 18.24830 18.27140 18.90500 19.13600 19.12100 19.11970 19.11990 19.11800 19.12300 19.12390 19.12490 19.13060 19.12270 19.12120 19.14500 19.16420 19.25300 19.35480 19.40420 19.57700 19.76340 19.92080 20.02520 20.03800 20.45630 20.73040 21.06700 21.03590 21.22290 21.31150 20.50160 20.94380 20.42340 20.18080 20.03580 20.00400 20.23510 20.48790 20.28160
27.67410 26.69690 27.16650 24.66900 23.87460 135.52000 133.81100 132.73900 132.52499 131.81000 131.59200 131.56599 131.72000 131.59200 131.52600 131.51500 131.55499 131.55400 131.98199 131.90500 131.90199 132.05600 132.44000 133.13200 129.92900 130.23300 24.71920 130.38400 22.98000 23.03160 24.77110 20.39760 18.26480 18.67680 19.14460 19.13480 19.12620 19.12830 19.12540 19.12270 19.12810 19.13030 19.12840 19.12480 19.11800 19.11860 19.12200 19.12920 19.16860 19.19910 19.20380 19.28210 19.47040 19.74480 19.74390 19.79300 20.16470 20.14580 20.59330 20.47080 20.82690 20.91300 20.22890 20.33170 19.82640 19.85490 19.99010 20.15540 20.73460 20.98290 20.99480
134.03000 134.13800 132.64101 133.24899 133.74600 131.86700 131.67400 131.51801 131.50700 131.51100 131.53700 131.54300 131.50400 131.51500 131.50600 131.53101 131.56000 131.53999 131.77000 131.66100 131.93900 132.32800 133.15700 130.83000 130.10300 130.10001 131.91000 131.91701 131.85400 22.74950 24.57280 23.84050 19.96000 17.94310 17.93710 17.93710 17.93860 17.93800 17.93700 17.93750 17.94280 17.94470 17.94160 17.94360 17.94080 17.94570 17.95420 17.95600 17.97180 18.44530 19.22730 19.29350 19.35300 19.39870 19.42620 19.53350 19.50290 19.61650 19.59890 19.55450 19.58220 18.46960 19.06230 19.35140 19.14120 19.32920 19.22260 19.70900 19.83170 19.84150 20.90040
133.94701 135.68201 136.26801 133.34100 132.56599 132.18700 131.58701 131.62000 131.53799 131.50700 131.50400 131.50200 131.50301 131.50200 131.51300 131.51601 131.52100 131.52800 132.45900 132.33900 131.91600 132.29500 131.78900 130.39000 129.95900 129.94400 129.74699 129.97501 131.74200 130.23000 22.66570 24.03650 23.29890 18.32430 19.01330 18.86170 19.20510 19.19680 19.23920 19.33460 19.34910 19.29790 19.41580 19.40650 19.12450 19.29610 19.22140 19.31060 19.33450 19.49050 19.65900 18.40920 18.52640 18.59340 17.99050 17.99800 18.00380 18.04760 18.22850 18.68130 18.62620 20.41370 20.37780 20.35760 20.47040 20.76820 21.15320 19.16480 21.40610 23.13780 23.31160
135.32800 141.08099 139.87500 134.59500 132.07201 131.61501 131.52901 131.51100 131.50101 131.50000 131.50101 131.50101 131.50000 131.50000 131.50200 131.51100 131.52000 131.52800 131.61501 131.55000 131.52100 131.54100 131.55701 131.54401 129.80499 129.89000 129.82500 129.82500 129.83000 129.83800 23.36590 22.82410 24.71140 24.88200 24.81710 21.79750 19.46940 18.75940 18.28980 18.28930 19.97580 19.69280 19.22350 19.13240 18.99990 19.08510 19.07030 19.08180 19.07880 19.14470 19.32050 19.31560 19.55310 19.57640 19.47230 19.45220 19.29010 19.27530 19.40350 19.27300 18.45690 20.12900 20.01800 20.41300 20.27390 20.49490 20.33830 22.09460 22.11410 22.33630 22.47970
134.74100 132.46400 131.58800 131.50200 131.50200 131.50200 131.50101 131.50200 131.50101 131.50101 131.50101 131.50000 131.50000 131.50000 131.50301 131.50200 131.50301 131.50400 131.67300 131.61301 131.50400 131.50400 131.50101 131.50200 131.50101 131.55099 129.81400 130.08000 129.82300 129.82700 24.80490 24.79160 24.81360 24.88120 24.88740 24.81760 24.80740 24.79110 24.94790 24.99850 24.76170 23.58900 23.65560 23.60740 20.97600 22.70370 23.27700 22.09020 19.50720 19.36770 19.57910 19.22270 19.38030 19.41080 19.55670 19.51610 19.17060 19.16110 19.12900 19.40330 21.51320 19.67460 19.84680 20.08780 19.74250 19.29970 21.72160 21.83670 21.80550 22.02730 22.08280
133.14500 131.57300 131.51801 131.52400 131.71100 133.15700 136.92300 137.71300 134.77699 132.47099 131.96500 131.64000 131.50800 131.50101 131.50700 131.50999 131.56599 131.51700 131.75999 131.79401 131.50101 131.50000 131.50000 131.50000 131.50000 23.31080 23.32480 23.34300 23.33100 23.85780 24.06300 24.49150 24.48440 24.01410 23.95530 23.64440 23.65730 23.66240 23.97250 23.67450 23.89760 23.89620 23.74490 23.13260 24.39670 24.40400 23.85010 23.85760 24.06570 24.17810 23.22100 22.43380 19.95020 19.84550 19.22620 19.12670 19.18360 19.63040 19.56280 20.29210 20.77310 19.23200 19.38120 19.37820 19.30560 19.17430 21.76800 21.78960 21.75340 21.83000 22.50740
132.84300 132.74699 133.56700 132.64600 132.03400 133.47600 136.32700 136.30701 134.75800 134.29800 134.56200 134.42300 134.12601 133.38699 132.49600 131.66701 131.52299 131.50900 131.99800 132.02400 131.52600 131.50000 23.30010 23.30020 23.30020 23.30010 23.30520 23.31180 23.31790 23.33110 23.37370 23.32880 23.34330 23.34470 23.38200 23.38790 23.40240 23.44990 23.39440 23.39490 23.49850 23.51480 23.53280 23.60170 23.72700 23.80490 23.63640 23.47070 23.59050 25.24770 24.61360 24.46180 23.77760 23.17410 19.49730 19.11240 19.23230 21.07560 19.73880 19.61460 19.40550 19.07660 19.14060 19.20160 19.10430 19.23650 19.86670 21.76250 21.69300 21.72640 21.92720
131.76401 131.83600 132.34900 132.27000 132.04100 131.80901 131.57201 131.68401 133.38400 133.22000 133.77800 133.69701 135.39400 134.66000 133.78200 132.89301 131.85899 131.50500 131.50900 131.96300 132.37900 131.78200 131.70100 131.72301 21.60010 22.60000 23.30040 23.40030 23.40180 23.50590 23.60270 23.78410 23.88060 23.85840 23.71470 23.63450 23.72860 23.65720 23.62790 23.51390 24.05150 23.96150 23.76230 23.76450 24.19140 24.19990 24.04290 24.04270 23.69800 23.63730 23.66960 23.31130 24.01040 23.61400 23.26060 18.71280 18.89540 19.05430 18.98930 18.95120 18.84180 18.85340 18.93820 18.77830 18.91300 19.02780 18.97460 19.70450 21.75590 21.80420 21.74920
131.58099 131.60699 131.58400 131.68800 132.56200 132.14700 132.59100 132.67300 132.39999 131.84801 132.08701 132.61800 133.76801 135.53500 136.03500 131.75500 131.51601 131.50500 131.50700 131.50301 131.50301 131.56400 131.50000 131.50301 131.50500 131.66499 131.50101 131.50000 23.00100 131.50600 131.50500 131.51199 131.50600 131.51199 131.50400 131.51500 23.95620 23.58640 131.68800 132.21100 23.85750 24.03830 23.81790 23.92710 23.95920 24.23530 24.11890 23.78110 23.67200 23.60780 23.69210 23.61360 23.22960 24.04260 23.28320 23.36040 18.99800 18.76470 18.83620 18.85190 18.70170 18.71890 18.82090 18.65510 18.67040 18.76110 18.82890 18.83020 18.89970 21.69700 21.68010
136.97701 138.39101 137.85300 137.44701 135.32700 143.40100 143.69701 143.31900 143.83900 144.56900 143.91400 144.34700 140.42799 133.08000 132.83099 131.62100 131.52400 131.50301 131.55600 131.50200 131.51199 131.50500 131.50500 131.52100 131.50800 131.51601 131.55600 131.56100 131.59801 131.64700 131.63100 131.55901 131.55499 131.56200 131.57100 131.60500 131.61099 131.70799 131.93600 132.32201 132.90199 132.99001 24.68720 25.24840 24.53720 24.41840 24.12460 24.25210 23.85010 23.65260 23.73600 23.72500 23.44760 23.23190 23.71310 23.22920 19.10610 19.17930 19.39690 19.40810 18.81350 18.85220 18.91660 18.86800 18.99490 19.02210 19.00450 18.89790 18.76570 18.81670 21.67200
142.34100 33.12130 32.53130 30.61600 144.10001 143.79300 31.06190 32.23440 31.39510 31.55040 144.88800 30.20410 51.80970 160.82500 154.37900 133.32201 131.51500 131.50999 136.11000 133.24800 131.77499 131.83099 131.59700 131.65300 131.50900 131.52000 131.53000 131.57899 131.57500 131.60100 131.57899 131.50900 131.50400 131.50999 131.50400 131.52699 131.64799 131.85400 132.05299 132.39000 132.75500 133.64101 25.36750 24.98240 24.43090 25.07990 25.87710 25.28630 23.94270 23.93660 24.06430 23.72510 23.55340 23.48290 24.09020 23.42640 21.03600 19.17150 19.58650 19.54810 18.88860 19.05700 19.19140 18.97240 19.01960 18.93430 18.71560 18.80420 18.79050 18.83010 21.88240
35.71370 37.09850 34.93550 34.75550 35.00280 34.39560 33.78830 26.08560 22.81330 22.69610 23.47630 23.88460 24.58780 33.40850 33.32750 142.50700 136.81799 131.52800 147.56100 144.01500 138.63400 133.87601 132.51801 131.71100 131.50000 131.50000 131.51500 131.53300 131.52600 131.55200 131.56100 131.51300 131.50600 131.50101 131.50000 131.50400 131.63499 131.82401 132.13901 132.57401 133.21201 133.82201 25.98020 26.08490 26.17320 26.83410 28.05880 27.70340 26.11320 26.35650 25.03490 24.70000 23.86140 23.63250 24.74610 23.51490 19.75440 19.37030 19.59270 19.44840 18.28850 18.38390 18.39310 18.38910 18.27940 18.89520 18.71680 19.22040 18.69490 20.05540 20.38540
36.68850 35.49580 36.29230 34.71940 33.76100 35.09080 33.54640 28.81200 23.66720 20.78560 19.29110 19.49300 40.06330 52.69860 52.97890 158.49899 161.05499 146.36200 149.64700 144.44000 145.92200 169.44400 153.62700 133.81799 131.57401 131.50800 131.50301 131.50000 131.50400 131.52800 131.51401 131.50101 131.50200 131.50600 131.50101 131.51300 131.73900 131.89400 132.16901 132.59801 133.53101 134.44000 134.69200 28.88380 27.02000 29.35020 29.80200 29.12400 27.97600 26.96560 26.17740 24.66450 24.05490 24.26880 23.58830 22.55320 20.96550 20.29190 20.16920 22.97340 20.93670 20.15410 20.01930 19.05800 18.31090 18.29750 18.76560 19.73650 20.35170 20.46040 20.82560
35.20730 30.57060 31.76340 35.97660 36.32600 33.47520 36.33330 37.05400 38.02970 35.43330 28.92090 24.60960 32.45180 59.54130 86.08790 193.24001 82.92130 77.16970 164.90199 163.88600 160.35699 171.06599 158.27699 135.92000 132.00999 131.62000 131.56900 131.60899 131.53300 131.56599 131.51900 131.50500 131.50301 131.50101 131.57100 131.69400 131.76199 132.03200 132.30099 132.76199 134.42999 28.78530 32.55510 32.80180 29.97130 33.07880 31.93780 29.14290 28.26270 27.82250 26.53670 25.72320 24.64910 24.69760 24.74490 22.07090 21.78090 20.34370 20.90920 20.93290 20.84900 22.57880 21.96430 21.65720 22.16990 22.09670 22.32680 22.17830 23.58600 21.93590 21.52390
38.18940 -9999 26.72650 37.66500 40.51580 41.61550 -9999 40.21220 40.49820 38.50430 37.95980 37.84600 64.86910 59.98590 62.57550 62.85610 52.89250 77.11490 83.22630 78.44090 183.56000 170.63699 179.97600 164.59300 145.09500 133.62601 25.40820 24.20600 24.13540 131.85201 131.74001 131.57300 131.50800 131.51500 131.60600 131.67101 131.99899 132.16100 132.43100 25.25680 26.32570 26.04380 38.74690 33.82470 29.82490 30.80770 30.78770 29.57950 30.16400 30.11070 29.64010 28.21120 27.15710 25.62520 24.72400 21.48140 20.47670 19.98910 19.93370 19.84300 19.86980 19.64420 19.46560 19.31450 19.20390 19.15630 19.14700 19.49510 20.11320 20.91380 20.62620
