data/hydroclimate-scenarios/BCSD_hadcm_B1/monthly_summaries/soilm1_monthly_day1_sep.2030-2059.asc
ncols	311
nrows	91
xllcenter	102.75
yllcenter	31.75
cellsize	0.5
NODATA_value	-9999
[rows 0 to 31 of 91, columns 71 to 141 of 311]
-9999 -9999 -9999 -9999 -9999 -9999 -9999 -9999 -9999 -9999 -9999 -9999 -9999 -9999 -9999 -9999 -9999 -9999 -9999 -9999 -9999 -9999 -9999 -9999 -9999 -9999 -9999 -9999 -9999 -9999 -9999 -9999 -9999 -9999 -9999 -9999 -9999 -9999 -9999 -9999 -9999 -9999 -9999 -9999 -9999 -9999 -9999 -9999 -9999 -9999 -9999 -9999 -9999 -9999 -9999 -9999 -9999 -9999 -9999 -9999 -9999 -9999 -9999 -9999 -9999 -9999 -9999 -9999 -9999 -9999 -9999
-9999 -9999 -9999 -9999 -9999 -9999 -9999 -9999 -9999 -9999 -9999 -9999 -9999 -9999 -9999 -9999 -9999 -9999 -9999 -9999 -9999 -9999 -9999 -9999 -9999 -9999 -9999 -9999 -9999 -9999 -9999 -9999 -9999 -9999 -9999 -9999 -9999 -9999 -9999 -9999 -9999 -9999 -9999 -9999 -9999 -9999 -9999 -9999 -9999 -9999 -9999 -9999 -9999 -9999 -9999 -9999 -9999 -9999 -9999 -9999 -9999 -9999 -9999 -9999 -9999 -9999 -9999 -9999 -9999 -9999 -9999
-9999 -9999 -9999 -9999 -9999 -9999 -9999 -9999 -9999 -9999 -9999 -9999 -9999 -9999 -9999 -9999 -9999 -9999 -9999 -9999 -9999 -9999 -9999 -9999 -9999 -9999 -9999 -9999 -9999 -9999 -9999 -9999 -9999 -9999 -9999 -9999 -9999 -9999 -9999 -9999 -9999 -9999 -9999 -9999 -9999 -9999 -9999 -9999 -9999 -9999 -9999 -9999 -9999 -9999 -9999 -9999 -9999 -9999 -9999 -9999 -9999 -9999 -9999 -9999 -9999 -9999 -9999 -9999 -9999 -9999 -9999
-9999 -9999 -9999 -9999 -9999 -9999 -9999 -9999 -9999 -9999 -9999 -9999 -9999 -9999 -9999 -9999 -9999 -9999 -9999 -9999 -9999 -9999 -9999 -9999 -9999 -9999 -9999 -9999 -9999 -9999 -9999 -9999 -9999 -9999 -9999 -9999 -9999 -9999 -9999 -9999 -9999 -9999 -9999 -9999 -9999 -9999 -9999 -9999 -9999 -9999 -9999 -9999 -9999 -9999 -9999 -9999 -9999 -9999 -9999 -9999 -9999 -9999 -9999 -9999 -9999 -9999 -9999 -9999 -9999 -9999 -9999
-9999 -9999 -9999 -9999 -9999 -9999 -9999 -9999 -9999 -9999 -9999 -9999 -9999 -9999 -9999 -9999 -9999 -9999 -9999 -9999 -9999 -9999 -9999 -9999 -9999 -9999 -9999 -9999 -9999 -9999 -9999 -9999 -9999 -9999 -9999 -9999 -9999 -9999 -9999 -9999 -9999 -9999 -9999 -9999 -9999 -9999 -9999 -9999 -9999 -9999 -9999 -9999 -9999 -9999 -9999 -9999 -9999 -9999 -9999 -9999 -9999 -9999 -9999 -9999 -9999 -9999 -9999 -9999 -9999 -9999 -9999
-9999 -9999 -9999 -9999 -9999 -9999 -9999 -9999 -9999 -9999 -9999 -9999 -9999 -9999 -9999 -9999 -9999 -9999 -9999 -9999 -9999 -9999 -9999 -9999 -9999 -9999 -9999 -9999 -9999 -9999 -9999 -9999 -9999 -9999 -9999 -9999 -9999 -9999 -9999 -9999 -9999 -9999 -9999 -9999 -9999 -9999 -9999 -9999 -9999 -9999 -9999 -9999 -9999 -9999 -9999 -9999 -9999 -9999 -9999 -9999 -9999 -9999 -9999 -9999 -9999 -9999 -9999 -9999 -9999 -9999 -9999
-9999 -9999 -9999 -9999 -9999 -9999 -9999 -9999 -9999 -9999 -9999 -9999 -9999 -9999 -9999 -9999 -9999 -9999 -9999 -9999 -9999 -9999 -9999 -9999 -9999 -9999 -9999 -9999 -9999 -9999 -9999 -9999 -9999 -9999 -9999 -9999 -9999 -9999 -9999 -9999 -9999 -9999 -9999 -9999 -9999 -9999 -9999 -9999 -9999 -9999 -9999 -9999 -9999 -9999 -9999 -9999 -9999 -9999 -9999 -9999 -9999 -9999 -9999 -9999 -9999 -9999 -9999 -9999 -9999 -9999 -9999
-9999 -9999 -9999 -9999 -9999 -9999 -9999 -9999 -9999 -9999 -9999 -9999 -9999 -9999 -9999 -9999 -9999 -9999 -9999 -9999 -9999 -9999 -9999 -9999 -9999 -9999 -9999 -9999 -9999 -9999 -9999 -9999 -9999 -9999 -9999 -9999 -9999 -9999 -9999 -9999 -9999 -9999 -9999 -9999 -9999 -9999 -9999 -9999 -9999 -9999 -9999 -9999 -9999 -9999 -9999 -9999 -9999 -9999 -9999 -9999 -9999 -9999 -9999 -9999 -9999 -9999 -9999 -9999 -9999 -9999 -9999
-9999 -9999 -9999 -9999 -9999 -9999 53.69480 -9999 -9999 -9999 -9999 -9999 -9999 -9999 -9999 -9999 -9999 -9999 -9999 -9999 -9999 -9999 -9999 -9999 -9999 -9999 -9999 -9999 -9999 -9999 -9999 -9999 -9999 -9999 -9999 -9999 -9999 -9999 -9999 -9999 -9999 -9999 -9999 -9999 -9999 -9999 -9999 -9999 -9999 -9999 -9999 -9999 -9999 -9999 -9999 -9999 -9999 -9999 -9999 -9999 -9999 -9999 -9999 -9999 -9999 -9999 -9999 -9999 -9999 -9999 -9999
-9999 -9999 53.89340 49.29460 52.22850 53.06860 53.76900 54.39700 53.45570 53.95750 53.10330 53.14000 50.62050 50.70920 47.68670 49.30300 47.85840 47.90080 50.42250 50.09230 52.84800 52.15490 -9999 -9999 -9999 -9999 -9999 -9999 -9999 -9999 -9999 -9999 -9999 -9999 -9999 -9999 -9999 -9999 -9999 -9999 -9999 -9999 -9999 -9999 -9999 -9999 -9999 -9999 -9999 -9999 -9999 -9999 -9999 -9999 -9999 -9999 -9999 -9999 -9999 -9999 -9999 -9999 -9999 -9999 -9999 -9999 -9999 -9999 -9999 -9999 -9999
-9999 -9999 -9999 -9999 52.04280 52.83390 53.17240 53.60530 53.87990 54.01140 52.68140 53.16150 53.42190 53.38580 53.68260 53.72740 52.74400 53.09450 52.48600 52.74840 52.28580 51.51070 -9999 -9999 -9999 -9999 -9999 -9999 -9999 -9999 -9999 -9999 -9999 -9999 -9999 -9999 -9999 -9999 -9999 -9999 -9999 -9999 -9999 -9999 -9999 -9999 -9999 -9999 -9999 -9999 -9999 -9999 -9999 -9999 -9999 -9999 -9999 -9999 -9999 -9999 -9999 -9999 -9999 -9999 -9999 -9999 -9999 -9999 -9999 -9999 -9999
54.35400 54.35100 54.24030 54.16750 52.36840 53.95540 53.28730 53.73190 53.80450 54.46410 52.27150 52.48360 53.43010 53.80480 54.02000 54.32190 53.22520 53.37260 52.51910 53.81470 53.50550 70.83770 53.85600 53.84840 54.19860 53.69760 54.06030 52.57740 -9999 -9999 -9999 -9999 -9999 -9999 -9999 -9999 -9999 -9999 -9999 -9999 -9999 -9999 -9999 -9999 -9999 -9999 -9999 -9999 -9999 -9999 -9999 -9999 -9999 -9999 -9999 -9999 -9999 -9999 -9999 -9999 -9999 -9999 -9999 -9999 -9999 -9999 -9999 -9999 -9999 -9999 -9999
55.30960 55.44110 53.93680 54.09730 55.51280 55.75080 54.59630 55.24720 52.96170 53.15910 54.21600 54.88250 55.61150 55.66260 55.74770 55.74790 55.02590 54.93510 72.66840 55.58710 54.56080 54.32300 54.94380 53.85530 54.53890 54.52260 53.58280 53.71460 53.78390 53.79770 53.14410 53.25540 53.18630 53.42940 54.13340 53.93290 53.44360 53.74230 55.52420 56.10440 58.88850 58.35030 56.12310 -9999 -9999 -9999 -9999 -9999 -9999 -9999 -9999 -9999 -9999 -9999 -9999 -9999 -9999 -9999 -9999 -9999 -9999 -9999 -9999 -9999 -9999 -9999 -9999 -9999 -9999 -9999 -9999
44.35180 44.73350 42.82570 43.36450 56.76830 56.94740 55.26320 55.31490 53.14580 41.52380 42.19330 54.64100 43.58190 56.19890 57.15960 57.09890 55.65960 55.09820 54.51250 55.55210 55.43340 56.01840 55.75270 42.90320 43.47320 54.76720 53.58530 53.64210 54.85210 55.12400 53.95450 53.60520 52.92610 53.06570 53.78110 54.11210 54.02640 53.83290 55.36400 55.90060 58.59370 59.34000 57.07520 73.36180 -9999 -9999 -9999 -9999 -9999 -9999 -9999 -9999 -9999 -9999 -9999 -9999 -9999 -9999 -9999 -9999 -9999 -9999 -9999 -9999 -9999 -9999 -9999 -9999 -9999 -9999 -9999
59.91170 58.89210 47.42320 61.18990 59.12760 59.41200 60.05280 59.49710 58.65690 57.55680 58.25320 57.59210 56.66710 56.50820 56.89560 56.29380 58.05560 58.27400 59.36220 76.04550 59.85020 59.52340 59.24930 58.14330 56.10940 57.36100 56.88030 55.70190 55.21000 56.07500 54.92300 54.69430 53.05190 53.40120 54.45040 54.71850 56.21680 56.51540 57.71350 58.20910 55.21550 55.69100 56.21860 55.75100 -9999 -9999 -9999 -9999 -9999 -9999 -9999 -9999 -9999 -9999 -9999 -9999 -9999 -9999 -9999 56.56170 57.27750 -9999 -9999 -9999 -9999 61.80950 65.00280 66.41260 63.66450 50.18630 50.46300
59.37250 59.71460 60.68990 61.12910 58.65360 58.15990 58.25460 59.30300 58.70760 58.89900 57.19950 56.98460 56.66370 57.39680 58.02450 56.84310 58.28030 57.74640 76.10010 59.82290 59.13990 58.85170 59.08490 57.27480 56.18230 54.92720 55.95480 55.97880 55.48860 55.51310 54.56260 54.88580 53.36500 53.69000 54.27900 55.03280 57.03130 57.02330 57.59750 57.74410 71.93190 72.06510 72.44920 55.58320 57.00880 57.09330 74.44830 57.62840 58.67680 59.42870 49.84310 51.53010 61.34630 59.61300 59.04850 48.69610 44.09340 44.73420 56.88730 56.83770 45.70530 -9999 -9999 -9999 -9999 -9999 62.96500 65.30050 63.21060 65.25820 65.07860
64.05070 48.97570 60.45320 62.98970 49.65570 57.78720 58.97960 58.72830 56.70400 56.24030 55.46020 55.57720 56.08160 56.54830 57.30460 56.30030 58.38680 58.75080 58.87260 57.52360 57.48870 57.01960 57.26690 56.72940 57.28560 57.23020 54.17720 54.09760 53.79270 53.92550 53.02220 52.71410 53.65410 54.01740 56.75250 57.25820 59.75470 60.57230 75.53530 76.77320 58.70780 74.90740 57.03480 56.55000 57.76000 57.93720 59.11230 58.87490 59.82080 61.55300 58.45790 58.48750 57.67020 61.82150 64.87050 61.72380 62.22360 62.35910 50.39180 50.16520 49.22240 50.87540 48.27520 58.61770 58.13920 60.25840 60.86750 63.59580 58.96010 59.47280 65.12060
65.10980 65.02550 58.48990 63.75630 64.68720 62.28060 62.08690 60.98180 54.99990 55.05090 54.55590 55.23440 55.27740 55.57520 57.19120 58.50200 58.75560 58.23760 59.57180 58.82210 59.39680 57.18060 57.16960 56.60010 57.84580 57.48620 54.63490 54.47650 54.61050 55.03630 54.27110 54.18590 54.50030 53.88500 57.16030 58.13150 77.05810 59.96900 60.08260 60.08290 58.30470 59.38460 56.93130 57.65490 59.95550 59.53520 60.35340 59.23590 58.23590 59.22650 59.28710 57.46540 58.18700 57.70570 61.66470 64.86620 64.43180 64.14040 64.61920 65.19520 52.02240 56.10080 53.18690 49.88250 48.98460 59.85090 58.57740 59.18030 59.12200 62.00940 60.22740
67.46870 69.05760 54.28480 43.89150 58.45980 56.67820 55.97360 58.36320 57.42600 55.80850 56.45140 55.88600 56.60810 58.18450 59.98700 60.65380 59.12400 58.98400 60.13280 62.36560 63.73450 62.25570 61.96920 60.06850 57.31300 57.52860 56.72010 57.12640 56.12680 55.93830 55.28820 72.60470 55.97580 56.95370 58.50120 58.87570 58.91440 58.95580 60.88190 62.28860 60.46290 60.17470 61.56130 62.12780 62.29630 61.40800 59.19990 58.64430 55.86790 56.90740 57.97660 57.64280 59.92710 59.61270 47.41350 46.88240 47.91620 61.69910 64.14440 67.33380 68.18100 68.59900 69.47850 59.21870 55.01860 54.41970 53.13100 53.19400 56.66760 58.31010 59.64270
64.97060 68.42460 67.14780 58.47880 49.13670 56.07880 56.95010 59.62270 60.82380 56.96670 62.78400 60.22460 47.46830 56.69950 57.94130 58.82060 57.35140 58.47020 59.45550 60.16580 63.68780 62.38910 61.69730 60.42740 57.98040 56.72580 57.18180 55.82360 56.06810 55.41380 54.92120 55.61060 56.44410 55.63030 56.94790 58.61440 59.36320 59.13460 62.24430 62.31060 61.12030 60.45930 58.48410 59.70040 63.36130 63.39740 61.79700 60.92450 56.48170 57.82410 59.10390 58.69650 60.41370 59.42810 60.50180 62.46390 64.18430 68.22240 65.80800 65.05950 65.19340 65.13110 58.29440 68.32360 69.83070 59.75430 69.09200 59.22260 58.93100 59.46350 67.09410
64.41320 56.03260 59.12390 62.42210 63.59970 50.32190 45.10020 44.34790 57.92030 57.04820 59.45960 63.93710 68.79420 68.48150 56.01290 60.21920 57.51440 56.69560 57.23760 57.00820 61.39500 61.43270 60.63820 59.17240 56.65590 56.71500 56.93330 55.67990 55.62820 55.80950 54.47280 54.75220 56.81700 57.50520 58.28180 59.50590 58.20700 59.41430 60.27620 59.97130 62.32890 63.45710 61.24740 61.38030 60.65860 60.65220 59.53370 58.02740 55.58390 55.33400 56.16090 56.06540 58.34800 58.60080 57.85770 58.00240 62.37040 65.74090 64.41570 67.54270 67.21610 67.76850 59.21060 68.07990 65.62460 65.08720 58.08100 59.58800 60.22690 68.20190 64.85320
73.03040 71.85160 74.11820 71.26590 70.07220 67.98250 58.36120 54.09420 60.59820 58.64730 57.22080 47.16210 61.00400 63.78720 67.48140 66.92780 66.13580 64.17410 50.13990 48.39950 62.15150 62.46230 61.37190 60.40590 58.47660 57.68010 57.03390 56.86570 56.25710 56.54730 54.21360 56.62190 60.24100 60.61780 60.43530 61.19640 59.54480 60.69650 49.37740 61.61450 62.60460 64.13500 61.86550 62.70140 60.96810 60.88540 60.08310 59.01280 57.19820 56.20930 58.42080 59.72460 62.24740 51.62820 61.41280 60.95880 57.27610 65.04480 66.01150 70.46010 68.22030 69.04080 69.53860 66.77130 65.85170 56.00410 68.07300 67.54000 69.28270 67.65560 62.29510
70.26300 74.24350 76.89940 75.25090 75.45670 73.11770 63.03900 57.38000 66.19680 61.92810 62.21890 62.52220 61.47620 49.52800 61.72540 51.83180 52.67630 66.37430 70.90420 59.86340 54.58270 62.52040 58.53590 58.35120 57.72210 57.07320 55.78860 56.90900 59.71890 59.22110 57.15430 57.59020 58.65470 57.58280 61.36050 57.05210 57.17080 58.55280 60.86220 60.53910 61.15030 60.84200 60.02700 60.90390 63.83650 63.76040 63.43310 61.70260 62.87820 65.21440 66.52220 65.66170 67.07750 71.48080 57.20280 61.20120 66.26100 70.09960 68.54140 68.03290 68.53750 67.85050 68.23460 58.68490 68.34390 67.80250 66.57570 65.76310 65.01340 66.40260 66.45180
70.75860 69.91450 70.07370 71.07650 73.45420 75.05780 72.75250 70.84060 69.96720 65.28780 61.58730 68.85370 66.96890 64.21840 70.21020 65.37940 69.21620 50.38340 66.83830 72.98650 70.97440 69.66110 64.72120 57.45310 58.35000 57.57010 56.51390 57.75810 60.35920 59.40540 58.64850 58.44900 57.75960 57.33170 56.88020 57.73490 58.52220 58.98580 61.10710 62.44750 65.96590 63.93470 62.54480 52.33060 48.64190 58.89940 60.33540 61.27300 65.18960 65.98960 67.64090 55.75610 64.68930 54.93700 66.64780 68.58590 69.34390 71.24010 68.15800 68.22840 66.14900 66.23320 69.27800 71.60950 67.03590 66.23560 67.43760 66.22640 63.76420 64.86550 65.95510
68.80640 68.56050 68.09800 57.91660 68.64530 68.79570 67.85190 68.30590 67.45190 66.20890 65.14780 65.32270 54.34600 62.95760 69.09180 71.74500 69.24090 71.60830 59.28780 66.14000 67.50810 68.74850 64.24000 62.47790 59.47790 57.29820 56.83950 57.12530 58.67300 57.65600 59.60040 59.32670 55.55700 55.61690 57.37200 57.40460 55.36080 56.02440 58.40200 60.26270 64.11950 54.17360 65.96570 53.74490 46.55270 57.07400 60.09430 61.82950 66.04900 68.03220 59.32820 66.26690 64.61810 69.55150 68.59970 68.56760 68.00440 66.51000 73.17140 71.99350 71.70380 68.98160 70.49550 69.88610 68.68060 71.10410 69.93580 67.17950 68.84190 67.52750 58.72690
72.13770 72.00410 70.54390 69.63640 71.60560 68.85130 67.48170 66.24790 65.60970 63.14850 63.70160 67.42020 64.53950 63.57020 65.67290 68.83960 71.31560 71.89160 73.19480 71.48980 69.03410 65.16140 61.41890 61.37450 62.40740 61.44000 57.61800 57.38410 60.02380 60.47350 60.63150 60.55220 54.53810 55.30750 57.57200 60.80000 58.57360 61.64580 60.98390 67.06540 62.56100 67.49020 67.79770 69.90320 67.35640 62.60060 51.80190 52.21240 53.29530 56.57470 67.16130 63.96880 61.68080 62.48270 62.84920 65.05820 66.91730 68.53030 71.60760 73.86050 71.91770 72.00380 71.68910 72.19150 70.37440 70.94830 70.68340 69.14430 59.13940 61.92600 62.99160
72.46840 75.13580 75.55570 68.25040 71.12440 71.33170 69.66440 68.21610 62.95620 63.18480 61.64150 61.68860 70.00390 67.34450 68.83180 68.81390 72.46740 72.24040 72.62630 71.24790 69.88670 67.11670 68.69300 64.33510 64.64240 63.63480 61.89210 59.85230 58.46350 60.35020 56.95440 58.25630 55.97240 59.69330 62.46920 59.59930 64.35880 68.68500 57.53850 67.19440 71.26820 71.86830 64.73770 61.27480 60.95280 59.30620 67.06790 58.24580 55.16220 68.34380 58.30340 68.83460 68.25190 69.96320 71.54140 71.21200 71.12420 70.54130 70.87440 85.74390 71.26630 70.68190 72.33860 73.03280 68.13800 56.62500 69.04500 58.93170 64.71410 67.45020 66.99090
73.45910 72.10640 75.65180 72.84920 75.59880 70.60310 61.86910 66.97800 65.66490 62.03760 57.14310 59.54560 65.09990 69.92880 72.37460 72.42700 73.61070 73.34590 69.44410 68.89690 73.58110 68.86410 66.68090 64.28060 63.34400 65.18950 66.76920 62.00640 58.62240 58.55330 62.12560 61.39030 58.59790 60.94440 65.02930 61.29050 65.24760 66.97430 70.33460 62.31450 63.02400 65.16030 62.72940 71.96450 70.72600 71.02730 68.26230 69.73500 68.98650 69.78200 70.05430 70.53660 69.93990 67.73010 71.08810 70.97210 72.90740 71.03760 70.93540 84.87530 72.57530 72.00890 72.19690 63.03640 64.06690 63.89110 64.42600 63.82570 66.74500 66.20120 67.03010
74.60640 72.02530 75.01630 71.83860 73.39780 73.69390 63.56690 60.82460 57.80670 65.74900 59.78290 62.38680 63.37580 65.60180 70.14710 69.95150 69.84820 58.83070 69.32800 69.53190 68.51290 70.02350 68.22770 64.24180 63.17430 61.51220 64.37540 62.66900 58.09460 60.51340 61.98690 63.04330 61.24650 61.98220 63.37430 54.33750 64.54850 69.09470 72.18060 74.95540 70.54520 64.03300 69.73440 69.52100 82.57260 80.51000 63.22680 50.66070 50.78260 62.70810 63.65790 64.21280 53.62770 67.81510 72.40010 72.43860 72.17400 71.60860 82.96590 71.17180 72.22150 70.71460 63.81200 66.76840 66.96190 67.69060 66.74480 66.31970 65.91430 65.81840 66.75490
71.62850 71.15340 74.10170 74.16820 77.37850 73.35370 71.08360 63.65040 68.67570 69.16940 67.46250 65.86120 65.77630 62.57700 71.15700 71.17210 73.57590 71.14830 69.46280 70.01820 59.13120 71.24240 74.04730 69.17760 64.55820 52.39660 67.20220 64.84870 62.99540 66.35490 63.04140 61.36630 63.30880 63.52930 56.86910 63.07260 67.94770 69.35470 73.02910 74.32090 72.73550 72.14670 72.36150 68.56810 65.05130 63.10000 52.31310 52.93060 66.38490 65.96750 -9999 -9999 55.60030 67.47940 70.97120 73.96810 86.63390 72.37470 60.76700 61.92750 64.10970 67.30080 69.62870 69.48750 67.47750 68.91120 68.61510 69.66950 68.53170 67.57400 74.47610
76.79440 74.88630 74.94340 77.32690 75.02900 76.40930 72.36340 73.04910 72.91880 68.98560 70.05120 72.68380 70.68000 69.62530 72.01340 72.06160 71.68470 68.94070 60.21340 70.91180 62.96350 71.31720 68.97300 71.56820 63.28630 65.71660 68.48030 66.50110 56.82030 67.31930 65.62340 61.28080 65.01920 67.14320 67.17150 69.79020 69.43660 66.32530 64.44040 -9999 -9999 -9999 -9999 63.60400 -9999 56.13540 70.12240 69.25900 70.09240 66.78610 -9999 -9999 59.50690 83.92810 84.20040 72.11920 63.30290 63.60280 63.55650 64.66880 67.06520 68.74750 68.62000 67.28300 67.42440 73.10750 68.30270 68.41940 65.81290 64.52230 67.11680
72.79840 75.60640 75.36030 77.12700 76.96880 74.11300 75.63570 70.83810 71.57250 72.85980 72.93810 73.06610 72.44110 74.36670 74.09450 69.68450 69.55850 71.78620 73.13420 73.91090 75.95470 73.57380 72.84600 70.81020 63.29180 70.40250 61.75830 70.25590 69.54330 67.65440 66.04950 66.41290 69.26520 69.49670 71.44000 69.55330 65.73250 -9999 -9999 -9999 -9999 -9999 -9999 -9999 67.25570 67.87240 69.95920 -9999 -9999 -9999 -9999 -9999 83.91010 72.63260 68.30190 73.64490 74.95260 74.18810 66.10720 68.17800 66.54460 67.00820 66.97530 74.38530 72.83550 64.59880 67.25930 68.58800 66.14870 62.28320 -9999
