data/hydroclimate-scenarios/BCSD_hadcm_B1/monthly_summaries/soilm1_monthly_day1_jun.2070-2099.asc
ncols	311
nrows	91
xllcenter	102.75
yllcenter	31.75
cellsize	0.5
NODATA_value	-9999
[rows 0 to 31 of 91, columns 0 to 70 of 311]
-9999 -9999 -9999 -9999 -9999 -9999 -9999 -9999 -9999 -9999 -9999 -9999 -9999 -9999 -9999 -9999 -9999 -9999 -9999 -9999 -9999 -9999 -9999 -9999 -9999 -9999 -9999 -9999 -9999 -9999 -9999 -9999 -9999 -9999 -9999 -9999 -9999 -9999 -9999 -9999 -9999 -9999 -9999 -9999 -9999 -9999 -9999 -9999 -9999 -9999 -9999 -9999 -9999 -9999 -9999 -9999 -9999 -9999 -9999 -9999 -9999 -9999 -9999 -9999 -9999 -9999 -9999 -9999 -9999 -9999 -9999
-9999 -9999 -9999 -9999 -9999 -9999 -9999 -9999 -9999 -9999 -9999 -9999 -9999 -9999 -9999 -9999 -9999 -9999 -9999 -9999 -9999 -9999 -9999 -9999 -9999 -9999 -9999 -9999 -9999 -9999 -9999 -9999 -9999 -9999 -9999 -9999 -9999 -9999 -9999 -9999 -9999 -9999 -9999 -9999 -9999 -9999 -9999 -9999 -9999 -9999 -9999 -9999 -9999 -9999 -9999 -9999 -9999 -9999 -9999 -9999 -9999 -9999 -9999 -9999 -9999 -9999 -9999 -9999 -9999 -9999 -9999
-9999 -9999 -9999 -9999 -9999 -9999 -9999 -9999 -9999 -9999 -9999 -9999 -9999 -9999 -9999 -9999 -9999 -9999 -9999 -9999 -9999 -9999 -9999 -9999 -9999 -9999 -9999 -9999 -9999 -9999 -9999 -9999 -9999 -9999 -9999 -9999 -9999 -9999 -9999 -9999 -9999 -9999 -9999 -9999 -9999 -9999 -9999 -9999 -9999 -9999 -9999 -9999 -9999 -9999 -9999 -9999 -9999 -9999 -9999 -9999 -9999 -9999 -9999 -9999 -9999 -9999 -9999 -9999 -9999 -9999 -9999
-9999 -9999 -9999 -9999 -9999 -9999 -9999 -9999 -9999 -9999 -9999 -9999 -9999 -9999 -9999 -9999 -9999 -9999 -9999 -9999 -9999 -9999 -9999 -9999 -9999 -9999 -9999 -9999 -9999 -9999 -9999 -9999 -9999 -9999 -9999 -9999 -9999 -9999 -9999 -9999 -9999 -9999 -9999 -9999 -9999 -9999 -9999 -9999 -9999 -9999 -9999 -9999 -9999 -9999 -9999 -9999 -9999 -9999 -9999 -9999 -9999 -9999 -9999 -9999 -9999 -9999 -9999 -9999 -9999 -9999 -9999
-9999 -9999 -9999 -9999 -9999 -9999 -9999 -9999 -9999 -9999 -9999 -9999 -9999 -9999 -9999 -9999 -9999 -9999 -9999 -9999 -9999 -9999 -9999 -9999 -9999 -9999 -9999 -9999 -9999 -9999 -9999 -9999 -9999 -9999 -9999 -9999 -9999 -9999 -9999 -9999 -9999 -9999 -9999 -9999 -9999 -9999 -9999 -9999 -9999 -9999 -9999 -9999 -9999 -9999 -9999 -9999 -9999 -9999 -9999 -9999 -9999 -9999 -9999 -9999 -9999 -9999 -9999 -9999 -9999 -9999 -9999
-9999 -9999 -9999 -9999 -9999 -9999 -9999 -9999 -9999 -9999 -9999 -9999 -9999 -9999 -9999 -9999 -9999 -9999 -9999 -9999 -9999 -9999 -9999 -9999 -9999 -9999 -9999 -9999 -9999 -9999 -9999 -9999 -9999 -9999 -9999 -9999 -9999 -9999 -9999 -9999 -9999 -9999 -9999 -9999 -9999 -9999 -9999 -9999 -9999 -9999 -9999 -9999 -9999 -9999 -9999 -9999 -9999 -9999 -9999 -9999 -9999 -9999 -9999 -9999 -9999 -9999 -9999 -9999 -9999 -9999 -9999
-9999 -9999 -9999 -9999 -9999 -9999 -9999 -9999 -9999 -9999 -9999 -9999 -9999 -9999 -9999 -9999 -9999 -9999 -9999 -9999 -9999 -9999 -9999 -9999 -9999 -9999 -9999 -9999 -9999 -9999 -9999 -9999 -9999 -9999 -9999 -9999 -9999 -9999 -9999 -9999 -9999 -9999 -9999 -9999 -9999 -9999 -9999 -9999 -9999 -9999 -9999 -9999 -9999 -9999 -9999 -9999 -9999 -9999 -9999 -9999 -9999 -9999 -9999 -9999 -9999 -9999 -9999 -9999 -9999 -9999 -9999
-9999 -9999 -9999 -9999 -9999 -9999 -9999 -9999 -9999 -9999 -9999 -9999 -9999 -9999 -9999 -9999 -9999 -9999 -9999 -9999 -9999 -9999 -9999 -9999 -9999 -9999 -9999 -9999 -9999 -9999 -9999 -9999 -9999 -9999 -9999 -9999 -9999 -9999 -9999 -9999 -9999 -9999 91.61780 92.62070 90.48660 91.62330 90.66370 89.40700 88.06540 90.43690 89.86500 92.44920 -9999 -9999 -9999 -9999 -9999 -9999 -9999 -9999 -9999 -9999 -9999 -9999 -9999 -9999 -9999 -9999 -9999 -9999 -9999
-9999 -9999 -9999 -9999 -9999 -9999 -9999 -9999 -9999 -9999 -9999 -9999 -9999 -9999 -9999 -9999 -9999 -9999 -9999 -9999 -9999 -9999 -9999 -9999 -9999 -9999 -9999 -9999 -9999 -9999 -9999 -9999 -9999 -9999 -9999 -9999 -9999 -9999 88.94500 94.11820 92.30970 90.56330 91.30890 92.33450 90.33720 92.50390 90.77630 92.98690 89.68980 85.58340 83.23920 94.16710 97.57630 89.11760 -9999 -9999 -9999 -9999 -9999 -9999 -9999 -9999 -9999 -9999 -9999 -9999 -9999 -9999 -9999 -9999 -9999
-9999 -9999 -9999 -9999 -9999 -9999 -9999 -9999 -9999 -9999 -9999 -9999 -9999 -9999 -9999 -9999 -9999 -9999 -9999 -9999 -9999 -9999 -9999 -9999 -9999 -9999 -9999 -9999 -9999 -9999 -9999 -9999 -9999 -9999 -9999 -9999 -9999 -9999 -9999 -9999 90.17170 90.79400 92.37070 92.92290 91.95880 90.83590 89.66600 85.88090 91.12300 92.35030 91.37550 85.24460 80.97180 72.30580 -9999 -9999 -9999 -9999 -9999 -9999 -9999 -9999 -9999 -9999 -9999 -9999 -9999 -9999 -9999 -9999 -9999
-9999 -9999 -9999 -9999 -9999 -9999 -9999 -9999 -9999 -9999 -9999 -9999 -9999 -9999 -9999 -9999 -9999 -9999 -9999 -9999 -9999 -9999 -9999 -9999 -9999 -9999 -9999 -9999 -9999 -9999 -9999 -9999 -9999 -9999 -9999 -9999 -9999 -9999 -9999 -9999 -9999 -9999 -9999 -9999 91.24330 92.85080 94.26710 95.20020 93.34250 96.05680 93.49410 86.21650 78.15530 73.48270 -9999 -9999 -9999 -9999 -9999 -9999 77.04170 -9999 -9999 -9999 -9999 -9999 -9999 -9999 -9999 -9999 -9999
-9999 -9999 -9999 -9999 -9999 -9999 -9999 -9999 -9999 -9999 -9999 -9999 -9999 -9999 -9999 -9999 -9999 -9999 -9999 -9999 -9999 -9999 -9999 -9999 -9999 -9999 -9999 -9999 -9999 -9999 -9999 -9999 -9999 -9999 -9999 -9999 -9999 -9999 -9999 -9999 -9999 93.98630 93.59730 93.63050 92.89020 92.52760 93.62770 98.67940 96.66350 95.08180 96.12330 84.41780 75.06140 76.61820 -9999 -9999 -9999 -9999 -9999 71.85160 71.03030 70.08640 69.42010 67.76790 66.54290 67.84660 68.34440 69.08120 69.41780 70.50590 71.73400
-9999 -9999 -9999 -9999 -9999 -9999 -9999 -9999 -9999 -9999 -9999 -9999 -9999 -9999 -9999 -9999 -9999 -9999 -9999 -9999 -9999 -9999 -9999 -9999 -9999 -9999 -9999 -9999 -9999 -9999 -9999 -9999 -9999 -9999 -9999 -9999 -9999 -9999 -9999 -9999 -9999 94.42640 93.81310 97.76990 94.51470 96.16050 96.51330 99.60970 97.43500 96.59430 96.96980 89.96510 82.73060 79.16530 75.76080 78.57330 73.60280 -9999 67.72660 68.10740 66.95690 67.27450 68.05470 67.71440 67.07500 65.17830 64.53310 65.59780 65.04230 67.20110 67.24550
-9999 -9999 -9999 -9999 -9999 -9999 -9999 -9999 -9999 -9999 -9999 -9999 -9999 -9999 -9999 -9999 -9999 -9999 -9999 -9999 -9999 -9999 -9999 -9999 -9999 -9999 -9999 -9999 -9999 -9999 -9999 -9999 -9999 -9999 -9999 96.93610 95.66550 97.65170 97.42430 88.48750 87.54360 87.12030 88.09080 92.71710 93.35620 95.12480 92.02920 94.88120 96.90070 97.52660 96.42900 93.39400 90.33810 84.63390 78.48600 83.28170 76.73660 72.46390 64.84320 64.37850 65.18280 67.94320 65.84330 69.35350 70.23640 63.61180 64.57570 67.42750 63.64370 59.49770 60.69110
-9999 -9999 -9999 -9999 -9999 -9999 -9999 -9999 -9999 -9999 -9999 -9999 -9999 -9999 -9999 -9999 -9999 -9999 -9999 -9999 -9999 -9999 -9999 -9999 -9999 -9999 -9999 -9999 -9999 -9999 -9999 -9999 -9999 -9999 93.65350 97.72330 97.03470 92.31590 90.05330 92.97450 92.93670 89.61510 89.95880 91.72660 92.01910 86.32530 85.82680 90.20530 95.41070 99.64870 93.60830 93.59460 93.13310 85.61890 83.79060 81.42010 79.41460 69.10790 62.03810 61.18810 62.03510 64.29720 67.39880 71.48160 63.66860 65.07980 67.85360 68.79630 73.18040 69.39110 73.23960
-9999 -9999 -9999 -9999 -9999 -9999 -9999 -9999 -9999 -9999 -9999 -9999 -9999 -9999 -9999 -9999 -9999 -9999 -9999 -9999 -9999 -9999 -9999 -9999 -9999 -9999 -9999 -9999 -9999 -9999 -9999 -9999 -9999 91.05320 91.82660 93.30110 92.97930 89.44590 87.53010 89.75150 91.51960 90.74520 93.83800 95.34490 87.50760 84.97320 87.00550 90.08840 96.16500 100.90100 99.48460 93.93320 88.91050 83.65300 82.07620 79.02230 77.53170 70.61610 63.42940 61.94220 64.99030 62.11780 61.04140 58.39190 59.63490 64.89850 69.73680 69.86680 71.47210 70.53410 76.17600
-9999 -9999 -9999 -9999 -9999 -9999 -9999 -9999 -9999 -9999 -9999 -9999 -9999 -9999 -9999 -9999 -9999 -9999 -9999 -9999 -9999 -9999 -9999 -9999 -9999 -9999 -9999 -9999 -9999 -9999 -9999 89.89400 88.82580 87.90540 89.07640 91.02440 90.08070 90.60010 89.17520 89.33930 91.65160 89.80800 95.89090 89.36610 86.14600 87.72290 88.80320 89.89750 90.55910 89.56560 88.39480 84.54220 83.53700 86.34560 88.17260 79.66300 74.54020 68.34900 72.14550 67.76250 62.92180 59.69290 60.84310 58.69870 60.65180 65.05490 66.88600 66.85490 69.09480 75.81000 79.22350
-9999 -9999 -9999 -9999 -9999 -9999 -9999 -9999 -9999 -9999 -9999 -9999 -9999 -9999 -9999 -9999 -9999 -9999 -9999 -9999 -9999 -9999 -9999 -9999 -9999 -9999 -9999 -9999 -9999 84.96100 84.38560 87.76600 88.01450 86.26620 84.99260 85.44950 86.48250 92.47160 89.41980 88.49300 88.05440 89.63310 87.48390 83.71600 84.13610 86.30750 86.83500 91.59780 91.62170 90.70070 88.05780 84.65410 84.07840 85.76460 88.61160 86.02980 79.04450 74.66160 70.86540 64.98470 61.95400 61.96470 61.82560 63.56070 61.30410 63.61320 67.31630 69.91120 71.55220 70.71840 70.13610
-9999 -9999 -9999 -9999 -9999 -9999 -9999 -9999 -9999 -9999 -9999 -9999 -9999 -9999 -9999 -9999 -9999 -9999 -9999 -9999 -9999 -9999 -9999 -9999 87.40850 86.69910 83.81870 82.52110 82.26660 80.72630 83.61360 81.80660 84.25410 84.24180 84.02310 84.73990 89.73580 91.84720 92.58500 86.39230 86.73600 83.28410 78.34540 79.49220 80.40430 79.67330 79.22530 85.64600 90.42840 91.08980 88.69310 90.82780 86.48130 86.67400 84.83020 79.98910 73.83480 71.51630 71.32160 64.59950 59.88530 59.78610 60.79560 60.61710 61.36250 66.20030 64.32820 65.11080 66.06930 67.49200 79.55380
-9999 -9999 -9999 -9999 -9999 -9999 92.66290 94.62440 95.50630 97.06350 95.29050 -9999 -9999 -9999 -9999 -9999 -9999 -9999 -9999 -9999 -9999 88.93790 89.58840 86.99450 87.63240 86.80830 83.69650 82.33630 83.84610 82.95480 82.54650 82.68330 83.54620 82.42670 82.88580 82.65060 84.88070 87.86070 90.66150 79.99570 81.40490 84.84220 83.94750 78.86140 78.52860 78.95820 78.46440 84.58610 89.46220 88.90510 86.97150 86.65490 88.14420 92.36540 84.57680 76.18260 74.17370 71.93710 65.43190 60.81850 59.93160 59.69530 63.23530 63.97770 66.04690 62.62270 59.83450 66.86620 68.21380 67.15460 66.09940
-9999 -9999 -9999 -9999 -9999 92.13120 92.40150 96.86460 97.08970 98.86350 98.50600 95.51820 94.18560 95.35940 -9999 -9999 -9999 93.51000 93.86950 90.35800 89.04140 91.03750 89.51690 83.86890 89.35250 94.02710 91.79330 88.22220 89.06450 88.49180 90.18090 90.47080 90.20460 89.47110 87.58070 88.57250 92.95700 93.01420 88.45790 85.75290 86.55770 89.78160 86.86960 86.50650 88.89440 85.71040 86.29990 91.00710 90.48260 89.23880 88.83380 88.27630 88.41920 82.35300 78.35050 75.14810 77.42890 70.34220 64.23690 62.91490 61.62840 67.00840 59.15870 63.75620 66.31380 74.69120 75.10550 76.35540 73.51120 75.42500 72.15100
-9999 93.65310 95.47090 93.80770 91.77100 91.68660 92.82540 96.65490 96.99940 97.96310 98.38430 93.91190 95.00280 94.67630 93.04100 93.22690 88.32730 91.31540 93.08680 86.71200 85.38470 86.30180 86.90080 91.95430 91.56240 96.63090 96.31990 94.29380 94.41610 90.94580 89.13180 89.03110 86.95740 88.17920 90.38920 90.68070 91.26540 88.84930 84.91930 85.46580 86.71580 87.94380 89.80750 82.37180 91.75200 90.01000 87.38030 88.73870 85.79740 89.13260 92.51130 95.18520 90.40990 83.93820 85.01890 81.44630 78.07610 67.43520 68.37240 64.06420 63.72440 64.01430 70.04440 69.60590 73.47540 72.71950 73.59070 76.42620 73.85120 79.19000 85.49800
-9999 95.72930 95.96620 96.41800 96.65400 97.08400 93.19080 93.25970 91.09540 91.48560 94.67490 93.98500 94.82000 92.86320 92.56530 90.96810 94.15130 92.47630 91.46120 89.48370 89.36570 87.58070 91.71390 94.30320 92.82310 91.38520 91.01490 91.58080 92.41310 90.81840 88.49090 85.94290 87.59510 88.24940 86.69000 87.33480 89.41860 89.48150 87.45300 85.85210 86.37390 87.30710 91.83220 81.43580 83.31590 84.86500 86.63730 86.57640 88.66500 90.69300 87.22690 88.64330 81.97910 90.14170 85.55880 80.68410 78.48860 74.31130 68.48220 62.97780 65.87050 66.59740 68.97700 64.43720 73.44960 72.04960 75.33210 71.65960 74.59060 73.24870 76.09920
-9999 -9999 -9999 100.20100 102.86400 102.47600 100.04900 98.64790 97.33460 98.06700 95.41730 94.48160 93.90790 93.52910 91.50060 91.01310 93.78690 91.21120 92.55560 93.35900 94.18830 93.52840 94.71510 97.47920 93.50530 91.28080 90.07830 88.86190 87.83280 89.03180 89.89920 87.87550 85.89000 85.01120 82.84290 81.34590 89.80230 90.09590 87.54090 84.87370 80.44860 76.92880 76.26490 77.12150 76.85040 76.35660 82.32050 85.22410 85.29730 83.44720 81.84160 86.85200 86.04160 90.37750 85.98920 85.17250 77.35640 68.44110 70.47660 64.76900 65.11470 70.31550 67.39040 76.43890 73.66450 72.04200 71.99800 77.82410 79.31900 77.64920 78.17310
-9999 -9999 -9999 -9999 -9999 -9999 97.43010 99.21830 99.57750 96.44710 95.80190 97.00600 94.97630 93.78480 91.90520 93.23020 92.38650 93.52700 89.69200 87.20170 91.94020 96.33380 96.86930 94.42630 92.24180 95.54770 92.53760 87.32970 84.66380 87.26480 86.52610 84.27320 82.20090 74.67950 81.93010 73.20680 77.88770 80.70360 76.47820 76.63310 73.65500 70.72860 71.25320 70.05640 74.93790 75.23460 77.83850 81.00170 82.04860 85.05590 89.28760 94.63170 96.01960 81.68810 85.16090 94.05390 81.38070 80.64520 80.86290 71.93970 70.96870 71.70030 70.88350 70.47580 71.82600 74.89320 72.29330 77.73470 80.58050 79.75050 77.62870
-9999 -9999 -9999 -9999 -9999 -9999 93.79870 94.94120 89.87420 96.77990 94.32510 91.99110 91.91750 90.73930 91.56780 92.36890 93.72710 94.81960 95.73390 94.57050 94.60150 94.88520 96.32470 95.50190 94.32230 91.73330 89.91100 88.27120 79.08950 77.80290 78.40270 76.08070 75.99050 73.32110 75.54110 73.60770 73.44790 73.88840 72.36180 67.50800 74.65880 72.93030 71.26660 68.87480 67.09100 69.95490 73.50650 72.65220 70.83010 76.67680 79.36890 80.18890 83.27780 84.30720 85.13410 84.77060 84.24290 84.49590 81.28050 83.48830 84.63340 83.89290 81.99600 74.44470 76.07160 74.27410 76.95060 76.66960 76.00290 78.05870 79.41530
-9999 -9999 -9999 -9999 -9999 -9999 -9999 -9999 -9999 -9999 86.04070 91.64880 90.52680 86.10740 85.32680 91.84520 95.64430 96.36070 95.60670 91.10600 90.27930 88.17540 89.22480 92.94010 92.05110 93.86300 93.14840 91.16350 88.21370 84.70640 84.49640 80.41350 78.17420 73.54360 73.70930 72.13750 72.60490 68.35180 66.03250 65.05270 73.73110 77.43180 79.69310 78.51620 76.41380 74.57820 75.71790 78.80490 71.63470 71.01730 69.28130 66.54780 66.56910 70.80380 70.70580 70.30180 68.90950 57.99990 62.54860 70.66120 62.29260 72.99620 74.47800 80.05030 81.01690 78.66980 80.49950 74.92170 74.54440 74.18940 77.37020
-9999 -9999 -9999 -9999 -9999 -9999 -9999 -9999 -9999 -9999 82.17500 81.53980 86.58950 82.13130 85.38300 92.58590 96.53140 96.47340 96.35400 94.42190 95.36130 93.32770 92.13310 94.35790 93.07530 92.17820 90.51030 89.35860 88.33180 83.78840 81.50390 78.94020 77.20320 74.09970 78.93480 77.91790 79.23090 77.81880 75.34420 75.14110 77.11780 80.10080 78.53980 79.35270 80.14800 81.20810 81.14690 85.37140 85.52120 75.00320 67.55210 66.28690 65.76940 61.59170 68.65190 60.18970 56.87920 59.01390 55.95680 57.12660 56.65580 55.88960 56.40470 70.30670 70.72230 71.56330 73.97440 76.77230 69.52170 73.96810 77.37010
-9999 -9999 -9999 -9999 -9999 -9999 -9999 -9999 -9999 -9999 -9999 -9999 79.59590 80.81910 82.45410 82.82020 88.16140 88.88470 91.29190 92.14930 89.92780 89.31320 89.20370 87.21410 88.68390 86.83360 86.83750 88.01030 86.89090 83.69620 80.17210 81.49690 81.28180 83.97790 84.14580 83.24450 81.21020 81.41300 78.56630 78.46430 79.11060 80.31450 81.03820 79.52670 78.82490 78.27070 79.47280 81.97050 83.06880 83.65130 75.65940 72.35440 64.28300 70.04260 66.74910 52.75150 50.77800 56.74210 56.12230 55.95440 55.11900 54.37020 54.00440 68.13580 59.61430 61.57290 71.11200 74.72420 75.56010 71.66070 78.23390
-9999 -9999 -9999 -9999 -9999 -9999 -9999 -9999 -9999 -9999 -9999 -9999 76.96860 79.01870 80.22170 82.44990 81.75230 84.52710 89.24790 87.95050 85.80900 86.57960 91.73080 83.15520 87.07480 86.20620 86.04730 86.87400 86.08900 83.23440 82.19230 83.61070 83.26820 83.87630 83.14510 81.80050 80.58470 83.79430 80.27820 79.08210 78.83130 78.94180 79.10790 78.44000 79.39100 76.84450 75.10930 75.41810 67.60280 70.18690 77.06380 71.51550 70.25010 69.45800 67.18360 51.95600 53.50880 57.42490 56.16900 54.64450 52.63430 52.37530 58.50480 58.24640 61.47230 70.58120 72.08260 72.84260 70.04550 77.13990 77.70080
-9999 -9999 -9999 -9999 -9999 -9999 -9999 -9999 -9999 -9999 -9999 78.49680 75.85180 74.50940 76.19330 83.40430 81.04380 81.96690 86.27560 81.62080 84.16630 89.96400 87.69400 87.03940 87.04530 80.34250 83.71270 86.12520 83.75140 82.95480 81.70120 82.90160 82.89840 81.40630 80.29450 78.46840 79.84700 80.49950 81.47260 82.46470 83.28390 80.53010 81.10660 80.00950 77.38530 78.45110 75.32590 73.89980 74.05180 67.37470 68.17650 67.57160 65.30390 57.16990 49.35210 55.26450 58.23600 61.05750 58.77670 58.08440 62.67150 65.04680 66.40390 67.01430 66.26420 65.58590 67.67710 69.29040 72.44150 77.22000 81.37260
-9999 -9999 -9999 -9999 -9999 -9999 -9999 -9999 -9999 -9999 -9999 75.96050 77.95270 76.00930 77.41220 81.36900 80.19620 82.77580 80.83850 86.37890 88.24960 87.31060 90.55800 87.91280 86.97100 81.95330 85.88270 84.57140 82.53400 84.68560 83.52880 81.13890 81.49860 79.61590 81.67100 82.58640 81.89790 83.81540 85.00740 84.34890 83.57940 81.42400 76.95070 74.41350 73.57190 72.85170 72.40480 66.32810 68.90400 65.01390 68.16270 69.75150 67.87790 64.94640 66.28430 69.45700 70.08090 66.66600 68.22880 67.00490 63.34150 70.33560 69.26310 61.62420 62.44510 70.13280 67.14420 69.51430 73.57480 82.88960 82.77510
