data/hydroclimate-scenarios/BCSD_hadcm_B1/monthly_summaries/soilm1_monthly_day1_jan.2030-2059.asc
ncols	311
nrows	91
xllcenter	102.75
yllcenter	31.75
cellsize	0.5
NODATA_value	-9999
[rows 0 to 31 of 91, columns 0 to 70 of 311]
-9999 -9999 -9999 -9999 -9999 -9999 -9999 -9999 -9999 -9999 -9999 -9999 -9999 -9999 -9999 -9999 -9999 -9999 -9999 -9999 -9999 -9999 -9999 -9999 -9999 -9999 -9999 -9999 -9999 -9999 -9999 -9999 -9999 -9999 -9999 -9999 -9999 -9999 -9999 -9999 -9999 -9999 -9999 -9999 -9999 -9999 -9999 -9999 -9999 -9999 -9999 -9999 -9999 -9999 -9999 -9999 -9999 -9999 -9999 -9999 -9999 -9999 -9999 -9999 -9999 -9999 -9999 -9999 -9999 -9999 -9999
-9999 -9999 -9999 -9999 -9999 -9999 -9999 -9999 -9999 -9999 -9999 -9999 -9999 -9999 -9999 -9999 -9999 -9999 -9999 -9999 -9999 -9999 -9999 -9999 -9999 -9999 -9999 -9999 -9999 -9999 -9999 -9999 -9999 -9999 -9999 -9999 -9999 -9999 -9999 -9999 -9999 -9999 -9999 -9999 -9999 -9999 -9999 -9999 -9999 -9999 -9999 -9999 -9999 -9999 -9999 -9999 -9999 -9999 -9999 -9999 -9999 -9999 -9999 -9999 -9999 -9999 -9999 -9999 -9999 -9999 -9999
-9999 -9999 -9999 -9999 -9999 -9999 -9999 -9999 -9999 -9999 -9999 -9999 -9999 -9999 -9999 -9999 -9999 -9999 -9999 -9999 -9999 -9999 -9999 -9999 -9999 -9999 -9999 -9999 -9999 -9999 -9999 -9999 -9999 -9999 -9999 -9999 -9999 -9999 -9999 -9999 -9999 -9999 -9999 -9999 -9999 -9999 -9999 -9999 -9999 -9999 -9999 -9999 -9999 -9999 -9999 -9999 -9999 -9999 -9999 -9999 -9999 -9999 -9999 -9999 -9999 -9999 -9999 -9999 -9999 -9999 -9999
-9999 -9999 -9999 -9999 -9999 -9999 -9999 -9999 -9999 -9999 -9999 -9999 -9999 -9999 -9999 -9999 -9999 -9999 -9999 -9999 -9999 -9999 -9999 -9999 -9999 -9999 -9999 -9999 -9999 -9999 -9999 -9999 -9999 -9999 -9999 -9999 -9999 -9999 -9999 -9999 -9999 -9999 -9999 -9999 -9999 -9999 -9999 -9999 -9999 -9999 -9999 -9999 -9999 -9999 -9999 -9999 -9999 -9999 -9999 -9999 -9999 -9999 -9999 -9999 -9999 -9999 -9999 -9999 -9999 -9999 -9999
-9999 -9999 -9999 -9999 -9999 -9999 -9999 -9999 -9999 -9999 -9999 -9999 -9999 -9999 -9999 -9999 -9999 -9999 -9999 -9999 -9999 -9999 -9999 -9999 -9999 -9999 -9999 -9999 -9999 -9999 -9999 -9999 -9999 -9999 -9999 -9999 -9999 -9999 -9999 -9999 -9999 -9999 -9999 -9999 -9999 -9999 -9999 -9999 -9999 -9999 -9999 -9999 -9999 -9999 -9999 -9999 -9999 -9999 -9999 -9999 -9999 -9999 -9999 -9999 -9999 -9999 -9999 -9999 -9999 -9999 -9999
-9999 -9999 -9999 -9999 -9999 -9999 -9999 -9999 -9999 -9999 -9999 -9999 -9999 -9999 -9999 -9999 -9999 -9999 -9999 -9999 -9999 -9999 -9999 -9999 -9999 -9999 -9999 -9999 -9999 -9999 -9999 -9999 -9999 -9999 -9999 -9999 -9999 -9999 -9999 -9999 -9999 -9999 -9999 -9999 -9999 -9999 -9999 -9999 -9999 -9999 -9999 -9999 -9999 -9999 -9999 -9999 -9999 -9999 -9999 -9999 -9999 -9999 -9999 -9999 -9999 -9999 -9999 -9999 -9999 -9999 -9999
-9999 -9999 -9999 -9999 -9999 -9999 -9999 -9999 -9999 -9999 -9999 -9999 -9999 -9999 -9999 -9999 -9999 -9999 -9999 -9999 -9999 -9999 -9999 -9999 -9999 -9999 -9999 -9999 -9999 -9999 -9999 -9999 -9999 -9999 -9999 -9999 -9999 -9999 -9999 -9999 -9999 -9999 -9999 -9999 -9999 -9999 -9999 -9999 -9999 -9999 -9999 -9999 -9999 -9999 -9999 -9999 -9999 -9999 -9999 -9999 -9999 -9999 -9999 -9999 -9999 -9999 -9999 -9999 -9999 -9999 -9999
-9999 -9999 -9999 -9999 -9999 -9999 -9999 -9999 -9999 -9999 -9999 -9999 -9999 -9999 -9999 -9999 -9999 -9999 -9999 -9999 -9999 -9999 -9999 -9999 -9999 -9999 -9999 -9999 -9999 -9999 -9999 -9999 -9999 -9999 -9999 -9999 -9999 -9999 -9999 -9999 -9999 -9999 68.47820 69.39340 68.39070 68.25690 68.30640 67.90780 67.44990 67.70960 67.28800 66.85340 -9999 -9999 -9999 -9999 -9999 -9999 -9999 -9999 -9999 -9999 -9999 -9999 -9999 -9999 -9999 -9999 -9999 -9999 -9999
-9999 -9999 -9999 -9999 -9999 -9999 -9999 -9999 -9999 -9999 -9999 -9999 -9999 -9999 -9999 -9999 -9999 -9999 -9999 -9999 -9999 -9999 -9999 -9999 -9999 -9999 -9999 -9999 -9999 -9999 -9999 -9999 -9999 -9999 -9999 -9999 -9999 -9999 66.66850 67.03170 66.78400 66.59130 66.99270 68.06210 67.44890 69.42570 69.34790 69.45990 68.05810 65.06840 64.93440 74.32090 76.82670 74.11970 -9999 -9999 -9999 -9999 -9999 -9999 -9999 -9999 -9999 -9999 -9999 -9999 -9999 -9999 -9999 -9999 -9999
-9999 -9999 -9999 -9999 -9999 -9999 -9999 -9999 -9999 -9999 -9999 -9999 -9999 -9999 -9999 -9999 -9999 -9999 -9999 -9999 -9999 -9999 -9999 -9999 -9999 -9999 -9999 -9999 -9999 -9999 -9999 -9999 -9999 -9999 -9999 -9999 -9999 -9999 -9999 -9999 68.85240 69.31020 68.86010 68.43960 67.18270 65.68860 66.84900 65.59210 69.31460 69.10300 68.43790 64.12400 61.32350 60.58880 -9999 -9999 -9999 -9999 -9999 -9999 -9999 -9999 -9999 -9999 -9999 -9999 -9999 -9999 -9999 -9999 -9999
-9999 -9999 -9999 -9999 -9999 -9999 -9999 -9999 -9999 -9999 -9999 -9999 -9999 -9999 -9999 -9999 -9999 -9999 -9999 -9999 -9999 -9999 -9999 -9999 -9999 -9999 -9999 -9999 -9999 -9999 -9999 -9999 -9999 -9999 -9999 -9999 -9999 -9999 -9999 -9999 -9999 -9999 -9999 -9999 68.78700 67.57560 66.83040 64.77600 63.05330 70.12370 67.26220 66.46290 61.34920 62.06130 -9999 -9999 -9999 -9999 -9999 -9999 63.66190 -9999 -9999 -9999 -9999 -9999 -9999 -9999 -9999 -9999 -9999
-9999 -9999 -9999 -9999 -9999 -9999 -9999 -9999 -9999 -9999 -9999 -9999 -9999 -9999 -9999 -9999 -9999 -9999 -9999 -9999 -9999 -9999 -9999 -9999 -9999 -9999 -9999 -9999 -9999 -9999 -9999 -9999 -9999 -9999 -9999 -9999 -9999 -9999 -9999 -9999 -9999 69.46460 69.58090 69.13370 69.19630 69.83780 69.30060 69.69120 68.81900 70.18050 70.09570 66.93370 60.79610 64.26590 -9999 -9999 -9999 -9999 -9999 63.50220 63.14980 62.51440 62.32380 62.35360 61.62380 62.30910 61.94940 61.94680 62.04390 62.27080 62.35900
-9999 -9999 -9999 -9999 -9999 -9999 -9999 -9999 -9999 -9999 -9999 -9999 -9999 -9999 -9999 -9999 -9999 -9999 -9999 -9999 -9999 -9999 -9999 -9999 -9999 -9999 -9999 -9999 -9999 -9999 -9999 -9999 -9999 -9999 -9999 -9999 -9999 -9999 -9999 -9999 -9999 69.77200 69.60650 69.75980 70.12990 69.73480 73.57980 73.62780 70.30240 70.60680 70.85280 68.25290 61.45330 62.03460 63.98160 61.57340 65.81370 -9999 64.24350 63.36670 62.88510 62.95970 62.72370 65.54170 65.12650 63.66720 63.05480 62.29000 62.16760 62.78360 62.98030
-9999 -9999 -9999 -9999 -9999 -9999 -9999 -9999 -9999 -9999 -9999 -9999 -9999 -9999 -9999 -9999 -9999 -9999 -9999 -9999 -9999 -9999 -9999 -9999 -9999 -9999 -9999 -9999 -9999 -9999 -9999 -9999 -9999 -9999 -9999 68.60310 68.79370 68.76280 68.92670 67.31900 67.60780 69.01890 69.04960 70.08420 73.55710 73.48580 69.76590 70.09260 70.93780 71.32780 69.33340 71.31340 68.38670 66.59360 61.12350 61.39460 66.79730 67.82340 64.97290 63.38010 63.50780 63.71400 62.51410 65.19130 66.01930 63.37150 64.13830 64.09870 63.17240 54.17460 54.39190
-9999 -9999 -9999 -9999 -9999 -9999 -9999 -9999 -9999 -9999 -9999 -9999 -9999 -9999 -9999 -9999 -9999 -9999 -9999 -9999 -9999 -9999 -9999 -9999 -9999 -9999 -9999 -9999 -9999 -9999 -9999 -9999 -9999 -9999 68.04540 68.48390 68.57300 68.47690 67.97590 69.11450 69.40920 69.26510 69.77930 73.81840 71.17110 70.20710 70.39730 71.03030 71.79520 71.77750 66.62510 66.94720 66.72390 61.80780 61.11840 67.22570 70.12210 67.61950 65.40870 64.17840 63.48580 62.56080 63.26820 63.44290 61.83940 62.49270 63.31300 64.93200 64.98700 63.16050 64.16180
-9999 -9999 -9999 -9999 -9999 -9999 -9999 -9999 -9999 -9999 -9999 -9999 -9999 -9999 -9999 -9999 -9999 -9999 -9999 -9999 -9999 -9999 -9999 -9999 -9999 -9999 -9999 -9999 -9999 -9999 -9999 -9999 -9999 67.40990 67.78880 68.01110 68.59960 68.50820 68.24420 69.50070 69.92000 69.71960 74.21540 73.67690 70.16150 70.48200 70.97580 70.84060 70.27490 72.28450 71.58750 68.04990 63.58680 61.23210 60.91180 67.22690 67.83030 69.84600 66.98410 63.91010 64.41830 63.18180 62.22850 61.48440 61.20340 62.76220 65.21040 65.49790 65.40500 64.75480 67.26170
-9999 -9999 -9999 -9999 -9999 -9999 -9999 -9999 -9999 -9999 -9999 -9999 -9999 -9999 -9999 -9999 -9999 -9999 -9999 -9999 -9999 -9999 -9999 -9999 -9999 -9999 -9999 -9999 -9999 -9999 -9999 66.72840 67.33130 67.61520 68.09650 69.27550 69.29830 69.09630 69.21180 70.39020 70.57330 71.39510 74.06560 70.93480 70.37350 71.14370 72.14300 71.89300 69.39880 66.77570 64.52250 61.74070 59.81850 61.94760 66.21610 65.43710 67.60770 67.34330 67.65760 66.48410 64.04500 60.83470 61.42760 60.34650 60.84920 62.00410 62.61400 64.04590 64.87370 67.30130 67.54790
-9999 -9999 -9999 -9999 -9999 -9999 -9999 -9999 -9999 -9999 -9999 -9999 -9999 -9999 -9999 -9999 -9999 -9999 -9999 -9999 -9999 -9999 -9999 -9999 -9999 -9999 -9999 -9999 -9999 65.73850 65.76500 67.12240 66.98850 67.15410 67.50180 67.93180 68.95390 70.44460 69.73500 70.16040 73.61920 74.87170 70.94150 69.85400 70.11170 70.80670 71.23780 71.74380 68.05440 67.50820 64.59110 61.50830 60.43120 62.18560 67.17560 69.81210 70.97860 70.66820 69.71440 66.38620 63.85580 61.81920 61.31360 61.65050 60.92300 61.93720 62.46940 64.16820 64.41470 65.03610 65.64810
-9999 -9999 -9999 -9999 -9999 -9999 -9999 -9999 -9999 -9999 -9999 -9999 -9999 -9999 -9999 -9999 -9999 -9999 -9999 -9999 -9999 -9999 -9999 -9999 68.07130 67.51600 66.88300 66.67780 66.55550 67.41140 67.80220 67.46050 67.81960 68.47430 68.94370 69.01360 71.00820 71.18300 71.10970 70.21930 71.13400 75.19700 70.56750 70.57380 70.91720 71.06650 71.14000 71.29100 70.88690 68.88730 67.54340 67.67280 62.82710 67.39260 70.24280 70.90300 70.70760 68.50330 67.95370 66.09080 63.27280 63.14550 63.69560 62.88550 63.41280 64.25550 64.07890 65.47900 65.96210 65.49440 66.92490
-9999 -9999 -9999 -9999 -9999 -9999 68.82080 69.62110 70.29940 69.07770 68.69210 -9999 -9999 -9999 -9999 -9999 -9999 -9999 -9999 -9999 -9999 68.98300 67.82620 68.60950 68.93700 68.00540 66.99280 66.80190 66.93700 67.88430 67.79660 67.62260 68.06150 68.53700 68.76230 68.49810 69.17320 69.83270 71.55080 69.55110 70.34780 71.34550 74.79180 70.13390 70.52430 70.82240 70.88860 71.70060 71.15010 68.10100 66.39680 63.42410 64.15310 72.61840 71.76100 71.07850 70.83680 69.08760 66.68870 65.65730 64.49660 63.36280 64.44150 63.24310 64.21250 63.86720 63.71460 67.44390 67.78930 67.05190 65.50280
-9999 -9999 -9999 -9999 -9999 69.72170 69.83080 70.06570 69.74450 69.51210 69.32290 70.35760 70.17010 70.82100 -9999 -9999 -9999 70.18430 69.91110 69.34770 68.85300 68.67240 68.45380 68.00550 74.69640 77.09950 77.48250 77.08940 78.43240 79.23910 78.66320 77.80650 76.60790 76.80580 77.97930 78.23750 78.74080 80.49780 80.37320 79.63020 79.85290 80.49250 76.31200 78.10980 81.37980 79.79280 78.97390 77.39130 72.67330 67.56330 66.68500 63.22920 66.11650 67.69190 68.23730 68.25360 70.98640 69.96140 68.72760 65.69760 65.29000 67.12180 56.85600 64.17440 64.05320 67.02970 67.95620 69.40270 68.99250 68.13230 66.64170
-9999 68.43550 69.01620 70.05610 68.96290 69.72250 70.03790 69.46600 69.71540 69.20850 69.53300 70.19880 70.36330 70.72420 70.37660 70.36800 69.81010 69.91240 69.98650 69.21900 68.91390 68.50430 69.24180 79.58830 80.78670 80.82340 80.83670 80.29620 80.32120 81.00140 81.07620 80.87940 80.68040 81.65800 81.84210 81.73040 81.96680 81.76930 81.56980 81.30180 81.45430 82.25070 80.09050 76.03980 82.37750 82.56100 82.45940 79.64010 73.09710 69.77910 71.58750 71.07990 69.15990 63.96610 68.80980 70.67570 71.08530 69.63980 69.49650 66.00420 67.06740 65.99890 68.22160 66.73590 67.33950 66.81460 67.83930 68.52480 69.03630 69.15220 70.19270
-9999 70.68620 70.76220 70.12150 69.84680 69.33500 69.09470 70.85170 70.63430 70.28480 70.65520 71.55430 71.60970 71.41870 71.35870 70.00160 70.47110 70.55250 70.27880 70.00800 70.24520 70.01490 76.26990 80.61330 81.20020 80.72170 80.38240 80.44800 80.52620 80.92530 80.92970 81.34050 81.66940 81.59010 80.48330 81.46140 81.72360 82.25830 82.19380 81.92820 82.19080 82.53950 82.93790 75.64540 79.39060 82.19320 82.44730 82.48860 82.43470 79.73410 76.94170 70.26510 66.35060 68.87330 66.31820 67.57640 69.78590 69.29160 66.46270 61.31440 66.53110 66.44980 67.41910 59.14530 67.05950 66.77480 67.89890 65.41130 67.46430 66.27580 67.61160
-9999 -9999 -9999 77.24050 77.64680 77.98320 77.85710 78.17150 78.16590 78.16050 70.78790 72.68700 72.89620 73.03680 72.08000 69.84400 70.46220 70.88750 71.33130 72.59430 76.69160 76.53600 77.18350 81.35370 81.46180 80.85490 80.80970 80.43290 80.60690 81.35520 81.71670 81.87570 81.01400 80.48680 78.66540 77.77260 85.38610 83.03470 81.13560 79.61530 79.96660 78.94490 71.89690 72.62610 74.56870 75.76510 78.13360 81.30810 81.60490 78.19720 71.29000 71.59230 69.75240 70.41980 70.10870 69.36480 68.19960 61.01520 64.58890 61.13350 65.51940 67.62290 64.57120 68.21010 66.64460 67.70770 68.06440 69.15860 68.28630 67.80200 67.87980
-9999 -9999 -9999 -9999 -9999 -9999 77.60250 77.73800 77.41520 73.77450 73.54780 77.36450 77.26080 77.13430 77.04250 73.41640 73.00420 76.92850 76.82590 77.27960 79.07300 81.10080 82.75340 81.45160 81.47470 81.53150 81.42880 79.25300 77.47290 81.28880 81.70430 81.40380 78.24190 69.13180 78.79950 69.83970 74.71600 75.83680 70.78740 71.05540 70.01890 70.28360 70.40110 70.96580 72.39000 72.58000 74.43620 75.18620 76.95860 79.41460 78.99810 79.51930 80.85630 71.49990 72.73200 81.27810 71.65940 69.92460 68.95680 65.14550 61.67870 61.72580 61.11870 60.60880 65.32750 65.98360 66.97520 70.16860 70.14920 68.98870 66.13460
-9999 -9999 -9999 -9999 -9999 -9999 77.00030 77.21860 77.02970 77.42620 77.31340 77.38100 77.47340 77.47420 77.60040 77.36580 77.84810 79.33740 80.35660 82.02570 82.39700 82.67220 82.84830 82.20550 82.16740 82.08840 82.20000 79.90410 71.01870 71.61580 72.37860 71.41370 71.79470 70.02250 70.83590 70.82520 73.83660 73.53610 73.46070 68.78730 70.93420 71.16390 70.44220 70.48030 70.25770 71.52690 72.11600 71.80900 70.91400 73.38540 74.95580 77.14160 78.57830 77.98290 79.21600 81.31230 79.92710 78.70720 76.43810 77.71320 72.98750 72.55570 70.87910 66.31880 67.75020 67.36860 69.29130 70.31130 69.88820 69.69830 68.00020
-9999 -9999 -9999 -9999 -9999 -9999 -9999 -9999 -9999 -9999 77.35830 77.19940 77.20900 77.66100 77.32010 80.18400 82.75120 82.24390 82.61660 82.06290 81.91510 82.19000 82.46940 82.72500 82.80620 82.66290 82.77080 82.70730 81.51860 79.53290 79.77100 77.34360 75.29760 70.72140 70.69080 70.85390 70.84230 70.20610 69.95190 69.86450 75.95630 78.22500 79.56410 78.07420 77.84200 76.89180 77.48700 79.77070 71.79230 70.74510 70.36790 69.46050 69.18940 73.05990 74.20600 74.45770 73.82530 68.20820 69.33150 73.00530 67.98510 75.93650 76.83430 78.17620 77.49510 76.26500 77.01730 72.90890 71.36690 71.45480 70.94820
-9999 -9999 -9999 -9999 -9999 -9999 -9999 -9999 -9999 -9999 78.71670 77.61950 77.40400 77.57060 77.79610 80.69040 83.29210 82.96370 82.66480 82.47940 82.75190 82.86500 82.84260 83.12690 83.12880 83.04110 83.05480 83.01270 83.10940 80.54190 78.13590 77.79330 75.42570 72.39840 77.37740 76.01200 79.67960 82.12300 80.99190 80.90460 82.03390 81.62140 81.30900 82.26170 82.24520 82.74580 82.76850 82.86700 82.65260 73.03510 70.14890 69.44040 69.54710 68.47820 73.75470 71.24250 68.70150 68.36970 67.70880 67.52240 67.28860 66.67410 67.06940 72.92360 75.34450 74.86180 76.61950 81.02240 72.50610 71.97790 73.12810
-9999 -9999 -9999 -9999 -9999 -9999 -9999 -9999 -9999 -9999 -9999 -9999 77.11000 77.24050 77.34250 77.89610 81.50270 83.02930 82.59280 83.10470 82.78370 81.16620 80.78360 78.91650 83.01630 83.29150 83.25420 82.98660 83.00100 82.41240 79.67090 80.49910 80.50920 82.02770 82.44680 82.69830 82.58770 82.30320 81.89540 82.09820 82.13740 81.72020 81.85080 82.61930 82.54780 82.12500 82.36350 82.04790 82.02260 80.94300 77.21370 74.67870 69.49720 75.62130 74.66940 66.50940 64.57510 67.27250 66.99530 66.49950 66.01620 65.76260 65.89320 73.02710 68.66370 68.98270 74.54290 80.85920 79.30290 73.62530 72.16040
-9999 -9999 -9999 -9999 -9999 -9999 -9999 -9999 -9999 -9999 -9999 -9999 77.27530 77.55240 77.58710 77.97350 78.03980 78.29150 80.70730 81.36910 77.92010 76.17030 84.11450 77.94150 82.86390 83.28620 83.36220 83.27720 83.23910 83.02560 82.85940 83.03840 83.08530 82.73250 82.47400 82.82740 82.64230 82.65910 82.32260 82.28170 82.41260 81.99950 81.95030 82.91040 82.84630 80.10220 79.21030 75.85350 70.63240 70.02710 76.12450 75.70530 76.26280 75.91730 74.36440 65.61720 66.29060 68.15900 67.85860 66.72510 66.19630 66.40390 69.18320 68.53960 70.02900 73.76470 76.21560 76.24790 72.67170 73.26140 71.31840
-9999 -9999 -9999 -9999 -9999 -9999 -9999 -9999 -9999 -9999 -9999 77.88960 77.36090 77.47070 77.78490 77.96550 74.59990 72.96130 74.30470 71.43720 74.48480 76.07370 77.49380 80.82000 83.01620 82.83700 83.10810 83.33110 83.49570 83.36820 83.32920 83.40910 83.41900 83.19560 83.04620 82.96310 82.69450 82.51800 82.38590 82.37570 82.38890 81.86570 81.91600 82.29810 82.10910 82.45690 80.08940 76.85060 74.78910 71.09940 71.47700 71.40550 70.63640 67.99340 65.22510 66.94480 68.13240 70.13390 69.14980 68.22040 70.29290 72.98200 73.54560 72.69650 72.09820 72.26300 73.29210 72.46480 72.47240 71.64980 70.01970
-9999 -9999 -9999 -9999 -9999 -9999 -9999 -9999 -9999 -9999 -9999 75.66570 78.07570 77.79700 78.11480 78.16120 75.33770 74.96780 73.09250 75.13290 76.09170 77.65190 81.07980 82.05030 82.13700 81.62870 83.64700 83.29640 83.45020 83.48730 83.42080 83.16110 83.21770 83.19740 83.31170 83.33070 83.33450 83.02070 82.81420 82.79870 82.72850 82.13540 79.72640 78.71350 77.85190 75.62470 75.92040 72.46830 74.09530 72.95150 74.04480 74.83390 74.19020 73.31110 73.71390 74.25100 73.86070 72.86380 73.22890 72.85460 71.53630 75.28160 74.81050 70.93120 70.74720 75.29240 73.10010 73.22430 72.99990 73.76070 73.20440
