data/hydroclimate-scenarios/BCSD_hadcm_B1/monthly_summaries/soilm1_monthly_day1_nov.2030-2059.asc
ncols	311
nrows	91
xllcenter	102.75
yllcenter	31.75
cellsize	0.5
NODATA_value	-9999
[rows 32 to 63 of 91, columns 0 to 70 of 311]
-9999 -9999 -9999 -9999 -9999 -9999 -9999 -9999 -9999 -9999 -9999 80.70610 80.65230 84.27130 82.12110 83.66470 82.97410 84.49880 82.51740 82.09940 83.54360 84.62660 85.05680 85.31790 82.33880 81.26000 80.83700 84.21500 85.98970 89.61370 89.51850 88.39520 88.80800 89.44560 87.97840 86.81860 85.70450 84.62240 81.58810 80.94260 80.09050 79.69460 80.81220 80.58090 79.94070 81.02680 80.35620 79.89550 79.42590 79.71170 79.21410 78.01350 77.53720 77.88990 76.87560 77.40990 78.58920 78.57560 77.80570 77.58890 78.17090 77.72270 75.87830 80.04220 80.34240 76.55040 77.78000 79.89620 79.52880 77.63460 77.19810
-9999 -9999 -9999 -9999 -9999 -9999 -9999 -9999 -9999 -9999 -9999 82.50960 82.13970 82.26200 81.58060 83.26810 83.66860 85.61330 85.95250 85.39990 85.42180 85.18010 83.35680 83.13910 81.95480 80.07400 77.79560 80.43380 80.71810 80.91020 85.15230 86.76480 85.59890 83.47850 82.09370 78.81230 81.06650 82.32220 80.79200 79.24970 80.38680 80.38100 81.05520 81.69320 81.76840 81.73340 81.06390 80.73450 80.14850 79.77760 79.28960 78.51760 77.81580 76.37860 76.50940 79.61080 79.22930 78.86900 80.02840 80.52530 79.80590 81.38120 81.12460 78.28100 82.06320 79.23710 79.07060 79.19870 78.65950 77.68200 77.29610
-9999 -9999 -9999 -9999 -9999 -9999 -9999 -9999 -9999 -9999 -9999 -9999 81.55830 81.46100 80.89080 81.83580 84.48480 86.06460 86.50280 86.64740 84.27100 81.06550 77.44190 80.54960 78.45230 74.58160 75.03240 76.73880 77.92730 78.55920 79.23730 80.93820 81.97800 82.23460 81.25000 81.59690 80.85220 82.60610 80.84310 78.50570 79.10760 79.45280 80.21480 81.56920 81.92660 83.14200 82.95120 82.00330 81.51980 81.24180 80.46670 79.92970 79.58500 79.17690 77.70930 76.61230 76.24040 76.97240 81.83350 81.47300 80.94060 76.03650 75.90590 78.02600 78.26980 81.95160 79.36330 79.26690 78.61540 78.72120 78.61050
-9999 -9999 -9999 -9999 -9999 -9999 -9999 -9999 -9999 -9999 -9999 -9999 81.09740 81.40690 83.54880 84.55480 85.06660 84.44430 84.08230 83.31430 82.72380 80.53270 79.92080 79.11080 78.31530 76.71810 77.40460 77.33730 77.38530 76.21010 78.52940 80.50790 82.00060 80.00300 80.72720 81.33890 80.00390 81.68630 82.68560 79.35510 79.67310 79.07150 80.31360 83.45990 84.27100 84.38990 84.99690 82.40650 81.54820 81.21890 80.30870 80.06790 79.99350 80.11680 79.78030 77.95940 81.12940 77.43550 80.51720 79.34560 77.42360 78.62690 80.07150 80.57240 79.81010 78.71750 78.75260 79.50380 79.67910 80.08880 80.19580
-9999 -9999 -9999 -9999 -9999 -9999 -9999 -9999 -9999 -9999 -9999 -9999 83.64070 84.12880 83.36910 82.56830 82.57950 82.53980 78.93330 79.78370 80.80590 80.30970 79.95730 78.63660 78.42090 77.83540 78.06920 75.53520 76.08990 73.26950 72.95700 80.41240 80.92330 79.86720 80.31880 78.83720 78.50170 79.68860 79.78090 79.89950 79.80450 79.22580 80.01440 82.35790 81.93870 78.43340 81.10770 80.36550 80.25790 80.17070 79.79820 80.45740 79.68380 78.30610 77.09860 76.49250 75.21840 79.37440 79.85970 79.16920 78.55040 77.86120 77.71450 79.40870 78.61780 78.42130 79.02260 79.31820 79.70120 80.65010 81.42370
-9999 -9999 -9999 81.59120 82.01100 79.95570 79.92580 80.24490 79.95650 -9999 82.98860 83.37410 82.86900 81.80030 82.03190 82.44620 81.45540 79.53980 79.86850 80.25450 80.83320 80.84800 80.49980 80.18530 77.51830 79.13850 79.23410 77.44380 75.40830 73.52540 77.81670 79.45630 78.25060 72.27400 75.21300 67.63830 74.71210 78.19060 79.69540 80.03250 80.10410 79.73290 80.45940 80.27830 79.62810 78.92060 79.82520 77.00020 79.98710 79.88120 76.25710 72.98090 73.74880 76.70710 77.17470 78.78910 78.23490 77.88400 75.77850 76.63680 78.48840 78.72610 76.26270 79.46650 78.80270 79.18850 79.76320 80.11700 81.27230 81.60090 81.79320
-9999 -9999 -9999 82.18270 81.56110 81.46550 80.55840 81.84800 81.41000 80.69550 83.34880 82.59780 82.74110 79.26960 78.31700 80.69660 75.37800 81.95900 82.34350 82.13560 82.07180 81.81080 82.20780 82.45580 78.30180 75.64080 76.01250 76.40050 77.89530 72.08280 66.58130 74.03210 77.90130 74.35230 71.26600 71.51640 76.20120 78.24170 79.31770 78.03480 79.13900 79.71650 80.81830 79.97030 77.76540 77.86240 79.82910 79.93820 76.33490 73.20860 74.04980 79.13140 79.19430 79.17870 79.25720 78.20200 77.71040 77.63060 77.75250 76.96670 77.74690 78.62100 77.74430 77.27710 79.45790 80.90890 81.30200 80.81650 81.49430 80.05810 77.86540
-9999 -9999 -9999 82.09370 82.79650 81.33570 82.35970 83.26560 83.66350 83.26270 83.45300 83.27160 82.19630 79.48850 77.85370 80.68690 78.37490 76.63530 80.89040 81.75070 81.51640 77.99150 70.69480 72.36330 76.20500 75.75030 78.56560 78.05920 74.65870 73.27600 75.28690 78.40790 75.52190 72.95540 71.76030 73.48230 77.99030 78.90290 76.26790 72.49970 75.37800 77.77900 80.39030 80.85950 81.18440 80.52230 80.45830 73.07730 73.36140 79.58560 79.32380 79.98380 79.81620 79.46800 79.37150 78.78200 78.46540 78.74010 78.37400 79.16410 75.99710 75.81930 80.19570 79.90000 80.68610 81.99350 82.19380 79.72050 74.82550 77.87640 78.57790
-9999 -9999 -9999 82.73350 83.73160 84.35550 84.14570 83.90510 82.50580 81.20500 82.60380 82.96750 79.63020 78.88940 80.57090 73.38290 75.28110 83.28850 85.08240 80.72250 73.70250 69.41300 73.64030 80.93340 78.30690 73.76180 77.27910 78.87660 78.30080 74.69260 73.57820 73.99650 73.36400 75.94030 78.22000 75.53360 75.34280 76.51490 77.65330 78.61730 77.86160 75.82050 76.19580 78.02240 80.48220 80.69700 80.41250 79.73940 80.03900 80.08870 79.40740 79.99320 79.56730 75.85150 79.76930 75.39510 74.34510 73.51790 74.39800 73.45780 70.84580 77.12510 78.11680 80.11030 79.08610 79.05860 81.77540 80.63990 79.59430 79.88210 82.95430
-9999 -9999 -9999 81.83180 84.02150 84.11080 84.13340 83.52710 82.51700 82.15850 83.58480 80.72500 77.19570 76.97070 88.38230 85.52650 78.65190 78.27250 80.77460 76.04710 73.99970 78.38700 81.78770 75.22510 72.01860 74.42820 80.94470 80.25200 77.15680 77.87140 75.14760 75.69710 76.11150 77.21180 78.36310 75.24940 75.53610 77.82370 78.36890 77.45330 75.55690 76.46040 78.49120 78.85750 79.61250 80.04740 79.92510 78.69570 76.62420 79.48050 78.16880 76.97630 74.05720 74.94170 76.65940 73.94030 74.30450 73.00070 74.98910 78.50300 77.92750 78.63520 79.86320 77.18620 75.77860 77.83390 80.76490 78.40690 80.35040 82.98130 86.61060
-9999 -9999 -9999 -9999 82.37060 82.47320 83.01360 82.63260 81.89840 81.01100 83.77000 82.83150 77.95320 74.29160 -9999 -9999 -9999 -9999 -9999 77.62280 84.05510 85.45700 83.88510 78.21860 77.76700 78.71990 78.22530 81.01640 81.16910 80.00700 79.74210 77.25540 78.15310 77.05800 75.11370 75.02780 73.83870 74.94690 77.80840 77.48260 77.26890 75.73920 78.30270 78.70310 77.79480 77.35740 74.75800 76.08190 79.40970 83.51290 79.59150 79.68220 80.31430 78.75780 78.62890 78.32640 78.21640 78.58290 74.17340 76.36950 78.75950 79.13660 80.49820 80.22350 80.72320 81.35720 81.93440 83.32720 87.58640 -9999 -9999
-9999 -9999 81.37700 82.92110 83.36770 83.41160 83.19970 82.27080 82.55990 82.12010 84.37540 82.75360 80.31280 -9999 -9999 -9999 -9999 -9999 83.46790 88.26310 84.48960 79.96210 79.78060 80.79030 84.16960 96.15820 85.09440 81.65640 81.12750 79.26650 73.84230 78.30680 77.80180 76.41620 78.00600 75.37330 75.81060 76.71840 77.45660 79.20150 79.07910 78.74380 78.79540 78.97720 79.40750 79.44470 79.60050 79.47510 81.25120 94.63140 94.49240 94.62490 95.77780 89.30350 83.04270 81.02930 80.04400 76.62060 75.53430 78.29920 78.66650 79.08720 82.14820 81.27820 82.33060 83.21230 84.65540 -9999 -9999 -9999 -9999
-9999 -9999 83.56430 83.62940 82.96000 82.82930 81.40140 81.76720 82.34790 82.97910 83.69960 83.18930 81.52760 -9999 -9999 -9999 -9999 80.24500 80.43290 79.89810 77.45210 79.47040 81.50520 86.91640 85.01570 81.12030 78.11350 79.25720 78.87430 79.85140 78.14090 78.15720 79.14970 79.42700 78.49840 80.50570 80.59930 76.99070 77.69160 78.82260 79.19000 78.37670 78.43650 79.34140 75.01220 72.72710 74.48360 73.64750 75.82180 78.42570 80.78810 85.13210 86.38050 90.80330 90.60640 83.32450 81.26370 79.84700 81.58950 83.58400 81.84790 81.19110 82.96280 85.40040 84.58070 -9999 -9999 -9999 -9999 -9999 87.60070
-9999 -9999 81.40080 82.29590 83.32240 83.27180 78.95210 79.18360 82.47530 82.59270 82.40020 81.33660 78.98260 -9999 -9999 -9999 -9999 79.90110 80.57020 78.95830 76.15530 79.78090 85.03420 81.11470 81.08540 80.95230 78.88220 77.69640 78.16710 76.89070 77.65420 80.34800 79.75180 78.85380 79.61660 79.68900 79.23980 78.99780 78.83030 79.92430 80.28200 81.31630 80.48650 79.85120 77.84560 74.62700 73.66560 71.01230 70.06520 70.77220 74.34730 75.48310 80.17830 78.62030 81.53300 82.31280 83.77470 83.34290 82.59440 83.26620 85.18480 85.80910 85.77170 79.01490 77.70230 84.28880 85.71640 85.37180 86.41370 -9999 -9999
-9999 -9999 -9999 78.34150 81.67940 83.17100 81.17680 80.53490 83.17900 79.64920 72.86410 78.62450 -9999 -9999 -9999 -9999 80.18190 80.33650 80.20650 79.29340 80.34240 80.82730 77.51000 79.68630 79.91540 78.12760 77.41160 74.93080 76.47020 79.06440 78.94300 79.01950 77.36110 73.05780 69.44570 70.38640 75.75330 79.12990 80.87240 81.34950 82.38740 81.13080 83.70950 83.01610 83.26410 84.04520 83.03060 82.02540 79.25780 75.50880 80.88960 89.82270 85.77980 89.87370 97.64760 99.96040 89.49330 82.11410 81.90070 83.42340 84.12980 84.14680 82.90100 78.45990 72.30020 82.60920 87.49500 88.60070 87.05600 87.69560 -9999
-9999 -9999 -9999 -9999 79.49850 81.64670 79.38120 83.09670 82.89340 81.77320 79.16120 -9999 -9999 -9999 -9999 81.55130 78.24240 74.05180 76.43220 68.67610 70.25430 69.03000 68.48950 72.14550 76.93500 72.11210 67.35630 68.75270 67.89220 70.85950 71.23170 69.81290 68.36140 68.56310 70.60140 80.39910 81.75110 80.39660 80.51580 80.52400 80.01510 81.06180 80.95020 81.74530 81.76720 78.90110 80.54230 86.81710 82.89410 83.77770 82.92760 92.05880 90.35970 89.51380 91.38030 93.39530 101.48000 90.69860 87.98840 84.03810 82.89240 80.57320 79.00530 78.14010 76.45830 84.12010 85.51110 86.44760 86.47820 88.30320 89.92280
-9999 -9999 -9999 -9999 -9999 -9999 84.13660 84.66220 70.39490 78.41300 72.56670 -9999 -9999 -9999 -9999 -9999 70.37750 68.35540 68.57500 65.85970 65.54740 63.80400 70.08220 73.16090 67.27570 65.50260 71.74580 86.04160 86.50070 77.82820 69.42940 67.63870 72.35630 69.80030 70.96040 68.83100 78.81560 79.98640 80.28020 79.74160 79.27870 81.40620 81.51470 81.70490 83.28420 82.15730 79.96670 84.43690 88.83960 98.58030 92.72010 94.43430 84.14300 85.14390 82.89560 82.42890 89.06710 89.88860 81.54770 74.96500 73.99430 75.39990 77.53030 74.25890 72.29250 78.28520 87.70230 86.42790 86.33470 87.38280 88.35350
-9999 -9999 -9999 -9999 -9999 -9999 -9999 -9999 -9999 -9999 -9999 -9999 -9999 -9999 -9999 -9999 -9999 -9999 -9999 64.23810 65.83400 67.11920 66.12970 64.77270 68.42490 69.10390 69.26250 67.27070 66.18120 66.76460 68.04640 72.71300 80.58980 78.06010 72.03450 72.18820 79.93260 81.82450 81.09080 80.11030 79.91080 80.21290 80.56710 81.37260 81.58590 79.53210 79.50270 84.70300 87.86340 85.51900 86.16010 82.62880 87.05930 88.25240 84.86560 82.63850 74.33480 75.40870 72.61940 73.43070 78.64540 81.99740 72.54310 71.57600 70.56730 81.52560 83.71390 84.74280 85.44280 89.92860 89.09830
-9999 -9999 -9999 -9999 -9999 -9999 -9999 -9999 -9999 -9999 -9999 -9999 -9999 -9999 -9999 -9999 -9999 -9999 66.41310 68.72990 66.97020 62.78430 63.65120 62.96270 66.90020 70.61060 70.62240 69.72880 64.70180 63.65130 64.96970 67.31760 67.75160 67.70290 75.03480 81.07540 79.04310 79.98900 79.39970 81.14790 80.97100 81.13620 80.99840 81.47010 80.25600 80.71200 80.42810 79.86200 81.76300 86.77170 87.78270 90.34260 91.90640 89.59230 86.21630 84.16620 76.61870 75.64330 81.42130 75.63890 83.08180 86.54470 77.69980 77.11920 83.36000 81.91440 78.20660 85.17780 85.46750 85.43060 87.32300
-9999 -9999 -9999 -9999 -9999 -9999 -9999 -9999 -9999 -9999 -9999 -9999 -9999 -9999 -9999 -9999 -9999 67.07940 68.29030 64.31300 64.42900 63.02850 63.72570 65.61590 65.94770 68.41940 76.30960 65.33400 69.15000 70.49200 70.94240 73.88870 72.58700 73.04930 82.95180 82.57240 80.82750 79.99490 79.98720 80.34100 78.40440 80.16620 79.84500 80.40530 79.06090 78.00280 82.19710 83.44690 79.34600 86.31820 87.86960 88.45110 85.08470 85.38330 86.26630 86.36810 74.80560 74.73010 74.70780 74.13600 79.23000 84.84190 77.97550 80.26670 73.53370 75.34310 78.39820 76.24050 83.74330 84.92410 82.94710
-9999 -9999 -9999 -9999 -9999 -9999 -9999 -9999 -9999 -9999 -9999 -9999 -9999 -9999 -9999 -9999 -9999 68.54960 65.94150 64.69180 66.99780 69.78010 64.72550 63.12190 61.33220 59.34750 61.77130 60.38690 63.37560 65.29480 77.79540 79.40200 78.65560 80.07990 83.20870 84.25720 84.30340 78.49360 77.61520 78.63440 77.58440 77.66730 78.18270 77.31180 78.47310 81.17500 76.92790 78.87110 76.79770 79.56560 86.99350 90.12300 90.42260 89.88250 89.22470 87.10240 77.03790 75.90480 75.62130 77.86450 74.92460 74.10980 74.14260 73.08500 73.16620 74.95130 75.68230 78.60600 89.78730 88.28680 85.06670
-9999 -9999 -9999 -9999 -9999 -9999 -9999 -9999 -9999 -9999 -9999 -9999 -9999 -9999 -9999 -9999 77.91130 75.76360 66.07700 69.20030 65.79060 61.19340 58.38210 56.73920 53.45850 54.73660 56.42930 56.73380 57.58290 60.83100 63.29240 64.63780 64.28640 77.59710 81.08090 81.34630 77.12180 79.39540 77.97720 76.49800 73.70960 77.03970 80.67320 75.56510 74.75090 75.89880 75.51600 78.24530 77.29190 74.89120 85.50260 87.83130 88.46750 89.65590 89.42450 86.46440 86.86940 79.06410 84.38440 76.96510 75.78180 76.00160 78.02710 80.16380 82.51110 96.53210 100.63300 98.26600 92.21670 86.45160 84.57380
-9999 -9999 -9999 -9999 -9999 -9999 -9999 -9999 -9999 -9999 -9999 -9999 -9999 66.11790 65.41610 69.47670 66.97010 70.57410 70.55580 63.03980 60.85970 57.41890 54.23010 53.59620 53.85080 53.69270 52.84850 53.31940 53.27880 53.92690 73.05770 73.80840 62.80680 61.26970 78.49040 82.78490 80.78160 76.31350 76.72370 75.15880 75.23340 76.06170 75.16810 74.34650 81.65270 85.95160 82.57360 86.46790 87.40720 83.60520 84.03920 82.52230 81.50390 81.54510 86.66380 85.26550 82.74650 82.06920 82.12910 82.43060 83.80510 88.63370 84.60130 93.21020 96.95040 91.78190 98.44390 92.73290 86.74550 87.21410 85.53260
-9999 -9999 -9999 -9999 -9999 -9999 -9999 -9999 -9999 -9999 -9999 -9999 64.59220 65.85950 74.15410 71.32280 69.63530 65.21490 60.96810 57.06180 56.74710 58.57270 57.17020 56.65630 53.21880 52.77100 52.44310 50.85680 71.05670 70.21730 74.69170 72.74180 74.68070 58.19170 75.37540 80.65200 73.27280 74.73830 75.13360 74.44510 72.53850 73.69110 77.72100 82.26200 88.35260 84.01220 80.11800 87.25450 91.15990 93.23550 79.45270 79.13840 77.01630 80.21020 79.21490 82.88170 87.08270 88.51900 87.87390 89.16420 85.09310 86.46860 87.79320 87.42210 89.37500 91.23530 91.23900 86.14390 87.13510 85.42300 75.85380
-9999 -9999 -9999 -9999 -9999 -9999 -9999 -9999 -9999 -9999 -9999 74.72990 70.43680 70.27090 66.74130 60.43210 57.90750 60.13720 60.10400 58.77920 59.21240 52.19140 51.39940 51.67600 52.28850 52.75940 70.17460 51.35840 69.28260 69.30770 73.64090 52.99720 56.18460 58.03660 65.26830 81.00660 75.15080 75.08190 72.41520 72.02280 71.31630 78.53740 80.80000 85.20760 87.67360 87.03180 89.27980 89.13330 90.09040 90.27300 87.56520 81.28550 81.73560 82.94440 81.64460 82.11900 86.25990 85.61980 84.32280 84.96130 88.31840 84.68980 84.55360 82.01030 88.82790 85.36360 84.49390 87.80610 84.79060 79.13370 72.24270
-9999 -9999 -9999 -9999 -9999 -9999 -9999 -9999 -9999 -9999 65.13600 66.81610 62.39020 63.36030 58.61240 55.43380 53.71650 53.23950 53.87000 54.29040 52.69960 50.19260 50.11760 50.62000 50.66200 51.58060 51.72560 68.87290 69.21190 51.57280 53.08860 52.59950 48.73510 76.07510 80.18870 73.85150 75.01190 73.24570 73.42920 70.84060 78.67250 80.40580 80.79730 85.50970 85.90350 84.02340 85.83460 88.70150 88.84530 91.24980 90.71190 83.01550 83.92770 83.19770 82.18210 82.02710 86.72210 88.24430 87.70360 90.83940 89.51140 83.98790 82.97920 84.11620 86.39780 85.41970 87.91400 84.75240 82.96610 75.84270 74.19310
-9999 -9999 -9999 -9999 -9999 -9999 -9999 -9999 -9999 59.12770 59.06650 57.24510 56.05120 58.36480 55.36150 52.67580 51.94860 51.78330 50.89320 50.82790 51.39350 51.05360 51.02720 50.91890 51.10400 53.41280 53.15840 53.38250 53.97960 53.91940 53.85640 56.50770 59.62530 62.62150 82.03970 75.34630 77.69540 74.94820 73.80900 71.26650 80.08710 79.81730 82.51980 88.43390 85.55590 95.34280 85.81200 86.76920 91.62890 91.87880 93.49700 85.85480 80.88530 84.81890 81.86840 87.03150 89.94580 91.15840 90.61710 91.31030 85.97350 84.95390 82.15290 87.42440 82.13600 83.06310 84.21260 83.75220 76.16580 74.00910 73.76990
-9999 -9999 -9999 -9999 -9999 -9999 -9999 -9999 -9999 -9999 53.48010 51.16870 50.55730 52.18350 50.03070 49.33350 49.44040 50.25710 50.22970 49.67450 49.94060 49.83190 50.09660 -9999 -9999 -9999 -9999 -9999 -9999 53.14280 55.55910 56.86180 62.03980 65.10640 69.04120 75.93050 77.90970 73.23170 70.46060 66.01160 77.12690 78.95090 73.73160 93.06940 87.76670 94.31960 95.47580 84.84780 88.00920 89.59760 87.04560 81.28020 81.44270 82.83640 88.29740 86.77700 87.06930 88.72730 92.37590 89.55990 88.33780 81.69310 82.97620 86.49100 83.75250 84.02140 84.39930 81.78000 78.96220 81.16460 76.78500
-9999 -9999 -9999 -9999 -9999 -9999 -9999 -9999 -9999 -9999 -9999 -9999 47.96270 48.34530 48.21950 46.19020 46.23400 48.07810 48.35690 -9999 -9999 -9999 -9999 -9999 -9999 -9999 -9999 -9999 -9999 -9999 -9999 -9999 -9999 62.99400 67.52640 74.91000 83.05810 70.91270 66.32110 59.16940 74.46700 79.49660 76.97350 76.33230 77.67470 88.65680 96.42690 86.34360 89.01720 89.42460 90.51490 85.08220 85.82060 85.16310 90.60410 89.07960 87.18930 81.30820 79.06710 84.76450 84.25940 80.55490 84.18720 83.08550 81.91300 83.55020 81.57380 75.17240 77.61870 82.24700 90.95950
-9999 -9999 -9999 -9999 -9999 -9999 -9999 -9999 -9999 -9999 -9999 -9999 -9999 -9999 -9999 -9999 -9999 -9999 -9999 -9999 -9999 -9999 -9999 -9999 -9999 -9999 -9999 -9999 -9999 -9999 -9999 -9999 -9999 -9999 80.23250 81.19620 79.32420 78.42450 62.38320 75.99170 75.43290 79.17250 80.00650 74.95980 93.18580 93.63360 93.84600 86.28640 87.33750 88.25150 87.09620 84.57120 89.95770 84.87130 85.03890 84.28830 82.37670 85.75340 82.80260 82.02020 79.99740 89.38730 83.60270 81.82430 82.05840 84.16490 84.52350 78.75930 81.63800 87.20160 91.16500
-9999 -9999 -9999 -9999 -9999 -9999 -9999 -9999 -9999 -9999 -9999 -9999 -9999 -9999 -9999 -9999 -9999 -9999 -9999 -9999 -9999 -9999 -9999 -9999 -9999 -9999 -9999 -9999 -9999 -9999 -9999 -9999 -9999 -9999 66.25750 78.38900 78.21850 64.79330 61.15370 76.56370 78.57260 88.38460 89.31340 82.93750 80.35540 84.32000 85.50480 87.98890 89.79460 90.63050 88.88740 89.44870 80.44320 81.64560 81.18440 78.08520 82.89050 78.66690 80.93000 87.24000 86.39260 89.08930 83.34650 81.58270 83.78630 76.49360 85.70530 79.80570 84.85660 89.32480 -9999
-9999 -9999 -9999 -9999 -9999 -9999 -9999 -9999 -9999 -9999 -9999 -9999 -9999 -9999 -9999 -9999 -9999 -9999 -9999 -9999 -9999 -9999 -9999 -9999 -9999 -9999 -9999 -9999 -9999 -9999 -9999 -9999 -9999 -9999 -9999 -9999 -9999 -9999 78.98740 77.44320 80.79330 79.34300 76.11720 80.81690 87.89750 85.07550 85.42110 88.13670 91.29620 89.70900 89.97520 86.37900 85.24830 80.74500 84.06860 77.66560 73.86430 76.09050 80.38580 81.89250 81.62360 84.26270 85.07980 82.52370 83.15920 76.93230 82.02970 88.52410 80.09850 -9999 -9999
