data/hydroclimate-scenarios/BCSD_hadcm_B1/monthly_summaries/soilm2_monthly_day1_apr.2030-2059.asc
ncols	311
nrows	91
xllcenter	102.75
yllcenter	31.75
cellsize	0.5
NODATA_value	-9999
[rows 0 to 30 of 91, columns 70 to 139 of 311]
-9999 -9999 -9999 -9999 -9999 -9999 -9999 -9999 -9999 -9999 -9999 -9999 -9999 -9999 -9999 -9999 -9999 -9999 -9999 -9999 -9999 -9999 -9999 -9999 -9999 -9999 -9999 -9999 -9999 -9999 -9999 -9999 -9999 -9999 -9999 -9999 -9999 -9999 -9999 -9999 -9999 -9999 -9999 -9999 -9999 -9999 -9999 -9999 -9999 -9999 -9999 -9999 -9999 -9999 -9999 -9999 -9999 -9999 -9999 -9999 -9999 -9999 -9999 -9999 -9999 -9999 -9999 -9999 -9999 -9999
-9999 -9999 -9999 -9999 -9999 -9999 -9999 -9999 -9999 -9999 -9999 -9999 -9999 -9999 -9999 -9999 -9999 -9999 -9999 -9999 -9999 -9999 -9999 -9999 -9999 -9999 -9999 -9999 -9999 -9999 -9999 -9999 -9999 -9999 -9999 -9999 -9999 -9999 -9999 -9999 -9999 -9999 -9999 -9999 -9999 -9999 -9999 -9999 -9999 -9999 -9999 -9999 -9999 -9999 -9999 -9999 -9999 -9999 -9999 -9999 -9999 -9999 -9999 -9999 -9999 -9999 -9999 -9999 -9999 -9999
-9999 -9999 -9999 -9999 -9999 -9999 -9999 -9999 -9999 -9999 -9999 -9999 -9999 -9999 -9999 -9999 -9999 -9999 -9999 -9999 -9999 -9999 -9999 -9999 -9999 -9999 -9999 -9999 -9999 -9999 -9999 -9999 -9999 -9999 -9999 -9999 -9999 -9999 -9999 -9999 -9999 -9999 -9999 -9999 -9999 -9999 -9999 -9999 -9999 -9999 -9999 -9999 -9999 -9999 -9999 -9999 -9999 -9999 -9999 -9999 -9999 -9999 -9999 -9999 -9999 -9999 -9999 -9999 -9999 -9999
-9999 -9999 -9999 -9999 -9999 -9999 -9999 -9999 -9999 -9999 -9999 -9999 -9999 -9999 -9999 -9999 -9999 -9999 -9999 -9999 -9999 -9999 -9999 -9999 -9999 -9999 -9999 -9999 -9999 -9999 -9999 -9999 -9999 -9999 -9999 -9999 -9999 -9999 -9999 -9999 -9999 -9999 -9999 -9999 -9999 -9999 -9999 -9999 -9999 -9999 -9999 -9999 -9999 -9999 -9999 -9999 -9999 -9999 -9999 -9999 -9999 -9999 -9999 -9999 -9999 -9999 -9999 -9999 -9999 -9999
-9999 -9999 -9999 -9999 -9999 -9999 -9999 -9999 -9999 -9999 -9999 -9999 -9999 -9999 -9999 -9999 -9999 -9999 -9999 -9999 -9999 -9999 -9999 -9999 -9999 -9999 -9999 -9999 -9999 -9999 -9999 -9999 -9999 -9999 -9999 -9999 -9999 -9999 -9999 -9999 -9999 -9999 -9999 -9999 -9999 -9999 -9999 -9999 -9999 -9999 -9999 -9999 -9999 -9999 -9999 -9999 -9999 -9999 -9999 -9999 -9999 -9999 -9999 -9999 -9999 -9999 -9999 -9999 -9999 -9999
-9999 -9999 -9999 -9999 -9999 -9999 -9999 -9999 -9999 -9999 -9999 -9999 -9999 -9999 -9999 -9999 -9999 -9999 -9999 -9999 -9999 -9999 -9999 -9999 -9999 -9999 -9999 -9999 -9999 -9999 -9999 -9999 -9999 -9999 -9999 -9999 -9999 -9999 -9999 -9999 -9999 -9999 -9999 -9999 -9999 -9999 -9999 -9999 -9999 -9999 -9999 -9999 -9999 -9999 -9999 -9999 -9999 -9999 -9999 -9999 -9999 -9999 -9999 -9999 -9999 -9999 -9999 -9999 -9999 -9999
-9999 -9999 -9999 -9999 -9999 -9999 -9999 -9999 -9999 -9999 -9999 -9999 -9999 -9999 -9999 -9999 -9999 -9999 -9999 -9999 -9999 -9999 -9999 -9999 -9999 -9999 -9999 -9999 -9999 -9999 -9999 -9999 -9999 -9999 -9999 -9999 -9999 -9999 -9999 -9999 -9999 -9999 -9999 -9999 -9999 -9999 -9999 -9999 -9999 -9999 -9999 -9999 -9999 -9999 -9999 -9999 -9999 -9999 -9999 -9999 -9999 -9999 -9999 -9999 -9999 -9999 -9999 -9999 -9999 -9999
-9999 -9999 -9999 -9999 -9999 -9999 -9999 -9999 -9999 -9999 -9999 -9999 -9999 -9999 -9999 -9999 -9999 -9999 -9999 -9999 -9999 -9999 -9999 -9999 -9999 -9999 -9999 -9999 -9999 -9999 -9999 -9999 -9999 -9999 -9999 -9999 -9999 -9999 -9999 -9999 -9999 -9999 -9999 -9999 -9999 -9999 -9999 -9999 -9999 -9999 -9999 -9999 -9999 -9999 -9999 -9999 -9999 -9999 -9999 -9999 -9999 -9999 -9999 -9999 -9999 -9999 -9999 -9999 -9999 -9999
-9999 -9999 -9999 -9999 -9999 -9999 -9999 91.01170 -9999 -9999 -9999 -9999 -9999 -9999 -9999 -9999 -9999 -9999 -9999 -9999 -9999 -9999 -9999 -9999 -9999 -9999 -9999 -9999 -9999 -9999 -9999 -9999 -9999 -9999 -9999 -9999 -9999 -9999 -9999 -9999 -9999 -9999 -9999 -9999 -9999 -9999 -9999 -9999 -9999 -9999 -9999 -9999 -9999 -9999 -9999 -9999 -9999 -9999 -9999 -9999 -9999 -9999 -9999 -9999 -9999 -9999 -9999 -9999 -9999 -9999
-9999 -9999 -9999 99.13090 81.91150 85.86990 87.91040 90.00790 92.79970 92.13060 94.17640 94.87180 95.77850 95.81150 96.24610 96.18460 99.81620 98.61700 98.08860 97.79960 97.51710 96.81800 93.91860 -9999 -9999 -9999 -9999 -9999 -9999 -9999 -9999 -9999 -9999 -9999 -9999 -9999 -9999 -9999 -9999 -9999 -9999 -9999 -9999 -9999 -9999 -9999 -9999 -9999 -9999 -9999 -9999 -9999 -9999 -9999 -9999 -9999 -9999 -9999 -9999 -9999 -9999 -9999 -9999 -9999 -9999 -9999 -9999 -9999 -9999 -9999
-9999 -9999 -9999 -9999 -9999 86.74970 88.52840 90.05750 91.17350 92.49960 94.30720 95.33170 97.03230 99.85690 100.21700 100.69700 101.34000 100.65400 101.66200 101.89300 102.44400 101.99600 100.10000 -9999 -9999 -9999 -9999 -9999 -9999 -9999 -9999 -9999 -9999 -9999 -9999 -9999 -9999 -9999 -9999 -9999 -9999 -9999 -9999 -9999 -9999 -9999 -9999 -9999 -9999 -9999 -9999 -9999 -9999 -9999 -9999 -9999 -9999 -9999 -9999 -9999 -9999 -9999 -9999 -9999 -9999 -9999 -9999 -9999 -9999 -9999
79.55240 79.90540 80.52120 82.41660 83.03020 84.69860 86.68010 85.19970 88.34250 88.96230 91.16040 92.42930 94.03440 96.97230 99.16170 100.58500 101.27400 100.31200 101.03900 100.51900 102.25100 113.45600 120.70800 102.91500 102.64100 100.83100 99.45550 97.14940 96.02250 -9999 -9999 -9999 -9999 -9999 -9999 -9999 -9999 -9999 -9999 -9999 -9999 -9999 -9999 -9999 -9999 -9999 -9999 -9999 -9999 -9999 -9999 -9999 -9999 -9999 -9999 -9999 -9999 -9999 -9999 -9999 -9999 -9999 -9999 -9999 -9999 -9999 -9999 -9999 -9999 -9999
81.38690 81.16260 81.82250 83.68010 83.10310 84.54780 86.27460 85.64160 86.54900 84.89770 85.71050 90.54270 92.63280 94.94330 96.58930 99.32300 101.02000 98.71610 94.71360 119.83200 106.66900 103.79100 101.62600 103.09600 102.71100 101.12600 99.56100 99.25670 98.15570 95.58240 93.89570 92.54010 91.67690 91.23960 91.44850 88.79700 88.23950 86.33370 86.52960 84.45740 84.59130 86.54560 86.17150 86.24040 -9999 -9999 -9999 -9999 -9999 -9999 -9999 -9999 -9999 -9999 -9999 -9999 -9999 -9999 -9999 -9999 -9999 -9999 -9999 -9999 -9999 -9999 -9999 -9999 -9999 -9999
57.23040 57.35180 58.21620 57.94700 77.45080 85.15330 85.56980 85.12590 85.41130 84.39010 80.02830 81.24100 87.66430 83.38680 91.03790 93.61690 95.36580 93.75450 93.25380 94.67990 100.71700 101.28000 101.08300 99.52860 81.79930 90.93130 94.41480 92.51570 91.59260 93.12160 96.13250 91.99780 92.29820 87.72750 86.91000 85.57680 84.99550 85.74380 85.79680 84.40820 84.57590 87.86080 88.41290 87.17920 118.40900 -9999 -9999 -9999 -9999 -9999 -9999 -9999 -9999 -9999 -9999 -9999 -9999 -9999 -9999 -9999 -9999 -9999 -9999 -9999 -9999 -9999 -9999 -9999 -9999 -9999
90.38970 89.97040 89.70300 82.44980 95.65480 90.85290 91.11120 94.64660 94.22880 93.30290 92.39360 94.68640 94.73230 92.13880 91.26750 89.73380 93.18610 97.19010 98.67660 96.58810 120.94100 103.56800 102.98600 100.71100 98.97790 98.32670 99.64360 94.64920 91.65370 92.10040 91.97480 89.03630 87.46210 87.77920 88.06350 86.40120 86.87780 85.60450 85.52490 86.26210 88.53830 88.03510 89.25540 91.82630 90.44120 -9999 -9999 -9999 -9999 -9999 -9999 -9999 -9999 -9999 -9999 -9999 -9999 -9999 -9999 -9999 90.12940 91.86840 -9999 -9999 -9999 -9999 105.34700 113.62100 117.45500 107.15100
89.27550 88.59890 89.67370 90.44040 94.00850 89.56480 88.18910 91.37600 93.57440 93.37550 94.01630 88.81750 90.10710 88.95440 92.48090 93.68630 92.13830 95.03800 94.48460 120.49300 94.33450 97.71780 97.45850 96.72600 91.73450 90.08950 88.71600 89.72850 90.81450 89.68390 90.08320 88.79700 87.45480 86.06960 85.57650 84.51120 84.39980 82.52020 82.21310 83.28100 109.64300 117.58200 117.72100 118.39900 111.02200 111.52500 111.50000 118.67900 90.22630 96.83270 98.05180 90.58420 92.61540 99.19900 99.70780 95.53220 78.88140 71.07420 70.30810 90.40760 91.72540 84.22800 -9999 -9999 -9999 -9999 -9999 108.39600 111.59300 109.88700
95.46490 98.74120 66.95560 92.41790 98.37550 72.28370 88.49320 89.22110 88.46330 85.32100 84.27840 84.26520 85.80760 84.01390 84.14950 84.97270 110.58100 89.35380 91.22950 90.63530 89.09180 91.75890 91.22860 90.52960 89.01170 87.40400 87.29070 86.16320 87.12270 86.04060 86.02310 85.97150 83.99190 84.11140 85.37290 85.87590 85.88030 86.23360 86.33480 117.24800 118.09400 86.06770 118.15000 87.81290 87.95590 89.56030 88.43050 88.17340 87.51960 92.45850 98.18020 95.98450 89.99260 94.09300 102.63400 106.23700 99.35870 101.23000 100.43000 94.04430 80.86060 80.52400 83.42040 90.45990 96.40980 98.28180 102.63800 104.40300 108.31300 106.90600
89.82890 99.63540 98.94660 88.36620 102.15600 101.65800 95.84590 92.56500 93.14410 81.66080 80.59430 80.34630 82.91460 82.91500 109.89500 84.76710 88.72660 89.27760 89.10010 89.90270 90.40420 91.85510 89.52480 88.98380 88.05350 86.83260 85.98490 85.47390 85.85170 85.34930 85.90550 84.77970 84.94000 84.29040 83.69720 85.25100 85.31130 118.12000 84.68390 84.24280 86.37870 86.29220 86.01120 83.54400 85.55080 88.60290 88.25480 86.96220 85.67500 85.34640 85.74980 88.53290 87.21780 90.27710 90.36560 97.63020 105.56400 106.07100 107.90500 110.49200 108.11000 95.34690 93.83670 87.86150 80.19680 89.46080 95.35340 99.82880 101.53800 103.25700
100.38900 106.55900 107.44800 94.17970 61.33420 89.31320 82.35450 80.83810 89.07600 84.75800 80.55270 79.82650 82.12160 82.30370 83.24910 86.95230 88.37360 88.26770 87.69520 90.03140 97.76140 96.67200 90.96750 90.32380 88.36060 86.65230 87.05500 84.38790 84.32010 85.71480 84.68890 83.57650 117.24500 83.33990 82.13620 84.77800 84.64700 84.83430 87.77800 87.89400 90.86840 85.76100 85.41800 92.80680 96.67340 97.37310 89.87290 85.04660 84.69990 84.11610 85.04730 89.82100 93.72300 96.41020 97.17960 77.24460 76.24220 78.43480 99.52950 102.50400 114.02000 111.59000 108.46900 107.75800 97.71560 93.35030 89.89800 90.66320 91.16110 94.21430
87.24690 101.94900 108.96600 105.47700 92.54730 74.81880 82.56900 78.58550 86.54440 87.19110 80.65510 98.53870 93.50880 83.26860 86.56140 86.63280 83.36510 82.77420 85.57850 88.37970 91.41630 95.61980 90.97980 91.07480 91.41160 86.55870 85.31420 83.39100 81.74310 82.15790 109.71800 82.81040 82.32130 81.87120 83.07710 82.81310 82.70430 84.61760 86.42640 87.18940 93.61670 93.42410 90.32320 91.71010 91.27320 98.75500 96.69340 90.76160 89.80930 82.86570 87.21290 94.20110 92.66760 95.75540 91.18420 97.73750 102.75700 103.34900 105.92100 104.30300 103.93000 105.13100 102.42200 98.87140 106.91400 109.99800 98.09490 107.39500 97.13620 95.90460
89.20210 97.12580 95.00290 92.76320 97.79830 99.59240 74.65190 62.03400 56.16570 82.96020 77.65850 86.19720 102.94200 111.23900 109.63200 97.37480 94.40100 86.55980 82.51730 81.74120 82.08500 83.56180 84.10910 85.15110 83.24910 81.59590 82.89550 81.22420 80.28310 80.76890 81.22490 80.60430 82.62900 88.68170 86.99630 86.48860 88.77050 90.14780 93.40130 91.33240 90.07520 95.86190 98.78450 94.26790 90.70010 91.18500 89.07330 88.27190 87.50840 83.76870 83.68130 83.43480 86.87970 90.24660 93.82770 96.27750 102.76700 102.54500 105.89800 103.69200 106.50800 106.68800 106.34500 93.90940 106.00500 106.99600 103.32000 94.87250 97.08470 96.32940
110.07600 117.32800 112.25000 115.09200 107.75500 108.20600 105.68300 93.33810 92.68190 90.01330 82.35820 76.49120 77.05240 88.36740 96.21060 111.23800 108.87200 107.57800 102.55800 87.17410 69.12880 84.47650 84.39050 84.28800 85.56820 84.11280 85.23560 83.46200 82.85200 82.88160 85.87040 87.03570 92.97890 91.83450 95.41040 93.60820 94.10800 94.24890 96.04630 75.76540 95.16910 97.05000 96.42810 93.94840 95.77570 94.05640 95.99510 95.35180 96.22970 92.22430 89.32010 96.37470 98.91630 101.31000 88.69230 101.20600 100.93000 95.50100 105.24700 107.15500 119.89300 110.57000 111.92900 108.28900 105.21500 105.54500 90.26080 107.32900 107.60100 111.19200
98.80440 104.95700 116.27800 121.87000 119.29500 121.48600 110.06400 101.39300 88.46500 98.67600 91.20820 87.83220 90.76610 89.75610 65.85390 88.94370 72.16900 80.43790 104.33600 111.45000 99.67380 85.09430 96.27450 88.37630 86.11780 84.43970 85.76390 84.66410 84.05100 91.35960 90.03520 93.82960 94.54730 96.60770 92.59980 98.62010 94.90240 95.61880 94.00840 98.16590 97.54670 94.86250 94.95440 93.33800 91.69920 102.11800 103.64000 101.99200 101.86300 98.95010 101.58500 105.36900 105.58500 107.95000 114.31700 97.88740 101.89800 108.38600 111.84100 109.55400 113.82000 113.29400 109.94300 104.33800 87.64950 107.37200 109.10400 106.52100 107.45400 109.52000
103.67500 107.59100 105.41700 103.94400 110.45800 117.86300 119.22400 117.38300 112.96900 109.59600 98.47300 86.85900 103.71800 103.58600 98.74210 116.74200 109.52800 108.37600 66.78140 101.80000 117.27600 108.63400 109.59000 103.31700 88.89390 85.20360 83.53980 84.28740 84.10220 88.61160 89.24050 92.18520 92.94860 92.90080 92.36430 90.39930 94.01180 97.30690 95.40860 98.84270 100.19600 102.45700 101.67200 98.56370 80.95780 67.88070 88.45580 94.71370 104.86400 108.73400 105.39300 106.49000 98.77660 108.63600 100.63500 109.27500 116.13900 110.89900 118.99700 105.91500 107.34200 109.61300 106.49700 105.90800 107.29300 103.92700 104.65500 103.82800 100.54700 104.47800
104.28300 108.13000 104.80500 102.37400 94.19110 103.04300 103.57100 106.29500 107.12400 100.15300 99.95130 96.58060 95.76090 79.97010 94.47310 109.37900 113.82400 109.98100 109.38100 89.94040 99.38340 103.70200 105.60400 101.20900 99.53990 89.75380 85.48500 85.06350 85.06280 88.29560 90.70790 91.73020 90.40660 84.81390 87.55090 92.08000 90.90450 94.17500 95.58660 98.95510 104.20600 102.51000 97.95240 110.20500 89.42440 88.75110 96.10990 101.11600 106.49900 108.14000 104.86500 101.77200 105.29800 114.94200 116.48100 113.69200 110.57200 111.12100 107.71500 114.15200 115.22000 108.26200 102.36700 104.77700 101.88500 101.13000 102.40700 99.96050 105.73300 111.11700
107.38400 115.63500 113.66200 106.33800 105.32800 107.11900 100.45400 99.92570 95.69850 91.65640 86.76850 92.34840 101.80400 98.56270 93.48070 95.93170 108.75600 108.81200 106.54100 110.27600 108.17700 106.35600 96.70520 94.37020 96.06490 96.35410 97.32660 87.52340 85.27370 86.96400 92.26010 90.57020 93.45830 85.82460 90.39690 92.41010 98.16190 100.11700 101.92800 99.70090 113.49500 99.14420 105.32400 107.27000 109.08600 107.98700 100.25000 83.20970 86.16220 86.49160 88.78790 107.08300 104.56400 102.68400 101.19900 102.38500 107.72000 109.85500 110.40800 111.85900 117.55400 114.42500 114.92000 113.97700 110.78500 109.13900 104.47400 105.67100 111.64200 102.96200
109.59900 111.67700 117.64000 112.41700 106.08900 107.39800 110.05500 104.58200 101.03500 89.69520 94.88000 91.99580 94.93280 104.97000 102.30200 102.10000 101.30200 110.71100 105.15900 110.45800 108.87400 108.94900 103.06600 107.64600 97.84880 99.78690 97.38940 95.66090 92.59550 86.83520 87.16940 86.52210 87.19630 88.63420 99.63180 99.11740 94.13290 106.11100 111.48800 90.81860 104.10600 108.89200 109.03400 101.86500 98.77700 95.32670 92.85530 106.34000 91.91660 91.71950 116.24700 93.89090 111.44200 113.91400 113.56200 114.08000 111.81300 109.29500 111.76700 113.77100 115.96700 114.31800 115.51300 114.30000 114.10100 114.04600 90.87270 113.87700 93.12850 98.22900
121.88700 112.02400 109.57000 111.39400 110.23200 111.72900 105.78200 90.43400 96.96220 95.23120 89.12260 83.92230 89.80140 101.30800 107.40400 107.70300 107.54600 106.87300 111.24800 106.80700 104.85200 118.68900 106.50300 105.04400 99.52210 98.49150 101.25400 108.47800 97.57290 92.78020 88.00190 93.07020 90.26620 92.13190 102.23000 104.09900 98.06740 108.85600 105.26000 108.20500 97.41960 99.08450 100.85000 99.85080 111.62400 110.33100 114.04400 112.13900 114.24600 115.89700 114.35700 114.83300 114.21200 112.74100 110.20000 112.93300 114.28200 121.06200 119.13900 115.90000 118.70400 117.81500 119.50000 114.11800 104.44500 105.79100 95.96560 98.37570 98.38090 100.92300
109.47100 115.45200 109.83100 113.84500 110.61200 109.96800 113.58300 99.47260 93.37210 91.15640 106.86500 94.39990 98.95720 99.95860 104.94900 107.48300 108.91400 103.93200 93.91400 102.88000 110.91000 107.80600 108.64900 106.55300 100.49800 99.72590 93.97340 101.09600 97.29230 91.98200 92.81780 90.82010 93.14210 96.62500 99.11720 100.63900 86.60400 101.66200 108.95800 109.89600 117.24900 107.55500 100.31200 110.36500 109.46000 115.49900 115.28400 103.75600 83.55860 94.99410 103.03900 107.39600 109.25700 88.59400 111.23100 115.72700 118.73100 117.15000 115.53700 120.14300 115.49300 117.66200 110.95400 98.98200 101.36100 103.07800 102.51000 102.60600 102.67300 102.76700
109.18700 108.66100 110.02000 112.22200 114.46000 116.55800 115.62600 118.24400 102.37800 108.31300 109.99200 108.29100 104.95300 105.13000 99.85110 109.32300 116.73600 113.31200 106.20600 105.14800 109.87600 98.33780 108.82900 115.16000 111.13600 101.22500 84.26130 108.06000 102.97300 96.64980 99.04650 97.08410 94.26640 99.88430 103.03800 98.14820 102.31900 107.22800 117.10000 121.67700 122.29700 121.59100 112.97000 117.19500 114.38300 106.22800 104.88700 87.30090 87.46180 107.09100 104.69200 -9999 -9999 93.79840 110.31700 118.18200 120.27800 121.54900 118.07400 99.75180 101.04400 102.44500 102.80500 103.54000 103.36000 102.81600 103.92600 104.17000 104.83900 104.92600
112.74000 116.42400 113.66400 114.50500 120.69000 112.96300 123.23800 123.22500 117.94300 113.23800 120.69200 119.30500 116.03800 110.80400 107.33000 113.61500 118.14500 109.97200 106.80100 99.62970 107.16800 96.40590 108.13200 104.27600 112.01400 103.74900 103.79700 108.78300 103.03400 84.55480 104.04300 105.88900 97.87320 101.62600 105.41800 105.37200 112.83500 116.75800 115.06200 111.60000 -9999 -9999 -9999 -9999 110.05000 -9999 92.21720 109.20600 111.91600 113.00200 104.38200 -9999 -9999 102.30500 119.14100 119.73700 110.55000 98.69380 98.70140 100.17600 101.38000 100.36900 101.55200 102.00200 100.72300 103.32200 111.30500 106.08600 105.22400 103.43700
