data/hydroclimate-scenarios/BCSD_hadcm_B1/monthly_summaries/soilm2_monthly_day1_aug.2070-2099.asc
ncols	311
nrows	91
xllcenter	102.75
yllcenter	31.75
cellsize	0.5
NODATA_value	-9999
[rows 31 to 61 of 91, columns 0 to 70 of 311]
-9999 -9999 -9999 -9999 -9999 -9999 -9999 -9999 -9999 -9999 -9999 71.41060 73.27380 74.36150 73.65440 78.23040 76.27270 77.38080 77.75840 77.23820 74.08150 77.61030 75.44550 74.05840 74.06280 75.61670 76.30560 76.70560 75.28540 74.66540 74.89270 74.59670 73.57720 74.83750 74.96530 74.47730 74.46350 74.06390 77.64810 79.30790 80.97870 80.51890 109.36100 109.80900 109.50600 111.74400 111.55200 107.82700 90.64520 90.60260 91.31330 90.95660 90.74410 90.59130 89.99060 107.99100 108.12400 109.27300 109.55200 108.58600 107.92200 108.60800 108.54600 108.10100 108.34100 112.55800 109.71000 111.54800 116.42100 122.48200 112.77100
-9999 -9999 -9999 -9999 -9999 -9999 -9999 -9999 -9999 -9999 -9999 70.43880 71.02860 72.12900 71.12630 72.10860 73.43030 75.84080 73.74990 72.17630 76.20480 74.96510 74.86940 73.81480 107.82500 108.34900 108.80300 110.33900 110.26600 75.22450 75.98150 75.54740 75.12250 77.11360 77.77740 73.84420 73.72320 74.43570 91.08830 90.81580 91.41240 90.94860 91.38080 91.78420 92.17680 92.11590 92.52000 93.62940 94.02250 93.08010 92.85820 92.58720 92.03670 109.21800 109.13100 109.29700 109.40200 109.46800 109.07500 91.63800 91.36460 91.23120 107.91800 110.98300 111.48000 107.83600 108.84700 110.40400 113.62200 118.75900 103.54600
-9999 -9999 -9999 -9999 -9999 -9999 -9999 -9999 -9999 -9999 -9999 70.39840 70.78140 70.90380 72.47040 72.72280 73.40720 73.58750 73.61500 74.20640 74.93830 74.98970 108.71900 107.79800 108.46000 75.67680 76.57310 77.54520 75.38680 108.86600 109.32400 76.32000 76.64170 75.60120 93.30200 90.90970 108.89500 91.69270 109.37700 110.49500 92.85470 110.63000 93.63580 93.57070 94.45570 95.12490 95.73590 95.36190 95.43990 93.99510 93.47650 92.66900 92.28380 108.51500 90.65500 91.55970 91.95220 92.98810 92.35170 92.28180 91.97920 111.81000 110.71800 90.15110 111.84400 108.58200 109.42100 111.30400 113.02400 117.12300 102.86600
-9999 -9999 -9999 -9999 -9999 -9999 -9999 -9999 -9999 -9999 -9999 -9999 70.34850 70.63950 70.77890 70.98300 71.52060 72.31490 72.55030 71.68610 107.94000 72.87080 74.79090 77.41200 78.03250 81.83120 80.39060 82.21150 78.13200 75.57870 109.25000 110.26700 110.27000 110.85800 110.92300 109.71400 110.10000 91.85440 108.87700 110.23000 110.36600 110.03100 110.33900 94.27960 94.94000 96.06520 95.07660 93.88790 93.66870 93.73410 92.25860 92.27320 92.18540 91.29060 91.92210 94.17410 94.55220 109.06900 110.44800 111.06000 110.66100 108.43400 108.68400 108.36200 108.51600 112.44300 109.78000 112.02800 118.14300 124.15300 104.74700
-9999 -9999 -9999 -9999 -9999 -9999 -9999 -9999 -9999 -9999 -9999 -9999 70.53800 70.90320 70.52460 70.99920 70.85890 107.61600 107.64800 71.10920 71.95200 77.95890 79.97520 83.68940 89.25400 82.99100 81.71440 88.19320 80.78790 78.33810 77.91430 111.38000 110.56500 109.99700 111.39900 75.50130 75.57210 74.72140 74.56680 80.35590 111.11100 83.42780 84.75400 97.03040 84.45320 85.40970 84.38310 83.24580 82.31020 85.44440 84.27590 79.41090 78.01540 91.29060 91.05920 108.11900 110.86800 108.69800 76.52100 109.00000 108.52300 79.16240 79.90890 93.56680 110.03300 108.69000 110.07700 112.11400 117.11000 121.16000 126.33000
-9999 -9999 -9999 -9999 -9999 -9999 -9999 -9999 -9999 -9999 -9999 -9999 70.85460 70.13510 107.30300 107.36000 107.43700 71.38170 71.95400 73.26570 75.36470 80.54720 81.23040 85.89240 86.00460 88.36060 83.55920 78.35280 78.89440 76.49980 75.67240 108.41900 75.34200 77.98470 75.49390 74.00470 74.65190 76.14930 75.62420 78.42130 83.77390 91.00730 89.95180 88.90710 89.53780 91.54930 93.68900 98.17420 96.08490 88.64670 84.83300 82.88480 78.40830 76.44840 73.88030 74.93790 75.52880 76.80180 77.12390 109.26400 76.98580 81.18320 80.76120 77.87230 108.91000 109.45300 111.37900 114.11400 122.43000 122.35100 125.55200
-9999 -9999 -9999 74.57820 74.12900 73.43870 72.69270 72.61860 73.19390 -9999 72.71890 108.20100 107.90100 70.59560 70.54520 70.78820 71.33040 71.80600 74.13580 76.78850 76.10140 79.04260 81.27350 80.76640 79.97430 81.11840 78.55570 81.79930 80.91230 87.73160 79.84960 74.44940 75.71580 81.92660 77.58610 56.32140 76.46830 79.23670 79.87440 80.14190 82.70440 89.09430 89.13920 90.01790 94.60050 97.85630 105.69100 96.42260 97.18850 94.62120 90.63260 86.88930 87.38170 92.00100 85.12600 96.47560 98.54910 83.12400 85.37710 78.86480 108.71500 82.52140 82.36500 86.16290 85.64790 85.28470 91.44470 102.23100 109.33100 115.16300 124.82800
-9999 -9999 -9999 74.98320 74.87280 74.52240 74.33330 74.00310 73.39660 108.06000 108.45100 108.54200 72.76700 71.72300 72.79430 74.70930 74.63230 74.59470 75.62540 76.10910 76.75300 80.13680 77.70640 77.93190 80.24800 78.70720 79.56190 79.37120 83.24800 87.99290 61.48480 80.87850 82.04580 81.46660 80.14080 81.04830 80.66890 91.11230 82.30510 89.97250 91.95210 90.58790 93.14110 97.57130 99.24730 107.90400 113.33100 99.46390 100.72800 100.19300 101.85000 102.30700 103.01900 100.30400 90.33890 94.96430 88.36630 86.69560 90.68800 86.18760 86.56490 93.86190 95.55750 90.12850 96.36390 90.30240 94.27260 97.41980 108.44800 115.79900 122.45600
-9999 -9999 -9999 73.85330 74.73130 74.66540 110.09900 109.81700 109.26700 108.58700 108.70000 109.09000 74.50340 77.20000 80.38170 75.51230 77.28410 76.10690 75.00330 76.19420 78.28260 80.98050 60.08040 82.00430 87.43940 82.85050 82.80900 81.89840 81.83750 91.71690 102.02900 99.02340 85.80320 80.93500 84.09900 84.79970 83.71810 84.45520 81.90290 87.27350 89.99130 92.56580 97.68970 101.89500 99.09790 104.01000 106.66500 101.80600 102.53200 115.14000 119.32400 104.33200 104.42400 99.27230 91.99120 90.42620 86.47870 84.38790 90.09140 91.21110 84.99430 87.76470 88.98980 96.78280 98.88280 100.85600 104.26500 110.82500 116.09700 126.81400 136.39000
-9999 -9999 -9999 74.45520 73.13580 75.44340 109.50900 110.19100 109.30100 109.34000 109.41400 72.85920 78.36080 77.45560 77.30830 74.97780 78.90500 87.54920 85.18440 78.52920 82.67820 85.80670 97.46490 100.33300 88.52650 84.26750 81.47320 81.36510 95.90310 103.18000 97.33970 79.20040 86.32360 96.42620 98.17170 92.54130 83.84780 79.82650 84.87010 84.65280 87.20780 99.80870 109.88400 109.09000 101.30500 111.59000 115.32200 103.76000 113.26600 110.03900 116.61500 103.99100 99.93580 100.95700 96.64380 88.45690 84.71400 87.06950 91.66440 91.76460 94.84480 95.13220 94.11720 98.52960 101.24300 100.47000 112.66100 120.54500 134.72000 137.75700 137.40199
-9999 -9999 -9999 73.55430 72.74190 75.85560 110.40800 110.20500 110.42200 110.19800 109.24700 109.52600 77.70820 80.18790 91.45350 90.24120 89.81170 84.47740 79.56580 75.69940 80.59670 88.09790 105.35200 82.90350 81.40850 80.10550 76.44000 75.66830 83.49110 93.63920 92.55110 88.99160 92.32780 89.02300 89.54350 90.44170 89.14120 84.34960 83.78900 87.82710 95.49420 104.87000 110.61700 111.76600 111.00400 110.94000 111.02600 107.79500 107.94700 113.67300 112.68200 95.17950 96.54200 103.27600 92.42180 99.13650 88.20770 86.30480 92.74270 107.79900 108.56900 104.23300 106.91800 112.20000 109.96400 101.24300 112.92600 122.96500 134.88901 132.64600 131.44701
-9999 -9999 -9999 -9999 110.40100 110.78300 110.44900 113.17300 111.49900 109.95600 109.30300 75.58740 85.79020 77.79890 -9999 -9999 -9999 -9999 -9999 92.22860 101.35500 94.08680 99.88490 98.22770 88.69080 82.36430 76.85360 78.46460 82.77480 79.66100 81.19720 82.44610 85.14280 85.51860 82.30300 78.15530 80.72400 78.16830 81.57380 84.60740 84.23960 92.40440 102.03800 112.70900 113.97300 110.99700 111.77600 118.84900 113.72100 108.59400 104.47300 106.16600 99.33830 108.82300 108.34100 110.87300 110.96000 111.52500 104.77300 104.78700 115.19200 120.35500 118.83500 117.16300 116.77100 118.43400 120.75100 118.08200 116.52900 -9999 -9999
-9999 -9999 80.37960 111.45000 111.90100 110.60200 110.76300 114.56500 111.42500 110.84200 109.97400 76.42700 88.19550 -9999 -9999 -9999 -9999 -9999 110.82000 95.91160 98.26440 80.14520 78.98820 85.02020 92.27290 92.88320 80.20960 76.66150 78.18200 78.60220 79.71180 78.02880 78.78010 84.72240 84.84980 79.97980 80.44010 78.20830 80.50580 81.11200 85.15440 90.61460 97.01100 100.17100 98.98010 100.06200 103.41700 103.56700 101.08700 95.77390 96.27070 101.25700 113.78000 102.70100 106.60200 92.75210 96.82470 103.08800 105.46300 98.86180 102.49900 103.05100 107.25800 110.75900 111.94900 112.38700 111.69800 -9999 -9999 -9999 -9999
-9999 -9999 115.47300 115.72400 113.45900 112.25300 111.83000 114.28600 111.65500 111.43700 77.90430 79.66620 79.22070 -9999 -9999 -9999 -9999 79.33750 93.14590 80.28610 80.65600 77.40800 78.27650 83.45420 80.77180 74.93090 75.57150 75.50890 77.36280 76.40220 75.67550 77.88750 76.57120 80.14330 82.71690 82.10110 80.51000 77.64560 81.27760 87.16580 89.09850 95.54350 99.30180 98.67430 103.75800 102.10700 102.83600 104.50200 98.85750 100.36700 110.49900 106.94900 105.34300 98.87950 96.29880 83.65850 86.73320 98.15940 106.83100 101.84900 101.66100 109.35600 106.25600 103.34400 101.05400 -9999 -9999 -9999 -9999 -9999 104.76200
-9999 -9999 116.25500 118.93500 117.62700 115.52800 113.75200 112.07000 111.81300 112.60800 79.41910 81.18990 73.38720 -9999 -9999 -9999 -9999 88.24960 83.56330 80.14310 80.41250 78.40140 79.78530 76.78140 77.72390 76.37210 75.78910 76.97130 77.66440 75.81990 77.20200 75.76190 77.24770 81.62240 82.11540 84.69570 86.68210 85.16620 85.89240 82.24480 88.02940 86.21660 89.59910 101.52300 103.11400 106.43600 108.27100 110.68600 108.02200 108.30000 103.93000 98.08350 94.82180 92.85330 95.51680 85.90980 83.52710 94.21380 97.51170 97.55600 93.00520 93.53390 94.42310 98.59690 105.85000 113.98700 106.23800 108.48100 102.73300 -9999 -9999
-9999 -9999 -9999 120.78700 119.45700 116.47200 113.15300 112.31600 82.09530 83.61670 79.95970 73.88140 -9999 -9999 -9999 -9999 83.73980 84.20460 77.85090 76.55750 77.04540 75.47280 76.67630 76.33820 76.45400 76.45940 77.44730 78.23620 78.85330 79.62610 77.86970 78.93230 78.86490 81.77740 84.92940 83.53410 79.98300 81.60980 80.43860 78.10200 82.54650 84.24720 125.62800 125.31200 124.69500 130.26900 106.96400 100.88300 103.49600 105.24100 109.20700 116.06000 113.38600 113.23100 118.69200 112.82200 110.13900 108.59500 109.56300 102.90500 100.61900 101.05800 110.84200 123.75800 122.45000 113.01900 107.07300 100.32300 94.93610 109.72100 -9999
-9999 -9999 -9999 -9999 119.75200 115.10400 113.04300 86.14210 86.69360 78.07190 76.57410 -9999 -9999 -9999 -9999 83.97750 81.36610 77.61610 110.89900 78.86380 76.74630 76.74910 76.82630 78.34530 76.63100 77.92440 79.28340 80.27620 81.87810 79.32750 79.78380 79.30250 79.37840 81.07730 86.68150 83.22830 83.41680 84.81740 83.49420 80.17910 81.19510 85.00370 87.71520 89.44160 93.11880 126.06100 126.34600 128.75999 127.24200 108.36800 98.42320 105.37500 109.82300 110.19300 107.56700 102.99200 108.54000 114.18000 118.52200 102.27000 111.29400 114.70500 114.24200 114.93500 118.52600 118.17800 102.73100 93.64090 95.99350 94.96840 94.39380
-9999 -9999 -9999 -9999 -9999 -9999 90.41330 117.97300 76.24040 78.99230 76.83400 -9999 -9999 -9999 -9999 -9999 78.61830 78.11980 77.25830 79.00010 78.15510 74.10960 75.81180 77.71690 78.38630 78.84720 78.20060 128.27699 128.57201 127.23400 79.54570 80.10840 78.36920 84.34020 84.74120 84.05640 84.45840 85.74930 82.27180 84.00980 84.44040 89.48200 91.91710 90.10680 121.88300 124.76500 125.44800 127.41300 128.42500 127.10200 128.20500 130.52600 123.81200 126.56400 127.45300 122.12500 105.71500 114.50600 122.22200 108.22400 110.48900 113.81700 121.12900 120.77500 118.10600 116.72400 106.95900 91.98340 89.90890 93.16680 97.02810
-9999 -9999 -9999 -9999 -9999 -9999 -9999 -9999 -9999 -9999 -9999 -9999 -9999 -9999 -9999 -9999 -9999 -9999 -9999 77.50010 76.91940 72.50470 76.21720 77.16460 77.98740 78.21030 110.99600 108.51700 108.38100 75.90590 79.51780 78.25120 79.14420 81.76310 85.19940 85.09710 83.15330 86.46650 86.24180 89.50450 93.18850 95.86780 94.84250 95.88510 96.46210 98.00210 92.84970 125.39900 125.57000 125.25400 126.29300 129.29401 133.11099 133.09900 104.28300 99.65960 100.68700 103.85300 106.35600 107.83700 120.24600 122.63000 117.62300 119.31300 117.17800 113.50100 101.70400 90.21350 88.90730 101.49800 101.35500
-9999 -9999 -9999 -9999 -9999 -9999 -9999 -9999 -9999 -9999 -9999 -9999 -9999 -9999 -9999 -9999 -9999 -9999 80.14890 76.69420 75.22230 74.26390 75.93950 79.11750 76.60960 74.14700 109.35100 109.65800 76.56800 77.62310 78.94230 80.98700 83.02360 85.87770 86.02280 114.77300 85.66410 83.15460 85.61120 89.89270 93.16710 97.74990 97.78520 99.04670 100.19000 127.84900 96.41940 412.70901 574.29797 605.98602 612.02698 132.65900 131.81700 131.58200 132.99200 130.27699 105.06000 104.95900 112.08700 111.84500 118.01400 118.33100 117.41900 117.88700 129.74899 114.50400 100.28400 94.82020 118.77700 95.84810 98.46420
-9999 -9999 -9999 -9999 -9999 -9999 -9999 -9999 -9999 -9999 -9999 -9999 -9999 -9999 -9999 -9999 -9999 81.74200 80.51340 76.06310 76.89320 75.11730 73.04350 74.91970 73.17120 72.46950 110.64100 108.10100 109.90000 110.05500 110.65800 110.97600 80.70520 112.71500 116.60900 118.91900 119.49600 85.48330 85.82510 91.80760 93.76320 124.17300 99.17390 124.20600 95.02060 92.70350 125.17200 589.29901 577.53198 598.24902 601.81897 132.11700 126.28000 128.49600 130.89400 129.63100 106.31500 105.85000 107.82800 111.02300 111.38400 117.96300 124.41700 126.23400 108.84900 107.96100 105.83900 95.67180 120.72300 123.12900 123.98300
-9999 -9999 -9999 -9999 -9999 -9999 -9999 -9999 -9999 -9999 -9999 -9999 -9999 -9999 -9999 -9999 -9999 81.35450 80.72100 79.18950 76.87370 110.61500 108.55100 72.49570 72.02310 75.81060 73.51520 72.43470 71.64900 108.90500 111.17400 111.36400 112.26600 110.87500 113.84800 117.40300 120.95600 83.32100 87.98820 92.43790 93.54790 91.10850 121.45300 86.87380 118.17200 117.69100 116.48600 422.30301 427.29501 581.17297 605.98199 126.41700 128.65601 132.17000 133.15500 130.41299 127.89800 110.04900 105.30400 112.38800 113.28200 115.74000 115.26700 111.79900 115.91000 112.84900 108.50700 111.80000 123.00500 124.82800 121.49800
-9999 -9999 -9999 -9999 -9999 -9999 -9999 -9999 -9999 -9999 -9999 -9999 -9999 -9999 -9999 -9999 81.75730 82.94180 82.80690 76.82240 108.24700 71.20260 73.03310 74.36420 73.71130 74.16930 73.91030 73.42750 73.12620 72.21430 72.02480 71.76250 108.11900 110.17200 111.08800 113.03000 112.77300 115.10000 84.88440 86.85580 88.43200 90.45510 124.62500 116.85900 84.37830 115.56100 117.03300 432.03400 427.89301 581.20001 606.50598 126.05300 128.38800 130.63800 130.37399 129.13200 132.81300 128.58701 114.13500 112.08100 110.78800 115.04600 120.83400 137.25700 137.41400 140.33299 134.10300 131.44701 127.29700 126.49500 125.29800
-9999 -9999 -9999 -9999 -9999 -9999 -9999 -9999 -9999 -9999 -9999 -9999 -9999 85.06150 82.57110 80.14040 79.46850 81.97560 111.90900 108.32200 73.57340 74.69640 73.91230 73.42440 73.32410 72.73510 72.82190 363.32001 363.02499 363.31400 543.33398 544.09998 355.15799 354.92401 544.23102 547.45502 555.93201 549.11401 394.56601 396.50500 395.17300 561.87097 558.29901 388.23099 569.50800 571.68201 579.83002 587.09497 591.22498 598.44598 605.87000 613.22400 607.06702 605.70300 620.46600 622.42902 627.67603 619.18701 565.92902 576.06299 604.09003 677.42902 704.49298 734.27399 715.29303 710.31299 698.97998 132.64799 131.53200 131.68800 130.57001
-9999 -9999 -9999 -9999 -9999 -9999 -9999 -9999 -9999 -9999 -9999 -9999 78.71390 81.02200 111.19300 110.77300 110.78800 74.48940 73.76940 72.72520 72.68330 70.46910 70.33940 72.41160 70.71890 70.16730 70.29180 361.45499 539.34698 542.37701 537.59100 539.73102 541.47900 536.43597 544.78699 544.48297 362.70901 369.18701 388.01700 388.73700 388.17099 384.96399 561.95502 565.95398 566.28497 573.63501 581.61700 583.90302 589.32599 593.61700 594.41998 463.60001 602.29102 467.40100 589.68402 594.17603 613.44397 585.37701 591.31000 658.55902 664.57300 678.88898 686.97900 707.95300 718.07599 723.28198 731.89301 132.26801 134.40601 117.10500 110.47800
-9999 -9999 -9999 -9999 -9999 -9999 -9999 -9999 -9999 -9999 -9999 112.96800 77.10950 109.99200 74.19590 72.77220 72.15720 70.34400 70.47040 70.73150 70.29510 69.85560 69.80130 70.06800 70.03080 70.33860 109.06800 535.71899 539.04401 539.96198 536.55902 359.23401 359.69800 361.92999 352.91400 542.15503 369.05801 377.25900 382.28000 384.42300 380.80801 559.65399 555.84998 559.46002 562.75800 565.51202 569.59698 574.88202 580.80298 587.87701 599.96198 493.34201 487.29599 608.22498 510.24799 496.74899 604.64001 519.42798 535.11603 612.82501 632.95898 637.53998 636.99103 650.37500 686.12402 695.65900 683.58398 135.23199 116.12100 117.09000 111.10200
-9999 -9999 -9999 -9999 -9999 -9999 -9999 -9999 -9999 -9999 76.03510 76.15300 74.41410 73.52360 72.73680 70.31870 70.08860 69.86360 69.92280 70.20880 69.85200 69.50370 69.44860 69.74850 69.68630 69.93240 70.01050 539.87402 538.21997 348.92899 349.06299 360.08099 359.25800 540.91400 542.04401 540.17603 373.01300 380.01700 390.36099 382.31400 558.69202 552.45099 551.36798 557.09100 560.65997 566.94897 569.51703 573.82202 579.41498 589.28198 599.25299 501.71500 610.86298 497.49600 490.63800 477.28101 607.10699 622.50098 607.57001 612.58398 619.25897 630.56897 633.24298 656.89600 668.72400 682.90997 713.26398 133.28200 118.67100 116.68300 116.09600
-9999 -9999 -9999 -9999 -9999 -9999 -9999 -9999 -9999 142.40100 141.98900 142.75101 143.63699 142.83299 142.24699 140.71001 140.30200 139.66901 139.22900 139.46201 139.34300 139.22099 139.31100 139.15100 138.94200 139.72900 139.88300 139.21500 139.04601 139.07001 139.19000 349.68201 360.09000 362.81000 545.88800 548.63501 392.42499 388.82199 384.22699 552.55499 551.44202 549.87402 551.58099 722.83002 554.63300 732.78101 566.39099 575.09003 585.00702 587.56097 598.72198 614.80902 497.87201 638.00702 558.02301 595.51099 595.48999 593.96002 593.95099 608.76703 619.36798 642.60303 630.79797 645.10199 626.01898 635.67902 658.53101 251.21300 238.34300 235.17500 233.99100
-9999 -9999 -9999 -9999 -9999 -9999 -9999 -9999 -9999 -9999 140.89500 140.91600 141.25400 140.24899 139.26500 139.35100 139.28400 139.09200 138.99800 139.54601 139.46700 139.03700 139.27200 -9999 -9999 -9999 -9999 -9999 -9999 143.48100 143.69099 359.37201 360.01999 362.33499 361.08401 548.94800 559.75702 383.22501 379.60599 548.34100 550.73499 551.64697 559.00500 726.68799 724.96802 730.30298 733.33197 572.48401 587.15997 589.88702 594.54901 453.92801 484.78101 535.13000 635.71198 590.94397 587.42401 590.49799 588.90503 601.03003 620.51703 609.05402 539.84601 618.64600 650.62402 651.61401 650.71698 245.28600 255.86099 260.29501 248.27000
-9999 -9999 -9999 -9999 -9999 -9999 -9999 -9999 -9999 -9999 -9999 -9999 140.03101 139.33299 139.20599 138.63200 138.63901 139.72301 139.75101 -9999 -9999 -9999 -9999 -9999 -9999 -9999 -9999 -9999 -9999 -9999 -9999 -9999 -9999 361.01801 538.02802 545.96002 556.90100 549.97400 368.91800 372.32800 551.48700 552.98199 557.19299 560.28699 564.35400 729.76300 735.87402 568.13098 576.74597 580.37701 587.60797 612.45203 616.13898 609.75800 605.51898 585.86102 588.74500 570.86102 418.46100 592.09003 615.59998 596.38300 622.88898 612.89801 632.58099 646.99500 611.09802 227.17799 240.98599 254.57600 289.29501
-9999 -9999 -9999 -9999 -9999 -9999 -9999 -9999 -9999 -9999 -9999 -9999 -9999 -9999 -9999 -9999 -9999 -9999 -9999 -9999 -9999 -9999 -9999 -9999 -9999 -9999 -9999 -9999 -9999 -9999 -9999 -9999 -9999 -9999 541.87402 548.44397 548.60303 550.84900 363.37601 549.23798 548.53003 554.55103 721.90100 564.88300 731.48499 734.53400 592.44897 565.33502 575.65100 576.05603 584.73401 607.70502 611.11700 609.52301 606.10400 586.14697 568.17798 591.84399 571.92297 579.26202 594.30298 610.25598 600.04199 615.34802 616.24402 603.22498 646.20300 237.85001 253.30200 270.04300 283.03000
