data/hydroclimate-scenarios/BCSD_hadcm_B1/monthly_summaries/soilm1_monthly_day1_jun.2030-2059.asc
ncols	311
nrows	91
xllcenter	102.75
yllcenter	31.75
cellsize	0.5
NODATA_value	-9999
[rows 32 to 63 of 91, columns 0 to 70 of 311]
-9999 -9999 -9999 -9999 -9999 -9999 -9999 -9999 -9999 -9999 -9999 84.05190 84.42430 85.21800 85.80290 87.13870 86.93530 85.11430 87.59210 90.36260 90.87890 91.18160 87.91120 86.73570 81.99420 80.38330 80.93180 79.71880 80.44570 82.46440 82.82190 82.46730 84.03970 83.16950 83.69880 79.51470 79.79520 78.39360 76.54690 77.02960 75.90820 73.24810 75.70300 76.55660 75.22960 77.16790 76.88040 76.83340 76.56520 74.11540 72.87160 74.00130 72.99620 76.14460 73.85260 72.43230 73.49200 71.22580 68.53590 68.48090 68.85230 68.22800 64.35720 73.01910 72.65910 61.70480 67.53650 75.08540 82.06280 86.18650 84.45400
-9999 -9999 -9999 -9999 -9999 -9999 -9999 -9999 -9999 -9999 -9999 85.41260 86.46220 84.84220 84.22290 84.78840 85.38560 86.32220 86.07270 89.30080 89.45700 89.10070 85.86140 83.12880 83.42060 83.40550 81.16860 79.18560 75.09040 69.81870 72.83550 80.68030 81.37790 76.09430 74.40550 64.68880 72.29170 75.41640 73.99280 77.85680 76.70100 78.32100 77.34420 78.60180 81.18050 80.96600 80.88310 78.48670 77.47060 73.28570 71.90990 71.54510 69.96810 68.96010 67.18270 71.69170 71.22930 67.91910 70.20110 71.24060 69.96710 73.37660 70.00850 65.08610 75.89780 68.23040 69.03670 72.60120 75.95470 82.42870 80.15260
-9999 -9999 -9999 -9999 -9999 -9999 -9999 -9999 -9999 -9999 -9999 -9999 83.28550 81.55380 80.20300 81.09600 84.18660 84.80760 84.21940 85.05310 83.26020 81.96230 80.64140 85.34700 83.35270 84.78550 82.16720 83.52920 76.23800 74.89120 74.42370 70.55610 71.72770 73.85380 72.34400 72.97700 75.30620 78.35510 75.37950 73.35710 75.18110 76.12740 77.22820 76.37020 77.71640 81.25000 78.96450 77.15580 75.52270 76.54530 72.37150 70.98330 70.92800 66.47590 62.99930 60.38240 58.94440 59.99380 72.00080 71.93890 70.56100 59.99670 60.94570 64.20270 64.28060 73.92710 69.63650 72.78650 80.89090 87.94430 80.27030
-9999 -9999 -9999 -9999 -9999 -9999 -9999 -9999 -9999 -9999 -9999 -9999 80.45370 78.44190 81.88070 82.06370 81.23100 78.94410 79.44130 81.16880 81.19080 87.98140 88.10010 85.99210 86.74170 79.67420 75.63370 83.10280 74.60560 73.98280 77.15960 73.99230 70.95720 66.98070 71.49410 72.63920 70.58500 74.75840 77.68940 74.29710 74.27960 77.46720 77.08900 80.14270 80.21380 81.01000 80.75530 78.05130 73.31190 78.52880 76.17820 68.14040 67.26890 63.85780 60.53520 58.25080 69.21400 55.96890 62.92090 65.65330 61.97990 70.00050 72.14120 73.53310 71.22110 66.10970 71.68070 70.58340 75.67950 82.18740 85.83460
-9999 -9999 -9999 -9999 -9999 -9999 -9999 -9999 -9999 -9999 -9999 -9999 82.74350 78.58970 77.14080 76.93750 76.97860 78.52770 76.98540 79.95890 83.02760 87.10730 84.99190 84.33440 82.41120 83.69390 81.12710 74.69220 77.06350 69.81620 67.34050 65.96940 71.95010 72.38050 68.98550 67.78280 69.49690 73.84600 72.43430 74.78400 78.29490 80.08910 77.34530 82.27290 82.24790 81.16110 82.73580 84.11500 82.22760 73.79200 70.87760 70.69920 64.94130 62.31060 61.28960 61.78410 59.23490 63.05570 66.29380 68.60560 67.75700 70.41250 68.52670 65.36060 67.59880 71.23410 74.47180 74.52800 80.15340 84.22060 84.99680
-9999 -9999 -9999 71.13920 74.49830 73.96860 71.58090 72.63990 73.53900 -9999 80.09850 80.90990 77.88770 73.31420 73.99240 75.55140 75.55610 73.57050 77.98800 79.20450 81.30300 81.73880 80.15960 80.99440 77.56480 79.93330 77.13820 77.71260 73.96550 72.65130 73.70860 66.54120 64.11530 64.32350 63.56470 55.82230 64.91300 71.11300 74.45220 73.36770 74.74250 77.39620 76.82740 79.04650 80.26100 81.74920 87.03060 75.83560 76.66390 75.12260 71.63870 67.86450 68.17940 73.66980 69.90340 74.23650 75.00690 62.49610 66.79060 63.49500 65.81760 69.69740 67.45450 73.44070 69.28440 72.22340 77.43330 80.54630 84.66930 87.98480 88.99290
-9999 -9999 -9999 71.27410 71.40930 74.38490 73.21820 73.41380 71.48570 72.21440 75.69590 72.29320 77.50710 67.47880 70.26510 72.42100 70.25390 76.74300 77.91170 77.22870 75.05530 80.98980 77.28000 78.33450 76.01980 73.70210 74.23190 71.29930 74.37260 71.40960 60.74950 68.64380 71.89150 68.46590 62.80670 65.01770 66.68680 72.09980 68.43910 73.90380 74.35530 71.39190 75.21650 79.29800 77.79290 81.05620 81.63840 74.27020 76.20140 72.82060 73.59310 73.80560 76.52110 76.31990 68.88420 72.34420 67.19650 65.79400 70.91880 68.98640 68.20230 70.53860 71.21910 73.63100 78.86120 73.34440 76.56500 75.49880 80.90180 83.98750 87.42170
-9999 -9999 -9999 65.54190 72.09450 70.71630 74.87510 71.70660 70.50860 72.35460 73.94350 74.21800 73.93520 68.51180 70.53450 68.40990 74.65150 70.15190 69.82100 69.51800 71.26200 73.69630 63.58860 68.40530 75.06890 72.90650 75.67240 74.13670 68.06560 73.32980 80.54400 80.56440 72.26500 65.73850 66.82070 66.21750 68.43120 66.30480 63.29860 62.69570 66.21900 69.38430 73.68280 77.98930 74.93820 77.59450 78.22220 72.91900 71.89600 80.00620 81.64200 71.45730 72.14380 71.44860 68.51190 69.58590 67.64810 67.19740 70.47080 71.59800 66.45950 65.53750 69.96660 76.39020 77.37770 79.13400 80.36300 79.91530 83.94080 89.85340 95.47640
-9999 -9999 -9999 68.35490 66.85850 72.31080 68.22350 74.92040 69.78640 68.07930 70.79940 68.65840 65.91680 68.22970 70.44470 61.71060 67.75420 79.32710 79.50120 70.55850 65.62480 67.39010 75.89650 82.73620 77.38610 69.19700 66.81180 66.40730 73.51590 75.57730 73.40750 64.88080 68.39030 76.01580 78.64760 74.26970 68.20840 62.35740 66.60360 65.08710 64.81410 71.42560 76.89580 78.19480 71.50850 80.05210 82.57400 75.04700 79.57140 75.93170 79.74000 74.31560 74.34200 72.20250 72.51420 68.95960 66.75800 67.28160 68.92690 67.62490 69.39870 71.63390 72.19950 78.39630 80.65000 81.56210 86.94870 87.90820 95.83250 100.47500 93.25540
-9999 -9999 -9999 62.32760 65.68220 70.96820 70.77390 72.93570 72.43470 70.40360 69.50950 66.19680 64.14230 66.34240 82.65890 78.26090 70.62750 68.60270 67.31570 61.44740 63.73990 70.25760 81.31780 68.40320 63.14370 62.55290 64.57310 64.73750 68.52040 76.01190 73.35780 70.96160 72.48560 71.22050 70.06490 65.42590 65.75170 62.98110 62.53940 63.58640 64.89520 70.01990 73.34070 72.69660 71.87330 74.39130 74.18820 72.99400 72.55040 75.57180 75.01320 66.66640 67.99260 72.87750 66.51330 72.47800 66.31220 63.37610 67.67160 76.44630 73.64880 73.96800 74.67370 79.46490 79.94700 78.93320 84.08910 90.01860 97.31390 91.10100 86.07460
-9999 -9999 -9999 -9999 67.91550 71.90310 72.29140 77.34610 73.37890 68.60550 70.91860 69.35850 68.89130 62.47820 -9999 -9999 -9999 -9999 -9999 74.90460 81.37290 80.65170 82.34670 76.89930 70.71880 67.77300 63.10800 65.34050 69.90730 68.43030 69.43520 67.02300 69.15770 61.66340 57.34190 59.11340 60.33310 55.76580 59.79070 59.07770 57.31140 58.99440 65.09650 70.28410 68.34910 68.33590 67.62120 69.46470 70.93250 76.38900 70.15950 71.01500 67.70020 73.52190 73.34720 75.74080 77.04030 78.11010 73.44820 73.36730 78.88500 80.70010 83.22180 80.96430 82.49980 84.84520 83.34780 81.85170 83.73270 -9999 -9999
-9999 -9999 69.70390 66.94110 70.76670 70.19990 70.71350 77.92160 71.78620 69.73050 71.30340 67.84600 71.39900 -9999 -9999 -9999 -9999 -9999 84.13310 82.63620 80.15960 67.24720 66.28650 70.58890 77.55210 90.88560 74.19030 64.61120 65.67720 66.23520 62.83730 64.48380 63.62590 63.42740 63.39070 61.45030 61.02180 56.16760 57.62730 56.49640 58.65090 59.71670 62.64230 60.86860 59.12580 63.30250 65.78060 62.43350 63.25130 75.60890 76.64890 79.03500 90.46290 79.01160 78.02260 67.73700 70.18160 75.29570 73.63460 69.48820 72.14580 74.70570 80.09210 80.12640 79.86980 78.83680 76.52010 -9999 -9999 -9999 -9999
-9999 -9999 71.68350 71.27130 68.04730 68.59590 67.70530 73.16420 67.85370 68.75190 72.02770 75.06220 66.84490 -9999 -9999 -9999 -9999 67.98220 74.37160 69.76350 67.69760 60.13740 63.49750 75.44610 74.21050 59.88050 59.10140 58.92540 61.12510 65.35170 62.82960 64.75680 63.00740 63.49310 63.32600 65.52740 64.21420 56.24420 60.15550 61.82910 63.36040 64.47190 64.12160 64.54920 64.19710 61.81410 62.62780 57.00380 54.44640 58.41710 70.65210 72.92390 74.04380 76.41460 74.98830 56.41140 59.88510 69.68430 72.79610 74.83970 73.03820 77.73710 76.65810 77.90940 75.48700 -9999 -9999 -9999 -9999 -9999 82.12170
-9999 -9999 66.63510 71.26850 71.08270 71.30240 64.81540 61.52390 65.82860 68.30330 68.64630 66.55250 51.25280 -9999 -9999 -9999 -9999 73.93210 69.87690 68.17950 66.01140 61.77950 71.76610 61.92080 63.38240 62.21790 61.03300 58.36410 60.63760 61.36040 63.62100 63.52760 63.35910 62.60350 61.67490 67.18630 68.36670 65.14690 63.56500 58.59370 62.89500 61.54920 60.71320 69.17100 68.02880 65.07120 66.13350 61.47570 60.30490 60.56160 59.66960 57.89790 57.33580 58.13910 63.60770 55.91810 55.39220 67.15620 68.27480 70.99410 69.26180 68.93300 68.89980 69.43850 71.80280 83.27550 78.77540 78.20360 79.66450 -9999 -9999
-9999 -9999 -9999 63.48340 66.40020 64.02470 60.11260 62.73580 71.91710 66.17100 53.89310 50.23770 -9999 -9999 -9999 -9999 69.21140 69.84420 65.40080 60.36940 62.52070 59.29310 58.32480 61.73330 62.38080 58.63640 60.65540 58.82520 60.36930 66.24620 64.14500 64.33540 62.21220 61.30260 59.37010 57.16160 56.61340 59.39420 59.90670 55.00220 59.74440 59.57520 74.83140 74.57430 73.30990 74.72680 74.44520 65.09070 64.82590 63.60030 69.04160 81.88240 77.67280 81.94330 95.52430 95.95000 81.98370 74.94070 74.23040 69.80780 67.65400 66.71330 71.96770 81.33290 84.32510 78.44070 77.87050 77.77210 75.35390 79.05280 -9999
-9999 -9999 -9999 -9999 60.78530 58.38370 56.80310 71.81480 73.81710 55.68170 56.11720 -9999 -9999 -9999 -9999 73.72980 64.83660 57.81950 59.30990 54.15870 53.14550 51.50210 52.33740 58.76470 59.93760 56.12760 54.39800 55.53550 55.66890 58.31310 58.06320 56.60790 55.94450 57.70350 62.06350 64.67010 65.17960 62.93000 62.09750 56.93470 57.87920 60.56750 61.01550 63.36860 65.43790 62.45130 63.06520 74.81290 65.30450 74.76230 63.03500 77.66890 78.91440 77.66610 78.49970 77.72020 92.21340 82.12030 80.45640 64.82360 69.33140 71.38910 69.29180 68.81740 73.34180 76.61000 73.13840 70.16890 73.86240 73.94300 75.72760
-9999 -9999 -9999 -9999 -9999 -9999 66.86380 73.20320 46.25480 61.14620 56.19720 -9999 -9999 -9999 -9999 -9999 55.87970 53.27820 52.40820 52.79080 51.97660 45.91290 49.93270 56.01530 53.43380 51.96150 55.06290 72.78490 73.41610 59.21030 56.77950 55.29770 56.51620 60.19200 59.61770 57.15250 63.75580 61.36880 58.67890 60.36840 60.28350 62.85170 64.80750 62.93050 65.44060 66.93160 66.06170 75.70400 76.77540 83.76140 78.41960 81.19500 65.18630 65.03840 65.03340 65.86710 79.53370 82.29710 77.25070 61.32810 61.75610 65.61850 68.05750 73.65440 76.88570 74.50730 73.76400 66.88700 67.86430 68.42360 73.38190
-9999 -9999 -9999 -9999 -9999 -9999 -9999 -9999 -9999 -9999 -9999 -9999 -9999 -9999 -9999 -9999 -9999 -9999 -9999 50.60780 51.34740 45.77110 48.64070 50.37380 53.08130 53.58780 51.64860 50.83780 50.02870 51.30500 55.54100 56.21710 62.84470 62.78260 59.92850 59.47600 62.74840 64.19980 62.79450 64.45710 66.19130 66.24350 65.74170 67.76090 67.87590 65.99660 60.80600 75.70170 75.56360 67.27270 67.27050 67.50510 78.28050 78.39350 68.95500 64.34490 64.54890 64.27600 63.42150 59.68830 67.63880 71.26110 64.18030 72.27520 73.37000 71.77970 68.75450 64.86720 65.68920 74.00310 75.67550
-9999 -9999 -9999 -9999 -9999 -9999 -9999 -9999 -9999 -9999 -9999 -9999 -9999 -9999 -9999 -9999 -9999 -9999 54.94670 53.51530 50.27220 49.57120 50.91020 49.25610 49.63500 48.97950 49.49780 51.44450 50.38070 50.71240 52.59820 55.15840 56.23160 55.70260 59.73290 62.19370 63.06120 63.80040 64.76710 65.79300 67.28480 67.25810 66.53140 69.28300 68.64250 71.37530 69.24010 68.32630 65.58930 77.13480 79.04060 79.34980 79.42770 77.90960 69.16070 67.82640 65.34900 64.47090 68.67730 65.70260 70.87520 74.46620 68.96860 68.31130 75.92860 69.96680 65.19550 64.78420 66.39240 70.74510 79.18940
-9999 -9999 -9999 -9999 -9999 -9999 -9999 -9999 -9999 -9999 -9999 -9999 -9999 -9999 -9999 -9999 -9999 57.44340 56.75010 51.47040 52.28220 50.86550 48.76430 49.34930 49.60880 50.32160 66.53640 48.14470 50.35250 52.02270 54.19360 54.85650 57.69440 52.39110 69.37660 72.21790 68.27250 64.89990 65.53540 65.79190 63.69440 64.34440 66.99770 67.62190 64.46810 61.51120 74.56790 75.66220 64.43840 75.63730 76.98850 76.93540 66.92730 64.48810 67.30710 67.38010 63.36330 65.03330 64.87110 65.62200 68.26640 73.65410 73.83270 74.73890 65.22650 65.33630 66.14320 62.47670 62.59880 69.92210 76.32720
-9999 -9999 -9999 -9999 -9999 -9999 -9999 -9999 -9999 -9999 -9999 -9999 -9999 -9999 -9999 -9999 -9999 59.10430 56.82790 54.36220 54.72260 55.59180 49.51300 48.11360 47.25890 47.25110 47.65980 45.68910 45.93440 50.01170 68.58460 70.61060 70.41590 68.53970 70.93400 73.69070 74.90450 58.94500 59.96840 62.13430 63.50240 61.56590 63.82540 60.37040 63.95030 75.44730 62.48440 63.84140 60.16430 61.74170 76.89020 78.72120 79.11890 78.25960 79.05130 72.47500 72.66010 70.52360 66.13410 68.65850 68.64140 69.00410 67.22710 66.73950 70.15340 67.50830 66.35210 69.08990 68.75700 71.67500 69.55290
-9999 -9999 -9999 -9999 -9999 -9999 -9999 -9999 -9999 -9999 -9999 -9999 -9999 -9999 -9999 -9999 67.54280 66.53840 57.74320 55.69270 49.64650 48.62330 48.33260 46.43740 44.89600 45.20200 44.95130 44.30240 44.67540 48.09300 49.37550 50.23760 49.45410 67.98220 69.34220 70.56570 57.10300 58.78680 57.97790 55.20680 54.63050 61.40110 74.06260 56.65300 53.94360 57.47740 58.79470 64.47890 59.59140 56.84290 75.91760 77.29650 77.77400 78.35250 77.98010 68.37920 73.22140 72.66500 73.74160 69.46420 67.28030 68.80450 71.08670 76.97090 75.53640 88.70650 87.81120 84.58710 77.50480 66.91560 70.97160
-9999 -9999 -9999 -9999 -9999 -9999 -9999 -9999 -9999 -9999 -9999 -9999 -9999 59.20400 56.66750 59.45020 56.33830 60.10240 57.81420 49.41660 50.15160 51.84820 49.83420 46.24340 46.35680 45.15520 44.58080 44.71460 44.80180 45.69960 66.91410 67.28240 47.34480 46.30430 68.81740 72.03310 70.96790 57.34350 60.12180 60.18330 60.33090 60.82840 56.32300 55.20180 72.68970 74.12210 74.84790 77.60110 80.31490 75.64300 76.70540 79.25220 73.48400 68.70390 78.09400 75.34770 71.76840 70.56510 69.51940 68.33490 69.85750 81.45290 73.27500 91.28830 91.47450 83.28020 86.54500 78.45620 69.63810 75.25230 77.87410
-9999 -9999 -9999 -9999 -9999 -9999 -9999 -9999 -9999 -9999 -9999 -9999 52.92320 57.06510 60.53340 57.40790 56.62070 50.56880 48.25120 47.47440 48.46420 52.08010 50.71600 48.27480 46.55650 44.07210 43.72620 44.22850 65.37740 65.89670 66.49910 66.18530 66.71510 46.62400 67.38350 70.89930 58.69280 55.90230 57.94120 57.69250 55.96660 57.59730 69.95890 73.33000 75.22180 72.91150 73.77270 77.38800 81.72170 80.88390 65.91300 67.43810 66.23020 67.88910 63.99410 63.64400 80.81560 81.35990 78.80170 79.41750 75.70370 81.62210 78.63920 80.16240 83.49650 83.45680 82.16540 68.74740 74.79280 80.20260 71.82410
-9999 -9999 -9999 -9999 -9999 -9999 -9999 -9999 -9999 -9999 -9999 60.66810 53.79660 55.06930 51.44900 48.51840 46.81500 48.81440 48.56950 48.32390 49.23950 45.63820 45.64490 43.74860 43.81840 44.41620 65.98490 45.81190 67.20800 66.62260 67.22850 47.70220 48.63410 47.70130 51.39430 71.32520 59.01740 58.82570 56.20660 54.74690 53.37050 70.66720 70.55170 69.75010 71.07110 71.87590 74.31180 76.96580 79.34350 79.02170 81.10160 71.16730 68.06700 70.74980 67.65270 66.42960 78.82690 73.81060 70.52990 67.59840 73.01350 74.01590 65.29480 63.62250 77.66100 70.65670 67.65190 69.03420 75.10320 72.25090 68.39720
-9999 -9999 -9999 -9999 -9999 -9999 -9999 -9999 -9999 -9999 51.62760 52.05250 48.79930 51.28830 49.05630 46.21080 44.67800 45.01200 45.70240 46.20510 45.48800 45.03470 44.96980 43.67750 43.53500 44.07880 43.93330 67.24650 67.00730 44.65200 45.10770 47.26580 37.40840 68.61770 70.16640 57.28230 58.18740 57.03680 61.40430 55.22850 70.33170 69.54630 68.83940 68.79600 68.74140 69.41250 70.66700 74.57920 77.13270 78.92790 81.53670 76.08940 75.55070 76.18470 72.16230 69.14150 80.28590 79.76700 74.62530 76.47690 77.43800 74.29680 67.84030 74.61120 75.36800 75.94500 70.76900 72.16470 76.61960 71.81870 73.11900
-9999 -9999 -9999 -9999 -9999 -9999 -9999 -9999 -9999 47.05090 48.17760 49.63570 49.11500 48.03800 46.55260 44.60670 44.15280 46.34050 45.14600 43.14810 43.24910 43.43490 43.17810 44.66220 44.61290 43.54180 43.30260 44.25430 44.34140 43.96730 44.08210 45.71440 47.76870 49.78660 71.46780 57.80390 62.67240 60.60040 57.84260 54.00540 69.73550 68.65060 70.16830 78.18580 69.71810 88.23390 68.86240 69.84550 74.02590 77.24170 81.16770 80.20990 71.75750 81.82950 77.99310 77.39460 76.99480 77.62210 77.83620 79.60780 77.33050 77.62810 66.08380 76.82610 63.79370 67.61820 76.02320 80.70650 74.13170 74.04630 73.82330
-9999 -9999 -9999 -9999 -9999 -9999 -9999 -9999 -9999 -9999 45.84840 46.46500 46.81180 45.29130 44.04420 43.83720 43.73120 45.61440 45.09880 43.04420 43.26080 43.16640 43.22270 -9999 -9999 -9999 -9999 -9999 -9999 45.14790 48.02460 47.16460 49.38630 51.53910 54.72020 57.28950 62.70720 57.44790 53.60470 50.61360 68.74850 68.78290 67.76390 87.81610 77.76400 88.13040 88.33200 69.29080 70.83510 74.24750 76.20710 69.29490 72.58970 77.32860 84.83460 74.55000 73.63000 76.32660 77.20480 76.53090 76.86350 64.27010 66.53850 66.61750 70.40380 73.42390 78.94460 79.24830 78.93480 81.55880 78.10160
-9999 -9999 -9999 -9999 -9999 -9999 -9999 -9999 -9999 -9999 -9999 -9999 47.61930 46.92590 47.08680 43.30650 43.42580 45.16650 45.45160 -9999 -9999 -9999 -9999 -9999 -9999 -9999 -9999 -9999 -9999 -9999 -9999 -9999 -9999 52.96130 57.40320 56.37670 70.79940 52.31690 49.79860 50.66590 70.45460 69.01770 68.31430 68.16190 68.57770 77.94690 88.66590 69.02880 69.52680 72.08970 73.59720 77.12610 79.05990 75.80880 76.12430 77.00940 77.71260 62.41790 59.24840 73.72360 74.38130 60.56190 73.56810 61.44160 64.75490 74.98350 78.93120 72.99300 75.68810 79.22640 87.67370
-9999 -9999 -9999 -9999 -9999 -9999 -9999 -9999 -9999 -9999 -9999 -9999 -9999 -9999 -9999 -9999 -9999 -9999 -9999 -9999 -9999 -9999 -9999 -9999 -9999 -9999 -9999 -9999 -9999 -9999 -9999 -9999 -9999 -9999 73.94650 69.95700 67.75080 68.74870 48.84120 70.64540 70.45040 68.81380 69.06270 68.28240 88.49890 87.99430 88.21410 68.74390 69.59910 72.31670 72.97510 75.79620 78.74190 73.06970 73.01630 76.16130 65.29570 79.22840 63.49930 64.17770 61.27490 75.46680 60.37710 60.10890 69.39040 79.62570 81.22840 76.43110 78.14800 83.79250 87.46830
-9999 -9999 -9999 -9999 -9999 -9999 -9999 -9999 -9999 -9999 -9999 -9999 -9999 -9999 -9999 -9999 -9999 -9999 -9999 -9999 -9999 -9999 -9999 -9999 -9999 -9999 -9999 -9999 -9999 -9999 -9999 -9999 -9999 -9999 53.63320 69.20680 69.28020 54.80370 52.71580 74.43660 74.87250 82.49340 82.88060 68.15700 67.24050 69.11350 69.40660 73.44660 74.91620 78.64610 78.85930 75.83730 63.55090 62.90030 63.79980 58.21670 71.99380 58.02120 61.46260 73.97990 74.84970 77.40680 64.47770 63.83630 71.86440 73.71900 83.35440 77.71320 81.04620 82.77580 -9999
-9999 -9999 -9999 -9999 -9999 -9999 -9999 -9999 -9999 -9999 -9999 -9999 -9999 -9999 -9999 -9999 -9999 -9999 -9999 -9999 -9999 -9999 -9999 -9999 -9999 -9999 -9999 -9999 -9999 -9999 -9999 -9999 -9999 -9999 -9999 -9999 -9999 -9999 72.81780 75.04850 75.81160 70.43530 69.67720 67.19820 69.98030 69.35240 69.80880 73.58690 75.70890 77.85180 78.18390 75.05860 73.92350 60.81580 74.32070 58.92590 56.57260 59.80440 63.83410 63.44150 62.12160 68.68840 68.80630 73.45810 79.77500 74.34380 78.91130 85.41450 73.45890 -9999 -9999
