data/hydroclimate-scenarios/BCSD_hadcm_B1/monthly_summaries/soilm2_monthly_day1_apr.2070-2099.asc
ncols	311
nrows	91
xllcenter	102.75
yllcenter	31.75
cellsize	0.5
NODATA_value	-9999
[rows 0 to 30 of 91, columns 210 to 279 of 311]
-9999 -9999 -9999 -9999 -9999 -9999 -9999 -9999 -9999 -9999 -9999 -9999 -9999 -9999 -9999 -9999 -9999 -9999 -9999 -9999 -9999 -9999 -9999 -9999 -9999 -9999 -9999 -9999 -9999 -9999 -9999 -9999 -9999 -9999 -9999 -9999 -9999 -9999 -9999 -9999 -9999 -9999 -9999 -9999 -9999 -9999 -9999 -9999 -9999 -9999 -9999 -9999 -9999 -9999 -9999 -9999 -9999 -9999 -9999 -9999 -9999 -9999 -9999 -9999 -9999 -9999 -9999 -9999 -9999 -9999
-9999 -9999 -9999 -9999 -9999 -9999 -9999 -9999 -9999 -9999 -9999 -9999 -9999 -9999 -9999 -9999 -9999 -9999 -9999 -9999 -9999 -9999 -9999 -9999 -9999 -9999 -9999 -9999 -9999 -9999 -9999 -9999 -9999 -9999 -9999 -9999 -9999 -9999 -9999 -9999 -9999 -9999 -9999 -9999 -9999 -9999 -9999 -9999 -9999 -9999 -9999 -9999 -9999 -9999 -9999 -9999 -9999 -9999 -9999 -9999 -9999 -9999 -9999 -9999 -9999 -9999 -9999 -9999 -9999 -9999
-9999 -9999 -9999 -9999 -9999 -9999 -9999 -9999 -9999 -9999 -9999 -9999 -9999 -9999 -9999 -9999 -9999 -9999 -9999 -9999 -9999 -9999 -9999 -9999 -9999 -9999 -9999 -9999 -9999 -9999 -9999 -9999 -9999 -9999 -9999 -9999 -9999 -9999 -9999 -9999 -9999 -9999 -9999 -9999 -9999 -9999 -9999 -9999 -9999 -9999 -9999 -9999 -9999 -9999 -9999 -9999 -9999 -9999 -9999 -9999 -9999 -9999 -9999 -9999 -9999 -9999 -9999 -9999 -9999 -9999
-9999 -9999 -9999 -9999 -9999 -9999 -9999 -9999 -9999 -9999 -9999 -9999 -9999 -9999 -9999 -9999 -9999 -9999 -9999 -9999 -9999 -9999 -9999 -9999 -9999 -9999 -9999 -9999 -9999 -9999 -9999 -9999 -9999 -9999 -9999 -9999 -9999 -9999 -9999 -9999 -9999 -9999 -9999 -9999 -9999 -9999 -9999 -9999 -9999 -9999 -9999 -9999 -9999 -9999 -9999 -9999 -9999 -9999 -9999 -9999 -9999 -9999 -9999 -9999 -9999 -9999 -9999 -9999 -9999 -9999
-9999 -9999 -9999 -9999 -9999 -9999 -9999 -9999 -9999 -9999 -9999 -9999 -9999 -9999 -9999 -9999 -9999 -9999 -9999 -9999 -9999 -9999 -9999 -9999 -9999 -9999 -9999 -9999 -9999 -9999 -9999 -9999 -9999 -9999 -9999 -9999 -9999 -9999 -9999 -9999 -9999 -9999 -9999 -9999 -9999 -9999 -9999 -9999 -9999 -9999 -9999 -9999 -9999 -9999 -9999 -9999 -9999 -9999 -9999 -9999 -9999 -9999 -9999 -9999 -9999 -9999 -9999 -9999 -9999 -9999
-9999 -9999 -9999 -9999 -9999 -9999 -9999 -9999 -9999 -9999 -9999 -9999 -9999 -9999 -9999 -9999 -9999 -9999 -9999 -9999 -9999 -9999 -9999 -9999 -9999 -9999 -9999 -9999 -9999 -9999 -9999 -9999 -9999 -9999 -9999 -9999 -9999 -9999 -9999 -9999 -9999 -9999 -9999 -9999 -9999 -9999 -9999 -9999 -9999 -9999 -9999 -9999 -9999 -9999 -9999 -9999 -9999 -9999 -9999 -9999 -9999 -9999 -9999 -9999 -9999 -9999 -9999 -9999 -9999 -9999
-9999 -9999 -9999 -9999 -9999 -9999 -9999 -9999 -9999 -9999 -9999 -9999 -9999 -9999 -9999 -9999 -9999 -9999 -9999 -9999 -9999 -9999 -9999 -9999 -9999 -9999 -9999 -9999 -9999 -9999 -9999 -9999 -9999 -9999 -9999 -9999 -9999 -9999 -9999 -9999 -9999 -9999 -9999 -9999 -9999 -9999 -9999 -9999 -9999 -9999 -9999 -9999 -9999 -9999 -9999 -9999 -9999 -9999 -9999 -9999 -9999 -9999 -9999 -9999 -9999 -9999 -9999 -9999 -9999 -9999
-9999 -9999 -9999 -9999 -9999 -9999 -9999 -9999 -9999 -9999 -9999 -9999 -9999 -9999 -9999 -9999 -9999 -9999 -9999 -9999 -9999 -9999 -9999 -9999 -9999 -9999 -9999 -9999 -9999 -9999 -9999 -9999 -9999 -9999 -9999 -9999 -9999 -9999 -9999 -9999 -9999 -9999 -9999 -9999 -9999 -9999 -9999 -9999 -9999 -9999 -9999 -9999 -9999 -9999 -9999 -9999 -9999 -9999 -9999 -9999 -9999 -9999 -9999 -9999 -9999 -9999 -9999 -9999 -9999 -9999
-9999 -9999 -9999 -9999 -9999 -9999 -9999 -9999 -9999 -9999 -9999 -9999 -9999 -9999 -9999 -9999 -9999 -9999 -9999 -9999 -9999 -9999 -9999 -9999 -9999 -9999 -9999 -9999 -9999 -9999 -9999 -9999 -9999 -9999 -9999 -9999 -9999 -9999 -9999 -9999 -9999 -9999 -9999 -9999 -9999 -9999 -9999 -9999 -9999 -9999 -9999 -9999 -9999 -9999 -9999 -9999 -9999 -9999 -9999 -9999 -9999 -9999 -9999 -9999 -9999 -9999 -9999 -9999 -9999 -9999
-9999 -9999 -9999 -9999 -9999 -9999 -9999 -9999 -9999 -9999 -9999 -9999 -9999 -9999 -9999 -9999 -9999 -9999 -9999 -9999 -9999 -9999 -9999 -9999 -9999 -9999 -9999 -9999 -9999 -9999 -9999 -9999 -9999 -9999 -9999 -9999 -9999 -9999 -9999 -9999 -9999 -9999 -9999 -9999 -9999 -9999 -9999 -9999 -9999 -9999 -9999 -9999 -9999 -9999 -9999 -9999 -9999 -9999 -9999 -9999 -9999 -9999 -9999 -9999 -9999 -9999 -9999 -9999 -9999 -9999
-9999 -9999 -9999 -9999 -9999 -9999 -9999 -9999 -9999 -9999 -9999 -9999 -9999 -9999 -9999 -9999 -9999 -9999 -9999 -9999 -9999 -9999 -9999 -9999 -9999 -9999 -9999 -9999 -9999 -9999 -9999 -9999 -9999 -9999 -9999 -9999 -9999 -9999 -9999 -9999 -9999 -9999 -9999 -9999 -9999 -9999 -9999 -9999 -9999 -9999 -9999 -9999 -9999 -9999 -9999 -9999 -9999 -9999 -9999 -9999 -9999 -9999 -9999 -9999 -9999 -9999 -9999 -9999 -9999 -9999
-9999 -9999 -9999 -9999 -9999 -9999 -9999 -9999 -9999 -9999 -9999 -9999 -9999 -9999 -9999 -9999 -9999 -9999 -9999 -9999 -9999 -9999 -9999 -9999 -9999 -9999 -9999 -9999 -9999 -9999 -9999 -9999 -9999 -9999 -9999 -9999 -9999 -9999 -9999 -9999 -9999 -9999 -9999 -9999 -9999 -9999 -9999 -9999 -9999 -9999 -9999 -9999 -9999 -9999 -9999 -9999 -9999 -9999 -9999 -9999 -9999 -9999 -9999 -9999 -9999 -9999 -9999 -9999 -9999 -9999
-9999 -9999 -9999 -9999 -9999 -9999 -9999 -9999 -9999 -9999 -9999 -9999 -9999 -9999 -9999 -9999 -9999 -9999 -9999 -9999 -9999 -9999 -9999 -9999 -9999 -9999 -9999 -9999 -9999 -9999 -9999 -9999 -9999 -9999 -9999 -9999 -9999 -9999 -9999 -9999 -9999 -9999 -9999 -9999 -9999 -9999 -9999 -9999 -9999 -9999 -9999 -9999 -9999 -9999 -9999 -9999 -9999 -9999 -9999 -9999 -9999 -9999 -9999 -9999 -9999 -9999 -9999 -9999 -9999 -9999
92.66320 92.58790 94.75800 96.97840 96.55580 96.12980 95.89850 92.20810 92.53850 -9999 -9999 -9999 -9999 -9999 -9999 -9999 -9999 -9999 -9999 -9999 -9999 -9999 -9999 -9999 -9999 -9999 -9999 -9999 -9999 -9999 -9999 -9999 -9999 -9999 -9999 -9999 -9999 -9999 -9999 -9999 -9999 -9999 -9999 -9999 -9999 -9999 -9999 -9999 -9999 -9999 92.06560 -9999 -9999 -9999 -9999 -9999 -9999 -9999 -9999 -9999 -9999 -9999 -9999 -9999 -9999 -9999 -9999 -9999 -9999 -9999
84.35020 84.31630 84.40530 86.39820 88.93650 91.20940 92.15050 92.87310 92.29400 82.46070 80.33410 80.79970 84.83370 79.79990 85.81870 85.62660 92.53020 91.45120 89.35630 89.14420 86.02490 107.22100 -9999 -9999 -9999 -9999 -9999 -9999 -9999 -9999 -9999 -9999 -9999 -9999 -9999 -9999 -9999 -9999 -9999 -9999 -9999 -9999 -9999 -9999 -9999 78.42930 75.82620 56.93740 56.21520 62.73850 67.04890 84.82830 -9999 -9999 -9999 98.44000 -9999 -9999 -9999 100.71300 103.31400 103.27800 -9999 -9999 -9999 -9999 -9999 -9999 -9999 -9999
86.22610 84.06570 83.24720 83.43520 83.19820 77.55490 78.42650 78.05740 78.56740 72.68820 74.07360 77.92690 82.93360 83.53410 94.68900 94.57840 98.68480 101.05500 96.64930 92.64670 91.45440 81.18140 79.68430 78.37750 80.49710 90.21680 94.97690 88.06150 -9999 -9999 -9999 -9999 -9999 96.26770 93.66470 93.27780 93.81490 91.84120 91.73160 83.18530 66.31650 67.75560 65.77870 62.89160 63.96670 54.07490 54.63580 57.19710 58.03640 70.58310 77.06550 88.26830 92.24730 94.92820 96.90000 99.66990 101.78100 101.53900 101.74200 102.78100 103.45100 104.67800 104.82700 104.96300 103.95700 102.24900 101.43400 -9999 -9999 -9999
82.79310 82.70040 84.55790 83.91630 88.00680 92.70070 96.69890 93.97160 95.89130 94.85600 105.06500 110.76500 113.52800 114.31000 167.72200 159.97501 173.13800 156.96400 158.34399 136.75101 91.69920 84.88020 82.17920 88.43290 84.39700 113.87800 99.02000 94.45070 96.59100 99.51040 83.31890 77.48890 74.03610 69.64390 93.74490 92.66510 94.59610 70.47070 68.86730 69.92290 66.35190 68.01100 67.16550 65.37620 66.01100 65.47380 67.49520 71.21810 69.90050 75.17480 77.79710 82.62930 87.03350 91.96250 95.94750 99.19890 100.37600 101.47800 101.98400 100.02300 101.31200 102.54800 102.24900 102.73200 103.01300 103.00000 102.90900 103.12800 102.68600 103.44100
156.69099 106.49500 106.33900 108.09600 108.32700 111.70600 110.72600 114.49100 173.27200 168.84300 156.35500 150.96201 130.15800 115.98800 113.03800 122.35000 113.09300 108.03900 106.38700 110.16500 111.24200 141.08099 140.36501 140.90500 149.28700 162.25200 145.53000 101.55300 103.92100 94.05460 115.03300 75.81400 74.74160 68.19320 89.71740 93.12670 92.17610 68.47140 68.03770 72.66740 72.40700 73.22140 71.19220 68.55870 70.43640 69.75660 69.32240 69.72210 69.75330 70.23600 73.14170 79.64170 82.13780 85.58640 89.58330 93.14260 98.67790 99.20330 100.25900 98.81220 98.91080 100.51300 100.05000 101.78600 101.83000 101.32200 101.70500 101.41600 101.58900 102.99400
159.31900 170.92900 174.72301 173.83800 174.11700 166.58900 172.39700 173.49500 147.58299 138.68500 115.06600 115.21100 122.96700 121.34400 121.96500 108.94400 123.06100 112.32000 128.03200 129.42599 120.26400 139.05000 129.17900 153.31000 166.72701 165.54201 120.12400 102.01200 99.32910 131.35400 145.71500 133.57100 75.75090 68.63780 74.43620 78.99910 76.70550 72.40380 71.62850 71.76510 79.35860 77.55880 77.34350 71.65220 73.41100 78.58350 79.73400 78.95450 82.23640 81.89770 77.10150 80.34600 83.11340 83.76670 85.52700 86.28400 87.60740 88.57550 92.29840 93.36150 95.39590 97.53330 97.52550 97.62510 103.69700 111.20900 115.65700 116.78400 116.43400 101.43300
163.74800 169.46500 173.68401 175.81400 181.79300 182.73700 174.41701 167.56200 161.56799 143.76100 144.44400 140.41299 130.89799 126.74500 123.81200 123.48700 121.45900 126.20800 126.41600 123.76600 126.15000 171.88499 170.04900 161.39700 167.70900 146.36800 125.62800 95.31000 97.07620 99.81510 102.47700 130.05000 107.46600 70.52270 70.55300 74.16240 93.34660 124.86200 126.38800 126.77800 126.99100 125.90500 126.20400 126.67100 126.64300 126.13200 125.95900 125.00200 125.93200 124.83000 125.01200 126.55300 127.10000 127.20900 104.67200 104.21200 105.42800 84.36630 84.34800 92.53860 95.01760 104.53800 112.43000 114.78900 128.69600 128.77200 128.75000 128.85800 129.03600 128.02400
167.22900 161.58200 165.27901 177.95799 188.73801 187.72099 174.82201 160.54100 151.17700 139.91800 133.12801 121.77000 117.95300 123.86900 123.46800 122.64400 123.71200 118.81500 128.43100 135.69501 138.76401 155.95000 142.68800 126.70600 126.61700 128.04201 121.68700 88.73570 96.46240 99.28480 99.70630 94.37490 93.43180 65.05260 71.39350 72.47300 70.95950 72.52930 71.64830 67.75080 77.77580 92.30460 92.89410 126.59600 126.63300 126.11100 125.56600 125.45700 126.01100 125.57600 125.32400 126.88000 127.08500 127.29500 127.48600 126.41400 126.70300 125.83100 126.28400 126.52500 126.76000 127.94400 127.84400 111.61200 129.27499 128.37300 128.70799 129.33200 129.41800 118.71100
155.90900 160.07201 172.22701 174.36400 162.89000 151.52000 131.06100 129.42700 129.00301 123.44800 124.16100 124.63900 121.56500 123.18100 119.86400 118.02800 116.98800 122.40500 123.47100 129.70000 131.30099 162.30400 156.29900 120.57200 115.43800 106.12000 108.27000 110.63000 121.51600 95.34200 95.57250 91.74720 90.32750 62.90210 65.21760 65.80590 70.58120 74.74570 73.66940 71.62690 69.96190 72.15690 73.07490 77.63580 94.81240 126.23900 126.26800 124.50400 104.80000 90.89300 92.18120 127.21700 126.95800 126.42800 127.28500 126.51500 126.97300 126.24600 126.53600 126.57900 126.44000 126.92000 127.79200 129.64999 128.97701 128.21201 128.28600 129.15100 130.68500 111.68500
176.44200 178.80600 177.78600 168.92300 145.69901 136.57300 139.69200 153.20900 170.59100 184.29601 185.39999 178.72600 167.36900 153.60899 143.91000 134.67700 116.15900 128.74300 135.32899 152.22400 142.78200 158.76401 155.99100 109.96400 103.84900 102.73800 104.48400 103.22000 79.25860 79.14730 81.25330 82.84600 86.85660 66.93790 72.06360 67.47590 64.78500 87.51090 86.93840 84.77340 84.64550 92.23300 79.77860 67.38250 70.36930 95.40520 108.51100 125.20600 126.10400 126.41700 125.11600 125.23800 125.26300 99.96260 100.79500 127.12700 126.63900 126.60000 126.38000 126.46600 127.74000 127.71400 129.36099 129.56100 127.72100 128.45700 128.26601 126.47600 127.69600 109.21100
169.71600 175.88200 171.57800 167.54900 165.85400 173.23900 166.65300 158.69800 173.40199 182.57201 182.87399 174.73000 174.69600 177.56100 179.42999 160.06500 155.84100 152.35001 141.12100 132.20900 134.91299 163.42799 159.18800 130.89900 103.77000 72.56870 73.64510 72.97890 73.10430 76.52080 78.33550 81.24650 82.16880 84.92370 86.85950 82.82560 82.04950 83.90470 86.08060 86.60810 88.14600 87.32890 87.97410 90.23660 91.43100 92.93070 95.20060 96.98900 97.61840 101.28100 102.90400 116.86400 126.54300 128.49600 128.73300 125.99500 92.93070 125.30900 125.60000 125.89000 128.65900 128.11501 127.60000 126.93900 126.80400 127.05300 127.06100 125.16800 125.50600 105.90200
161.79100 159.59599 163.70200 157.55499 158.95000 166.84599 165.46700 160.46899 158.26700 147.22800 151.32300 173.49500 172.27400 175.70700 176.23300 181.12399 179.76300 174.53101 169.83099 150.46800 123.34900 124.35800 157.00000 160.38901 159.53600 158.37900 158.67799 70.64280 70.43140 70.77110 71.10850 75.38360 77.46720 75.65510 79.78680 79.07290 81.95810 81.38020 86.44010 88.38060 92.58240 95.50370 94.02310 101.40200 101.04800 100.27400 99.06710 99.55570 100.73200 98.24570 100.38700 101.72300 105.23300 105.56200 111.09100 127.19100 124.52000 87.31450 124.86300 124.76600 125.98100 126.02000 126.20700 125.26400 124.84500 125.07900 123.67100 124.40700 125.08500 125.74000
124.40400 125.62300 162.50999 156.05000 154.39700 142.69800 142.95200 164.25999 151.12199 152.34399 150.35500 150.09500 148.93401 150.80901 152.31599 157.48399 164.33099 177.30299 152.78500 132.86900 125.52900 130.53600 126.17200 118.81300 124.25000 110.25100 117.23000 110.93300 156.96500 107.92000 100.95400 73.18350 105.92300 106.65400 106.91500 106.85500 108.06700 107.44400 109.91100 76.66510 84.95710 131.96800 144.23599 98.61900 98.87530 98.82910 101.94700 101.36300 103.31900 103.33500 99.50890 103.70100 104.22900 105.40000 106.30500 102.93700 126.56900 122.76600 86.99480 124.50700 124.57200 124.56100 125.41900 124.02600 124.10600 124.76700 123.45200 122.54500 123.27600 125.88300
162.65800 161.74001 167.64999 162.29100 159.87300 161.93201 170.26401 165.45599 191.22600 190.78300 189.42300 180.27299 190.95799 191.06500 184.01500 176.07401 152.75500 164.31400 158.00000 139.95399 120.47900 136.33099 119.69800 119.18000 119.45000 119.11500 122.88900 117.02000 116.36900 116.60700 115.48100 117.20200 126.54900 118.28800 110.55000 107.81900 109.85400 116.64700 117.98900 111.43300 117.59700 124.70600 133.42400 139.49400 140.66701 104.15200 108.54600 109.20800 109.44900 105.56200 105.63000 100.16200 98.03450 99.02300 103.90400 96.54490 94.74480 126.92200 88.09360 125.37300 125.06300 124.08400 124.73500 123.64500 123.74400 124.69200 124.00600 124.20400 124.87600 126.40000
110.02300 160.70700 161.61400 161.61600 109.81500 112.05000 129.62500 187.29900 186.07600 130.64600 130.84801 131.30701 131.69501 191.74500 129.78500 129.70399 191.12300 189.55600 166.86000 132.87100 132.25800 160.13400 153.62199 144.99200 149.17900 140.99001 148.50200 118.64900 111.74200 107.20900 108.62900 110.74000 112.52600 110.47500 106.74700 107.42700 109.90200 108.31500 110.95800 115.09800 118.88700 120.85200 124.03600 124.58600 129.73900 105.05100 111.66200 113.08000 114.98000 115.19200 113.07300 104.08700 104.57100 102.77500 98.81150 98.83230 97.48570 126.59500 91.62560 84.14770 124.76600 125.09400 124.53900 123.50500 123.53000 125.07300 124.61900 124.10200 124.28600 125.13100
109.56600 109.76800 108.70900 110.57100 116.26300 113.84500 115.13900 109.94400 109.10500 111.00100 116.40600 122.96700 124.12700 125.97800 126.31200 112.66600 113.36000 109.35400 159.93100 155.30800 122.84500 165.02100 165.41701 165.45599 164.58701 153.16701 136.48900 107.51200 104.99700 107.55800 109.68000 110.79100 117.61900 124.07500 115.49900 111.05500 108.08900 107.07200 106.57000 114.37200 119.11000 123.22500 133.31200 134.11099 134.64700 97.26650 110.45400 114.19300 115.92200 118.54800 118.04200 112.78000 114.62300 105.39500 103.15200 101.54200 102.88900 127.76000 102.94000 96.34180 126.69600 125.57000 123.71900 101.71400 99.88460 97.96080 96.89430 100.21700 124.36100 124.33800
113.26700 115.54700 115.06300 118.47500 120.09000 114.89300 111.01200 109.14200 108.88700 108.15700 106.71700 100.09200 112.04100 109.10900 113.22000 126.70400 120.28600 117.02200 159.79300 159.97900 160.24699 159.98100 159.05800 159.61200 166.50700 172.80901 155.90199 125.08100 108.14900 104.83500 101.14800 104.31300 119.63000 115.79700 108.68800 108.87600 107.15600 107.29100 107.31700 120.32400 121.94600 133.56500 143.78700 144.30000 144.91100 142.97701 108.29800 117.30500 120.17800 120.50500 119.50000 117.51600 115.63000 110.05800 103.08100 102.60100 107.54400 109.09200 111.11800 128.32001 128.59000 125.78900 124.41500 124.57900 122.94500 121.07500 121.70500 102.55900 105.81900 125.58400
111.93500 115.70500 117.62300 117.09000 116.06700 118.02600 117.03000 111.96600 107.98600 107.22800 107.43200 105.73700 108.32200 104.94400 99.86240 113.18600 119.00700 120.18600 177.42101 118.74700 109.57900 158.78600 159.01199 158.96500 159.53500 157.86200 153.08701 134.46899 118.59200 113.80800 125.82800 108.25100 120.83700 117.08400 115.34700 119.79400 111.37400 109.63900 109.88100 112.60600 128.73599 140.53700 146.23599 147.94701 104.91000 108.14400 107.30900 110.92600 115.03300 115.88900 113.52100 110.21200 110.87300 109.65300 108.59500 108.65600 108.89500 110.87500 108.04000 128.19701 131.15500 131.53999 131.49699 131.16400 127.66700 126.94000 125.63200 125.85600 125.77500 124.73400
