data/hydroclimate-scenarios/BCSD_hadcm_B1/monthly_summaries/soilm1_monthly_day1_dec.2030-2059.asc
ncols	311
nrows	91
xllcenter	102.75
yllcenter	31.75
cellsize	0.5
NODATA_value	-9999
[rows 0 to 31 of 91, columns 71 to 141 of 311]
-9999 -9999 -9999 -9999 -9999 -9999 -9999 -9999 -9999 -9999 -9999 -9999 -9999 -9999 -9999 -9999 -9999 -9999 -9999 -9999 -9999 -9999 -9999 -9999 -9999 -9999 -9999 -9999 -9999 -9999 -9999 -9999 -9999 -9999 -9999 -9999 -9999 -9999 -9999 -9999 -9999 -9999 -9999 -9999 -9999 -9999 -9999 -9999 -9999 -9999 -9999 -9999 -9999 -9999 -9999 -9999 -9999 -9999 -9999 -9999 -9999 -9999 -9999 -9999 -9999 -9999 -9999 -9999 -9999 -9999 -9999
-9999 -9999 -9999 -9999 -9999 -9999 -9999 -9999 -9999 -9999 -9999 -9999 -9999 -9999 -9999 -9999 -9999 -9999 -9999 -9999 -9999 -9999 -9999 -9999 -9999 -9999 -9999 -9999 -9999 -9999 -9999 -9999 -9999 -9999 -9999 -9999 -9999 -9999 -9999 -9999 -9999 -9999 -9999 -9999 -9999 -9999 -9999 -9999 -9999 -9999 -9999 -9999 -9999 -9999 -9999 -9999 -9999 -9999 -9999 -9999 -9999 -9999 -9999 -9999 -9999 -9999 -9999 -9999 -9999 -9999 -9999
-9999 -9999 -9999 -9999 -9999 -9999 -9999 -9999 -9999 -9999 -9999 -9999 -9999 -9999 -9999 -9999 -9999 -9999 -9999 -9999 -9999 -9999 -9999 -9999 -9999 -9999 -9999 -9999 -9999 -9999 -9999 -9999 -9999 -9999 -9999 -9999 -9999 -9999 -9999 -9999 -9999 -9999 -9999 -9999 -9999 -9999 -9999 -9999 -9999 -9999 -9999 -9999 -9999 -9999 -9999 -9999 -9999 -9999 -9999 -9999 -9999 -9999 -9999 -9999 -9999 -9999 -9999 -9999 -9999 -9999 -9999
-9999 -9999 -9999 -9999 -9999 -9999 -9999 -9999 -9999 -9999 -9999 -9999 -9999 -9999 -9999 -9999 -9999 -9999 -9999 -9999 -9999 -9999 -9999 -9999 -9999 -9999 -9999 -9999 -9999 -9999 -9999 -9999 -9999 -9999 -9999 -9999 -9999 -9999 -9999 -9999 -9999 -9999 -9999 -9999 -9999 -9999 -9999 -9999 -9999 -9999 -9999 -9999 -9999 -9999 -9999 -9999 -9999 -9999 -9999 -9999 -9999 -9999 -9999 -9999 -9999 -9999 -9999 -9999 -9999 -9999 -9999
-9999 -9999 -9999 -9999 -9999 -9999 -9999 -9999 -9999 -9999 -9999 -9999 -9999 -9999 -9999 -9999 -9999 -9999 -9999 -9999 -9999 -9999 -9999 -9999 -9999 -9999 -9999 -9999 -9999 -9999 -9999 -9999 -9999 -9999 -9999 -9999 -9999 -9999 -9999 -9999 -9999 -9999 -9999 -9999 -9999 -9999 -9999 -9999 -9999 -9999 -9999 -9999 -9999 -9999 -9999 -9999 -9999 -9999 -9999 -9999 -9999 -9999 -9999 -9999 -9999 -9999 -9999 -9999 -9999 -9999 -9999
-9999 -9999 -9999 -9999 -9999 -9999 -9999 -9999 -9999 -9999 -9999 -9999 -9999 -9999 -9999 -9999 -9999 -9999 -9999 -9999 -9999 -9999 -9999 -9999 -9999 -9999 -9999 -9999 -9999 -9999 -9999 -9999 -9999 -9999 -9999 -9999 -9999 -9999 -9999 -9999 -9999 -9999 -9999 -9999 -9999 -9999 -9999 -9999 -9999 -9999 -9999 -9999 -9999 -9999 -9999 -9999 -9999 -9999 -9999 -9999 -9999 -9999 -9999 -9999 -9999 -9999 -9999 -9999 -9999 -9999 -9999
-9999 -9999 -9999 -9999 -9999 -9999 -9999 -9999 -9999 -9999 -9999 -9999 -9999 -9999 -9999 -9999 -9999 -9999 -9999 -9999 -9999 -9999 -9999 -9999 -9999 -9999 -9999 -9999 -9999 -9999 -9999 -9999 -9999 -9999 -9999 -9999 -9999 -9999 -9999 -9999 -9999 -9999 -9999 -9999 -9999 -9999 -9999 -9999 -9999 -9999 -9999 -9999 -9999 -9999 -9999 -9999 -9999 -9999 -9999 -9999 -9999 -9999 -9999 -9999 -9999 -9999 -9999 -9999 -9999 -9999 -9999
-9999 -9999 -9999 -9999 -9999 -9999 -9999 -9999 -9999 -9999 -9999 -9999 -9999 -9999 -9999 -9999 -9999 -9999 -9999 -9999 -9999 -9999 -9999 -9999 -9999 -9999 -9999 -9999 -9999 -9999 -9999 -9999 -9999 -9999 -9999 -9999 -9999 -9999 -9999 -9999 -9999 -9999 -9999 -9999 -9999 -9999 -9999 -9999 -9999 -9999 -9999 -9999 -9999 -9999 -9999 -9999 -9999 -9999 -9999 -9999 -9999 -9999 -9999 -9999 -9999 -9999 -9999 -9999 -9999 -9999 -9999
-9999 -9999 -9999 -9999 -9999 -9999 60.86420 -9999 -9999 -9999 -9999 -9999 -9999 -9999 -9999 -9999 -9999 -9999 -9999 -9999 -9999 -9999 -9999 -9999 -9999 -9999 -9999 -9999 -9999 -9999 -9999 -9999 -9999 -9999 -9999 -9999 -9999 -9999 -9999 -9999 -9999 -9999 -9999 -9999 -9999 -9999 -9999 -9999 -9999 -9999 -9999 -9999 -9999 -9999 -9999 -9999 -9999 -9999 -9999 -9999 -9999 -9999 -9999 -9999 -9999 -9999 -9999 -9999 -9999 -9999 -9999
-9999 -9999 60.08610 59.16360 60.52170 60.67500 60.88520 61.33430 61.54090 61.91440 61.91950 62.26540 61.40390 61.41370 59.67130 60.94870 58.63480 58.28480 59.87380 59.33030 60.58350 58.93910 -9999 -9999 -9999 -9999 -9999 -9999 -9999 -9999 -9999 -9999 -9999 -9999 -9999 -9999 -9999 -9999 -9999 -9999 -9999 -9999 -9999 -9999 -9999 -9999 -9999 -9999 -9999 -9999 -9999 -9999 -9999 -9999 -9999 -9999 -9999 -9999 -9999 -9999 -9999 -9999 -9999 -9999 -9999 -9999 -9999 -9999 -9999 -9999 -9999
-9999 -9999 -9999 -9999 63.28550 63.81980 64.17070 64.30420 63.14950 63.24110 63.63910 63.69550 65.36920 65.06440 65.11750 65.16740 63.13840 63.11580 62.72420 62.76300 62.47110 61.20830 -9999 -9999 -9999 -9999 -9999 -9999 -9999 -9999 -9999 -9999 -9999 -9999 -9999 -9999 -9999 -9999 -9999 -9999 -9999 -9999 -9999 -9999 -9999 -9999 -9999 -9999 -9999 -9999 -9999 -9999 -9999 -9999 -9999 -9999 -9999 -9999 -9999 -9999 -9999 -9999 -9999 -9999 -9999 -9999 -9999 -9999 -9999 -9999 -9999
63.20910 63.65730 64.35960 64.42180 64.42610 65.17390 64.41750 64.54560 63.48690 63.98700 63.52530 63.71380 65.37490 65.80190 65.82400 65.78030 63.86600 63.84470 63.53540 65.49050 65.76480 75.33090 65.27010 64.74430 64.93720 64.84040 64.33150 62.42300 -9999 -9999 -9999 -9999 -9999 -9999 -9999 -9999 -9999 -9999 -9999 -9999 -9999 -9999 -9999 -9999 -9999 -9999 -9999 -9999 -9999 -9999 -9999 -9999 -9999 -9999 -9999 -9999 -9999 -9999 -9999 -9999 -9999 -9999 -9999 -9999 -9999 -9999 -9999 -9999 -9999 -9999 -9999
63.79590 63.56420 64.13460 64.08530 64.42010 64.40810 64.05390 64.71650 63.19740 63.58310 64.58700 64.98260 65.41930 65.66110 65.24870 65.59950 65.62070 65.54680 77.11270 68.37440 66.22660 65.26290 65.67000 64.79280 65.73500 65.22460 64.94640 64.41240 63.01970 62.41490 62.59890 62.01360 62.63450 63.08430 63.49370 63.39520 62.44700 62.68340 62.36720 62.79770 64.92890 64.55270 63.67010 -9999 -9999 -9999 -9999 -9999 -9999 -9999 -9999 -9999 -9999 -9999 -9999 -9999 -9999 -9999 -9999 -9999 -9999 -9999 -9999 -9999 -9999 -9999 -9999 -9999 -9999 -9999 -9999
54.36280 54.67100 54.68460 55.18210 64.13080 66.16150 64.03950 63.73920 63.01020 54.28040 55.93070 64.02630 56.72000 65.14980 65.44250 65.52060 65.79460 65.51460 67.55930 68.56080 66.24800 65.07200 64.73550 55.94640 56.66130 65.00220 63.77700 63.64570 63.30180 63.87680 63.26090 63.26180 63.01720 62.57670 63.53360 63.66000 63.19050 62.57750 63.18840 63.64040 65.01160 65.46860 64.83410 75.61220 -9999 -9999 -9999 -9999 -9999 -9999 -9999 -9999 -9999 -9999 -9999 -9999 -9999 -9999 -9999 -9999 -9999 -9999 -9999 -9999 -9999 -9999 -9999 -9999 -9999 -9999 -9999
67.60190 64.48120 58.71900 65.64620 67.44580 68.47500 67.89790 67.73810 65.47710 65.17140 65.62400 65.63950 66.06690 66.09450 65.91240 66.17970 67.85090 68.05710 69.59820 76.38640 69.23160 69.01020 68.20710 67.22450 67.05790 66.82140 66.00270 64.83800 65.48040 65.45110 65.08850 64.79700 63.28920 63.64390 64.16660 64.41150 64.68180 65.00480 65.73690 66.02900 64.82060 64.95940 64.88440 65.03140 -9999 -9999 -9999 -9999 -9999 -9999 -9999 -9999 -9999 -9999 -9999 -9999 -9999 -9999 -9999 62.80190 63.04720 -9999 -9999 -9999 -9999 66.69610 67.46650 67.02620 65.01820 58.17600 58.53720
65.94160 66.29870 68.41200 65.45830 67.69570 67.75860 68.15960 66.77000 65.44960 65.74200 65.49280 65.48630 65.92180 66.11230 67.05300 66.56870 68.06230 68.21990 76.35510 69.71350 69.40190 68.77920 68.24520 67.60070 66.89550 66.01670 66.70290 66.52100 66.09840 65.60140 65.25260 64.82810 63.56380 63.96750 64.79810 64.37800 65.40920 65.31290 66.05560 66.78180 75.83600 76.50650 75.30410 65.71380 66.02320 66.16870 75.97220 66.04000 64.53420 63.91730 57.67410 59.29720 66.49240 66.20630 63.58020 55.85140 53.25240 53.99240 62.48030 62.95930 54.97910 -9999 -9999 -9999 -9999 -9999 69.92600 68.60350 66.60650 66.42910 65.76540
68.61110 57.86560 67.14800 68.04730 59.10510 65.22540 66.24000 67.32830 65.74350 65.48390 64.95010 65.40130 65.57330 66.30220 66.11980 66.66910 67.84330 67.75080 68.56820 67.89040 68.93430 68.44940 68.79730 68.28170 67.79300 67.87390 66.13780 66.07320 65.81270 65.92350 64.56320 63.76530 64.76130 65.20330 66.03040 66.60220 66.61350 67.22140 74.65820 77.39260 67.56570 75.53650 66.11010 65.74930 66.53960 66.73350 67.16010 67.16480 66.76400 67.70480 66.47480 66.66350 66.64640 67.85020 67.74350 66.27070 65.53310 64.50740 56.93650 56.22460 55.96590 57.62360 55.66840 63.69340 64.23410 66.56220 67.80380 68.68850 66.03620 65.49980 66.09840
66.43750 63.21290 64.47080 69.32050 68.35390 68.05100 67.51960 66.14310 63.59910 64.06560 63.77980 65.09580 64.51980 65.61040 65.79530 66.56270 67.18620 66.80440 68.56640 65.91630 69.82840 68.18180 68.21250 67.91220 67.78550 67.48470 66.52380 66.16350 66.58180 66.83510 65.28250 65.24290 66.01240 64.86970 66.63060 67.25030 77.08080 67.31930 67.00190 67.36200 67.21380 67.86840 66.50860 67.22810 67.92300 67.61580 67.81100 67.69080 66.22960 66.42120 67.16510 65.08020 66.15940 66.22610 66.76350 68.32960 67.35530 68.25360 68.76130 68.07220 58.21250 59.68280 57.65620 56.46910 57.27730 63.53920 65.23570 65.75860 65.56320 64.72430 62.32110
69.52360 67.34760 60.32660 55.14120 66.56720 66.37270 64.86270 64.76060 64.85340 64.48290 63.79480 63.83910 64.04520 65.20180 66.26060 66.82820 66.61660 66.47030 67.60760 67.90790 69.30900 68.54730 69.30410 68.30380 67.43140 67.76400 66.76850 67.24290 66.47930 65.99290 66.27580 76.12270 65.51570 65.62790 67.34630 67.39250 66.81970 66.55110 68.28560 69.22250 67.44710 67.04800 68.02710 68.93030 69.76740 69.42990 67.80740 67.02930 66.58810 66.64580 67.17830 67.29310 67.77150 66.78300 56.56040 56.41710 58.02590 64.82230 66.28730 70.03950 69.20620 67.49330 65.47550 60.47810 60.21920 60.93830 61.09210 61.44850 61.61260 61.99500 62.75850
69.44860 69.35550 68.21930 61.93880 59.22260 65.59400 65.95620 67.33750 67.31280 65.20820 67.34610 64.25100 54.61450 61.77290 63.31850 64.29460 65.08110 65.71070 67.01190 67.08670 68.98520 68.47130 69.06950 68.48770 67.67830 66.62400 66.69590 66.11290 66.50150 66.29180 65.43230 65.55770 64.31260 64.18890 66.20760 67.47620 67.10180 66.85800 68.21950 68.44440 68.37140 67.96940 66.95050 67.82140 69.98790 69.48240 68.26450 68.88460 66.95840 67.11830 68.15860 68.03800 68.23870 67.96880 67.54700 66.76980 66.70950 66.95330 67.47400 68.45090 68.45870 66.03070 60.94880 65.87130 67.32720 62.83760 66.90580 63.07320 62.42130 62.53340 66.62480
66.39070 61.35750 61.89610 62.61830 61.94640 57.73330 55.57390 54.44880 63.67110 65.15550 65.52400 66.75530 68.14130 65.57890 59.69760 63.20860 63.13030 63.14640 65.17400 64.70410 68.40870 68.55780 68.57700 68.05240 66.95520 67.57250 66.93830 66.54910 65.68610 65.66490 65.71740 65.26250 65.19730 64.51300 64.78050 65.72370 64.29940 65.54310 66.35800 65.47070 69.83140 70.42190 69.18500 69.63130 67.96630 68.04700 68.22970 66.10810 65.57010 66.32300 68.15330 68.26860 67.97210 68.99860 69.12570 68.88560 68.21680 68.58410 67.13070 67.00420 67.61940 67.98110 62.04090 68.43810 70.43430 67.02760 63.04470 62.93760 63.68440 66.66860 67.13950
72.85590 71.44070 71.76700 67.24820 67.60340 67.18110 61.53200 60.08560 63.92710 64.66970 64.33270 54.50930 63.54580 64.02560 68.27870 67.02070 67.70460 66.55030 56.23260 55.53870 67.07820 68.52160 68.99920 68.09290 67.63020 67.84470 66.73910 66.23220 66.14510 66.11650 65.64010 66.51020 65.91080 68.23780 65.99500 66.53820 67.05730 67.94530 59.12860 66.37940 68.31950 70.12320 70.42510 66.99630 67.26040 66.94260 67.04510 67.28290 66.18470 65.62200 64.66740 66.69670 66.25620 60.66930 66.70150 67.21590 62.87140 68.74010 69.74650 73.38730 71.05790 71.42620 69.52390 69.69160 69.83470 62.63920 66.25980 66.54900 68.36030 67.60860 68.60620
69.07450 72.09390 72.87990 72.63210 72.40210 68.17080 62.74770 59.98890 65.34530 64.29580 65.34980 65.96910 63.93400 55.67550 64.63390 57.00290 58.90030 66.95790 70.50510 62.96470 59.92790 65.20450 64.42960 67.02940 66.26980 66.05990 65.63570 65.95160 67.18550 66.75240 67.51410 67.89020 67.87890 66.57940 68.90420 67.76100 68.62820 66.97900 66.90160 66.82130 68.07150 70.24700 70.20560 66.90740 69.90700 69.91810 68.53100 68.79550 66.99960 66.37060 67.78480 68.41450 69.02920 71.68800 63.28380 64.01420 69.72040 70.77960 71.31680 73.37210 73.06190 73.07730 69.53430 62.81470 66.74380 68.52440 68.16280 69.00070 68.43380 69.06880 69.58200
70.64840 68.77980 67.87130 71.82520 72.38970 72.19710 71.94460 70.05970 69.55270 67.90860 65.36130 67.52040 67.18740 65.88310 69.80780 63.97330 66.78530 57.44540 66.98690 71.55500 68.35270 69.58700 67.00180 64.57040 65.88570 65.39880 65.65890 66.28540 67.20900 65.97290 67.15660 67.19070 67.42330 67.47030 67.60440 68.56920 69.31760 69.39700 69.25370 69.66660 67.79630 68.72170 69.89080 61.12870 60.34470 68.55000 69.24710 69.36940 70.06560 68.81130 68.12630 62.82980 70.02860 63.47240 68.89480 70.90350 70.88280 73.93060 68.62260 71.12910 73.32140 73.32350 71.98970 71.37330 69.70240 69.78760 69.75800 68.56630 67.53600 67.16980 68.87570
70.32030 69.28720 67.69880 61.82650 68.55040 70.08970 70.91950 70.80900 69.39010 68.67230 67.25290 66.61710 58.57350 64.80790 68.41620 69.70280 67.23050 68.77110 60.82500 66.83890 68.43290 69.23010 67.56060 67.64230 64.94990 64.11470 66.85440 67.77640 66.76420 66.15420 67.86240 67.86130 66.55430 66.87080 67.12980 66.61530 65.54120 66.44200 69.88550 70.83760 66.96270 63.15670 72.18750 62.92850 59.66120 67.52440 69.09650 69.68040 70.41370 67.70240 63.65830 68.38410 72.05930 72.50480 71.37440 70.51160 71.90500 70.01220 72.40830 73.87140 72.31000 68.17770 71.63730 73.53240 74.18290 74.90640 73.64740 68.15630 68.61770 67.11800 64.05300
72.97370 72.38480 67.68540 67.33850 70.09000 68.77880 71.62620 70.87980 69.56390 67.71720 65.77750 66.78260 65.17230 65.02990 67.44360 68.75290 70.51970 69.00490 68.60390 68.40630 69.40710 66.59870 66.43000 65.71130 65.19500 68.38070 66.87290 66.10310 67.57050 67.34930 68.38330 68.55660 67.52750 67.93570 66.69080 69.30450 70.01600 68.11070 67.05140 73.36770 64.31250 67.59790 69.41090 69.45940 70.86600 67.63140 60.78720 61.35400 61.03520 61.38410 68.92000 69.92750 69.36580 67.16260 68.13270 71.07190 73.00700 71.95510 73.09090 75.01160 75.16760 74.66970 74.17490 74.10350 74.13110 75.64690 74.04980 71.37510 64.67100 64.30260 64.75150
70.57350 72.56860 70.29730 65.80910 68.14200 71.45010 71.04330 71.32960 68.55150 68.13040 66.41890 65.59080 68.01110 67.58120 70.12610 70.16210 70.27930 66.69710 68.82670 67.63570 69.92660 66.42630 69.85800 65.66280 68.80420 70.57160 67.87510 67.05990 68.70070 69.12060 69.02460 67.20570 68.01950 68.95840 67.72490 67.18900 71.44580 72.03520 63.39470 67.81650 69.45200 68.90410 65.78230 65.56590 64.27870 63.85310 67.31810 63.21790 63.33660 70.84810 63.10540 71.27140 72.46280 72.81820 72.78330 71.43400 70.34780 73.58550 75.84720 84.87820 76.94180 73.00050 73.74310 74.94200 71.08600 63.34550 71.57740 64.43690 64.51980 64.87220 65.04660
72.92730 69.98000 69.59110 69.18810 69.94370 67.67790 63.56260 68.63980 69.80000 68.04410 64.61440 66.32740 68.91360 69.91590 70.07080 69.64250 68.51270 70.95760 68.69560 68.33890 71.92780 69.04280 68.44490 66.75780 66.15090 69.67200 71.28200 68.52820 68.35310 69.11060 70.15400 69.72140 69.07970 69.45120 69.18790 67.11340 71.52980 69.40160 69.65440 64.56000 65.42520 65.07110 65.36010 71.18650 70.44290 70.86220 72.45840 72.52340 71.88500 74.05210 72.30540 72.23920 73.32340 70.55820 72.32330 72.75320 75.45940 75.12340 75.00230 80.81550 74.72700 74.90880 70.75990 66.15270 65.38680 64.37150 65.05520 64.95230 65.15500 65.65200 65.88110
72.93070 70.09120 71.04620 69.38100 68.94240 69.15310 63.77860 63.25350 62.20940 70.28180 64.35060 66.01340 67.71170 68.59930 67.56390 69.38450 68.32690 60.99780 67.92390 70.40220 69.67430 69.13250 68.26070 65.39740 68.11490 67.20490 70.88630 68.94940 65.71290 68.19380 68.50860 71.04220 69.73790 69.45930 66.79150 59.06560 67.54570 69.94850 68.56320 70.83340 67.65610 65.33010 67.78330 71.47350 84.03550 80.12330 69.00910 62.74440 63.77340 69.79970 71.55450 72.92920 63.52180 70.26520 74.67580 72.71660 74.43630 76.18480 78.86980 76.92930 72.48020 69.54050 65.14820 64.98930 65.00110 65.18190 65.07310 65.19840 65.30130 65.71660 65.70500
71.58800 70.27140 70.52280 72.15820 71.77990 70.41100 68.19160 63.16510 68.24500 68.68320 66.78500 65.75800 66.39310 63.14560 68.64640 72.16500 71.52960 68.45070 69.76990 71.04280 61.73440 69.31800 71.58920 71.02690 68.21720 61.27130 71.91150 70.62250 66.48060 69.19730 70.06650 67.43110 70.69940 70.36460 60.63440 65.73450 68.87750 71.15970 71.76440 72.40440 73.26000 73.99910 75.20700 74.89320 75.89070 73.89610 64.06730 63.94550 72.18110 73.02320 -9999 -9999 66.07340 70.92480 77.64030 77.67770 85.36490 75.09440 67.51910 66.79120 66.78090 65.88280 65.62500 65.31190 64.94650 65.03450 65.19730 65.49830 65.82570 66.54340 68.44060
72.83740 72.27800 71.52510 73.77040 71.00870 75.05340 72.24300 73.40480 69.95510 69.30260 68.67260 70.63950 68.29950 66.09550 71.16200 72.78280 69.21900 67.67400 62.62940 68.08940 63.38220 69.96420 67.24730 71.73610 64.10740 66.06830 69.53620 67.93580 62.23450 70.88120 70.29260 66.14340 67.03260 68.21620 66.70420 70.43960 70.69480 70.74940 71.05210 -9999 -9999 -9999 -9999 74.74650 -9999 64.66320 69.77880 72.71930 73.94500 72.73280 -9999 -9999 65.52540 80.00050 79.79640 70.63250 67.38710 66.62200 66.36110 65.74430 64.94200 64.73990 65.20100 64.80200 65.68470 67.15170 65.05010 65.19550 65.47410 65.81520 66.31330
68.70090 71.79540 71.73690 73.03040 75.24860 74.87400 73.08390 68.91590 71.18350 73.13080 72.48080 72.11680 72.35230 72.79940 72.97330 70.75990 67.84740 69.67910 68.97500 71.05980 71.36800 70.88940 69.49450 67.04940 63.97750 70.13150 62.86720 69.20440 68.95410 68.04180 69.11550 69.74160 69.32560 70.34660 71.59920 72.15110 71.16220 -9999 -9999 -9999 -9999 -9999 -9999 -9999 75.49050 72.72340 75.20070 -9999 -9999 -9999 -9999 -9999 83.60410 74.07880 66.73600 69.39890 69.67040 69.61250 67.74030 66.60480 66.30130 66.00670 65.83770 67.64840 68.51460 65.96420 66.13440 65.66830 65.92640 67.24340 -9999
