data/hydroclimate-scenarios/BCSD_hadcm_B1/monthly_summaries/soilm2_monthly_day1_may.2030-2059.asc
ncols	311
nrows	91
xllcenter	102.75
yllcenter	31.75
cellsize	0.5
NODATA_value	-9999
[rows 0 to 30 of 91, columns 210 to 279 of 311]
-9999 -9999 -9999 -9999 -9999 -9999 -9999 -9999 -9999 -9999 -9999 -9999 -9999 -9999 -9999 -9999 -9999 -9999 -9999 -9999 -9999 -9999 -9999 -9999 -9999 -9999 -9999 -9999 -9999 -9999 -9999 -9999 -9999 -9999 -9999 -9999 -9999 -9999 -9999 -9999 -9999 -9999 -9999 -9999 -9999 -9999 -9999 -9999 -9999 -9999 -9999 -9999 -9999 -9999 -9999 -9999 -9999 -9999 -9999 -9999 -9999 -9999 -9999 -9999 -9999 -9999 -9999 -9999 -9999 -9999
-9999 -9999 -9999 -9999 -9999 -9999 -9999 -9999 -9999 -9999 -9999 -9999 -9999 -9999 -9999 -9999 -9999 -9999 -9999 -9999 -9999 -9999 -9999 -9999 -9999 -9999 -9999 -9999 -9999 -9999 -9999 -9999 -9999 -9999 -9999 -9999 -9999 -9999 -9999 -9999 -9999 -9999 -9999 -9999 -9999 -9999 -9999 -9999 -9999 -9999 -9999 -9999 -9999 -9999 -9999 -9999 -9999 -9999 -9999 -9999 -9999 -9999 -9999 -9999 -9999 -9999 -9999 -9999 -9999 -9999
-9999 -9999 -9999 -9999 -9999 -9999 -9999 -9999 -9999 -9999 -9999 -9999 -9999 -9999 -9999 -9999 -9999 -9999 -9999 -9999 -9999 -9999 -9999 -9999 -9999 -9999 -9999 -9999 -9999 -9999 -9999 -9999 -9999 -9999 -9999 -9999 -9999 -9999 -9999 -9999 -9999 -9999 -9999 -9999 -9999 -9999 -9999 -9999 -9999 -9999 -9999 -9999 -9999 -9999 -9999 -9999 -9999 -9999 -9999 -9999 -9999 -9999 -9999 -9999 -9999 -9999 -9999 -9999 -9999 -9999
-9999 -9999 -9999 -9999 -9999 -9999 -9999 -9999 -9999 -9999 -9999 -9999 -9999 -9999 -9999 -9999 -9999 -9999 -9999 -9999 -9999 -9999 -9999 -9999 -9999 -9999 -9999 -9999 -9999 -9999 -9999 -9999 -9999 -9999 -9999 -9999 -9999 -9999 -9999 -9999 -9999 -9999 -9999 -9999 -9999 -9999 -9999 -9999 -9999 -9999 -9999 -9999 -9999 -9999 -9999 -9999 -9999 -9999 -9999 -9999 -9999 -9999 -9999 -9999 -9999 -9999 -9999 -9999 -9999 -9999
-9999 -9999 -9999 -9999 -9999 -9999 -9999 -9999 -9999 -9999 -9999 -9999 -9999 -9999 -9999 -9999 -9999 -9999 -9999 -9999 -9999 -9999 -9999 -9999 -9999 -9999 -9999 -9999 -9999 -9999 -9999 -9999 -9999 -9999 -9999 -9999 -9999 -9999 -9999 -9999 -9999 -9999 -9999 -9999 -9999 -9999 -9999 -9999 -9999 -9999 -9999 -9999 -9999 -9999 -9999 -9999 -9999 -9999 -9999 -9999 -9999 -9999 -9999 -9999 -9999 -9999 -9999 -9999 -9999 -9999
-9999 -9999 -9999 -9999 -9999 -9999 -9999 -9999 -9999 -9999 -9999 -9999 -9999 -9999 -9999 -9999 -9999 -9999 -9999 -9999 -9999 -9999 -9999 -9999 -9999 -9999 -9999 -9999 -9999 -9999 -9999 -9999 -9999 -9999 -9999 -9999 -9999 -9999 -9999 -9999 -9999 -9999 -9999 -9999 -9999 -9999 -9999 -9999 -9999 -9999 -9999 -9999 -9999 -9999 -9999 -9999 -9999 -9999 -9999 -9999 -9999 -9999 -9999 -9999 -9999 -9999 -9999 -9999 -9999 -9999
-9999 -9999 -9999 -9999 -9999 -9999 -9999 -9999 -9999 -9999 -9999 -9999 -9999 -9999 -9999 -9999 -9999 -9999 -9999 -9999 -9999 -9999 -9999 -9999 -9999 -9999 -9999 -9999 -9999 -9999 -9999 -9999 -9999 -9999 -9999 -9999 -9999 -9999 -9999 -9999 -9999 -9999 -9999 -9999 -9999 -9999 -9999 -9999 -9999 -9999 -9999 -9999 -9999 -9999 -9999 -9999 -9999 -9999 -9999 -9999 -9999 -9999 -9999 -9999 -9999 -9999 -9999 -9999 -9999 -9999
-9999 -9999 -9999 -9999 -9999 -9999 -9999 -9999 -9999 -9999 -9999 -9999 -9999 -9999 -9999 -9999 -9999 -9999 -9999 -9999 -9999 -9999 -9999 -9999 -9999 -9999 -9999 -9999 -9999 -9999 -9999 -9999 -9999 -9999 -9999 -9999 -9999 -9999 -9999 -9999 -9999 -9999 -9999 -9999 -9999 -9999 -9999 -9999 -9999 -9999 -9999 -9999 -9999 -9999 -9999 -9999 -9999 -9999 -9999 -9999 -9999 -9999 -9999 -9999 -9999 -9999 -9999 -9999 -9999 -9999
-9999 -9999 -9999 -9999 -9999 -9999 -9999 -9999 -9999 -9999 -9999 -9999 -9999 -9999 -9999 -9999 -9999 -9999 -9999 -9999 -9999 -9999 -9999 -9999 -9999 -9999 -9999 -9999 -9999 -9999 -9999 -9999 -9999 -9999 -9999 -9999 -9999 -9999 -9999 -9999 -9999 -9999 -9999 -9999 -9999 -9999 -9999 -9999 -9999 -9999 -9999 -9999 -9999 -9999 -9999 -9999 -9999 -9999 -9999 -9999 -9999 -9999 -9999 -9999 -9999 -9999 -9999 -9999 -9999 -9999
-9999 -9999 -9999 -9999 -9999 -9999 -9999 -9999 -9999 -9999 -9999 -9999 -9999 -9999 -9999 -9999 -9999 -9999 -9999 -9999 -9999 -9999 -9999 -9999 -9999 -9999 -9999 -9999 -9999 -9999 -9999 -9999 -9999 -9999 -9999 -9999 -9999 -9999 -9999 -9999 -9999 -9999 -9999 -9999 -9999 -9999 -9999 -9999 -9999 -9999 -9999 -9999 -9999 -9999 -9999 -9999 -9999 -9999 -9999 -9999 -9999 -9999 -9999 -9999 -9999 -9999 -9999 -9999 -9999 -9999
-9999 -9999 -9999 -9999 -9999 -9999 -9999 -9999 -9999 -9999 -9999 -9999 -9999 -9999 -9999 -9999 -9999 -9999 -9999 -9999 -9999 -9999 -9999 -9999 -9999 -9999 -9999 -9999 -9999 -9999 -9999 -9999 -9999 -9999 -9999 -9999 -9999 -9999 -9999 -9999 -9999 -9999 -9999 -9999 -9999 -9999 -9999 -9999 -9999 -9999 -9999 -9999 -9999 -9999 -9999 -9999 -9999 -9999 -9999 -9999 -9999 -9999 -9999 -9999 -9999 -9999 -9999 -9999 -9999 -9999
-9999 -9999 -9999 -9999 -9999 -9999 -9999 -9999 -9999 -9999 -9999 -9999 -9999 -9999 -9999 -9999 -9999 -9999 -9999 -9999 -9999 -9999 -9999 -9999 -9999 -9999 -9999 -9999 -9999 -9999 -9999 -9999 -9999 -9999 -9999 -9999 -9999 -9999 -9999 -9999 -9999 -9999 -9999 -9999 -9999 -9999 -9999 -9999 -9999 -9999 -9999 -9999 -9999 -9999 -9999 -9999 -9999 -9999 -9999 -9999 -9999 -9999 -9999 -9999 -9999 -9999 -9999 -9999 -9999 -9999
-9999 -9999 -9999 -9999 -9999 -9999 -9999 -9999 -9999 -9999 -9999 -9999 -9999 -9999 -9999 -9999 -9999 -9999 -9999 -9999 -9999 -9999 -9999 -9999 -9999 -9999 -9999 -9999 -9999 -9999 -9999 -9999 -9999 -9999 -9999 -9999 -9999 -9999 -9999 -9999 -9999 -9999 -9999 -9999 -9999 -9999 -9999 -9999 -9999 -9999 -9999 -9999 -9999 -9999 -9999 -9999 -9999 -9999 -9999 -9999 -9999 -9999 -9999 -9999 -9999 -9999 -9999 -9999 -9999 -9999
90.53020 89.46190 90.59460 92.35930 92.43950 92.57910 92.88590 89.62910 90.55010 -9999 -9999 -9999 -9999 -9999 -9999 -9999 -9999 -9999 -9999 -9999 -9999 -9999 -9999 -9999 -9999 -9999 -9999 -9999 -9999 -9999 -9999 -9999 -9999 -9999 -9999 -9999 -9999 -9999 -9999 -9999 -9999 -9999 -9999 -9999 -9999 -9999 -9999 -9999 -9999 -9999 90.15370 -9999 -9999 -9999 -9999 -9999 -9999 -9999 -9999 -9999 -9999 -9999 -9999 -9999 -9999 -9999 -9999 -9999 -9999 -9999
82.44570 82.26950 81.77550 84.55340 87.00800 87.49060 89.14160 91.90210 92.87500 81.46630 80.44860 82.25940 86.29640 84.60540 90.03820 91.36390 96.30620 97.74230 95.59040 95.45190 90.84840 107.96100 -9999 -9999 -9999 -9999 -9999 -9999 -9999 -9999 -9999 -9999 -9999 -9999 -9999 -9999 -9999 -9999 -9999 -9999 -9999 -9999 -9999 -9999 -9999 79.00090 74.88360 56.58870 59.91530 65.80560 68.29670 79.45420 -9999 -9999 -9999 95.55490 -9999 -9999 -9999 95.29120 97.91730 99.88700 -9999 -9999 -9999 -9999 -9999 -9999 -9999 -9999
85.91510 83.75090 82.71600 83.16030 82.55470 77.18710 78.10780 78.76970 79.87470 75.47760 77.53680 81.72900 86.19740 86.05820 97.33080 97.51150 100.85700 101.46200 99.24990 97.19770 96.19540 88.37970 86.60460 84.78700 87.71460 93.74330 97.99330 88.75860 -9999 -9999 -9999 -9999 -9999 94.11520 90.08150 88.37790 89.85490 89.74230 89.08380 81.06910 63.25480 63.61330 61.25310 58.84920 60.14280 55.05940 55.92460 60.61470 61.47210 74.89830 82.44010 84.01570 88.12340 91.95410 94.03210 95.37850 97.21540 95.14090 95.26730 97.68790 99.36040 103.18000 102.73100 101.42400 99.50740 98.27720 96.91950 -9999 -9999 -9999
81.46190 81.14500 82.55580 83.85710 87.03950 90.70120 95.98890 92.19770 98.64960 95.45990 104.24400 110.41600 113.11200 114.64200 169.58000 166.97400 175.60400 165.52699 167.15601 148.71100 100.87700 92.67970 88.41920 95.28840 91.90630 119.09600 103.72400 99.28240 101.17500 99.35870 82.81970 77.98500 73.97870 68.02320 92.05530 90.16340 92.90930 71.57480 69.13210 66.27960 63.30060 63.86350 62.73850 61.89520 62.50010 64.00580 66.27060 69.55550 68.08020 73.93520 76.44580 78.31540 81.58680 88.22880 91.88810 93.83900 94.90110 95.85780 95.70080 94.76250 95.75150 97.29230 97.12030 97.66240 97.64500 98.45060 99.42340 99.11950 98.71140 99.54000
154.91901 102.80600 104.22000 106.85100 107.39000 111.21100 111.90600 115.67500 171.46899 165.63901 155.61900 152.31300 134.79601 119.76200 116.79200 125.87000 117.09200 112.33500 110.05000 113.75600 114.37400 151.18600 141.74100 140.48000 147.82401 166.98199 148.51300 106.04900 108.67700 95.41590 116.46700 78.01650 76.72430 69.09980 88.51990 90.20570 88.65100 66.60810 66.86090 68.63150 69.78790 69.48850 66.84320 64.67400 66.23490 67.87750 66.79540 65.07930 65.53680 68.57760 70.91060 73.91150 74.98450 79.44530 82.54690 85.44160 91.78130 92.06090 92.49590 92.45740 92.03710 94.60040 93.70970 95.27080 95.02780 96.61050 97.21990 96.12340 96.51960 98.85550
154.32500 171.15700 176.02600 177.70599 177.08000 164.09000 169.91400 175.77100 148.56300 141.89900 119.10500 117.40200 123.37000 122.35800 123.61600 109.78900 124.38700 113.39500 130.38200 141.24699 124.93400 146.45700 134.60899 162.72600 166.64500 164.91299 118.43900 101.59600 100.20600 131.76601 147.33701 135.01300 79.43870 67.38320 68.99910 71.28050 70.85850 66.60840 66.09250 68.66970 75.19830 74.76080 74.87680 67.74360 68.86390 71.51200 72.47350 73.42030 76.55530 79.84630 75.80080 77.53810 78.81580 79.64300 81.30680 82.90430 83.28240 83.75160 87.62360 88.59580 89.97390 89.92170 89.29440 90.46010 96.31130 106.03600 111.06900 111.48700 111.72100 97.39370
164.10500 178.52299 181.69000 188.69099 193.44000 190.37199 180.66299 173.28700 167.99800 153.83200 161.50400 162.62300 154.98900 141.03200 135.78799 134.66000 132.94901 139.09300 138.55600 142.66901 147.10201 198.23700 184.13200 163.35201 166.89101 146.37199 124.87200 98.25430 100.00800 98.53680 100.61700 126.68300 111.67400 69.68740 65.94620 68.26750 90.51560 122.95200 122.90200 125.47000 125.87300 124.00900 123.98900 125.63200 125.51300 122.62100 122.57700 122.29200 122.37100 123.55000 124.05000 124.16700 124.81000 126.52500 102.01500 102.11800 103.61100 84.21000 82.24150 89.97200 91.42590 97.67250 105.15800 108.79000 126.01300 126.19500 126.05400 126.16400 126.44800 126.21900
172.11200 176.30499 185.03400 193.75800 197.64600 196.45300 188.33000 184.49500 174.21800 172.71100 175.02000 162.20799 157.03300 143.48500 140.06200 143.87300 143.68800 149.98500 160.62900 168.08099 171.61301 186.62900 162.56400 133.31700 134.11900 142.03101 131.97800 91.40540 97.82740 97.59980 98.90280 97.18590 95.98450 65.20420 67.84490 68.77870 68.73400 74.25050 71.94490 67.26190 75.69490 93.84140 92.46410 124.59900 125.17500 124.63800 124.39800 124.69800 124.32600 123.58000 123.82400 126.78400 127.10000 128.72501 132.08800 128.90900 129.08501 125.77300 125.71300 124.68400 124.91600 126.38900 126.55200 105.95500 127.82400 128.21201 127.70200 126.89600 126.90600 114.90900
190.40500 196.78799 203.42500 193.34200 178.56900 165.32201 151.72701 152.35899 152.66299 152.26601 158.45599 158.56400 152.11301 141.51801 140.34100 142.87700 141.14500 159.26801 168.79601 171.59399 172.53700 204.38300 184.73900 124.07200 117.55900 107.58700 112.91800 118.19100 133.01100 99.60420 96.23450 99.69580 96.18370 64.58270 65.70930 66.58280 71.53130 74.64630 75.96240 75.24090 75.55320 81.51430 79.98480 78.67880 97.05950 128.05901 127.04100 127.34900 105.43500 89.84790 91.57430 128.07500 128.66100 135.61900 136.82500 135.07401 132.23700 127.26000 128.61600 128.77600 128.63901 128.14500 130.52400 132.99001 131.28300 132.93401 131.14900 128.56400 129.52100 107.12600
210.81000 207.99100 197.72099 190.63400 166.02299 157.29800 158.57500 182.37000 205.69400 220.50301 221.21700 204.36501 198.06700 171.27299 157.67101 152.54500 118.50800 165.17101 183.85899 199.01300 185.71300 198.91901 194.23801 112.25900 106.27800 104.48600 108.69200 105.78400 96.06900 105.48800 102.85500 92.12190 94.38390 69.41630 74.60470 73.48110 73.20580 87.71170 88.79930 99.65250 94.53960 92.21150 80.09360 72.74140 75.06620 101.52100 110.93500 128.84900 129.15601 127.89700 126.61200 130.00200 128.27200 100.50400 102.63500 130.50301 128.07001 126.25600 125.90100 128.30800 132.03799 135.04800 129.90900 128.03900 134.59000 128.27400 127.73700 127.53200 127.21500 104.84500
194.07600 202.17101 204.00600 200.84801 204.33099 207.70799 195.85400 188.90199 204.87601 214.39500 213.71800 203.49800 195.63800 185.94800 186.74001 152.10100 149.56000 145.56900 133.44701 173.20599 183.11099 207.59300 202.84801 146.97301 105.51600 76.85090 81.92710 78.82840 80.78800 97.83980 102.51000 95.50440 97.52760 103.97300 109.70600 101.08300 95.54850 89.86740 91.25240 94.28200 96.51390 92.80630 92.97410 96.25240 98.03080 102.37100 102.90400 102.78100 103.08200 106.53500 105.74300 121.68700 131.94800 132.22200 134.52901 135.51199 108.85500 135.96201 134.55499 141.18800 146.07700 134.95799 126.69700 129.32899 130.11600 128.72501 125.83100 125.04000 123.97700 102.18300
191.13600 185.31799 196.21001 195.78600 195.41400 194.10300 191.96300 189.22600 190.57300 181.60899 185.67500 203.31000 204.15900 181.10899 177.48801 172.90300 170.81799 164.01199 158.47200 135.41499 117.57300 126.99000 207.70900 196.52100 164.05499 160.67200 160.91400 71.82910 72.22010 72.59470 77.25980 85.70610 91.30740 84.62310 89.56460 88.71990 89.92190 83.71230 89.61200 93.58180 97.32250 97.67710 96.80840 104.39600 104.19400 105.49200 104.60400 103.68300 103.82400 99.56600 104.56200 108.65200 112.54700 111.63600 121.85300 139.66701 140.17900 114.03100 148.46001 136.63499 130.32001 134.38800 132.19501 129.17900 126.02000 123.71500 122.95600 124.15900 125.26500 124.50100
145.08800 147.22099 198.53400 191.63699 190.93300 179.04300 175.02800 190.98399 178.78101 180.97701 176.19299 174.31700 176.25101 166.47600 166.05600 167.28200 169.04700 179.64301 151.37000 132.70399 122.70400 140.38499 154.18900 143.80299 163.54601 115.55900 144.21600 119.42400 160.54201 113.81900 104.89500 87.51630 133.25000 140.32700 142.99500 125.06800 124.89800 112.57300 113.43000 83.11710 92.00840 136.70599 147.94800 102.74000 102.84000 108.21200 110.24000 105.61900 107.67300 105.41100 103.99600 115.89000 115.67000 115.85200 116.77200 123.65400 136.61000 139.96201 110.03100 139.25400 138.42200 139.57401 135.90601 134.18500 127.66200 127.83600 129.29100 129.22400 126.18800 125.82600
197.65500 197.04601 202.03101 189.73700 183.44800 188.11600 195.86400 188.85899 215.70900 217.61400 211.20300 193.36099 209.47501 207.47900 199.10201 212.80400 189.74300 191.44400 189.15199 171.25800 155.35001 183.86301 147.09300 160.58501 147.77901 156.56700 162.67000 153.32899 155.66299 163.50600 157.96001 150.00600 160.39999 171.95399 155.14900 146.54300 135.52901 125.96700 126.46200 120.87400 128.96899 136.61099 144.60699 142.97301 143.64999 109.18200 112.19600 111.26300 112.54700 109.82000 109.03700 104.09900 109.92200 113.12700 113.25100 117.78800 117.25400 142.20200 106.62700 139.90800 140.27901 141.14400 138.75800 142.26900 134.74100 129.73399 128.73399 133.54601 136.96800 132.97000
129.66000 187.99300 182.59300 174.76300 118.51900 126.06100 146.71700 211.95000 211.99300 156.96001 158.19099 147.68100 148.03500 205.47400 136.99899 176.73599 238.16701 228.16200 204.47701 168.28700 163.01801 213.64999 202.39799 183.95200 186.52100 178.97301 195.39700 155.01801 157.56599 153.98900 167.48599 150.46800 157.45599 164.01900 141.74300 131.37100 138.49100 127.51300 125.73100 120.97600 122.46800 125.90700 133.92900 127.72300 131.72200 112.27200 121.62000 117.24500 118.25400 116.48400 115.51600 111.58700 119.50500 122.66600 119.32300 116.48900 117.30200 147.87000 116.92700 121.07700 147.29201 147.84801 146.50600 148.92400 142.36400 139.15500 142.58099 146.73500 145.77000 139.91701
122.74700 116.31300 112.11200 126.67500 145.97200 143.59700 139.23000 131.74899 128.93700 129.34700 138.64000 147.68800 150.62900 145.57300 146.46899 134.78400 132.84100 132.23000 189.76100 180.11501 143.22900 204.63901 211.82100 202.38100 198.19501 190.10001 176.95700 120.45300 107.97000 152.71400 165.06700 161.50400 171.06400 172.38400 155.53101 137.20500 121.67000 120.87800 124.14100 128.24001 126.38800 130.60100 137.03799 135.44400 141.23801 109.01700 122.53700 121.66200 121.91100 121.14300 119.82300 116.72400 117.48900 116.17600 117.40800 124.74000 125.55300 148.56200 134.91600 135.65800 154.86800 154.76100 151.80400 139.27600 136.36600 134.41901 130.55499 135.80901 149.16600 145.46500
134.09500 138.27000 140.94600 147.59801 143.47400 144.02499 137.50200 128.47600 126.80400 121.07300 121.86200 122.35300 137.77499 136.37000 140.32800 157.05299 157.74100 148.42400 192.03500 188.34599 186.19299 190.09399 189.19600 193.68201 204.37199 218.48801 196.26601 165.93600 142.30200 146.44200 128.38300 146.31900 170.36200 161.52600 134.91901 133.90700 120.70200 133.81200 135.36800 146.13200 139.07001 154.50600 152.59599 148.90100 150.78600 162.43100 118.05300 129.32700 127.14900 127.89300 126.39300 121.42300 119.43900 118.71600 120.78900 129.20100 126.46300 136.65199 145.26300 159.60201 159.11501 158.21100 153.67599 147.70900 141.27600 142.09599 140.74400 126.12600 119.83600 144.10201
128.64900 145.29900 147.42000 139.59500 134.09801 134.70399 138.33701 130.45700 124.10400 132.00500 130.57401 130.53999 134.49600 133.97600 126.42400 136.36400 162.24300 156.52600 191.67400 148.82001 158.54700 185.88300 188.91200 186.31400 184.72600 191.29401 191.25301 177.18800 161.24500 167.73500 182.30000 176.93500 173.74200 154.06000 138.16400 135.83900 129.53900 151.69200 163.51801 153.92300 155.04500 146.69501 155.92700 154.73599 114.81900 115.65400 118.85200 125.08300 130.21300 126.77600 125.16600 129.54601 137.88200 131.29401 133.50301 142.40100 136.97600 132.41100 147.38901 163.49899 162.96500 160.67799 160.39900 161.04700 154.02200 152.59700 152.20500 150.95700 150.06900 147.69901
