data/hydroclimate-scenarios/BCSD_hadcm_B1/monthly_summaries/soilm1_monthly_day1_jul.2070-2099.asc
ncols	311
nrows	91
xllcenter	102.75
yllcenter	31.75
cellsize	0.5
NODATA_value	-9999
[rows 0 to 31 of 91, columns 0 to 70 of 311]
-9999 -9999 -9999 -9999 -9999 -9999 -9999 -9999 -9999 -9999 -9999 -9999 -9999 -9999 -9999 -9999 -9999 -9999 -9999 -9999 -9999 -9999 -9999 -9999 -9999 -9999 -9999 -9999 -9999 -9999 -9999 -9999 -9999 -9999 -9999 -9999 -9999 -9999 -9999 -9999 -9999 -9999 -9999 -9999 -9999 -9999 -9999 -9999 -9999 -9999 -9999 -9999 -9999 -9999 -9999 -9999 -9999 -9999 -9999 -9999 -9999 -9999 -9999 -9999 -9999 -9999 -9999 -9999 -9999 -9999 -9999
-9999 -9999 -9999 -9999 -9999 -9999 -9999 -9999 -9999 -9999 -9999 -9999 -9999 -9999 -9999 -9999 -9999 -9999 -9999 -9999 -9999 -9999 -9999 -9999 -9999 -9999 -9999 -9999 -9999 -9999 -9999 -9999 -9999 -9999 -9999 -9999 -9999 -9999 -9999 -9999 -9999 -9999 -9999 -9999 -9999 -9999 -9999 -9999 -9999 -9999 -9999 -9999 -9999 -9999 -9999 -9999 -9999 -9999 -9999 -9999 -9999 -9999 -9999 -9999 -9999 -9999 -9999 -9999 -9999 -9999 -9999
-9999 -9999 -9999 -9999 -9999 -9999 -9999 -9999 -9999 -9999 -9999 -9999 -9999 -9999 -9999 -9999 -9999 -9999 -9999 -9999 -9999 -9999 -9999 -9999 -9999 -9999 -9999 -9999 -9999 -9999 -9999 -9999 -9999 -9999 -9999 -9999 -9999 -9999 -9999 -9999 -9999 -9999 -9999 -9999 -9999 -9999 -9999 -9999 -9999 -9999 -9999 -9999 -9999 -9999 -9999 -9999 -9999 -9999 -9999 -9999 -9999 -9999 -9999 -9999 -9999 -9999 -9999 -9999 -9999 -9999 -9999
-9999 -9999 -9999 -9999 -9999 -9999 -9999 -9999 -9999 -9999 -9999 -9999 -9999 -9999 -9999 -9999 -9999 -9999 -9999 -9999 -9999 -9999 -9999 -9999 -9999 -9999 -9999 -9999 -9999 -9999 -9999 -9999 -9999 -9999 -9999 -9999 -9999 -9999 -9999 -9999 -9999 -9999 -9999 -9999 -9999 -9999 -9999 -9999 -9999 -9999 -9999 -9999 -9999 -9999 -9999 -9999 -9999 -9999 -9999 -9999 -9999 -9999 -9999 -9999 -9999 -9999 -9999 -9999 -9999 -9999 -9999
-9999 -9999 -9999 -9999 -9999 -9999 -9999 -9999 -9999 -9999 -9999 -9999 -9999 -9999 -9999 -9999 -9999 -9999 -9999 -9999 -9999 -9999 -9999 -9999 -9999 -9999 -9999 -9999 -9999 -9999 -9999 -9999 -9999 -9999 -9999 -9999 -9999 -9999 -9999 -9999 -9999 -9999 -9999 -9999 -9999 -9999 -9999 -9999 -9999 -9999 -9999 -9999 -9999 -9999 -9999 -9999 -9999 -9999 -9999 -9999 -9999 -9999 -9999 -9999 -9999 -9999 -9999 -9999 -9999 -9999 -9999
-9999 -9999 -9999 -9999 -9999 -9999 -9999 -9999 -9999 -9999 -9999 -9999 -9999 -9999 -9999 -9999 -9999 -9999 -9999 -9999 -9999 -9999 -9999 -9999 -9999 -9999 -9999 -9999 -9999 -9999 -9999 -9999 -9999 -9999 -9999 -9999 -9999 -9999 -9999 -9999 -9999 -9999 -9999 -9999 -9999 -9999 -9999 -9999 -9999 -9999 -9999 -9999 -9999 -9999 -9999 -9999 -9999 -9999 -9999 -9999 -9999 -9999 -9999 -9999 -9999 -9999 -9999 -9999 -9999 -9999 -9999
-9999 -9999 -9999 -9999 -9999 -9999 -9999 -9999 -9999 -9999 -9999 -9999 -9999 -9999 -9999 -9999 -9999 -9999 -9999 -9999 -9999 -9999 -9999 -9999 -9999 -9999 -9999 -9999 -9999 -9999 -9999 -9999 -9999 -9999 -9999 -9999 -9999 -9999 -9999 -9999 -9999 -9999 -9999 -9999 -9999 -9999 -9999 -9999 -9999 -9999 -9999 -9999 -9999 -9999 -9999 -9999 -9999 -9999 -9999 -9999 -9999 -9999 -9999 -9999 -9999 -9999 -9999 -9999 -9999 -9999 -9999
-9999 -9999 -9999 -9999 -9999 -9999 -9999 -9999 -9999 -9999 -9999 -9999 -9999 -9999 -9999 -9999 -9999 -9999 -9999 -9999 -9999 -9999 -9999 -9999 -9999 -9999 -9999 -9999 -9999 -9999 -9999 -9999 -9999 -9999 -9999 -9999 -9999 -9999 -9999 -9999 -9999 -9999 53.02570 53.94100 53.11400 56.18850 56.06980 53.89390 52.45460 51.66260 51.52690 50.85250 -9999 -9999 -9999 -9999 -9999 -9999 -9999 -9999 -9999 -9999 -9999 -9999 -9999 -9999 -9999 -9999 -9999 -9999 -9999
-9999 -9999 -9999 -9999 -9999 -9999 -9999 -9999 -9999 -9999 -9999 -9999 -9999 -9999 -9999 -9999 -9999 -9999 -9999 -9999 -9999 -9999 -9999 -9999 -9999 -9999 -9999 -9999 -9999 -9999 -9999 -9999 -9999 -9999 -9999 -9999 -9999 -9999 51.70920 53.24830 52.21100 54.57460 54.53170 53.62930 52.60330 54.21530 53.75760 54.34540 52.97000 50.12570 49.32360 67.82050 67.08700 62.02030 -9999 -9999 -9999 -9999 -9999 -9999 -9999 -9999 -9999 -9999 -9999 -9999 -9999 -9999 -9999 -9999 -9999
-9999 -9999 -9999 -9999 -9999 -9999 -9999 -9999 -9999 -9999 -9999 -9999 -9999 -9999 -9999 -9999 -9999 -9999 -9999 -9999 -9999 -9999 -9999 -9999 -9999 -9999 -9999 -9999 -9999 -9999 -9999 -9999 -9999 -9999 -9999 -9999 -9999 -9999 -9999 -9999 52.50340 54.54450 55.88190 55.54090 52.49980 54.44130 53.63910 51.66620 53.75210 52.97300 52.28050 49.21400 48.04050 48.81900 -9999 -9999 -9999 -9999 -9999 -9999 -9999 -9999 -9999 -9999 -9999 -9999 -9999 -9999 -9999 -9999 -9999
-9999 -9999 -9999 -9999 -9999 -9999 -9999 -9999 -9999 -9999 -9999 -9999 -9999 -9999 -9999 -9999 -9999 -9999 -9999 -9999 -9999 -9999 -9999 -9999 -9999 -9999 -9999 -9999 -9999 -9999 -9999 -9999 -9999 -9999 -9999 -9999 -9999 -9999 -9999 -9999 -9999 -9999 -9999 -9999 54.90770 54.32890 54.42340 54.75680 45.97780 54.70350 53.47860 55.15660 41.96900 52.01280 -9999 -9999 -9999 -9999 -9999 -9999 46.71490 -9999 -9999 -9999 -9999 -9999 -9999 -9999 -9999 -9999 -9999
-9999 -9999 -9999 -9999 -9999 -9999 -9999 -9999 -9999 -9999 -9999 -9999 -9999 -9999 -9999 -9999 -9999 -9999 -9999 -9999 -9999 -9999 -9999 -9999 -9999 -9999 -9999 -9999 -9999 -9999 -9999 -9999 -9999 -9999 -9999 -9999 -9999 -9999 -9999 -9999 -9999 59.02270 58.42060 58.77060 57.97320 54.78120 55.95150 58.09480 55.96760 55.59470 55.82890 55.85080 42.41280 50.84930 -9999 -9999 -9999 -9999 -9999 46.50610 46.10250 46.45500 46.58180 47.31330 46.74310 46.30300 46.53970 46.76110 46.79200 46.33680 46.51160
-9999 -9999 -9999 -9999 -9999 -9999 -9999 -9999 -9999 -9999 -9999 -9999 -9999 -9999 -9999 -9999 -9999 -9999 -9999 -9999 -9999 -9999 -9999 -9999 -9999 -9999 -9999 -9999 -9999 -9999 -9999 -9999 -9999 -9999 -9999 -9999 -9999 -9999 -9999 -9999 -9999 58.13270 58.66880 57.94880 55.17490 55.19340 70.79140 70.36630 54.84530 54.81730 55.18630 59.06450 48.81890 42.78890 50.60790 37.98740 46.92410 -9999 46.17790 46.93980 46.54470 46.43570 46.37630 47.95860 48.17340 46.09240 45.68450 45.89360 45.54560 45.92760 46.04000
-9999 -9999 -9999 -9999 -9999 -9999 -9999 -9999 -9999 -9999 -9999 -9999 -9999 -9999 -9999 -9999 -9999 -9999 -9999 -9999 -9999 -9999 -9999 -9999 -9999 -9999 -9999 -9999 -9999 -9999 -9999 -9999 -9999 -9999 -9999 56.20240 56.49340 59.62000 59.54380 54.45230 54.27390 54.61240 55.49000 55.55750 71.00150 70.90960 54.09900 54.38410 54.30660 56.89500 57.46610 61.84190 62.27310 55.37650 46.72390 45.17920 49.17480 49.14790 47.13930 47.04660 46.67670 46.88360 46.83600 50.72680 49.97130 46.21490 46.41440 46.65430 46.12580 34.84280 35.03560
-9999 -9999 -9999 -9999 -9999 -9999 -9999 -9999 -9999 -9999 -9999 -9999 -9999 -9999 -9999 -9999 -9999 -9999 -9999 -9999 -9999 -9999 -9999 -9999 -9999 -9999 -9999 -9999 -9999 -9999 -9999 -9999 -9999 -9999 52.39350 55.35640 54.62630 54.42400 53.68680 52.48400 51.76650 49.83320 50.12810 68.02190 52.52600 50.58100 50.43260 51.66150 54.44210 57.78770 56.72360 58.70140 60.03060 55.33800 52.10380 56.26610 53.32380 49.30780 46.83180 47.99940 48.24020 49.15120 49.56710 50.46680 48.15580 47.01030 47.55210 48.00640 50.12800 52.40500 54.52060
-9999 -9999 -9999 -9999 -9999 -9999 -9999 -9999 -9999 -9999 -9999 -9999 -9999 -9999 -9999 -9999 -9999 -9999 -9999 -9999 -9999 -9999 -9999 -9999 -9999 -9999 -9999 -9999 -9999 -9999 -9999 -9999 -9999 51.45140 51.59430 52.61830 52.76150 53.20650 52.63380 51.05860 51.94220 51.04960 68.01860 68.68510 50.07840 50.32920 51.00140 51.93960 56.78060 61.75240 63.55640 64.24210 58.20630 56.25160 49.89680 55.61630 54.35640 49.29190 47.24160 48.74740 49.51090 48.16600 47.45290 46.72660 46.86700 47.11410 48.23050 48.84640 49.88270 52.38470 54.27250
-9999 -9999 -9999 -9999 -9999 -9999 -9999 -9999 -9999 -9999 -9999 -9999 -9999 -9999 -9999 -9999 -9999 -9999 -9999 -9999 -9999 -9999 -9999 -9999 -9999 -9999 -9999 -9999 -9999 -9999 -9999 49.84620 50.16490 51.17690 51.37030 52.21390 51.70570 53.08800 53.03140 52.04470 53.91200 51.84860 70.40890 51.72970 50.51170 50.52750 50.93870 51.41680 53.23100 55.58800 52.86450 58.85540 57.30700 56.96620 58.55030 53.62030 50.23390 49.52280 50.53700 49.69200 47.97810 49.59150 49.80280 45.36200 46.01970 46.90820 47.03030 46.89870 47.37210 54.48840 56.81100
-9999 -9999 -9999 -9999 -9999 -9999 -9999 -9999 -9999 -9999 -9999 -9999 -9999 -9999 -9999 -9999 -9999 -9999 -9999 -9999 -9999 -9999 -9999 -9999 -9999 -9999 -9999 -9999 -9999 50.07600 49.47800 51.14610 51.62080 51.46930 50.58320 50.63430 50.74790 54.87300 53.75290 53.17820 69.17750 68.19200 53.68770 50.61920 50.76700 51.34700 51.51900 53.09720 57.05970 59.57230 55.14960 63.56430 58.32530 55.16240 60.64640 57.56490 52.33220 51.30530 49.37680 48.22070 47.91220 50.32200 50.21850 46.57380 46.24290 46.49940 47.84800 48.77120 49.71780 53.66810 53.08330
-9999 -9999 -9999 -9999 -9999 -9999 -9999 -9999 -9999 -9999 -9999 -9999 -9999 -9999 -9999 -9999 -9999 -9999 -9999 -9999 -9999 -9999 -9999 -9999 55.69700 54.71440 53.86300 52.39230 51.98580 53.24870 54.74180 51.71020 52.50650 52.67020 52.68940 53.71720 54.81520 58.32930 62.14130 59.52410 60.47100 71.05690 53.36510 52.05070 52.50200 52.70520 52.21540 56.42710 60.89360 65.08110 63.91520 68.82180 63.59380 60.08470 56.92160 52.36350 49.29950 47.86100 47.39290 46.05480 45.08880 45.16580 44.82290 44.76380 44.91620 45.78570 45.51820 47.51440 47.62660 48.31820 54.74260
-9999 -9999 -9999 -9999 -9999 -9999 57.49320 57.19620 57.83170 58.83590 56.70970 -9999 -9999 -9999 -9999 -9999 -9999 -9999 -9999 -9999 -9999 54.52960 56.60340 56.35690 56.19370 55.44690 54.15540 53.25080 53.40310 54.22740 53.70330 51.81160 52.18940 51.97980 52.19920 52.82660 53.62740 55.96200 57.29390 54.05010 55.31500 57.57860 71.19330 51.59830 51.82140 52.47350 52.38570 55.44560 59.98560 63.88530 64.73460 62.32080 64.37550 64.29260 56.72640 50.72010 49.60860 48.32660 46.27580 45.58160 45.22500 45.36720 45.72800 46.00810 46.57790 45.43270 45.00630 47.56060 48.11520 47.96490 48.52780
-9999 -9999 -9999 -9999 -9999 58.96100 59.47530 62.90870 58.97500 59.50200 57.66200 59.62340 58.28500 59.44650 -9999 -9999 -9999 57.92410 57.39610 55.41940 54.88230 57.41040 57.23580 54.09530 71.00130 72.18950 71.73470 71.21470 71.56760 71.05100 70.66610 68.61540 68.66610 70.52100 69.53600 71.20790 72.40660 71.29860 70.56370 73.20840 73.59390 71.25060 71.50430 69.88300 70.86530 69.45270 70.71390 74.73000 64.41950 65.47040 66.65860 60.93350 63.75640 59.08240 56.96280 51.73020 51.85600 48.88580 46.62840 46.41010 45.93290 46.15890 34.17750 45.09500 45.92970 49.08450 48.74970 51.41570 49.78400 50.66160 50.64510
-9999 62.22820 65.27310 59.80700 59.19410 59.20410 59.82970 59.56800 60.20760 57.57750 58.78060 58.85020 59.40780 57.97990 56.89740 57.21070 54.90850 57.16000 57.82620 53.30230 52.77940 55.07690 55.14740 70.66670 70.56520 72.63490 72.47880 72.00780 71.97800 70.93100 70.11850 67.92970 67.51050 70.33020 71.10910 71.30360 71.55410 70.34920 69.50650 72.62820 72.95630 70.21280 73.20090 69.53630 71.21880 70.09910 70.67340 73.76010 61.73530 64.81650 67.91840 69.09330 66.06860 57.03430 62.54490 55.94620 52.39620 48.13580 48.12450 47.18030 46.35840 46.35210 47.36770 46.43830 48.05800 49.00650 48.34060 52.23500 50.52130 53.52140 58.35900
-9999 63.13130 62.54350 64.09820 63.54490 62.41910 60.00300 59.28750 58.64660 56.27180 57.65600 60.16610 60.48130 58.52240 58.34610 60.07980 62.16470 58.44780 57.64400 55.65350 56.21600 55.50450 71.05770 71.09620 70.97580 70.82250 70.57640 72.12680 72.20360 69.53950 69.13250 70.60150 72.89290 75.84800 74.54000 69.87940 70.67430 73.10950 72.60570 73.75730 73.99830 74.19280 77.91390 70.38800 69.31600 69.28380 69.36070 71.77070 73.34180 78.40590 77.56130 63.00750 60.59500 68.98690 66.62690 58.53770 56.71260 52.48740 50.36780 38.88990 48.52570 50.01430 50.29170 37.33170 49.32480 50.78510 51.97690 50.23840 51.27160 50.70990 51.20730
-9999 -9999 -9999 76.83660 78.39580 77.18070 76.20970 75.25790 75.17400 71.97720 57.64280 60.97620 59.40750 58.16900 57.04810 59.82870 62.25800 58.85790 58.55520 57.59780 71.91430 72.18780 71.76420 71.98960 71.05830 71.06980 70.59670 71.43020 71.35530 70.31670 71.82210 73.44920 72.57370 74.93920 73.74860 69.85730 70.54250 73.61630 73.40730 74.43580 72.90970 70.32110 55.30250 57.24900 68.53060 67.88440 69.20990 71.63990 72.27140 76.15050 62.34630 61.50560 63.27690 68.83980 65.89960 61.82590 57.68410 42.78070 52.47900 40.75500 48.96130 51.14000 50.70770 50.83880 50.54890 50.99850 50.78300 52.11700 53.05990 53.16750 53.84860
-9999 -9999 -9999 -9999 -9999 -9999 73.66270 74.00270 73.73080 61.73440 62.05960 72.50910 71.05870 71.40620 71.79490 61.28060 58.90550 73.64800 73.02520 70.57690 72.76350 72.60690 74.25190 73.25240 72.96430 76.90180 74.88400 72.78320 72.94220 72.24100 70.22360 72.88330 73.76680 55.19830 74.83530 53.59950 72.58800 75.26730 58.49880 56.28300 53.70670 49.70760 50.35870 49.22020 57.23680 53.80870 68.97470 70.79880 70.90660 76.64650 78.72530 79.51250 80.55310 61.85290 64.88340 82.93800 64.81510 57.80040 57.83110 54.79000 46.64660 44.37900 45.16440 44.60470 52.11320 55.13520 53.27250 52.34670 54.52380 54.11470 53.56070
-9999 -9999 -9999 -9999 -9999 -9999 74.33800 74.79630 71.95750 76.30160 75.05620 71.19000 71.89450 72.31930 73.81610 74.33500 75.88060 74.40580 75.34880 73.09490 72.92780 72.53590 73.55650 75.33240 74.78780 74.89680 74.61330 76.06150 61.35340 60.23610 59.06500 60.55930 61.13970 59.83170 62.88950 59.74710 71.25050 73.33310 72.53800 54.54430 61.53280 57.48990 54.18700 50.07090 48.67280 49.76510 55.89540 57.78920 54.62790 74.42630 74.96440 73.77200 74.91450 75.66530 76.11900 78.14530 77.80520 71.76200 69.22110 72.38000 61.61080 58.82160 57.88570 53.34560 53.93630 53.81330 55.00030 52.18990 52.51080 53.09410 55.43780
-9999 -9999 -9999 -9999 -9999 -9999 -9999 -9999 -9999 -9999 72.22950 74.74630 74.66660 72.05490 70.58080 71.08700 72.14370 74.77110 76.25190 72.62070 71.75530 74.15210 74.62750 74.56410 74.61460 76.20250 76.78790 76.38380 75.52970 77.72770 77.38320 73.51810 72.37660 59.79270 59.12210 55.01260 55.31560 53.47520 51.47440 51.63580 69.76950 68.60770 69.32280 71.71320 70.35420 69.34270 70.06840 71.88060 56.85580 61.18600 58.69490 57.58970 58.38080 74.25470 73.79490 71.59280 70.46110 47.78830 49.50230 68.32290 48.24260 69.74700 69.77710 70.66620 71.11440 69.40480 70.21690 55.62070 56.42980 53.38060 55.36410
-9999 -9999 -9999 -9999 -9999 -9999 -9999 -9999 -9999 -9999 72.11540 73.17390 74.93190 70.88480 72.52810 74.25890 75.53110 78.17440 77.03690 75.15910 76.82290 78.99850 78.86620 77.19910 76.84240 76.47500 75.50950 75.71420 75.46080 77.53150 76.52520 72.94690 72.61230 60.44360 73.46510 70.09620 70.25710 70.43830 69.19620 69.10380 70.03110 68.53130 67.90010 70.39470 71.08050 72.55970 72.94810 76.00970 77.19540 67.01530 59.23600 58.10490 59.19150 56.05590 72.79620 52.33910 50.85640 49.79160 47.56830 47.33750 46.49130 47.37650 47.17810 68.25210 68.02440 67.66840 68.54880 71.51980 54.56530 54.04760 55.69460
-9999 -9999 -9999 -9999 -9999 -9999 -9999 -9999 -9999 -9999 -9999 -9999 70.31470 69.99160 70.21230 68.57950 70.05310 70.82770 71.44330 74.92040 72.94580 74.52000 75.16320 76.91990 76.89940 74.45430 74.78930 75.29720 75.15240 76.38200 74.76100 74.11050 74.10180 74.61920 74.55080 72.53310 71.43890 70.38470 68.66260 69.45300 69.68250 69.53080 70.65880 72.53800 72.31300 71.14160 72.62800 75.02100 76.83480 80.03070 74.77450 74.25200 56.66490 72.57750 71.14000 49.59610 49.10250 46.99290 45.64580 47.53690 47.38330 48.54850 48.48840 68.12230 48.09510 50.05050 70.57390 73.41260 74.44130 55.22630 60.63100
-9999 -9999 -9999 -9999 -9999 -9999 -9999 -9999 -9999 -9999 -9999 -9999 69.75910 69.71190 69.61920 69.17830 68.92270 70.03850 70.47110 71.65600 72.48310 64.13010 76.22650 74.15560 75.40380 74.57650 75.54770 75.43330 75.10280 77.22040 76.73760 76.40180 76.02930 75.50200 74.80360 72.41770 71.12380 71.69240 68.88820 69.78720 70.07760 69.58260 69.95480 72.63480 73.58270 72.48910 71.23110 72.86990 54.88690 58.70420 76.40490 73.58840 73.10740 72.70280 71.31880 49.42690 50.55220 46.88300 45.74520 47.45410 47.11530 48.46210 49.55140 48.16960 50.11260 70.08910 70.75420 73.23250 57.15950 59.70880 60.22690
-9999 -9999 -9999 -9999 -9999 -9999 -9999 -9999 -9999 -9999 -9999 72.92430 70.42860 67.12330 67.25930 71.73710 54.91690 52.58510 55.03110 52.57560 57.86490 64.01020 74.22460 74.85350 74.13840 71.48160 74.33800 79.25040 77.31850 75.62940 74.79900 77.48690 78.10810 74.12600 73.29940 74.05760 74.49910 78.93590 78.65450 75.93710 77.49530 75.47280 76.37040 76.36240 74.63390 73.94740 72.63730 72.44420 73.23830 61.64800 63.08680 62.21550 61.00030 53.72310 48.66870 49.01340 50.62300 51.04920 49.22270 49.05020 51.18940 56.36930 58.20320 56.72090 55.49920 53.99780 54.92760 52.48850 52.63570 54.54490 57.19700
-9999 -9999 -9999 -9999 -9999 -9999 -9999 -9999 -9999 -9999 -9999 59.71380 72.50220 68.27320 69.13360 71.42080 55.35560 53.57690 55.71750 57.83800 62.58100 73.69120 76.40480 77.65150 77.60460 75.66790 78.87340 78.82300 77.42340 78.23940 76.97380 77.16090 77.63930 74.08910 75.44040 77.47470 77.68370 83.08810 83.14190 80.17140 79.24330 77.80180 75.67960 74.13180 73.92340 72.78080 72.54700 55.07480 56.64000 59.41880 62.78390 65.74510 63.76100 60.28070 59.46810 60.60610 61.46050 56.58870 57.90710 56.16780 51.51120 61.84230 59.59230 52.98570 52.70070 68.59010 50.63700 52.81080 53.42920 56.98810 58.57180
