data/hydroclimate-scenarios/BCSD_hadcm_B1/monthly_summaries/soilm3_monthly_day1_jan.2070-2099.asc
ncols	311
nrows	91
xllcenter	102.75
yllcenter	31.75
cellsize	0.5
NODATA_value	-9999
[rows 32 to 63 of 91, columns 0 to 70 of 311]
-9999 -9999 -9999 -9999 -9999 -9999 -9999 -9999 -9999 -9999 -9999 23.46880 23.47750 23.56100 23.50400 23.48300 23.48060 23.48160 20.62930 20.96870 23.12220 23.57120 23.60320 23.60790 23.39870 23.17780 22.97610 21.75390 20.72900 18.68770 18.57370 18.56130 18.56990 18.57670 19.48860 20.79740 22.22470 23.12620 24.36370 24.39280 24.37290 24.34810 24.39520 24.40250 24.38550 24.37730 24.36500 24.32240 24.31670 24.34790 24.32720 24.37180 24.34950 24.55230 24.36080 24.36460 24.30500 24.19950 24.50130 24.32290 24.34230 24.34680 24.10810 22.79900 22.36220 24.05640 24.02270 24.02430 24.16990 23.27810 23.34120
-9999 -9999 -9999 -9999 -9999 -9999 -9999 -9999 -9999 -9999 -9999 23.50960 23.51050 23.51020 23.50600 23.48270 23.47650 23.50680 23.52540 23.59300 23.61050 23.61250 23.63990 23.44010 23.22620 23.00670 23.04940 22.94470 22.89660 22.29520 20.59400 19.88710 21.91760 23.67830 24.34260 24.29330 24.33190 24.39220 24.42760 23.79770 24.40840 24.59410 24.44060 24.47150 24.49890 24.44790 24.43710 24.38170 24.36330 24.35490 24.33970 24.38140 24.35370 24.49120 24.34180 24.40700 24.40700 24.37010 24.40200 24.41380 24.39300 23.28470 23.23350 24.38960 23.51990 24.21490 24.38380 23.35770 23.32100 23.32010 23.36370
-9999 -9999 -9999 -9999 -9999 -9999 -9999 -9999 -9999 -9999 -9999 -9999 23.21140 23.09800 23.09170 23.09050 23.48750 23.55060 23.57060 23.61880 23.59710 23.03970 23.14860 23.08430 23.12050 23.06400 23.03410 23.05610 22.97020 22.96000 23.05680 23.67920 24.35700 24.36370 24.16220 24.08330 23.52010 24.41370 24.54560 23.41970 23.64630 23.71020 24.22640 24.41500 24.45700 24.49940 24.46670 24.43160 24.40970 24.39190 24.35030 24.35510 24.34430 24.30960 24.28460 24.33060 24.34070 24.11010 23.33440 23.42490 23.29800 23.19300 23.18760 23.72960 23.94530 23.46790 24.22770 23.49710 23.44160 23.50030 23.41770
-9999 -9999 -9999 -9999 -9999 -9999 -9999 -9999 -9999 -9999 -9999 -9999 23.01380 23.08790 23.29820 23.39020 23.29840 23.52880 23.36620 23.01390 23.12100 23.11660 23.07450 23.02690 23.00400 23.00660 22.95500 23.01720 22.96950 22.92010 22.89410 24.15250 23.99420 23.23840 23.22530 22.90210 22.88640 23.69540 23.90720 23.02070 23.10870 22.97840 23.45860 24.57250 24.40330 24.13940 24.26010 23.86150 23.69840 23.71450 23.57070 23.61640 23.88560 24.31160 24.30010 24.17880 22.21980 23.33110 23.92530 23.48220 23.11620 23.12900 24.01930 24.59130 24.16900 23.73140 23.56090 23.50390 23.53390 23.63570 23.65850
-9999 -9999 -9999 -9999 -9999 -9999 -9999 -9999 -9999 -9999 -9999 -9999 23.40840 23.19690 23.51510 23.16820 23.23690 22.91380 22.97540 23.15840 23.10510 23.11910 23.08840 23.02090 23.01920 23.01000 23.01450 22.97190 22.98070 22.92380 22.79550 23.01750 22.89070 22.98960 22.97800 22.97830 22.91990 23.00480 23.00290 23.06120 23.13160 23.09990 23.30730 23.86330 23.47300 23.41090 23.40450 23.24620 23.21990 23.14260 23.09120 23.09240 23.01750 23.27510 23.20160 23.09930 22.98290 23.12880 23.04090 23.18090 23.00140 23.13780 23.14090 23.58310 24.10640 23.80530 23.59380 23.63780 23.67950 23.65910 23.74400
-9999 -9999 -9999 23.04290 23.06470 22.98850 22.98090 22.96450 22.96970 -9999 23.42660 23.56110 23.28480 22.89930 22.91540 22.99500 22.94770 22.81040 22.91030 23.06300 23.10430 23.10410 22.95940 22.86820 23.00710 23.05610 23.04630 23.05150 22.88140 22.66220 22.60620 22.69950 22.74900 22.84980 22.91120 22.37400 22.91220 22.99930 23.04940 23.07930 23.13460 23.19850 23.25340 23.35790 23.40340 23.39060 23.38420 23.14260 23.16880 23.17940 23.09990 23.03970 23.00190 23.08270 22.94530 22.96930 23.07080 22.96010 22.91970 22.93460 23.17920 23.01080 23.07580 23.45550 23.37130 23.35890 23.47400 23.61090 23.79000 23.78210 23.87810
-9999 -9999 -9999 22.72610 23.06550 23.02140 22.99890 22.94630 22.92630 23.46890 23.43680 23.15050 22.88150 22.82010 22.95840 22.89800 22.86510 22.62820 22.63960 22.63380 22.64260 22.63230 22.64760 22.67620 22.74990 23.02090 22.86960 22.69130 22.65150 22.73000 22.36660 22.64050 22.57700 22.62140 22.84270 22.77300 22.89600 23.04210 23.04200 23.17330 23.14640 23.15230 23.30970 23.34150 23.25780 23.28220 23.38200 23.23180 23.17730 23.07630 23.06440 23.19130 23.17810 23.17890 23.03010 23.16720 23.10720 23.13060 23.05070 23.20650 23.24010 23.46190 23.53690 23.59960 23.68910 23.53580 23.61340 23.78860 23.99390 23.95540 23.78990
-9999 -9999 -9999 22.66510 23.05800 22.89310 23.37450 23.33370 23.34570 23.31640 23.34500 23.16850 22.63030 22.54750 22.53180 22.51830 22.67900 22.70410 22.61080 22.57680 22.60920 22.68560 22.37410 22.88470 22.72620 22.87010 22.91180 22.82040 22.71870 22.76580 22.80170 22.69100 22.66610 22.66120 22.68900 22.65510 22.70410 22.91040 22.98590 22.99360 23.09760 23.11890 23.30230 23.35850 23.34420 23.29420 23.34370 23.12360 23.10610 23.27690 23.28170 23.20650 23.19760 23.18150 23.14400 23.16390 23.12050 23.18240 23.19590 23.32990 23.43110 23.55090 23.60260 23.73390 23.80860 23.83270 23.86310 23.68830 23.59070 23.56610 23.52050
-9999 -9999 -9999 22.76250 23.01550 22.83050 23.37090 23.35110 23.19880 23.14560 23.22950 22.68440 22.52430 22.56010 22.52420 22.71890 21.25030 18.41400 19.10510 19.94660 22.92270 22.85240 21.95370 19.76520 20.07220 23.02060 22.87980 22.71990 22.83460 22.87670 22.85730 22.67130 22.73680 22.75750 22.71900 22.75690 22.70400 22.67730 22.90630 22.98280 23.03190 23.19260 23.26970 23.30810 23.42350 23.43600 23.43490 23.30080 23.28880 23.25320 23.25910 23.25070 23.22850 23.14320 23.16400 23.20930 23.09220 23.08460 23.11490 23.36490 23.24260 23.42950 23.43500 23.48530 23.57690 23.53860 23.49150 23.50850 23.49780 23.48040 23.77630
-9999 -9999 -9999 22.49300 22.88190 22.91300 23.35550 23.27420 23.23620 23.20660 23.23320 22.91450 22.54220 22.57720 18.32430 18.35610 19.74420 21.16820 22.60670 22.83530 22.97050 19.97760 18.88960 22.87520 22.89900 22.78030 22.63160 22.62090 22.71330 22.76650 22.80430 22.74090 22.74970 22.65420 22.48920 22.82160 22.73400 22.42730 22.44180 22.67850 23.15700 23.04750 22.89720 22.90970 23.07260 23.09030 23.00370 23.09590 23.02200 22.87840 22.78490 22.89070 22.98860 22.86660 22.80230 22.96510 22.95010 22.95290 22.86650 22.96450 23.06950 23.13600 23.20880 23.39670 23.43520 23.45420 23.52520 23.57280 23.53520 23.71750 23.90380
-9999 -9999 -9999 -9999 23.03970 23.15420 23.16880 23.13670 23.05440 23.04080 23.14150 22.69480 22.57350 22.65480 -9999 -9999 -9999 -9999 -9999 20.44290 18.60300 18.52960 18.59210 22.44880 21.37950 22.01760 22.11460 22.15720 22.66100 22.60720 22.60480 22.66200 22.63340 22.46350 22.86270 22.84630 23.08790 22.51540 22.41910 22.81690 22.91660 23.22190 22.73990 22.62490 22.84560 23.07480 23.67840 23.30110 22.90000 20.15920 23.06630 22.98240 22.95080 22.67270 22.65600 22.74420 22.73730 22.76550 23.04010 22.92280 22.85500 22.92050 20.59950 23.05090 23.10120 21.25070 23.20360 23.26420 23.00060 -9999 -9999
-9999 -9999 22.51190 23.09120 23.18170 23.17220 23.17620 23.13570 23.07430 23.09660 23.14960 22.59160 22.56230 -9999 -9999 -9999 -9999 -9999 20.45330 18.51470 19.56260 22.65700 22.63660 22.70490 19.90720 18.47950 19.08140 22.64970 22.65800 22.53160 22.70660 22.61280 22.86840 22.79010 22.49470 23.07710 23.07380 22.75530 22.50580 22.47690 22.41460 22.50860 22.59260 22.53180 22.52920 22.56540 22.61510 22.61070 22.33630 18.54400 18.53150 18.60750 18.71970 18.63300 20.83580 23.00500 22.72370 22.91440 22.97230 22.94260 22.98470 23.04020 20.63330 19.02610 19.08450 19.16480 19.17650 -9999 -9999 -9999 -9999
-9999 -9999 23.24800 23.24120 23.15610 23.10420 23.20430 23.12790 23.06240 23.12700 22.60010 22.58380 22.54450 -9999 -9999 -9999 -9999 22.61300 22.68580 22.62850 23.11180 22.74490 21.67650 18.42950 19.40630 22.60160 22.65810 22.48820 22.41860 22.50390 22.46740 22.37990 22.46360 22.48020 22.89550 22.56440 22.55160 22.46260 22.49420 22.44790 22.49990 22.55820 22.60730 22.57990 22.87890 23.01200 23.03880 22.98510 22.87530 22.87170 20.18490 18.64670 18.65930 18.61280 18.58290 21.44750 22.93590 20.91290 20.06450 19.77110 18.94880 19.04970 19.11850 20.46230 21.76550 -9999 -9999 -9999 -9999 -9999 23.34270
-9999 -9999 23.03050 23.41880 23.24380 23.18110 23.39890 23.33080 23.06710 23.01970 22.58720 22.54650 22.50670 -9999 -9999 -9999 -9999 22.66590 22.60110 22.87410 21.94940 20.31730 19.75860 22.60880 22.62110 22.60940 22.48710 22.40470 22.39820 22.50210 22.49080 22.55000 22.45430 22.47600 22.47830 22.47920 22.39900 22.41680 22.42650 22.49360 22.58150 22.54100 22.59840 22.64330 22.59760 21.94280 22.06910 22.74330 23.16180 23.17260 22.27090 22.04390 20.87220 21.59460 21.14900 20.92310 22.10020 21.86870 22.90470 23.04340 19.06660 21.74170 23.23060 23.36550 23.37230 21.40250 19.27040 19.20460 19.26990 -9999 -9999
-9999 -9999 -9999 23.75060 23.19440 22.05960 22.19080 22.77380 22.69000 23.75410 25.47040 22.50590 -9999 -9999 -9999 -9999 22.58650 22.60170 22.57740 22.57300 22.70000 22.57530 22.88050 22.66160 22.57010 22.46480 22.48510 22.63510 22.53220 22.51440 22.46930 22.46790 22.49120 22.89030 23.30330 23.38570 22.81570 22.68030 22.46150 22.45440 22.51460 22.51950 22.85150 22.52350 22.04340 22.00260 20.94220 20.28820 20.91560 22.52730 21.74710 19.07990 19.08330 19.19490 19.23480 19.19090 19.24210 22.52610 23.26460 23.28990 23.29030 23.31480 23.33760 23.34310 23.33800 23.43500 19.42100 19.26540 19.40050 19.52200 -9999
-9999 -9999 -9999 -9999 22.83170 21.14790 22.57410 22.60770 22.63220 22.52930 22.50930 -9999 -9999 -9999 -9999 22.60580 22.70630 22.70280 22.35030 22.97650 23.03960 23.27480 23.45480 22.85520 22.36490 22.84450 23.43630 22.95760 23.50160 23.03530 23.00370 23.21620 23.33740 23.35670 23.31410 22.70510 22.48010 22.38610 22.47940 22.45540 22.48410 22.51000 22.57420 22.57150 22.52890 23.33260 23.67790 21.98190 21.38850 20.68810 23.11360 18.92340 19.01610 20.12900 19.43200 19.06570 19.22630 19.25160 19.31600 23.29070 23.31730 23.39260 23.38970 23.50550 23.47230 23.37290 19.33550 19.29290 19.27400 19.43920 19.54300
-9999 -9999 -9999 -9999 -9999 -9999 22.74330 22.90120 22.71440 22.77280 23.26430 -9999 -9999 -9999 -9999 -9999 23.02990 23.14130 22.66640 23.40660 23.34360 22.97160 22.67030 22.58900 23.19040 23.38060 21.38330 19.69840 19.68630 20.34420 22.59670 23.45830 23.03590 23.42290 23.28170 23.50570 22.72750 22.38750 22.46110 22.47480 22.49630 22.56820 22.60320 22.54170 22.76160 23.10970 23.70130 23.32260 21.97500 18.68370 18.90090 19.16790 23.07520 23.60870 22.08170 24.24160 19.25050 19.27320 19.31880 22.40700 23.35860 23.42750 23.37390 23.40450 23.48510 23.38690 19.95430 19.24110 19.26690 21.67970 23.17420
-9999 -9999 -9999 -9999 -9999 -9999 -9999 -9999 -9999 -9999 -9999 -9999 -9999 -9999 -9999 -9999 -9999 -9999 -9999 23.33720 22.58180 21.30810 22.88610 23.03370 21.99290 21.88920 20.99500 20.92650 21.50360 22.94880 23.43780 22.91670 22.53470 22.70870 23.25730 23.14720 22.46810 22.49460 22.49350 22.52150 22.47810 22.54270 22.63540 22.61250 22.52270 23.14530 23.17690 23.34970 22.43430 23.25620 23.55210 21.70530 19.69090 19.33520 19.07530 19.15660 23.42880 22.44680 23.50660 23.45740 20.58040 19.61460 23.50340 23.45620 23.63230 20.79090 19.28090 19.23520 19.23260 19.37460 22.97290
-9999 -9999 -9999 -9999 -9999 -9999 -9999 -9999 -9999 -9999 -9999 -9999 -9999 -9999 -9999 -9999 -9999 -9999 23.06600 21.65580 21.74110 23.28880 23.31330 23.32270 22.13500 21.41380 21.16140 21.59240 23.16260 23.33070 23.34240 23.34320 23.40490 23.35860 22.88270 22.48950 22.36890 22.47470 22.40320 22.54200 22.48160 22.50770 22.53490 22.74500 23.17380 23.57820 23.25670 23.10360 23.03050 22.46880 22.62880 23.25920 23.37880 23.71560 19.53960 19.27580 22.41900 22.88060 20.33070 22.51680 19.39610 19.34020 21.76930 22.12650 19.38940 20.74270 22.63680 19.26280 19.35760 19.36450 21.52720
-9999 -9999 -9999 -9999 -9999 -9999 -9999 -9999 -9999 -9999 -9999 -9999 -9999 -9999 -9999 -9999 -9999 23.31220 22.22420 23.21050 23.32530 23.19380 22.64120 22.12070 22.20480 22.50540 21.19140 21.23870 22.20200 22.10290 22.43910 21.69610 21.76670 22.04150 21.58730 22.13600 22.61230 22.51150 22.50010 22.46290 23.09790 23.27480 23.33100 23.51530 23.34710 23.31050 23.42430 23.17610 23.41260 22.47500 21.53780 19.46070 23.17070 23.97340 23.63950 23.96060 23.46210 23.35360 23.36710 23.54880 21.57850 19.73830 21.57550 20.51890 23.77730 23.60150 22.65130 22.98920 21.60230 21.56760 23.99420
-9999 -9999 -9999 -9999 -9999 -9999 -9999 -9999 -9999 -9999 -9999 -9999 -9999 -9999 -9999 -9999 -9999 22.65850 23.27160 23.38020 22.88550 21.69350 22.25490 22.50060 23.30060 24.60390 23.70290 23.90470 22.40100 22.25900 20.76720 20.63900 21.16380 21.94290 21.17420 20.91910 21.62050 22.36670 22.42880 22.44570 23.32860 23.30190 23.40790 23.21140 23.41370 23.39010 23.44460 23.10780 23.30770 23.31410 20.21690 19.15110 19.21200 19.81150 22.50570 24.14400 23.86040 23.57250 23.00440 22.24070 23.68150 23.59630 23.60190 23.65180 23.53540 23.56710 23.60830 22.30430 22.46990 24.42910 24.49810
-9999 -9999 -9999 -9999 -9999 -9999 -9999 -9999 -9999 -9999 -9999 -9999 -9999 -9999 -9999 -9999 22.58700 22.59810 23.30240 22.55950 21.54410 23.10150 23.90090 24.30060 24.60030 24.30190 24.30210 24.70350 24.10140 23.00150 22.80160 23.20020 23.32990 20.92260 20.53310 20.67110 21.90770 22.49110 22.39110 22.50400 23.37130 23.28630 23.22880 23.28850 23.19520 23.23190 23.39320 23.11870 23.11440 23.68370 21.34890 19.95710 19.59410 20.23340 22.40060 24.13330 24.15870 23.57730 19.34280 23.50270 23.78980 23.82510 23.95130 24.12370 23.57400 19.48990 19.45990 19.56080 22.45370 24.43150 24.60370
-9999 -9999 -9999 -9999 -9999 -9999 -9999 -9999 -9999 -9999 -9999 -9999 -9999 23.35760 23.25130 22.77150 22.78770 22.69260 22.22650 21.92220 23.40050 24.40210 24.40090 23.90050 24.40070 24.70090 24.70080 24.70000 24.70000 24.70000 23.00680 22.52910 23.90000 23.30000 21.50760 20.40390 21.61360 22.02270 22.30140 23.20170 23.10130 23.14230 23.10620 23.10050 22.70760 22.27200 22.83230 22.36150 22.40680 23.13940 23.31220 23.57250 23.64220 23.64030 23.05020 19.91080 22.46710 23.91270 21.47820 22.41290 24.37540 23.83240 25.43970 22.90720 22.95620 24.68200 22.72150 22.71520 20.38270 25.47820 25.30630
-9999 -9999 -9999 -9999 -9999 -9999 -9999 -9999 -9999 -9999 -9999 -9999 23.17540 23.20650 22.42650 22.48940 23.00740 23.30730 23.80450 23.60030 22.90030 21.80080 21.90030 22.80030 24.00050 23.60040 23.70040 24.20000 22.30110 23.00370 21.40030 22.90200 23.10420 23.80770 22.51080 20.50390 22.20000 22.30010 22.70070 23.10070 23.10060 23.10060 22.98840 22.58120 21.92790 22.23410 22.96720 22.31950 22.07630 21.75550 23.49240 23.26630 23.96740 23.41890 23.87260 23.71380 24.11730 19.71380 21.54660 21.28090 23.73580 21.99670 20.95560 22.76240 23.02550 26.71650 26.78140 20.43810 22.15900 25.34210 25.00200
-9999 -9999 -9999 -9999 -9999 -9999 -9999 -9999 -9999 -9999 -9999 22.76940 23.32840 22.60360 23.41380 23.80670 23.50310 22.30280 21.50320 21.60120 21.30110 21.40050 21.30050 21.10030 21.10030 21.10030 20.92190 23.00480 22.80210 22.60760 21.50060 23.00000 24.20000 23.80000 22.70000 21.80770 22.30010 22.40030 22.80040 23.10040 23.10020 22.77520 22.23780 21.91760 21.71440 21.83320 21.74660 21.87230 22.01930 22.36720 22.79330 23.35480 23.32360 23.88800 23.47940 23.51760 24.10710 23.67870 19.14350 19.98570 20.54820 23.22160 22.08740 23.95670 26.46280 24.96520 25.26240 20.77440 25.23730 25.16200 24.95490
-9999 -9999 -9999 -9999 -9999 -9999 -9999 -9999 -9999 -9999 23.61760 22.52060 23.71410 23.30890 22.90310 21.90230 21.40110 21.10030 21.10060 21.10030 21.10010 21.10030 21.10030 21.10010 21.10010 21.10010 21.10010 21.40650 20.70180 21.10000 21.10000 23.70000 23.40000 20.31110 20.20310 21.60910 22.30010 22.40030 23.00060 23.10020 22.75800 21.81830 21.50470 21.20360 20.50570 21.33530 21.84650 21.55340 22.03160 22.15920 22.61410 23.21110 23.88940 23.30220 23.40310 23.44330 22.96340 20.70230 19.79960 23.49150 23.92270 23.39600 22.75850 25.25810 26.13100 25.04190 26.36180 25.51070 25.26480 25.08540 25.02020
-9999 -9999 -9999 -9999 -9999 -9999 -9999 -9999 -9999 22.00080 21.20040 21.10030 22.20030 21.40310 21.70140 21.10010 21.10010 21.10000 21.10000 21.10020 21.30020 21.10010 21.80010 21.80000 21.30000 21.10010 21.10010 21.70030 21.10020 21.70000 21.90000 21.50000 24.50000 24.70000 20.60610 22.13400 22.30080 22.80050 23.00020 22.48470 20.30770 21.10230 21.10550 20.66080 19.50340 20.12890 21.32590 22.09430 21.75210 22.11990 22.52120 24.10900 23.73920 25.21750 24.60860 23.55300 23.18160 23.35210 23.41730 23.87140 24.24820 24.03950 23.40480 25.49720 25.74610 26.15490 26.76330 26.68070 26.44060 26.16550 26.38420
-9999 -9999 -9999 -9999 -9999 -9999 -9999 -9999 -9999 -9999 22.40010 21.40000 21.40000 21.10050 21.10020 21.10000 21.10000 21.10000 21.10000 21.50010 22.00010 21.30000 21.70000 -9999 -9999 -9999 -9999 -9999 -9999 23.90020 25.40050 24.50000 24.00000 24.30000 22.70000 22.22890 22.24840 23.00010 23.10010 22.96280 20.81050 21.41280 22.30250 20.08370 19.63650 19.90980 20.56170 21.85020 22.40530 22.51520 23.18790 23.35240 23.60140 23.99410 24.41250 23.25430 23.02640 23.11060 22.88460 23.75590 23.75690 23.39010 24.35330 20.59890 25.07860 26.42750 26.85560 26.46280 26.07060 26.19430 26.20920
-9999 -9999 -9999 -9999 -9999 -9999 -9999 -9999 -9999 -9999 -9999 -9999 21.70000 21.10000 21.10000 21.10000 21.10000 21.10000 21.40000 -9999 -9999 -9999 -9999 -9999 -9999 -9999 -9999 -9999 -9999 -9999 -9999 -9999 -9999 24.80000 22.90780 21.91370 20.60940 21.71320 23.40000 25.10010 21.92730 20.70900 21.82760 21.01700 19.92100 19.77450 20.06440 20.85340 21.73960 21.69770 21.91540 23.89930 24.11200 24.45460 23.40900 22.89200 23.19590 23.36640 23.04920 23.63120 23.32760 22.76130 24.44260 24.46700 25.46270 26.43010 26.92160 26.12050 26.20770 26.91650 27.62330
-9999 -9999 -9999 -9999 -9999 -9999 -9999 -9999 -9999 -9999 -9999 -9999 -9999 -9999 -9999 -9999 -9999 -9999 -9999 -9999 -9999 -9999 -9999 -9999 -9999 -9999 -9999 -9999 -9999 -9999 -9999 -9999 -9999 -9999 22.31040 20.50410 20.70400 20.30350 22.90000 21.41290 22.11400 21.40580 21.06930 21.98870 20.20820 20.54320 21.25540 21.64170 22.27660 22.09220 22.56580 23.94660 23.04460 23.70040 23.95330 23.40520 23.20740 23.47050 23.40860 23.56600 22.06320 24.22220 24.17050 24.46730 25.51760 25.91520 27.01630 26.12400 26.28040 27.12110 28.59060
-9999 -9999 -9999 -9999 -9999 -9999 -9999 -9999 -9999 -9999 -9999 -9999 -9999 -9999 -9999 -9999 -9999 -9999 -9999 -9999 -9999 -9999 -9999 -9999 -9999 -9999 -9999 -9999 -9999 -9999 -9999 -9999 -9999 -9999 21.91470 20.30870 20.41050 23.03600 25.10010 19.80350 20.00220 20.13070 19.91420 20.00800 22.35140 21.32140 21.23480 21.65030 21.91540 22.10420 22.43330 21.93610 23.32100 23.70250 23.87360 23.43880 23.15180 23.16150 23.21600 23.64820 21.79500 20.36580 22.30000 24.27120 25.05260 26.80990 27.13530 27.91450 28.48200 29.37610 -9999
-9999 -9999 -9999 -9999 -9999 -9999 -9999 -9999 -9999 -9999 -9999 -9999 -9999 -9999 -9999 -9999 -9999 -9999 -9999 -9999 -9999 -9999 -9999 -9999 -9999 -9999 -9999 -9999 -9999 -9999 -9999 -9999 -9999 -9999 -9999 -9999 -9999 -9999 21.11140 19.80400 19.40190 19.30350 19.86790 19.98510 20.70600 21.83340 22.38460 21.75990 21.90460 22.30540 21.85380 22.49530 22.48370 23.50850 23.56170 23.06770 23.12070 23.12950 23.49990 21.29820 19.77640 23.65640 24.44070 24.87850 26.29580 26.95020 27.47470 28.26740 29.31530 -9999 -9999
