data/hydroclimate-scenarios/BCSD_hadcm_B1/monthly_summaries/soilm3_monthly_day1_jul.2030-2059.asc
ncols	311
nrows	91
xllcenter	102.75
yllcenter	31.75
cellsize	0.5
NODATA_value	-9999
[rows 0 to 31 of 91, columns 0 to 70 of 311]
-9999 -9999 -9999 -9999 -9999 -9999 -9999 -9999 -9999 -9999 -9999 -9999 -9999 -9999 -9999 -9999 -9999 -9999 -9999 -9999 -9999 -9999 -9999 -9999 -9999 -9999 -9999 -9999 -9999 -9999 -9999 -9999 -9999 -9999 -9999 -9999 -9999 -9999 -9999 -9999 -9999 -9999 -9999 -9999 -9999 -9999 -9999 -9999 -9999 -9999 -9999 -9999 -9999 -9999 -9999 -9999 -9999 -9999 -9999 -9999 -9999 -9999 -9999 -9999 -9999 -9999 -9999 -9999 -9999 -9999 -9999
-9999 -9999 -9999 -9999 -9999 -9999 -9999 -9999 -9999 -9999 -9999 -9999 -9999 -9999 -9999 -9999 -9999 -9999 -9999 -9999 -9999 -9999 -9999 -9999 -9999 -9999 -9999 -9999 -9999 -9999 -9999 -9999 -9999 -9999 -9999 -9999 -9999 -9999 -9999 -9999 -9999 -9999 -9999 -9999 -9999 -9999 -9999 -9999 -9999 -9999 -9999 -9999 -9999 -9999 -9999 -9999 -9999 -9999 -9999 -9999 -9999 -9999 -9999 -9999 -9999 -9999 -9999 -9999 -9999 -9999 -9999
-9999 -9999 -9999 -9999 -9999 -9999 -9999 -9999 -9999 -9999 -9999 -9999 -9999 -9999 -9999 -9999 -9999 -9999 -9999 -9999 -9999 -9999 -9999 -9999 -9999 -9999 -9999 -9999 -9999 -9999 -9999 -9999 -9999 -9999 -9999 -9999 -9999 -9999 -9999 -9999 -9999 -9999 -9999 -9999 -9999 -9999 -9999 -9999 -9999 -9999 -9999 -9999 -9999 -9999 -9999 -9999 -9999 -9999 -9999 -9999 -9999 -9999 -9999 -9999 -9999 -9999 -9999 -9999 -9999 -9999 -9999
-9999 -9999 -9999 -9999 -9999 -9999 -9999 -9999 -9999 -9999 -9999 -9999 -9999 -9999 -9999 -9999 -9999 -9999 -9999 -9999 -9999 -9999 -9999 -9999 -9999 -9999 -9999 -9999 -9999 -9999 -9999 -9999 -9999 -9999 -9999 -9999 -9999 -9999 -9999 -9999 -9999 -9999 -9999 -9999 -9999 -9999 -9999 -9999 -9999 -9999 -9999 -9999 -9999 -9999 -9999 -9999 -9999 -9999 -9999 -9999 -9999 -9999 -9999 -9999 -9999 -9999 -9999 -9999 -9999 -9999 -9999
-9999 -9999 -9999 -9999 -9999 -9999 -9999 -9999 -9999 -9999 -9999 -9999 -9999 -9999 -9999 -9999 -9999 -9999 -9999 -9999 -9999 -9999 -9999 -9999 -9999 -9999 -9999 -9999 -9999 -9999 -9999 -9999 -9999 -9999 -9999 -9999 -9999 -9999 -9999 -9999 -9999 -9999 -9999 -9999 -9999 -9999 -9999 -9999 -9999 -9999 -9999 -9999 -9999 -9999 -9999 -9999 -9999 -9999 -9999 -9999 -9999 -9999 -9999 -9999 -9999 -9999 -9999 -9999 -9999 -9999 -9999
-9999 -9999 -9999 -9999 -9999 -9999 -9999 -9999 -9999 -9999 -9999 -9999 -9999 -9999 -9999 -9999 -9999 -9999 -9999 -9999 -9999 -9999 -9999 -9999 -9999 -9999 -9999 -9999 -9999 -9999 -9999 -9999 -9999 -9999 -9999 -9999 -9999 -9999 -9999 -9999 -9999 -9999 -9999 -9999 -9999 -9999 -9999 -9999 -9999 -9999 -9999 -9999 -9999 -9999 -9999 -9999 -9999 -9999 -9999 -9999 -9999 -9999 -9999 -9999 -9999 -9999 -9999 -9999 -9999 -9999 -9999
-9999 -9999 -9999 -9999 -9999 -9999 -9999 -9999 -9999 -9999 -9999 -9999 -9999 -9999 -9999 -9999 -9999 -9999 -9999 -9999 -9999 -9999 -9999 -9999 -9999 -9999 -9999 -9999 -9999 -9999 -9999 -9999 -9999 -9999 -9999 -9999 -9999 -9999 -9999 -9999 -9999 -9999 -9999 -9999 -9999 -9999 -9999 -9999 -9999 -9999 -9999 -9999 -9999 -9999 -9999 -9999 -9999 -9999 -9999 -9999 -9999 -9999 -9999 -9999 -9999 -9999 -9999 -9999 -9999 -9999 -9999
-9999 -9999 -9999 -9999 -9999 -9999 -9999 -9999 -9999 -9999 -9999 -9999 -9999 -9999 -9999 -9999 -9999 -9999 -9999 -9999 -9999 -9999 -9999 -9999 -9999 -9999 -9999 -9999 -9999 -9999 -9999 -9999 -9999 -9999 -9999 -9999 -9999 -9999 -9999 -9999 -9999 -9999 20.26800 19.92810 20.32690 20.28640 20.31390 20.52600 20.30660 20.99470 20.67010 22.72240 -9999 -9999 -9999 -9999 -9999 -9999 -9999 -9999 -9999 -9999 -9999 -9999 -9999 -9999 -9999 -9999 -9999 -9999 -9999
-9999 -9999 -9999 -9999 -9999 -9999 -9999 -9999 -9999 -9999 -9999 -9999 -9999 -9999 -9999 -9999 -9999 -9999 -9999 -9999 -9999 -9999 -9999 -9999 -9999 -9999 -9999 -9999 -9999 -9999 -9999 -9999 -9999 -9999 -9999 -9999 -9999 -9999 21.63830 22.12370 21.91580 22.07510 21.73620 20.90620 21.16270 20.04910 19.42230 19.47240 20.57640 21.27310 23.15280 25.94120 25.53160 24.22120 -9999 -9999 -9999 -9999 -9999 -9999 -9999 -9999 -9999 -9999 -9999 -9999 -9999 -9999 -9999 -9999 -9999
-9999 -9999 -9999 -9999 -9999 -9999 -9999 -9999 -9999 -9999 -9999 -9999 -9999 -9999 -9999 -9999 -9999 -9999 -9999 -9999 -9999 -9999 -9999 -9999 -9999 -9999 -9999 -9999 -9999 -9999 -9999 -9999 -9999 -9999 -9999 -9999 -9999 -9999 -9999 -9999 20.81260 20.85910 21.19570 21.35510 21.73780 22.46360 21.45700 21.74040 19.49680 19.36950 19.57540 24.15820 25.17840 23.74870 -9999 -9999 -9999 -9999 -9999 -9999 -9999 -9999 -9999 -9999 -9999 -9999 -9999 -9999 -9999 -9999 -9999
-9999 -9999 -9999 -9999 -9999 -9999 -9999 -9999 -9999 -9999 -9999 -9999 -9999 -9999 -9999 -9999 -9999 -9999 -9999 -9999 -9999 -9999 -9999 -9999 -9999 -9999 -9999 -9999 -9999 -9999 -9999 -9999 -9999 -9999 -9999 -9999 -9999 -9999 -9999 -9999 -9999 -9999 -9999 -9999 21.23420 21.57420 22.22890 23.39180 23.15670 21.04230 21.89700 24.80880 23.54320 23.82820 -9999 -9999 -9999 -9999 -9999 -9999 19.72880 -9999 -9999 -9999 -9999 -9999 -9999 -9999 -9999 -9999 -9999
-9999 -9999 -9999 -9999 -9999 -9999 -9999 -9999 -9999 -9999 -9999 -9999 -9999 -9999 -9999 -9999 -9999 -9999 -9999 -9999 -9999 -9999 -9999 -9999 -9999 -9999 -9999 -9999 -9999 -9999 -9999 -9999 -9999 -9999 -9999 -9999 -9999 -9999 -9999 -9999 -9999 21.04340 21.00050 21.53360 21.47450 21.00920 21.38280 21.92510 21.53430 20.99210 21.16760 24.68090 23.71730 23.66860 -9999 -9999 -9999 -9999 -9999 21.15640 21.55360 22.56310 22.30000 20.57260 20.96530 21.74170 22.53850 23.81790 22.42020 22.59680 21.79020
-9999 -9999 -9999 -9999 -9999 -9999 -9999 -9999 -9999 -9999 -9999 -9999 -9999 -9999 -9999 -9999 -9999 -9999 -9999 -9999 -9999 -9999 -9999 -9999 -9999 -9999 -9999 -9999 -9999 -9999 -9999 -9999 -9999 -9999 -9999 -9999 -9999 -9999 -9999 -9999 -9999 21.84330 21.15880 21.41150 21.03080 21.11850 21.71280 21.70350 21.24510 21.93170 22.80430 28.11760 26.28910 25.22600 24.04050 26.97610 24.13950 -9999 22.34540 23.98450 23.93880 23.73390 23.56870 22.70340 23.21750 23.80460 22.85020 22.69230 21.90770 21.06430 20.70200
-9999 -9999 -9999 -9999 -9999 -9999 -9999 -9999 -9999 -9999 -9999 -9999 -9999 -9999 -9999 -9999 -9999 -9999 -9999 -9999 -9999 -9999 -9999 -9999 -9999 -9999 -9999 -9999 -9999 -9999 -9999 -9999 -9999 -9999 -9999 24.22940 22.19770 21.16510 21.17960 20.52460 20.46240 20.33740 20.49400 20.96060 21.33040 21.30880 20.72000 20.93930 22.72940 24.19120 24.18350 28.31300 29.63760 26.99470 25.07750 28.78090 26.62430 24.85270 24.72700 23.91980 23.58000 23.11720 23.03940 23.34360 23.35170 23.77430 23.64580 23.31480 23.06920 22.35830 22.36780
-9999 -9999 -9999 -9999 -9999 -9999 -9999 -9999 -9999 -9999 -9999 -9999 -9999 -9999 -9999 -9999 -9999 -9999 -9999 -9999 -9999 -9999 -9999 -9999 -9999 -9999 -9999 -9999 -9999 -9999 -9999 -9999 -9999 -9999 24.29070 23.86180 23.27970 23.11710 21.37070 20.65610 20.55770 20.38080 20.53280 21.37740 21.15520 20.52560 20.51060 21.59200 24.25910 24.63850 24.93370 24.64320 25.68880 25.10090 24.37710 28.14790 25.55990 24.81530 24.40890 24.04270 23.53720 23.70490 24.04730 24.53490 24.17490 23.86460 23.45740 23.58110 23.91870 23.76770 24.04250
-9999 -9999 -9999 -9999 -9999 -9999 -9999 -9999 -9999 -9999 -9999 -9999 -9999 -9999 -9999 -9999 -9999 -9999 -9999 -9999 -9999 -9999 -9999 -9999 -9999 -9999 -9999 -9999 -9999 -9999 -9999 -9999 -9999 24.18660 24.01760 23.01150 23.01240 22.39590 21.37190 20.27430 20.35880 20.37680 21.30460 21.34140 20.48820 20.89530 22.01230 22.43670 23.97790 24.83360 25.54680 26.78750 25.93920 25.08550 23.58070 26.91550 26.10680 24.05210 23.63790 23.64950 23.95200 23.81560 23.70760 23.84090 23.93080 23.71230 23.40530 23.90730 24.12270 24.13430 23.44280
-9999 -9999 -9999 -9999 -9999 -9999 -9999 -9999 -9999 -9999 -9999 -9999 -9999 -9999 -9999 -9999 -9999 -9999 -9999 -9999 -9999 -9999 -9999 -9999 -9999 -9999 -9999 -9999 -9999 -9999 -9999 23.90280 22.15550 21.68190 21.61580 22.75470 21.94580 21.07860 20.27180 20.39580 20.45390 20.56540 21.16570 20.74080 20.41790 21.22760 23.47920 23.52580 23.83950 24.08830 25.20740 25.76810 25.78810 24.95280 24.23570 27.06100 24.95070 24.17320 24.64360 23.91960 23.87450 23.85340 23.67470 23.69600 23.76550 23.91960 23.80520 23.30780 23.18310 23.46810 24.24500
-9999 -9999 -9999 -9999 -9999 -9999 -9999 -9999 -9999 -9999 -9999 -9999 -9999 -9999 -9999 -9999 -9999 -9999 -9999 -9999 -9999 -9999 -9999 -9999 -9999 -9999 -9999 -9999 -9999 21.08030 22.34030 21.13310 20.27120 20.22890 20.16580 20.19070 21.24160 23.11020 21.23600 20.11750 20.58060 21.15490 20.09070 20.15230 20.22040 20.44590 21.18120 23.24760 24.66160 25.11340 25.70340 25.83950 25.42230 24.31760 24.57410 27.65660 24.70280 24.13680 23.53620 23.09450 23.57630 23.47940 23.44160 23.59290 23.68970 23.61200 24.00260 24.35860 24.47060 24.58270 23.64530
-9999 -9999 -9999 -9999 -9999 -9999 -9999 -9999 -9999 -9999 -9999 -9999 -9999 -9999 -9999 -9999 -9999 -9999 -9999 -9999 -9999 -9999 -9999 -9999 22.01660 21.64470 21.18650 20.57270 20.37820 19.85510 19.90100 19.87260 19.93010 19.93490 19.92640 20.26390 22.97040 21.49860 20.58030 20.05210 20.26630 21.02890 20.15310 19.93480 19.93540 20.05240 20.39560 21.22320 23.32900 24.85120 24.62800 35.66510 32.50200 26.83670 24.92810 25.83440 24.33450 23.79140 23.57260 23.52730 23.73900 23.66900 23.50260 23.39180 23.40720 23.50410 23.62590 23.34030 23.32830 23.77310 26.50050
-9999 -9999 -9999 -9999 -9999 -9999 24.72710 25.27140 25.57840 25.31350 24.82350 -9999 -9999 -9999 -9999 -9999 -9999 -9999 -9999 -9999 -9999 22.29170 20.86630 21.16050 22.30520 21.17190 20.32700 19.93270 19.93820 19.88380 19.86290 19.91190 19.92320 19.89710 19.91960 19.85150 19.90470 20.12660 22.28800 19.93320 20.29950 20.31650 20.93330 19.88420 19.87830 19.96280 20.28580 22.21390 24.13760 24.52910 25.17510 30.97130 31.60730 26.77730 24.44140 24.72450 24.22850 23.59720 23.60580 23.67230 23.61220 23.54250 23.47740 23.68020 23.82330 22.95550 22.90930 23.00100 23.01720 23.00550 23.27390
-9999 -9999 -9999 -9999 -9999 24.78890 25.05580 26.34740 25.18560 25.81310 25.60100 25.69850 25.22320 25.45270 -9999 -9999 -9999 24.00570 23.62280 22.09180 21.48990 20.69790 20.61050 19.96960 19.67370 19.34060 19.11530 19.04360 18.93430 18.95210 19.08020 19.09460 19.30070 19.29390 19.12720 18.99330 19.05330 19.16520 19.11790 18.92400 18.92310 18.94870 20.67790 19.97100 18.88000 19.06050 19.93000 21.39730 23.71170 24.33650 24.51360 27.24310 26.86350 24.93820 24.20240 24.97750 24.45630 23.56100 23.08600 22.97780 22.93820 23.03250 22.95620 22.93770 23.26080 23.83480 23.52160 23.33840 23.13870 23.23580 23.48380
-9999 26.30920 24.50800 20.46820 20.67390 24.61150 25.49250 25.16810 25.47190 25.31690 25.70200 25.23460 25.50000 24.99750 24.69620 24.05720 23.67360 23.86280 23.99510 23.53590 22.69510 20.49640 20.94600 19.02630 18.77810 18.88110 18.86310 18.80310 18.79020 18.74500 18.68450 18.66670 18.63330 18.64690 18.67210 18.66230 18.66070 18.67420 18.62990 18.64140 18.64410 18.66930 19.30320 20.73680 18.77290 18.77870 18.76820 19.90740 22.11580 22.47880 23.18810 27.69550 26.52720 27.00880 25.66900 26.25920 24.76640 23.30450 23.25570 23.15590 22.93340 23.16160 23.26540 23.22740 23.64820 23.84250 23.42990 23.69790 23.25480 23.84760 26.02580
-9999 28.21110 27.77070 24.55910 24.50500 23.98530 23.25670 23.23870 22.80760 23.70370 24.17050 24.15880 24.32000 24.03250 23.98540 23.95040 24.27560 23.99240 23.81660 23.68310 22.65310 21.98100 23.84920 19.72570 18.97300 18.85640 18.84450 18.82630 18.83920 18.82020 18.72740 18.74410 18.70410 18.64700 19.26600 18.71080 18.72830 18.71840 18.69790 18.57000 18.57980 18.56770 18.56120 20.99070 19.42620 18.65820 18.58530 18.87290 19.07160 20.27100 21.54180 24.53910 24.42280 25.70100 25.05660 24.68690 23.82320 23.55140 23.24460 22.65710 23.05280 23.07610 23.13690 22.99030 23.30410 24.09910 24.11190 23.42370 23.47480 23.54330 23.76320
-9999 -9999 -9999 21.17770 21.40810 20.65670 20.23430 20.06000 19.85790 19.98210 24.24340 23.91990 24.00430 24.07410 23.87360 23.80430 24.02100 23.65640 23.85400 24.17300 24.22150 24.04710 23.04690 19.34400 18.99180 18.83720 18.79510 18.73170 18.68390 18.67090 18.63540 18.63340 19.12800 19.29390 20.20200 21.07370 18.34020 18.39620 19.75460 21.04540 20.25240 20.30290 23.57230 23.34800 21.88020 20.76960 19.71800 19.03250 19.13750 20.46470 22.91900 23.90020 23.53240 25.02740 23.95440 25.20800 23.99180 23.72360 23.84580 23.00010 23.23210 23.44980 23.55990 23.55600 23.31800 23.41980 23.28840 23.46440 23.88310 24.39350 24.53710
-9999 -9999 -9999 -9999 -9999 -9999 21.43690 21.96430 22.67850 23.34460 24.14470 24.10260 24.04830 23.98410 23.84180 23.86530 23.88170 23.98040 23.78770 23.37920 21.89820 20.17070 18.98040 18.91090 18.82600 18.78920 18.71330 20.03680 21.25690 19.00150 18.62380 18.60890 20.73080 22.82220 19.40630 22.71540 22.10150 20.71630 23.79560 23.95590 23.96030 23.16360 22.77060 23.15210 23.33130 23.64340 22.17300 21.33380 20.48290 19.72450 20.84870 21.49340 21.07080 23.38310 23.28870 21.73210 24.36180 25.04700 25.30570 24.51600 23.99100 24.40430 23.69170 23.59280 24.02690 24.15780 23.38230 23.86580 24.65550 24.79040 25.39450
-9999 -9999 -9999 -9999 -9999 -9999 24.16120 24.18090 23.96130 24.21800 24.06040 23.89020 23.82190 23.75560 23.72810 23.83810 23.29270 21.63190 20.55450 19.36000 19.14480 19.02070 19.01920 18.89910 18.84110 18.70410 18.62100 19.96140 24.06640 24.06050 22.99590 23.07550 22.66410 23.45640 23.25140 23.14960 22.46960 22.37340 22.08740 22.65230 22.83120 23.13200 23.64130 23.34770 23.05050 22.85120 23.04070 23.88800 23.82630 22.72420 21.53700 20.42550 20.03440 20.28570 19.93900 19.28720 19.94120 20.85070 21.64610 21.59230 24.18180 23.96640 24.88890 24.36580 24.44700 23.64690 23.60050 23.72220 23.91100 24.31090 25.62840
-9999 -9999 -9999 -9999 -9999 -9999 -9999 -9999 -9999 -9999 23.41340 23.95240 23.89930 23.65070 23.70070 20.98480 19.18520 19.27650 19.10760 18.99260 19.00010 18.89390 18.91640 18.69800 18.65040 18.62590 18.56600 18.52580 19.11620 20.04090 19.43310 20.03030 21.02910 23.12010 23.91420 23.41660 23.81490 23.91650 23.91940 23.92780 21.94510 20.44830 19.81400 20.93290 20.94010 21.53990 21.14450 19.97280 23.44820 23.93510 23.93940 23.63820 23.33850 22.14970 21.94940 22.74770 21.75890 22.64550 22.65740 22.22180 22.68230 20.17450 19.89750 19.48150 20.21080 20.52690 20.32790 21.47770 23.32500 23.36260 23.71800
-9999 -9999 -9999 -9999 -9999 -9999 -9999 -9999 -9999 -9999 22.04020 23.55390 23.67330 23.57960 23.62670 20.89910 19.03560 19.06080 19.14360 19.13460 19.09120 18.92200 18.88430 18.66570 18.62490 18.54940 18.52560 18.52020 18.51300 19.22810 20.02750 20.03060 22.12990 22.82460 21.13480 22.13050 19.93380 18.51160 19.01510 19.11640 18.51680 18.52440 18.52620 18.51350 18.51030 18.50890 18.51080 18.51790 18.61230 22.63300 23.92480 23.92480 23.91720 23.72340 21.63540 24.12570 24.22250 24.21930 24.21820 24.12930 24.02910 24.03110 23.83340 22.25450 20.36220 20.86680 19.67230 18.70700 22.03540 23.34550 23.69770
-9999 -9999 -9999 -9999 -9999 -9999 -9999 -9999 -9999 -9999 -9999 -9999 23.52580 23.59770 23.66610 23.19390 19.95020 18.80840 18.94100 18.85150 18.83260 18.92780 18.47510 18.69340 18.56590 18.52300 18.51650 18.51390 18.50970 18.60690 19.42310 19.22370 19.22510 18.70890 18.51050 18.50930 18.51000 18.51360 18.51530 18.52730 18.52920 18.53150 18.53220 18.51270 18.51300 18.51400 18.51450 18.52590 18.52150 19.01390 20.66440 22.35100 22.64300 21.55030 20.44480 23.22520 24.21640 24.22090 24.22280 24.22960 24.22810 24.22640 23.43530 22.05110 23.24460 24.03600 21.15950 18.77700 19.61940 21.45290 23.66160
-9999 -9999 -9999 -9999 -9999 -9999 -9999 -9999 -9999 -9999 -9999 -9999 23.48290 23.52300 23.57810 23.62030 23.59040 23.41680 20.72120 19.94070 18.54490 20.03590 18.47190 19.38030 18.59160 18.52990 18.51540 18.51040 18.50760 18.50480 18.50440 18.50620 18.50560 18.50680 18.51320 18.50970 18.51440 18.52420 18.52650 18.53220 18.52690 18.52490 18.52530 18.50990 18.50950 19.13940 19.74830 21.67050 23.35660 23.35900 21.87130 21.86130 21.25040 20.44220 22.24540 24.11760 24.11880 24.12280 24.12320 24.12760 23.63240 22.34470 22.94490 24.03540 24.03250 22.05860 20.67290 21.69730 22.76950 23.50760 23.78680
-9999 -9999 -9999 -9999 -9999 -9999 -9999 -9999 -9999 -9999 -9999 23.47880 23.51560 23.48980 23.50970 23.48750 22.30210 18.36270 18.39720 18.36610 18.27490 19.95780 19.66640 18.79840 18.59690 18.55140 18.54160 18.51140 18.50530 18.50310 18.50290 18.50300 18.50300 18.50500 18.50630 18.50510 18.50910 18.51250 18.52240 18.54110 18.53420 18.53550 18.53520 18.52780 18.52370 18.51860 19.81500 20.93550 21.42980 23.12160 22.82070 22.84010 22.63490 23.43120 24.02440 24.11990 24.01960 24.02040 24.02210 22.83900 23.03540 24.22850 24.22890 24.02950 24.03160 22.64820 22.07780 22.81650 22.94470 23.24080 24.09910
-9999 -9999 -9999 -9999 -9999 -9999 -9999 -9999 -9999 -9999 -9999 23.45560 23.47160 23.47920 23.47740 23.46200 20.79460 18.91870 18.31020 19.13470 19.88640 19.89120 19.16360 19.64480 19.43310 19.32140 18.52190 18.51680 18.51010 18.50580 18.50510 18.50550 18.50390 18.50570 18.50650 18.50320 18.50410 18.50560 18.51960 18.51970 18.52520 18.63190 19.06970 19.57640 20.26960 22.45770 22.85590 23.32670 24.20730 24.20430 24.20460 24.20960 24.21010 24.20720 24.20590 24.21840 24.21810 22.92520 22.62470 23.72690 24.12840 24.22290 24.22460 24.03900 23.14760 22.06200 23.79870 23.11050 23.02320 23.68240 23.91270
