data/hydroclimate-scenarios/BCSD_hadcm_B1/monthly_summaries/soilm3_monthly_day1_oct.2030-2059.asc
ncols	311
nrows	91
xllcenter	102.75
yllcenter	31.75
cellsize	0.5
NODATA_value	-9999
[rows 0 to 31 of 91, columns 0 to 70 of 311]
-9999 -9999 -9999 -9999 -9999 -9999 -9999 -9999 -9999 -9999 -9999 -9999 -9999 -9999 -9999 -9999 -9999 -9999 -9999 -9999 -9999 -9999 -9999 -9999 -9999 -9999 -9999 -9999 -9999 -9999 -9999 -9999 -9999 -9999 -9999 -9999 -9999 -9999 -9999 -9999 -9999 -9999 -9999 -9999 -9999 -9999 -9999 -9999 -9999 -9999 -9999 -9999 -9999 -9999 -9999 -9999 -9999 -9999 -9999 -9999 -9999 -9999 -9999 -9999 -9999 -9999 -9999 -9999 -9999 -9999 -9999
-9999 -9999 -9999 -9999 -9999 -9999 -9999 -9999 -9999 -9999 -9999 -9999 -9999 -9999 -9999 -9999 -9999 -9999 -9999 -9999 -9999 -9999 -9999 -9999 -9999 -9999 -9999 -9999 -9999 -9999 -9999 -9999 -9999 -9999 -9999 -9999 -9999 -9999 -9999 -9999 -9999 -9999 -9999 -9999 -9999 -9999 -9999 -9999 -9999 -9999 -9999 -9999 -9999 -9999 -9999 -9999 -9999 -9999 -9999 -9999 -9999 -9999 -9999 -9999 -9999 -9999 -9999 -9999 -9999 -9999 -9999
-9999 -9999 -9999 -9999 -9999 -9999 -9999 -9999 -9999 -9999 -9999 -9999 -9999 -9999 -9999 -9999 -9999 -9999 -9999 -9999 -9999 -9999 -9999 -9999 -9999 -9999 -9999 -9999 -9999 -9999 -9999 -9999 -9999 -9999 -9999 -9999 -9999 -9999 -9999 -9999 -9999 -9999 -9999 -9999 -9999 -9999 -9999 -9999 -9999 -9999 -9999 -9999 -9999 -9999 -9999 -9999 -9999 -9999 -9999 -9999 -9999 -9999 -9999 -9999 -9999 -9999 -9999 -9999 -9999 -9999 -9999
-9999 -9999 -9999 -9999 -9999 -9999 -9999 -9999 -9999 -9999 -9999 -9999 -9999 -9999 -9999 -9999 -9999 -9999 -9999 -9999 -9999 -9999 -9999 -9999 -9999 -9999 -9999 -9999 -9999 -9999 -9999 -9999 -9999 -9999 -9999 -9999 -9999 -9999 -9999 -9999 -9999 -9999 -9999 -9999 -9999 -9999 -9999 -9999 -9999 -9999 -9999 -9999 -9999 -9999 -9999 -9999 -9999 -9999 -9999 -9999 -9999 -9999 -9999 -9999 -9999 -9999 -9999 -9999 -9999 -9999 -9999
-9999 -9999 -9999 -9999 -9999 -9999 -9999 -9999 -9999 -9999 -9999 -9999 -9999 -9999 -9999 -9999 -9999 -9999 -9999 -9999 -9999 -9999 -9999 -9999 -9999 -9999 -9999 -9999 -9999 -9999 -9999 -9999 -9999 -9999 -9999 -9999 -9999 -9999 -9999 -9999 -9999 -9999 -9999 -9999 -9999 -9999 -9999 -9999 -9999 -9999 -9999 -9999 -9999 -9999 -9999 -9999 -9999 -9999 -9999 -9999 -9999 -9999 -9999 -9999 -9999 -9999 -9999 -9999 -9999 -9999 -9999
-9999 -9999 -9999 -9999 -9999 -9999 -9999 -9999 -9999 -9999 -9999 -9999 -9999 -9999 -9999 -9999 -9999 -9999 -9999 -9999 -9999 -9999 -9999 -9999 -9999 -9999 -9999 -9999 -9999 -9999 -9999 -9999 -9999 -9999 -9999 -9999 -9999 -9999 -9999 -9999 -9999 -9999 -9999 -9999 -9999 -9999 -9999 -9999 -9999 -9999 -9999 -9999 -9999 -9999 -9999 -9999 -9999 -9999 -9999 -9999 -9999 -9999 -9999 -9999 -9999 -9999 -9999 -9999 -9999 -9999 -9999
-9999 -9999 -9999 -9999 -9999 -9999 -9999 -9999 -9999 -9999 -9999 -9999 -9999 -9999 -9999 -9999 -9999 -9999 -9999 -9999 -9999 -9999 -9999 -9999 -9999 -9999 -9999 -9999 -9999 -9999 -9999 -9999 -9999 -9999 -9999 -9999 -9999 -9999 -9999 -9999 -9999 -9999 -9999 -9999 -9999 -9999 -9999 -9999 -9999 -9999 -9999 -9999 -9999 -9999 -9999 -9999 -9999 -9999 -9999 -9999 -9999 -9999 -9999 -9999 -9999 -9999 -9999 -9999 -9999 -9999 -9999
-9999 -9999 -9999 -9999 -9999 -9999 -9999 -9999 -9999 -9999 -9999 -9999 -9999 -9999 -9999 -9999 -9999 -9999 -9999 -9999 -9999 -9999 -9999 -9999 -9999 -9999 -9999 -9999 -9999 -9999 -9999 -9999 -9999 -9999 -9999 -9999 -9999 -9999 -9999 -9999 -9999 -9999 19.50780 19.04730 19.67360 19.72810 19.92460 19.89940 19.67670 20.52290 20.16280 19.79920 -9999 -9999 -9999 -9999 -9999 -9999 -9999 -9999 -9999 -9999 -9999 -9999 -9999 -9999 -9999 -9999 -9999 -9999 -9999
-9999 -9999 -9999 -9999 -9999 -9999 -9999 -9999 -9999 -9999 -9999 -9999 -9999 -9999 -9999 -9999 -9999 -9999 -9999 -9999 -9999 -9999 -9999 -9999 -9999 -9999 -9999 -9999 -9999 -9999 -9999 -9999 -9999 -9999 -9999 -9999 -9999 -9999 20.41800 20.63600 20.67230 21.15130 20.86000 20.10850 20.60920 19.48380 18.81210 18.60940 19.99190 20.95030 22.96190 24.30160 23.32400 23.54580 -9999 -9999 -9999 -9999 -9999 -9999 -9999 -9999 -9999 -9999 -9999 -9999 -9999 -9999 -9999 -9999 -9999
-9999 -9999 -9999 -9999 -9999 -9999 -9999 -9999 -9999 -9999 -9999 -9999 -9999 -9999 -9999 -9999 -9999 -9999 -9999 -9999 -9999 -9999 -9999 -9999 -9999 -9999 -9999 -9999 -9999 -9999 -9999 -9999 -9999 -9999 -9999 -9999 -9999 -9999 -9999 -9999 19.86580 19.93760 20.19630 20.42550 20.92280 22.08300 21.16560 21.45970 18.81920 18.74140 18.99360 21.41420 23.02850 23.24960 -9999 -9999 -9999 -9999 -9999 -9999 -9999 -9999 -9999 -9999 -9999 -9999 -9999 -9999 -9999 -9999 -9999
-9999 -9999 -9999 -9999 -9999 -9999 -9999 -9999 -9999 -9999 -9999 -9999 -9999 -9999 -9999 -9999 -9999 -9999 -9999 -9999 -9999 -9999 -9999 -9999 -9999 -9999 -9999 -9999 -9999 -9999 -9999 -9999 -9999 -9999 -9999 -9999 -9999 -9999 -9999 -9999 -9999 -9999 -9999 -9999 20.05550 20.55110 20.93830 22.74700 22.32110 20.39470 21.54860 21.92010 22.16220 23.31240 -9999 -9999 -9999 -9999 -9999 -9999 19.00060 -9999 -9999 -9999 -9999 -9999 -9999 -9999 -9999 -9999 -9999
-9999 -9999 -9999 -9999 -9999 -9999 -9999 -9999 -9999 -9999 -9999 -9999 -9999 -9999 -9999 -9999 -9999 -9999 -9999 -9999 -9999 -9999 -9999 -9999 -9999 -9999 -9999 -9999 -9999 -9999 -9999 -9999 -9999 -9999 -9999 -9999 -9999 -9999 -9999 -9999 -9999 19.91320 20.04820 20.17670 20.14880 20.06830 20.36620 20.88230 20.84090 20.39950 20.37240 22.22840 22.55200 22.57030 -9999 -9999 -9999 -9999 -9999 20.60040 21.10030 22.20020 22.00020 20.40010 20.80030 21.60050 22.40020 23.50030 22.20020 22.40020 21.60020
-9999 -9999 -9999 -9999 -9999 -9999 -9999 -9999 -9999 -9999 -9999 -9999 -9999 -9999 -9999 -9999 -9999 -9999 -9999 -9999 -9999 -9999 -9999 -9999 -9999 -9999 -9999 -9999 -9999 -9999 -9999 -9999 -9999 -9999 -9999 -9999 -9999 -9999 -9999 -9999 -9999 21.04080 20.34210 20.28220 20.19710 19.99490 21.15880 21.21250 20.28020 21.38400 22.13170 23.64940 22.70910 22.84910 22.42590 22.36350 21.04790 -9999 20.80250 23.40100 23.50060 23.40040 23.30010 22.40030 22.90040 23.50120 22.60050 22.20040 21.50040 20.70030 20.40030
-9999 -9999 -9999 -9999 -9999 -9999 -9999 -9999 -9999 -9999 -9999 -9999 -9999 -9999 -9999 -9999 -9999 -9999 -9999 -9999 -9999 -9999 -9999 -9999 -9999 -9999 -9999 -9999 -9999 -9999 -9999 -9999 -9999 -9999 -9999 23.28910 21.12840 19.96700 20.01580 19.79510 19.80760 19.86200 20.00680 20.19030 21.14760 20.76730 19.88800 20.15690 21.98450 23.33960 23.43230 23.49130 23.99350 23.76660 22.65330 22.62620 22.78090 23.00510 23.50510 23.50140 23.30030 22.90010 22.80020 22.80200 23.00050 23.50180 23.40090 23.00020 22.70030 22.28360 22.28360
-9999 -9999 -9999 -9999 -9999 -9999 -9999 -9999 -9999 -9999 -9999 -9999 -9999 -9999 -9999 -9999 -9999 -9999 -9999 -9999 -9999 -9999 -9999 -9999 -9999 -9999 -9999 -9999 -9999 -9999 -9999 -9999 -9999 -9999 23.54280 22.80970 22.12980 22.06540 20.22990 19.91400 19.99040 20.03670 20.29390 20.93180 20.18880 19.82040 19.84090 20.99440 23.20480 23.35160 23.56080 23.64490 23.96260 23.15930 22.94390 23.79020 23.02330 23.49410 23.58390 23.30170 22.80170 22.70350 23.10150 23.32100 23.50110 23.40060 23.10030 23.00130 22.80760 22.81100 22.72350
-9999 -9999 -9999 -9999 -9999 -9999 -9999 -9999 -9999 -9999 -9999 -9999 -9999 -9999 -9999 -9999 -9999 -9999 -9999 -9999 -9999 -9999 -9999 -9999 -9999 -9999 -9999 -9999 -9999 -9999 -9999 -9999 -9999 23.53380 23.33930 22.20510 22.20730 21.62350 20.54200 19.78150 19.84430 19.95850 21.58880 20.68280 19.76030 20.26860 21.29810 21.77180 22.51870 22.84050 22.86720 24.01620 23.87340 23.14500 22.60050 23.61540 23.36420 22.95430 22.92640 22.80410 23.10310 23.30140 23.30080 23.50060 23.50110 23.30090 23.00060 23.30300 23.30650 23.40700 22.90180
-9999 -9999 -9999 -9999 -9999 -9999 -9999 -9999 -9999 -9999 -9999 -9999 -9999 -9999 -9999 -9999 -9999 -9999 -9999 -9999 -9999 -9999 -9999 -9999 -9999 -9999 -9999 -9999 -9999 -9999 -9999 23.33000 21.60160 21.10310 21.00240 22.10300 21.30390 20.40600 19.61070 19.88240 19.83320 20.07690 20.82820 20.04020 19.84620 20.82810 22.97470 22.99960 23.19950 23.33540 23.43710 23.61530 23.38150 22.96380 23.32800 23.44840 22.86220 22.82500 23.12810 23.10680 23.30410 23.50090 23.40050 23.50030 23.50060 23.50180 23.40110 23.10030 23.00030 22.90410 22.83380
-9999 -9999 -9999 -9999 -9999 -9999 -9999 -9999 -9999 -9999 -9999 -9999 -9999 -9999 -9999 -9999 -9999 -9999 -9999 -9999 -9999 -9999 -9999 -9999 -9999 -9999 -9999 -9999 -9999 20.70120 22.10040 20.60230 19.60330 19.60470 19.60550 19.60470 20.70580 22.60230 20.70680 19.65850 20.40640 21.44570 19.81010 19.71580 19.75180 20.02550 20.78160 22.68800 23.36430 23.42260 23.27910 23.42120 23.28670 22.85220 23.42340 23.43110 22.92500 22.91850 22.90320 22.90030 23.30120 23.30020 23.30020 23.40040 23.50050 23.40080 23.50660 23.52240 23.53290 23.53600 22.91420
-9999 -9999 -9999 -9999 -9999 -9999 -9999 -9999 -9999 -9999 -9999 -9999 -9999 -9999 -9999 -9999 -9999 -9999 -9999 -9999 -9999 -9999 -9999 -9999 21.60640 21.30230 20.90160 20.30180 20.10180 19.60440 19.60400 19.60220 19.60360 19.60610 19.61130 20.01950 22.71620 21.13840 20.24780 19.63860 19.94700 21.33420 19.95150 19.63650 19.64030 19.75970 20.11900 20.73420 22.30540 23.45250 23.38130 24.80780 23.94630 23.91170 23.31580 23.12040 22.95460 22.92300 22.91130 23.20260 23.50130 23.50040 23.40020 23.30020 23.30030 23.30260 23.40380 23.20170 23.10250 23.30740 23.81460
-9999 -9999 -9999 -9999 -9999 -9999 22.83130 22.86090 22.86230 22.78950 22.77420 -9999 -9999 -9999 -9999 -9999 -9999 -9999 -9999 -9999 -9999 21.60620 19.91860 20.71750 21.90930 20.80460 20.00330 19.60620 19.60450 19.60670 19.60380 19.60290 19.60490 19.60780 19.61120 19.62550 19.64070 19.83310 22.03890 19.62300 20.02370 20.05720 21.33330 19.62430 19.62830 19.71850 20.03850 21.86690 23.30190 23.41230 23.76480 24.17250 24.12540 23.66700 23.13160 23.00060 22.95360 22.91990 23.21160 23.40320 23.40130 23.40050 23.30060 23.40230 23.40640 22.80280 22.80240 22.90080 22.90090 22.90040 22.80740
-9999 -9999 -9999 -9999 -9999 22.81300 22.82000 22.84600 22.91930 22.82060 22.82150 22.84670 22.83940 22.84400 -9999 -9999 -9999 22.90810 22.60960 21.12540 20.61890 19.62350 19.62430 19.60780 19.24310 18.94220 18.82560 18.81720 18.71030 18.70950 18.80860 18.80770 19.01130 19.02630 18.91670 18.84710 18.87020 18.94640 18.94960 18.73830 18.75180 18.75320 20.84180 19.88870 18.61970 18.83190 19.63420 20.94410 22.72880 23.33720 23.38000 23.39090 23.99060 23.24610 23.05530 23.08540 22.95510 22.90860 22.90060 22.70160 22.80040 22.90030 22.70090 22.80050 22.71850 22.83740 22.91050 22.90410 22.90170 22.90220 22.81390
-9999 21.88310 18.32940 18.22500 18.24530 22.61350 23.31690 22.91710 22.91920 22.91180 22.91850 22.93450 22.94980 22.93120 22.91790 22.90660 22.90190 22.90510 22.90900 22.90430 22.10630 19.80900 20.30870 18.70800 18.50420 18.51810 18.51430 18.51330 18.51240 18.50730 18.50340 18.50230 18.50240 18.50520 18.50760 18.53050 18.54330 18.53520 18.53750 18.51990 18.52690 18.52590 19.42860 20.72010 18.51260 18.51770 18.53210 19.60800 21.62710 21.89230 22.42310 23.88480 23.74770 24.00280 23.59420 23.43570 23.04290 22.90300 22.90150 22.70690 22.80040 22.80740 22.80690 22.80970 22.86230 23.05880 23.00910 22.82240 22.90470 22.91770 23.10410
-9999 23.00330 22.95080 22.91230 22.90900 22.60480 22.40290 22.40970 22.10790 22.81700 22.92280 22.93570 22.96920 22.94260 22.94780 22.90690 22.91240 22.91180 22.90900 22.90500 21.91010 21.41000 23.32240 19.21050 18.50690 18.51170 18.51050 18.50770 18.50500 18.50390 18.50150 18.50170 18.50210 18.50550 19.10910 18.50520 18.50800 18.50940 18.51140 18.51380 18.52380 18.51730 18.52090 21.21750 19.56100 18.61450 18.51670 18.56100 18.67440 19.69180 21.10520 23.42450 23.68760 24.15290 24.03980 23.41500 23.01520 22.93390 22.82090 22.33130 22.70950 22.81790 22.81880 22.71050 22.83370 23.46230 23.26440 22.81050 22.88110 22.80110 22.90370
-9999 -9999 -9999 19.31820 19.12160 18.65810 18.63590 18.64650 18.64370 18.74160 22.91980 23.01210 23.11030 23.31310 23.11890 22.90370 22.90680 22.90480 23.10430 23.40310 23.43060 23.42110 22.42740 18.72140 18.51070 18.51310 18.50970 18.50540 18.50250 18.50270 18.50210 18.50370 19.00340 19.20840 20.11140 21.17490 18.20590 18.21050 19.62210 21.02020 20.22730 20.33330 23.57100 23.45720 22.06480 20.92060 19.86820 18.76760 18.89170 20.23040 22.43460 23.02770 22.59630 23.77930 23.18350 23.60200 23.35310 22.92010 23.09460 22.32860 22.75690 22.88820 22.95910 22.90980 22.86890 22.94050 22.92000 22.93660 22.96850 23.16390 23.23710
-9999 -9999 -9999 -9999 -9999 -9999 20.13820 20.78420 21.48930 22.40530 23.30260 23.41630 23.41530 23.40460 23.40320 23.30190 23.30170 23.41240 23.40960 23.01310 21.42370 19.61680 18.51070 18.52670 18.52540 18.51780 18.51040 19.90540 21.38430 18.90360 18.50260 18.50130 20.82790 22.86070 19.61090 22.70130 22.29460 20.77700 23.75300 23.93840 23.92990 23.15130 22.75930 23.18290 23.40680 23.69640 22.38860 21.50620 20.56200 19.51700 20.23720 20.32580 19.75770 22.89550 22.67870 19.82790 23.25970 23.73180 23.89750 23.20060 22.57390 23.09980 22.66000 22.50560 23.09260 23.58800 23.14720 23.07710 23.44490 23.22810 23.94300
-9999 -9999 -9999 -9999 -9999 -9999 23.41180 23.43720 23.42600 23.42270 23.41640 23.41420 23.41280 23.40270 23.40300 23.41450 22.91860 21.11740 20.01640 18.71440 18.51540 18.51100 18.50990 18.53620 18.53830 18.50890 18.50620 19.90790 24.10760 24.09920 23.07590 23.13190 22.74380 23.56910 23.42950 23.23250 22.59370 22.43130 22.10490 22.63410 22.86240 23.16340 23.64130 23.36240 23.05130 22.87560 23.13890 23.91330 23.79100 22.91080 21.63060 20.13820 19.68550 20.03470 19.59490 18.57390 19.23410 19.85140 20.71370 20.31480 21.73960 22.18310 23.26010 23.33970 23.38620 23.37460 23.27020 23.06200 23.26970 23.22690 24.32490
-9999 -9999 -9999 -9999 -9999 -9999 -9999 -9999 -9999 -9999 23.13480 23.40950 23.40930 23.40270 23.40300 20.51940 18.51970 18.51940 18.51430 18.53390 18.54040 18.54120 18.55260 18.53840 18.53910 18.53400 18.52690 18.50300 19.10260 20.22650 19.58690 20.19890 21.23780 23.20670 23.96900 23.49050 23.86400 23.93800 23.93140 23.93690 22.07430 20.50960 19.80070 21.03670 21.01890 21.67340 21.29640 20.11070 23.51840 23.97020 23.96310 23.66690 23.37020 22.32200 22.07600 22.99170 22.03120 22.67960 22.74560 22.57260 22.70750 20.21270 19.92350 19.57570 20.40480 20.74480 20.53890 21.64080 23.43700 23.43420 23.94260
-9999 -9999 -9999 -9999 -9999 -9999 -9999 -9999 -9999 -9999 21.94370 23.40360 23.40980 23.40280 23.40420 20.54300 18.52810 18.51570 18.52270 18.55510 18.55350 18.55300 18.55630 18.54080 18.54650 18.52570 18.51740 18.50360 18.50230 19.37210 20.19330 20.20000 22.37100 22.94170 21.37970 22.38240 20.06380 18.50100 19.00090 19.10070 18.50070 18.50030 18.50040 18.50080 18.50080 18.50140 18.50190 18.50440 18.60560 22.78940 23.95820 23.94670 23.94090 23.73610 21.72850 24.14340 24.25120 24.27320 24.25590 24.15700 24.04800 24.02120 23.82850 22.69680 20.76960 21.34890 20.13680 18.98890 22.37680 23.55490 24.29350
-9999 -9999 -9999 -9999 -9999 -9999 -9999 -9999 -9999 -9999 -9999 -9999 23.40360 23.40700 23.41320 22.94030 19.63430 18.52570 18.53320 18.58160 18.57550 18.69510 18.29790 18.68340 18.55620 18.52170 18.52450 18.50420 18.50310 18.60530 19.53900 19.38520 19.38050 18.70350 18.50370 18.50410 18.50250 18.50410 18.50240 18.50090 18.50070 18.50040 18.50060 18.50080 18.50100 18.50110 18.50200 18.53310 18.54240 19.04700 20.90820 22.55310 22.66380 21.75870 20.55370 23.22990 24.22210 24.35170 24.36590 24.42850 24.42620 24.39790 23.68690 22.62470 23.56400 24.38820 21.82580 19.10010 20.15610 21.70320 24.24540
-9999 -9999 -9999 -9999 -9999 -9999 -9999 -9999 -9999 -9999 -9999 -9999 23.40380 23.40500 23.40910 23.41810 23.41990 23.23450 20.37410 19.75140 18.36650 19.79470 18.33460 19.39370 18.57040 18.53060 18.53740 18.50660 18.50280 18.50740 18.50400 18.50690 18.50630 18.50440 18.50470 18.50420 18.50400 18.51100 18.50510 18.50130 18.50140 18.50070 18.50060 18.50070 18.50100 19.22140 19.83920 22.01450 23.46640 23.49330 22.21000 22.01170 21.34860 20.57960 22.34800 24.11610 24.13920 24.26540 24.27500 24.30460 23.86720 22.55070 23.28580 24.20910 24.32210 22.75530 21.38000 22.78980 23.74150 24.21740 24.18820
-9999 -9999 -9999 -9999 -9999 -9999 -9999 -9999 -9999 -9999 -9999 23.40810 23.40760 23.40360 23.40600 23.42170 22.21260 18.23430 18.23860 18.29650 18.23290 19.88300 19.72080 18.78240 18.56020 18.52110 18.53030 18.51060 18.50430 18.50300 18.50200 18.50620 18.50430 18.50240 18.50230 18.50310 18.50300 18.51200 18.50970 18.50280 18.50240 18.50420 18.50470 18.50190 18.50140 18.50140 19.80170 21.03460 21.55210 23.20960 22.91640 22.93990 22.71870 23.44130 24.01280 24.16690 24.12880 24.13720 24.14830 22.98790 23.23570 24.36800 24.42250 24.30390 24.36840 23.18280 22.71560 23.45240 23.60600 23.73810 24.74950
-9999 -9999 -9999 -9999 -9999 -9999 -9999 -9999 -9999 -9999 -9999 23.40060 23.40530 23.40420 23.40640 23.41390 20.70660 18.81520 18.23890 19.04630 19.84510 19.90880 19.16800 19.66490 19.45210 19.33470 18.53820 18.50890 18.50440 18.50480 18.50360 18.50280 18.50250 18.50270 18.50540 18.50990 18.50660 18.52080 18.52330 18.50510 18.50480 18.60870 19.23100 19.66380 20.37300 22.65160 23.02220 23.34570 24.20440 24.20510 24.20820 24.21550 24.21110 24.20650 24.20680 24.40920 24.48370 23.23430 22.99490 23.94470 24.27600 24.41470 24.39770 24.22550 23.41520 22.61500 24.17210 23.67290 23.65610 24.25010 23.96370
