data/hydroclimate-scenarios/BCSD_hadcm_B1/monthly_summaries/soilm1_monthly_day1_nov.2070-2099.asc
ncols	311
nrows	91
xllcenter	102.75
yllcenter	31.75
cellsize	0.5
NODATA_value	-9999
[rows 0 to 31 of 91, columns 213 to 283 of 311]
-9999 -9999 -9999 -9999 -9999 -9999 -9999 -9999 -9999 -9999 -9999 -9999 -9999 -9999 -9999 -9999 -9999 -9999 -9999 -9999 -9999 -9999 -9999 -9999 -9999 -9999 -9999 -9999 -9999 -9999 -9999 -9999 -9999 -9999 -9999 -9999 -9999 -9999 -9999 -9999 -9999 -9999 -9999 -9999 -9999 -9999 -9999 -9999 -9999 -9999 -9999 -9999 -9999 -9999 -9999 -9999 -9999 -9999 -9999 -9999 -9999 -9999 -9999 -9999 -9999 -9999 -9999 -9999 -9999 -9999 -9999
-9999 -9999 -9999 -9999 -9999 -9999 -9999 -9999 -9999 -9999 -9999 -9999 -9999 -9999 -9999 -9999 -9999 -9999 -9999 -9999 -9999 -9999 -9999 -9999 -9999 -9999 -9999 -9999 -9999 -9999 -9999 -9999 -9999 -9999 -9999 -9999 -9999 -9999 -9999 -9999 -9999 -9999 -9999 -9999 -9999 -9999 -9999 -9999 -9999 -9999 -9999 -9999 -9999 -9999 -9999 -9999 -9999 -9999 -9999 -9999 -9999 -9999 -9999 -9999 -9999 -9999 -9999 -9999 -9999 -9999 -9999
-9999 -9999 -9999 -9999 -9999 -9999 -9999 -9999 -9999 -9999 -9999 -9999 -9999 -9999 -9999 -9999 -9999 -9999 -9999 -9999 -9999 -9999 -9999 -9999 -9999 -9999 -9999 -9999 -9999 -9999 -9999 -9999 -9999 -9999 -9999 -9999 -9999 -9999 -9999 -9999 -9999 -9999 -9999 -9999 -9999 -9999 -9999 -9999 -9999 -9999 -9999 -9999 -9999 -9999 -9999 -9999 -9999 -9999 -9999 -9999 -9999 -9999 -9999 -9999 -9999 -9999 -9999 -9999 -9999 -9999 -9999
-9999 -9999 -9999 -9999 -9999 -9999 -9999 -9999 -9999 -9999 -9999 -9999 -9999 -9999 -9999 -9999 -9999 -9999 -9999 -9999 -9999 -9999 -9999 -9999 -9999 -9999 -9999 -9999 -9999 -9999 -9999 -9999 -9999 -9999 -9999 -9999 -9999 -9999 -9999 -9999 -9999 -9999 -9999 -9999 -9999 -9999 -9999 -9999 -9999 -9999 -9999 -9999 -9999 -9999 -9999 -9999 -9999 -9999 -9999 -9999 -9999 -9999 -9999 -9999 -9999 -9999 -9999 -9999 -9999 -9999 -9999
-9999 -9999 -9999 -9999 -9999 -9999 -9999 -9999 -9999 -9999 -9999 -9999 -9999 -9999 -9999 -9999 -9999 -9999 -9999 -9999 -9999 -9999 -9999 -9999 -9999 -9999 -9999 -9999 -9999 -9999 -9999 -9999 -9999 -9999 -9999 -9999 -9999 -9999 -9999 -9999 -9999 -9999 -9999 -9999 -9999 -9999 -9999 -9999 -9999 -9999 -9999 -9999 -9999 -9999 -9999 -9999 -9999 -9999 -9999 -9999 -9999 -9999 -9999 -9999 -9999 -9999 -9999 -9999 -9999 -9999 -9999
-9999 -9999 -9999 -9999 -9999 -9999 -9999 -9999 -9999 -9999 -9999 -9999 -9999 -9999 -9999 -9999 -9999 -9999 -9999 -9999 -9999 -9999 -9999 -9999 -9999 -9999 -9999 -9999 -9999 -9999 -9999 -9999 -9999 -9999 -9999 -9999 -9999 -9999 -9999 -9999 -9999 -9999 -9999 -9999 -9999 -9999 -9999 -9999 -9999 -9999 -9999 -9999 -9999 -9999 -9999 -9999 -9999 -9999 -9999 -9999 -9999 -9999 -9999 -9999 -9999 -9999 -9999 -9999 -9999 -9999 -9999
-9999 -9999 -9999 -9999 -9999 -9999 -9999 -9999 -9999 -9999 -9999 -9999 -9999 -9999 -9999 -9999 -9999 -9999 -9999 -9999 -9999 -9999 -9999 -9999 -9999 -9999 -9999 -9999 -9999 -9999 -9999 -9999 -9999 -9999 -9999 -9999 -9999 -9999 -9999 -9999 -9999 -9999 -9999 -9999 -9999 -9999 -9999 -9999 -9999 -9999 -9999 -9999 -9999 -9999 -9999 -9999 -9999 -9999 -9999 -9999 -9999 -9999 -9999 -9999 -9999 -9999 -9999 -9999 -9999 -9999 -9999
-9999 -9999 -9999 -9999 -9999 -9999 -9999 -9999 -9999 -9999 -9999 -9999 -9999 -9999 -9999 -9999 -9999 -9999 -9999 -9999 -9999 -9999 -9999 -9999 -9999 -9999 -9999 -9999 -9999 -9999 -9999 -9999 -9999 -9999 -9999 -9999 -9999 -9999 -9999 -9999 -9999 -9999 -9999 -9999 -9999 -9999 -9999 -9999 -9999 -9999 -9999 -9999 -9999 -9999 -9999 -9999 -9999 -9999 -9999 -9999 -9999 -9999 -9999 -9999 -9999 -9999 -9999 -9999 -9999 -9999 -9999
-9999 -9999 -9999 -9999 -9999 -9999 -9999 -9999 -9999 -9999 -9999 -9999 -9999 -9999 -9999 -9999 -9999 -9999 -9999 -9999 -9999 -9999 -9999 -9999 -9999 -9999 -9999 -9999 -9999 -9999 -9999 -9999 -9999 -9999 -9999 -9999 -9999 -9999 -9999 -9999 -9999 -9999 -9999 -9999 -9999 -9999 -9999 -9999 -9999 -9999 -9999 -9999 -9999 -9999 -9999 -9999 -9999 -9999 -9999 -9999 -9999 -9999 -9999 -9999 -9999 -9999 -9999 -9999 -9999 -9999 -9999
-9999 -9999 -9999 -9999 -9999 -9999 -9999 -9999 -9999 -9999 -9999 -9999 -9999 -9999 -9999 -9999 -9999 -9999 -9999 -9999 -9999 -9999 -9999 -9999 -9999 -9999 -9999 -9999 -9999 -9999 -9999 -9999 -9999 -9999 -9999 -9999 -9999 -9999 -9999 -9999 -9999 -9999 -9999 -9999 -9999 -9999 -9999 -9999 -9999 -9999 -9999 -9999 -9999 -9999 -9999 -9999 -9999 -9999 -9999 -9999 -9999 -9999 -9999 -9999 -9999 -9999 -9999 -9999 -9999 -9999 -9999
-9999 -9999 -9999 -9999 -9999 -9999 -9999 -9999 -9999 -9999 -9999 -9999 -9999 -9999 -9999 -9999 -9999 -9999 -9999 -9999 -9999 -9999 -9999 -9999 -9999 -9999 -9999 -9999 -9999 -9999 -9999 -9999 -9999 -9999 -9999 -9999 -9999 -9999 -9999 -9999 -9999 -9999 -9999 -9999 -9999 -9999 -9999 -9999 -9999 -9999 -9999 -9999 -9999 -9999 -9999 -9999 -9999 -9999 -9999 -9999 -9999 -9999 -9999 -9999 -9999 -9999 -9999 -9999 -9999 -9999 -9999
-9999 -9999 -9999 -9999 -9999 -9999 -9999 -9999 -9999 -9999 -9999 -9999 -9999 -9999 -9999 -9999 -9999 -9999 -9999 -9999 -9999 -9999 -9999 -9999 -9999 -9999 -9999 -9999 -9999 -9999 -9999 -9999 -9999 -9999 -9999 -9999 -9999 -9999 -9999 -9999 -9999 -9999 -9999 -9999 -9999 -9999 -9999 -9999 -9999 -9999 -9999 -9999 -9999 -9999 -9999 -9999 -9999 -9999 -9999 -9999 -9999 -9999 -9999 -9999 -9999 -9999 -9999 -9999 -9999 -9999 -9999
-9999 -9999 -9999 -9999 -9999 -9999 -9999 -9999 -9999 -9999 -9999 -9999 -9999 -9999 -9999 -9999 -9999 -9999 -9999 -9999 -9999 -9999 -9999 -9999 -9999 -9999 -9999 -9999 -9999 -9999 -9999 -9999 -9999 -9999 -9999 -9999 -9999 -9999 -9999 -9999 -9999 -9999 -9999 -9999 -9999 -9999 -9999 -9999 -9999 -9999 -9999 -9999 -9999 -9999 -9999 -9999 -9999 -9999 -9999 -9999 -9999 -9999 -9999 -9999 -9999 -9999 -9999 -9999 -9999 -9999 -9999
66.96670 66.92350 66.76620 66.55690 66.60860 66.19370 -9999 -9999 -9999 -9999 -9999 -9999 -9999 -9999 -9999 -9999 -9999 -9999 -9999 -9999 -9999 -9999 -9999 -9999 -9999 -9999 -9999 -9999 -9999 -9999 -9999 -9999 -9999 -9999 -9999 -9999 -9999 -9999 -9999 -9999 -9999 -9999 -9999 -9999 -9999 -9999 -9999 64.00740 -9999 -9999 -9999 -9999 -9999 -9999 -9999 -9999 -9999 -9999 -9999 -9999 -9999 -9999 -9999 -9999 -9999 -9999 -9999 -9999 -9999 -9999 -9999
64.45680 66.46680 67.88610 67.98490 67.10900 66.95030 59.05890 59.29000 61.13470 61.44270 56.60850 59.48270 59.44540 60.01140 58.38310 57.64490 56.05980 53.98910 73.37140 -9999 -9999 -9999 -9999 -9999 -9999 -9999 -9999 -9999 -9999 -9999 -9999 -9999 -9999 -9999 -9999 -9999 -9999 -9999 -9999 -9999 -9999 -9999 57.87750 52.56350 52.82250 51.27500 54.23570 56.56030 63.58200 -9999 -9999 -9999 70.02750 -9999 -9999 -9999 71.39850 72.25680 69.66850 -9999 -9999 -9999 -9999 -9999 -9999 -9999 -9999 -9999 -9999 -9999 -9999
63.39610 64.00140 57.55880 58.48150 57.70520 58.10760 51.48690 46.03980 52.23000 53.52110 53.55280 59.33800 59.03830 61.68100 63.41020 62.28940 60.14470 59.33950 53.66760 51.71860 51.95570 57.17400 62.89120 66.27950 62.52200 -9999 -9999 -9999 -9999 -9999 72.75240 71.56570 71.65760 68.89580 66.57490 66.05030 59.37550 59.08130 59.31900 59.71410 59.14620 59.90120 49.64560 50.53880 51.30190 52.99620 55.07200 56.80080 65.54930 66.90970 67.54670 68.08850 69.98530 71.32650 70.52240 70.48210 71.57460 70.59230 67.38750 67.81190 69.62470 70.05490 69.46190 70.28780 -9999 -9999 -9999 -9999 -9999 -9999 -9999
62.79300 65.33000 66.48250 67.74540 66.54720 67.57100 61.52310 63.96820 66.86940 68.16360 69.10450 69.11870 68.74930 70.90530 69.08290 69.89090 66.86930 65.81960 62.99210 63.03090 64.52400 61.92840 59.64420 67.55620 65.31090 67.13310 70.08060 65.31660 65.93960 65.00690 62.57740 73.44980 73.40810 73.69340 62.05970 61.28460 62.91670 61.56770 62.55320 62.91330 60.37860 60.83950 60.12810 59.58380 60.23510 61.00670 61.52020 62.56180 66.17490 67.75970 68.43280 69.03460 69.45160 69.87000 71.27170 71.46220 70.59410 71.30250 69.99000 69.71510 70.45810 70.53680 68.82520 67.33520 68.14340 68.39480 70.22810 70.06010 70.19240 69.99670 70.06710
72.35060 72.05960 72.73220 67.42960 68.75210 69.76880 71.01150 70.55010 71.05840 68.23820 63.79420 62.93700 66.07150 63.91290 60.83110 58.92930 62.73220 67.19070 75.20550 75.30570 74.68760 74.29150 77.99180 66.03270 54.93880 53.79350 60.80370 59.39870 60.25950 59.03540 54.59240 69.70900 75.54750 74.10460 64.65880 63.86510 65.04290 64.08750 64.44810 64.45880 62.92880 63.81950 63.87230 64.29420 63.46460 63.29540 62.25390 63.46180 67.19820 68.66600 68.69560 69.85080 69.73230 70.38200 71.39610 71.65640 70.91480 71.11450 69.90200 69.71070 70.86250 70.83050 67.97060 67.64430 69.11880 69.34220 70.30410 70.26840 70.70240 70.67130 71.13390
77.77860 77.21960 76.42160 76.68980 76.45040 74.64100 75.52660 63.99780 68.14080 72.30420 71.41850 71.57360 65.04730 74.88380 70.07850 78.45360 80.29780 76.81590 80.84510 81.80690 84.74480 85.56660 78.78120 59.43320 56.79440 55.43940 63.27050 54.53530 60.25010 53.28920 55.69310 60.85590 67.97610 71.36000 69.87930 69.75850 68.92720 74.86320 74.61210 74.26250 68.88950 69.07700 74.35120 74.49320 74.60640 75.45710 74.53240 68.43560 70.95200 71.33120 68.65260 69.03960 68.29100 68.64500 68.21340 68.22650 68.16700 68.63340 70.41520 70.43100 69.70470 73.65730 76.45140 77.62320 78.51920 78.00090 70.37500 69.49950 69.56580 69.80660 71.68330
85.47660 86.13110 84.53680 83.90990 81.93210 80.33020 79.77300 78.06910 78.31610 78.03500 77.78210 77.76090 77.12600 77.21750 78.10380 81.00900 83.14460 84.01570 89.07040 88.79220 85.85830 84.80900 76.34830 67.25650 53.38860 55.28630 57.17430 59.19900 64.31670 52.68210 61.42080 60.59050 62.40260 75.78540 81.42250 82.88510 83.08280 83.35210 82.50790 82.57430 82.95790 83.10540 82.14280 82.08120 82.56200 83.07380 82.81360 82.73140 84.50270 84.73380 83.32660 79.56620 77.28500 76.87270 70.10220 70.86820 71.85080 72.30490 77.96970 78.50260 79.58270 83.54190 83.85610 83.93650 83.92870 84.15010 83.34460 82.21130 80.02550 87.08590 88.98820
85.94380 85.69510 85.08620 80.82970 79.62030 79.75450 79.99460 79.55980 77.95230 77.35700 78.32860 78.35890 78.58590 80.56830 82.95000 83.90530 83.83900 85.22140 87.89220 84.92720 81.12300 77.70190 69.97550 67.21210 53.93640 54.13530 57.66120 57.94210 56.90290 53.63640 55.15900 64.39540 59.26890 58.46810 59.10830 64.93700 68.80740 75.78900 77.65420 78.78580 83.46120 83.50330 83.25940 82.85070 83.21550 83.69220 82.91070 82.74480 84.70220 84.75860 83.53260 83.81010 83.09380 83.47540 82.34460 82.89780 82.65790 82.70640 83.51800 83.60810 78.94370 84.18610 84.50330 84.55680 84.70190 84.59450 88.06990 86.43460 87.15550 87.36880 88.72660
83.14020 81.79340 82.38150 82.50710 82.84080 83.22630 83.31320 83.16400 82.71660 81.95610 82.07030 79.97090 78.31790 77.86450 80.44550 83.38660 83.60360 84.42380 88.87710 87.90290 79.08840 72.92970 57.50600 60.77310 64.02730 65.15830 61.06500 59.07490 56.38990 55.16120 50.39730 54.88490 55.50560 58.32940 60.26950 60.25400 59.72010 59.24620 60.22800 60.59970 62.50190 74.33380 85.33330 85.58300 83.73170 82.09000 78.35100 77.70070 86.52120 84.92370 83.07020 83.93800 83.56920 84.01550 83.12550 83.54410 83.63910 83.41840 83.33070 83.64150 83.04130 84.46090 84.63670 84.45250 84.85290 86.75630 88.14720 86.95450 87.50440 87.70720 88.88340
80.66950 80.59920 80.46460 80.24620 80.44200 82.35150 83.79720 81.47130 82.65990 85.02260 81.71210 82.46300 84.21890 78.76410 80.27300 82.75620 85.60130 83.80290 82.68410 81.49090 67.59770 60.67520 57.16160 58.53120 58.53860 64.83540 64.32240 65.93650 68.88590 67.23780 59.88830 60.25940 59.03270 59.49360 68.22700 70.64690 70.42470 70.11980 70.66790 70.10170 64.20650 66.17640 74.35870 84.08860 84.25420 85.21820 85.54830 83.93340 83.40210 83.16240 81.34290 80.37870 85.92560 83.75650 84.13950 84.09120 84.01430 84.63920 84.21200 85.20130 84.19900 83.86040 84.57760 84.24870 83.64730 85.14210 86.69370 86.84780 86.07190 86.11780 86.95710
81.56840 80.41910 80.72200 80.54970 80.61590 81.34920 81.58280 81.37090 77.68690 78.55950 81.29160 83.07380 74.68360 70.10540 70.72120 70.30130 72.11750 85.16180 85.37340 82.40970 74.37010 58.90860 58.20610 58.09840 56.92590 56.87560 56.31290 56.86150 58.59700 61.15260 65.98330 70.62340 67.26370 64.66560 59.73330 59.50930 58.30150 60.83990 67.05740 68.26340 66.85470 68.78740 73.47140 75.04390 76.54530 76.89410 79.36830 81.18600 83.98880 84.13710 86.81120 87.39420 85.01580 79.35810 85.40680 83.64950 83.70180 81.11760 84.84410 83.65230 83.04500 83.46170 83.81750 83.52590 82.94830 83.21590 87.47230 86.98800 85.82320 85.70860 86.79170
85.63180 84.72690 83.86870 82.79880 80.62810 81.36240 81.69530 81.19080 83.38520 82.67490 82.45020 83.36340 83.86780 83.37300 79.19050 81.43180 73.63110 78.88560 80.12670 86.36600 85.98430 69.50860 67.72080 67.51370 50.85740 50.85320 51.05410 52.21150 53.92230 54.05970 53.29610 53.03500 53.77530 53.10350 52.99270 54.59580 55.16100 57.22760 57.92860 60.86350 60.33240 62.78160 67.99060 68.27200 68.20210 69.10790 71.04890 74.08880 78.33900 80.72140 80.08300 83.34250 86.16040 84.72190 75.82200 83.50930 83.37290 83.98200 84.50310 84.63480 83.29660 82.68460 82.95610 82.25100 82.98320 83.45330 84.81710 88.11590 88.33280 87.35900 87.71640
85.71910 82.69590 77.27990 73.09700 80.32400 75.50620 74.99740 73.29470 73.33110 75.85610 75.10600 73.38850 70.31280 71.91980 79.78400 82.87320 82.01970 81.27760 81.34300 80.35990 78.67250 80.68430 72.10310 72.10750 68.84610 67.78640 66.55260 50.37090 52.21420 53.13300 55.37360 54.15010 53.03640 54.87990 53.43500 54.65190 56.03240 59.01050 59.49160 60.39040 62.50170 58.46700 69.27890 71.10670 72.49080 72.65300 74.04460 75.30730 77.17640 79.52680 79.66960 80.76090 82.29500 85.39320 82.66430 76.85520 82.92240 83.29320 83.88160 84.47430 82.92920 82.89480 83.23090 82.81780 82.21940 82.58530 85.52970 85.24660 86.97840 88.55530 88.59370
73.71000 71.54730 74.10770 78.34140 77.35760 87.53770 84.78190 83.57880 77.53400 83.23080 87.81110 82.40460 80.84470 75.07060 80.73610 87.07150 81.78920 73.49440 78.45780 78.10130 76.72520 76.17270 75.41330 77.91910 77.11990 77.62250 76.42420 74.64370 74.54810 80.25440 74.66480 63.50820 59.19060 61.29090 67.61410 68.33250 61.09340 64.48650 63.49020 65.83980 68.61000 71.87970 71.51300 72.45480 72.39040 74.70350 76.01410 74.53680 74.44190 76.90530 78.05410 80.38260 79.44770 80.54140 86.19410 77.21430 83.61400 83.08130 83.05990 83.52060 83.12420 83.15480 83.68270 83.11950 83.64200 84.17940 85.88960 85.90510 86.29120 87.48030 88.61980
69.06150 67.91910 73.76120 86.72460 85.41650 85.42150 88.71740 88.94620 84.21680 83.89640 84.02880 79.77070 82.03330 86.74540 87.66270 82.80720 82.96960 83.02480 85.66250 83.83070 84.54980 84.05570 82.09220 83.01310 77.70360 70.08440 66.27590 67.37820 68.75360 70.11940 65.98870 61.75690 61.18270 65.66380 58.62650 59.73060 65.00120 68.31070 68.42860 68.69510 69.00140 68.10390 71.68720 76.66500 77.65070 76.65840 75.67130 76.24170 76.64040 77.49930 77.36630 77.94920 78.59120 79.37160 85.17800 77.65780 75.92890 82.97010 83.85690 83.54790 83.07810 82.98250 84.38070 84.02670 83.73940 83.81060 85.31610 86.26250 86.47990 85.77640 87.85320
74.82650 78.11220 77.19320 76.82930 73.75040 72.94060 73.94600 79.74780 87.27020 89.56020 89.69160 89.89660 78.74110 75.81400 74.60710 73.43770 72.90680 68.83120 79.56510 80.73400 81.40730 83.11260 78.53830 74.47140 58.54570 52.02200 60.71130 63.67630 63.44030 68.60850 72.40930 67.51150 60.64150 55.80490 56.51720 61.54940 68.96940 69.04430 69.97830 73.19520 72.12720 72.01510 70.06230 76.03940 77.45040 78.09180 76.61640 74.16730 76.35140 71.95870 72.04160 73.54750 78.25080 81.28870 86.81430 82.22930 81.37810 84.33970 84.16330 83.01460 85.39240 85.54820 84.54740 84.54960 83.64530 83.72400 84.44710 86.14350 87.06230 85.30350 85.20840
79.34620 79.29790 78.82330 74.91290 72.60760 71.88930 71.03120 70.53400 72.97420 83.63110 88.64900 89.58830 84.82310 79.03150 77.34460 72.14490 72.76430 72.25690 72.63940 72.99450 75.06130 78.35970 82.97120 78.83840 71.46270 57.13250 50.18300 49.23650 58.75140 69.92700 67.93000 56.66530 55.92570 52.39220 53.55030 54.52470 70.15330 72.50860 78.04850 78.25920 75.14570 74.78680 75.25350 73.92620 80.50580 78.75840 79.83620 78.16720 75.90210 74.13610 72.65000 73.11480 77.30700 80.66550 83.13950 83.45360 85.10040 85.46170 84.57130 84.06240 84.86120 83.60860 82.07420 81.96970 83.11200 84.44760 85.64970 86.11150 86.62590 86.67270 85.90290
78.39130 77.73680 77.70720 76.70120 74.07530 72.13220 73.02340 73.09830 72.88350 73.87280 73.85900 73.35010 78.56220 80.17210 80.92610 80.09930 78.41230 72.51110 71.36860 72.52290 73.13440 74.14460 75.06110 74.39490 70.09860 61.84580 65.74670 74.07550 64.51970 71.05420 66.82070 63.22400 61.10410 55.12310 53.47930 53.43660 61.57210 72.39740 74.68480 76.33530 78.04880 75.15380 77.78630 76.55980 77.92290 79.69460 77.77610 77.80350 78.19820 79.58040 78.23130 77.86690 77.29690 79.33310 79.57010 81.86200 87.26050 89.19270 88.06430 87.94750 89.17620 87.21810 86.09080 85.65830 84.91800 84.88180 84.85520 85.24590 85.73900 87.27200 88.76670
79.93100 -9999 75.78410 75.52470 76.83840 76.57080 -9999 75.87860 76.35470 74.53360 73.58880 70.13920 71.33120 76.09530 75.47720 76.44860 76.65640 74.19100 73.93480 71.33540 70.84350 70.13960 73.24400 74.71380 74.48040 73.41340 74.59600 75.46890 81.43550 79.47240 77.40780 76.91910 63.60430 57.32240 53.75180 69.02150 73.90330 74.44420 72.66180 74.18330 77.42400 80.19060 85.33880 82.61040 77.08820 77.06350 75.01970 75.29450 75.46460 75.83860 75.65290 74.60720 73.89610 79.28920 80.85660 85.68270 90.16270 90.32170 90.56500 90.74310 91.26850 90.62080 90.15490 89.90370 89.00300 88.22580 88.03690 87.99680 87.25430 87.56430 87.71530
