data/hydroclimate-scenarios/BCSD_hadcm_B1/monthly_summaries/soilm1_monthly_day1_apr.2030-2059.asc
ncols	311
nrows	91
xllcenter	102.75
yllcenter	31.75
cellsize	0.5
NODATA_value	-9999
[rows 0 to 31 of 91, columns 0 to 70 of 311]
-9999 -9999 -9999 -9999 -9999 -9999 -9999 -9999 -9999 -9999 -9999 -9999 -9999 -9999 -9999 -9999 -9999 -9999 -9999 -9999 -9999 -9999 -9999 -9999 -9999 -9999 -9999 -9999 -9999 -9999 -9999 -9999 -9999 -9999 -9999 -9999 -9999 -9999 -9999 -9999 -9999 -9999 -9999 -9999 -9999 -9999 -9999 -9999 -9999 -9999 -9999 -9999 -9999 -9999 -9999 -9999 -9999 -9999 -9999 -9999 -9999 -9999 -9999 -9999 -9999 -9999 -9999 -9999 -9999 -9999 -9999
-9999 -9999 -9999 -9999 -9999 -9999 -9999 -9999 -9999 -9999 -9999 -9999 -9999 -9999 -9999 -9999 -9999 -9999 -9999 -9999 -9999 -9999 -9999 -9999 -9999 -9999 -9999 -9999 -9999 -9999 -9999 -9999 -9999 -9999 -9999 -9999 -9999 -9999 -9999 -9999 -9999 -9999 -9999 -9999 -9999 -9999 -9999 -9999 -9999 -9999 -9999 -9999 -9999 -9999 -9999 -9999 -9999 -9999 -9999 -9999 -9999 -9999 -9999 -9999 -9999 -9999 -9999 -9999 -9999 -9999 -9999
-9999 -9999 -9999 -9999 -9999 -9999 -9999 -9999 -9999 -9999 -9999 -9999 -9999 -9999 -9999 -9999 -9999 -9999 -9999 -9999 -9999 -9999 -9999 -9999 -9999 -9999 -9999 -9999 -9999 -9999 -9999 -9999 -9999 -9999 -9999 -9999 -9999 -9999 -9999 -9999 -9999 -9999 -9999 -9999 -9999 -9999 -9999 -9999 -9999 -9999 -9999 -9999 -9999 -9999 -9999 -9999 -9999 -9999 -9999 -9999 -9999 -9999 -9999 -9999 -9999 -9999 -9999 -9999 -9999 -9999 -9999
-9999 -9999 -9999 -9999 -9999 -9999 -9999 -9999 -9999 -9999 -9999 -9999 -9999 -9999 -9999 -9999 -9999 -9999 -9999 -9999 -9999 -9999 -9999 -9999 -9999 -9999 -9999 -9999 -9999 -9999 -9999 -9999 -9999 -9999 -9999 -9999 -9999 -9999 -9999 -9999 -9999 -9999 -9999 -9999 -9999 -9999 -9999 -9999 -9999 -9999 -9999 -9999 -9999 -9999 -9999 -9999 -9999 -9999 -9999 -9999 -9999 -9999 -9999 -9999 -9999 -9999 -9999 -9999 -9999 -9999 -9999
-9999 -9999 -9999 -9999 -9999 -9999 -9999 -9999 -9999 -9999 -9999 -9999 -9999 -9999 -9999 -9999 -9999 -9999 -9999 -9999 -9999 -9999 -9999 -9999 -9999 -9999 -9999 -9999 -9999 -9999 -9999 -9999 -9999 -9999 -9999 -9999 -9999 -9999 -9999 -9999 -9999 -9999 -9999 -9999 -9999 -9999 -9999 -9999 -9999 -9999 -9999 -9999 -9999 -9999 -9999 -9999 -9999 -9999 -9999 -9999 -9999 -9999 -9999 -9999 -9999 -9999 -9999 -9999 -9999 -9999 -9999
-9999 -9999 -9999 -9999 -9999 -9999 -9999 -9999 -9999 -9999 -9999 -9999 -9999 -9999 -9999 -9999 -9999 -9999 -9999 -9999 -9999 -9999 -9999 -9999 -9999 -9999 -9999 -9999 -9999 -9999 -9999 -9999 -9999 -9999 -9999 -9999 -9999 -9999 -9999 -9999 -9999 -9999 -9999 -9999 -9999 -9999 -9999 -9999 -9999 -9999 -9999 -9999 -9999 -9999 -9999 -9999 -9999 -9999 -9999 -9999 -9999 -9999 -9999 -9999 -9999 -9999 -9999 -9999 -9999 -9999 -9999
-9999 -9999 -9999 -9999 -9999 -9999 -9999 -9999 -9999 -9999 -9999 -9999 -9999 -9999 -9999 -9999 -9999 -9999 -9999 -9999 -9999 -9999 -9999 -9999 -9999 -9999 -9999 -9999 -9999 -9999 -9999 -9999 -9999 -9999 -9999 -9999 -9999 -9999 -9999 -9999 -9999 -9999 -9999 -9999 -9999 -9999 -9999 -9999 -9999 -9999 -9999 -9999 -9999 -9999 -9999 -9999 -9999 -9999 -9999 -9999 -9999 -9999 -9999 -9999 -9999 -9999 -9999 -9999 -9999 -9999 -9999
-9999 -9999 -9999 -9999 -9999 -9999 -9999 -9999 -9999 -9999 -9999 -9999 -9999 -9999 -9999 -9999 -9999 -9999 -9999 -9999 -9999 -9999 -9999 -9999 -9999 -9999 -9999 -9999 -9999 -9999 -9999 -9999 -9999 -9999 -9999 -9999 -9999 -9999 -9999 -9999 -9999 -9999 65.90620 66.79120 65.80850 65.66190 65.68550 65.43680 65.05990 65.41190 65.00480 64.54980 -9999 -9999 -9999 -9999 -9999 -9999 -9999 -9999 -9999 -9999 -9999 -9999 -9999 -9999 -9999 -9999 -9999 -9999 -9999
-9999 -9999 -9999 -9999 -9999 -9999 -9999 -9999 -9999 -9999 -9999 -9999 -9999 -9999 -9999 -9999 -9999 -9999 -9999 -9999 -9999 -9999 -9999 -9999 -9999 -9999 -9999 -9999 -9999 -9999 -9999 -9999 -9999 -9999 -9999 -9999 -9999 -9999 64.33530 64.57300 64.32510 64.03670 64.43760 65.48880 64.90650 66.81180 66.81660 67.06420 65.70820 62.84720 62.82380 71.74130 74.36800 72.01640 -9999 -9999 -9999 -9999 -9999 -9999 -9999 -9999 -9999 -9999 -9999 -9999 -9999 -9999 -9999 -9999 -9999
-9999 -9999 -9999 -9999 -9999 -9999 -9999 -9999 -9999 -9999 -9999 -9999 -9999 -9999 -9999 -9999 -9999 -9999 -9999 -9999 -9999 -9999 -9999 -9999 -9999 -9999 -9999 -9999 -9999 -9999 -9999 -9999 -9999 -9999 -9999 -9999 -9999 -9999 -9999 -9999 66.56930 66.90440 66.41780 65.96970 64.64520 63.21600 64.31960 63.17490 66.82240 66.76690 66.10030 61.84180 59.10030 58.48390 -9999 -9999 -9999 -9999 -9999 -9999 -9999 -9999 -9999 -9999 -9999 -9999 -9999 -9999 -9999 -9999 -9999
-9999 -9999 -9999 -9999 -9999 -9999 -9999 -9999 -9999 -9999 -9999 -9999 -9999 -9999 -9999 -9999 -9999 -9999 -9999 -9999 -9999 -9999 -9999 -9999 -9999 -9999 -9999 -9999 -9999 -9999 -9999 -9999 -9999 -9999 -9999 -9999 -9999 -9999 -9999 -9999 -9999 -9999 -9999 -9999 66.55330 65.10900 64.36230 62.33200 60.97180 67.73010 64.86670 64.04510 59.37070 59.72040 -9999 -9999 -9999 -9999 -9999 -9999 62.18950 -9999 -9999 -9999 -9999 -9999 -9999 -9999 -9999 -9999 -9999
-9999 -9999 -9999 -9999 -9999 -9999 -9999 -9999 -9999 -9999 -9999 -9999 -9999 -9999 -9999 -9999 -9999 -9999 -9999 -9999 -9999 -9999 -9999 -9999 -9999 -9999 -9999 -9999 -9999 -9999 -9999 -9999 -9999 -9999 -9999 -9999 -9999 -9999 -9999 -9999 -9999 67.28540 67.35370 66.98280 67.02720 67.51080 66.92800 67.34570 66.43880 67.75930 67.74490 64.60480 58.85210 61.84400 -9999 -9999 -9999 -9999 -9999 61.98950 61.73140 61.29450 61.13230 61.17790 60.52620 61.07950 60.81070 60.90640 60.86950 61.06590 61.09750
-9999 -9999 -9999 -9999 -9999 -9999 -9999 -9999 -9999 -9999 -9999 -9999 -9999 -9999 -9999 -9999 -9999 -9999 -9999 -9999 -9999 -9999 -9999 -9999 -9999 -9999 -9999 -9999 -9999 -9999 -9999 -9999 -9999 -9999 -9999 -9999 -9999 -9999 -9999 -9999 -9999 67.69790 67.44800 67.46360 67.77470 67.41090 70.96120 70.97160 67.97570 68.17290 68.43620 65.83950 59.42360 59.92970 61.63390 59.65560 63.44060 -9999 62.50930 61.92320 61.57060 61.77900 61.72150 64.16650 63.77920 62.34050 61.70400 60.91810 60.73940 61.38390 61.62110
-9999 -9999 -9999 -9999 -9999 -9999 -9999 -9999 -9999 -9999 -9999 -9999 -9999 -9999 -9999 -9999 -9999 -9999 -9999 -9999 -9999 -9999 -9999 -9999 -9999 -9999 -9999 -9999 -9999 -9999 -9999 -9999 -9999 -9999 -9999 67.09090 67.05010 66.76000 66.88300 65.45630 65.67040 66.88880 66.91010 67.79940 70.87240 70.85230 67.44670 67.79940 68.58970 68.89770 66.95330 68.92570 66.07920 64.30130 59.19850 59.53250 64.54570 66.03620 63.27790 61.96970 62.32170 62.74230 61.48410 63.71140 64.75400 62.09160 62.84300 62.94010 61.83970 53.44530 53.65810
-9999 -9999 -9999 -9999 -9999 -9999 -9999 -9999 -9999 -9999 -9999 -9999 -9999 -9999 -9999 -9999 -9999 -9999 -9999 -9999 -9999 -9999 -9999 -9999 -9999 -9999 -9999 -9999 -9999 -9999 -9999 -9999 -9999 -9999 66.63840 66.83870 66.81720 66.73860 66.11350 66.96590 67.18400 67.00290 67.47970 71.12490 68.81720 67.87700 68.03380 68.57330 69.34980 69.22690 64.08540 64.66250 64.51150 59.81380 59.13040 64.81630 67.91470 65.64600 63.69720 62.87460 62.20360 61.27150 62.12060 62.31980 60.75150 61.46520 62.38380 63.57240 63.56760 61.62280 62.55620
-9999 -9999 -9999 -9999 -9999 -9999 -9999 -9999 -9999 -9999 -9999 -9999 -9999 -9999 -9999 -9999 -9999 -9999 -9999 -9999 -9999 -9999 -9999 -9999 -9999 -9999 -9999 -9999 -9999 -9999 -9999 -9999 -9999 66.16030 66.45410 66.45130 66.92410 66.73310 66.41210 67.33470 67.64860 67.43400 71.43970 70.92220 67.80310 68.12430 68.58970 68.41830 67.82290 69.66360 69.02140 65.85360 61.74050 59.24020 58.95580 64.81970 65.45470 67.97910 65.35550 62.52510 63.09790 62.04920 61.18470 60.50790 60.25650 61.77710 64.08320 64.05110 63.91280 63.24610 65.77910
-9999 -9999 -9999 -9999 -9999 -9999 -9999 -9999 -9999 -9999 -9999 -9999 -9999 -9999 -9999 -9999 -9999 -9999 -9999 -9999 -9999 -9999 -9999 -9999 -9999 -9999 -9999 -9999 -9999 -9999 -9999 65.67520 65.99350 66.15110 66.51640 67.55190 67.45460 67.14750 67.16840 68.16870 68.22980 69.03170 71.17040 68.73240 68.09780 68.73300 69.69190 69.42150 66.87390 64.18020 62.21970 59.60670 58.00450 59.76430 63.83590 63.07940 65.33280 65.23790 65.65850 64.87110 62.69100 59.79470 60.41250 59.53430 59.90850 60.80620 61.47190 62.91010 63.71000 65.90240 65.93630
-9999 -9999 -9999 -9999 -9999 -9999 -9999 -9999 -9999 -9999 -9999 -9999 -9999 -9999 -9999 -9999 -9999 -9999 -9999 -9999 -9999 -9999 -9999 -9999 -9999 -9999 -9999 -9999 -9999 64.40380 64.58560 65.70260 65.48450 65.58270 65.86820 66.22520 67.18410 68.51910 67.70640 67.93530 70.80150 72.03180 68.46260 67.69120 67.89410 68.41750 68.80120 69.29690 65.55050 64.89630 62.25250 59.50170 58.51100 60.01600 64.79010 67.47950 68.87360 68.61950 67.90530 65.11700 62.59220 60.84290 60.35380 60.69200 59.94880 60.84740 61.20750 62.64730 62.84420 63.34980 64.05010
-9999 -9999 -9999 -9999 -9999 -9999 -9999 -9999 -9999 -9999 -9999 -9999 -9999 -9999 -9999 -9999 -9999 -9999 -9999 -9999 -9999 -9999 -9999 -9999 66.42930 65.90880 65.30770 65.04880 64.95930 65.74200 66.07440 65.77200 66.07440 66.58260 66.96420 67.10720 69.05640 68.90030 68.66980 67.92690 68.76770 72.38680 68.34060 68.17710 68.44590 68.59740 68.67330 68.83840 68.42190 66.48440 65.17090 65.27470 60.59290 64.83100 67.83020 68.72550 68.62050 66.85680 66.41290 64.51680 61.84760 61.84580 62.45730 61.69870 62.17700 62.92470 62.63910 63.94380 64.40250 63.87590 64.80830
-9999 -9999 -9999 -9999 -9999 -9999 67.31670 67.95120 68.50270 67.47990 67.16450 -9999 -9999 -9999 -9999 -9999 -9999 -9999 -9999 -9999 -9999 67.20370 66.00670 66.78510 67.17380 66.31550 65.36360 65.12840 65.25040 66.11470 66.04230 65.88810 66.26940 66.60920 66.80620 66.59590 67.14110 67.65220 69.29520 67.48340 68.25690 69.00010 71.97070 67.83830 68.14140 68.39630 68.46920 69.25570 68.71340 65.72220 64.03740 61.15140 61.87960 70.07050 69.49240 68.89400 68.71680 67.32560 65.01630 63.93630 62.96990 62.03850 63.03020 61.87590 62.68770 62.47190 62.32220 65.88160 66.19830 65.47970 63.68880
-9999 -9999 -9999 -9999 -9999 67.82120 67.92640 68.13860 67.84670 67.69190 67.52830 68.35550 68.19960 68.70110 -9999 -9999 -9999 68.16680 67.91920 67.37800 66.95130 66.70140 66.51330 66.16740 72.09420 74.52650 74.95860 74.66720 76.06630 76.73020 76.04370 75.19930 73.93640 73.92990 75.20690 75.45850 75.87460 77.67140 77.59470 76.96480 77.11780 77.54140 73.39890 75.18570 78.47370 76.73780 75.91130 74.42410 70.26790 65.25200 64.34580 60.95150 63.53380 65.25270 65.83990 65.95290 68.84120 68.02650 67.07510 63.87260 63.72220 65.64550 55.83670 62.78760 62.33580 65.15860 66.24650 67.56000 67.20850 66.52470 64.85930
-9999 66.62280 67.07060 68.18750 67.15080 67.69620 68.11040 67.57490 67.80460 67.37200 67.64810 68.13690 68.26500 68.57860 68.30010 68.37730 67.97350 67.94430 67.97670 67.37490 67.06180 66.57270 67.36420 77.10020 78.35870 78.36860 78.38300 77.95270 77.98450 78.51980 78.57310 78.47460 78.33910 78.98910 79.11220 79.04330 79.19630 79.04300 78.90280 78.68990 78.79680 79.34960 77.06510 73.13370 79.44480 79.55180 79.50280 76.70610 70.67450 67.47430 69.30180 68.47040 66.54840 61.83160 66.35930 68.30720 68.89950 67.76600 67.63850 64.10970 65.47080 64.15370 66.34760 65.08980 65.45820 64.88120 66.12800 66.54210 67.23330 67.31470 68.15850
-9999 68.49990 68.57220 68.14420 67.93390 67.60130 67.47440 68.89530 68.68420 68.32730 68.57500 69.24400 69.25720 69.07250 69.02480 67.90740 68.27050 68.38000 68.13760 67.91740 68.15240 68.05580 73.56950 77.98400 78.67390 78.32390 78.07780 78.07800 78.14100 78.44690 78.45810 78.76960 78.99290 78.90790 77.78680 78.78040 78.97790 79.35650 79.32560 79.13610 79.30150 79.50080 79.75190 72.64770 76.39010 79.20770 79.48600 79.51620 79.50020 76.97110 74.14570 67.81940 63.90950 66.36410 63.80250 65.16290 67.45500 67.20650 64.45690 59.49260 64.40030 64.48910 65.42630 57.89920 65.17880 64.85620 65.93010 63.46200 65.54470 64.12400 65.53950
-9999 -9999 -9999 74.44540 74.80140 75.27780 75.20250 75.37390 75.37330 75.31000 68.64680 70.15220 70.56840 70.72870 69.81530 67.79280 68.23610 68.67730 69.24600 70.55420 73.85970 73.79280 74.52700 78.66880 78.84090 78.39060 78.34590 78.04550 78.17330 78.71630 78.97310 79.11730 78.23830 77.67100 75.86660 74.97660 82.88190 80.10010 78.09760 76.59020 77.11100 76.04690 69.44220 70.01690 71.60410 72.84670 75.19350 78.35910 78.66110 75.38520 69.17640 69.21570 67.29330 67.87900 67.64760 66.94880 65.78390 59.27390 62.42330 59.18970 63.32900 65.50640 62.41200 66.24510 64.72210 65.79840 66.19350 67.37580 66.39710 65.62590 65.68070
-9999 -9999 -9999 -9999 -9999 -9999 74.80910 74.83530 74.54520 71.48070 71.24380 74.29230 74.23550 74.15000 74.09350 71.14420 70.88090 74.00350 73.93280 74.35010 76.06400 78.03000 79.64790 78.79020 78.80130 78.87530 78.83390 76.50820 74.70290 78.47070 78.97690 78.86610 75.50510 67.37890 76.20080 68.05270 72.04320 73.03540 68.66820 68.97390 68.14270 68.28080 68.35300 68.77160 69.83420 69.94450 71.41260 72.27980 74.08390 76.64910 76.11220 76.71850 78.09100 69.26040 70.36750 78.49140 69.29150 67.78730 66.78690 62.85740 59.71060 59.91570 59.32070 58.78700 63.16910 63.91350 65.08750 68.11700 67.94410 66.83580 63.88170
-9999 -9999 -9999 -9999 -9999 -9999 74.08770 74.22810 74.11990 74.33030 74.26640 74.30150 74.35430 74.34400 74.41960 74.29940 74.74240 76.31920 77.38990 79.09540 79.44880 79.59900 79.71210 79.30560 79.27730 79.37980 79.51820 76.94850 68.71660 69.23860 70.08400 69.32700 69.66130 68.07280 68.72000 68.97240 71.38530 71.02190 70.93190 66.93570 68.56250 68.74700 68.14810 68.18910 68.05730 69.02230 69.41630 69.16910 68.51910 70.52970 72.19260 74.48870 75.93840 75.37380 76.62420 78.74440 77.28160 76.27030 73.99810 75.05840 70.60630 70.27090 68.59830 64.04860 65.49550 65.38180 67.37290 68.20840 67.67440 67.53090 65.66430
-9999 -9999 -9999 -9999 -9999 -9999 -9999 -9999 -9999 -9999 74.36000 74.16630 74.17060 74.44760 74.25600 77.08260 79.66460 79.30660 79.53710 79.14490 79.04970 79.22440 79.41310 79.65270 79.69810 79.62300 79.68280 79.62890 78.49500 76.60970 76.91120 74.52570 72.48930 68.78310 68.70130 69.05100 68.94850 68.48970 68.27390 67.82850 73.06660 75.45550 76.71520 75.22620 75.13720 73.89720 74.45690 76.74310 69.33770 68.34680 68.05770 67.37890 67.20910 70.49510 71.67690 71.79200 71.32080 66.53580 67.48570 70.52460 66.33310 73.56520 74.46540 75.79190 74.97150 73.84270 74.51980 70.81580 69.09880 69.10180 68.46010
-9999 -9999 -9999 -9999 -9999 -9999 -9999 -9999 -9999 -9999 75.52950 74.41050 74.28800 74.38030 74.50890 77.34780 79.95270 79.75140 79.55050 79.39770 79.58770 79.65590 79.64750 79.87700 79.87600 79.82900 79.82180 79.89510 79.98040 77.62700 75.25110 74.99330 72.55740 70.43020 74.80660 73.56370 77.28130 79.86960 78.74200 78.20300 79.30080 78.93010 78.70800 79.68260 79.63390 79.64450 79.65750 79.69240 79.46400 70.45250 67.85440 67.35690 67.48460 66.54370 71.29400 69.35690 66.84590 66.44300 65.92990 65.75110 65.61940 65.14640 65.52620 70.47870 73.02610 72.63930 74.38520 78.51140 70.24540 69.51220 70.64150
-9999 -9999 -9999 -9999 -9999 -9999 -9999 -9999 -9999 -9999 -9999 -9999 74.18350 74.18570 74.30870 74.66320 78.16040 79.71090 79.40350 79.74680 79.52220 77.90760 77.46150 75.55930 79.74550 79.89810 79.87650 79.78480 79.81900 79.32840 76.68150 77.47060 77.49710 79.21410 79.62420 80.36460 80.25620 79.95530 79.66030 79.43760 79.40290 79.03370 79.09110 79.73310 79.70760 79.33660 79.46930 79.10230 79.07960 78.03860 74.59500 72.02440 67.66330 73.10050 72.37540 65.20670 63.19120 65.51430 65.27430 64.87930 64.48100 64.28780 64.46470 70.61700 66.86170 67.13550 71.99450 78.30760 76.59240 71.35820 69.61410
-9999 -9999 -9999 -9999 -9999 -9999 -9999 -9999 -9999 -9999 -9999 -9999 74.32210 74.54870 74.47670 74.53890 74.57170 74.76810 77.35900 78.04410 74.41560 72.98700 80.85220 74.53950 79.62640 79.87500 79.91140 79.93230 79.94160 79.87060 79.76280 79.85410 79.87550 79.84150 79.67210 80.48580 80.31480 80.13540 79.93000 79.63280 79.70520 79.29540 79.22130 79.96760 79.94310 77.17370 76.33950 72.88150 68.36290 67.95880 73.31500 73.06440 73.75350 73.42910 71.95960 64.32410 64.76200 66.37540 66.13880 65.19160 64.75070 65.23660 67.51620 66.79130 68.02220 71.10260 73.53580 73.37010 70.30990 70.74950 68.73830
-9999 -9999 -9999 -9999 -9999 -9999 -9999 -9999 -9999 -9999 -9999 74.85530 74.34180 74.38490 74.55390 74.57450 71.72240 70.12020 71.34230 68.86160 71.41530 72.93520 74.03020 77.59920 79.86070 79.78080 79.93110 79.97670 80.12640 80.03670 80.03800 80.18450 80.17780 80.38830 80.29860 80.28370 79.96220 79.73050 79.58830 79.61070 79.59170 79.08160 79.09830 79.31470 79.20350 79.47270 77.14660 74.00420 71.97500 68.89750 69.28610 69.35220 68.68620 66.38260 64.20010 65.66270 66.58570 68.16930 67.28670 66.57860 68.39150 70.81050 71.18190 70.26040 69.67000 69.86220 70.83260 70.07150 70.09800 69.05990 67.36340
-9999 -9999 -9999 -9999 -9999 -9999 -9999 -9999 -9999 -9999 -9999 73.45350 75.16230 74.59110 74.81900 74.67980 72.27370 71.99180 70.19250 72.14810 72.86240 74.21700 77.64020 78.70900 78.82840 78.27500 80.27530 79.97810 80.17830 80.13360 80.09920 80.03390 80.11230 80.47180 80.44880 80.48740 80.41380 80.08060 79.85280 79.99780 79.93430 79.26520 76.96740 75.79070 74.90210 72.59530 72.88770 70.41700 71.70860 70.87890 71.74770 72.44860 71.97100 71.08430 71.47470 71.85710 71.41100 70.40370 70.66160 70.57620 69.52540 72.58190 72.22120 68.85360 68.68170 72.47160 70.89300 70.72530 70.52340 71.10790 70.44090
