data/hydroclimate-scenarios/BCSD_hadcm_B1/monthly_summaries/soilm1_monthly_day1_oct.2030-2059.asc
ncols	311
nrows	91
xllcenter	102.75
yllcenter	31.75
cellsize	0.5
NODATA_value	-9999
[rows 0 to 31 of 91, columns 0 to 70 of 311]
-9999 -9999 -9999 -9999 -9999 -9999 -9999 -9999 -9999 -9999 -9999 -9999 -9999 -9999 -9999 -9999 -9999 -9999 -9999 -9999 -9999 -9999 -9999 -9999 -9999 -9999 -9999 -9999 -9999 -9999 -9999 -9999 -9999 -9999 -9999 -9999 -9999 -9999 -9999 -9999 -9999 -9999 -9999 -9999 -9999 -9999 -9999 -9999 -9999 -9999 -9999 -9999 -9999 -9999 -9999 -9999 -9999 -9999 -9999 -9999 -9999 -9999 -9999 -9999 -9999 -9999 -9999 -9999 -9999 -9999 -9999
-9999 -9999 -9999 -9999 -9999 -9999 -9999 -9999 -9999 -9999 -9999 -9999 -9999 -9999 -9999 -9999 -9999 -9999 -9999 -9999 -9999 -9999 -9999 -9999 -9999 -9999 -9999 -9999 -9999 -9999 -9999 -9999 -9999 -9999 -9999 -9999 -9999 -9999 -9999 -9999 -9999 -9999 -9999 -9999 -9999 -9999 -9999 -9999 -9999 -9999 -9999 -9999 -9999 -9999 -9999 -9999 -9999 -9999 -9999 -9999 -9999 -9999 -9999 -9999 -9999 -9999 -9999 -9999 -9999 -9999 -9999
-9999 -9999 -9999 -9999 -9999 -9999 -9999 -9999 -9999 -9999 -9999 -9999 -9999 -9999 -9999 -9999 -9999 -9999 -9999 -9999 -9999 -9999 -9999 -9999 -9999 -9999 -9999 -9999 -9999 -9999 -9999 -9999 -9999 -9999 -9999 -9999 -9999 -9999 -9999 -9999 -9999 -9999 -9999 -9999 -9999 -9999 -9999 -9999 -9999 -9999 -9999 -9999 -9999 -9999 -9999 -9999 -9999 -9999 -9999 -9999 -9999 -9999 -9999 -9999 -9999 -9999 -9999 -9999 -9999 -9999 -9999
-9999 -9999 -9999 -9999 -9999 -9999 -9999 -9999 -9999 -9999 -9999 -9999 -9999 -9999 -9999 -9999 -9999 -9999 -9999 -9999 -9999 -9999 -9999 -9999 -9999 -9999 -9999 -9999 -9999 -9999 -9999 -9999 -9999 -9999 -9999 -9999 -9999 -9999 -9999 -9999 -9999 -9999 -9999 -9999 -9999 -9999 -9999 -9999 -9999 -9999 -9999 -9999 -9999 -9999 -9999 -9999 -9999 -9999 -9999 -9999 -9999 -9999 -9999 -9999 -9999 -9999 -9999 -9999 -9999 -9999 -9999
-9999 -9999 -9999 -9999 -9999 -9999 -9999 -9999 -9999 -9999 -9999 -9999 -9999 -9999 -9999 -9999 -9999 -9999 -9999 -9999 -9999 -9999 -9999 -9999 -9999 -9999 -9999 -9999 -9999 -9999 -9999 -9999 -9999 -9999 -9999 -9999 -9999 -9999 -9999 -9999 -9999 -9999 -9999 -9999 -9999 -9999 -9999 -9999 -9999 -9999 -9999 -9999 -9999 -9999 -9999 -9999 -9999 -9999 -9999 -9999 -9999 -9999 -9999 -9999 -9999 -9999 -9999 -9999 -9999 -9999 -9999
-9999 -9999 -9999 -9999 -9999 -9999 -9999 -9999 -9999 -9999 -9999 -9999 -9999 -9999 -9999 -9999 -9999 -9999 -9999 -9999 -9999 -9999 -9999 -9999 -9999 -9999 -9999 -9999 -9999 -9999 -9999 -9999 -9999 -9999 -9999 -9999 -9999 -9999 -9999 -9999 -9999 -9999 -9999 -9999 -9999 -9999 -9999 -9999 -9999 -9999 -9999 -9999 -9999 -9999 -9999 -9999 -9999 -9999 -9999 -9999 -9999 -9999 -9999 -9999 -9999 -9999 -9999 -9999 -9999 -9999 -9999
-9999 -9999 -9999 -9999 -9999 -9999 -9999 -9999 -9999 -9999 -9999 -9999 -9999 -9999 -9999 -9999 -9999 -9999 -9999 -9999 -9999 -9999 -9999 -9999 -9999 -9999 -9999 -9999 -9999 -9999 -9999 -9999 -9999 -9999 -9999 -9999 -9999 -9999 -9999 -9999 -9999 -9999 -9999 -9999 -9999 -9999 -9999 -9999 -9999 -9999 -9999 -9999 -9999 -9999 -9999 -9999 -9999 -9999 -9999 -9999 -9999 -9999 -9999 -9999 -9999 -9999 -9999 -9999 -9999 -9999 -9999
-9999 -9999 -9999 -9999 -9999 -9999 -9999 -9999 -9999 -9999 -9999 -9999 -9999 -9999 -9999 -9999 -9999 -9999 -9999 -9999 -9999 -9999 -9999 -9999 -9999 -9999 -9999 -9999 -9999 -9999 -9999 -9999 -9999 -9999 -9999 -9999 -9999 -9999 -9999 -9999 -9999 -9999 77.89570 79.03330 78.03190 77.92090 78.24810 77.70880 76.69690 77.13400 76.62150 75.08540 -9999 -9999 -9999 -9999 -9999 -9999 -9999 -9999 -9999 -9999 -9999 -9999 -9999 -9999 -9999 -9999 -9999 -9999 -9999
-9999 -9999 -9999 -9999 -9999 -9999 -9999 -9999 -9999 -9999 -9999 -9999 -9999 -9999 -9999 -9999 -9999 -9999 -9999 -9999 -9999 -9999 -9999 -9999 -9999 -9999 -9999 -9999 -9999 -9999 -9999 -9999 -9999 -9999 -9999 -9999 -9999 -9999 74.96050 75.54780 75.57040 75.55990 75.91280 77.42750 76.80280 78.97710 78.54200 78.08440 76.62090 73.17830 72.61960 83.32850 85.11380 80.95840 -9999 -9999 -9999 -9999 -9999 -9999 -9999 -9999 -9999 -9999 -9999 -9999 -9999 -9999 -9999 -9999 -9999
-9999 -9999 -9999 -9999 -9999 -9999 -9999 -9999 -9999 -9999 -9999 -9999 -9999 -9999 -9999 -9999 -9999 -9999 -9999 -9999 -9999 -9999 -9999 -9999 -9999 -9999 -9999 -9999 -9999 -9999 -9999 -9999 -9999 -9999 -9999 -9999 -9999 -9999 -9999 -9999 77.00410 77.52800 76.98690 77.19130 76.26190 74.50030 76.01260 74.70340 78.45670 77.58330 76.82160 72.45340 69.55490 68.12680 -9999 -9999 -9999 -9999 -9999 -9999 -9999 -9999 -9999 -9999 -9999 -9999 -9999 -9999 -9999 -9999 -9999
-9999 -9999 -9999 -9999 -9999 -9999 -9999 -9999 -9999 -9999 -9999 -9999 -9999 -9999 -9999 -9999 -9999 -9999 -9999 -9999 -9999 -9999 -9999 -9999 -9999 -9999 -9999 -9999 -9999 -9999 -9999 -9999 -9999 -9999 -9999 -9999 -9999 -9999 -9999 -9999 -9999 -9999 -9999 -9999 76.39480 76.10680 75.22250 73.32600 70.20480 78.87600 76.16110 75.85920 69.14010 70.94050 -9999 -9999 -9999 -9999 -9999 -9999 67.18940 -9999 -9999 -9999 -9999 -9999 -9999 -9999 -9999 -9999 -9999
-9999 -9999 -9999 -9999 -9999 -9999 -9999 -9999 -9999 -9999 -9999 -9999 -9999 -9999 -9999 -9999 -9999 -9999 -9999 -9999 -9999 -9999 -9999 -9999 -9999 -9999 -9999 -9999 -9999 -9999 -9999 -9999 -9999 -9999 -9999 -9999 -9999 -9999 -9999 -9999 -9999 76.81000 77.29850 76.27550 76.48940 77.75950 77.37650 77.58790 77.13050 79.07740 78.55570 75.95730 68.47950 73.59960 -9999 -9999 -9999 -9999 -9999 67.20580 66.47150 65.34970 65.08850 65.08280 64.14480 65.09270 64.54320 64.20390 64.69570 65.12000 65.35730
-9999 -9999 -9999 -9999 -9999 -9999 -9999 -9999 -9999 -9999 -9999 -9999 -9999 -9999 -9999 -9999 -9999 -9999 -9999 -9999 -9999 -9999 -9999 -9999 -9999 -9999 -9999 -9999 -9999 -9999 -9999 -9999 -9999 -9999 -9999 -9999 -9999 -9999 -9999 -9999 -9999 76.54010 76.90710 77.51310 78.03540 77.76770 83.14710 83.27650 78.16470 79.40970 79.29900 76.70830 68.35200 70.03160 72.83830 67.93790 73.58730 -9999 69.29860 66.94850 66.00290 65.61050 64.78900 68.65660 68.27480 66.79160 66.30550 65.75300 65.76600 66.18470 66.29940
-9999 -9999 -9999 -9999 -9999 -9999 -9999 -9999 -9999 -9999 -9999 -9999 -9999 -9999 -9999 -9999 -9999 -9999 -9999 -9999 -9999 -9999 -9999 -9999 -9999 -9999 -9999 -9999 -9999 -9999 -9999 -9999 -9999 -9999 -9999 73.02420 74.39430 75.14940 75.50250 73.71610 74.37440 76.37360 76.51580 77.49450 82.97530 82.96740 77.57810 77.89940 78.89920 79.79970 77.62450 79.14090 75.90990 74.66620 67.65980 67.29390 74.18880 73.29850 69.99730 66.90930 66.21480 65.68490 64.68410 68.60680 68.77930 66.36220 67.16470 66.80980 66.49140 55.89400 56.11510
-9999 -9999 -9999 -9999 -9999 -9999 -9999 -9999 -9999 -9999 -9999 -9999 -9999 -9999 -9999 -9999 -9999 -9999 -9999 -9999 -9999 -9999 -9999 -9999 -9999 -9999 -9999 -9999 -9999 -9999 -9999 -9999 -9999 -9999 70.83170 72.43090 73.17010 73.50330 73.63340 76.30960 77.16190 77.24210 78.23590 83.91780 79.51270 77.94160 78.35660 79.93600 80.27420 80.75270 75.83420 74.81910 74.08710 68.36940 67.70090 75.52320 77.18350 73.21660 70.18990 67.37720 66.65680 65.84990 66.04410 65.84070 64.23040 64.73040 65.29190 68.33190 68.46430 67.27940 68.45140
-9999 -9999 -9999 -9999 -9999 -9999 -9999 -9999 -9999 -9999 -9999 -9999 -9999 -9999 -9999 -9999 -9999 -9999 -9999 -9999 -9999 -9999 -9999 -9999 -9999 -9999 -9999 -9999 -9999 -9999 -9999 -9999 -9999 69.38810 70.05770 71.41010 72.58520 73.59580 73.81350 76.84450 77.97240 77.98730 84.85730 84.18100 78.33200 78.01150 78.60060 79.10880 78.60000 81.22100 79.95000 75.11880 69.54670 67.63590 67.24480 75.53380 75.82800 74.64510 71.00680 67.26060 67.57490 65.88460 64.64820 63.46150 63.11550 64.86040 67.73410 69.16370 69.24340 68.78790 71.10450
-9999 -9999 -9999 -9999 -9999 -9999 -9999 -9999 -9999 -9999 -9999 -9999 -9999 -9999 -9999 -9999 -9999 -9999 -9999 -9999 -9999 -9999 -9999 -9999 -9999 -9999 -9999 -9999 -9999 -9999 -9999 67.53030 69.07350 69.97810 70.90070 72.61090 73.16860 74.11450 74.85540 77.87220 78.78970 79.95620 86.23980 77.55390 77.51860 78.79050 79.74760 80.64410 78.67590 76.64310 72.61240 68.90590 65.17770 69.09280 74.41860 73.42190 74.77720 73.60020 73.36060 70.65660 67.24010 63.09560 63.61130 61.80350 62.69510 64.89840 65.35440 66.87660 67.83180 70.75180 71.64450
-9999 -9999 -9999 -9999 -9999 -9999 -9999 -9999 -9999 -9999 -9999 -9999 -9999 -9999 -9999 -9999 -9999 -9999 -9999 -9999 -9999 -9999 -9999 -9999 -9999 -9999 -9999 -9999 -9999 67.43180 67.01860 69.20810 69.36120 69.91470 70.43360 71.38230 72.56530 75.08080 75.13080 77.58840 84.21130 85.78190 80.08880 76.21520 76.90070 78.27310 78.81060 80.27820 76.75550 76.98660 72.64570 67.77690 66.29030 69.28220 75.08820 77.06750 76.98710 76.52230 74.50190 69.11670 66.60520 63.88380 63.33080 63.57730 62.88840 64.45770 65.63770 68.40580 68.81270 69.78410 70.18550
-9999 -9999 -9999 -9999 -9999 -9999 -9999 -9999 -9999 -9999 -9999 -9999 -9999 -9999 -9999 -9999 -9999 -9999 -9999 -9999 -9999 -9999 -9999 -9999 71.03780 71.01690 70.14110 69.39180 69.37040 70.89160 71.64570 71.42490 72.07020 73.25080 74.20940 73.22710 75.37260 77.69540 78.68470 77.44240 78.92200 85.30750 78.22810 78.72260 79.69080 78.47600 78.69700 79.07760 78.47300 77.04460 75.63540 75.46340 70.40020 76.31730 77.87400 77.42840 76.38780 72.85460 71.94830 70.05580 66.71910 66.14710 66.40640 65.74430 66.59350 67.97250 68.12680 69.72000 70.33280 69.69760 73.22760
-9999 -9999 -9999 -9999 -9999 -9999 71.29460 72.10870 73.02870 71.71940 71.23180 -9999 -9999 -9999 -9999 -9999 -9999 -9999 -9999 -9999 -9999 72.24970 71.97470 72.41380 72.55230 72.03510 70.81920 70.46440 70.61920 71.81330 71.61280 71.82410 72.38690 73.28490 73.79320 72.84380 74.12350 75.90810 77.78910 75.45330 76.59370 79.24470 84.87810 77.62780 78.79330 78.10390 78.28470 79.39370 78.66120 76.19430 74.43590 71.16610 71.80310 80.70050 78.34400 77.28590 76.63360 73.86090 70.87770 70.47180 68.43290 66.54530 68.10400 67.09490 68.79530 67.66430 67.44120 71.73690 72.35200 71.11370 70.62500
-9999 -9999 -9999 -9999 -9999 73.30980 73.58950 74.34540 73.70520 72.93970 72.54610 74.77570 74.37150 75.42550 -9999 -9999 -9999 74.53570 74.31930 73.81140 73.09900 73.29660 73.16120 72.19150 82.43200 84.51600 84.62410 84.20900 85.21850 86.84200 86.90830 85.44170 84.54280 85.51820 85.84970 86.12410 87.08140 89.08840 88.56930 87.19430 88.05740 90.60330 86.87390 88.59810 91.62940 91.07860 90.52800 87.84210 79.99140 75.70300 74.90530 71.39010 75.75100 76.11700 76.33290 76.21930 77.88960 75.70950 72.81140 70.92630 69.22900 71.18440 59.74350 67.78640 69.16560 72.94090 73.05760 74.79680 74.16500 72.38200 71.71980
-9999 71.30720 72.46730 72.64100 72.14570 73.61630 73.71830 73.19620 73.73820 72.52830 73.33040 74.87270 75.33760 75.47030 74.75450 74.31620 72.83280 74.08940 74.42770 72.92770 72.72880 72.81600 73.11450 85.99900 86.77230 87.36500 87.38120 86.88870 86.98020 88.40360 88.37890 87.26180 86.79690 88.69240 89.12440 88.59260 89.32910 89.36850 88.94150 88.40250 88.90340 91.26710 90.54690 86.48010 92.26400 92.98950 93.14380 89.64980 80.66890 77.84790 79.53020 80.20080 78.56760 71.12840 77.27730 78.95440 78.38640 75.07000 74.96450 71.75680 71.41240 71.70850 73.91610 71.54200 73.05440 73.31860 73.13530 74.79960 74.52700 74.39970 76.35530
-9999 74.67170 74.41390 73.50580 72.80150 72.23530 71.57340 74.26960 74.22180 74.04670 74.85130 76.49780 77.24900 77.25050 77.15390 75.23900 76.01580 76.26030 75.62990 74.01010 74.48970 74.11450 84.02800 87.02180 87.11550 86.18500 85.55110 86.53880 86.58000 87.80850 87.60600 87.38560 88.46450 88.90550 87.71420 89.07900 89.70820 90.71610 90.12980 89.53710 90.34420 91.82930 93.73250 86.11160 89.11550 91.44990 91.83610 92.74770 92.66360 89.39950 86.95400 78.63060 75.23130 77.41820 75.28580 76.05420 77.64850 76.56610 73.37100 66.58470 72.69380 72.34320 73.51480 63.02240 72.80330 73.27520 74.64130 71.59340 73.56580 74.02420 75.01510
-9999 -9999 -9999 84.85200 85.55110 84.81300 84.35040 85.60740 85.75940 85.34350 74.83010 77.36900 77.02120 77.16420 76.97520 74.42140 75.73060 76.34760 76.20930 76.25900 84.58690 84.13600 84.71110 88.11090 87.49390 86.52730 86.45100 86.20540 86.28990 88.28720 89.15030 88.84880 88.02000 87.74810 85.84010 85.85320 91.89570 91.88510 90.53970 88.23940 87.51750 86.79270 76.68530 79.60190 84.62130 85.16830 87.86640 91.14140 91.54400 87.58240 78.20650 79.64430 78.55780 79.21360 78.67860 77.63240 76.91720 67.56390 72.62190 67.25610 72.38720 74.46060 71.99130 74.48190 72.95720 74.59500 74.65330 74.94040 74.54050 75.84900 76.04010
-9999 -9999 -9999 -9999 -9999 -9999 85.10150 85.75590 85.41330 77.69360 77.66940 86.01420 85.45510 85.22150 85.15390 78.31970 77.57850 83.82030 83.26670 84.54910 86.89450 89.33090 91.02700 88.10710 88.06850 89.25860 88.27640 86.87090 84.89990 89.12550 88.67800 87.41620 85.40400 72.64550 85.71200 74.53460 83.61910 84.34560 75.34830 73.90040 71.72390 72.56670 72.66940 74.89990 79.34910 79.11680 84.58470 84.76990 86.34110 88.76570 89.55130 90.04450 91.16990 79.23710 81.01810 91.03270 79.74880 77.07760 76.29720 73.13990 68.08040 67.84010 67.29570 67.61410 73.44840 73.27700 73.52910 77.18010 77.80050 76.53860 74.22800
-9999 -9999 -9999 -9999 -9999 -9999 84.85970 85.50810 84.37450 86.79720 85.99870 85.67570 86.10000 86.00990 86.86370 85.76120 86.67180 86.04990 87.04750 89.20190 89.57770 90.64520 91.19620 89.72810 89.61520 88.84380 88.79060 88.35340 76.02980 77.40070 77.62420 75.69030 76.54060 74.82800 76.63290 77.11700 82.19500 81.38010 80.80010 71.07240 76.66330 76.85550 74.50700 75.16960 74.29310 76.76740 79.46170 78.60210 76.68140 82.89490 84.41260 87.15680 88.78020 87.57040 88.65140 90.18280 89.28050 86.90010 84.67700 86.91110 80.81190 80.24690 78.61210 74.82270 76.14790 74.32820 75.93550 77.57090 77.67660 77.11650 76.38400
-9999 -9999 -9999 -9999 -9999 -9999 -9999 -9999 -9999 -9999 83.96870 86.42060 86.50370 87.36870 86.55270 88.80260 91.43150 89.75710 90.73690 89.17440 88.87360 89.03120 89.73360 91.48280 91.54860 90.45400 90.76900 90.68250 89.24110 87.12050 87.22540 86.51290 84.80900 77.19030 77.23350 76.63250 76.91770 74.59730 73.57800 73.21180 84.38070 86.01840 87.83510 86.53030 85.71500 85.43170 86.27070 88.84070 77.99240 77.17240 76.29580 74.28480 74.15460 80.76630 81.46420 82.80540 81.83130 72.69430 74.69440 81.65870 72.95450 83.54710 84.55960 86.15890 86.05120 83.73250 84.75470 79.73570 78.90060 79.72160 80.03760
-9999 -9999 -9999 -9999 -9999 -9999 -9999 -9999 -9999 -9999 84.55670 85.76790 86.54880 86.45310 87.59370 90.72420 93.26060 92.03730 91.25870 90.57860 91.52290 92.00250 91.77480 92.92710 92.82190 91.18450 90.79160 90.18810 90.16320 87.43760 85.41150 86.54560 84.79890 78.35420 86.49880 85.21630 87.88710 89.14170 87.74380 87.25340 88.73280 88.35450 87.53290 89.24050 89.44890 91.38870 91.57740 93.21330 93.32500 80.57040 75.48590 73.96070 73.98530 72.41440 79.95990 74.77150 72.61250 73.53670 72.22000 72.16400 71.51100 70.15180 70.84960 80.33970 82.05220 81.16090 82.96670 88.09880 79.05870 80.75110 81.98870
-9999 -9999 -9999 -9999 -9999 -9999 -9999 -9999 -9999 -9999 -9999 -9999 82.74840 85.37350 85.88130 86.48560 90.65570 90.87460 90.86820 91.89350 90.82830 89.23950 89.17750 89.36310 91.86550 91.26700 91.06990 91.36800 91.52810 89.40850 86.38700 88.94390 89.05870 91.28790 91.82050 91.66850 91.29320 90.51590 89.38250 89.97730 90.17710 89.41950 90.10670 90.57390 90.45020 89.34090 90.23080 91.18300 91.47890 90.42710 84.90300 81.97210 72.98280 81.77540 79.61670 67.77460 66.50760 70.95470 70.46680 70.45010 69.59800 68.45030 68.52980 79.30680 72.66390 73.44860 81.64690 87.51670 87.07250 80.05490 80.80700
-9999 -9999 -9999 -9999 -9999 -9999 -9999 -9999 -9999 -9999 -9999 -9999 82.50910 85.40850 85.98520 87.48480 87.73200 87.66270 89.73760 89.70940 87.78800 83.58940 92.30070 87.61200 91.44940 91.15940 91.44770 91.81310 91.48090 90.12700 89.56640 91.56340 92.01980 92.17180 91.79020 91.78300 91.37830 91.57320 90.12970 90.57300 91.11620 89.48240 89.65070 90.47340 90.90130 87.97230 86.78260 85.32040 75.29390 74.89580 84.91350 82.35380 82.14370 81.56620 79.28340 66.18340 68.48540 71.52050 70.87430 69.63180 68.92250 68.18530 72.24600 71.78440 74.35080 80.86990 83.28190 84.02160 79.11580 80.97060 79.93060
-9999 -9999 -9999 -9999 -9999 -9999 -9999 -9999 -9999 -9999 -9999 83.68530 81.75100 82.50040 83.73180 86.62800 79.06870 77.49120 79.91490 76.01500 80.29410 83.80970 87.17020 90.36890 91.54890 89.09190 90.64400 93.00130 92.64730 92.05830 91.82090 91.72130 91.92650 91.72280 91.56990 90.22670 90.51960 90.94870 90.91930 91.38230 91.61540 90.60960 91.00490 92.53620 91.43270 91.25240 88.84570 85.02510 83.48520 76.35720 77.08100 76.76180 75.64530 69.95980 64.78480 67.94780 70.61310 74.21070 72.90990 70.82680 73.91550 76.80350 78.49740 78.30460 77.93070 78.15010 79.79990 79.17690 79.83500 81.55580 80.62230
-9999 -9999 -9999 -9999 -9999 -9999 -9999 -9999 -9999 -9999 -9999 76.97980 83.99220 83.81660 85.21220 87.08120 80.01730 79.39820 78.91320 80.93500 83.72950 87.23330 90.69870 92.29890 92.21260 90.30930 92.85000 92.78460 92.56620 93.15160 92.77730 90.88160 91.56910 91.53950 92.48120 92.48710 92.11020 92.71700 92.44130 92.82410 92.51520 91.82880 88.55360 88.65370 87.81490 85.50720 85.77210 75.99490 78.98440 76.69570 79.31040 81.30260 79.71760 77.83720 78.42020 80.20730 80.48730 79.41740 80.52750 77.81920 75.14960 81.29690 80.11140 74.74180 74.67730 82.78800 77.74900 79.77530 80.87940 83.73680 83.79150
