data/hydroclimate-scenarios/BCSD_hadcm_B1/monthly_summaries/soilm2_monthly_day1_aug.2030-2059.asc
ncols	311
nrows	91
xllcenter	102.75
yllcenter	31.75
cellsize	0.5
NODATA_value	-9999
[rows 0 to 30 of 91, columns 0 to 70 of 311]
-9999 -9999 -9999 -9999 -9999 -9999 -9999 -9999 -9999 -9999 -9999 -9999 -9999 -9999 -9999 -9999 -9999 -9999 -9999 -9999 -9999 -9999 -9999 -9999 -9999 -9999 -9999 -9999 -9999 -9999 -9999 -9999 -9999 -9999 -9999 -9999 -9999 -9999 -9999 -9999 -9999 -9999 -9999 -9999 -9999 -9999 -9999 -9999 -9999 -9999 -9999 -9999 -9999 -9999 -9999 -9999 -9999 -9999 -9999 -9999 -9999 -9999 -9999 -9999 -9999 -9999 -9999 -9999 -9999 -9999 -9999
-9999 -9999 -9999 -9999 -9999 -9999 -9999 -9999 -9999 -9999 -9999 -9999 -9999 -9999 -9999 -9999 -9999 -9999 -9999 -9999 -9999 -9999 -9999 -9999 -9999 -9999 -9999 -9999 -9999 -9999 -9999 -9999 -9999 -9999 -9999 -9999 -9999 -9999 -9999 -9999 -9999 -9999 -9999 -9999 -9999 -9999 -9999 -9999 -9999 -9999 -9999 -9999 -9999 -9999 -9999 -9999 -9999 -9999 -9999 -9999 -9999 -9999 -9999 -9999 -9999 -9999 -9999 -9999 -9999 -9999 -9999
-9999 -9999 -9999 -9999 -9999 -9999 -9999 -9999 -9999 -9999 -9999 -9999 -9999 -9999 -9999 -9999 -9999 -9999 -9999 -9999 -9999 -9999 -9999 -9999 -9999 -9999 -9999 -9999 -9999 -9999 -9999 -9999 -9999 -9999 -9999 -9999 -9999 -9999 -9999 -9999 -9999 -9999 -9999 -9999 -9999 -9999 -9999 -9999 -9999 -9999 -9999 -9999 -9999 -9999 -9999 -9999 -9999 -9999 -9999 -9999 -9999 -9999 -9999 -9999 -9999 -9999 -9999 -9999 -9999 -9999 -9999
-9999 -9999 -9999 -9999 -9999 -9999 -9999 -9999 -9999 -9999 -9999 -9999 -9999 -9999 -9999 -9999 -9999 -9999 -9999 -9999 -9999 -9999 -9999 -9999 -9999 -9999 -9999 -9999 -9999 -9999 -9999 -9999 -9999 -9999 -9999 -9999 -9999 -9999 -9999 -9999 -9999 -9999 -9999 -9999 -9999 -9999 -9999 -9999 -9999 -9999 -9999 -9999 -9999 -9999 -9999 -9999 -9999 -9999 -9999 -9999 -9999 -9999 -9999 -9999 -9999 -9999 -9999 -9999 -9999 -9999 -9999
-9999 -9999 -9999 -9999 -9999 -9999 -9999 -9999 -9999 -9999 -9999 -9999 -9999 -9999 -9999 -9999 -9999 -9999 -9999 -9999 -9999 -9999 -9999 -9999 -9999 -9999 -9999 -9999 -9999 -9999 -9999 -9999 -9999 -9999 -9999 -9999 -9999 -9999 -9999 -9999 -9999 -9999 -9999 -9999 -9999 -9999 -9999 -9999 -9999 -9999 -9999 -9999 -9999 -9999 -9999 -9999 -9999 -9999 -9999 -9999 -9999 -9999 -9999 -9999 -9999 -9999 -9999 -9999 -9999 -9999 -9999
-9999 -9999 -9999 -9999 -9999 -9999 -9999 -9999 -9999 -9999 -9999 -9999 -9999 -9999 -9999 -9999 -9999 -9999 -9999 -9999 -9999 -9999 -9999 -9999 -9999 -9999 -9999 -9999 -9999 -9999 -9999 -9999 -9999 -9999 -9999 -9999 -9999 -9999 -9999 -9999 -9999 -9999 -9999 -9999 -9999 -9999 -9999 -9999 -9999 -9999 -9999 -9999 -9999 -9999 -9999 -9999 -9999 -9999 -9999 -9999 -9999 -9999 -9999 -9999 -9999 -9999 -9999 -9999 -9999 -9999 -9999
-9999 -9999 -9999 -9999 -9999 -9999 -9999 -9999 -9999 -9999 -9999 -9999 -9999 -9999 -9999 -9999 -9999 -9999 -9999 -9999 -9999 -9999 -9999 -9999 -9999 -9999 -9999 -9999 -9999 -9999 -9999 -9999 -9999 -9999 -9999 -9999 -9999 -9999 -9999 -9999 -9999 -9999 -9999 -9999 -9999 -9999 -9999 -9999 -9999 -9999 -9999 -9999 -9999 -9999 -9999 -9999 -9999 -9999 -9999 -9999 -9999 -9999 -9999 -9999 -9999 -9999 -9999 -9999 -9999 -9999 -9999
-9999 -9999 -9999 -9999 -9999 -9999 -9999 -9999 -9999 -9999 -9999 -9999 -9999 -9999 -9999 -9999 -9999 -9999 -9999 -9999 -9999 -9999 -9999 -9999 -9999 -9999 -9999 -9999 -9999 -9999 -9999 -9999 -9999 -9999 -9999 -9999 -9999 -9999 -9999 -9999 -9999 -9999 99.63460 101.81200 99.77650 99.31650 98.96730 98.49680 97.68890 97.29090 96.92990 97.34250 -9999 -9999 -9999 -9999 -9999 -9999 -9999 -9999 -9999 -9999 -9999 -9999 -9999 -9999 -9999 -9999 -9999 -9999 -9999
-9999 -9999 -9999 -9999 -9999 -9999 -9999 -9999 -9999 -9999 -9999 -9999 -9999 -9999 -9999 -9999 -9999 -9999 -9999 -9999 -9999 -9999 -9999 -9999 -9999 -9999 -9999 -9999 -9999 -9999 -9999 -9999 -9999 -9999 -9999 -9999 -9999 -9999 100.56100 105.26600 101.07700 97.59560 98.02200 99.01590 96.36130 100.79700 101.98300 102.84200 98.85440 93.01310 90.17780 113.66800 115.94300 122.17200 -9999 -9999 -9999 -9999 -9999 -9999 -9999 -9999 -9999 -9999 -9999 -9999 -9999 -9999 -9999 -9999 -9999
-9999 -9999 -9999 -9999 -9999 -9999 -9999 -9999 -9999 -9999 -9999 -9999 -9999 -9999 -9999 -9999 -9999 -9999 -9999 -9999 -9999 -9999 -9999 -9999 -9999 -9999 -9999 -9999 -9999 -9999 -9999 -9999 -9999 -9999 -9999 -9999 -9999 -9999 -9999 -9999 98.01130 98.15800 99.73410 100.48800 99.63740 97.34560 97.33160 93.01490 101.36800 100.09000 98.31240 91.09310 87.51430 90.98480 -9999 -9999 -9999 -9999 -9999 -9999 -9999 -9999 -9999 -9999 -9999 -9999 -9999 -9999 -9999 -9999 -9999
-9999 -9999 -9999 -9999 -9999 -9999 -9999 -9999 -9999 -9999 -9999 -9999 -9999 -9999 -9999 -9999 -9999 -9999 -9999 -9999 -9999 -9999 -9999 -9999 -9999 -9999 -9999 -9999 -9999 -9999 -9999 -9999 -9999 -9999 -9999 -9999 -9999 -9999 -9999 -9999 -9999 -9999 -9999 -9999 99.43010 99.81310 102.18500 94.56100 88.40030 96.86620 93.10400 94.78290 78.10190 88.57830 -9999 -9999 -9999 -9999 -9999 -9999 86.86580 -9999 -9999 -9999 -9999 -9999 -9999 -9999 -9999 -9999 -9999
-9999 -9999 -9999 -9999 -9999 -9999 -9999 -9999 -9999 -9999 -9999 -9999 -9999 -9999 -9999 -9999 -9999 -9999 -9999 -9999 -9999 -9999 -9999 -9999 -9999 -9999 -9999 -9999 -9999 -9999 -9999 -9999 -9999 -9999 -9999 -9999 -9999 -9999 -9999 -9999 -9999 100.78500 100.43100 101.39300 100.78900 98.45000 99.56170 100.06200 96.91210 96.78720 100.70000 93.25040 75.77790 87.04110 -9999 -9999 -9999 -9999 -9999 84.18400 83.09760 80.98440 80.67590 79.99690 79.22560 78.33000 77.86790 77.24710 77.68160 76.89150 77.77060
-9999 -9999 -9999 -9999 -9999 -9999 -9999 -9999 -9999 -9999 -9999 -9999 -9999 -9999 -9999 -9999 -9999 -9999 -9999 -9999 -9999 -9999 -9999 -9999 -9999 -9999 -9999 -9999 -9999 -9999 -9999 -9999 -9999 -9999 -9999 -9999 -9999 -9999 -9999 -9999 -9999 97.64840 99.27120 101.06100 98.81540 96.17970 97.72210 98.61140 95.60070 95.31070 96.06430 96.37240 81.99230 90.40890 87.79560 87.62460 88.62530 -9999 85.47820 80.90010 79.88360 79.79680 79.77640 81.74300 81.01900 78.52750 78.67390 78.79460 78.86420 79.68560 79.71270
-9999 -9999 -9999 -9999 -9999 -9999 -9999 -9999 -9999 -9999 -9999 -9999 -9999 -9999 -9999 -9999 -9999 -9999 -9999 -9999 -9999 -9999 -9999 -9999 -9999 -9999 -9999 -9999 -9999 -9999 -9999 -9999 -9999 -9999 -9999 111.62600 96.43550 98.50420 98.60200 95.91800 94.36880 91.46500 95.50720 97.55140 98.94270 90.90710 91.68790 88.53310 91.48030 102.79200 97.44120 104.93100 103.03400 98.94110 82.00510 86.18730 89.26340 88.64230 81.14420 79.68790 79.85430 81.41040 79.90980 84.32310 83.60970 78.16920 78.77150 79.11270 77.95920 57.74220 58.12370
-9999 -9999 -9999 -9999 -9999 -9999 -9999 -9999 -9999 -9999 -9999 -9999 -9999 -9999 -9999 -9999 -9999 -9999 -9999 -9999 -9999 -9999 -9999 -9999 -9999 -9999 -9999 -9999 -9999 -9999 -9999 -9999 -9999 -9999 109.77600 90.82910 93.77950 93.96020 96.48040 96.80210 94.58520 93.37120 91.48850 92.30290 89.70030 86.80870 86.62320 87.08170 101.28200 104.14300 96.27010 100.02200 108.43500 97.01740 93.41220 94.05630 94.52350 84.62800 79.35740 79.41350 80.61420 82.17680 82.59480 85.87160 79.20240 78.11890 79.54080 81.55210 86.11210 82.65480 86.19000
-9999 -9999 -9999 -9999 -9999 -9999 -9999 -9999 -9999 -9999 -9999 -9999 -9999 -9999 -9999 -9999 -9999 -9999 -9999 -9999 -9999 -9999 -9999 -9999 -9999 -9999 -9999 -9999 -9999 -9999 -9999 -9999 -9999 110.76800 110.16300 90.01900 90.20460 89.12120 91.11150 90.29620 87.55720 88.82020 109.26400 90.88520 89.08010 86.98000 89.21440 90.30180 98.79680 104.58100 108.18800 114.01100 111.73300 97.09130 87.43790 93.62050 92.39520 88.79330 82.17010 81.78750 82.81710 81.49710 78.94380 76.81160 79.11400 80.50710 82.38740 82.30610 83.32970 82.24680 87.02580
-9999 -9999 -9999 -9999 -9999 -9999 -9999 -9999 -9999 -9999 -9999 -9999 -9999 -9999 -9999 -9999 -9999 -9999 -9999 -9999 -9999 -9999 -9999 -9999 -9999 -9999 -9999 -9999 -9999 -9999 -9999 109.79300 89.67940 86.67170 84.87890 86.11190 84.96040 85.21330 85.10140 86.18870 84.76160 85.02670 83.17270 86.49950 88.72920 89.63570 93.65280 95.40570 95.48750 95.00440 99.74560 104.35500 109.23000 96.61690 99.26650 92.83680 88.57850 85.90250 88.21330 85.32480 81.20760 76.63530 75.77380 74.48880 75.33780 77.85020 79.00740 77.59370 77.99680 87.65440 93.09990
-9999 -9999 -9999 -9999 -9999 -9999 -9999 -9999 -9999 -9999 -9999 -9999 -9999 -9999 -9999 -9999 -9999 -9999 -9999 -9999 -9999 -9999 -9999 -9999 -9999 -9999 -9999 -9999 -9999 84.73270 83.08990 86.16380 87.46420 85.79910 85.90300 85.34900 84.44940 84.08310 83.55830 82.55100 85.01410 108.75400 80.92700 84.20850 85.67740 91.97220 93.50710 95.69040 99.17150 100.67600 100.08000 107.00200 105.73400 95.69610 104.94200 103.35200 97.47470 93.96950 86.55850 78.46040 75.91240 74.56850 73.06380 74.28070 73.64510 74.74610 78.55670 82.37050 82.94040 84.52780 85.43270
-9999 -9999 -9999 -9999 -9999 -9999 -9999 -9999 -9999 -9999 -9999 -9999 -9999 -9999 -9999 -9999 -9999 -9999 -9999 -9999 -9999 -9999 -9999 -9999 89.64340 89.98640 87.45880 85.01810 86.21500 85.46680 84.63470 83.57520 83.86870 82.54320 82.63790 82.03550 83.38460 82.05600 78.91880 80.78590 79.76910 109.53400 82.99400 84.18730 82.80140 85.30480 88.90860 93.72270 101.51100 105.01200 103.08700 117.55800 104.90500 101.54000 101.59800 103.06500 95.25280 90.37320 87.65460 78.35900 74.58980 73.10630 73.07060 72.54920 73.30310 74.67140 73.86950 73.43670 75.66520 80.38070 94.88270
-9999 -9999 -9999 -9999 -9999 -9999 110.49600 111.15400 110.90400 110.56200 110.07800 -9999 -9999 -9999 -9999 -9999 -9999 -9999 -9999 -9999 -9999 89.47330 91.64930 89.57540 88.67850 90.04300 89.18210 88.80270 87.48890 84.87760 83.95500 83.82920 84.39970 82.67720 83.76270 83.56010 83.96420 81.77600 81.97730 85.71480 84.50680 80.06290 110.20600 83.17520 83.41250 84.43750 86.15860 90.73860 102.33200 103.96700 108.93400 107.30700 107.49000 114.31500 103.47700 97.18920 93.50010 85.88400 77.04070 75.27450 75.14410 73.23550 74.86770 75.55080 76.74110 73.04680 72.60320 74.00930 75.39780 75.27160 79.15630
-9999 -9999 -9999 -9999 -9999 95.17320 97.04540 101.19800 96.34950 98.75030 99.24430 100.92100 100.72600 100.16000 -9999 -9999 -9999 95.15800 92.60600 89.48400 88.67770 89.62860 90.16230 87.49850 92.86200 92.90510 90.04680 87.84110 88.01600 89.58340 88.78520 87.49680 86.90560 86.57800 86.12550 87.10860 87.67360 88.44990 89.60440 91.43460 89.01310 86.22180 110.92000 110.19900 87.81800 86.66380 93.50430 102.38800 105.84000 103.36500 104.06600 96.70940 102.40100 97.00180 93.41670 92.44530 96.53080 85.66770 76.06470 74.21140 73.37170 75.51090 74.29730 73.05910 79.68040 85.60510 84.78060 83.88950 79.98370 83.91050 83.31700
-9999 93.51610 98.99320 96.65940 96.66870 92.69470 98.29530 97.79860 98.69950 96.80990 98.45880 99.53900 101.23900 99.08660 96.56870 96.24060 92.69050 95.13570 96.72810 92.59650 87.93330 86.03670 86.62040 90.10230 89.00410 92.73950 92.29160 91.44510 90.75440 89.29160 86.94570 85.55340 85.05950 83.90650 83.91920 86.51970 86.47430 87.62360 89.39970 87.62120 85.83150 85.45750 110.39200 110.66800 87.21280 88.40770 91.11730 95.06240 96.49420 99.74210 106.16400 113.80500 106.32300 104.20500 104.66100 103.58800 101.50200 81.30200 79.97230 77.23940 73.45300 77.68470 81.99180 81.36460 85.37220 81.62490 79.31650 84.57480 82.08240 92.60940 106.94000
-9999 97.28510 95.24640 95.49220 95.03770 92.61740 88.08040 88.52230 85.72270 90.62700 92.31750 94.66640 97.79070 93.31720 94.23230 96.00400 97.83270 95.70260 94.55350 93.79980 88.46720 87.56330 92.89760 89.15080 89.12580 87.89480 88.14560 86.95730 86.72760 87.23390 83.75980 83.37190 80.09380 78.16440 80.10100 83.04480 82.38190 83.44760 83.87400 85.56400 85.77740 83.23270 79.15870 112.55000 111.53600 83.66860 86.46800 90.68580 98.88490 105.77300 108.28900 109.50400 105.76500 116.30200 110.35600 101.21400 96.91440 91.81360 83.91670 69.05160 79.72240 81.03050 83.42340 77.76400 86.61740 86.25780 88.27490 84.08790 85.57280 85.16740 90.12780
-9999 -9999 -9999 97.78790 98.04850 98.42180 95.96710 94.70450 92.99530 92.40910 94.11350 90.18610 91.52700 90.20100 90.21420 93.23120 94.27590 89.80320 91.06030 93.28910 97.13130 94.68950 91.71730 91.61480 89.62120 87.57060 86.50720 84.33820 82.40660 81.29490 78.15180 76.96380 77.85010 76.81980 78.36060 108.64600 79.44590 83.28450 82.21450 82.74990 87.35910 111.48300 109.71200 109.75000 113.28600 112.54400 113.25500 90.89320 91.59470 97.00190 101.52900 107.60000 108.96900 115.91000 110.44900 107.86900 97.10280 87.98640 91.47870 76.30130 82.94840 89.31840 89.37390 92.92000 84.91650 84.38170 81.24130 87.58690 91.78700 96.10430 95.55470
-9999 -9999 -9999 -9999 -9999 -9999 91.18550 89.85630 90.05640 86.71460 88.16780 89.63850 90.80630 89.23530 84.88420 87.55550 89.81590 90.77800 87.95100 88.11430 86.39690 87.28140 85.18030 86.54390 85.00990 81.15550 80.36350 79.21430 108.94800 77.32400 79.65520 80.69190 108.73200 107.35500 108.63700 107.49700 109.77500 109.86600 108.06700 108.46000 108.53000 109.11900 109.45200 109.06000 109.36700 109.34200 112.67000 112.73000 112.67700 115.02700 110.24600 119.08600 121.80100 105.56500 109.79700 116.89500 104.39700 108.26000 108.00600 96.42150 86.48390 94.54400 87.09350 85.71350 94.05220 96.38450 87.02130 95.77080 101.93400 101.47100 99.42350
-9999 -9999 -9999 -9999 -9999 -9999 87.19800 86.38120 86.82230 85.64770 85.45380 87.82700 84.92500 81.99370 78.74660 85.98720 80.17350 84.57540 84.39470 89.78990 89.65570 87.16340 85.59390 83.05200 81.98120 80.00240 76.92020 73.46010 107.93300 108.22700 107.98200 107.69500 107.68600 107.27100 107.34500 107.82000 109.03600 109.31200 109.49400 108.45000 108.58800 108.51000 108.76500 108.69300 108.41800 108.89300 109.30500 108.43000 108.68100 110.73500 113.53200 116.04600 116.71100 112.58000 106.87300 93.40250 96.42400 107.25100 103.04100 103.95700 108.29700 107.48600 108.05600 95.56450 98.24060 90.92820 91.56520 91.27020 91.72620 97.61890 102.36400
-9999 -9999 -9999 -9999 -9999 -9999 -9999 -9999 -9999 -9999 82.20630 83.71200 83.11320 79.14350 82.67690 82.21370 86.33070 85.89210 81.35300 83.88940 85.80690 85.85130 85.78840 79.92400 78.78820 77.32030 74.35060 73.24400 72.95260 108.80100 108.67300 108.42800 108.45500 107.37700 107.35700 107.29600 107.31800 107.72300 107.68300 107.95700 109.54700 108.40400 75.49270 108.65400 108.68700 108.66300 108.88200 108.91000 107.82600 107.74400 107.64900 107.52100 107.41700 109.96700 109.35700 109.89500 110.22100 109.09500 109.40700 111.46400 108.19300 111.60600 111.61100 92.97400 93.62110 89.83410 88.41430 83.74820 92.62780 94.54280 101.76300
-9999 -9999 -9999 -9999 -9999 -9999 -9999 -9999 -9999 -9999 75.75760 76.84010 77.92080 78.44350 77.37860 76.50330 77.48550 76.80190 79.96870 81.16960 78.33670 78.39640 79.28480 75.37320 75.18450 72.96770 71.87510 73.36740 72.56320 108.29200 108.44000 108.27700 108.27900 107.29900 108.04000 108.49200 108.16000 75.43120 77.24090 78.52980 77.89670 77.77530 79.25170 78.72330 76.85950 76.01720 76.86160 73.90450 72.41440 107.47100 107.34800 107.38300 107.29800 107.24500 108.67000 107.15600 107.63000 108.40600 108.25300 107.33700 107.31000 107.26600 107.29800 109.29000 109.16600 109.66800 109.74300 80.34180 78.96830 91.68570 116.44800
-9999 -9999 -9999 -9999 -9999 -9999 -9999 -9999 -9999 -9999 -9999 -9999 76.96710 81.14450 83.25730 82.45560 78.30890 78.37490 80.18370 74.51380 77.28820 76.37890 74.75110 73.72950 74.75890 73.43560 73.17630 73.40140 73.32640 72.35490 108.72200 108.23900 108.40000 72.85240 72.88700 73.53690 74.03400 75.71000 76.69290 78.90550 79.16190 79.05120 79.13090 78.88560 78.97360 78.34950 78.24980 76.36220 75.34080 73.72760 108.45900 107.92300 107.09400 108.51700 108.30100 106.95900 107.17400 108.29800 108.26900 107.18900 107.23500 107.43800 107.53300 110.14400 107.89900 107.89600 110.48200 77.98080 82.14470 82.39390 99.90130
-9999 -9999 -9999 -9999 -9999 -9999 -9999 -9999 -9999 -9999 -9999 -9999 76.40900 77.77870 80.13780 78.59470 77.55520 77.38200 79.92300 77.97900 77.26810 74.27210 74.85270 76.86980 77.94580 75.61050 74.28340 74.41230 73.81590 73.40640 73.98550 74.58420 73.57080 73.05570 74.56910 74.43590 76.02400 77.32820 78.67150 79.04220 78.24040 77.90830 77.94040 77.66240 77.11280 108.78900 108.90700 108.83600 107.17000 107.22100 108.77900 107.73900 107.54600 108.28700 108.13400 106.97700 107.08400 108.11800 108.12600 107.07600 107.09000 107.49100 107.50000 107.77500 108.11500 110.27500 110.71100 111.37900 109.98000 113.57000 99.37930
-9999 -9999 -9999 -9999 -9999 -9999 -9999 -9999 -9999 -9999 -9999 75.78850 79.63540 78.78570 78.64670 80.73540 78.63230 80.90220 81.21090 81.71860 74.84070 75.54940 74.46990 77.14100 79.60830 79.29830 78.05290 74.41600 73.36420 72.80230 72.99310 75.15860 74.96660 73.08180 73.38700 73.43460 74.74330 74.58860 76.43550 81.60440 79.55050 80.31160 79.80200 78.44940 78.07190 77.24810 77.07660 108.61900 109.27400 107.20300 107.20700 108.08400 108.25100 107.56300 107.27500 106.90800 106.97100 107.23100 107.30100 107.40700 107.64100 107.49300 107.85000 107.80500 107.95500 107.88800 108.44200 109.33400 111.12400 98.65720 109.73200
