data/hydroclimate-scenarios/BCSD_hadcm_B1/monthly_summaries/soilm2_monthly_day1_sep.2070-2099.asc
ncols	311
nrows	91
xllcenter	102.75
yllcenter	31.75
cellsize	0.5
NODATA_value	-9999
[rows 31 to 61 of 91, columns 0 to 69 of 311]
-9999 -9999 -9999 -9999 -9999 -9999 -9999 -9999 -9999 -9999 -9999 71.55800 74.27880 74.58910 74.90590 78.30940 74.55020 76.28740 78.30530 77.20090 76.41550 80.51200 79.47210 78.73100 78.15520 77.17920 78.02570 78.35690 76.70760 76.98460 76.49860 74.42030 73.94940 74.07810 74.70780 74.72000 74.88120 75.95810 77.90880 79.40770 80.26330 78.72670 111.66400 111.86600 112.00200 112.45900 112.09100 108.50300 91.46910 90.52560 91.86770 92.78400 92.18720 91.62100 91.35430 110.05200 110.58500 110.82700 111.57700 110.86800 109.72300 111.74200 111.30100 111.16200 111.68700 114.69900 111.95600 112.85800 116.45900 123.69800
-9999 -9999 -9999 -9999 -9999 -9999 -9999 -9999 -9999 -9999 -9999 72.22620 72.90060 75.48930 73.08670 74.64550 74.79290 77.76790 76.34330 75.81320 79.77490 78.89690 78.40620 78.51700 111.48400 110.60500 110.84800 112.33100 111.88000 76.27470 76.56930 75.03600 74.74630 75.84580 76.22950 74.25490 75.16740 77.52890 93.72580 93.94880 93.86150 91.66610 92.97880 92.79390 92.79800 93.63940 92.95320 94.30270 94.25920 94.53260 93.94650 92.85970 92.37670 111.43800 111.60300 110.87200 111.20000 111.48500 110.32900 92.89250 93.35690 94.09130 109.97700 112.48700 113.34200 108.95000 111.03100 114.45600 116.84200 120.48600
-9999 -9999 -9999 -9999 -9999 -9999 -9999 -9999 -9999 -9999 -9999 73.45460 74.09850 73.07950 73.61510 74.56240 74.64370 77.68770 77.56410 78.41590 79.43110 79.26410 111.49100 111.90000 112.79300 79.14000 79.26880 79.77730 76.78680 109.41300 109.85000 75.73400 76.25200 74.52910 91.84460 90.69920 109.38200 94.15340 111.21700 113.51200 95.35940 111.89400 95.19120 95.59960 96.92240 96.79370 96.74650 96.73000 96.08560 95.07110 94.73460 92.15750 91.60810 109.10300 90.50210 93.37350 93.44430 93.86100 94.31290 94.91570 94.55670 115.65700 113.85400 92.03250 115.38900 111.41800 112.11500 115.66000 116.45300 119.34600
-9999 -9999 -9999 -9999 -9999 -9999 -9999 -9999 -9999 -9999 -9999 -9999 73.50070 73.75890 73.30370 73.61140 73.96970 78.02220 78.03130 76.59400 110.17300 77.32180 79.94460 80.71540 81.15460 83.45590 81.74350 81.34500 76.35310 75.42700 110.34200 109.66700 109.62500 110.57500 110.56900 110.58200 111.66700 94.86300 111.01900 113.26900 113.73000 113.47600 114.07400 95.47620 96.22540 99.07410 97.22100 96.75230 95.50790 95.47590 93.27660 93.73660 93.51910 91.67850 91.56360 92.96410 93.00020 108.84200 113.00000 114.37400 113.55500 109.17200 109.57400 111.31300 111.93000 117.41600 113.50000 116.07000 121.66700 124.66800
-9999 -9999 -9999 -9999 -9999 -9999 -9999 -9999 -9999 -9999 -9999 -9999 73.65020 73.21690 73.65870 73.62210 73.56650 109.88600 110.08100 75.31410 76.60770 82.57160 82.24760 82.24800 84.59130 79.90300 77.75910 84.34120 78.26040 78.43470 78.62050 111.55900 110.71800 110.53800 111.94500 77.68220 77.66150 78.65570 78.90810 84.65880 115.89800 88.78340 88.14430 100.79600 87.46720 89.10520 89.13230 87.52940 83.33920 87.92670 85.38210 80.30060 78.50250 92.15690 91.20790 108.61300 113.83000 108.51400 76.26660 112.18500 110.90100 79.53340 79.69210 97.02940 113.92600 112.08900 113.70200 115.60300 119.62400 121.56100
-9999 -9999 -9999 -9999 -9999 -9999 -9999 -9999 -9999 -9999 -9999 -9999 73.91420 72.66200 109.40000 109.25500 109.72700 74.45820 76.60650 78.75110 79.92500 84.18110 83.14760 82.27010 82.60760 84.13620 81.76110 79.73200 81.46840 79.37500 77.85250 110.68400 79.24270 81.01030 78.67690 76.30130 77.48110 80.43930 79.24570 85.22650 91.67000 96.50150 94.30980 94.20910 96.47420 99.89430 99.70740 100.96300 99.11400 91.60110 87.28040 85.65700 80.19230 80.33760 78.95980 78.13600 77.96640 78.42830 79.21830 113.46300 80.11050 83.52990 82.94350 78.69950 112.16800 112.95600 114.43800 115.37200 121.41900 121.79200
-9999 -9999 -9999 75.37370 76.99880 75.50990 73.65890 74.12870 74.47120 -9999 75.18690 110.22200 109.80300 72.77640 73.25430 73.80250 75.03710 75.51600 78.51110 79.82830 80.52710 81.92300 82.27890 81.56250 81.51840 82.94920 81.41320 83.59750 82.79170 86.43040 80.75300 78.67630 77.44670 83.21190 80.40810 58.18590 78.74500 81.62180 84.79220 88.39370 91.33100 96.61940 97.43010 96.41200 100.01900 102.17500 109.53300 98.46880 97.51600 98.47620 96.87120 95.15250 94.63700 98.08140 91.84140 97.90460 99.79970 84.09570 87.77580 81.71790 112.92900 86.07320 86.49640 88.10200 85.63500 85.48520 90.71160 99.08630 105.61200 111.13400
-9999 -9999 -9999 75.95010 76.01950 77.17430 76.14420 75.73180 74.17090 109.12200 110.13000 109.56200 75.51140 72.68540 75.21900 75.67500 77.64690 77.48420 78.76100 78.84940 78.78660 82.38800 81.42190 82.38700 84.09960 86.11600 86.12280 83.75930 85.23700 88.79760 61.59360 83.01020 83.02280 84.82690 84.57340 86.02650 84.34660 91.06850 85.44000 96.76170 97.14350 94.63330 99.26410 104.42000 105.63900 110.97500 115.87500 102.77200 105.55700 105.60500 106.93500 104.51300 105.33500 106.23700 95.97320 98.29180 90.46550 88.14990 91.83170 87.80660 88.16300 94.05940 95.60900 91.56810 95.44850 89.57680 92.54180 96.46270 106.48600 112.28400
-9999 -9999 -9999 74.52510 76.78280 76.69240 112.15700 110.78100 110.07400 110.21200 110.17200 110.36200 75.94830 75.24550 75.32710 72.23790 78.52080 77.50790 75.76750 75.76150 78.34250 83.13990 61.57260 84.09060 87.94350 88.07250 88.17530 87.40960 85.57100 92.54940 101.75700 97.60140 87.57510 86.35130 89.68170 88.90930 88.01740 86.80430 86.20460 94.13850 97.03410 98.21760 103.56000 108.59100 105.26900 105.72000 109.60900 106.74500 106.78100 118.48800 122.49900 106.76300 106.78700 105.16300 98.69660 94.83540 89.89770 88.06210 92.75260 93.04740 89.45270 90.85020 90.70090 97.00010 98.39980 100.05500 101.85400 108.16200 113.28500 123.02100
-9999 -9999 -9999 77.53970 75.66660 78.95190 110.34200 110.96600 109.48800 109.34800 109.39500 73.13790 74.42580 74.68640 73.42030 73.20570 76.96240 85.88610 85.09130 79.32540 83.16930 85.88870 97.57140 102.63800 92.28820 90.02630 84.93950 82.62150 95.10230 104.21500 99.58050 81.85460 88.20200 99.23610 101.15300 98.50350 90.63590 85.57750 90.99230 90.84500 93.76380 105.90700 114.44500 113.45300 107.14900 116.42300 119.81200 110.65800 118.67500 114.91500 120.14000 113.31600 109.33100 108.54100 104.63700 95.95750 90.94210 92.37270 96.42800 96.75470 98.39350 99.85260 97.58190 99.35520 101.69200 102.04700 110.95100 117.02500 130.34399 134.95700
-9999 -9999 -9999 76.01350 75.67400 79.47610 111.80700 110.89500 110.78600 110.07600 109.17600 109.14600 74.43530 76.63150 87.10930 85.71600 84.86760 82.33320 78.88460 79.01350 83.70960 87.26530 105.68700 87.89880 86.61980 85.80910 82.76030 79.88200 86.17700 94.52320 93.89520 90.42460 93.19060 91.74450 91.62300 93.29740 93.80000 89.24130 89.91350 94.38490 102.50600 110.40200 116.00900 115.80100 115.91700 116.43900 116.21400 113.86200 112.86900 118.59600 117.37100 106.39400 106.36700 110.30500 101.74400 105.60100 95.35110 92.22820 98.14550 111.58700 111.36500 108.48700 109.73900 112.93300 110.46200 103.14800 112.61700 120.56700 131.21800 131.05099
-9999 -9999 -9999 -9999 113.55000 114.48800 113.38500 114.55600 112.34800 110.08700 109.93000 76.40340 81.04500 76.62090 -9999 -9999 -9999 -9999 -9999 92.28370 100.90700 94.66260 101.37500 100.54300 91.13740 86.83230 83.19920 82.11840 85.91330 82.48160 83.10360 85.13120 86.97170 87.39590 85.85680 84.49840 89.09830 84.82370 88.96640 90.19420 89.94360 98.03110 107.29200 117.39700 118.42900 116.26300 116.39300 121.18400 116.94300 117.67200 114.81900 115.35100 108.75800 117.78600 116.13800 116.49100 116.29300 115.91900 108.99900 111.11500 119.89900 123.91700 122.06200 119.24500 117.79600 120.74200 122.57700 118.30700 113.72400 -9999
-9999 -9999 85.82320 114.84700 115.85900 114.92400 114.32700 116.09600 112.48300 111.18000 110.40700 76.77460 83.41650 -9999 -9999 -9999 -9999 -9999 112.64100 95.12180 99.17810 82.47460 81.43300 88.72740 96.71120 96.80860 85.51950 81.69960 83.03530 83.11500 83.14970 82.21620 82.36380 88.03430 88.74110 87.87730 89.08580 84.33250 87.80220 86.63770 91.41130 97.57910 103.27500 106.52800 105.67000 107.18100 110.13800 108.71400 105.66000 106.68800 106.75800 111.15300 122.76900 114.32900 116.07600 102.71500 106.10300 109.12700 110.46000 107.46700 110.45200 110.78800 114.27200 115.95100 116.30100 117.67200 117.03700 -9999 -9999 -9999
-9999 -9999 117.71200 116.46400 114.22400 113.88400 113.20900 116.14400 112.72700 112.20900 80.42790 80.77180 77.85230 -9999 -9999 -9999 -9999 82.81660 93.66160 81.47170 84.07270 80.32810 82.83430 90.03930 87.74800 81.16880 81.90410 79.14460 81.57320 82.00050 80.27850 83.23540 82.35490 85.99340 88.74230 86.88240 85.99900 83.94250 88.79640 93.72270 97.10690 102.52600 105.91000 105.19700 107.68200 105.53000 106.55400 105.52400 101.91600 105.62300 114.29600 113.10300 112.92700 109.03600 106.79700 95.32210 99.61350 106.87500 114.15800 112.56700 112.40900 118.98400 116.74100 111.81500 109.54100 -9999 -9999 -9999 -9999 -9999
-9999 -9999 118.68400 120.02000 117.95900 117.19500 115.19000 113.51100 113.38000 113.49400 81.21790 79.87460 72.48960 -9999 -9999 -9999 -9999 91.30880 85.99240 84.02440 86.71600 86.58010 87.38820 84.84640 85.92530 84.34660 82.17210 80.40180 81.34220 80.10610 81.61800 81.01200 82.91830 87.06000 87.11520 89.55190 92.76950 93.15050 94.47610 89.40440 96.45490 93.32780 96.53420 108.55900 108.85200 110.53500 110.49400 108.15000 104.15500 106.44700 105.42900 103.81700 103.29400 102.23300 107.72600 98.72520 96.57300 106.16000 109.34900 111.09500 107.07900 107.71000 107.51000 106.71800 111.93500 120.56300 113.02600 115.06600 109.76700 -9999
-9999 -9999 -9999 120.68000 118.94800 117.25200 113.67400 112.28300 85.18140 85.62030 78.83070 73.94550 -9999 -9999 -9999 -9999 86.29800 87.50860 84.36390 82.64170 86.32160 84.32530 85.51660 85.67000 84.93320 85.11220 86.46520 84.35690 85.40940 87.11910 84.52950 84.01300 84.55910 87.54980 90.09770 89.92180 86.92690 87.07250 86.27140 85.16430 90.98320 91.82780 129.60201 128.00600 126.70000 130.63800 114.53200 109.39600 108.18600 104.56700 112.59400 120.05500 119.06400 123.07700 128.07100 124.03600 123.53200 120.19400 122.62100 118.31500 116.09800 113.13300 121.54100 128.39101 124.40800 121.73000 116.69100 107.07400 101.34700 119.32200
-9999 -9999 -9999 -9999 119.93300 116.39400 113.36900 89.52400 90.68460 78.31620 77.52300 -9999 -9999 -9999 -9999 90.42020 86.48030 84.30470 115.34400 86.89060 84.41380 85.82480 86.45800 88.98120 85.37520 87.29980 88.56250 87.14880 87.32590 86.51570 86.83380 84.26020 84.05940 85.69550 91.52880 90.94310 91.20250 91.11880 90.00760 86.75480 87.62790 91.75670 95.79170 98.84490 102.40700 128.42799 130.05200 129.61099 126.71900 110.50700 103.90000 110.65700 116.34100 121.53000 119.46500 115.60900 120.66400 126.21300 131.79201 120.41900 127.52600 124.02500 122.28500 121.61900 122.25400 127.35100 113.11400 102.29300 102.89000 100.71500
-9999 -9999 -9999 -9999 -9999 -9999 96.29570 120.71300 79.33450 85.72050 82.25530 -9999 -9999 -9999 -9999 -9999 85.60960 86.17530 85.70420 87.51840 86.89220 79.27990 82.65970 87.59310 88.52530 88.49720 87.99250 133.62500 132.96600 129.98801 85.99570 85.42530 83.44020 90.99270 90.40110 90.70460 91.66460 90.77060 88.09120 90.54650 90.46490 96.33790 98.58010 96.72480 126.99400 126.94600 126.69600 129.79300 129.55299 126.61300 128.97701 129.86700 124.68700 130.63100 131.03900 130.76801 121.43800 126.59300 133.21400 118.80500 118.33000 123.38900 129.87399 127.69500 123.92400 123.78200 115.91500 101.32600 96.57890 97.15240
-9999 -9999 -9999 -9999 -9999 -9999 -9999 -9999 -9999 -9999 -9999 -9999 -9999 -9999 -9999 -9999 -9999 -9999 -9999 86.20810 85.72200 76.83500 83.36160 86.54850 87.12350 87.93930 115.91900 110.99800 109.80000 79.77340 85.74440 83.62570 85.04880 88.14320 90.85190 91.34500 90.39910 92.45580 92.69350 97.80890 101.09700 104.53800 103.20400 104.83800 104.76000 105.97000 100.27500 129.70200 128.77100 128.79900 130.19400 130.52600 134.75999 135.03300 116.53000 118.35100 113.88500 113.62200 114.93300 116.69700 130.83000 136.73300 123.99600 125.35700 122.79400 122.71900 112.34600 98.49470 95.78520 105.27200
-9999 -9999 -9999 -9999 -9999 -9999 -9999 -9999 -9999 -9999 -9999 -9999 -9999 -9999 -9999 -9999 -9999 -9999 89.32690 86.59610 83.89520 82.64180 84.89740 83.82270 79.75410 77.36320 110.24100 111.17000 79.60780 81.26460 82.68530 85.91350 89.24920 87.62870 87.08420 117.07300 91.96340 93.21170 95.96520 99.23980 102.14800 104.84000 105.70600 106.17200 106.76500 129.89101 105.92700 434.40601 591.02002 621.11603 626.52502 130.56799 130.02600 134.36700 138.48399 138.30701 116.44200 118.00800 129.38600 121.74400 133.71600 137.00999 127.46600 123.78000 136.79201 120.24500 106.20100 104.11800 124.29000 102.22000
-9999 -9999 -9999 -9999 -9999 -9999 -9999 -9999 -9999 -9999 -9999 -9999 -9999 -9999 -9999 -9999 -9999 91.85370 90.73020 85.83920 87.00200 84.58780 79.36630 76.79060 73.41060 73.14220 112.07300 109.33700 111.39000 112.28400 113.26500 113.13700 87.44000 112.22600 114.70600 120.83100 123.33200 96.48680 96.74620 101.80400 103.64100 126.16500 107.34500 126.31200 100.77500 101.13900 129.48100 603.00598 590.87201 609.66101 614.94897 132.79500 128.42500 135.79601 137.52699 142.27800 117.25400 117.89400 119.44800 119.09300 122.13200 135.06500 132.40500 132.97301 114.52800 111.90200 111.52000 102.96700 126.83700 129.57001
-9999 -9999 -9999 -9999 -9999 -9999 -9999 -9999 -9999 -9999 -9999 -9999 -9999 -9999 -9999 -9999 -9999 93.21570 90.71800 93.70780 90.01860 116.53400 110.77700 72.97520 71.42710 75.96890 73.86830 73.60500 72.75430 110.52300 113.82200 111.61800 112.67700 111.76200 115.86500 121.31900 125.53900 92.53600 98.28910 101.57000 100.38200 97.96070 123.81900 93.46280 120.76300 122.53600 122.36400 439.89899 443.32999 597.35797 620.65900 130.20000 132.63600 136.51401 135.76300 144.09801 134.93700 124.36800 119.55400 122.14600 120.11300 122.09200 121.25500 119.54100 121.96800 119.49700 116.63900 123.22300 132.72301 133.82899
-9999 -9999 -9999 -9999 -9999 -9999 -9999 -9999 -9999 -9999 -9999 -9999 -9999 -9999 -9999 -9999 95.82240 96.30870 94.62760 91.17570 113.54100 76.25000 75.95830 74.50420 73.17630 75.12070 74.64220 74.12680 73.85000 73.82330 73.82590 71.88720 108.13500 111.52900 112.86500 116.38000 117.32800 121.50200 95.55260 96.61220 94.53820 97.08110 126.45300 121.01900 91.69760 121.24500 123.50600 452.97900 445.65201 594.99200 617.85101 131.61099 134.35300 134.89301 134.06100 143.14999 146.73199 138.92400 134.24800 120.56700 118.65600 124.09400 128.51199 143.48399 144.11700 148.00301 140.71800 141.67300 137.40100 136.15100
-9999 -9999 -9999 -9999 -9999 -9999 -9999 -9999 -9999 -9999 -9999 -9999 -9999 97.21180 94.74450 94.15570 93.37560 96.48740 119.90800 112.78100 78.60140 79.69110 77.43160 77.42910 76.72910 74.42630 74.44600 364.10400 363.86700 362.34900 543.22803 546.72498 356.50900 357.94800 548.31702 553.78900 565.57599 560.42200 414.98199 416.89999 415.40701 580.36798 574.35699 399.55399 579.45801 584.21503 594.96802 603.53400 611.18500 612.34998 616.86298 623.91302 619.04700 619.33801 640.43103 663.46301 667.77399 657.89697 603.64099 619.16803 645.37299 717.40302 736.16101 768.36603 745.03003 729.76300 714.41400 137.93100 137.33299 142.36200
-9999 -9999 -9999 -9999 -9999 -9999 -9999 -9999 -9999 -9999 -9999 -9999 92.01070 93.23740 120.12100 119.26200 119.02400 82.80370 80.93950 77.69600 77.16670 74.34270 73.00040 75.11920 73.86840 72.00240 71.86150 362.12900 540.26398 541.95203 536.73602 540.66699 543.54602 537.38898 548.16101 549.00598 369.20401 380.53299 409.42001 408.82001 405.44101 401.39801 573.13702 573.10797 574.44598 583.87097 591.94202 601.24200 612.69202 616.20203 615.75800 483.35800 625.90698 496.22501 617.79199 626.64801 658.31000 631.93701 634.10101 706.23199 708.43701 721.67297 730.73602 744.17499 751.03998 741.51398 747.44501 139.09801 142.74001 132.25301
-9999 -9999 -9999 -9999 -9999 -9999 -9999 -9999 -9999 -9999 -9999 122.40400 89.07660 118.52500 83.98430 80.52010 78.75930 76.35650 76.87100 75.21740 73.87950 72.68450 72.39700 72.98430 72.47180 72.20850 112.05700 535.73401 539.88599 540.58099 536.46100 360.23300 361.39899 363.42499 354.14899 546.90198 379.91400 392.27399 400.18500 401.77100 396.13599 573.64697 566.60797 567.40002 572.75201 578.73401 584.98798 591.50702 598.84802 620.41302 641.58099 535.02600 525.25201 649.65997 550.08698 534.76599 651.70099 565.33899 581.89801 660.72400 682.43500 672.38300 672.31000 680.78998 710.40601 719.82202 709.67499 148.78400 133.41200 127.26000
-9999 -9999 -9999 -9999 -9999 -9999 -9999 -9999 -9999 -9999 86.03420 86.19460 81.76660 81.90660 79.58830 77.30680 76.66170 75.69140 75.63920 73.70340 72.71790 71.73900 71.51300 72.01220 71.43510 71.31750 71.14810 541.14301 538.80103 348.34299 348.47198 360.62500 359.52899 542.14899 544.33502 544.57098 384.36099 394.03500 412.86700 399.39899 572.04401 562.48102 560.71698 566.26501 572.47900 583.82800 586.26501 594.31097 601.49500 624.21503 644.68500 551.07800 658.88397 547.63098 540.88800 530.56201 661.67798 674.98798 648.71698 647.31500 655.92200 661.76801 662.76001 682.94000 692.65997 710.10101 735.23199 146.59599 133.65900 125.02100
-9999 -9999 -9999 -9999 -9999 -9999 -9999 -9999 -9999 149.91701 148.83600 152.54500 154.27000 154.85699 153.13600 147.12500 146.56599 145.59100 144.09599 143.94400 143.35201 142.65401 142.44400 141.60600 140.94299 141.03500 141.02699 140.85001 140.25301 140.02299 139.96201 350.84900 361.39600 362.80099 547.16602 556.34998 408.17499 407.64801 402.61700 566.51599 560.53998 557.52698 557.88098 730.18402 566.21198 748.30298 585.90802 601.59100 616.01703 627.30103 648.49200 663.77802 553.84802 689.49402 615.27899 646.94299 638.30701 628.84698 626.13800 638.43201 651.09601 670.21802 659.43298 671.89001 654.90997 665.21997 692.84302 269.15201 248.75500 247.35300
-9999 -9999 -9999 -9999 -9999 -9999 -9999 -9999 -9999 -9999 146.44000 148.09000 148.49500 148.84000 146.68201 143.57899 143.79601 143.23300 142.48599 143.69299 143.38200 141.75101 141.77299 -9999 -9999 -9999 -9999 -9999 -9999 144.56100 145.05800 360.46600 360.84500 361.31900 359.71399 557.39001 573.37299 398.78299 392.72198 557.62500 559.37402 559.00897 568.08099 735.52100 733.51300 744.19299 750.32703 598.27698 621.52802 632.18103 641.29401 506.02100 541.84802 590.48199 689.83002 636.49597 624.19299 625.92102 623.11798 634.52399 651.59198 637.69897 559.95099 645.88098 680.00098 682.38098 677.45398 258.41501 261.54800 269.22400
-9999 -9999 -9999 -9999 -9999 -9999 -9999 -9999 -9999 -9999 -9999 -9999 145.20000 145.39200 145.23900 141.23000 141.46700 141.15900 141.21100 -9999 -9999 -9999 -9999 -9999 -9999 -9999 -9999 -9999 -9999 -9999 -9999 -9999 -9999 362.89401 540.09497 550.78497 565.09998 556.28998 375.71201 379.20599 560.27002 559.42902 563.90100 570.36200 576.00702 739.63397 749.20502 589.35498 605.16101 614.82300 628.35498 660.82397 668.24902 663.35699 653.49597 624.17499 628.16400 607.09302 452.40900 629.23499 650.65997 634.22101 658.53400 639.38098 663.45300 674.26001 629.54401 238.21100 247.36000 262.08801
-9999 -9999 -9999 -9999 -9999 -9999 -9999 -9999 -9999 -9999 -9999 -9999 -9999 -9999 -9999 -9999 -9999 -9999 -9999 -9999 -9999 -9999 -9999 -9999 -9999 -9999 -9999 -9999 -9999 -9999 -9999 -9999 -9999 -9999 545.88898 549.67798 551.13397 554.97699 365.48599 554.61902 554.89099 559.07898 723.18103 573.78900 741.14099 744.13599 607.57300 582.72302 599.49902 604.45001 617.80798 651.52600 656.38599 651.60797 643.56702 620.26703 604.09998 633.99298 605.01703 609.87598 626.40802 639.90802 626.61298 641.74902 651.74799 629.17200 666.07599 247.30400 258.34799 276.64401
