data/hydroclimate-scenarios/BCSD_hadcm_B1/monthly_summaries/soilm2_monthly_day1_jan.2070-2099.asc
ncols	311
nrows	91
xllcenter	102.75
yllcenter	31.75
cellsize	0.5
NODATA_value	-9999
[rows 31 to 61 of 91, columns 0 to 69 of 311]
-9999 -9999 -9999 -9999 -9999 -9999 -9999 -9999 -9999 -9999 -9999 93.39740 103.30100 104.59400 108.49600 111.44000 99.50620 100.89600 105.73900 103.65100 108.11000 115.67500 115.67300 112.20200 111.22000 108.60500 109.93900 108.76400 106.84800 108.30100 106.08700 102.24600 102.92100 102.35800 105.11600 103.58500 103.32800 107.83100 108.41100 106.45800 106.76800 106.13000 126.77500 128.25600 127.57100 126.38400 126.70700 117.82800 107.99800 106.26500 110.73100 112.16200 110.03700 108.47300 108.87200 125.85500 126.39900 124.28800 125.57800 122.19700 120.55500 124.80600 123.97800 121.14800 120.89600 125.40200 122.59100 125.88300 126.28900 128.57300
-9999 -9999 -9999 -9999 -9999 -9999 -9999 -9999 -9999 -9999 -9999 98.06440 99.39490 108.97000 103.51800 107.75000 106.10300 109.99300 108.17000 109.34400 115.22900 115.13800 115.52900 115.35800 128.44501 128.25400 127.65100 127.87900 127.96300 106.99000 106.05000 103.25300 105.26800 106.82600 106.89300 103.91300 105.94100 107.53000 116.79100 118.88700 116.46700 114.34600 118.10300 117.56500 115.92600 116.32800 114.94200 114.48200 114.17400 114.00800 112.50100 112.78800 111.51500 125.45200 126.35400 126.80300 126.44000 125.69000 123.65800 111.58000 113.22000 113.23300 122.08200 125.43200 127.07200 123.38600 126.20900 128.25900 127.82200 128.33600
-9999 -9999 -9999 -9999 -9999 -9999 -9999 -9999 -9999 -9999 -9999 103.95700 104.47600 103.00400 101.86100 106.86500 106.75100 113.62900 114.67500 117.58100 118.01000 117.52700 130.95100 130.06000 129.60600 112.05900 109.48100 111.87500 106.99100 123.69500 124.66300 104.74200 106.09200 102.68500 115.07500 107.37600 125.35300 117.88800 125.47900 126.92700 118.01200 127.70400 120.28000 121.64400 123.05600 120.40100 119.72800 119.31500 117.95200 115.01100 113.81700 113.07500 111.57100 122.40500 109.52800 116.40900 116.11800 113.59600 116.26200 118.31100 116.88700 128.33701 127.40200 111.92900 128.66800 126.70800 127.45400 128.77901 128.44901 128.53500
-9999 -9999 -9999 -9999 -9999 -9999 -9999 -9999 -9999 -9999 -9999 -9999 107.69400 108.32400 107.53400 108.31900 109.22300 116.64200 117.20300 120.28800 132.01401 113.09600 111.82000 113.61600 110.21400 107.18400 106.44900 105.67700 100.47000 100.71300 125.40700 126.44200 126.72900 127.52900 126.81000 126.76400 127.63100 119.90600 126.01800 124.10700 124.86800 127.15800 127.82700 119.64400 121.67300 123.17200 121.64500 121.23200 119.62900 118.38200 114.85400 115.20900 114.63500 111.17000 108.01700 107.99800 108.23700 121.15800 127.36300 126.88700 126.59300 120.53700 121.23700 127.22600 126.94800 130.16400 129.57700 129.02600 129.19099 130.50600
-9999 -9999 -9999 -9999 -9999 -9999 -9999 -9999 -9999 -9999 -9999 -9999 108.80900 107.42100 110.98800 109.53800 111.22100 130.63499 131.15100 116.78000 118.94000 116.27500 112.74900 108.63600 106.68400 102.19300 98.92370 105.90300 100.19300 102.64900 104.66400 125.87300 127.17600 125.06300 127.94100 106.62800 102.66400 107.58800 109.75100 106.71800 126.65000 115.60800 115.32300 126.23800 122.03700 122.72900 123.63700 120.40400 114.66400 116.34400 112.72300 106.29700 102.73100 111.24300 109.71700 120.63100 127.96900 121.12900 103.85700 127.21100 125.16800 103.70000 103.49900 121.20200 129.47400 129.39700 130.23900 128.62900 129.52699 131.37199
-9999 -9999 -9999 -9999 -9999 -9999 -9999 -9999 -9999 -9999 -9999 -9999 108.37000 108.73700 130.10699 128.91701 130.08800 112.25700 114.52400 116.84800 117.89700 117.31400 114.04800 107.17600 106.86900 105.50100 105.25500 104.41000 106.50800 103.86200 101.82000 124.32500 106.50800 106.68300 104.76600 100.82400 104.10900 107.73000 106.72500 112.10700 116.82100 118.60400 118.62500 123.95500 127.41600 121.46200 126.53600 125.30200 123.96300 118.19000 113.40700 115.01000 107.54600 106.74600 106.44000 105.48100 103.34700 109.34400 110.68800 126.92400 106.91600 110.40400 109.98900 110.86100 127.24200 129.18700 130.69501 130.91701 131.72900 131.81200
-9999 -9999 -9999 101.52900 104.76800 100.77200 98.73170 99.75660 100.10800 -9999 106.70000 128.87700 128.73399 106.23700 108.71000 108.09700 110.07400 111.51100 114.24200 115.05800 118.64600 116.65200 112.31500 111.26500 107.41000 109.83600 108.51200 107.47400 104.41100 102.72600 102.47700 102.28000 95.41310 99.17080 97.83840 75.68830 98.05920 104.12700 111.74700 113.12000 116.19800 119.11600 122.02000 123.29500 123.23500 121.90200 127.03700 116.84100 120.35900 120.85600 113.90300 110.93600 110.55000 115.47600 112.69300 114.90700 115.56400 108.48100 109.26200 104.81400 126.15400 112.12800 109.92500 119.42000 116.52200 119.37000 122.04400 125.60100 129.10300 129.27100
-9999 -9999 -9999 104.46500 103.84200 105.02100 102.39100 105.62900 102.59800 124.38200 128.17300 126.73900 108.41000 99.63520 103.44800 105.24100 107.12500 110.51500 113.06400 112.33200 111.85700 112.17600 113.15600 115.42100 111.39700 111.45400 109.89500 105.14900 104.66800 103.21000 79.57010 99.87780 100.00300 98.64250 97.20810 98.71270 97.29450 106.71000 105.91100 113.31000 114.34300 116.13900 124.19800 123.69500 119.95400 122.09800 128.43500 122.93000 117.93400 113.24300 114.38400 121.16900 122.00500 121.45100 116.02600 114.82400 109.98100 110.43700 112.88500 109.21900 111.71300 118.14400 118.05800 116.15500 122.70900 121.22200 123.26400 127.21100 130.81799 127.85300
-9999 -9999 -9999 100.70100 105.32100 101.79400 127.69600 127.92200 127.91800 127.87400 128.40401 127.67600 103.53700 95.65750 94.48270 94.12280 107.81300 106.51900 105.89400 104.23700 107.27100 108.09100 87.64170 105.26700 108.04500 109.69100 111.50100 110.21600 104.31200 106.44400 112.03700 112.27500 104.12300 100.18900 100.91900 100.10300 100.87100 102.64500 102.82000 105.80600 109.24800 113.91800 123.45400 126.99800 125.57200 124.72300 126.61700 114.62400 114.50500 127.45700 128.17200 123.56200 122.97200 121.06900 117.41200 113.81300 110.37800 113.93800 115.45900 115.34900 112.04100 113.24500 122.12400 123.77800 125.21600 127.54200 128.27600 128.09399 118.63900 126.48200
-9999 -9999 -9999 108.39400 106.08300 109.22600 127.49800 129.08299 125.65200 124.19000 126.25500 100.49500 92.34180 96.66640 94.47810 96.57600 101.99400 115.29200 115.77100 106.02500 105.71500 102.85800 111.94700 120.83200 112.62400 109.12800 106.95100 103.90800 112.23900 113.50700 110.78500 101.45700 104.47500 110.79200 112.65700 109.74900 104.69600 103.04600 108.12400 108.93800 110.19000 115.39600 118.79200 122.33600 124.39700 130.07899 130.16299 124.59200 128.14799 125.83700 127.01400 125.52700 122.96600 116.42200 119.55100 112.64400 110.05100 109.39200 112.06500 110.62300 107.29800 118.43000 120.11700 125.66000 123.36000 120.13200 129.09399 132.70100 133.57300 133.66299
-9999 -9999 -9999 102.97800 104.63500 108.56900 127.96200 127.96500 126.85400 126.05900 126.64000 123.32000 93.31240 97.06200 110.60000 111.06500 105.86900 105.32700 104.82800 106.32400 107.08100 109.25100 124.18800 109.22700 105.65600 107.35800 108.43500 104.81200 106.50800 111.62700 109.29700 107.28100 108.84400 105.59200 104.75600 105.04300 106.32900 105.52100 107.23100 112.26600 117.61800 122.02100 124.04200 125.02100 126.87000 128.28900 128.65401 125.72100 120.32600 127.23300 124.44000 118.69300 114.42600 116.77100 114.91600 114.85000 112.55100 110.28800 114.69300 123.70900 123.28800 124.15300 128.75200 123.30800 119.78300 118.51200 125.81300 125.79200 133.97301 135.40100
-9999 -9999 -9999 -9999 127.77700 128.25900 128.65900 129.41299 126.62400 125.89500 129.01300 106.77600 100.71400 100.42700 -9999 -9999 -9999 -9999 -9999 115.12100 123.32500 118.43900 120.82600 116.03300 109.99200 106.04500 104.75600 105.08600 109.35700 105.77300 104.20400 103.43900 104.14400 100.60600 100.90700 97.45020 101.71000 100.10600 105.99400 107.07900 106.29900 114.68100 120.94100 125.52900 126.68000 127.84200 128.35001 128.88699 128.48000 128.42101 126.88000 128.30600 125.93100 127.17000 126.16700 125.52300 125.16100 126.18800 116.34600 117.62500 126.05600 128.84801 126.98900 131.47800 132.25101 128.50101 132.69200 134.19099 140.70100 -9999
-9999 -9999 113.99800 129.02800 129.86099 128.56300 128.58099 129.43700 127.27700 127.79100 129.45100 106.13500 103.16300 -9999 -9999 -9999 -9999 -9999 125.63200 119.31700 121.69900 109.37400 107.33600 112.59400 117.74600 116.87700 110.42400 108.51900 109.61100 108.50400 103.26600 101.73900 102.11800 105.71800 106.41300 103.94300 102.38700 99.03360 102.87400 100.96700 105.68400 113.83600 118.41200 118.71200 118.57500 122.18400 124.98100 123.64700 121.99700 123.32300 123.05100 126.31300 130.75600 128.78500 126.21000 120.78400 121.03100 119.13500 118.25600 118.34300 120.26400 122.11000 126.48900 130.35699 131.09200 130.16600 131.08200 -9999 -9999 -9999
-9999 -9999 131.63200 131.09000 129.16800 127.96300 128.15199 129.71201 127.33000 129.20700 113.26900 112.04200 102.39300 -9999 -9999 -9999 -9999 105.47400 115.33100 106.33200 106.47600 104.72300 107.23600 115.11700 113.42000 104.71600 103.69900 101.34800 106.34500 108.08700 102.34900 103.36100 102.38400 105.47100 106.89000 102.24700 100.27000 98.42080 103.78800 112.01600 116.95400 118.46400 120.32500 122.36100 118.11300 112.89300 115.44900 114.04700 115.81900 118.87400 125.50500 128.35699 129.78799 125.91900 125.52900 117.32000 120.41400 121.04100 125.59900 127.04600 128.05200 130.16499 131.86099 131.87500 129.73000 -9999 -9999 -9999 -9999 -9999
-9999 -9999 134.28400 132.96600 131.48199 130.30299 129.25400 128.09900 127.94100 129.06400 109.04300 103.08800 86.50120 -9999 -9999 -9999 -9999 112.64600 108.07000 107.65600 105.93300 109.06200 111.92400 108.96500 110.40800 107.71300 103.18200 104.80300 105.92800 103.95300 103.92000 100.88300 102.81800 105.32000 105.81100 107.21200 109.98100 112.38800 112.32400 109.28100 117.55500 113.50600 116.17500 126.93000 124.56900 116.91300 115.66500 111.25400 108.48000 109.07400 113.80000 114.23100 118.77500 115.63000 121.86000 119.46800 120.43500 124.45500 129.37601 131.02000 130.77800 130.18800 132.80099 119.17000 118.63700 131.93401 133.31300 132.89600 133.47501 -9999
-9999 -9999 -9999 134.60400 131.13901 130.50200 126.39700 124.72500 111.48700 113.04400 99.78030 86.93570 -9999 -9999 -9999 -9999 106.12800 108.46600 105.22600 103.09200 107.11800 105.03900 105.93800 106.06300 106.21900 103.76900 105.57100 104.92900 107.58700 110.47800 106.75500 107.10800 106.79500 105.38900 103.47600 103.07500 102.99600 106.18600 106.30700 104.79100 112.02100 113.74300 135.82899 132.44901 131.33501 132.84300 127.25300 124.68300 121.55500 114.63200 124.43600 130.95599 129.37300 131.04800 132.12399 131.79100 133.66299 128.89900 132.83800 133.94600 133.78500 134.12900 134.78999 126.13700 115.42600 128.50101 137.19600 137.33099 133.17300 134.38600
-9999 -9999 -9999 -9999 132.85500 129.48399 124.89700 112.17400 114.70300 96.99740 91.22690 -9999 -9999 -9999 -9999 111.27000 105.22600 101.69800 127.06400 101.79100 98.70120 98.93900 101.44800 104.67600 105.13200 102.29000 99.78790 103.04300 102.01400 104.61000 104.57100 102.09700 100.90000 101.54100 106.17000 110.75900 112.94800 112.64100 110.53500 105.27600 106.55700 112.86000 117.90000 119.16600 122.62000 134.86900 138.55901 134.87100 131.55200 124.66800 120.53100 128.20000 131.35001 131.36301 133.52100 131.18401 131.47600 132.47301 135.51700 133.71899 134.29500 128.06400 124.04200 120.59400 118.77300 134.20700 133.26700 132.92500 133.06900 134.51300
-9999 -9999 -9999 -9999 -9999 -9999 118.00300 132.01801 84.85160 102.88600 99.25320 -9999 -9999 -9999 -9999 -9999 100.11600 97.93790 96.92380 96.47420 96.43960 89.24170 95.32580 102.02700 99.54920 96.73520 103.01900 145.56700 145.48100 137.19600 104.04300 101.34200 102.09200 105.08100 105.11400 103.18500 111.86000 112.40000 108.16700 110.59000 110.70400 118.63800 120.58100 115.05100 132.79500 132.33000 132.06100 136.61301 136.22200 131.74899 138.48000 136.81500 129.47501 136.83800 133.17900 132.34500 130.55200 130.59000 130.83299 115.32500 113.31900 117.13300 121.91400 115.89300 113.95000 121.22300 132.72900 132.96700 130.84500 129.74100
-9999 -9999 -9999 -9999 -9999 -9999 -9999 -9999 -9999 -9999 -9999 -9999 -9999 -9999 -9999 -9999 -9999 -9999 -9999 93.99510 94.89510 84.95160 93.68880 95.97210 99.93710 100.02500 119.97500 116.84800 115.20600 93.70350 102.87300 101.99200 105.78600 108.59200 106.21600 107.07100 110.09100 115.55000 114.21500 117.03500 120.40200 124.23600 123.53500 122.60800 122.46000 121.28300 115.36700 133.58701 134.16200 140.60500 144.41800 137.42200 138.17400 138.62801 131.91901 128.76900 111.56100 114.67800 111.22900 110.88400 122.09300 129.03900 111.81200 111.06000 109.02900 123.24800 129.85899 129.75400 130.12300 135.75200
-9999 -9999 -9999 -9999 -9999 -9999 -9999 -9999 -9999 -9999 -9999 -9999 -9999 -9999 -9999 -9999 -9999 -9999 98.12110 96.08270 92.81680 91.15590 93.70050 93.48170 91.30340 89.48130 117.44800 118.86900 92.96410 94.03170 96.92500 100.09100 101.61400 102.67800 105.77100 129.30400 114.14000 115.00500 116.06300 119.05600 121.07800 123.43800 124.11300 125.73900 125.44400 132.61200 120.71200 471.86600 620.28400 655.27100 665.72198 138.81799 140.13600 143.82700 141.51401 135.53400 115.58900 113.29700 125.13700 115.46900 130.54401 134.79500 116.79300 115.65900 130.34000 123.44100 116.41400 129.89600 134.92599 132.88499
-9999 -9999 -9999 -9999 -9999 -9999 -9999 -9999 -9999 -9999 -9999 -9999 -9999 -9999 -9999 -9999 -9999 100.37400 101.16500 93.50050 94.65120 92.77590 88.91840 87.63100 83.90710 86.01960 122.11900 114.01900 119.47900 121.06600 122.91100 121.71500 104.04000 119.63700 126.49200 133.31400 132.77100 117.07200 116.40200 119.92400 119.68200 131.20700 123.58200 131.67999 119.36000 115.64500 132.84200 633.27600 624.81097 642.86700 649.83301 144.44299 141.21300 147.73000 144.22301 149.81300 115.02600 111.52100 111.71100 111.57600 119.31900 129.24600 119.50800 122.47900 108.58900 111.95800 116.69100 113.54100 136.41499 140.00000
-9999 -9999 -9999 -9999 -9999 -9999 -9999 -9999 -9999 -9999 -9999 -9999 -9999 -9999 -9999 -9999 -9999 102.87600 99.25060 99.85820 98.94900 120.42300 115.24100 78.77890 78.19800 83.28580 82.04740 82.46570 80.68790 115.46100 122.24800 121.79100 122.84500 119.87500 126.55400 132.18800 136.06700 107.27900 112.31100 115.71600 113.69100 111.60300 128.15100 109.53100 128.89000 131.46600 128.38400 478.62900 481.47400 630.64001 656.92499 142.11200 142.90100 142.36099 138.75500 151.55901 126.50400 118.26600 113.56800 118.38000 112.86900 112.00200 112.03000 110.12200 110.99000 113.42100 115.52000 124.82200 140.00400 152.80901
-9999 -9999 -9999 -9999 -9999 -9999 -9999 -9999 -9999 -9999 -9999 -9999 -9999 -9999 -9999 -9999 107.06000 106.99900 101.33300 99.36280 115.87400 80.83200 79.59280 78.42180 76.29660 78.81290 79.65570 80.77060 79.48290 80.26360 81.02990 77.69560 111.11000 117.82200 121.02800 125.85300 123.46300 127.38100 108.23800 107.40400 102.42800 109.30600 130.42799 125.25500 105.06400 126.20400 127.00600 493.23199 485.33499 625.51898 654.82098 142.25500 143.89101 141.77000 138.03600 151.19200 151.72200 130.31000 132.57700 117.20100 115.25400 118.33500 121.34500 132.42799 136.70700 139.68100 135.81799 137.47000 138.59399 148.88400
-9999 -9999 -9999 -9999 -9999 -9999 -9999 -9999 -9999 -9999 -9999 -9999 -9999 99.24020 98.84290 99.60730 98.92920 103.73600 120.83500 113.71900 80.72240 81.89440 79.22340 80.19140 80.17980 77.14310 76.58170 369.31100 368.41199 366.65100 551.74103 559.17902 367.57800 365.38400 559.71198 566.78802 579.30701 575.51599 437.54800 442.36600 439.27499 598.08301 589.18298 420.21301 602.03497 608.56403 621.94501 632.53198 645.79602 647.67499 655.31598 664.70398 664.29602 667.71600 681.93298 691.02399 692.92499 679.32001 633.07202 638.97400 667.68701 726.26398 745.66602 755.11798 734.88202 734.49902 723.84998 137.95399 136.63499 147.47000
-9999 -9999 -9999 -9999 -9999 -9999 -9999 -9999 -9999 -9999 -9999 -9999 93.54600 96.59980 122.12100 120.25300 119.40800 85.81740 82.80860 77.63350 78.11890 77.40690 75.82500 78.74980 77.25290 74.06670 73.75490 364.72501 544.33197 547.69598 539.65900 545.87701 552.05499 540.42798 558.26398 562.82001 385.25699 398.37100 429.50000 431.05399 423.93301 418.64001 589.11499 593.26501 599.16699 607.95801 622.00201 628.33301 645.44098 652.83398 654.69299 531.76501 665.44299 549.70898 656.37299 661.70203 687.57501 674.77002 665.02802 716.01001 720.16699 730.92798 740.34698 741.22803 740.83099 754.53802 755.27301 136.45599 140.26601 135.24699
-9999 -9999 -9999 -9999 -9999 -9999 -9999 -9999 -9999 -9999 -9999 121.58200 92.04440 117.25200 85.11480 80.87380 79.33450 79.96730 80.39710 77.98400 77.61300 75.08170 74.58750 74.31580 74.22550 73.68570 114.30300 537.13300 543.71100 546.91998 540.91400 363.79199 367.05301 370.78000 365.05301 562.61603 399.86499 414.10800 418.96799 416.75201 409.43799 586.87701 579.34497 585.37402 593.22101 600.62903 612.66199 620.85602 632.04602 646.36700 670.75897 573.24298 562.59998 669.52197 593.31702 579.68701 676.54199 614.26202 626.95398 686.43500 714.64600 702.04999 705.77502 706.28998 727.86298 734.45001 726.23700 142.21500 135.17400 122.73500
-9999 -9999 -9999 -9999 -9999 -9999 -9999 -9999 -9999 -9999 85.12130 85.76790 80.31490 81.15870 78.33420 76.81050 75.78830 75.90800 76.42260 74.94030 73.72750 73.33270 73.04360 72.82940 72.46450 72.37350 72.42740 545.87000 541.47601 351.38000 351.70901 364.61899 365.84201 557.37097 559.58099 558.46002 406.56100 412.08899 430.54001 411.78000 582.29498 571.62598 568.56598 578.81201 585.41699 599.53900 604.70502 617.21698 628.79303 647.98798 664.29901 582.33301 672.09198 587.71698 584.09198 575.01001 678.92603 697.47302 677.97998 684.98901 689.37903 693.11401 700.47302 704.33899 715.63599 720.67200 768.78601 141.75500 129.64900 115.56900
-9999 -9999 -9999 -9999 -9999 -9999 -9999 -9999 -9999 151.66701 150.29500 151.48900 152.27600 153.02400 151.17400 146.81200 146.52800 145.58701 144.13901 145.25999 145.13699 145.46700 145.84200 145.31799 144.77901 144.79900 145.38300 146.07600 145.23700 143.43600 143.49001 354.20599 367.22699 376.07999 569.05402 577.40900 436.69299 429.28699 418.48300 576.35999 566.24799 560.18500 566.12299 736.31403 580.66101 757.28003 602.82098 618.99298 639.00299 649.12201 670.77802 674.36102 582.66199 689.25897 637.20502 676.06702 672.36102 666.18298 666.38898 680.57397 683.49402 702.86102 695.70300 707.39001 694.58197 699.16498 717.76202 267.02899 231.23599 223.75800
-9999 -9999 -9999 -9999 -9999 -9999 -9999 -9999 -9999 -9999 146.74800 146.30299 146.51401 146.75800 144.67101 142.95500 143.32100 142.68300 142.25000 144.50800 144.64700 143.69600 144.13200 -9999 -9999 -9999 -9999 -9999 -9999 148.38699 149.97800 363.98801 366.26801 374.81400 379.64301 577.74597 591.17603 413.39899 403.92099 563.05701 562.73199 563.53101 574.59601 743.00000 737.37402 749.74200 757.74701 609.88898 638.49701 648.10901 655.18298 533.29401 570.69299 613.05701 698.61298 661.55200 656.16302 660.89697 661.10101 667.99799 687.77802 677.32703 615.16803 694.40002 714.66699 715.15503 695.35199 250.65100 239.18300 246.76801
-9999 -9999 -9999 -9999 -9999 -9999 -9999 -9999 -9999 -9999 -9999 -9999 143.52299 143.45300 143.22600 140.67999 141.14600 140.75301 140.95200 -9999 -9999 -9999 -9999 -9999 -9999 -9999 -9999 -9999 -9999 -9999 -9999 -9999 -9999 374.70200 552.42499 566.91101 582.52802 566.67200 386.19501 383.29099 564.25098 564.78497 570.10498 579.53802 587.95300 743.40503 759.32703 602.61499 622.46100 629.38098 643.86798 671.09802 679.19397 674.24402 675.05402 650.39801 656.93799 635.92297 490.87000 660.52502 683.43903 673.26898 688.71002 689.70599 700.65198 701.55701 639.06598 223.97301 231.31300 249.31500
-9999 -9999 -9999 -9999 -9999 -9999 -9999 -9999 -9999 -9999 -9999 -9999 -9999 -9999 -9999 -9999 -9999 -9999 -9999 -9999 -9999 -9999 -9999 -9999 -9999 -9999 -9999 -9999 -9999 -9999 -9999 -9999 -9999 -9999 562.80298 562.18597 560.17297 562.31299 371.96500 557.60199 556.56897 564.03302 723.35901 583.21899 749.58600 749.63702 625.95502 592.96399 615.43701 619.58301 631.96997 660.78400 671.65698 663.78900 660.75500 644.87402 629.82001 660.58002 639.70697 650.52899 667.20697 682.90302 674.74500 690.36401 693.63702 668.27899 674.96002 234.00600 243.64700 265.99301
