data/hydroclimate-scenarios/BCSD_hadcm_B1/monthly_summaries/soilm1_monthly_day1_oct.2070-2099.asc
ncols	311
nrows	91
xllcenter	102.75
yllcenter	31.75
cellsize	0.5
NODATA_value	-9999
[rows 0 to 31 of 91, columns 71 to 141 of 311]
-9999 -9999 -9999 -9999 -9999 -9999 -9999 -9999 -9999 -9999 -9999 -9999 -9999 -9999 -9999 -9999 -9999 -9999 -9999 -9999 -9999 -9999 -9999 -9999 -9999 -9999 -9999 -9999 -9999 -9999 -9999 -9999 -9999 -9999 -9999 -9999 -9999 -9999 -9999 -9999 -9999 -9999 -9999 -9999 -9999 -9999 -9999 -9999 -9999 -9999 -9999 -9999 -9999 -9999 -9999 -9999 -9999 -9999 -9999 -9999 -9999 -9999 -9999 -9999 -9999 -9999 -9999 -9999 -9999 -9999 -9999
-9999 -9999 -9999 -9999 -9999 -9999 -9999 -9999 -9999 -9999 -9999 -9999 -9999 -9999 -9999 -9999 -9999 -9999 -9999 -9999 -9999 -9999 -9999 -9999 -9999 -9999 -9999 -9999 -9999 -9999 -9999 -9999 -9999 -9999 -9999 -9999 -9999 -9999 -9999 -9999 -9999 -9999 -9999 -9999 -9999 -9999 -9999 -9999 -9999 -9999 -9999 -9999 -9999 -9999 -9999 -9999 -9999 -9999 -9999 -9999 -9999 -9999 -9999 -9999 -9999 -9999 -9999 -9999 -9999 -9999 -9999
-9999 -9999 -9999 -9999 -9999 -9999 -9999 -9999 -9999 -9999 -9999 -9999 -9999 -9999 -9999 -9999 -9999 -9999 -9999 -9999 -9999 -9999 -9999 -9999 -9999 -9999 -9999 -9999 -9999 -9999 -9999 -9999 -9999 -9999 -9999 -9999 -9999 -9999 -9999 -9999 -9999 -9999 -9999 -9999 -9999 -9999 -9999 -9999 -9999 -9999 -9999 -9999 -9999 -9999 -9999 -9999 -9999 -9999 -9999 -9999 -9999 -9999 -9999 -9999 -9999 -9999 -9999 -9999 -9999 -9999 -9999
-9999 -9999 -9999 -9999 -9999 -9999 -9999 -9999 -9999 -9999 -9999 -9999 -9999 -9999 -9999 -9999 -9999 -9999 -9999 -9999 -9999 -9999 -9999 -9999 -9999 -9999 -9999 -9999 -9999 -9999 -9999 -9999 -9999 -9999 -9999 -9999 -9999 -9999 -9999 -9999 -9999 -9999 -9999 -9999 -9999 -9999 -9999 -9999 -9999 -9999 -9999 -9999 -9999 -9999 -9999 -9999 -9999 -9999 -9999 -9999 -9999 -9999 -9999 -9999 -9999 -9999 -9999 -9999 -9999 -9999 -9999
-9999 -9999 -9999 -9999 -9999 -9999 -9999 -9999 -9999 -9999 -9999 -9999 -9999 -9999 -9999 -9999 -9999 -9999 -9999 -9999 -9999 -9999 -9999 -9999 -9999 -9999 -9999 -9999 -9999 -9999 -9999 -9999 -9999 -9999 -9999 -9999 -9999 -9999 -9999 -9999 -9999 -9999 -9999 -9999 -9999 -9999 -9999 -9999 -9999 -9999 -9999 -9999 -9999 -9999 -9999 -9999 -9999 -9999 -9999 -9999 -9999 -9999 -9999 -9999 -9999 -9999 -9999 -9999 -9999 -9999 -9999
-9999 -9999 -9999 -9999 -9999 -9999 -9999 -9999 -9999 -9999 -9999 -9999 -9999 -9999 -9999 -9999 -9999 -9999 -9999 -9999 -9999 -9999 -9999 -9999 -9999 -9999 -9999 -9999 -9999 -9999 -9999 -9999 -9999 -9999 -9999 -9999 -9999 -9999 -9999 -9999 -9999 -9999 -9999 -9999 -9999 -9999 -9999 -9999 -9999 -9999 -9999 -9999 -9999 -9999 -9999 -9999 -9999 -9999 -9999 -9999 -9999 -9999 -9999 -9999 -9999 -9999 -9999 -9999 -9999 -9999 -9999
-9999 -9999 -9999 -9999 -9999 -9999 -9999 -9999 -9999 -9999 -9999 -9999 -9999 -9999 -9999 -9999 -9999 -9999 -9999 -9999 -9999 -9999 -9999 -9999 -9999 -9999 -9999 -9999 -9999 -9999 -9999 -9999 -9999 -9999 -9999 -9999 -9999 -9999 -9999 -9999 -9999 -9999 -9999 -9999 -9999 -9999 -9999 -9999 -9999 -9999 -9999 -9999 -9999 -9999 -9999 -9999 -9999 -9999 -9999 -9999 -9999 -9999 -9999 -9999 -9999 -9999 -9999 -9999 -9999 -9999 -9999
-9999 -9999 -9999 -9999 -9999 -9999 -9999 -9999 -9999 -9999 -9999 -9999 -9999 -9999 -9999 -9999 -9999 -9999 -9999 -9999 -9999 -9999 -9999 -9999 -9999 -9999 -9999 -9999 -9999 -9999 -9999 -9999 -9999 -9999 -9999 -9999 -9999 -9999 -9999 -9999 -9999 -9999 -9999 -9999 -9999 -9999 -9999 -9999 -9999 -9999 -9999 -9999 -9999 -9999 -9999 -9999 -9999 -9999 -9999 -9999 -9999 -9999 -9999 -9999 -9999 -9999 -9999 -9999 -9999 -9999 -9999
-9999 -9999 -9999 -9999 -9999 -9999 66.76020 -9999 -9999 -9999 -9999 -9999 -9999 -9999 -9999 -9999 -9999 -9999 -9999 -9999 -9999 -9999 -9999 -9999 -9999 -9999 -9999 -9999 -9999 -9999 -9999 -9999 -9999 -9999 -9999 -9999 -9999 -9999 -9999 -9999 -9999 -9999 -9999 -9999 -9999 -9999 -9999 -9999 -9999 -9999 -9999 -9999 -9999 -9999 -9999 -9999 -9999 -9999 -9999 -9999 -9999 -9999 -9999 -9999 -9999 -9999 -9999 -9999 -9999 -9999 -9999
-9999 -9999 65.20870 63.77810 66.36610 66.64150 66.70580 67.42060 68.25370 68.60950 67.30160 67.65890 67.05650 67.43880 65.13280 66.59690 64.50610 63.47330 64.81120 64.27760 66.26140 64.40870 -9999 -9999 -9999 -9999 -9999 -9999 -9999 -9999 -9999 -9999 -9999 -9999 -9999 -9999 -9999 -9999 -9999 -9999 -9999 -9999 -9999 -9999 -9999 -9999 -9999 -9999 -9999 -9999 -9999 -9999 -9999 -9999 -9999 -9999 -9999 -9999 -9999 -9999 -9999 -9999 -9999 -9999 -9999 -9999 -9999 -9999 -9999 -9999 -9999
-9999 -9999 -9999 -9999 67.31350 68.01540 68.86600 69.00570 68.79400 68.79720 68.41530 68.67250 71.04890 71.02980 70.37470 70.39810 68.47270 68.64320 68.76330 68.91880 68.37370 66.85690 -9999 -9999 -9999 -9999 -9999 -9999 -9999 -9999 -9999 -9999 -9999 -9999 -9999 -9999 -9999 -9999 -9999 -9999 -9999 -9999 -9999 -9999 -9999 -9999 -9999 -9999 -9999 -9999 -9999 -9999 -9999 -9999 -9999 -9999 -9999 -9999 -9999 -9999 -9999 -9999 -9999 -9999 -9999 -9999 -9999 -9999 -9999 -9999 -9999
65.51380 66.39650 68.36060 68.69260 67.48290 68.83290 68.57470 68.99920 68.63240 69.84150 68.13660 68.30890 70.61350 71.83650 71.67140 71.62730 69.95690 70.03450 70.11350 72.00350 72.03310 82.71590 69.93180 69.49490 69.18010 68.89160 70.01690 67.86940 -9999 -9999 -9999 -9999 -9999 -9999 -9999 -9999 -9999 -9999 -9999 -9999 -9999 -9999 -9999 -9999 -9999 -9999 -9999 -9999 -9999 -9999 -9999 -9999 -9999 -9999 -9999 -9999 -9999 -9999 -9999 -9999 -9999 -9999 -9999 -9999 -9999 -9999 -9999 -9999 -9999 -9999 -9999
64.57640 64.81910 66.56160 66.68410 68.91190 69.23470 67.54770 68.75450 66.60420 67.31420 69.86780 70.81440 71.38720 71.84020 72.52040 73.55720 73.56920 73.38360 85.13490 76.39090 74.21420 72.91100 72.47870 70.83490 71.08330 69.85770 70.77370 70.02350 69.43390 68.65440 67.38490 66.51510 66.75650 67.12290 66.83270 66.56230 65.82640 65.77280 65.55450 66.11220 66.26020 65.80960 65.81840 -9999 -9999 -9999 -9999 -9999 -9999 -9999 -9999 -9999 -9999 -9999 -9999 -9999 -9999 -9999 -9999 -9999 -9999 -9999 -9999 -9999 -9999 -9999 -9999 -9999 -9999 -9999 -9999
53.17860 53.71510 54.60620 55.36170 68.69610 70.55440 67.85090 68.05450 66.68000 56.71840 60.57240 69.83930 61.56670 71.68850 72.80050 73.34830 73.99970 73.80270 75.39580 76.55570 74.33060 72.85520 72.21790 62.45520 61.11390 70.46250 70.06420 69.87110 70.02870 70.69510 68.21260 68.00690 67.32050 66.19300 67.01490 66.87190 66.30290 65.21010 65.59510 65.90660 66.24130 66.79950 67.17660 79.44660 -9999 -9999 -9999 -9999 -9999 -9999 -9999 -9999 -9999 -9999 -9999 -9999 -9999 -9999 -9999 -9999 -9999 -9999 -9999 -9999 -9999 -9999 -9999 -9999 -9999 -9999 -9999
69.91160 68.08870 60.45030 69.75110 71.55440 72.37400 72.05290 72.05660 70.01340 70.91970 71.94690 72.15080 71.60990 71.84570 72.92880 73.90440 77.03940 77.40440 78.59590 85.46060 77.00940 76.73930 74.28420 72.89880 73.60730 73.45460 72.39780 70.64200 71.72250 70.98860 70.59840 70.45950 67.53920 67.70810 68.76870 68.66490 66.03010 66.23650 67.11590 67.34050 68.14460 68.37080 67.92080 67.67160 -9999 -9999 -9999 -9999 -9999 -9999 -9999 -9999 -9999 -9999 -9999 -9999 -9999 -9999 -9999 63.23110 64.75700 -9999 -9999 -9999 -9999 68.73780 71.64020 72.49520 70.68710 59.74250 62.01170
69.04690 69.56810 71.09550 69.63530 71.30680 71.43480 71.23570 71.02440 70.21760 71.02350 71.21210 71.64740 71.17330 71.65360 73.68630 73.41020 76.27170 76.41230 84.92460 78.07350 76.22080 75.68210 73.66150 72.75000 73.02270 71.98700 71.91940 71.87460 72.68400 71.76840 71.21820 70.53670 68.37510 68.37490 69.56800 68.86750 67.50650 67.02310 67.62120 67.64770 80.56480 80.72260 80.04500 67.48360 68.24430 68.20100 79.27410 66.44660 67.70880 67.94930 58.63640 60.16500 67.99660 67.01030 65.40980 56.15150 53.05760 53.45690 63.43570 63.65440 54.07260 -9999 -9999 -9999 -9999 -9999 71.68590 72.85260 71.50110 72.72710 73.11300
71.86430 59.76510 69.95520 71.35700 61.04570 68.49440 69.85210 70.45330 69.62740 69.88480 70.31190 71.28960 69.18900 70.49660 71.58870 72.27000 74.78710 75.26990 76.23080 75.27130 75.94470 75.32340 75.62870 74.51040 74.34920 74.53450 72.00360 72.08490 72.77840 73.09780 72.32870 71.29450 70.13160 70.33100 72.11110 72.72470 71.86400 72.21820 80.61320 82.71550 71.51940 81.37340 71.34930 70.52740 69.76520 69.80560 68.81380 68.86510 69.52510 70.71060 69.31090 69.18610 68.34670 70.04820 70.82420 68.89200 70.38020 69.62180 58.93080 57.62610 57.37220 59.70400 56.98820 66.53330 65.77390 68.55310 71.12970 73.87770 71.08000 70.91570 74.27840
70.58920 67.34590 67.50470 72.24290 71.98370 71.33380 71.32200 70.37410 67.73470 68.20450 68.51130 70.19020 67.42400 68.37190 70.37950 71.54950 73.65280 72.90540 74.95080 72.99560 76.19550 73.85060 73.63100 73.12490 73.56690 73.33610 71.94460 71.49310 73.89990 74.57650 73.26620 73.30650 72.42930 70.30500 72.88580 73.70610 82.91450 72.39430 70.65880 71.06770 71.50490 71.92240 71.74510 72.31080 72.61770 71.51840 69.50370 69.13560 68.32200 68.33980 69.80100 67.41770 67.94600 67.87220 69.10880 71.21020 72.50700 72.87680 71.82010 71.59970 61.00910 63.54790 60.61110 58.10690 57.20310 66.73580 68.89820 69.82130 70.75150 71.35470 70.43990
73.25760 72.17440 62.18910 55.53600 68.07680 67.14250 68.35020 68.26100 67.92600 67.87800 67.32790 67.70590 67.50220 69.05840 70.86210 71.67460 71.95790 71.62150 73.80440 75.38310 75.54400 75.27850 75.26980 74.51920 72.61110 73.09580 73.51780 74.28540 72.36240 71.76940 71.81040 82.31470 72.57320 72.15260 72.13380 71.98700 72.25990 71.22070 71.43850 72.25870 71.11200 70.69960 71.88240 72.45930 73.89730 72.14590 70.17500 69.52840 68.06440 68.48570 68.85380 68.76870 69.07930 68.53010 58.27020 57.59280 59.81470 69.61470 72.40390 76.15350 74.98690 74.20260 72.58620 66.38660 64.59030 64.19290 66.07370 66.72450 69.81850 70.80730 71.60450
72.89650 73.53630 72.25810 64.76290 59.63570 66.20510 68.95470 70.09730 69.67210 68.21190 70.07220 67.28330 58.14610 65.36510 66.91900 68.07300 68.37400 69.80100 72.19750 73.13060 75.55570 75.36450 75.15470 74.69040 72.49790 70.91090 72.73430 72.36450 71.27220 70.95900 71.02640 71.39180 70.61200 70.44180 70.70030 72.07440 71.95610 71.45480 71.26820 71.30440 71.71430 71.31930 70.01480 70.80110 74.31750 73.44840 71.49300 71.76330 68.67970 69.44540 70.45610 70.08660 69.66790 68.71400 70.55980 72.18290 71.99100 73.67130 74.06830 74.09620 73.72220 71.61760 65.66450 72.99460 75.06390 68.11200 75.26350 69.68980 71.27340 71.59910 75.71920
70.36240 63.92740 65.89330 67.19160 66.75540 59.69840 58.53580 57.27310 67.63720 67.52850 67.38760 69.41430 72.62640 70.45430 63.58590 68.07360 67.69100 67.05220 70.17220 70.07510 72.82840 73.43910 73.23570 72.34530 71.44970 72.17360 72.74720 72.56910 71.15300 71.53030 72.61630 72.00600 70.55340 69.69360 69.07070 69.95910 70.42540 71.60420 72.47600 71.31080 73.55160 74.17700 72.56960 72.82240 73.03940 72.71710 72.48610 70.05460 68.72750 68.82320 67.52470 67.91120 68.78310 69.48930 70.21790 70.41350 72.76880 74.32440 72.44430 73.25370 73.02500 73.25530 66.98610 74.48670 76.83600 74.31740 69.19460 69.75980 70.86040 75.41410 73.97510
78.23920 77.08440 78.29750 73.77550 73.58220 72.76930 66.04990 63.88610 68.06760 68.62540 65.39900 55.87760 67.92600 68.92420 73.71710 72.66820 74.03690 72.68090 61.95870 61.09390 71.44360 73.27840 73.31160 72.59880 71.78990 72.01130 71.89270 71.83290 71.92470 72.31130 71.73920 72.89500 70.91640 72.94050 70.92500 71.30290 73.08040 73.85540 65.16480 73.11230 73.17230 74.97390 74.21300 71.65380 73.02750 72.98670 72.06480 71.68860 70.75970 69.92500 68.64070 70.51360 71.00920 64.32750 71.72630 71.75110 68.27020 74.11730 75.25960 79.52170 75.76990 76.29640 75.77260 74.67870 76.64220 68.30000 74.56650 74.48100 76.74250 75.72140 73.24740
76.36480 79.51750 80.73110 80.15840 78.77160 74.65680 68.53420 65.59370 70.35840 68.41310 68.68420 69.26660 68.10450 58.34850 69.68280 61.95770 61.02890 71.30250 75.98150 67.56550 63.77210 69.70040 68.78850 71.24360 72.09590 72.13250 70.78560 71.41740 73.31890 72.63880 72.71190 73.24580 73.18190 71.95760 74.50090 72.02930 73.26880 72.37140 73.43810 73.14910 74.30420 75.80080 76.02950 73.02620 74.27440 74.52030 73.24300 73.11320 71.80800 72.02570 73.19070 73.04730 74.59870 77.58600 68.56810 70.26150 74.69770 76.49830 76.37180 76.87100 76.81270 75.93410 75.39410 67.65950 74.27160 75.46470 73.59400 73.85720 73.29820 74.67360 74.58540
79.16760 77.47360 77.27170 81.40220 79.81360 79.17200 78.47740 76.42620 75.03630 72.55270 68.61360 72.65240 72.20160 70.33200 76.55960 70.31040 71.83890 59.43620 71.81760 78.73780 74.19720 75.01600 72.49260 67.97420 70.70420 70.45650 70.02460 71.27460 73.00330 71.61260 72.40810 72.56240 72.39190 72.20490 70.78140 72.07170 73.51980 74.15450 74.98880 76.05290 75.97540 75.96490 76.52480 67.64770 62.83120 71.56420 73.27970 73.74560 75.39240 74.58710 73.85260 66.32850 74.84100 67.17370 75.32870 77.51650 76.76950 79.28910 74.61910 76.13690 75.76420 75.70020 77.50150 78.17730 75.51820 75.42900 74.28730 72.93820 71.89030 72.10820 73.37570
79.87330 78.97640 78.01980 72.15890 77.57330 78.61370 78.45660 78.01190 74.67320 73.54070 72.16690 71.34370 62.34990 68.93650 74.45760 75.81640 73.21870 74.75840 65.12460 71.37140 72.21140 73.35080 72.82690 72.29460 69.34120 68.34000 70.39270 71.21250 72.06170 71.15040 73.81440 73.64980 69.86220 70.04580 70.34360 69.75270 69.88480 71.14120 74.19350 76.13290 74.89020 70.22040 78.79590 69.06030 63.87180 71.11750 72.20570 72.44140 74.98340 73.04940 67.55050 73.00200 75.40780 77.56490 76.39700 75.84220 77.79960 75.46560 79.57090 79.76430 77.27730 72.96420 76.18770 76.32630 77.67200 79.03710 78.03860 73.89430 75.07900 73.33080 67.21830
82.54110 82.10240 77.66070 77.34850 79.78760 78.05670 79.99110 78.82660 74.49990 71.43390 70.51790 72.30060 70.74040 69.64640 72.69250 74.11140 75.90280 75.13880 75.79980 74.62160 73.50260 70.85620 70.62890 70.67970 70.54560 72.98970 70.70250 69.95360 72.97090 72.42990 74.00770 74.35370 69.57630 70.04190 69.55960 72.35460 73.78480 74.38740 73.13720 79.69860 72.80260 76.28350 77.25930 77.89030 76.98040 72.90770 63.08040 63.40340 64.45730 65.29420 73.67330 72.64200 71.62660 70.08780 70.38030 72.93720 76.91300 77.01500 78.47050 80.92400 78.13860 77.90470 77.73310 77.84630 78.05020 78.75680 78.32110 76.26990 67.00530 68.96860 70.13670
79.57990 81.79830 78.96850 74.21580 76.19350 79.14860 78.19320 77.59570 74.44030 73.91980 72.17140 71.55250 71.07500 70.31720 74.13330 74.03130 74.26730 72.15570 74.84990 73.53300 76.22820 72.54120 76.13070 71.47440 74.26230 75.02810 73.85590 72.72250 71.94980 72.73390 71.17130 70.44380 71.61470 74.11740 72.08340 71.82300 76.30240 78.08500 69.69570 75.92740 77.17500 76.78660 72.78310 71.45560 71.16500 69.73000 74.80520 69.16790 66.68360 76.47110 68.05630 77.02000 76.63610 77.53510 78.17830 77.18360 75.76580 77.12870 78.25210 89.17930 78.30840 76.49220 77.34430 78.60630 76.00830 67.09590 77.01220 67.95820 71.35810 72.53040 72.19000
81.71420 79.00750 78.45370 78.40810 78.46660 76.66890 70.79940 76.59130 77.21350 74.57270 69.80250 72.62250 72.43040 73.55670 75.27540 74.96410 74.26680 76.34830 74.29410 73.86020 79.67590 75.38700 74.61710 72.78800 72.30940 75.23510 77.33400 74.36960 72.09060 71.65280 74.20060 72.99200 73.07050 74.83410 74.05210 72.18960 76.60970 75.97830 77.79580 72.61870 72.11250 72.16750 71.53840 78.65890 78.53530 78.61710 78.41870 78.96190 76.76610 78.48980 77.72760 77.95580 77.32150 74.45110 76.50880 76.61750 78.24360 77.39300 76.82310 86.09850 77.34910 78.10510 75.25270 68.52430 71.04430 70.36350 71.67870 71.34360 73.01190 72.60910 71.94740
82.37150 79.38040 79.83540 78.16390 78.76890 77.37520 74.98030 72.14530 70.51030 78.38900 72.53440 74.63190 75.32320 76.38590 75.53980 76.97530 76.44400 67.94850 75.66820 77.82730 76.04930 75.86230 75.22780 71.76110 75.07990 73.98400 77.31160 75.44600 70.98220 73.55400 73.74650 75.55680 72.72480 73.02090 73.68630 65.67220 73.96230 77.49970 77.59940 80.41660 76.11350 72.16460 76.15780 77.63090 90.66650 86.80010 71.54940 61.57030 60.81770 70.06930 71.92290 72.28700 63.13780 73.75320 76.74350 75.99900 77.30360 76.71420 84.34320 77.64570 76.29420 74.41240 69.01860 71.55500 73.77650 73.67920 73.10630 73.24540 72.42870 72.70210 72.70080
80.54150 79.21130 79.08670 80.90190 82.37990 82.16300 77.41520 72.06260 77.50210 78.28710 77.17040 75.49520 75.41070 71.60580 77.06390 80.17690 80.09610 77.20260 78.01320 79.33330 68.55730 76.73600 79.63930 77.85340 75.86020 67.44690 78.63460 76.98010 73.33360 75.83690 75.41780 72.75840 74.46320 74.58940 67.84470 73.52980 76.16290 78.69630 80.53250 81.51730 80.75300 80.54120 81.72610 79.38860 77.69130 75.09370 63.64870 63.17040 73.91390 73.29700 -9999 -9999 64.46420 73.06160 75.84360 78.08350 88.87550 76.29500 67.90700 68.86070 70.37670 72.02460 72.87980 71.93470 73.64370 73.00360 73.00880 74.06030 74.07980 74.25890 77.25650
82.88150 82.10930 80.99440 83.50850 80.24380 84.37010 82.12790 84.18040 79.71370 82.86510 77.93400 80.55120 79.33500 76.84800 81.81520 82.92140 77.46060 75.28920 69.18740 75.48540 70.76630 77.92140 76.10620 80.73700 71.56230 73.57620 76.20760 74.08920 66.95490 76.73820 76.36850 72.44690 74.89980 76.42450 75.56580 78.86010 78.65630 77.25130 75.17880 -9999 -9999 -9999 -9999 77.38450 -9999 67.74760 76.05530 76.57310 77.48140 74.28700 -9999 -9999 66.04490 86.24780 84.50110 73.84400 68.56690 69.48520 69.00720 70.33740 70.82820 71.89590 72.49940 72.85120 73.90720 77.15200 74.08770 74.49060 73.77250 73.75930 73.96550
78.04970 81.45080 81.56590 83.08880 84.55300 83.39560 84.50860 79.72160 79.82630 81.90350 81.76490 81.50960 83.38450 83.90920 84.04120 80.94630 75.66170 77.70380 76.95420 78.99520 80.34680 79.65170 79.09270 76.77610 71.78670 78.02200 69.34790 75.78420 76.22320 75.20200 76.56450 77.35510 78.49630 79.37910 80.94290 80.34410 76.98250 -9999 -9999 -9999 -9999 -9999 -9999 -9999 79.34320 77.69950 79.43880 -9999 -9999 -9999 -9999 -9999 88.34650 77.03610 70.63920 74.83900 76.73540 76.45340 71.12010 71.55070 70.79600 71.33090 71.74240 76.70250 78.37110 72.95540 74.76140 74.86420 74.43710 73.52790 -9999
