data/hydroclimate-scenarios/BCSD_hadcm_B1/monthly_summaries/soilm3_monthly_day1_jun.2030-2059.asc
ncols	311
nrows	91
xllcenter	102.75
yllcenter	31.75
cellsize	0.5
NODATA_value	-9999
[rows 32 to 63 of 91, columns 0 to 70 of 311]
-9999 -9999 -9999 -9999 -9999 -9999 -9999 -9999 -9999 -9999 -9999 29.30140 30.14130 31.21340 32.33300 31.97760 33.95680 32.89920 34.06490 34.50210 36.40600 33.76550 30.08770 29.48610 27.67500 27.05130 26.60150 24.24500 22.73220 20.30050 20.23720 19.87980 19.70620 19.58210 20.66100 21.36990 22.87940 23.95570 25.48280 26.02960 26.39560 26.52490 26.70830 27.11750 26.97960 26.82650 27.28700 26.46630 26.60100 25.99500 25.77720 26.70800 26.48380 26.54440 25.76280 25.32770 25.11230 24.90210 25.20150 25.24120 25.14120 25.20890 25.01380 24.10360 23.59980 25.53100 26.68530 28.91860 31.89930 33.28210 32.03630
-9999 -9999 -9999 -9999 -9999 -9999 -9999 -9999 -9999 -9999 -9999 30.73990 31.71230 31.48890 32.78560 31.49150 32.15240 32.18960 32.36950 32.77760 32.91830 31.36300 29.13320 28.67290 28.76930 29.44630 29.39870 26.27530 24.56090 23.04770 21.50210 20.89470 22.73240 24.18600 24.91500 24.74210 24.77870 25.20680 25.51550 26.92250 26.80750 28.64090 27.87230 27.93570 28.96780 29.12560 29.60390 27.11640 26.98300 26.36260 26.07110 26.72770 26.39870 26.22370 25.68840 25.40260 25.40320 25.41500 25.26210 25.24670 25.22430 24.19980 23.86210 25.44940 24.76310 26.35900 27.09900 27.81850 29.78430 32.49680 31.30750
-9999 -9999 -9999 -9999 -9999 -9999 -9999 -9999 -9999 -9999 -9999 -9999 27.67500 27.54120 27.96620 28.45590 29.36570 29.51280 29.42990 28.89140 29.35930 29.48210 31.70150 32.28010 32.20280 36.05790 32.86570 30.95960 26.08700 24.49850 24.09800 23.94830 24.60950 24.57800 24.38180 24.34730 24.15710 25.25110 25.74900 25.91320 26.98520 28.10260 29.22080 28.14140 28.88080 29.36400 28.50650 26.61340 26.53710 26.21750 25.58020 25.66790 25.58770 25.02080 24.81240 25.28660 25.22040 25.05750 24.19000 24.04430 23.81090 23.98440 24.19370 25.95060 26.18990 26.08470 27.29610 30.38620 34.78460 36.87240 33.13870
-9999 -9999 -9999 -9999 -9999 -9999 -9999 -9999 -9999 -9999 -9999 -9999 25.94920 26.08720 27.06650 26.98590 26.36960 26.79090 27.20920 27.77830 28.74780 34.91100 34.85750 34.23670 34.24940 30.64090 27.40920 29.31370 25.86250 25.26410 24.81560 25.20500 24.06150 23.35060 23.28920 23.25300 23.51550 24.32350 24.67220 25.00190 25.76120 27.93700 28.28160 28.97510 28.28380 28.17730 27.62810 26.09490 25.60190 26.23600 25.90710 24.64120 24.74170 24.75950 24.63290 24.85060 22.69850 23.99720 24.61290 24.22150 24.00370 25.10080 25.95310 28.36040 27.67500 26.06270 28.04730 29.72470 32.54450 35.93600 39.32670
-9999 -9999 -9999 -9999 -9999 -9999 -9999 -9999 -9999 -9999 -9999 -9999 25.73220 24.82010 24.77480 24.94630 25.32440 25.92870 27.44860 30.60880 33.05010 35.00940 33.48620 32.58980 30.53650 29.51500 27.51250 25.21110 25.43660 24.03330 23.40530 23.18690 23.17180 23.38810 23.15360 23.22430 23.19050 23.70700 23.78600 24.33870 26.57230 30.18400 29.19200 29.42480 29.10470 30.62280 30.78900 29.17380 27.41100 25.20680 24.68960 24.59310 23.82410 23.94150 23.70830 24.11080 23.84180 24.11350 24.28880 24.75130 24.56040 26.12000 25.83390 26.38890 27.36760 27.71900 29.22030 29.87080 35.91020 37.99210 39.79020
-9999 -9999 -9999 26.79150 26.53160 26.31650 25.93840 26.19190 26.64760 -9999 26.64370 25.21290 24.32930 23.91620 24.01730 24.34650 24.70930 24.55190 27.49530 29.57710 30.52890 30.33380 29.19180 28.93090 28.58420 26.98690 25.37590 25.51850 25.03920 25.20900 23.63350 22.87020 23.05440 23.98800 23.39730 22.79860 23.69600 24.17690 24.22790 24.20780 24.80290 27.53490 27.15710 28.08680 30.43980 33.29110 36.68650 26.88830 26.44630 26.15700 25.68570 25.58350 25.63260 26.96410 25.47200 27.38170 27.81890 24.67330 26.25710 24.69640 24.81840 25.81930 25.79930 29.39770 27.88780 28.27380 31.22930 34.73630 37.87430 40.90050 43.95590
-9999 -9999 -9999 25.76810 25.82160 25.89090 26.48650 25.14470 25.18210 26.07010 25.24540 23.72360 23.97900 23.91020 24.83040 25.77050 26.56630 25.66890 25.76230 26.33980 25.98440 27.80600 25.76910 24.91990 25.85200 25.05850 24.97940 24.43950 24.62370 25.36160 23.47630 23.72970 23.48220 23.69640 23.74420 24.10960 23.85360 25.58440 24.49530 26.94650 27.37300 26.87740 27.35110 30.24550 32.05830 32.86830 32.31890 26.15400 28.13940 27.33530 26.97260 26.50030 27.32110 27.00480 24.76740 26.75130 25.15630 25.02310 26.38840 29.98100 29.02890 30.31190 31.30170 32.12140 34.19650 29.64930 31.94960 32.21570 36.65150 41.33180 47.44700
-9999 -9999 -9999 24.01880 24.45350 24.88880 26.14640 24.79780 24.21980 24.09450 24.33960 23.59960 24.05060 24.90790 26.01970 25.04810 27.14360 25.96050 24.73000 24.89150 25.45850 26.45410 25.07380 26.14660 26.47890 25.21190 24.79900 24.65960 24.27400 25.52940 26.51320 25.21090 24.29140 23.62720 24.27250 24.00470 23.80920 24.01820 24.02640 24.93260 25.57890 26.63760 27.43220 28.55980 28.04700 29.41540 30.07160 27.70610 27.17100 28.18130 28.92600 25.84830 25.94720 25.14700 24.59870 25.41190 25.02600 24.96210 26.09280 30.09250 28.60930 28.94170 28.88550 32.45430 33.23610 35.12980 35.95590 37.80800 48.81030 49.92040 54.20070
-9999 -9999 -9999 23.88670 23.60380 24.61510 25.13410 24.59430 24.34830 24.35590 24.02550 23.07020 24.18630 25.40230 25.39800 25.16410 25.27330 23.30000 22.78620 22.40680 25.54830 27.00330 27.01990 23.73370 23.11100 24.98430 24.10180 23.40750 24.53740 26.22440 25.70330 23.09760 24.30140 25.02020 25.25180 25.29110 23.56030 22.98640 23.83930 23.87010 24.12910 27.14970 30.85720 30.97380 26.54010 30.56250 33.05370 26.03780 27.73490 26.57870 28.10540 26.11080 25.90300 26.33770 25.54700 25.42030 25.13800 25.95930 26.72460 32.75570 36.56770 33.06230 32.62490 35.11470 39.15300 41.64280 46.50160 46.38340 57.00560 54.44610 52.40220
-9999 -9999 -9999 23.01050 23.14940 24.23140 24.32290 23.88260 24.44170 24.03140 23.42900 23.63200 24.39340 25.61910 22.76810 21.95100 23.20520 24.64240 24.85260 23.59220 24.82650 22.16940 22.14150 24.51610 24.00720 23.65570 22.84570 22.77740 23.78670 24.86840 24.73170 23.87780 24.17080 23.61460 23.13740 23.46810 23.52470 22.88980 22.88500 23.32840 24.33610 25.85940 26.70400 27.31300 26.67110 26.79940 27.09030 25.19690 25.47590 25.98990 26.04360 24.04070 24.94290 26.21790 24.02900 27.25550 24.69360 24.34200 25.12730 34.80250 34.02150 33.57360 33.27580 41.65960 44.56780 41.05280 45.50130 57.12980 60.48470 50.14330 45.43280
-9999 -9999 -9999 -9999 23.04070 23.53300 23.39240 23.51840 23.58320 23.34780 22.96540 23.03520 25.17660 24.57540 -9999 -9999 -9999 -9999 -9999 23.56110 21.00920 20.05780 20.55010 24.73240 22.64640 22.49190 22.01130 22.28960 22.90730 22.76060 22.91580 23.10330 23.19080 22.71160 22.95040 22.90260 23.21570 22.57680 22.54440 23.00410 23.08520 23.51850 23.43270 23.67310 23.72950 23.82490 24.63560 25.42660 24.47000 21.04430 24.48040 24.54360 23.74540 25.43930 25.73940 27.53510 28.60090 28.08770 28.09130 27.80050 29.77720 32.00430 31.77770 33.13670 34.31930 34.34060 34.83200 32.60070 30.68180 -9999 -9999
-9999 -9999 22.60160 22.96200 23.12150 23.13440 23.22560 23.64840 23.18970 23.12210 22.92170 22.95610 25.14300 -9999 -9999 -9999 -9999 -9999 24.18860 20.32470 21.03280 22.82050 22.77000 23.09710 20.34970 18.65730 18.94040 22.53530 22.55740 22.44940 22.62890 22.58830 22.87970 22.85020 22.52430 23.04130 23.10140 22.79580 22.55610 22.54590 22.58440 22.56760 22.70600 22.60060 22.52610 22.57720 22.80710 22.87170 22.43370 18.50090 18.57960 18.69310 18.95930 18.90160 22.06880 23.97130 24.90100 27.04190 26.89420 25.48590 26.62030 27.72460 27.39520 28.45300 28.38620 28.03360 25.92330 -9999 -9999 -9999 -9999
-9999 -9999 22.95850 22.95700 22.89760 22.90500 22.99750 23.15590 23.04010 22.95420 22.89620 23.10310 23.65690 -9999 -9999 -9999 -9999 23.39400 24.41510 23.08560 23.41060 22.69180 21.59310 18.28330 19.22230 22.50550 22.51060 22.42410 22.31910 22.40710 22.42060 22.36500 22.44480 22.43740 22.86600 22.55620 22.55340 22.45360 22.55540 22.63710 22.47420 22.58350 22.72570 22.46640 22.73210 22.77380 22.75130 22.90940 22.59910 22.67110 19.89640 18.37700 18.37130 18.41750 18.44320 21.16610 22.77950 22.92770 23.63550 22.66930 21.35560 25.55310 24.01980 23.93170 24.37200 -9999 -9999 -9999 -9999 -9999 30.55310
-9999 -9999 22.62200 23.11490 22.95980 22.93870 23.18190 23.18510 22.92090 22.94030 23.17470 23.61280 22.52200 -9999 -9999 -9999 -9999 24.36980 23.24400 23.13920 21.97760 20.12480 19.60490 22.50220 22.50260 22.50260 22.40940 22.31320 22.31430 22.41190 22.42290 22.52620 22.44700 22.47740 22.44650 22.45530 22.35830 22.38140 22.46090 22.47040 22.48990 22.47010 22.47700 22.38730 22.27430 21.73030 21.81570 22.55950 22.87360 22.89140 21.87480 21.69560 20.60660 21.33520 20.92000 20.49760 21.72550 22.16450 23.42880 23.76620 19.03270 21.63570 23.16900 24.96180 28.28310 28.81640 21.85350 25.11470 22.94430 -9999 -9999
-9999 -9999 -9999 23.39370 22.94450 21.91230 22.04950 22.58840 22.70600 23.92150 25.67420 22.58280 -9999 -9999 -9999 -9999 23.33710 23.32010 22.65620 22.58310 22.62770 22.50200 22.80340 22.60190 22.50310 22.40620 22.41080 22.51790 22.41830 22.45220 22.45140 22.41540 22.41440 22.73590 23.07410 23.16080 22.72270 22.61050 22.41380 22.40960 22.41330 22.41230 22.43720 22.16720 21.67640 21.62860 20.58870 19.94210 20.55960 22.14040 21.38940 18.44610 18.42910 18.62800 19.07870 19.16040 19.27770 24.25080 24.91870 23.61600 23.51450 23.80600 26.07010 35.32860 43.26620 30.24900 22.05950 21.74970 21.21400 23.19000 -9999
-9999 -9999 -9999 -9999 22.55660 21.07350 22.44560 22.58660 22.73220 22.61030 22.50810 -9999 -9999 -9999 -9999 23.11250 23.11770 22.75670 22.26610 22.85860 22.91940 23.10610 23.30410 22.70710 22.30570 22.70480 23.21150 22.71130 23.22470 22.82120 22.83810 23.01270 23.11410 23.12430 23.05080 22.61210 22.40980 22.30630 22.40810 22.40610 22.41220 22.40840 22.40770 22.40860 22.30570 22.94770 23.34570 21.56840 20.98280 20.33360 22.83260 18.38340 18.42450 19.44490 18.81420 18.47990 18.50180 19.62310 20.08690 23.17890 24.47890 26.26690 26.30690 26.79180 30.50090 27.85790 20.44230 19.59510 21.05910 21.43650 22.00690
-9999 -9999 -9999 -9999 -9999 -9999 22.60250 22.61020 22.71980 22.70560 23.12140 -9999 -9999 -9999 -9999 -9999 23.05340 23.05770 22.61840 23.25600 23.22230 22.90110 22.60480 22.50670 23.01420 23.20480 21.30110 19.42370 19.42250 20.06410 22.40930 23.21160 22.90380 23.12780 23.02770 23.21490 22.60780 22.32100 22.40820 22.40690 22.41060 22.42610 22.43770 22.42000 22.44440 22.72990 23.32860 22.94050 21.57650 18.28380 18.49110 18.55410 22.49220 22.89420 21.37030 23.59470 18.60590 18.96740 19.45970 22.77970 24.69690 25.04400 25.91660 28.21300 33.12090 28.86030 21.22870 18.88620 19.17660 22.41250 25.28360
-9999 -9999 -9999 -9999 -9999 -9999 -9999 -9999 -9999 -9999 -9999 -9999 -9999 -9999 -9999 -9999 -9999 -9999 -9999 23.23390 22.50960 21.30040 22.80360 22.90620 21.90300 21.80160 20.82990 20.81900 21.42160 22.90220 23.30420 22.80310 22.50340 22.60840 23.01550 22.90960 22.40250 22.40470 22.40630 22.40740 22.31370 22.31460 22.41230 22.40870 22.31150 22.90650 23.00670 22.94270 22.06560 22.94090 23.24230 21.01330 18.88390 18.48780 18.36140 18.39440 22.78560 22.10800 23.45750 23.64150 22.90090 21.18880 25.59010 28.68570 31.45000 23.01400 19.13150 18.61030 18.72460 20.86830 25.64330
-9999 -9999 -9999 -9999 -9999 -9999 -9999 -9999 -9999 -9999 -9999 -9999 -9999 -9999 -9999 -9999 -9999 -9999 22.92790 21.60450 21.70160 23.20230 23.20190 23.20250 22.10050 21.40020 21.10630 21.50700 23.10040 23.20280 23.20340 23.20370 23.20620 23.20440 22.80160 22.30990 22.30180 22.40110 22.30400 22.40630 22.31010 22.30690 22.30870 22.41730 22.81690 23.05610 23.00600 23.10140 22.91140 22.34010 22.46610 22.55740 22.68190 22.97020 18.68670 18.38870 21.64520 22.53770 20.35000 22.22760 19.09280 18.98860 22.28760 23.82550 22.61670 21.36950 22.37700 18.70850 18.85000 19.13790 21.95110
-9999 -9999 -9999 -9999 -9999 -9999 -9999 -9999 -9999 -9999 -9999 -9999 -9999 -9999 -9999 -9999 -9999 23.12550 22.11660 23.10420 23.20290 23.10170 22.60050 22.10030 22.20010 22.50010 21.10940 21.20510 22.10830 22.01060 22.31310 21.61000 21.70130 21.91810 21.50630 21.90960 22.32210 22.40290 22.40160 22.30440 22.91130 22.93240 23.10490 23.03660 23.10350 23.10770 22.95110 23.02570 23.34860 22.36000 21.38360 18.78200 22.63180 23.31700 22.84940 23.14940 22.74430 22.95580 23.24590 23.18940 20.97780 19.15100 23.90630 24.33290 24.30730 23.52290 22.46700 22.60490 21.00890 21.01960 25.03390
-9999 -9999 -9999 -9999 -9999 -9999 -9999 -9999 -9999 -9999 -9999 -9999 -9999 -9999 -9999 -9999 -9999 22.50860 23.10830 23.22190 22.80250 21.60960 22.20900 22.50000 23.30000 24.60010 23.70010 23.90010 22.40000 22.20850 20.70630 20.60580 21.10830 21.90670 21.10580 20.80530 21.40850 22.30140 22.30830 22.30590 23.20230 23.20120 23.12220 23.10170 23.04860 22.93920 23.02870 23.10100 23.30080 23.24160 20.04410 18.53840 18.58420 19.06210 21.70340 23.25880 23.32300 22.90640 22.33390 21.45900 23.15350 23.81080 24.07860 25.12080 27.74400 24.72220 23.43360 23.00230 21.88210 23.67070 23.91870
-9999 -9999 -9999 -9999 -9999 -9999 -9999 -9999 -9999 -9999 -9999 -9999 -9999 -9999 -9999 -9999 22.51250 22.50900 23.12290 22.50340 21.50580 23.10000 23.90000 24.30000 24.60000 24.30020 24.30010 24.70000 24.10000 23.00000 22.80000 23.20000 23.31090 20.90360 20.50330 20.60590 21.80940 22.31690 22.30370 22.40260 23.30070 23.20030 22.92450 23.02310 23.10050 22.91710 23.01830 23.10140 23.10100 23.62820 21.15840 19.25300 18.90710 19.45110 21.61110 23.25150 23.24210 22.77730 18.32610 22.86590 23.15590 23.33940 24.23920 27.58990 25.33030 20.26730 19.47080 19.48210 21.68470 23.59620 24.17490
-9999 -9999 -9999 -9999 -9999 -9999 -9999 -9999 -9999 -9999 -9999 -9999 -9999 23.21920 23.12560 22.70480 22.70800 22.61920 22.12240 21.90430 23.40000 24.40000 24.40000 23.90000 24.40000 24.70000 24.70000 24.70000 24.70000 24.70000 23.00490 22.52010 23.90000 23.30000 21.50500 20.40220 21.60650 22.00940 22.30020 23.20020 23.10010 23.04050 23.03360 23.10000 22.63700 22.22090 22.73250 22.23000 22.23160 22.99170 23.16320 23.37090 23.46100 23.45450 22.70700 18.68610 21.39910 22.73150 20.42330 21.29510 23.31780 22.44660 24.44610 21.58160 21.68200 23.50070 21.93610 21.73620 19.49540 24.24430 25.95290
-9999 -9999 -9999 -9999 -9999 -9999 -9999 -9999 -9999 -9999 -9999 -9999 23.10810 23.10910 22.32000 22.41290 22.91480 23.30040 23.80030 23.60000 22.90000 21.80000 21.90000 22.80000 24.00000 23.60000 23.70000 24.20000 22.30070 23.00270 21.40020 22.90160 23.10310 23.80640 22.50710 20.50240 22.20000 22.30000 22.70010 23.10000 23.10010 23.10000 22.93130 22.52650 21.90750 22.21020 22.92040 22.22200 21.92620 21.63910 23.36450 23.21110 23.72120 23.31350 23.51600 23.17680 23.07740 18.67610 20.45170 19.86340 22.50000 20.50860 19.39870 21.27040 21.86410 25.85510 26.22060 19.41730 20.83260 25.37160 28.61820
-9999 -9999 -9999 -9999 -9999 -9999 -9999 -9999 -9999 -9999 -9999 22.69400 23.31090 22.53960 23.40120 23.80000 23.50000 22.30000 21.50000 21.60010 21.30000 21.40000 21.30000 21.10000 21.10000 21.10000 20.90400 23.00420 22.80160 22.60540 21.50050 23.00000 24.20000 23.80000 22.70000 21.80500 22.30000 22.40000 22.80000 23.10000 23.10000 22.72630 22.21300 21.90490 21.70340 21.80930 21.71130 21.81910 21.93830 22.15030 22.45290 23.14900 23.14480 23.21390 23.16090 23.16250 23.14340 23.08290 18.34720 18.66770 19.19550 22.08960 20.94980 22.83200 25.77110 24.64010 24.71860 19.24130 24.35260 26.92980 31.98520
-9999 -9999 -9999 -9999 -9999 -9999 -9999 -9999 -9999 -9999 23.62070 22.51130 23.70110 23.30280 22.90020 21.90000 21.40000 21.10000 21.10000 21.10000 21.10000 21.10000 21.10000 21.10000 21.10000 21.10000 21.10000 21.40470 20.70140 21.10000 21.10000 23.70000 23.40000 20.30650 20.20150 21.60500 22.30000 22.40000 23.00010 23.10000 22.72070 21.80640 21.50130 21.20070 20.50100 21.30760 21.81000 21.51050 21.93570 21.95160 22.16750 22.95500 23.15560 23.04420 23.13970 23.13420 21.85050 19.52950 19.06660 22.93130 23.05040 22.36880 21.91070 24.25220 25.19460 24.25140 25.73010 23.91650 25.20580 29.27740 36.52990
-9999 -9999 -9999 -9999 -9999 -9999 -9999 -9999 -9999 22.00000 21.20000 21.10000 22.20000 21.40010 21.70000 21.10000 21.10000 21.10000 21.10000 21.10000 21.30000 21.10000 21.80000 21.80000 21.30000 21.10000 21.10000 21.70000 21.10000 21.70000 21.90000 21.50000 24.50000 24.70000 20.60360 22.11390 22.30020 22.80010 23.00000 22.42810 20.30320 21.10090 21.10220 20.57990 19.50080 20.03330 21.30280 21.94070 21.55790 21.79350 21.91440 22.87200 23.24310 23.57220 23.55120 22.75590 22.66690 22.89330 22.93670 23.12920 23.04560 22.68330 22.11470 24.33080 24.50690 24.86110 25.27290 26.39660 30.28840 35.05430 36.51460
-9999 -9999 -9999 -9999 -9999 -9999 -9999 -9999 -9999 -9999 22.40000 21.40000 21.40000 21.10000 21.10000 21.10000 21.10000 21.10000 21.10000 21.50000 22.00000 21.30000 21.70000 -9999 -9999 -9999 -9999 -9999 -9999 23.90000 25.40000 24.50000 24.00000 24.30000 22.70000 22.21020 22.21750 23.00000 23.10000 22.92840 20.80500 21.40570 22.18900 20.03560 19.56760 19.83380 20.44310 21.73460 22.08190 22.09970 22.55260 23.13900 23.19770 23.29160 23.11770 22.74350 22.66290 22.73460 22.58340 23.08480 22.80090 22.33920 23.68060 19.69430 24.18070 24.95610 26.18180 28.02580 38.31620 39.33590 42.95750
-9999 -9999 -9999 -9999 -9999 -9999 -9999 -9999 -9999 -9999 -9999 -9999 21.70000 21.10000 21.10000 21.10000 21.10000 21.10000 21.40000 -9999 -9999 -9999 -9999 -9999 -9999 -9999 -9999 -9999 -9999 -9999 -9999 -9999 -9999 24.80000 22.90450 21.90580 20.60370 21.70510 23.40000 25.10000 21.91380 20.70380 21.81030 21.00380 19.90460 19.67550 19.95250 20.81440 21.62780 21.54000 21.65970 22.90160 22.92330 23.25280 22.76050 22.61670 22.78030 22.97790 23.00770 22.97700 22.18230 21.59410 23.04450 23.86210 24.47320 25.08670 26.96220 28.83410 34.02070 32.82510 35.09790
-9999 -9999 -9999 -9999 -9999 -9999 -9999 -9999 -9999 -9999 -9999 -9999 -9999 -9999 -9999 -9999 -9999 -9999 -9999 -9999 -9999 -9999 -9999 -9999 -9999 -9999 -9999 -9999 -9999 -9999 -9999 -9999 -9999 -9999 22.30580 20.50270 20.70230 20.30180 22.90000 21.40740 22.10740 21.40220 20.98000 21.92750 20.13960 20.45190 21.20880 21.61190 22.14980 21.96080 22.30960 23.09940 22.43670 22.96010 23.27820 23.03760 22.93850 22.91210 23.03670 22.98040 21.26600 23.45230 23.61390 23.88320 24.22960 24.90700 27.36350 30.16040 35.13410 33.45470 31.97980
-9999 -9999 -9999 -9999 -9999 -9999 -9999 -9999 -9999 -9999 -9999 -9999 -9999 -9999 -9999 -9999 -9999 -9999 -9999 -9999 -9999 -9999 -9999 -9999 -9999 -9999 -9999 -9999 -9999 -9999 -9999 -9999 -9999 -9999 21.90970 20.30460 20.40550 23.02380 25.10000 19.80190 20.00110 20.07900 19.86820 20.00330 22.31810 21.30750 21.21210 21.61650 21.83900 21.96290 22.21710 21.77800 23.05020 23.19220 23.40580 23.12420 22.83170 22.92070 23.02380 23.22980 21.09530 19.69910 21.72280 23.85940 24.43780 26.61460 27.73290 31.75550 37.61430 35.33520 -9999
-9999 -9999 -9999 -9999 -9999 -9999 -9999 -9999 -9999 -9999 -9999 -9999 -9999 -9999 -9999 -9999 -9999 -9999 -9999 -9999 -9999 -9999 -9999 -9999 -9999 -9999 -9999 -9999 -9999 -9999 -9999 -9999 -9999 -9999 -9999 -9999 -9999 -9999 21.10610 19.80200 19.40090 19.30150 19.83350 19.94320 20.70240 21.81260 22.33290 21.72060 21.84220 22.15770 21.73570 22.32460 22.28570 23.07190 23.10650 22.88080 23.10140 23.10370 23.33230 20.94270 19.24960 23.31530 23.91660 24.21060 26.42610 27.30980 29.04830 30.48280 29.57490 -9999 -9999
