data/hydroclimate-scenarios/BCSD_hadcm_B1/monthly_summaries/soilm3_monthly_day1_dec.2030-2059.asc
ncols	311
nrows	91
xllcenter	102.75
yllcenter	31.75
cellsize	0.5
NODATA_value	-9999
[rows 32 to 63 of 91, columns 0 to 70 of 311]
-9999 -9999 -9999 -9999 -9999 -9999 -9999 -9999 -9999 -9999 -9999 23.45970 23.46600 23.50620 23.46140 23.45050 23.44940 23.49050 20.65680 21.01130 23.13020 23.59690 23.62370 23.60430 23.53570 23.25390 23.04720 21.93910 20.89170 18.70560 18.60750 18.55150 18.56360 18.57760 19.50380 20.81950 22.25300 23.13650 24.36560 24.40510 24.38660 24.36730 24.40390 24.35370 24.33170 24.38070 24.35810 24.30720 24.29180 24.29960 24.28020 24.33060 24.31050 24.49540 24.29310 24.31000 24.25630 24.15750 24.46480 24.31250 24.32140 24.34010 24.02790 22.71250 22.28080 23.88480 23.84810 23.90510 24.09170 23.27630 23.29720
-9999 -9999 -9999 -9999 -9999 -9999 -9999 -9999 -9999 -9999 -9999 23.51490 23.51900 23.46830 23.48030 23.46270 23.46750 23.54590 23.58780 23.64560 23.65940 23.67370 23.79660 23.64370 23.43010 22.97570 23.03770 23.00190 22.92600 22.41510 20.69220 19.89400 21.94620 23.70840 24.40150 24.32460 24.43850 24.42140 24.48320 23.87520 24.43860 24.63700 24.46230 24.44290 24.46350 24.47600 24.44930 24.38410 24.35160 24.31950 24.30070 24.34310 24.31740 24.41490 24.29290 24.37540 24.37670 24.37080 24.38460 24.36320 24.35750 23.16020 23.07690 24.35400 23.45280 24.01270 24.21630 23.24230 23.22870 23.29220 23.29670
-9999 -9999 -9999 -9999 -9999 -9999 -9999 -9999 -9999 -9999 -9999 -9999 23.16740 23.06910 23.06410 23.13840 23.54350 23.67650 23.69930 23.73550 23.79900 23.15430 23.27050 23.12690 23.17580 23.12010 23.07610 23.06730 22.96900 22.95260 23.12540 23.75350 24.43190 24.40760 24.21430 24.13920 23.58480 24.46320 24.63270 23.50540 23.72640 23.75090 24.27030 24.42620 24.44430 24.58810 24.55470 24.44680 24.41320 24.37940 24.33310 24.33260 24.31630 24.29590 24.27540 24.31010 24.32100 24.04530 23.26410 23.41380 23.26420 23.12570 23.12500 23.45800 23.67240 23.30210 23.98440 23.37010 23.36730 23.50420 23.35700
-9999 -9999 -9999 -9999 -9999 -9999 -9999 -9999 -9999 -9999 -9999 -9999 22.96790 23.05620 23.26750 23.42710 23.35210 23.80000 23.66650 23.15800 23.24850 23.17830 23.11810 23.07320 23.04620 23.02260 22.96190 23.01820 22.96460 22.93090 22.90530 24.22990 24.09010 23.28610 23.28800 22.91510 22.89130 23.73520 23.94010 23.04370 23.22120 22.99940 23.47040 24.60440 24.43720 24.29980 24.41460 23.89500 23.70310 23.70140 23.55120 23.60560 23.87800 24.29710 24.29200 24.15090 22.20210 23.25240 23.93450 23.42930 23.05840 23.13340 24.02670 24.46520 23.94690 23.48310 23.35550 23.39510 23.48200 23.59400 23.66300
-9999 -9999 -9999 -9999 -9999 -9999 -9999 -9999 -9999 -9999 -9999 -9999 23.34040 23.14580 23.53580 23.21550 23.32540 22.92300 22.99150 23.19130 23.13680 23.17110 23.12920 23.06590 23.05480 23.04760 23.03290 22.94140 22.96520 22.91040 22.79090 23.08770 22.89570 23.02190 23.01280 23.03210 22.98510 23.02580 23.02010 23.05970 23.14080 23.11920 23.31870 23.94130 23.60210 23.70640 23.58120 23.33510 23.29110 23.17750 23.10220 23.07380 22.99980 23.23640 23.16850 23.01980 22.89460 23.06600 22.97260 23.12590 22.94260 23.05360 23.05800 23.52650 23.98230 23.64840 23.46070 23.55000 23.68200 23.76440 23.86070
-9999 -9999 -9999 22.99930 23.01640 22.95780 22.94250 22.97820 22.96840 -9999 23.34840 23.56370 23.29530 22.84230 22.85460 22.96890 22.93890 22.81560 22.92080 23.09240 23.13850 23.14630 23.00940 22.89420 23.04320 23.07870 23.05210 23.03450 22.87960 22.68680 22.57890 22.69400 22.74260 22.93780 22.96150 22.39830 22.95360 23.00950 23.06340 23.07860 23.13230 23.22330 23.28830 23.49890 23.55080 23.56350 23.52660 23.27180 23.25120 23.24850 23.18800 23.13410 23.05490 23.09040 22.93360 22.95080 23.05700 22.90880 22.88410 22.87740 23.14510 22.91880 23.01380 23.35630 23.29070 23.18910 23.26460 23.51300 23.75890 23.91840 24.06180
-9999 -9999 -9999 22.66490 23.02140 23.06710 23.03690 22.89590 22.87110 23.38700 23.41440 23.20070 22.76500 22.75780 22.91210 22.87730 22.92720 22.62160 22.64920 22.68210 22.69620 22.66890 22.66400 22.71640 22.82800 23.08110 22.91800 22.71540 22.66030 22.78460 22.33860 22.66360 22.58160 22.65920 22.90970 22.86590 22.94870 23.08820 23.05760 23.26050 23.23550 23.20840 23.36550 23.49690 23.43030 23.50450 23.60290 23.37590 23.35870 23.28560 23.25930 23.28360 23.24930 23.23020 23.01790 23.16440 23.09300 23.07800 22.99610 23.14470 23.16750 23.34510 23.45190 23.63630 23.67030 23.74260 23.81430 23.73970 24.01490 24.12530 24.06130
-9999 -9999 -9999 22.63470 23.01590 22.92420 23.43660 23.41660 23.42390 23.30620 23.35860 23.24240 22.54140 22.52060 22.51940 22.51810 22.71590 22.75720 22.62200 22.62540 22.66860 22.76190 22.41000 23.01830 22.83100 22.93860 22.94340 22.86020 22.76220 22.84630 22.91330 22.75630 22.71680 22.73300 22.77570 22.76110 22.75480 22.93440 23.03300 23.12080 23.23700 23.21620 23.38830 23.53110 23.50950 23.51780 23.58380 23.35220 23.34090 23.48430 23.49630 23.34460 23.31380 23.24770 23.16930 23.17500 23.11530 23.13640 23.14680 23.30480 23.49390 23.59300 23.50390 23.76400 23.92640 24.10000 24.13330 23.77650 23.87310 23.89610 23.89780
-9999 -9999 -9999 22.69990 22.96920 22.82920 23.56100 23.50180 23.27650 23.16640 23.26830 22.62690 22.51100 22.54380 22.51910 22.68180 21.24970 18.46010 19.14290 20.00250 23.01920 22.95070 22.10630 19.93440 20.16580 23.12420 22.91060 22.72630 22.93530 23.04980 23.01070 22.69760 22.79550 22.88930 22.83880 22.88900 22.77810 22.74670 22.99050 23.08140 23.15990 23.37130 23.50870 23.52420 23.62000 23.72310 23.75940 23.46960 23.47390 23.42650 23.44880 23.39610 23.35300 23.34820 23.28680 23.32220 23.15820 23.19210 23.23320 23.68970 23.57090 23.60960 23.58030 23.63240 23.85020 23.98520 23.90440 23.68600 23.77690 23.94190 24.43660
-9999 -9999 -9999 22.45590 22.85110 22.90950 23.53870 23.39350 23.32570 23.25700 23.30440 22.92170 22.53040 22.58080 18.36720 18.38190 19.80160 21.22190 22.62900 22.93990 23.08410 20.06480 19.02430 22.97410 23.00170 22.84690 22.63140 22.63730 22.79030 22.87840 22.93090 22.81450 22.83550 22.76360 22.58350 22.88990 22.80340 22.49400 22.50380 22.77870 23.29050 23.21520 23.10890 23.13010 23.30420 23.39020 23.32260 23.28170 23.23670 23.08630 23.00480 23.08310 23.17600 23.11270 23.00460 23.20330 23.07930 23.11990 23.00850 23.28570 23.41590 23.35280 23.40800 23.71750 23.79550 23.94530 24.05460 23.87530 23.88570 24.34790 25.04690
-9999 -9999 -9999 -9999 23.09740 23.25220 23.26470 23.21720 23.10790 23.03820 23.17340 22.65780 22.61500 22.68040 -9999 -9999 -9999 -9999 -9999 20.55960 18.74550 18.64960 18.75510 22.61780 21.50330 22.12890 22.19500 22.18070 22.69740 22.67730 22.69320 22.73740 22.71000 22.54350 22.94110 22.92600 23.20070 22.61530 22.50130 22.93810 23.05270 23.37580 22.94160 22.86420 23.08170 23.26980 23.88050 23.50740 23.10990 20.39530 23.28200 23.18810 23.12720 22.86450 22.82540 23.00260 22.99230 22.95640 23.25330 23.18180 23.08950 23.18370 20.88910 23.24590 23.30490 21.49590 23.48350 23.66920 23.38480 -9999 -9999
-9999 -9999 22.47190 23.20860 23.27820 23.27580 23.27110 23.23000 23.12740 23.11200 23.20970 22.57180 22.60770 -9999 -9999 -9999 -9999 -9999 20.65680 18.61920 19.67350 22.73910 22.72220 22.79340 20.04250 18.61040 19.15960 22.68390 22.70130 22.61420 22.84250 22.67810 22.93000 22.88300 22.59390 23.18200 23.17780 22.83810 22.62200 22.61370 22.57260 22.68650 22.78880 22.72740 22.73370 22.76530 22.83380 22.83430 22.57780 18.83010 18.81090 18.89710 19.02650 18.94200 21.08250 23.30170 22.97310 23.17560 23.23800 23.20950 23.26010 23.32820 20.95020 19.32210 19.48040 19.62870 19.70370 -9999 -9999 -9999 -9999
-9999 -9999 23.35810 23.34210 23.20330 23.23040 23.32150 23.20840 23.11380 23.17440 22.59800 22.60770 22.56800 -9999 -9999 -9999 -9999 22.68310 22.80190 22.70200 23.17150 22.81490 21.74490 18.49460 19.46140 22.67630 22.74630 22.54100 22.49260 22.56230 22.52480 22.47970 22.56190 22.56220 22.98240 22.65820 22.63350 22.58100 22.64400 22.61670 22.69170 22.78840 22.85710 22.76990 23.09540 23.26570 23.31840 23.24420 23.17270 23.18270 20.50990 19.04190 19.05840 18.95310 18.87920 21.84950 23.36220 21.24320 20.39900 20.15760 19.35130 19.43210 19.56540 21.01950 22.39900 -9999 -9999 -9999 -9999 -9999 23.91620
-9999 -9999 23.11160 23.57570 23.34730 23.34300 23.52760 23.39070 23.13350 23.05210 22.59520 22.58150 22.50720 -9999 -9999 -9999 -9999 22.76260 22.70710 22.93090 21.98060 20.36400 19.80920 22.62970 22.64150 22.67320 22.55870 22.44350 22.44750 22.56000 22.55450 22.62530 22.54870 22.55550 22.55300 22.56980 22.48870 22.52760 22.55650 22.62110 22.75170 22.76370 22.86390 22.84660 22.82840 22.19540 22.33090 22.98290 23.41590 23.44700 22.55740 22.39890 21.22300 21.91640 21.46010 21.31690 22.46780 22.22390 23.26630 23.41170 19.53240 22.35810 23.80290 24.01980 23.98870 21.92780 19.98150 19.83990 19.96320 -9999 -9999
-9999 -9999 -9999 23.89740 23.31650 22.11230 22.21990 22.80780 22.72270 23.79140 25.50440 22.51300 -9999 -9999 -9999 -9999 22.63530 22.66770 22.62400 22.66020 22.77660 22.61390 22.91880 22.69000 22.60060 22.52470 22.55340 22.70310 22.60960 22.60050 22.55020 22.53640 22.57630 22.99340 23.44610 23.55810 22.96000 22.77410 22.54280 22.52660 22.60190 22.59360 23.02300 22.80010 22.32940 22.30500 21.19190 20.52870 21.16190 22.80820 22.03150 19.56920 19.58960 19.71580 19.73450 19.66280 19.72500 22.94390 23.67520 23.79600 23.81370 23.82730 23.81760 23.76790 23.72420 24.14880 20.25250 20.05520 20.24170 20.58220 -9999
-9999 -9999 -9999 -9999 22.93530 21.18780 22.61740 22.64740 22.66240 22.56160 22.52940 -9999 -9999 -9999 -9999 22.62790 22.75260 22.73300 22.35600 22.99480 23.05730 23.27520 23.45800 22.86890 22.39120 22.90850 23.52710 23.02550 23.59880 23.10570 23.08450 23.30690 23.44840 23.47100 23.46440 22.83480 22.60860 22.47310 22.56340 22.52330 22.55830 22.57350 22.64470 22.72280 22.69080 23.56600 23.88730 22.20240 21.64410 20.93570 23.32420 19.22720 19.37310 20.57840 19.85330 19.39310 19.72700 19.78030 19.89050 23.81790 23.80660 23.91240 23.92300 24.10440 24.02080 24.04540 20.07630 20.00590 19.97070 20.13600 20.19150
-9999 -9999 -9999 -9999 -9999 -9999 22.75180 22.96150 22.74080 22.80730 23.30920 -9999 -9999 -9999 -9999 -9999 23.10170 23.18390 22.69660 23.43920 23.37010 22.99250 22.70930 22.62260 23.23250 23.41990 21.40480 19.70200 19.69910 20.41880 22.69690 23.58170 23.14330 23.54070 23.41230 23.63230 22.79350 22.48960 22.53800 22.53710 22.56460 22.66500 22.70370 22.65500 22.98460 23.33730 23.92400 23.53460 22.21640 19.00630 19.21150 19.64480 23.53150 23.99960 22.56230 24.66270 19.62750 19.78670 19.97230 23.07370 23.98220 24.02970 23.98320 23.99390 24.00530 24.06720 20.69550 19.60580 19.61830 22.11510 23.56610
-9999 -9999 -9999 -9999 -9999 -9999 -9999 -9999 -9999 -9999 -9999 -9999 -9999 -9999 -9999 -9999 -9999 -9999 -9999 23.36550 22.60060 21.32190 22.91190 23.05970 22.00520 21.90430 21.02040 20.91940 21.50290 22.97500 23.50420 22.98460 22.57070 22.76170 23.37630 23.24340 22.51070 22.58000 22.57920 22.58710 22.56140 22.62970 22.70930 22.75020 22.66510 23.28000 23.26010 23.56410 22.63870 23.48510 23.76710 22.11420 20.21040 19.86030 19.31920 19.38140 23.98560 22.99840 24.09540 24.12040 21.23840 20.33150 24.12240 24.02360 24.18910 21.69170 19.92450 19.48870 19.44600 19.82070 23.34460
-9999 -9999 -9999 -9999 -9999 -9999 -9999 -9999 -9999 -9999 -9999 -9999 -9999 -9999 -9999 -9999 -9999 -9999 23.09950 21.66520 21.74710 23.29100 23.31010 23.34350 22.14780 21.42110 21.15460 21.56190 23.13790 23.31100 23.33130 23.41600 23.51440 23.44340 22.94470 22.54070 22.40040 22.51710 22.44840 22.58150 22.53780 22.61920 22.65390 22.86250 23.29740 23.76560 23.36910 23.10270 23.00160 22.41780 22.55930 23.55800 23.68320 24.01240 19.98110 19.80640 22.91600 23.50090 20.90840 23.12500 19.97340 20.06850 22.65890 23.06840 20.38580 21.67450 23.41070 19.61360 20.11040 19.67810 21.99010
-9999 -9999 -9999 -9999 -9999 -9999 -9999 -9999 -9999 -9999 -9999 -9999 -9999 -9999 -9999 -9999 -9999 23.35950 22.24320 23.21510 23.32890 23.19260 22.63820 22.12750 22.20890 22.50870 21.17550 21.22140 22.17040 22.07640 22.41600 21.71970 21.79020 22.09850 21.63520 22.17960 22.68800 22.53930 22.53200 22.50070 23.15090 23.41780 23.43630 23.67350 23.44680 23.38870 23.55180 23.13370 23.37990 22.40720 21.44420 19.68520 23.35270 24.12100 23.90700 24.11140 23.90580 23.99090 24.03150 24.27630 22.40270 20.70100 22.39150 21.43200 24.69280 24.46820 23.48260 23.70900 22.26880 22.20570 24.95090
-9999 -9999 -9999 -9999 -9999 -9999 -9999 -9999 -9999 -9999 -9999 -9999 -9999 -9999 -9999 -9999 -9999 22.65800 23.26530 23.40320 22.88970 21.69440 22.25320 22.50250 23.30190 24.61000 23.70670 23.90180 22.40040 22.23670 20.74170 20.64820 21.17890 21.95720 21.19570 20.94720 21.67760 22.36670 22.44520 22.48080 23.36900 23.36040 23.53740 23.26000 23.47090 23.38370 23.44650 23.10210 23.30140 23.25900 20.08120 19.34760 19.46450 20.16080 22.95830 24.40150 24.41430 24.20860 23.66290 22.93770 24.47280 24.35120 24.34710 24.36860 24.22220 24.40590 24.37510 22.99770 22.94360 24.61180 24.94020
-9999 -9999 -9999 -9999 -9999 -9999 -9999 -9999 -9999 -9999 -9999 -9999 -9999 -9999 -9999 -9999 22.59540 22.59550 23.29620 22.57250 21.53930 23.10230 23.90160 24.30190 24.60060 24.30880 24.30760 24.70080 24.10020 23.00040 22.80050 23.20040 23.33390 20.92880 20.54110 20.66970 21.91190 22.49330 22.37660 22.50650 23.37690 23.33300 23.34470 23.33550 23.21500 23.20830 23.38000 23.10410 23.10260 23.63540 21.18340 20.11170 19.79410 20.59760 22.80610 24.34520 24.41490 24.22090 19.96490 24.16900 24.48200 24.48640 24.66610 24.81940 24.30420 20.42600 20.29910 20.36600 23.21550 24.75960 25.29550
-9999 -9999 -9999 -9999 -9999 -9999 -9999 -9999 -9999 -9999 -9999 -9999 -9999 23.40470 23.28920 22.77640 22.78690 22.69820 22.22610 21.92090 23.40050 24.40470 24.40130 23.90390 24.40350 24.70240 24.70150 24.70000 24.70000 24.70000 23.00570 22.52600 23.90000 23.30000 21.50640 20.40300 21.61090 22.01640 22.30070 23.20110 23.10070 23.11550 23.08720 23.10020 22.68010 22.24890 22.79130 22.29720 22.32820 23.08700 23.23780 23.40730 23.45200 23.43850 22.76110 19.64880 22.20430 23.69890 20.97500 22.04520 24.00140 23.76760 25.35880 23.27700 23.28350 24.56990 22.33390 24.09590 21.98640 26.50900 26.92770
-9999 -9999 -9999 -9999 -9999 -9999 -9999 -9999 -9999 -9999 -9999 -9999 23.19720 23.21710 22.42710 22.48810 23.00190 23.30280 23.80240 23.60010 22.90020 21.80080 21.90040 22.80100 24.00160 23.60120 23.70090 24.20000 22.30080 23.00300 21.40020 22.90190 23.10370 23.80700 22.50880 20.50290 22.20000 22.30000 22.70030 23.10040 23.10040 23.10020 22.97540 22.55940 21.91640 22.22080 22.94190 22.27130 22.01480 21.71220 23.43530 23.21390 23.80750 23.31480 23.64990 23.40790 23.79890 19.09620 21.07800 21.13480 23.61890 21.86340 20.89500 23.02540 23.47660 26.46110 26.56580 22.02430 23.69810 26.82520 26.91580
-9999 -9999 -9999 -9999 -9999 -9999 -9999 -9999 -9999 -9999 -9999 22.78690 23.31810 22.60560 23.40140 23.80070 23.50040 22.30080 21.50060 21.60020 21.30020 21.40000 21.30000 21.10000 21.10000 21.10020 20.91980 23.00430 22.80170 22.60630 21.50050 23.00000 24.20000 23.80000 22.70000 21.80640 22.30010 22.40020 22.80030 23.10020 23.10010 22.76160 22.22880 21.90950 21.70700 21.82050 21.72880 21.84450 21.97940 22.32120 22.74180 23.25710 23.19520 23.74330 23.21710 23.18200 23.75970 23.17500 18.52310 19.51700 20.01020 22.77710 21.57060 23.13810 26.17950 24.81870 24.80520 22.43990 26.76080 26.76490 26.70640
-9999 -9999 -9999 -9999 -9999 -9999 -9999 -9999 -9999 -9999 23.60870 22.50430 23.70090 23.30020 22.90010 21.90060 21.40040 21.10150 21.10130 21.10000 21.10000 21.10000 21.10000 21.10000 21.10000 21.10000 21.10000 21.40520 20.70150 21.10000 21.10000 23.70000 23.40000 20.30780 20.20200 21.60700 22.30010 22.40020 23.00040 23.10010 22.75060 21.81330 21.50300 21.20170 20.50270 21.32280 21.83120 21.53370 21.99660 22.12340 22.59380 23.14670 23.81540 23.16010 23.21960 23.18980 22.66340 20.29060 19.36940 23.09600 23.47310 23.01000 22.23600 24.76630 25.60790 24.93820 25.57190 26.87460 27.10970 26.80000 26.79110
-9999 -9999 -9999 -9999 -9999 -9999 -9999 -9999 -9999 22.00010 21.20000 21.10000 22.20000 21.40000 21.70000 21.10000 21.10000 21.10000 21.10000 21.10000 21.30000 21.10000 21.80000 21.80000 21.30000 21.10000 21.10000 21.70000 21.10000 21.70000 21.90000 21.50000 24.50000 24.70000 20.60420 22.12320 22.30050 22.80040 23.00010 22.46120 20.30590 21.10170 21.10380 20.63190 19.50190 20.08420 21.31220 22.02780 21.67350 22.04570 22.45410 24.05130 23.62940 25.33220 24.52640 23.19570 22.85430 22.96300 22.98490 23.22640 23.48560 23.12540 22.40030 24.81160 24.95460 25.48990 26.44350 29.01050 29.19340 28.90420 29.24450
-9999 -9999 -9999 -9999 -9999 -9999 -9999 -9999 -9999 -9999 22.40000 21.40000 21.40000 21.10000 21.10000 21.10000 21.10000 21.10000 21.10000 21.50000 22.00000 21.30000 21.70000 -9999 -9999 -9999 -9999 -9999 -9999 23.90000 25.40010 24.50000 24.00000 24.30000 22.70000 22.21910 22.23600 23.00010 23.10010 22.94910 20.80880 21.41010 22.27970 20.06970 19.61640 19.87460 20.51120 21.80240 22.30300 22.45460 23.14690 23.27750 23.49790 23.96050 24.36890 23.00190 22.77600 22.78830 22.60090 23.22630 23.02420 22.46060 23.56180 19.64480 24.62700 25.90380 27.21150 28.94560 28.70230 29.15580 29.28880
-9999 -9999 -9999 -9999 -9999 -9999 -9999 -9999 -9999 -9999 -9999 -9999 21.70000 21.10000 21.10000 21.10000 21.10000 21.10000 21.40000 -9999 -9999 -9999 -9999 -9999 -9999 -9999 -9999 -9999 -9999 -9999 -9999 -9999 -9999 24.80000 22.90500 21.90960 20.60710 21.70950 23.40000 25.10010 21.92300 20.70640 21.82010 21.00890 19.91100 19.73580 20.01610 20.83110 21.68010 21.62520 21.81900 23.88270 24.05040 24.23530 23.10010 22.73420 22.95060 23.07380 23.00460 23.10530 22.47080 21.82120 23.59380 23.72860 24.66420 25.90450 27.67460 28.97230 29.26890 30.17560 31.14010
-9999 -9999 -9999 -9999 -9999 -9999 -9999 -9999 -9999 -9999 -9999 -9999 -9999 -9999 -9999 -9999 -9999 -9999 -9999 -9999 -9999 -9999 -9999 -9999 -9999 -9999 -9999 -9999 -9999 -9999 -9999 -9999 -9999 -9999 22.30660 20.50330 20.70330 20.30290 22.90000 21.41090 22.11200 21.40380 21.03690 21.96190 20.18060 20.50620 21.22490 21.62370 22.20710 22.02560 22.46380 23.88250 22.90350 23.45560 23.61210 23.18350 23.01640 23.11380 23.06170 22.91040 21.19490 23.41830 23.41670 23.67630 24.61720 25.36920 27.65100 28.96580 29.42920 30.42390 32.53680
-9999 -9999 -9999 -9999 -9999 -9999 -9999 -9999 -9999 -9999 -9999 -9999 -9999 -9999 -9999 -9999 -9999 -9999 -9999 -9999 -9999 -9999 -9999 -9999 -9999 -9999 -9999 -9999 -9999 -9999 -9999 -9999 -9999 -9999 21.91030 20.30550 20.40690 23.02700 25.10000 19.80260 20.00160 20.10350 19.88980 20.00510 22.33290 21.31240 21.22100 21.62730 21.85940 22.02520 22.31830 21.82230 23.12950 23.56170 23.65460 23.22140 22.89290 22.94520 22.99940 23.17510 20.98430 19.28320 21.32540 23.52450 24.24590 27.33720 27.80480 29.27450 30.31360 30.67240 -9999
-9999 -9999 -9999 -9999 -9999 -9999 -9999 -9999 -9999 -9999 -9999 -9999 -9999 -9999 -9999 -9999 -9999 -9999 -9999 -9999 -9999 -9999 -9999 -9999 -9999 -9999 -9999 -9999 -9999 -9999 -9999 -9999 -9999 -9999 -9999 -9999 -9999 -9999 21.10770 19.80280 19.40120 19.30210 19.84780 19.96250 20.70330 21.81940 22.35280 21.73250 21.85810 22.23170 21.79390 22.36460 22.35300 23.34190 23.34430 22.91810 23.10120 23.10180 23.28490 20.71240 18.94680 22.89070 23.67370 24.12910 26.11850 27.57960 28.47980 29.05060 30.16510 -9999 -9999
