data/hydroclimate-scenarios/BCSD_hadcm_B1/monthly_summaries/soilm1_monthly_day1_feb.2030-2059.asc
ncols	311
nrows	91
xllcenter	102.75
yllcenter	31.75
cellsize	0.5
NODATA_value	-9999
[rows 32 to 63 of 91, columns 0 to 70 of 311]
-9999 -9999 -9999 -9999 -9999 -9999 -9999 -9999 -9999 -9999 -9999 74.32500 74.32560 76.55060 75.33830 75.97530 75.50790 76.48360 74.55520 74.36250 75.63090 76.61710 76.68330 76.74670 74.42960 73.69510 73.64430 76.14540 78.03380 81.70280 81.87110 81.56070 81.71160 81.88160 80.67230 79.29630 78.00330 77.18390 75.15620 74.59130 74.06920 73.73390 74.37220 74.39040 74.05070 74.47980 74.12310 73.98350 73.65250 73.85910 73.54560 72.93720 72.71560 72.82550 71.66860 71.89110 72.93550 72.97720 72.90610 73.19790 73.55730 73.02540 71.78320 74.19720 74.17540 72.07950 72.68360 73.96990 74.05440 72.53820 71.69340
-9999 -9999 -9999 -9999 -9999 -9999 -9999 -9999 -9999 -9999 -9999 75.16630 75.12010 75.36050 74.89590 75.43040 75.81540 76.79270 76.85270 76.75250 76.76160 76.61890 75.14890 74.74360 74.02360 72.75600 70.77450 72.92530 73.04290 73.78800 77.85190 79.59110 78.23710 76.10200 75.16730 73.24490 74.56040 75.46360 74.52450 73.25300 74.22790 74.23890 74.56400 74.97770 75.10760 74.91460 74.59620 74.48330 74.11820 73.88800 73.62680 73.14040 72.79630 71.82780 71.94290 73.89230 73.72080 73.61910 74.30880 74.81640 74.43050 74.80650 74.61370 73.17380 74.95870 73.60290 73.46900 73.09230 72.87910 72.36310 71.67940
-9999 -9999 -9999 -9999 -9999 -9999 -9999 -9999 -9999 -9999 -9999 -9999 73.65090 73.59000 73.12500 73.48680 76.06800 76.93500 77.00320 77.00610 75.10600 72.54520 69.43790 72.86850 71.26070 68.29870 68.68900 70.72920 71.68220 71.96180 72.62160 73.88900 75.00620 75.28070 74.54380 74.64350 73.92200 75.29470 74.32180 72.80910 73.26290 73.43290 74.04750 74.89390 75.13540 75.66020 75.51900 75.11290 74.83930 74.82500 74.39770 73.67160 73.63140 73.58100 72.87040 72.18800 71.93190 72.59650 74.97690 74.89020 74.50260 71.38340 71.14460 72.64690 72.83230 74.82990 73.31440 72.87650 72.84430 72.93890 72.09310
-9999 -9999 -9999 -9999 -9999 -9999 -9999 -9999 -9999 -9999 -9999 -9999 72.90940 73.39820 75.22240 75.79510 75.90900 75.19070 74.75870 73.90160 73.33310 72.86000 72.64350 72.45390 72.23230 70.78040 71.59280 71.65810 71.54250 69.94460 72.12810 74.28250 74.77040 73.35580 73.49790 73.48640 72.90640 74.09660 74.87200 72.56910 73.11700 72.19280 73.44740 75.98970 76.10910 75.51630 75.87670 74.45050 74.02600 74.11160 73.49670 73.23020 73.57380 74.31910 74.11870 73.03080 74.22440 72.67980 74.27480 73.27420 71.96150 72.69250 74.25930 74.71030 73.71120 72.47710 72.51050 72.85600 73.04370 73.25940 73.36090
-9999 -9999 -9999 -9999 -9999 -9999 -9999 -9999 -9999 -9999 -9999 -9999 75.75730 75.57350 75.02320 74.18550 73.95840 73.77880 70.63030 71.80870 72.91820 72.85330 72.69150 72.20610 72.11790 71.92290 71.96770 69.64040 70.17000 66.98540 66.46630 73.34230 73.27480 72.75490 72.65900 71.45650 70.85980 72.35340 72.31800 72.69630 72.88630 72.57560 72.85930 74.36510 73.53440 70.08230 72.84280 72.91140 72.86200 72.78340 72.63390 72.76840 72.45940 71.38230 69.82960 69.21930 68.29030 72.53760 73.04870 73.04510 72.40080 71.80550 71.63180 72.57360 72.51670 72.24560 72.40240 72.77170 73.09230 73.58430 73.90050
-9999 -9999 -9999 73.15580 73.16120 72.37630 72.23040 72.40070 72.34060 -9999 75.01410 75.41650 74.54920 73.40140 73.35780 73.51450 72.66230 71.04160 72.08050 72.77430 73.00360 73.04530 73.19190 73.23340 70.88150 72.43430 72.38520 71.66090 69.71860 68.43400 72.20590 72.37490 72.27680 66.50250 68.92850 62.25170 68.58430 71.85720 72.57030 72.75770 72.79250 72.66140 72.89460 72.19010 71.84090 71.50130 72.85280 69.89620 72.72880 72.71370 69.51370 66.05840 67.01310 70.33040 70.64880 72.98200 72.69660 71.70840 69.79320 70.74930 72.42930 72.31820 69.86940 72.14990 71.45900 71.83200 72.41130 72.79630 73.34990 73.45660 73.57220
-9999 -9999 -9999 73.19510 72.87780 72.99840 72.76350 73.20990 72.93230 73.81770 74.71510 73.98610 73.99510 71.23610 70.55560 73.06020 67.96310 74.23500 74.60300 74.45340 74.27520 74.38860 74.49130 74.43400 71.05110 68.59470 69.40510 70.30740 72.05160 66.82840 61.81210 68.37810 72.36550 68.97980 65.70500 65.58310 70.21570 72.12150 72.43460 71.38440 72.32070 72.56040 72.95980 72.41920 70.71270 71.00150 72.85100 72.26390 69.36980 66.63510 67.62450 72.37530 72.62450 72.72000 72.72170 72.31760 71.97980 71.97960 72.12780 70.70440 71.17940 72.08530 71.16200 69.70440 71.69390 72.12600 72.40310 72.36390 72.77730 71.68990 69.74310
-9999 -9999 -9999 73.05240 73.32770 73.38280 74.12670 74.18050 74.25950 74.33850 74.39340 74.44280 74.26630 73.28560 72.32740 73.88890 71.30210 69.44310 73.36190 74.30570 74.16550 71.10370 64.09510 65.65890 69.86940 69.23240 72.03030 71.67350 68.56850 67.82840 69.91250 72.87740 69.78940 67.26900 66.18190 67.68110 71.99950 72.48660 69.56380 65.93580 68.55630 70.81170 72.87510 73.07700 73.11330 73.01910 72.99990 66.15310 66.45310 72.71270 72.65550 72.82680 72.81460 72.73730 72.65380 72.43520 72.19680 72.25730 72.20890 72.39040 68.74350 68.44050 72.34930 71.96170 71.92560 72.66750 72.77440 71.50400 67.35550 70.06200 70.81300
-9999 -9999 -9999 72.90040 73.58860 74.26900 74.46400 74.49030 74.02920 73.55370 74.08340 74.31420 73.37500 72.17060 74.14680 67.09150 68.98570 76.45410 77.86030 73.76980 67.40670 63.89520 67.80460 74.68120 72.31640 67.49870 71.09190 72.87350 72.37030 68.89320 67.67220 67.88490 67.35160 70.13290 72.38150 69.60220 69.23940 69.71820 70.82760 71.63060 70.86620 69.40730 69.72710 71.04600 72.24030 73.06420 73.00780 72.08320 72.91720 72.88870 72.74570 72.85010 72.54960 69.07160 72.59530 68.61440 67.51830 67.04880 67.90080 66.55680 64.52210 69.40900 70.09660 71.86230 70.75910 69.67030 72.10250 71.86500 71.72230 71.81670 72.25920
-9999 -9999 -9999 72.30320 73.79370 74.13500 74.53840 74.42970 74.16890 73.95900 74.37310 73.61990 70.80950 70.42520 81.74590 79.04190 72.73420 71.85040 73.82320 68.31970 67.25730 72.41170 75.49460 68.88930 65.81230 67.85120 73.96760 73.77440 71.01090 71.81430 69.08960 69.51670 69.95180 71.34870 72.66620 69.75500 69.77370 71.20810 71.37540 70.47240 68.82890 69.97680 71.88510 72.01950 72.26900 72.46920 72.26230 71.18260 69.35250 72.20010 71.05930 69.15000 66.95150 68.16860 69.18900 67.43020 67.17200 65.79140 68.06890 71.50130 70.71750 70.93580 71.74010 69.69160 68.06600 68.49250 71.03600 70.09950 71.92200 72.27590 72.83040
-9999 -9999 -9999 -9999 73.97150 74.25200 74.38210 74.33310 74.13580 73.71710 74.39700 74.39540 71.69240 67.25640 -9999 -9999 -9999 -9999 -9999 71.36310 77.54510 79.21760 77.72800 71.89370 71.37830 72.22960 71.39260 74.16430 74.27560 73.48000 73.32380 70.95580 71.97860 71.35270 68.80550 68.87510 67.59270 68.68890 71.13450 70.11600 69.65280 68.70060 71.21230 71.63570 70.69950 69.92940 67.51430 69.12580 71.91050 75.61930 72.08340 72.00660 72.10160 71.60210 71.56650 71.54750 71.52070 71.54650 67.28070 69.33040 71.58420 71.70210 72.58520 71.90680 72.00080 72.35940 72.11810 72.17420 75.16350 -9999 -9999
-9999 -9999 72.20760 73.87430 74.53810 74.45560 74.40230 74.27540 74.27760 74.05840 74.64310 74.53830 74.05010 -9999 -9999 -9999 -9999 -9999 76.86850 81.89820 77.93750 73.69840 73.59510 74.19150 77.41680 89.55200 77.88900 74.38260 73.84470 72.16030 67.23280 71.71090 71.17880 69.81900 71.06560 68.60670 69.35410 70.56290 70.86950 71.91930 71.66880 71.56730 71.60620 71.64010 71.73350 71.65090 71.71900 71.65100 72.96480 85.94020 86.19390 85.87820 87.30070 80.42110 75.02150 72.21230 71.86740 69.24330 68.09030 70.10940 70.37580 70.43530 72.85610 72.46770 72.60710 72.29880 72.93930 -9999 -9999 -9999 -9999
-9999 -9999 74.41130 74.64440 74.45320 74.05820 72.55310 73.77060 74.31560 74.47420 74.89570 74.80830 74.15790 -9999 -9999 -9999 -9999 73.26640 73.90090 73.68880 71.23720 73.02500 75.00100 80.20910 78.11070 73.98880 71.19590 72.88540 71.75700 72.62540 71.46090 71.44760 72.25160 72.40880 71.66660 73.72480 73.73860 70.06070 70.67230 71.78020 71.68910 71.49340 71.52260 71.72660 67.86700 65.16290 66.25820 66.05340 67.21650 69.11950 71.36250 75.64690 76.62530 80.96230 80.64050 72.63760 70.49780 71.41230 73.14290 74.01180 72.20470 72.03810 72.52000 73.71550 72.24250 -9999 -9999 -9999 -9999 -9999 72.78680
-9999 -9999 72.07760 73.24890 74.57680 74.34370 70.33520 70.71300 74.06290 74.50930 74.67650 74.12650 73.31840 -9999 -9999 -9999 -9999 73.28010 73.96100 72.54170 69.89480 73.12520 77.87940 74.37560 74.40210 73.71600 72.27100 71.14190 71.34800 70.23370 71.00710 73.66640 72.81630 71.98620 72.39980 72.40440 71.91750 71.58770 71.62030 72.55160 72.68370 73.73520 72.69630 71.84740 69.78030 67.00960 65.94540 63.76320 62.21800 62.43630 65.23500 65.88480 70.04130 68.54520 71.25130 71.27070 72.22340 73.23650 72.20150 72.36110 72.73170 72.75070 72.43670 67.49410 66.95140 72.80400 72.54510 73.07090 72.76510 -9999 -9999
-9999 -9999 -9999 69.30540 73.19790 74.66980 73.45250 73.25240 74.46030 70.70600 64.85090 72.87520 -9999 -9999 -9999 -9999 73.83110 73.90600 73.80940 73.34910 73.79040 74.29460 71.18270 73.13470 73.48540 71.71340 70.89430 68.76060 69.78690 72.27060 72.37710 71.84610 70.23270 66.19100 62.68330 63.16420 68.42980 71.95910 73.31040 73.39230 73.93340 73.24490 75.21360 74.68770 74.55770 75.12480 73.53140 72.38740 69.93770 66.26750 71.22510 79.85850 75.77110 79.88070 88.27910 90.57530 79.11490 72.73930 72.14320 72.39530 72.46450 72.42440 72.28900 69.91380 65.10020 70.93370 73.86910 75.57390 72.79720 72.84610 -9999
-9999 -9999 -9999 -9999 70.79580 73.74080 72.05660 74.66340 74.68810 73.95060 72.64220 -9999 -9999 -9999 -9999 74.31720 71.86980 67.80080 70.74530 63.40640 65.57500 63.73260 63.06620 66.32130 70.91400 66.11110 61.65210 62.96140 61.87850 64.71020 65.22400 63.52000 62.11360 62.07910 63.83110 72.58700 73.16540 72.48830 72.73000 72.87930 72.14570 73.46970 72.92690 73.07170 72.52260 69.87320 71.61190 77.44990 73.32020 73.72370 73.15660 81.92160 79.94500 78.53660 80.19720 82.24440 90.12620 80.68420 77.74510 72.44520 72.32990 70.67870 69.16930 67.82290 66.81180 72.26670 72.59190 73.25850 73.42200 73.28850 74.39100
-9999 -9999 -9999 -9999 -9999 -9999 75.01180 76.06280 67.12200 70.62080 64.54760 -9999 -9999 -9999 -9999 -9999 64.56220 62.58300 63.53420 61.32100 61.35590 60.58630 65.94090 68.03030 62.42720 60.92990 66.67450 80.20390 80.41260 72.58220 63.67240 61.76270 66.09650 63.05390 64.06610 62.10410 71.65580 72.24480 72.61440 72.48960 72.04990 73.58890 73.61570 73.35980 74.81950 73.09760 71.00180 74.57070 78.18670 88.16680 81.31780 83.76940 73.97110 74.30370 72.20180 71.90770 78.39580 80.33230 72.01830 64.96250 64.56680 65.81050 67.83840 65.08090 63.77350 67.55600 73.47680 74.07320 73.17760 72.91940 73.70850
-9999 -9999 -9999 -9999 -9999 -9999 -9999 -9999 -9999 -9999 -9999 -9999 -9999 -9999 -9999 -9999 -9999 -9999 -9999 60.43690 62.32160 64.91700 62.65900 60.92120 64.14080 64.65550 65.68980 64.31680 63.25290 62.29000 62.54230 66.69340 73.97540 70.99640 65.24900 65.28850 72.77080 73.92340 73.26940 72.79110 72.33140 72.04790 72.63090 72.84230 72.72280 70.55720 70.90120 74.63260 77.81720 75.12780 75.27900 72.42680 76.11430 76.89370 74.41120 71.94820 64.03390 65.30070 63.26190 63.37080 68.75640 70.99690 63.27100 62.92130 62.10530 68.83760 71.40820 72.77380 73.28010 75.18300 74.68450
-9999 -9999 -9999 -9999 -9999 -9999 -9999 -9999 -9999 -9999 -9999 -9999 -9999 -9999 -9999 -9999 -9999 -9999 61.57620 64.57600 63.49060 59.56580 60.23810 59.91820 64.04770 67.39490 67.87130 67.01960 61.07130 59.91740 60.66640 61.57700 61.65910 61.87430 68.73190 74.72230 71.92120 72.99640 72.36090 73.05940 72.66860 71.91570 71.83620 72.38570 71.17750 72.31880 71.84040 70.64260 73.09620 76.52800 76.77760 80.07100 81.36840 78.67220 74.77700 72.74740 65.88740 64.94090 70.16410 65.20620 71.48770 74.04680 65.92560 65.40780 71.11770 69.10530 65.74730 72.53440 73.18990 73.10390 74.08040
-9999 -9999 -9999 -9999 -9999 -9999 -9999 -9999 -9999 -9999 -9999 -9999 -9999 -9999 -9999 -9999 -9999 61.70090 63.55390 60.47210 60.49410 60.07750 61.23850 63.34430 63.65210 65.33930 72.63170 63.86250 66.25930 67.25460 67.13310 68.76000 66.58440 68.07000 76.84760 75.76060 74.11100 72.92630 72.94260 72.37960 70.62680 72.06470 71.13100 72.36170 70.50190 70.32450 74.10890 74.55480 70.96520 76.50520 77.81610 78.08280 74.99930 75.23560 75.65310 75.57600 64.67750 64.16080 64.06090 63.60600 67.18090 71.33460 67.01890 68.62450 61.98420 63.54280 65.94660 64.81640 71.50020 72.69050 70.64300
-9999 -9999 -9999 -9999 -9999 -9999 -9999 -9999 -9999 -9999 -9999 -9999 -9999 -9999 -9999 -9999 -9999 63.63930 61.72230 60.70970 63.53400 67.55130 63.20160 61.76750 60.03740 57.60600 59.91770 58.58590 61.79830 63.63050 74.43390 75.02800 73.93740 75.97710 77.76620 78.35010 77.59760 72.27630 70.85680 71.22030 70.45000 70.63040 71.27440 70.65720 71.44870 73.96870 70.68990 70.79920 69.19690 71.22900 77.30260 79.55450 79.60280 78.93480 78.29290 75.71920 66.80360 65.19120 64.80050 66.76140 64.10030 63.43060 63.41710 62.65570 63.22980 64.02190 64.68560 67.59260 77.90430 76.11120 72.95360
-9999 -9999 -9999 -9999 -9999 -9999 -9999 -9999 -9999 -9999 -9999 -9999 -9999 -9999 -9999 -9999 72.55490 70.68870 61.81170 65.90460 64.34910 60.24810 57.35750 55.98940 53.32670 53.78490 55.19020 55.28570 56.28610 59.43370 61.52630 62.77990 62.80900 74.34010 76.86610 76.70030 72.74440 73.83590 72.00910 70.05090 67.83280 70.24500 73.61070 70.41320 69.39300 71.16900 70.30990 70.25510 69.93270 67.81160 76.06880 77.86030 78.22890 78.66980 78.67380 75.58440 75.65330 68.27570 72.41210 66.35120 65.08460 65.33540 66.91830 69.52020 70.85750 84.12810 88.65140 86.49670 80.14100 74.81540 72.33010
-9999 -9999 -9999 -9999 -9999 -9999 -9999 -9999 -9999 -9999 -9999 -9999 -9999 61.11820 60.88900 65.82260 63.71050 66.49150 67.58770 61.62560 59.56220 55.88420 53.17650 52.90920 53.02300 52.90540 52.22600 52.72780 52.94540 53.44260 70.89000 70.03310 60.73500 60.09210 75.07810 78.90850 76.33930 71.73840 70.87290 69.34580 69.64410 70.91440 70.84210 69.43360 75.65460 80.31450 76.40680 78.88710 79.11190 74.40670 74.13630 73.36930 72.20500 71.62540 76.22370 74.13980 72.04940 71.07280 70.96080 70.49800 71.30810 76.43630 72.71740 81.34580 85.01280 79.04400 85.96680 80.62900 74.28340 73.61800 71.72240
-9999 -9999 -9999 -9999 -9999 -9999 -9999 -9999 -9999 -9999 -9999 -9999 61.17850 61.49420 70.10050 68.66280 66.96070 63.29010 59.51560 56.51540 55.88870 57.27560 56.24080 55.81770 52.64840 52.40470 52.06770 50.84940 70.34620 69.01460 74.07620 71.48160 72.10180 57.62320 72.38030 76.60310 69.50460 70.37290 70.12900 69.20480 68.03630 69.24130 72.95360 76.40020 82.03350 78.42700 73.51870 79.65480 82.73020 83.84920 70.18690 70.45150 68.45070 70.08720 69.50720 73.01130 76.13810 76.15430 75.76620 75.97220 72.41390 74.54430 74.81620 75.03640 77.27190 78.36180 78.52480 74.13530 74.17600 71.66600 63.32050
-9999 -9999 -9999 -9999 -9999 -9999 -9999 -9999 -9999 -9999 -9999 70.08110 66.86200 67.03190 64.18460 59.15350 56.92490 58.79930 58.88820 57.53580 57.55940 52.24140 51.50600 51.50590 52.06570 52.63170 68.83140 51.57030 68.76580 68.24070 73.15500 53.07610 55.52320 56.88990 63.27410 75.89510 70.28580 70.48240 68.52930 67.52020 67.12850 73.89980 76.99550 80.96920 82.90170 81.75880 82.90150 82.50850 82.35000 81.60520 77.69760 71.08770 71.68130 72.75540 71.19450 71.39520 75.24480 75.01410 73.96220 73.14900 75.40500 73.96260 73.37260 71.60490 77.60160 73.32390 73.37500 74.95330 71.86120 67.39480 61.01390
-9999 -9999 -9999 -9999 -9999 -9999 -9999 -9999 -9999 -9999 62.85600 64.18310 61.14450 61.84070 57.74330 54.99060 53.59250 52.98390 53.54990 53.51620 52.08770 50.25420 50.14120 50.41260 50.45450 51.65480 51.72740 68.03930 69.16370 51.78740 53.49060 52.77030 48.26430 72.32830 76.74090 70.49290 70.10580 69.41940 68.93530 66.91600 74.55070 77.72670 79.10030 82.64700 82.77930 80.32130 81.30820 83.22900 81.92860 82.39690 80.99850 72.66010 73.54970 72.37200 71.34250 71.35720 75.60200 77.46190 77.58320 79.19430 77.77200 73.26130 71.90820 73.54040 75.89150 74.47640 76.51200 72.65230 70.23550 64.43200 62.82080
-9999 -9999 -9999 -9999 -9999 -9999 -9999 -9999 -9999 58.16010 57.98980 56.38140 55.31820 57.46160 54.66470 52.82810 52.25070 51.59930 50.57790 50.75410 51.43160 50.82280 50.82750 50.96540 51.22500 53.54070 53.34160 53.24120 53.73870 54.06000 54.01940 56.50790 58.60560 60.37670 76.77720 70.97660 71.35010 69.51950 69.33280 68.15720 78.16790 78.30380 79.29290 85.39060 82.86580 91.28000 82.92250 81.38910 84.30030 83.53360 83.59310 75.85220 71.18510 74.29940 71.23360 77.03700 80.21930 80.68880 79.93780 80.41510 75.19610 73.44690 71.39430 76.72610 71.89740 72.13830 72.53920 70.45340 63.40160 61.78140 61.48910
-9999 -9999 -9999 -9999 -9999 -9999 -9999 -9999 -9999 -9999 52.98470 51.03240 50.37440 51.93130 49.97800 49.85820 49.95760 49.89970 49.94820 49.58280 49.88590 49.86940 50.10950 -9999 -9999 -9999 -9999 -9999 -9999 53.19850 55.18430 56.80860 61.22960 62.96430 66.17570 71.89690 72.87110 69.02800 67.11950 64.51960 75.50140 76.76500 69.80780 89.58920 85.42260 90.52060 90.72850 80.17930 81.78240 82.18590 77.79180 71.82410 71.46530 72.27420 77.33400 77.48320 78.10300 78.61610 82.30220 79.98570 77.79190 71.50490 72.25170 75.84110 73.04830 72.73830 72.50620 68.80870 66.26310 68.19760 64.38060
-9999 -9999 -9999 -9999 -9999 -9999 -9999 -9999 -9999 -9999 -9999 -9999 47.71570 48.25000 48.18600 46.25300 46.28750 48.03230 48.37040 -9999 -9999 -9999 -9999 -9999 -9999 -9999 -9999 -9999 -9999 -9999 -9999 -9999 -9999 61.15680 65.60090 71.35450 78.02920 68.71660 64.63660 58.14210 72.06560 78.04600 75.23340 74.88680 75.36710 85.60370 90.81990 81.73600 83.60690 83.56580 83.28390 75.12700 75.22020 74.90740 80.34090 80.27670 78.01650 73.50450 71.33040 75.56290 74.30310 70.88570 73.73890 73.70620 72.57320 72.41310 69.89040 62.39790 64.30690 68.70540 75.93730
-9999 -9999 -9999 -9999 -9999 -9999 -9999 -9999 -9999 -9999 -9999 -9999 -9999 -9999 -9999 -9999 -9999 -9999 -9999 -9999 -9999 -9999 -9999 -9999 -9999 -9999 -9999 -9999 -9999 -9999 -9999 -9999 -9999 -9999 75.07310 76.76600 76.01480 75.63060 61.21310 74.05790 74.27090 77.79530 78.81810 72.19000 90.14280 90.18300 87.52070 82.58000 81.51090 81.55410 79.11640 75.07480 80.51320 75.25470 75.10100 75.21520 74.88730 76.23240 74.42310 73.04770 71.39330 79.12420 74.76570 73.46760 72.71850 72.78330 72.85280 65.28900 67.76290 72.81560 76.58370
-9999 -9999 -9999 -9999 -9999 -9999 -9999 -9999 -9999 -9999 -9999 -9999 -9999 -9999 -9999 -9999 -9999 -9999 -9999 -9999 -9999 -9999 -9999 -9999 -9999 -9999 -9999 -9999 -9999 -9999 -9999 -9999 -9999 -9999 64.70950 75.25400 75.01540 63.61570 59.38530 75.73350 77.55930 85.79210 86.51970 79.58900 76.76110 81.72170 81.02380 82.05250 82.59820 82.38980 79.29740 82.80890 73.20130 73.44250 73.02710 73.13640 76.46270 73.66510 74.31730 78.23490 75.79560 76.98560 73.25540 71.69100 73.50190 65.69470 73.70540 67.36460 71.54350 75.96680 -9999
-9999 -9999 -9999 -9999 -9999 -9999 -9999 -9999 -9999 -9999 -9999 -9999 -9999 -9999 -9999 -9999 -9999 -9999 -9999 -9999 -9999 -9999 -9999 -9999 -9999 -9999 -9999 -9999 -9999 -9999 -9999 -9999 -9999 -9999 -9999 -9999 -9999 -9999 75.56480 76.18950 79.18920 78.02230 74.83960 76.82630 83.82630 81.10550 80.04720 82.49690 83.47650 82.61140 83.59520 79.25490 79.28730 73.84420 75.81500 73.97510 71.08820 70.99210 73.25010 73.15910 73.46180 73.82600 75.13560 72.14770 72.02300 66.31680 70.56720 75.32330 68.36550 -9999 -9999
