data/hydroclimate-scenarios/BCSD_hadcm_B1/monthly_summaries/soilm3_monthly_day1_sep.2070-2099.asc
ncols	311
nrows	91
xllcenter	102.75
yllcenter	31.75
cellsize	0.5
NODATA_value	-9999
[rows 32 to 63 of 91, columns 0 to 70 of 311]
-9999 -9999 -9999 -9999 -9999 -9999 -9999 -9999 -9999 -9999 -9999 23.40000 23.40000 23.40010 23.40000 23.40000 23.40000 23.40040 20.50050 20.80090 22.90170 23.40040 23.40030 23.40030 22.95110 22.73210 22.53680 21.29070 20.27400 18.60040 18.50030 18.50010 18.50000 18.50010 19.40010 20.70020 22.10040 23.00040 24.20230 24.20160 24.20190 24.20090 24.20150 24.20150 24.20140 24.20270 24.20270 24.20420 24.20480 24.21010 24.20890 24.20390 24.20280 24.22950 24.02830 24.03060 23.94240 23.84620 24.22810 24.20190 24.20210 24.20270 23.83710 22.38850 21.89900 23.63600 23.57090 23.55580 23.94550 23.45600 23.38120
-9999 -9999 -9999 -9999 -9999 -9999 -9999 -9999 -9999 -9999 -9999 23.40010 23.40010 23.40000 23.40000 23.40000 23.40000 23.40020 23.40020 23.40030 23.40030 23.40020 23.13590 22.94800 22.76350 22.80050 22.80140 22.80190 22.80050 21.94290 20.24350 19.80020 21.80010 23.60010 24.20090 24.20110 24.02340 24.20350 24.13500 23.47330 24.20460 24.24430 24.20490 24.20550 24.20640 24.20980 24.21120 24.20970 24.20890 24.21210 24.21070 24.20370 24.20230 24.21740 24.20050 24.20270 24.20270 24.20610 24.20500 24.20380 24.20370 22.84870 22.79850 24.20290 22.99180 23.70300 23.93210 23.01000 23.18600 23.57210 23.42610
-9999 -9999 -9999 -9999 -9999 -9999 -9999 -9999 -9999 -9999 -9999 -9999 23.10010 23.00010 23.00010 23.00000 23.40000 23.40010 23.40010 23.40010 23.02580 22.80040 22.80320 22.90100 22.90300 22.81550 22.80940 22.90400 22.90020 22.90020 22.73580 23.32970 24.02480 24.03640 23.84030 23.74190 23.15450 24.20610 24.23980 23.21520 23.43280 23.39600 23.91200 24.20620 24.20800 24.23050 24.21940 24.21150 24.20820 24.20750 24.20300 24.20200 24.20190 24.20070 24.20050 24.20390 24.20330 23.83710 22.88610 23.02590 22.90390 22.95260 22.96200 23.17380 23.40630 22.82800 23.59270 23.12760 23.83650 24.39620 23.56290
-9999 -9999 -9999 -9999 -9999 -9999 -9999 -9999 -9999 -9999 -9999 -9999 22.90010 23.00000 23.20000 23.30000 23.20000 23.02290 22.82430 22.80000 22.90010 22.90150 22.90200 22.90140 22.90310 22.90270 22.90070 22.90300 22.90050 22.80300 22.80140 23.85300 23.64100 22.94930 22.87080 22.80260 22.80330 23.60520 23.80450 22.92490 22.97120 22.73060 23.22320 24.23840 24.11450 23.84470 23.94150 23.62120 23.51100 23.51740 23.41030 23.50090 23.80030 24.20070 24.20040 23.92260 21.79710 23.03350 23.80170 23.09130 22.77100 23.01120 23.91170 24.22570 23.59150 23.02550 22.94940 23.11490 23.54770 23.98840 24.58980
-9999 -9999 -9999 -9999 -9999 -9999 -9999 -9999 -9999 -9999 -9999 -9999 23.30010 23.10000 23.01960 22.71870 22.72220 22.80000 22.70020 22.90050 22.90040 22.90340 22.90420 22.90100 22.90100 22.90210 22.90220 22.80900 22.81740 22.73980 22.63160 22.76270 22.80390 22.91220 22.90720 22.93060 22.85060 22.95020 22.93790 22.91470 22.96020 22.92300 23.09480 23.64290 23.17020 23.18350 23.16880 23.09160 23.05630 22.95320 22.92710 22.90660 22.90140 23.10500 23.00490 22.81330 22.71020 22.90110 22.80140 22.85370 22.81400 22.92150 22.92390 23.30170 23.51610 23.18720 23.02620 23.19560 23.81380 23.90070 24.29370
-9999 -9999 -9999 22.90020 22.90020 22.90010 22.90000 22.90010 22.90010 -9999 23.30010 23.12590 22.82530 22.80000 22.80000 22.90000 22.80000 22.60020 22.70050 22.90050 22.90070 22.90210 22.80440 22.70110 22.80440 22.90510 22.90530 22.92320 22.75180 22.64940 22.52620 22.61430 22.70670 22.94770 22.91070 22.42360 22.98310 23.04610 23.07900 22.96370 23.00310 23.10130 23.15040 23.16970 23.26000 23.42930 23.51580 23.18310 23.13050 23.12770 23.21370 23.06300 22.96900 23.01430 22.78950 22.84310 22.94630 22.70600 22.62460 22.76810 22.87210 22.77810 22.85860 22.94500 22.93080 22.85310 22.98500 23.39940 23.79940 24.19250 24.96220
-9999 -9999 -9999 22.50320 22.90210 22.90070 22.90040 22.80010 22.80000 23.02590 22.83010 22.72530 22.70020 22.70010 22.80020 22.80010 22.60180 22.50050 22.50070 22.50020 22.50030 22.50100 22.50090 22.51100 22.55100 22.89580 22.82420 22.57220 22.56080 22.72110 22.31420 22.68860 22.57730 22.78150 23.05270 23.03430 22.96890 22.96330 22.93370 23.29120 23.20370 23.13410 23.25990 23.50450 23.66580 23.84920 23.87500 23.27240 23.41680 23.41760 23.41760 23.20260 23.20610 23.25790 22.94470 23.09110 22.98930 22.92360 22.83970 22.85590 22.85180 23.02710 23.16570 23.13680 23.21530 23.04820 23.15500 23.42590 24.06870 24.96030 25.94950
-9999 -9999 -9999 22.50140 22.90150 22.80070 22.76960 22.73680 22.73020 22.73000 22.72890 22.72920 22.50020 22.50000 22.50010 22.50000 22.50120 22.50300 22.50050 22.50010 22.50030 22.50600 22.28410 22.67880 22.59350 22.81480 22.87450 22.71270 22.64360 22.82920 23.05810 22.83030 22.73700 22.85040 22.95370 22.91490 22.77600 22.84220 22.86180 23.42680 23.56930 23.35370 23.47150 23.63250 23.53330 23.57280 23.76750 23.64530 23.61220 23.66350 23.89230 23.25560 23.25620 23.25380 23.11610 23.07600 23.00580 22.93810 22.96870 22.98490 23.01560 23.30950 23.05440 23.23500 23.38390 23.53990 23.69060 23.90770 25.46320 26.16770 27.10670
-9999 -9999 -9999 22.60060 22.90020 22.70060 22.74800 22.73660 22.72810 22.72690 22.72600 22.60000 22.50040 22.50020 22.50000 22.60050 21.10200 18.20610 18.90510 19.80230 22.72010 22.65210 21.77110 19.51890 19.86820 22.83910 22.75950 22.64990 22.85240 23.12430 23.07390 22.51640 22.56970 22.76270 22.72400 22.72390 22.57640 22.54210 22.76270 22.92320 23.07210 23.78880 24.51280 24.04590 23.62080 24.09750 24.35190 23.86130 24.06450 23.67730 23.92970 23.72390 23.58050 23.63170 23.25490 23.25780 22.97820 23.02630 23.10970 23.83980 24.29460 23.50230 23.27840 23.05750 23.68890 23.80000 23.84980 24.21250 25.57790 26.60500 26.97430
-9999 -9999 -9999 22.40030 22.80010 22.80050 22.76230 22.73670 22.73860 22.73070 22.72390 22.62200 22.50060 22.50040 18.20560 18.20830 19.63130 21.02660 22.50110 22.60790 22.73130 19.81630 18.64150 22.62510 22.64520 22.55390 22.51300 22.51770 22.59760 22.64250 22.67820 22.54570 22.56910 22.57350 22.44680 22.73560 22.64100 22.33850 22.34130 22.61510 23.29630 23.45170 23.71500 23.59150 23.70050 23.89570 23.80120 23.81850 24.06060 23.58780 23.60930 23.58090 23.99760 23.54340 23.02890 23.65000 22.95780 22.86020 22.85700 23.47700 23.67430 23.44810 23.32990 24.63700 25.10650 23.98260 24.30970 25.62150 26.02400 26.21360 26.54660
-9999 -9999 -9999 -9999 22.66580 22.75950 22.74340 22.75820 22.74230 22.72540 22.72140 22.60000 22.50090 22.50110 -9999 -9999 -9999 -9999 -9999 20.17290 18.31350 18.25750 18.31500 22.26230 21.15630 21.82830 21.91310 22.01870 22.52220 22.51260 22.51960 22.53110 22.52610 22.41190 22.80730 22.80950 23.03920 22.43400 22.34010 22.76390 22.87670 23.24770 22.97620 23.28210 23.55200 23.48490 24.12860 24.15920 23.54060 21.03750 23.77040 23.49280 23.16880 23.28680 23.13130 23.44740 23.41450 23.21130 23.92210 23.63740 23.57950 24.16980 22.31120 23.87030 23.88360 22.45090 23.96950 23.58180 22.97650 -9999 -9999
-9999 -9999 22.30310 22.68990 22.79220 22.76450 22.75550 22.78460 22.74410 22.73200 22.72440 22.50010 22.50080 -9999 -9999 -9999 -9999 -9999 20.36890 18.29320 19.32090 22.50570 22.50290 22.51090 19.64130 18.23860 18.90360 22.50290 22.50420 22.40330 22.51880 22.50590 22.80220 22.70960 22.41190 23.01600 23.02820 22.71660 22.46970 22.45300 22.41460 22.54820 22.73760 22.87950 22.84890 22.80220 22.91170 23.00080 22.71810 19.08010 19.07840 19.06410 19.61700 19.11130 21.51780 23.15070 22.98270 23.69980 24.01830 23.29860 23.60800 23.83200 21.74370 20.20570 20.28260 20.28280 19.94750 -9999 -9999 -9999 -9999
-9999 -9999 22.71580 22.80060 22.76450 22.75300 22.84440 22.77200 22.74380 22.73650 22.50020 22.50020 22.50010 -9999 -9999 -9999 -9999 22.51650 22.57740 22.51280 22.94120 22.60630 21.50670 18.20800 19.20350 22.50160 22.50620 22.40070 22.30110 22.40120 22.40100 22.30260 22.40190 22.40580 22.81240 22.51380 22.52190 22.44730 22.52600 22.37990 22.44960 22.53560 22.65520 22.69020 23.29750 23.64050 23.56840 23.60400 23.28600 23.87170 21.57270 19.19700 19.08930 18.71850 18.60930 21.37870 22.93610 21.51650 20.88160 20.19370 19.49680 20.08700 19.90100 20.72070 22.02130 -9999 -9999 -9999 -9999 -9999 22.80440
-9999 -9999 22.51200 23.05870 22.88120 22.80920 23.06640 23.04490 22.75180 22.65530 22.50110 22.50050 22.50000 -9999 -9999 -9999 -9999 22.55830 22.54460 22.73860 21.76810 20.11070 19.60260 22.50090 22.50130 22.50240 22.40260 22.30100 22.30090 22.40120 22.40140 22.50130 22.40210 22.40690 22.40700 22.41330 22.34120 22.37170 22.43250 22.42760 22.49120 22.46490 22.51490 22.66400 22.70860 22.59080 22.84810 23.48410 23.76650 24.89230 23.46890 22.54310 21.04880 21.64940 21.27660 20.87260 21.94200 22.15700 23.12430 23.04230 18.95810 21.61800 23.00130 23.92610 24.70310 22.31280 19.37900 19.59540 19.18300 -9999 -9999
-9999 -9999 -9999 23.40130 22.89560 21.80440 21.95960 22.54350 22.60130 23.60230 25.40070 22.50010 -9999 -9999 -9999 -9999 22.51440 22.54510 22.53040 22.54150 22.63330 22.50440 22.80290 22.60120 22.50130 22.40250 22.40510 22.51110 22.40710 22.40320 22.40170 22.40130 22.40230 22.73220 23.15890 23.23090 22.73520 22.61450 22.41450 22.41320 22.44040 22.42440 22.97160 22.68420 22.17870 22.34680 20.97970 20.35960 21.05550 22.89680 22.17520 20.08890 20.22360 20.76540 21.73590 20.69150 20.55020 23.78700 24.29360 23.63410 23.49490 23.35290 24.13980 26.40800 28.36980 24.81030 19.36390 18.95600 18.77810 20.28760 -9999
-9999 -9999 -9999 -9999 22.64830 21.00590 22.38620 22.50640 22.50710 22.50030 22.50020 -9999 -9999 -9999 -9999 22.51870 22.62920 22.64630 22.26070 22.87340 22.95330 23.17580 23.32990 22.71910 22.30210 22.72240 23.31260 22.77180 23.30160 22.83420 22.83310 23.01680 23.12340 23.17830 23.18770 22.62010 22.41480 22.31440 22.41980 22.41800 22.43420 22.42420 22.44810 22.48740 22.41550 23.35440 23.65130 22.12500 21.53000 20.79080 23.13950 19.03560 19.41510 21.17450 20.09780 19.51890 20.24890 20.89430 21.35380 23.83050 24.70380 25.35410 25.95610 26.19320 26.72340 24.64830 19.24730 18.74570 18.73480 18.47630 18.50140
-9999 -9999 -9999 -9999 -9999 -9999 22.60670 22.69810 22.70330 22.71380 23.12220 -9999 -9999 -9999 -9999 -9999 22.99170 23.17850 22.68720 23.45490 23.35930 22.94580 22.61940 22.52180 23.10730 23.32560 21.31610 19.48110 19.47380 20.19300 22.45810 23.23510 22.90730 23.22290 23.13430 23.41930 22.62300 22.33240 22.41840 22.43000 22.43400 22.47840 22.49540 22.49430 22.90400 23.18710 23.78570 23.32810 21.99720 18.83220 18.90880 19.56460 23.40690 24.50290 23.88060 24.97730 20.21820 21.39450 22.93340 26.36820 27.83860 27.95900 28.45840 31.25460 30.68910 28.64000 20.77340 18.84360 18.62290 20.94100 22.36920
-9999 -9999 -9999 -9999 -9999 -9999 -9999 -9999 -9999 -9999 -9999 -9999 -9999 -9999 -9999 -9999 -9999 -9999 -9999 23.41790 22.62540 21.30460 22.85910 23.04710 21.94020 21.83440 20.96490 20.84730 21.43980 22.91040 23.36630 22.80640 22.50110 22.61590 23.16310 23.05540 22.41670 22.44550 22.45070 22.49580 22.42740 22.49720 22.55120 22.55910 22.44870 23.09950 23.13840 23.52710 22.54300 23.20290 23.45780 22.19860 20.73330 21.09460 20.24070 20.05760 26.74820 25.09660 27.81080 28.14150 26.50540 24.78140 30.61960 33.07510 32.77590 25.25880 19.94050 18.67340 18.51640 18.74300 22.28540
-9999 -9999 -9999 -9999 -9999 -9999 -9999 -9999 -9999 -9999 -9999 -9999 -9999 -9999 -9999 -9999 -9999 -9999 23.16950 21.65590 21.74140 23.25390 23.26470 23.26300 22.10510 21.40080 21.11240 21.53000 23.11090 23.22830 23.22640 23.24660 23.33710 23.23970 22.81180 22.37750 22.33180 22.45490 22.36560 22.47910 22.40930 22.42640 22.44820 22.67840 23.09600 24.02230 23.28000 23.10090 22.90970 22.30200 22.41660 23.55020 23.47650 23.88420 20.92540 21.75830 25.30420 27.29990 25.13530 28.80300 25.31680 23.83290 29.08800 30.00550 26.95170 25.07020 24.73600 19.10820 19.73890 18.82060 21.10220
-9999 -9999 -9999 -9999 -9999 -9999 -9999 -9999 -9999 -9999 -9999 -9999 -9999 -9999 -9999 -9999 -9999 23.44820 22.30180 23.20940 23.32620 23.17420 22.60950 22.10180 22.20010 22.50000 21.11640 21.21550 22.13740 22.02980 22.34220 21.63520 21.71950 21.95540 21.52200 22.00980 22.48990 22.47720 22.47190 22.45360 23.13690 23.32780 23.29850 23.66240 23.32410 23.34300 23.88960 23.03550 23.34300 22.31220 21.34000 19.55280 22.99020 24.06870 24.42690 24.60320 27.15110 28.71940 29.60480 30.71420 27.38330 25.51140 30.22480 29.54190 31.11290 28.40240 26.24920 24.39070 22.33930 22.10870 25.81870
-9999 -9999 -9999 -9999 -9999 -9999 -9999 -9999 -9999 -9999 -9999 -9999 -9999 -9999 -9999 -9999 -9999 22.76080 23.37800 23.58420 22.93920 21.66280 22.21730 22.50000 23.30000 24.60890 23.70430 23.90090 22.40030 22.23070 20.74460 20.60590 21.11410 21.92950 21.19840 20.94060 21.64540 22.37360 22.43110 22.48320 23.36650 23.34040 23.65220 23.22780 23.46670 23.39580 23.56770 23.10190 23.30200 23.24510 20.05070 19.25700 19.63860 21.01880 24.34050 25.57530 29.79350 30.26890 29.99390 29.16830 31.67160 32.07930 32.05910 31.33130 31.88870 31.11540 29.15360 27.53000 24.52350 24.49650 24.77640
-9999 -9999 -9999 -9999 -9999 -9999 -9999 -9999 -9999 -9999 -9999 -9999 -9999 -9999 -9999 -9999 22.70110 22.70950 23.53620 22.62640 21.58920 23.10030 23.90000 24.30000 24.60000 24.30840 24.30780 24.70060 24.10050 23.00050 22.80050 23.20000 23.31180 20.91930 20.53260 20.69630 21.97050 22.53410 22.41700 22.54870 23.42420 23.34310 23.57620 23.52350 23.20070 23.41400 23.75320 23.10510 23.10360 23.63240 21.16680 20.52950 20.58010 21.68250 24.37820 26.01180 26.82180 30.37950 26.09560 30.49530 30.78450 31.67420 32.37830 31.90480 30.56940 27.42370 25.81180 26.07490 26.63300 26.03190 26.88420
-9999 -9999 -9999 -9999 -9999 -9999 -9999 -9999 -9999 -9999 -9999 -9999 -9999 23.70780 23.52630 23.02370 23.04840 22.81810 22.43010 21.95420 23.40520 24.44490 24.41610 23.90010 24.40020 24.70160 24.70160 24.70000 24.70000 24.70000 23.00470 22.51770 23.90000 23.30000 21.50490 20.40240 21.60870 22.01200 22.30040 23.20060 23.10050 23.09960 23.07920 23.10020 22.66130 22.23620 22.76740 22.28060 22.29320 23.01550 23.15380 23.33460 23.41080 23.40220 22.71160 19.63820 22.41120 24.03110 21.73450 23.29330 25.22280 25.55520 27.06690 27.65010 27.61620 27.67640 24.68510 28.61920 26.78970 29.60020 31.08700
-9999 -9999 -9999 -9999 -9999 -9999 -9999 -9999 -9999 -9999 -9999 -9999 23.60880 23.43990 22.55430 22.73500 23.28640 23.36720 23.86480 23.60540 22.90390 21.81020 21.90230 22.80000 24.00010 23.60040 23.70030 24.20000 22.30080 23.00280 21.40020 22.90160 23.10280 23.80660 22.50730 20.50230 22.20000 22.30000 22.70020 23.10020 23.10030 23.10030 22.96700 22.55130 21.91400 22.21800 22.93190 22.26110 21.98170 21.66110 23.37500 23.21070 23.72890 23.32500 23.54060 23.29780 23.75350 19.48030 21.75690 22.16300 24.70780 23.33090 22.54490 26.09950 27.47710 28.25320 28.53280 27.39280 29.03810 31.97160 35.44960
-9999 -9999 -9999 -9999 -9999 -9999 -9999 -9999 -9999 -9999 -9999 23.37730 23.42700 22.99410 23.44440 23.80820 23.50280 22.30350 21.50390 21.60460 21.30150 21.40010 21.30010 21.10020 21.10000 21.10000 20.91470 23.00440 22.80180 22.60540 21.50040 23.00000 24.20000 23.80000 22.70000 21.80380 22.30000 22.40000 22.80010 23.10020 23.10010 22.75690 22.22850 21.90940 21.70670 21.81530 21.71830 21.83040 21.94940 22.29200 22.69280 23.21910 23.21060 23.73790 23.29450 23.30200 23.84180 23.40750 18.84890 19.64710 20.09250 22.93930 21.73910 24.01640 27.48050 26.47240 26.30270 29.77110 32.75430 35.66820 38.67500
-9999 -9999 -9999 -9999 -9999 -9999 -9999 -9999 -9999 -9999 23.62150 22.66550 23.81400 23.30700 22.90550 21.90120 21.40070 21.10110 21.10110 21.10120 21.10050 21.10000 21.10000 21.10010 21.10000 21.10000 21.10000 21.40520 20.70160 21.10000 21.10000 23.70000 23.40000 20.30530 20.20130 21.60440 22.30000 22.40010 23.00020 23.10010 22.74350 21.81470 21.50400 21.20220 20.50340 21.32060 21.82460 21.52680 21.96800 22.11380 22.65370 23.09220 23.92340 23.15710 23.23950 23.25360 22.88380 20.54420 19.45760 23.01960 23.33780 22.90040 22.10070 25.33410 26.19930 26.36900 25.92570 33.29100 35.86740 38.61530 39.29230
-9999 -9999 -9999 -9999 -9999 -9999 -9999 -9999 -9999 22.00020 21.20010 21.10030 22.20050 21.40190 21.70110 21.10010 21.10000 21.10010 21.10010 21.10000 21.30000 21.10000 21.80000 21.80000 21.30000 21.10000 21.10000 21.70000 21.10000 21.70000 21.90000 21.50000 24.50000 24.70000 20.60200 22.11320 22.30020 22.80020 23.00010 22.46050 20.30670 21.10320 21.10600 20.63690 19.50230 20.10090 21.31320 22.01470 21.63640 22.00900 22.46060 24.50700 23.60910 26.25470 24.84170 23.05760 22.76180 22.86410 22.85330 23.10080 23.34140 23.07480 22.33590 24.56380 24.59360 25.27170 26.74750 36.55020 40.05350 42.99010 42.09190
-9999 -9999 -9999 -9999 -9999 -9999 -9999 -9999 -9999 -9999 22.40000 21.40010 21.40010 21.10070 21.10030 21.10000 21.10000 21.10000 21.10000 21.50000 22.00000 21.30000 21.70000 -9999 -9999 -9999 -9999 -9999 -9999 23.90000 25.40000 24.50000 24.00000 24.30000 22.70000 22.21110 22.22410 23.00000 23.10000 22.95390 20.81050 21.41530 22.33240 20.07180 19.63080 19.89120 20.53830 21.80400 22.29400 22.48560 23.33480 23.23570 23.44200 24.14980 24.64780 22.92760 22.69560 22.71080 22.54450 23.19650 22.95070 22.24260 23.60900 19.20560 24.26120 25.66870 27.94860 37.08790 41.14000 42.35890 43.09350
-9999 -9999 -9999 -9999 -9999 -9999 -9999 -9999 -9999 -9999 -9999 -9999 21.70000 21.10020 21.10010 21.10000 21.10000 21.10000 21.40000 -9999 -9999 -9999 -9999 -9999 -9999 -9999 -9999 -9999 -9999 -9999 -9999 -9999 -9999 24.80000 22.90360 21.90600 20.60440 21.70820 23.40000 25.10010 21.92380 20.71140 21.83850 21.01850 19.92000 19.77290 20.04420 20.84160 21.70210 21.66370 21.88270 24.15200 24.28160 24.57690 23.22330 22.71730 22.92120 22.99490 23.01850 23.16030 22.61090 21.53140 23.32030 23.55240 24.34980 26.04880 29.46270 38.13320 39.02590 39.36410 38.65600
-9999 -9999 -9999 -9999 -9999 -9999 -9999 -9999 -9999 -9999 -9999 -9999 -9999 -9999 -9999 -9999 -9999 -9999 -9999 -9999 -9999 -9999 -9999 -9999 -9999 -9999 -9999 -9999 -9999 -9999 -9999 -9999 -9999 -9999 22.30410 20.50210 20.70240 20.30250 22.90000 21.41190 22.11410 21.40830 21.13640 21.99030 20.19950 20.54070 21.24260 21.63470 22.23200 22.05170 22.54010 24.06210 22.94490 23.77830 23.88300 23.18380 23.00120 23.03620 22.98230 22.84340 21.15750 23.22680 23.31490 23.58060 24.17290 25.49570 29.00900 37.38780 38.50040 38.27670 37.55380
-9999 -9999 -9999 -9999 -9999 -9999 -9999 -9999 -9999 -9999 -9999 -9999 -9999 -9999 -9999 -9999 -9999 -9999 -9999 -9999 -9999 -9999 -9999 -9999 -9999 -9999 -9999 -9999 -9999 -9999 -9999 -9999 -9999 -9999 21.90880 20.30560 20.40750 23.03260 25.10010 19.80340 20.00200 20.12710 19.90870 20.00800 22.35380 21.31480 21.22250 21.63260 21.86810 21.98340 22.25150 21.89330 23.22030 23.75900 23.86470 23.35380 23.08490 22.99920 23.02340 23.11350 20.66830 18.72190 20.91690 23.64010 24.44300 29.16240 29.19000 31.26970 32.66330 30.97540 -9999
-9999 -9999 -9999 -9999 -9999 -9999 -9999 -9999 -9999 -9999 -9999 -9999 -9999 -9999 -9999 -9999 -9999 -9999 -9999 -9999 -9999 -9999 -9999 -9999 -9999 -9999 -9999 -9999 -9999 -9999 -9999 -9999 -9999 -9999 -9999 -9999 -9999 -9999 21.11000 19.80370 19.40160 19.30360 19.87070 19.98490 20.70560 21.82140 22.35140 21.74000 21.85690 22.19160 21.76800 22.43300 22.45630 23.55110 23.66510 23.01590 23.12640 23.12650 23.31970 20.68420 18.72330 22.73760 23.49480 24.29650 26.99700 29.58830 30.41980 29.29390 29.32300 -9999 -9999
