data/hydroclimate-scenarios/BCSD_hadcm_B1/monthly_summaries/soilm2_monthly_day1_oct.2070-2099.asc
ncols	311
nrows	91
xllcenter	102.75
yllcenter	31.75
cellsize	0.5
NODATA_value	-9999
[rows 0 to 30 of 91, columns 210 to 279 of 311]
-9999 -9999 -9999 -9999 -9999 -9999 -9999 -9999 -9999 -9999 -9999 -9999 -9999 -9999 -9999 -9999 -9999 -9999 -9999 -9999 -9999 -9999 -9999 -9999 -9999 -9999 -9999 -9999 -9999 -9999 -9999 -9999 -9999 -9999 -9999 -9999 -9999 -9999 -9999 -9999 -9999 -9999 -9999 -9999 -9999 -9999 -9999 -9999 -9999 -9999 -9999 -9999 -9999 -9999 -9999 -9999 -9999 -9999 -9999 -9999 -9999 -9999 -9999 -9999 -9999 -9999 -9999 -9999 -9999 -9999
-9999 -9999 -9999 -9999 -9999 -9999 -9999 -9999 -9999 -9999 -9999 -9999 -9999 -9999 -9999 -9999 -9999 -9999 -9999 -9999 -9999 -9999 -9999 -9999 -9999 -9999 -9999 -9999 -9999 -9999 -9999 -9999 -9999 -9999 -9999 -9999 -9999 -9999 -9999 -9999 -9999 -9999 -9999 -9999 -9999 -9999 -9999 -9999 -9999 -9999 -9999 -9999 -9999 -9999 -9999 -9999 -9999 -9999 -9999 -9999 -9999 -9999 -9999 -9999 -9999 -9999 -9999 -9999 -9999 -9999
-9999 -9999 -9999 -9999 -9999 -9999 -9999 -9999 -9999 -9999 -9999 -9999 -9999 -9999 -9999 -9999 -9999 -9999 -9999 -9999 -9999 -9999 -9999 -9999 -9999 -9999 -9999 -9999 -9999 -9999 -9999 -9999 -9999 -9999 -9999 -9999 -9999 -9999 -9999 -9999 -9999 -9999 -9999 -9999 -9999 -9999 -9999 -9999 -9999 -9999 -9999 -9999 -9999 -9999 -9999 -9999 -9999 -9999 -9999 -9999 -9999 -9999 -9999 -9999 -9999 -9999 -9999 -9999 -9999 -9999
-9999 -9999 -9999 -9999 -9999 -9999 -9999 -9999 -9999 -9999 -9999 -9999 -9999 -9999 -9999 -9999 -9999 -9999 -9999 -9999 -9999 -9999 -9999 -9999 -9999 -9999 -9999 -9999 -9999 -9999 -9999 -9999 -9999 -9999 -9999 -9999 -9999 -9999 -9999 -9999 -9999 -9999 -9999 -9999 -9999 -9999 -9999 -9999 -9999 -9999 -9999 -9999 -9999 -9999 -9999 -9999 -9999 -9999 -9999 -9999 -9999 -9999 -9999 -9999 -9999 -9999 -9999 -9999 -9999 -9999
-9999 -9999 -9999 -9999 -9999 -9999 -9999 -9999 -9999 -9999 -9999 -9999 -9999 -9999 -9999 -9999 -9999 -9999 -9999 -9999 -9999 -9999 -9999 -9999 -9999 -9999 -9999 -9999 -9999 -9999 -9999 -9999 -9999 -9999 -9999 -9999 -9999 -9999 -9999 -9999 -9999 -9999 -9999 -9999 -9999 -9999 -9999 -9999 -9999 -9999 -9999 -9999 -9999 -9999 -9999 -9999 -9999 -9999 -9999 -9999 -9999 -9999 -9999 -9999 -9999 -9999 -9999 -9999 -9999 -9999
-9999 -9999 -9999 -9999 -9999 -9999 -9999 -9999 -9999 -9999 -9999 -9999 -9999 -9999 -9999 -9999 -9999 -9999 -9999 -9999 -9999 -9999 -9999 -9999 -9999 -9999 -9999 -9999 -9999 -9999 -9999 -9999 -9999 -9999 -9999 -9999 -9999 -9999 -9999 -9999 -9999 -9999 -9999 -9999 -9999 -9999 -9999 -9999 -9999 -9999 -9999 -9999 -9999 -9999 -9999 -9999 -9999 -9999 -9999 -9999 -9999 -9999 -9999 -9999 -9999 -9999 -9999 -9999 -9999 -9999
-9999 -9999 -9999 -9999 -9999 -9999 -9999 -9999 -9999 -9999 -9999 -9999 -9999 -9999 -9999 -9999 -9999 -9999 -9999 -9999 -9999 -9999 -9999 -9999 -9999 -9999 -9999 -9999 -9999 -9999 -9999 -9999 -9999 -9999 -9999 -9999 -9999 -9999 -9999 -9999 -9999 -9999 -9999 -9999 -9999 -9999 -9999 -9999 -9999 -9999 -9999 -9999 -9999 -9999 -9999 -9999 -9999 -9999 -9999 -9999 -9999 -9999 -9999 -9999 -9999 -9999 -9999 -9999 -9999 -9999
-9999 -9999 -9999 -9999 -9999 -9999 -9999 -9999 -9999 -9999 -9999 -9999 -9999 -9999 -9999 -9999 -9999 -9999 -9999 -9999 -9999 -9999 -9999 -9999 -9999 -9999 -9999 -9999 -9999 -9999 -9999 -9999 -9999 -9999 -9999 -9999 -9999 -9999 -9999 -9999 -9999 -9999 -9999 -9999 -9999 -9999 -9999 -9999 -9999 -9999 -9999 -9999 -9999 -9999 -9999 -9999 -9999 -9999 -9999 -9999 -9999 -9999 -9999 -9999 -9999 -9999 -9999 -9999 -9999 -9999
-9999 -9999 -9999 -9999 -9999 -9999 -9999 -9999 -9999 -9999 -9999 -9999 -9999 -9999 -9999 -9999 -9999 -9999 -9999 -9999 -9999 -9999 -9999 -9999 -9999 -9999 -9999 -9999 -9999 -9999 -9999 -9999 -9999 -9999 -9999 -9999 -9999 -9999 -9999 -9999 -9999 -9999 -9999 -9999 -9999 -9999 -9999 -9999 -9999 -9999 -9999 -9999 -9999 -9999 -9999 -9999 -9999 -9999 -9999 -9999 -9999 -9999 -9999 -9999 -9999 -9999 -9999 -9999 -9999 -9999
-9999 -9999 -9999 -9999 -9999 -9999 -9999 -9999 -9999 -9999 -9999 -9999 -9999 -9999 -9999 -9999 -9999 -9999 -9999 -9999 -9999 -9999 -9999 -9999 -9999 -9999 -9999 -9999 -9999 -9999 -9999 -9999 -9999 -9999 -9999 -9999 -9999 -9999 -9999 -9999 -9999 -9999 -9999 -9999 -9999 -9999 -9999 -9999 -9999 -9999 -9999 -9999 -9999 -9999 -9999 -9999 -9999 -9999 -9999 -9999 -9999 -9999 -9999 -9999 -9999 -9999 -9999 -9999 -9999 -9999
-9999 -9999 -9999 -9999 -9999 -9999 -9999 -9999 -9999 -9999 -9999 -9999 -9999 -9999 -9999 -9999 -9999 -9999 -9999 -9999 -9999 -9999 -9999 -9999 -9999 -9999 -9999 -9999 -9999 -9999 -9999 -9999 -9999 -9999 -9999 -9999 -9999 -9999 -9999 -9999 -9999 -9999 -9999 -9999 -9999 -9999 -9999 -9999 -9999 -9999 -9999 -9999 -9999 -9999 -9999 -9999 -9999 -9999 -9999 -9999 -9999 -9999 -9999 -9999 -9999 -9999 -9999 -9999 -9999 -9999
-9999 -9999 -9999 -9999 -9999 -9999 -9999 -9999 -9999 -9999 -9999 -9999 -9999 -9999 -9999 -9999 -9999 -9999 -9999 -9999 -9999 -9999 -9999 -9999 -9999 -9999 -9999 -9999 -9999 -9999 -9999 -9999 -9999 -9999 -9999 -9999 -9999 -9999 -9999 -9999 -9999 -9999 -9999 -9999 -9999 -9999 -9999 -9999 -9999 -9999 -9999 -9999 -9999 -9999 -9999 -9999 -9999 -9999 -9999 -9999 -9999 -9999 -9999 -9999 -9999 -9999 -9999 -9999 -9999 -9999
-9999 -9999 -9999 -9999 -9999 -9999 -9999 -9999 -9999 -9999 -9999 -9999 -9999 -9999 -9999 -9999 -9999 -9999 -9999 -9999 -9999 -9999 -9999 -9999 -9999 -9999 -9999 -9999 -9999 -9999 -9999 -9999 -9999 -9999 -9999 -9999 -9999 -9999 -9999 -9999 -9999 -9999 -9999 -9999 -9999 -9999 -9999 -9999 -9999 -9999 -9999 -9999 -9999 -9999 -9999 -9999 -9999 -9999 -9999 -9999 -9999 -9999 -9999 -9999 -9999 -9999 -9999 -9999 -9999 -9999
85.28750 87.54760 90.17880 92.41550 91.78820 90.83200 90.78430 87.01450 87.56010 -9999 -9999 -9999 -9999 -9999 -9999 -9999 -9999 -9999 -9999 -9999 -9999 -9999 -9999 -9999 -9999 -9999 -9999 -9999 -9999 -9999 -9999 -9999 -9999 -9999 -9999 -9999 -9999 -9999 -9999 -9999 -9999 -9999 -9999 -9999 -9999 -9999 -9999 -9999 -9999 -9999 85.54390 -9999 -9999 -9999 -9999 -9999 -9999 -9999 -9999 -9999 -9999 -9999 -9999 -9999 -9999 -9999 -9999 -9999 -9999 -9999
82.21940 81.90680 81.84060 83.19180 84.51190 86.57830 87.36570 88.52520 87.94650 81.14540 78.64280 77.70830 80.91340 76.18730 81.14230 81.55430 89.26020 89.33160 87.66480 88.21600 85.12310 120.14700 -9999 -9999 -9999 -9999 -9999 -9999 -9999 -9999 -9999 -9999 -9999 -9999 -9999 -9999 -9999 -9999 -9999 -9999 -9999 -9999 -9999 -9999 -9999 75.48380 73.49960 54.21710 54.32150 60.08760 63.15780 74.56370 -9999 -9999 -9999 85.45040 -9999 -9999 -9999 84.98270 89.10870 91.73940 -9999 -9999 -9999 -9999 -9999 -9999 -9999 -9999
83.22720 81.31040 80.37890 79.86900 78.97660 75.29020 75.53890 74.82780 75.07570 71.78400 73.80530 77.49380 83.32870 83.66890 99.22780 99.19830 106.01700 109.91800 102.65200 96.67350 94.95060 81.97180 80.43640 78.71030 79.48970 87.34810 91.07440 82.82260 -9999 -9999 -9999 -9999 -9999 90.30060 88.02720 87.34650 86.42830 83.25570 82.66520 78.12630 61.25340 61.81930 59.51520 57.03030 57.83970 52.65760 53.01350 55.49330 55.89220 68.60240 75.07850 77.72220 80.91200 83.13340 85.53020 86.73240 87.69570 86.69350 87.68900 90.81120 96.64840 105.46000 104.58700 100.97500 95.56520 96.39910 91.35490 -9999 -9999 -9999
77.47710 78.26370 79.66760 79.67310 83.26640 89.77950 96.34250 90.81910 94.73190 98.37480 114.18400 121.12100 122.46700 122.18000 177.02600 163.79300 183.01801 161.92999 163.75999 137.78101 92.11400 83.90750 80.51990 84.74880 81.30100 105.14400 94.69830 91.15720 92.15650 91.81340 74.98680 69.08160 66.27540 62.27310 85.90320 85.27430 87.08080 65.89100 63.50480 62.51780 59.97650 60.46680 59.35330 59.77180 59.99450 60.18310 62.49030 65.27050 63.41540 68.56100 70.56320 72.50420 75.34190 80.77230 84.50120 87.76410 88.66720 88.97700 89.02170 86.75490 87.78770 88.68700 89.02670 88.92070 90.15770 95.95430 100.72900 99.72480 98.12240 94.21630
162.94901 109.06700 116.36400 122.95900 121.32100 127.34400 121.99400 125.70000 190.58200 176.01601 157.94501 150.44299 128.05901 114.01000 111.24600 119.91800 111.03200 106.91300 105.52200 108.38500 106.61300 129.37100 128.53101 129.74600 139.63901 148.29401 138.90601 96.12390 99.52350 92.47600 111.06800 71.87500 70.83540 62.22270 80.37880 82.53760 80.95020 59.97690 60.36660 62.56400 63.67300 63.03340 60.67200 61.02930 61.95980 61.18300 60.04070 60.80490 61.13270 63.16730 65.17650 68.00700 68.65400 72.81160 74.93310 78.52740 85.03020 84.01330 84.61240 83.82800 83.37050 85.44390 84.96730 84.89300 85.44640 94.62660 96.85120 92.40630 92.82270 92.70290
151.03900 174.51100 181.99300 182.37100 183.22900 163.71201 175.67700 177.49400 140.03700 128.07201 113.04600 109.76600 111.57200 112.83800 113.41400 105.06500 113.25900 109.99700 117.14700 115.32000 111.60200 126.89800 119.03100 136.99800 149.64700 157.23199 110.69800 90.64930 90.90050 122.97000 138.53600 130.70200 73.63140 61.91430 61.97530 62.62390 61.92840 60.97120 60.48440 60.62560 63.29920 62.33770 62.92060 60.89070 63.14930 65.26660 66.31020 66.56030 68.93340 69.24170 67.76690 69.32370 69.86080 69.86500 71.59930 73.72080 73.96230 76.70200 81.11000 80.87190 82.49260 81.98980 81.63760 80.69840 88.05590 102.16900 107.30300 108.02000 109.04700 90.69930
160.39600 169.72900 179.87601 178.30701 193.02600 200.79900 176.31400 164.04601 155.13000 131.90601 132.50600 126.12800 116.69500 112.70500 109.85900 110.54500 108.60200 112.54900 112.83000 109.95800 111.93200 146.94000 146.26700 140.69600 150.12000 135.19901 113.01600 88.83490 88.34270 88.00080 90.41330 117.83500 104.03100 61.75310 58.15260 59.58010 78.96710 118.97000 119.22100 117.83000 117.92900 117.33900 117.97800 119.40200 119.11100 121.66600 121.25700 118.86400 119.94600 117.97900 118.52100 119.46300 120.47500 121.50400 89.61750 90.32890 91.91120 75.73380 73.49320 80.25140 82.17820 85.77960 96.82350 98.41100 125.10300 126.19500 125.81000 127.98700 128.74100 128.04601
163.94800 152.13400 158.25200 185.39500 218.17599 218.15900 181.56799 147.26401 131.81400 121.03200 116.11200 108.15000 105.43200 109.14500 108.89300 109.06200 108.92300 105.69900 112.89600 118.16400 119.95100 131.25600 127.13300 116.97500 118.74100 120.44400 116.09600 83.92120 86.83940 85.85790 85.01180 81.47280 85.84020 58.36020 56.58240 60.49150 58.81140 58.43810 56.63640 56.12320 60.06170 76.07350 76.71010 118.80400 118.57800 119.19200 118.60100 116.93600 117.19300 117.90300 117.59900 118.17400 118.34300 120.79900 120.37400 118.37900 118.02100 118.90700 118.54600 118.60200 119.10800 120.13100 119.25600 91.50510 123.64500 119.76500 121.37700 123.77600 124.81100 99.09720
144.51401 150.12000 172.95399 178.06300 156.95900 136.80499 115.73500 112.97100 112.74100 108.71600 109.91200 110.64200 108.08200 108.93700 106.68100 106.42200 105.74100 107.68800 107.96100 111.30400 112.64400 134.43300 133.37500 113.73100 112.38600 105.59700 106.60900 107.33000 111.06600 81.53760 80.86060 79.09880 79.92520 58.00230 55.13930 56.00620 58.13560 58.34060 57.24430 56.21700 55.92160 56.26200 56.44430 59.18950 77.20110 117.86500 116.99800 115.90800 84.65780 76.91850 78.20190 117.33600 118.08500 119.96800 118.45100 116.62100 116.43100 117.80900 117.56700 115.90200 115.85000 116.77600 118.80700 132.36700 119.58000 118.23600 119.55900 121.57900 120.06400 88.14540
186.98599 194.69701 190.87900 164.88901 130.50101 119.56300 122.20600 136.16000 161.58099 191.14000 199.19200 185.90900 159.83000 144.25200 131.88300 120.76200 107.20200 114.15800 117.48500 128.77901 119.85100 141.36800 138.06599 105.77600 102.75400 102.41900 103.76200 102.54500 76.15450 76.27610 77.47540 74.85250 76.23490 54.21070 55.49320 54.49690 54.43940 75.89640 74.43990 73.94740 74.64690 76.27630 59.51990 54.83890 55.17740 77.92700 85.82840 116.64800 116.92900 116.03200 116.03500 116.75000 117.22800 80.85560 80.59080 116.94900 117.71800 115.94800 115.24800 116.98800 119.19500 116.74400 120.93400 122.79400 115.81300 115.84300 116.34600 115.35200 115.23700 86.09400
161.20500 171.30499 164.06200 159.34900 156.52200 163.35400 154.16600 139.50500 159.97301 182.27299 182.08000 178.32899 177.08900 179.78500 181.27400 164.37801 149.79100 144.90300 128.42999 115.02200 115.21800 145.01801 143.14200 123.14100 102.94800 71.95470 72.92580 72.56040 72.65440 76.12170 77.80330 80.24750 80.07460 80.20830 77.03530 77.45060 78.71340 82.55420 84.78410 86.05980 87.20590 83.55280 83.01140 86.54440 86.41430 82.98940 83.01200 81.67290 82.27260 80.49650 80.87140 93.18700 119.35400 118.44800 117.40800 114.42100 75.67770 113.30900 114.24800 115.94800 131.29700 115.80600 117.34300 115.59400 113.56200 114.02000 114.59800 113.84100 114.07000 81.90590
152.71600 146.84200 148.73399 142.66400 145.24800 155.29401 153.57800 142.55400 136.06400 124.83900 130.51500 163.56900 167.12900 178.08800 177.39900 191.76900 189.17599 184.17500 171.49300 151.43500 117.22900 115.95900 139.72099 131.72600 159.01100 158.48100 158.84100 70.69110 70.42760 70.82230 71.07810 75.14140 77.19150 75.31960 79.85800 78.86210 82.16980 81.37930 86.23720 88.58820 92.65610 95.61130 93.03560 101.49500 100.01300 96.74940 95.16730 95.34750 95.58340 91.40000 91.01380 82.98910 81.52270 83.41160 86.45340 115.66000 112.63900 74.87770 111.50300 112.42000 113.81900 112.14100 111.96300 112.83900 113.15500 111.67100 111.05100 111.08100 111.35600 112.95400
119.64500 120.82900 144.39000 138.01900 137.33900 126.04200 127.56800 150.14600 134.67400 140.84300 139.69200 136.80701 131.71201 139.65300 144.25999 157.49500 172.92500 188.90500 140.50999 120.49700 115.56700 118.13800 115.16100 111.65900 114.55600 106.52100 110.69800 108.05000 156.47000 106.67400 100.96100 73.00080 105.41100 105.88100 106.15100 106.24800 106.97300 106.56500 108.80200 75.48420 83.94810 131.32300 145.30499 97.73250 98.84790 93.24350 94.90110 92.46050 94.97400 94.23500 86.82690 86.74490 81.98600 81.17230 80.12060 78.11620 114.94200 111.26300 73.00630 112.19500 111.51900 110.76800 110.86600 111.51200 111.53200 110.14800 109.55200 109.77500 110.19500 111.62700
145.16200 146.86400 162.16800 171.06100 171.50400 176.80200 185.42000 171.53999 225.56300 231.13901 226.85001 212.36099 227.87700 216.97099 215.18401 186.65700 143.31900 146.77100 128.08701 115.76700 106.30400 124.07000 112.21600 112.76200 111.98700 112.22600 112.70800 107.71600 107.05900 107.33400 108.68400 110.67600 110.58600 104.34500 105.82400 104.94500 105.68400 107.37800 107.46100 108.42600 114.09900 122.40400 130.83701 134.86600 132.08299 95.91740 100.58900 102.09400 98.18580 93.88140 96.43730 89.18400 83.00370 80.56900 80.01010 75.63710 74.74410 111.88500 73.36280 111.62400 111.54400 110.88900 111.30200 110.84800 111.06200 111.16900 111.06600 110.56900 110.34000 109.77500
118.62900 182.39799 194.36301 195.44701 135.32500 139.87900 157.15199 224.77100 221.67200 155.03999 160.62900 160.28000 161.38600 230.26199 155.63300 183.62300 230.03101 223.03799 157.06500 114.08700 113.53000 127.87200 127.90000 123.25600 127.16700 122.56400 123.34600 108.25800 103.59300 102.57900 102.30000 103.53800 103.69500 104.91400 103.44100 103.60800 103.63300 105.69700 107.49100 108.65000 109.54700 112.71900 115.60100 113.10400 119.55800 95.99210 97.57880 98.20990 104.14500 109.36300 104.73000 90.48110 90.11540 87.01010 81.63870 79.80760 77.16970 112.87000 73.84100 72.21250 111.33500 111.16400 110.80000 111.16200 111.67700 111.20200 110.55400 109.95900 109.90400 108.87600
131.81500 137.67000 138.16000 143.55200 143.50500 140.53700 139.45700 132.56000 132.88000 134.85899 125.21500 122.47100 121.89900 123.03400 123.42900 104.57600 121.65600 113.54500 174.25101 151.67200 108.21200 133.89000 128.43100 128.34900 136.82899 136.08299 121.52100 105.45000 104.26800 104.47200 104.25500 105.45100 106.25700 106.43900 105.87000 105.40200 105.22300 104.96000 103.81200 107.50100 111.25900 111.93900 114.63400 116.85100 117.12400 85.81590 98.08930 102.92600 105.75300 113.59000 116.10900 104.54500 112.14700 99.18590 95.64600 83.43420 78.47230 113.59700 76.52410 74.28450 112.71000 110.78600 110.20500 75.86290 74.89640 75.73660 74.98580 75.68960 110.41000 108.98300
132.00800 129.23599 129.92200 137.09900 129.17700 139.85001 139.46800 139.35001 135.88000 131.60699 119.55000 90.64780 96.96190 86.35480 86.66880 140.77100 157.67101 155.07800 194.45300 192.11301 178.75900 177.96400 168.00700 154.73000 167.09900 160.05701 132.39101 111.32700 105.98300 104.54600 100.74200 101.83700 105.61500 104.74200 104.36400 104.29700 105.03900 104.67600 105.44500 106.73800 108.59800 112.40100 113.15100 113.25600 116.45600 114.35200 100.48600 100.78000 113.03400 111.18600 111.90200 113.16800 111.51700 104.83000 95.10740 87.63740 86.82720 83.82520 82.47360 118.22000 115.95700 111.89100 111.03700 111.55900 110.66000 111.03800 111.17200 77.98670 76.78450 109.19100
138.59500 137.11900 132.98300 126.20400 114.65800 123.31600 133.92200 131.85500 126.65200 132.32001 135.82800 132.26300 119.39000 96.07360 81.26550 109.71000 143.12500 204.84700 218.93300 200.91299 171.60899 194.65300 192.05099 182.63300 182.30901 158.65300 139.01199 127.23200 116.91000 107.77200 106.97000 106.24100 108.11400 107.57600 107.76900 105.76300 104.65200 106.67900 109.16700 107.77300 110.02300 112.74000 113.15800 112.93300 88.18820 94.56280 94.46630 98.23100 106.08300 107.17200 99.65310 93.59690 91.82100 95.64640 95.24400 95.73490 93.65020 96.08140 85.01330 118.26000 117.42000 115.82800 113.74800 114.74100 113.26700 112.26000 110.49800 109.61900 109.19000 109.81600
